qid	geni_id
Q1000005	6000000173769890893
Q1000051	6000000036139608413
Q1000203	6000000017103759283
Q100029	6000000011858732984
Q100032165	6000000012977327746
Q1000392	6000000018580358819
Q1000401	6000000035281663631
Q1000405	6000000019984278007
Q1000498	6000000138592610932
Q1000508	6000000010120115454
Q1000555	6000000111898079258
Q1000574	6000000020270746262
Q1000579	6000000013715416024
Q1000596	6000000040173342920
Q1000637	6000000006379760066
Q1000690	6000000174246328195
Q1000731	6000000068777933821
Q100082630	6000000027871524406
Q1000874	6000000007179405769
Q100088169	6000000023159886878
Q1000922	6000000025786664022
Q1000924	6000000017853271833
Q1000929	6000000016239512686
Q1000934	6000000059533845972
Q1000935	6000000010687370418
Q1000937	6000000010351317307
Q1000939	6000000011087490240
Q1000941	6000000010687502331
Q1000942	6000000010687123533
Q1000945	6000000024362694423
Q1000947	6000000010686843923
Q1000948	6000000016677965246
Q1000952	6000000010686937019
Q1000953	6000000082242761833
Q1000957	6000000015509749531
Q1000981	6000000002916678630
Q1000999	6000000008568984114
Q1001	6000000003922874202
Q1001002	6000000009857926590
Q1001016	6000000028879146805
Q1001049	5526298176600133244
Q1001063	6000000055781873845
Q10011	6000000012608351083
Q1001130	6000000002799232401
Q1001175	6000000008871309005
Q1001203	6000000052802839133
Q1001214	6000000051862491839
Q100130921	6000000011570185209
Q100136	6000000108108613822
Q100136116	6000000199253371823
Q100139543	6000000021808817882
Q100144340	6000000022640735938
Q100144694	6000000015118357685
Q100144695	6000000015118425293
Q100144696	6000000015118035763
Q100144697	6000000015118434196
Q100144698	6000000008700146230
Q100144699	6000000006439961877
Q100144701	6000000008699871956
Q100144702	6000000003937778216
Q100144703	6000000000321395659
Q100144725	6000000040373334702
Q100144741	6000000040373847115
Q100144742	6000000000625417100
Q100144752	6000000000625527471
Q100144753	6000000040387277998
Q100144754	6000000009026776899
Q100144756	6000000003076141325
Q100144757	6000000014981991691
Q100144797	6000000020988099949
Q100144800	6000000079071609480
Q100144801	6000000079072554988
Q100144802	6000000079071517271
Q100144805	6000000079072676883
Q100144806	6000000079071987194
Q100144807	6000000004402027833
Q100144809	6000000004401813818
Q100144810	6000000004401929989
Q100144811	6000000004402026822
Q100144824	6000000000250173750
Q100144833	6000000002304417590
Q100144835	6000000003076228283
Q100144836	6000000000250197920
Q100144864	6000000020988197969
Q100144865	6000000020987725656
Q100144868	6000000020987832696
Q100144869	6000000037106573903
Q100144871	6000000020987848223
Q100144872	6000000003939057547
Q100144874	6000000003939057539
Q100144924	6000000003937905310
Q100144927	6000000003936914027
Q100144932	6000000002665562429
Q100144945	6000000003939099093
Q100144952	6000000001421638211
Q100144961	6000000034804983007
Q100145088	6000000003937850002
Q100145089	6000000003937842982
Q100145092	6000000003937842990
Q100145106	6000000003424814741
Q100145107	6000000003490644435
Q100145109	6000000000491153641
Q100145112	6000000000490901844
Q100145143	6000000000558332302
Q100145146	6000000020988264018
Q100145207	6000000096792589821
Q100145262	6000000098818933412
Q100145322	6000000098818813521
Q100145327	6000000008231413659
Q100145339	6000000003858595701
Q100145362	6000000009412708796
Q100145376	6000000002860840594
Q100145378	6000000002860840553
Q100145440	6000000015057496685
Q100145444	6000000003077333478
Q100145498	6000000002860840560
Q100145502	6000000002860840566
Q100145504	6000000002860840572
Q100145568	6000000003937810699
Q100145569	6000000003937810630
Q100145589	6000000002860965173
Q100145590	6000000034343321064
Q100145604	6000000006097303132
Q100145709	6000000020572957791
Q100145710	6000000020573250165
Q100145711	6000000020573236995
Q100145713	6000000002832786169
Q100145715	6000000001442573570
Q100145723	565869
Q100145733	618351
Q100145786	6000000007121694870
Q100145788	6000000007121478863
Q100145789	6000000025460510267
Q100145997	6000000028323393608
Q100145999	6000000008832125120
Q100146000	6000000008832007889
Q100146055	6000000041494001010
Q1001471	4089671380750040275
Q100147583	6000000000459813445
Q100147886	6000000002542144681
Q100148041	6000000027324758902
Q100148041	6000000153940505924
Q100148264	4311783349640067494
Q100148270	6000000024038633426
Q100148271	6000000006164925153
Q100148273	6000000009076190742
Q100148274	6000000004547331480
Q100148275	4312031789770052255
Q100148297	6000000027324710066
Q100148297	6000000153940505905
Q100148298	6000000002974209104
Q100148299	6000000002956919796
Q100148327	6000000003492558994
Q100148328	6000000006290096349
Q100148331	6000000003368687143
Q100148332	6000000000640017781
Q100148333	6000000023649584423
Q100148334	6000000002684824221
Q100148335	6000000028166469373
Q100148343	6000000004037217827
Q1001515	6000000069456439114
Q100151843	6000000016291856890
Q100151855	6000000012898175997
Q100151886	6000000008269873705
Q100152293	6000000007810293822
Q100152486	6000000002861153085
Q100152540	6000000024157366589
Q100152541	6000000083905773964
Q100152542	6000000083904824543
Q100152543	6000000083905137200
Q100152566	6000000011885880287
Q100152590	6000000003939689501
Q100152590	6000000006441132911
Q100152591	6000000003939689400
Q100152591	6000000020747276888
Q100152593	6000000003937957525
Q100152603	6000000003939042519
Q100152618	6000000020238287955
Q100152638	6000000002802254297
Q100152656	6000000021884617918
Q100152668	6000000013455678942
Q100152676	6000000020237960619
Q100152745	6000000088022657938
Q100152749	6000000088022876845
Q100152789	6000000050411416016
Q100152862	6000000016607429304
Q100152864	6000000016607505189
Q100152942	6000000014406284373
Q100153052	6000000002930935811
Q100153256	6000000035366269821
Q100153937	6000000013040825088
Q100153938	6000000013041009408
Q100153939	6000000013041068244
Q100153940	6000000002668076008
Q100153941	6000000002668006795
Q100153942	6000000002288860423
Q100153943	6000000001450361983
Q100153947	6000000045878241038
Q100153956	6000000010331503579
Q100153957	6000000023967251023
Q100153966	6000000012942516269
Q100153984	6000000034189151515
Q100153992	6000000016478536818
Q100153994	6000000023967351924
Q100153995	6000000003938169657
Q100153996	6000000003938169615
Q100154000	358778627250010692
Q100154002	6000000003939393822
Q100154003	6000000003243495986
Q100154004	6000000000077834752
Q100154007	6000000003938169390
Q100154019	6000000003579455913
Q100154020	6000000034189554880
Q100154021	6000000023967395370
Q100154023	6000000012942456510
Q100154024	6000000012942523378
Q100154025	340546090180012898
Q100154026	340544633660013988
Q100154063	6000000008913866850
Q100154064	6000000008914042285
Q100154065	6000000008913998859
Q100154066	6000000008913999501
Q100154067	6000000008914019729
Q100154068	6000000008913969456
Q100154070	6000000000664374513
Q100154071	6000000006907055277
Q100154072	6000000003147677628
Q100154112	6000000008913961433
Q100154113	6000000040257250764
Q100154114	6000000040257860146
Q100154115	6000000016116349890
Q100154116	6000000000614540134
Q100154159	6000000002860853963
Q100154280	6000000002690941249
Q100154283	6000000002690665831
Q100154301	6000000004548187981
Q100154316	386782829090012261
Q100154317	6000000006419179483
Q100154319	6000000003221842761
Q100154322	6000000002824542114
Q100154324	6000000002663148917
Q100154325	6000000003940618129
Q100154334	6000000183973218840
Q100154348	6000000085273920891
Q100154349	6000000085274329850
Q100154350	6000000000110494453
Q100154351	6000000001578835417
Q100154352	6000000001563179054
Q100154353	6000000008339890947
Q100154354	6000000002085234361
Q100154356	6000000006440991135
Q100154357	6000000085274310839
Q100154358	6000000006329524889
Q100154360	5601325332210126861
Q100154361	6000000003937814412
Q100155001	6000000141359556839
Q100155269	6000000017144907402
Q100155335	6000000008439340776
Q100155337	6000000006728045028
Q100155339	6000000006728045005
Q100155340	6000000013541736380
Q100155343	6000000001544517378
Q100155346	6000000007651615615
Q100155348	6000000002800015685
Q100155350	6000000008439061753
Q100155352	6000000003040699370
Q100155381	6000000006728047658
Q100155385	6000000041096878594
Q100155393	6000000008438990194
Q100155418	6000000026636071227
Q100155419	6000000001531530715
Q100155420	6000000006290413127
Q100155914	6000000002330532045
Q100155914	6000000142085040865
Q100156031	6000000012723069902
Q100156180	6000000006280481246
Q100157078	6000000186327690927
Q100157761	6000000009507984405
Q100157889	6000000009508010324
Q100157985	6000000002977519312
Q100158027	321900233640005102
Q100158230	6000000113120630902
Q100158315	6000000003218900305
Q100158500	6000000009440317731
Q100158881	6000000124424358864
Q1001609	6000000018950861492
Q100165602	6000000016128207292
Q100166281	6000000004182045572
Q100166357	6000000083936016163
Q100166533	6000000016128162221
Q100166636	6000000009826216559
Q1001691	6000000015226266235
Q1001694	6000000001025608349
Q100169487	6000000016478701036
Q100169968	6000000032928497090
Q1001705	5174430996890130769
Q1001724	6000000077201616184
Q1001764	6000000086409282987
Q1001774	6000000020303252200
Q1001778	6000000020309578628
Q100178	6000000036984535257
Q100178753	6000000002968539012
Q10018149	6000000002111549157
Q10018149	6000000131451545881
Q1001835	6000000010048131375
Q1001838	6000000010461483885
Q1001841	6000000063467280830
Q1001842	6000000041423131851
Q1001867	6000000016435475513
Q1001870	6000000022425427230
Q1001923	6000000038770469034
Q100196908	6000000013372831719
Q100196922	6000000030915688136
Q100196932	6000000028452526266
Q100196932	6000000030915850025
Q1001981	6000000012850954471
Q100198222	6000000104968222823
Q100198375	6000000002916798096
Q100198578	6000000002916747991
Q100198724	6000000000490930594
Q100198768	6000000015861205964
Q100201295	6000000003939129018
Q100201312	6000000003939124972
Q100201329	6000000003939124980
Q100201344	6000000002167263028
Q100201360	6000000003939008116
Q100201447	6000000003938750086
Q100201689	6000000003939124987
Q100201709	6000000006253032732
Q100201731	6000000002931008368
Q100201848	6000000002931008472
Q100201983	6000000003939468148
Q100202102	6000000003939124909
Q100202129	6000000003939124884
Q100202145	6000000000426814528
Q100202170	6000000014024083490
Q100202218	6000000003077229163
Q100202229	6000000001727272272
Q100202510	6000000003939129128
Q100202532	6000000000118446841
Q100202547	380181174310013160
Q100202563	6000000000652500405
Q100202764	380181034580011255
Q100202778	6000000006938304036
Q100202912	380176846060013193
Q100202932	6000000006441098250
Q100202953	6000000006441084135
Q100203255	6000000003937905689
Q100203292	6000000003936922913
Q100204380	6000000046852267989
Q100205	6000000022524830514
Q100206195	6000000001843182165
Q100207764	6000000038610327979
Q100209091	6000000038610146327
Q100213005	6000000038189564091
Q100217348	6000000041998249839
Q1002179	6000000018312150555
Q100220	6000000029305958178
Q1002219	6000000017699466032
Q100229	6000000004007184463
Q1002293	6000000042858849206
Q1002295	285806819080007261
Q1002300	6000000006821181542
Q100230428	6000000033641671022
Q100230910	6000000001384673394
Q100230914	6000000001384673647
Q100230936	6000000022289589880
Q100230939	6000000027253430983
Q100230971	6000000027253365008
Q100230973	6000000008333104348
Q100230977	6000000008332846024
Q100230978	6000000008332626067
Q100230989	6000000078253266007
Q100231004	6000000010028822245
Q100231006	6000000010028823051
Q100231007	6000000010028822751
Q100231008	6000000008300578916
Q100231009	6000000065909230886
Q100231015	6000000010028873996
Q100231026	6000000018103254569
Q100231027	6000000018103211393
Q100231035	6000000018103228468
Q100231063	6000000072900035232
Q100231070	6000000010028822421
Q100231154	6000000022289590894
Q100231156	6000000013080878280
Q100231167	6000000000522413758
Q100231169	6000000000490912713
Q100231170	6000000003939393492
Q100231172	6000000003615488081
Q100231174	6000000001574589747
Q100231176	6000000011506685388
Q100231177	6000000035307173156
Q100231178	6000000000426637473
Q100231180	6000000002954314574
Q100231181	6000000002459871842
Q100231191	6000000041195910524
Q1002328	6000000180498902822
Q100232990	6000000040210723652
Q100232996	6000000002601318887
Q100233536	6000000040211116996
Q100233657	6000000132386588821
Q100233858	6000000083761061436
Q100233938	6000000182448251859
Q100235093	6000000012990361724
Q100235161	6000000036151306886
Q100235229	6000000041535445116
Q100235481	6000000108652118982
Q100244556	6000000053816155857
Q100249797	6000000000029563615
Q100249806	6000000012599092006
Q100250400	6000000079050683529
Q100250538	6000000053768814821
Q100251689	6000000012599053970
Q100252663	6000000007014475062
Q100254275	6000000012599167724
Q100254278	6000000012598969147
Q100255567	6000000013113324565
Q100255638	6000000056942168825
Q100255641	6000000056935468174
Q100255683	6000000014005370544
Q100255729	6000000015778961046
Q100257368	6000000026160267157
Q100257960	6000000003249246660
Q100258082	6000000041088357894
Q100258348	6000000003134979824
Q100261	6000000075860963652
Q100261636	6000000038142910862
Q100261678	6000000050278494854
Q100262434	6000000012231462239
Q100262722	313404367610003339
Q100262727	6000000010744159032
Q100262845	318078243870002512
Q100262851	318096876400001531
Q100262856	318100198160004673
Q100262863	318708050460004690
Q100262868	6000000015006310666
Q100263552	318100908320001537
Q100263597	6000000001591048147
Q100263682	318706604530006578
Q100263701	318097320770001535
Q100263705	6000000013076289184
Q100263709	6000000013075229963
Q100263714	6000000013075940067
Q100266	6000000118385046855
Q100266273	6000000012231373474
Q100268170	6000000152196140834
Q100268248	6000000043179433758
Q100268310	6000000012231389437
Q100268426	6000000176880559821
Q100268894	6000000020209158181
Q100269	6000000139377893822
Q100270471	6000000007760163380
Q100270776	6000000007759842839
Q100270857	6000000006402074775
Q100271018	6000000011254649233
Q100271141	6000000019735716192
Q100271542	6000000155782233867
Q100272181	6000000071776893032
Q100272284	6000000020369544899
Q100272284	6000000115308651170
Q100272554	6000000000651355148
Q100272570	6000000058045870012
Q100272702	6000000115308869163
Q100272760	6000000115309840882
Q100272894	5039826251780077299
Q100272940	6000000069874721858
Q100272972	6000000002177157404
Q100274878	6000000001172033202
Q100276	6000000026816033465
Q100276483	6000000013218544376
Q100276520	6000000036620663881
Q100276774	6000000010309929592
Q100276864	6000000006706305311
Q100276879	6000000006706305305
Q1002773	6000000016512154389
Q100277563	6000000019323859136
Q100278180	6000000167621852822
Q100279150	6000000002618679019
Q100279522	6000000021456704548
Q100280	6000000162662339822
Q1002822	6000000105864217857
Q100287873	6000000003005247877
Q1002879	6000000175186590402
Q1002889	6000000013354348659
Q100289050	6000000046058380276
Q1002903	6000000012353478534
Q1002904	6000000015106707451
Q1002911	6000000016727212596
Q100292575	6000000022910292684
Q100292693	6000000000620496402
Q100293890	6000000006984362008
Q1002942	6000000016432612644
Q100294746	6000000021930156557
Q100298	6000000023658378611
Q100299	6000000028559105885
Q1003055	6000000016278082045
Q1003058	6000000016278455963
Q1003111	6000000019702761671
Q100315224	6000000012367606272
Q100316366	6000000016359309679
Q100319820	6000000015324864142
Q100319896	6000000144770919061
Q100320028	4752549667210129442
Q100321108	6000000026095088920
Q100321851	6000000000534781162
Q100322	6000000010726784475
Q100323030	6000000002760990761
Q100323263	6000000014128703274
Q100323519	6000000145769530404
Q100323860	6000000002953582046
Q100324062	6000000088516529966
Q100324152	4301441588810043884
Q100324234	6000000163189412851
Q100324407	6000000038258548950
Q100324468	6000000110441263922
Q100324531	6000000002236528595
Q100324558	6000000015280533554
Q100324559	6000000000705256255
Q100324657	6000000132583123861
Q100324672	6000000148668794821
Q100324686	5138935232450066258
Q100324703	6000000132582373844
Q100324903	6000000183830891831
Q100324981	6000000145537862822
Q100324983	6000000021029686930
Q100325064	6000000025286431993
Q100325080	4714083818840035666
Q100325101	6000000026938563891
Q100325102	6000000006101157863
Q100325107	6000000013383460709
Q100325114	6000000013382429737
Q100325919	6000000024892535130
Q100325949	4685314
Q100325954	4685307
Q100326459	6000000000900662590
Q100326514	6000000034898324939
Q100326514	6000000038151167531
Q100326518	6000000038151138630
Q100326519	6000000005740749024
Q100326603	6000000003210301052
Q100327	6000000029301712940
Q100327235	6000000017072306892
Q100327972	6000000096194102882
Q100327974	6000000096194452846
Q100328515	6000000074112233911
Q100328773	6000000035538705599
Q100328775	6000000006416777030
Q100328778	6000000000251784322
Q100328782	6000000003938274416
Q100328786	6000000003938274237
Q100328795	6000000002176528323
Q100328830	6000000003938274246
Q100328956	6000000011779499151
Q100328958	6000000007202208530
Q100328960	6000000010975637170
Q100330054	6000000019080986924
Q100330104	6000000015405943666
Q100330250	6000000179391690858
Q100330337	6000000013539968371
Q100330878	6000000179391814828
Q100334048	4688654
Q100341287	6000000003032068737
Q100341882	6000000074917109868
Q1003437	6000000091826618852
Q1003471	6000000042035925876
Q100347678	6000000007014445074
Q100348168	6000000022150050508
Q100348173	6000000002228252084
Q100348306	6000000019340447469
Q100348318	6000000039945781236
Q100348680	6000000008532402884
Q100349163	6000000120270918823
Q100350	6000000000698002149
Q100350778	6000000017192199009
Q100350931	6000000077866862048
Q100351047	6000000000817089511
Q1003513	6000000013417232315
Q100352817	6000000000149796881
Q100353139	6000000009170453714
Q100353526	6000000076712419831
Q100356851	6000000000527050601
Q100360127	6000000021866003408
Q100360495	6000000017192156410
Q100361266	6000000021865785667
Q100361753	6000000193609794929
Q100361975	6000000059150284144
Q100362048	6000000102593502826
Q100364	6000000036860453026
Q100364688	6000000007417839637
Q100366	6000000175915344888
Q100367309	6000000000061002474
Q100367693	6000000017192213168
Q100367839	6000000017192163652
Q100368914	6000000164262465918
Q100369507	6000000077133175095
Q100371379	6000000007754282526
Q100375885	6000000033871943145
Q100377	6000000031627135245
Q100377172	6000000017191981972
Q100383	6000000102779471554
Q1003858	6000000019056833399
Q100387260	6000000007417836184
Q100387263	6000000007418093063
Q100387267	6000000003942570543
Q100387271	6000000007417835812
Q100387278	6000000003937930264
Q100387353	6000000007417839370
Q100387356	6000000046899362935
Q100387367	6000000033333662245
Q100387461	6000000007418077770
Q100387465	6000000007418062589
Q100387467	6000000007417987701
Q100388224	6000000017192049669
Q100389117	6000000203546710832
Q100389419	6000000017192190450
Q100390717	6000000025565133454
Q1003920	5604725357040069591
Q1003933	6000000024962773610
Q1003935	6000000025766456482
Q100394713	6000000211705391838
Q100395813	4543114131650064946
Q100395884	6000000018195193783
Q100396267	6000000017606706816
Q1003980	6000000018030347660
Q1004001	6000000095563827821
Q100400846	6000000043825334474
Q100402417	6000000143258147880
Q100402424	6000000000538817628
Q100402429	6000000000538734711
Q100402439	6000000003146992417
Q100402470	6000000000538939523
Q100402477	5390565901840108221
Q100402525	6000000003146992446
Q100402558	6000000003077310118
Q100402648	6000000003937491312
Q100402654	6000000001097200334
Q100402663	6000000004056984401
Q100402684	6000000003937491319
Q100402687	6000000000077834631
Q100403412	6000000019188210931
Q1004037	6000000002878244677
Q1004137	6000000050692463994
Q1004139	6000000008880497591
Q100414728	6000000156818572836
Q100416283	6000000025274752504
Q100416365	6000000003478413079
Q100417359	6000000003601134529
Q1004177	6000000182818857863
Q1004178	6000000089530262032
Q100421388	6000000109931570057
Q100430046	6000000028515280943
Q100430347	6000000002969900847
Q100430348	6000000104569801153
Q100430349	6000000104571649070
Q100430352	6000000104571670122
Q100430357	6000000000559542909
Q100430360	6000000001578889666
Q100430363	6000000001713431037
Q100430817	6000000016802024443
Q100430821	6000000016802008539
Q100430824	6000000016802024524
Q100430827	6000000016801599707
Q100430831	6000000052420490963
Q100430834	6000000005597170826
Q100430838	6000000006807973719
Q100430841	6000000000130712526
Q100431572	4668036029490071058
Q100431575	6000000025973112142
Q100431915	6000000080838930136
Q100432	6000000095127328855
Q100432041	6000000080839017145
Q100432227	6000000022840671053
Q100432324	6000000022840656034
Q100432401	6000000022841282857
Q100432906	6000000013229734880
Q100432913	6000000013230117241
Q100432919	6000000004089216057
Q100432924	6000000004089216039
Q100432929	6000000009103099807
Q100432929	6000000044316259878
Q100433182	6000000002946592307
Q100433186	6000000006348517080
Q100433222	6000000004089216033
Q100433224	6000000006439950980
Q100433229	6000000013230026548
Q100433231	6000000014504352964
Q100433232	6000000001518514521
Q100433233	6000000001817594327
Q100433236	6000000000284165181
Q100433239	6000000000284149798
Q100433241	6000000000284157400
Q100433348	6000000018518897536
Q100433358	6000000005932848265
Q100433362	6000000007134783371
Q100435	6000000159612189821
Q100435177	6000000085740104163
Q100440	6000000015984160469
Q100440558	6000000003827671664
Q100441729	6000000010888314829
Q100441734	6000000026173714009
Q100441739	6000000026173188815
Q100441742	6000000026173349636
Q100441749	6000000112538853251
Q100441752	6000000026173714975
Q100441757	6000000026173552786
Q100441766	6000000026173791843
Q100441771	6000000019594753204
Q100441774	6000000010888552451
Q100441782	6000000010888681652
Q100441787	6000000010888806008
Q100441791	6000000019823981313
Q100441795	6000000019594646878
Q100443792	6000000022710232837
Q100446800	6000000082478280068
Q100446914	6000000018479446127
Q100446920	6000000002928636963
Q100446925	6000000002928643717
Q100446930	6000000002928625857
Q100446936	369541903690007454
Q100446937	6000000002684820232
Q100446939	6000000004994198960
Q100446945	6000000003075935230
Q100446955	6000000006444260125
Q100446957	6000000006453179524
Q100446968	6000000001739180071
Q100446972	6000000006444260113
Q100446991	6000000004235292426
Q100446993	6000000002930988237
Q100447	6000000008261154278
Q100447002	6000000002930988185
Q100447007	6000000003937759020
Q100447009	6000000006444441769
Q100447015	6000000006444441778
Q100447017	6000000003937754893
Q100447024	6000000000426622892
Q100447045	6000000025349187623
Q100447147	6000000007344153317
Q100447149	6000000001745438481
Q100447151	6000000055886492935
Q100447155	6000000002459880323
Q100447158	6000000006444557054
Q100447160	6000000006444557065
Q100447162	6000000006444557127
Q100447164	6000000006444557119
Q100447233	6000000001369900264
Q100447252	6000000000438145958
Q100447273	6000000002603593732
Q100447276	6000000028011042340
Q100447321	6000000000276910769
Q100447323	6000000007191275669
Q100447325	6000000000277133087
Q100447328	6000000006835809398
Q100447460	6000000005966119080
Q100447465	6000000004344159634
Q100447508	6000000011384030132
Q100447511	6000000008308001458
Q100447513	6000000001013080526
Q100447516	6000000000638007512
Q100447518	6000000003807115594
Q100447525	6000000010121447598
Q100447528	6000000002788075661
Q100447546	6000000000522005475
Q100447548	6000000002872750784
Q100447550	4259466698580064687
Q100447553	5202327707270134513
Q100447555	6000000000522120202
Q100447557	6000000006720488308
Q100447559	6000000002603457454
Q100447563	6000000000475109781
Q100447571	6000000007052629039
Q100447573	6000000006907011415
Q100447575	6000000006577070023
Q100447578	6000000010029193083
Q100447579	6000000000640018808
Q100447589	6000000007470422011
Q100447595	6000000007470639022
Q100447597	6000000000695019518
Q100447599	6000000000651244848
Q100447602	6000000000484284771
Q100447605	6000000007463160135
Q100447607	6000000000651253671
Q100447614	6000000000110207478
Q100447616	6000000000484315918
Q100447622	6000000003076383673
Q100447625	6000000007463643203
Q100447627	6000000000618922032
Q100447630	6000000000618813954
Q100447638	6000000002459917696
Q100447641	6000000002459917633
Q100447644	6000000002459917672
Q100447647	6000000002677755465
Q100447651	6000000000438408796
Q100447653	6000000001562641660
Q100447657	6000000000438408884
Q100447659	6000000006444256682
Q100447662	6000000006444256667
Q100447675	6000000009807239685
Q100447677	6000000002342298260
Q100447680	6000000005232970950
Q100447686	6000000003076859257
Q100447697	5332513419110122006
Q100447712	6000000017926759849
Q100447717	6000000000772620227
Q100447720	6000000032081743864
Q100447722	4353982161440039496
Q100447724	4353982200280028131
Q100447726	6000000008059023292
Q100447729	6000000000772865835
Q100447816	6000000002252416403
Q100447816	6000000201640205821
Q100447820	6000000002883064100
Q100447822	6000000002882977937
Q100447825	6000000000318516659
Q100447876	6000000000983368324
Q100447878	6000000087335044999
Q100447959	6000000000276158632
Q100447962	6000000003457841265
Q100447972	6000000000350989881
Q100447992	6000000006444758561
Q1004482	6000000061815898961
Q100448295	6000000012748236480
Q1004493	6000000003027940068
Q100450078	6000000017535154209
Q100450093	6000000024406089260
Q100450095	6000000002456914687
Q100450096	6000000008970004171
Q100450109	6000000002456911355
Q100450112	6000000002456911634
Q100450133	6000000000664829579
Q100450134	6000000004237711412
Q100450136	6000000014522976131
Q100450169	6000000017534834238
Q100450170	6000000028296854100
Q100450171	6000000028297021413
Q100450191	6000000017534994436
Q100450192	6000000016336528223
Q100450194	6000000016336377765
Q100450203	6000000000769855474
Q100450214	5262976979220045503
Q100450214	6000000210034810880
Q100450216	5262952547600120857
Q100450217	6000000003937491364
Q100450218	6000000006846187688
Q100450218	6000000210035093828
Q100450220	5388743205760042712
Q100450221	5388748955880136510
Q100450231	6000000003937483568
Q100450240	6000000003937491303
Q100450243	5359015878530023057
Q100450245	6000000000490990817
Q100450247	6000000003022185560
Q100450259	6000000002531165775
Q100450260	6000000002531156683
Q100450268	6000000009080966243
Q100450293	6000000017534963195
Q100450295	6000000050992238028
Q100450363	6000000050992559840
Q100450653	6000000000689076213
Q100450658	6000000000880994598
Q100450663	6000000003622448186
Q100451223	6000000091004858900
Q100452367	6000000026734352591
Q100454	6000000060199474882
Q1004564	6000000088766009898
Q100456594	6000000018251189381
Q100457798	6000000047059647041
Q100460498	6000000017642981281
Q1004619	6000000022521838194
Q1004624	6000000022657880831
Q1004628	6000000008717413747
Q100463	6000000020351019774
Q1004635	6000000135631948891
Q1004670	6000000025739795709
Q1004779	6000000007678820237
Q100485	6000000035940634255
Q100489199	6000000186681058844
Q1004893	4877211509610125944
Q100489432	6000000000320773515
Q100489440	6000000044309609465
Q100489446	6000000001845717452
Q100489452	6000000000426732352
Q100489490	6000000000321503902
Q100490057	6000000021386201850
Q100490062	6000000021317811698
Q100490066	6000000017421321068
Q100490068	6000000004237800268
Q100490072	6000000001734660462
Q100490297	6000000002870133154
Q100490470	6000000009414567526
Q100490474	6000000009414639757
Q100490479	6000000009414625901
Q100490482	6000000003938820421
Q100490487	6000000009414515692
Q100490489	6000000003937884183
Q100490492	6000000003937884122
Q100490505	6000000048071303034
Q100490509	6000000048072011867
Q100490514	6000000048071416975
Q100490537	6000000003939079166
Q100490562	6000000009414509860
Q100490565	6000000045458385049
Q100490570	6000000013788917497
Q100490581	6000000013788955589
Q100490592	6000000009414556663
Q100490600	6000000003938828118
Q100490602	4269699771790031909
Q100490602	6000000003937884078
Q100490602	6000000030306735940
Q100490617	6000000003937876729
Q100490618	6000000002766506971
Q100490648	6000000030306133521
Q100490656	6000000003937884115
Q100492	6000000039299834104
Q100494451	6000000021913531271
Q100495745	6000000010695263045
Q100502385	6000000018041877529
Q100502947	6000000030352842912
Q100503723	6000000045424111893
Q100503723	6000000137823895858
Q100508	6000000036848435998
Q100510378	6000000179921407823
Q100518254	6000000047906400445
Q100529	6000000192565543871
Q100530443	6000000014788076313
Q100531396	6000000003222302002
Q100532364	6000000003208005489
Q100536	6000000018915582144
Q100538	6000000171958931951
Q100539	6000000059516362869
Q1005462	6000000074728067052
Q100547	6000000027949330349
Q100551401	6000000006598872474
Q100551798	6000000167265898332
Q100553074	6000000030289275803
Q100553075	6000000009414660741
Q1005544	6000000140478050858
Q100556442	6000000009813163986
Q100557	6000000028203890023
Q100557213	6000000006590073019
Q100557472	6000000069935408011
Q100559755	6000000010081484368
Q100565566	6000000058247038869
Q100571208	6000000009106013857
Q100580192	6000000006429608701
Q100581329	6000000080897937093
Q100583	6000000020338096011
Q100586508	6000000017422777357
Q100587829	6000000184874349825
Q100589	6000000025498272026
Q100589944	6000000023016274298
Q10059	6000000012608848905
Q100590693	6000000065991547925
Q100590711	6000000043454852209
Q100590714	6000000039039076283
Q100590733	6000000038508388956
Q100590747	6000000039137333489
Q100590749	6000000025430081737
Q100590767	6000000039137857909
Q100590822	6000000014191819385
Q100590824	6000000046208187189
Q100590879	6000000193055375834
Q100590951	6000000052315197956
Q100590979	6000000048124312343
Q100591017	6000000009295367329
Q100591029	6000000002659213882
Q100591063	6000000019829898982
Q100591174	6000000160102969828
Q100591193	6000000011451133048
Q100591197	6000000024304520829
Q100591197	6000000082668862879
Q100591206	6000000193055478822
Q100591244	6000000016750835436
Q100591269	6000000017972722016
Q100591397	6000000143751749947
Q100591412	6000000019218033048
Q100591414	6000000015163641260
Q100591414	6000000015388236297
Q100591439	6000000086513277869
Q100591441	6000000037325409373
Q100591469	6000000087241592832
Q100591479	6000000025505397758
Q100591616	6000000019924618185
Q100591621	6000000087362602989
Q100591650	6000000020357737682
Q100591673	6000000186175426155
Q100591803	6000000011716912018
Q100591810	6000000037423097063
Q100591855	6000000019924451700
Q100591859	6000000004357746129
Q100591975	6000000020639441743
Q100591989	6000000011586305073
Q100592044	6000000051346135987
Q100592211	6000000027491862214
Q100592223	6000000025646057890
Q100592311	6000000013321612244
Q100592362	6000000022147285623
Q100592378	6000000003946138305
Q1005929	6000000016375006000
Q100593241	6000000017022741975
Q1005945	6000000068365917055
Q100594730	6000000004270149593
Q100594739	6000000014259237580
Q100595	6000000024997227994
Q1005959	6000000000268444150
Q100596392	6000000007327886812
Q100596958	6000000007400135780
Q100597026	6000000164887442944
Q100597750	6000000009987071373
Q100598214	6000000030120968093
Q1005990	6000000059065024917
Q100602524	6000000035807082254
Q100602538	6000000035808360821
Q100602556	6000000035807778610
Q100602573	6000000035807430485
Q100602585	6000000004018390760
Q1006042	6000000011667279029
Q100604750	6000000020792387415
Q100604996	6000000014046095905
Q100605582	6000000008393535854
Q100605833	6000000056312886901
Q100605925	6000000028263949755
Q100605951	6000000025620260021
Q100606336	6000000027465709653
Q100606485	6000000080240050544
Q10061	6000000012608619143
Q1006152	6000000203373862874
Q100615331	6000000002659223509
Q100616	6000000206937317977
Q1006177	6000000010941924832
Q1006178	6000000013233901441
Q1006181	6000000116744979866
Q1006183	6000000010706568618
Q100621524	6000000185596564943
Q100624	6000000021400478098
Q1006241	6000000003045177184
Q1006265	6000000080117064383
Q100627627	6000000023767600526
Q100631	6000000009240913464
Q1006328	6000000161711161833
Q100637	6000000002188412987
Q100639108	6000000000250179619
Q100639127	6000000003940555597
Q100639140	6000000003938231685
Q100639893	6000000070150863833
Q10065	6000000012608881873
Q10066	6000000012608822755
Q100662	6000000143829791835
Q100664676	6000000017730194144
Q100667813	6000000003714757361
Q100667825	6000000001233203444
Q100667843	6000000005392690775
Q100667861	6000000004689745837
Q100668874	6000000003937759794
Q100668890	6000000002930847086
Q100669017	6000000003076383439
Q100669359	6000000018795845550
Q100669743	6000000003938385438
Q100669750	6000000003937787697
Q100669755	5081344887040079773
Q100669768	6000000001959043409
Q100670730	6000000004119660393
Q100670747	6000000006290768291
Q100670762	6000000006290509380
Q100670939	6000000000426647569
Q100672383	6000000003937836374
Q100672390	6000000002504511703
Q100681	6000000007401102479
Q100687900	6000000017533878714
Q10069	6000000012608952377
Q100694137	302322780820001302
Q100695	6000000103164892857
Q100695309	6000000026972485419
Q100695765	6000000013050142047
Q100695765	6000000070873616833
Q100695873	6000000069989958871
Q100695879	6000000024451096116
Q100695883	6000000003938058519
Q100695887	349875871250001954
Q100695914	6000000007497217206
Q100695916	5142230513580066069
Q100696076	5142230499540066063
Q100696080	6000000002889803022
Q100696270	6000000003075978814
Q100696276	6000000003075978905
Q100696281	6000000003075978654
Q100696391	6000000002238581936
Q100696395	6000000001722376170
Q100696586	6000000003075978695
Q100696614	6000000028088698531
Q100696617	6000000002860982070
Q100696620	6000000008519061312
Q100696624	6000000006579884400
Q100696626	6000000000966216169
Q100696632	6000000002950483337
Q100696636	6000000003075978667
Q100696702	6000000008518908934
Q100696706	6000000057144077005
Q100696843	6000000018968137495
Q100696848	6000000018968108070
Q100696853	6000000018681708279
Q100696856	314610020490005463
Q100696859	6000000005913533341
Q100697296	6000000012018841934
Q100697300	6000000003938489427
Q100697328	6000000000965635019
Q100697330	6000000005251975130
Q100697395	6000000105311869305
Q100697582	1556993
Q100697600	1556981
Q100697630	1556963
Q100697634	1587887
Q100697637	1587920
Q100697641	6000000096870750825
Q100697644	6000000003939681038
Q100697648	6000000003939672957
Q100697651	6000000003147034563
Q100698034	6000000011380510868
Q100698149	6000000002447374338
Q100698155	6000000002447374332
Q100698158	6000000033020454632
Q100698159	6000000000834273560
Q100698161	6000000000834382954
Q100698162	6000000003939073449
Q100698164	6000000003939073348
Q100698167	337856510580003266
Q1006982	6000000075481856883
Q100698302	6000000093334649863
Q100698307	6000000093334545878
Q100698314	6000000093334874847
Q100698317	6000000027168416928
Q100698319	6000000001589618835
Q100698320	6000000034611426559
Q100698390	6000000032099854819
Q100698391	6000000011929777930
Q100698392	6000000004852703373
Q100698395	6000000004852702186
Q100698398	6000000003581219806
Q100698399	6000000003937822727
Q100698400	6000000005800784839
Q100698401	6000000004846296198
Q100698403	6000000011148342628
Q100698583	6000000041526402998
Q100698666	6000000041588072015
Q100698673	6000000096195542545
Q100698680	6000000128285028113
Q100698686	6000000013146939841
Q100698691	6000000000490917653
Q100698696	6000000003938982995
Q100698712	6000000003938982955
Q100698713	6000000004317036211
Q100698718	6000000002358578892
Q100699	6000000013204828993
Q100699541	6000000002236607534
Q100699564	6000000012047601954
Q100699679	6000000031655282694
Q1006997	6000000069481543830
Q100699827	6000000056957297049
Q100699872	6000000015652707282
Q100699874	6000000015652666567
Q100699875	6000000025554858352
Q100699877	6000000025554522698
Q100699879	6000000001790709302
Q100699881	6000000003942721843
Q100699882	6000000017206322602
Q100699883	378514220700012162
Q100699886	6000000000424770362
Q100700185	6000000009716924558
Q100700201	6000000055985862952
Q100701095	6000000018636578101
Q100701362	298559252280006360
Q100705719	6000000084094408122
Q100706013	6000000124973999841
Q100706497	6000000013270663178
Q100706519	6000000027540086152
Q100706631	6000000017633239515
Q100706635	6000000013455806350
Q100706786	6000000034492574952
Q100707648	6000000046656881659
Q100707649	6000000046667386117
Q100707679	6000000002335079352
Q100708784	6000000008648472288
Q100709276	6000000175880941845
Q100710433	6000000030875941159
Q100711	6000000008915948300
Q100712456	6000000040289191790
Q100712927	6000000067535293835
Q100713418	6000000017548574625
Q100714891	6000000005790271769
Q100715786	6000000081303818230
Q100716972	6000000023965648234
Q100717100	6000000039238963710
Q100717387	6000000039239996897
Q1007178	6000000012966763022
Q100722549	6000000007343661385
Q100724384	6000000020328872915
Q100724390	6000000025543684922
Q100724392	6000000025543025447
Q100724396	6000000000753326132
Q1007244	6000000175978478854
Q100724425	6000000028323702822
Q100724444	6000000003264681069
Q100724448	6000000008469345434
Q100724455	6000000008300578925
Q100724457	6000000003264646395
Q100724618	6000000024237932751
Q100724621	6000000000173283885
Q100724624	4485073685420083080
Q100724630	6000000000173267793
Q100724634	6000000003526052420
Q100724638	6000000024557325359
Q100724663	6000000006714578378
Q100724667	6000000004077674452
Q100724669	6000000003357577747
Q100724672	6000000029841407371
Q100724674	6000000029840987773
Q100724677	6000000001211039514
Q100724679	6000000000484631693
Q100724691	6000000000953570797
Q100724693	6000000003147053847
Q100724696	6000000001959649811
Q100724697	377363377950011479
Q100724698	6000000003943174484
Q100724699	6000000001861390434
Q100724823	6000000044331284864
Q100725099	6000000010714748762
Q100725102	6000000010713753305
Q100725104	6000000010715221376
Q100725133	6000000005388638462
Q100725181	6000000133475908850
Q100725338	6000000002299389118
Q100725344	6000000001744686109
Q100725745	6000000003412739407
Q100725746	6000000008518662836
Q100726	6000000168137210624
Q100726196	6000000000676131640
Q1007270	6000000069638162889
Q100730	6000000032257306662
Q100730400	4348254
Q100737	6000000006727778492
Q100738792	6000000007760121497
Q100740	6000000026938042074
Q100741384	6000000019280973745
Q100741442	6000000020838432286
Q100741794	6000000016213544324
Q100741843	6000000000519108846
Q100742	6000000181502859834
Q100742533	6000000030252500060
Q100742942	6000000221506288995
Q100743974	6000000014948003051
Q100744147	6000000071390880930
Q100744799	6000000014946086530
Q100746037	6000000017970486826
Q100746037	6000000147208045824
Q100746179	6000000001746627445
Q100746186	6000000001738810269
Q100746191	6000000002354525754
Q100746203	6000000001738647185
Q100746215	6000000009289062290
Q100746227	6000000000908460153
Q100746381	6000000078060382997
Q100746503	6000000017970816049
Q100746503	6000000144110986829
Q100746611	6000000005774560799
Q100746611	6000000006348586640
Q100746619	6000000009289058536
Q100746626	6000000003522659388
Q100746637	6000000000462681608
Q100747047	6000000174896980821
Q100747256	6000000006348580123
Q100747256	6000000007017071094
Q100747256	6000000009288919620
Q100748171	6000000003137171117
Q100748178	6000000007385701754
Q100748188	6000000000056606341
Q100748196	5658638857870057127
Q100748206	6000000000056687015
Q100748408	6000000031496497118
Q100748420	6000000003571325161
Q100748446	6000000000284226419
Q100748520	6000000013143896648
Q100748527	6000000003502428739
Q100748563	6000000000284313202
Q100748567	6000000000284224579
Q100748707	6000000014112752298
Q100748785	6000000031496982882
Q100749157	334912735960014686
Q100749163	334913235930011115
Q100749178	6000000000229566865
Q100749561	6000000005800098461
Q100749564	6000000001576921002
Q100749568	6000000003077570867
Q100749568	6000000175010757071
Q100750407	6000000003526025737
Q100750409	6000000003526025726
Q100750409	6000000003938231843
Q100750578	6000000003379404880
Q100750746	6000000016293260268
Q100750748	6000000016293287724
Q100750752	6000000013406711529
Q100750755	6000000013383648094
Q100750758	6000000013406905463
Q100750761	6000000024800326510
Q100750764	6000000024816085750
Q100750766	6000000001473202265
Q100750770	6000000000885576542
Q100751068	6000000066176358052
Q100751071	6000000066176882887
Q100751074	6000000066176676988
Q100751077	6000000066176744872
Q100751084	6000000025154772101
Q100751087	6000000020446091203
Q100751090	6000000005415557606
Q100751094	6000000000699149045
Q100751101	6000000066176461041
Q100751106	6000000066177063884
Q100751407	6000000051823549314
Q100751413	6000000051824031839
Q100751418	6000000051823682244
Q100751571	6000000021990804280
Q100751579	6000000021806992070
Q100751752	6000000010051564620
Q100751940	6000000005914066038
Q100752016	6000000006714760346
Q100752019	6000000000251803681
Q100752022	6000000002928599940
Q100752025	6000000002975720534
Q100752143	6000000013184711876
Q100752147	6000000010916333255
Q100752150	6000000002907226806
Q100752271	6000000002907320278
Q100752602	6000000001440505353
Q100752605	6000000006981181265
Q100752732	6000000051823961881
Q100752745	6000000011401795552
Q100753235	6000000084719353481
Q100753240	6000000084722706847
Q100753243	6000000084724366676
Q100753246	6000000086769381829
Q100753251	6000000016383076818
Q100753772	6000000088355361853
Q100753878	6000000088354442195
Q100753887	6000000088356369170
Q100753891	4134385
Q100753894	6000000026422962593
Q100753901	307468434580002696
Q100753908	307468778000007126
Q100754055	6000000088355150917
Q100754061	6000000088355023963
Q100754068	6000000088354200300
Q100754075	6000000000475164728
Q100754083	6000000000475164747
Q100754089	335351112780006023
Q100754351	6000000003076231442
Q100754721	6000000003937778222
Q100754980	6000000026419577378
Q100754983	6000000007850211350
Q100755035	307469705520008243
Q100755043	6000000009429586152
Q100755743	6000000039774598111
Q100755748	6000000015031004127
Q100755752	6000000004819315897
Q100755757	6000000020372385000
Q100755760	6000000085392048958
Q100755765	6000000000278186207
Q100755768	6000000003937770277
Q100755770	6000000003937770260
Q100755776	6000000003937770266
Q100755780	6000000000786706290
Q100755807	6000000000278198065
Q100755814	6000000015363699317
Q100755820	6000000003937754917
Q100756358	6000000048656918979
Q100756361	6000000048657156954
Q100756365	6000000048775877868
Q100756369	6000000003940549088
Q100756374	6000000002447358586
Q100756376	6000000000250197410
Q100756380	6000000000250100982
Q100756456	6000000006907028296
Q100756465	5669321538700048002
Q100757185	6000000030098835185
Q100757441	6000000010809694762
Q100757758	6000000081248257895
Q100757762	6000000008261316735
Q100758788	6000000078111328061
Q100759409	6000000078933350278
Q100760454	6000000078112187680
Q1007644	6000000009367711899
Q100764714	6000000031115135277
Q100770037	6000000063418010838
Q100774	6000000025087426171
Q100775379	6000000090885650919
Q100775386	6000000010591043897
Q100775517	6000000010602833994
Q100775769	6000000112952279868
Q100776	6000000076614131312
Q1007760	6000000184257432893
Q100778	6000000062442849870
Q100778565	6000000082562178876
Q100779277	6000000009016445553
Q100780109	1816792
Q100780163	329033412250004967
Q100780288	6000000009750939402
Q100780380	6000000013906567667
Q100780792	6000000003378327189
Q100781043	6000000013727551297
Q100781873	6000000049588416892
Q100782441	6000000049588545823
Q100782680	6000000038194327231
Q100783153	6000000034626630882
Q1007834	6000000007964169684
Q100784	6000000145925686822
Q100784211	6000000000497670513
Q100784360	6000000026452644324
Q100784376	6000000186037517208
Q100784543	6000000026452917963
Q100784691	6000000010807036704
Q100784884	6000000000441603833
Q100790	6000000030278892364
Q100792366	6000000012944566122
Q100793992	6000000179065120834
Q100795854	6000000047473711989
Q100800069	6000000077640012708
Q1008018	6000000075424933863
Q100802472	6000000000474105927
Q100802987	6000000009147625905
Q100805931	6000000172393128942
Q1008133	6000000178617134918
Q1008160	6000000006727863220
Q1008163	6000000183177283831
Q1008322	6000000140702962087
Q100841298	315985803400004836
Q1008454	6000000105866692829
Q10085	6000000181517699822
Q100852046	6000000006816116457
Q100855	6000000039912165046
Q100855071	6000000011472600846
Q100855094	6000000021851575881
Q100855123	6000000017628930172
Q100855151	6000000000251842135
Q100855174	6000000003938982038
Q100855197	6000000003502585009
Q100855221	6000000003227192211
Q100855341	6000000000251842086
Q100855377	6000000003938276392
Q100855405	6000000003938276261
Q100855433	6000000027452863849
Q1008673	6000000035441229753
Q100870909	6000000016704833319
Q100871202	6000000021528055086
Q1008716	6000000039794707860
Q100871649	6000000012576985459
Q10087177	6000000074787646989
Q10087177	6000000075407691889
Q100872	6000000036917937696
Q100872592	6000000027821364900
Q100873097	6000000041294219080
Q1008732	6000000092322211882
Q100874153	6000000004214167623
Q1008749	6000000092321732145
Q100876150	6000000012944494587
Q100876879	6000000014563216005
Q100884993	6000000004647006743
Q100886327	6000000075580261933
Q100890239	6000000008631787102
Q100892051	6000000042682741163
Q100895256	6000000000251826563
Q100895763	6000000002447366534
Q100895765	6000000064924693058
Q100895777	6000000012169392921
Q100895792	6000000012169449338
Q100895797	6000000031876042912
Q100895803	3892219
Q100896	6000000005049076105
Q100896015	6000000013699640935
Q100896020	6000000021467326024
Q100896027	6000000021467068675
Q100896034	6000000042753568343
Q100896038	6000000021467286110
Q100896044	6000000042777562596
Q100896079	6000000007394137702
Q100896085	6000000003939872970
Q100896086	336209145410006081
Q100896087	6000000000786923001
Q100896088	6000000000426659905
Q100896414	6000000018727808051
Q100896418	6000000025124694217
Q100896422	6000000025124850746
Q100896427	6000000025125099842
Q100896430	6000000025125055894
Q100896434	6000000025582363436
Q100896438	6000000006732659153
Q100896670	6000000002790516679
Q100896765	6000000002790461939
Q100896774	6000000002790338890
Q100896783	6000000002790407611
Q100896788	6000000017072833128
Q100896795	6000000003940393845
Q100896803	6000000003940393763
Q100896812	6000000003938157277
Q100896819	6000000003939389339
Q100896828	6000000003938484144
Q100897415	6000000002801646385
Q100897419	6000000002801559765
Q100897423	6000000002801474608
Q100897426	6000000002801511834
Q100897428	6000000002801628683
Q100897479	6000000019754366675
Q100897557	6000000019754467693
Q100897716	6000000017876916040
Q100897771	6000000013060518319
Q100897944	6000000003478871055
Q100897978	6000000133675911223
Q100898115	6000000003937817754
Q100898120	6000000000350815845
Q1008988	6000000175192055821
Q100898915	6000000084668462885
Q100898916	6000000084668846928
Q100898917	6000000084668482915
Q100898918	6000000013561166266
Q100898923	6000000003464193400
Q100899370	6000000046340850983
Q1009000	6000000201633452882
Q100900208	6000000008231234359
Q100900210	6000000008231175438
Q100900214	6000000005911917061
Q100900217	6000000008631790865
Q100900222	6000000008231089501
Q100900229	6000000008231217313
Q100900308	6000000006444668316
Q100900311	6000000006444207812
Q100900312	6000000083412301454
Q100900466	6000000039844221026
Q100900659	6000000083839049009
Q100900747	6000000006444764867
Q100900748	6000000003649670700
Q100900811	6000000006444272637
Q100900813	6000000006444159226
Q100901	6000000115588268821
Q1009011	6000000019786882056
Q100901129	6000000004089055926
Q100901131	6000000006906892027
Q100901135	6000000009689173350
Q100901137	6000000008542393242
Q100901149	6000000017850382898
Q100901221	6000000002134596638
Q100901235	6000000006444665572
Q100901280	6000000016974204032
Q1009080	6000000007718860303
Q100908772	6000000010708386848
Q100910047	6000000002872508741
Q100910052	6000000002872596204
Q100910056	6000000002872573741
Q100910060	6000000002872615374
Q100910063	6000000093187989882
Q100910067	6000000005783372192
Q100910072	6000000000976548055
Q100910075	6000000003075816014
Q100910357	6000000011714837088
Q100910361	6000000036370458463
Q100910365	6000000005563685525
Q100910368	6000000000876508741
Q100910373	6000000010360409216
Q100910391	6000000011715514244
Q100910395	6000000003938998537
Q100910424	6000000003937822360
Q100910427	6000000003938741329
Q100910433	6000000003938270499
Q100910548	6000000000293439430
Q100910552	6000000000293431379
Q100910563	6000000042685200106
Q100911058	6000000064169766941
Q100911058	6000000084668288909
Q100911099	6000000084667999984
Q100911105	6000000084667622940
Q100911112	6000000004291710675
Q100911117	6000000000320762254
Q100911124	6000000000321430495
Q100911132	6000000000321345917
Q100911223	6000000078626421633
Q100911226	6000000078626266672
Q100911234	6000000088742103874
Q100911237	6000000008248491334
Q100911240	6000000045280568836
Q100911381	6000000007007336726
Q100911383	6000000007007255542
Q100911745	6000000012759751244
Q100911754	6000000012759674785
Q100911763	6000000020893840807
Q100911959	6000000029896926310
Q100912081	6000000003938082443
Q100912081	6000000014223651318
Q100912093	6000000000490937051
Q100912093	6000000003939234233
Q100912103	6000000003868254513
Q100912551	6000000035548058919
Q100912561	6000000001588449421
Q100912700	6000000026438075907
Q100912707	6000000002975509813
Q100913	6000000003707688047
Q100913297	5661463265910129416
Q100913305	6000000011820191244
Q100913314	6000000011820114545
Q100913321	6000000011820050532
Q100913327	6000000011820054810
Q100913333	5661449410510074241
Q100913341	5661447068810031655
Q100913348	6000000013839507139
Q100913355	6000000003622423027
Q100913383	6000000003938712724
Q100913572	6000000006770427124
Q100913572	6000000014178313068
Q100913628	6000000006768536339
Q100913631	6000000006802866686
Q100913634	6000000003688486162
Q100913646	6000000001170047493
Q100913652	6000000007311076525
Q100913655	6000000035065336791
Q100913670	6000000035065928037
Q100914122	308615870900008249
Q100914125	6000000003939165632
Q100914128	6000000013733701641
Q100914131	6000000003939144124
Q100914136	6000000001738855069
Q100914274	6000000003939144132
Q100914279	6000000000426640539
Q100914279	6000000003939144139
Q100914308	6000000002665562067
Q100914311	6000000000619047328
Q100914315	6000000002665481809
Q100914479	308615375810002056
Q100914483	308615151710002119
Q100914486	6000000007330599414
Q100914491	6000000011605071087
Q100914495	6000000000491138182
Q100914764	6000000020108875188
Q100914775	6000000001540708997
Q100915068	6000000006356941061
Q100915083	6000000002049981466
Q100915086	6000000006844963377
Q100915090	6000000002870133292
Q100915302	6000000012334474862
Q100915306	6000000076469548215
Q100915309	6000000051872735265
Q100915312	6000000100854770214
Q100915316	6000000046845275881
Q100915319	6000000046844272847
Q100915323	6000000046842321043
Q100915335	6000000002969921525
Q100915620	6000000023051197241
Q100915623	6000000084667274956
Q100915627	6000000014843237324
Q100915630	6000000001588517250
Q100915633	6000000003243493919
Q100915808	6000000006970895058
Q100915811	6000000006976236132
Q100915814	6000000002908478448
Q100915879	6000000006235807098
Q100915887	6000000000897924143
Q100915894	6000000000897660922
Q100915901	6000000012923794681
Q100915905	6000000012901660441
Q100915908	6000000003937787667
Q100915950	6000000006444139054
Q100916280	6000000000913299720
Q100916454	6000000006348805548
Q100916459	6000000004565833691
Q100916462	6000000004682789556
Q100916466	6000000003940500269
Q100916627	6000000000284149768
Q100916643	6000000004956234069
Q100916648	6000000004956260024
Q100916650	6000000004956170778
Q100916652	6000000004956151937
Q100916655	6000000011175801453
Q100916657	6000000011175477018
Q100916660	6000000011175768959
Q100916663	6000000004851057479
Q100916665	6000000013206635783
Q100916667	6000000018650137221
Q100916669	6000000012685310219
Q100916671	6000000004850995624
Q100916674	6000000004851057643
Q100916676	6000000002992116081
Q100916678	6000000004956092553
Q100916687	6000000004956062941
Q100916738	6000000004851057504
Q100916745	6000000070737684930
Q100916749	6000000007522543226
Q100916755	6000000004538030250
Q100916884	6000000018646934060
Q100916889	6000000018648474943
Q100916897	6000000018648412732
Q100916902	6000000019285217048
Q100916910	6000000002889973268
Q100916916	6000000002890006405
Q100916921	6000000003573369358
Q100916929	6000000012318412998
Q100916950	6000000018648669514
Q100916953	6000000048757315217
Q100916957	6000000003636875532
Q100917328	6000000190457848915
Q100919234	6000000016397224828
Q100919286	6000000006809940968
Q100923915	6000000040289024782
Q1009260	6000000195818067879
Q100926641	6000000004202267758
Q100928826	6000000056330095367
Q100930000	6000000030271804990
Q100931	6000000077101522973
Q100936377	6000000006598872501
Q100936492	6000000009413340565
Q100936872	6000000000439469271
Q100936873	6000000006598461980
Q100937	324722648520004554
Q100937445	6000000006598467026
Q1009377	6000000016662819109
Q100938060	6000000020271475649
Q100938060	6000000192207539829
Q100938068	6000000015426151485
Q100938075	6000000004229567222
Q100938076	6000000000595666365
Q100938080	6000000001689479151
Q100938096	6000000001588400589
Q100938170	6000000000595678279
Q100938182	6000000075740330457
Q100938304	6000000020274482924
Q100938304	6000000077859411410
Q100938304	6000000192207336844
Q100938378	6000000005908942429
Q100938395	6000000000323092769
Q100938401	6000000005222513945
Q100938420	6000000003937491122
Q100938858	6000000016542420569
Q100939	6000000072180063959
Q100939336	6000000083324818065
Q100939340	6000000083363218881
Q100939369	6000000000251825972
Q100939486	6000000085498558991
Q100940255	6000000151669039854
Q100941437	6000000002870165123
Q100942	6000000041012038069
Q100942095	6000000050951282513
Q100942308	6000000013165070168
Q100942446	6000000006714975035
Q100942547	6000000006714724535
Q100942557	4161106899400128517
Q100942571	6000000019129035278
Q100942580	4161016257620043612
Q100942584	6000000025220940966
Q100942589	6000000001912712604
Q100942594	6000000005800444450
Q100942599	6000000004993037890
Q1009426	6000000002678761308
Q100942602	6000000001745438195
Q100942608	6000000007023523932
Q100942609	6000000005395268289
Q100942612	6000000013561939685
Q100942614	6000000006714750605
Q100942616	6000000006714964040
Q100942617	6000000003490640275
Q100942618	6000000006714933200
Q100942619	6000000005913751518
Q100942705	6000000007086569309
Q100942709	6000000007086601234
Q100943395	6000000003013912002
Q100943395	6000000006290363411
Q100943651	6000000012568377201
Q100943660	6000000003937657768
Q100943663	6000000003937657750
Q100943713	350283936300001999
Q100943717	6000000005760308304
Q100943723	6000000000490952098
Q100943745	6000000002908647563
Q100943792	6000000002889401152
Q100944046	6000000007312190248
Q100944050	6000000007312346615
Q100944054	6000000000251784580
Q100944057	6000000003745534350
Q100944245	6000000001025201274
Q100944254	6000000001025130480
Q100944259	6000000016915893066
Q100944262	6000000000921334165
Q100944265	6000000001025111295
Q100944270	6000000002454576690
Q100944280	335087147180004405
Q100944284	6000000006110947211
Q100944289	6000000005767972602
Q100944293	6000000003942522173
Q100944933	6000000029863150113
Q100944936	6000000002897599678
Q100944938	6000000002897674444
Q100944941	289966233120001450
Q100944956	6000000003030929812
Q100944986	6000000003030920840
Q100945523	6000000048464708549
Q100945543	6000000048466119163
Q100945553	6000000048466619976
Q100945814	6000000016948217054
Q100945820	6000000003178083573
Q100945824	6000000068553234882
Q100945828	6000000000630281450
Q100945890	6000000003178037446
Q100945901	6000000015349354069
Q100945907	6000000039938576264
Q100945916	6000000006110954489
Q100945922	6000000006175856056
Q100946037	6000000048467402829
Q100946043	6000000048467548821
Q100947130	6000000015348896706
Q100947140	6000000018723927133
Q100947372	6000000009876156283
Q100947757	4502554165580083604
Q100947769	4502489361840063622
Q100947773	6000000009217031717
Q100947782	6000000000117904324
Q100947788	6000000000117904333
Q100947797	6000000001914732596
Q100947814	6000000007601819481
Q100947860	6000000002617192345
Q100947888	6000000000117904755
Q100947897	6000000009876029359
Q100947933	6000000003939694770
Q100947960	6000000003939694685
Q100948	6000000015677576803
Q1009482	6000000014514537757
Q100948290	6000000006788779066
Q100948303	6000000006119737869
Q100948593	6000000015062976877
Q100948603	6000000006788779010
Q100948609	6000000006788777995
Q100948622	6000000006788779031
Q100948822	6000000002424822925
Q100948833	6000000001316392410
Q100948843	6000000000426733369
Q100949062	6000000060816603901
Q100949077	6000000001384669273
Q100949081	6000000001362138331
Q100949084	6000000011254243821
Q100949086	6000000011254115952
Q100949090	6000000011254528531
Q100949093	6000000011254409019
Q100949638	6000000004140699693
Q100949640	6000000004140717336
Q100949644	6000000004140693591
Q100949665	6000000004140507946
Q100949670	6000000012179016820
Q100949673	6000000001531527254
Q100949679	6000000001531527164
Q100949723	6000000003939687168
Q100949729	6000000003938250631
Q100949770	6000000004140637234
Q100949793	6000000000250537290
Q100949796	6000000000250537089
Q100949924	6000000004140689181
Q100949929	6000000001722386862
Q100949933	6000000005027411358
Q100950023	6000000005027411548
Q100950070	4160558
Q100950076	6000000000796878183
Q100950217	6000000039230963203
Q100950217	6000000115012446864
Q100952170	6000000015519431443
Q100952170	6000000040735984942
Q100952215	6000000011330118378
Q100954	6000000025308635129
Q100956903	6000000039080684146
Q100957893	6000000008101030073
Q100958847	6000000025130343264
Q100959556	6000000078916863082
Q100962881	6000000188086355924
Q100964295	6000000023746104041
Q100964457	6000000029349745679
Q100964776	6000000040289468347
Q100964860	312528334140002420
Q100964973	6000000160110289822
Q100964999	6000000064297784867
Q1009679	6000000183883070835
Q100968238	6000000077821097789
Q100968576	6000000076929574113
Q1009698	6000000048304117887
Q100975187	6000000078481943220
Q100975192	6000000078483036051
Q100975208	6000000176556045851
Q100979955	6000000004670069516
Q100979956	6000000007051307149
Q100979957	6000000007051110345
Q100979960	6000000006995686640
Q100979961	6000000003777692764
Q100979967	6000000024488160625
Q100979975	6000000002768856340
Q100979976	6000000001245045180
Q100979978	6000000006721337214
Q100979979	6000000003102342246
Q100979983	6000000005093116762
Q100979984	6000000030670969717
Q100979986	6000000024422216552
Q100979987	6000000000786112028
Q100979988	6000000000785893528
Q100979989	6000000011546832242
Q100979990	6000000006777602694
Q100979991	6000000002352561805
Q100979992	6000000002352550972
Q100980030	6000000018186267637
Q100980032	6000000006441379554
Q100980033	6000000003681332135
Q100980034	6000000003495159016
Q100980035	6000000003495159026
Q100980083	6000000025220667496
Q100981015	6000000078632164945
Q1009816	6000000002702431629
Q1009824	6000000041786908025
Q100983193	6000000013269124871
Q100983607	6000000002797447319
Q1009875	6000000031957102928
Q1009876	6000000031953755970
Q1009878	6000000012047232027
Q1009880	6000000031957073998
Q100988067	6000000009543982996
Q100988071	6000000002524102983
Q100988079	6000000003436101234
Q100988081	6000000065637008045
Q100988095	6000000007926098438
Q100988152	6000000096230393105
Q100989071	6000000011327797341
Q100989137	6000000002764934886
Q100990525	6000000000446528360
Q100990634	6000000000316645702
Q100991	6000000186004963475
Q1009918	6000000143186128856
Q100992404	6000000009906620707
Q100992456	6000000004948140884
Q100992493	6000000007453315960
Q100993462	6000000003615291191
Q100993469	6000000000083970457
Q100993477	6000000008630853924
Q100993520	6000000003615291405
Q100993529	6000000003613952574
Q100993881	6000000001200698368
Q100993886	6000000003682990378
Q100993900	6000000006906999693
Q100993905	6000000006442409619
Q100993916	6000000006900953663
Q100994209	6000000016475472558
Q100994214	6000000016475030892
Q100994217	6000000013004442307
Q100994220	6000000013004242134
Q100994223	6000000013004570262
Q100994226	6000000001648898746
Q100994274	6000000012885777700
Q100995178	6000000002447388745
Q100995397	6000000000371238849
Q100995492	6000000002827474396
Q100995509	6000000002664746643
Q100995513	6000000006442422086
Q100995962	6000000047558005905
Q100997673	6000000003227877608
Q100997700	6000000007846636259
Q100997794	6000000046225348778
Q100997866	6000000222177459960
Q100997881	6000000007071332073
Q100997901	6000000150902293946
Q100997923	6000000008673260118
Q100997924	6000000024319829895
Q100997925	6000000008673335751
Q100997944	6000000000219228156
Q100997965	6000000000538507262
Q100997966	353591063010002612
Q100997967	6000000006444637932
Q100997968	6000000037435322397
Q100997971	6000000006444610999
Q100997978	6000000037432625816
Q100997991	6000000037412249134
Q100998011	6000000029920229860
Q100998053	6000000037412399237
Q100998097	6000000032511248044
Q1009983	6000000042209005999
Q100998534	6000000013100363179
Q100998547	6000000013009669634
Q1009986	6000000027129491250
Q100998610	6000000008300658448
Q100998616	5649500266900065524
Q100998618	6000000011872530604
Q100998620	6000000016010875305
Q100998732	6000000139658502904
Q100998862	6000000008426884640
Q101000985	6000000041978601448
Q1010014	6000000079023226324
Q101002314	1028973
Q101002716	6000000015997327256
Q101003	6000000176716049859
Q101003185	6000000124635814946
Q101003464	6000000012362444911
Q101003483	6000000086171601944
Q101004551	6000000039239123586
Q101004571	6000000010790642939
Q101005189	6000000000953761635
Q101007904	6000000019211867648
Q1010090	6000000178602794832
Q101010841	6000000069699383833
Q101010921	6000000033272354598
Q101011427	6000000004007295886
Q101014	6000000016690140392
Q101016252	6000000047906966858
Q1010255	6000000090982786902
Q101027335	6000000060298746860
Q101030	6000000010383908379
Q101030204	6000000017552544319
Q101031254	5216901280630042692
Q1010344	6000000006429577318
Q1010358	6000000015521434125
Q1010366	6000000075597000846
Q1010386	6000000088304353844
Q101038853	6000000012021145445
Q101039069	6000000000250170446
Q101039097	6000000012021452201
Q101039145	6000000000250162365
Q101039149	6000000019598679583
Q101039154	6000000000321441775
Q101039160	6000000000664294556
Q1010392	4651060
Q101039258	6000000000250104829
Q101039264	6000000000250197480
Q101039361	6000000000321442039
Q101039368	6000000002303737899
Q101039544	6000000000250162311
Q101039548	6000000000321441357
Q101039553	6000000000321344091
Q101039584	6000000000293487323
Q101039602	6000000003938187653
Q101039610	6000000002928616063
Q1010399	6000000027724149533
Q101040050	6000000000320855592
Q101040263	6000000002905806198
Q101040387	6000000009536394957
Q101040391	6000000009484561340
Q101040396	6000000001817618124
Q101040401	6000000002305607739
Q101040417	6000000001212941111
Q101040604	6000000003183243383
Q101040609	6000000012449009327
Q101040692	6000000027504021861
Q101040727	6000000000834240852
Q101040808	6000000000834240702
Q101040823	6000000000834240941
Q101040887	6000000027503992956
Q101041037	6000000003939536256
Q101041075	6000000003939528651
Q101041440	6000000002905710583
Q101041454	6000000094133282090
Q101041496	6000000024901555389
Q101041502	6000000027627906344
Q101041507	6000000006802855738
Q101042099	6000000176810926864
Q101043522	6000000001578258745
Q1010436	6000000069611466959
Q101044135	6000000001582556665
Q1010446	6000000077588908325
Q101045634	6000000083120928067
Q101045967	6000000012367985981
Q101049210	6000000109638322828
Q101050	5198148277050053342
Q1010500	6000000111588223830
Q101050653	6000000038186292995
Q101051248	6000000008202932563
Q101054	6000000010354381155
Q101055531	6000000001582646147
Q101056931	6000000001582625084
Q1010577	6000000020959021583
Q1010602	6000000068451139855
Q101061	6000000004097627941
Q1010628	6000000141081933939
Q101063346	6000000027985876591
Q101063348	6000000008231181023
Q101063554	6000000008100506594
Q101063558	6000000034242149921
Q101063561	6000000017487819169
Q101063562	6000000027211110509
Q101063667	6000000034796153245
Q101063775	6000000073547172837
Q101063791	6000000001052884904
Q101064	6000000024375399655
Q101064273	6000000074994151253
Q1010644	6000000145256146822
Q101064443	6000000007302227578
Q101064480	6000000006705945885
Q101064543	6000000036857636485
Q101064591	6000000004227546050
Q101064615	6000000005441098005
Q101064944	6000000187431712850
Q1010676	6000000145559584822
Q101068122	6000000030916887852
Q101068464	6000000009869823793
Q101069270	6000000021274638456
Q101069559	6000000064668981907
Q101069598	6000000008667824494
Q101069625	6000000065467084194
Q101070057	6000000039493239300
Q101072656	6000000014971301411
Q101072746	6000000017866455655
Q101072821	6000000080583601322
Q101075	6000000025525390783
Q101076361	6000000023680507715
Q10107750	6000000074698434144
Q101077878	6000000007929074276
Q101078220	6000000023909808353
Q101078870	6000000025540744015
Q101079262	6000000051100335939
Q101080105	6000000051720767836
Q101081681	6000000020219521733
Q101081838	6000000034035969779
Q101083964	6000000019775081003
Q101084438	6000000198932847830
Q101085458	6000000001983930054
Q101086	5698071349250035439
Q101086325	6000000007322957809
Q101086403	6000000007323052057
Q101086442	6000000038158173079
Q101087109	6000000148345466821
Q101088901	6000000048875922839
Q101092116	358558513570002298
Q101094853	6000000006127464129
Q101094873	6000000133718772822
Q101095390	6000000042122587381
Q101096066	6000000013080561859
Q101096080	6000000061213334897
Q1010961	6000000078996578429
Q101096163	6000000129661685041
Q101096385	6000000008781418010
Q101096941	6000000012336460369
Q101097	6000000128099089831
Q101097017	6000000021467568545
Q101102852	6000000015624243280
Q101103301	6000000016176358921
Q101105858	6000000020683047363
Q101107788	6000000024833160218
Q101107824	6000000012021232339
Q101109248	6000000034931198419
Q101109284	6000000222425294839
Q101109286	6000000015345935816
Q101109348	6000000027126538015
Q101109368	6000000084368656862
Q101109377	6000000002995226961
Q101110043	6000000023143828834
Q101110376	5314563457040113686
Q101110377	5246115907010044156
Q101110380	5246110768060137069
Q101110381	5107965332520033822
Q101110383	6000000029519713013
Q101110386	5314567074270103596
Q101110387	6000000017411593705
Q101110422	6000000000475157982
Q101110423	6000000017389691215
Q101110970	6000000044609098838
Q101111795	6000000020920483304
Q101112448	6000000019127561320
Q101112654	6000000027861463964
Q101112655	6000000003086964707
Q101112702	6000000012210780327
Q101113248	6000000021237332127
Q101114602	6000000067619959868
Q101114773	6000000023202641607
Q101116056	6000000003122404025
Q101116057	6000000016469416767
Q1011173	5595488667650086860
Q1011180	6000000180101131841
Q101118741	6000000207327719821
Q101120800	6000000161699173834
Q101125266	6000000040573153446
Q101129	6000000037107520272
Q1011360	6000000068763242877
Q101136890	6000000183860038875
Q101137749	6000000018973744516
Q101142281	6000000010309878367
Q101142524	6000000010309929822
Q101143832	6000000015117091402
Q101143839	6000000015116964872
Q101143845	6000000008995571959
Q101143849	6000000003234367652
Q101143855	6000000003075816974
Q101144019	6000000024374439755
Q101144121	6000000000689890562
Q101144993	6000000018655209119
Q101145199	6000000042541751370
Q101145203	6000000030097581269
Q101145603	6000000012643978259
Q101145693	6000000012644411647
Q101146463	6000000003076410260
Q101146897	6000000001713139723
Q10115605	6000000074703431263
Q101156469	6000000181642252829
Q101157	6000000010187113104
Q101172	6000000006727781831
Q1011734	6000000036612359162
Q1011759	6000000032636747892
Q1011795	6000000024181318321
Q1011805	6000000146030613843
Q1011810	6000000128075688821
Q101184315	6000000007511750724
Q101204290	6000000017128328922
Q101204503	6000000012933355845
Q101205824	6000000021413190991
Q101208181	6000000008179008308
Q101208234	6000000008418692577
Q101208235	6000000003634694678
Q101208236	6000000036643615211
Q101208239	6000000001831208905
Q101208240	6000000000770072211
Q101208243	6000000020015094002
Q101208249	6000000003147097368
Q101208251	6000000004993017043
Q101208260	6000000036642876320
Q101208261	6000000017178164584
Q101208262	6000000000770375284
Q101208263	6000000000770375146
Q101208265	6000000001831208859
Q10120827	6000000075427343824
Q101208270	6000000008418723648
Q101208271	6000000008418688413
Q101208272	6000000008418723594
Q101208279	6000000001376923752
Q101208327	6000000036514105535
Q101208362	6000000002563877848
Q101208369	6000000039678190404
Q101208369	6000000184911063845
Q101208388	6000000012336376587
Q101208391	6000000010340327419
Q101208393	6000000007683436015
Q101208406	6000000014405071782
Q101208451	6000000004545074829
Q101208599	6000000044149916430
Q101209011	6000000000969317869
Q101209114	6000000103830669154
Q101209421	6000000084652436843
Q101209494	6000000007476641745
Q101209546	6000000003704000274
Q101209546	6000000007476767602
Q101209665	6000000002860833683
Q101209685	6000000002860831651
Q101209687	6000000010164884695
Q101209691	6000000010165025719
Q101209740	6000000015672268399
Q101209741	6000000003940289412
Q101209742	6000000003940289159
Q101209746	6000000012901136209
Q101209755	6000000143658143834
Q101209763	6000000034432259488
Q101209764	6000000034432694909
Q101209765	6000000034432527123
Q101209766	4127915764430073726
Q101209767	6000000002447381821
Q101209783	6000000016748843860
Q101209784	6000000016748810884
Q101209785	6000000000834326136
Q101209786	6000000009082816493
Q101209789	6000000038436923854
Q101209790	6000000009288910218
Q101209791	6000000009288991528
Q101209799	6000000001745522250
Q101209801	6000000016753951306
Q101209803	6000000002354552738
Q101209806	6000000003077310701
Q101209814	6000000017054371257
Q101209815	6000000017054371252
Q101209816	6000000013909815859
Q101209817	6000000013910421599
Q101209819	6000000013910516161
Q101209821	6000000013910052553
Q101209822	6000000013910143631
Q101209824	6000000013910158929
Q101209853	6000000002800906852
Q101209859	6000000002447381829
Q101209861	6000000002800999701
Q101209862	6000000005037900067
Q101209873	6000000005037856295
Q101209874	6000000024761663351
Q101209876	6000000017047310093
Q101209883	6000000003940289187
Q101209884	6000000011705791431
Q101209885	6000000011705623489
Q101209889	6000000017047970038
Q101209890	6000000000834242821
Q101209892	6000000002640181044
Q101209893	6000000003478768994
Q101209895	6000000013716689627
Q101209896	6000000013717061034
Q101209939	6000000017055539027
Q101209940	6000000038451568836
Q101209941	6000000002354488419
Q101209943	6000000038451567827
Q101209963	6000000018932344559
Q101209964	6000000009289112939
Q101210211	6000000019330147585
Q101212510	6000000004027328614
Q101214375	6000000004080146786
Q101214509	6000000073501242093
Q101214682	1651873
Q101214892	1649105
Q101217612	6000000059116357181
Q101218637	6000000059116597091
Q101220015	6000000005788394196
Q101220459	6000000059115984553
Q101220666	6000000059116454196
Q101220754	6000000011465102857
Q101220923	6000000184813367868
Q101221066	6000000023336190484
Q101221201	6000000059120335894
Q101221222	6000000059116449055
Q101221274	6000000059117427963
Q101226002	6000000046351423125
Q101226006	6000000020865483222
Q101226009	6000000020865618859
Q101226118	6000000020865146589
Q101226424	6000000020076314018
Q101226426	6000000025582265889
Q101226431	6000000004237645211
Q101226431	6000000025581808569
Q101226933	6000000004237645049
Q101228009	6000000005599170473
Q101228019	6000000022391753703
Q101228036	6000000007776304155
Q101228039	6000000022391705466
Q101228042	6000000018940160101
Q101228264	6000000018569366910
Q101228267	6000000022389536721
Q101228291	6000000018570415426
Q101228321	6000000022389734811
Q101228323	6000000022395121584
Q101228323	6000000032417867833
Q101228326	6000000022395140168
Q101228328	6000000022395227191
Q101228330	6000000032417377994
Q101228337	6000000022395303930
Q101228343	6000000032417518237
Q101228350	6000000022395152642
Q101228422	4460789608270126892
Q101228528	6000000046495109851
Q101228556	6000000015424435227
Q101228607	6000000015424181405
Q101228621	6000000015129763548
Q101228628	6000000015130013466
Q101228635	6000000018776004481
Q101228653	6000000012257186104
Q101228691	6000000011510662266
Q101228843	6000000003638112696
Q101228845	6000000010112828975
Q101229042	6000000011047945886
Q101229047	6000000007530119287
Q101229411	6000000107257874095
Q101231257	6000000006127705798
Q101231437	6000000014986607699
Q101231734	6000000000490839858
Q101235270	6000000056172167840
Q101236677	6000000009126978238
Q101236800	6000000037878726045
Q101236812	6000000028902747870
Q101236853	6000000136267988821
Q101236902	6000000010433079005
Q101239281	6000000042015507506
Q10124003	6000000075480889175
Q101242347	6000000034253790901
Q101242405	6000000004139464394
Q101242405	6000000190046840277
Q101242420	6000000052188794109
Q101242862	6000000039484842802
Q101242863	6000000053735181852
Q101242865	6000000015510124130
Q101242866	6000000009881753707
Q101242869	6000000001267986353
Q101242870	6000000051537846856
Q101242871	6000000039485142620
Q101242872	6000000037694892891
Q101242873	6000000003478763279
Q101242874	6000000002354599803
Q101242877	6000000000834242424
Q101242878	6000000001759170662
Q101242881	6000000003716208439
Q101242882	6000000003716250709
Q101243157	6000000021232987204
Q101243221	6000000006127393609
Q101243388	6000000009966352217
Q101243484	6000000112337374933
Q101243564	6000000003023506633
Q101243566	6000000001980151550
Q101243620	6000000027942645978
Q101243671	6000000207327559831
Q101243703	6000000051110739850
Q101243723	6000000002896566952
Q101243724	6000000004215728610
Q101243725	6000000004215728267
Q101243726	6000000006724904994
Q101243727	6000000000550375033
Q101243728	6000000000112122945
Q101243729	6000000000276151770
Q101243730	6000000000112091792
Q101243731	6000000000112137215
Q101245820	6000000058712859198
Q101245829	6000000006775645052
Q101245831	6000000005079389275
Q101245876	6000000003099970118
Q101245877	6000000010648174530
Q101245885	6000000003099991233
Q101245886	6000000003076688180
Q101245887	6000000003076679647
Q101245892	6000000001142038026
Q101245893	6000000007438020226
Q101245894	6000000005079195568
Q101245910	6000000000484924702
Q101245911	6000000000485014646
Q101245930	6000000001402398013
Q101245932	6000000001402318968
Q101245934	6000000000490010766
Q101245936	4668064907890087305
Q101245937	6000000000474997069
Q101245939	6000000001784713320
Q101245960	6000000000461709572
Q101245962	6000000008548978042
Q101245989	6000000003939198233
Q101245989	6000000096324927026
Q101246075	6000000009659810871
Q101246076	6000000007288165181
Q101246077	6000000187071898886
Q101246086	6000000009659798147
Q101246108	6000000001563121510
Q101246108	6000000099763332915
Q101246109	6000000001563121119
Q101246110	6000000001689781601
Q101246111	308335480300007050
Q101246112	6000000001563121497
Q101246113	6000000011439925566
Q101246254	6000000003149718333
Q101246255	359884391450013159
Q101246256	359883696110013124
Q101246257	359883330750006382
Q101246337	6000000005241687828
Q101246438	6000000010309877439
Q101246577	6000000015312081820
Q101246871	6000000038367841443
Q101246875	6000000224022589845
Q101247011	6000000001149372011
Q101247012	6000000000589474515
Q101247013	6000000001261786856
Q101247015	6000000000589300962
Q101247040	4050982006040121406
Q101247040	6000000001163650247
Q101247043	6000000006771365089
Q101247073	6000000083020289270
Q101247092	6000000006127496747
Q101247102	4322194
Q101247157	6000000006271970257
Q101247179	6000000003253292144
Q101247180	6000000003253090741
Q101247182	6000000001934558265
Q101247185	6000000003791053983
Q101247226	1558246
Q101247240	6000000007329146377
Q101247319	4420893
Q101247352	6000000005687403005
Q101247370	5186551826440050065
Q101247393	6000000195206694875
Q101247394	6000000022048869542
Q101247398	6000000151128410044
Q101247399	6000000003827167316
Q101247400	6000000180316347956
Q101247531	6000000000064480109
Q101247533	5475638952470045481
Q101247541	6000000002737434264
Q101247556	6000000002457081001
Q101247591	6000000005436454066
Q101247592	5321213157610072043
Q101247595	6000000005436454075
Q101247596	6000000007876217866
Q101247597	6000000007876545366
Q101247626	6000000004281174911
Q101247628	6000000006151324582
Q101247637	6000000000642018888
Q101247638	6000000009048572257
Q101247642	6000000005746485041
Q101247644	384960584920013762
Q101247697	6000000007874470550
Q101247698	6000000000325088812
Q101247701	6000000000325088678
Q101247703	6000000036486959898
Q101247705	6000000004691332671
Q101247747	6000000009598254813
Q101247750	6000000006763176217
Q101247752	6000000007383643397
Q101247753	6000000025108132907
Q101247755	6000000006763270052
Q101247757	6000000007510648849
Q101247847	6000000007074328333
Q101247848	6000000007074765054
Q101247881	6000000001722265356
Q101247883	6000000001669607828
Q101247887	6000000001827603099
Q101247891	6000000003821039197
Q101247895	6000000000484653669
Q101247903	6000000001669607940
Q101247907	6000000001722226209
Q101247909	6000000001195589379
Q101247913	6000000008242072503
Q101247917	6000000003645734197
Q101247920	6000000005749641787
Q101247939	6000000005750257054
Q101247940	6000000001195495695
Q101248193	6000000022439974786
Q101248373	6000000000767226677
Q101248387	6000000003645760991
Q101248390	6000000011232062895
Q101248391	6000000011231144321
Q101248392	6000000005679135998
Q101248397	6000000011231090714
Q101248459	6000000001669612033
Q101248460	6000000001669612020
Q101248463	6000000001165334008
Q101248469	6000000005424169754
Q101248471	6000000005769747739
Q101248472	6000000005770831181
Q101248474	6000000000945084977
Q101248484	6000000011356454880
Q101248603	6000000001669607946
Q101248606	4939370231920028385
Q101248842	6000000179806399850
Q101248920	6000000008216558371
Q101248921	6000000019118817134
Q101248924	6000000019118816194
Q101248925	6000000019118839130
Q101248928	6000000019118741150
Q101248930	6000000008730794828
Q101248931	6000000019118767383
Q101248936	6000000105350177831
Q101249102	6000000053808708063
Q101249182	6000000025416285819
Q10125	6000000017289218688
Q101250914	6000000035634094897
Q101251133	6000000025376880275
Q101252301	6000000020880787655
Q10125270	6000000075481396885
Q101266	6000000009544774015
Q101268	6000000019698565031
Q10127297	6000000075346244821
Q101286	6000000003600957287
Q101289270	6000000027574751412
Q1012900	376517216810013442
Q101292	6000000058027966920
Q101305	6000000055074121918
Q10131	4548886
Q10132	6000000105074477861
Q101325636	6000000017001564388
Q101326367	363327022030010565
Q101326905	4958252167310038381
Q101328271	6000000019141946732
Q101332821	6000000000617031912
Q101334	6000000178392621874
Q101335	6000000052047830136
Q101340743	6000000025537405338
Q101340760	6000000025538110278
Q101340834	6000000030282109318
Q101340853	6000000030282285915
Q101344	6000000084522436049
Q101345997	6000000040284991709
Q101346039	6000000010479470189
Q101346186	6000000000555541579
Q101346457	6000000182038126859
Q101347254	6000000010503832849
Q101348	6000000053117629928
Q101354541	6000000018108428779
Q101355060	6000000025860604557
Q101355082	6000000025860615463
Q101355093	6000000025861310870
Q101356618	6000000072076533663
Q101363	6000000002906143441
Q101367	6000000034763755821
Q101376	6000000032326248892
Q101382695	6000000017363312638
Q101384796	6000000024631791670
Q101388947	6000000028984824892
Q101390	6000000177231799841
Q101399295	6000000151396030824
Q101400777	6000000000915055547
Q101400825	356056928490002979
Q101401085	6000000000915194053
Q101401119	6000000012373371584
Q101401170	6000000012373963262
Q101401204	6000000004047110834
Q101402	6000000149841728967
Q101402163	6000000004047493361
Q101402568	6000000000914951719
Q101402570	6000000084135576064
Q101402585	6000000027253790079
Q101402586	6000000015040635831
Q101402587	6000000001582498800
Q101402592	6000000176267599906
Q101403230	6000000021322459790
Q101403691	6000000046139177821
Q101403833	6000000125435780848
Q101404370	6000000006444052773
Q101404494	6000000007605953584
Q101405695	6000000007270677276
Q101409519	6000000000573699830
Q101409544	6000000024333113031
Q101411981	6000000103870741870
Q101413226	6000000011578727560
Q101416952	6000000002783840207
Q101418839	4755008146520023512
Q101418840	4755343691270080357
Q101418861	6000000011205271838
Q101418862	6000000023189689016
Q101418865	6000000011205296035
Q101419182	6000000079718634828
Q101419208	6000000008870048659
Q101419316	6000000108377464878
Q101420740	6000000179593743826
Q101420980	6000000039989788934
Q101421117	6000000016821605200
Q101421119	6000000016821427696
Q101421121	6000000030686272910
Q101421155	6000000030686028662
Q101421156	6000000031290310852
Q101421157	6000000026749486119
Q101421159	6000000026749669823
Q101421212	6000000026749071582
Q101421213	6000000026749523073
Q101421474	6000000002739518121
Q101421596	6000000017756446953
Q101421608	6000000017756523479
Q101421609	6000000000240003915
Q101421615	6000000002456911399
Q101421630	6000000017756718107
Q101421670	6000000006598872488
Q101421708	6000000037580321254
Q101421710	6000000037580293247
Q101421711	6000000037580380485
Q101421714	6000000003139387209
Q101421715	6000000027609766050
Q101421716	6000000001915495058
Q101421755	6000000000484923944
Q101421756	6000000000484923843
Q101421757	6000000000484924038
Q101421758	299015392170002017
Q101421773	6000000000484923764
Q101421774	6000000000484923688
Q101421775	6000000004998920287
Q101421776	6000000004998804321
Q101421782	6000000001916038477
Q101421783	6000000001538351307
Q101421784	6000000002339627000
Q101422080	6000000031212809440
Q101422150	6000000021829229447
Q101422204	6000000027395174067
Q101422228	6000000172742428049
Q101422239	6000000042150297961
Q101422281	6000000022807316768
Q101422297	6000000023371382058
Q101422422	6000000023371392935
Q101422526	6000000041426014191
Q101422531	6000000041425361364
Q101422536	6000000041425485383
Q101422553	6000000032558508009
Q101422644	6000000031959486004
Q101422649	6000000008371525307
Q101422742	6000000000461810472
Q101422749	6000000000361186453
Q101422760	6000000000408848392
Q101422780	6000000103749883860
Q101422785	4566852892940035768
Q101422787	6000000001608961305
Q101422788	6000000011220166595
Q101422789	6000000002475170195
Q101422792	6000000001608875523
Q101422794	6000000001609002625
Q101422795	6000000006376626018
Q101422798	6000000003693242443
Q101422800	6000000006727984930
Q101422814	6000000038423682861
Q101422815	2045733
Q101422817	6000000020575102885
Q101422818	6000000002046121180
Q101422822	6000000001080327735
Q101422823	6000000001080327579
Q101422824	6000000001080327598
Q101422832	6000000003940274407
Q101422833	6000000047727815022
Q101422835	6000000073192757087
Q101422836	6000000080160290980
Q101422838	6000000002046121114
Q101422839	6000000002046121123
Q101422844	6000000002603460554
Q101422846	6000000003077227555
Q101422847	6000000011560090114
Q101422848	5426549971700075311
Q101422881	6000000122667969821
Q101422930	6000000041492907425
Q101422931	6000000041493188970
Q101422938	6000000041492637726
Q101422939	6000000005073321353
Q101422940	6000000003512180661
Q101422943	6000000005073321358
Q101422979	6000000000834362940
Q101422988	6000000008670959020
Q101423000	6000000000924128728
Q101423009	6000000014044423825
Q101423010	6000000002162070975
Q101423091	6000000006963977129
Q101423092	6000000004100239576
Q101423093	6000000003681259906
Q101423094	6000000003858776270
Q101423096	6000000020533911515
Q101423097	6000000002906188339
Q101423099	6000000006963953670
Q101423100	6000000004099384137
Q101423102	6000000004099384385
Q101423104	6000000006444481631
Q101423105	6000000001692710121
Q101423106	6000000006444481245
Q101423107	6000000003681222381
Q101423170	6000000004259575233
Q101423171	6000000004259503475
Q101423172	6000000004259588650
Q101423173	6000000011560203879
Q101423221	5005123706640086245
Q101423222	6000000000886007071
Q101423226	6000000001583368688
Q101423244	6000000024552922925
Q101423245	6000000003693229477
Q101423257	6000000010443532616
Q101423261	6000000153659005824
Q101423262	6000000153657597821
Q101423264	6000000153656761821
Q101423265	6000000153650296821
Q101423266	6000000153653623845
Q101423267	6000000016692023093
Q101423269	6000000019909843318
Q101423271	6000000002279724212
Q101423272	6000000016691953356
Q101423277	6000000002019586036
Q101423279	6000000003897333705
Q101423281	6000000001198562850
Q101423283	6000000000255627973
Q101423285	6000000030484276691
Q101423286	352514942630013873
Q101423303	6000000013526690261
Q101423324	6000000000640015980
Q101423329	6000000003368423856
Q101423331	6000000001911509237
Q101423332	6000000010113335001
Q101423337	6000000117767592943
Q101423338	6000000003177913533
Q101423350	6000000021226383920
Q101423352	6000000011557645433
Q101423354	6000000003399168295
Q101423441	6000000003076383892
Q101423443	6000000006727971757
Q101423521	6000000051179508875
Q101423528	6000000068972355830
Q101423528	6000000077984751142
Q101423578	347486476890011254
Q101423579	6000000002603488154
Q101423580	6000000003617745038
Q101423581	6000000006986589142
Q101423693	6000000002441542402
Q101423696	6000000006599177336
Q101423697	6000000003198295091
Q101423703	6000000006599177859
Q101423708	5254399534550066241
Q101423765	6000000000251875434
Q101423780	6000000003492476494
Q101423781	6000000006187447687
Q101423806	6000000011560650902
Q101423807	6000000011560512627
Q101423808	6000000011560409799
Q101423810	6000000011560560893
Q101423812	6000000011560371204
Q101423819	6000000006733320432
Q101423820	6000000006733320422
Q101423821	6000000006733320412
Q101423822	6000000006733320402
Q101423823	6000000006733320392
Q101423832	6000000016024077731
Q101423833	6000000019388202001
Q101423834	6000000082023357888
Q101423835	6000000082023550247
Q101423836	6000000082023537111
Q101423837	6000000088185156948
Q101423838	2565976
Q101423840	6000000000350986468
Q101423842	2565891
Q101423849	6000000015352586128
Q101423851	6000000015352530472
Q101423852	6000000015352290944
Q101423871	6000000015976401958
Q101423988	6000000015352195310
Q101423992	6000000015351843641
Q101424089	6000000010424713830
Q101424157	6000000001727278913
Q101424228	6000000010424955276
Q101424263	6000000016161219277
Q101424325	6000000010424212134
Q101424359	6000000003146235644
Q101424361	6000000003397010884
Q101424406	6000000012002635161
Q101424585	6000000002447394538
Q101424592	6000000014191505345
Q101424597	2144304
Q101424598	6000000002447394483
Q101424613	6000000006727980649
Q101424828	6000000009086049439
Q101425150	6000000017648939635
Q101426112	6000000127064469860
Q101426116	6000000015386020095
Q101426122	6000000177741146823
Q101426289	6000000016957650311
Q101426543	6000000078067090198
Q101426651	6000000054189839923
Q101427703	6000000015556889424
Q101427707	6000000015556787177
Q101427708	6000000003938120368
Q101427709	6000000003938120319
Q101427710	6000000003938120398
Q101427781	6000000012923273658
Q101427782	6000000012922614198
Q101427783	6000000023574449951
Q101427785	6000000003098160063
Q101427788	6000000007501080320
Q101427789	6000000003098140239
Q101427790	6000000002174929832
Q101427792	6000000008165514019
Q101427792	6000000163447541890
Q101428093	3966394912510044599
Q101428100	4198545557360038593
Q101428128	6000000080462860823
Q101431157	6000000018465791024
Q101435248	6000000007316088330
Q101435270	6000000010045763473
Q101435452	5337867692390024164
Q101436225	6000000003938625573
Q101436230	6000000137557394821
Q101436235	6000000137553310823
Q101436242	6000000003943132247
Q101436242	6000000166277041821
Q101436707	6000000081057628326
Q101437	6000000015308440064
Q1014386	6000000001831709448
Q101438832	6000000012412650810
Q101438834	4992558933480062394
Q101438835	6000000000426548507
Q101438836	6000000008076790911
Q101438837	6000000010505544881
Q101438839	6000000043236350046
Q101438899	6000000044924441023
Q101438900	6000000044924652864
Q101438901	6000000000664804329
Q101438902	6000000000664804349
Q101438936	6000000022907572196
Q101438938	6000000022917733436
Q101438940	6000000022917489276
Q101438942	6000000022917187365
Q101438943	6000000022918318822
Q101438944	6000000022917928102
Q101438945	6000000004094603920
Q101438946	6000000013352389742
Q101438950	6000000005077036820
Q101439014	6000000002447374908
Q101439015	6000000000426571101
Q101439016	6000000002447374877
Q101439018	6000000000600791798
Q101439188	6000000037692328260
Q101439222	6000000021568159484
Q101439341	6000000021593781052
Q101439342	6000000004011783309
Q101439354	6000000014222884682
Q101439367	6000000024805570180
Q101439368	6000000003942968810
Q101439440	378391311830004417
Q101439444	6000000003942001823
Q101439445	6000000003940163186
Q101439502	6000000024805425012
Q101439503	6000000002447361603
Q101439504	6000000003942975227
Q101439567	6000000001623837649
Q101439570	6000000000770260141
Q101439571	6000000000770256410
Q101440331	6000000006100873165
Q101440390	6000000002088301049
Q101440391	6000000001997165800
Q101440393	6000000012336502496
Q101440394	6000000012336566038
Q101440395	6000000012336767384
Q101440396	6000000001997253393
Q101440398	6000000032504822885
Q101440428	6000000014109019583
Q101440434	6000000070670774012
Q101440435	6000000000847689889
Q101440436	6000000000847688734
Q101440437	6000000000847692999
Q101440440	6000000012017218105
Q101440441	6000000004548104457
Q101440442	6000000000153168038
Q101440941	6000000012287075954
Q101440942	6000000002906786271
Q101440943	6000000012288127203
Q101440944	6000000004547331676
Q101440947	6000000004547331671
Q101440972	388690149030011611
Q101441082	6000000001574853719
Q101441367	6000000028373253919
Q101441473	6000000000284163941
Q101441477	6000000000284154838
Q101441489	6000000179080389860
Q101442	6000000086019403537
Q101442081	6000000034842654468
Q101442086	6000000119383036885
Q101442112	6000000000321501806
Q101442115	6000000000320846810
Q101442118	6000000000320846971
Q101442142	6000000000320769487
Q101442227	6000000000320854821
Q101442231	6000000002988661692
Q101442236	6000000000284307979
Q101442260	6000000000284307276
Q101442456	6000000006442179476
Q101442460	6000000006442179425
Q101442464	6000000035487881947
Q101442468	6000000004575033125
Q101442947	6000000013954692810
Q101443431	6000000003937787292
Q101443436	5578137087300056868
Q101443440	6000000002890072694
Q101443460	5578177671870084993
Q101443466	6000000024478263139
Q101443499	6000000002889504941
Q101443536	6000000024478106776
Q101443539	6000000000888781780
Q101443543	6000000006419218534
Q101444610	6000000131526021859
Q101444659	6000000196676126823
Q101444695	6000000029420870185
Q101445888	6000000000244739545
Q101450183	6000000128526756046
Q101450769	6000000018252472964
Q101451	6000000067079348948
Q1014586	6000000016349238061
Q101460575	6000000010309627180
Q101460578	6000000010309968776
Q101460582	6000000010309350188
Q101460588	6000000010309959671
Q101460594	6000000010309452958
Q101460601	6000000010309899503
Q101460604	6000000010309929918
Q101460608	6000000010309929970
Q101460612	6000000010309785801
Q101460616	6000000010309991493
Q101460621	6000000010309934158
Q101460629	6000000132335472834
Q101460633	6000000132335478869
Q101460637	6000000132335727821
Q101460641	6000000132331925277
Q101460644	6000000162191198823
Q101460648	6000000162191418821
Q101460655	6000000010310155246
Q101460660	6000000010310113329
Q101460673	6000000010309497180
Q101460678	6000000010309887674
Q101460817	6000000010309965999
Q101460821	6000000010309877754
Q101460825	6000000010310277476
Q101460840	6000000040548709031
Q101461020	6000000010310219217
Q101463	6000000062352034844
Q101466902	6000000020086425049
Q101469384	6000000003827711220
Q101469442	6000000006290773294
Q101473	6000000078165153554
Q101480405	6000000036342719843
Q101482383	6000000000491100118
Q101482399	6000000011746875989
Q101482807	6000000017526626846
Q101482811	6000000020257442291
Q101482816	6000000003939542641
Q101483170	6000000003681938119
Q101483224	6000000003681883246
Q101483230	6000000003680095754
Q101483234	6000000003939687967
Q101483238	6000000002980102546
Q101483242	6000000003582600508
Q101483254	5565571628580038168
Q101483289	6000000003939687796
Q101483293	6000000001830171498
Q101483297	6000000001190599843
Q101483302	6000000003938299250
Q101483309	6000000001830716520
Q101483313	6000000001830171575
Q101483417	6000000003937957510
Q101483422	6000000003939042123
Q101483567	6000000000421523111
Q101483704	6000000002946509580
Q101483711	6000000006727992850
Q101483818	6000000000284154451
Q101483821	6000000000630306609
Q101483837	6000000013229707008
Q101483840	6000000006439950971
Q101484554	6000000042915139823
Q101484647	6000000042914823229
Q101484655	6000000000250512353
Q101485020	6000000042914800269
Q101485025	6000000000321338213
Q101485035	6000000000140995392
Q101485043	6000000003243429884
Q101485483	6000000019662017335
Q101485609	6000000000250512382
Q101485706	6000000042914522173
Q101485714	6000000042914363422
Q101485821	6000000029367149406
Q101485828	6000000028590349232
Q101485836	6000000014853566139
Q101485844	6000000000438409292
Q101486312	6000000202568361880
Q101487194	6000000002928625954
Q101487206	6000000002909188083
Q101487220	349027967660010433
Q101488031	6000000008418748458
Q101488038	6000000036644797228
Q101488046	6000000000629141785
Q101488055	6000000006960926380
Q101488676	6000000012177830565
Q101488686	6000000003939394753
Q101488696	6000000000491107943
Q101488725	6000000000491151438
Q101488734	6000000010082015211
Q101489	6000000005028751682
Q1014899	6000000075502551864
Q101490520	6000000012923282478
Q101490528	6000000001915993792
Q101490535	6000000023577965092
Q101490544	6000000003938265895
Q101490609	6000000003938265831
Q101490617	6000000003938265421
Q101490746	6000000002665559719
Q101491	6000000126693312836
Q101492701	6000000008316521556
Q101493283	6000000008316510104
Q101495233	6000000069490441897
Q101495651	6000000028125574278
Q101496839	6000000009832253828
Q101499831	6000000004188293584
Q101499847	6000000176749447844
Q101499848	6000000209330818847
Q101499849	6000000020225727126
Q101499850	6000000020225937828
Q101499911	6000000002316861273
Q101499912	6000000002316801293
Q101499914	6000000021134672712
Q101500004	6000000002385022139
Q101500021	6000000004986209072
Q101500022	6000000003030279837
Q101500023	6000000006160076156
Q101500026	6000000003074945657
Q101500027	6000000000392708262
Q101500028	6000000004215896348
Q101500029	6000000001353681794
Q101500031	6000000005102688145
Q101500032	6000000007097977458
Q101500035	6000000005102659494
Q101500036	6000000001353735304
Q101500383	6000000001486185263
Q1015006	6000000017278960560
Q1015016	6000000105358039859
Q101507439	6000000008376192161
Q101507451	5694615298230051514
Q101507494	6000000001245020267
Q101507497	6000000001245020276
Q101507502	6000000007501776232
Q101507504	6000000003424950313
Q101507518	6000000007485317100
Q101507520	6000000002512430777
Q101507522	6000000008328506475
Q101507525	6000000003949206474
Q101507527	6000000013522954741
Q101507557	5701987824890041489
Q101507559	367973255310003995
Q101507571	6000000001170306212
Q101507573	6000000006092122638
Q101508415	6000000016280210583
Q101508489	6000000016521656507
Q101508493	6000000018802856999
Q101508638	6000000013651780365
Q101508641	6000000015242786721
Q101508646	6000000012536724281
Q101508650	6000000011779406723
Q101508659	6000000011704793739
Q101508663	6000000011792278788
Q101508666	6000000012246208317
Q101508675	6000000010084814437
Q101508678	6000000012773484812
Q101508696	6000000001842778716
Q101508948	6000000005599219942
Q101508953	6000000008419010000
Q101508979	6000000008419040750
Q101508982	6000000031945743393
Q101508985	6000000031945715368
Q101509670	6000000159252386821
Q101510005	6000000001544486768
Q101510009	6000000001588388449
Q101512562	6000000026368106056
Q101513	6000000174512355253
Q101513594	6000000024672636278
Q101514	6000000124447074852
Q101515212	6000000021943874694
Q101515670	6000000015732630068
Q101518522	6000000003827488457
Q101519072	6000000189344261858
Q101526852	6000000008550560054
Q101530148	6000000009658113272
Q101530161	6000000009657974530
Q101530195	6000000017762312082
Q101530206	6000000017762102117
Q101530428	6000000016382168814
Q101530432	6000000003216104462
Q101530608	6000000002188514349
Q101530610	6000000002188552674
Q101530611	6000000002188551146
Q101530614	6000000018892275487
Q101530665	6000000021663777965
Q101533620	6000000010511366293
Q101534352	6000000004047477491
Q101534373	6000000001180344126
Q101534599	6000000020392614133
Q101534805	6000000004593972942
Q101534939	6000000004593128712
Q101535497	6000000202568748836
Q101535840	6000000021455591547
Q101535849	6000000021440326140
Q101536226	6000000021455272488
Q101536231	6000000003940180124
Q101536279	6000000003939521544
Q101536284	6000000002043367312
Q101536291	6000000003939039643
Q101536389	6000000008887832919
Q101536493	6000000003940180131
Q101536498	6000000003939777761
Q101536502	6000000003490669084
Q101536506	6000000003940656533
Q101536554	6000000003939777689
Q101536558	6000000003939777631
Q101536736	6000000003939751771
Q101536740	6000000034998811257
Q101536745	6000000002135121647
Q101536750	6000000034635325728
Q101536761	6000000003939521225
Q101536767	6000000003939521234
Q101537017	6000000021429502348
Q101537023	6000000021345187193
Q101537028	6000000002603376389
Q101537031	6000000021343483386
Q101537096	6000000003075958162
Q101537180	6000000021343428710
Q101537636	6000000008260562416
Q101540	6000000076671099816
Q101540766	6000000016562203155
Q101541475	4846381850630023494
Q101541515	6000000140146980147
Q101541544	6000000073711787913
Q101541722	6000000002644799063
Q101541755	6000000017878589301
Q101541879	6000000008630743074
Q101542	6000000002803056746
Q101542082	6000000140209740990
Q101542885	6000000012666867948
Q101543845	6000000033042155835
Q101547658	6000000177567488900
Q101548348	6000000017197473153
Q101552320	6000000178951445936
Q101558567	6000000001033327078
Q101558602	6000000000631651765
Q101561854	6000000015470142510
Q101561862	6000000102051957013
Q101561869	6000000001540976400
Q101561944	6000000015470172480
Q101561953	6000000069992542918
Q101561959	6000000006725777326
Q101561966	6000000006725829192
Q101561973	4189583385870126750
Q101562116	6000000006725876042
Q101562121	6000000006725394536
Q101562129	6000000006442523746
Q101562137	6000000003342164554
Q101562198	6000000026150731364
Q101562202	6000000006725503440
Q101562209	6000000002390795015
Q101562493	6000000001356359193
Q101562498	6000000015030790569
Q101562503	6000000015030844092
Q101562510	6000000014833035960
Q101562517	6000000003956381447
Q101562524	6000000003956313584
Q101562532	6000000012440314415
Q101562536	6000000015972436222
Q101568120	6000000024101574181
Q101568789	6000000032147721032
Q101570083	6000000046187138831
Q101574071	6000000015809136108
Q101574095	6000000029530317829
Q101574124	6000000173214480948
Q101574143	6000000064366458867
Q101574148	6000000064786353853
Q101575281	6000000017222017053
Q101576749	6000000021355172990
Q101579	6000000037669509129
Q101579829	6000000061894183821
Q101580064	6000000018614090992
Q101580108	6000000009387607635
Q101581	6000000004305220699
Q101583487	6000000195339293830
Q101583701	6000000006277523382
Q101584112	6000000132417252975
Q101587	6000000021509084182
Q101593	6000000018897477470
Q101596949	6000000023261486015
Q101598543	6000000183383671517
Q101598548	6000000017917416393
Q101598618	6000000114006508942
Q101599019	6000000119525136245
Q101600727	6000000001513473132
Q101610306	6000000017137780316
Q101618518	6000000009766514381
Q10161951	6000000075422982857
Q101622312	6000000003945084867
Q101624263	6000000028417899816
Q101625981	6000000016294406143
Q1016268	6000000007323683288
Q1016269	6000000074841050124
Q101628083	6000000113733989534
Q101628095	6000000186960901848
Q101628108	6000000085648384887
Q101630	6000000037717404862
Q101630223	6000000010611983750
Q101633413	6000000012653263356
Q101638	6000000001953355251
Q101640	6000000025575154233
Q101642	6000000178890185838
Q101644720	6000000083544676070
Q101644755	6000000036869420885
Q101646	6000000034472865643
Q1016482	6000000056376805883
Q101649171	6000000036869418895
Q101650598	6000000080584399846
Q101651713	6000000001608905803
Q101651887	6000000036868850365
Q101653771	6000000018146136420
Q101654688	6000000017865957305
Q101655	6000000042020218471
Q101660	6000000017607087402
Q1016606	6000000013649052812
Q101668665	6000000014159844112
Q101676127	6000000016222975527
Q101676386	6000000016223291162
Q101676766	825577
Q101676922	6000000016222719071
Q1016882	6000000003410258689
Q1016893	6000000042287871907
Q101698	6000000015803871536
Q101701168	6000000001500413526
Q101715	6000000024503092054
Q1017185	6000000036697884397
Q1017188	329002791870001460
Q101731	6000000008116003013
Q101732	6000000025055730453
Q101740	6000000029643635820
Q101746	6000000010303325941
Q101759185	6000000018660722316
Q101767	6000000023924146313
Q101771564	6000000000875010601
Q101772	6000000005599170069
Q101775	6000000037010138628
Q101776	6000000009544683391
Q1017767	6000000021867691983
Q101781016	6000000003430141620
Q101781718	6000000063532372885
Q101783613	6000000205782820940
Q101784	6000000017410726097
Q101785366	6000000017235576270
Q1017855	6000000053400080979
Q101786156	6000000012942862358
Q101786880	6000000012942728524
Q101790	6000000090733322078
Q101793	6000000023937909123
Q1017939	6000000015826437623
Q101797	6000000007747977274
Q1017999	6000000075394168660
Q1018002	6000000075346371847
Q101807949	6000000036869419141
Q101816	6000000015423039496
Q101827457	6000000093034743932
Q101831477	6000000002447351852
Q101832524	6000000002447351858
Q101835014	6000000014763325377
Q101835198	6000000016987731364
Q101835682	6000000014763442595
Q101835699	6000000003147188054
Q101835711	6000000011300977458
Q101837064	6000000011300782793
Q101837075	6000000003147185915
Q101837287	6000000004237630487
Q101837352	6000000148350482853
Q101837898	6000000007123968304
Q101837933	6000000007123908255
Q101838019	6000000007123804351
Q101838257	6000000007123359947
Q101838257	6000000009437229229
Q101839	6000000039672008531
Q101839617	6000000090916462891
Q101839629	6000000005415223111
Q101839639	6000000014059497361
Q101839651	6000000006719706102
Q101840059	6000000008308001653
Q101840104	6000000008308001646
Q101840120	6000000007922745065
Q101840290	6000000003075997750
Q101840862	6000000019411331163
Q101840873	6000000019411177836
Q101842005	6000000002447351866
Q101842019	6000000042952787362
Q101842035	6000000002447351887
Q101842053	343894287620013063
Q101842066	6000000006440071494
Q101842105	6000000006440037746
Q101843369	6000000010232582855
Q101843378	6000000016988084096
Q101843387	6000000010222338723
Q101843397	6000000000426830441
Q101844370	6000000003147188008
Q101844386	6000000014243743647
Q101846	6000000003418912874
Q10184707	6000000075414586929
Q101847382	6000000071687496183
Q101847891	6000000016023347079
Q101847903	6000000016023450302
Q101848019	6000000022292946938
Q101848034	6000000005597378098
Q101848048	6000000006434917030
Q101848065	6000000001648459755
Q101848115	6000000002812664053
Q101848227	6000000006807794681
Q101848622	6000000015962767225
Q101848636	6000000021713345917
Q101848973	6000000036385937981
Q101848978	6000000012762696090
Q101849345	6000000012762535963
Q101849355	5079741455040104678
Q101854	6000000077101956350
Q1018587	6000000028923036091
Q1018623	6000000012674318235
Q1018634	6000000011125629834
Q101864	6000000028107548073
Q101878	6000000036900167010
Q101878474	6000000016222969869
Q101879184	6000000016223297168
Q101882	6000000003827612099
Q101886	6000000022697871167
Q101888	6000000145745205036
Q101894	6000000001881980019
Q101910064	4399026275030024325
Q101910809	6000000003123111728
Q101914332	6000000056599222069
Q101916	6000000031362513868
Q101917	6000000019120275490
Q1019229	6000000003219759524
Q101930	6000000012095256640
Q101931	6000000168178131045
Q101932	6000000019172495580
Q101932661	6000000001115283695
Q101933	6000000124816719875
Q101934	6000000030051211738
Q101940	6000000006164013093
Q1019418	6000000007180826273
Q101942	6000000044467312871
Q1019437	6000000036244906134
Q101946	6000000038548437270
Q101947384	6000000022377189608
Q10195137	6000000038201385151
Q10195253	6000000075344174163
Q10195480	6000000075406186194
Q1019571	6000000007760875127
Q101971303	6000000073121798826
Q101973204	6000000139984810153
Q101974	6000000022643671232
Q10197451	6000000074703693225
Q101995502	6000000040650691597
Q101995509	6000000040650594537
Q101995520	6000000013187483921
Q101995530	6000000035744742994
Q101995537	6000000035864033862
Q101995554	6000000035877417882
Q101995562	6000000035879575296
Q101995570	6000000035878597837
Q101995577	6000000035876804616
Q101995583	6000000040659901923
Q101995594	6000000040659951846
Q101995615	6000000013186489137
Q101995628	6000000013186536964
Q101995635	6000000032950219690
Q101995642	6000000013186403820
Q101995657	6000000010883497254
Q101995664	6000000010883807190
Q101995671	6000000010884125206
Q101995680	6000000013186302978
Q101995689	6000000097632979180
Q101995699	6000000097633275068
Q102003337	6000000015775613554
Q102005316	6000000017205976491
Q102006	6000000034427820017
Q1020106	6000000076830594650
Q102014436	6000000016280434924
Q102016	6000000072733885314
Q102017	6000000007902804507
Q102017375	6000000052488326833
Q1020229	6000000002676206548
Q102023396	6000000001436183517
Q102027	6000000136772353856
Q102027392	6000000181924836811
Q102028	6000000029718394522
Q102034	6000000025958010834
Q102034693	6000000003244764992
Q102035806	6000000004328571387
Q102035871	6000000040340999936
Q102036538	6000000013515204595
Q102039	6000000178848154917
Q102041	6000000025055101855
Q102042370	6000000008771272069
Q102045786	6000000000787151221
Q102046756	6000000000001709263
Q102046822	6000000010094871443
Q102047064	6000000030233649233
Q102047178	6000000030233199286
Q102047327	6000000029264708142
Q102047404	6000000026053607531
Q102047541	6000000014082339141
Q102047558	6000000116748147265
Q102047625	6000000006784151264
Q102047789	6000000015267231343
Q102047917	6000000001286093598
Q102047927	6000000011841894143
Q102047932	6000000011842143789
Q102048080	6000000023835427128
Q102051019	6000000006911463055
Q102054	6000000030912708030
Q102057729	6000000016395623336
Q102061876	6000000016023329794
Q102062158	6000000027590632976
Q102062762	6000000015288035458
Q102062805	6000000061153102123
Q102062818	6000000022684585582
Q102062820	6000000017233765094
Q102063030	6000000032149749857
Q102063859	6000000034871338079
Q102063867	6000000002765702365
Q102063880	6000000101453782833
Q102063898	6000000018885333412
Q102063902	6000000013339020182
Q102063904	6000000019005318444
Q102063933	6000000014717115777
Q102066840	6000000089854072921
Q102068558	6000000003074683495
Q102069161	6000000005943537759
Q102069164	6000000000640330178
Q102069484	6000000015203498474
Q102069611	6000000043417963913
Q102069690	6000000043417896984
Q102069899	6000000016709313747
Q102069913	6000000016711851221
Q102069915	6000000058028538840
Q102069937	6000000004692712197
Q102070131	6000000016274949860
Q102070193	6000000009431558547
Q102070206	6000000011086889417
Q102070213	6000000015538575344
Q102070220	6000000017825717861
Q102070222	6000000012461004771
Q102070266	6000000008964073040
Q102070345	6000000010052539989
Q102070348	6000000010052539984
Q102070368	6000000035854314991
Q102070887	6000000026883649928
Q102071	6000000005585657976
Q102072202	6000000096666684948
Q102073	6000000172755260824
Q102073661	6000000069303078885
Q102075851	6000000085118273750
Q102075970	6000000021805551746
Q102076019	6000000016525115557
Q102076171	6000000028537248006
Q102076494	6000000007673717341
Q102076784	6000000174925174580
Q102076814	6000000065174371844
Q102076946	6000000000714809084
Q102077306	6000000017929168866
Q102077384	6000000035922924160
Q102077422	6000000024234447844
Q102077670	6000000041308073943
Q102077794	6000000025825695689
Q102077942	6000000040340505811
Q102078212	6000000053782862821
Q102078361	6000000106246005879
Q102078501	6000000106245806958
Q102079564	6000000081866842355
Q102079657	6000000001357900743
Q102080445	6000000043941711216
Q102082705	6000000011546925263
Q102084893	6000000019469318392
Q102084893	6000000195039898476
Q102085501	6000000012139151899
Q102086198	6000000002152637207
Q102087218	6000000016010447099
Q102103	6000000020695793742
Q102104	6000000003158398486
Q102107	6000000016304127645
Q102107	6000000109154324849
Q102110195	6000000095603501822
Q102110423	6000000002045253284
Q102110462	6000000012861839786
Q102114892	6000000003754131731
Q102115232	6000000063792703943
Q102115351	6000000063792962831
Q102115575	6000000024234405102
Q102116789	6000000004869495817
Q102116825	6000000002663281346
Q102116828	6000000002969921543
Q102116834	6000000045961110863
Q102116837	6000000008500912931
Q102116939	6000000003617147299
Q102117020	6000000003617321720
Q102117200	6000000003617171338
Q102117414	6000000003617036889
Q102117418	6000000002187199532
Q102117421	6000000002174105185
Q102117545	365326714460006357
Q102117549	6000000000516920202
Q102117549	6000000070486270180
Q102117608	6000000011637113141
Q102117664	351383416380001392
Q102117665	6000000006802799753
Q102117666	6000000001815946184
Q102117971	6000000173476404845
Q102118644	6000000004273993324
Q102118736	6000000003147134324
Q102118774	6000000017865738054
Q102118871	6000000024362827051
Q102118883	6000000006801108883
Q102119031	6000000003147024938
Q102119037	6000000003146918379
Q102119042	6000000003146904792
Q102119045	6000000003146904810
Q102119146	6000000003146904821
Q102119151	6000000003146918197
Q102119154	6000000003937599027
Q102119158	6000000003937586212
Q102119261	6000000003146918387
Q102119265	6000000003147134243
Q102119272	6000000024808014070
Q102119276	6000000000552465203
Q102119314	6000000002930832865
Q102119635	6000000016987598394
Q102120347	6000000100537689905
Q102120384	6000000020052684012
Q102120467	6000000020045327066
Q102120492	6000000020050763770
Q102120719	6000000013182574803
Q102120722	6000000001609554180
Q102120729	6000000030266811622
Q102120760	6000000082043631133
Q102120796	6000000028086576144
Q102120798	6000000026795195370
Q102120802	6000000017834088185
Q102120804	6000000002980201347
Q1021214	6000000002027047251
Q102121546	6000000017452694612
Q102121826	6000000002587542302
Q102122566	6000000002373315145
Q102122759	6000000079226249927
Q102124	6000000002447361316
Q102124069	6000000082849170961
Q1021243	6000000006042745977
Q102124690	6000000011882725218
Q102124694	6000000011881685008
Q102127898	6000000016147085650
Q102128169	6000000004051490175
Q102130090	6000000056020273826
Q102134215	6000000001545688656
Q102135641	6000000043990153822
Q102136	6000000067008166821
Q102137	6000000019413942234
Q102139	6000000018714406121
Q102142199	6000000042373682134
Q102143219	6000000022809639234
Q102144	6000000197366372840
Q102144011	6000000002187721530
Q102145276	6000000000039218113
Q102146	6000000033945516600
Q102146697	6000000199829946827
Q102147	6000000002361930972
Q102148055	5720131136340083967
Q102148070	5719791124360055187
Q102148285	5719536032470083424
Q102148316	6000000017628144793
Q102148790	6000000039330834404
Q102149580	6000000046899549929
Q102150686	6000000014148972637
Q102150728	6000000011927819944
Q102150750	6000000011928110789
Q102150861	6000000000490766443
Q102150880	6000000015257936389
Q102150891	6000000024890443578
Q102150897	6000000003335927868
Q102151058	6000000007825045410
Q102151241	6000000004382614605
Q102151244	6000000004382614613
Q102151350	6000000006444040775
Q102151352	6000000006443501905
Q102151355	6000000003495304529
Q102151358	6000000003495304544
Q102151360	6000000046224739623
Q102151362	6000000046225884250
Q102151666	6000000013167602283
Q102151711	6000000003243334706
Q102152491	6000000166074690822
Q102155362	6000000001843048393
Q102155365	6000000000953807382
Q102155378	6000000000953896084
Q102155848	6000000042708349186
Q102156162	6000000028686217005
Q102156165	6000000028683672799
Q102156169	6000000028685713542
Q102156171	6000000006441151591
Q102156187	6000000016703213262
Q102156210	6000000000414138899
Q102156228	6000000006441151571
Q102156231	6000000006441207958
Q102156479	6000000007498190957
Q102156481	6000000007498464415
Q102156483	6000000003352469359
Q102156569	6000000007498251719
Q102156571	6000000015750086777
Q102156574	6000000007498459208
Q102156575	6000000001363858262
Q102156585	6000000000426706187
Q102156706	6000000026437162638
Q102156709	6000000021705148968
Q102156711	6000000003806976218
Q102156873	6000000054969147053
Q102157047	6000000026715804492
Q102157390	6000000031723756121
Q102157397	6000000034909757077
Q102157397	6000000052322757845
Q102157412	6000000003522850373
Q102157508	6000000035154740576
Q102157541	6000000034998266603
Q102157541	6000000052322512972
Q102157545	6000000020328698553
Q102157587	6000000012688849206
Q102157723	6000000002339467339
Q102157726	6000000012432816799
Q102157728	6000000007283410377
Q102157730	6000000000664374704
Q102157848	6000000000823077125
Q102157850	6000000001446844239
Q102157858	6000000003513706463
Q102157886	6000000001446758090
Q102157889	6000000000446183213
Q102157891	6000000007763578309
Q102157894	6000000001553660448
Q102157938	6000000001562950909
Q102158134	6000000010722676900
Q102158158	6000000002799100929
Q102158292	6000000010717174809
Q102158294	6000000010717190959
Q102158296	6000000004296606465
Q102158299	6000000001383940274
Q102158301	6000000001383940047
Q102158706	6000000003150085235
Q102158709	6000000003150085220
Q102158711	6000000017767584877
Q102158711	6000000055340096950
Q102158713	380181393830013172
Q102158733	6000000003938754332
Q102158735	380191674180013155
Q102158740	6000000006444674311
Q102159	6000000006177180111
Q102159082	6000000003221693639
Q102159088	380210439270012096
Q102159134	6000000000034804489
Q102159265	6000000000490361547
Q102160155	6000000071660020867
Q102161727	6000000002422614038
Q102161729	6000000000229588743
Q102161816	6000000000320849655
Q102161818	6000000003940284403
Q102162037	6000000010759074602
Q102162039	6000000002341794480
Q102162042	6000000010757199803
Q102162043	6000000010759310271
Q102162048	6000000010758209681
Q102162267	6000000005738481407
Q102162288	6000000010392746397
Q102162290	6000000010392571950
Q102162303	6000000005756356014
Q102162339	6000000015506425405
Q102162343	6000000003704278316
Q102162346	6000000003243262778
Q102162357	6000000005738690553
Q102162362	6000000005777790159
Q102162364	6000000001382841736
Q102162368	6000000001382856021
Q102162388	6000000001382856066
Q102162405	6000000005788002367
Q102162629	6000000003147132428
Q102162631	6000000003147132416
Q102162635	6000000003147132405
Q102162648	6000000005777909156
Q102162783	6000000077052637323
Q102162816	6000000077052915983
Q102162834	6000000077096628406
Q102162934	6000000077052082621
Q102162986	6000000025606353910
Q102163178	6000000027616781502
Q102163187	6000000180578219957
Q102163265	6000000004274514631
Q102163267	6000000024791416498
Q102163269	6000000005233515154
Q102163347	6000000002760632976
Q102163349	6000000002760654764
Q102163854	352842618880012969
Q102163858	352845736740012889
Q102163860	6000000021829012200
Q102163860	6000000033304877460
Q102163861	4286695454430046287
Q102163863	6000000002837460160
Q102163898	6000000019871713047
Q102163901	6000000002335132744
Q102165775	6000000172724890946
Q102166	6000000002605405839
Q102166352	6000000137330700861
Q102166515	6000000001214364094
Q102166632	6000000041909286518
Q1021713	6000000046391424040
Q102171407	6000000212420051828
Q102172189	6000000038952886909
Q102172193	6000000036883560384
Q102173052	6000000010440348792
Q102173206	6000000090533797300
Q102173261	6000000082366176303
Q102174592	6000000047386239885
Q102174701	6000000034144662948
Q102174778	6000000002447235761
Q102174780	6000000003937248776
Q102174818	6000000002060780441
Q102174819	5432282817270111893
Q102174822	5432293520290131987
Q102174852	6000000031324414005
Q102174903	6000000018743306210
Q102174908	6000000002684954556
Q102174910	6000000003937496293
Q102174956	6000000031324260635
Q102174957	6000000003940586066
Q102174964	6000000002447235831
Q102175103	6000000000913217368
Q102175397	6000000018950332190
Q102175409	6000000018952837979
Q102175414	6000000009064697343
Q102175416	6000000018955016568
Q102175417	4544560652910073831
Q102176	6000000011116894818
Q102178554	6000000003495136841
Q102178609	6000000010601419152
Q102178782	6000000030532264526
Q102178793	6000000030532222039
Q102178794	6000000030531334782
Q102178948	6000000026814263067
Q102180313	6000000095735453851
Q102180899	6000000011731218838
Q102181474	6000000169357870182
Q102182720	6000000003073486241
Q102183792	6000000037486147388
Q102184047	6000000011716947998
Q102184054	6000000011717039562
Q102184987	6000000046565994082
Q102185462	6000000006589788027
Q102185528	6000000064205199956
Q102186	6000000019240237007
Q102186487	6000000219022268881
Q102186900	6000000085371448834
Q102187885	6000000015913286624
Q102188	6000000053759429973
Q102188148	6000000169639478890
Q102190017	6000000004335352050
Q102191284	6000000046609425649
Q102191491	6000000018123792819
Q102192805	6000000000453611859
Q102192907	6000000040987586953
Q102193149	6000000046228110772
Q102194691	6000000025783825196
Q102195777	6000000001406770663
Q102196634	6000000031970111868
Q102198662	6000000176542739845
Q102200	6000000050129461844
Q102200410	6000000068758310877
Q102204	6000000027363434545
Q102205178	6000000010132132582
Q102206908	6000000004534618521
Q102213122	6000000037754879407
Q102216721	6000000179818812836
Q102220905	6000000009739561734
Q102220946	6000000050151954232
Q102221866	6000000000304991030
Q102221955	6000000017719452426
Q102222076	6000000017848245643
Q102222296	6000000018171483756
Q102225896	6000000013424920883
Q102225898	6000000009918851332
Q102225936	6000000019410507309
Q102226002	6000000057187875907
Q102226033	6000000050411448027
Q102226234	6000000002860894864
Q102226339	6000000002413374633
Q102226625	6000000000097983955
Q102226627	1041143
Q102226628	1041145
Q102226629	1041789
Q102226632	6000000000601459704
Q102226634	6000000000098322475
Q102226652	6000000039940022752
Q102226653	6000000039940543052
Q102226654	6000000039940476606
Q102226655	6000000039940493517
Q102226656	6000000039940881202
Q102226662	1042201
Q102226663	1042236
Q102226666	1042453
Q102226667	6000000002174646943
Q102226668	1042394
Q102226671	1042306
Q102226674	2860194
Q102226675	1042202
Q102226822	6000000016774751542
Q102227005	6000000014091698398
Q102227014	6000000014091758139
Q102227066	6000000010850400327
Q102227270	6000000007962950116
Q102227276	6000000007862383112
Q102227417	6000000007882444525
Q102227535	310215124610005635
Q102227536	6000000002977349708
Q102227647	6000000172527850070
Q102227681	6000000054524055245
Q102227921	6000000061827336829
Q102227923	6000000002401679394
Q102228013	6000000010553934187
Q102228014	6000000041049656516
Q102228017	6000000041049908105
Q102228018	6000000003943132607
Q102228019	6000000003943132616
Q102228020	301759687780008246
Q102228021	6000000008165460255
Q102228022	6000000008450126036
Q102228024	6000000004630835220
Q102228025	6000000002766337028
Q102228026	6000000007310996749
Q102228027	6000000000240022530
Q102228030	6000000003943132535
Q102228031	6000000010554005165
Q102228040	6000000001000522884
Q102228050	6000000002764796503
Q102228062	6000000001915109394
Q102228062	6000000077367935005
Q102228069	6000000077191209713
Q102228070	6000000077193743810
Q102228071	6000000077189696381
Q102228072	6000000041107312775
Q102228073	6000000041107312782
Q102228075	6000000077189361455
Q102228105	6000000008794566797
Q102228106	6000000008794424794
Q102228108	6000000008794596144
Q102228110	6000000008794588279
Q102228130	6000000008791891181
Q102228131	6000000008749260877
Q102228597	6000000007115431248
Q102228599	6000000007121449580
Q102228603	6000000007115847286
Q102228991	6000000050215561126
Q102229192	6000000011390787781
Q102229345	6000000001915109403
Q102229522	6000000002765625351
Q102229525	6000000002765802060
Q102229527	6000000002765560390
Q102229530	6000000002765535728
Q102229532	6000000002765760472
Q102229535	6000000007454334473
Q102229538	6000000007454306806
Q102229543	6000000007454294555
Q102229554	6000000007992772871
Q102229566	6000000001258871010
Q102229696	6000000002765715124
Q102229737	6000000015688274200
Q102229741	6000000012775150433
Q102230	6000000004096145111
Q102230121	6000000014074316119
Q102230137	6000000015688479228
Q102230330	6000000035476057210
Q102230752	6000000017859492753
Q102232	6000000010170101574
Q102232663	6000000023978337930
Q102234042	6000000123507959821
Q102234341	6000000017848598767
Q102235208	6000000123734505858
Q1022375	6000000032580979617
Q102238493	6000000168816051847
Q102240360	6000000108608741830
Q102240505	6000000006711451000
Q102240976	6000000010504425717
Q102241507	6000000017981680378
Q102242087	6000000009700696145
Q1022421	6000000030230293133
Q102243200	6000000002184267042
Q1022437	6000000024744047353
Q1022441	6000000068823078570
Q102244650	6000000014925362286
Q102245775	6000000008997225393
Q102245940	6000000004361668250
Q102245995	6000000021520375923
Q102245996	6000000003938150288
Q102245999	6000000002106053329
Q102247844	6000000036845147455
Q102250	6000000014421103891
Q102250183	6000000021520210306
Q102250186	6000000023820290687
Q102250188	6000000001579335864
Q102250304	319855456670001283
Q102250310	319856007260003290
Q102250316	4028996566610011116
Q102250321	5004606972450117518
Q102250327	319856510130004563
Q102250337	4028996448350011106
Q102250340	5414007613860116324
Q102250343	5414013287010104868
Q102250463	6000000003795948545
Q102250465	6000000002106053379
Q102250479	6000000000242583877
Q102250700	6000000035547444602
Q102250733	6000000008439908706
Q102250757	6000000171834716873
Q102250807	6000000000426546165
Q102251999	6000000002299318035
Q102252163	6000000012494702880
Q102252175	6000000046716456031
Q102252176	6000000046716706924
Q102252782	6000000028431008002
Q102252786	6000000003634796392
Q102252824	6000000003634754431
Q102252824	6000000006733558941
Q102252883	6000000012942767548
Q102252886	6000000012942472967
Q102252889	6000000000401076104
Q102252904	6000000025410989699
Q102253002	6000000001791597681
Q102253003	6000000004252808682
Q102253004	6000000004237703192
Q102253294	6000000099904311825
Q102253296	6000000006232290640
Q102253297	6000000006232277029
Q102253471	6000000001839581430
Q102253550	5589442078280112193
Q102253767	6000000174855385215
Q102254029	6000000021091038917
Q102254151	6000000002300940208
Q1022544	6000000001216533096
Q102254411	6000000009805972201
Q102254413	6000000015735836099
Q102254415	6000000028548178354
Q102254417	5354665252280033511
Q102254420	6000000028548219102
Q102254424	6000000000484356956
Q102254426	6000000000689078089
Q102254436	6000000062665851934
Q102254798	6000000003147196565
Q102257613	6000000040661560953
Q102257867	6000000068325914899
Q102260712	6000000001889374722
Q102260803	6000000033660587509
Q102260923	6000000033661612105
Q102265452	6000000004566307575
Q102266	6000000014284871778
Q102266122	6000000066693923862
Q102266604	6000000131442711864
Q102268	6000000051335098068
Q102275	6000000056747907984
Q102276952	6000000018399613781
Q102279038	6000000010545832630
Q102280111	6000000025500803240
Q102281002	6000000007014463273
Q102281596	6000000114797471035
Q102282170	6000000021700957274
Q102282479	6000000057992208839
Q102286792	6000000052742373873
Q102286831	6000000075662810942
Q102287992	6000000014424262705
Q102289	6000000015671065202
Q102291	6000000013306557601
Q102291355	6000000000001670147
Q102291849	6000000039982797674
Q102295	6000000022558850341
Q102297	6000000016449763254
Q102299703	334989910820004589
Q102301488	6000000180998764944
Q102303103	6000000002288818682
Q102303239	6000000002513952734
Q102303395	6000000022732828555
Q102304811	6000000002257990898
Q102305034	6000000011229354488
Q102310000	6000000020895034695
Q102310304	6000000009380724900
Q102311	6000000006337860423
Q102311664	6000000194723173827
Q102311964	6000000018432324029
Q102312880	6000000011398329907
Q102312884	6000000019921310867
Q102313274	6000000078769232900
Q102314	6000000007439002464
Q102314219	6000000207420136838
Q102315	6000000222945639827
Q102315493	6000000070330863942
Q102318167	6000000002325984829
Q102319806	6000000002188445179
Q102320	6000000022864098034
Q102322226	6000000019507351098
Q102322286	6000000011135428531
Q102322341	6000000011127036507
Q102322345	6000000011126901628
Q102322349	6000000002172647341
Q102322592	6000000004079710003
Q102322602	6000000002898082071
Q102323	3250062
Q102323499	6000000068879028911
Q102324326	6000000021947280175
Q102326204	6000000023140744935
Q102326394	6000000021947233544
Q102326929	6000000025021446434
Q102326939	6000000078774703045
Q102327348	6000000000251844952
Q102327352	6000000000260089318
Q102327362	6000000000284224550
Q102327499	6000000000251810231
Q102327518	6000000003490631902
Q102327615	6000000000165375454
Q102327618	6000000002908293256
Q102327813	6000000012997295969
Q102328465	6000000025783966154
Q102330337	6000000021947230422
Q102331	6000000016699337682
Q102331299	6000000057294700297
Q102331480	6000000181929916833
Q102332171	6000000067590572836
Q102332518	6000000019829296286
Q102333	6000000180408158855
Q102334616	6000000012943094081
Q102335008	6000000018148373480
Q102336672	6000000124984356865
Q102336690	6000000027821310763
Q10233798	6000000074784871395
Q102338187	6000000000677763365
Q102340107	6000000019792146627
Q102341	6000000014845333194
Q102344	6000000027363755057
Q102344025	6000000200680847822
Q102345501	6000000004089436285
Q102346822	6000000177932165854
Q102346910	6000000000921323763
Q102346912	6000000024942728309
Q102346914	6000000027951894446
Q102346916	6000000027951595793
Q102346918	6000000027986500541
Q102346920	6000000003615392093
Q102348	6000000061733986873
Q102349229	6000000071675281232
Q102349468	6000000017262043455
Q102349470	6000000001555697191
Q102349472	6000000008630308646
Q102349474	6000000001555697212
Q102349476	6000000001555697255
Q102349478	6000000004237828545
Q102349480	6000000042305525437
Q102349775	6000000001783480080
Q102350236	6000000189017515821
Q102352052	6000000031974763561
Q102352200	6000000008248569034
Q102352203	6000000009380296785
Q102352206	6000000009385841663
Q102352207	6000000002364823102
Q102352349	6000000031975416944
Q102352673	6000000037514732301
Q102352795	6000000037514493689
Q102352947	6000000030252029653
Q102353213	6000000200329504844
Q102354420	6000000017097038612
Q102354702	6000000031271043857
Q102355109	6000000019999878220
Q102355364	6000000035278063752
Q102356612	6000000075744594033
Q102357168	6000000002660806455
Q102357214	6000000002651545220
Q102357343	6000000018039933242
Q102357347	6000000015393070426
Q102357432	6000000015393103513
Q102357531	6000000001706780122
Q102357539	6000000003195206557
Q102357662	6000000001226953899
Q102357783	6000000014862001856
Q102357788	6000000022808181465
Q102357790	6000000000426625136
Q102358078	6000000031973703292
Q102358164	6000000019759645455
Q102358273	6000000011716549040
Q102358280	6000000011716699993
Q102358281	6000000011706949752
Q102358592	6000000000985298095
Q102358655	6000000001009225273
Q102358656	6000000001009093192
Q102358659	6000000002176543248
Q102358659	6000000163800303893
Q102358664	350059774460001969
Q102358664	6000000163800303908
Q102358680	6000000004827976966
Q102358686	6000000002889733111
Q102358729	6000000003147071901
Q102358731	6000000001334986363
Q102360195	6000000035473445531
Q102360199	6000000035472156941
Q102360203	6000000018378417611
Q102360578	6000000042373677197
Q102360580	6000000042373254809
Q102360582	6000000002209266899
Q102360584	6000000005585949467
Q102360586	6000000001846120566
Q102360592	6000000002209240407
Q102360595	6000000008365874606
Q102360660	6000000008378096502
Q102360883	6000000019845623963
Q102362322	6000000018668156714
Q102363251	6000000025830938621
Q102363550	6000000018668086785
Q102364419	6000000018668518020
Q102364620	6000000017776456022
Q102366025	5666232922030032942
Q102366264	5666232757860032936
Q1023663	6000000014015622975
Q102367205	6000000018668083558
Q102367917	6000000147845300844
Q102368422	6000000074793887077
Q102369983	6000000001186185697
Q102370090	6000000002323973737
Q102370768	6000000038761613219
Q102370784	6000000028892197255
Q102374864	6000000042788547630
Q102374892	6000000042788644412
Q102374898	6000000023994026001
Q102375	6000000014195270318
Q102375005	6000000042788495775
Q102375009	6000000026482540996
Q102375014	6000000039398912223
Q102375210	6000000008851206732
Q102375221	6000000008900430434
Q102375225	6000000000774167622
Q102375230	306719122200002197
Q102375787	6000000042221281082
Q102375981	6000000041319269315
Q102375991	6000000039818882018
Q102379	6000000014230076442
Q102379657	6000000027573524562
Q102380083	6000000024951596364
Q102381739	6000000041806384858
Q102385185	6000000042303616610
Q102385190	6000000031139372215
Q102385194	6000000006517816955
Q102385198	6000000002930905335
Q102385213	304939098500006437
Q102385216	304061449560002339
Q102385321	6000000004273953393
Q102385396	6000000003146907250
Q102385543	6000000019035871440
Q102385545	6000000006348593487
Q102385547	6000000000426554972
Q102385550	6000000004994149075
Q102385671	6000000000332125360
Q102385675	6000000008841448205
Q102385679	6000000002930908714
Q102385789	6000000002154818044
Q102385795	6000000008771263042
Q102386091	6000000007592775229
Q102387297	6000000017680352434
Q1023873	364429248730010584
Q102388285	6000000072976064946
Q102388635	6000000034773661908
Q102388637	6000000012504606204
Q102388640	6000000013113241497
Q102388642	6000000013113122461
Q102388645	6000000007362946224
Q102389354	6000000050706637157
Q102389354	6000000076697533706
Q102389481	6000000076699872846
Q102389486	6000000000421514889
Q102389490	6000000000421508932
Q102389494	6000000000421510026
Q102391360	6000000004097844904
Q102391362	6000000012679380257
Q102391365	6000000005077104590
Q102391388	6000000005077104504
Q102391531	6000000028262784426
Q102391688	6000000002927433826
Q102391689	5514110459640118927
Q102391691	5514127347000032637
Q102391924	6000000010694355470
Q102392086	6000000008231196202
Q102392089	6000000010694062925
Q102392090	6000000008231121724
Q102392093	6000000008231085558
Q102392233	4087753275560027132
Q102392488	6000000000212686127
Q102392633	6000000083070121013
Q102392633	6000000177210640867
Q102392697	6000000103276848915
Q102392842	6000000024586116371
Q102393265	6000000002006045242
Q102393660	6000000011854688736
Q102394277	6000000039998533914
Q102394708	6000000015664752122
Q102394887	6000000020293155918
Q102394889	6000000020292849652
Q102394891	6000000000250138511
Q102395	6000000014325826173
Q102395348	6000000015239792857
Q102395352	6000000015239850569
Q102395377	6000000013073325616
Q102395378	6000000007273416957
Q102395380	6000000007272141814
Q102395498	6000000014408263312
Q102395501	6000000029077817928
Q102395749	6000000063311247863
Q102395813	6000000013816896377
Q102395853	6000000015664700539
Q102395876	6000000001181351064
Q102396085	6000000010753267239
Q102396396	6000000002860715921
Q102396501	6000000015664746747
Q102396522	6000000015664719882
Q102396529	6000000017086619051
Q102396533	6000000012105894738
Q102396557	6000000012105899341
Q102396561	6000000017085253826
Q102396612	6000000012998137018
Q102396769	6000000003530720436
Q102396833	6000000015736187520
Q102396835	6000000001782358395
Q102396837	6000000000605178962
Q102396863	6000000048725935821
Q102396865	6000000074080324081
Q102396872	6000000028277502928
Q102396874	6000000003077021834
Q102397010	6000000003317264323
Q102397014	6000000010048997848
Q102397016	6000000010048874782
Q102397019	6000000001845133498
Q102397046	6000000003672521964
Q102397085	6000000000387114323
Q102397160	6000000002355121171
Q102397277	6000000012105333725
Q102397315	6000000012105124869
Q102397440	6000000001845217042
Q102397444	6000000001845212902
Q102397446	6000000008759278248
Q102397449	6000000002909189424
Q102397541	6000000076189666829
Q102397543	6000000001947664260
Q102397546	6000000001856059249
Q102397548	6000000000628243315
Q102397550	4943330489820124938
Q102397599	6000000002908836783
Q102397600	6000000000276571747
Q102397602	6000000002909189460
Q102397639	6000000000025250331
Q102397645	6000000008758464050
Q102397697	6000000009618356668
Q102397699	6000000009618439269
Q102397770	6000000010318078800
Q102397776	6000000009618342394
Q102397923	6000000024792995937
Q102398009	6000000013130678946
Q102398011	6000000043328206371
Q102398013	6000000018173001992
Q102398014	6000000000426543574
Q102398026	6000000068538619843
Q102398143	6000000000250119745
Q102398146	6000000003940592066
Q102398148	6000000000250528438
Q102398150	6000000003938259264
Q102398165	6000000000250121416
Q102398167	6000000000250121762
Q102398169	6000000003938250356
Q102398215	6000000000250122000
Q102398228	6000000068538247861
Q102398320	6000000150678254843
Q102398335	6000000021503423722
Q102398372	6000000011422300536
Q102398396	6000000150678360828
Q102398405	6000000051921039217
Q102398405	6000000150678389837
Q102398454	6000000003147049440
Q102398496	6000000003147049447
Q102398551	6000000022977333380
Q102398556	6000000041295307378
Q102398558	6000000026982205575
Q102398561	6000000041348031108
Q102398566	6000000022977431385
Q102398592	6000000022978141897
Q102398651	6000000009898039690
Q102398653	6000000009898274299
Q102398656	6000000005799605007
Q102398841	6000000041295502923
Q102398844	6000000026984220095
Q102398848	6000000036614473040
Q102398850	6000000006244887173
Q102398852	357513704110010519
Q102398858	6000000219261452866
Q102398934	6000000036613942169
Q102398936	6000000000196120913
Q102398938	6000000004539404074
Q102398940	6000000006836431986
Q102398943	6000000004538615921
Q102399050	6000000004539173470
Q102399052	6000000003529965149
Q102399123	6000000000145986730
Q102399126	6000000002686087621
Q102399135	6000000000484267653
Q102399139	6000000013489663596
Q102399177	6000000002751756101
Q102399211	6000000070696743040
Q102399217	6000000002216802827
Q102399444	6000000140764075891
Q102399595	6000000003847770682
Q102399686	6000000007498529314
Q102399695	6000000003847860427
Q102399744	6000000020677129954
Q102399753	6000000003847712714
Q102399768	6000000043123606412
Q102399778	6000000003847805530
Q102399823	6000000012488331760
Q102399980	6000000011301520679
Q102400029	6000000011393711494
Q102400031	6000000011393790207
Q102400108	6000000029615701483
Q102400110	6000000016238845557
Q102400113	6000000016237884750
Q102400115	6000000003938177362
Q102400243	6000000032696548981
Q102400248	6000000003858831491
Q102400253	6000000003858651697
Q102400355	6000000022910124880
Q102400367	6000000012487948644
Q102400391	6000000001383023725
Q102400393	6000000009895900350
Q102400408	6000000207904776827
Q102400425	6000000009895727825
Q102400426	4803337749860077919
Q102400466	6000000022201767846
Q102400470	366395763860011968
Q102400549	6000000019122493221
Q102400590	6000000012488679240
Q102400719	6000000010793030981
Q102400721	6000000010793319491
Q102400723	6000000000452693639
Q102400723	6000000006969743922
Q102400726	6000000000452806237
Q102400726	6000000004548397739
Q102400901	6000000038933119869
Q102400916	6000000038933001067
Q102401006	6000000216749896868
Q102401031	6000000038932614125
Q102401311	6000000016021094519
Q102401323	6000000016021071572
Q102401436	6000000016022535145
Q102401492	6000000003722907724
Q102402058	6000000009465469196
Q102402100	6000000020172595588
Q102402200	6000000002395756128
Q102402291	6000000002028964749
Q102402405	6000000006727538499
Q102402448	6000000014069067503
Q102402448	6000000081277796957
Q102402488	6000000006727611308
Q102402541	6000000006727521382
Q102402571	6000000046285094270
Q102402595	6000000006603553520
Q102404172	6000000051018348994
Q102405	6000000017192117447
Q102405264	6000000007498515210
Q102410700	6000000026260176744
Q102411490	6000000018947050347
Q102411541	6000000018947819079
Q102411619	6000000038704638527
Q102411740	6000000038705125886
Q102411961	6000000018947246993
Q102411976	6000000030838863922
Q102412343	6000000018948105007
Q102412380	6000000077894109501
Q102412702	6000000018945261999
Q102412885	6000000015151644456
Q1024129	6000000178554824990
Q102412967	6000000014959465054
Q102413149	6000000009786851188
Q102413457	6000000043454962121
Q102413802	6000000006657716001
Q102414019	6000000184734273849
Q102414048	6000000198281382841
Q102414097	5252739904010066150
Q102414240	6000000011422455423
Q102414280	6000000014559591554
Q102414884	6000000009402030675
Q102414911	6000000054193441821
Q102415651	6000000015184314185
Q102416014	6000000002643903677
Q102416154	6000000038134735838
Q102416172	6000000038134336570
Q102416393	6000000009793627184
Q102416697	6000000019137147586
Q102416714	6000000019137203122
Q102417071	6000000057545100950
Q102417119	6000000057545183871
Q102417262	6000000022877198431
Q102417262	6000000032053972914
Q102417312	6000000014661665124
Q102417345	6000000037376776940
Q102417377	6000000032053856103
Q102417538	6000000009403390035
Q102417560	6000000009403304982
Q102417560	6000000038134418659
Q102417622	6000000015972394337
Q102417662	6000000182975834821
Q102417665	6000000015972455222
Q102418077	6000000018530384106
Q102418100	6000000014947219886
Q102418160	6000000006420904454
Q102418206	6000000011050891075
Q102418228	6000000018530180235
Q102418232	6000000018530358143
Q102419	6000000014188368099
Q1024192	6000000141007549869
Q102419447	6000000002631367764
Q102419509	6000000043137047828
Q102419523	6000000043136780195
Q102419550	6000000019405418711
Q102419561	6000000091516086910
Q102419598	6000000014980071922
Q102419754	6000000016749931646
Q102420178	6000000011370982497
Q102420264	6000000190455268077
Q102420886	6000000040510200767
Q102421082	6000000007790007789
Q102421085	5720174222200038139
Q102421097	6000000003711203558
Q102421100	6000000003711227483
Q102421143	6000000007789909609
Q102421157	6000000007789311284
Q102421283	6000000001831652602
Q102421310	6000000003677280538
Q102421311	6000000003937850650
Q102421314	6000000003940060623
Q102421344	6000000016844578898
Q102421398	6000000003076443871
Q102421902	6000000025782060858
Q102421906	6000000000249352303
Q102421908	6000000006436527369
Q102421917	6000000006110954967
Q102421934	6000000003024808181
Q102421936	6000000006176075000
Q102421938	6000000006436381814
Q102422136	6000000006104276026
Q102422138	6000000001382856522
Q102422363	6000000051920495428
Q102422461	6000000003643164315
Q102422463	6000000003643203610
Q102422478	6000000009648566617
Q102422508	6000000030813008550
Q102422778	6000000006289943188
Q102422779	6000000043020508055
Q102423	6000000017233634406
Q102423006	6000000012361562898
Q102423020	6000000171889933874
Q102423175	6000000017265235052
Q102423200	6000000017264801973
Q102423202	6000000041062523169
Q102423289	6000000017264793470
Q102423336	6000000017264748537
Q102423370	6000000017264931483
Q102423512	6000000015918253919
Q102423514	6000000000658151636
Q102423577	6000000017264419651
Q102423657	6000000017857421033
Q102423703	6000000041063003168
Q102423705	6000000041062959313
Q102423843	6000000005013894988
Q102424771	6000000053310105943
Q102424778	6000000009849984434
Q102425395	6000000137998830051
Q102426199	6000000005427539867
Q102426446	6000000007257527864
Q102426448	6000000007257675449
Q102426452	6000000006854982131
Q102426985	6000000002551970958
Q102427102	6000000047907681186
Q102427302	6000000047908034884
Q102427959	6000000002908838736
Q102427961	6000000000401067854
Q102428019	6000000008780556209
Q102428020	6000000007472510467
Q102428265	6000000008761892292
Q102428268	6000000004593705422
Q102428525	6000000007472051151
Q102428696	6000000035841041932
Q102428828	6000000145526676822
Q102428830	6000000145526446824
Q102428833	6000000000952868037
Q102428912	6000000006441141169
Q102428997	6000000006441141130
Q102429015	6000000003940191779
Q102429031	6000000003938241955
Q102429033	6000000000250118151
Q102429035	6000000003937951699
Q102429045	6000000003938036837
Q102429047	336559430470007011
Q102429050	6000000006440966106
Q102429060	6000000055274350030
Q102429061	6000000006440916067
Q102429063	6000000003939431286
Q102429154	6000000000250104036
Q102429255	6000000072723539870
Q102429275	6000000000320769924
Q102429276	6000000000321501864
Q102429277	6000000000320854882
Q102429278	6000000004237828190
Q102429280	6000000000320855204
Q102429282	6000000000320669047
Q102429361	6000000015006245459
Q102429964	6000000054382455499
Q102429973	6000000026477587011
Q102429995	6000000038608861833
Q102429997	6000000038608642270
Q102430088	6000000026699176041
Q102431779	6000000027259928325
Q102432055	6000000015289115890
Q102432896	6000000007415332647
Q102434015	6000000041129150180
Q102434144	6000000041129162355
Q102434206	6000000089794967958
Q102434217	6000000089782193025
Q102434697	6000000009860894242
Q102434792	6000000189325923857
Q102437984	6000000014578730536
Q102438999	6000000043438627709
Q102440593	6000000178048501835
Q10244158	6000000074784398185
Q102441871	6000000009793756182
Q102444	6000000081127281897
Q102446	6000000040081234166
Q102454	6000000026163113240
Q102455591	6000000187409472923
Q102460513	6000000075597694843
Q102461	6000000025006439990
Q102461155	6000000075596915869
Q102461344	6000000042280980745
Q102461375	6000000028517691974
Q102461428	6000000008260463029
Q102462	6000000000921347470
Q102463264	6000000002824540814
Q102464	6000000195017937835
Q102464055	6000000000965118897
Q102465405	6000000007403729225
Q102465529	6000000007403491566
Q102465545	6000000007403630339
Q102465559	6000000007403698244
Q102465581	6000000002447377751
Q102465653	6000000007417804284
Q102478	6000000120414866821
Q102483	6000000014674591706
Q1024840	6000000013083194554
Q102485	6000000031108963271
Q102486935	6000000001388835526
Q102487163	6000000002930999462
Q102488096	6000000001388767874
Q102488837	6000000001727278340
Q102488853	6000000003077232154
Q102490	6000000081577451832
Q102491585	6000000011402660692
Q102492974	6000000009765734452
Q102495	6000000010557981075
Q102496635	6000000003642063499
Q102496650	6000000006952804193
Q102496665	6000000003576533222
Q102497658	6000000020521982631
Q102497673	6000000020527589876
Q102497727	6000000012569463793
Q102498444	6000000000664479985
Q102498580	6000000016206685599
Q102498607	6000000014653579711
Q102498723	6000000014653639163
Q102498748	6000000014653594626
Q102498765	6000000006444432594
Q102500156	6000000001008582544
Q102500697	6000000073132529850
Q102502290	6000000002668026681
Q102502514	6000000006026584016
Q102502529	6000000002667976098
Q102503142	6000000008301399394
Q102503147	6000000013958179284
Q102503382	6000000020651546691
Q102503885	6000000006023352135
Q102503899	6000000006024339039
Q102503936	6000000038851098043
Q102504001	6000000016206545477
Q102505521	6000000009593661551
Q102505539	6000000009593790452
Q102505562	6000000029820887081
Q102505576	6000000004009395816
Q102505592	6000000002930832855
Q102506003	6000000034976943121
Q102506056	6000000016170426908
Q102506075	6000000002908355601
Q102507805	6000000010192500031
Q102507957	6000000003147132595
Q102507972	6000000003147132548
Q102508073	6000000010192563765
Q102508637	6000000010192739330
Q102508652	6000000024727981676
Q102509557	6000000024728818178
Q102509629	6000000041633091145
Q102509730	6000000006110217113
Q102509972	6000000003154961184
Q102511	6000000020627957260
Q102511954	5345529204330075011
Q102512336	6000000017423754876
Q102512364	6000000017423757679
Q102512386	6000000003884067721
Q102512409	6000000000969862145
Q102513	6000000000695208641
Q102514324	6000000015906380269
Q102515	6000000024033922269
Q102519612	6000000009420064290
Q102521308	6000000012335427020
Q102522194	6000000002931045836
Q102522503	6000000003939484318
Q102522532	6000000008287091669
Q102523407	6000000008009557449
Q102523831	6000000013126059029
Q102523853	6000000013101706183
Q102523876	6000000013063301852
Q102523894	6000000013052372489
Q102527	6000000016165539895
Q102527251	6000000047378661276
Q102527568	6000000013312547473
Q102527980	6000000047379106143
Q102532993	6000000002275806678
Q102533109	6000000003342168449
Q10253341	6000000011547393391
Q102534956	6000000000647127237
Q102535063	6000000022632165573
Q102535188	6000000148426588821
Q102535656	6000000001129189101
Q102535674	6000000142153147821
Q102536	6000000004654778222
Q102536264	6000000168893239852
Q102536331	6000000010389511296
Q102536333	6000000010389301620
Q102536340	6000000023283491478
Q102536383	6000000003665172882
Q102536386	6000000002460123041
Q102536395	6000000002459662950
Q102536399	6000000002385291045
Q102536400	6000000002385128138
Q102536404	6000000019300203492
Q102536411	6000000009403156033
Q102536429	6000000009465346089
Q102536436	6000000015999803375
Q102536444	6000000015999624958
Q102536547	6000000050292602832
Q102536578	6000000004147881178
Q102536583	6000000004147672900
Q102536591	6000000004147665835
Q102536602	6000000004148088023
Q102536628	6000000024782378925
Q102536628	6000000036997569010
Q102536790	6000000015468767606
Q102536885	6000000016390429430
Q102536931	6000000015703612947
Q102537012	6000000010330902047
Q102537033	6000000033897303166
Q102537040	6000000008577032772
Q102537050	6000000008649108313
Q102537064	6000000008649071423
Q102537121	6000000010342047024
Q102537182	6000000010330963060
Q102537210	6000000015778623818
Q102537242	6000000016812996017
Q102537298	6000000010422156584
Q1025377	6000000054688868030
Q1025395	6000000001699523544
Q1025419	6000000015029842085
Q1025426	6000000018780273150
Q102543936	6000000015622171971
Q102543985	6000000006899075162
Q102544098	6000000008934671221
Q102544116	6000000015439807530
Q102544129	6000000010067733464
Q102544152	6000000008260148256
Q102544166	6000000008754452560
Q102544233	6000000015664004396
Q102544337	6000000008697160644
Q102544443	6000000010559640570
Q102544769	6000000078279609975
Q102544779	6000000010512369265
Q102544953	6000000016827762132
Q102544975	6000000016507911959
Q102545137	6000000019871172423
Q102545148	6000000018286889160
Q102545187	6000000010041529714
Q102550424	6000000000986698284
Q102550431	6000000000986621238
Q102550905	6000000013083038135
Q102551	6000000015559399121
Q102575	6000000055606284338
Q1025804	6000000001504598209
Q1025817	6000000001505007612
Q102585	6000000035349374310
Q102590302	6000000012378889334
Q10259883	6000000075326922974
Q10260643	6000000040992247113
Q102607	6000000051068020093
Q1026080	6000000072513281995
Q10261	6000000011960743253
Q1026102	6000000026985976568
Q102611543	6000000009388534882
Q102612	6000000046987117917
Q102612370	6000000038825100858
Q10261632	6000000017044159432
Q102616989	6000000003168883035
Q10261725	6000000004976940674
Q10261734	6000000027988740951
Q102622121	6000000000533220399
Q10262356	6000000025865514147
Q10262521	361263756810001342
Q10262711	6000000028589870825
Q10262858	6000000029350622665
Q10262863	6000000017424790580
Q10262869	6000000004588219739
Q10262953	6000000017135608734
Q10263120	6000000003689404434
Q10263665	6000000098137757045
Q10263786	6000000043725126734
Q1026379	6000000013340697346
Q10263828	6000000001435389447
Q10263876	6000000017846393927
Q10263911	6000000011625714410
Q10263920	6000000010730862778
Q10263970	6000000019284632012
Q10263998	6000000103445416956
Q10264006	6000000044964511876
Q10264019	6000000001590680635
Q10264030	6000000030546913107
Q10264068	6000000075962619881
Q102642	6000000016023861172
Q10264206	6000000028546609626
Q10264225	6000000138964517446
Q10264359	6000000087020743878
Q10264401	6000000009406367335
Q1026444	6000000045031495124
Q10264463	6000000080631249066
Q1026458	6000000006444545336
Q102648	6000000012848878498
Q10264851	6000000048759270884
Q102650597	6000000009388519619
Q1026509	6000000056341552010
Q10265100	6000000017538454207
Q1026525	6000000023797752282
Q10265294	6000000074717612001
Q1026532	6000000076888616415
Q10265327	6000000075423972039
Q10265362	6000000083828398854
Q1026540	6000000021159159038
Q1026548	6000000021500074179
Q1026593	364429746240001524
Q10266035	6000000014348140494
Q10266077	6000000011491931351
Q10266332	6000000020441109784
Q10266336	6000000015702130332
Q1026639	6000000013663689102
Q10266390	6000000034476292183
Q10266439	6000000000658832689
Q10266471	6000000016154891354
Q10266475	6000000019939522891
Q10266496	6000000016250489483
Q10266505	6000000016324446780
Q10266531	6000000026118723689
Q10266557	6000000154484496821
Q10266561	6000000002410474125
Q10266596	6000000027362667157
Q10266605	6000000085632302855
Q102666934	6000000096145924268
Q10266723	5556303308410106647
Q102667808	6000000000114057471
Q1026694	6000000007216977129
Q102670500	6000000008730266534
Q102672355	6000000009793738199
Q10267687	6000000052174694826
Q10267938	6000000008896329222
Q10267986	6000000021791928323
Q10268035	6000000003774566030
Q10268038	6000000013742357738
Q10268056	6000000033744446825
Q10268066	6000000017555083234
Q10268067	6000000016104006252
Q10268085	6000000181871302890
Q102681	6000000177022914844
Q10268105	6000000003148761550
Q10268107	6000000033818685993
Q10268138	5228702347270080916
Q10268263	6000000027176518394
Q10268276	6000000078924477889
Q10268330	6000000071660548071
Q10268393	6000000176114075917
Q10268409	6000000017710641629
Q10268423	4342184048590052669
Q1026854	6000000000037346739
Q102687	6000000024375483242
Q10268847	6000000080182527972
Q10268863	6000000024239792177
Q10268889	6000000053613164824
Q10268894	6000000001435440746
Q10269034	4845954340980030348
Q102691557	6000000007951660714
Q10269292	6000000090343586749
Q1026930	6000000005599052030
Q10269330	6000000105960250898
Q10269567	6000000074717759970
Q1026959	6000000173104985295
Q10269596	6000000074717896848
Q10270147	6000000076371611427
Q10270167	6000000017717373347
Q1027026	6000000044270079015
Q1027028	6000000140749053971
Q10270307	6000000050549764899
Q10270312	6000000180762666821
Q10270465	6000000177728483842
Q10270466	6000000027917344050
Q10270477	6000000039178117972
Q10270497	6000000035415135376
Q1027052	6000000024156726866
Q10270621	6000000023745664733
Q10270627	6000000175678950896
Q10270643	6000000034583160163
Q10270659	6000000169587398822
Q10270664	6000000183767721838
Q10270669	6000000004327249653
Q10270689	6000000076040016913
Q10270729	6000000017538115248
Q10270746	6000000014012791370
Q10270749	6000000003346112787
Q10270758	6000000001130750004
Q10270773	6000000034323150802
Q10270801	6000000026920517738
Q10270807	6000000017414834075
Q10270814	6000000023842238339
Q10270820	6000000017121229004
Q102711	6000000006762622095
Q102712172	6000000012751579587
Q10271262	6000000074704226057
Q1027161	6000000017378904438
Q10271617	6000000074747851036
Q10271678	6000000075484703616
Q10271698	6000000074716811255
Q10271705	6000000016001072550
Q102718	6000000180395567822
Q10271804	6000000074717138923
Q1027182	6000000003479628394
Q1027185	6000000003012927907
Q10271856	6000000001902445036
Q10271863	6000000003655090381
Q10271883	6000000021716933888
Q10271905	6000000030626562964
Q10271983	6000000032467619846
Q10271986	6000000039299222383
Q10272055	6000000015810222630
Q102722	6000000051330681901
Q10272402	6000000017708643403
Q10272407	6000000185700285920
Q10272408	6000000005071151385
Q102726	6000000077139720153
Q10272630	6000000077111713150
Q102726845	6000000014300277758
Q102728416	6000000141149403908
Q10272991	6000000007764145326
Q102730	6000000032745775868
Q102732076	6000000006788236911
Q10273359	4167686648200047984
Q10273513	6000000173463006852
Q10273610	6000000034022835130
Q10273669	6000000019965455579
Q102736788	6000000006788763050
Q1027380	6000000016422350076
Q1027386	6000000029597780423
Q1027392	6000000022289789562
Q10274049	6000000024145964856
Q10274055	6000000075145188822
Q10274093	6000000009494365485
Q10274100	6000000078364260356
Q10274101	6000000004097348822
Q10274102	6000000001435450451
Q10274130	6000000026467058931
Q10274134	6000000014566497748
Q102741759	6000000004095483594
Q102742672	6000000037015894406
Q102742696	6000000004952720665
Q102742726	6000000003076417081
Q102742740	6000000002800024237
Q102743868	6000000011003812404
Q1027455	6000000016429412314
Q10275060	6000000023514936570
Q102753	6000000075199002821
Q1027565	6000000142121766923
Q102760323	6000000014877283530
Q1027621	6000000001382506438
Q1027641	6000000020460902355
Q1027643	6000000026380964629
Q1027646	6000000098169397989
Q1027656	6000000086772432838
Q1027671	6000000079479632105
Q1027673	6000000032866733403
Q1027683	6000000081024554953
Q102771834	6000000071228845865
Q1027729	6000000024725899907
Q1027747	6000000026106605311
Q10277624	6000000004566336047
Q10277626	6000000015986984457
Q1027798	6000000009626047547
Q10278088	6000000013330906275
Q10278103	6000000078709433483
Q10278106	6000000020573884487
Q10278195	6000000014594250901
Q10278265	6000000010462422257
Q102783	6000000055492967885
Q10278345	6000000177518092821
Q10278355	6000000006336492322
Q10278364	6000000007313824966
Q10278375	6000000105798111858
Q10278390	6000000009880250601
Q10278397	6000000007406022235
Q10278418	6000000051305584910
Q10278953	6000000022754400837
Q1027911	6000000029356818846
Q10279146	6000000000954777262
Q102793	6000000038890469582
Q102796767	6000000014839273148
Q102796789	6000000014839102295
Q102796810	6000000008672876049
Q1027975	6000000016251284853
Q1027976	6000000015707843949
Q1027978	6000000016251337601
Q102799	6000000012574474739
Q102799504	6000000022822381904
Q102800578	6000000015375829234
Q102800595	6000000015375918102
Q102800730	6000000000550734477
Q102800760	6000000015375846482
Q102800782	6000000005946798420
Q10280081	6000000074708862446
Q102801	6000000111180538206
Q102801039	6000000001994490559
Q102803090	6000000008640857221
Q10280321	6000000071744608872
Q10280329	6000000017785940523
Q102804	6000000013078351021
Q102804256	6000000000532931828
Q102806	6000000040792884969
Q10280936	6000000043907602973
Q10280937	6000000040710936150
Q10280955	6000000052423144105
Q10280965	6000000093576629866
Q10280992	6000000033147161128
Q102810042	6000000012956388258
Q10281022	6000000014576160970
Q10281026	6000000000653645505
Q102810453	6000000023884270054
Q102811470	6000000012956140054
Q1028117	6000000013791321996
Q102811935	6000000197888327822
Q102812	6000000002215916401
Q10281203	6000000057028784833
Q10281205	4757239138360020966
Q10281212	6000000008977545124
Q10281243	6000000026620459053
Q10281256	6000000182012479831
Q102813	6000000018330591857
Q10281306	6000000017526571452
Q10281322	5088993134880109027
Q10281332	6000000020986158006
Q10281346	6000000064813625839
Q102813460	6000000019866287427
Q102813490	6000000021792680945
Q102813816	6000000014149427292
Q10281391	6000000022756626629
Q10281412	6000000008060502633
Q10281420	6000000020786650700
Q10281422	6000000016670666451
Q10281456	6000000072823181905
Q1028147	6000000040532849975
Q10281473	4574611798710068910
Q10281491	6000000143981590853
Q10281497	6000000015466113298
Q10281508	6000000030432522398
Q10281515	6000000034517466074
Q10281536	6000000147031180821
Q102815413	6000000031912536487
Q10281559	6000000051221957837
Q102815594	6000000052501527049
Q10281577	6000000036444864445
Q10281578	6000000028870235503
Q102815813	6000000029097437321
Q102815935	6000000015729542957
Q102816212	6000000003827535748
Q102816219	6000000003827535754
Q10281633	6000000124326491070
Q102816381	6000000016845884081
Q102816406	6000000016845805621
Q102816449	6000000016670658062
Q102816476	6000000016670652117
Q102816486	6000000017230571512
Q102816498	6000000014920241513
Q102818411	6000000014148570388
Q1028189	6000000035371527184
Q102818988	6000000026985984432
Q102819111	6000000020961249647
Q102819156	6000000019762255607
Q10282143	6000000075426999843
Q10282189	6000000004058336689
Q102822	6000000013071091266
Q102822365	6000000003828248079
Q102822468	6000000016726369720
Q1028228	6000000080790688137
Q10282363	6000000076305265309
Q1028239	6000000044014125103
Q102824107	6000000016742288715
Q102824129	6000000022939482583
Q102825170	6000000019751432368
Q102825174	6000000019751517330
Q102825180	6000000019751338588
Q1028253	6000000019625017958
Q1028255	6000000180955861847
Q10282601	6000000179402750881
Q10282605	6000000184030931863
Q10282613	6000000000850675543
Q10282683	6000000002188489144
Q102827711	6000000027829765626
Q102828361	6000000003273401280
Q10282930	6000000001029370649
Q102829416	6000000022605276472
Q1028298	6000000066854974844
Q102830	6000000013222784238
Q102830186	6000000006444585585
Q10283057	6000000083443694221
Q10283058	6000000078924236023
Q10283068	6000000011159782981
Q10283095	6000000180858974866
Q10283097	6000000078289293048
Q10283119	6000000030531069626
Q102832568	6000000000172377236
Q102836425	6000000019757596291
Q102836456	6000000019758074148
Q1028369	6000000102377040040
Q102837	6000000019643069290
Q1028393	6000000043441975906
Q102844364	6000000113936479184
Q102844913	6000000003940397480
Q102845046	6000000003938157298
Q102845060	6000000003938033998
Q102845071	388547819950003246
Q102845090	6000000000873187648
Q10284530	6000000022017288938
Q10284538	6000000014588120435
Q10284549	6000000025389756933
Q10284555	6000000029582119421
Q10284582	6000000008480309405
Q10284589	6000000017460585273
Q10284592	6000000029582107690
Q102845944	297410067760005466
Q10284598	6000000062673754967
Q10284602	6000000015987006297
Q10284611	6000000016950112615
Q10284628	6000000018659998269
Q10284634	6000000028977250937
Q1028466	6000000013632065725
Q10284662	6000000003152860875
Q102846701	6000000003938763341
Q10284676	6000000020439304505
Q10284677	6000000054295230586
Q1028469	6000000015960001207
Q10284696	6000000034027987048
Q10284702	6000000022018234189
Q10284704	6000000022020082564
Q10284707	6000000056824998966
Q102847091	6000000003938211473
Q10284710	6000000025665355399
Q102847103	6000000014805745744
Q10284711	6000000104574456132
Q102847118	6000000003187823281
Q10284754	6000000057776880929
Q10284762	6000000028855805997
Q10284775	6000000032341565863
Q10284779	6000000034340811615
Q10284783	6000000017102717054
Q10284792	6000000076554106803
Q10284808	6000000006331526490
Q10284829	6000000007589832997
Q10284842	6000000001435380582
Q10284850	6000000078768056008
Q10284856	6000000123118711854
Q10284864	6000000023282490471
Q10284867	367289831060002994
Q10284868	6000000021788124998
Q10284884	6000000017155414690
Q10284890	6000000044366540160
Q10284900	6000000021895077965
Q10284909	6000000104489844986
Q10284915	6000000021303848054
Q10284928	6000000033142743863
Q10284950	6000000074196156247
Q10284954	6000000034589336213
Q10284962	6000000026381413714
Q10284985	6000000040682684086
Q102849856	6000000027738561360
Q10284995	6000000050233625824
Q102849959	6000000024361077978
Q10285001	6000000003690803164
Q10285028	6000000020036786082
Q10285040	6000000017384393244
Q10285042	6000000023199915548
Q10285051	329364476460007445
Q10285068	6000000001435440766
Q10285073	6000000019776024111
Q10285077	6000000019148749727
Q10285079	6000000006862407972
Q102850965	6000000000708933441
Q10285097	6000000023686357863
Q10285099	6000000029515219042
Q10285106	6000000002091165313
Q10285136	6000000180143641879
Q10285139	6000000002883672800
Q10285162	6000000116800645867
Q10285168	6000000017144940291
Q10285180	6000000045040102141
Q10285195	6000000020546202839
Q102852	6000000010917744249
Q10285207	6000000125288073832
Q10285213	6000000011172618369
Q10285219	6000000126943467821
Q10285226	6000000082577136598
Q10285231	6000000027589754935
Q10285236	6000000010469446442
Q10285238	6000000019418117105
Q10285242	6000000181305778937
Q10285250	6000000028484475639
Q10285282	6000000000601576195
Q102852825	6000000034384600912
Q10285287	6000000085764891092
Q10285291	6000000085773136282
Q1028530	6000000038312381999
Q10285303	6000000041477476868
Q10285318	6000000021289705950
Q10285330	6000000007693925455
Q10285331	6000000074199906923
Q10285342	6000000015957897074
Q10285351	6000000040235090063
Q10285352	6000000039619579434
Q102853764	6000000036921678207
Q10285386	6000000136634687821
Q10285394	6000000138636907281
Q10285397	6000000152740646006
Q10285398	6000000021607012880
Q10285401	6000000034369808475
Q10285403	6000000152287407877
Q10285413	6000000026355528019
Q10285417	6000000017389003602
Q10285419	6000000021700036034
Q1028542	6000000053261231965
Q10285427	6000000078578418046
Q10285430	6000000021150610360
Q10285434	6000000000850648940
Q102854854	6000000021133602226
Q102855020	6000000021353216894
Q102855155	6000000022260621167
Q102855313	6000000011554546985
Q102855334	6000000019666340046
Q10285547	6000000160361938821
Q10285548	6000000012954379444
Q10285549	6000000017729139942
Q10285577	6000000211224705831
Q102856525	6000000008864447923
Q102856599	6000000008864637334
Q10285685	6000000102510867878
Q10285737	6000000000816280268
Q102857395	6000000048012816033
Q10285740	6000000185849518829
Q10285753	6000000126833704221
Q10285776	6000000182449944858
Q10285783	6000000000082971207
Q10285789	6000000015511170286
Q10285791	6000000075960641078
Q10285795	6000000017046459024
Q10285803	6000000021288427721
Q102858033	6000000064014169859
Q10285811	6000000023760163060
Q10285824	6000000035507021755
Q102858980	6000000008868927156
Q102858988	6000000002730781214
Q10285902	6000000068048653925
Q102860	6000000067485838825
Q10286009	6000000065587738825
Q1028601	6000000040031090389
Q102861236	6000000187290632844
Q1028616	6000000005254731537
Q102862184	6000000014297918219
Q102862510	6000000067936909823
Q102864843	6000000015116099359
Q102864865	6000000015116069922
Q10286657	6000000172864404652
Q102868359	6000000012779743520
Q102868368	6000000011929860238
Q102868378	6000000012779358944
Q102868390	6000000001923237710
Q102868411	6000000005417600414
Q10286843	6000000080714166912
Q10286923	6000000003345912501
Q102869700	6000000027739836643
Q10286993	6000000085030067861
Q10287	6000000025539989237
Q10287045	6000000178013108829
Q10287046	6000000000358187313
Q10287052	6000000016856294975
Q1028732	6000000027306378296
Q1028762	6000000017629371122
Q10287656	6000000074783367864
Q1028770	6000000017628498926
Q10287835	6000000182064434821
Q10287860	6000000002504385651
Q10287882	6000000015589799512
Q10287921	6000000000883757224
Q10288051	103321
Q10288309	6000000080599630286
Q10288311	382618830490011433
Q10288355	6000000040703263207
Q1028843	6000000082069591832
Q10288437	6000000120586167924
Q10288444	6000000022955876537
Q10288451	6000000045039047843
Q10288485	6000000071232144189
Q10288633	6000000001796435516
Q10288666	6000000129323694960
Q102887108	6000000000872266069
Q10288747	6000000015914416209
Q1028878	6000000032297870876
Q1028885	6000000043198205190
Q10288928	6000000174681377833
Q1028893	6000000019282855688
Q10288964	6000000128973020890
Q10288965	6000000014327697722
Q10289043	6000000016024940868
Q10289058	6000000039281324040
Q10289060	6000000174668770880
Q10289062	6000000085034854192
Q10289063	6000000038025122386
Q10289082	6000000109365102842
Q10289110	6000000046377549853
Q10289138	6000000042944095169
Q10289139	6000000172934969837
Q102891800	6000000018778947586
Q102892	6000000011019051698
Q10289234	326196261500004942
Q10289257	6000000008032205191
Q10289278	6000000000479455080
Q10289284	6000000010951747660
Q10289288	6000000078253330944
Q1028934	6000000008699241723
Q10289448	6000000017131573836
Q1028947	6000000039776966900
Q10289547	6000000017443771775
Q10289649	6000000135779682828
Q1028989	6000000045595110001
Q10290038	6000000020241350889
Q1029006	6000000015062482810
Q10290336	6000000019418359216
Q10290342	6000000001169762546
Q1029055	6000000020904010337
Q10290565	6000000035351676982
Q10290676	6000000044411057616
Q102907	6000000037150192200
Q10290843	6000000073531539826
Q10290846	6000000024038953987
Q1029089	6000000051165123871
Q1029091	6000000051161951961
Q1029103	6000000016015571196
Q1029110	6000000016015599074
Q1029113	6000000176025845861
Q102912	6000000023921314493
Q1029120	6000000076678102836
Q1029122	6000000005023038696
Q1029143	6000000022420287443
Q10291543	6000000013031520877
Q102918	6000000022995566581
Q1029185	6000000047328283465
Q1029208	6000000029618667963
Q10292138	6000000129007061850
Q1029220	6000000065491023924
Q10292544	6000000037400210150
Q10292585	6000000027594429052
Q1029263	6000000035781765906
Q10292658	6000000074770862883
Q10292670	6000000003494694746
Q10292778	6000000175311308826
Q10292782	6000000021700066284
Q10292790	6000000026872290130
Q10292793	6000000075969294857
Q10292794	6000000028891694072
Q10292817	6000000047086443150
Q10292821	6000000077953116370
Q10292879	6000000006509204013
Q10292895	6000000173658337644
Q1029305	6000000019844405020
Q10293079	6000000035526048992
Q10293095	6000000021987112454
Q102931194	6000000009948468575
Q10293150	6000000028808825016
Q10293151	6000000075484126216
Q10293158	6000000020438099588
Q1029323	6000000174444394081
Q10293259	6000000006838980131
Q10293267	6000000074685571945
Q10293285	6000000074686862899
Q10293292	5534214327880125873
Q10293361	6000000179882262917
Q1029341	6000000039181150289
Q10293538	6000000036395528959
Q10293598	6000000075405056854
Q10293762	6000000029859384748
Q10293777	6000000073398697527
Q1029380	6000000166897889822
Q10293813	6000000024775771044
Q10293824	6000000002462656925
Q10293841	6000000022336010642
Q10293884	6000000031621426117
Q1029391	6000000163793586838
Q10293920	6000000075060508870
Q1029394	6000000017957565167
Q1029397	6000000137805428970
Q1029399	6000000037910090099
Q10294042	6000000075484356826
Q102941	6000000023937575430
Q1029423	6000000157675211846
Q102942382	6000000009189346638
Q102942382	6000000157681677948
Q1029432	6000000031316346290
Q10294383	6000000021774310387
Q10294419	6000000047577513330
Q10294462	6000000024776720892
Q10294473	6000000026891078007
Q10294511	6000000020624386983
Q10294557	6000000080702733795
Q102945698	6000000014067202305
Q10294603	6000000053004958286
Q1029467	6000000164403759821
Q10294673	6000000077243083825
Q10294699	6000000074733399028
Q102947	6000000037008262267
Q10294719	6000000063162194076
Q10294741	6000000015810266465
Q10294742	6000000182523710924
Q10294759	6000000178167659882
Q10294761	6000000023582007724
Q10294772	6000000018500162077
Q10294785	6000000003957334233
Q10294794	6000000053050979863
Q10294795	6000000180019915027
Q10294817	6000000023052025842
Q10294833	6000000027899150926
Q10294834	6000000148873903821
Q10294835	6000000001842822183
Q10294842	6000000095669755851
Q10294847	6000000029726377962
Q10294851	6000000087247479178
Q10294892	6000000028321116617
Q1029490	6000000017215604190
Q10294903	6000000012016240543
Q10294911	6000000019222839377
Q102949325	6000000052674426530
Q10294979	6000000009709147279
Q10294985	6000000075484666857
Q10294994	6000000003807436636
Q10294997	6000000039611313934
Q10295003	6000000078282658954
Q10295013	300446174940008133
Q10295081	6000000079907889821
Q10295119	6000000075397912902
Q10295132	6000000089265414970
Q10295134	6000000008317903934
Q10295240	6000000020239657070
Q10295242	6000000064950566884
Q10295248	6000000059274152002
Q1029527	6000000036298427013
Q10295543	6000000009690132896
Q10295548	4475825
Q10295592	6000000003761645629
Q10295599	6000000024463455472
Q10295600	6000000075995167837
Q10295606	6000000023188374199
Q10295721	6000000075058419834
Q10295840	6000000075328253015
Q10295866	6000000017526799131
Q10295868	6000000074735682051
Q10295889	6000000075430320911
Q10295911	6000000074685377056
Q10295919	6000000074299827992
Q10295926	6000000042681590771
Q10296073	6000000074702215843
Q102961	6000000020406674043
Q10296338	6000000075482839883
Q10296340	6000000074749344864
Q1029639	6000000143121920061
Q10296401	6000000074770768840
Q10296407	6000000075431126979
Q10296413	6000000074691374315
Q10296415	6000000074793265860
Q10296421	6000000075326158468
Q10296423	6000000074771478868
Q10296426	6000000074770849859
Q10296436	6000000074733218821
Q10296554	6000000006930996195
Q1029673	6000000087138977872
Q1029682	6000000010925958834
Q10297002	6000000006376131062
Q10297037	6000000124780904890
Q10297039	6000000074784233328
Q10297112	6000000008922994636
Q10297193	6000000032556725279
Q10297265	6000000001538262223
Q10297272	6000000000176851697
Q10298008	6000000019775244644
Q1029801	6000000014883304817
Q102981042	6000000018523380543
Q10298302	6000000177037943378
Q102984	6000000034006130001
Q1029850	6000000080729878847
Q10298703	6000000033335299937
Q10298728	6000000059727311892
Q10298779	6000000076224041319
Q10298791	6000000181627348865
Q102988	6000000023937710015
Q10298816	6000000001899344288
Q1029884	6000000013807471776
Q1029886	6000000000007460315
Q10298870	6000000002346486282
Q10298895	6000000040776848419
Q102989	6000000043251516908
Q10299222	6000000076292012943
Q10299237	6000000015071283526
Q1029926	6000000000252565874
Q10299269	6000000075328183989
Q10299623	6000000017081115700
Q10299626	6000000015819680011
Q10299650	6000000032904843303
Q10299656	6000000027543755911
Q1029970	6000000037308661889
Q10299702	6000000031925035568
Q10300103	6000000038220851214
Q1030080	6000000060204479893
Q10301028	6000000009135665009
Q10301033	6000000087075135052
Q10301036	6000000000850669062
Q10301066	6000000074751039986
Q10301346	6000000098719777851
Q10302185	6000000014566514361
Q10302290	6000000024739897264
Q10302298	6000000017877775486
Q1030244	6000000023090874987
Q1030290	6000000040434677995
Q1030299	6000000032256372321
Q1030307	6000000076224637021
Q103032	6000000000555541591
Q10303343	6000000005656785442
Q10303353	6000000027725689003
Q10303369	6000000025055769012
Q10303376	6000000025848254065
Q10303605	6000000013678787218
Q10303606	6000000029260606024
Q10303771	6000000011451452440
Q10303797	6000000135991244821
Q10303804	6000000006727753561
Q10303902	6000000024791699093
Q10304032	6000000026368625042
Q1030409	6000000026664792434
Q103042	6000000033500759235
Q10304389	6000000039177989473
Q10304443	6000000014567742454
Q10304588	6000000038047083944
Q10304704	6000000015210349361
Q10304780	6000000006450454390
Q10304782	6000000152339483829
Q1030483	6000000007553886525
Q10304961	6000000080599576285
Q10304982	6000000083231137159
Q10305066	6000000038171389419
Q10305089	6000000175887718831
Q10305110	6000000019834152114
Q10305226	4300998159280068108
Q10305306	6000000126834594821
Q10305313	6000000025726370468
Q10305370	6000000003231576856
Q10305371	6000000069330719933
Q103056725	6000000024948366049
Q103056725	6000000192281757854
Q103056776	6000000044473503825
Q103056817	6000000199369019856
Q103056844	6000000015823151109
Q103056953	6000000041456946476
Q103059	6000000014263940742
Q1030643	4259130
Q1030645	386501658030005619
Q10306630	6000000003938303610
Q10306735	6000000029344013148
Q10306736	6000000024172999307
Q10306782	6000000018500162425
Q10306784	6000000017564202378
Q10306798	6000000018528849969
Q10306832	6000000076505122099
Q1030684	6000000031317418078
Q10306858	6000000034204254942
Q10306859	6000000078288477861
Q10306991	6000000027452740682
Q10307055	6000000024066620375
Q10307069	6000000016633800544
Q10307072	6000000018518617581
Q10307073	6000000026421489402
Q10307074	6000000164068297992
Q10307084	6000000078451395643
Q10307085	6000000004199977980
Q10307089	6000000018417159422
Q10307096	6000000167329078912
Q10307098	6000000014311453522
Q10307110	6000000039378595766
Q10307125	6000000084666828117
Q10307127	6000000014159546231
Q10307137	6000000001087590615
Q10307157	6000000032727712910
Q10307159	6000000017567748757
Q10307165	6000000008659972448
Q10307168	6000000001899298281
Q10307170	6000000083924268285
Q10307175	6000000078161377006
Q10307180	6000000019483311018
Q10307190	6000000013679418501
Q10307199	6000000076057416188
Q10307205	6000000040127696768
Q10307209	6000000026549162262
Q10307212	6000000019953198436
Q10307235	6000000005015678407
Q10307236	6000000018571153073
Q10307245	6000000023253680552
Q10307274	6000000017241672913
Q10307293	6000000078783295044
Q10307300	6000000021868808178
Q10307315	6000000064338981762
Q10307316	4471440308980030921
Q10307320	6000000060416940822
Q10307321	6000000020574563423
Q10307331	4985845423720053936
Q10307334	6000000019967964443
Q103073380	6000000046131303131
Q10307348	6000000029387288407
Q10307349	6000000021688857244
Q10307350	6000000022392891025
Q10307359	6000000078130314352
Q10307366	6000000149702678821
Q10307379	6000000071723183092
Q103074	6000000014652934208
Q10307409	6000000039379255969
Q10307419	6000000132393847874
Q10307421	6000000026354691392
Q10307427	6000000077332742309
Q10307428	6000000008460343323
Q10307436	6000000015312929003
Q10307437	6000000080571046269
Q10307439	6000000080363124871
Q10307450	6000000010686406887
Q10307507	6000000014766334251
Q10307523	6000000014674504596
Q10307569	6000000174352670671
Q10307804	6000000178472577872
Q10307841	6000000017466797334
Q10307846	6000000015425554588
Q10307847	6000000015924206300
Q10307863	6000000182559501822
Q10307873	6000000050762283154
Q10307889	6000000178088001823
Q10307897	6000000046949316916
Q10307903	6000000038081613125
Q10307923	6000000074792884020
Q10307976	6000000001899393048
Q10308044	6000000021354349860
Q10308074	6000000028832123376
Q10308076	6000000021091062033
Q10308099	6000000033140778874
Q10308129	6000000075421088887
Q10308145	6000000014654584583
Q10308298	6000000002336272431
Q10308428	6000000075506894859
Q103085115	944892
Q10308570	6000000074786452411
Q10308598	6000000003340106687
Q10308616	6000000178148871850
Q10308629	6000000017077159774
Q10308638	6000000122021839831
Q10308650	6000000006422194686
Q10308673	6000000008506780401
Q10308683	6000000086475917963
Q10308701	6000000028852651958
Q10308706	6000000013115125385
Q10308707	6000000010383959072
Q10308736	6000000015750631157
Q10308751	6000000021424094837
Q10308757	6000000017985255424
Q10308759	6000000020639794666
Q103087766	6000000037467105444
Q1030878	6000000017421624973
Q10308787	6000000017564833139
Q103088020	6000000009794804361
Q10308808	6000000017148873743
Q10308824	6000000051344923924
Q10308825	6000000003470972191
Q10308829	6000000019859810579
Q10308830	6000000041095790963
Q10308836	6000000111254528977
Q10308837	6000000008480892764
Q10308841	6000000180906388832
Q10308853	6000000023941026224
Q1030887	6000000019843315421
Q10308880	6000000174778071156
Q10308892	6000000000703022246
Q10308905	6000000030971409982
Q10308929	6000000019793082824
Q10308930	6000000029757578965
Q10308947	4344326014950041142
Q10308957	6000000035132238900
Q10308975	6000000083065516211
Q10308980	6000000008395696267
Q10308989	6000000030532010737
Q10309013	6000000009894246779
Q10309019	6000000069538439834
Q10309023	6000000020694834190
Q10309038	6000000084985129335
Q10309047	6000000029985715530
Q10309055	6000000016553069982
Q10309108	6000000034680930774
Q10309116	6000000033522077383
Q10309137	6000000043929543893
Q10309144	6000000042487386053
Q10309146	6000000021915862404
Q10309148	6000000148756984095
Q10309155	4656070014970026075
Q10309181	6000000019544226145
Q10309184	6000000132380034017
Q10309210	6000000076506095929
Q10309225	6000000139917050870
Q10309231	6000000001278350077
Q10309245	6000000061325795826
Q10309259	6000000151884758890
Q10309261	6000000012998496590
Q10309266	6000000006569356494
Q10309308	6000000021847426733
Q10309313	6000000017220724023
Q10309314	6000000017234900337
Q10309317	6000000017557748029
Q10309324	6000000021752099529
Q10309325	6000000023499999982
Q10309346	6000000038660203954
Q10309352	6000000027778322446
Q10309362	6000000019689343687
Q10309365	6000000021136646002
Q10309367	6000000165633352822
Q10309376	6000000082412313320
Q10309380	6000000015750447765
Q10309395	6000000022336028734
Q10309402	304873438540001422
Q10309406	6000000184680745830
Q10309430	6000000078768093998
Q1030944	6000000020760534952
Q10309447	6000000009277630695
Q10309448	6000000020041929011
Q10309451	6000000148051133892
Q10309455	6000000017564660297
Q10309461	6000000074757353870
Q10309467	6000000048650187827
Q10309469	6000000077236338981
Q10309474	6000000016775294941
Q10309479	6000000024105520720
Q10309495	6000000076558637821
Q10309544	6000000017630149591
Q10309551	6000000025957893433
Q10309555	6000000016009588575
Q103095812	6000000004025778354
Q10309601	6000000085617377223
Q10309620	6000000023744948996
Q10309624	6000000040868955877
Q10309630	6000000136913538990
Q10309642	6000000014710358635
Q10309643	6000000040991972137
Q10309660	6000000016380616086
Q10309671	6000000021661163658
Q10309691	6000000029582047017
Q10309703	6000000017424301573
Q10309727	6000000008480817413
Q10309728	6000000008698351107
Q1030973	6000000167786641044
Q10309751	6000000024685712288
Q10309762	6000000007258613678
Q10309785	6000000022382192204
Q10309787	6000000085175725837
Q10309792	6000000130783270833
Q10309816	6000000017720682864
Q10309827	6000000040931152230
Q10309899	6000000003701457859
Q10309920	6000000045925003834
Q10309930	6000000077149867925
Q10309935	6000000015511626441
Q10309945	6000000022644143952
Q10309946	6000000039640489402
Q10309951	6000000016054615212
Q10309954	6000000169765736826
Q10309982	4518877788440048382
Q10309986	6000000019982558285
Q1031	6000000003416740042
Q10310000	6000000026550690711
Q10310004	6000000052129864874
Q10310029	6000000076057730921
Q10310032	6000000020501034167
Q10310049	6000000013749281225
Q10310067	6000000001590921189
Q10310080	6000000017406418068
Q10310143	6000000034501385477
Q10310161	6000000005052683001
Q10310224	6000000085772039937
Q10310266	6000000031873867206
Q10310280	6000000076058879923
Q10310283	6000000023940900705
Q10310307	6000000126717109821
Q10310316	6000000084749503865
Q10310317	6000000030210713390
Q10310318	6000000059133562191
Q10310324	6000000008745747838
Q10310336	6000000179602028842
Q10310345	6000000022291855890
Q10310360	6000000015445817263
Q10310394	6000000026925436553
Q10310406	6000000004314306646
Q1031045	6000000059602891194
Q10310469	6000000030384791307
Q1031047	6000000059639717068
Q10310499	6000000030212849796
Q10310528	6000000041718930645
Q10310530	6000000019288645021
Q10310581	6000000005766311166
Q10310585	6000000013602467684
Q10310593	6000000025261054205
Q10310622	6000000019990824555
Q10310629	6000000041591144025
Q10310647	6000000002930079665
Q10310660	6000000179212613843
Q10310696	6000000073860974296
Q10310740	6000000076304609393
Q10310751	6000000020666550307
Q10310762	4422161771520055241
Q10310795	6000000019913727015
Q10310798	6000000076285603036
Q10310800	6000000012683717243
Q10310804	6000000026382989391
Q10310806	6000000050571118390
Q10310812	6000000036346231758
Q10310832	6000000014327765550
Q10310867	6000000001435450628
Q10310958	6000000075306423837
Q10311023	6000000119397293837
Q10311043	6000000022263175988
Q10311046	6000000027860283409
Q10311051	6000000039714598211
Q10311060	6000000023885808103
Q10311079	6000000003223274815
Q10311081	6000000083025537996
Q10311137	6000000042833769253
Q10311141	6000000076058853227
Q103111594	6000000020041959026
Q10311166	6000000063440576835
Q10311170	6000000008459196815
Q10311171	6000000017896949400
Q10311184	6000000020371137219
Q10311192	6000000140005536959
Q10311193	6000000148855600273
Q10311216	6000000035677178950
Q10311220	6000000177884983843
Q10311239	6000000014572037409
Q10311241	6000000085774408849
Q10311242	6000000012953948047
Q10311255	6000000023515077479
Q10311269	6000000024490913245
Q10311274	6000000034650660668
Q10311278	6000000035029220636
Q10311306	6000000038739875865
Q10311308	6000000021690147452
Q10311413	6000000003433684608
Q10311417	6000000007362572358
Q10311426	6000000003433435895
Q10311449	6000000051541683843
Q10311456	6000000103448373017
Q10311466	6000000181727222822
Q10311556	6000000018090244907
Q10311563	6000000028977574108
Q10311566	6000000015810119006
Q10311573	6000000020514875998
Q10311593	6000000011169715814
Q10311628	6000000129789375821
Q10311629	6000000022590743508
Q10311633	6000000033840798498
Q10311643	6000000000863797213
Q10311655	4120587
Q10311674	6000000173263301957
Q10311683	6000000021517629606
Q10311694	6000000019860325001
Q10311704	6000000121124332239
Q10311727	6000000082423290007
Q1031177	6000000030510902700
Q10311771	6000000052310695290
Q10311815	6000000015749045241
Q10311817	6000000031376414260
Q10311820	6000000081067814989
Q10311834	6000000018050964533
Q10311836	6000000136770266278
Q10311845	6000000074806233968
Q10311882	6000000063009451898
Q10311886	6000000003665099169
Q10311917	6000000020290154830
Q10311918	6000000030125797515
Q10311939	6000000016118707738
Q10311959	6000000021541281788
Q10312016	6000000078079353625
Q10312021	6000000077824710827
Q10312039	6000000034465538848
Q10312057	6000000005015495481
Q10312081	4251554987430049297
Q10312087	6000000023857945245
Q10312102	6000000000814171370
Q10312110	6000000019512096662
Q10312201	6000000020296046575
Q10312210	6000000083042308245
Q10312215	6000000001337637421
Q10312218	6000000000601042165
Q10312264	6000000002878553617
Q10312269	6000000028460874542
Q10312271	6000000027841597082
Q10312286	6000000172588298734
Q10312321	6000000023342537667
Q10312355	6000000014642259575
Q10312364	6000000016264797943
Q1031239	6000000087910272024
Q10312393	6000000056987472962
Q10312398	6000000000569269908
Q1031241	6000000026078370918
Q10312414	6000000013865864177
Q10312420	6000000013302075859
Q10312422	6000000021039624722
Q10312423	6000000015759954163
Q10312425	6000000179358283833
Q10312429	6000000019139529619
Q10312445	6000000001435345276
Q10312484	6000000086762154175
Q10312486	6000000177350812821
Q10312500	6000000006233039094
Q10312514	6000000052888888775
Q10312529	6000000016378622314
Q10312530	6000000016811924029
Q10312532	6000000039649503988
Q10312542	6000000022018353752
Q10312547	6000000113820486821
Q10312574	6000000025721072397
Q10312620	6000000021012287515
Q1031293	6000000030481308958
Q10313177	6000000023161736893
Q103132	6000000034891697850
Q10313207	6000000178521727833
Q10313218	6000000001053712724
Q10313219	6000000015865599162
Q10313281	6000000023152880305
Q10313295	6000000008520719491
Q10313299	6000000149533471256
Q10313364	6000000002493285456
Q10313384	6000000022658681111
Q10313387	6000000076929805576
Q1031340	6000000035310393072
Q10313413	6000000015616872408
Q10313430	6000000020352367845
Q10313432	6000000020102087788
Q10313436	6000000002928174756
Q10313438	6000000006979370349
Q10313440	6000000022017897646
Q10313452	6000000076376324937
Q103134540	6000000015262256140
Q10313455	6000000018416558648
Q10313456	6000000026637872111
Q10313460	6000000022891946853
Q10313464	6000000179987492919
Q1031347	6000000018170804484
Q10313493	6000000023773161721
Q10313495	6000000007632972123
Q10313499	6000000029012368715
Q10313658	6000000008098425034
Q103137121	6000000173331485880
Q10313831	6000000017545886672
Q10313884	6000000076858079484
Q10313892	6000000015771977743
Q10313904	6000000089789572904
Q10313955	6000000074727701079
Q10313982	6000000013955717252
Q103140	6000000010695746810
Q10314218	6000000025281795392
Q10314243	6000000079216060478
Q103142830	6000000000425046110
Q103143	6000000000472337865
Q103146	6000000023483288086
Q10314770	6000000033941223932
Q103152983	6000000028897060742
Q103153	6000000023783902242
Q103153636	6000000052355261853
Q103154211	6000000074175272951
Q1031551	6000000010252539640
Q10315513	6000000003232528835
Q10315560	6000000071659689029
Q103157	6000000004129494359
Q103158347	6000000025017569871
Q1031598	6000000071855127276
Q10316110	6000000185514390102
Q10316217	6000000085730081975
Q10316403	6000000017708398188
Q10316521	6000000180449998919
Q10316523	6000000055916460861
Q10316544	6000000028564127931
Q10316554	6000000061400233861
Q10316579	6000000082339879441
Q10316641	6000000013395836330
Q103167061	6000000003939888448
Q10316771	6000000085361921961
Q10316782	6000000051308885502
Q103168	6000000178789498821
Q10317279	6000000006283844630
Q10317286	6000000021039933719
Q10317293	6000000018616599767
Q10317351	6000000057908341907
Q10317425	6000000172977067865
Q10317438	6000000008480232422
Q10317440	6000000052235762903
Q10317452	6000000003197264082
Q10317464	6000000059613756981
Q103175409	6000000007014445918
Q103177092	6000000018779818747
Q10317874	6000000019444850679
Q103183408	6000000014335238007
Q1031838	6000000019775087096
Q103185	6000000025686813854
Q10318605	6000000028994082939
Q103187299	6000000014334488128
Q103188	6000000038513728447
Q10318839	6000000084660863929
Q103191152	6000000082705674936
Q103191176	6000000057461055353
Q103191214	6000000082705589878
Q103191254	6000000007742235328
Q103191329	6000000007742269325
Q103191363	6000000008439923419
Q103191380	6000000008439923428
Q103191396	6000000008439700484
Q103193	6000000004648477634
Q10319316	4295380597130042504
Q10319317	6000000016522011221
Q103194	6000000025687967931
Q1031944	6000000002384754616
Q103195256	6000000000031365984
Q103195307	6000000000031619023
Q10319604	6000000173525429824
Q103196980	6000000012538347996
Q103196999	6000000013319890381
Q103197016	6000000020705096156
Q103197081	6000000013319937241
Q1031976	6000000003615380551
Q10319837	6000000017562094651
Q103198645	6000000020013889718
Q103198660	6000000020015028001
Q103198673	6000000002185631590
Q103198686	6000000002185631600
Q103198701	6000000020907789940
Q103198749	6000000020907745098
Q103198767	6000000020013121977
Q103198786	6000000020014027610
Q103198802	6000000020014733184
Q103198824	6000000034606790135
Q103198835	361438952450007725
Q103198847	6000000001727272671
Q103198858	361438677190004628
Q103198874	6000000020013799911
Q103198890	6000000041802446288
Q1031989	6000000007324593339
Q1031989	6000000088532016868
Q103199111	6000000040895778141
Q10319967	6000000026025793606
Q10319980	6000000054085539204
Q10320111	349912724320001007
Q1032012	6000000024334281193
Q103201487	6000000003940806799
Q10320193	6000000003379525969
Q10320208	6000000015592033335
Q10320290	6000000016776087550
Q10320340	6000000016775808034
Q10320397	6000000078054052247
Q10320412	6000000052227330823
Q10320421	6000000172865526962
Q10320583	6000000105958878863
Q103207429	6000000000475139619
Q103208137	6000000077138045730
Q10320824	6000000040650938692
Q10320848	6000000009831823804
Q103208592	6000000006771188003
Q103208614	6000000006778336116
Q103208640	6000000010433316326
Q1032088	6000000028860690885
Q103210139	6000000003124605776
Q10321046	6000000018704584028
Q10321088	6000000014566629035
Q103211	6000000038122418765
Q103211603	6000000015339632821
Q103212123	6000000131521171982
Q10321235	6000000015896041953
Q103212356	6000000011524864669
Q10321246	6000000016107512307
Q10321252	6000000021331048004
Q10321273	6000000031810843447
Q10321275	6000000172974203981
Q10321291	6000000020923157391
Q10321299	6000000003122394313
Q10321312	6000000179934968827
Q10321314	6000000015354307433
Q10321341	6000000000862998018
Q10321342	6000000076556638994
Q10321352	6000000041989118505
Q10321428	6000000018426618670
Q10321452	6000000003901083693
Q10321454	6000000089497912952
Q10321458	6000000021795529496
Q10321465	6000000147691501873
Q10321469	6000000017378594606
Q10321471	6000000015467585279
Q10321476	6000000002786291131
Q10321510	6000000015750615052
Q10321513	6000000015462063673
Q10321514	6000000085615273867
Q10321544	6000000016072889045
Q10321574	6000000020639776413
Q103216	6000000033851913709
Q10321616	6000000016102384537
Q10321620	6000000002304699002
Q10321653	4298903682010068680
Q10321661	6000000117662196907
Q10321685	6000000087441494822
Q10321696	6000000013782312348
Q10321697	6000000160514815827
Q10321706	6000000014472737508
Q10321730	6000000020801856060
Q10321744	6000000016060996689
Q10321751	6000000015135572600
Q10321759	6000000025428025177
Q10321782	6000000022469274556
Q10321788	6000000085034007919
Q10321804	6000000179958964855
Q10321825	6000000015356801638
Q10321845	6000000009623064601
Q10321870	6000000058016150203
Q10321948	6000000017846706864
Q103220020	6000000001332637303
Q103220076	6000000004303348797
Q103220127	6000000003360316421
Q103220166	6000000015812376216
Q103220212	6000000001142234140
Q103220235	6000000020659688168
Q10322025	6000000035151291506
Q103220273	6000000000969941183
Q1032239	6000000022412065408
Q10322682	6000000009688582123
Q103227780	6000000032941225999
Q103227865	6000000003397566705
Q10322965	4342720023490041823
Q10323073	6000000001127138226
Q103231	6000000178210737875
Q10323112	6000000074725792513
Q1032312	4283181737400059308
Q1032321	3996823052360126946
Q10323302	6000000042975591718
Q1032332	6000000051856532869
Q1032335	6000000002188529160
Q10323597	6000000016072576644
Q10323658	6000000074745406022
Q10323734	6000000074704378049
Q10323813	6000000090565091043
Q10323822	6000000008458516320
Q10323943	6000000181751231974
Q10323957	6000000086007764834
Q10323959	6000000175193932854
Q10323968	6000000018832994664
Q10323972	6000000021851723994
Q10323984	6000000083630527272
Q10324026	6000000041932636470
Q10324047	6000000003122394371
Q10324066	6000000031092734900
Q10324115	6000000009450563015
Q10324156	6000000056815703872
Q10324165	6000000003638620077
Q10324167	6000000076052724822
Q10324170	6000000177398535841
Q10324173	6000000022757077490
Q10324199	6000000169714854847
Q10324201	6000000168840641908
Q10324207	6000000076059007983
Q10324210	6000000007334945081
Q10324213	6000000006254823928
Q10324226	6000000017214127065
Q10324228	6000000015750888060
Q103242458	6000000009451924702
Q10324249	6000000107659117149
Q10324254	6000000017807947303
Q10324261	6000000050202341920
Q10324263	6000000021622416790
Q10324283	6000000051309714851
Q10324296	6000000023188472776
Q10324366	6000000007115384242
Q10324393	6000000025971851119
Q10324398	6000000010179783585
Q10324411	6000000023419484396
Q10324417	3555714
Q10324432	6000000027526010568
Q10324452	6000000016250107791
Q10324454	6000000007313827722
Q10324455	6000000025312594436
Q10324456	6000000059647329009
Q10324478	6000000015682427410
Q10324485	6000000134643299826
Q10324487	6000000014566455985
Q10324519	6000000074480756840
Q10324529	6000000038587277052
Q10324531	6000000007764169398
Q10324538	6000000005066916080
Q10324544	6000000018040777572
Q10324579	6000000020947026296
Q10324602	6000000027311143390
Q10324609	6000000019953223707
Q10324620	6000000036226615664
Q10324627	4343302230840013471
Q10324632	6000000005653239001
Q10324673	6000000016788025409
Q10324683	6000000041934448875
Q10324686	6000000016682468634
Q10324702	6000000014884065350
Q10324704	6000000022278283412
Q10324714	6000000004556888316
Q10324746	6000000000155278760
Q10324860	6000000000219759970
Q10324872	6000000080089458051
Q10324996	6000000042278579926
Q10325099	6000000017848311378
Q10325228	6000000058215537125
Q1032524	6000000077998928531
Q10325371	6000000015355597685
Q10325394	6000000039425084760
Q10325438	6000000089498382884
Q10325454	6000000025012715921
Q10325473	6000000018462862561
Q10325493	6000000134797512000
Q10325519	5228713158500054884
Q10325581	6000000008630789607
Q10325595	6000000014348509408
Q10325745	5090833890720053735
Q10325784	6000000017717713210
Q10325797	6000000020668763380
Q10325818	6000000012167587063
Q10325856	6000000001435443332
Q10325871	6000000202237158861
Q10325876	6000000010303995756
Q103259	6000000023884270733
Q10325901	6000000009043735167
Q10325904	5148959891230024813
Q10325910	6000000075267853801
Q10325936	6000000110351750824
Q10325940	6000000022521325562
Q1032595	6000000023439943807
Q10325958	6000000002950346036
Q10325966	6000000100068908882
Q10325967	6000000088635432821
Q10326028	6000000148752453831
Q10326047	6000000019288926538
Q10326055	6000000015965756627
Q10326062	6000000038272881619
Q10326100	6000000020331486957
Q10326110	6000000126939323824
Q10326159	6000000027541057730
Q10326162	6000000020159083112
Q10326185	6000000024465837455
Q10326257	6000000014653751783
Q10326259	6000000015356806725
Q10326269	6000000015712539831
Q10326295	6000000080454648867
Q10326453	6000000052362043053
Q10326515	6000000028590034271
Q10326570	6000000014316835844
Q10326677	6000000015103820353
Q103267	6000000213301955821
Q103268092	6000000037601588568
Q10326814	6000000174828725456
Q10326827	6000000017438738057
Q10326869	6000000015605723126
Q10326904	349367092160011566
Q10326922	6000000017607223864
Q10326974	6000000077164270395
Q10327036	6000000017710982213
Q10327077	6000000062616025347
Q10327090	6000000041343749891
Q10327349	6000000041591754828
Q10327377	6000000018492161954
Q10327379	6000000003379466878
Q10327381	6000000061386414884
Q10327386	6000000084971630823
Q10327388	6000000022484473761
Q10327392	6000000114288821887
Q1032743	6000000034435942197
Q1032750	6000000058705526313
Q1032758	6000000188063723830
Q10327584	6000000053344875842
Q10327608	6000000001742674797
Q10327616	6000000001899198770
Q10327627	6000000009796883469
Q10327633	6000000018954800071
Q10327637	6000000026424775926
Q10327643	6000000031345288698
Q10327740	6000000077082454882
Q10327789	6000000027593821054
Q1032793	6000000035500640602
Q10327963	6000000026661699123
Q10328330	6000000151377881105
Q103285	6000000001147920229
Q103295676	6000000149340871821
Q103296	6000000180849845865
Q10329704	6000000013901048756
Q10329706	6000000084886168220
Q10329707	6000000030192685698
Q10329712	6000000022590870262
Q10329740	6000000012548783506
Q10329750	6000000022836380027
Q10329756	6000000013740586487
Q10329800	6000000076337442864
Q10329841	6000000040869528638
Q10329871	6000000105804691013
Q10329876	6000000021917179688
Q10329884	6000000080570840155
Q10329888	6000000076303622266
Q10329890	6000000077315151541
Q10329913	6000000022018294885
Q1032992	6000000024485779223
Q10329947	6000000079216990000
Q1032998	6000000018096778338
Q1033001	6000000080794636884
Q1033011	6000000137203707823
Q1033016	6000000008470524294
Q103303	6000000006963558020
Q10330338	6000000074711781860
Q103305822	6000000019752623955
Q10330661	6000000148875511906
Q1033070	6000000180799347836
Q103308573	6000000019753163101
Q10331089	6000000074711529955
Q10331300	6000000074691523911
Q10331388	6000000038201404345
Q103317	6000000015128329420
Q10331844	6000000017620667492
Q103318780	4994895694160062480
Q103320	6000000049709374862
Q103320382	6000000185680714828
Q103321628	6000000038462467939
Q10332182	6000000075425133822
Q103322	6000000027019583860
Q10332231	6000000039520268490
Q10332262	6000000075399132050
Q103323171	6000000038462476964
Q103324270	6000000038450961037
Q103325	6000000028883141059
Q1033255	6000000010263205462
Q1033257	6000000079475766516
Q10332683	6000000075060910838
Q10332752	6000000059651993857
Q103328650	6000000037343097454
Q10332880	6000000074770774919
Q1033321	6000000075644942421
Q10333321	6000000051269011298
Q10333344	6000000074769147897
Q10333491	6000000074699290275
Q1033351	6000000000352560801
Q1033369	6000000162690884853
Q103337992	6000000010731572670
Q103338051	6000000009197243488
Q10333884	6000000074749178870
Q10333929	6000000074749221821
Q10334062	6000000075481844857
Q10334260	6000000015591137885
Q10334268	6000000006977807111
Q10334278	6000000016032755536
Q103343	6000000017672504050
Q10334324	6000000082598433950
Q10334408	6000000026509634555
Q10334414	6000000019543257110
Q10334443	6000000003165148193
Q10334464	6000000032534230659
Q10334488	6000000026637872106
Q10334498	6000000082961067960
Q10334508	6000000023419724638
Q10334516	6000000109369151821
Q10334533	1010125
Q10334534	6000000053969704970
Q10334541	6000000032260010055
Q103345546	6000000025438550399
Q10334564	6000000031748343075
Q10334569	6000000007803314781
Q10334671	6000000040984418060
Q10334695	6000000074699111347
Q1033471	6000000084555519164
Q10334752	6000000075405364893
Q10334812	6000000074736917090
Q10334839	6000000041679157864
Q10334841	6000000116529017050
Q10334889	6000000075425814893
Q10335022	6000000074699107210
Q10335039	6000000075425764860
Q10335078	6000000007512882335
Q10335379	6000000001167104852
Q103354	6000000000007461965
Q10335450	6000000016382700454
Q103354503	6000000050132187088
Q10335508	6000000002957120681
Q10335524	6000000075424999947
Q10335602	6000000054347648953
Q10335712	6000000074792369036
Q10335983	6000000074750169911
Q10336007	6000000016594452774
Q10336020	6000000075423683289
Q10336065	306569507470006422
Q103361	6000000005393321031
Q10336126	6000000087197779842
Q10336369	6000000136333968821
Q10336473	6000000074751054982
Q10336477	6000000014620045587
Q103365	6000000016475402990
Q1033656	6000000004576826140
Q10336598	6000000062123738180
Q10336666	6000000046567648830
Q10336730	6000000178059869844
Q1033676	6000000079539549086
Q10336766	6000000051764771025
Q10336776	6000000004690372369
Q10336782	6000000001788361397
Q10336787	6000000009470800814
Q10336891	6000000016095995831
Q1033711	6000000139799962831
Q10337385	6000000020169624838
Q1033741	6000000000739860105
Q10337438	6000000074735626121
Q10337824	6000000075424585196
Q1033798	6000000180119671829
Q10338127	6000000047471201887
Q10338177	6000000015356525814
Q10338313	6000000075425847889
Q10338324	6000000077199935929
Q10338351	6000000074699014438
Q10338448	6000000075966111139
Q10338468	6000000075061063879
Q1033860	6000000138891411883
Q1033862	6000000031690251901
Q1033882	6000000145238022863
Q10339233	6000000074699751886
Q10339781	6000000075413658038
Q10339856	6000000075346326846
Q10340181	6000000017462855364
Q10340192	6000000074716938141
Q10340241	6000000017157637183
Q10340294	6000000021175935230
Q10340350	6000000074704846850
Q10340463	6000000001079847081
Q10340491	6000000015423839111
Q10340506	6000000020342498166
Q10340530	6000000014764466184
Q10340531	6000000081126403523
Q103405716	6000000030972384114
Q10340616	6000000032860090274
Q10340715	6000000039996460517
Q10340748	6000000010849027352
Q103408111	6000000009795849222
Q10340815	6000000000177709264
Q103408872	6000000044008809101
Q10340914	6000000075401800891
Q1034103	6000000038242189907
Q10341038	6000000180844750823
Q10341040	6000000019313129487
Q1034113	6000000015729898197
Q103412	6000000039917571034
Q10341447	6000000039105350852
Q10341540	6000000074771301902
Q1034181	6000000006444764917
Q10342157	6000000016811480173
Q10342159	6000000074705682021
Q10342179	6000000003847008941
Q10342192	6000000064233473882
Q10342237	6000000015812683050
Q10342359	6000000039990475287
Q10342423	6000000027542742076
Q10342425	6000000027544149418
Q10342428	6000000074705691179
Q10342445	6000000018463123851
Q10342477	6000000013114979148
Q10342511	6000000012367516175
Q10342553	6000000034589365178
Q10342563	6000000003925887173
Q10342622	6000000075050629107
Q10342645	6000000075051044821
Q10343063	6000000075506668860
Q103432397	6000000018952305234
Q103437	6000000001094898430
Q1034380	6000000019057521487
Q1034385	6000000012199555641
Q10343889	6000000133445176827
Q103442	6000000077251465889
Q103449635	6000000020626267678
Q1034543	6000000010686750288
Q103454543	6000000024988962140
Q103458428	6000000004086736238
Q1034588	6000000041125868211
Q10346160	6000000030546896017
Q10346319	6000000081107091977
Q10346326	6000000015262831041
Q10346400	6000000028340094603
Q10346439	6000000074699048453
Q10346458	6000000064153502100
Q10346476	6000000076102632988
Q10346479	6000000075427056913
Q10346488	6000000078045605148
Q10346491	6000000020369092196
Q10346509	6000000005664607001
Q10346559	6000000074451747849
Q10346565	6000000031282034105
Q10346570	6000000015750515973
Q10346628	6000000018704126080
Q10346656	6000000076103569933
Q10346666	6000000074771354963
Q10346671	6000000018704024126
Q10346694	6000000004097050612
Q10346701	6000000015830709537
Q10346702	6000000059738636856
Q10346725	6000000083972956035
Q10346727	6000000015353560643
Q10346740	6000000065779674104
Q10346746	6000000075959395933
Q10346752	6000000020239753191
Q10346753	6000000020239637089
Q10346759	6000000003122394250
Q10346815	6000000118388358099
Q10346875	6000000028563846233
Q10346893	6000000019525871519
Q10346962	6000000074727687519
Q10347158	6000000074699458255
Q1034721	6000000029161683067
Q1034726	6000000052598163837
Q1034728	6000000043177715968
Q10347286	6000000045596475842
Q1034730	6000000039483093745
Q10347314	6000000043970550467
Q10347349	6000000074782456514
Q10347372	6000000019821504114
Q10347425	6000000017378299777
Q10347425	6000000149401900880
Q10347440	6000000114767609850
Q10347460	301382606370006425
Q10347473	6000000093206883975
Q103475117	6000000091429561840
Q10347513	6000000008520679151
Q10347528	6000000028086790073
Q10347531	6000000016145242249
Q10347533	6000000064601100923
Q10347539	6000000018394252340
Q10347547	6000000074699871900
Q10347557	6000000027724889402
Q10347558	6000000027724923422
Q10347574	6000000006574553757
Q10347589	6000000007497055375
Q10347593	6000000027327899965
Q10347670	6000000003781398392
Q10347704	6000000025053141883
Q10347710	6000000013647608470
Q10347715	6000000020532090914
Q10347726	6000000015684349217
Q10347730	6000000016060623136
Q10347750	6000000106021899848
Q103477990	6000000003729382101
Q10347805	6000000014929241415
Q10347828	6000000002426153001
Q10347839	6000000024569487679
Q10347841	6000000016568431204
Q10347844	5088977586710109072
Q10347861	6000000027823110845
Q10347868	6000000016132565830
Q103479	6000000002764502676
Q103479885	6000000007511954931
Q10348257	6000000005655942018
Q10348303	6000000074728565879
Q103485225	6000000021502248049
Q103485303	6000000024343516031
Q10348617	6000000074727965444
Q10348769	6000000051300710048
Q103488	6000000077063617527
Q10348897	6000000018658996721
Q103489326	6000000007511954938
Q10348955	6000000000037750248
Q10348962	6000000024567126222
Q103490	6000000057930521838
Q1034904	6000000010084853974
Q10349155	5440267062580089676
Q1034918	6000000037154896357
Q103492	6000000019064459311
Q10349696	6000000078551671063
Q1034996	6000000020368499993
Q1035	6000000001779353747
Q10350605	6000000027818349874
Q103506696	6000000002105051681
Q10350833	6000000026902920558
Q103509641	6000000002304334899
Q103509759	6000000012878268264
Q10351145	6000000028831855715
Q1035148	6000000038035385085
Q103515888	4286086404600060931
Q103515929	4285972785720060332
Q103515959	6000000074284918117
Q10351685	6000000077107134184
Q103517552	6000000005597281107
Q103519536	6000000002304344292
Q103519569	6000000000251810508
Q103519605	6000000003490579115
Q1035201	6000000002959022461
Q10352118	6000000076464262105
Q103524683	6000000003617592931
Q103524718	6000000003617015315
Q103525889	6000000002788095258
Q103526203	6000000008654173374
Q103526571	6000000006444711595
Q103526626	6000000002240780452
Q103527443	6000000093458929821
Q103527483	6000000093458766828
Q103527506	6000000093458802863
Q103527535	6000000004630645324
Q103527566	6000000007298323879
Q103527594	5665335895110106066
Q103528619	6000000071664763369
Q103528645	6000000002304406012
Q103528800	6000000009562760509
Q1035295	6000000131552737130
Q10353016	6000000075405012028
Q103532282	6000000001424408857
Q103535128	6000000015502558143
Q103535145	6000000015502344966
Q103537102	6000000001424415750
Q1035378	5216304443530135496
Q103538191	6000000038559903097
Q103538213	6000000006597506189
Q1035386	6000000036266598790
Q10354022	6000000078766080982
Q1035413	6000000015160019855
Q10354183	6000000020169498027
Q1035419	6000000000098430074
Q103543	6000000077604437917
Q1035455	6000000031800067887
Q103546	308349351860007069
Q10354621	6000000032103344071
Q103547	6000000018918055104
Q103547078	6000000017197380639
Q10354712	2532008
Q10354773	6000000031879248620
Q103554590	6000000022712632137
Q103554590	6000000048721957857
Q103555998	6000000003811088022
Q103556300	324610769180004604
Q103556565	6000000000474817405
Q1035567	6000000052500285079
Q103556804	6000000001354987734
Q103556835	6000000001355078063
Q103556852	6000000002389639869
Q103556862	4894492987800083554
Q103556883	6000000006440574436
Q10356212	6000000074788693309
Q1035666	6000000010400949745
Q103568200	6000000003051107082
Q10356889	6000000044362547867
Q103570	6000000037633803981
Q10357056	6000000006862812106
Q10357075	318777109910001410
Q10357142	6000000005514206055
Q10357146	6000000013229292395
Q10357149	6000000038272804624
Q10357175	6000000039208411424
Q10357186	6000000076037045898
Q10357211	4452041
Q10357276	6000000065174361876
Q10357334	6000000019585460437
Q10357344	6000000020828261396
Q1035735	6000000054420342049
Q10357381	6000000073631541927
Q103573929	6000000019077572438
Q10357417	6000000100518273821
Q103574230	6000000033119507085
Q10357464	6000000001160405169
Q1035748	6000000042236817870
Q10357500	6000000090400958723
Q1035751	6000000042236119199
Q10357593	6000000050417897837
Q10357604	6000000041543946816
Q10357610	6000000027508266450
Q10357625	6000000003352617716
Q10357644	6000000135646472919
Q10357662	6000000060605100919
Q103578	6000000002789334251
Q10357801	6000000008415391376
Q10357883	6000000030546483462
Q103578982	6000000023882421534
Q103580	6000000019445899085
Q103583109	6000000017720002784
Q103584	6000000199615264848
Q10358582	6000000012267758875
Q10358623	6000000017142261088
Q103587	6000000120090839862
Q10358841	6000000002634395179
Q103589	6000000181862456823
Q10358970	6000000030812052608
Q103590	6000000023700810301
Q103592	6000000019817672924
Q10359345	6000000017846199081
Q10359360	6000000071673380950
Q1035952	6000000009967089015
Q1035958	6000000115216270885
Q10359721	6000000074737764855
Q10359797	6000000075343839164
Q103598	6000000041650905333
Q1036030	6000000084233763035
Q1036038	6000000087299954863
Q10360383	6000000074733202025
Q10360464	6000000074706064896
Q1036052	6000000087135567858
Q10360558	6000000074728157065
Q10360699	6000000074768167050
Q10360753	6000000075050686950
Q10361075	6000000030070231040
Q10361151	6000000022148341555
Q10361161	6000000042658929912
Q10361214	6000000026369111245
Q10361245	6000000017857033825
Q1036137	6000000034115923215
Q10362394	6000000014210405348
Q103625	6000000019730479515
Q1036252	6000000028953522337
Q1036255	6000000007014371213
Q10363009	6000000014565693694
Q10363155	6000000030327127895
Q10363172	6000000006421776466
Q10363244	6000000074691652913
Q10363272	6000000074701622866
Q10363294	6000000074701159281
Q10363322	6000000074701356110
Q10363360	6000000116389319883
Q10363361	6000000013678861461
Q10363380	6000000026921276851
Q10363489	6000000000954604798
Q10363532	6000000042059665732
Q10363692	6000000003701130675
Q10363699	6000000029882741794
Q10363701	6000000003165541812
Q10363712	6000000014484802025
Q10363714	6000000019288555346
Q10363729	6000000073051672878
Q10363885	6000000007574111051
Q10363888	6000000028551685356
Q10363906	6000000028729348533
Q10363919	6000000039428271920
Q10363921	6000000039427516809
Q10363961	6000000085034767085
Q10363977	6000000045679502866
Q10363978	6000000008302429195
Q10363980	6000000022955928015
Q10364078	6000000013678466841
Q1036419	338442159460013045
Q10364190	6000000006742976090
Q1036433	6000000008499624576
Q10364348	6000000067723167821
Q10364376	6000000175468645960
Q10364494	6000000024776533712
Q10364525	6000000175678845890
Q10364568	6000000105741126079
Q103646	6000000002447369152
Q10364631	6000000045160008973
Q1036479	6000000019156826419
Q103651	6000000029309253599
Q103651061	6000000007625307209
Q10365121	6000000027541658317
Q10365128	6000000046896406924
Q1036513	6000000029922052035
Q10365188	6000000014201487316
Q10365264	6000000074736025998
Q10365310	6000000077952174716
Q10365334	6000000077953539873
Q10365423	6000000068534822976
Q1036591	6000000080346092954
Q103661583	6000000018650124836
Q1036617	6000000004096489269
Q10366282	6000000015262714880
Q1036658	6000000009540403274
Q1036660	6000000006713140702
Q103667	6000000047014633041
Q10366710	6000000015454409878
Q1036674	6000000006589243476
Q10366772	6000000037591607386
Q1036681	6000000073816985047
Q1036683	6000000021478557460
Q1036685	6000000092454490870
Q1036691	6000000041589727639
Q1036693	6000000026080122893
Q10366964	6000000128074394841
Q1036701	6000000012884737540
Q1036706	6000000013112089831
Q1036710	6000000016641321397
Q10367104	6000000020473563984
Q10367113	6000000007285871824
Q10367123	6000000036734872643
Q10367137	6000000034587742966
Q1036721	6000000011005855061
Q103673	6000000036945977272
Q10367335	6000000123798893822
Q10367342	6000000008445499613
Q10367343	6000000176107624891
Q1036746	6000000165619024220
Q10367469	6000000074771241888
Q10367575	6000000016681223214
Q1036776	6000000027022476183
Q1036784	6000000002188099722
Q103678530	6000000105867198821
Q1036789	6000000014042520905
Q1036819	6000000085315468006
Q10368513	6000000098827985278
Q10368515	6000000001635520262
Q10368525	6000000078026076189
Q1036858	6000000000122049006
Q1036869	6000000139913306905
Q1036871	6000000009911114772
Q10368910	6000000062266796968
Q1036904	6000000024199324372
Q10369070	6000000069288589910
Q10369090	6000000027063583843
Q10369095	6000000078784040957
Q10369105	6000000024584754843
Q10369115	6000000052174704843
Q10369141	6000000085773621936
Q10369146	6000000081140238830
Q10369156	6000000077925416040
Q10369162	6000000017405434425
Q10369172	6000000077279541996
Q1036939	6000000015997392035
Q1036943	6000000010331643808
Q103703231	6000000178165197871
Q1037035	6000000017266794640
Q1037043	6000000041072608049
Q1037050	6000000180763462874
Q1037067	6000000022576111372
Q10370734	6000000002090757758
Q10370741	6000000166554255052
Q103707427	6000000010772444684
Q1037081	6000000007548217651
Q10370824	6000000041690517233
Q103708246	6000000051169064205
Q1037096	6000000024359578052
Q103709894	6000000016530591274
Q1037140	6000000082964752334
Q10371453	6000000074714989033
Q1037151	6000000006565491518
Q10371546	6000000022453107847
Q10371570	6000000019444783391
Q1037161	6000000015310650158
Q10371610	6000000041295728185
Q103717794	6000000083451460843
Q10371934	6000000176916234823
Q1037207	6000000087640673922
Q103722	6000000121981127941
Q10372476	6000000077303784796
Q1037249	6000000137647086866
Q1037254	6000000017661380529
Q1037283	6000000054692067832
Q1037289	6000000002491127450
Q10372927	6000000000932634853
Q1037313	6000000095658558824
Q10373166	6000000015986006987
Q10373258	6000000027594784101
Q10373346	6000000078939076879
Q10373419	6000000029957535487
Q1037356	6000000084115218814
Q1037365	6000000015040094870
Q1037369	6000000016774185095
Q1037388	6000000003809640644
Q1037390	6000000025788768941
Q1037404	6000000138995570821
Q1037424	6000000147305565865
Q1037441	6000000111212336865
Q1037445	6000000023060638398
Q1037463	6000000070577585971
Q1037475	6000000017583785491
Q1037510	6000000003605758995
Q1037516	6000000161363713835
Q10375238	6000000009997498140
Q10375242	6000000015356833238
Q10375444	6000000016266889413
Q10375534	6000000000192788543
Q103756	6000000008591210673
Q1037562	6000000152717201967
Q103757	6000000008415097397
Q103757558	6000000009795407764
Q1037587	6000000042049049418
Q1037599	6000000020289886055
Q10376093	6000000084314920351
Q103760948	6000000011199871890
Q10376106	6000000181726159893
Q10376118	6000000039912526862
Q10376157	6000000000265508566
Q103762513	6000000013293921807
Q103762522	6000000013293905407
Q103762533	6000000000323131511
Q103762546	6000000013293921860
Q1037626	6000000042734901960
Q10376261	6000000003494041098
Q10376335	6000000005607163054
Q10376353	6000000001851519673
Q10376356	6000000102802243919
Q10376378	6000000076550689890
Q10376398	6000000015625845134
Q1037646	1509301
Q103765728	6000000010706902024
Q103765742	6000000021632149038
Q103765931	6000000045677926193
Q103765951	6000000000155786770
Q103765961	6000000007269610446
Q103765961	6000000027652562439
Q103765968	6000000002870133269
Q103766080	6000000010706326165
Q103766087	6000000003006517228
Q103766098	6000000003006514709
Q103766112	6000000003006514289
Q103766129	6000000004990843143
Q103766143	6000000002766359711
Q103766260	6000000003006514518
Q10376638	6000000034341060648
Q1037666	6000000039535933903
Q103766841	6000000011243444485
Q103767639	6000000011061173624
Q103767649	6000000011061244464
Q103767668	6000000006907047944
Q103767679	6000000006907028548
Q103768704	5625713677010123167
Q103768923	6000000007268878697
Q103768923	6000000027652282460
Q103768935	6000000003502101326
Q103768955	6000000001363831260
Q103768972	6000000004967132349
Q103769148	6000000002969920320
Q103769234	6000000002860732755
Q103769247	6000000003210259103
Q1037694	6000000037716826065
Q103770678	6000000004336030126
Q103770698	6000000024874384089
Q1037711	6000000020016531597
Q103771787	6000000188993996851
Q103771916	6000000008439452735
Q103771924	6000000008439452773
Q103773232	5631326099660082072
Q103773246	6000000008245180625
Q103773272	5631326315470082078
Q103773334	6000000008245084467
Q103773363	6000000011520323147
Q103773381	6000000011520125807
Q103773393	6000000007819339657
Q103773403	6000000011003923794
Q103773414	6000000009098248550
Q103773433	6000000007398568468
Q103773474	6000000007334248282
Q103774	6000000008392165883
Q103774060	6000000003733071092
Q103774892	6000000003259177540
Q1037750	6000000022541954455
Q103775068	6000000016195893842
Q103775080	6000000009885942963
Q103775109	6000000016186682820
Q103775777	6000000087328559995
Q103776876	6000000017371465081
Q1037779	6000000021557707708
Q103778	6000000179890084844
Q1037786	6000000021557853111
Q103779	6000000013208575177
Q1037793	6000000021558012128
Q1037794	6000000021557826541
Q1037797	6000000080087455232
Q1037798	6000000075959012204
Q103780120	6000000023525141030
Q103780753	4974600844480116541
Q103780785	6000000007980333181
Q1037808	6000000182542942857
Q103780803	6000000007980352837
Q103780827	6000000002986527917
Q103780848	6000000002349109318
Q1037812	6000000038243490654
Q103781466	6000000004457921034
Q103781649	6000000001464688164
Q103781665	6000000001463188427
Q103781680	6000000001463345179
Q10378216	6000000010951725588
Q103782212	4974592702710104467
Q103782292	6000000031913666565
Q103782295	6000000001669611594
Q103782307	6000000002432615523
Q103782321	6000000002431861692
Q103782357	6000000083377047280
Q103782436	6000000031126304888
Q10378254	6000000185507638936
Q10378260	6000000116527834325
Q103782696	6000000002858317025
Q103782704	6000000008950767484
Q103782720	6000000001176978220
Q103782727	6000000011402059027
Q103782734	6000000001177022796
Q103782766	6000000007391709642
Q10378297	6000000160087893847
Q1037831	6000000002584347382
Q103784	6000000004294398157
Q103784023	6000000183586045823
Q103784211	6000000002895314842
Q10378427	6000000075422628947
Q1037848	6000000004269573705
Q103784884	6000000026591995742
Q1037874	6000000026517856699
Q103787429	6000000001933338478
Q103787445	6000000012157353626
Q10378748	6000000074749067997
Q103788	6000000029183252270
Q103788148	6000000006735833029
Q1037888	6000000001033849192
Q10379128	6000000026982398324
Q10379131	6000000028011677508
Q1037924	6000000015682053530
Q10379320	6000000065670037821
Q10379329	6000000020707152447
Q1037938	6000000029426526904
Q10379439	6000000074731089098
Q10379457	6000000075424189868
Q10379466	6000000074704091471
Q10379479	6000000075423723133
Q10379511	6000000075503047827
Q10379533	6000000074727711062
Q10379589	6000000074771306943
Q10379593	6000000075049908144
Q1037960	6000000004095774678
Q1037962	6000000041072175746
Q10379688	6000000039266262018
Q1037973	6000000133589043822
Q1037979	6000000025256963959
Q1037985	6000000004096105501
Q103799438	6000000173232836975
Q1038003	6000000039891628525
Q103800733	6000000013151471408
Q103800747	6000000013151231588
Q1038009	6000000016519185106
Q1038012	6000000058111548051
Q1038015	6000000171522552108
Q10380199	6000000076059940841
Q10380249	6000000020241400577
Q10380250	6000000071613101646
Q10380252	6000000077016983658
Q10380305	6000000053071291876
Q1038039	6000000074727263309
Q10380408	6000000017389492650
Q10380409	6000000008520747659
Q10380413	6000000008520557978
Q103804475	6000000022197626017
Q103804624	6000000004138386551
Q103804709	6000000003138856121
Q10380497	6000000176114075824
Q103805014	6000000024403501262
Q103805030	6000000012418654894
Q10380534	6000000024105893722
Q10380535	302120340370001307
Q103805757	6000000013651153099
Q103807044	6000000017302659266
Q103807056	6000000078896937052
Q103807073	6000000017301802240
Q103807207	6000000010763041127
Q1038074	6000000060397860955
Q103808177	6000000004591202805
Q1038094	6000000171758105929
Q103810571	6000000009405134079
Q1038108	6000000024631659805
Q103810907	6000000015160276812
Q103810913	6000000005440515316
Q103810917	6000000002569744670
Q103810920	6000000000490876726
Q103810923	6000000000490872634
Q103810926	6000000007375870957
Q103810943	6000000014559316951
Q103811042	6000000012155903106
Q103811042	6000000080760134101
Q1038111	6000000036876059294
Q103811162	6000000024304269242
Q103811236	6000000014437907504
Q103811236	6000000073137207941
Q103811432	6000000038923906643
Q103811588	6000000084140424187
Q103811818	6000000010553941852
Q103812129	6000000002963971647
Q103812140	6000000003195142883
Q103812143	6000000008337304764
Q103812511	6000000011150243397
Q103812514	6000000011150137533
Q103812535	6000000011684628595
Q103812540	6000000011704836716
Q103812544	6000000011704788572
Q103812612	6000000011683957960
Q103812615	6000000008300650711
Q103812618	6000000003617115816
Q103812623	6000000003937680500
Q103812626	6000000000171148642
Q103812645	6000000003617665607
Q103812647	6000000008300663612
Q103812650	6000000009902506319
Q103812791	6000000013053170377
Q103812795	6000000013053029164
Q103812799	6000000013062094420
Q103812802	6000000013062159799
Q103812806	6000000002007142815
Q103812809	6000000017994478017
Q103812813	6000000041130960355
Q103812818	6000000007471521877
Q103812861	6000000007471779385
Q103812864	6000000006802840914
Q103813050	6000000013052669178
Q103813256	6000000010505369197
Q103813259	6000000010505638428
Q103813262	6000000000658929381
Q103813265	6000000000658926485
Q103813267	6000000000658917597
Q103813272	6000000000658920016
Q103813274	6000000000658976171
Q103813287	6000000013053150015
Q103813289	6000000003041037693
Q103813353	6000000027706147682
Q103813354	6000000006907186478
Q103813377	5168593484460119716
Q103813378	6000000005013047836
Q103813379	4450767123740050264
Q103813380	6000000000627276306
Q103813381	6000000000621152095
Q103813580	6000000051382705883
Q103813650	6000000013062640366
Q103813658	6000000078976261970
Q103814	6000000025720254648
Q1038145	6000000027307833897
Q10381454	6000000074748850934
Q103815164	6000000204297676846
Q1038159	6000000010579909916
Q103816006	6000000184940786834
Q1038162	6000000051123165858
Q103817563	6000000007705363747
Q103818234	6000000007705891726
Q1038186	6000000123689121057
Q103819140	6000000087353938154
Q103819151	6000000037427107018
Q10381917	6000000074727367964
Q103819171	6000000037426973002
Q103819201	6000000045907938938
Q103819203	6000000196395037858
Q103819215	6000000024757887164
Q103819215	6000000045888454989
Q103819222	6000000030837873771
Q103819224	6000000015151679024
Q103819224	6000000082673313933
Q103819278	6000000015346506631
Q103819279	6000000014882880868
Q103819284	6000000015346506663
Q103819289	6000000015346551263
Q103819586	6000000024758388190
Q103819677	6000000015346504596
Q103819782	6000000082668926045
Q103819786	6000000004103439708
Q103819797	6000000027821504005
Q103819808	6000000022924151285
Q103819810	6000000022924376042
Q103819832	6000000027821635084
Q103819839	6000000027821740856
Q10381988	6000000008278977540
Q10381991	6000000010563194225
Q103820098	6000000043455129906
Q103820116	6000000218431943859
Q1038208	6000000014825021660
Q103820979	6000000007137159289
Q103820996	6000000029073980667
Q103821096	6000000193030435821
Q103821126	6000000173756003501
Q103821141	6000000088602303336
Q10382117	6000000074727880928
Q103821191	6000000024846181012
Q10382186	6000000003220815256
Q103821871	6000000015519013196
Q103821910	6000000017103038052
Q103822	6000000184252669852
Q103822049	6000000026769503260
Q103822072	6000000008496979114
Q103822391	6000000035745938726
Q103822677	6000000016624564744
Q103822838	6000000003939502095
Q103822841	6000000008717464029
Q103822844	6000000003132959914
Q103822847	6000000008306534961
Q103822853	6000000003132939664
Q103822856	6000000002665904785
Q103822864	6000000003939496769
Q103823	6000000059739740833
Q103823122	6000000000173687855
Q10382313	6000000076372822955
Q103823130	6000000000173627988
Q103823137	6000000000177100100
Q103823144	6000000000177025478
Q103823154	6000000000177096305
Q103823164	6000000000176981764
Q103823348	6000000008297633653
Q103823401	6000000012461334039
Q10382394	6000000053645280866
Q103823951	6000000035019328167
Q10382400	6000000020838949714
Q1038247	6000000101450867884
Q103825000	6000000020842377705
Q103825168	6000000019359817133
Q1038254	6000000030746099482
Q1038266	6000000024101532423
Q103827387	6000000002539422921
Q10382750	6000000039425323991
Q103827534	6000000075955279839
Q103828899	6000000007225475142
Q103828902	6000000003939536270
Q103828946	6000000007226587229
Q103828950	6000000011625276029
Q10383078	6000000027706087094
Q10383087	6000000018659248621
Q10383090	6000000079071929060
Q10383104	6000000083066387869
Q10383110	6000000085175310852
Q10383117	6000000008505836813
Q10383118	6000000008506229259
Q10383128	6000000147727470839
Q10383130	6000000043493886802
Q10383132	6000000082685606522
Q1038318	6000000065053236928
Q103832343	6000000044288223166
Q103832368	6000000044287777276
Q103834463	6000000002668147037
Q1038345	6000000176225798821
Q103834685	6000000023012315135
Q103834688	6000000017914408740
Q103834723	6000000017914865247
Q103834779	6000000023011898267
Q103834936	6000000012516491687
Q1038350	6000000016299655560
Q103835033	6000000017914713814
Q103835187	6000000018212976750
Q1038354	6000000023524803140
Q103835403	6000000015387535777
Q103835536	6000000023011984173
Q103835612	6000000023012054077
Q103836586	370682870020012778
Q103836589	6000000003558910626
Q103836592	6000000003937822868
Q103836598	6000000001609621326
Q103836725	4853933313880095221
Q103836978	4853913916000030153
Q103837065	4853903188190044307
Q103837069	370729334970012739
Q103837175	6000000007251305894
Q103837180	6000000000543346485
Q103837183	6000000007140241135
Q103837204	6000000006419400019
Q103837206	6000000006720447875
Q103837212	6000000002174950033
Q103837518	6000000010434613250
Q103837521	2567826
Q103837574	6000000002174922905
Q103837577	5458523380540054163
Q103837606	2568033
Q103837657	6000000004068135384
Q103837661	6000000000137955722
Q103837664	6000000000664331306
Q103837694	6000000003484763186
Q103837765	6000000000145941891
Q103837768	6000000009753770471
Q103837795	6000000000146134096
Q103837798	6000000000875522299
Q103838249	6000000020206417898
Q1038384	6000000000787747434
Q103838608	6000000185516576841
Q103838744	6000000038973270909
Q103838873	6000000149008678822
Q103838918	6000000084072270901
Q103838937	6000000216641142822
Q103839048	6000000113352181477
Q103839097	6000000008773672913
Q103839737	5352554351430087524
Q103839854	5302105647120076745
Q103840467	6000000009205149680
Q10384059	4938868584270038249
Q1038407	6000000022332495454
Q10384092	6000000020438032705
Q103840994	6000000000114088531
Q103841110	6000000000933719292
Q103841123	6000000000038108520
Q1038417	6000000111173252873
Q103841872	6000000009467951683
Q1038422	6000000012777057169
Q1038428	6000000115313191992
Q103842814	6000000008042120397
Q103842849	6000000000533785827
Q103842970	6000000004140168133
Q103843075	6000000068576978879
Q103843084	6000000068576996898
Q103843127	6000000068576512877
Q103843195	6000000084692997973
Q103843520	6000000019160944407
Q103844	6000000041649375176
Q1038450	6000000015762689237
Q103846	6000000006817887105
Q103846646	6000000017097211140
Q103846669	6000000017097081189
Q103846670	6000000024512281222
Q103847200	6000000008043054334
Q103847484	6000000017096931875
Q103848497	6000000022456287733
Q10384881	6000000014571789131
Q1038496	6000000007961450260
Q1038509	6000000003732673394
Q103854	6000000002438922997
Q103855001	6000000010046792066
Q103855034	6000000016141755756
Q10385818	6000000017700995261
Q10385838	6000000016032883787
Q103858704	6000000120602329838
Q1038588	6000000023952810512
Q1038590	6000000022292448817
Q1038599	6000000023970041317
Q103859930	6000000020339722407
Q10386005	6000000026616247538
Q1038623	6000000033694103623
Q1038627	6000000016321569726
Q103863085	6000000004537997396
Q103863647	6000000032458559423
Q1038648	6000000027307839286
Q103865	6000000180953361837
Q103865357	6000000025891705854
Q103865499	6000000019858962056
Q1038656	6000000167066693881
Q103865695	6000000019858941001
Q1038659	6000000084318387041
Q103865961	6000000019858962050
Q1038694	6000000068739026875
Q1038705	6000000075224091940
Q103870891	6000000068575081821
Q103871200	6000000068573785012
Q1038717	6000000023652200215
Q103871723	6000000015281919723
Q103872045	6000000006100484428
Q103872059	6000000021746881871
Q103873045	6000000005768511097
Q103873143	6000000012207862038
Q1038732	6000000068930033824
Q103873864	6000000001180159462
Q103874051	6000000018561213681
Q103875	6000000009954521769
Q103876	6000000019377151548
Q1038769	6000000152728723892
Q103877164	6000000016487497648
Q103878822	6000000014066961503
Q103879187	6000000014066961509
Q103879788	6000000014067087842
Q103880221	6000000014067087848
Q10388146	6000000012275258212
Q1038815	6000000026338201687
Q10388226	6000000021917261281
Q103883482	6000000019677329389
Q1038845	6000000067239634822
Q1038846	6000000016951029851
Q1038851	6000000087180392982
Q1038855	6000000048350843214
Q1038862	6000000026711021915
Q1038865	6000000174681699832
Q10388717	6000000022644723652
Q103887845	6000000082938588411
Q103887995	6000000009802235032
Q103888039	6000000002799118147
Q103888086	6000000021947935891
Q103888234	6000000002497436455
Q10388882	6000000039785177998
Q103888822	6000000006269744154
Q1038899	6000000053594904022
Q1038901	6000000073054358143
Q10389069	6000000016001334646
Q1038917	6000000049088204897
Q10389172	6000000039990600415
Q1038920	6000000084972230946
Q10389210	6000000033164616317
Q10389213	6000000014567215588
Q103892707	6000000081648538625
Q10389294	6000000122638857124
Q1038930	6000000084954619237
Q1038933	6000000033188310821
Q10389356	6000000021317711245
Q103893927	6000000005962059802
Q103894	6000000013939815419
Q1038941	6000000182965702822
Q103895671	6000000006788972721
Q10389742	6000000025445392258
Q10389746	6000000023812282213
Q1038985	6000000006127636988
Q10389948	6000000019808565722
Q103899525	6000000014947264951
Q103899671	6000000014959091973
Q10390	6000000001943436766
Q103900230	6000000021332706370
Q10390093	6000000039612796140
Q1039012	6000000025274252800
Q103901414	6000000013655837877
Q10390215	6000000018659086387
Q103902171	6000000086595181073
Q10390226	6000000000005683631
Q10390233	6000000018479371620
Q10390256	6000000110526789853
Q103902572	6000000086730361159
Q10390264	6000000089214979082
Q10390266	6000000020190793905
Q10390276	6000000022409892741
Q10390287	6000000018463003870
Q10390297	6000000029013977144
Q10390304	6000000172056973451
Q103903312	6000000083820194298
Q103903312	6000000130989090257
Q1039034	6000000006166011266
Q10390346	6000000079565255963
Q1039038	6000000006823775086
Q103903863	6000000016749535642
Q1039042	6000000037411867909
Q10390466	6000000001899230633
Q1039047	6000000020795003790
Q1039049	6000000024432759835
Q10390531	6000000031101318853
Q1039057	6000000026162660065
Q103905881	6000000013829080361
Q103909199	6000000015150195964
Q1039093	6000000021150332117
Q103909499	6000000015150800068
Q103910134	6000000020357958044
Q103911	6000000105928411822
Q1039112	6000000133598050832
Q103911669	6000000007250748441
Q1039123	6000000114341599009
Q103913313	4994895723610062486
Q1039135	6000000039138978913
Q1039144	6000000026953852713
Q10391516	6000000039204810014
Q103916121	6000000013708995996
Q103916232	6000000125321372992
Q10391661	6000000027854537675
Q1039167	6000000004095944026
Q103917	6000000008682688596
Q10391726	6000000015434943372
Q10391730	6000000082423495982
Q10391742	6000000002787345846
Q103917526	6000000048748882136
Q103917694	6000000001180199262
Q103918025	6000000037377062822
Q103918119	6000000011429967281
Q103918442	6000000004592936155
Q103919	6000000031573408365
Q103919096	6000000037376283753
Q10392063	6000000001435344698
Q10392130	6000000077794792213
Q103921453	6000000012255187617
Q10392177	6000000075959293838
Q10392241	6000000077952615603
Q103922542	6000000015972329829
Q1039226	6000000004136911883
Q10392734	6000000040682272084
Q1039275	6000000059205481877
Q103928379	6000000002799118059
Q10392947	6000000000638053806
Q1039295	6000000129540335199
Q10392978	6000000063428038868
Q10393001	6000000020252527131
Q103930399	6000000163610162744
Q10393106	6000000075945599879
Q10393116	6000000018871570959
Q103932185	6000000016157369004
Q1039328	6000000009077108766
Q1039334	6000000022541819453
Q103933765	6000000002799118067
Q1039339	6000000058717927886
Q103934143	6000000181270698822
Q1039342	6000000058717911909
Q1039350	6000000027008310703
Q103935348	6000000030017214798
Q1039355	6000000052495083893
Q1039359	6000000043251273040
Q10393598	6000000044228963865
Q1039367	6000000025085723078
Q10393674	6000000027894940053
Q10393681	6000000002666220350
Q1039371	6000000036981905123
Q10393710	6000000011516448504
Q10393789	6000000075933684833
Q103938373	4574961594550027761
Q103938489	4574953571250047942
Q103938496	4574942676280027237
Q103938505	4613881324320078544
Q103938641	6000000010253038560
Q103938645	4557626006670055903
Q103938652	4059985446090047388
Q103939	6000000007749618852
Q103939010	6000000013063401021
Q103940283	6000000001180199322
Q1039403	6000000060128325878
Q103941270	6000000059991690850
Q103941710	6000000174619823006
Q103942502	6000000012228323153
Q103942821	6000000013548621899
Q103942821	6000000190090630168
Q103943243	6000000001297731099
Q103943255	6000000006531091001
Q1039433	6000000002955241501
Q103943778	6000000004591178584
Q103944072	6000000000641887916
Q103944086	2952139
Q1039442	6000000076887605042
Q103944286	2952122
Q103944299	6000000001010489868
Q10394569	6000000051301083898
Q10394586	6000000015952702000
Q103946	6000000004294405750
Q1039467	6000000078524856272
Q103948826	4422905902250030029
Q103949	5541083291750134978
Q103949162	6000000009065957533
Q103949179	6000000010840936310
Q103949196	4438488780790076851
Q10395000	6000000016422595766
Q1039501	6000000066648345823
Q103950406	6000000011811167486
Q103950509	6000000014877514208
Q103950574	6000000014764242275
Q1039506	6000000078896009160
Q10395087	6000000016775778622
Q103951077	6000000001868071999
Q103951081	6000000020414637051
Q103951089	6000000016046957156
Q103951097	6000000016046909101
Q103951168	6000000086466968974
Q103951702	6000000001868073032
Q103953203	3736534
Q10395331	6000000011242327342
Q10395369	6000000033703433221
Q1039539	6000000075957245335
Q103954112	6000000016157348050
Q103954337	6000000016749838284
Q1039547	6000000022465084077
Q103954861	6000000028265674829
Q103954861	6000000084632491886
Q103955	6000000041454372495
Q1039551	6000000020679263011
Q103955273	6000000020070655734
Q103955273	6000000028265657861
Q103955372	6000000015963562936
Q103955384	3466962
Q103955471	6000000004569733131
Q103956247	6000000006590275414
Q1039567	6000000023524632251
Q1039570	6000000019183392286
Q10395755	6000000003848723171
Q10395757	6000000030860881280
Q10395774	6000000003858140922
Q10395791	6000000027918639371
Q10395814	6000000016412914208
Q10395825	6000000011321388252
Q103958859	6000000016430678514
Q103958861	6000000039319949810
Q103959099	6000000025358052468
Q1039591	6000000023953214249
Q1039603	6000000021240924625
Q10396047	6000000128936990836
Q103961217	6000000081359586017
Q10396162	6000000076056564176
Q103962	6000000001504367114
Q103962195	6000000011669772781
Q103962368	6000000015346263329
Q1039626	6000000020358791295
Q10396272	6000000020239479714
Q103963171	6000000009402438240
Q103963514	6000000024758120983
Q103964282	6000000015750887815
Q1039643	6000000077845649975
Q103964380	6000000038376355032
Q103964499	6000000001180339127
Q10396462	6000000030546836961
Q10396464	6000000051306041868
Q103965735	6000000006789097451
Q103965840	6000000006789369104
Q10396714	6000000075499936871
Q10396886	6000000074730415860
Q10396897	6000000074734852893
Q103969587	6000000010779464355
Q103970	6000000006727862915
Q1039702	6000000025593726671
Q1039707	6000000055598459901
Q1039720	6000000041536938648
Q1039727	6000000074450002982
Q1039742	6000000153733681886
Q1039749	6000000021458212128
Q1039765	6000000010788453314
Q103977	6000000028107042480
Q1039783	6000000040679881159
Q103980035	6000000014119487285
Q103980284	6000000020842667416
Q103980433	6000000076919536445
Q103980567	6000000069765505848
Q103982479	6000000023698769417
Q103982480	6000000023698538804
Q103982481	6000000007321243626
Q103982483	6000000001788631706
Q103982575	6000000002603467086
Q103982587	6000000000225342520
Q103982664	6000000024633448826
Q103983971	6000000014561992063
Q1039888	6000000182953449836
Q103988915	6000000018163806160
Q1039906	6000000028185211020
Q1039932	6000000040049961172
Q1039935	5284091799920059687
Q10399489	6000000183988883871
Q1039964	6000000006127594445
Q103998622	6000000035683534206
Q103998757	6000000036964296884
Q104000	6000000001735522661
Q1040001	6000000165658703832
Q1040024	6000000023519262336
Q104003	6000000021000673683
Q1040041	6000000015896617380
Q104004554	6000000013788625497
Q10400470	6000000016901602366
Q104004936	6000000013682058998
Q104005076	6000000013687458718
Q104005338	6000000062573201047
Q104005343	6000000003939049325
Q104005346	6000000009536193208
Q104005350	6000000000181188677
Q104005373	6000000000181202353
Q104005388	6000000041620014722
Q104005393	6000000003742326376
Q104005396	6000000019149411536
Q104005493	6000000013067761690
Q104005495	6000000026122197967
Q104005497	6000000001382803198
Q104005498	6000000001382750132
Q104005499	6000000001382713861
Q104005501	6000000007060563737
Q104006392	4355155955950028190
Q104006525	5710258362280042307
Q104006553	6000000011759386849
Q104006887	4355155941570067814
Q104006888	6000000009561927372
Q104006889	6000000007257772401
Q104006925	6000000003306275418
Q104006926	6000000008727780407
Q104006929	6000000002678619702
Q104006932	6000000003650750011
Q104006932	6000000165166267854
Q104007018	6000000008369935725
Q104007029	6000000003904406625
Q104007076	6000000001142141046
Q104007212	6000000027702858689
Q104007245	6000000025873912884
Q1040075	6000000171752411986
Q104007798	6000000015519018144
Q104007900	6000000008448574410
Q104007901	4786700400320076011
Q104007905	6000000001214785169
Q104008011	6000000018209107983
Q104008199	6000000012664685100
Q104008200	6000000012664806419
Q104008207	6000000012664684676
Q1040084	6000000002835762393
Q104008490	6000000023034312108
Q104008565	6000000023033805710
Q104008665	6000000023034518344
Q104009466	6000000019053822848
Q104009918	6000000012992952678
Q104010106	6000000085382551824
Q104010173	6000000026494820953
Q1040102	6000000025996250602
Q104010371	6000000012993180222
Q104010429	6000000020148506011
Q104010630	6000000008299876976
Q104012086	6000000018458908680
Q104012172	6000000006444267662
Q104012178	6000000018460459318
Q104012203	6000000002043241034
Q104012205	6000000002043249797
Q104012208	6000000002043249811
Q1040133	6000000026606348488
Q104014292	6000000038402255455
Q104015571	6000000019858941008
Q104016	6000000007887677716
Q104016748	6000000023077027449
Q104017410	6000000011330168654
Q104017740	6000000019054022826
Q104018	6000000123451260892
Q1040189	6000000002639031476
Q104021034	6000000003852542773
Q1040219	6000000057418289850
Q104022248	6000000019054324848
Q104022548	6000000007690354515
Q104024	6000000023402383247
Q1040245	6000000184785560870
Q1040248	6000000031023248832
Q104027	6000000006843466688
Q1040279	6000000013175136276
Q104029092	6000000013718144969
Q104029113	6000000014154243394
Q104029134	6000000052742467869
Q104029365	6000000013655959239
Q104030798	6000000013717833841
Q104031	6000000057022717852
Q1040312	6000000036491110978
Q104032	6000000006010329680
Q104033366	6000000033330150042
Q104033368	6000000017753201083
Q104033368	6000000094651325115
Q104033369	6000000033329766475
Q104033369	6000000094651325162
Q104033370	6000000017753202049
Q104033370	6000000094652274851
Q104033371	6000000017884349104
Q104033372	6000000003522650859
Q104033374	6000000000967527667
Q104034096	6000000012992154098
Q104034098	6000000009937964227
Q104034259	6000000024296504005
Q104034260	6000000024296281060
Q104034261	6000000024268034606
Q104034262	6000000024268512003
Q104034264	6000000024268387383
Q104034267	6000000024268683600
Q104034268	6000000001876256216
Q104034285	6000000024268307251
Q104034290	5408036054690129942
Q104034291	4840859463860044566
Q104034292	322445380390002375
Q104034310	6000000024268386469
Q104034311	6000000024281452483
Q104034312	6000000024281875217
Q104034313	6000000000664474651
Q104034314	6000000000664457796
Q104034329	6000000000769851812
Q104034354	6000000000966235133
Q104034411	6000000002906612239
Q104034743	6000000044126621254
Q104034747	6000000044126840869
Q104034750	6000000011623885356
Q104034752	6000000014008261140
Q104034757	6000000007383343464
Q104034760	6000000014007875731
Q104034766	6000000007384298400
Q104034805	6000000044126351213
Q104034808	6000000003940301109
Q104034812	6000000001540856454
Q104034815	6000000003938223748
Q104034818	6000000000284221540
Q104034823	6000000000284221202
Q104034833	6000000003937850845
Q104035160	6000000032799868828
Q104035277	6000000032799516195
Q104035297	6000000032799013761
Q104035302	6000000032780747638
Q104035306	6000000032779450630
Q104035309	6000000032780733864
Q104035314	6000000020653901728
Q104035319	6000000012984155088
Q104035326	6000000012984228726
Q104035330	6000000002953190392
Q104035335	6000000002953216222
Q104035338	6000000001769046350
Q104035343	4138598533710065799
Q104036264	6000000019598210467
Q104036308	6000000019524269052
Q104036312	6000000046006972249
Q104036317	6000000007394625812
Q104036449	6000000002897582219
Q104036450	6000000002897578108
Q104036451	6000000002897439685
Q104036454	6000000002897580326
Q104036456	6000000003147726121
Q104036458	6000000040680492651
Q104036460	6000000001657844507
Q104036520	6000000013030885157
Q104036529	6000000013030665875
Q104036534	6000000013030947647
Q104036543	6000000013031009618
Q104036546	6000000013031129297
Q104036564	6000000001597141469
Q104036838	6000000002339465471
Q104036840	6000000006906944540
Q104036856	4914222018090058168
Q104036929	6000000008935591485
Q104036931	6000000008935377109
Q104036933	6000000008935541758
Q104036935	6000000068027732029
Q104036937	6000000015414967942
Q104036940	6000000003940001936
Q104036947	6000000001402248534
Q104036949	6000000001647958115
Q104036989	6000000008944242046
Q104037042	6000000005963354349
Q104037057	6000000003937491839
Q104037061	6000000003937491847
Q104037099	6000000119344375829
Q104037147	6000000003937491854
Q104037150	6000000010408641899
Q104037152	6000000002302585668
Q104037154	6000000000815014126
Q104037175	6000000004056735807
Q104037230	6000000008935773542
Q104037233	6000000008974674934
Q104037235	6000000065364496869
Q104037237	6000000014832120966
Q104037245	6000000014832205969
Q104037247	6000000002823859919
Q104037257	6000000046208224978
Q104037274	6000000040479930529
Q104037323	6000000019469300344
Q104037323	6000000195039898464
Q104037588	6000000057135375975
Q104037730	6000000003792360803
Q104037786	6000000015357464656
Q104037869	6000000083595312428
Q104038001	6000000002725515926
Q104038062	6000000002725579400
Q104038199	6000000184385403912
Q104038224	6000000003036748489
Q104038234	6000000003036832068
Q104038911	6000000006444302756
Q104038940	6000000006231553735
Q104040646	6000000006127318741
Q104040660	6000000017716924211
Q1040407	6000000064367579854
Q1040413	6000000034431436576
Q1040420	6000000030792744223
Q10404351	6000000141920846821
Q104046070	6000000013355169654
Q104047524	6000000035260108110
Q104048340	6000000013355098854
Q104049	6000000052861658210
Q1040492	6000000030768078499
Q104049446	6000000013355714790
Q104049570	6000000013356025230
Q104049704	6000000010310127924
Q104049719	6000000180071636823
Q104049721	6000000019923982032
Q104050196	6000000008351537070
Q104051985	6000000147657554821
Q10405213	1547413
Q104054	6000000018182668607
Q104054089	6000000030674366055
Q1040541	6000000182975268859
Q1040545	6000000134644545839
Q104055318	6000000006822174785
Q1040557	6000000135075841243
Q104055758	6000000013718209455
Q104055835	6000000095880843392
Q104055919	6000000125394472833
Q104056560	6000000085069388179
Q104057110	6000000021078414682
Q104057778	6000000045551250850
Q1040585	6000000129542553897
Q1040601	6000000181258440864
Q104061	6000000011524319905
Q1040617	6000000009119936474
Q104062628	6000000042049758952
Q1040657	6000000014042401539
Q1040662	6000000041741465157
Q104067	6000000024309822503
Q1040670	6000000013354899409
Q1040674	6000000175711232885
Q1040681	6000000000023632904
Q104070	6000000005969233796
Q1040710	6000000092340208269
Q104072634	362774620160003859
Q104072638	6000000010684988853
Q104072641	6000000010685010745
Q104073308	6000000027538502192
Q104073310	6000000027539230726
Q104073312	6000000027539838859
Q104073314	6000000000808432987
Q104073319	6000000008843272748
Q104073321	5546266870800063538
Q104073325	6000000003938177909
Q1040746	6000000068742505864
Q104074730	6000000002244359551
Q104074741	6000000002240745745
Q104076565	6000000001339868694
Q104076575	6000000000897977842
Q104076586	6000000000887393310
Q104076602	6000000004228999366
Q104076668	6000000058883816621
Q104076675	6000000058884544907
Q104076680	6000000002545837691
Q104076684	6000000007601471185
Q1040783	6000000016866675229
Q1040798	6000000150999557835
Q1040807	6000000001194010102
Q104081	6000000006823498764
Q1040813	6000000064957261899
Q104081994	6000000080471547846
Q104082105	6000000007051286882
Q104082323	6000000071619679005
Q104084588	6000000007512010543
Q1040851	6000000012481787848
Q1040857	6000000027235645804
Q1040876	6000000010141744969
Q104088506	6000000017539456635
Q104088507	6000000016201221205
Q104088508	6000000031230556271
Q104088510	6000000025243964628
Q104088511	6000000023523999492
Q104088513	6000000016785824247
Q104088515	6000000026039569902
Q104088517	6000000016446758716
Q104088518	6000000020224459514
Q104088520	6000000019910145224
Q104088521	6000000020680091038
Q104088547	6000000069256789880
Q104088549	6000000043042668369
Q104088554	6000000152711328909
Q104088569	6000000022850164256
Q104088573	6000000036322411352
Q104088576	6000000040670525117
Q104088578	6000000019139532337
Q104088580	6000000055957420840
Q104088596	6000000026122255362
Q104088598	6000000103003350444
Q104088604	6000000016870084238
Q104088617	6000000120596537837
Q104088618	6000000180833823852
Q104088628	6000000052611389911
Q104088631	6000000021289781499
Q104088632	6000000018891961527
Q104088634	6000000043751460509
Q104088637	6000000033906479096
Q104088643	6000000041539839396
Q104088644	6000000085514128940
Q104088645	6000000026437464857
Q104088649	6000000033822313164
Q104088660	6000000006414058176
Q104088662	6000000179965763824
Q104088664	6000000066583268185
Q104088680	6000000076914382083
Q104088685	6000000077114469262
Q104088697	6000000013694724860
Q104088701	6000000002834379960
Q104088713	6000000172395033872
Q104088719	6000000041812514952
Q104088721	6000000082682039098
Q104088722	6000000021907196074
Q104088731	6000000020009215883
Q104088733	6000000097888419843
Q104088734	6000000033869872597
Q104088738	6000000019841274739
Q104088739	6000000009098480822
Q104088752	6000000063301120853
Q104088753	6000000078141501127
Q104088755	6000000024488543882
Q104088758	6000000009283702754
Q104088759	6000000020327274976
Q104088760	6000000182102376868
Q104088763	6000000015665592750
Q104088777	6000000176302032881
Q104088779	6000000019149069258
Q104088781	6000000045521341855
Q104088783	6000000150915064856
Q104088784	6000000002206677168
Q104088787	6000000042918944740
Q104088788	6000000012734593985
Q104088796	6000000026299047348
Q104088799	6000000014716283516
Q104088800	6000000042998303939
Q104088806	6000000049283212017
Q104088810	6000000002834270721
Q104088811	6000000002765705672
Q104091968	6000000022648665449
Q104092941	6000000009005787032
Q104093311	6000000075855511413
Q104093886	6000000015357830107
Q1040943	6000000020099053144
Q104094495	6000000017198347680
Q104096356	6000000034716205681
Q104096671	6000000010763371306
Q1040975	6000000069481421821
Q104097728	6000000180663242843
Q104099058	6000000088511588875
Q1041003	6000000048198017863
Q1041014	6000000019853770143
Q104102068	6000000020342213266
Q104104	6000000041446736860
Q1041049	6000000022419876063
Q1041050	6000000174636138789
Q1041058	6000000026942696357
Q1041059	6000000090466484893
Q104106	738562
Q104106155	6000000006734718491
Q1041068	6000000012365603264
Q104107552	6000000105114714853
Q1041078	6000000128521829832
Q104109	6000000006884191734
Q10411	6000000013367330649
Q1041112	6000000015451942248
Q1041115	6000000046988275942
Q1041127	6000000019101120537
Q104113490	6000000166743353824
Q1041135	6000000150151528879
Q1041149	6000000039645193474
Q104115139	6000000006828681316
Q1041167	6000000024685590982
Q104117052	6000000012685642354
Q104117163	6000000027361333955
Q1041173	6000000023060738835
Q104118613	6000000019393573489
Q1041188	6000000016203388626
Q104118856	6000000012286688926
Q104119985	6000000002870171519
Q104120031	6000000047036622020
Q104120149	6000000003077541286
Q104120150	6000000001364127679
Q104120296	6000000017037921892
Q104120299	6000000008945758199
Q104120301	6000000008945825562
Q104120303	6000000008936877133
Q104120305	6000000008937018868
Q104120307	6000000071664387995
Q104120309	6000000016325921270
Q104120972	6000000003615452293
Q104120998	6000000002870171092
Q1041211	6000000186385341825
Q104122063	6000000014091423389
Q10412293	6000000075423110935
Q10412363	6000000010048696704
Q104123992	6000000010522367046
Q104124	6000000143342213892
Q104124228	6000000172393744135
Q10412584	6000000074736441843
Q104125960	6000000008594353825
Q104125988	6000000010133696547
Q104126013	6000000205667783836
Q104126049	6000000004079825795
Q104126119	6000000010685289922
Q104126189	6000000004079825802
Q104126205	6000000035397770170
Q104126247	6000000006969989334
Q104126265	6000000003809166678
Q104126303	6000000008594603280
Q104126564	6000000200585011893
Q104126585	6000000008594222871
Q104126869	6000000008594623283
Q104127	6000000006839568160
Q104127080	6000000008594549757
Q104127215	6000000023126489058
Q104128015	6000000001889805852
Q104128016	6000000007287986370
Q104128017	6000000007275210411
Q104128019	6000000062564112970
Q1041281	6000000001009234754
Q104128100	6000000002894993815
Q104128157	6000000001889857986
Q104128161	6000000003230387826
Q104128211	6000000001890460806
Q104128213	6000000006797047316
Q104128214	6000000011747763281
Q104128265	6000000008997470171
Q104128270	6000000008997600293
Q104128271	5013112754390057901
Q104128340	6000000003939689160
Q104128340	6000000008997648244
Q104128351	6000000002588928519
Q104128352	6000000002315408243
Q104128353	6000000003939689095
Q104128358	6000000010734779261
Q104128359	6000000008997603231
Q104128367	5013133499680086155
Q104128370	6000000039305540685
Q104128371	6000000008997215065
Q104128396	6000000013175457105
Q104128397	6000000023729184647
Q104128398	6000000021967484914
Q104128399	292052757620004747
Q104128401	6000000000969857459
Q104128409	6000000012305310218
Q104128416	6000000012288620004
Q104128419	6000000012288619995
Q104128422	6000000000039165910
Q104128509	6000000012288620000
Q104128598	6000000017907905395
Q104128601	6000000004371077136
Q104128606	6000000000479348507
Q104128670	6000000021552823403
Q104128674	6000000017235240995
Q104128678	6000000006100511955
Q104128682	6000000022510798320
Q104128895	6000000008427490631
Q104128898	6000000004994090479
Q104128902	6000000003111441414
Q104128917	6000000004993517371
Q1041290	6000000026617050375
Q104129022	6000000006376487243
Q10412907	6000000074751603901
Q1041297	6000000180986729827
Q104130623	6000000009823606997
Q104130627	6000000002871973432
Q104130643	6000000081968931176
Q104130645	6000000000770087601
Q104130682	6000000002872042386
Q104130689	6000000000999220027
Q104130732	6000000039958184673
Q104131040	5111853941170064728
Q104131043	6000000010707804686
Q104131046	6000000003171489160
Q104131085	6000000017192692329
Q104131240	6000000000664848154
Q104131245	6000000010270804660
Q104131247	6000000002766625701
Q104131256	1185426
Q104131268	6000000040689298944
Q104131373	6000000004229500289
Q1041321	6000000152208301040
Q1041325	6000000005587341564
Q1041328	6000000049860373821
Q1041331	6000000067668697830
Q1041336	6000000025955408789
Q1041340	6000000007135958237
Q1041346	6000000029337165006
Q1041364	6000000014974562039
Q1041379	6000000085753674294
Q10413823	6000000005912232016
Q1041386	6000000084067207987
Q1041406	6000000049550771195
Q10414172	6000000074705540855
Q1041422	6000000023951658066
Q1041425	6000000036352734283
Q10414256	6000000074728817870
Q1041429	6000000178696916071
Q1041430	6000000013006879108
Q1041431	6000000017415560336
Q10414324	6000000074751196346
Q104143705	6000000033314421169
Q104143749	6000000007511822814
Q104144	6000000090835791833
Q1041440	6000000023685792247
Q1041441	6000000031629484169
Q104145188	6000000007723258239
Q104145191	6000000000001794232
Q104145194	6000000000029661114
Q1041455	6000000004097614096
Q104145527	6000000005231119599
Q10414568	6000000075419950888
Q10414594	6000000075418902373
Q104146	6000000009645700891
Q1041465	6000000002764501812
Q1041467	6000000035003640370
Q1041469	6000000003226803171
Q10414698	6000000075403421823
Q104148001	6000000004215663343
Q1041485	6000000019555323383
Q10414855	6000000075419495993
Q1041487	6000000018403377343
Q104149422	6000000035166095911
Q104149631	6000000082994685821
Q104150693	6000000080412084106
Q104150715	6000000076930801203
Q104150778	6000000023057877849
Q104150870	6000000017902534170
Q104151561	6000000082652777922
Q104152	6000000004097907248
Q104152351	6000000013192860386
Q10415243	6000000074705487931
Q1041527	6000000145341003987
Q10415352	6000000075420955032
Q10415399	6000000075407408958
Q1041542	6000000018954715844
Q10415436	6000000074705519893
Q104154802	6000000167048656108
Q104154806	6000000167046795184
Q10415546	6000000074705153070
Q104155778	6000000038373532049
Q104155847	6000000017875305038
Q104155916	6000000004058459059
Q1041563	6000000069450454080
Q10415648	6000000075412302875
Q10415993	6000000074725840475
Q104160230	6000000000271361492
Q104160235	6000000010211424782
Q104161	6000000006824219643
Q104161772	6000000011278050000
Q104161870	6000000050792878209
Q10416218	6000000074705416844
Q10416241	6000000075420092840
Q104162432	6000000192197864847
Q104162794	6000000028689972834
Q10416295	6000000075506101831
Q104163463	6000000028689951917
Q104163532	6000000003076417169
Q10416428	6000000075420454139
Q104165286	6000000035950384954
Q104165387	6000000029530205299
Q104165525	6000000016523505712
Q104165597	6000000026451346945
Q104165620	6000000070969517413
Q1041657	6000000028302892954
Q104166290	6000000035950575830
Q10416678	6000000074792423972
Q10416766	6000000027877126383
Q10416779	6000000074705540888
Q10416943	6000000074705384967
Q104169711	6000000158073554487
Q104169989	6000000037017092958
Q10417048	6000000074705502879
Q1041712	6000000151461457989
Q10417129	6000000074705088051
Q104172	6000000033682849143
Q104172724	6000000019521502599
Q104172774	4819508180080026956
Q104172797	6000000028143671643
Q10417288	6000000074727807075
Q104172914	6000000175742350898
Q104172922	6000000000140403025
Q104173089	6000000018028910254
Q10417313	6000000074728459057
Q104173613	6000000022580771697
Q104173776	6000000181001409870
Q104173864	6000000003038582357
Q104173871	6000000003038459872
Q104176637	6000000018570263834
Q104176650	6000000032889297420
Q104176698	6000000011212264651
Q104176722	6000000032343373571
Q104176774	6000000009656529359
Q104176800	6000000060173708338
Q104176887	6000000060177742049
Q1041769	6000000075423907834
Q104177085	6000000013638647976
Q104177103	6000000064803843151
Q104177120	6000000036379345047
Q104177186	6000000017116625209
Q104177227	6000000016372596451
Q10417744	6000000074784466035
Q104177836	6000000037154171261
Q104178301	6000000013218195610
Q104178416	6000000060174402864
Q104178519	6000000057803228878
Q104178556	6000000062179796934
Q104178813	6000000189324898898
Q104178856	6000000001349607274
Q104178910	6000000018571931834
Q10417893	6000000074705203882
Q104179437	6000000018572814558
Q104179561	6000000060183062174
Q104179679	6000000060178658902
Q1041799	6000000108139464857
Q104180239	6000000007427826299
Q104180305	6000000060174384858
Q104180354	6000000007427860260
Q104181220	6000000008927208780
Q104181896	6000000011467033455
Q1041825	6000000092188524951
Q1041829	6000000154951996822
Q104183	6000000008367093190
Q104183145	6000000040700569886
Q1041835	6000000182711086822
Q104184227	6000000017045465341
Q104185002	6000000017045295047
Q10418509	6000000021146172597
Q104185589	6000000018092058505
Q104185931	6000000000619185510
Q1041868	6000000145767425821
Q10418699	6000000003510785990
Q104187332	6000000006712107536
Q1041877	6000000147247412856
Q104188214	6000000004086775512
Q104188866	6000000067342344828
Q1041895	6000000185645279298
Q10418960	6000000006127177200
Q10418965	6000000007400320991
Q104190	6000000000628848001
Q104190760	6000000018152566058
Q1041908	6000000080189113851
Q1041911	6000000180734779836
Q104191755	6000000015333874235
Q1041919	6000000137996710996
Q1041976	6000000156762098854
Q1041979	6000000041946100203
Q1042007	6000000145256327822
Q1042024	6000000083818892404
Q1042058	6000000069137785821
Q104206220	6000000021856968083
Q104207053	6000000090218765058
Q104207057	6000000067102962071
Q104207059	6000000067102783089
Q104207060	6000000185987721192
Q104207061	6000000042047100924
Q104207064	6000000187825328837
Q104207065	6000000080727578821
Q104207069	6000000187864762882
Q104207070	6000000028042250593
Q104207072	6000000024281957567
Q104207081	6000000188379319863
Q104207084	6000000026134062854
Q104207089	6000000027288986678
Q104207093	6000000105809451854
Q104207097	6000000027289125076
Q104207098	6000000185986709421
Q104207100	6000000010077989875
Q104207105	6000000015793880113
Q104207108	6000000038871700584
Q104207111	6000000055007890122
Q104207114	6000000026133903982
Q104207117	6000000026133956140
Q104207119	6000000044221326425
Q104207125	6000000021846880441
Q104207131	6000000173857210542
Q104207134	6000000026162448977
Q104207139	6000000095666612830
Q104207142	6000000028184712402
Q104207149	6000000036943971419
Q104207152	6000000026173720658
Q104207154	6000000044812748970
Q104207157	6000000026146850338
Q104207159	6000000040433009072
Q104207164	6000000040433145973
Q104207170	6000000068001769828
Q104207178	6000000006844794975
Q104207181	6000000020354528848
Q104207184	6000000095668865850
Q104207192	6000000013394910990
Q104207199	6000000044812562844
Q104207209	6000000020706270608
Q104207219	6000000026161548702
Q104207223	6000000001634673910
Q104207229	6000000015380452867
Q104207232	6000000013395192960
Q104207235	6000000098337758886
Q104207238	6000000009807476592
Q104207239	6000000031226721199
Q104207243	6000000036714611069
Q104207247	6000000137576865044
Q104207251	6000000038123354400
Q104207252	6000000026146077449
Q104207257	6000000028101821984
Q104207261	6000000005652569008
Q104207265	6000000026152481567
Q104207269	6000000036943443697
Q104207272	6000000012536157360
Q104207279	6000000084788918354
Q104207281	6000000003175310705
Q104207283	6000000043549035887
Q104207284	6000000026201796405
Q104207285	6000000026145913173
Q104207288	6000000050462555940
Q104207289	6000000087334287821
Q104207290	6000000016166763841
Q104207291	6000000016885726806
Q104207292	6000000000197609489
Q104207298	6000000026201420579
Q104207299	6000000108614437204
Q104207300	6000000033570109317
Q104207301	6000000006796381570
Q104207303	6000000026181575214
Q104207305	6000000026014195267
Q104207306	6000000025527839308
Q104207309	6000000082582134006
Q104207311	6000000084789496008
Q104207312	6000000055346031888
Q104207314	6000000026146823501
Q104207318	6000000173351386855
Q104207319	6000000014685469346
Q104207322	6000000026146212845
Q104207326	6000000006844817644
Q104207331	6000000025110404847
Q104207332	6000000026173899290
Q104207335	6000000026143162940
Q104207336	6000000014781884907
Q104207339	6000000068000914842
Q104207340	6000000098337877859
Q104207342	6000000086764229138
Q104207343	6000000007085497001
Q104207350	6000000026201457281
Q104207353	6000000026134107534
Q104207354	6000000015507461774
Q104207355	6000000026185367711
Q104207356	6000000082582081081
Q104207357	6000000036441169112
Q104207359	6000000028184445651
Q104207361	6000000011635318087
Q104207365	6000000007076622168
Q104207366	6000000033201476843
Q104207368	6000000026133971135
Q104207369	6000000044813249127
Q104207374	6000000075862962968
Q104207375	6000000026161378400
Q104207386	6000000040805081540
Q104207391	6000000016166992543
Q104207392	6000000095667234851
Q104207396	6000000001634663579
Q104207397	6000000026145757252
Q104207398	6000000086765129009
Q104207399	6000000084790131823
Q104207403	6000000026166558675
Q104207407	6000000026156333121
Q104207410	6000000026139733908
Q104207411	6000000075862534302
Q104207413	6000000029589615292
Q104207414	6000000009385681384
Q104207417	6000000105818359822
Q104207418	6000000105817602000
Q104207419	6000000064157917044
Q104207422	6000000121411623863
Q104207426	6000000009197174297
Q104207427	6000000193840941827
Q104207431	6000000009196937614
Q104207432	6000000196312916844
Q104207433	6000000035411782016
Q104207435	6000000002388830289
Q104207442	6000000023840432991
Q104207445	6000000015253980164
Q104207450	6000000037454414250
Q104207451	6000000000842047020
Q104207452	6000000173858684197
Q104207460	6000000177726008854
Q104207462	6000000121065217949
Q104207465	6000000215389471822
Q104207466	6000000183660269829
Q104207468	6000000037454325352
Q104207473	6000000182496289825
Q104207475	6000000037455021957
Q104207478	6000000069537847048
Q104207480	6000000069257742845
Q104207483	6000000094608314976
Q104207484	6000000037454548163
Q104207485	6000000122432951846
Q104207498	6000000012836983848
Q104207507	6000000015333734374
Q104207511	6000000099181648846
Q104207513	6000000074071650207
Q104207517	6000000026311965262
Q104207522	6000000037454431336
Q104207526	6000000058055403049
Q104207530	6000000015334033053
Q104207539	6000000041429346904
Q104207542	6000000040636363882
Q104207571	6000000000585635183
Q104207588	6000000045654793044
Q104207597	6000000180048874942
Q104207605	6000000004534884127
Q104207613	6000000094484202960
Q104207618	6000000008511083800
Q104207621	6000000035760628957
Q104207624	6000000074072338853
Q104207627	6000000037454623006
Q104207646	6000000173145886900
Q104207647	6000000173144592417
Q104207649	6000000185719187975
Q104207651	6000000177300576822
Q104207670	6000000038115794969
Q104207684	6000000144107405833
Q104207689	6000000069908268145
Q104207691	6000000207687609821
Q104207692	6000000140533499835
Q104207693	6000000091804088958
Q104207696	6000000009607624240
Q104207699	6000000019384181766
Q104207700	6000000105422226930
Q104207702	6000000105422400902
Q104207712	6000000003673478038
Q104207714	6000000193873905822
Q104207718	6000000194321438850
Q104207725	6000000209849666831
Q104207736	6000000013043941339
Q104207737	6000000093007300822
Q104207739	6000000008787997413
Q104207741	6000000042410595828
Q104207742	6000000008787966774
Q104207744	6000000031363393964
Q104207745	6000000156469896958
Q104207747	6000000031363441856
Q104207749	6000000015614791768
Q104207750	6000000056986754437
Q104207757	6000000059646381855
Q104207758	6000000027461984494
Q104207759	6000000059646193027
Q104207760	6000000059646096976
Q104207761	6000000016748081909
Q104207763	6000000005779158516
Q104207764	6000000010419571878
Q104207765	6000000010419711781
Q104207767	6000000082150474974
Q104207771	6000000000223336689
Q104207773	6000000177623000829
Q104207780	6000000001358867673
Q104207784	6000000177678731850
Q104207786	6000000177679648849
Q104207790	6000000192038019831
Q104207797	6000000082150759873
Q104207802	6000000046515802236
Q104207807	6000000005008044526
Q104207811	6000000005017394096
Q104207813	6000000071402394536
Q104207815	6000000027817386945
Q104207817	6000000027817014065
Q104207820	6000000071403940832
Q104207824	6000000023398729991
Q104207841	6000000124497656893
Q104207868	6000000184165329868
Q104207869	6000000121208760832
Q104207881	6000000179922096854
Q104207883	6000000018243093311
Q104207885	6000000029125848448
Q104207887	6000000076847826327
Q104207888	6000000073163707882
Q104207890	6000000178368656822
Q104207891	6000000027343440231
Q104207893	6000000023421681823
Q104207894	6000000076847415237
Q104207896	6000000024713760638
Q104207897	6000000029128018301
Q104207898	6000000028563102355
Q104207899	6000000019139399962
Q104207900	6000000029134198842
Q104207901	6000000020988824183
Q104207902	6000000058478388914
Q104207903	6000000029136526212
Q104207905	6000000028563371006
Q104207910	6000000020484792851
Q104207917	6000000023963751698
Q104207920	6000000073158364821
Q104207921	6000000076848965843
Q104207922	6000000076848350894
Q104207923	6000000063532907930
Q104207925	6000000035729514895
Q104207927	6000000029128373961
Q104207928	6000000076847245213
Q104207930	6000000000351884674
Q104207931	6000000021067852782
Q104207933	6000000205840504865
Q104207934	6000000028609942953
Q104207935	6000000028610061237
Q104207936	6000000025975078575
Q104207937	6000000082693431080
Q104207938	6000000025970016414
Q104207945	6000000101077788863
Q104207949	6000000181343504826
Q104207955	6000000029154430992
Q104207957	6000000192381180821
Q104207958	6000000029594846347
Q104207960	6000000021343898371
Q104207968	6000000029194639015
Q104207970	6000000162089684878
Q104207973	6000000029153111822
Q104207974	6000000031145811329
Q104207978	6000000019573392530
Q104207982	6000000050354581007
Q104207983	6000000011428360785
Q104207984	6000000080700090058
Q104207987	6000000026122491082
Q104207989	6000000176272317835
Q104207990	6000000026843126680
Q104207993	6000000029442278837
Q104207996	6000000004036818019
Q104207999	6000000114034184894
Q104208003	6000000000338970127
Q104208005	6000000025738150090
Q104208006	6000000030040327222
Q104208007	6000000029403526641
Q104208008	6000000015750118794
Q104208009	6000000022700705903
Q104208010	6000000029281024645
Q104208015	6000000029590270132
Q104208016	6000000029244803947
Q104208017	6000000013404798864
Q104208019	6000000072750163944
Q104208022	6000000182752233835
Q104208024	6000000029379522337
Q104208025	6000000029179449773
Q104208028	6000000034703103526
Q104208032	6000000025737613938
Q104208033	6000000029283364816
Q104208034	6000000029563155920
Q104208035	6000000025441449573
Q104208040	6000000068751246063
Q104208052	6000000122756875898
Q104208054	6000000206363258829
Q104208056	6000000001829390844
Q104208057	6000000071447553824
Q104208062	6000000209332518843
Q104208063	6000000017026038439
Q104208066	6000000007014385967
Q104208067	6000000014874112402
Q104208072	6000000029239601574
Q104208073	6000000029263912625
Q104208077	6000000020375192653
Q104208083	6000000084791528821
Q104208084	6000000011251707722
Q104208085	6000000035107425261
Q104208087	6000000039848828334
Q104208089	6000000029614888496
Q104208091	6000000185719443934
Q104208093	6000000029311121388
Q104208095	6000000029511296038
Q104208096	6000000029244566706
Q104208097	6000000029202795911
Q104208100	6000000007627877438
Q104208105	6000000110565593902
Q104208107	6000000057927676830
Q104208110	6000000008151736791
Q104208114	6000000078423713929
Q104208117	6000000012381693646
Q104208121	6000000021789251971
Q104208124	6000000071447025051
Q104208127	6000000029902983900
Q104208136	6000000026505551850
Q104208139	6000000010026134833
Q104208142	6000000199794333865
Q104208145	6000000018344040288
Q104208147	6000000182959735840
Q104208149	6000000029263523701
Q104208151	6000000029154258173
Q104208152	6000000029838303870
Q104208156	6000000066371998911
Q104208157	6000000088879153033
Q104208164	6000000000798552584
Q104208165	6000000001035002006
Q104208169	6000000169278714921
Q104208174	6000000008151736779
Q104208175	6000000197061402836
Q104208176	6000000030182820073
Q104208178	6000000021826478818
Q104208179	6000000019573476747
Q104208181	6000000029284526916
Q104208182	6000000015554440586
Q104208183	6000000029879852230
Q104208184	6000000029659301030
Q104208185	6000000029153989499
Q104208190	6000000016230699286
Q104208193	6000000029155229687
Q104208194	6000000025737624251
Q104208195	6000000092384275862
Q104208197	6000000162093729823
Q104208200	6000000029303401002
Q104208201	6000000029469258671
Q104208202	6000000175802683084
Q104208205	6000000029202825862
Q104208206	6000000030182848852
Q104208207	6000000029239591074
Q104208208	6000000000904271015
Q104208209	6000000000944833194
Q104208212	6000000018942587438
Q104208216	6000000037917424658
Q104208217	6000000039911046887
Q104208219	6000000014793867254
Q104208220	6000000084790735107
Q104208221	6000000003591877206
Q104208223	6000000185436659115
Q104208224	6000000014800729940
Q104208225	6000000029180279010
Q104208227	6000000029403882951
Q104208229	4157837
Q104208230	6000000185720074958
Q104208231	6000000029897299569
Q104208232	6000000021343747474
Q104208233	6000000019199452655
Q104208235	6000000034548526093
Q104208236	6000000029760325773
Q104208239	6000000026680051667
Q104208242	6000000182750728858
Q104208243	6000000012381493035
Q104208247	6000000154580951850
Q104208249	6000000030039891379
Q104208250	6000000057577977839
Q104208252	6000000013582035021
Q104208253	6000000078422664752
Q104208256	6000000001829158236
Q104208263	6000000008151842709
Q104208265	6000000017319891441
Q104208266	6000000029191878540
Q104208267	6000000121664260839
Q104208274	6000000173836978005
Q104208275	6000000076905811213
Q104208276	6000000039911130942
Q104208277	6000000056264323917
Q104208278	6000000029202434867
Q104208281	6000000029620487260
Q104208283	6000000029320999923
Q104208287	6000000113750610940
Q104208291	6000000029284405119
Q104208294	6000000009792827071
Q104208295	6000000050354370835
Q104208297	6000000174225216821
Q104208298	6000000029244865825
Q104208299	6000000074882872821
Q104208300	6000000016951613974
Q104208301	6000000096353292842
Q104208309	6000000021788877689
Q104208310	6000000147657540846
Q104208313	6000000029280898472
Q104208314	6000000019748708066
Q104208319	6000000020353429687
Q104208321	6000000024049009445
Q104208325	6000000020376145467
Q104208326	6000000030039656905
Q104208329	6000000039929813564
Q104208330	6000000004881206020
Q104208333	6000000063083884826
Q104208334	6000000164660745176
Q104208335	6000000029239597190
Q104208345	6000000040823089008
Q104208348	6000000039930774155
Q104208349	6000000029155561587
Q104208353	6000000016881220125
Q104208355	6000000021826488690
Q104208358	6000000029155638184
Q104208360	6000000030205208185
Q104208361	6000000019073963865
Q104208362	6000000146815608851
Q104208373	6000000162094374828
Q104208379	6000000034548850858
Q104208380	6000000029193600226
Q104208382	6000000084794507969
Q104208385	4157831
Q104208387	6000000014523908048
Q104208388	6000000029154273099
Q104208390	6000000029897137591
Q104208398	6000000029176694250
Q104208401	6000000023902369133
Q104208403	6000000008151736787
Q104208404	688612
Q104208427	6000000162093689877
Q104208428	6000000031083943992
Q104208433	6000000029386573864
Q104208438	6000000029879442819
Q104208439	6000000029595281962
Q104208440	6000000029562337729
Q104208442	6000000029200892221
Q104208443	6000000029511172006
Q104208446	6000000017788093541
Q104208449	6000000030205300168
Q104208450	6000000013404950719
Q104208455	6000000075583746088
Q104208456	6000000162091641821
Q104208457	6000000029202725919
Q104208458	6000000074872561821
Q104208460	6000000029591963986
Q104208461	6000000029281270079
Q104208464	6000000029897534864
Q104208467	6000000029310709915
Q104208470	6000000030874156130
Q104208471	6000000029283867190
Q104208497	6000000029635928197
Q104208502	6000000029637641316
Q104208519	6000000030223653348
Q104208531	6000000029403194749
Q104208537	6000000029194702832
Q104208546	6000000029154160285
Q104208551	6000000030040210168
Q104208555	6000000029160709950
Q104208569	6000000169279614921
Q104208571	6000000014800881160
Q104208573	6000000000363152092
Q104208575	6000000083238979826
Q104208579	6000000009793438801
Q104208584	6000000015643201359
Q104208588	6000000017192375692
Q104208601	6000000025765158211
Q104208602	6000000074786682900
Q104208604	6000000081127906479
Q104208606	6000000080492067890
Q104208607	6000000113413528831
Q104208608	6000000025752019217
Q104208609	6000000037512849017
Q104208610	6000000030287369891
Q104208611	6000000026828309892
Q104208612	6000000074786385122
Q104208613	6000000081127859345
Q104208615	6000000080491385928
Q104208618	6000000081128460172
Q104208621	6000000025752405313
Q104208622	6000000113413598821
Q104208625	6000000113404423156
Q104208630	6000000025765054073
Q104208632	6000000113400176244
Q104208636	6000000113407664027
Q104208638	6000000081128693066
Q104208641	6000000041343767569
Q104208644	6000000075645843027
Q104208665	6000000014736358585
Q104208668	6000000014736542948
Q104208670	6000000037777250044
Q104208674	6000000014736689176
Q104208679	6000000037777418821
Q104208682	6000000155487541852
Q104208685	6000000155487634855
Q104208694	6000000081559768054
Q104208696	6000000063116553868
Q104208718	6000000212058542842
Q104208741	6000000034411939943
Q104208744	6000000017414907297
Q104208750	6000000017632979301
Q104208756	6000000014972090463
Q104208759	6000000030649506254
Q104208760	6000000014971886528
Q104208761	6000000014972139313
Q104208764	6000000032280426042
Q104208765	6000000079248627019
Q104208767	6000000040439747287
Q104208768	6000000050854173993
Q104208770	6000000075862962960
Q104208781	6000000022333862918
Q104208788	6000000039099225079
Q104208790	6000000181227787823
Q104208795	6000000022333542793
Q104208799	6000000036048572967
Q104208800	6000000019140868535
Q104208802	6000000037076071398
Q104208805	6000000182009915870
Q104208806	6000000071138356856
Q104208807	6000000189900786822
Q104208808	6000000053447570221
Q104208810	6000000196668879841
Q104208818	6000000082407786506
Q104208819	6000000082409795821
Q104208820	6000000082409074878
Q104208823	6000000031247178497
Q104208825	6000000059902772840
Q104208828	6000000002724530338
Q104208829	6000000033767026375
Q104208835	6000000086687141822
Q104208836	6000000018893782739
Q104208839	6000000044358087835
Q104208843	6000000103839724924
Q104208845	6000000036459506724
Q104208848	6000000036456982625
Q104208849	6000000179370131839
Q104208850	6000000130543688835
Q104208854	6000000098249796863
Q104208860	6000000020346995350
Q104208862	6000000205356357836
Q104208866	6000000027271150836
Q104208870	6000000016409081186
Q104208871	6000000181143245841
Q104208872	6000000027270795625
Q104208873	6000000149562355044
Q104208875	6000000035841147063
Q104208876	6000000086685741064
Q104208877	6000000098431610821
Q104208880	6000000092717731824
Q104208883	6000000183258154830
Q104208884	6000000130541319884
Q104208890	6000000011515984237
Q104208895	6000000018893704893
Q104208896	4172098005670062333
Q104208906	6000000188087373825
Q104208908	6000000175907009888
Q104208914	6000000111890971898
Q104208918	6000000205356140855
Q104208919	6000000036474040044
Q104208921	6000000018893929176
Q104208924	6000000096063548988
Q104208929	6000000064802466825
Q104208931	6000000153044137825
Q104208943	4048601403410079450
Q104208945	6000000007970482079
Q104208951	6000000020348384987
Q104208953	6000000153043713866
Q104208957	6000000034647128539
Q104208959	6000000009297103665
Q104208961	6000000002724345786
Q104208982	6000000019493754392
Q104208983	6000000019043662192
Q104208984	6000000020827336078
Q104208985	6000000037975194850
Q104208986	6000000019042967711
Q104208992	6000000021585917236
Q104208994	6000000176504500883
Q104208996	6000000081119332285
Q104208999	6000000013549826242
Q104209002	6000000181625624822
Q104209004	6000000181624300829
Q104209006	6000000047652668875
Q104209007	6000000181625274822
Q104209009	6000000019870850403
Q104209010	6000000023128066168
Q104209011	6000000025528287258
Q104209012	6000000022234736011
Q104209013	6000000040110254025
Q104209014	6000000017409518017
Q104209015	6000000169027983844
Q104209017	6000000022076098443
Q104209018	6000000024461627836
Q104209019	6000000040109590733
Q104209020	6000000040750491467
Q104209021	6000000022076331829
Q104209023	6000000030319821545
Q104209024	6000000096534953072
Q104209026	6000000030713281831
Q104209027	6000000078481919449
Q104209028	6000000065338819863
Q104209029	6000000017408753650
Q104209030	6000000065338968855
Q104209032	6000000017408475563
Q104209034	6000000022234749038
Q104209035	6000000036925789750
Q104209036	6000000084226336852
Q104209037	6000000025527839484
Q104209044	6000000025528387979
Q104209060	6000000016412388612
Q104209061	6000000016412542439
Q104209079	6000000097126681959
Q104209081	6000000007014479469
Q104209084	6000000149492327828
Q104209085	6000000019800731032
Q104209088	6000000019800189201
Q104209102	6000000170441596822
Q104209103	6000000037857742249
Q104209104	6000000031135939510
Q104209106	6000000039921363160
Q104209107	6000000037858079296
Q104209109	6000000030575669469
Q104209118	6000000182103866822
Q104209120	6000000046490591002
Q104209122	6000000002802236572
Q104209123	6000000201190500838
Q104209128	6000000180908870821
Q104209132	6000000046491494873
Q104209134	6000000182103927821
Q104209138	6000000088160928880
Q104209139	6000000180908863821
Q104209140	6000000030450174292
Q104209143	6000000002765685833
Q104209148	6000000142050541977
Q104209158	6000000148740134845
Q104209159	6000000100187715939
Q104209163	6000000009710381116
Q104209166	6000000035261750943
Q104209170	6000000100187236981
Q104209172	6000000135604608874
Q104209173	6000000035237030520
Q104209174	6000000100188048911
Q104209177	6000000035261416289
Q104209180	6000000034228418338
Q104209182	6000000024156979759
Q104209184	6000000052741156838
Q104209186	6000000052740845908
Q104209187	6000000029979670841
Q104209189	6000000024157174221
Q104209191	6000000052060411827
Q104209196	6000000190626713824
Q104209197	6000000115441583827
Q1042092	6000000137618714976
Q104209201	6000000057664476839
Q104209203	6000000020628484000
Q104209209	6000000057664377861
Q104209211	6000000115414440871
Q104209214	6000000115413977989
Q104209216	6000000115440608914
Q104209219	6000000020628289469
Q104209221	6000000115441533833
Q104209224	6000000057662542821
Q104209242	6000000015945649382
Q104209243	6000000019000558036
Q104209244	6000000025145261590
Q104209247	6000000013414880194
Q104209250	6000000040997154471
Q104209252	6000000016499755228
Q104209253	6000000018999999000
Q104209254	6000000025144979786
Q104209259	6000000019000246254
Q104209260	6000000017967753121
Q104209262	6000000040997096118
Q104209263	6000000074155964827
Q104209268	6000000133694774035
Q104209269	6000000030086647294
Q104209270	6000000133696238862
Q104209271	6000000133696348840
Q104209274	6000000036940845096
Q104209279	6000000018775869484
Q104209281	6000000018775605866
Q104209288	6000000194807606888
Q104209293	6000000034389932845
Q104209294	6000000176786678824
Q104209297	6000000052711883342
Q104209303	6000000083119285407
Q104209308	6000000033435663208
Q104209310	361692933060013832
Q104209322	6000000022410973433
Q104209326	6000000014843298380
Q104209327	6000000180811468859
Q104209328	6000000101121981901
Q104209329	361691940130013822
Q104209335	6000000101120874991
Q104209337	6000000076168761853
Q104209338	6000000159909112826
Q104209341	6000000046433678963
Q104209344	6000000176786328823
Q104209345	6000000086100780886
Q104209349	6000000191339205822
Q104209350	6000000026682281870
Q104209351	6000000113850087821
Q104209356	6000000052713439821
Q104209358	6000000178239796825
Q104209359	6000000185385860862
Q104209360	6000000126168619845
Q104209368	6000000084326094707
Q104209373	6000000018369604356
Q104209374	6000000037450569305
Q104209385	6000000160384279830
Q104209386	6000000014843340278
Q104209394	6000000018733369079
Q104209399	6000000034389503246
Q104209401	6000000014843102561
Q104209403	6000000107086820832
Q104209405	6000000077818638587
Q104209408	6000000023513824583
Q104209411	6000000043810542889
Q104209415	6000000176786858822
Q104209435	6000000077279390629
Q104209439	6000000017495131417
Q104209441	6000000068191631823
Q104209442	6000000030408519995
Q104209443	6000000018264142511
Q104209445	6000000030328753704
Q104209446	6000000030344095473
Q104209447	6000000017711001058
Q104209449	6000000016176185464
Q104209450	6000000017720278526
Q104209453	6000000018264561384
Q104209456	6000000025525437912
Q104209457	6000000024694276669
Q104209462	6000000017476107131
Q104209463	6000000030366108445
Q104209464	6000000030690698885
Q104209465	6000000030429465011
Q104209466	6000000030407818773
Q104209467	6000000030376353838
Q104209470	6000000089808602830
Q104209471	6000000030375092399
Q104209473	6000000017710933150
Q104209474	6000000016532318923
Q104209475	6000000030364911166
Q104209476	6000000030326566202
Q104209477	6000000030347465952
Q104209481	6000000030349080965
Q104209482	6000000077015564479
Q104209485	6000000015892590476
Q104209486	6000000014528472337
Q104209487	6000000100368802130
Q104209488	6000000022495306468
Q104209490	6000000030326297172
Q104209492	6000000026145794077
Q104209497	6000000016404995429
Q104209499	6000000017474970986
Q104209501	6000000014150637045
Q104209503	6000000026145585327
Q104209511	6000000015381359767
Q104209512	6000000016532107881
Q104209514	6000000026145204806
Q104209515	6000000016176169588
Q104209516	6000000025539370823
Q104209517	6000000017475894995
Q104209520	6000000030347310031
Q104209522	6000000030566264380
Q104209523	6000000030373873673
Q104209525	6000000014686862955
Q104209526	6000000076930072057
Q104209527	6000000030344407295
Q104209528	6000000017476738068
Q104209529	6000000068190571821
Q104209531	6000000023767490843
Q104209532	6000000023299720549
Q104209533	6000000030690609117
Q104209534	6000000030690344153
Q104209537	6000000171536706852
Q104209539	6000000017838603346
Q104209541	6000000030330249508
Q104209542	6000000077471952833
Q104209543	6000000014329683502
Q104209545	6000000030346768690
Q104209547	6000000025874907587
Q104209553	6000000010345013275
Q104209561	6000000101518140824
Q104209562	6000000080337401416
Q104209563	6000000080337903064
Q104209567	6000000010659855060
Q104209569	6000000016508427708
Q104209570	6000000016508427711
Q104209572	6000000014326703203
Q104209574	6000000081954396830
Q104209577	6000000193944382830
Q104209580	6000000014906532571
Q104209581	6000000084883142552
Q104209582	6000000014906535414
Q104209585	6000000022514160348
Q104209587	6000000113557361960
Q104209589	6000000022514210066
Q104209594	6000000017691421763
Q104209595	6000000017691542291
Q104209596	6000000017691589286
Q104209597	6000000017691520564
Q104209601	6000000000962599388
Q104209605	6000000031646825410
Q104209606	6000000026586745460
Q104209608	6000000026587373339
Q104209609	6000000031680566717
Q104209610	6000000172291154247
Q104209611	6000000195657866824
Q104209618	6000000175769226827
Q104209619	6000000078561617111
Q104209620	6000000014578084932
Q104209621	6000000138038348908
Q104209623	6000000026161929845
Q104209624	6000000014505985426
Q104209625	6000000030746520837
Q104209626	6000000030740765702
Q104209627	6000000061000381979
Q104209629	6000000014674611474
Q104209632	6000000030713743829
Q104209633	6000000030731834496
Q104209634	6000000030745787796
Q104209635	6000000014674544250
Q104209637	6000000030746748911
Q104209638	6000000017199294387
Q104209640	6000000035723565065
Q104209641	6000000186597887823
Q104209642	6000000186597031830
Q104209643	6000000186597043853
Q104209644	6000000018516710793
Q104209647	6000000018517354143
Q104209653	6000000041129559968
Q104209654	6000000009808495208
Q104209657	6000000046961538039
Q104209658	6000000009807669046
Q104209661	6000000180574307835
Q104209662	6000000184474645876
Q104209664	6000000014634046065
Q104209665	6000000051558411854
Q104209669	6000000182685927899
Q104209670	6000000184475135830
Q104209671	6000000100727531853
Q104209672	6000000017629727044
Q104209675	6000000121381255957
Q104209681	6000000019324337033
Q104209682	6000000019324307095
Q104209685	6000000022425229157
Q104209687	6000000024168917723
Q104209688	6000000018785858004
Q104209692	6000000178695462834
Q104209693	6000000094193228863
Q104209705	6000000023525638066
Q104209708	6000000109044553740
Q104209718	6000000019654474296
Q104209720	6000000030769839590
Q104209722	4278096515920057501
Q104209724	6000000099575932850
Q104209729	6000000030765629861
Q104209735	6000000036807436469
Q104209737	6000000000356439924
Q104209739	6000000019655029050
Q104209746	6000000000704006220
Q104209749	6000000030770124989
Q104209750	6000000030750647884
Q104209751	6000000078118340900
Q104209752	6000000030769399000
Q104209753	6000000081366369274
Q104209754	6000000081366660086
Q104209756	6000000081366702955
Q104209763	6000000175166624207
Q104209764	6000000059172791829
Q104209765	6000000175163914172
Q104209766	6000000166563191872
Q104209767	6000000068900314111
Q104209768	6000000128086259176
Q104209770	6000000166562336005
Q104209771	6000000037776737844
Q104209772	6000000175158375976
Q104209774	6000000027647267906
Q104209775	6000000175166195821
Q104209777	6000000176325204992
Q104209782	6000000021049195178
Q104209783	6000000188988223835
Q104209784	6000000015335382796
Q104209787	6000000005397946792
Q104209788	6000000066941634986
Q104209789	6000000088723130911
Q104209791	6000000005916955132
Q104209793	6000000052900718840
Q104209795	6000000005914520839
Q104209796	6000000194565622822
Q104209799	6000000046015043825
Q104209807	6000000079606783029
Q104209808	6000000079606755019
Q104209809	6000000021144787627
Q104209815	6000000049574426883
Q104209818	6000000172704329310
Q104209819	6000000043788725416
Q104209824	6000000182494166961
Q104209826	6000000081530813461
Q104209828	6000000057830162830
Q104209832	6000000043789627885
Q104209836	6000000182522019821
Q104209837	6000000182509637839
Q104209841	6000000045655154149
Q104209844	6000000041000150950
Q104209849	6000000020748593892
Q104209852	6000000051249451854
Q104209853	6000000075063020912
Q104209854	6000000020668627814
Q104209855	6000000020748419697
Q104209856	6000000051813292922
Q104209860	6000000041406967034
Q104209861	6000000051813722867
Q104209863	6000000051286990396
Q104209873	6000000051849876963
Q104209876	6000000018618250457
Q104209878	6000000024009196336
Q104209880	6000000008092463257
Q104209884	6000000074358903983
Q104209885	6000000037562496356
Q104209886	6000000037562468452
Q104209891	6000000089313956880
Q104209894	6000000061131951205
Q104209896	6000000069553806106
Q104209897	6000000044790490029
Q104209898	6000000184818556861
Q104209899	6000000043792475144
Q104209906	6000000091621719017
Q104209907	6000000017879066249
Q104209908	6000000019500205076
Q104209909	6000000081366455146
Q104209910	6000000081365803016
Q104209911	6000000047012377024
Q104209912	6000000106221752019
Q104209913	6000000047012343170
Q104209914	6000000106221228139
Q104209915	6000000166393501092
Q104209916	6000000166393322093
Q104209917	6000000004934024077
Q104209919	6000000004058210147
Q104209920	6000000037969869086
Q104209921	6000000017535995163
Q104209923	6000000004058207999
Q104209924	6000000072349469853
Q104209925	6000000021194629135
Q104209926	6000000037970206065
Q104209927	6000000004058210066
Q104209928	6000000004058210162
Q104209929	6000000017536167055
Q104209932	6000000037969786653
Q104209934	6000000004058210032
Q104209936	6000000032002046922
Q104209944	6000000092747966835
Q104209945	6000000008426128234
Q104209947	6000000008426128240
Q104209950	6000000038530143009
Q104209951	6000000024899966037
Q104209953	6000000148494198823
Q104209958	6000000008659975244
Q104209959	6000000024899813003
Q104209960	6000000039100273510
Q104209966	6000000024899876022
Q104209968	6000000186004388828
Q104209970	6000000185998043339
Q104209971	6000000097532331838
Q104209973	6000000097531691888
Q104209975	6000000050794253150
Q104209976	6000000015912476435
Q104209977	6000000023196760126
Q104209978	6000000023189106131
Q104209979	6000000015067546256
Q104209980	6000000015066585876
Q104209981	6000000070993761974
Q104209982	6000000023197037935
Q104209987	6000000083937910244
Q104209988	6000000083938107095
Q104209990	6000000180548023855
Q104209992	6000000027704659607
Q104209995	6000000105459168960
Q104210001	6000000067821193864
Q104210003	6000000036589367277
Q104210009	6000000205498424828
Q104210018	6000000088333984021
Q104210019	6000000174370826149
Q104210027	6000000211096394827
Q104210030	6000000176033357865
Q104210035	6000000018219151592
Q104210036	6000000189370594824
Q104210039	6000000174371282842
Q104210046	6000000169728538833
Q104210051	6000000038507266084
Q104210052	6000000066955987875
Q104210053	6000000069698508890
Q104210056	6000000188607004848
Q104210067	6000000196969295850
Q104210072	6000000009861289888
Q104210075	6000000017236481886
Q104210076	6000000024049332911
Q104210081	6000000077910139958
Q104210082	6000000173772472343
Q104210083	6000000071710897222
Q104210085	6000000077890464923
Q104210087	6000000173774548924
Q104210090	6000000014024130171
Q104210095	6000000030943599126
Q104210096	6000000020356410934
Q104210097	6000000040804121801
Q104210098	6000000094605854577
Q104210100	6000000055935206856
Q104210101	6000000009033452177
Q104210102	6000000097538571896
Q104210103	6000000010547837412
Q104210104	6000000026131293203
Q104210105	6000000016493587422
Q104210106	6000000017487278062
Q104210107	6000000030955537821
Q104210108	6000000030892005610
Q104210109	6000000028391590455
Q104210110	6000000044587263853
Q104210111	6000000037084163930
Q104210113	6000000014505824030
Q104210114	5521951862710132713
Q104210118	6000000181810132841
Q104210122	6000000026130761576
Q104210123	6000000019260882390
Q104210124	6000000030830354475
Q104210125	6000000015912156448
Q104210126	6000000035920713297
Q104210130	6000000017702065084
Q104210131	6000000030850195207
Q104210133	6000000030892630831
Q104210134	6000000019401000862
Q104210135	6000000030825378120
Q104210138	6000000030939497901
Q104210139	6000000020427722185
Q104210140	6000000033388419827
Q104210143	6000000014307737903
Q104210145	6000000043721101273
Q104210146	6000000030829341627
Q104210147	6000000019266419385
Q104210148	6000000020426798160
Q104210149	6000000030864030852
Q104210152	6000000020427674835
Q104210154	6000000016493751019
Q104210156	6000000037083482927
Q104210158	6000000030932475974
Q104210159	6000000014787577442
Q104210162	6000000030811872360
Q104210164	6000000020426812643
Q104210165	6000000042438789864
Q104210167	6000000030811004666
Q104210168	5521963459440076166
Q104210169	6000000020879846770
Q104210170	6000000015258235580
Q104210172	6000000019081249570
Q104210173	6000000026377862696
Q104210174	6000000030873684517
Q104210179	6000000030835540207
Q104210182	6000000030850274026
Q104210183	6000000020427641491
Q104210184	5521967979190100669
Q104210187	6000000030943477036
Q104210188	6000000026131265009
Q104210190	6000000015793421774
Q104210194	6000000015125372532
Q104210196	6000000017013996405
Q104210198	6000000021534651622
Q104210199	6000000015257786620
Q104210201	6000000030829670168
Q104210202	6000000017013959404
Q104210203	6000000015912410126
Q104210205	6000000033285363861
Q104210206	6000000030955200004
Q104210207	6000000020355983038
Q104210208	6000000020356410925
Q104210209	6000000020427149274
Q104210213	6000000019384297629
Q104210215	6000000030939341357
Q104210217	6000000030811585759
Q104210225	6000000017487174192
Q104210229	6000000014217185251
Q104210231	6000000017596974312
Q104210232	6000000030943575263
Q104210234	6000000030873915189
Q104210237	6000000030873914113
Q104210241	6000000044587155324
Q104210247	6000000030829463369
Q104210249	6000000172974478349
Q104210252	6000000172975497909
Q104210262	6000000014992686145
Q104210266	6000000181205099855
Q104210281	6000000083514108897
Q104210283	6000000179026048911
Q104210287	6000000191319704832
Q104210289	6000000165206835822
Q104210295	6000000205937130840
Q104210298	6000000032508584649
Q104210299	6000000032508813377
Q104210307	6000000031491893418
Q104210309	6000000038213735242
Q104210311	6000000147106413849
Q104210314	4930497846980036557
Q104210317	6000000136543085019
Q104210326	6000000136542286080
Q104210329	6000000012459892153
Q104210335	6000000031334712936
Q104210336	6000000113072833980
Q104210345	6000000027687763021
Q104210349	6000000032504154255
Q104210351	6000000035935318852
Q104210358	6000000085622056230
Q104210361	6000000038214207017
Q104210366	6000000012460264477
Q104210368	6000000178023090825
Q104210369	6000000032509057940
Q104210371	6000000026681725810
Q104210373	6000000026682256040
Q104210375	6000000026681888291
Q104210379	6000000196922888823
Q104210380	6000000010455054853
Q104210382	6000000007731506110
Q104210386	6000000032504092425
Q104210390	6000000085622782837
Q104210391	6000000035931715546
Q104210401	6000000189014410829
Q104210407	6000000031707218028
Q104210410	6000000084118180118
Q104210419	6000000180589885839
Q104210422	6000000170677497406
Q104210423	6000000084118687839
Q104210427	6000000082705164888
Q104210428	6000000189643907827
Q104210431	6000000008387799571
Q104210433	6000000008388284328
Q104210436	6000000026560971714
Q104210438	6000000078174772041
Q104210439	6000000033356250080
Q104210441	6000000018215852407
Q104210443	6000000010933323439
Q104210447	6000000077522171949
Q104210448	6000000077521148090
Q104210462	6000000041606542060
Q104210465	6000000175116251020
Q104210466	6000000143867441065
Q104210470	6000000175105669013
Q104210471	6000000120393472902
Q104210475	6000000104003799837
Q104210477	6000000177314208830
Q104210481	6000000185299005835
Q104210486	6000000175604932830
Q104210488	6000000021673473219
Q104210491	6000000103453256826
Q104210492	6000000021417316415
Q104210496	6000000021417509980
Q104210497	6000000000705954049
Q104210498	6000000000705628994
Q104210502	6000000038915612006
Q104210506	6000000031044424880
Q104210507	6000000043333103111
Q104210508	6000000038915435207
Q104210512	6000000013331276166
Q104210513	6000000031045160299
Q104210514	6000000066450891926
Q104210525	6000000033530164590
Q104210526	6000000039837771425
Q104210529	6000000021252087094
Q104210537	6000000017603143368
Q104210539	6000000185362164859
Q104210549	6000000051035068966
Q104210550	6000000040114179845
Q104210554	6000000031044472038
Q104210556	6000000031112829087
Q104210557	6000000031046351267
Q104210562	6000000031048174592
Q104210563	6000000031047810143
Q104210564	6000000024209789966
Q104210566	6000000024209469326
Q104210567	6000000043332885645
Q104210569	6000000082654395149
Q104210572	6000000018937250122
Q104210573	6000000035278111985
Q104210574	6000000043188475936
Q104210575	6000000043333208176
Q104210577	6000000043338771922
Q104210578	6000000042780092895
Q104210580	6000000061147920896
Q104210581	6000000024209834895
Q104210582	6000000024337470160
Q104210583	6000000061148052833
Q104210584	6000000043187655059
Q104210588	6000000009576851323
Q104210589	6000000061148235901
Q104210590	6000000005321796014
Q104210591	6000000043187446399
Q104210593	6000000024209352435
Q104210594	6000000021700139277
Q104210595	6000000144167247822
Q104210596	6000000018937101896
Q104210597	6000000061177152928
Q104210598	6000000133372807349
Q104210600	6000000061146927399
Q104210601	6000000002834485927
Q104210603	6000000043188006860
Q104210604	6000000058166017973
Q104210605	6000000018470019001
Q104210607	6000000005321348027
Q104210608	6000000019170000252
Q104210609	6000000043338601999
Q104210610	6000000009576746391
Q104210611	6000000043187523018
Q104210612	6000000018937522186
Q104210613	6000000043338038744
Q104210614	6000000084515540876
Q104210615	6000000023330095958
Q104210616	6000000061147987104
Q104210618	6000000073971679927
Q104210619	6000000031048560919
Q104210620	6000000031043951590
Q104210621	6000000031065821207
Q104210626	6000000000598738547
Q104210627	6000000038915096504
Q104210629	6000000026256505749
Q104210639	6000000028355390863
Q104210641	6000000028355084468
Q104210642	6000000012760337311
Q104210644	6000000020076973026
Q104210645	6000000019834427188
Q104210646	6000000020628119385
Q104210647	6000000020077522609
Q104210650	6000000022844104763
Q104210654	6000000041996727578
Q104210662	6000000008616767390
Q104210663	6000000119301618961
Q104210670	6000000181227642834
Q104210673	6000000018569088135
Q104210677	6000000094111933077
Q104210678	6000000018569054757
Q104210686	6000000024209500297
Q104210688	6000000133995405920
Q104210690	6000000051941372976
Q104210693	6000000035157108085
Q104210695	6000000035157016205
Q104210699	6000000109328010205
Q104210702	6000000183600075851
Q104210703	6000000043673688293
Q104210704	6000000190619910827
Q104210709	6000000000442385282
Q104210711	6000000013887578778
Q104210730	6000000022900231285
Q104210731	6000000022900537866
Q104210753	6000000022390749360
Q104210761	6000000180801159874
Q104210762	6000000028388480675
Q104210763	6000000057934555846
Q104210765	6000000031227478453
Q104210766	6000000135720564001
Q104210767	6000000027816237128
Q104210768	6000000031249308259
Q104210771	6000000031230360389
Q104210772	6000000135718251503
Q104210773	6000000027816039361
Q104210774	6000000014851710263
Q104210776	6000000001484167796
Q104210785	6000000031180384841
Q104210788	6000000109922450946
Q104210789	6000000014851557530
Q104210795	6000000021556982466
Q104210796	6000000006990735353
Q104210797	6000000005249950483
Q104210798	6000000194588167860
Q104210799	6000000191783638865
Q104210804	6000000023017676990
Q104210808	6000000166556227071
Q104210809	6000000109698623964
Q104210811	6000000181712759827
Q104210815	6000000021557322860
Q104210817	6000000008791821022
Q104210819	6000000031251673346
Q104210821	6000000005250115367
Q104210822	6000000031201491891
Q104210824	6000000040822667162
Q104210825	6000000021557199077
Q104210830	6000000001484094977
Q104210836	6000000001484430099
Q104210837	6000000035632868160
Q104210838	6000000031201448859
Q104210840	6000000062928101894
Q104210845	6000000001484122660
Q104210849	6000000024373381704
Q104210853	6000000027816161438
Q104210854	6000000027816069418
Q104210855	6000000068025351821
Q104210861	6000000027231155841
Q104210862	6000000006420840338
Q104210863	6000000173873765841
Q104210865	6000000038799740933
Q104210866	6000000206258159876
Q104210867	6000000052589273930
Q104210868	6000000008441333361
Q104210869	6000000052589141051
Q104210871	6000000083948334997
Q104210872	6000000052588846911
Q104210873	6000000032126444638
Q104210874	6000000083942062214
Q104210876	6000000047971461881
Q104210877	6000000048561866834
Q104210878	6000000083946986395
Q104210881	6000000038799227389
Q104210882	6000000032124815216
Q104210883	6000000011879185156
Q104210884	6000000052588322980
Q104210885	6000000052837668821
Q104210886	6000000206258725831
Q104210889	6000000052587937821
Q104210891	6000000068471670939
Q104210893	6000000021515203313
Q104210894	6000000032126701223
Q104210900	6000000083948613368
Q104210901	6000000081336614988
Q104210903	6000000052588247844
Q104210905	6000000010486492105
Q104210907	6000000096445939857
Q104210916	6000000023991785028
Q104210917	6000000036977031865
Q104210920	6000000007627877353
Q104210921	6000000015344203227
Q104210924	6000000077583083632
Q104210925	6000000034697602810
Q104210927	6000000021411009095
Q104210928	6000000038059198823
Q104210929	6000000037919475253
Q104210930	6000000036976690075
Q104210932	6000000035107467012
Q104210933	6000000034804830862
Q104210934	6000000185823946899
Q104210936	6000000015344262344
Q104210937	6000000038063136842
Q104210938	6000000021411009102
Q104210939	6000000021411009107
Q104210941	6000000037860769273
Q104210942	6000000014347327460
Q104210959	6000000007296423075
Q104210963	6000000007345605328
Q104210967	6000000031045639052
Q104210969	6000000015552346080
Q104210970	6000000015562141189
Q104210972	6000000015566223669
Q104210974	6000000194544505829
Q104210978	6000000016313564226
Q104210979	6000000080005737225
Q104210982	6000000179382874821
Q104210983	6000000179380421926
Q104210986	6000000176886837833
Q104210987	6000000125018140882
Q104210989	6000000125017440040
Q104210990	6000000015934964811
Q104210997	6000000015599225267
Q104211005	6000000037703646330
Q104211006	6000000036926593056
Q104211008	6000000023807802049
Q104211009	6000000023807705891
Q104211010	6000000023807693115
Q104211011	6000000036925680764
Q104211012	6000000058964190831
Q104211014	6000000037704136155
Q104211015	6000000023807811180
Q104211017	6000000043150790510
Q104211020	6000000176324122824
Q104211021	6000000078090167886
Q104211024	6000000020614460019
Q104211026	6000000014122310896
Q104211028	6000000004270108878
Q104211030	5270242789140139499
Q104211032	6000000004270288258
Q104211034	6000000007316929619
Q104211037	6000000041184940424
Q104211039	6000000112223191821
Q104211051	6000000042464276177
Q104211060	6000000199460178839
Q104211064	6000000012663872323
Q104211073	6000000093585758822
Q104211075	6000000107240023821
Q104211081	6000000182382637823
Q104211083	6000000038064737860
Q104211084	6000000107206906821
Q104211089	6000000107239126821
Q104211090	6000000107224314828
Q104211092	6000000107208401826
Q104211094	6000000210813955827
Q104211103	6000000205573478833
Q104211105	6000000092123950858
Q104211107	6000000043794770324
Q104211108	6000000173017490403
Q104211110	6000000020547665285
Q104211112	6000000084468906952
Q104211113	6000000084468447219
Q104211115	6000000124953500941
Q104211116	6000000173017907114
Q104211120	6000000076042384084
Q104211121	6000000025121782201
Q104211123	6000000079785772982
Q104211124	6000000055342519853
Q104211125	6000000080038079833
Q104211126	6000000084468967975
Q104211128	6000000065163492852
Q104211131	6000000124953562821
Q104211132	6000000092437018863
Q104211136	6000000092436157254
Q104211139	6000000000615473923
Q104211141	6000000200440879869
Q104211144	6000000007296579882
Q104211145	6000000000933248907
Q104211147	6000000015904561135
Q104211149	6000000001234985083
Q104211150	6000000015905363645
Q104211151	6000000015904326858
Q104211153	6000000205999483861
Q104211158	6000000016056573958
Q104211160	6000000080999171107
Q104211162	6000000045656400220
Q104211166	6000000002388861117
Q104211167	6000000001686453921
Q104211168	6000000001686968053
Q104211169	6000000084414587892
Q104211170	6000000001646334154
Q104211172	6000000001686990249
Q104211173	6000000002388861125
Q104211180	6000000001686726462
Q104211184	6000000212649285862
Q104211185	6000000016668077483
Q104211189	6000000105221951973
Q104211193	6000000105222949833
Q104211194	6000000045142946908
Q104211198	6000000008202143230
Q104211202	6000000019661031506
Q104211204	6000000008745458762
Q104211205	6000000020140023484
Q104211213	6000000122478178931
Q104211214	6000000173397633030
Q104211215	6000000122474945101
Q104211219	6000000024023488966
Q104211222	6000000038570088472
Q104211224	6000000065507270892
Q104211228	6000000182011413824
Q104211231	6000000075612098899
Q104211233	6000000182012287831
Q104211235	6000000011550065668
Q104211237	6000000082070861955
Q104211238	6000000046889629899
Q104211244	6000000011550290334
Q104211246	6000000012886844705
Q104211249	6000000182011876827
Q104211252	6000000020615532390
Q104211254	6000000180147695876
Q104211255	6000000014254043419
Q104211256	6000000025244156052
Q104211258	6000000026078093501
Q104211260	6000000007014351661
Q104211267	6000000020079187080
Q104211270	6000000187674927827
Q104211272	6000000030204411746
Q104211275	6000000009554485473
Q104211277	6000000080194869836
Q104211278	6000000026091332048
Q104211280	6000000080198553883
Q104211282	6000000136803816198
Q104211290	6000000106668128979
Q104211291	6000000008446422951
Q104211293	6000000052192251829
Q104211297	6000000080194712865
Q104211299	6000000106668010872
Q104211300	6000000052192182930
Q104211308	6000000080195221845
Q104211310	6000000100604441836
Q104211313	6000000024387337943
Q104211314	6000000015230222654
Q104211317	6000000020211288802
Q104211320	6000000018094581241
Q104211321	6000000015224063084
Q104211327	6000000032419630254
Q104211329	6000000080987584907
Q104211330	6000000014862320617
Q104211336	6000000036749812833
Q104211339	6000000077436462315
Q104211353	6000000170287719831
Q104211354	6000000019140760332
Q104211356	6000000035147065864
Q104211357	6000000002161521055
Q104211359	6000000015535847345
Q104211360	6000000037250429982
Q104211362	6000000170287522831
Q104211363	6000000028706222284
Q104211365	6000000032571426957
Q104211367	6000000100319404821
Q104211368	6000000100319118884
Q104211373	6000000123437791927
Q104211380	6000000027322108735
Q104211382	6000000206643224848
Q104211385	6000000064308780838
Q104211386	6000000064308364091
Q104211387	6000000064307851910
Q104211388	6000000064308827821
Q104211392	6000000013927768263
Q104211396	6000000123441685884
Q104211397	6000000123441691821
Q104211398	6000000042741746090
Q104211399	6000000027323540297
Q104211400	6000000022270162518
Q104211402	6000000042741749360
Q104211405	6000000042572136478
Q104211407	6000000042573336037
Q104211408	6000000077955930019
Q104211409	6000000037794922599
Q104211410	6000000002901775447
Q104211411	6000000054063656830
Q104211414	6000000026842852413
Q104211415	6000000024210819633
Q104211422	6000000019465772376
Q104211423	6000000195674280895
Q104211431	6000000020011392439
Q104211434	6000000029163423813
Q104211436	6000000028389526898
Q104211437	6000000028389527292
Q104211443	6000000034501285132
Q104211444	6000000175542889821
Q104211445	6000000018500063440
Q104211446	6000000024785803566
Q104211448	6000000053836554886
Q104211451	6000000018529089627
Q104211453	6000000070276526881
Q104211456	6000000070275533209
Q104211458	6000000023081568286
Q104211461	6000000042342090033
Q104211465	6000000018529167572
Q104211467	6000000070276606833
Q104211477	6000000094609483917
Q104211483	6000000081120936030
Q104211485	6000000215389387823
Q104211486	6000000183656154822
Q104211488	6000000035760661825
Q104211491	6000000025500804370
Q104211494	6000000076901985735
Q104211496	6000000043302849393
Q104211498	6000000021343896261
Q104211500	6000000007201107358
Q104211501	4091087184480073603
Q104211503	6000000192381233844
Q104211504	6000000079262069153
Q104211508	6000000074873601825
Q104211512	6000000110566411828
Q104211513	6000000178870551890
Q104211651	6000000183960210892
Q104211944	6000000108084323006
Q104212152	6000000011759865257
Q1042124	6000000136872719842
Q104212778	6000000029636368225
Q104212780	6000000109332760129
Q104212782	6000000080194762878
Q104213400	6000000014719213647
Q104213407	6000000014718953516
Q104213486	6000000004086797523
Q104213764	6000000014220068736
Q104213770	6000000017044613101
Q104213894	6000000107956932836
Q104214296	6000000001502724457
Q104214507	6000000008933698390
Q104214508	6000000008933624941
Q104214509	6000000006802928280
Q104214576	6000000053839984922
Q104214639	6000000028140349521
Q104214650	6000000012501306899
Q104214651	6000000023622641188
Q104214652	6000000023176135001
Q104214653	6000000003243493955
Q104214654	6000000023175962223
Q104214657	6000000001574842512
Q104214659	6000000003243493937
Q104214694	6000000077589986890
Q104214695	6000000021413699696
Q104214696	6000000077589148420
Q104214706	6000000001945052020
Q104215063	6000000012620616590
Q1042154	6000000038355840619
Q104215681	6000000019087076846
Q104215712	6000000089627863821
Q104217921	6000000018603193960
Q104218017	6000000080155140879
Q104218266	6000000011972485910
Q104218447	6000000038827184872
Q104218490	6000000085997123877
Q104218491	6000000020669753377
Q104218495	6000000019653382490
Q104218497	6000000020884706240
Q1042185	6000000183973825840
Q104218504	6000000039104937070
Q104218505	6000000039104682495
Q104218507	6000000069534192019
Q104218508	6000000069534192024
Q104218514	6000000075477404997
Q104218522	6000000015900639588
Q104218523	6000000112064975864
Q104218524	6000000112065769839
Q104218527	6000000206034134835
Q104218528	6000000206034008871
Q104218529	6000000155790297839
Q104218531	6000000112064229845
Q104218535	6000000015900573704
Q104218536	6000000193928621859
Q104218545	6000000111958053828
Q104218546	6000000013698949437
Q104218550	6000000181594018838
Q104218557	6000000029982990835
Q104218559	6000000041559118637
Q104218560	6000000043284761150
Q104218562	6000000042513107576
Q104218563	6000000108555545849
Q104218565	6000000187396364821
Q104218566	6000000097125096319
Q104218567	6000000004589961645
Q104218568	6000000084067448127
Q104218575	6000000083132406137
Q104218581	6000000114725230836
Q104218584	6000000184612913885
Q104218585	6000000187396306828
Q104218595	6000000213457975831
Q104218600	6000000083115062967
Q104218601	6000000002501800494
Q104218604	6000000062748262849
Q104218605	6000000042513462619
Q104218607	6000000002501842555
Q104218611	6000000091677775876
Q104218612	6000000106867029909
Q104218620	6000000035358154016
Q104218625	6000000181442153849
Q104218626	6000000042512927685
Q104218627	1387960
Q104218629	6000000076822264037
Q104218633	6000000082242522030
Q104218635	6000000037118573144
Q104218639	6000000008426182742
Q104218640	6000000197408320911
Q104218641	6000000103764415866
Q104218648	6000000032723338023
Q104218654	6000000090944519230
Q104218656	6000000090945412847
Q104218668	6000000015131096358
Q104218669	6000000015131096354
Q104218670	6000000015130885585
Q104218671	6000000077477848800
Q104218676	6000000077481364138
Q104218677	6000000077479623821
Q104218678	6000000077479075102
Q104218679	6000000015130794441
Q104218684	6000000004150449182
Q104218685	6000000091161468941
Q104218687	6000000014694521774
Q104218688	6000000056386302451
Q104218689	6000000014694657354
Q104218690	6000000056386848076
Q104218691	6000000078212628959
Q104218731	6000000029695419283
Q104218732	6000000196969526836
Q104218733	6000000126632360825
Q104218734	6000000155065286822
Q104218740	6000000029554667267
Q104218743	6000000191296018824
Q104218748	6000000055995353830
Q104218749	6000000055956426821
Q104218750	6000000088367478191
Q104218752	6000000009256796332
Q104218754	6000000013040058941
Q104218756	6000000006707238246
Q104218757	6000000009289387284
Q104218758	6000000009256567732
Q104218759	6000000009256516734
Q104218763	6000000209932569828
Q104218764	6000000044342227229
Q104218767	6000000209762051823
Q104218768	6000000209761900825
Q104218770	6000000209932541823
Q104218773	6000000112662290882
Q104218774	6000000018748431019
Q104218782	6000000064932599823
Q104218784	6000000064939382052
Q104218785	6000000064922721833
Q104218787	6000000064940055862
Q104218788	6000000064922410959
Q104218790	6000000029554232750
Q104218791	6000000029554526815
Q104218793	6000000057634077984
Q104218804	6000000046703128851
Q104218814	6000000029382425518
Q104218815	6000000124366610912
Q104218817	6000000000440483930
Q104218818	6000000022670957692
Q104218820	6000000015997369516
Q104218821	6000000048306466883
Q104218822	6000000035979852484
Q104218824	6000000197067940831
Q104218825	6000000067367246838
Q104218826	6000000000394996051
Q104218828	6000000086205022015
Q104218830	6000000197067894826
Q104218831	6000000124364706558
Q104218832	6000000067130065969
Q104218834	6000000048306519881
Q104218835	6000000073804041901
Q104218838	6000000022671102348
Q104218839	6000000048305979891
Q104218840	6000000001514830287
Q104218844	6000000063696516881
Q104218851	4554338991040024238
Q104218860	6000000077583656162
Q104218861	6000000051436097254
Q104218862	6000000026791701388
Q104218863	6000000112666219040
Q104218864	6000000077582170958
Q104218865	6000000112668084030
Q104218866	6000000038019148198
Q104218867	6000000077568343821
Q104218868	6000000101126359858
Q104218871	6000000013774974281
Q104218872	6000000019258170046
Q104218875	6000000069676092844
Q104218877	6000000075800056066
Q104218878	6000000082490343099
Q104218882	6000000077583237160
Q104218886	6000000031034042396
Q104218888	6000000019558092518
Q104218890	6000000012735594824
Q104218891	6000000077565346215
Q104218892	6000000026790442288
Q104218894	6000000087880568849
Q104218895	6000000013774802469
Q104218898	6000000029659797325
Q104218900	6000000112499962842
Q104218902	6000000037996389677
Q104218904	6000000038019054588
Q104218905	6000000018316143377
Q104218907	6000000031434629615
Q104218908	6000000106902538838
Q104218914	6000000019787073388
Q104218916	6000000088327394044
Q104218922	6000000086070401910
Q104218925	6000000086070248966
Q104218930	6000000187680495835
Q104218933	6000000055935727917
Q104218940	6000000055935535027
Q104218944	6000000055935742837
Q104218945	6000000058978173859
Q104218949	6000000181443535842
Q104218951	6000000076854181941
Q104218955	6000000169686861845
Q104218957	6000000169604814850
Q104218958	6000000099289232821
Q104218961	6000000199864819828
Q104218963	6000000012523808391
Q104218966	6000000004590012008
Q104218969	6000000174237090032
Q104218972	6000000040716069989
Q104218974	6000000040698807009
Q104218984	6000000040698727421
Q104218994	6000000084856447919
Q104219004	6000000022423020075
Q104219006	6000000185145131842
Q104219008	6000000175890237844
Q104219024	6000000178111821866
Q104219025	6000000064935502821
Q104219029	6000000019276954224
Q104219030	6000000079319470679
Q104219032	6000000178112651823
Q104219034	6000000043656212091
Q104219035	6000000079320630106
Q104219038	6000000079320559068
Q104219041	6000000037841102261
Q104219042	6000000015700818061
Q104219043	6000000028229051612
Q104219045	6000000002764705361
Q104219046	6000000079400142660
Q104219050	6000000018145526675
Q104219052	6000000028229088519
Q104219053	6000000215358970822
Q104219055	6000000025674360858
Q104219056	6000000028245227735
Q104219061	6000000082544385931
Q104219062	6000000103636519871
Q104219064	6000000012664843019
Q104219069	6000000020958049043
Q104219071	6000000079356889831
Q104219072	6000000015475753770
Q104219084	6000000012799067398
Q104219086	6000000085587954269
Q104219087	6000000025525875683
Q104219093	6000000085589761914
Q104219095	6000000122786764836
Q104219098	6000000177455377844
Q104219102	6000000177598867852
Q104219103	6000000177600069822
Q104219104	6000000069628485837
Q104219106	6000000197515147832
Q104219110	6000000014338055205
Q104219112	6000000148614575834
Q104219116	6000000194399308825
Q104219117	6000000028845801032
Q104219118	6000000179883248834
Q104219123	6000000014337867934
Q104219127	6000000048615288837
Q104219129	6000000099593834982
Q104219132	6000000013320150993
Q104219136	6000000195005200821
Q104219142	6000000073615313839
Q104219144	6000000068127027892
Q104219147	6000000082784689080
Q104219152	6000000079301608892
Q104219155	6000000151656919122
Q104219156	6000000009405351666
Q104219157	6000000174120470878
Q104219160	6000000002775836785
Q104219165	6000000085333774492
Q104219169	6000000042656790809
Q104219170	6000000020876466519
Q104219171	6000000047448358029
Q104219172	6000000002388791642
Q104219179	6000000004590262029
Q104219181	6000000002388910307
Q104219184	6000000082465000963
Q104219185	6000000002388791668
Q104219188	6000000029490765863
Q104219189	6000000002388801332
Q104219190	6000000025796805570
Q104219192	6000000002388795375
Q104219194	6000000020957946302
Q104219196	6000000002388910297
Q104219199	6000000017694676249
Q104219201	6000000082793573192
Q104219205	6000000016542360078
Q104219211	6000000084683115052
Q104219213	6000000084683706882
Q104219216	6000000064147654912
Q104219219	6000000141084493855
Q104219223	6000000031521430876
Q104219227	6000000147838344872
Q104219230	6000000041074558459
Q104219234	6000000162034538865
Q104219241	6000000041071590314
Q104219243	6000000041071358015
Q104219245	6000000024406853628
Q104219246	6000000036520706203
Q104219247	6000000147838512858
Q104219249	6000000000442458058
Q104219250	6000000147837396140
Q104219251	6000000147837581931
Q104219252	6000000026040839833
Q104219257	6000000007445620378
Q104219258	6000000147835121412
Q104219260	6000000076417594838
Q104219265	6000000035291585237
Q104219268	6000000037658803081
Q104219269	6000000004057503076
Q104219278	6000000173256713940
Q104219279	6000000015578460082
Q104219286	6000000081278414479
Q104219287	6000000184685742954
Q104219290	6000000037588521985
Q104219292	6000000038963870535
Q104219293	6000000038965911413
Q104219295	6000000077310729967
Q104219297	6000000003096465489
Q104219300	6000000180610931934
Q104219302	6000000058270488836
Q104219306	6000000168952763907
Q104219307	6000000138119916897
Q104219309	6000000023910997290
Q104219311	6000000031723051547
Q104219316	6000000118832255972
Q104219317	6000000033316313913
Q104219321	6000000167970555028
Q104219322	6000000167970425002
Q104219323	6000000081558602997
Q104219324	6000000067618637821
Q104219325	6000000038867875021
Q104219326	6000000129670497964
Q104219328	6000000082402867964
Q104219329	6000000078134778320
Q104219332	6000000012653948368
Q104219333	6000000026483017304
Q104219334	6000000081558159954
Q104219335	6000000034723499363
Q104219338	6000000011455050147
Q104219339	6000000003096468899
Q104219341	6000000083938142949
Q104219345	6000000184252745849
Q104219346	6000000024049602125
Q104219347	6000000081444722872
Q104219349	6000000003096468905
Q104219350	6000000081558827845
Q104219351	6000000038819412035
Q104219352	6000000020637617583
Q104219353	6000000038867646132
Q104219356	6000000069249976063
Q104219357	6000000165464948821
Q104219358	6000000038837390359
Q104219359	6000000024049601199
Q104219360	6000000016592733744
Q104219361	6000000167970626917
Q104219362	6000000126203040023
Q104219363	6000000038909927925
Q104219365	6000000083935097324
Q104219366	6000000038838580111
Q104219371	6000000037997710954
Q104219375	6000000081557340758
Q104219376	6000000051514817821
Q104219377	6000000038819371184
Q104219379	6000000038867908002
Q104219383	6000000038905131325
Q104219384	6000000026483111927
Q104219388	6000000179607699853
Q104219392	6000000024049528223
Q104219393	6000000180614256876
Q104219394	6000000038909650224
Q104219396	6000000038909710288
Q104219398	6000000030165999953
Q104219399	6000000034723274382
Q104219401	6000000038819742056
Q104219402	6000000003113952182
Q104219403	6000000026036239177
Q104219404	6000000083933634932
Q104219405	6000000081446823522
Q104219406	6000000078224284143
Q104219407	6000000041964278043
Q104219408	6000000080637977846
Q104219412	6000000067618428904
Q104219413	6000000038867456632
Q104219414	6000000019523625964
Q104219415	6000000083933034371
Q104219416	6000000003096465482
Q104219417	6000000034926615714
Q104219421	6000000173712589733
Q104219422	6000000012778932973
Q104219425	6000000038963934403
Q104219426	6000000038966298145
Q104219427	6000000015330342153
Q104219429	6000000077077661996
Q104219431	6000000023505523361
Q104219437	6000000017274271738
Q104219439	6000000196366465841
Q104219440	6000000145008076920
Q104219442	6000000107030636008
Q104219443	6000000034418212762
Q104219447	6000000020869748178
Q104219451	6000000178790511854
Q104219453	6000000022494415820
Q104219454	6000000041034696741
Q104219456	6000000004380298181
Q104219457	6000000019150957422
Q104219458	6000000072430174832
Q104219459	6000000107030601917
Q104219460	6000000030192194666
Q104219461	6000000034396498131
Q104219463	6000000031661711994
Q104219468	6000000026730360028
Q104219471	6000000176609597833
Q104219472	6000000001889909544
Q104219473	6000000001889783814
Q104219481	6000000070311132055
Q104219487	6000000096521864025
Q104219490	6000000005092450857
Q104219492	6000000018625616980
Q104219493	6000000070310505839
Q104219496	6000000041034688805
Q104219497	6000000009495914316
Q104219501	6000000070311143878
Q104219502	6000000072428380688
Q104219503	6000000053694055829
Q104219505	6000000001384561549
Q104219506	6000000016571236653
Q104219508	6000000005618079664
Q104219516	6000000175993801871
Q104219522	6000000016356527183
Q104219535	6000000009752703806
Q104219538	6000000142414481104
Q104219540	6000000101838508017
Q104219545	6000000011565606638
Q104219553	6000000006927583115
Q104219556	6000000006927134848
Q104219558	6000000006928737627
Q104219561	6000000014929018058
Q104219565	6000000002803196690
Q104219568	6000000016160516505
Q104219571	6000000122534135023
Q104219572	6000000111419542931
Q104219576	6000000077230630951
Q104219577	6000000011812986029
Q104219581	6000000081859948923
Q104219585	6000000043893320893
Q104219587	6000000015985385988
Q104219590	6000000128986247045
Q104219594	6000000038169973645
Q104219595	6000000097567748137
Q104219601	6000000081270201141
Q104219603	6000000068435294834
Q104219609	6000000077230182402
Q104219615	6000000105783277910
Q104219619	6000000177741981866
Q104219626	6000000064339485940
Q104219629	6000000097571411981
Q104219631	6000000079594609829
Q104219636	6000000031575314200
Q104219640	6000000111264113840
Q104219646	6000000038169912684
Q104219649	6000000006929092074
Q104219650	6000000051395527893
Q104219651	6000000081241503583
Q104219654	6000000039284437497
Q104219656	6000000053619982036
Q104219661	6000000025779146920
Q104219664	6000000103389263869
Q104219670	6000000101443864003
Q104219676	6000000048614255922
Q104219677	6000000077802905255
Q104219678	6000000068435259821
Q104219682	6000000081858810842
Q104219691	6000000008016328304
Q104219692	6000000103389240905
Q104219693	6000000020103924265
Q104219695	6000000075057799885
Q104219700	6000000106668128974
Q104219703	6000000012119648703
Q104219704	6000000018856473913
Q104219705	6000000077438981299
Q104219706	6000000101443089120
Q104219709	341994663060013656
Q104219710	6000000088695398979
Q104219715	6000000077227818350
Q104219719	6000000053914104862
Q104219724	6000000111263488972
Q104219725	6000000032213994176
Q104219726	6000000105306522325
Q104219727	6000000068434730860
Q104219732	6000000011555664261
Q104219736	6000000020329222733
Q104219738	6000000026039750841
Q104219741	6000000034543692264
Q104219753	6000000025916514273
Q104219756	6000000081241736307
Q104219760	6000000016160117879
Q104219764	6000000026589950471
Q104219765	6000000019704190256
Q104219769	6000000013386841586
Q104219780	6000000018715392281
Q104219781	6000000052163009827
Q104219786	6000000102866907939
Q104219788	6000000078252866072
Q104219790	6000000038732400049
Q104219791	6000000031665223439
Q104219795	6000000058157569959
Q104219796	6000000020786425783
Q104219799	6000000074750856971
Q1042198	6000000141058605270
Q104219803	6000000214469746821
Q104219806	6000000075699194030
Q104219809	6000000050754596371
Q104219811	6000000039507580805
Q104219816	6000000017567449026
Q104219818	6000000070327061107
Q104219820	6000000176915828822
Q104219822	6000000036926326744
Q104219824	6000000088566543866
Q104219826	6000000031813591976
Q104219828	6000000017567422061
Q104219829	6000000083903087821
Q104219830	6000000183979169864
Q104219831	6000000179088684828
Q104219833	6000000031813126337
Q104219834	6000000035935494767
Q104219836	6000000050733210955
Q104219837	6000000025003532415
Q104219838	6000000124414543845
Q104219840	6000000185468453857
Q104219844	6000000183979169827
Q104219848	6000000066967856849
Q104219849	6000000185700765839
Q104219852	6000000075699063046
Q104219853	6000000046339730108
Q104219858	6000000018726709244
Q104219859	6000000020786693968
Q104219860	6000000016444488661
Q104219862	6000000031813485282
Q104219863	6000000025526185133
Q104219864	6000000175595666823
Q104219865	6000000050808328938
Q104219868	6000000093964487143
Q104219870	6000000052162929859
Q104219871	6000000039508075004
Q104219872	6000000175591389029
Q104219874	6000000028749035273
Q104219875	6000000029575205232
Q104219879	6000000175594342870
Q104219880	6000000019042634672
Q104219883	6000000005222509394
Q104219884	6000000176914634906
Q104219886	6000000051873601092
Q104219890	6000000182937319846
Q104219891	6000000069958091026
Q104219893	6000000018790066728
Q104219894	6000000070263072963
Q104219895	6000000185700582857
Q104219897	6000000005221461936
Q104219898	6000000176787293841
Q104219899	6000000017567401038
Q104219901	6000000009601085802
Q104219904	6000000017010634967
Q104219908	6000000003401089622
Q104219909	6000000120427447858
Q104219911	6000000036649178251
Q104219913	6000000037476138995
Q104219917	6000000037475676596
Q104219918	6000000007346884219
Q104219919	6000000007345806870
Q104219920	6000000107808434098
Q104219921	6000000154618608836
Q104219922	6000000109348067830
Q104219923	6000000178502170831
Q104219927	6000000078301471955
Q104219931	6000000056574045821
Q104219938	6000000017010629290
Q104219942	6000000084692430853
Q104219944	6000000193667616827
Q104219945	6000000013664851668
Q104219946	6000000092559898059
Q104219947	6000000092560845865
Q104219949	6000000053809234892
Q104219951	6000000178477909867
Q104219952	6000000178475610962
Q104219953	6000000053808815962
Q104219954	6000000052585010920
Q104219955	6000000175927248892
Q104219957	6000000025286030474
Q104219963	6000000025621287693
Q104219964	6000000092559388283
Q104219974	6000000001335722616
Q104219976	6000000205945315865
Q104219979	6000000075203927381
Q104219981	6000000121120233827
Q104219997	6000000049680739852
Q104220002	6000000049680551004
Q104220003	6000000076862432487
Q104220005	6000000075204545892
Q104220007	6000000121120419829
Q104220008	6000000081866235766
Q104220009	6000000038343127330
Q104220027	6000000038343027474
Q104220028	6000000182013601864
Q104220030	6000000049680723017
Q104220032	6000000100774031202
Q104220042	6000000019733498596
Q104220044	6000000019954887219
Q104220052	6000000049415527882
Q104220058	6000000078955072102
Q104220062	6000000153852856851
Q104220064	6000000078955526930
Q104220068	6000000035851115712
Q104220073	6000000080332974975
Q104220075	6000000043569509241
Q104220078	6000000027646483813
Q104220081	6000000043570319887
Q104220082	302778032260003715
Q104220084	6000000078955214925
Q104220091	6000000027646529660
Q104220095	6000000102496603963
Q104220099	6000000043569630394
Q104220101	6000000049415625871
Q104220105	6000000150787693925
Q104220111	6000000017618406401
Q104220115	6000000080332443368
Q104220117	6000000078954634398
Q104220122	6000000089263589823
Q104220127	6000000102498815821
Q104220130	6000000102496776009
Q104220137	6000000027646745330
Q104220141	6000000018388420739
Q104220142	6000000045524085833
Q104220146	6000000006346596100
Q104220163	6000000076968824430
Q104220167	6000000129924927209
Q104220169	6000000070255854821
Q104220171	6000000078253070921
Q104220173	6000000019042582269
Q104220176	6000000070324568964
Q104220179	6000000050733003094
Q104220181	6000000029575175700
Q104220184	6000000019258305353
Q104220187	6000000046330245174
Q104220192	6000000036006542719
Q104220196	6000000058157663033
Q104220209	6000000058157208278
Q104220211	6000000130099329965
Q104220218	6000000046330422030
Q104220221	6000000020826377230
Q104220227	6000000029575375957
Q104220229	6000000046340169833
Q104220231	6000000070262873934
Q104220233	6000000088566859028
Q104220236	6000000021065175961
Q104220238	6000000025003342773
Q104220241	6000000013747341163
Q104220243	6000000024802688653
Q104220244	6000000115257116833
Q104220248	6000000052261002151
Q104220251	6000000018790045504
Q104220261	6000000048190589133
Q104220286	6000000056291434975
Q104220288	6000000069873805161
Q104220290	6000000058105470043
Q104220293	6000000051378245850
Q104220297	6000000030813295968
Q104220300	6000000058105432006
Q104220308	6000000016226616133
Q104220310	6000000016904795735
Q104220312	6000000016226433977
Q104220314	6000000030812687529
Q104220321	6000000016230707276
Q104220322	6000000030813353954
Q104220326	6000000056291797833
Q104220337	6000000016904406580
Q104220340	6000000017300816630
Q104220344	6000000016230795130
Q104220348	6000000117823102846
Q104220350	6000000117822466010
Q104220354	6000000061757898099
Q104220361	6000000196595514832
Q104220367	6000000033547389049
Q104220369	6000000196800267856
Q104220374	6000000019480241420
Q104220379	6000000018061457064
Q104220385	6000000041977716960
Q104220389	6000000018061593041
Q104220391	6000000021725299310
Q104220393	6000000047452427113
Q104220397	6000000022953782838
Q104220404	6000000041850629682
Q104220407	6000000007178019258
Q104220415	6000000007178068214
Q104220417	6000000086797507822
Q104220418	6000000039281837879
Q104220421	6000000202074996867
Q104220423	6000000039330609866
Q104220425	6000000070350147952
Q104220427	6000000016601890322
Q104220430	6000000034806054244
Q104220432	6000000079550173558
Q104220434	6000000081716777063
Q104220436	6000000025022886443
Q104220439	6000000030898995731
Q104220448	6000000039148168867
Q104220456	6000000019296446447
Q104220458	6000000002388915492
Q104220466	6000000042705813671
Q104220468	6000000071735105941
Q104220470	6000000016410441454
Q104220474	6000000124780522885
Q104220476	6000000109086637850
Q104220478	6000000034806184034
Q104220480	6000000039596024652
Q104220487	6000000039487947131
Q104220490	6000000018645432604
Q104220495	6000000039453028295
Q104220497	6000000032405752943
Q104220499	6000000072446496031
Q104220510	6000000039640519563
Q104220514	6000000039326165818
Q104220516	6000000030102189360
Q104220519	6000000015505518837
Q104220521	6000000157493368858
Q104220525	6000000169582416133
Q104220527	6000000082932391855
Q104220531	6000000030430346678
Q104220543	6000000011663689343
Q104220554	6000000100435080882
Q104220561	6000000039531625700
Q104220564	6000000039326678851
Q104220577	6000000015505484541
Q104220581	6000000008232010724
Q104220588	6000000036066585537
Q104220591	6000000015106826113
Q104220598	6000000019294813971
Q104220605	6000000070350483821
Q104220610	6000000043933945822
Q104220614	6000000081716687983
Q104220618	6000000015285604166
Q104220621	6000000039353831842
Q104220625	6000000017494104494
Q104220650	6000000144319771827
Q104220653	6000000030431029106
Q104220659	6000000023938009960
Q104220665	6000000157491482954
Q104220671	6000000022538639736
Q104220680	6000000147162242537
Q104220684	6000000030528172594
Q104220696	1146121
Q104220700	6000000036066972033
Q104220723	6000000023431645138
Q104220738	6000000015434408536
Q104220741	6000000039537555204
Q104220745	6000000071734925128
Q104220761	6000000185456783996
Q104220765	6000000014454434486
Q104220768	6000000071735248863
Q104220776	6000000105453055898
Q104220786	6000000014383493481
Q104220789	6000000052735148973
Q104220795	6000000039613469306
Q104220805	6000000030528571237
Q104220808	6000000008924205275
Q104220814	6000000150360658835
Q104220823	6000000016925612277
Q104220825	6000000073113720423
Q104220827	6000000039487731968
Q104220829	6000000039380262377
Q104220831	6000000151696970845
Q104220833	6000000010511429587
Q104220836	6000000184958537845
Q104220839	6000000026849996554
Q104220843	6000000039479984183
Q104220845	6000000177113013928
Q104220849	6000000079550089757
Q104220851	6000000034562720974
Q104220856	6000000039274178417
Q104220858	6000000169583139836
Q104220863	6000000015106676566
Q104220869	6000000059797916056
Q104220872	6000000034563481382
Q104220884	6000000078010836140
Q104220907	6000000094042331843
Q104220911	6000000047070815083
Q104220913	6000000208208189904
Q104220925	6000000178500038824
Q104220927	6000000078886019947
Q104220942	6000000176063367842
Q104220956	6000000019201865335
Q104220959	6000000017056008097
Q104220964	6000000037692599829
Q104220967	6000000032102424512
Q104220977	6000000014064647263
Q104220995	6000000052734516129
Q1042210	6000000015389006306
Q104221015	6000000039488082998
Q104221018	6000000012135144508
Q104221020	6000000132495208987
Q104221023	6000000077697654368
Q104221036	6000000039274038231
Q104221040	6000000011662689164
Q104221043	6000000125755133250
Q104221045	6000000018646580051
Q104221052	6000000138554399921
Q104221053	6000000168187214155
Q104221062	6000000071734957074
Q104221073	6000000008969315885
Q104221080	6000000075005858877
Q104221083	6000000039326588999
Q104221085	6000000026850590829
Q104221096	6000000039460215519
Q1042211	6000000089075442975
Q104221102	6000000039380273803
Q104221110	6000000018377442858
Q104221112	6000000109087826828
Q104221114	6000000113737999935
Q104221116	6000000100435971823
Q104221119	6000000039538049549
Q104221124	6000000125784584826
Q104221132	6000000015804222062
Q104221134	6000000071735078024
Q104221155	6000000034562351505
Q104221157	6000000105453297821
Q104221162	6000000109085163999
Q104221166	6000000039297872212
Q104221170	6000000126455153979
Q104221173	6000000010799516365
Q104221175	6000000020894840708
Q104221180	6000000031050856330
Q104221184	6000000168189229898
Q104221190	6000000041829777639
Q104221197	6000000030899125221
Q104221213	6000000009289283267
Q104221217	6000000010581977975
Q104221224	6000000014461328169
Q104221229	6000000015106642674
Q104221231	6000000026850080465
Q104221238	6000000019296426060
Q104221240	6000000018389965389
Q104221243	6000000072446513881
Q104221245	340336462370013968
Q104221252	6000000039702382956
Q104221260	6000000036066892115
Q104221263	6000000002991219638
Q104221294	6000000039278568038
Q104221305	6000000002388915499
Q104221309	6000000070350456821
Q104221317	6000000059797983943
Q104221324	6000000009752547396
Q104221347	6000000073115042864
Q104221352	6000000020342873487
Q104221356	6000000015434391741
Q104221362	6000000026849899548
Q104221407	6000000039258557392
Q104221417	6000000087970575853
Q104221438	6000000018842211804
Q104221442	6000000173051590172
Q104221446	6000000173052934867
Q104221483	6000000037094035305
Q104221485	6000000018871555018
Q104221489	6000000087334077003
Q104221499	6000000077627258100
Q104221502	6000000110905684837
Q104221514	6000000081872449362
Q104221532	6000000187064635821
Q104221563	6000000077627654839
Q104221574	6000000127540479907
Q104221579	6000000077080643442
Q104221581	6000000044374679907
Q104221587	6000000006884323487
Q104221589	6000000018061414204
Q104221594	6000000081873233943
Q104221610	6000000006884323484
Q104221616	6000000031274711715
Q104221619	6000000018596057159
Q104221620	6000000105343954050
Q104221622	6000000007316926060
Q104221632	6000000077081256958
Q104221634	6000000001805396317
Q104221636	6000000045076781841
Q104221654	6000000214146978846
Q104221667	6000000006831608159
Q104221670	6000000078939007464
Q104221672	6000000000003356102
Q104221683	6000000020051096344
Q104221685	6000000077632557310
Q104221690	6000000185386436871
Q104221693	6000000077627551895
Q104221694	6000000031087792980
Q104221702	6000000180698782822
Q104221720	6000000120594877071
Q104221721	6000000142881398201
Q104221725	6000000016668072708
Q104221727	6000000175564651840
Q104221739	6000000127539307953
Q104221744	6000000209477365834
Q104221753	6000000017069975923
Q104221756	6000000008516253564
Q104221770	6000000006884805084
Q104221776	6000000048904986821
Q104221777	6000000077504930618
Q104221782	6000000182009269829
Q104221785	6000000182211794829
Q104221787	6000000105346208830
Q104221790	6000000000735983519
Q104221794	6000000006448514010
Q104221796	6000000193555763822
Q104221798	6000000081373255964
Q104221799	6000000182209198834
Q104221802	6000000205939181837
Q104221811	6000000180282550822
Q104221813	6000000035089542956
Q104221822	6000000182039452854
Q104221830	6000000083411918911
Q104221833	6000000120596083982
Q104221850	6000000077633541520
Q104221854	6000000000003333137
Q104221858	6000000083689164288
Q104221861	6000000016667891898
Q104221876	6000000046464821845
Q104221877	6000000021343815565
Q104221878	6000000045075654982
Q104221881	6000000035376335126
Q104221883	6000000179275745914
Q104221886	6000000045076783821
Q104221890	6000000028456495861
Q104221893	6000000031275042193
Q104221900	6000000083688926194
Q104221910	6000000081873044173
Q104221912	6000000007316925408
Q104221914	6000000120595667839
Q104221916	6000000022966353885
Q104221918	6000000039789203514
Q104221923	6000000039820468931
Q104221928	6000000022834615842
Q104221929	6000000076906608675
Q104221931	6000000018734946763
Q104221940	6000000046392065342
Q104221942	6000000053037192070
Q104221944	6000000053036078887
Q104221945	6000000046392347127
Q104221947	6000000053037601834
Q104221949	6000000199858209832
Q104221958	6000000086374475868
Q104221972	6000000097527942928
Q104221975	6000000034582904144
Q104221977	6000000034624764023
Q104221988	6000000097526984123
Q104221990	6000000015301430098
Q104221994	6000000025144876786
Q104222017	6000000056384168867
Q104222024	6000000197041002823
Q104222026	6000000039756428501
Q104222028	6000000181264330852
Q104222033	6000000008790630687
Q104222034	6000000058078414829
Q104222037	6000000002765041818
Q104222041	6000000002765041811
Q104222050	6000000008790870478
Q104222052	6000000005415517586
Q104222055	6000000055379907177
Q104222057	6000000055382636846
Q104222065	6000000054761240593
Q104222070	6000000046889056884
Q104222089	6000000204176851848
Q104222114	6000000045022639871
Q104222117	6000000192257203883
Q104222139	6000000149229116845
Q104222147	6000000149229321821
Q104222170	6000000056646327406
Q104222172	6000000014015699416
Q104222185	6000000149228744904
Q104222193	6000000040096505271
Q104222201	6000000149228803876
Q104222221	6000000025693665215
Q104222223	6000000208966349838
Q104222231	6000000048859165911
Q104222233	6000000026340657541
Q104222241	6000000207340641846
Q104222243	6000000072641445240
Q104222249	6000000080539034025
Q104222262	6000000080214503860
Q104222296	6000000071661708915
Q104222299	6000000071661745913
Q104222311	6000000078749051990
Q104222321	6000000014271437432
Q104222323	6000000014271429328
Q104222334	6000000086460168945
Q104222339	6000000050635432269
Q104222343	6000000115249578928
Q104222346	6000000115248930225
Q104222349	6000000211809462827
Q104222383	6000000022264818288
Q104222386	6000000050635238056
Q104222402	6000000135841335821
Q104222444	6000000081319804726
Q104222460	6000000086917130082
Q104222463	6000000078147076870
Q104222467	6000000086917586908
Q104222469	6000000086917632872
Q104222482	6000000181993067836
Q104222486	6000000181653202829
Q104222489	6000000181993023879
Q104222492	6000000020238709871
Q104222517	6000000181992567846
Q104222522	6000000172195625078
Q104222535	6000000077051930144
Q104222539	6000000077051463609
Q104222546	6000000032770922958
Q104222550	6000000077052138029
Q104222590	6000000180472035821
Q104222631	6000000034542240506
Q104222635	6000000027023200607
Q104222641	6000000019375022135
Q104222643	6000000019369258235
Q104222669	6000000058044558713
Q104222670	6000000058046570931
Q104222673	6000000058046162966
Q104222678	6000000155821212873
Q104222698	6000000003583752862
Q104223599	6000000005952422646
Q104223600	6000000004947756251
Q104223601	6000000000550639408
Q104223603	6000000015375773786
Q104223604	6000000005946914343
Q104223605	6000000109950238018
Q104223610	6000000012287903936
Q104223611	6000000003634866195
Q104223617	6000000000181201985
Q104223618	6000000008616048254
Q104223619	6000000000023259343
Q104224046	6000000003006517442
Q104224097	6000000071890720841
Q1042250	6000000156925817822
Q104225839	6000000008500745298
Q104226	6000000040277692212
Q104226165	6000000015783054615
Q104227940	4301959696730067942
Q104232398	6000000003522813098
Q104232402	6000000003522972877
Q104232409	6000000007758024094
Q104232416	6000000040135891531
Q104232469	6000000003522912265
Q104232484	6000000003075750445
Q104232491	6000000005077212990
Q1042327	6000000145341136871
Q104232810	6000000022952904510
Q104232942	6000000041375962512
Q104233061	6000000099603064910
Q104234491	6000000018890575185
Q104235	6000000002188593439
Q104235151	6000000046852488846
Q104235299	6000000026939327927
Q104235961	6000000008984322925
Q104235965	6000000002517382976
Q1042364	6000000157931781854
Q1042372	6000000178602457837
Q1042391	6000000141015355000
Q104240	6000000022452804982
Q1042403	6000000140447601838
Q1042404	6000000155515448822
Q104242	6000000075964474876
Q1042427	6000000068433112821
Q1042433	6000000182783918843
Q104243355	6000000078499936115
Q104243369	6000000027947196844
Q104243435	6000000013019785490
Q104243479	6000000033670323441
Q1042435	6000000145398258822
Q104243553	6000000057634200867
Q104243607	6000000033670438011
Q104243898	6000000041802800867
Q104244428	6000000009016248816
Q104245	6000000141991252871
Q104245149	6000000015172156337
Q104245507	6000000001243437979
Q104246445	6000000059746562821
Q104246494	6000000026521771998
Q1042465	6000000068432939870
Q1042482	6000000156763754839
Q104248245	6000000031045681731
Q104248321	6000000187692029845
Q104248322	6000000018790137288
Q104248323	6000000029574525458
Q104248325	6000000077073871403
Q104248330	6000000129933355821
Q104248331	6000000046382146823
Q104248332	6000000171707616938
Q104248337	6000000102866739966
Q104248338	6000000124634629821
Q104248342	3711278
Q104248345	6000000032863060070
Q104248352	6000000018379965999
Q104248359	6000000063821047908
Q104248367	6000000013332485760
Q104248368	6000000034319459463
Q104248369	6000000027154440526
Q104248370	6000000047452350230
Q104248371	6000000178501423829
Q104248374	6000000176062622844
Q104248375	6000000194734615823
Q104248380	6000000031939140311
Q104248384	6000000040206059452
Q104248387	6000000004590070897
Q104248392	6000000172216610374
Q104248397	6000000033757900564
Q104248398	6000000081873031947
Q104248403	6000000197409958887
Q104248405	6000000024793245203
Q104248406	6000000024793060566
Q104248407	6000000038043455184
Q104248425	6000000022834323981
Q104248426	6000000008850430781
Q104248429	6000000022952561578
Q104248432	6000000039789140371
Q104248433	6000000078809216897
Q104248523	6000000031267416205
Q104248524	6000000017328264526
Q104248525	6000000003583744963
Q104248528	6000000031266603799
Q104248529	6000000003583752441
Q104248531	6000000003583752846
Q104248536	6000000001175366180
Q104248542	6000000002903746945
Q104248544	6000000020865960205
Q104248545	6000000016871630391
Q104248546	6000000020865928258
Q104248549	6000000083550579676
Q104248550	6000000056987972090
Q104248551	6000000056987730846
Q104248553	6000000018676517700
Q104248554	6000000002903824978
Q104248555	6000000021489023370
Q104248556	6000000024039180738
Q104248557	6000000058446086030
Q104248559	6000000008795094301
Q104248560	6000000083957394531
Q104248565	6000000058446408998
Q104248568	6000000012698805771
Q104248569	6000000012699024926
Q104248574	6000000033373334000
Q104248575	6000000015965833531
Q104248577	6000000033376727948
Q104248580	6000000018239947072
Q104248581	6000000051714520961
Q104248585	6000000030410815245
Q104248588	6000000119035161821
Q104248591	6000000076981456968
Q104248592	6000000046928976194
Q104248594	6000000021521213256
Q104248595	6000000032215939313
Q104248596	6000000103264228838
Q104248599	6000000022495080315
Q104248600	6000000002350569146
Q104248601	6000000023821937901
Q104248605	6000000002350529780
Q104248606	6000000103264326953
Q104248607	6000000077251944588
Q104248609	6000000015898246286
Q104248611	6000000077239576200
Q104248613	6000000101363748902
Q104248615	6000000083441869983
Q104248616	6000000001892249520
Q104248617	6000000136827911828
Q104248619	6000000077252523001
Q104248620	6000000024612883359
Q104248622	6000000078045334348
Q104248623	6000000046929223965
Q104248626	6000000077239422345
Q104248627	6000000081512506950
Q104248637	6000000029029991053
Q104248648	6000000112355115018
Q104248653	6000000002215929197
Q104248655	6000000033968092853
Q104248658	6000000110566470011
Q104248661	6000000033967767051
Q104248664	6000000034870986975
Q104248666	6000000016229621298
Q104248669	6000000175562454824
Q104248675	6000000047285887096
Q104248680	6000000208232505909
Q104248681	6000000024387669132
Q104248682	6000000172264983507
Q104248683	6000000012431822578
Q104248684	6000000070502474959
Q104248687	6000000064667584909
Q104248688	6000000177568350831
Q104248690	6000000199516082872
Q104248691	6000000017641959767
Q104248698	6000000038676206090
Q104248705	6000000076981479981
Q104248716	6000000005380912876
Q104248745	6000000085103369874
Q104248749	6000000013040760557
Q104248752	6000000012942702823
Q104248753	6000000086970976845
Q104248754	6000000086591459158
Q104248757	6000000038477094274
Q104248762	6000000076034462170
Q104248763	6000000059157821014
Q104248768	6000000020759199833
Q104248769	6000000088557949845
Q104248770	6000000084831324179
Q104248771	6000000086594428885
Q104248774	6000000045287797855
Q104248778	6000000028003813924
Q104248783	6000000016925022818
Q104248787	6000000044585524641
Q104248788	6000000151711020909
Q104248794	6000000196517985821
Q104248796	6000000210188374858
Q104248802	6000000086606365908
Q104248803	6000000086545467188
Q104248804	6000000199699718963
Q104248806	6000000193718980846
Q104248807	6000000110080892831
Q104248810	6000000172888448952
Q104248813	6000000193718131944
Q104248814	6000000002388836280
Q104248815	6000000178616218911
Q104248816	6000000068759279956
Q104248821	6000000151658892904
Q104248822	6000000086954845903
Q104248827	6000000002388836250
Q104248832	6000000002388836261
Q104248837	6000000110080785828
Q104248838	6000000096612402821
Q104248842	6000000096564173821
Q104248844	6000000044585747884
Q104248849	6000000039304122822
Q104248850	6000000028925912948
Q104248853	6000000148025460252
Q104248860	6000000096566897952
Q104248862	6000000178617893833
Q104248866	6000000147847610842
Q104248872	6000000086545691888
Q104248876	6000000171045783190
Q104248889	6000000086604705219
Q104248899	6000000026437842932
Q104248912	6000000087347417960
Q104248913	6000000097223052913
Q104248914	6000000151713124827
Q104248917	6000000024061448724
Q104248923	6000000016924455622
Q104248930	6000000086938663846
Q104248933	6000000178617103872
Q104248939	6000000172887137420
Q104248942	6000000084503018047
Q104248952	6000000086606580821
Q104248955	6000000062910822936
Q104248958	6000000062911714891
Q104248960	6000000068524298007
Q104248962	6000000068657580873
Q104248981	6000000027791246527
Q104248988	6000000078622698871
Q104248997	6000000037494604383
Q104249002	6000000037494734148
Q104249005	6000000009997218424
Q104249008	6000000145218418872
Q104249013	6000000119969833821
Q104249017	6000000029331305779
Q104249020	6000000020062375073
Q104249029	6000000105299399952
Q104249036	6000000119973649862
Q104249038	6000000070175132432
Q104249041	6000000011433391282
Q104249045	6000000142634756968
Q104249052	6000000012915707794
Q104249055	6000000145218401891
Q104249057	6000000107209758827
Q104249058	6000000021495054292
Q104249060	6000000041803322002
Q104249061	6000000105299589822
Q104249062	6000000119971858893
Q104249065	6000000149556301980
Q104249074	6000000017158644190
Q104249085	6000000017158546314
Q104249089	6000000073651787822
Q104249095	6000000178870126959
Q104249100	6000000185484041905
Q104249103	6000000197996269886
Q104249105	6000000197996851873
Q104249108	6000000002065584636
Q104249119	6000000053477611873
Q104249123	6000000084351154943
Q104249125	6000000043302950468
Q104249126	6000000061062299871
Q104249134	6000000203487060822
Q104249140	6000000084927161614
Q104249143	6000000084928320065
Q104249144	6000000090558555201
Q104249146	6000000090560079859
Q104249158	6000000026337596066
Q104249161	6000000026344607987
Q104249166	6000000051765947049
Q104249168	6000000007347376203
Q104249170	6000000075338583634
Q104249176	6000000078772293271
Q104249179	6000000078772475365
Q104249182	6000000078772189346
Q104249183	6000000074758295010
Q104249184	6000000002058892361
Q104249186	6000000019207293479
Q104249189	6000000020691230831
Q104249193	6000000019195714552
Q104249195	6000000010422925224
Q104249199	6000000018669661475
Q104249201	6000000072415337658
Q104249203	6000000029703794520
Q104249205	6000000017815556797
Q104249206	6000000018078927713
Q104249208	6000000020759413843
Q104249212	6000000041274042212
Q104249217	6000000012658601143
Q104249219	6000000018669878419
Q104249221	6000000019284167028
Q104249223	6000000018669882445
Q104249225	6000000025125982064
Q104249226	6000000019208087277
Q104249230	6000000015912382418
Q104249232	6000000020637659463
Q104249240	6000000013029772961
Q104249242	6000000019952791709
Q104249246	6000000015512033425
Q104249251	6000000029704114873
Q104249253	6000000019283525620
Q104249254	6000000020677540365
Q104249257	6000000019195478583
Q104249260	6000000032507519548
Q104249263	6000000019272373797
Q104249265	6000000041274720987
Q104249268	6000000039220063842
Q104249269	6000000033645386421
Q104249273	6000000025126358914
Q104249276	6000000041258804206
Q104249278	6000000019195805178
Q104249280	6000000021551444322
Q104249284	6000000019197645473
Q104249286	6000000017676563759
Q104249288	6000000072415737821
Q104249290	6000000041274239906
Q104249302	6000000020892485173
Q104249305	6000000025778043981
Q104249307	6000000022780892649
Q104249311	6000000022781503232
Q104249314	6000000020332743100
Q104249323	6000000013755357985
Q104249324	6000000013755294504
Q104249326	6000000013754772993
Q104249330	6000000040845623969
Q104249331	364583065370012450
Q104249349	6000000012568170498
Q104249351	6000000012566867716
Q104249352	6000000012568005927
Q104249355	6000000012566763624
Q104249367	6000000185459253877
Q104249368	6000000185453320531
Q104249373	6000000185453456277
Q104249378	6000000018915375648
Q104249393	6000000027317731780
Q104249396	6000000036221407734
Q104249398	6000000008089756646
Q104249400	6000000027977177362
Q104249412	6000000038046328668
Q104249414	6000000039345781534
Q104249419	6000000004238454803
Q104249423	6000000021327801638
Q104249426	6000000147886413832
Q104249432	6000000021328107459
Q104249434	6000000205881805848
Q104249436	6000000016635089584
Q104249439	6000000027977389191
Q104249443	6000000039330592339
Q104249444	6000000029300952610
Q104249445	6000000031552514875
Q104249446	6000000039666672936
Q104249448	6000000086440889836
Q104249454	6000000140767412876
Q104249464	6000000179394331907
Q104249468	6000000114710047258
Q104249469	6000000002065584507
Q104249473	6000000114713380897
Q104249490	6000000214451228851
Q104249498	6000000020311034477
Q104249500	6000000148138166058
Q104249502	6000000148989026948
Q104249508	6000000181957468827
Q104249509	6000000025291628283
Q104249513	6000000078648597990
Q104249516	6000000120353963971
Q104249521	6000000018912379766
Q104249537	6000000042083267724
Q104249538	6000000177696076845
Q104249542	6000000057995718955
Q104249548	6000000012762440267
Q104249555	6000000095744250838
Q104249566	6000000015445178075
Q104249571	6000000002113718671
Q104249572	6000000074786741826
Q104249580	6000000018214700645
Q104249583	6000000079501243140
Q104249586	6000000037334339941
Q104249595	6000000071635007182
Q104249599	6000000184533160952
Q104249601	6000000148987746124
Q104249604	6000000058149909374
Q104249607	6000000100827287022
Q104249613	6000000018214663761
Q104249616	6000000139322244833
Q104249618	6000000077057124938
Q104249623	6000000016466358052
Q104249629	6000000020454515073
Q104249630	6000000172986751361
Q104249634	6000000020033716942
Q104249635	6000000076718293066
Q104249639	6000000186304443042
Q104249641	6000000089451212840
Q104249651	6000000062148779831
Q104249652	6000000020370919584
Q104249659	6000000214451403829
Q104249677	6000000184533772908
Q104249685	6000000186190932854
Q104249689	6000000030147635775
Q104249694	6000000002113686693
Q104249702	6000000002065584500
Q104249708	6000000153777733836
Q104249718	6000000184534569890
Q104249725	6000000015445178080
Q104249733	6000000076715396711
Q104249736	6000000077817328536
Q104249745	6000000002065584710
Q104249747	6000000015446082092
Q104249756	6000000016466317101
Q104249759	6000000167441108852
Q104249762	6000000011819015542
Q104249771	6000000089450874902
Q104249778	6000000016550979081
Q104249780	6000000058150051031
Q104249784	6000000088519359837
Q104249788	6000000039992724900
Q104249791	6000000023091766389
Q104249804	6000000137326773083
Q104249812	6000000040900001895
Q104249822	6000000007627877477
Q104249836	6000000074784390368
Q104249839	6000000015989197900
Q104249848	6000000022965186955
Q104249856	6000000078648689887
Q104249871	6000000020559332642
Q104249877	6000000040562643587
Q104249880	6000000018370207108
Q104249887	6000000058150686886
Q104249891	6000000100828318898
Q104249894	6000000015444929823
Q104249926	6000000027145328574
Q104249932	6000000078437013850
Q104249942	6000000025236998244
Q104249959	6000000022375524561
Q104249967	6000000074786925870
Q104249991	6000000037721769029
Q104249995	6000000058150252892
Q104250001	6000000018912523629
Q104250010	6000000020197200528
Q104250013	6000000058150301004
Q104250015	6000000086145967924
Q104250022	6000000018898263381
Q104250024	6000000016692263615
Q104250031	6000000035744087173
Q104250032	6000000020034056069
Q104250044	6000000019278891530
Q104250058	6000000088520457938
Q104250063	6000000179394449880
Q104250073	3937284035200062804
Q104250086	6000000196395337850
Q104250089	6000000023402656877
Q104250091	6000000023402434006
Q104250093	6000000032459570904
Q104250094	6000000187803177823
Q104250106	6000000212060927839
Q104250117	6000000045530426888
Q104250120	6000000177644088827
Q104250127	5553198753360025619
Q104250135	6000000067260363884
Q104250145	6000000023700633047
Q104250147	6000000023700955090
Q104250149	6000000023700645184
Q104250153	6000000023700774952
Q104250158	6000000067260406863
Q104250162	6000000037998335520
Q104250168	6000000067260289872
Q104250171	6000000023700677600
Q104250176	6000000023700839865
Q104250186	6000000081480082217
Q104250191	6000000024307354847
Q104250199	6000000034751877315
Q104250201	6000000020547390996
Q104250207	6000000010745330493
Q104250208	6000000034752622059
Q104250209	6000000083480240089
Q104250212	6000000032952696122
Q104250213	6000000178113872841
Q104250215	6000000019075085361
Q104250225	6000000034648459853
Q104250230	6000000176837100821
Q104250233	6000000169875092831
Q104250237	6000000034689614656
Q104250241	6000000038068403892
Q104250244	6000000177208863829
Q104250246	6000000181074331826
Q104250247	6000000010745439248
Q104250250	6000000181075479824
Q104250254	6000000109799688827
Q104250257	6000000034670764021
Q104250261	6000000177206224937
Q104250264	6000000177294199991
Q104250267	6000000058147230180
Q104250270	6000000210593022822
Q104250276	6000000034715956320
Q104250277	6000000034695516521
Q104250280	6000000080410951391
Q104250281	6000000176064670824
Q104250283	6000000015625125992
Q104250286	6000000034352139903
Q104250295	6000000038067055659
Q104250296	6000000177206161921
Q104250300	6000000094081078837
Q104250301	6000000034698025998
Q104250310	6000000034649916824
Q104250313	6000000132492845949
Q104250318	6000000034752108132
Q104250319	6000000043383880944
Q104250323	6000000034647877857
Q104250325	6000000109238310833
Q104250328	6000000018655464754
Q104250329	6000000177205788944
Q104250334	6000000018569128044
Q104250337	6000000023854482352
Q104250342	6000000050304552822
Q104250343	6000000089208151931
Q104250345	6000000190918259839
Q104250347	6000000177206922863
Q104250351	6000000177207837868
Q104250355	6000000176466375835
Q104250357	6000000008341899460
Q104250360	6000000045561998375
Q104250364	6000000080811581012
Q104250366	6000000034650074056
Q104250368	6000000109799418827
Q104250370	6000000019603203405
Q104250373	6000000034649858894
Q104250374	6000000018647904703
Q104250377	6000000109630432853
Q104250379	6000000034744840855
Q104250387	6000000023854532987
Q104250390	6000000177208665824
Q104250397	6000000058147669425
Q104250399	6000000064486870963
Q104250402	6000000034934422889
Q104250404	6000000021036348275
Q104250409	6000000000795193552
Q104250410	6000000177207452837
Q104250412	6000000094081123823
Q104250418	6000000043391059593
Q104250420	6000000139686301858
Q104250422	6000000034690065491
Q104250423	6000000034727972034
Q104250424	6000000034692937433
Q104250425	6000000023854492984
Q104250427	6000000208526764824
Q104250429	6000000058118675994
Q104250432	6000000053080283839
Q104250433	6000000012246427891
Q104250439	6000000033847615985
Q104250441	6000000034758097401
Q104250449	6000000083480480823
Q104250452	6000000034671043509
Q104250454	6000000020547502543
Q104250458	6000000021604044445
Q104250463	6000000034144019150
Q104250468	6000000034933549705
Q104250471	6000000178112827906
Q104250472	6000000034751919500
Q104250475	6000000032952351490
Q104250476	6000000042832604613
Q104250478	6000000083128309472
Q104250479	6000000024903298963
Q104250480	6000000022359560700
Q104250481	6000000019076349021
Q104250488	6000000039100285875
Q104250489	6000000022099264564
Q104250493	6000000037537653875
Q104250504	6000000053080080913
Q104250505	6000000018549529075
Q104250508	6000000019076257094
Q104250510	6000000163215997870
Q104250514	6000000037517520256
Q104250517	6000000034929014912
Q104250518	6000000053079939082
Q104250524	6000000088110347851
Q104250528	6000000181209546831
Q104250529	6000000078324821040
Q104250530	6000000178114784835
Q104250535	6000000034670886442
Q104250537	6000000090859785136
Q104250551	6000000026465743232
Q104250553	6000000029143240244
Q104250557	6000000026465969509
Q104250563	6000000026466389232
Q104250568	6000000028359796137
Q104250570	6000000066557774893
Q104250571	6000000028359815029
Q104250572	6000000066558262822
Q104250573	6000000028359803224
Q104250574	6000000028359864264
Q104250575	6000000028266317971
Q104250576	6000000040874725198
Q104250577	6000000019559403047
Q104250579	6000000152046514822
Q104250580	6000000084910669124
Q104250582	6000000050264731823
Q104250583	6000000026352697383
Q104250585	6000000050264666843
Q104250589	6000000050263768264
Q104250590	6000000050264132072
Q104250595	6000000082366972198
Q104250596	6000000026352620829
Q104250599	6000000050264045135
Q104250601	6000000019136782526
Q104250602	6000000084910118412
Q104250612	6000000133421825839
Q104250615	6000000003689877436
Q104250627	6000000079403532927
Q104250632	6000000027816070036
Q104250641	6000000015945738821
Q104250650	6000000174897618076
Q104250651	6000000178574138852
Q104250660	6000000083872704627
Q104250665	6000000185379322976
Q104250677	6000000210020574822
Q104250716	6000000041979132118
Q104250718	6000000012837625370
Q104250720	6000000150426350866
Q104250724	6000000182990554848
Q104250727	6000000178373190860
Q104250731	6000000026770628181
Q104250736	6000000037448915105
Q104250738	6000000000350792056
Q104250740	6000000026773596833
Q104250746	6000000010484113746
Q104250755	6000000045662903026
Q104250760	6000000173993604235
Q104250782	6000000011251658661
Q104250787	6000000098490930834
Q104250796	6000000041313158899
Q104250801	6000000040930450229
Q104250802	6000000081820870862
Q104250804	6000000020380520742
Q104250806	6000000020380743998
Q104250808	6000000019912479341
Q104250813	6000000083333656402
Q104250814	6000000104521885879
Q104250819	6000000098490439881
Q104250845	6000000025738126171
Q104250863	6000000019311373376
Q104250873	5147916118190118335
Q104250878	6000000019323824984
Q104250881	6000000020837456765
Q104250884	6000000002388910407
Q104250885	6000000002388803378
Q104250892	6000000089551568963
Q104250893	6000000083328341990
Q104250894	6000000053005691825
Q104250900	6000000036608562864
Q104250919	6000000210372845862
Q104250925	6000000140172228952
Q104250927	6000000010132050234
Q104250941	6000000085427157867
Q104250944	6000000036880951932
Q104250961	6000000136783114919
Q104250962	6000000040045622708
Q104250970	6000000072398499873
Q104250971	6000000179424312855
Q104250972	6000000068145805821
Q104250973	6000000013752276011
Q104250975	6000000102870149826
Q104250976	6000000053005069408
Q104250979	6000000021120169091
Q104250985	6000000071736546902
Q104250987	6000000042047180012
Q104250988	6000000085425278108
Q104250997	6000000057315794027
Q104250998	6000000047961121024
Q104251001	6000000096580328846
Q104251004	6000000018408011815
Q104251006	6000000076675697162
Q104251010	6000000102775740852
Q104251011	6000000027357837914
Q104251013	6000000154023002821
Q104251017	6000000085427006873
Q104251020	6000000096580627833
Q104251023	6000000020360967484
Q104251028	6000000071736163301
Q104251030	6000000072398122964
Q104251041	6000000014707238335
Q104251043	6000000057314795212
Q104251049	6000000019055310582
Q104251055	6000000109071143841
Q104251061	6000000072398768850
Q104251073	6000000036880557342
Q104251082	6000000013752154555
Q104251085	6000000036880848168
Q104251089	6000000002388910418
Q104251090	6000000191871123827
Q104251091	6000000015986501034
Q104251093	6000000017487159126
Q104251094	6000000017487131302
Q104251097	6000000015986483076
Q104251105	6000000051263513038
Q104251107	6000000048583853856
Q104251111	6000000037250971036
Q104251116	6000000051263593007
Q104251120	6000000037250900228
Q104251121	6000000048582917389
Q104251123	6000000048648283914
Q104251132	6000000071673919854
Q104251136	6000000015591691428
Q104251155	6000000194541758821
Q104251171	6000000013278945058
Q104251175	6000000030180188024
Q104251178	6000000173809823016
Q104251183	6000000049855580455
Q104251189	6000000096245896892
Q104251190	6000000096255531950
Q104251199	6000000030182750715
Q104251212	6000000074303456560
Q104251214	6000000030182643752
Q104251219	6000000178880504842
Q104251222	6000000173233378902
Q104251227	6000000030181887710
Q104251237	6000000077107471070
Q104251244	6000000177506752880
Q104251252	6000000031571965086
Q104251270	6000000023453558483
Q104251272	6000000074580913890
Q104251278	6000000015120166938
Q104251285	6000000052641087915
Q104251287	6000000038641243094
Q104251291	6000000046441466938
Q104251294	6000000190627965864
Q104251302	6000000048060082017
Q104251314	6000000057726885079
Q104251323	6000000023548453065
Q104251341	6000000042840557149
Q104251342	6000000180451627889
Q104251346	6000000086447857852
Q104251348	6000000159328901871
Q104251355	6000000057921752892
Q104251356	6000000057727142054
Q104251361	6000000182282461823
Q104251374	6000000199611728842
Q104251376	6000000114279846849
Q104251386	6000000181396997836
Q104251391	6000000031822749655
Q104251393	6000000031823086888
Q104251411	4871480582370031423
Q104251416	6000000042840506073
Q104251420	6000000166387169964
Q104251424	6000000045663820821
Q104251439	6000000081477947954
Q104251441	6000000158992431821
Q104251445	6000000042000825656
Q104251454	6000000017772971866
Q104251460	6000000117027855830
Q104251461	6000000028674613489
Q104251463	6000000098683385885
Q104251464	6000000191871978919
Q104251471	6000000077592511246
Q104251483	6000000097223820822
Q104251484	6000000085483928979
Q104251485	6000000021012531690
Q104251496	6000000024984646473
Q104251498	6000000018389829240
Q104251500	6000000024982556106
Q104251504	6000000174432117179
Q104251511	6000000026490899497
Q104251513	6000000026477516625
Q104251516	6000000026695622550
Q104251537	6000000166659319156
Q104251538	6000000084299919905
Q104251540	6000000024984364411
Q104251546	6000000016563834159
Q104251548	6000000009919782050
Q104251551	6000000023232967127
Q104251552	6000000022783503644
Q104251554	6000000021069272890
Q104251556	6000000083975804846
Q104251559	6000000097705027848
Q104251560	6000000181431494821
Q104251564	6000000016563660783
Q104251567	6000000019872101363
Q104251584	6000000105253715018
Q104251586	6000000033018928124
Q104251588	6000000033018634705
Q104251589	6000000174261685911
Q104251590	6000000208260143829
Q104251592	6000000194023042837
Q104251593	6000000194958711887
Q104251608	6000000198563443002
Q104251614	6000000093940536018
Q104251616	6000000110570590937
Q104251618	6000000093940785006
Q104251623	6000000073631737034
Q104251624	6000000172974497187
Q104251629	6000000093188243181
Q104251634	6000000093190662853
Q104251637	6000000190714560844
Q104251640	6000000172974373016
Q104251641	6000000040832313427
Q104251644	6000000093190066922
Q104251646	6000000093190733894
Q104251648	6000000040832262913
Q104251650	6000000041111676864
Q104251651	6000000076669062525
Q104251653	6000000190765035920
Q104251655	6000000040832245953
Q104251657	6000000093189595109
Q104251679	6000000064352959880
Q104251700	6000000042589779911
Q104251707	6000000006196814177
Q104251722	6000000015262961984
Q104251730	6000000007014445736
Q104251735	6000000068976267885
Q104251737	6000000030458073063
Q104251744	6000000081976506883
Q104251758	6000000058661892882
Q104251762	6000000199041812822
Q104251766	6000000124940814842
Q104251768	6000000080386832665
Q104251771	6000000043903021843
Q104251793	6000000181826817969
Q104251796	6000000125169233896
Q104251798	6000000021527142047
Q104251801	6000000024089236512
Q104251803	6000000195376640823
Q104251819	6000000002765263840
Q104251822	6000000192423725860
Q104251827	6000000002613511894
Q104251832	6000000002613453920
Q104251855	6000000181827620842
Q104251859	6000000112931813877
Q104251860	6000000038046299475
Q104251862	6000000004289665062
Q104251864	6000000038046602935
Q104251871	6000000188006771835
Q104251896	6000000080452764904
Q104251905	6000000049185339288
Q104251907	6000000017078209112
Q104251921	6000000121996527159
Q104251925	6000000050805702130
Q104251926	6000000121996818955
Q104251928	6000000121997467841
Q104251934	6000000008850642551
Q104251938	6000000022966683131
Q104251940	6000000024744934101
Q104251945	6000000201935752834
Q104251958	6000000024997401962
Q104251961	6000000024997474896
Q104251963	6000000024997364915
Q104251968	6000000185676018925
Q104251986	6000000083404912224
Q104251987	6000000032211013093
Q104251989	6000000032216441836
Q104251991	6000000075960560887
Q104252	6000000007645189570
Q104252000	6000000067619266826
Q104252004	6000000032216244038
Q104252007	6000000196032057825
Q104252009	6000000181426943832
Q104252013	6000000032174472575
Q104252015	6000000084756167864
Q104252017	6000000032201741331
Q104252018	6000000068851499823
Q104252022	6000000016972807014
Q104252027	6000000166464683832
Q104252029	6000000055349616823
Q104252030	6000000085156231009
Q104252032	6000000036246365608
Q104252034	6000000016972534395
Q104252037	6000000014881769532
Q104252039	6000000063302772129
Q104252042	6000000085156565863
Q104252046	6000000075960453077
Q104252048	6000000026201450544
Q104252049	6000000063303616839
Q104252050	6000000018346469192
Q104252051	6000000018878508049
Q104252055	6000000018646697795
Q104252059	6000000068851726821
Q104252069	6000000054918812847
Q104252071	6000000054917581883
Q104252073	6000000084758362993
Q104252074	6000000181427739823
Q104252077	6000000080749412847
Q104252078	6000000026131530874
Q104252083	6000000181088114826
Q104252089	6000000036041479263
Q104252090	6000000031382773631
Q104252095	6000000080749582832
Q104252102	6000000032206116064
Q104252116	6000000012459073947
Q104252117	6000000012459323329
Q104252129	6000000029187016947
Q104252130	6000000036951347095
Q104252132	6000000018757092989
Q104252136	6000000181158504827
Q104252138	6000000015404132472
Q104252140	6000000029186651535
Q104252145	6000000203296961821
Q104252154	6000000170627260922
Q104252156	6000000170627157906
Q104252158	6000000170623113833
Q104252161	6000000013415830722
Q104252163	6000000008809032967
Q104252169	6000000033166200952
Q104252171	6000000033166141028
Q104252173	6000000033165627664
Q104252176	6000000033166157878
Q104252183	6000000195851668821
Q104252202	6000000089403440821
Q104252204	6000000022422899434
Q104252209	6000000176744049821
Q104252210	6000000176743822834
Q104252212	6000000209099710846
Q104252215	6000000209075468934
Q104252218	6000000209081033821
Q104252221	6000000209075897829
Q104252226	6000000164759318839
Q104252229	6000000209062206830
Q104252238	6000000024697298880
Q104252243	6000000176269233825
Q104252245	6000000198633370825
Q104252248	6000000042944222425
Q104252256	6000000037211954157
Q104252259	5458302833150043058
Q104252260	5458515203500037107
Q104252261	6000000006714915817
Q104252263	6000000037309314871
Q104252269	6000000009156826409
Q104252271	6000000009588241143
Q104252272	6000000010361487481
Q104252274	6000000010361171658
Q104252279	6000000186385934830
Q104252283	6000000173094147090
Q104252286	6000000108310206062
Q104252291	6000000197218311823
Q104252294	6000000023842772169
Q104252295	4600183731260054231
Q104252305	6000000019467314102
Q104252314	5386488846380042431
Q104252321	6000000184495314835
Q104252326	6000000083462386797
Q104252327	6000000184495278821
Q104252334	6000000020189358647
Q104252336	6000000077600812570
Q104252338	4792712473320081245
Q104252340	6000000121712066867
Q104252345	6000000031595712455
Q104252347	6000000031594873735
Q104252350	6000000082736717856
Q104252357	6000000024986236988
Q104252360	6000000146333195917
Q104252368	6000000060715722996
Q104252371	6000000060716157821
Q104252372	6000000060715424839
Q104252375	6000000081703493091
Q104252379	6000000053987519028
Q104252385	6000000081703679244
Q104252388	6000000062557831946
Q104252391	6000000097503641832
Q104252410	6000000090666402865
Q104252412	6000000023716292649
Q104252418	6000000009620210809
Q104252426	6000000169681457204
Q104252429	6000000139476130921
Q104252432	6000000178639314848
Q104252434	6000000028180862008
Q104252436	6000000187875909839
Q104252440	6000000145143994822
Q104252442	6000000058702108950
Q104252444	6000000017126422075
Q104252454	6000000039165669911
Q104252455	6000000178639973822
Q104252457	6000000014349814717
Q104252460	6000000028953794569
Q104252461	6000000058702155871
Q104252464	6000000034938250923
Q104252471	6000000058701788092
Q104252475	6000000178639410865
Q104252478	6000000120329365864
Q104252479	6000000016908466864
Q104252485	6000000144072553823
Q104252490	6000000178639411832
Q104252494	6000000145932793830
Q104252495	6000000178637479943
Q104252502	6000000042396772617
Q104252506	6000000030730159364
Q104252509	6000000086231018877
Q104252511	6000000086231030905
Q104252513	6000000166892563832
Q104252523	6000000041670378461
Q104252528	6000000041261303454
Q104252530	6000000051438942855
Q104252534	6000000040801922124
Q104252540	6000000049553258259
Q104252542	6000000014664520043
Q104252547	6000000007632825471
Q104252557	6000000019480803094
Q104252559	6000000041709069908
Q104252568	6000000093235696916
Q104252569	6000000014136088896
Q104252572	6000000044659110971
Q104252575	6000000093280854862
Q104252577	6000000014664489057
Q104252578	6000000073844138828
Q104252580	6000000022849283956
Q104252582	6000000020354775896
Q104252583	6000000015885929756
Q104252593	6000000076234575031
Q104252594	6000000083850870923
Q104252607	6000000107572849824
Q104252610	6000000026645789504
Q104252615	6000000026077246162
Q104252616	6000000058990846506
Q104252620	6000000182848524825
Q104252628	6000000179992480822
Q104252631	6000000179991555833
Q104252655	6000000178546256873
Q104252659	6000000027270785969
Q104252661	6000000009476284395
Q104252665	6000000057181437925
Q104252670	6000000011183368979
Q104252673	6000000061383028960
Q104252679	6000000081498806087
Q104252681	6000000025461060004
Q104252686	6000000036095432319
Q104252694	6000000167572839999
Q104252695	6000000004045558470
Q104252697	6000000019323247203
Q104252701	6000000180581024823
Q104252705	6000000074568189982
Q104252706	6000000021707696346
Q104252709	6000000046749414001
Q104252712	6000000074568638844
Q104252713	6000000066136747887
Q104252715	6000000074568198910
Q104252719	6000000074569596892
Q104252723	6000000074568373833
Q104252726	6000000019968282143
Q104252727	6000000074568078004
Q104252735	6000000141780976821
Q104252737	6000000030003771603
Q104252747	6000000176463773859
Q104252749	6000000185616180130
Q104252755	6000000185630436033
Q104252756	6000000016216981102
Q104252758	6000000185615706603
Q104252761	6000000185638893352
Q104252762	6000000016243065932
Q104252767	6000000185639259007
Q104252770	6000000185638388101
Q104252772	6000000185638908991
Q104252773	6000000016216921439
Q104252775	6000000185583970342
Q104252776	6000000185579195218
Q104252778	6000000185607951869
Q104252779	6000000185488457001
Q104252780	6000000053778332930
Q104252783	6000000053753736206
Q104252785	6000000046231018154
Q104252787	6000000185497440881
Q104252789	6000000046232559122
Q104252790	6000000053778744914
Q104252792	6000000185501060905
Q104252794	6000000173413502048
Q104252796	6000000185501009118
Q104252798	6000000173405277433
Q104252800	6000000123793784846
Q104252802	6000000087834542907
Q104252803	6000000141806820069
Q104252806	6000000123763272951
Q104252807	6000000168874099879
Q104252809	6000000141807656907
Q104252813	6000000141772183204
Q104252819	6000000191500997821
Q104252822	6000000007076442483
Q104252823	6000000064352108129
Q104252825	6000000073205841103
Q104252830	6000000037033454788
Q104252836	6000000016888469497
Q104252839	6000000011613620381
Q104252842	6000000010867472630
Q104252846	6000000034418979357
Q104252848	6000000012629230594
Q104252850	6000000026297359186
Q104252853	6000000034419387882
Q104252855	6000000026312732132
Q104252860	6000000029430714396
Q104252864	6000000026297587245
Q104252870	6000000196702826864
Q104252874	6000000116230139864
Q104252877	6000000026294170444
Q104252879	6000000044714567825
Q104252882	6000000034067660361
Q104252890	6000000034068474841
Q104252892	6000000057222783821
Q104252894	6000000057221638944
Q104252895	6000000055954754458
Q104252902	6000000057222202909
Q104252904	6000000089054477934
Q104252906	6000000026552461493
Q104252908	6000000089054518953
Q104253061	6000000017218258309
Q1042531	6000000145785584823
Q104253208	6000000017231224207
Q104253545	6000000026281669370
Q10425369	6000000024831453121
Q104255476	6000000026284583508
Q1042555	6000000178305943826
Q104255818	6000000026284398435
Q1042564	6000000178953791886
Q104257662	6000000026284946822
Q10425928	6000000075422015941
Q10425950	6000000074704348853
Q104263	6000000036193995245
Q104264	6000000033761245035
Q104265	6000000022167018172
Q104266	6000000010840774316
Q104269	6000000081569962825
Q1042721	6000000196256990827
Q1042724	6000000013908195618
Q104273	6000000084720401233
Q1042735	6000000019122134388
Q104281	6000000142076948913
Q1042813	6000000007977976207
Q104281783	6000000120866248844
Q104282850	6000000036507848045
Q10428303	6000000007949848470
Q104283214	6000000107018395829
Q104283652	6000000036505869067
Q1042841	6000000038436702884
Q1042861	6000000094780207838
Q104286291	6000000172550439831
Q104286408	6000000049152896254
Q104286436	6000000010887147258
Q104286437	6000000010886609026
Q104286439	6000000128774341872
Q104286456	6000000004131453387
Q104286470	6000000016978235118
Q104286471	6000000112704064854
Q104286558	6000000133432137891
Q104286560	6000000032919103041
Q104286571	6000000006360296167
Q104286572	6000000035922618972
Q104286574	6000000091739814821
Q104286575	6000000022280197109
Q104286581	6000000127891233850
Q104286601	6000000081591654139
Q104286615	6000000033874518850
Q104286711	6000000034390751022
Q104286716	6000000066856387993
Q104286852	6000000018186649915
Q10428700	6000000008242573042
Q104289	6000000180781280836
Q104290488	6000000025065689911
Q104291	6000000030368447352
Q104293	6000000041597867791
Q1042958	4542137602200073253
Q1042959	6000000010530614336
Q104298	6000000043384439289
Q1043	6000000006830161082
Q104300	6000000022792559435
Q10430257	6000000075422530838
Q1043029	6000000183263344923
Q1043038	6000000009451615453
Q104305	6000000034834481155
Q1043052	331497841700002146
Q104305833	6000000027365983421
Q104306377	6000000026420730371
Q104307447	6000000017159625155
Q1043079	6000000056479403387
Q1043100	6000000067952136849
Q104310846	6000000016596541387
Q1043142	6000000078201058858
Q104315	6000000011403804749
Q1043170	6000000002904841304
Q104317663	6000000178513989827
Q1043186	4370852
Q104319270	2979061
Q104319948	6000000007250247315
Q1043213	6000000017153586608
Q104322025	6000000172865702011
Q1043244	6000000002674595109
Q104325632	6000000004097657985
Q1043298	6000000017674013289
Q1043318	6000000023984042261
Q104333	6000000018855729602
Q104340	6000000029205110875
Q1043469	6000000015086535576
Q104347	6000000032376937849
Q104348	6000000012492226412
Q104348657	6000000001824006023
Q10435174	6000000074784475962
Q104355564	6000000016311611738
Q10435702	6000000074701104269
Q104357256	6000000017429054192
Q1043626	6000000137341530823
Q104362803	6000000062741722823
Q104366846	6000000010049928974
Q104367323	6000000064951474849
Q1043679	6000000018774988438
Q104368599	6000000018233076364
Q104368624	6000000013113983834
Q104369	4760524316830064198
Q104370378	6000000027314137818
Q104370493	6000000067666093836
Q104370522	6000000025570498563
Q104370523	6000000009477511958
Q104370890	6000000018704626025
Q104371605	6000000017183094171
Q104371819	6000000192776606822
Q104372	6000000019255151288
Q1043728	6000000192226918835
Q104373309	6000000181260170821
Q104373479	6000000045493550949
Q104373665	6000000009545019448
Q104373826	6000000045492526358
Q104374034	6000000084567994253
Q104374096	6000000084572911884
Q104374104	6000000000630124550
Q104374142	6000000000630125444
Q104375699	6000000022848723289
Q104376	6000000013350389955
Q104376663	6000000003790232232
Q104376666	6000000003789767778
Q104376915	6000000041455119656
Q104380	6000000001986397071
Q1043809	363740429780010516
Q104381734	6000000011833703268
Q1043820	6000000163579433476
Q1043826	6000000156669292862
Q104382946	6000000001489848113
Q104383232	4756607409340120053
Q104384119	6000000026314595102
Q104384146	6000000006257506291
Q104385520	6000000010384085064
Q104387391	6000000003617202102
Q104387395	6000000001959209892
Q104387398	6000000006444287219
Q104387551	6000000003634214669
Q104387881	6000000024792911021
Q104387971	6000000021300234606
Q104388445	6000000065767241849
Q104388447	6000000077795226970
Q104388451	6000000024430550793
Q104388625	6000000001837338664
Q104388629	6000000001850960395
Q104388632	6000000002946668997
Q104388634	6000000001383163055
Q104388998	6000000003939681837
Q104388999	6000000003939528321
Q104389001	6000000003938157333
Q104389003	6000000003939033553
Q104389165	6000000001180387817
Q104389766	6000000012885445514
Q104389772	6000000003076417379
Q104390370	358274628180013841
Q104390373	309980781520001427
Q104390377	6000000002600131531
Q104390381	6000000002556448450
Q104390387	6000000002556563429
Q104390406	6000000002556304762
Q104390409	6000000003277901564
Q104390414	6000000004993566033
Q104390418	6000000002043317804
Q104391	6000000017214692408
Q104391328	6000000070762034854
Q104391582	6000000171965589828
Q104393	6000000020299637339
Q10439517	6000000074724833455
Q104395515	6000000000426556498
Q104398157	6000000040617031692
Q104398720	6000000020867874570
Q104399802	6000000018910948233
Q104401695	6000000003803510238
Q1044025	6000000136575389824
Q104402987	6000000006828694318
Q104404507	6000000016818243290
Q104404508	6000000051655352827
Q104404509	6000000016485914324
Q104404512	6000000019083379218
Q104404521	6000000013577953267
Q104404535	6000000022669657001
Q104404539	6000000000030481551
Q104404541	6000000045663706219
Q104404545	6000000164107998844
Q104404555	6000000037340134558
Q104404558	6000000113721657136
Q104404567	6000000042277069019
Q104404569	6000000102022924869
Q104404580	6000000178688495905
Q104404585	6000000080667482935
Q104404589	6000000191904862855
Q104404598	6000000001956473123
Q104404599	6000000021312191222
Q104404602	6000000093580612885
Q104404606	6000000018542482076
Q104404608	6000000018542641066
Q104404609	6000000018542372349
Q104404611	6000000026161921585
Q104404617	6000000180307877821
Q104404620	6000000001945240850
Q104404633	6000000142087563133
Q104404641	6000000068801858831
Q104404644	6000000068800774756
Q104404663	6000000205894062823
Q104404674	6000000195414542829
Q104404680	6000000031066015427
Q104404683	6000000023026558188
Q104404685	6000000056628848940
Q104404686	6000000038917530079
Q104404688	6000000051820108991
Q104404691	6000000056628781941
Q104404693	6000000032059776237
Q104404702	6000000082018991104
Q104404709	6000000056237589036
Q104404711	6000000033261658176
Q104404717	6000000056628938885
Q104404722	6000000056237816999
Q104404724	6000000033261960988
Q104404744	6000000025058043980
Q104404747	6000000072630411965
Q104404750	6000000032735397627
Q104404755	6000000019012924381
Q104404763	6000000043315755936
Q104404765	6000000024971790055
Q104404771	6000000017509443069
Q104404780	6000000025057736548
Q104404783	6000000122482128874
Q104404788	6000000073955736985
Q104404791	6000000073955746070
Q104404807	6000000034889115676
Q104404815	6000000084788486040
Q104404818	6000000043046005815
Q104404823	6000000069812698856
Q104404828	6000000056879881926
Q104404835	6000000084788525085
Q104404843	6000000170804957072
Q104404846	6000000065013915939
Q104404853	6000000084788110316
Q104404861	6000000096224460829
Q104404873	6000000031047736104
Q104404875	6000000201238571843
Q104404882	6000000184529426827
Q104404885	6000000019636203416
Q104404888	6000000040727911079
Q104404893	6000000042756038188
Q104404902	6000000029978093607
Q104404905	6000000034007346821
Q104404908	6000000020367302921
Q104404912	6000000027403122868
Q104404922	6000000019921437214
Q104404927	6000000178103223843
Q104404930	6000000078495866124
Q104404935	6000000084516830895
Q104404939	6000000032699645534
Q104404942	6000000076969420825
Q104404952	6000000172329994896
Q104404959	6000000040462315821
Q104404963	6000000163324421866
Q104404966	6000000014706038799
Q104404969	6000000022040019435
Q104404986	6000000008900368493
Q104404991	6000000180278136878
Q104404993	6000000019644798520
Q104405009	6000000020189997866
Q104405012	6000000046249316960
Q104405030	6000000034526441338
Q104405040	4263955082590038377
Q104405043	6000000019552646010
Q104405045	6000000069863761027
Q104405051	6000000007470400201
Q104405065	6000000178731319895
Q104405067	6000000002388795777
Q104405070	6000000002388795700
Q104405071	6000000036966426967
Q104405091	6000000077951255007
Q104405108	6000000026089728009
Q104405116	6000000046248743630
Q104405125	6000000079240253546
Q104405177	6000000032699737262
Q104405181	6000000035097923241
Q104405189	6000000019553747456
Q104405193	6000000019248405190
Q104405203	6000000040359482336
Q104405225	6000000178732539834
Q104405227	6000000020197162562
Q104405230	4507321626370033244
Q104405239	6000000042831693943
Q104405243	6000000013751538836
Q104405247	6000000038524186530
Q104405252	6000000040493135539
Q104405262	6000000040947840628
Q104405265	6000000040950661162
Q104405271	6000000021247833790
Q104405273	6000000043277404849
Q104405276	6000000172330091850
Q104405282	6000000040050623938
Q104405288	6000000042770182039
Q104405295	6000000172572108853
Q104405299	6000000014347209141
Q104405307	6000000179415739844
Q104405320	6000000040728922922
Q104405323	6000000179940950821
Q104405326	6000000041575308643
Q104405328	6000000018657629276
Q104405331	6000000021247832540
Q104405334	6000000033620745734
Q104405341	6000000177396892882
Q104405344	6000000015243562771
Q104405347	6000000182937959846
Q104405360	6000000199573907824
Q104405367	6000000172872197076
Q104405370	6000000043457963532
Q104405372	6000000041575897562
Q104405377	6000000027617060743
Q104405379	6000000002388795788
Q104405386	6000000034063863057
Q104405390	6000000115127391821
Q104405392	6000000077949726393
Q104405403	6000000140152619946
Q104405418	6000000009950245745
Q104405423	6000000082474294261
Q104405426	6000000040409877580
Q104405431	6000000009906397837
Q104405437	6000000002388795799
Q104405439	6000000087330719857
Q104405442	6000000013429116660
Q104405445	6000000077251535415
Q104405452	6000000145764936829
Q104405464	6000000028499598048
Q104405466	6000000029160825120
Q104405488	6000000180279149856
Q104405495	6000000188601652839
Q104405506	6000000084008937119
Q104405521	6000000040852596992
Q104405524	6000000000203284246
Q104405526	6000000033621114834
Q104405530	6000000041051758707
Q104405533	6000000002388795726
Q104405536	6000000017991134854
Q104405539	6000000176332049858
Q104405554	6000000111409767847
Q104405556	6000000019764400439
Q104405559	6000000014706306864
Q104405562	6000000084515677466
Q104405571	6000000026533032383
Q104405573	6000000000470353475
Q104405577	6000000017178717469
Q104405583	6000000002388901441
Q104405589	6000000167803990135
Q104405592	6000000040852557094
Q104405598	6000000041760348733
Q104405601	6000000041760406427
Q104405604	6000000040403658718
Q104405607	6000000087330834906
Q104405612	6000000017991804552
Q104405635	6000000183618122853
Q104405653	6000000033575230358
Q104405656	6000000018893137796
Q104405662	6000000031964824025
Q104405669	6000000002388795658
Q104405672	6000000040647915101
Q104405679	6000000116117679821
Q104405682	6000000043340132279
Q104405684	6000000179435769859
Q104405687	6000000018451934508
Q104405692	6000000040410137630
Q104405697	6000000041682524253
Q104405704	6000000042768243563
Q104405711	6000000100076277910
Q104405720	6000000014706497128
Q104405724	6000000040027209943
Q104405726	6000000023700919057
Q104405731	6000000042831506464
Q104405735	6000000029283243089
Q104405766	6000000013751798154
Q104405787	6000000014893410152
Q104405791	6000000012417791969
Q104405802	6000000040758474876
Q104405805	6000000020549372351
Q104405806	6000000019552458698
Q104405811	4596574332940022556
Q104405815	6000000034006365482
Q104405821	6000000082843235001
Q104405828	6000000043348616859
Q104405830	6000000021496910961
Q104405847	6000000029161050041
Q104405851	6000000043228687482
Q104405873	6000000042752670975
Q104405879	6000000021244395637
Q104405882	6000000076968532722
Q104405885	6000000014894264029
Q104405896	6000000002388795711
Q104405910	6000000020268831300
Q104405912	6000000017536381004
Q104405917	6000000026577909860
Q104405920	6000000013429407630
Q104405923	6000000014706273866
Q104405928	6000000030649663107
Q104405930	6000000039683940198
Q104405932	6000000040993794161
Q104405935	6000000034814944000
Q104405937	6000000029656169106
Q104405939	6000000040404580821
Q104405946	6000000034717357227
Q104405963	6000000020328932666
Q104405965	6000000021248050929
Q104405968	6000000178103372848
Q104405982	6000000044043570016
Q104405984	6000000034063419480
Q104405987	6000000019248124458
Q104405989	6000000013751722546
Q104405994	6000000028499435865
Q104406012	6000000034007346826
Q104406015	6000000020197292676
Q104406019	6000000040990845375
Q104406024	6000000035098818104
Q104406031	6000000019631656578
Q104406034	6000000040461640803
Q104406054	6000000021246746889
Q104406058	6000000018657906121
Q104406061	6000000036644964985
Q104406064	6000000182068119827
Q104406067	6000000019127417375
Q104406069	6000000030672091414
Q104406073	6000000059889755913
Q104406078	6000000040049724303
Q104406081	6000000012653938662
Q104406083	6000000163324492853
Q104406086	6000000025139015269
Q104406089	6000000018798028452
Q104406091	6000000031595068149
Q104406096	6000000079642148319
Q104406098	4263955108090030574
Q104406114	6000000016643590608
Q104406117	6000000024628200874
Q104406135	6000000089798133378
Q104406141	6000000039891822122
Q104406149	6000000068055569835
Q104406162	6000000042042303176
Q104406165	6000000027618979016
Q104406172	6000000035040003902
Q104406174	6000000178103737822
Q104406175	6000000042897462088
Q104406182	6000000181683714867
Q104406186	6000000041584609592
Q104406189	6000000039839913757
Q104406192	6000000026089153805
Q104406199	6000000035894250589
Q104406201	6000000031964821963
Q104406203	6000000025919902586
Q104406211	6000000043457949674
Q104406214	6000000042752401378
Q104406216	6000000040404062336
Q104406219	6000000021221280364
Q104406226	6000000043228817220
Q104406228	6000000027323834222
Q104406233	6000000184939481863
Q104406242	6000000027324113152
Q104406249	6000000075870967867
Q104406268	6000000114870927230
Q104406282	6000000022756623983
Q104406285	6000000022756915355
Q104406294	6000000114011334184
Q104406297	6000000114010702513
Q104406300	6000000114012040910
Q104406309	6000000178706128834
Q104406316	6000000022769985866
Q104406319	6000000007841434805
Q104406326	6000000022769481501
Q104406336	6000000018712677179
Q104406340	6000000020141864636
Q104407973	6000000045054761887
Q104407977	6000000092309562882
Q104407978	6000000092309304901
Q104407980	6000000018334440304
Q104407989	6000000133380964842
Q104407994	6000000038702244233
Q104408017	6000000059661805846
Q104408019	6000000003032100792
Q104408021	6000000029274335546
Q104408034	6000000114493320857
Q104408048	6000000070977318908
Q104408050	6000000105991411066
Q104408061	6000000078752818741
Q104408069	6000000078752881500
Q104408081	6000000024491016839
Q104408085	6000000186992955902
Q104408091	6000000081327668086
Q104408093	6000000021908461305
Q104408097	6000000092149759936
Q104408114	6000000110556549836
Q104408123	6000000202037648870
Q104408126	6000000205995223826
Q104408138	6000000043199540868
Q104408144	6000000203368477854
Q104408146	6000000111936076333
Q104408152	6000000007131852792
Q104408153	6000000189566757880
Q104408156	6000000167395959875
Q104408159	6000000091509606201
Q104408164	6000000029076552877
Q104408167	6000000202037464827
Q104408173	6000000038018760302
Q104408176	6000000214062802851
Q104408178	6000000086221637841
Q104408180	6000000083794484900
Q104408182	6000000055955824916
Q104408204	6000000034979364104
Q104408208	6000000037470432013
Q104408210	6000000111933063040
Q104408214	6000000082467288850
Q104408224	6000000033367813486
Q104408228	6000000192109106821
Q104408251	6000000177758272826
Q104408262	6000000179881837900
Q104408265	6000000017557317593
Q104408269	6000000082467130871
Q104408279	6000000015404425211
Q104408291	6000000033997960017
Q104408301	6000000196310757828
Q104408305	6000000185516874942
Q104408307	6000000196312263857
Q104408314	6000000021847288034
Q104408316	6000000049096749834
Q104408318	6000000015104893471
Q104408338	6000000202059019831
Q104408341	6000000175738572838
Q104408344	6000000038974463276
Q104408345	6000000038974326416
Q104408347	6000000206119157829
Q104408362	6000000169683113886
Q104408371	6000000082548626063
Q104408375	6000000004827048779
Q104408395	6000000078725076862
Q104408400	6000000031959628207
Q104408405	6000000037499286977
Q104408406	6000000082491826515
Q104408412	6000000083169940580
Q104408416	6000000031959817025
Q104408422	6000000031959600217
Q104408429	6000000023020808297
Q104408433	6000000016729552584
Q104408435	6000000178747822868
Q104408441	6000000023467964045
Q104408443	6000000027024509624
Q104408445	6000000048854559852
Q104408446	6000000019510039726
Q104408451	6000000017397052894
Q104408458	6000000173758088321
Q104408460	6000000178253549859
Q104408462	6000000193603460937
Q104408469	6000000050940618973
Q104408470	6000000199672570858
Q104408471	6000000199674483832
Q104408472	6000000199677510837
Q104408473	6000000050939644474
Q104408474	6000000195972047836
Q104408477	6000000074252739821
Q104408484	6000000011457837316
Q104408492	6000000147813113289
Q104408494	6000000046206331951
Q104408495	6000000045665297826
Q104408499	6000000084606751878
Q104408501	6000000107543120874
Q104408503	6000000185479034917
Q104408504	6000000201292626825
Q104408506	6000000204902717876
Q104408523	6000000080496734151
Q104408525	6000000088182548957
Q104408527	6000000031588997089
Q104408529	6000000034439793556
Q104408531	6000000032412490017
Q104408532	6000000091775677778
Q104408534	6000000031589735266
Q104408540	6000000046005014356
Q104408543	6000000033303791066
Q104408546	6000000022435958010
Q104408549	6000000074193950843
Q104408556	6000000082739175094
Q104408559	6000000031159229880
Q104408560	6000000000825419100
Q104408573	6000000034439337696
Q104408575	6000000074193829952
Q104408577	6000000111113473122
Q104408581	6000000136060458877
Q104408584	6000000107545642987
Q104408585	6000000058760923985
Q104408587	6000000074193291321
Q104408589	6000000045664461981
Q104408593	6000000052496103055
Q104408598	6000000074230663828
Q104408599	6000000097219763937
Q104408611	6000000042814629467
Q104408622	6000000037557277904
Q104408623	6000000009085193012
Q104408625	6000000101518950852
Q104408626	6000000126657643876
Q104408633	6000000082739019120
Q104408634	6000000074230961821
Q104408637	6000000101519323860
Q104408653	6000000081039848202
Q104408655	6000000081039188379
Q104408658	6000000039245623517
Q104408664	6000000039242959750
Q104408665	6000000073437594087
Q104408668	6000000073437371157
Q104408669	6000000184542779025
Q104408672	6000000179128353837
Q104408674	6000000033995275583
Q104408677	5446770683340040823
Q104408678	6000000078754196102
Q104408683	6000000007131976287
Q104408685	6000000020281542554
Q104408687	6000000112680307939
Q104408695	6000000103390796223
Q104408710	6000000078753102522
Q104408711	6000000033369208880
Q104408717	6000000038018521705
Q104408726	6000000033367578386
Q104408739	6000000053458115952
Q104408740	6000000072504114006
Q104408741	6000000179918090838
Q104408744	6000000011219231587
Q104408746	6000000008758550670
Q104408747	6000000011220063169
Q104408750	6000000008751305255
Q104408752	6000000008758015130
Q104408753	6000000008751338987
Q104408754	6000000008750915004
Q104408755	6000000011238860606
Q104408756	6000000008756212022
Q104408757	6000000011219773247
Q104408760	6000000008750599124
Q104408763	6000000011221844659
Q104408765	6000000008758407792
Q104408767	6000000011221553775
Q104408768	6000000057705104825
Q104408771	6000000041520368297
Q104408773	6000000163563406837
Q104408774	6000000057094909867
Q104408775	6000000057095071169
Q104408776	6000000041519904542
Q104408783	6000000020702396222
Q104408784	6000000185943486879
Q104408788	6000000019323927541
Q104408789	6000000166018515906
Q104408790	6000000166018877908
Q104408802	6000000173010361871
Q104408807	6000000018843748150
Q104408812	6000000181713090837
Q104408813	6000000036310888175
Q104408815	6000000028392543958
Q104408816	6000000028396106906
Q104408831	6000000047386202845
Q104408834	6000000028392636474
Q104408836	6000000047933355857
Q104408837	6000000022350481519
Q104408838	6000000028392780296
Q104408839	6000000028393039920
Q104408841	6000000022350546901
Q104408842	6000000110568638876
Q104408843	6000000028392592839
Q104408845	6000000028392514625
Q104408847	6000000028392698663
Q104408848	6000000107842337966
Q104408850	6000000022177403994
Q104408852	6000000019330125611
Q104408856	6000000028392362208
Q104408858	6000000073583257982
Q104408860	6000000125821950821
Q104408868	6000000036309321643
Q104408869	6000000007563153262
Q104408876	6000000085160955914
Q104408877	6000000089625740833
Q104408878	6000000017821931229
Q104408879	6000000023738968086
Q104408880	6000000016193206462
Q104408883	5654815439870073320
Q104408888	6000000008714652021
Q104408892	6000000022177358102
Q104408894	6000000014360614062
Q104408900	6000000184808124862
Q104408904	6000000023910367947
Q104408907	6000000014345825876
Q104408909	6000000023910064675
Q104408916	6000000023910274419
Q104408918	6000000173052840913
Q104408920	6000000173052836835
Q104408923	6000000052581131231
Q104408924	6000000052581395863
Q104408926	6000000017443100290
Q104408927	6000000017443200335
Q104408929	6000000017443082221
Q104408931	6000000014319213533
Q104408933	6000000016125154096
Q104408938	6000000028424308958
Q104408941	6000000025292754816
Q104408943	6000000078047467006
Q104408944	6000000014347161975
Q104408945	6000000010467413151
Q104408947	6000000070153109990
Q104408949	6000000023738966178
Q104408952	6000000070153061359
Q104408959	6000000059945769879
Q104408960	6000000193666556831
Q104408961	6000000068846851877
Q104408963	6000000075476145822
Q104408964	6000000023967253191
Q104408967	6000000101413843836
Q104408968	6000000023967374242
Q104408970	6000000014347597364
Q104408976	6000000023967343304
Q104408980	6000000020054468205
Q104408981	6000000027789099778
Q104408982	6000000050930982049
Q104408985	6000000027791266855
Q104408989	6000000069952377919
Q104408990	6000000111156135916
Q104408991	6000000111156209821
Q104408997	6000000023928455494
Q104408999	6000000086967860828
Q104409005	6000000025718145121
Q104409015	6000000052621425855
Q104409016	6000000062280180976
Q104409017	6000000062279622125
Q104409018	6000000062279948950
Q104409034	6000000085406516834
Q104409035	6000000010153446835
Q104409038	6000000018299588247
Q104409042	6000000020882583884
Q104409043	6000000042423665459
Q104409044	6000000020296578440
Q104409045	6000000020295622548
Q104409047	6000000018858226722
Q104409048	6000000018858613495
Q104409049	6000000018858219999
Q104409050	6000000018299486642
Q104409052	6000000046624378023
Q104409056	6000000018185081036
Q104409058	6000000070277109579
Q104409061	6000000070277745044
Q104409070	6000000085204145861
Q104409071	6000000085204189887
Q104409072	6000000085204048890
Q104409073	6000000003583752832
Q104409077	6000000016748247228
Q104409079	6000000016748502992
Q104409080	6000000060623822888
Q104409083	6000000033702844430
Q104409086	6000000033360074568
Q104409091	6000000033884224931
Q104409092	6000000000750400835
Q104409122	6000000014254027062
Q104409126	6000000023853715898
Q104409128	6000000023862468790
Q104409130	6000000073414718998
Q104409139	6000000050130072012
Q104409149	6000000026547273989
Q104409151	6000000026547070434
Q104409152	6000000059945546848
Q104409154	6000000113894568046
Q104409165	6000000007097952531
Q104409168	6000000066370763824
Q104409169	6000000007097320308
Q104409172	6000000039056343293
Q104409173	6000000020893832940
Q104409174	6000000041167073457
Q104409175	6000000175189496145
Q104409180	6000000052534083842
Q104409184	6000000172334258057
Q104409185	6000000114711392878
Q104409187	6000000188021154823
Q104409190	6000000055760702992
Q104409192	6000000029520268090
Q104409214	6000000183079222822
Q104409218	6000000022391136134
Q104409223	6000000009985207979
Q104409226	6000000025717889364
Q104409228	6000000179327889865
Q104409229	6000000126217611912
Q104409231	6000000031215372244
Q104409233	6000000038983493607
Q104409234	6000000021652850317
Q104409237	6000000020771116787
Q104409251	6000000173634630654
Q104409252	6000000001634676925
Q104409254	6000000017273936016
Q104409258	6000000024978048466
Q104409263	6000000029637176993
Q104409266	5714934881470064300
Q104409267	5714932000030037121
Q104409268	5714895344350082754
Q104409278	6000000050504959971
Q104409279	6000000031367499948
Q104409293	5590727227580067779
Q104409301	6000000018437521865
Q104409309	6000000208601450863
Q104409311	6000000213035392840
Q104409312	6000000010646805545
Q104409320	6000000002400409562
Q104409321	6000000024786558902
Q104409323	6000000042349407664
Q104409324	6000000002400529669
Q104409325	6000000042349593440
Q104409326	6000000015240217709
Q104409328	6000000039298067429
Q104409331	6000000068815117027
Q104409338	6000000014541176958
Q104409340	6000000177575299832
Q104409347	6000000080356503983
Q104409349	6000000080356478993
Q104409352	6000000011968014215
Q104409354	6000000035437208614
Q104409358	6000000121025966837
Q104409361	6000000137166076837
Q104409367	6000000084687926855
Q104409372	6000000023262885092
Q104409378	6000000055459606848
Q104409379	6000000147380085821
Q104409383	6000000012758555500
Q104409393	6000000029554575616
Q104409398	6000000163170451822
Q104409399	6000000163171103844
Q104409400	6000000216060436842
Q104409401	6000000209632451864
Q104409405	6000000007890444593
Q104409408	6000000113758940943
Q104409409	6000000018205234006
Q104409415	6000000020556021053
Q104409417	6000000067133351139
Q104409420	6000000077047997911
Q104409473	6000000048483293973
Q104409476	6000000048482414565
Q104409477	6000000048483213868
Q104409480	6000000178571344833
Q104409483	6000000157645323835
Q104409488	6000000011278243872
Q104409491	6000000051104116861
Q104409493	6000000004006721521
Q104409496	6000000199727983829
Q104409498	6000000001829398895
Q104409501	6000000051104139840
Q104409504	6000000036118878807
Q104409507	6000000093740895821
Q104409508	6000000051139862849
Q104409510	6000000172723367572
Q104409518	6000000173307144460
Q104409520	6000000183630221852
Q104409521	6000000035632852126
Q104409523	6000000002110413613
Q104409527	6000000009505388319
Q104409530	6000000002110714403
Q104409534	6000000165619334728
Q104409544	6000000195099964824
Q104409550	6000000096817290387
Q104409555	6000000004403555569
Q104409563	6000000176782765863
Q104409572	6000000035424012421
Q104409574	6000000007622802936
Q104409589	6000000032281885805
Q104409596	6000000111017113165
Q104409604	6000000207636663880
Q104409615	6000000042302683189
Q104409616	6000000042302832822
Q104409622	6000000027131244622
Q104409624	6000000031731498949
Q104409626	6000000124438798080
Q104409627	6000000124440441044
Q104409635	6000000031570676524
Q104409636	6000000031570575065
Q104409640	6000000024037099567
Q104409647	6000000174029495686
Q104409648	6000000023525289360
Q104409649	6000000073846469911
Q104409652	6000000002967360782
Q104409653	6000000002964026480
Q104409654	6000000046205555965
Q104409658	6000000008490075079
Q104409662	6000000008490499846
Q104409663	6000000008490387677
Q104409666	6000000166436494002
Q104409668	6000000026991757057
Q104409669	6000000025757933648
Q104409673	6000000070372648830
Q104409674	6000000211704088821
Q104409678	6000000116764573937
Q104409679	6000000036990219791
Q104409680	6000000030224075169
Q104409681	6000000038813710831
Q104409682	6000000167311878123
Q104409685	6000000030215693295
Q104409687	6000000038770685115
Q104409691	6000000038770680160
Q104409692	6000000030228457141
Q104409693	6000000038812084394
Q104409694	6000000038422439088
Q104409695	6000000123894748860
Q104409696	6000000073963294855
Q104409700	6000000101016517837
Q104409701	6000000026539168148
Q104409703	6000000185879725844
Q104409706	6000000185878917829
Q104409708	6000000026492897755
Q104409718	6000000036174340028
Q104409731	6000000042305425584
Q104409752	6000000082488188192
Q104409769	6000000080126960923
Q104409774	6000000117534775821
Q104409795	6000000045725092822
Q104409799	6000000045118187853
Q104409802	6000000045724343548
Q104409813	6000000103920344842
Q104409817	6000000199761972858
Q104409825	6000000012659747809
Q104409836	6000000188018546897
Q104409838	6000000188020975829
Q104409840	6000000089129327910
Q104409847	6000000018437557730
Q104409850	6000000018437266784
Q104409852	6000000111046974905
Q104409861	6000000180181881836
Q104409869	6000000023192152951
Q104409871	6000000021516901019
Q104409876	6000000045666541886
Q104409878	6000000013016246801
Q104409882	6000000195914584831
Q104409884	6000000205895270951
Q104409894	6000000199765700827
Q104409896	6000000052533950908
Q104409899	6000000003110631046
Q104409904	6000000022249801409
Q104409907	6000000039947773204
Q104409912	6000000015566242481
Q104409916	308983064540007067
Q104409921	6000000177347668908
Q104409925	6000000022249793681
Q104409935	6000000091675367247
Q104409950	6000000175190573900
Q104409956	6000000001469774057
Q104409961	6000000175582457881
Q104409963	6000000175583148822
Q104409971	6000000103972796976
Q104409980	6000000082812579973
Q104409984	6000000047301237973
Q104409991	6000000084856244883
Q104409996	6000000084855777343
Q104410009	6000000084855349526
Q104410015	6000000172651971013
Q104410022	6000000084855236505
Q104410038	6000000180811814852
Q104410045	6000000032874280056
Q104410048	6000000063150717886
Q104410051	6000000041591566948
Q104410055	6000000021662658639
Q104410057	6000000048293721114
Q104410072	6000000047292188254
Q104410077	6000000181745040864
Q104410080	6000000032952948441
Q104410082	6000000036456229782
Q104410083	6000000015907872323
Q104410088	6000000100268353934
Q104410098	6000000072975718919
Q104410101	6000000028689334056
Q104410106	6000000041586151931
Q104410109	6000000210615225871
Q104410112	6000000082973054058
Q104410114	6000000028689498121
Q104410121	6000000008520609621
Q104410125	6000000034974054018
Q104410163	6000000034753868090
Q104410174	6000000029249783780
Q104410178	6000000031082651956
Q104410181	6000000204852560921
Q104410198	6000000072524177576
Q104410201	6000000172334229112
Q104410204	6000000043766643091
Q104410214	6000000041167179474
Q104410222	6000000069188058871
Q104410223	6000000055745290931
Q104410231	6000000028984144723
Q104410238	6000000075911288850
Q104410259	6000000076957832989
Q104410261	6000000000806977710
Q104410336	6000000036311397829
Q104410341	6000000002388791886
Q104410343	6000000022177120539
Q104410345	6000000047382164948
Q104410348	6000000120329285829
Q104410351	6000000022177275317
Q104410354	6000000019093605287
Q104410357	6000000028392728801
Q104410377	6000000107828338998
Q104410379	6000000081727709226
Q104410385	6000000007562732414
Q104410404	6000000036310956123
Q104410408	6000000073416257923
Q104410422	6000000060481031060
Q104410427	6000000065580649024
Q104410433	6000000117192540845
Q104410436	6000000117192977850
Q104410445	6000000036310799083
Q104410449	6000000120329241827
Q104410465	6000000022512779866
Q104410467	6000000180188166849
Q104410474	6000000037571841848
Q104410480	6000000079120084062
Q104410482	6000000008968052111
Q104410485	6000000016305329650
Q104410487	6000000088518817932
Q104410493	6000000043258008865
Q104410495	6000000018927519020
Q104410520	6000000016213533668
Q104410528	6000000126329542833
Q104410547	3551846
Q104410552	6000000096946707821
Q104410556	6000000082912899039
Q104410559	6000000184920127838
Q104410561	6000000048395464861
Q104410562	6000000018502529611
Q104410564	6000000025818301105
Q104410567	3715894
Q104410570	6000000016127506943
Q104411146	6000000057392591867
Q104411158	6000000025817531733
Q104411160	3716077
Q104411164	6000000084686368529
Q104411166	6000000018502586045
Q104411169	6000000082912598130
Q104411170	6000000026187797815
Q104411173	6000000078486943677
Q104411174	6000000071062567874
Q104411178	6000000078488962991
Q104411179	6000000025285402599
Q104411180	6000000081035564856
Q104411184	6000000048395107973
Q104411186	3715925
Q104411190	6000000025285687100
Q104411191	6000000082912417399
Q104411195	6000000107647112849
Q104411198	6000000050684061845
Q104411199	6000000018191334838
Q104411202	6000000081034996987
Q104411203	6000000081027852558
Q104411207	6000000057512036944
Q104411224	6000000018171977300
Q104411225	6000000102551563820
Q104411237	6000000165346411849
Q104411238	6000000003705162332
Q104411239	6000000039813892452
Q104411251	6000000013752387862
Q104411253	3716039
Q104411254	6000000092719831939
Q104411255	6000000078488127317
Q104411261	6000000015916712361
Q104411262	6000000039812759767
Q104411263	6000000016127147553
Q104411264	6000000050684246850
Q104411265	6000000116253889891
Q104411266	6000000025818348855
Q104411268	6000000100228725941
Q104411269	6000000018172020048
Q104411270	6000000021587110896
Q104411273	6000000050684203062
Q104411277	6000000048393854915
Q104411281	3715955
Q104411284	6000000081035015015
Q104411286	6000000032437613841
Q104411288	6000000082912972866
Q104411289	6000000020637098659
Q104411290	6000000020933231335
Q104411296	6000000179937298829
Q104411298	6000000019778451885
Q1044113	6000000024904581269
Q104411302	6000000035565489086
Q104411305	6000000082001086887
Q104411307	6000000002388830850
Q104411317	6000000065489944385
Q104411318	6000000009314928830
Q104411319	6000000009314839592
Q104411320	6000000085901961881
Q104411322	6000000023525629100
Q104411329	6000000023951678399
Q104411332	6000000023964580970
Q104411334	6000000023867762026
Q104411336	6000000107058215496
Q104411339	6000000014319331299
Q104411341	6000000023905137890
Q104411342	6000000005042765135
Q104411344	6000000034584587517
Q104411345	6000000055410721874
Q104411348	6000000024015000309
Q104411349	6000000018646409834
Q104411350	6000000023921569035
Q104411351	6000000014319033977
Q104411352	6000000079885627295
Q104411353	6000000079935494935
Q104411357	6000000081387366898
Q104411361	6000000104641724828
Q104411363	6000000088521374916
Q104411364	6000000023711917703
Q104411367	6000000023794031113
Q104411368	6000000078420234383
Q104411369	6000000014319218801
Q104411370	6000000014419552554
Q104411376	6000000023900597722
Q104411379	6000000063923299833
Q104411382	6000000023935358044
Q104411384	6000000014217649016
Q104411386	6000000018514759951
Q104411388	6000000032398976691
Q104411390	6000000100539750980
Q104411396	6000000076885433403
Q104411397	6000000085222086873
Q104411403	6000000023935492070
Q104411405	6000000023840186633
Q104411408	6000000021662972472
Q104411409	6000000011636625273
Q104411415	6000000014319149733
Q104411418	6000000023781357131
Q104411419	6000000042356050443
Q104411421	6000000008970167472
Q104411431	6000000182191721831
Q104411432	6000000008714918822
Q104411433	6000000023867541769
Q104411437	6000000023851606991
Q104411442	6000000070726064870
Q104411443	6000000023821480570
Q104411444	6000000034584415666
Q104411446	6000000014419233872
Q104411447	6000000079932887526
Q104411448	6000000023952090118
Q104411449	5341636767380025857
Q104411450	6000000024049360813
Q104411451	6000000023964551098
Q104411452	6000000182188239862
Q104411454	6000000080415139510
Q104411455	6000000019952837284
Q104411456	6000000023880174982
Q104411457	6000000016193286257
Q104411458	6000000034585097934
Q104411460	6000000023928449766
Q104411462	6000000145755223846
Q104411465	6000000014362365395
Q104411467	6000000007632195463
Q104411469	6000000023922773898
Q104411470	6000000023951787525
Q104411474	6000000013430424373
Q104411479	6000000014361205647
Q104411483	6000000186959522838
Q104411484	6000000023054793797
Q104411485	6000000014361357592
Q104411487	6000000023964551074
Q104411488	6000000085222222899
Q104411489	6000000023888704538
Q104411490	6000000023963527266
Q104411499	6000000024011698486
Q104411501	6000000022392902005
Q104411503	6000000023880085049
Q104411505	6000000080415861188
Q104411506	6000000040730698845
Q104411507	6000000023711946683
Q104411510	6000000071173998918
Q104411513	6000000147193919821
Q104411515	6000000023900640451
Q104411516	6000000080416632833
Q104411517	6000000020280886287
Q104411518	6000000070961930111
Q104411520	6000000008969959010
Q104411521	6000000051339670934
Q104411524	6000000042356342918
Q104411525	6000000150523338821
Q104411527	6000000014327389509
Q104411528	6000000013121881936
Q104411529	6000000069569680600
Q104411531	6000000016268049347
Q104411532	6000000079886209199
Q104411536	6000000023951747530
Q104411538	6000000080416519845
Q104411541	6000000023952135859
Q104411544	6000000023796210321
Q104411546	6000000023525926960
Q104411547	6000000210461142870
Q104411548	6000000182191998838
Q104411549	6000000017273995525
Q104411550	6000000023879943153
Q104411551	6000000023936730486
Q104411552	6000000023964542118
Q104411558	6000000071172379227
Q104411560	6000000025157370899
Q104411562	6000000178754732849
Q104411564	6000000047126474858
Q104411565	6000000032398942714
Q104411566	6000000078419726555
Q104411567	6000000039641819992
Q104411568	6000000071062977004
Q104411571	6000000023854050897
Q104411573	6000000085222484835
Q104411574	6000000023793914495
Q104411575	3218818
Q104411578	6000000023817545651
Q104411579	6000000023951846348
Q104411581	6000000036483238482
Q104411582	6000000024018896166
Q104411583	6000000024049367331
Q104411591	6000000023889600583
Q104411593	6000000023821931854
Q104411594	6000000179367299841
Q104411595	6000000178755028828
Q104411598	6000000014419644163
Q104411599	6000000023754202147
Q104411600	6000000023951959068
Q104411602	6000000071245613854
Q104411603	327742668020002843
Q104411605	6000000023858839748
Q104411607	6000000051335682069
Q104411611	6000000077998568004
Q104411613	6000000109124266879
Q104411614	6000000077998054401
Q104411618	6000000166007208345
Q104411619	6000000000003328284
Q104411620	6000000028523670052
Q104411623	6000000080578221929
Q104411624	6000000000010383145
Q104411626	6000000002903602871
Q104411631	6000000080583157771
Q104411636	6000000002885914318
Q104411637	6000000000003051974
Q104411641	6000000028523459434
Q104411642	6000000079610912744
Q104411646	6000000002885938941
Q104411649	6000000080584290928
Q104411651	6000000028523519296
Q104411653	6000000012579071713
Q104411661	6000000080578385894
Q104411664	5715071325190109060
Q104411665	6000000042720403224
Q104411666	5715094437300020392
Q104411667	6000000029185858935
Q104411669	5714666176010121636
Q104411670	6000000042871316446
Q104411671	5714662568980107876
Q104411672	6000000042721145982
Q104411676	6000000015247075436
Q104411687	6000000076246955832
Q104411705	6000000020169646359
Q104411709	6000000020169644358
Q104411714	6000000020170834774
Q104411715	6000000020169647438
Q104411717	6000000020171030821
Q104411728	6000000064936944885
Q104411737	6000000101050666842
Q104411748	6000000081734167961
Q104411753	6000000041536264978
Q104411754	6000000041180043956
Q104411756	6000000033921898499
Q104411758	6000000176471081831
Q104411759	6000000176470907830
Q104411761	6000000176470607868
Q104411764	6000000064298263147
Q104411767	6000000064298504895
Q104411768	6000000023441095116
Q104411769	6000000023441108614
Q104411770	6000000009890888613
Q104411771	6000000023440753606
Q104411772	6000000182700193825
Q104411773	6000000023441456033
Q104411775	6000000023441095121
Q104411776	6000000075054379907
Q104411780	6000000132861854833
Q104411781	6000000075039020155
Q104411782	6000000075054417939
Q104411785	6000000075039423858
Q104411790	6000000022422825637
Q104411791	6000000015011001741
Q104411794	6000000022832252233
Q104411795	6000000076915293996
Q104411796	6000000008420457402
Q104411797	6000000021054071350
Q104411799	6000000018886243324
Q104411800	6000000021194549843
Q104411802	6000000036630739961
Q104411803	6000000043124442024
Q104411804	6000000076915273903
Q104411805	6000000058890824915
Q104411806	6000000018886160459
Q104411809	6000000040872599873
Q104411810	6000000013207102667
Q104411811	6000000015647999600
Q104411815	6000000015648275372
Q104411816	6000000082500756872
Q104411817	6000000082499467418
Q104411818	6000000040579238054
Q104411819	6000000022603192481
Q104411820	6000000042296053534
Q104411821	6000000076913968459
Q104411823	6000000013711813576
Q104411824	6000000015648063487
Q104411825	6000000043123954366
Q104411828	6000000048970694902
Q104411830	6000000048971723828
Q104411831	6000000021250691442
Q104411833	6000000014347334531
Q104411835	6000000075673400889
Q104411837	6000000031872785418
Q104411838	3945543
Q104411851	6000000011613639666
Q104411852	6000000032949205842
Q104411854	6000000010691855611
Q104411865	6000000092333076925
Q104411866	6000000180282211834
Q104411867	6000000092330450419
Q104411868	6000000029904834093
Q104411870	6000000014630486808
Q104411872	6000000020354118441
Q104411879	6000000013752426118
Q104411882	6000000007332433045
Q104411884	6000000084811703850
Q104411888	6000000205219854828
Q104411889	6000000084811349162
Q104411905	6000000065103548830
Q104411907	6000000126486882870
Q104411910	6000000080338542599
Q104411911	6000000053132258822
Q104411914	6000000023700669223
Q104411925	6000000014885411112
Q104411926	6000000036117841229
Q104411930	6000000028857830102
Q104411937	6000000015803913939
Q104411938	6000000084812628558
Q104411944	6000000152312312821
Q104411950	381779182450011408
Q104411951	6000000006756441001
Q104411955	6000000016371128192
Q104411956	6000000031822571977
Q104411957	6000000050884773149
Q104411961	6000000053132008960
Q104411970	6000000087439985821
Q104411971	6000000178759057850
Q104411973	6000000022430885212
Q104411976	6000000152312125822
Q104411977	6000000065490397269
Q104411978	6000000041662558481
Q104411984	6000000056280391195
Q104411987	6000000050884775003
Q104411988	6000000023700764295
Q104411989	6000000015698041013
Q104411991	6000000025527243442
Q104411993	6000000075322683900
Q104412004	6000000016360657535
Q104412006	6000000078038640394
Q104412027	6000000057662497827
Q104412030	6000000080339807833
Q104412032	6000000028857648430
Q104412052	6000000025526817706
Q104412053	6000000084811838123
Q104412054	6000000050030251932
Q104412056	6000000178759733833
Q104412061	6000000033478846080
Q104412064	6000000080009632785
Q104412067	6000000076299307919
Q104412077	6000000036117634349
Q104412078	6000000175957291821
Q104412084	6000000076299063015
Q104412087	6000000050797597186
Q104412090	6000000103249985980
Q104412091	6000000196989299876
Q104412093	6000000016360723083
Q104412094	6000000057663411973
Q104412102	6000000020354115791
Q104412103	6000000014885396225
Q104412107	6000000084811362855
Q104412108	6000000175954234917
Q104412109	6000000065490741100
Q104412113	6000000080339429093
Q104412115	6000000023900984168
Q104412120	6000000184378818941
Q104412126	6000000043510255821
Q104412128	6000000036965967960
Q104412140	6000000025618610428
Q104412141	6000000025618707265
Q104412144	6000000020790649992
Q104412146	6000000025618968994
Q104412148	6000000020790768863
Q104412151	6000000016918399322
Q104412152	6000000016918290105
Q104412154	6000000025618305663
Q104412160	6000000096576891821
Q104412167	6000000038675664179
Q104412172	6000000065740872874
Q104412174	6000000024713920392
Q104412175	6000000071063334821
Q104412176	6000000016615640125
Q104412177	6000000017676678120
Q104412178	6000000017672947007
Q104412179	6000000017674212962
Q104412180	6000000019517790219
Q104412181	6000000018204364274
Q104412183	6000000057020325876
Q104412184	6000000014429980667
Q104412185	6000000017676482043
Q104412186	6000000014467293516
Q104412187	6000000017674377954
Q104412188	6000000073826122068
Q104412191	6000000057347245004
Q104412192	6000000017672653850
Q104412193	6000000033456574839
Q104412194	6000000036910436158
Q104412195	6000000036910326158
Q104412196	6000000033456519821
Q104412198	6000000135001098868
Q104412201	6000000044535561052
Q104412204	6000000079400082848
Q104412205	6000000097594056900
Q104412207	6000000028392489255
Q104412208	6000000018250416743
Q104412220	6000000044535202798
Q104412222	6000000053808807840
Q104412223	6000000104769918974
Q104412228	6000000097597151934
Q104412229	6000000105294977221
Q104412230	6000000184215409828
Q104412232	6000000053808542858
Q104412236	6000000053808797952
Q104412238	6000000053808393924
Q104412242	6000000015229926562
Q104412244	6000000019480252294
Q104412257	6000000031969683839
Q104412279	6000000184005324826
Q104412305	6000000084447177608
Q104412627	6000000026274734756
Q104412651	6000000004880702709
Q104412655	6000000004880899429
Q104412667	6000000006444777318
Q104412676	6000000006444428140
Q104412684	6000000006444353286
Q104412685	6000000000326751063
Q104412748	6000000026274892608
Q104412759	6000000019584850091
Q104412760	6000000024544620920
Q104412843	6000000013771422777
Q104412846	6000000026274892601
Q104412922	6000000026274734763
Q104412960	6000000026709908041
Q104413232	6000000013771436188
Q104413392	6000000004881476474
Q104413394	6000000004880976095
Q104413395	6000000011960842443
Q104413397	6000000061174047190
Q104413399	6000000011961771546
Q104413400	6000000000293434964
Q104413403	6000000061174438957
Q104413406	6000000005913670681
Q104413581	6000000024682273433
Q104413599	6000000002889910138
Q104413601	6000000003938982582
Q104413608	6000000003938982542
Q104413624	6000000003938982624
Q104413625	6000000001029090422
Q104413626	6000000002954503163
Q104413643	6000000001531527124
Q104413660	6000000030082644125
Q104413661	6000000009573607320
Q104413662	6000000003937957346
Q104413664	6000000002043365979
Q104413673	6000000003939687279
Q104413678	6000000030082794845
Q104413679	6000000001737634905
Q104413681	6000000006439950939
Q104413685	6000000008606115466
Q104414096	6000000018291685279
Q104414358	6000000137569478826
Q1044146	6000000016517859187
Q104414624	6000000016383302730
Q104414625	6000000016383275429
Q104414636	6000000016383405260
Q104416068	6000000009128337212
Q104416095	6000000018297100862
Q104416781	6000000015171977704
Q104417355	6000000019870988260
Q104417772	6000000016536409987
Q104417905	6000000029685538950
Q104418534	6000000006365297495
Q104419291	6000000210861375855
Q104419295	6000000041158389865
Q104419300	6000000057760960182
Q104419598	6000000084798529902
Q104419601	6000000079937547267
Q104419604	6000000087823754934
Q104419605	6000000087824124871
Q104419606	6000000071151714934
Q104419609	6000000068476901047
Q104419610	6000000068477450908
Q104419611	6000000063647312086
Q104419616	6000000030920865837
Q104419617	6000000019757625312
Q104419620	6000000020249622287
Q104419622	6000000065738733368
Q104419630	6000000008274178283
Q104419633	6000000023866366632
Q104419636	6000000034056919900
Q104419639	6000000030917961086
Q104419640	6000000030916764209
Q104419641	6000000030917838570
Q104419642	6000000185615605950
Q104419643	6000000036737505617
Q104419644	6000000087861972884
Q104419647	6000000068477304012
Q104419654	6000000035729438069
Q104419656	6000000017587106335
Q104419662	6000000020353906709
Q104419665	6000000069025483870
Q104419666	6000000014506498215
Q104419678	6000000038940387047
Q104419680	6000000038940482071
Q104419682	6000000038940004294
Q104419688	6000000102019869850
Q104419705	6000000017296762153
Q104419706	6000000008858672418
Q104419709	6000000008858589565
Q104419712	6000000077654849881
Q104419713	6000000185441702138
Q104419714	6000000017688075609
Q104419716	6000000017607597015
Q104419717	6000000026507132988
Q104419718	6000000041228215085
Q104419721	6000000041228247031
Q104419722	6000000052059925926
Q104419723	6000000052060070991
Q104419725	6000000013320310085
Q104419726	6000000014781884901
Q104419730	6000000019357927400
Q104419732	6000000107711154934
Q104419734	6000000019357906416
Q104419735	6000000044790671831
Q104419736	6000000034512335248
Q104419737	6000000042731496188
Q104419738	6000000200074700869
Q104419744	6000000037378394248
Q104419747	6000000001241346009
Q104419751	6000000017055503777
Q104419752	6000000039055651276
Q104419753	6000000039055103673
Q104419755	6000000021221277572
Q104419756	6000000039055688076
Q104419758	6000000048902204537
Q104419759	6000000021675537549
Q104419760	6000000070459986833
Q104419764	6000000021675495707
Q104419765	6000000018924157456
Q104419766	6000000022187539794
Q104419767	6000000023891163075
Q104419768	6000000093493075409
Q104419769	6000000053122199830
Q104419770	6000000053122020950
Q104419771	6000000015923986867
Q104419773	6000000020825830702
Q104419775	6000000015519040633
Q104419776	6000000015524361342
Q104419777	6000000015519295500
Q104419778	6000000015973565762
Q104419779	6000000026380303925
Q104419780	6000000151920807971
Q104419781	6000000138122025823
Q104419782	6000000025072521263
Q104419783	6000000084666356940
Q104419786	6000000044458547019
Q104419788	6000000042478005684
Q104419792	6000000063439513832
Q104419793	6000000115649624821
Q104419796	6000000058661221232
Q104419797	6000000100821005863
Q104419798	6000000100819478003
Q104419799	6000000167797550842
Q104419801	6000000175416995264
Q104419802	6000000175416736219
Q104419803	6000000017055519754
Q104419804	6000000039044814097
Q104419805	6000000039045063977
Q104419807	6000000016290355700
Q104419808	6000000040495391888
Q104419811	6000000046874223110
Q104419812	6000000046887704856
Q104419815	6000000046887688936
Q104419826	6000000178469552838
Q104419827	6000000035323094085
Q104419828	6000000178468048883
Q104419831	6000000045401142958
Q104419835	6000000043044826857
Q104419836	6000000045401783834
Q104419839	6000000044458483898
Q104419842	6000000042460228012
Q104419843	6000000042459636635
Q104419846	6000000116937516836
Q104419848	6000000116937363830
Q104419849	6000000032085230838
Q104419851	6000000013742378401
Q104419853	6000000075499207342
Q104419855	6000000019845675073
Q104419856	6000000039021102586
Q104419857	6000000019845389854
Q104419861	6000000053028712922
Q104419862	6000000053027998102
Q104419863	6000000021290067176
Q104419864	6000000052168402907
Q104419865	6000000052167195337
Q104419867	6000000018963878646
Q104419870	6000000102545083964
Q104419871	6000000102545339920
Q104419885	6000000045153695831
Q104419886	6000000045153650850
Q104419888	6000000163419259980
Q104419889	6000000163419710880
Q104419902	6000000058579018821
Q104419903	6000000118389416942
Q104419915	6000000121835158005
Q104419919	6000000121835557893
Q104419928	6000000079293637837
Q104419929	6000000077282927120
Q104419948	6000000037975295869
Q104419950	6000000022587881067
Q104419951	6000000032962909951
Q104419955	6000000091004575918
Q104419956	6000000017290180368
Q104419958	6000000004124556528
Q104419962	6000000073618718924
Q104419965	6000000086389100829
Q104419967	6000000050195194487
Q104419968	6000000050195751968
Q104419971	6000000205274846036
Q104419973	6000000128850544909
Q104419975	6000000128850881900
Q104419978	6000000028458178853
Q104419979	6000000071933677032
Q104419983	6000000013310430552
Q104419984	6000000020095546010
Q104419985	6000000007910372210
Q104419986	6000000020025024411
Q104419990	6000000023702384717
Q104419991	6000000094207968865
Q104419992	6000000000286134230
Q104419993	6000000093287465465
Q104419999	6000000091004969944
Q104420000	6000000091003884080
Q104420002	6000000013423907792
Q104420003	6000000013424647339
Q104420005	6000000018518728214
Q104420006	6000000057342190304
Q104420007	6000000012933957295
Q104420011	6000000113183189983
Q104420014	6000000210564191970
Q104420016	6000000027270557071
Q104420017	6000000113178316881
Q104420020	6000000032962487439
Q104420024	6000000020555349582
Q104420026	6000000025362932950
Q104420030	6000000026494044326
Q104420034	6000000089494017918
Q104420036	6000000025688873577
Q104420038	6000000011582648914
Q104420039	6000000022981279314
Q104420040	6000000040277445122
Q104420042	6000000037975343861
Q104420043	6000000040277670032
Q104420044	6000000022981297367
Q104420045	6000000033963004533
Q104420047	6000000029454368910
Q104420048	6000000089902970198
Q104420051	6000000177279485845
Q104420055	6000000177279804841
Q104420057	6000000004124556556
Q104420058	6000000078114217733
Q104420059	6000000025524653385
Q104420061	6000000193739138908
Q104420062	6000000007875597565
Q104420063	6000000049252557946
Q104420064	6000000018458066517
Q104420067	6000000120337106921
Q104420068	6000000007875507042
Q104420069	6000000018435391480
Q104420071	6000000073617466669
Q104420073	6000000006384105007
Q104420075	6000000204473286860
Q104420076	385236976750012795
Q104420077	6000000017648592085
Q104420078	6000000025524945823
Q104420083	6000000164915445854
Q104420084	6000000049253097833
Q104420090	6000000049253248852
Q104420093	6000000049259492884
Q104420097	6000000020711718032
Q104420098	6000000032726169963
Q104420104	6000000148948685833
Q104420111	6000000032847657231
Q104420114	6000000164914261197
Q104420119	6000000078115210945
Q104420126	6000000156295155821
Q104420135	6000000184134978867
Q104420137	6000000006426584369
Q104420144	6000000048341932292
Q104420148	6000000175686887858
Q104420152	6000000027840037163
Q104420154	6000000027840101926
Q104420156	6000000027839894939
Q104420158	6000000020691268030
Q104420160	3936846013070075583
Q104420162	3936841609720041483
Q104420163	6000000020691659231
Q104420164	6000000021937552156
Q104420229	6000000028071390349
Q104420230	6000000028071552851
Q104420231	6000000031597082257
Q104420232	6000000028071019768
Q104420238	6000000070877104912
Q104420240	6000000040775741427
Q104420245	6000000040775800318
Q104420247	4239593339860048060
Q104420248	6000000007183485397
Q104420249	4239598222860047527
Q104420252	6000000006811634617
Q104420253	6000000006811713596
Q104420255	6000000002562500304
Q104420257	6000000032368113024
Q104420258	6000000032468041716
Q104420261	6000000033701643034
Q104420262	6000000033701548140
Q104420263	6000000033701408437
Q104420264	6000000052983129841
Q104420266	6000000052983107896
Q104420267	6000000186536158854
Q104420268	6000000010358832505
Q104420273	6000000164381326841
Q104420274	6000000164327706851
Q104420285	6000000024694139807
Q104420355	6000000082988564123
Q104420357	6000000046517657040
Q104420370	6000000146309140896
Q104420371	6000000098156881827
Q104420372	6000000180311181839
Q104420375	6000000019661282338
Q104420376	6000000019072383162
Q104420383	6000000115128903842
Q104420394	6000000011737248383
Q104420413	6000000012440441882
Q104420430	6000000155027140823
Q104420432	6000000151333367830
Q104420433	6000000180649759822
Q104420435	6000000094914140122
Q104420440	6000000201878181830
Q104420447	6000000042327114328
Q104420448	6000000124414685831
Q104420449	6000000176344240879
Q104420452	6000000174300508591
Q104420453	6000000015455863191
Q104420455	6000000072891679885
Q104420456	6000000185658160022
Q104420457	6000000198825575868
Q104420468	6000000041057970960
Q104420469	6000000082022607956
Q104420477	6000000079409976828
Q104420479	4440774915400128913
Q104420481	6000000206273302821
Q104420482	6000000182855015822
Q104420485	6000000046059182013
Q104420486	6000000179031188841
Q104420488	6000000007832795868
Q104420489	6000000192226708841
Q104420499	6000000042242527901
Q104420501	6000000102565734287
Q104420502	6000000102566943947
Q104420510	6000000113451419940
Q104420514	6000000200427736845
Q104420515	6000000191275235842
Q104420517	6000000031754850299
Q104420518	6000000081755418869
Q104420520	6000000176171611825
Q104420521	6000000208333425834
Q104420525	6000000092748444843
Q104420526	6000000184785155827
Q104420528	6000000194389268839
Q104420530	6000000131819872821
Q104420534	6000000009461459763
Q104420536	6000000108562488133
Q104420538	6000000012704491864
Q104420539	6000000042327254136
Q104420543	6000000059846788849
Q104420544	6000000034953284870
Q104420545	6000000196468960822
Q104420546	6000000010799252509
Q104420560	6000000009919647711
Q104420561	6000000043100209663
Q104420562	6000000017135582523
Q104420563	6000000065045006876
Q104420567	6000000010038075809
Q104420572	6000000001376965696
Q104420575	6000000001284390085
Q104420577	6000000035757562957
Q104420578	6000000095215681567
Q104420583	6000000019163694405
Q104420587	6000000064934645055
Q104420590	6000000044733252833
Q104420603	6000000029814880051
Q104420607	6000000097507359334
Q104420609	6000000040791417918
Q104420610	6000000040791328935
Q104420611	6000000021139632137
Q104420612	6000000010545605949
Q104420614	6000000033316087710
Q104420615	6000000001879340077
Q104420616	6000000025567566198
Q104420623	6000000025939567059
Q104420634	6000000030203901030
Q104420635	6000000164250429941
Q104420640	6000000112819080834
Q104420642	6000000109721918833
Q104420655	6000000016339782124
Q104420656	6000000027040715954
Q104420659	6000000078614573863
Q104420664	6000000205995366834
Q104420670	6000000012422912667
Q104420672	6000000064361680853
Q104420673	6000000064361760821
Q104420678	6000000084683046950
Q104420682	6000000017768495337
Q104420684	6000000022343200123
Q104420700	6000000027688473251
Q104420701	6000000027688637161
Q104420703	6000000025430746030
Q104420708	6000000014213100001
Q104420711	6000000041347212117
Q104420714	6000000014493940017
Q104420726	6000000002765654565
Q104420729	6000000057939196866
Q104420730	6000000016616438243
Q104420736	6000000037658253978
Q104420741	6000000147862257821
Q104420742	6000000132261486897
Q104420743	6000000147861566834
Q104420744	6000000013237084167
Q104420746	6000000077628758497
Q104420748	6000000002869733944
Q104420749	6000000018091044540
Q104420751	6000000053023946151
Q104420752	6000000009895156920
Q104420756	6000000035901929070
Q104420758	6000000025522476087
Q104420760	6000000025522542949
Q104420762	6000000196154505842
Q104420764	6000000106744204864
Q104420772	6000000053219620877
Q104420773	6000000077404647541
Q104420774	6000000077382679878
Q104420781	6000000183270589911
Q104420783	317855527550005053
Q104420785	6000000013450070544
Q104420786	6000000013449921641
Q104420791	6000000024516378736
Q104420803	6000000151284932823
Q104420806	6000000016472483721
Q104420807	6000000187742630842
Q104420808	6000000187768876856
Q104420809	6000000187742977845
Q104420810	6000000187742396863
Q104420821	6000000096325847850
Q104420822	6000000022332856809
Q104420827	6000000023337804336
Q104420829	6000000192399498826
Q104420831	6000000192405027826
Q104420841	6000000018201897983
Q104420844	6000000083024796825
Q104420849	6000000031657975843
Q104420850	6000000001767567567
Q104420852	6000000001899306893
Q104420854	6000000092257399153
Q104420860	6000000186444922835
Q104420861	6000000186444789875
Q104420864	6000000186444717874
Q104420866	6000000081012231076
Q104420867	6000000017171066093
Q104420868	6000000023895972506
Q104420869	6000000023896009706
Q104420870	6000000177921225874
Q104420874	6000000033832303165
Q104420881	6000000007014454472
Q104420882	6000000007014406422
Q104420883	6000000020723293202
Q104420886	6000000055916465300
Q104420900	6000000188902054851
Q104420902	6000000066963116907
Q104420910	6000000054592170855
Q104420914	6000000076770945048
Q104420915	6000000077566522989
Q104420917	6000000016822617869
Q104420918	6000000085518610828
Q104420919	6000000033741529855
Q104420922	6000000172723974925
Q104420924	6000000186171834839
Q104420932	6000000053778426934
Q104420935	6000000001210921361
Q104420949	6000000093727292915
Q104420962	6000000082478699161
Q104420984	6000000189672781844
Q104420991	6000000155166918858
Q104420993	6000000042044887236
Q104420994	6000000089202168935
Q104420995	6000000042044924350
Q104421001	6000000188291207843
Q104421002	6000000188349412918
Q104421003	6000000110552748029
Q104421004	6000000077694833052
Q104421006	6000000182169750884
Q104421009	6000000002388797195
Q104421014	6000000192206718826
Q104421016	6000000182080603923
Q104421017	6000000105975231901
Q104421020	6000000016938875605
Q104421021	6000000167429640827
Q104421023	6000000017009894134
Q104421027	6000000101062013822
Q104421029	6000000024386072692
Q104421031	6000000042327362923
Q104421040	6000000039540125324
Q104421041	6000000035466885997
Q104421042	6000000035480538069
Q104421050	6000000179045908821
Q104421052	6000000038120799955
Q104421053	6000000182854908831
Q104421054	6000000002361938528
Q104421055	6000000179796585822
Q104421056	6000000038120040141
Q104421057	6000000179796649821
Q104421059	6000000038120852892
Q104421060	6000000038119934146
Q104421061	6000000189512853836
Q104421064	6000000027454097299
Q104421067	6000000173319025919
Q104421072	6000000059577348323
Q104421074	6000000023117436349
Q104421075	6000000177246010825
Q104421077	6000000182698830937
Q104421080	6000000132563001858
Q104421081	6000000132563179892
Q104421085	6000000177307389843
Q104421087	6000000079317970807
Q104421089	6000000186095443223
Q104421090	6000000199354040855
Q104421092	6000000002881983901
Q104421093	6000000002881927953
Q104421095	6000000035950474333
Q104421102	6000000036737560275
Q104421104	6000000080010314853
Q104421105	6000000188406856867
Q104421106	6000000069249981837
Q104421111	6000000143909757861
Q104421113	6000000138669487837
Q104421121	6000000022734421461
Q104421122	6000000002765263816
Q104421129	6000000197431178824
Q104421130	6000000008426205280
Q104421131	6000000008426212848
Q104421140	6000000197417590823
Q104421141	6000000197476306866
Q104421147	6000000140727687506
Q104421151	6000000084536727427
Q104421152	6000000199536630827
Q104421155	6000000149440248855
Q104421159	6000000041183023288
Q104421160	6000000013048095161
Q104421161	6000000008560450011
Q104421162	6000000204215248864
Q104421166	6000000000614680267
Q104421171	6000000177193658821
Q104421172	6000000177193552823
Q104421174	6000000008781281022
Q104421175	6000000020532745801
Q104421176	6000000047571327904
Q104421177	6000000027692244120
Q104421180	6000000179691778834
Q104421181	6000000197133218859
Q104421182	6000000197133540862
Q104421183	6000000034982552418
Q104421186	6000000054049961821
Q104421194	6000000054014826945
Q104421198	6000000202992070839
Q104421200	6000000200228974843
Q104421201	6000000208333125885
Q104421202	6000000070142300825
Q104421203	6000000200328124822
Q104421205	6000000143990283015
Q104421208	6000000085372825068
Q104421209	6000000208356041847
Q104421210	6000000015469665099
Q104421211	6000000200384216821
Q104421212	6000000143952916830
Q104421213	6000000172723351204
Q104421214	6000000085372208550
Q104421215	6000000085372394279
Q104421219	6000000002361933981
Q104421223	6000000001829155812
Q104421226	6000000176897022911
Q104421227	6000000176893825892
Q104421228	6000000069410831897
Q104421229	6000000197416991848
Q104421230	6000000075953401845
Q104421231	6000000038733110881
Q104421236	6000000196763453826
Q104421242	6000000148723842905
Q104421244	6000000046244067418
Q104421248	6000000027130947663
Q104421250	6000000020893819156
Q104421251	6000000113193077275
Q104421253	6000000103916317873
Q104421255	6000000194248101853
Q104421256	6000000113193285826
Q104421257	6000000113192912893
Q104421259	6000000096671456855
Q104421261	6000000027127980948
Q104421265	6000000088354072961
Q104421268	6000000067587071926
Q104421271	6000000194904262858
Q104421272	6000000194904530851
Q104421273	6000000115137280901
Q104421279	6000000025866666167
Q104421280	6000000000453272435
Q104421281	6000000037789780846
Q104421283	6000000032577807080
Q104421284	6000000037397266454
Q104421289	6000000124122276833
Q104421290	6000000082639559209
Q104421292	6000000011360424976
Q104421300	6000000031662711987
Q104421301	6000000008098750857
Q104421307	6000000010036999437
Q104421311	6000000177483163849
Q104421314	6000000193398620849
Q104421316	6000000011360555496
Q104421319	6000000192453030827
Q104421320	6000000023969608144
Q104421328	6000000196779079826
Q104421330	6000000214262819862
Q104421339	6000000005083672112
Q104421343	6000000023969495586
Q104421344	6000000078297752953
Q104421351	6000000069540417946
Q104421358	6000000039127606176
Q104421362	6000000177483529859
Q104421366	6000000010036865690
Q104421368	6000000178945819822
Q104421371	6000000039152283345
Q104421376	6000000014709989401
Q104421377	6000000050163163984
Q104421384	6000000038636370843
Q104421386	6000000000350777974
Q104421390	6000000201481183824
Q104421394	6000000116381222848
Q104421402	6000000081884530833
Q104421408	6000000186867223833
Q104421414	6000000080696611055
Q104421415	6000000080696229192
Q104421419	6000000150006295834
Q104421422	6000000195321659896
Q104421423	6000000048758114970
Q104421425	6000000057415331925
Q104421428	6000000031070447454
Q104421432	6000000188994235839
Q104421434	6000000188994720839
Q104421435	6000000018891973584
Q104421437	6000000036179764501
Q104421438	6000000037425787496
Q104421441	6000000018892557060
Q104421451	6000000188633041839
Q104421453	6000000038105556081
Q104421456	6000000023141529946
Q104421481	6000000122438671899
Q104421485	6000000215877512883
Q104421488	6000000216128750823
Q104421492	6000000053085936909
Q104421493	6000000215980256823
Q104421494	6000000215980341825
Q104421498	6000000158903410821
Q104421501	6000000034953436868
Q104421502	6000000092337478197
Q104421506	6000000186072917428
Q104421508	6000000067473082833
Q104421509	6000000031145886304
Q104421511	6000000089934248275
Q104421512	6000000047121597906
Q104421513	6000000029840070003
Q104421514	6000000039455936684
Q104421516	6000000031146587912
Q104421517	6000000089935847994
Q104421518	6000000202959043855
Q104421523	6000000177011288875
Q104421524	6000000163824601056
Q104421526	6000000181309820821
Q104421530	6000000181309861821
Q104421535	6000000039380140047
Q104421536	6000000025115712202
Q104421541	6000000177017318832
Q104421542	6000000172126802093
Q104421545	6000000187874815822
Q104421546	6000000175654693918
Q104421547	6000000131447865848
Q104421548	6000000212475691835
Q104421549	6000000188133141842
Q104421550	6000000202673812831
Q104421552	6000000147808315900
Q104421553	6000000188133143855
Q104421554	6000000082817397993
Q104421556	6000000191841983821
Q104421559	6000000044354038924
Q104421563	6000000038547870466
Q104421564	6000000044353714920
Q104421565	6000000038548252844
Q104421567	6000000072891772868
Q104421568	6000000005070759083
Q104421570	6000000090779541954
Q104421575	6000000192696867821
Q104421576	6000000081252964362
Q104421579	6000000187869121826
Q104421581	6000000161441559898
Q104421587	6000000186299999046
Q104421588	6000000045667616821
Q104421589	6000000189724158860
Q104421590	6000000124292366873
Q104421595	6000000048230442284
Q104421603	6000000069447626912
Q104421604	6000000057238581912
Q104421605	6000000112412083035
Q104421607	6000000191194328835
Q104421609	6000000057238768838
Q104421611	6000000077365509091
Q104421614	6000000077724019932
Q104421615	6000000077365871822
Q104421622	6000000178533180827
Q104421623	6000000199618655850
Q104421627	6000000196941398828
Q104421629	6000000167380257899
Q104421631	6000000200169580862
Q104421644	6000000006582486795
Q104421647	6000000179697164995
Q104421648	6000000188981729904
Q104421649	6000000038618393979
Q104421652	6000000046205247873
Q104421653	6000000046280556324
Q104421658	6000000045939106839
Q104421660	6000000001453073023
Q104421661	6000000001453076016
Q104421674	6000000018729278085
Q104421676	6000000200699216821
Q104421677	6000000002388893431
Q104421680	6000000142465283859
Q104421686	6000000089797756959
Q104421688	6000000138963696983
Q104421689	6000000018618513071
Q104421691	6000000018618248437
Q104421700	6000000178258012839
Q104421704	6000000009268827940
Q104421706	6000000204864251864
Q104421707	6000000025903550437
Q104421710	6000000007542718843
Q104421712	6000000007542795281
Q104421715	6000000034723185572
Q104421716	6000000078203701903
Q104421717	6000000040887106386
Q104421718	6000000034723774316
Q104421720	6000000040887486000
Q104421724	6000000034294125070
Q104421728	6000000034293169785
Q104421730	6000000034293861420
Q104421731	6000000013715367351
Q104421732	6000000036382774883
Q104421734	6000000013073176947
Q104421735	6000000013073669349
Q104421744	6000000185697895875
Q104421746	6000000077627525847
Q104421750	6000000185696809953
Q104421758	6000000197942299861
Q104421764	6000000077627248122
Q104421772	6000000167613265834
Q104421773	6000000169276875821
Q104421775	6000000081055055802
Q104421779	6000000061606412216
Q104421780	6000000061661438824
Q104421782	6000000037231174805
Q104421783	6000000061614781871
Q104421784	6000000071727997547
Q104421786	6000000037232948204
Q104421787	6000000008280082039
Q104421791	6000000016293759239
Q104421795	6000000181370163863
Q104421797	6000000092644079096
Q104421799	6000000092643863012
Q104421802	6000000189986247822
Q104421803	6000000034516481852
Q104421815	6000000176772908821
Q104421817	6000000086708488941
Q104421818	6000000027671937224
Q104421819	6000000182256002873
Q104421820	6000000015606158568
Q104421823	6000000053121982003
Q104421827	6000000020378194845
Q104421830	6000000046888311833
Q104421840	6000000042663690541
Q104421844	6000000040336751108
Q104421848	6000000001452705742
Q104421854	6000000038214173208
Q104421859	6000000184874542875
Q104421863	6000000182256875851
Q104421865	6000000038213794337
Q104421867	6000000023880879871
Q104421869	6000000046873478968
Q104421875	6000000086683523117
Q104421877	6000000018505672860
Q104421882	6000000046873091949
Q104421896	6000000034516409917
Q104421898	6000000181369877878
Q104421902	6000000184874169943
Q104421908	6000000178026974821
Q104421911	6000000099762071908
Q104421913	6000000178026819821
Q104421915	6000000003660026570
Q104421919	6000000020547521742
Q104421921	6000000073553005880
Q104421923	6000000165171181911
Q104421927	6000000178037426822
Q104421934	6000000073552904859
Q104421936	6000000178037962918
Q104421938	6000000008398654611
Q104421940	6000000008399539229
Q104421942	6000000008416853312
Q104421970	6000000164507026834
Q104421985	6000000164510833135
Q104421991	6000000018729187162
Q104421993	6000000164479059025
Q104421996	6000000017688081854
Q104421998	6000000164479930833
Q104422000	6000000164479587889
Q104422005	6000000164479640924
Q104422007	6000000008881246715
Q104422014	6000000060120452959
Q104422021	6000000177365790834
Q104422038	6000000019922898497
Q104422040	6000000175445466083
Q104422044	6000000076711993519
Q104422051	6000000041536286537
Q104422059	6000000076715014946
Q104422069	6000000033316459980
Q104422073	6000000033325946680
Q104422075	6000000075342457014
Q104422082	6000000075342801834
Q104422084	6000000023891324047
Q104422086	6000000055368083733
Q104422091	6000000033316433151
Q104422093	6000000033316782850
Q104422100	6000000063647358004
Q104422102	6000000063647898853
Q104422103	6000000027538822606
Q104422104	6000000063647238048
Q104422109	6000000063647841928
Q104422110	6000000063647540008
Q104422112	6000000015524057979
Q104422114	6000000109074753847
Q104422119	6000000138962284080
Q104422121	6000000109074772822
Q104422124	6000000104716605008
Q104422129	6000000113472890857
Q104422132	6000000009629190051
Q104422133	6000000009629240979
Q104422136	6000000048143741976
Q104422141	6000000093580033844
Q104422143	6000000035912401235
Q104422146	6000000093581598848
Q104422150	6000000178364890843
Q104422151	6000000037947370070
Q104422155	6000000172753554144
Q104422156	6000000093575971624
Q104422157	6000000093580196904
Q104422158	6000000093580262091
Q104422159	6000000080637544873
Q104422161	6000000178366172824
Q104422162	6000000001902752080
Q104422163	6000000178452126862
Q104422164	6000000037947472996
Q104422165	6000000019021761591
Q104422166	6000000019022010607
Q104422168	6000000205626881882
Q104422171	6000000130794683869
Q104422172	6000000172753718073
Q104422173	6000000018128797202
Q104422177	6000000184330845823
Q104422178	6000000035321073201
Q104422180	6000000200129987857
Q104422181	6000000035256013040
Q104422182	6000000109781824843
Q104422184	6000000035320252251
Q104422191	6000000078007598239
Q104422192	6000000035258180989
Q104422193	6000000035260829649
Q104422194	6000000035252349431
Q104422195	6000000035319045155
Q104422196	6000000035252170568
Q104422197	6000000035261825929
Q104422209	6000000140082761856
Q104422212	6000000101793004824
Q104422215	6000000092175872960
Q104422218	6000000109567559825
Q104422227	6000000092176375821
Q104422244	6000000020748052570
Q104422246	6000000100783424932
Q104422251	6000000100785216875
Q104422252	6000000036630656318
Q104422254	6000000020329503275
Q104422255	6000000076463415992
Q104422257	6000000126437156922
Q104422259	6000000068157856861
Q104422261	6000000019205545534
Q104422265	6000000024488255570
Q104422266	6000000068138847850
Q104422267	6000000100783543983
Q104422271	6000000020329664448
Q104422272	6000000068157310953
Q104422273	6000000100783640853
Q104422278	6000000027258469003
Q104422281	6000000100785136921
Q104422287	6000000011238085917
Q104422288	6000000019806229011
Q104422289	6000000069031625821
Q104422290	6000000060483170849
Q104422295	6000000019806224092
Q104422296	6000000060783366875
Q104422297	6000000017015422768
Q104422299	6000000090795955846
Q104422300	6000000060483025905
Q104422301	6000000060483172903
Q104422302	6000000069029297821
Q104422304	6000000092336586957
Q104422306	6000000015531895806
Q104422312	6000000092337617849
Q104422313	6000000191413430843
Q104422314	6000000060482919917
Q104422316	6000000017015551148
Q104422319	6000000007539529053
Q104422321	6000000044465456270
Q104422322	6000000092337087005
Q104422329	6000000019805829686
Q104422331	6000000021478346119
Q104422332	6000000060482788985
Q104422333	6000000103412746853
Q104422336	6000000060781373206
Q104422337	6000000060483162840
Q104422339	6000000124482418966
Q104422340	6000000060782468898
Q104422342	6000000170156387821
Q104422343	6000000017015506116
Q104422345	6000000015507891234
Q104422350	6000000068151572112
Q104422352	6000000024365114956
Q104422353	6000000015507629008
Q104422354	6000000015507987372
Q104422355	6000000024365074063
Q104422359	6000000197364054823
Q104422361	6000000191517984825
Q104422363	6000000178100060846
Q104422364	6000000178099232870
Q104422365	6000000194276937891
Q104422366	6000000017825698833
Q104422367	6000000070186304013
Q104422368	6000000191517162923
Q104422371	6000000178100066827
Q104422372	6000000178100098827
Q104422373	6000000070281979743
Q104422375	6000000029782334831
Q104422381	6000000034012265993
Q104422384	6000000036141524654
Q104422389	6000000018625830531
Q104422390	6000000018066248148
Q104422391	6000000035731569058
Q104422395	6000000098719953821
Q104422406	6000000081327464854
Q104422410	6000000029783010946
Q104422411	6000000060399268824
Q104422414	6000000029757713032
Q104422416	6000000035483813303
Q104422417	6000000076287641037
Q104422422	6000000067461235886
Q104422424	6000000173683695623
Q104422425	4799832736440052052
Q104422429	6000000186588767863
Q104422432	6000000060279919832
Q104422436	6000000162498581891
Q104422437	6000000019807079166
Q104422444	6000000034012525854
Q104422456	6000000109507122838
Q104422461	6000000072805217850
Q104422463	6000000020372798249
Q104422465	6000000187728346822
Q104422468	6000000063439356867
Q104422471	6000000080995513897
Q104422473	6000000042049624968
Q104422475	6000000111007539880
Q104422476	6000000082649340993
Q104422482	6000000182374821849
Q104422483	6000000072813455968
Q104422485	6000000100075060891
Q104422488	6000000058189822873
Q104422489	6000000042195566499
Q104422490	6000000063439389821
Q104422492	6000000082645978901
Q104422493	6000000018043702884
Q104422494	6000000034029099429
Q104422495	6000000034029620832
Q104422497	6000000033946968278
Q104422501	6000000023441425034
Q104422504	6000000197410493885
Q104422506	6000000058001207044
Q104422513	6000000033967920291
Q104422517	6000000070356967841
Q104422521	6000000191192915943
Q104422522	6000000070358549839
Q104422523	6000000033304008743
Q104422529	6000000066393005823
Q104422530	6000000034055479835
Q104422535	6000000103206686877
Q104422536	6000000101651490992
Q104422537	6000000103206647896
Q104422539	6000000103206207883
Q104422540	6000000072077102563
Q104422544	6000000032502625670
Q104422550	6000000179845452838
Q104422555	6000000066173391845
Q104422556	6000000067620480821
Q104422558	6000000206559373863
Q104422559	6000000049543421658
Q104422560	6000000043219900069
Q104422562	6000000197519650830
Q104422563	6000000179845452943
Q104422565	6000000004650026353
Q104422571	6000000197288029828
Q104422572	6000000079292393464
Q104422576	6000000054667367865
Q104422579	6000000201271665841
Q104422588	6000000178574415876
Q104422589	6000000071169460821
Q104422590	6000000017688386330
Q104422592	6000000017688260750
Q104422594	6000000079831550894
Q104422601	6000000071636620968
Q104422602	6000000045908081989
Q104422603	6000000016935646099
Q104422611	6000000019067533874
Q104422612	6000000011635437845
Q104422618	6000000146312489953
Q104422622	6000000030901808280
Q104422626	6000000010153178718
Q104422627	6000000026335694877
Q104422629	6000000016935555733
Q104422632	6000000048831253932
Q104422634	6000000071647548102
Q104422635	6000000017516340134
Q104422637	6000000048831432855
Q104422638	6000000019820603804
Q104422639	6000000048830073834
Q104422641	6000000039120827296
Q104422642	6000000018003386978
Q104422643	6000000004968064304
Q104422644	6000000021315036432
Q104422646	6000000050853118826
Q104422647	6000000004968112821
Q104422648	6000000059837839946
Q104422649	6000000046473070925
Q104422650	6000000059838529926
Q104422652	6000000176284633849
Q104422654	6000000077282993985
Q104422657	6000000049087841961
Q104422659	6000000180704926840
Q104422661	6000000077283107866
Q104422662	6000000077281447356
Q104422664	6000000180705802832
Q104422667	6000000013237200379
Q104422668	6000000013237075955
Q104422670	6000000019305771456
Q104422671	6000000037653462945
Q104422672	6000000011670110474
Q104422674	6000000024098912176
Q104422675	6000000014700192408
Q104422676	6000000039022341316
Q104422677	6000000024556099572
Q104422681	6000000146069567826
Q104422683	6000000038599074520
Q104422684	6000000146070141876
Q104422685	6000000013954874056
Q104422687	6000000037653165271
Q104422688	6000000011670324679
Q104422690	6000000011892429292
Q104422694	6000000011892251738
Q104422696	6000000011891951068
Q104422701	6000000115643625821
Q104422703	6000000165156973174
Q104422705	6000000051255984919
Q104422707	6000000078930297382
Q104422708	6000000078930523341
Q104422710	6000000213879782823
Q104422711	6000000188767202829
Q104422712	6000000085121877086
Q104422714	6000000085121611067
Q104422717	6000000197549138822
Q104422719	6000000197549243865
Q104422720	6000000078383872969
Q104422721	6000000077513544136
Q104422722	6000000077512746662
Q104422723	6000000077512843259
Q104422724	6000000077513564070
Q104422726	4094285869100040688
Q104422728	6000000020337921057
Q104422729	6000000194276024835
Q104422730	6000000048689844858
Q104422733	6000000057583481963
Q104422740	6000000047368667871
Q104422741	6000000048377210862
Q104422742	6000000033429229972
Q104422745	6000000021290141972
Q104422747	6000000194276902849
Q104422753	6000000163387091912
Q104422765	6000000022245238443
Q104422772	6000000047898560999
Q104422774	6000000019277024576
Q104422779	6000000047896272105
Q104422781	6000000019200413116
Q104422785	6000000047022465197
Q104422787	6000000005415500685
Q104422788	6000000048693766857
Q104422794	6000000048358752861
Q104422798	6000000178941371822
Q104422799	6000000047300367015
Q104422802	6000000052168500822
Q104422804	6000000019154404316
Q104422805	6000000027835464408
Q104422816	6000000017709766307
Q104422822	6000000020249774113
Q104422823	6000000016135386019
Q104422828	6000000177135552878
Q104422829	6000000029957345367
Q104422833	6000000057358613821
Q104422834	6000000057356810134
Q104422839	6000000200800851906
Q104422841	6000000028874003339
Q104422842	6000000035055480979
Q104422843	6000000186526773825
Q104422845	6000000186526701873
Q104422846	6000000022409892277
Q104422853	6000000022697164187
Q104422854	6000000178049653923
Q104422862	322986988290002542
Q104422867	6000000024889833098
Q104422868	6000000007041930575
Q104422869	6000000024889595212
Q104422871	6000000134096605206
Q104422879	6000000019615393481
Q104422883	6000000019614766690
Q104422899	6000000202093289823
Q104422903	6000000189860815856
Q104422908	6000000007316917949
Q104422934	6000000079276302843
Q104422943	6000000005415558076
Q104422948	6000000079275849975
Q104422954	6000000021213909382
Q104422957	6000000019706124511
Q104422994	6000000175356684354
Q104422997	6000000019661159517
Q104423001	6000000100820566829
Q104423003	6000000100820327031
Q104423006	6000000023215585495
Q104423008	6000000002388829857
Q104423015	6000000002388797640
Q104423019	6000000002388830837
Q104423026	6000000002388797743
Q104423028	6000000002388797687
Q104423030	6000000002388797050
Q104423032	6000000015271993221
Q104423045	6000000100204580867
Q104423050	6000000058919332077
Q104423053	6000000058513887725
Q104423060	6000000182998096832
Q104423068	6000000072979432409
Q104423069	6000000001241264454
Q104423072	6000000001241299098
Q104423075	6000000072980459078
Q104423079	6000000032300813886
Q104423080	6000000024234472777
Q104423081	6000000072980336913
Q104423082	6000000075860059016
Q104423083	6000000001241248190
Q104423084	6000000001240590836
Q104423085	6000000025680225092
Q104423086	6000000001240453811
Q104423087	6000000180784945938
Q104423088	6000000001240529812
Q104423091	6000000072980807855
Q104423102	6000000072414193125
Q104423105	6000000209559724833
Q104423109	6000000017013194283
Q104423111	6000000017013245502
Q104423120	6000000072414605950
Q104423127	6000000017013408648
Q104423129	6000000193260045835
Q104423134	6000000105438970031
Q104423136	6000000026393834191
Q104423168	6000000173214677904
Q104423171	6000000138630134859
Q104423174	6000000037494936648
Q104423191	6000000178095340833
Q104423199	6000000017487334834
Q104423200	6000000017487996180
Q104423204	6000000067750471052
Q104423215	6000000199688015855
Q104423230	6000000192394479845
Q104423233	6000000158823802943
Q104423240	6000000139881176877
Q104423242	6000000031501950095
Q104423259	6000000006432591365
Q104423263	6000000040603384827
Q104423264	6000000078034008950
Q104423267	6000000184385605821
Q104423276	6000000014742140618
Q104423317	6000000083559148166
Q104423319	6000000181050074829
Q104423331	6000000159035583911
Q104423337	6000000026577120126
Q104423339	6000000039055880267
Q104423344	6000000016409930750
Q104423347	6000000039442810048
Q104423350	6000000027323935585
Q104423351	6000000027324492010
Q104423352	6000000023300934317
Q104423354	6000000082962356638
Q104423356	6000000016409945741
Q104423358	6000000027324936885
Q104423360	6000000027324990067
Q104423367	6000000192398547911
Q104423373	6000000052051319956
Q104423374	6000000052058191390
Q104423375	6000000035279189674
Q104423377	6000000024669235278
Q104423378	6000000024668511714
Q104423379	6000000024668374656
Q104423382	6000000024668409791
Q104423388	6000000025890674533
Q104423389	6000000025891263152
Q104423390	6000000025891152944
Q104423391	6000000025890182912
Q104423392	6000000008570547232
Q104423393	6000000025890082198
Q104423394	6000000025891373319
Q104423395	6000000025890911132
Q104423396	6000000028256910036
Q104423397	6000000025890873262
Q104423398	6000000025891102153
Q104423400	6000000025890055221
Q104423401	6000000025891062973
Q104423404	6000000167380176663
Q104423407	6000000075739713196
Q104423420	6000000084562876551
Q104423421	6000000065166043978
Q104423422	6000000045970682137
Q104423428	6000000144066742868
Q104423434	6000000097663986921
Q104423437	6000000065166413904
Q104423447	6000000204351053836
Q104423450	6000000031396014440
Q104423456	6000000037747237533
Q104423460	6000000065179019836
Q104423462	6000000077065338983
Q104423466	6000000016014737166
Q104423470	6000000192353911855
Q104423473	6000000173367212093
Q104423476	6000000057827833926
Q104423482	6000000063498610821
Q104423494	6000000026750031401
Q104423498	6000000183557917875
Q104423500	6000000045667973839
Q104423504	6000000059101570927
Q104423517	6000000087742413173
Q104423519	6000000082349644194
Q104423521	6000000002238155310
Q104423529	6000000178720721841
Q104423534	6000000036884725953
Q104423535	6000000007347749319
Q104423547	6000000045669249960
Q104423559	6000000016209483691
Q104423561	6000000056313531007
Q104423564	6000000010859962440
Q104423566	6000000045668078884
Q104423567	6000000178893000822
Q104423570	6000000209047956823
Q104423579	6000000006444201929
Q104423587	6000000185739686827
Q104423590	6000000001741922157
Q104423592	6000000056533015905
Q104423593	6000000185737650874
Q104423597	6000000001741572347
Q104423610	6000000166768219859
Q104423631	6000000059846424220
Q104423633	6000000103837860381
Q104423636	6000000107530674065
Q104423642	6000000081985645877
Q104423645	6000000076027342870
Q104423649	6000000106987001420
Q104423651	6000000190330344827
Q104423656	6000000174220630261
Q104423660	6000000083585280001
Q104423662	6000000205433707879
Q104423677	6000000011504240897
Q104423686	6000000019425380137
Q104423688	363086063170012883
Q104423691	6000000202711026825
Q104423701	6000000098485018911
Q104423705	6000000091390278024
Q104423721	6000000008511159318
Q104423735	6000000180078756823
Q104423741	6000000084444552360
Q104423751	6000000117727369849
Q104423758	6000000177153207915
Q104423759	6000000107531523850
Q104423778	6000000140126949873
Q104423780	6000000059101409056
Q104423789	6000000194006399870
Q104423803	6000000190339335833
Q104423809	6000000177208124837
Q104423822	6000000045669501876
Q104423830	6000000182726735831
Q104423841	6000000049088561849
Q104423845	6000000190764997869
Q104423846	6000000060120578899
Q104423849	6000000059846734090
Q104423850	6000000040947435351
Q104423863	6000000086054735921
Q104423866	6000000086054540974
Q104423873	6000000076026313823
Q104423878	6000000106164136894
Q104423880	6000000000794966593
Q104423881	6000000181148744840
Q104423889	6000000051847677878
Q104423890	6000000036956675142
Q104423892	6000000039731285376
Q104423894	6000000025942889549
Q104423899	6000000185375545883
Q104423919	6000000118822288027
Q104423952	6000000018578785218
Q104423954	6000000031500147967
Q104423956	6000000132796384931
Q104423959	6000000068495043858
Q104423968	6000000184399099844
Q104423972	6000000077437338917
Q104423975	6000000081116569902
Q104423977	6000000166663760822
Q104423981	6000000190330203848
Q104424004	6000000051256142900
Q104424016	6000000029778007836
Q104424019	6000000092309989854
Q104424022	6000000008570479644
Q104424057	6000000179202477832
Q104424058	6000000179202860830
Q104424060	6000000187625592738
Q104424062	6000000055938023915
Q104424063	6000000055937997006
Q104424065	6000000005348693004
Q104424066	6000000139882627823
Q104424068	6000000005348573041
Q104424074	6000000197759459837
Q104424075	6000000200425019836
Q104424076	6000000004590187308
Q104424078	6000000180902747834
Q104424079	6000000200425934912
Q104424080	6000000181434888886
Q104424082	6000000042357956893
Q104424083	6000000042357813910
Q104424085	6000000042242407053
Q104424089	6000000074905096947
Q104424091	6000000188560485855
Q104424092	6000000188559829876
Q104424093	6000000216034605822
Q104424095	6000000040084116879
Q104424097	6000000216081267822
Q104424098	6000000216079897829
Q104424100	6000000216052174822
Q104424121	6000000043225385935
Q104424127	6000000179488051857
Q104424130	6000000182973563895
Q104424147	6000000199263770877
Q104424154	6000000106200874858
Q104424157	6000000106200906934
Q104424172	6000000197355886823
Q104424175	6000000200074347824
Q104424178	6000000017493727389
Q104424188	6000000200044496860
Q104424197	6000000038905030109
Q104424200	6000000196943176824
Q104424203	6000000187080747840
Q104424204	6000000059991007922
Q104424205	6000000059990886980
Q104424206	6000000025605941268
Q104424210	6000000187081120827
Q104424211	6000000135841648822
Q104424213	6000000039552262085
Q104424218	6000000001900582417
Q104424219	6000000030101856830
Q104424220	6000000121961075940
Q104424221	6000000172532989840
Q104424222	6000000121962665894
Q104424223	6000000077111354977
Q104424233	6000000199299879860
Q104424235	6000000072869960823
Q104424236	6000000204354692831
Q104424239	6000000186007095857
Q104424240	6000000186007005932
Q104424242	6000000112362208821
Q104424249	6000000041254705197
Q104424251	6000000041254095430
Q104424252	6000000178495988822
Q104424253	6000000001318180376
Q104424255	6000000202325377877
Q104424256	6000000177912180853
Q104424257	6000000202325643836
Q104424263	6000000015479645257
Q104424265	6000000032710315260
Q104424276	6000000199887638825
Q104424281	6000000199880713831
Q104424286	6000000165883652822
Q104424306	6000000208359010844
Q104424322	6000000000304539686
Q104424326	6000000176708752839
Q104424332	6000000044569785011
Q104424344	6000000176708243856
Q104424353	6000000142209608887
Q104424356	6000000188583045834
Q104424368	6000000016924492826
Q104424370	6000000001987904104
Q104424372	6000000041255112255
Q104424373	6000000199463427849
Q104424377	6000000032152367311
Q104424378	6000000000157531558
Q104424379	6000000024210304830
Q104424380	6000000024210346943
Q104424382	6000000104857256859
Q104424384	6000000076880009893
Q104424387	6000000201124236949
Q104424388	6000000030905735984
Q104424389	6000000000157521629
Q104424390	6000000041464824033
Q104424391	6000000000157521803
Q104424392	6000000003760631890
Q104424393	6000000030861817236
Q104424396	6000000047450783865
Q104424397	6000000186032095947
Q104424398	6000000180522236821
Q104424400	6000000037225048251
Q104424401	6000000008426498094
Q104424403	6000000202730610836
Q104424404	6000000080121891874
Q104424405	6000000002215936159
Q104424410	6000000186230699068
Q104424415	6000000070090063211
Q104424418	6000000010689707342
Q104424421	6000000200008216902
Q104424423	6000000186030467259
Q104424424	6000000200450124830
Q104424432	6000000002215929584
Q104424443	6000000049556752835
Q104424445	6000000030013986396
Q104424450	6000000024804200117
Q104424453	6000000120839354057
Q104424465	6000000078632883974
Q104424468	6000000020880526008
Q104424476	6000000042102599734
Q104424482	6000000180520886865
Q104424497	6000000159949564848
Q104424498	6000000176441004882
Q104424499	6000000201501680881
Q104424500	6000000176442383831
Q104424501	6000000159949560826
Q104424502	6000000201503129821
Q104424505	6000000185745032897
Q104424507	6000000042384773910
Q104424509	6000000071946042456
Q104424510	6000000034442361916
Q104424524	6000000089188151097
Q104424527	6000000034442535856
Q104424528	6000000088951560881
Q104424532	6000000056891446834
Q104424533	6000000089189011902
Q104424534	6000000013642716946
Q104424535	6000000009858191254
Q104424538	6000000193909357869
Q104424543	6000000173564717867
Q104424549	6000000070960311849
Q104424552	6000000000350797580
Q104424553	6000000150625783932
Q104424556	6000000174910275861
Q104424558	6000000189345124853
Q104424565	6000000032550444548
Q104424583	6000000184785610821
Q104424586	6000000194701951821
Q104424592	6000000035561785889
Q104424595	6000000002568351424
Q104424599	6000000002568355877
Q104424601	6000000041057383304
Q104424607	6000000180304398859
Q104424622	6000000018757582048
Q104424630	6000000002568351968
Q104424648	6000000082744429015
Q104424653	6000000092311723872
Q104424654	6000000037997840948
Q104424661	6000000156889067837
Q104424665	6000000080207390035
Q104424669	6000000083265230867
Q104424671	6000000117152274947
Q104424673	6000000010431556986
Q104424684	6000000170893589845
Q104424686	6000000207977196831
Q104424688	6000000196784336822
Q104424690	6000000037997261448
Q104424696	6000000066889643861
Q104424704	6000000206424123836
Q104424705	6000000036993551146
Q104424707	6000000040200630992
Q104424708	6000000187468766832
Q104424710	6000000080760717870
Q104424712	6000000045707447049
Q104424721	6000000083547586748
Q104424730	6000000024739482905
Q104424733	6000000024738711410
Q104424736	6000000174900026993
Q104424740	6000000208753195833
Q104424754	6000000195916070865
Q104424774	6000000040105281354
Q104424777	6000000005237489947
Q104424797	6000000044227367911
Q104424799	6000000153096065821
Q104424800	6000000023858986399
Q104424801	6000000045707822878
Q104424802	6000000071130697870
Q104424804	6000000044227181135
Q104424808	6000000008734195060
Q104424819	6000000198510171857
Q104424822	6000000040374272393
Q104424825	6000000040374586968
Q104424829	6000000107712447821
Q104424843	6000000072977503006
Q104424846	6000000072977531890
Q104424848	6000000034512991865
Q104424849	6000000079071067830
Q104424850	6000000072972570222
Q104424856	6000000197777395848
Q104424857	6000000143353128893
Q104424860	6000000203870740877
Q104424862	6000000165933631821
Q104424864	6000000071132260832
Q104424865	6000000176505401861
Q104424866	6000000197777630872
Q104424867	6000000203872111821
Q104424870	6000000176506905821
Q104424872	6000000197777630878
Q1044249	6000000018678104401
Q1044252	6000000146529779856
Q104425410	6000000002228252369
Q104425411	6000000002228252341
Q104425412	6000000007446973268
Q104425416	6000000004782075799
Q104425417	6000000007515446207
Q104425418	6000000007515371397
Q104425442	6000000007632710775
Q104425443	6000000071798444491
Q104425445	6000000006348454101
Q104425446	6000000014255459420
Q104425451	6000000005394190311
Q104427652	6000000022697197282
Q104427832	6000000007375913881
Q104428176	4554249407580014331
Q104429598	6000000003410634394
Q10443054	6000000022668828068
Q10443068	6000000006127223646
Q10443071	6000000006862039630
Q10443074	6000000006128269925
Q104433275	6000000018934801129
Q104433323	6000000019865920182
Q104433356	6000000019865464325
Q104433364	6000000155428882821
Q104433477	6000000017402327615
Q104433504	6000000017403263451
Q104434020	6000000083977111166
Q1044341	6000000163192759847
Q104434100	6000000015346478921
Q104434100	6000000018647774625
Q104434100	6000000086473062890
Q104434130	6000000008854043686
Q104434161	6000000190457946858
Q104434341	6000000003690163246
Q104434347	6000000000825440097
Q104438165	6000000013699993746
Q104438865	6000000110570168838
Q104438877	6000000110569806030
Q104438909	6000000019850497850
Q104439052	6000000019865785126
Q104439095	6000000035599353015
Q104439171	6000000018934311088
Q104439181	3759254
Q104439199	6000000007852516301
Q104439219	6000000018934782044
Q104439231	6000000018933896427
Q104439285	6000000013441448266
Q104439426	6000000011295436758
Q104439551	6000000110570077825
Q104439555	6000000002161271766
Q104439576	6000000110569711963
Q104439907	6000000016244932222
Q104439992	6000000110569757899
Q104440018	6000000110569718956
Q104440045	6000000016971239417
Q104440053	6000000110570030822
Q104440433	6000000014219219712
Q104440548	5103946938840054497
Q104440549	6000000110569537913
Q104440575	6000000110569406996
Q104440587	6000000017290210348
Q104440741	6000000019497797847
Q104440762	6000000037379391899
Q104443204	6000000201676956856
Q104443714	6000000012690304872
Q104443715	6000000006963908020
Q104443716	6000000002106008329
Q104443723	6000000029637656114
Q104443819	6000000013950030544
Q104443859	6000000017817219534
Q104443860	6000000017817221239
Q104443921	6000000000320658748
Q104443923	6000000000320658346
Q104443924	6000000000320748433
Q104443981	6000000013093166777
Q104443982	6000000049097405829
Q104443983	6000000001187906204
Q104443984	6000000002860740647
Q104444096	6000000001843182177
Q104444125	6000000024488136906
Q104444130	6000000010591304118
Q104444134	6000000001959200267
Q104444139	6000000002909189345
Q104444184	6000000001959200258
Q104444185	6000000002487645986
Q104444186	6000000003221087811
Q104444191	6000000002487924146
Q104444192	6000000006110896615
Q104444193	6000000000601736550
Q104444469	6000000002387324083
Q104444470	6000000015917292855
Q104444472	6000000002387231490
Q104444473	6000000002387332842
Q104444488	6000000009006812704
Q104444488	6000000206780488872
Q104444490	6000000003077229749
Q104444569	6000000001923241523
Q104444570	6000000006282828905
Q104444623	6000000009006757535
Q104444663	6000000003040980224
Q1044449	6000000212085070821
Q104445	6000000076926398235
Q1044457	5010729731360074289
Q104445890	6000000170614174774
Q104446062	6000000013955760001
Q104446063	6000000141807908859
Q104446065	6000000176584363843
Q104446067	6000000019705596001
Q104446068	6000000037761715094
Q104446070	6000000007335535549
Q104446074	6000000068521218013
Q104446075	6000000081528827211
Q104446076	6000000086551748821
Q104446080	6000000215546179888
Q104446081	6000000037749196762
Q104446088	6000000177163062831
Q104446099	6000000040788538404
Q104446102	6000000195142314821
Q104446112	6000000195139702941
Q104446117	6000000040788502505
Q104446131	6000000015763385003
Q104446143	6000000200571954838
Q104446160	6000000053046083896
Q104446164	6000000053046127865
Q104446198	6000000068272510027
Q104446202	6000000052269555071
Q104446205	6000000110428903904
Q104446211	6000000035560265525
Q104446214	6000000035562895990
Q104446218	6000000035562823925
Q104446221	6000000023727419403
Q104446226	6000000097965524821
Q104446229	6000000097966863828
Q104446232	6000000097966142833
Q104446235	6000000032343445221
Q104446239	6000000035585201727
Q104446241	6000000056038340886
Q104446242	6000000035585414433
Q104446243	6000000048338554888
Q104446245	6000000017966431623
Q104446246	6000000078617616932
Q104446247	6000000017966634229
Q104446249	6000000075734631110
Q104446251	6000000034750055477
Q104446252	6000000048393339855
Q104446255	6000000034750002628
Q104446257	6000000163679473829
Q104446262	6000000163679619822
Q104446264	6000000093337885064
Q104446265	6000000163675296826
Q104446266	6000000026614664056
Q104446267	6000000163679947821
Q104446269	6000000026614744244
Q104446270	6000000078246262798
Q104446271	6000000030878107975
Q104446272	6000000043203984149
Q104446273	6000000178898757821
Q104446274	6000000043204212902
Q104446275	6000000031071759061
Q104446276	6000000178898573832
Q104446278	6000000024459656702
Q104446279	6000000024464949885
Q104446280	6000000000832544571
Q104446281	6000000000952107500
Q104446283	6000000000952237085
Q104446284	6000000051839827103
Q104446285	6000000017709766440
Q104446288	6000000126444566855
Q104446294	6000000159253672833
Q104446295	6000000030550149799
Q104446296	6000000159252857882
Q104446302	6000000024365175006
Q104446303	6000000024365191832
Q104446304	6000000185567371474
Q104446306	6000000013320683327
Q104446309	6000000015761947194
Q104446311	6000000013033949586
Q104446312	6000000013032364973
Q104446313	6000000167306113821
Q104446314	6000000196991904844
Q104446315	6000000068334370916
Q104446319	6000000014207997345
Q104446320	6000000030754281403
Q104446321	6000000179718598825
Q104446325	6000000033080144359
Q104446326	6000000211588234856
Q104446329	6000000017673110412
Q104446330	6000000077714162984
Q104446331	6000000030481171856
Q104446332	6000000030481162847
Q104446333	6000000030481326821
Q104446334	6000000040678125932
Q104446335	6000000069215876821
Q104446337	6000000079674652964
Q104446338	6000000079675534981
Q104446339	6000000098011770073
Q104446340	6000000024652220199
Q104446341	6000000041850570240
Q104446345	6000000041850619139
Q104446347	6000000058743902013
Q104446348	6000000037999601546
Q104446349	6000000018163287047
Q104446351	6000000053045795083
Q104446354	6000000042062087329
Q104446357	6000000016456671710
Q104446363	3922403002100110759
Q104446364	3922398730480041061
Q104446365	3922401666110128032
Q104446366	6000000115257075836
Q104446368	6000000024143075772
Q104446369	6000000024130506040
Q104446370	6000000024130381531
Q104446373	6000000018377741796
Q104446376	6000000018377475897
Q104446378	6000000073391884840
Q104446379	6000000022782714565
Q104446380	6000000073402766529
Q104446384	6000000044478425329
Q104446385	6000000044479341067
Q104446386	6000000044478504929
Q104446387	6000000037772262331
Q104446388	6000000148775285835
Q104446390	6000000071189402857
Q104446391	6000000090359945407
Q104446392	6000000037501353103
Q104446394	6000000037500991578
Q104446395	6000000038095266921
Q104446396	6000000064160670907
Q104446397	6000000078618263016
Q104446400	6000000042893122078
Q104446401	6000000036382638847
Q104446402	6000000014737186759
Q104446403	6000000078618567838
Q104446405	6000000076827739147
Q104446406	6000000037482336019
Q104446407	6000000023301672989
Q104446408	6000000021674479291
Q104446409	6000000014904032950
Q104446410	6000000014904306199
Q104446413	6000000041114842476
Q104446415	6000000184232724842
Q104446417	6000000020860243717
Q104446421	6000000041115117135
Q104446422	6000000075820225839
Q104446426	6000000002597591589
Q104446428	6000000011601862569
Q104446429	6000000010425022230
Q104446430	6000000002290060242
Q104446431	6000000036927493527
Q104446433	6000000035941773955
Q104446434	6000000036927556657
Q104446437	6000000048533639912
Q104446438	6000000019675168913
Q104446439	6000000051899720900
Q104446440	6000000020353614539
Q104446441	6000000051500092106
Q104446443	6000000043593299912
Q104446444	6000000051504087136
Q104446445	6000000051500890877
Q104446446	6000000020353990366
Q104446448	6000000051503361130
Q104446449	6000000051499067205
Q104446451	6000000020354026395
Q104446452	6000000026156535921
Q104446453	6000000041708968061
Q104446454	6000000026423643465
Q104446455	6000000007212819357
Q104446457	6000000019983236477
Q104446458	6000000083255249540
Q104446461	6000000164493988831
Q104446462	6000000054288643036
Q104446463	6000000164655581008
Q104446464	6000000119718995955
Q104446465	6000000024854802089
Q104446466	6000000021725282437
Q104446468	6000000049593080965
Q104446469	6000000100732191850
Q104446471	6000000015329681186
Q104446473	6000000113892380059
Q104446474	6000000026280943956
Q104446475	6000000026152272574
Q104446478	6000000083169230455
Q104446479	6000000021615103470
Q104446483	6000000033260331602
Q104446485	6000000024856126447
Q104446486	6000000054301883035
Q104446487	6000000149612570933
Q104446488	6000000016579113921
Q104446489	6000000024848288348
Q104446490	6000000083256040980
Q104446491	6000000017062737628
Q104446494	6000000039100066633
Q104446495	6000000019141076114
Q104446496	6000000018305419754
Q104446497	6000000017243089045
Q104446498	6000000017243161345
Q104446499	6000000033232013840
Q104446500	6000000056849855880
Q104446501	6000000042618200903
Q104446503	6000000022971901876
Q104446504	6000000022972208857
Q104446507	6000000042993541162
Q104446508	6000000068334364821
Q104446509	6000000042993337426
Q104446512	6000000015432592755
Q104446513	6000000171757689959
Q104446514	6000000015432528615
Q104446515	6000000015432836043
Q104446519	6000000073053163882
Q104446520	6000000044795587863
Q104446521	6000000043886536964
Q104446522	6000000043886632920
Q104446523	6000000059834327897
Q104446524	6000000197913677828
Q104446528	6000000038099900895
Q104446529	6000000078217179864
Q104446530	6000000169655137843
Q104446531	6000000169644222940
Q104446532	6000000169655400831
Q104446533	6000000169643990895
Q104446534	6000000017673120471
Q104446535	6000000034364796875
Q104446536	6000000040725819648
Q104446537	6000000076830199771
Q104446538	6000000016691641720
Q104446539	6000000040565531665
Q104446542	6000000040565907095
Q104446543	6000000019065186826
Q104446544	6000000039386808306
Q104446546	6000000048535184875
Q104446547	6000000036927687468
Q104446548	6000000032972027979
Q104446549	6000000032970719715
Q104446555	6000000040251680954
Q104446556	6000000019318988016
Q104446557	6000000045478677922
Q104446559	6000000024306622717
Q104446566	6000000026063657102
Q104446567	6000000075670374867
Q104446568	6000000178897305906
Q104446569	6000000002289771192
Q104446571	6000000031227300614
Q104446572	6000000031227539287
Q104446584	6000000056230224942
Q104446586	6000000060307469063
Q104446610	6000000037188692253
Q104446616	6000000041997589934
Q104446617	6000000019471579060
Q104446618	6000000192716204827
Q104446619	6000000192683900827
Q104446620	6000000002033989646
Q104446621	6000000042194450174
Q104446622	6000000042194446004
Q104446623	6000000042194190493
Q104446625	6000000042194540013
Q104446628	6000000069534213406
Q104446629	6000000049321114855
Q104446632	6000000068334672892
Q104446633	6000000035520257835
Q104446639	6000000105895164872
Q104446641	6000000037717376256
Q104446642	6000000180210098843
Q104446643	6000000031427664839
Q104446647	6000000174131401136
Q104446648	6000000007365280198
Q104446649	6000000164492034908
Q104446650	6000000141075938060
Q104446658	6000000177298473854
Q104446661	6000000177297604005
Q104446662	6000000177298274898
Q104446663	6000000004684468309
Q104446665	6000000027271060716
Q104446666	6000000027271233186
Q104446667	6000000009763042336
Q104446669	6000000038270826837
Q104446670	6000000019064825995
Q104446671	6000000019066162628
Q104446672	6000000084341873891
Q104446673	6000000084340639227
Q104446674	6000000003630210753
Q104446677	6000000013765281939
Q104446678	6000000013765387027
Q104446679	6000000018942809013
Q104446685	3846411
Q104446688	6000000196352798849
Q104446689	6000000081693576275
Q104446690	6000000196352859885
Q104446691	6000000196352974870
Q104446692	6000000196352291870
Q104446693	6000000081695455135
Q104446694	6000000151657671821
Q104446695	6000000151656404276
Q104446696	6000000042988237746
Q104446698	6000000042983144095
Q104446699	6000000022304420411
Q104446700	6000000083478080435
Q104446701	6000000181003823827
Q104446705	6000000178628724870
Q104446706	6000000075777116827
Q104446710	6000000094578733821
Q104446714	6000000094574127836
Q104446715	6000000012531069083
Q104446716	6000000015061338736
Q104446720	6000000014733251449
Q104446722	6000000021060044240
Q104446724	6000000026174109112
Q104446725	6000000172364280325
Q104446726	6000000011668278572
Q104446728	6000000081695762103
Q104446729	6000000081695909867
Q104446751	6000000023963966282
Q104446752	6000000063294966895
Q104446757	6000000026714244546
Q104446758	6000000021077013275
Q104446759	6000000026711985180
Q104446761	6000000076984233499
Q104446763	6000000051475377853
Q104446769	6000000082027618895
Q104446770	6000000082027701895
Q104446774	6000000047803578843
Q104446776	6000000034724174352
Q104446777	6000000034726425948
Q104446781	6000000199064593862
Q104446784	6000000065166303892
Q104446785	6000000083760490180
Q104446787	6000000033388183176
Q104446790	6000000124235385826
Q104446791	6000000026631755563
Q104446792	6000000188720170845
Q104446795	6000000039921198100
Q104446800	6000000008538272578
Q104446801	6000000184481849852
Q104446802	6000000185640484008
Q104446805	6000000207952255822
Q104446806	6000000002388893957
Q104446807	6000000190300275840
Q104446811	6000000040619192377
Q104446813	6000000045710341824
Q104446814	6000000048282776176
Q104446815	6000000207822804823
Q104446816	6000000207822791822
Q104446823	6000000081744462229
Q104446824	6000000014950383413
Q104446829	6000000010047167488
Q104446830	6000000185832501855
Q104446834	6000000072027786213
Q104446839	6000000027838660337
Q104446840	6000000155494029867
Q104446843	6000000186087489821
Q104446850	6000000157070363831
Q104446851	6000000209617281935
Q104446852	6000000181743695884
Q104446853	6000000019088479033
Q104446854	6000000044199982066
Q104446857	6000000050634216977
Q104446860	6000000131701466863
Q104446862	6000000108095285832
Q104446871	6000000181095003821
Q104446877	6000000019883623468
Q104446880	6000000010987534560
Q104446882	6000000040897725833
Q104446886	6000000084564828034
Q104446888	6000000022596153099
Q104446895	6000000153842447824
Q104446897	6000000206251077864
Q104446899	6000000039983233864
Q104446900	6000000068607220917
Q104446908	6000000065594100907
Q104446910	6000000017234774981
Q104446913	6000000025592756872
Q104446915	6000000002449479709
Q104446916	6000000024268399080
Q104446919	6000000036898372824
Q104446923	6000000017361826448
Q104446924	6000000039982554475
Q104446929	6000000083952309899
Q104446940	6000000038773499304
Q104446944	6000000020487045852
Q104446946	6000000120659819145
Q104446947	6000000175639327832
Q104446948	6000000175639241824
Q104446951	6000000178183100826
Q104446955	6000000083551716951
Q104446958	6000000077907131983
Q104446959	6000000123911747058
Q104446960	6000000085273366937
Q104446963	6000000115145848271
Q104446969	6000000034014828324
Q104446970	6000000068927215873
Q104446972	6000000214255165831
Q104446973	6000000214254942843
Q104446974	6000000021053651359
Q104446978	6000000020058488349
Q104446984	6000000174420191119
Q104446985	6000000069143599911
Q104446986	6000000069143579895
Q104446988	6000000192318457833
Q104446989	6000000192317538929
Q104446990	6000000026730240612
Q104446992	6000000033645318315
Q104446993	6000000009527671756
Q104446996	6000000063176061137
Q104446997	6000000063175711344
Q104446998	6000000046380558205
Q104446999	6000000016478344589
Q104447000	6000000043100483878
Q104447001	6000000011613542633
Q104447004	6000000018128933568
Q104447005	6000000178768051852
Q104447007	6000000037503134795
Q104447008	6000000024893138763
Q104447011	6000000028908724599
Q104447012	6000000041764474105
Q104447013	6000000070081158993
Q104447016	6000000012611598420
Q104447017	6000000028908976864
Q104447018	6000000035149234526
Q104447020	6000000023700490088
Q104447021	6000000039311195373
Q104447022	6000000070303555834
Q104447025	6000000020079345003
Q104447026	6000000185768207840
Q104447028	6000000023146090416
Q104447029	6000000023145892391
Q104447030	6000000207704262826
Q104447031	6000000192114535821
Q104447033	6000000075921714392
Q104447034	6000000075594849939
Q104447036	6000000019328784012
Q104447038	6000000057510899868
Q104447039	6000000180062473826
Q104447040	6000000177503008873
Q104447043	6000000024957082560
Q104447049	6000000059199735825
Q104447050	6000000059199648968
Q104447052	6000000038121902082
Q104447053	6000000192962286831
Q104447054	6000000038121888495
Q104447058	6000000195096479831
Q104447059	6000000032979954723
Q104447066	6000000040890443850
Q104447068	6000000009816580861
Q104447070	6000000021570026000
Q104447073	6000000027739714549
Q104447074	6000000027740028039
Q104447075	6000000103723830823
Q104447076	6000000055397749856
Q104447081	6000000037256404528
Q104447086	6000000081370121353
Q104447090	6000000014099185672
Q104447093	6000000012544799946
Q104447095	3329496
Q104447096	6000000097505620370
Q104447097	6000000007316925283
Q104447098	6000000007316928613
Q104447099	6000000007316925275
Q104447100	6000000007316928621
Q104447103	6000000043134980104
Q104447106	6000000131519392156
Q104447107	6000000102779354921
Q104447108	6000000017180256621
Q104447115	6000000046461988843
Q104447118	6000000046461567019
Q104447122	6000000088861501040
Q104447123	6000000088861447939
Q104447124	6000000007014397719
Q104447126	6000000030306835114
Q104447127	6000000065903405934
Q104447135	6000000005035761374
Q104447137	6000000001451680569
Q104447139	6000000011396830922
Q104447142	6000000036606415133
Q104447148	6000000015243175985
Q104447150	6000000083550006994
Q104447151	6000000211150789404
Q104447153	6000000015243613135
Q104447154	6000000002844448218
Q104447155	6000000142037929877
Q104447156	6000000013322803861
Q104447159	6000000013322824956
Q104447161	6000000027540144066
Q104447163	6000000015243294441
Q104447167	4275551119160057430
Q104447171	6000000028019949036
Q104447173	6000000079551276296
Q104447185	6000000011115965541
Q104447186	6000000011115929513
Q104447187	6000000026933477755
Q104447190	6000000040216748293
Q104447191	6000000018129015139
Q104447193	6000000031095723288
Q104447195	6000000020789141836
Q104447196	6000000040217067922
Q104447202	6000000206304205902
Q104447205	6000000019285567956
Q104447210	6000000020560184520
Q104447211	6000000091507007219
Q104447220	6000000148639822918
Q104447222	6000000037777017136
Q104447223	6000000093030069188
Q104447227	6000000041112673509
Q104447228	6000000184322561895
Q104447229	6000000018329096079
Q104447234	6000000083186920499
Q104447236	6000000016555286580
Q104447237	6000000208867313834
Q104447242	6000000018543505478
Q104447243	6000000011612703119
Q104447249	6000000021567332029
Q104447250	6000000020038670013
Q104447251	6000000024595746592
Q104447252	6000000037692781034
Q104447258	6000000180461486868
Q104447261	6000000180461320838
Q104447266	6000000024237746327
Q104447267	6000000024237619578
Q104447268	6000000013804930968
Q104447273	6000000016486721418
Q104447274	6000000019340616483
Q104447276	6000000049896189312
Q104447278	6000000049896027253
Q104447279	6000000049898260989
Q104447281	6000000102479051826
Q104447285	6000000025616014809
Q104447286	6000000012378401905
Q104447287	6000000041899462455
Q104447288	6000000164063799059
Q104447291	6000000011455074022
Q104447294	6000000213630794821
Q104447295	6000000213630636826
Q104447296	6000000016899833634
Q104447297	6000000031036152317
Q104447298	6000000026629418822
Q104447300	6000000002033989621
Q104447303	6000000002033989515
Q104447306	6000000019857894644
Q104447309	6000000019761091941
Q104447313	6000000033098442893
Q104447314	6000000021507893019
Q104447317	6000000082573577707
Q104447318	6000000019857701811
Q104447320	6000000033097964897
Q104447321	6000000019856057519
Q104447326	6000000024931192356
Q104447327	6000000019855371699
Q104447328	6000000033097859979
Q104447329	6000000019856077409
Q104447331	6000000025718576774
Q104447332	6000000112878133825
Q104447333	6000000025718910014
Q104447348	6000000083967555946
Q104447350	6000000009991226255
Q104447363	6000000022608945132
Q104447365	6000000040790009613
Q104447379	6000000057346896926
Q104447381	6000000010874702217
Q104447383	6000000023374784128
Q104447394	6000000010370804762
Q104447395	6000000025868778652
Q104447397	6000000019671226153
Q104447398	6000000019671285198
Q104447405	6000000015073015445
Q104447406	6000000059272809890
Q104447413	6000000007014376382
Q104447414	6000000038786304268
Q104447415	6000000009705129341
Q104447419	6000000015760386999
Q104447422	6000000013999555216
Q104447424	6000000010896006976
Q104447425	6000000018098312615
Q104447427	6000000037666420030
Q104447428	6000000026620611046
Q104447429	6000000010895988186
Q104447430	6000000029813362561
Q104447437	6000000015699143118
Q104447440	6000000195470654821
Q104447441	6000000185693943939
Q104447442	6000000209776991841
Q104447445	6000000032800616681
Q104447452	6000000084049439942
Q104447454	6000000024277632200
Q104447455	6000000182982086848
Q104447459	6000000182982673830
Q104447464	6000000047054194914
Q104447467	6000000078250279356
Q104447472	6000000054466296942
Q104447473	6000000133467817864
Q104447520	6000000065760761828
Q104447521	6000000150178195863
Q104447522	6000000025275287389
Q104447525	6000000046618182682
Q104447533	6000000057151401949
Q104447534	6000000052800269832
Q104447536	6000000081568969831
Q104447538	6000000075739889831
Q104447541	6000000142275607835
Q104447544	6000000152198600040
Q104447545	6000000081030816836
Q104447551	6000000176584798826
Q104447553	6000000035237707866
Q104447561	6000000180192688829
Q104447565	6000000066669734872
Q104447567	6000000189899468839
Q104447573	6000000017687884947
Q104447575	6000000041385020343
Q104447576	6000000035238881172
Q104447578	6000000195487067836
Q104447583	6000000043429035431
Q104447591	6000000036484950454
Q104447592	6000000075739753021
Q104447593	6000000016627741785
Q104447594	6000000044183535117
Q104447596	6000000036984541040
Q104447609	6000000204351238824
Q104447611	6000000075740455824
Q104447612	6000000080531972292
Q104447616	6000000189213607821
Q104447617	6000000183937655865
Q104447618	6000000189898547904
Q104447622	6000000027093139472
Q104447625	6000000019653570300
Q104447628	6000000054388723819
Q104447630	6000000107843399821
Q104447631	6000000015888629892
Q104447637	6000000043992645994
Q104447638	6000000017620643518
Q104447646	6000000067130008821
Q104447648	6000000090019899127
Q104447663	6000000207339599821
Q104447666	6000000035238536957
Q104447667	6000000178585186895
Q104447668	6000000183938471836
Q104447670	6000000077062989776
Q104447671	6000000083281710135
Q104447673	6000000018345333467
Q104447674	6000000077067070407
Q104447682	6000000053518905855
Q104447684	6000000173379806933
Q104447685	6000000210671349829
Q104447691	6000000210765932821
Q104447694	6000000120328253885
Q104447695	6000000019294530135
Q104447696	6000000192218936823
Q104447697	6000000020460640704
Q104447702	6000000033304666175
Q104447704	6000000040112301986
Q104447705	6000000077064856112
Q104447707	6000000081576172888
Q104447709	6000000018345312395
Q104447713	6000000034333272262
Q104447716	6000000080986605182
Q104447719	6000000189213595821
Q104447721	6000000173380218840
Q104447724	6000000026586693317
Q104447725	6000000021866376637
Q104447726	6000000021866542973
Q104447727	6000000091678388288
Q104447728	6000000021866567832
Q104447730	6000000091678759362
Q104447731	6000000021866064924
Q104447732	6000000091679067163
Q104447733	6000000021725490314
Q104447734	6000000014129880872
Q104447735	6000000044790662034
Q104447738	6000000015750245455
Q104447739	6000000127029123950
Q104447743	6000000200525744844
Q104447747	6000000178628323859
Q104447754	6000000015749812011
Q104447755	6000000033625527930
Q104447758	6000000200525872831
Q104447759	6000000181393488830
Q104447760	6000000181393107821
Q104447761	6000000200525689875
Q104447762	6000000127029210859
Q104447764	6000000127029372222
Q104447765	6000000009387074893
Q104447767	6000000009368231618
Q104447768	6000000015749751803
Q104447769	6000000015749260880
Q104447774	6000000181393419831
Q104447777	6000000127028241001
Q104447781	6000000127028263002
Q104447782	6000000009368353307
Q104447785	6000000173219492906
Q104447791	6000000137610722908
Q104447793	6000000186710976838
Q104447794	6000000019125504535
Q104447795	6000000069964526048
Q104447796	6000000069965310045
Q104447797	6000000069963330512
Q104447798	6000000069965804830
Q104447799	6000000057127849155
Q104447801	6000000069964572859
Q104447802	6000000045907692011
Q104447803	6000000022177050880
Q104447808	6000000212300079069
Q104447811	6000000111268319821
Q104447812	6000000014706250444
Q104447814	6000000043099495519
Q104447816	6000000025438991065
Q104447817	6000000025438156374
Q104447818	6000000111432346001
Q104447820	6000000043099677188
Q104447823	6000000111432832821
Q104447824	6000000025439007133
Q104447825	6000000042943265710
Q104447827	6000000062299423906
Q104447828	6000000038507586628
Q104447830	6000000031090743126
Q104447831	6000000016821132074
Q104447832	6000000178592169900
Q104447833	6000000074300217915
Q104447834	6000000054060957891
Q104447835	6000000139648405858
Q104447837	6000000114036887823
Q104447839	6000000017242908632
Q104447841	6000000031090139555
Q104447842	6000000073377640278
Q104447843	6000000031090090439
Q104447844	6000000200806562839
Q104447850	6000000141807652904
Q104447851	6000000142046039825
Q104447852	6000000142046064844
Q104447854	6000000089668953824
Q104447855	6000000129271588972
Q104447863	6000000042010738872
Q104447864	6000000110640376849
Q104447867	6000000085336651821
Q104447868	6000000089668090140
Q104447869	6000000022119073380
Q104447871	6000000110640071871
Q104447872	6000000047494583840
Q104447873	6000000068056097938
Q104447874	6000000068055180003
Q104447875	6000000030262855150
Q104447876	6000000068202837833
Q104447888	6000000019832379222
Q104447889	6000000042006008959
Q104447891	6000000139993138848
Q104447892	6000000042003493119
Q104447893	6000000081944620834
Q104447896	6000000140061192957
Q104447897	6000000081945116821
Q104447902	6000000202777005894
Q104447903	6000000129271876910
Q104447906	6000000016789013695
Q104447907	6000000015440947280
Q104447908	6000000022972024970
Q104447913	6000000007559616465
Q104447915	6000000007559228967
Q104447918	6000000081483558494
Q104447919	6000000007559316173
Q104447920	6000000007559561424
Q104447923	6000000085402657901
Q104447924	6000000085399162893
Q104447926	6000000019290827609
Q104447927	6000000052001704900
Q104447928	6000000055343977888
Q104447937	6000000187904085889
Q104447938	6000000187904138846
Q104447939	6000000046518353324
Q104447942	6000000056222236828
Q104447943	6000000056221616096
Q104447951	6000000186717241896
Q104447952	6000000099731300822
Q104447954	6000000011840133718
Q104447955	6000000099729771821
Q104447960	6000000186716323008
Q104447961	6000000026653324262
Q104447964	6000000172750738928
Q104447965	6000000186717394839
Q104447967	6000000026664364059
Q104447968	6000000026653152395
Q104447972	6000000080333462016
Q104447974	6000000099731612835
Q104447981	6000000105880761069
Q104447986	6000000025125886395
Q104447990	6000000138032167832
Q104447995	6000000138025300835
Q104447997	6000000127278195832
Q104447999	6000000127275024821
Q104448001	6000000127273609929
Q104448003	6000000196992724890
Q104448004	6000000033285019515
Q104448005	6000000078168971006
Q104448006	6000000127613872901
Q104448020	6000000020492659307
Q104448024	6000000068273223857
Q104448028	6000000186717513845
Q104448031	6000000017778604723
Q104448033	6000000110426862861
Q104448035	3922379988250034513
Q104448036	6000000075658698988
Q104448038	6000000018916743361
Q104448042	6000000208168775876
Q104448049	6000000023441015010
Q104448051	6000000038041771590
Q104448057	6000000020354410037
Q104448059	6000000038042245108
Q104448061	3922365704010110651
Q104448070	6000000178708808874
Q104448077	6000000037748243856
Q104448079	3922357880750066734
Q104448080	6000000039849072142
Q104448085	6000000020354227237
Q104448090	6000000002388870498
Q104448093	6000000019021830694
Q104448095	6000000065608983987
Q1044481	6000000008593654013
Q104448103	6000000076121912859
Q104448107	6000000192290415823
Q104448108	3922359749510066739
Q104448111	6000000037842826055
Q104448115	6000000037369789501
Q104448116	6000000024065793789
Q104448123	6000000065609387837
Q104448124	6000000037843297821
Q104448125	6000000215546433831
Q104448128	6000000192289458840
Q104448133	6000000020354414377
Q104448136	6000000042730534717
Q104448139	6000000033675723418
Q104448147	6000000011548861640
Q104448148	6000000017536389054
Q104448150	6000000035514518326
Q104448151	6000000049400918115
Q104448152	6000000068518842062
Q104448153	6000000075059487964
Q104448154	6000000009527591642
Q104448155	6000000068519542836
Q104448156	6000000031225828856
Q104448157	6000000019026827016
Q104448158	6000000000340908506
Q104448167	6000000171790645841
Q104448168	6000000080822048009
Q104448169	6000000171537996226
Q104448170	6000000018549493754
Q104448171	6000000035346518257
Q104448173	6000000062356035831
Q104448180	6000000080821493215
Q104448181	6000000171491670157
Q104448183	6000000017536372022
Q104448184	6000000063295769998
Q104448185	6000000171554583846
Q104448187	6000000035543664997
Q104448188	6000000039483450065
Q104448189	6000000034843859845
Q104448190	6000000035540798577
Q104448192	6000000035540208163
Q104448194	6000000018224434324
Q104448195	6000000171541693048
Q104448196	6000000044247712942
Q104448197	6000000035345956794
Q104448200	6000000080248392906
Q104448202	6000000171754188281
Q104448204	6000000171538607034
Q104448206	6000000038529294863
Q104448207	6000000029999112727
Q104448208	6000000171491802092
Q104448210	6000000171554827922
Q104448211	6000000171535025974
Q104448212	6000000062355809962
Q104448214	6000000044495684936
Q104448215	6000000051914311177
Q104448216	6000000017536335085
Q104448217	6000000023727483472
Q104448219	6000000035347106293
Q104448221	6000000035541630017
Q104448224	6000000019283953165
Q104448225	6000000017843963066
Q104448228	6000000068519308954
Q104448229	6000000021773508167
Q104448230	6000000048376672844
Q104448231	6000000189290930822
Q104448232	6000000189289904881
Q104448233	6000000189291165823
Q104448234	6000000189290521837
Q104448237	6000000044259544821
Q104448238	6000000075790317992
Q104448244	6000000071668724870
Q104448247	6000000072878818095
Q104448248	6000000019631908212
Q104448254	6000000021495220474
Q104448256	6000000071668800828
Q104448257	6000000005007861711
Q104448258	6000000073051991751
Q104448262	6000000074783271325
Q104448263	6000000074757212870
Q104448266	6000000074757572319
Q104448274	6000000067466154848
Q104448278	6000000073790731821
Q104448279	6000000073812108876
Q104448282	6000000074783710098
Q104448286	6000000083956769980
Q104448287	6000000083953542580
Q104448288	6000000083956192358
Q104448295	6000000050680873037
Q104448296	6000000056232521836
Q104448300	6000000202831243848
Q104448301	6000000091721354362
Q104448302	6000000067882206881
Q104448303	6000000040545627856
Q104448304	6000000056231398999
Q104448306	6000000050680403038
Q104448309	6000000092282128176
Q104448310	6000000056231215043
Q104448313	6000000091722315007
Q104448321	6000000010982418363
Q104448322	6000000180964109829
Q104448323	6000000180963958830
Q104448324	6000000180964212827
Q104448325	6000000013211098109
Q104448330	6000000034116289141
Q104448333	6000000055996574821
Q104448345	6000000078098957264
Q104448347	6000000199596618825
Q104448349	6000000199582531835
Q104448350	6000000044277064860
Q104448351	6000000037749015287
Q104448352	6000000066902166829
Q104448353	6000000020330474711
Q104448354	6000000195658630835
Q104448357	6000000195655776823
Q104448359	6000000015135714119
Q104448360	6000000014815161973
Q104448362	6000000076357353256
Q104448363	6000000057991977875
Q104448364	6000000048215437863
Q104448365	6000000057990668931
Q104448366	6000000059115414826
Q104448367	6000000223377058863
Q104448369	6000000060486243842
Q104448370	6000000014831732380
Q104448371	6000000037748967298
Q104448373	6000000020054344446
Q104448374	6000000044794117874
Q104448375	6000000200945028842
Q104448378	6000000015802544299
Q104448389	6000000182375893835
Q104448393	6000000182375666856
Q104448402	6000000073381656888
Q104448404	6000000035941250309
Q104448405	6000000018775599452
Q104448406	6000000039402930546
Q104448409	6000000001029006368
Q104448410	6000000032286220821
Q104448411	6000000087903671948
Q104448412	6000000156093062834
Q104448414	6000000156096032853
Q104448416	6000000039381309766
Q104448420	6000000018775774025
Q104448421	6000000001029066316
Q104448423	6000000156096093821
Q104448424	6000000039400829841
Q104448425	6000000206784871848
Q104448428	6000000001029081048
Q104448429	6000000039403242941
Q104448430	6000000001029098017
Q104448431	6000000044472535449
Q104448433	6000000201285688821
Q104448436	6000000012107462626
Q104448438	6000000037749586827
Q104448439	6000000031379349850
Q104448441	6000000084986104107
Q104448443	6000000034209017852
Q104448444	6000000047550610223
Q104448445	6000000015015273896
Q104448446	6000000014504568531
Q104448447	6000000037460007802
Q104448448	6000000069598832233
Q104448449	6000000014122259035
Q104448450	6000000019545512116
Q104448451	6000000018886090336
Q104448452	6000000034212128523
Q104448453	6000000035699318647
Q104448454	6000000063298094007
Q104448457	6000000026450825902
Q104448460	6000000050691164174
Q104448461	6000000034749662531
Q104448464	6000000059221082949
Q104448468	6000000017816390550
Q104448469	6000000081527753857
Q104448472	6000000035022203577
Q104448473	6000000035699527632
Q104448476	6000000034212494016
Q104448477	6000000034208716420
Q104448480	6000000003894257963
Q104448481	6000000029491594945
Q104448482	6000000034750583834
Q104448483	6000000026448974526
Q104448484	6000000035699530484
Q104448485	6000000081528857120
Q104448486	6000000037259171838
Q104448489	6000000034212566941
Q104448492	6000000035699604509
Q104448496	6000000019765411837
Q104448497	6000000018444238030
Q104448498	6000000019350204089
Q104448499	6000000034212636836
Q104448502	6000000099749231823
Q104448504	6000000192291826822
Q104448506	6000000064159450832
Q104448507	6000000027686712451
Q104448508	6000000072571707132
Q104448509	6000000034209018837
Q104448511	6000000015001710837
Q104448513	6000000021531858249
Q104448514	6000000032213045347
Q104448519	6000000018443405854
Q104448520	6000000037749901251
Q104448521	6000000048802875941
Q104448522	6000000091664157290
Q104448524	6000000047791454888
Q104448528	6000000204032843831
Q104448529	6000000037767062403
Q104448530	6000000018444325364
Q104448535	6000000002765603143
Q104448536	6000000042912462382
Q104448537	6000000030814736855
Q104448540	6000000019287424712
Q104448542	6000000015015677646
Q104448545	6000000098079436884
Q104448548	6000000178378245825
Q104448553	6000000034750051181
Q104448557	6000000059221101938
Q104448559	6000000046380366875
Q104448560	6000000090360607920
Q104448564	6000000036382021231
Q104448567	6000000081528842197
Q104448569	6000000047790189053
Q104448570	6000000050692330063
Q104448573	6000000089532988871
Q104448574	6000000089532527855
Q104448575	6000000089533074874
Q104448576	6000000089532291842
Q104448579	6000000077143228794
Q104448580	6000000075555864815
Q104448583	6000000211588993838
Q104448584	6000000034129244113
Q104448585	6000000014407502669
Q104448586	6000000014346801441
Q104448587	6000000071153500858
Q104448588	6000000096691616896
Q104448592	6000000186260731226
Q104448593	6000000075557070129
Q104448594	6000000193419503832
Q104448595	6000000076826466513
Q104448599	6000000075557460851
Q104448602	322586355040007423
Q104448603	6000000019438695262
Q104448604	6000000015697700260
Q104448606	322585745700006376
Q104448607	6000000100546442821
Q104448608	6000000019438162747
Q104448612	6000000034129224137
Q104448613	6000000096886660833
Q104448614	6000000096687792889
Q104448616	6000000100552639851
Q104448617	6000000114818316827
Q104448620	6000000100552737836
Q104448622	6000000096889896822
Q104448627	322587065400002363
Q104448628	6000000002765687493
Q104448629	6000000002802245377
Q104448631	6000000044256926693
Q104448633	6000000033381788128
Q104448634	6000000178022043821
Q104448635	6000000192497415862
Q104448636	6000000181817203821
Q104448637	6000000192498255821
Q104448638	6000000010431500592
Q104448639	6000000055745064882
Q104448640	6000000186399504865
Q104448643	6000000020054385488
Q104448645	6000000020054317112
Q104448646	6000000014902487503
Q104448649	6000000014904012243
Q104448650	6000000049691721855
Q104448651	6000000032688366489
Q104448652	6000000049718971868
Q104448654	6000000178040311823
Q104448656	6000000171795840824
Q104448658	6000000049719040823
Q104448659	6000000049691560942
Q104448665	6000000021119119829
Q104448666	6000000024829538893
Q104448667	6000000024824257543
Q104448669	6000000024826680426
Q104448678	6000000197611081821
Q104448684	6000000018929548130
Q104448686	6000000041827171222
Q104448687	6000000101302529471
Q104448688	6000000101302856326
Q104448689	6000000041827015491
Q104448690	6000000101304348870
Q104448691	6000000077714772974
Q104448696	6000000063921685294
Q104448697	6000000013370285127
Q104448698	6000000009484561498
Q104448699	6000000013955732209
Q104448700	6000000028031209551
Q104448701	6000000041114607140
Q104448703	6000000180649836850
Q104448706	6000000052580523901
Q104448707	6000000119583960896
Q104448708	6000000009096463971
Q104448712	6000000187073322823
Q104448713	6000000020628405457
Q104448714	6000000119578376863
Q104448716	6000000018645169078
Q104448718	6000000134910169883
Q104448722	6000000009098617310
Q104448725	6000000013665546391
Q104448727	6000000040730195407
Q104448728	6000000087903770911
Q104448729	6000000009098247589
Q104448733	6000000040565776848
Q104448738	6000000040729722291
Q104448742	6000000052523350893
Q104448743	6000000034585815895
Q104448744	6000000119578376821
Q104448745	6000000181369526840
Q104448747	6000000133128004910
Q104448748	6000000030842502528
Q104448749	6000000076241301835
Q104448751	6000000036248083119
Q104448752	6000000018606778567
Q104448754	6000000018645279128
Q104448755	6000000134807402086
Q104448756	6000000042000945193
Q104448759	6000000035832329862
Q104448761	6000000035831280270
Q104448767	6000000016943774734
Q104448771	6000000181371222823
Q104448772	6000000181370083822
Q104448773	6000000068362578841
Q104448775	6000000103515817853
Q104448776	6000000084468742974
Q104448778	6000000181369887827
Q104448782	6000000018607252178
Q104448785	6000000018316884866
Q104448788	6000000035834178284
Q104448789	6000000076241022972
Q104448791	6000000172272238863
Q104448794	6000000087903511056
Q104448796	6000000018646019468
Q104448797	6000000068360657890
Q104448799	6000000068358542839
Q1044488	6000000017595837605
Q104448802	6000000068360752875
Q104448803	6000000021551536355
Q104448804	6000000030877902289
Q104448805	6000000019287269243
Q104448807	6000000014524509691
Q104448809	6000000008113649406
Q104448810	6000000078769737141
Q104448811	6000000078768724462
Q104448813	6000000180793163849
Q104448814	6000000008113757254
Q104448815	6000000072159266876
Q104448816	6000000033316451083
Q104448817	6000000033316519908
Q104448818	6000000054625454941
Q104448821	6000000033316202348
Q104448822	6000000054484455825
Q104448827	6000000001805399016
Q104448830	6000000001805399008
Q104448834	6000000012225826203
Q104448835	6000000002161930005
Q104448836	6000000016161528122
Q104448837	6000000016160302556
Q104448841	6000000037031285100
Q104448842	6000000014528465315
Q104448844	6000000172443083857
Q104448846	6000000172441882378
Q104448847	6000000014983217030
Q104448855	6000000177163005837
Q104448856	6000000177162906831
Q104448861	6000000044182098263
Q104448863	6000000078582040822
Q104448865	6000000078581677918
Q104448867	6000000044181543673
Q104448877	6000000085562556926
Q104448880	6000000069782960914
Q104448882	6000000057266047833
Q104448884	6000000041489425269
Q104448885	6000000041489497892
Q104448886	6000000049450477099
Q104448889	6000000020329825853
Q104448890	6000000030066738613
Q104448895	6000000031392759164
Q104448897	6000000020329434584
Q104448898	6000000014746962028
Q1044489	6000000011403845533
Q104448900	6000000023008995902
Q104448902	6000000027528742498
Q104448904	6000000023008909966
Q104448906	6000000191399827823
Q104448908	6000000023008525636
Q104448910	6000000023008720416
Q104448911	6000000023026787949
Q104448913	6000000020170805282
Q104448914	6000000015508018025
Q104448918	6000000176000461931
Q104448919	6000000032947864817
Q104448920	6000000175997230984
Q104448921	6000000068127423969
Q104448923	6000000020065128831
Q104448924	6000000002352239232
Q104448925	6000000048533398045
Q104448927	6000000184774810827
Q104448928	6000000019661244291
Q104448929	6000000059931017932
Q104448930	6000000020066905233
Q104448931	6000000019661071709
Q104448933	6000000004959789278
Q104448937	6000000002033989666
Q104448939	6000000019402584063
Q104448940	6000000042174558325
Q104448941	6000000019470538707
Q104448942	6000000002033989542
Q104448943	6000000007177116230
Q104448944	6000000186063273175
Q104448945	6000000006188206764
Q104448946	6000000041683732570
Q104448947	6000000041683951875
Q104448948	6000000019375255132
Q104448950	6000000019761973250
Q104448951	6000000009517254459
Q104448952	6000000006188528900
Q104448953	6000000026810281951
Q104448955	6000000020282673207
Q104448956	6000000007176600630
Q104448959	6000000002765697439
Q104448960	6000000019402455856
Q104448964	6000000042195088931
Q104448965	6000000042194703476
Q104448966	6000000026810211393
Q104448967	6000000020311025228
Q104448968	6000000019400502601
Q104448969	6000000019482777744
Q104448970	6000000041991161394
Q104448971	6000000042174339665
Q104448972	6000000019375197254
Q104448973	6000000019314459446
Q104448974	6000000019470661143
Q104448975	6000000007176645796
Q104448977	6000000041991119493
Q104448979	6000000007177058231
Q104448980	6000000020975327173
Q104448981	6000000193883049855
Q104448982	6000000007176887387
Q104448983	6000000019482916292
Q104448984	6000000042194726483
Q104448985	6000000042194815286
Q104448986	6000000019480090853
Q104448987	6000000019402042173
Q104448989	6000000042195391217
Q104448990	6000000020282508416
Q104448991	6000000042174823318
Q104448993	6000000020975182818
Q104448994	6000000041830176740
Q104448995	6000000041830446421
Q104448996	6000000041997232413
Q104448997	6000000042195049141
Q104448998	6000000020975301028
Q104448999	6000000020504790903
Q104449001	6000000020282508428
Q104449003	6000000041997130551
Q104449004	6000000019480334172
Q104449005	6000000031417665990
Q104449006	6000000034436030071
Q104449007	6000000071375235982
Q104449008	6000000033853912850
Q104449009	6000000034436235085
Q104449010	6000000016064626695
Q104449011	6000000051429672981
Q104449013	6000000034253342426
Q104449015	6000000034436015244
Q104449016	6000000007076257320
Q104449017	6000000078048507933
Q104449018	6000000017526051075
Q104449019	6000000017526025170
Q104449021	6000000034435409731
Q104449022	6000000021746188826
Q104449023	6000000036306063554
Q104449024	6000000051428160877
Q104449025	6000000016064048994
Q104449028	6000000007084533846
Q104449033	6000000052042581965
Q104449035	6000000051604634844
Q104449039	6000000033518841277
Q104449042	6000000033849292271
Q104449043	6000000018658172297
Q104449044	6000000019856216120
Q104449046	6000000145973432911
Q104449048	6000000051389687863
Q104449052	6000000025293719192
Q104449055	6000000051501673878
Q104449057	6000000115013249072
Q104449058	6000000034436129879
Q104449061	6000000016063716523
Q104449062	6000000034291599004
Q104449063	6000000018657969030
Q104449066	6000000034291583148
Q104449067	6000000016064837040
Q104449068	6000000051389215389
Q104449070	6000000145970594981
Q104449075	6000000018658203206
Q104449078	6000000067192883871
Q104449079	6000000051334846880
Q104449080	6000000020354029792
Q104449083	6000000145973432015
Q104449085	6000000051389641084
Q104449086	6000000077511355220
Q104449089	6000000075898299954
Q104449092	6000000007212819342
Q104449093	6000000077421451215
Q104449096	6000000190260859826
Q104449098	6000000077324585115
Q104449099	6000000032931597646
Q104449101	6000000024946507157
Q104449105	6000000126444733865
Q104449106	6000000022348798382
Q104449107	6000000060595673934
Q104449109	6000000079676904852
Q104449110	6000000083128741944
Q104449111	6000000007212819454
Q104449112	6000000200479460823
Q104449115	6000000031181342985
Q104449116	6000000020292748082
Q104449118	6000000007212819393
Q104449120	6000000075409046547
Q104449121	6000000077421329158
Q104449122	6000000083127708400
Q104449131	6000000010219279966
Q104449135	6000000009392770425
Q104449136	6000000015126450678
Q104449137	6000000104894955060
Q104449138	6000000024755121836
Q104449139	6000000018224319313
Q104449140	6000000102781514971
Q104449141	6000000060596273829
Q104449152	6000000089087510854
Q104449155	6000000171855192575
Q104449157	6000000022348702443
Q104449164	6000000060595031223
Q104449165	6000000010170358220
Q104449166	6000000021557236655
Q104449168	6000000068912423845
Q104449170	6000000202333591825
Q104449172	6000000181527789824
Q104449178	6000000026791519388
Q104449179	6000000044166251248
Q104449180	6000000041708897862
Q104449184	6000000079676332951
Q104449185	6000000018224526176
Q104449191	6000000180734701837
Q104449193	6000000086762685210
Q104449195	6000000020292887825
Q104449197	6000000080495363831
Q104449198	6000000207115693822
Q104449200	6000000058124460188
Q104449202	6000000176012000835
Q104449204	6000000182434431822
Q104449207	6000000086763751864
Q104449208	6000000068912665867
Q104449213	6000000047611745843
Q104449217	6000000200525475910
Q104449219	6000000025165510857
Q104449220	6000000058124911985
Q104449221	6000000031199141128
Q104449222	6000000077421596939
Q104449224	6000000016935753105
Q104449225	6000000076597283835
Q104449230	6000000032931808093
Q104449232	6000000002388915251
Q104449235	6000000018259303788
Q104449237	6000000174094220045
Q104449238	6000000147373676831
Q104449239	6000000020748810419
Q104449242	6000000182434443828
Q104449245	6000000079066673547
Q104449246	6000000025893040987
Q104449250	6000000007212819352
Q104449254	6000000190220099841
Q104449256	6000000022420061955
Q104449258	6000000069899556048
Q104449265	6000000041708521220
Q104449266	6000000017616518614
Q104449267	6000000113891883026
Q104449270	6000000025892797119
Q104449271	6000000038685668871
Q104449272	6000000019214782088
Q104449274	6000000181527655825
Q104449277	6000000023799551723
Q104449278	6000000068953029821
Q104449280	6000000068940316844
Q104449281	6000000076850868537
Q104449283	6000000033308294053
Q104449284	6000000190219386839
Q104449286	6000000033287418485
Q104449287	6000000185076611845
Q104449288	6000000089080996995
Q104449289	6000000020350239049
Q104449290	6000000024630920090
Q104449292	6000000047553676948
Q104449297	6000000018554765989
Q104449298	6000000013752654362
Q104449299	6000000182433167876
Q104449300	6000000076851019697
Q104449302	6000000176012179829
Q104449304	6000000010170382324
Q104449305	6000000111019454036
Q104449306	6000000022419842292
Q104449307	6000000019214550251
Q104449308	6000000017824553354
Q104449309	6000000068912210930
Q104449313	6000000086762795021
Q104449314	6000000033388086498
Q104449318	6000000147372636822
Q104449328	6000000177795114823
Q104449335	6000000182434682829
Q104449336	6000000024903205328
Q104449337	6000000049998641059
Q104449339	6000000033446696078
Q104449341	6000000037476941116
Q104449343	6000000122490823823
Q104449345	6000000035022674085
Q104449346	6000000055628114968
Q104449348	6000000033446322473
Q104449350	6000000079423081950
Q104449352	6000000095667795840
Q104449353	6000000182434505837
Q104449354	6000000037477227001
Q104449355	6000000053896512179
Q104449356	6000000028352990948
Q104449360	6000000182434727843
Q104449361	6000000041996657191
Q104449362	6000000070723123933
Q104449363	6000000056799305859
Q104449364	6000000041996495638
Q104449365	6000000070723333926
Q104449366	6000000030549936292
Q104449368	6000000030550334222
Q104449370	6000000016075242668
Q104449371	6000000030551770408
Q104449373	6000000030550337114
Q104449374	6000000030553308521
Q104449378	6000000048558912829
Q104449379	6000000050015218844
Q104449380	6000000050015651044
Q104449382	6000000059602694965
Q104449383	6000000059602519127
Q104449384	6000000059603906848
Q104449386	6000000059603624951
Q104449388	6000000040251363318
Q104449390	6000000019320223421
Q104449392	6000000013752319905
Q104449394	6000000019319729605
Q104449396	6000000019319032062
Q104449397	6000000019320354193
Q104449398	6000000019320069967
Q104449399	6000000019320045358
Q104449400	6000000031940042382
Q104449401	6000000109692720043
Q104449402	6000000170063348246
Q104449404	6000000031939982409
Q104449405	6000000170064396864
Q104449409	6000000087503022430
Q104449411	6000000201841721839
Q104449413	6000000013095446588
Q104449415	6000000020895045950
Q104449416	6000000203979134825
Q104449417	6000000043126837866
Q104449419	6000000034193162807
Q104449421	6000000203978973860
Q104449426	6000000040567768541
Q104449427	6000000203979090829
Q104449428	6000000072340914369
Q104449436	6000000089383724433
Q104449437	6000000022468929617
Q104449438	6000000013403434841
Q104449441	6000000078385458453
Q104449443	6000000035216299422
Q104449444	6000000075444392896
Q104449446	6000000078385859960
Q104449448	6000000078386158834
Q104449450	6000000042453902837
Q104449452	6000000014717462190
Q104449453	6000000013776930510
Q104449456	6000000075445630821
Q104449458	6000000068020434868
Q104449459	6000000013751410422
Q104449461	6000000013751373613
Q104449462	6000000067167487117
Q104449468	6000000084541818976
Q104449469	6000000075444024886
Q104449470	6000000013776962649
Q104449471	6000000078386811742
Q104449472	6000000084790803543
Q104449473	6000000029180588944
Q104449474	6000000021934295538
Q104449475	6000000084791792924
Q104449480	6000000179842846844
Q104449481	6000000164710781163
Q104449485	6000000185696986931
Q104449488	6000000046365601873
Q104449489	6000000013885976917
Q104449490	6000000013469823146
Q104449492	6000000200533923826
Q104449494	6000000058125464970
Q104449498	6000000195788265866
Q104449502	6000000040896267023
Q104449509	6000000015507512302
Q104449514	6000000200535562821
Q104449515	6000000021624523236
Q104449516	6000000014927335611
Q104449517	6000000142583871831
Q104449520	6000000013469819271
Q104449522	6000000014927335616
Q104449523	6000000185695139108
Q104449526	6000000021592589151
Q104449527	6000000019320362038
Q104449529	6000000110426087895
Q104449531	6000000015975823659
Q104449533	6000000104778665842
Q104449534	6000000110426154822
Q104449535	6000000022277907198
Q104449537	6000000021077134253
Q104449539	6000000021077174196
Q104449541	6000000022277726399
Q104449542	6000000027930377077
Q104449555	6000000118384675034
Q104449557	6000000185467699893
Q104449562	6000000107034839882
Q104449564	6000000209622839845
Q104449567	6000000175146361029
Q104449568	6000000090211950873
Q104449569	6000000088453522108
Q104449570	6000000088454053894
Q104449573	6000000174353353040
Q104449579	6000000053237509863
Q104449583	6000000044818078956
Q104449584	6000000044814029854
Q104449585	6000000038791173884
Q104449586	6000000187921738915
Q104449587	6000000117665069839
Q104449589	6000000187922021824
Q104449590	6000000117649011867
Q104449592	6000000174177555872
Q104449595	6000000029078584589
Q104449597	6000000188642944822
Q104449598	6000000201267864824
Q104449599	6000000202600215879
Q104449600	6000000202618254836
Q104449603	6000000079099589413
Q104449604	6000000065760443859
Q104449605	6000000206380338853
Q104449607	6000000201615624834
Q104449608	6000000201263394834
Q104449613	6000000177987077830
Q104449614	6000000177987039821
Q104449615	6000000001445358241
Q104449617	6000000173312581015
Q104449618	6000000173312960949
Q104449619	6000000151763008840
Q104449620	6000000130341239883
Q104449621	6000000105330664025
Q104449622	6000000105325139455
Q104449625	6000000037152002889
Q104449627	6000000079532648869
Q104449628	6000000079531433895
Q104449630	6000000193236521822
Q104449634	6000000038198593196
Q104449636	6000000198406375834
Q104449638	6000000156403573864
Q104449640	6000000089459502868
Q104449643	6000000125856820868
Q104449648	6000000034953978841
Q104449649	6000000035016201932
Q104449652	6000000186277533471
Q104449653	6000000186278787946
Q104449654	6000000038737369652
Q104449657	6000000034142623684
Q104449658	6000000000794966793
Q104449671	6000000174990424000
Q104449672	6000000174990624863
Q104449673	6000000174992477836
Q104449674	6000000033132457021
Q104449675	6000000033132308406
Q104449677	6000000071366323126
Q104449680	6000000199089861844
Q104449681	6000000199098420823
Q104449682	6000000199098093886
Q104449684	6000000091840108973
Q104449687	6000000207981729839
Q104449688	6000000071164046951
Q104449689	6000000187932761842
Q104449690	6000000185833147821
Q104449691	6000000010282337692
Q104449692	6000000015168098485
Q104449693	6000000010282559967
Q104449699	6000000078703118071
Q104449703	6000000212641997827
Q104449704	6000000020380654153
Q104449708	6000000212399470825
Q104449712	6000000071825158889
Q104449714	6000000212400218821
Q104449715	6000000032087387782
Q104449720	339502177520012255
Q104449721	339507551000011058
Q104449723	6000000055787894865
Q104449724	6000000035614502117
Q104449725	6000000179490175831
Q104449726	6000000020319666757
Q104449728	6000000208072154841
Q104449729	6000000208072166836
Q104449730	6000000199061955845
Q104449733	6000000037151763150
Q104449734	6000000037036211572
Q104449736	6000000008658273937
Q104449739	6000000077172751885
Q104449741	6000000081122137729
Q104449742	6000000081123614011
Q104449743	6000000120607828875
Q104449746	6000000023143239943
Q104449750	6000000054363055222
Q104449752	6000000003061834577
Q104449755	6000000182577129825
Q104449756	6000000182577644826
Q104449759	6000000034640964253
Q104449761	6000000187940188835
Q104449762	6000000157008810850
Q104449765	6000000206297877836
Q104449767	6000000048937958056
Q104449768	6000000124423440903
Q104449771	6000000054696126919
Q104449775	6000000037796862109
Q104449777	6000000054913342863
Q104449778	6000000187213007868
Q104449780	6000000124423766881
Q104449782	6000000194073771823
Q104449783	6000000157013908879
Q104449784	6000000187213092841
Q104449786	6000000185669600822
Q104449787	6000000004073761987
Q104449788	6000000036775634751
Q104449790	6000000004073914322
Q104449797	6000000091176825178
Q104449798	6000000091176453180
Q104449799	6000000091177101069
Q104449800	6000000091177936845
Q104449801	6000000033329419000
Q104449804	6000000035136990951
Q104449805	6000000001335756316
Q104449806	6000000010192696626
Q104449808	6000000000336198276
Q104449809	6000000208575829852
Q104449810	6000000018390602037
Q104449812	6000000018390558296
Q104449817	6000000031799126883
Q104449819	6000000048520306878
Q104449820	6000000051312139982
Q104449822	6000000178888395850
Q104449823	6000000029801790742
Q104449824	6000000036640749089
Q104449828	6000000029581202646
Q104449829	6000000189943909933
Q104449830	6000000189944913822
Q104449831	6000000189929474823
Q104449832	6000000189950575837
Q104449833	6000000189929359840
Q104449836	6000000035936549205
Q104449839	6000000003976128658
Q104449840	6000000012479945222
Q104449841	6000000012479713154
Q104449843	6000000175602911911
Q104449854	6000000176081893825
Q104449856	6000000176054557842
Q104449859	6000000001646817582
Q104449861	6000000066753080828
Q104449862	6000000182592329821
Q104449863	6000000077506004972
Q104449867	6000000036503918137
Q104449868	6000000182875691864
Q104449870	6000000042374304100
Q104449875	6000000042590541206
Q104449878	6000000182592129855
Q104449880	6000000187950520878
Q104449883	6000000055389818867
Q104449884	6000000079436371876
Q104449886	6000000033446065096
Q104449889	6000000057255162063
Q104449890	6000000157406347821
Q104449894	6000000018741379085
Q104449895	6000000018741397186
Q104449898	6000000165562098662
Q104449900	6000000086072743830
Q104449901	6000000086072726850
Q104449902	6000000165563747980
Q104449905	6000000047138815913
Q104449907	6000000166538130822
Q104449909	6000000190611187864
Q104449910	6000000077641019974
Q104449911	6000000190719439861
Q104449912	6000000190719845824
Q104449913	6000000190726398869
Q104449914	6000000190724917825
Q104449915	6000000190726752822
Q104449918	6000000177378145870
Q104449919	3846344
Q104449921	6000000015605518046
Q104449923	6000000056677840904
Q104449924	6000000100144041875
Q104449925	6000000100142701116
Q104449926	6000000177378495833
Q104449927	6000000095735961066
Q104449928	6000000101302079919
Q104449929	6000000098833596874
Q104449932	6000000073443324177
Q104449933	6000000002342402122
Q104449934	6000000002340754557
Q104449937	6000000030366814521
Q104449938	6000000078015685522
Q104449940	6000000051811036943
Q104449941	6000000047120895609
Q104449942	6000000021408475317
Q104449943	6000000012946171461
Q104449944	6000000130128538821
Q104449946	6000000199621725824
Q104449948	6000000177652986822
Q104449949	6000000035190680238
Q104449950	6000000069705334899
Q104449952	6000000004403579087
Q104449953	6000000038745905925
Q104449954	6000000038745518356
Q104449955	6000000076213384077
Q104449958	6000000191155683826
Q104449959	4361887488550020139
Q104449960	6000000037107279898
Q104449961	6000000076161907989
Q104449962	6000000007297515618
Q104449964	6000000173877476649
Q104449965	6000000002388830739
Q104449968	6000000030324728560
Q104449969	6000000080589223405
Q104449970	6000000002765265308
Q104449978	6000000009783653512
Q104449985	6000000201057730884
Q104449986	6000000045711476102
Q104449987	6000000030323154503
Q104449989	6000000192656634826
Q104449994	6000000037106790198
Q104449995	6000000207049661892
Q104449997	6000000195944313847
Q104450000	6000000003760817730
Q104450002	6000000045711717107
Q104450004	6000000017925543524
Q104450005	6000000178739476865
Q104450006	6000000205813647877
Q104450007	6000000018221506967
Q104450009	6000000017925398772
Q104450010	6000000205813847860
Q104450015	6000000079591322010
Q104450016	6000000050232618841
Q104450017	6000000127820002295
Q104450019	6000000050232623863
Q104450021	6000000082055655209
Q104450023	6000000021527468885
Q104450025	6000000020421979937
Q104450026	6000000032133467245
Q104450028	6000000028107046019
Q104450029	6000000021341138999
Q104450030	6000000094074793948
Q104450031	6000000021341097203
Q104450033	6000000021557283667
Q104450034	6000000021557577933
Q104450035	6000000021024400457
Q104450036	6000000021559329159
Q104450040	6000000027413092993
Q104450041	6000000079268836861
Q104450042	6000000043287438837
Q104450046	6000000084828790127
Q104450048	6000000084495927075
Q104450053	6000000084497266018
Q104450059	6000000090311646066
Q104450061	6000000107106352920
Q104450065	6000000007848195351
Q104450066	6000000085599667874
Q104450068	6000000007848158424
Q104450069	6000000006330914405
Q104450071	6000000031697623429
Q104450078	6000000173991027837
Q104450079	6000000173989294227
Q104450083	6000000192322068848
Q104450084	6000000029940889487
Q104450085	6000000030663672140
Q104450088	6000000040697913958
Q104450089	6000000025241689001
Q104450090	6000000068543470873
Q104450091	6000000023007648030
Q104450092	6000000020944584270
Q104450093	6000000019807340361
Q104450094	6000000040710353930
Q104450097	6000000015119713572
Q104450100	6000000020999300040
Q104450101	6000000040462980491
Q104450102	6000000082464674118
Q104450104	6000000075409116856
Q104450105	6000000002764498282
Q104450108	6000000104714888850
Q104450112	6000000180373162856
Q104450119	6000000207951975851
Q104450122	6000000076094027904
Q104450125	6000000036719193042
Q104450127	6000000207985918825
Q104450129	6000000000792843912
Q104450132	6000000042200440025
Q104450136	6000000056586166901
Q104450137	6000000113205406874
Q104450138	6000000056583682934
Q104450139	6000000113205697869
Q104450141	6000000116635296839
Q104450145	6000000033253248759
Q104450148	6000000105300120946
Q104450150	6000000056583728856
Q104450151	6000000186621554877
Q104450153	6000000052643359990
Q104450154	6000000052640184873
Q104450155	6000000025530764242
Q104450157	6000000025533516130
Q104450159	6000000173249668821
Q104450161	6000000079444532124
Q104450165	6000000070694865891
Q104450169	6000000030025306551
Q104450173	6000000083466047574
Q104450174	6000000163572678998
Q104450175	6000000040203938542
Q104450176	6000000012673140710
Q104450178	6000000012804365202
Q104450180	6000000077838340865
Q104450182	6000000163573058839
Q104450185	6000000079612286542
Q104450186	6000000006330849495
Q104450187	6000000012956063612
Q104450188	6000000006727382758
Q104450192	6000000103850997023
Q104450196	6000000186290962040
Q104450197	6000000202528779822
Q104450198	6000000006727467442
Q104450201	6000000212343612891
Q104450202	6000000030754048148
Q104450205	6000000033790448414
Q104450207	6000000006727300517
Q104450208	6000000098973242937
Q104450215	6000000205532077874
Q104450216	6000000029228143958
Q104450217	6000000033677732892
Q104450219	6000000003760864310
Q104450224	6000000073424301867
Q104450225	6000000073424688979
Q104450226	6000000087316056928
Q104450227	6000000180912512842
Q104450228	6000000079240024057
Q104450229	6000000079240305886
Q104450231	6000000180910161925
Q104450233	6000000017638959756
Q104450234	6000000147148594982
Q104450238	6000000147149300854
Q104450242	6000000017638937863
Q104450243	6000000087933005919
Q104450245	6000000180909784915
Q104450248	6000000163824394869
Q104450249	6000000020436073710
Q104450250	6000000027854193441
Q104450251	6000000027854414867
Q104450252	6000000012785173190
Q104450253	6000000027855291774
Q104450254	6000000012784552039
Q104450255	6000000054699474010
Q104450256	6000000020430686427
Q104450257	6000000041693656933
Q104450262	6000000082466247233
Q104450265	6000000208438488825
Q104450266	6000000085819435875
Q104450267	6000000208438237873
Q104450269	6000000207760950829
Q104450270	6000000207760774869
Q104450271	6000000124228871035
Q104450272	6000000031481831372
Q104450274	6000000029663996793
Q104450277	6000000112227782821
Q104450281	6000000174928007085
Q104450283	6000000002678630448
Q104450286	6000000002678626198
Q104450289	6000000075795612126
Q104450290	6000000111845967950
Q104450291	6000000179605537833
Q104450295	6000000055807230922
Q104450296	6000000030289382873
Q104450301	6000000027329574548
Q104450303	6000000028205322834
Q104450304	6000000006704855344
Q104450305	6000000050566718360
Q104450306	6000000182953243840
Q104450311	6000000199622905827
Q104450312	6000000084488292037
Q104450313	6000000006704882323
Q104450314	6000000039690662167
Q104450315	6000000207395925831
Q104450323	6000000196760549873
Q104450326	6000000057262806462
Q104450327	6000000204894818869
Q104450328	6000000078115164187
Q104450329	6000000216604138826
Q104450331	6000000061702466187
Q104450333	6000000095529860844
Q104450334	6000000180097885869
Q104450336	6000000059477006083
Q104450341	6000000057263387027
Q104450349	6000000145986315929
Q104450352	6000000052838956832
Q104450353	6000000208848279903
Q104450354	6000000052838022149
Q104450360	6000000202024307828
Q104450362	6000000205214972963
Q104450363	6000000205207887962
Q104450364	6000000083154792837
Q104450366	6000000024837049699
Q104450369	6000000035928646134
Q104450370	6000000166658892038
Q104450549	6000000047628317821
Q104450577	6000000047627219821
Q104450758	6000000077978174838
Q104450760	6000000077977908027
Q104450761	6000000077978098875
Q104450762	6000000077976813561
Q104450812	6000000022616699744
Q104451146	6000000015521976495
Q104451217	6000000015521970956
Q104451312	6000000015522083459
Q104451319	6000000123519258933
Q104451323	6000000005757402876
Q104451324	4778986339770122739
Q104451339	6000000008162720533
Q104451340	6000000008162436053
Q104451341	6000000003937754726
Q104451342	6000000000426649565
Q104451344	6000000008162868389
Q104451345	6000000017624651186
Q104451367	6000000058733803956
Q104451377	6000000010506058465
Q104451378	6000000011011287142
Q104451379	6000000011011568641
Q104451392	6000000010967151727
Q104451395	6000000002789549845
Q104451398	6000000013269726089
Q104451399	6000000020473833826
Q104451400	6000000007900516754
Q104451401	6000000001853038914
Q104451403	324032113040001405
Q104451404	6000000002474204785
Q104451405	6000000006733269147
Q104451509	6000000110569366926
Q104451580	6000000144186168822
Q104452006	6000000016487037239
Q1044526	6000000182428363827
Q1044529	6000000076616778885
Q104453051	6000000018606035737
Q104454	6000000027195804162
Q1044554	6000000009560449755
Q104457169	6000000029062059025
Q104458	6000000030480649877
Q1044595	6000000008527006425
Q1044616	6000000151462867886
Q1044631	6000000019033525391
Q104463128	6000000011324478446
Q104463859	6000000057080768890
Q1044657	6000000000591460197
Q104467074	6000000110568679962
Q104468007	6000000012030581109
Q104468400	6000000011833297714
Q1044694	6000000166584286918
Q104470094	6000000003559827836
Q104470337	6000000011324416520
Q104470717	6000000003665151014
Q104470813	6000000011324445351
Q104470892	6000000001070259931
Q104471417	6000000100929737827
Q104471420	6000000028104252853
Q104471430	6000000011324129717
Q104471437	6000000001180361137
Q104471586	6000000008517393949
Q104471587	6000000008517737837
Q104471591	6000000008517549940
Q104471594	6000000000806394558
Q104471597	6000000027345701103
Q104471608	6000000007679790690
Q104471616	6000000000806394566
Q104471634	6000000008517832860
Q104471651	6000000006163452490
Q104471655	5226516640630055214
Q104471664	5226516655910055220
Q104472	6000000026533716956
Q104473128	6000000005801267435
Q104473150	6000000005801267421
Q104473178	6000000006736101001
Q104473752	6000000000700947398
Q10447551	6000000140104197423
Q104476266	6000000024746987271
Q104477830	6000000008651330863
Q104477830	6000000190046853432
Q104477830	6000000190047298086
Q104478164	6000000011275428930
Q104478164	6000000190046853438
Q104479037	6000000009458811938
Q104479173	6000000009486826613
Q104481925	6000000041125319536
Q104484321	6000000010132592305
Q104487	6000000073050626959
Q1044903	6000000140187330943
Q104491640	6000000028393640857
Q104491712	6000000041125319476
Q104491765	6000000001180367467
Q10449236	6000000017489314869
Q104499160	6000000009486875334
Q104502018	6000000160040081894
Q104502050	2776851
Q104502197	6000000027774124669
Q104502352	6000000040240391218
Q104502523	6000000023280579385
Q104502934	6000000022854131691
Q104502940	6000000022854774804
Q104503620	6000000053599541997
Q104503628	6000000003463808067
Q104503632	6000000033076287375
Q104503634	6000000082421168613
Q104503644	6000000003463808075
Q104507471	6000000003937876792
Q1045098	6000000024101554180
Q104512484	6000000052418614881
Q104514	6000000025742033140
Q10451584	6000000027815787859
Q10451593	6000000012668432952
Q104516247	6000000184576634821
Q10451687	6000000074744918979
Q104516913	6000000205796692823
Q104517	6000000027737074110
Q104517110	6000000184567140863
Q104517201	6000000184575808940
Q104517355	6000000136235352236
Q104517452	6000000214199717860
Q10451804	6000000074747474965
Q1045182	6000000028109522321
Q104518271	6000000113056142581
Q104518344	6000000124346846822
Q104518350	6000000083821692999
Q104518434	6000000047524930858
Q104518638	6000000025848874113
Q104518648	6000000110420619846
Q104518666	6000000110418488944
Q104518683	6000000110420170821
Q104518699	6000000110419377821
Q104518779	6000000110417285837
Q104518785	6000000037173489418
Q104518791	6000000025430566233
Q104518864	6000000110416168821
Q104518921	6000000110414582821
Q104518924	6000000019373788003
Q104518947	6000000012548958852
Q104518974	6000000110414242821
Q104518995	6000000010683913721
Q104519065	6000000110406901821
Q104519070	6000000110406389825
Q104519078	6000000008415655107
Q104519088	6000000110405748821
Q104519091	6000000110405396821
Q104519093	6000000110404568821
Q104519101	6000000110404192821
Q104519109	6000000110400866821
Q104519124	6000000110400143821
Q104519134	6000000006788387539
Q104519140	6000000035574686995
Q104519201	6000000010336143551
Q104519210	6000000012226546729
Q104519219	6000000040517066821
Q104519311	6000000145834025823
Q104519534	6000000020191884211
Q104519750	4259124
Q104519787	6000000180772771851
Q10452000	6000000075062034852
Q10452048	6000000074685242052
Q104520670	6000000031958987233
Q104520892	6000000012956117371
Q104520940	6000000012955502045
Q104521	6000000035109748989
Q104521173	6000000012955743189
Q104521266	6000000110265151865
Q10452130	6000000074745522964
Q104521369	6000000110264647922
Q10452159	6000000074792705843
Q104521822	6000000110263437835
Q104521837	6000000110262929929
Q104521861	6000000110263303854
Q104521949	6000000014823980780
Q104521979	6000000011459598474
Q104521993	6000000011459594445
Q104522003	6000000004244960194
Q104522013	6000000027874031325
Q104522024	6000000011706762283
Q104522027	6000000011706836278
Q104522032	6000000011324059975
Q104522038	6000000024757919073
Q104522109	6000000011706335344
Q104522119	6000000015395317151
Q104522128	6000000015184398435
Q104522131	6000000034734228297
Q104522154	6000000011324498303
Q104522156	6000000015184434543
Q104522189	6000000015184508258
Q104522195	6000000015395330374
Q104522218	6000000011706766353
Q104522218	6000000024947919726
Q104522255	6000000085795186859
Q104522261	6000000085897656055
Q104522269	6000000085794913952
Q104522417	6000000094084428837
Q104522426	6000000039239819485
Q104522426	6000000087360252247
Q104522429	6000000041469650378
Q104522429	6000000094084263858
Q104522430	6000000094084289837
Q104522440	6000000041469062047
Q104522451	6000000041469559577
Q104522461	6000000019029178759
Q104522473	6000000094083398068
Q104522955	6000000019022277387
Q104522980	6000000196973572824
Q104523179	6000000015395408072
Q104523312	6000000022977395215
Q104523317	6000000083444057962
Q104523359	6000000083443975317
Q104523532	6000000077746823321
Q104523542	6000000077747794178
Q104523547	6000000077748872989
Q104523569	6000000052960331042
Q104523604	6000000083444072891
Q104523661	6000000015387184733
Q104523661	6000000176783424836
Q104523719	6000000023769199379
Q104523735	6000000009372962274
Q104523745	6000000009372965362
Q104523764	6000000023768902637
Q104523804	6000000009856491061
Q104523806	6000000009372767322
Q104523821	6000000009375196642
Q104523852	6000000003680515665
Q104523880	6000000003680636468
Q104523898	6000000009371379018
Q104523909	6000000126824517823
Q104523918	6000000082417575001
Q104523980	6000000130880649836
Q104523980	6000000142414361910
Q104523980	6000000207402402850
Q104523986	6000000005393537795
Q104523990	6000000130880012821
Q104523990	6000000207402480823
Q104524221	6000000084989736176
Q104524225	6000000143752540842
Q104524230	6000000078656391827
Q104524239	6000000143752880860
Q104524243	6000000075695070856
Q104524371	6000000003559799829
Q104524392	6000000022977194437
Q104524407	6000000003559864329
Q104524495	6000000038934087898
Q104524752	6000000022724818657
Q104524865	6000000183589251911
Q104525138	6000000059220850100
Q104525278	6000000190458798050
Q104525283	6000000214970780864
Q104525387	6000000016777518196
Q104525414	6000000182673213936
Q104525991	6000000023780968809
Q104526017	6000000075285414883
Q104527249	6000000011324130085
Q104527441	6000000207400540838
Q104527481	6000000108711561998
Q1045276	6000000166019637836
Q104527638	6000000011400645319
Q104527642	6000000014778434543
Q104527656	6000000008268992897
Q104527667	6000000016681954669
Q104527670	6000000013938757626
Q104527683	6000000039039428010
Q104527839	6000000055969546874
Q104528012	6000000090715586890
Q104528120	6000000209062988823
Q104528684	6000000058477667861
Q104529316	6000000075285486016
Q104529463	6000000181788676821
Q104529504	6000000182103366888
Q104529532	6000000027114773548
Q104529623	6000000162335170829
Q104529858	6000000001489847112
Q104529989	6000000086724342904
Q1045300	6000000141955829843
Q104530076	6000000015560307400
Q104530084	6000000017318050102
Q104530183	6000000020277670794
Q104530265	6000000180791285842
Q104530297	6000000056657159837
Q104530383	6000000016026608662
Q104530433	6000000109752921949
Q104530533	6000000109752174246
Q104530558	6000000060507584891
Q104530574	6000000026884205196
Q104530946	6000000024758016141
Q104530946	6000000045888636858
Q104530979	6000000045889382947
Q104531004	6000000045889233881
Q104531054	6000000038188552163
Q104531054	6000000038238417086
Q104531079	6000000000111478358
Q104531086	6000000013317708563
Q104531092	6000000045901407248
Q104531093	6000000045903192935
Q104531099	6000000018968402293
Q104531112	6000000000351000934
Q104531229	6000000058679698060
Q104531254	6000000003077473075
Q104531255	6000000002889537093
Q104531257	6000000002889537049
Q104531275	6000000003939859820
Q104531277	6000000003939681991
Q104531280	6000000003937971845
Q104531281	6000000003937971796
Q104531282	6000000003938331850
Q104531286	6000000003939672216
Q104531287	6000000001187780182
Q104531288	6000000003939039336
Q104531294	6000000002043367026
Q104531457	6000000003391387202
Q104531459	6000000000336973815
Q104531471	6000000002716095026
Q104531614	6000000027324151617
Q104531624	6000000000915477313
Q104531638	6000000001183698615
Q104531640	6000000001183873476
Q104531641	6000000001183727692
Q104531642	6000000001183818670
Q104531643	4862800366320075756
Q104531644	6000000000978031025
Q104531645	4862800387930028056
Q104531646	6000000016168008932
Q104531647	6000000005879305811
Q104531652	6000000004947504026
Q104531653	4862786373710028054
Q104531655	6000000004382761621
Q104531657	6000000001183976305
Q104531659	6000000001579300973
Q104531674	6000000033557997943
Q104531686	6000000121482525824
Q104531698	6000000109761099840
Q104531700	6000000121479993821
Q104531747	6000000109760453967
Q104532240	6000000180531889825
Q104532626	6000000048695081912
Q104532639	6000000017012225109
Q104533452	6000000000324748498
Q104533798	6000000000920596993
Q104533822	6000000015739931882
Q104534650	6000000179380033840
Q1045347	6000000036254458756
Q104535009	6000000004240720864
Q104535276	6000000010023820279
Q104535462	6000000000487119701
Q104535589	4085077677690073129
Q104535622	4085092783790026522
Q104535880	6000000003753873058
Q104535938	6000000126012840036
Q104536566	6000000085436500021
Q104536663	6000000002580421331
Q104536740	6000000000769966306
Q104536760	307685862730002645
Q104536797	6000000022977414468
Q104536829	6000000008354469282
Q104536830	6000000008354392320
Q104536831	6000000008354031157
Q104536832	6000000003041497871
Q104536835	6000000004382506008
Q104536897	6000000025079667227
Q104536909	6000000001357575538
Q104536912	6000000001357575528
Q104536913	6000000005415373315
Q104536914	6000000015641354663
Q104536948	6000000002860768217
Q104536950	6000000000857820879
Q104536966	6000000001602196378
Q104536969	6000000014673683095
Q104536972	6000000013382351768
Q104537102	6000000003075827182
Q104537103	6000000003075827193
Q104537185	6000000000401128215
Q104537187	6000000038222673865
Q104537188	6000000019446595111
Q104537190	6000000019446404671
Q104537274	6000000019302351551
Q104537359	6000000025968000930
Q104537367	6000000038920674955
Q104537463	6000000000786383066
Q104537493	6000000002422334871
Q104537529	6000000015697207575
Q104537531	6000000015697281422
Q104537532	6000000015697206665
Q104537533	6000000057778843030
Q104537534	6000000001121921771
Q104537536	6000000000770987035
Q104537543	6000000004065105167
Q104537544	6000000003564241345
Q104537545	6000000000082068930
Q104537552	6000000002441198852
Q104537553	6000000003137741839
Q104537559	6000000003221174350
Q104537560	6000000000082319017
Q104537561	6000000003198571798
Q104537562	6000000000770072768
Q104537587	6000000042123943363
Q104537588	6000000051755918002
Q104537589	6000000051756212021
Q104537590	6000000005962489816
Q104537591	6000000002568379487
Q104537633	6000000007454774610
Q104537634	6000000007454774615
Q104537642	6000000007454774619
Q104537659	6000000015745141833
Q104537660	6000000007454825433
Q104537661	6000000007454789462
Q104537871	6000000006161191113
Q104537872	6000000001069551286
Q104537873	6000000005929619653
Q104537875	6000000005930199061
Q104537878	6000000000426694510
Q104537879	6000000000426556348
Q104537964	6000000044246661809
Q104537965	6000000003939681437
Q104537966	6000000002043367303
Q104537970	6000000003939681445
Q104537971	6000000003077156074
Q104537976	6000000006348564011
Q104537982	6000000023091831206
Q104538062	6000000027593048292
Q104538063	6000000003939849934
Q104538065	6000000003937966797
Q104538066	6000000003938331532
Q104538070	6000000003937966804
Q104538071	6000000001450858688
Q104538142	6000000006284614072
Q104538151	6000000003887174699
Q104538152	6000000014576426021
Q104538153	6000000014576353319
Q104538154	6000000041800429129
Q104538160	6000000041800296180
Q104538161	6000000004154106156
Q104538162	6000000000978309740
Q104538273	6000000016442033953
Q104538304	6000000015794408126
Q104538450	6000000016280887008
Q104538459	6000000036341414172
Q104538460	6000000036341239257
Q104538461	6000000184833912833
Q104538482	6000000090936577822
Q104538484	6000000011242995218
Q104538484	6000000090936593835
Q104538731	6000000016644195133
Q104539	6000000123491898822
Q104539456	6000000082016600041
Q104539667	6000000001310147553
Q104540679	6000000024221249419
Q104540769	6000000080260500827
Q104540970	5684646904710040209
Q104541091	6000000174498631379
Q104541099	6000000065853651850
Q104541774	6000000040287300950
Q104541872	6000000017846292896
Q104542280	6000000026893436036
Q104542285	6000000184937069821
Q104542286	6000000089207845859
Q104542287	6000000053338977924
Q104542288	6000000002731118906
Q104542289	6000000184935876919
Q104542300	6000000201606087842
Q104542303	6000000008149918435
Q104542306	6000000002699113164
Q104542308	6000000160133381826
Q104542309	6000000008149864517
Q104542310	6000000203256502849
Q104542311	6000000215493299830
Q104542314	6000000002386394841
Q104542315	6000000202284373856
Q104542316	6000000046127417975
Q104542317	6000000202284560841
Q104542318	6000000188470995888
Q104542319	6000000126218695885
Q104542320	6000000113446208826
Q104542327	340887529280012760
Q104542328	6000000032235501450
Q104542329	6000000018884108112
Q104542330	6000000032216718616
Q104542331	6000000132045257821
Q104542332	6000000026546168908
Q104542334	6000000026921909354
Q104542335	6000000016420178203
Q104542336	6000000132045258821
Q104542337	6000000026538894451
Q104542341	6000000018883684877
Q104542344	5027328991180130433
Q104542346	6000000090444933827
Q104542347	6000000037966258274
Q104542348	6000000045368249891
Q104542349	6000000188004819868
Q104542351	6000000197051917831
Q104542352	6000000083824886967
Q104542353	6000000132043593853
Q104542355	6000000027616523749
Q104542356	6000000007152811324
Q104542358	6000000004338775604
Q104542360	6000000004339016702
Q104542361	6000000016420161809
Q104542368	6000000013040113298
Q104542369	6000000207819217867
Q104542375	6000000084022479316
Q104542382	6000000143571545220
Q104542383	6000000181509532841
Q104542385	6000000025861821712
Q104542386	6000000188591720835
Q104542389	6000000014168580723
Q104542391	6000000014427814604
Q104542392	6000000014427673410
Q104542393	6000000076673733824
Q104542394	6000000051850755854
Q104542395	6000000209686389824
Q104542398	6000000046700489355
Q104542404	5492655715010115426
Q104542405	6000000201378838824
Q104542406	6000000201373735871
Q104542407	6000000117729910928
Q104542408	6000000117730437983
Q104542409	6000000200705470867
Q104542410	6000000189863981827
Q104542412	6000000000962301089
Q104542413	6000000039350535850
Q104542414	6000000033381865105
Q104542415	6000000036038656558
Q104542416	6000000185213663836
Q104542417	6000000035924873827
Q104542418	6000000033382104179
Q104542419	6000000201427063867
Q104542420	6000000032395796608
Q104542422	6000000076917649935
Q104542423	6000000082023234476
Q104542425	6000000076917372986
Q104542427	6000000056223912890
Q104542431	6000000057597040258
Q104542435	6000000031761361257
Q104542436	6000000177370765837
Q104542437	6000000062315525873
Q104542438	6000000031761008572
Q104542439	6000000168841651036
Q104542444	6000000027153600743
Q104542445	6000000026921881723
Q104542446	6000000089164538996
Q104542447	6000000085631365883
Q104542460	6000000089551217024
Q104542462	6000000034603126662
Q104542464	6000000089552566916
Q104542472	6000000069502538039
Q104542473	6000000053260195027
Q104542474	6000000069502139383
Q104542475	6000000045476563931
Q104542476	6000000053259666427
Q104542478	6000000045472286862
Q104542479	6000000185584849624
Q104542482	6000000037793618285
Q104542486	6000000033647111830
Q104542487	6000000027742733202
Q104542489	6000000027893941219
Q104542490	6000000028706517962
Q104542492	6000000034105472926
Q104542496	6000000032744561529
Q104542498	6000000024900830238
Q104542499	6000000181506358975
Q104542501	6000000210272547829
Q104542503	6000000161273511846
Q104542506	6000000039250397910
Q104542507	6000000206099689835
Q104542510	6000000206089668858
Q104542512	6000000206099620850
Q104542513	6000000059939160861
Q104542520	6000000185429379269
Q104542522	6000000185455634874
Q104542523	6000000042290414821
Q104542529	6000000180474054839
Q104542531	6000000188060604834
Q104542532	6000000038001240019
Q104542537	6000000182974626919
Q104542540	6000000069374972090
Q104542541	6000000014985890982
Q104542543	6000000016641244739
Q104542544	6000000016642541015
Q104542545	6000000005241766636
Q104542550	6000000047588886879
Q104542552	6000000017050116990
Q104542554	6000000017050806409
Q104542558	6000000071007899318
Q104542575	6000000196850967821
Q104542576	6000000043971496061
Q104542577	6000000196873436835
Q104542578	6000000043971125389
Q104542582	6000000003758391296
Q104542587	6000000029958133879
Q104542592	6000000150388025945
Q104542593	6000000026841413188
Q104542604	6000000190984656837
Q104542605	6000000043053378850
Q104542610	6000000089508092866
Q104542611	6000000085026442905
Q104542620	6000000189186027824
Q104542625	6000000188039942888
Q104542626	6000000189212710840
Q104542628	6000000172984083451
Q104542629	6000000001666428996
Q104542630	6000000187118677823
Q104542635	6000000046230795140
Q104542641	6000000173672574114
Q104542644	6000000057792731367
Q104542651	6000000034943885569
Q104542652	6000000186122101589
Q104542653	6000000177622499858
Q104542654	6000000069455833821
Q104542656	6000000178989354880
Q104542657	6000000185720058871
Q104542662	6000000185720890845
Q104542665	6000000136308722896
Q104542668	6000000078014568978
Q104542673	6000000164271260534
Q104542677	6000000069458051099
Q104542680	6000000197727018837
Q104542684	6000000189195466829
Q104542687	6000000046242285897
Q104542689	6000000105984550013
Q104542691	6000000207166871848
Q104542692	6000000192353995841
Q104542693	6000000078927163920
Q104542696	6000000038164945941
Q104542698	6000000131756271934
Q104542699	6000000104752822946
Q104542701	6000000191095797895
Q104542704	6000000176834050829
Q104542706	6000000078928598086
Q104542709	6000000104752744962
Q104542710	6000000179009036872
Q104542711	6000000165621083176
Q104542715	6000000074912864107
Q104542716	6000000046156975900
Q104542719	6000000008498341466
Q104542722	6000000034657227074
Q104542727	6000000031116840281
Q104542728	6000000010665654022
Q104542732	6000000192833520867
Q104542733	6000000083865692946
Q104542734	6000000081562350966
Q104542735	6000000040799400870
Q104542738	6000000083770802834
Q104542740	6000000177570471834
Q104542747	6000000027686487437
Q104542752	6000000045712397379
Q104542755	6000000128745103953
Q104542757	6000000111845542835
Q104542764	6000000039598674966
Q104542767	6000000128745480865
Q104542768	6000000091349306833
Q104542769	6000000177944482835
Q104542772	3711264
Q104542773	6000000024505997019
Q104542780	6000000075556936125
Q104542782	6000000037560165909
Q104542783	6000000185952699832
Q104542784	6000000185952241932
Q104542786	6000000185952734834
Q104542787	6000000187777908834
Q104542788	6000000006331149299
Q104542790	6000000006741717911
Q104542791	6000000211741019833
Q104542793	6000000066372045907
Q104542796	6000000204742224829
Q104542797	6000000204773006840
Q104542799	6000000006374391150
Q104542807	6000000001335717028
Q104542809	6000000001335717043
Q104542811	6000000054321163265
Q104542814	6000000192330858822
Q104542815	6000000192330328864
Q104542823	6000000047261507155
Q104542826	6000000030430726083
Q104542828	6000000005382877045
Q104542829	6000000055679417772
Q104542834	6000000043330322019
Q104542836	6000000050169192117
Q104542845	6000000142720912823
Q104542851	6000000079878454543
Q104542859	6000000190429514825
Q104542861	6000000041569517207
Q104542862	6000000201359616896
Q104542865	6000000063398688868
Q104542869	6000000013209638808
Q104542872	6000000148191067828
Q104542873	6000000041569555037
Q104542886	6000000030430736527
Q104542888	6000000043227683887
Q104542889	6000000099637009822
Q104542890	6000000010330906028
Q104542891	6000000176041399868
Q104542894	6000000042348707147
Q1045429	6000000012546633874
Q104542901	6000000059865396854
Q104542902	6000000000475280673
Q104542903	6000000045479598856
Q104542907	6000000013177026865
Q104542909	6000000047260224920
Q104542914	6000000189830305821
Q104542928	6000000210817247824
Q104542946	6000000000825396898
Q104542951	6000000171889125498
Q104542955	6000000000825392480
Q104542958	6000000087907557910
Q104542959	6000000177324951892
Q104542960	6000000054023968941
Q104542962	6000000178535813831
Q104542963	6000000015435374031
Q104542965	4397635
Q104542968	6000000041139844982
Q104542971	6000000041071189390
Q104542976	6000000042383864009
Q104542980	6000000206357016824
Q104542985	6000000002678609372
Q104542987	6000000000825392469
Q104542989	6000000049185567971
Q104542991	6000000033071099941
Q104542994	6000000000086806144
Q104542996	6000000109314092837
Q104542999	6000000172008636993
Q104543	6000000183285403824
Q104543002	6000000126181442858
Q104543008	6000000028025521655
Q104543009	6000000077844222056
Q104543010	6000000041138849783
Q104543013	6000000185553830850
Q104543025	6000000015263370049
Q104543026	6000000175607023822
Q104543027	6000000165978818855
Q104543028	6000000000086645957
Q10454303	6000000075368353862
Q104543033	6000000041087136970
Q104543036	6000000189416565841
Q104543038	6000000189430857877
Q104543043	6000000171555060876
Q104543044	6000000036346291197
Q104543046	6000000160340080840
Q104543050	6000000041411712349
Q104543051	6000000087274964823
Q104543054	6000000110556157946
Q104543055	6000000204202089826
Q104543060	6000000003223282919
Q104543061	6000000072035845913
Q104543063	4265568434240031497
Q104543065	6000000037461442276
Q104543066	6000000077921599099
Q104543068	6000000041138629434
Q104543069	6000000049185462398
Q104543071	6000000139641200895
Q104543075	6000000049186175901
Q104543076	6000000013517949545
Q104543084	6000000049186132909
Q104543085	6000000041086192077
Q104543087	6000000026146864229
Q104543090	6000000005583629547
Q104543094	6000000022862748593
Q104543097	6000000139639148372
Q104543100	6000000156544023834
Q104543102	6000000049786475865
Q104543111	6000000178413266825
Q104543115	6000000177337279943
Q104543119	6000000043785568002
Q104543123	6000000018702461128
Q104543126	6000000138682848823
Q104543127	6000000100993542127
Q104543128	6000000100999566869
Q104543129	6000000008089913298
Q104543130	6000000022665147618
Q104543131	6000000084270930580
Q104543133	6000000005426059120
Q104543136	6000000041632758661
Q104543138	6000000022667221591
Q104543140	6000000078427408299
Q104543141	6000000028279408997
Q104543142	6000000055226180821
Q104543144	6000000206362949821
Q104543146	6000000206362705990
Q104543148	6000000062599233888
Q104543149	6000000106182294842
Q104543150	6000000073625506957
Q104543153	6000000187856383822
Q104543156	6000000187856196831
Q104543157	6000000020360535378
Q104543164	6000000188039439821
Q104543168	6000000078264314833
Q104543169	6000000134692451834
Q104543172	6000000044796623960
Q104543174	6000000058956438920
Q104543181	6000000034234828020
Q104543182	6000000058956734853
Q104543183	6000000058928180346
Q104543187	6000000084728394119
Q104543189	6000000025552114807
Q104543190	6000000179015478843
Q104543192	6000000025121852142
Q104543196	6000000188092558836
Q104543198	6000000025121943906
Q104543202	6000000015263305159
Q104543212	6000000173308604932
Q104543219	6000000025454213483
Q104543220	6000000074902509028
Q104543222	6000000025455004999
Q104543223	6000000025453382237
Q104543224	6000000074903158844
Q104543225	6000000127095246956
Q104543226	6000000127096222834
Q104543228	6000000119900735418
Q104543229	6000000119900503559
Q104543230	6000000092576385122
Q104543231	6000000018154197853
Q104543232	6000000010650096584
Q104543238	6000000050944486937
Q104543239	6000000075648062929
Q104543240	6000000159824384869
Q104543242	6000000021294443082
Q104543243	6000000177868539821
Q104543247	6000000199255206829
Q104543248	6000000014684676593
Q104543251	6000000023441095486
Q104543253	6000000178433028850
Q104543255	6000000047356347564
Q104543256	6000000014341831875
Q104543262	6000000017569114333
Q10454327	6000000075369593821
Q104543271	6000000026601137033
Q104543272	6000000022190895694
Q104543273	6000000077767995694
Q104543274	6000000077768991972
Q104543277	6000000023924172559
Q104543278	6000000018617779379
Q104543279	6000000025003689213
Q104543280	6000000083898026836
Q104543287	6000000065646491983
Q104543289	6000000055910850822
Q104543291	6000000060388212954
Q104543293	6000000026408774349
Q104543295	6000000023794808664
Q104543296	6000000083512947119
Q104543298	6000000019274781054
Q104543299	6000000077384482847
Q104543300	6000000050954781879
Q104543301	6000000052611144957
Q104543302	6000000013430378900
Q104543303	6000000014329913260
Q104543304	6000000066488903857
Q104543305	6000000021062909583
Q104543306	6000000021329680719
Q104543307	6000000068219137842
Q104543311	6000000076772035214
Q104543313	6000000011727602540
Q104543314	6000000042870085626
Q104543315	6000000076926595710
Q104543316	6000000075221440849
Q104543317	6000000075221429836
Q104543318	6000000015633751050
Q104543321	6000000052053035939
Q104543323	6000000060788648925
Q104543327	6000000007008515303
Q104543329	6000000039023691106
Q104543330	6000000065852361886
Q104543331	6000000065855327840
Q104543332	6000000024171590905
Q104543333	6000000024170960689
Q104543334	6000000021251378232
Q104543336	6000000066469801986
Q104543339	6000000026601017095
Q104543340	6000000026600674734
Q104543341	6000000077187725892
Q104543342	6000000077052468084
Q104543343	6000000004055251109
Q104543344	6000000004035824561
Q104543346	6000000079037306997
Q104543347	6000000073351798922
Q104543348	6000000023979892369
Q104543349	6000000023979505787
Q104543350	6000000014880926748
Q104543374	6000000010481476923
Q104543478	6000000089572532840
Q10454350	6000000074726909284
Q104543555	6000000014342121248
Q104543557	353044033350001722
Q104543558	353044937100013015
Q104543562	6000000172547027017
Q104543563	6000000033360933943
Q104543564	6000000033360560692
Q104543571	6000000001834406105
Q104543572	6000000001679285324
Q104543577	6000000040876857185
Q104543578	6000000014342145173
Q104543579	6000000026380302266
Q104543581	6000000027038570991
Q104543583	6000000027050361692
Q104543587	6000000026998724954
Q104543588	6000000026998740913
Q104543589	6000000026998253709
Q104543590	6000000066396003920
Q104543591	6000000076456063348
Q104543595	6000000030214512988
Q104543597	6000000026465618233
Q104543599	6000000026465430657
Q104543602	6000000187038043846
Q104543603	6000000187037675833
Q104543604	6000000187037375836
Q104543607	6000000195255370849
Q104543609	6000000178634502856
Q104543612	6000000078136023180
Q104543613	6000000077768766282
Q104543614	6000000026244441242
Q104543619	6000000070475620870
Q104543620	6000000001834653435
Q104543623	6000000027442637388
Q104543626	6000000073350352305
Q104543627	6000000076831856575
Q104543629	6000000066019277892
Q104543631	6000000076030408161
Q104543632	6000000065637987977
Q104543634	6000000026241449534
Q104543636	6000000020034159400
Q104543638	6000000036167244250
Q104543640	6000000017208373095
Q104543641	6000000044363048706
Q104543647	6000000012690304945
Q104543649	6000000069122470399
Q104543650	6000000068225362831
Q104543651	6000000014341731902
Q104543652	6000000034056347586
Q104543653	6000000023057892463
Q104543654	6000000050080040984
Q104543656	6000000019629063380
Q104543657	6000000020290904103
Q104543660	6000000031362302254
Q104543664	6000000018618148826
Q104543665	6000000025956302784
Q104543667	6000000025956229719
Q104543668	6000000020909478277
Q104543670	6000000030248161975
Q104543672	6000000175713763871
Q104543675	6000000107259486882
Q104543677	6000000018470453328
Q104543678	6000000026419354062
Q104543682	6000000079176034821
Q104543683	6000000020735148515
Q104543684	6000000062610580889
Q104543685	6000000062609884446
Q104543686	6000000078933074413
Q104543687	6000000194680912832
Q104543688	6000000065575129067
Q104543690	6000000066270839926
Q104543692	6000000088697757893
Q104543693	6000000050944471084
Q104543694	6000000076896283964
Q104543695	6000000025956930914
Q104543696	6000000044415585072
Q104543697	6000000018516027405
Q104543698	6000000025928816279
Q104543699	6000000026247877716
Q104543700	6000000026227901006
Q104543702	6000000077996754311
Q104543703	6000000077998373846
Q104543704	6000000077997616506
Q104543705	6000000079322908485
Q104543706	6000000079323535164
Q104543708	6000000030894884674
Q104543710	6000000015381518136
Q104543711	6000000039569729321
Q104543712	6000000014880351188
Q104543713	6000000014879961662
Q104543715	6000000062631082824
Q104543716	6000000100846828847
Q104543717	6000000163449406822
Q104543720	6000000031387611066
Q104543721	6000000076926292460
Q104543725	6000000180733550887
Q104543729	6000000027045149418
Q104543730	6000000114249228356
Q104543731	6000000114250668871
Q104543733	6000000114250134115
Q104543736	6000000027056061537
Q104543737	6000000027056314494
Q104543739	6000000075585902821
Q104543741	6000000178634451856
Q104543742	6000000178638376906
Q104543743	6000000178636628994
Q104543744	6000000075583957908
Q104543745	6000000075583610040
Q104543746	6000000026435110951
Q104543747	6000000078118944403
Q104543752	6000000078955329079
Q104543761	6000000185567672431
Q104543766	6000000058876678839
Q104543772	6000000042708357784
Q104543775	6000000017730030021
Q104543776	6000000035565539133
Q104543778	6000000035564459460
Q104543779	6000000017730014136
Q104543780	6000000018949280278
Q104543782	6000000173481479965
Q104543787	6000000070657524157
Q104543788	6000000070148475205
Q104543789	6000000166542511965
Q104543790	6000000166540967468
Q104543806	6000000065832986821
Q104543807	6000000065831079821
Q104543808	6000000065831672821
Q104543812	6000000071675822954
Q104543813	6000000124643264963
Q104543814	6000000021289074219
Q104543815	6000000047810643028
Q104543816	6000000032839957226
Q104543824	6000000083265219839
Q104543825	6000000021716200860
Q104543826	6000000032839589815
Q104543827	6000000034647908091
Q104543828	6000000188961131821
Q104543829	6000000177622918861
Q104543830	6000000018846464426
Q104543831	6000000122817370940
Q104543833	6000000181284229830
Q104543836	6000000071675393270
Q104543837	6000000083264770180
Q104543839	6000000021289138217
Q104543840	6000000177625085821
Q104543846	6000000083265142858
Q104543847	6000000040036594375
Q104543848	6000000018846202918
Q104543850	6000000083444975266
Q104543855	6000000076444979854
Q104543856	6000000023171162008
Q104543866	6000000001565700263
Q104543867	6000000001565700288
Q104543868	6000000001565700272
Q104543869	6000000001565700280
Q104543872	6000000045983830907
Q104543873	6000000077465999310
Q104543877	6000000181056381824
Q104543878	6000000016608580505
Q104543880	6000000016608544695
Q104543882	6000000016607863804
Q104543883	6000000041972869700
Q104543884	6000000022228539715
Q104543885	6000000022228880988
Q104543886	6000000022228799275
Q104543894	6000000014740930303
Q104543895	6000000041094677613
Q104543896	6000000072981488115
Q104543897	6000000072986703360
Q104543898	6000000072981322285
Q104543899	6000000072981514433
Q104543900	6000000072987340015
Q104543901	6000000156621232909
Q104543902	6000000156621755857
Q104543905	6000000077486091538
Q104543907	6000000077487098460
Q104543909	6000000077487527833
Q104543910	6000000023808488131
Q104543912	4305772695810028116
Q104543915	6000000039922163938
Q104543919	6000000024462781666
Q104543920	6000000018726893116
Q104543921	6000000013612717794
Q104543922	6000000015304732001
Q104543923	6000000015304682130
Q104543926	6000000020571544154
Q104543927	6000000024875653700
Q104543928	6000000050684798076
Q104543929	6000000050684219029
Q104543931	6000000050684246303
Q104543932	6000000045780521045
Q104543934	6000000003603447394
Q104543935	6000000076825415434
Q104543936	6000000036964132255
Q104543937	6000000010398971935
Q104543939	5593398156640108366
Q104543942	6000000019379008683
Q104543943	6000000017576454376
Q104543945	6000000009033733948
Q104543946	6000000073689626829
Q104543947	6000000019377611761
Q104543948	6000000073217939972
Q104543949	6000000000630506149
Q104543950	6000000065174746125
Q104543952	6000000073218135923
Q104543953	6000000015698245025
Q104543954	6000000027816302850
Q104543955	6000000015698139072
Q104543956	6000000066106300998
Q104543957	6000000066106199859
Q104543958	6000000016951697082
Q104543959	6000000050134422847
Q104543960	6000000033465326996
Q104543962	6000000181056236838
Q104543965	6000000035351856465
Q104543969	6000000080603787447
Q104543970	6000000060346550829
Q104543971	6000000060350628830
Q104543972	6000000060358783821
Q104543977	6000000013752494034
Q104543978	6000000019000219494
Q104543979	6000000019000281348
Q104543980	6000000019000287214
Q104543981	6000000077767316692
Q104543982	6000000029924936376
Q104543987	6000000035676327986
Q104543988	6000000069541886832
Q104543989	6000000016531397922
Q104543990	6000000069541729882
Q104543991	6000000026712237969
Q104543992	6000000069797229822
Q104543993	6000000069797141016
Q104543994	6000000075267380954
Q104543996	6000000058923345010
Q104543997	6000000060170200949
Q104544000	6000000058818342276
Q104544001	6000000057356484050
Q104544005	6000000119791381833
Q104544008	6000000058819076892
Q104544009	6000000061094729821
Q104544010	6000000020381063234
Q104544014	6000000203076608848
Q104544016	6000000088138019908
Q104544017	6000000039841163634
Q104544018	6000000039841445967
Q104544019	6000000070073110821
Q104544020	6000000014463364540
Q104544021	6000000063637080967
Q104544022	6000000015304621309
Q104544023	6000000017729847522
Q104544024	6000000019748964644
Q104544026	6000000020170820838
Q104544027	6000000019228135200
Q104544028	6000000024181465637
Q104544029	6000000076822864603
Q104544030	6000000076823193178
Q104544036	6000000203125439823
Q104544039	6000000026600869332
Q104544040	6000000058658041979
Q104544041	6000000065175040938
Q104544042	6000000058669766061
Q104544045	6000000071843319884
Q104544046	6000000021493657027
Q104544049	6000000030899344217
Q104544050	6000000056360132821
Q104544051	6000000030899054643
Q104544052	6000000014822550268
Q104544054	6000000014706262664
Q104544056	6000000014830941155
Q104544057	6000000216057955828
Q104544058	6000000013612805359
Q104544059	359358875120005368
Q104544060	6000000034263082670
Q104544061	6000000079807867150
Q104544062	6000000002474852626
Q104544063	6000000085976609849
Q104544064	6000000085976503838
Q104544065	6000000051522391267
Q104544066	6000000051522642004
Q104544067	6000000034389127920
Q104544068	6000000073319817269
Q104544070	6000000177616496863
Q104544071	6000000034208263889
Q104544072	6000000019158432727
Q104544074	6000000053841199910
Q104544077	6000000053841224335
Q104544080	6000000017062726515
Q104544082	6000000053841388993
Q104544083	6000000130446786936
Q104544092	6000000043483090999
Q104544093	6000000053841217080
Q104544099	6000000026589433552
Q104544101	6000000077380302089
Q104544102	6000000076260662223
Q104544103	6000000021222539692
Q104544104	6000000018058470123
Q104544105	6000000026527442701
Q104544106	6000000026437115062
Q104544107	6000000070955854914
Q104544108	6000000026434635423
Q104544110	6000000026436949307
Q104544113	6000000033082573105
Q104544118	6000000026418493037
Q104544119	6000000018058516102
Q104544123	6000000036167671568
Q104544124	6000000025553104406
Q104544125	6000000025553862271
Q104544127	6000000037835690968
Q104544128	6000000037835672311
Q104544130	6000000030245952081
Q104544131	6000000052055260062
Q104544133	6000000022098176329
Q104544134	6000000022098232183
Q104544140	6000000022937778841
Q104544142	6000000022937749891
Q104544144	6000000018578285826
Q104544148	6000000036923044440
Q104544149	6000000045983692821
Q104544150	6000000174290099179
Q104544152	6000000042050337426
Q104544153	6000000033793257041
Q104544154	6000000045098864003
Q104544155	6000000018856144279
Q104544156	6000000038791071897
Q104544157	6000000010383944859
Q104544159	6000000045099859856
Q104544160	6000000038790932116
Q104544164	6000000045094614836
Q104544166	6000000018856115926
Q104544167	6000000010384006854
Q104544168	6000000038791134861
Q104544170	6000000034982409112
Q104544173	6000000048439585928
Q104544182	6000000192496687825
Q104544192	6000000024772507880
Q104544193	6000000042777149197
Q104544194	6000000048194860946
Q104544195	6000000048253694084
Q104544197	6000000048253409219
Q104544198	6000000048253787943
Q104544205	6000000025956815379
Q104544206	6000000025957046826
Q104544207	6000000050600049932
Q104544208	6000000025956904078
Q104544213	6000000041922630572
Q104544219	6000000147222755060
Q104544229	6000000020771416384
Q104544232	6000000169810388002
Q104544234	6000000169811022946
Q104544237	6000000169811584894
Q104544243	6000000022955316847
Q104544244	6000000022954978423
Q104544245	6000000022955122127
Q104544252	6000000018868409738
Q104544253	6000000018868480508
Q104544255	6000000051968153874
Q104544259	6000000040079520914
Q104544262	6000000077049476028
Q104544263	6000000040079081795
Q104544264	6000000028799037205
Q104544266	6000000171831758652
Q104544267	6000000031431646189
Q104544268	6000000031431735165
Q104544269	6000000190386467834
Q104544271	6000000190386435870
Q104544272	6000000003882438823
Q104544274	6000000205305309848
Q104544279	6000000024212601753
Q104544280	6000000056635062912
Q104544285	6000000022436885704
Q104544286	6000000017483678668
Q104544287	6000000018298836538
Q104544288	6000000018185422415
Q104544290	6000000052539470021
Q104544291	6000000018298913555
Q104544292	6000000058191286918
Q104544293	6000000058191496858
Q104544294	6000000045999778826
Q104544301	6000000174144359986
Q104544302	6000000085197017854
Q104544303	6000000041424133974
Q104544304	6000000041423907301
Q104544305	6000000154828803839
Q104544306	6000000154828618831
Q104544310	6000000036011606714
Q104544311	6000000036011947989
Q104544312	6000000019236077266
Q104544315	6000000125420540938
Q104544317	6000000005583338582
Q104544319	6000000017235917117
Q104544320	6000000017418201726
Q104544321	6000000005580758368
Q104544322	6000000015140139546
Q104544323	6000000005583478740
Q104544324	6000000189405574944
Q104544325	6000000050195292886
Q104544326	6000000015140095837
Q104544327	6000000005583628062
Q104544328	6000000083043814149
Q104544332	6000000164906549161
Q104544335	6000000111875133969
Q104544337	6000000189406718823
Q104544338	6000000007183292062
Q104544339	6000000013773129460
Q104544340	6000000065602842922
Q104544342	6000000001277266022
Q104544343	6000000085395455959
Q104544344	6000000085394151169
Q104544345	6000000085395668099
Q104544346	6000000009152968830
Q104544347	6000000009152753644
Q104544348	6000000009153006371
Q104544349	6000000022984979627
Q104544351	6000000022984956424
Q104544352	6000000044131892585
Q104544353	6000000175171760139
Q104544356	6000000168170407898
Q104544416	6000000082836946861
Q104544418	6000000088131394828
Q104544422	6000000005381215340
Q104544425	6000000079280013855
Q104544427	6000000078937965836
Q104544433	6000000068187780847
Q104544434	6000000127158684855
Q104544435	6000000023964206834
Q104544436	6000000193836169821
Q104544437	6000000026863613640
Q104544440	6000000034543666013
Q104544442	6000000006970192181
Q104544444	6000000074698099902
Q104544445	6000000060418423824
Q104544447	6000000172228024961
Q104544448	6000000059605553940
Q104544450	6000000120332629899
Q104544453	6000000215222960822
Q104544458	6000000094617936837
Q104544462	6000000177164504832
Q104544469	6000000002102006345
Q104544470	6000000035678306197
Q104544471	6000000015635759007
Q104544481	6000000083066701883
Q104544483	6000000076489091016
Q104544484	6000000189194744866
Q104544487	6000000087274630849
Q104544488	6000000036456545531
Q104544491	6000000035838980666
Q104544494	6000000013664122349
Q104544496	6000000052166520833
Q104544497	6000000185063568821
Q104544502	6000000147478556865
Q104544508	6000000071685377448
Q104544509	6000000011375169311
Q104544520	6000000183082953836
Q104544521	6000000035095776207
Q104544522	6000000035095634235
Q104544524	6000000164273161944
Q104544526	6000000164273102956
Q104544536	6000000187394995947
Q104544537	6000000115813739037
Q104544542	6000000129652259877
Q104544543	6000000036321942974
Q104544547	6000000021148510877
Q104544548	6000000201181590823
Q104544551	6000000010061588638
Q104544552	6000000014255509020
Q104544560	6000000201561272839
Q104544563	6000000003094827855
Q104544565	6000000057872130856
Q104544566	6000000091349420833
Q104544568	6000000059858117117
Q104544572	6000000175578855840
Q104544573	6000000177622338848
Q104544581	6000000097939743833
Q104544582	6000000097940376821
Q104544583	6000000205587655834
Q104544586	6000000041476632580
Q104544587	6000000215677742836
Q104544588	6000000080246564870
Q104544591	6000000207208133821
Q104544595	6000000187678850837
Q104544596	6000000201561297089
Q104544598	6000000189189764895
Q104544599	6000000190338545907
Q104544601	6000000041130613983
Q104544602	6000000204949706203
Q104544605	6000000037857274772
Q104544612	6000000209677489856
Q104544613	6000000084324808310
Q104544618	6000000012459271054
Q104544619	6000000051122697975
Q104544620	6000000051122832834
Q104544623	6000000007014458926
Q104544630	6000000192734748851
Q104544635	6000000023795902336
Q104544636	6000000083248986249
Q104544637	6000000194616435822
Q104544638	6000000021679296583
Q104544645	6000000041500259914
Q104544650	6000000194616276840
Q104544652	6000000020975485041
Q104544653	6000000041500300834
Q104544654	6000000033097785932
Q104544655	6000000175583776848
Q104544663	6000000040216488822
Q104544667	6000000010401817725
Q104544668	6000000213687601821
Q104544673	6000000079307844378
Q104544674	6000000025619073624
Q104544678	6000000001576285069
Q104544689	6000000047784219991
Q104544693	6000000047784602850
Q104544697	6000000022616602600
Q104544698	6000000020543134604
Q104544706	6000000021046533956
Q104544708	6000000020023704980
Q104544710	6000000020025772641
Q104544716	6000000017328756866
Q104544718	6000000020573103964
Q104544720	6000000017180424576
Q104544721	6000000019256085297
Q104544722	6000000020987746157
Q104544724	6000000211327933825
Q104544726	6000000211327785849
Q104544728	6000000037833306014
Q104544734	6000000010345034379
Q104544736	6000000014208327737
Q104544743	6000000127355635845
Q104544744	6000000127354479939
Q104544745	6000000184675725823
Q104544748	6000000022290263988
Q104544750	6000000022290164113
Q104544751	6000000013071818864
Q104544753	6000000081058259436
Q104544759	6000000074373796891
Q104544761	6000000189739148827
Q104544767	6000000018306766370
Q104544768	6000000018306782678
Q104544769	6000000018306934341
Q104544772	6000000036469291989
Q104544774	6000000011056412825
Q104544776	6000000187429850823
Q104544777	6000000036469034173
Q104544778	6000000012959332280
Q104544780	6000000012959209503
Q104544785	6000000055380053921
Q104544788	6000000017811737448
Q104544789	6000000017814160183
Q104544795	6000000038069980111
Q104544798	6000000013146941535
Q104544799	6000000078947186997
Q104544807	6000000019348936324
Q104544809	6000000039063212123
Q104544813	6000000022280578693
Q104544814	6000000035705792932
Q104544815	6000000004305945889
Q104544816	6000000004306121119
Q104544817	6000000075788128146
Q104544818	6000000061926291973
Q104544819	6000000061926519884
Q10454482	6000000074716923880
Q104544821	6000000040484550190
Q104544822	6000000040485012989
Q104544824	6000000006864860760
Q104544833	6000000177255472864
Q104544838	6000000009380150455
Q104544842	6000000207711823827
Q104544846	6000000038241502070
Q104544847	6000000038241298561
Q104544849	6000000039378373160
Q104544850	6000000039377678711
Q104544851	6000000039378056014
Q104544853	6000000027648949540
Q104544854	6000000027611462034
Q104544855	6000000027853685821
Q104544856	6000000023198599264
Q104544857	6000000027611253341
Q104544858	6000000027611084206
Q104544861	6000000009606980986
Q104544863	6000000049620991881
Q104544865	6000000049619990846
Q104544866	6000000029715401689
Q104544875	6000000182409699835
Q104544881	6000000008219444292
Q104544882	6000000008219312143
Q104544883	6000000010503002303
Q104544886	6000000023344067945
Q104544888	6000000114958252144
Q104544889	6000000102008551821
Q104544890	6000000102006173934
Q104544891	6000000041902376987
Q104544892	6000000024971186402
Q104544893	6000000041902378292
Q104544906	6000000192316450831
Q104544910	6000000028357674521
Q104544920	6000000009246176107
Q104544921	6000000017856306634
Q104544924	6000000037537291410
Q104544925	6000000094998991821
Q104544937	6000000012504716753
Q104544938	6000000125377792019
Q104544942	6000000019324128907
Q104544944	6000000125378020000
Q104544948	6000000018452813581
Q104544949	6000000010838333662
Q104544953	6000000210208586825
Q104544954	6000000209525774828
Q104544957	6000000052597348941
Q104544959	6000000040886669702
Q104544961	6000000021049005099
Q104544966	6000000037016837404
Q104544967	6000000032815670835
Q104544970	6000000009783153547
Q104544974	6000000094997901857
Q104544976	6000000025397663291
Q104544977	6000000076831984325
Q104544981	6000000076324077456
Q104544983	6000000080809673368
Q104544984	6000000177590491856
Q104544987	6000000026015085490
Q104544988	6000000080887701891
Q104544992	6000000019324014521
Q104545002	6000000103172723861
Q104545014	6000000076325067074
Q104545018	6000000020587521871
Q104545020	6000000033373581219
Q104545022	6000000210110935833
Q104545023	6000000205335505830
Q104545024	6000000026257068833
Q104545025	6000000028471139974
Q104545026	6000000026256248724
Q104545027	6000000026587767644
Q104545029	6000000015374643636
Q104545032	6000000021039428232
Q104545033	6000000030181890241
Q104545034	6000000191503714843
Q104545041	6000000134594806922
Q104545042	6000000194997524833
Q104545043	6000000126546926830
Q104545060	6000000012503972807
Q104545068	6000000182033279837
Q104545073	6000000000157527470
Q104545074	6000000038072771415
Q104545080	6000000012785678349
Q104545083	6000000194439522931
Q104545087	6000000024139535062
Q104545088	6000000194439655867
Q104545090	6000000042349705566
Q104545092	6000000012623020384
Q104545095	6000000204174933829
Q104545099	6000000204176230883
Q104545107	6000000040954631287
Q104545108	6000000181271275839
Q104545110	6000000204175312823
Q104545113	6000000014744906522
Q104545117	6000000012167486559
Q104545119	6000000024632043785
Q104545125	6000000033332986471
Q104545127	6000000013063738301
Q104545129	6000000085762536854
Q104545131	6000000008039807088
Q104545135	316399725170005766
Q104545143	6000000031618686101
Q104545145	6000000017877768859
Q104545154	6000000184809964898
Q104545155	6000000017514215739
Q104545194	6000000129612754225
Q104545203	6000000079417109865
Q104545204	6000000184961867822
Q104545208	6000000024358642659
Q104545211	6000000020895103380
Q104545212	6000000179970952826
Q104545217	6000000018085375264
Q104545218	6000000016897941955
Q104545219	6000000080070410032
Q104545220	6000000080070167279
Q104545222	6000000207146856831
Q104545223	6000000039821470541
Q104545224	6000000016897713778
Q104545225	6000000021088434519
Q104545227	6000000176839076822
Q104545229	6000000203364596850
Q104545231	6000000092781074357
Q104545234	6000000180060188826
Q104545238	6000000020720726318
Q104545249	6000000011713975630
Q104545250	6000000011713898930
Q104545254	6000000090960273943
Q104545255	6000000065041542028
Q104545256	6000000013040047428
Q104545257	6000000209657326880
Q104545259	6000000131757970914
Q104545260	6000000077843781780
Q104545263	6000000181907762908
Q104545265	6000000204374579867
Q104545320	6000000016107090072
Q104545327	6000000019178147946
Q104545328	6000000013886005443
Q104545330	6000000075214047855
Q104545338	6000000205423955176
Q104545341	6000000058125405991
Q104545342	6000000019026735065
Q104545344	6000000014927461734
Q104545350	6000000016127506947
Q104545352	6000000016607308353
Q104545354	6000000059556352001
Q104545355	6000000020859664748
Q104545356	6000000031231566169
Q104545360	6000000058125862830
Q104545367	6000000052562083906
Q104545377	6000000027131681030
Q104545379	6000000043142690864
Q104545385	6000000110426158937
Q104545386	6000000043142228858
Q104545391	6000000096230724123
Q104545392	6000000115534307196
Q104545394	6000000020706253807
Q104545395	6000000085901788949
Q104545396	6000000085902601836
Q104545397	6000000085908960830
Q104545398	6000000025618311459
Q104545399	6000000085833073178
Q104545400	6000000062308435946
Q104545401	6000000025617386744
Q104545403	6000000085910048833
Q104545404	6000000085910799856
Q104545405	6000000085910837899
Q104545414	287060806660008563
Q104545415	6000000015433396462
Q104545418	6000000203980029829
Q104545420	6000000002765705860
Q104545421	6000000015425713248
Q104545423	6000000015433381807
Q104545427	6000000022170861802
Q104545428	6000000022172217942
Q104545430	6000000082790016891
Q104545434	6000000173523672915
Q104545438	6000000015425600717
Q104545440	6000000096618987821
Q104545444	6000000074829904012
Q104545445	6000000037154834965
Q104545451	6000000019658955449
Q104545453	6000000062102500833
Q104545454	6000000061686096821
Q104545456	6000000059650125186
Q104545462	6000000061606132431
Q104545468	6000000003298890210
Q104545473	6000000036604389600
Q104545475	6000000058540093883
Q104545477	6000000177999665832
Q104545481	6000000174494616295
Q104545483	6000000197772375829
Q104545484	4604347571980089755
Q104545485	6000000023924280595
Q104545486	6000000018547320961
Q104545487	6000000003298753549
Q104545488	6000000174493887650
Q104545489	6000000058007724837
Q104545492	6000000036339178312
Q104545494	6000000095383685875
Q104545495	6000000059557866313
Q104545498	6000000017117540152
Q104545502	6000000050173382846
Q104545504	6000000003287221604
Q104545505	6000000058540044836
Q104545510	6000000008772497285
Q104545514	6000000061684209821
Q104545515	6000000003298837339
Q104545516	6000000059654224866
Q104545517	6000000059120481045
Q104545524	6000000084302713217
Q104545526	6000000013743793824
Q104545527	6000000059428344872
Q104545529	6000000059881414888
Q104545531	6000000174493756749
Q104545532	6000000052977315851
Q104545534	6000000075563692025
Q104545541	6000000019843451863
Q104545545	6000000028160524976
Q104545547	6000000040581488338
Q104545549	6000000008772280803
Q104545550	6000000036118461301
Q104545552	6000000013743513862
Q104545554	6000000021540102818
Q104545555	6000000020515353505
Q104545556	6000000154024393884
Q104545558	6000000122472006011
Q104545559	6000000062166955836
Q104545560	6000000061464509821
Q104545561	6000000059880686001
Q104545563	6000000019034894368
Q104545564	6000000059435740880
Q104545566	6000000059499214847
Q104545569	6000000073351973949
Q104545571	6000000055196501918
Q104545574	6000000062167132854
Q104545582	6000000061520080839
Q104545583	6000000010241721823
Q104545586	6000000004058207617
Q104545588	6000000178112151895
Q104545589	6000000014518232276
Q104545590	6000000059957609987
Q104545593	6000000030772967104
Q104545599	6000000048636835684
Q104545600	6000000008772410366
Q104545601	6000000059424021645
Q104545602	6000000150765663917
Q104545606	6000000018330745408
Q104545607	6000000017866778753
Q104545610	6000000018864155401
Q104545613	6000000017993493911
Q104545614	6000000059167774848
Q104545615	6000000084664082500
Q104545625	6000000058876682946
Q104545626	6000000058537223845
Q104545627	6000000057405128950
Q104545628	6000000020547282393
Q104545629	6000000061591718822
Q104545630	6000000057051508916
Q104545631	6000000061462891821
Q104545633	6000000095376274839
Q104545639	6000000023698767559
Q104545648	6000000061482172904
Q104545650	6000000061210597851
Q104545651	6000000059696144861
Q104545653	6000000028857227283
Q104545654	6000000059880718918
Q104545655	6000000059119484021
Q104545656	6000000095383783821
Q104545657	6000000014736257679
Q104545658	6000000059250697073
Q104545661	6000000023700874063
Q104545664	6000000021789105890
Q104545668	6000000185904912886
Q104545671	6000000136064661856
Q104545678	6000000101520426821
Q104545681	6000000180633794874
Q104545683	6000000035521490913
Q104545688	6000000043282947611
Q104545690	6000000088136772112
Q104545691	6000000088137148131
Q104545692	6000000154047841887
Q104545693	6000000154047050904
Q104545699	6000000181380272852
Q104545703	6000000015445178071
Q104545711	6000000019360195160
Q104545712	6000000196606025823
Q104545715	6000000019359746968
Q104545716	6000000019365254532
Q104545717	6000000183823781822
Q104545718	6000000019365530624
Q104545721	6000000183823213843
Q104545725	6000000175714729821
Q104545727	6000000196605947825
Q104545728	6000000209539354850
Q104545733	6000000171705438620
Q104545737	6000000086799345890
Q104545745	6000000086798324215
Q104545752	6000000086798274269
Q104545755	6000000015333827447
Q104545756	6000000018164215593
Q104545761	6000000018162798731
Q104545762	6000000044242955931
Q104545763	6000000022403240353
Q104545766	6000000018163159809
Q104545767	6000000018164097309
Q104545768	6000000018162479665
Q104545771	6000000018169596090
Q104545773	6000000015334031011
Q104545779	6000000024630882209
Q104545781	6000000023839953795
Q104545788	6000000035390048508
Q104545790	6000000077016350579
Q104545798	6000000014463614881
Q104545799	6000000014463702157
Q104545801	6000000019003760331
Q104545803	6000000003283253506
Q104545804	6000000003282280707
Q104545806	6000000014781247797
Q104545810	6000000023058518440
Q104545811	6000000023058606205
Q104545814	6000000043277134325
Q104545815	6000000023743683044
Q104545816	6000000023743393313
Q104545817	6000000033618450583
Q104545819	6000000179693419847
Q104545821	6000000091215025005
Q104545823	6000000059889502069
Q104545827	6000000043276908700
Q104545828	6000000092577130463
Q104545833	6000000092578306825
Q104545834	6000000091214342136
Q104545836	6000000056240434899
Q104545840	6000000173094319854
Q104545842	6000000037058619933
Q104545848	6000000035583377181
Q104545850	6000000035412837850
Q104545853	6000000025845629826
Q104545854	6000000021544579109
Q104545855	6000000062550151892
Q104545857	6000000173092826748
Q104545862	6000000035910475053
Q104545868	6000000015697798413
Q104545872	6000000014882092233
Q104545874	6000000021534291612
Q104545875	6000000025308159059
Q104545882	6000000015698169009
Q104545886	6000000064327291022
Q104545888	6000000014881948877
Q104545891	6000000064492555838
Q104545899	6000000032859239329
Q104545901	6000000062691877836
Q104545902	6000000035887652687
Q104545903	6000000037058635952
Q104545904	6000000035916041394
Q104545907	6000000020549483138
Q104545911	6000000035481788854
Q104545912	6000000017184689087
Q104545913	6000000062561449008
Q104545914	6000000064330551987
Q104545915	6000000063689080045
Q104545916	6000000037058953081
Q104545921	6000000062703779833
Q104545923	6000000044465758474
Q104545924	6000000064584540899
Q104545925	6000000037057955355
Q104546052	6000000071799602958
Q104546053	6000000071801460978
Q104546054	6000000036409520467
Q104546055	6000000013612650530
Q104546056	6000000013612655979
Q104546057	6000000036380518099
Q104546061	6000000065985769867
Q104546063	6000000013612616887
Q104546067	6000000015274072922
Q104546069	6000000015304384829
Q104546071	6000000015304804397
Q104546075	6000000015274290049
Q104546077	6000000084473392860
Q104546078	6000000010590548849
Q104546081	6000000157842747930
Q104546086	6000000087969213876
Q104546088	6000000015125454148
Q104546089	6000000105498709864
Q104546090	6000000043380627137
Q104546093	6000000009034454258
Q104546094	6000000030944272430
Q104546099	6000000015948257947
Q1045461	6000000067687440998
Q104546100	6000000073820513178
Q104546101	6000000074942357860
Q104546104	6000000084470330139
Q104546107	6000000074942710821
Q104546113	6000000042708410407
Q104546114	6000000019750156672
Q104546117	6000000027990524386
Q104546120	6000000026763935883
Q104546126	6000000017689022448
Q104546127	6000000012429319983
Q104546128	6000000028634286293
Q104546131	6000000043380447465
Q104546133	6000000015560996242
Q104546134	6000000010590566795
Q104546137	6000000017690150876
Q104546138	6000000174063280332
Q104546139	6000000120725391821
Q104546140	6000000026763976836
Q104546142	6000000105498703892
Q104546152	6000000009034324898
Q104546154	6000000030870133844
Q104546155	6000000087970114829
Q104546164	6000000178553624863
Q104546167	6000000042709198849
Q104546168	6000000043381565877
Q104546171	6000000082327345010
Q104546173	6000000012429713609
Q104546175	6000000070700255939
Q104546176	6000000019685818866
Q104546180	6000000205117304822
Q104546184	6000000030943912082
Q104546186	6000000178555275846
Q104546190	6000000073823652067
Q104546192	6000000058135831823
Q104546193	6000000138781421160
Q104546194	6000000082345728909
Q104546197	6000000017729950924
Q104546199	6000000019688849036
Q104546201	6000000138786635822
Q104546203	6000000080303787823
Q104546204	6000000010791231147
Q104546205	6000000043381076604
Q104546211	6000000028634456838
Q104546212	6000000073823703947
Q104546215	6000000105498193951
Q104546217	6000000070700167231
Q104546220	6000000019702108380
Q104546223	6000000015125251426
Q104546227	6000000112297773019
Q104546229	6000000028634299043
Q104546236	6000000082346380999
Q104546242	6000000084068802586
Q104546243	6000000082391650263
Q104546247	6000000034605108934
Q104546251	6000000115248957905
Q104546254	6000000043381113999
Q104546262	6000000019688837111
Q104546266	6000000109301717606
Q104546267	6000000018470318557
Q104546269	6000000028634432859
Q104546271	6000000080303526840
Q104546275	6000000028633932723
Q104546276	6000000070700777821
Q104546278	6000000015561033934
Q104546279	6000000098971854856
Q104546281	6000000112299294840
Q104546282	6000000126716706966
Q104546283	6000000015125486019
Q104546285	6000000023197148890
Q104546286	6000000026435152549
Q104546287	6000000031207534939
Q104546289	6000000019701878552
Q104546291	6000000115249394845
Q104546301	6000000115249046932
Q104546302	6000000184125407998
Q104546306	6000000182464083834
Q104546307	6000000030869469041
Q104546308	6000000035691921036
Q104546320	6000000185661895851
Q104546321	6000000041841116518
Q104546333	6000000185654173876
Q104546335	6000000041841566094
Q104546341	6000000044139163974
Q104546342	6000000044139217834
Q104546344	6000000037585834903
Q104546346	6000000042003325780
Q104546349	6000000082527018990
Q104546350	6000000082526951007
Q104546351	6000000177975332822
Q104546353	6000000177975390821
Q104546357	6000000177975295823
Q104546358	6000000001810895883
Q104546360	6000000026614150027
Q104546361	6000000024110725248
Q104546366	6000000077097959243
Q104546368	6000000192531575821
Q104546372	6000000002101972237
Q104546375	6000000198275567833
Q104546380	6000000198263829821
Q104546381	6000000002101825970
Q104546387	6000000002102038167
Q104546391	6000000018948717406
Q104546394	6000000002163847125
Q104546397	6000000002101959452
Q104546399	6000000002101864488
Q104546400	6000000035700649929
Q104546401	6000000015452505909
Q104546403	6000000035228283909
Q104546404	6000000035678010398
Q104546405	6000000035603741966
Q104546406	6000000033308336919
Q104546407	6000000035702018712
Q104546408	6000000035700573220
Q104546411	6000000035700876830
Q104546412	6000000100326583865
Q104546413	6000000035609729952
Q104546416	6000000016413962053
Q104546418	6000000035648502849
Q104546420	6000000076856284293
Q104546422	6000000011366063816
Q104546423	6000000035704003880
Q104546425	6000000035609677055
Q104546426	6000000193845794860
Q104546427	6000000035606233823
Q104546431	6000000124453322891
Q104546432	6000000124453639858
Q104546433	6000000044550993340
Q104546448	6000000041856093402
Q104546449	6000000041924984029
Q104546455	6000000049869956030
Q104546457	6000000049282854830
Q104546458	6000000044338690254
Q104546462	6000000049295934958
Q104546464	6000000015463712680
Q104546466	6000000049865904669
Q104546467	6000000015463875122
Q104546468	6000000049279835908
Q104546472	6000000049279423993
Q104546473	6000000049868043886
Q104546475	6000000075884964821
Q104546476	6000000127157810840
Q104546478	6000000020732949804
Q104546479	6000000043847987917
Q104546480	6000000018414155221
Q104546481	6000000066473725119
Q104546482	6000000075884928894
Q104546484	6000000066472043087
Q104546487	6000000186978405865
Q104546489	6000000097528084003
Q104546490	6000000020732949799
Q104546491	6000000078076154821
Q104546492	6000000020873711698
Q104546493	6000000020732997629
Q104546496	6000000023437940292
Q104546498	6000000065562001873
Q104546499	6000000025400326874
Q104546501	6000000078075318169
Q104546502	6000000065572647937
Q104546503	6000000041926758899
Q104546504	6000000020874818686
Q104546508	6000000074600372883
Q104546509	6000000065561836883
Q104546511	6000000065562261821
Q104546512	6000000023441784154
Q104546514	6000000034515480821
Q104546515	6000000025399737348
Q104546518	6000000015535696538
Q104546519	6000000127156283989
Q104546521	6000000034514373763
Q104546522	6000000002388846638
Q104546523	6000000038661243451
Q104546524	6000000212068474821
Q104546527	6000000043844263995
Q104546532	6000000038661440006
Q104546534	6000000017693089851
Q104546537	6000000003516288431
Q104546543	6000000001363002923
Q104546544	6000000003516371067
Q104546545	6000000027130422119
Q104546549	6000000021011945663
Q104546552	6000000070295506863
Q104546554	6000000055742500832
Q104546555	6000000041862032546
Q104546556	6000000070295550831
Q104546558	6000000055742521821
Q104546564	6000000000620924425
Q104546572	6000000046702419148
Q104546590	6000000036984335149
Q104546591	6000000013741088661
Q104546592	6000000052162687947
Q104546593	6000000052216448892
Q104546594	6000000020054242348
Q104546596	6000000108727289841
Q104546597	6000000013691832691
Q104546598	6000000017553299040
Q104546599	6000000042433886163
Q104546600	6000000042433921296
Q104546601	6000000042434943840
Q104546604	6000000029574358831
Q104546605	6000000118882191821
Q104546612	6000000016814467513
Q104546613	6000000016814735007
Q104546614	6000000058336150865
Q104546632	6000000008169447449
Q104546633	6000000037718576499
Q104546635	6000000032122233479
Q104546636	6000000056175755912
Q104546638	6000000011768413599
Q104546639	6000000092577799229
Q104546643	6000000110711560835
Q104546646	6000000007265610749
Q104546653	6000000052149636882
Q104546654	6000000025985577253
Q104546655	6000000002388880102
Q104546657	6000000025985678860
Q104546665	6000000003113952222
Q104546668	6000000121662876978
Q104546674	6000000204091260821
Q104546677	6000000110710640893
Q104546683	6000000018193752419
Q104546687	6000000013146834615
Q104546689	6000000013146774155
Q104546693	6000000209100018825
Q104546707	6000000204263739863
Q104546708	6000000092579169851
Q104546716	6000000018194059013
Q104546717	6000000092578334978
Q104546737	6000000022280619555
Q104546743	6000000059140191843
Q104546744	6000000034122012425
Q104546745	6000000013641795681
Q104546746	6000000037832506222
Q104546747	6000000094318881946
Q104546748	6000000036906287113
Q104546750	6000000034121933512
Q104546752	6000000201199949849
Q104546753	6000000034122396907
Q104546754	6000000103296736825
Q104546756	6000000036905230555
Q104546758	6000000034122453990
Q104546759	6000000103293882997
Q104546760	6000000050943428656
Q104546761	6000000022177273896
Q104546762	6000000094318217140
Q104546763	6000000050908290964
Q104546769	6000000024061396051
Q104546770	6000000076808776274
Q104546772	6000000037581138188
Q104546773	6000000034581124310
Q104546777	6000000040057489522
Q104546779	6000000015138021950
Q104546780	6000000040058002836
Q104546782	6000000151593693836
Q104546783	6000000002419996830
Q104546784	6000000034514535495
Q104546787	6000000037581194195
Q104546788	6000000012326458758
Q104546790	6000000037581243957
Q104546791	6000000042285369266
Q104546792	6000000016293108207
Q104546797	6000000076807955351
Q104546798	6000000090893032048
Q104546800	6000000018846698483
Q104546805	6000000018663890329
Q104546807	6000000018832423181
Q104546810	6000000018320632167
Q104546811	6000000034584984861
Q104546813	6000000034572936704
Q104546814	6000000076830392615
Q104546820	6000000015138034671
Q104546822	6000000034584204542
Q104546824	6000000034584779961
Q104546825	6000000055579511214
Q104546826	6000000016293030686
Q104546827	6000000182699630873
Q104546829	6000000034584316715
Q104546831	6000000090881346975
Q104546834	6000000085622451014
Q104546835	6000000034499799376
Q104546838	6000000021514605117
Q104546843	6000000197873980850
Q104546853	6000000189275257863
Q104546857	6000000062314303107
Q104546859	6000000037584764691
Q104546860	6000000045664722924
Q104546861	6000000030230136536
Q104546862	6000000018147620354
Q104546864	6000000036251443074
Q104546866	6000000037585085999
Q104546868	6000000018147634775
Q104546872	6000000030230500371
Q104546873	6000000038936509025
Q104546875	6000000026620581346
Q104546876	6000000030230993979
Q104546877	6000000067395659825
Q104546879	6000000067395140994
Q104546882	6000000067395426822
Q104546883	6000000067395422838
Q104546884	6000000067395578822
Q104546885	6000000030927044903
Q104546888	6000000031293894727
Q104546891	6000000030926053630
Q104546892	6000000031210660762
Q104546895	6000000023078430839
Q104546896	6000000108726242928
Q104546897	6000000027648744630
Q104546899	6000000012454431034
Q104546903	6000000032555371053
Q104546905	6000000032555348914
Q104546921	6000000122737886941
Q104546924	6000000024104268480
Q104546930	6000000028518861220
Q104546932	6000000028518563548
Q104546936	6000000181421777905
Q104546938	6000000026261559739
Q104546939	6000000196297477829
Q104546940	6000000026201056917
Q104546941	6000000085247932864
Q104546944	6000000139884544010
Q104546945	6000000139882280822
Q104546947	6000000139890446006
Q104546948	6000000072208555883
Q104546949	6000000072207765907
Q104546950	6000000112815374833
Q104546952	6000000085248015864
Q104546953	6000000070697305966
Q104546954	6000000085247876900
Q104546955	6000000082603027174
Q104546959	6000000175919884850
Q104546960	6000000082602826953
Q104546961	6000000082603870821
Q104546962	6000000068187521834
Q104546963	6000000112814910882
Q104546965	6000000125918961908
Q104546968	6000000139889486066
Q104546972	6000000035347260012
Q104546975	6000000178353343848
Q104546976	6000000042491880564
Q104546980	6000000035347042294
Q104546981	6000000044256843297
Q104546993	6000000052626659977
Q104546994	6000000043828697349
Q104546995	6000000052626888827
Q104546996	6000000052626449918
Q104546997	6000000010789130075
Q104547	6000000012414386817
Q104547000	6000000081984221086
Q104547001	6000000081985880446
Q104547009	6000000040414887424
Q104547014	6000000024971201331
Q104547015	6000000124977003843
Q104547016	6000000024971098361
Q104547019	6000000024971532228
Q104547020	6000000021515619545
Q104547021	6000000015382244453
Q104547022	6000000000363147338
Q104547023	6000000024971369396
Q104547029	6000000015381964395
Q104547030	6000000018316541700
Q104547031	6000000000338958943
Q104547033	6000000024971249509
Q104547034	6000000177387737866
Q104547035	6000000019455260974
Q104547036	6000000091213799917
Q104547037	6000000073844106881
Q104547038	6000000073843921886
Q104547042	6000000181953339821
Q104547045	6000000071539524961
Q104547047	6000000068132869875
Q104547053	6000000041682205784
Q104547054	6000000051385839836
Q104547056	6000000172800845682
Q104547062	6000000044599084833
Q104547063	6000000060495930835
Q104547064	6000000145771960841
Q104547068	6000000071539282294
Q104547069	6000000084074376873
Q104547073	6000000172806922913
Q104547074	6000000042191069969
Q104547075	6000000022700883923
Q104547077	6000000060329848901
Q104547080	6000000178843530831
Q104547083	6000000178324055862
Q104547084	6000000124082312922
Q104547085	6000000068132937004
Q104547088	6000000182475587850
Q104547090	6000000073843490507
Q104547093	6000000124082435865
Q104547098	6000000062875529821
Q104547102	6000000007354966629
Q104547105	6000000007354823677
Q104547108	6000000003518024896
Q104547112	6000000003745214875
Q104547113	6000000046277946837
Q104547118	6000000176723597822
Q104547119	6000000069138344010
Q104547121	6000000012245554724
Q104547134	6000000034154746235
Q104547140	6000000017569217790
Q104547148	6000000015329463896
Q104547149	6000000012346705335
Q104547151	6000000019538403692
Q104547152	6000000110835951827
Q104547153	6000000065646765894
Q104547154	6000000019538429780
Q104547155	6000000065521284833
Q104547157	6000000065528051886
Q104547158	6000000034048874736
Q104547161	6000000177984519956
Q104547162	6000000083402518289
Q104547163	6000000176810335837
Q104547164	6000000017691575419
Q104547168	6000000170674694822
Q104547172	6000000034220965290
Q104547176	6000000007014434752
Q104547178	6000000166386288082
Q104547180	6000000171488341824
Q104547182	6000000021011940765
Q104547183	6000000052565649826
Q104547184	6000000093054299255
Q104547186	6000000019870701738
Q104547204	6000000007607539291
Q104547207	6000000000620801387
Q104547212	6000000176810337837
Q104547214	6000000100439771821
Q104547216	6000000078902995459
Q104547217	6000000170827478133
Q104547218	6000000058364546058
Q104547227	6000000019090256041
Q104547228	6000000090306723100
Q104547230	6000000145775099249
Q104547231	6000000060279725952
Q104547236	6000000021716045389
Q104547239	6000000178104851831
Q104547240	6000000018543772178
Q104547245	6000000090146712903
Q104547248	6000000017689438508
Q104547250	6000000102542688118
Q104547251	6000000002599282348
Q104547261	6000000032504066037
Q104547264	6000000203166945821
Q104547266	6000000084887860562
Q104547267	6000000088084445236
Q104547273	6000000089806257969
Q104547278	6000000158339731866
Q104547284	6000000069814031999
Q104547285	6000000177718871859
Q104547286	6000000043215225152
Q104547287	6000000104728637943
Q104547292	6000000034221330947
Q104547293	6000000021011773528
Q104547294	6000000098247135067
Q104547295	6000000058364708070
Q104547297	6000000081619316840
Q104547298	6000000137141717836
Q104547308	6000000081024538962
Q104547309	6000000000528670294
Q104547311	6000000085445051833
Q104547314	6000000019262087919
Q104547316	6000000014272177091
Q104547318	6000000177701735829
Q104547319	6000000077618841844
Q104547323	6000000042803255956
Q104547324	6000000038816553088
Q104547330	6000000077107038261
Q104547331	6000000177700872823
Q104547335	6000000047542560823
Q104547336	6000000074282120520
Q104547341	6000000084405392226
Q104547342	6000000078902809367
Q104547346	6000000050953664010
Q104547348	6000000077107480480
Q104547350	6000000088086174835
Q104547351	6000000180982134901
Q104547353	6000000034220762408
Q104547355	6000000171750415905
Q104547356	6000000013752613985
Q104547357	6000000182258810837
Q104547359	6000000084503360827
Q104547360	6000000154171711838
Q104547362	6000000201299473922
Q104547365	6000000104728854826
Q104547366	6000000089807960825
Q104547368	6000000166386340897
Q104547370	6000000082526122817
Q104547374	6000000078710012021
Q104547379	6000000037752747082
Q104547380	6000000073851331067
Q104547381	6000000036747985585
Q104547382	6000000018164517021
Q104547389	6000000035174745174
Q104547393	6000000039336103819
Q104547398	6000000089807872885
Q104547399	6000000080063673982
Q104547402	6000000187023190828
Q104547403	6000000077107443040
Q104547407	6000000208290320838
Q104547408	6000000017062692707
Q104547412	6000000137142184851
Q104547413	6000000082986043087
Q104547415	6000000022824403973
Q104547419	6000000178104751830
Q104547422	6000000037592893622
Q104547424	6000000013752757322
Q104547427	6000000074337596177
Q104547428	6000000012119720273
Q104547429	6000000008702006825
Q104547441	6000000077107102650
Q104547444	6000000101331085066
Q104547448	6000000072073606253
Q104547449	6000000201300135848
Q104547450	6000000019341977080
Q104547456	6000000041007541282
Q104547459	6000000109028763910
Q104547460	6000000041996245996
Q104547462	6000000032493695020
Q104547463	6000000024140439991
Q104547464	6000000003894383317
Q104547468	6000000158340278844
Q104547470	6000000079684211955
Q104547474	6000000094509345830
Q104547476	6000000066658005263
Q104547477	6000000016435731545
Q104547480	6000000040730811948
Q104547482	6000000014684304412
Q104547483	6000000033646217229
Q104547487	6000000053843416828
Q104547490	6000000085079396257
Q104547491	6000000047810666879
Q104547498	6000000129891204971
Q104547499	6000000017165971631
Q104547507	6000000007399901745
Q104547512	6000000002673332436
Q104547516	6000000035884437889
Q104547517	6000000201330816884
Q104547519	6000000085444890848
Q104547524	6000000082527827147
Q104547526	6000000000620640879
Q104547527	6000000175847622826
Q104547528	6000000137141657901
Q104547535	6000000177700852829
Q104547536	6000000036728936814
Q104547537	6000000180341810870
Q104547540	6000000052319843906
Q104547541	6000000081588834004
Q104547543	6000000112731478821
Q104547545	6000000078404712563
Q104547548	6000000060279346084
Q104547551	6000000021012044174
Q104547552	6000000169683673835
Q104547553	6000000029818379840
Q104547556	6000000074186548882
Q104547558	6000000182258017875
Q104547563	6000000062827150847
Q104547566	6000000124938361254
Q104547567	6000000034688728209
Q104547570	6000000014557821639
Q104547572	6000000040898370215
Q104547573	6000000195347672953
Q104547575	6000000082986178129
Q104547577	6000000177699489854
Q104547579	6000000201331060847
Q104547580	6000000171487361052
Q104547582	6000000152358624957
Q104547583	6000000164291754822
Q104547586	6000000057626978892
Q104547588	6000000019098887253
Q104547592	6000000039399858810
Q104547598	6000000022887568522
Q104547601	6000000057627087842
Q104547603	6000000048331090907
Q104547605	6000000112729451854
Q104547612	6000000040898449164
Q104547613	6000000161487184822
Q104547614	6000000018263821294
Q104547615	6000000077114159853
Q104547619	6000000047810590099
Q104547626	6000000018263711256
Q104547628	6000000048053325852
Q104547631	6000000069814054100
Q104547633	6000000078903059049
Q104547634	6000000058576612862
Q104547636	6000000201331102874
Q104547639	6000000052176708921
Q104547641	6000000013752511906
Q104547646	6000000030437912934
Q104547648	6000000000630436943
Q104547649	6000000058469164972
Q104547650	6000000085083165989
Q104547652	6000000180196886848
Q104547662	6000000034292696699
Q104547663	6000000048490161872
Q104547668	6000000034208535556
Q104547676	6000000053841622826
Q104547677	6000000177977269824
Q104547678	6000000166028949822
Q104547679	6000000041537080508
Q104547681	6000000064667389861
Q104547685	6000000108132233836
Q104547691	6000000181499998828
Q104547692	6000000040567507568
Q104547693	6000000082986676921
Q104547701	6000000180982962828
Q104547702	6000000015315890383
Q104547703	6000000084150010059
Q104547705	6000000093204445848
Q104547709	6000000175341322152
Q104547710	6000000053840947918
Q104547713	6000000176811367824
Q104547715	6000000158340830823
Q104547719	6000000178104384867
Q104547723	6000000098249222821
Q104547728	6000000009635846842
Q104547729	6000000077478485958
Q104547730	6000000063331184959
Q104547734	6000000035722862390
Q104547735	6000000078455220045
Q104547739	6000000034733110226
Q104547742	6000000079683886151
Q104547744	6000000074027379827
Q104547750	6000000003894337344
Q104547751	6000000089807109855
Q104547752	6000000150912788870
Q104547753	6000000166385226824
Q104547755	6000000182492237889
Q104547756	6000000094357587028
Q104547764	6000000085132520304
Q104547765	6000000088086175870
Q104547768	6000000036081627206
Q104547775	6000000104715932000
Q104547777	6000000000338960787
Q104547778	6000000180101717943
Q104547782	6000000116628515969
Q104547785	6000000016901043563
Q104547790	6000000079367335939
Q104547792	6000000016901251265
Q104547795	6000000166384920941
Q104547796	6000000015644863856
Q104547800	6000000181085814847
Q104547803	6000000200526271830
Q104547810	6000000170676430822
Q104547813	6000000094359857822
Q104547816	6000000200526518821
Q104547819	6000000063331078967
Q104547820	6000000047541614643
Q104547827	6000000122236718895
Q104547832	6000000104728930846
Q104547833	6000000041996117188
Q104547834	6000000048056194055
Q104547836	6000000180212275821
Q104547837	6000000152359859823
Q104547839	6000000145777004088
Q104547841	6000000104891207316
Q104547842	6000000182476403830
Q104547843	6000000015053058282
Q104547849	6000000048062925433
Q104547850	6000000018397489006
Q104547851	6000000034207456990
Q104547858	6000000172960932987
Q104547859	6000000172960164333
Q104547860	6000000017081191068
Q104547863	6000000017081224081
Q104547864	6000000173321072999
Q104547873	6000000196689701869
Q104547877	6000000077253335006
Q104547879	6000000077253017212
Q104547882	6000000077253561874
Q104547888	6000000026601199095
Q104547890	6000000022190918483
Q104547892	6000000020859989073
Q104547894	6000000027037977710
Q104547899	6000000026244067993
Q104547901	6000000048174606821
Q104547903	6000000100476142821
Q104547904	6000000000630397820
Q104547905	6000000023795026445
Q104547907	6000000004035749378
Q104547908	6000000026241253677
Q104547909	6000000027049783654
Q104547911	6000000026228610555
Q104547912	6000000026392556005
Q104547913	6000000009413651344
Q104547919	6000000026601081039
Q104547922	6000000196564482827
Q104547924	6000000063833822887
Q104547925	6000000100846217862
Q104547935	6000000026228959886
Q104547936	6000000026520271562
Q104547941	6000000026998398424
Q104547943	6000000076926566623
Q104547944	6000000026588696192
Q104547952	6000000075648527879
Q104547953	6000000073299632841
Q104547955	6000000073344006126
Q104547957	6000000073431299862
Q104547958	6000000026394240547
Q104547959	6000000026280976785
Q104547960	6000000004041843919
Q104547962	6000000078635673979
Q104547964	6000000062610513942
Q104547967	6000000044368536501
Q104547969	6000000164540785821
Q104547971	6000000085739475903
Q104547973	6000000114496392828
Q104547974	6000000164550423821
Q104547976	6000000019671710105
Q104547983	6000000177719228843
Q104547986	6000000051914576028
Q104547987	6000000085739175091
Q104547988	6000000154177413821
Q104547989	6000000019671565436
Q104547990	6000000058469833909
Q104547993	6000000058470084846
Q104548000	6000000020355779558
Q104548004	6000000164550261858
Q104548005	6000000029621989946
Q104548006	6000000089804801395
Q104548007	6000000164550230823
Q104548008	6000000200948683857
Q104548009	6000000178639145843
Q104548010	6000000002215774310
Q104548011	6000000092576576103
Q104548025	6000000077634159441
Q104548026	6000000070833157842
Q104548027	6000000200329887853
Q104548028	6000000083404883211
Q104548030	6000000021493075700
Q104548034	6000000037700972326
Q104548037	6000000059936335285
Q104548043	6000000078407207928
Q104548045	6000000059937195840
Q104548050	6000000182134827824
Q104548055	6000000059935569769
Q104548057	6000000074602141833
Q104548059	6000000037701251831
Q104548065	6000000016934346564
Q104548069	6000000082470377985
Q104548070	6000000079065191201
Q104548077	6000000025485164904
Q104548079	6000000186740116861
Q104548081	6000000013520472204
Q104548088	6000000037700835325
Q104548089	6000000071865404062
Q104548091	6000000022176678307
Q104548095	6000000093863516864
Q104548096	6000000043881090889
Q104548097	6000000078406350265
Q104548099	6000000071866467880
Q104548102	6000000079065999822
Q104548103	6000000078381460145
Q104548104	6000000035246801105
Q104548108	6000000071786384993
Q104548110	6000000079064747361
Q104548112	6000000078381898050
Q104548115	6000000059936563108
Q104548116	6000000037150669489
Q104548127	6000000059937085833
Q104548129	6000000059936791939
Q104548134	6000000192834182834
Q104548137	6000000182133583836
Q104548142	6000000086346962830
Q104548147	6000000007635698590
Q104548148	6000000197326570863
Q104548149	6000000016249048244
Q104548151	6000000048743055092
Q104548152	6000000197327104821
Q104548153	6000000016248960641
Q104548154	6000000048743136863
Q104548155	6000000012785617943
Q104548158	6000000019732959820
Q104548160	6000000005381169071
Q104548163	6000000191242519832
Q104548164	6000000016248998285
Q104548166	6000000020269212368
Q104548167	6000000077907698252
Q104548168	6000000074694694826
Q104548173	6000000178852876822
Q104548176	6000000022938238851
Q104548177	6000000176833919912
Q104548178	6000000022937802937
Q104548179	6000000036923262532
Q104548181	6000000206259374969
Q104548182	6000000018579124128
Q104548187	6000000017296677862
Q104548203	6000000036922243285
Q104548208	6000000178853081822
Q104548209	6000000017295894727
Q104548210	6000000031861772586
Q104548211	6000000104787292898
Q104548213	6000000081390337884
Q104548218	6000000017296654736
Q104548219	6000000015333522794
Q104548223	6000000081390295918
Q104548225	6000000085502553216
Q104548227	6000000026175913237
Q104548229	6000000166218089861
Q104548232	6000000051225222839
Q104548240	6000000030247844747
Q104548241	6000000082789398523
Q104548246	6000000026039114713
Q104548247	6000000019078863001
Q104548248	6000000047923624106
Q104548249	6000000032324694740
Q104548252	6000000047924095603
Q104548253	6000000032111610054
Q104548254	6000000193885922915
Q104548260	6000000037836889837
Q104548262	6000000135745878821
Q104548266	6000000071118973113
Q104548267	6000000036174541847
Q104548269	6000000032599495187
Q104548270	6000000162381546863
Q104548271	6000000095640314288
Q104548272	6000000025376540600
Q104548273	6000000095502079857
Q104548275	6000000025377380022
Q104548279	6000000197739455831
Q104548281	6000000063629888997
Q104548283	6000000029957999058
Q104548284	6000000047195823961
Q104548285	6000000063601445821
Q104548289	6000000018828201187
Q104548290	6000000047195935822
Q104548291	6000000032324737485
Q104548292	6000000037135209250
Q104548294	6000000016609542222
Q104548295	6000000063605956821
Q104548297	6000000091348802945
Q104548298	6000000095652579862
Q104548300	6000000162383954823
Q104548301	6000000070868443971
Q104548303	6000000027992188061
Q104548306	6000000077329758881
Q104548308	6000000084780251274
Q104548310	6000000126240718217
Q104548316	6000000126836012349
Q104548317	6000000126242276824
Q104548323	6000000021846520012
Q104548325	6000000002765702526
Q104548327	6000000002802254096
Q104548333	6000000002765702389
Q104548335	6000000002765702396
Q104548340	6000000033333209407
Q104548342	6000000172681692845
Q104548343	6000000172681863896
Q104548344	6000000172681307036
Q104548348	6000000172681506025
Q104548350	6000000083645482115
Q104548351	6000000030020916177
Q104548353	6000000073119912104
Q104548354	6000000178786639835
Q104548356	6000000178785422886
Q104548357	6000000116292320911
Q104548359	6000000178786590837
Q104548360	6000000052689553868
Q104548361	6000000033919769152
Q104548363	6000000035636804002
Q104548366	6000000052688837070
Q104548367	6000000082930808177
Q104548369	6000000116292401014
Q104548372	6000000073124478959
Q104548373	6000000033919760000
Q104548375	6000000116291565037
Q104548377	6000000078484146122
Q104548379	6000000178875455837
Q104548381	6000000178874082878
Q104548382	6000000014703742493
Q104548383	6000000109686898082
Q104548385	6000000065502468357
Q104548386	6000000034976876235
Q104548389	6000000192929678847
Q104548390	6000000192866896822
Q104548391	6000000201358978825
Q104548393	6000000034999020198
Q104548394	6000000009918763213
Q104548395	6000000010513214869
Q104548396	6000000034998675786
Q104548397	6000000019135667776
Q104548399	6000000019115559043
Q104548401	6000000083895100435
Q104548402	6000000092120750208
Q104548406	6000000109687544834
Q104548408	6000000065503614009
Q104548413	6000000023009435214
Q104548420	6000000034999367458
Q104548425	6000000198798236847
Q104548429	6000000033792599692
Q104548430	6000000052688789988
Q104548433	6000000030921539128
Q104548434	6000000008969443100
Q104548436	6000000098162279001
Q104548437	6000000045085529935
Q104548439	6000000074791446825
Q104548440	6000000098162231035
Q104548442	6000000052688743920
Q104548443	6000000045093999880
Q104548445	6000000033793594904
Q104548446	6000000027776478112
Q104548447	6000000030921155673
Q104548449	6000000042391810157
Q104548451	6000000009977720916
Q104548452	6000000002388869471
Q104548454	6000000041972550081
Q104548455	6000000033793575987
Q104548456	6000000041965017821
Q104548457	6000000027776752835
Q104548460	6000000008969556230
Q104548462	6000000034593517603
Q104548463	6000000041972880706
Q104548465	6000000098162935912
Q104548467	6000000045095438844
Q104548470	6000000040050135054
Q104548471	6000000010383929880
Q104548472	6000000173563713026
Q104548474	6000000017458140454
Q104548477	6000000043018486208
Q104548478	6000000043017522016
Q104548482	6000000063987596825
Q104548498	6000000091004129925
Q104548500	6000000053906209404
Q104548501	6000000010650032605
Q104548503	6000000189040954870
Q104548506	6000000189041501821
Q104548508	6000000054733582019
Q104548509	6000000196524508825
Q104548513	6000000086868862116
Q104548514	6000000196519560828
Q104548518	6000000076926625824
Q104548519	6000000076926020491
Q104548521	6000000025753354490
Q104548522	6000000065994110092
Q104548525	6000000052675621839
Q104548526	6000000020733670088
Q104548528	6000000020733236168
Q104548529	6000000074698181851
Q104548534	6000000025023025743
Q104548538	6000000157678304826
Q104548539	6000000025023691866
Q104548540	6000000025023619003
Q104548542	6000000157670990840
Q104548543	6000000102802611225
Q104548544	6000000051076781890
Q104548546	6000000043128074855
Q104548571	6000000044381796540
Q104548576	6000000180542261830
Q104548581	6000000180542545825
Q104548582	6000000021731271656
Q104548585	6000000202616682821
Q104548587	6000000034543536246
Q104548588	6000000197792959832
Q104548591	6000000180542628832
Q104548599	6000000043127770323
Q104548609	6000000007014484105
Q104548610	6000000043926026984
Q104548614	6000000086674747040
Q104548620	6000000096225207957
Q104548621	6000000082937056896
Q104548623	6000000013490110097
Q104548625	6000000069016817845
Q104548626	6000000176764175880
Q104548627	6000000013133982984
Q104548629	6000000079894088101
Q104548631	6000000176766708821
Q104548632	6000000096226006909
Q104548637	6000000021405252453
Q104548646	6000000007014421355
Q104548648	6000000060418611822
Q104548655	6000000200846859822
Q104548658	6000000201446115844
Q104548661	6000000005005100581
Q104548671	6000000060388752821
Q104548678	6000000051071243031
Q104548682	6000000149943384062
Q104548683	6000000017552930163
Q104548688	6000000079892884471
Q104548694	6000000051072638981
Q104548697	6000000177193782827
Q104548698	6000000082936696009
Q104548714	6000000024500277403
Q104548715	6000000018211601154
Q104548721	6000000017909048861
Q104548723	6000000093288386965
Q104548725	6000000038189285079
Q104548726	6000000017908000898
Q104548728	6000000093289047855
Q104548729	6000000054173799958
Q104548732	6000000027307337019
Q104548733	6000000111524021826
Q104548735	6000000054173700887
Q104548739	6000000046121715115
Q104548740	6000000054173824038
Q104548741	6000000027307315667
Q104548742	6000000093289107838
Q104548743	6000000017909819893
Q104548744	6000000038189369924
Q104548746	6000000054173799931
Q104548751	6000000054173401254
Q104548752	6000000080450273938
Q104548754	6000000093288478857
Q104548755	6000000014822550276
Q104548756	6000000111524177821
Q104548758	6000000122743001916
Q104548759	6000000019068722703
Q104548761	6000000084785816965
Q104548762	6000000016495425710
Q104548764	6000000093287613490
Q104548765	6000000054173677994
Q104548766	6000000093289614850
Q104548768	6000000072512598838
Q104548771	6000000201450369822
Q104548776	6000000078304879823
Q104548777	6000000016064566570
Q104548778	6000000185756139876
Q104548781	6000000086665947861
Q104548785	6000000078305253876
Q104548786	6000000014741946259
Q104548789	6000000088129373338
Q104548793	6000000025031667277
Q104548795	6000000025031446974
Q104548796	6000000025031247483
Q104548797	6000000089105186821
Q104548801	6000000193020339822
Q104548802	6000000069544662036
Q104548807	6000000093528726835
Q104548810	6000000171843660423
Q104548812	6000000083450210214
Q104548813	6000000093526544334
Q104548817	6000000178853193836
Q104548819	6000000176994086856
Q104548821	6000000007316925640
Q104548824	6000000043151295945
Q104548825	6000000078360997155
Q104548828	6000000019794212533
Q104548829	6000000015811322194
Q104548837	6000000107260842880
Q104548838	6000000030977078942
Q104548840	6000000043785643943
Q104548844	6000000018183463486
Q104548850	6000000177866550823
Q104548854	6000000037216258060
Q104548855	6000000010897576972
Q104548859	6000000007316917984
Q104548861	6000000078364831865
Q104548862	6000000020896424746
Q104548863	6000000019995608550
Q104548865	6000000043788346848
Q104548868	6000000030977029034
Q104548869	6000000081721307089
Q104548871	6000000040190607563
Q104548877	6000000035675978419
Q104548879	6000000170363889835
Q104548882	6000000043784796053
Q104548885	6000000178853719825
Q104548887	6000000018211544562
Q104548891	6000000180477388833
Q104548892	6000000171061693937
Q104548894	6000000178852574903
Q104548897	6000000017856033186
Q104548899	6000000037215730954
Q104548900	6000000072980450957
Q104548902	6000000010897585588
Q104548906	6000000076784104039
Q104548909	6000000037585655276
Q104548911	6000000107259135995
Q104548912	6000000017295946003
Q104548920	6000000101288266823
Q104548921	6000000020988915511
Q104548923	6000000088134394251
Q104548925	6000000010885609334
Q104548927	6000000192681355827
Q104548928	6000000037216717876
Q104548929	6000000098663593263
Q104548931	6000000055389549976
Q104548933	6000000094008795821
Q104548934	6000000018171926433
Q104548938	6000000007316925647
Q104548939	6000000017633141300
Q104548941	6000000022349643237
Q104548946	6000000193629337851
Q104548950	6000000079724312840
Q104548951	6000000079675627883
Q104548954	6000000079768697874
Q104548955	6000000091259034821
Q104548956	6000000079887990032
Q104548957	6000000091258742909
Q104548961	6000000120969093905
Q104548963	6000000195800951825
Q104548964	6000000193142894821
Q104548966	6000000177864554879
Q104548968	6000000062922084996
Q104548969	6000000005007924576
Q104548970	6000000195800940822
Q104548973	6000000177864847876
Q104548974	6000000025678324708
Q104548975	6000000192009875843
Q104548976	6000000084107914867
Q104548977	6000000017557170831
Q104548978	6000000077486492698
Q104548980	6000000027403112911
Q104548982	6000000017557569080
Q104548983	6000000068745183843
Q104548994	6000000023338286106
Q104548995	6000000078183972821
Q104548996	6000000034198363216
Q104548999	6000000031526864466
Q104549000	6000000078196963890
Q104549001	6000000078165233171
Q104549003	6000000046853965985
Q104549006	6000000080837822892
Q104549009	6000000190947996945
Q104549010	6000000041132505029
Q104549011	6000000041915460991
Q104549013	6000000211095270830
Q104549018	6000000112269140034
Q104549022	6000000204955080866
Q104549023	6000000202570024822
Q104549025	6000000204952865822
Q104549028	6000000082648237035
Q104549030	6000000182627540829
Q104549032	6000000193163243883
Q104549035	6000000083654693017
Q104549036	6000000083655498954
Q104549037	6000000082646944188
Q104549038	6000000083655169845
Q104549040	6000000202423225854
Q104549041	6000000055772207193
Q104549043	6000000205557113903
Q104549045	6000000188580366951
Q104549048	6000000205029561927
Q104549050	6000000050897310878
Q104549051	6000000015918628419
Q104549052	6000000080898272837
Q104549054	6000000080897709078
Q104549058	6000000038947285571
Q104549059	6000000179700372858
Q104549061	6000000008426173430
Q104549062	6000000023365565851
Q104549064	6000000023075079874
Q104549066	6000000002829645765
Q104549067	6000000179450857821
Q104549069	6000000074842582846
Q104549071	6000000154918234850
Q104549072	6000000154917744873
Q104549078	6000000038216307850
Q104549082	6000000210453896829
Q104549087	6000000008426146553
Q104549089	6000000053152493866
Q104549091	6000000196779903844
Q104549094	6000000211899785825
Q104549098	6000000077423543056
Q104549100	6000000034873886876
Q104549101	6000000025220647171
Q104549102	6000000022734678229
Q104549103	6000000020380807849
Q104549104	6000000025453963526
Q104549105	6000000178126580823
Q104549106	6000000025454292418
Q104549107	6000000022734736045
Q104549108	6000000025954878697
Q104549112	6000000025955018219
Q104549116	6000000014222608220
Q104549117	6000000014222925246
Q104549118	4716712928140037008
Q104549121	6000000006803367074
Q104549122	6000000087111323834
Q104549126	4716682709300080104
Q104549129	6000000004212173475
Q104549130	6000000042047958029
Q104549140	6000000188004607857
Q104549141	6000000114986682036
Q104549143	6000000081716657085
Q104549144	6000000040556878825
Q104549146	6000000185434749910
Q104549148	334231053020014505
Q104549150	6000000000312941102
Q104549151	6000000002867903455
Q104549153	6000000214203107825
Q104549154	6000000202605737821
Q104549160	3984921
Q104549170	6000000101138042822
Q104549177	6000000151397095904
Q104549179	6000000180831879836
Q104549180	6000000037471249835
Q104549183	6000000037470812544
Q104549190	6000000051563507864
Q104549193	6000000186008442922
Q104549195	6000000051559123832
Q104549196	6000000180434732854
Q104549198	6000000130377303867
Q104549201	6000000051558466850
Q104549202	6000000180435049830
Q104549210	6000000200536385865
Q104549215	6000000035570080723
Q104549217	6000000187678992824
Q104549219	6000000180801376910
Q104549222	6000000187695393824
Q104549224	6000000105210514952
Q104549226	6000000048605382001
Q104549227	6000000099168354103
Q104549228	6000000004751330001
Q104549230	6000000175138181065
Q104549232	6000000212562540821
Q104549233	6000000189606227837
Q104549239	6000000203256846823
Q104549240	6000000203258664850
Q104549242	6000000175389119909
Q104549250	6000000215442294829
Q104549461	6000000089808158822
Q104549831	5501976212370131124
Q104549884	6000000009186285525
Q104549887	6000000009510712966
Q104549889	6000000006127255857
Q104549902	6000000008529649585
Q104549953	6000000020274919912
Q104549960	6000000010761807452
Q104549966	6000000007333625012
Q104549973	328153904570005472
Q104549974	6000000013398725006
Q104550073	6000000012848014250
Q104550110	6000000006127272035
Q104550130	6000000006128168839
Q104550141	6000000002532675594
Q104550153	6000000011702483674
Q104550164	6000000002941659449
Q104550228	6000000169359465394
Q104550233	6000000007522062492
Q104550238	6000000007522141388
Q104550242	6000000011470292444
Q104550258	6000000007522078651
Q104550259	6000000008877732400
Q104550261	6000000006585326441
Q104550266	6000000002532675255
Q104550293	6000000005573763819
Q104550294	6000000003776277926
Q104550303	6000000008612246851
Q104550322	6000000002483150293
Q104550329	6000000001949969800
Q104550331	6000000006127631359
Q104550339	6000000006813718233
Q104550344	6000000004160609389
Q104550447	6000000013789825909
Q104550494	6000000004015701946
Q104550500	6000000000728689615
Q104550666	6000000003891133580
Q104550738	6000000007723609201
Q104550742	6000000009383397609
Q10455076	6000000074792391970
Q104550772	6000000010081144550
Q104550774	6000000010081144556
Q104550777	6000000009169126338
Q104550779	6000000008831869602
Q104550789	6000000009015703680
Q104550791	6000000008771062392
Q104550842	6000000008987305202
Q104550844	6000000008987269392
Q104550847	6000000008987278362
Q104550851	6000000079776945963
Q104550864	6000000010081043867
Q104551068	6000000009427086935
Q104551069	6000000013177321710
Q104551071	6000000009426735559
Q104551074	6000000013177451344
Q104551077	6000000006420972812
Q1045511	6000000003010267332
Q104551209	6000000006442389921
Q104551212	6000000021108702401
Q104551214	6000000002305659640
Q104551215	6000000003076451671
Q104551302	6000000039350829183
Q104551304	6000000001778239755
Q104551306	6000000001802286736
Q104551313	6000000001867689032
Q104551316	6000000006725874050
Q104551321	6000000001867720008
Q104551322	6000000076187779222
Q104551338	6000000001802341236
Q104551339	6000000001867779075
Q104551488	6000000100887758823
Q104551489	6000000023753190653
Q104551490	6000000038040482438
Q104551500	6000000038040845930
Q104551520	6000000000318606436
Q104551530	6000000000003274920
Q104551530	6000000001921245849
Q104551543	6000000000632157354
Q104551544	6000000003147883389
Q104551548	6000000006907059253
Q104551721	6000000002952366452
Q104551722	6000000002952372295
Q104551726	6000000002952202905
Q104551727	6000000002952231931
Q104551728	6000000006119762015
Q104551729	6000000002930827613
Q104551733	6000000006121944274
Q104551747	6000000002952365118
Q104551769	6000000007061979041
Q104551771	6000000004107567175
Q104551857	6000000001664222083
Q104551879	6000000022851559833
Q104551880	6000000003235887274
Q104551881	6000000022851466482
Q104551883	6000000024725345087
Q104551886	6000000024724759298
Q104551887	6000000006907083817
Q104551889	6000000006907062960
Q104551890	6000000006907047937
Q104551923	6000000003133346825
Q104551924	6000000014395519433
Q104551926	6000000001747862647
Q104551930	6000000018349892381
Q104551933	345865440320012959
Q104551935	349781112270012655
Q104551937	6000000003124938013
Q104551939	6000000001382785976
Q104551945	349775034720011652
Q104552	6000000023060691180
Q104552048	6000000032330081897
Q104552049	6000000046243414822
Q104552051	6000000004642120154
Q104552053	6000000000619045475
Q104552055	6000000000652030137
Q104552058	377465004340013800
Q104552062	6000000003937814327
Q104552146	6000000042896902427
Q104552147	6000000020209432933
Q104552149	6000000024961668191
Q104552150	6000000006020561765
Q104552201	6000000000452156809
Q104552212	6000000000452274303
Q104552250	6000000000452264344
Q104552305	6000000046615291416
Q104552369	6000000041881866263
Q104552394	6000000040958910263
Q104552424	6000000014739916423
Q104552425	6000000014739694749
Q104552426	6000000053054933360
Q104552431	6000000014720236587
Q104552435	6000000014720603027
Q10455247	6000000049686588863
Q104552547	6000000000452387131
Q104552672	6000000085871267854
Q104552673	6000000011399370624
Q10455271	6000000074687231857
Q104552714	6000000164914145833
Q10455315	6000000074686907172
Q104553192	6000000013040520276
Q104553194	6000000008265990936
Q104553199	5296039659130123511
Q104553209	6000000002666399819
Q104553217	6000000004575003474
Q104553218	6000000001886257111
Q104553290	6000000006348517489
Q104553291	6000000006348517481
Q104553292	6000000021330203934
Q104553294	6000000021329849262
Q104553378	6000000002443358180
Q104553380	6000000002443343013
Q104553382	6000000002443279416
Q104553384	6000000006439799973
Q104553385	6000000006348603981
Q104553386	6000000003221111878
Q104553389	6000000002443335383
Q104553390	6000000006440293380
Q104553496	6000000173359809881
Q104553516	6000000006590349117
Q104553689	6000000040548725215
Q10455369	6000000074686727070
Q104553690	6000000040548688162
Q104553692	6000000040548779170
Q104553699	6000000010421568168
Q104553700	6000000003893648976
Q104553712	3979924211730026093
Q104553735	6000000003938718977
Q104553755	6000000036997873010
Q104553756	6000000041747070000
Q104553840	3980073313030046350
Q104553856	6000000004402074874
Q104553857	5073508325900127512
Q104553882	6000000009426551992
Q104553884	2373468
Q104553886	6000000001078480928
Q104553971	6000000001933536207
Q104553972	6000000005767606070
Q104553973	6000000001078352151
Q104553975	6000000001078299467
Q104554499	6000000058361763081
Q104554538	6000000017768108873
Q104554619	6000000021120328479
Q104555496	6000000002882041798
Q104555517	6000000008312276624
Q104555520	6000000019649347104
Q104555551	6000000004047387665
Q104556701	6000000016300820243
Q104556767	6000000016300211924
Q104558681	6000000172478467881
Q104565537	6000000020062166155
Q10456598	6000000074747558921
Q104573979	6000000079305722589
Q104575	6000000013202425770
Q104576564	6000000017768745204
Q104576568	6000000006442354633
Q1045773	6000000016542008371
Q104577461	6000000015183176295
Q1045777	6000000175723441832
Q104578164	6000000003812682176
Q104578441	6000000071427642880
Q104578687	6000000071426522278
Q1045798	6000000036087844018
Q104582	6000000013201490582
Q104582225	6000000021035884310
Q1045838	6000000006589464243
Q104585888	6000000093226481963
Q1045864	6000000001090766923
Q104586883	6000000043020089153
Q1045873	6000000038220049870
Q104587301	6000000027216859909
Q1045877	6000000017104647598
Q104587888	6000000017218509793
Q1045879	6000000014948328255
Q104587946	6000000017216908833
Q104589281	6000000039049888545
Q104589904	6000000016365997755
Q104589904	6000000024758106181
Q104591	6000000071769218158
Q104591147	6000000008746586536
Q104591151	6000000001538266858
Q104591174	6000000020394133599
Q104591341	5425187789470058174
Q104591483	6000000007260248650
Q104591811	6000000186669973922
Q104595596	6000000056871362861
Q104595708	6000000000887935737
Q104595824	6000000004593983152
Q104595944	6000000029426624495
Q104596008	6000000029360118988
Q104596367	6000000009720968884
Q104596496	6000000029426886822
Q104596828	6000000013711397493
Q104597492	6000000004086443910
Q104597628	6000000009550817635
Q104599225	6000000004086446832
Q104599686	6000000010562678821
Q1045999	6000000049511174008
Q104599939	6000000009152406258
Q104600	6000000041735343733
Q104600271	6000000004145882744
Q104600557	6000000084325435146
Q104600820	6000000053811077093
Q104600995	6000000018244555005
Q104601760	6000000024275676134
Q104602059	6000000195873222840
Q104602089	6000000057619644862
Q104602226	6000000057643926389
Q104602265	6000000130396445832
Q104602268	6000000017914518808
Q104602269	6000000017914887665
Q104602357	6000000002802236353
Q104602438	5617330052990032989
Q104602440	6000000004593367018
Q104602483	5617330130220032995
Q104602484	6000000002649881799
Q104602487	6000000003183548995
Q104602506	6000000003165330096
Q104602509	6000000007345167239
Q104602510	6000000007345135297
Q104602544	6000000001576726437
Q104602551	6000000003165356008
Q104602552	6000000002649845502
Q104602554	6000000000350946839
Q104602565	6000000000350946862
Q104602579	6000000003176919482
Q104602580	6000000003194620055
Q104602609	6000000015603078288
Q104602611	6000000040995612084
Q104602612	378110164290007946
Q104602613	6000000000613954195
Q104602615	6000000000469650751
Q104602635	6000000061549059823
Q104602638	6000000017131177117
Q104602639	6000000002649865271
Q104602728	6000000068140009833
Q104602729	6000000002799105224
Q104602739	6000000000664469984
Q104602796	6000000019443172316
Q104602829	6000000002354360024
Q104602883	6000000004881501059
Q104602885	6000000003199459077
Q104602886	6000000001145329116
Q104602887	6000000004237874937
Q104602888	6000000005028403077
Q104602908	6000000022864428897
Q104603355	6000000008596325133
Q104603356	6000000007865205938
Q104603359	6000000007847817376
Q104603360	6000000003075732176
Q104603379	6000000124639478941
Q104603397	6000000014304885142
Q104603398	6000000014304657120
Q104603400	6000000146725716957
Q104603401	6000000146725758878
Q104603404	6000000061291265939
Q104603405	6000000004036508632
Q104603407	6000000004027449294
Q104603408	6000000008661090619
Q104603409	6000000009058285103
Q104603411	6000000000613953184
Q104603413	6000000000579409933
Q104603734	6000000007729077785
Q104603735	6000000017441393409
Q104603737	6000000008630883804
Q104603738	6000000008630883758
Q104603739	6000000008630883785
Q104603746	6000000007728943493
Q104603747	6000000013322411632
Q104603749	6000000008630886503
Q104603752	6000000008630886480
Q104603754	6000000003275282322
Q104603756	6000000003525362648
Q1046038	6000000079211565197
Q104603816	6000000008630884091
Q104604707	6000000078149773246
Q104606	6000000008511164149
Q104606730	6000000035194535602
Q104607	6000000010676286516
Q104608	6000000002210873729
Q1046087	6000000068423526840
Q1046090	6000000205471985842
Q104609142	6000000013417596515
Q104611888	6000000179541481837
Q104614890	6000000088559998253
Q104615784	6000000020311729995
Q104616929	6000000017370169034
Q1046172	6000000041659661850
Q104617423	6000000009962619668
Q104617533	6000000046018047855
Q104618920	6000000023346215435
Q104621185	6000000022573360071
Q104621196	6000000038478744126
Q104621807	6000000033427013941
Q104622174	6000000014926557030
Q104622176	6000000079072612269
Q104622177	6000000078843275389
Q104622185	6000000078843275710
Q104622186	6000000078844058335
Q104622187	6000000012599728270
Q104622188	6000000020251735946
Q104622543	6000000158397565833
Q104622710	6000000018426320619
Q104622710	6000000024144137256
Q104622752	6000000158396404902
Q104622762	6000000061140642949
Q104623014	6000000073320852159
Q104623255	6000000015138802748
Q104623452	6000000140093219918
Q1046237	6000000004047312529
Q104625820	6000000004009664214
Q104626142	6000000013260006972
Q104626198	6000000189325746836
Q1046262	6000000006365983652
Q104626382	6000000013318413115
Q104626410	6000000054232923846
Q104626975	6000000007642623853
Q104627119	6000000000202235693
Q104627316	6000000077478528026
Q104628105	6000000049697569974
Q104628248	6000000018145295420
Q104629170	6000000006771954116
Q1046293	6000000038395495221
Q104629463	6000000006771895129
Q1046299	4302317543190055904
Q104631298	6000000128490137827
Q104631343	6000000045369974931
Q104631409	6000000016268167135
Q104631485	6000000014784511434
Q104631613	6000000013272784447
Q104631757	6000000013272311004
Q104632258	6000000008231413301
Q104632261	6000000003966357379
Q104632277	6000000001749616031
Q104632329	6000000003335926475
Q104633891	6000000013390045206
Q104634805	6000000224588310823
Q104635152	6000000010573259189
Q104635706	381178277930013307
Q104635935	6000000178646116832
Q104635951	6000000078038476369
Q104636009	6000000078039628822
Q104636012	6000000078039400835
Q104636182	6000000078039012006
Q104636185	6000000054917231022
Q104636201	5239944995040033695
Q104636256	6000000006907098515
Q104636305	6000000002456847386
Q104636500	6000000018060528500
Q104637367	6000000018060575135
Q104637410	6000000033620512924
Q104637559	6000000018060577029
Q104637795	6000000018639096540
Q104638084	6000000054499284945
Q104638828	6000000027742424010
Q104639616	6000000030072476281
Q104640819	1514698
Q104640952	6000000189085715847
Q104640958	6000000018060408675
Q104641589	6000000000721121709
Q104642089	6000000003578772970
Q104642117	6000000007278813171
Q104642616	6000000015582413537
Q104643074	6000000178616891850
Q104643336	6000000017736103653
Q104643892	6000000016464211847
Q104644188	6000000016464091626
Q104645039	6000000221500762856
Q104647222	6000000039920143143
Q104647694	6000000030121929559
Q104648	6000000016103897247
Q104649757	6000000001126530800
Q104650032	6000000018060210260
Q104650193	6000000072735986878
Q104650552	6000000006126687268
Q104650826	6000000009973450345
Q104651356	6000000002631317064
Q104651395	6000000057187844206
Q104651497	6000000071952464245
Q104651674	6000000145228455986
Q104651675	6000000125601753868
Q104651676	6000000005564430043
Q104651677	3846627
Q104651678	3846635
Q104651682	6000000025426813443
Q104651685	6000000160542168821
Q104651686	6000000001519807375
Q104651688	6000000129333394828
Q104651690	6000000185998696863
Q104651691	6000000079399076898
Q104651692	6000000129333341861
Q104651694	6000000153000785826
Q104651695	6000000195363555824
Q104651696	6000000079399338899
Q104651697	6000000185998483864
Q104651698	6000000079676144844
Q104651699	6000000079399337910
Q104651702	6000000049341492085
Q104651706	6000000166734339833
Q104651708	6000000166705268697
Q104651709	6000000082641402835
Q104651711	6000000082422319883
Q104651713	6000000200220978864
Q104651714	6000000010289900229
Q104651716	6000000043997283850
Q104651718	6000000176466613822
Q104651719	6000000031507559257
Q104651722	6000000036309634096
Q104651723	6000000045714634930
Q104651725	6000000036305902911
Q104651726	6000000036310798859
Q104651733	6000000016159801540
Q104651735	6000000111949663626
Q104651736	6000000137603071990
Q104651739	6000000038730491168
Q104651743	6000000186269454959
Q104651744	6000000210486313830
Q104651745	6000000111951704843
Q104651749	6000000031418394901
Q104651753	6000000003495060292
Q104651757	6000000094477327851
Q104651759	6000000139387852832
Q104651760	6000000064756795208
Q104651762	6000000065136306010
Q104651764	6000000091498931032
Q104651774	6000000115961794014
Q104651781	6000000214052422838
Q104651785	6000000068030110952
Q104651796	6000000018958375917
Q104651805	6000000190090660853
Q104651806	6000000081409647886
Q104651807	6000000184250729835
Q104651808	6000000126850560201
Q104651809	6000000078259631852
Q104651815	374093706820012172
Q104651829	6000000073353282153
Q104651833	6000000043651003295
Q104651837	6000000146617584822
Q104651838	6000000080065939181
Q104651841	6000000088283097821
Q104651844	6000000188725403881
Q104651846	6000000178968144824
Q104651856	6000000080066558893
Q104651858	6000000082344236970
Q104651864	6000000045756096891
Q104651866	6000000038916046436
Q104651875	6000000046244607999
Q104651878	6000000035961193895
Q104651879	6000000200037136834
Q104651880	6000000078642489003
Q104651883	6000000055750094252
Q104651887	6000000030855147585
Q104651889	6000000181027091824
Q104651892	6000000207470646844
Q104651895	6000000017929252086
Q104651897	6000000186142737593
Q104651898	6000000001829162079
Q104651900	6000000126199314849
Q104651906	6000000214882535834
Q104651907	6000000174017137993
Q104651908	6000000000810960361
Q104651909	6000000188534769827
Q104651913	6000000214883726830
Q104651914	6000000191565062842
Q104651922	6000000190614041842
Q104651925	6000000025794757806
Q104651928	6000000199743721918
Q104651929	6000000021013758353
Q104651930	6000000021013708435
Q104651931	6000000188792243905
Q104651933	6000000088200358995
Q104651934	6000000026272605469
Q104651939	6000000130236169929
Q104651940	6000000203160098905
Q104651941	6000000203156859848
Q104651942	6000000203160996824
Q104651943	6000000203157323864
Q104651944	6000000130236416844
Q104651947	6000000203160884846
Q104651949	6000000184840591881
Q104651950	6000000174165269021
Q104651954	6000000203160994830
Q104651957	6000000054407674909
Q104651960	6000000075932659980
Q104651961	6000000062024968862
Q104651964	6000000054404158927
Q104651965	6000000052225790635
Q104651966	6000000186369793842
Q104651967	6000000054407328491
Q104651968	6000000052227461864
Q104651975	6000000205168689872
Q104651976	6000000205155086866
Q104651980	6000000089226171831
Q104651985	6000000088619996838
Q104651988	6000000182129500838
Q104651989	6000000023291646837
Q104651995	6000000177208801847
Q104651998	6000000028121633364
Q104652001	6000000193572376827
Q104652003	6000000194419594833
Q104652005	6000000200266657821
Q104652009	6000000079441156430
Q104652012	6000000192929347832
Q104652024	6000000079585004558
Q104652026	6000000086730371843
Q104652027	6000000007410760578
Q104652034	6000000031925308969
Q104652043	6000000170419556889
Q104652056	6000000177694160841
Q104652065	6000000065143769835
Q104652084	6000000186126653829
Q104652102	6000000102065943822
Q104652111	6000000074463311958
Q104652114	6000000177694954831
Q104652115	6000000043100472977
Q104652125	6000000175609214839
Q104652139	6000000188142898827
Q104652141	6000000182640417831
Q104652145	6000000182639305892
Q104652147	6000000182700278837
Q104652151	6000000107540410086
Q104652153	6000000071767788061
Q104652154	6000000107547790895
Q104652155	6000000107547793889
Q104652168	6000000039553719943
Q104652170	6000000072736651180
Q104652172	6000000069556041842
Q104652173	6000000036199706729
Q104652176	6000000191088277894
Q104652178	6000000091391877064
Q104652181	6000000044433162209
Q104652183	6000000177570664822
Q104652185	6000000177194155848
Q104652186	6000000007288304516
Q104652187	6000000123055343023
Q104652192	6000000045716049836
Q104652197	6000000045869281964
Q104652199	6000000044393764832
Q104652200	6000000106660228867
Q104652201	6000000106660249834
Q104652203	6000000027818015985
Q104652207	6000000036199814266
Q104652208	6000000031324934106
Q104652213	6000000177568516931
Q104652215	6000000018096378076
Q104652222	4153412984980010356
Q104652233	6000000006162194172
Q104652242	6000000202745084861
Q104652246	6000000202736999836
Q104652249	6000000202749408837
Q104652252	6000000202748803870
Q104652253	6000000037376261487
Q104652270	6000000039775398296
Q104652271	6000000037397138314
Q104652276	6000000136540183852
Q104652289	6000000136536762673
Q104652290	6000000124833034031
Q104652291	6000000000350797533
Q104652316	6000000022391838150
Q104652317	6000000172919339815
Q104652318	6000000172923417922
Q104652319	6000000172922148878
Q104652320	6000000008350704546
Q104652321	6000000172923849893
Q104652323	6000000187014152834
Q104652326	6000000081280623091
Q104652327	318829332330005182
Q104652328	6000000187013959822
Q104652329	6000000045870091833
Q104652330	6000000197157180857
Q104652332	6000000045879814869
Q104652334	6000000036272451228
Q104652337	4796273163040052152
Q104652338	6000000031697954846
Q104652342	6000000005747151982
Q104652347	6000000089866875933
Q104652351	6000000051440028995
Q104652353	6000000062312418150
Q104652355	6000000026751052555
Q104652359	6000000109010712931
Q104652368	6000000113346497840
Q104652369	4297571282950042797
Q104652372	6000000113346267827
Q104652373	6000000113344779821
Q104652374	6000000037811228959
Q104652375	6000000035436290715
Q104652378	6000000037810951213
Q104652398	6000000173560955170
Q104652442	6000000019980903036
Q104652450	6000000142634449882
Q104652454	6000000015158111535
Q104652462	6000000024144968934
Q104652463	6000000055611831845
Q104652465	6000000096163563945
Q104652470	6000000198170048822
Q104652471	6000000191915463840
Q104652472	6000000182101543834
Q104652473	6000000131557422940
Q104652475	6000000079691240252
Q104652486	6000000198170040827
Q104652487	6000000029154198728
Q104652488	6000000143194057865
Q104652492	6000000075333239962
Q104652502	6000000187406030831
Q104652511	6000000051098330957
Q104652512	6000000056049014897
Q104652514	6000000046199629536
Q104652516	6000000046199895259
Q104652519	6000000043290759810
Q104652523	6000000043291248213
Q104652529	6000000054644493833
Q104652531	6000000083585730958
Q104652532	6000000080419253150
Q104652535	6000000023452654842
Q104652536	6000000030204577730
Q104652539	6000000066939338383
Q104652540	6000000014150324879
Q104652541	6000000014433435244
Q104652542	6000000073635124845
Q104652543	6000000081558532677
Q104652561	6000000203175751823
Q104652563	6000000199055379861
Q104652578	6000000044193827258
Q104652593	6000000177921326821
Q104652597	6000000209560445851
Q104652600	6000000141899429909
Q104652605	6000000079517311834
Q104652607	6000000090364416459
Q104652609	6000000203175752827
Q104652614	6000000077337052827
Q104652617	6000000077337267283
Q104652621	6000000041720245456
Q104652625	6000000041720596019
Q104652626	6000000013894705178
Q104652629	6000000037678375344
Q104652630	6000000043759612428
Q104652632	6000000202070601874
Q104652637	6000000147636092924
Q104652639	6000000001610938677
Q104652642	6000000192152927831
Q104652644	6000000066484822898
Q104652648	6000000061745371958
Q104652650	6000000061913876844
Q104652651	6000000189978668847
Q104652654	6000000020677100456
Q104652655	6000000004970124009
Q104652658	6000000020677329873
Q104652661	6000000000832882881
Q104652664	6000000004037021062
Q104652666	6000000004036904423
Q104652673	6000000215106056845
Q104652676	6000000197079452835
Q104652679	6000000197079246833
Q104652680	6000000048813033140
Q104652683	6000000104485636166
Q104652684	6000000104486649911
Q104652685	6000000012676214500
Q104652692	6000000194987111849
Q104652693	6000000194942927840
Q104652694	6000000186775733847
Q104652695	6000000194942839849
Q104652700	6000000038916290104
Q104652703	6000000193995287840
Q104652704	6000000193991892836
Q104652705	6000000180248862824
Q104652706	6000000100088817844
Q104652710	6000000100089107823
Q104652711	6000000041906808053
Q104652712	6000000176455572843
Q104652761	6000000176341193835
Q104652771	6000000197355491839
Q104652772	6000000102527743577
Q104652773	6000000090782886995
Q104652781	6000000037899578197
Q104652787	6000000028333336437
Q104652796	6000000037500195144
Q104652799	6000000197096259840
Q104652810	6000000040228138882
Q104652833	6000000187692230343
Q104652836	6000000209743183850
Q104652838	6000000209743398825
Q104652840	6000000042043775169
Q104652842	6000000176291233821
Q104652843	6000000151442295862
Q104652845	6000000052347734892
Q104652846	6000000052347756850
Q104652848	6000000182418001894
Q104652849	6000000068524725041
Q104652864	6000000187461809822
Q104652868	6000000081545539938
Q104652869	6000000081544641256
Q104652870	6000000081547168848
Q104652871	6000000044253321547
Q104652876	6000000051429908064
Q104652878	6000000156664810821
Q104652879	6000000156664409834
Q104652880	6000000187693653830
Q104652881	6000000187693651822
Q104652884	6000000005231315141
Q104652885	6000000007221950524
Q104652887	6000000055256559169
Q104652891	6000000055256550072
Q104652892	6000000026508061859
Q104652893	6000000002256592338
Q104652900	6000000052214637921
Q104652913	6000000199579166821
Q104652914	6000000055001682882
Q104652915	6000000055001962844
Q104652918	6000000073979184989
Q104652921	6000000052503516852
Q104652924	4596164113710043164
Q104652928	6000000014864929262
Q104652930	6000000182121575016
Q104652932	6000000041197762712
Q104652933	6000000023073264494
Q104652935	6000000195817527137
Q104652936	6000000171754429901
Q104652951	6000000179639718823
Q104652957	6000000182015666897
Q104652958	6000000074105274047
Q104652963	6000000056459248826
Q104652965	6000000042839934350
Q104652968	6000000030450199894
Q104652969	6000000040227547238
Q104652972	6000000002110585130
Q104652973	6000000152800396922
Q104652974	6000000040227454603
Q104652975	6000000170420717349
Q104652978	6000000037358232851
Q104652984	6000000000061322975
Q104652985	6000000056458844107
Q104652986	6000000056459034034
Q104652988	6000000202387704833
Q104652990	6000000039203380339
Q104652991	6000000071390068406
Q104652993	6000000023404362868
Q104652995	6000000127180612876
Q104653000	6000000003747068111
Q104653001	6000000081925506840
Q104653002	6000000021488699409
Q104653005	6000000026202112062
Q104653006	6000000026186962618
Q104653009	6000000122672205833
Q104653010	6000000066920495472
Q104653011	6000000201499083876
Q104653012	6000000039102030416
Q104653013	6000000025860466996
Q104653015	6000000016170055795
Q104653017	6000000207053656830
Q104653022	6000000011014730729
Q104653023	6000000008679789368
Q104653027	6000000031445896062
Q104653029	6000000041255917840
Q104653030	6000000041255843925
Q104653031	6000000195468182829
Q104653033	4308453454810060012
Q104653035	6000000041748164076
Q104653036	6000000041747689801
Q104653037	6000000041748292834
Q104653040	6000000076771992306
Q104653041	6000000059550006525
Q104653044	6000000051615522825
Q104653045	6000000191477700836
Q104653048	6000000077190576366
Q104653051	6000000032844542929
Q104653052	6000000028276805766
Q104653053	6000000177030349888
Q104653056	6000000141863546856
Q104653058	6000000028829873944
Q104653061	6000000177614468862
Q104653073	6000000132514873837
Q104653074	6000000001374657711
Q104653077	6000000172617588705
Q104653080	6000000080752768491
Q104653081	6000000199023832857
Q104653082	6000000031475786250
Q104653086	6000000177045090821
Q104653087	6000000135278470951
Q104653088	6000000148647635850
Q104653090	6000000045739697877
Q104653092	6000000178121615824
Q104653094	6000000093242622825
Q104653098	6000000058248726102
Q104653101	6000000177044926844
Q104653104	6000000051923384244
Q104653106	6000000189142386823
Q104653115	6000000003259833795
Q104653116	6000000081914900935
Q104653121	6000000043306802320
Q104653123	6000000185821696892
Q104653124	6000000008520228345
Q104653126	6000000186216343847
Q104653127	6000000183252359855
Q104653128	6000000186226344246
Q104653131	6000000182013022840
Q104653133	6000000194803050222
Q104653134	6000000195080548839
Q104653135	6000000195062261821
Q104653143	6000000028995751435
Q104653146	6000000173061202850
Q104653157	6000000106943468870
Q104653158	6000000106943793869
Q104653163	6000000130550031884
Q104653168	6000000017639324390
Q104653170	6000000017639245008
Q104653174	6000000176466589821
Q104653181	6000000040200261635
Q104653182	6000000121678619940
Q104653184	6000000059890654849
Q104653185	6000000002880688865
Q104653191	6000000038338336389
Q104653192	6000000106443845825
Q104653193	6000000021026528703
Q104653194	6000000149620166853
Q104653197	6000000027665535955
Q104653198	6000000023857943623
Q104653208	6000000054945998872
Q104653209	6000000044458195434
Q104653210	6000000044090676537
Q104653211	6000000055307983858
Q104653212	6000000036437361312
Q104653213	6000000081133581473
Q104653214	6000000162388562821
Q104653216	6000000184712834121
Q104653218	6000000180591632859
Q104653220	6000000025123191657
Q104653224	6000000033353543741
Q104653227	6000000133978590984
Q104653229	6000000019204814100
Q104653230	6000000079326172168
Q104653232	6000000113454914886
Q104653233	6000000014894727532
Q104653235	6000000040992425753
Q104653236	6000000010551579550
Q104653243	6000000061381432909
Q104653245	6000000016567030173
Q104653246	6000000117215780847
Q104653247	6000000209461328830
Q104653250	5068631356120127362
Q104653251	6000000075026447841
Q104653253	6000000108153971821
Q104653254	6000000018893395636
Q104653257	6000000025128345558
Q104653259	6000000008750106119
Q104653261	6000000018435484521
Q104653264	6000000008750912279
Q104653265	6000000036878905122
Q104653267	6000000008750915206
Q104653268	6000000087535893833
Q104653269	6000000017966065809
Q104653270	6000000017966392616
Q104653274	6000000049975240969
Q104653275	6000000072385962939
Q104653277	6000000049977156975
Q104653281	6000000014686333014
Q104653285	6000000024092232075
Q104653287	6000000024092030695
Q104653292	6000000077195131866
Q104653293	6000000077194995979
Q104653294	6000000077194341479
Q104653295	6000000077191418579
Q104653298	6000000193390084849
Q104653299	6000000071540155076
Q104653306	6000000100033253825
Q104653307	6000000080343758833
Q104653311	6000000080491625915
Q104653315	6000000100369036898
Q104653319	6000000045648647825
Q104653320	6000000045648845841
Q104653321	6000000017709868225
Q104653322	6000000147162254829
Q104653343	6000000016450732352
Q104653345	6000000026437384902
Q104653346	6000000073393426890
Q104653349	6000000000316118918
Q104653350	6000000000316380049
Q104653354	289794932530006854
Q104653355	6000000044288198985
Q104653356	6000000044287938962
Q104653357	6000000012659464472
Q104653359	6000000044295486373
Q104653361	6000000044287506407
Q104653362	6000000044296840857
Q104653363	6000000062683672854
Q104653366	6000000021066070385
Q104653368	6000000021066231091
Q104653372	6000000051976377821
Q104653373	6000000018674857470
Q104653374	6000000003598989213
Q104653375	6000000014685725624
Q104653376	6000000018358161435
Q104653377	6000000195367208823
Q104653380	6000000034566146529
Q104653381	6000000034566743932
Q104653383	6000000018358146854
Q104653385	6000000086869452821
Q104653386	6000000049942072974
Q104653387	6000000049943886289
Q104653390	6000000018539829509
Q104653391	6000000081286511116
Q104653393	6000000041110022066
Q104653394	6000000018539114676
Q104653396	6000000012429958268
Q104653399	6000000084686279628
Q104653400	6000000037571481041
Q104653401	6000000052064058214
Q104653402	4743895416870071340
Q104653404	6000000031943199922
Q104653406	6000000016126654559
Q104653407	6000000016126937765
Q104653408	6000000016127408017
Q104653413	6000000083343015152
Q104653415	6000000083343261030
Q104653421	6000000017540198205
Q104653422	6000000021359001309
Q104653423	6000000042621182644
Q104653425	6000000092138208084
Q104653426	6000000014884174940
Q104653428	6000000040949667787
Q104653429	6000000076475747892
Q104653433	6000000076218774430
Q104653434	6000000049615555843
Q104653435	6000000076475620821
Q104653437	6000000028869160434
Q104653438	6000000004589974884
Q104653441	6000000017162253197
Q104653442	6000000017162253205
Q104653443	6000000017162253202
Q104653447	6000000175335494879
Q104653448	6000000088132456200
Q104653449	6000000088166076835
Q104653451	6000000020454564004
Q104653452	6000000081490517136
Q104653453	6000000081490442323
Q104653456	6000000008507390449
Q104653457	6000000097679245067
Q104653458	6000000025072268482
Q104653459	6000000051976452916
Q104653460	6000000078078967963
Q104653461	6000000018676765634
Q104653462	6000000029577041726
Q104653463	6000000038399260386
Q104653469	6000000018648341301
Q104653472	6000000029577484201
Q104653474	6000000026725085123
Q104653477	6000000014516811005
Q104653485	6000000018327251508
Q104653486	6000000018327395768
Q104653487	6000000018326606806
Q104653490	6000000040511535883
Q104653491	6000000033797518940
Q104653494	6000000018924324986
Q104653498	6000000201263252836
Q104653499	6000000033797171425
Q104653503	6000000033792789452
Q104653504	6000000058000667256
Q104653506	6000000022986718902
Q104653509	6000000018924128465
Q104653510	6000000031778162846
Q104653513	6000000049497999544
Q104653518	6000000163792470833
Q104653529	6000000013489725914
Q104653530	6000000017633280251
Q104653532	6000000025072678873
Q104653534	6000000052485815885
Q104653535	6000000062904996821
Q104653536	6000000021548593655
Q104653537	6000000026380121269
Q104653540	6000000063286003888
Q104653542	6000000022205305992
Q104653545	6000000063286032060
Q104653547	6000000017838237776
Q104653549	6000000165399126827
Q104653550	6000000165399241821
Q104653554	6000000192542886879
Q104653559	6000000095612341821
Q104653567	6000000143238046909
Q104653569	6000000204021051906
Q104653588	6000000113457494827
Q104653592	6000000113457046869
Q104653618	6000000052034714916
Q104653627	6000000091636842060
Q104653630	6000000042515995686
Q104653631	6000000164063984821
Q104653636	6000000019468950165
Q104653637	6000000002562434521
Q104653638	6000000021183793948
Q104653639	6000000002562434534
Q104653642	6000000024513585808
Q104653646	6000000032274519399
Q104653647	6000000032274395371
Q104653650	6000000057395990856
Q104653651	6000000050317340013
Q104653652	6000000050218602120
Q104653653	6000000108264404108
Q104653655	6000000032917450873
Q104653657	6000000032917366932
Q104653658	6000000025850465178
Q104653662	6000000040081586139
Q104653663	6000000042515570747
Q104653671	6000000120930283220
Q104653674	6000000120932746852
Q104653676	6000000026273493390
Q104653677	6000000026273408415
Q104653679	6000000035396531840
Q104653680	6000000035396360044
Q104653681	6000000035395676360
Q104653687	6000000017413806234
Q104653688	6000000017413334720
Q104653689	6000000017414032134
Q104653690	6000000017413984394
Q104653693	6000000017681816640
Q104653695	6000000032980629073
Q104653696	6000000009787095761
Q104653697	6000000017316551909
Q104653698	6000000059292235821
Q104653701	6000000017790153309
Q104653702	6000000025127380213
Q104653703	6000000027934346016
Q104653704	6000000176844243834
Q104653705	6000000027934137185
Q104653707	6000000019554301643
Q104653708	6000000027933584724
Q104653709	6000000071687419830
Q104653710	6000000071688392824
Q104653711	6000000071688241921
Q104653713	6000000084255997018
Q104653716	6000000048282438821
Q104653717	6000000186220085320
Q104653722	6000000076860414343
Q104653723	6000000002215919366
Q104653724	6000000024567437634
Q104653725	6000000205749147887
Q104653727	6000000020133256551
Q104653795	6000000077333918948
Q104653798	6000000034997782952
Q104653801	6000000022700692455
Q104653802	6000000023794792550
Q104653806	6000000049461983005
Q104653807	6000000018096079068
Q104653809	6000000177024436844
Q104653814	6000000021029039146
Q104653815	6000000077129256398
Q104653816	6000000072104484878
Q104653818	6000000202454987836
Q104653821	6000000119516044875
Q104653827	6000000158797379865
Q104653834	6000000095093094844
Q104653837	6000000151299958827
Q104653850	6000000016691067009
Q104653859	6000000202685752821
Q104653863	6000000202666926833
Q104653870	6000000189980959839
Q104653875	6000000130456221847
Q104653879	6000000037693174289
Q104653882	6000000211293308821
Q104653890	6000000177609568119
Q104653893	6000000186290211848
Q104653902	6000000031384350035
Q104653914	6000000000832872824
Q104653915	6000000055008420821
Q104653917	6000000007962175591
Q104653918	6000000002764534028
Q104653920	6000000173101553972
Q104653921	6000000074074666863
Q104653924	6000000039105100163
Q104653925	6000000113485750992
Q104653933	6000000039680733947
Q104653936	6000000078258378336
Q104653937	6000000045870951869
Q104653941	6000000076568869869
Q104653946	6000000193289237822
Q104653951	6000000038918727612
Q104653954	6000000183253845832
Q104653955	6000000181038847836
Q104653959	6000000172832285867
Q104653962	6000000203118462865
Q104653965	6000000181513032842
Q104653969	6000000178324022858
Q104653970	6000000029154566215
Q104653973	6000000077944055119
Q104653975	6000000067173650887
Q104653979	6000000018464551552
Q104653982	6000000013725077444
Q104653984	6000000037512884442
Q104653993	6000000050783894836
Q104653997	6000000088282939822
Q104654001	6000000177074264822
Q104654003	6000000113344684833
Q104654007	6000000032129941355
Q104654008	6000000031476018846
Q104654010	4308390860720034048
Q104654011	6000000108644356030
Q104654012	6000000160583129842
Q104654013	6000000016184515228
Q104654015	6000000056173108998
Q104654016	6000000017477688042
Q104654017	6000000015286200386
Q104654019	6000000015285675779
Q104654025	6000000002765648971
Q104654031	6000000007316917780
Q104654034	6000000040582329423
Q104654038	6000000026903256595
Q104654039	6000000012737354834
Q104654041	6000000017237124429
Q104654044	6000000049830513890
Q104654045	6000000001732271267
Q104654046	6000000031227737830
Q104654047	6000000010500301471
Q104654049	6000000086072474966
Q104654055	6000000009918805833
Q104654056	6000000035598073918
Q104654057	6000000026902815403
Q104654058	6000000017617525151
Q104654061	6000000039232848910
Q104654062	5034271488060050489
Q104654064	6000000018388730656
Q104654065	6000000017236762848
Q104654067	6000000077953875261
Q104654068	6000000014947342107
Q104654069	6000000018392174974
Q104654072	6000000195550681831
Q104654075	6000000189635016909
Q104654080	6000000191457511827
Q104654086	6000000013909112959
Q104654088	6000000054832413922
Q104654094	6000000105942958935
Q104654096	6000000112854754839
Q104654098	6000000009895108482
Q104654099	6000000025412212465
Q104654100	6000000112854276882
Q104654109	6000000021044361275
Q104654111	6000000112853755149
Q104654113	6000000190449798833
Q104654115	6000000189678907823
Q104654120	6000000041542671552
Q104654121	6000000094560592825
Q104654122	6000000021016792293
Q104654123	6000000021016520330
Q104654124	6000000021017072983
Q104654125	6000000004258724529
Q104654126	6000000002802259644
Q104654127	6000000004258521599
Q104654128	6000000022526605759
Q104654131	6000000175512558828
Q104654137	6000000030553756140
Q104654144	6000000017096978694
Q104654146	6000000175511600843
Q104654153	6000000045662456285
Q104654162	6000000022384558318
Q104654165	6000000007851925384
Q104654168	6000000090665889846
Q104654173	6000000008798946851
Q104654174	6000000015656173547
Q104654184	6000000005083784294
Q104654185	6000000014055009172
Q104654190	6000000033045975699
Q104654197	6000000179644200828
Q104654199	6000000214285243823
Q104654202	6000000051533104167
Q104654212	6000000001444134239
Q104654215	6000000019094994047
Q104654222	6000000008825937232
Q104654223	6000000184366076909
Q104654224	6000000008825594702
Q104654226	6000000024680408311
Q104654232	6000000202513203834
Q104654234	6000000013733197712
Q104654235	6000000018431916679
Q104654238	6000000198016881857
Q104654239	6000000077476343027
Q104654243	6000000036817007121
Q104654245	6000000187008136824
Q104654247	6000000025633521946
Q104654248	6000000069928297432
Q104654249	6000000025632810444
Q104654250	6000000069929694413
Q104654252	6000000172124658329
Q104654255	6000000002058697818
Q104654258	6000000045416399842
Q104654259	6000000002554112374
Q104654260	6000000010423092436
Q104654261	6000000017617108342
Q104654262	6000000031632739101
Q104654265	6000000064269690821
Q104654268	6000000046701315805
Q104654271	6000000082517393320
Q104654277	6000000004150315420
Q104654279	6000000011023585222
Q104654288	6000000039126246612
Q104654295	6000000032768196655
Q104654297	6000000194119075852
Q104654299	6000000193199110822
Q104654302	6000000031138482842
Q104654305	6000000040546115344
Q104654307	6000000025959211062
Q104654308	6000000192296261832
Q104654309	6000000192296257832
Q104654310	6000000041877304035
Q104654313	6000000077813941068
Q104654324	6000000064659549896
Q104654326	6000000023294587448
Q104654327	6000000023724541832
Q104654332	6000000018427452091
Q104654333	6000000033726003850
Q104654335	6000000020376837295
Q104654336	6000000024080121200
Q104654339	6000000108643107097
Q104654341	6000000011316392395
Q104654344	6000000051440893843
Q104654346	6000000017352724263
Q104654347	6000000061118908822
Q104654349	6000000017352631342
Q104654356	6000000202631828850
Q104654362	6000000011981871008
Q104654363	6000000029497024792
Q104654364	6000000024941993101
Q104654366	6000000016128854461
Q104654382	6000000195064178835
Q104654385	6000000168072572821
Q104654395	6000000184289248834
Q104654399	6000000031801263943
Q104654400	6000000011695547855
Q104654405	6000000040846151289
Q104654407	6000000147886364824
Q104654408	6000000022410646638
Q104654410	6000000143600426821
Q104654419	6000000033439302956
Q104654422	6000000036735454410
Q104654424	6000000036736210054
Q104654425	6000000032147994562
Q104654426	6000000032147834760
Q104654431	6000000041572267825
Q104654435	6000000013040413243
Q104654444	6000000095712912980
Q104654449	6000000022794622728
Q104654450	6000000010084799609
Q104654451	6000000010894247178
Q104654452	6000000180140532842
Q104654454	6000000012860399973
Q104654455	6000000026166203713
Q104654456	6000000013289157687
Q104654459	6000000013247556626
Q104654463	6000000009619287269
Q104654466	6000000010084843380
Q104654468	6000000039276234976
Q104654469	6000000015070702425
Q104654470	6000000009619287249
Q104654471	6000000170622812914
Q104654475	6000000208950609932
Q104654497	6000000090851262825
Q104654499	6000000169782750854
Q104654502	6000000161330200836
Q104654503	6000000013125479541
Q104654505	6000000194397565928
Q104654506	6000000013125479537
Q104654508	6000000017351362484
Q104654513	6000000170421765907
Q104654520	6000000009876193454
Q104654523	6000000032290424953
Q104654525	6000000173440998992
Q104654528	6000000032289431902
Q104654530	6000000173440124037
Q104654532	6000000009876341273
Q104654535	6000000009876273618
Q104654541	6000000021078309856
Q104654545	6000000009704655057
Q104654548	6000000009704669080
Q104654552	6000000010546763807
Q104654555	6000000027016746441
Q104654556	6000000191777141824
Q104654557	3380010
Q104654558	3380016
Q104654562	6000000179946611824
Q104654572	6000000024656657859
Q104654575	6000000022149340853
Q104654581	6000000015477970037
Q104654584	6000000009296823921
Q104654585	6000000016316592522
Q104654597	6000000209473544843
Q104654608	6000000020214200822
Q104654611	6000000073416524821
Q104654617	6000000012161926769
Q104654619	6000000194344919873
Q104654630	6000000181220792835
Q104654632	6000000025296817953
Q104654638	6000000012778713564
Q104654639	6000000120628516345
Q104654640	6000000041890189405
Q104654642	6000000019615502520
Q104654647	6000000002765700452
Q104654648	6000000014928752599
Q104654651	6000000054035038902
Q104654653	6000000021255767094
Q104654658	6000000024999325353
Q104654659	6000000078063440000
Q104654662	6000000017653007553
Q104654666	6000000078063136036
Q104654668	6000000212502956866
Q104654672	6000000211438035829
Q104654675	6000000211438118823
Q104654678	6000000116900811874
Q104654680	6000000180010689823
Q104654682	6000000074078411977
Q104654732	6000000016954833477
Q104654734	6000000020372541491
Q104654735	6000000016064818638
Q104654736	6000000042612651385
Q104654744	6000000000388659178
Q104654747	6000000078184656942
Q104654750	6000000034197916412
Q104654753	6000000079536307038
Q104654754	6000000034195974464
Q104654755	6000000044415649950
Q104654758	6000000057979336959
Q104654760	6000000067505602906
Q104654762	6000000040000317840
Q104654763	6000000019381000271
Q104654764	6000000019373672623
Q104654765	6000000019381104176
Q104654768	6000000025803205233
Q104654772	6000000056219857981
Q104654776	6000000030110089424
Q104654779	6000000060889654876
Q104654780	6000000031806381664
Q104654784	6000000201115591896
Q104654785	6000000201121014824
Q104654789	6000000004058204652
Q104654791	6000000004058207280
Q104654793	6000000022199973576
Q104654795	6000000050679840297
Q104654796	6000000033826746915
Q104654798	6000000033826351989
Q104654802	6000000028670200040
Q104654803	6000000097863333865
Q104654807	6000000178435225866
Q104654809	6000000018412554654
Q104654810	6000000028078727223
Q104654811	6000000097862939870
Q104654812	6000000021428060278
Q104654813	6000000082647094852
Q104654814	6000000193514356850
Q104654817	6000000015433563110
Q104654818	6000000082646153155
Q104654819	6000000097863139829
Q104654820	6000000106439913845
Q104654824	6000000020329689947
Q104654827	6000000019587832096
Q104654830	6000000046887622909
Q104654835	6000000046082975898
Q104654836	6000000178434728873
Q104654838	6000000022199136670
Q104654841	6000000073058851948
Q104654842	6000000073059056880
Q104654844	6000000197241605836
Q104654845	6000000038341044097
Q104654846	6000000038341069086
Q104654847	6000000030040810312
Q104654849	6000000038341101104
Q104654850	6000000012534700567
Q104654853	6000000038336485928
Q104654854	6000000018789854415
Q104654855	6000000038336817958
Q104654857	6000000012534918346
Q104654859	6000000058150768970
Q104654861	6000000016652688981
Q104654864	6000000047196025922
Q104654866	6000000016652847019
Q104654867	6000000076825742038
Q104654868	6000000017557545106
Q104654869	6000000017557352070
Q104654870	6000000043643068920
Q104654871	6000000043640458563
Q104654874	6000000078419981556
Q104654876	6000000018078846150
Q104654879	6000000001490237173
Q104654880	6000000034120647676
Q104654882	6000000027665558102
Q104654884	6000000035591115823
Q104654886	6000000038212846535
Q104654888	6000000019163807755
Q104654889	6000000077156338001
Q104654890	6000000019831697141
Q104654891	6000000020197687845
Q104654893	6000000016518420158
Q104654894	6000000017297772881
Q104654895	6000000081522559911
Q104654896	6000000038264849606
Q104654897	6000000018345307617
Q104654899	6000000024628806856
Q104654900	6000000036943064959
Q104654901	6000000025641169841
Q104654902	6000000073427837053
Q104654904	6000000018856718028
Q104654905	6000000019831667667
Q104654906	6000000029577233144
Q104654907	6000000186122335965
Q104654909	6000000018549701018
Q104654910	6000000191468003837
Q104654911	6000000046659298978
Q104654912	6000000026614592083
Q104654915	6000000125385669059
Q104654916	6000000018374537141
Q104654919	6000000192931026822
Q104654920	6000000078523553405
Q104654921	6000000010513312099
Q104654922	6000000038431400049
Q104654924	6000000038399982006
Q104654925	6000000038213022659
Q104654926	6000000019832044673
Q104654929	6000000015184027228
Q104654931	6000000015664727429
Q104654934	6000000023746983525
Q104654940	6000000019033614571
Q104654941	6000000015184067456
Q104654944	6000000038266442971
Q104654945	6000000014300973544
Q104654946	6000000021648897571
Q104654948	6000000034207044466
Q104654949	6000000001490237306
Q104654956	6000000041936017297
Q104654957	6000000034207173495
Q104654959	6000000193754953821
Q104654960	6000000015433186527
Q104654961	6000000022251085451
Q104654968	6000000038449004902
Q104654969	6000000016065095022
Q104654972	6000000036292903880
Q104654978	6000000074091499859
Q104654980	6000000018656398585
Q104654982	6000000018552055078
Q104654984	6000000007961931180
Q104654985	6000000016452190552
Q104654986	6000000024934961657
Q104654988	6000000191468048836
Q104654990	6000000018676108906
Q104654992	6000000197113379834
Q104654998	6000000022799388844
Q104655000	6000000191493105838
Q104655001	6000000051000085457
Q104655002	6000000026614755205
Q104655003	6000000013194924229
Q104655006	6000000134550543183
Q104655008	6000000100550592928
Q104655009	6000000023469930820
Q104655010	6000000027131038230
Q104655011	6000000019832356049
Q104655013	6000000036719932068
Q104655014	6000000001489980365
Q104655016	6000000023353285898
Q104655017	6000000038494977522
Q104655019	6000000038450138591
Q104655020	6000000017857763097
Q104655021	6000000027666011876
Q104655024	6000000008710894703
Q104655025	6000000018250293576
Q104655038	6000000014851273521
Q104655039	6000000012962322107
Q104655048	6000000037887770141
Q104655050	6000000038541671040
Q104655052	6000000025658416855
Q104655053	6000000018655011856
Q104655060	6000000015664675469
Q104655062	6000000011419652061
Q104655063	6000000001490147198
Q104655064	6000000014850264459
Q104655065	6000000026614955085
Q104655067	6000000008710692506
Q104655069	6000000027136507704
Q104655071	6000000073428643915
Q104655072	6000000036399661378
Q104655075	6000000030744748238
Q104655076	6000000051003122980
Q104655077	6000000025657087927
Q104655080	6000000036433290584
Q104655082	6000000046659443151
Q104655085	6000000011420782923
Q104655090	6000000014528134541
Q104655094	6000000036691282874
Q104655104	6000000125386681893
Q104655112	6000000000357029966
Q104655114	6000000014894747636
Q104655116	6000000011420825160
Q104655118	6000000033303276734
Q104655123	6000000021651908899
Q104655131	6000000024680720263
Q104655132	6000000079611263504
Q104655135	6000000041074768821
Q104655136	6000000015159850299
Q104655138	6000000178586930831
Q104655141	6000000036413617172
Q104655142	6000000059926495861
Q104655143	6000000001490262265
Q104655144	6000000099581844948
Q104655148	6000000009289065016
Q104655150	6000000192077010834
Q104655151	340328415760012602
Q104655154	6000000019493608489
Q104655156	6000000016592358111
Q104655159	6000000171540687161
Q104655161	6000000036510315183
Q104655162	6000000018373031361
Q104655164	6000000036455783217
Q104655165	6000000073428869830
Q104655167	6000000100549203042
Q104655168	6000000191468137844
Q104655169	6000000025657596126
Q104655172	6000000037944190172
Q104655173	6000000037742208993
Q104655174	6000000036399463359
Q104655177	6000000014423534122
Q104655178	6000000018856675206
Q104655179	6000000196830509829
Q104655180	6000000178158178821
Q104655183	6000000018663962065
Q104655186	6000000018515662225
Q104655188	6000000019870984828
Q104655190	6000000205508512897
Q104655191	6000000192381627861
Q104655192	6000000100821188547
Q104655193	6000000012962393586
Q104655197	6000000019831611585
Q104655199	6000000026566453106
Q104655202	6000000173815041043
Q104655204	6000000077016565058
Q104655206	6000000079612294873
Q104655208	6000000095442497877
Q104655209	6000000037814564857
Q104655215	6000000038213075319
Q104655216	6000000018372862880
Q104655218	6000000033308836046
Q104655223	6000000010551437543
Q104655228	6000000201239090839
Q104655231	6000000081405853930
Q104655232	6000000019831771724
Q104655234	6000000035873716105
Q104655235	6000000027652350786
Q104655241	6000000016885912513
Q104655243	6000000037742111223
Q104655245	6000000022409806881
Q104655250	6000000038431530118
Q104655251	6000000092820588948
Q104655252	6000000075790619091
Q104655254	6000000037914888476
Q104655262	6000000007961924132
Q104655263	6000000018677087216
Q104655264	6000000203923442821
Q104655266	6000000023724947691
Q104655268	6000000038495750848
Q104655275	6000000038783274104
Q104655277	6000000037833445256
Q104655278	6000000100823069885
Q104655279	6000000012961805153
Q104655280	6000000087890174907
Q104655282	6000000023891104058
Q104655283	6000000047804663821
Q104655285	6000000037787095180
Q104655286	6000000038709123721
Q104655288	6000000019100710551
Q104655289	6000000038549363841
Q104655290	6000000038515137105
Q104655291	6000000035873419603
Q104655294	6000000014850599643
Q104655296	6000000015103222763
Q104655297	6000000018856567404
Q104655301	6000000015976089561
Q104655302	6000000014891655623
Q104655303	6000000016627132504
Q104655305	6000000018250671336
Q104655306	6000000100823407905
Q104655307	4475001219360022111
Q104655313	6000000018555833598
Q104655314	6000000103191275569
Q104655315	6000000014890783413
Q104655316	6000000018528403126
Q104655317	6000000035381896326
Q104655318	6000000011420186160
Q104655319	6000000008708258668
Q104655321	6000000036376345008
Q104655323	6000000171541872841
Q104655324	6000000174896810132
Q104655325	6000000018960963100
Q104655327	6000000021651452487
Q104655329	6000000001490237244
Q104655331	6000000038520169123
Q104655332	6000000012534966237
Q104655333	6000000081055462940
Q104655334	6000000036399472229
Q104655335	6000000077646136048
Q104655336	6000000018464667443
Q104655337	6000000038519593270
Q104655338	6000000038042571001
Q104655340	6000000096329570934
Q104655341	6000000047804100204
Q104655342	6000000018677176783
Q104655344	6000000001490366055
Q104655345	6000000201517901828
Q104655347	6000000186125211856
Q104655348	6000000011421346551
Q104655349	6000000036684142899
Q104655350	6000000018856391112
Q104655351	6000000014850909039
Q104655357	6000000018373530375
Q104655365	6000000187494756869
Q104655366	6000000037692197098
Q104655367	6000000018464908875
Q104655370	6000000035872031717
Q104655371	6000000023354355278
Q104655372	6000000021651797099
Q104655375	6000000188194066867
Q104655377	6000000038214506889
Q104655378	6000000024627313992
Q104655380	6000000038738864849
Q104655381	6000000018344740436
Q104655382	6000000037808733981
Q104655384	6000000073428770862
Q104655385	6000000035872490058
Q104655386	6000000018662392962
Q104655391	6000000151431552068
Q104655392	6000000019178113857
Q104655393	6000000075790380834
Q104655398	6000000041128374146
Q104655399	6000000041003343510
Q104655400	6000000036305430115
Q104655401	6000000047804532931
Q104655402	6000000008697058814
Q104655403	6000000050600924882
Q104655405	6000000019175257567
Q104655408	6000000035382566013
Q104655411	6000000017184677183
Q104655412	6000000125386929834
Q104655413	6000000151432899916
Q104655414	6000000038448622576
Q104655416	6000000038507247011
Q104655417	6000000022251085459
Q104655418	6000000081134447849
Q104655419	6000000018371927980
Q104655420	6000000038448693160
Q104655423	6000000085219787847
Q104655425	6000000037804433708
Q104655426	6000000038400299198
Q104655427	6000000027138066140
Q104655428	6000000100822466242
Q104655429	6000000034471282514
Q104655430	6000000025661161091
Q104655431	6000000018374083932
Q104655432	6000000014742391026
Q104655433	6000000019468896366
Q104655435	6000000035873464522
Q104655446	6000000000338970152
Q104655448	6000000080114238297
Q104655452	6000000000363162537
Q104655459	6000000000338958920
Q104655460	6000000172585437760
Q104655462	6000000080114877129
Q104655463	6000000000338960326
Q104655466	6000000018636503039
Q104655467	6000000018636631017
Q104655469	6000000048651557845
Q104655471	6000000004590127704
Q104655472	6000000072028842315
Q104655475	6000000014833821139
Q104655483	6000000184092228015
Q104655484	6000000076852985864
Q104655488	6000000016506515081
Q104655492	6000000004959782316
Q104655496	6000000026867909092
Q104655501	6000000081130849614
Q104655502	6000000011221539972
Q104655503	6000000128100930142
Q104655504	6000000078052250030
Q104655505	6000000028081426736
Q104655509	6000000145537516828
Q104655510	6000000076852006701
Q104655511	6000000175994105871
Q104655513	6000000122773116863
Q104655519	6000000014882810662
Q104655520	6000000076858355846
Q104655523	6000000028417506507
Q104655525	6000000174333536854
Q104655526	6000000033287765876
Q104655527	6000000073431661940
Q104655528	6000000057364259849
Q104655529	6000000194335526823
Q104655532	6000000095613604085
Q104655534	6000000076744858484
Q104655535	6000000062816859822
Q104655536	6000000197262994821
Q104655538	6000000120839692910
Q104655539	6000000076853074923
Q104655542	6000000076888111211
Q104655543	6000000062687507315
Q104655544	6000000176373246947
Q104655545	6000000095617662884
Q104655547	6000000136916563346
Q104655550	6000000039596314381
Q104655554	6000000031724845706
Q104655559	6000000025526714599
Q104655561	6000000071799717901
Q104655562	6000000182965281833
Q104655568	6000000025413073792
Q104655579	6000000003705284525
Q104655587	6000000062815969412
Q104655588	6000000018893271872
Q104655639	6000000022515277354
Q104655640	6000000014882937966
Q104655641	6000000122461563002
Q104655643	6000000180055292843
Q104655644	6000000080177714917
Q104655648	6000000082571841902
Q104655650	6000000021465157325
Q104655653	6000000073431682929
Q104655655	6000000057364319832
Q104655659	6000000080176433124
Q104655664	6000000081121723939
Q104655665	6000000062687165065
Q104655666	6000000054174342935
Q104655672	6000000197150367826
Q104655674	6000000076856234025
Q104655677	6000000071800116877
Q104655679	6000000101121210874
Q104655680	6000000136917101121
Q104655686	6000000044070235866
Q104655689	6000000062699637872
Q104655690	6000000077225906970
Q104655694	6000000044090945078
Q104655695	6000000101122444903
Q104655700	6000000079684507893
Q104655703	6000000044091089852
Q104655704	6000000014979941541
Q104655705	6000000077907650173
Q104655706	6000000016577841817
Q104655708	6000000178983332839
Q104655709	6000000059889612714
Q104655711	6000000044342040258
Q104655718	6000000060495322887
Q104655723	6000000180053849855
Q104655726	6000000023793907521
Q104655729	6000000197129529846
Q104655730	6000000064207821908
Q104655733	6000000136954244985
Q104655734	6000000076859759102
Q104655737	6000000133372059824
Q104655742	6000000076856999162
Q104655744	6000000057364094845
Q104655745	6000000184094404840
Q104655757	6000000062699570333
Q104655761	6000000099801502837
Q104655763	6000000031726394915
Q104655764	6000000028066837416
Q104655765	6000000108350641278
Q104655766	6000000128093786038
Q104655767	6000000033308069337
Q104655770	6000000037626486967
Q104655771	6000000048636318091
Q104655772	6000000023794838371
Q104655776	6000000017443067830
Q104655779	6000000035001514905
Q104655787	6000000021465244062
Q104655792	6000000058575702847
Q104655793	6000000197741666822
Q104655794	6000000185204758832
Q104655797	6000000035001017469
Q104655799	6000000011221963454
Q104655801	6000000025377081613
Q104655805	6000000128090386140
Q104655806	6000000044868668042
Q104655809	6000000214109953838
Q104655810	6000000013954871038
Q104655815	6000000076858615464
Q104655821	6000000028650491954
Q104655822	6000000044119544924
Q104655823	6000000076859832012
Q104655830	6000000071798697752
Q104655834	6000000178982286980
Q104655836	6000000205722353850
Q104655837	6000000043356741382
Q104655838	6000000136917976839
Q104655841	6000000076857103820
Q104655846	6000000206642729839
Q104655847	6000000078052147978
Q104655848	6000000193067105849
Q104655867	6000000019049491302
Q104655872	6000000080823159850
Q104655874	6000000080821663630
Q104655877	6000000197385302879
Q104655879	6000000080821929427
Q104655887	6000000185946206003
Q104655889	6000000172477928287
Q104655890	6000000185949353869
Q104655891	6000000044414144568
Q104655892	6000000094438737972
Q104655899	6000000029244196650
Q104655904	6000000054945316073
Q104655905	6000000074855032833
Q104655908	6000000034278434790
Q104655909	6000000034424990505
Q104655912	6000000029244717984
Q104655914	6000000075026303040
Q104655915	6000000057364152035
Q104655918	6000000206531002821
Q104655919	6000000054945621858
Q104655920	6000000034279025092
Q104655923	6000000206518733829
Q104655924	6000000034425993042
Q104655925	6000000057364506857
Q104655926	6000000198125502858
Q104655928	6000000075026063927
Q104655932	6000000034278797491
Q104655933	6000000054945283009
Q104655934	6000000035067634176
Q104655936	6000000206530956837
Q104655937	6000000139504335832
Q104655938	6000000021320769085
Q104655940	6000000018067566769
Q104655941	6000000018891730099
Q104655942	6000000049651324082
Q104655943	6000000049550774254
Q104655944	6000000006931791091
Q104655945	6000000049942463842
Q104655946	6000000098618294833
Q104655947	6000000029554853022
Q104655948	6000000050387847881
Q104655953	6000000049862323846
Q104655956	6000000156955606825
Q104655960	6000000215074150873
Q104655967	6000000006931313455
Q104655968	6000000018067289770
Q104655970	6000000018891482195
Q104655973	6000000006917530004
Q104655976	6000000023907434890
Q104655979	6000000049222129839
Q104655986	6000000050215045217
Q104655988	6000000019846623844
Q104655990	6000000049861919932
Q104655993	6000000018891558118
Q104655995	6000000195536890828
Q104655998	6000000050358691838
Q104656001	6000000049886866821
Q104656004	6000000049886607180
Q104656005	6000000029554816983
Q104656006	6000000014347335081
Q104656008	6000000018891059719
Q104656010	6000000042026372606
Q104656011	6000000072238101031
Q104656012	6000000021026512444
Q104656013	6000000043288894744
Q104656015	6000000186842246835
Q104656017	6000000173273312999
Q104656018	6000000072238111896
Q104656020	6000000015440422288
Q104656027	6000000079935651875
Q104656032	6000000031328903287
Q104656033	6000000071005783973
Q104656039	6000000086973701853
Q104656040	6000000139683125898
Q104656043	6000000201548770828
Q104656044	6000000002388797850
Q104656045	6000000086973417097
Q104656057	6000000006873114735
Q104656062	6000000067373541936
Q104656067	6000000066946981846
Q104656068	6000000034585655041
Q104656069	6000000024104677974
Q104656073	6000000052486457856
Q104656075	6000000076390557932
Q104656076	6000000178870719830
Q104656081	6000000125390054914
Q104656082	6000000076390684939
Q104656084	6000000079935284024
Q104656089	6000000018541341564
Q104656093	6000000019150158341
Q104656098	6000000081965605890
Q104656099	6000000024102105756
Q104656101	6000000120606987821
Q104656103	6000000086973686920
Q104656104	6000000034584219518
Q104656106	6000000188874269838
Q104656107	6000000121648896856
Q104656110	6000000060279847833
Q104656118	6000000036138033128
Q104656119	6000000125388495000
Q104656120	6000000007537352294
Q104656121	6000000079580801111
Q104656122	6000000025512806424
Q104656125	6000000043934150827
Q104656126	6000000079935349943
Q104656127	6000000162388103822
Q104656129	6000000082023163972
Q104656136	6000000212250103833
Q104656137	6000000006873114690
Q104656146	6000000025844991677
Q104656148	6000000098478360872
Q104656150	6000000082023166146
Q104656153	6000000086972968125
Q104656154	6000000162390863822
Q104656159	6000000165665143034
Q104656168	6000000014057719428
Q104656169	6000000076390900906
Q104656171	6000000189026868842
Q104656176	6000000079935186194
Q104656177	6000000121610558833
Q104656179	6000000189067340831
Q104656180	6000000185529026217
Q104656183	6000000059760790876
Q104656184	6000000066924109871
Q104656187	6000000120606644854
Q104656188	6000000079934344449
Q104656191	6000000007537355433
Q104656193	6000000166879800849
Q104656194	6000000067346301047
Q104656195	6000000152460220821
Q104656201	6000000125444949900
Q104656202	6000000041110159385
Q104656203	6000000023673096823
Q104656204	6000000066947647825
Q104656206	6000000082009504980
Q104656208	6000000024103957668
Q104656213	6000000024104148621
Q104656218	6000000086967189164
Q104656224	6000000067374418821
Q104656225	6000000139682058982
Q104656226	6000000037770042514
Q104656239	6000000184288751867
Q104656241	6000000185330461962
Q104656246	6000000071737083426
Q104656249	6000000071738245195
Q104656250	6000000058355964870
Q104656253	6000000071738091211
Q104656255	6000000071738184967
Q104656257	6000000071738643908
Q104656265	6000000077195023480
Q104656266	6000000077195674256
Q104656269	6000000077194652478
Q104656270	6000000057364250058
Q104656275	6000000077195093886
Q104656276	6000000077195223286
Q104656278	6000000077196080484
Q104656279	6000000067327622959
Q104656283	6000000026867753577
Q104656284	6000000187270907935
Q104656286	6000000026867818358
Q104656287	6000000187271989821
Q104656288	6000000187272283863
Q104656293	6000000194521477889
Q104656296	6000000019360005807
Q104656298	6000000000620796708
Q104656299	6000000127061015140
Q104656300	6000000023858748049
Q104656301	6000000001438697583
Q104656305	6000000023858131413
Q104656307	6000000020470347901
Q104656310	6000000015444353183
Q104656313	6000000042929586095
Q104656315	6000000019360189404
Q104656316	6000000019360250523
Q104656317	6000000060632029852
Q104656319	6000000030593335204
Q104656320	6000000127061821966
Q104656321	6000000023858362050
Q104656323	6000000114171093972
Q104656324	6000000000620876604
Q104656325	6000000015444286416
Q104656327	6000000100340297905
Q104656328	6000000072168613049
Q104656331	6000000100343508951
Q104656332	6000000127062370870
Q104656333	6000000080010578200
Q104656334	6000000197200104821
Q104656336	6000000137129109947
Q104656337	6000000019360250518
Q104656338	6000000000620789603
Q104656343	6000000216581066840
Q104656345	6000000072169070883
Q104656347	6000000001438697623
Q104656348	6000000027910726137
Q104656350	6000000148660526462
Q104656352	6000000072168276281
Q104656353	6000000042929370341
Q104656356	6000000025499389853
Q104656357	6000000025499277879
Q104656359	6000000013204801295
Q104656361	6000000025498558729
Q104656363	6000000017871012200
Q104656364	6000000017871153213
Q104656366	6000000005769948903
Q104656372	6000000018191774729
Q104656373	6000000088056430981
Q104656376	6000000025608204406
Q104656377	6000000019689368893
Q104656378	6000000114793679935
Q104656382	6000000088136369084
Q104656383	6000000117137277979
Q104656384	6000000033808309683
Q104656385	6000000088055899121
Q104656387	6000000064168031837
Q104656388	6000000018527923809
Q104656391	6000000005703537006
Q104656394	6000000117138179867
Q104656395	6000000040850771821
Q104656396	6000000019689796021
Q104656402	6000000018528525702
Q104656403	6000000197048335873
Q104656404	6000000103195021044
Q104656405	6000000023247162834
Q104656407	6000000049498248253
Q104656408	6000000196888785824
Q104656410	6000000119122337982
Q104656412	6000000088137148188
Q104656413	6000000023247064908
Q104656414	6000000004403420046
Q104656415	6000000020865313791
Q104656416	6000000019688769895
Q104656417	6000000119122559892
Q104656418	6000000114626305821
Q104656419	6000000018191771960
Q104656421	6000000119129666829
Q104656423	6000000037040207188
Q104656424	6000000011551338965
Q104656426	6000000114628392854
Q104656427	6000000088138419900
Q104656430	6000000019685362566
Q104656432	6000000198230348846
Q104656433	6000000197048543824
Q104656434	6000000084958298560
Q104656436	6000000033760090127
Q104656438	6000000088056957873
Q104656439	6000000037039968453
Q104656441	6000000114627141828
Q104656443	6000000127552510916
Q104656444	6000000088109750873
Q104656447	6000000119129182978
Q104656448	6000000149618493856
Q104656455	6000000096388510074
Q104656456	6000000020129521434
Q104656457	6000000192195265852
Q104656463	6000000054184554260
Q104656467	6000000192197297821
Q104656475	6000000059178173927
Q104656478	6000000018328517015
Q104656479	6000000077867003808
Q104656480	6000000041857829630
Q104656481	6000000204580895846
Q104656483	6000000019092546078
Q104656484	6000000042155595832
Q104656488	6000000061382071028
Q104656491	6000000067345575847
Q104656493	6000000077024261960
Q104656497	6000000018336076053
Q104656498	6000000044424292248
Q104656500	6000000018329610735
Q104656501	6000000019092479329
Q104656502	6000000024873522150
Q104656505	6000000033814301835
Q104656506	6000000080892110935
Q104656507	6000000019092381823
Q104656508	6000000044425101164
Q104656510	6000000033813993216
Q104656515	6000000071739348923
Q104656516	376515294140005797
Q104656518	6000000015433773815
Q104656519	6000000018335341729
Q104656520	6000000014717445850
Q104656522	6000000167358172831
Q104656523	6000000018329648822
Q104656525	6000000030304862898
Q104656527	6000000077867402773
Q104656530	6000000018192463237
Q104656531	6000000018262497476
Q104656534	6000000019537196571
Q104656536	6000000166877255821
Q104656542	6000000019537302145
Q104656545	6000000077024549016
Q104656546	6000000018329601717
Q104656548	6000000018329720063
Q104656551	6000000067797934821
Q104656553	376515669160013450
Q104656554	6000000212424401850
Q104656555	6000000033813660524
Q104656556	6000000019685090791
Q104656557	6000000049187584049
Q104656559	6000000033810362950
Q104656561	6000000019414743209
Q104656569	6000000199765225825
Q104656570	6000000108153642860
Q104656573	6000000012441530600
Q104656578	6000000197015541847
Q104656579	6000000018843164249
Q104656585	6000000210166605838
Q104656586	6000000023499855197
Q104656587	6000000083906062132
Q104656591	6000000094192633953
Q104656593	6000000094192833831
Q104656594	6000000016065870752
Q104656606	6000000037058115846
Q104656609	6000000131689941043
Q104656610	6000000178719493874
Q104656612	6000000045972606323
Q104656613	6000000041830334078
Q104656614	6000000021193485390
Q104656615	6000000201844649857
Q104656616	6000000040352740218
Q104656619	6000000041787751803
Q104656620	6000000131690272886
Q104656623	6000000178719880851
Q104656624	6000000037057797080
Q104656625	6000000131687971358
Q104656626	6000000021193495595
Q104656628	6000000191532166844
Q104656629	6000000031996546139
Q104656630	6000000191531837822
Q104656633	6000000007316917368
Q104656636	6000000012088401788
Q104656640	6000000012088521875
Q104656641	6000000021648059805
Q104656642	6000000007316917381
Q104656646	6000000012088126648
Q104656647	6000000187253853842
Q104656651	6000000034519810130
Q104656652	6000000007316917411
Q104656654	6000000182556419834
Q104656655	6000000019995251914
Q104656664	6000000007316917376
Q104656665	6000000007316917394
Q104656667	6000000081939822822
Q104656669	6000000007316917386
Q104656675	6000000012088397773
Q104656678	6000000035525166957
Q104656682	6000000007316917402
Q104656685	6000000020290887193
Q104656686	6000000009033437292
Q104656687	6000000031759220193
Q104656689	6000000015624003571
Q104656691	6000000016935662761
Q104656694	6000000015886423381
Q104656695	6000000011981701410
Q104656696	6000000013691964279
Q104656697	6000000015593083112
Q104656698	6000000019400801417
Q104656699	6000000004590257280
Q104656700	6000000015242509304
Q104656701	6000000014320049255
Q104656702	6000000017525230086
Q104656704	6000000015125062559
Q104656706	6000000015593115509
Q104656707	6000000019401179385
Q104656708	6000000015125115279
Q104656711	6000000013092393100
Q104656714	6000000019082725701
Q104656715	6000000019400724877
Q104656716	6000000010914326247
Q104656717	6000000010018169821
Q104656718	6000000015242605644
Q104656719	6000000019401235150
Q104656722	6000000020532367813
Q104656723	6000000016129819352
Q104656725	6000000010018397221
Q104656727	6000000037262376043
Q104656729	6000000021566180653
Q104656730	6000000010913442958
Q104656732	6000000179048145851
Q104656734	6000000179049644821
Q104656737	6000000010018357378
Q104656739	6000000017660151815
Q104656740	6000000016126262798
Q104656742	6000000028643753349
Q104656744	6000000019082893564
Q104656745	6000000018820569682
Q104656746	6000000011981529859
Q104656747	6000000010018283346
Q104656748	6000000016532087955
Q104656749	6000000040862650600
Q104656750	6000000021566388130
Q104656753	6000000073647218898
Q104656754	6000000019400714864
Q104656755	6000000039077344100
Q104656759	6000000039378622027
Q104656761	6000000096860342821
Q104656762	6000000179047718883
Q104656764	6000000018262516725
Q104656766	6000000017295710454
Q104656774	6000000082573527231
Q104656775	6000000082571962921
Q104656779	6000000017215455495
Q104656783	6000000041537252145
Q104656788	6000000018555794982
Q104656790	6000000040511535873
Q104656791	6000000194855205823
Q104656799	6000000015523983531
Q104656800	6000000064014106902
Q104656806	6000000133901848316
Q104656809	6000000182124865836
Q104656812	6000000016200368864
Q104656815	6000000068478281000
Q104656817	6000000076855730301
Q104656819	6000000185966713838
Q104656820	6000000174567165559
Q104656821	6000000116597617827
Q104656822	6000000000612564225
Q104656824	6000000182772419823
Q104656826	6000000200526761829
Q104656827	6000000000630331358
Q104656831	6000000184330745875
Q104656839	6000000089199341061
Q104656840	6000000100368861859
Q104656843	6000000059545536908
Q104656844	6000000123718912873
Q104656845	6000000182558517825
Q104656851	6000000035240647960
Q104656860	6000000042688231959
Q104656861	6000000176469399838
Q104656863	6000000015821856213
Q104656864	6000000153027460822
Q104656866	6000000052274392114
Q104656869	6000000109028861822
Q104656871	6000000133903703885
Q104656872	6000000216431653824
Q104656875	6000000181730356835
Q104656876	6000000015863951259
Q104656877	6000000159558507839
Q104656878	6000000017609448864
Q104656879	6000000181730074840
Q104656881	6000000180834226828
Q104656882	6000000184094611822
Q104656888	6000000113454738963
Q104656889	6000000123717691037
Q104656890	6000000184995541821
Q104656891	6000000182578153829
Q104656895	6000000097074892876
Q104656896	6000000174063100034
Q104656897	6000000011892266640
Q104656898	6000000174112295901
Q104656900	6000000123718155974
Q104656901	6000000145874457821
Q104656902	6000000080491906956
Q104656903	6000000039886807073
Q104656905	6000000050040851892
Q104656910	6000000185361521916
Q104656912	6000000080618651047
Q104656913	6000000013393206404
Q104656914	6000000042707280883
Q104656915	6000000011892304863
Q104656918	6000000113506847484
Q104656919	6000000068227103822
Q104656926	6000000041877682721
Q104656927	6000000015821829671
Q104656931	6000000174063216988
Q104656932	6000000063541556020
Q104656944	6000000041168983822
Q104656945	6000000025831431458
Q104656947	6000000020388792515
Q104656948	6000000042707032901
Q104656950	6000000178344182822
Q104656951	6000000123717460135
Q104656956	6000000004590257302
Q104656957	6000000216441063824
Q104656958	6000000018106580749
Q104656959	6000000216431313868
Q104656960	6000000174105123981
Q104656962	6000000127193744947
Q104656965	6000000073693480821
Q104656966	6000000103349070114
Q104656967	6000000012391486454
Q104656968	6000000116627600821
Q104656970	6000000050944183960
Q104656971	6000000185361231928
Q104656976	6000000182578098830
Q104656977	6000000093966382888
Q104656979	6000000018442914121
Q104656983	6000000124356374846
Q104656985	6000000020388793555
Q104656986	6000000130622831875
Q104656988	6000000178760464838
Q104656993	6000000085581355876
Q104656998	6000000042149524821
Q104657000	6000000080618986896
Q104657003	6000000194856613824
Q104657008	6000000063437095196
Q104657010	6000000100368869916
Q104657012	6000000184995510829
Q104657015	6000000040511535898
Q104657017	6000000124357975889
Q104657018	6000000010590984455
Q104657019	6000000174112031843
Q104657021	6000000109028270841
Q104657022	6000000063532373852
Q104657023	6000000118606833949
Q104657025	6000000015821754633
Q104657026	6000000076855785048
Q104657029	6000000194450955823
Q104657031	6000000017608955446
Q104657033	6000000184426370839
Q104657038	6000000037627351018
Q104657039	6000000182770314865
Q104657040	6000000214113603824
Q104657042	6000000025831739896
Q104657043	6000000100367129948
Q104657044	6000000017123506179
Q104657046	6000000178344345821
Q104657050	6000000176468976852
Q104657053	6000000137173767852
Q104657054	6000000182582629826
Q104657056	6000000127195979836
Q104657059	6000000100366570997
Q104657061	6000000174112105019
Q104657062	6000000137177762838
Q104657066	6000000082840374207
Q104657071	6000000004590257983
Q104657072	6000000069322369536
Q104657076	6000000066543958882
Q104657082	6000000017428159612
Q104657084	6000000042149429055
Q104657085	6000000063532403845
Q104657090	6000000206205229840
Q104657095	6000000174063215000
Q104657098	6000000017406170020
Q104657100	6000000038016842846
Q104657102	6000000195968812821
Q104657103	6000000116614862856
Q104657104	6000000113455333827
Q104657106	6000000011892095849
Q104657111	6000000018843164243
Q104657112	6000000178762223879
Q104657113	6000000076854675735
Q104657114	6000000051249261178
Q104657116	6000000078055770090
Q104657118	6000000191890553847
Q104657119	6000000109027324008
Q104657120	6000000006760819476
Q104657122	6000000012449375261
Q104657123	6000000069323180365
Q104657125	6000000035100832982
Q104657126	6000000185362101913
Q104657128	6000000176466273853
Q104657130	6000000083181612352
Q104657133	6000000145872334821
Q104657136	6000000018924104861
Q104657138	6000000113508761866
Q104657139	6000000116613875828
Q104657140	6000000039249577719
Q104657143	6000000213741395848
Q104657144	6000000092304328840
Q104657148	6000000109028686856
Q104657150	6000000120890661854
Q104657157	6000000018980070209
Q104657158	6000000191381836821
Q104657160	6000000015816406091
Q104657161	6000000178762497855
Q104657163	6000000137173120025
Q104657166	6000000176834007864
Q104657167	6000000181728697906
Q104657168	6000000123718952849
Q104657169	6000000082840476005
Q104657171	6000000010591036757
Q104657182	6000000035101264915
Q104657189	6000000076989370995
Q104657192	6000000085988715136
Q104657195	6000000018299391120
Q104657196	6000000042688160016
Q104657199	6000000038017179034
Q104657205	6000000000630436096
Q104657207	6000000025743378822
Q104657215	6000000172294705754
Q104657217	6000000009498014606
Q104657220	6000000140008546045
Q104657223	6000000185195907821
Q104657225	6000000050938235014
Q104657228	6000000174567165554
Q104657229	6000000013393838805
Q104657230	6000000037627560070
Q104657233	6000000018924690001
Q104657239	6000000174946665794
Q104657240	6000000026437750363
Q104657243	6000000043202543998
Q104657244	6000000022891182863
Q104657245	6000000017691578008
Q104657254	6000000048584097876
Q104657256	6000000046290455874
Q104657258	6000000147237381166
Q104657259	6000000069283861935
Q104657261	6000000069284800055
Q104657264	6000000147243787944
Q104657265	6000000048614956826
Q104657266	6000000069285553831
Q104657268	6000000069285039125
Q104657270	6000000147237946062
Q104657272	6000000069285805872
Q104657273	6000000062813433157
Q104657284	6000000090857768606
Q104657288	6000000002880756163
Q104657303	6000000005404138241
Q104657305	6000000076859611849
Q104657308	6000000018345158668
Q104657309	6000000026843311117
Q104657315	6000000026864739917
Q104657317	6000000201243441821
Q104657318	6000000026864739910
Q104657325	6000000026842852409
Q104657326	6000000096848774858
Q104657330	6000000015647882927
Q104657331	6000000035118757916
Q104657332	6000000031777744353
Q104657333	6000000028689846639
Q104657334	6000000015648157201
Q104657335	6000000035024649486
Q104657336	6000000058860035907
Q104657337	6000000015647040834
Q104657345	6000000184261872835
Q104657346	6000000184307938837
Q104657347	6000000184307847831
Q104657348	6000000115532629823
Q104657349	6000000212796165845
Q104657358	6000000115530715849
Q104657362	6000000115532197835
Q104657366	6000000208802020828
Q104657370	6000000115531610833
Q104657371	6000000115532279829
Q104657373	6000000185894474845
Q104657377	6000000177024333841
Q104657385	6000000177024863821
Q104657394	6000000031620038900
Q104657395	6000000117611737895
Q104657397	6000000069500993864
Q104657398	6000000038721406089
Q104657404	6000000034005179566
Q104657405	6000000038721188174
Q104657407	6000000079077356135
Q104657409	6000000031613692613
Q104657410	6000000155227924839
Q104657416	6000000032998361128
Q104657419	6000000037359495312
Q104657420	6000000037359725942
Q104657421	6000000051286071405
Q104657422	6000000020372563797
Q104657424	6000000014567360881
Q104657426	6000000083322661305
Q104657427	6000000051289180933
Q104657428	6000000216268303826
Q104657430	6000000077755551995
Q104657432	6000000111416668821
Q104657436	6000000055367760424
Q104657438	6000000083323210869
Q104657442	6000000155225977083
Q104657445	6000000014734944562
Q104657448	6000000038721268114
Q104657449	6000000028790315378
Q104657457	6000000216267564868
Q104657458	6000000085287652198
Q104657459	6000000061816228873
Q104657467	6000000037359692045
Q104657469	6000000023249458326
Q104657471	6000000057790123957
Q104657472	6000000115949576857
Q104657474	6000000057800459841
Q104657475	6000000115948973009
Q104657477	6000000115948855935
Q104657479	6000000018618019296
Q104657483	6000000197541735849
Q104657488	6000000096349890080
Q104657493	6000000090975335829
Q104657494	6000000078488943063
Q104657495	6000000057800449845
Q104657496	6000000162344444842
Q104657497	6000000057789995917
Q104657499	6000000019203999997
Q104657501	6000000027272578127
Q104657502	6000000193567103837
Q104657503	6000000028392943374
Q104657504	6000000193566714856
Q104657505	6000000066384323877
Q104657507	6000000028393155831
Q104657508	6000000017368268070
Q104657510	6000000070186684202
Q104657511	6000000187894611900
Q104657515	6000000062814686662
Q104657517	6000000083274359027
Q104657518	6000000002904538390
Q104657520	6000000020267292053
Q104657521	6000000062815003907
Q104657524	6000000180997694868
Q104657525	6000000020267114631
Q104657527	6000000087774102920
Q104657528	6000000082852446871
Q104657529	6000000087772281862
Q104657531	6000000087772115938
Q104657536	6000000041661711079
Q104657537	6000000087772088990
Q104657541	6000000028279626240
Q104657542	6000000028279379479
Q104657543	6000000028279344627
Q104657552	6000000051384093198
Q104657557	6000000044454529437
Q104657558	6000000044455336080
Q104657560	6000000051384112080
Q104657566	6000000034514595093
Q104657567	6000000027757615485
Q104657571	6000000002873964217
Q104657572	6000000002869244237
Q104657573	6000000002873775972
Q104657574	6000000002869121961
Q104657575	6000000002869396367
Q104657576	6000000000010465082
Q104657577	6000000019163828418
Q104657578	6000000078957746336
Q104657579	6000000096150931169
Q104657582	6000000171066004829
Q104657585	6000000032756933938
Q104657588	6000000009666942797
Q104657589	6000000007167044952
Q104657590	6000000078958409914
Q104657592	6000000173597798878
Q104657594	6000000042210539336
Q104657597	6000000018426563661
Q104657598	6000000018426536629
Q104657599	6000000057742794821
Q104657600	6000000018426752489
Q104657601	6000000182579609920
Q104657605	6000000107271957177
Q104657607	6000000200860862821
Q104657608	6000000193502701886
Q104657613	6000000107272415886
Q104657615	6000000030899256033
Q104657618	6000000020746633278
Q104657624	6000000023700942689
Q104657626	6000000088787977924
Q104657627	6000000123091616884
Q104657629	6000000021787425269
Q104657632	6000000071245533943
Q104657633	6000000193503258825
Q104657634	6000000042809715401
Q104657636	6000000041658850561
Q104657638	6000000123034940871
Q104657639	6000000041658371694
Q104657640	6000000097950908841
Q104657642	6000000032111268863
Q104657644	6000000193502761921
Q104657647	6000000030899209340
Q104657648	6000000030655275910
Q104657649	6000000032110958553
Q104657650	6000000037536371252
Q104657651	6000000022381761884
Q104657652	6000000182612330851
Q104657656	6000000003350721937
Q104657657	6000000003350721943
Q104657665	6000000077516735859
Q104657674	6000000003350721950
Q104657685	6000000034476685611
Q104657687	6000000034483473077
Q104657690	6000000034483621926
Q104657691	6000000172501706913
Q104657694	6000000047579768191
Q104657695	6000000037630445013
Q104657697	6000000174956877137
Q104657698	6000000064366410899
Q104657702	6000000037630359394
Q104657704	6000000018137530595
Q104657707	6000000018137437952
Q104657709	6000000030193224882
Q104657712	6000000174360159956
Q104657713	6000000110813789912
Q104657716	6000000110813715837
Q104657727	6000000066464496821
Q104657732	6000000066462664822
Q104657734	6000000047495388861
Q104657735	6000000187909432865
Q104657736	6000000066463900372
Q104657737	6000000037120527020
Q104657738	6000000035550141345
Q104657739	6000000176817094848
Q104657740	6000000176815853847
Q104657741	6000000066471512932
Q104657742	6000000066463022865
Q104657746	6000000133690088879
Q104657747	6000000176817183828
Q104657751	6000000066462719898
Q104657753	6000000037630638430
Q104657755	6000000197219547831
Q104657756	6000000034901088833
Q104657757	6000000034900406594
Q104657758	6000000017070876901
Q104657760	6000000071710215166
Q104657762	6000000071710747961
Q104657765	6000000151658775878
Q104657773	6000000196851857835
Q104657775	6000000185255094821
Q104657784	6000000107842584938
Q104657787	6000000107843702834
Q104657790	6000000201918842851
Q104657791	6000000213546671825
Q104657794	6000000041471587112
Q104657796	6000000107843568915
Q104657799	6000000205002673830
Q104657800	6000000057392261884
Q104657804	6000000083397555955
Q104657807	6000000213583204821
Q104657812	6000000046418141048
Q104657813	6000000024180464319
Q104657814	6000000046418344866
Q104657821	6000000048302300910
Q104657822	6000000048302982970
Q104657827	6000000020074859404
Q104657831	6000000015064799143
Q104657832	6000000030449858639
Q104657833	6000000016447037011
Q104657836	6000000020074951042
Q104657838	6000000013741814117
Q104657840	6000000015425705266
Q104657841	6000000116842544823
Q104657843	6000000016447036112
Q104657846	6000000019222513486
Q104657850	6000000008442467989
Q104657854	6000000190527516867
Q104657855	6000000008442632719
Q104657856	6000000215887814871
Q104657857	6000000008473762925
Q104657858	6000000053302476028
Q104657859	6000000190526958828
Q104657865	6000000008442557598
Q104657876	6000000088891681024
Q104657880	6000000021012070926
Q104657885	6000000176346099835
Q104657889	6000000013125646212
Q104657890	6000000098161845228
Q104657894	6000000075664263890
Q104657901	6000000035689116027
Q104657903	6000000191344823828
Q104657906	6000000191344615838
Q104657907	6000000021504943740
Q104657908	6000000035688289817
Q104657910	6000000021319510733
Q104657911	6000000036625757702
Q104657912	6000000035689150054
Q104657913	6000000116017368821
Q104657915	6000000116016945824
Q104657919	6000000072433077617
Q104657920	6000000022507603165
Q104657921	6000000022507576331
Q104657922	6000000033624885030
Q104657923	6000000044024536876
Q104657924	6000000033919709851
Q104657925	6000000017917505374
Q104657927	6000000078505060030
Q104657928	6000000033919146746
Q104657929	6000000001527969451
Q104657931	6000000022507594457
Q104657932	6000000074744090832
Q104657934	6000000022507575407
Q104657936	6000000078505146934
Q104657937	6000000027944499256
Q104657938	6000000078510987897
Q104657940	6000000080824933852
Q104657942	6000000190119367859
Q104657944	6000000196831673860
Q104657946	6000000196831513849
Q104657949	6000000196831117893
Q104657950	6000000016293260982
Q104657952	6000000016446499769
Q104657953	6000000014208048350
Q104657957	6000000043155065264
Q104657958	6000000016943911988
Q104657959	6000000013210647099
Q104657960	6000000041857147901
Q104657961	6000000017670128913
Q104657962	6000000043155114355
Q104657963	6000000057777011845
Q104657964	6000000026039409008
Q104657969	6000000017601216438
Q104657970	6000000017601271080
Q104657971	6000000033233608289
Q104657972	6000000033233311738
Q104657974	6000000018304355512
Q104657975	6000000036944713036
Q104657976	6000000018304235278
Q104657977	6000000018304449263
Q104657978	6000000072249997916
Q104657979	6000000072248905773
Q104657980	6000000041173505739
Q104657982	6000000041173864459
Q104657983	6000000041173926049
Q104657988	6000000179063157871
Q104657990	6000000169296262856
Q104657991	6000000033919147765
Q104657993	6000000106987540223
Q104657999	6000000039649412210
Q104658000	6000000065131351897
Q104658001	6000000037695206271
Q104658002	6000000039650251374
Q104658003	6000000043913288279
Q104658004	6000000065131496872
Q104658005	6000000026586629461
Q104658006	6000000083462153341
Q104658007	6000000079322252933
Q104658008	6000000031115308887
Q104658009	6000000065131689844
Q104658011	6000000065131427896
Q104658012	6000000039649386663
Q104658013	6000000031114596820
Q104658014	6000000079282748502
Q104658015	6000000083460402306
Q104658017	6000000083460832572
Q104658018	6000000055007559897
Q104658019	6000000038307609550
Q104658023	6000000031114652741
Q104658025	6000000065130486140
Q104658026	6000000019871257346
Q104658029	6000000065131169122
Q104658030	6000000079320824816
Q104658031	6000000177844678836
Q104658033	6000000065131295933
Q104658034	6000000013587105171
Q104658035	6000000017047090231
Q104658036	6000000015436232375
Q104658037	6000000019870795352
Q104658039	6000000014150988230
Q104658053	6000000086044043893
Q104658054	6000000017967498145
Q104658055	6000000024998502883
Q104658057	6000000086043284125
Q104658059	6000000073957217939
Q104658065	6000000022149152203
Q104658066	6000000052775819847
Q104658067	6000000025031557851
Q104658068	6000000052674567020
Q104658069	6000000024942586407
Q104658071	6000000073956562879
Q104658075	6000000014883952912
Q104658076	6000000202447301822
Q104658077	6000000111768994990
Q104658081	6000000078629979872
Q104658084	6000000011870150861
Q104658085	6000000028000525570
Q104658087	6000000051609087068
Q104658089	6000000019486332144
Q104658093	6000000153483789842
Q104658094	6000000082402344874
Q104658095	6000000141804403897
Q104658096	6000000020483886750
Q104658098	6000000108651647928
Q104658100	6000000036635810832
Q104658101	6000000026269029815
Q104658102	5068809163300080259
Q104658103	6000000074758146176
Q104658104	6000000012092183753
Q104658106	6000000168347907928
Q104658107	6000000093478270996
Q104658112	6000000042606129909
Q104658116	6000000022578781517
Q104658117	6000000096988455924
Q104658118	6000000152461494842
Q104658121	4772110569770080916
Q104658123	6000000004142973911
Q104658125	6000000089244169021
Q104658129	6000000081653076014
Q104658133	6000000019850549204
Q104658134	6000000083365236931
Q104658139	6000000023527375228
Q104658140	6000000172689449821
Q104658141	6000000078882198007
Q104658143	6000000010503201719
Q104658144	6000000153483303977
Q104658145	6000000100418543912
Q104658146	6000000014884366540
Q104658147	4780861753640066368
Q104658150	6000000094758505989
Q104658151	6000000025054074061
Q104658152	6000000083264349536
Q104658154	6000000018952500911
Q104658157	6000000111769581859
Q104658161	6000000026269695917
Q104658163	6000000097692047997
Q104658164	6000000083265172169
Q104658165	6000000018325047028
Q104658167	6000000093545566188
Q104658169	6000000089244979823
Q104658171	6000000076339525857
Q104658174	6000000084447556843
Q104658176	6000000022778134645
Q104658178	6000000108651432915
Q104658179	6000000083365034389
Q104658180	6000000033625109563
Q104658189	6000000004210556596
Q104658192	6000000089393714487
Q104658196	6000000196778452835
Q104658197	6000000027654469613
Q104658198	6000000077428726344
Q104658202	6000000009027893686
Q104658205	6000000016934567212
Q104658207	6000000190587080847
Q104658209	6000000153484151872
Q104658211	6000000198209680840
Q104658212	6000000052931442961
Q104658215	6000000047730324839
Q104658221	6000000013490858894
Q104658227	6000000182621186828
Q104658232	6000000098161094868
Q104658237	6000000085650696825
Q104658238	6000000042615201822
Q104658239	6000000042624084933
Q104658241	6000000198214311828
Q104658242	6000000044297573824
Q104658243	6000000043198642263
Q104658245	6000000089394159263
Q104658246	6000000198355177880
Q104658248	6000000034125875904
Q104658249	6000000152461223860
Q104658250	6000000074718658842
Q104658252	6000000013135012426
Q104658253	6000000045324450033
Q104658255	6000000111769425893
Q104658257	6000000079295480870
Q104658258	6000000108688098084
Q104658259	6000000045324244965
Q104658263	6000000198916896830
Q104658264	6000000010471413707
Q104658268	6000000083264360711
Q104658270	6000000047730094981
Q104658271	6000000004142973879
Q104658272	6000000017643621269
Q104658273	6000000012658299932
Q104658277	6000000077323663260
Q104658278	6000000108649123312
Q104658279	6000000066993691839
Q104658287	6000000090147140005
Q104658289	6000000018952873295
Q104658290	6000000083265390943
Q104658291	6000000075933014039
Q104658293	6000000018751133443
Q104658294	6000000111769190932
Q104658296	6000000087732319951
Q104658297	6000000138656161058
Q104658299	6000000084446563400
Q104658301	6000000103315058822
Q104658302	6000000177847516823
Q104658303	6000000016934509660
Q104658304	6000000108686552488
Q104658305	6000000052912133037
Q104658307	6000000077323557281
Q104658308	6000000025054152067
Q104658310	6000000198910664869
Q104658313	6000000084649391843
Q104658314	6000000037635804053
Q104658316	6000000060393080889
Q104658321	6000000036635183335
Q104658323	6000000083364234773
Q104658324	6000000083258254225
Q104658326	6000000141806338961
Q104658327	4780843819610042004
Q104658333	6000000090905964177
Q104658336	6000000007316925395
Q104658338	6000000007316925389
Q104658339	6000000007316917668
Q104658344	6000000007316917625
Q104658346	6000000007316917637
Q104658349	6000000007316917587
Q104658352	6000000007316917599
Q104658353	6000000174651986005
Q104658354	6000000125828905851
Q104658356	6000000061731631015
Q104658357	6000000174651172937
Q104658358	6000000174725544203
Q104658359	6000000174724720739
Q104658361	6000000033047975941
Q104658363	6000000125827989941
Q104658364	6000000035851519475
Q104658365	6000000174652176078
Q104658369	6000000031231494043
Q104658372	6000000189998205821
Q104658374	6000000033574761850
Q104658375	6000000179115156821
Q104658378	6000000063349451045
Q104658380	6000000060054813832
Q104658381	6000000063349263398
Q104658382	6000000023385647836
Q104658383	6000000001634673049
Q104658384	6000000004943937160
Q104658386	6000000001634673039
Q104658387	311595021890005791
Q104658388	6000000050223966165
Q104658392	6000000017633340484
Q104658394	6000000012660105079
Q104658395	6000000010503686247
Q104658396	6000000177631363885
Q104658397	6000000034459515900
Q104658400	6000000001634673029
Q104658401	6000000004944311003
Q104658402	6000000001634673060
Q104658403	6000000018389931649
Q104658405	6000000071766193977
Q104658417	6000000023728728892
Q104658418	6000000023728576078
Q104658421	6000000023728192460
Q104658422	6000000013269795413
Q104658425	6000000030616305490
Q104658427	6000000030616390855
Q104658429	6000000086048041893
Q104658431	6000000025056281891
Q104658434	6000000020422360681
Q104658435	6000000020422332237
Q104658436	6000000151376943859
Q104658442	6000000025072298561
Q104658447	6000000033876416821
Q104658449	6000000151376583948
Q104658452	6000000015172229821
Q104658454	6000000186964512929
Q104658455	6000000032115476893
Q104658465	6000000032115278916
Q104658471	6000000092590460038
Q104658475	6000000029283251414
Q104658479	6000000015105349560
Q104658483	6000000118609698875
Q104658486	6000000025072478310
Q104658491	6000000073303348918
Q104658493	6000000021489260713
Q104658497	6000000029019993961
Q104658502	6000000015172229811
Q104658508	6000000205131365831
Q104658509	6000000165384566825
Q104658510	6000000041233782276
Q104658513	6000000012689908135
Q104658519	6000000015172310171
Q104658521	6000000016609497239
Q104658523	6000000120631000918
Q104658526	6000000026808294292
Q104658527	6000000029283382092
Q104658534	6000000014927930956
Q104658536	6000000078312589937
Q104658539	6000000002599288578
Q104658541	6000000151376083083
Q104658542	6000000151377045821
Q104658544	6000000037538166103
Q104658546	6000000030894817465
Q104658549	6000000014927930969
Q104658553	6000000173485951305
Q104658555	6000000048804805077
Q104658556	6000000100822982021
Q104658558	6000000022834499578
Q104658560	6000000037580722816
Q104658561	6000000014802274704
Q104658562	6000000022834970585
Q104658565	6000000086773962078
Q104658566	6000000085621565011
Q104658572	6000000037579923623
Q104658574	6000000173486720853
Q104658578	6000000022834561627
Q104658579	6000000014802125583
Q104658580	6000000079935460911
Q104658582	6000000185838292882
Q104658585	6000000085621903912
Q104658587	6000000174021640172
Q104658590	6000000085621743032
Q104658594	6000000079043618131
Q104658595	6000000108598236946
Q104658599	6000000169022815029
Q104658600	6000000084453474352
Q104658601	6000000084452332672
Q104658608	6000000049579467971
Q104658616	6000000014326590279
Q104658617	6000000084470414892
Q104658622	6000000053840586966
Q104658623	6000000027518972096
Q104658625	6000000032951787604
Q104658626	6000000177516445830
Q104658628	6000000177515295889
Q104658629	6000000028650950315
Q104658631	6000000201932494838
Q104658639	6000000136786777825
Q104658646	6000000175235065015
Q104658651	6000000175582497891
Q104658656	6000000175234783160
Q104658658	6000000175234468202
Q104658659	6000000209172327821
Q104658660	6000000136785835985
Q104658661	6000000193917199857
Q104658662	6000000139506817844
Q104658663	6000000139510145877
Q104658665	6000000139509761871
Q104658666	6000000139503615118
Q104658683	6000000019075988151
Q104658719	6000000077907716166
Q104658813	6000000022927470913
Q104658859	6000000011287488461
Q104658944	6000000180042899826
Q104660766	6000000003180815718
Q104660982	6000000025757387477
Q104661312	6000000183114676833
Q104662029	6000000057748733835
Q104665612	6000000002658991267
Q104665809	6000000035221118242
Q104665840	6000000139991783926
Q104666	6000000018385880006
Q104666058	6000000003691717117
Q104666070	6000000006420649125
Q104666081	6000000027821143604
Q104666192	6000000038141183496
Q104666193	6000000003691722063
Q104666214	6000000035324627944
Q104666216	6000000210468957842
Q104666486	6000000016281078507
Q104666486	6000000193584586830
Q104666626	6000000086323082876
Q104666764	6000000021288498963
Q104666768	6000000021288508904
Q104666792	6000000014877423647
Q104666810	6000000014877560142
Q104666827	6000000014883179296
Q104666921	6000000225515084832
Q104666937	6000000041503788105
Q104666956	6000000014883229628
Q104666989	6000000222424332908
Q104667013	6000000222424094019
Q104667244	6000000087932434833
Q104667255	6000000087932473823
Q104667328	6000000019508876732
Q104667329	6000000015345904999
Q104667329	6000000082417218280
Q104667389	6000000015346315050
Q104668516	6000000025358871826
Q104668568	6000000175244501810
Q104668579	6000000028226964371
Q104669	6000000034833956074
Q104669703	6000000041716894308
Q104670	6000000145748361064
Q104670327	6000000062629227845
Q10467138	6000000001798343423
Q104671489	6000000021908970543
Q104671627	6000000035296096939
Q104671729	6000000023308230976
Q104671879	6000000023499573457
Q104672593	6000000161727187821
Q104672600	6000000195755482822
Q104672601	6000000187614918826
Q104672604	6000000195754887832
Q104672635	6000000080709575063
Q104672636	6000000113307297120
Q104672642	6000000213627911842
Q104672665	6000000023500796646
Q104672669	6000000046410357866
Q104672676	6000000042558497875
Q104672681	6000000044578214076
Q104672684	6000000009506504599
Q104672688	6000000184667596868
Q104672689	6000000175389172101
Q104672700	6000000006113166162
Q104672703	6000000179661434838
Q104672714	6000000011971081840
Q104672720	6000000081182617870
Q104672726	6000000020445786072
Q104672758	6000000204277335834
Q104672764	6000000193635668863
Q104672766	6000000009506195163
Q104672797	6000000035017776009
Q104672799	6000000008053754457
Q104672803	6000000038737621655
Q104672804	6000000215826196826
Q104672805	6000000215826193853
Q104672810	6000000215827225821
Q104672811	6000000079081497885
Q104672819	6000000016914017349
Q104672826	6000000186992063874
Q104672829	6000000186993886821
Q104672831	6000000186993489828
Q104672837	6000000015291026216
Q104672841	6000000144818346852
Q104672847	6000000008785073768
Q104672850	6000000008426498091
Q104672852	6000000180252280877
Q104672856	6000000192184596103
Q104672857	6000000008452478631
Q104672858	6000000001229488083
Q104672867	6000000207111746852
Q104672875	6000000172383416919
Q104672896	6000000176402604870
Q104672901	6000000036305944896
Q104672902	6000000020362484466
Q104672904	6000000188640941821
Q104672909	6000000187611239833
Q104672915	6000000003674220619
Q104672926	6000000007311127105
Q104672935	6000000188274237832
Q104672939	6000000189924710882
Q104672942	6000000205719956907
Q104672947	6000000012893224439
Q104672948	6000000033010843322
Q104672949	6000000062647470889
Q104672954	6000000151329360009
Q104672962	6000000121182852869
Q104672970	6000000045870867190
Q104672975	6000000007388250369
Q104672977	6000000022121024671
Q104672979	6000000044309804128
Q104672985	6000000045871608876
Q104672987	6000000176502541846
Q104672988	6000000013734812584
Q104672989	6000000003194532679
Q104672994	6000000156148352829
Q104673003	6000000040150366147
Q104673007	6000000007950568220
Q104673009	5010162775410073956
Q104673011	6000000002764698288
Q104673023	6000000105957464253
Q104673024	6000000028120699214
Q104673025	6000000002388830278
Q104673035	6000000082757493841
Q104673043	6000000178850474852
Q104673046	6000000201185225851
Q104673047	6000000024946990528
Q104673050	6000000044254470174
Q104673052	6000000083526675066
Q104673054	6000000163169442837
Q104673056	6000000151330153967
Q104673058	6000000002683098008
Q104673060	6000000032964366076
Q104673061	6000000011567532614
Q104673065	5010156781170074064
Q104673069	6000000017585996332
Q104673072	6000000045871742887
Q104673075	6000000066168385855
Q104673084	6000000054671996975
Q104673086	6000000209145822859
Q104673090	6000000024693298235
Q104673108	6000000016127197796
Q104673109	6000000034043773839
Q104673111	6000000178676413825
Q104673113	6000000173996430836
Q104673117	6000000028109964735
Q104673118	6000000011567333625
Q104673119	6000000201182682851
Q104673135	6000000103154255062
Q104673148	6000000190962420821
Q104673151	6000000005036168611
Q104673155	6000000173996055060
Q104673158	6000000054823934889
Q104673162	6000000026203601131
Q104673163	6000000185588283986
Q104673164	6000000211457607822
Q104673170	6000000006374317258
Q104673177	6000000175838015834
Q104673189	6000000200068627844
Q104673192	6000000178850826852
Q104673194	6000000016127327185
Q104673201	6000000000157555346
Q104673206	6000000201184966861
Q104673208	6000000211455981839
Q104673209	6000000028121059010
Q104673211	6000000044309344527
Q104673213	6000000028120988277
Q104673214	6000000188275039825
Q104673216	6000000174111063844
Q104673218	6000000052482786875
Q104673219	6000000186755354846
Q104673220	6000000181621649821
Q104673227	6000000044309822087
Q104673230	6000000201181595824
Q104673236	6000000204515050830
Q104673241	6000000062647212945
Q104673242	6000000023323557946
Q104673249	6000000008658496617
Q104673251	6000000023323274042
Q104673255	6000000048719319868
Q104673257	6000000186802000857
Q104673258	6000000016739244302
Q104673259	6000000044309438457
Q104673262	6000000024946861126
Q104673265	6000000045957307865
Q104673268	6000000083526501248
Q104673275	6000000140099900886
Q104673278	6000000052482040246
Q104673280	5491229943450121682
Q104673281	6000000013357702258
Q104673284	6000000010926612985
Q104673288	6000000161700727822
Q104673293	6000000071895705124
Q104673295	6000000041438803104
Q104673296	6000000041438972935
Q104673298	6000000040799051380
Q104673299	6000000041152310347
Q104673305	6000000204762034855
Q104673310	6000000111909881917
Q104673311	6000000185719930915
Q104673312	6000000008859995243
Q104673314	6000000056395810899
Q104673315	6000000211282542824
Q104673318	6000000030099640452
Q104673319	6000000183524589868
Q104673325	6000000174936765826
Q104673327	6000000045872165823
Q104673331	6000000010926572754
Q104673338	6000000045872091959
Q104673343	6000000056394160564
Q104673346	6000000182864155826
Q104673348	6000000031660303993
Q104673349	6000000185722505826
Q104673354	6000000180834117843
Q104673355	6000000036245923143
Q104673358	6000000180832480882
Q104673370	6000000041152419185
Q104673374	6000000182631997821
Q104673376	6000000041438642581
Q104673384	6000000067819610054
Q104673385	6000000193004926869
Q104673386	6000000193095053836
Q104673387	6000000200457921823
Q104673389	6000000193005049832
Q104673390	6000000193095084835
Q104673391	6000000013377081092
Q104673392	6000000186598595831
Q104673394	6000000004554977407
Q104673397	6000000008510356583
Q104673398	6000000027270587492
Q104673402	6000000104372458835
Q104673404	6000000055269646981
Q104673405	6000000203021391895
Q104673409	6000000175064662305
Q104673412	6000000198290706839
Q104673414	6000000055269309314
Q104673416	6000000179128654839
Q104673426	6000000044350636965
Q104673429	6000000002678649809
Q104673430	6000000048853721343
Q104673431	6000000002678634377
Q104673433	6000000027789433057
Q104673434	6000000022172384390
Q104673438	6000000023238408879
Q104673440	6000000032279854373
Q104673441	6000000023274703604
Q104673443	6000000008050171321
Q104673445	6000000002388858482
Q104673450	6000000079882882935
Q104673454	6000000201347303821
Q104673456	6000000201350369834
Q104673459	6000000201350423840
Q104673463	6000000088914687000
Q104673465	6000000088914522088
Q104673467	6000000093879764856
Q104673475	6000000008166120585
Q104673476	6000000133468761955
Q104673477	6000000185493040945
Q104673478	6000000185839747827
Q104673479	6000000185843703848
Q104673491	6000000039843959349
Q104673496	6000000216601979828
Q104673499	6000000114764014833
Q104673500	6000000114768165859
Q104673501	6000000031032479869
Q104673502	6000000189996324857
Q104673504	6000000019151139951
Q104673517	6000000013723933755
Q104673522	6000000013723819927
Q104673532	6000000077832432485
Q104673533	6000000063789329936
Q104673535	6000000002599700946
Q104673537	6000000038410371178
Q104673539	6000000002599949047
Q104673543	6000000003032172783
Q104673544	6000000003032172769
Q104673545	6000000129281816081
Q104673546	4752542656600080213
Q104673553	6000000088333609988
Q104673555	6000000183981111826
Q104673556	6000000088334221908
Q104673558	6000000183995087963
Q104673561	6000000037121453968
Q104673562	6000000088285038827
Q104673563	6000000088284904845
Q104673566	6000000039767727011
Q104673567	6000000039767849896
Q104673579	6000000000162299118
Q104673588	6000000060614092826
Q104673593	6000000140151217869
Q104673595	6000000044469317444
Q104673597	6000000028220755141
Q104673603	6000000140105275278
Q104673604	6000000009791762435
Q104673606	6000000038673392959
Q104673607	6000000075251816831
Q104673612	6000000137551466890
Q104673614	6000000034427583210
Q104673616	6000000051858299865
Q104673618	6000000050715765908
Q104673621	6000000199800277879
Q104673622	6000000075251987903
Q104673623	6000000137551950822
Q104673625	6000000028146976964
Q104673630	6000000033672070928
Q104673634	6000000051857967381
Q104673637	6000000002275037408
Q104673638	6000000139308141947
Q104673641	6000000012677212417
Q104673644	6000000028220666054
Q104673645	6000000139178446990
Q104673650	6000000048896922901
Q104673652	6000000051207358260
Q104673655	6000000032149888648
Q104673656	6000000051857811242
Q104673662	6000000046018723821
Q104673665	6000000022250594365
Q104673671	6000000139165541056
Q104673672	6000000200384441202
Q104673675	6000000012677212412
Q104673676	6000000051208548821
Q104673678	6000000075250684168
Q104673680	6000000045928534110
Q104673682	5044958346500037225
Q104673688	6000000193738686835
Q104673689	6000000023937361822
Q104673692	6000000021273267469
Q104673695	6000000028218309737
Q104673698	6000000056535478928
Q104673699	6000000040836243033
Q104673702	6000000176030775922
Q104673709	6000000182247050854
Q104673710	6000000182246992858
Q104673711	6000000093144793848
Q104673718	6000000006803220800
Q104673720	6000000025487619468
Q104673722	6000000102745243065
Q104673727	6000000002042553273
Q104673731	6000000083415715374
Q104673732	6000000149589970528
Q104673733	6000000180459387835
Q104673737	6000000180459448843
Q104673770	6000000025488316074
Q104673772	6000000079667632101
Q104673773	6000000211597083827
Q104673774	6000000041522137070
Q104673775	6000000041521982269
Q104673776	6000000200745531825
Q104673777	6000000211594513829
Q104673780	6000000080854909860
Q104673781	6000000211596679831
Q104673782	6000000205613833829
Q104673788	6000000001316755540
Q104673789	6000000002404113846
Q104673790	6000000036385855005
Q104673792	6000000191014235826
Q104673794	6000000076930827115
Q104673795	6000000187626554838
Q104673800	6000000002275968649
Q104673802	6000000195028433821
Q104673807	6000000188282543834
Q104673813	6000000018718972165
Q104673814	6000000186933683821
Q104673815	6000000186934039851
Q104673826	6000000003803348400
Q104673828	6000000203126283821
Q104673830	6000000199397154846
Q104673832	6000000206068756862
Q104673835	6000000199062586822
Q104673836	6000000199061769904
Q104673837	6000000203116230822
Q104673838	6000000203117718858
Q104673839	6000000203116297822
Q104673844	6000000203085070823
Q104673845	6000000205499285842
Q104673854	6000000161797109822
Q104673857	6000000193510687832
Q104673864	6000000045197176894
Q104673865	6000000027908032949
Q104673868	6000000112241232902
Q104673869	6000000161797020833
Q104673873	6000000188290012837
Q104673886	6000000000608275623
Q104673891	6000000039461588271
Q104673892	6000000042445979334
Q104673898	6000000189996379825
Q104673900	6000000045872161257
Q104673906	6000000032912320261
Q104673912	6000000013079692703
Q104673916	6000000016524475377
Q104673921	6000000040177776217
Q104673922	6000000178719446823
Q104673930	6000000075846686024
Q104673954	6000000193803365822
Q104673957	6000000075342286953
Q104673959	6000000093563143839
Q104673961	6000000042914123260
Q104673963	6000000106326918822
Q104673964	6000000024525680328
Q104673971	6000000019135040445
Q104673972	6000000077898932166
Q104673976	6000000053887292824
Q104673979	6000000001462240908
Q104673985	6000000032534530805
Q104673986	6000000180288919826
Q104673987	6000000182521189826
Q104673988	6000000035917945020
Q104673990	6000000053886960872
Q104673995	6000000058077271841
Q104674010	6000000002401063461
Q104674013	6000000078253689926
Q104674015	6000000078253491111
Q104674031	6000000007288084844
Q104674032	6000000045543778874
Q104674033	6000000031310345056
Q104674039	6000000083352658116
Q104674040	6000000018445358147
Q104674045	6000000014715853697
Q104674046	6000000041951316218
Q104674048	6000000185193716832
Q104674049	6000000185194041821
Q104674052	6000000023349450876
Q104674053	6000000023347805211
Q104674062	6000000075677496848
Q104674064	6000000192069870828
Q104674075	6000000177783696831
Q104674094	6000000122128141823
Q104674095	6000000122128263828
Q104674097	6000000122120953843
Q104674113	6000000031520075841
Q104674116	6000000020148294846
Q104674131	6000000170680030200
Q104674134	6000000019762058620
Q104674144	6000000019782907651
Q104674156	6000000021715046007
Q104674166	6000000051258245951
Q104674175	6000000051258692956
Q104674180	6000000193933598836
Q104674185	6000000193933582825
Q104674193	6000000028188011775
Q104674197	6000000019545842467
Q104674198	6000000003598398134
Q104674202	6000000170680910981
Q104674205	6000000125999886009
Q104674213	6000000040900396894
Q104674217	6000000017217865590
Q104674221	6000000080954541130
Q104674226	6000000200068260882
Q104674232	6000000010349230403
Q104674238	6000000017214983576
Q104674243	6000000052534404914
Q104674281	6000000059660988186
Q104674286	4648875459920124169
Q104674290	6000000017724736347
Q104674295	6000000121691985821
Q104674298	6000000028169065843
Q104674300	6000000041669834925
Q104674305	6000000031520016873
Q104674308	6000000050714926305
Q104674311	6000000040416598466
Q104674325	6000000031519667529
Q104674330	6000000027271120166
Q104674337	6000000045458467988
Q104674346	6000000031519935066
Q104674371	6000000014854217423
Q104674387	6000000077049665993
Q104674389	6000000020148242606
Q104674390	6000000024724336965
Q104674393	6000000054009952434
Q104674394	6000000021585766353
Q104674395	6000000081759568869
Q104674396	6000000210497122832
Q104674399	6000000010084922734
Q104674400	6000000210496872880
Q104674401	6000000126001507849
Q104674453	6000000030875906390
Q104674459	6000000122119189821
Q104674468	6000000201536169848
Q104674471	6000000174595362255
Q104674478	6000000004591020372
Q104674480	6000000045996380208
Q104674483	6000000010502192674
Q104674484	6000000112292893891
Q104674485	6000000040177846186
Q104674496	6000000186023772871
Q104674497	6000000186020070522
Q104674501	6000000002713416105
Q104674504	6000000002713472052
Q104674508	6000000020445667050
Q104674512	6000000037677702697
Q104674517	6000000178808047861
Q104674523	6000000013362976648
Q104674528	6000000182081935840
Q104674529	6000000133696928244
Q104674530	6000000121580658884
Q104674534	6000000113193402829
Q104674536	6000000009506469632
Q104674538	6000000003966524521
Q104674539	6000000055492027921
Q104674542	6000000206111683854
Q104674543	326345572140006481
Q104674546	6000000015220002009
Q104674550	6000000002802254281
Q104674552	6000000009834483782
Q104674554	6000000012773471545
Q104674557	6000000040822221821
Q104674563	6000000040822154055
Q104674565	6000000015828120698
Q104674566	6000000098352536364
Q104674568	6000000082192208828
Q104674570	6000000040821982193
Q104674571	6000000087194781957
Q104674573	6000000025904030027
Q104674574	6000000025903537288
Q104674575	6000000077812154268
Q104674576	6000000077805922792
Q104674582	6000000042478930947
Q104674589	6000000202997114840
Q104674590	6000000040732873227
Q104674592	6000000026806543193
Q104674597	6000000028936666740
Q104674598	6000000025121801146
Q104674600	6000000025122014952
Q104674601	6000000017485261817
Q104674605	6000000003083127658
Q104674615	6000000011056383302
Q104674619	6000000038918234906
Q104674621	6000000023744396505
Q104674629	6000000032533004011
Q104674631	6000000173714375026
Q104674633	6000000002781313018
Q104674640	6000000043045423199
Q104674643	6000000032291114857
Q104674646	6000000041396874190
Q104674653	6000000020488035044
Q104674658	6000000043045541936
Q104674662	6000000025376964584
Q104674663	6000000025377267323
Q104674664	6000000044492233205
Q104674665	6000000030348776852
Q104674666	6000000030334534233
Q104674669	6000000010896197923
Q104674676	6000000023983615666
Q104674677	6000000182645679843
Q104674678	6000000082148612890
Q104674687	6000000013092487839
Q104674691	6000000010514015796
Q104674695	6000000133984722938
Q104674697	6000000069964865015
Q104674700	6000000023133323945
Q104674702	6000000028357329367
Q104674705	6000000015924411570
Q104674707	6000000023340731812
Q104674710	6000000015700366427
Q104674717	6000000039516123910
Q104674722	6000000058965482901
Q104674724	6000000019545616843
Q104674728	6000000208871808831
Q104674730	6000000039515334593
Q104674736	6000000066452598963
Q104674739	6000000019372562965
Q104674741	6000000053029273950
Q104674743	6000000053028917178
Q104674746	6000000017062328603
Q104674749	6000000103338351891
Q104674751	6000000015219790720
Q104674753	6000000035105801934
Q104674763	6000000030018877584
Q104674765	6000000041171845266
Q104674768	6000000036606737973
Q104674843	6000000041029262149
Q104674874	6000000047779709911
Q104674879	6000000094562571823
Q104674916	6000000181814251838
Q104674917	6000000166279146767
Q104674918	6000000177382510913
Q104674926	6000000082472848899
Q104674938	6000000017852827238
Q104674948	6000000081991267942
Q104674985	6000000032258846905
Q104675052	6000000006450725684
Q104675062	6000000019049876617
Q104675065	6000000186084643876
Q104675078	6000000060396149924
Q104675128	6000000024572692616
Q104675138	6000000026366408634
Q104675142	6000000024601027164
Q104675144	6000000020096088002
Q104675222	6000000077126801630
Q104675271	6000000155284287833
Q104675279	6000000020985302975
Q104675291	6000000036750526048
Q104675299	6000000036750190647
Q104675300	6000000100960513888
Q104675318	6000000010051879300
Q104675320	6000000020636174796
Q104675328	6000000112870064137
Q104675329	6000000112870620880
Q104675352	6000000149252569860
Q104675443	6000000000683271627
Q104675453	6000000186183409398
Q104675463	6000000186185112859
Q104675472	6000000036876144093
Q104675495	6000000041366717614
Q104675506	6000000020744100157
Q104675515	6000000024615410984
Q104675653	6000000061281623017
Q104675663	6000000082005090911
Q104675665	6000000038917913268
Q104675719	6000000201801456821
Q104675748	6000000039277861135
Q104675796	6000000018385314101
Q104675838	6000000026407331225
Q104675854	6000000012747581692
Q104675864	6000000018384542738
Q104675878	6000000016871691324
Q104675883	6000000008859990262
Q104675884	6000000039843455123
Q104675893	6000000004593983207
Q104675905	6000000181957158822
Q104676117	6000000140207901869
Q104676124	6000000173971034959
Q104676126	6000000188980407856
Q104676134	6000000088505911895
Q104676144	6000000074295999272
Q104676204	6000000071188544873
Q104676219	6000000028517135311
Q104676230	6000000028517454257
Q104676245	6000000028436462867
Q104676255	6000000079537753630
Q104676265	6000000071754623196
Q104676268	6000000035520681930
Q104676270	6000000211613661849
Q104676285	6000000197427213826
Q104676298	6000000016069187546
Q104676308	6000000173672134077
Q104676337	6000000153775993884
Q104676341	6000000211613839830
Q104676514	6000000109496958822
Q104676522	6000000041992370182
Q104676557	6000000077899158995
Q104676574	6000000109496792864
Q104676598	6000000063921400110
Q104676610	6000000103408444064
Q104676657	6000000109495976973
Q104676658	6000000177597601821
Q104676667	6000000193232751848
Q104676674	6000000041992358236
Q104676678	6000000014536183215
Q104676690	6000000077806600790
Q104676694	6000000177231535849
Q104676703	6000000019565468078
Q104676713	6000000177231804829
Q104676731	6000000077806629396
Q104676766	6000000002388873167
Q104676780	6000000014536183212
Q104676809	6000000144183083864
Q104676847	6000000190085734943
Q104676848	6000000028747257915
Q104676872	6000000075997525962
Q104676877	6000000028747272850
Q104676901	6000000054837245021
Q104676903	6000000022556669549
Q104676904	6000000065010902876
Q104676908	6000000078189285857
Q104676914	6000000180475215861
Q104676917	6000000001805396715
Q104676919	6000000165812283841
Q104676920	367391423030013589
Q104676922	6000000045932292888
Q104676923	6000000027907790735
Q104676929	6000000001805396727
Q104676930	6000000150819177887
Q104676935	6000000030874381905
Q104676936	6000000085784748865
Q104676937	6000000014926943523
Q104676939	6000000014894522812
Q104676940	6000000150819182851
Q104676944	6000000165820296821
Q104676947	6000000001805396762
Q104676950	6000000014927461725
Q104676952	6000000165812110882
Q104676960	6000000034182763817
Q104676961	6000000098678803842
Q104676965	6000000180476362866
Q104676966	6000000043047988055
Q104676967	6000000030874165274
Q104676970	6000000085784665900
Q104676971	6000000061539970839
Q104676973	6000000072173096833
Q104676981	6000000201392653892
Q104676984	6000000030192890417
Q104676989	367429559560003873
Q104676993	6000000181390382821
Q104676996	6000000165820650930
Q104676997	6000000030873945387
Q104677002	6000000045097052000
Q104677003	6000000123097197833
Q104677011	6000000165821887847
Q104677017	6000000115961280833
Q104677018	6000000045097377842
Q104677022	6000000001805396738
Q104677023	6000000030874345024
Q104677026	6000000178968461873
Q104677027	6000000014894499410
Q104677028	6000000180476790875
Q104677029	6000000098684903862
Q104677032	6000000165813654120
Q104677033	6000000045932093268
Q104677040	6000000190086979821
Q104677044	6000000165822250821
Q104677073	6000000015455487478
Q104677083	6000000191925874854
Q104677084	6000000080104425953
Q104677086	6000000010601867908
Q104677088	6000000113648678900
Q104677090	6000000206558891005
Q104677092	6000000084290617622
Q104677093	6000000066548062832
Q104677094	6000000042676385863
Q104677096	6000000010511926403
Q104677098	6000000191926148821
Q104677099	6000000173636747981
Q104677100	6000000111256889066
Q104677105	6000000010511685940
Q104677110	6000000111256331304
Q104677114	6000000113650831823
Q104677117	6000000010501552081
Q104677119	6000000113650601835
Q104677122	6000000017665271176
Q104677127	6000000074177237980
Q104677128	6000000040177913125
Q104677129	6000000038757402029
Q104677130	6000000038757360830
Q104677131	6000000140096491881
Q104677133	6000000080471630829
Q104677134	6000000068064836868
Q104677135	6000000195430285823
Q104677137	6000000172262500909
Q104677140	6000000015319089041
Q104677143	6000000014092796549
Q104677144	6000000114151200825
Q104677148	6000000040177883062
Q104677149	6000000014092618784
Q104677155	6000000023123611701
Q104677157	6000000080104625867
Q104677160	6000000172251879972
Q104677161	6000000191925815859
Q104677162	6000000178212427821
Q104677164	6000000178212438872
Q104677175	6000000074176662440
Q104677178	6000000111242267943
Q104677180	6000000192847375884
Q104677181	6000000040177778716
Q104677185	6000000192847834821
Q104677186	6000000140096365833
Q104677187	6000000187608504824
Q104677203	6000000028451327826
Q104677204	6000000138038887859
Q104677205	6000000078298066908
Q104677207	6000000176354094866
Q104677210	6000000014319252213
Q104677212	6000000188529920828
Q104677213	6000000076817011899
Q104677214	6000000023712007502
Q104677215	6000000001489980218
Q104677216	6000000078297484062
Q104677217	6000000001233336676
Q104677218	6000000176351181033
Q104677222	6000000176355235821
Q104677223	6000000001490173128
Q104677224	6000000078297868891
Q104677226	6000000076817133009
Q104677227	6000000078298664821
Q104677228	6000000078298447852
Q104677230	6000000030665695395
Q104677231	6000000034351993156
Q104677232	6000000053382585952
Q104677240	6000000034359824990
Q104677241	6000000030771856967
Q104677242	6000000034359309023
Q104677248	6000000034359440018
Q104677249	6000000034351741298
Q104677255	6000000034359924986
Q104677265	6000000030620020928
Q104677266	6000000056592326836
Q104677268	6000000033396322259
Q104677274	6000000195921302826
Q104677275	6000000154882607826
Q104677279	6000000178324342844
Q104677281	6000000143263472834
Q104677282	6000000015626901904
Q104677284	6000000195920687885
Q104677289	6000000004118037086
Q104677293	6000000178228911837
Q104677294	6000000102088676835
Q104677297	6000000174184557929
Q104677299	6000000195921085844
Q104677305	6000000064298713123
Q104677306	6000000022627366440
Q104677307	6000000018844005074
Q104677310	6000000081800219880
Q104677326	6000000012800178276
Q104677331	6000000192843126837
Q104677332	6000000046311137821
Q104677334	6000000042860755049
Q104677335	6000000053344193844
Q104677341	6000000016444326390
Q104677343	6000000097693306294
Q104677349	6000000059174209022
Q104677357	6000000078923746314
Q104677358	6000000104707286066
Q104677359	6000000070383916023
Q104677365	6000000179009605883
Q104677366	6000000013346941177
Q104677370	6000000168162786996
Q104677371	6000000097696356851
Q104677376	6000000037364795398
Q104677378	6000000047592998931
Q104677379	6000000019309591401
Q104677381	6000000013079857205
Q104677382	6000000013079348749
Q104677385	6000000002802585736
Q104677388	6000000053343794122
Q104677390	6000000016348275239
Q104677392	6000000013741325350
Q104677395	6000000182824859875
Q104677398	6000000033833251770
Q104677404	6000000003688257031
Q104677410	6000000192725989822
Q104677411	6000000092320519821
Q104677416	6000000020380748289
Q104677418	6000000014830841330
Q104677420	6000000071104620259
Q104677421	6000000008393654995
Q104677424	6000000018868010377
Q104677428	6000000071105526018
Q104677430	6000000003680075060
Q104677433	6000000041534564202
Q104677438	6000000020329573746
Q104677439	6000000197437748828
Q104677440	6000000182639250852
Q104677444	6000000182637152971
Q104677447	6000000075847049887
Q104677449	6000000017643525035
Q104677450	6000000092319901241
Q104677451	6000000026680007221
Q104677454	6000000091693919397
Q104677455	6000000071102512821
Q104677461	6000000015393928487
Q104677462	6000000071105091239
Q104677463	6000000168998898896
Q104677465	6000000018867672737
Q104677468	6000000168999087866
Q104677469	6000000050355029866
Q104677470	6000000091692863728
Q104677471	6000000014787074968
Q104677472	6000000026680215905
Q104677473	6000000168998819893
Q104677474	6000000008399007955
Q104677476	6000000038994513407
Q104677479	6000000008393839421
Q104677480	6000000071299689840
Q104677485	6000000085976594302
Q104677486	6000000085978145862
Q104677487	6000000085978337837
Q104677488	6000000016986394325
Q104677489	6000000052064439007
Q104677490	6000000033850061867
Q104677491	6000000028180132846
Q104677492	6000000009679938086
Q104677494	6000000020732937255
Q104677495	6000000100175339959
Q104677496	6000000100173225427
Q104677499	6000000100175053981
Q104677507	6000000014700833063
Q104677509	6000000008658292524
Q104677512	6000000010867986172
Q104677513	6000000002265403292
Q104677515	6000000064239121905
Q104677517	6000000175642601827
Q104677518	6000000017730254211
Q104677519	6000000064236345059
Q104677534	6000000192071758827
Q104677537	6000000192071651824
Q104677538	6000000082825660837
Q104677541	6000000007316847950
Q104677542	6000000007316847361
Q104677543	6000000052534056919
Q104677545	6000000052534263890
Q104677546	6000000007512560298
Q104677547	6000000042647159846
Q104677550	6000000025067623938
Q104677561	6000000039323339821
Q104677563	6000000178435968873
Q104677564	6000000069310569825
Q104677576	6000000026187794630
Q104677578	6000000118001884854
Q104677582	6000000176098035841
Q104677585	6000000007512147802
Q104677594	6000000122683976925
Q104677597	6000000020839167961
Q104677598	6000000068125783821
Q104677599	6000000007512428739
Q104677601	6000000026188331587
Q104677604	6000000020639808801
Q104677607	6000000166463410090
Q104677608	6000000077795204927
Q104677612	6000000007591172477
Q104677613	6000000028392799057
Q104677614	6000000051720315833
Q104677617	6000000025067716919
Q104677619	6000000028392943301
Q104677620	6000000034630517964
Q104677622	6000000019583401528
Q104677638	6000000053090061852
Q104677640	6000000166465243821
Q104677641	6000000007512417613
Q104677644	6000000015465105699
Q104677645	6000000166467492832
Q104677646	6000000118117333821
Q104677648	6000000170018623835
Q104677649	6000000152481928845
Q104677653	6000000093379103119
Q104677656	6000000193110885869
Q104677658	6000000005093214334
Q104677659	6000000025049337716
Q104677661	6000000005092962776
Q104677662	6000000172469310965
Q104677663	6000000035089101629
Q104677664	6000000005092860900
Q104677665	6000000053090128821
Q104677666	6000000122679740004
Q104677667	6000000053735114945
Q104677671	6000000030384462917
Q104677672	6000000026188560916
Q104677673	6000000077792639791
Q104677676	6000000025424605337
Q104677677	6000000086151731146
Q104677678	6000000201425463827
Q104677681	6000000086152276851
Q104677683	6000000201425601821
Q104677688	6000000086152155915
Q104677696	6000000049393567989
Q104677697	6000000049393554978
Q104677698	6000000205033028825
Q104677699	6000000020074443315
Q104677702	6000000042289750011
Q104677707	6000000021720546223
Q104677709	6000000037370260853
Q104677711	6000000036985472274
Q104677713	6000000167107636823
Q104677717	6000000020074582042
Q104677718	6000000042289697077
Q104677720	6000000065126555824
Q104677721	6000000014407657920
Q104677722	6000000014407872358
Q104677723	6000000034480756333
Q104677724	6000000028477139333
Q104677725	6000000028480559086
Q104677726	6000000037495492641
Q104677727	6000000034480770165
Q104677730	6000000017134698236
Q104677731	6000000015821365185
Q104677732	6000000014417524104
Q104677733	6000000016069319519
Q104677734	6000000009678357837
Q104677735	6000000015821306327
Q104677736	6000000015820236465
Q104677737	6000000008482777252
Q104677738	6000000028477732883
Q104677739	6000000007290214235
Q104677742	6000000015656196212
Q104677745	6000000015663670006
Q104677748	6000000080861101196
Q104677754	6000000028477550185
Q104677763	6000000027272609006
Q104677770	6000000025629847998
Q104677771	6000000038022693174
Q104677772	6000000025621445044
Q104677773	6000000018228911529
Q104677774	6000000178552218827
Q104677776	6000000178551415846
Q104677777	6000000065053991019
Q104677781	6000000013393583178
Q104677785	6000000013393788563
Q104677788	6000000181294859845
Q104677797	6000000056122984255
Q104677800	6000000052063966226
Q104677812	6000000018366960268
Q104677813	6000000188682801838
Q104677815	6000000018703214454
Q104677816	6000000112326864891
Q104677821	6000000018367135035
Q104677827	6000000018366822988
Q104677838	6000000018366123886
Q104677842	6000000178992404821
Q104677846	6000000071456513165
Q104677850	6000000081559798395
Q104677851	6000000081558725127
Q104677852	6000000186116892852
Q104677855	6000000054932907905
Q104677859	6000000020356252104
Q104677866	6000000117620230127
Q104677869	6000000193232724841
Q104677883	6000000081568699835
Q104677887	6000000018367065147
Q104677888	6000000141013350918
Q104677890	6000000173808203916
Q104677891	6000000028107338204
Q104677893	6000000030731450332
Q104677898	6000000004590236148
Q104677899	6000000003680016114
Q104677904	6000000020113519874
Q104677907	6000000106327137833
Q104677919	6000000035652456178
Q104677920	6000000054751048011
Q104677922	6000000056721060821
Q104677926	6000000017362937579
Q104677927	6000000029836051313
Q104677930	6000000015657725674
Q104677936	6000000178237845835
Q104677940	6000000183561955828
Q104677949	6000000085454476843
Q104677951	6000000085453397174
Q104677953	6000000017129144231
Q104677955	6000000017129221080
Q104677960	6000000081243591004
Q104677963	6000000028078174354
Q104677965	6000000104554514984
Q104677967	6000000076726867209
Q104677968	6000000033979250283
Q104677976	6000000022674822797
Q104677980	6000000085818911873
Q104677982	6000000078279829370
Q104677984	6000000017475398081
Q104677985	6000000078903130075
Q104677986	6000000078280157008
Q104677987	6000000078903392885
Q104677988	6000000055665890855
Q104677989	6000000026272981057
Q104677991	6000000023112130228
Q104677994	6000000185471386083
Q104677995	6000000023729175789
Q104677997	6000000185471966872
Q104677999	6000000023111892815
Q104678001	6000000024640267123
Q104678003	6000000014911426612
Q104678005	6000000014911823767
Q104678011	6000000008154275461
Q104678012	6000000016192433866
Q104678016	6000000008154304701
Q104678019	6000000040469106385
Q104678022	6000000071308730898
Q104678024	6000000073585288725
Q104678027	6000000071308735876
Q104678035	6000000189651316841
Q104678039	6000000185345378954
Q104678042	6000000054743406148
Q104678044	6000000019666592414
Q104678063	6000000025097169480
Q104678069	6000000025096967356
Q104678078	6000000136031075928
Q104678082	6000000029535895294
Q104678086	6000000202038883860
Q104678088	6000000185000129842
Q104678103	6000000033733469089
Q104678114	6000000042517329195
Q104678135	6000000082886122822
Q104678137	6000000015820537977
Q104678140	6000000112327411827
Q104678141	6000000018555814736
Q104678175	6000000122649302997
Q104678193	6000000122651187833
Q104678219	6000000075341838138
Q104678229	6000000184999888842
Q104678239	6000000180787637907
Q104678256	6000000028393256074
Q104678269	6000000111495191823
Q104678272	6000000185616489846
Q104678273	6000000202040202823
Q104678275	6000000185614942919
Q104678292	6000000082843316009
Q104678294	6000000018556572308
Q104678295	6000000162294987848
Q104678296	6000000028392970366
Q104678298	6000000183306498821
Q104678306	6000000162294186884
Q104678318	6000000193179468924
Q104678335	6000000202039078830
Q104678356	6000000024597676033
Q104678358	6000000048055997167
Q104678367	6000000065167923985
Q104678384	6000000112348325964
Q104678397	6000000002843961418
Q104678399	6000000022795141932
Q104678403	6000000024154710379
Q104678405	6000000024154437744
Q104678407	6000000016410655471
Q104678416	6000000112348359932
Q104678418	6000000127191695871
Q104678422	6000000024157815106
Q104678425	6000000058265670871
Q104678447	6000000015455500240
Q104678449	6000000191036859821
Q104678450	6000000013740272622
Q104678452	6000000038236250893
Q104678454	6000000191036688833
Q104678457	6000000191036647851
Q104678478	6000000000971499336
Q104678481	6000000000971327301
Q104678482	6000000000971439276
Q104678484	6000000000971522002
Q104678485	6000000028359419766
Q104678487	6000000028359672483
Q104678489	6000000164478039883
Q104678490	6000000028283620753
Q104678491	6000000077100876859
Q104678493	6000000017543735587
Q104678498	6000000014744943137
Q104678502	6000000041517933071
Q104678504	6000000024460570131
Q104678509	6000000014744949159
Q104678522	6000000050965807307
Q104678533	6000000018384685603
Q104678534	6000000018384952967
Q104678538	6000000014936517097
Q104678540	6000000073342317869
Q104678541	6000000018384998950
Q104678544	6000000018222295843
Q104678546	6000000019666548958
Q104678552	6000000050964971923
Q104678555	6000000103163864039
Q104678558	6000000018385339367
Q104678560	6000000041517639886
Q104678562	6000000018222759144
Q104678563	6000000018384350454
Q104678567	6000000188543193823
Q104678570	6000000203006410821
Q104678580	6000000084937829902
Q104678581	6000000173189285868
Q104678593	6000000042449961769
Q104678597	6000000050965045582
Q104678605	6000000185380523822
Q104678866	6000000082757323952
Q104678868	6000000082822370836
Q104678875	6000000016347096850
Q104678877	6000000040655395204
Q104681880	6000000004391427190
Q104682616	6000000013341759167
Q104682746	6000000045841622952
Q104683407	6000000012401194204
Q104683513	6000000023867038819
Q104683522	6000000003590828459
Q104683533	6000000195848433877
Q104683541	6000000088955275833
Q104683551	6000000043829543421
Q104683557	6000000037103194077
Q104683559	6000000066914488251
Q104683563	6000000010390971288
Q104683569	6000000042360281024
Q104683572	6000000008603382044
Q104683579	6000000043829962056
Q104683580	6000000042375954535
Q104683585	6000000004064337082
Q104683592	6000000026843306046
Q104683594	6000000037103127718
Q104683597	6000000208890806434
Q104683602	6000000088265727943
Q104683604	6000000010391308614
Q104683606	6000000066915695035
Q104683609	6000000010392270419
Q104683612	6000000021812836742
Q104683613	6000000200354580764
Q104683618	6000000055053766931
Q104683625	6000000032627762218
Q104683630	6000000194798105838
Q104683633	6000000109269867015
Q104683638	6000000037713047094
Q104683639	6000000186993845821
Q104683641	6000000068124874821
Q104683649	6000000068124941821
Q104683670	6000000038237711196
Q104683688	6000000007014359972
Q104683696	6000000044159242849
Q104683697	6000000015171787003
Q104683725	6000000202591586821
Q104683730	6000000056402464860
Q104683736	6000000021619015201
Q104683738	6000000079191582043
Q104683752	6000000001969204910
Q104683756	6000000190021739922
Q104683757	6000000072062845470
Q104683764	6000000178097557840
Q104683766	6000000192636728824
Q104683769	6000000077188298365
Q104683776	6000000185671903872
Q104683780	6000000202591446835
Q104683787	6000000025982889174
Q104683795	6000000083168298913
Q104683808	6000000136551373825
Q104683810	6000000125931021843
Q104683816	6000000192636140863
Q104683818	6000000148589934823
Q104683829	6000000121236846847
Q104683834	6000000197459824905
Q104683839	6000000036935598848
Q104683843	6000000015171580711
Q104683853	6000000190023328826
Q104683855	6000000152204454855
Q104683861	6000000077832913076
Q104683875	6000000055933509143
Q104683883	6000000136550449853
Q104683887	6000000185670639975
Q104683890	6000000001445354627
Q104683892	6000000212637947832
Q104683894	6000000045595926960
Q104683896	6000000001445354609
Q104683897	6000000120535680824
Q104683900	6000000001445352890
Q104683901	6000000001445352786
Q104683906	6000000001445354868
Q104683913	6000000178386204833
Q104683917	6000000120535615855
Q104683927	6000000065530860899
Q104683937	6000000195562962871
Q104683940	6000000036324991734
Q104683942	6000000036587774597
Q104683945	6000000002186056226
Q104683947	6000000070000791833
Q104683950	6000000036338562106
Q104683956	6000000037505604992
Q104683957	6000000061275989190
Q104683959	6000000036588407887
Q104683963	6000000165348686133
Q104683965	6000000036339391135
Q104683974	6000000007528931160
Q104683980	6000000043248176880
Q104683982	6000000010192856666
Q104683989	6000000092337909977
Q104683995	6000000060214830876
Q104684013	6000000140454241824
Q104684023	6000000011483062366
Q104684037	6000000174410977073
Q104684039	6000000174396874007
Q104684045	6000000061834073880
Q104684048	6000000060903266821
Q104684050	6000000021228989948
Q104684051	6000000017926727915
Q104684053	6000000061834345869
Q104684063	6000000198995566832
Q104684067	6000000198993155882
Q104684079	6000000035805699746
Q104684087	355980202500005622
Q104684088	6000000204654730842
Q104684093	6000000204654846829
Q104684097	6000000044134261164
Q104684108	6000000148582041009
Q104684115	6000000185812462826
Q104684128	6000000172671997024
Q104684133	6000000082303927825
Q104684136	6000000002186056220
Q104684138	6000000153001571822
Q104684139	6000000185604535988
Q104684151	6000000084697609981
Q104684169	6000000087923139000
Q104684176	6000000161960694827
Q104684186	6000000093928573113
Q104684196	6000000093929299878
Q104684202	6000000023288116402
Q104684210	6000000023288191372
Q104684218	6000000055202778950
Q104684224	6000000186920752873
Q104684228	6000000035623993956
Q104684236	6000000035866602254
Q104684249	6000000072043222060
Q104684251	6000000084938265821
Q104684253	6000000063311791821
Q104684258	6000000063311375124
Q104684265	6000000006323740346
Q104684267	6000000007481081626
Q104684273	6000000079444851228
Q104684293	6000000176586845864
Q104684301	6000000187686705862
Q104684326	6000000080792577846
Q104684342	6000000028725999866
Q104684357	6000000176147129849
Q104684378	6000000176203802822
Q104684381	6000000130995253354
Q104684389	6000000003674216040
Q104684392	6000000042312518592
Q104684401	6000000022600504647
Q104684403	6000000036949271316
Q104684412	6000000188245525826
Q104684415	6000000004261626373
Q104684424	6000000028944175951
Q104684435	6000000028946830996
Q104684447	6000000030203930952
Q104684449	6000000008121471835
Q104684464	6000000030201643535
Q104684473	6000000051033368231
Q104684475	6000000026314332907
Q104684480	6000000034570470243
Q104684484	6000000034570508160
Q104684488	6000000024335940178
Q104684491	6000000024336021352
Q104684497	6000000027154372143
Q104684499	6000000080650719940
Q104684502	6000000040071312595
Q104684503	3774225
Q104684506	6000000000556475712
Q104684510	6000000002824304211
Q104684515	6000000149442078842
Q104684518	6000000034965982565
Q104684520	6000000064378070922
Q104684522	6000000162944891916
Q104684524	6000000054003790856
Q104684528	6000000042193043233
Q104684530	6000000048947284821
Q104684546	6000000208903879842
Q104684548	6000000208905072851
Q104684551	6000000029303754193
Q104684555	6000000208827652859
Q104684559	6000000056595781840
Q104684561	6000000208823185830
Q104684568	6000000074580819021
Q104684570	6000000144050751932
Q104684576	6000000098846322046
Q104684580	6000000081365420850
Q104684584	6000000143176113853
Q104684585	6000000143175580982
Q104684595	6000000027901244552
Q104684599	6000000211942026898
Q104684610	6000000081062418957
Q104684613	6000000084554674080
Q104684615	6000000043020324011
Q104684617	6000000043020343969
Q104684629	6000000099368085823
Q104684645	6000000025953802031
Q104684649	6000000028834477463
Q104684651	6000000178808607830
Q104684653	6000000003216720273
Q104684656	6000000035950350835
Q104684657	6000000190010958856
Q104684663	6000000054886947855
Q104684666	6000000176588632829
Q104684668	6000000071574801854
Q104684670	6000000003216720133
Q104684672	6000000041889240702
Q104684676	6000000053560233833
Q104684678	6000000199207081844
Q104684683	6000000002824149552
Q104684684	6000000018239772382
Q104684686	6000000071576612830
Q104684688	6000000190010691836
Q104684690	6000000191550608833
Q104684700	6000000031503844165
Q104684702	6000000079201908992
Q104684709	6000000043280137961
Q104684711	6000000004590174107
Q104684719	6000000006583913273
Q104684724	6000000199117407004
Q104684725	6000000179452072836
Q104684731	6000000003216720125
Q104684733	6000000181329398840
Q104684736	6000000023137024060
Q104684738	6000000188938875839
Q104684748	6000000024999852273
Q104684752	6000000044348057305
Q104684757	6000000029402307677
Q104684760	6000000043465928714
Q104684774	6000000018239864025
Q104684777	6000000003811673520
Q104684780	6000000127029246821
Q104684782	6000000076454293955
Q104684788	6000000042810507579
Q104684798	6000000005441224652
Q104684801	6000000056108758031
Q104684822	6000000178393881840
Q104684825	6000000178394004831
Q104684826	6000000042167759027
Q104684830	6000000030960787324
Q104684836	6000000041997418171
Q104684846	6000000044454598324
Q104684847	6000000178188465827
Q104684850	6000000001634663260
Q104684852	6000000207027660908
Q104684858	6000000016532546622
Q104684860	6000000030960869024
Q104684864	6000000046083309128
Q104684867	6000000027516596190
Q104684870	6000000106737052870
Q104684874	6000000197385686821
Q104684881	6000000017642142389
Q104684889	6000000110572882826
Q104684890	6000000110520500835
Q104684893	6000000079572577833
Q104684896	642832
Q104684901	6000000179699937892
Q104684903	6000000079550127704
Q104684918	6000000026088042169
Q104684921	6000000002388925780
Q104684922	6000000041723697251
Q104684924	6000000176787971845
Q104684929	6000000002089367352
Q104684931	6000000209626668869
Q104684932	6000000044556183858
Q104684936	6000000120497663825
Q104684943	6000000079550585434
Q104684949	6000000008341268429
Q104684951	6000000033290602522
Q104684955	642834
Q104684957	6000000179700621836
Q104684961	6000000033184228475
Q104684965	6000000036940737654
Q104684973	6000000008328867655
Q104684977	6000000034455960372
Q104684980	6000000012620615998
Q104684981	6000000008330133060
Q104684984	6000000185481920029
Q104684987	6000000112494369965
Q104684989	6000000209705047834
Q104684990	6000000026085016328
Q104685009	6000000084322210857
Q104685013	6000000187149244890
Q104685017	6000000023500924391
Q104685023	6000000044124641826
Q104685029	6000000043651393821
Q104685036	6000000019057344375
Q104685039	6000000019057256778
Q104685042	6000000175007492636
Q104685045	6000000147005954077
Q104685055	6000000004338894436
Q104685057	6000000194872252855
Q104685063	6000000071902945224
Q104685068	6000000117397330217
Q104685079	6000000039829873837
Q104685081	6000000007447757258
Q104685084	6000000021312474600
Q104685086	6000000058148327489
Q104685089	6000000054017512979
Q104685092	6000000091331607826
Q104685100	6000000054016916248
Q104685101	6000000185671955900
Q104685103	6000000009493660369
Q104685105	6000000054023187864
Q104685108	6000000091330625040
Q104685109	6000000181447767831
Q104685114	6000000202502692825
Q104685117	6000000010262952712
Q104685121	6000000007116178396
Q104685123	6000000091281518846
Q104685126	6000000051173451825
Q104685127	6000000189242719822
Q104685132	6000000007447873209
Q104685134	6000000189242710822
Q104685138	6000000021313051196
Q104685139	6000000201154769846
Q104685145	6000000007529091538
Q104685150	6000000120356940002
Q104685153	6000000081985486279
Q104685180	6000000052316730955
Q104685241	6000000080805598884
Q104685247	6000000019485573613
Q104685249	6000000023112132655
Q104685324	6000000101502530859
Q104685326	6000000072630262102
Q104685328	6000000055804083822
Q104685329	6000000209780919825
Q104685334	6000000128843647004
Q104685340	6000000080545111189
Q104685343	6000000031466719097
Q104685350	6000000014891273299
Q104685354	6000000024115591156
Q104685359	6000000026922577008
Q104685362	6000000060789243146
Q104685368	6000000035005018916
Q104685370	6000000035005280149
Q104685385	6000000021012043542
Q104685403	6000000076191873824
Q104685411	6000000078533108868
Q104685414	6000000129505951844
Q104685416	6000000129506043821
Q104685418	6000000129505910831
Q104685431	6000000068062557944
Q104685434	6000000068063263834
Q104685448	6000000015320511866
Q104685454	6000000015320986001
Q104685455	6000000005021270010
Q104685460	6000000019333006275
Q104685461	6000000105068608876
Q104685462	6000000105068634825
Q104685465	6000000020998530343
Q104685470	6000000099211265922
Q104685472	6000000184484958914
Q104685473	6000000010799335841
Q104685476	6000000099207948829
Q104685484	6000000008502061029
Q104685487	6000000050989267827
Q104685489	6000000027516896796
Q104685509	6000000188085958842
Q104685513	6000000024338676986
Q104685515	6000000010376033203
Q104685519	6000000036829719595
Q104685521	6000000036830884298
Q104685522	6000000019079722014
Q104685536	6000000041877837805
Q104685538	6000000046034155151
Q104685541	6000000038241933989
Q104685544	6000000038241744996
Q104685548	6000000014064661336
Q104685550	6000000026298969560
Q104685552	6000000054297116839
Q104685572	6000000110992860153
Q104685573	6000000135765643850
Q104685575	6000000203596576840
Q104685577	6000000017888582112
Q104685578	6000000110992390897
Q104685579	6000000110993653888
Q104685583	6000000110994060920
Q104685584	6000000074136881845
Q104685589	6000000024945679943
Q104685592	6000000212458877823
Q104685595	6000000079623433521
Q104685602	6000000204016559851
Q104685604	6000000164300294821
Q104685605	6000000209840778857
Q104685669	6000000078930482842
Q104685705	6000000074164546822
Q104685719	6000000012443588224
Q104685732	6000000004589974988
Q104685735	6000000156166300860
Q104685845	6000000170431622855
Q104685846	6000000170429889106
Q104685853	6000000011765814587
Q104685872	6000000107591754821
Q104685876	6000000173788965913
Q104685878	6000000173790783821
Q104685879	6000000083099864901
Q104685880	6000000176094629903
Q104685883	6000000176096920821
Q104685888	6000000083100037821
Q104685898	6000000018578901082
Q104685901	6000000018578582739
Q104685906	6000000085290101969
Q104685909	6000000179489550852
Q104685911	6000000019031014816
Q104686023	6000000014177726016
Q104686029	6000000085652445824
Q104686035	6000000134774302884
Q104686038	6000000131111664824
Q104686041	6000000025109508762
Q104686047	6000000003688356998
Q104686048	6000000014348755691
Q104686052	6000000192328398900
Q104686053	6000000071116962833
Q104686058	6000000202746003885
Q104686066	6000000008925523143
Q104686072	6000000029228850567
Q104686078	6000000088160897020
Q104686095	6000000176203213853
Q104686121	6000000039831044590
Q104686130	6000000023348915392
Q104686154	6000000027291956430
Q104686162	6000000007447869224
Q104686167	6000000058687909194
Q104686191	4239030553470061639
Q104686205	6000000169808036714
Q104686210	6000000148571724966
Q104686218	6000000208914617829
Q104686235	6000000056595774845
Q104686689	6000000098190849876
Q104686690	6000000190071556141
Q104686695	6000000038163346135
Q104686698	6000000078643019642
Q104686700	6000000032155594895
Q104686707	6000000131519162122
Q104686709	6000000193235609829
Q104686710	6000000120411254824
Q104686715	6000000020556869951
Q104686719	6000000016393054380
Q104686724	6000000017456684207
Q104686733	6000000000626364437
Q104686741	6000000002765700441
Q104686748	6000000059365666971
Q104686761	6000000031095720843
Q104686793	6000000205005840843
Q104686798	6000000046523019948
Q104686801	6000000213911137827
Q104686810	6000000024863203078
Q104686829	6000000024863229916
Q104686835	6000000009715615230
Q104686839	6000000029815052292
Q104686841	6000000041389233703
Q104686843	6000000048301840902
Q104686860	6000000215578179833
Q104686861	6000000173341195934
Q104686865	6000000024771845248
Q104686870	6000000041879591756
Q104686881	6000000101363057096
Q104686911	6000000019511143538
Q104686916	6000000016528861677
Q104686922	6000000021542749900
Q104686925	6000000048841883134
Q104686939	6000000075212821860
Q104686946	6000000013027894930
Q104686948	6000000079208153050
Q104686953	6000000202763677841
Q104686959	6000000012472687466
Q104686959	6000000190047717706
Q104686964	6000000040821489251
Q104686967	6000000176798494960
Q104686971	6000000017484908768
Q104686979	6000000012883278925
Q104686983	6000000033229912441
Q104686984	6000000001466316513
Q104686994	6000000013308837241
Q104687005	6000000202763589849
Q104687008	6000000211428414821
Q104687030	6000000181518651852
Q104687037	6000000177884631851
Q104687047	6000000194521429853
Q104687050	6000000194521569895
Q104687052	6000000194521532842
Q104687063	6000000034830664531
Q104687076	6000000010917586194
Q104687078	6000000010917597907
Q104687079	6000000009551124515
Q104687081	6000000010917621883
Q104687087	6000000077069728643
Q104687090	6000000024217396330
Q104687093	6000000082978114823
Q104687123	6000000056802285823
Q104687127	6000000001805399098
Q104687130	6000000086301563325
Q104687147	6000000020649874262
Q104687152	6000000003176033209
Q104687160	6000000020650030949
Q104687168	6000000003176056120
Q104687176	6000000197059649841
Q104687178	6000000016766446603
Q104687187	6000000085428965905
Q104687197	6000000037114982417
Q104687201	6000000032886220931
Q104687207	6000000045335400237
Q104687219	6000000041092173040
Q104687223	6000000002764948182
Q104687225	6000000001270077047
Q104687227	6000000181843797863
Q104687229	6000000054628723978
Q104687233	6000000095758444104
Q104687238	6000000045335745279
Q104687247	6000000001269986368
Q104687249	6000000041092836052
Q104687251	6000000009406908771
Q104687254	6000000006846253447
Q104687256	6000000002764948187
Q104687269	6000000021709354213
Q104687272	6000000020746334248
Q104687274	6000000029164596809
Q104687283	6000000054628972895
Q104687289	6000000082055959288
Q104687291	6000000041092048013
Q104687304	6000000114609107902
Q104687309	6000000114608475079
Q104687317	6000000173550389914
Q104687319	6000000173550212873
Q104687321	6000000041567343173
Q104687339	6000000021440507800
Q104687340	6000000013362742166
Q104687347	6000000077818176584
Q104687350	6000000013486448468
Q104687359	6000000018918162145
Q104687361	6000000043827023127
Q104687370	6000000196618454865
Q104687372	6000000040656158208
Q104687382	6000000013153657015
Q104687388	6000000184245139091
Q104687390	6000000013322997297
Q104687519	6000000055954666966
Q104689723	6000000018385338789
Q104689804	6000000186837936855
Q104689813	6000000187614259824
Q104689819	6000000169637359030
Q104689823	6000000060773804911
Q104689824	6000000070700679337
Q104689826	6000000193874376821
Q104689828	6000000169639823990
Q104689832	6000000193872764842
Q104689833	6000000172422755400
Q104689839	6000000193873129827
Q104689840	6000000070701122985
Q104689842	6000000193874394824
Q104689843	6000000169639504898
Q104689848	6000000196108893871
Q104689850	6000000187543634826
Q104689854	6000000196115172822
Q104689868	6000000057948842021
Q104689869	6000000057949832909
Q104689871	6000000028433053981
Q104689882	6000000082860448037
Q104689884	6000000083258086113
Q104689889	6000000205779583900
Q104689892	6000000083274893910
Q104689906	6000000006946897732
Q104689913	6000000187615114822
Q104689921	6000000187617590845
Q104689931	6000000083258413882
Q104689948	6000000020601158215
Q104689951	6000000014548232650
Q104689968	6000000083258414228
Q104689998	6000000057949587994
Q104690000	6000000083258680859
Q104690007	6000000178750421864
Q104690008	6000000178751159850
Q104690012	6000000183625076822
Q104690015	6000000000398422476
Q104690017	6000000046020165280
Q104690018	6000000077450546996
Q104690029	6000000077449957544
Q104690037	6000000187044033863
Q104690038	6000000014724354569
Q104690046	6000000077448429016
Q104690052	6000000017044829299
Q104690055	6000000077448396099
Q104690057	6000000048686562929
Q104690062	6000000077447854656
Q104690065	6000000077448082404
Q104690066	6000000046022236896
Q104690069	6000000049028063607
Q104690071	6000000016229017312
Q104690084	6000000046019763137
Q104690086	6000000049028910129
Q104690091	6000000081046160874
Q104690095	6000000110803351956
Q104690098	6000000046021391821
Q104690102	6000000077448183416
Q104690106	6000000049029087027
Q104690113	6000000194725910830
Q104690118	6000000016132020418
Q104690138	6000000077447003520
Q104690139	6000000036630060833
Q104690146	6000000129570656840
Q104690153	6000000047242452056
Q104690156	6000000047242390149
Q104690159	6000000147155631934
Q104690161	6000000164721005850
Q104690165	6000000019356780729
Q104690169	6000000036779013821
Q104690170	6000000011860212694
Q104690175	6000000014338750845
Q104690177	6000000187664742915
Q104690184	6000000024170780252
Q104690185	6000000019254962170
Q104690188	6000000179915788826
Q104690190	6000000055799372126
Q104690191	6000000020079205525
Q104690192	6000000019349869407
Q104690205	6000000027359223925
Q104690210	6000000211407108874
Q104690212	6000000019357035358
Q104690213	6000000036835951002
Q104690214	6000000015223903881
Q104690216	6000000020079515087
Q104690219	6000000015612630761
Q104690220	6000000073714578855
Q104690223	6000000081566869337
Q104690226	6000000055799421010
Q104690229	6000000025109516693
Q104690231	6000000179917617851
Q104690234	6000000052726991916
Q104690242	6000000027359134611
Q104690253	6000000021357243940
Q104690256	6000000019149240778
Q104690275	1311261
Q104690278	6000000041463303348
Q104690284	6000000016883928880
Q104690292	6000000148997582075
Q104690297	6000000034413818019
Q104690318	6000000004589974943
Q104690322	6000000173549267172
Q104690327	6000000042364893997
Q104690329	5593421890940046075
Q104690333	6000000201988439846
Q104690334	6000000077068884851
Q104690352	6000000071537645512
Q104690354	6000000153181614828
Q104690356	5593424477900085960
Q104690359	6000000009686836790
Q104690362	6000000195951008958
Q104690365	6000000080544431912
Q104690367	6000000077624139856
Q104690372	6000000071538677907
Q104690388	6000000148998230883
Q104690390	6000000077622771920
Q104690392	1311252
Q104690395	6000000180989625835
Q104690397	6000000153182504821
Q104690398	6000000077068958825
Q104690407	6000000023454022857
Q104690410	6000000180157509939
Q104690418	6000000153173859161
Q104690421	6000000183553410884
Q104690422	6000000183554493856
Q104690425	6000000180988750880
Q104690427	6000000021353119432
Q104690431	6000000179227069828
Q104690435	6000000044460722972
Q104690436	6000000176378118830
Q104690441	6000000068834029062
Q104690444	6000000118612640980
Q104690448	6000000179342571898
Q104690455	6000000196595269822
Q104690457	6000000036276742156
Q104690460	6000000023112060274
Q104690468	6000000079681275940
Q104690470	6000000020269245679
Q104690472	6000000028184389713
Q104690477	6000000171954359849
Q104690478	6000000042775119097
Q104690485	6000000178045219897
Q104690487	6000000075416425873
Q104690488	6000000042774984120
Q104690490	6000000028184664205
Q104690496	6000000176378237852
Q104690499	6000000020269506041
Q104690504	6000000019250307948
Q104690505	6000000102009369821
Q104691773	6000000079681287944
Q104691775	6000000195445823844
Q104691779	6000000019498529344
Q104691781	6000000032469896153
Q104691787	6000000082501857167
Q104691789	6000000026298410127
Q104691794	6000000087902142306
Q104691800	6000000084031466727
Q104691804	6000000042768121060
Q104691808	6000000028184633678
Q104691819	6000000019497887767
Q104691821	6000000029938832210
Q104691824	6000000084031293223
Q104691825	6000000049590441898
Q104691831	6000000004947667858
Q104691838	6000000024211252163
Q104691845	6000000014891224794
Q104691849	6000000171979841541
Q104691853	6000000179343465852
Q104691855	6000000118618846837
Q104691857	6000000083473940414
Q104691864	6000000017336142520
Q104691867	6000000061003238838
Q104691868	6000000196623781869
Q104691871	6000000021604186995
Q104691873	6000000070086487842
Q104691877	6000000093570332954
Q104691887	6000000023112107147
Q104691893	6000000082571634045
Q104691895	6000000075416678926
Q104691897	6000000075416652890
Q104691909	6000000032843401157
Q104691918	6000000050738126282
Q104691927	6000000075286552844
Q104691931	6000000187690203845
Q104691946	6000000048827421838
Q104691950	6000000055298552889
Q104691971	6000000020678008258
Q104691973	6000000020735148509
Q104691975	6000000181842895844
Q104691977	6000000201437833855
Q104691986	6000000023713385433
Q104692008	6000000017080955438
Q104692017	6000000002353074611
Q104692020	6000000201438359826
Q104692024	6000000097888447877
Q104692027	6000000125324307938
Q104692030	6000000194395399842
Q104692038	6000000042102169649
Q104692048	6000000097879935988
Q104692050	6000000179235338831
Q104692060	6000000087110405584
Q104692077	6000000042140014821
Q104692085	6000000052874857902
Q104692087	6000000048328937064
Q104692091	6000000191479303823
Q104692098	6000000003679916577
Q104692103	6000000023713408043
Q104692107	6000000087112749839
Q104692113	6000000042102228609
Q104692132	6000000020932895464
Q104692347	6000000035349864666
Q104692842	6000000019411398698
Q104693506	6000000023991974517
Q1046936	6000000016189023926
Q104694900	6000000084612302862
Q104694972	6000000002385892877
Q104695041	6000000002665306142
Q104695100	6000000178682432840
Q104695856	6000000086730418973
Q104696212	6000000014790560046
Q104696215	6000000016802449108
Q104696637	6000000008950589195
Q104697725	6000000010112678121
Q104698015	6000000010112727385
Q104698112	6000000011118023284
Q104698195	6000000223634530899
Q104698393	6000000007980332406
Q104698847	6000000010210331638
Q10469949	6000000174031235856
Q104699770	6000000034013860872
Q104699774	6000000191490050885
Q104699775	6000000104162712822
Q104699781	6000000191490823822
Q104699793	6000000025483946307
Q104699797	6000000045917376001
Q104699829	6000000039843039243
Q104699830	6000000124777729915
Q104699832	6000000189447901835
Q104699835	6000000088058511853
Q104699841	6000000205681243830
Q104699842	4966830288160042501
Q104699843	6000000004177999127
Q104699846	6000000023365353861
Q104699850	6000000144478029833
Q104699854	6000000079248353830
Q104699855	6000000037678119927
Q104699860	6000000023994568218
Q104699865	6000000193671900839
Q104699867	6000000015925911542
Q104699868	6000000012894000584
Q104699869	6000000027558369693
Q104699871	6000000027558326258
Q104699874	6000000003802921766
Q104699878	6000000026145709998
Q104699880	6000000014809002663
Q104699884	6000000188336535883
Q104699886	6000000011251995568
Q104699891	6000000027558341699
Q104699893	6000000008799918191
Q104699894	6000000054663515859
Q104699898	6000000026349777018
Q104699900	6000000123500436889
Q104699901	6000000077918073123
Q104699906	6000000034236127168
Q104699914	6000000037677919312
Q104699915	6000000009965840396
Q104699917	6000000195442814837
Q104699926	6000000078413069552
Q104699927	6000000181453253826
Q104699933	6000000182325298821
Q104699937	6000000167440627827
Q104699938	4424811467470030328
Q104699942	6000000008672918843
Q104699943	6000000008672918835
Q104699945	6000000042308981865
Q104699946	6000000077644839271
Q104699947	6000000075575966115
Q104699958	6000000050781946821
Q104699961	6000000188592211821
Q104699962	6000000043384945282
Q104699963	6000000007949288655
Q104699972	6000000032448008314
Q104699973	6000000181159524858
Q104699976	6000000176399111863
Q1047	6000000003923543660
Q104700003	6000000176657464821
Q104700010	6000000013752868057
Q104700021	6000000026086384255
Q104700037	6000000176656118832
Q104700045	6000000181073827834
Q104700081	6000000015479645176
Q104700097	6000000138551400896
Q104700104	6000000181074687824
Q104700106	6000000001658248684
Q104700109	6000000031520612334
Q104700129	6000000026749034349
Q104700135	6000000036132154500
Q104700142	6000000015643101872
Q104700165	6000000030046930921
Q104700175	6000000016135846041
Q104700194	6000000176656288827
Q104700203	6000000010059714351
Q104700216	6000000002016777180
Q104700229	6000000030047132909
Q104700233	6000000170680160149
Q104700238	6000000002016749226
Q104700243	6000000196994121877
Q104700244	6000000209733603884
Q104700304	6000000057015347029
Q104700334	6000000174855346901
Q104700347	6000000105779869219
Q104700348	6000000204518128869
Q104700356	6000000174160365821
Q104700362	6000000040242668279
Q104700366	6000000052655406891
Q104700372	6000000177840552858
Q104700392	6000000214490138822
Q104700394	6000000020310665730
Q104700402	6000000179017825935
Q104700407	6000000204269003901
Q104700414	6000000017642821947
Q104700415	6000000102581776034
Q104700416	6000000209419209840
Q104700419	6000000035289853251
Q104700422	6000000035290267836
Q104700423	6000000083936145953
Q104700424	6000000093336872936
Q104700425	6000000083935557310
Q104700427	6000000208672728854
Q104700429	6000000027793199682
Q104700431	6000000027793340345
Q104700433	6000000009656546100
Q104700435	6000000009656546610
Q104700436	6000000034031223971
Q104700438	6000000179630387843
Q104700454	6000000019800229648
Q104700456	6000000019745004516
Q104700457	6000000076916368180
Q104700459	6000000001335753758
Q104700460	6000000178085996821
Q104700462	6000000001335753655
Q104700463	6000000194244819887
Q104700464	6000000194244883885
Q104700468	6000000043886630879
Q104700484	6000000167381106844
Q104700485	6000000073863145861
Q104700486	6000000000548094193
Q104700488	6000000041253804211
Q104700489	6000000016704457542
Q104700491	6000000041254036864
Q104700496	6000000179841848823
Q104700497	6000000197717485978
Q104700500	6000000079498589225
Q104700504	6000000212930422824
Q104700505	6000000101010100074
Q104700506	6000000165596933844
Q104700515	6000000150616434926
Q104700520	6000000150615821951
Q104700521	6000000208411127847
Q104700530	6000000203024313864
Q104700533	6000000083150852029
Q104700538	6000000089383451868
Q104700540	6000000029520258115
Q104700541	6000000211805709822
Q104700542	6000000211805580845
Q104700543	6000000089382538968
Q104700544	6000000083150802935
Q104700545	6000000203024106911
Q104700546	6000000182617368826
Q104700547	6000000041453047601
Q104700550	6000000182582089842
Q104700551	6000000004571065173
Q104700557	6000000007875621476
Q104700559	6000000007875419853
Q104700561	6000000078947911944
Q104700562	6000000078948302849
Q104700564	6000000076235772831
Q104700565	6000000076268412842
Q104700567	6000000087896723205
Q104700568	6000000087838103175
Q104700573	6000000007823521420
Q104700574	6000000015253947596
Q104700577	6000000082831214973
Q104700578	6000000034606234710
Q104700583	6000000082831603893
Q104700587	6000000077334296586
Q104700591	6000000077334921071
Q104700592	6000000181592098821
Q104700604	6000000181591485843
Q104700607	6000000009807994438
Q104700608	6000000028195227009
Q104700617	6000000076749078892
Q104700620	6000000076748919999
Q104700631	6000000050576799068
Q104700641	6000000004118037338
Q104700647	6000000004118037383
Q104700650	6000000081027192886
Q104700652	6000000017458556497
Q104700653	6000000180388748844
Q104700654	6000000180388514858
Q104700657	6000000180389143827
Q104700661	6000000068014776024
Q104700663	6000000018910012360
Q104700665	6000000065834223821
Q104700678	6000000044371334288
Q104700682	6000000213249828825
Q104700683	6000000065185176824
Q104700684	6000000056330737328
Q104700685	6000000186939179844
Q104700689	6000000019421151518
Q104700692	6000000067366093912
Q104700697	6000000172362903838
Q104700699	6000000111907916930
Q104700702	6000000007273725237
Q104700703	6000000015117093353
Q104700704	6000000069695597834
Q104700706	6000000069695859829
Q104700711	6000000015104872316
Q104700717	6000000025050262209
Q104700722	6000000078443747824
Q104700724	6000000016071182595
Q104700726	6000000081482447990
Q104700727	6000000176939644826
Q104700728	6000000136309008822
Q104700730	6000000016911123314
Q104700732	6000000018718997754
Q104700735	6000000011358300556
Q104700738	6000000018775343423
Q104700741	6000000015948151908
Q104700746	6000000012643349797
Q104700748	6000000060933798837
Q104700751	6000000018501660017
Q104700752	6000000040527796829
Q104700753	6000000031050856300
Q104700754	6000000020386595588
Q104700757	6000000136308951848
Q104700759	6000000081805746076
Q104700767	6000000195900876849
Q104700768	4675538084020071185
Q104700769	6000000178536460822
Q104700771	6000000040251614866
Q104700772	6000000033744442051
Q104700775	6000000200584098836
Q104700777	6000000036635736367
Q104700779	6000000020362465719
Q104700780	6000000020369408367
Q104700782	6000000054332928833
Q104700784	6000000005087925934
Q104700789	6000000008836379911
Q104700790	6000000115822929824
Q104700794	6000000002186122020
Q104700797	6000000190371540861
Q104700798	6000000144795437018
Q104700799	6000000202959633831
Q104700800	6000000029982026741
Q104700804	6000000001388929636
Q104700805	6000000103705443965
Q104700808	6000000103706059915
Q104700811	6000000209793934898
Q104700815	6000000050137301835
Q104700816	6000000036401879062
Q104700819	6000000006374414076
Q104700820	6000000005771806204
Q104700821	6000000100318423896
Q104700822	6000000082528025953
Q104700823	6000000010207189340
Q104700825	6000000036430881070
Q104700829	6000000081128695881
Q104700830	6000000049536603821
Q104700837	6000000010206650375
Q104700838	6000000192100617905
Q104700839	6000000005771651771
Q104700840	6000000079045622829
Q104700846	6000000008836410568
Q104700848	6000000092290279366
Q104700851	6000000185254720832
Q104700852	6000000185318395845
Q104700865	336103342350003936
Q104700866	336094004740003964
Q104700868	6000000051458821951
Q104700870	6000000051458193432
Q104700871	6000000201593550829
Q104700872	6000000077237901928
Q104700873	6000000074796427891
Q104700874	6000000074796439914
Q104700875	6000000021856939731
Q104700876	6000000074796082047
Q104700877	6000000021221224384
Q104700879	6000000075940871255
Q104700880	6000000075942295854
Q104700882	6000000015502609972
Q104700883	283206861940002697
Q104700884	283207005040002665
Q104700888	6000000201241899904
Q104700889	6000000003174222781
Q104700891	6000000003174523057
Q104700892	6000000003174545040
Q104700901	6000000044340934389
Q104700902	6000000002171947305
Q104700904	6000000014673883940
Q104700911	6000000002186122699
Q104700912	6000000002241131456
Q104700915	6000000009163113876
Q104700918	6000000027874207732
Q104700921	6000000009163050762
Q104700933	6000000071661621856
Q104700940	6000000093685026866
Q104700944	6000000078051903341
Q104700946	6000000074444418125
Q104700947	6000000025221235013
Q104700951	6000000118823496231
Q104700954	6000000095077133961
Q104700957	6000000009536236655
Q104700960	6000000033363177440
Q104700964	6000000023365581417
Q104700965	6000000089491721993
Q104700969	6000000068847871128
Q104700970	6000000089491814956
Q104700973	6000000023365680194
Q104700975	6000000118825100899
Q104700977	6000000077229696250
Q104700979	6000000009320725539
Q104700980	6000000016169832774
Q104700983	6000000036545582014
Q104700984	6000000025911819644
Q104700985	6000000025913771999
Q104700986	6000000025912235522
Q104700989	6000000026465103459
Q104700998	6000000046698071383
Q104701000	6000000205499418904
Q104701002	6000000032025185121
Q104701004	6000000058118745967
Q104701005	6000000010384077975
Q104701006	6000000007014427640
Q104701011	6000000176543549825
Q104701012	6000000074120247864
Q104701014	6000000058147332290
Q104701015	6000000109352560827
Q104701018	6000000180580137830
Q104701019	6000000026892366810
Q104701020	6000000026892517293
Q104701023	6000000000510576693
Q104701024	6000000121087272001
Q104701031	6000000007951334455
Q104701033	6000000109326649114
Q104701034	6000000091213638890
Q104701037	6000000068862599092
Q104701038	6000000033102361833
Q104701042	6000000195573346838
Q104701044	6000000183654747824
Q104701046	6000000183651880934
Q104701048	6000000066453963855
Q104701051	6000000097312079821
Q104701054	6000000205106160852
Q104701065	6000000114792477920
Q104701070	6000000038846259116
Q104701071	6000000056598565887
Q104701072	6000000080472408873
Q104701074	6000000088349278016
Q104701079	6000000055624963214
Q104701085	6000000093200916995
Q104701093	6000000092904660871
Q104701103	6000000186155985506
Q104701108	6000000050111244300
Q104701110	6000000078168108310
Q104701116	6000000073806679688
Q104701117	6000000070657469835
Q104701118	6000000012590297769
Q104701120	6000000129018341834
Q104701121	6000000151460638821
Q104701124	6000000035071914991
Q104701125	6000000167637819892
Q104701128	6000000027272489632
Q104701131	6000000027272410667
Q104701132	6000000016518326144
Q104701133	6000000016519487627
Q104701137	6000000008795922934
Q104701138	6000000014140050648
Q104701139	6000000069175017216
Q104701143	6000000069176703251
Q104701144	6000000065424370821
Q104701146	6000000065424588821
Q104701147	6000000070670473890
Q104701151	6000000070670254057
Q104701152	6000000173121240935
Q104701157	6000000185517985015
Q104701159	6000000185518594882
Q104701164	6000000185517204054
Q104701167	6000000015125095414
Q104701168	6000000037862149092
Q104701170	6000000037861904945
Q104701171	6000000028413682707
Q104701172	6000000028413548682
Q104701173	6000000028413502225
Q104701174	6000000037861455529
Q104701175	6000000000510859223
Q104701176	6000000073810258895
Q104701177	6000000056598156863
Q104701179	6000000085366923190
Q104701184	6000000042430857022
Q104701185	6000000042430257701
Q104701187	6000000042430516206
Q104701188	6000000031022319845
Q104701192	6000000143888722882
Q104701193	6000000112897894833
Q104701194	6000000150916820247
Q104701195	6000000150918266927
Q104701197	6000000112898684821
Q104701199	6000000003894516306
Q104701209	6000000024512987895
Q104701211	6000000178580529830
Q104701213	6000000089902360693
Q104701216	6000000020517969418
Q104701223	6000000020517979719
Q104701224	6000000068752997657
Q104701227	6000000057015590856
Q104701228	6000000021285057214
Q104701230	6000000021284317652
Q104701234	6000000085102606328
Q104701235	6000000074327384106
Q104701237	6000000021043915923
Q104701238	6000000082244562897
Q104701242	6000000066568152981
Q104701243	6000000078423696952
Q104701245	6000000019287072435
Q104701246	6000000090360819019
Q104701247	6000000084760135019
Q104701249	6000000016951544510
Q104701250	6000000077644469394
Q104701251	6000000179806197830
Q104701254	6000000016951358868
Q104701257	6000000077585548560
Q104701258	6000000078423620961
Q104701260	6000000077645430982
Q104701261	6000000083191901533
Q104701262	6000000061005054045
Q104701264	6000000051076933838
Q104701265	6000000082245062846
Q104701268	6000000084547384905
Q104701269	6000000077330744212
Q104701270	6000000083192483096
Q104701273	6000000077585965218
Q104701274	6000000016281650512
Q104701277	6000000024032985552
Q104701278	6000000023128230906
Q104701281	6000000009817189778
Q104701295	6000000078362443837
Q104701301	6000000068218210884
Q104701302	6000000077116740995
Q104701303	6000000177078886914
Q104701304	6000000037980031210
Q104701305	6000000026749024399
Q104701311	6000000040535138507
Q104701312	6000000037721046984
Q104701317	6000000048376910915
Q104701319	6000000085300361918
Q104701320	6000000031575736550
Q104701322	6000000093552421995
Q104701325	6000000105339842601
Q104701331	6000000105344188959
Q104701335	6000000023001876120
Q104701345	6000000208114427831
Q104701346	6000000209845455847
Q104701350	6000000087071908974
Q104701352	6000000208114502825
Q104701354	6000000014746367526
Q104701357	6000000087071148821
Q104701358	6000000201584209842
Q104701360	6000000113299421990
Q104701363	6000000209845401845
Q104701365	6000000077230268154
Q104701367	4428337447990075945
Q104701371	6000000014746279672
Q104701375	6000000029975828271
Q104701383	4428331534280044259
Q104701386	6000000187260286841
Q104701390	6000000008832037245
Q104701395	6000000087071969847
Q104701397	6000000046993918969
Q104701398	6000000070957481877
Q104701406	6000000185679859873
Q104701407	6000000120609886892
Q104701410	6000000030733865073
Q104701411	6000000211100692823
Q104701416	6000000211100493837
Q104701420	6000000030733736318
Q104701422	6000000036778371090
Q104701429	6000000188045276827
Q104701431	6000000079452936569
Q104701437	6000000026666163859
Q104701439	6000000076615566996
Q104701450	6000000043363983844
Q104701453	6000000187142721847
Q104701454	6000000187143012828
Q104701455	6000000187141231906
Q104701456	6000000187142983823
Q104701457	6000000187143034821
Q104701458	6000000026314554098
Q104701459	6000000188020675855
Q104701460	6000000188034920828
Q104701472	6000000006329428737
Q104701479	6000000037499081065
Q104701480	6000000037498875280
Q104701482	6000000049660196025
Q104701483	6000000184660171821
Q104701484	6000000215235766827
Q104701487	6000000201154297833
Q104701488	6000000215229533823
Q104701489	6000000184658575923
Q104701490	6000000044858839423
Q104701491	6000000002835864044
Q104701492	6000000002835896001
Q104701494	6000000035364568685
Q104701497	6000000176316864933
Q104701499	6000000041374010290
Q104701500	6000000041437140527
Q104701502	6000000006916589478
Q104701512	6000000014406541557
Q104701515	6000000080123524890
Q104701517	6000000028979808219
Q104701518	6000000025050995322
Q104701522	6000000066764426843
Q104701523	6000000066764383846
Q104701525	6000000033523543008
Q104701526	6000000019261601402
Q104701527	6000000065445264925
Q104701528	6000000019261903180
Q104701530	6000000082790637854
Q104701531	6000000023258798277
Q104701532	6000000020353767638
Q104701534	6000000020354646187
Q104701536	6000000020354054334
Q104701537	6000000055340111985
Q104701540	6000000048605468644
Q104701542	6000000067836278825
Q104701543	6000000099805797840
Q104701545	6000000055579272880
Q104701546	6000000185102319829
Q104701548	6000000055578899219
Q104701556	6000000177590843825
Q104701558	6000000039256337441
Q104701559	6000000046856548917
Q104701560	6000000037999448286
Q104701562	6000000034141276156
Q104701570	6000000021932806239
Q104701571	6000000019567547076
Q104701575	6000000043659173574
Q104701578	6000000189615251824
Q104701582	6000000201527731824
Q104701583	6000000191870696864
Q104701586	6000000201527634865
Q104701589	6000000183736092824
Q104701598	6000000074614218838
Q104701600	6000000032124272693
Q104701602	6000000112660930175
Q104701604	6000000032105236805
Q104701605	6000000032124795904
Q104701606	384922721440013802
Q104701609	6000000060228135182
Q104701612	6000000025416707854
Q104701615	6000000041383581116
Q104701617	6000000041383761006
Q104701624	6000000015448969169
Q104701630	6000000151348458898
Q104701631	6000000151348493901
Q104701633	6000000204833235830
Q104701634	6000000001829885206
Q104701638	6000000104497640976
Q104701647	6000000189808760428
Q104701648	6000000194937499854
Q104701651	6000000186274286592
Q104701655	6000000057261270910
Q104701669	6000000083675507461
Q104701674	6000000083478925089
Q104701675	6000000063703983924
Q104701678	6000000084852465903
Q104701680	6000000177411527821
Q104701681	6000000111123708886
Q104701685	6000000082815037094
Q104701693	6000000182598848842
Q104701695	6000000005054188880
Q104701696	6000000192612616827
Q104701700	6000000023326710884
Q104701705	6000000027359887009
Q104701707	6000000007926822288
Q104701713	6000000036249744247
Q104701719	6000000030203854340
Q104701721	6000000026203612042
Q104701723	6000000009420386938
Q104701725	6000000007926822282
Q104701726	6000000076976512081
Q104701729	6000000130560935829
Q104701732	6000000059642417242
Q104701733	6000000111115025891
Q104701734	6000000010827344650
Q104701737	6000000009420524196
Q104701738	6000000156087355864
Q104701740	6000000049402762885
Q104701741	6000000034454117081
Q104701744	6000000034453445592
Q104701749	6000000026203538476
Q104701754	6000000049402041104
Q104701760	6000000039917896313
Q104701763	6000000065898568843
Q104701764	6000000193865899846
Q104701767	6000000112934166178
Q104701768	6000000027928977780
Q104701771	4692355461650066686
Q104701773	6000000038015489303
Q104701774	6000000197281098821
Q104701775	6000000025768717253
Q104701776	6000000025768383505
Q104701779	6000000024031719955
Q104701784	6000000193142339828
Q104701792	6000000196066646851
Q104701796	6000000176243822821
Q104701798	6000000030022053943
Q104701801	6000000058184964865
Q104701802	6000000000350791938
Q104701803	6000000046678145667
Q104701805	6000000040534790087
Q104701806	6000000120925924934
Q104701812	5701336490070029130
Q104701814	6000000001445358746
Q104701823	6000000000350791925
Q104701825	6000000086872411194
Q104701828	5701345512670028463
Q104701833	6000000084720025419
Q104701834	6000000035525608363
Q104701840	6000000001445358717
Q104701846	6000000017640899781
Q104701850	6000000044395687852
Q104701853	6000000185742463906
Q104701854	6000000035997082537
Q104701855	6000000026764581759
Q104701858	4301824756560028003
Q104701865	6000000090369776146
Q104701869	6000000027516020636
Q104701873	6000000035997455473
Q104701874	6000000187816469847
Q104701876	6000000112269897821
Q104701877	6000000011481825255
Q104701879	6000000002916046647
Q104701880	6000000036767482871
Q104701884	6000000011517552179
Q104701889	6000000002916046026
Q104701890	4770699311750052402
Q104701892	6000000079913556854
Q104701897	6000000046290708047
Q104701898	6000000026765156403
Q104701902	6000000002916045090
Q104701903	6000000044395634904
Q104701910	6000000051535418853
Q104701911	6000000027541420595
Q104701912	6000000203817813822
Q104701913	6000000015115730360
Q104701914	6000000054679390839
Q104701915	6000000018570948165
Q104701917	6000000001658248708
Q104701918	6000000083936406149
Q104701920	6000000179638529827
Q104701921	6000000030214563848
Q104701924	6000000082848064954
Q104701925	6000000018659412024
Q104701926	6000000028194454880
Q104701928	6000000028192130464
Q104701930	6000000112412218017
Q104701937	6000000084286496048
Q104701938	6000000084285805241
Q104701939	6000000015639169203
Q104701940	6000000019187396469
Q104701941	6000000003923907933
Q104701942	6000000028557546606
Q104701946	6000000000351737292
Q104701947	6000000041085526640
Q104701951	6000000208438832831
Q104701954	6000000038497809995
Q104701955	6000000082239495833
Q104701956	6000000044359527842
Q104701957	6000000015638668502
Q104701959	6000000050679390989
Q104701960	6000000019187539932
Q104701964	6000000032422306087
Q104701965	6000000007481425375
Q104701966	6000000014187670784
Q104701967	6000000151494807832
Q104701968	6000000151446289897
Q104701969	6000000151494742822
Q104701970	6000000019902666645
Q104701973	6000000021265077355
Q104701974	6000000021265228249
Q104701975	6000000186281813709
Q104701976	6000000041070942198
Q104701977	6000000083679737180
Q104701978	6000000032380835038
Q104701980	6000000035866581453
Q104701983	6000000038248977077
Q104701984	6000000018800935182
Q104701985	6000000036885080090
Q104701989	6000000006446578222
Q104701994	6000000006405201220
Q104701996	6000000036884549470
Q104702001	367973925870004142
Q104702003	6000000079418132603
Q104702006	6000000035571373804
Q104702008	6000000018702656379
Q104702011	6000000023991680848
Q104702012	6000000023991653863
Q104702015	6000000089308444889
Q104702017	6000000126105227904
Q104702020	6000000023991350704
Q104702021	6000000018368124723
Q104702023	6000000184986605821
Q104702024	6000000189347019822
Q104702025	6000000040905987385
Q104702027	6000000040906069432
Q104702029	6000000040931411928
Q104702031	6000000040931079250
Q104702033	6000000017706114784
Q104702034	6000000037923319457
Q104702036	6000000017706101737
Q104702039	6000000017706201473
Q104702040	6000000079455114118
Q104702041	6000000037923883870
Q104702042	6000000169048903834
Q104702043	6000000112430505901
Q104702047	6000000182015573839
Q104702049	6000000197008011827
Q104702052	6000000101408222844
Q104702055	6000000154615585821
Q104702059	6000000006104525321
Q104702060	4780751520920052430
Q104702061	6000000046003690530
Q104702062	4301824730000031717
Q104702064	6000000175389956834
Q104702067	6000000024912294962
Q104702069	6000000011517702523
Q104702070	6000000018129019927
Q104702075	6000000014793420632
Q104702077	6000000079860833854
Q104702079	6000000186278290059
Q104702083	4327323792150031915
Q104702085	6000000026765314759
Q104702086	6000000186278512987
Q104702087	6000000024900063977
Q104702088	6000000078933301829
Q104702092	6000000089312048832
Q104702094	6000000013877783683
Q104702096	6000000020371674696
Q104702097	6000000174124519433
Q104702098	6000000089391470006
Q104702099	6000000148033430851
Q104702101	6000000038382774894
Q104702102	6000000198128003888
Q104702105	6000000174081563210
Q104702107	6000000174123899111
Q104702108	6000000053811641979
Q104702109	6000000148033665868
Q104702111	6000000188293193821
Q104702113	6000000190056703831
Q104702115	6000000036610462174
Q104702116	6000000045358592177
Q104702119	6000000089391480894
Q104702120	6000000042290524146
Q104702122	6000000077988642595
Q104702124	6000000131324096166
Q104702125	6000000024949947837
Q104702128	6000000076822004069
Q104702129	6000000172840018870
Q104702130	6000000085772085094
Q104702132	6000000085772059853
Q104702137	6000000044189246006
Q104702139	6000000188820606876
Q104702141	6000000052099250925
Q104702142	6000000036457535089
Q104702144	6000000214982704822
Q104702145	6000000190398396825
Q104702146	6000000048288243077
Q104702150	6000000023368465071
Q104702151	6000000210309775829
Q104702152	6000000214960724822
Q104702159	6000000188820626875
Q104702164	6000000206970850825
Q104702165	6000000029777636671
Q104702166	6000000139353436867
Q104702167	6000000028353259346
Q104702171	6000000206970795833
Q104702172	6000000081461216085
Q104702174	6000000104741348822
Q104702176	6000000183075028834
Q104702178	6000000031959728915
Q104702179	6000000031959128660
Q104702181	6000000042121480253
Q104702186	6000000067531345871
Q104702192	6000000067531207861
Q104702193	6000000077278016902
Q104702197	6000000201622659867
Q104702200	6000000093824468972
Q104702201	6000000201622824855
Q104702202	6000000210243473823
Q104702208	6000000178497962836
Q104702209	6000000053712902951
Q104702210	6000000079418020748
Q104702221	4293024556300067297
Q104702225	6000000173875486071
Q104702226	6000000071690577116
Q104702228	6000000127605530969
Q104702229	6000000150171869083
Q104702233	6000000030939521627
Q104702235	6000000057298582182
Q104702236	6000000079230405954
Q104702237	6000000136000867821
Q104702239	6000000047260038960
Q104702240	6000000013294043163
Q104702242	6000000012621300710
Q104702244	6000000203227612847
Q104702249	6000000004590183206
Q104702251	6000000047259732276
Q104702252	6000000083369912832
Q104702255	6000000017509078368
Q104702257	6000000079231162823
Q104702258	6000000083369153242
Q104702265	6000000030939491184
Q104702267	6000000185698834832
Q104702269	6000000031421023030
Q104702271	6000000009234371773
Q104702272	6000000025375650401
Q104702278	6000000040008797458
Q104702279	6000000012620926196
Q104702282	6000000054981430479
Q104702285	6000000047260217924
Q104702286	4141566744680042897
Q104702290	6000000064122431850
Q104702293	6000000075343583084
Q104702307	6000000017298517667
Q104702308	6000000123488547201
Q104702309	6000000123488781054
Q104702310	6000000123487210340
Q104702311	6000000026203106260
Q104702312	6000000037726164651
Q104702314	6000000010513258059
Q104702316	6000000028259096079
Q104702319	6000000210308660829
Q104702322	6000000010484447506
Q104702328	5701280642710134870
Q104702331	6000000032908152376
Q104702333	6000000028258963323
Q104702334	6000000018702725064
Q104702336	6000000210308713839
Q104702337	6000000028258613549
Q104702339	6000000177506646836
Q104702342	6000000177506753824
Q104702355	6000000196407786966
Q104702357	6000000197980209855
Q104702358	6000000191101814824
Q104702359	6000000188359093871
Q104702360	6000000010916221265
Q104702370	6000000209438442974
Q104702376	6000000082377972162
Q104702384	6000000017698464079
Q104702386	6000000007273682878
Q104702387	6000000166183984835
Q104702389	6000000071551217943
Q104702397	6000000203410858821
Q104702402	6000000200534311822
Q104702403	6000000095778888028
Q104702404	6000000024105919311
Q104702413	6000000103977244177
Q104702416	6000000084771214174
Q104702423	6000000091766278920
Q104702427	6000000091766315949
Q104702431	6000000007273746049
Q104702434	6000000000556606387
Q104702444	6000000188440999853
Q104702450	6000000120383250943
Q104702453	6000000031834516020
Q104702456	6000000190996452844
Q104702459	6000000082319767236
Q104702461	6000000048194640488
Q104702462	6000000028001140157
Q104702468	6000000033472820854
Q104702470	6000000006579431528
Q104702471	6000000019071439303
Q104702473	6000000082379177837
Q104702483	6000000172411834987
Q104702487	6000000112886867828
Q104702488	6000000112885578022
Q104702499	6000000046925305009
Q104702507	6000000022202697246
Q104702508	6000000022421667687
Q104702509	6000000044392005234
Q104702510	6000000188445761829
Q104702517	6000000121864938194
Q104702518	6000000193586112821
Q104702520	6000000193588226893
Q104702521	6000000035045539596
Q104702522	6000000052532435128
Q104702523	6000000052532889921
Q104702524	6000000196859429833
Q104702525	6000000052261296912
Q104702528	6000000000825454460
Q104702529	6000000022599578795
Q104702530	6000000182517148821
Q104702531	6000000182516971822
Q104702535	6000000182497843850
Q104702536	6000000182497649837
Q104702537	6000000006204354043
Q104702538	6000000182675644889
Q104702539	6000000185512427968
Q104702540	6000000188465194890
Q104702541	6000000188465043900
Q104702544	6000000173212071736
Q104702547	6000000195862441867
Q104702548	6000000210056485860
Q104702549	6000000210056608827
Q104702551	6000000137672188821
Q104702552	6000000055860624877
Q104702556	6000000110531097826
Q104702557	6000000088844166177
Q104702560	6000000088844480006
Q104702564	6000000179886687892
Q104702566	6000000081282995264
Q104702567	6000000185167931852
Q104702572	6000000030652493582
Q104702580	6000000072805601862
Q104702582	6000000091766721862
Q104702585	6000000124003656821
Q104702586	6000000031089660394
Q104702587	6000000180960565834
Q104702592	6000000107213972821
Q104702601	6000000182122005823
Q104702605	6000000064638618642
Q104702621	6000000002396740101
Q104702629	6000000031089844018
Q104702635	6000000160388589833
Q104702637	6000000089678086877
Q104702641	6000000002326856084
Q104702644	6000000015753204702
Q104702645	6000000177207476828
Q104702663	6000000211193069826
Q104702669	6000000087352530851
Q104702673	6000000023431128008
Q104702680	6000000004590220725
Q104702682	6000000078509221385
Q104702683	6000000019719107257
Q104702686	6000000044396322930
Q104702687	6000000210448540842
Q104702692	6000000012522707341
Q104702696	6000000002835861189
Q104702700	6000000181368158863
Q104702716	6000000172999677702
Q104702721	6000000022626944464
Q104702724	6000000031707762717
Q104702725	6000000037378464069
Q104702729	6000000120578396968
Q104702731	6000000195842208823
Q104702734	6000000038640715651
Q104702735	6000000195841899821
Q104702740	6000000031708315870
Q104702743	6000000173636485505
Q104702746	6000000034501147246
Q104702748	6000000066440175821
Q104702750	6000000173001285832
Q104702751	6000000181369271840
Q104702755	6000000211192364853
Q104702760	6000000040906253945
Q104702761	6000000061717224842
Q104702769	6000000056526280833
Q104702771	6000000012664537163
Q104702776	6000000177240671886
Q104702779	6000000124943495853
Q104702785	6000000083265190852
Q104702795	6000000187106563828
Q104702798	6000000052583212907
Q104702799	6000000022984658014
Q104702807	6000000042627389340
Q104702809	6000000096163898902
Q104702810	6000000212113862837
Q104702813	6000000057183456850
Q104702819	6000000120578643894
Q104702820	6000000007234208505
Q104702822	6000000202222068840
Q104702825	6000000208373974850
Q104702829	6000000178436380886
Q104702840	6000000022984672088
Q104702845	6000000024639337316
Q104702849	6000000006869038576
Q104702853	6000000113454132875
Q104702860	6000000014373528422
Q104702862	6000000196584168823
Q104702875	6000000007234008010
Q104702879	6000000200426288882
Q104702884	6000000181005168822
Q104702891	6000000154562413853
Q104702896	6000000089677583968
Q104702901	6000000081060996008
Q104702902	6000000069963480859
Q104702903	6000000105780367899
Q104702904	6000000058868023539
Q104702909	6000000210454485845
Q104702911	6000000216653143916
Q104702912	6000000058867828424
Q104702913	6000000180745635881
Q104702914	6000000081954610828
Q104702919	6000000182542523872
Q104702922	6000000216653688837
Q104702924	6000000105781067867
Q104702925	6000000216653587829
Q104702927	6000000174803781517
Q104702930	6000000092671752994
Q104702931	6000000186134679877
Q104702932	6000000032422389775
Q104702933	6000000037671930640
Q104702935	6000000041374559210
Q104702936	6000000115200121179
Q104702937	6000000008889468487
Q104702940	6000000081955982849
Q104702941	6000000163748391821
Q104702949	6000000175711340822
Q104702950	6000000210454727822
Q104702955	6000000210703873836
Q104702958	6000000033360167939
Q104702960	6000000078387268846
Q104702961	6000000192095264835
Q104702962	6000000053500977042
Q104702965	6000000137318784898
Q104702966	6000000137113382894
Q104702969	6000000144051625049
Q104702974	6000000019894047685
Q104702979	6000000144051669995
Q104702981	6000000044350566821
Q104702983	6000000111755511845
Q104702984	6000000017158595657
Q104702987	6000000178070558824
Q104702988	6000000180971216861
Q104702990	6000000182830377822
Q104702992	6000000111754996003
Q104702993	6000000092724615971
Q104703002	6000000062208157861
Q104703005	6000000062207633885
Q104703007	6000000202352786863
Q104703010	6000000002955241769
Q104703011	6000000185986505898
Q104703015	6000000020068892016
Q104703016	6000000022295014496
Q104703018	6000000087008585882
Q104703023	6000000195564593822
Q104703024	6000000108612180821
Q104703037	6000000169838484841
Q104703050	6000000193385538830
Q104703051	6000000062207801905
Q104703055	6000000072292332821
Q104703057	6000000041405152823
Q104703058	6000000029535258897
Q104703066	6000000040308196756
Q104703070	6000000080409543016
Q104703072	370492391680012579
Q104703075	6000000164658102994
Q104703076	6000000080980944898
Q104703077	6000000057449450870
Q104703078	6000000180916917903
Q104703079	6000000180921736836
Q104703081	6000000172077968159
Q104703082	6000000010269425929
Q104703083	6000000027671322299
Q104703085	6000000037469091439
Q104703086	6000000031314958943
Q104703088	6000000022734604940
Q104703091	6000000193294648828
Q104703092	6000000210767262824
Q104703093	6000000193294435831
Q104703094	6000000044729416054
Q104703095	6000000059992966910
Q104703096	6000000024356237036
Q104703097	6000000023753582186
Q104703098	6000000031540751264
Q104703099	6000000001445358684
Q104703100	6000000200604928822
Q104703105	6000000069133343821
Q104703115	6000000069171855888
Q104703116	6000000026664726290
Q104703117	6000000058151688826
Q104703126	6000000034644487700
Q104703131	6000000080644345839
Q104703142	6000000007876079772
Q104703145	6000000101297277081
Q104703148	6000000189463013821
Q104703174	6000000177629797844
Q104703175	6000000045919924899
Q104703177	6000000046924080277
Q104703185	6000000033472561044
Q104703192	6000000200601354832
Q104703193	6000000080342267219
Q104703197	6000000067531371826
Q104703200	6000000044645445110
Q104703202	6000000003174579342
Q104703203	6000000136534643494
Q104703212	6000000062208884821
Q104703213	6000000188574989873
Q104703216	6000000130560308910
Q104703228	6000000087138068862
Q104703231	6000000207831854828
Q104703232	6000000059039419938
Q104703237	6000000185330819879
Q104703243	6000000192639814837
Q104703249	6000000178861096846
Q104703254	6000000190957215849
Q104703255	6000000121088067821
Q104703258	3372271
Q104703269	6000000018739386083
Q104703275	6000000026667020576
Q104703280	6000000079858888456
Q104703288	6000000018739241196
Q104703291	6000000000227298199
Q104703293	6000000003949010830
Q104703295	6000000080397577172
Q104703296	6000000207181654823
Q104703297	6000000010726197260
Q104703302	6000000064122261992
Q104703305	6000000056526101037
Q104703307	6000000165689708821
Q104703311	6000000056434853048
Q104703323	6000000010143090055
Q104703328	6000000096268187886
Q104703330	6000000180899466880
Q104703333	6000000015490412935
Q104703342	6000000031089575451
Q104703343	6000000214990905835
Q104703348	6000000006952150316
Q104703349	6000000172618898929
Q104703351	6000000016597908276
Q104703352	6000000080627205061
Q104703361	6000000002256623144
Q104703368	6000000010143104763
Q104703371	6000000082741126880
Q104703373	6000000161401965834
Q104703375	6000000005089033113
Q104703377	6000000125625079917
Q104703379	6000000017446384186
Q104703380	6000000078932566655
Q104703383	6000000031089806047
Q104703384	6000000042780774978
Q104703388	6000000078935298860
Q104703393	6000000034453039904
Q104703397	6000000040663989014
Q104703399	6000000122747940841
Q104703403	6000000067016191833
Q104703404	6000000023052154750
Q104703409	6000000021602836632
Q104703413	6000000080769065920
Q104703417	6000000021604026536
Q104703435	6000000079689170969
Q104703436	6000000126629558077
Q104703441	6000000027328260722
Q104703444	6000000020918558643
Q104703445	6000000020918699299
Q104703446	6000000014808998559
Q104703451	6000000022323187118
Q104703452	6000000022323222222
Q104703453	6000000036245161667
Q104703458	6000000086394422085
Q104703459	6000000033768202220
Q104703460	6000000035628065824
Q104703464	6000000015705816406
Q104703466	6000000038357389064
Q104703470	6000000012503311513
Q104703486	6000000025636233899
Q104703487	6000000025635761780
Q104703491	6000000066123015885
Q104703494	6000000085648072843
Q104703502	6000000012362194097
Q104703508	6000000032636547393
Q104703511	6000000184494185875
Q104703512	6000000011713438447
Q104703514	6000000097610746090
Q104703515	6000000038131679321
Q104703517	6000000011713598682
Q104703519	6000000014208768189
Q104703523	6000000184315920898
Q104703524	6000000020857144787
Q104703525	6000000185135002828
Q104703527	6000000075900225114
Q104703528	6000000019976714632
Q104703531	6000000015806752467
Q104703532	6000000003414409106
Q104703533	6000000019976374714
Q104703534	6000000020857506159
Q104703535	6000000187010733822
Q104703539	6000000039104764032
Q104703542	6000000185134595833
Q104703544	6000000020587197457
Q104703546	6000000185135179821
Q104703547	6000000075900081357
Q104703552	6000000168766276397
Q104703565	6000000020691101713
Q104703572	6000000024594617905
Q104703573	6000000017708808629
Q104703574	6000000024610841657
Q104703577	6000000015761031604
Q104703578	6000000020442971417
Q104703580	6000000017546210324
Q104703582	6000000017546271818
Q104703584	6000000147024756853
Q104703585	6000000017279663296
Q104703587	6000000077593486049
Q104703588	6000000021680241573
Q104703590	6000000017279817027
Q104703592	6000000023358096944
Q104703593	6000000002454659358
Q104703594	6000000002454453596
Q104703606	6000000175359836802
Q104703608	6000000208470981834
Q104703611	6000000093664606821
Q104703613	6000000041230250111
Q104703616	6000000001814971513
Q104703618	6000000026452823828
Q104703620	6000000026452834844
Q104703622	6000000026452435123
Q104703623	6000000026452281260
Q104703624	6000000023174135964
Q104703629	6000000186512105838
Q104703632	6000000199473976833
Q104703635	6000000013484316673
Q104703652	6000000139368989216
Q104703654	6000000012610231221
Q104703655	6000000013895395430
Q104703656	6000000139370823105
Q104703666	6000000012075197422
Q104703667	6000000009366322213
Q104703670	6000000042533912405
Q104703671	6000000139371205824
Q104703672	6000000025983304555
Q104703673	6000000005383183310
Q104703678	6000000075923513916
Q104703682	6000000012899234482
Q104703685	6000000206852359827
Q104703686	6000000010550944066
Q104703694	6000000139371236057
Q104703700	6000000049377734847
Q104703701	6000000002765694693
Q104703702	6000000209576569848
Q104703703	6000000040991054565
Q104703704	6000000002765697417
Q104703714	6000000017028423112
Q104703718	6000000052347855860
Q104703723	6000000043795118078
Q104703724	6000000021730039512
Q104703733	6000000082729492911
Q104703744	6000000072891666835
Q104703758	6000000186243809940
Q104703759	6000000186244106926
Q104703761	6000000028939450462
Q104703764	6000000017163217362
Q104703766	6000000084122876696
Q104703768	6000000001264024129
Q104703771	6000000010422766476
Q104703776	6000000021213899501
Q104703780	6000000036626722668
Q104703783	6000000023197983907
Q104703790	6000000037376665582
Q104703794	6000000034196907558
Q104703800	6000000017737842995
Q104703803	6000000034196700550
Q104703804	6000000177515327828
Q104703805	6000000075692600963
Q104703809	6000000001849539658
Q104703811	6000000042133396242
Q104703816	6000000018023687411
Q104703817	6000000075693086900
Q104703821	6000000032076799197
Q104703827	6000000007014432909
Q104703833	6000000189825770825
Q104703836	6000000048790593821
Q104703845	6000000014928930384
Q104703847	6000000019164662326
Q104703848	6000000038210077185
Q104703850	6000000211190287826
Q104703855	6000000007014406379
Q104703856	6000000093258436897
Q104703858	6000000093235430925
Q104703862	6000000015965207952
Q104703866	6000000015350777326
Q104703867	6000000015350717367
Q104703878	6000000053538406960
Q104703879	6000000010966932997
Q104703881	6000000010967174118
Q104703882	6000000050560578876
Q104703883	6000000019584138205
Q104703885	6000000001538467677
Q104703890	6000000018898002590
Q104703891	6000000043274022747
Q104703895	6000000042212712919
Q104703898	6000000003197110859
Q104703899	6000000071169778886
Q104703900	6000000071168649048
Q104703902	6000000208881014832
Q104703910	6000000011242186783
Q104703913	6000000017352541510
Q104703914	6000000007014351063
Q104703915	6000000001452011327
Q104703917	6000000001452026615
Q104703918	6000000146832902827
Q104703923	6000000186153203119
Q104703924	4527239750010089341
Q104703926	6000000021566003713
Q104703927	6000000079444508805
Q104703932	6000000015800786084
Q104703933	6000000034217216449
Q104703936	6000000094329094936
Q104703937	6000000007014475234
Q104703946	6000000011242464293
Q104703948	6000000173727420165
Q104703949	6000000077663188960
Q104703950	331211172480014066
Q104703951	6000000026681544417
Q104703957	6000000149551884957
Q104703962	6000000009906270980
Q104703971	6000000065034365821
Q104703974	6000000186194989844
Q104703976	6000000103467233836
Q104703978	6000000084316771868
Q104703979	6000000067265959875
Q104703980	6000000084315826616
Q104703982	6000000084909293971
Q104703983	6000000084908980121
Q104703990	6000000177876656823
Q104703992	6000000058327184886
Q104703996	6000000035594964389
Q104703998	6000000007465064684
Q104704000	6000000066439752843
Q104704001	6000000003966481584
Q104704002	6000000127839845913
Q104704011	6000000007788477071
Q104704012	6000000010641026806
Q104704072	6000000075964781821
Q104704079	6000000040972051009
Q104704085	6000000067339220889
Q104704105	6000000188044924825
Q104704109	6000000052625959027
Q104704110	6000000050033796865
Q104704111	6000000179964487850
Q104704115	6000000036441371224
Q104704127	6000000086533354890
Q104704128	6000000076267917486
Q104704133	6000000041994560960
Q104704137	6000000033333025110
Q104704139	6000000022172471872
Q104704146	6000000084935330859
Q104704147	6000000040936908001
Q104704149	6000000016027589229
Q104704150	6000000083471786800
Q104704151	6000000089588030888
Q104704153	6000000039443570380
Q104704154	6000000164467384994
Q104704156	6000000151436075033
Q104704307	6000000056331773314
Q104704745	6000000089964682881
Q104704746	6000000083644697764
Q104704747	6000000164476161250
Q104704748	6000000097074598913
Q104704752	6000000024672851093
Q104704756	6000000122558647860
Q104704757	6000000084932106403
Q104704758	6000000084934363208
Q104704759	6000000151494723832
Q104704761	6000000019109744133
Q104704764	6000000097657782937
Q104704765	6000000083474297884
Q104704766	6000000087658578927
Q104704770	6000000084933780350
Q104704773	6000000025953822047
Q104704774	6000000083472798828
Q104704776	6000000084939991390
Q104704779	6000000066568398970
Q104704780	6000000070082026031
Q104704781	6000000078149845049
Q104704782	6000000078150272863
Q104704783	6000000039539365835
Q104704784	6000000070082252854
Q104704785	6000000070082280903
Q104704787	6000000066568590899
Q104704788	6000000039539519061
Q104704789	6000000070081013722
Q104704790	6000000078149886186
Q104704791	6000000078149898119
Q104704792	6000000182647181821
Q104704795	6000000182646716837
Q104704797	6000000182645368870
Q104704801	6000000028061635945
Q104704804	6000000114789893824
Q104704805	6000000168998729863
Q104704812	6000000168996229418
Q104704815	6000000168998274844
Q104704820	6000000114789250975
Q104704822	6000000151460887033
Q104704824	6000000114791391137
Q104704827	6000000070657577842
Q104704837	6000000024945342084
Q104704838	6000000033023813233
Q104704840	6000000022851143922
Q104704842	6000000065081395821
Q104704843	6000000057935645980
Q104704845	6000000083061667824
Q104704846	6000000022850669471
Q104704847	6000000033572129830
Q104704848	6000000016517986121
Q104704849	6000000126273550843
Q104704853	6000000036435708387
Q104704854	6000000201461218834
Q104704855	6000000021406877135
Q104704856	6000000201460863845
Q104704860	6000000201555301912
Q104704864	6000000128649764107
Q104704866	6000000179378049861
Q104704867	6000000179378179831
Q104704868	6000000045666520853
Q104704869	6000000034541148324
Q104704872	6000000011424123072
Q104704874	6000000010967379856
Q104704875	6000000016166988915
Q104704879	6000000041653473303
Q104704880	6000000014808824884
Q104704882	6000000041502228870
Q104704884	6000000009655415880
Q104704886	6000000069214699895
Q104704889	6000000069211824076
Q104704891	6000000083563626131
Q104704893	6000000069338576027
Q104704894	6000000069171362909
Q104704896	6000000069216112856
Q104704897	6000000069200569164
Q104704901	6000000069214193356
Q104704902	6000000066568473168
Q104704904	6000000019230105192
Q104704905	6000000020422402588
Q104704906	6000000020422279705
Q104704912	6000000023321594385
Q104704914	6000000060819740925
Q104704915	6000000077024200953
Q104704916	6000000086763371929
Q104704917	6000000077436726137
Q104704919	6000000174999811888
Q104704920	6000000077024195933
Q104704921	6000000088727037269
Q104704922	6000000070670797938
Q104704926	6000000085817132854
Q104704927	6000000018347394812
Q104704928	6000000070671239855
Q104704929	6000000086763475022
Q104704930	6000000060816758821
Q104704932	6000000060816621946
Q104704933	6000000055339271271
Q104704934	6000000010549009046
Q104704935	6000000060816689912
Q104704936	6000000113758262944
Q104704937	6000000086763680850
Q104704941	6000000050354269295
Q104704942	6000000040979957369
Q104704944	6000000077023757358
Q104704946	6000000017588873873
Q104704947	6000000014502768218
Q104704949	6000000023810570989
Q104704950	6000000179235878824
Q104704953	6000000069174035122
Q104704956	6000000021489516089
Q104704957	6000000182387241848
Q104704958	6000000023431009217
Q104704962	6000000010692976886
Q104704964	6000000002488771371
Q104704965	6000000065445219011
Q104704966	6000000033523690954
Q104704967	6000000023430896404
Q104704968	6000000078128159191
Q104704970	6000000065444995089
Q104704973	6000000007883578819
Q104704976	6000000007987640272
Q104704977	6000000014979941551
Q104704990	6000000192726875856
Q104704994	6000000041099619530
Q104704995	6000000041099563537
Q104704997	6000000078396964119
Q104704998	6000000179243238823
Q104705000	6000000192727167838
Q104705002	6000000060392605078
Q104705008	6000000216066888823
Q104705011	6000000017921736707
Q104705012	6000000078396779161
Q104705018	6000000140998945858
Q104705021	6000000193888093864
Q104705025	6000000139467672877
Q104705026	6000000139454096909
Q104705028	6000000136803705438
Q104705029	6000000139453819881
Q104705030	6000000139466745097
Q104705032	6000000081788934254
Q104705033	6000000018701577681
Q104705034	6000000018701694057
Q104705039	6000000184369761830
Q104705042	6000000050365946038
Q104705045	6000000028413477901
Q104705046	6000000021934733596
Q104705047	6000000021935026035
Q104705048	6000000017497618373
Q104705052	6000000015104778056
Q104705054	6000000038119364907
Q104705055	6000000016128486424
Q104705064	6000000213195920824
Q104705065	6000000011518234603
Q104705067	6000000016128598359
Q104705070	6000000009483613773
Q104705072	6000000184371307859
Q104705073	6000000213201052827
Q104705076	6000000009522812514
Q104705082	6000000111898556081
Q104705084	6000000075789166907
Q104705085	6000000021470071155
Q104705087	6000000084180514890
Q104705088	6000000084180657823
Q104705089	6000000084180817821
Q104705090	6000000084180776927
Q104705091	6000000052625121871
Q104705093	6000000084180118269
Q104705095	6000000073807039894
Q104705096	6000000075790027823
Q104705097	6000000075788786166
Q104705100	6000000203894971845
Q104705104	6000000044572835947
Q104705105	6000000115814153037
Q104705106	6000000028352813166
Q104705107	6000000073374403498
Q104705110	6000000028352481717
Q104705115	6000000013745388482
Q104705119	6000000051695566878
Q104705120	6000000068222790063
Q104705123	6000000181157964856
Q104705127	6000000005414477099
Q104705139	6000000028025597122
Q104705141	6000000081065489096
Q104705143	6000000013774689345
Q104705144	6000000080889966093
Q104705145	6000000082702450023
Q104705146	6000000001491092322
Q104705148	6000000001490990831
Q104705150	6000000080890145884
Q104705151	6000000001490991371
Q104705152	6000000082702222085
Q104705155	6000000085084096998
Q104705156	6000000178786590905
Q104705158	6000000021036333217
Q104705159	6000000012773156593
Q104705160	6000000012773484243
Q104705161	6000000012773032840
Q104705164	6000000043483059308
Q104705166	6000000172994642166
Q104705173	6000000187466032831
Q104705176	6000000187465797827
Q104705178	6000000043482759597
Q104705183	6000000187466123836
Q104705185	6000000187822822926
Q104705207	6000000086223488821
Q104705210	6000000126856159930
Q104705212	6000000172993496764
Q104705213	6000000021540730848
Q104705216	6000000025899878983
Q104705218	6000000126857544821
Q104705222	6000000187466966821
Q104705229	6000000012738503366
Q104705236	6000000012734786343
Q104705239	6000000126855945865
Q104705243	6000000126855928874
Q104705247	6000000178322816848
Q104705248	6000000005230819855
Q104705249	6000000037933932132
Q104705250	6000000209182328864
Q104705251	6000000028411078821
Q104705255	6000000018917343023
Q104705258	6000000012735594816
Q104705259	6000000082634941978
Q104705263	6000000087898624902
Q104705265	6000000015446365782
Q104705267	6000000159902064929
Q104705276	6000000018453842347
Q104705289	6000000148642509821
Q104705290	6000000086466124007
Q104705291	6000000082946435885
Q104705293	6000000020664633155
Q104705296	6000000082977058821
Q104705297	6000000028991794975
Q104705300	6000000148642444835
Q104705301	6000000148642290876
Q104705303	6000000086465100022
Q104705304	6000000148640535173
Q104705308	6000000082976343892
Q104705309	6000000129558568859
Q104705311	6000000082976729907
Q104705315	6000000077948013240
Q104705318	6000000029220070736
Q104705319	6000000031622261801
Q104705320	6000000020664595421
Q104705321	6000000086464999219
Q104705326	6000000048153704896
Q104705327	6000000048155659857
Q104705328	6000000048155843872
Q104705329	6000000048153629918
Q104705330	6000000048153507037
Q104705331	6000000180078384867
Q104705337	6000000050888716150
Q104705339	6000000180827978822
Q104705342	6000000161299579841
Q104705350	6000000049489267857
Q104705354	6000000035135193883
Q104705355	6000000077129385113
Q104705357	6000000161274190821
Q104705361	6000000179244050855
Q104705362	6000000180079921833
Q104705363	6000000180827793830
Q104705369	6000000070359654991
Q104705371	6000000177840134915
Q104705373	6000000112564255827
Q104705375	6000000143885708252
Q104705377	6000000180827110897
Q104705383	6000000178083483919
Q104705384	6000000009688788051
Q104705385	6000000161294974832
Q104705386	6000000049489650823
Q104705390	6000000180827975826
Q104705391	6000000195505509832
Q104705393	6000000035134941156
Q104705399	6000000066653312924
Q104705400	6000000049487195925
Q104705401	6000000059718403072
Q104705405	6000000027674296556
Q104705406	6000000164763831876
Q104705410	6000000083769481833
Q104705412	6000000027674021549
Q104705413	6000000049488447929
Q104705416	6000000068133340837
Q104705418	6000000180827331871
Q104705423	6000000072635808821
Q104705424	6000000161299389821
Q104705426	6000000019306151928
Q104705427	6000000201466300826
Q104705428	6000000201467060824
Q104705430	6000000165812158896
Q104705431	6000000064004731833
Q104705439	6000000011828423303
Q104705440	6000000201467144828
Q104705441	6000000031526283986
Q104705443	6000000070187037982
Q104705444	6000000083939022889
Q104705445	6000000083939259828
Q104705449	6000000181534458823
Q104705451	6000000078444765848
Q104705456	6000000019482299818
Q104705457	6000000198409753859
Q104705459	6000000175600245849
Q104705460	6000000175600630822
Q104705461	6000000127273955830
Q104705465	6000000175600783823
Q104705467	6000000035879038556
Q104705468	6000000035887384983
Q104705469	6000000035879369292
Q104705470	6000000036240103081
Q104705471	6000000036240628875
Q104705472	6000000035887536900
Q104705477	6000000047017447017
Q104705481	6000000047016465780
Q104705484	6000000178542695826
Q104705486	6000000039351965011
Q104705489	6000000126161443400
Q104705493	6000000172270252723
Q104705498	6000000172272214031
Q104705499	6000000172273155986
Q104705500	6000000172214090146
Q104705501	6000000172272623969
Q104705503	6000000016386942408
Q104705505	6000000037090721181
Q104705508	6000000213298331828
Q104705510	6000000194819322867
Q104705511	6000000179276187836
Q104705515	6000000179275848849
Q104705516	6000000179276187877
Q104705519	6000000194819076875
Q104705522	6000000179325798828
Q104705523	6000000024915306048
Q104705524	6000000022697677052
Q104705525	6000000022697647358
Q104705526	6000000024915550903
Q104705527	6000000077804023014
Q104705537	6000000082998043159
Q104705540	6000000018512082808
Q104705541	6000000056936573180
Q104705542	6000000018513059523
Q104705543	6000000018512749160
Q104705544	6000000113128843946
Q104705545	6000000076837357050
Q104705548	6000000015996184025
Q104705550	6000000044804278183
Q104705552	6000000016456486745
Q104705554	6000000016071332012
Q104705555	6000000017604482913
Q104705556	6000000017604431870
Q104705557	6000000017604372655
Q104705558	6000000017604605748
Q104705561	6000000017604453599
Q104705562	6000000073863582033
Q104705565	6000000073863790893
Q104705567	6000000017604494557
Q104705568	6000000018369179373
Q104705569	6000000078209878908
Q104705571	6000000078231213004
Q104705572	6000000202899678901
Q104705574	6000000081299389973
Q104705575	6000000078232214114
Q104705576	6000000078232384009
Q104705578	6000000078234085896
Q104705579	6000000078219876935
Q104705580	6000000213038933829
Q104705582	6000000078177418874
Q104705583	6000000191038580834
Q104705585	6000000191036711826
Q104705586	6000000191036710829
Q104705590	6000000003538571298
Q104705592	6000000185387781836
Q104705594	6000000185386852831
Q104705598	6000000077426280370
Q104705600	6000000047274750882
Q104705601	6000000077426317233
Q104705604	6000000177839732860
Q104705607	6000000177839616849
Q104705609	6000000185386919877
Q104705610	6000000177841008827
Q104705612	6000000182289811822
Q104705613	6000000008201168702
Q104705615	6000000009684796964
Q104705620	6000000058325169026
Q104705624	6000000201499008873
Q104705628	6000000102797567825
Q104705634	6000000187869481900
Q104705635	6000000025197442045
Q104705645	6000000039490193997
Q104705646	6000000016347536253
Q104705647	6000000041193776019
Q104705652	6000000076340227052
Q104705659	6000000021315627796
Q104705660	6000000030023395594
Q104705663	6000000077201658375
Q104705669	6000000000622493670
Q104705670	6000000017633719166
Q104705674	6000000032509136442
Q104705676	6000000014300115516
Q104705678	6000000187733147914
Q104705679	6000000014514930480
Q104705680	6000000000622758330
Q104705681	6000000022422755606
Q104705684	6000000035643552399
Q104705685	6000000018859888531
Q104705687	6000000042027167359
Q104705690	6000000010608643481
Q104705692	6000000035728506245
Q104705693	6000000092594365828
Q104705694	6000000014300115511
Q104705695	6000000000622497887
Q104705697	6000000005038966224
Q104705701	6000000086788376018
Q104705703	6000000016951685353
Q104705709	6000000079918863834
Q104705712	6000000042027536821
Q104705716	6000000032039592914
Q104705717	6000000032039263996
Q104705718	6000000032039238966
Q104705719	6000000015720593330
Q104705722	6000000006439950884
Q104705939	6000000023075585904
Q104705955	6000000076698775667
Q104705986	6000000069724001859
Q104706020	6000000077202025040
Q104706023	6000000050604824009
Q104706028	6000000021540316625
Q104706033	6000000018726753022
Q104706034	6000000035753831993
Q104706039	6000000072202945889
Q104706045	6000000017053167775
Q104706046	6000000056682245821
Q104706047	6000000013451829228
Q104706048	6000000085793262381
Q104706050	6000000195664018826
Q104706051	6000000032009890868
Q104706053	6000000083270560431
Q104706058	6000000022177216266
Q104706061	6000000078456100828
Q104706063	6000000020948878310
Q104706064	6000000079918920830
Q104706066	6000000005038959315
Q104706067	6000000014502266242
Q104706071	6000000077190748052
Q104706072	6000000179142567828
Q104706075	6000000053286316922
Q104706076	6000000010656905477
Q104706078	6000000050605155977
Q104706079	6000000018725760743
Q104706082	6000000016934579041
Q104706085	6000000019654452244
Q104706086	6000000052774620863
Q104706087	6000000076340361086
Q104706091	6000000082173110835
Q104706093	6000000083271399912
Q104706101	6000000198475873845
Q104706104	6000000048443852866
Q104706105	6000000019805425769
Q104706106	6000000193921157824
Q104706107	6000000101029315929
Q104706108	6000000173108565288
Q104706109	6000000005381286194
Q104706111	6000000076340205936
Q104706112	6000000083271314916
Q104706113	6000000012379476482
Q104706115	6000000013986927368
Q104706121	6000000013134508754
Q104706122	6000000083635861040
Q104706130	6000000040075446689
Q104706131	6000000199357051821
Q104706135	6000000048644715136
Q104706140	6000000005381169056
Q104706142	6000000080286758863
Q104706143	6000000014318219610
Q104706147	6000000031498568344
Q104706148	6000000000620887605
Q104706149	6000000102153948901
Q104706150	6000000020126683065
Q104706151	6000000077200543741
Q104706154	6000000124450723830
Q104706159	6000000053287339322
Q104706160	6000000044455416100
Q104706161	6000000057994740925
Q104706162	6000000019805158787
Q104706164	6000000072197804944
Q104706165	6000000034550194886
Q104706167	6000000113774286973
Q104706170	6000000122750708997
Q104706171	6000000083204726205
Q104706172	6000000198798701900
Q104706173	6000000072198992848
Q104706174	6000000077207167033
Q104706175	6000000084272518388
Q104706176	6000000014122831166
Q104706177	6000000017443120189
Q104706179	6000000211288932821
Q104706180	6000000112465815856
Q104706181	6000000177411099888
Q104706182	6000000014502655116
Q104706185	6000000141001529836
Q104706191	6000000077201233070
Q104706192	6000000067393347821
Q104706193	6000000014290119669
Q104706196	6000000019805281461
Q104706203	6000000019961162989
Q104706206	6000000078456083892
Q104706208	6000000020331782650
Q104706212	6000000005326362004
Q104706214	6000000077202051881
Q104706221	6000000076963981325
Q104706225	6000000046279471251
Q104706226	6000000011572281258
Q104706227	6000000009812323358
Q104706228	6000000014502231578
Q104706229	6000000009812148497
Q104706230	6000000013134501406
Q104706235	6000000016911055807
Q104706236	6000000019844855639
Q104706238	6000000194656330827
Q104706239	6000000050687291852
Q104706240	6000000013986855914
Q104706241	6000000193947801893
Q104706244	6000000062458685939
Q104706247	6000000117214763855
Q104706252	6000000187870105823
Q104706257	6000000013451256237
Q104706258	6000000048443447977
Q104706259	6000000096267694829
Q104706260	6000000077207266899
Q104706264	6000000025822408778
Q104706266	6000000076448623260
Q104706267	6000000019035200743
Q104706269	6000000211064445823
Q104706272	6000000122750970949
Q104706273	6000000095900009879
Q104706275	6000000179346637824
Q104706276	6000000084547328279
Q104706277	6000000047345217198
Q104706278	6000000083204953917
Q104706281	6000000057994286960
Q104706285	6000000083268676740
Q104706286	6000000036714335929
Q104706287	6000000009440623057
Q104706291	6000000016934521637
Q104706292	6000000057827531294
Q104706295	6000000005222040734
Q104706297	6000000012964828550
Q104706298	6000000077604903271
Q104706301	6000000048442756903
Q104706303	6000000028672130964
Q104706304	6000000090987762821
Q104706305	6000000019137373121
Q104706307	6000000001834936131
Q104706308	6000000048443734955
Q104706309	6000000009811431058
Q104706310	6000000017441030127
Q104706311	6000000051509686982
Q104706314	6000000018725860453
Q104706316	6000000022349651351
Q104706319	6000000080936339002
Q104706320	6000000082172836849
Q104706321	6000000012964825434
Q104706323	6000000064154704182
Q104706324	6000000086383628008
Q104706325	6000000027792154741
Q104706326	6000000072198749850
Q104706331	6000000019059500210
Q104706336	6000000003794893054
Q104706337	6000000201497984826
Q104706339	6000000179546691821
Q104706341	6000000093309876864
Q104706342	6000000112463018164
Q104706343	6000000077200373662
Q104706344	6000000077139491773
Q104706352	6000000002052353040
Q104706353	6000000174432119999
Q104706358	6000000013546674173
Q104706360	6000000019775006741
Q104706361	6000000114984076959
Q104706362	6000000022349672214
Q104706363	6000000190837726918
Q104706364	6000000053193913862
Q104706365	6000000113774483941
Q104706366	6000000135674086868
Q104706368	6000000077200740795
Q104706370	6000000013134407942
Q104706373	6000000041148043046
Q104706375	6000000025097340205
Q104706376	6000000113774056964
Q104706378	6000000005380923986
Q104706381	6000000002051950610
Q104706382	6000000082245099867
Q104706385	6000000010608636829
Q104706388	6000000082172888832
Q104706389	6000000034606527524
Q104706394	6000000073510927845
Q104706395	6000000141001636824
Q104706396	6000000005326541009
Q104706397	6000000173107340584
Q104706399	5701425325800116948
Q104706400	6000000035285198931
Q104706401	6000000077201978169
Q104706405	6000000028139377205
Q104706406	6000000042036811261
Q104706411	6000000022423126856
Q104706412	6000000021041528514
Q104706415	6000000053287962862
Q104706416	6000000040076387280
Q104706419	6000000027988479974
Q104706420	6000000005168383020
Q104706427	6000000112463565167
Q104706433	6000000011126844552
Q104706434	6000000078056407012
Q104706436	6000000010695313211
Q104706443	6000000072086907943
Q104706444	6000000009974058867
Q104706447	6000000010149961326
Q104706448	6000000010695175682
Q104706449	6000000010149786134
Q104706452	6000000066474688991
Q104706453	6000000080238945909
Q104706473	6000000026666163869
Q104706474	6000000057764838077
Q104706487	6000000180829601881
Q104706489	6000000077843835189
Q104706494	6000000202855462821
Q104706498	6000000035213767068
Q104706499	6000000037584533320
Q104706500	6000000204786402840
Q104706502	6000000177824911858
Q104706503	6000000185349464853
Q104706504	6000000185265719854
Q104706505	6000000046390088320
Q104706506	6000000184805007850
Q104706515	6000000180829604877
Q104706516	6000000077816941439
Q104706519	6000000141474894836
Q104706525	6000000133108872961
Q104706526	6000000076663065927
Q104706530	6000000025617897649
Q104706534	6000000041326796176
Q104706536	6000000040109413473
Q104706537	6000000023158969851
Q104706542	6000000008527356322
Q104706544	6000000179742011821
Q104706545	6000000026771226388
Q104706549	6000000004118037304
Q104706551	6000000103406613005
Q104706555	6000000015945930354
Q104706558	6000000076663414906
Q104706559	6000000199150618853
Q104706560	6000000019075886419
Q104706561	6000000024036063967
Q104706562	6000000182699903872
Q104706563	6000000008527323735
Q104706564	6000000041430266242
Q104706569	6000000024040557168
Q104706570	6000000015159786903
Q104706579	6000000024036093045
Q104706583	6000000037010714190
Q104706587	6000000199151080826
Q104706588	6000000076705347276
Q104706589	6000000034606983096
Q104706591	6000000026289409083
Q104706594	6000000069577148182
Q104706596	6000000034834540428
Q104706614	6000000199151769836
Q104706621	6000000063119036916
Q104706623	6000000069581287840
Q104706627	6000000027816293835
Q104706634	6000000067461093841
Q104706636	6000000174708120319
Q104706642	6000000132332076849
Q104706646	6000000199151815827
Q104706652	6000000026493150526
Q104706661	6000000158803960849
Q104706664	6000000008527479108
Q104706673	6000000027815889805
Q104706674	6000000024040809583
Q104706678	6000000069578012916
Q104706681	6000000182770695866
Q104706689	5714966659740082689
Q104706694	6000000049688472821
Q104706696	6000000007338813389
Q104706698	6000000212418917837
Q104706699	6000000070304742027
Q104706700	6000000026310321472
Q104706701	6000000042009787818
Q104706702	6000000111517762841
Q104706703	6000000018163048315
Q104706705	6000000002388797319
Q104706706	6000000137230182821
Q104706707	6000000021221672984
Q104706708	6000000065067140965
Q104706709	6000000014674484112
Q104706712	6000000175961308829
Q104706713	6000000015333798270
Q104706716	6000000050910568890
Q104706718	6000000173890129861
Q104706719	6000000008527391837
Q104706722	6000000074080650229
Q104706723	6000000079935424981
Q104706726	6000000045344136950
Q104706727	6000000182256922882
Q104706729	6000000052495461056
Q104706731	6000000071151218005
Q104706732	6000000018578153175
Q104706734	6000000188169574830
Q104706736	6000000196896712862
Q104706737	6000000076781782177
Q104706739	6000000034125757970
Q104706743	6000000035868863337
Q104706744	6000000014673952601
Q104706746	6000000017259072211
Q104706750	6000000186880473826
Q104706761	6000000168838585512
Q104706762	6000000074080396890
Q104706765	6000000190306529821
Q104706766	6000000018171415359
Q104706767	6000000098329554616
Q104706768	6000000150600763821
Q104706770	6000000032818161126
Q104706771	6000000034462819199
Q104706774	6000000026310756877
Q104706775	6000000014674051150
Q104706776	6000000196345194849
Q104706777	6000000080497338562
Q104706779	6000000029201752233
Q104706780	6000000091703672926
Q104706783	6000000026310286654
Q104706784	6000000041502438919
Q104706787	6000000018173947485
Q104706788	6000000035893737202
Q104706790	6000000148596971986
Q104706792	6000000077325361874
Q104706807	6000000075787032528
Q104706810	6000000078941275262
Q104706811	6000000036965442480
Q104706812	6000000099160880917
Q104706814	6000000104894539910
Q104706815	6000000052168415842
Q104706816	5714965039040043081
Q104706819	6000000079104618556
Q104706820	6000000052734067111
Q104706823	6000000018171483451
Q104706824	6000000180904843831
Q104706825	6000000070304665850
Q104706826	6000000026310440212
Q104706829	6000000104930820993
Q104706833	6000000007338946209
Q104706834	6000000085619805831
Q104706836	6000000108871358826
Q104706838	6000000193867270822
Q104706839	6000000180904058856
Q104706842	6000000178635148826
Q104706843	6000000104930378027
Q104706844	6000000032239756701
Q104706845	6000000026310796900
Q104706851	6000000057452535026
Q104706852	6000000109298970833
Q104706854	6000000179477914939
Q104706855	6000000002388797274
Q104706856	6000000189217323832
Q104706861	6000000149540126842
Q104706862	6000000046804545827
Q104706864	6000000052734089385
Q104706865	6000000022556555092
Q104706867	6000000101825652825
Q104706869	6000000046804590859
Q104706877	6000000004591046549
Q104706878	6000000111517886845
Q104706881	6000000132332120873
Q104706884	6000000188168928828
Q104706885	6000000097546906713
Q104706887	6000000014892710020
Q104706890	6000000017259187116
Q104706892	6000000180950068871
Q104706895	6000000021441768816
Q104706897	6000000015377224486
Q104706898	6000000050910945984
Q104706901	6000000101814136892
Q104706903	6000000196896763840
Q104706905	6000000189216829845
Q104706907	6000000034463683935
Q104706909	6000000202302433837
Q104706910	6000000079105407861
Q104706911	6000000047547524917
Q104706912	6000000034462493082
Q104706916	6000000159974143821
Q104706917	6000000014673975202
Q104706918	6000000046275445020
Q104706919	6000000046803243144
Q104706920	6000000032297429124
Q104706921	6000000196344334822
Q104706922	6000000193681898830
Q104706924	6000000007338384025
Q104706925	6000000104894253095
Q104706926	6000000091704015891
Q104706927	6000000175961269821
Q104706928	6000000111518160821
Q104706929	6000000030377407397
Q104706931	6000000097551241963
Q104706934	6000000149611869850
Q104706941	6000000047716025605
Q104706943	6000000026312099391
Q104706944	6000000103502528847
Q104706946	6000000212419342843
Q104706948	6000000159971637821
Q104706950	6000000208359938821
Q104706951	6000000193979901849
Q104706952	6000000034463209890
Q104706954	6000000015376964774
Q104706959	6000000027993876359
Q104706961	6000000035053177562
Q104706964	6000000179540016823
Q104706967	6000000178857112841
Q104706973	6000000195551722825
Q104706975	6000000174900792495
Q104706979	6000000013237088512
Q104706980	6000000189259715837
Q104706981	6000000013216742422
Q104706982	6000000013216646970
Q104706986	6000000082668787183
Q104706988	6000000082669513823
Q104706994	6000000092921262107
Q104706995	6000000018614815037
Q104706997	6000000092914177402
Q104706999	6000000019655152107
Q104707000	6000000079868912834
Q104707003	6000000041899058943
Q104707004	6000000026186700906
Q104707005	6000000036326170029
Q104707007	6000000090708547944
Q104707008	6000000092915065033
Q104707012	6000000018942399485
Q104707013	6000000026186689897
Q104707014	6000000021028796528
Q104707015	6000000031624653035
Q104707016	6000000019326971577
Q104707017	6000000026002400234
Q104707020	6000000031636954019
Q104707021	6000000035637682825
Q104707023	6000000092913518142
Q104707024	6000000013332358931
Q104707025	6000000031625707095
Q104707027	6000000019655222052
Q104707028	6000000031625556239
Q104707031	6000000156925437875
Q104707046	6000000166433652212
Q104707055	6000000057339685995
Q104707061	6000000081251809936
Q104707062	6000000119034932999
Q104707065	6000000068756508226
Q104707066	6000000189322303851
Q104707067	6000000086510066063
Q104707071	6000000002315402402
Q104707077	6000000086501064884
Q104707079	6000000070849909907
Q104707082	6000000074712258034
Q104707083	6000000014209785066
Q104707100	6000000080987513187
Q104707107	6000000086501133955
Q104707121	6000000002315514202
Q104707131	6000000022823893250
Q104707137	6000000182491896821
Q104707139	6000000118882268821
Q104707142	6000000002969579393
Q104707147	6000000070848316837
Q104707151	6000000179500107821
Q104707152	6000000175216406977
Q104707154	6000000088521326913
Q104707155	6000000070848105853
Q104707156	6000000014696120315
Q104707158	6000000182762183822
Q104707163	6000000013898753033
Q104707165	6000000175216551912
Q104707166	6000000179926145875
Q104707170	6000000182760179879
Q104707171	6000000070851114833
Q104707174	6000000179949619847
Q104707181	6000000126282402829
Q104707184	6000000081251856919
Q104707185	6000000119035386845
Q104707186	6000000088523448889
Q104707188	6000000013753761228
Q104707194	6000000081957160874
Q104707196	6000000020439100354
Q104707198	6000000024815287039
Q104707200	6000000018089534084
Q104707206	6000000020772174410
Q104707210	6000000020439183913
Q104707215	6000000056311899054
Q104707228	5214557654490135660
Q104707244	6000000173992878377
Q104707247	6000000021691896352
Q104707249	6000000080385591142
Q104707250	6000000020721180675
Q104707252	6000000012034572624
Q104707253	6000000041780882215
Q104707254	6000000197657064826
Q104707255	6000000104589604831
Q104707257	6000000104581211225
Q104707259	6000000066264482168
Q104707265	6000000013125477786
Q104707266	6000000080903669965
Q104707270	6000000067078081941
Q104707273	6000000011229701939
Q104707274	6000000037864340027
Q104707275	6000000066264482867
Q104707285	6000000067077888839
Q104707288	6000000077276988648
Q104707289	6000000211429049829
Q104707292	6000000067078078868
Q104707293	6000000013125621813
Q104707296	6000000031917073828
Q104707300	6000000175895233851
Q104707301	6000000175894099855
Q104707304	6000000026312143296
Q104707306	6000000026710061557
Q104707308	6000000026311633052
Q104707310	6000000096043377884
Q104707311	6000000026884816297
Q104707312	6000000096044808838
Q104707315	6000000042171544091
Q104707316	6000000042171650196
Q104707323	6000000078348421218
Q104707324	6000000020827983332
Q104707328	6000000042171165608
Q104707329	6000000042171672218
Q104707331	6000000078015438101
Q104707333	6000000065069768821
Q104707334	6000000042021724111
Q104707337	6000000042021744155
Q104707338	6000000042171519361
Q104707340	6000000042171816829
Q104707341	6000000179507468843
Q104707346	6000000065069012331
Q104707347	6000000049590409885
Q104707350	6000000026455581210
Q104707352	6000000053885941853
Q104707354	6000000085272609863
Q104707356	6000000061239106852
Q104707359	6000000061241221913
Q104707367	6000000103878572097
Q104707368	6000000059727898854
Q104707373	6000000059727856921
Q104707377	6000000042146176906
Q104707378	6000000042753423251
Q104707382	6000000186116453938
Q104707383	6000000186116896920
Q104707384	6000000186117244849
Q104707388	6000000027643496983
Q104707394	6000000070301799027
Q104707396	6000000037151050282
Q104707397	6000000030667069293
Q104707398	6000000037150984561
Q104707400	6000000026054492874
Q104707401	6000000177802226846
Q104707402	6000000177801902852
Q104707403	6000000147764149846
Q104707404	6000000147714583828
Q104707406	6000000061823544870
Q104707409	6000000030832770951
Q104707411	6000000030832766867
Q104707413	6000000030832724894
Q104707415	6000000080904321821
Q104707416	6000000080902031930
Q104707419	6000000080901035639
Q104707420	6000000080904022878
Q104707427	6000000193266109823
Q104707429	6000000193266022827
Q104707431	6000000119011083057
Q104707432	6000000009699877808
Q104707434	6000000209523827893
Q104707436	6000000018439965758
Q104707439	6000000020426905477
Q104707450	6000000069408035843
Q104707451	6000000041409366062
Q104707454	6000000125400495830
Q104707455	6000000082931519041
Q104707456	6000000036399576511
Q104707459	6000000020934350911
Q104707463	6000000110311991821
Q104707466	6000000049692764100
Q104707470	6000000177816834833
Q104707474	6000000001679065889
Q104707479	6000000023090675911
Q104707483	6000000000586623995
Q104707486	6000000032510423225
Q104707488	6000000015856397841
Q104707492	6000000177816910834
Q104707493	6000000016700072923
Q104707497	6000000001679156822
Q104707498	6000000116525217955
Q104707499	6000000177821635833
Q104707502	6000000075882471288
Q104707503	6000000015856384688
Q104707504	6000000107649240968
Q104707507	6000000075884702967
Q104707508	6000000041914571076
Q104707517	6000000104648993968
Q104707521	6000000025145539416
Q104707522	6000000021328045630
Q104707529	6000000100086005006
Q104707535	6000000108196589835
Q104707537	6000000107650259862
Q104707543	6000000018845960677
Q104707546	6000000039588664407
Q104707548	6000000018076411874
Q104707550	6000000005579537286
Q104707553	6000000031050856288
Q104707554	6000000177077748903
Q104707555	6000000026448233580
Q104707563	6000000016700088361
Q104707564	6000000019467145227
Q104707565	6000000009699700847
Q104707567	6000000026449009459
Q104707570	6000000009297395979
Q104707572	6000000094826619088
Q104707575	6000000104648973948
Q104707576	6000000185461156821
Q104707577	6000000082930497268
Q104707578	6000000075287339058
Q104707587	6000000111572062894
Q104707589	6000000029103315344
Q104707591	6000000009699877766
Q104707597	6000000187862082839
Q104707598	6000000201967246822
Q104707599	6000000021328128442
Q104707601	6000000018845954521
Q104707603	6000000009297056159
Q104707607	6000000107657135940
Q104707611	6000000107655159117
Q104707613	6000000029739127933
Q104707616	6000000025738325322
Q104707617	6000000017523029001
Q104707618	6000000037146682813
Q104707620	6000000081320741083
Q104707621	6000000020934200634
Q104707623	6000000037108452137
Q104707625	6000000108196343821
Q104707626	6000000151327362854
Q104707628	6000000092715723942
Q104707632	6000000029103738973
Q104707634	6000000123500518923
Q104707636	6000000080418382964
Q104707638	6000000170023924827
Q104707639	6000000074902445936
Q104707640	6000000015800760475
Q104707641	6000000037719833793
Q104707642	6000000018440413037
Q104707643	6000000010827236445
Q104707645	6000000070238954821
Q104707647	6000000216059092822
Q104707658	6000000035818217156
Q104707660	6000000037701116456
Q104707662	6000000014335534747
Q104707663	6000000127630135015
Q104707664	6000000185177066836
Q104707665	6000000029103521989
Q104707668	6000000127629510055
Q104707671	6000000044166308201
Q104707676	6000000080417817911
Q104707678	6000000041491786274
Q104707683	6000000083399975284
Q104707684	6000000070239859824
Q104707685	6000000213767193826
Q104707687	6000000049648766840
Q104707689	6000000036302796234
Q104707690	6000000026592147634
Q104707691	6000000017522496637
Q104707692	6000000104649506845
Q104707693	6000000118440131821
Q104707695	6000000141567272942
Q104707696	6000000070661224833
Q104707697	6000000035671554229
Q104707699	6000000039842817935
Q104707701	6000000078159707822
Q104707706	6000000080418452941
Q104707714	6000000170022892847
Q104707716	6000000034217595939
Q104707718	6000000037832375493
Q104707730	6000000026591823549
Q104707731	6000000026449458065
Q104707732	6000000041409031779
Q104707737	6000000070238516960
Q104707743	6000000041543883333
Q104707748	6000000015800765855
Q104707754	6000000050693385855
Q104707757	6000000026213162334
Q104707761	6000000076235174130
Q104707764	6000000076234562567
Q104707765	6000000114698362821
Q104707768	6000000069893306855
Q104707773	6000000060356996845
Q104707774	6000000069895647920
Q104707781	6000000069894613467
Q104707783	6000000060356763821
Q104707784	6000000003032068945
Q104707786	6000000069893124179
Q104707787	6000000187324756821
Q104707790	6000000069893951833
Q104707792	6000000069893021016
Q104707793	6000000182305960912
Q104707802	6000000069893577051
Q104707803	6000000133134058892
Q104707804	6000000133483087946
Q104707809	6000000187324075887
Q104707811	6000000187324375825
Q104707813	6000000034602811880
Q104707814	6000000040363222631
Q104707816	6000000194012595835
Q104707817	6000000182789897924
Q104707819	6000000073428762954
Q104707828	6000000148092291959
Q104708	6000000006196299164
Q104708215	6000000009773098405
Q104708264	6000000011393361183
Q104709195	6000000027756371367
Q104710	6000000016099571416
Q104710305	6000000001827628704
Q104711466	6000000008594269924
Q104712077	6000000005230317621
Q104712374	6000000008594121850
Q104713826	6000000003275286378
Q104715285	6000000016698893297
Q104715289	6000000006820035089
Q104715564	6000000176569032825
Q104716802	6000000053007322170
Q104717013	6000000013330363745
Q104717017	6000000059995587826
Q104717042	6000000086529306104
Q104717049	6000000068359700918
Q104717060	6000000059995194933
Q104717096	6000000024504442789
Q104717178	6000000019397016691
Q104717183	6000000019397193433
Q104717279	6000000014995952982
Q104717292	6000000009204696656
Q104717292	6000000044789920969
Q104717364	6000000013930934968
Q104717386	6000000012213042840
Q104717388	6000000026078727657
Q104717389	6000000016013117470
Q104717430	6000000016596480757
Q104717492	6000000006603661266
Q104717503	6000000014879285733
Q104717503	6000000016762523446
Q104717553	6000000042843172891
Q104717570	6000000014058193656
Q104717610	6000000014058063569
Q104717657	6000000014057713960
Q104717657	6000000041631860370
Q104718	6000000041492766019
Q104718092	6000000016730444250
Q104718324	6000000029422632800
Q104718551	6000000046077396953
Q104719514	6000000011359506429
Q104720651	6000000002577472461
Q104721834	6000000181383307823
Q104722009	6000000003622245415
Q104722208	6000000014961224453
Q104722956	6000000222424689872
Q1047230	6000000024132253697
Q104723025	6000000024827550131
Q104723329	6000000014194612718
Q104723399	6000000043464470554
Q1047235	6000000059154336102
Q104723528	6000000014194254374
Q104723528	6000000212898802821
Q104723584	6000000043464470558
Q104723877	6000000004335214239
Q104725126	6000000178118880876
Q1047261	6000000002543097917
Q104730	6000000081478605049
Q1047304	6000000003932013301
Q104730435	6000000019743193890
Q104730661	6000000207400443849
Q104730995	6000000024757875102
Q104731036	6000000024758095061
Q104731191	6000000015608651652
Q104731316	6000000008439293525
Q104731341	6000000077956745040
Q104731346	6000000011307506599
Q104731377	6000000024613083978
Q104731413	6000000037489214354
Q104731828	6000000014861941777
Q104731852	6000000179828348874
Q104731995	6000000006909994761
Q104732006	6000000011081264894
Q104732182	6000000021411216602
Q104732319	6000000113549247902
Q104732323	6000000072658538839
Q104732387	6000000032307461802
Q104732426	6000000012955722583
Q104732451	6000000048060930915
Q104732507	6000000181895798052
Q104732518	6000000031958688162
Q104732638	6000000040394602880
Q104732643	6000000001189647691
Q104732687	6000000011581773859
Q104732803	6000000130894582841
Q104732877	6000000045902056821
Q104732928	6000000130453201890
Q104733038	6000000166193038051
Q104733099	6000000053195402227
Q104733148	6000000084688384020
Q104733172	6000000072066929821
Q104733196	6000000020361762554
Q104733262	6000000017106471567
Q104733263	6000000151681438864
Q104733274	6000000089722175929
Q104733365	6000000195359637824
Q104733800	6000000042157072244
Q104737955	6000000028428974358
Q104739453	6000000057008883995
Q104740649	6000000077867730947
Q104741896	6000000020547283438
Q104742035	6000000020547274538
Q104742420	6000000016007048642
Q104743121	6000000009154553989
Q104744382	6000000020556238323
Q104744523	6000000083714167111
Q1047449	6000000023745901190
Q1047472	6000000025057179287
Q1047486	6000000024694020192
Q1047487	6000000183567714832
Q1047493	6000000024693617043
Q104751434	6000000020547339988
Q1047515	6000000008581064799
Q104755506	6000000007182310490
Q104755784	5477503367560083505
Q104755784	6000000035017580401
Q104756	6000000171758105866
Q104759153	6000000052302673170
Q104759154	6000000017432680859
Q104759755	6000000037887836708
Q104760340	6000000042538992098
Q104760380	6000000006602051062
Q104760780	6000000076886182993
Q104761015	6000000000082265912
Q104761062	6000000000380096776
Q104761258	6000000042885190431
Q104764427	6000000170034443921
Q104764445	6000000022434860436
Q104764572	6000000005251079143
Q104764653	6000000000426714029
Q104764859	6000000002488594879
Q1047649	6000000180493863832
Q104764919	6000000017516846428
Q104766659	6000000018057181984
Q104766865	6000000210888130824
Q104766927	6000000053835055961
Q104767146	6000000006575216197
Q104767155	6000000023300968057
Q104767245	6000000015050878563
Q104767293	6000000065823959821
Q104767721	6000000024800209468
Q104771	6000000024693316817
Q104771106	6000000006601709178
Q104771292	6000000008596301802
Q104771319	6000000147051240830
Q104771356	6000000175388172346
Q104772	6000000000307249102
Q104772193	6000000017097424066
Q104772328	6000000023404769245
Q104772403	6000000018822468414
Q104772436	6000000015741468690
Q104772531	6000000002933577009
Q104772542	6000000016117756826
Q104772576	6000000010894380997
Q104772595	6000000003942903512
Q104772631	6000000004590614393
Q104772636	6000000002933548139
Q104772778	6000000075808896846
Q104772797	6000000004590614401
Q104772843	337521842760004953
Q104772845	6000000004590614385
Q104772853	6000000003747073096
Q104772863	6000000015646345370
Q104772981	6000000039276177111
Q104773002	6000000010841580622
Q104773018	6000000018822737023
Q104773023	6000000010841671336
Q104773024	6000000015646944391
Q104773092	6000000015741409858
Q104773112	6000000050026575063
Q104773113	6000000085841992147
Q104773132	6000000015646621934
Q104773136	6000000015741415583
Q104773147	6000000164648660921
Q104773254	6000000042535942251
Q104773336	6000000008851456319
Q104773483	6000000163835766947
Q104773716	6000000078772373057
Q104773770	6000000018191822101
Q104773843	6000000006827641507
Q104774135	6000000018822353334
Q104774290	6000000015733135098
Q104774345	6000000007026408158
Q104774534	6000000007035445032
Q104774534	6000000014486246430
Q104774593	6000000078631014382
Q104774770	6000000034807242329
Q104774793	6000000044218317830
Q104774886	6000000074994539876
Q104774924	6000000019264040973
Q104775812	6000000181688225947
Q104775980	6000000010736637003
Q104776164	6000000074998325849
Q104776379	6000000015732774736
Q104777318	6000000027172015765
Q10477795	6000000074735690887
Q104778612	6000000019853037648
Q104778800	6000000019660366268
Q104778883	6000000011489739720
Q104779	6000000030086980992
Q104779045	6000000054314422895
Q104779122	6000000025467898041
Q104779176	6000000005590734194
Q104779177	6000000012545353355
Q104779178	6000000038420838025
Q104779278	6000000179670512907
Q104779285	6000000159901610890
Q104779376	6000000018915771456
Q104779460	6000000057722969851
Q104779484	6000000059601442071
Q10477971	6000000074735744857
Q104780474	6000000005431410630
Q104781382	6000000015830136665
Q104782143	6000000014168568798
Q104782518	6000000011028736869
Q104782518	6000000024669851494
Q104782599	4086349440850010733
Q104782662	6000000010774367147
Q104782784	6000000074994481925
Q104782874	6000000177592598898
Q104783011	6000000010774570367
Q104783190	6000000015266914577
Q104783210	6000000011050419970
Q104783291	6000000011050586694
Q104783326	6000000011050887583
Q104783340	6000000011050562100
Q104783358	6000000077154594955
Q104783368	6000000027293197865
Q104783386	6000000035627770216
Q104783556	6000000016203953752
Q104783575	6000000015964224584
Q104783655	6000000103660861821
Q104783679	6000000083842878462
Q104783700	6000000042231481890
Q104783770	6000000031009720360
Q104783856	6000000015964289013
Q104784728	6000000037472827626
Q104785235	6000000024786274307
Q1047855	6000000037084349896
Q104785529	6000000001383105834
Q104785679	6000000001383105818
Q104785682	6000000001383084854
Q104785689	6000000002946698785
Q104785694	6000000001579272808
Q104785699	6000000001562925001
Q104785704	6000000003615460440
Q104785713	6000000001383086690
Q104786168	6000000038767266841
Q1047867	6000000013785827807
Q104786972	6000000173394878835
Q104787029	6000000018822972027
Q104787056	6000000011480752479
Q104787177	6000000015964218433
Q104787283	6000000015964374190
Q104787290	6000000017189338388
Q104787300	6000000017188773631
Q104787330	6000000003075929325
Q104787347	6000000007273501815
Q104787349	6000000001383095952
Q104787350	6000000001383105252
Q104787423	6000000011051551258
Q104787655	6000000076558940821
Q104787703	6000000022889130581
Q104787705	6000000010868123355
Q104787721	6000000182051491838
Q104787820	6000000152766404857
Q104787897	6000000015964207331
Q104787920	6000000011051341209
Q104788063	6000000015963975951
Q104788214	6000000011735097820
Q104788637	6000000040580341867
Q104789370	6000000039403030042
Q10479	6000000013407238004
Q104790	6000000112948570866
Q104791	6000000177499753822
Q1047925	6000000004188772044
Q104793171	6000000008050966769
Q104793419	6000000008051202382
Q104793639	6000000017206210567
Q104793965	6000000015733075372
Q104794343	6000000015073251061
Q104794343	6000000015736319218
Q104794536	294372836370006366
Q104795398	6000000076249785035
Q104795401	6000000105330072953
Q104795404	6000000003290312137
Q104795407	6000000003290312129
Q104795410	6000000009038314548
Q104795414	6000000013553869481
Q104796260	6000000011942082478
Q104797482	6000000008103572201
Q104797530	6000000011517092459
Q104797975	6000000016820748705
Q104798137	6000000013420175340
Q104798205	300603152330007773
Q104798205	6000000015320966636
Q104798330	6000000015321124319
Q104798400	6000000015115354126
Q104798483	6000000008103492493
Q104798528	6000000003940271294
Q104798531	6000000003522845456
Q104798535	6000000003615503476
Q104798732	6000000092284061052
Q1047992	6000000019669673060
Q104799356	4778839
Q104799363	6000000039656150088
Q104799364	6000000035354935122
Q104799365	6000000000600120144
Q104799378	4778799
Q104799380	6000000003077114043
Q104799383	6000000023486923052
Q104799385	6000000023603021838
Q104799389	6000000016974548800
Q1047994	6000000165037781906
Q104800	6000000017439145567
Q1048002	6000000021389768653
Q10480021	6000000012942583482
Q1048004	6000000012934258029
Q1048016	6000000079145415937
Q104803444	6000000070405328022
Q1048040	6000000178217538831
Q104804099	6000000002323464681
Q10480427	6000000180534054835
Q104804885	6000000008419958195
Q104805	6000000009181126325
Q104805005	6000000089715081884
Q104805078	6000000016232228368
Q104805093	6000000009420317287
Q104805185	6000000062460157836
Q104805187	6000000062460060901
Q104805202	6000000179963134834
Q104805204	6000000179961878859
Q104805205	6000000179964252850
Q104805206	6000000124940657878
Q104805207	6000000178446346821
Q104805208	6000000124941083917
Q104805211	6000000178459302860
Q104805212	6000000124939960097
Q104805216	6000000059603479881
Q104805217	6000000077892725120
Q104805218	6000000032192462822
Q104805219	6000000013745115359
Q104805225	6000000006598355130
Q104805229	6000000191684266938
Q104805230	6000000196060068827
Q104805232	6000000066469965829
Q104805236	5714968694840070445
Q104805238	6000000035678880942
Q104805239	6000000026522219523
Q104805240	6000000026522673037
Q104805241	6000000017808754139
Q104805242	6000000078107071396
Q104805244	6000000149852510994
Q104805249	6000000069698896852
Q104805250	6000000169612053054
Q104805251	6000000029445171597
Q104805253	6000000108881276882
Q104805256	6000000046362873979
Q104805258	6000000026234354035
Q104805259	6000000026234009317
Q104805261	6000000100528643002
Q104805262	6000000070195666928
Q104805263	6000000100539221898
Q104805265	6000000018224446137
Q104805266	6000000037849681147
Q104805267	6000000037849847001
Q104805270	6000000188518917868
Q104805275	6000000182447497843
Q104805285	6000000018819267731
Q104805287	6000000206848501826
Q104805289	6000000103058252839
Q104805298	6000000199060523832
Q104805299	6000000131708318416
Q104805300	6000000076269523874
Q104805303	6000000015882956354
Q104805307	6000000046420840898
Q104805308	6000000178114048822
Q104805310	6000000019509894729
Q104805311	6000000024227100702
Q104805314	6000000017404136165
Q104805315	6000000081846708225
Q104805316	6000000060746410029
Q104805317	6000000067022166018
Q104805318	6000000067022414888
Q104805319	6000000067022279933
Q104805320	6000000083979330821
Q104805321	6000000010225307106
Q104805323	6000000020339806620
Q104805329	6000000041540222838
Q104805330	6000000076018277908
Q104805332	6000000041539786591
Q104805333	6000000076168385887
Q104805334	6000000027363597760
Q104805335	6000000086776906854
Q104805336	6000000015749977562
Q104805337	6000000018426923789
Q104805340	6000000028495845966
Q104805344	6000000034723359353
Q104805345	6000000090688825082
Q104805346	6000000047883980034
Q104805347	6000000108688551945
Q104805348	6000000108688299020
Q104805349	6000000108698163860
Q104805350	6000000108688439077
Q104805351	6000000037343009057
Q104805352	6000000031855567688
Q104805353	6000000082012549063
Q104805354	6000000082013105847
Q104805356	6000000016822831395
Q104805358	6000000016508403395
Q104805362	6000000016508286509
Q104805363	6000000021570790410
Q104805365	6000000197984221933
Q104805366	6000000197989716824
Q104805369	6000000060747097848
Q104805374	6000000029232584362
Q104805377	6000000040993869395
Q104805379	6000000040997737178
Q104805382	6000000080257516830
Q104805384	6000000070669626107
Q104805388	6000000082839496092
Q104805389	6000000026589442659
Q104805390	6000000042486280272
Q104805393	6000000194918945833
Q104805395	6000000204251378844
Q104805398	6000000206175179850
Q104805399	6000000015819862799
Q104805401	6000000204941112848
Q104805406	6000000030178252467
Q104805407	6000000030178700204
Q104805408	6000000030178685102
Q104805409	6000000030245948259
Q104805410	6000000030246118041
Q104805411	6000000042516203757
Q104805413	6000000020161853836
Q104805415	6000000030246235839
Q104805417	6000000040950290101
Q104805418	6000000046420840946
Q104805419	6000000016290389221
Q104805421	6000000021215894199
Q104805445	6000000030488301369
Q104805446	6000000209054128866
Q104805451	6000000163653783821
Q104805456	6000000173041279206
Q104805464	6000000091696197927
Q104805469	6000000024900761209
Q104805470	6000000043794441058
Q104805473	6000000001676158987
Q104805474	6000000070960958911
Q104805476	6000000012976970560
Q104805480	6000000136831693884
Q104805484	6000000147696883871
Q104805489	6000000029425267615
Q104805494	6000000035709123871
Q104805495	6000000081789649071
Q104805498	6000000018379661125
Q104805499	6000000018379510595
Q104805505	6000000024974704653
Q104805510	6000000007014468651
Q104805513	6000000017351736352
Q104805514	6000000012976955798
Q104805515	6000000027848496211
Q104805520	6000000187885244855
Q104805522	6000000045920965171
Q104805523	6000000215129454831
Q104805528	6000000191726645853
Q104805529	6000000032050864945
Q104805535	6000000070960255469
Q104805537	6000000002765250331
Q104805539	6000000084542545906
Q104805541	6000000136831068915
Q104805542	6000000004211148338
Q104805543	6000000004211148346
Q104805544	6000000018441852783
Q104805545	6000000048132929182
Q104805546	6000000048133352905
Q104805552	6000000017607014398
Q104805555	6000000017160947675
Q104805556	6000000038850598467
Q104805565	6000000027270454649
Q104805570	6000000095472449515
Q104805572	6000000014853275317
Q104805574	6000000031526144236
Q104805575	6000000031525954655
Q104805576	6000000177433073832
Q104805577	6000000080144329221
Q104805580	6000000033432137956
Q104805581	6000000026455264252
Q104805582	6000000037791793078
Q104805585	6000000037791825888
Q104805587	6000000017687019300
Q104805591	6000000028412696980
Q104805594	6000000062913945858
Q104805595	6000000174953358249
Q104805597	6000000174956194532
Q104805602	6000000147696628887
Q104805607	6000000183576569822
Q104805608	6000000030546317004
Q104805609	6000000182374623840
Q104805611	6000000141966546835
Q104805612	6000000018712441277
Q104805614	6000000141404541821
Q104805615	6000000020249198690
Q104805618	6000000032087111000
Q104805625	6000000028412645050
Q104805626	6000000027849194296
Q104805628	6000000105256245274
Q104805632	6000000188578314847
Q104805633	6000000012654543932
Q104805638	6000000182347175849
Q104805639	6000000148584027840
Q104805640	6000000034831966442
Q104805641	6000000182324276851
Q104805646	6000000027405006401
Q104805648	6000000022712713976
Q104805649	6000000035776425976
Q104805654	6000000176464810922
Q104805656	6000000002809449163
Q104805658	6000000025057271782
Q104805660	6000000083306888094
Q104805661	6000000034763641894
Q104805662	6000000183377602873
Q104805666	6000000117725452205
Q104805670	6000000025057328966
Q104805672	6000000028974973722
Q104805673	6000000028975503350
Q104805676	6000000114984535901
Q104805677	6000000081865462025
Q104805681	6000000005062612819
Q104805684	6000000079210151578
Q104805685	6000000079210379322
Q104805686	6000000035175536190
Q104805689	6000000071946506057
Q104805695	6000000016009930104
Q104805702	6000000139386505822
Q104805706	6000000056598021918
Q104805710	6000000193192815859
Q104805714	6000000139386222868
Q104805722	6000000033705810846
Q104805726	6000000028083930543
Q104805727	6000000033705862821
Q104805733	6000000047403418897
Q104805734	6000000047403165030
Q104805735	6000000186801534874
Q104805740	6000000054363627886
Q104805741	6000000092458674918
Q104805744	6000000208300170825
Q104805745	6000000045920596924
Q104805747	4164035681670068523
Q104805748	6000000082624276895
Q104805749	6000000037287187184
Q104805751	6000000178714858849
Q104805752	6000000045920273282
Q104805753	6000000045166495821
Q104805755	6000000031812392906
Q104805756	6000000172926741191
Q104805759	6000000208300748821
Q104805764	6000000046198419101
Q104805765	6000000173177509919
Q104805766	6000000037288374882
Q104805772	6000000021039241290
Q104805773	6000000013967810011
Q104805785	6000000214891963839
Q104805790	6000000040881052516
Q104805791	6000000190970239846
Q104805792	6000000175518500838
Q104805793	6000000190969470830
Q104805794	6000000040993549256
Q104805795	6000000190970160825
Q104805798	6000000008890076395
Q104805801	6000000074807744952
Q104805806	6000000040307637428
Q104805808	6000000038935896588
Q104805812	6000000025021809297
Q104805814	6000000025021807141
Q104805819	6000000185214076830
Q104805820	6000000185213858827
Q104805821	6000000207374348830
Q104805824	6000000172292079274
Q104805825	6000000172292686866
Q104805826	6000000082747632349
Q104805828	6000000115002181010
Q104805833	6000000043114286958
Q104805838	6000000083426596448
Q104805840	6000000073319931205
Q104805841	6000000083427113979
Q104805844	6000000073354437957
Q104805847	6000000083427227859
Q104805851	6000000033230895431
Q104805852	6000000033239861643
Q104805853	6000000077870535306
Q104805855	6000000203706202826
Q104805856	6000000203705658874
Q104805857	6000000167403899821
Q104805860	6000000167370403000
Q104805862	6000000010025181896
Q104805865	6000000010016405367
Q104805866	6000000010015598765
Q104805867	6000000010025970473
Q104805871	6000000193895379897
Q104805875	6000000056329303882
Q104805876	6000000056331003857
Q104805879	6000000178724118822
Q104805885	6000000112391986902
Q104805886	6000000079419614667
Q104805887	6000000053777881857
Q104805889	6000000079419830330
Q104805890	6000000014219735138
Q104805894	6000000048256661865
Q104805895	6000000048256098218
Q104805896	6000000033311576506
Q104805904	6000000007210024975
Q104805906	6000000009648852729
Q104805909	6000000130348848841
Q104805910	6000000022597146590
Q104805911	6000000031467019163
Q104805913	6000000031466722954
Q104805915	6000000036559351401
Q104805917	6000000050160774202
Q104805918	6000000036560198367
Q104805920	6000000072196830279
Q104805921	6000000196475867841
Q104805924	6000000187858766852
Q104805927	6000000041233214172
Q104805928	6000000040289499051
Q104805939	6000000040259591052
Q104805942	6000000149601392060
Q104805943	6000000210947780843
Q104805949	6000000181059742823
Q104805953	6000000039325926116
Q104805954	6000000040259724847
Q104805955	6000000015331647626
Q104805959	6000000083717136946
Q104805964	6000000210948389839
Q104805966	6000000001318174395
Q104805968	6000000029275247074
Q104805969	6000000001318174424
Q104805971	6000000201555949852
Q104805972	6000000031774295557
Q104805977	6000000187993750843
Q104805978	6000000187992988952
Q104805985	6000000017596178459
Q104805986	6000000197598596822
Q104805993	6000000024475729018
Q104805994	6000000199679210914
Q104805996	6000000091418928969
Q104806000	6000000192808813831
Q104806002	6000000078116580979
Q104806008	6000000155119241833
Q104806010	6000000146237993018
Q104806012	6000000099025768821
Q104806015	6000000199680478825
Q104806016	6000000163646489821
Q104806029	6000000046127819823
Q104806030	6000000210548197822
Q104806031	6000000210548240830
Q104806032	6000000031693228771
Q104806035	6000000077900951246
Q104806040	6000000020529737243
Q104806046	6000000065602945821
Q104806047	6000000202938524837
Q104806052	6000000113486923865
Q104806055	6000000025485246174
Q104806056	6000000138684598850
Q104806063	6000000200276685828
Q104806076	6000000062364670879
Q104806077	6000000062363475006
Q104806078	6000000008462715159
Q104806087	6000000023661182821
Q104806089	4145401193000034106
Q104806090	6000000096989360821
Q104806091	6000000014807004543
Q104806092	6000000011872744646
Q104806096	6000000033054121542
Q104806097	6000000033074362888
Q104806098	6000000033074375913
Q104806106	6000000033054431309
Q104806109	6000000045920750983
Q104806113	6000000045920518286
Q104806116	6000000182084077864
Q104806123	6000000018880841329
Q104806127	6000000124240464151
Q104806128	6000000124241392850
Q104806131	6000000179524641893
Q104806132	6000000176724291822
Q104806133	6000000196601683824
Q104806137	6000000188600634844
Q104806138	6000000039398124295
Q104806139	6000000031760567084
Q104806145	6000000195045090842
Q104806149	6000000020093283147
Q104806150	6000000011568691047
Q104806151	6000000174098607557
Q104806157	6000000183172362863
Q104806158	6000000216266693821
Q104806159	6000000082497813842
Q104806165	6000000046021192271
Q104806167	6000000121593752852
Q104806172	6000000205183401828
Q104806180	6000000166889769832
Q104806182	6000000175675684938
Q104806183	6000000109879651045
Q104806190	6000000040308409415
Q104806192	6000000169292926884
Q104806196	6000000027541076103
Q104806198	6000000176152565823
Q104806202	6000000175676049922
Q104806207	6000000145973565998
Q104806208	6000000145973924842
Q104806209	6000000121593535891
Q104806214	6000000213887701821
Q104806216	6000000000626518959
Q104806219	6000000020760841117
Q104806220	6000000012943430783
Q104806221	6000000161368371854
Q104806222	6000000020761338480
Q104806223	6000000020761455922
Q104806271	6000000058976341469
Q104806272	6000000037108574872
Q104806273	6000000078779695177
Q104806275	6000000082724601080
Q104806277	5294053150880075604
Q104806278	6000000175970530822
Q104806281	6000000023320796460
Q104806282	6000000023320936821
Q104806283	6000000009330754270
Q104806289	6000000023774023250
Q104806295	6000000041673990846
Q104806300	6000000077229177867
Q104806302	6000000183421982850
Q104806303	6000000097027186821
Q104806310	6000000146724807198
Q104806311	6000000077232313685
Q104806312	6000000185842955874
Q104806316	6000000146735823034
Q104806319	6000000169019138959
Q104806324	6000000006808919863
Q104806328	6000000107692363839
Q104806329	6000000107690729961
Q104806334	6000000061713235951
Q104806337	6000000184977160823
Q104806339	6000000084882243918
Q104806348	6000000030318665655
Q104806351	6000000015173338563
Q104806352	6000000027404028470
Q104806353	6000000107628266881
Q104806356	6000000184965953851
Q104806362	6000000079563485833
Q104806367	6000000193921075863
Q104806377	6000000084881207023
Q104806379	6000000146725776987
Q104806380	6000000213374714842
Q104806381	6000000065754064868
Q104806382	6000000003048805859
Q104806389	6000000160341606821
Q104806391	6000000078032866069
Q104806394	6000000079105057795
Q104806398	6000000045920962135
Q104806401	6000000045921012129
Q104806402	6000000019139098180
Q104806419	6000000176733967136
Q104806425	6000000042245385911
Q104806431	6000000208728019822
Q104806433	6000000196796052856
Q104806437	6000000089339727889
Q104806438	6000000193856040847
Q104806440	6000000038342389679
Q104806447	6000000026829968994
Q104806449	6000000202376111827
Q104806457	6000000139390549848
Q104806464	6000000202866391889
Q104806466	6000000202865761875
Q104806470	6000000202865380920
Q104806473	6000000133995818015
Q104806475	6000000207400986825
Q104806485	6000000048178035894
Q104806486	6000000182830486824
Q104806494	6000000186923182885
Q104806497	6000000039644290048
Q104806506	6000000166131848821
Q104806508	6000000055016675992
Q104806509	6000000041125347192
Q104806516	6000000048177827072
Q104806521	6000000181099390835
Q104806522	6000000179514456837
Q104806535	6000000074656313924
Q104806549	6000000188068081828
Q104806555	6000000140725436080
Q104806557	6000000213958009823
Q104806558	6000000061824144828
Q104806560	6000000038737756510
Q104806561	6000000031747108012
Q104806570	6000000039656168000
Q104806575	6000000179398485835
Q104806577	6000000080825221206
Q104806581	6000000053075265867
Q104806583	6000000036798735841
Q104806584	6000000025557129176
Q104806586	6000000080826251954
Q104806589	6000000204640490846
Q104806590	6000000204640498850
Q104806594	6000000059379707904
Q104806596	6000000026767545992
Q104806597	6000000136308764863
Q104806603	6000000195140579945
Q104806612	6000000007244161040
Q104806614	6000000008275930964
Q104806624	6000000056460033111
Q104806626	6000000026814835377
Q104806627	6000000007244392220
Q104806636	6000000078054195950
Q104806641	6000000182951441857
Q104806643	6000000013182703648
Q104806650	6000000066469246821
Q104806651	6000000020547522105
Q104806652	6000000021001402129
Q104806658	6000000022797530845
Q104806660	6000000176465085859
Q104806669	6000000195486381821
Q104806671	6000000147777214840
Q104806674	6000000066868156847
Q104806675	6000000076245728061
Q104806676	6000000176121259832
Q104806677	6000000008891293817
Q104806679	6000000181414807849
Q104806680	6000000174122200857
Q104806683	6000000166416339961
Q104806686	6000000147776184986
Q104806690	6000000172861980906
Q104806691	6000000199271174821
Q104806696	6000000066867878877
Q104806698	6000000144673568823
Q104806704	6000000174252352876
Q104806705	6000000043088205099
Q104806713	6000000172859363555
Q104806727	6000000076248954845
Q104806734	6000000033760191259
Q104806743	6000000041150471852
Q104806750	6000000174250385495
Q104806753	6000000052282045026
Q104806757	6000000041057635903
Q104806760	6000000179623495821
Q104806763	6000000179719508823
Q104806765	6000000040107275365
Q104806771	6000000213953213824
Q104806772	6000000200295094849
Q104806776	6000000186381565833
Q104806780	6000000188627314847
Q104806782	6000000175660835852
Q104806785	6000000078667776278
Q104806795	6000000162471360843
Q104806796	6000000202504342848
Q104806809	6000000055807046979
Q104806812	6000000200980595852
Q104806814	6000000112153610821
Q104806816	6000000009680863082
Q104806820	6000000200294887871
Q104806821	6000000003401089771
Q104806823	6000000177514730822
Q104806837	6000000125195823991
Q104806839	6000000125195814997
Q104806842	6000000022552632885
Q104806844	6000000020152116923
Q104806845	6000000075480542058
Q104806848	6000000031978956028
Q104806849	6000000026520970930
Q104806850	6000000186932384852
Q104806851	6000000002922773037
Q104806853	6000000210767489843
Q104806854	6000000035016570686
Q104806855	6000000151526156001
Q104806856	6000000031595863135
Q104806859	6000000022200572549
Q104806861	6000000077190018913
Q104806863	6000000067247823821
Q104806864	6000000200266340838
Q104806865	6000000048476145296
Q104806866	6000000078059044836
Q104806869	6000000002176824025
Q104806870	6000000160446790865
Q104806873	6000000180580124839
Q104806881	6000000172119431140
Q104806883	6000000080255486940
Q104806889	6000000002176630206
Q104806900	6000000045954173007
Q104806903	6000000199451653928
Q104806918	6000000204688688836
Q104806926	6000000188605493823
Q104806929	6000000026893353181
Q104806936	6000000054307610951
Q104806946	6000000074277648898
Q104806947	6000000189402036888
Q104806952	6000000105425359947
Q104806954	6000000075044353902
Q104806959	6000000195662219889
Q104806960	6000000182138186876
Q104806961	6000000078161003876
Q104806988	6000000039051044354
Q104806990	6000000116405819949
Q104806991	6000000018251623528
Q104806992	6000000201813137847
Q104806994	6000000200546105836
Q104806995	6000000200544062821
Q104806996	6000000200549955847
Q1048070	6000000029999912320
Q104807000	6000000210998484823
Q104807001	6000000211414025822
Q104807003	6000000211058879869
Q104807004	6000000200400611837
Q104807007	6000000078530233233
Q104807008	6000000187605480935
Q104807012	6000000008426201013
Q104807013	6000000202845965864
Q104807014	6000000202842306870
Q104807016	6000000208835087828
Q104807019	6000000196815926822
Q104807021	6000000097986067821
Q104807025	6000000168828845014
Q104807028	6000000001505457585
Q104807031	6000000186143564939
Q104807032	6000000197587586904
Q104807039	6000000037049730069
Q104807041	6000000082009947561
Q104807056	6000000116766342842
Q104807057	6000000066565210061
Q104807064	6000000066565324864
Q104807069	6000000194720336843
Q104807070	6000000207892729821
Q104807077	6000000170844959822
Q104807080	6000000066957527821
Q104807085	6000000021250005803
Q104807086	6000000042294382004
Q104807089	6000000191869934849
Q104807101	6000000172373551888
Q104807102	3466948
Q104807103	6000000172373468936
Q104807106	6000000195861133832
Q104807113	6000000182264090018
Q104807114	6000000182267778823
Q104807116	6000000204937636892
Q104807117	6000000017298983102
Q104807120	6000000007279232746
Q104807121	6000000076906177871
Q104807122	6000000036754479129
Q104807123	6000000033974646945
Q104807125	6000000003850246583
Q104807128	6000000110482567877
Q104807129	6000000033974923883
Q104807130	6000000188006618821
Q104807131	6000000205573581824
Q104807133	6000000036754335039
Q104807135	6000000082497785852
Q104807136	6000000185260431855
Q104807137	6000000033974598489
Q104807140	6000000050125474839
Q104807142	6000000042646064836
Q104807146	6000000184850823872
Q104807148	6000000099959282980
Q104807153	6000000184824785832
Q104807161	6000000077843933144
Q104807165	6000000208699780836
Q104807166	6000000099962406822
Q104807169	6000000012706623263
Q104807170	6000000205573353864
Q104807174	6000000041924510626
Q104807175	6000000185260463839
Q104807177	6000000077844594865
Q104807178	6000000184859098821
Q104807180	6000000033974294289
Q104807181	6000000184740173869
Q104807182	6000000188009018840
Q104807183	6000000037183058127
Q104807187	286002365730001222
Q104807188	6000000027256108158
Q104807189	6000000027275122197
Q104807191	6000000084171355120
Q104807192	6000000027255492956
Q104807193	6000000027256112281
Q104807194	6000000027275160556
Q104807202	6000000080708725834
Q104807203	6000000028146672884
Q104807208	6000000015208472097
Q104807211	6000000078263470982
Q104807213	6000000016688808848
Q104807215	6000000015208093324
Q104807217	6000000091500928171
Q104807218	6000000210010588821
Q104807224	6000000199042709821
Q104807225	6000000199051313832
Q104807226	6000000199051122842
Q104807228	6000000084395317973
Q104807232	6000000051284281006
Q104807233	6000000183306324873
Q104807236	6000000080248069935
Q104807237	6000000098216123831
Q104807238	6000000016444000223
Q104807239	6000000080247986034
Q104807240	314941803320001580
Q104807241	6000000105218343049
Q104807243	6000000033646775117
Q104807244	6000000049830557939
Q104807245	6000000006813104441
Q104807248	6000000174742029844
Q104807251	6000000204956431894
Q104807255	6000000108357786901
Q104807258	6000000091815699868
Q104807261	6000000047626688883
Q104807262	6000000051284320872
Q104807264	6000000186384216826
Q104807267	6000000016443677856
Q104807269	6000000173560247645
Q104807270	6000000041165261828
Q104807271	6000000184491115922
Q104807279	6000000084395555848
Q104807281	6000000016443782430
Q104807282	6000000024628711257
Q104807285	6000000166874621540
Q104807286	6000000109640956850
Q104807289	6000000186384281832
Q104807290	6000000183295283849
Q104807293	6000000057571617844
Q104807294	6000000166987752821
Q104807295	6000000017055805592
Q104807298	6000000016443875264
Q104807299	6000000091814270280
Q104807301	6000000178496446065
Q104807302	6000000184493881879
Q104807304	6000000173734584938
Q104807307	6000000006815403551
Q104807317	6000000186226457993
Q104807319	6000000006571016797
Q104807320	6000000006714577336
Q104807321	6000000006572975246
Q104807322	6000000006586717184
Q104807326	6000000210744675865
Q104807334	6000000189734309834
Q104807336	6000000077117564014
Q104807338	6000000002802988309
Q104807340	6000000030159856254
Q104807341	6000000030159971043
Q104807343	6000000035622575266
Q104807344	6000000056420137881
Q104807345	6000000130530743885
Q104807346	6000000068916572841
Q104807347	6000000120097957889
Q104807348	6000000083953690190
Q104807350	6000000007847059399
Q104807351	6000000006734457196
Q104807352	6000000083957392918
Q104807362	6000000031721355949
Q104807363	6000000047516924402
Q104807364	6000000055623361080
Q104807365	6000000201150292841
Q104807368	6000000176379331827
Q104807370	6000000176377743881
Q104807375	6000000090040649862
Q104807376	6000000027018935549
Q104807377	6000000036373161641
Q104807378	6000000195365780823
Q104807379	6000000195365536849
Q104807380	6000000195370324822
Q104807382	6000000043659565992
Q104807387	6000000199054819845
Q104807388	6000000072528774872
Q104807389	6000000031732546809
Q104807390	6000000202564262828
Q104807391	6000000069459940833
Q104807399	6000000202984157831
Q104807404	6000000008426183195
Q104807405	6000000185977975977
Q104807406	6000000121640866949
Q104807408	6000000024170965736
Q104807409	6000000008192075086
Q104807410	6000000008192258167
Q104807411	6000000008191997044
Q104807415	6000000103904934893
Q104807418	6000000209806081821
Q104807420	6000000202819457870
Q104807424	6000000178111905844
Q104807426	5652093672530072117
Q104807427	6000000200276978822
Q104807434	6000000195493359847
Q104807435	6000000041285069088
Q104807439	6000000186243462215
Q104807440	6000000186244105004
Q104807441	6000000186234334926
Q104807444	4460685246090081565
Q104807445	4460421496660054292
Q104807446	6000000033015463295
Q104807447	6000000033018996025
Q104807448	6000000035901263867
Q104807451	6000000202338187830
Q104807453	6000000172504663135
Q104807454	6000000105189219911
Q104807455	6000000193474150847
Q104807456	6000000193468158863
Q104807457	6000000193472638839
Q104807458	6000000202336286859
Q104807459	6000000202338497956
Q104807460	6000000054023901014
Q104807463	6000000193517245846
Q104807464	6000000186228967848
Q104807465	6000000078101840468
Q104807468	6000000090689951852
Q104807469	6000000090686820652
Q104807471	6000000041836742048
Q104807480	6000000028102553993
Q104807481	6000000009335847097
Q104807483	6000000081852896470
Q104807486	6000000201269385889
Q104807490	6000000039250509923
Q104807492	6000000024764322194
Q104807494	6000000080743763661
Q104807500	6000000079755362821
Q104807509	6000000080752242291
Q104807510	6000000013603980801
Q104807513	6000000027060523569
Q104807514	6000000205072703856
Q104807519	6000000080752092562
Q104807521	6000000196757430861
Q104807522	6000000171982461963
Q104807525	6000000132396001308
Q104807530	6000000006103646744
Q104807531	6000000205209345823
Q104807534	6000000180049729895
Q104807535	6000000036952893430
Q104807536	6000000188208343959
Q104807537	6000000209760768842
Q104807539	6000000033409666858
Q104807545	6000000044614621821
Q104807546	6000000003062838070
Q104807548	6000000033409277027
Q104807550	6000000080744223903
Q104807551	6000000005904371027
Q104807558	6000000006801897043
Q104807559	6000000051498498960
Q104807561	6000000164907755058
Q104807563	6000000135826422127
Q104807564	6000000078755066620
Q104807566	6000000076250649985
Q104807569	6000000000061308106
Q104807574	372842159950007768
Q104807576	6000000113518439118
Q104807578	6000000178533973957
Q104807579	6000000009341803585
Q104807580	6000000206124132935
Q104807583	6000000197800904916
Q104807584	6000000036249722989
Q104807586	6000000178869142841
Q104807587	6000000064642728552
Q104807589	6000000046085060892
Q104807590	6000000178868774867
Q104807594	6000000127091332859
Q104807595	6000000028832510893
Q104807596	6000000064641742217
Q104807598	6000000010389759534
Q104807601	6000000013605356574
Q104807608	6000000168566658827
Q104807610	6000000037039295245
Q104807616	6000000001332573118
Q104807621	6000000027648866037
Q104807622	6000000006801898019
Q104807623	6000000073965165929
Q104807627	6000000196524905857
Q104807629	6000000080744965050
Q104807631	6000000078755459504
Q104807632	6000000051600051219
Q104807637	6000000045954922113
Q104807640	6000000007311797758
Q104807643	6000000178533710822
Q104807644	6000000033600355001
Q104807646	6000000051497805499
Q104807648	6000000076250755018
Q104807649	6000000037039008776
Q104807653	6000000003062838076
Q104807654	6000000081853248151
Q104807659	6000000180996583826
Q104807661	6000000054261114839
Q104807664	6000000178534906144
Q104807667	6000000069959752862
Q104807669	6000000057905803047
Q104807670	6000000005793206126
Q104807671	4678846724630063328
Q104807674	6000000183253563903
Q104807677	6000000028831928379
Q104807680	6000000014769022301
Q104807685	6000000205255303823
Q104807687	6000000036953403968
Q104807692	6000000013656483409
Q104807698	6000000026326802705
Q104807699	6000000004590183018
Q104807703	6000000082575968932
Q104807707	4576078634730082644
Q104807710	6000000080744087569
Q104807712	6000000040259453843
Q104807713	6000000127091082821
Q104807715	6000000080531736706
Q104807723	6000000201269720846
Q104807728	6000000036952943678
Q104807740	6000000035665657160
Q104807742	6000000090858710296
Q104807744	6000000046269894843
Q104807747	6000000035103615130
Q104807750	6000000063718214879
Q104807752	6000000035666219194
Q104807754	6000000018855351568
Q104807755	6000000011970709756
Q104807756	6000000035103602569
Q104807757	6000000202129924829
Q104807761	6000000193593832833
Q104807762	6000000034952119027
Q104807763	6000000010119036113
Q104807765	6000000193593902822
Q104807768	6000000035103594670
Q104807773	6000000018649069042
Q104807774	6000000001576346978
Q104807776	6000000114451075847
Q104807784	6000000063717679103
Q104807785	6000000114459399874
Q104807788	6000000186044197360
Q104807789	6000000052496973631
Q104807794	6000000189229302821
Q104807795	6000000131326134114
Q104807796	6000000001335748229
Q104807801	6000000052887077060
Q104807802	6000000031301947081
Q104807804	6000000045127854868
Q104807805	6000000026041061948
Q104807806	6000000026040669146
Q104807807	6000000026040704252
Q104807808	6000000045127561944
Q104807818	6000000036769340200
Q104807822	6000000173556266670
Q104807824	6000000200666251921
Q104807832	6000000028242224626
Q104807834	6000000188922134839
Q104807837	6000000047144731833
Q104807838	6000000124781522931
Q104807839	6000000101446486964
Q104807847	6000000210581032825
Q104807852	6000000076227972073
Q104807854	6000000200301751841
Q104807858	6000000177054611822
Q104807861	6000000057470069025
Q104807863	6000000206373067864
Q104807865	6000000068794583823
Q104807876	6000000205168683867
Q104807878	6000000205170021919
Q104807884	6000000179989616821
Q104807887	6000000018712498554
Q104807894	6000000184805747870
Q104807898	6000000068918421119
Q104807901	6000000019325246106
Q104807904	6000000028121099142
Q104807905	6000000018740588091
Q104807908	6000000018747422372
Q104807909	6000000018747382327
Q104807910	6000000017086643544
Q104807913	6000000018747778885
Q104807915	6000000018740573127
Q104807916	6000000018747157534
Q104807923	6000000001359200831
Q104807927	6000000081914569421
Q104807929	6000000211972906824
Q104807939	6000000190778135823
Q104807940	6000000215867581864
Q104807943	6000000078641145501
Q104807947	6000000215065694822
Q104807948	6000000033842169731
Q104807951	6000000078641833915
Q104807955	6000000180953241837
Q104807957	6000000125323646968
Q104807962	6000000044937415841
Q104807963	6000000184806563821
Q104807969	6000000178533710828
Q104807970	6000000176374247891
Q104807974	6000000020787072341
Q104807975	6000000185973515306
Q104807980	6000000124940876838
Q104807988	6000000188608717855
Q104807995	6000000174252342892
Q104807996	6000000111472448864
Q104807997	6000000199456626836
Q104807998	6000000186933158822
Q104808000	6000000004590103081
Q104808001	6000000023583476285
Q104808002	6000000182487442824
Q104808003	6000000167848708832
Q104808007	6000000034261466783
Q104808011	6000000056879007186
Q104808013	6000000020422472282
Q104808018	6000000199463392830
Q104808023	6000000115186830867
Q104808032	6000000028475030167
Q104808044	6000000050265115473
Q104808050	6000000006714711257
Q104808055	6000000171982461953
Q104808061	6000000166411295891
Q104808069	6000000183832807824
Q104808078	6000000027894317717
Q104808080	6000000041099499998
Q104808085	6000000113561830847
Q104808086	6000000033230520694
Q104808091	6000000046421590863
Q104808095	6000000033760359952
Q104808096	6000000135827250934
Q104808098	6000000055806185438
Q104808108	6000000106167977851
Q104808112	6000000041146692073
Q104808116	6000000039545985998
Q104808117	6000000115185880822
Q104808121	6000000178533973945
Q104808125	6000000158103634847
Q104808127	6000000162554785821
Q104808130	6000000186213921942
Q104808135	6000000006811152071
Q104808137	6000000105507430879
Q104808138	6000000105507723835
Q104808142	6000000186234690994
Q104808149	6000000174584477899
Q104808153	6000000215029467841
Q104808156	6000000031088570363
Q104808160	6000000006374281745
Q104808165	6000000052972920823
Q104808167	6000000019324852781
Q104808169	6000000009927800454
Q104808170	6000000194939830909
Q104808174	6000000012995181290
Q104808176	6000000206175220852
Q104808177	6000000010811229195
Q104808178	6000000129439176999
Q104808179	6000000129439462884
Q104808182	6000000077509353737
Q104808183	6000000033333376051
Q104808184	6000000085763673876
Q104808185	6000000186111766899
Q104808186	6000000186111937842
Q104808187	6000000043163092086
Q104808188	6000000043163372822
Q104808192	6000000010363654221
Q104808197	6000000022553655198
Q104808198	6000000025781706523
Q1048082	6000000042816978232
Q104808200	6000000025781694407
Q104808201	6000000142099667881
Q104808205	6000000046701014258
Q104808211	6000000130600336821
Q104808213	6000000017223237078
Q104808215	6000000012712116262
Q104808216	6000000034568198932
Q104808217	6000000025695407683
Q104808218	6000000007204649254
Q104808220	6000000188499362875
Q104808223	6000000185929591938
Q104808225	6000000078625346411
Q104808241	6000000010529169847
Q104808247	6000000033233838061
Q104808253	6000000083835082897
Q104808257	6000000069836534948
Q104808258	6000000069835773208
Q104808262	6000000185784272825
Q104808265	6000000184991688894
Q104808268	6000000026552236484
Q104808273	6000000178414888830
Q104808276	6000000046701248110
Q104808277	6000000021606146875
Q104808278	6000000036428311121
Q104808280	6000000202496489826
Q104808290	6000000042091782930
Q1048083	6000000058409607853
Q104808302	6000000173399717838
Q104808303	6000000042091590392
Q104808304	6000000129462068821
Q104808307	6000000020435992162
Q104808313	6000000016015512221
Q104808316	6000000063316394959
Q104808320	6000000209700303878
Q104808321	6000000191305020874
Q104808322	6000000191305095844
Q104808328	6000000196140629824
Q104808334	6000000203365575828
Q104808335	6000000021255570499
Q104808336	6000000145516582142
Q104808337	6000000145516289907
Q104808338	6000000154883944823
Q104808341	6000000142180087866
Q104808362	6000000025541429576
Q104808364	6000000025541429570
Q104808365	6000000064194625933
Q104808366	6000000014397329310
Q104808367	6000000024987548513
Q104808368	6000000026257455827
Q104808369	6000000021641916472
Q104808371	6000000083435574777
Q104808376	6000000023189517310
Q104808382	6000000085741170985
Q104808384	6000000040579321516
Q104808388	6000000006761055481
Q104808393	6000000062246324821
Q104808394	6000000046504298213
Q104808398	6000000047779990274
Q104808399	6000000058824623072
Q104808400	6000000175436020474
Q104808408	6000000196490243821
Q104808409	6000000023514904671
Q104808410	6000000020691824930
Q104808411	6000000010894247170
Q104808412	6000000010894247174
Q104808414	6000000025791576817
Q104808415	6000000020691936902
Q104808418	6000000010761943360
Q104808419	6000000034776111007
Q104808420	6000000175267029859
Q104808427	6000000044630107834
Q104808428	6000000044629202848
Q104808429	6000000040778169092
Q104808430	6000000044630148837
Q104808435	6000000193702473884
Q104808436	6000000031920572675
Q104808443	6000000196655074862
Q104808448	6000000209341410877
Q104808450	6000000209341068828
Q104808451	6000000209340898850
Q104808452	6000000039329341695
Q104808453	6000000018212925015
Q104808459	6000000017487840832
Q104808460	6000000198139311841
Q104808462	6000000066766517860
Q104808463	6000000048617565867
Q104808464	6000000048617542874
Q104808468	6000000023353574828
Q104808471	6000000036605577807
Q104808472	6000000036605968550
Q104808475	6000000036606424022
Q104808478	6000000016822603720
Q104808486	6000000020908367269
Q104808487	6000000033328998617
Q104808488	6000000017173175511
Q104808491	6000000099613753036
Q104808493	6000000060317652860
Q104808494	6000000060317886822
Q104808495	6000000135637200931
Q104808496	6000000135637603821
Q104808497	6000000013245252458
Q104808498	6000000018023694615
Q104808505	6000000084000085543
Q104808506	6000000015370733635
Q104808508	6000000014137360028
Q104808514	6000000207219858855
Q104808515	6000000083818902089
Q104808522	6000000173212958320
Q104808526	6000000082023105219
Q104808528	6000000011433487250
Q104808530	6000000141066182948
Q104808532	6000000207220177828
Q104808533	6000000024978914328
Q104808536	6000000035168994620
Q104808538	6000000007210666341
Q104808553	6000000017487542596
Q104808557	6000000007852034229
Q104808560	6000000188972714877
Q104808561	6000000188973707821
Q104808563	6000000015385429023
Q104808564	6000000022554297296
Q104808565	6000000015819523443
Q104808581	6000000021018012929
Q104808582	6000000021016985150
Q104808584	6000000031897492732
Q104808585	6000000017168590927
Q104808592	6000000011388579308
Q104808593	6000000078320470104
Q104808595	6000000056876588928
Q104808596	6000000161518974847
Q104808598	6000000019981555282
Q104808599	6000000036539267091
Q104808600	6000000034601481806
Q104808601	6000000013260010955
Q104808608	6000000037543477063
Q104808613	6000000023532069303
Q104808614	6000000047050170542
Q104808623	6000000038659177047
Q104808624	6000000187230342833
Q104808625	6000000021179738967
Q104808626	6000000021179764912
Q104808631	6000000010876302682
Q104808632	6000000024913883478
Q104808633	6000000024914244130
Q104808639	6000000017857270069
Q104808640	6000000069025584822
Q104808641	6000000024252189061
Q104808648	6000000042694104323
Q104808650	6000000042694633337
Q104808665	6000000136086272825
Q104808666	6000000076119550003
Q104808667	6000000076119387119
Q104808668	6000000031623306742
Q104808670	6000000049830232067
Q104808671	6000000010801847843
Q104808674	6000000019117650364
Q104808679	6000000004153250483
Q104808680	6000000176551159886
Q104808681	6000000003032200265
Q104808684	6000000042531326316
Q104808685	6000000010011809450
Q104808686	6000000010011310169
Q104808688	6000000030552809229
Q104808692	6000000024983456838
Q104808696	6000000061733563977
Q104808712	6000000080764010744
Q104808714	6000000025154617515
Q104808782	6000000030188997111
Q104808793	6000000082522382002
Q104808806	6000000017488897973
Q104808816	6000000020907737530
Q104808818	6000000101314456918
Q104808824	6000000034605688234
Q104808825	6000000074692315164
Q104808827	6000000014485986072
Q104808829	6000000002033975960
Q104808832	6000000148089541463
Q104808833	6000000014486231001
Q104808834	6000000014485986040
Q104808836	6000000195052015827
Q104808843	6000000195052520872
Q104808855	6000000002350492254
Q1048089	6000000115330735845
Q104808966	6000000028708158951
Q104808969	6000000077230286415
Q104808970	6000000028707987605
Q104808973	6000000078045180346
Q104808978	6000000031502318647
Q104808989	6000000026521735056
Q104808990	6000000026522451261
Q104808992	6000000026522772921
Q104808993	6000000026522985823
Q104808995	6000000024247919972
Q104808996	6000000026522163737
Q104808999	6000000024247413672
Q104809000	6000000024247565397
Q104809001	6000000016528762905
Q104809003	6000000086788744854
Q104809009	6000000084460011877
Q104809011	6000000077509840270
Q104809012	6000000006271261457
Q104809014	6000000077580331058
Q104809017	6000000006271261519
Q104809018	6000000035651384629
Q104809019	6000000034422828038
Q104809020	6000000009827669037
Q104809021	6000000077494335007
Q104809022	6000000086785905207
Q104809023	6000000077580136992
Q104809024	6000000077493269163
Q104809025	6000000077493973266
Q104809032	6000000077143826426
Q104809036	6000000179062157854
Q104809041	6000000121239708847
Q104809042	6000000041856616398
Q104809045	6000000029445150672
Q104809083	6000000125411087984
Q104809087	6000000085119033598
Q104809088	6000000088573030821
Q104809092	6000000085118449040
Q104809097	6000000029445608072
Q104809103	6000000125407909862
Q104809105	6000000029446013026
Q104809108	6000000088662184940
Q104809111	6000000125411878894
Q104809119	6000000126821348821
Q104809120	6000000101347508121
Q104809122	6000000070859536840
Q104809123	6000000070888649821
Q104809124	6000000101351166215
Q104809125	6000000101353007909
Q104809127	6000000070887529889
Q104809128	6000000070859486844
Q104809131	5652087816370072412
Q104809133	6000000047051885865
Q104809135	6000000033775116539
Q104809136	6000000034723710231
Q104809138	6000000040771319238
Q104809140	6000000032248995271
Q104809144	6000000046369141858
Q104809146	6000000058729266916
Q104809152	6000000176329596860
Q104809153	6000000033195507356
Q104809154	6000000058729207434
Q104809155	6000000042534539517
Q104809156	6000000032627155954
Q104809157	6000000079411173062
Q104809160	6000000017698480198
Q104809166	5652096535260045489
Q104809171	6000000034724869841
Q104809173	6000000033832939479
Q104809178	5652099154850138107
Q104809184	6000000010375878544
Q104809187	6000000138137372850
Q104809190	6000000014416313315
Q104809201	6000000200610439845
Q104809212	6000000091119652938
Q104809218	6000000102383718835
Q104809221	6000000033260791218
Q104809225	6000000033261033902
Q104809228	6000000176779182889
Q104809231	6000000113297385869
Q104809252	6000000014485580291
Q104809261	6000000182794015918
Q104809268	6000000017588411375
Q104809308	6000000132522527008
Q104809327	6000000132526174821
Q104809356	6000000071886747157
Q104809393	6000000017328922190
Q104809396	6000000006727862455
Q104809401	6000000011221602120
Q104809457	6000000011309412773
Q104809470	6000000011221540050
Q104809519	6000000195501731837
Q104809523	6000000045143121821
Q104809528	6000000132525415821
Q104809544	6000000111409704833
Q104809554	6000000175551113836
Q104809560	6000000172274475137
Q104809565	6000000020245741128
Q104809569	6000000195501860823
Q104809582	6000000051003508828
Q104809586	6000000041188727325
Q104809590	6000000051003697857
Q104809594	6000000045143034864
Q104809602	6000000001343240389
Q104809606	6000000001311612354
Q104809610	6000000216545590827
Q104809623	6000000068966414859
Q104809627	6000000068965960214
Q104809631	6000000068966254919
Q104809635	6000000070305313193
Q104809647	6000000083246272148
Q104809651	6000000068966341997
Q104809655	6000000083246000196
Q104809659	6000000146750359823
Q104809664	6000000083246145110
Q104809678	6000000025239166602
Q104809682	6000000024364750328
Q104809687	6000000194031032842
Q104809691	6000000038948513844
Q104809699	6000000038947425229
Q104809703	6000000104661038197
Q104809707	6000000021303464977
Q104809711	6000000046452439214
Q104809719	6000000046452693036
Q104809756	6000000009369543227
Q104809760	6000000069699899910
Q104809773	6000000015411440941
Q104809779	6000000032363893027
Q104809785	6000000069698337153
Q104809798	6000000018211767250
Q104809812	6000000087086880895
Q104809836	6000000069699108054
Q104809840	6000000044339181828
Q104809882	6000000016615518697
Q104809890	6000000175306956041
Q104809908	6000000174092709903
Q104809912	6000000039781018959
Q104809922	6000000047063350183
Q104809926	6000000003509863842
Q104809941	6000000003582880681
Q104809948	6000000214101860852
Q104809961	6000000194044372844
Q104809998	6000000003480192309
Q104810010	6000000127193850837
Q104810018	6000000179657786834
Q104810019	6000000024712746952
Q104810020	6000000001634668425
Q104810028	6000000099901183821
Q104810029	6000000034262068181
Q104810032	6000000003113952307
Q104810034	6000000041227210466
Q104810045	6000000037093961471
Q104810047	6000000022603165074
Q104810050	6000000078060638042
Q104810053	6000000127189211821
Q104810059	6000000117161740848
Q104810062	6000000130578018846
Q104810067	6000000015774371190
Q104810072	6000000083070871547
Q104810080	6000000099898093825
Q104810083	6000000130576693952
Q104810086	6000000099811133821
Q104810091	6000000117162734821
Q104810094	6000000099896060831
Q104810095	6000000185691663250
Q104810099	6000000127187869963
Q104810101	6000000016615710080
Q104810105	6000000134990573904
Q104810112	6000000024541562190
Q104810113	6000000149995849858
Q104810117	6000000178103785823
Q104810120	6000000034261868578
Q104810124	6000000190526190829
Q104810126	6000000083071293322
Q104810135	6000000108882421840
Q104810139	6000000024900758100
Q104810141	6000000130577145907
Q104810146	6000000076296726879
Q104810148	6000000099899733835
Q104810149	6000000038468918217
Q104810160	6000000012940999342
Q104810161	6000000076921813074
Q104810162	6000000015657894119
Q104810164	6000000076921293245
Q104810166	6000000188431332834
Q104810171	6000000012940322908
Q104810177	6000000047049870503
Q104810179	6000000019786401825
Q104810183	6000000187457678823
Q104810188	6000000017972482206
Q104810190	6000000076920726293
Q104810192	6000000130576673857
Q104810196	6000000079178884557
Q104810198	6000000019021961884
Q104810206	6000000205680351843
Q104810210	6000000060279756951
Q104810211	6000000079183046870
Q104810212	6000000156956873831
Q104810215	6000000024236265967
Q104810217	6000000011663392809
Q104810221	6000000004251719232
Q104810224	6000000002914199049
Q104810226	6000000070921877834
Q104810227	6000000059873485164
Q104810229	6000000084445095201
Q104810262	6000000018165320120
Q104810264	6000000024903593970
Q104810266	6000000018164441188
Q104810267	6000000081538764895
Q104810270	6000000077104677885
Q104810283	6000000077104429873
Q104810290	6000000180814956821
Q104810294	6000000180814458835
Q104810299	6000000180814876824
Q104810306	6000000042730324366
Q104810320	6000000122767280931
Q104810333	6000000011523962470
Q104810336	6000000025968499621
Q104810341	6000000122767419844
Q104810372	6000000066461769997
Q104810373	6000000151694389879
Q104810375	6000000016886422178
Q104810376	6000000017548175717
Q104810378	6000000013428848764
Q104810379	6000000014063025764
Q104810380	6000000041444257475
Q104810381	6000000087420330954
Q104810382	6000000188994924871
Q104810383	6000000188995216849
Q104810385	6000000016886392707
Q104810386	5078502523630030993
Q104810387	6000000017548149835
Q104810389	6000000087421132136
Q104810390	6000000077513177653
Q104810391	6000000037295475879
Q104810397	6000000018224158963
Q104810398	6000000066461511834
Q104810400	6000000066467670874
Q104810403	6000000032192327191
Q104810404	6000000032192148314
Q104810406	6000000066461345880
Q104810409	6000000080816174979
Q104810411	6000000066460555870
Q104810412	6000000182821737826
Q104810414	5071140512060103887
Q104810416	6000000037490018109
Q104810418	6000000016908492875
Q104810423	6000000176691676007
Q104810429	6000000198007777822
Q104810433	6000000176695461850
Q104810447	6000000118579668020
Q104810457	6000000194067684827
Q104810458	6000000118580072853
Q104810461	6000000052809661851
Q104810462	6000000164268939699
Q104810463	6000000070687365038
Q104810464	6000000015636134907
Q104810465	6000000136530830952
Q104810468	6000000023155839861
Q104810474	6000000194088892831
Q104810475	6000000052493647437
Q104810481	6000000000630400157
Q104810484	6000000043226085008
Q104810485	6000000052103480924
Q104810494	6000000052608227821
Q104810495	6000000009045823304
Q104810497	6000000125736373821
Q1048105	6000000027257413457
Q104810501	6000000052606113892
Q104810506	6000000052813479838
Q104810509	6000000052538520916
Q104810511	6000000052611155882
Q104810513	6000000009045758497
Q104810514	6000000052566665886
Q104810515	6000000126686762822
Q104810519	6000000136532154833
Q104810522	6000000009045803375
Q104810530	6000000033626312858
Q104810531	6000000199189329847
Q104810532	6000000019411369159
Q104810534	6000000023154618409
Q104810537	6000000052606478868
Q104810541	6000000018776396573
Q104810542	6000000052608305837
Q104810544	6000000070687792918
Q104810545	6000000052608904861
Q104810547	6000000015636250214
Q104810548	6000000085139213869
Q104810549	6000000025541667165
Q104810554	6000000075898653886
Q104810555	6000000125729275975
Q104810556	6000000052567221861
Q104810557	6000000052103480918
Q104810563	6000000052493647432
Q104810568	6000000009045750035
Q104810569	6000000107165318830
Q104810570	6000000009045565141
Q104810572	6000000010016424902
Q104810574	6000000010016751221
Q104810587	6000000015512064320
Q104810590	6000000017013014835
Q104810591	6000000056311448211
Q104810592	6000000041437842365
Q104810594	6000000056332574997
Q104810595	6000000017013583106
Q104810597	6000000041437796454
Q104810599	6000000015512047425
Q104810601	6000000152611136877
Q104810602	6000000152610893939
Q104810604	6000000152610954840
Q104810610	6000000152627871821
Q104810612	6000000185585469481
Q104810614	6000000001680141906
Q104810615	6000000001680084841
Q104810617	6000000001680435096
Q104810621	6000000022601061468
Q104810623	6000000194897483875
Q104810628	6000000016202696958
Q104810629	6000000077301165838
Q104810630	6000000126027859838
Q104810631	6000000126193612916
Q104810633	6000000094650413823
Q104810636	334942438280004607
Q104810637	345389677260007073
Q104810639	6000000094651764904
Q104810642	6000000002746532535
Q104810645	6000000043573802038
Q104810647	6000000030110381881
Q104810649	6000000080532533191
Q104810650	6000000038003987283
Q104810652	6000000107834187847
Q104810656	6000000038003834457
Q104810657	6000000070405469169
Q104810658	6000000023126204605
Q104810659	6000000021595360227
Q104810661	6000000060747164841
Q104810666	6000000023126228186
Q104810669	6000000117817573908
Q104810671	6000000038004126161
Q104810675	6000000042004865453
Q104810677	6000000070404958191
Q104810679	6000000059172754426
Q104810682	6000000172318993932
Q104810685	6000000100864052890
Q104810687	6000000023205859093
Q104810688	6000000067132555981
Q104810689	6000000048052833376
Q104810696	6000000004058210528
Q104810697	6000000018224398116
Q104810699	6000000004058210552
Q104810701	6000000055374072070
Q104810717	6000000067735759865
Q104810722	6000000028011248725
Q104810727	6000000023785809512
Q104810739	6000000187892574859
Q104810743	6000000028011707334
Q104810745	6000000187887744852
Q104810748	6000000023786047320
Q104810754	6000000032602494030
Q104810757	6000000077364092235
Q104810758	6000000077364799987
Q104810759	6000000077364801087
Q104810767	6000000082317952008
Q104810770	6000000082317698939
Q104810771	6000000083162900098
Q104810773	6000000129552907978
Q104810774	6000000014121915683
Q104810775	6000000083163215821
Q104810776	6000000178974376867
Q104810779	6000000188573836826
Q104810780	6000000188572784864
Q104810782	6000000015740937506
Q104810783	6000000091362753893
Q104810788	6000000169023221544
Q104810789	6000000024501122653
Q104810791	6000000024500889813
Q104810792	6000000169022235803
Q104810796	6000000169027416846
Q104810800	6000000040177088000
Q104810803	6000000016497190224
Q104810810	6000000143800728870
Q104810825	6000000105242837849
Q104810826	6000000200718719842
Q104810827	6000000089952132126
Q104810830	6000000120562535016
Q104810833	6000000021859330369
Q104810835	6000000078105716041
Q104810838	6000000177578755823
Q104810841	6000000021860008445
Q104810847	6000000199149651841
Q104810848	6000000021428119159
Q104810849	6000000028669905217
Q104810858	6000000199149615972
Q104810863	6000000021428019435
Q104810865	6000000045733503045
Q104810867	6000000021428189924
Q104810868	6000000043363279442
Q104810874	6000000088125209869
Q104810875	6000000078648732919
Q104810876	6000000153316033952
Q104810877	6000000074391342842
Q104810878	6000000097777323865
Q104810882	6000000065741561669
Q104810883	6000000073817196307
Q104810885	6000000047236490969
Q104810886	6000000065743347882
Q104810888	6000000026015679163
Q104810890	6000000038468440095
Q104810891	6000000105244221331
Q104810892	6000000097781422864
Q104810893	6000000076397609574
Q104810894	6000000088116393181
Q104810895	6000000088126622853
Q104810896	6000000173774868314
Q104810899	6000000173786262964
Q104810902	6000000092605701958
Q104810903	6000000065743075865
Q104810904	6000000097771879357
Q104810905	6000000173786419958
Q104810914	6000000074392798828
Q104810919	6000000078674006760
Q104810920	6000000097779481309
Q104810921	6000000097779773003
Q104810922	6000000105227393843
Q104810924	6000000173786314902
Q104810925	6000000097778539825
Q104810926	6000000065742953026
Q104810927	6000000076399024848
Q104810928	6000000073817618111
Q104810930	6000000097777584997
Q104810934	6000000097780310007
Q104810935	6000000097778427890
Q104810936	6000000082793677439
Q104810937	6000000080392863053
Q104810938	6000000031049335932
Q104810939	6000000069897057851
Q104810940	6000000011724026065
Q104810942	6000000014804117335
Q104810944	6000000020801793080
Q104810945	6000000082795005823
Q104810946	6000000038528609003
Q104810947	6000000072795343711
Q104810948	6000000013752672286
Q104810950	6000000072795665602
Q104810952	6000000025075279677
Q104810955	6000000025075312039
Q104810958	6000000097883329354
Q104810959	6000000013632193277
Q104810960	6000000069895390856
Q104810961	6000000072795894015
Q104810962	6000000013752758547
Q104810963	6000000080392354257
Q104810965	6000000072795520262
Q104810967	6000000082796446911
Q104810970	6000000196767078822
Q104810971	6000000179532831821
Q104810973	6000000179532380827
Q104810975	6000000179529859936
Q104810976	6000000045591436030
Q104810978	6000000179531274853
Q104810979	6000000016444575139
Q104810981	6000000016444058940
Q104810985	6000000125598035934
Q104810986	6000000042886713784
Q104810987	6000000034117763081
Q104810988	6000000125595521971
Q104810992	6000000133453198855
Q104810993	6000000171795103559
Q104811004	6000000018516078313
Q104811006	6000000020623748409
Q104811009	6000000036927019125
Q104811010	6000000019938142209
Q104811011	6000000022046075420
Q104811013	6000000022420534686
Q104811020	6000000201642796821
Q104811021	6000000201642476863
Q104811022	6000000059603204032
Q104811027	6000000023842984977
Q104811029	6000000071838003821
Q104811032	6000000042376388317
Q104811035	6000000059602286857
Q104811039	6000000067347267079
Q104811041	6000000020363466051
Q104811042	6000000105929290184
Q104811043	6000000082868365143
Q104811045	6000000020363286714
Q104811050	6000000059603566851
Q104811054	6000000042376552040
Q104811061	6000000082868033208
Q104811063	6000000066026860821
Q104811064	6000000059601504382
Q104811069	6000000050791810187
Q104811073	6000000082869606852
Q104811074	6000000023842845194
Q104811078	6000000059602108912
Q104811088	6000000059602957184
Q104811089	6000000045081778329
Q104811092	6000000082854127203
Q104811096	6000000100763407078
Q104811098	6000000020410546405
Q104811099	6000000051018691427
Q104811100	6000000020435404638
Q104811107	6000000020435687709
Q104811108	6000000123442097886
Q104811110	6000000164659578907
Q104811115	6000000193502761858
Q104811116	6000000193493715821
Q104811118	6000000193494014890
Q104811119	6000000193494283844
Q104811120	6000000111015341863
Q104811122	6000000111014820299
Q104811123	6000000111015561105
Q104811125	6000000030264147989
Q104811128	6000000035329068069
Q104811129	6000000030264147984
Q104811131	6000000035195922879
Q104811133	6000000208439765892
Q104811137	6000000020071231323
Q104811139	6000000199911740824
Q104811141	6000000195951111937
Q104811145	6000000174332143893
Q104811147	6000000174331884882
Q104811152	6000000197931862924
Q104811154	6000000020829779383
Q104811155	6000000030686914762
Q104811158	6000000020829883588
Q104811165	6000000176766539824
Q104811169	6000000077332491655
Q104811173	6000000176765783831
Q104811176	6000000036754832178
Q104811177	6000000185378483914
Q104811178	6000000073387842589
Q104811179	6000000085640694213
Q104811180	6000000182181971901
Q104811182	6000000202135331839
Q104811184	6000000004650099617
Q104811185	6000000017328035591
Q104811186	6000000037843191022
Q104811188	6000000073389942925
Q104811189	6000000075742474979
Q104811191	6000000017328597039
Q104811194	6000000004650086997
Q104811195	6000000033316471241
Q104811196	6000000073389633844
Q104811197	6000000182184155839
Q104811198	6000000103350984102
Q104811202	6000000075742296958
Q104811203	6000000182183988842
Q104811208	6000000033316579994
Q104811209	6000000037842856999
Q104811210	6000000073389212951
Q104811211	6000000061692105821
Q104811212	6000000085641824964
Q104811213	6000000037154237654
Q104811215	6000000037842809170
Q104811216	6000000200562770881
Q104811217	6000000040832403868
Q104811218	6000000017328035599
Q104811220	6000000040853603020
Q104811224	6000000188519343828
Q104811227	6000000193275529871
Q104811229	6000000193276135852
Q104811230	6000000021787380371
Q104811231	6000000098565389866
Q104811235	6000000026807595957
Q104811240	6000000036881191152
Q104811242	6000000036880777536
Q104811248	6000000013745098665
Q104811249	6000000017161385331
Q104811250	6000000017161385326
Q104811251	6000000017158564233
Q104811252	6000000017161443106
Q104811253	6000000017161443109
Q104811254	6000000000806962794
Q104811256	6000000000806962600
Q104811260	6000000015063524429
Q104811261	6000000071566578823
Q104811264	6000000015063650642
Q104811265	6000000075700865316
Q104811266	6000000030654560509
Q104811267	6000000075700463659
Q104811269	6000000027321431411
Q104811270	6000000027320977325
Q104811271	6000000027319935457
Q104811274	6000000027322196418
Q104811275	6000000027320219474
Q104811278	6000000013134810688
Q104811279	6000000036149468513
Q104811281	6000000139514049920
Q104811283	6000000139518213836
Q104811284	6000000139508124017
Q104811285	6000000013134819029
Q104811286	6000000074826709895
Q104811287	6000000139518076878
Q104811288	6000000032912026694
Q104811289	6000000086368621878
Q104811290	6000000013134801753
Q104811291	6000000139514265887
Q104811292	6000000083449314347
Q104811293	6000000139517047857
Q104811294	6000000057575327998
Q104811297	6000000086367881167
Q104811298	6000000074827040821
Q104811299	6000000139508924840
Q104811300	6000000086368073038
Q104811302	6000000019037960096
Q104811306	6000000203825629821
Q104811307	6000000178120420821
Q104811315	6000000178118122888
Q104811316	6000000024779426378
Q104811320	6000000177560183842
Q104811324	6000000207701886873
Q104811326	6000000175926585855
Q104811328	6000000177779896826
Q104811330	6000000083645500105
Q104811331	6000000083645037363
Q104811332	6000000020734209921
Q104811334	6000000176673867822
Q104811335	6000000177779943837
Q104811337	6000000042542352434
Q104811339	6000000033822710850
Q104811342	6000000023199783826
Q104811346	6000000069218252049
Q104811347	6000000069218409822
Q104811348	6000000023069146886
Q104811349	6000000023069385822
Q104811351	6000000023068618335
Q104811353	6000000069217930341
Q104811355	6000000024700994599
Q104811357	6000000194097346822
Q104811358	6000000152612575923
Q104811359	6000000152612685849
Q104811365	6000000176818795887
Q104811367	6000000035567964078
Q104811370	6000000019274602522
Q104811371	6000000017508316022
Q104811372	6000000001364466116
Q104811373	6000000001364342702
Q104811374	6000000001364028768
Q104811375	6000000033689227174
Q104811377	6000000066765614965
Q104811383	6000000073127496535
Q104811384	6000000018512072204
Q104811385	6000000016590996822
Q104811386	6000000103004987999
Q104811387	6000000018425618301
Q104811390	6000000018509521428
Q104811391	6000000018511942135
Q104811392	6000000032004855412
Q104811393	6000000018508663970
Q104811394	6000000019234040054
Q104811395	6000000102766254868
Q104811396	6000000034671493112
Q104811399	6000000082735097037
Q104811400	6000000084100991958
Q104811402	6000000084101559966
Q104811406	6000000182823596882
Q104811411	6000000084790534117
Q104811416	6000000050022251561
Q104811419	6000000050022749416
Q104811420	6000000050023778828
Q104811431	6000000008201271605
Q104811432	6000000031339964776
Q104811433	6000000132846489207
Q104811436	6000000031343549525
Q104811442	6000000042530732495
Q104811443	6000000015477993046
Q104811444	6000000154364934821
Q104811445	6000000015477735625
Q104811446	6000000154413385821
Q104811447	6000000042576624896
Q104811448	6000000020233468308
Q104811449	6000000036342544035
Q104811450	6000000016444402601
Q104811452	6000000002388922438
Q104811453	6000000084548046835
Q104811454	6000000154360523823
Q104811455	6000000042531002915
Q104811456	6000000013745843749
Q104811457	6000000036342631954
Q104811458	6000000084547187306
Q104811459	6000000015477994055
Q104811464	6000000102625205871
Q104811465	6000000102631815213
Q104811471	6000000115179938921
Q104811472	6000000125239702919
Q104811477	6000000105221424858
Q104811478	6000000105220976836
Q104811479	6000000105219918924
Q104811481	6000000187894847837
Q104811487	6000000077436473619
Q104811490	6000000077437080971
Q104811491	6000000189263443821
Q104811492	6000000081369424904
Q104811494	6000000196900333857
Q104811497	6000000189263158875
Q104811498	6000000081369274067
Q104811501	6000000189263444823
Q104811502	6000000081369359086
Q104811503	6000000189263429821
Q104811504	6000000182069756848
Q104811505	6000000002388836455
Q104811509	6000000002388836444
Q104811514	6000000003310124035
Q104811515	6000000021801799509
Q104811516	6000000002802743005
Q104811521	6000000088041982039
Q104811522	6000000018369057763
Q104811523	6000000003310074245
Q104811525	6000000071540262279
Q104811532	6000000186699983839
Q104811551	6000000175048641233
Q104811571	6000000136930656851
Q104811573	6000000040991005194
Q104811581	6000000115950127836
Q104811583	6000000196033336917
Q104811609	6000000075885030912
Q104811617	6000000093678341867
Q104811620	6000000136930302874
Q104811622	6000000093677860922
Q104811640	6000000090732874170
Q104811641	6000000165275822846
Q104811642	6000000136930305875
Q104811643	6000000083079056921
Q104811648	6000000164466697909
Q104811668	6000000099876179826
Q104811669	6000000048183731042
Q104811674	6000000018950991300
Q104811677	6000000165266998041
Q104811679	6000000175047994407
Q104811681	6000000114080342824
Q104811682	6000000090733926824
Q104811693	6000000196177248835
Q104811698	6000000186701052836
Q104811700	6000000179964487850
Q104811704	6000000033075247218
Q104811705	6000000041659854708
Q104811706	6000000033079695185
Q104811707	6000000033079345638
Q104811708	6000000033079700645
Q104811709	6000000030214362412
Q104811719	6000000094495354821
Q104811721	6000000203909681880
Q104811722	6000000194433462821
Q104811727	5469433119380106425
Q104811733	6000000035592601313
Q104811735	6000000187097174821
Q104811739	6000000094495274828
Q104811745	6000000178073007823
Q104811749	6000000178072346876
Q104811772	6000000013173828490
Q104811775	6000000207358935851
Q104811777	6000000007176914323
Q104811781	6000000195814610871
Q104811783	6000000094495508863
Q104811786	6000000211282328875
Q104811787	6000000195252269871
Q104811790	6000000075885542927
Q104811793	6000000043151104149
Q104811796	6000000128634941134
Q104811799	6000000210897311830
Q104811807	6000000017578759789
Q104811809	6000000016857362467
Q104811810	6000000200525616824
Q104811814	6000000195983135873
Q104811815	6000000109031356885
Q104811823	6000000207358948846
Q104811825	6000000052351624835
Q104811827	6000000015455193500
Q104811840	6000000017596974317
Q104811842	6000000041655719851
Q104811844	6000000018855667919
Q104811845	6000000216310049821
Q104811851	6000000041656217875
Q104811853	6000000008105272908
Q104811854	6000000014034495086
Q104811855	6000000177802612823
Q104811863	6000000007176496116
Q104811864	6000000115949271898
Q104811866	6000000023160445435
Q104811869	6000000052213997856
Q104811871	6000000175624734031
Q104811873	6000000195252403837
Q104811876	6000000010149969461
Q104811877	6000000010150052273
Q104811878	6000000024387703226
Q104811880	6000000025556369104
Q104811881	6000000025556324991
Q104811884	6000000018451791622
Q104811886	6000000021513539064
Q104811887	6000000020342300346
Q104811888	6000000016758338840
Q104811895	6000000190136331879
Q104811897	6000000190136404906
Q104811900	6000000043239579317
Q104811902	6000000018797789372
Q104811903	6000000018165266397
Q104811904	6000000037949908981
Q104811908	6000000032911870560
Q104811910	6000000003020387795
Q104811911	6000000003032120207
Q104811912	6000000032550800309
Q104811914	6000000032912045330
Q104811915	6000000080349610402
Q104811916	6000000032912131824
Q104811919	6000000032911982262
Q104811920	6000000080349982067
Q104811922	6000000032550689522
Q104811923	6000000113774388946
Q104811927	6000000171540998266
Q104811928	6000000173013004004
Q104811929	6000000182906702821
Q104811936	6000000034717677262
Q104811937	6000000034342122596
Q104811938	6000000034354078174
Q104811940	6000000043794442904
Q104811943	6000000034353313914
Q104811953	6000000111518659833
Q104811954	6000000171681407942
Q104811957	6000000016908492872
Q104811958	6000000096441935824
Q104811960	6000000020641072506
Q104811964	6000000171532236955
Q104811967	6000000111518522845
Q104811968	6000000027289479990
Q104811971	6000000023583671252
Q104811977	6000000000018450218
Q104811978	6000000165934541821
Q104811979	6000000096455070821
Q104811981	6000000009536020813
Q104811982	6000000020156286871
Q104811984	6000000020155556984
Q104811985	6000000020168101470
Q104811987	6000000020975664438
Q104811988	6000000020111059017
Q104811989	6000000020975766385
Q104811990	6000000009535947684
Q104811991	6000000058752138683
Q104811992	6000000058752654979
Q104812000	6000000020203692691
Q104812001	6000000013468691046
Q104812002	6000000064338921036
Q104812004	6000000020204513912
Q104812006	6000000047988107868
Q104812009	6000000013468614155
Q104812011	6000000030329621475
Q104812013	6000000047987760930
Q104812015	6000000020203424767
Q104812018	6000000030329922249
Q104812019	6000000047988254892
Q104812022	6000000047988174081
Q104812024	6000000038650208056
Q104812026	6000000013468478151
Q104812030	6000000012678619390
Q104812031	6000000020560105037
Q104812040	6000000187918977836
Q104812043	6000000036743819489
Q104812053	6000000195496309822
Q104812060	6000000195494368821
Q104812066	6000000013665462869
Q104812077	6000000083887110994
Q104812078	6000000102026928931
Q104812079	6000000036751399382
Q104812081	6000000026614755201
Q104812082	6000000026614375327
Q104812083	6000000030772429089
Q104812095	6000000008386060454
Q104812096	6000000037262916110
Q104812097	6000000026617827870
Q104812100	6000000040440656542
Q104812101	6000000040440930095
Q104812102	6000000040440447465
Q104812105	6000000042487661606
Q104812108	6000000081511895923
Q104812111	6000000076031201006
Q104812112	6000000076036284189
Q104812113	6000000024709551705
Q104812114	6000000143340664987
Q104812116	6000000076041992128
Q104812119	6000000043954035836
Q104812120	6000000024709744392
Q104812123	6000000082838924003
Q104812125	6000000024709523626
Q104812126	6000000076042701864
Q104812128	6000000024708745841
Q104812130	6000000024709886243
Q104812132	6000000076030767111
Q104812134	6000000058216586051
Q104812136	6000000017221716513
Q104812137	6000000143340909843
Q104812138	6000000082838580162
Q104812141	6000000143340459917
Q104812143	6000000076042538875
Q104812144	6000000019325326048
Q104812147	6000000057457044145
Q104812148	6000000043950846296
Q104812149	6000000017221843170
Q104812150	6000000076024873821
Q104812151	6000000024710052973
Q104812152	6000000204074744824
Q104812153	6000000017221758506
Q104812154	6000000057456443104
Q104812156	6000000017729890418
Q104812159	6000000042625492914
Q104812160	6000000165170024181
Q104812161	6000000037227324497
Q104812162	6000000185167406847
Q104812163	6000000016911152127
Q104812166	6000000083857246950
Q104812168	6000000142937876831
Q104812170	6000000042625008591
Q104812171	6000000142937930852
Q104812173	6000000142936310828
Q104812176	6000000016911148357
Q104812180	6000000131253240978
Q104812181	6000000075454759828
Q104812182	6000000037226114496
Q104812183	6000000076734974361
Q104812185	6000000076736494721
Q104812186	6000000058150637860
Q104812187	6000000037227123338
Q104812188	6000000042913160257
Q104812190	6000000187220849867
Q104812191	6000000037227336308
Q104812193	6000000185167128831
Q104812196	6000000038290061809
Q104812197	6000000038290598067
Q104812198	6000000058150478006
Q104812199	6000000124945432277
Q104812203	6000000124939067344
Q104812204	6000000060215504978
Q104812205	6000000124947311983
Q104812207	6000000124941320846
Q104812208	6000000178446261823
Q104812212	6000000177054623827
Q104812213	6000000177054040821
Q104812218	6000000044651894821
Q104812225	6000000161506933827
Q104812226	6000000029095416034
Q104812228	6000000078059998300
Q104812229	6000000009299946305
Q104812230	6000000180757430856
Q104812231	6000000197709170829
Q104812236	6000000021316314823
Q104812244	6000000052539326862
Q104812245	6000000028359655759
Q104812248	6000000024375479930
Q104812250	6000000076597283839
Q104812254	6000000042491389666
Q104812255	6000000038685408977
Q104812256	6000000009299886621
Q104812258	6000000067087676850
Q104812265	6000000021326614346
Q104812266	6000000201163694834
Q104812269	6000000060541634869
Q104812270	6000000042491461385
Q104812274	6000000021183098889
Q104812275	6000000015125228133
Q104812276	6000000131742272821
Q104812278	6000000021932233351
Q104812288	6000000018368690043
Q104812298	6000000025527769673
Q104812300	6000000037561208168
Q104812303	6000000037257028061
Q104812307	6000000079362699664
Q104812308	6000000180757269847
Q104812310	6000000002388795937
Q104812311	6000000197709100823
Q104812313	6000000078059634751
Q104812314	6000000042491791245
Q104812316	6000000079363800942
Q104812317	6000000076285886159
Q104812318	6000000197709042845
Q104812319	6000000092549207047
Q104812322	6000000018231859504
Q104812323	6000000060334894833
Q104812324	6000000185766997846
Q104812340	6000000034589184358
Q104812345	6000000089784315948
Q104812348	6000000060362580821
Q104812349	6000000202359944834
Q104812350	6000000042492018522
Q104812356	6000000128172155821
Q104812357	6000000025528454826
Q104812359	6000000180757428824
Q104812360	6000000036767306818
Q104812361	6000000026323452863
Q104812364	6000000079363138294
Q104812366	6000000016524589087
Q104812369	6000000024375528821
Q104812370	6000000021748112817
Q104812371	6000000056616070857
Q104812373	6000000002388795968
Q104812374	6000000078053848990
Q104812375	6000000014331276143
Q104812376	6000000018501716411
Q104812377	6000000016542235046
Q104812378	6000000010897220851
Q104812381	6000000026791487118
Q104812383	6000000034589609950
Q104812384	6000000016522790873
Q104812387	6000000025527799201
Q104812395	6000000012942784244
Q104812401	6000000000710019805
Q104812404	6000000000710038419
Q104812410	6000000056116256938
Q104812412	6000000125006022105
Q104812413	6000000036714657089
Q104812414	6000000004340200064
Q104812415	6000000000971130964
Q104812416	6000000082391614964
Q104812422	6000000016951567472
Q104812424	6000000107218117827
Q104812431	6000000024107216100
Q104812433	6000000015130997184
Q104812434	6000000082391716030
Q104812435	6000000068050561821
Q104812440	6000000035916650028
Q104812441	6000000085263520827
Q104812442	6000000085263500847
Q104812443	6000000080113028883
Q104812451	6000000034543235610
Q104812452	6000000118812082836
Q104812454	6000000000971404079
Q104812457	6000000015130997174
Q104812458	6000000016446697724
Q104812459	6000000035919079848
Q104812460	6000000171920666244
Q104812463	6000000186095998821
Q104812466	6000000016951547501
Q104812467	6000000185618227999
Q104812468	6000000048153667283
Q104812470	6000000148611343883
Q104812471	6000000048063790219
Q104812473	6000000019569114566
Q104812474	6000000048155472072
Q104812477	6000000023035063974
Q104812484	6000000020988828555
Q104812485	6000000017413376514
Q104812486	6000000087762803836
Q104812488	6000000031576662503
Q104812489	6000000087762857828
Q104812491	6000000017413728325
Q104812493	6000000032602218824
Q104812495	6000000180563625866
Q104812496	6000000098086060861
Q104812498	6000000109272150953
Q104812502	6000000185208470875
Q104812505	6000000045664623093
Q104812506	6000000032040842813
Q104812507	6000000045665161935
Q104812510	6000000172398236186
Q104812511	6000000019938012147
Q104812515	6000000019935687751
Q104812516	6000000019937660596
Q104812517	6000000017890287465
Q104812518	6000000019937798391
Q104812519	6000000019937973499
Q104812520	6000000019324400732
Q104812525	6000000017939344076
Q104812527	6000000077328734155
Q104812528	6000000026050930313
Q104812530	6000000083843061530
Q104812531	6000000083839652198
Q104812533	6000000026050770152
Q104812534	6000000104287577825
Q104812536	6000000077331703083
Q104812541	6000000190951798821
Q104812556	6000000188100455844
Q104812558	6000000016291000824
Q104812559	6000000044650120131
Q104812563	6000000015518176874
Q104812564	6000000072382268903
Q104812565	6000000182858366829
Q104812567	6000000086618517970
Q104812574	6000000204215516823
Q104812580	6000000125995889992
Q104812586	6000000062705029247
Q104812587	6000000080112894913
Q104812588	6000000024007667327
Q104812589	6000000026051550244
Q104812590	6000000018427435265
Q104812592	6000000196591814841
Q104812593	6000000196591875832
Q104812594	6000000048745485120
Q104812596	6000000018427401214
Q104812597	6000000033472505764
Q104812598	6000000017345557796
Q104812599	6000000033472515599
Q104812602	6000000030793481050
Q104812603	6000000083777224830
Q104812609	6000000201709435843
Q104812610	6000000065878372858
Q104812611	6000000009440180412
Q104812613	6000000019120078032
Q104812614	6000000009703245672
Q104812615	6000000009703269618
Q104812623	6000000014714913912
Q104812624	6000000191498745870
Q104812627	6000000120095976916
Q104812628	6000000019991699552
Q104812629	6000000015635851746
Q104812631	6000000015636225239
Q104812632	6000000015029545707
Q104812633	6000000076716377056
Q104812634	6000000037401664121
Q104812635	6000000020822648778
Q104812636	6000000015029686086
Q104812638	6000000018588789916
Q104812642	6000000018589116740
Q104812643	6000000076711778091
Q104812647	6000000018137454259
Q104812649	6000000120990624894
Q104812650	6000000016192353440
Q104812652	6000000075859331870
Q104812653	6000000062315352019
Q104812654	6000000103166958895
Q104812656	6000000034572534702
Q104812657	6000000070304696835
Q104812658	6000000021221054692
Q104812659	6000000018137261494
Q104812660	6000000037742279059
Q104812661	6000000019237156238
Q104812665	6000000075859226526
Q104812669	6000000014724545822
Q104812670	6000000016192353443
Q104812671	6000000075859255318
Q104812672	6000000037401810238
Q104812674	6000000034572712538
Q104812676	6000000030304794053
Q104812677	6000000078941357147
Q104812681	6000000016290272304
Q104812682	6000000016290465045
Q104812683	6000000070304531048
Q104812684	6000000191499676828
Q104812685	6000000078941695919
Q104812687	6000000021221257527
Q104812688	6000000021787313230
Q104812689	6000000076704498555
Q104812690	6000000037401419759
Q104812691	6000000031883089357
Q104812692	6000000078385606498
Q104812693	6000000070304711430
Q104812694	6000000020822951464
Q104812703	6000000040950399219
Q104812705	6000000169171344821
Q104812706	6000000020893250466
Q104812707	6000000024597350337
Q104812708	6000000105297836223
Q104812709	6000000044466016083
Q104812710	6000000045667003833
Q104812711	6000000020905413221
Q104812713	6000000051904594849
Q104812714	6000000024597707835
Q104812716	6000000045664369996
Q104812720	6000000185665224896
Q104812721	6000000078384256098
Q104812722	6000000056337581096
Q104812725	6000000056319876821
Q104812726	6000000065577452881
Q104812727	6000000168860174294
Q104812730	6000000078383067438
Q104812732	6000000024597055630
Q104812733	6000000198926200848
Q104813092	6000000138587292047
Q104813263	6000000028075653700
Q104813445	6000000011198940873
Q104813484	6000000000913523014
Q104813998	6000000005229586567
Q104814155	387743654740012340
Q104814179	6000000016232297451
Q104814196	6000000089714128920
Q104814330	6000000161712665822
Q104814915	6000000089715314851
Q104814942	6000000029958658070
Q104814958	6000000046209292872
Q104815127	6000000000912770483
Q104815653	6000000040065165796
Q104817026	1041998
Q104817238	6000000022512469854
Q104817485	6000000018822116629
Q104819215	351784840040012816
Q104819799	6000000029581648272
Q104820761	6000000018822748839
Q104820902	6000000026924819253
Q104820910	6000000026924917503
Q104820923	6000000128659748005
Q104820927	6000000021631188390
Q104820931	6000000002889901540
Q104820937	6000000009430054733
Q104820955	6000000128661667821
Q104820957	6000000034365788187
Q104820958	6000000003723579288
Q104820959	6000000003723579075
Q104820960	6000000016663162911
Q104821539	6000000013145147274
Q104821824	6000000026150927966
Q104821845	6000000024903474205
Q104821914	6000000001384147225
Q10482247	6000000013906780841
Q104823	6000000002531431767
Q104823338	6000000003412936869
Q104824756	6000000154038927932
Q104825859	6000000010628072369
Q104827994	6000000010574007717
Q104828286	6000000010574142827
Q104828322	6000000010573877580
Q104828347	6000000010573758986
Q104828443	6000000083792093847
Q104828550	6000000006939230229
Q104828551	6000000007385260171
Q104828553	6000000001843182856
Q104828572	6000000010260216681
Q104828574	6000000002337134553
Q104828617	6000000003522687147
Q104828618	6000000002173108605
Q104828619	6000000000426751142
Q104828736	6000000010191148342
Q104828818	6000000016986953208
Q104828901	6000000041690759022
Q104829430	6000000016315389898
Q104829506	6000000014277713502
Q104829813	6000000205453400849
Q104830053	6000000023835353484
Q104830983	6000000022858124575
Q104831020	6000000006282826235
Q104831678	6000000009803110229
Q104832491	6000000010252251110
Q104832531	6000000025223150095
Q104832536	6000000014722486156
Q104832540	6000000008327670255
Q104832546	6000000000401133950
Q104832584	6000000016367690377
Q104832586	6000000016477031431
Q104832588	6000000020575389352
Q104832589	6000000017566763123
Q104832606	6000000010655793398
Q104832617	6000000008111808667
Q104832619	6000000008111874450
Q104832758	6000000038215711681
Q104833091	6000000022591442723
Q1048333	6000000096241649865
Q104833307	6000000088105313839
Q104833384	6000000067388113821
Q104833430	6000000014894743257
Q104833475	6000000018822455535
Q104833492	6000000078586898063
Q104833552	6000000018822664183
Q104833965	6000000049049462898
Q104834423	6000000042155423052
Q104834977	6000000070231564821
Q104835260	6000000035440036154
Q104836257	6000000119100056860
Q104836509	6000000030618806897
Q104836554	6000000185574545048
Q104836919	6000000091631081721
Q104836936	6000000091631126448
Q104836972	6000000091631081670
Q104837018	6000000013710889997
Q104837470	6000000091631126472
Q104837713	6000000003221224891
Q104837741	6000000077156951658
Q104838571	6000000028376045907
Q104839208	6000000026395075050
Q104839217	6000000004593994397
Q104840256	6000000004277058035
Q104840403	6000000002586163863
Q104841806	6000000000658406753
Q104842246	6000000177957627891
Q104842504	6000000003938473608
Q104842631	6000000009534040798
Q104842690	6000000009533982827
Q104842734	382033572020011424
Q104842758	6000000004947416027
Q1048432	6000000017506262168
Q104844699	6000000000777404165
Q104844798	6000000012389858345
Q104844798	6000000015875261335
Q104844895	6000000001180225739
Q104845055	6000000017614502322
Q104845084	6000000005005095133
Q104845183	6000000011873250131
Q104845299	6000000008111811225
Q104845714	6000000032798636058
Q104845813	6000000022879742724
Q10484606	6000000074791990957
Q104846580	6000000001180371398
Q10484679	6000000074792115878
Q104846894	6000000013883940451
Q104846945	6000000005922023463
Q104847161	6000000009034502947
Q104847161	6000000042792313373
Q104847489	6000000000926423564
Q104847882	6000000046846800906
Q10484790	6000000074791731076
Q104848211	6000000001831630009
Q104848322	6000000006330634675
Q104848431	6000000016175861784
Q10484847	6000000074792156856
Q104848536	6000000013431937558
Q104848586	6000000022836770686
Q104848848	6000000024529405378
Q104849222	6000000006367825165
Q104849303	6000000007454306799
Q104849383	6000000087326494959
Q104849394	6000000014419507319
Q104849417	6000000007950417509
Q104849666	6000000030778252298
Q104849768	6000000003741201038
Q104849805	6000000069374063029
Q104850031	6000000088886703871
Q1048502	6000000019340450448
Q104850225	6000000013163048914
Q104850260	6000000013226675644
Q104850403	6000000015672581641
Q104850492	6000000003741183654
Q104850932	6000000006128248047
Q104850948	6000000007237315521
Q104851198	6000000018033003522
Q104851476	6000000007150043539
Q104851536	6000000007150043513
Q1048519	6000000004220637425
Q104851961	6000000002590977798
Q104852117	6000000006900918544
Q104852559	6000000023767407350
Q104852892	6000000011948650509
Q104853750	6000000066305181829
Q104854	6000000024643420073
Q104855	6000000019194142116
Q104856509	4281876
Q104859	6000000019507301957
Q104861465	6000000081764210660
Q1048629	6000000074728415894
Q104863043	6000000003828041972
Q104863971	6000000178350013869
Q104864916	6000000005046366585
Q104865178	6000000016522145455
Q104866	6000000017647667680
Q1048660	6000000010628541503
Q104869277	6000000009307129359
Q104869320	6000000001504546883
Q104869578	6000000001504546875
Q104869590	6000000106254787903
Q104869753	6000000106254906939
Q104869758	6000000014359631590
Q104869831	6000000035801062726
Q104870076	6000000106257030986
Q104870467	6000000018822555829
Q104871988	6000000057108141829
Q104872412	6000000010295333934
Q104873489	6000000014081974181
Q104873826	6000000012669475395
Q104873834	3827710
Q104875745	6000000179235448821
Q104876022	6000000167651499836
Q104876022	6000000170037833143
Q104876475	353362087740013065
Q104876614	6000000001156640848
Q10487681	6000000014338775095
Q104876865	6000000148150585822
Q104878	6000000000350784838
Q104878420	6000000003035618655
Q104878531	6000000033007716525
Q104879330	6000000008530260989
Q104879890	6000000211347253824
Q104879910	6000000068544752849
Q104879951	6000000018606182487
Q104880	6000000023515032236
Q104882	6000000018576393211
Q10488317	6000000019069853659
Q104884	6000000191093424832
Q104887743	6000000028812362076
Q10488819	6000000075326741871
Q104888270	6000000041305492652
Q104889131	6000000086007344976
Q104889190	6000000002856988427
Q104889258	6000000006128354556
Q104889680	6000000096538215838
Q104889757	6000000018211059352
Q104889768	6000000003702527785
Q104889856	6000000001487735348
Q104889884	6000000204319936833
Q104890597	6000000026178962888
Q104892346	6000000006761880285
Q10489243	6000000018167739253
Q10489374	6000000074698195059
Q104896723	6000000177050432836
Q104896888	6000000036264893532
Q10489765	6000000074711868965
Q10489840	6000000074789808950
Q10489897	6000000074771520848
Q104899495	6000000007037587273
Q104899641	6000000008593112706
Q104899646	6000000002230149660
Q104899681	6000000038104369866
Q104899682	6000000038104192152
Q104899739	6000000002603386610
Q104899846	6000000030351008630
Q10490	6000000020829176499
Q104900065	6000000053315998965
Q104900223	6000000021736549501
Q104900245	6000000002088374877
Q104900251	6000000077862821982
Q104900493	6000000000081345544
Q104900527	6000000003028454500
Q104900540	6000000004159071634
Q104900580	6000000042731526528
Q104900586	6000000041770379465
Q104900591	6000000018710878931
Q104900596	6000000001031453383
Q104900611	6000000030791758470
Q104900619	6000000003646036449
Q104900620	6000000066604573952
Q104900633	6000000005360516718
Q104900644	6000000003734969860
Q104901	6000000020350486173
Q104901272	6000000039035254279
Q104901290	6000000039063252037
Q104902240	6000000046206198979
Q104903	6000000026903519926
Q104903672	6000000041550358875
Q104903738	6000000010262122370
Q104903804	6000000007925769653
Q104903818	6000000018252968130
Q104903893	6000000000208726554
Q104903960	6000000023213392511
Q104903992	6000000018823046252
Q104904124	6000000019228989429
Q104904307	6000000083262891832
Q104904410	6000000003785699466
Q104904413	6000000003096338426
Q104904467	6000000002246223713
Q104904494	6000000003216083825
Q104904523	6000000020329858691
Q104904556	6000000019771706837
Q104904603	6000000057336666956
Q104904662	6000000012101249832
Q104904684	6000000003938211930
Q104904687	6000000012956063537
Q104904690	6000000000183035608
Q104904697	6000000000387317481
Q104904721	6000000001085181484
Q104904722	6000000027195207077
Q104904726	6000000002631082215
Q104904732	6000000042059814985
Q104904819	6000000009669344517
Q104904914	6000000008202620412
Q104904953	6000000012800673563
Q104904998	6000000006705042361
Q104905035	6000000000905882148
Q104905098	6000000001578800026
Q104905102	6000000025816892300
Q104905114	6000000011517600257
Q104905127	6000000002447160404
Q104905129	6000000174806581878
Q104905138	6000000001107190282
Q104905519	6000000000113890752
Q104905666	6000000020039898215
Q104907170	6000000003215268140
Q104907417	6000000016206539588
Q104907525	6000000016206566557
Q104908896	6000000003526937059
Q104909	6000000022205993632
Q104909130	6000000040450952049
Q104909233	6000000003882336899
Q104909335	6000000018172065335
Q104910141	6000000024744899580
Q104910968	6000000008630671405
Q104911141	390291894910011862
Q104911239	6000000050609779182
Q104911336	6000000018369743944
Q104911750	6000000008823713489
Q104911891	6000000003939092157
Q104911947	6000000002275761479
Q104912284	6000000006441075928
Q104912372	6000000012119677381
Q104912660	6000000000227558353
Q104912698	6000000003275257702
Q104912730	6000000006802876389
Q104913471	6000000003133086284
Q104913506	6000000003075962657
Q104913529	6000000026532486229
Q104913615	6000000008469648302
Q104913702	6000000002545862612
Q104913704	6000000008328359637
Q104913899	6000000002148730144
Q104913968	6000000002024804597
Q104916747	6000000038766326567
Q104916753	6000000035526364877
Q104916908	6000000018822853327
Q104918131	6000000012943933743
Q104918428	6000000077835533961
Q104918885	6000000000007377691
Q104919	6000000016435806825
Q104919428	6000000008968612950
Q104919620	6000000191093678823
Q104922670	6000000001665198403
Q104922687	6000000000124875931
Q104922699	6000000001309209151
Q104922920	6000000014307938106
Q104923343	6000000043455345010
Q104923408	6000000018822251390
Q104923716	6000000024963275435
Q104923828	6000000018822366437
Q104924189	6000000018822956150
Q104925727	6000000014058063503
Q10492595	6000000021478113809
Q104926723	6000000014777477121
Q10492742	6000000008671523214
Q104929796	6000000171607849871
Q104930892	6000000016974181361
Q104931034	6000000010132365785
Q104931293	6000000016974167137
Q10493318	6000000030373211847
Q104933513	6000000039122344223
Q104936595	5444156260450089428
Q1049387	6000000004128187325
Q1049387	6000000190048173173
Q104944580	6000000026352228029
Q104944614	6000000002799125819
Q104944757	6000000014957500588
Q1049451	6000000013342358456
Q10494544	6000000039403752431
Q104946571	6000000002799125826
Q104949	6000000023681272324
Q104950	6000000010383915735
Q1049510	6000000019685443949
Q104951299	6000000051288689040
Q104954386	6000000040872736668
Q104954834	6000000077425416643
Q1049552	6000000011505313494
Q104955358	6000000015853660403
Q1049563	6000000148779404114
Q104962262	6000000013536447114
Q104964	6000000001128189615
Q104967181	6000000011493591436
Q104969910	6000000010908216104
Q104970210	6000000019057988164
Q104971067	6000000010782512644
Q104971211	6000000001274563136
Q104971285	6000000018291664807
Q10497131	6000000074703625964
Q104971428	6000000177210116841
Q104971623	6000000011324209743
Q104971674	6000000010663941573
Q104971702	6000000008267102905
Q104972120	6000000153482766860
Q104972381	6000000006257963019
Q104973108	6000000223973638892
Q104974844	6000000016867219728
Q104975796	6000000031338315946
Q104976192	6000000016795378521
Q104976460	6000000038340458911
Q104976680	6000000002067033959
Q104976685	6000000002067095321
Q104976689	6000000002067139187
Q104976692	6000000003124543167
Q104976817	6000000002067141058
Q104976821	6000000002067103198
Q104976857	6000000001959660303
Q104976859	6000000004069724650
Q104976867	6000000003221174320
Q104976874	6000000002930832900
Q104977128	6000000015343203527
Q104977266	6000000180536752821
Q104977270	6000000004883363265
Q104978103	6000000008734816015
Q104981070	6000000006371876001
Q104981264	6000000006371622261
Q104982	6000000074992432823
Q104983	6000000012914679316
Q104984679	6000000055784024865
Q10498489	5173696601920122340
Q104985161	6000000078049879071
Q104985168	6000000023581287916
Q104985196	6000000012676494805
Q104985206	6000000019718392134
Q10498594	6000000182713653824
Q104990	6000000030073723939
Q104992281	6000000011635803854
Q104992335	6000000057918622884
Q104992764	6000000016332968291
Q104993522	6000000126397502481
Q104997116	6000000000907965043
Q104997119	6000000006056837001
Q104997123	6000000020748832720
Q104998340	6000000017269838338
Q1050018	6000000013733790345
Q105002643	6000000001504683204
Q105003927	6000000010809957705
Q105005690	6000000010782499495
Q105007124	6000000212893351829
Q105007128	6000000019168319080
Q105007140	6000000041375028045
Q10500753	6000000136776189897
Q1050076	6000000084390564232
Q105008200	6000000173898251834
Q105008364	6000000022654847961
Q105010707	6000000054961723046
Q105012253	6000000029576179634
Q105013	311771392100007035
Q105014981	6000000100368766044
Q105015021	6000000025793218995
Q105020	6000000005588568158
Q105022	6000000176742372862
Q105023813	6000000119904412831
Q105024	6000000018822003012
Q105025369	6000000021497856143
Q105025598	6000000021497301502
Q105025727	6000000021497104754
Q105025735	6000000129532608942
Q105025768	6000000015466249811
Q105028394	6000000082669939545
Q105028807	6000000014109166842
Q10503575	6000000020600838034
Q1050358	6000000053647216963
Q10503599	6000000074745494830
Q105037437	6000000016416440794
Q105037483	6000000016394794532
Q105037484	6000000051769133912
Q105037578	6000000016573185156
Q105037582	6000000011240281905
Q105037585	6000000001016498099
Q105037697	6000000027856693647
Q105038304	6000000168477661832
Q105038355	6000000072716167812
Q10503843	6000000074788784303
Q105038519	6000000014961201056
Q105038654	6000000071271594492
Q105044613	6000000011504403746
Q105044672	6000000006595583368
Q105044768	5724715341960137901
Q105045554	6000000038157778512
Q105045730	6000000017644306131
Q105045781	6000000006257517738
Q105046846	4337536
Q105046990	6000000088817495894
Q105047001	6000000047222299242
Q105047073	6000000008690127689
Q105047101	6000000066540610899
Q105047302	6000000015993254197
Q105047305	6000000012515942947
Q105047307	6000000021513940257
Q105047312	6000000013383320617
Q105047314	6000000014804285021
Q105047315	6000000008091080363
Q105047318	6000000065451956988
Q105047320	342327996140012961
Q105047330	6000000019617566037
Q105047333	6000000012376137639
Q105047339	6000000105893801825
Q105047439	6000000006977244206
Q1050480	6000000008963051095
Q105061167	6000000013817444426
Q105061174	6000000013817381615
Q105061769	6000000004128539054
Q105061769	6000000190046853456
Q105061933	6000000017924211316
Q105062078	6000000022172747410
Q105062410	6000000036364903457
Q105063550	6000000184239477822
Q105063917	6000000006891254656
Q105063917	6000000190047298068
Q105064041	6000000026915237258
Q105064090	6000000010981669752
Q105064330	6000000022899540991
Q105064648	6000000014610046501
Q105064730	6000000078767747852
Q105065966	6000000014290894528
Q105066959	6000000019110236107
Q1050685	6000000013749306974
Q105069783	6000000019895105586
Q105069784	6000000043302643034
Q105069794	6000000032533252835
Q105069888	6000000043302418963
Q105069987	6000000004671790634
Q105071114	6000000011667499256
Q105071196	6000000028160021561
Q105072166	6000000010742645655
Q105072455	6000000082553581455
Q105072927	6000000024531569124
Q105074759	6000000008834595456
Q105074915	6000000021621027395
Q105075433	6000000015956705360
Q105075527	6000000167602519975
Q105075838	6000000011423581103
Q105076	6000000023280798147
Q105076368	6000000009247657867
Q105076660	336335031020001344
Q1050767	6000000001340693043
Q105076937	6000000080347732921
Q1050772	6000000008190242457
Q105077330	6000000116302127841
Q105077376	6000000022350948065
Q105077382	6000000029900702245
Q105077386	6000000001219176489
Q105078204	379895373800005508
Q105078276	6000000105307693517
Q105078362	314996717550008987
Q105078831	6000000019962364949
Q105078964	6000000015445720883
Q105079127	6000000005763516035
Q105080152	6000000138190977833
Q105080698	6000000065775734144
Q105080759	6000000009701944938
Q105080859	6000000022617489834
Q105081598	6000000025539193738
Q1050816	384796967400006648
Q105082267	6000000174201223150
Q105082269	6000000084075223826
Q105082323	6000000008891414933
Q105082510	6000000003525817525
Q105082573	6000000022098459388
Q105082594	6000000076835032343
Q105082717	6000000022098537879
Q105082970	6000000017195376851
Q105082978	3939219636640050568
Q105083841	6000000019356272509
Q105085249	6000000056532767822
Q105085382	6000000006795737475
Q105085428	6000000011808362935
Q105085524	6000000002282023201
Q105085651	6000000135027287831
Q105086001	6000000078054145222
Q105086443	6000000007924766657
Q105086446	6000000027324932747
Q105086469	6000000074185004954
Q105086520	6000000015905296799
Q105086613	6000000069145964872
Q105086640	6000000014725832504
Q105086644	6000000024988545959
Q105086870	6000000026078727192
Q105086894	6000000026149243466
Q105086928	6000000011706860304
Q105086928	6000000202605400822
Q105086931	6000000003712140492
Q105086931	6000000192263787838
Q105086934	6000000011706816302
Q105086939	6000000011706879460
Q105086957	6000000002498567098
Q105087003	6000000015354432152
Q105087017	6000000011716658307
Q105087620	6000000022275698441
Q105088391	6000000032038355964
Q105089410	6000000023371184020
Q105089617	6000000023371056815
Q105090144	6000000136940109895
Q105091068	6000000035026334046
Q105091431	6000000098681048882
Q105091536	6000000017291080572
Q105091838	6000000189007956822
Q1050921	6000000015837756810
Q105093240	6000000000967187341
Q105093278	6000000000967165075
Q105093338	5254517801640108320
Q105094090	6000000079992725833
Q105095006	6000000078448423175
Q1050951	6000000015148054102
Q105095582	6000000003137247637
Q1050956	6000000042150527089
Q105096847	6000000059228548912
Q105097241	6000000179391353830
Q105097947	6000000003541037650
Q105098075	6000000026077979438
Q105098144	6000000007852330661
Q105098149	6000000000383552238
Q105098399	6000000019776320372
Q105099092	5720884174950101365
Q105099226	6000000025779270598
Q105099559	6000000040350195448
Q105099713	6000000026619739883
Q105099768	6000000003123848450
Q105099982	6000000013441266509
Q105100	6000000023598030367
Q105100301	6000000029012575416
Q105100646	6000000005597885600
Q105100794	6000000002459859734
Q105100903	6000000044595449923
Q105101249	6000000016462659174
Q105101672	5719804997930044032
Q105102375	6000000000315437020
Q105103	6000000032450013107
Q105103217	6000000043900769159
Q105103246	6000000018513036466
Q105103284	6000000015063256082
Q105103344	6000000178678692861
Q105103365	6000000043901068963
Q105103387	6000000149435963974
Q105103657	6000000126864686827
Q105103732	6000000030529672724
Q105103997	6000000080001010821
Q105104089	6000000174713444370
Q105104345	6000000080000654872
Q105104488	6000000013016633530
Q105104585	6000000008959972885
Q105104672	6000000009913809389
Q1051047	6000000030736803468
Q105104745	6000000012769803303
Q105104826	6000000126858680905
Q105104923	6000000025831739440
Q105105217	6000000133723511821
Q105105257	5719104787000044153
Q105105293	6000000001383054853
Q105105303	6000000021137113101
Q105105316	6000000048849833853
Q105105329	6000000012601363579
Q105105394	6000000002459862179
Q105105442	6000000012942965821
Q105105444	6000000012942542115
Q105105445	6000000003111434702
Q105105447	6000000013506094388
Q105105448	6000000003939157702
Q105105449	6000000000629565499
Q105105450	6000000003939165049
Q105105452	6000000012943039792
Q105105453	6000000012942874930
Q105105454	6000000012942590875
Q105105458	6000000012942472979
Q105105472	6000000003928180159
Q105105474	6000000003928143464
Q105105491	6000000015393089442
Q105105501	6000000022904633821
Q105105504	6000000015700965509
Q105105513	6000000015385952217
Q105105565	6000000036161686005
Q105105566	6000000004839490109
Q105105569	6000000004839288753
Q105105572	6000000081037919184
Q105105573	6000000014054280315
Q105105575	6000000014054437094
Q105105576	6000000014054390132
Q105105603	4579521194520010686
Q105105614	6000000000550533066
Q105105621	6000000016662153785
Q105105695	6000000082635749908
Q105105797	6000000013208390239
Q105105856	6000000013186220011
Q105105951	6000000082635628028
Q1051062	6000000014462658341
Q105106237	6000000013208220951
Q105106239	331515535680013334
Q105106751	329013231100006147
Q105106826	329015379380005792
Q105107056	6000000000769993269
Q105107087	6000000007811032748
Q105107185	6000000005749924904
Q1051072	6000000002188450382
Q105107224	6000000009959522684
Q10510832	6000000107789229872
Q10510837	6000000001371858571
Q10510851	6000000040350564304
Q105109110	6000000036650277881
Q105109363	6000000002977455725
Q105109741	6000000010092920334
Q10511031	6000000018736511969
Q10511035	5344801125290115079
Q105110447	6000000003076423415
Q10511067	6000000081963222612
Q105110726	6000000003076648067
Q105114671	6000000008816676505
Q105117016	6000000027852782189
Q105118	6000000029578248590
Q105121	6000000002764365860
Q105122857	6000000203823056838
Q105124809	6000000030994519063
Q105124814	2860757
Q105124818	2860073
Q105124823	328886967680006082
Q105125028	1042023
Q105125336	2860049
Q105126443	6000000001675856787
Q105129105	6000000002271216167
Q105129996	6000000024531166413
Q105131468	6000000003076423704
Q105132319	6000000044150457459
Q10513339	6000000074706270872
Q10513347	6000000075490053922
Q10513386	6000000074726979208
Q105134127	6000000000128889547
Q105134181	6000000094629345953
Q105134512	6000000009754964679
Q1051346	6000000019116751060
Q105134965	6000000001065622401
Q105135341	6000000041998215224
Q105138227	6000000026201857306
Q10513832	6000000019641138761
Q10513842	6000000019633365053
Q10513848	6000000074711201065
Q10513951	6000000074711853983
Q10513960	6000000074691248524
Q10513976	6000000074787533048
Q10513981	6000000074787847866
Q10514	6000000084007094148
Q105140	6000000115721858821
Q10514118	6000000030605017278
Q10514163	6000000074716205881
Q105142115	6000000003681568145
Q105142777	6000000012903784302
Q105144006	6000000085313043835
Q105144962	6000000010616392796
Q105145442	6000000015452869189
Q105146045	6000000018050668189
Q105148368	6000000007071275242
Q10514837	6000000069785401924
Q105148559	6000000007071253234
Q105148898	6000000038134893003
Q105149477	6000000007812610283
Q105149750	6000000001488129778
Q10515090	6000000074718595122
Q10515140	6000000074718729073
Q10515168	6000000075430140911
Q10515246	6000000075408083833
Q10515294	6000000074719123821
Q1051533	6000000036296873952
Q10515372	6000000074719147840
Q1051540	6000000137534353821
Q105155448	6000000019327012027
Q105156843	6000000003063819976
Q10516040	6000000020194590898
Q10516101	6000000075378007821
Q105162147	6000000002597920114
Q10516384	6000000002893035561
Q105167	6000000022794837169
Q10516920	6000000074789150860
Q10516947	6000000047586637983
Q1051725	6000000137990414907
Q10517350	6000000074493122867
Q105173583	6000000009931250526
Q105176317	6000000006436180303
Q10517973	6000000178780737849
Q105180	6000000011434536505
Q105180218	6000000012956351701
Q105180570	6000000012956584217
Q105182477	6000000086134228914
Q105183776	6000000020196586689
Q105187084	6000000000211317768
Q105187491	6000000018029814163
Q105191100	6000000018146248885
Q105191719	6000000005230953348
Q105191759	6000000006767958211
Q105191924	6000000034627549849
Q1051931	6000000171719958886
Q1051934	6000000008414595568
Q1051942	6000000011262498258
Q10520	6000000009145719203
Q105201180	6000000087366035911
Q105201193	6000000007366059202
Q105201906	6000000078400469344
Q105201915	6000000015037961543
Q105202	6000000023935626510
Q105202577	6000000014151441157
Q105204129	6000000022540562010
Q1052063	6000000104657855892
Q105207	6000000069950564908
Q105209	6000000012272863971
Q105210209	6000000001246957274
Q105211	6000000001942537757
Q105215333	6000000057461575853
Q105216	6000000002765848409
Q105217521	6000000015354140772
Q105219527	6000000024643970289
Q105219888	6000000063913977844
Q10522044	6000000017602266858
Q105221	6000000012945331469
Q105222085	6000000017945415241
Q105222088	6000000017945088585
Q105227750	6000000016243143514
Q105227865	6000000015049421138
Q1052296	6000000136859736841
Q1052303	6000000012167484336
Q1052321	6000000030040536228
Q105232319	6000000025541524887
Q1052329	6000000014662559609
Q105233146	6000000002482747957
Q105233146	6000000018224102901
Q105233260	6000000002482700601
Q105233298	6000000000250518282
Q105233391	4516779179410076668
Q105233456	6000000000494514829
Q105233497	6000000004846438409
Q105234729	6000000041378320520
Q1052356	6000000010811551027
Q1052358	6000000001450562287
Q105235831	6000000017756147282
Q105236	6000000033864827193
Q105236712	6000000044284651984
Q105237	6000000008595380780
Q1052374	6000000068450756834
Q1052393	6000000065191000821
Q1052407	6000000002802307433
Q1052416	6000000141008671880
Q105241807	6000000017124628738
Q105242	6000000036984592515
Q105242201	6000000017123993766
Q105243451	6000000018298438851
Q105244	6000000000470048320
Q1052446	6000000086430991296
Q1052458	6000000136912352113
Q105246	6000000014309037910
Q10524706	6000000011154548636
Q1052478	6000000178305572822
Q105247875	6000000017748826889
Q105248214	6000000016310302828
Q105248408	6000000020461327570
Q105251	6000000029144692368
Q10525199	6000000029132301985
Q10525283	6000000074690026303
Q10525881	6000000075481803826
Q105260	6000000135776059887
Q105261255	6000000083339334138
Q10526159	6000000074692168102
Q10526198	6000000074725999273
Q105263081	6000000021285127604
Q10526342	6000000074731774882
Q105264503	6000000122703103205
Q1052659	6000000052682602954
Q105266296	6000000017250734582
Q105267	6000000032324868120
Q105267450	6000000043747900832
Q105273	6000000004873648652
Q105273963	6000000140097500851
Q105274878	6000000001322405372
Q105275194	6000000012058967190
Q105275327	6000000005017372689
Q105275428	6000000021885333229
Q10527549	6000000074692224975
Q105276328	6000000078173305885
Q1052776	6000000086786063662
Q105278965	6000000026094038751
Q105280419	6000000050014823943
Q10528065	6000000051909807260
Q10528095	6000000038132116328
Q105284224	6000000124815406877
Q105286383	6000000014655389847
Q105288260	6000000012185456076
Q1052902	6000000014138272104
Q1052910	6000000068371219837
Q10529209	6000000074786402552
Q105292400	6000000012508248097
Q1052933	6000000013591645056
Q105293457	6000000012508198898
Q10529363	6000000075481078360
Q105293869	6000000000969876621
Q105293946	6000000020092074009
Q105294705	6000000013114841892
Q105295656	6000000017772376625
Q105295711	6000000021610865770
Q105295721	6000000016468977566
Q105295890	6000000021674961431
Q105296155	6000000050180937845
Q1052976	6000000210911461884
Q105298420	6000000010281706427
Q105302	6000000041539361854
Q105302872	6000000004326181215
Q105302933	6000000084804114039
Q105303034	6000000013078354422
Q105304177	4853362847100095447
Q105304531	6000000024445031089
Q105304795	6000000024445121028
Q105306591	6000000087811053887
Q105306953	6000000085819978844
Q105313753	6000000020528302993
Q105313804	6000000026440108614
Q105314	6000000054691997832
Q10531548	6000000074748886065
Q105316593	6000000010081200374
Q105316985	6000000077880190653
Q105318886	6000000015346440766
Q105318886	6000000015346461712
Q105318886	6000000042508920227
Q105319821	6000000018170793759
Q105319821	6000000047339004853
Q105319863	6000000015346446734
Q10531988	6000000007026549057
Q105319917	6000000042280065596
Q105320	6000000021167597894
Q105321137	6000000003243400114
Q105322144	6000000056534199962
Q105322276	6000000048746863968
Q105322473	6000000037887868853
Q105322616	6000000022615830506
Q105322712	6000000042946123778
Q105323061	6000000021679299603
Q105323875	6000000066772148001
Q1053244	6000000137813810888
Q105325400	6000000031211180540
Q105325453	6000000180278713836
Q10532586	6000000074728553987
Q1053260	6000000177272719822
Q105326072	6000000001410050412
Q105327045	6000000016118160125
Q10532705	6000000074728793822
Q105327727	6000000016117749608
Q1053284	6000000177039743857
Q105330545	6000000011435826255
Q105330812	6000000008500791080
Q105330891	6000000078314509928
Q105330918	6000000091176988978
Q105330921	6000000008019010178
Q105330991	6000000010715186102
Q105331001	6000000016240093576
Q105331275	6000000019456421375
Q105332520	6000000037883002829
Q105332569	6000000048753545853
Q105332599	6000000037882529419
Q105332687	6000000014064491574
Q105333740	6000000009048379100
Q105333933	6000000094144448944
Q105335	6000000016506427143
Q105335318	6000000078247276932
Q105335502	6000000007335637614
Q105335839	6000000075228593015
Q1053363	6000000007461865634
Q105336378	6000000012723069459
Q105336456	6000000031412916595
Q105336597	6000000062267107852
Q105336805	6000000007097590471
Q105336966	3992783188750020255
Q105337034	6000000003937243574
Q105337050	4916080840900085721
Q105337057	4916026840460136483
Q105337068	6000000002969921627
Q105337091	6000000003877694247
Q105337094	6000000003221418349
Q105337100	6000000002665454597
Q105337103	6000000003877750396
Q105337196	6000000090274735945
Q105337225	6000000031637167082
Q105337598	6000000013465629013
Q105338	6000000024332848997
Q105338533	6000000038854171224
Q105338574	6000000038853991189
Q105338590	6000000006878830960
Q1053386	6000000181931248850
Q105339429	6000000001318533108
Q105340	6000000019584703278
Q105340566	6000000011551528337
Q1053409	6000000133673612000
Q105342466	6000000012722965583
Q10534335	6000000008248466463
Q105343771	6000000025222947005
Q105344536	6000000036502558771
Q10534760	6000000075346132851
Q105348097	6000000010973879585
Q105348746	6000000021620371863
Q105348820	6000000021619908141
Q105351555	6000000085018155825
Q105351615	6000000139220119890
Q10535295	6000000074690644899
Q10535353	6000000074711233929
Q10535372	6000000074690678928
Q105353790	6000000046005580340
Q105353797	6000000045346669821
Q105353799	6000000202605586829
Q105353805	6000000019832644254
Q105353806	6000000116497457935
Q105353809	6000000117373612951
Q105353810	6000000185402339880
Q105353812	6000000202277424833
Q105353815	6000000093037506045
Q105353821	6000000031451610372
Q105353823	6000000040114426095
Q105353824	6000000006791399232
Q105353827	6000000010432554099
Q105353828	6000000092242335909
Q105353830	6000000198071870844
Q105353834	6000000044434911027
Q105353838	6000000049040215130
Q105353839	6000000023837849822
Q105353844	6000000071637071341
Q105353847	6000000182497067836
Q105353850	6000000024693619457
Q105353851	6000000092786086859
Q105353852	6000000180625321823
Q105353854	6000000014997246505
Q105353855	6000000039514858502
Q105353859	6000000085614996996
Q105353867	6000000212792621840
Q105353868	6000000115429696821
Q105353870	6000000075921451192
Q105353872	6000000173373694626
Q105353873	6000000189785073825
Q105353878	6000000080283788250
Q105353882	6000000166458189836
Q105353900	6000000088696343849
Q105353905	6000000207717320849
Q105353917	6000000078962688958
Q105353918	6000000157519528825
Q105353921	6000000210489634831
Q105353924	6000000200301349825
Q105353925	6000000174743867822
Q105353927	6000000174132015042
Q105353930	6000000078160133373
Q105353931	6000000067847907842
Q105353934	6000000042149250928
Q105353936	6000000061738627931
Q105353942	6000000018872153568
Q105353944	6000000018740148405
Q105353951	6000000176601611821
Q105353953	6000000009914551265
Q105353955	6000000200229775842
Q105353959	6000000179523221822
Q105353960	6000000177510718838
Q105353963	6000000017220311313
Q105353966	6000000034441873113
Q105353969	6000000201798170839
Q105353973	6000000025099090235
Q105353984	6000000127085326868
Q105353989	6000000025387592425
Q105353991	6000000110657117877
Q105353994	6000000199791584831
Q105353995	6000000199791456852
Q105353996	6000000019455269148
Q105353997	6000000009317404910
Q105353999	6000000172796128944
Q105354000	6000000087820418073
Q105354003	6000000191164585827
Q105354007	6000000015412436724
Q105354011	6000000192425561866
Q105354012	6000000187164110846
Q105354015	6000000136533541944
Q105354016	6000000034125592174
Q105354022	6000000127027765821
Q105354029	6000000055703030906
Q105354030	6000000075947935355
Q105354032	6000000204169746843
Q105354038	6000000011463328731
Q105354041	6000000002020900464
Q105354044	6000000077978056594
Q105354051	6000000080301576035
Q105354055	6000000115283994871
Q105354056	6000000049617711850
Q105354062	6000000063333149900
Q105354065	6000000056626985006
Q105354069	6000000088090239988
Q105354076	6000000030013981883
Q105354080	6000000034202184547
Q105354081	6000000044069931152
Q105354082	6000000081243036684
Q105354090	6000000036769859891
Q105354096	6000000141153196963
Q105354101	6000000049096375840
Q105354102	6000000196945524926
Q105354108	6000000047720773124
Q105354110	6000000049583807907
Q105354111	6000000002388920993
Q105354113	6000000018516535639
Q105354114	6000000185251705833
Q105354119	6000000208069753857
Q105354120	6000000082269438929
Q105354123	6000000185467590854
Q105354125	6000000036463203845
Q105354127	6000000057830688872
Q105354128	6000000155568601828
Q105354129	6000000090248310845
Q105354130	6000000028182342466
Q105354134	6000000038742180892
Q105354141	6000000059047282826
Q105354144	6000000125709113827
Q105354145	6000000187725927834
Q105354149	6000000175546292887
Q105354151	6000000090244030421
Q105354163	6000000173847868957
Q105354164	6000000177297089848
Q105354166	6000000181691750821
Q105354167	6000000058601263970
Q105354169	6000000069594411838
Q105354170	6000000203843603859
Q105354171	6000000206805900830
Q105354174	6000000215715556838
Q105354175	6000000030019441312
Q105354176	6000000016487542404
Q105354180	6000000184249320827
Q105354183	6000000093971943839
Q105354184	6000000012410579925
Q105354188	6000000186555557895
Q105354193	6000000012214766422
Q105354194	6000000176974360874
Q105354195	6000000099245978821
Q105354197	6000000097378257835
Q105354199	6000000186243181274
Q105354208	6000000119048990846
Q105354209	6000000080467399881
Q105354210	6000000023984558298
Q105354211	6000000036422794366
Q105354212	6000000176587123881
Q105354216	6000000024461009729
Q105354221	6000000082740143376
Q105354225	6000000055460773912
Q105354226	6000000053416489987
Q105354236	6000000009231907901
Q105354247	6000000017080509613
Q105354250	6000000002174140004
Q105354257	6000000080361522876
Q105354258	6000000182395574822
Q105354259	6000000001371576164
Q105354264	6000000109755717907
Q105354265	6000000017205053863
Q105354270	6000000047462566855
Q105354271	6000000017111215668
Q105354272	6000000177589897837
Q105354273	6000000078148309860
Q105354276	6000000021852750706
Q105354282	6000000209700529821
Q105354284	6000000185259966822
Q105354286	6000000207317798838
Q105354292	6000000006831651561
Q105354299	6000000186119273847
Q105354300	6000000113874671889
Q105354303	6000000048441518840
Q105354308	6000000110283901290
Q105354309	6000000105802479962
Q105354310	6000000083303831941
Q105354314	6000000043470568929
Q105354315	6000000031761198863
Q105354321	6000000044154285890
Q105354324	6000000042848879901
Q105354325	6000000037588604395
Q105354332	6000000108598786176
Q105354335	6000000178703447825
Q105354336	6000000081479058159
Q105354338	6000000071389519973
Q105354344	6000000009318425533
Q105354350	6000000175903335844
Q105354358	6000000205865537910
Q105354361	359349290720010745
Q105354370	6000000037739129825
Q105354372	6000000032995668200
Q105354373	6000000039282977749
Q105354376	6000000030228853469
Q105354379	6000000042661685027
Q105354380	6000000035100778150
Q105354388	6000000078656927161
Q105354389	6000000193361375834
Q105354390	6000000079176389916
Q105354397	6000000000350741088
Q105354399	6000000016597630316
Q105354403	6000000208999157865
Q105354404	6000000176951671821
Q105354407	6000000028614802879
Q105354409	6000000032882939592
Q105354412	6000000037907746987
Q105354415	6000000127838971919
Q105354420	6000000084572112899
Q105354428	6000000028063084883
Q105354429	6000000082421375100
Q105354432	6000000200530004823
Q105354435	6000000184624972854
Q105354437	6000000077198324754
Q105354440	6000000006441439772
Q105354443	6000000190592223826
Q105354456	6000000173218599607
Q105354457	6000000068648247059
Q105354458	6000000068648163006
Q105354460	6000000196431757827
Q105354462	6000000010993107657
Q105354470	6000000044349763072
Q105354477	6000000028151537371
Q105354479	6000000204881219833
Q105354483	6000000023480304070
Q105354486	6000000019249351592
Q105354487	6000000023713227100
Q105354488	6000000004956337433
Q105354491	6000000205995127840
Q105354495	6000000094076233974
Q105354501	6000000133690747070
Q105354502	6000000133691919934
Q105354506	6000000166671364824
Q105354507	6000000166723601866
Q105354510	6000000004055803535
Q105354513	6000000035725185537
Q105354521	6000000035724718682
Q105354525	6000000001135524358
Q105354527	6000000001135636319
Q105354531	6000000013246886883
Q105354533	6000000191595844845
Q105354534	6000000037303189494
Q105354536	6000000081797093246
Q105354546	6000000066825601843
Q105354551	6000000000792850325
Q105354553	6000000071020399836
Q105354556	6000000023222098314
Q105354557	6000000131624912822
Q105354558	6000000200550719823
Q105354559	6000000008560560817
Q105354561	6000000006964650211
Q105354562	6000000001237242095
Q105354564	6000000176894916836
Q105354565	6000000137650512828
Q105354566	6000000015993042603
Q105354574	6000000006157000642
Q105354581	6000000009795329934
Q105354589	6000000191180003845
Q105354590	6000000191179795891
Q105354591	6000000191214394828
Q105354593	6000000206365194821
Q105354594	6000000002280097141
Q105354595	6000000103322535859
Q105354596	6000000188534903821
Q105354597	6000000207957740834
Q105354600	6000000000350797545
Q105354604	6000000175233204937
Q105354608	6000000045916691369
Q105354609	6000000045917671190
Q105354610	6000000178629267843
Q105354612	6000000079896730183
Q105354619	6000000201673214874
Q105354620	6000000025969677546
Q105354621	6000000211074742824
Q105354622	6000000042400097866
Q105354623	6000000201673146856
Q105354624	6000000137354352175
Q105354629	6000000087455830897
Q105354630	6000000176344211865
Q105354635	6000000013278722947
Q105354639	6000000172328389116
Q105354640	6000000172329149897
Q105354641	6000000056676583929
Q105354643	6000000208998237859
Q105354645	6000000176151386825
Q105354646	6000000032974593203
Q105354647	6000000176196628836
Q105354649	6000000098846959868
Q105354650	6000000177409946833
Q105354654	6000000011501353607
Q105354655	6000000191496484833
Q105354666	6000000141966147060
Q105354669	6000000030230063031
Q105354670	6000000199306950840
Q105354672	6000000031145328785
Q105354674	6000000199312366826
Q105354681	6000000173488195843
Q105354684	6000000076454264943
Q105354685	6000000176234094865
Q105354689	6000000058183826029
Q105354690	6000000196520513839
Q105354691	6000000196542455892
Q105354694	6000000196520223875
Q105354696	6000000079863065011
Q105354697	6000000128085468139
Q105354699	6000000068438747935
Q105354702	6000000077551654994
Q105354703	6000000185038058822
Q105354706	6000000109281716918
Q105354707	6000000201220396828
Q105354708	6000000131333722046
Q105354709	6000000201220260824
Q105354711	6000000072440664846
Q105354720	6000000006009901008
Q105354723	6000000028332704429
Q105354728	6000000075728887854
Q105354729	6000000048119272995
Q105354730	6000000048119499844
Q105354731	6000000050703213832
Q105354736	6000000012439962117
Q105354740	6000000188603222876
Q105354743	6000000188602508846
Q105354752	6000000053429660903
Q105354753	6000000040201777572
Q105354759	6000000180095166821
Q105354764	6000000215901700821
Q105354766	6000000215903404822
Q105354769	6000000031059437909
Q105354772	6000000215902736822
Q105354776	6000000215901648822
Q105354778	6000000173134218209
Q105354779	6000000031722965475
Q105354781	6000000170419752838
Q105354786	6000000128838290933
Q105354789	6000000014220362112
Q105354793	6000000036566050883
Q105354796	6000000036560259581
Q105354799	6000000202439788831
Q105354806	6000000065125342863
Q105354810	4410268239070029953
Q105354813	6000000031591864313
Q105354819	6000000016334394766
Q105354821	6000000020423584328
Q105354823	6000000200179958823
Q105354825	6000000205618426832
Q105354827	6000000192451817835
Q105354829	6000000192452383822
Q105354834	6000000179700013823
Q105354836	6000000168650852113
Q105354841	6000000056405216977
Q105354845	6000000168652638845
Q105354846	6000000200658651866
Q105354847	6000000009393682949
Q105354850	6000000093478098831
Q105354863	6000000052302735198
Q105354864	6000000041923790674
Q105354865	4451557538200063379
Q105354866	4451779672260063034
Q105354872	6000000017497480386
Q105354875	6000000055813482842
Q105354876	6000000026080159920
Q105354884	6000000071136059858
Q105354887	6000000011760318841
Q105354888	6000000138616829885
Q105354889	6000000036503603864
Q105354890	6000000001805551557
Q105354892	6000000026079850277
Q105354894	6000000125611047821
Q105354903	6000000084050925948
Q105354905	6000000081303586905
Q105354906	6000000154657872009
Q105354907	6000000001271996123
Q105354911	6000000006349629096
Q105354913	6000000205451418833
Q105354917	6000000011175223094
Q105354919	6000000044248355065
Q105354921	6000000051550940857
Q105354923	6000000205476763852
Q105354926	6000000038926199127
Q105354927	6000000172620827574
Q105354928	6000000100817873896
Q105354929	6000000106158927924
Q105354930	6000000053385381992
Q105354932	6000000078527234058
Q105354934	6000000014744668424
Q105354937	6000000023252759396
Q105354939	6000000026962408652
Q105354942	6000000011093204430
Q105354945	6000000012554967554
Q105354946	6000000196343670821
Q105354948	6000000032428998154
Q105354950	6000000090145531876
Q105354952	6000000026961611761
Q105354953	6000000037718610823
Q105354954	6000000040756202284
Q105354958	6000000121089836858
Q105354960	6000000192198494834
Q105354964	6000000011514781496
Q105354965	6000000055813022048
Q105354968	6000000041457229030
Q105354970	6000000037718320176
Q105354973	6000000018703376407
Q105354974	6000000194925016826
Q105354976	6000000083077262124
Q105354977	6000000006374403927
Q105354978	6000000077998621824
Q105354981	6000000095911088842
Q105354983	6000000036963222045
Q105354984	6000000081810536856
Q105354985	6000000139883190821
Q105354986	6000000028354232300
Q105354987	6000000002388922048
Q105354988	6000000081283099064
Q105354990	6000000084235875881
Q105354991	6000000077997751450
Q105354992	6000000002388925891
Q105354994	6000000172900913745
Q105354995	6000000011760521306
Q105354997	6000000001658252286
Q105355000	4644939964270082489
Q105355009	6000000180069537859
Q105355011	6000000044134025253
Q105355012	6000000052800098045
Q105355013	6000000032552815854
Q105355018	6000000172896953177
Q105355021	6000000036962969376
Q105355023	6000000121089046926
Q105355028	6000000176861262823
Q105355030	6000000202617887824
Q105355036	6000000077283173669
Q105355040	6000000036263569111
Q105355041	6000000031003759378
Q105355043	6000000209817279838
Q105355044	6000000082473624630
Q105355046	6000000013382303764
Q105355047	6000000006374376041
Q105355051	6000000209816873827
Q105355053	363764726190007378
Q105355055	6000000042297048612
Q105355056	6000000081838180821
Q105355057	6000000015522122362
Q105355058	6000000029982696157
Q105355062	6000000076889401841
Q105355066	6000000078510925859
Q105355070	6000000075930402104
Q105355071	6000000010806589738
Q105355072	6000000045957060918
Q105355073	6000000033393027308
Q105355074	6000000061283018876
Q105355078	6000000056900384821
Q105355083	6000000056900197824
Q105355086	6000000047776252004
Q105355090	6000000086227940901
Q105355091	6000000038972897934
Q105355093	6000000027022425835
Q105355094	6000000050049260829
Q105355095	6000000001658274519
Q105355096	6000000085041326993
Q105355098	6000000023500926259
Q105355099	6000000200239122854
Q105355100	6000000160388979841
Q105355101	6000000200262907835
Q105355104	6000000026667609828
Q105355114	6000000112331529865
Q105355119	6000000048487690055
Q105355122	6000000048488813821
Q105355125	6000000027321605418
Q105355129	6000000201598310826
Q105355130	6000000200412506830
Q105355131	6000000175968810895
Q105355135	6000000017111240158
Q105355136	6000000001899122764
Q105355137	6000000030223874647
Q105355142	6000000033422433073
Q105355152	6000000077488737124
Q105355155	6000000008730737234
Q105355156	6000000058675307825
Q105355164	6000000002678638562
Q105355165	6000000026747239637
Q105355166	6000000172774312970
Q105355170	6000000013677146377
Q105355173	6000000074287610089
Q105355174	6000000019135452372
Q105355178	6000000026751500908
Q105355181	6000000009688368986
Q105355182	6000000027320232409
Q105355185	6000000002568355253
Q105355187	6000000100765468054
Q105355191	6000000169647815854
Q105355197	6000000205537317825
Q105355199	6000000007391764042
Q105355204	3376117
Q105355205	6000000201598384829
Q105355212	6000000046222318087
Q105355215	6000000026745737063
Q105355217	6000000074287980856
Q105355218	6000000189981308843
Q105355223	6000000189552568823
Q105355224	6000000008500470896
Q105355225	6000000177563855853
Q105355228	6000000031565750228
Q105355230	6000000040150918264
Q105355231	6000000009243480343
Q105355233	6000000081810126893
Q105355236	6000000002678638597
Q105355237	6000000167389451864
Q105355238	6000000013676876545
Q105355239	6000000178094561826
Q105355242	6000000173680033995
Q105355245	6000000183259334821
Q105355249	6000000001925020758
Q105355250	6000000002678638612
Q105355251	6000000114764222165
Q105355252	6000000023260381960
Q105355255	6000000192597199830
Q105355260	6000000007923519125
Q105355262	6000000192596959842
Q105355263	6000000206706028834
Q105355264	6000000017641569467
Q105355267	6000000216063543841
Q105355268	6000000015583362250
Q105355269	6000000031565233361
Q105355272	6000000026187981167
Q105355273	6000000185441423192
Q105355280	6000000043230546734
Q105355283	6000000199065388824
Q105355284	6000000009243312918
Q105355285	6000000182110664821
Q105355286	6000000039175250104
Q105355287	6000000057606982836
Q105355289	6000000199065326831
Q105355293	6000000036530043945
Q105355294	6000000157936846821
Q105355302	6000000033328598437
Q105355304	6000000032709370049
Q105355307	6000000042644568910
Q105355312	6000000023252740739
Q105355313	6000000015583385274
Q105355314	6000000180766708824
Q105355315	6000000008729661133
Q105355316	6000000079623321004
Q105355320	6000000121179247830
Q105355321	6000000018712615216
Q105355323	6000000040150701490
Q105355324	6000000178113027821
Q105355325	6000000187797252821
Q105355326	6000000018711480866
Q105355328	6000000206705959828
Q105355332	6000000186377960833
Q105355336	6000000041426887279
Q105355340	6000000077996538235
Q105355352	6000000031001353929
Q105355353	6000000200691331843
Q105355364	6000000009447856835
Q105355365	6000000044792949934
Q105355366	6000000023949807439
Q105355382	6000000205560839934
Q105355387	6000000043683289276
Q105355388	6000000043683658025
Q105355391	6000000078407029910
Q105355393	6000000171757906217
Q105355395	6000000067688957821
Q105355396	6000000021089333792
Q105355397	6000000177465323859
Q105355403	6000000214805983841
Q105355405	6000000214707465829
Q105355406	6000000050630344851
Q105355407	6000000114033550878
Q105355408	6000000032400234095
Q105355413	6000000209105054844
Q105355414	6000000017108253659
Q105355419	6000000036712461808
Q105355420	6000000175052977951
Q105355425	6000000175519579822
Q105355426	6000000040477941864
Q105355429	6000000191489648831
Q105355431	6000000180937623856
Q105355433	6000000191191568834
Q105355434	6000000047559165638
Q105355435	6000000194779001821
Q105355436	6000000194536895918
Q105355437	6000000084957671963
Q105355441	6000000044340946821
Q105355442	6000000042200023667
Q105355445	6000000185554373104
Q105355446	6000000197796779492
Q105355448	6000000106944606841
Q105355449	6000000014896764614
Q105355453	6000000079199932868
Q105355459	6000000207976249824
Q105355461	6000000176402169823
Q105355462	6000000176402398821
Q105355465	6000000116121416821
Q105355469	6000000195903954844
Q105355470	6000000018635702077
Q105355471	6000000208326883912
Q105355472	6000000035099749331
Q105355481	6000000209787714825
Q105355483	6000000165373347854
Q105355488	6000000018629026012
Q105355490	6000000093971525977
Q105355501	6000000046292074927
Q105355502	6000000008457727744
Q105355503	6000000006756467522
Q105355504	6000000058310087098
Q105355505	6000000178628147858
Q105355506	6000000068431733866
Q105355507	6000000077505593550
Q105355513	6000000037792682103
Q105355514	6000000037807696931
Q105355515	6000000037792923861
Q105355517	6000000029905637499
Q105355518	6000000201662256826
Q105355519	6000000194931639821
Q105355520	6000000201662595825
Q105355521	6000000003450880249
Q105355522	6000000166007135951
Q105355524	6000000003451002411
Q105355525	6000000175159628981
Q105355526	6000000166007724948
Q105355527	6000000166006644120
Q105355528	6000000006712312045
Q105355529	6000000006145515592
Q105355530	6000000076208881824
Q105355531	6000000006147928755
Q105355532	6000000006711216930
Q105355533	6000000006712406019
Q105355534	6000000006148051584
Q105355535	6000000009919416936
Q105355545	6000000145005942912
Q105355546	6000000032406027826
Q105355547	6000000032405540155
Q105355551	6000000008402327509
Q105355552	362849391300004823
Q105355561	6000000016869909722
Q105355565	6000000174750577833
Q105355566	6000000045957802046
Q105355568	6000000183424830839
Q105355569	6000000183424871848
Q105355572	6000000183424843861
Q105355573	6000000183425248821
Q105355577	6000000205579294821
Q105355578	6000000003216804173
Q105355582	6000000205579101837
Q105355589	6000000045958676634
Q105355591	6000000036057197876
Q105355592	6000000045959549970
Q105355593	6000000076623426104
Q105355598	6000000079506790849
Q105355599	6000000144962597335
Q105355603	6000000039303475865
Q105355606	6000000045959891842
Q105355611	6000000056219863881
Q105355615	6000000049498932837
Q105355620	6000000077170977778
Q105355622	6000000104658209891
Q105355624	6000000081075042937
Q105355627	6000000100954678916
Q105355628	6000000210429126832
Q105355630	6000000120389221834
Q105355634	6000000210428921842
Q105355637	6000000193042996840
Q105355640	6000000011393060595
Q105355641	6000000005381803152
Q105355645	6000000076241948049
Q105355650	6000000174214115909
Q105355651	6000000001676607957
Q105355656	6000000192463287874
Q105355662	6000000046507586909
Q105355666	6000000182212888863
Q105355670	6000000032151386132
Q105355675	6000000192463137842
Q105355678	6000000141121854016
Q105355683	6000000027894457498
Q105355694	6000000033145152246
Q105355696	6000000180312837851
Q105355704	6000000039331142213
Q105355705	6000000039331398867
Q105355707	6000000004043022129
Q105355708	6000000022130602155
Q105355709	6000000004249663124
Q105355710	6000000062468807992
Q105355712	6000000032207039159
Q105355718	6000000002742973698
Q105355722	6000000200439796821
Q105355723	6000000125965644874
Q105355724	6000000003100592380
Q105355727	6000000086375881969
Q105355729	6000000082744361984
Q105355731	6000000087770518292
Q105355736	6000000028582051022
Q105355742	6000000035945608581
Q105355743	6000000026002723753
Q105355750	6000000079188091931
Q105355752	6000000037919760900
Q105355753	6000000037919111482
Q105355754	6000000187527266842
Q105355755	6000000187527117851
Q105355756	6000000076311467985
Q105355758	6000000197191526836
Q105355760	6000000018743706813
Q105355761	6000000033914178101
Q105355767	6000000179542483886
Q105355772	6000000041776303346
Q105355773	6000000013092498314
Q105355774	6000000061758127932
Q105355776	6000000096408868930
Q105355782	6000000082300562090
Q105355786	6000000022936420039
Q105355787	6000000022936491971
Q105355789	6000000145982991832
Q105355790	6000000145988883832
Q105355791	6000000088690964822
Q105355792	6000000087111056973
Q105355798	6000000041266371435
Q105355799	6000000006741759296
Q105355802	6000000192617338828
Q105355803	6000000041267403232
Q105355804	6000000087110990084
Q105355806	6000000013379842238
Q105355808	6000000035158551772
Q105355810	6000000003343164288
Q105355811	6000000003342830161
Q105355813	6000000186308166045
Q105355814	6000000191062993847
Q105355815	6000000087107589833
Q105355816	6000000006741528753
Q105355820	6000000012599873398
Q105355821	6000000055372419890
Q105355822	6000000051334285890
Q105355823	6000000187614956856
Q105355824	6000000040998641123
Q105355828	6000000034296902935
Q105355832	6000000188911669865
Q105355833	6000000095423784842
Q105355836	6000000065548588620
Q105355838	6000000095421945111
Q105355841	6000000034296923994
Q105355843	6000000065549385967
Q105355845	6000000210527594821
Q105355856	6000000188066974840
Q105355858	6000000122260263852
Q105355859	6000000131828175824
Q105355860	6000000214891390840
Q105355861	6000000010672934395
Q105355862	6000000145763117878
Q105355863	6000000082351149727
Q105355864	6000000082820644020
Q105355869	6000000033927404781
Q105355876	6000000041281883008
Q105355877	6000000167812211821
Q105355878	6000000167811381857
Q105355880	6000000125378839904
Q105355881	6000000211679671826
Q105355885	6000000056430086962
Q105355886	6000000024544743565
Q105355889	6000000030369169047
Q105355890	6000000008673121612
Q105355892	6000000117397787846
Q105355893	6000000211679779821
Q105355894	6000000167811023058
Q105355895	6000000186564428826
Q105355896	6000000011627152148
Q105355898	6000000050823552018
Q105355903	6000000016950161119
Q105355904	6000000063114244985
Q105355905	6000000062913630954
Q105355908	6000000194665101824
Q105355909	6000000194651566830
Q105355914	6000000173128522035
Q105355915	6000000048185244256
Q105355916	6000000031999810752
Q105355917	6000000048184968705
Q105355934	6000000040333818112
Q105355936	6000000040333788363
Q105355937	6000000040334369913
Q105355938	6000000031502037483
Q105355939	6000000183801224853
Q105355940	6000000033096931167
Q105355942	6000000078732230964
Q105355944	6000000078702152626
Q105355945	6000000008978218292
Q105355959	6000000056435984835
Q105355965	6000000022734319905
Q105355967	6000000021025957423
Q105355968	6000000011869616078
Q105355970	6000000031708435065
Q105355971	6000000039859644466
Q105355976	6000000151894018822
Q105355977	6000000187400479823
Q105355978	6000000147634896996
Q105355983	6000000031053355421
Q105355984	6000000033092730412
Q105355985	6000000043827843103
Q105355991	6000000078131487457
Q105355992	6000000033092998876
Q105355997	6000000083898591381
Q105355999	6000000039859700244
Q105356000	6000000032565771994
Q105356001	6000000050469309821
Q105356004	6000000090859829862
Q105356005	6000000051854283896
Q105356006	6000000010299640010
Q105356018	6000000082862194976
Q105356019	6000000014314951788
Q105356021	6000000043827989853
Q105356024	6000000022988619216
Q105356025	6000000018479080390
Q105356027	6000000039859831298
Q105356032	6000000176041636852
Q105356039	6000000033095836166
Q105356040	6000000162011564821
Q105356044	6000000175888343877
Q105356046	6000000002765265181
Q105356048	6000000035700260938
Q105356050	6000000085655604847
Q105356051	6000000089801738924
Q105356055	6000000171757962726
Q105356061	6000000178068382821
Q105356064	6000000056419248987
Q105356065	6000000194707001881
Q105356067	6000000077892150788
Q105356078	6000000186184826150
Q105356084	6000000179195106839
Q105356085	6000000181024307875
Q105356088	6000000015332900883
Q105356089	6000000187652183993
Q105356090	6000000125921401822
Q105356091	6000000079186663950
Q105356092	6000000190235236822
Q105356094	6000000073766584942
Q105356096	6000000076930538174
Q105356097	6000000133901462846
Q105356099	6000000011483290406
Q105356100	6000000169317649900
Q105356101	6000000000987053599
Q105356102	6000000010027400189
Q105356105	6000000026219535947
Q105356106	6000000010027400196
Q105356107	6000000133901825932
Q105356108	6000000026219400395
Q105356110	6000000048854274067
Q105356111	6000000026762480502
Q105356118	6000000196942115835
Q105356119	6000000039402796835
Q105356120	6000000046834580858
Q105356123	6000000185310209899
Q105356124	6000000185310448904
Q105356128	6000000017525679164
Q105356129	6000000205722928830
Q105356134	6000000184705030985
Q105356149	6000000015403775641
Q105356150	6000000082312878474
Q105356152	6000000186824069821
Q105356153	6000000002764837009
Q105356157	6000000186822816834
Q105356159	6000000023429962853
Q105356162	6000000037823820150
Q105356163	6000000037823878917
Q105356167	6000000216430468828
Q105356168	6000000216430329849
Q105356171	6000000216401207860
Q105356172	6000000053104399858
Q105356173	6000000011613115235
Q105356176	6000000011613075248
Q105356177	6000000216398545821
Q105356178	6000000216396419831
Q105356179	6000000011612674642
Q105356183	6000000019000813217
Q105356187	6000000027323614416
Q105356198	6000000023468557832
Q105356200	6000000061090196901
Q105356218	6000000079416741202
Q105356223	6000000194276399846
Q105356226	6000000194313246838
Q105356229	6000000002215936806
Q105356230	6000000002215936798
Q105356231	6000000002215929679
Q105356234	6000000002215941873
Q105356235	6000000207714755825
Q105356236	6000000196333849888
Q105356266	6000000182508912912
Q105356267	6000000087776039097
Q105356271	6000000028831029972
Q105356274	6000000067338433859
Q105356278	6000000082312805456
Q105356281	6000000067337585921
Q105356284	6000000202183456827
Q105356286	6000000202201842826
Q105356287	6000000202183309848
Q105356298	6000000020421130122
Q105356303	6000000044041962335
Q105356305	6000000008049905747
Q105356306	6000000205865581860
Q105356319	6000000038497569016
Q105356324	6000000054241201827
Q105356330	6000000175104535578
Q105356332	6000000175117502969
Q105356334	6000000175105546126
Q105356336	6000000025914789433
Q105356338	6000000185471574177
Q105356339	6000000025915672846
Q105356348	6000000119384892858
Q105356352	6000000186706653904
Q105356356	6000000186723242861
Q105356358	6000000186723473877
Q105356359	6000000186723239869
Q105356361	6000000186723567840
Q105356369	6000000080654957155
Q105356413	6000000177972598829
Q105357	6000000161670795840
Q105357026	6000000006127494562
Q105358262	6000000200029441850
Q105358264	6000000077288720926
Q105358271	6000000120274889832
Q105358275	6000000178385355856
Q105358276	6000000035725818901
Q105358283	6000000006374303549
Q105358287	6000000188779394821
Q105358298	6000000119321504910
Q105358305	6000000003429534851
Q10535842	6000000069651282983
Q105358683	6000000008631300265
Q105358688	6000000007278055083
Q105358842	6000000035097574693
Q105358933	6000000018856409832
Q105359028	6000000157936574894
Q105359172	6000000026338343674
Q105359761	6000000184952196826
Q105359777	6000000039023743346
Q105359781	6000000127364836986
Q105359801	6000000181362915869
Q105359815	6000000172076165910
Q105359819	6000000188817623833
Q105359821	6000000188817855822
Q105359829	6000000013651370784
Q105359842	6000000015216381993
Q105359846	6000000026647363490
Q105359857	6000000107284968854
Q105359860	6000000105296856910
Q105359864	6000000022108894200
Q105359894	6000000113205197822
Q105359896	6000000113203585081
Q105359906	6000000002361917768
Q105359911	6000000002361917759
Q105359917	6000000076165801986
Q105359919	6000000031642366481
Q105359947	6000000087972105837
Q105359949	6000000087971850931
Q105359950	6000000082309513980
Q105359953	6000000008426191742
Q105359958	6000000188111399824
Q105359961	6000000188111345837
Q105359968	6000000182126776862
Q105359970	6000000103812400821
Q105359974	6000000067859986967
Q105359976	6000000079797091541
Q105359986	6000000139303548893
Q105359988	6000000089035425230
Q105359991	6000000207288289868
Q105359992	6000000207289566880
Q105359996	6000000207289959832
Q105360006	6000000088160245882
Q105360009	6000000027038618549
Q105360011	6000000088157933002
Q105360014	6000000088155037838
Q105360016	6000000027039901178
Q105360018	6000000033741064886
Q105360020	6000000088153726934
Q105360021	6000000058977752215
Q105360023	6000000027022416959
Q105360026	6000000027039957870
Q105360030	6000000206140293821
Q105360033	6000000202366164861
Q105360035	6000000032677843455
Q105360041	6000000202373312846
Q105360042	6000000202373355849
Q105360044	6000000065618170095
Q105360047	6000000062364669881
Q105360054	6000000105282494846
Q105360057	6000000128747242886
Q105360062	6000000186418698836
Q105360066	6000000186417907919
Q105360071	6000000125372480863
Q105360074	6000000092690762864
Q105360076	6000000209249391837
Q105360079	6000000077111201915
Q105360080	6000000206888451822
Q105360084	6000000191331183832
Q105360086	6000000191293892833
Q105360087	6000000163598778010
Q105360092	6000000077986731825
Q105360099	6000000079940929874
Q105360101	6000000002508140088
Q105360104	6000000002507781513
Q105360109	6000000195632110833
Q105360129	6000000145979170998
Q105360147	6000000175985516837
Q105360149	6000000027883341809
Q105360154	6000000044025938062
Q105360161	6000000208504203836
Q105360164	6000000208504173856
Q105360166	6000000044067755188
Q105360182	6000000077659818159
Q105360185	6000000087299109834
Q105360189	6000000094451959843
Q105360191	6000000094451809907
Q105360193	6000000094452118852
Q105360197	6000000206440910828
Q105360199	6000000206440834860
Q105360207	6000000012845128246
Q105360211	6000000040122351454
Q105360213	6000000046240282097
Q105360215	6000000078141574890
Q105360228	6000000040122510204
Q105360232	6000000049671925851
Q105360235	6000000037671778352
Q105360239	6000000105302676272
Q105360240	6000000105304177923
Q105360242	6000000076037199193
Q105360245	6000000028948683840
Q105360247	6000000028937343547
Q105360404	6000000011136276352
Q105360407	6000000021933158751
Q105360411	6000000000962290002
Q105360415	6000000016232527970
Q105360422	4493052184500032983
Q105360424	6000000077763361483
Q105360433	6000000195153018866
Q105360436	6000000045960343926
Q105360437	6000000190784244825
Q105360449	6000000027894039646
Q105360451	6000000036573539875
Q105360454	6000000027894369153
Q105360456	6000000084100376534
Q105360458	6000000197941971829
Q105360460	6000000078130809650
Q105360463	6000000036608161934
Q105360475	6000000193956846844
Q105360498	6000000184286754862
Q105360503	6000000184287051853
Q105360505	6000000085026421892
Q105360506	6000000016496302231
Q105360513	6000000190204399835
Q105360515	6000000190205026890
Q105360518	6000000104371629822
Q105360519	6000000104373514821
Q105360525	6000000199205071847
Q105360527	6000000174817036918
Q105360532	6000000196719059845
Q105360536	6000000117625742951
Q105360542	6000000120286292833
Q105360546	6000000090194096959
Q105360551	6000000046178888821
Q105360557	6000000069968771299
Q105360569	6000000211344837821
Q105360577	6000000208091792851
Q105360585	6000000085173122157
Q105360590	6000000097155748090
Q105360602	6000000046420865971
Q105360603	6000000176062641923
Q105360605	6000000042706239957
Q105360607	6000000132759483468
Q105360618	6000000046420968866
Q105360622	6000000176063817837
Q105360624	6000000121403977860
Q105360626	6000000029243205762
Q105360661	6000000024026897088
Q105360662	6000000118373886879
Q105360668	6000000118374294821
Q105360673	6000000208864744837
Q105360690	6000000044495064989
Q105360691	6000000054908552031
Q105360694	6000000114760967845
Q105360696	6000000114759132112
Q105360711	6000000202980003824
Q105360719	6000000109010375324
Q105360722	6000000081879137069
Q105360729	6000000186699388840
Q105360730	6000000080813826942
Q105360731	6000000092289463830
Q105360733	6000000167390884917
Q105360740	6000000032958243930
Q105360744	6000000032964431078
Q105360746	6000000038540463225
Q105360751	6000000006374305601
Q105360752	6000000202980028821
Q105360753	6000000046378905608
Q105360754	6000000202981764900
Q105360756	6000000061370990823
Q105360757	6000000031834381171
Q105360758	6000000006374274959
Q105360764	6000000208729334831
Q105360765	6000000062612581154
Q105360767	6000000167390701139
Q105360771	6000000000825422799
Q105360772	6000000216223438831
Q105360779	6000000216223737832
Q105360783	6000000035655069843
Q105360784	6000000027761753403
Q105360785	6000000046726285992
Q105360789	4843670367240030204
Q105360793	6000000011872170471
Q105360796	6000000068914776876
Q105360801	6000000216205370833
Q105360805	6000000062613303995
Q105360809	6000000013868366217
Q105360814	6000000167390756080
Q105360824	6000000031456404332
Q105360829	6000000079741299979
Q105360836	6000000207977212830
Q105360844	6000000207977270853
Q105360846	6000000185341529978
Q105360852	6000000083909061217
Q105360856	6000000083908005788
Q105360859	6000000031117896871
Q105360863	6000000073948768289
Q105360869	6000000028482786982
Q105360874	6000000172939428073
Q105360880	6000000087188559821
Q105360893	6000000180241780881
Q105360894	6000000176994027850
Q105360906	6000000079241417864
Q105360907	6000000105326565173
Q105360910	6000000032721606024
Q105360913	6000000020379129809
Q105360920	6000000031921762557
Q105360931	6000000180098226827
Q105360932	6000000045960504009
Q105360937	6000000035564332336
Q105360942	6000000044369225874
Q105360943	6000000045960439106
Q105360945	6000000030014653088
Q105360948	6000000086352224939
Q105360949	6000000035665434638
Q105360950	6000000031346571212
Q105360952	6000000044368681340
Q105360959	6000000005931147705
Q105360963	6000000197102548830
Q105360980	6000000014149799614
Q105360984	6000000037366925650
Q105360993	6000000047545557939
Q105360999	6000000029323050840
Q105361002	6000000024762285939
Q105361006	6000000031797834120
Q105361009	6000000196192069852
Q105361011	6000000091765996073
Q105361012	6000000196192368826
Q105361014	6000000185202483829
Q105361019	6000000185202065828
Q105361023	6000000188884671834
Q105361024	6000000188884019893
Q105361029	6000000050423683901
Q105361030	6000000195761069857
Q105361032	6000000195761462834
Q105361040	6000000011627091084
Q105361044	6000000073090941830
Q105361049	6000000032391770845
Q105361054	6000000205423574862
Q105361057	6000000206941779933
Q105361058	6000000078345603951
Q105361061	6000000040564350092
Q105361062	6000000038122036937
Q105361065	6000000055023486099
Q105361066	6000000055023979992
Q105361067	6000000149226966850
Q105361070	6000000209535047828
Q105361075	6000000081471246450
Q105361076	6000000071390498224
Q105361078	6000000081471796165
Q105361089	6000000007453890325
Q105361099	6000000189281605827
Q105361108	6000000178166647824
Q105361115	6000000019846576110
Q105361116	6000000013166446354
Q105361117	6000000013166250864
Q105361118	6000000019846331434
Q105361120	6000000013166451339
Q105361123	6000000077119796154
Q105361133	3908022
Q105361138	6000000012620811946
Q105361140	6000000114748898968
Q105361141	3908090
Q105361143	6000000077144274112
Q105361150	6000000128958138953
Q105361153	6000000080361982961
Q105361159	6000000125999714904
Q105361161	6000000032381648426
Q105361167	6000000171733636844
Q105361180	6000000111915932877
Q105361190	6000000111915360068
Q105361196	6000000176724721821
Q105361210	6000000189253086821
Q105361220	6000000195028187826
Q105361225	6000000203900528841
Q105361229	6000000045961287821
Q105361231	6000000114693291443
Q105361242	6000000176876753821
Q105361251	6000000047138350883
Q105361254	6000000047138428821
Q105361259	6000000103913153037
Q105361260	6000000085630945075
Q105361262	6000000176837722822
Q105361265	6000000214424873839
Q105361268	6000000051910379918
Q105361275	6000000058868995610
Q105361277	6000000013936934742
Q105361296	6000000082577425965
Q105361297	6000000212894298823
Q105361298	6000000084130096232
Q105361299	6000000013505393158
Q105361300	6000000013515282608
Q105361302	6000000147350247826
Q105361305	6000000084130390947
Q105361306	6000000212892010825
Q105361317	6000000013515417734
Q105361322	6000000035736163213
Q105361324	348219585330006175
Q105361327	6000000212892302821
Q105361329	348220558550011378
Q105361335	6000000012375019532
Q105361338	6000000208881338834
Q105361341	6000000033673977020
Q105361343	6000000007201808320
Q105361346	6000000208880053867
Q105361349	6000000028030213729
Q105361352	6000000208863889839
Q105361354	6000000007201582935
Q105361356	6000000027275368244
Q105361359	6000000027275383275
Q105361361	6000000028030597938
Q105361365	6000000208884850928
Q105361373	6000000115259783281
Q105361378	6000000116542510855
Q105361388	6000000012610265115
Q105361389	6000000068490269845
Q105361397	6000000003883833383
Q105361398	6000000042193377693
Q105361402	6000000046120474843
Q105361408	6000000095731633552
Q105361417	6000000095734338825
Q105361424	6000000010543389435
Q105361428	6000000121974825833
Q105361429	6000000121973455964
Q105361431	6000000012620743471
Q105361435	6000000003724648057
Q105361438	6000000190404068839
Q105361440	6000000022755613873
Q105361443	6000000060311122902
Q105361446	6000000078217337115
Q105361475	6000000003724481423
Q105361479	6000000058431162986
Q105361481	6000000024999121342
Q105361484	6000000176063029852
Q105361491	6000000174095417278
Q105361492	6000000199909493845
Q105361502	6000000009038508481
Q105361503	6000000008826296678
Q105361504	6000000178637403881
Q105361509	6000000084655638850
Q105361515	6000000007321164309
Q105361521	6000000007320604168
Q105361529	6000000025456733319
Q105361531	6000000017051096159
Q105361532	6000000019126513921
Q105361533	6000000000079503475
Q105361538	6000000176588349832
Q105361545	6000000045674831899
Q105361550	6000000125867943822
Q105361554	6000000000079540627
Q105361558	6000000000079647163
Q105361561	6000000120432714833
Q105361562	6000000120433055821
Q105361568	6000000041537889865
Q105361569	6000000023969468264
Q105361572	6000000041537438416
Q105361573	6000000005599162384
Q105361576	6000000196679175840
Q105361578	6000000070402143059
Q105361579	6000000178533158013
Q105361589	6000000178739895846
Q105361598	6000000178739895840
Q105361608	6000000039732893575
Q105361610	6000000058345150942
Q105361615	4055147545160046149
Q105361623	6000000013249044599
Q105361630	6000000002007140922
Q105361636	6000000208123104857
Q105361640	6000000078617457870
Q105361642	6000000208122965905
Q105361651	6000000057726646378
Q105361654	6000000179953038821
Q105361656	6000000058080554945
Q105361678	6000000023780329822
Q105361683	6000000044039394917
Q105361691	6000000037990923976
Q105361696	6000000179952485829
Q105361702	6000000023778359389
Q105361709	6000000046745259470
Q105361710	6000000185259587842
Q105361711	6000000185259788830
Q105361712	6000000104131664834
Q105361720	6000000034040197190
Q105361726	6000000002824476651
Q105361738	6000000193320670845
Q105361742	6000000193323557829
Q105361750	6000000031448503139
Q105361752	6000000154022076821
Q105361756	6000000031473491975
Q105361763	6000000194222707837
Q105361765	6000000194222517842
Q105361772	6000000194223158876
Q105361777	6000000177479195883
Q105361789	6000000045960531065
Q105361792	6000000081244714001
Q105361795	6000000086547815988
Q105361798	6000000175230883142
Q105361810	6000000083794795880
Q105361811	6000000013731631099
Q105361817	6000000029287609880
Q105361821	6000000100950540072
Q105361826	6000000177488739823
Q105361830	6000000039896578289
Q105361833	6000000170282905128
Q105361845	6000000089493639026
Q105361846	6000000202778981852
Q105361854	6000000137597438424
Q105361863	6000000086375224914
Q105361867	6000000086286120821
Q105361871	6000000034388506930
Q105361872	6000000084076670000
Q105361873	6000000037948595883
Q105361879	6000000084075842831
Q105361880	6000000205456950922
Q105361881	6000000077318528886
Q105361885	6000000084350553252
Q105361887	6000000084352389886
Q105361892	6000000084346719108
Q105361896	6000000210381927858
Q105361897	6000000084346433252
Q105361900	6000000041877017569
Q105361939	6000000179035130849
Q105361956	6000000201622191837
Q105361961	6000000187064232827
Q105361963	6000000201620062845
Q105361965	6000000201622359842
Q105361972	6000000110709516862
Q105361973	6000000174132408847
Q105361977	6000000201620184822
Q105361980	6000000201620257821
Q105361986	6000000201621968956
Q105361988	4543538209860053651
Q105361992	6000000196327547821
Q105361997	6000000172433534267
Q1053620	6000000137846521821
Q105362001	6000000081057527214
Q105362003	6000000044102342544
Q105362006	6000000030880584521
Q105362008	6000000010866680231
Q105362013	6000000190126488915
Q105362018	6000000128086789963
Q105362024	6000000081057811936
Q105362026	6000000103766287883
Q105362036	6000000128088496881
Q105362045	6000000000621484636
Q105362048	4543538235970012007
Q105362051	4586829312670086203
Q105362053	6000000174909926175
Q105362060	6000000196327302882
Q105362066	6000000095423882093
Q105362074	6000000087291235935
Q105362076	6000000191760152880
Q105362080	6000000190212846823
Q105362085	6000000002361964011
Q105362088	6000000190219073834
Q105362091	6000000178849669888
Q105362095	6000000058659825848
Q105362097	6000000058659731913
Q105362098	6000000175778183855
Q105362108	6000000004057561232
Q105362113	6000000004057561240
Q105362115	6000000001519097017
Q105362116	6000000000533574889
Q105362117	6000000003942747827
Q105362120	6000000009334252219
Q105362125	6000000180382838835
Q105362127	6000000053271747015
Q105362134	6000000085273220930
Q105362146	6000000007969349327
Q105362147	6000000082670036893
Q105362162	6000000004967339850
Q105362163	6000000178980157964
Q105362177	6000000074713332862
Q105362181	6000000048617913885
Q105362182	6000000023034233829
Q105362185	6000000090131141966
Q105362189	6000000023034471832
Q105362190	6000000182239803827
Q105362191	6000000186249220582
Q105362198	6000000043302318050
Q105362205	6000000081038634987
Q105362206	6000000156938456843
Q105362215	6000000018942837138
Q105362217	6000000036011571447
Q105362218	6000000034344908127
Q105362222	6000000083123255142
Q105362226	6000000048615078898
Q105362227	6000000216323365821
Q105362229	6000000141070338895
Q105362232	6000000029732997137
Q105362243	6000000006411929418
Q105362245	6000000008993871217
Q105362260	6000000028624992832
Q105362263	6000000206443060862
Q105362266	6000000097061243455
Q105362267	6000000028624710316
Q105362269	6000000036972991184
Q105362278	6000000012773545130
Q105362283	6000000164730740927
Q105362285	6000000007386183272
Q105362287	6000000048615420844
Q105362291	6000000022127879648
Q105362293	6000000077451683985
Q105362299	6000000146342099836
Q105362304	6000000005068937989
Q105362314	6000000186651157839
Q105362322	6000000038673493864
Q105362325	6000000018765335274
Q105362326	6000000210770545825
Q105362333	6000000186651267822
Q105362336	6000000028182361062
Q105362343	6000000092648853995
Q105362346	6000000092646584228
Q105362349	6000000176766101885
Q105362355	6000000032363457917
Q105362361	6000000000758307073
Q105362362	6000000187678987879
Q105362364	6000000000758267185
Q105362367	6000000009752717808
Q105362374	6000000017757481236
Q105362392	6000000012388118483
Q105362402	6000000045873612983
Q105362405	6000000045874026914
Q105362406	6000000045874024916
Q105362413	6000000007066663095
Q105362418	6000000056674951131
Q105362420	6000000056675596845
Q105362426	6000000056675279873
Q105362428	6000000017114499128
Q105362430	6000000086869604092
Q105362442	6000000007290837458
Q105362445	6000000009342180396
Q105362456	6000000031482381356
Q105362468	6000000037606590369
Q105362471	6000000081892180953
Q105362476	6000000189892408830
Q105362482	6000000086867272828
Q105362483	6000000084659925845
Q105362486	6000000016347474148
Q105362489	6000000031712602268
Q105362493	6000000071661123089
Q105362501	6000000087345962914
Q105362506	6000000045083657941
Q105362515	6000000176951515856
Q105362522	6000000071016585169
Q105362533	6000000204053310844
Q105362540	6000000205332272858
Q105362543	6000000010401582776
Q105362545	6000000116528001003
Q105362546	6000000069573522959
Q105362552	6000000016697830979
Q105362557	6000000087356630889
Q105362564	367967888340003961
Q105362566	6000000183883516859
Q105362572	6000000015520364119
Q105362573	6000000005915257383
Q105362578	6000000035159776214
Q105362584	6000000000913876441
Q105362587	6000000056690452228
Q105362592	6000000140728935828
Q105362593	6000000013699286550
Q105362604	6000000015520177326
Q105362609	6000000009484537844
Q105362615	6000000015520292086
Q105362618	6000000049027904922
Q105362621	6000000207368280828
Q105362622	6000000189892556875
Q105362627	6000000009342660769
Q105362629	6000000203098440853
Q105362635	6000000204660805823
Q105362639	6000000033908628343
Q105362641	6000000189892733857
Q105362643	6000000026683391666
Q105362647	6000000029619008239
Q105362655	6000000185712995904
Q105362656	6000000045940142060
Q105362662	6000000189892966821
Q105362665	6000000188009529821
Q105362670	6000000056691099068
Q105362672	6000000116385506895
Q105362684	6000000086869494909
Q105362689	6000000204660909860
Q105362691	6000000119127292978
Q105362696	6000000200168668844
Q105362701	6000000002765885887
Q105362717	6000000173994048017
Q105362738	6000000204660890869
Q105362744	6000000078948157959
Q105362749	6000000087344794821
Q105362752	6000000096546007942
Q105362754	6000000071016971987
Q105362761	6000000026683548876
Q105362764	6000000140728935995
Q105362775	6000000015521097269
Q105362776	6000000177688876842
Q105362787	6000000031387350876
Q105362792	6000000005352963008
Q105362795	6000000205333106832
Q105362802	6000000015810090086
Q105362805	6000000006809461545
Q105362817	6000000099000964826
Q105362822	6000000006802867392
Q105362840	6000000031698911679
Q105362841	6000000053863120969
Q105362850	6000000004641471609
Q105362869	6000000033014795461
Q105362871	6000000002215913321
Q105362879	6000000200166824822
Q105362887	6000000078634466936
Q105362895	6000000189574913923
Q105362900	6000000175747296839
Q105362906	6000000032363517941
Q105362908	6000000081052755035
Q105362909	6000000137541698873
Q105362932	6000000013160785438
Q105362934	6000000083107245243
Q105362941	6000000053863257891
Q105362944	6000000197979211985
Q105362959	6000000083125143830
Q105362968	6000000047417892921
Q105362981	6000000014982939976
Q105362984	6000000006807777875
Q105362993	6000000031386830645
Q105362994	6000000104072708823
Q105362998	6000000086840325962
Q105363003	6000000015520046474
Q105363008	6000000209540569828
Q105363017	3273210
Q105363020	6000000138011263373
Q105363022	6000000086869373851
Q105363024	6000000016347477133
Q105363026	6000000202541865822
Q105363035	6000000196811276823
Q105363041	6000000212355143829
Q105363043	6000000138013331913
Q105363050	6000000000350797913
Q105363071	6000000189892808857
Q105363080	6000000032363046131
Q105363081	6000000002391229237
Q105363085	6000000024831601081
Q105363091	6000000173474946488
Q105363100	6000000189442483841
Q105363102	6000000041693413273
Q105363110	6000000183897062845
Q105363131	6000000039762195651
Q105363134	6000000081607067022
Q105363136	6000000186610322842
Q105363138	6000000045962857910
Q105363143	6000000172615381989
Q105363144	6000000152803156839
Q105363164	6000000172610011342
Q105363167	6000000087838197092
Q105363174	6000000113448283042
Q105363175	6000000054544131858
Q105363176	6000000024610651411
Q105363187	6000000065835428821
Q105363191	6000000180433078829
Q105363192	6000000042149151074
Q105363199	6000000175446052839
Q105363200	6000000041803061648
Q105363209	6000000185779267822
Q105363220	6000000002764822148
Q105363229	6000000024610645710
Q105363236	6000000187945300821
Q105363254	6000000185887779834
Q105363257	6000000189567588854
Q105363269	6000000187869675834
Q105363275	6000000174790790168
Q105363282	6000000189568303855
Q105363294	6000000114612440966
Q105363298	6000000161425911131
Q105363303	6000000041803275052
Q105363313	6000000065548886408
Q105363331	6000000212807011822
Q105363339	6000000178182548822
Q105363343	6000000190388827900
Q105363344	6000000194912691866
Q105363348	6000000190273707860
Q105363350	6000000056430336821
Q105363359	6000000160031975825
Q105363369	6000000114633216876
Q105363371	6000000054521002887
Q105363381	6000000155569585823
Q105363395	6000000014850839262
Q105363398	6000000045962840294
Q105363400	6000000177157635833
Q105363403	6000000045962751272
Q105363409	6000000063789158099
Q105363423	6000000177158588831
Q105363428	6000000016014616527
Q105363429	6000000056917683872
Q105363435	6000000036810548836
Q105363441	6000000181243749822
Q105363442	6000000113481758849
Q105363447	6000000181043488822
Q105363450	6000000001763967727
Q105363469	6000000201253464872
Q105363487	4744183
Q105363491	6000000015616027119
Q105363501	6000000045745205976
Q105363504	6000000071697066430
Q105363507	6000000071697793012
Q105363508	6000000071857332953
Q105363509	6000000202710288830
Q105363526	6000000128723728012
Q105363527	6000000099244947040
Q105363537	6000000055671831088
Q105363542	6000000172711583983
Q105363545	6000000045963335027
Q105363549	6000000082008729822
Q105363565	6000000056311472246
Q105363571	6000000187875100896
Q105363575	6000000092767162821
Q105363581	6000000174027784939
Q105363583	6000000187875625832
Q105363588	6000000081892483947
Q105363595	6000000185704240877
Q105363601	6000000090723941958
Q105363608	6000000003537916865
Q105363610	6000000092767666909
Q105363611	4032581452890140463
Q105363613	6000000184248562850
Q105363617	6000000003538078190
Q105363624	6000000177101759827
Q105363626	6000000150369768022
Q105363638	6000000173440743967
Q105363644	6000000212885926828
Q105363658	6000000049822782530
Q105363666	6000000002261217104
Q105363669	6000000051137758922
Q105363671	6000000150372262821
Q105363681	6000000086455352202
Q105363684	6000000002280099930
Q105363685	6000000084856679433
Q105363686	6000000084857103186
Q105363690	6000000193738927821
Q105363696	6000000199329447829
Q105363723	6000000077997329904
Q105363728	6000000176198026842
Q105363731	6000000185580735689
Q105363745	6000000086787326916
Q105363748	6000000002867899331
Q105363751	6000000179868515823
Q105363753	6000000204597041832
Q105363759	6000000057254972139
Q105363764	6000000016061568721
Q105363767	6000000002215906537
Q105363768	6000000018766852186
Q105363773	6000000121953344872
Q105363778	6000000086786877136
Q105363787	6000000000350780395
Q105363789	6000000210949988822
Q105363802	6000000029242915690
Q105363815	6000000075953187630
Q105363830	6000000016061581401
Q105363853	6000000204856214847
Q105363854	6000000084256588858
Q105363856	6000000018766790095
Q105363858	6000000189845999835
Q105363859	6000000000350792999
Q105363861	6000000013211578003
Q105363863	6000000182874094825
Q105363864	6000000204856307840
Q105363866	6000000027253845888
Q105363868	6000000077951352050
Q105363869	6000000042200558823
Q105363878	6000000027901292419
Q105363880	6000000031677956542
Q105363883	6000000042200409943
Q105363884	6000000206635572881
Q105363890	6000000034002187766
Q105363891	6000000081015579033
Q105363895	6000000081015786900
Q105363896	6000000032204926065
Q105363897	6000000004590103249
Q105363910	6000000083103277856
Q105363918	6000000081695467194
Q105363921	6000000062647681110
Q105363922	6000000035133577858
Q105363950	6000000175545667901
Q105363951	6000000084143004885
Q105363963	6000000045963613834
Q105363965	6000000045963564922
Q105363974	6000000043176184316
Q105363976	6000000042230961213
Q105363977	6000000031724068647
Q105363981	6000000004589947122
Q105363987	6000000003043097498
Q105363988	6000000209957940856
Q105363992	6000000024196600271
Q105363995	5487580077250039992
Q105363999	6000000040534027458
Q105364002	6000000175264262009
Q105364003	6000000035719610596
Q105364004	6000000057005895142
Q105364006	6000000072807573085
Q105364009	6000000036971778821
Q105364011	6000000027083249546
Q105364012	6000000035722160003
Q105364014	6000000213522446826
Q105364015	6000000201823289831
Q105364018	6000000021148586959
Q105364020	6000000009897615432
Q105364026	6000000036967783771
Q105364028	6000000052840704920
Q105364039	6000000118010264752
Q105364042	6000000199969962870
Q105364043	6000000199970288843
Q105364051	6000000013614863943
Q105364052	6000000200749395864
Q105364055	6000000212636391854
Q105364072	6000000081431259870
Q105364075	367480532590004999
Q105364084	6000000077330226536
Q105364090	6000000081431265876
Q105364097	6000000016010543412
Q105364098	6000000015998512453
Q105364099	6000000015998131670
Q105364102	6000000082150631556
Q105364105	6000000057637453138
Q105364110	6000000064865319259
Q105364113	6000000064865725828
Q105364114	6000000017927163275
Q105364125	6000000064649279323
Q105364127	6000000064865685851
Q105364128	6000000213530086831
Q105364129	6000000041124673965
Q105364131	6000000027084373231
Q105364136	6000000133733939878
Q105364141	6000000173289577101
Q105364143	6000000139165680007
Q105364148	6000000207043079858
Q105364149	6000000126378316019
Q105364151	6000000098836608823
Q105364160	6000000182496852821
Q105364162	6000000182494637914
Q105364164	6000000182497702863
Q105364169	6000000045963766833
Q105364173	6000000028888515543
Q105364176	6000000088010920899
Q105364177	6000000040453924298
Q105364187	6000000147636451843
Q105364190	6000000193318022864
Q105364196	6000000193318496842
Q105364201	6000000084598569942
Q105364202	6000000092207881938
Q105364204	6000000104555274252
Q105364205	6000000113484360970
Q105364219	6000000089157758825
Q105364225	6000000089162891916
Q105364239	6000000080078821831
Q105364246	6000000080078407930
Q105364249	6000000182337345840
Q105364263	6000000193793939842
Q105364269	6000000193779642869
Q105364274	6000000193679389883
Q105364282	6000000193742811837
Q105364289	6000000193679934852
Q105364297	6000000054682155089
Q105364299	6000000205652133871
Q105364305	6000000076565553101
Q105364308	6000000056883630825
Q105364310	6000000066934188833
Q105364312	6000000076566019953
Q105364314	6000000205649454011
Q105364317	6000000056882805043
Q105364325	6000000175889011832
Q105364333	6000000175870134913
Q105364335	6000000175839359865
Q105364343	6000000008971806833
Q105364345	6000000039012702895
Q105364348	6000000033524356021
Q105364353	6000000013384186906
Q105364357	6000000075817668087
Q105364359	4466889580570039487
Q105364362	6000000013384474965
Q105364376	6000000041588041550
Q105364377	6000000052640305210
Q105364378	6000000032029290674
Q105364384	6000000052641088954
Q105364388	6000000205793623830
Q105364397	6000000043200697828
Q105364400	6000000002765870321
Q105364402	6000000082956031304
Q105364409	6000000207044000823
Q105364411	4683929358380020426
Q105364424	6000000106467534865
Q105364427	6000000064123752916
Q105364428	6000000046859969847
Q105364430	6000000181238481827
Q105364431	6000000181239515824
Q105364440	6000000050314050933
Q105364445	6000000123233681224
Q105364457	6000000180645084989
Q105364459	6000000188845009851
Q105364460	6000000127347448030
Q105364463	6000000028201563597
Q105364499	6000000002275037403
Q105364509	6000000050265690068
Q105364512	6000000040924889977
Q105364526	6000000193142796864
Q105364527	6000000207932568259
Q105364533	6000000069493420172
Q105364534	6000000203220840840
Q105364537	6000000048343512054
Q105364544	6000000025280304926
Q105364546	6000000027918990978
Q105364548	6000000175961544840
Q105364549	6000000196574104882
Q105364554	6000000147116956874
Q105364556	6000000196571548836
Q105364561	6000000036741496032
Q105364566	6000000052281961060
Q105364573	6000000206211838826
Q105364576	6000000195807128842
Q105364579	6000000015809223639
Q105364580	6000000036869089192
Q105364582	6000000011686761596
Q105364583	6000000182986941905
Q105364594	6000000140454094912
Q105364595	6000000012773920493
Q105364601	6000000170699743211
Q105364602	6000000192457457829
Q105364603	6000000077650780171
Q105364607	6000000149892336858
Q105364613	6000000082750259878
Q105364615	6000000082757665091
Q105364617	6000000194049307821
Q105364622	6000000149894702896
Q105364628	6000000149893969884
Q105364635	6000000118835601931
Q105364641	6000000150145262015
Q105364643	6000000025968398515
Q105364645	6000000033050612125
Q105364654	6000000058870133874
Q105364672	6000000181286015841
Q105364677	6000000082957445878
Q105364682	6000000115189740930
Q105364685	6000000038068222023
Q105364687	6000000192172235829
Q105364688	6000000082616599172
Q105364704	6000000170007086844
Q105364705	6000000058869940215
Q105364715	6000000192171933857
Q105364721	6000000013462251807
Q105364733	6000000019012514543
Q105364739	6000000026651494974
Q105364742	6000000085014132012
Q105364743	6000000007453051256
Q105364747	6000000164891506937
Q105364751	6000000164890749068
Q105364753	6000000164891736947
Q105364770	6000000031661893835
Q105364773	6000000104622177840
Q105364781	6000000212795561865
Q105364784	6000000212796222836
Q105364785	6000000212796251847
Q105364792	6000000025416297505
Q105364800	6000000031793755850
Q105364812	6000000179018368821
Q105364819	6000000039029859464
Q105364824	6000000044715617909
Q105364835	6000000172756002822
Q105364838	6000000029734117925
Q105364844	6000000027001974896
Q105364862	6000000172380264425
Q105364865	6000000182590636863
Q105364866	6000000045992172187
Q105364871	6000000172381269068
Q105364883	6000000045992362046
Q105364885	6000000088113719206
Q105364888	6000000088114923832
Q105364890	6000000047710782106
Q105364891	6000000202097124837
Q105364892	6000000032308558574
Q105364896	6000000032026543605
Q105364902	6000000173241902286
Q105364907	6000000006414065005
Q105364916	6000000093970262066
Q105364917	6000000006437236643
Q105364920	6000000006405184859
Q105364927	6000000172122040847
Q105364963	6000000002683098018
Q105364973	6000000027274673198
Q105364977	6000000027847558203
Q105364978	6000000027847616559
Q105364980	6000000011303286907
Q105364986	6000000011303615925
Q105364991	6000000011629556215
Q105364993	6000000181842845884
Q105364994	6000000026976677977
Q105365003	6000000084136085114
Q105365006	6000000031642950983
Q105365014	6000000134176487822
Q105365018	6000000030210718114
Q105365032	6000000021506676408
Q105365037	6000000035486568896
Q105365061	6000000178352543841
Q105365071	6000000185579476062
Q105365079	6000000007445538492
Q105365080	6000000206069839829
Q105365081	6000000043257571595
Q105365094	6000000006816140855
Q105365099	6000000007445688225
Q105365104	6000000043257915149
Q105365105	6000000002186114101
Q105365108	6000000177736167841
Q105365112	6000000206069875835
Q105365127	6000000194411978845
Q105365128	6000000040761618370
Q105365132	6000000023730822323
Q105365136	6000000091258037066
Q105365137	6000000007445585326
Q105365140	6000000086721010840
Q105365142	6000000029072258087
Q105365148	6000000018233150034
Q105365155	6000000037293339836
Q105365158	6000000192073023825
Q105365164	6000000000825390342
Q105365179	6000000044428264189
Q105365181	6000000000825409476
Q105365184	6000000044510364122
Q105365185	6000000002433945381
Q105365187	6000000052592101886
Q105365191	6000000000825409344
Q105365194	6000000000825401629
Q105365206	6000000194411599829
Q105365207	6000000000825409489
Q105365226	6000000127923545866
Q105365230	6000000002958370215
Q105365231	6000000023730822339
Q105365241	6000000043258012885
Q105365248	6000000015616253183
Q105365252	6000000026712460758
Q105365261	6000000173412150096
Q105365267	6000000110074091896
Q105365281	6000000141072819917
Q105365291	6000000032554679163
Q105365293	6000000032320146251
Q105365305	6000000178561881840
Q105365307	6000000189949281825
Q105365310	6000000002761237996
Q105365313	6000000006756561038
Q105365326	6000000206288057864
Q105365329	6000000002186114109
Q105365332	6000000033279083943
Q105365347	6000000037291690593
Q105365350	6000000081131040236
Q105365353	6000000000825390329
Q105365356	6000000033278728527
Q105365357	6000000141071135910
Q105365370	6000000002761314645
Q105365375	6000000074444315942
Q105365379	6000000044396291048
Q105365382	6000000023301058177
Q105365383	6000000176133634846
Q105365401	6000000033512481305
Q105365402	6000000147439130839
Q105365405	6000000011463021045
Q105365410	6000000147482157821
Q105365415	6000000186267302479
Q105365417	6000000064901773856
Q105365422	6000000038676373269
Q105365425	6000000034460944400
Q105365431	6000000045997735535
Q105365435	6000000195045550829
Q105365443	6000000002685540824
Q105365477	6000000082578915957
Q105365494	6000000033646403547
Q105365503	6000000082577804533
Q105365505	6000000178877498957
Q105365508	6000000183348010909
Q105365513	6000000022657552340
Q105365520	6000000022957885860
Q105365522	6000000181318112843
Q105365523	6000000037085313829
Q105365528	6000000045998129276
Q105365532	6000000196764048832
Q105365539	6000000035034798974
Q105365541	6000000067504564882
Q105365543	6000000167396843957
Q105365550	6000000167397202823
Q105365552	6000000167394977285
Q105365556	6000000002685540801
Q105365561	6000000178880618903
Q105365562	6000000120862289829
Q105365563	6000000031014407821
Q105365568	6000000033646335423
Q105365569	6000000017345875322
Q105365572	6000000025794856195
Q105365577	6000000033682574198
Q105365581	6000000051395730263
Q105365583	6000000060217868943
Q105365586	6000000103826149264
Q105365588	6000000167396372005
Q105365592	6000000031013593631
Q105365595	6000000021209945417
Q105365598	6000000191600105912
Q105365627	6000000208657086835
Q105365632	6000000002685540789
Q105365642	6000000200711453823
Q105365651	6000000195978789824
Q105365665	6000000201158423833
Q105365669	6000000017948282033
Q105365685	6000000031013586637
Q105365687	6000000038677205877
Q105365690	6000000080110104394
Q105365693	6000000031014410287
Q105365694	6000000103825953394
Q105365696	6000000080371230823
Q105365698	6000000080371426832
Q105365701	6000000041190624561
Q105365703	6000000016635106678
Q105365711	6000000077767520371
Q105365723	6000000215520051825
Q105365724	6000000215519702822
Q105365739	6000000110529463002
Q105365755	6000000190211318827
Q105365767	6000000168185691848
Q105365793	6000000071817892162
Q105365794	6000000077767537601
Q105365803	6000000024171379799
Q105365807	6000000194776440858
Q105365810	6000000106655644582
Q105365844	6000000013103401669
Q105365846	6000000127839285957
Q105365849	6000000165540438022
Q105365850	6000000120928879874
Q105365856	6000000084837182800
Q105365865	6000000215257999829
Q105365870	6000000215257847847
Q105365886	6000000006727731346
Q105365890	6000000124624015441
Q105365892	6000000207685489825
Q105365901	6000000207685418859
Q105365902	6000000071661108004
Q105365904	6000000028750258417
Q105365905	6000000015108557481
Q105365915	6000000026252752118
Q105365921	6000000113873190336
Q105365924	6000000113782992902
Q105365925	6000000113783062893
Q105365928	6000000141079085891
Q105365931	6000000073853446170
Q105365932	6000000118816595920
Q105365935	6000000118816833991
Q105365939	6000000044585205833
Q105365941	6000000209511250828
Q105365944	6000000027929688554
Q105365945	6000000046897862065
Q105365947	6000000024876263459
Q105365951	6000000050431576841
Q105365956	6000000001263858307
Q105365959	6000000178403767289
Q105365972	6000000059719707971
Q105365975	6000000001379252419
Q105365980	6000000059714919952
Q105365983	6000000026269229777
Q105365984	6000000127824244890
Q105365988	6000000035024504882
Q105365997	6000000159944811853
Q105366000	6000000063931415882
Q105366010	6000000205127531827
Q105366013	6000000159944556824
Q105366018	6000000063931453821
Q105366023	6000000187484277847
Q105366026	6000000076608196281
Q105366030	6000000191830930826
Q105366040	6000000126438819843
Q105366051	6000000002023379496
Q105366056	6000000177071227827
Q105366057	6000000065741392947
Q105366063	6000000199468106821
Q105366077	6000000166180728324
Q105366079	6000000181407201825
Q105366081	6000000199478717838
Q105366083	6000000051256643238
Q105366085	6000000009628986618
Q105366086	6000000081927630942
Q105366090	6000000085414328027
Q105366091	6000000128946163827
Q105366095	6000000102051745879
Q105366096	6000000004133376983
Q105366109	6000000041131044680
Q105366113	6000000078906632083
Q105366115	6000000166549478930
Q105366116	6000000193875879834
Q105366125	6000000179881242823
Q105366130	6000000004005972640
Q105366132	6000000066274577845
Q105366133	6000000013103415198
Q105366138	6000000178380454856
Q105366140	6000000004005898450
Q105366141	6000000148329044930
Q105366143	6000000075280480920
Q105366146	6000000145264075018
Q105366150	6000000084966620979
Q105366151	6000000081269146630
Q105366155	6000000041047387185
Q105366157	6000000207294930837
Q105366160	6000000002867899303
Q105366162	6000000170419722861
Q105366163	6000000015044533409
Q105366164	6000000144050818847
Q105366170	6000000015049717714
Q105366173	6000000015049541972
Q105366174	6000000015049547865
Q105366177	6000000211054554841
Q105366185	6000000186522104850
Q105366193	6000000140070190846
Q105366196	6000000025072884826
Q105366198	6000000006113265352
Q105366202	6000000078965252909
Q105366205	6000000019061300514
Q105366209	6000000009431850013
Q105366223	6000000110075533821
Q105366230	6000000176790207869
Q105366232	6000000135057032915
Q105366235	6000000205299972821
Q105366236	6000000205290860835
Q105366240	6000000030014102163
Q105366241	6000000030009878334
Q105366257	6000000046825728985
Q105366262	6000000082464826138
Q105366268	6000000027793199675
Q105366270	6000000186254348159
Q105366275	6000000191491716850
Q105366278	6000000006349629074
Q105366293	6000000191493561832
Q105366295	6000000038302593022
Q105366297	6000000203191375836
Q105366300	6000000042244074432
Q105366303	6000000107627776053
Q105366318	6000000172536920432
Q105366320	6000000185676166229
Q105366322	6000000012116603597
Q105366332	6000000028441577764
Q105366342	6000000022671048579
Q105366345	6000000049073602950
Q105366347	6000000049073081405
Q105366348	6000000049073570001
Q105366351	6000000036237139005
Q105366380	6000000189522173822
Q105366382	6000000079587238755
Q105366384	6000000192591556853
Q105366385	6000000002314208263
Q105366396	6000000150717963868
Q105366397	6000000081925279249
Q105366410	6000000124427148855
Q105366415	6000000049890204456
Q105366417	6000000049787571893
Q105366421	6000000049786750859
Q105366422	6000000175070142165
Q105366431	6000000049783445879
Q105366433	6000000016055676472
Q105366439	6000000024076833304
Q105366440	6000000045999250853
Q105366458	6000000105932200061
Q105366468	6000000045999360870
Q105366475	6000000089135653192
Q105366479	6000000003111362285
Q105366488	6000000113193958866
Q105366491	6000000024477979220
Q105366495	6000000196678283822
Q105366498	6000000196677949875
Q105366500	6000000051558854150
Q105366506	6000000081717538129
Q105366510	6000000081717123279
Q105366511	6000000196717405880
Q105366515	6000000058175164821
Q105366516	6000000052767874834
Q105366520	6000000012169556256
Q105366523	6000000030370522886
Q105366528	6000000034041213340
Q105366536	6000000012169553383
Q105366539	6000000034043364846
Q105366543	6000000193923638842
Q105366553	6000000058787203821
Q105366559	6000000033571398389
Q105366560	6000000186403822821
Q105366561	6000000208774401874
Q105366587	6000000085842617532
Q105366599	6000000085844672976
Q105366605	6000000082642270225
Q105366637	6000000112372561967
Q105366646	6000000197207970838
Q105366648	6000000019948441706
Q105366649	6000000113561141917
Q105366653	6000000072170921989
Q105366663	6000000080236195847
Q105366665	6000000015939440727
Q105366668	6000000123548225839
Q105366671	6000000190074986836
Q105366677	6000000015435067968
Q105366685	6000000033151063449
Q105366693	6000000031049144662
Q105366695	6000000193862656831
Q105366699	6000000184129014821
Q105366704	6000000036860731939
Q105366710	6000000031364349872
Q105366718	6000000037970980021
Q105366719	6000000037972209837
Q105366722	6000000024132416573
Q105366723	6000000108627097920
Q105366726	6000000043651870114
Q105366728	6000000024132868083
Q105366729	6000000176339751853
Q105366730	6000000005562178971
Q105366732	6000000108626759931
Q105366733	6000000178130968822
Q105366739	6000000023928521047
Q105366741	6000000038390251849
Q105366742	6000000013603228583
Q105366743	6000000037808676957
Q105366744	6000000025435598853
Q105366745	6000000025434609050
Q105366746	6000000082345763874
Q105366750	6000000049879021189
Q105366754	6000000188417558835
Q105366759	6000000002388830995
Q105366768	6000000091334912180
Q105366771	6000000113561158856
Q105366779	6000000003680769730
Q105366785	6000000041425617458
Q105366787	6000000076816097862
Q105366790	6000000041425886080
Q105366810	6000000172293059915
Q105366811	6000000080561609618
Q105366827	6000000030171740944
Q105366829	6000000175561126859
Q105366830	6000000187870525865
Q105366831	6000000140694647839
Q105366834	6000000046000741949
Q105366836	6000000188645664839
Q105366841	6000000188582258855
Q105366842	6000000073753307081
Q105366844	6000000187994673851
Q105366845	6000000150145988903
Q105366853	6000000188645333887
Q105366854	6000000158734920822
Q105366860	6000000190077195827
Q105366872	6000000177573337821
Q105366899	6000000010110705731
Q105366900	6000000179180885927
Q105366905	6000000204853515896
Q105366915	6000000003986999180
Q105366916	6000000124115123821
Q105366929	6000000073117247840
Q105366930	6000000048938372821
Q105366934	6000000179009630867
Q105366935	6000000185189693844
Q105366936	6000000056993900903
Q105366937	6000000177430008960
Q105366939	6000000177435392848
Q105366940	6000000171775650026
Q105366945	6000000177432546859
Q105366954	6000000106156371970
Q105366955	6000000135058638838
Q105366956	6000000202569255827
Q105366961	6000000037856004857
Q105366964	6000000037855823888
Q105366980	6000000185275962823
Q105367006	6000000198185990875
Q105367014	6000000198186148831
Q105367020	6000000105985539821
Q105367025	6000000191572251827
Q105367026	6000000191572283821
Q105367032	6000000025003767640
Q105367036	6000000194840007854
Q105367038	6000000194841353839
Q105367040	6000000180589588862
Q105367041	6000000015027100938
Q105367050	6000000181215356905
Q105367061	6000000023074547113
Q105367068	6000000176975017827
Q105367086	6000000193675635858
Q105367091	6000000142209977941
Q105367093	6000000144187383846
Q105367099	6000000087998968189
Q105367114	6000000000501311128
Q105367123	6000000189372053821
Q105367125	6000000037637730401
Q105367130	6000000207081608883
Q105367132	6000000193961925903
Q105367134	6000000140691392862
Q105367138	6000000193962246847
Q105367143	6000000200235064880
Q105367145	6000000200235226840
Q105367180	6000000202568150821
Q105367182	6000000023775376161
Q105367185	6000000169573686075
Q105367186	6000000169573895955
Q105367189	6000000172118391914
Q105367190	6000000201886848863
Q105367191	6000000201887354836
Q105367194	6000000185211175838
Q105367199	6000000018919503480
Q105367200	6000000001389192076
Q105367203	6000000075837803821
Q105367204	6000000023940028942
Q105367205	6000000040411491464
Q105367208	6000000026979258031
Q105367209	6000000177960640852
Q105367214	6000000011971784090
Q105367216	6000000150920067055
Q105367218	6000000028540125674
Q105367225	6000000030620465767
Q105367229	6000000043603312137
Q105367233	6000000075837616829
Q105367234	6000000038725492888
Q105367236	6000000059427495909
Q105367237	6000000041559576204
Q105367239	6000000001202428035
Q105367240	6000000208093240834
Q105367242	6000000048896952874
Q105367245	6000000017708254916
Q105367247	6000000032422788264
Q105367248	6000000033904325382
Q105367250	6000000003232620170
Q105367251	6000000052418348889
Q105367253	6000000177957306956
Q105367254	6000000207988371831
Q105367255	6000000040336533234
Q105367262	6000000156127914822
Q105367269	6000000001389024661
Q105367276	6000000016010989274
Q105367283	6000000141914370822
Q105367293	6000000033411145872
Q105367301	6000000023940092844
Q105367320	6000000033398866201
Q105367322	6000000037402588005
Q105367331	6000000021488453730
Q105367335	6000000043720185024
Q105367349	6000000059543469940
Q105367353	6000000031565659331
Q105367361	6000000192591382888
Q105367366	6000000193626354834
Q105367369	6000000193626260853
Q105367373	6000000023107663142
Q105367381	6000000208002986878
Q105367387	6000000058996361850
Q105367390	6000000051531170115
Q105367391	6000000038737803182
Q105367403	6000000043576022091
Q105367407	6000000018725540822
Q105367410	6000000043569242031
Q105367898	6000000184287570821
Q105367904	6000000181433583863
Q105367905	6000000014951319327
Q105367915	6000000192165639894
Q105367930	6000000176724495821
Q105367935	6000000023780419923
Q105367957	6000000191565050860
Q105367996	6000000025129566331
Q105368013	6000000063791140954
Q105368015	6000000187679678830
Q105368030	6000000024197234774
Q105368033	6000000198424847828
Q105368060	6000000022671178182
Q105368066	6000000002314184005
Q105368068	6000000069534129171
Q105368077	6000000008425596962
Q105369007	6000000019560418117
Q105369067	6000000182589902840
Q105370878	6000000185453379224
Q105371128	6000000058664429045
Q105371139	6000000127914156022
Q105371418	6000000167600454214
Q105371419	6000000036869800569
Q105371421	6000000005031866652
Q105371424	6000000038725867903
Q105371431	6000000031565417208
Q105371432	6000000075842042903
Q105371449	6000000203069356821
Q105371457	6000000195328288823
Q105371460	6000000071800246328
Q105371461	6000000197947884833
Q105371468	6000000042404315499
Q105371470	6000000127208001821
Q105371473	6000000124355803016
Q105371474	6000000057140576948
Q105371475	6000000091402249117
Q105371480	6000000002908181843
Q105371484	6000000105326766327
Q105371490	6000000001743201527
Q105371491	6000000078536736839
Q105371493	6000000049705381983
Q105371495	6000000049705509953
Q105371501	6000000002289822118
Q105371510	4726138590650126349
Q105371532	6000000023994408738
Q105371534	6000000023994957177
Q105371536	6000000116209063822
Q105371542	6000000068759703838
Q105371544	6000000190126091833
Q105371565	6000000198484322855
Q105371566	6000000097908763917
Q105371576	6000000101622515882
Q105371579	6000000181160700821
Q105371581	6000000204742212834
Q105371583	6000000204742236832
Q105371588	6000000037336364930
Q105371589	6000000040309359717
Q105371591	6000000181160527829
Q105371592	6000000032031664624
Q105371593	6000000002859083396
Q105371602	6000000040309775050
Q105371621	6000000093971562917
Q105371628	6000000016011433292
Q105371631	6000000034220278929
Q105371632	6000000196500518862
Q105371634	6000000040894751364
Q105371635	6000000184539347821
Q105371637	6000000187492709823
Q105371649	6000000028852815221
Q105371650	6000000181326122826
Q105371651	6000000185863128937
Q105371662	6000000185513170944
Q105371663	6000000016349588466
Q105371665	6000000055572721834
Q105371667	6000000060561057831
Q105371669	6000000027290043282
Q105371670	6000000004382752012
Q105371681	6000000051909695105
Q105371690	6000000025643327558
Q105371695	6000000206343976835
Q105371697	6000000073112354061
Q105371698	6000000088791745878
Q105371705	6000000046250453636
Q105371707	6000000034428040940
Q105371711	6000000093971880851
Q105371714	6000000127823227937
Q105371717	6000000000128799881
Q105371723	6000000208831864825
Q105371729	6000000016011474005
Q105371732	6000000186184047236
Q105371733	6000000177129428833
Q105371736	6000000015821603925
Q105371747	6000000026055321883
Q105371751	6000000188094068938
Q105371764	6000000177424251915
Q105371780	6000000030765667254
Q105371783	6000000016011018707
Q105371784	6000000196049537834
Q105371806	6000000176940430969
Q105371818	6000000029977623869
Q105371822	6000000100449387893
Q105371832	6000000004057498398
Q105371835	6000000208915925829
Q105371841	6000000165694441837
Q105371851	6000000026054820670
Q105371852	6000000140048019836
Q105371855	6000000046002639215
Q105371857	4715745806310026883
Q105371868	6000000018798744863
Q105371871	6000000027290082432
Q105371873	6000000039872283230
Q105371877	6000000054690333260
Q105371880	6000000201205256841
Q105371884	6000000196049416900
Q105371914	6000000107994884822
Q105371918	6000000044223492138
Q105371928	6000000205761959870
Q105371939	6000000004114638540
Q105371960	6000000165693480824
Q105371964	6000000072063695983
Q105371971	6000000032422374761
Q105371976	6000000017981724930
Q105371978	6000000005925457186
Q105371980	6000000002911978590
Q105371984	6000000191891379888
Q105371998	6000000173606218909
Q105371999	6000000015031539294
Q105372001	6000000034628678222
Q105372010	6000000168907938200
Q105372011	6000000086531079969
Q105372014	6000000086530080250
Q105372015	6000000216606449865
Q105372019	6000000200147449855
Q105372032	6000000019832853336
Q105372051	6000000187799890906
Q105372054	6000000201006408923
Q105372067	6000000186105201144
Q105372083	6000000079588486944
Q105372103	6000000205457107908
Q105372114	6000000186049439057
Q105372128	6000000010749307673
Q105372141	6000000036232482985
Q105372151	6000000097126356022
Q105372155	6000000036232098449
Q105372157	6000000048813253289
Q105372160	6000000148671147821
Q105372161	6000000177100168845
Q105372164	6000000177100670822
Q105372165	6000000026226186183
Q105372167	6000000078109113039
Q105372172	6000000024822828908
Q105372173	6000000212298691826
Q105372175	6000000212476397822
Q105372176	6000000201482365866
Q105372177	3370871
Q105372191	6000000194695713824
Q105372226	6000000021050996251
Q105372241	6000000041214353009
Q105372249	6000000030562448818
Q105372250	6000000059554668842
Q105372257	6000000037309198672
Q105372261	6000000147232097833
Q105372264	6000000036785446986
Q105372268	6000000000157533202
Q105372269	6000000122022752921
Q105372279	6000000023252444291
Q105372282	6000000013538436762
Q105372283	6000000024528222867
Q105372292	6000000027414385171
Q105372301	6000000084509109216
Q105372314	6000000030563610280
Q105372327	6000000042167345538
Q105372333	6000000081897053821
Q105372337	6000000036755483478
Q105372349	6000000174752958948
Q105372354	6000000033790884821
Q105372362	6000000207418910831
Q105372365	6000000089487339254
Q105372371	6000000207418871895
Q105372374	6000000186936939821
Q105372381	6000000058331215184
Q105372390	6000000003021325777
Q105372399	6000000078102042115
Q105372413	6000000082898400852
Q105372417	6000000058331685853
Q105372422	6000000059817667336
Q105372424	6000000058331619838
Q105372428	6000000016867129543
Q105372435	4581627914950050002
Q105372448	6000000018321295322
Q105372452	6000000091344788982
Q105372454	6000000018321353121
Q105372460	6000000087447014822
Q105372461	6000000087447183849
Q105372469	6000000007116599226
Q105372476	6000000213888146826
Q105372482	6000000177534298890
Q105372490	4916619824040034152
Q105372493	6000000187618204821
Q105372520	6000000160311319825
Q105372538	6000000091777197829
Q105372546	6000000199060627890
Q105372549	6000000187552426823
Q105372551	6000000176061276824
Q105372554	6000000176066328863
Q105372569	6000000078260267901
Q105372571	6000000090440814274
Q105372596	6000000216614566821
Q105372598	6000000189993346884
Q105372602	6000000122819110976
Q105372604	6000000034459286522
Q105372613	6000000099200485838
Q105372616	6000000099155501821
Q105372623	6000000034459703230
Q105372625	6000000035623931941
Q105372630	6000000027637375199
Q105372633	6000000196497885843
Q105372656	6000000205722669826
Q105372667	6000000196498159821
Q105372673	6000000058740211896
Q105372676	6000000022601267865
Q105372680	6000000005934554446
Q105372682	6000000058740435924
Q105372694	6000000012643458040
Q105372703	6000000189999326927
Q105372704	6000000189999712843
Q105372705	6000000189999666871
Q105372707	6000000189982937846
Q105372715	6000000013687443549
Q105372720	6000000174779419180
Q105372726	6000000199445694827
Q105372736	6000000022527549508
Q105372744	6000000046001723835
Q105372753	6000000200471245821
Q105372764	6000000002765032668
Q105372781	6000000165547235036
Q105372786	6000000200470530876
Q105372792	6000000176833332900
Q105372794	6000000061276610990
Q105372798	6000000028351365858
Q105372802	6000000008126998573
Q105372804	6000000174606293578
Q105372812	6000000002743011192
Q105372824	6000000051474591362
Q105372827	6000000084157286873
Q105372829	6000000053088530891
Q105372831	6000000196975414865
Q105372832	6000000103324252013
Q105372834	6000000013382378569
Q105372837	6000000001711490507
Q105372857	6000000046001725980
Q105372878	6000000188984228838
Q105372880	6000000018953876269
Q105372884	6000000200470045877
Q105372892	6000000001902672128
Q105372902	6000000103764791053
Q105372916	6000000173016052401
Q105372925	6000000028120250647
Q105372938	6000000192174422834
Q105372939	6000000041295680199
Q105372940	6000000029623239403
Q105372957	6000000053089748840
Q105372959	6000000192174118859
Q105372969	6000000084157367822
Q105372970	6000000192174683825
Q105372980	6000000002802980327
Q105372985	6000000173018092900
Q105373000	6000000029295548149
Q105373020	6000000202059300832
Q105373021	6000000186107196332
Q105373022	6000000077293938545
Q105373023	6000000190104060875
Q105373028	6000000046333590806
Q105373032	6000000076607327153
Q105373042	6000000046003340930
Q105373044	6000000004212070429
Q105373047	6000000002765032793
Q105373049	6000000015335978080
Q105373059	6000000185559745828
Q105373062	6000000053088887090
Q105373063	6000000188984345834
Q105373081	6000000105428980022
Q105373089	6000000179029615882
Q105373100	6000000199418935852
Q105373112	6000000053088784821
Q105373116	6000000103765363835
Q105373134	6000000016418304249
Q105373149	6000000000128799868
Q105373155	6000000092269601209
Q105373160	6000000082577476843
Q105373180	6000000028349587802
Q105373182	6000000001445358956
Q105373183	6000000078774658099
Q105373185	6000000182247257856
Q105373201	6000000041339151185
Q105373207	6000000130403091827
Q105373216	6000000036740786872
Q105373219	6000000139711773829
Q105373221	6000000100451273822
Q105373230	6000000199966643842
Q105373238	6000000041851078543
Q105373240	6000000001902672121
Q105373273	6000000078536502875
Q105373277	6000000123499672066
Q105373296	6000000165564177938
Q105373301	6000000026204436458
Q105373312	6000000160448873821
Q105373334	6000000003307637314
Q105373344	6000000196976440835
Q105373349	6000000153921597902
Q105373352	6000000030369769167
Q105373354	6000000050589943885
Q105373355	6000000077189942997
Q105373359	6000000186334336869
Q105373360	6000000126853542870
Q105373362	6000000182385326823
Q105373363	6000000106695196875
Q105373378	6000000202500876919
Q105373382	6000000202469633821
Q105373384	6000000202469198822
Q105373388	6000000045757564979
Q105373393	6000000189274783849
Q105373399	6000000193613794822
Q105373401	6000000193617622822
Q105373411	6000000006734496249
Q105373415	6000000131993298859
Q105373421	6000000131992659006
Q105373432	6000000048521083884
Q105373437	6000000084292131227
Q105373440	359772316290006325
Q105373459	6000000035648113975
Q105373463	6000000102731738835
Q105373470	6000000050949268001
Q105373488	6000000075929484361
Q105373491	6000000107815721990
Q105373492	6000000082629802892
Q105373496	6000000201084831853
Q105373498	6000000174714670977
Q105373499	6000000016170111333
Q105373507	6000000080713723831
Q105373509	6000000082629756203
Q105373513	6000000045664319957
Q105373530	6000000190393876945
Q105373542	6000000190397820842
Q105373548	6000000184577385865
Q105373562	6000000075930559884
Q105373566	6000000187052806831
Q105373572	6000000082631249003
Q105373583	6000000174714513042
Q105373589	6000000017386597000
Q105373602	6000000176975715825
Q105373606	6000000076885831327
Q105373614	6000000076885509416
Q105373618	6000000002916085012
Q105373619	6000000026027081469
Q105373628	6000000040754597136
Q105373630	6000000083551960647
Q105373635	6000000002186128005
Q105373664	6000000110799586857
Q105373667	6000000041166896330
Q105373670	6000000042044832837
Q105373681	6000000078632528086
Q105373696	6000000011197156625
Q105373698	6000000011197033770
Q105373701	6000000014793878500
Q105373706	6000000051089473902
Q105373712	6000000044818089902
Q105373739	6000000052299737889
Q105373744	6000000036012015853
Q105373751	6000000030229460031
Q105373757	6000000191142149825
Q105373760	6000000028357230158
Q105373761	6000000207897150862
Q105373765	6000000187623424822
Q105373778	6000000037602812992
Q105373780	6000000185413694822
Q105373781	6000000037712709374
Q105373782	6000000037712525332
Q105373796	6000000081846382904
Q105373798	6000000168915280978
Q105373799	6000000186746813822
Q105373816	6000000131446908821
Q105373822	6000000017931688101
Q105373825	6000000048340034945
Q105373829	6000000048474572844
Q105373832	6000000142148085822
Q105373837	6000000104319775854
Q105373848	6000000002867892540
Q105373849	6000000042156979078
Q105373854	6000000002361948879
Q105373855	6000000002361953006
Q105373861	6000000018086847780
Q105373862	6000000018086837862
Q105373863	6000000033300150127
Q105373864	6000000025958516987
Q105373869	6000000039818138094
Q105373870	6000000039817818865
Q105373874	6000000009792135360
Q105373875	6000000015412868205
Q105373878	6000000035095579383
Q105373882	6000000207765270847
Q105373886	6000000107020861835
Q105373892	6000000002278734606
Q105373894	6000000079447272726
Q105373906	6000000010412392323
Q105373915	6000000002275037802
Q105373922	6000000084628988184
Q105373933	6000000087412742908
Q105373943	6000000178121404847
Q105373944	6000000077448187403
Q105373945	6000000077448341772
Q105373963	6000000138636919897
Q105373966	6000000072958756826
Q105373967	6000000188416447856
Q105373981	5386430110970107192
Q105373984	6000000002802333636
Q105373998	6000000004262087151
Q105373999	6000000012890646795
Q105374002	6000000197610712821
Q105374008	6000000011670948579
Q105374009	6000000058368228822
Q105374016	6000000207398593821
Q105374018	6000000207397109840
Q105374028	6000000202097616822
Q105374029	6000000058753166400
Q105374031	6000000202101648831
Q105374039	6000000202096820858
Q105374041	6000000058753932010
Q105374060	6000000005084982983
Q105374071	6000000005069365858
Q105374077	6000000018390643734
Q105374079	6000000000157548461
Q105374081	6000000005069356104
Q105374088	6000000109885587821
Q105374091	6000000005615732442
Q105374095	6000000000157548407
Q105374103	6000000000157514379
Q105374116	6000000084363859038
Q105374125	6000000122265023840
Q105374126	6000000025245135830
Q105374130	6000000029754219794
Q105374131	6000000122264052946
Q105374133	6000000028142541631
Q105374145	6000000028142362742
Q105374147	6000000093839552861
Q105374148	6000000035052960535
Q105374152	6000000023431559248
Q105374166	6000000023430893723
Q105374175	6000000023431780899
Q105374178	6000000050260693832
Q105374182	6000000133382808919
Q105374184	6000000058659044903
Q105374185	6000000196719200826
Q105374189	6000000203221517840
Q105374195	6000000129651494856
Q105374212	6000000110536227036
Q105374214	6000000186118236972
Q105374226	6000000037292066344
Q105374236	6000000046138121841
Q105374241	6000000133382565933
Q105374243	6000000193735531823
Q105374249	6000000196718854823
Q105374250	6000000202809541862
Q105374253	6000000202809435885
Q105374261	6000000180434139848
Q105374265	6000000021347049896
Q105374277	6000000024889137223
Q105374280	6000000176895096846
Q105374286	6000000202809316871
Q105374290	6000000030905751455
Q105374296	6000000037476160513
Q105374300	6000000152807661827
Q105374302	6000000080597361956
Q105374303	6000000186641118837
Q105374305	6000000050261943841
Q105374307	6000000068030639929
Q105374317	6000000190364100938
Q105374320	6000000152809794822
Q105374326	6000000026202916600
Q105374329	6000000176895333830
Q105374338	6000000024888802689
Q105374339	6000000111154778822
Q105374355	6000000210418616829
Q105374356	6000000082592454324
Q105374377	6000000037292176960
Q105374383	6000000210418645827
Q105374384	6000000068030969903
Q105374385	6000000140728961868
Q105374386	6000000199498622863
Q105374391	4392801982340034919
Q105374396	6000000026532343458
Q105374399	6000000058748134923
Q105374400	6000000211236181842
Q105374404	6000000211236446826
Q105374406	6000000020313668032
Q105374408	6000000020314234860
Q105374410	6000000018854869626
Q105374411	4108979485680129010
Q105374413	6000000018854657746
Q105374415	6000000059000595094
Q105374416	6000000185595145220
Q105374430	6000000057135432895
Q105374435	6000000039283500160
Q105374437	6000000037554875655
Q105374438	6000000098306063044
Q105374439	6000000018923585889
Q105374440	6000000001318193499
Q105374442	6000000001318193082
Q105374445	6000000180822148825
Q105374446	6000000004934114092
Q105374450	6000000011460464379
Q105374461	6000000043374115065
Q105374462	6000000021206541070
Q105374464	6000000026812154821
Q105374468	6000000032469302928
Q105374480	292570683420004862
Q105374485	6000000023995127087
Q105374487	6000000022566768501
Q105374489	6000000121197342892
Q105374498	6000000166880797884
Q105374512	6000000077329886272
Q105374520	6000000185338013022
Q105374536	6000000138491335936
Q105374554	6000000023746018530
Q105374555	6000000071122569845
Q105374558	6000000050315136821
Q105374561	6000000105476470940
Q105374563	6000000178147818829
Q105374564	6000000162661250926
Q105374574	6000000021221445860
Q105374575	6000000021221376070
Q105374590	6000000036901100681
Q105374600	6000000162662088833
Q105374601	6000000055728809366
Q105374608	6000000146949792821
Q105374611	6000000071121999107
Q105374617	6000000166880220936
Q105374621	6000000077330383887
Q105374625	6000000085558812855
Q105374630	6000000195658318828
Q105374640	6000000055265783105
Q105374643	6000000150645904024
Q105374645	6000000036901732180
Q105374647	6000000195657707874
Q105374649	6000000056395750037
Q105374651	6000000130588017118
Q105374660	6000000186020857841
Q105374675	6000000186658093836
Q105374678	6000000186658753822
Q105374687	6000000186659214838
Q105374699	6000000039637276833
Q105374704	6000000039659408954
Q105374714	6000000027296338252
Q105374724	6000000182057126982
Q105374729	6000000009053158872
Q105374730	6000000009107346246
Q105374741	6000000138316108945
Q105374748	6000000201204193886
Q105374756	6000000178625911845
Q105374758	6000000021451190698
Q105374761	6000000015184441743
Q105374769	6000000177298706821
Q105374779	6000000018923701208
Q105374786	6000000084828573938
Q105374790	6000000022485270369
Q105374797	6000000139308892824
Q105374812	5290474576380039094
Q105374815	6000000012428777960
Q105374817	6000000050826128906
Q105374824	6000000084136053821
Q105374827	6000000084135085081
Q105374834	6000000092590142823
Q105374838	6000000176878404897
Q105374840	6000000176877333939
Q105374843	6000000176879210878
Q105374845	6000000076376397929
Q105374853	6000000154627650821
Q105374858	6000000072884288834
Q105374860	6000000072887481012
Q105374863	6000000206198165825
Q105374879	6000000180049363950
Q105374888	6000000025453840657
Q105374892	6000000003506898522
Q105374894	6000000078562018335
Q105374896	6000000022736245120
Q105374898	6000000054960000840
Q105374902	6000000138053480155
Q105374903	6000000138055134832
Q105374904	6000000174412769106
Q105374906	6000000028225225526
Q105374908	6000000026533642914
Q105374915	6000000075215958966
Q105374917	6000000152769959860
Q105374926	6000000216708732821
Q105374932	6000000043332646203
Q105374935	6000000043332714136
Q105374938	4277105036990032598
Q105374953	6000000030327854152
Q105374954	6000000185255172828
Q105374955	6000000185254774869
Q105374957	6000000185255417828
Q105374960	6000000185255273836
Q105374962	6000000185254823845
Q105374964	6000000185255399825
Q105374971	6000000027762374578
Q105374976	6000000036722862411
Q105374979	6000000017627466350
Q105374980	6000000055906846853
Q105374984	6000000142428280842
Q105374992	6000000202919837845
Q105374995	6000000191850752838
Q105375002	6000000031822509879
Q105375003	6000000080766380859
Q105375006	6000000028661203471
Q105375009	6000000176645021838
Q105375017	6000000079662982993
Q105375022	6000000037601725544
Q105375029	6000000204731592828
Q105375033	6000000204732078834
Q105375038	6000000012848318014
Q105375050	6000000149477812903
Q105375062	6000000012855150669
Q105375080	6000000053788238851
Q105375082	6000000031697587062
Q105375086	6000000196293151821
Q105375096	6000000080241866641
Q105375097	6000000025902455961
Q105375101	6000000053788045945
Q105375103	6000000057140614926
Q105375112	6000000053033826821
Q105375115	6000000039748279094
Q105375128	6000000186270063877
Q105375134	6000000082575064314
Q105375136	6000000012848444315
Q105375142	6000000091402285063
Q105375144	6000000008439910516
Q105375148	6000000031697693839
Q105375160	6000000051327606854
Q105375162	6000000122559961884
Q105375174	6000000017360446325
Q105375184	6000000084271234791
Q105375191	3908232
Q105375195	6000000001782934057
Q105375197	6000000012855571312
Q105375209	3908165
Q105375210	6000000084374658959
Q105375211	6000000012848264200
Q105375213	6000000039747673670
Q105375219	6000000006917408337
Q105375224	6000000112410895371
Q105375229	6000000112414225860
Q105375231	6000000207342884847
Q105375234	6000000054882671934
Q105375240	6000000205449855824
Q105375244	6000000006103646335
Q105375251	6000000022148613949
Q105375261	6000000174119460306
Q105375263	6000000174120063890
Q105375280	6000000002867907735
Q105375287	6000000011438984240
Q1053757	6000000137372120856
Q1053760	6000000135717927992
Q105376137	6000000192865203849
Q105376140	6000000011514678814
Q105376143	6000000092270651050
Q105376146	6000000030354919090
Q105376147	6000000145946223909
Q105376150	6000000187053772865
Q105376157	6000000014875164966
Q105376163	6000000080596956250
Q105376169	5329808285780085742
Q105376173	6000000073218755126
Q105376176	6000000129134717974
Q105376179	6000000073413645927
Q105377216	6000000025892742266
Q105379706	6000000001945210341
Q105381651	6000000060242058856
Q105383048	6000000098576806821
Q105383471	6000000178121610842
Q1053837	6000000068410314859
Q105383915	6000000041720113469
Q10538415	6000000075401807984
Q105384312	6000000011250053673
Q105384644	6000000037829419957
Q10538491	6000000007481845437
Q10538494	6000000011524250419
Q105385419	6000000120571192962
Q105385423	6000000093429251120
Q105385424	6000000002859214112
Q105385425	6000000016011034483
Q105385426	6000000200637059851
Q105385431	6000000114400979841
Q105386679	6000000022229532738
Q105387568	6000000189363413821
Q105387574	6000000146718736874
Q105387579	6000000079028629393
Q105387584	6000000079029129106
Q105387589	6000000210658427874
Q105387590	6000000096124002896
Q105387591	6000000177549086843
Q105387596	6000000177549168844
Q105387599	6000000183912370031
Q1053876	6000000091176378133
Q105387604	6000000013080044501
Q105387605	6000000013080314270
Q105387607	6000000183912369935
Q105387611	6000000056118083968
Q105387615	6000000039968515115
Q105387617	6000000023510868767
Q105387627	6000000115466599822
Q105387629	6000000091511498909
Q105387630	6000000037807099166
Q105387633	6000000046042833368
Q105387635	6000000040302078946
Q105387645	6000000046226214943
Q105387650	6000000022128154047
Q105387651	6000000001829155779
Q105387657	6000000032936019350
Q105387664	6000000159878643821
Q105387674	6000000098050684931
Q105387675	6000000045962162948
Q105387681	6000000157697821823
Q105387682	6000000111915415934
Q105387686	6000000157713109824
Q105387694	6000000197104710825
Q105387698	6000000159878441821
Q105387699	6000000077877142320
Q105387700	6000000012690598725
Q105387703	6000000006374414030
Q105387711	6000000004825524643
Q105387716	6000000021559364275
Q105387717	6000000157692409838
Q105387727	6000000032935778744
Q105387729	6000000205063691949
Q105387731	6000000069196849924
Q105387732	6000000186664866827
Q105387733	6000000079896988248
Q105387739	6000000182324525845
Q105387745	6000000115463939923
Q105387748	6000000046043227036
Q105387750	6000000200300799851
Q105387753	6000000098050941849
Q105387756	6000000137354352153
Q105387762	6000000028276407570
Q105387763	6000000006374317292
Q105387765	6000000044587203891
Q105387768	6000000177632082864
Q105387772	6000000198417139845
Q105387774	6000000086837878839
Q105387781	6000000031134757403
Q105387783	6000000095492884875
Q105387784	6000000178595972821
Q105387798	6000000005225919362
Q105387805	6000000002045703017
Q105387806	6000000080657985025
Q105387812	6000000031979431041
Q105387815	6000000064652713882
Q105387820	6000000026026341320
Q105387832	6000000075862935510
Q105387833	6000000017409597270
Q105387834	6000000121937732867
Q105387843	6000000085712898821
Q105387847	6000000184274426841
Q105387850	6000000034956944132
Q105387851	6000000080632154289
Q105387852	6000000005225374685
Q105387855	6000000036735630947
Q105387856	6000000090943285846
Q105387858	6000000102518848059
Q105387859	6000000084165665251
Q105387861	6000000082741398845
Q105387868	6000000000079544240
Q105387872	6000000091331685828
Q105387878	6000000090942146166
Q105387887	6000000075844430170
Q105387891	6000000070743518896
Q105387894	6000000000122618627
Q105387895	6000000084166524860
Q105387899	6000000061064950821
Q105387905	6000000089493784951
Q105387906	6000000061062947872
Q105387909	6000000064698222934
Q105387913	6000000092338686919
Q105387918	6000000004994952752
Q105387919	6000000006374317304
Q105387921	6000000179048298827
Q105387922	6000000184000481875
Q105387926	6000000036731324030
Q105387928	6000000140300324200
Q105387930	6000000000122619811
Q105387934	6000000178906020843
Q105387943	6000000013517011309
Q105387947	6000000091331508962
Q105387951	6000000034956572349
Q105387955	6000000146529769857
Q105387958	6000000090942266157
Q105387962	6000000034956218963
Q105387977	6000000039994276855
Q105387980	6000000011265273866
Q105387983	6000000006374412856
Q105387986	6000000141074280898
Q105387991	6000000054693139885
Q105387992	6000000054692956024
Q105388009	6000000198867795838
Q105388011	6000000180962898827
Q105388013	6000000002893954087
Q105388015	6000000036904138846
Q105388017	6000000051165080856
Q105388022	6000000003364776275
Q105388040	6000000041048515386
Q105388041	6000000041047965851
Q105388045	6000000133979690899
Q105388050	6000000173932967919
Q105388053	6000000133978256128
Q105388059	6000000086111567915
Q105388061	6000000133994182880
Q105388063	6000000009526079744
Q105388065	6000000084354773946
Q105388067	6000000028476632843
Q105388077	6000000199062577904
Q105388087	6000000197226358852
Q105388090	6000000030748180972
Q105388094	6000000068224735040
Q105388097	4955527375600028177
Q105388112	6000000119342310861
Q105388115	6000000213225673439
Q105388122	6000000083717325062
Q105388127	6000000043377458112
Q105388130	6000000072401965845
Q105388131	6000000068225182995
Q105388133	6000000116761875047
Q105388135	6000000030754027285
Q105388139	6000000047398253878
Q105388147	6000000196624039285
Q105388154	6000000002685528088
Q105388156	6000000002685528144
Q105388157	6000000178634913898
Q105388165	6000000082712159915
Q105388171	6000000034312866683
Q105388176	6000000033327365093
Q105388179	6000000194406551838
Q105388185	6000000055580489561
Q105388187	6000000003856516624
Q105388192	6000000173485553622
Q105388196	6000000111840251854
Q105388197	6000000067136042949
Q105388200	6000000067248684861
Q105388202	6000000203060913827
Q105388203	6000000203060933826
Q105388207	6000000181451788874
Q105388210	6000000147244961859
Q105388214	6000000082235015939
Q105388218	6000000096984125832
Q105388219	6000000045873266989
Q105388224	6000000068731202850
Q105388226	6000000071038206943
Q105388227	6000000062683258947
Q105388228	6000000045921187941
Q105388230	6000000049050300850
Q105388233	6000000078579035581
Q105388234	6000000169856394825
Q105388238	6000000062683475950
Q105388242	6000000049049583065
Q105388246	6000000046043622146
Q105388250	6000000082811407434
Q105388260	6000000096984190823
Q105388263	6000000038955050561
Q105388270	6000000090258555985
Q105388273	6000000038899922040
Q105388274	6000000205249553987
Q105388275	6000000205216726855
Q105388277	6000000204887440932
Q105388279	6000000204887530837
Q105388280	6000000205230712860
Q105388285	6000000014312125615
Q105388288	6000000014312410071
Q105388291	6000000014312354532
Q105388293	6000000014312469167
Q105388296	6000000199268972859
Q105388299	6000000199269090845
Q105388301	6000000014685242750
Q105388302	6000000025055065487
Q105388304	6000000035972654399
Q105388305	6000000193733174839
Q105388308	6000000093387648902
Q105388310	6000000060989555874
Q105388313	6000000002829434275
Q105388315	6000000080397650947
Q105388322	6000000045756985007
Q105388325	6000000066597547862
Q105388330	6000000010793682307
Q105388331	6000000120274328850
Q105388333	6000000103850161018
Q105388334	6000000190629266869
Q105388345	6000000041991724860
Q105388353	6000000164469579856
Q105388361	6000000202464566869
Q105388363	6000000186073451293
Q105388367	6000000190611815832
Q105388369	6000000009908608252
Q105388373	6000000031032043130
Q105388377	6000000058991130029
Q105388384	6000000215702333830
Q105388388	6000000045757383821
Q105388389	6000000009908608240
Q105388391	6000000094800990290
Q105388393	6000000078918516246
Q105388398	6000000177888198840
Q105388399	6000000208849813823
Q105388401	6000000069547014882
Q105388406	6000000187751060843
Q105388412	6000000033373163264
Q105388414	6000000006177030021
Q105388418	6000000004554955942
Q105388421	6000000003495120444
Q105388423	6000000197765896830
Q105388424	6000000070495494955
Q105388426	6000000196553057922
Q105388432	6000000094192574971
Q105388433	6000000128839427840
Q105388434	6000000036192580887
Q105388437	6000000066597743848
Q105388438	6000000073047830086
Q105388439	6000000010343245359
Q105388440	6000000013829679312
Q105388442	6000000169306640926
Q105388446	6000000187008918921
Q105388448	6000000019057351268
Q105388450	6000000196654080827
Q105388451	6000000192167184871
Q105388454	6000000215751914843
Q105388459	6000000052545792116
Q105388463	6000000031092866100
Q105388466	6000000086795504062
Q105388490	6000000201197402821
Q105388491	6000000173487758873
Q105388499	6000000052128995898
Q105388503	6000000052261341852
Q105388506	6000000211906696824
Q105388510	6000000010343180725
Q105388511	6000000069497529071
Q105388513	6000000202070612828
Q105388515	6000000027360070535
Q105388537	6000000078316270870
Q105388540	6000000073971616016
Q105388542	6000000042360400509
Q105388548	6000000171756865031
Q105388552	6000000209768106821
Q105388553	6000000056391977083
Q105388558	6000000047773924936
Q105388562	6000000187750457907
Q105388564	6000000075916419486
Q105388568	6000000200293817866
Q105388569	6000000055284471846
Q105388570	6000000106154849896
Q105388571	6000000007627877500
Q105388572	6000000004554963857
Q105388575	6000000007403051549
Q105388585	6000000037104460557
Q105388592	6000000075964399088
Q105388594	6000000004555148366
Q105388595	6000000186681094821
Q105388603	6000000019136830861
Q105388604	6000000038744187568
Q105388606	6000000023074406272
Q105388607	6000000186418617830
Q105388608	6000000172629339828
Q105388609	6000000172628871211
Q105388613	6000000084759773940
Q105388627	6000000027487558682
Q105388634	6000000101833521875
Q105388636	6000000205637070909
Q105388639	6000000159852732897
Q105388640	6000000047319002847
Q105388641	6000000047318808045
Q105388647	6000000199117037831
Q105388670	6000000046754900959
Q105388674	6000000057843532821
Q105388675	6000000057827994902
Q105388687	6000000192711344845
Q105388692	6000000185505208924
Q105388697	6000000005241145469
Q105388704	6000000009255505465
Q105388707	6000000027950018364
Q105388711	6000000027897741577
Q105388712	6000000035419066821
Q105388716	6000000040012134194
Q105388717	6000000178057059842
Q105388723	6000000166273972821
Q105388732	6000000042967678834
Q105388734	6000000001951951170
Q105388741	6000000207863775821
Q105388742	6000000075569518015
Q105388743	6000000011505891746
Q105388748	6000000018740121502
Q105388749	6000000181420636849
Q105388752	6000000051014467945
Q105388755	6000000082624287987
Q105388759	6000000081009398899
Q105388762	6000000007255839624
Q105388763	6000000042967615963
Q105388764	6000000207846202843
Q105388766	6000000074700306912
Q105388769	6000000036969583601
Q105388771	6000000197490658952
Q105388772	6000000002361930778
Q105388777	6000000069297894045
Q105388778	6000000075287977974
Q105388779	6000000046208651795
Q105388780	6000000046208577102
Q105388784	6000000008113092894
Q105388786	6000000026263704840
Q105388790	6000000112064051853
Q105388791	6000000002665407009
Q105388792	6000000043632743925
Q105388793	6000000002388922740
Q105388796	6000000097626238859
Q105388797	6000000001284028400
Q105388799	6000000177061767838
Q105388801	6000000040269531966
Q105388807	6000000028289844098
Q105388810	6000000024640672340
Q105388812	6000000069430865303
Q105388817	6000000057455220984
Q105388818	6000000040269019784
Q105388826	6000000025882325857
Q105388827	6000000032008367168
Q105388828	6000000031077600038
Q105388830	6000000089332567921
Q105388831	6000000081007594370
Q105388833	6000000013384564889
Q105388834	6000000057454784179
Q105388840	6000000177141342869
Q105388852	6000000030832284919
Q105388854	6000000035081761808
Q105388856	6000000031163632472
Q105388866	6000000071116683970
Q105388870	6000000036968383988
Q105388872	6000000031406547123
Q105388874	6000000178299492858
Q105388875	6000000036968540839
Q105388877	6000000036968437995
Q105388878	6000000031405552680
Q105388891	323637837010004393
Q105388892	6000000008113182559
Q105388896	6000000061212515848
Q105388905	6000000054683412981
Q105388916	6000000207846420823
Q105388920	6000000056680350985
Q105388921	6000000034095692669
Q105388922	5355909240210022734
Q105388923	6000000025881400928
Q105388925	6000000069701545838
Q105388927	6000000052226685847
Q105388939	6000000170002378847
Q105388944	6000000070676799295
Q105388951	6000000034094975476
Q105388957	6000000140127613821
Q105388959	6000000010543239357
Q105388960	6000000181421292822
Q105388991	6000000078519792946
Q105388998	6000000003185372232
Q105389	6000000043544845049
Q105389000	4157471260610028268
Q105389002	6000000041320021168
Q105389005	6000000038213673324
Q105389006	6000000197513637852
Q105389021	6000000190240256906
Q105389023	6000000002361930087
Q105389027	6000000172342617260
Q105389029	6000000190240807846
Q105389030	6000000190247439940
Q105389031	6000000147223357919
Q105389033	6000000172343091872
Q105389055	6000000094074277209
Q105389056	6000000094074472050
Q105389057	6000000106994969340
Q105389058	6000000018377852632
Q105389066	6000000188471328834
Q105389068	6000000187251582821
Q105389070	6000000084150380359
Q105389072	6000000002388858224
Q105389073	6000000180345275844
Q105389084	6000000017371889844
Q105389086	6000000060822246953
Q105389092	6000000010203653357
Q105389094	6000000060716023857
Q105389095	6000000060822246937
Q105389107	6000000138955061838
Q105389110	6000000172046998885
Q105389112	6000000205081048896
Q105389114	6000000184624447866
Q105389115	6000000138953590280
Q105389118	6000000000818453060
Q105389123	6000000109073134867
Q105389127	6000000095731360527
Q105389130	6000000088088201090
Q105389139	6000000076930645363
Q105389140	6000000015683069754
Q105389141	6000000076930086613
Q105389143	6000000076931996499
Q105389144	6000000076930161737
Q105389150	6000000039328210019
Q105389152	6000000039328012434
Q105389153	6000000215153355822
Q105389160	6000000178260522838
Q105389165	6000000175987565828
Q105389166	6000000121208793845
Q105389173	6000000046045333861
Q105389178	6000000028937600604
Q105389183	6000000035175264556
Q105389189	6000000051874909183
Q105389190	6000000193772779842
Q105389192	4914765047080136277
Q105389200	6000000090708113115
Q105389202	6000000030624933187
Q105389206	6000000057362579912
Q105389208	6000000018521527943
Q105389210	6000000058543016860
Q105389211	6000000007287963827
Q105389216	6000000141799997194
Q105389219	6000000177466346825
Q105389220	6000000187846545823
Q105389223	6000000018521707362
Q105389231	6000000195342011872
Q105389232	6000000187846457833
Q105389233	6000000035684126917
Q105389243	6000000017167216345
Q105389250	6000000051900450012
Q105389253	6000000187846202827
Q105389254	6000000028937623412
Q105389255	6000000106644221037
Q105389263	6000000199789543914
Q105389264	6000000081016311051
Q105389268	6000000177438840865
Q105389269	6000000027357489385
Q105389278	6000000126636645902
Q105389280	6000000080660481270
Q105389285	6000000002685546490
Q105389286	6000000039024477901
Q105389291	6000000006331309024
Q105389294	6000000090906526864
Q105389296	6000000002685546474
Q105389300	6000000002685546459
Q105389302	6000000090906526852
Q105389304	6000000006331237189
Q105389307	6000000039024167171
Q105389309	6000000002685546498
Q105389310	6000000012422335234
Q105389317	6000000002685546506
Q105389318	6000000014364707562
Q105389321	6000000017627177564
Q105389325	6000000035266681031
Q105389327	6000000043438013246
Q105389334	6000000215133039822
Q105389337	6000000215108382823
Q105389338	6000000215108221822
Q105389341	6000000004097870684
Q105389345	6000000188498732887
Q105389346	6000000188498959848
Q105389348	6000000190584687839
Q105389351	6000000121134745821
Q105389352	6000000067162212831
Q105389354	6000000199334421896
Q105389357	6000000053477436094
Q105389359	6000000150005039821
Q105389360	6000000205449047863
Q105389362	6000000075677313926
Q105389367	6000000037796043290
Q105389372	6000000036924314680
Q105389380	6000000077733978620
Q105389381	6000000208504188823
Q105389383	6000000077733719763
Q105389386	6000000180678178842
Q105389387	6000000053476449163
Q105389391	6000000121134729826
Q105389395	6000000053477647837
Q105389397	6000000178770644914
Q105389398	6000000178772402821
Q105389404	6000000043438222938
Q105389406	6000000055315559089
Q105389410	6000000066921956839
Q105389413	6000000000782234216
Q105389414	6000000055314777552
Q105389418	6000000000782634016
Q105389420	6000000055315639989
Q105389425	6000000037211450363
Q105389429	6000000024526974496
Q105389430	6000000024527287350
Q105389431	6000000024527450141
Q105389436	6000000054521181070
Q105389438	6000000070969790354
Q105389443	6000000211013793821
Q105389472	6000000044121950157
Q105389474	6000000077892657826
Q105389477	6000000175687096821
Q105389490	6000000202540006983
Q105389494	6000000091003488995
Q105389503	6000000000825392055
Q105389506	6000000018877741695
Q105389514	6000000088393299912
Q105389517	6000000006374368552
Q105389531	6000000006374414239
Q105389552	6000000141536516821
Q105389566	6000000128844443049
Q105389574	6000000006374368536
Q105389577	6000000047857646950
Q105389584	6000000015939556490
Q105389586	6000000202541008821
Q105389608	6000000008497212116
Q105389623	6000000192874671835
Q105389627	6000000116757083896
Q105389630	6000000044122276871
Q105389635	6000000029176813966
Q105389649	6000000191452284886
Q105389651	6000000174738285983
Q105389659	6000000180767740920
Q105389665	6000000003304786848
Q105389666	6000000003304786862
Q105389668	6000000075490514997
Q105389669	6000000084852469904
Q105389670	6000000075322520951
Q105389672	6000000061824376922
Q105389676	6000000199666301827
Q105389678	6000000199666358821
Q105389688	6000000176162284022
Q105389689	6000000176164535824
Q105389696	6000000185153855825
Q105389697	6000000185153688833
Q105389701	6000000041022937814
Q105389702	6000000041022937795
Q105389703	6000000093837797252
Q105389704	6000000075960905119
Q105389705	6000000093845706866
Q105389706	6000000037742283557
Q105389707	6000000023093203956
Q105389708	6000000041023297596
Q105389709	6000000041024735822
Q105389712	6000000001335783831
Q105389713	6000000187329144840
Q105389714	6000000069646186957
Q105389718	6000000084650863567
Q105389719	5146953753830084991
Q105389725	6000000185631006053
Q105389726	6000000077776551139
Q105389727	6000000205540847825
Q105389737	4050334672340121727
Q105389739	6000000202131175893
Q105389754	6000000159431281830
Q105389755	6000000035171921352
Q105389759	6000000191493462865
Q105389760	6000000191493013895
Q105389773	6000000025497838195
Q105389776	6000000101179557891
Q105389777	6000000034953736964
Q105389781	6000000034953585277
Q105389783	6000000048882798868
Q105389786	6000000210642764824
Q105389788	6000000208616676828
Q105389791	6000000146025775849
Q105389792	6000000118661017827
Q105389795	6000000034053775858
Q105389798	6000000092734041857
Q105389813	6000000187705214989
Q105389818	6000000072875988828
Q105389825	6000000092733954876
Q105389828	6000000025483808663
Q105389832	6000000118661454825
Q105389833	6000000206708484878
Q105389837	6000000057816170825
Q105389839	6000000016378100529
Q105389845	6000000084170731515
Q105389847	6000000018578667531
Q105389849	6000000057521738926
Q105389850	6000000032105125580
Q105389852	6000000030224142210
Q105389853	6000000030224215609
Q105389855	6000000039866317587
Q105389866	6000000006098715822
Q105389874	6000000148791788889
Q105389879	6000000008426128292
Q105389880	6000000182297716828
Q105389886	6000000084102531969
Q105389892	6000000030084701903
Q105389895	6000000005032142398
Q105389897	6000000005032084100
Q105389902	6000000061096159439
Q105389903	6000000205694359875
Q105389910	6000000092172465911
Q105389911	6000000199025145821
Q105389913	6000000022738581109
Q105389914	6000000022738480208
Q105389915	6000000092172034106
Q105389917	6000000200446205835
Q105389918	6000000086596806034
Q105389921	6000000200446261841
Q105389923	6000000007795719213
Q105389925	6000000084314586093
Q105389926	6000000115311018913
Q105389927	6000000196758576857
Q105389929	6000000150928179880
Q105389933	6000000202870630823
Q105389935	6000000202913495827
Q105389937	6000000202915234821
Q105389939	6000000197127045829
Q105389944	6000000091840903871
Q105389946	6000000136915239507
Q105389952	6000000143066196821
Q105389953	6000000177048154851
Q105389962	6000000193738871826
Q105389981	6000000016623201601
Q105389983	6000000016623200523
Q105389991	6000000102951687825
Q105389992	6000000102952835829
Q105389998	6000000054197190892
Q105390007	6000000185453372143
Q105390008	6000000204814531855
Q105390016	6000000089203489847
Q105390018	6000000087118827895
Q105390022	6000000014265902226
Q105390025	6000000014265935124
Q105390027	6000000045226519842
Q105390028	6000000000340946298
Q105390040	6000000191318441858
Q105390042	6000000204932001988
Q105390045	6000000002361930044
Q105390052	6000000169811963842
Q105390053	6000000181352630821
Q105390055	6000000173986319025
Q105390056	6000000103263874566
Q105390057	6000000075931371343
Q105390079	6000000197207426823
Q105390080	6000000182856691847
Q105390081	6000000161402084839
Q105390087	6000000182854142927
Q105390188	6000000115417500850
Q105390189	6000000178905448851
Q105390190	6000000082668619884
Q105390191	4681907414080039904
Q105390196	6000000049073626990
Q105390201	4916628229080085645
Q105390202	6000000038212882388
Q105390203	6000000205113417881
Q105390212	6000000004399312984
Q105390213	6000000139460047952
Q105390316	6000000157936707831
Q105390342	6000000197208887828
Q105390343	6000000002388922709
Q105390344	6000000012945789904
Q105390345	6000000029968237397
Q105390346	6000000029968159081
Q105390347	6000000002388850922
Q105390348	6000000002388922637
Q105390353	6000000012677164314
Q105390355	6000000012677062033
Q105390356	6000000012677062039
Q105390369	6000000191174082826
Q105390372	6000000191174442821
Q105390375	6000000189945293892
Q105390379	6000000216663509830
Q105390381	6000000146011773845
Q105390396	6000000193853305900
Q105390398	6000000165638863317
Q105390404	6000000193853961823
Q105390407	6000000041569917235
Q105390408	6000000041570067953
Q105390411	6000000179751654833
Q105390416	6000000192709312831
Q105390420	6000000204154283863
Q105390429	6000000191314003822
Q105390435	6000000046834945821
Q105390436	6000000032492469773
Q105390437	6000000209144464858
Q105390440	6000000209642248847
Q105390442	6000000199187471865
Q105390444	6000000209144456854
Q105390446	6000000178402615882
Q105390454	6000000046045978852
Q105390455	6000000046046285960
Q105390461	6000000052784834836
Q105390468	6000000202500017821
Q105390471	6000000023992831749
Q105390472	6000000038773966478
Q105390477	6000000103775690881
Q105390478	6000000036651987858
Q105390483	6000000202968035846
Q105390488	6000000203927972851
Q105390489	6000000013816160475
Q105390490	6000000206569899822
Q105390493	6000000017895794144
Q105390501	6000000079575416127
Q105390505	6000000206570584883
Q105390506	6000000017895457446
Q105390507	6000000176399054935
Q105390512	6000000052347235822
Q105390516	6000000052799457866
Q105390521	6000000202969071823
Q105390523	6000000202236959821
Q105390525	6000000116497266667
Q105390537	6000000077868433889
Q105390538	6000000000922419277
Q105390542	6000000205023642831
Q105390549	6000000186124771823
Q105390562	6000000039897480689
Q105390567	6000000003882211005
Q105390573	6000000007208589373
Q105390576	6000000007208601516
Q105390577	6000000022291853866
Q105390578	6000000004837400819
Q105390580	6000000088382273888
Q105390581	6000000030970462058
Q105390586	6000000204958317829
Q105390594	6000000082313496019
Q105390596	6000000169078855128
Q105390597	6000000200947932986
Q105390605	6000000215223520827
Q105390606	6000000077582952278
Q105390607	6000000102168195005
Q105390609	6000000195247300867
Q105390610	6000000187857771821
Q105390611	6000000195248159825
Q105390613	6000000172017941992
Q105390619	6000000075015598155
Q105390622	6000000197210487821
Q105390627	6000000209169185821
Q105390629	6000000179876901901
Q105390630	6000000197210303827
Q105390631	6000000197210488821
Q105390634	6000000179877152845
Q105390636	6000000197210121854
Q105390641	6000000209168988864
Q105390648	6000000211377792829
Q105390657	6000000192394492837
Q105390659	6000000002388925932
Q105390660	6000000002388925927
Q105390664	6000000093272524214
Q105390665	6000000190477691826
Q105390666	6000000063215619142
Q105390672	6000000190137951853
Q105390676	6000000190049625837
Q105390678	6000000190009577882
Q105390680	6000000190051956830
Q105390681	6000000190056230829
Q105390685	6000000082294754839
Q105390687	6000000187600413828
Q105390695	6000000169757449180
Q105390697	6000000139691681010
Q105390698	6000000169758265903
Q105390700	6000000038124720095
Q105390705	6000000179468586879
Q105390706	6000000005468670015
Q105390713	6000000193482818825
Q105390720	6000000016068924737
Q105390722	6000000031648546846
Q105390725	6000000011669647192
Q105390731	6000000033161783450
Q105390735	6000000148729740851
Q105390736	6000000001229254126
Q105390739	6000000034912347453
Q105390740	6000000082011830931
Q105390747	6000000046046500922
Q105390748	6000000058809257245
Q105390749	6000000036010407344
Q105390751	6000000171732939861
Q105390753	6000000036381038995
Q105390755	6000000031051515563
Q105390757	6000000036380215634
Q105390758	6000000009699499688
Q105390768	6000000211000961833
Q105390775	6000000034912448559
Q105390781	6000000043285164950
Q105390783	6000000044655217844
Q105390784	6000000013385485015
Q105390785	6000000186030140934
Q105390786	6000000177054867832
Q105390788	6000000017107811820
Q105390790	6000000131437384935
Q105390795	6000000087244026831
Q105390796	6000000177235000837
Q105390798	6000000025488043459
Q105390799	6000000082011649075
Q105390800	6000000183686219861
Q105390809	6000000180162512877
Q105390811	6000000078642447055
Q105390813	6000000050875011305
Q105390814	6000000177235000853
Q105390815	6000000168869219844
Q105390820	6000000012881261402
Q105390826	6000000007388234839
Q105390829	6000000177053594830
Q105390835	6000000175812325852
Q105390838	6000000185774452906
Q105390840	6000000191500689849
Q105390846	6000000197649890822
Q105390847	6000000011483058402
Q105390849	6000000173128538822
Q105390850	6000000185512831940
Q105390852	6000000103838654477
Q105390854	6000000179361237830
Q105390859	6000000113304405824
Q105390861	6000000113304073922
Q105390862	6000000113303620832
Q105390863	6000000113303775945
Q105390864	6000000172676568941
Q105390865	6000000123216216860
Q105390868	6000000045276491922
Q105390875	6000000046506792193
Q105390882	6000000080277482083
Q105390883	6000000046506203244
Q105390885	6000000041320702978
Q105390887	6000000008549211477
Q105390889	6000000085768936941
Q105390894	6000000072881175321
Q105390897	6000000172649741935
Q105390898	6000000055934210861
Q105390900	6000000004064337225
Q105390904	6000000079619425890
Q105390907	6000000006179215215
Q105390908	6000000004064337022
Q105390910	6000000172635683060
Q105390912	6000000046468177970
Q105390913	6000000178477311841
Q105390914	6000000042781664875
Q105390916	6000000172634509326
Q105390919	6000000046468733857
Q105390920	6000000041320738925
Q105390922	6000000008656283645
Q105390924	6000000085575301865
Q105390925	6000000002955206449
Q105390939	6000000204689590823
Q105390941	6000000028167454980
Q105390946	6000000208874634903
Q105390947	6000000025794317056
Q105390948	6000000020546847983
Q105390950	6000000029643416299
Q105390952	6000000193409150822
Q105390953	6000000193410465822
Q105390954	6000000193406320823
Q105390961	6000000177303643859
Q105390962	6000000177303191863
Q105390963	6000000203362755821
Q105390964	6000000104667315962
Q105390965	6000000209895876854
Q105390966	6000000080097622924
Q105390975	6000000044658953940
Q105390978	6000000044721917965
Q105390997	6000000043878798858
Q105391001	6000000039310648905
Q105391009	6000000003566044386
Q105391010	6000000003566192351
Q105391011	6000000195607316880
Q105391017	6000000200581747821
Q105391018	6000000203021670826
Q105391021	6000000092651628062
Q105391023	6000000023429133943
Q105391024	6000000023429191870
Q105391025	6000000075956487949
Q105391027	6000000208672344845
Q105391028	6000000075956067097
Q105391030	6000000077591322853
Q105391034	6000000202213045875
Q105391035	6000000202133976849
Q105391043	6000000038935052429
Q105391045	6000000202213595927
Q105391047	6000000075322355856
Q105391050	6000000176234768828
Q105391051	6000000105187967065
Q105391053	6000000201266401822
Q105391055	6000000201268057826
Q105391062	6000000079999206821
Q105391074	6000000200720196827
Q105391078	6000000166414015844
Q105391083	6000000166413300002
Q105391088	6000000189766305894
Q105391089	6000000086394149872
Q105391092	6000000203406419822
Q105391104	6000000028834613209
Q105391106	6000000002514601565
Q105391108	6000000028711663745
Q105391110	6000000186502842831
Q105391111	6000000027271462177
Q105391112	6000000077106068248
Q105391113	6000000027289279409
Q105391118	6000000170732384864
Q105391119	6000000121695843984
Q105391121	6000000054908031884
Q105391129	6000000024407597812
Q105391130	6000000198962130822
Q105391133	6000000065915952821
Q105391134	6000000205147968862
Q105391137	6000000000561652949
Q105391139	6000000023991944912
Q105391140	6000000000987164001
Q105391149	6000000024892312638
Q105391162	6000000030406483374
Q105391163	6000000013042780699
Q105391171	6000000212796356847
Q105391173	6000000079672811078
Q105391179	6000000073330155103
Q105391182	6000000029302536656
Q105391184	6000000003698322603
Q105391187	6000000000541869711
Q105391188	6000000024292540912
Q105391189	6000000024292485197
Q105391190	6000000024292068508
Q105391191	6000000024292449617
Q105391195	6000000024292597880
Q105391196	6000000001493009119
Q105391200	6000000186826132891
Q105391201	6000000186829828822
Q105391202	6000000083205796213
Q105391204	6000000155096353871
Q105391207	6000000032999802134
Q105391208	6000000008890955868
Q105391209	6000000209663975821
Q105391211	6000000084006125980
Q105391216	6000000186249469472
Q105391220	6000000002685543022
Q105391221	6000000180646740841
Q105391223	6000000046331192127
Q105391233	6000000180646880823
Q105391235	6000000159880346908
Q105391241	6000000209664197824
Q105391245	6000000085154819006
Q105391255	6000000008795899785
Q105391261	6000000032106020974
Q105391262	6000000172472310733
Q105391264	6000000172472051525
Q105391271	6000000172984003316
Q105391272	6000000041296695823
Q105391274	6000000111311270821
Q105391280	6000000040606968013
Q105391281	6000000079500976225
Q105391282	6000000205813844845
Q105391283	6000000205813546884
Q105391287	6000000079501626836
Q105391290	6000000183088741879
Q105391291	6000000205289778830
Q105391292	6000000024564931262
Q105391293	6000000183088330848
Q105391296	6000000088410581959
Q105391298	6000000001444118250
Q105391302	6000000026694955768
Q105391304	6000000060168732844
Q105391306	6000000030454250347
Q105391312	6000000020115887057
Q105391322	6000000190979750836
Q105391326	6000000189011465943
Q105391332	6000000036599328962
Q105391333	4146418672800024435
Q105391336	6000000002400831016
Q105391343	6000000002400747401
Q105391349	6000000215028152826
Q105391350	6000000215028127840
Q105391352	6000000080121637018
Q105391357	6000000082353783029
Q105391362	6000000207157601865
Q105391366	6000000045822734823
Q105391368	6000000011438985529
Q105391373	6000000197039241846
Q105391377	6000000002361917507
Q105391378	6000000011438977466
Q105391383	6000000002361930105
Q105391384	6000000197031119843
Q105391385	6000000197037854858
Q105391386	6000000183428601821
Q105391388	6000000174394674755
Q105391390	6000000174396748158
Q105391391	6000000052283575095
Q105391392	6000000180943365840
Q105391402	6000000203487122839
Q105391406	6000000070752822127
Q105391407	6000000034458742311
Q105391410	6000000053145981034
Q105391415	6000000041838917876
Q105391425	6000000190050158888
Q105391430	6000000200800378821
Q105391432	6000000200800176906
Q105391433	6000000080415707337
Q105391435	6000000191513140880
Q105391437	6000000050974173943
Q105391443	6000000186673409888
Q105391444	6000000084344212141
Q105391460	6000000172451799313
Q105391461	6000000177087560886
Q105391465	6000000194084935826
Q105391470	6000000054819576847
Q105391471	6000000186348042823
Q105391472	6000000202575407821
Q105391475	6000000037466125124
Q105391502	6000000039051478223
Q105391507	6000000039789532689
Q105391509	6000000016216911052
Q105391511	6000000042706107296
Q105391525	6000000080302086850
Q105391528	6000000082561181378
Q105391531	6000000090085518826
Q105391534	6000000199645973821
Q105391535	6000000051145315241
Q105391547	6000000204702298822
Q105391548	6000000204700246823
Q105391549	6000000204688786864
Q105391551	6000000205030920846
Q105391564	6000000036251214883
Q105391569	6000000006374298698
Q105391582	6000000054683055899
Q105391586	6000000015629517167
Q105391587	6000000097061986979
Q105391595	6000000050085222859
Q105391596	6000000157718614827
Q105391598	6000000037787030143
Q105391602	6000000010108415850
Q105391603	6000000033278777820
Q105391605	6000000001582104021
Q105391607	6000000039790816294
Q105391610	6000000082415313823
Q105391612	6000000082413515253
Q105391616	6000000126868147885
Q105391618	6000000126868268915
Q105391629	6000000078243106957
Q105391632	6000000078244848834
Q105391636	6000000016948735964
Q105391639	6000000104935644859
Q105391644	6000000016949072145
Q105391645	6000000058445404100
Q105391646	6000000079425302149
Q105391648	6000000088093305135
Q105391649	6000000039253711383
Q105391650	6000000057573975931
Q105391655	6000000054244053890
Q105391658	6000000026936039463
Q105391659	6000000019963006541
Q105391666	6000000076719567225
Q105391668	6000000017896515043
Q105391669	6000000053586244844
Q105391672	6000000041150337353
Q105391674	6000000003747033277
Q105391677	6000000053576387833
Q105391679	6000000189568938888
Q105391682	6000000035584875297
Q105391684	6000000072329570380
Q105391687	6000000076719887952
Q105391689	6000000195018299832
Q105391692	6000000019592981319
Q105391693	6000000001318174490
Q105391694	6000000059007761947
Q105391698	6000000175706240821
Q105391701	6000000072329747242
Q105391713	6000000030647971875
Q105391721	6000000054244111875
Q105391723	6000000129453075824
Q105391726	6000000000825409463
Q105391729	6000000081767720910
Q105391740	6000000000825409452
Q105391748	6000000076715568463
Q105391750	6000000026769785239
Q105391751	6000000031547348860
Q105391755	6000000002765659392
Q105391757	6000000177581657834
Q105391761	6000000076718952856
Q105391763	6000000182987446872
Q105391765	6000000199411244853
Q105391766	6000000022525093060
Q105391772	6000000041361935095
Q105391773	6000000041361921978
Q105391776	6000000197224219837
Q105391780	6000000046198523942
Q105391782	6000000069432290244
Q105391783	6000000069378668012
Q105391788	6000000208636870854
Q105391791	6000000078351292883
Q105391792	4441798926100069949
Q105391798	6000000045331807056
Q105391799	6000000130366396398
Q1053918	6000000142720423823
Q105391800	6000000191248724885
Q105391801	6000000171589902614
Q105391803	6000000171607523885
Q105391807	6000000079625813887
Q105391808	6000000079625269839
Q105391809	6000000044726370357
Q105391817	6000000040699177597
Q105391819	6000000023967368825
Q105391832	6000000024167631280
Q105391834	6000000059468963849
Q105391835	6000000024864921913
Q105391836	6000000031430698726
Q105391840	6000000027949690874
Q105391842	6000000021441948010
Q105391844	6000000021441929257
Q105391849	6000000034493589859
Q105391850	6000000172999799000
Q105391852	6000000175866656843
Q105391859	6000000078118892994
Q105391862	6000000006231446701
Q105391863	6000000078115008351
Q105391870	6000000005671295021
Q105391878	6000000080511820821
Q105391887	6000000194417046821
Q105391900	6000000077955815866
Q105391901	6000000077955706868
Q105391902	6000000080676879821
Q105391905	6000000076747234920
Q105391907	6000000076746975132
Q105391911	6000000165086351836
Q105391912	6000000017055759932
Q105391913	6000000176991894840
Q105391917	6000000051024283177
Q105391921	6000000145973435855
Q105391928	6000000016671349053
Q105391930	6000000145973355884
Q105391932	6000000038893988751
Q105391936	6000000029346391015
Q105391937	6000000030224401216
Q105391945	6000000011232714403
Q105391949	334778463130005523
Q105391952	6000000196688997829
Q105391955	6000000077025773659
Q105391958	6000000080411128997
Q105391960	6000000049388218062
Q105391961	6000000196689047821
Q105391966	6000000190779499917
Q105391972	6000000007305594606
Q105391979	6000000037497691316
Q105391982	6000000037497182284
Q105391988	6000000006374371233
Q105391990	6000000212796583842
Q105391993	6000000134078353878
Q105391996	6000000187169528829
Q105391998	6000000194446635838
Q105392000	6000000041923720146
Q105392005	6000000038736662704
Q105392008	6000000062549248032
Q105392017	6000000176341906850
Q105392023	6000000024947164826
Q105392027	6000000102189828861
Q105392030	6000000182900812856
Q105392033	6000000201962655821
Q105392034	6000000202019277834
Q105392035	6000000202019095822
Q105392042	6000000109883944889
Q105392045	6000000020489332660
Q105392050	6000000185580125815
Q105392062	6000000194734398849
Q105392063	6000000178436109824
Q105392066	389660594920012679
Q105392075	6000000014408313704
Q105392076	6000000203680442043
Q105392089	6000000026326852676
Q105392092	6000000026325819538
Q105392095	6000000086889280927
Q105392096	6000000009752667163
Q105392099	6000000171854083866
Q105392101	6000000038114286415
Q105392102	6000000207917110863
Q105392107	6000000078456152836
Q105392109	6000000031990590582
Q105392111	6000000121170161284
Q105392113	6000000171871824825
Q105392114	6000000045940306236
Q105392116	6000000084523835733
Q105392118	6000000175015245822
Q105392122	6000000104934727871
Q105392125	5604601711750087424
Q105392126	6000000181104489823
Q105392127	6000000087904299916
Q105392130	6000000013208011411
Q105392131	6000000078455846839
Q105392134	6000000038114345334
Q105392135	6000000033014988724
Q105392141	6000000175988643821
Q105392147	6000000085480967891
Q105392149	6000000124233223995
Q105392151	6000000175986156897
Q105392153	6000000104932154435
Q105392154	6000000007223901628
Q105392160	6000000001153145193
Q105392162	6000000093967754851
Q105392163	6000000003660037185
Q105392170	6000000006374412987
Q105392174	6000000188640774845
Q105392175	6000000130541408841
Q105392180	6000000082669512318
Q105392185	6000000124233530001
Q105392186	6000000130555936823
Q105392192	6000000049387515004
Q105392193	6000000049388048841
Q105392195	6000000182414910853
Q105392199	6000000104849144350
Q105392201	6000000178268660829
Q105392206	6000000039051710919
Q105392208	6000000093908167453
Q105392210	6000000004126499702
Q105392212	4188396284010074811
Q105392220	6000000018978935433
Q105392225	6000000033624016187
Q105392228	6000000033628263168
Q105392231	6000000025154560310
Q105392256	6000000011038761792
Q105392258	6000000129869324822
Q105392264	6000000134779828033
Q105392267	6000000134648082945
Q105392268	6000000134781443825
Q105392270	6000000178777954855
Q105392271	6000000035281540194
Q105392273	6000000178778671821
Q105392274	6000000001318180166
Q105392278	6000000197593022885
Q105392279	6000000092596090914
Q105392280	6000000049685091029
Q105392284	6000000045688822336
Q105392285	6000000046276710343
Q105392287	6000000042112390327
Q105392288	6000000203762478821
Q105392292	6000000042112380373
Q105392293	6000000042112457325
Q105392296	6000000082781305014
Q105392299	6000000049744012833
Q105392300	6000000057749071934
Q105392301	6000000049744036864
Q105392302	6000000183585262822
Q105392304	6000000203761861835
Q105392308	6000000204514810822
Q105392309	6000000045226842845
Q105392314	6000000041843581119
Q105392319	6000000133113984078
Q105392320	6000000200385876845
Q105392321	6000000047856406246
Q105392322	6000000094446798893
Q105392324	6000000207317723846
Q105392326	6000000127596385860
Q105392328	6000000128651724246
Q105392330	6000000128654733829
Q105392332	6000000186223426874
Q105392335	6000000203769214874
Q105392337	6000000203770191825
Q105392347	6000000078747520250
Q105392350	6000000189952147860
Q105392352	6000000089529550940
Q105392356	6000000057371029225
Q105392361	6000000196201626828
Q105392363	6000000034506700090
Q105392364	6000000196201657822
Q105392368	6000000074366657821
Q105392372	6000000074365962822
Q105392374	6000000029176891975
Q105392381	6000000126850626840
Q105392382	6000000009752703346
Q105392387	6000000030351087258
Q105392392	6000000048356050896
Q105392405	6000000051333115615
Q105392410	6000000000825446807
Q105392415	6000000114990982906
Q105392418	6000000114989867824
Q105392420	6000000088932035881
Q105392421	6000000002215929424
Q105392422	6000000114989749821
Q105392429	6000000186335391827
Q105392430	6000000184707511048
Q105392431	6000000052018014837
Q105392432	6000000059279248939
Q105392433	6000000186328076257
Q105392434	6000000041293564027
Q105392438	6000000059278879257
Q105392439	6000000023404331276
Q105392443	6000000033739813264
Q105392446	6000000183080641923
Q105392448	6000000023404020591
Q105392454	6000000148981476869
Q105392455	6000000124623779537
Q105392459	6000000052018080010
Q105392461	6000000175567485824
Q105392462	6000000175867807822
Q105392468	6000000121059288851
Q105392470	6000000017788308186
Q105392473	6000000011389841610
Q105392476	6000000034011291206
Q105392487	6000000012397773729
Q105392509	6000000180530758886
Q105392510	6000000016767796914
Q105392511	6000000173909424025
Q105392512	6000000060258904189
Q105392516	6000000016631949105
Q105392518	6000000002388830270
Q105392521	6000000012109942128
Q105392523	6000000079372625933
Q105392526	6000000208613205828
Q105392527	6000000016585548547
Q105392530	6000000177894450848
Q105392535	6000000011393489310
Q105392537	6000000176844158887
Q105392538	6000000088981763850
Q105392550	6000000178520968841
Q105392551	6000000028316583173
Q105392566	6000000042202343156
Q105392575	6000000006155467758
Q105392577	6000000206223381823
Q105392581	6000000038857759854
Q105392591	6000000034231501158
Q105392595	6000000022554874375
Q105392601	6000000029520354493
Q105392602	6000000215423878932
Q105392607	6000000046463134104
Q105392617	6000000172657242114
Q105392622	6000000067237085833
Q105392627	6000000206223268843
Q105392629	6000000038039069050
Q105392630	6000000055703452844
Q105392635	6000000211335638833
Q105392642	6000000062348585865
Q105392643	6000000002215929491
Q105392644	6000000027362630667
Q105392645	6000000014970567137
Q105392646	6000000038600009730
Q105392650	6000000122047149825
Q105392654	6000000079047230649
Q105392657	6000000197733304822
Q105392662	6000000197787961835
Q105392665	6000000000311163586
Q105392671	6000000203951387865
Q105392675	6000000189603949829
Q105392684	6000000093145131821
Q105392686	6000000215832486823
Q105392692	6000000006441439780
Q105392697	6000000002280099970
Q105392700	6000000011298350080
Q105392705	6000000016950027919
Q105392706	6000000002028755274
Q105392707	6000000082797253270
Q105392708	6000000179143471839
Q105392711	6000000028246483375
Q105392718	6000000076809850689
Q105392719	6000000076205398821
Q105392720	4049691957300029387
Q105392727	6000000215405265828
Q105392728	6000000020445826395
Q105392733	6000000181286234840
Q105392734	6000000043904605408
Q105392736	6000000168494608892
Q105392743	6000000085903971821
Q105392746	6000000043078994110
Q105392752	6000000036869115886
Q105392753	6000000085625835829
Q105392758	6000000193798027822
Q105392761	6000000000608275867
Q105392769	6000000027932620815
Q105392774	6000000000083549159
Q105392778	6000000028119972232
Q105392780	6000000215832433884
Q105392781	6000000134777667834
Q105392788	6000000026159715988
Q105392790	6000000079365627267
Q105392794	6000000091234556452
Q105392804	6000000146619683839
Q105392807	6000000192934801821
Q105392809	6000000203951200827
Q105392812	6000000194759996828
Q105392815	6000000000311132599
Q105392816	6000000020445746205
Q105392828	6000000185834954851
Q105392830	6000000122740503128
Q105392831	6000000006805034369
Q105392835	6000000094862333828
Q105392837	6000000003259832038
Q105392839	6000000004590210309
Q105392842	6000000076205140871
Q105392844	6000000168494476907
Q105392849	6000000081752224846
Q105392850	6000000004057511406
Q105392852	6000000176853882884
Q105392853	6000000194757873972
Q105392855	6000000046860316958
Q105392860	6000000191982351393
Q105392870	6000000073078245892
Q105392874	6000000020973107592
Q105392876	6000000176233704823
Q105392877	6000000016313908328
Q105392880	6000000029296996885
Q105392897	6000000030850191955
Q105392898	6000000088814311940
Q105392899	6000000151330647855
Q105392905	6000000188554220827
Q105392912	6000000057297747901
Q105392919	6000000174211311029
Q105392921	6000000174211615903
Q105392922	6000000000120260053
Q105392928	6000000031362775782
Q105392929	6000000031363307925
Q105392930	6000000214117534870
Q105392931	6000000187741032857
Q105392932	6000000017639073136
Q105392933	6000000031362853440
Q105392936	6000000075863767950
Q105392938	6000000017640158935
Q105392939	6000000031362982680
Q105392942	6000000115681264952
Q105392945	6000000176125238854
Q105392947	6000000089544906045
Q105392948	6000000039532403889
Q105392949	6000000213051379822
Q105392952	6000000197213051845
Q105392955	6000000213024884842
Q105392956	6000000005442861482
Q105392962	6000000190915942839
Q105392964	6000000044240592110
Q105392966	6000000018089072556
Q105392970	6000000017806562829
Q105392973	6000000041809298719
Q105392974	6000000040072897888
Q105392985	6000000031159120154
Q105392988	6000000056598218828
Q105392989	6000000031076938186
Q105392991	6000000031078156338
Q105392993	6000000092127366891
Q105392994	6000000006338822952
Q105393	6000000015908154731
Q105393004	6000000126389947821
Q105393005	6000000003934083212
Q105393007	6000000185181167823
Q105393010	6000000004013507895
Q105393013	6000000199203155849
Q105393022	6000000149590825874
Q105393030	6000000026051270592
Q105393032	6000000145259720863
Q105393038	6000000144052062905
Q105393039	6000000206031247874
Q105393111	6000000011140536727
Q105393116	6000000184935657821
Q105393120	6000000177209469858
Q105393121	6000000013208383989
Q105393456	6000000010692951987
Q105393517	6000000069499419034
Q105393548	6000000032700464176
Q105394665	6000000081767360016
Q105394820	4664668164930039045
Q105394865	6000000008971259498
Q105394891	6000000011946675435
Q105394960	6000000052371204862
Q105395088	380525711090004055
Q105395230	6000000013408393943
Q105395270	6000000016265779934
Q105395279	6000000008971002197
Q1053954	6000000143111213875
Q105395777	4678895436970087546
Q105396048	6000000007875908269
Q105396991	6000000000867351066
Q105399251	6000000172383980300
Q10539956	6000000003665820028
Q10539994	6000000017379466842
Q10540020	6000000075492154008
Q105401072	6000000008987970352
Q10540138	6000000075429491825
Q10540240	6000000074687263326
Q10540292	6000000012653142108
Q10540334	6000000075404647153
Q10540338	6000000002836532454
Q10540339	6000000007008584401
Q10540342	6000000031211781614
Q10540386	6000000013430949987
Q105404	6000000009534351183
Q10540403	6000000019314627512
Q105405504	6000000011481096502
Q10540605	6000000001861384024
Q10540607	6000000028925842171
Q105406281	6000000011585107392
Q105406282	6000000039645767369
Q10540749	6000000040337761821
Q105407915	6000000057844157943
Q105407919	6000000057844033926
Q105408075	6000000057844414917
Q105409	6000000172049618984
Q105409117	6000000041018386425
Q105409174	6000000025128512415
Q10541109	6000000025721089075
Q10541278	6000000000213741810
Q105412873	6000000002663166043
Q105413033	4564865985280025818
Q105413232	4564865970590129423
Q105413266	4603116744010127696
Q105413273	4603116761530025051
Q105413301	4603220745800025060
Q105413326	6000000023484811047
Q105413481	6000000008221465513
Q105413597	6000000012549123670
Q105414463	6000000030227204842
Q105414514	6000000016783731819
Q105414588	6000000009018810404
Q1054146	6000000090963241823
Q105414833	6000000012213538658
Q105414877	6000000012824434183
Q1054153	6000000070553228879
Q105415353	6000000142892531875
Q105415396	6000000018019488844
Q105415399	6000000002663281179
Q105418	6000000027823710112
Q1054198	6000000163392941866
Q105421	6000000077022339899
Q10542125	6000000074789666969
Q10542196	6000000075490687008
Q105421968	6000000039639750957
Q105422	6000000011127170583
Q10542390	6000000074687808029
Q105424483	6000000121835804861
Q10542488	6000000074727792002
Q10542554	6000000074782998154
Q10542589	6000000074690635825
Q10542620	6000000075491156957
Q105426460	6000000137136634826
Q105426926	6000000023868015248
Q105426938	6000000009816943574
Q105426959	6000000003634925569
Q105427002	6000000003940093352
Q105427009	6000000001274973480
Q105427646	6000000017115755111
Q105427710	6000000040755804029
Q105427895	6000000017115688823
Q105427992	6000000017115785650
Q105428	6000000103172894923
Q105428084	6000000017115688976
Q1054296	6000000090981460858
Q105430440	462701
Q105431107	6000000017115819595
Q1054316	6000000026281500840
Q105431689	6000000017115886320
Q105432045	6000000017116273007
Q105432089	6000000017116294086
Q105432248	6000000042267767066
Q105432279	6000000039768837475
Q105432371	6000000004033680736
Q10543449	6000000074714661111
Q105435594	4031181403430011103
Q10543615	6000000003264628747
Q10543651	6000000035304475377
Q105437	6000000025093244880
Q1054390	6000000134706975860
Q1054391	6000000080115266968
Q105441357	6000000017115627924
Q105441394	6000000019758768971
Q105441943	6000000008742985871
Q105442467	6000000024655163835
Q105443758	6000000013623537097
Q105443838	6000000028256572236
Q105444491	6000000011312041485
Q105444615	6000000011312072223
Q10544513	6000000074726979523
Q105446162	6000000014893500928
Q105447116	6000000012750866275
Q105448186	6000000012750844368
Q105448824	6000000183820988839
Q105449	6000000017257173600
Q1054491	6000000037753879010
Q105449132	6000000023388456061
Q105449253	6000000008231122063
Q1054496	6000000150919840243
Q105450	6000000054869175231
Q1054500	6000000029218760597
Q105450733	6000000013185465860
Q105451451	6000000015142673858
Q105452	6000000041320946000
Q1054527	6000000177336623851
Q105453359	6000000082488753535
Q105453599	6000000017017984377
Q105453719	6000000025281341377
Q105453742	6000000015773080495
Q105454169	6000000081455070933
Q105454170	6000000207999622841
Q105454174	6000000081454426353
Q105454177	6000000214463568824
Q105454178	6000000091716513028
Q105454179	6000000031503833232
Q105454180	6000000031503658694
Q105454181	6000000031518274428
Q105454184	6000000031517615558
Q105454190	6000000103908615387
Q105454195	6000000102057419946
Q105454196	6000000086432909853
Q105454199	6000000086430527426
Q105454200	6000000205330507907
Q105454201	6000000205330599845
Q105454203	6000000027724679441
Q105454204	6000000006257189135
Q105454207	6000000096840640823
Q105454209	6000000096840640843
Q105454210	6000000078263459823
Q105454212	6000000078178138032
Q105454213	6000000078179460835
Q105454219	6000000187219182845
Q105454223	6000000097222102892
Q105454225	6000000058663938895
Q105454226	6000000078262699888
Q105454233	6000000005666878002
Q105454242	6000000130379898823
Q105454244	6000000036460674049
Q105454245	6000000181413019896
Q105454248	6000000036463163919
Q105454256	6000000034517575975
Q105454263	6000000028441377444
Q105454266	6000000089518039903
Q105454270	6000000200946377889
Q105454274	6000000028442056830
Q105454275	6000000194058150884
Q105454279	6000000186133999285
Q105454280	6000000186134320440
Q105454282	6000000003495120695
Q105454285	6000000010688706130
Q105454298	6000000000972689839
Q105454305	6000000037624898577
Q105454306	6000000000976295370
Q105454310	6000000008826520635
Q105454315	6000000018338030165
Q105454317	6000000015119817067
Q105454319	6000000080948727863
Q105454325	6000000175121153912
Q105454328	6000000037906454548
Q105454329	6000000027933644555
Q105454331	6000000019951289618
Q105454336	6000000172014257644
Q105454339	6000000080759278090
Q105454340	6000000021754964368
Q105454341	6000000037905631420
Q105454343	6000000080759479027
Q105454344	6000000080759621885
Q105454345	6000000027931047609
Q105454346	6000000077789435859
Q105454350	6000000031700284132
Q105454353	6000000006235777915
Q105454357	6000000006231803741
Q105454358	6000000006232178385
Q105454359	6000000006236471078
Q105454367	6000000177302723848
Q105454368	6000000177301997869
Q105454375	6000000157514348856
Q105454376	6000000131075048829
Q105454390	6000000013005321690
Q105454395	6000000001831488305
Q105454397	6000000044445609012
Q105454398	6000000063349972945
Q105454401	6000000058347124961
Q105454402	6000000033749505284
Q105454403	6000000006274954036
Q105454407	6000000025531094167
Q105454410	6000000008050227944
Q105454415	6000000052588099221
Q105454416	6000000058353381019
Q105454417	6000000062315803088
Q105454419	6000000044445260184
Q105454421	6000000007637976243
Q105454422	6000000007653252549
Q105454424	6000000082821041836
Q105454426	6000000196522100833
Q105454427	6000000018020754918
Q105454429	6000000047807373891
Q105454430	6000000185294303834
Q105454432	6000000028085544929
Q105454433	6000000047679981936
Q105454434	6000000047764854888
Q105454436	6000000099577863941
Q105454439	6000000029207530226
Q105454441	6000000200204871871
Q105454442	6000000200210610822
Q105454443	6000000200204995826
Q105454445	6000000192243804826
Q105454448	6000000047289149969
Q105454451	6000000054461008836
Q105454452	6000000018359271846
Q105454456	6000000053752095031
Q105454458	6000000199216849844
Q105454482	6000000068893165972
Q105454483	6000000114637863851
Q105454486	6000000002867903770
Q105454488	6000000038767055016
Q105454489	6000000091406495918
Q105454495	6000000073978651907
Q105454502	6000000114637886925
Q105454508	6000000205516850919
Q105454517	6000000073975908400
Q105454518	6000000077230829915
Q105454520	6000000038737334930
Q105454522	6000000078122542127
Q105454525	6000000205240156858
Q105454528	6000000077229198927
Q105454530	6000000035457644193
Q105454534	6000000179092970833
Q105454537	6000000178714604833
Q105454541	6000000034654340922
Q105454547	6000000059742265912
Q105454550	6000000178715103822
Q105454560	6000000076253156885
Q105454562	6000000082740374475
Q105454566	6000000037824984246
Q105454570	6000000055287217990
Q105454576	6000000073978706911
Q105454578	6000000124291065844
Q105454584	6000000037810721862
Q105454585	6000000124291092866
Q105454586	6000000201562678077
Q105454587	6000000194546536847
Q105454591	6000000080088312397
Q105454597	6000000004589997343
Q105454598	6000000096326691904
Q105454613	6000000075559766430
Q105454615	6000000037444501230
Q105454617	6000000018848400727
Q105454625	6000000200205020838
Q105454628	6000000019481108911
Q105454629	6000000071326273909
Q105454632	6000000079901513886
Q105454633	6000000164663186979
Q105454634	6000000200213737891
Q105454635	6000000042898769475
Q105454636	6000000200214317832
Q105454637	6000000200214246823
Q105454638	6000000035976027408
Q105454639	6000000042898856383
Q105454640	6000000071876665188
Q105454642	6000000201625414403
Q105454646	6000000188226075020
Q105454656	6000000180482799877
Q105454658	6000000180477619825
Q105454666	6000000002600408119
Q105454667	6000000002600271827
Q105454669	6000000191192996980
Q105454670	6000000208845476839
Q105454671	6000000177087411821
Q105454672	6000000177086854825
Q105454675	6000000080949272825
Q105454677	6000000028279446602
Q105454680	6000000194463385832
Q105454682	6000000080819209231
Q105454685	6000000028279590199
Q105454693	6000000191570937821
Q105454694	6000000037541320042
Q105454703	6000000060735589971
Q105454704	6000000014672630731
Q105454705	6000000014672244437
Q105454707	6000000021063262693
Q105454708	6000000018634797900
Q105454709	6000000018634810957
Q105454714	6000000004590082868
Q105454719	6000000089874548840
Q105454720	6000000094076723875
Q105454723	6000000026011158133
Q105454724	6000000026011341875
Q105454725	6000000026010816480
Q105454726	6000000185200025835
Q105454730	6000000026217790381
Q105454737	6000000180256248844
Q105454742	6000000010143635569
Q105454746	6000000190991269833
Q105454747	6000000190991119823
Q105454750	6000000043686427935
Q105454756	6000000051923419072
Q105454757	6000000077736096968
Q105454758	6000000058958429010
Q105454760	6000000051923607889
Q105454763	6000000089220883945
Q105454770	6000000007346421489
Q105454771	6000000001658225305
Q105454772	6000000010379544622
Q105454773	6000000001658225294
Q105454775	6000000007346357593
Q105454778	6000000038902732619
Q105454779	6000000174480692898
Q105454783	6000000183577551833
Q105454784	6000000180405883883
Q105454785	6000000002867882153
Q105454787	6000000001318193509
Q105454788	6000000175665799836
Q105454791	6000000040761355171
Q105454792	6000000187476749830
Q105454794	6000000038742038947
Q105454797	6000000046006844991
Q105454800	6000000036012981892
Q105454802	6000000072189373894
Q105454804	6000000030006015710
Q105454806	6000000036969561663
Q105454808	6000000040995644355
Q105454810	6000000034815079918
Q105454811	6000000090043888317
Q105454812	6000000037049597147
Q105454814	6000000036012574177
Q105454816	6000000001318193526
Q105454817	6000000038742117841
Q105454818	6000000187673995869
Q105454819	6000000001658258132
Q105454820	6000000187674397823
Q105454823	6000000001318193519
Q105454824	6000000012831959653
Q105454826	6000000172530696939
Q105454827	6000000134989559841
Q105454829	6000000035837143890
Q105454833	6000000002467200318
Q105454834	6000000195376705875
Q105454837	6000000206419366862
Q105454840	6000000188417003821
Q105454842	6000000174180829012
Q105454843	6000000109326436847
Q105454844	6000000174179250650
Q105454847	6000000030573394642
Q105454849	6000000174178343597
Q105454850	6000000174181642842
Q105454852	6000000190407129895
Q105454857	6000000127790412823
Q105454859	6000000085026241967
Q105454860	6000000085026389923
Q105454863	6000000079247223346
Q105454864	6000000079247635933
Q105454865	6000000208374712844
Q105454866	6000000088885962012
Q105454867	6000000088886615852
Q105454868	6000000074579907546
Q105454869	6000000104350395937
Q105454870	6000000181345263870
Q105454871	6000000008476479836
Q105454878	6000000121984140825
Q105454879	6000000015345879206
Q105454880	6000000189554371883
Q105454881	6000000015345881397
Q105454884	6000000174147734929
Q105454894	6000000028395339144
Q105454895	6000000187565954839
Q105454908	6000000032195879902
Q105454911	6000000010341388347
Q105454912	6000000031164035298
Q105454916	6000000033379094372
Q105454923	6000000010150301712
Q105454925	6000000031265605961
Q105454926	6000000026715396774
Q105454928	6000000002803016339
Q105454929	6000000096993442060
Q105454932	6000000083834602886
Q105454933	6000000068060305821
Q105454947	6000000009656483897
Q105454949	6000000199080782890
Q105454952	6000000175970435827
Q105454971	6000000028183401448
Q105454972	6000000174098585915
Q105454973	6000000184005459821
Q105454974	6000000179073920829
Q105454979	6000000042404248742
Q105454980	6000000138636522845
Q105454981	6000000028695034952
Q105454990	6000000205894397863
Q105454992	6000000069522724026
Q105454994	6000000114984452877
Q105454995	6000000015334117380
Q105455009	6000000081986046198
Q105455011	6000000006330646429
Q105455015	6000000057930412822
Q105455016	6000000088151417821
Q105455017	6000000184036287821
Q105455020	6000000114109791858
Q105455023	6000000040675229060
Q105455024	6000000027594564114
Q105455028	6000000002159469566
Q105455030	6000000046989108631
Q105455031	6000000173457278865
Q105455038	6000000027898447108
Q105455042	6000000187728524826
Q105455046	6000000182176575822
Q105455047	6000000084328971863
Q105455048	6000000015346053770
Q105455051	6000000002802832928
Q105455052	6000000004826047791
Q105455053	6000000046006565199
Q105455054	6000000154329803037
Q105455057	6000000004826458242
Q105455059	4111472764460027564
Q105455060	6000000108612991836
Q105455061	6000000001658225582
Q105455062	6000000040229079994
Q105455063	6000000090851858851
Q105455065	6000000030005102988
Q105455068	6000000210972719821
Q105455069	4165981613490060823
Q105455071	6000000026039103657
Q105455075	6000000040673822730
Q105455076	6000000040228824332
Q105455079	6000000186408037822
Q105455080	6000000038346425964
Q105455081	6000000004042098455
Q105455082	6000000016095057656
Q105455083	6000000002232199022
Q105455089	6000000017885560969
Q105455092	6000000067132659850
Q105455106	6000000079397923120
Q105455108	6000000004826435205
Q105455110	6000000209791428821
Q105455111	6000000072188114988
Q105455114	6000000074572082921
Q105455115	6000000182368051830
Q105455121	6000000046257495907
Q105455124	6000000011139119808
Q105455125	6000000004590115457
Q105455129	6000000189501170839
Q105455136	6000000210219230841
Q105455137	6000000074571972926
Q105455142	6000000030520835081
Q105455143	6000000030505142138
Q105455144	6000000096167313204
Q105455145	6000000096169304843
Q105455147	6000000011330750232
Q105455149	6000000211154718823
Q105455152	6000000011403016712
Q105455153	6000000016487723767
Q105455155	6000000010859968377
Q105455159	6000000209166978843
Q105455160	6000000069441835915
Q105455162	6000000039773841850
Q105455163	6000000043790759034
Q105455165	6000000046007663842
Q105455172	6000000008971789936
Q105455174	6000000200364749830
Q105455175	6000000200361297827
Q105455179	6000000213258262829
Q105455182	6000000165987864942
Q105455189	6000000080765162038
Q105455190	6000000023753162691
Q105455191	6000000023753109719
Q105455192	6000000034703455312
Q105455194	6000000016697998870
Q105455195	6000000029129117394
Q105455197	6000000028980426833
Q105455201	6000000016831602215
Q105455203	6000000216815815824
Q105455207	6000000029130079115
Q105455211	6000000054550324824
Q105455215	6000000084759362825
Q105455216	6000000038343370047
Q105455217	6000000027858616494
Q105455219	6000000027858623351
Q105455221	6000000209223502906
Q105455222	6000000209223699821
Q105455223	6000000172974475365
Q105455224	6000000172974381303
Q105455228	6000000046085953863
Q105455235	6000000046085904844
Q105455238	6000000086659726044
Q105455241	6000000085543153936
Q105455245	6000000175160354024
Q105455247	6000000027615416452
Q105455248	6000000031494113005
Q105455249	6000000055109319132
Q105455250	6000000002275853803
Q105455252	6000000036970006062
Q105455253	6000000046008110879
Q105455254	6000000187874216825
Q105455258	6000000190322355830
Q105455261	6000000106688808375
Q105455262	6000000061900410922
Q105455267	6000000034654705888
Q105455270	6000000208613557823
Q105455271	6000000100564153921
Q105455272	6000000086091068824
Q105455273	6000000012034740511
Q105455274	6000000012034636728
Q105455275	6000000084156975101
Q105455276	6000000033741257925
Q105455283	6000000179443011822
Q105455285	6000000142905273010
Q105455288	6000000033740817498
Q105455290	4581582142950021698
Q105455291	6000000174816720948
Q105455292	6000000015796481398
Q105455293	6000000000795145358
Q105455294	6000000023113374044
Q105455297	6000000008052777387
Q105455298	4283816
Q105455300	6000000040095961806
Q105455301	6000000040095703376
Q105455307	6000000041810581416
Q105455309	6000000041810511497
Q105455310	6000000005250987533
Q105455311	6000000035850453213
Q105455312	6000000202150160847
Q105455313	6000000146533902847
Q105455315	6000000005736699731
Q105455316	6000000144489511842
Q105455317	6000000098141320934
Q105455320	6000000180345011844
Q105455321	6000000082678191845
Q105455323	6000000181086865828
Q105455327	6000000064379860586
Q105455331	6000000114768775971
Q105455332	6000000064380543889
Q105455342	6000000186296915996
Q105455344	6000000186297530933
Q105455345	6000000007835843393
Q105455346	6000000007305230259
Q105455347	6000000032117679394
Q105455349	6000000045162108235
Q105455350	6000000151330517861
Q105455351	6000000206688873838
Q105455353	6000000206733784901
Q105455355	6000000207224429832
Q105455356	6000000207226076847
Q105455357	6000000206688923842
Q105455360	6000000002713373863
Q105455363	6000000191482734847
Q105455365	6000000002713527098
Q105455367	6000000177467153824
Q105455369	4239361734690060885
Q105455370	6000000074825353928
Q105455372	6000000149256396854
Q105455375	6000000049050244912
Q105455376	6000000077419354753
Q105455377	6000000077420335942
Q105455379	6000000174817091872
Q105455384	6000000131756138893
Q105455385	6000000019687684726
Q105455389	6000000212686350852
Q105455395	6000000074068699868
Q105455398	6000000084337145837
Q105455399	6000000047010929613
Q105455401	6000000074049887821
Q105455405	6000000002552960106
Q105455406	6000000050799447233
Q105455408	6000000050799236914
Q105455415	6000000002321286722
Q105455416	6000000036949356659
Q105455419	6000000002215919644
Q105455420	6000000002215919696
Q105455422	6000000002215919706
Q105455423	6000000175010703159
Q105455429	6000000013093111305
Q105455432	6000000060822246941
Q105455433	6000000205663152830
Q105455435	6000000205685438885
Q105455439	6000000051736486835
Q105455451	6000000012663578764
Q105455452	6000000204825509841
Q105455453	6000000099409926177
Q105455454	6000000197134983892
Q105455455	6000000186211273844
Q105455458	6000000050142522931
Q105455464	6000000000475287550
Q105455478	6000000140214722426
Q105455481	6000000196137859821
Q105455484	6000000114492265821
Q105455487	6000000036462391074
Q105455490	6000000032220968056
Q105455492	6000000041391275746
Q105455493	6000000082350037883
Q105455494	6000000078820486887
Q105455496	6000000089355074857
Q105455497	6000000199623179822
Q105455501	6000000015172558309
Q105455504	6000000080343332981
Q105455505	6000000011760779450
Q105455507	6000000206044836878
Q105455508	6000000206044495830
Q105455509	6000000081503605966
Q105455511	6000000035525755140
Q105455514	6000000035526047821
Q105455523	6000000091132195227
Q105455526	6000000190427669973
Q105455528	6000000081837721822
Q105455529	6000000174710607828
Q105455530	6000000105780300005
Q105455532	6000000170105392935
Q105455534	6000000050702872078
Q105455541	6000000105779260387
Q105455544	6000000181133561884
Q105455545	6000000031499379774
Q105455555	6000000021341116871
Q105455559	6000000032503173990
Q105455564	6000000032502244653
Q105455567	6000000032502798210
Q105455577	6000000173401963975
Q105455582	6000000099160882307
Q105455583	6000000035268251537
Q105455586	6000000180688813821
Q105455587	6000000035268333864
Q105455588	6000000079498397865
Q105455590	6000000047676234741
Q105455591	6000000089545348013
Q105455593	6000000183080910891
Q105455599	6000000030366093335
Q105455601	6000000056425839234
Q105455611	6000000079819077015
Q105455612	5154694677580106984
Q105455615	6000000076015088838
Q105455616	3711147
Q105455621	6000000201669649854
Q105455623	6000000213026809821
Q105455628	6000000094915729834
Q105455629	6000000213026912827
Q105455630	6000000035352383968
Q105455637	6000000202389291832
Q105455638	6000000035351419582
Q105455642	6000000078681588413
Q105455644	6000000001438697742
Q105455655	6000000208778387840
Q105455656	6000000078704367682
Q105455658	6000000203085192821
Q105455660	6000000132576212961
Q105455661	6000000132576833825
Q105455662	4051254078740010821
Q105455666	6000000047615771928
Q105455667	6000000175084487249
Q105455668	6000000177418921826
Q105455673	6000000028391062968
Q105455675	6000000093511058845
Q105455676	6000000078977172990
Q105455678	6000000082418514923
Q105455681	6000000203071615898
Q105455682	6000000203072695848
Q105455684	6000000203072280864
Q105455685	6000000203046106841
Q105455687	6000000007319611358
Q105455688	6000000203046606853
Q105455694	6000000191234733828
Q105455695	6000000146013146884
Q105455696	6000000057353271976
Q105455697	6000000191066204847
Q105455700	6000000023074908147
Q105455703	6000000050702771140
Q105455704	6000000044036882653
Q105455707	6000000015605430451
Q105455708	6000000097763965919
Q105455711	6000000115414741862
Q105455716	6000000178118748838
Q105455719	6000000036057337962
Q105455721	6000000036054261479
Q105455722	6000000039784858607
Q105455723	6000000031034054379
Q105455724	6000000036055847906
Q105455726	6000000052563459929
Q105455727	6000000036969910340
Q105455728	6000000031034236207
Q105455731	6000000131725367048
Q105455736	6000000131725048223
Q105455739	6000000175889799857
Q105455751	6000000036514753705
Q105455753	6000000051344645890
Q105455755	6000000181143041836
Q105455756	6000000048231577206
Q105455757	6000000048231833912
Q105455760	6000000113521280890
Q105455769	6000000016163802654
Q105455771	6000000048882537924
Q105455775	6000000012828368747
Q105455776	6000000174860094848
Q105455778	6000000061108380841
Q105455781	6000000015626713239
Q105455782	6000000077290156116
Q105455783	6000000008124973040
Q105455784	6000000046037225084
Q105455785	6000000012726186444
Q105455788	6000000180693547863
Q105455789	6000000075799625894
Q105455790	6000000000441607835
Q105455791	6000000000608274185
Q105455796	6000000000608275883
Q105455798	6000000009563136750
Q105455800	6000000061108367835
Q105455801	6000000010270853218
Q105455804	6000000059778361926
Q105455805	6000000039588014488
Q105455806	6000000015626771268
Q105455812	6000000001243435223
Q105455817	6000000010859873372
Q105455819	6000000046327664847
Q105455874	6000000015626750140
Q105455875	6000000037557199297
Q105455876	6000000000608275892
Q105455879	6000000037556820624
Q105455884	6000000005006253345
Q105455885	6000000177490423828
Q105455894	6000000216548678828
Q105455895	6000000103765117001
Q105455900	6000000207271320921
Q105455904	6000000146482342868
Q105455906	6000000216513578821
Q105455908	6000000216507927822
Q105455910	6000000078448150834
Q105455924	6000000008859718690
Q105455925	6000000193386354860
Q105455926	6000000008859884651
Q105455938	6000000173418345027
Q105455948	6000000046036864588
Q105455949	6000000077204523900
Q105455967	6000000091247549168
Q105455968	6000000014883187887
Q105455980	6000000131119646832
Q105455981	6000000131110071822
Q105455983	6000000131243973847
Q105455985	6000000081472156010
Q105455988	6000000176087718875
Q105455992	6000000036486616868
Q105455993	6000000075931638259
Q105455996	6000000069371398821
Q105456001	6000000181145328823
Q105456002	6000000061816049957
Q105456003	6000000208863765848
Q105456004	6000000181142840855
Q105456005	6000000035045200002
Q105456016	6000000122652765821
Q105456018	6000000176087765902
Q105456023	6000000181144411881
Q105456024	6000000136455930957
Q105456025	6000000064063810821
Q105456031	6000000020972874312
Q105456034	6000000032984649059
Q105456035	6000000020972810350
Q105456040	6000000068816487299
Q105456042	6000000094916649869
Q105456043	6000000059048191842
Q105456049	6000000170031380900
Q105456052	6000000196556762822
Q105456053	6000000163169580837
Q105456054	6000000163174299850
Q105456055	6000000055352396876
Q105456057	6000000055202400992
Q105456059	6000000020943995441
Q105456060	6000000058705906940
Q105456065	6000000058705822004
Q105456066	6000000199601596821
Q105456070	6000000007596481667
Q105456072	6000000173028705258
Q105456074	6000000173029264923
Q105456078	6000000001883996160
Q105456083	6000000113564752978
Q105456089	6000000030127278943
Q105456091	6000000017244266390
Q105456095	6000000170680866848
Q105456096	6000000050049910182
Q105456101	6000000039276781364
Q105456104	6000000014784757707
Q105456106	6000000014779031378
Q105456107	6000000014785022350
Q105456117	6000000080459335845
Q105456126	6000000011172412678
Q105456127	6000000080458293309
Q105456132	6000000099807714821
Q105456141	335073322390005492
Q105456146	6000000178476132834
Q105456161	6000000097525847821
Q105456164	6000000066922495000
Q105456165	6000000165065339565
Q105456168	6000000026082187182
Q105456169	6000000078658288955
Q105456171	6000000194030095831
Q105456174	6000000031430118875
Q105456175	6000000031551210756
Q105456177	6000000156954318823
Q105456181	6000000031430334919
Q105456186	6000000072034504567
Q105456198	6000000190937629969
Q105456204	6000000123893967976
Q105456207	6000000190467837859
Q105456215	6000000188844612879
Q105456218	6000000190492242864
Q105456219	6000000180659748831
Q105456220	6000000035976627847
Q105456226	6000000089982273950
Q105456227	6000000031689262916
Q105456229	6000000200506824830
Q105456230	6000000012833716565
Q105456232	6000000013504808914
Q105456233	6000000050044941253
Q105456234	6000000013505377056
Q105456237	6000000205388564865
Q105456238	6000000205413763855
Q105456245	6000000205385751902
Q105456247	6000000205433492929
Q105456249	6000000205385777890
Q105456252	6000000193316433862
Q105456259	6000000208484586821
Q105456260	6000000201812906836
Q105456261	6000000072971715892
Q105456262	6000000208457946846
Q105456263	6000000072971295369
Q105456264	6000000190311998841
Q105456265	6000000208461900822
Q105456266	6000000072971545932
Q105456268	6000000082507217821
Q105456269	6000000024568569145
Q105456271	6000000208484985831
Q105456275	6000000210463971821
Q105456278	6000000140493539896
Q105456283	6000000196688040929
Q105456287	6000000046000819141
Q105456296	6000000038010745870
Q105456297	6000000071181363895
Q105456298	6000000186305964444
Q105456299	6000000186312944841
Q105456309	6000000181584325841
Q105456326	6000000210497742833
Q105456328	6000000210391939824
Q105456330	6000000185526764809
Q105456332	6000000100981964847
Q105456340	6000000017416348120
Q105456343	6000000119904475890
Q105456346	6000000082620773950
Q105456349	6000000024998916305
Q105456350	6000000024999213634
Q105456357	6000000022669472403
Q105456359	6000000009255473727
Q105456360	6000000009255201778
Q105456361	6000000022669457540
Q105456363	6000000050990057100
Q105456364	6000000022659919449
Q105456365	6000000050975237821
Q105456367	6000000050990352889
Q105456375	5518251686890108847
Q105456381	6000000077640099103
Q105456384	6000000022840532778
Q105456386	6000000206957723862
Q105456388	6000000009404207384
Q105456389	6000000078395257758
Q105456390	6000000088257925847
Q105456394	6000000030001012523
Q105456396	6000000131317724127
Q105456398	6000000158316876897
Q105456399	6000000180998414830
Q105456400	6000000035605025374
Q105456403	6000000187629699889
Q105456411	6000000045535051065
Q105456414	6000000045535805822
Q105456419	6000000199762522830
Q105456422	6000000201100460903
Q105456424	6000000032462202519
Q105456429	6000000182523290849
Q105456431	6000000081042972854
Q105456434	6000000044555614430
Q105456440	6000000044555816028
Q105456442	6000000077517967421
Q105456444	6000000083482607989
Q105456445	6000000205361917852
Q105456449	6000000209145503867
Q105456452	6000000205362330822
Q105456454	6000000209145759832
Q105456455	6000000183010349849
Q105456456	6000000196635901888
Q105456457	6000000183009812871
Q105456458	6000000196636329828
Q105456460	6000000196636261841
Q105456462	6000000196636409821
Q105456464	6000000079854815935
Q105456465	6000000206265310821
Q105456471	6000000194341875833
Q105456478	6000000014166491241
Q105456479	6000000207919538821
Q105456480	6000000089128886868
Q105456483	6000000037648304261
Q105456484	6000000122052352852
Q105456486	6000000185411654824
Q105456488	6000000122058959828
Q105456489	6000000122053026870
Q105456490	6000000075310255826
Q105456491	6000000122047697024
Q105456492	6000000130238522898
Q105456493	6000000185402735865
Q105456495	6000000139389420885
Q105456496	6000000122052982883
Q105456501	6000000054878488865
Q105456503	6000000093274827123
Q105456504	6000000189527302829
Q105456507	6000000175025416566
Q105456509	6000000035965638178
Q105456511	6000000078415664840
Q105456512	6000000050970730922
Q105456514	6000000185133004826
Q105456516	6000000185132140832
Q105456517	6000000185132124828
Q105456521	6000000004956337080
Q105456529	6000000046299027098
Q105456530	6000000069503294944
Q105456531	6000000140779116905
Q105456532	6000000185180170823
Q105456535	6000000185181138866
Q105456537	6000000121378647854
Q105456544	6000000175190561877
Q105456545	6000000078820176851
Q105456552	6000000036230895210
Q105456558	6000000103918699374
Q105456560	6000000182845549851
Q105456561	6000000199522625892
Q105456563	6000000093080028037
Q105456565	6000000175560619931
Q105456566	6000000100302372019
Q105456568	6000000039889781454
Q105456569	6000000024043641873
Q105456571	6000000075412836920
Q105456576	6000000075258411955
Q105456578	6000000209903892870
Q105456586	6000000044614002854
Q105456588	6000000126867825073
Q105456590	6000000207125746826
Q105456591	6000000078871416202
Q105456592	6000000002765263620
Q105456593	6000000006583227839
Q105456599	6000000024169749457
Q105456601	6000000024169851746
Q105456602	6000000137013888858
Q105456603	6000000048081553943
Q105456604	6000000054226946941
Q105456605	6000000083812080413
Q105456607	6000000110518657985
Q105456609	6000000182953106931
Q105456610	6000000002916061897
Q105456612	6000000028119871666
Q105456617	6000000032247956316
Q105456618	6000000032412544917
Q105456619	6000000026892611494
Q105456624	6000000209781680866
Q105456625	6000000209790342836
Q105456626	6000000209771997896
Q105456628	6000000209771452873
Q105456631	6000000190582412859
Q105456636	6000000008668628528
Q105456638	6000000008668612818
Q105456639	6000000201669283831
Q105456640	6000000206492944821
Q105456643	6000000206492747848
Q105456644	6000000201669523822
Q105456645	6000000070973415986
Q105456646	6000000043652148860
Q105456649	6000000039252251048
Q105456650	6000000039252195201
Q105456651	6000000061287007065
Q105456652	6000000039252477844
Q105456653	6000000026892856516
Q105456654	6000000031208975289
Q105456672	6000000088057680835
Q105456685	6000000125384955987
Q105456689	6000000005128383008
Q105456692	6000000064026626978
Q105456694	6000000005136377026
Q105456701	6000000071301554821
Q105456703	6000000026341535035
Q105456713	6000000057935926909
Q105456715	6000000010016827923
Q105456724	6000000026341535042
Q105456728	6000000087517058959
Q105456731	6000000024450916730
Q105456734	6000000071288324018
Q105456740	6000000003596314860
Q105456745	6000000199999425832
Q105456749	6000000001335691546
Q105456752	6000000040753879846
Q105456762	6000000201960579828
Q105456766	6000000187368593826
Q105456767	6000000082734405252
Q105456773	6000000064245142844
Q105456776	6000000176147944829
Q105456777	6000000039968827925
Q105456783	6000000040753857904
Q105456784	6000000031265983409
Q105456788	6000000194076871827
Q105456790	6000000003011942791
Q105456795	6000000004589993371
Q105456796	6000000007946022872
Q105456799	6000000008033431789
Q105456804	6000000041175527728
Q105456808	6000000036312496337
Q105456810	6000000085701176859
Q105456813	6000000079616296960
Q105456815	6000000203328203852
Q105456820	6000000196763352835
Q105456828	6000000087542425428
Q105456830	6000000184029336827
Q105456835	6000000140183953852
Q105456837	6000000207103861870
Q105456838	6000000124419620919
Q105456858	6000000008668689304
Q105456861	6000000206415457830
Q105456864	6000000206415231942
Q105456866	6000000035292048344
Q105456869	6000000037578675246
Q105456870	6000000206340025880
Q105456873	6000000206259224874
Q105456880	6000000039559363644
Q105456882	6000000046038278048
Q105456891	6000000002233699240
Q105456895	6000000013166432933
Q105456906	6000000015682903492
Q105456907	6000000016419341012
Q105456909	6000000196725218863
Q105456916	6000000043694249198
Q105456917	6000000041383340032
Q105456927	6000000046039621157
Q105456929	6000000141485227821
Q105456930	6000000055959860921
Q105456933	6000000088860476833
Q105456935	6000000199804275821
Q105456937	6000000199774765838
Q105456938	6000000199774427348
Q105456939	6000000199793496876
Q105456940	6000000199793966845
Q105456941	6000000199774851825
Q105456942	6000000199199152821
Q105456944	6000000144119968825
Q105456946	6000000052278861432
Q105456949	6000000186481748822
Q105456950	6000000012503295683
Q105456954	6000000046039734136
Q105456957	6000000040284956926
Q105456958	6000000046040022080
Q10545696	6000000077554888256
Q105456964	6000000186080378080
Q105456967	6000000074824411895
Q105456970	6000000200015998821
Q105456972	6000000200015016901
Q105456973	6000000212912561822
Q105456979	6000000012387052675
Q105456981	6000000012387570318
Q105456982	6000000023201364774
Q105456983	6000000012348971606
Q105456984	6000000012302876012
Q105456988	6000000077624004218
Q105456993	6000000003111432714
Q105457	6000000028551496179
Q105457003	6000000056582474096
Q105457004	6000000022405024429
Q105457013	6000000187972106822
Q105457015	6000000070309461098
Q105457017	6000000193605015842
Q105457018	6000000046039651469
Q105457023	6000000080832406422
Q105457024	6000000098279039833
Q105457025	6000000115001721823
Q105457027	6000000200605687851
Q105457037	6000000176429839925
Q105457039	6000000188668433852
Q105457041	6000000156828629537
Q105457043	6000000189113889863
Q105457044	6000000192015136823
Q105457047	6000000041851018091
Q105457048	6000000192013994837
Q105457049	6000000107627841938
Q105457053	6000000204799978852
Q105457055	6000000045197858931
Q105457056	6000000121118905956
Q105457058	6000000176716684839
Q105457068	6000000027374568800
Q105457073	6000000012397728113
Q105457079	6000000026750546436
Q105457082	6000000023760776685
Q105457089	6000000079840208145
Q105457104	6000000020248656622
Q105457109	6000000007788700917
Q105457131	6000000178951066822
Q105457158	6000000206317953903
Q105457163	6000000006374408641
Q105457173	6000000206314904833
Q105457198	6000000196502516826
Q1054572	6000000134360890822
Q105457204	6000000046042188289
Q105457210	6000000188416736861
Q105457213	6000000178714858822
Q105457222	6000000202110381849
Q105457227	6000000089619099858
Q105457228	6000000089619085968
Q105457237	6000000199553384829
Q105457239	6000000212358233844
Q105457240	6000000002678626543
Q105457250	6000000002678643511
Q105457254	6000000086239855961
Q105457255	6000000046042823103
Q105457260	6000000002512707393
Q105457262	6000000205277267862
Q105457263	6000000205278091904
Q105457267	6000000175264557374
Q105457269	6000000205286994838
Q105457270	6000000205279845826
Q105457275	6000000030616991415
Q105457277	6000000062913808973
Q105457282	6000000011736178705
Q105457283	6000000196874019830
Q105457290	6000000193839068922
Q105457292	6000000048653155978
Q105457293	6000000048628116828
Q105457301	6000000194933867888
Q105457304	6000000083071311830
Q105457314	6000000177889756879
Q105457319	6000000077190331867
Q105457320	6000000039664258406
Q105457321	6000000032079931264
Q105457324	6000000136527269821
Q105457325	6000000004047342230
Q105457326	6000000004047270722
Q105457334	6000000020446024013
Q105457335	6000000020446005971
Q105457339	6000000187032110894
Q105457350	6000000108895013878
Q105457363	6000000006321501195
Q105457366	6000000013660140127
Q105457369	6000000013660034858
Q105457374	6000000013660106448
Q105457378	6000000179883017839
Q105457380	6000000179882732864
Q105457382	6000000001344937125
Q105457405	6000000153050148860
Q105457411	6000000000660950374
Q105457415	6000000188588655902
Q105457424	6000000031834646153
Q105457431	6000000007121753403
Q105457433	6000000192725748829
Q105457434	6000000034646764021
Q105457440	6000000026941362827
Q105457443	6000000205238707873
Q105457448	6000000077066377867
Q105457451	6000000042042960358
Q105457454	6000000095451615073
Q105457460	6000000014744565294
Q105457462	6000000120960243826
Q105457464	6000000004590215220
Q105457477	6000000026941157411
Q105457480	6000000004837364723
Q105457481	6000000004590215230
Q105457487	6000000205239153822
Q105457490	6000000034646501635
Q105457495	6000000011989529527
Q105457498	6000000035065799744
Q105457499	6000000191665942837
Q105457501	6000000190643164856
Q105457505	6000000029018629109
Q105457507	6000000172046834899
Q105457511	6000000191666074823
Q105457515	6000000074278051156
Q105457516	6000000195015831839
Q105457520	6000000106986504136
Q105457530	6000000067118653891
Q105457538	6000000074278785904
Q105457539	6000000082639569167
Q105457542	6000000081259938160
Q105457546	6000000156547003909
Q105457551	6000000035065755454
Q105457553	6000000031382019083
Q105457554	6000000177193860844
Q105457555	6000000177194269834
Q105457563	6000000118928132821
Q105457564	6000000005619827556
Q105457572	6000000013651970172
Q105457582	6000000003665624666
Q105457585	6000000012940101537
Q105457588	6000000117145295403
Q105457590	6000000041438952973
Q105457594	6000000031181495942
Q105457595	6000000031181224233
Q105457596	6000000040439736268
Q105457597	6000000180646370857
Q105457599	6000000061225462887
Q105457603	6000000001335756896
Q105457604	6000000189936284823
Q105457629	6000000020091801882
Q105457632	6000000020091898841
Q105457635	6000000094457486861
Q105457638	6000000078474671827
Q105457648	6000000112465776843
Q105457650	6000000112465686844
Q105457652	6000000078899240923
Q105457668	6000000144796789851
Q105457670	6000000184870727856
Q105457676	6000000011603729660
Q105457680	4914332376420057728
Q105457684	4996231022250071213
Q105457686	6000000015589681656
Q105457690	6000000063643287212
Q105457693	6000000030575584122
Q105457695	6000000215029323842
Q105457707	6000000184872400861
Q105457720	6000000017001854653
Q105457722	6000000014314131828
Q105457728	6000000003528407159
Q105457731	4119298133560082487
Q105457736	6000000126750797847
Q105457738	6000000012307545825
Q105457740	4119314514650062889
Q105457743	6000000001806945595
Q105457746	6000000003153519331
Q105457750	6000000010693015546
Q105457752	4919108747980085970
Q105457758	6000000003528411032
Q105457765	6000000003153369692
Q105457768	6000000102561619890
Q105457769	6000000018748227439
Q105457774	6000000083193674347
Q105457777	6000000103275326062
Q105457779	6000000018748209089
Q105457781	6000000040873134389
Q105457782	6000000040873208350
Q105457788	6000000194613847860
Q105457806	6000000073577827249
Q105457816	6000000005392901283
Q105457818	6000000003297358125
Q105457851	6000000051533128617
Q105457862	6000000120564853052
Q105457869	6000000006323731605
Q105457878	6000000104351969839
Q105457881	6000000035609401019
Q105457883	6000000151335093906
Q105457886	6000000120565140922
Q105457891	6000000151335924844
Q105457893	6000000086738033892
Q105457894	6000000009966629244
Q105457902	6000000001352348488
Q105457903	6000000001829376321
Q105457904	6000000006374371389
Q105457908	6000000199925824893
Q105457909	6000000001829376530
Q105457913	6000000001199573521
Q105457914	6000000015226794795
Q105457915	6000000001829380268
Q105457917	6000000004990017357
Q105457920	6000000017281530423
Q105457921	6000000199926229863
Q105457922	6000000012898460753
Q105457923	6000000173556448881
Q105457925	6000000012898575339
Q105457927	6000000046278227667
Q105457928	6000000032280488322
Q105457930	4241057857650078218
Q105457932	6000000050705354494
Q105457933	6000000173556555823
Q105457934	6000000004538464034
Q105457935	6000000004990056132
Q105457936	6000000001829380704
Q105457941	6000000174732022827
Q105457948	6000000056161737949
Q10545795	6000000074691997036
Q105457950	6000000095423297342
Q105457955	6000000012291857344
Q105457957	6000000112403809871
Q105457958	6000000196222623832
Q105457959	6000000023956375420
Q105457965	6000000023414527631
Q105457967	6000000039148717881
Q105457969	6000000027854601898
Q105457970	6000000056626609840
Q105457973	6000000075379667823
Q105457975	6000000050319686832
Q105457977	6000000200255898851
Q105457978	6000000087521091152
Q105457979	6000000012785396507
Q105457982	6000000198619182821
Q105457991	6000000181405993849
Q105457993	6000000076165663957
Q105457998	6000000121052698842
Q105457999	6000000181405690855
Q10545800	6000000006701706982
Q105458002	6000000040336583012
Q105458005	6000000187728666822
Q105458008	6000000035237825113
Q105458011	6000000029980815211
Q105458012	6000000029980808108
Q105458013	6000000080119444054
Q105458014	6000000205894091831
Q105458022	6000000078400750356
Q105458032	6000000099748498821
Q105458033	6000000099747917828
Q105458040	6000000077446343908
Q105458042	6000000046001070390
Q105458053	6000000023072986627
Q105458054	6000000159705791821
Q105458055	6000000188531647837
Q105458056	6000000078279007079
Q105458057	6000000078279152943
Q105458063	6000000200455564851
Q105458067	6000000171641155329
Q105458069	6000000002685528049
Q105458070	6000000211450758823
Q105458071	6000000031094687231
Q105458075	6000000211458686846
Q105458076	6000000211458686852
Q105458077	6000000018344243296
Q105458078	6000000015936088994
Q105458079	6000000180925102845
Q105458081	6000000006713151981
Q105458082	6000000018758408887
Q105458086	6000000042355046949
Q105458088	6000000170406909926
Q105458099	6000000023388030407
Q105458133	6000000087989655105
Q105458145	6000000004590133500
Q105458171	6000000014515370205
Q105458186	6000000080238197432
Q105458191	6000000130102494839
Q105458201	6000000082034447464
Q105458205	6000000022784900455
Q105458213	6000000213043202854
Q105458224	6000000082780806873
Q105458236	6000000024540979893
Q105458258	6000000170407066914
Q105458263	6000000056484268833
Q105458270	6000000046383157036
Q105458296	6000000001724495218
Q105458309	6000000184477073834
Q105458325	6000000103846073922
Q105458327	6000000018759610289
Q105458329	6000000186776190821
Q105458347	6000000001465393384
Q105458350	6000000172295936942
Q105458352	6000000056483384277
Q105458353	6000000015936206524
Q105458355	6000000040498986084
Q105458358	6000000168862469136
Q105458361	6000000122304752904
Q105458362	6000000122450362232
Q105458364	6000000122454453909
Q105458366	6000000194672208858
Q105458367	6000000194672143862
Q105458382	6000000036232521176
Q105458386	6000000036232072555
Q105458392	6000000175665524852
Q105458394	6000000185884316876
Q105458395	6000000176085722984
Q105458399	6000000185868134824
Q105458401	6000000182954431920
Q105458402	6000000014793864245
Q105458403	6000000046429433969
Q105458404	6000000026751345606
Q105458405	6000000025997986406
Q105458407	6000000176088816824
Q105458409	6000000042518423079
Q105458410	6000000057411954185
Q105458412	6000000036232375062
Q105458413	6000000005397442846
Q105458414	6000000005262958039
Q105458426	6000000051388777821
Q105458427	6000000012375083461
Q105458429	6000000055254911831
Q105458435	6000000176400782927
Q105458436	6000000177949234860
Q105458439	6000000079468932234
Q105458444	6000000084657739843
Q105458448	6000000206244667858
Q105458449	6000000024448865227
Q105458452	6000000154026478821
Q105458454	6000000037413368905
Q105458461	6000000042626595372
Q105458466	6000000038778310708
Q105458468	6000000066871198836
Q105458469	6000000113450495950
Q105458470	6000000026561161269
Q105458472	6000000034224330935
Q105458473	6000000113450884835
Q105458475	6000000089308800894
Q105458479	6000000042044049313
Q105458480	6000000033372353225
Q105458485	6000000123458164884
Q105458486	6000000185711144916
Q105458487	6000000212677413824
Q105458492	6000000212677281845
Q105458493	6000000185710691912
Q105458495	6000000055523427218
Q105458496	6000000178244106833
Q105458498	6000000178261979834
Q105458505	6000000120357675848
Q105458506	6000000120355635140
Q105458514	6000000190662209845
Q105458515	6000000032072452297
Q105458517	6000000013125006980
Q105458522	6000000177753357828
Q105458525	6000000080456040881
Q105458526	6000000016992042683
Q105458535	6000000027839291838
Q105458539	6000000022318757028
Q105458541	6000000185117757821
Q105458542	6000000196827488827
Q105458545	6000000197188489824
Q105458547	6000000121018337894
Q105458548	6000000044102829078
Q105458549	6000000121017460999
Q105458550	6000000121017709027
Q105458551	6000000077991913065
Q105458552	6000000131683597319
Q105458553	6000000077991967376
Q105458556	6000000185597023231
Q105458560	6000000012963144062
Q105458561	6000000078499925093
Q105458562	6000000202574562835
Q105458563	6000000031371215888
Q105458567	6000000186056130957
Q105458570	6000000061507655987
Q105458572	6000000001895074147
Q105458575	6000000055722306974
Q105458577	4069970497100123528
Q105458580	6000000077556183193
Q105458581	6000000185597033556
Q105458585	6000000190879261823
Q105458587	6000000037498760750
Q105458588	6000000200277663839
Q105458591	6000000029184596390
Q105458592	6000000023361939909
Q105458593	6000000018282555068
Q105458595	6000000128478640837
Q105458596	6000000104850567765
Q105458599	6000000026464921397
Q105458601	6000000170057415822
Q105458608	6000000018558598510
Q105458609	6000000002867899494
Q105458612	6000000042778641106
Q105458613	6000000046331788082
Q105458614	6000000120969858969
Q105458617	6000000050422117033
Q105458619	6000000036106451666
Q105458623	6000000116690127821
Q105458624	6000000077175575821
Q105458627	6000000029299828574
Q105458628	6000000009554523340
Q105458631	6000000195900988833
Q105458632	6000000013772225823
Q105458636	6000000044434544869
Q105458639	6000000027192157690
Q105458648	6000000083760133957
Q105458650	6000000190491705848
Q105458652	6000000127855327989
Q105458653	6000000000608275817
Q105458654	6000000116690669906
Q105458655	6000000072127048821
Q105458659	6000000023366316989
Q105458662	6000000176456908909
Q105458663	6000000008673127650
Q105458665	6000000145512013915
Q105458666	6000000006374412053
Q105458671	6000000172538583374
Q105458672	6000000202684043828
Q105458673	6000000033413708344
Q105458674	6000000182086107850
Q105458682	6000000019061379112
Q105458683	6000000044433574410
Q105458686	6000000042778475489
Q105458687	6000000001724384485
Q105458691	6000000011988144491
Q105458694	6000000077612963283
Q105458697	6000000023362171645
Q105458698	6000000062328887870
Q105458702	6000000077823200848
Q105458705	6000000074303718993
Q105458708	6000000035853354982
Q105458709	6000000186053138893
Q105458713	6000000002186114809
Q105458716	6000000198322844821
Q105458717	6000000012963405337
Q105458722	353694119550012115
Q105458726	6000000027829238162
Q105458738	6000000085008650919
Q105458739	4451597311250034745
Q105458743	6000000196520509821
Q105458744	6000000172985634986
Q105458749	6000000023366216839
Q105458758	6000000044153964902
Q105458765	6000000048119421828
Q105458786	6000000204290407835
Q105458796	6000000121180137855
Q105458801	6000000163433065871
Q105458804	6000000026226141285
Q105458806	6000000023971135251
Q105458810	6000000051447157874
Q105458816	6000000184327532836
Q105458818	6000000079493091215
Q105458823	6000000073409308834
Q105458831	6000000011139118327
Q105458833	6000000027191577382
Q105458846	6000000204288726848
Q105458847	6000000127855662973
Q105458859	6000000062328777925
Q105458862	6000000127855911926
Q105458883	6000000176459892844
Q105458894	6000000031181503032
Q105458909	6000000037504192921
Q105458936	342934178950012227
Q105458938	6000000168861333005
Q105458944	6000000204289876832
Q105458946	6000000016785952725
Q105458949	6000000090763110970
Q105458956	6000000090738251838
Q105458959	6000000046225408494
Q105458961	6000000090764705849
Q105458964	6000000012952262469
Q105458967	6000000040250643030
Q105458972	6000000040249906518
Q105458979	6000000078038477941
Q105458980	6000000090738101891
Q105458982	6000000078500479837
Q105458983	6000000096388471012
Q105458984	6000000186053229873
Q105458996	6000000127855353999
Q105459003	6000000103274849229
Q105459007	6000000058098476888
Q105459015	6000000176295515837
Q105459027	6000000071924838993
Q105459029	6000000044433988876
Q105459037	6000000055791331834
Q105459047	6000000136436851163
Q105459049	6000000174080509684
Q105459050	6000000037494976367
Q105459051	6000000025112863142
Q105459055	6000000127365001047
Q105459061	6000000034261699332
Q105459063	6000000127359496889
Q105459064	6000000090252580930
Q105459065	6000000103825243342
Q105459068	6000000013384361652
Q105459074	6000000046953597900
Q105459075	6000000029858533155
Q105459077	6000000032811980926
Q105459078	6000000208004265868
Q105459080	6000000032948346527
Q105459085	6000000011010543546
Q105459089	6000000103248080405
Q105459090	6000000204633391822
Q105459093	6000000034261742567
Q105459099	6000000038787683503
Q105459103	6000000080999122084
Q105459111	6000000080998910137
Q105459120	6000000022552581987
Q105459123	6000000047592102836
Q105459124	6000000036386468258
Q105459125	6000000000079877421
Q105459126	6000000035074087896
Q105459127	6000000047560758821
Q105459129	6000000047591459965
Q105459130	6000000047590281545
Q105459132	6000000047559832004
Q105459133	6000000035074044944
Q105459134	6000000047774748300
Q105459135	6000000039678586470
Q105459136	6000000047516391967
Q105459137	6000000039674536928
Q105459138	6000000177462899847
Q105459141	6000000017694036554
Q105459145	6000000012358900701
Q105459146	6000000012359471380
Q105459148	6000000020024973599
Q105459150	6000000018469585560
Q105459152	6000000022518071341
Q105459153	6000000022518291214
Q105459154	6000000048870258822
Q105459155	6000000048256832875
Q105459158	6000000201171653876
Q105459166	6000000093340799025
Q105459167	6000000108661961050
Q105459168	6000000081862018875
Q105459169	6000000001826093079
Q105459170	6000000001826339630
Q105459173	6000000106398828965
Q105459174	6000000138680523845
Q105459175	6000000138774273924
Q105459178	6000000029918537001
Q105459180	6000000185714357822
Q105459183	6000000051601904884
Q105459184	6000000051602007880
Q105459185	6000000018714797050
Q105459189	6000000057727316173
Q105459190	6000000204496927825
Q105459192	6000000018714736206
Q105459193	6000000018714650093
Q105459202	6000000178175957822
Q105459209	6000000061734785846
Q105459211	6000000194464324834
Q105459212	6000000044303551545
Q105459213	6000000194436861866
Q105459214	6000000042451678528
Q105459218	6000000197574579836
Q105459224	6000000192199433879
Q105459233	6000000021064711947
Q105459240	6000000202426024862
Q105459241	6000000202911597828
Q105459242	6000000202397345839
Q105459244	6000000173157492003
Q105459245	6000000156405151878
Q105459247	6000000003011943722
Q105459253	6000000102765364296
Q105459254	6000000184421952846
Q105459256	6000000039670630307
Q105459258	6000000036970654401
Q105459261	6000000041254897882
Q105459263	6000000197748068828
Q105459266	6000000023970964230
Q105459269	6000000033288256253
Q105459270	6000000081658666842
Q105459271	6000000017176449492
Q105459272	6000000102018739848
Q105459275	6000000012902821285
Q105459278	6000000102019215883
Q105459279	6000000017505145132
Q105459282	6000000080710755952
Q105459285	6000000201196757834
Q105459291	6000000049963637961
Q105459294	6000000036199385132
Q105459298	6000000040232047444
Q105459308	6000000054464954824
Q105459313	6000000017504845866
Q105459315	6000000107695683821
Q105459321	6000000108002448836
Q105459331	6000000045957205055
Q105459334	6000000024727945685
Q105459337	6000000025488508389
Q105459340	6000000009752704005
Q105459341	6000000090335417110
Q105459342	6000000085672494869
Q105459349	6000000023970889373
Q105459352	6000000146409975823
Q105459353	6000000023970923586
Q105459355	6000000187845606843
Q105459357	6000000008698452042
Q105459358	6000000042839814363
Q105459359	6000000052265933144
Q105459364	4919086366110034429
Q105459368	6000000170425913911
Q105459373	6000000026024112754
Q105459374	6000000179935999822
Q105459375	6000000120577461821
Q105459387	6000000016216979179
Q105459390	6000000062724190873
Q105459395	6000000083824774057
Q105459396	6000000078365955937
Q105459397	6000000090333125586
Q105459398	6000000090328920981
Q105459399	6000000049963206444
Q105459400	6000000109870936038
Q105459401	6000000072498977829
Q105459403	6000000121890835908
Q105459410	6000000187620439834
Q105459414	6000000088622154935
Q105459417	6000000036970888312
Q105459419	6000000187621388821
Q105459426	4782497449470037970
Q105459429	6000000039670553701
Q105459430	6000000029428079017
Q105459432	6000000039670984973
Q105459434	6000000030378651580
Q105459435	6000000072750306871
Q105459438	6000000107693410111
Q105459440	6000000201797183862
Q105459442	6000000172681125822
Q105459448	6000000172363622270
Q105459453	6000000172527937895
Q105459454	6000000120358025877
Q105459461	6000000009318536550
Q105459463	6000000018376165257
Q105459465	6000000080710845005
Q105459466	6000000042839943089
Q105459473	6000000054464992900
Q105459478	6000000035756328595
Q105459479	6000000004956337469
Q105459487	6000000009752704008
Q105459489	6000000173972669194
Q105459490	6000000128470106015
Q105459492	6000000013016479540
Q105459493	6000000037858158021
Q105459495	6000000095713060852
Q105459498	6000000105085258822
Q105459499	6000000052266277153
Q105459511	6000000083161182858
Q105459512	5038152057260118779
Q105459515	6000000023971701035
Q105459520	6000000201502188862
Q105459522	6000000187654816827
Q105459523	6000000187653939927
Q105459524	6000000187653969822
Q105459526	6000000187655097830
Q105459528	6000000151411693821
Q105459530	6000000173859016028
Q105459534	6000000084606662989
Q105459536	6000000031395876034
Q105459537	6000000031395530411
Q105459540	6000000184408848824
Q105459542	6000000208963547826
Q105459544	6000000007532938635
Q105459545	6000000208963453840
Q105459546	6000000007533043470
Q105459551	6000000009341798645
Q105459554	6000000044863449864
Q105459556	6000000046156488849
Q105459560	6000000035877680894
Q105459572	6000000189352143852
Q105459573	6000000192232819853
Q105459574	6000000192232508889
Q105459575	6000000036204274658
Q105459579	6000000023203637849
Q105459580	6000000023203075033
Q105459581	6000000089574106941
Q105459586	6000000058416859861
Q105459592	6000000042287366486
Q105459593	6000000008793828361
Q105459598	6000000008793839947
Q105459658	6000000165964071306
Q105459684	6000000051040924821
Q105459685	6000000021971917476
Q105459686	6000000043694180188
Q105459688	6000000052279432017
Q105459692	6000000018344635019
Q105459694	6000000183312858859
Q105459696	6000000069581303868
Q105459699	6000000127856055884
Q105459704	6000000153480009834
Q105459705	6000000186472112822
Q105459707	6000000199064793863
Q105459709	6000000151346492876
Q105459723	6000000005222723627
Q105459733	6000000108712206703
Q105459743	6000000032376313688
Q105459744	6000000035096448929
Q105459746	6000000063210062125
Q105459747	6000000003656315695
Q105459750	6000000007112125597
Q105459753	6000000032376598368
Q105459755	6000000178146529868
Q105459758	6000000193780589833
Q105459765	6000000041713799317
Q105459769	6000000032620927920
Q105459770	6000000172925966755
Q105459771	6000000008350331135
Q105459772	6000000032620901030
Q105459774	6000000041714025431
Q105459778	6000000216884594828
Q105459779	6000000195817879871
Q105459781	6000000051023036846
Q105459783	6000000082777925918
Q105459785	6000000073063730918
Q105459786	6000000136862045855
Q105459790	6000000025412403990
Q105459793	6000000194863170849
Q105459795	6000000083087293051
Q105459797	6000000046875076042
Q105459803	6000000001743127698
Q105459804	6000000037895483931
Q105459806	6000000022215130695
Q105459809	6000000004153496689
Q105459810	6000000054276181891
Q105459814	6000000020191340474
Q105459815	6000000054275777860
Q105459818	6000000205650418839
Q105459824	6000000182706174861
Q105459826	6000000200650056826
Q105459841	6000000009701563905
Q105459848	6000000178375006822
Q105459850	6000000014255405082
Q105459851	6000000186099952188
Q105459853	6000000043719812225
Q105459854	6000000186110175152
Q105459855	6000000186099766279
Q105459856	6000000208230287824
Q105459857	6000000078784751974
Q105459859	6000000174717073249
Q105459861	6000000078808750909
Q105459862	6000000051860034899
Q105459863	6000000040072262891
Q105459864	6000000135683013831
Q105459865	6000000042215706187
Q105459866	6000000051860071871
Q105459868	6000000062723439854
Q105459872	6000000031421226916
Q105459874	6000000186156275302
Q105459876	6000000072734114129
Q105459878	6000000181467479821
Q105459880	6000000051843241838
Q105459881	6000000081767777947
Q105459882	6000000189719495856
Q105459885	6000000047717672885
Q105459886	6000000046498465949
Q105459887	6000000029700079563
Q105459890	6000000185202845822
Q105459894	6000000046486030834
Q105459895	6000000128720758821
Q105459897	6000000197621912848
Q105459898	6000000197621318912
Q105459899	6000000197607397858
Q105459901	6000000175658570824
Q105459903	6000000175657710840
Q105459904	6000000175636584821
Q105459905	6000000175631926840
Q105459907	6000000197376250860
Q105459910	6000000126008136976
Q105459912	6000000167996505827
Q105459915	6000000156829335824
Q105459919	6000000200649763825
Q105459920	6000000200653203868
Q105459921	6000000035654852912
Q105459933	6000000066802967821
Q105459941	6000000041131300773
Q105459946	6000000036835445967
Q105459952	6000000098307379950
Q105459955	6000000008532584353
Q105459960	6000000177303673839
Q105459961	6000000177302691867
Q105459962	6000000008532523607
Q105459963	6000000041361738514
Q105459975	6000000037476666916
Q105459976	6000000111942638888
Q105459977	6000000082578767902
Q105459979	6000000082578639999
Q105459983	6000000126096260198
Q105459984	6000000054402023832
Q105459986	6000000210097656847
Q105459987	6000000210097254870
Q105459991	6000000214746602828
Q105459992	6000000047957342850
Q105459993	6000000200440128865
Q105459994	6000000047956123949
Q105459996	6000000086456662020
Q105459997	6000000042333760103
Q105459998	6000000016249432134
Q105459999	6000000068047868899
Q105460	6000000021317453027
Q105460002	6000000059480699112
Q105460003	6000000054522473849
Q105460006	6000000183912369873
Q105460008	6000000178381710921
Q105460017	6000000025498113970
Q105460018	6000000093264182099
Q105460019	6000000025497937513
Q105460021	6000000081540667685
Q105460034	6000000204369711822
Q105460035	6000000020188956576
Q105460037	6000000074691260896
Q105460044	6000000074272790862
Q105460057	6000000204696949902
Q105460060	6000000026226851832
Q105460061	6000000026227271341
Q105460064	6000000026226361397
Q105460065	6000000123435145929
Q105460066	6000000044547725972
Q105460067	6000000014350562331
Q105460068	6000000044547472974
Q105460072	6000000208072386840
Q105460073	6000000084171066849
Q105460077	6000000208071477832
Q105460078	6000000084170758031
Q105460082	6000000207020392827
Q105460083	6000000207014928853
Q105460084	6000000207020425829
Q105460085	6000000207020005897
Q105460086	6000000207020645829
Q105460087	6000000081927283833
Q105460088	6000000059479970069
Q105460091	6000000185256213871
Q105460094	6000000078200269559
Q105460098	6000000191386658885
Q105460100	6000000199892498852
Q105460103	6000000074968494828
Q105460104	6000000083899733857
Q105460105	6000000014349015121
Q105460107	6000000194247315831
Q105460108	6000000092830047854
Q105460110	6000000194247343828
Q105460113	6000000194218890835
Q105460117	6000000194214920821
Q105460120	6000000194068971824
Q105460121	6000000194068926838
Q105460122	6000000200720028839
Q105460123	6000000080917646821
Q105460125	6000000080917659827
Q105460127	6000000014371977866
Q105460129	6000000187691273739
Q105460138	6000000039843156044
Q105460139	6000000002215929751
Q105460140	6000000024091206383
Q105460143	6000000197156378821
Q105460146	6000000197229772823
Q105460148	6000000200720232826
Q105460151	6000000014970756922
Q105460153	6000000081303129480
Q105460154	6000000124828610869
Q105460155	6000000081272459035
Q105460156	6000000108264787833
Q105460158	6000000077640765320
Q105460161	6000000044133104028
Q105460166	6000000193989200854
Q105460167	6000000024527719894
Q105460169	6000000065642653896
Q105460172	6000000200608774844
Q105460174	6000000139357174949
Q105460175	6000000149458237836
Q105460176	6000000010288278624
Q105460177	6000000200608933829
Q105460178	6000000022598519244
Q105460179	6000000023910408373
Q105460186	6000000113308155955
Q105460188	6000000000541942955
Q105460193	6000000037308558839
Q105460198	6000000212708941843
Q105460199	6000000212697077823
Q105460202	6000000212696903866
Q105460203	6000000077517322055
Q105460204	6000000185621465916
Q105460206	6000000035665680240
Q105460211	6000000047922095846
Q105460213	6000000172624513120
Q105460215	6000000000029512085
Q105460218	6000000000029342575
Q105460219	6000000008201372632
Q105460223	6000000030412139078
Q105460228	6000000024461703896
Q105460229	6000000040080961581
Q105460230	6000000054881353938
Q105460232	6000000112392064839
Q105460234	6000000051873734917
Q105460235	6000000015338508119
Q105460236	6000000040320993676
Q105460240	6000000060259428068
Q105460242	6000000113179837019
Q105460243	6000000053441972153
Q105460244	6000000015338094931
Q105460245	6000000043291249061
Q105460246	6000000202837309833
Q105460248	6000000144982553821
Q105460253	6000000039683369871
Q105460261	6000000027858679144
Q105460262	6000000201256871892
Q105460264	6000000053442592821
Q105460265	6000000054881969932
Q105460266	6000000008201519087
Q105460267	6000000055914663025
Q105460268	6000000091139125074
Q105460270	6000000039866200779
Q105460272	6000000075268048270
Q105460274	6000000008142384815
Q105460278	6000000031001428981
Q105460290	6000000106743359822
Q105460291	6000000196826675874
Q105460293	6000000080410938269
Q105460299	6000000015412063276
Q1054603	6000000145597169822
Q105460300	6000000089281547311
Q105460304	6000000184113092825
Q105460305	6000000089282344899
Q10546031	6000000075424539917
Q105460310	6000000015412063281
Q105460313	6000000106747198868
Q105460316	6000000021480899574
Q105460318	6000000050566298511
Q105460319	6000000040805847985
Q105460321	6000000055953834946
Q105460325	6000000207441866822
Q105460326	6000000207441388883
Q105460327	6000000192046726823
Q105460328	6000000207440383822
Q105460329	6000000207439681835
Q105460335	6000000026552065028
Q105460336	6000000011402488667
Q105460340	6000000038938128962
Q105460341	6000000189313588823
Q105460346	6000000020073180367
Q105460357	6000000058315824828
Q105460360	6000000081961888849
Q105460361	6000000060403985841
Q105460362	6000000081959631001
Q105460373	6000000192999435826
Q105460374	6000000192999402836
Q105460375	6000000192999086884
Q105460379	6000000015520976101
Q105460385	6000000000070919328
Q105460388	6000000092266788999
Q105460390	6000000106888623150
Q105460392	6000000191536853897
Q105460395	6000000211031517821
Q105460397	6000000007603599317
Q105460398	6000000202801831823
Q105460401	6000000202803833836
Q105460402	6000000202802034928
Q105460406	310233164060001380
Q105460408	6000000202801816826
Q105460409	6000000005290642007
Q105460410	6000000020204296478
Q105460413	6000000202802185868
Q105460420	6000000099107329845
Q105460424	6000000125329551921
Q105460433	6000000080910437821
Q105460434	6000000033727400486
Q105460435	6000000189443475833
Q105460436	6000000056733452833
Q105460439	6000000037402677353
Q105460440	6000000001368936479
Q105460444	6000000001369293083
Q105460445	6000000116711956943
Q105460456	6000000211283589826
Q105460457	6000000211283439831
Q105460466	6000000177598936823
Q105460467	6000000025500727604
Q105460472	6000000037402983155
Q105460476	6000000043378545881
Q105460478	4664264134690061441
Q105460479	6000000082415929992
Q105460480	6000000054019210040
Q105460485	6000000038095468615
Q105460487	6000000024667661871
Q105460489	6000000199648405885
Q105460492	6000000043866484706
Q105460495	6000000062021464943
Q105460496	6000000041068522761
Q105460501	6000000062021815757
Q105460503	6000000148090873912
Q105460505	6000000041068868205
Q105460508	6000000006177147533
Q105460517	6000000068472049913
Q105460518	6000000186322186844
Q105460519	6000000186322349838
Q105460520	6000000038548995859
Q105460524	6000000205050032845
Q105460532	6000000048869314876
Q105460533	6000000207896757846
Q105460534	5157200213030121810
Q105460537	5157200202350121804
Q105460547	6000000030831756226
Q105460549	6000000036307393020
Q105460550	6000000088089269890
Q105460551	6000000185937179840
Q105460552	6000000185937160845
Q105460556	6000000035765340470
Q105460560	6000000017682419180
Q105460562	6000000088789782834
Q105460568	6000000196598806007
Q105460574	6000000010245495300
Q105460575	6000000010245013354
Q105460577	6000000196693135822
Q105460578	6000000012776254787
Q105460580	6000000208847787870
Q105460584	6000000189718924885
Q105460585	6000000037876552244
Q105460589	6000000158313884841
Q105460593	6000000018764544822
Q105460594	4493789079480023291
Q105460595	6000000082824055620
Q105460596	6000000082825386882
Q105460597	6000000082824444287
Q105460598	6000000193877692843
Q105460600	6000000057886318246
Q105460601	6000000128929463011
Q105460604	6000000030156383333
Q105460610	6000000136358932835
Q105460614	6000000125332360916
Q105460615	6000000195153737825
Q105460617	6000000195153662822
Q105460626	6000000071221826144
Q105460633	6000000112349278944
Q105460634	6000000196490585830
Q105460636	6000000041368413823
Q105460637	6000000200580258839
Q105460638	6000000028088644772
Q105460639	6000000033143558584
Q105460641	6000000177333619823
Q105460643	6000000028088593543
Q105460644	6000000032940652537
Q105460645	6000000032940909153
Q105460646	6000000084760765414
Q105460647	6000000204884550821
Q105460648	6000000048416906137
Q105460655	6000000091180138950
Q105460657	6000000002802975625
Q105460658	6000000002802975635
Q105460661	6000000207384861824
Q105460666	6000000049091079288
Q105460669	6000000183921731846
Q105460670	6000000193669315892
Q105460671	6000000066374860927
Q105460672	6000000043015959935
Q105460673	6000000090224233832
Q105460682	6000000001411747790
Q105460684	6000000090130764107
Q105460687	6000000030373573479
Q105460691	6000000186093656893
Q105460692	6000000186087052900
Q105460693	6000000003803568122
Q105460694	6000000017628002551
Q105460695	6000000034915351751
Q105460696	4644912129170032471
Q105460697	6000000186598902827
Q105460698	6000000000350801364
Q105460703	6000000200199892824
Q105460705	6000000053476252977
Q105460712	6000000112394082863
Q105460715	6000000020546783218
Q105460718	6000000081780039253
Q105460719	6000000000350780176
Q105460720	6000000182084058833
Q105460721	6000000030662941138
Q105460723	6000000081767613959
Q105460724	6000000026551894374
Q105460725	6000000049852068844
Q105460727	6000000049587411873
Q105460732	6000000086356561430
Q105460735	6000000173017665020
Q105460736	6000000034454369125
Q105460738	6000000003548013485
Q105460740	6000000066448230116
Q105460741	6000000003579585737
Q105460742	6000000192353182823
Q105460743	6000000000217818945
Q105460745	6000000000218039269
Q105460748	6000000047845908109
Q105460749	6000000000350774490
Q105460750	6000000000350774467
Q105460754	6000000027130417115
Q105460755	6000000158925906829
Q105460757	6000000054982232869
Q105460762	6000000175733933835
Q105460763	6000000205166704873
Q105460764	6000000034446070247
Q105460767	6000000178423786941
Q105460769	6000000085567978856
Q105460772	6000000183034784833
Q105460773	6000000178939349830
Q105460778	6000000212637428827
Q105460781	6000000148343508114
Q105460783	6000000132606409825
Q105460785	6000000186043341064
Q105460786	6000000186043938254
Q105460788	6000000186035403862
Q105460789	6000000108870785850
Q105460790	6000000193862550842
Q105460792	6000000052592180861
Q105460802	6000000174989226844
Q105460803	6000000014438926286
Q105460805	6000000197503468873
Q105460806	6000000031266050986
Q105460810	6000000036635998255
Q105460812	6000000040100585871
Q105460813	6000000179770038861
Q105460814	6000000079178428827
Q105460823	6000000197809418837
Q10546083	6000000011024062656
Q105460832	6000000099057462850
Q105460834	6000000033643167206
Q105460836	6000000194474354830
Q105460837	6000000173183814142
Q105460842	6000000184374241825
Q105460843	6000000184287315835
Q105460844	6000000079267379019
Q105460850	6000000007713522853
Q105460854	6000000036882269672
Q105460856	6000000007713769255
Q105460858	6000000035525510652
Q105460862	6000000073753952956
Q105460864	6000000073753317066
Q105460865	6000000208546236842
Q105460866	6000000208546218831
Q105460868	6000000115128692912
Q105460870	6000000115132147925
Q105460874	6000000052990653353
Q105460875	6000000052991635830
Q105460876	6000000073063478929
Q105460877	6000000010391152407
Q105460879	6000000069576803108
Q105460881	6000000077332309963
Q105460882	6000000069573177904
Q105460883	6000000069485292889
Q105460884	6000000008313264047
Q105460885	6000000046565358301
Q105460886	6000000069485595904
Q105460888	6000000030009916674
Q105460890	6000000002292741201
Q105460891	6000000001466062344
Q105460892	6000000017073704594
Q105460893	6000000114793546834
Q105460894	6000000059668737015
Q105460895	6000000082149968018
Q105460896	6000000082150375870
Q105460898	3950967709260076861
Q105460899	6000000082720089868
Q105460902	6000000185681061828
Q105460904	6000000078370333508
Q105460905	6000000067910879877
Q105460908	6000000128218071833
Q105460909	6000000080645175015
Q105460918	6000000020343242256
Q105460919	6000000148588109876
Q105460921	6000000004590103404
Q105460922	6000000035289264906
Q105460924	6000000041317839022
Q105460925	6000000084559794276
Q105460926	6000000027217736712
Q105460928	6000000032868585210
Q105460930	5323331834730021407
Q105460932	6000000085101813932
Q105460934	6000000000474630073
Q105460936	6000000026564477151
Q105460937	6000000079448516903
Q105460938	6000000018662889554
Q105460940	6000000006323737307
Q105460941	6000000000151902174
Q105460943	6000000054626710082
Q105460945	6000000018880196259
Q105460946	6000000020343389864
Q105460948	6000000004977232155
Q105460952	6000000017299348409
Q105460956	6000000002281634896
Q105460962	6000000027646120652
Q105460963	6000000084559632396
Q105460965	6000000018879964993
Q105460972	6000000025068011297
Q105460973	6000000062683838010
Q105460981	6000000035289067320
Q105460983	6000000180218403822
Q105460987	6000000126028319928
Q105460989	6000000025975848310
Q105460991	6000000027216929687
Q105460992	6000000032552318978
Q105460993	6000000031579791501
Q105460997	6000000200861408821
Q105461001	6000000078371609821
Q105461002	6000000021862737509
Q105461005	6000000039628907113
Q105461007	6000000001381032688
Q105461008	6000000004285801437
Q105461009	6000000200868146822
Q105461010	6000000004285823102
Q105461012	6000000025771796076
Q105461015	6000000063812935968
Q105461016	6000000025771639739
Q105461017	6000000039628828903
Q105461018	6000000063313424856
Q105461024	6000000187631300905
Q105461025	6000000079468735369
Q105461030	6000000014793160452
Q105461031	6000000041066795034
Q105461032	6000000003259735029
Q105461033	6000000033140435185
Q105461035	6000000041066802048
Q105461036	6000000058612928838
Q105461041	6000000085867048951
Q105461047	6000000046086172921
Q105461052	6000000033140779499
Q105461054	6000000041112866567
Q105461055	6000000007319702287
Q105461057	6000000191592527823
Q105461058	6000000100269342831
Q105461059	6000000026228714999
Q105461062	6000000080895463285
Q105461063	6000000077654881392
Q105461068	6000000016408284535
Q105461073	6000000009796137385
Q105461074	6000000041254257305
Q105461075	6000000180312834883
Q105461076	6000000097527856210
Q105461084	6000000077654176738
Q105461086	6000000041066639225
Q105461088	6000000085867973822
Q105461089	6000000019585269013
Q105461090	6000000041113316002
Q105461091	6000000003562278569
Q105461092	6000000041066610169
Q105461094	6000000041066171344
Q105461095	6000000030595748352
Q105461098	6000000209965875825
Q105461101	6000000064791912917
Q105461106	6000000213350194824
Q105461107	6000000009752704128
Q105461108	6000000209887909841
Q105461110	6000000144747595866
Q105461113	6000000186520260843
Q105461114	6000000206356413890
Q105461118	6000000069713729833
Q105461124	6000000046044003375
Q105461132	6000000172649894085
Q105461143	6000000073411624881
Q105461148	6000000035666089223
Q105461149	6000000035665721126
Q105461152	6000000078514112582
Q105461155	6000000036938693702
Q105461156	6000000077207879951
Q105461158	6000000080811586907
Q105461165	6000000133104241892
Q105461166	6000000090828116868
Q105461168	6000000056123720209
Q105461169	6000000011234826929
Q105461172	6000000039644033901
Q105461173	6000000023043838932
Q105461175	6000000008179730344
Q105461177	6000000181301017875
Q105461182	6000000033105526048
Q105461183	6000000073827501624
Q105461184	6000000200917902950
Q105461185	6000000073826328071
Q105461186	6000000073775570862
Q105461195	6000000095692176087
Q105461197	6000000209914503373
Q105461198	6000000095693942833
Q105461211	6000000027029369632
Q105461212	6000000185293914821
Q105461215	6000000179555888840
Q105461218	6000000030123225684
Q105461224	6000000182099814841
Q105461238	6000000030123523004
Q105461242	6000000089532364900
Q105461244	6000000001902676212
Q105461256	6000000136523655966
Q105461259	6000000199380825828
Q105461267	6000000039490412878
Q105461269	6000000197879808821
Q105461270	6000000027029402633
Q105461282	6000000082980679362
Q105461291	6000000116929894932
Q105461292	6000000116930316852
Q105461296	6000000007627877496
Q105461300	6000000176924349835
Q105461301	6000000078076521013
Q105461305	6000000007627877530
Q105461308	6000000028810009052
Q105461309	6000000007627877535
Q105461312	6000000008882864242
Q105461314	6000000076968217440
Q105461319	6000000048704752830
Q105461328	6000000189766314844
Q105461329	6000000205857096836
Q105461331	6000000124828133898
Q105461332	6000000008673127639
Q105461336	6000000185825574842
Q105461343	6000000004874322474
Q105461352	6000000201145619924
Q105461353	6000000186190658695
Q105461355	6000000206433313840
Q105461356	6000000081999125554
Q105461358	6000000017199182362
Q105461359	6000000081998979668
Q105461365	6000000020731819047
Q105461367	6000000195707707823
Q105461369	6000000085513858876
Q105461371	6000000178429532857
Q105461372	6000000195708259927
Q105461374	6000000168187344006
Q105461375	6000000195708859831
Q105461376	6000000059893283891
Q105461383	6000000191585475896
Q105461396	6000000061065466827
Q105461397	6000000023994649693
Q105461398	6000000197720844865
Q105461399	6000000077733656004
Q105461403	6000000003011997788
Q105461404	6000000041073288930
Q105461407	6000000180979981845
Q105461408	6000000068481790961
Q105461409	6000000204651752831
Q105461412	6000000024891992647
Q105461415	6000000081962182101
Q105461418	6000000001205740027
Q105461419	6000000045011246877
Q105461420	6000000185374916067
Q105461422	6000000001361571102
Q105461423	4300333673640068610
Q105461424	6000000006374303511
Q105461426	6000000027454235014
Q105461427	6000000036107197035
Q105461430	4299479319650068139
Q105461431	6000000178050149826
Q105461434	6000000204651518844
Q105461436	6000000001829162028
Q105461438	6000000031146031857
Q105461439	6000000003011997780
Q105461440	6000000001829162052
Q105461441	6000000032410868118
Q105461444	6000000001199700037
Q105461449	6000000039853523848
Q105461450	6000000001361250930
Q105461452	6000000191587727857
Q105461453	6000000036243170910
Q105461454	6000000194926901822
Q105461457	6000000113878739238
Q105461461	6000000007014434574
Q105461470	6000000056474194105
Q105461471	6000000203341977859
Q105461472	6000000056474320043
Q105461474	6000000010633527698
Q105461477	6000000004590263353
Q105461485	6000000040894928053
Q105461486	6000000040894343494
Q105461487	6000000035525915083
Q105461488	6000000189077460826
Q105461489	6000000044066120325
Q105461495	6000000026148356651
Q105461496	6000000069502044664
Q105461502	6000000046920646821
Q105461505	6000000023080526013
Q105461507	6000000079882908882
Q105461508	6000000022989010055
Q105461509	6000000019585377066
Q105461511	6000000192426272834
Q105461512	6000000080340355984
Q105461513	6000000080340542918
Q105461515	6000000012504873293
Q105461517	6000000037496979378
Q105461519	6000000017957098371
Q105461520	6000000049752101032
Q105461523	6000000049629043998
Q105461528	6000000005771546124
Q105461529	6000000100864767980
Q105461530	6000000042313993714
Q105461531	6000000032151067244
Q105461532	6000000186776100836
Q105461534	6000000055787476833
Q105461536	6000000034456063229
Q105461537	6000000022895592463
Q105461539	6000000123747802822
Q105461541	6000000015708375296
Q105461542	6000000185743607963
Q105461543	6000000031571578614
Q105461544	6000000207760385823
Q105461546	6000000105272723962
Q105461554	6000000207760449837
Q105461556	6000000023074598419
Q105461561	6000000105275615042
Q105461563	6000000062815259916
Q105461564	6000000015708317612
Q105461566	6000000202767976828
Q105461571	6000000189819102867
Q105461573	6000000155021872823
Q105461575	6000000155021874914
Q105461581	6000000189322112827
Q105461582	6000000189322207844
Q105461585	6000000207301130919
Q105461586	6000000209797364835
Q105461587	6000000209797301831
Q105461589	6000000004097870656
Q105461590	6000000010132603038
Q105461591	6000000124661191895
Q105461592	6000000056585248162
Q105461594	6000000053372176870
Q105461601	6000000153943087857
Q105461604	6000000138540381858
Q105461606	6000000189691997836
Q105461607	6000000189690923927
Q105461608	6000000189691841839
Q105461609	6000000189692051828
Q105461611	6000000189699142825
Q105461612	6000000025052672892
Q105461614	6000000208852786879
Q105461615	6000000013524166713
Q105461617	6000000208846014821
Q105461619	6000000013523686798
Q105461620	6000000146844363851
Q105461622	6000000077191234367
Q105461623	6000000013074704805
Q105461630	6000000190036118839
Q105461636	6000000023274854023
Q105461637	6000000023274324613
Q105461641	6000000098178072847
Q105461647	6000000153950749830
Q105461648	6000000154160338839
Q105461650	6000000154095741833
Q105461652	6000000157529120891
Q105461653	6000000185352071964
Q105461655	6000000072905763952
Q105461656	6000000072906228882
Q105461657	6000000182053248045
Q105461658	6000000182056949834
Q105461662	6000000075010150959
Q105461665	6000000002678651581
Q105461666	6000000002678651616
Q105461667	6000000002678634186
Q105461669	6000000074465999833
Q105461671	6000000011011177998
Q105461673	6000000204826670882
Q105461674	6000000076637574947
Q105461675	6000000000350718194
Q105461677	6000000008890955687
Q105461679	6000000120952404057
Q105461682	6000000000918189449
Q105461689	6000000174770842387
Q105461697	6000000065776799977
Q105461698	6000000187767783917
Q105461701	6000000008512026128
Q105461704	6000000181218639904
Q105461705	6000000001036200597
Q105461707	6000000001036231057
Q105461709	6000000078888662827
Q105461713	6000000011289917204
Q105461714	6000000011295614507
Q105461716	6000000054356240919
Q105461721	6000000022551314739
Q105461724	6000000192046452855
Q105461733	6000000046122850230
Q105461736	6000000079569290493
Q105461737	6000000079569801053
Q105461739	6000000095476293522
Q105461742	6000000191754478822
Q105461745	6000000191754303823
Q105461746	6000000133448571414
Q105461748	6000000150594286073
Q105461760	6000000066936742450
Q105461765	6000000200242926865
Q105461768	6000000200243039879
Q105461769	6000000111951799838
Q105461773	6000000004934114684
Q105461776	6000000200591166828
Q105461777	6000000181558758821
Q105461778	6000000042310922080
Q105461780	6000000203356242821
Q105461781	6000000076087080828
Q105461782	6000000203378301827
Q105461789	6000000084199371945
Q105461795	6000000200255669877
Q105461796	6000000208636891861
Q105461798	6000000208635779887
Q105461799	6000000208637051822
Q105461800	6000000200255870843
Q105461803	6000000187513980826
Q105461804	6000000042290412348
Q105461808	6000000072980758904
Q105461814	6000000188329642877
Q105461815	6000000079506958821
Q105461816	6000000178532549067
Q105461819	6000000026978720834
Q105461822	6000000014166775283
Q105461826	6000000012814571549
Q105461832	6000000018566251428
Q105461835	6000000055921290906
Q105461839	6000000188628753825
Q105461840	6000000103718398829
Q105461848	6000000063637625854
Q105461849	6000000030639469168
Q105461861	6000000008499719883
Q105461862	5492745355460046843
Q105461864	6000000184982161838
Q105461881	6000000091117476821
Q105461894	6000000178535088849
Q105461898	6000000019138362777
Q105461907	6000000112269745929
Q105461909	6000000036703952042
Q105461911	6000000034604275641
Q105461913	6000000031754395074
Q105461916	6000000027167267165
Q105461920	6000000079243323827
Q105461922	6000000079516388831
Q105461924	6000000194111534821
Q105461925	6000000035793806127
Q105461940	6000000069124028059
Q105461941	6000000036416104116
Q105461964	6000000178061935841
Q105461965	6000000012814596743
Q105461967	6000000084348765137
Q105461968	6000000119399687845
Q105461969	6000000214457904844
Q105461970	6000000105765155147
Q105461974	6000000176909817822
Q105461982	6000000099041791856
Q105461985	6000000037142325876
Q105461988	6000000176657245850
Q105461989	6000000019546178013
Q105461991	6000000019545868512
Q105461997	6000000036630209056
Q105462001	6000000190798436857
Q105462004	6000000035034306384
Q105462008	6000000172750351835
Q105462013	6000000084350650020
Q105462029	6000000120592098977
Q105462034	6000000036630379917
Q105462036	6000000144809484921
Q105462040	6000000037135629164
Q105462041	6000000201390229840
Q105462042	4210671099280126257
Q105462044	6000000009180877250
Q105462046	6000000214457688821
Q105462052	6000000178639537953
Q105462055	6000000038122848266
Q105462056	6000000191422232851
Q105462061	6000000042279596877
Q105462062	6000000028084384147
Q105462065	6000000000350801417
Q105462066	6000000021177292511
Q105462075	6000000177689162871
Q105462080	6000000084258472881
Q105462082	6000000027633574795
Q105462083	5035077750760026889
Q105462092	6000000006930270265
Q105462094	6000000006930270277
Q105462095	6000000186505849824
Q105462101	6000000076905459634
Q105462102	6000000130562111840
Q105462103	6000000201810580848
Q105462104	6000000018726877528
Q105462105	6000000031588728523
Q105462106	6000000174752735838
Q105462108	6000000182033817830
Q105462118	6000000003021277746
Q105462121	6000000062821131136
Q105462123	6000000055966457924
Q105462124	6000000106737486821
Q105462125	6000000055966134056
Q105462127	6000000194117621850
Q105462128	6000000178186206838
Q105462130	6000000176910910843
Q105462132	6000000148465321825
Q105462137	6000000077073177882
Q105462138	6000000174752607830
Q105462140	6000000030171564266
Q105462145	6000000009107069254
Q105462151	5035088480240040775
Q105462154	6000000085543725867
Q105462155	6000000031590211555
Q105462156	6000000009126553634
Q105462162	6000000204266336821
Q105462165	6000000031254212425
Q105462167	6000000177087383864
Q105462168	6000000004120819423
Q105462169	6000000078172444971
Q105462170	6000000077133821077
Q105462172	6000000177084711973
Q105462176	6000000055965693328
Q105462177	6000000002803151783
Q105462178	6000000177380362822
Q105462179	6000000120985832044
Q105462182	6000000000350713148
Q105462183	6000000022319543385
Q105462193	6000000002600125956
Q105462197	6000000009104612124
Q105462198	6000000192624235821
Q105462205	6000000026905882440
Q105462209	6000000061715100879
Q105462212	6000000040310436158
Q105462215	6000000177689519823
Q105462220	6000000028084561254
Q105462227	6000000002802400054
Q105462232	6000000051899681931
Q105462239	6000000129152513821
Q105462240	6000000000350761902
Q105462241	6000000199086365844
Q105462242	6000000205026744889
Q105462244	6000000076671048962
Q105462245	6000000093038258018
Q105462249	6000000087326281035
Q105462250	6000000068790046875
Q105462251	6000000084634105827
Q105462252	6000000007279188958
Q105462253	6000000064938513064
Q105462256	5060626484390080265
Q105462257	6000000176812495833
Q105462258	6000000040310479202
Q105462263	6000000042243081365
Q105462266	6000000063304856020
Q105462267	6000000090505093352
Q105462270	6000000031596535410
Q105462275	6000000009106750737
Q105462278	6000000171758558293
Q105462284	6000000173595288388
Q105462290	6000000046801808038
Q105462294	5195634953830125952
Q105462295	4321442541810030833
Q105462296	6000000195959206828
Q105462297	6000000210461039833
Q105462298	6000000000350715126
Q105462299	6000000041429495349
Q105462300	6000000008424051377
Q105462304	6000000055966606821
Q105462307	6000000010020359659
Q105462308	6000000041407341490
Q105462312	6000000037715973358
Q105462314	6000000120988077821
Q105462317	6000000092732526010
Q105462318	6000000092732072166
Q105462319	6000000092732290377
Q105462320	6000000191387086881
Q105462321	6000000191387945823
Q105462325	6000000178639886824
Q105462327	6000000008981238727
Q105462328	5196026406040134190
Q105462330	6000000008549234465
Q105462331	6000000012995901945
Q105462333	6000000204215699854
Q105462334	6000000204216026829
Q105462335	6000000188391620828
Q105462336	6000000188390998839
Q105462337	6000000184305793115
Q105462344	6000000031726393977
Q105462345	6000000067125331973
Q105462347	6000000169657998829
Q105462348	6000000188847404839
Q105462352	6000000169658125821
Q105462353	6000000179316860821
Q105462355	6000000198963576824
Q105462356	6000000014630216698
Q105462357	6000000014631377155
Q105462368	6000000177243187836
Q105462369	6000000190380578885
Q105462373	6000000083691827086
Q105462375	6000000052706612908
Q105462376	6000000083690700908
Q105462379	6000000033402826254
Q105462384	6000000002802821355
Q105462387	6000000011439001220
Q105462391	6000000002802419312
Q105462395	6000000126657213853
Q105462397	6000000213554506821
Q105462398	6000000181790294849
Q105462407	6000000082508392086
Q105462408	6000000040127575344
Q105462413	6000000024386444735
Q105462416	6000000111147101867
Q105462419	6000000035665940884
Q105462420	6000000203859105830
Q105462423	361768611890001732
Q105462425	6000000112449871883
Q105462427	6000000078038365010
Q105462434	6000000141070418912
Q105462435	6000000067352989831
Q105462438	6000000010132237578
Q105462439	6000000044614684900
Q105462440	6000000141071112821
Q105462441	6000000067352947852
Q105462443	6000000028710651359
Q105462444	6000000013516938631
Q105462446	6000000141072208856
Q105462449	6000000202261636845
Q105462450	6000000202272822826
Q105462451	6000000202262068876
Q105462454	6000000193140944833
Q105462459	6000000079368114363
Q105462461	6000000055746072887
Q105462462	6000000055737874855
Q105462464	6000000059180537833
Q105462471	6000000215403967840
Q105462478	6000000199858575915
Q105462480	6000000199859190826
Q105462484	6000000199860281821
Q105462485	6000000199862212851
Q105462486	6000000072216567838
Q105462487	6000000073768812313
Q105462488	6000000051930441040
Q105462495	6000000189643473831
Q105462501	6000000187512930864
Q105462504	6000000027631789882
Q105462507	6000000197343985822
Q105462508	6000000197344780860
Q105462510	6000000197344061823
Q105462511	6000000197345028833
Q105462512	6000000181414061866
Q105462515	6000000184655658863
Q105462518	6000000100971585870
Q105462531	6000000144567088821
Q105462538	6000000176907479878
Q105462539	6000000181387373832
Q105462547	6000000018923849002
Q105462550	5692415769320124109
Q105462554	6000000048921080841
Q105462557	5692414245790123485
Q105462558	6000000018923806052
Q105462559	6000000018281347654
Q105462565	6000000205785868821
Q105462568	6000000197416137826
Q105462573	6000000103846230003
Q105462574	6000000066153723248
Q105462575	6000000079853202863
Q105462576	6000000085690610929
Q105462577	6000000075723639821
Q105462579	6000000070753563905
Q105462582	4752514526140072001
Q105462583	6000000079853265821
Q105462585	6000000044170235999
Q105462586	6000000044169621475
Q105462588	6000000191141561821
Q105462591	6000000186566038831
Q105462592	6000000200637327856
Q105462593	6000000044102791927
Q105462594	6000000069790088868
Q105462596	6000000023469906940
Q105462597	6000000187749810942
Q105462598	6000000187672476821
Q105462599	6000000148167562830
Q105462600	6000000184327336865
Q105462602	6000000187617914832
Q105462603	6000000187511866872
Q105462604	6000000187615927927
Q105462607	6000000188004884876
Q105462608	6000000187725530914
Q105462609	6000000188005965829
Q105462612	6000000082670113875
Q105462615	6000000061068466821
Q105462617	6000000061059093822
Q105462623	6000000052206217929
Q105462624	6000000030707966735
Q105462627	6000000216805685866
Q105462628	6000000013000217711
Q105462629	6000000013000658795
Q105462631	6000000035979420647
Q105462636	6000000040739231933
Q105462639	6000000090130877996
Q105462644	6000000072513611888
Q105462649	6000000064203396054
Q105462651	6000000065659581821
Q105462656	6000000084605790911
Q105462657	6000000084596244825
Q105462658	6000000184964040823
Q105462659	6000000046989557369
Q105462661	6000000195061754821
Q105462662	6000000189605317823
Q105462663	6000000189599054852
Q105462665	6000000084615069845
Q105462667	6000000080811249825
Q105462668	6000000080814651375
Q105462670	6000000044360492948
Q105462671	6000000173918926469
Q105462672	6000000193274414840
Q105462675	6000000190301479821
Q105462676	6000000190297025822
Q105462677	6000000190297453845
Q105462678	6000000195947737827
Q105462680	6000000195946581921
Q105462684	6000000154647974832
Q105462685	6000000052213937195
Q105462686	6000000052174980082
Q105462694	6000000003401091697
Q105462700	6000000191979555825
Q105462708	6000000214678750831
Q105462709	6000000041696964970
Q105462713	6000000031353772179
Q105462714	6000000031353777967
Q105462716	6000000177235040830
Q105462718	6000000011383562305
Q105462729	6000000181356234828
Q105462733	6000000067157268872
Q105462737	6000000080811316033
Q105462739	6000000031253380499
Q105462746	6000000020978806715
Q105462747	6000000018894683400
Q105462748	6000000034199920155
Q105462749	6000000059760740137
Q105462750	6000000211290247821
Q105462754	6000000085308949894
Q105462766	6000000195339083831
Q105462767	6000000195338215936
Q105462768	6000000195338724878
Q105462771	6000000018478979128
Q105462772	6000000018478893721
Q105462780	6000000018475305256
Q105462795	6000000043682782961
Q105462796	6000000043683784925
Q105462803	6000000205267357839
Q105462813	6000000037859414149
Q105462815	6000000037850252617
Q105462821	6000000173933890373
Q105462841	6000000171805423262
Q105462845	6000000205487345848
Q105462850	6000000026463209232
Q105462855	6000000188839520947
Q105462865	6000000108721132870
Q105462879	6000000020397457195
Q105462884	6000000038337192924
Q105462886	6000000028848037099
Q105462895	6000000050178884024
Q105462900	6000000131677023026
Q105462903	6000000002802570889
Q105462916	6000000030224850937
Q105462926	6000000100862409199
Q105462935	6000000037335547222
Q105462938	6000000028869042870
Q105462955	6000000005171853001
Q105462960	6000000181057499844
Q105462961	6000000003562167352
Q105462969	6000000021558593533
Q105462976	6000000011874238588
Q105462987	6000000139496644070
Q105463000	6000000106873469070
Q105463002	6000000049851723942
Q105463004	6000000016455252043
Q105463006	6000000136023508018
Q105463014	6000000037600786074
Q105463017	6000000077294569003
Q105463019	6000000130469757229
Q105463021	6000000068078131821
Q105463024	6000000002388850452
Q105463032	6000000024526556999
Q105463044	6000000189146049851
Q105463047	6000000185657988981
Q105463051	6000000151265037821
Q105463053	6000000011439154022
Q105463053	6000000113874468883
Q105463057	6000000121633918841
Q105463059	6000000193607269821
Q105463065	6000000150000305832
Q10546307	6000000058591339557
Q105463073	6000000195342405996
Q105463075	6000000204739673854
Q105463085	6000000194222898832
Q105463088	6000000074758122927
Q105463090	6000000121634500902
Q105463106	6000000028616167254
Q105463114	6000000013261947944
Q105463122	6000000005083475840
Q105463124	6000000008734051755
Q105463131	6000000098973354013
Q105463143	6000000002685543154
Q105463155	6000000010726197264
Q105463159	6000000031077271619
Q105463168	6000000042967598876
Q105463175	6000000081945852836
Q105463179	6000000189462685830
Q105463195	6000000008590626128
Q105463198	6000000200694739821
Q105463220	6000000177736758829
Q105463224	6000000025709712126
Q105463245	6000000064485278855
Q105463251	6000000115414826868
Q105463254	6000000151442295982
Q105463265	6000000205044467828
Q105463276	6000000076450837965
Q105463285	6000000006374355011
Q105463294	6000000157625138923
Q105463296	6000000002802687081
Q105463312	6000000172833977216
Q105463316	6000000156803795872
Q105463319	6000000120576965821
Q105463325	6000000205917505890
Q105463327	6000000056223431984
Q105463341	6000000200899017896
Q105463349	6000000041009984944
Q105463353	6000000008427362296
Q105463363	6000000108868468183
Q105463367	6000000077199898034
Q105463393	6000000053124892889
Q105463405	6000000038111439682
Q105463415	6000000186053333352
Q105463419	6000000185502540028
Q105463421	6000000026936587906
Q105463427	6000000104515293015
Q105463432	6000000009795272176
Q105463447	6000000001202429008
Q105463450	6000000177358208921
Q105463476	6000000054529809179
Q105463484	6000000090334162854
Q105463485	5064721255020039590
Q105463488	6000000107627601019
Q105463489	6000000028103631411
Q105463508	6000000185645531373
Q105463523	6000000041317805017
Q105463529	6000000078615229201
Q105463533	6000000141155778001
Q105463541	6000000022391693781
Q105463544	6000000041186829003
Q105463555	6000000042885024823
Q105463556	6000000039402803864
Q105463567	6000000000120524031
Q105463582	6000000043632487144
Q105463585	6000000046128605900
Q105463589	6000000012397500213
Q105463619	6000000035172388861
Q105463621	6000000178495279834
Q105463627	6000000029733481879
Q105463635	6000000079839610192
Q105463637	6000000025055386122
Q105463639	6000000008890928862
Q105463642	6000000120690143857
Q105463646	6000000079247529971
Q105463648	6000000079833006855
Q105463654	6000000083838040821
Q105463656	6000000080948948905
Q105463664	6000000072170076626
Q105463665	6000000036431015101
Q105463666	6000000013029307057
Q105463671	6000000034715161062
Q105463672	6000000081744905996
Q105463683	6000000052182767523
Q105463691	6000000035981198930
Q105463693	6000000046990555075
Q105463697	6000000012349185466
Q105463699	6000000031264704434
Q105463703	6000000030023031219
Q105463723	6000000153048602869
Q105463731	6000000172014098566
Q105463737	6000000037865495725
Q105463750	6000000013564964091
Q105463755	6000000214992406830
Q105463834	6000000011437467785
Q105463851	6000000013061978425
Q105463854	6000000196798341938
Q105463857	6000000204824869918
Q105463862	6000000132594030568
Q105463863	303398647970001095
Q105463867	6000000185425605916
Q105463869	6000000052454202835
Q105463871	6000000080454732834
Q105463872	6000000120596465238
Q105463873	6000000027061047227
Q105463875	5060335250210052087
Q105463877	6000000002600155344
Q105463879	6000000173218752958
Q105463883	6000000216805868833
Q105463892	6000000018803346023
Q105463901	6000000001764121222
Q105463902	6000000012117166592
Q105463912	6000000077554902852
Q105463923	6000000031163696694
Q105463924	6000000030796530942
Q105463927	6000000044422504920
Q105463928	6000000202682587821
Q105463936	6000000076668760537
Q105463939	6000000087739973853
Q105463943	6000000034801129019
Q105463965	6000000146531681837
Q105463966	6000000031496505361
Q105463968	6000000024851026147
Q105463972	6000000012658591193
Q105463978	6000000178482539823
Q105463981	6000000139711808833
Q105463988	6000000186512168822
Q105463993	6000000194098375857
Q105463996	6000000185375405881
Q105463998	6000000049415325836
Q105463999	6000000150147113858
Q105464000	6000000084254269864
Q105464002	6000000022187283043
Q105464007	6000000066680852153
Q105464009	6000000046324786878
Q105464010	6000000022560330724
Q105464012	6000000038737219009
Q105464013	6000000076364659865
Q105464026	6000000037568468015
Q105464036	6000000182255888890
Q105464038	6000000058657961193
Q105464042	6000000001318184202
Q105464051	6000000066543143973
Q105464052	6000000028182310475
Q105464054	6000000211913192822
Q105464060	6000000008978218297
Q105464072	6000000203355804844
Q105464080	6000000127041895859
Q105464081	6000000197226225872
Q105464089	6000000204630010860
Q105464094	6000000148572357110
Q105464106	6000000170613736855
Q105464111	6000000060305140039
Q105464115	6000000176637809837
Q105464119	6000000022215976567
Q105464120	6000000204669048931
Q105464125	6000000179340653881
Q105464128	6000000038756898841
Q105464132	6000000182061447860
Q105464134	6000000066155014868
Q105464139	6000000128728403947
Q105464143	6000000105787124871
Q105464158	6000000173000998071
Q105464162	6000000174742037933
Q105464164	6000000055023449998
Q105464165	6000000089554126954
Q105464173	6000000039665840541
Q105464174	6000000180873152838
Q105464180	6000000186210122947
Q105464184	6000000191409836881
Q105464188	6000000059131131942
Q105464193	6000000192847749841
Q105464195	6000000075303719903
Q105464198	6000000151709108897
Q105464203	6000000038054963177
Q105464207	6000000000475293793
Q105464210	6000000201515110855
Q105464213	6000000205540620879
Q105464221	6000000122446630960
Q105464233	6000000004096177102
Q105464235	6000000022567407917
Q105464236	6000000170814635953
Q105464238	6000000031232082583
Q105464240	6000000082741250887
Q105464243	6000000011749404655
Q105464249	6000000172682566031
Q105464251	6000000092785833893
Q105464252	6000000195978728830
Q105464254	6000000055622453917
Q105464263	6000000003401091740
Q105464269	6000000181526259872
Q105464273	6000000208612910887
Q105464274	6000000177234957868
Q105464275	6000000001335708604
Q105464276	6000000032150711734
Q105464277	6000000031783653857
Q105464285	6000000048325773520
Q105464291	6000000181134249823
Q105464294	6000000011400647932
Q105464295	6000000097722597822
Q105464296	6000000036639603952
Q105464300	6000000058431970850
Q105464303	6000000180538077887
Q105464312	6000000090884709969
Q105464313	6000000090888394843
Q105464316	6000000090886179002
Q105464317	6000000216821165839
Q105464318	6000000216818231853
Q105464320	6000000212759560838
Q105464327	6000000129127663438
Q105464328	6000000077638098637
Q105464329	6000000195061643833
Q105464335	6000000124431518254
Q105464346	6000000026977214117
Q105464355	6000000049865874059
Q105464356	6000000044396346484
Q105464358	6000000003660010347
Q105464364	6000000174549599290
Q105464368	6000000074287486390
Q105464375	6000000151681144011
Q105464376	6000000022262806310
Q105464378	6000000003158349109
Q105464381	6000000011183344281
Q105464385	6000000201669985832
Q105464386	6000000028545902770
Q105464388	6000000185378493968
Q105464397	6000000007062966410
Q105464399	6000000173834910984
Q105464402	6000000046037983918
Q105464403	6000000002826864928
Q105464404	6000000113508029838
Q105464409	6000000185710759880
Q105464410	6000000039056242660
Q105464415	6000000013125057681
Q105464420	6000000008808257234
Q105464422	6000000199553453823
Q105464433	6000000185888011979
Q105464436	6000000094976004841
Q105464438	6000000175782960859
Q105464441	6000000199680994910
Q105464447	6000000008089790611
Q105464448	6000000148661788873
Q105464450	6000000175160172868
Q105464452	6000000078119025865
Q105464458	6000000207529176864
Q105464459	6000000207529712821
Q105464463	6000000039127831853
Q105464464	6000000027362755083
Q105464467	6000000069062098823
Q105464468	6000000174824508056
Q105464469	6000000013193352026
Q105464476	6000000036970267918
Q105464478	6000000058516033907
Q105464480	6000000185153562833
Q105464481	6000000019138714789
Q105464492	6000000055966356931
Q105464494	6000000200649143906
Q105464496	6000000179001025882
Q105464501	6000000208930788823
Q105464502	6000000208930670845
Q105464503	6000000208930560837
Q105464504	6000000176634724908
Q105464505	6000000187631705825
Q105464509	6000000027901357392
Q105464511	6000000177043303885
Q105464514	6000000083370286389
Q105464515	6000000057184956850
Q105464519	6000000009186690791
Q105464522	6000000007602421608
Q105464524	6000000060902070961
Q105464525	6000000185630506123
Q105464531	6000000105270971329
Q105464532	6000000059272574090
Q105464534	6000000002514673156
Q105464544	6000000168656815729
Q105464547	6000000040284679019
Q105464551	6000000007340270289
Q105464553	6000000112420330163
Q105464556	6000000174855885097
Q105464560	6000000179881715862
Q105464563	6000000148987848862
Q105464570	6000000065533018838
Q105464571	6000000092649634133
Q105464574	6000000034231532081
Q105464575	6000000026439632286
Q105464580	6000000041404770759
Q105464582	6000000066923382821
Q105464583	6000000180750096894
Q105464585	6000000183188748848
Q105464592	6000000026544901826
Q105464594	6000000026428062169
Q105464596	6000000198611647862
Q105464599	6000000000119556411
Q105464602	6000000108599840970
Q105464603	6000000181026307836
Q105464604	6000000041736483836
Q105464611	6000000048565486823
Q105464613	6000000159605517833
Q105464617	6000000205988261822
Q105464621	6000000034721103760
Q105464623	6000000031858305543
Q105464628	6000000060710486028
Q105464632	6000000037331911376
Q105464635	6000000015989227334
Q105464636	6000000011513759400
Q105464637	6000000004107560792
Q105464672	6000000088745892855
Q105464685	6000000187225202846
Q105464689	6000000035730745689
Q105464692	6000000080856221821
Q105464694	6000000215385586852
Q105464697	6000000081010508822
Q105464698	6000000009366200673
Q105464699	6000000011903655708
Q105464706	6000000065993145910
Q105464710	6000000061710087821
Q105464719	6000000032860826991
Q105464720	6000000017088552065
Q105464723	6000000054831450854
Q105464734	6000000029520080666
Q105464739	6000000150608953821
Q105464748	6000000025001289159
Q105464749	6000000016393260125
Q105464752	6000000088745892969
Q105464754	6000000177905939822
Q105464769	6000000072050307502
Q105464772	6000000026337191788
Q105464774	6000000026337666426
Q105464788	6000000177272810833
Q105464790	6000000020627223886
Q105464791	6000000017790618357
Q105464796	6000000034672089386
Q105464797	6000000016230696810
Q105464800	6000000013281827248
Q105464805	6000000024117440834
Q105464806	6000000001576350624
Q105464811	6000000015595116157
Q105464812	6000000015584212845
Q105464817	6000000005612832283
Q105464819	6000000210399820863
Q105464820	6000000075257203923
Q105464821	6000000075257127909
Q105464823	6000000073230986963
Q105464824	6000000062816435854
Q105464830	6000000173749382902
Q105464836	6000000091696412943
Q105464837	6000000195466135838
Q105464848	6000000195466378850
Q105464849	6000000016542753995
Q105464851	6000000090950862192
Q105464854	6000000026852047953
Q105464856	6000000018169683853
Q105464862	6000000032211927269
Q105464863	6000000032212315910
Q105464864	6000000032212093155
Q105464865	6000000009044256805
Q105464866	6000000032212051531
Q105464870	6000000121919412871
Q105464874	6000000020719968655
Q105464877	6000000132475158907
Q105464886	6000000116265037827
Q105464890	6000000022567485165
Q105464892	6000000075500893896
Q105464895	6000000041533971016
Q105464928	6000000022297274534
Q105464930	6000000041534436821
Q105464937	6000000182714569822
Q105464940	6000000016501205109
Q105464941	6000000008797034370
Q105464945	6000000007851880535
Q105464947	6000000188780278832
Q105464948	6000000169999628328
Q105464953	6000000205462456821
Q105464966	6000000188779945829
Q105464967	6000000170001233919
Q105464968	6000000048946195936
Q105464970	6000000048946107988
Q105464981	6000000027469405370
Q105464986	6000000008998046402
Q105464990	6000000018163269426
Q105465012	6000000043593069822
Q105465017	6000000017028345901
Q105465018	6000000017028387511
Q105465022	6000000030143693075
Q105465031	6000000002791368925
Q105465036	6000000023273270062
Q105465038	6000000077989279414
Q105465040	6000000077989664042
Q105465043	6000000011939252360
Q105465052	6000000007014385109
Q105465053	6000000007014401743
Q105465054	6000000206829838836
Q105465055	6000000194266249852
Q105465057	6000000076964340051
Q105465059	6000000146804779152
Q105465061	6000000206829846867
Q105465062	6000000092134353644
Q105465064	6000000206829864828
Q105465065	6000000038571152076
Q105465067	6000000038570837586
Q105465072	6000000001888972169
Q105465073	6000000015589792889
Q105465080	6000000152733904144
Q105465083	6000000003328609491
Q105465086	6000000069513287856
Q105465088	6000000197137978828
Q105465092	6000000182768967822
Q105465094	6000000025298482486
Q105465095	6000000025298860264
Q105465098	6000000025298737660
Q105465103	6000000080769046002
Q105465107	6000000080768223601
Q105465113	6000000056539763867
Q105465115	6000000048967363930
Q105465122	6000000011016918038
Q105465124	6000000011016985267
Q105465129	6000000037834174569
Q105465131	6000000012161889295
Q105465133	6000000055022724088
Q105465134	6000000089311039863
Q105465142	6000000068425735821
Q105465149	6000000024921145449
Q105465154	6000000013485196059
Q105465155	6000000017338093790
Q105465161	6000000019340476779
Q105465163	6000000048753929017
Q105465166	6000000048754061864
Q105465168	6000000075208477082
Q105465169	6000000014416267853
Q105465171	6000000013485097624
Q105465177	6000000097635478134
Q105465181	6000000024545084236
Q105465182	6000000014928885873
Q105465183	6000000016497076160
Q105465195	6000000036836081843
Q105465198	6000000027019416708
Q105465207	6000000019311923564
Q105465210	6000000024684628399
Q105465212	6000000204022667821
Q105465216	6000000016796166059
Q105465218	6000000011238500256
Q105465220	6000000176303994894
Q105465225	6000000084782521933
Q105465237	6000000019311687819
Q105465249	6000000039374867101
Q105465251	6000000097636002098
Q105465257	6000000181960279865
Q105465258	6000000027019499130
Q105465260	6000000007375430427
Q105465265	6000000007575202187
Q105465269	6000000004372580308
Q105465271	6000000004041415380
Q105465279	6000000070675907899
Q105465280	6000000141860670821
Q105465285	6000000012213696615
Q105465288	6000000012213628925
Q105465301	6000000187944686856
Q105465302	6000000199790930882
Q105465303	6000000199791428845
Q105465309	6000000191860808843
Q105465316	6000000028929712783
Q105465318	6000000216759838822
Q105465319	6000000216759825833
Q105465320	6000000069483355911
Q105465322	6000000185677478965
Q105465324	6000000192122180852
Q105465325	6000000164322737093
Q105465334	6000000023575277571
Q105465341	6000000019255130018
Q105465342	6000000019546203200
Q105465345	6000000019254674856
Q105465346	6000000013910014196
Q105465349	6000000022290110340
Q105465350	6000000000872721316
Q105465354	6000000022289902540
Q105465356	308508526060006444
Q105465358	6000000062140045986
Q105465359	6000000177135404904
Q105465362	6000000031754110991
Q105465364	6000000031754160087
Q105465365	6000000170073921957
Q105465366	6000000170072430168
Q105465369	6000000114067621829
Q105465370	6000000009619202457
Q105465372	6000000026519542061
Q105465378	6000000031090161869
Q105465381	6000000038132101026
Q105465382	6000000084367735977
Q105465383	6000000189077780825
Q105465388	6000000051688720011
Q105465389	6000000189078008827
Q105465390	6000000189077747859
Q105465400	6000000202437307826
Q105465404	6000000187940486874
Q105465407	6000000205298822827
Q105465415	6000000202437430827
Q105465417	6000000019339822978
Q105465435	6000000001662701095
Q105465436	6000000042012954043
Q105465439	6000000026906123040
Q105465449	6000000013998828440
Q105465467	6000000179719818947
Q105465468	6000000086092929828
Q105465473	6000000086092901824
Q105465479	6000000179719958879
Q105465486	2465256
Q105465488	6000000015201059911
Q105465490	6000000191813635850
Q105465495	6000000043335498207
Q105465499	6000000093055457379
Q105465500	6000000023515973874
Q105465503	6000000031898714631
Q105465504	6000000024091383849
Q105465505	6000000019703676732
Q105465509	6000000078412302858
Q105465510	6000000209508491827
Q105465517	6000000114611119822
Q105465518	6000000037833155273
Q105465523	6000000031852380717
Q105465524	6000000041905055352
Q105465525	6000000037007610407
Q105465530	6000000195408882850
Q105465534	6000000023711196077
Q105465552	6000000068607719879
Q105465553	6000000023515902962
Q105465556	6000000014232202195
Q105465565	6000000031852765172
Q105465576	6000000077567109965
Q105465579	6000000019499941523
Q105465581	6000000007316917762
Q105465582	6000000023638149740
Q105465586	6000000155266335824
Q105465589	6000000160647722822
Q105465596	6000000205556229851
Q105465597	6000000012775813689
Q105465602	6000000177990890823
Q105465607	6000000176466743821
Q105465608	6000000012711143351
Q105465611	6000000089978153070
Q105465616	6000000192806823850
Q105465620	6000000012711170253
Q105465626	6000000114611258833
Q105465633	4554856122420081833
Q105465635	6000000026109824018
Q105465641	6000000208882011828
Q105465646	6000000036747521365
Q105465653	6000000012984281301
Q105465662	6000000112855457821
Q105465668	4554852020760033312
Q105465672	2465260
Q105465679	6000000195283284830
Q105465686	6000000121976369033
Q105465689	6000000033701495272
Q105465701	6000000189768684864
Q105465706	6000000177989823852
Q105465707	6000000036748061056
Q105465714	6000000205428212851
Q105465717	6000000084637056987
Q105465718	6000000210509962821
Q105465720	6000000017222558092
Q105465723	6000000063211610865
Q105465726	6000000021047596871
Q105465728	6000000063211821856
Q105465733	6000000017617301740
Q105465735	6000000186118843869
Q105465745	6000000018061302039
Q105465751	6000000025467758692
Q105465753	6000000211105882829
Q105465755	6000000056166204221
Q105465758	6000000194936976822
Q105465763	6000000146720982940
Q105465768	6000000194936302876
Q105465770	6000000100745573821
Q105465777	6000000040470508176
Q105465778	6000000041108192676
Q105465779	6000000030772595829
Q105465782	6000000075649843866
Q105465784	6000000039000784121
Q105465785	6000000138538086990
Q105465786	5519242841430049239
Q105465788	6000000033961479943
Q105465792	6000000103686104895
Q105465802	6000000162570646833
Q105465805	6000000025986675963
Q105465813	6000000010513181814
Q105465815	6000000024502280998
Q105465816	6000000009385394016
Q105465825	6000000025439306392
Q105465826	6000000025438096747
Q105465827	6000000176632594870
Q105465828	6000000021050111939
Q105465829	6000000020830688750
Q105465831	6000000021049909398
Q105465832	6000000079496938966
Q105465833	6000000036757504186
Q105465835	6000000010920017752
Q105465836	6000000026015288604
Q105465838	6000000049694346911
Q105465839	6000000048330852859
Q105465841	6000000030472065603
Q105465842	6000000009375876810
Q105465843	6000000010192882458
Q105465844	6000000075557816933
Q105465849	6000000047849260976
Q105465850	6000000047849103059
Q105465861	6000000176504426846
Q105465863	6000000020736068153
Q105465867	6000000022789931210
Q105465868	6000000022789339469
Q105465869	6000000073415859186
Q105465870	6000000028682706050
Q105465871	6000000012312238503
Q105465872	6000000018407316792
Q105465877	6000000012312613244
Q105465881	6000000068084205140
Q105465886	6000000089706521830
Q105465888	6000000089705964971
Q105465891	6000000190910504951
Q105465892	6000000007014376794
Q105465896	6000000015243118565
Q105465897	6000000202667090851
Q105465898	6000000029115317444
Q105465899	6000000028689202958
Q105465900	6000000023028568895
Q105465902	6000000029115588996
Q105465904	6000000023028433263
Q105465909	6000000052886466053
Q105465910	6000000154483418221
Q105465914	6000000013310160505
Q105465915	6000000085756399373
Q105465916	6000000085757541069
Q105465919	6000000195334578821
Q105465924	6000000196991170831
Q105465925	6000000026449296058
Q105465930	6000000063316210003
Q105465932	6000000091695230062
Q105465941	6000000016937709907
Q105465943	6000000014524514772
Q105465951	6000000012997120752
Q105465955	6000000040045320674
Q105465956	6000000040045389351
Q105465957	6000000024817065691
Q105465959	6000000072714567873
Q105465960	6000000195117500857
Q105465964	6000000045528202873
Q105465966	6000000017983582783
Q105465972	6000000068805981852
Q105465981	6000000021699145282
Q105465985	6000000209110479882
Q105465986	6000000029485953701
Q105465988	6000000029487562447
Q105465989	6000000079573194894
Q105466000	6000000012738202041
Q105466003	6000000021118973664
Q105466010	6000000009648929009
Q105466016	6000000039268334326
Q105466018	6000000018127844725
Q105466025	6000000079418165076
Q105466026	6000000010207884428
Q105466029	6000000022854646275
Q105466033	6000000021478050584
Q105466039	6000000016023229828
Q105466042	6000000018378605874
Q105466045	6000000026589314486
Q105466049	328989422950002313
Q105466055	6000000017026138045
Q105466068	6000000175932843845
Q105466069	6000000040015824307
Q105466073	6000000094349590827
Q105466076	6000000022234436098
Q105466078	6000000007316929073
Q105466080	6000000007316929078
Q105466089	6000000112259989821
Q105466091	6000000179979183849
Q105466097	6000000190683264847
Q105466099	6000000190683335878
Q105466102	6000000079419369411
Q105466110	6000000033793668896
Q105466111	6000000022162393532
Q105466112	6000000022173390978
Q105466131	6000000041110462373
Q105466132	6000000070949682930
Q105466134	6000000080536894038
Q105466135	6000000023724709250
Q105466137	6000000020870741147
Q105466153	6000000141160310217
Q105466154	6000000141163068862
Q105466156	6000000012840296418
Q105466158	6000000038967020306
Q105466162	6000000093410635610
Q105466173	6000000018174884647
Q105466176	6000000149872202898
Q105466178	6000000015997345093
Q105466181	6000000012472133201
Q105466182	6000000171746910460
Q105466188	6000000179391696845
Q105466189	6000000020746677377
Q105466190	6000000205487801836
Q105466194	6000000019071732706
Q105466195	6000000024183174711
Q105466196	6000000012973795603
Q105466199	6000000019071448840
Q105466200	6000000201933372826
Q105466202	6000000174259952883
Q105466206	6000000013245161304
Q105466208	6000000025807579857
Q105466209	6000000034038467052
Q105466210	6000000034038772998
Q105466211	6000000034038901015
Q105466213	6000000026187174322
Q105466219	6000000146790887029
Q105466223	6000000019792710160
Q105466225	6000000028948589954
Q105466228	6000000192175007871
Q105466236	6000000021043198246
Q105466243	6000000043240760847
Q105466244	6000000027985985982
Q105466245	6000000038617083147
Q105466247	6000000013355759009
Q105466250	6000000007316928637
Q105466254	6000000025689001987
Q105466255	6000000053892322963
Q105466262	6000000013745502249
Q105466263	6000000013745531114
Q105466265	6000000036201827556
Q105466266	6000000036201406461
Q105466268	6000000036201974162
Q105466269	6000000001372074659
Q105466271	6000000011982185496
Q105466273	6000000036201309730
Q105466284	6000000203905797821
Q105466287	6000000203905228907
Q105466288	6000000198442261821
Q105466292	6000000020275449560
Q105466295	6000000028496712561
Q105466296	6000000020275071771
Q105466297	6000000028496997261
Q105466300	6000000012107533858
Q105466302	6000000173786295837
Q105466308	6000000016871812811
Q105466309	6000000036488848834
Q105466327	6000000013948742038
Q105466335	6000000017103569110
Q105466336	6000000080121652232
Q105466337	6000000078581209974
Q105466338	6000000017103469163
Q105466341	6000000173350296877
Q105466345	6000000007050382099
Q105466347	6000000179458726856
Q105466350	6000000179458245863
Q105466357	6000000182135125821
Q105466363	6000000004023147699
Q105466364	6000000004074430200
Q105466368	6000000014013643332
Q105466371	6000000186333104112
Q105466373	6000000011863802011
Q105466374	6000000002765697666
Q105466378	6000000020789515739
Q105466379	6000000175735424871
Q105466385	6000000002765697705
Q105466386	6000000023807933851
Q105466387	6000000011863789085
Q105466390	6000000023807817048
Q105466393	6000000037574601241
Q105466397	6000000026310058346
Q105466398	6000000017533326541
Q105466399	6000000017533710299
Q105466400	6000000017533766199
Q105466401	6000000017533553757
Q105466402	6000000017533523889
Q105466405	6000000176125742954
Q105466407	6000000047501970134
Q105466408	6000000120430309857
Q105466413	6000000037032090229
Q105466416	6000000117381838865
Q105466417	6000000035646601161
Q105466419	6000000175772122823
Q105466421	326082531640001061
Q105466428	6000000010878783572
Q105466429	6000000010516361893
Q105466430	6000000009816408325
Q105466435	6000000016213476034
Q105466436	6000000062840764888
Q105466437	6000000034804311456
Q105466441	6000000189948985840
Q105466442	6000000189949090849
Q105466445	6000000022664460294
Q105466449	6000000023068084358
Q105466452	6000000186690299823
Q105466454	6000000078074934986
Q105466455	6000000186690206840
Q105466456	6000000186817116837
Q105466458	6000000050128522846
Q105466464	6000000074374590932
Q105466465	6000000017470810547
Q105466466	6000000084310497083
Q105466472	6000000067391695872
Q105466473	6000000088025549864
Q105466474	6000000199179218823
Q105466480	6000000199178867883
Q105466483	6000000010894247182
Q105466484	6000000201239789835
Q105466486	6000000009703507647
Q105466489	6000000089075376872
Q105466499	6000000203997267823
Q105466500	6000000203997576821
Q105466502	6000000025903750423
Q105466503	6000000020292905213
Q105466508	6000000193969216883
Q105466511	6000000036336285807
Q105466512	6000000041787417882
Q105466518	6000000087850782892
Q105466520	6000000019937393024
Q105466521	6000000018254506457
Q105466523	6000000085038968910
Q105466526	6000000025989780317
Q105466527	6000000079101359231
Q105466529	6000000010129227439
Q105466532	6000000023980163848
Q105466537	6000000030102110823
Q105466539	6000000011402449267
Q105466542	6000000134029217833
Q105466546	6000000134028613930
Q105466549	6000000174614596010
Q105466550	6000000024344724532
Q105466552	6000000024345071254
Q105466557	6000000042027601839
Q105466559	6000000019402063196
Q105466560	6000000019402270032
Q105466569	6000000014352378575
Q105466571	6000000014360128303
Q105466572	6000000014566205037
Q105466575	6000000061230245390
Q105466579	6000000026283651489
Q105466580	6000000018586466383
Q105466581	6000000018586303422
Q105466583	6000000002215910825
Q105466587	6000000026284063110
Q105466590	6000000091763426128
Q105466591	6000000091763694935
Q105466593	6000000012252713123
Q105466594	6000000032248370877
Q105466595	6000000032213326122
Q105466598	6000000067084009059
Q105466604	6000000089090685022
Q105466606	6000000006445891644
Q105466608	6000000029411932140
Q105466609	6000000100843806864
Q105466610	6000000181932083822
Q105466612	6000000021489923279
Q105466614	6000000008966275740
Q105466615	6000000006132469531
Q105466616	6000000008966881509
Q105466625	6000000040265665601
Q105466633	6000000032719512021
Q105466634	6000000023699113854
Q105466635	6000000031302565703
Q105466636	6000000076932686719
Q105466641	6000000013484122887
Q105466643	6000000020972769798
Q105466645	6000000053484590928
Q105466649	6000000008281433805
Q105466650	6000000186128162924
Q105466651	6000000019061208184
Q105466652	6000000007744703960
Q105466653	6000000019061248102
Q105466660	6000000045973405279
Q105466663	6000000102473871832
Q105466669	6000000020490864695
Q105466670	6000000012213605835
Q105466671	6000000191035141942
Q105466673	6000000043483926154
Q105466676	6000000108661931928
Q105466677	6000000015444451389
Q105466681	6000000038572052915
Q105466685	6000000011734822539
Q105466687	6000000040902235533
Q105466693	6000000002215936553
Q105466696	6000000198589755823
Q105466697	6000000010018508298
Q105466701	6000000064813804355
Q105466702	6000000064814135212
Q105466704	6000000025460834028
Q105466705	6000000077589433901
Q105466706	6000000183469880826
Q105466707	6000000076549774916
Q105466709	6000000076548856942
Q105466711	6000000078288606600
Q105466713	6000000016932761450
Q105466716	6000000181043929889
Q105466721	6000000187226165846
Q105466722	6000000187182828848
Q105466724	6000000187183057846
Q105466726	6000000187183187849
Q105466729	6000000058100537846
Q105466736	6000000002033989113
Q105466737	6000000002033989344
Q105466738	6000000002033984754
Q105466747	6000000039642140907
Q105466753	4593900157270072891
Q105466763	6000000079583934972
Q105466765	6000000017857270109
Q105466767	6000000017858026050
Q105466770	6000000211557393850
Q105466771	6000000211557098844
Q105466772	6000000211557349840
Q105466782	6000000207445481837
Q105466783	6000000017533749184
Q105466784	6000000027106364871
Q105466786	6000000015734041747
Q105466787	6000000204096759828
Q105466791	6000000204096940830
Q105466792	6000000015734334163
Q105466795	6000000202157868822
Q105466797	6000000036201827422
Q105466803	6000000015733957966
Q105466806	6000000017190955645
Q105466811	6000000043325813087
Q105466812	6000000016818243369
Q105466815	6000000197385036822
Q105466816	6000000197385170828
Q105466822	6000000011127004579
Q105466823	6000000011198894534
Q105466826	6000000011198853800
Q105466827	6000000033958037675
Q105466828	6000000033958553395
Q105466833	6000000035629232052
Q105466835	6000000026390137419
Q105466836	6000000026389920063
Q105466837	6000000085842907873
Q105466841	6000000049681615847
Q105466842	6000000012999734573
Q105466848	6000000025719347365
Q105466849	6000000013205995603
Q105466850	6000000020275686822
Q105466851	6000000185296772841
Q105466857	6000000020484785489
Q10546686	6000000077553010161
Q105466860	6000000078242796899
Q105466861	6000000182612281823
Q105466865	6000000013322863730
Q105466866	6000000038788915888
Q105466869	6000000046701091209
Q105466871	6000000076113493854
Q105466873	6000000076113568832
Q105466880	6000000082355041015
Q105466897	6000000025284670394
Q105466898	6000000025284215447
Q105466899	6000000017796316029
Q105466901	6000000017760535006
Q105466902	6000000015561265457
Q105466903	6000000029550640442
Q105466904	6000000015561242343
Q105466908	6000000017774440149
Q105466911	6000000012502540752
Q105466912	6000000013157242021
Q105466913	6000000017774284270
Q105466915	6000000034280759688
Q105466916	6000000211795321821
Q105466927	6000000016871476530
Q105466928	6000000031269972632
Q10546693	6000000217362772859
Q105466934	6000000125962529849
Q105466936	6000000018128046828
Q105466939	6000000020027038338
Q105466942	6000000038338635602
Q105466946	6000000018129131271
Q105466951	6000000010917823429
Q105466952	6000000019559035548
Q105466953	6000000016317041883
Q105466956	6000000087216181821
Q105466957	6000000012942801350
Q105466958	6000000031992901123
Q105466960	6000000030180374081
Q105466962	6000000007908494224
Q105466963	6000000010210945281
Q105466965	6000000179064596822
Q105466966	6000000018444820675
Q105466968	6000000010210945297
Q105466970	6000000021415308559
Q105466976	4519661285640122876
Q105466977	6000000012942664093
Q105466982	6000000185720444837
Q105466992	6000000030180370186
Q105466996	6000000102362441834
Q105466997	6000000038423434973
Q105467010	6000000023898007992
Q10546743	6000000007049164842
Q10546749	6000000086798734181
Q10546755	6000000075248436168
Q105468415	6000000006127872347
Q105468447	6000000039967557461
Q105468720	6000000018572223435
Q105468861	6000000006986481143
Q105468989	6000000056588332436
Q105468992	6000000040956720405
Q105469000	6000000035563350226
Q105469003	6000000081721380850
Q105469004	6000000009003465081
Q105469009	6000000136920402894
Q105469010	6000000046385880153
Q105469011	6000000018329103349
Q105469012	6000000013162974270
Q105469015	6000000010977203012
Q105469063	6000000079807883821
Q105469066	6000000063965925821
Q105469072	6000000019120188790
Q105469079	6000000128331173821
Q105469083	6000000164249511076
Q105469086	6000000164250714865
Q105469121	6000000069988189022
Q105469122	6000000069713605240
Q105469123	6000000020380995110
Q105469124	6000000020380598594
Q105469134	6000000007556157921
Q105469135	6000000058319864824
Q105469141	6000000021249073254
Q105469154	6000000009949761346
Q105469155	6000000209613983940
Q105469160	6000000014498986656
Q105469161	6000000018986135606
Q105469165	6000000020586400881
Q105469169	6000000011080681262
Q105469171	6000000013207105231
Q105469172	6000000012860625576
Q105469173	6000000026628087897
Q105469175	6000000018986052862
Q105469178	6000000026629896033
Q105469182	6000000013414980419
Q105469183	6000000026627013337
Q105469184	6000000025661447880
Q105469185	6000000013414237176
Q105469186	6000000045140199880
Q105469197	6000000040700883914
Q105469198	6000000025997741827
Q105469199	6000000087603820866
Q105469200	6000000038608997079
Q105469201	6000000002033989565
Q105469203	6000000040512390806
Q105469204	6000000036269135492
Q105469205	6000000205751883862
Q105469210	6000000187867295890
Q105469254	6000000024715172155
Q105469261	6000000180812982326
Q105469266	6000000030101399255
Q105469267	6000000030101547327
Q105469271	6000000037636606211
Q105469272	6000000019572725821
Q105469281	6000000188525872890
Q105469283	6000000022049099629
Q105469284	6000000022051568204
Q105469285	6000000013206072514
Q105469287	6000000019573142868
Q105469288	6000000104982496898
Q105469293	6000000047587567850
Q105469294	6000000187617153842
Q105469297	6000000033717598188
Q105469301	6000000037176075560
Q105469303	6000000047587080263
Q105469307	6000000205479625877
Q105469311	6000000010401356572
Q105469323	6000000016694374150
Q105469324	6000000011016611536
Q105469326	6000000018061552842
Q105469327	6000000025705251420
Q105469335	6000000025705204240
Q105469337	6000000018061763873
Q105469341	6000000184432632821
Q105469342	6000000038014355534
Q105469343	6000000022703660956
Q105469344	6000000058714757870
Q105469348	6000000103636465031
Q105469360	6000000020624433644
Q105469363	6000000015198836584
Q105469365	6000000023496828029
Q105469372	6000000015771843536
Q105469378	371120816830002509
Q105469379	6000000177580674871
Q105469381	6000000177581699845
Q105469386	6000000025057187357
Q105469387	6000000077852267879
Q105469389	6000000049831117140
Q105469394	6000000025057379749
Q105469396	6000000020114222823
Q105469397	6000000020114844012
Q105469400	6000000073604259827
Q105469402	6000000045266642864
Q105469403	6000000008658711787
Q105469413	6000000037561485466
Q105469415	6000000146845669844
Q105469420	6000000049988678849
Q105469422	6000000177775959822
Q105469423	6000000177775982827
Q105469428	6000000213856734835
Q105469433	6000000031075372411
Q105469434	6000000017854603919
Q105469444	6000000112249571876
Q105469446	6000000194908632841
Q105469452	6000000043936336896
Q105469457	6000000014443549512
Q105469459	6000000091404255898
Q105469465	6000000195730489840
Q105469471	6000000007316847326
Q105469475	6000000030101435816
Q105469480	6000000030571604084
Q105469489	6000000184748139821
Q105469494	6000000009514521986
Q105469496	6000000028613815916
Q105469502	6000000017906258240
Q105469504	6000000040202947592
Q105469506	6000000030413649043
Q105469509	6000000072724575014
Q105469519	6000000107517872894
Q105469526	6000000011405546453
Q105469529	6000000027774933080
Q105469533	6000000040176325565
Q105469542	6000000039335826379
Q105469543	6000000017588481616
Q105469548	6000000059601081133
Q105469551	6000000007218563876
Q105469567	6000000019258161770
Q105469568	6000000016435639558
Q105469572	6000000005784386029
Q105469574	6000000016435534612
Q105469575	6000000025227058038
Q105469586	6000000194318789822
Q105469588	6000000031322104934
Q105469593	6000000189057216840
Q105469605	3149161
Q105469609	6000000019309757573
Q105469634	6000000182966219821
Q105469645	6000000070651189445
Q105469648	6000000019116831448
Q105469650	6000000023427254002
Q105469652	6000000023865652947
Q105469659	6000000014485452859
Q105469661	6000000062945088829
Q105469662	6000000052187707242
Q105469663	6000000163559472875
Q105469667	6000000083536828208
Q105469673	6000000195942400828
Q105469676	6000000054632584914
Q105469680	6000000132563573894
Q105469683	6000000010909628208
Q105469691	6000000040954257296
Q105469696	6000000043678591878
Q105469701	6000000072029600454
Q105469702	6000000072029692346
Q105469703	6000000142936395632
Q105469704	6000000009579958151
Q105469705	6000000021514334608
Q105469708	6000000017868774125
Q105469715	6000000151497194821
Q105469720	6000000014695889344
Q105469722	6000000023699352240
Q105469726	6000000213632234821
Q105469727	6000000213632298840
Q105469733	6000000009420285477
Q105469736	6000000036984603371
Q105469737	6000000040872783593
Q105469738	6000000011470760035
Q105469741	6000000013486633988
Q105469742	6000000076510959823
Q105469748	6000000025767090230
Q105469749	6000000010374031596
Q105469751	6000000024358997095
Q105469756	6000000173220925649
Q105469757	6000000113122462966
Q105469758	6000000035895479249
Q105469762	6000000179680697850
Q105469765	6000000179677994958
Q105469766	6000000187064956821
Q105469768	6000000173796577132
Q105469769	6000000192367769823
Q105469770	6000000026173034921
Q105469772	6000000109742203877
Q105469773	6000000075304732833
Q105469774	6000000026593087319
Q105469775	6000000067239809638
Q105469776	6000000077640092589
Q105469777	6000000021064243654
Q105469779	6000000077640815897
Q105469780	6000000110500207902
Q105469781	6000000022975956836
Q105469783	6000000184611317905
Q105469784	6000000177713574856
Q105469787	6000000042303969443
Q105469789	6000000035895524240
Q105469790	6000000182484907826
Q105469796	6000000031550267250
Q105469797	6000000031550208703
Q105469798	6000000040264393909
Q105469800	6000000029913892302
Q105469808	6000000013243604874
Q105469819	6000000028831165174
Q105469821	6000000081513080892
Q105469828	6000000014201249145
Q105469830	6000000024212510735
Q105469835	6000000012600557206
Q105469836	6000000103325029272
Q105469838	6000000094623640862
Q105469841	6000000110068747044
Q105469845	6000000015106451660
Q105469865	6000000015736957531
Q105469867	6000000003121129386
Q105469869	6000000094625693822
Q105469880	6000000039831608865
Q105469881	6000000091518661266
Q105469882	6000000120878886904
Q105469883	6000000204032544821
Q105469890	6000000081708011051
Q105469894	6000000011648349642
Q105469905	6000000172758282949
Q105469909	6000000053261612887
Q105469914	6000000048480454981
Q105469915	6000000014913360234
Q105469916	6000000077405288299
Q105469918	6000000039191009957
Q105469921	6000000002765600588
Q105469922	6000000002765654776
Q105469924	6000000017032342140
Q105469928	6000000046420205040
Q105469929	6000000181375300840
Q105469932	6000000008781535427
Q105469933	6000000021489394031
Q105469942	6000000061809255821
Q105469945	6000000108744076898
Q105469947	6000000061807812827
Q105469949	6000000013493057923
Q105469951	6000000207255316856
Q105469952	6000000002388824822
Q105469954	6000000031028328594
Q105469955	6000000026026539918
Q105469960	6000000018389829228
Q105469961	6000000031754021103
Q105469968	6000000179946630844
Q105469969	6000000179947065826
Q105469972	6000000082437024987
Q105469974	5108174227260103341
Q105469980	6000000084225583854
Q105469982	6000000002778250780
Q105469983	6000000026188201479
Q105469984	6000000013955265003
Q105469985	6000000026188307954
Q105469986	6000000023466149045
Q105469988	6000000044846647921
Q105469990	6000000042012604312
Q105469991	6000000038181403976
Q105469992	6000000042012859866
Q105469993	6000000050836518980
Q105469994	6000000038180772731
Q105469996	6000000021928114573
Q105470000	6000000194490833825
Q105470005	6000000037150451514
Q105470008	6000000180908020831
Q105470009	6000000208884066834
Q105470015	6000000019034244327
Q105470020	6000000186424516822
Q105470021	6000000040677764540
Q105470024	6000000040677734446
Q105470028	6000000024387387753
Q105470033	6000000082966208712
Q105470038	6000000194444983888
Q105470039	6000000189954556821
Q105470044	6000000010551018947
Q105470046	6000000055023328926
Q105470049	6000000012870427008
Q105470050	6000000144204474920
Q105470052	6000000008223059789
Q105470053	6000000208601740846
Q105470055	6000000019893915161
Q105470057	6000000080700826823
Q10547006	6000000161830156846
Q105470074	6000000066747742859
Q105470077	6000000010875410706
Q105470078	6000000009695717725
Q105470081	6000000034236107506
Q105470090	6000000204224389862
Q105470091	4528133350020070422
Q105470092	6000000096324495964
Q105470093	6000000017352420752
Q105470096	6000000015292448380
Q105470100	6000000175736217821
Q105470107	6000000022360774230
Q105470111	6000000204225039825
Q105470112	6000000025919721486
Q105470114	6000000009511244695
Q105470115	6000000007014434473
Q105470118	6000000020136100020
Q105470120	6000000077703918996
Q105470125	6000000020768441746
Q105470126	6000000015865841236
Q105470130	6000000154586028821
Q105470138	6000000041542462715
Q105470468	6000000172521089608
Q10547055	6000000006565136074
Q105470718	6000000019080577733
Q105470739	6000000025439998169
Q105470760	6000000127339941833
Q105470923	6000000023075392129
Q105470924	6000000009440346533
Q105470925	6000000010162394217
Q105470928	6000000023075264947
Q105470929	6000000020682680587
Q105470930	6000000021770675575
Q105470931	6000000021770675580
Q105470932	6000000021770500599
Q105470938	6000000025633924324
Q105470940	6000000010932982838
Q105470941	6000000202014251885
Q105470942	6000000082569131896
Q105470943	6000000192388755866
Q105470945	6000000192388731849
Q105470955	6000000106960578866
Q105470956	6000000031401438301
Q105470957	6000000031401990880
Q105470961	6000000010043402797
Q105470962	6000000010043402794
Q105470963	6000000022802185157
Q105470966	6000000054666706824
Q105470968	6000000054666126946
Q105470969	6000000147536212821
Q105470970	6000000009377521919
Q105470971	6000000017719529489
Q105470975	6000000038858342098
Q105470982	6000000025866767657
Q105470988	6000000000732202717
Q105470992	6000000203247219856
Q105470994	6000000000727714078
Q105470995	6000000183388817830
Q105471001	6000000096992072977
Q105471003	6000000000727644080
Q105471004	6000000025867773291
Q105471007	6000000029222454797
Q105471020	6000000050797303821
Q105471029	6000000046653893868
Q105471030	6000000030688074518
Q105471033	6000000013937031205
Q105471040	6000000047898779870
Q105471043	6000000048613675821
Q105471046	6000000015699212212
Q105471047	6000000027036018685
Q105471049	6000000013485192136
Q105471050	355749465610012345
Q105471053	6000000009679591498
Q105471055	6000000033688878645
Q105471056	6000000013936926759
Q105471058	6000000013937046005
Q105471060	6000000016439417932
Q105471069	6000000009870784659
Q105471071	6000000032978637912
Q105471072	6000000083368733823
Q105471078	6000000016987619579
Q105471080	6000000195029676848
Q105471082	6000000047938928912
Q105471083	6000000014443328937
Q105471085	6000000016185472631
Q105471092	6000000024420313278
Q105471097	6000000174160418149
Q105471101	6000000200131003848
Q105471102	6000000197887237868
Q105471110	6000000190281790821
Q105471120	6000000022295251968
Q105471122	6000000017938678415
Q105471126	6000000098105462943
Q105471128	6000000098105462937
Q105471129	6000000020442971737
Q105471130	6000000042599289531
Q105471138	6000000040794420200
Q105471140	6000000178259533829
Q105471154	6000000021602359278
Q105471155	6000000059649474821
Q105471160	6000000020867864180
Q105471166	6000000025513259033
Q105471167	6000000024852873620
Q105471169	6000000024856214475
Q105471172	6000000009676163428
Q105471173	6000000019936933447
Q105471175	6000000019936963560
Q105471177	6000000018205294447
Q105471185	6000000111426634914
Q105471189	6000000111426838838
Q105471194	6000000180290626821
Q105471197	6000000025617912447
Q105471198	6000000022581539899
Q105471213	6000000036119882050
Q105471214	6000000025928836223
Q105471216	6000000049539215966
Q105471219	6000000194119882823
Q105471220	6000000194119801838
Q105471222	6000000084593143957
Q105471224	6000000177140423911
Q105471225	6000000035133592240
Q105471226	6000000065036522022
Q105471227	6000000012840470569
Q105471228	6000000012840347096
Q105471231	6000000032106838409
Q105471232	6000000013308684058
Q105471236	6000000026653040231
Q105471240	6000000026664674836
Q105471241	6000000026664641888
Q105471244	6000000009945125684
Q105471247	6000000066475660881
Q105471255	6000000019003496806
Q105471256	6000000016928102159
Q105471260	6000000015871276920
Q105471261	6000000010520654744
Q105471264	6000000173309267957
Q105471265	6000000089704112860
Q105471266	6000000108100658827
Q105471267	6000000024635579128
Q105471272	6000000024701226773
Q105471277	6000000012514305201
Q105471290	6000000213690660828
Q105471291	6000000019125354727
Q105471293	6000000019124187976
Q105471295	6000000021055964709
Q105471298	6000000183208504830
Q105471301	6000000020691562118
Q105471315	6000000020277125475
Q105471316	6000000205761774893
Q105471325	6000000015243706084
Q105471327	6000000021055650366
Q105471332	6000000194488757854
Q105471334	6000000023192358643
Q105471346	6000000018305309744
Q105471353	6000000051509536665
Q105471354	6000000051510242276
Q105471356	6000000047779619187
Q105471357	6000000012422970703
Q105471358	6000000077958030889
Q105471362	6000000015161499604
Q105471365	6000000030085705888
Q105471369	6000000195700453822
Q105471377	6000000015386282729
Q105471379	6000000025555816620
Q105471388	6000000023980829754
Q105471398	6000000003981210781
Q105471399	6000000171059443959
Q105471403	6000000178250855829
Q105471405	6000000084273437840
Q105471407	6000000030230947805
Q105471415	6000000059760136844
Q105471416	6000000178250153849
Q105471417	6000000010453944691
Q105471419	6000000030231454646
Q105471420	6000000088741318886
Q105471425	6000000025540381541
Q105471434	6000000039104830927
Q105471435	6000000019325022136
Q105471437	6000000024828076976
Q105471438	6000000039277404880
Q105471440	6000000049185277083
Q105471442	6000000030407066900
Q105471443	6000000039334528965
Q105471445	6000000039334450121
Q105471446	6000000039299257598
Q105471448	6000000032854757521
Q105471457	6000000084053160078
Q105471458	6000000084053208046
Q105471461	6000000068524867901
Q105471469	6000000014685991775
Q105471470	6000000015367176433
Q105471475	6000000032552510783
Q105471481	6000000018885509120
Q105471483	6000000023451660570
Q105471494	6000000039057355504
Q105471498	6000000005083618837
Q105471508	6000000007014468374
Q105471510	6000000008772010133
Q105471515	6000000025805586441
Q105471516	6000000016847319412
Q105471518	6000000120058323821
Q105471523	6000000016424858490
Q105471524	6000000198613743858
Q105471532	6000000191365668435
Q105471534	6000000198083402838
Q105471537	6000000020557276804
Q105471541	6000000059198927146
Q105471543	6000000013492216355
Q105471550	6000000037824965679
Q105471555	6000000194715368821
Q105471556	6000000083075719494
Q105471563	6000000002969475778
Q105471564	6000000000755072454
Q105471568	6000000019033412550
Q105471571	6000000035095361544
Q105471575	6000000020943421183
Q105471576	4999318010550102937
Q105471579	6000000023166610203
Q105471581	6000000144765063904
Q105471582	6000000002765614512
Q105471583	6000000194714720894
Q105471584	6000000002964107630
Q105471589	6000000002969692019
Q105471595	6000000194715299826
Q105471597	6000000054110003068
Q105471599	6000000013695117065
Q105471601	6000000010323604515
Q105471611	6000000018722495926
Q105471615	6000000198146711867
Q105471617	6000000071269064862
Q105471620	6000000024280080245
Q105471622	6000000015417184701
Q105471626	6000000018820935867
Q105471633	6000000089702743022
Q105471634	6000000042911692032
Q105471643	6000000049716980891
Q105471647	6000000207135300832
Q105471648	6000000032428177115
Q105471650	6000000108557648872
Q105471652	6000000021410956344
Q105471654	6000000024860503678
Q105471655	6000000194715231848
Q105471656	6000000071432533174
Q105471657	4999318036090102938
Q105471658	6000000196037981827
Q105471660	5264864516460037287
Q105471667	6000000023387125260
Q105471669	6000000004967904905
Q105471671	6000000023387072052
Q105471672	6000000026002584407
Q105471675	6000000017673122970
Q105471678	6000000017673068889
Q105471679	6000000175622633823
Q105471683	6000000012139192010
Q105471684	6000000030761144484
Q105471685	6000000179561632823
Q105471688	6000000021911382086
Q105471697	6000000017773870376
Q105471698	6000000017774062212
Q105471706	6000000040920619325
Q105471707	6000000046674246837
Q105471710	6000000078785134874
Q105471714	6000000208950473873
Q105471716	6000000208950602876
Q105471718	6000000208950602923
Q105471720	6000000082713677894
Q105471721	6000000190034030849
Q105471725	6000000017203684427
Q105471727	6000000012750837429
Q105471728	6000000023251095968
Q105471731	6000000024629353829
Q105471733	6000000015818075525
Q105471738	6000000196699777830
Q105471739	6000000012077221034
Q105471747	6000000012750886260
Q105471749	6000000021041135894
Q105471758	6000000026015992722
Q105471760	6000000010445275744
Q105471762	6000000025205009909
Q105471767	6000000003626303392
Q105471771	6000000024128705352
Q105471775	6000000023251069872
Q105471777	6000000010445414381
Q105471779	6000000017507671186
Q105471784	6000000043049633945
Q105471787	6000000019840623856
Q105471788	6000000134343647923
Q105471789	6000000077101077211
Q105471790	6000000134344046102
Q105471792	6000000013249193452
Q105471793	6000000035465450878
Q105471796	6000000046673598603
Q105471799	6000000008250503318
Q105471802	6000000006111403726
Q105471815	6000000025168038821
Q105471816	6000000013998963086
Q105471818	6000000044413388230
Q105471823	6000000094847889922
Q105471829	6000000138096098875
Q105471834	6000000187429972830
Q105471836	6000000138095268005
Q105471848	6000000031164738625
Q105471859	6000000019468120661
Q105471869	6000000017463353030
Q105471878	6000000031896514574
Q105471890	6000000017140674807
Q105471891	6000000042029180120
Q105471893	6000000020933009135
Q105471896	6000000195414828835
Q105471898	6000000083995160873
Q105471900	6000000027611280527
Q105471901	6000000008990784117
Q105471903	6000000025257867659
Q105471904	6000000084012220901
Q105471906	6000000027611329064
Q105471907	6000000081558859062
Q105471909	6000000025259220004
Q105471911	6000000008990727993
Q105471925	6000000024193657411
Q105471929	6000000019412127112
Q105471933	6000000024500007869
Q105471944	6000000008222279503
Q105471945	6000000103270183071
Q105471947	6000000103270527916
Q105471959	6000000109924397827
Q105471960	6000000024624227521
Q105471966	6000000196182873977
Q105471977	4527002782470040251
Q105471991	6000000040928197926
Q105471994	6000000176124657827
Q105471996	6000000192376199837
Q105471998	6000000068417917826
Q105471999	6000000045014083986
Q105472000	6000000014303245062
Q105472002	6000000083929734878
Q105472008	6000000163170839009
Q105472011	6000000163170799872
Q105472014	6000000022051396528
Q105472016	6000000080758533911
Q105472018	6000000078413533821
Q105472019	6000000017242175007
Q105472032	6000000089563972916
Q105472033	6000000089564124831
Q105472036	6000000177514685864
Q105472037	6000000200110845831
Q105472039	6000000057282573856
Q105472040	6000000042817098847
Q105472044	6000000026692888974
Q105472045	6000000032360649887
Q105472047	6000000043302956419
Q105472052	6000000037071530827
Q105472055	6000000200623860894
Q105472057	6000000200623736838
Q105472058	6000000200623014925
Q105472062	6000000005028437145
Q105472063	6000000023068892305
Q105472065	6000000019379679157
Q105472069	6000000010716975145
Q105472070	6000000017617083731
Q105472074	6000000070714690055
Q105472081	6000000142713497862
Q105472090	6000000014896858549
Q105472091	4486498430390077080
Q105472092	6000000026959840076
Q105472095	6000000011648698333
Q105472097	5714904052480054635
Q105472100	6000000168349896027
Q105472101	6000000214134746822
Q105472119	6000000016361958383
Q105472123	6000000083148365279
Q105472124	6000000083149658033
Q105472129	6000000020472081510
Q105472132	6000000037636501954
Q105472135	6000000016809151736
Q105472138	6000000016975322147
Q105472144	6000000024297193578
Q105472146	6000000012666032620
Q105472150	6000000023421273597
Q105472152	6000000031626610898
Q105472155	6000000022781320343
Q105472156	6000000024276693527
Q105472159	6000000087840594890
Q105472160	6000000087840566865
Q105472170	6000000016944138181
Q105472171	6000000026505383988
Q105472176	6000000042863546369
Q105472179	6000000037716399940
Q105472193	6000000008786608433
Q105472194	6000000008786633513
Q105472196	6000000145355882877
Q105472197	6000000145355373946
Q105472198	6000000179053866828
Q105472204	6000000084470662895
Q105472207	6000000094603155975
Q105472218	6000000194268475037
Q105472223	6000000081743770052
Q105472228	6000000081743862923
Q105472229	6000000173787417821
Q105472230	6000000024859730410
Q105472232	6000000024574333841
Q105472238	4975337025930060102
Q105472244	4980045587770126269
Q105472247	4980045363040126263
Q105472248	6000000065534861087
Q105472263	6000000195454037877
Q105472268	6000000024004922947
Q105472275	6000000122609509853
Q105472277	6000000084108577068
Q105472279	6000000065535316845
Q105472280	4589836780050052529
Q105472296	4589834751700072012
Q105472301	6000000199384850827
Q105472311	6000000024572715499
Q105472349	6000000191437775825
Q105472361	6000000031395757076
Q105472363	6000000025673067490
Q105472371	6000000016858148625
Q105472389	6000000206850646831
Q105472397	6000000194940722823
Q105472406	6000000208142763824
Q105472408	6000000074759527989
Q105472425	6000000027020476630
Q105472429	6000000002764365470
Q105472432	6000000037775689250
Q105472484	6000000123910740961
Q105472489	6000000009421627641
Q105472500	6000000025711289459
Q105472502	6000000087726114160
Q105472504	6000000176096797896
Q105472506	6000000190117949862
Q105472507	6000000077283120835
Q105472522	6000000033875506016
Q105472525	6000000018741894549
Q105472538	6000000179338422885
Q105472542	6000000039041195065
Q105472547	6000000039040975461
Q105472565	6000000087320687934
Q105472576	6000000012167563580
Q105472583	6000000020137991102
Q105472585	6000000019210226005
Q105472595	6000000075882371927
Q105472596	6000000020137971100
Q105472599	6000000121049979827
Q105472600	6000000048946121903
Q105472601	6000000048946008896
Q105472615	6000000023400532985
Q105472617	6000000023399395327
Q105472630	6000000038024377272
Q105472632	6000000039408205535
Q105472649	6000000041278353589
Q105472656	6000000013998484521
Q105472657	6000000078391949926
Q105472658	6000000078391643094
Q105472663	6000000013279283665
Q105472664	6000000024420319403
Q105472666	6000000024420295231
Q105472669	6000000176209629831
Q105472683	6000000176208857859
Q105472698	6000000038495547126
Q105472700	6000000152605992905
Q105472703	6000000030899380369
Q105472706	6000000038495519133
Q105472732	6000000073367124998
Q105472733	6000000018394405010
Q105472757	6000000073989077834
Q105472760	6000000176777358852
Q105472761	6000000010384936321
Q105472767	6000000009439815935
Q105472770	6000000001363702374
Q105472772	6000000024512792195
Q105472782	6000000194938836899
Q105472783	6000000194939092884
Q105472785	6000000019862691235
Q105472788	6000000024633195072
Q105472791	6000000199791121830
Q105472794	6000000009834396802
Q105472813	6000000043306776157
Q105472815	6000000199791489824
Q105472822	6000000039305744896
Q105472823	6000000058100311037
Q105472830	6000000205072833833
Q105472831	6000000194398209826
Q105472838	6000000033859793264
Q105472842	6000000025759834313
Q105472844	6000000033860613913
Q105472848	6000000049048068137
Q105472857	6000000193259465839
Q105472863	6000000205072814826
Q105472864	6000000085385378149
Q105472873	6000000010466207395
Q105472875	6000000194397598869
Q105472947	6000000024860812232
Q105472958	6000000182374365841
Q105472964	6000000082497101935
Q105472969	6000000014151040013
Q105472970	6000000015295646252
Q105472973	6000000020748517442
Q105472995	6000000026552362929
Q105473006	6000000145027724821
Q105473008	6000000145026953860
Q105473019	6000000012451774641
Q105473024	6000000015989795179
Q105473035	6000000190221758206
Q105473044	6000000193291162858
Q105473049	6000000041258797840
Q105473051	6000000019101329621
Q105473056	6000000033441922994
Q105473066	6000000029403705935
Q105473091	6000000145345198118
Q105473098	6000000193407016839
Q105473106	6000000034270533198
Q105473123	6000000002765648977
Q105473128	6000000021209572043
Q105473134	6000000021592750190
Q105473140	6000000193406647859
Q105473156	6000000034270649841
Q105473162	6000000021209611260
Q105473200	6000000194478046824
Q105473204	6000000174302591797
Q105473219	6000000200486215856
Q105473221	6000000191058817840
Q105473233	6000000062346110833
Q105473236	6000000020342230493
Q105473264	6000000009404958619
Q105473280	6000000072321021022
Q105473284	6000000091620614971
Q105473298	6000000035041936003
Q105473302	6000000017786505657
Q105473311	6000000013301148349
Q105473312	6000000013301165320
Q105473316	6000000010149172788
Q105473319	6000000166202183892
Q105473337	6000000197111406828
Q105473378	6000000002815273843
Q105473386	6000000080333529063
Q105473409	6000000207604676885
Q105473413	6000000024446272763
Q105473415	6000000207604991880
Q105473429	6000000010384055861
Q105473430	6000000205420379916
Q105473438	6000000011039286556
Q105473439	6000000012748721317
Q105473452	6000000018310563498
Q105473457	6000000018310541570
Q105473461	6000000049896794947
Q105473462	6000000013293863818
Q105473467	6000000016363093778
Q105473473	6000000009956956440
Q105473488	6000000011709934926
Q105473509	6000000013435254259
Q105473511	6000000078345444247
Q105473513	6000000175647037838
Q105473517	6000000123440671915
Q105473518	6000000057664432987
Q105473526	6000000020281676894
Q105473527	6000000019997703007
Q105473529	6000000026173196722
Q105473530	6000000016135359598
Q105473532	6000000065140879923
Q105473533	6000000022290085572
Q105473535	6000000015425695478
Q105473536	6000000015425674190
Q105473539	6000000022290247106
Q105473544	6000000131421869037
Q105473548	3992691804620034227
Q105473553	6000000216923142898
Q105473558	6000000216920519851
Q105473565	6000000189678765869
Q105473576	6000000086836768846
Q105473578	6000000186624152821
Q105473587	6000000026436303249
Q105473588	6000000039031988884
Q105473590	6000000022450726111
Q105473601	6000000107035373880
Q105473607	6000000025538430822
Q105473609	6000000025538251970
Q105473611	6000000025537932174
Q105473615	6000000181117753821
Q105473628	6000000181117783821
Q105473652	6000000043557091056
Q105473661	6000000052209010066
Q105473662	6000000045744222912
Q105473664	6000000052209515851
Q105473665	6000000052209402943
Q105473666	6000000029283778895
Q105473674	6000000084448527651
Q105473675	6000000022395647328
Q105473677	6000000022395733934
Q105473712	6000000214805664821
Q105473721	5670384951260088014
Q105473722	5670384951210088013
Q105473726	6000000171873248795
Q105473733	6000000018291253969
Q105473735	6000000091701298199
Q105473745	6000000025637723989
Q105473746	6000000192696708879
Q105473747	6000000026468668128
Q105473749	6000000090225581866
Q105473756	6000000026404199637
Q105473765	6000000004118037317
Q105473769	6000000019688123230
Q105473770	6000000136823682996
Q105473772	6000000031717701357
Q105473776	6000000136823682990
Q105473778	6000000031717741118
Q105473785	6000000185315007821
Q105473787	6000000038731980387
Q105473788	6000000019653749750
Q105473790	6000000016763301497
Q105473793	6000000007014427357
Q105473794	6000000208846303858
Q105473797	6000000009826646270
Q105473804	6000000023355714099
Q105473805	6000000037536517573
Q105473807	6000000037543724607
Q105473816	6000000026647363486
Q105473817	6000000081454348230
Q105473831	6000000007866263102
Q105473833	6000000173439583094
Q105473834	6000000173440176999
Q105473836	6000000173440296027
Q105473839	6000000184721756896
Q105473851	6000000007014414722
Q105473855	6000000038732852900
Q105473856	6000000040757284652
Q105473858	6000000019500171078
Q105473860	6000000017945813451
Q105473863	6000000051022546063
Q105473864	6000000067103030821
Q105473865	6000000057511602824
Q105473867	6000000040548803004
Q105473868	6000000191755066876
Q105473875	6000000020950717987
Q105473883	6000000009404886825
Q105473888	6000000019500823161
Q105473893	6000000083533477407
Q105473895	6000000207331596828
Q105473900	6000000026161005061
Q105473902	6000000104290055841
Q105473904	6000000026161220912
Q105473907	6000000104287599121
Q105473910	6000000022806226039
Q105473914	6000000010919410966
Q105473916	6000000018078428273
Q105473929	6000000015592204086
Q105473930	6000000208450409828
Q105473931	6000000090016200988
Q105473932	6000000053856574826
Q105473934	6000000001445027718
Q105473942	6000000006581549899
Q105473955	6000000025165677558
Q105473957	6000000025166100013
Q105473973	6000000198856968824
Q105473975	6000000012610127439
Q105474023	6000000012953269268
Q105474031	6000000090951421905
Q105474052	6000000049185584901
Q105474054	6000000068510377216
Q105474085	6000000001151026408
Q105474088	6000000199790888864
Q105474090	6000000001363877553
Q105474363	6000000016848137358
Q105474921	6000000020842218598
Q105475	6000000089800879917
Q105475214	6000000019453225433
Q105475341	6000000016447442422
Q105476254	6000000018272488667
Q105476290	6000000018267908218
Q105476437	6000000017032667687
Q105477262	6000000007524458813
Q105478890	6000000143337627077
Q105479112	6000000001491637278
Q10547966	6000000025553089455
Q105480273	6000000212278052822
Q105481894	6000000014921901951
Q105483	6000000171813186838
Q105483333	6000000015452786350
Q105483731	6000000182624070844
Q105483784	6000000176918618831
Q105483797	6000000087343933894
Q105484075	6000000003261504794
Q1054843	6000000069614317822
Q105486	6000000024970097177
Q105486560	6000000066106443833
Q105487513	6000000033363361110
Q105487636	6000000033363594884
Q105487918	6000000000296677504
Q105487946	6000000018471380222
Q105487949	6000000000296575888
Q105488282	6000000017448787525
Q105488785	6000000068543327825
Q105488797	6000000016117582804
Q105488818	6000000016117789016
Q105490843	6000000033093649901
Q105490884	6000000001106304081
Q105491349	897707
Q105491420	6000000112487755847
Q105491809	6000000032103492676
Q105491986	6000000005066424390
Q105492261	6000000004128087887
Q105492261	6000000190046282643
Q105492410	6000000005066441088
Q105492455	6000000006802444520
Q105492468	6000000006802500417
Q105492485	6000000006741866240
Q105494346	4285219377220059524
Q105494458	6000000017890538821
Q105495537	6000000008139114395
Q105495668	6000000017892423636
Q105496	6000000045420006891
Q105496033	6000000012441011207
Q105496298	6000000003179535529
Q105496358	6000000090239155747
Q1054973	6000000070289021510
Q105499370	6000000030816516221
Q105499986	6000000006934412068
Q105499988	6000000002981404107
Q105499992	6000000006934355197
Q105499995	6000000015879719769
Q105500030	6000000021213985878
Q1055001	318765715310006657
Q1055011	6000000058893864912
Q105501840	6000000075882039319
Q105502780	6000000208872148826
Q105502781	6000000057772201926
Q105502786	6000000022618649385
Q105502788	6000000021688095072
Q105502789	6000000106691555147
Q105502791	6000000134341019857
Q105502792	6000000147170077011
Q105502797	6000000021650619456
Q105502798	6000000110618213851
Q105502800	6000000190449375870
Q105502819	6000000029719921201
Q105502821	6000000066923340858
Q105502830	6000000000381568214
Q105502831	6000000196088189838
Q105502841	6000000030718686349
Q105502842	6000000030718670230
Q105502847	6000000036517194261
Q105502852	6000000019787447543
Q105502856	6000000042533866161
Q105502857	6000000020278831010
Q105502858	6000000175284826062
Q105502859	6000000175285851731
Q105502860	6000000175285180792
Q105502880	6000000029139333839
Q105502881	6000000024237767071
Q105502883	6000000116034814821
Q105502889	6000000038594260925
Q105502894	6000000091212946821
Q105502897	6000000090657113852
Q105502898	6000000024808970675
Q105502899	6000000010292601828
Q105502906	6000000085021943909
Q105502909	6000000009370023539
Q105502910	6000000010046786320
Q105502911	6000000017395472064
Q105502914	6000000011944573520
Q105502917	6000000008935942359
Q105502921	6000000194395277873
Q105502927	6000000188890392840
Q105502933	6000000096991947031
Q105502936	6000000026393646799
Q105502950	6000000142890539875
Q105502962	6000000037537004005
Q105502970	6000000208891758830
Q105502976	6000000026067170132
Q105502982	6000000045037714022
Q105502984	6000000116078617847
Q105502985	6000000041089963476
Q105502989	6000000045009852849
Q105502992	6000000041163498889
Q105502994	6000000077642508988
Q105502997	6000000104113334301
Q105503001	6000000031873698990
Q105503004	6000000074584345853
Q105503005	6000000074584195053
Q105503007	6000000010937118439
Q105503009	6000000019512989823
Q105503010	6000000019513272100
Q105503011	6000000089173301847
Q105503041	6000000012252684852
Q105503049	6000000110160437823
Q105503057	6000000017607471043
Q105503059	6000000017606918642
Q105503065	6000000022391527700
Q105503072	6000000022393593930
Q105503085	6000000038377322016
Q105503089	6000000020641773337
Q105503112	6000000021544639586
Q105503114	6000000021545398269
Q105503124	6000000017416754611
Q105503125	6000000164902420888
Q105503127	6000000018261813743
Q105503130	6000000198121690833
Q105503137	6000000011973233223
Q105503149	6000000023955114864
Q105503154	6000000029914028005
Q105503156	6000000042819321837
Q105503158	6000000044287982426
Q105503165	6000000045703303212
Q105503644	6000000013331397009
Q105503645	6000000040301975196
Q105503647	6000000071111226113
Q105503648	6000000040302043053
Q105503656	6000000020761018152
Q105503658	6000000002802262592
Q105503663	6000000024865838848
Q105503668	6000000002802254044
Q105503677	6000000205457168837
Q105503679	6000000022697016864
Q105503696	6000000061819633855
Q105503702	6000000049799091884
Q105503703	6000000049805449979
Q105503711	6000000123476046858
Q105503713	6000000026744016849
Q105503715	6000000053254394846
Q105503716	6000000032132040508
Q105503722	6000000009450231462
Q105503725	6000000012423123250
Q105503726	6000000023074416319
Q105503727	6000000020436713404
Q105503739	6000000185622695009
Q105503741	6000000040266068922
Q105503744	6000000040266372927
Q105503764	6000000018069072194
Q105503787	6000000204829312904
Q105503788	6000000049977225821
Q105503800	6000000206552953826
Q105503804	6000000175044159465
Q105503811	6000000205681614843
Q105503813	6000000016206668685
Q105503815	6000000015895720261
Q105503818	6000000018821447059
Q105503825	6000000022290692972
Q105503835	6000000002765609270
Q105503852	6000000208408482825
Q105503858	6000000031877985143
Q105503869	6000000032597671871
Q105503875	6000000185713608908
Q105503884	6000000197393108827
Q105503885	6000000026283494413
Q105503892	6000000185720172866
Q105503895	6000000012513126133
Q105503906	6000000080766735272
Q105503911	6000000038068897494
Q105503918	6000000009286856072
Q105503919	6000000033165027768
Q105503920	6000000009535134895
Q105503923	6000000185970850839
Q105503928	6000000182344295934
Q105503932	6000000016218875083
Q105503938	6000000006950147416
Q105503943	6000000031452666163
Q105503944	6000000025413047004
Q105503947	6000000061231445221
Q105503951	6000000007546952433
Q105503957	6000000004590220114
Q105503958	6000000007280469212
Q105503962	6000000012653011449
Q105503963	6000000019735932730
Q105503964	6000000010303823455
Q105503967	6000000189580372846
Q105503968	6000000023027723526
Q105503969	6000000017895210313
Q105503975	6000000212935942829
Q105503989	6000000009919795419
Q105503990	6000000186389785835
Q105504006	6000000021651501817
Q105504015	6000000032432945324
Q105504033	6000000023514834495
Q105504037	6000000009442037005
Q105504038	6000000140409935821
Q105504043	6000000009421969914
Q105504044	6000000009422589715
Q105504061	6000000009710168786
Q105504064	6000000109130901959
Q105504065	6000000016141381849
Q105504067	6000000033361723341
Q105504068	6000000075120322078
Q105504074	6000000022395801803
Q105504075	6000000017616947531
Q105504086	6000000015653568409
Q105504089	6000000013248105112
Q105504092	6000000023277773685
Q105504095	6000000023223189246
Q105504097	6000000011813074662
Q105504098	6000000027951406732
Q105504109	6000000022898643123
Q105504110	6000000022898945925
Q105504112	6000000022808540453
Q105504115	6000000022808663990
Q105504119	6000000017410369321
Q105504126	6000000185986859328
Q105504127	6000000093481901921
Q105504134	6000000016384957977
Q105504153	6000000017274809320
Q105504155	6000000007014434591
Q105504162	6000000083121115239
Q105504163	6000000039317187108
Q105504168	6000000011561114837
Q105504183	6000000016183984024
Q105504185	6000000019001702369
Q105504202	6000000039712166269
Q105504204	6000000186084493877
Q105504207	6000000211758164823
Q105504213	6000000010789567975
Q105504214	6000000148977800429
Q105504215	6000000030552060944
Q105504221	6000000039813428838
Q105504222	6000000106212186023
Q105504223	6000000186020207361
Q105504225	6000000015989663137
Q105504229	6000000016183793791
Q105504230	6000000058363615072
Q105504241	6000000196525234822
Q105504247	6000000019947354796
Q105504255	6000000096924839830
Q105504257	4555056228950023970
Q105504258	6000000017469729713
Q105504265	6000000019295557679
Q105504268	6000000015394002667
Q105504269	6000000058921474035
Q105504271	6000000209479619873
Q105504272	6000000024579905922
Q105504274	6000000015683478203
Q105504275	6000000015683179817
Q105504277	6000000078256296097
Q105504278	6000000107115588833
Q105504279	6000000009527269820
Q105504283	6000000043112338486
Q105504294	6000000065136334847
Q105504304	6000000010242746891
Q105504307	6000000040680520012
Q105504310	6000000040680232282
Q105504316	6000000046980814993
Q105504318	6000000047927718102
Q105504319	6000000017316726906
Q105504327	6000000175738978945
Q105504336	6000000181183393821
Q105504338	6000000010453619134
Q105504339	6000000035599160147
Q105504341	6000000041276764553
Q105504342	6000000181180003921
Q105504344	6000000181480320851
Q105504346	6000000022768044183
Q105504348	6000000010453825721
Q105504349	6000000035598535490
Q105504352	6000000114608453929
Q105504362	6000000021688698731
Q105504372	6000000041066412791
Q105504373	6000000034014312515
Q105504380	6000000017763919133
Q105504382	6000000011912812635
Q105504385	6000000174040306207
Q105504389	6000000194398350832
Q105504390	6000000010384814904
Q105504393	6000000019223822859
Q105504394	6000000019223995001
Q105504397	6000000011183369298
Q105504400	6000000177899069828
Q105504415	6000000033571774721
Q105504421	6000000012895409760
Q105504422	6000000192928751822
Q105504424	6000000019397769239
Q105504435	6000000090769199324
Q105504439	285574103130001635
Q105504451	6000000063227386904
Q105504455	6000000063227575848
Q105504457	6000000112671443985
Q105504459	6000000050330804061
Q105504469	6000000012898705419
Q105504471	6000000028184885633
Q105504474	6000000041207343879
Q105504478	6000000032907677876
Q105504480	6000000176467906824
Q105504483	6000000132892515825
Q105504488	6000000178928879833
Q105504490	6000000076235655610
Q105504495	6000000038961799724
Q105504504	6000000029773380282
Q105504505	6000000015345670213
Q105504508	6000000076236402159
Q105504513	6000000015345677116
Q105504515	6000000184628983850
Q105504519	6000000072243648375
Q105504521	6000000103025230830
Q105504527	6000000056161711080
Q105504530	6000000018254709312
Q105504534	6000000049936421242
Q105504570	6000000014929144557
Q105504571	6000000011882712788
Q105504572	6000000007316848176
Q105504576	6000000007316911320
Q105504578	6000000011882854233
Q105504579	6000000007316928313
Q105504580	6000000192842981850
Q105504581	6000000007316934520
Q105504582	6000000009376727182
Q105504583	6000000007316929155
Q105504584	6000000017240689682
Q105504586	6000000007316928599
Q105504593	6000000037652417954
Q105504594	6000000017264038063
Q105504595	6000000085675605032
Q105504600	6000000029541047598
Q105504612	6000000189078650942
Q105504617	6000000031322478215
Q105504619	6000000019538399013
Q105504625	6000000015370739868
Q105504628	6000000113713859890
Q105504629	6000000009619287244
Q105504633	6000000021300165585
Q105504641	6000000009448232052
Q105504644	6000000020590028649
Q105504648	6000000033499383877
Q105504652	6000000213688873821
Q105504656	6000000047545181998
Q105504665	6000000192943162833
Q105504674	6000000010828633276
Q105504675	6000000158309985831
Q105504686	6000000073238025872
Q105504687	6000000073521423996
Q105504689	6000000207504030843
Q105504690	6000000025284600128
Q105504696	6000000043712256957
Q105504697	6000000029402288023
Q105504704	6000000033362514840
Q105504706	6000000033362451962
Q105504708	6000000013415092078
Q105504710	6000000043261279373
Q105504714	6000000012913440754
Q105504715	6000000012739009609
Q105504722	6000000037688292199
Q105504724	6000000190449084916
Q105504725	5590812374160124510
Q105504726	6000000190447814858
Q105504727	6000000188074289821
Q105504728	6000000090960541857
Q105504733	6000000032328068593
Q105504741	6000000124372584023
Q105504742	6000000043934172316
Q105504745	6000000051402956427
Q105504746	6000000051403392370
Q105504762	6000000018789459296
Q105504767	6000000047980010965
Q105504769	6000000023753819834
Q105504772	6000000004284477293
Q105504773	6000000014327230848
Q105504774	6000000023873442713
Q105504776	6000000070763257025
Q105504778	6000000012442684539
Q105504787	6000000022190783656
Q105504798	6000000091379446192
Q105504801	6000000052327520949
Q105504802	6000000038766950071
Q105504814	6000000015201503755
Q105504820	6000000020651745482
Q105504826	6000000011469526483
Q105504833	6000000107033226908
Q105504839	6000000052327607839
Q105504840	6000000094391364821
Q105504855	6000000190785043830
Q105504861	6000000045893925833
Q105504863	6000000033125198608
Q105504867	6000000011080851713
Q105504873	6000000024462307887
Q105504873	6000000151688234912
Q105504875	6000000031617140422
Q105504878	6000000184087334835
Q105504881	6000000021275760856
Q105504884	6000000205066779838
Q105504885	6000000020614149377
Q105504888	6000000120661078442
Q105504889	6000000016925397728
Q105504892	6000000071924329844
Q105504898	6000000039675108720
Q105504904	6000000173129477318
Q105504905	6000000011561308418
Q105504916	6000000021135653200
Q105504918	6000000089212340187
Q105504921	6000000184087105855
Q105505024	6000000039633135898
Q105505030	6000000039633230862
Q105505036	6000000190014401833
Q105505054	6000000196090824821
Q105505056	6000000144415462977
Q105505057	6000000022668132355
Q105505061	6000000045893890847
Q105505065	6000000120660532836
Q105505066	6000000000348308938
Q105505080	6000000030735777994
Q105505082	6000000071924053213
Q105505084	6000000186554892838
Q105505094	6000000011080949868
Q105505099	6000000049895344213
Q105505100	6000000207161419822
Q105505105	6000000010784122765
Q105505110	6000000064426360821
Q105505117	6000000088144213903
Q105505118	6000000088143709149
Q105505120	6000000011296935241
Q105505131	6000000037073050407
Q105505132	6000000003668710985
Q105505142	6000000015108931933
Q105505147	6000000015712908185
Q105505150	6000000029381323909
Q105505151	6000000029380720738
Q105505152	6000000029381195621
Q105505154	6000000024114773218
Q105505156	6000000024114938074
Q105505159	6000000015712976398
Q105505160	6000000015712880576
Q105505164	6000000211605217837
Q105505169	6000000026015415187
Q105505178	6000000004102742190
Q105505180	6000000207377512845
Q105505185	6000000022789886671
Q105505200	6000000177743304821
Q105505203	6000000177739835912
Q105505205	6000000047408759902
Q105505231	6000000012161907473
Q105505240	6000000026363916697
Q105505244	6000000186948265827
Q105505257	6000000037535539180
Q105505264	6000000186332403321
Q105505268	6000000091403866834
Q105505276	6000000034775254603
Q105505289	6000000038495702002
Q105505304	6000000180908973833
Q105505307	6000000194539773847
Q105505338	6000000177742107845
Q105505345	6000000008542219138
Q105505357	6000000012700901986
Q105505369	6000000039888980273
Q105505371	6000000003328361445
Q105505386	6000000176838395840
Q105505389	6000000177742234843
Q105505398	6000000066595238969
Q105505406	6000000177058239845
Q105505411	6000000038495381661
Q105505422	6000000017161665440
Q105505426	6000000022486131755
Q105505428	6000000007014432869
Q105505434	6000000032400217274
Q105505436	6000000017161638306
Q105505449	6000000021066758603
Q105505457	6000000014034353249
Q105505459	6000000055837325900
Q105505463	6000000025386285959
Q105505472	6000000028025939393
Q105505487	6000000102347120875
Q105505490	6000000102347883821
Q105505500	6000000013374628853
Q105505506	6000000011525293282
Q105505517	6000000012548235679
Q105505519	6000000010141944821
Q105505531	6000000083956339845
Q105505533	6000000083955739201
Q105505546	6000000036980160167
Q105505555	6000000008594521057
Q105505557	6000000008594312180
Q105505562	6000000008594765413
Q105505566	6000000008594720757
Q105505568	6000000008594730204
Q105505570	6000000099027754826
Q105505573	6000000008594499145
Q105505575	6000000008594743398
Q105505586	6000000003811677163
Q105505591	6000000184424778918
Q105505593	6000000049130633911
Q105505619	6000000138996080837
Q105505628	6000000014201330139
Q105505632	6000000004201910934
Q105505634	6000000028610572147
Q105505640	6000000025530178919
Q105505643	6000000025530219908
Q105505648	6000000010373949885
Q105505661	6000000002912022978
Q105505663	6000000013204654179
Q105505667	6000000040896995356
Q105505672	6000000025584155016
Q105505676	6000000020748392304
Q105505682	6000000012685430126
Q105505684	6000000008010185573
Q105505689	6000000030405750750
Q105505693	6000000177843690863
Q105505698	6000000112646465136
Q105505702	6000000037561901505
Q105505706	6000000023300190353
Q105505747	6000000033661755112
Q105505798	6000000011150686403
Q105505804	6000000012210584473
Q105505815	6000000189041279865
Q105505820	6000000131520158920
Q105505823	6000000077185054821
Q105505828	6000000106639542821
Q105505838	6000000106748351821
Q105505842	6000000059548231873
Q105505845	6000000059548441860
Q105505847	6000000059548611821
Q105505860	6000000026866686314
Q105505863	6000000026867255929
Q105505865	6000000069315409132
Q105505868	6000000014476242501
Q105505872	6000000041131687541
Q105505876	6000000078706089614
Q105505880	6000000001828707092
Q105505883	6000000019201321460
Q105505890	6000000019069919315
Q105505896	6000000020459196604
Q105505901	6000000016422172491
Q105505904	6000000016422380002
Q105505912	6000000016422039485
Q105505920	6000000042747316893
Q105505937	6000000103332268310
Q105505951	6000000053429278465
Q105505956	6000000081455506891
Q105505972	6000000127681068901
Q105505976	6000000127682996833
Q105505995	6000000131814763210
Q105506029	6000000015070746145
Q105506034	6000000027229382104
Q105506039	6000000187194548855
Q105506050	6000000181691797828
Q105506068	6000000090525124962
Q105506092	6000000013933932523
Q105506114	6000000084989821874
Q105506122	6000000084989732826
Q105506131	6000000084988569213
Q105506134	6000000084988920992
Q105506140	6000000004045670335
Q105506143	6000000022781291388
Q105506163	6000000167339183264
Q105506167	6000000022932301938
Q105506175	6000000042630314462
Q105506188	6000000180295664859
Q105506196	6000000185673010857
Q105506219	6000000002033975769
Q105506247	6000000064154785854
Q105506256	6000000041803364722
Q105506259	6000000003197101682
Q105506267	4555108471630055573
Q105506271	6000000067498506862
Q105506272	6000000019756806122
Q105506279	6000000068863979860
Q105506281	6000000068869957858
Q105506294	6000000186424825827
Q105506296	6000000009890329583
Q105506308	6000000017639738728
Q105506314	6000000022636024645
Q105506322	6000000020292076884
Q105506326	6000000019115437267
Q105506342	6000000039594242480
Q105506352	6000000009956944356
Q105506360	6000000020637669278
Q105506366	6000000014537198654
Q105506369	6000000020359873616
Q105506374	6000000019222429498
Q105506419	6000000014703365050
Q105506441	6000000062335829873
Q105506477	6000000021730173168
Q105506493	6000000184698992921
Q105506514	6000000182879427852
Q105506554	6000000004549447627
Q105506594	6000000057155926859
Q105506599	6000000057156127916
Q105506619	6000000114555444831
Q105506628	6000000011582249204
Q105506631	6000000013301228687
Q105506634	6000000013298575857
Q105506640	6000000026283945948
Q105506644	6000000012994899172
Q105506650	6000000016221513491
Q105506653	6000000009385579854
Q105506671	6000000018437689125
Q105506704	6000000068779598934
Q105506709	6000000001722361347
Q105506713	6000000044518977821
Q105506729	6000000012734941368
Q105506740	6000000011923341912
Q105506746	6000000018311574416
Q105506751	6000000018311574408
Q105506756	6000000046703496016
Q105506762	6000000027288171392
Q105506771	6000000017606510453
Q105506775	6000000012567355777
Q105506778	6000000027288102366
Q105506786	6000000027287690539
Q105506788	6000000012567873337
Q105506795	6000000201224332914
Q105506811	6000000028586204282
Q105506822	6000000190713999845
Q105506831	6000000135129016821
Q105506834	6000000009005767581
Q105506845	6000000189198078822
Q105506878	285504357420004416
Q105506899	6000000201190400847
Q105506904	6000000015543382642
Q105506908	6000000078006898764
Q105506911	6000000078007279263
Q105506923	6000000178260174832
Q105506926	6000000021404545697
Q105506938	6000000094621700520
Q105506943	6000000040806622996
Q105506947	6000000050618841833
Q105506950	6000000165734719825
Q105506953	6000000082677362260
Q105506956	6000000020343665809
Q105506960	6000000082724144596
Q105506972	6000000082467128866
Q105506975	6000000020343508331
Q105506978	6000000020663660020
Q105506987	6000000017733204104
Q105506995	6000000009839278467
Q105507020	6000000101050044908
Q105507023	6000000101050974887
Q105507047	6000000016061165567
Q105507058	3025345
Q105507117	6000000054632402978
Q105507124	6000000032260268101
Q105507137	6000000125021400955
Q105507173	6000000026573433415
Q105507176	6000000024359918857
Q105507183	6000000044130631999
Q105507196	6000000174763504833
Q105507210	6000000004003421382
Q105507219	6000000009402607818
Q105507226	6000000172818090289
Q105507230	6000000038648870112
Q105507242	6000000014073267664
Q105507247	6000000024207198020
Q105507260	6000000037337957028
Q105507263	6000000035463341945
Q105507269	6000000015989815079
Q105507279	6000000202700132851
Q105507287	6000000049621314861
Q105507291	6000000031473541351
Q105507305	6000000172935318839
Q105507312	6000000196395756894
Q105507336	6000000049619996844
Q105507341	6000000172933316597
Q105507361	6000000097510613840
Q105507365	6000000030101857246
Q105507368	6000000075217821910
Q105507375	6000000097509512127
Q105507377	6000000075216413466
Q105507382	6000000019412037292
Q105507385	6000000148327226824
Q105507388	6000000020939209198
Q105507394	6000000035727063940
Q105507398	6000000035726430418
Q105507410	6000000000056221077
Q105507413	6000000000056081894
Q105507422	6000000187636097824
Q105507443	6000000181970842821
Q105507449	6000000084225606864
Q105507478	6000000039118373872
Q105507481	6000000037859784904
Q105507502	6000000018310253404
Q105507515	6000000103433902866
Q105507518	6000000017687959932
Q105507521	6000000017687762671
Q105507529	6000000011434177050
Q105507574	6000000001865364737
Q105507635	6000000197101027824
Q105507646	334233179030005470
Q105507663	6000000029636560331
Q105507674	6000000017616746485
Q105507685	6000000033165530379
Q105507688	6000000007014351249
Q105507696	6000000085919039005
Q105507700	6000000073060501912
Q105507712	6000000011055809753
Q105507732	6000000104116437952
Q105507758	6000000175380774983
Q105507787	6000000062097133833
Q105507790	6000000044336869664
Q105507794	6000000044337989988
Q105507797	6000000044337536082
Q105507802	6000000044337453912
Q105507806	6000000044337989925
Q105507807	6000000044337284853
Q105507815	4527031922860061601
Q105507817	6000000059510207360
Q105507836	6000000012840343307
Q105507839	6000000015645539489
Q105507845	6000000038058471029
Q105507847	6000000177352082843
Q105507860	6000000150602192914
Q105507877	6000000150603180882
Q105507881	6000000022308492247
Q105507887	6000000017405407938
Q105507925	6000000033832292990
Q105507929	6000000033831749302
Q105507932	6000000018742306141
Q105507935	6000000016959530245
Q105507950	6000000025241240121
Q105507952	6000000025241484584
Q105507961	6000000024873671327
Q105507964	6000000017072872682
Q105507967	6000000034775506106
Q105507970	6000000034775152482
Q105507989	6000000038678903573
Q105507999	6000000175609926821
Q105508	6000000023955913164
Q105508031	6000000023369267930
Q105508034	6000000023368619933
Q105508036	6000000022567939236
Q105508046	6000000013248147802
Q105508050	6000000017377165957
Q105508053	6000000013248302552
Q105508057	6000000013095457037
Q105508070	6000000194375081849
Q105508078	6000000195700127853
Q105508083	6000000020944305791
Q105508086	6000000018570191034
Q105508093	6000000013082698189
Q105508096	6000000195700303823
Q105508108	6000000149955294939
Q105508131	6000000014737946745
Q105508189	6000000211544236851
Q105508193	6000000009514602004
Q105508278	6000000210510666822
Q105508317	6000000015060995328
Q105508320	6000000020943488486
Q105508328	6000000025791377187
Q105508341	6000000025933824232
Q105508348	6000000026956710977
Q105508353	6000000020943629072
Q105508356	6000000083298468948
Q105508358	6000000010976627332
Q105508361	6000000080279765270
Q105508407	6000000015705800412
Q105508410	6000000059871936057
Q105508418	6000000013095815686
Q105508442	6000000012571492403
Q105508446	6000000016208783716
Q105508463	6000000007637588332
Q105508477	6000000043659637830
Q105508480	6000000015217356140
Q105508553	6000000020748273740
Q105508559	6000000135784956079
Q105508566	6000000193262484834
Q105508594	6000000212344568828
Q105508627	6000000015118601792
Q105508629	6000000188587146821
Q105508635	6000000017827256831
Q105508643	6000000017764254438
Q105508657	6000000015299712084
Q105508669	6000000194886443857
Q105508672	6000000194885216966
Q105508687	6000000079090071446
Q105508695	6000000115309329886
Q105508699	6000000079089641532
Q105508701	6000000115309338867
Q105508704	6000000011345588814
Q105508712	6000000017764237099
Q105508715	6000000076303473408
Q105508718	6000000017764089468
Q105508723	6000000088946369838
Q105508730	6000000022699755011
Q105508737	6000000088945695926
Q105508740	6000000140760093121
Q105508743	6000000004190369491
Q105508750	6000000037711202070
Q105508753	6000000140761412833
Q105508769	6000000078483284446
Q105508785	6000000008886743104
Q105508813	6000000017685009640
Q105508816	6000000017685279993
Q105508824	6000000110671711103
Q105508828	6000000102668072394
Q105508834	6000000075425163920
Q105508836	6000000043828052848
Q105508840	6000000034143009058
Q105508856	6000000010755198356
Q105508876	6000000015711213081
Q105508884	6000000008632499500
Q105508887	6000000033358552360
Q105508901	6000000017681807844
Q105508912	6000000080272423821
Q105508959	6000000023495273882
Q105508974	6000000195580962822
Q105508981	6000000007035467316
Q105509034	6000000085742639932
Q105509039	6000000034004027830
Q105509047	6000000148332024952
Q105509068	6000000015773357162
Q105509071	6000000016051198457
Q105509098	6000000040126877944
Q105509122	6000000087307983277
Q105509170	6000000077190885395
Q105509173	6000000025424656789
Q105509199	6000000080470828884
Q105509203	6000000015773299346
Q105509228	6000000077102069833
Q105509241	6000000041912730009
Q105509269	6000000007016871130
Q105509284	6000000085742771998
Q105509328	6000000033080384462
Q105509331	6000000019178219999
Q105509335	6000000046653165165
Q105509338	6000000012913741874
Q105509351	6000000077189714957
Q105509370	6000000019456835314
Q105509372	6000000041912853871
Q105509376	6000000020723418942
Q105509383	6000000046799325821
Q105509415	6000000017416305676
Q105509419	6000000016766220330
Q105509423	6000000179540780841
Q105509434	6000000026643927679
Q105509438	6000000085417135824
Q105509455	6000000077958621824
Q105509476	6000000209583690823
Q105509491	6000000019800450134
Q105509497	6000000002745747724
Q105509510	6000000020736807094
Q105509515	6000000016933659554
Q105509518	6000000077025093454
Q105509521	6000000016933557742
Q105509524	6000000020736763385
Q105509536	6000000026537931785
Q105509540	6000000099758849562
Q105509543	6000000099267709826
Q105509554	6000000014231481814
Q105509557	6000000014231934168
Q105509576	6000000021561643605
Q105509578	6000000017683036743
Q105509584	6000000179541737834
Q105509695	6000000199935769850
Q105509698	6000000199935942832
Q105509702	6000000040015281968
Q105509714	6000000024530014603
Q105509718	6000000043993629877
Q105509732	6000000194163759821
Q105509736	6000000092473836931
Q105509742	6000000148038727836
Q105509748	6000000033215760000
Q105509752	6000000012952321757
Q105509756	6000000025664320194
Q105509759	6000000012505491404
Q105509761	6000000035116632162
Q105509764	6000000012896469827
Q105509767	6000000020573721617
Q105509772	6000000030616595955
Q105509775	6000000020276803307
Q105509778	6000000022364109538
Q105509792	6000000055892214821
Q105509799	6000000054041361939
Q105509803	6000000012747010562
Q105509811	6000000012746879993
Q105509840	6000000015063154065
Q105509855	6000000015062792165
Q105509867	6000000031346767949
Q105509898	6000000211908961826
Q105509907	6000000034404702124
Q105509914	6000000026201003551
Q105509917	6000000026201392809
Q105509933	6000000096395692903
Q105509938	6000000018598470789
Q105509949	6000000199684252860
Q105509952	6000000029554519123
Q105509981	6000000041518715911
Q105509989	6000000030131371657
Q105509992	6000000025893051078
Q105509996	6000000187278250867
Q105510000	6000000039341199912
Q105510018	6000000026288796138
Q105510027	6000000032881912195
Q105510035	6000000010895245301
Q105510038	6000000032881999222
Q105510047	6000000062814726042
Q105510064	6000000091209162466
Q105510075	6000000062813471110
Q105510089	6000000195872136828
Q105510105	6000000012284007178
Q105510108	6000000009513971098
Q105510121	6000000003050667194
Q105510124	6000000003050667168
Q105510128	6000000124412301875
Q105510132	6000000194550098823
Q105510158	6000000021149593994
Q105510177	6000000216114487821
Q105510193	6000000177638299992
Q105510200	6000000032437103948
Q105510203	6000000186266820823
Q105510221	6000000022329895051
Q105510229	6000000027684286095
Q105510232	6000000023418584631
Q105510260	6000000033884529947
Q105510269	6000000011513831194
Q105510273	6000000050628866962
Q105510277	6000000190873909848
Q105510295	6000000128774515840
Q105510298	6000000191754836860
Q105510301	6000000072187378153
Q105510316	6000000072187730871
Q105510326	6000000025890164006
Q105510349	6000000143246091821
Q105510361	6000000008990864297
Q105510378	6000000195096724822
Q105510390	6000000013205699417
Q105510411	6000000076026895877
Q105510423	6000000072321222842
Q105510431	6000000038972765045
Q105510440	6000000143246103821
Q105510450	6000000012611574412
Q105510464	6000000017578209159
Q105510471	6000000028088959994
Q105510478	6000000018702696228
Q105510484	6000000012611580403
Q105510495	6000000006450782550
Q105510500	6000000018702720238
Q105510509	6000000014971655182
Q105510528	6000000014642441905
Q105510531	6000000036835526821
Q105510562	6000000020787569307
Q105510571	6000000080568458888
Q105510573	6000000196113198849
Q105510578	6000000020787662487
Q105510581	6000000056413012364
Q105510583	6000000025966674920
Q105510586	6000000048619943897
Q105510588	6000000090127656962
Q105510599	6000000064160983964
Q105510630	6000000198918827826
Q105510635	6000000025293070362
Q105510641	6000000118190562924
Q105510645	6000000118188956358
Q105510652	6000000018202854514
Q105510655	6000000018202653616
Q105510662	6000000208508014860
Q105510685	6000000014541791764
Q105510690	6000000036435531299
Q105510707	6000000020812645366
Q105510717	6000000174538647918
Q105510743	6000000015015882290
Q105510755	6000000028124679276
Q105510759	6000000021592656961
Q105510764	6000000010557898761
Q105510773	6000000002764934595
Q105510779	6000000021592768873
Q105510849	6000000029053023028
Q105510862	6000000009998348591
Q105510878	6000000189441884857
Q105510896	6000000015989588612
Q105510916	6000000028124813340
Q105510919	6000000124090950940
Q105510922	6000000008510332716
Q105510940	6000000172219711132
Q105510947	6000000010077050484
Q105510951	6000000055936359466
Q105510955	6000000012167576822
Q105510958	6000000206551995863
Q105510976	6000000190226665865
Q105510995	6000000028939194899
Q105511006	6000000007014390854
Q105511009	6000000037078497024
Q105511013	6000000008490148188
Q105511031	6000000053737745822
Q105511058	6000000176191067828
Q105511068	6000000063343932978
Q105511075	6000000042663508025
Q105511085	6000000002042544565
Q105511130	6000000024221036576
Q105511137	6000000015771934271
Q105511141	6000000015772042329
Q105511144	6000000015772039627
Q105511165	6000000093994877824
Q105511178	6000000026380773086
Q105511187	6000000027523019665
Q105511190	6000000040123398692
Q105511192	6000000002765614864
Q105511203	6000000056683087933
Q105511221	6000000050556154926
Q105511238	6000000021063426243
Q105511241	6000000010611939600
Q105511252	6000000189601982827
Q105511255	6000000002827177386
Q105511261	6000000002827267335
Q105511273	6000000033353730045
Q105511291	6000000178204477824
Q105511300	6000000019358346444
Q105511330	6000000037160311279
Q105511370	6000000032240337874
Q105511377	6000000032102909131
Q105511382	6000000016231860385
Q105511393	6000000004150447915
Q105511396	6000000032102262577
Q105511399	6000000001356722949
Q105511415	6000000031874519653
Q105511429	6000000125983835056
Q105511436	6000000192927235889
Q105511467	6000000186191219844
Q105511472	6000000022552439662
Q105511479	6000000186191046841
Q105511509	6000000181988586871
Q105511512	6000000022420667190
Q105511518	6000000022420388699
Q105511522	6000000098512868821
Q105511538	6000000006873114187
Q105511542	6000000059727573088
Q105511546	6000000059727683084
Q105511564	6000000017971919273
Q105511593	6000000021214179463
Q105512264	6000000009377453895
Q105512269	6000000011797141364
Q105512271	6000000072724388176
Q105512283	6000000023172901038
Q105512295	6000000018329068220
Q105512317	6000000035024417973
Q105512318	6000000002361933884
Q105512321	6000000201484520837
Q105512326	6000000195741385901
Q105512329	6000000113444906987
Q105512331	6000000043827889842
Q105512340	6000000216513776821
Q105512344	6000000169295267873
Q105512351	6000000121119632940
Q105512354	6000000191471026833
Q105512359	6000000193629663869
Q105512363	6000000214933037865
Q105512366	6000000186029574890
Q105512367	6000000202215881862
Q105512371	6000000205790620888
Q105512378	6000000020971809782
Q105512388	6000000073868159180
Q105512396	6000000113450140010
Q105512399	6000000031064863231
Q105512401	6000000073063352272
Q105512405	6000000016623134578
Q105512410	6000000175054542876
Q105512416	6000000035665441776
Q105512421	6000000003401091714
Q105512425	6000000191981062850
Q105512428	6000000023469904965
Q105512435	6000000035562974183
Q105512552	6000000131779259880
Q105512631	6000000046689086164
Q105512751	6000000064865319259
Q105512770	6000000077324587000
Q105512830	6000000179287711874
Q105512851	6000000076152900821
Q105512873	6000000200546847933
Q105512884	6000000015108871789
Q105512921	6000000178715103822
Q105512954	6000000006817922165
Q105512961	6000000151967248821
Q105512992	6000000187920570858
Q105513059	303633469420003804
Q105513150	6000000181831495821
Q105513187	6000000053912399821
Q105513191	6000000047592287831
Q105513284	6000000024728192383
Q105513285	6000000185589713120
Q105513312	6000000003514051768
Q105513361	6000000047591010869
Q105513442	6000000016383022376
Q105513444	6000000019543676256
Q105513445	6000000178197020836
Q105513446	6000000019203773891
Q105513447	6000000042085005136
Q105513448	6000000100800606310
Q105513449	6000000014081705634
Q105513451	6000000025498342301
Q105513452	6000000014128895202
Q105513454	6000000037687608489
Q105513459	6000000177847040840
Q105513462	6000000059271366836
Q105513465	6000000084791302867
Q105513468	6000000017787988691
Q105513471	6000000076913671679
Q105513472	6000000002903831713
Q105513474	6000000070497335192
Q105513475	6000000002885946266
Q105513477	6000000008794973461
Q105513482	6000000079210483182
Q105513485	6000000084686438444
Q105513486	6000000032105875037
Q105513487	6000000032098700364
Q105513492	6000000086969114014
Q105513493	6000000020758995160
Q105513494	367938245840013831
Q105513495	6000000185087433869
Q105513497	6000000088555821058
Q105513498	6000000185087850852
Q105513500	6000000080119301923
Q105513501	6000000044585535424
Q105513502	6000000039303912087
Q105513503	6000000039303551519
Q105513508	6000000053004192638
Q105513509	6000000021882625983
Q105513511	6000000053004814187
Q105513514	6000000025346153025
Q105513516	6000000039303655235
Q105513518	6000000025348895033
Q105513519	6000000039304007947
Q105513520	6000000051548606827
Q105513526	6000000011412613737
Q105513529	6000000081871853086
Q105513538	6000000018370309126
Q105513542	6000000066763456973
Q105513550	6000000200443430869
Q105513552	6000000074786601902
Q105513557	6000000074785123849
Q105513558	6000000040562884158
Q105513562	6000000058149920357
Q105513563	6000000004589978015
Q105513566	6000000014948612195
Q105513568	6000000100204665940
Q105513569	6000000153776879858
Q105513577	6000000076716906416
Q105513578	6000000066763095153
Q105513579	6000000018912726820
Q105513582	6000000156827317836
Q105513587	6000000034647878218
Q105513589	6000000014722499740
Q105513591	6000000178114799822
Q105513596	6000000034648389873
Q105513599	6000000016885971287
Q105513600	6000000034692520169
Q105513601	6000000026384724936
Q105513602	6000000058000975875
Q105513605	6000000021549560942
Q105513606	6000000053810546821
Q105513609	6000000041928247721
Q105513610	6000000038686474881
Q105513611	6000000041915429038
Q105513617	6000000058701841961
Q105513619	6000000017251489329
Q105513620	6000000178639519844
Q105513621	6000000031986250126
Q105513628	6000000081972536990
Q105513630	6000000023008886230
Q105513631	6000000018516149367
Q105513632	6000000009710332164
Q105513634	6000000044828655882
Q105513635	6000000150764775828
Q105513636	6000000011892424358
Q105513642	6000000011892298580
Q105513644	6000000150763842833
Q105513650	6000000174120341903
Q105513661	6000000174118439644
Q105513669	6000000038017621820
Q105513670	6000000103389268488
Q105513672	6000000007131948695
Q105513674	6000000033368665821
Q105513917	6000000001225731076
Q105514339	6000000010755095481
Q105514343	6000000025413766898
Q105514349	6000000011455440678
Q105514354	6000000004190490625
Q105514356	6000000001289961254
Q105514360	6000000013143660429
Q105514361	6000000002802133768
Q105514363	6000000019324989184
Q105514367	6000000204508258843
Q105514382	6000000052275904860
Q105514867	6000000076034210074
Q105515053	6000000007852517210
Q105515123	6000000017902252178
Q105515738	6000000008474953704
Q105515748	6000000036290904976
Q105515774	6000000037103400540
Q105515870	6000000019748831414
Q105515938	6000000003239281868
Q105516023	6000000019736660186
Q105516026	6000000030193860449
Q105516747	6000000017295878387
Q105516748	6000000017296546364
Q105516749	6000000077067033847
Q105516763	6000000122281375929
Q105516766	6000000033919139899
Q105516767	6000000096301378888
Q105516769	6000000076456849064
Q105516771	6000000077618497943
Q105516772	6000000019751800033
Q105516774	6000000030179275869
Q105516775	6000000077163210608
Q105516783	6000000033919005982
Q105516784	6000000033918627552
Q105516786	6000000077163943040
Q105516787	6000000038476580437
Q105516790	6000000009034010919
Q105516793	6000000036439573720
Q105516795	6000000020377983166
Q105516797	6000000040336530404
Q105516801	6000000038734159935
Q105516803	6000000014780758430
Q105516806	6000000016700235306
Q105516811	6000000182828849821
Q105516812	6000000035912165306
Q105516813	6000000037946070376
Q105516814	6000000178364773843
Q105516815	6000000080636428335
Q105516816	6000000178364700879
Q105516819	6000000034395045285
Q105516821	6000000035453460001
Q105516822	6000000035254086084
Q105516823	6000000035258359868
Q105516825	6000000035261510216
Q105516827	6000000035256224115
Q105516828	6000000109771216835
Q105516829	6000000128575739893
Q105516830	6000000035320272844
Q105516835	6000000035253383272
Q105516838	6000000035284551506
Q105516840	6000000019772053125
Q105516843	6000000035261815995
Q105516844	6000000035257888498
Q105516845	6000000002765621285
Q105516848	6000000178098358903
Q105516849	6000000028708718067
Q105516850	6000000091027805880
Q105516852	6000000029781967223
Q105516853	6000000081327076982
Q105516855	6000000098155197338
Q105516859	6000000111000341896
Q105516860	6000000082649154212
Q105516862	6000000019738698051
Q105516863	6000000072813523934
Q105516865	6000000072804119491
Q105516866	6000000082650053843
Q105516867	6000000196882565824
Q105516868	6000000019643320807
Q105516869	6000000084484270051
Q105516870	6000000032395727408
Q105516873	6000000034029599907
Q105516878	6000000016510289051
Q105516879	6000000026348066965
Q105516887	6000000014386879917
Q105516890	6000000061481720957
Q105516891	6000000052975575333
Q105516892	6000000095383157823
Q105516895	6000000056240904833
Q105516896	6000000056240828833
Q105516901	6000000033098215946
Q105516908	6000000125472546821
Q105516909	6000000125468300833
Q105516910	6000000018700045590
Q105516912	6000000021535736644
Q105516913	6000000063601447821
Q105516914	6000000063643836042
Q105516915	6000000035433760969
Q105516916	6000000049225404893
Q105516919	6000000058575973971
Q105516921	6000000164014806035
Q105516929	6000000169683249985
Q105516930	6000000025686933974
Q105516932	6000000083081927901
Q105516935	6000000019099093877
Q105516936	6000000177701029826
Q105516944	6000000159251153854
Q105516946	6000000004589974807
Q105516947	6000000023889624340
Q105516948	6000000018677107218
Q105516950	6000000038364008495
Q105516951	6000000022251085455
Q105516954	6000000036682299107
Q105516955	6000000024626567636
Q105516957	6000000046659110239
Q105516958	6000000037696681861
Q105516959	6000000039596294452
Q105516963	6000000062623645020
Q105516964	6000000037626553071
Q105516965	6000000043967806020
Q105516966	6000000093056702994
Q105516968	6000000044372462908
Q105516969	6000000093964870106
Q105516972	6000000019703894694
Q105516977	6000000208359840821
Q105516978	6000000059760901871
Q105516980	6000000201583794828
Q105516987	6000000024004916785
Q105516989	6000000188873243848
Q105516991	6000000201610218822
Q105516992	6000000014906551013
Q105516994	6000000071739126885
Q105516995	6000000019685675085
Q105516997	6000000018335372725
Q105516998	6000000019537442635
Q105516999	6000000018328511500
Q105517002	6000000067340006120
Q105517003	6000000018335634815
Q105517004	6000000207957706835
Q105517007	6000000046416440959
Q105517008	6000000048598376344
Q105517010	6000000069622881881
Q105517012	6000000069626176821
Q105517013	6000000207936341826
Q105517017	6000000069625035822
Q105517019	6000000069625179821
Q105517021	6000000048309157880
Q105517024	6000000046416307879
Q105517028	6000000077755746889
Q105517032	6000000201986154829
Q105517035	6000000131754937074
Q105517039	6000000199557306942
Q105517047	6000000090975781847
Q105517048	6000000090975387886
Q105517051	6000000090974806909
Q105517054	6000000078488966904
Q105517055	6000000017885724740
Q105517056	6000000079579139960
Q105517058	6000000018262292143
Q105517061	6000000028517136164
Q105517069	6000000014772892556
Q105517070	6000000176806743834
Q105517081	6000000022609654311
Q105517083	6000000067960537126
Q105517086	6000000022613228958
Q105517090	6000000011860551714
Q105517096	6000000002352102326
Q105517097	6000000178227853854
Q105517103	6000000048571680137
Q105517104	6000000048572133924
Q105517109	6000000024460136950
Q105517126	6000000043130280654
Q105517127	6000000080616935959
Q105517128	6000000024091823043
Q105517129	6000000019961680368
Q105517131	6000000019962632285
Q105517133	6000000020269309269
Q105517135	6000000010846547119
Q105517138	6000000027673665209
Q105517141	6000000163418987362
Q105517143	6000000163424233944
Q105517146	6000000163420251987
Q105517147	6000000163424218859
Q105517148	6000000163420126001
Q105517149	6000000163423190365
Q105517151	6000000163423777971
Q105517152	6000000089533120106
Q105517153	6000000163422907485
Q105517154	6000000163418123593
Q105517157	6000000163419633978
Q105517158	6000000163419670977
Q105517160	6000000071701319974
Q105517166	6000000104786257910
Q105517169	6000000063441741822
Q105517175	6000000063441056128
Q105517183	6000000071061331042
Q105517184	6000000015348126159
Q105517188	6000000015128185264
Q105517189	6000000015128132665
Q105517190	6000000015348174135
Q105517191	6000000015348159385
Q105517193	6000000015127763841
Q105517195	6000000015348219002
Q105517196	6000000071061140993
Q105517199	6000000015347912336
Q105517200	6000000075576283971
Q105517201	6000000075614562159
Q105517203	6000000075576594018
Q105517204	6000000156982015823
Q105517208	6000000075615936843
Q105517211	6000000075614473198
Q105517213	6000000030731922500
Q105517216	6000000075614960927
Q105517219	6000000017838371984
Q105517220	6000000017838053981
Q105517221	6000000022205468842
Q105517222	6000000022205016752
Q105517223	6000000042197722803
Q105517225	6000000017838498686
Q105517226	6000000022205428102
Q105517227	6000000022205365161
Q105517229	6000000022205074620
Q105517230	6000000022205222595
Q105517232	6000000022205108702
Q105517244	6000000015508003368
Q105517245	6000000015609562550
Q105517247	6000000040472420495
Q105517249	6000000040469014805
Q105517251	6000000015609648299
Q105517253	6000000015507890441
Q105517254	6000000036506885254
Q105517259	6000000016578162003
Q105517260	6000000034481299532
Q105517262	6000000025970499693
Q105517264	6000000024824300309
Q105517265	6000000085264692279
Q105517266	6000000048517199366
Q105517267	6000000121669120890
Q105517268	6000000048517528010
Q105517269	6000000026364774314
Q105517271	6000000003538586008
Q105517272	6000000078570408931
Q105517276	6000000035197229925
Q105517277	6000000009098869503
Q105517280	6000000077806772266
Q105517283	6000000057845270905
Q105517284	6000000057845164018
Q105517288	6000000078570191128
Q105517289	6000000041997272268
Q105517294	6000000025820970765
Q105517295	6000000121672922855
Q105517297	6000000005428192414
Q105517299	6000000026026171991
Q105517301	6000000083462457014
Q105517302	6000000066106192929
Q105517303	6000000028791459967
Q105517305	6000000024199866481
Q105517309	6000000079261976051
Q105517310	6000000079655122090
Q105517315	6000000025999971165
Q105517317	6000000024199576436
Q105517319	6000000023993721532
Q105517321	6000000025969305246
Q105517323	6000000015750500015
Q105517324	6000000025969427226
Q105517326	6000000123060403826
Q105517328	6000000024157086624
Q105517329	6000000044829759932
Q105517330	6000000016532719127
Q105517333	6000000175237884759
Q105517334	6000000035533615947
Q105517335	6000000025928984608
Q105517336	6000000028790488892
Q105517340	6000000023993753381
Q105517343	6000000005428098539
Q105517344	6000000058647113857
Q105517347	6000000018963968319
Q105517349	6000000058647538841
Q105517350	6000000026026254820
Q105517353	6000000028708138032
Q105517357	6000000028791493029
Q105517358	6000000079655365007
Q105517359	6000000025969215341
Q105517360	6000000014713468568
Q105517362	6000000026887330177
Q105517365	6000000033369379083
Q105517367	6000000131115102834
Q105517369	6000000066106294890
Q105517370	6000000025999159797
Q105517371	6000000028605792049
Q105517374	6000000018231674191
Q105517375	6000000021026015363
Q105517376	6000000025969419608
Q105517377	6000000024199637439
Q105517378	6000000022907969664
Q105517379	6000000017604191968
Q105517381	6000000018340793682
Q105517383	6000000026890487268
Q105517384	6000000058647254867
Q105517386	6000000021026468821
Q105517387	6000000035533089121
Q105517390	6000000025999975765
Q105517391	6000000106433914899
Q105517393	6000000124113421862
Q105517395	6000000026012958988
Q105517396	6000000013774508413
Q105517400	6000000196786542882
Q105517405	6000000019332225663
Q105517406	6000000026025799201
Q105517407	6000000026887145260
Q105517409	6000000042012718057
Q105517410	6000000058649507856
Q105517413	6000000026000198513
Q105517414	6000000025999797790
Q105517416	6000000028791348209
Q105517417	6000000021850579340
Q105517418	6000000014713577638
Q105517420	6000000106433510841
Q105517437	6000000104907550919
Q105517440	6000000001805396621
Q105517441	6000000001805396637
Q105517442	6000000030114045598
Q105517444	6000000050753401171
Q105517453	6000000119920498838
Q105517455	6000000019262450102
Q105517459	6000000030474010464
Q105517471	6000000018318712440
Q105517474	6000000119868601821
Q105517476	6000000087895508002
Q105517477	6000000003217832916
Q105517482	6000000030476248504
Q105517490	6000000025678823191
Q105517495	6000000013125820258
Q105517497	6000000023350950834
Q105517500	6000000066392058824
Q105517501	6000000085784870831
Q105517503	6000000001805389503
Q105517504	6000000051035082079
Q105517506	6000000001805396675
Q105517508	6000000014830555394
Q105517515	6000000024906055365
Q105517517	6000000106740111841
Q105517525	6000000097344103935
Q105517534	6000000001805396703
Q105517541	6000000001805396663
Q105517543	6000000001805396691
Q105517545	6000000051036644884
Q105517552	6000000013125484700
Q105517553	6000000019110614241
Q105517558	6000000026638399638
Q105517559	6000000051034161829
Q105517563	6000000040654982890
Q105517565	6000000036185507423
Q105517566	6000000051038005916
Q105517567	6000000029197831143
Q105517569	6000000051038006823
Q105517573	6000000023351153971
Q105517576	6000000014207024834
Q105517578	6000000062727012643
Q105517580	6000000002784662195
Q105517585	6000000194423573845
Q105517590	6000000023351600825
Q105517605	6000000029197616448
Q105517606	6000000182205609949
Q105517610	6000000046083804878
Q105517612	6000000051048199859
Q105517620	6000000001805396774
Q105517627	6000000024906055360
Q105517634	6000000051034719882
Q105517642	6000000106893750955
Q105517644	6000000021935331913
Q105517652	6000000002912022729
Q105517653	6000000026641987952
Q105517655	6000000036880594427
Q105517658	6000000021264556715
Q105517668	6000000182208090821
Q105517676	6000000003217651842
Q105517677	6000000003217856268
Q105517680	6000000034418357643
Q105517681	6000000003217846044
Q105517683	6000000029197567720
Q105517687	6000000124654392908
Q105517689	6000000036169340221
Q105517702	6000000201990929825
Q105517703	6000000009509875981
Q105517704	6000000201991550822
Q105517705	6000000015578692207
Q105517706	6000000027836071264
Q105517707	6000000010700910518
Q105517708	6000000035564158390
Q105517709	6000000024449837909
Q105517713	6000000020691584707
Q105517714	6000000024376979843
Q105517716	6000000055196862831
Q105517717	6000000024376487397
Q105517718	6000000015578484641
Q105517721	6000000024376942398
Q105517723	6000000035563738811
Q105517727	6000000077471864836
Q105517729	6000000077471546274
Q105517730	6000000018779720732
Q105517741	6000000017688630413
Q105517746	6000000017641928830
Q105517748	6000000108791762827
Q105517753	6000000068750419057
Q105517754	6000000000651967505
Q105517755	6000000139503864876
Q105517760	6000000037540235639
Q105517777	6000000164558651821
Q105517779	6000000024516677883
Q105517784	6000000019401657862
Q105517790	6000000164559854821
Q105517792	6000000111145071863
Q105517793	6000000040821228003
Q105517795	6000000024516771939
Q105517796	6000000059175922427
Q105517797	6000000061478879857
Q105517803	6000000024516245371
Q105517806	6000000030666563359
Q105517808	6000000033257762045
Q105517809	6000000000651805431
Q105517810	6000000033187744880
Q105517812	6000000111143850163
Q105517815	6000000089255883954
Q105517818	6000000033187683101
Q105517828	6000000017688487888
Q105517831	6000000031011285211
Q105517832	6000000074155792823
Q105517837	6000000139504034842
Q105517847	6000000033257885706
Q105517848	6000000130565459848
Q105517855	6000000020204501964
Q105517856	6000000039726019485
Q105517861	6000000030665806124
Q105517862	6000000063783450039
Q105517867	6000000110986143883
Q105517868	6000000030665802092
Q105517876	6000000111145051845
Q105517877	6000000030667096454
Q105517880	6000000021489479326
Q105517882	6000000039739660483
Q105517884	6000000039726844184
Q105517885	6000000024263534205
Q105517888	6000000139504335837
Q105517890	6000000024516309410
Q105517891	6000000108808836821
Q105517892	6000000000645450884
Q105517899	6000000130840347821
Q105517906	6000000019383961988
Q105517908	6000000108795222821
Q105517912	6000000039739441760
Q105517913	6000000111144858973
Q105517914	6000000030666740792
Q105517915	6000000033190127883
Q105517921	6000000037882758096
Q105517922	6000000080784829834
Q105517929	6000000021566801706
Q105517932	6000000071475608881
Q105517934	6000000193761158837
Q105517938	6000000211966557847
Q105517943	6000000027150449181
Q105517944	6000000141474705826
Q105517950	6000000173120309864
Q105517953	6000000017827256826
Q105517956	6000000024630937926
Q105517959	6000000035868597948
Q105517960	6000000056977154952
Q105517967	6000000022578035435
Q105517969	6000000038458990343
Q105517970	6000000129505501899
Q105517971	6000000078533133846
Q105517972	6000000181012202942
Q105517973	6000000180962826824
Q105517979	6000000176978399822
Q105517982	6000000025607455984
Q105517984	6000000176975642843
Q105517986	6000000176978242825
Q105517988	6000000023729187889
Q105517991	6000000000643216790
Q105517995	6000000084935197936
Q105517997	6000000014892679001
Q105518	6000000066765399900
Q105518000	6000000022172414989
Q105518001	6000000071117342881
Q105518008	6000000019109800038
Q105518009	6000000024581066369
Q105518016	6000000057770004821
Q105518017	6000000019109203665
Q105518018	6000000195227523833
Q105518019	6000000018273188572
Q105518023	6000000050173833258
Q105518027	6000000037635953847
Q105518034	6000000013761319401
Q105518041	6000000030877273495
Q105518044	6000000013774729793
Q105518046	6000000172628549209
Q105518048	6000000071117069140
Q105518052	6000000022557199726
Q105518054	6000000030638993631
Q105518056	6000000024580784415
Q105518057	6000000084939877016
Q105518061	6000000184486437852
Q105518065	6000000071117194840
Q105518066	6000000029718063553
Q105518068	6000000008672918550
Q105518070	6000000084939239432
Q105518071	6000000013774912002
Q105518072	6000000084940848962
Q105518073	6000000022172310088
Q105518074	6000000164468343858
Q105518075	6000000084935265963
Q105518076	6000000041473418934
Q105518078	6000000195806990892
Q105518079	6000000014892715005
Q105518080	6000000151432991665
Q105518082	6000000085035662539
Q105518083	6000000051024396994
Q105518084	6000000216141982835
Q105518087	6000000084932230524
Q105518091	6000000195808826840
Q105518097	6000000022204521012
Q105518103	6000000083646143830
Q105518104	6000000041090082876
Q105518105	6000000162637718821
Q105518106	6000000140681845881
Q105518107	6000000084935003059
Q105518110	6000000151977339830
Q105518112	6000000083471342655
Q105518115	6000000014892661024
Q105518117	6000000019109857041
Q105518118	6000000057770806177
Q105518119	6000000018618184104
Q105518121	6000000022176478337
Q105518122	6000000022172349346
Q105518127	6000000034037844126
Q105518131	6000000069581276880
Q105518132	6000000051854507876
Q105518133	6000000079923026821
Q105518136	6000000064195712916
Q105518137	6000000064195780938
Q105518138	6000000170019021837
Q105518139	6000000018701124962
Q105518140	6000000083546343695
Q105518141	6000000082921817213
Q105518142	6000000082932745593
Q105518144	6000000083565596962
Q105518148	6000000049486178969
Q105518152	6000000018164482240
Q105518153	6000000050888766935
Q105518154	6000000059839331841
Q105518158	6000000023700713412
Q105518160	6000000023700629542
Q105518162	6000000064006657830
Q105518164	6000000025331667620
Q105518165	6000000035747387366
Q105518166	6000000073581704177
Q105518167	6000000009394159496
Q105518169	6000000101447505329
Q105518173	6000000075573410267
Q105518175	6000000074328065010
Q105518176	6000000001834879205
Q105518181	6000000073582003865
Q105518182	6000000073521433841
Q105518183	6000000073581497270
Q105518184	6000000179735868827
Q105518185	6000000093280601958
Q105518187	6000000069580034834
Q105518190	6000000015945844121
Q105518192	6000000165813308227
Q105518194	6000000043112499606
Q105518195	6000000035415778356
Q105518201	6000000014486011092
Q105518205	6000000016871803349
Q105518209	6000000034483665860
Q105518215	6000000034477099087
Q105518216	6000000034483360297
Q105518221	6000000079362053479
Q105518234	6000000037720259888
Q105518236	6000000204445396930
Q105518242	6000000044154125226
Q105518243	6000000043707815385
Q105518244	6000000043701570009
Q105518245	6000000043701305159
Q105518251	6000000082509125864
Q105518252	6000000085210991062
Q105518254	6000000065393010821
Q105518255	6000000016226517698
Q105518256	6000000073827254141
Q105518257	6000000066269766984
Q105518259	6000000043176082921
Q105518262	6000000043175991365
Q105518264	6000000043176217100
Q105518265	6000000188107335822
Q105518268	6000000043173675102
Q105518273	6000000012700022496
Q105518274	6000000024365249144
Q105518275	6000000034094974088
Q105518276	6000000037873682904
Q105518277	6000000023223485879
Q105518278	6000000204447384851
Q105518281	6000000204446386881
Q105518285	6000000197875985822
Q105518287	6000000004590236142
Q105518288	6000000069942721011
Q105518289	6000000147311573916
Q105518292	6000000177256347832
Q105518293	6000000048519710008
Q105518295	6000000122263783821
Q105518298	6000000188107625834
Q105518303	6000000083257663615
Q105518304	6000000174785398140
Q105518306	6000000014706277877
Q105518307	6000000017673463081
Q105518309	6000000116350490863
Q105518310	6000000031587840940
Q105518311	6000000031587912897
Q105518312	6000000031586562618
Q105518313	6000000185401033848
Q105518317	6000000029924957031
Q105518318	6000000103259837852
Q105518319	6000000028082038652
Q105518320	6000000029924998936
Q105518321	6000000122565032821
Q105518324	6000000029924623684
Q105518326	6000000121566356902
Q105518327	6000000016999359189
Q105518328	6000000121566287010
Q105518329	6000000103300241833
Q105518330	6000000103299218839
Q105518331	6000000103300209924
Q105518333	6000000103298284961
Q105518337	6000000026039307262
Q105518339	6000000078957850572
Q105518343	6000000015331801418
Q105518345	6000000121655308931
Q105518346	6000000031587906921
Q105518349	6000000103258737835
Q105518353	6000000078958644903
Q105518354	6000000163324387861
Q105518360	6000000078957064738
Q105518361	6000000057128004836
Q105518362	6000000017717838431
Q105518363	6000000093511364106
Q105518364	6000000109765229852
Q105518366	6000000109765098986
Q105518368	6000000022189401090
Q105518372	6000000025597978242
Q105518378	6000000192729842877
Q105518379	6000000093511937905
Q105518383	6000000109765283889
Q105518385	6000000109763175715
Q105518389	6000000018224499486
Q105518391	6000000052748289831
Q105518392	6000000077466614369
Q105518393	6000000121655641825
Q105518395	6000000022795143991
Q105518399	6000000057127756954
Q105518400	6000000019099340020
Q105518401	6000000057222832865
Q105518403	6000000014853328894
Q105518404	6000000019099045389
Q105518408	6000000015626868671
Q105518409	6000000103279192199
Q105518411	6000000034900818928
Q105518412	6000000019602422792
Q105518413	6000000054426840928
Q105518415	6000000014979941546
Q105518416	6000000022795216879
Q105518417	6000000109764906983
Q105518418	6000000109761982812
Q105518430	6000000175801726055
Q105518431	6000000180514819843
Q105518432	6000000191995755009
Q105518436	6000000018233892377
Q105518437	6000000018233593570
Q105518441	6000000012253468203
Q105518444	6000000073269600821
Q105518446	6000000173776549844
Q105518449	6000000018233729905
Q105518453	6000000123502171841
Q105518454	6000000012451570031
Q105518458	6000000012452449284
Q105518459	6000000068531119982
Q105518460	6000000015150091583
Q105518462	6000000077804191828
Q105518463	6000000022025804285
Q105518467	6000000085701957859
Q105518469	6000000022025765130
Q105518471	6000000019099093233
Q105518472	6000000019098780572
Q105518474	6000000072725335890
Q105518479	6000000073357759853
Q105518483	6000000073357955905
Q105518491	6000000090770744988
Q105518492	6000000019359582086
Q105518493	6000000009929511858
Q105518498	6000000019834367022
Q105518499	6000000165983674939
Q105518502	6000000003496768496
Q105518503	6000000003509588443
Q105518504	6000000003509275986
Q105518505	6000000003340365908
Q105518506	6000000003340413674
Q105518507	6000000003509816138
Q105518508	6000000003480239304
Q105518509	6000000003509000680
Q105518511	6000000059454054301
Q105518512	6000000024090502938
Q105518513	6000000086644060027
Q105518514	6000000059456586942
Q105518517	6000000079461866836
Q105518518	6000000019505337721
Q105518521	6000000019700515791
Q105518525	6000000083525724133
Q105518527	6000000098227578821
Q105518528	6000000019832089384
Q105518529	375440583230004707
Q105518535	6000000010917744696
Q105518539	6000000033577799873
Q105518542	6000000006787856480
Q105518543	6000000018299018262
Q105518546	6000000006787840367
Q105518547	6000000035011133927
Q105518549	6000000035012260424
Q105518553	6000000004590220195
Q105518556	6000000060171363919
Q105518560	6000000080820029244
Q105518562	6000000013885933817
Q105518563	6000000100530249821
Q105518564	6000000014934471695
Q105518566	6000000113722199054
Q105518567	6000000015107953692
Q105518568	6000000017300066220
Q105518571	6000000079822915977
Q105518573	6000000017299567865
Q105518577	6000000019153586997
Q105518583	6000000153729647836
Q105518588	6000000088235385821
Q105518590	6000000088240858910
Q105518592	6000000057412468889
Q105518594	6000000106603759014
Q105518597	6000000036464533310
Q105518598	6000000015883706071
Q105518599	6000000028005057686
Q105518600	6000000041651506768
Q105518601	6000000017299779306
Q105518602	6000000179628844869
Q105518605	6000000036212234718
Q105518608	6000000077961070912
Q105518613	6000000015106487522
Q105518616	6000000065921670947
Q105518617	6000000092902266032
Q105518620	6000000016582751377
Q105518621	6000000041651823715
Q105518622	6000000088235335885
Q105518627	6000000180741815868
Q105518636	6000000105896667968
Q105518638	6000000019337441863
Q105518640	6000000018727390714
Q105518646	6000000023873792398
Q105518647	6000000034087184396
Q105518648	6000000176185934853
Q105518650	6000000035936592088
Q105518651	6000000088168022999
Q105518659	6000000019348861564
Q105518662	6000000102578743202
Q105518668	6000000102580191029
Q105518673	6000000078536259938
Q105518674	6000000198400370845
Q105518675	6000000182557008825
Q105518676	6000000153620164821
Q105518677	6000000204519324822
Q105518679	6000000080697301419
Q105518680	6000000034087820935
Q105518681	6000000036217343555
Q105518683	6000000036216899629
Q105518684	6000000079796793837
Q105518686	6000000073044615874
Q105518687	6000000086537484867
Q105518691	6000000036222093880
Q105518694	6000000141066027090
Q105518696	6000000024700930669
Q105518698	6000000073043515137
Q105518699	6000000102837903952
Q105518701	6000000086536857867
Q105518703	6000000065329675909
Q105518706	6000000024700850505
Q105518708	6000000181410748834
Q105518709	6000000206149230850
Q105518711	6000000142638070972
Q105518716	6000000086964419835
Q105518717	6000000088167575021
Q105518723	6000000036221749152
Q105518725	6000000053494370051
Q105518727	6000000083895395271
Q105518728	6000000083649812603
Q105518729	6000000112719697032
Q105518731	6000000023712098264
Q105518733	6000000083895974077
Q105518735	6000000092551569187
Q105518736	6000000023753157675
Q105518738	6000000153730254852
Q105518742	6000000085573222890
Q105518744	6000000057412491878
Q105518746	6000000129877418834
Q105518748	6000000079796207961
Q105518749	6000000088168853885
Q105518756	6000000086536799917
Q105518757	6000000175584666848
Q105518759	6000000188131688823
Q105518760	6000000086965026823
Q105518762	6000000088235423836
Q105518763	6000000023753154545
Q105518764	6000000014934558425
Q105518768	6000000106605589832
Q105518781	6000000018727240771
Q105518788	6000000070731038453
Q105518789	6000000176188001904
Q105518791	6000000019535010483
Q105518792	6000000083895998072
Q105518793	6000000018727305727
Q105518795	6000000086963821080
Q105518798	6000000034087307252
Q105518799	6000000034087577119
Q105518801	6000000160021290833
Q105518805	6000000052800333993
Q105518806	6000000036218764940
Q105518808	6000000018711055541
Q105518811	6000000085573145896
Q105518812	6000000083650425118
Q105518813	6000000024337582847
Q105518816	6000000073043235899
Q105518818	6000000023711902510
Q105518819	6000000023753413385
Q105518821	6000000017147999119
Q105518828	5717550863200113981
Q105518829	6000000088234816967
Q105518831	6000000186240639864
Q105518833	6000000102580466972
Q105518835	6000000173649752119
Q105518837	6000000153730451821
Q105518845	6000000036222108175
Q105518849	6000000019686638258
Q105518850	6000000031046517730
Q105518854	6000000070086267148
Q105518855	6000000112722802827
Q105518856	6000000188249443821
Q105518857	6000000026641686012
Q105518859	6000000077960980849
Q105518860	6000000190552846824
Q105518862	6000000102838000864
Q105518863	6000000180740521907
Q105518864	6000000179628975840
Q105518865	6000000204519902822
Q105518866	6000000173650017094
Q105518868	6000000057803805990
Q105518869	6000000129876877931
Q105518871	6000000053035917953
Q105518872	6000000204520180821
Q105518876	6000000018727414216
Q105518879	6000000034087279040
Q105518882	6000000088239487879
Q105518883	6000000092556732932
Q105518885	6000000112856623153
Q105518886	6000000129877465882
Q105518887	6000000112857819833
Q105518888	6000000092844296835
Q105518889	6000000080696604040
Q105518893	6000000018727372813
Q105518894	6000000014515450365
Q105518900	6000000030960396298
Q105518902	6000000059217934212
Q105518903	6000000001576318022
Q105518904	6000000024211484037
Q105518905	6000000092898010508
Q105518909	6000000104704682400
Q105518912	6000000082406588919
Q105518913	6000000082411912237
Q105518914	6000000173419976884
Q105518915	6000000014290257786
Q105518918	6000000071878575975
Q105518927	6000000020278190238
Q105518928	6000000066656941600
Q105518929	6000000033901821966
Q105518931	6000000162503035838
Q105518941	6000000204547361822
Q105518943	6000000026039759361
Q105518945	6000000026039864687
Q105518949	6000000030488520669
Q105518951	6000000077307700112
Q105518952	6000000034696839235
Q105518954	6000000014799335667
Q105518955	6000000014558451087
Q105518956	6000000033979357856
Q105518961	6000000071061916952
Q105518962	6000000080063717254
Q105518963	6000000017026437900
Q105518965	6000000014800628189
Q105518966	6000000021406670948
Q105518967	6000000014800725220
Q105518969	6000000040101257151
Q105518971	6000000034696992447
Q105518972	6000000064786940862
Q105518976	6000000127475708822
Q105518979	6000000071803163892
Q105518981	6000000017796357826
Q105518982	6000000029799264551
Q105518983	6000000051082552035
Q105518984	5693261230800124174
Q105519034	6000000084541805019
Q105519035	6000000163419882937
Q105519037	6000000068750600918
Q105519041	6000000016213989115
Q105519042	6000000109765330943
Q105519046	6000000088168310923
Q105519051	6000000092446696091
Q105519364	6000000177746993047
Q105519502	6000000029782116340
Q105519632	6000000017807157598
Q105519634	6000000016104292403
Q105519635	6000000043377844646
Q105519638	6000000034696759252
Q105519642	6000000017544276210
Q105519643	6000000076967913789
Q105519646	6000000017807271253
Q105519647	6000000127467938073
Q105519652	6000000017298056761
Q105519654	6000000179691147009
Q105519657	6000000017298078874
Q105519662	6000000037250730123
Q105519663	6000000033978468385
Q105519664	6000000043379325129
Q105519665	6000000014558451098
Q105519666	6000000092447402844
Q105519667	6000000092564224287
Q105519668	6000000087197337044
Q105519669	6000000071802985282
Q105519671	6000000127659939843
Q105519673	6000000029799652280
Q105519675	6000000055455319290
Q105519676	6000000017298212407
Q105519677	6000000034696902678
Q105519680	6000000017796557368
Q105519681	6000000034697399827
Q105519688	6000000014800539587
Q105519689	6000000034697573108
Q105519694	6000000071803010660
Q105519697	6000000087197368067
Q105519699	6000000074604990836
Q105519715	6000000054284722874
Q105519716	6000000054285006824
Q105519721	6000000205457975935
Q105519722	6000000173349620822
Q105519724	6000000080598397923
Q105519727	6000000079892449823
Q105519728	6000000084996062138
Q105519729	6000000085482205142
Q105519740	6000000024506130837
Q105519741	6000000015117509153
Q105519742	6000000022349134315
Q105519744	6000000181474523835
Q105519748	6000000012688236661
Q105519749	6000000022966912269
Q105519757	6000000035886584986
Q105519760	6000000024285373957
Q105519767	6000000143200323891
Q105519770	6000000012688083004
Q105519772	6000000144181205824
Q105519782	6000000177794561857
Q105519783	6000000204653742823
Q105519784	6000000080598315013
Q105519786	6000000081648232423
Q105519788	6000000081648951076
Q105519789	6000000196028279849
Q105519792	6000000144737629823
Q105519794	6000000022967164919
Q105519796	6000000144737544866
Q105519798	6000000052493692861
Q105519799	6000000035782416806
Q105519800	6000000109343242911
Q105519807	6000000035752697335
Q105519813	6000000178640523866
Q105519815	6000000185753176935
Q105519818	6000000144738424962
Q105519820	6000000032042812150
Q105519822	6000000080577454250
Q105519825	6000000144180597024
Q105519826	6000000101365212866
Q105519828	6000000178640685854
Q105519829	6000000196401909885
Q105519831	6000000204688788822
Q105519833	6000000192390830821
Q105519835	6000000109064754020
Q105519836	6000000022966792660
Q105519843	6000000080577998971
Q105519853	6000000155494022821
Q105519854	6000000024506033084
Q105519856	6000000035752639353
Q105519857	6000000203105921821
Q105519859	6000000203054775823
Q105519860	6000000204689176836
Q105519869	6000000033463541893
Q105519870	6000000088662983921
Q105519871	6000000101350592350
Q105519876	6000000144180386982
Q105519883	6000000088663656822
Q105519884	6000000022967290940
Q105519891	6000000144740958841
Q105519895	6000000101365409828
Q105519898	6000000041087530535
Q105519899	6000000080577731275
Q105519900	6000000201147699830
Q105519907	6000000201147599825
Q105519908	6000000202348980839
Q105519909	6000000116867952832
Q105519911	6000000181474224838
Q105519913	6000000084515442948
Q105519915	6000000085483666857
Q105519916	6000000035752573455
Q105519930	6000000152516701823
Q105519932	6000000080597785222
Q105519934	6000000085482094240
Q105519939	6000000115673361006
Q105519942	6000000022349120366
Q105519943	6000000028141621395
Q105519947	6000000051076019821
Q105519948	6000000051075429021
Q105519951	6000000194304146823
Q105519954	4728475888470079446
Q105519956	4728466973250079940
Q105519959	4705504670150035324
Q105519962	4705507896960089747
Q105519964	6000000096058736917
Q105519966	6000000068435108821
Q105519973	6000000018115448044
Q105519974	6000000174936553926
Q105519977	6000000080802405895
Q105519978	6000000009377260612
Q105519984	6000000002764943123
Q105519987	6000000182882060866
Q105519991	6000000031050753263
Q105519992	6000000182883968848
Q105519998	6000000018346021093
Q105519999	6000000018345866430
Q105520000	6000000018345809603
Q105520008	6000000022097631366
Q105520009	6000000078522259971
Q105520011	6000000042648739156
Q105520013	6000000022865504120
Q105520016	6000000173841832938
Q105520017	6000000012993989723
Q105520018	6000000042647146870
Q105520019	6000000078521838499
Q105520021	6000000199698597829
Q105520022	6000000035567623661
Q105520024	6000000017219327323
Q105520026	6000000006953244086
Q105520030	6000000013194048761
Q105520035	6000000173848958833
Q105520036	6000000006953123229
Q105520037	6000000017966545785
Q105520038	6000000009634690758
Q105520042	6000000035568294190
Q105520043	6000000009634910841
Q105520046	6000000044271664855
Q105520047	6000000011708253934
Q105520049	6000000173847821551
Q105520051	6000000017967193496
Q105520052	6000000084426078903
Q105520057	6000000035567364812
Q105520059	6000000165564086945
Q105520062	6000000017218109669
Q105520063	6000000010225290480
Q105520065	6000000013194264411
Q105520066	6000000094125510926
Q105520067	6000000017219367193
Q105520071	6000000018549847197
Q105520072	6000000078522366134
Q105520085	6000000017219247554
Q105520087	6000000017718175732
Q105520088	6000000017718174779
Q105520089	6000000197879323845
Q105520090	6000000033742930238
Q105520091	6000000067268746862
Q105520092	4813790330990042351
Q105520094	6000000208761024822
Q105520103	6000000114058139896
Q105520106	6000000109337540032
Q105520107	6000000016495844037
Q105520108	6000000035266152106
Q105520110	6000000024698899518
Q105520111	6000000082681049132
Q105520112	6000000024698993578
Q105520113	6000000024699077170
Q105520114	6000000035266126269
Q105520115	6000000014687711024
Q105520116	6000000024699130298
Q105520117	6000000082681285164
Q105520119	6000000024699154939
Q105520121	6000000024699027240
Q105520122	6000000035266383867
Q105520125	6000000079289177380
Q105520126	6000000020290910435
Q105520127	6000000068778789956
Q105520129	6000000019402064318
Q105520130	6000000022037398089
Q105520132	6000000073941219846
Q105520135	6000000100251891126
Q105520138	6000000005037862833
Q105520141	6000000017559623158
Q105520144	6000000018798698441
Q105520153	6000000028732733422
Q105520155	6000000204919323822
Q105520158	6000000087624914863
Q105520162	6000000028014389097
Q105520166	6000000008399661282
Q105520172	6000000018224529496
Q105520173	6000000003480315156
Q105520182	6000000019750088219
Q105520190	6000000038024783828
Q105520191	6000000025619135234
Q1055202	6000000145348165059
Q105520220	6000000039124955635
Q105520224	6000000048535280464
Q105520226	6000000069548595134
Q105520227	6000000069549332996
Q105520229	6000000017070642924
Q105520233	6000000084770927005
Q105520234	6000000095784332852
Q105520236	6000000084771435849
Q105520241	6000000095783596860
Q105520244	6000000011578857186
Q105520247	6000000040564801532
Q105520250	6000000051064197829
Q105520253	6000000188185860885
Q105520262	6000000022409431411
Q105520272	6000000020989251173
Q105520279	6000000020989236217
Q105520280	6000000058118355948
Q105520282	6000000008758249359
Q105520283	6000000043909231003
Q105520284	6000000043909125186
Q105520285	6000000071689114821
Q105520286	6000000063154998970
Q105520287	6000000015331715177
Q105520289	6000000063155245854
Q105520294	6000000069576242869
Q105520299	6000000077692040752
Q105520300	6000000027854513829
Q105520302	6000000041445259893
Q105520303	6000000077366009971
Q105520304	6000000077365737231
Q105520306	6000000077364760805
Q105520308	6000000077365721424
Q105520310	6000000027854513834
Q105520311	6000000017617631091
Q105520312	6000000084656185609
Q105520314	6000000052770356014
Q105520315	6000000021194338708
Q105520316	6000000052770021865
Q105520319	6000000192543943848
Q105520329	6000000091687009075
Q105520334	6000000007033603927
Q105520335	6000000194134313826
Q105520336	6000000082950978864
Q105520342	6000000018677485119
Q105520344	6000000082950434100
Q105520349	6000000020531150426
Q105520356	6000000182147421822
Q105520358	6000000082950975882
Q105520359	6000000182147670821
Q105520364	6000000013352177705
Q105520371	6000000026275508275
Q105520375	6000000025860273940
Q105520379	6000000047243062910
Q105520380	6000000083440935469
Q105520381	6000000071049634521
Q105520382	6000000069987192884
Q105520383	6000000069986189939
Q105520387	6000000071051719198
Q105520388	6000000034403489542
Q105520389	6000000013753460066
Q105520390	6000000109309175838
Q105520391	6000000013339025163
Q105520392	6000000069987440944
Q105520393	6000000069986772553
Q105520395	6000000109302010983
Q105520396	6000000069985969400
Q105520397	6000000013344871651
Q105520398	6000000071049710360
Q105520400	6000000018490284736
Q105520401	6000000013340203463
Q105520402	6000000071051707846
Q105520404	6000000067254243355
Q105520407	6000000019714303167
Q105520408	6000000067255600834
Q105520409	6000000039625808179
Q105520411	6000000035618113767
Q105520419	6000000071276687941
Q105520423	6000000066568132151
Q105520424	6000000014103502867
Q105520425	6000000066568572833
Q105520426	6000000082750881955
Q105520427	6000000195392243830
Q105520434	6000000137315880821
Q105520436	6000000137315878821
Q105520441	6000000022200722172
Q105520443	343527046970003739
Q105520445	6000000003533716415
Q105520447	6000000033082393010
Q105520449	6000000008969562548
Q105520451	6000000033082255220
Q105520452	6000000014852314672
Q105520454	6000000014852408982
Q105520455	6000000014852632081
Q105520459	6000000019401711307
Q105520461	6000000040870238267
Q105520465	6000000023157756980
Q105520471	6000000019401661541
Q105520476	6000000033975523428
Q105520489	6000000175581432938
Q105520496	6000000038119981564
Q105520498	6000000069897950861
Q105520501	6000000038121932377
Q105520502	6000000038120587101
Q105520503	6000000083059146140
Q105520504	6000000068562341943
Q105520506	6000000083059523876
Q105520507	6000000109065691887
Q105520508	6000000109065039007
Q105520511	6000000068562360914
Q105520512	6000000054531314988
Q105520513	6000000015977151937
Q105520514	6000000084255008315
Q105520515	6000000068562339823
Q105520516	6000000035514606141
Q105520518	6000000035514764960
Q105520519	6000000035515536855
Q105520520	6000000035515631902
Q105520524	6000000035513846983
Q105520528	6000000021441909327
Q105520529	6000000016415687712
Q105520530	6000000214672555826
Q105520534	6000000052038721821
Q105520540	6000000021441997198
Q105520541	6000000042235250102
Q105520542	6000000020547569158
Q105520543	6000000187251974889
Q105520545	6000000016885305773
Q105520546	6000000020547548443
Q105520547	6000000052627033925
Q105520549	6000000195560365822
Q105520550	6000000107934603076
Q105520553	6000000066158483102
Q105520554	6000000080157120891
Q105520555	6000000079866280925
Q105520557	6000000189984636826
Q105520559	6000000017061349905
Q105520562	6000000043858964991
Q105520565	6000000083671365224
Q105520574	6000000146814615837
Q105520575	6000000083826433908
Q105520579	6000000037363293053
Q105520583	6000000011152077116
Q105520585	6000000121096034953
Q105520587	6000000048927073862
Q105520590	6000000017061349899
Q105520592	6000000209121075825
Q105520593	6000000019769106462
Q105520598	6000000066159324821
Q105520599	6000000080155612833
Q105520600	6000000211675476843
Q105520601	6000000195561422831
Q105520602	6000000034050331215
Q105520604	6000000017331551977
Q105520607	6000000079866460143
Q105520609	6000000211675576821
Q105520610	6000000021441806432
Q105520611	6000000209079116831
Q105520615	6000000102538348881
Q105520616	6000000095246043010
Q105520620	6000000018579300533
Q105520623	6000000018136949879
Q105520626	6000000102537026531
Q105520627	6000000016607951775
Q105520630	6000000115660463116
Q105520632	6000000002765621402
Q105520637	6000000081852467324
Q105520639	6000000178336361831
Q105520643	6000000178335835854
Q105520644	6000000092123103072
Q105520646	6000000178336408833
Q105520647	6000000194356162844
Q105520648	6000000102055231044
Q105520649	6000000102061512872
Q105520650	6000000092121944981
Q105520652	6000000002765621395
Q105520658	6000000018360405655
Q105520669	6000000030204532696
Q105520670	6000000041532555004
Q105520673	6000000019654878229
Q105520674	6000000180055394822
Q105520675	6000000033717107949
Q105520680	6000000045848571890
Q105520683	6000000046701420851
Q105520688	6000000180793435824
Q105520691	6000000139482566867
Q105520703	6000000171765000236
Q105520709	6000000033673808908
Q105520723	6000000038018967388
Q105520730	6000000135271933835
Q105520738	6000000191898422821
Q105520741	6000000181032728824
Q105520747	6000000185336751840
Q105520756	6000000023984489283
Q105520758	6000000081739620067
Q105520761	5692638345810124160
Q105520763	6000000139863296024
Q105520764	6000000078099691964
Q105520765	6000000188187124851
Q105520768	6000000016441952128
Q105520772	6000000012734673453
Q105520778	6000000199550994876
Q105520782	6000000082871592934
Q105520784	6000000077277271561
Q105520790	6000000082473361555
Q105520793	6000000050179591878
Q105520794	6000000136817314110
Q105520801	6000000141364979909
Q105520802	6000000044413550874
Q105520804	6000000179700031908
Q105520814	6000000139482313959
Q105520817	6000000026311392200
Q105520818	6000000028223220310
Q105520824	6000000178326728833
Q105520827	6000000136817061088
Q105520828	6000000193683952847
Q105520846	6000000020306717649
Q105520847	6000000215224474824
Q105520848	6000000045400142872
Q105520852	6000000028581471987
Q105520853	6000000123515259994
Q105520854	6000000030193298963
Q105520855	6000000178609547880
Q105520866	6000000025753540849
Q105520867	6000000112396161426
Q105520869	6000000033799112012
Q105520874	6000000104913700830
Q105520879	6000000180056935828
Q105520884	6000000049943946211
Q105520887	6000000006761164365
Q105520888	6000000016441759445
Q105520890	6000000014416386150
Q105520891	6000000018511354090
Q105520892	6000000205011631843
Q105520894	6000000027736851838
Q105520895	6000000086517107121
Q105520896	6000000078050654828
Q105520898	6000000180992051822
Q105520903	6000000035782610355
Q105520905	6000000031369781958
Q105520907	6000000064416284844
Q105520908	6000000179700585880
Q105520913	6000000080755190257
Q105520915	6000000025555639485
Q105520918	6000000109043905181
Q105520920	6000000181522746827
Q105520922	6000000014143035961
Q105520925	6000000108108271856
Q105520927	6000000082473734206
Q105520929	6000000044413567907
Q105520930	6000000165637066962
Q105520935	6000000140203654821
Q105520936	6000000182885975852
Q105520937	6000000017774284132
Q105520939	6000000191998946839
Q105520940	6000000076906776816
Q105520941	6000000080333099759
Q105520942	6000000016440909865
Q105520955	6000000077919259178
Q105520957	6000000003032068200
Q105520964	6000000023539160278
Q105520966	6000000024903276949
Q105520969	6000000135272051845
Q105520971	6000000077280521818
Q105520972	6000000180950068878
Q105520978	6000000032455004981
Q105520981	6000000016351567408
Q105520984	6000000027134616073
Q105520991	6000000076405836825
Q105520996	6000000173231377951
Q105520997	6000000023928353676
Q105521001	6000000075885901860
Q105521002	6000000012493631786
Q105521005	6000000132893838926
Q105521007	6000000190500420821
Q105521008	6000000026312286566
Q105521011	6000000023539713853
Q105521013	6000000008402595097
Q105521019	6000000025555984305
Q105521021	6000000158560424850
Q105521022	6000000181077862852
Q105521024	6000000177071759821
Q105521026	6000000015115542142
Q105521028	6000000075885964851
Q105521030	6000000019437405529
Q105521031	6000000026312598259
Q105521032	6000000193233721830
Q105521038	6000000019479760976
Q105521040	6000000072250141181
Q105521041	6000000021036093020
Q105521042	6000000012493529119
Q105521044	6000000024308850246
Q105521045	6000000022149746344
Q105521049	6000000022150039199
Q105521050	6000000031253373142
Q105521053	6000000173696381996
Q105521059	6000000026335554883
Q105521060	6000000175363774846
Q105521063	6000000078075117328
Q105521073	6000000078097798254
Q105521074	6000000021036391153
Q105521075	6000000181077939860
Q105521078	6000000176306156875
Q105521079	6000000205068944838
Q105521082	6000000119537245927
Q105521083	6000000019437046931
Q105521097	6000000106254135845
Q105521101	6000000151362314006
Q105521102	6000000017328510338
Q105521104	6000000040056884668
Q105521107	6000000026312718454
Q105521108	6000000175369923843
Q105521109	6000000018306755078
Q105521110	6000000058305163878
Q105521112	6000000188212138900
Q105521121	6000000034584507334
Q105521127	6000000022796169808
Q105521133	6000000158559670949
Q105521134	6000000018818596845
Q105521137	6000000034813787665
Q105521142	6000000012493519590
Q105521151	6000000180991864824
Q105521152	6000000042103005081
Q105521158	6000000205091860955
Q105521159	6000000022484641160
Q105521164	6000000086516851248
Q105521165	6000000114321811158
Q105521169	6000000020427750099
Q105521170	6000000018814234686
Q105521172	6000000205272325829
Q105521174	6000000150862959829
Q105521176	5692642575450028232
Q105521178	6000000016441809316
Q105521183	6000000019629192222
Q105521186	6000000139863296020
Q105521189	6000000022149923996
Q105521196	6000000189214471821
Q105521201	6000000138338534823
Q105521202	6000000078049496969
Q105521203	6000000081294232626
Q105521204	5692639540380040815
Q105521205	6000000181394381848
Q105521208	6000000182772905835
Q105521209	6000000011173606929
Q105521210	6000000076405524975
Q105521211	6000000021425449143
Q105521212	6000000064152898821
Q105521213	6000000002106623058
Q105521221	6000000038922364095
Q105521227	6000000147446635997
Q105521230	6000000045400175832
Q105521232	6000000044412745000
Q105521237	6000000035782659380
Q105521239	6000000019367552176
Q105521240	6000000181522820831
Q105521242	6000000016440800852
Q105521243	6000000143961253848
Q105521249	6000000180991371842
Q105521250	6000000036288624199
Q105521251	6000000004058210191
Q105521252	6000000178606021034
Q105521253	6000000039037559979
Q105521256	6000000042082833325
Q105521257	6000000080950348849
Q105521258	6000000176401661825
Q105521285	6000000158560820842
Q105521286	6000000027598454551
Q105521287	6000000078099024204
Q105521289	6000000179702014832
Q105521298	6000000064152193003
Q105521308	6000000089163679966
Q105521311	6000000018129964290
Q105521312	6000000032503938176
Q105521315	6000000175368906416
Q105521317	6000000212795521821
Q105521319	6000000057803447984
Q105521320	6000000040204722555
Q105521332	6000000187978742848
Q105521333	6000000187821285841
Q105521337	6000000004058210127
Q105521342	6000000026550380157
Q105521344	6000000202858618853
Q105521345	6000000008273822929
Q105521347	6000000026550279332
Q105521348	6000000202858862821
Q105521349	6000000032744552345
Q105521352	6000000202858566841
Q105521355	6000000018172161732
Q105521357	6000000075053871880
Q105521358	6000000047577821835
Q105521359	6000000030168876616
Q105521361	6000000003000902471
Q105521363	6000000047577431132
Q105521366	6000000034404993059
Q105521368	6000000015172817247
Q105521371	6000000018172407588
Q105521372	6000000021731317475
Q105521374	6000000021731315294
Q105521378	6000000071056388863
Q105521380	6000000010656884124
Q105521381	6000000190044632826
Q105521384	6000000033738395211
Q105521389	6000000096151570315
Q105521390	6000000030169694911
Q105521391	6000000010657122284
Q105521392	6000000017053620049
Q105521393	6000000047577646972
Q105521394	6000000034404731221
Q105521395	6000000182910094875
Q105521399	6000000063550036105
Q105521400	6000000028582279141
Q105521401	6000000033738643854
Q105521403	6000000015172887329
Q105521408	6000000004959359333
Q105521428	6000000005006408600
Q105521430	6000000096055038883
Q105521435	6000000052605493948
Q105521436	6000000115303129040
Q105521437	6000000002790120356
Q105521439	6000000094327207874
Q105521440	6000000173333172360
Q105521442	6000000092916369886
Q105521447	6000000161427429821
Q105521449	6000000021854773441
Q105521452	6000000156927197863
Q105521453	6000000188213039837
Q105521454	6000000092916161941
Q105521455	6000000078587062135
Q105521457	6000000025658509004
Q105521463	6000000036830042592
Q105521464	6000000085391006922
Q105521466	6000000025657451293
Q105521467	6000000017717027496
Q105521469	6000000025652795596
Q105521473	6000000021118408714
Q105521474	6000000014349068493
Q105521475	6000000014313370071
Q105521476	6000000014340573632
Q105521477	6000000014338885595
Q105521478	6000000014902404994
Q105521479	6000000034928974085
Q105521480	6000000021119022468
Q105521481	6000000088134031029
Q105521482	6000000014338904421
Q105521483	6000000014903347433
Q105521484	6000000030091884232
Q105521485	6000000034928124793
Q105521486	6000000014313201178
Q105521487	6000000037363466158
Q105521488	6000000014340496504
Q105521489	6000000014349318152
Q105521490	6000000014902574328
Q105521493	6000000019927922176
Q105521494	6000000014313508382
Q105521495	6000000014340715078
Q105521496	6000000014340686071
Q105521498	6000000018824336809
Q105521502	6000000018813013005
Q105521506	6000000019074871502
Q105521507	6000000113060898944
Q105521508	6000000017053258371
Q105521509	6000000021490954754
Q105521511	6000000014331642900
Q105521513	6000000067585041864
Q105521514	6000000051067861050
Q105521516	6000000113061401837
Q105521517	6000000018617645411
Q105521518	6000000018617074978
Q105521519	6000000014331668720
Q105521520	6000000022335938182
Q105521523	6000000018617501953
Q105521524	6000000008399634646
Q105521525	6000000185797551825
Q105521526	6000000022356907035
Q105521529	6000000051068129846
Q105521530	6000000022349900557
Q105521531	6000000022354863655
Q105521532	6000000067585002017
Q105521533	6000000022350232319
Q105521534	6000000067589588023
Q105521535	6000000008399477020
Q105521536	6000000025125914891
Q105521537	6000000018684683358
Q105521538	6000000021303935879
Q105521539	6000000004589978039
Q105521540	6000000078021620374
Q105521541	6000000021289724539
Q105521542	6000000021303689470
Q105521543	6000000018617702254
Q105521545	6000000057335109186
Q105521547	6000000078021921240
Q105521548	6000000045327460917
Q105521549	6000000008400375329
Q105521551	6000000021566385313
Q105521552	6000000036088697524
Q105521553	6000000025654346108
Q105521557	6000000022357787921
Q105521558	6000000022158502500
Q105521559	6000000067585793014
Q105521562	6000000066558156929
Q105521563	6000000054741621842
Q105521564	6000000022355264397
Q105521565	6000000019080632258
Q105521566	6000000022158779037
Q105521568	6000000025125453610
Q105521573	6000000089231478853
Q105521574	6000000089230293083
Q105521578	6000000082357392023
Q105521580	6000000018089153984
Q105521581	6000000195591877831
Q105521582	6000000018089153989
Q105521584	6000000195590403858
Q105521585	6000000018089153977
Q105521586	6000000015107881463
Q105521588	6000000070976337424
Q105521589	6000000070976237318
Q105521590	6000000084056706863
Q105521591	6000000084045123180
Q105521592	6000000084048484226
Q105521593	6000000084048260956
Q105521594	6000000084040966643
Q105521595	6000000080413799319
Q105521596	6000000084047710788
Q105521597	6000000084056604846
Q105521598	6000000033695406854
Q105521599	6000000084055667112
Q105521601	6000000033695489882
Q105521602	6000000084044951169
Q105521603	6000000210461600823
Q105521604	6000000080414213829
Q105521605	6000000082970556781
Q105521607	6000000084049238919
Q105521608	6000000084042375082
Q105521609	6000000033690995162
Q105521610	6000000084080715896
Q105521611	6000000033694764889
Q105521613	6000000033694997869
Q105521614	6000000084077712354
Q105521615	6000000084044048240
Q105521616	6000000070977579840
Q105521617	6000000084044994841
Q105521621	6000000122847110900
Q105521624	6000000114760851839
Q105521626	6000000077194397947
Q105521629	6000000013237042058
Q105521632	6000000025818437910
Q105521633	6000000056857342830
Q105521637	6000000041740618931
Q105521638	6000000020094751367
Q105521639	6000000109801005833
Q105521641	6000000012449176902
Q105521642	6000000075399058950
Q105521643	6000000046911597920
Q105521644	6000000012534992684
Q105521647	6000000116657549988
Q105521648	6000000075401578841
Q105521650	6000000015258360123
Q105521652	6000000018544034433
Q105521653	6000000011869989681
Q105521656	6000000019653992741
Q105521657	6000000179705957823
Q105521658	6000000018879885673
Q105521659	6000000082857868915
Q105521660	6000000020094929059
Q105521661	6000000075401322978
Q105521665	6000000075401227940
Q105521666	6000000028044238758
Q105521667	6000000012443202971
Q105521668	6000000056857275837
Q105521669	6000000075401378876
Q105521671	6000000017062753686
Q105521673	6000000018669282599
Q105521676	6000000031376637124
Q105521679	6000000116657317036
Q105521680	6000000014207166047
Q105521681	6000000018079921079
Q105521682	6000000022644070616
Q105521684	6000000014386822632
Q105521685	6000000012448553182
Q105521686	6000000004589978049
Q105521687	6000000116630616867
Q105521688	6000000084225379554
Q105521691	6000000024630941128
Q105521692	6000000012449915641
Q105521695	6000000018886269230
Q105521696	6000000012293449220
Q105521697	6000000020094918038
Q105521698	6000000028044577932
Q105521699	6000000022644254141
Q105521702	6000000029331824070
Q105521703	6000000051513518430
Q105521704	6000000017062696963
Q105521705	6000000018258684904
Q105521706	6000000165579454095
Q105521707	6000000051166223005
Q105521708	6000000020094771269
Q105521709	6000000082862726898
Q105521710	6000000012448449135
Q105521715	6000000015258543159
Q105521718	6000000047925182848
Q105521720	6000000012482926031
Q105521721	6000000116627473848
Q105521722	6000000072651297422
Q105521724	6000000022687309211
Q105521725	6000000012443630290
Q105521727	6000000020655503638
Q105521728	6000000018886119519
Q105521731	6000000018669473028
Q105521732	6000000051514579869
Q105521735	6000000012535066430
Q105521736	6000000018880114260
Q105521737	6000000073747986868
Q105521739	6000000116628703821
Q105521741	6000000075401628048
Q105521742	6000000082862979188
Q105521744	6000000190352022833
Q105521745	6000000020428648352
Q105521747	6000000012534924499
Q105521748	6000000082862793870
Q105521749	6000000042958944010
Q105521750	6000000075399040857
Q105521753	6000000051549227822
Q105521755	6000000020094904015
Q105521756	6000000165579743927
Q105521757	6000000124629431836
Q105521759	6000000046909462323
Q105521760	6000000075294455850
Q105521764	6000000084226301230
Q105521765	6000000082462437132
Q105521766	6000000012443468046
Q105521768	6000000012482923920
Q105521771	6000000099639807912
Q105521772	6000000015916251954
Q105521778	6000000141841238929
Q105521779	6000000084823770546
Q105521781	6000000071371092314
Q105521783	6000000041959732062
Q105521784	6000000021806560745
Q105521785	6000000041293091994
Q105521787	6000000057145504922
Q105521788	6000000036373535741
Q105521789	6000000070973604912
Q105521792	6000000078471405853
Q105521793	6000000022704402314
Q105521794	6000000022703870811
Q105521800	6000000022702189741
Q105521801	6000000194432996821
Q105521803	6000000070902041834
Q105521807	6000000070902286821
Q105521810	6000000099805506821
Q105521813	6000000070901758844
Q105521818	6000000024592046955
Q105521830	6000000015914275203
Q105521835	6000000015917026923
Q105521836	6000000015913953700
Q105521847	6000000001805392258
Q105521849	6000000141345130837
Q105521850	6000000033213001958
Q105521852	6000000016937843640
Q105521853	6000000028612165303
Q105521854	6000000032080327701
Q105521855	6000000017967250650
Q105521858	6000000021833678656
Q105521860	6000000061154414915
Q105521861	6000000014524612245
Q105521863	6000000032194130288
Q105521864	6000000030182867504
Q105521866	6000000051066462847
Q105521867	6000000031923316811
Q105521870	6000000016937669727
Q105521871	6000000032028890913
Q105521872	6000000077697199567
Q105521873	6000000024763941484
Q105521875	6000000016937841838
Q105521876	6000000031518030649
Q105521878	6000000032106995105
Q105521881	6000000032042207000
Q105521882	6000000032107186930
Q105521884	6000000051066543868
Q105521886	6000000028611544815
Q105521888	6000000026048952637
Q105521891	6000000014893426684
Q105521892	6000000030183298035
Q105521895	6000000016937782842
Q105521897	6000000024713987233
Q105521899	6000000014524604205
Q105521900	6000000032005567738
Q105521903	6000000141552000974
Q105521904	6000000017413207023
Q105521906	6000000023329418828
Q105521907	6000000060769817103
Q105521908	6000000028611844779
Q105521909	6000000017967123995
Q105521910	6000000055359584992
Q105521911	6000000017413285078
Q105521913	6000000042571808889
Q105521915	6000000019158665446
Q105521916	6000000023160685063
Q105521918	6000000020747444717
Q105521925	6000000173272032396
Q105521927	6000000081940396856
Q105521929	6000000017283132191
Q105521930	6000000046705695852
Q105521934	6000000118395220048
Q105521935	6000000046705674899
Q105521937	6000000184985261891
Q105521938	6000000101454578889
Q105521941	6000000018512211739
Q105521943	6000000180368709855
Q105521946	6000000043419779033
Q105521951	6000000021328320942
Q105521952	6000000043419019633
Q105521953	6000000017771422521
Q105521955	6000000205518272841
Q105521963	6000000109126402858
Q105521967	6000000075678780860
Q105521970	6000000075677578010
Q105521971	6000000109126109848
Q105521974	6000000075678981919
Q105521975	6000000075678285869
Q105521977	6000000109125952893
Q105521978	6000000193509230899
Q105521980	6000000193492899833
Q105521982	6000000075677387232
Q105521983	6000000075678533864
Q105521985	6000000077521941574
Q105521988	6000000082572208098
Q105521990	6000000171765809863
Q105521994	6000000176940159829
Q105522004	6000000137153585834
Q105522006	6000000042993899561
Q105522010	6000000110655737933
Q105522020	6000000081545325015
Q105522021	6000000077425578561
Q105522030	6000000037727914335
Q105522031	6000000049232054897
Q105522033	6000000049232254855
Q105522035	6000000032248825172
Q105522036	6000000049231626929
Q105522040	6000000032248502355
Q105522041	6000000039481724036
Q105522044	6000000079259502913
Q105522046	6000000194437314868
Q105522047	6000000098480353898
Q105522048	6000000071944430887
Q105522053	6000000067265841897
Q105522054	6000000144820707094
Q105522059	6000000019247568518
Q105522062	6000000023746753381
Q105522063	6000000068642896840
Q105522065	6000000072021330831
Q105522070	6000000035760246974
Q105522071	6000000108374906821
Q105522073	6000000084323703163
Q105522079	6000000072019394821
Q105522083	6000000054225264933
Q105522085	6000000054224916017
Q105522088	6000000026590456036
Q105522090	6000000019248048507
Q105522092	6000000025438623094
Q105522094	6000000073136209116
Q105522097	6000000067012008210
Q105522098	6000000023821454779
Q105522099	6000000071942821839
Q105522100	6000000012292599083
Q105522111	6000000073432814866
Q105522112	6000000032262960387
Q105522115	6000000022338737924
Q105522120	6000000073432204949
Q105522122	6000000079609257946
Q105522125	6000000022339069833
Q105522135	6000000021733973894
Q105522136	6000000071942170376
Q105522137	6000000179511134836
Q105522141	6000000028000605221
Q105522142	6000000055356692897
Q105522145	6000000071942642089
Q105522146	6000000062450317935
Q105522148	6000000019248034903
Q105522150	6000000108379947913
Q105522152	6000000050962252857
Q105522155	6000000072010934046
Q105522156	6000000144438757821
Q105522161	6000000048802853853
Q105522162	6000000016607298519
Q105522165	6000000018963574771
Q105522166	6000000019248295433
Q105522169	6000000098480902966
Q105522171	6000000068643190831
Q105522173	6000000108379935896
Q105522176	6000000179511235843
Q105522178	6000000047125283116
Q105522179	6000000144438925822
Q105522182	6000000084324486865
Q105522184	6000000176134163860
Q105522185	6000000176123913848
Q105522191	6000000176122360872
Q105522192	6000000032504270029
Q105522195	6000000176172402867
Q105522197	6000000176132285900
Q105522199	6000000176043672936
Q105522200	6000000176158408835
Q105522203	6000000065884801912
Q105522207	6000000042790450293
Q105522212	6000000009876181286
Q105522213	6000000009876168212
Q105522217	6000000065884398074
Q105522220	6000000009876156592
Q105522221	6000000082631032207
Q105522223	6000000014881330153
Q105522226	6000000040923421074
Q105522228	6000000194661040827
Q105522232	6000000052871025832
Q105522236	6000000067236557827
Q105522240	6000000052869200245
Q105522244	6000000090944769871
Q105522252	6000000035888710941
Q105522254	6000000035645357133
Q105522256	6000000035910322163
Q105522258	6000000016643609356
Q105522259	6000000014912267190
Q105522262	6000000035645040654
Q105522263	6000000097502777130
Q105522264	6000000016409036670
Q105522266	6000000017038486446
Q105522268	6000000016409940812
Q105522269	6000000016409601972
Q105522279	6000000016409227888
Q105522281	6000000056218852892
Q105522290	6000000041145602320
Q105522296	6000000010826671225
Q105522299	6000000094499260862
Q105522304	6000000020772403557
Q105522306	6000000015960675573
Q105522309	6000000056218863834
Q105522310	6000000078521582900
Q105522312	6000000015960351944
Q105522314	6000000042235994853
Q105522315	6000000078521422058
Q105522316	6000000026814111345
Q105522320	6000000173536144864
Q105522323	6000000010826415437
Q105522328	6000000020772423603
Q105522330	6000000032084088786
Q105522331	6000000026872158406
Q105522333	6000000010826566849
Q105522335	6000000042235997872
Q105522337	6000000094498209826
Q105522339	6000000010825996896
Q105522340	6000000026906664015
Q105522343	6000000042235406646
Q105522347	6000000010825501960
Q105522348	6000000032091631273
Q105522350	6000000037084264090
Q105522352	6000000082015360854
Q105522354	6000000199241497840
Q105522355	6000000015400111134
Q105522359	6000000030877170424
Q105522363	6000000040387063023
Q105522365	6000000036467989608
Q105522366	6000000082015323041
Q105522367	6000000189390342821
Q105522368	6000000036467548113
Q105522370	6000000036466875754
Q105522372	6000000030877418166
Q105522373	6000000020862398447
Q105522377	6000000189390674828
Q105522378	6000000199241503840
Q105522379	6000000082018783157
Q105522381	6000000051395080113
Q105522382	6000000020864812838
Q105522384	6000000189418736853
Q105522386	6000000082019090146
Q105522387	6000000007332388145
Q105522389	6000000068458543969
Q105522391	6000000007464403803
Q105522392	6000000082019316923
Q105522393	6000000054954384936
Q105522397	6000000189418972840
Q105522398	6000000187727415860
Q105522400	6000000189390411874
Q105522402	6000000029447280204
Q105522407	6000000168426583823
Q105522408	358197336570005221
Q105522411	6000000022862609088
Q105522413	6000000044166528131
Q105522414	6000000168428110821
Q105522419	6000000197915524828
Q105522421	6000000026435588040
Q105522423	6000000026435527308
Q105522424	6000000039255072955
Q105522427	6000000039255122962
Q105522428	6000000001887290578
Q105522429	6000000021674979667
Q105522441	6000000024630972206
Q105522442	6000000036457265102
Q105522443	6000000078592812336
Q105522454	6000000150360698883
Q105522455	6000000058193066276
Q105522457	6000000027971741995
Q105522458	6000000169347346119
Q105522460	6000000096050905854
Q105522461	6000000020602183025
Q105522462	6000000046835338951
Q105522463	6000000077145132626
Q105522464	6000000040804564600
Q105522466	6000000040900146418
Q105522468	6000000030246323876
Q105522469	6000000096419571844
Q105522530	6000000024595025052
Q105522835	6000000002837271745
Q105523105	6000000092308859837
Q105523106	6000000210637380827
Q105523107	6000000162015520841
Q105523108	6000000015697392891
Q105523109	6000000039408755831
Q105523110	6000000048325407896
Q105523111	6000000085787603998
Q105523114	6000000016772092958
Q105523115	6000000022349087145
Q105523122	6000000194870772862
Q105523126	6000000046835178909
Q105523127	6000000087038732854
Q105523130	6000000076782797867
Q105523134	6000000033478298982
Q105523140	6000000025657934116
Q105523141	6000000022176578761
Q105523142	6000000153836547881
Q105523145	6000000143327875907
Q105523148	6000000132869219912
Q105523151	6000000059757072947
Q105523152	6000000031340996233
Q105523153	6000000037911717691
Q105523154	6000000173512011288
Q105523158	6000000180733796861
Q105523160	6000000176465852040
Q105523161	6000000083821975035
Q105523164	6000000075700944876
Q105523166	6000000177647264860
Q105523167	6000000192517629831
Q105523168	6000000030594111930
Q105523169	6000000153465472837
Q105523170	6000000084240027032
Q105523173	6000000023430450965
Q105523174	6000000056115186019
Q105523184	6000000205443472847
Q105523185	6000000020532438802
Q105523186	6000000099582328012
Q105523189	6000000055308496935
Q105523190	6000000097618592878
Q105523192	6000000185453916449
Q105523195	6000000177460800821
Q105523196	6000000027967434568
Q105523200	6000000204399847826
Q105523204	6000000048325332883
Q105523210	6000000194502262822
Q105523216	6000000043536609292
Q105523217	6000000079645692026
Q105523220	6000000211694409835
Q105523223	6000000079675362837
Q105523224	6000000205444329837
Q105523225	6000000018910940623
Q105523233	6000000153575504901
Q105523235	6000000119900583137
Q105523237	6000000169350032821
Q105523243	6000000062315676122
Q105523246	6000000144701772884
Q105523247	6000000048324843080
Q105523257	6000000100846495836
Q105523263	6000000042011179415
Q105523272	6000000016944128050
Q105523278	6000000039539444949
Q105523279	6000000079198228943
Q105523280	6000000178065649894
Q105523555	6000000053560705490
Q105523578	6000000076904711330
Q105523579	6000000013352113528
Q105523580	6000000019768829850
Q105523581	6000000020329053713
Q105523583	6000000034143135908
Q105523587	6000000071055819238
Q105523588	6000000014313329118
Q105523589	6000000060769995913
Q105523594	6000000072011981821
Q105523599	6000000078580730646
Q105523607	6000000185614328875
Q105523609	6000000148867412933
Q105523612	6000000024182151709
Q105523670	6000000153836580828
Q105523672	6000000080011323857
Q105523685	6000000110241054946
Q105523687	6000000079023113518
Q105523691	6000000079472408825
Q105523700	6000000026301171154
Q105523707	6000000108266307821
Q105523711	6000000090361154958
Q105523714	6000000060279910841
Q105523715	6000000041157682572
Q105523725	6000000100370151913
Q105523729	6000000109089110845
Q105523733	6000000021676219318
Q105523738	6000000077792108841
Q105523741	6000000162014981869
Q105523748	6000000002290085151
Q105523750	6000000048741233178
Q105523753	6000000189067871875
Q105523754	6000000041853717762
Q105523756	6000000038524471862
Q105523757	6000000001241017089
Q105523762	6000000076966230578
Q105523763	6000000148639876823
Q105523765	6000000068859683303
Q105523771	6000000078719457576
Q105523773	6000000175750795821
Q105523775	6000000063686127868
Q105523776	6000000040870521956
Q105523780	6000000066666866855
Q105523781	6000000100846907821
Q105523783	6000000083814430895
Q105523784	6000000084572345888
Q105523785	6000000185459694938
Q105523786	6000000032246449262
Q105523787	6000000101515113835
Q105523788	6000000032718086420
Q105523789	6000000210398393822
Q105523790	6000000018925532133
Q105523791	6000000033560644050
Q105523794	6000000085266863976
Q105523799	6000000026301044104
Q105523802	6000000100800769956
Q105523803	6000000035375218831
Q105523805	6000000072646919926
Q105523808	6000000087896645986
Q105523810	6000000062599500911
Q105523811	6000000081209895930
Q105523814	6000000139188071829
Q105523815	6000000046623374218
Q105523816	6000000082328688941
Q105523817	6000000083387911958
Q105523820	6000000135549848826
Q105523822	6000000092238143324
Q105523827	6000000202224006866
Q105523828	6000000197043106841
Q105523829	6000000172506796099
Q105523831	6000000040704374043
Q105523834	6000000076967863812
Q105523835	6000000018614753890
Q105523836	6000000011724045987
Q105523838	6000000050942938138
Q105523849	6000000187271252822
Q105523852	6000000176551076823
Q105523854	6000000148043954875
Q105523855	6000000083821927852
Q105523856	6000000185645308032
Q105523866	6000000015696989712
Q105523872	6000000192283660859
Q105523875	6000000021968129146
Q105523876	6000000185459751023
Q105523880	6000000016532192029
Q105523889	6000000033562069827
Q105523895	6000000058485682899
Q1055239	6000000066961607964
Q105523907	6000000147244950834
Q105523908	6000000021967970680
Q105523909	6000000085937790969
Q105523910	6000000036655533828
Q105523919	6000000112545399831
Q105523920	6000000016772352404
Q105523922	6000000036963968121
Q105523923	6000000178344512843
Q105523924	6000000073008321892
Q105523927	6000000105207112106
Q105523928	6000000052133890972
Q105523931	6000000173512231303
Q105523932	6000000085787924886
Q105523934	6000000187169091828
Q105523940	6000000118887887861
Q105523941	6000000178118507838
Q105523942	6000000197246637829
Q105523943	6000000100369506037
Q105523944	6000000132868637895
Q105523948	6000000185645281948
Q105523949	6000000085789573841
Q105523951	6000000193347302847
Q105523956	6000000096075716987
Q105523961	6000000085102456290
Q105523966	6000000150784634892
Q105523976	6000000010826512249
Q105523982	6000000171686244889
Q105523986	6000000175333437914
Q105523995	6000000178066375908
Q105524006	6000000069446099989
Q105524008	6000000101391383947
Q105524012	6000000001240986272
Q105524021	6000000018925329089
Q105524026	6000000100853648887
Q105524028	6000000083511694143
Q105524029	6000000076559840875
Q105524033	6000000055543770824
Q105524034	6000000019325470278
Q105524037	6000000035947939861
Q105524038	6000000028873999979
Q105524039	6000000178607720847
Q105524040	6000000065168486828
Q105524041	6000000037094575956
Q105524042	6000000017443082209
Q105524043	6000000044241627382
Q105524047	6000000105309935232
Q105524055	6000000019771855063
Q105524059	6000000055368763890
Q105524060	6000000150358895964
Q105524063	6000000034095160879
Q105524066	6000000101473038821
Q105524067	283227330790002716
Q105524068	6000000173765125894
Q105524070	6000000017939060648
Q105524074	6000000008697239291
Q105524075	6000000102825017645
Q105524077	6000000153460677950
Q105524081	6000000180355804896
Q105524083	6000000055308045188
Q105524085	6000000005070821142
Q105524087	6000000040900348015
Q105524088	6000000012751564539
Q105524089	6000000165031793886
Q105524090	6000000022102578661
Q105524091	6000000013356005523
Q105524092	6000000050936941022
Q105524095	6000000082649868838
Q105524097	6000000172419166882
Q105524098	6000000048604094032
Q105524105	6000000133385448117
Q105524106	6000000181725531854
Q105524112	6000000084870772776
Q105524116	6000000030110229077
Q105524117	6000000213406628862
Q105524118	6000000029604648099
Q105524120	6000000016606641571
Q105524124	6000000086448979866
Q105524128	6000000103507149842
Q105524132	6000000210666815833
Q105524133	6000000009607104018
Q105524136	6000000081382422266
Q105524138	6000000194442924829
Q105524141	6000000066658489824
Q105524142	6000000065169689831
Q105524149	6000000084032356112
Q105524152	6000000019143186479
Q105524159	6000000062605673114
Q105524161	6000000014935755448
Q105524166	6000000018516081525
Q105524169	6000000083402510616
Q105524170	6000000119901305839
Q105524177	6000000001240857233
Q105524180	6000000097689776360
Q105524187	6000000048301432116
Q105524196	6000000022850227994
Q105524197	6000000032885589015
Q105524201	6000000019275354876
Q105524205	6000000056429291266
Q105524206	6000000083814403957
Q105524207	6000000029514174814
Q105524208	6000000035947803864
Q105524210	6000000048306432998
Q105524211	6000000099579168530
Q105524212	6000000145935139903
Q105524216	6000000099710099822
Q105524219	6000000051395455941
Q105524239	6000000195358880832
Q105524241	6000000048603791083
Q105524246	6000000084380953216
Q105524247	6000000177460023824
Q105524249	6000000108267353840
Q105524251	6000000128577046822
Q105524271	6000000065169435842
Q105524275	6000000048341471188
Q105524304	6000000177720313823
Q105524306	6000000011579575542
Q105524311	6000000111922356105
Q105524319	6000000022824279007
Q105524321	6000000050944220995
Q105524326	6000000178066844844
Q105524333	6000000194050586882
Q105524345	6000000053494129893
Q105524351	6000000078808407917
Q105524372	6000000053493691231
Q105524374	6000000040897335092
Q105524376	6000000085102340239
Q105524378	6000000077406909149
Q105524380	6000000096061917151
Q105524382	6000000192816735840
Q105524386	6000000206110348823
Q105524400	6000000020532286832
Q105524404	6000000030867438971
Q105524406	6000000073302444996
Q105524434	6000000176001275821
Q105524440	6000000091801738885
Q105524444	6000000033998504151
Q105524450	6000000027971661323
Q105524457	6000000030108274141
Q105524458	6000000171078015834
Q105524483	6000000069698646839
Q105524517	6000000033560566213
Q105524522	6000000174957996925
Q105524534	6000000178118120872
Q105524536	6000000038367684487
Q105524537	6000000079631795114
Q105524556	6000000136910798838
Q105524565	6000000024687270164
Q105524569	6000000066020743845
Q105524575	6000000062316868107
Q105524577	6000000041742180329
Q105524581	6000000148044313841
Q105524584	6000000030306400179
Q105524586	6000000079650936825
Q105524588	6000000083508374158
Q105524596	6000000048329420205
Q105524601	6000000197042451872
Q105524605	6000000091822111247
Q105524622	6000000099581862053
Q105524653	6000000185375689000
Q105524657	6000000077415786287
Q105524670	6000000090742969034
Q105524674	6000000040870166753
Q105524678	6000000048327479878
Q105524685	6000000079023037574
Q105524687	6000000092239102029
Q105524695	6000000120270635208
Q105524697	6000000087760306339
Q105524701	6000000105207940958
Q105524705	6000000079650761911
Q105524707	6000000079023737066
Q105524709	6000000060327995922
Q105524712	6000000102515419972
Q105524714	6000000097618486837
Q105524730	6000000075842711821
Q105524740	6000000022176691748
Q105524742	6000000014935962455
Q105524747	6000000109087741959
Q105524755	6000000036963642379
Q105524758	6000000018886156775
Q105524760	6000000053230807947
Q105524772	6000000071047697837
Q105524775	6000000087701900135
Q105524789	6000000030594046267
Q105524801	6000000105217662885
Q105524803	6000000083822051821
Q105524805	6000000016749516910
Q105524807	6000000048569254216
Q105524813	6000000208894709836
Q105524815	6000000037489830302
Q105524826	6000000048741328972
Q105524827	6000000026301035630
Q105524829	6000000091823036824
Q105524841	6000000116930099839
Q105524856	6000000108263532274
Q105524864	6000000083401439315
Q105524889	6000000153478961913
Q105524893	6000000049343585836
Q105524895	6000000002206715090
Q105524897	6000000203371300841
Q105524903	6000000051028777878
Q105524907	6000000210667810841
Q105524912	6000000041811798169
Q105524914	6000000062605556046
Q105524916	6000000030246403840
Q105524924	6000000095245998827
Q105524947	6000000064299226048
Q105524956	6000000187742636964
Q105524958	6000000194681826821
Q105524960	6000000145936151865
Q105524968	6000000085789090923
Q105524977	6000000100200588868
Q105524989	6000000195534377830
Q105525001	6000000102801478854
Q105525007	6000000092292355038
Q105525009	6000000101472776821
Q105525011	6000000047969872844
Q105525013	6000000194531008904
Q105525015	6000000084547215168
Q105525017	6000000034958681921
Q105525019	6000000177383360836
Q105525025	6000000096061009317
Q105525027	6000000162015326847
Q105525031	6000000019275597441
Q105525033	6000000013355967646
Q105525038	6000000144259835826
Q105525040	6000000008697127383
Q105525042	6000000153475707842
Q105525045	6000000036654428472
Q105525049	6000000105249983048
Q105525051	6000000050833765033
Q105525055	6000000073007089065
Q105525061	6000000203984269822
Q105525063	6000000041944694041
Q105525065	6000000044231820917
Q105525069	6000000148038552133
Q105525071	6000000035149895966
Q105525073	6000000081282287845
Q105525086	6000000099576939786
Q105525087	6000000001792522033
Q105525088	6000000023808997079
Q105525089	6000000105211991852
Q105525090	6000000066019861239
Q105525092	6000000180349769830
Q105525093	6000000092747538987
Q105525094	6000000203984266821
Q105525095	6000000037251477872
Q105525097	6000000012751553294
Q105525099	6000000194636141821
Q105525100	6000000201431829838
Q105525101	6000000102771150987
Q105525102	6000000104595659969
Q105525103	6000000187269984841
Q105525106	6000000048603988116
Q105525115	6000000057407897846
Q105525118	6000000153467811874
Q105525122	6000000092756314849
Q105525124	6000000162015842821
Q105525125	6000000113725624979
Q105525127	6000000000931992759
Q105525129	6000000022176797262
Q105525130	6000000104166970858
Q105525132	6000000082682158100
Q105525135	6000000065055057874
Q105525138	6000000029604945141
Q105525149	6000000106229372067
Q105525153	6000000201543842882
Q105525155	6000000172506881070
Q105525160	6000000187168635864
Q105525161	6000000089513690867
Q105525162	6000000108265269947
Q105525163	6000000108978049829
Q105525165	6000000153465408858
Q105525169	6000000182408475864
Q105525170	6000000186859025851
Q105525171	6000000064298933225
Q105525172	6000000073008156835
Q105525190	6000000017616694613
Q105525191	6000000020532140198
Q105525194	6000000078761207863
Q105525200	6000000128572476869
Q105525201	6000000030593623596
Q105525209	6000000022201528721
Q105525215	6000000018925373073
Q105525217	6000000040704440897
Q105525223	6000000099581539218
Q105525228	6000000058156928056
Q105525230	6000000058157344823
Q105525231	6000000050804433929
Q105525234	6000000040578528123
Q105525239	6000000170412695911
Q105525242	6000000196943792843
Q105525250	6000000043670783281
Q105525251	6000000057848669988
Q105525252	6000000043653816894
Q105525256	6000000198097571824
Q105525257	6000000040578751023
Q105525258	6000000215246347831
Q105525260	6000000072073563333
Q105525262	6000000043653663104
Q105525263	6000000043653379958
Q105525264	6000000050804015803
Q105525265	6000000170413939823
Q105525266	6000000057466292882
Q105525269	6000000212085903835
Q105525270	6000000043653815871
Q105525272	6000000043653837914
Q105525275	6000000043653404093
Q105525276	6000000004403167351
Q105525277	6000000044297650264
Q105525278	6000000059987021182
Q105525280	6000000214070297833
Q105525281	6000000057848774953
Q105525284	6000000073024260856
Q105525285	6000000018369077495
Q105525287	6000000044263804989
Q105525288	6000000057465719229
Q105525290	6000000017544266171
Q105525293	6000000114481818067
Q105525296	6000000114483145822
Q105525298	6000000126200625090
Q105525299	6000000133477510905
Q105525300	6000000016176617535
Q105525301	6000000016176617528
Q105525302	6000000019694429708
Q105525303	6000000016176584519
Q105525304	6000000019695209037
Q105525306	6000000016176728122
Q105525307	6000000016176623612
Q105525308	6000000016176667126
Q105525309	6000000180578664731
Q105525312	6000000016176161838
Q105525314	6000000016176532674
Q105525316	6000000016176095988
Q105525318	6000000114147311012
Q105525322	6000000019254474909
Q105525324	6000000032912168888
Q105525326	6000000032911829995
Q105525329	6000000036149515375
Q105525334	6000000071539603964
Q105525335	6000000036150442014
Q105525336	6000000085587733269
Q105525338	6000000024034949353
Q105525339	6000000112828930967
Q105525341	6000000183919628013
Q105525342	6000000085574276862
Q105525350	6000000194951810829
Q105525357	6000000212832381852
Q105525361	6000000212832387823
Q105525364	3345103
Q105525365	3345106
Q105525368	6000000216387106841
Q105525369	6000000216392941830
Q105525370	6000000037005775364
Q105525373	6000000087581285921
Q105525376	6000000036196866200
Q105525378	6000000080904241870
Q105525393	6000000019487595085
Q105525394	6000000017278357290
Q105525396	6000000131691011925
Q105525397	6000000019476519234
Q105525398	6000000131690573948
Q105525402	6000000031706781931
Q105525403	6000000019459670571
Q105525407	6000000031706510453
Q105525409	6000000019459257850
Q105525411	6000000019176671073
Q105525417	6000000002903824904
Q105525418	6000000009571242852
Q105525419	6000000081129236918
Q105525420	6000000039096419877
Q105525422	6000000022937781850
Q105525423	6000000046366191106
Q105525429	6000000205244013866
Q105525430	6000000051261107076
Q105525431	3166575
Q105525436	3166550
Q105525437	6000000183465347821
Q105525440	6000000021329933572
Q105525441	6000000037378191022
Q105525442	6000000002765609078
Q105525445	6000000036154247057
Q105525446	6000000025631237593
Q105525448	6000000025631594503
Q105525449	6000000021328967271
Q105525452	6000000183943629858
Q105525454	6000000037032738963
Q105525465	6000000147223173142
Q105525471	6000000016141963741
Q105525474	6000000047327755821
Q105525476	6000000012751550449
Q105525479	6000000012751321858
Q105525480	6000000031110967177
Q105525483	6000000016192260326
Q105525484	6000000014475741008
Q105525485	6000000014252451889
Q105525490	6000000014252672042
Q105525491	6000000014252163945
Q105525494	6000000054008735017
Q105525495	6000000028298872358
Q105525496	6000000028299092179
Q105525497	6000000173932642842
Q105525498	6000000129077591118
Q105525499	6000000054008239269
Q105525500	6000000065106397025
Q105525502	6000000028298751708
Q105525503	6000000034228142028
Q105525504	6000000028280441558
Q105525505	6000000047457035902
Q105525506	6000000019206422981
Q105525507	6000000034681679157
Q105525509	6000000173931424089
Q105525511	6000000026296837666
Q105525512	6000000026297214568
Q105525514	6000000019632053021
Q105525517	6000000017561881251
Q105525518	6000000014707323200
Q105525520	3166586
Q105525521	6000000063686194125
Q105525522	6000000015116706374
Q105525665	6000000037907055161
Q105525667	6000000033192748216
Q105525682	6000000046033392966
Q105525797	6000000018277306128
Q105525951	6000000041635288971
Q105525961	6000000178275109835
Q105525962	6000000098080654310
Q105525963	6000000051637597867
Q105525968	6000000098084522872
Q105525969	6000000041634850684
Q105525981	6000000047393474902
Q105525982	6000000021066174014
Q105525983	6000000021066110261
Q105525984	6000000021066193336
Q105525985	6000000074760613849
Q105525988	6000000183965101860
Q105525991	6000000015373441131
Q105525992	6000000040336695255
Q105525993	6000000040336630387
Q105525996	6000000040336331698
Q105526000	6000000042214391995
Q105526001	6000000080835762105
Q105526002	6000000110464551839
Q105526003	6000000111055487921
Q105526004	6000000072647148907
Q105526005	6000000019937579591
Q105526006	6000000085542567987
Q105526008	6000000036171864110
Q105526009	6000000071367792956
Q105526014	6000000036172137081
Q105526018	6000000071368178142
Q105526019	6000000008953622832
Q105526020	6000000024971720000
Q105526021	6000000071369238020
Q105526022	6000000073368903039
Q105526023	6000000043971470180
Q105526026	6000000042213996570
Q105526028	6000000077519484754
Q105526029	6000000019248446634
Q105526032	6000000077520048877
Q105526033	6000000071368681167
Q105526034	6000000111069047066
Q105526036	6000000086228580100
Q105526041	6000000043971007755
Q105526042	6000000008953575941
Q105526043	6000000180196444829
Q105526044	6000000017867950952
Q105526045	6000000049988638364
Q105526046	6000000017868595037
Q105526047	6000000077520456235
Q105526054	6000000085543395019
Q105526055	6000000044201148144
Q105526056	6000000085090251841
Q105526057	6000000177998821853
Q105526060	6000000034498946444
Q105526061	6000000069985513865
Q105526063	6000000038939267540
Q105526064	6000000034498312778
Q105526065	6000000034499221344
Q105526066	6000000016531778947
Q105526067	6000000037500937744
Q105526068	6000000086824922266
Q105526070	6000000016531975365
Q105526071	6000000081305056924
Q105526072	6000000081304961957
Q105526074	6000000016692656931
Q105526075	6000000010882716984
Q105526076	6000000020549335597
Q105526077	6000000024903650083
Q105526078	6000000010882216163
Q105526079	6000000025912330282
Q105526080	6000000085681385831
Q105526082	6000000022478150675
Q105526083	6000000020549439222
Q105526084	6000000049699187022
Q105526089	6000000018239891705
Q105526090	6000000018239536828
Q105526091	6000000134686041821
Q105526094	6000000065753942914
Q105526101	6000000035030356363
Q105526102	6000000176114647862
Q105526103	6000000034872781820
Q105526107	6000000017413736259
Q105526109	6000000034692736568
Q105526113	6000000017413735382
Q105526115	6000000035030513095
Q105526119	6000000020294889425
Q105526123	6000000042236585217
Q105526125	6000000042236482386
Q105526126	6000000020294823518
Q105526127	6000000020294949406
Q105526128	6000000007316917925
Q105526130	6000000007316917936
Q105526131	6000000007316917953
Q105526132	6000000040105528872
Q105526133	6000000033833888184
Q105526139	6000000207407047834
Q105526141	6000000022333436434
Q105526142	6000000022333529082
Q105526143	6000000022333613888
Q105526144	6000000110258040873
Q105526147	6000000075571590870
Q105526148	6000000036777517394
Q105526150	6000000085819385848
Q105526154	6000000034848298894
Q105526161	6000000149892510878
Q105526162	6000000095406711048
Q105526165	6000000023295185334
Q105526166	6000000029244852833
Q105526167	6000000029244740969
Q105526169	6000000031047692948
Q105526173	6000000050023046968
Q105526180	6000000019752303116
Q105526181	6000000019749122980
Q105526182	6000000019749496817
Q105526183	6000000019749442710
Q105526184	6000000019752004627
Q105526186	6000000019749513410
Q105526188	6000000017729965126
Q105526192	6000000104900937938
Q105526196	6000000035155411679
Q105526198	6000000017777376330
Q105526199	6000000019557994605
Q105526200	6000000076096898821
Q105526201	6000000017729903421
Q105526202	6000000017730014045
Q105526207	6000000017703773795
Q105526209	6000000019558209719
Q105526211	6000000017187523834
Q105526215	6000000018780953853
Q105526216	6000000034464467959
Q105526217	6000000015511579999
Q105526218	6000000017703773790
Q105526219	6000000017703773800
Q105526220	6000000047230254830
Q105526222	6000000019558452057
Q105526223	6000000017777486021
Q105526224	6000000019558164457
Q105526225	6000000015512045348
Q105526226	6000000018780902831
Q105526227	6000000015158874492
Q105526228	6000000051201414964
Q105526229	6000000030813219840
Q105526230	6000000085906444970
Q105526233	6000000077836770837
Q105526234	6000000004003402771
Q105526236	6000000018948336778
Q105526237	6000000018948313838
Q105526238	6000000084198914319
Q105526241	6000000065558788857
Q105526242	6000000077822633048
Q105526245	6000000022643694633
Q105526247	6000000077819393240
Q105526248	6000000084292989970
Q105526249	6000000077818532569
Q105526250	6000000065557643836
Q105526251	6000000085903501166
Q105526253	6000000205808469837
Q105526254	6000000177929404839
Q105526256	6000000060279961907
Q105526257	6000000077822735949
Q105526259	6000000024209139773
Q105526260	6000000022176759348
Q105526262	6000000058552057860
Q105526264	6000000052286795853
Q105526265	6000000085902863165
Q105526266	6000000072328570340
Q105526274	6000000017070313857
Q105526275	6000000097833881934
Q105526279	6000000097834828821
Q105526280	6000000097833276963
Q105526281	6000000097833005873
Q105526282	6000000070709569822
Q105526283	6000000185306506821
Q105526285	6000000100204435968
Q105526288	6000000010132515611
Q105526289	6000000015311838511
Q105526290	6000000070709119979
Q105526292	6000000125312784834
Q105526295	6000000125311594901
Q105526297	6000000070709452972
Q105526300	6000000012942622425
Q105526302	6000000015895323377
Q105526304	6000000019108486579
Q105526309	6000000014781359068
Q105526313	6000000019110073043
Q105526314	6000000008155654335
Q105526315	6000000019108161684
Q105526316	6000000019109516019
Q105526318	6000000015895136413
Q105526320	6000000002115939168
Q105526324	6000000142589671821
Q105526326	6000000025096246073
Q105526330	6000000019109564735
Q105526331	6000000004941909325
Q105526337	6000000034837372832
Q105526338	6000000015895403197
Q105526339	6000000070149775054
Q105526340	6000000086148012844
Q105526342	6000000092451125575
Q105526345	6000000018466903133
Q105526347	6000000174311083886
Q105526348	6000000018466723771
Q105526361	6000000132758042821
Q105526365	6000000174102314878
Q105526370	6000000019787978837
Q105526374	6000000115331198827
Q105526375	6000000029656286897
Q105526383	6000000079043224862
Q105526385	6000000028392767630
Q105526400	6000000115330975898
Q105526401	6000000031234365063
Q105526403	6000000029655946329
Q105526404	6000000083957380434
Q105526406	6000000088233546019
Q105526407	6000000039901101736
Q105526409	6000000088234807828
Q105526411	6000000088235045842
Q105526415	6000000038338649003
Q105526416	6000000038338400231
Q105526419	6000000016485806705
Q105526420	6000000039326352258
Q105526421	6000000015108125336
Q105526429	6000000066474931855
Q105526431	6000000025483522147
Q105526434	6000000062688534981
Q105526440	6000000023162069130
Q105526442	6000000026566248697
Q105526445	6000000018502350337
Q105526448	6000000024514444514
Q105526450	6000000012663812297
Q105526451	6000000026258629936
Q105526452	6000000004535386940
Q105526455	6000000019129301303
Q105526460	6000000038104477742
Q105526462	6000000023161943290
Q105526467	6000000021262422112
Q105526469	6000000015655982377
Q105526473	6000000016532037782
Q105526474	6000000077912795420
Q105526475	6000000015655961318
Q105526476	6000000023162125209
Q105526478	6000000026589645746
Q105526479	6000000018394940008
Q105526480	6000000077912664475
Q105526482	6000000020886864502
Q105526484	6000000017512671279
Q105526487	6000000077841636069
Q105526489	6000000034636062090
Q105526490	6000000036792357824
Q105526491	6000000023161934472
Q105526492	6000000026570283927
Q105526494	6000000077913712954
Q105526495	6000000013752522890
Q105526496	6000000051423518904
Q105526498	6000000042424212821
Q105526500	6000000018446306544
Q105526501	6000000077913343489
Q105526503	6000000023162205172
Q105526504	6000000077842035947
Q105526505	6000000024655772178
Q105526506	6000000015107778715
Q105526507	6000000026565745768
Q105526508	6000000009655182898
Q105526511	6000000016126509044
Q105526512	6000000062694346073
Q105526513	6000000036281661755
Q105526514	6000000016203278523
Q105526515	6000000025862340661
Q105526517	6000000099269518914
Q105526520	6000000099267729928
Q105526521	6000000099263454925
Q105526523	6000000035142669592
Q105526536	6000000016496755722
Q105526539	6000000071056944360
Q105526540	6000000009726413031
Q105526542	6000000024170183696
Q105526545	6000000024170750208
Q105526548	6000000137436329840
Q105526549	6000000193201204824
Q105526553	6000000137437214821
Q105526558	6000000193201707852
Q105526559	6000000137435547822
Q105526566	6000000106897617853
Q105526570	6000000087779412821
Q105526571	6000000087778602987
Q105526572	6000000074698037973
Q105526573	6000000087779340821
Q105526574	6000000087780719822
Q105526586	6000000073214318121
Q105526588	6000000015373578004
Q105526589	6000000021437849594
Q105526590	6000000076965115275
Q105526591	6000000065570385001
Q105526592	6000000065569505202
Q105526593	6000000065570248009
Q105526597	6000000015632949268
Q105526599	6000000018893949980
Q105526601	6000000120384231884
Q105526602	6000000146221919909
Q105526603	6000000120516695853
Q105526604	6000000021438277644
Q105526608	6000000056370990824
Q105526609	6000000056370958858
Q105526610	6000000056370514199
Q105526612	6000000065566002966
Q105526614	6000000028605469547
Q105526616	6000000179852640823
Q105526618	6000000161660894905
Q105526619	6000000024181282635
Q105526622	6000000036924036007
Q105526624	6000000077447318947
Q105526625	6000000076324190905
Q105526626	6000000015646426000
Q105526627	6000000021682103008
Q105526628	6000000071058029945
Q105526629	6000000021474262481
Q105526630	6000000015648782281
Q105526631	6000000015648853111
Q105526632	6000000017642289650
Q105526633	6000000071060833875
Q105526634	6000000017642251613
Q105526635	6000000025109752021
Q105526636	6000000015675402681
Q105526637	6000000071061170830
Q105526638	6000000071061355939
Q105526640	6000000038094277092
Q105526642	6000000071058122969
Q105526643	6000000050143643940
Q105526645	6000000019042634458
Q105526647	6000000074071619821
Q105526656	6000000091144528852
Q105526658	6000000091144088057
Q105526659	6000000091144570039
Q105526660	6000000075650017862
Q105526661	6000000177364501928
Q105526662	6000000091144754026
Q105526663	6000000091144444213
Q105526666	6000000179889488822
Q105526668	6000000025678966732
Q105526669	6000000025678739313
Q105526671	6000000020705801137
Q105526674	6000000187234088837
Q105526676	6000000020790148070
Q105526678	6000000043482646762
Q105526681	6000000163873007849
Q105526687	6000000020153450161
Q105526688	6000000010545959469
Q105526689	6000000030902718914
Q105526690	6000000026118929285
Q105526691	6000000030902729900
Q105526693	6000000027776431575
Q105526694	6000000088746779163
Q105526695	6000000033485541324
Q105526696	6000000027776565121
Q105526697	6000000027776688857
Q105526698	6000000030902937891
Q105526699	6000000030902691053
Q105526700	6000000026779925151
Q105526702	6000000030871501103
Q105526703	6000000026780090032
Q105526704	6000000030871051644
Q105526705	6000000019339689617
Q105526707	6000000030899164033
Q105526708	6000000030871316918
Q105526709	6000000030902622338
Q105526710	6000000030871348346
Q105526711	6000000030902811880
Q105526712	6000000030871342001
Q105526713	6000000030902496612
Q105526715	6000000076064313905
Q105526716	6000000030902070169
Q105526717	6000000030886453253
Q105526718	6000000033485920315
Q105526719	6000000033485412940
Q105526720	6000000026118927621
Q105526730	6000000030178106831
Q105526731	6000000042193694978
Q105526732	6000000030178365826
Q105526733	6000000042197001329
Q105526735	6000000015519289605
Q105526736	6000000182098424821
Q105526740	6000000042257561011
Q105526742	6000000042257232531
Q105526743	6000000051234697841
Q105526744	6000000045952176876
Q105526745	6000000042257663887
Q105526748	6000000041873713044
Q105526750	6000000042257306300
Q105526753	6000000033821653816
Q105526755	6000000033822461158
Q105526756	6000000009607547329
Q105526757	6000000009607464401
Q105526760	6000000018407553262
Q105526762	6000000009473319701
Q105526767	6000000026519051246
Q105526768	6000000032823371980
Q105526769	6000000032823059444
Q105526770	6000000077388630847
Q105526771	6000000184380100853
Q105526775	6000000184316114868
Q105526776	6000000196861356832
Q105526784	6000000196862878825
Q105526795	6000000122727346022
Q105526799	6000000010655806250
Q105526801	6000000058572867919
Q105526804	6000000215794981835
Q105526806	6000000045528102848
Q105526807	6000000044651689057
Q105526813	6000000183507216821
Q105526820	6000000196860785888
Q105526821	6000000087765797833
Q105526827	6000000215038637864
Q105526831	6000000196861760840
Q105526839	6000000026079175380
Q105526842	6000000023068988058
Q105526844	6000000026079342606
Q105526846	6000000017836967118
Q105526847	6000000068966091100
Q105526848	6000000086257473821
Q105526849	6000000081297121928
Q105526850	6000000009246537046
Q105526852	6000000026079794838
Q105526853	6000000070973407911
Q105526855	6000000096572147821
Q105526857	6000000009246658051
Q105526861	6000000081296484520
Q105526863	6000000096573686946
Q105526864	6000000081297151971
Q105526865	6000000086255429999
Q105526867	6000000182850796863
Q105526868	6000000019234808740
Q105526869	6000000096575087822
Q105526878	6000000017561505917
Q105526879	6000000028016749964
Q105526880	6000000017559585528
Q105526882	6000000065534052936
Q105526886	6000000018281483928
Q105526887	6000000032166388037
Q105526888	6000000137141165893
Q105526897	6000000017561962233
Q105526899	6000000065533694075
Q105526902	6000000036396144965
Q105526916	6000000196985845823
Q105526919	6000000194898853837
Q105526922	6000000064301264938
Q105526924	6000000032272948093
Q105526925	6000000103440257906
Q105526927	6000000103440391837
Q105526929	6000000042056804669
Q105526932	6000000074744478933
Q105526933	6000000094448811822
Q105526935	6000000032277389357
Q105526938	6000000018678519295
Q105526940	6000000074743979154
Q105526941	6000000016822521896
Q105526943	6000000206173948835
Q105526944	6000000083238882884
Q105526948	6000000032277620738
Q105526952	6000000074745127857
Q105526953	6000000085217033855
Q105526955	6000000021907229117
Q105526957	6000000201027238856
Q105526958	6000000007724036020
Q105526962	6000000022251394900
Q105526965	6000000084385431230
Q105526966	6000000073188845955
Q105526967	6000000074743352264
Q105526968	6000000079606884683
Q105526969	6000000032277923868
Q105526973	6000000018347233997
Q105526974	6000000030529539335
Q105526976	6000000032274380474
Q105526977	6000000090765574901
Q105526980	6000000023247524998
Q105526981	6000000083238436419
Q105526982	6000000018550323757
Q105526983	6000000018678462952
Q105526985	6000000018678592119
Q105526994	6000000018545700575
Q105526995	6000000103439319869
Q105526999	6000000018545700590
Q105527000	6000000074661561070
Q105527003	6000000079609384844
Q105527012	6000000023247363040
Q105527018	6000000090766545971
Q105527019	6000000040511842026
Q105527026	6000000074744316911
Q105527030	6000000074744869004
Q105527042	6000000113503874936
Q105527043	6000000113504444821
Q105527047	6000000081807060174
Q105527053	6000000126164527833
Q105527055	6000000109781742846
Q105527059	6000000018470009871
Q105527060	6000000022255727754
Q105527062	6000000020692347277
Q105527064	6000000125317970990
Q105527066	6000000020826367777
Q105527068	6000000020824744063
Q105527069	6000000002815878599
Q105527073	6000000133453640886
Q105527074	6000000050600510984
Q105527076	6000000019685444318
Q105527080	6000000021570498655
Q105527082	6000000195256168828
Q105527083	6000000153588847822
Q105527090	6000000006796455403
Q105527092	6000000109283896908
Q105527095	6000000062056737927
Q105527096	6000000181549106821
Q105527097	6000000175632601851
Q105527099	6000000022403494348
Q105527102	6000000015763004139
Q105527103	6000000019968148504
Q105527108	6000000022372992658
Q105527111	6000000003680654178
Q105527113	6000000203290230827
Q105527115	6000000021725385381
Q105527116	6000000099587462988
Q105527117	6000000022144031633
Q105527118	6000000194905171838
Q105527119	6000000188459271837
Q105527120	6000000020855149056
Q105527122	6000000021758576868
Q105527125	6000000075742155821
Q105527129	6000000019101385389
Q105527138	6000000021638433168
Q105527139	6000000021715513519
Q105527141	6000000021830002356
Q105527143	6000000001997296735
Q105527145	6000000020094699357
Q105527149	6000000205879999834
Q105527151	6000000020985228153
Q105527159	6000000148033336902
Q105527160	6000000016024081086
Q105527170	6000000014524538898
Q105527172	6000000032215975656
Q105527177	6000000069665656821
Q105527178	6000000021725336047
Q105527179	6000000020773202241
Q105527180	6000000156502337842
Q105527181	6000000020705807998
Q105527184	6000000022378933548
Q105527186	6000000044094936487
Q105527187	6000000021514900749
Q105527191	6000000188450760838
Q105527192	6000000075693279863
Q105527193	6000000021450729305
Q105527194	6000000021493822887
Q105527196	6000000018365497861
Q105527206	6000000022362595869
Q105527208	6000000000023288719
Q105527210	6000000021789291332
Q105527211	6000000182436787832
Q105527216	6000000021618358632
Q105527218	6000000021493026348
Q105527219	6000000021585982959
Q105527220	6000000025441917857
Q105527221	6000000193828338838
Q105527222	6000000013300823860
Q105527223	6000000018381091883
Q105527224	6000000017548031037
Q105527225	6000000024596091207
Q105527226	6000000073792863863
Q105527227	6000000019968281188
Q105527228	6000000096617249846
Q105527231	6000000018369089325
Q105527239	6000000148038343860
Q105527241	6000000021495803574
Q105527243	6000000003601894311
Q105527244	6000000021578985380
Q105527250	6000000178376716893
Q105527251	6000000019493519485
Q105527256	6000000075683744894
Q105527259	6000000077707587116
Q105527260	6000000022258181011
Q105527262	6000000010897226020
Q105527263	6000000021450776013
Q105527264	6000000019554494644
Q105527265	6000000075693405951
Q105527267	6000000175363932894
Q105527268	6000000021962465273
Q105527269	6000000024596078759
Q105527270	6000000075691365236
Q105527276	6000000035544657989
Q105527278	6000000090883136031
Q105527284	6000000016888598544
Q105527285	6000000003247248833
Q105527286	6000000020762639701
Q105527287	6000000021740716946
Q105527288	6000000021809865822
Q105527289	6000000022203438217
Q105527290	6000000120354791909
Q105527292	6000000204249972826
Q105527293	6000000021589509021
Q105527294	6000000109284517821
Q105527295	6000000020906847435
Q105527296	6000000021932190507
Q105527299	6000000002987149480
Q105527302	6000000037622985347
Q105527303	6000000030553163364
Q105527309	6000000120354722848
Q105527315	6000000021448164874
Q105527318	6000000014804004007
Q105527324	6000000075619475864
Q105527326	6000000022379184535
Q105527327	6000000093091259821
Q105527332	6000000184288389874
Q105527333	6000000021579069641
Q105527334	6000000028001190702
Q105527337	6000000109285538822
Q105527338	6000000021867880118
Q105527341	6000000020547429951
Q105527342	6000000153897264823
Q105527344	6000000029074155558
Q105527345	6000000022379201222
Q105527347	6000000071559663918
Q105527348	6000000018426726634
Q105527349	6000000022373700512
Q105527350	6000000111033382113
Q105527351	6000000052553898838
Q105527353	6000000001747633455
Q105527357	6000000194473031824
Q105527359	6000000020724017631
Q105527361	6000000021960450364
Q105527363	6000000020094192634
Q105527365	6000000133451245823
Q105527366	6000000021707769189
Q105527367	6000000113582568052
Q105527369	6000000100866556912
Q105527370	6000000093090483866
Q105527371	6000000021726093871
Q105527372	6000000022046686055
Q105527373	6000000032237899321
Q105527375	6000000076189168888
Q105527378	6000000077156084195
Q105527379	6000000178519907847
Q105527380	6000000021856132582
Q105527385	6000000021618279583
Q105527386	6000000021570943163
Q105527387	6000000044094934428
Q105527391	6000000096621911821
Q105527392	6000000169041675845
Q105527397	6000000198118720832
Q105527404	6000000018454373311
Q105527407	6000000099588091833
Q105527409	6000000022420387637
Q105527411	6000000021489758688
Q105527431	6000000093927338963
Q105527432	6000000021863447162
Q105527435	6000000018368823941
Q105527436	6000000021820077926
Q105527437	6000000018365456956
Q105527438	6000000030553484008
Q105527439	6000000020359405190
Q105527440	6000000093097931826
Q105527441	6000000178435002825
Q105527442	6000000195316576821
Q105527446	6000000158616719821
Q105527449	6000000018657906052
Q105527451	6000000022402666447
Q105527455	6000000021857867319
Q105527456	6000000188458074859
Q105527457	6000000022364334018
Q105527458	6000000156489659882
Q105527459	6000000083859769518
Q105527460	6000000200821710829
Q105527462	6000000022020624081
Q105527463	6000000188458541866
Q105527466	6000000175287547162
Q105527467	6000000017808460558
Q105527468	6000000201369750844
Q105527471	6000000006796195853
Q105527472	6000000077023614487
Q105527474	6000000089259926486
Q105527475	6000000001364915482
Q105527476	6000000158615281866
Q105527477	6000000022175228980
Q105527478	6000000035869837402
Q105527481	6000000077155719192
Q105527486	6000000021584596688
Q105527487	6000000022144316155
Q105527491	6000000021541550153
Q105527493	4630702
Q105527495	6000000077023442021
Q105527496	6000000169421594821
Q105527497	6000000019554417873
Q105527500	6000000021809628417
Q105527501	6000000156503982821
Q105527503	6000000017569311402
Q105527504	6000000109286067959
Q105527505	6000000030750344357
Q105527507	6000000018242646346
Q105527512	6000000021789401928
Q105527514	6000000083302865867
Q105527516	6000000037154343524
Q105527518	6000000018091690573
Q105527519	6000000028907484237
Q105527521	6000000053056901028
Q105527522	6000000016951594888
Q105527527	6000000077156304211
Q105527529	6000000018470103338
Q105527530	6000000027420302462
Q105527532	6000000018657584988
Q105527534	6000000021399910741
Q105527537	6000000072427073061
Q105527539	6000000026887148032
Q105527540	6000000075684382885
Q105527541	6000000021638594025
Q105527543	6000000022419865823
Q105527544	6000000205976573823
Q105527546	6000000193635199874
Q105527547	6000000019967784784
Q105527549	6000000029981273931
Q105527554	6000000093924995545
Q105527556	6000000022143935715
Q105527557	6000000020547362291
Q105527560	6000000205932591872
Q105527561	6000000021493615262
Q105527566	6000000089345423826
Q105527569	6000000022062571185
Q105527571	6000000011608867057
Q105527572	6000000073792911900
Q105527575	6000000029074423878
Q105527579	6000000052493733116
Q105527582	6000000022792233086
Q105527583	6000000021926044723
Q105527584	6000000007281249222
Q105527585	6000000117710973920
Q105527586	6000000021715717123
Q105527587	6000000053519562905
Q105527588	6000000196578804874
Q105527589	6000000083302816966
Q105527591	6000000032215851191
Q105527592	6000000003680687023
Q105527595	327922872130007074
Q105527597	6000000014802274700
Q105527598	6000000153522535992
Q105527599	6000000021725531341
Q105527600	6000000030550324849
Q105527601	6000000116386233872
Q105527603	6000000021891628932
Q105527604	6000000075693236840
Q105527605	6000000084319175022
Q105527606	6000000079898352950
Q105527607	6000000022257762037
Q105527608	6000000178520204829
Q105527609	6000000021758106285
Q105527612	6000000136031631876
Q105527613	6000000203884091825
Q105527615	6000000205932570019
Q105527617	6000000106764630845
Q105527619	6000000076680490919
Q105527622	6000000021489643933
Q105527633	6000000184289919841
Q105527634	6000000099191146867
Q105527635	6000000016446938035
Q105527636	6000000021492780805
Q105527637	6000000079728051687
Q105527639	6000000018648206939
Q105527643	6000000020827564140
Q105527644	6000000177383190831
Q105527649	6000000036315705695
Q105527651	6000000020483407335
Q105527653	6000000205946625853
Q105527654	6000000075682933153
Q105527656	6000000073791516827
Q105527657	6000000032237694353
Q105527658	6000000122861495860
Q105527659	6000000088324997834
Q105527660	6000000022099513895
Q105527663	6000000022402491734
Q105527665	6000000189908944849
Q105527666	6000000019684955972
Q105527667	6000000020360007811
Q105527668	6000000021478385108
Q105527671	6000000012997877088
Q105527673	6000000007280922748
Q105527679	6000000122860802821
Q105527681	6000000120354271087
Q105527684	6000000029980970263
Q105527688	6000000075742156862
Q105527689	6000000153366540825
Q105527691	6000000021809761075
Q105527702	6000000037317913447
Q105527718	6000000018886122772
Q105527721	6000000039981245873
Q105527723	6000000111733180009
Q105527729	6000000058485382031
Q105527730	6000000038917825048
Q105527739	6000000033605561930
Q105527741	6000000019287811504
Q105527748	6000000083946394036
Q105527752	6000000018515700668
Q105527754	6000000018883918256
Q105528053	6000000003221636361
Q105528055	6000000002977105991
Q105528058	6000000003221636375
Q105528105	6000000004549673016
Q105528123	6000000189127699883
Q105528200	6000000000774634044
Q105528202	6000000028868292744
Q105528207	6000000017785410729
Q105528208	6000000017785118363
Q105528209	6000000017785536252
Q105528210	6000000017785545356
Q105528212	6000000017785499687
Q105528214	6000000017785544127
Q105528216	6000000017785464535
Q105528231	6000000001220219635
Q105528232	6000000001220163150
Q105528262	6000000008139104967
Q105528322	6000000025298807235
Q105529150	6000000051218119860
Q105529699	6000000019469194020
Q105529772	6000000094784346889
Q105529954	6000000001291176216
Q105530264	6000000069201117887
Q105531429	6000000027815930701
Q105531671	6000000027816219486
Q105531816	6000000027828870017
Q105531817	6000000014036639004
Q105532073	6000000027816083296
Q105532318	6000000027816495443
Q105532347	6000000008649164852
Q105532997	6000000081303816231
Q1055352	6000000070530874832
Q105535373	6000000002787042100
Q105539	6000000026872816743
Q10554236	6000000074771742823
Q1055424	6000000051295670858
Q10554325	6000000074771313004
Q1055448	6000000076023047835
Q1055449	6000000083333290306
Q105546608	6000000030416395867
Q105547616	6000000069695170864
Q105547819	6000000018786870920
Q105548699	6000000171514005245
Q105549060	6000000012407342770
Q10554923	6000000074725902900
Q105549483	6000000017124702498
Q105549809	6000000001818235403
Q105549953	6000000001870505663
Q105549984	6000000008276937505
Q105552756	6000000080565029945
Q105552761	6000000031045929227
Q105552764	6000000080564651414
Q105553097	6000000177005124841
Q105554277	6000000001547546079
Q105554296	6000000016682166099
Q105554313	6000000003075681102
Q105554326	6000000003867141564
Q105554327	6000000000894327143
Q105554329	6000000006906999537
Q105554331	6000000000689042792
Q105554332	6000000003867150754
Q105554333	6000000000533865947
Q105554334	6000000002928621894
Q105554335	6000000003867150761
Q105554351	6000000007888563721
Q105554352	6000000016153105446
Q105554353	6000000016153178617
Q105554355	6000000016154137654
Q105554356	6000000016154168728
Q105554357	6000000005232499811
Q105554358	6000000005232499674
Q105554360	6000000005232499641
Q105554361	6000000025606550624
Q105554371	6000000035219757882
Q105554372	6000000010753031251
Q105554373	6000000001902594788
Q105554402	6000000000965635045
Q105554425	6000000000628427531
Q105554426	6000000004402707169
Q105554467	6000000004402641018
Q105554585	6000000001367773942
Q105554688	6000000021590024837
Q105554689	6000000094448507895
Q105554690	6000000044362400570
Q105554691	6000000044362788077
Q105554692	6000000104589646008
Q105554694	6000000041993053113
Q105554696	6000000026592354246
Q105554697	6000000036196785419
Q105554699	6000000036196785407
Q105554701	6000000041110031026
Q105554702	6000000026598284831
Q105554703	6000000036196785414
Q105554704	6000000029695259697
Q105554714	6000000037857843705
Q105554715	6000000037858171195
Q105554716	6000000037858522935
Q105554718	6000000037857196623
Q105554724	6000000047971037867
Q105554725	6000000078358552847
Q105554728	6000000079500358675
Q105554729	6000000074817934081
Q105554733	6000000014341852585
Q105554734	6000000079528310844
Q105554739	6000000176651029891
Q105554741	6000000078366782105
Q105554837	6000000156927382929
Q105554838	6000000176651629828
Q105554839	6000000031337397041
Q105554842	6000000078357895825
Q105554844	6000000156928549824
Q105554848	6000000068223690822
Q105554849	6000000068223176889
Q105554852	6000000068223101894
Q105554856	6000000041662903273
Q105554858	6000000018514421825
Q105554859	6000000091272248823
Q105554869	6000000041663236865
Q105554870	6000000074540465831
Q105554871	6000000026620724688
Q105554874	6000000069250228839
Q105554875	6000000014190058369
Q105554876	6000000027252193428
Q105554879	6000000156875451883
Q105554882	6000000077253103092
Q105554885	6000000096425316827
Q105554886	6000000096422906829
Q105554891	6000000025525752052
Q105554894	6000000013414882520
Q105554895	6000000056559158822
Q105554896	6000000056558960860
Q105554898	6000000030842927965
Q105554906	6000000177070646884
Q105554908	6000000177071103861
Q105554916	6000000050363914252
Q105554919	6000000025541566502
Q105554922	6000000016571275761
Q105554923	6000000009484624984
Q105554933	6000000082898326890
Q105554941	6000000018115234216
Q105554948	6000000022380993181
Q105554957	6000000002215913705
Q105554960	6000000029724356280
Q105554962	6000000029724387329
Q105554965	6000000090284440072
Q105554966	6000000002322152074
Q105554968	6000000002321870918
Q105554969	6000000023524870772
Q105554971	6000000038479102066
Q105554972	6000000023514470944
Q105554974	6000000023441292721
Q105554975	6000000023525102414
Q105555000	6000000080480862852
Q105555002	388765373860005860
Q105555003	388765726130006401
Q105555014	6000000013355969588
Q105555017	6000000013355894043
Q105555039	6000000090343754862
Q105555042	6000000054929107177
Q105555051	6000000015795603902
Q105555053	6000000015625991293
Q105555054	6000000015795765696
Q105555055	6000000015795651800
Q105555057	6000000015795642705
Q105555058	6000000015649048189
Q105555060	6000000015655049015
Q105555061	6000000015625482381
Q105555062	6000000015649057219
Q105555072	6000000033400020624
Q105555083	6000000032050632145
Q105555085	6000000162291890852
Q105555087	6000000162290114103
Q105555089	6000000162293150858
Q105555090	6000000082576336407
Q105555093	6000000084104785918
Q105555095	6000000084104673971
Q105555100	6000000086724975857
Q105555101	6000000026783475279
Q105555102	6000000086725177822
Q105555105	6000000086725665923
Q105555107	6000000086727854915
Q105555108	6000000086725937995
Q105555109	6000000086727327051
Q105555110	6000000086724784064
Q105555118	6000000044840928827
Q105555119	6000000024945559855
Q105555126	6000000033697757768
Q105555127	6000000024110673042
Q105555129	6000000017057019473
Q105555131	6000000024110894908
Q105555132	6000000033698405929
Q105555134	6000000017070101940
Q105555135	6000000017070402147
Q105555136	6000000017060764351
Q105555138	6000000017070008837
Q105555140	6000000009544144153
Q105555147	6000000067008312843
Q105555150	6000000015128419108
Q105555152	6000000027856790903
Q105555153	6000000060891330947
Q105555155	6000000067007529943
Q105555156	6000000044242840554
Q105555157	6000000021221796900
Q105555159	6000000010429968884
Q105555164	6000000021221591414
Q105555165	6000000196951861920
Q105555166	6000000060482797991
Q105555168	6000000021221648217
Q105555172	6000000021221494627
Q105555173	6000000021221593333
Q105555177	6000000023842813462
Q105555178	6000000070256341852
Q105555179	6000000093713265083
Q105555181	6000000018090404195
Q105555182	6000000002327622325
Q105555185	6000000035821269835
Q105555187	6000000112920915279
Q105555193	6000000030087043402
Q105555194	6000000036949156970
Q105555197	6000000019274472476
Q105555198	6000000102797660038
Q105555199	6000000088717479070
Q105555201	6000000041901954025
Q105555202	6000000030087428042
Q105555203	6000000041903160449
Q105555205	6000000120118537821
Q105555206	6000000019274560295
Q105555210	6000000115204550867
Q105555214	6000000015393658172
Q105555215	6000000079876869222
Q105555223	6000000047395599048
Q105555224	6000000126103028840
Q105555225	6000000071618530000
Q105555226	6000000079877209006
Q105555228	6000000069173992058
Q105555229	6000000071618035915
Q105555230	6000000071618772821
Q105555232	6000000026488468672
Q105555233	6000000210770914829
Q105555245	6000000042364816454
Q105555246	6000000078886803249
Q105555247	6000000069309698342
Q105555251	6000000116751394964
Q105555255	6000000039572991485
Q105555259	6000000003866493227
Q105555260	6000000042364748642
Q105555261	6000000116751242229
Q105555268	6000000132491982876
Q105555270	6000000061476774013
Q105555272	6000000188233497822
Q105555273	6000000038936558902
Q105555276	6000000157197650821
Q105555281	6000000027621113177
Q105555285	6000000038694332010
Q105555288	6000000116752054077
Q105555289	6000000023377244309
Q105555297	6000000073595044379
Q105555302	6000000069310904836
Q105555306	6000000107512368841
Q105555308	6000000072580377017
Q105555313	6000000038693864527
Q105555314	6000000079101065927
Q105555317	6000000025891596846
Q105555320	6000000116752311032
Q105555323	6000000034888452140
Q105555326	6000000022551569317
Q105555332	6000000038936435204
Q105555335	6000000038694204095
Q105555338	6000000202466733822
Q105555340	6000000061476913966
Q105555342	6000000027621992196
Q105555343	6000000078993067834
Q105555344	6000000042365079045
Q105555347	6000000039870093199
Q105555349	6000000072580101191
Q105555351	6000000116752109010
Q105555357	6000000029897537841
Q105555365	6000000022971012350
Q105555366	6000000045181587010
Q105555371	6000000197317901823
Q105555373	6000000058400496004
Q105555374	6000000058400826835
Q105555376	6000000194980625823
Q105555379	6000000197297979860
Q105555380	6000000022970887727
Q105555381	6000000022971193132
Q105555382	6000000045181589854
Q105555384	6000000052045089854
Q105555387	6000000017369769739
Q105555388	6000000036834213272
Q105555394	6000000181099639873
Q105555402	6000000194168432822
Q105555403	6000000016483373818
Q105555404	6000000023965477560
Q105555406	6000000071671660832
Q105555407	6000000142661470845
Q105555411	6000000030842498645
Q105555414	6000000101351749903
Q105555417	6000000127564168851
Q105555418	6000000101349609130
Q105555419	6000000089588516893
Q105555430	6000000104353535845
Q105555432	6000000014271705460
Q105555434	6000000205986802837
Q105555437	6000000131684328022
Q105555438	6000000007240321708
Q105555443	6000000035860920829
Q105555445	6000000172439181175
Q105555447	6000000007240321718
Q105555451	6000000031706936573
Q105555453	6000000082037466890
Q105555458	6000000172439685868
Q105555467	6000000007240321713
Q105555539	6000000008800415371
Q105555540	6000000033996228982
Q105555542	6000000069309714386
Q105555543	6000000181100797826
Q105555796	6000000079096250554
Q105555799	6000000083255173292
Q105555801	6000000066768049149
Q105555802	6000000074901551064
Q105555805	6000000092711730821
Q105555806	6000000185373150319
Q105555809	6000000077182116821
Q105555810	6000000034648264572
Q105555812	6000000045927173858
Q105555816	6000000017887332068
Q105555818	6000000079030177123
Q105555819	6000000099653461856
Q105555820	6000000125957531950
Q105555822	6000000084216382929
Q105555823	6000000112075143759
Q105555827	6000000084823901492
Q105555831	6000000185376094907
Q105555832	6000000041612135847
Q105555833	6000000112078924882
Q105555835	6000000084824500007
Q105555841	6000000016054586974
Q105555844	6000000213130475824
Q105555851	6000000013774229411
Q105555857	6000000039956323509
Q105555863	6000000025295778077
Q105555864	6000000076177268860
Q105555870	6000000010513031200
Q105555881	6000000035864376806
Q105555904	6000000103413812920
Q105555906	6000000047060936119
Q105555910	6000000033480655013
Q105555915	6000000207668795848
Q105555926	6000000019479838257
Q105555940	6000000050380731821
Q105555943	6000000072602162838
Q105555950	6000000079102245901
Q105555951	6000000014735240699
Q105555952	6000000103413917926
Q105555955	6000000031376884835
Q105555956	6000000084697058061
Q105555959	6000000100763545901
Q105555960	6000000041608035496
Q105555964	6000000000363152112
Q105555965	6000000076834099232
Q105555971	6000000023752065016
Q105555974	6000000101608551822
Q105555975	6000000184811372874
Q105555976	6000000115663277882
Q105555977	6000000013775078198
Q105555980	6000000038572143821
Q105555982	6000000100763312839
Q105555984	6000000084216374138
Q105555985	6000000080388161930
Q105555986	6000000206164777823
Q105555990	6000000057455401103
Q105555995	6000000024942054578
Q105555998	6000000175717912912
Q105556003	6000000092711415189
Q105556006	6000000024707568389
Q105556024	6000000050380100991
Q105556030	6000000179964556905
Q105556037	6000000030215930289
Q105556042	6000000022249449726
Q105556044	6000000173017640358
Q105556049	6000000085494504837
Q105556065	6000000098005801063
Q105556069	6000000000338960707
Q105556070	6000000011873559910
Q105556071	6000000127060782165
Q105556074	6000000057842723952
Q105556075	6000000190799997851
Q105556076	6000000185374317185
Q105556077	6000000078232786835
Q105556078	6000000103745263469
Q105556080	6000000033650904851
Q105556082	6000000038651017908
Q105556083	6000000078938999444
Q105556090	6000000023256200305
Q105556093	6000000052674725969
Q105556095	6000000084824171424
Q105556099	6000000154022333835
Q105556101	6000000078395575159
Q105556102	6000000013323086026
Q105556103	6000000031090365855
Q105556104	6000000077189030012
Q105556109	6000000017648173383
Q105556111	6000000080676115020
Q105556113	6000000001489980350
Q105556114	6000000028589499989
Q105556115	6000000045902340091
Q105556117	6000000080678775827
Q105556125	6000000100763620943
Q105556135	6000000041812300149
Q105556137	6000000013761200920
Q105556138	6000000044343197876
Q105556140	6000000076834396162
Q105556141	6000000019125967035
Q105556143	6000000026037223982
Q105556144	6000000024224572470
Q105556145	6000000045899838430
Q105556149	6000000178228084848
Q105556150	6000000014122067484
Q105556151	6000000014802654658
Q105556153	6000000079071627168
Q105556154	6000000073218840843
Q105556155	6000000019323547990
Q105556157	6000000178227253852
Q105556159	6000000153001162480
Q105556160	6000000014744962099
Q105556161	6000000013774687067
Q105556163	6000000175794345829
Q105556164	6000000017618009327
Q105556165	6000000078939289104
Q105556169	6000000150655575212
Q105556170	6000000034849263534
Q105556173	6000000015203079263
Q105556176	6000000026327002882
Q105556178	6000000084753081211
Q105556179	6000000001490270211
Q105556180	6000000150965469821
Q105556183	6000000203979068836
Q105556184	6000000099654075821
Q105556185	6000000078078763028
Q105556186	6000000031990043026
Q105556188	6000000030208893971
Q105556189	6000000079036431874
Q105556191	6000000024699191854
Q105556192	6000000016565654221
Q105556193	6000000079892860105
Q105556194	6000000153003887877
Q105556196	6000000077901002326
Q105556197	6000000173944997909
Q105556198	6000000103418785848
Q105556199	6000000082401727094
Q105556204	6000000014121988528
Q105556205	6000000168162063821
Q105556211	6000000056800742827
Q105556212	6000000013774549675
Q105556214	6000000173945319946
Q105556216	6000000084753619914
Q105556219	6000000055453209948
Q105556224	6000000097869670222
Q105556225	6000000084146842995
Q105556227	6000000089079448839
Q105556229	6000000014524932434
Q105556231	6000000084216048984
Q105556232	6000000093313147962
Q105556234	6000000084216036871
Q105556236	6000000169726718842
Q105556237	6000000026192025879
Q105556238	6000000046025804910
Q105556239	6000000019126210230
Q105556241	6000000052553014971
Q105556245	6000000030387978108
Q105556246	6000000073762888083
Q105556249	6000000169683508827
Q105556251	6000000178223066829
Q105556252	6000000173018076060
Q105556254	6000000078010732867
Q105556255	6000000041094774642
Q105556256	6000000019125656766
Q105556257	6000000128694853883
Q105556259	6000000115982486963
Q105556264	6000000104694478897
Q105556265	6000000049329180906
Q105556268	6000000007316917429
Q105556272	6000000079944325983
Q105556273	6000000055453047947
Q105556275	6000000073762688983
Q105556277	6000000030214450778
Q105556279	6000000019686232431
Q105556280	6000000072839600834
Q105556286	6000000019445845255
Q105556288	6000000069124321906
Q105556289	6000000019444751137
Q105556291	6000000025637090809
Q105556292	6000000110671454834
Q105556298	6000000079663905929
Q105556300	6000000009762482314
Q105556301	6000000076793449035
Q105556302	6000000019444718228
Q105556304	6000000078920953434
Q105556306	6000000026326001737
Q105556308	6000000016565599482
Q105556310	6000000078219490929
Q105556312	6000000084216696872
Q105556313	6000000008888507180
Q105556314	6000000084146767304
Q105556315	6000000079029624714
Q105556316	6000000085483309846
Q105556317	6000000127068198840
Q105556318	6000000036630921384
Q105556320	6000000090507013064
Q105556325	6000000079030415068
Q105556326	6000000078219733045
Q105556333	6000000082670203886
Q105556345	6000000086684568877
Q105556354	6000000085919345911
Q105556369	6000000048653138918
Q105556379	6000000048653123014
Q105556381	6000000017251467307
Q105556383	6000000020316161464
Q105556389	6000000028439744927
Q105556391	6000000019772131184
Q105556392	6000000072067503889
Q105556395	6000000048653206821
Q105556396	6000000017251504256
Q105556405	6000000077328663631
Q105556423	6000000084353792891
Q105556430	6000000084238039960
Q105556431	6000000044172955921
Q105556432	6000000040651500534
Q105556433	6000000050125396856
Q105556435	6000000013133813633
Q105556436	6000000044210236357
Q105556438	6000000177611824900
Q105556439	6000000040651480558
Q105556440	6000000177612992822
Q105556441	6000000147725131875
Q105556442	6000000042942033782
Q105556444	6000000042582290362
Q105556445	6000000078620323891
Q105556446	6000000078702827323
Q105556447	6000000022381532739
Q105556448	6000000014352179663
Q105556449	6000000075840896825
Q105556450	6000000042581972703
Q105556451	6000000078701953395
Q105556452	6000000078702742000
Q105556453	6000000058254060089
Q105556456	6000000029197448856
Q105556459	6000000031242452044
Q105556460	6000000176370963838
Q105556462	6000000031241727373
Q105556463	6000000014057645612
Q105556464	6000000176397163821
Q105556466	6000000031231260712
Q105556467	6000000074759885822
Q105556468	6000000018092456908
Q105556469	6000000091529505837
Q105556470	6000000079060508161
Q105556471	6000000175760277905
Q105556473	6000000019627729084
Q105556475	6000000067250138832
Q105556476	6000000015030047725
Q105556477	6000000065494482919
Q105556478	6000000065495601825
Q105556479	6000000065493387843
Q105556481	6000000060300626043
Q105556483	6000000008468722851
Q105556484	6000000086294750125
Q105556485	6000000065493446868
Q105556486	6000000067253345157
Q105556487	6000000175759423943
Q105556488	6000000175762092822
Q105556493	6000000065493125873
Q105556494	6000000015030047735
Q105556495	6000000008468473855
Q105556496	6000000016192590626
Q105556497	6000000086292597183
Q105556498	6000000002206608704
Q105556499	6000000060300603837
Q105556500	6000000081366729290
Q105556502	6000000015029545710
Q105556503	6000000016192990310
Q105556504	6000000075313112291
Q105556505	6000000058146971311
Q105556506	6000000040008989901
Q105556507	6000000171586002054
Q105556509	6000000079304688393
Q105556510	6000000012767328205
Q105556511	6000000036392995560
Q105556512	6000000017458635450
Q105556513	6000000017680738291
Q105556514	6000000012766973618
Q105556516	6000000022578756464
Q105556517	6000000019433260583
Q105556519	6000000044519451934
Q105556520	6000000075014380079
Q105556521	6000000017895414858
Q105556522	6000000021490927315
Q105556523	6000000021439908219
Q105556525	6000000036392934583
Q105556526	6000000018242809226
Q105556527	6000000019738154068
Q105556528	6000000012766988420
Q105556529	6000000043559009058
Q105556530	6000000022672292392
Q105556531	6000000017642486142
Q105556532	6000000021440030980
Q105556533	6000000018243128013
Q105556534	6000000017458585314
Q105556535	6000000017468991560
Q105556538	6000000022578428573
Q105556541	6000000019749392200
Q105556542	6000000018263859281
Q105556543	6000000018263812434
Q105556544	6000000035136639836
Q105556545	6000000034660247238
Q105556546	6000000018618606493
Q105556547	6000000109345401834
Q105556549	6000000077498366866
Q105556550	6000000077498055529
Q105556551	6000000077497978353
Q105556552	6000000078040369851
Q105556553	6000000187239603844
Q105556554	6000000078041202874
Q105556556	6000000179967177838
Q105556558	6000000098495168148
Q105556560	6000000098494523208
Q105556566	6000000038675965982
Q105556567	6000000038675786892
Q105556568	6000000038675248703
Q105556570	6000000038675718346
Q105556571	6000000038675585376
Q105556572	6000000171954332942
Q105556573	6000000171954783849
Q105556575	6000000134988875116
Q105556576	6000000134989964996
Q105556579	6000000025528309299
Q105556580	6000000025527676785
Q105556581	6000000025528310219
Q105556591	6000000019911939924
Q105556592	6000000019912091883
Q105556593	6000000074757086838
Q105556598	6000000078484765953
Q105556599	6000000019555443206
Q105556603	6000000198125722828
Q105556611	6000000086002473845
Q105556615	6000000086006851867
Q105556619	6000000021405994197
Q105556622	6000000036228177010
Q105556624	6000000021407957202
Q105556627	6000000036943965596
Q105556639	6000000111570297924
Q105556643	6000000036228270957
Q105556650	6000000122533795113
Q105556655	6000000128916723823
Q105556656	6000000034836423220
Q105556659	6000000171342607822
Q105556661	6000000128910801821
Q105556666	6000000020614462525
Q105556668	6000000034835496554
Q105556671	6000000043330638125
Q105556672	6000000101831368013
Q105556674	6000000139704947909
Q105556675	6000000027473140650
Q105556685	6000000089481895859
Q105556690	6000000094815504946
Q105556691	6000000024613321951
Q105556693	6000000125614588844
Q105556694	6000000125613250081
Q105556695	6000000125613813886
Q105556697	6000000017759919212
Q105556706	6000000020329460259
Q105556707	6000000014347550690
Q105556708	3922405161300110657
Q105556712	6000000078704942099
Q105556714	4945241068370069608
Q105556715	6000000020329584909
Q105556719	6000000078704133670
Q105556720	6000000020329617844
Q105556722	6000000014347561689
Q105556724	6000000020329459493
Q105556725	3922411888160066738
Q105556727	6000000086000436126
Q105556733	6000000021408190904
Q105556742	6000000206232280827
Q105556748	6000000064254173821
Q105556749	6000000039379088329
Q105556752	6000000057843252821
Q105556758	6000000015754768463
Q105556765	6000000019912204224
Q105556766	6000000051285754920
Q105556767	6000000030022844902
Q105556771	6000000122463806833
Q105556772	6000000019912177155
Q105556773	6000000078570455868
Q105556774	6000000122464664036
Q105556775	6000000030022973883
Q105556776	6000000030022929928
Q105556782	6000000015926769394
Q105556783	376455134550012865
Q105556784	6000000025892494484
Q105556785	6000000016933183717
Q105556786	6000000014688280311
Q105556787	6000000044034902962
Q105556788	6000000014348265567
Q105556789	6000000013206238008
Q105556790	6000000025892644426
Q105556792	6000000020801496667
Q105556793	6000000016925593479
Q105556794	6000000025892635504
Q105556795	6000000025892086727
Q105556796	6000000009258907141
Q105556797	6000000016926727161
Q105556798	6000000066640804904
Q105556799	6000000019125278814
Q105556800	6000000019126717320
Q105556801	6000000016933440366
Q105556803	6000000020801478521
Q105556804	6000000014688086848
Q105556806	6000000014893570098
Q105556807	6000000018626685186
Q105556808	6000000033671751291
Q105556809	6000000020801504491
Q105556810	6000000014688168755
Q105556811	6000000016925530627
Q105556813	6000000025892847974
Q105556815	6000000019125693767
Q105556816	6000000010647148647
Q105556819	6000000025892666421
Q105556820	6000000044044732870
Q105556822	6000000025892772435
Q105556823	6000000025892808013
Q105556825	6000000009130812029
Q105556834	5214806533020127291
Q105556838	5214794142670024309
Q105556848	6000000182389100890
Q105556849	6000000182390833826
Q105556850	6000000097381667866
Q105556852	6000000015566450755
Q105556854	6000000182397362831
Q105556855	6000000195977972936
Q105556861	6000000204440176825
Q105556862	6000000018539609371
Q105556864	6000000039117486821
Q105556865	6000000195892324826
Q105556872	6000000013925007047
Q105556873	5446770695270040829
Q105556883	6000000185678931297
Q105556888	6000000147298452870
Q105556889	6000000185681806062
Q105556892	6000000185683471846
Q105556895	6000000003618478878
Q105556902	6000000172726225430
Q105556907	6000000202037653822
Q105556914	6000000202037530870
Q105556915	6000000202037732842
Q105556917	6000000035585364674
Q105556921	6000000071218879841
Q105556923	6000000013775008958
Q105556925	6000000071218659866
Q105556927	6000000136799897821
Q105556929	6000000015475947856
Q105556930	6000000022823177375
Q105556931	6000000071214871941
Q105556932	6000000132503437828
Q105556934	6000000077444844291
Q105556935	6000000071216623826
Q105556936	6000000071216920821
Q105556939	6000000069799074906
Q105556945	6000000157669705843
Q105556946	6000000157670623832
Q105556947	6000000157669709899
Q105556955	6000000057669474860
Q105556958	6000000015116778524
Q105556959	6000000213352473823
Q105556964	6000000020011482961
Q105556966	6000000031636952294
Q105556967	6000000041087697037
Q105556968	6000000174070948885
Q105556969	6000000015370767440
Q105556970	6000000198059542912
Q105556979	6000000077550597224
Q105556980	6000000084929355942
Q105556981	6000000198060690829
Q105556983	6000000015882985596
Q105556984	6000000047505464041
Q105556989	6000000091637576873
Q105556990	6000000020363987674
Q105556994	6000000020364342400
Q105556995	6000000084929090047
Q105557000	6000000020431527505
Q105557006	6000000198059540829
Q105557008	6000000201213478876
Q105557010	6000000018656012738
Q105557011	6000000011526989077
Q105557012	6000000020814751530
Q105557014	6000000074087424072
Q105557015	6000000029530542823
Q105557018	6000000012557737459
Q105557019	6000000023583676074
Q105557020	6000000101006098186
Q105557022	6000000208919428893
Q105557023	6000000202014886825
Q105557027	6000000062316144198
Q105557028	6000000011412230162
Q105557030	6000000011566823945
Q105557032	5078595134320022087
Q105557033	6000000003283199896
Q105557035	6000000024107343608
Q105557037	6000000024168048361
Q105557038	5071257197870102374
Q105557041	6000000023583479122
Q105557043	6000000023157897709
Q105557049	6000000021092115245
Q105557058	6000000031366331672
Q105557059	6000000031366994346
Q105557061	6000000091256357180
Q105557063	6000000014745551105
Q105557064	6000000069632381968
Q105557073	6000000009815909211
Q105557074	6000000069631974840
Q105557076	6000000003113952397
Q105557080	6000000003113952367
Q105557082	6000000075310925137
Q105557083	6000000075310655257
Q105557084	6000000014703502658
Q105557085	6000000019191831927
Q105557086	6000000041869676335
Q105557088	6000000041869226822
Q105557089	6000000019480993925
Q105557090	6000000019098629604
Q105557092	6000000017129032807
Q105557093	6000000123473898974
Q105557094	6000000206404200821
Q105557097	6000000065602339954
Q105557099	6000000065601471119
Q105557101	6000000202041859896
Q105557102	6000000202039256869
Q105557105	6000000066955492834
Q105557108	6000000078584224925
Q105557109	6000000066955484825
Q105557112	6000000073727952050
Q105557115	6000000051003632838
Q105557117	6000000010453885884
Q105557118	6000000019482177630
Q105557119	6000000038410776383
Q105557120	6000000004118037098
Q105557121	6000000014696719429
Q105557123	6000000206357806830
Q105557127	6000000206359375889
Q105557130	6000000019168603175
Q105557134	6000000074579294954
Q105557139	6000000078197288373
Q105557141	6000000029259879019
Q105557142	6000000078197820334
Q105557143	6000000078198261898
Q105557144	6000000078197560305
Q105557145	6000000078197917958
Q105557146	6000000078198323840
Q105557155	6000000056239071315
Q105557156	6000000056239202213
Q105557157	6000000113635828885
Q105557158	6000000038507279609
Q105557159	6000000076678764162
Q105557160	6000000038507462219
Q105557161	6000000022617534761
Q105557162	6000000083680757923
Q105557167	6000000073806524851
Q105557169	6000000019775198217
Q105557170	6000000038499327899
Q105557171	6000000189374716847
Q105557173	6000000038499955011
Q105557174	6000000101367572846
Q105557175	6000000037572261876
Q105557177	6000000019145838068
Q105557178	6000000101365396256
Q105557179	6000000189375299822
Q105557182	6000000022617581709
Q105557183	6000000046929192985
Q105557184	6000000038507191550
Q105557185	6000000038499291469
Q105557187	6000000021118801157
Q105557188	6000000021121020563
Q105557189	6000000081484527866
Q105557190	6000000021118575446
Q105557191	6000000019652981184
Q105557192	6000000193875513823
Q105557193	6000000021118795537
Q105557201	6000000089139353879
Q105557203	6000000036257904124
Q105557206	6000000015118403578
Q105557207	6000000019204323327
Q105557209	6000000176347387929
Q105557222	6000000165157374821
Q105557227	6000000040468488127
Q105557229	6000000176877801823
Q105557231	6000000081299473248
Q105557232	6000000081299985856
Q105557234	6000000034412643931
Q105557235	6000000034412836827
Q105557236	6000000034412740904
Q105557240	6000000034412318331
Q105557247	6000000025276059893
Q105557248	6000000130107452868
Q105557250	6000000030599747909
Q105557252	6000000030599594209
Q105557253	6000000017470286467
Q105557254	6000000037692128438
Q105557255	6000000017470197950
Q105557257	6000000013745002161
Q105557261	6000000017543973541
Q105557262	6000000017544375149
Q105557263	6000000041783455325
Q105557264	6000000017544385140
Q105557265	6000000017543020619
Q105557266	6000000041782617634
Q105557267	6000000017543946616
Q105557268	6000000017544062235
Q105557271	6000000182986883849
Q105557273	6000000036438202655
Q105557277	6000000029861386025
Q105557290	6000000188599006874
Q105557291	6000000188598997882
Q105557292	6000000025058061017
Q105557294	6000000083810857251
Q105557296	6000000083810925211
Q105557297	6000000040492616649
Q105557300	6000000083811026061
Q105557305	6000000078221540475
Q105557311	6000000041950394887
Q105557312	6000000178308364823
Q105557316	6000000077257394921
Q105557317	6000000016943947404
Q105557320	6000000194981056833
Q105557321	6000000077283196937
Q105557323	6000000024713981118
Q105557324	6000000017814527826
Q105557325	6000000092356693821
Q105557326	6000000092366215839
Q105557327	6000000071809675026
Q105557330	6000000076346299853
Q105557331	6000000091402414856
Q105557332	6000000022769949822
Q105557337	6000000170077167832
Q105557341	6000000102154702821
Q105557342	6000000092354656832
Q105557347	6000000049954363189
Q105557349	6000000000842066859
Q105557352	6000000077257028947
Q105557355	6000000021001522977
Q105557358	6000000033406346950
Q105557360	6000000044219160719
Q105557361	6000000023329827569
Q105557364	6000000120835554877
Q105557365	6000000022770573454
Q105557366	6000000013774701855
Q105557369	6000000037851841941
Q105557370	6000000016652477958
Q105557376	6000000027261172123
Q105557377	6000000035520556171
Q105557378	6000000049954086584
Q105557380	6000000101617371314
Q105557381	6000000101115308979
Q105557390	6000000022824296205
Q105557392	6000000120354246835
Q105557393	6000000049906348015
Q105557396	6000000094437543866
Q105557398	6000000032978741222
Q105557399	6000000072025549821
Q105557403	6000000022770353841
Q105557405	6000000112299587821
Q105557406	6000000022824741865
Q105557407	6000000091680187043
Q105557410	6000000131447439116
Q105557411	6000000073376021378
Q105557416	6000000040978366910
Q105557417	6000000092348212859
Q105557418	6000000027260765459
Q105557419	6000000023786170120
Q105557420	6000000071762830821
Q105557421	6000000032389068932
Q105557424	6000000072975020166
Q105557426	6000000064838281113
Q105557431	6000000075958951216
Q105557432	6000000071761970999
Q105557434	6000000001938864393
Q105557435	6000000019060399209
Q105557436	6000000120835514947
Q105557443	6000000092366054864
Q105557444	6000000037849869885
Q105557445	6000000079060851882
Q105557447	6000000121201067896
Q105557448	6000000076790046996
Q105557453	6000000072974745458
Q105557455	6000000101471472931
Q105557456	6000000037633412597
Q105557457	6000000074088026961
Q105557458	6000000112298989019
Q105557459	6000000022824956900
Q105557462	6000000035895590548
Q105557463	6000000019060225348
Q105557465	6000000022824915936
Q105557467	6000000185645251143
Q105557469	6000000101616593825
Q105557473	6000000077256056636
Q105557475	6000000041771544100
Q105557477	6000000071762377315
Q105557479	6000000022769545536
Q105557484	6000000018038210646
Q105557487	6000000078402986980
Q105557488	6000000019060242304
Q105557492	6000000091679644155
Q105557493	6000000074088541892
Q105557495	6000000037688176845
Q105557497	6000000037179052571
Q105557500	6000000037179855013
Q105557502	6000000037687949282
Q105557503	6000000049761852918
Q105557506	6000000037687454246
Q105557508	6000000037688088154
Q105557517	6000000185284098823
Q105557518	6000000068964918948
Q105557519	5401105186820044039
Q105557522	357703671950011809
Q105557524	6000000210211135827
Q105557526	6000000035660705920
Q105557529	6000000009575820036
Q105557531	6000000081015520778
Q105557534	6000000072812581950
Q105557535	6000000035533350892
Q105557538	359344990760013021
Q105557539	6000000008572201387
Q105557541	6000000068947623821
Q105557542	6000000082835983890
Q105557544	6000000041755505777
Q105557545	6000000131167614857
Q105557548	6000000075135290202
Q105557552	6000000216159657823
Q105557558	6000000182988705822
Q105557566	6000000216159941850
Q105557575	6000000041003377457
Q105557576	6000000191524048856
Q105557577	6000000112719121821
Q105557582	6000000116351144316
Q105557585	6000000155807168821
Q105557591	6000000116316374026
Q105557592	6000000116317262868
Q105557595	6000000155806785848
Q105557596	6000000021715773896
Q105557600	6000000113171440197
Q105557601	6000000083025592251
Q105557603	6000000113172540935
Q105557604	6000000039104712441
Q105557607	6000000021119950757
Q105557612	6000000157528011890
Q105557616	6000000202010672862
Q105557620	6000000119338826404
Q105557622	6000000116352155866
Q105557623	6000000113172074872
Q105557625	6000000212414290835
Q105557629	6000000172112491081
Q105557635	6000000069257000934
Q105557636	6000000069256723869
Q105557644	6000000039918874971
Q105557646	6000000039918826941
Q105557647	6000000039918885875
Q105557649	6000000206718243841
Q105557657	6000000050129937860
Q105557664	6000000037378715004
Q105557665	6000000077656582831
Q105557666	6000000049955245959
Q105557668	6000000008787738201
Q105557673	6000000032435857351
Q105557674	6000000211447756821
Q105557685	6000000075930790475
Q105557692	6000000030339795865
Q105557693	6000000086466166345
Q105557697	6000000022019271941
Q105557698	6000000095422929837
Q105557703	6000000012999849353
Q105557705	6000000086468201954
Q105557708	6000000022019099069
Q105557711	6000000036744474133
Q105557712	6000000018445293705
Q105557717	6000000076159279840
Q105557718	6000000012518039119
Q105557719	6000000095571544821
Q105557721	6000000032397648316
Q105557724	6000000015465688463
Q105557726	6000000175895351904
Q105557737	6000000041479723137
Q105557739	6000000165043402890
Q105557741	6000000188601843896
Q105557743	6000000031064885687
Q105557746	6000000043135025835
Q105557759	6000000001701945668
Q105557767	6000000021818902194
Q105557768	6000000012151256655
Q105557769	6000000148688150147
Q105557771	6000000016903862468
Q105557772	6000000041480308327
Q105557773	6000000001780337608
Q105557774	6000000031066846073
Q105557777	6000000012151597377
Q105557779	6000000211447779836
Q105557782	6000000021819450595
Q105557786	6000000032411279180
Q105557787	6000000012150993673
Q105557791	6000000194588783830
Q105557792	6000000018554765994
Q105557793	6000000044378952713
Q105557794	6000000044363472593
Q105557795	6000000044363637323
Q105557796	6000000019195794168
Q105557798	6000000009317778339
Q105557800	6000000044363990843
Q105557801	6000000009317508584
Q105557802	6000000044379407134
Q105557803	6000000014331418821
Q105557804	6000000194581986852
Q105557806	6000000020691744178
Q105557807	6000000147370651821
Q105557811	6000000044379294325
Q105557812	6000000044363693023
Q105557813	6000000044363420525
Q105557814	6000000044363962866
Q105557815	6000000044363673889
Q105557816	6000000030387810588
Q105557817	6000000078060069910
Q105557819	6000000140056548034
Q105557824	6000000044240872322
Q105557825	6000000125319750841
Q105557826	6000000078059563620
Q105557828	6000000078060167364
Q105557832	6000000140058957834
Q105557833	6000000077904603399
Q105557834	6000000025165506978
Q105557836	6000000079065457143
Q105557839	6000000078059804920
Q105557843	6000000077904428564
Q105557845	6000000150765093931
Q105557847	6000000080471389821
Q105557850	6000000006413550982
Q105557853	6000000191943278826
Q105557856	6000000006970404820
Q105557870	6000000068729823153
Q105557872	6000000068730117185
Q105557873	6000000068730970875
Q105557874	6000000068730211859
Q105557875	6000000017759794689
Q105557876	6000000011909634393
Q105557878	6000000060306922133
Q105557882	6000000013656481355
Q105557883	6000000051690467821
Q105557884	6000000016128121973
Q105557888	6000000040997733400
Q105557891	6000000109789907897
Q105557892	6000000033260134800
Q105557893	6000000068731933961
Q105557894	6000000105348087935
Q105557895	6000000068731641976
Q105557897	6000000017241084740
Q105557898	6000000105347175135
Q105557899	6000000161745715821
Q105557904	6000000089736465852
Q105557905	6000000105348133856
Q105557909	6000000033262093969
Q105557911	6000000008354976960
Q105557914	6000000034321021113
Q105557915	6000000020373346589
Q105557920	6000000077650618857
Q105557922	6000000132918703422
Q105557928	6000000185430359005
Q105557932	6000000080111071947
Q105557934	6000000015597706937
Q105557935	6000000077650387115
Q105557941	6000000069375275504
Q105557942	6000000130104574913
Q105557945	6000000130103141094
Q105557947	6000000206811609854
Q105557949	6000000028228847530
Q105557950	6000000032109158225
Q105557955	6000000018407692938
Q105557956	6000000069377837821
Q105557957	6000000078859150920
Q105557958	6000000132868151956
Q105557959	6000000078064288410
Q105557960	6000000028229223134
Q105557961	6000000080110620324
Q105557964	6000000013156915927
Q105557966	6000000070160552699
Q105557970	6000000026622129978
Q105557971	6000000050940939145
Q105557972	6000000025264535262
Q105557973	6000000015740956238
Q105557974	6000000125884972833
Q105557975	6000000011124482943
Q105557977	6000000093476034955
Q105557979	6000000199499359832
Q105557981	6000000069184711875
Q105557983	6000000077478510858
Q105557985	6000000093476082872
Q105557986	6000000020624398435
Q105557987	6000000012787359681
Q105557988	6000000018911011256
Q105557989	6000000020624584227
Q105557990	6000000020625083331
Q105557993	6000000020009504220
Q105557994	6000000020624669127
Q105557995	6000000081463268231
Q105557996	6000000065491316906
Q105557997	6000000175680647894
Q105557998	6000000000622945786
Q105557999	6000000101411451893
Q105558001	6000000081464012094
Q105558004	6000000080119806956
Q105558005	6000000020625273054
Q105558006	6000000040830060013
Q105558007	6000000101411421863
Q105558008	6000000020734538310
Q105558009	6000000188689029872
Q105558011	6000000012787321700
Q105558012	6000000020009436187
Q105558015	6000000101412144848
Q105558017	6000000018520514847
Q105558018	6000000049024087910
Q105558019	6000000040830151055
Q105558021	6000000020624302261
Q105558023	6000000012787342711
Q105558025	6000000049023353911
Q105558026	6000000012787357428
Q105558027	6000000016250093168
Q105558029	6000000175681257848
Q105558031	6000000031050000939
Q105558032	6000000019812644196
Q105558033	6000000030941288450
Q105558034	6000000030941162434
Q105558038	6000000050330306920
Q105558042	6000000179944228827
Q105558046	6000000080467217858
Q105558048	6000000078206277569
Q105558050	6000000202050354848
Q105558052	6000000001376213244
Q105558054	6000000057950134034
Q105558055	6000000021400203221
Q105558057	6000000080467040934
Q105558059	6000000001375979965
Q105558062	6000000069784088868
Q105558064	6000000080467086916
Q105558067	6000000069484037967
Q105558068	6000000172251150924
Q105558071	6000000069483878821
Q105558072	6000000069485071858
Q105558074	6000000037633497574
Q105558077	6000000113143220827
Q105558079	6000000021700287058
Q105558089	6000000188689311831
Q105558091	6000000103881519826
Q105558094	6000000046606959525
Q105558096	6000000019750098010
Q105558098	6000000043018720752
Q105558105	6000000043015499584
Q105558107	6000000034476997563
Q105558112	6000000058859569083
Q105558113	6000000072839394880
Q105558119	6000000015158640478
Q105558125	6000000070147450490
Q105558129	6000000058190320956
Q105558132	6000000069482960122
Q105558134	6000000102337224173
Q105558136	6000000013072407763
Q105558139	6000000043019901911
Q105558140	6000000094915721874
Q105558141	6000000058190202985
Q105558143	6000000015426892248
Q105558144	6000000102335975110
Q105558146	6000000043019781084
Q105558147	6000000058860270935
Q105558148	6000000034476551779
Q105558149	6000000058859589422
Q105558150	6000000069657650190
Q105558151	6000000069658321934
Q105558153	6000000015426893632
Q105558154	6000000188419227846
Q105558155	6000000094915695879
Q105558156	6000000077750061858
Q105558157	6000000072839801829
Q105558160	6000000021699984395
Q105558161	6000000172251994023
Q105558162	6000000103881565851
Q105558163	6000000082939840074
Q105558165	6000000034121995207
Q105558166	6000000034121670625
Q105558167	6000000014208515886
Q105558169	6000000196890674866
Q105558171	6000000110051433914
Q105558175	6000000196890749821
Q105558176	6000000019559223570
Q105558178	6000000035759888265
Q105558179	6000000077889086917
Q105558180	6000000040191029432
Q105558183	6000000042804424944
Q105558185	6000000035760254968
Q105558187	6000000177936051904
Q105558188	6000000077889281824
Q105558189	6000000018366164059
Q105558193	6000000018365000828
Q105558194	6000000079023385179
Q105558195	6000000035759998309
Q105558196	6000000077889297845
Q105558197	6000000019088913831
Q105558206	6000000088186050933
Q105558209	6000000071024708022
Q105558210	6000000031074417394
Q105558211	6000000034524541843
Q105558213	6000000027944138814
Q105558215	6000000086698577962
Q105558216	6000000008151221272
Q105558218	6000000101445185129
Q105558219	6000000029880742826
Q105558222	6000000080090329123
Q105558226	6000000050629248546
Q105558229	6000000076291930844
Q105558230	6000000201861519821
Q105558232	6000000017469710798
Q105558233	6000000063975874881
Q105558238	6000000014121562956
Q105558240	6000000079288897833
Q105558242	6000000122644462937
Q105558243	6000000122731173852
Q105558245	6000000018318805095
Q105558246	6000000175688398821
Q105558247	6000000010018141507
Q105558249	6000000057349035053
Q105558250	6000000082020102174
Q105558251	6000000108261067278
Q105558253	6000000083102888538
Q105558254	6000000029917272880
Q105558255	6000000036256903915
Q105558258	6000000101607262829
Q105558259	6000000076887747762
Q105558262	6000000207553496840
Q105558267	6000000086698483981
Q105558268	6000000115248903131
Q105558269	6000000179970480852
Q105558271	6000000001044925037
Q105558272	6000000077444853228
Q105558273	6000000081532332741
Q105558275	6000000180910709849
Q105558546	6000000126855106821
Q105558554	6000000130459851821
Q105558558	6000000081538227083
Q105558560	6000000077503525587
Q105558563	6000000042032897425
Q105558565	6000000004117875794
Q105558574	6000000018521070325
Q105558576	6000000007281222229
Q105558577	6000000079779957103
Q105558579	6000000164911148461
Q105558581	6000000201013770821
Q105558597	6000000025096656208
Q105558599	6000000081483456482
Q105558600	6000000025098501376
Q105558607	6000000081258971187
Q105558611	6000000080090619093
Q105558613	6000000176963201867
Q105558617	6000000124787331823
Q105558624	6000000015507219488
Q105558627	6000000030684974513
Q105558634	6000000030177958926
Q105558636	6000000092787970912
Q105558638	6000000025497516228
Q105558642	6000000018588789898
Q105558644	6000000014713175857
Q105558647	6000000032474530957
Q105558671	6000000074581837243
Q105558674	6000000064010835051
Q105558677	6000000085478163192
Q105558679	6000000017218985772
Q105558684	6000000080491615507
Q105558687	6000000044217774758
Q105558690	6000000180009705918
Q105558693	6000000179970900821
Q1055587	6000000090581781493
Q105558703	6000000050631724143
Q105558706	6000000024182922870
Q105558723	6000000194112077823
Q105558732	6000000010018169155
Q105558735	6000000053036932920
Q105558752	6000000079706965843
Q105558757	6000000075576363976
Q105558759	6000000022350131591
Q105558762	6000000122645037968
Q105558765	6000000023852447803
Q105558766	6000000128758381864
Q105558767	6000000095740051290
Q105558769	6000000084076283066
Q105558770	6000000026227386030
Q105558771	6000000103192244073
Q105558773	6000000081258176434
Q105558782	6000000204696361859
Q105558786	6000000031993001886
Q105558787	6000000053655952944
Q105558788	6000000073620097862
Q105558789	6000000046461167834
Q105558790	6000000209564765861
Q105558793	6000000079214350598
Q105558794	6000000078862475097
Q105558795	6000000070720804849
Q105558797	6000000003246132181
Q105558800	6000000043238945976
Q105558803	6000000108699714906
Q105558806	6000000049797210917
Q105558812	6000000082767141190
Q105558816	6000000099767473821
Q105558818	6000000070993392192
Q105558822	283221649160002706
Q105558830	6000000052634255114
Q105558832	6000000029263268942
Q105558833	6000000091818831892
Q105558838	6000000056143457885
Q105558840	6000000078882313837
Q105558841	6000000036256862891
Q105558842	6000000058201956957
Q105558844	6000000007280754984
Q105558846	6000000008151881995
Q105558848	6000000074090456869
Q105558849	366486345160012294
Q105558852	6000000083065410837
Q105558853	6000000098055816950
Q105558855	6000000031074885990
Q105558856	6000000177054086822
Q105558858	6000000202911295830
Q105558859	6000000078026074404
Q105558861	6000000048438382014
Q105558866	6000000100422398843
Q105558870	6000000164912411126
Q105558871	6000000026621849579
Q105558873	6000000210378376835
Q105558875	6000000026227306056
Q105558877	6000000080389232959
Q105558879	6000000168023952871
Q105558880	6000000128759550835
Q105558885	6000000029917205116
Q105558886	6000000003245903890
Q105558887	6000000124643791017
Q105558888	6000000019127597395
Q105558894	6000000070703492225
Q105558899	6000000014687912777
Q105558901	6000000064264781902
Q105558907	6000000018520753880
Q105558912	6000000019117029762
Q105558913	6000000085672444907
Q105558915	6000000065055092866
Q105558928	6000000181527181824
Q105558929	6000000080091507961
Q105558939	6000000078865263859
Q105558943	6000000123297820837
Q105558946	6000000082794550984
Q105558949	6000000078865069901
Q105558950	6000000025821219453
Q105558951	6000000047994446833
Q105558952	6000000080091540058
Q105558953	6000000158818956835
Q105558954	6000000076355264166
Q105558956	6000000070702311882
Q105558958	6000000192089716887
Q105558963	6000000183468751821
Q105558970	6000000050174713887
Q105558973	6000000090655716037
Q105558974	6000000169815223857
Q105558975	6000000178452124821
Q105558976	6000000100421048854
Q105558981	6000000021442042037
Q105558982	6000000089268689865
Q105558984	6000000071885076838
Q105558987	6000000053231913001
Q105558989	6000000036250921482
Q105558994	6000000014948427932
Q105558995	6000000078441630875
Q105558996	6000000099761304976
Q105558997	6000000069336191106
Q105558998	6000000127028448869
Q105558999	6000000066089499824
Q105559000	6000000076898867844
Q105559004	6000000085672283951
Q105559009	6000000034977206533
Q105559012	6000000034972053048
Q105559016	6000000080090775353
Q105559019	6000000202084433875
Q105559020	6000000177730239844
Q105559021	6000000123216039070
Q105559024	6000000110097015837
Q105559025	6000000100499965821
Q105559026	6000000081538036139
Q105559027	6000000164911795364
Q105559028	6000000204718711821
Q105559029	6000000002489507516
Q105559032	366486100280011847
Q105559033	6000000132553669068
Q105559034	6000000169628454029
Q105559035	6000000036287665201
Q105559037	6000000173299449133
Q105559038	6000000076905742062
Q105559039	6000000077162134268
Q105559040	6000000019127466575
Q105559044	6000000122652299922
Q105559048	6000000194114825823
Q105559049	6000000064010057449
Q105559056	6000000096998596061
Q105559057	6000000019786691717
Q105559058	6000000020025724645
Q105559059	6000000194111344833
Q105559063	6000000210378357835
Q105559067	6000000071868622868
Q105559068	6000000175687175875
Q105559069	6000000078440428883
Q105559075	6000000076355694067
Q105559076	6000000022026315821
Q105559078	6000000138936413959
Q105559085	6000000030116632848
Q105559090	6000000199482631868
Q105559092	6000000095375705884
Q105559093	6000000164472831848
Q105559103	6000000076905819053
Q105559104	6000000019274181247
Q105559115	6000000080493344892
Q105559116	6000000065124411918
Q105559118	6000000078442285838
Q105559128	6000000148169533840
Q105559130	6000000016446937421
Q105559133	6000000079288855854
Q105559134	6000000030771050612
Q105559138	6000000075302317016
Q105559140	6000000033740577096
Q105559141	6000000077794328071
Q105559142	6000000078025989265
Q105559147	6000000099762121901
Q105559149	6000000071884358030
Q105559151	6000000084469144075
Q105559154	6000000202157287822
Q105559167	6000000018318692698
Q105559170	6000000122641378842
Q105559171	6000000076748777965
Q105559173	6000000075290090875
Q105559174	6000000080189028371
Q105559176	6000000180223050836
Q105559177	6000000013248799494
Q105559186	6000000018487278009
Q105559188	6000000079189864583
Q105559189	6000000042032249466
Q105559193	6000000041716498029
Q105559195	6000000007281111610
Q105559199	6000000086266627976
Q105559200	6000000088186564821
Q105559205	6000000078202106737
Q105559206	6000000033309445165
Q105559211	6000000050631670228
Q105559212	6000000036251472117
Q105559213	6000000095378287821
Q105559215	6000000078882153973
Q105559220	6000000125522883846
Q105559221	6000000025096952893
Q105559223	6000000001044625711
Q105559225	6000000014948702156
Q105559226	6000000022020739957
Q105559228	6000000057348897014
Q105559229	283205126150002676
Q105559230	6000000196545310830
Q105559232	6000000125526839822
Q105559233	6000000017932690290
Q105559235	6000000127088446856
Q105559237	6000000124643975868
Q105559239	6000000068149569826
Q105559243	6000000202121237831
Q105559244	6000000077656942245
Q105559248	6000000084410713356
Q105559249	6000000104897005933
Q105559250	6000000104697080879
Q105559253	6000000078026088224
Q105559257	6000000110987785857
Q105559259	6000000081729274082
Q105559260	6000000014948587438
Q105559261	6000000079700402176
Q105559262	6000000041417704957
Q105559263	6000000202084736821
Q105559265	6000000023853090871
Q105559270	6000000079669561704
Q105559273	6000000076291824882
Q105559276	6000000082455416086
Q105559277	6000000090233230130
Q105559278	6000000057385123928
Q105559279	6000000128759382821
Q105559282	6000000020748905198
Q105559283	6000000054687887846
Q105559284	6000000033610411644
Q105559285	6000000036256564124
Q105559286	6000000082764904717
Q105559290	6000000015328114580
Q105559294	6000000013248401003
Q105559296	6000000082767141021
Q105559299	6000000076795977177
Q105559301	6000000198809120828
Q105559302	6000000100500316821
Q105559304	6000000110097548821
Q105559305	6000000075257158938
Q105559307	6000000180911145827
Q105559308	6000000057742336882
Q105559313	6000000019274144067
Q105559315	6000000204718686826
Q105559316	6000000011124868640
Q105559317	6000000029621037155
Q105559324	6000000014350877338
Q105559325	6000000019678909974
Q105559326	6000000021826855104
Q105559327	6000000063968059845
Q105559328	366492469460012297
Q105559329	6000000196375633823
Q105559330	6000000177730605849
Q105559331	6000000049791119462
Q105559334	6000000065124782850
Q105559335	6000000208327304892
Q105559340	6000000198976345821
Q105559342	6000000039584171069
Q105559343	6000000051087404999
Q105559346	6000000088171774833
Q105559347	6000000081538630140
Q105559352	6000000124643753988
Q105559353	6000000126855043842
Q105559356	6000000048559566838
Q105559358	6000000174041728935
Q105559359	6000000079288796858
Q105559360	6000000036257301903
Q105559363	6000000164678284043
Q105559364	6000000078040414084
Q105559365	6000000050631756097
Q105559369	6000000078025713433
Q105559374	6000000169815593908
Q105559386	6000000032039749833
Q105559388	6000000064010898008
Q105559390	6000000020828350556
Q105559400	6000000112348336933
Q105559403	6000000077143941196
Q105559408	6000000064207138998
Q105559411	6000000080092169919
Q105559414	6000000079043488907
Q105559423	6000000080816411049
Q105559424	6000000078443380878
Q105559427	6000000122641395895
Q105559432	6000000098300078825
Q105559436	6000000176555622836
Q105559443	6000000063971286831
Q105559447	6000000180223083824
Q105559448	6000000018306222179
Q105559451	6000000091882537845
Q105559452	6000000044106470974
Q105559454	6000000018647132547
Q105559455	6000000083466782621
Q105559457	6000000078618865010
Q105559460	6000000081259413848
Q105559476	6000000035146987853
Q105559479	6000000002388801663
Q105559483	6000000029820643433
Q105559484	6000000029837341436
Q105559486	6000000070673853833
Q105559488	6000000070673838870
Q105559494	6000000007984236641
Q105559495	6000000010930637893
Q105559501	6000000104283796947
Q105559503	6000000037482718946
Q105559505	6000000076877953925
Q105559506	6000000044294320927
Q105559507	6000000037335238895
Q105559508	6000000037469274365
Q105559509	381763414370011435
Q105559511	6000000044294513854
Q105559512	6000000007050666739
Q105559513	6000000006893370544
Q105559514	6000000022128583840
Q105559516	6000000071474376124
Q105559521	6000000179970925827
Q105559524	6000000006845149230
Q105559539	6000000018355962864
Q105559540	6000000074657966910
Q105559542	6000000023768115919
Q105559544	6000000042554859849
Q105559545	6000000043044335162
Q105559546	6000000042555569058
Q105559547	6000000014871805918
Q105559549	6000000043044384842
Q105559562	6000000003679984321
Q105559563	6000000003688272176
Q105559565	6000000003688200622
Q105559568	6000000202048850821
Q105559569	6000000202048506880
Q105559572	6000000202046704930
Q105559573	6000000202048485855
Q105559577	6000000021221773842
Q105559578	6000000021221803258
Q105559579	6000000070728114924
Q105559580	6000000021221491670
Q105559581	6000000014735462712
Q105559582	6000000070765953063
Q105559583	6000000021221880071
Q105559587	6000000013752408229
Q105559590	6000000081475615881
Q105559596	6000000018389991130
Q105559599	6000000069934575006
Q105559600	6000000007167302635
Q105559603	6000000069933896942
Q105559604	6000000025169914238
Q105559605	6000000082834885147
Q105559607	6000000043247577361
Q105559608	6000000074386543825
Q105559609	6000000074383490036
Q105559611	6000000087813904854
Q105559612	6000000018390059009
Q105559613	6000000019504786476
Q105559616	6000000072813766950
Q105559617	6000000025169440658
Q105559618	6000000071430822899
Q105559620	6000000023467132015
Q105559621	6000000070171054134
Q105559622	6000000043246198725
Q105559623	6000000019505382247
Q105559625	6000000018153345474
Q105559626	6000000074694766154
Q105559628	6000000025169930526
Q105559629	6000000070171047207
Q105559641	6000000100552763848
Q105559642	6000000038685679854
Q105559646	6000000033925980579
Q105559647	6000000022888470331
Q105559648	6000000001241166125
Q105559652	6000000183450301830
Q105559657	6000000034512069136
Q105559658	6000000092317650830
Q105559663	6000000092315349115
Q105559666	6000000009246752546
Q105559668	6000000033890357854
Q105559674	6000000084394680006
Q105559676	6000000084393564157
Q105559677	6000000173293234009
Q105559679	6000000173282576872
Q105559680	6000000049498817992
Q105559681	6000000033810145172
Q105559683	6000000173259994678
Q105559684	6000000038498598142
Q105559687	6000000173288204403
Q105559691	6000000049499183839
Q105559693	6000000173345109033
Q105559694	6000000173288229472
Q105559696	6000000024233096601
Q105559697	6000000045807544865
Q105559707	6000000173261152509
Q105559708	6000000173323058262
Q105559710	6000000045807650876
Q105559711	6000000173288697326
Q105559712	6000000173288012711
Q105559713	6000000173282672880
Q105559717	6000000076834002929
Q105559718	6000000076832862494
Q105559719	6000000076832593750
Q105559721	6000000048119524945
Q105559722	6000000048120564873
Q105559724	6000000048119379129
Q105559725	6000000048120086979
Q105559726	6000000021352995394
Q105559727	6000000048119926876
Q105559728	6000000048227146086
Q105559734	6000000050272684973
Q105559735	6000000044094307847
Q105559739	6000000078767304804
Q105559740	6000000063020274916
Q105559741	6000000043845564999
Q105559744	6000000048108767265
Q105559745	6000000046886708036
Q105559749	6000000074250635821
Q105559752	6000000018727527065
Q105559753	6000000045321014911
Q105559760	6000000047214325987
Q105559761	6000000178603785877
Q105559764	6000000021706210637
Q105559765	6000000063325335929
Q105559766	6000000015313803483
Q105559772	6000000045649831954
Q105559774	6000000043887509871
Q105559775	6000000014319482125
Q105559776	6000000044150841275
Q105559781	6000000020184387646
Q105559782	6000000045751040942
Q105559788	6000000081029133444
Q105559794	6000000020681750409
Q105559795	6000000018727127733
Q105559797	6000000074078022003
Q105559798	6000000104832930828
Q105559800	6000000018725362407
Q105559801	6000000081029599008
Q105559804	6000000043766743074
Q105559806	6000000044338478543
Q105559808	6000000047767869849
Q105559810	6000000012534904411
Q105559812	6000000036084852127
Q105559817	6000000045246230909
Q105559818	6000000019266188800
Q105559824	6000000018451886346
Q105559826	6000000027745441694
Q105559828	6000000022441217613
Q105559830	6000000042618064879
Q105559835	6000000027751359906
Q105559839	6000000038677593481
Q105559845	6000000063020520875
Q105559848	6000000022700706461
Q105559854	6000000019857397254
Q105559856	6000000027705919796
Q105559859	6000000088081952053
Q105559860	6000000057365560889
Q105559864	6000000179970115875
Q105559870	6000000012534860563
Q105559871	6000000009297542040
Q105559873	6000000079505352964
Q105559874	6000000027748260957
Q105559875	6000000063018229937
Q105559876	6000000022265174167
Q105559877	6000000047835805280
Q105559878	6000000037062454896
Q105559883	6000000103417758293
Q105559886	6000000104834914850
Q105559887	6000000044294628892
Q105559889	6000000018738726311
Q105559899	6000000036012454613
Q105559902	6000000185328827821
Q105559903	6000000045366287946
Q105559906	6000000043898389964
Q105559908	6000000044945536097
Q105559910	6000000046887265282
Q105559911	6000000020184607501
Q105559912	6000000044061661353
Q105559913	6000000019233541697
Q105559917	6000000057842559967
Q105559919	6000000027745604433
Q105559922	6000000037061817620
Q105559924	6000000117733950873
Q105559925	6000000044471114282
Q105559943	6000000088066278280
Q105559946	6000000015313713569
Q105559950	6000000018451886341
Q105559953	6000000081029896927
Q105559960	6000000012534516967
Q105559961	6000000019857459225
Q105559966	6000000027747272323
Q105559978	6000000179970560891
Q105559980	6000000167667360822
Q105559988	6000000031451442718
Q105559991	6000000081029888931
Q105559992	6000000195611844825
Q105559993	6000000012534610737
Q105559996	6000000036316257941
Q105559999	6000000195608960822
Q105560002	6000000043795501834
Q105560006	6000000036342730841
Q105560008	6000000075884674100
Q105560009	6000000015433143830
Q105560011	6000000046278648316
Q105560014	6000000042918995919
Q105560015	6000000018451498618
Q105560017	6000000043795779984
Q105560018	6000000022265060555
Q105560019	6000000019265802330
Q105560021	6000000063020071821
Q105560022	6000000193084894844
Q105560026	6000000185328108833
Q105560030	6000000032783239723
Q105560031	6000000022700703456
Q105560033	6000000043898348927
Q105560034	6000000018725579152
Q105560036	6000000047836957948
Q105560045	6000000081029821012
Q105560050	6000000044535353252
Q105560053	6000000022443281120
Q105560056	6000000022700692363
Q105560058	6000000080981499828
Q105560061	6000000042617951946
Q105560063	6000000044946263839
Q105560064	6000000025398077111
Q105560067	6000000046115382896
Q105560068	6000000014319161662
Q105560071	6000000043713518244
Q105560073	6000000043932334821
Q105560076	6000000036315699508
Q105560077	6000000026186694896
Q105560078	6000000014319287297
Q105560082	6000000161625708832
Q105560083	6000000020557025785
Q105560095	6000000044300792364
Q105560098	6000000192342472846
Q105560101	6000000086132042047
Q105560102	6000000195611470846
Q105560104	6000000045705169039
Q105560105	6000000022672545906
Q105560106	6000000022443169264
Q105560107	6000000008201080147
Q105560109	6000000192312635878
Q105560112	6000000026191306790
Q105560113	6000000019587144786
Q105560117	6000000078709180448
Q105560118	6000000043795716833
Q105560119	6000000043898037904
Q105560121	6000000045750448602
Q105560207	6000000000363162470
Q105560210	6000000057456387864
Q105560213	6000000021440086823
Q105560214	6000000109345294890
Q105560215	6000000086006622996
Q105560217	6000000176328813842
Q105560218	6000000177772159884
Q105560222	6000000037849793987
Q105560224	6000000036744342155
Q105560225	6000000086433818065
Q105560229	6000000059759786097
Q105560236	6000000020205019906
Q105560237	6000000097744748821
Q105560240	6000000046461115864
Q105560244	6000000116317977096
Q105560246	6000000074173679829
Q105560249	6000000074170908725
Q105560250	6000000128329645948
Q105560251	6000000043773099076
Q105560300	6000000007571291181
Q105560302	6000000068125114874
Q105560303	6000000029314658027
Q105560307	6000000018714307404
Q105560310	6000000068124481821
Q105560319	6000000017447451566
Q105560322	6000000017447451580
Q105560325	6000000049491206099
Q105560326	6000000019751469351
Q105560327	6000000014652633340
Q105560328	6000000019751374874
Q105560329	6000000014652510500
Q105560330	6000000016542673395
Q105560334	6000000042675956281
Q105560336	6000000049492432844
Q105560339	6000000117222995824
Q105560340	6000000079363297900
Q105560341	6000000195557216858
Q105560343	6000000117223330862
Q105560344	6000000117210870858
Q105560346	6000000049491018117
Q105560347	6000000117211197822
Q105560348	6000000117205226890
Q105560349	6000000130882088822
Q105560350	6000000081512529942
Q105560351	6000000073351941018
Q105560367	6000000088392074909
Q105560368	6000000024597393480
Q105560377	6000000100946435961
Q105560379	6000000024210745374
Q105560392	6000000197934913837
Q105560394	6000000197930641906
Q105560402	6000000196191010834
Q105560404	6000000019149744103
Q105560406	6000000033473833488
Q105560407	6000000019154602465
Q105560409	6000000036137363489
Q105560410	6000000014200819790
Q105560412	6000000036947071275
Q105560413	6000000014558569865
Q105560415	6000000012950565705
Q105560418	6000000112903285975
Q105560425	6000000201967370833
Q105560432	6000000018846386057
Q105560440	6000000147796208995
Q105560441	6000000127029134050
Q105560442	6000000127028385101
Q105560445	6000000077426130197
Q105560446	6000000147795991844
Q105560450	6000000173321255974
Q105560451	6000000173321285913
Q105560452	6000000147796101998
Q105560453	6000000077425501534
Q105560454	6000000127028241159
Q105560458	6000000008113313998
Q105560460	6000000077756232278
Q105560469	6000000211900871829
Q105560471	6000000077757142963
Q105560478	6000000212622066864
Q105560486	6000000171730110818
Q105560490	6000000009903648590
Q105560493	6000000196986304883
Q105560496	6000000019556448484
Q105560501	6000000019556684062
Q105560508	6000000011134325305
Q105560510	6000000190446531821
Q105560511	6000000025498259359
Q105560521	6000000035253112338
Q105560523	6000000179964940862
Q105560528	6000000075584818952
Q105560529	6000000021029822402
Q105560540	6000000020237369793
Q105560545	6000000011149471390
Q105560547	6000000028061379367
Q105560548	6000000183991031821
Q105560550	6000000021030251123
Q105560551	6000000018164482276
Q105560552	6000000019076289184
Q105560553	6000000187018022951
Q105560554	6000000172367857468
Q105560556	6000000052322334846
Q105560562	6000000018164482255
Q105560566	6000000034435946171
Q105560567	6000000019074896547
Q105560572	6000000029220402705
Q105560574	6000000179965192823
Q105560578	6000000019075610199
Q105560581	6000000034436215070
Q105560582	6000000025898841866
Q105560583	6000000021251256282
Q105560586	6000000121689440868
Q105560588	6000000183990973828
Q105560590	6000000072759354918
Q105560592	6000000104554762083
Q105560593	6000000034435529657
Q105560594	6000000019075500204
Q105560595	6000000019776839065
Q105560604	6000000072769806834
Q105560605	6000000072757942827
Q105560608	6000000080190162354
Q105560612	6000000080569244959
Q105560617	6000000080569479908
Q105560620	6000000187147015910
Q105560625	6000000016598345939
Q105560626	6000000171807722990
Q105560630	6000000085665281205
Q105560631	6000000085666449867
Q105560633	6000000085661330865
Q105560634	6000000085661275903
Q105560636	6000000085666821848
Q105560637	6000000075136144833
Q105560638	6000000035060961625
Q105560658	6000000201973122857
Q105560659	6000000193232031835
Q105560666	6000000016370809257
Q105560667	6000000140256458407
Q105560668	6000000020585029825
Q105560670	6000000199221980821
Q105560671	6000000193222089832
Q105560672	6000000140258358943
Q105560676	6000000020584549707
Q105560677	6000000131663681994
Q105560680	6000000131664025844
Q105560682	6000000109381678900
Q105560683	6000000025129500073
Q105560685	6000000024815840865
Q105560689	6000000081260725821
Q105560690	6000000028412424106
Q105560691	6000000028302542424
Q105560694	6000000025129416056
Q105560695	6000000028302713830
Q105560697	6000000109372071862
Q105560698	6000000029080789887
Q105560701	6000000041152948184
Q105560702	6000000034122153229
Q105560703	6000000025126867093
Q105560705	6000000025129815911
Q105560707	6000000028411681621
Q105560710	6000000034472739749
Q105560715	6000000036405096501
Q105560717	6000000032442946270
Q105560719	6000000024715845798
Q105560736	6000000037622698219
Q105560737	6000000033543727407
Q105560741	6000000018440347633
Q105560743	6000000015882450773
Q105560745	6000000196276313850
Q105560747	6000000186441842850
Q105560755	6000000040824985126
Q105560761	6000000062674942116
Q105560766	6000000178360683862
Q105560769	6000000016229621290
Q105560771	6000000180804805843
Q105560776	6000000018440452217
Q105560782	6000000018441568044
Q105560788	6000000018615540429
Q105560795	6000000024715601669
Q105560798	6000000033836199457
Q105560802	6000000130756877956
Q105560803	6000000027396782745
Q105560804	6000000015882497327
Q105560806	6000000036402837368
Q105560809	6000000037623284251
Q105560811	6000000052494143991
Q105560816	6000000018441299410
Q105560832	6000000205002880842
Q105560833	6000000205002896824
Q105560834	6000000025512824919
Q105560837	6000000005428218256
Q105560838	6000000014150239281
Q105560839	6000000014150626183
Q105560840	6000000005008221546
Q105560841	6000000014150604134
Q105560843	6000000005428121324
Q105560844	6000000014150449417
Q105560845	6000000018579581405
Q105560846	6000000005427976648
Q105560848	6000000126444581837
Q105560849	6000000005428192364
Q105560850	6000000042942294677
Q105560853	6000000172251240874
Q105560854	6000000034418885976
Q105560856	6000000085253988330
Q105560863	6000000043878891961
Q105560864	6000000027703885655
Q105560868	6000000083620294894
Q105560869	6000000037728662821
Q105560871	6000000178365287872
Q105560876	6000000083246505331
Q105560882	6000000014347353168
Q105560885	6000000106660606910
Q105560888	6000000172251880892
Q105560894	6000000034418418604
Q105560895	6000000172262573916
Q105560905	6000000006873116403
Q105560908	6000000077844564860
Q10556091	6000000075414843861
Q105560911	6000000180255557840
Q105560913	6000000182984989826
Q105560916	6000000050908228312
Q105560917	6000000018143854376
Q105560919	6000000044570245241
Q105560923	6000000182984554826
Q105560924	6000000043879436248
Q105560928	6000000016699206451
Q105560929	6000000018721866505
Q105560932	6000000083243923843
Q105560933	6000000120723952847
Q105560937	6000000018003685440
Q105560939	6000000039148404973
Q105560941	6000000018143307401
Q105560943	6000000172198268884
Q105560945	6000000027704090032
Q105560951	6000000172262553930
Q105560952	6000000182939566848
Q105560956	6000000058919171058
Q105560957	6000000172251216920
Q105560958	6000000016305339694
Q105560962	6000000069311994967
Q105560964	6000000183996315964
Q105560966	6000000042093390388
Q105560968	6000000023162064925
Q105560969	6000000028352976882
Q105560970	6000000019515185512
Q105560971	6000000041653637767
Q105560974	6000000083243495140
Q105560975	6000000019286976786
Q105560976	6000000188866789849
Q105560977	6000000039148303150
Q105560978	6000000182984437870
Q105560988	6000000017558013508
Q105560992	6000000039148370047
Q105560993	6000000172262514900
Q105560996	6000000180255848827
Q105560997	6000000069427862823
Q105560998	6000000078233445864
Q105560999	6000000061898615181
Q105561000	6000000024247324151
Q105561004	6000000053249923982
Q105561007	6000000069427481994
Q105561013	6000000004948937770
Q105561014	6000000004948906721
Q105561015	6000000004949004908
Q105561016	6000000004949000024
Q105561017	6000000013349439574
Q105561019	6000000021233979234
Q105561020	6000000016499729474
Q105561023	6000000175351516974
Q105561024	6000000013348033087
Q105561025	6000000177192963821
Q105561028	6000000013349028427
Q105561030	6000000017546450118
Q105561036	6000000176764509889
Q105561039	6000000027234098541
Q105561040	6000000024613500927
Q105561041	6000000017070442190
Q105561042	6000000082884322247
Q105561046	6000000027233742536
Q105561047	6000000039064785949
Q105561048	6000000029322931931
Q105561049	6000000017070591025
Q105561050	6000000039064094613
Q105561051	6000000027234245986
Q105561053	6000000024613143358
Q105561055	6000000029322669519
Q105561062	6000000011381182451
Q105561066	6000000023991768885
Q105561070	6000000185173002821
Q105561072	6000000185302941826
Q105561073	6000000177821814832
Q105561075	6000000057678591077
Q105561081	6000000006873116378
Q105561083	6000000185337567894
Q105561085	6000000185330794860
Q105561086	6000000185303044840
Q105561087	6000000185336766964
Q105561089	6000000184258736031
Q105561090	6000000185839718848
Q105561092	6000000177821937826
Q105561093	6000000185170787845
Q105561094	6000000185330688943
Q105561095	6000000185052094849
Q105561097	6000000184289878860
Q105561099	6000000185883622006
Q105561100	6000000184261448859
Q105561102	6000000185887462828
Q105561104	6000000185194714822
Q105561105	6000000184264216831
Q105561106	6000000179563237839
Q105561108	6000000006873116358
Q105561111	6000000184290495826
Q105561112	6000000179564020834
Q105561113	6000000184290594822
Q105561114	6000000016213123714
Q105561116	6000000184289231879
Q105561117	6000000185303113825
Q105561118	6000000055688102971
Q105561121	6000000041055437271
Q105561124	6000000046799033934
Q105561125	6000000046642798068
Q105561127	6000000046643790821
Q105561128	6000000046793655868
Q105561130	6000000046643223343
Q105561131	6000000017858919743
Q105561133	6000000075040035462
Q105561135	5135426821610116391
Q105561137	5135436600210065643
Q105561138	5207526634500135417
Q105561143	6000000014265704979
Q105561144	6000000044095130998
Q105561145	6000000036409400278
Q105561146	6000000043682627184
Q105561147	6000000107842476821
Q105561148	6000000014686937744
Q105561149	6000000068061814863
Q105561152	6000000043683967125
Q105561154	6000000181905128822
Q105561155	6000000181904044879
Q105561158	6000000068216403943
Q105561159	6000000082848814409
Q105561160	6000000036631264357
Q105561161	6000000080619127845
Q105561163	6000000068216663970
Q105561166	6000000068216364939
Q105561167	6000000014687021247
Q105561168	6000000020226732321
Q105561170	6000000044093826149
Q105561172	6000000080844825841
Q105561175	6000000107841206910
Q105561176	6000000043682777163
Q105561178	6000000121650714075
Q105561179	6000000185334245892
Q105561185	6000000084291683864
Q105561189	6000000185137495895
Q105561190	6000000015409872763
Q105561193	6000000053680506829
Q105561195	6000000053452774585
Q105561197	6000000015410734149
Q105561199	6000000159870769876
Q105561201	6000000159871775858
Q105561204	6000000031024801925
Q105561205	6000000073170857037
Q105561210	6000000200647399856
Q105561212	6000000200647616847
Q105561215	6000000073174067022
Q105561216	6000000073174181882
Q105561219	6000000018615169575
Q105561221	6000000086684186822
Q105561230	6000000117626245905
Q105561232	6000000147294083847
Q105561234	6000000007316934537
Q105561235	6000000068805827980
Q105561236	6000000081479465252
Q105561238	6000000147298040844
Q105561243	6000000007316925812
Q105561244	6000000073359226993
Q105561247	6000000037473551306
Q105561248	6000000081479355154
Q105561251	6000000126262377954
Q105561253	6000000068806470930
Q105561256	6000000073354330833
Q105561257	6000000147151545841
Q105561258	6000000147296637844
Q105561263	6000000117625712974
Q105561264	6000000147160769912
Q105561265	6000000147296752821
Q105561266	6000000073357720910
Q105561273	6000000007316925792
Q105561274	6000000073359620839
Q105561276	6000000117625866913
Q105561288	6000000023301644471
Q105561294	6000000206110272824
Q105561296	6000000126254583996
Q105561300	6000000195496196850
Q105561303	6000000018372822336
Q105561305	6000000101519705842
Q105561307	6000000101519979839
Q105561308	6000000023301799085
Q105561310	6000000082708411195
Q105561311	6000000077283597601
Q105561314	6000000023301898282
Q105561316	6000000101520084884
Q105561318	6000000004565247616
Q105561320	6000000098888639821
Q105561322	6000000082708926988
Q105561324	6000000103296561093
Q105561326	6000000042195660623
Q105561331	6000000034006715039
Q105561338	6000000034240055231
Q105561339	6000000036118262406
Q105561348	6000000043225851557
Q105561356	6000000034101483982
Q105561357	6000000007014432736
Q105561359	6000000126255262855
Q105561362	6000000092913525867
Q105561366	6000000004565272136
Q105561368	6000000033584320629
Q105561369	6000000039453966994
Q105561371	6000000007014414687
Q105561373	6000000043224943613
Q105561374	6000000034129004082
Q105561379	6000000025388551962
Q105561380	6000000040165104139
Q105561381	6000000089047082958
Q105561382	6000000062107408848
Q105561383	6000000035816313309
Q105561385	6000000043855123954
Q105561387	6000000024090252258
Q105561388	6000000043854719319
Q105561389	6000000043854853982
Q105561393	6000000035816251408
Q105561394	6000000035481032802
Q105561396	6000000035816559184
Q105561398	6000000057408771864
Q105561399	6000000035816300339
Q105561400	6000000043584758513
Q105561401	6000000033995756003
Q105561409	6000000067844430270
Q105561411	6000000124483935194
Q105561413	6000000124488601854
Q105561414	6000000067846027207
Q105561420	6000000083502372108
Q105561424	6000000023431150158
Q105561443	6000000015579559985
Q105561448	6000000019493515496
Q105561451	6000000176607826876
Q105561453	6000000021846183616
Q105561454	6000000140143623872
Q105561456	6000000003032111028
Q105561457	6000000084546559046
Q105561459	6000000084546989837
Q105561460	6000000195622412890
Q105561462	6000000084546571316
Q105561463	6000000140143799850
Q105561468	6000000174119964151
Q105561476	6000000081381001908
Q105561477	6000000171732909910
Q105561480	6000000021733780358
Q105561482	6000000029532049505
Q105561483	6000000021733697325
Q105561485	6000000081380989988
Q105561486	6000000181932508841
Q105561488	6000000018184300125
Q105561489	6000000033618007886
Q105561492	6000000033617928957
Q105561493	6000000050021332956
Q105561495	6000000019916285344
Q105561498	6000000181930423872
Q105561500	6000000050020538031
Q105561501	6000000050019241998
Q105561502	6000000082767113883
Q105561505	6000000025968762804
Q105561506	6000000021548507815
Q105561508	6000000025308646481
Q105561510	6000000019393245098
Q105561513	6000000021302773404
Q105561515	6000000021315792110
Q105561517	6000000019393226171
Q105561518	6000000019393075091
Q105561520	6000000016652837173
Q105561522	6000000003614676137
Q105561525	6000000024166948015
Q105561526	6000000069124155835
Q105561529	6000000022700427651
Q105561531	6000000021302794476
Q105561533	6000000016652764560
Q105561535	6000000025023062006
Q105561536	6000000019393166208
Q105561537	6000000021302637591
Q105561538	6000000019392625433
Q105561539	6000000019393094295
Q105561540	6000000019391527723
Q105561541	6000000016531512606
Q105561547	6000000016531444587
Q105561548	6000000019392863493
Q105561550	6000000021302566729
Q105561552	6000000028890721070
Q105561553	6000000022967805327
Q105561554	6000000069119449821
Q105561556	6000000021437958150
Q105561557	6000000025022923951
Q105561559	6000000026283987231
Q105561560	6000000069118955048
Q105561562	6000000019392057972
Q105561565	6000000025824332551
Q105561567	6000000019393153097
Q105561569	6000000019392529634
Q105561570	6000000019391623598
Q105561572	6000000019393257173
Q105561573	6000000019392523259
Q105561575	6000000019391277965
Q105561578	6000000019392061326
Q105561580	6000000019386986633
Q105561581	6000000016175859925
Q105561582	6000000069119010225
Q105561585	6000000019391945517
Q105561588	6000000069119889879
Q105561589	6000000026924218504
Q105561603	6000000009718390013
Q105561616	6000000016436056051
Q105561618	6000000197100503827
Q105561623	6000000019217965685
Q105561625	6000000022627227166
Q105561627	6000000042208463762
Q105561633	6000000194718640823
Q105561644	6000000016435748167
Q105561645	6000000042208764153
Q105561647	6000000192274850821
Q105561651	6000000019218067391
Q105561653	6000000024971332128
Q105561656	6000000019218446061
Q105561658	6000000169682994859
Q105561660	6000000077189747999
Q105561661	6000000096068124822
Q105561666	6000000100764070833
Q105561669	6000000040955681335
Q105561670	6000000013567310242
Q105561673	6000000038659738884
Q105561676	6000000078218844400
Q105561679	6000000127061887946
Q105561681	6000000137216336833
Q105561683	6000000034241360877
Q105561685	6000000038850290230
Q105561686	6000000078219967853
Q105561687	6000000018784390937
Q105561691	6000000030619909665
Q105561698	6000000085922382843
Q105561700	6000000022348965598
Q105561702	6000000019323614660
Q105561703	6000000021013653704
Q105561704	6000000127064714330
Q105561709	6000000149933159947
Q105561712	6000000038650178668
Q105561713	6000000018077625374
Q105561718	6000000078078057375
Q105561721	6000000110256696889
Q105561724	6000000041558362038
Q105561725	6000000008722907146
Q105561726	6000000078078999982
Q105561735	6000000045902004036
Q105561736	6000000078307496841
Q105561737	6000000178367887823
Q105561740	6000000191151288836
Q105561741	6000000103413421853
Q105561742	6000000070324936856
Q105561745	6000000115982662866
Q105561746	6000000082501626724
Q105561750	6000000038650872099
Q105561752	6000000085483159881
Q105561756	6000000080058256098
Q105561761	6000000112075507013
Q105561764	6000000053796132866
Q105561765	6000000021618077932
Q105561767	6000000014319331489
Q105561773	6000000173945012017
Q105561776	6000000075236106541
Q105561778	6000000078747145026
Q105561779	6000000061094796836
Q105561781	6000000097731215834
Q105561785	6000000057842635915
Q105561789	6000000079035671304
Q105561790	6000000041473393233
Q105561793	6000000127061756844
Q105561800	6000000034124900734
Q105561801	6000000057456461935
Q105561803	6000000031999797891
Q105561805	6000000031989914027
Q105561807	6000000080769629084
Q105561809	6000000078218859812
Q105561810	6000000082401646987
Q105561811	6000000007146095278
Q105561813	6000000085494224887
Q105561815	6000000030388047372
Q105561816	6000000013774256355
Q105561817	6000000028427569839
Q105561819	6000000084216326865
Q105561820	6000000103434221991
Q105561823	6000000185373866147
Q105561826	6000000084216197040
Q105561831	6000000137225534821
Q105561832	6000000188515181829
Q105561834	6000000045903753821
Q105561835	6000000099653690852
Q105561838	6000000071810322850
Q105561841	6000000031049917297
Q105561842	6000000196761108833
Q105561848	6000000097090520888
Q105561856	6000000058407176824
Q105561858	6000000031937487628
Q105561860	6000000058407095849
Q105561862	6000000031943995831
Q105561863	6000000197719479821
Q105561866	6000000034750191945
Q105561869	6000000100756031847
Q105561871	6000000029264065103
Q105561873	6000000048736672890
Q105561875	6000000029133722324
Q105561876	6000000029263882492
Q105561877	6000000034749137516
Q105561887	6000000033632158022
Q105561893	6000000206995556837
Q105561894	6000000206979454860
Q105561895	6000000206995394860
Q105561900	6000000068371265031
Q105561903	6000000030752764416
Q105561904	6000000074364143828
Q105561905	6000000052488982282
Q105561908	6000000016436340171
Q105561910	6000000015528795105
Q105561914	6000000085910212983
Q105561919	6000000182773722821
Q105561926	6000000096346765880
Q105561928	6000000096346396979
Q105561931	6000000015528858081
Q105561932	6000000032752401315
Q105561935	6000000005381450389
Q105561937	6000000015528745837
Q105561938	6000000005381346819
Q105561940	6000000082888261887
Q105561945	6000000185402198885
Q105561948	6000000082888450852
Q105561949	6000000082884545225
Q105561951	6000000185403185827
Q105561957	6000000082885444909
Q105561965	6000000122581234848
Q105561968	6000000014585777272
Q105561974	6000000008250730050
Q105561975	6000000025608408234
Q105561976	6000000071554014027
Q105561977	6000000025608345435
Q105561980	6000000133380178040
Q105561981	6000000009856323502
Q105561983	6000000088625592895
Q105561984	6000000108360050133
Q105561985	6000000009855962818
Q105561987	6000000025607738784
Q105561990	6000000051395087352
Q105561991	6000000089570027911
Q105561992	6000000072443290992
Q105561994	6000000071563411095
Q105561997	6000000021674238169
Q105562000	6000000071553695011
Q105562011	6000000071554402965
Q105562019	6000000016064338886
Q105562023	6000000030245844357
Q105562031	6000000018132743399
Q105562036	6000000089597614139
Q105562038	6000000008250997506
Q105562041	6000000008250853042
Q105562042	6000000071554426978
Q105562047	6000000009856211480
Q105562049	6000000036082095035
Q10556205	6000000074709493962
Q105562052	6000000015095548841
Q105562054	6000000071554805872
Q105562056	6000000114625796829
Q105562060	6000000024583505954
Q105562068	6000000019487477149
Q105562071	6000000008250852755
Q105562073	6000000025307759397
Q105562078	6000000016410049216
Q105562080	6000000100755017854
Q105562089	6000000020662632152
Q105562091	6000000017824805707
Q105562093	6000000015097394876
Q105562095	6000000100755503833
Q105562097	6000000008250849877
Q105562098	6000000066105283929
Q105562103	6000000017824737552
Q105562105	6000000089598300001
Q105562108	6000000071563692984
Q105562112	6000000088626246874
Q105562123	6000000008251014507
Q105562128	6000000077588614338
Q105562135	6000000071554454121
Q105562138	6000000057012977935
Q105562145	6000000183469405875
Q105562148	6000000025608153812
Q105562150	6000000071553596358
Q105562155	6000000009856307685
Q105562158	6000000071563423014
Q105562163	6000000033660605434
Q105562165	6000000181035758823
Q105562168	6000000033661016166
Q105562172	6000000070727878906
Q105562176	6000000033660575292
Q105562178	6000000070728394893
Q105562181	6000000020318070245
Q105562184	6000000033856868610
Q105562186	6000000033661516848
Q105562190	6000000033650414887
Q105562192	6000000070728241865
Q105562197	6000000070727944339
Q105562199	6000000128695112874
Q105562211	6000000184885120821
Q105562221	6000000059217864154
Q105562223	6000000059218671909
Q105562225	6000000079404253914
Q105562228	6000000079403905110
Q105562231	6000000036453494887
Q105562237	6000000022323676243
Q105562249	6000000143216954016
Q105562251	6000000017583778155
Q105562255	6000000196500390823
Q105562274	6000000191180022821
Q105562291	6000000191179889837
Q105562300	6000000022323725520
Q105562303	6000000023075974960
Q105562306	6000000108088261987
Q105562333	6000000122630423931
Q105562336	6000000052637154415
Q105562342	6000000183473518837
Q105562350	6000000086135539951
Q105562354	6000000013176236074
Q105562380	6000000212259145827
Q105562391	6000000018819324223
Q105562407	6000000195620336821
Q105562408	6000000039336057881
Q105562422	6000000202222629828
Q105562424	6000000034600909506
Q105562428	6000000116716331085
Q105562429	6000000057455224981
Q105562436	6000000086358741302
Q105562437	6000000002350468316
Q105562439	6000000024971661002
Q105562440	6000000202222456837
Q105562441	6000000081579305848
Q105562442	6000000178474710830
Q105562447	6000000016592780301
Q105562450	6000000020329622877
Q105562453	6000000019296163957
Q105562455	6000000192817051850
Q105562466	6000000068533218957
Q105562470	6000000116717145951
Q105562476	6000000064402595867
Q105562478	6000000068317294974
Q105562479	6000000178525602858
Q105562481	6000000207090781823
Q105562495	6000000104555678884
Q105562500	6000000017683185119
Q105562502	6000000022469293187
Q105562504	6000000018743910316
Q105562507	6000000024693891848
Q105562509	6000000019296264886
Q105562511	6000000076865426853
Q105562519	6000000202222519829
Q105562521	6000000178422215866
Q105562525	6000000057984308959
Q105562527	6000000018744255035
Q105562529	6000000068532623132
Q105562532	6000000043326887854
Q105562537	6000000068316670911
Q105562538	6000000005241280067
Q105562540	6000000077915487909
Q105562544	6000000026309111151
Q105562548	6000000139620026943
Q105562552	6000000182623006871
Q105562554	6000000179535950835
Q105562555	6000000163351243832
Q105562557	6000000031859196876
Q105562559	6000000194941195828
Q105562562	6000000028624754958
Q105562570	6000000078119821542
Q105562576	6000000084009778849
Q105562578	6000000086897680197
Q105562581	6000000017295653757
Q105562582	6000000078119797687
Q105562588	6000000078119968707
Q105562590	6000000043678207078
Q105562596	6000000083995762907
Q105562598	6000000038619214646
Q105562600	6000000023901023064
Q105562609	6000000086898559875
Q105562611	6000000028624794880
Q105562614	6000000017295287819
Q105562627	6000000071375344888
Q105562634	6000000017296798180
Q105562637	6000000077915470874
Q105562640	6000000023421147350
Q105562643	6000000176286125832
Q105562646	6000000194949303824
Q105562658	6000000023900704983
Q105562662	6000000178317291898
Q105562664	6000000194938005827
Q105562669	6000000019573235630
Q105562671	6000000019012576264
Q105562680	6000000026621351914
Q105562689	6000000084008362533
Q105562696	6000000178317172861
Q105562699	6000000179536416822
Q105562706	6000000016298926183
Q105562716	6000000022939532061
Q105562719	6000000016298446377
Q105562723	6000000027439272792
Q105562726	6000000016300942038
Q105562729	6000000039900621577
Q105562731	6000000020269262127
Q105562738	6000000022848070893
Q105562740	6000000020268555024
Q105562742	6000000016707714315
Q105562745	6000000017548030263
Q105562751	6000000168168942930
Q105562753	6000000020266474573
Q105562758	6000000015976479359
Q105562761	6000000020266574223
Q105562766	6000000025864192441
Q105562768	6000000020269228019
Q105562770	6000000016298812215
Q105562772	6000000017547926534
Q105562775	6000000034789857005
Q105562778	6000000027442890962
Q105562783	6000000025863529677
Q105562791	6000000017547959079
Q105562792	6000000027439438562
Q105562794	6000000020266699988
Q105562797	6000000056393001861
Q105562802	6000000025847867436
Q105562812	6000000077894223298
Q105562817	6000000077898268883
Q105562830	6000000015856444705
Q105562838	6000000077894511015
Q105562845	6000000067266522859
Q105562849	6000000181078245839
Q105562858	6000000157429348821
Q105562860	6000000211771230828
Q105562863	6000000001805392863
Q105562867	6000000001805392795
Q105562869	6000000211770997831
Q105562872	6000000023756466230
Q105562875	6000000020053237132
Q105562878	6000000001805392749
Q105562881	6000000001805396001
Q105562883	6000000025524978990
Q105562887	6000000023756699090
Q105562890	6000000001805392765
Q105562898	6000000025524651254
Q105562909	6000000033021128897
Q105562917	6000000049984240945
Q105562919	6000000049984400080
Q105562925	6000000017746316289
Q105562931	6000000078309751821
Q105562937	6000000075877746841
Q105562940	6000000075876676964
Q105562945	6000000052128602057
Q105562954	6000000179989563851
Q105562956	6000000011612590601
Q105562958	6000000018137444261
Q105562960	6000000127641186880
Q105562969	6000000127638854389
Q105562971	6000000020584924890
Q105562975	6000000127641285840
Q105562980	6000000046196351016
Q105562985	6000000075876870905
Q105562996	6000000017688487877
Q105563016	6000000207110401821
Q105563027	6000000207110142847
Q105563031	6000000207110233845
Q105563038	6000000195620491829
Q105563041	6000000035784698087
Q105563043	6000000035784000817
Q105563046	6000000185373623249
Q105563052	6000000035784836839
Q105563055	6000000034567209422
Q105563059	6000000081781222057
Q105563061	6000000008366027882
Q105563070	6000000035784247296
Q105563073	6000000034567289498
Q105563076	6000000008365996122
Q105563078	6000000081780930526
Q105563084	6000000034567641597
Q105563086	6000000018893790058
Q105563092	6000000034568472043
Q105563096	6000000034568119979
Q105563098	6000000083823026172
Q105563104	6000000082005059913
Q105563107	6000000035784373516
Q105563115	6000000008366069366
Q105563117	6000000034568291131
Q105563126	6000000008366101246
Q105563129	6000000071798418560
Q105563131	6000000036965569269
Q105563147	6000000005401603004
Q105563167	6000000202227662821
Q105563169	6000000202227479823
Q105563225	6000000070186776401
Q105563227	6000000030976307629
Q105563231	6000000051111437862
Q105563233	6000000140760093895
Q105563241	6000000015822673277
Q105563242	6000000102411765844
Q105563244	6000000085998294862
Q105563255	6000000074422348830
Q105563256	6000000080410549873
Q105563261	6000000051259711014
Q105563270	6000000028243121251
Q105563274	6000000044492169409
Q105563281	6000000016101345677
Q105563289	6000000030975920791
Q105563302	6000000189509643821
Q105563321	6000000027134278410
Q105563324	6000000189508565882
Q105563326	6000000195168067838
Q105563329	6000000131451066836
Q105563331	6000000195167506872
Q105563340	6000000034436122040
Q105563344	6000000034436055718
Q105563348	6000000034435749759
Q105563350	6000000034436572847
Q105563355	6000000034436521855
Q105563379	6000000118222693821
Q105563382	6000000207183362855
Q105563424	6000000118223705872
Q105563433	6000000118224113821
Q105563435	6000000118223086833
Q105563442	6000000021038187974
Q105563454	6000000015125173139
Q105563481	6000000014506525506
Q105563519	6000000045918585460
Q105563521	6000000040950310325
Q105563523	6000000040950139611
Q105563525	6000000045795858856
Q105563527	6000000045801534531
Q105563532	6000000178004507823
Q105563533	6000000082661060499
Q105563536	6000000074749101058
Q105563550	6000000081544244909
Q105563554	6000000067469235867
Q105563560	6000000066567691083
Q105563564	6000000021953364616
Q105563567	6000000013212932303
Q105563569	6000000071178466827
Q105563575	6000000005381567675
Q105563579	6000000002449712159
Q105563587	6000000081544422864
Q105563589	6000000014713666307
Q105563594	6000000004989881730
Q105563598	6000000068034478899
Q105563605	6000000074719398017
Q105563607	6000000164666065880
Q105563618	6000000076926364849
Q105563621	6000000196194838882
Q105563624	6000000014764449330
Q105563632	6000000159274132821
Q105563640	6000000038831513877
Q105563645	6000000067706269844
Q105563649	6000000072066320171
Q105563665	6000000164665128009
Q105563670	6000000038919435088
Q105563686	6000000042329560909
Q105563692	6000000081541556339
Q105563694	6000000148628549959
Q105563698	6000000049390611821
Q105563700	6000000201716762847
Q105563702	6000000042328065090
Q105563711	6000000144259531821
Q105563715	6000000016628428506
Q105563717	6000000029133577585
Q105563721	6000000067698225839
Q105563724	6000000092222521908
Q105563731	6000000098127039902
Q105563739	6000000013213027244
Q105563742	6000000005381450379
Q105563744	6000000082810433858
Q105563746	6000000074717972090
Q105563748	6000000020489890350
Q105563761	6000000055480111984
Q105563770	6000000004990000066
Q105563772	6000000074868979821
Q105563781	6000000181914921822
Q105563783	6000000039901324938
Q105563784	6000000076179368986
Q105563786	6000000074718150016
Q105563788	6000000102991119821
Q105563789	6000000034002450731
Q105563793	6000000173521401967
Q105563794	6000000030305578098
Q105563796	6000000033837744531
Q105563798	6000000018727326078
Q105563801	6000000076851636380
Q105563803	6000000098064840964
Q105563805	6000000019608456048
Q105563808	6000000076853069046
Q105563812	6000000101859545844
Q105563815	6000000067469002836
Q105563817	6000000153778300821
Q105563822	6000000045920114499
Q105563827	6000000078282316374
Q105563830	6000000182333098833
Q105563834	6000000033901563113
Q105563838	6000000116309386861
Q105563840	6000000008299884891
Q105563843	6000000196512540822
Q105563846	6000000016888394689
Q105563856	6000000034477401859
Q105563860	6000000078389933030
Q105563861	6000000077111053053
Q105563863	6000000173520873302
Q105563868	6000000075960113103
Q105563873	6000000068846344865
Q105563874	6000000008968419431
Q105563875	6000000025816347002
Q105563876	6000000012391492304
Q105563880	4945013715350028575
Q105563883	6000000025816285986
Q105563884	6000000025816294015
Q105563885	6000000008968618729
Q105563886	6000000070985203874
Q105563887	6000000072319729051
Q105563890	6000000190382488831
Q105563891	6000000009685717109
Q105563896	6000000017295560491
Q105563897	6000000132437414029
Q105563902	6000000031479028990
Q105563906	6000000033368892967
Q105563908	6000000003866411916
Q105563910	6000000033367796560
Q105563911	6000000188089758821
Q105563912	6000000176707291900
Q105563914	6000000010017393689
Q105563924	6000000079212268422
Q105563925	6000000084885796232
Q105563926	6000000072157032979
Q105563928	6000000122740570030
Q105563930	6000000166008119879
Q105563931	6000000197076828870
Q105563933	6000000185727619928
Q105563934	6000000033368621246
Q105563938	6000000084890453982
Q105563945	6000000084129414991
Q105563947	6000000004564692913
Q105563948	6000000004565070493
Q105563950	6000000009686481230
Q105563961	6000000181287575845
Q105563967	6000000197626800836
Q105563968	6000000039388402747
Q105564086	6000000202259494825
Q105564087	6000000022833392419
Q105564091	6000000181288108829
Q105564095	6000000010017472358
Q105564099	6000000072162059824
Q105564107	6000000021571054379
Q105564109	6000000038978227313
Q105564113	6000000084886851901
Q105564114	6000000197359957827
Q105564118	6000000057576946957
Q105564119	6000000196833664851
Q105564120	6000000038912590378
Q105564128	6000000084890237225
Q105564134	6000000122741223894
Q105564136	6000000006873114745
Q105564137	6000000007610765735
Q105564143	6000000202259519880
Q105564147	6000000016241988245
Q105564148	6000000098151780073
Q105564150	6000000072149904231
Q105564153	6000000057576801135
Q105564155	6000000179198538829
Q105564156	6000000020239470212
Q105564158	6000000000095496994
Q105564165	6000000081860456934
Q105564166	6000000070681427302
Q105564167	6000000070681397221
Q105564169	6000000053120916849
Q105564173	6000000191758764822
Q105564174	6000000107154287825
Q105564179	6000000137140893991
Q105564180	6000000137142616862
Q105564184	6000000137139799308
Q105564185	6000000137142451861
Q105564190	6000000177631884850
Q105564191	6000000019446369518
Q105564194	6000000183997086821
Q105564198	6000000007014406408
Q105564205	6000000052175678883
Q105564211	6000000078014994744
Q105564215	6000000078007565694
Q105564219	6000000071735957990
Q105564220	6000000200981794830
Q105564222	6000000071735833025
Q105564234	6000000071735608930
Q105564236	6000000071735751853
Q105564246	6000000207301373869
Q105564247	6000000194484094834
Q105564249	6000000074910508959
Q105564254	6000000002727471104
Q105564255	6000000060399971840
Q105564257	6000000074910319036
Q105564260	6000000060399340058
Q105564261	6000000019008631426
Q105564262	6000000084695672810
Q105564264	6000000084696533196
Q105564266	6000000080830770988
Q105564267	6000000019000265148
Q105564268	6000000019008932166
Q105564272	6000000080616608312
Q105564273	6000000178365105860
Q105564274	6000000024168901741
Q105564276	6000000052174767203
Q105564279	6000000060399497952
Q105564286	6000000016531326501
Q105564290	6000000016532129668
Q105564297	6000000028391789863
Q105564298	6000000201368247848
Q105564299	6000000028393243720
Q105564300	6000000015171791527
Q105564301	6000000019666981045
Q105564302	6000000165890962821
Q105564303	6000000076102733878
Q105564305	6000000015171919801
Q105564308	6000000019666534446
Q105564309	6000000015170555220
Q105564313	6000000025275032705
Q105564316	6000000180034978831
Q105564317	6000000179912861900
Q105564320	6000000036778984878
Q105564321	6000000015171859746
Q105564323	6000000015170476541
Q105564324	6000000179912876037
Q105564326	6000000072634164730
Q105564327	6000000052425221821
Q105564333	6000000015114538571
Q105564334	6000000069280151946
Q105564335	6000000052425218934
Q105564336	6000000041540182145
Q105564337	6000000069279099149
Q105564339	6000000041539791745
Q105564340	6000000045581549306
Q105564341	6000000086306346326
Q105564343	6000000045582009957
Q105564344	6000000086372773880
Q105564350	6000000036726614222
Q105564355	6000000036726448515
Q105564356	6000000036726925863
Q105564363	6000000173131657831
Q105564365	6000000086372823860
Q105564367	6000000086861096971
Q105564369	6000000030152439605
Q105564370	6000000079197725234
Q105564371	6000000173130242621
Q105564372	6000000086866222975
Q105564374	6000000033257964049
Q105564376	6000000178443633858
Q105564377	6000000036774997062
Q105564378	6000000045582142999
Q105564379	6000000086860960933
Q105564380	6000000086841020023
Q105564381	6000000086861139856
Q105564387	6000000186674909863
Q105564388	6000000134999104829
Q105564389	6000000034157973304
Q105564390	6000000034151717331
Q105564391	6000000018999133782
Q105564393	6000000106721756829
Q105564394	6000000017648161223
Q105564395	6000000126242031868
Q105564396	6000000126242040850
Q105564397	6000000126242219844
Q105564398	6000000037469877433
Q105564399	6000000073591861821
Q105564400	6000000017648173369
Q105564401	6000000030039558515
Q105564402	6000000030039820037
Q105564403	6000000149944821016
Q105564404	6000000073588687027
Q105564405	6000000017646954906
Q105564406	6000000126242198871
Q105564407	6000000017947586456
Q105564410	6000000083412580733
Q105564412	6000000017838476651
Q105564413	6000000073590794491
Q105564416	6000000074455533901
Q105564417	6000000126241351092
Q105564419	6000000034510036541
Q105564420	6000000083413065581
Q105564424	6000000003298882093
Q105564425	6000000003299015170
Q105564429	6000000042010807878
Q105564434	6000000149075349833
Q105564435	6000000030453058690
Q105564436	6000000069745824859
Q105564438	6000000014713452242
Q105564440	6000000069766387974
Q105564441	6000000069766211141
Q105564442	6000000069745807839
Q105564443	6000000034153450180
Q105564444	6000000078071544045
Q105564446	6000000017732068032
Q105564447	6000000017729640880
Q105564448	6000000014713292803
Q105564449	6000000055620489849
Q105564460	6000000178412213837
Q105564476	6000000024017685431
Q105564479	6000000031023330857
Q105564488	6000000203785935863
Q105564489	6000000195552824821
Q105564491	6000000028937504491
Q105564492	6000000032637104971
Q105564494	6000000110325889824
Q105564495	6000000147654764899
Q105564496	6000000133449619835
Q105564500	6000000012687033587
Q105564502	6000000040017879012
Q105564503	6000000014784907404
Q105564504	6000000140063096309
Q105564506	6000000093476757197
Q105564507	6000000015566447420
Q105564508	6000000022198279321
Q105564509	6000000093464000821
Q105564511	6000000161504786887
Q105564512	6000000028066824426
Q105564513	6000000032637068938
Q105564515	6000000032639782447
Q105564516	6000000190421058839
Q105564518	6000000032634456398
Q105564520	6000000024017327510
Q105564521	6000000135440682821
Q105564525	6000000064648560171
Q105564528	6000000032493326644
Q105564533	6000000041853989923
Q105564536	6000000032640123067
Q105564537	6000000034389591152
Q105564538	6000000026873855039
Q105564540	6000000110324270856
Q105564543	6000000077307947005
Q105564548	6000000019219544812
Q105564549	6000000051217193036
Q105564551	6000000023481755900
Q105564554	6000000071016402036
Q105564556	6000000023481680974
Q105564559	6000000017730746943
Q105564561	6000000017731875226
Q105564562	6000000043342202832
Q105564563	6000000016410006176
Q105564565	6000000033966187076
Q105564570	6000000058751126875
Q105564571	6000000019629246910
Q105564578	6000000020449881686
Q105564581	6000000068572975845
Q105564582	6000000068574401942
Q105564583	6000000082599241037
Q105564585	6000000068572890919
Q105564586	6000000030616061928
Q105564588	6000000014208002979
Q105564589	6000000014418348959
Q105564590	6000000068745800002
Q105564591	6000000127596998869
Q105564593	6000000030814337307
Q105564594	6000000127598090928
Q105564604	6000000200602913831
Q105564609	6000000017070770885
Q105564610	6000000019136309117
Q105564611	6000000084780233039
Q105564613	6000000002868157297
Q105564615	6000000002868196414
Q105564616	6000000002868026686
Q105564617	6000000026353426646
Q105564618	6000000080278805875
Q105564620	6000000026354189085
Q105564622	6000000002868130588
Q105564623	6000000002868175204
Q105564625	6000000110660876828
Q105564631	6000000023918564278
Q105564633	6000000073748648889
Q105564638	6000000018403893437
Q105564639	6000000018401217788
Q105564640	6000000018403936227
Q105564644	6000000073748528067
Q105564645	6000000028352499396
Q105564650	6000000077545654287
Q105564651	6000000207324396837
Q105564652	6000000018401217770
Q105564654	6000000186299402962
Q105564662	6000000047235369884
Q105564664	6000000018403384393
Q105564666	6000000018402669294
Q105564667	6000000186299070967
Q105564674	6000000196586871831
Q105564675	6000000076986236825
Q105564676	6000000196587174822
Q105564682	6000000023418377617
Q105564690	6000000187202429828
Q105564693	6000000015069083422
Q105564697	6000000063568921858
Q105564698	6000000149893236865
Q105564699	6000000020649477521
Q105564701	6000000057013118932
Q105564702	6000000024612834371
Q105564704	6000000149892932926
Q105564706	6000000062352240911
Q105564708	6000000097938870833
Q105564710	6000000114994653829
Q105564711	6000000097939462837
Q105564715	6000000057012495379
Q105564716	6000000026239861019
Q105564718	6000000076259931822
Q105564719	6000000149892852823
Q105564721	6000000055276668853
Q105564724	6000000082508226045
Q105564725	6000000215823765826
Q105564726	6000000149892751879
Q105564727	6000000019632274009
Q105564728	6000000062824970926
Q105564729	6000000103309126823
Q105564730	6000000082523715994
Q105564731	6000000033625185054
Q105564732	6000000098345551112
Q105564733	6000000076259819917
Q105564735	6000000062771217821
Q105564737	6000000033625229221
Q105564739	6000000062773457895
Q105564744	6000000153698419997
Q105564751	6000000098346092091
Q105564752	6000000026240676999
Q105564753	6000000062774593825
Q105564757	6000000121117361825
Q105564758	6000000029220335774
Q105564760	6000000097937174856
Q105564761	6000000062825721950
Q105564762	6000000020344396900
Q105564765	6000000098345923019
Q105564766	6000000188211508821
Q105564767	6000000108582909917
Q105564768	6000000097941479838
Q105564769	6000000062825835951
Q105564772	6000000147301067845
Q105564774	6000000121116859821
Q105564775	6000000120629202937
Q105564776	6000000063647109881
Q105564784	6000000181145420821
Q105564786	6000000008355136301
Q105564796	6000000025927954692
Q105564797	6000000027502882288
Q105564798	6000000027502931986
Q105564800	6000000025928146434
Q105564801	6000000027502677172
Q105564804	6000000014272032611
Q105564805	6000000031054315034
Q105564806	6000000015930101178
Q105564807	6000000031054202197
Q105564809	6000000199693342827
Q105564811	6000000199692711831
Q105564818	6000000018646284338
Q105564819	6000000018646282324
Q105564821	6000000177227682821
Q105564822	6000000024102533482
Q105564823	6000000177227201828
Q105564827	6000000098147207177
Q105564828	6000000018661560771
Q105564829	6000000018662828585
Q105564830	6000000098147368231
Q105564831	6000000098146842217
Q105564832	6000000018663135048
Q105564839	6000000074283297870
Q105564842	6000000057838601822
Q105564843	6000000049822850331
Q105564844	6000000043655425833
Q105564847	6000000050413752852
Q105564849	6000000043598221290
Q105564850	6000000065228034317
Q105564852	6000000079317835978
Q105564853	6000000049822213609
Q105564854	6000000050043098834
Q105564855	6000000043598940852
Q105564856	6000000043598240064
Q105564858	6000000049762222883
Q105564860	6000000052626512858
Q105564861	6000000188718455945
Q105564863	6000000052626171082
Q105564865	6000000067009757912
Q105564869	6000000072091398968
Q105564879	6000000010040023325
Q105564882	6000000185366945957
Q105564884	6000000185367898911
Q105564889	6000000036748203505
Q105564891	6000000020333280702
Q105564892	6000000020350099669
Q105564893	6000000034003979067
Q105564896	6000000078705535925
Q105564906	6000000015455689430
Q105564907	6000000015742776031
Q105564909	6000000031024783112
Q105564911	6000000057407605038
Q105564913	6000000041662628100
Q105564915	6000000043902192835
Q105564916	6000000076175839259
Q105564918	6000000188759285822
Q105564922	6000000027134428549
Q105564925	6000000188574778843
Q105564927	6000000147301025830
Q105564928	6000000074283101959
Q105564929	6000000079317215291
Q105564934	6000000039147700407
Q105564942	6000000122279173830
Q105564943	6000000151507492840
Q105564945	6000000151495237216
Q105564946	6000000147000296884
Q105564947	6000000043226102191
Q105564955	6000000207324909823
Q105564956	6000000045150681918
Q105564957	6000000045149970348
Q105564958	6000000030912451441
Q105564959	6000000070729775181
Q105564960	6000000035579992929
Q105564961	6000000070729703057
Q105564962	6000000024903634223
Q105564963	6000000070728851239
Q105564964	6000000035580743890
Q105564965	6000000035578218622
Q105564967	6000000117371907948
Q105564968	6000000202264971864
Q105564970	6000000111843300045
Q105564973	6000000111843129974
Q105564981	6000000037738478603
Q105564982	6000000137634063874
Q105564992	6000000019243694346
Q105564993	6000000048066327629
Q105565	6000000028334372169
Q105565000	6000000025276394377
Q105565001	6000000025276100743
Q105565002	6000000026028463526
Q105565003	6000000026028356639
Q105565006	6000000046609853961
Q105565012	6000000071276152086
Q105565014	6000000071233871176
Q105565017	6000000197593027827
Q105565018	6000000064773086972
Q105565034	6000000046609715956
Q105565037	3716328
Q105565038	6000000181440941866
Q105565041	6000000044336852531
Q105565042	6000000034207763498
Q105565046	6000000027045000418
Q105565054	6000000075298878906
Q105565055	6000000027044999791
Q105565057	6000000071039987854
Q105565064	6000000054574164940
Q105565065	6000000183056382826
Q105565067	6000000105884841898
Q105565068	6000000091031209870
Q105565069	6000000024687798956
Q105565076	6000000054575684865
Q105565081	6000000039032292676
Q105565093	6000000057137496897
Q105565095	6000000009333708268
Q105565096	6000000057138101845
Q105565099	6000000057127259858
Q105565100	6000000057133931000
Q105565101	6000000057191566878
Q105565107	6000000016532081432
Q105565110	6000000018890155805
Q105565111	6000000038941025268
Q105565113	6000000081284494019
Q105565114	6000000017534832028
Q105565116	6000000009484711308
Q105565120	6000000063535723880
Q105565121	6000000015108870463
Q105565123	6000000016231542071
Q105565127	6000000036398484733
Q105565128	6000000028163022018
Q105565129	6000000068865700856
Q105565135	6000000180255479847
Q105565136	6000000017758895103
Q105565139	6000000017597433012
Q105565141	6000000206643041821
Q105565143	6000000020311101110
Q105565144	6000000026709314212
Q105565148	6000000185604709881
Q105565149	6000000069547889979
Q105565150	6000000036399195856
Q105565151	6000000017295881411
Q105565154	6000000206643698827
Q105565155	6000000014713659244
Q105565157	6000000092576860202
Q105565158	6000000202723045822
Q105565159	6000000039459691028
Q105565160	6000000120652150872
Q105565166	6000000036728528266
Q105565168	6000000182334164827
Q105565169	6000000026521185816
Q105565170	6000000182181171824
Q105565171	6000000182180635849
Q105565174	6000000029381438366
Q105565175	6000000019997896635
Q105565177	6000000109691177848
Q105565179	6000000202721765899
Q105565181	6000000206686337855
Q105565183	358411451710013914
Q105565185	6000000081284372046
Q105565186	6000000069586129933
Q105565187	6000000182332632870
Q105565188	6000000020311075352
Q105565189	6000000109691800918
Q105565193	6000000020332148201
Q105565194	6000000109691813823
Q105565195	6000000109686964068
Q105565196	6000000080085706886
Q105565197	6000000090765429007
Q105565198	6000000205618766822
Q105565201	6000000017295770382
Q105565202	6000000069550159915
Q105565204	6000000026837056923
Q105565208	6000000026786024233
Q105565209	6000000034183562504
Q105565210	6000000109690797971
Q105565212	6000000039456469010
Q105565214	6000000011428515922
Q105565215	6000000182180526831
Q105565216	6000000015108949436
Q105565217	6000000017295655447
Q105565218	6000000014796195249
Q105565221	6000000206686437824
Q105565222	6000000009592219352
Q105565223	6000000206671984829
Q105565224	6000000014796119739
Q105565226	6000000109691411987
Q105565230	6000000184641138883
Q105565232	6000000185142837822
Q105565233	6000000068865883821
Q105565234	6000000019261941019
Q105565242	6000000020332322993
Q105565243	6000000088305044958
Q105565246	6000000032028368190
Q105565248	6000000013093138273
Q105565250	6000000013093130311
Q105565251	6000000013093138386
Q105565252	6000000017065045403
Q105565254	6000000083871201960
Q105565256	6000000046855873190
Q105565258	6000000013695278298
Q105565259	6000000083870669051
Q105565261	6000000083870471093
Q105565265	6000000000806977866
Q105565266	6000000000806977889
Q105565272	6000000177445737863
Q105565281	6000000117377190963
Q105565286	6000000117375211250
Q105565296	6000000150199343850
Q105565298	6000000022756554295
Q105565300	6000000022172445855
Q105565301	6000000035947366429
Q105565304	6000000021675509635
Q105565305	6000000022172387123
Q105565307	6000000068840396949
Q105565308	6000000022756811619
Q105565310	6000000022756276416
Q105565311	6000000021675788854
Q105565312	6000000021676311180
Q105565313	6000000021680287413
Q105565314	6000000068843745965
Q105565315	6000000021680624312
Q105565316	6000000032355939837
Q105565317	6000000021676361033
Q105565318	6000000068802466064
Q105565320	6000000021675452626
Q105565321	6000000022172341246
Q105565323	6000000028184639377
Q105565325	6000000032330616265
Q105565326	6000000068849169863
Q105565327	6000000028184689472
Q105565328	6000000068843564045
Q105565329	6000000068843965866
Q105565330	6000000021675516769
Q105565332	6000000022756356052
Q105565334	6000000037651016240
Q105565335	6000000021676400204
Q105565336	6000000035947531089
Q105565338	6000000022756346678
Q105565348	6000000091341006836
Q105565351	6000000047821375858
Q105565352	6000000140792221836
Q105565353	6000000008250214493
Q105565355	6000000015116667757
Q105565357	6000000083133792821
Q105565362	6000000074785020050
Q105565370	6000000202858404845
Q105565371	6000000185394218847
Q105565381	6000000002643625210
Q105565384	6000000188010150838
Q105565385	6000000041716576954
Q105565386	6000000094143684821
Q105565394	6000000080493687829
Q105565395	6000000085238291839
Q105565400	6000000092257383956
Q105565401	6000000140792099826
Q105565404	6000000008250129839
Q105565415	6000000022966550122
Q105565418	6000000102667051114
Q105565426	6000000183546899851
Q105565428	6000000017685567664
Q105565430	6000000069580155916
Q105565435	6000000034603621338
Q105565442	6000000096075020122
Q105565443	6000000136578506865
Q105565445	6000000034603262772
Q105565448	6000000166029837865
Q105565449	6000000073304674507
Q105565452	6000000019197641187
Q105565454	6000000024489211947
Q105565465	6000000080174897430
Q105565466	6000000024386939848
Q105565467	6000000018228230477
Q105565469	6000000057587155875
Q105565470	6000000040569450955
Q105565471	6000000063438465847
Q105565472	6000000207363226851
Q105565477	6000000121095933933
Q105565478	6000000014641560830
Q105565484	6000000121094997044
Q105565496	6000000072462091004
Q105565497	6000000019197384651
Q105565499	6000000028417688076
Q105565500	6000000019497254009
Q105565503	6000000014782095045
Q105565508	6000000021758277189
Q105565509	6000000042613957207
Q105565512	6000000008273150000
Q105565513	6000000038935135863
Q105565524	6000000105044428845
Q105565534	6000000021757872409
Q105565535	6000000178416969844
Q105565537	6000000058116847984
Q105565540	6000000075885128838
Q105565541	6000000105857341843
Q105565545	6000000141139113824
Q105565549	6000000080492175918
Q105565553	6000000105044128924
Q105565569	6000000020109155152
Q105565571	6000000018228938535
Q105565572	6000000096074830196
Q105565576	6000000085252395852
Q105565579	6000000078208101532
Q105565586	6000000042613818097
Q105565587	6000000081277475021
Q105565590	6000000063437347353
Q105565591	6000000017685899202
Q105565595	6000000034603681256
Q105565596	6000000020233210782
Q105565608	6000000086171191559
Q105565611	6000000086173087881
Q105565615	6000000084173241226
Q105565616	6000000024488298279
Q105565617	6000000121095228026
Q105565618	6000000039683270856
Q105565619	6000000122738017955
Q105565620	6000000008249994133
Q105565622	6000000096074884259
Q105565635	6000000121828669882
Q105565642	6000000075568590219
Q105565643	6000000085568852888
Q105565645	6000000205406686828
Q105565647	6000000096079081876
Q105565653	6000000056485922481
Q105565654	6000000075568308927
Q105565659	6000000056486724003
Q105565661	6000000082682391864
Q105565681	6000000022833392431
Q105565683	6000000152320710824
Q105565685	6000000072091419012
Q105565686	6000000022939645847
Q105565688	6000000022939645851
Q105565691	6000000072200531854
Q105565693	6000000076831638160
Q105565695	6000000014661854470
Q105565696	6000000017242019208
Q105565697	6000000020340547582
Q105565698	6000000072092941557
Q105565700	6000000008969877241
Q105565702	6000000022939570917
Q105565703	6000000072093270030
Q105565704	6000000072233629473
Q105565705	6000000008969876232
Q105565706	6000000072200872888
Q105565707	6000000072092736606
Q105565710	6000000152319111936
Q105565711	6000000022939570913
Q105565712	6000000023729457783
Q105565713	6000000023730206282
Q105565714	6000000010549251860
Q105565715	6000000121016112855
Q105565718	6000000019382200779
Q105565720	6000000010550318566
Q105565722	6000000026417302928
Q105565725	6000000023112351963
Q105565729	6000000023730202315
Q105565730	6000000010548147854
Q105565731	6000000067351402897
Q105565733	6000000023112228500
Q105565735	6000000023730027793
Q105565736	6000000019381667578
Q105565737	6000000023730479984
Q105565740	6000000068667948835
Q105565741	6000000023112211383
Q105565744	6000000023112154336
Q105565749	6000000192916022822
Q105565750	6000000074568024066
Q105565753	6000000192915246866
Q105565762	6000000203303556834
Q105565764	6000000199024098822
Q105565766	6000000014208464346
Q105565767	6000000077107741862
Q105565768	6000000199023701866
Q105565769	6000000002765687512
Q105565770	6000000025023464829
Q105565771	6000000025129666125
Q105565772	6000000028560923031
Q105565773	6000000192840332828
Q105565775	6000000115980478868
Q105565778	6000000014913441317
Q105565780	6000000079935329985
Q105565782	6000000024052677643
Q105565785	6000000045908326405
Q105565786	6000000203161752837
Q105565789	6000000019255031001
Q105565790	6000000021065177872
Q105565791	6000000016708122098
Q105565792	6000000115982705860
Q105565795	6000000021986940403
Q105565796	6000000075297424990
Q105565799	6000000068492634218
Q105565800	6000000022175426673
Q105565804	6000000085978802880
Q105565805	6000000025126528493
Q105565808	6000000041028890901
Q105565810	6000000046366323978
Q105565811	6000000041028884204
Q105565815	6000000025127230821
Q105565816	6000000026449888157
Q105565817	6000000025806569374
Q105565819	6000000201075945827
Q105565821	6000000021065126903
Q105565822	6000000073044462889
Q105565824	6000000011571785675
Q105565825	6000000115980560821
Q105565829	6000000031378417822
Q105565832	6000000083162754735
Q105565836	6000000027069336999
Q105565838	6000000007306267816
Q105565841	6000000201075063870
Q105565842	6000000031377612218
Q105565845	6000000190002604888
Q105565848	6000000083163497931
Q105565849	6000000011571600175
Q105565855	6000000014913391189
Q105565859	6000000015254009466
Q105565860	6000000085978227032
Q105565862	6000000115981008831
Q105565867	6000000083163270211
Q105565869	6000000031378022838
Q105565873	6000000115982203880
Q105565874	6000000019595635308
Q105565877	6000000021036701774
Q105565880	6000000175093757844
Q105565881	6000000045908443015
Q105565882	6000000072091287224
Q105565891	6000000074784063840
Q105565893	6000000051209021571
Q105565894	6000000026449589350
Q105565895	6000000042939760022
Q105565896	6000000201075498832
Q105565902	6000000050287479326
Q105565904	6000000139644084147
Q105565906	6000000025805788609
Q105565909	6000000024247399718
Q105565914	6000000136284091954
Q105565919	6000000136284028864
Q105565920	6000000039703803989
Q105565921	6000000060117842843
Q105565922	6000000077106622752
Q105565923	6000000038976866043
Q105565924	6000000038976997842
Q105565933	6000000202434868845
Q105565934	6000000083100164026
Q105565935	6000000083100140474
Q105565936	6000000083099588026
Q105565939	6000000041127085746
Q105565945	6000000023896967121
Q105565946	6000000017340453208
Q105565947	6000000181240697870
Q105565949	6000000045763152956
Q105565951	6000000052058995011
Q105565953	6000000045762530227
Q105565961	6000000036722777150
Q105565966	6000000010375412089
Q105565967	6000000019846402381
Q105565971	6000000081598635067
Q105565973	6000000019846903768
Q105565974	6000000036722790149
Q105565975	6000000019847170443
Q105565977	6000000019846948629
Q105565978	6000000179853447833
Q105565980	6000000026384245352
Q105565981	6000000046086494952
Q105565982	6000000036121375628
Q105565983	6000000036121428516
Q105565984	6000000020907899499
Q105565986	6000000179852320946
Q105565991	6000000085514652844
Q105565993	6000000017470520096
Q105565996	6000000017470273268
Q105565997	6000000048844026839
Q105565998	6000000017469349923
Q105566000	6000000036820867851
Q105566002	6000000017470299301
Q105566005	6000000017470187160
Q105566012	6000000076548043849
Q105566013	6000000002834512148
Q105566017	6000000039301490376
Q105566019	6000000017612274224
Q105566022	6000000027502781511
Q105566023	6000000179992987821
Q105566024	6000000020235466780
Q105566025	6000000027502871218
Q105566027	6000000024581158695
Q105566028	6000000018625696394
Q105566029	6000000023449890114
Q105566030	6000000024581348349
Q105566031	6000000023448223754
Q105566034	6000000216675044830
Q105566035	6000000066664003903
Q105566036	6000000065392873821
Q105566040	6000000089227490940
Q105566044	6000000023900364455
Q105566049	6000000141014027928
Q105566050	6000000020909612562
Q105566051	6000000013279513531
Q105566052	6000000023900057779
Q105566053	6000000020884194601
Q105566055	6000000023900389419
Q105566057	6000000070992500193
Q105566058	6000000070992727998
Q105566060	6000000028606385747
Q105566063	6000000172600221673
Q105566064	6000000025022882262
Q105566065	6000000033901352291
Q105566066	6000000028630700066
Q105566067	6000000028564654798
Q105566069	6000000028644193937
Q105566070	6000000028974224900
Q105566071	6000000028607042035
Q105566072	6000000018435839490
Q105566074	6000000028792474897
Q105566075	6000000028606977908
Q105566076	6000000028727556687
Q105566078	6000000028975365936
Q105566079	6000000028792431952
Q105566082	6000000028582747445
Q105566084	6000000028951479834
Q105566085	6000000028606872002
Q105566086	6000000028629203335
Q105566087	6000000028934019170
Q105566090	6000000179991732892
Q105566091	6000000179993175821
Q105566092	6000000179993053843
Q105566093	6000000109046645113
Q105566094	6000000014209326952
Q105566095	6000000109046882903
Q105566098	6000000020770759068
Q105566103	6000000057936564831
Q105566108	6000000037111575236
Q105566109	6000000037111627249
Q105566110	6000000014122124820
Q105566112	6000000028689879981
Q105566113	6000000082070397884
Q105566114	6000000202927531840
Q105566117	6000000041683224376
Q105566118	6000000022600772382
Q105566122	6000000079313887065
Q105566133	6000000024170890254
Q105566135	6000000184155148837
Q105566138	6000000015815166970
Q105566139	6000000051380292233
Q105566141	6000000040606002343
Q105566142	6000000059509964168
Q105566144	6000000019204753182
Q105566145	6000000027469533228
Q105566147	6000000018379986269
Q105566148	6000000077524886911
Q105566149	6000000024170626386
Q105566151	6000000079013570843
Q105566152	6000000070322118386
Q105566153	6000000070321581229
Q105566155	6000000015815294496
Q105566157	6000000067497504839
Q105566158	6000000015815315426
Q105566160	6000000086079861171
Q105566161	6000000081335675985
Q105566162	6000000018743095572
Q105566163	6000000077545823261
Q105566164	6000000025688789822
Q105566165	6000000020075051043
Q105566166	6000000026522304613
Q105566167	6000000077741986218
Q105566168	6000000076888151422
Q105566170	6000000081166484821
Q105566174	6000000043326902190
Q105566176	6000000086286930942
Q105566177	6000000077765408092
Q105566179	6000000003538571090
Q105566181	6000000041804636779
Q105566182	6000000003538578962
Q105566184	6000000077545784062
Q105566186	6000000051086936054
Q105566188	6000000053756670900
Q105566190	6000000057289941845
Q105566191	6000000086287295882
Q105566192	6000000031539261821
Q105566193	6000000102823389946
Q105566195	6000000049241354875
Q105566198	6000000085667738844
Q105566199	6000000084644234194
Q105566201	6000000102327655002
Q105566202	6000000076474978821
Q105566205	6000000019151074031
Q105566206	6000000042920161082
Q105566207	6000000085630966885
Q105566208	6000000080137753951
Q105566210	6000000020075688404
Q105566211	6000000042919753789
Q105566212	6000000057127951864
Q105566213	6000000057287939573
Q105566214	6000000036322763849
Q105566215	6000000077765161011
Q105566217	6000000077543823179
Q105566218	6000000074290311244
Q105566220	6000000043162026200
Q105566222	6000000012430089424
Q105566223	6000000077543980226
Q105566224	6000000026188374867
Q105566225	6000000086286892983
Q105566226	6000000081180355939
Q105566227	6000000026665237859
Q105566229	6000000183262760839
Q105566232	6000000082575501822
Q105566233	6000000082576492113
Q105566241	6000000190120866831
Q105566246	6000000032822916728
Q105566247	6000000032801225833
Q105566248	6000000209528102827
Q105566249	6000000032823421160
Q105566250	6000000032431876962
Q105566251	6000000030850862064
Q105566254	6000000032676176395
Q105566256	6000000119052059853
Q105566257	6000000191915459877
Q105566258	6000000153591283915
Q105566259	6000000167366597833
Q105566261	6000000017202562874
Q105566262	6000000208248157884
Q105566263	6000000030850699107
Q105566265	6000000119058785821
Q105566267	6000000208248298918
Q105566268	6000000032822785645
Q105566269	6000000119052924831
Q105566270	6000000013194152181
Q105566273	6000000032823165169
Q105566274	6000000208248550858
Q105566275	6000000119057824832
Q105566276	6000000122740253087
Q105566277	6000000015412098093
Q105566278	6000000016634479633
Q105566279	6000000080185309331
Q105566280	6000000032800807487
Q105566281	6000000015411955613
Q105566282	6000000191915956836
Q105566283	6000000032676216145
Q105566284	6000000016634165926
Q105566286	6000000077478695858
Q105566287	6000000048802767054
Q105566290	6000000032823166364
Q105566291	6000000119058152865
Q105566292	6000000015411925942
Q105566293	6000000032535354984
Q105566298	6000000032823502060
Q105566299	6000000032428531018
Q105566303	6000000195877010828
Q105566305	6000000032676263228
Q105566307	6000000032823174564
Q105566309	6000000032397909928
Q105566311	6000000119050675005
Q105566316	6000000032432162902
Q105566319	6000000208248520858
Q105566323	6000000019871067209
Q105566324	6000000035525633492
Q105566328	6000000035525552311
Q105566329	6000000044847279384
Q105566332	6000000038800738187
Q105566336	6000000001490173214
Q105566338	6000000001490237001
Q105566340	6000000180023743878
Q105566346	6000000173098189141
Q105566356	6000000173101170114
Q105566358	6000000014122148255
Q105566384	6000000019060377078
Q105566392	6000000040666627879
Q105566393	6000000040665232404
Q105566398	6000000008402963378
Q105566406	6000000042014924450
Q105566408	6000000042015034119
Q105566411	6000000171682286998
Q105566413	6000000026506342525
Q105566422	6000000026393224282
Q105566423	6000000035512717132
Q105566424	6000000044276515396
Q105566425	6000000083171861130
Q105566426	6000000020627195232
Q105566427	6000000087761068958
Q105566428	6000000130779012024
Q105566429	6000000087760035292
Q105566430	6000000087761203923
Q105566437	6000000085633779893
Q105566439	6000000057977589821
Q105566443	6000000091326788005
Q105566444	6000000024599801887
Q105566445	6000000036691864854
Q105566446	6000000194397734825
Q105566448	6000000055445603827
Q105566451	6000000035021316014
Q105566453	6000000113879273973
Q105566454	6000000020650086967
Q105566458	6000000037967010956
Q105566461	6000000090821595866
Q105566467	6000000012849292240
Q105566472	6000000122003195068
Q105566473	6000000020988777156
Q105566477	6000000019126330235
Q105566479	6000000019160012161
Q105566484	6000000040517136970
Q105566485	6000000080854491851
Q1055665	6000000016252948815
Q105566507	6000000013134687084
Q105566509	6000000040819092403
Q105566511	6000000019158193795
Q105566512	6000000062458683228
Q105566518	6000000085640890894
Q105566520	6000000120160142821
Q105566522	6000000086067304896
Q105566523	6000000181443693822
Q105566525	6000000184171783855
Q105566531	6000000085573769862
Q105566547	6000000021111984715
Q105566549	6000000216575129839
Q105566551	6000000075859680294
Q105566564	6000000115325767143
Q105566575	6000000115326632017
Q105566577	6000000032193888225
Q105566595	6000000072318664259
Q105566597	6000000058171455905
Q105566600	6000000077444794964
Q105566604	6000000072981138287
Q105566605	6000000077755185211
Q105566607	6000000016628734100
Q105566609	6000000085633618918
Q105566610	6000000039642721288
Q105566612	6000000030594588830
Q105566620	6000000108702939920
Q105566624	6000000043227861585
Q105566632	6000000109968172821
Q105566636	6000000080844303963
Q105566637	6000000019124328385
Q105566639	6000000017576579664
Q105566643	6000000085621461143
Q105566646	6000000013134877590
Q105566648	6000000032628032402
Q105566650	6000000080851343859
Q105566652	6000000085641389833
Q105566663	6000000078034841611
Q105566667	6000000070751368885
Q105566674	6000000057592782366
Q105566678	6000000190450514826
Q105566680	6000000180041032821
Q105566688	6000000024195604147
Q105566691	6000000080412882951
Q105566698	6000000085572634845
Q105566704	6000000085849672964
Q105566706	6000000212746366835
Q105566712	6000000199499409832
Q105566715	6000000022700691901
Q105566719	6000000182598214821
Q105566721	6000000093600557821
Q105566723	6000000143579038825
Q105566735	2315275
Q105566750	6000000180024904868
Q105566752	6000000014972065303
Q105566770	6000000105354389871
Q105566775	6000000032193593761
Q105566778	6000000085579468870
Q105566782	6000000083573629164
Q105566784	6000000052165805897
Q105566786	6000000091685229870
Q105566789	6000000077755894870
Q105566794	6000000181442077827
Q105566799	6000000072988556897
Q105566803	6000000040818715384
Q105566808	6000000082671743124
Q105566814	6000000181995414823
Q105566825	6000000067423856861
Q105566849	6000000165224717823
Q105566852	6000000080854742910
Q105566853	6000000085633878979
Q105566861	6000000089754400009
Q105566863	6000000070751462000
Q105566866	6000000040822235865
Q105566869	6000000075852745972
Q105566871	6000000040817117786
Q105566877	6000000121999897881
Q105566879	6000000004667017790
Q105566881	6000000043228482984
Q105566882	6000000020790105827
Q105566886	6000000084177357514
Q105566887	6000000051127142821
Q105566889	6000000035996805399
Q105566891	6000000164498096876
Q105566893	6000000085635060903
Q105566895	6000000019415438317
Q105566904	6000000075852828075
Q105566908	6000000082021765323
Q105566919	6000000021617269626
Q105566925	6000000029191906993
Q105566927	6000000092947142907
Q105566930	6000000026589805203
Q105566937	6000000080851162887
Q105566947	6000000090967563275
Q105566949	6000000007316912164
Q105566960	6000000076935092906
Q105566962	6000000019158382616
Q105566965	6000000018845518138
Q105566967	6000000076607811449
Q105566969	6000000177319906821
Q105566971	6000000092901515035
Q105566973	6000000077755509293
Q105566976	6000000077115887935
Q105566980	6000000195213329824
Q105566991	6000000075954613153
Q105566993	6000000200876169870
Q105566995	6000000085576754897
Q105566998	6000000040466758581
Q105566999	6000000040820141051
Q105567008	6000000077755674927
Q105567009	6000000141573263723
Q105567013	6000000182846253896
Q105567015	6000000177319340842
Q105567022	6000000076799272578
Q105567024	6000000025097133208
Q105567030	6000000049077593937
Q105567033	6000000085579406929
Q105567035	6000000085573084098
Q105567041	6000000080844527968
Q105567046	6000000051084678828
Q105567054	6000000185124362826
Q105567055	6000000040797616194
Q105567057	6000000075953978084
Q105567062	6000000075852869985
Q105567066	6000000128700544855
Q105567069	6000000025050467069
Q105567074	6000000207483350821
Q105567092	6000000028312508500
Q105567112	6000000084543690942
Q105567115	6000000208556026833
Q105567119	6000000069155838821
Q105567122	6000000076919949100
Q105567123	6000000076799158895
Q105567128	6000000115328194881
Q105567130	6000000164659269277
Q105567138	6000000080413242860
Q105567145	6000000122775132821
Q105567156	6000000075860391085
Q105567164	6000000182599694827
Q105567166	6000000036545864109
Q105567180	6000000057978132886
Q105567181	6000000022796630903
Q105567192	6000000085633242070
Q1055672	6000000058216492063
Q105567201	6000000025916152843
Q105567204	6000000195213515845
Q105567210	6000000056638114944
Q105567214	6000000015116713116
Q105567216	6000000005381169076
Q105567219	6000000092843502851
Q105567221	6000000091683808694
Q105567233	6000000019160122108
Q105567236	6000000096973747821
Q105567238	6000000010193083447
Q105567239	6000000039886324942
Q105567241	6000000039988633915
Q105567243	6000000184171761834
Q105567245	6000000056461787308
Q105567249	6000000072988140939
Q105567257	6000000115328407854
Q105567271	6000000126091031908
Q105567272	6000000024472917608
Q105567275	6000000077115405037
Q105567284	6000000181715980821
Q105567291	6000000019415388305
Q105567293	6000000026589805208
Q105567295	6000000007288307179
Q105567313	6000000136928776897
Q105567315	6000000137238722821
Q105567318	6000000188777540932
Q105567327	6000000080844926924
Q105567330	6000000085572723851
Q105567335	6000000199507230855
Q105567336	6000000040821021841
Q105567338	6000000216648580829
Q105567340	6000000085573545844
Q105567341	6000000081670671846
Q105567346	6000000092304404834
Q105567348	6000000023507580976
Q105567349	6000000079941238361
Q105567351	6000000021077067486
Q105567352	6000000091680119835
Q105567354	6000000180397635932
Q105567356	6000000039062996134
Q105567357	6000000091994358821
Q105567359	6000000198395058853
Q105567360	6000000039965062400
Q105567364	6000000014839509674
Q105567366	6000000164659795138
Q105567372	6000000166811425839
Q105567373	6000000109715392911
Q105567375	6000000080855463840
Q105567376	6000000080845972829
Q105567378	6000000092932024914
Q105567382	6000000076607602490
Q105567384	6000000036710398821
Q105567397	6000000080848479861
Q105567403	6000000175596526831
Q105567405	6000000039063285859
Q105567408	6000000077494428322
Q105567410	6000000109713897300
Q105567412	6000000199271819824
Q105567415	6000000025721255694
Q105567417	6000000071735275066
Q105567424	6000000136928024025
Q105567428	6000000075954778990
Q105567430	6000000080848198859
Q105567434	6000000085573727836
Q105567435	6000000019160077220
Q105567437	6000000067424838848
Q105567444	6000000076934778831
Q105567447	6000000198932277974
Q105567449	6000000057602168953
Q105567450	6000000012579357553
Q105567454	6000000085576620922
Q105567456	6000000048802495029
Q105567460	6000000089754399914
Q105567463	6000000092909572888
Q105567466	6000000075954512109
Q105567468	6000000076617672837
Q105567470	6000000080847695197
Q105567477	6000000019779322149
Q105567480	6000000028206215568
Q105567493	6000000078253320968
Q105567497	6000000078252990058
Q105567508	6000000069282683961
Q105567514	6000000078252996095
Q105567516	6000000069281572401
Q105567517	6000000041031887835
Q105567520	6000000194851160867
Q105567524	6000000069432602507
Q105567525	6000000035735507826
Q105567527	6000000069434780050
Q105567528	6000000029781777379
Q105567533	6000000172501698931
Q105567535	6000000178432286833
Q105567538	6000000110083975850
Q105567541	6000000181143964841
Q105567543	6000000110217595836
Q105567544	6000000181143782855
Q105567546	6000000178431711864
Q105567547	6000000172500887035
Q105567549	6000000110084533830
Q105567554	6000000157845085834
Q105567556	6000000185371267929
Q105567559	6000000178432166838
Q105567560	6000000009441243894
Q105567564	6000000009440522800
Q105567565	6000000171541570870
Q105567567	6000000181260366859
Q105567571	6000000081510644054
Q105567573	6000000034979372851
Q105567575	6000000022850179967
Q105567579	6000000027646644219
Q105567581	6000000022766280150
Q105567582	6000000041539786540
Q105567584	6000000022849977245
Q105567585	6000000034981756430
Q105567590	6000000034982224841
Q105567591	6000000034978874308
Q105567593	6000000070627990147
Q105567594	6000000002599267283
Q105567596	6000000018063990656
Q105567598	6000000018064487084
Q105567599	6000000092573006951
Q105567602	6000000092573418899
Q105567604	6000000092573172857
Q105567608	6000000002599216331
Q105567612	6000000082946539316
Q105567617	6000000008250929773
Q105567622	6000000184178744867
Q105567629	6000000008251214343
Q105567631	6000000021328058714
Q105567633	6000000082947336864
Q105567637	6000000008251274244
Q105567639	6000000188746802879
Q105567647	6000000048153260333
Q105567662	6000000076031658235
Q105567664	6000000042236998862
Q105567668	6000000178210579835
Q105567676	6000000039939401867
Q105567680	6000000024501430718
Q105567682	6000000014416280168
Q105567689	6000000024501391654
Q105567696	6000000015475947864
Q105567697	6000000068435673821
Q105567706	6000000181229539903
Q105567710	6000000014416058637
Q105567712	6000000181230110847
Q105567715	6000000068435532825
Q105567722	6000000024501633546
Q105567724	6000000023300032314
Q105567735	6000000178463997825
Q105567747	6000000035607781854
Q105567758	6000000009626534277
Q105567760	6000000037950096287
Q105567761	6000000009514141936
Q105567765	6000000017824927479
Q105567772	6000000078245230371
Q105567773	6000000000357101437
Q105567775	6000000037949898540
Q105567776	6000000009514525803
Q105567778	6000000009514503868
Q105567783	6000000069813050854
Q105567795	6000000078125181084
Q105567798	6000000078124888141
Q105567814	6000000019896084218
Q105567816	6000000104907109854
Q105567818	6000000104906944849
Q105567821	6000000124005233836
Q105567826	6000000015333934130
Q105567828	6000000002215778010
Q105567829	6000000014824902172
Q105567831	6000000129290222046
Q105567833	6000000111242399857
Q105567844	6000000023851987022
Q105567846	6000000014209498689
Q105567848	6000000129290565084
Q105567849	6000000018163051420
Q105567851	6000000129294319874
Q105567858	6000000199960321870
Q105567860	6000000028731791860
Q105567862	6000000027738680105
Q105567863	6000000017876609878
Q105567867	6000000003000742720
Q105567868	6000000028744731464
Q105567870	6000000026518594912
Q105567872	6000000018163034251
Q105567874	6000000071117629231
Q105567877	6000000028750318919
Q105567879	6000000028745406110
Q105567883	6000000053248419821
Q105567885	6000000016410171034
Q105567886	6000000042308507849
Q105567888	6000000002206682171
Q105567907	6000000009034386722
Q105567916	6000000020428159328
Q105567920	6000000216750367821
Q105567922	6000000216750427826
Q105567931	6000000051738058893
Q105567933	6000000174022605907
Q105567935	6000000216749690859
Q105567938	6000000047327985980
Q105567944	6000000042325065275
Q105567951	6000000055745847860
Q105567969	6000000040699608110
Q105567976	6000000043364139375
Q105567990	6000000023171478233
Q105568008	6000000139670172934
Q105568020	6000000046461666873
Q105568036	6000000021036152984
Q105568048	6000000139671038836
Q105568051	6000000203194517861
Q105568068	6000000139667392987
Q105568071	6000000021035892398
Q105568078	6000000040309178010
Q105568085	6000000046461705898
Q105568095	6000000007755852881
Q105568099	6000000041857158958
Q105568101	6000000046461494972
Q105568104	6000000067136784903
Q105568113	6000000017916328263
Q105568125	6000000013333197871
Q105568142	6000000207574521821
Q105568148	6000000020838042436
Q105568149	6000000207572468868
Q105568154	6000000016578089499
Q105568158	6000000026454367399
Q105568159	6000000026452575729
Q105568163	6000000030427552768
Q105568165	6000000020340546127
Q105568167	6000000023896992043
Q105568171	6000000026454728249
Q105568177	6000000030427983548
Q105568179	6000000042491863826
Q105568182	6000000126201529989
Q105568184	6000000075557618265
Q105568190	6000000171554357218
Q105568202	6000000019369963112
Q105568204	6000000075558240821
Q105568207	6000000088082877851
Q105568208	6000000075558933833
Q105568210	6000000075558596121
Q105568212	6000000171590113818
Q105568213	6000000171609183881
Q105568214	6000000047128859821
Q105568217	6000000000261085019
Q105568218	6000000047266237927
Q105568221	6000000000261030149
Q105568231	6000000047261681440
Q105568234	6000000072511547155
Q105568241	6000000088082967920
Q105568244	6000000171609279821
Q105568250	6000000061133118829
Q105568252	6000000077221689850
Q105568258	6000000034129239242
Q105568271	6000000069310931372
Q105568277	6000000052686584956
Q105568279	6000000015105349597
Q105568285	6000000015105349605
Q105568287	6000000015105349602
Q105568292	6000000147238130073
Q105568295	6000000037189808505
Q105568322	6000000076333802063
Q105568325	6000000054094884988
Q105568336	6000000017885717312
Q105568341	6000000042124415941
Q105568348	6000000076335083980
Q105568350	6000000076397088935
Q105568354	6000000034579442937
Q105568356	6000000084405248881
Q105568362	6000000034670175590
Q105568365	6000000017885559906
Q105568367	6000000084405445890
Q105568370	6000000018453042804
Q105568375	6000000076403239945
Q105568377	6000000081366984334
Q105568380	6000000081367587932
Q105568382	6000000084416807909
Q105568388	6000000076401403205
Q105568390	6000000034579531034
Q105568395	6000000056829886874
Q105568396	6000000113647206897
Q105568398	6000000076397126991
Q105568400	6000000058046324044
Q105568402	6000000076403170119
Q105568404	6000000076390695293
Q105568407	6000000040468022099
Q105568417	6000000017535846230
Q105568419	6000000113633127829
Q105568424	6000000105031580890
Q105568429	6000000084405789343
Q105568432	6000000105052332907
Q105568437	6000000034578025301
Q105568442	6000000032452120825
Q105568445	6000000077354736843
Q105568452	6000000019300328713
Q105568460	6000000018424924676
Q105568468	6000000052315971984
Q105568476	6000000036602618422
Q105568479	6000000077366219332
Q105568488	6000000043471589953
Q105568505	6000000018714209724
Q105568507	6000000077365260948
Q105568519	6000000036773207001
Q105568521	6000000036791786995
Q105568522	6000000036772424361
Q105568528	6000000036792207841
Q105568536	6000000076296798097
Q105568538	6000000037094405973
Q105568542	6000000017813973873
Q105568543	6000000036772432487
Q105568546	6000000036833823709
Q105568553	6000000036772474472
Q105568554	6000000036773296851
Q105568557	6000000036772710547
Q105568560	6000000033707624851
Q105568561	6000000072648631891
Q105568563	6000000037347512268
Q105568569	6000000014652466143
Q105568572	6000000171666785959
Q105568575	6000000009764656749
Q105568577	6000000014146169165
Q105568580	6000000089292254391
Q105568581	6000000031758340301
Q105568583	6000000047281581233
Q105568584	6000000190136800854
Q105568586	6000000194395067839
Q105568591	6000000075334175840
Q105568593	6000000017291264368
Q105568597	6000000075333438202
Q105568604	6000000194405897876
Q105568612	6000000194393395844
Q105568615	6000000002938452015
Q105568624	6000000023174644971
Q105568628	6000000007316917509
Q105568631	6000000018647368088
Q105568634	6000000101463215821
Q105568638	6000000083145535834
Q105568640	6000000000338970118
Q105568648	6000000019857554630
Q105568649	6000000048614019120
Q105568659	6000000024279400509
Q105568662	6000000036831094091
Q105568665	6000000045746147960
Q105568670	6000000055955087828
Q105568672	6000000101462971897
Q105568675	6000000112362951905
Q105568680	6000000021025972320
Q105568683	6000000014350721351
Q105568693	6000000171293840983
Q105568695	6000000020383377433
Q105568697	6000000053202298821
Q105568698	6000000027857231194
Q105568702	6000000033868563229
Q105568713	6000000045739562870
Q105568722	6000000049743688845
Q105568727	6000000025791452823
Q105568729	6000000045749584960
Q105568731	6000000024279620219
Q105568737	6000000007316929533
Q105568744	6000000045749475940
Q105568746	6000000052067867115
Q105568750	6000000113516703058
Q105568753	6000000129569746843
Q105568754	6000000034617854833
Q105568760	6000000129569203007
Q105568762	6000000083146213306
Q105568765	6000000000338970102
Q105568767	6000000055977473821
Q105568771	6000000077392459834
Q105568775	6000000053202244915
Q105568782	6000000034434452411
Q105568785	6000000019857745274
Q105568788	6000000021160555505
Q105568795	6000000019857671650
Q105568797	6000000047898595060
Q105568802	6000000033868464355
Q105568808	6000000024279665525
Q105568815	6000000021303022545
Q105568817	6000000091845112238
Q105568830	6000000004565589478
Q105568832	6000000086457167951
Q105568838	6000000086455563539
Q105568840	6000000086456318843
Q105568842	6000000045959741445
Q105568846	6000000062445370823
Q105568848	6000000036207783743
Q105568850	6000000054658404828
Q105568853	6000000016592079002
Q105568858	6000000014785720131
Q105568861	6000000054658027931
Q105568869	6000000007495910785
Q105568871	6000000016591513934
Q105568887	6000000017497703042
Q105568890	6000000081463292827
Q105568892	6000000050136166888
Q105568896	6000000113774379951
Q105568904	6000000043850984849
Q105568919	6000000168142588999
Q105568923	6000000021963967496
Q105568928	6000000109506365058
Q105568930	6000000089312406990
Q105568932	6000000044158603238
Q105568934	6000000149819106828
Q105568935	6000000168353171871
Q105568937	6000000109507003865
Q105568951	6000000044158918019
Q105568953	6000000216786082821
Q105568955	6000000084419662901
Q105568957	6000000084419865838
Q105568959	6000000021966138077
Q105568965	6000000109754681103
Q105568967	6000000084419823237
Q105568970	6000000084420124966
Q105568975	6000000034326397521
Q105568982	6000000070762262285
Q105568986	6000000009289319398
Q105568990	6000000021961978291
Q105568991	6000000109755426932
Q105568995	6000000021964991783
Q105568997	6000000052690348118
Q105568999	6000000022420564220
Q105569001	6000000084420172075
Q105569004	6000000084419652580
Q105569006	6000000044158716212
Q105569008	6000000021961108659
Q105569011	6000000019164093154
Q105569016	6000000116864123821
Q105569019	6000000127061746003
Q105569021	6000000069580130961
Q105569023	6000000019639429992
Q105569025	6000000147239144918
Q105569029	6000000028324506726
Q105569033	6000000018403750136
Q105569039	6000000022155176413
Q105569045	6000000122332482821
Q105569047	6000000166184515879
Q105569048	6000000016935271764
Q105569058	6000000195310093843
Q105569067	6000000104862901098
Q105569068	6000000192815030891
Q105569069	6000000025657154274
Q105569071	6000000104895341846
Q105569072	6000000010011635998
Q105569083	6000000050944138992
Q105569085	6000000019055738825
Q105569088	6000000019058148457
Q105569092	6000000013322729926
Q105569094	6000000035133230201
Q105569100	6000000070385425881
Q105569104	6000000010011808524
Q105569105	6000000035133351245
Q105569107	6000000058343257859
Q105569108	6000000075334477877
Q105569112	6000000192815553842
Q105569114	6000000070385463865
Q105569116	6000000104868339070
Q105569117	6000000104894641074
Q105569119	6000000104882682217
Q105569121	6000000075128834947
Q105569124	6000000104861641280
Q105569129	6000000015585146798
Q105569130	6000000053581701981
Q105569133	6000000058342784042
Q105569137	6000000025355174269
Q105569139	6000000192815703825
Q105569141	6000000019055792916
Q105569143	6000000050944487848
Q105569146	6000000088851301859
Q105569149	6000000197529941862
Q105569157	6000000080723408833
Q105569164	6000000190138328821
Q105569165	6000000103405300909
Q105569167	6000000048153992108
Q105569171	6000000048154451828
Q105569175	6000000076046532741
Q105569177	6000000117383714842
Q105569178	6000000011421307530
Q105569181	6000000117381894825
Q105569182	6000000058117591589
Q105569185	6000000122028875821
Q105569462	6000000008192420298
Q105569626	6000000001941422992
Q10556982	6000000037090212928
Q10556986	6000000139388764299
Q105570197	6000000117379606434
Q105570202	6000000186791810892
Q105570205	6000000036941513399
Q105570211	6000000025297768931
Q105570220	6000000186791881881
Q105570226	6000000156524262055
Q105570228	6000000025297775387
Q105570232	6000000117381813832
Q105570237	6000000193895215821
Q105570240	6000000117383102999
Q105570242	6000000075237081864
Q105570244	6000000036945874687
Q105570247	6000000087011372036
Q105570250	6000000193895452845
Q105570252	6000000001490270237
Q105570254	6000000122027442940
Q105570255	6000000002802259351
Q105570257	6000000073400682969
Q105570258	6000000073400547949
Q105570260	6000000007637568546
Q105570263	6000000176309910859
Q105570269	6000000082777968079
Q105570271	6000000073163458821
Q105570276	6000000093956815821
Q105570290	6000000072090869584
Q105570293	6000000050998917920
Q105570296	6000000050797873930
Q105570300	6000000082721186032
Q105570302	6000000019644291368
Q105570305	6000000018615963037
Q105570310	6000000018615837202
Q105570315	6000000018615819499
Q105570317	6000000026065872143
Q105570339	6000000125992028821
Q105570341	6000000026493326983
Q105570345	6000000120554136884
Q105570347	6000000015257861209
Q105570349	6000000015258071464
Q105570356	6000000112814731872
Q105570357	6000000076285551058
Q105570359	6000000076285681072
Q105570361	6000000013753043955
Q105570362	6000000016532787848
Q105570366	6000000022496947180
Q105570367	6000000178365334838
Q105570372	6000000195960862828
Q105570377	6000000022736227300
Q105570382	6000000104799246853
Q105570389	4151596726690056936
Q105570393	6000000015578444983
Q105570395	6000000020107286044
Q105570398	6000000086761281934
Q105570400	6000000075566122875
Q105570402	6000000044428959206
Q105570404	6000000023782854792
Q105570410	6000000103391411943
Q105570415	6000000044342600408
Q105570420	6000000018505801895
Q105570421	6000000023783155367
Q105570423	6000000015579363157
Q105570429	6000000023783430960
Q105570431	6000000075564678476
Q105570433	6000000018615618904
Q105570436	6000000023783026535
Q105570440	6000000075565493969
Q105570442	6000000211279912822
Q105570449	6000000075565777144
Q105570454	6000000209003933853
Q105570457	6000000015340258693
Q105570464	6000000020107300013
Q105570467	6000000018615650835
Q105570471	6000000072431922103
Q105570475	6000000014903941786
Q105570480	6000000018615650823
Q105570511	6000000182347150849
Q105570516	6000000021603749085
Q105570520	6000000032590395137
Q105570525	6000000016409984533
Q105570529	6000000016410008634
Q105570532	6000000032625984508
Q105570543	6000000032626041390
Q105570545	6000000016409997507
Q105570549	6000000134545473067
Q105570557	6000000134550430850
Q105570559	6000000002985896693
Q105570563	6000000021124189107
Q105570566	6000000072431332992
Q105570571	6000000208158063824
Q105570643	6000000019243721242
Q105570651	6000000021675275784
Q105570652	6000000105857469850
Q105570664	6000000141014497830
Q105570669	6000000109344311918
Q105570674	6000000038083743840
Q105570684	6000000047264797950
Q105570686	6000000034670821032
Q105570694	6000000034326604316
Q105570696	6000000195295688826
Q10557154	6000000074698758058
Q105571751	6000000008989162750
Q105572039	6000000056012781084
Q105572061	6000000127853908822
Q105572062	6000000127853908826
Q105572066	6000000140721792877
Q105572067	6000000178579783821
Q105572070	6000000077877908758
Q105572072	6000000077879479885
Q105572073	6000000077879066941
Q105572074	6000000133424783892
Q105572076	6000000021953439330
Q105572077	6000000013450995996
Q105572081	6000000177522164841
Q105572083	6000000021065129945
Q105572084	6000000012878881534
Q105572086	6000000018714253457
Q105572088	6000000057770920866
Q105572090	6000000018714001064
Q105572091	6000000082728829364
Q105572093	6000000082727810780
Q105572098	6000000202960742872
Q105572102	6000000179658200839
Q105572104	6000000179658949822
Q105572108	6000000197762911827
Q105572110	6000000179656774865
Q105572113	6000000084347394822
Q105572114	6000000179657967833
Q105572120	6000000084344248633
Q105572121	6000000180776954821
Q105572122	6000000187187526821
Q105572124	6000000179657836832
Q105572129	6000000035133159866
Q105572131	6000000032374134110
Q105572132	6000000084083191928
Q105572135	6000000082597079851
Q105572137	6000000084082804234
Q105572138	6000000084100342803
Q105572140	6000000084101267082
Q105572142	6000000200904977828
Q105572144	6000000084104956865
Q105572148	6000000085203224977
Q105572150	6000000084100632503
Q105572153	6000000082596407127
Q105572156	6000000021193726308
Q105572158	6000000018576177592
Q105572159	6000000002765702734
Q105572165	6000000076921256081
Q105572166	6000000076921173821
Q105572167	6000000004590236006
Q105572169	6000000079633074756
Q105572170	6000000085084467865
Q105572171	6000000026270466137
Q105572172	6000000016592360549
Q105572173	6000000021183973992
Q105572174	6000000014585745607
Q105572175	6000000021183558700
Q105572177	6000000004590231993
Q105572178	6000000037271434686
Q105572180	6000000085083694830
Q105572183	6000000026269351456
Q105572184	6000000079625149709
Q105572188	6000000026269635854
Q105572189	6000000081247055966
Q105572190	6000000021193383157
Q105572193	6000000021193677171
Q105572195	6000000068457997928
Q105572196	6000000021193726423
Q105572197	6000000021193577897
Q105572201	6000000031051014869
Q105572202	6000000025679308045
Q105572204	6000000029990101909
Q105572205	6000000016437326861
Q105572207	6000000111416971826
Q105572208	6000000029988390104
Q105572211	6000000012762481749
Q105572212	6000000013752594677
Q105572213	6000000012737782067
Q105572214	6000000207759028842
Q105572220	6000000200935941823
Q105572224	6000000145891117835
Q105572230	6000000145891468822
Q105572234	6000000009944734896
Q105572235	6000000009945024681
Q105572238	4000322
Q105572239	6000000015581678457
Q105572240	6000000083914985206
Q105572241	6000000025349915695
Q105572244	6000000078244537961
Q105572245	6000000019696975100
Q105572246	6000000066475529861
Q105572247	6000000019696995375
Q105572250	6000000035740400928
Q105572251	6000000091817267921
Q105572252	6000000091817020849
Q105572255	6000000043162535981
Q105572256	6000000046454612155
Q105572257	6000000046454887974
Q105572258	6000000040949920806
Q105572259	6000000014364021894
Q105572262	6000000141568706845
Q105572263	6000000042739437704
Q105572264	6000000023170792037
Q105572269	6000000177717878937
Q105572270	6000000202344073821
Q105572273	6000000202047317839
Q105572278	6000000177720636823
Q105572282	6000000001041388443
Q105572284	6000000001041580492
Q105572285	6000000013886065825
Q105572287	6000000013674513146
Q105572288	6000000010676152448
Q105572292	6000000007014454779
Q105572293	6000000077143863861
Q105572294	6000000077143422541
Q105572295	6000000013674598085
Q105572296	6000000034648377836
Q105572297	6000000011869650930
Q105572308	6000000024363637085
Q105572310	6000000002938247937
Q105572311	6000000020170822799
Q105572312	6000000005623467243
Q105572314	6000000178333904822
Q105572319	6000000014585890146
Q105572322	6000000015623701364
Q105572323	6000000015623697665
Q105572324	6000000042739149321
Q105572325	6000000085081585410
Q105572326	6000000085082289893
Q105572327	6000000085082521939
Q105572330	6000000019776404549
Q105572331	6000000127061058897
Q105572332	6000000024640365840
Q105572333	6000000080569395896
Q105572334	6000000023196984960
Q105572335	6000000021536711262
Q105572336	6000000023197574897
Q105572337	6000000080568908350
Q105572338	6000000035564714027
Q105572339	6000000041190235721
Q105572340	6000000035564721050
Q105572342	6000000021537747152
Q105572343	6000000035563235893
Q105572344	6000000021536688703
Q105572345	6000000035563058080
Q105572347	6000000015433242068
Q105572348	6000000082526709135
Q105572350	6000000019505570032
Q105572355	6000000042087311453
Q105572356	6000000196053163835
Q105572361	6000000042087867675
Q105572362	6000000084132846729
Q105572363	6000000196050917843
Q105572368	6000000019505164374
Q105572374	6000000019505538051
Q105572375	6000000205790590917
Q105572377	6000000086530969031
Q105572381	6000000037244440362
Q105572384	6000000078709399248
Q105572389	6000000086531329893
Q105572390	6000000176725374823
Q105572397	6000000201098368824
Q105572398	6000000042087049587
Q105572399	6000000086530915088
Q105572400	6000000084003859834
Q105572402	6000000042088146309
Q105572404	6000000042088277834
Q105572409	6000000037241084686
Q105572410	6000000137442486827
Q105572411	6000000041842624025
Q105572414	6000000137441736834
Q105572415	6000000027862079388
Q105572416	6000000043509015442
Q105572418	6000000020214009181
Q105572419	6000000026015576103
Q105572421	6000000011739834985
Q105572422	6000000026015460181
Q105572423	6000000030654452974
Q105572424	6000000075007048927
Q105572425	6000000026015036739
Q105572426	6000000030654698911
Q105572435	6000000037067732880
Q105572438	6000000082699912921
Q105572443	6000000081394621227
Q105572444	6000000197734561821
Q105572446	6000000155977706821
Q105572447	6000000081394717874
Q105572449	6000000024713958980
Q105572452	6000000034002856514
Q105572453	6000000149613076845
Q105572454	6000000071153877827
Q105572455	6000000141033730288
Q105572456	6000000195319214909
Q105572457	6000000050981095869
Q105572458	6000000079728123891
Q105572459	6000000034606447737
Q105572460	6000000014492593020
Q105572461	6000000037706421178
Q105572462	6000000156883265917
Q105572463	6000000019938133363
Q105572467	6000000077539446890
Q105572472	6000000000630066914
Q105572475	6000000078032992260
Q105572478	6000000091188982895
Q105572479	6000000035139976198
Q105572481	6000000033868562129
Q105572483	6000000013955351477
Q105572484	6000000018789918398
Q105572485	6000000049031843844
Q105572488	6000000036690664716
Q105572489	6000000023330752962
Q105572490	6000000050963075862
Q105572491	6000000015608855289
Q105572492	6000000086050511857
Q105572495	6000000090507437193
Q105572497	6000000077542277824
Q105572498	6000000076702740856
Q105572499	6000000079404197684
Q105572500	6000000009576673675
Q105572501	6000000047952592410
Q105572503	6000000052494952104
Q105572505	6000000014794281227
Q105572506	6000000049729632843
Q105572508	6000000077428097018
Q105572516	6000000017352967499
Q105572517	6000000021725392351
Q105572519	6000000077794432509
Q105572524	6000000078992978822
Q105572528	6000000051068219824
Q105572529	6000000078052150308
Q105572531	6000000009576618862
Q105572532	6000000030209154943
Q105572533	6000000129571362870
Q105572538	6000000089765319829
Q105572540	6000000073054276948
Q105572541	6000000160265092833
Q105572549	6000000091969600119
Q105572550	6000000036845055629
Q105572554	6000000175632757821
Q105572556	6000000079318048904
Q105572559	6000000104930731999
Q105572562	6000000178378875821
Q105572563	6000000018404059025
Q105572565	6000000021506455941
Q105572566	6000000185745139858
Q105572567	6000000026298406378
Q105572568	6000000214244816827
Q105572570	6000000195203428864
Q105572574	6000000076966310956
Q105572577	6000000019627079014
Q105572579	6000000015607205799
Q105572582	6000000005381169081
Q105572583	6000000097024578022
Q105572585	6000000083274549136
Q105572588	6000000016135818093
Q105572594	6000000171296408889
Q105572603	6000000199862856825
Q105572607	6000000081510202995
Q105572608	6000000019283986336
Q105572609	6000000078953778272
Q105572610	6000000193685551837
Q105572612	6000000065595203875
Q105572613	6000000156920073852
Q105572614	6000000084581609988
Q105572615	6000000017128629575
Q105572616	6000000087415888014
Q105572618	6000000018407692190
Q105572621	6000000083447627983
Q105572624	6000000077285118196
Q105572627	6000000024142982120
Q105572628	6000000042325957994
Q105572629	6000000078586063664
Q105572635	6000000073030316821
Q105572636	6000000065592436040
Q105572639	6000000057179127962
Q105572640	6000000199862911835
Q105572642	6000000067135670911
Q105572643	6000000047960744827
Q105572644	6000000084388879576
Q105572648	6000000077814771884
Q105572651	6000000171365985836
Q105572653	6000000004591157127
Q105572656	6000000077117783062
Q105572657	6000000091639277943
Q105572658	6000000071157467053
Q105572659	6000000015608953163
Q105572661	6000000040469243435
Q105572664	6000000110978586822
Q105572665	6000000077541740822
Q105572668	6000000083447233218
Q105572669	6000000103460289894
Q105572672	6000000181841645845
Q105572673	6000000078846609310
Q105572674	6000000082897834826
Q105572676	6000000074921164076
Q105572677	6000000065589764874
Q105572680	6000000077127443973
Q105572695	6000000073053257240
Q105572697	6000000034607139046
Q105572698	6000000005005033175
Q105572700	6000000020302055890
Q105572701	6000000031275089332
Q105572702	6000000013121883039
Q105572703	6000000080410597860
Q105572716	6000000083447349161
Q105572717	6000000077285035192
Q105572718	6000000183207728829
Q105572719	6000000055306645907
Q105572720	6000000082436689922
Q105572722	6000000033869267068
Q105572724	6000000078459785897
Q105572725	6000000155986890827
Q105572727	6000000124002957821
Q105572731	6000000117989485828
Q105572732	6000000084389784930
Q105572735	6000000180063297879
Q105572738	6000000138119023848
Q105572739	6000000077126485511
Q105572741	6000000156208907196
Q105572742	6000000081381684078
Q105572746	6000000173544897793
Q105572754	6000000019223166793
Q105572758	6000000059798611876
Q105572762	6000000018387892840
Q105572766	6000000089176808946
Q105572772	6000000055092835022
Q105572777	6000000111779634066
Q105572779	6000000078100971074
Q105572790	6000000083186716523
Q105572791	6000000018464653550
Q105572794	6000000196078569821
Q105572795	6000000019223907232
Q105572796	6000000078052507262
Q105572798	6000000034702452128
Q105572801	6000000016772315193
Q105572802	6000000009576147659
Q105572803	6000000065589547842
Q105572804	6000000167977404002
Q105572805	6000000016166695733
Q105572806	6000000020221896292
Q105572812	6000000155986897821
Q105572815	6000000078954041181
Q105572817	6000000065595833823
Q105572819	6000000033231343632
Q105572821	6000000077872922956
Q105572822	6000000089148666880
Q105572825	6000000067074933830
Q105572829	6000000077557943592
Q105572831	6000000065741116162
Q105572832	6000000049346909842
Q105572833	6000000014016587820
Q105572835	6000000146485334891
Q105572837	6000000024196089672
Q105572838	6000000076856526925
Q105572848	6000000065588912198
Q105572850	6000000078459156251
Q105572851	6000000034619599056
Q105572853	6000000191284887825
Q105572856	6000000086053311945
Q105572857	6000000171295977346
Q105572858	6000000078587247882
Q105572860	6000000200269589828
Q105572861	6000000078805578905
Q105572863	6000000021059744662
Q105572864	6000000115422064931
Q105572867	6000000019283773365
Q105572868	6000000034746857369
Q105572869	6000000034696565821
Q105572872	6000000016167175124
Q105572873	6000000188551881834
Q105572874	6000000155970378833
Q105572875	6000000213033973821
Q105572878	6000000180047338821
Q105572880	6000000078586883016
Q105572881	6000000171296323999
Q105572883	6000000185279666842
Q105572885	6000000024196538018
Q105572891	6000000030750480261
Q105572892	6000000017838048982
Q105572896	6000000193897001822
Q105572897	6000000036845504970
Q105572911	6000000084586140037
Q105572915	6000000019284062104
Q105572920	6000000059802250963
Q105572921	6000000173224606851
Q105572924	6000000078586883226
Q105572926	6000000058156075841
Q105572929	6000000196033277843
Q105572930	6000000205246799874
Q105572932	6000000207761261855
Q105572933	6000000111781467394
Q105572935	6000000177507362866
Q105572937	6000000188552425823
Q105572943	6000000030571875381
Q105572950	6000000034697825860
Q105572951	6000000021806644340
Q105572954	6000000078829883830
Q105572956	6000000187105648825
Q105572958	6000000110986694892
Q105572959	6000000051067725009
Q105572961	6000000023192312264
Q105572962	6000000076956622465
Q105572963	6000000076702311025
Q105572965	6000000050981763862
Q105572971	6000000081394387290
Q105572973	6000000031186374330
Q105572978	6000000033716669601
Q105572981	6000000080503644032
Q105572982	6000000116586705210
Q105572986	6000000178372340841
Q105572987	6000000013450632567
Q105572990	6000000021867118556
Q105572991	6000000077629337972
Q105572993	6000000014319411097
Q105572994	6000000017548010166
Q105572996	6000000141034862929
Q105573001	6000000110563610821
Q105573004	6000000037581326841
Q105573006	6000000001634668433
Q105573007	6000000065739686325
Q105573009	6000000077848109868
Q105573012	6000000156917249977
Q105573013	6000000041710696966
Q105573016	6000000063237026923
Q105573023	6000000021725317434
Q105573024	6000000076762303834
Q105573027	6000000099797862850
Q105573029	6000000073763502281
Q105573035	6000000009317362979
Q105573039	6000000153024803833
Q105573040	6000000035139930215
Q105573044	6000000051509468403
Q105573045	6000000036167242363
Q105573047	6000000014794267195
Q105573055	6000000178336180843
Q105573056	6000000111833444832
Q105573057	6000000035591784445
Q105573058	6000000080347666954
Q105573060	6000000014695881020
Q105573061	6000000073029365856
Q105573062	6000000100806762371
Q105573063	6000000017985348548
Q105573064	6000000057138969919
Q105573070	6000000035039798243
Q105573071	6000000080620052839
Q105573072	6000000026324370230
Q105573073	6000000017295277509
Q105573074	6000000121011963221
Q105573075	6000000109304491878
Q105573076	6000000098394202821
Q105573077	6000000026298385057
Q105573079	6000000082516457299
Q105573081	6000000081381301955
Q105573083	6000000192338997829
Q105573090	6000000098384201858
Q105573096	6000000015898590091
Q105573098	6000000101320885821
Q105573100	6000000069953825128
Q105573101	6000000109925763859
Q105573102	6000000014016775143
Q105573103	6000000034127927015
Q105573104	6000000198213801821
Q105573105	6000000027000703499
Q105573108	6000000078588129871
Q105573109	6000000078812956601
Q105573110	6000000078586464298
Q105573112	6000000018477579046
Q105573115	6000000073053814855
Q105573116	6000000077117812887
Q105573121	6000000082648541875
Q105573122	6000000200451666851
Q105573125	6000000014794230836
Q105573134	6000000214259592826
Q105573136	6000000181842370826
Q105573138	6000000084389754941
Q105573140	6000000095783456872
Q105573142	6000000081407690824
Q105573143	6000000004591190253
Q105573144	6000000086385002987
Q105573146	6000000056675369150
Q105573148	6000000032637735874
Q105573149	6000000018403908478
Q105573151	6000000098995748831
Q105573155	6000000074614139865
Q105573156	6000000049343823907
Q105573157	6000000034003536958
Q105573160	6000000078459874882
Q105573162	6000000003538571471
Q105573163	6000000084379547192
Q105573165	6000000049031038631
Q105573167	6000000039105864966
Q105573168	6000000078828877917
Q105573170	6000000155972053983
Q105573172	6000000078992860017
Q105573173	6000000084380385939
Q105573176	6000000119981871823
Q105573180	6000000077124283482
Q105573181	6000000082436146051
Q105573188	6000000077807630863
Q105573192	6000000047960536941
Q105573194	6000000010941462201
Q105573195	6000000018616433349
Q105573196	6000000009576042056
Q105573203	6000000078833536821
Q105573209	6000000074922439847
Q105573214	6000000052495513016
Q105573215	6000000081510276122
Q105573216	6000000101320900833
Q105573217	6000000080846524840
Q105573219	6000000110563594857
Q105573220	6000000022159154214
Q105573224	6000000149611765089
Q105573228	6000000098393808867
Q105573230	6000000084389770924
Q105573231	6000000060524759842
Q105573232	6000000173222881548
Q105573234	6000000019124134139
Q105573236	6000000110563220841
Q105573238	6000000214241153825
Q105573241	6000000018388050785
Q105573248	6000000077807076361
Q105573250	6000000060193400836
Q105573253	6000000019123586653
Q105573255	6000000022159043455
Q105573259	6000000179938375912
Q105573262	6000000200269620826
Q105573267	6000000082647085313
Q105573272	6000000071955249851
Q105573273	6000000200427446850
Q105573274	6000000101321268821
Q105573275	6000000057179813918
Q105573276	6000000195990805822
Q105573280	6000000121011233971
Q105573285	6000000018730956996
Q105573286	6000000035140180042
Q105573287	6000000034138669538
Q105573291	6000000188552499834
Q105573292	6000000070347332254
Q105573294	6000000091969873939
Q105573296	6000000018789965582
Q105573298	6000000083446720731
Q105573304	6000000026298420594
Q105573305	6000000008206300843
Q105573309	6000000017703773780
Q105573311	6000000070296552072
Q105573313	6000000019098863650
Q105573315	6000000025145665063
Q105573317	6000000019467266637
Q105573318	6000000017777011571
Q105573320	6000000070277701137
Q105573322	6000000018301828954
Q105573324	6000000019467168217
Q105573325	6000000017777011577
Q105573326	6000000017777409405
Q105573329	6000000101148897845
Q105573331	6000000038065031079
Q105573333	6000000070440060821
Q105573334	6000000175807582858
Q105573337	6000000016466887970
Q105573341	6000000021077156743
Q105573342	6000000021077293347
Q105573344	6000000175807910824
Q105573347	6000000077506903951
Q105573354	6000000084045613153
Q105573355	6000000021415089469
Q105573356	6000000069215933842
Q105573358	6000000076907753381
Q105573359	6000000002834328555
Q105573360	6000000076907369569
Q105573363	6000000069215274912
Q105573366	6000000020733796658
Q105573369	6000000069216509876
Q105573372	6000000002834461031
Q105573375	6000000086443496896
Q105573379	6000000100026621836
Q105573394	6000000025570790669
Q105573398	6000000025571313835
Q105573399	6000000025570838639
Q105573405	6000000019830871538
Q105573406	6000000127623588871
Q105573407	6000000127623264915
Q105573409	6000000170729491920
Q105573410	6000000014024269124
Q105573413	6000000022976249912
Q105573414	6000000027018477961
Q105573431	6000000051952560093
Q105573433	6000000109822518821
Q105573435	6000000109821377005
Q105573437	6000000023752401895
Q105573439	6000000019673604954
Q105573441	6000000029425602055
Q105573442	6000000008969445074
Q105573444	6000000059644650362
Q105573446	6000000029425972892
Q105573448	6000000029425744683
Q105573458	6000000025860932445
Q105573468	6000000030231519902
Q105573470	6000000179476388889
Q105573487	6000000111768895890
Q105573489	6000000097990547821
Q105573492	6000000151097505821
Q105573496	6000000086799333919
Q105573499	6000000009590135773
Q105573500	6000000024155085705
Q105573503	6000000191188502824
Q105573510	6000000018845070378
Q105573512	6000000023786396133
Q105573516	6000000063332512223
Q105573518	6000000191941204833
Q105573529	6000000016914047656
Q105573534	6000000063333022993
Q105573536	6000000189099203862
Q105573539	6000000085588919969
Q105573552	6000000081188268138
Q105573556	6000000034458225753
Q105573564	6000000022966150355
Q105573586	6000000074304713868
Q105573589	6000000031047459170
Q105573591	6000000074302806827
Q105573594	6000000026867317283
Q105573597	6000000031047625941
Q105573599	6000000166561598072
Q1055736	6000000067742428888
Q105573602	6000000046519038946
Q105573603	6000000136827892842
Q105573604	6000000031047536905
Q105573605	6000000018514356614
Q105573607	6000000098082748993
Q105573608	6000000136827094026
Q105573610	6000000020359565716
Q105573612	6000000031047156098
Q105573614	6000000083950157947
Q105573616	6000000017494109485
Q105573617	6000000017494114351
Q105573621	6000000031047399009
Q105573626	6000000021866506138
Q105573635	6000000016142059172
Q105573639	6000000021805081482
Q105573644	6000000149911282020
Q105573653	6000000080807682901
Q105573687	6000000012827977628
Q105573693	6000000012329059893
Q105573695	6000000070308922903
Q105573697	6000000070308425082
Q105573705	6000000070308939979
Q105573707	6000000177347409845
Q105573725	6000000037188436942
Q105573728	6000000044851044859
Q105573731	6000000016439837202
Q105573733	6000000103478351127
Q105573740	6000000098082761178
Q105573742	6000000031478611582
Q105573744	6000000018451995106
Q105573746	6000000075576538875
Q105573748	6000000072654316057
Q105573749	6000000072654847911
Q105573758	6000000022674929374
Q105573761	6000000015367203682
Q105573766	6000000116344942821
Q105573768	6000000150652486061
Q105573774	6000000020033913389
Q105573776	6000000207839014935
Q105573781	6000000019369371296
Q105573783	6000000016785952283
Q105573788	6000000021279492586
Q105573790	6000000012686897180
Q105573792	6000000012687175334
Q105573794	6000000021279494739
Q105573798	6000000012621180313
Q105573807	6000000015644950781
Q105573811	6000000009483973250
Q105573812	6000000009483719572
Q105573814	6000000021686845773
Q105573816	6000000013269019839
Q105573821	6000000032553280429
Q105573826	6000000042410991884
Q105573833	6000000126247915965
Q105573834	6000000041936332823
Q105573843	6000000018175742523
Q105573845	6000000018106638409
Q105573846	6000000017963969211
Q105573847	6000000017963818419
Q105573849	6000000057347644996
Q105573850	6000000088021485847
Q105573851	6000000104776375838
Q105573852	6000000088020787035
Q105573853	6000000051604131165
Q105573854	6000000051611518844
Q105573856	6000000078841471323
Q105573857	6000000038787440093
Q105573858	6000000041779893957
Q105573859	6000000201247549836
Q105573862	6000000018403750142
Q105573866	6000000047017291037
Q105573874	6000000195105253836
Q105573878	6000000040896661748
Q105573879	6000000022157878916
Q105573885	6000000195105887821
Q105573886	6000000017993957363
Q105573889	6000000078841786997
Q105573891	6000000022157502164
Q105573892	6000000053108122836
Q105573895	6000000073758863840
Q105573903	6000000023330774960
Q105573904	6000000199652694842
Q105573906	6000000205610078842
Q105573907	6000000127962639840
Q105573908	6000000191983310875
Q105573913	6000000197954507832
Q105573919	6000000133688119036
Q105573925	6000000023713287200
Q105573926	6000000016550428436
Q105573929	6000000168811494180
Q105573930	6000000016490541238
Q105573932	6000000016561328920
Q105573934	6000000043655742423
Q105573936	6000000081384580839
Q105573940	6000000022437144138
Q105573941	6000000187864320845
Q105573946	6000000023395591967
Q105573947	6000000016561389996
Q105573954	6000000185496581991
Q105573959	6000000077123842696
Q105573962	6000000017062595559
Q105573963	6000000015125188339
Q105573964	6000000023320488920
Q105573965	6000000023330738958
Q105573968	6000000133688442838
Q105573972	6000000165540140920
Q105573974	6000000103407919860
Q105573976	6000000098002207896
Q105573977	6000000031488498677
Q105573982	6000000015125133765
Q105573983	6000000084079039982
Q105573984	6000000071873211893
Q105573985	6000000018867209757
Q105573986	6000000143391532821
Q105573989	6000000016550436460
Q105573990	6000000016577699682
Q105573991	6000000127962372880
Q105573992	6000000016550077744
Q105573994	6000000016490541247
Q105573995	6000000075658867018
Q105574003	6000000031512141084
Q105574005	6000000018755736028
Q105574007	6000000146062942307
Q105574015	6000000085997474999
Q105574021	6000000014129070730
Q105574022	6000000053108942829
Q105574024	6000000073760954878
Q105574026	6000000016577302793
Q105574028	6000000016490541243
Q105574031	6000000031488467201
Q105574039	6000000018329751598
Q105574040	6000000143391164838
Q105574041	6000000043050298918
Q105574042	6000000073759355672
Q105574043	6000000148386606826
Q105574044	6000000148384790827
Q105574045	6000000112293145146
Q105574046	6000000165540429095
Q105574048	6000000022436982578
Q105574050	6000000073758287095
Q105574052	6000000022144431928
Q105574057	6000000041098175807
Q105574058	6000000199655990825
Q105574059	6000000180059149824
Q105574061	6000000195085191879
Q105574063	6000000022437148454
Q105574064	6000000041190907479
Q105574068	6000000015655922838
Q105574072	6000000080286232187
Q105574076	6000000023858121411
Q105574082	6000000040191679683
Q105574083	6000000070694973821
Q105574086	6000000092216911833
Q105574090	6000000029679603993
Q105574098	6000000126812612831
Q105574100	6000000019271453798
Q105574107	6000000004058207599
Q105574108	6000000197541826828
Q105574117	6000000018542457122
Q105574120	6000000017703554496
Q105574127	6000000070692572875
Q105574129	6000000018089727119
Q105574131	6000000126805148842
Q105574132	6000000068557881855
Q105574136	6000000041629637684
Q105574138	6000000184276249828
Q105574143	6000000150791709840
Q105574144	6000000026726564568
Q105574146	6000000194186683921
Q105574147	6000000076401688880
Q105574163	6000000021394302937
Q105574166	6000000139502187852
Q105574167	6000000018542426283
Q105574168	6000000018079200864
Q105574170	6000000018889359399
Q105574173	6000000018086557030
Q105574177	6000000014794016280
Q105574181	6000000028011175665
Q105574183	6000000139501089020
Q105574186	6000000023524261958
Q105574190	6000000035089921434
Q105574201	6000000084405237537
Q105574205	6000000196027227825
Q105574206	6000000041900060839
Q105574212	6000000023524329937
Q105574213	6000000079117369189
Q105574215	6000000018867760357
Q105574217	6000000018079277374
Q105574221	6000000186815426828
Q105574224	6000000015138295081
Q105574225	6000000014793823873
Q105574226	6000000003974875508
Q105574227	6000000070696942256
Q105574231	6000000018908284496
Q105574236	6000000017469143282
Q105574238	6000000015064762225
Q105574239	6000000014210253576
Q105574240	6000000126810907831
Q105574241	6000000070692083169
Q105574245	6000000070691214456
Q105574249	6000000017494048510
Q105574250	6000000126444627876
Q105574253	6000000017494197285
Q105574256	6000000102041157220
Q105574266	6000000149608180844
Q105574267	6000000186814835869
Q105574269	6000000024475700350
Q105574271	6000000186815243860
Q105574277	6000000040191599681
Q105574281	6000000102081884858
Q105574289	6000000074362130843
Q105574292	6000000076545283013
Q105574293	6000000020209907151
Q105574299	6000000077469468097
Q105574300	6000000014320612706
Q105574302	6000000014688117164
Q105574313	6000000077469601140
Q105574316	6000000189366863831
Q105574321	6000000000249657215
Q105574322	6000000179561651829
Q105574324	6000000179790661829
Q105574325	6000000138113967074
Q105574329	6000000190447399825
Q105574332	6000000190447274825
Q105574333	6000000173403438064
Q105574334	6000000020706245854
Q105574336	6000000020706154863
Q105574338	6000000190447215844
Q105574340	6000000147125076821
Q105574341	6000000190447422830
Q105574342	6000000020706268825
Q105574343	6000000180429116922
Q105574345	6000000157961812851
Q105574348	6000000079567630219
Q105574349	6000000014735306611
Q105574350	6000000072799935441
Q105574351	6000000077795476146
Q105574353	6000000026051618639
Q105574355	6000000115189185997
Q105574356	6000000097695268009
Q105574357	6000000039754188871
Q105574358	6000000178745375821
Q105574359	6000000077452643215
Q105574360	6000000014516666569
Q105574361	6000000014911347614
Q105574368	6000000011581789130
Q105574369	6000000213960608828
Q105574376	6000000060991206911
Q105574377	6000000019193758046
Q105574383	6000000076744352144
Q105574384	6000000026227829339
Q105574388	6000000082700301980
Q105574389	6000000105421861110
Q105574390	6000000020907995138
Q105574393	6000000121956900821
Q105574395	6000000017044441265
Q105574396	6000000020614698993
Q105574397	6000000089292941166
Q105574401	6000000172222391972
Q105574412	6000000054117189907
Q105574415	6000000116723817828
Q105574416	6000000156815113952
Q105574419	6000000109298070149
Q105574420	6000000085809957031
Q105574422	6000000122423018833
Q105574428	6000000174785372051
Q105574431	6000000016191701174
Q105574434	6000000014750808714
Q105574436	6000000203793237823
Q105574438	6000000208278706831
Q105574439	6000000030126101093
Q105574440	6000000048802779979
Q105574441	6000000044154367827
Q105574444	6000000095669486014
Q105574445	6000000127859069980
Q105574458	6000000040361084119
Q105574459	6000000018329853116
Q105574461	6000000024475373116
Q105574463	6000000017208107841
Q105574464	6000000103832873002
Q105574466	6000000122422991839
Q105574469	6000000080758628969
Q105574472	6000000077076343883
Q105574474	6000000076958512594
Q105574482	6000000197662276833
Q105574486	6000000013998020800
Q105574491	6000000033923988413
Q105574495	6000000026090492857
Q105574501	6000000041269289821
Q105574502	6000000018444700273
Q105574504	6000000042731072847
Q105574505	6000000077910194821
Q105574508	6000000049908318501
Q105574510	6000000003591824100
Q105574512	6000000017044525005
Q105574515	6000000041268624082
Q105574520	6000000042434970304
Q105574521	6000000121959178868
Q105574522	6000000070687747898
Q105574525	6000000018489617072
Q105574527	6000000203753440857
Q105574529	6000000083383037933
Q105574536	6000000118574482166
Q105574537	6000000055478319261
Q105574538	6000000036341709506
Q105574539	6000000080533280429
Q105574540	6000000109298475920
Q105574542	6000000176025818935
Q105574543	6000000026448396477
Q105574544	6000000077021540135
Q105574553	6000000003112539113
Q105574554	6000000196300467822
Q105574556	6000000078771142914
Q105574557	6000000018079142911
Q105574558	6000000030029706308
Q105574559	6000000122722377971
Q105574560	6000000105370599833
Q105574561	6000000084957445865
Q105574564	6000000176073738827
Q105574568	6000000102794380065
Q105574570	6000000174785842918
Q105574581	6000000041074457372
Q105574587	6000000042919004807
Q105574589	6000000080533281863
Q105574614	6000000044644386016
Q105574622	6000000024474994803
Q105574627	6000000077783268118
Q105574632	6000000203753500839
Q105574635	6000000005006788181
Q105574642	6000000105367836862
Q105574646	6000000015134841170
Q105574648	6000000100580810875
Q105574653	6000000122722768821
Q105574655	6000000080532577467
Q105574657	6000000175561276825
Q105574658	6000000014321477106
Q105574662	6000000017360511224
Q105574664	6000000015099236947
Q105574667	6000000194471817829
Q105574669	6000000040202448020
Q105574674	6000000079660415542
Q105574679	6000000053847774406
Q105574680	6000000174795360671
Q105574685	6000000071687445545
Q105574686	6000000105368308868
Q105574688	6000000015107185286
Q105574694	6000000039752770389
Q105574695	6000000112958527887
Q105574699	6000000017617538753
Q105574700	6000000084648715011
Q105574706	6000000014559024467
Q105574707	6000000025467828448
Q105574709	6000000037390203205
Q105574714	6000000087259358986
Q105574715	6000000017044794673
Q105574716	6000000019566986056
Q105574720	6000000014565132439
Q105574721	6000000018242710704
Q105574723	6000000019594126913
Q105574724	6000000097691316272
Q105574731	6000000000338970221
Q105574733	6000000105422859972
Q105574735	6000000099586073911
Q105574737	6000000017559704922
Q105574743	6000000017730382021
Q105574744	6000000190116386822
Q105574746	6000000027348358373
Q105574748	6000000136103055821
Q105574752	6000000065054482227
Q105574753	6000000052213397246
Q105574755	6000000019170138071
Q105574758	6000000174707590111
Q105574759	6000000041534358654
Q105574760	6000000068558293854
Q105574761	6000000069333358173
Q105574762	6000000025647455281
Q105574763	6000000096572631845
Q105574765	6000000008202106218
Q105574767	6000000077414659036
Q105574771	6000000072164400066
Q105574773	6000000194472283844
Q105574774	6000000197662121848
Q105574775	6000000105354201919
Q105574777	6000000029315285287
Q105574778	6000000002388834617
Q105574780	6000000102029930842
Q105574781	6000000099586590843
Q105574782	6000000028417783937
Q105574784	6000000044154144223
Q105574785	6000000005006677331
Q105574786	6000000174796787130
Q105574788	6000000076919236999
Q105574790	6000000105367553851
Q105574791	6000000119279296975
Q105574792	6000000105409504081
Q105574793	6000000174562865465
Q105574794	6000000053849122948
Q105574795	6000000018125226013
Q105574797	6000000000363162635
Q105574804	6000000072165932978
Q105574805	6000000077452396087
Q105574810	6000000025004869610
Q105574812	6000000044644179170
Q105574813	6000000057642011001
Q105574814	6000000113333486882
Q105574818	6000000181863174846
Q105574820	6000000040936389441
Q105574822	6000000076920238467
Q105574825	6000000176073205829
Q105574831	6000000016813730384
Q105574832	6000000040192201932
Q105574835	6000000042730388289
Q105574838	6000000077455495362
Q105574839	6000000172262285256
Q105574840	6000000075565544834
Q105574843	6000000178564874840
Q105574844	6000000175561219829
Q105574845	6000000018337043414
Q105574849	6000000113333583838
Q105574853	6000000041267940376
Q105574856	6000000077414821268
Q105574861	6000000145771310821
Q105574863	6000000018404510930
Q105574864	6000000000363162626
Q105574867	6000000002765705245
Q105574868	6000000023239519953
Q105574870	6000000077021386962
Q105574873	6000000076918949389
Q105574874	6000000173648910876
Q105574876	6000000094494052855
Q105574880	6000000041138509221
Q105574881	6000000044644383989
Q105574882	6000000204441329850
Q105574894	6000000078858723865
Q105574897	6000000017653716002
Q105574901	6000000085680364035
Q105574902	6000000018542561033
Q105574908	6000000203865502858
Q105574909	6000000024475183659
Q105574910	6000000016405442481
Q105574925	6000000084649487860
Q105574930	6000000096996660857
Q105574934	6000000024475596103
Q105574936	6000000025647563692
Q105574937	6000000008201636041
Q105574938	6000000185052446829
Q105574939	6000000077452890099
Q105574947	6000000014347496454
Q105574952	6000000077452426161
Q105574957	6000000002765705184
Q105574958	6000000083201630520
Q105574961	6000000033471929088
Q105574964	6000000035142924353
Q105574966	6000000019034637575
Q105574968	6000000028417821833
Q105574971	6000000178529439827
Q105574977	6000000074334964839
Q105575005	6000000044644398047
Q105575008	6000000173793464192
Q105575009	6000000084649183956
Q105575010	6000000077324206228
Q105575011	6000000191140349821
Q105575014	6000000015137074576
Q105575015	6000000064123516867
Q105575016	6000000195053703821
Q105575017	6000000002388834794
Q105575018	6000000146488385878
Q105575020	6000000185736349823
Q105575021	6000000084649840324
Q105575026	6000000075658819852
Q105575032	6000000118576859054
Q105575034	6000000048327567383
Q105575038	6000000198293483828
Q105575043	6000000216645891829
Q105575045	6000000033686640927
Q105575060	6000000002161507779
Q105575070	6000000072800896892
Q105575074	6000000025647844559
Q105575099	6000000031991220953
Q105575112	6000000020077790045
Q105575113	6000000084649232011
Q105575115	6000000203836613821
Q105575116	6000000121958533830
Q105575120	6000000077113168378
Q105575121	6000000025198014685
Q105575127	6000000006972398708
Q105575129	6000000015633623504
Q105575138	6000000158810887821
Q105575140	6000000089285265966
Q105575141	6000000020205175795
Q105575142	6000000082700534821
Q105575143	6000000015137450819
Q105575144	6000000036964091015
Q105575145	6000000028329445936
Q105575146	6000000072167127864
Q105575151	6000000080529767821
Q105575161	6000000176803392964
Q105575175	6000000040251528073
Q105575188	6000000018867403737
Q105575222	6000000005006803055
Q105575224	6000000116723295005
Q105575229	6000000034079994982
Q105575236	6000000094494050830
Q105575238	6000000176401360880
Q105575241	6000000184384307832
Q105575244	6000000174785753928
Q105575245	6000000202749834839
Q105575246	6000000048328155872
Q105575256	6000000178529388827
Q105575268	6000000079316879914
Q105575291	6000000176806460844
Q105575308	6000000015107162241
Q105575311	6000000032428800975
Q105575318	6000000014467464521
Q105575319	6000000114094150687
Q105575321	6000000076919058794
Q105575322	6000000025892731094
Q105575323	6000000023161908519
Q105575325	6000000054114733132
Q105575327	6000000021716330914
Q105575330	6000000176955270844
Q105575334	6000000001538816182
Q105575336	6000000026381510797
Q105575338	6000000054114862095
Q105575353	6000000178565334823
Q105575362	6000000076947321916
Q105575374	6000000013752510485
Q105575383	6000000178526943920
Q105575392	6000000002388834861
Q105575404	6000000028063071217
Q105575435	6000000076919177225
Q105575442	6000000025892534624
Q105575448	6000000196050801917
Q105575449	6000000076857662821
Q105575450	6000000025737721498
Q105575451	6000000189395566852
Q105575453	6000000016579967044
Q105575454	6000000052776645830
Q105575457	6000000014081467581
Q105575462	6000000103390867378
Q105575466	6000000021400244162
Q105575467	6000000031516546131
Q105575471	6000000191182145845
Q105575472	6000000191179972836
Q105575474	6000000191181933880
Q105575483	6000000016939849091
Q105575484	6000000017673646873
Q105575485	6000000017673773306
Q105575487	6000000016939746859
Q105575488	6000000016902185021
Q105575489	6000000084411410016
Q105575491	6000000084416781984
Q105575492	6000000084412920114
Q105575496	6000000084411484983
Q105575497	6000000084412293155
Q105575505	6000000189396877836
Q105575508	6000000007891397849
Q105575509	6000000007316925656
Q105575510	6000000035830952378
Q105575511	6000000007316917886
Q105575515	6000000021077173380
Q105575517	6000000019003551298
Q105575519	6000000007316912172
Q105575522	6000000007316925668
Q105575523	6000000035524580883
Q105575530	6000000007316911519
Q105575533	6000000035821987639
Q105575534	6000000136889347050
Q105575538	6000000035831655290
Q105575543	6000000007316917211
Q105575553	6000000019056132320
Q105575555	6000000028200960839
Q105575556	6000000013742150897
Q105575557	6000000036295032138
Q105575561	6000000033770196717
Q105575570	6000000123893254895
Q105575571	6000000025201368323
Q105575573	6000000034573253697
Q105575575	6000000206985057826
Q105575578	6000000034581293391
Q105575580	6000000206985018835
Q105575581	6000000034573680999
Q105575587	6000000024362983624
Q105575589	6000000116295142056
Q105575590	6000000124094132986
Q105575591	6000000193861827823
Q105575592	6000000193867190821
Q105575593	6000000052729158828
Q105575594	6000000083184573194
Q105575595	6000000158196436828
Q105575596	6000000046044930842
Q105575599	6000000017509125312
Q105575602	6000000018406453336
Q105575604	6000000016526896567
Q105575605	6000000007590854438
Q105575606	6000000114376367821
Q105575608	6000000020054900600
Q105575609	6000000119706528893
Q105575611	6000000035457030021
Q105575613	6000000087897219185
Q105575617	6000000084234924941
Q105575620	6000000101614036835
Q105575623	6000000202996394845
Q105575624	6000000013752426022
Q105575625	6000000043203731893
Q105575628	6000000020547420066
Q105575632	6000000023994188589
Q105575636	6000000030349622925
Q105575639	6000000026664649880
Q105575640	6000000017948120228
Q105575642	6000000014122838281
Q105575648	6000000189397152867
Q105575649	6000000041346083281
Q105575653	6000000077158490735
Q105575655	6000000046655798778
Q105575658	6000000089714338845
Q105575660	6000000013315379972
Q105575662	6000000014329406554
Q105575663	6000000043234627213
Q105575664	6000000076134592843
Q105575665	6000000193963802824
Q105575666	6000000077144807615
Q105575669	6000000017047147230
Q105575681	6000000087984534953
Q105575682	6000000020184929860
Q105575683	6000000030364584916
Q105575688	6000000087897597956
Q105575689	6000000033719828179
Q105575691	6000000016517987851
Q105575693	6000000088040895945
Q105575695	6000000024864432194
Q105575696	6000000046608022945
Q105575702	6000000077645790007
Q105575709	6000000017053024890
Q105575712	6000000071873384081
Q105575714	6000000084068843231
Q105575715	2402289
Q105575717	6000000025084177224
Q105575718	6000000213694504821
Q105575722	6000000124094411861
Q105575726	6000000016267876907
Q105575727	6000000026680013550
Q105575730	6000000088040005274
Q105575732	6000000071809083836
Q105575737	6000000003680152491
Q105575740	6000000035924846033
Q105575741	6000000007591278322
Q105575742	6000000200401637825
Q105575833	6000000034304110686
Q105575965	6000000067363474932
Q105575988	6000000070718653918
Q10557609	6000000074727088655
Q105576282	6000000017799646245
Q105576482	6000000017799766244
Q105576525	6000000180776889822
Q105576529	6000000021535981387
Q105576532	6000000084388636626
Q105576539	6000000111833758015
Q105576542	6000000191191269823
Q105576543	6000000023397698129
Q105576547	6000000079824749853
Q105576548	6000000018044840761
Q105576549	6000000196030425905
Q105576551	6000000181865937879
Q105576552	6000000020054442023
Q105576555	6000000015118882035
Q105576644	6000000101614302876
Q105576648	6000000006931018898
Q105576651	6000000169023961825
Q105576652	6000000014329384551
Q105576655	6000000051603822338
Q105576658	6000000151368453065
Q105576666	6000000058514501893
Q105576667	6000000041345924579
Q105576668	6000000087448881966
Q105576669	6000000018890032280
Q105576670	6000000069945328065
Q105576673	6000000122725926821
Q105576674	6000000075226272449
Q105576680	6000000085968436841
Q105576681	6000000078385832969
Q105576687	6000000146304498262
Q105576693	6000000175181319873
Q105576694	6000000026653475870
Q105576696	6000000023729190829
Q105576698	6000000016517812684
Q1055767	6000000141005460849
Q105576700	6000000100457309823
Q105576701	6000000197027264840
Q105576706	6000000043232724613
Q105576707	6000000066155340151
Q105576711	6000000020184443702
Q105576712	6000000070990376973
Q105576714	6000000207973275895
Q105576715	6000000080176693832
Q105576717	6000000016518025422
Q105576718	6000000035089307270
Q105576719	6000000097784052821
Q105576722	6000000146305653848
Q105576724	6000000159739283833
Q105576726	6000000178528712879
Q105576727	6000000157946165827
Q105576728	6000000035822351118
Q105576729	6000000183734608941
Q105576731	6000000086788466225
Q105576735	6000000151367671153
Q105576745	6000000174265975400
Q105576747	6000000031747810621
Q105576749	6000000007590855589
Q105576750	6000000196058239825
Q105576758	6000000013752408317
Q105576764	6000000175180079141
Q105576766	6000000013752286481
Q105576773	6000000087989877434
Q105576777	6000000016526575489
Q105576780	6000000076121650976
Q105576785	6000000075908251852
Q105576787	6000000151368384023
Q105576788	6000000207974069821
Q105576790	6000000101614951933
Q105576792	6000000183733672863
Q105576794	6000000097182795041
Q105576798	6000000076334067921
Q105576804	6000000034539263070
Q105576806	6000000077572185885
Q105576814	6000000081555379125
Q105576818	6000000081450314113
Q105576821	6000000006206399988
Q105576823	6000000128322499945
Q105576825	6000000043846804829
Q105576829	6000000025498983824
Q105576831	6000000022174941814
Q105576842	6000000127015770316
Q105576852	6000000016542003323
Q105576858	6000000077645677951
Q105576862	6000000072654901826
Q105576864	6000000076133979907
Q105576867	6000000071873140207
Q105576870	6000000027082905880
Q105576872	6000000010664920860
Q105576874	6000000114988582073
Q105576876	6000000088021262843
Q105576885	6000000026998601289
Q105576892	6000000013176399842
Q105576901	6000000046609335165
Q105576905	6000000015127996985
Q105576907	6000000068154000978
Q105576909	6000000035456451764
Q105576912	6000000069946106832
Q105576914	6000000063304409975
Q105576916	6000000079670991503
Q105576929	6000000039079436173
Q10557693	6000000074690670883
Q105576931	6000000084148071952
Q105576933	6000000036777318668
Q105576935	6000000024294110105
Q105576937	6000000041853748956
Q105576945	6000000193963880844
Q105576955	6000000156807682821
Q105576957	6000000175199876445
Q105576959	6000000057636570404
Q105576961	6000000144296642833
Q105576964	6000000076121683893
Q105576967	6000000003688441501
Q105576980	6000000025498885903
Q105576982	6000000100456914883
Q105576983	6000000077645965984
Q105576984	6000000085967247850
Q105576986	6000000101613005898
Q105576988	6000000193963598822
Q105576989	6000000022175258830
Q105576991	6000000068154615834
Q105576994	6000000164764772920
Q105576995	6000000018290963199
Q105577000	6000000034687704391
Q105577001	6000000180156131822
Q105577003	6000000077645499015
Q105577006	6000000093358496881
Q105577008	6000000088041212827
Q105577010	6000000016526364792
Q105577012	6000000089754805821
Q105577014	6000000189397422859
Q105577016	6000000119703032464
Q105577018	6000000121188886821
Q105577035	6000000063304760845
Q105577037	6000000030364389112
Q105577039	6000000046044245575
Q105577043	6000000073805338084
Q105577047	6000000035822367120
Q105577049	6000000084405186051
Q105577051	6000000011663248422
Q105577059	6000000068152990852
Q105577066	6000000101615739843
Q105577070	6000000068153091838
Q105577072	6000000043234670287
Q105577075	6000000071635439217
Q105577078	6000000069944683366
Q105577080	6000000018404321442
Q105577082	6000000016517783984
Q105577086	6000000015059222269
Q105577094	6000000194042501843
Q105577099	6000000046607749096
Q105577101	6000000008468219757
Q105577103	6000000046606912740
Q105577105	2827549
Q105577107	6000000077645443968
Q105577115	6000000090910863846
Q105577119	6000000016542200465
Q105577121	6000000022175185856
Q105577129	6000000021636995768
Q105577140	6000000021470025216
Q105577143	6000000111084819461
Q105577145	6000000010375981290
Q105577146	6000000040409343051
Q105577148	6000000050223877153
Q105577149	6000000076744987536
Q105577151	6000000080417075854
Q105577153	6000000185248449823
Q105577154	6000000065463140901
Q105577156	6000000035275534300
Q105577159	6000000108314565896
Q105577160	6000000017064141517
Q105577162	6000000018843241972
Q105577164	6000000016599066422
Q105577168	6000000065485202903
Q105577170	6000000035274820797
Q105577173	6000000047494822899
Q105577176	6000000022046749636
Q105577178	6000000014310767899
Q105577181	6000000065452084903
Q105577188	6000000026073080692
Q105577190	6000000055399487508
Q105577193	6000000112512029854
Q105577196	6000000184076827863
Q105577200	6000000022046654393
Q105577206	6000000055360354148
Q105577208	6000000065444730853
Q105577209	6000000076791742781
Q105577211	6000000081284193346
Q105577215	6000000079396531981
Q105577216	6000000014349738729
Q105577219	6000000084043383126
Q105577224	6000000065453836949
Q105577227	6000000016443030066
Q105577232	6000000016598917902
Q105577235	6000000188786635840
Q105577236	6000000164507707832
Q105577238	6000000019855789913
Q105577239	6000000002388880086
Q105577241	6000000038816620856
Q105577243	6000000020558605031
Q105577244	6000000141554698880
Q105577246	6000000076792883823
Q105577249	6000000018844897821
Q105577251	6000000079394486933
Q105577254	6000000055293166069
Q105577256	6000000007591449321
Q105577262	6000000038498840904
Q105577264	6000000065484254852
Q105577265	6000000050223931130
Q105577267	6000000015626856418
Q105577270	6000000018845017651
Q105577272	6000000084078848908
Q105577275	6000000035275208447
Q105577279	6000000032507689388
Q105577280	6000000079274926891
Q105577281	6000000034241367864
Q105577282	6000000022046861848
Q105577284	6000000079274029084
Q105577285	6000000040411110966
Q105577295	6000000065443403215
Q105577297	6000000038816608867
Q105577300	6000000075662851164
Q105577302	6000000033231851895
Q105577304	6000000065484167878
Q105577305	6000000018845308026
Q105577307	6000000021632948826
Q105577309	6000000032982286659
Q105577311	6000000083250572131
Q105577312	6000000055399871148
Q105577314	6000000079397770914
Q105577316	6000000050273246824
Q105577317	6000000019855614453
Q105577328	6000000020300450751
Q105577329	6000000065432527821
Q105577333	6000000065488230909
Q105577335	6000000018845078393
Q105577337	6000000032507595519
Q105577339	6000000065454098077
Q105577340	6000000034240878128
Q105577342	6000000055343395878
Q105577343	6000000040391565025
Q105577345	6000000020301380837
Q105577346	6000000018844769888
Q105577348	6000000065444167018
Q105577351	6000000040409343039
Q105577352	6000000043794709398
Q105577354	6000000019855735593
Q105577357	6000000030002463927
Q105577359	6000000076792452989
Q105577364	6000000075663182054
Q105577366	6000000008969510066
Q105577367	6000000065426789821
Q105577369	6000000112510945865
Q105577372	6000000010459939972
Q105577377	6000000048697630950
Q105577378	6000000124486054843
Q105577381	6000000194515457826
Q105577387	6000000014699892810
Q105577389	6000000014699507527
Q105577393	6000000046588229877
Q105577395	6000000007052500034
Q105577397	6000000007007161198
Q105577398	6000000046588332977
Q105577410	6000000044093465114
Q105577412	6000000067603896244
Q105577413	6000000075249617984
Q105577415	6000000065749309934
Q105577418	6000000057588425207
Q105577420	6000000078755839404
Q105577421	6000000065747530966
Q105577423	6000000065486818973
Q105577428	6000000019137399471
Q105577430	6000000081021593245
Q105577432	6000000057179791858
Q105577433	6000000019137402356
Q105577435	6000000014687728005
Q105577436	6000000037365072352
Q105577438	6000000102714644972
Q105577440	6000000065487344837
Q105577441	6000000074605088840
Q105577444	6000000036794631508
Q105577446	6000000017601216693
Q105577448	6000000078756166014
Q105577449	6000000057179939821
Q105577452	6000000065746890937
Q105577456	6000000057179738218
Q105577458	6000000025051966853
Q105577460	6000000160022335833
Q105577461	6000000083958451965
Q105577467	6000000083957784169
Q105577469	6000000160024718866
Q105577473	6000000120652436824
Q105577475	6000000160022738880
Q105577479	6000000160023837870
Q105577481	6000000081134849850
Q105577483	6000000160023246889
Q105577485	6000000017691140677
Q105577487	6000000077136309660
Q105577490	6000000004649938732
Q105577491	6000000029704106849
Q105577502	6000000024043621059
Q105577507	6000000029703704785
Q105577510	6000000077092170857
Q105577512	6000000077137653070
Q105577514	6000000024066158892
Q105577517	6000000076928398142
Q105577519	6000000017691547530
Q105577520	6000000004649966925
Q105577523	6000000021009881760
Q105577528	6000000019265818383
Q105577529	6000000019265565857
Q105577533	6000000019265986090
Q105577535	6000000019265935473
Q105577536	6000000194499800822
Q105577539	6000000034615812439
Q105577544	6000000164536865821
Q105577553	6000000160246498838
Q105577555	6000000164538984828
Q105577557	6000000029715447144
Q105577558	6000000004565012650
Q105577560	6000000004565135148
Q105577562	6000000014321581278
Q105577564	6000000013744902323
Q105577566	6000000029939169326
Q105577576	6000000013248959999
Q105577581	6000000020034228273
Q105577584	6000000100201374248
Q105577588	6000000069036579952
Q105577594	6000000008441299654
Q105577596	6000000107443249899
Q105577602	6000000092648853958
Q105577605	6000000008441376222
Q105577607	6000000203031537824
Q105577610	6000000092649414943
Q105577613	6000000082645444088
Q105577618	6000000092649281943
Q105577624	6000000193573545830
Q105577627	6000000173918688920
Q105577629	6000000196740328836
Q105577639	6000000173919185856
Q105577644	6000000161881827822
Q105577646	6000000173658858012
Q105577655	6000000026873725111
Q105577661	6000000025276100750
Q105577662	6000000025282895389
Q105577664	6000000025283255108
Q105577665	6000000008402535197
Q105577667	6000000186079778858
Q105577668	6000000008402848865
Q105577671	6000000008402638113
Q105577673	6000000018513739591
Q105577676	6000000095927216832
Q105577679	6000000067590166125
Q105577681	6000000056992153376
Q105577682	6000000019952565920
Q105577685	6000000018515457225
Q105577687	6000000118849044878
Q105577688	6000000067589973994
Q105577690	6000000056993322882
Q105577691	6000000067590079974
Q105577696	6000000208055279849
Q105577698	6000000082971811904
Q105577705	6000000092290037125
Q105577708	6000000079575396882
Q105577713	6000000188686912822
Q105577721	6000000090859342294
Q105577722	6000000193648747889
Q105577738	6000000020813935821
Q105577741	6000000178530392051
Q105577744	6000000196335997824
Q105577746	6000000052006813904
Q105577752	6000000174896989822
Q105577754	6000000174895960054
Q105577759	6000000020806304641
Q105577769	6000000174895984217
Q105577772	6000000101391875868
Q105577774	6000000101394353958
Q105577775	6000000083649737803
Q105577777	6000000049551315911
Q105577784	6000000053131899885
Q105577789	6000000035944149124
Q105577793	6000000035869346938
Q105577798	6000000035569454268
Q105577809	6000000174928672121
Q105577812	6000000174929036338
Q105577814	6000000022348501387
Q105577817	6000000022716742090
Q105577819	6000000101395273830
Q105577821	6000000035896348856
Q105577825	6000000020806304646
Q105577827	6000000174927326743
Q105577841	6000000190301649829
Q105577846	6000000021662910371
Q105577848	6000000014785709318
Q105577849	6000000021663008312
Q105577851	6000000016591931405
Q105577853	6000000021662976318
Q105577866	6000000064153682036
Q105577867	6000000011684536321
Q105577871	6000000016606846454
Q105577873	6000000016606866623
Q105577874	6000000004566196049
Q105577876	6000000004566126180
Q105577877	6000000004566166203
Q105577883	6000000180185403896
Q105577891	6000000195224771850
Q105577894	6000000082029936424
Q105577896	6000000023867581079
Q105577897	6000000020036613548
Q105577899	6000000020036571912
Q105577901	6000000019074116781
Q105577902	6000000019073969436
Q105577904	6000000002011884854
Q105577905	6000000072794100135
Q105577908	6000000000643985171
Q105577910	6000000055310965945
Q105577914	6000000062263816916
Q105577916	6000000016652871523
Q105577919	6000000086197516885
Q105577921	6000000093247851880
Q105577922	6000000215206519838
Q105577930	6000000215190504822
Q105577931	6000000215175273821
Q105577932	6000000201248647825
Q105577935	6000000215236825821
Q105577936	6000000080450669580
Q105577937	6000000080451750307
Q105577938	6000000069778079174
Q105577939	6000000019763056748
Q105577941	6000000184323867822
Q105577944	4604296839640035469
Q105577945	4604296870100025258
Q105577957	6000000024461516108
Q105577959	6000000024209002410
Q105577960	6000000024472927418
Q105577961	6000000024208081685
Q105577962	6000000037669475088
Q105577963	6000000024208274411
Q105577964	6000000024500333627
Q105577965	6000000024208796720
Q105577966	6000000018346211084
Q105577967	6000000034498105042
Q105577968	6000000024473052262
Q105577970	6000000003477856522
Q105577972	6000000024499935901
Q105577974	6000000003477948579
Q105577975	6000000024472777686
Q105577976	6000000024209219271
Q105577977	6000000062591192991
Q105577979	6000000003478092755
Q105577980	6000000038359322085
Q105577985	6000000027608545713
Q105577986	6000000015329408090
Q105577988	6000000015329372001
Q105577989	6000000015330076338
Q105577990	6000000072611042822
Q105577991	6000000076930590008
Q105577992	6000000013356184301
Q105577993	6000000015330008702
Q105577994	6000000016691692106
Q105577995	6000000076929801786
Q105577996	6000000015330014971
Q105577998	6000000076940710977
Q1055780	6000000141006569043
Q105578001	6000000032628324101
Q105578004	6000000032628342256
Q105578005	6000000189430629837
Q105578006	6000000189429938913
Q105578008	6000000189430930826
Q105578013	6000000091616917948
Q105578014	6000000017416159299
Q105578015	6000000027608972031
Q105578016	6000000091617411045
Q105578017	6000000027563431641
Q105578018	6000000027608725285
Q105578019	6000000017416269578
Q105578020	6000000091617323981
Q105578023	6000000188516787896
Q105578024	6000000004590215953
Q105578025	6000000004590215977
Q105578028	6000000004590215968
Q105578031	6000000081502252639
Q105578032	6000000081502974952
Q105578034	6000000044423199442
Q105578035	6000000044424275643
Q105578036	6000000087078867089
Q105578037	6000000044422497604
Q105578038	6000000058730119824
Q105578039	6000000058729266912
Q105578044	6000000187070074839
Q105578046	6000000035568020791
Q105578047	6000000035568803967
Q105578048	6000000107123872825
Q105578051	6000000187070486821
Q105578053	6000000035568242637
Q105578054	6000000077653465978
Q105578055	6000000077653150334
Q105578056	6000000072815726877
Q105578058	6000000022333599871
Q105578062	6000000003148948385
Q105578066	6000000196397174832
Q105578071	6000000017840272611
Q105578073	6000000019427950571
Q105578075	6000000019427903348
Q105578076	6000000052256237989
Q105578077	6000000019427950566
Q105578078	6000000028302461246
Q105578080	6000000028302578040
Q105578081	6000000028302593212
Q105578090	6000000028141717720
Q105578091	6000000019939130025
Q105578106	6000000019214571120
Q105578108	6000000182773642822
Q105578112	6000000188168408867
Q105578120	6000000196869510821
Q105578127	6000000196873986821
Q105578131	6000000062453395965
Q105578132	6000000072420276004
Q105578133	6000000017242940012
Q105578134	6000000026577904835
Q105578137	6000000072420275970
Q105578139	6000000075258094840
Q105578141	6000000112229387836
Q105578142	6000000079074341098
Q105578143	6000000079078108187
Q105578145	6000000079078269165
Q105578148	6000000112230274037
Q105578149	6000000080203688099
Q105578150	6000000079078653895
Q105578151	6000000112229250990
Q105578152	6000000080203787038
Q105578155	6000000208269549822
Q105578156	6000000042027461518
Q105578157	6000000042027580903
Q105578158	6000000042027351374
Q105578159	6000000034152028012
Q105578162	6000000027964796590
Q105578163	6000000034151789167
Q105578166	6000000192116827839
Q105578167	6000000185402183945
Q105578168	6000000192125674874
Q105578170	6000000185403362824
Q105578171	6000000076047162880
Q105578172	6000000192126454831
Q105578175	6000000203065663821
Q105578178	6000000084584325372
Q105578181	6000000084585141186
Q105578182	6000000192125990852
Q105578183	6000000192126291823
Q105578184	6000000082883537504
Q105578186	6000000209140141841
Q105578187	6000000143336180898
Q105578192	6000000082636602285
Q105578198	6000000004949004635
Q105578200	6000000193221794860
Q105578203	6000000200109868945
Q105578212	6000000027468869324
Q105578214	6000000035722264293
Q105578217	6000000180209024831
Q105578220	6000000086587506998
Q105578222	6000000016447251644
Q105578224	6000000035722773902
Q105578225	6000000130324221131
Q105578226	6000000016447106652
Q105578227	6000000191546296851
Q105578233	6000000038367598737
Q105578238	6000000130324928948
Q105578239	6000000071218979966
Q105578240	6000000086587660962
Q105578241	6000000013338701649
Q105578243	6000000136928212128
Q105578244	6000000030565197348
Q105578247	6000000052157208057
Q105578248	6000000017128781280
Q105578249	6000000015131143805
Q105578250	6000000017128781309
Q105578252	6000000015131143809
Q105578253	6000000017108938762
Q105578254	6000000166875299835
Q105578255	6000000042516315460
Q105578261	6000000042516489914
Q105578263	6000000028403509013
Q105578265	6000000078805244520
Q105578267	6000000042516678341
Q105578268	6000000042491311763
Q105578269	6000000042516515018
Q105578270	6000000023546980463
Q105578271	6000000020161658797
Q105578273	6000000193860771821
Q105578275	6000000078805971493
Q105578277	6000000180213685835
Q105578279	6000000083777409490
Q105578280	6000000042491748049
Q105578281	6000000018516633884
Q105578283	6000000057106935018
Q105578284	6000000018517364048
Q105578286	6000000064558311821
Q105578295	6000000190804157829
Q105578299	6000000008402697122
Q105578300	6000000009476260631
Q105578302	6000000008403018468
Q105578304	6000000181280322896
Q105578305	6000000017798214930
Q105578306	6000000190796515821
Q105578309	6000000110524860043
Q105578311	6000000008403086752
Q105578315	6000000008393715542
Q105578321	6000000190803853861
Q105578322	6000000039682832067
Q105578323	6000000001901251527
Q105578325	6000000025282634190
Q105578328	6000000034476052787
Q105578329	6000000020034082624
Q105578331	6000000010662481968
Q105578332	6000000181282907839
Q105578335	6000000072162080821
Q105578336	6000000025282291646
Q105578338	6000000184352858833
Q105578341	6000000008402982388
Q105578342	6000000019360156915
Q105578343	6000000019360485698
Q105578344	6000000025282283608
Q105578346	6000000008393620940
Q105578347	6000000008393419079
Q105578348	6000000008393084800
Q105578350	6000000008393509470
Q105578352	6000000008393444981
Q105578357	6000000001901056838
Q105578363	6000000128534555870
Q105578364	6000000186977505856
Q105578370	6000000025782714003
Q105578372	6000000027654667363
Q105578378	6000000040289153131
Q105578379	6000000027654057650
Q105578382	6000000150360627911
Q105578384	6000000004590257961
Q105578385	6000000025861922677
Q105578386	6000000021505737657
Q105578387	6000000025862774939
Q105578388	6000000156535007901
Q105578391	6000000004590257972
Q105578392	6000000057012649822
Q105578393	6000000027816099520
Q105578394	6000000173816219239
Q105578395	6000000027816174196
Q105578397	6000000071371999941
Q105578399	6000000027816141517
Q105578400	6000000203238164879
Q105578404	6000000071735356834
Q105578405	6000000042646317928
Q105578410	6000000203238136904
Q105578411	6000000016885816044
Q105578412	6000000071735108073
Q105578421	6000000203238164873
Q105578422	6000000202846487834
Q105578425	6000000071008230984
Q105578426	6000000203239066833
Q105578428	6000000063344399877
Q105578430	6000000203238692826
Q105578433	6000000203238214846
Q105578443	6000000077612329336
Q105578445	6000000021855323628
Q105578447	6000000067386964858
Q105578448	6000000077612560979
Q105578449	6000000075242172184
Q105578453	6000000072066648610
Q105578454	6000000073358108212
Q105578455	6000000015945931143
Q105578456	6000000012431061247
Q105578458	6000000120596700078
Q105578459	6000000022822805629
Q105578460	6000000073358541013
Q105578463	6000000184398270846
Q105578467	6000000104648415935
Q105578469	6000000147205169858
Q105578473	6000000186057432067
Q105578482	6000000014896399112
Q105578486	6000000044814191853
Q105578488	6000000130411579912
Q105578489	6000000000773250433
Q105578490	6000000001769860337
Q105578491	6000000025293131521
Q105578493	6000000191990358821
Q105578494	6000000092656346826
Q105578495	6000000120428943821
Q105578515	6000000019126108282
Q105578517	6000000077612755835
Q105578518	6000000087429543894
Q105578520	6000000018165156292
Q105578521	6000000176651802825
Q105578523	6000000024130106078
Q105578524	6000000057415173826
Q105578525	6000000083730276499
Q105578526	6000000021855202367
Q105578531	6000000184396946894
Q105578534	6000000018797608975
Q105578536	6000000018779599472
Q105578537	6000000035348135050
Q105578538	6000000019024833482
Q105578540	6000000085189969289
Q105578541	6000000124600087821
Q105578542	6000000186057439121
Q105578543	6000000043176061524
Q105578545	6000000191990154822
Q105578547	6000000019211573342
Q105578549	6000000067331224945
Q105578550	6000000176302555845
Q105578551	6000000184603460897
Q105578555	6000000014896763001
Q105578556	6000000014347571174
Q105578558	3922394952430110489
Q105578560	6000000035348112092
Q105578562	6000000085191395821
Q105578563	6000000120423704825
Q105578564	6000000176349435858
Q105578574	6000000074600509821
Q105578575	6000000072067583912
Q105578585	6000000077149916108
Q105578586	6000000035893650044
Q105578587	6000000184399117823
Q105578589	6000000000773250424
Q105578590	6000000067331013065
Q105578591	6000000075241341894
Q105578592	6000000028200962888
Q105578599	6000000177796372830
Q105578600	6000000015029890192
Q105578601	6000000020677681650
Q105578602	6000000026325507941
Q105578607	6000000184603461845
Q105578608	6000000075242576845
Q105578609	6000000040392277039
Q105578610	6000000019661444356
Q105578614	6000000111844022901
Q105578615	6000000015029795631
Q105578617	6000000021687543175
Q105578619	6000000191990316823
Q105578622	6000000057414258113
Q105578623	6000000092655478927
Q105578626	6000000078893740646
Q105578629	6000000177796578822
Q105578630	6000000075242516908
Q105578632	6000000032766804884
Q105578634	6000000024130045384
Q105578635	6000000191990342822
Q105578636	6000000042509036238
Q105578639	6000000005770137545
Q105578640	6000000067048115837
Q105578641	6000000178990893852
Q105578642	6000000092655535008
Q105578644	6000000078894356241
Q105578645	6000000111819337943
Q105578647	6000000176302224860
Q105578651	6000000102202499862
Q105578652	6000000067331874821
Q105578654	6000000015946040232
Q105578655	6000000040392334362
Q105578656	6000000012430979771
Q105578660	6000000178991256830
Q105578661	6000000107565594112
Q105578662	6000000035353559385
Q105578671	6000000035562837422
Q105578672	6000000147205661829
Q105578673	6000000023430363280
Q105578680	6000000101688165836
Q105578681	6000000187275546827
Q105578685	6000000184399104827
Q105578687	6000000067386941881
Q105578688	6000000104647817065
Q105578690	6000000111818691201
Q105578692	6000000191990359821
Q105578696	6000000040394044900
Q105578698	6000000177795658837
Q105578700	6000000026324898625
Q105578701	6000000107556578871
Q105578704	6000000175240182283
Q105578711	6000000077422499873
Q105578715	6000000048528460920
Q105578726	6000000048524661045
Q105578727	6000000203197470824
Q105578733	6000000203197184838
Q105578742	6000000077422556847
Q105578749	6000000096271959847
Q105578752	6000000153838953887
Q105578755	6000000029530753038
Q105578761	6000000129272367865
Q105578764	6000000129272635864
Q105578772	6000000083689838957
Q105578773	6000000083688144780
Q105578781	6000000015635699785
Q105578782	6000000018514397364
Q105578784	6000000081983655298
Q105578790	6000000200625900837
Q105578791	6000000075435949851
Q105578794	6000000015635738813
Q105578796	6000000020735909438
Q105578801	6000000034491284268
Q105578804	6000000081366658215
Q105578812	6000000000195592060
Q105578813	6000000030663943209
Q105578816	6000000034699774236
Q105578817	6000000000194286980
Q105578818	6000000043228491103
Q105578819	6000000083976238965
Q105578822	6000000033978822727
Q105578823	6000000211900323839
Q105578829	6000000089673254826
Q105578830	6000000016700177117
Q105578831	6000000203234015908
Q105578833	6000000203234716826
Q105578835	6000000210097044864
Q105578840	6000000203234530863
Q105578841	6000000186982616832
Q105578842	6000000002885995009
Q105578843	6000000018039426321
Q105578846	6000000084812356154
Q105578847	6000000086005143842
Q105578850	6000000068180082824
Q105578851	6000000042682118951
Q105578854	6000000029302256470
Q105578856	6000000034474343964
Q105578858	6000000070697597195
Q105578859	6000000007776722262
Q105578862	6000000184399901822
Q105578865	6000000029679218107
Q105578868	6000000006873116157
Q105578871	6000000016700177121
Q105578872	6000000082630297079
Q105578873	6000000033714285031
Q105578878	6000000034174753927
Q105578879	6000000083559210043
Q105578880	6000000037337966932
Q105578884	6000000052911942876
Q105578886	6000000007332444244
Q105578887	6000000052912360900
Q105578889	6000000044288251035
Q105578890	6000000031829179597
Q105578897	6000000083555544324
Q105578900	6000000044288337912
Q105578904	6000000064430718830
Q105578906	6000000058055030222
Q105578907	6000000058057068416
Q105578911	6000000064431622823
Q105578913	6000000058116205875
Q105578914	6000000055388626076
Q105578917	6000000058117078970
Q105578921	6000000020998605256
Q105578922	6000000023927992351
Q105578925	6000000026560787892
Q105578926	6000000041155441067
Q105578927	6000000157674162877
Q105578930	6000000018305974590
Q105578937	6000000020998795250
Q105578939	6000000026560803711
Q105578941	6000000026335416303
Q105578942	6000000037842925061
Q105578957	6000000157290626892
Q105578959	6000000072071112012
Q105578964	6000000067943692899
Q105578965	6000000019142766249
Q105578970	6000000028833122854
Q105578973	6000000037934716110
Q105578974	6000000067942262447
Q105578975	6000000016486008081
Q105578976	6000000009811971982
Q105578978	6000000189748540852
Q105578985	6000000032802905180
Q105578989	6000000065870936898
Q105578991	6000000023605257690
Q105578996	6000000028889499889
Q105578999	6000000145876372861
Q105579000	6000000023648941851
Q105579001	6000000015912388343
Q105579003	6000000175763338844
Q105579004	6000000024488694738
Q105579006	6000000189538200973
Q105579008	6000000109134659168
Q105579009	6000000102159534833
Q105579010	6000000040677545976
Q105579012	6000000016886556103
Q105579014	6000000109134591106
Q105579016	6000000016886549048
Q105579018	6000000109135346843
Q105579019	6000000109134461846
Q105579020	6000000200774267853
Q105579021	6000000092330135998
Q105579023	6000000040677610845
Q105579024	6000000102156122941
Q105579025	6000000020758705422
Q105579026	6000000089824463990
Q105579027	6000000020758767313
Q105579028	6000000109135196940
Q105579031	6000000016886152734
Q105579033	6000000024712938845
Q105579036	6000000058551200921
Q105579039	6000000013753127758
Q105579045	6000000019101325203
Q105579046	6000000157717853829
Q105579047	6000000062564853861
Q105579050	6000000023128519936
Q105579053	6000000050919048973
Q105579054	6000000062451503898
Q105579055	6000000173345075847
Q105579056	6000000029620853032
Q105579057	6000000016944194497
Q105579058	6000000051394610094
Q105579060	6000000019683265597
Q105579061	6000000068519695846
Q105579063	6000000037887677979
Q105579065	6000000023128131293
Q105579067	6000000076160238833
Q105579068	6000000019683475377
Q105579069	6000000062567602165
Q105579071	6000000014319987492
Q105579077	6000000189570112865
Q105579078	6000000033823636010
Q105579079	6000000026191300340
Q105579081	6000000062449933986
Q105579082	6000000020883075840
Q105579084	6000000047346715993
Q105579085	6000000078673953681
Q105579087	6000000037887191561
Q105579088	6000000173850789925
Q105579089	6000000015635800940
Q105579092	6000000063725226178
Q105579095	6000000017038183546
Q105579097	6000000076165603867
Q105579098	6000000068515568893
Q105579099	6000000029620910043
Q105579102	6000000049320819004
Q105579105	6000000034050823241
Q105579106	6000000049741512823
Q105579108	6000000034884363170
Q105579110	6000000024687313728
Q105579113	6000000012849191633
Q105579118	6000000017548003530
Q105579123	6000000015636301123
Q105579124	6000000183564608821
Q105579126	6000000010278141896
Q105579127	6000000189593930831
Q105579128	6000000173850203121
Q105579131	6000000015527750027
Q105579132	6000000019156839755
Q105579134	6000000078710012423
Q105579136	6000000026191705609
Q105579137	6000000062564433885
Q105579138	6000000056993722936
Q105579139	6000000068516830028
Q105579141	6000000019157410793
Q105579142	6000000015636250352
Q105579149	6000000020454929910
Q105579161	6000000035856098017
Q105579164	6000000015349409878
Q105579165	6000000056636410947
Q105579168	6000000000806977752
Q105579170	6000000016119937410
Q105579171	6000000000806977766
Q105579172	6000000000806977738
Q105579173	6000000000806977689
Q105579175	6000000000806977759
Q105579176	6000000000806977696
Q105579177	6000000000806977745
Q105579179	6000000025538907224
Q105579180	6000000000806977703
Q105579183	6000000023727379424
Q105579184	6000000016938570336
Q105579185	6000000039919465773
Q105579189	6000000039919868986
Q105579190	6000000020428840046
Q105579193	6000000112540481338
Q105579194	6000000064827793938
Q105579198	6000000036897754005
Q105579200	6000000174540175182
Q105579204	6000000108739248825
Q105579205	6000000064828418034
Q105579206	6000000025550506576
Q105579207	6000000064831365984
Q105579208	6000000021969981541
Q105579211	6000000016105376525
Q105579213	6000000029244449320
Q105579216	6000000108752535821
Q105579217	6000000025622369973
Q105579219	6000000021970025283
Q105579220	6000000173251076963
Q105579221	6000000068765075886
Q105579223	6000000127168199912
Q105579225	6000000096847854876
Q105579232	6000000064827827863
Q105579234	6000000112527746821
Q105579237	6000000020626887825
Q105579239	6000000021969707722
Q105579243	6000000064829595867
Q105579245	6000000017777856248
Q105579246	6000000026039777473
Q105579247	6000000023727732963
Q105579248	6000000020428566385
Q105579252	6000000176283631915
Q105579254	6000000077649689862
Q105579256	6000000049590600853
Q105579257	6000000039919850206
Q105579258	6000000080335526340
Q105579259	6000000081326349878
Q105579260	6000000064829948196
Q105579261	6000000064828479898
Q105579262	6000000108756429821
Q105579263	6000000174522872467
Q105579265	6000000013040596246
Q105579267	6000000035180508453
Q105579268	6000000020428614743
Q105579269	6000000064829990931
Q105579271	6000000023941924853
Q105579274	6000000014946974034
Q105579275	6000000014946460985
Q105579278	6000000017221863152
Q105579286	6000000083403198049
Q105579287	6000000017221803155
Q105579293	6000000017221748277
Q105579294	6000000197092769830
Q105579295	6000000109687128180
Q105579301	6000000017221353972
Q105579303	6000000025989484438
Q105579307	6000000178574185846
Q105579313	6000000080892788879
Q105579314	6000000089452617869
Q105579316	6000000178572988930
Q105579318	6000000208454718822
Q105579322	6000000006197156378
Q105579324	6000000060386804966
Q105579326	6000000018818296073
Q105579327	6000000068885208859
Q105579328	6000000068885013845
Q105579329	6000000048636826247
Q105579330	6000000048636901105
Q105579331	6000000018824063005
Q105579332	6000000018823976250
Q105579333	6000000060386915935
Q105579335	6000000023686952055
Q105579336	6000000023725054752
Q105579338	6000000009836373267
Q105579339	6000000083797222936
Q105579341	6000000018817030493
Q105579342	6000000018818579079
Q105579343	6000000009420631913
Q105579344	6000000018038622034
Q105579346	6000000018819217544
Q105579347	6000000209303685822
Q105579353	6000000008428201370
Q105579354	6000000194778057830
Q105579359	6000000008440689459
Q105579361	6000000015402618355
Q105579362	6000000015404138230
Q105579363	6000000189595580846
Q105579367	6000000107997423908
Q105579368	6000000016700110556
Q105579373	6000000015404310215
Q105579380	6000000107997492841
Q105579383	6000000113465382911
Q105579386	6000000015404429237
Q105579388	6000000185126518894
Q105579391	6000000015404310226
Q105579394	6000000080329196129
Q105579397	6000000014070805410
Q105579400	6000000193529647832
Q105579401	6000000042082431006
Q105579402	6000000015405157284
Q105579405	6000000181235977838
Q105579406	6000000107992378821
Q105579407	6000000017107016806
Q105579411	6000000015405002262
Q105579412	6000000153914329833
Q105579421	6000000197081069919
Q105579424	6000000197054444835
Q105579426	6000000107997181842
Q105579427	6000000015681938423
Q105579428	6000000001805399476
Q105579429	6000000015404138227
Q105579431	6000000175649408854
Q105579432	6000000141890105839
Q105579433	6000000200556518821
Q105579435	6000000141888279084
Q105579445	6000000043430260340
Q105579450	6000000017808513232
Q105579452	6000000107961643843
Q105579455	6000000028690580851
Q105579460	6000000189627132833
Q105579461	6000000076315257886
Q105579466	6000000077796825445
Q105579470	6000000076315118916
Q105579472	6000000011457568835
Q105579473	6000000077796571574
Q105579476	6000000093913909034
Q105579481	6000000189626199848
Q105579482	6000000077796627697
Q105579483	6000000034585899397
Q105579486	6000000077796770395
Q105579489	6000000013248949315
Q105579491	6000000013430510354
Q105579492	6000000103499941859
Q105579493	6000000036398978176
Q105579494	6000000191011897854
Q105579495	6000000195739512842
Q105579497	6000000061249989858
Q105579498	6000000038075496349
Q105579499	6000000120887923947
Q105579500	6000000195730669888
Q105579502	6000000077628604703
Q105579503	6000000178621538830
Q105579509	6000000195731998844
Q105579510	6000000033849120689
Q105579512	6000000038075833062
Q105579514	6000000061249877980
Q105579515	6000000030087200927
Q105579516	6000000061249909869
Q105579519	6000000111314903822
Q105579520	6000000195739449929
Q105579522	6000000180238073833
Q105579524	6000000106658392161
Q105579525	6000000193737709832
Q105579527	6000000111315816821
Q105579528	6000000178620559853
Q105579529	6000000180238262839
Q105579530	6000000120888303821
Q105579531	6000000071950134832
Q105579532	6000000185260376824
Q105579533	6000000061250075867
Q105579534	6000000077631045231
Q105579537	6000000090655899939
Q105579538	6000000017561881257
Q105579539	6000000080545339016
Q105579540	6000000019631711760
Q105579541	6000000021531181182
Q105579542	6000000031341089172
Q105579543	6000000074078077930
Q105579544	6000000022845304058
Q105579545	6000000027991132544
Q105579546	6000000031341072158
Q105579547	6000000044094921138
Q105579549	6000000121715064901
Q105579550	6000000027991187129
Q105579552	6000000017579373953
Q105579553	6000000083423708736
Q105579554	6000000075928443512
Q105579556	6000000070699559562
Q105579559	6000000070699356401
Q105579560	6000000021537046420
Q105579564	6000000054769546913
Q105579570	6000000105043784883
Q105579571	6000000096704012936
Q105579572	6000000070700213947
Q105579575	6000000020998804251
Q105579576	6000000020625759354
Q105579578	6000000020625705287
Q105579580	6000000031395604266
Q105579581	6000000031395478523
Q105579584	6000000003538575059
Q105579586	6000000072797870873
Q105579587	6000000059329749083
Q105579588	6000000072797713247
Q105579589	6000000077539799885
Q105579590	6000000016293628389
Q105579591	6000000016293626476
Q105579592	6000000041819453403
Q105579594	6000000030314754639
Q105579596	6000000084225310018
Q105579598	6000000084225810823
Q105579599	6000000198308808828
Q105579604	6000000020359673883
Q105579605	6000000116743488979
Q105579606	6000000076707532132
Q105579613	6000000010119480004
Q105579614	6000000010119844529
Q105579615	6000000013320667304
Q105579621	6000000044287872954
Q105579622	6000000031502090275
Q105579624	6000000193635663821
Q105579625	6000000109057512006
Q105579627	6000000057682686043
Q105579629	6000000074855045821
Q105579630	6000000044301615519
Q105579633	6000000086002963821
Q105579638	6000000074854912822
Q105579639	6000000020668252849
Q105579640	6000000044287863980
Q105579641	6000000176049118830
Q105579648	6000000048058229403
Q105579649	6000000019738335815
Q105579650	6000000056314720878
Q105579651	6000000019738726130
Q105579653	6000000059760249892
Q105579655	6000000047923792319
Q105579656	6000000041848120782
Q105579657	6000000041842308669
Q105579658	6000000041849676938
Q105579659	6000000041849663322
Q105579660	6000000181691550841
Q105579661	6000000181690338941
Q105579662	6000000013752558064
Q105579663	6000000016415135842
Q105579664	6000000083627580956
Q105579668	6000000016392571380
Q105579671	6000000032085458992
Q105579673	6000000077733606105
Q105579675	6000000007159623534
Q105579676	6000000026648103997
Q105579677	6000000034539595863
Q105579678	6000000034539047379
Q105579679	6000000016393060832
Q105579687	6000000058126065942
Q105579691	6000000190667964849
Q105579692	6000000033237308459
Q105579693	6000000055751922317
Q105579700	6000000082838602070
Q105579713	6000000103921298821
Q105579716	6000000164665448856
Q105579717	6000000103919751874
Q105579718	6000000088024943835
Q105579720	6000000023169844841
Q105579723	6000000103921721855
Q105579729	6000000164662919333
Q105579733	6000000088024247030
Q105579735	6000000103921459970
Q105579738	6000000159249168836
Q105579739	6000000159250510821
Q105579740	6000000033303911869
Q105579744	6000000178622288848
Q105579746	6000000178622270826
Q105579748	6000000033237009240
Q105579749	6000000033304776990
Q105579750	6000000070389086926
Q105579751	6000000033237055438
Q105579752	6000000033302409248
Q105579753	6000000178622635821
Q105579754	6000000077068497128
Q105579761	6000000013302619498
Q105579762	6000000013302873971
Q105579763	6000000013302915529
Q105579764	6000000013302918617
Q105579765	6000000013302530902
Q105579773	6000000175706378839
Q105579775	6000000067853819821
Q105579776	6000000037556826106
Q105579777	6000000021405810502
Q105579780	6000000150653498101
Q105579781	6000000041109988344
Q105579782	6000000075140097132
Q105579784	6000000076836910310
Q105579786	6000000188990799822
Q105579787	6000000076837452173
Q105579789	6000000039640158414
Q105579790	6000000076836888589
Q105579796	6000000076085285858
Q105579797	6000000025057939047
Q105579799	6000000150652978070
Q105579800	6000000188990554841
Q105579802	6000000083886968840
Q105579808	6000000041992937380
Q105579809	6000000076085329830
Q105579810	6000000018079296298
Q105579811	6000000037556783051
Q105579812	6000000019264060336
Q105579815	6000000093535338890
Q105579818	6000000019494362256
Q105579822	6000000150653530938
Q105579823	6000000091636705926
Q105579824	6000000022205337182
Q105579827	6000000022423051073
Q105579829	6000000175818202834
Q105579835	6000000076837405034
Q105579836	6000000093535415875
Q105579838	6000000030672221209
Q105579839	6000000192256286831
Q105579843	6000000192255812840
Q105579844	6000000192255773910
Q105579845	6000000196131221858
Q105579849	6000000060300211348
Q105579850	6000000060300909984
Q105579852	6000000153733077845
Q105579853	6000000003895321447
Q105579854	1151144
Q105579855	6000000020372955464
Q105579858	1151301
Q105579859	6000000003895278495
Q105579860	6000000103984649847
Q105579864	6000000153728091890
Q105579869	6000000041995166831
Q105579870	6000000080323511205
Q105579871	6000000003894470423
Q105579874	6000000149897661860
Q105579875	6000000190084406824
Q105579877	6000000019540341878
Q105579878	6000000032622034971
Q105579879	6000000076741498232
Q105579880	6000000076721278618
Q105579881	6000000015030306457
Q105579882	6000000019539771686
Q105579883	6000000019263976772
Q105579886	6000000019369951057
Q105579887	6000000076739949219
Q105579888	6000000076728925861
Q105579889	6000000019540031839
Q105579890	6000000015030309398
Q105579891	6000000032621649400
Q105579892	6000000076727147159
Q105579893	6000000019543659285
Q105579894	6000000019543623323
Q105579895	6000000020638386618
Q105579896	6000000017416385871
Q105579897	6000000012389137805
Q105579898	6000000019543975042
Q105579900	6000000012401223427
Q105579901	6000000078052749626
Q105579902	6000000012772248641
Q105579903	6000000078053776977
Q105579904	6000000082754040874
Q105579907	6000000078027008926
Q105579908	6000000078026129791
Q105579909	6000000012773716968
Q105579910	6000000078052908504
Q105579911	6000000066901099830
Q105579914	6000000066924203835
Q105579918	6000000079856650863
Q105579921	6000000066903416821
Q105579944	6000000181133518901
Q105579946	6000000116533581881
Q105579950	6000000077326206880
Q105579952	6000000066832597824
Q105579958	6000000001335702775
Q105579959	6000000031497376089
Q105579960	6000000001335702746
Q105579961	6000000146027880860
Q105579962	6000000066831942830
Q105579966	6000000066832788976
Q105579970	6000000046464893822
Q105579971	6000000129653974062
Q105579972	6000000001335702799
Q105579973	6000000146049959043
Q105579975	6000000020651794327
Q105579976	6000000036541487916
Q105579978	6000000077324123781
Q105579979	6000000085903917989
Q105579981	6000000036540764815
Q105579982	6000000210067049829
Q105579984	6000000001335702813
Q105579988	6000000077330849522
Q105579989	6000000001335702788
Q105579993	6000000046463973417
Q105579995	6000000085904577859
Q105579996	6000000050645033190
Q105579999	6000000185234680861
Q105580000	6000000066832116076
Q105580001	6000000077324049646
Q105580002	6000000066831845925
Q105580003	6000000077324141675
Q105580006	6000000209366389827
Q105580007	6000000066832283997
Q105580009	6000000077333793646
Q105580011	6000000001335702761
Q105580018	6000000069934077173
Q105580019	6000000070198622879
Q105580020	6000000035203892853
Q105580021	6000000040360640690
Q105580024	6000000181577457826
Q105580025	6000000010943941750
Q105580029	6000000084035213889
Q105580030	6000000073399403061
Q105580038	6000000197028581824
Q105580041	6000000204803677839
Q105580042	6000000018892237059
Q105580047	6000000075248070821
Q105580049	6000000174406690247
Q105580051	6000000076484682993
Q105580057	6000000080467690952
Q105580060	6000000031340913381
Q105580062	6000000075244281908
Q105580063	6000000036293981146
Q105580073	6000000026615154440
Q105580074	6000000018715306132
Q105580076	6000000036294067017
Q105580085	6000000036293794653
Q105580086	6000000008280243387
Q105580092	6000000031826446847
Q105580093	6000000031328715299
Q105580095	6000000018513808405
Q105580096	6000000037616500894
Q105580101	6000000025058010510
Q105580102	6000000075243566576
Q105580103	6000000072421387484
Q105580106	6000000084108514905
Q105580111	6000000036293857178
Q105580115	6000000031826241164
Q105580116	6000000034053786147
Q105580121	6000000075949036312
Q105580124	6000000075244130384
Q105580130	6000000078133218844
Q105580134	6000000074718991456
Q105580139	6000000037752308029
Q105580145	6000000126744137857
Q105580147	6000000044457832618
Q105580149	6000000069797311936
Q105580152	6000000004590231985
Q105580153	6000000069797616878
Q105580154	6000000069797036057
Q105580156	6000000028972106318
Q105580159	6000000028971923602
Q105580176	6000000017617324662
Q105580178	6000000176606931827
Q105580181	6000000183349963847
Q105580184	6000000050679703918
Q105580190	6000000036228778320
Q105580193	6000000117711348945
Q105580194	6000000019142916157
Q105580196	6000000018663953529
Q105580197	6000000098133500148
Q105580202	6000000069507946864
Q105580208	6000000035566344361
Q105580210	6000000077121212782
Q105580211	6000000180264636874
Q105580212	6000000180265443851
Q105580214	6000000042115864458
Q105580215	6000000130389833821
Q105580222	6000000067847843907
Q105580223	6000000184441470888
Q105580224	6000000020557846554
Q105580241	6000000172627408884
Q105580242	6000000019309531082
Q105580243	6000000017360422218
Q105580246	6000000017365215237
Q105580247	6000000017363407805
Q105580248	6000000017365555395
Q105580250	6000000206595160826
Q105580257	6000000129380346835
Q105580259	6000000129381572848
Q105580260	6000000129381275821
Q105580265	6000000151914453875
Q105580271	6000000151912949856
Q105580272	6000000019091809748
Q105580276	6000000026189494509
Q105580277	6000000016524168052
Q105580282	6000000027363435579
Q105580285	6000000081024342444
Q105580288	6000000034040556216
Q105580289	6000000072425885855
Q105580291	6000000081024634353
Q105580292	6000000081025082981
Q105580293	6000000044844396900
Q105580294	6000000072425892890
Q105580295	6000000081024604394
Q105580298	6000000013997830672
Q105580302	6000000016925375483
Q105580304	6000000082644838841
Q105580305	6000000018394239172
Q105580309	6000000016931415423
Q105580313	6000000019908894491
Q105580318	6000000038934479161
Q105580320	6000000189682315827
Q105580323	6000000184445122822
Q105580324	6000000042783490030
Q105580335	6000000082670481332
Q105580336	6000000016931414023
Q105580337	6000000019296156488
Q105580340	6000000041778856031
Q105580341	6000000177932970858
Q105580344	6000000006917592054
Q105580348	6000000041937350010
Q105580352	6000000006917243483
Q105580354	6000000018963490839
Q105580355	6000000019908942402
Q105580356	6000000082669762811
Q105580358	6000000018397100330
Q105580362	6000000006917739374
Q105580364	6000000082649989835
Q105580368	6000000082672508877
Q105580371	6000000018394224341
Q105580375	6000000018963723585
Q105580377	6000000189681084851
Q105580381	6000000122060524029
Q105580383	6000000082671664093
Q105580384	6000000038934911985
Q105580387	6000000120570412024
Q105580388	6000000184497606877
Q105580392	6000000198346433834
Q105580395	6000000052994927823
Q105580404	6000000065638285865
Q105580407	6000000201351966871
Q105580410	6000000167574272061
Q105580420	6000000167573896833
Q105580424	6000000001805396590
Q105580427	6000000201350225844
Q105580435	6000000184498509826
Q105580436	6000000113894977836
Q105580438	6000000198347069822
Q105580439	6000000167573851847
Q105580449	6000000120566304992
Q105580450	6000000167573812857
Q105580463	6000000048467821968
Q105580467	6000000196776070825
Q105580469	6000000020461640846
Q105580472	6000000046250930166
Q105580478	6000000020722063633
Q105580479	6000000071398690889
Q105580485	6000000024822789241
Q105580489	6000000174611180219
Q105580490	6000000175377017979
Q105580491	6000000016695965598
Q105580492	6000000206352576828
Q105580501	6000000071512596879
Q105580503	6000000189713237859
Q105580504	6000000196776345822
Q105580534	6000000003679864718
Q105580538	6000000077159758032
Q105580539	6000000018648767532
Q105580542	6000000019953282001
Q105580543	6000000023262057784
Q105580544	6000000083957915311
Q105580546	6000000021010020491
Q105580547	6000000042516106437
Q105580549	6000000014742391016
Q105580550	6000000071734799284
Q105580553	6000000012430998454
Q105580556	6000000000198372353
Q105580558	6000000018469504571
Q105580559	6000000068884810852
Q105580561	6000000030087038562
Q105580564	6000000009974138056
Q105580567	6000000177933478841
Q105580825	6000000027817521332
Q105580868	6000000027817427557
Q105581378	6000000002928203154
Q105581565	6000000024446268516
Q105582558	6000000181044629834
Q105583582	6000000042334155569
Q1055843	6000000140762155116
Q105585	6000000088881025922
Q105585244	6000000035428993554
Q105585400	6000000035430138090
Q105585410	6000000035430654892
Q105585439	6000000035429526267
Q105585515	6000000035431557532
Q105586	6000000006727796048
Q10558773	6000000074727771171
Q105589	6000000012400508925
Q105589265	6000000016695604239
Q10558956	6000000074719167862
Q105589970	6000000016695559424
Q105590192	6000000006788315379
Q105590194	6000000009936139565
Q105590277	361755684220006861
Q105590490	6000000004086446135
Q105590547	6000000010103805730
Q105590547	6000000041633464077
Q105590809	362738322570007056
Q105590809	6000000004086446141
Q105590888	6000000006854079790
Q105591399	6000000004086443323
Q105591523	6000000001180243781
Q105591553	6000000001180101879
Q105591680	6000000001180339862
Q105592061	6000000178414224822
Q105592438	6000000074077114905
Q105592991	6000000028456341747
Q105593034	6000000040982304897
Q105593336	6000000001588368493
Q1055934	6000000016560199223
Q105593418	6000000179639879826
Q105593468	6000000175375347287
Q105593474	6000000103987619821
Q105593476	6000000106997495868
Q105593477	6000000078068702925
Q105593479	6000000064941308830
Q105593483	6000000106998382895
Q105593484	6000000078069006838
Q105593485	6000000041655542909
Q105593486	6000000084967022433
Q105593488	6000000024129085596
Q105593489	6000000024155445388
Q105593490	6000000024157358340
Q105593491	6000000024154483145
Q105593493	6000000024117857248
Q105593495	6000000180281540830
Q105593496	6000000024129153582
Q105593497	6000000024129260409
Q105593500	6000000180281739844
Q105593501	6000000205316623860
Q105593502	6000000077846586194
Q105593504	6000000014565811984
Q105593506	6000000009341576263
Q105593507	6000000016360214923
Q105593508	6000000018607827518
Q105593512	6000000017069959885
Q105593581	6000000077846697953
Q105593583	6000000169799371994
Q105593591	6000000090897325962
Q105593594	6000000009341424564
Q105593595	6000000021302253303
Q105593596	6000000169799899857
Q105593597	6000000020825701362
Q105593603	6000000017070010716
Q105593605	6000000081565393244
Q105593608	6000000196726149854
Q105593609	6000000020761935897
Q105593610	6000000169799654991
Q105593611	6000000005441275309
Q105593612	6000000101824837901
Q105593614	6000000067184717988
Q105593615	6000000022538514431
Q105593618	6000000020761876015
Q105593621	6000000085787718080
Q105593622	6000000032815568325
Q105593623	6000000006844978493
Q105593628	6000000006844549934
Q105593630	6000000019569231675
Q105593632	6000000020761769521
Q105593638	6000000014110260192
Q105593640	6000000077844604446
Q105593642	6000000077845263643
Q105593643	6000000080102793642
Q105593653	6000000180125240870
Q105593655	6000000203425012822
Q105593663	6000000189966354821
Q105593668	6000000017053412776
Q105593672	6000000180282065838
Q105593674	6000000196776665917
Q105593676	6000000196777083880
Q105593679	6000000115665202134
Q105593686	6000000081729372037
Q105593690	6000000188749945823
Q105593691	6000000212867028826
Q105593694	6000000115666355847
Q105593695	6000000115666170862
Q105593705	6000000040804971201
Q105593711	6000000022851113591
Q105593713	6000000074518949839
Q105593715	6000000174781046220
Q105593716	6000000038105981834
Q105593720	6000000029661106953
Q105593723	6000000178622652833
Q105593730	6000000034197166419
Q105593732	6000000019276951222
Q105593733	6000000019799407753
Q105593735	6000000040338013124
Q105593738	6000000174781090406
Q105593739	6000000029074374657
Q105593740	6000000175252847932
Q105593742	6000000041173275997
Q105593743	6000000041561519301
Q105593748	6000000074446602824
Q105593749	6000000042242588712
Q105593750	6000000042242453422
Q105593752	6000000022849738876
Q105593756	6000000019800150007
Q105593757	6000000194529195852
Q105593758	6000000074445963025
Q105593759	6000000043668694965
Q105593760	6000000071154549271
Q105593761	6000000041561452372
Q105593762	6000000105435241827
Q105593766	6000000033256448015
Q105593767	6000000041560997100
Q105593769	6000000025096045215
Q105593770	6000000018516079510
Q105593771	6000000020625083324
Q105593772	6000000019571320482
Q105593775	6000000038104189821
Q105593783	6000000105435414939
Q105593785	6000000018516112670
Q105593787	6000000003538548395
Q105593788	6000000038103540385
Q105593790	6000000178622678823
Q105593793	6000000040337877322
Q105593794	6000000145342112113
Q105593796	6000000174782921901
Q105593798	6000000162277095846
Q105593800	6000000073861683886
Q105593803	6000000178622222851
Q105593808	6000000041173413465
Q105593810	6000000118197207832
Q105593811	6000000162271322827
Q105593812	6000000145342562937
Q105593813	6000000071155729982
Q105593816	6000000196336551835
Q105593817	6000000071156199379
Q105593818	6000000008024824350
Q105593820	6000000105483057839
Q105593822	6000000019228063587
Q105593825	6000000025095762716
Q105593827	6000000071154753112
Q105593829	6000000071156249833
Q105593831	6000000020625157452
Q105593832	6000000042243066120
Q105593834	6000000071156549287
Q105593838	6000000021502884902
Q105593840	6000000074446121148
Q105593843	6000000049536949132
Q105593847	6000000077326800404
Q105593849	6000000012659993708
Q105593850	6000000182490491827
Q105593860	6000000203843907823
Q105593864	6000000002802259339
Q105593865	6000000034550094407
Q105593876	6000000041589226599
Q105593896	6000000015584786939
Q105593898	6000000014794217613
Q105593899	6000000034902005972
Q105593900	6000000079306148087
Q105593901	6000000036307628843
Q105593903	6000000038907469581
Q105593906	6000000064154075303
Q105593909	6000000034900555696
Q105593911	6000000014794285374
Q105593914	6000000082625039852
Q105593918	6000000190026742824
Q105593921	6000000208570146827
Q105593926	6000000127815368823
Q105593931	6000000099699126825
Q105593932	6000000189826854826
Q105593938	6000000022832616359
Q105593941	6000000079307269833
Q105593942	6000000064155485900
Q105593943	6000000064154700857
Q105593944	6000000099698862821
Q105593945	6000000027324225269
Q105593947	6000000189827918821
Q105593954	6000000180286671871
Q105593955	6000000020650523115
Q105593958	6000000180288540850
Q105593959	6000000196862957831
Q105593963	6000000034902232009
Q105593964	6000000180317849870
Q105593966	6000000183460819982
Q105593967	6000000127694119821
Q105593969	6000000082625066822
Q105593970	6000000060524140833
Q105593971	6000000183466033826
Q105593975	6000000060524498838
Q105593978	6000000088341537944
Q105593979	6000000020651019978
Q105593980	6000000082624015251
Q105593981	6000000180289211857
Q105593984	6000000002388915362
Q105593986	6000000037580885590
Q105593987	6000000036307645839
Q105593991	6000000127683462176
Q105593992	6000000017252603913
Q105593996	6000000014936187029
Q105593997	6000000014935578492
Q105593998	6000000014935727383
Q105593999	6000000014935836362
Q105594	6000000017198181668
Q105594000	6000000014936124191
Q105594002	6000000033930422053
Q105594004	6000000033930182455
Q105594006	6000000033930974575
Q105594014	6000000189840315843
Q105594016	6000000180318860846
Q105594017	6000000205443896821
Q105594020	6000000092796847048
Q105594022	6000000092796225973
Q105594024	6000000092797701925
Q105594025	6000000205443551891
Q105594031	6000000092795069155
Q105594033	6000000026273038064
Q105594046	6000000126202836823
Q105594051	6000000100733241913
Q105594063	6000000035133017637
Q105594065	6000000035132680732
Q105594066	6000000024418332826
Q105594067	6000000056357532929
Q105594069	6000000077950846180
Q105594073	6000000189840985860
Q105594076	6000000076507129696
Q105594077	6000000076508886932
Q105594078	6000000075481673461
Q105594079	6000000076616239965
Q105594080	6000000075335922910
Q105594081	6000000194779118832
Q105594082	6000000076836884893
Q105594083	6000000016207663969
Q105594084	6000000076797855868
Q105594085	6000000081512126487
Q105594087	6000000075299285369
Q105594088	5593428340370030427
Q105594091	6000000081913115259
Q105594092	6000000076780851840
Q105594093	6000000076788815340
Q105594095	6000000081527644964
Q105594099	6000000019235218194
Q105594101	6000000076509452914
Q105594108	6000000072177258989
Q105594111	6000000075497379281
Q105594116	6000000038356603188
Q105594117	6000000075574801208
Q105594118	6000000052521470870
Q105594119	6000000076781614853
Q105594120	6000000165540389825
Q105594123	6000000017130300705
Q105594125	6000000075482766867
Q105594128	6000000216059041821
Q105594129	6000000083471913999
Q105594130	6000000078133694960
Q105594131	6000000084735125878
Q105594133	6000000081515643915
Q105594135	6000000076777900007
Q105594136	6000000072176854915
Q105594140	6000000076797852943
Q105594141	6000000075346349933
Q105594142	6000000068486968916
Q105594144	6000000019146874757
Q105594145	6000000030916635538
Q105594146	6000000019375877048
Q105594147	6000000072168050015
Q105594148	6000000072168050144
Q105594149	6000000076836452244
Q105594150	6000000081516609931
Q105594151	6000000076340865021
Q105594152	6000000081922156180
Q105594153	6000000081919359886
Q105594154	6000000082042103421
Q105594158	6000000002765685940
Q105594162	6000000068881436970
Q105594163	6000000083470776813
Q105594164	6000000076796743903
Q105594166	6000000017587242375
Q105594167	6000000072176983821
Q105594168	6000000072177511821
Q105594169	6000000018651603763
Q105594171	6000000072177737012
Q105594172	6000000070132984832
Q105594173	6000000081912088252
Q105594174	6000000075500011954
Q105594175	6000000083823708203
Q105594176	6000000116952331944
Q105594178	6000000017130449528
Q105594179	6000000069051964839
Q105594180	6000000082146431916
Q105594184	6000000076904341809
Q105594185	6000000076789200939
Q105594186	6000000084761298832
Q105594187	6000000076833011020
Q105594188	6000000084760238379
Q105594189	6000000035566019245
Q105594190	6000000076796744958
Q105594191	6000000186986841825
Q105594192	6000000082139425550
Q105594193	6000000081912998300
Q105594194	6000000076798513825
Q105594195	6000000000952273598
Q105594197	6000000019884196949
Q105594198	6000000035565606183
Q105594201	6000000081513347851
Q105594205	6000000072168013542
Q105594206	6000000082142242041
Q105594209	6000000083471023949
Q105594210	6000000017241033718
Q105594211	6000000081915054172
Q105594212	6000000076796708002
Q105594213	6000000081515668898
Q105594214	6000000079277615285
Q105594219	6000000075496480968
Q105594222	6000000078360706934
Q105594223	6000000075563079825
Q105594229	6000000083471055653
Q105594231	6000000070985894895
Q105594232	6000000075564734010
Q105594234	6000000019356250625
Q105594235	6000000072182921285
Q105594236	6000000072183925825
Q105594237	6000000042439617348
Q105594238	6000000075410069855
Q105594240	6000000193255068822
Q105594241	6000000031297864359
Q105594242	6000000082042586135
Q105594243	6000000081915372327
Q105594244	6000000068879895880
Q105594245	6000000033919010997
Q105594246	6000000019884577073
Q105594247	6000000072393729306
Q105594249	6000000072393904914
Q105594250	6000000072182171031
Q105594251	6000000072168452370
Q105594252	6000000081917293210
Q105594253	6000000081514233893
Q105594254	6000000055716783988
Q105594257	6000000072169748990
Q105594258	6000000078133923892
Q105594264	6000000082666851973
Q105594266	6000000000952376338
Q105594267	6000000007281103483
Q105594268	6000000075338280855
Q105594269	6000000076833226825
Q105594272	6000000075566381114
Q105594273	6000000081922636999
Q105594275	6000000026381820680
Q105594276	6000000075290686198
Q105594277	6000000014524665680
Q105594278	6000000077645763952
Q105594279	6000000055549487005
Q105594280	6000000075348177821
Q105594281	6000000076510948854
Q105594282	6000000075496855835
Q105594285	6000000081516578853
Q105594286	6000000075398207341
Q105594287	6000000076833259805
Q105594290	6000000076779252503
Q105594291	6000000206271285843
Q105594296	6000000076511142884
Q105594298	6000000081514086998
Q105594303	6000000081516728954
Q105594304	6000000081513438833
Q105594306	6000000070132915860
Q105594308	6000000082142396010
Q105594309	6000000199223553835
Q105594310	6000000044177341059
Q105594311	6000000077978178557
Q105594315	6000000030868608302
Q105594321	6000000075268021842
Q105594322	6000000075267477010
Q105594323	6000000033814044030
Q105594324	6000000072414818505
Q105594325	6000000082042469250
Q105594326	6000000078132804497
Q105594327	6000000076839298556
Q105594334	6000000084036359225
Q105594335	6000000081516630854
Q105594337	6000000076511426874
Q105594338	6000000181727109826
Q105594339	6000000074723485487
Q105594340	6000000193256792824
Q105594341	6000000081916123070
Q105594343	6000000081916428836
Q105594344	6000000075564033024
Q105594345	6000000052536210166
Q105594346	6000000076835799726
Q105595061	6000000021735442834
Q105595181	6000000028145565434
Q105595205	6000000178087982829
Q10559521	6000000075405406035
Q105595211	6000000023900606301
Q105595212	6000000035565341650
Q105595213	6000000023552630152
Q105595214	6000000072417202851
Q105595215	6000000003618661060
Q105595216	6000000024800837791
Q105595218	6000000075299706832
Q105595219	6000000076836913837
Q105595220	6000000196022089848
Q105595221	6000000081517231003
Q105595222	6000000081516649970
Q105595223	6000000075251165822
Q105595224	6000000194779112883
Q105595226	6000000081917225698
Q105595227	6000000083911171937
Q105595228	6000000076839478597
Q105595229	6000000030868681182
Q105595230	6000000076780457197
Q105595231	6000000081922226869
Q105595233	6000000075409918918
Q105595234	6000000084759155087
Q105595236	6000000081921942024
Q105595237	6000000076839376610
Q105595238	6000000068542232203
Q105595239	6000000026381987763
Q105595240	6000000081913150010
Q105595241	6000000075489036957
Q105595242	6000000072176904011
Q105595244	6000000077979655056
Q105595245	6000000033124958827
Q105595247	6000000075484322882
Q105595252	6000000075400934844
Q105595254	6000000184195682854
Q105595255	6000000021406670116
Q105595256	6000000075410160821
Q105595258	6000000194779568851
Q105595259	6000000087722245865
Q105595260	6000000160944614823
Q105595261	6000000019927308956
Q105595262	6000000075258299048
Q105595263	6000000196857396867
Q105595264	6000000081917969911
Q105595265	6000000075605505872
Q105595266	6000000081911871366
Q105595268	6000000019034915261
Q105595269	6000000075949101873
Q105595270	6000000081511755341
Q105595271	6000000077209939914
Q105595272	6000000075574457591
Q105595274	6000000075400362267
Q105595275	6000000076779034806
Q105595276	6000000076796565894
Q105595277	6000000076414823962
Q105595278	6000000075490309941
Q105595279	6000000081513532891
Q105595280	6000000019884369438
Q105595282	6000000078132839232
Q105595283	6000000076823485454
Q105595284	6000000076919259177
Q105595293	6000000164249672923
Q105595297	6000000073528492027
Q105595299	6000000072415014951
Q105595300	6000000074724060898
Q105595301	6000000073528559848
Q105595303	6000000084035393920
Q105595310	6000000084035505024
Q105595311	6000000072388105988
Q105595312	6000000072420311491
Q105595315	6000000019032807661
Q105595317	6000000078490746199
Q105595318	6000000072420151308
Q105595320	6000000015465578053
Q105595321	6000000072420006276
Q105595332	6000000183987076993
Q105595333	6000000145348154925
Q105595335	6000000145349215873
Q105595336	6000000183991518821
Q105595343	6000000180362361834
Q105595348	6000000060497367891
Q105595349	6000000024170566311
Q105595350	6000000015702829738
Q105595351	6000000043151775877
Q105595355	6000000081070870821
Q105595357	6000000019628703445
Q105595358	6000000043151326285
Q105595362	6000000043151782230
Q105595364	6000000060482239221
Q105595365	6000000185176484862
Q105595368	6000000076035661926
Q105595369	6000000071106347014
Q105595370	6000000043163870930
Q105595371	6000000060497782876
Q105595372	6000000021805221949
Q105595376	6000000021805102086
Q105595377	6000000015274052011
Q105595378	6000000076035305291
Q105595385	6000000026227732495
Q105595386	6000000018637809878
Q105595388	6000000043171123792
Q105595390	6000000043151994123
Q105595391	6000000091727253202
Q105595392	6000000027763543116
Q105595393	6000000043151395342
Q105595398	6000000076036083842
Q105595402	6000000189658900844
Q105595404	6000000096239342825
Q105595407	6000000091728512885
Q105595408	6000000180125571860
Q105595409	6000000103477086874
Q105595411	6000000043169347137
Q105595412	6000000180126768821
Q105595413	6000000060498069821
Q105595415	6000000016886183605
Q105595417	6000000168813316910
Q105595418	6000000015771900623
Q105595422	6000000070185518359
Q105595423	6000000109282584821
Q105595424	6000000085567144108
Q105595425	6000000109282438869
Q105595430	6000000081749743852
Q105595431	6000000081363994007
Q105595432	6000000023470819242
Q105595435	6000000021049982841
Q105595436	6000000021049784643
Q105595438	6000000075284816873
Q105595439	6000000073743941931
Q105595441	6000000015591999143
Q105595442	6000000194892813840
Q105595445	6000000073743856078
Q105595449	6000000075284548075
Q105595451	6000000073744807834
Q105595452	6000000045108434196
Q105595453	6000000045144201340
Q105595458	6000000120712293849
Q105595460	6000000120713178821
Q105595466	6000000120712184859
Q105595470	6000000120709940821
Q105595477	6000000117135026931
Q105595481	6000000117134921822
Q105595489	6000000117134380920
Q105595494	6000000067587812871
Q105595495	6000000120566106821
Q105595497	6000000027520849498
Q105595501	6000000020249246750
Q105595503	6000000020722634963
Q105595506	6000000020249387907
Q105595519	6000000016070600766
Q105595520	6000000079892619865
Q105595521	6000000041417267324
Q105595523	6000000041643942834
Q105595526	6000000041643770081
Q105595531	6000000041643640597
Q105595532	6000000044461422962
Q105595535	6000000192752012826
Q105595536	6000000192752354824
Q105595538	6000000028205267766
Q105595542	6000000071158336828
Q105595543	6000000149222777002
Q105595544	6000000000513090101
Q105595545	6000000000512963409
Q105595547	6000000071158282926
Q105595549	6000000150842955917
Q105595550	6000000159758716824
Q105595552	6000000071158224235
Q105595553	6000000017053221548
Q105595554	6000000000150683117
Q105595555	6000000033090298872
Q105595559	6000000043178918325
Q105595562	6000000065095401979
Q105595563	6000000080650374923
Q105595564	6000000018180385375
Q105595565	6000000033090086180
Q105595566	6000000083163215157
Q105595567	6000000081368584925
Q105595570	6000000043130165946
Q105595571	6000000017364987103
Q105595574	6000000025303429031
Q105595576	6000000043179332878
Q105595577	6000000080650021105
Q105595579	6000000017289337108
Q105595581	6000000180664103872
Q105595584	6000000017364642809
Q105595587	6000000194904874823
Q105595600	6000000092247674888
Q105595603	6000000066658334996
Q105595605	6000000184929838821
Q105595606	6000000033868328433
Q105595607	6000000202153537822
Q105595608	6000000034718347895
Q105595609	6000000034717953073
Q105595612	6000000033868587278
Q105595615	6000000077645275059
Q105595616	6000000086455818114
Q105595627	6000000014518118362
Q105595628	6000000017557058720
Q105595633	6000000021631837485
Q105595635	6000000071621608037
Q105595641	6000000039332302240
Q105595642	6000000030000543482
Q105595648	6000000040831429815
Q105595651	6000000040731624524
Q105595655	6000000079949305845
Q105595659	6000000040732041829
Q105595660	6000000030000471222
Q105595662	6000000051262954328
Q105595666	6000000020772286816
Q105595667	6000000071623244821
Q105595668	6000000016592686702
Q105595669	6000000002388801594
Q105595670	6000000020772462458
Q105595671	6000000020625083338
Q105595675	6000000071622979050
Q105595676	6000000025719683915
Q105595678	6000000002388801583
Q105595679	6000000010921556420
Q105595686	6000000059886332862
Q105595691	6000000197234875602
Q105595695	6000000057408571027
Q105595696	6000000057408541097
Q105595699	6000000014338066051
Q105595702	6000000188979253823
Q105595711	6000000005922093261
Q105595718	6000000011635671874
Q105595720	6000000020281942815
Q105595722	6000000020371704462
Q105595723	6000000097831892821
Q105595724	6000000041860416579
Q105595728	6000000122772769867
Q105595729	6000000026335488046
Q105595730	6000000034670312546
Q105595731	6000000021039716196
Q105595732	6000000079030647050
Q105595733	6000000183335221828
Q105595734	6000000180218384845
Q105595738	6000000047455793031
Q105595743	6000000079030355960
Q105595745	6000000053691594844
Q105595748	6000000009447831902
Q105595750	6000000026270312033
Q105595752	6000000138126428860
Q105595755	6000000009448184329
Q105595758	6000000034670543148
Q105595759	6000000026335828911
Q105595760	6000000019030617926
Q105595761	6000000020331063181
Q105595763	6000000007177368206
Q105595764	6000000020371680519
Q105595767	6000000184917685833
Q105595772	6000000017347027250
Q105595774	6000000019924787476
Q105595775	6000000197111662847
Q105595779	6000000091657756998
Q105595782	6000000018911869443
Q105595783	6000000020281695803
Q105595784	6000000021039742197
Q105595785	6000000138126025968
Q105595787	6000000060262529154
Q105595789	6000000037013174009
Q105595790	6000000076364370080
Q105595794	6000000026269346207
Q105595795	6000000079030244280
Q105595797	6000000150655863877
Q105595799	6000000034013688310
Q105595808	6000000007014454376
Q105595809	6000000009685746674
Q105595810	6000000020781070178
Q105595811	6000000010017404663
Q105595812	6000000010016646048
Q105595813	6000000065633729031
Q105595815	6000000065633082923
Q105595816	6000000021051123598
Q105595818	6000000065631660929
Q105595819	369582077140002829
Q105595820	6000000002765654716
Q105595822	6000000065632339856
Q105595823	6000000013468199425
Q105595826	6000000065634114841
Q105595829	6000000028217985974
Q105595830	6000000076745098307
Q105595832	6000000076744712750
Q105595833	6000000044222058458
Q105595835	6000000076745574129
Q105595858	6000000085450868064
Q105595868	6000000088368312821
Q105595871	6000000201421881827
Q105595872	6000000082038436821
Q105595873	6000000082037613193
Q105595884	6000000084799076286
Q105595885	6000000054001434848
Q105595886	6000000054000162057
Q105595887	6000000084700180954
Q105595888	6000000054001527858
Q105595902	6000000137315879821
Q105595911	6000000018464584778
Q105595913	6000000036012581991
Q105595914	6000000014833765507
Q105595916	6000000059379544823
Q105595917	6000000037699900147
Q105595921	6000000014853084470
Q105595922	6000000014705700672
Q105595923	6000000035901044681
Q105595924	6000000110083244894
Q105595925	6000000036737839640
Q105595926	6000000057347788880
Q105595927	6000000057347847015
Q105595930	6000000036738192193
Q105595931	6000000047729729938
Q105595932	6000000021787302211
Q105595934	6000000035888927006
Q105595936	6000000055863658895
Q105595937	6000000185151387822
Q105595938	6000000022824374160
Q105595939	6000000043356265935
Q105595940	6000000014839683679
Q105595942	6000000035924851055
Q105595943	6000000070706967363
Q105595945	6000000047723008887
Q105595947	6000000043355953215
Q105595949	6000000014833531908
Q105595950	6000000133357076821
Q105595951	6000000055863060965
Q105595952	6000000036670956745
Q105595953	6000000044273954937
Q105595954	6000000035924839973
Q105595955	6000000037450581089
Q105595956	6000000053758186220
Q105595958	6000000014839401702
Q105595960	6000000047780015906
Q105595961	6000000086829453872
Q105595964	6000000035922198298
Q105595967	6000000178480612822
Q105595970	6000000057347439081
Q105595971	6000000035887951813
Q105595972	6000000043355655199
Q105595974	6000000035924137645
Q105595975	6000000035937048463
Q105595976	6000000036387137964
Q105595977	6000000037450342519
Q105595978	6000000057347347916
Q105595979	6000000037668981402
Q105595981	6000000055680099220
Q105595984	6000000178480403824
Q105595986	6000000014707166960
Q105595988	6000000053840071189
Q105595989	6000000028605414330
Q105595990	6000000028041696457
Q105595991	6000000031613944003
Q105595994	6000000037668787756
Q105595996	6000000040731377099
Q105595997	6000000035924634161
Q105595999	6000000047729752912
Q105596001	6000000043356332369
Q105596002	6000000018464653517
Q105596006	6000000047723101876
Q105596007	6000000017643447541
Q105596008	6000000057348132834
Q105596011	6000000022796655034
Q105596013	6000000040361631862
Q105596014	6000000037087436986
Q105596016	6000000040361440843
Q105596017	6000000017470896484
Q105596018	6000000022796421375
Q105596019	3218644
Q105596020	6000000078204136167
Q105596021	6000000017470277342
Q105596022	6000000067156741868
Q105596023	6000000028218333910
Q105596025	6000000067155627154
Q105596026	3166552
Q105596027	6000000040849413272
Q105596028	6000000017470537299
Q105596032	6000000040361566861
Q105596033	6000000040361745065
Q105596034	3218620
Q105596035	6000000103819845822
Q105596038	6000000180927968856
Q105596040	6000000001778119006
Q105596041	6000000087496638107
Q105596043	6000000035068315625
Q105596045	6000000016249802418
Q105596046	6000000035068711114
Q105596048	6000000035067851790
Q105596049	6000000035068204369
Q105596051	6000000014714573744
Q105596054	6000000084079437969
Q105596059	6000000073318588821
Q105596060	6000000056373603899
Q105596061	6000000022452711210
Q105596062	6000000173535041887
Q105596063	6000000040578506254
Q105596066	6000000083281242978
Q105596069	6000000040579300948
Q105596071	6000000036091862857
Q105596072	6000000038651137268
Q105596073	6000000009527580541
Q105596076	6000000010579695435
Q105596077	6000000056373485945
Q105596078	6000000006969770772
Q105596079	6000000006970029425
Q105596080	6000000012737926148
Q105596085	6000000023582261416
Q105596086	6000000023583490217
Q105596087	6000000023582576188
Q105596088	6000000073070655190
Q105596089	6000000053800469226
Q105596090	6000000108665359185
Q105596092	6000000049950092501
Q105596093	6000000017918965796
Q105596094	6000000049951548884
Q105596097	6000000047713580020
Q105596100	6000000052308837829
Q105596101	6000000041151221962
Q105596102	6000000079946333835
Q105596104	6000000111799115840
Q105596108	6000000079678743291
Q105596117	6000000017470074385
Q105596118	6000000019962010366
Q105596119	6000000035068433440
Q105596120	6000000019961801464
Q105596124	6000000197087723825
Q105596125	6000000025916384767
Q105596128	6000000025917800425
Q105596131	6000000019959016341
Q105596135	6000000029675642122
Q105596136	6000000029302489617
Q105596138	6000000029321364907
Q105596140	6000000029303050036
Q105596141	6000000071745172894
Q105596144	6000000081520026149
Q105596147	6000000071473514941
Q105596149	6000000071473582883
Q105596154	6000000081520159297
Q105596155	6000000086721938869
Q105596161	6000000083303569294
Q105596166	6000000042543101163
Q105596169	6000000042543111398
Q105596170	6000000121661797141
Q105596172	6000000069809679185
Q105596173	6000000069809879098
Q105596175	6000000037887385137
Q105596177	6000000009998740326
Q105596182	6000000069808401524
Q105596183	6000000069810233019
Q105596185	6000000076912880136
Q105596186	6000000143215949865
Q105596197	6000000165053443828
Q105596200	6000000020340179730
Q105596201	6000000017210630851
Q105596207	6000000062939697911
Q105596208	6000000019704527055
Q105596209	6000000154708627838
Q105596211	6000000024141043816
Q105596212	6000000143245984843
Q105596214	6000000006146668713
Q105596215	6000000074551425822
Q105596216	6000000014911731544
Q105596219	6000000031607749284
Q105596220	6000000156920114835
Q105596226	6000000042243317812
Q105596229	6000000051737837196
Q105596233	6000000007591291463
Q105596235	6000000018910983657
Q105596237	6000000041837226630
Q105596240	6000000018910833939
Q105596242	6000000019253994683
Q105596243	6000000020279159385
Q105596244	6000000025081833344
Q105596247	6000000042243680233
Q105596250	6000000019556491649
Q105596251	6000000074576599951
Q105596260	6000000018925509209
Q105596265	6000000020267842063
Q105596269	6000000051738033954
Q105596274	6000000051738575895
Q105596277	6000000017619670453
Q105596278	6000000041930769062
Q105596281	6000000041589299596
Q105596283	6000000199012274826
Q105596284	6000000021194383273
Q105596285	6000000023471137845
Q105596288	6000000025998673385
Q105596289	6000000041589697061
Q105596290	6000000017536380330
Q105596292	6000000039271321037
Q105596293	6000000025831488250
Q105596294	6000000023470710461
Q105596296	6000000007167330624
Q105596297	6000000041643942954
Q105596300	6000000199010640939
Q105596305	6000000018514399662
Q105596306	6000000017536333375
Q105596308	6000000041589682099
Q105596309	6000000025830954846
Q105596310	6000000041588789672
Q105596312	6000000041783276667
Q105596315	6000000041874823970
Q105596322	6000000065596974949
Q105596324	6000000016435996626
Q105596328	6000000043168042112
Q105596331	6000000065595494900
Q105596332	6000000014337670712
Q105596335	6000000020530760278
Q105596336	6000000016436259495
Q105596337	6000000016436007944
Q105596339	6000000074781432890
Q105596340	6000000016436257489
Q105596341	6000000019196054031
Q105596342	6000000043167233279
Q105596344	6000000016436213429
Q105596345	6000000016436436177
Q105596346	6000000065596056831
Q105596348	6000000016436205829
Q105596349	6000000053283088339
Q105596350	6000000034692836100
Q105596355	6000000034692478793
Q105596357	6000000091795354984
Q105596358	6000000025510995912
Q105596362	6000000034693037188
Q105596364	6000000091796481841
Q105596366	6000000099756256000
Q105596381	6000000174101771876
Q105596382	6000000029469363217
Q105596388	6000000036174851940
Q105596391	6000000072440755110
Q105596398	6000000212785640844
Q105596403	6000000177742935892
Q105596409	6000000123721899838
Q105596411	6000000123722269821
Q105596422	6000000007316925603
Q105596432	6000000174957284844
Q105596434	6000000174416529917
Q105596436	6000000174956969912
Q105596438	6000000174409557106
Q105596441	6000000044342364571
Q105596444	6000000092665148211
Q105596446	6000000020300425654
Q105596447	6000000075285054872
Q105596448	6000000075284420010
Q105596450	6000000092666678823
Q105596451	6000000034769899351
Q105596452	6000000075284644900
Q105596453	6000000079629936351
Q105596454	6000000079630203023
Q105596458	6000000030437738659
Q105596462	6000000086458873954
Q105596463	6000000086458455068
Q105596465	6000000072174268911
Q105596467	6000000072174587839
Q105596468	6000000072176144914
Q105596469	6000000021194932686
Q105596470	6000000018693283574
Q105596471	6000000018693314673
Q105596473	6000000208216427821
Q105596474	6000000045739064232
Q105596476	6000000037179585533
Q105596478	6000000037179996181
Q105596479	6000000056933435846
Q105596480	6000000050353507166
Q105596481	6000000024488212216
Q105596482	6000000056626041974
Q105596483	6000000052627258833
Q105596485	6000000050179396991
Q105596486	6000000207254460821
Q105596487	6000000018693645171
Q105596488	6000000056626778835
Q105596489	6000000029219641269
Q105596490	6000000208215969883
Q105596491	6000000038038193966
Q105596492	6000000052626510857
Q105596493	6000000050353977116
Q105596495	6000000052211108845
Q105596496	6000000023700677758
Q105596497	6000000106442914858
Q105596506	6000000037998849477
Q105596509	6000000110986504239
Q105596513	6000000103349515120
Q105596517	6000000106445908839
Q105596521	6000000110987181966
Q105596522	6000000019324254049
Q105596523	6000000077199504861
Q105596527	6000000192078251878
Q105596528	6000000106693163867
Q105596530	6000000135766541164
Q105596546	6000000179030603838
Q105596549	6000000153484914829
Q105596551	6000000153484900849
Q105596552	6000000153483714831
Q105596553	6000000153484682848
Q105596555	6000000011518224750
Q105596559	6000000071607411821
Q105596560	6000000020787857329
Q105596561	6000000178104510855
Q105596564	6000000178105785872
Q105596566	6000000071605565821
Q105596567	6000000071610331960
Q105596568	6000000020788004862
Q105596570	6000000020681750397
Q105596571	6000000020681697035
Q105596573	6000000071607193821
Q105596575	6000000071604545899
Q105596582	6000000010941452853
Q105596584	6000000172930655050
Q105596585	6000000163802764821
Q105596586	6000000070694970106
Q105596588	6000000040256666452
Q105596589	6000000060328815936
Q105596591	6000000035191640890
Q105596592	6000000025805778428
Q105596593	6000000040256866370
Q105596595	6000000084099089277
Q105596598	6000000018527431907
Q105596602	6000000022276214279
Q105596603	6000000080419053843
Q105596604	6000000080414943864
Q105596605	6000000080414691299
Q105596606	6000000080414838117
Q105596607	6000000080415127028
Q105596608	6000000080415028318
Q105596609	6000000080416026854
Q105596612	6000000080418185140
Q105596613	6000000080417491543
Q105596617	6000000178612656822
Q105596618	6000000119163279821
Q105596619	6000000203253625829
Q105596620	6000000084079163077
Q105596622	6000000178610596944
Q105596624	6000000178611310882
Q105596626	6000000178612333829
Q105596627	6000000042050602919
Q105596628	6000000198659942835
Q10559663	6000000025358070430
Q105596635	6000000200805484859
Q105596638	6000000170740148866
Q105596639	6000000170740410893
Q105596641	6000000139372946904
Q105596642	6000000026131268429
Q105596645	6000000070319426883
Q105596646	6000000102194963916
Q105596647	6000000070319046860
Q105596648	6000000044268595864
Q105596651	6000000123705301887
Q105596652	6000000042202826338
Q105596653	6000000042452320371
Q105596657	6000000011561138199
Q105596658	6000000042204064993
Q105596659	6000000026131367075
Q105596660	6000000201190149871
Q105596661	6000000217071917821
Q105596663	6000000042202051811
Q105596666	6000000021731394890
Q105596668	6000000101036771842
Q105596670	6000000040962196388
Q105596675	6000000204070983907
Q105596676	6000000079916161872
Q105596677	6000000079897067055
Q105596678	6000000079912574972
Q105596680	6000000079914452849
Q105596681	6000000201860675576
Q105596686	6000000110668296833
Q105596691	6000000184572724822
Q105596697	6000000083051917864
Q105596699	6000000001028959518
Q105596700	6000000000166448231
Q105596703	6000000137144824826
Q105596705	6000000017413798086
Q105596709	6000000184572579831
Q105596711	6000000001028939593
Q105596713	6000000017413736324
Q105596714	6000000017413746190
Q105596715	6000000000166453239
Q105596716	6000000017413421314
Q105596718	6000000017413711476
Q105596719	6000000020235229233
Q105596720	6000000137144792821
Q105596722	6000000018671649010
Q105596727	6000000043200283760
Q105596734	6000000191139721827
Q105596738	6000000069278040846
Q105596739	6000000067758832984
Q105596741	6000000067758993840
Q105596742	6000000031180933964
Q105596743	6000000069277499825
Q105596744	6000000069278104916
Q105596745	6000000069277820881
Q105596747	6000000087147997022
Q105596749	6000000054231725860
Q105596750	6000000011870085805
Q105596751	6000000015881427175
Q105596754	6000000087148100082
Q105596761	6000000199469816869
Q105596767	6000000080627126192
Q105596768	6000000190199185821
Q105596770	6000000088850767880
Q105596771	6000000029155294739
Q105596773	6000000031717251027
Q105596778	6000000023338238358
Q105596787	6000000079254652839
Q105596788	6000000034439964559
Q105596792	6000000031717076328
Q105596794	6000000031716807770
Q105596796	6000000197275238824
Q105596798	6000000191992315897
Q105596799	6000000023337990405
Q105596800	6000000031716869674
Q105596801	6000000175680048942
Q105596819	6000000102778601821
Q105596821	6000000085398583132
Q105596823	6000000002986362267
Q105596824	6000000024900913823
Q105596827	6000000037109113318
Q105596831	6000000109770181903
Q105596832	6000000114082957836
Q105596834	6000000015923463566
Q105596835	6000000180369624830
Q105596836	6000000180399844821
Q105596837	6000000176233432024
Q105596838	6000000117196511822
Q105596854	6000000103836885898
Q105596857	6000000117202391823
Q105596858	6000000042832667837
Q105596865	6000000119578215821
Q105596868	6000000032549784474
Q105596872	6000000021221501922
Q105596873	6000000006604226315
Q105596874	6000000098678509856
Q105596875	6000000084618106998
Q105596876	6000000018067507301
Q105596877	6000000158033088833
Q105596878	6000000015512068091
Q105596880	6000000180400580829
Q105596881	6000000036765259875
Q105596882	6000000026476965771
Q105596883	6000000002388873406
Q105596885	6000000032549883326
Q105596887	6000000024901166969
Q105596892	6000000112299567821
Q105596893	6000000166539388305
Q105596894	6000000026604042954
Q105596896	6000000023548525888
Q105596902	6000000180370248823
Q105596903	6000000019203972541
Q105596907	6000000015610566538
Q105596912	6000000083210893859
Q105596915	6000000180399660858
Q105596918	6000000119380379828
Q105596919	6000000040954572833
Q105596920	6000000021648889437
Q105596921	6000000021215894045
Q105596922	6000000075696863848
Q105596923	6000000069167763864
Q105596924	6000000007535538563
Q105596927	6000000119577202823
Q105596928	6000000076673091184
Q105596930	6000000180400185821
Q105596935	6000000116219187957
Q105596937	6000000090337153947
Q105596938	6000000180397770988
Q105596939	6000000084119834872
Q105596945	6000000181653202836
Q105596947	6000000036765160004
Q105596948	6000000021648824538
Q105596950	6000000036569509962
Q105596953	6000000036569663834
Q105596954	6000000019485490779
Q105596958	6000000201188905821
Q105596962	6000000139668012878
Q105596963	6000000070856263025
Q105596966	6000000019195995571
Q105596967	6000000030664044333
Q105596970	6000000030666416648
Q105596974	6000000083281364854
Q105596975	6000000139410988836
Q105596977	6000000042011711481
Q105596978	6000000030664087178
Q105596979	6000000037924807408
Q105596986	6000000036670947214
Q105596988	6000000035873512708
Q105596989	6000000042012091973
Q105596991	6000000030666684135
Q105596992	6000000035873564757
Q105596993	6000000025099148451
Q105596994	6000000037924877821
Q105596996	6000000077471561673
Q105596997	6000000038770996068
Q10559700	6000000075429336937
Q105597000	6000000083503614472
Q105597001	6000000012413667124
Q105597002	6000000014567182844
Q105597003	6000000033169609003
Q105597007	6000000077490266908
Q105597009	6000000032689237837
Q105597010	6000000032552736763
Q105597011	6000000086869184534
Q105597013	6000000091975084856
Q105597014	6000000032688106177
Q105597015	6000000032690672892
Q105597019	6000000120528039479
Q105597020	6000000010885698334
Q105597021	6000000010886060696
Q105597024	6000000120530636834
Q105597026	6000000016373826398
Q105597029	6000000120530584866
Q105597032	6000000010885587952
Q105597038	6000000048441137252
Q105597039	6000000009699576212
Q105597041	6000000083651947909
Q105597049	6000000110230919920
Q105597050	6000000047710636863
Q105597053	6000000004996139287
Q105597059	6000000035801062289
Q105597060	6000000022349492407
Q105597063	6000000083650740669
Q105597068	6000000077816518278
Q105597069	6000000022349495171
Q105597072	6000000069713536079
Q105597075	6000000069713615024
Q105597076	6000000019636750667
Q105597081	6000000059993481921
Q105597085	6000000088267194894
Q105597089	6000000031317037933
Q105597090	6000000018451992268
Q105597091	6000000080206640302
Q105597093	6000000207397737834
Q105597094	6000000048441662829
Q105597096	6000000048440828351
Q105597099	6000000196975946878
Q105597100	6000000000750388625
Q105597102	6000000115441842823
Q105597104	6000000115441272872
Q105597108	6000000115439125842
Q105597109	6000000115440650859
Q105597117	6000000034304008068
Q105597125	6000000046787054484
Q105597127	6000000013573502269
Q105597131	6000000013573417731
Q105597132	6000000046787035373
Q105597134	6000000013573471321
Q105597135	6000000040223167423
Q105597138	6000000056146474831
Q105597139	6000000067617230043
Q105597142	6000000040224213857
Q105597144	6000000056145774959
Q105597150	6000000036631287837
Q105597155	6000000029880896096
Q105597156	6000000170870036821
Q105597162	6000000035775682082
Q105597170	6000000021359339942
Q105597171	6000000091809884929
Q105597179	6000000180392554837
Q105597186	6000000200556394838
Q105597191	6000000093203228089
Q105597197	6000000021953472145
Q105597198	6000000017070373131
Q105597202	6000000076972411372
Q105597204	6000000021953492286
Q105597207	6000000035775363413
Q105597209	6000000020570447862
Q105597215	6000000180085203855
Q105597219	6000000067818654940
Q105597221	6000000067818899824
Q105597225	6000000035712165213
Q105597228	6000000017038990013
Q105597230	6000000034006220709
Q105597233	6000000008426920964
Q105597236	6000000010431101577
Q105597237	6000000080150738865
Q105597241	6000000177351055977
Q105597243	6000000021471696268
Q105597244	6000000024594682985
Q105597245	6000000001490371695
Q105597247	6000000024593964065
Q105597251	6000000209042846841
Q105597254	6000000204107213835
Q105597255	6000000026368096012
Q105597256	6000000072990571927
Q105597258	6000000073861567866
Q105597259	6000000022249998207
Q105597261	6000000054564893053
Q105597264	6000000031031158349
Q105597265	6000000101453671050
Q105597267	6000000122046692905
Q105597268	6000000101451515346
Q105597269	6000000101453049167
Q105597270	6000000016339583612
Q105597271	6000000101453459902
Q105597272	6000000020276259987
Q105597273	6000000051263906996
Q105597274	6000000024581377695
Q105597277	6000000063122426824
Q105597278	6000000017536190673
Q105597279	6000000029249864362
Q105597280	6000000110803555934
Q105597283	6000000071674951157
Q105597286	6000000025096985990
Q105597288	6000000022600956863
Q105597289	6000000083039506716
Q105597290	6000000051264144829
Q105597294	6000000083051167110
Q105597295	6000000172531526831
Q105597296	6000000012785791242
Q105597297	6000000147195950833
Q105597299	6000000110801569132
Q105597300	6000000172529929168
Q105597303	6000000209699923918
Q105597307	6000000083039883382
Q105597308	6000000051263998951
Q105597310	6000000018626031223
Q105597312	6000000087682196976
Q105597313	6000000014292162270
Q105597314	6000000209045753833
Q105597315	6000000147180149859
Q105597316	6000000063122350889
Q105597319	6000000047810650884
Q105597320	6000000051262899555
Q105597321	6000000037256074826
Q105597322	6000000018626072160
Q105597323	6000000209046762912
Q105597326	6000000110800036864
Q105597327	6000000110802658882
Q105597328	6000000147089905065
Q105597329	6000000147186152843
Q105597331	6000000041755494069
Q105597333	6000000083051201302
Q105597335	6000000040179476938
Q105597339	6000000172529164219
Q105597340	6000000083051754042
Q105597344	6000000041756035906
Q105597347	6000000019541793781
Q105597348	6000000071675620964
Q105597352	6000000075232118900
Q105597356	6000000120056519821
Q105597360	6000000038675854886
Q105597361	6000000209043036860
Q105597362	6000000004126048731
Q105597363	6000000083426108604
Q105597367	6000000042777854803
Q105597370	6000000116625762831
Q105597372	6000000178718312874
Q105597375	6000000050030187010
Q105597383	6000000178719172848
Q105597384	6000000193834564840
Q105597386	6000000064198316008
Q105597387	6000000182433230835
Q105597389	6000000116625745865
Q105597392	6000000138774830865
Q105597394	6000000178719302824
Q105597397	6000000064198562946
Q105597398	6000000031822816879
Q105597400	6000000138775233895
Q105597402	6000000040249739867
Q105597484	6000000018515799812
Q105597485	6000000035133253064
Q105597486	6000000075399977008
Q105597491	6000000071159065843
Q105597493	6000000071158644230
Q105597498	6000000007176546086
Q105597500	6000000021194964266
Q105597505	6000000038769491309
Q105597506	6000000016373820762
Q105597508	6000000191399475867
Q105597812	6000000006994678811
Q105597828	6000000004095828463
Q10559784	6000000075482425382
Q105597972	6000000031547412449
Q105598049	6000000171603813866
Q105598064	6000000038022341337
Q105598155	344292003890013546
Q105598187	6000000022976973610
Q105598216	6000000074826870830
Q105598363	6000000100794415029
Q105598368	6000000197247821822
Q105598371	6000000180279806991
Q105598375	6000000177352364839
Q105598379	6000000116624995829
Q105598381	6000000180281701868
Q105598387	6000000031822394402
Q105598400	6000000083246747972
Q105598401	6000000177352312860
Q105598402	6000000180013858834
Q105598403	6000000083246117393
Q105598405	6000000178718702837
Q105598418	6000000116629768860
Q105598428	6000000083246840873
Q105598435	6000000038675832870
Q105598438	6000000189214940821
Q105598439	6000000180271173821
Q105598440	6000000077276473293
Q105598441	6000000197406138897
Q105598442	6000000083426330138
Q105598445	6000000077559351154
Q105598451	6000000083425372786
Q105598452	6000000083246611172
Q105598453	6000000116624609837
Q105598454	6000000040248954491
Q105598461	6000000038037604538
Q105598463	6000000064198798834
Q105598467	6000000180389255828
Q105598480	6000000178388721821
Q105598486	6000000040248873403
Q105598493	6000000083426365268
Q105598496	6000000135604906821
Q105598502	6000000083059157184
Q105598503	6000000026026786385
Q105598506	6000000125318719850
Q105598507	6000000203832303821
Q105598510	6000000151373202042
Q105598514	6000000083246505305
Q105598520	6000000120173636839
Q105598522	6000000183531305896
Q105598523	6000000037952345879
Q105598527	6000000125319587867
Q105598533	6000000037739151821
Q105598534	6000000116624951821
Q105598535	6000000125317971990
Q105598538	6000000031822579991
Q105598539	6000000083246104393
Q105598544	6000000077276213589
Q105598550	6000000083058020822
Q105598558	6000000120106314857
Q105598560	6000000120108613825
Q105598562	6000000171858577824
Q105598564	6000000170000841985
Q105598566	6000000068520039839
Q105598570	6000000039685310709
Q105598575	6000000021740717371
Q105598578	6000000039685581135
Q105598581	6000000068520446841
Q105598582	6000000068517652893
Q105598583	6000000068148699029
Q105598588	6000000068519279833
Q105598590	6000000108409966821
Q105598591	6000000068518562085
Q105598592	6000000068519795886
Q105598594	6000000050047330884
Q105598604	6000000064350181959
Q105598605	6000000016160691184
Q105598606	6000000046248779361
Q105598607	6000000019261583762
Q105598610	6000000046248495380
Q105598611	6000000016160859323
Q105598613	6000000006970298001
Q105598616	6000000016160037710
Q105598618	6000000012389644809
Q105598620	6000000012398201637
Q105598625	6000000012391703859
Q105598626	6000000012397938758
Q105598628	6000000012389525797
Q105598632	6000000039444079925
Q105598633	6000000108304106877
Q105598635	6000000024489087278
Q105598636	6000000024489211025
Q105598637	6000000017867740676
Q105598639	6000000095418460823
Q105598640	6000000021410725159
Q105598644	6000000198410088821
Q105598655	6000000153869792887
Q105598662	6000000112719383855
Q105598664	6000000063006554913
Q105598665	6000000113275158833
Q105598667	6000000026854289049
Q105598670	6000000207698925841
Q105598671	6000000063005785327
Q105598677	6000000112626077884
Q105598687	4300174436990031781
Q105598692	6000000046336602852
Q105598693	6000000075742099904
Q105598699	6000000024212422961
Q105598702	6000000016371733609
Q105598703	6000000016371918074
Q105598709	6000000023470271514
Q105598712	6000000023469998781
Q105598714	6000000016371801696
Q105598723	6000000021468865649
Q105598728	6000000040898254389
Q105598732	6000000052177248967
Q105598735	6000000052176800186
Q105598737	6000000035035245288
Q105598738	6000000077115343926
Q105598739	6000000036765410823
Q105598741	6000000192277123877
Q105598742	6000000195085529835
Q105598744	6000000002388834593
Q105598746	6000000002985853983
Q105598749	6000000192276746901
Q105598752	6000000192277406830
Q105598754	6000000196097761821
Q105598757	6000000196054682825
Q105598759	6000000196097463834
Q105598761	6000000196059747839
Q105598764	6000000196097568829
Q105598767	6000000196054666838
Q105598768	6000000090657049058
Q105598770	6000000025003689223
Q105598774	6000000046243129878
Q105598776	6000000012461866643
Q105598783	6000000004117875695
Q105598789	6000000021946607149
Q105598792	6000000021946704882
Q105598796	6000000178719546829
Q105598801	6000000031698255040
Q105598803	6000000027469554550
Q105598811	6000000004117875687
Q105598813	6000000065104557022
Q105598819	6000000065104619960
Q105598821	6000000043643767659
Q105598828	6000000178719552824
Q105598831	6000000026763417481
Q105598832	6000000036576080755
Q105598835	6000000010239046362
Q105598844	6000000178440722821
Q105598845	6000000178439459877
Q105598848	6000000179042324835
Q105598853	6000000062747836833
Q105598854	6000000051388445176
Q105598857	6000000000967662129
Q105598864	6000000071705605910
Q105598869	6000000108966322821
Q105598872	6000000122800744974
Q105598875	6000000009576663384
Q105598876	6000000094636960163
Q105598879	6000000050996338858
Q105598882	6000000042308882195
Q105598883	6000000094639369821
Q105598888	6000000062813404021
Q105598890	6000000062747422860
Q105598891	6000000078550113880
Q105598893	6000000017138069258
Q105598898	6000000017130685961
Q105598901	6000000147457568827
Q105598902	6000000078616222212
Q105598903	6000000115822963027
Q105598904	6000000038675748222
Q105598907	6000000038677974878
Q105598916	6000000177814226889
Q105598921	6000000017131191385
Q105598923	6000000048802341002
Q105598926	6000000062746922024
Q105598937	6000000003687152036
Q105598945	6000000136784104937
Q105598949	6000000020530709463
Q105598950	6000000177814222894
Q105598953	6000000110631936044
Q105598973	6000000027754202264
Q105598978	6000000204137128857
Q105598984	6000000178757328826
Q105598988	6000000038677742168
Q105598990	6000000007988520399
Q105598996	6000000206324524831
Q105598998	6000000037887705921
Q105599002	6000000050996481835
Q105599004	6000000007988486774
Q105599005	6000000082403595524
Q105599011	6000000021953508177
Q105599012	6000000062747873833
Q105599026	5701337390460134408
Q105599031	6000000010328026586
Q105599042	6000000017177163784
Q105599044	6000000007014421627
Q105599057	6000000039399604306
Q105599058	6000000194864785847
Q105599059	6000000039399874982
Q105599060	6000000177529802823
Q105599068	6000000116319992849
Q105599071	6000000041653967403
Q105599082	6000000025017154833
Q105599086	6000000072382882056
Q105599088	6000000072382132822
Q105599090	6000000071766526933
Q105599096	6000000040849465324
Q105599098	6000000040849548117
Q105599099	6000000004947693271
Q105599101	6000000181194951832
Q105599103	6000000078075379157
Q105599104	6000000138990724897
Q105599105	6000000018165799302
Q105599116	6000000038830049192
Q105599117	6000000048440944164
Q105599118	6000000007562700309
Q105599120	6000000048439804279
Q105599125	6000000089077272908
Q105599129	6000000080608832834
Q105599131	6000000045009880858
Q105599139	6000000203979156843
Q105599142	6000000020307965083
Q105599143	6000000041905928883
Q105599145	6000000074191529935
Q105599151	6000000005442771408
Q105599152	6000000203979709839
Q105599157	6000000026380015529
Q105599163	6000000020761907849
Q105599166	6000000020354646182
Q105599169	6000000020761841075
Q105599170	6000000025890824562
Q105599172	6000000024696853315
Q105599173	6000000019090184109
Q105599175	6000000074191014048
Q105599177	6000000181086714821
Q105599181	6000000007542562554
Q105599184	6000000005443774068
Q105599186	6000000126007063911
Q105599188	6000000079286028097
Q105599191	6000000020770769053
Q105599195	6000000080321663821
Q105599201	6000000007560130310
Q105599203	6000000020761729293
Q105599207	6000000022956352941
Q105599215	6000000025891573842
Q105599216	6000000079285603073
Q105599218	6000000200585521831
Q105599224	6000000181086482827
Q105599226	6000000025891369110
Q105599227	6000000146832957912
Q105599229	6000000189911166846
Q105599231	6000000027448194707
Q105599238	6000000173796979024
Q105599241	6000000080315167832
Q105599245	6000000186138562830
Q105599246	6000000080314930830
Q105599249	6000000025902522907
Q105599250	6000000189910880877
Q105599251	6000000022833392423
Q105599252	6000000020761632667
Q105599256	6000000080321498833
Q105599258	6000000016101345697
Q105599260	6000000025891204353
Q105599266	6000000036400185240
Q105599268	6000000063441290986
Q105599271	6000000080304970793
Q105599276	6000000007562972456
Q105599278	6000000191618038823
Q105599280	6000000055753138893
Q105599281	6000000080315499832
Q105599283	6000000080305776783
Q105599285	6000000022833762053
Q105599286	6000000026189883072
Q105599287	6000000025891306166
Q105599289	6000000025902091298
Q105599290	6000000019089954146
Q105599294	6000000022833392427
Q105599296	6000000046365415928
Q105599302	6000000021542850939
Q105599304	6000000005443209976
Q105599308	6000000080608163214
Q105599311	6000000007563028467
Q105599312	6000000025899789148
Q105599313	6000000080899218899
Q105599314	6000000007542735451
Q105599315	6000000007542751493
Q105599317	6000000080327648863
Q105599318	6000000010130109525
Q105599320	6000000014567358697
Q105599321	6000000121826784996
Q105599322	6000000173249791493
Q105599323	6000000020957927255
Q105599327	6000000020957992281
Q105599328	6000000084611013053
Q105599329	6000000018397144509
Q105599330	6000000019627729095
Q105599332	6000000117757671937
Q105599335	6000000117757889830
Q105599336	6000000076883760078
Q105599337	6000000020957922362
Q105599339	6000000173232144865
Q105599340	6000000018397486084
Q105599341	6000000076884513447
Q105599344	6000000064198683953
Q105599345	6000000037180903824
Q105599346	6000000064197650908
Q105599347	6000000037179953400
Q105599348	6000000064196204994
Q105599350	6000000035434982896
Q105599351	6000000055391233121
Q105599352	6000000072064097006
Q105599354	6000000072062169805
Q105599359	6000000107844774821
Q105599366	6000000083629613672
Q105599370	6000000070474903866
Q105599372	6000000000405388746
Q105599376	6000000037742111286
Q105599381	6000000082464195835
Q105599382	6000000084551393112
Q105599384	6000000037742170141
Q105599386	6000000080577376883
Q105599389	6000000041228058129
Q105599391	6000000037742032269
Q105599392	6000000084552215965
Q105599394	6000000080094804859
Q105599396	6000000177291114821
Q105599401	6000000080094440098
Q105599404	6000000165167351280
Q105599406	6000000084551480319
Q105599410	6000000078825449829
Q105599412	6000000071564969882
Q105599414	6000000084551621230
Q105599415	6000000037742261932
Q105599416	6000000084552070150
Q105599417	6000000205411086863
Q105599419	6000000177291067825
Q105599425	6000000080094815859
Q105599433	6000000184612875111
Q105599436	6000000184613137241
Q105599437	6000000028837186819
Q105599441	6000000028838253821
Q105599443	6000000028837951385
Q105599445	6000000189919528831
Q105599446	6000000009961451554
Q105599449	6000000009959801093
Q105599459	6000000205215066822
Q105599462	6000000152765427877
Q105599466	6000000081435957622
Q105599467	6000000022614918201
Q105599470	6000000007177343686
Q105599474	6000000022614895461
Q105599479	6000000007177983276
Q105599480	6000000190291757862
Q105599483	6000000081436662096
Q105599493	6000000101471674842
Q105599496	6000000207293871864
Q105599503	6000000071745424989
Q105599506	6000000015127196949
Q105599511	6000000078385158581
Q105599516	6000000084955598846
Q105599517	6000000205520013868
Q105599518	6000000084954337747
Q105599519	6000000205518774866
Q105599521	6000000205520476830
Q105599522	6000000032758146314
Q105599524	6000000092266902985
Q105599525	6000000033626431049
Q105599528	6000000033626681924
Q105599530	6000000025154944908
Q105599531	6000000195461186837
Q105599535	6000000071558992404
Q105599537	6000000071559104277
Q105599538	6000000032882188948
Q105599540	6000000032858792526
Q105599542	6000000036713798669
Q105599544	6000000068558537891
Q105599545	6000000068642415944
Q105599546	6000000042237069971
Q105599547	6000000036714377316
Q105599553	6000000034567375532
Q105599557	6000000081281980991
Q105599561	6000000000266524588
Q105599562	6000000024919030002
Q105599563	6000000024929807198
Q105599564	6000000081281352912
Q105599565	6000000012695120335
Q105599568	6000000081281568998
Q105599572	6000000073401105970
Q105599579	6000000186003549152
Q105599584	6000000009441418433
Q105599585	6000000037035379822
Q105599593	6000000084037199938
Q105599595	6000000009441275771
Q105599596	6000000102836930631
Q105599597	6000000026039226788
Q105599599	6000000014742104534
Q105599602	6000000087900726822
Q105599603	6000000024404641844
Q105599605	6000000070622128835
Q105599607	6000000018627389246
Q105599610	6000000014742104520
Q105599611	6000000070418430840
Q105599612	6000000070622254924
Q105599614	6000000084037023167
Q105599615	6000000070621826940
Q105599617	6000000069587542220
Q105599618	6000000070596658068
Q105599619	6000000019939116014
Q105599620	6000000018626907982
Q105599622	6000000087327088483
Q105599626	6000000062459496904
Q105599628	6000000033786138675
Q105599635	6000000020839880006
Q105599636	6000000184613300588
Q105599641	6000000062459944865
Q105599642	6000000124370573821
Q105599643	6000000043883429134
Q105599647	6000000062459391981
Q105599652	6000000049823930949
Q105599654	6000000062459369955
Q105599658	6000000012757955120
Q105599659	6000000199558075834
Q105599662	6000000008403235980
Q105599664	6000000062459760821
Q105599667	6000000180413204835
Q105599669	6000000020839816846
Q105599670	6000000008403079954
Q105599674	6000000190323892906
Q105599677	6000000039924438021
Q105599681	6000000039924215550
Q105599686	6000000179172845821
Q105599687	6000000179172770832
Q105599689	6000000179172567840
Q105599692	6000000083959102881
Q105599693	6000000090985936833
Q105599694	6000000090986920846
Q105599695	6000000090986695882
Q105599697	6000000008211395103
Q105599698	6000000008211522374
Q105599699	6000000196011979848
Q105599700	6000000191880426821
Q105599705	6000000077808310042
Q105599707	6000000195553149838
Q105599708	6000000191879404836
Q105599709	6000000015404169599
Q105599710	6000000195552627870
Q105599711	6000000015404310223
Q105599715	6000000191879435823
Q105599717	6000000184624151823
Q105599721	6000000196012170821
Q105599722	6000000191879276937
Q105599733	6000000021026596878
Q105599736	6000000172756723114
Q105599738	6000000172754529812
Q105599742	6000000026890574859
Q105599744	6000000172756463025
Q105599745	6000000021026561850
Q105599750	6000000022205530422
Q105599751	6000000017814921015
Q105599754	6000000082236639768
Q105599757	6000000022205325557
Q105599758	6000000017064230299
Q105599760	6000000086255848835
Q105599766	6000000045396458970
Q105599767	6000000188725440874
Q105599769	6000000162014303826
Q105599771	6000000007167075935
Q105599794	6000000087083311003
Q105599796	6000000028540117175
Q105599798	6000000033944897476
Q105599802	6000000032660136146
Q105599805	6000000067374308168
Q105599810	6000000179742117848
Q105599812	6000000209471946915
Q105599813	6000000014695279026
Q105599816	6000000007167298911
Q105599820	6000000209472251850
Q105599823	6000000032660926993
Q105599827	6000000002821000521
Q105599828	6000000073428248067
Q105599834	6000000073428807835
Q105599838	6000000178402219826
Q105599842	6000000023865792911
Q105599845	6000000028889153540
Q105599846	6000000086620846872
Q105599848	6000000071538837503
Q105599854	6000000033398102645
Q105599856	6000000103035325826
Q105599857	6000000020311112384
Q105599860	6000000089485143821
Q105599864	6000000196994278836
Q105599869	6000000137413558821
Q105599871	6000000022969259098
Q105599874	6000000083573697221
Q105599875	6000000040630776161
Q105599878	6000000040630703552
Q105599880	6000000040630805643
Q105599882	6000000099249665952
Q105599883	6000000040628740898
Q105599885	6000000047282227992
Q105599887	6000000083162778889
Q105599888	6000000044214065199
Q105599889	6000000083146027560
Q105599893	6000000044214221873
Q105599895	6000000104556200976
Q1055999	6000000087663432021
Q105599900	6000000192479237821
Q105599901	6000000192478429903
Q105599903	6000000192464294832
Q105599904	6000000201180139862
Q105599909	6000000193659866829
Q105599910	6000000029337262871
Q105599911	6000000018401217800
Q105599914	6000000087530639862
Q105599916	6000000078149734264
Q105599918	6000000034651074236
Q105599920	6000000180663763829
Q105599923	6000000016128255101
Q105599925	6000000078150224017
Q105599927	6000000116598008825
Q105599928	6000000022333492399
Q105599930	6000000185352687979
Q105599931	6000000010012530515
Q105599933	6000000041225232207
Q105599936	6000000070695169849
Q105599937	6000000209310858831
Q105599938	6000000069491991894
Q105599941	6000000024143004792
Q105599944	6000000033081753014
Q105599945	6000000066651856865
Q105599952	6000000042368631856
Q105599953	6000000078149870208
Q105599954	6000000069831049125
Q105599960	6000000034684106892
Q105599961	6000000069490842887
Q105599962	6000000069834277855
Q105599969	6000000116597700894
Q105599971	6000000103350964875
Q105599974	6000000200739855834
Q105599975	6000000015907845935
Q105599976	6000000096843062845
Q105599978	6000000066651091962
Q105599983	6000000087531513892
Q105599991	6000000031156752662
Q105599996	6000000022333156775
Q105599997	6000000017340453202
Q105599999	6000000191448618843
Q1056	6000000041801398001
Q1056000	6000000155101603843
Q105600000	6000000200738475959
Q105600002	6000000087531788840
Q105600006	6000000043163707553
Q105600009	6000000177830531823
Q105600010	6000000140289341851
Q105600011	6000000158645581821
Q105600014	6000000069834825821
Q105600017	6000000158645937821
Q105600018	6000000006197161415
Q105600019	6000000140290028921
Q105600020	6000000065490811918
Q105600021	6000000082038148955
Q105600024	6000000158632085821
Q105600025	6000000033081608249
Q105600030	6000000139996368946
Q105600033	6000000030751983760
Q105600034	6000000042366546579
Q105600037	6000000158643906826
Q105600040	6000000082823821120
Q105600043	6000000078944617823
Q105600045	6000000085658326842
Q105600054	6000000039481382026
Q105600056	6000000031205458244
Q105600060	6000000078944058029
Q105600062	6000000179517796860
Q105600067	6000000071795063844
Q105600068	6000000042170103961
Q105600069	6000000024049722968
Q105600070	6000000181166767843
Q105600074	6000000055003602832
Q105600079	6000000019127472185
Q105600081	6000000182289930842
Q105600085	6000000061609048885
Q105600087	6000000018881235928
Q105600088	6000000081007489004
Q105600091	6000000063340280821
Q105600093	6000000000630333547
Q105600094	6000000056994295845
Q105600103	6000000104945637897
Q105600104	6000000048802627826
Q105600110	377533389640013791
Q105600111	6000000065651879925
Q105600114	6000000012661008012
Q105600118	6000000082332002976
Q105600121	6000000028461371377
Q105600123	6000000041748144008
Q105600126	6000000052692580944
Q105600127	6000000063344777848
Q105600129	6000000111272006939
Q105600131	6000000030040432528
Q105600134	6000000065650483917
Q105600136	6000000081007653925
Q105600138	6000000034581766448
Q105600140	6000000020932046190
Q105600144	6000000065651466935
Q105600146	6000000082332552877
Q105600150	6000000030040595303
Q105600154	6000000088319045821
Q105600158	6000000016667280645
Q105600161	6000000075887796916
Q105600165	6000000155211506830
Q105600168	6000000065652755890
Q105600170	6000000020490928767
Q105600177	6000000063344656948
Q105600178	6000000065650557863
Q105600179	6000000056994204860
Q105600181	6000000019126997882
Q105600186	6000000026380838041
Q105600190	6000000083774916996
Q105600191	6000000088627880876
Q105600194	6000000026380846010
Q105600197	6000000155211264836
Q105600200	6000000065649500195
Q105600205	6000000014883258590
Q105600206	6000000015817865923
Q105600208	6000000048802221053
Q105600210	6000000088126846010
Q105600212	6000000088318633865
Q105600213	6000000097669008884
Q105600217	6000000081007448037
Q105600218	6000000024975295956
Q105600219	6000000152456435836
Q105600222	6000000018882237105
Q105600232	6000000088083435875
Q105600234	6000000122715679012
Q105600235	6000000024974916340
Q105600236	6000000024975306004
Q105600238	6000000155209252959
Q105600239	6000000209109926841
Q105600244	6000000009813994881
Q105600246	6000000072795516111
Q105600247	6000000000842197096
Q105600249	6000000000842151231
Q105600252	6000000009814239628
Q105600255	6000000185337536018
Q105600256	6000000002042548763
Q105600258	6000000062170067024
Q105600263	6000000062169953026
Q105600264	6000000053889320917
Q105600266	6000000125994657873
Q105600267	6000000062170112936
Q105600270	6000000078890079463
Q105600278	6000000041495370919
Q105600279	6000000019147616282
Q105600280	6000000041214268974
Q105600281	6000000071733110000
Q105600283	6000000036499889064
Q105600284	6000000041495193936
Q105600285	6000000041495344837
Q105600286	6000000019274482702
Q105600287	6000000001364227780
Q105600288	6000000093141107831
Q105600291	6000000142116158833
Q105600292	6000000001028960032
Q105600300	6000000001028947248
Q105600301	6000000032108999662
Q105600304	6000000073843372870
Q105600320	6000000100771518355
Q105600341	6000000048604835951
Q105600347	6000000023341439102
Q105600348	6000000084175466006
Q105600350	6000000026423600327
Q105600353	6000000061264435006
Q105600363	6000000032970415996
Q105600364	6000000074077683151
Q105600365	6000000063212876027
Q105600367	6000000073431993976
Q105600370	6000000086104447879
Q105600375	6000000120143437898
Q105600378	6000000017777885150
Q105600384	6000000109039084019
Q105600393	6000000164713454938
Q105600397	6000000000084456412
Q105600398	6000000122648205827
Q105600404	6000000120147563858
Q105600405	6000000164712123393
Q105600407	6000000038788038098
Q105600410	6000000114844006987
Q105600411	6000000016931958302
Q105600416	6000000130114277888
Q105600417	6000000023700518786
Q105600418	6000000213243114821
Q105600420	6000000201087574899
Q105600422	6000000018607292061
Q105600436	6000000026600323302
Q105600440	6000000130113806710
Q105600453	6000000002265225739
Q105600464	6000000164712628955
Q105600468	6000000077252266973
Q105600472	6000000038041024989
Q105600474	6000000036767845104
Q105600475	6000000001482646543
Q105600484	6000000117431589829
Q105600491	6000000018607297203
Q105600492	6000000073223388887
Q105600501	6000000020380405220
Q105600502	6000000200586595838
Q105600506	6000000078120329237
Q105600509	6000000014122067781
Q105600516	6000000185467688852
Q105600519	6000000015137417387
Q105600520	6000000015242586905
Q105600522	6000000126839481007
Q105600523	6000000014894569320
Q105600538	6000000018776247172
Q105600540	6000000008151280378
Q105600541	6000000086103204100
Q105600542	6000000036768196862
Q105600543	6000000018146584359
Q105600545	6000000209694171827
Q105600550	6000000004118037647
Q105600553	6000000018179873783
Q105600556	6000000130113873147
Q105600564	6000000024758001077
Q105600575	6000000016936997927
Q105600577	6000000120148009821
Q105600587	6000000021497104509
Q105600595	6000000126301235833
Q105600601	6000000156269073838
Q105600603	6000000034387040508
Q105600607	6000000017547951931
Q105600614	6000000044150904830
Q105600616	6000000034412402975
Q105600618	6000000002834476040
Q105600620	6000000027065032721
Q105600639	6000000073430792145
Q105600652	6000000107038064858
Q105600653	6000000078120475964
Q105600654	6000000018179253961
Q105600659	6000000172462668914
Q105600661	6000000023851708689
Q105600663	6000000094639262821
Q105600666	6000000063304107178
Q105600670	6000000133100888906
Q105600675	6000000034412361100
Q105600677	6000000036768109101
Q105600682	6000000114843643220
Q105600687	6000000049329208267
Q105600695	6000000002765609593
Q105600696	6000000086543794129
Q105600697	6000000021934974895
Q105600699	6000000077429021755
Q105600704	6000000024039085753
Q105600705	6000000130114721946
Q105600707	6000000065870994952
Q105600709	6000000076827524843
Q105600711	6000000076177851885
Q105600713	6000000173269191859
Q105600735	6000000095343024989
Q105600742	6000000013774977730
Q105600743	6000000109039261945
Q105600752	6000000085402548847
Q105600758	366491661870013544
Q105600762	6000000015435785858
Q105600763	6000000020034496011
Q105600778	6000000168990792945
Q105600780	6000000030476977415
Q105600781	6000000202501696842
Q105600783	6000000078119507340
Q105600785	6000000076893946255
Q105600786	6000000140458234860
Q105600787	6000000036362114828
Q105600788	6000000080327515083
Q105600789	6000000076827527824
Q105600798	6000000020197681947
Q105600813	6000000186049619072
Q105600816	6000000181265757825
Q105600820	6000000114844147966
Q105600822	6000000130106503960
Q105600836	6000000182245370838
Q105600840	6000000180432881898
Q105600845	6000000176832579903
Q105600852	6000000186049619083
Q105600855	6000000084175902832
Q105600862	6000000198410163828
Q105600868	6000000004046305784
Q105600877	6000000084793371537
Q105600885	6000000082552086066
Q105600893	6000000014048765075
Q105600900	6000000095343289969
Q105600902	6000000013752610866
Q105600905	6000000179021573833
Q105600907	6000000020989002872
Q105600913	6000000015128299312
Q105600915	6000000182245205821
Q105600918	6000000019275451406
Q105600926	6000000073431559023
Q105600931	6000000085699030974
Q105600939	6000000125930637898
Q105600940	6000000120147383830
Q105600964	6000000022170526656
Q105600965	6000000156621862833
Q105600974	6000000049329090078
Q105600982	6000000056717606062
Q105600983	6000000017650737289
Q105600988	6000000063004011869
Q105600993	6000000209771522866
Q105600999	6000000095416468190
Q105601004	6000000156619698837
Q105601006	6000000173693053488
Q105601012	6000000077252426899
Q105601016	6000000028018195654
Q105601017	6000000097049347909
Q105601020	6000000024039047799
Q105601023	6000000018262042459
Q105601027	6000000030477032128
Q105601036	6000000069256980933
Q105601038	6000000069254908824
Q105601039	6000000069254966837
Q105601042	6000000009286889968
Q105601043	6000000024375722222
Q105601045	6000000024375430594
Q105601046	6000000009286986880
Q105601047	6000000009297474584
Q105601048	6000000009297519326
Q105601051	6000000020017185334
Q105601052	6000000009288247373
Q105601053	6000000009297479454
Q105601054	6000000009286678005
Q105601057	6000000151693980956
Q105601059	6000000009315815787
Q105601063	6000000009314848482
Q105601066	6000000009297474610
Q105601067	6000000009314993671
Q105601072	6000000190447948838
Q105601073	6000000024375634155
Q105601081	6000000047501071851
Q105601082	6000000047499732010
Q105601090	6000000026381690953
Q105601096	6000000025096951667
Q105601097	6000000179123152829
Q105601098	6000000174670984016
Q105601099	6000000017916064753
Q105601102	6000000041519381993
Q105601103	6000000014883003104
Q105601104	6000000179122678836
Q105601108	6000000017916154155
Q105601109	6000000024034978927
Q105601111	6000000182295620831
Q105601114	6000000088329932821
Q105601117	6000000126256607859
Q105601118	6000000179123226825
Q105601121	6000000023262303165
Q105601123	6000000182289579827
Q105601129	6000000126464338828
Q105601132	6000000078134673348
Q105601133	6000000140772129821
Q105601134	6000000126463724945
Q105601136	6000000079939751145
Q105601138	6000000021368130731
Q105601140	6000000014883137510
Q105601142	6000000051998130909
Q105601144	6000000024033613860
Q105601145	6000000063259889821
Q105601146	6000000182293720843
Q105601147	6000000182295754822
Q105601148	6000000078135222064
Q105601149	6000000078234758967
Q105601151	6000000025430029528
Q105601154	6000000072650347827
Q105601160	6000000014884731465
Q105601161	6000000017553012314
Q105601162	6000000022333158701
Q105601167	6000000014885512508
Q105601172	6000000182296006826
Q105601173	6000000041797377242
Q105601175	6000000014882100983
Q105601177	6000000140726325822
Q105601182	6000000172999968880
Q105601186	6000000080001722292
Q105601188	6000000017916089312
Q105601190	6000000172997509129
Q105601192	6000000052008731961
Q105601193	6000000014882554501
Q105601194	6000000024034958939
Q105601196	6000000078135664833
Q105601198	6000000022333451028
Q105601203	6000000021282406267
Q105601206	6000000016925438537
Q105601207	6000000204166342864
Q105601209	6000000204166279843
Q105601212	6000000068133011937
Q105601216	6000000077761540822
Q105601217	6000000019947495158
Q105601218	6000000077761119978
Q105601219	6000000077761895020
Q105601222	6000000083822681292
Q105601226	6000000083823570905
Q105601231	6000000141860469847
Q105601234	6000000074744822843
Q105601235	6000000131416346904
Q105601237	6000000074466532253
Q105601240	6000000112443592858
Q105601245	6000000020733645402
Q105601247	6000000074760586040
Q105601249	6000000074761135094
Q105601250	6000000074760439921
Q105601258	6000000071540576030
Q105601259	6000000133896554837
Q105601262	6000000064191424832
Q105601264	6000000037926035912
Q105601272	6000000064190852039
Q105601273	6000000064191306854
Q105601275	6000000071540744876
Q105601302	6000000008805312970
Q105601303	6000000008804978074
Q105601317	6000000032089146846
Q105601320	6000000032088710672
Q105601321	6000000032111366096
Q105601323	6000000032088593549
Q105601328	6000000033148250159
Q105601332	6000000204169288850
Q105601337	6000000204169413859
Q105601341	6000000196861770821
Q105601345	6000000196861997837
Q105601348	6000000196862256821
Q105601352	6000000020255970923
Q105601353	6000000050731394905
Q105601357	6000000040548387154
Q105601358	6000000051024548051
Q105601360	6000000020311122870
Q105601369	6000000050645732828
Q105601374	6000000070555934188
Q105601380	6000000047996480843
Q105601385	6000000084755339963
Q105601389	6000000024743373930
Q105601392	6000000100994815822
Q105601395	6000000009255931561
Q105601396	6000000083654408110
Q105601397	6000000083653555714
Q105601400	6000000018297083161
Q105601401	6000000085473084533
Q105601402	6000000085508905110
Q105601404	6000000198549846849
Q105601405	6000000100780225962
Q105601408	6000000077516858042
Q105601409	6000000009255906754
Q105601410	6000000083654726847
Q105601412	6000000176113585833
Q105601413	6000000054524274939
Q105601417	6000000018297237033
Q105601418	6000000069281596907
Q105601420	6000000125990780848
Q105601423	6000000198549983835
Q105601424	6000000087989734016
Q105601425	6000000051915309081
Q105601427	6000000176113342836
Q105601429	6000000085474843977
Q105601433	6000000034052832062
Q105601435	6000000085474174140
Q105601436	6000000100780953895
Q105601438	6000000024632449978
Q105601440	6000000069281778877
Q105601442	6000000085475292868
Q105601443	6000000193490144856
Q105601445	6000000077517774830
Q105601446	6000000083654730899
Q105601447	6000000033716795498
Q105601451	6000000049537660177
Q105601452	6000000205667557823
Q105601455	6000000205667648823
Q105601458	6000000065993242825
Q105601459	6000000014828259958
Q105601460	6000000014828405541
Q105601461	6000000028461257126
Q105601462	6000000041829186722
Q105601464	6000000015820623881
Q105601467	6000000065993597176
Q105601468	6000000185002484838
Q105601470	6000000028461461906
Q105601471	6000000015820378667
Q105601472	6000000023700775508
Q105601475	6000000035346168132
Q105601477	6000000025648031871
Q105601480	6000000038004176987
Q105601483	6000000102738062839
Q105601484	6000000031044204126
Q105601489	6000000201838448833
Q105601490	6000000191468633822
Q105601491	6000000079798471020
Q105601496	6000000191468312884
Q105601498	6000000077234755931
Q105601502	6000000193680019822
Q105601504	6000000130381224821
Q105601505	6000000032997976125
Q105601506	6000000121662705895
Q105601507	6000000079655497917
Q105601510	6000000079797938438
Q105601511	6000000098043229837
Q105601514	6000000023000803033
Q105601518	6000000104636445903
Q105601520	6000000083059240474
Q105601523	6000000034395556130
Q105601525	6000000020557615028
Q105601527	6000000200650268838
Q105601531	6000000022824535016
Q105601535	6000000023253739168
Q105601543	6000000023253836684
Q105601544	6000000023262698873
Q105601545	6000000195374792844
Q105601547	6000000023262329222
Q105601550	6000000056722692961
Q105601551	6000000172043739300
Q105601553	6000000069564003849
Q105601555	6000000069933918388
Q105601556	6000000185373519215
Q105601557	6000000019494065774
Q105601558	6000000034395435464
Q105601563	6000000185374722991
Q105601566	6000000023262765209
Q105601569	6000000019494107622
Q105601571	6000000069935619897
Q105601572	6000000018635655474
Q105601575	6000000023253897026
Q105601578	6000000194168962851
Q105601582	6000000034395313435
Q105601583	6000000023262194611
Q105601584	6000000185376576867
Q105601586	6000000200437208828
Q105601588	6000000069563673267
Q105601591	6000000194168513912
Q105601593	6000000076035648830
Q105601594	6000000069935392060
Q105601598	6000000018182534590
Q105601604	6000000178583923842
Q105601619	6000000021073349199
Q105601624	381764425360011408
Q105601630	6000000021071144728
Q105601632	6000000190429267821
Q105601633	6000000055326215914
Q105601640	6000000014796381603
Q105601641	6000000066676203839
Q105601643	6000000129427450859
Q105601647	6000000088065810157
Q105601649	6000000026714305044
Q105601650	6000000098133210098
Q105601651	6000000014340551960
Q105601654	6000000177702056854
Q105601656	6000000077907395169
Q105601657	6000000023008415644
Q105601658	6000000129427070878
Q105601659	6000000077641506821
Q105601667	6000000129428101832
Q105601668	6000000191341485872
Q105601670	6000000177702182850
Q105601674	6000000019928387131
Q105601675	6000000129427607824
Q105601678	6000000066677125209
Q105601679	6000000191341382834
Q105601681	6000000066677811905
Q105601683	6000000129427749821
Q105601691	6000000072031848099
Q105601695	6000000167158359822
Q105601699	6000000015828934277
Q105601701	6000000018790081490
Q105601703	6000000045140201028
Q105601704	6000000018790344009
Q105601705	6000000067862685170
Q105601706	6000000015820046739
Q105601709	6000000018790317027
Q105601728	6000000019125278621
Q105601729	6000000031025273079
Q105601731	6000000074296292990
Q105601732	6000000031022651595
Q105601735	6000000074296360897
Q105601742	6000000092122819874
Q105601743	6000000092122303925
Q105601746	6000000024597123360
Q105601750	6000000100760699884
Q105601754	6000000197679788825
Q105601758	6000000014673643955
Q105601759	6000000030375348644
Q105601762	6000000110438432832
Q105601763	6000000110437787025
Q105601770	6000000081070672131
Q105601778	6000000106649352046
Q105601780	6000000187077118850
Q105601785	6000000106647721835
Q105601786	6000000010261448923
Q105601787	6000000088600883897
Q105601793	6000000187233937884
Q105601798	6000000068744545887
Q105601804	6000000018859279951
Q105601806	6000000018859980413
Q105601807	6000000018859598765
Q105601809	6000000013796441141
Q105601814	6000000013796355953
Q105601816	6000000015511579931
Q105601821	6000000000338960667
Q105601830	6000000006796747052
Q105601832	6000000015528844051
Q105601833	6000000020379515964
Q105601838	6000000031030992553
Q105601841	6000000037114178926
Q105601842	6000000081524779102
Q105601844	6000000031031244946
Q105601845	6000000081525010198
Q105601846	6000000067105101825
Q105601848	6000000116295944093
Q105601850	6000000015376586237
Q105601852	6000000030925767644
Q105601853	6000000026001017242
Q105601854	6000000085765200857
Q105601856	6000000016697072621
Q105601858	6000000071746308941
Q105601859	6000000016120058804
Q105601860	6000000091753869009
Q105601864	6000000015527216458
Q105601865	6000000031349193388
Q105601866	6000000038637994243
Q105601868	6000000015527216454
Q105601869	6000000011906608015
Q105601870	6000000081525314049
Q105601872	6000000067104196983
Q105601873	6000000178983524868
Q105601878	6000000024791060120
Q105601897	6000000004045672568
Q105601906	6000000090599560948
Q105601907	6000000002425053974
Q105601910	6000000002337488577
Q105601911	6000000031822612970
Q105601914	6000000088177857881
Q105601915	6000000031822398238
Q105601917	6000000121870338846
Q105601919	6000000088177164923
Q105601920	6000000214324604829
Q105601922	6000000083245096190
Q105601927	6000000017754636227
Q105601936	6000000185529232498
Q105601938	6000000033822410378
Q105601939	6000000033823184922
Q105601941	6000000033822442416
Q105601942	6000000003538575706
Q105601945	6000000036327719167
Q105601946	6000000026870479984
Q105601947	6000000034545412855
Q105601950	6000000036309684404
Q105601951	6000000037603178948
Q105601953	6000000036339502010
Q105601960	6000000026870535837
Q105601962	6000000036307579832
Q105601963	6000000026856036124
Q105601964	6000000054897956901
Q105601965	6000000092318680021
Q105601967	6000000092215630847
Q105601968	6000000019402094047
Q105601970	6000000092319155065
Q105601974	6000000092330276838
Q105601975	6000000190431357879
Q105601992	6000000033833126002
Q105601995	6000000182463130932
Q105601997	6000000178242634032
Q105601998	6000000063306911831
Q105601999	6000000182462088848
Q105602002	6000000202945250823
Q105602004	6000000069811888900
Q105602009	6000000178244250898
Q105602101	6000000018428757973
Q105602102	6000000063007271833
Q105602104	6000000197171767887
Q105602108	6000000042307967037
Q105602111	6000000007560088579
Q105602115	6000000079102950880
Q105602118	6000000184892655840
Q105602119	6000000121862933828
Q105602120	6000000034240842037
Q105602123	6000000073432185854
Q105602124	6000000037707427911
Q105602132	6000000009297482562
Q105602135	6000000042018884821
Q105602141	6000000156621787842
Q105602661	6000000039539326854
Q105602665	6000000017274791828
Q105602666	6000000024711453861
Q105602668	6000000039539653069
Q105602669	6000000015138190136
Q105602670	6000000016591776591
Q105602673	6000000024711544928
Q105602675	6000000078480350823
Q105602677	6000000017279809326
Q105602687	6000000200579448830
Q105602692	6000000196028897878
Q105602697	6000000193898615822
Q105602698	6000000015061008271
Q105602701	6000000017274768386
Q105602702	6000000016590917679
Q105602704	6000000109630596058
Q105602705	6000000039539286988
Q105602708	6000000195457035946
Q105602710	6000000195458261833
Q105602714	6000000017280520064
Q105602715	6000000078478943960
Q105602717	6000000193901601832
Q105602718	6000000200560839841
Q105602719	6000000109630664863
Q105602720	6000000024714216900
Q105602721	6000000078481020854
Q105602727	6000000017274804910
Q105602728	6000000109631014829
Q105602731	6000000017274355796
Q105602737	6000000178451550821
Q105602741	6000000178445320828
Q105602750	6000000069237208858
Q105602751	6000000069237450821
Q105602752	6000000040224233991
Q105602755	6000000040222826620
Q105602757	6000000085393451837
Q105602763	6000000022966042406
Q105602766	6000000078648670955
Q105602767	6000000193805886827
Q105602768	6000000013356126633
Q105602769	6000000034230168128
Q105602774	6000000200605162844
Q105602777	6000000200604203852
Q105602779	6000000021399573862
Q105602781	6000000032085023912
Q105602782	6000000032084823143
Q105602783	6000000079041275913
Q105602789	6000000034405457867
Q105602791	6000000032178828072
Q105602796	6000000182754568838
Q105602804	6000000195414513030
Q105602807	6000000018677607027
Q105602811	6000000018676923749
Q105602817	6000000017855365096
Q105602818	6000000195409230832
Q105602819	6000000215834131832
Q105602822	6000000184583289821
Q105602826	6000000018677112139
Q105602828	6000000018675635862
Q105602834	6000000005079363410
Q105602835	6000000067170468898
Q105602836	6000000074720513181
Q105602839	6000000067167943840
Q105602845	6000000007748525349
Q105602846	6000000005079389179
Q105602852	6000000077656706210
Q105602853	6000000043813389111
Q105602855	6000000076699643981
Q105602857	6000000019038624467
Q105602864	6000000026076912107
Q105602865	6000000019524151064
Q105602866	6000000018380002800
Q105602869	6000000018731253974
Q105602870	6000000181720811902
Q105602879	6000000010826713207
Q105602883	6000000073973126842
Q105602905	6000000019525017090
Q105602915	6000000012405849651
Q105602920	6000000055912391761
Q105602926	6000000005381540549
Q105602929	6000000084809569981
Q105602931	6000000196525033824
Q105602935	6000000196524971854
Q105602941	6000000078886892408
Q105602950	6000000163843397899
Q105602955	6000000034542771689
Q105602962	6000000058156104094
Q105602984	6000000016579957138
Q105602989	6000000174815224578
Q105602996	6000000188815291830
Q105603006	6000000085701133855
Q105603007	6000000177672893821
Q105603012	6000000196519530839
Q105603016	6000000013301089625
Q105603022	6000000058156252917
Q105603024	6000000078887678938
Q105603025	6000000019524995522
Q105603027	6000000019110085096
Q105603030	6000000081357074040
Q105603035	6000000024745990043
Q105603036	6000000017682639812
Q105603037	6000000177523735821
Q105603039	6000000196224606846
Q105603045	6000000181096581822
Q105603048	6000000157197926821
Q105603051	6000000197744812852
Q105603064	6000000019524989185
Q105603075	6000000015432513051
Q105603081	6000000100255493915
Q105603083	6000000000620927884
Q105603087	6000000026077226879
Q105603090	6000000210386956829
Q105603092	6000000000388341568
Q105603097	6000000061758718859
Q105603099	6000000061758423921
Q105603102	6000000074721990374
Q105603103	6000000070493795188
Q105603108	6000000019523630533
Q105603111	6000000010825793807
Q105603138	6000000071452265003
Q105603148	6000000022050403687
Q105603149	6000000162008508869
Q105603152	6000000071449265916
Q105603153	6000000191034965825
Q105603155	6000000036627352088
Q105603156	6000000196524717884
Q105603157	6000000019769329255
Q105603160	6000000067733981914
Q105603165	6000000044276255503
Q105603167	6000000000620815617
Q105603168	6000000163856428911
Q105603171	6000000071553754020
Q105603173	6000000114209131821
Q105603178	6000000178078427821
Q105603182	6000000163858074880
Q105603186	6000000071452361902
Q105603189	6000000171805487431
Q105603195	6000000070705770908
Q105603196	6000000034751125429
Q1056032	6000000010590633165
Q105603209	6000000109757098964
Q105603210	6000000016579167401
Q105603211	5701347934930127025
Q105603213	6000000019524884288
Q105603214	6000000018413220018
Q105603227	6000000000388584275
Q105603230	6000000196224824826
Q105603238	6000000181093259920
Q105603240	6000000106421157104
Q105603243	6000000196224159882
Q105603247	6000000178317150833
Q105603265	6000000000388498599
Q105603268	6000000181094731876
Q105603274	6000000048537500852
Q105603275	6000000077478841868
Q105603277	6000000018733343671
Q105603282	6000000103211930947
Q105603286	6000000022589578858
Q105603290	6000000174815737499
Q105603297	6000000000399180081
Q105603299	6000000013676580510
Q105603308	6000000070494675861
Q105603313	6000000078887969030
Q105603316	6000000000388196981
Q105603329	6000000038788306839
Q105603332	6000000023983604417
Q105603335	6000000077483024845
Q105603345	6000000177672749871
Q105603350	6000000041708709384
Q105603352	6000000109795751833
Q105603358	6000000022012422309
Q105603363	6000000065167008825
Q105603365	6000000000388439612
Q105603366	6000000062583813833
Q105603367	6000000084808180353
Q105603369	6000000160766685821
Q105603370	6000000018731253998
Q105603372	6000000067094905857
Q105603374	6000000114209003822
Q105603377	6000000196525742831
Q105603379	6000000196046539839
Q105603381	6000000017826831769
Q105603383	6000000012751524709
Q105603387	6000000055913414936
Q105603390	6000000037017543568
Q105603405	6000000036627059273
Q105603408	6000000026076742217
Q105603418	6000000114209578821
Q105603419	6000000178078159844
Q105603421	6000000068810024010
Q105603423	6000000070494532993
Q105603432	6000000081357142047
Q105603434	6000000034179137244
Q105603435	6000000056933458910
Q105603438	6000000070494661940
Q105603439	6000000196524759867
Q105603442	6000000072062866250
Q105603447	6000000011572247896
Q105603454	6000000013744860614
Q105603455	6000000077644225144
Q105603456	6000000014693401659
Q105603458	6000000022403237304
Q105603459	6000000013744903169
Q105603462	6000000013743793876
Q105603464	6000000035180566381
Q105603465	6000000014693536052
Q105603469	6000000013744672435
Q105603479	6000000016532558135
Q105603482	6000000016532713853
Q105603485	6000000016532647152
Q105603488	6000000016532126280
Q105603492	6000000105031476847
Q105603496	6000000019059636134
Q105603499	6000000059893163957
Q105603500	6000000059892885355
Q105603502	6000000105030801005
Q105603503	6000000105030841870
Q105603504	6000000016531966386
Q105603509	6000000016532552098
Q105603510	6000000105029573422
Q105603513	6000000163607244886
Q105603514	6000000057777153063
Q105603518	6000000112540059143
Q105603522	6000000077365584832
Q105603523	6000000042591130006
Q105603524	6000000017823662558
Q105603525	6000000017824749290
Q105603528	6000000077985169941
Q105603534	6000000075619652849
Q105603535	6000000009718287546
Q105603537	6000000075654114829
Q105603541	6000000075653900237
Q105603542	6000000051378161048
Q105603553	6000000028815431337
Q105603561	6000000190379987827
Q105603562	6000000077114406450
Q105603566	6000000059805880052
Q105603567	6000000178714763840
Q105603568	6000000189899315836
Q105603569	6000000193867249871
Q105603570	6000000157902447840
Q105603571	6000000085850278902
Q105603574	6000000065555575845
Q105603575	6000000016166881427
Q105603577	6000000065555236969
Q105603578	6000000178716240838
Q105603580	6000000189899433824
Q105603582	6000000190381094832
Q105603586	6000000196294259832
Q105603588	6000000059806080889
Q105603591	6000000065555816844
Q105603592	6000000190377793875
Q105603594	6000000193867098931
Q105603596	6000000190380510825
Q105603597	6000000178715893842
Q105603599	6000000178707332904
Q105603606	6000000178708792821
Q105603609	6000000189899342828
Q105603613	6000000189898949851
Q105603614	6000000190375818867
Q105603615	6000000016167580292
Q105603616	6000000190380439855
Q105603618	6000000196296220825
Q105603619	6000000016167590021
Q105603624	6000000023896886514
Q105603625	6000000033729570219
Q105603627	6000000031387461032
Q105603628	6000000031387482114
Q105603630	6000000031387300458
Q105603631	6000000070648805016
Q105603634	6000000070648446838
Q105603635	6000000019110157750
Q105603637	6000000034680344920
Q105603639	6000000070649625942
Q105603642	6000000033082376491
Q105603647	6000000064824606858
Q105603648	6000000033082407092
Q105603649	6000000019704593147
Q105603651	6000000019704685065
Q105603655	6000000001482717661
Q105603668	6000000033134788067
Q105603669	6000000033133332732
Q105603690	6000000204204865923
Q105603694	6000000117617714906
Q105603699	6000000156492959834
Q105603701	6000000156490045846
Q105603712	6000000024568628001
Q105603715	6000000072084926868
Q105603716	6000000024708483041
Q105603719	6000000024707401585
Q105603720	6000000024708393324
Q105603727	6000000153589054917
Q105603731	6000000177786592821
Q105603736	6000000085600536960
Q105603739	6000000021014745555
Q105603742	6000000021015189021
Q105603743	6000000165696315274
Q105603745	6000000015213082336
Q105603749	6000000028747263064
Q105603750	6000000028731535220
Q105603754	6000000028749724756
Q105603756	6000000028750197785
Q105603758	6000000028750007603
Q105603759	6000000028749661890
Q105603762	6000000182888160859
Q105603766	6000000020035874381
Q105603767	6000000041991148915
Q105603771	6000000182879221869
Q105603774	6000000182879505855
Q105603783	6000000148347618821
Q105603784	6000000041991160913
Q105603785	6000000041990848103
Q105603788	6000000024723690497
Q105603790	6000000024724101979
Q105603791	6000000066756526882
Q105603800	6000000003734045160
Q105603806	6000000120108218885
Q105603807	6000000022422796779
Q105603812	6000000018243144180
Q105603820	6000000015882942712
Q105603830	6000000015881240224
Q105603833	6000000068774487069
Q105603834	6000000013750951756
Q105603838	6000000179172709831
Q105603842	6000000068774910861
Q105603849	6000000079124953919
Q105603850	6000000056980361824
Q105603852	6000000011523962474
Q105603853	6000000021965880320
Q105603859	6000000068772699863
Q105603863	6000000033309214999
Q105603865	6000000181721157931
Q105603869	6000000120377121958
Q105603871	6000000068774040863
Q105603874	6000000068772208027
Q105603878	6000000181719486969
Q105603881	6000000076941935882
Q105603884	6000000068749988999
Q105603895	6000000013743105811
Q105603900	6000000086532206064
Q105603901	6000000036361480612
Q105603903	6000000086533145878
Q105603905	6000000068772311944
Q105603907	6000000181721659850
Q105603908	6000000181736642840
Q105603909	6000000181721046846
Q105603911	6000000179172514827
Q105603915	6000000074359209825
Q105603920	6000000086531966171
Q105603930	6000000120108178961
Q105603932	6000000056980223925
Q105603933	6000000124343093998
Q105603935	6000000021662065054
Q105603938	6000000011609220406
Q105603939	6000000109344519925
Q105603943	6000000069641257851
Q105603944	6000000069641027984
Q105603951	6000000010581704993
Q105603964	6000000180584044823
Q105603965	6000000180582820863
Q105603966	6000000082558926912
Q105603969	6000000082558280295
Q105603972	6000000204205490843
Q105603976	6000000150914482854
Q105603978	6000000150915347821
Q105603980	6000000150914790849
Q105603987	6000000037700657340
Q105603989	6000000078143929359
Q105603991	6000000078141933605
Q105604001	6000000017619670434
Q105604003	6000000041826286673
Q105604006	6000000027442447589
Q105604016	6000000065566607872
Q105604019	6000000180584407823
Q105604026	6000000065566242834
Q105604028	6000000065490911917
Q105604032	6000000087193708867
Q105604034	6000000183025837844
Q105604035	6000000041826669954
Q105604038	6000000080312879868
Q105604046	6000000065103362934
Q105604049	6000000019200021481
Q105604055	6000000019672882024
Q105604059	6000000027440997305
Q105604060	6000000019360157566
Q105604063	6000000064963344881
Q105604066	6000000027444165874
Q105604072	6000000003538575626
Q105604074	6000000086380915088
Q105604082	6000000027440735730
Q105604086	6000000195092116834
Q105604096	6000000019199546514
Q105604102	6000000014125399813
Q105604105	6000000065565928204
Q105604106	6000000016829414093
Q105604115	6000000080266793872
Q105604120	6000000204206041821
Q105604123	6000000065508380074
Q105604124	6000000173970978875
Q105604126	6000000011071868490
Q105604138	6000000065491548861
Q105604147	6000000015881464464
Q105604158	6000000064497625835
Q105604159	6000000064497631895
Q105604162	6000000082551348010
Q105604163	6000000049039657956
Q105604167	6000000074280392881
Q105604169	6000000078570443963
Q105604170	6000000019273221195
Q105604171	6000000081180907855
Q105604172	6000000019592714121
Q105604174	6000000015561123238
Q105604175	6000000031024921837
Q105604176	6000000081180985951
Q105604179	6000000036359774120
Q105604183	6000000069822917897
Q105604186	6000000019658208458
Q105604187	6000000033785147296
Q105604189	6000000070181319113
Q105604192	6000000019658235353
Q105604194	6000000069257563918
Q105604195	6000000069257799857
Q105604204	6000000063218986868
Q105604207	6000000019884379086
Q105604208	6000000019883947768
Q105604216	6000000015645467509
Q105604218	6000000032646837869
Q105604219	6000000019757182797
Q105604220	6000000023401279120
Q105604223	6000000019749161552
Q105604229	6000000019749186400
Q105604235	6000000128292333994
Q105604241	6000000007015946046
Q105604249	6000000097854144878
Q105604252	6000000028311552656
Q105604258	6000000092922230086
Q105604262	6000000077316361102
Q105604267	6000000043280359166
Q105604268	6000000193614387827
Q105604270	6000000018866277110
Q105604274	6000000092922359069
Q105604286	6000000015536090264
Q105604289	6000000191058619832
Q105604295	6000000019595636069
Q105604298	6000000016410120581
Q105604306	6000000019595471696
Q105604313	6000000066364901859
Q105604319	6000000016410209052
Q105604325	6000000110844939834
Q105604327	6000000092922677998
Q105604332	6000000018886549430
Q105604333	6000000024143495063
Q105604340	6000000019480516731
Q105604341	6000000156201101864
Q105604343	6000000084728370650
Q105604355	6000000016409398127
Q105604360	6000000024143533962
Q105604368	6000000110849067843
Q105604369	6000000058007630837
Q105604374	6000000018939245522
Q105604375	6000000018938764699
Q105604381	6000000017204880139
Q105604383	6000000018938703294
Q105604385	6000000018939094128
Q105604386	6000000016586532237
Q105604387	6000000016586014739
Q105604389	6000000024170645236
Q105604390	6000000018880700935
Q105604396	6000000085439075954
Q105604397	6000000085439234830
Q105604398	6000000085439263821
Q105604401	6000000085438864050
Q105604408	6000000197346043821
Q105604419	6000000017937853845
Q105604421	6000000194376472823
Q105604423	6000000021011785288
Q105604427	6000000048621901940
Q105604430	6000000048622126841
Q105604432	6000000048621758905
Q105604438	6000000048621876941
Q105604439	6000000194376742826
Q105604442	6000000096331101119
Q105604445	6000000012643573659
Q105604454	6000000048621528061
Q105604463	6000000146710382079
Q105604464	6000000054536999892
Q105604465	6000000048621304237
Q105604468	6000000096331906846
Q105604474	6000000048622386890
Q105604487	6000000096330667067
Q105604490	6000000021012011193
Q105604493	6000000108632562909
Q105604498	6000000026649341834
Q105604505	6000000046233130862
Q105604506	6000000187840611822
Q105604507	6000000070649775223
Q105604512	6000000187840829838
Q105604513	6000000030407694614
Q105604514	6000000007316847498
Q105604516	6000000007316928943
Q105604520	6000000007316934528
Q105604523	6000000007316928441
Q105604525	6000000154578150821
Q105604527	6000000067491899822
Q105604528	6000000030408275133
Q105604529	6000000007316929262
Q105604531	6000000078696992846
Q105604534	6000000007316928463
Q105604541	6000000036881045109
Q105604543	6000000085760883888
Q105604545	6000000066088168865
Q105604550	6000000015527607578
Q105604551	6000000020790115021
Q105604555	6000000026827320352
Q105604559	6000000026118375489
Q105604562	6000000017522460648
Q105604564	6000000071760863675
Q105604566	6000000066084294137
Q105604568	6000000041857359658
Q105604572	6000000033233503191
Q105604574	6000000103368468841
Q105604576	6000000020805238665
Q105604577	6000000040947428814
Q105604578	6000000199793565840
Q105604580	6000000195046994905
Q105604586	6000000036016180000
Q105604587	6000000046068792124
Q105604589	6000000019751844528
Q105604590	6000000015898053583
Q105604591	6000000040197725915
Q105604592	6000000041542569606
Q105604593	6000000040338259591
Q105604596	6000000026131080265
Q105604601	6000000026561932206
Q105604602	6000000009288295352
Q105604603	6000000026118844233
Q105604604	6000000020775211074
Q105604605	6000000026118071519
Q105604609	6000000015527551433
Q105604610	6000000078638414049
Q105604612	6000000026439956836
Q105604613	6000000043571688939
Q105604615	6000000016456486752
Q105604616	6000000041785360698
Q105604617	6000000185554887107
Q105604618	6000000026562151045
Q105604628	6000000043364011045
Q105604636	6000000026118669802
Q105604638	6000000033233449656
Q105604650	6000000105409990830
Q105604653	6000000026118732209
Q105604669	6000000020447821219
Q105604670	6000000026064897638
Q105604671	6000000018624736996
Q105604673	6000000017729977113
Q105604674	6000000026089276284
Q105604675	6000000026104967515
Q105604681	6000000036015866306
Q105604682	6000000106985584875
Q105604685	6000000078040212596
Q105604692	6000000017730014021
Q105604698	6000000018626010907
Q105604699	6000000105480685249
Q105604700	6000000026046746759
Q105604701	6000000063305544837
Q105604705	6000000127028848963
Q105604708	6000000106985015839
Q105604709	6000000209960171821
Q105604710	6000000026542531749
Q105604713	6000000185385496851
Q105604714	6000000017521902359
Q105604717	6000000026824986603
Q105604718	6000000029283724087
Q105604719	6000000041654519447
Q105604720	6000000041857732039
Q105604721	6000000013320087859
Q105604726	6000000189262994885
Q105604728	6000000174190038951
Q105604730	6000000042605512391
Q105604738	6000000038506554821
Q105604740	6000000026118385252
Q105604742	6000000015894618034
Q105604745	6000000031368020121
Q105604759	6000000013102334493
Q105604762	6000000026439700356
Q105604776	6000000015898275420
Q105604777	6000000041654307720
Q105604780	6000000071223040910
Q105604786	6000000026200268139
Q105604787	6000000174188688686
Q105604788	6000000147158644830
Q105604793	6000000127031928857
Q105604795	6000000026825122491
Q105604801	4106468
Q105604803	6000000041543568722
Q105604809	6000000017053582061
Q105604810	6000000026037117599
Q105604814	6000000018029149418
Q105604818	6000000026586813432
Q105604831	6000000046195746864
Q105604834	6000000026049551938
Q105604836	6000000093525371494
Q105604839	6000000176461755843
Q105604840	6000000176462367843
Q105604843	6000000030743528280
Q105604846	6000000041849317317
Q105604851	6000000019672452485
Q105604853	6000000000357005575
Q105604855	6000000015329596007
Q105604856	6000000040602883190
Q105604858	6000000006797440625
Q105604859	6000000015898170369
Q105604860	6000000026037529156
Q105604863	6000000019647204368
Q105604869	6000000015898159374
Q105604871	4106476
Q105604872	6000000026102819797
Q105604879	6000000031368035138
Q105604880	6000000013102134672
Q105604886	6000000026102585513
Q105604891	6000000041543175824
Q105604893	6000000141804157899
Q105604895	6000000017128326294
Q105604896	6000000105407856339
Q105604897	6000000020910574797
Q105604900	6000000026050579289
Q105604902	6000000206464721874
Q105604903	6000000020789825544
Q105604905	6000000060386432882
Q105604908	4106354
Q105604914	6000000204240682825
Q105604915	6000000075040748108
Q105604917	6000000103368659865
Q105604921	6000000147157984881
Q105604924	6000000216648184822
Q105604928	6000000040602887943
Q105604930	6000000022097791086
Q105604931	6000000026103041941
Q105604932	6000000176462217831
Q105604933	6000000018887942870
Q105604936	6000000089227306915
Q105604938	6000000069832469065
Q105604939	6000000031625966204
Q105604940	6000000014523738579
Q105604943	6000000180606579929
Q105604944	6000000009448442751
Q105605526	6000000014830544676
Q105605888	6000000179198614821
Q105605891	6000000059603159079
Q105605893	6000000078085586933
Q105605901	6000000057950875964
Q105605902	6000000189211741823
Q105605903	6000000177789870829
Q105605904	6000000077894093010
Q105605907	6000000066150034834
Q105605908	6000000181837559821
Q105605910	6000000002240559369
Q105605914	6000000099231141821
Q105605916	6000000204822006909
Q105605918	6000000067270372836
Q105605921	6000000182494261828
Q105605931	6000000089877549859
Q105605946	6000000066149961923
Q105605949	6000000040839053897
Q105605950	6000000015507910401
Q105605952	6000000009019775462
Q105605956	6000000180609522821
Q105605960	6000000077894156065
Q105605961	6000000052365935950
Q105605968	6000000196557424863
Q105605969	6000000015508122021
Q105605970	6000000081775597070
Q105605972	6000000087411612956
Q105605973	6000000164950727955
Q105605974	6000000181121665841
Q105605975	6000000052366193869
Q105605976	6000000021050178222
Q105605978	6000000180608995826
Q105605985	6000000002017882252
Q105605986	6000000015882470583
Q105605990	6000000204149714829
Q105605994	6000000000528546642
Q105605995	6000000064321901908
Q105605999	6000000099229773209
Q105606001	6000000181121702831
Q105606002	6000000030664998291
Q105606005	6000000181836477866
Q105606007	6000000204272143872
Q105606012	6000000149907053821
Q105606014	6000000185390943835
Q105606015	6000000046451739325
Q105606017	6000000088856935995
Q105606020	6000000169797811206
Q105606023	6000000181121608837
Q105606030	6000000028524110103
Q105606031	6000000015882735271
Q105606032	6000000002240443983
Q105606035	6000000179197520858
Q105606042	6000000010918003602
Q105606046	6000000180605709917
Q105606050	6000000204272709821
Q105606054	6000000006873114074
Q105606062	6000000040950283040
Q105606064	6000000181121793825
Q105606065	6000000085580017111
Q105606066	6000000169797991081
Q105606069	6000000079841145847
Q105606074	6000000149907291822
Q105606076	6000000176870369917
Q105606077	6000000099229784892
Q105606079	6000000052365845954
Q105606091	6000000021050236303
Q105606094	6000000077893746407
Q105606095	6000000052364663760
Q105606096	6000000177789512876
Q105606097	6000000018238200670
Q105606098	6000000088851152859
Q105606106	6000000068859668837
Q105606107	6000000195329294843
Q105606108	6000000070663903381
Q105606112	6000000202588777821
Q105606113	6000000044166354464
Q105606117	6000000026274662355
Q105606118	6000000181851191857
Q105606121	6000000195328329979
Q105606125	6000000018713616864
Q105606126	6000000036356898866
Q105606127	6000000018713978456
Q105606129	6000000200873977846
Q105606130	6000000200874328844
Q105606132	6000000204821410052
Q105606133	6000000033190516877
Q105606138	6000000037928263008
Q105606139	6000000033190415013
Q105606140	6000000019969514899
Q105606142	6000000042832722159
Q105606145	6000000173734893878
Q105606149	6000000078147970155
Q105606150	6000000037926341563
Q105606154	6000000078148188994
Q105606156	6000000198664492821
Q105606163	5057600920140101402
Q105606165	5057609482220078272
Q105606167	6000000051084160861
Q105606168	6000000019434469599
Q105606169	6000000054626580883
Q105606172	6000000181740308852
Q105606173	6000000181739048874
Q105606175	6000000181739677859
Q105606177	6000000140079780943
Q105606179	6000000000333663179
Q105606184	6000000002388915295
Q105606185	6000000025792470890
Q105606186	6000000045046794973
Q105606189	6000000016267894728
Q105606191	6000000078070812969
Q105606193	6000000016268196207
Q105606194	6000000068902520914
Q105606195	6000000067421755839
Q105606196	6000000044087278620
Q105606197	6000000016281695487
Q105606199	6000000066096811847
Q105606200	6000000016268196171
Q105606201	6000000025745309408
Q105606202	6000000002388846598
Q105606203	6000000164732998519
Q105606205	6000000012527791008
Q105606207	6000000016268041825
Q105606211	6000000015257589838
Q105606212	6000000175588111850
Q105606213	6000000002388846619
Q105606214	6000000016268111824
Q105606215	6000000002388915258
Q105606216	6000000012527791012
Q105606217	6000000025791526223
Q105606218	6000000055912006134
Q105606219	6000000015912032203
Q105606222	6000000046788399310
Q105606224	6000000014455884096
Q105606227	6000000185422281855
Q105606229	6000000034412078426
Q105606235	6000000116716911220
Q105606236	6000000175883872821
Q105606237	6000000035454580941
Q105606239	6000000035455016242
Q105606240	6000000035454096679
Q105606243	6000000118239246872
Q105606246	6000000180612040821
Q105606248	6000000180610569840
Q105606250	6000000180611887828
Q105606253	6000000018515820732
Q105606254	6000000030938101450
Q105606257	6000000087308490000
Q105606259	6000000121966400862
Q105606260	6000000016208645355
Q105606262	6000000042929679821
Q105606263	6000000157322015840
Q105606264	6000000017484915971
Q105606265	6000000102675027839
Q105606266	6000000102657727127
Q105606278	6000000102612299858
Q105606281	6000000009377292309
Q105606286	6000000059802065871
Q105606287	6000000102660279831
Q105606293	6000000102674737986
Q105606300	6000000071418416081
Q105606301	6000000071418740896
Q105606303	6000000217056419822
Q105606305	6000000071418530858
Q105606306	6000000087959007867
Q105606307	6000000087959385826
Q105606309	6000000087958314822
Q105606314	6000000034625543956
Q105606317	6000000034624768736
Q105606319	284836610510007205
Q105606323	6000000141889326824
Q105606324	6000000018424916070
Q105606327	6000000039101571513
Q105606330	6000000015163546786
Q105606332	6000000208430175847
Q105606335	6000000208430438826
Q105606339	6000000052139779882
Q105606341	6000000071174320857
Q105606352	6000000001679517627
Q105606353	6000000019384596316
Q105606356	6000000181788647824
Q105606358	6000000105306500350
Q105606361	6000000091143380444
Q105606363	6000000111046937977
Q105606364	6000000077427945983
Q105606367	6000000077426886313
Q105606368	6000000111076438085
Q105606370	6000000020105597005
Q105606371	6000000111077452957
Q105606373	6000000077427441101
Q105606374	6000000053037185889
Q105606384	6000000015163450783
Q105606384	6000000176782670881
Q105606410	6000000043258166594
Q105606412	6000000062459926000
Q105606418	6000000043258356310
Q105606424	6000000021865249171
Q105606426	6000000062460286841
Q105606427	6000000062459377166
Q105606435	6000000042608171610
Q105606436	6000000198410095822
Q105606439	6000000034729956841
Q105606440	6000000091387816971
Q105606442	6000000166435084846
Q105606447	6000000093401094001
Q105606449	6000000196954213880
Q105606450	6000000130312599886
Q105606455	6000000100884985821
Q105606456	6000000078708959566
Q105606457	6000000188229796879
Q105606464	6000000040814909407
Q105606469	6000000035775361594
Q105606470	6000000018498820576
Q105606474	6000000068883230899
Q105606475	6000000080353918222
Q105606479	6000000018890940171
Q105606481	6000000180741195896
Q105606489	6000000091389527821
Q105606490	6000000053213440870
Q105606491	6000000014216849887
Q105606492	6000000178664843851
Q105606495	6000000065066056131
Q105606496	6000000068886618853
Q105606500	6000000017096436849
Q105606505	6000000070395079077
Q105606506	6000000091393427904
Q105606507	6000000093399109930
Q105606508	6000000100884710879
Q105606512	6000000034931952205
Q105606513	6000000021802243185
Q105606514	6000000024110673632
Q105606531	6000000142495542829
Q105606537	6000000178104227876
Q105606540	6000000026867287469
Q105606544	6000000011580113434
Q105606548	6000000066366309870
Q105606555	6000000091387383014
Q105606566	6000000018223995685
Q105606569	6000000035846493152
Q105606573	6000000035002320799
Q105606574	6000000062694915172
Q105606575	6000000142495633851
Q105606584	6000000065069115077
Q105606586	6000000173249350777
Q105606587	6000000178237916845
Q105606588	6000000073428838831
Q105606590	6000000077138678393
Q105606592	6000000197810071842
Q105606593	6000000178664370867
Q105606596	6000000072239711861
Q105606597	6000000039876298124
Q105606598	6000000035004833815
Q105606600	6000000018498960431
Q105606602	6000000035855640970
Q105606603	6000000184690759866
Q105606604	6000000028472789478
Q105606605	6000000042325854081
Q105606606	6000000199966969825
Q105606609	6000000052533463053
Q105606610	6000000180415095838
Q105606611	6000000034729853995
Q105606613	6000000187415974822
Q105606615	6000000097899689835
Q105606620	6000000180753991821
Q105606626	6000000037836120167
Q105606627	6000000035005534075
Q105606630	6000000051269637174
Q105606638	6000000048153277344
Q105606643	6000000187415680836
Q105606644	6000000082779254033
Q105606649	6000000106179695888
Q105606655	6000000077984276352
Q105606658	6000000135768982272
Q105606660	6000000023186848280
Q105606661	6000000068647908928
Q105606663	6000000035005094729
Q105606664	6000000180677103881
Q105606667	6000000180677957839
Q105606677	6000000182086923845
Q105606678	6000000018891149413
Q105606679	6000000037836629864
Q105606680	6000000080804508948
Q105606684	6000000017798459722
Q105606691	6000000163242211826
Q105606696	6000000180678348827
Q105606699	6000000175322693968
Q105606701	6000000015116217784
Q105606702	6000000135770907854
Q105606703	6000000152346302851
Q105606704	6000000014328975020
Q105606705	6000000017097072131
Q105606707	6000000195307534856
Q105606709	6000000180704847821
Q105606711	6000000126176400837
Q105606712	6000000078614076821
Q105606716	6000000004003421002
Q105606721	6000000118380232856
Q105606723	6000000005088703810
Q105606724	6000000111819562932
Q105606728	6000000021283032916
Q105606731	6000000035004883682
Q105606740	6000000034728315339
Q105606742	6000000026867925960
Q105606743	6000000068879798966
Q105606747	6000000116355862827
Q105606751	6000000068915841864
Q105606754	6000000017469783028
Q105606757	6000000141017869052
Q105606759	6000000073356829169
Q105606761	6000000026867374653
Q105606763	6000000199853041834
Q105606766	6000000197505218821
Q105606769	6000000078387033882
Q105606770	6000000085001029898
Q105606773	6000000083427453954
Q105606774	6000000080545729062
Q105606775	6000000194812808830
Q105606776	6000000035005565865
Q105606783	6000000187415956842
Q105606784	6000000215597493842
Q105606791	6000000028184451802
Q105606795	6000000097897808007
Q105606800	6000000078709013370
Q105606801	6000000014695293852
Q105606803	6000000071989028921
Q105606804	6000000180772521850
Q105606809	6000000016643627391
Q105606811	6000000018515780625
Q105606812	6000000202905935823
Q105606813	6000000215597709839
Q105606815	6000000168016720821
Q105606816	6000000017096994869
Q105606820	6000000187416025857
Q105606831	6000000077251730209
Q105606834	6000000024112351188
Q105606836	6000000041501729152
Q105606838	6000000101309208832
Q105606840	6000000166434699149
Q105606841	6000000178237066909
Q105606842	6000000018999014576
Q105606843	6000000091386814129
Q105606845	6000000084323436899
Q105606847	6000000038235433664
Q105606848	6000000196353441850
Q105606849	6000000005218765644
Q105606850	6000000014780787417
Q105606855	6000000163240047824
Q105606856	6000000112903284896
Q105606858	6000000163801575821
Q105606862	6000000178237908826
Q105606866	6000000021274339751
Q105606872	6000000179561506843
Q105606873	6000000093400971902
Q105606874	6000000091388392289
Q105606882	6000000084111742099
Q105606886	6000000052692293876
Q105606892	6000000015995334681
Q105606895	6000000052534087826
Q105606896	6000000104349943822
Q105606904	6000000037537439097
Q105606906	6000000035005569906
Q105606912	6000000182359399832
Q105606914	6000000118393125891
Q105606915	6000000036322516408
Q105606923	6000000081269709990
Q105606926	6000000019205278643
Q105606927	6000000186922487827
Q105606932	6000000065059231855
Q105606934	6000000056239665858
Q105606935	6000000177404374833
Q105606936	6000000065059241945
Q105606946	6000000018610885053
Q105606948	6000000008343770876
Q105606949	6000000091387811824
Q105606950	6000000180773336821
Q105606951	6000000078166032830
Q105606956	6000000035828825251
Q105606957	6000000182313565881
Q105606962	6000000045758218893
Q105606963	6000000135808869884
Q105606964	6000000192677151822
Q105606966	6000000063306924990
Q105606969	6000000180289975853
Q105606979	6000000006928499093
Q105606980	6000000097898472833
Q105606981	6000000180678597823
Q105606982	6000000068879115398
Q105606987	6000000014780670789
Q105606988	6000000126002242841
Q105606994	6000000201958335842
Q105606995	6000000019566976718
Q105606999	6000000118390129910
Q105607001	6000000189710188870
Q105607002	6000000064252761822
Q105607004	6000000135772002898
Q105607009	6000000082628994021
Q105607011	6000000042845488976
Q105607013	6000000021592840270
Q105607014	6000000041502096821
Q105607016	6000000012353925761
Q105607018	6000000180703736887
Q105607019	6000000040628737001
Q105607020	6000000003467719839
Q105607024	6000000004997481322
Q105607028	6000000108404779841
Q105607030	6000000048153530074
Q105607031	6000000024279434261
Q105607034	6000000126178256887
Q105607035	6000000078165960934
Q105607036	6000000024225045955
Q105607037	6000000035005534118
Q105607038	6000000017097074022
Q105607041	6000000126001766876
Q105607042	6000000068899849933
Q105607045	6000000189710105884
Q105607048	6000000019480141076
Q105607050	6000000061237418029
Q105607052	6000000085113671175
Q105607056	6000000112903177950
Q105607057	6000000125999735099
Q105607058	6000000062700314450
Q105607060	6000000178665566829
Q105607064	6000000080545613094
Q105607067	6000000093397293792
Q105607068	6000000031275204825
Q105607069	6000000108409419821
Q105607070	6000000078385548323
Q105607071	6000000014780927158
Q105607076	6000000073861672870
Q105607077	6000000076669348799
Q105607080	6000000016439562174
Q105607081	6000000066366092918
Q105607082	6000000166450626062
Q105607087	6000000043075503310
Q105607089	6000000080353873188
Q105607090	6000000052674844933
Q105607091	6000000052688168114
Q105607093	6000000041351426837
Q105607097	6000000021106557120
Q105607098	6000000015163573510
Q105607099	6000000076669493772
Q105607101	6000000080354580925
Q105607102	6000000103211956863
Q105607103	6000000180772275855
Q105607106	6000000025903112724
Q105607107	6000000194813905831
Q105607115	6000000081286966161
Q105607116	6000000081287186130
Q105607117	6000000064678763906
Q105607118	6000000027068824416
Q105607120	6000000027068859709
Q105607124	6000000027069360008
Q105607127	6000000064678603874
Q105607139	6000000044392737833
Q105607144	6000000180816992824
Q105607146	6000000180817037841
Q105607147	6000000180817145833
Q105607150	6000000074795844987
Q105607151	6000000180833618842
Q105607155	6000000169106122864
Q105607159	6000000068779535235
Q105607161	6000000091143380059
Q105607164	6000000015163760535
Q105607166	6000000036315275018
Q105607168	6000000180834204827
Q105607175	6000000050941042865
Q105607178	6000000094494054833
Q105607181	6000000082849266280
Q105607185	6000000094494551844
Q105607187	6000000026232475764
Q105607189	6000000091144872944
Q105607191	6000000025358334637
Q105607193	6000000169127749833
Q105607195	6000000180833874829
Q105607196	6000000094494390848
Q105607199	6000000023188508488
Q105607203	6000000091143855910
Q105607205	6000000026233432065
Q105607206	6000000074797814130
Q105607210	6000000016951685256
Q105607211	6000000003745408728
Q105607213	6000000094479843827
Q105607214	6000000091143415060
Q105607215	6000000028166956789
Q105607216	6000000019022162478
Q105607217	6000000003745504396
Q105607219	6000000169106226862
Q105607220	6000000019371592125
Q105607221	6000000003745489160
Q105607222	6000000108264309578
Q105607223	6000000026266553854
Q105607224	6000000019021515841
Q105607225	6000000180842834874
Q105607226	6000000182216384824
Q105607231	6000000059924629826
Q105607232	6000000147805447226
Q105607233	6000000180843859833
Q105607235	6000000180866065832
Q105607240	6000000182216295849
Q105607243	6000000103066146821
Q105607244	6000000089797814928
Q105607250	6000000025746710383
Q105607254	6000000134419224821
Q105607256	6000000178099777840
Q105607260	6000000180890484835
Q105607272	6000000042741612081
Q105607293	6000000015163205649
Q105607322	6000000082645882821
Q105607327	6000000015412044133
Q105607328	6000000109797986850
Q105607332	6000000019524897296
Q105607334	6000000076449150110
Q105607335	6000000079125223839
Q105607338	6000000075582087953
Q105607339	6000000016436845734
Q105607342	6000000007316929285
Q105607344	6000000199765214821
Q105607348	6000000034329001021
Q105607350	6000000205192597883
Q105607354	6000000119130933828
Q105607357	6000000081024419080
Q105607406	6000000006347415111
Q105607491	6000000027118191592
Q105607532	6000000046229274308
Q105607592	6000000023866497547
Q105607593	6000000017837978716
Q105607595	6000000050984638821
Q105607598	6000000033498138591
Q105607601	6000000030690210942
Q105607604	6000000074665535885
Q105607608	6000000175376827849
Q105607610	6000000016415219117
Q105607617	6000000076861887122
Q105607618	6000000022380924232
Q105607619	6000000004590257995
Q105607621	4797910509750024695
Q105607622	6000000073357492495
Q105607623	6000000083905302009
Q105607626	6000000088742508331
Q105607629	6000000159923860901
Q105607630	6000000197920504843
Q105607633	6000000089213164952
Q105607634	6000000067642909821
Q105607635	6000000040818603933
Q105607637	6000000082532367309
Q105607638	6000000042036941329
Q105607639	6000000130185551934
Q105607644	6000000048062974078
Q105607649	6000000020571448455
Q105607652	6000000184690274021
Q105607655	6000000050984132141
Q105607657	6000000018258594827
Q105607658	6000000078277011831
Q105607659	6000000038650050833
Q105607666	6000000173555056987
Q105607667	6000000031604502945
Q105607669	6000000180862371877
Q105607670	6000000011150641783
Q105607677	6000000002388850498
Q105607678	6000000013172994201
Q105607684	6000000076296172957
Q105607689	6000000023170803921
Q105607690	6000000019820648683
Q105607692	6000000102791958841
Q105607696	6000000074675127040
Q105607698	6000000197995677902
Q105607702	6000000084453639062
Q105607704	6000000099248159222
Q105607711	6000000016857931673
Q105607714	6000000035155866391
Q105607715	6000000077115580023
Q105607719	6000000103065973833
Q105607726	6000000146032740827
Q105607728	6000000018733172351
Q105607734	6000000016230704193
Q105607735	6000000016548889818
Q105607737	6000000016506397759
Q105607753	6000000040658807264
Q105607756	6000000017346064074
Q105607758	6000000175376462889
Q105607763	6000000021608071530
Q105607765	6000000025252829502
Q105607774	6000000176565422867
Q105607775	359354282500003101
Q105607781	6000000026590120150
Q105607788	6000000042036830613
Q105607789	6000000201800578872
Q105607790	6000000019234684542
Q105607792	6000000027853680084
Q105607796	6000000167118859821
Q105607798	6000000017648146153
Q105607801	6000000023531375169
Q105607808	6000000040818710416
Q105607810	6000000067652853854
Q105607820	6000000113215578838
Q105607825	6000000126021024821
Q105607827	6000000083301265047
Q105607829	6000000088691680928
Q105607839	6000000119013297845
Q105607842	6000000097103492300
Q105607846	6000000024803961874
Q105607848	6000000015635683984
Q105607849	6000000067646146821
Q105607851	6000000089207339887
Q105607852	6000000067195782950
Q105607855	6000000042036874370
Q105607858	6000000020571614954
Q105607859	6000000002388797616
Q105607860	6000000184103545822
Q105607864	6000000020571146972
Q105607870	6000000015475947852
Q105607873	6000000116626940959
Q105607874	6000000020547383601
Q105607880	6000000176926114830
Q105607891	6000000006725548864
Q105607896	6000000095740828065
Q105607901	6000000081740435038
Q105607903	6000000025220877157
Q105607914	6000000083300439791
Q105607916	6000000018893818256
Q105607919	6000000043350316937
Q105607920	6000000066112331952
Q105607928	6000000021846880437
Q105607929	6000000071307958855
Q105607930	6000000181592369845
Q105607940	6000000051396093939
Q105607943	6000000096854104997
Q105607944	6000000091802788942
Q105607947	6000000180931934839
Q105607948	6000000035705952394
Q105607950	6000000083842126617
Q105607952	6000000184101241953
Q105607955	6000000083099781236
Q105607965	6000000024889111454
Q105607971	6000000177046594865
Q105607972	6000000027648053694
Q105607973	6000000077421589570
Q105607974	6000000119015221842
Q105607976	6000000059470881390
Q105607980	6000000020989164647
Q105607981	6000000180959221821
Q105607986	6000000078938735975
Q105607989	6000000134410080968
Q105607991	6000000017345601634
Q105607992	6000000021847119181
Q105607996	6000000016858150555
Q105607998	359352092920001906
Q105608000	6000000083301160030
Q105608004	6000000087209863827
Q105608008	6000000020238409437
Q105608009	6000000176562938824
Q105608012	6000000185864485925
Q105608014	6000000083302178153
Q105608017	6000000153484404883
Q105608035	6000000013172731170
Q105608036	6000000127897880041
Q105608038	6000000112932970851
Q105608042	6000000180863540846
Q105608043	6000000018125489493
Q105608046	6000000176085192874
Q105608060	6000000073004448855
Q105608066	6000000097104981925
Q105608068	6000000014909377829
Q105608072	6000000180933157822
Q105608082	6000000017335480868
Q105608083	359351044220001076
Q105608088	6000000173557059947
Q105608089	6000000020571598983
Q105608090	6000000161649146835
Q105608091	6000000084374335746
Q105608092	6000000061522129925
Q105608093	6000000081496228925
Q105608094	6000000020989256891
Q105608101	6000000036339196865
Q105608103	6000000024448491420
Q105608104	6000000195724584835
Q105608106	6000000016901669254
Q105608115	6000000105486357087
Q105608118	6000000042384232979
Q105608122	6000000038367384637
Q105608128	6000000184102736833
Q105608129	6000000180862777860
Q105608135	6000000182214773916
Q105608142	6000000180958176841
Q105608144	6000000147806694984
Q105608146	6000000017470688566
Q105608147	6000000175625525947
Q105608148	6000000089202291840
Q105608149	6000000153483795821
Q105608150	6000000030350291238
Q105608152	6000000161647356828
Q105608153	6000000020571506193
Q105608154	6000000057455592841
Q105608157	6000000059471686917
Q105608159	6000000087582980900
Q105608161	6000000034941133530
Q105608163	6000000076888652311
Q105608165	6000000017838055111
Q105608175	6000000020426784737
Q105608180	6000000019043019156
Q105608184	6000000038649535216
Q105608185	6000000066115592829
Q105608186	6000000180957931858
Q105608187	6000000181005824891
Q105608200	6000000112679460155
Q105608201	6000000081508558308
Q105608202	6000000030690148061
Q105608203	6000000034625801863
Q105608206	6000000184096170825
Q105608210	6000000059995441059
Q105608214	6000000178227215883
Q105608215	6000000096851065011
Q105608220	6000000034648185989
Q105608221	6000000002489429337
Q105608224	6000000021359430935
Q105608225	6000000153484718851
Q105608236	6000000036339022037
Q105608237	6000000049346413310
Q105608240	6000000005014741346
Q105608249	6000000071283179004
Q105608253	6000000088691858956
Q105608256	6000000017469178732
Q105608265	6000000101273987944
Q105608266	6000000087580036837
Q105608268	6000000173588022616
Q105608269	6000000089203535856
Q105608271	6000000153484554841
Q105608272	6000000018477613065
Q105608273	6000000040057180772
Q105608274	6000000199588207895
Q105608277	6000000177045231982
Q105608280	6000000029817126629
Q105608283	6000000074675591830
Q105608292	6000000130184390140
Q105608295	6000000173468365835
Q105608299	6000000059255176829
Q105608300	6000000185865682823
Q105608305	6000000071610983862
Q105608307	6000000069578721244
Q105608311	6000000140442121275
Q105608313	6000000039513148490
Q105608314	6000000068530101000
Q105608315	6000000113211959943
Q105608319	6000000101274611892
Q105608320	6000000077115259063
Q105608321	6000000057455334924
Q105608323	6000000052956322900
Q105608324	6000000076310931989
Q105608325	6000000182215735854
Q105608326	6000000180959142829
Q105608327	6000000178577325847
Q105608328	6000000056994044821
Q105608329	6000000076888863151
Q105608330	6000000023170170581
Q105608331	6000000077477302957
Q105608332	6000000089214054889
Q105608333	6000000050980816193
Q105608334	6000000004126048748
Q105608337	6000000088708855922
Q105608339	6000000113215672821
Q105608340	6000000079457011715
Q105608347	357131178990012518
Q105608349	6000000078271703986
Q105608355	6000000101273803938
Q105608359	6000000002489573043
Q105608363	6000000034648079240
Q105608371	6000000091803031990
Q105608373	6000000050353907010
Q105608384	6000000212882221827
Q105608386	6000000047347198866
Q105608388	6000000071282558768
Q105608393	6000000018478089683
Q105608406	6000000153484769821
Q105608413	6000000051395969865
Q105608430	6000000074697493198
Q105608440	6000000025222053592
Q105608445	6000000057464442057
Q105608450	6000000017298200038
Q105608461	6000000040815765033
Q105608470	6000000067401731130
Q105608477	6000000176566973869
Q105608480	6000000178228042850
Q105608482	6000000042013436406
Q105608486	6000000035818061509
Q105608488	6000000067642653835
Q105608490	6000000024448757353
Q105608493	6000000017837981239
Q105608495	6000000087210118850
Q105608503	6000000002489353896
Q105608519	6000000019872410579
Q105608521	6000000019872376852
Q105608524	6000000019872770257
Q105608527	6000000019038718197
Q105608536	6000000092652314847
Q105608538	6000000092651695895
Q105608558	6000000191877765822
Q105608567	6000000191877731824
Q105608571	6000000196150256822
Q105608573	6000000191877101870
Q105608595	6000000196149375826
Q105608597	6000000045973109877
Q105608609	6000000022364362764
Q105608613	6000000175600703846
Q105608617	6000000030408484522
Q105608628	6000000204375813838
Q105608636	6000000030408591511
Q105608645	6000000030408671234
Q105608649	6000000029758638294
Q105608651	6000000029188092015
Q105608659	6000000009689009020
Q105608662	6000000025054932923
Q105608664	6000000009689117298
Q105608666	6000000041172638829
Q105608669	6000000101296238848
Q105608673	6000000013612692371
Q105608676	6000000043684086907
Q105608684	6000000043696897084
Q105608688	6000000033640765685
Q105608690	6000000009688997044
Q105608695	6000000041389165018
Q105608699	6000000041864848686
Q105608701	6000000009688918672
Q105608703	6000000025055060880
Q105608706	6000000017561623291
Q105608708	6000000078946414039
Q105608712	6000000078941905853
Q105608720	6000000024364924053
Q105608726	6000000035523955860
Q105608736	6000000093462574910
Q105608741	6000000093463309910
Q105609419	6000000033216461373
Q105609505	6000000017943135839
Q105609538	6000000083268858791
Q105609539	6000000083269948350
Q105609542	6000000069729656881
Q105609543	6000000090507068992
Q105609544	6000000083270093097
Q105609548	6000000089393539832
Q105609550	6000000035891025135
Q105609552	6000000069729779888
Q105609553	6000000002789874770
Q105609556	6000000002790777892
Q105609557	6000000013664165057
Q105609559	6000000086973094838
Q105609564	6000000017576360455
Q105609565	6000000018666996289
Q105609568	6000000017576640399
Q105609571	6000000103169402843
Q105609577	6000000076959370649
Q105609578	6000000076959370654
Q105609581	6000000034625261212
Q105609583	6000000181065968832
Q105609584	6000000181066407823
Q105609587	6000000181065263892
Q105609592	6000000068909390926
Q105609593	6000000019935352845
Q105609595	6000000068909349901
Q105609596	6000000019938633746
Q105609600	6000000080450033631
Q105609601	6000000077347061889
Q105609602	6000000015372706730
Q105609606	6000000078922789919
Q105609607	6000000007014421161
Q105609610	381719791140006638
Q105609613	6000000019661000198
Q105609616	6000000020158600772
Q105609625	6000000181118606823
Q105609627	6000000184716437849
Q105609629	6000000035009840906
Q105609630	6000000121170136244
Q105609635	6000000052690918828
Q105609648	6000000085146126876
Q105609656	6000000014809051999
Q105609663	6000000020519338863
Q105609677	6000000073608018078
Q105609686	6000000032433489128
Q105609689	6000000067129704925
Q105609696	6000000181122591823
Q105609698	6000000042430687965
Q105609703	6000000087969617884
Q105609706	6000000007265831363
Q105609707	6000000014273046249
Q105609708	6000000073606742044
Q105609711	6000000082638598784
Q105609712	6000000058116281119
Q105609714	6000000024503654957
Q105609715	6000000181209965861
Q105609716	6000000185685133982
Q105609717	6000000073591943264
Q105609718	6000000080861458835
Q105609719	6000000097069735852
Q105609721	6000000046229581592
Q105609725	6000000077347184881
Q105609728	6000000023525307296
Q105609738	6000000041277364028
Q105609754	6000000032166747852
Q105609756	6000000129528015854
Q105609757	6000000017270039067
Q105609758	6000000129511463835
Q105609760	340336625680011332
Q105609762	6000000078217976032
Q105609763	6000000030565197353
Q105609766	6000000077345842061
Q105609769	6000000052690333895
Q105609780	6000000197987267907
Q105609786	6000000104962484843
Q105609789	6000000093712764950
Q105609800	6000000082649616935
Q105609808	6000000022177156426
Q105609811	6000000014280508179
Q105609816	6000000197501109822
Q105609822	6000000181119918966
Q105609831	6000000069507803965
Q105609840	6000000014280380726
Q105609842	6000000103157256823
Q105609844	6000000019721271160
Q105609859	6000000181278949821
Q105609861	6000000042430315603
Q105609874	6000000029157891456
Q105609875	6000000005079333639
Q105609876	6000000008787684395
Q105609882	6000000178165271844
Q105609888	6000000093720503023
Q105609895	6000000062911039883
Q105609902	6000000170310084846
Q105609908	6000000139705064984
Q105609909	6000000211722885880
Q105609912	6000000019495700500
Q105609914	6000000028731690947
Q105609915	6000000018725355223
Q105609917	6000000082640168873
Q105609918	6000000082645894270
Q105609919	6000000024180815828
Q105609920	6000000082639053605
Q105609921	6000000084033274226
Q105609923	6000000082639874006
Q105609924	6000000084033173098
Q105609929	6000000075881604044
Q105609930	6000000032433152506
Q105609933	6000000020633234951
Q105609937	6000000116276315206
Q105609939	6000000152723388836
Q105609946	6000000082647532865
Q105609952	6000000181278889822
Q105609954	6000000121172094873
Q105609957	6000000082645530031
Q105609962	6000000016019161947
Q105609965	6000000067132399836
Q105609971	6000000016888522859
Q105609972	6000000017298126733
Q105609973	6000000088067155853
Q105609975	6000000138921516836
Q105609976	6000000129597502918
Q105609979	6000000080860842296
Q105609980	6000000002388797239
Q105609982	6000000017270078083
Q105609989	6000000084033689966
Q105609990	6000000033895682723
Q105609991	6000000030071941650
Q105609993	6000000080451980871
Q105609997	6000000073750343049
Q105610004	6000000181211807841
Q105610006	6000000082649898836
Q105610007	6000000025145673268
Q105610009	6000000107494352834
Q105610020	6000000038976633375
Q105610023	6000000190577755824
Q105610025	6000000071062092913
Q105610026	6000000073606385868
Q105610028	6000000018616149191
Q105610029	6000000082644258512
Q105610030	6000000071061611699
Q105610032	6000000103156549872
Q105610036	6000000016305366878
Q105610049	6000000101469389869
Q105610051	6000000034673588754
Q105610052	6000000061604010182
Q105610058	6000000129532941907
Q105610059	6000000082647354525
Q105610073	4267996
Q105610074	6000000181251060822
Q105610076	6000000015030306469
Q105610077	6000000076729235936
Q105610081	6000000076735865180
Q105610094	6000000039677659351
Q105610096	6000000003560388728
Q105610101	6000000178244948923
Q105610106	6000000033215805500
Q105610107	6000000204439059835
Q105610114	6000000204438087890
Q105610115	6000000204437676964
Q105610129	6000000017648145937
Q105610130	6000000017469215419
Q105610132	6000000036441413305
Q105610134	6000000036441078698
Q105610135	6000000016435767760
Q105610136	6000000013468178594
Q105610138	6000000017469560349
Q105610139	6000000014016868236
Q105610141	6000000036441134502
Q105610143	6000000064332291924
Q105610144	6000000017469506895
Q105610145	6000000023025549182
Q105610146	6000000017469656718
Q105610147	6000000016435889531
Q105610148	6000000074266451858
Q105610151	6000000034713495823
Q105610152	6000000064333142890
Q105610154	6000000020239798370
Q105610155	6000000017648165935
Q105610175	6000000018819352120
Q105610176	6000000037453428245
Q105610180	6000000008803525426
Q105610185	6000000180760401888
Q105610191	6000000014735893959
Q105610193	6000000015314047008
Q105610198	6000000085796024969
Q105610199	6000000009508507892
Q105610205	6000000022245238435
Q105610206	6000000032484509163
Q105610210	6000000081427210879
Q105610223	6000000026603296956
Q105610226	6000000028971194221
Q105610238	6000000001000672701
Q105610241	6000000077124468684
Q105610246	6000000081421960914
Q105610247	6000000000333535429
Q105610250	6000000080891765872
Q105610255	6000000069800858843
Q105610258	6000000021790591740
Q105610262	6000000081434283482
Q105610271	6000000190411572840
Q105610296	6000000200709005864
Q105610299	6000000007723094129
Q105610301	6000000017129342176
Q105610303	6000000004589974651
Q105610304	6000000200709569833
Q105610306	6000000200720113822
Q105610307	6000000122540855859
Q105610308	6000000007723567290
Q105610309	6000000017129401009
Q105610310	6000000199060367834
Q105610312	6000000215712683827
Q105610313	6000000215714893839
Q105610326	6000000016606845712
Q105610327	6000000068767972897
Q105610328	6000000079275362833
Q105610329	6000000010685530881
Q105610330	6000000010685778566
Q105610332	6000000203984248824
Q105610334	6000000203984390833
Q105610339	6000000008402980706
Q105610341	6000000008403020202
Q105610342	6000000203983677828
Q105610345	6000000026201892877
Q105610347	6000000079274836849
Q105610348	6000000079274658008
Q105610358	6000000078100615868
Q105610359	6000000078101534825
Q105610360	6000000078100805344
Q105610361	6000000020520189816
Q105610362	6000000078100003238
Q105610366	6000000037745998816
Q105610372	6000000020519897275
Q105610379	6000000053801775898
Q105610381	6000000068330095848
Q105610383	6000000027230415545
Q105610385	6000000027230698920
Q105610387	6000000077696099245
Q105610388	6000000000931991871
Q105610390	6000000077693588430
Q105610392	6000000021870280532
Q105610401	6000000007177139337
Q105610406	6000000026590619838
Q105610408	6000000068035770134
Q105610418	6000000027307882689
Q105610422	6000000201214261836
Q105610423	6000000012712086286
Q105610428	6000000078923467646
Q105610431	6000000078944403821
Q105610434	6000000041645265386
Q105610436	6000000078944296835
Q105610440	6000000041645318396
Q105610442	6000000176608352827
Q105610449	6000000043366382340
Q105610453	6000000042791036477
Q105610460	6000000037888166936
Q105610461	6000000129517628129
Q105610463	6000000129520349866
Q105610465	6000000129526580005
Q105610469	6000000129537635036
Q105610474	6000000019247216204
Q105610475	6000000085007731821
Q105610477	6000000129538784057
Q105610479	6000000129538378872
Q105610481	6000000053246048925
Q105610482	6000000129538298823
Q105610485	6000000111843628928
Q105610486	6000000129539755877
Q105610489	6000000129538152955
Q105610490	6000000129537446114
Q105610492	6000000129517631929
Q105610495	6000000081427304418
Q105610496	6000000057364954968
Q105610497	6000000129520131895
Q105610498	6000000019245831347
Q105610499	6000000129517919916
Q105610502	6000000129526533883
Q105610503	6000000019247222611
Q105610504	6000000023861301586
Q105610505	6000000023877413921
Q105610506	6000000030692435766
Q105610510	6000000014362229592
Q105610511	6000000088815732103
Q105610514	6000000088816550838
Q105610517	6000000010352700065
Q105610522	6000000070322498821
Q105610528	6000000015393621865
Q105610530	6000000021805081262
Q105610531	6000000077231253948
Q105610536	6000000039766008856
Q105610540	6000000007855906644
Q105610542	6000000064972537865
Q105610543	6000000029679388856
Q105610546	6000000076809672875
Q105610548	6000000129527521841
Q105610549	6000000021637943089
Q105610550	6000000080658289534
Q105610551	6000000005381189213
Q105610554	6000000185031672998
Q105610555	6000000085689242028
Q105610556	6000000088036972821
Q105610557	6000000005381000620
Q105610559	6000000084910131172
Q105610560	6000000008250488220
Q105610561	6000000001634668377
Q105610562	6000000080676736825
Q105610567	6000000005381169051
Q105610568	6000000176459647821
Q105610569	6000000076321963188
Q105610571	6000000077230796320
Q105610573	6000000040362828885
Q105610575	6000000001634668385
Q105610581	6000000021425413018
Q105610582	6000000201052432833
Q105610585	6000000185034707821
Q105610586	6000000001634668393
Q105610588	6000000014949947871
Q105610594	6000000022409124017
Q105610596	6000000185033257928
Q105610597	6000000021425272076
Q105610598	6000000013548676184
Q105610599	6000000121836149850
Q105610603	6000000022409107047
Q105610605	6000000023851927876
Q105610606	6000000007084817836
Q105610608	6000000092593571864
Q105610611	6000000076325071863
Q105610612	6000000074177098028
Q105610615	6000000034722549873
Q105610616	6000000092593625887
Q105610618	6000000016435402976
Q105610622	6000000076325237886
Q105610623	6000000071416496898
Q105610624	6000000041997934571
Q105610626	6000000041997810693
Q105610627	6000000040363031016
Q105610631	6000000185033505857
Q105610632	6000000098150045751
Q105610633	6000000019777480026
Q105610634	6000000014301997687
Q105610639	6000000002912026014
Q105610644	6000000121841768988
Q105610647	6000000076914080352
Q105610648	6000000021036944537
Q105610652	6000000026335650659
Q105610653	6000000022420376597
Q105610654	6000000074747595879
Q105610655	6000000170827595160
Q105610656	6000000017046811504
Q105610657	6000000059240319965
Q105610658	6000000070174416739
Q105610661	6000000068149369928
Q105610664	6000000022420723955
Q105610666	6000000022420531294
Q105610668	6000000021035668004
Q105610669	6000000068149757822
Q105610674	6000000068148284221
Q105610675	6000000041877724148
Q105610680	6000000019869755698
Q105610681	6000000041914605940
Q105610682	6000000022420505344
Q105610685	6000000030749334453
Q105610690	6000000180749151833
Q105610693	6000000041948170059
Q105610695	6000000020634617110
Q105610700	6000000041947618794
Q105610706	6000000087903606952
Q105610708	6000000200109119836
Q105610709	6000000033838856202
Q105610710	6000000018401217782
Q105610711	6000000052485684147
Q105610716	6000000033981104829
Q105610717	6000000016813368719
Q105610718	6000000035775186456
Q105610719	6000000016820575985
Q105610720	6000000016820618863
Q105610721	6000000016446824588
Q105610722	6000000035774604785
Q105610723	6000000035775527319
Q105610724	6000000018721866487
Q105610726	6000000092105775992
Q105610729	6000000082838512921
Q105610733	6000000111736860962
Q105610734	6000000124085302858
Q105610737	6000000198125855883
Q105610741	6000000152778894984
Q105610742	6000000015507322977
Q105610744	6000000018607083779
Q105610746	6000000198129048888
Q105610753	6000000114033021055
Q105610756	6000000077097412844
Q105610759	6000000133531916051
Q105610763	6000000024919843944
Q105610765	6000000008968582286
Q105610767	6000000076888426085
Q105610770	6000000040361536818
Q105610771	6000000001948012982
Q105610773	6000000077095511821
Q105610775	6000000076888574022
Q105610778	6000000083423103169
Q105610779	6000000050940813204
Q105610780	6000000191864365896
Q105610784	6000000085668762823
Q105610790	6000000041883433432
Q105610791	6000000083880428146
Q105610794	6000000105007389192
Q105610797	6000000124085302863
Q105610799	6000000077095170821
Q105610800	6000000041887849487
Q105610801	6000000063323267825
Q105610806	6000000104553232192
Q105610808	6000000024918971769
Q105610809	6000000127546037938
Q105610810	6000000088170535997
Q105610811	6000000111738134873
Q105610813	6000000152778698923
Q105610814	6000000059935431001
Q105610815	6000000100021844821
Q105610816	6000000198130354826
Q105610818	6000000077095706829
Q105610819	6000000024790867946
Q105610820	6000000124242388887
Q105610821	6000000017257649634
Q105610823	6000000077260141653
Q105610842	6000000044268129876
Q105610843	6000000044267902093
Q105610848	6000000028392862840
Q105610849	6000000202318285836
Q105610854	6000000013301066741
Q105610856	6000000019704559085
Q105610857	6000000070412587955
Q105610858	6000000204474571852
Q105610859	6000000070413184833
Q105610861	6000000019704733108
Q105610862	6000000070412639011
Q105610867	6000000054636417993
Q105610868	6000000126439930851
Q105610870	6000000026226894446
Q105610873	6000000029820985951
Q105610875	6000000014893289152
Q105610876	6000000028634100689
Q105610877	6000000028633866477
Q105610878	6000000054630619988
Q105610879	6000000077594047497
Q105610880	6000000209565107824
Q105610881	6000000078570516905
Q105610882	6000000201309309824
Q105610886	6000000055491363830
Q105610887	6000000105376408830
Q105610889	6000000027647099941
Q105610893	6000000195628452821
Q105610894	6000000107843182832
Q105610895	6000000120329010845
Q105610896	6000000001777439792
Q105610898	6000000195626101883
Q105610907	6000000033617516049
Q105610908	6000000009369531243
Q105610909	6000000012210584469
Q105610911	6000000049070045903
Q105610914	6000000185567531071
Q105610915	6000000026518098099
Q105610919	6000000017308501816
Q105610920	6000000017297367221
Q105610921	6000000020775277454
Q105610922	6000000020775337271
Q105610923	6000000071710209846
Q105610924	6000000020789903223
Q105610925	6000000020789788471
Q105610946	6000000085453901870
Q105610947	6000000034405384060
Q105610948	6000000085453571959
Q105610949	6000000068480428867
Q105610950	6000000034405598083
Q105610951	6000000085453445934
Q105610952	6000000195106578824
Q105610953	6000000022541101951
Q105610954	6000000068480380849
Q105610956	6000000121705392829
Q105610958	6000000010458405097
Q105610959	6000000037160928911
Q105610964	6000000007897934914
Q105610969	6000000012308818962
Q105610970	6000000010458646572
Q105610971	6000000010422702458
Q105610974	6000000007898420405
Q105610975	6000000121705535840
Q105610976	6000000017075812171
Q105610978	6000000068470913900
Q105610982	6000000068471193826
Q105610984	6000000021530754819
Q105610985	6000000012449948058
Q105610986	6000000021532949583
Q105610987	6000000080630509778
Q105610992	6000000019666595332
Q105611000	6000000041900166265
Q105611004	6000000033793220953
Q105611008	6000000191164366851
Q105611012	6000000024903903946
Q105611013	6000000033797980902
Q105611017	6000000192574125821
Q105611026	6000000204395035846
Q105611032	6000000185341096058
Q105611043	6000000090798669889
Q105611048	6000000081651403480
Q105611049	6000000016495545062
Q105611050	6000000050457739873
Q105611051	6000000022402673533
Q105611052	6000000191992869824
Q105611054	6000000022403228218
Q105611057	6000000179693656858
Q105611059	6000000179693647823
Q105611061	6000000179693812835
Q105611062	6000000081852743021
Q105611063	6000000068910909891
Q105611064	6000000062559099272
Q105611066	6000000022770344862
Q105611068	6000000035009992852
Q105611069	6000000062557381180
Q105611071	6000000191990209843
Q105611072	6000000081852484252
Q105611074	6000000022404668047
Q105611075	6000000016374861202
Q105611076	6000000062559598065
Q105611077	6000000062561210083
Q105611081	6000000008751477592
Q105611083	6000000019274727419
Q105611084	6000000008753434335
Q105611085	6000000008753440509
Q105611087	6000000186519866914
Q105611088	6000000015431436548
Q105611089	6000000024277711561
Q105611091	6000000019469389716
Q105611092	6000000019469888268
Q105611093	6000000015431936567
Q105611094	6000000024277677811
Q105611095	6000000079550078785
Q105611104	6000000075865596978
Q105611106	6000000015606174516
Q105611108	6000000070154724897
Q105611110	6000000137174589832
Q105611112	6000000059789337854
Q105611119	6000000079550870131
Q105611129	6000000014705628750
Q105611136	6000000027881097901
Q105611138	6000000183503341840
Q105611140	6000000183507971860
Q105611144	6000000040053683133
Q105611146	5597473609440100618
Q105611147	6000000004776032109
Q105611149	6000000000106539425
Q105611151	6000000005282598001
Q105611153	6000000005282226001
Q105611154	6000000160161196821
Q105611157	6000000004776094030
Q105611158	6000000039406974540
Q105611159	6000000111802300919
Q105611160	6000000027209400713
Q105611162	6000000005335253030
Q105611163	6000000079583687544
Q105611164	6000000014111720294
Q105611165	6000000065542647851
Q105611166	6000000016166644657
Q105611170	6000000016167304206
Q105611173	5472679998640129403
Q105611176	6000000019322437355
Q105611179	6000000092557052011
Q105611183	6000000159559081830
Q105611187	6000000092557969833
Q105611189	5472683966470129355
Q105611196	6000000018397750029
Q105611197	6000000159558308877
Q105611199	6000000068748419914
Q105611200	6000000017547740793
Q105611203	6000000092557553957
Q105611205	6000000159576021859
Q105611209	6000000109306629925
Q105611211	6000000181867018840
Q105611214	6000000017963337187
Q105611218	6000000059802047921
Q105611219	6000000031288017428
Q105611220	6000000030714593087
Q105611224	6000000053485108289
Q105611226	6000000181697464830
Q105611227	6000000079622437363
Q105611228	6000000030741547617
Q105611239	6000000030741825616
Q105611242	6000000058059958065
Q105611243	6000000200978790889
Q105611245	6000000050681551279
Q105611246	6000000050681740985
Q105611247	6000000050682271305
Q105611248	6000000050682803884
Q105611251	6000000005078509803
Q105611257	6000000129879142821
Q105611259	6000000186186012141
Q105611262	6000000005078501417
Q105611264	6000000076699010144
Q105611265	6000000056627006018
Q105611267	6000000076695723671
Q105611273	6000000186186755884
Q105611276	6000000081542103992
Q105611302	6000000016761686116
Q105611305	6000000011653539068
Q105611306	6000000011653697848
Q105611310	6000000073181759862
Q105611319	6000000035939340045
Q105611320	6000000035938975428
Q105611321	6000000035938891484
Q105611322	6000000035938977684
Q105611327	6000000099169670846
Q105611328	6000000112920139491
Q105611333	6000000023253459762
Q105611340	6000000199643149842
Q105611341	6000000199643924822
Q105611342	6000000199578688821
Q105611351	6000000055834301163
Q105611352	6000000196164802821
Q105611353	6000000199643892838
Q105611354	6000000055642714917
Q105611355	6000000200355847829
Q105611357	6000000038021848534
Q105611358	6000000038022276068
Q105611361	6000000038021842783
Q105611367	6000000169301090015
Q105611369	6000000005380923991
Q105611375	6000000018726857813
Q105611376	6000000026367736327
Q105611377	6000000083986444053
Q105611378	6000000033620780321
Q105611379	6000000083986293418
Q105611383	6000000193741239877
Q105611385	6000000180950068846
Q105611387	6000000068879224872
Q105611388	6000000069134966947
Q105611394	6000000187097596841
Q105611398	6000000198153157836
Q105611399	6000000191035339845
Q105611401	6000000194341116854
Q105611403	6000000194341294827
Q105611404	6000000082669554059
Q105611408	6000000082668840538
Q105611413	6000000040086081740
Q105611415	6000000083356380036
Q105611416	6000000025551137888
Q105611417	6000000076386492548
Q105611418	6000000060212033891
Q105611421	6000000025903232364
Q105611424	6000000060212132821
Q105611427	6000000076388931900
Q105611428	6000000047961284615
Q105611429	6000000193889033844
Q105611430	6000000040086622651
Q105611433	6000000047266588972
Q105611434	6000000083355670579
Q105611437	6000000047265404857
Q105611443	6000000047266933867
Q105611447	6000000076388922989
Q105611450	6000000197391416890
Q105611452	6000000047957737075
Q105611459	6000000047048113897
Q105611463	6000000197299685978
Q105611473	6000000060211717120
Q105611476	6000000047266216302
Q105612137	6000000026551801391
Q105612165	6000000021850565010
Q105612178	6000000021850508348
Q105612229	6000000054693850836
Q105612366	6000000033032285657
Q105612395	6000000054694114867
Q105612998	6000000021735244979
Q105613	6000000029144679979
Q105613056	6000000144458152821
Q105613405	6000000081494927095
Q105613418	6000000044626466016
Q105613424	6000000042430677963
Q105613426	6000000082646189091
Q105613428	6000000047890972908
Q105613429	6000000003811677284
Q105613431	6000000129519086834
Q105613437	6000000035749427043
Q105613439	6000000054630674937
Q105613441	6000000109798367858
Q105613686	6000000071559787826
Q105613702	6000000132352857990
Q105613703	6000000132349722852
Q105613707	6000000015130929695
Q105613708	6000000078027444916
Q105613714	6000000128534465874
Q105613715	6000000021532665347
Q105613718	6000000088662102860
Q105613720	6000000016585990594
Q105613722	6000000053107667085
Q105613725	6000000072803576513
Q105613729	6000000191638523822
Q105613732	6000000191639086842
Q105613738	6000000191786857835
Q105613741	6000000031269124587
Q105613746	6000000030788759602
Q105613747	6000000191786745826
Q105613749	6000000179908920864
Q105613750	6000000078013505142
Q105613751	6000000196060371872
Q105613753	6000000035223100836
Q105613754	6000000191787322821
Q105613756	6000000030799194601
Q105613757	6000000035222176790
Q105613758	6000000070084154884
Q105613759	6000000217055972830
Q105613760	6000000078013658266
Q105613762	6000000073596056228
Q105613763	6000000019142446654
Q105613765	6000000019214463752
Q105613766	6000000019214548087
Q105613767	6000000019214489915
Q105613768	6000000019214082257
Q105613770	6000000019214082266
Q105613771	6000000071172068733
Q105613783	6000000085453858909
Q105613786	6000000085452436418
Q105613789	6000000093022970168
Q105613799	6000000136785872014
Q105613800	6000000136786471865
Q105613803	6000000136937983927
Q105613807	6000000084587304021
Q105613808	6000000020193412945
Q105613811	6000000084585554639
Q105613813	6000000084586519769
Q105613818	6000000084588496870
Q105613820	6000000084587034909
Q105613822	6000000125321249869
Q105613825	6000000084586798328
Q105613828	6000000084585447723
Q105613829	6000000084586906995
Q105613834	6000000186198482001
Q105613840	6000000084587870900
Q105613844	6000000086856454213
Q105613846	6000000136785949015
Q105613851	6000000015381365496
Q105613856	6000000084586414176
Q105613866	6000000013744922285
Q105613872	6000000013744690913
Q105613890	6000000038180913441
Q105613894	6000000075988843497
Q105613897	6000000194942683822
Q105613904	6000000055391188175
Q105613920	6000000196190731849
Q105613921	6000000055390642859
Q105613927	6000000014662807996
Q105613939	6000000078148120569
Q105613944	6000000066389045895
Q105613945	6000000078148221320
Q105613950	6000000088694471962
Q105613951	6000000021063527120
Q105613953	6000000078148396333
Q105613955	6000000029838276841
Q105613957	6000000016565039242
Q105613960	6000000019349880823
Q105613962	6000000054952841931
Q105613963	6000000021036372286
Q105613965	6000000054945235943
Q105613968	6000000054945231990
Q105613971	6000000029529892090
Q105613973	6000000031585516007
Q105613979	6000000021036288681
Q105613980	6000000093431817909
Q105613982	6000000163878634870
Q105613984	6000000093431616975
Q105613986	6000000054944713243
Q105613988	6000000166694132823
Q105613989	6000000215832955828
Q105613991	6000000020360698738
Q105613995	6000000077588924937
Q105613997	6000000042440009191
Q105614003	6000000052351752101
Q105614023	6000000019135685817
Q105614025	6000000042603986260
Q105614026	6000000042594562059
Q105614032	6000000075886297840
Q105614035	6000000204844551923
Q105614037	6000000073199334885
Q105614040	6000000068642106851
Q105614042	6000000028016168147
Q105614045	6000000018912894526
Q105614053	6000000068863915948
Q105614057	6000000033945250005
Q105614058	6000000018913101058
Q105614062	6000000070758716886
Q105614064	6000000013741399057
Q105614065	6000000070649569847
Q105614068	6000000077436768121
Q105614069	6000000023524007585
Q105614070	6000000021649722856
Q105614075	6000000068641709175
Q105614076	6000000041711843607
Q105614081	6000000077437222985
Q105614083	6000000065572336848
Q105614086	6000000028015513087
Q105614087	6000000068869894920
Q105614089	6000000038074593462
Q105614090	6000000070766045907
Q105614092	6000000079033792530
Q105614094	6000000018898202317
Q105614095	6000000077436267794
Q105614096	6000000066163456169
Q105614097	6000000073810015860
Q105614100	6000000038964363351
Q105614101	6000000070765533317
Q105614102	6000000065572399908
Q105614106	6000000181254766839
Q105614107	6000000051259625063
Q105614111	6000000076784198987
Q105614112	6000000038072775920
Q105614115	6000000053825144243
Q105614117	6000000072076740303
Q105614120	6000000013231694360
Q105614123	6000000068746832073
Q105614126	6000000089183855944
Q105614127	6000000185439347910
Q105614129	6000000079034675226
Q105614131	6000000077436659240
Q105614134	6000000084907984300
Q105614135	6000000038075074911
Q105614141	6000000077435975755
Q105614143	6000000069747710289
Q105614145	6000000079034547017
Q105614149	6000000029996891321
Q105614150	6000000029997477088
Q105614151	6000000029996740720
Q105614156	6000000129513059959
Q105614157	6000000129514379907
Q105614158	6000000129514959838
Q105614159	6000000129515002845
Q105614161	6000000129514779860
Q105614164	6000000095735074105
Q105614165	6000000181281171852
Q105614174	6000000019247374566
Q105614176	6000000041191864142
Q105614178	6000000019247309473
Q105614179	6000000019247424494
Q105614180	6000000041709205126
Q105614181	6000000009890329599
Q105614183	6000000019777159113
Q105614184	6000000042243999282
Q105614186	6000000041708921657
Q105614187	6000000041709300877
Q105614188	6000000023370271258
Q105614191	6000000053382394874
Q105614192	6000000062360819933
Q105614195	6000000023373418477
Q105614196	6000000023373418483
Q105614202	6000000200447554841
Q105614204	6000000053382521832
Q105614205	6000000022833588627
Q105614206	6000000095735304010
Q105614209	6000000023373113249
Q105614211	6000000095735306208
Q105614213	6000000023373113243
Q105614216	6000000023371396385
Q105614218	6000000019733915916
Q105614219	6000000014514919335
Q105614220	6000000057662308839
Q105614221	6000000019717762537
Q105614223	6000000184995758833
Q105614225	6000000066099782881
Q105614227	6000000020989036746
Q105614228	6000000019759109029
Q105614229	6000000031668277834
Q105614230	6000000194954474849
Q105614231	6000000019786482945
Q105614234	6000000000340660987
Q105614237	6000000019610013006
Q105614238	6000000098157665821
Q105614239	6000000019910567189
Q105614240	6000000010503370025
Q105614243	6000000020110942977
Q105614244	6000000019803849043
Q105614245	6000000175332831641
Q105614248	6000000018861595927
Q105614249	6000000019056180081
Q105614250	6000000019805818862
Q105614252	6000000019622266522
Q105614254	6000000019235206409
Q105614258	6000000024114869158
Q105614260	6000000006873114649
Q105614262	6000000019360192319
Q105614265	6000000019791109290
Q105614266	6000000019643425640
Q105614268	6000000016632261288
Q105614269	6000000205457106822
Q105614272	6000000212229225823
Q105614276	6000000019143076573
Q105614279	6000000020209898125
Q105614280	6000000019608633567
Q105614281	6000000018153726934
Q105614282	6000000019583044544
Q105614287	6000000020009889927
Q105614290	6000000019549201025
Q105614292	6000000019772065111
Q105614294	6000000020267266310
Q105614300	6000000015664745282
Q105614303	6000000020113534966
Q105614305	6000000024170399507
Q105614306	6000000019569527030
Q105614307	6000000178831052874
Q105614309	6000000023302714715
Q105614314	6000000021222142760
Q105614315	6000000017470347450
Q105614316	6000000019217909294
Q105614317	6000000028006078956
Q105614318	6000000019896018184
Q105614320	6000000020224094833
Q105614324	6000000023841152923
Q105614325	6000000019782763183
Q105614326	6000000020023061317
Q105614327	6000000020361823909
Q105614329	6000000019200828380
Q105614330	6000000019908202122
Q105614333	6000000019910232247
Q105614335	6000000040341383597
Q105614336	6000000030141139894
Q105614337	6000000020055983125
Q105614338	6000000019200261976
Q105614339	6000000020263196454
Q105614341	6000000020207393003
Q105614342	6000000152702665826
Q105614343	6000000019786520770
Q105614344	6000000037556638957
Q105614345	6000000020223906183
Q105614348	6000000013751735908
Q105614352	6000000019525644036
Q105614353	6000000019212365640
Q105614354	6000000019790937501
Q105614356	6000000019800832552
Q105614359	6000000168484114216
Q105614360	6000000019802214064
Q105614367	6000000019884064345
Q105614368	6000000019193413556
Q105614369	6000000019682612839
Q105614370	6000000019547145974
Q105614371	6000000024170727048
Q105614374	6000000053912999833
Q105614376	6000000019803319663
Q105614379	6000000019771270074
Q105614380	6000000020224078155
Q105614385	6000000020637613380
Q105614388	6000000020637571329
Q105614390	6000000013102081775
Q105614391	6000000018864383204
Q105614393	6000000068081597837
Q105614396	6000000013898763001
Q105614398	6000000020004854122
Q1056144	6000000017671859654
Q105614400	6000000020253537570
Q105614402	6000000025481442807
Q105614406	6000000019582972578
Q105614407	6000000019056235079
Q105614408	6000000018868661106
Q105614409	6000000019769715495
Q105614411	6000000019568638504
Q105614413	6000000019324184352
Q105614414	6000000019994777831
Q105614416	6000000018212600674
Q105614417	6000000000806962113
Q105614420	6000000018819355040
Q105614426	6000000019613014251
Q105614427	6000000019522480689
Q105614429	6000000019966183323
Q105614430	6000000015666515807
Q105614431	6000000020022899695
Q105614434	6000000019841074471
Q105614435	6000000176110379821
Q105614437	6000000083649505291
Q105614439	6000000077198850970
Q105614440	6000000019831441758
Q105614441	6000000190322641838
Q105614443	6000000024061667561
Q105614444	6000000052532347854
Q105614446	6000000037517347075
Q105614447	6000000192702781821
Q105614449	6000000020113805981
Q105614450	6000000018790011672
Q105614451	6000000018212495668
Q105614453	6000000019630662018
Q105614454	6000000172537854784
Q105614455	6000000020152943003
Q105614457	6000000019611925873
Q105614458	6000000019995014315
Q105614460	6000000025481812441
Q105614461	6000000019525729004
Q105614466	6000000020223729729
Q105614469	6000000025482349275
Q105614471	6000000068080235876
Q105614479	6000000016632260130
Q105614481	6000000015667261241
Q105614485	6000000019909989314
Q105614487	6000000020210038845
Q105614488	6000000194965812828
Q105614489	6000000018999699146
Q105614490	6000000018249882630
Q105614491	6000000019212014021
Q105614495	6000000027875259303
Q105614500	6000000019360185109
Q105614502	6000000019748471496
Q105614503	6000000069133289856
Q105614504	6000000009255880845
Q105614505	6000000019613050188
Q105614507	6000000024061571645
Q105614509	6000000015455810493
Q105614510	6000000001335702663
Q105614512	6000000024170727041
Q105614513	6000000019762501948
Q105614514	6000000019771862207
Q105614515	6000000019627970662
Q105614520	6000000019311296059
Q105614524	6000000019046866019
Q105614525	6000000019046386353
Q105614528	6000000019133115768
Q105614529	6000000067589245887
Q105614530	6000000014291596851
Q105614531	6000000019782953111
Q105614535	6000000018789674684
Q105614536	6000000068080975078
Q105614538	6000000020290998343
Q105614539	6000000020234586629
Q105614543	6000000019056246087
Q105614544	6000000019623056236
Q105614545	6000000020091422053
Q105614548	6000000090732947038
Q105614550	6000000020066146153
Q105614551	6000000205457170845
Q105614553	6000000019851761056
Q105614558	6000000019608498320
Q105614559	6000000019323840604
Q105614560	6000000076744966838
Q105614561	6000000011646690082
Q105614563	6000000019786520793
Q105614564	6000000100544732968
Q105614565	6000000013405383480
Q105614566	6000000019924399790
Q105614575	6000000019683552708
Q105614576	6000000006873114671
Q105614577	6000000020262791719
Q105614580	6000000021222208619
Q105614581	6000000026844903207
Q105614582	6000000205444194919
Q105614584	6000000013102183183
Q105614585	6000000019565083568
Q105614586	6000000019609860315
Q105614587	6000000017470469262
Q105614588	6000000019077658614
Q105614589	6000000019896009067
Q105614590	6000000019431289587
Q105614591	6000000020110942713
Q105614592	6000000034163357304
Q105614593	6000000011646948918
Q105614594	6000000077198423290
Q105614596	6000000017542715776
Q105614598	6000000178831704832
Q105614601	6000000019841069398
Q105614602	6000000009255871837
Q105614607	6000000019945188670
Q105614608	6000000001335702723
Q105614609	6000000027418424300
Q105614610	6000000020224033353
Q105614611	6000000019037773273
Q105614612	6000000076744148307
Q105614613	6000000019758894242
Q105614615	6000000019046443942
Q105614616	6000000019251223535
Q105614617	6000000019621972590
Q105614619	6000000017518619088
Q105614620	6000000020209910858
Q105614621	6000000019628053573
Q105614622	6000000175333938195
Q105614624	6000000019235179704
Q105614625	6000000075330664033
Q105614626	6000000075329788581
Q105614627	6000000083649422047
Q105614628	6000000019210961518
Q105614629	6000000018862628615
Q105614630	6000000019851493030
Q105614633	6000000057662615859
Q105614634	6000000013405490142
Q105614635	6000000021674465303
Q105614637	6000000057663991885
Q105614640	6000000057663853984
Q105614642	6000000057662425850
Q105614643	6000000018259451023
Q105614644	6000000093583836867
Q105614645	6000000033792204441
Q105614647	6000000021716955695
Q105614648	6000000057662437822
Q105614649	6000000015820662297
Q105614650	6000000019883639801
Q105614651	6000000014418145832
Q105614652	6000000012773495789
Q105614653	6000000075280163856
Q105614654	6000000043643681953
Q105614655	6000000075279914925
Q105614656	6000000060121335062
Q105614662	6000000075280077894
Q105614663	6000000043643578837
Q105614664	6000000181273821828
Q105614667	6000000001805389401
Q105614676	6000000001783715149
Q105614677	6000000012089290695
Q105614681	6000000001805405249
Q105614686	6000000001805389419
Q105614696	6000000001805405260
Q105614699	6000000043993586205
Q105614703	6000000000200879179
Q105614705	6000000128910477839
Q105614706	6000000105433657821
Q105614707	6000000043200551967
Q105614708	6000000080450925426
Q105614709	6000000106240564860
Q105614710	6000000033870375908
Q105614711	6000000014767751006
Q105614717	6000000033870216046
Q105614722	6000000058197674081
Q105614723	6000000013664090545
Q105614724	6000000033870389905
Q105614725	6000000128909708823
Q105614727	6000000178765947868
Q105614730	6000000173898901834
Q105614731	6000000164270359136
Q105614732	6000000194776230832
Q105614733	6000000005034068928
Q105614735	6000000164270920941
Q105614736	6000000184852658876
Q105614737	6000000011640543061
Q105614740	6000000081540750889
Q105614742	6000000080451796991
Q105614744	6000000136921169864
Q105614745	6000000030086792950
Q105614747	6000000058203459870
Q105614749	6000000052350052255
Q105614750	6000000173777051103
Q105614751	6000000105430219272
Q105614755	6000000136926703033
Q105614758	6000000105434015113
Q105614759	6000000052354047902
Q105614760	6000000033859248585
Q105614763	6000000052353897162
Q105614764	6000000006146862274
Q105614765	6000000058203040922
Q105614767	6000000035522378928
Q105614771	6000000080451958977
Q105614774	6000000087820257954
Q105614775	6000000166758369975
Q105614777	6000000030086705218
Q105614778	6000000033308567448
Q105614780	6000000052348071984
Q105614785	6000000026062633356
Q105614786	6000000011124837391
Q105614795	6000000020171253920
Q105614796	6000000003577120649
Q1056148	6000000090857859926
Q105614803	6000000056993117997
Q105614807	6000000026420544942
Q105614815	6000000052347867859
Q105614818	6000000052347505092
Q105614821	6000000052349752832
Q105614824	6000000019966025980
Q105614826	6000000019966633328
Q105614827	6000000092155059876
Q105614828	6000000092155049888
Q105614832	6000000103940903821
Q105614836	6000000014688291022
Q105614842	6000000020931205806
Q105614846	6000000016453194498
Q105614847	6000000014687914554
Q105614848	6000000013712501328
Q105614849	6000000014566245220
Q105614855	6000000034479410813
Q105614857	6000000045450387905
Q105614858	6000000032890032571
Q105614859	6000000081696341891
Q105614861	6000000032890563862
Q105614862	6000000026693938059
Q105614863	6000000064966819838
Q105614864	6000000042213910785
Q105614866	6000000014914690995
Q105614870	6000000080419299836
Q105614876	6000000181273557845
Q105614877	6000000077141820067
Q105614880	6000000077142103023
Q105614883	6000000016700234090
Q105614884	6000000016700234094
Q105614885	6000000019595716342
Q105614888	6000000076699136542
Q105614892	6000000076700156117
Q105614894	6000000014429898806
Q105614895	6000000002765651895
Q105614899	6000000014430301475
Q105614901	6000000002765651877
Q105614902	3166628
Q105614904	3166555
Q105614905	6000000042955191246
Q105614907	6000000076700734823
Q105614908	6000000026887503566
Q105614909	3166599
Q105614911	6000000041053506507
Q105614912	6000000002765651782
Q105614913	6000000076698755531
Q105614914	6000000035599994358
Q105614915	6000000002765651889
Q105614917	6000000017548629334
Q105614918	6000000077230869566
Q105614919	6000000042955536015
Q105614920	6000000085924471907
Q105614922	6000000047346441942
Q105614925	6000000209415703821
Q105614926	6000000081294980576
Q105614927	6000000072720401959
Q105614928	6000000085921430221
Q105614931	6000000030193303905
Q105614934	6000000081374310848
Q105614935	6000000085912019068
Q105614936	6000000017148433502
Q105614937	6000000029381423217
Q105614938	6000000026492597307
Q105614939	6000000085921751868
Q105614940	6000000042955595119
Q105614942	6000000040475226019
Q105614945	6000000018672297876
Q105614947	6000000068479564869
Q105614948	6000000079268600969
Q105614949	6000000079268311956
Q105614950	6000000011218971840
Q105614951	6000000102387469837
Q105614952	6000000102387244859
Q105614955	6000000068479787884
Q105614956	6000000079268331974
Q105614957	6000000102386093931
Q105614959	6000000102387062835
Q105614962	6000000102387507830
Q105614963	6000000015476802312
Q105614965	6000000102387612821
Q105614966	6000000069332802847
Q105614967	6000000018043954772
Q105614971	6000000014410232970
Q105614972	6000000017754611243
Q105614973	6000000018038571138
Q105614975	6000000025072626882
Q105614976	6000000018037984914
Q105614977	6000000018889875352
Q105614978	6000000018038497204
Q105614979	6000000001938798412
Q105614981	6000000018889984584
Q105614984	6000000001938856448
Q105614987	6000000201556375855
Q105614989	6000000199281218838
Q105614994	6000000065539731856
Q105614997	6000000199281399823
Q105615001	6000000024061361575
Q105615002	6000000014567511231
Q105615005	6000000024060263653
Q105615007	6000000024061509996
Q105615009	6000000037769728876
Q105615012	6000000026416020975
Q105615014	6000000066362539114
Q105615017	6000000014891754061
Q105615018	6000000037770201981
Q105615019	6000000026417469861
Q105615020	6000000014891229675
Q105615025	6000000014891590030
Q105615026	6000000006864894111
Q105615027	6000000129869335899
Q105615028	6000000022860067149
Q105615030	6000000042567220262
Q105615031	6000000042567263155
Q105615033	6000000080149398245
Q105615034	6000000042120802832
Q105615035	6000000039225518364
Q105615037	6000000019067633324
Q105615040	6000000019067602327
Q105615041	6000000163563079102
Q105615043	6000000011135451950
Q105615045	6000000039225769004
Q105615047	6000000081391557880
Q105615049	6000000080150838041
Q105615051	6000000081390985825
Q105615052	6000000010580991492
Q105615053	6000000181276017832
Q105615055	6000000021653171217
Q105615056	6000000020985017801
Q105615057	6000000021674071245
Q105615059	6000000020985361024
Q105615060	6000000020985312650
Q105615061	6000000031518295395
Q105615064	6000000093904244526
Q105615068	6000000103517047873
Q105615082	6000000149560932969
Q105615085	6000000213421818830
Q105615087	6000000033532985701
Q105615091	6000000113300274947
Q105615096	6000000030899164620
Q105615100	6000000213648004830
Q105615105	6000000213649357834
Q105615107	6000000142647405822
Q105615108	6000000035307529607
Q105615109	6000000071225552875
Q105615111	6000000035307899310
Q105615113	6000000071275585061
Q105615119	6000000030899467884
Q105615122	6000000034544032872
Q105615123	6000000017617552064
Q105615127	6000000039380390077
Q105615128	6000000017617826051
Q105615129	6000000017617361456
Q105615130	6000000033841669897
Q105615131	6000000017617402840
Q105615132	6000000017617538926
Q105615133	6000000017617648974
Q105615134	6000000017617598248
Q105615139	6000000180647539823
Q105615140	6000000180113577906
Q105615153	6000000078777330908
Q105615156	6000000016623289474
Q105615157	6000000058492905878
Q105615158	6000000009358037528
Q105615159	6000000009358047498
Q105615160	6000000058493172876
Q105615162	6000000018656031607
Q105615163	6000000025737943235
Q105615164	6000000058494553983
Q105615165	6000000009358118449
Q105615167	6000000015916251963
Q105615168	6000000009357902286
Q105615169	6000000015916251957
Q105615170	6000000058492586892
Q105615171	6000000045877573166
Q105615176	6000000024403206412
Q105615179	6000000066583765025
Q105615182	6000000211375393830
Q105615183	6000000066585218822
Q105615185	6000000015772031428
Q105615186	6000000018726904202
Q105615187	6000000184536688852
Q105615188	6000000015772032179
Q105615189	6000000066583516569
Q105615194	6000000008506946390
Q105615195	6000000184536666836
Q105615197	6000000018726870100
Q105615199	6000000015771956809
Q105615202	6000000201260689873
Q105615203	6000000201261694821
Q105615206	6000000201260881822
Q105615208	6000000078616556809
Q105615209	6000000078617112265
Q105615211	6000000078616364340
Q105615213	6000000018898750240
Q105615216	6000000085622151920
Q105615220	6000000017670303136
Q105615226	6000000036120407934
Q105615239	6000000189965092841
Q105615248	6000000194621011822
Q105615249	6000000084405144286
Q105615259	6000000030568014111
Q105615261	6000000176878626821
Q105615263	6000000041981304424
Q105615271	6000000030569073138
Q105615273	6000000040288342253
Q105615277	6000000048195072871
Q105615278	6000000048195064822
Q105615279	6000000048194825972
Q105615281	6000000048194408369
Q105615284	6000000177629237895
Q105615286	6000000015445118273
Q105615291	6000000004211935732
Q105615300	6000000043461869856
Q105615305	6000000198155866826
Q105615320	6000000013924901580
Q105615325	6000000198155529914
Q105615332	6000000013924972141
Q105615333	6000000204511089833
Q105615337	6000000184858983953
Q105615349	6000000189942792840
Q105615353	6000000178252985840
Q105615354	6000000154878574822
Q105615355	6000000198728590857
Q105615356	6000000086286806835
Q105615358	6000000037133409420
Q105615360	6000000040976061437
Q105615362	6000000178197693826
Q105615363	6000000016586284847
Q105615366	6000000036945181348
Q105615371	6000000053306991910
Q105615374	6000000115948593834
Q105615376	6000000018846209453
Q105615379	6000000184871067933
Q105615380	6000000178217750905
Q105615389	6000000086286653897
Q105615391	6000000051263798870
Q105615393	6000000115681021843
Q105615395	6000000178221476852
Q105615399	6000000021542671318
Q105615400	6000000181187595856
Q105615402	6000000040978381917
Q105615403	6000000154877932828
Q105615405	6000000115948752865
Q105615406	6000000201297380834
Q105615407	6000000176563824844
Q105615408	6000000080576977688
Q105615409	6000000178402678821
Q105615410	6000000122038705823
Q105615411	6000000115680950834
Q105615414	6000000176564212831
Q105615416	6000000040976067261
Q105615417	6000000083653102976
Q105615418	6000000184873594843
Q105615420	6000000212796691822
Q105615424	6000000057423134192
Q105615426	6000000145382360821
Q105615427	6000000086285399043
Q105615428	6000000122037898822
Q105615429	6000000154875347854
Q105615430	6000000178150687838
Q105615432	6000000178219717830
Q105615436	6000000115679976133
Q105615438	6000000176564058834
Q105615440	6000000154886114834
Q105615443	6000000057421751889
Q105615446	6000000089223425979
Q105615447	6000000020732123902
Q105615450	6000000089224289867
Q105615451	6000000185367815004
Q105615470	6000000037055512087
Q105615471	6000000021073070159
Q105615475	6000000021073455174
Q105615478	6000000078450305095
Q105615479	6000000078450493893
Q105615481	6000000188132251852
Q105615483	6000000014712734485
Q105615484	6000000014706201931
Q105615485	6000000083937091543
Q105615486	6000000188131688900
Q105615488	6000000188132321854
Q105615489	6000000188131671825
Q105615490	6000000083937069317
Q105615491	6000000188132538824
Q105615493	6000000188132853835
Q105615494	6000000017459837472
Q105615495	6000000017328505376
Q105615497	6000000017328597049
Q105615499	6000000016813690404
Q105615500	6000000028641265791
Q105615501	6000000083935899465
Q105615502	6000000083936968873
Q105615511	6000000195807772823
Q105615512	6000000195799990945
Q105615514	6000000034117801046
Q105615515	6000000009096393189
Q105615516	6000000034243319019
Q105615518	6000000009098736235
Q105615520	6000000019772218116
Q105615521	6000000019911009101
Q105615522	6000000009098469972
Q105615523	6000000019772080485
Q105615524	6000000040579414887
Q105615525	6000000019771882114
Q105615526	6000000009098467742
Q105615529	6000000009097625837
Q105615530	6000000028602804057
Q105615532	6000000019910902665
Q105615535	6000000019771654682
Q105615536	6000000015436198506
Q105615557	6000000164284838971
Q105615558	6000000068270408095
Q105615560	6000000172433935833
Q105615564	6000000172433398920
Q105615565	6000000012587363492
Q105615569	6000000209816294821
Q105615573	6000000031370812923
Q105615576	6000000010692818789
Q105615579	6000000008795915942
Q105615581	6000000012246755647
Q105615584	6000000008795600106
Q105615585	6000000008795994422
Q105615586	6000000080743206399
Q105615595	6000000024211749424
Q105615604	6000000019556565211
Q105615605	6000000019556488373
Q105615606	6000000019556486873
Q105615607	6000000019556227501
Q105615609	6000000019556322962
Q105615610	6000000032988937031
Q105615620	6000000148316076167
Q105615622	6000000172146766821
Q105615623	6000000172859085567
Q105615626	6000000172859393380
Q105615630	6000000172859335683
Q105615641	6000000044457522010
Q105615643	6000000044456703356
Q105615646	6000000044456874473
Q105615649	6000000016203257791
Q105615652	6000000038017144635
Q105615653	6000000076031246933
Q105615660	6000000044455730744
Q105615661	6000000044456161909
Q105615662	6000000021284155220
Q105615663	6000000044457312308
Q105615664	6000000044456334375
Q105615665	6000000021284294576
Q105615666	6000000014831832347
Q105615669	6000000036831112060
Q105615675	6000000183350440821
Q105615678	6000000121434174824
Q105615682	6000000041711734564
Q105615683	6000000022363066196
Q105615685	6000000182148483849
Q105615687	6000000029497187376
Q105615690	6000000068728765978
Q105615691	6000000029497276193
Q105615694	6000000009036182284
Q105615695	6000000009036251506
Q105615696	6000000007370255036
Q105615711	6000000053078029001
Q105615713	6000000190490912830
Q105615720	6000000204539103832
Q105615721	6000000147711882822
Q105615723	6000000147711983893
Q105615724	6000000058197598302
Q105615730	6000000180088264833
Q105615734	6000000031580898235
Q105615736	6000000031581079941
Q105615740	6000000031580951081
Q105615742	6000000017512624228
Q105615743	6000000015261153242
Q105615747	6000000165377740878
Q105615749	6000000023524378949
Q105615750	6000000076553754521
Q105615753	6000000018212908497
Q105615754	6000000068965902854
Q105615755	6000000108677276839
Q105615757	6000000134423253821
Q105615758	6000000033024653002
Q105615761	6000000035775378040
Q105615771	6000000068968099859
Q105615772	6000000068966203821
Q105615773	6000000165384308821
Q105615774	6000000020436282685
Q105615775	6000000167622662843
Q105615776	6000000017443378054
Q105615779	6000000087512618867
Q105615780	6000000018213184527
Q105615781	6000000040351370944
Q105615783	6000000076554786850
Q105615784	6000000036763536113
Q105615787	6000000017443378077
Q105615789	6000000036762835989
Q105615791	6000000036763606053
Q105615793	6000000023524412126
Q105615794	6000000076554571977
Q105615795	6000000087510244951
Q105615798	6000000108675550028
Q105615799	6000000165382360838
Q105615800	6000000045740138381
Q105615803	6000000011883290503
Q105615810	6000000041265702389
Q105615814	6000000041265972058
Q105615815	6000000019004816221
Q105615816	6000000041259216860
Q105615818	6000000065924833172
Q105615824	6000000013907296221
Q105615826	6000000075611877869
Q105615831	6000000180115946869
Q105615833	6000000180114391879
Q105615835	6000000062771474835
Q105615846	6000000025845620901
Q105615849	6000000035043195289
Q105615850	6000000017292599105
Q105615852	6000000007014432777
Q105615854	6000000013861572050
Q105615856	6000000124453302130
Q105615858	6000000028036809611
Q105615859	6000000033208600800
Q105615860	4605139741010046668
Q105615861	6000000069435112921
Q105615862	6000000066514643847
Q105615863	6000000027307113460
Q105615865	6000000010476905283
Q105615867	6000000030750657929
Q105615869	6000000061004823926
Q105615870	6000000017291870478
Q105615875	6000000069436500873
Q105615878	6000000016987041098
Q105615883	6000000077131071105
Q105615884	6000000087595650833
Q105615885	6000000027307337009
Q105615886	6000000077328552042
Q105615889	6000000191003295821
Q105615890	6000000017242019119
Q105615894	6000000016203311291
Q105615895	6000000127044626824
Q105615896	6000000124454208937
Q105615899	6000000076300416876
Q105615903	6000000090542858114
Q105615905	6000000028037182538
Q105615906	6000000010511259972
Q105615907	6000000029426075905
Q105615909	6000000037475698522
Q105615910	6000000170787894833
Q105615914	6000000072044815395
Q105615915	6000000030750636944
Q105615917	6000000016736869481
Q105615919	6000000015945696306
Q105615921	6000000076300334878
Q105615922	6000000181284668855
Q105615924	6000000015140526459
Q105615925	6000000002021054931
Q105615926	6000000035043617999
Q105615930	6000000015116594711
Q105615932	6000000181285152843
Q105615933	6000000072044959674
Q105615936	6000000066461787899
Q105615939	6000000100588438821
Q105615940	6000000026379847585
Q105615945	6000000211508128821
Q105615955	6000000139215420921
Q105615963	6000000214702085821
Q105615967	6000000123508733063
Q105615971	6000000176660540864
Q105615974	6000000169701658129
Q105615976	6000000017413065219
Q105615980	6000000065060106899
Q105615985	6000000065060161860
Q105615987	6000000017412438842
Q105615990	6000000015385842830
Q105615992	6000000058385651833
Q105615997	6000000056946558990
Q105615998	6000000056946734191
Q105616006	6000000018798174098
Q105616009	6000000105744959972
Q105616018	6000000033496415204
Q105616020	6000000060490804896
Q105616027	6000000018798331041
Q105616032	6000000018797741976
Q105616036	6000000181304358821
Q105616038	6000000181303633837
Q105616040	6000000110997272895
Q105616043	6000000181304503821
Q105616046	6000000107659944897
Q105616047	6000000107658051980
Q105616048	6000000107657864862
Q105616049	6000000047812603843
Q105616050	6000000107658170896
Q105616051	6000000107658593154
Q105616052	6000000009836418252
Q105616053	6000000033857990732
Q105616054	6000000009974477506
Q105616057	6000000079748344020
Q105616059	6000000019367986947
Q105616061	6000000030071834259
Q105616062	6000000079836977458
Q105616063	6000000139391335884
Q105616070	6000000161301889840
Q105616071	6000000042915215851
Q105616073	6000000009974420601
Q105616074	6000000007667182443
Q105616078	6000000009836392247
Q105616079	6000000079747789038
Q105616080	6000000161273900821
Q105616082	6000000087823197833
Q105616089	6000000030071822234
Q105616090	6000000039302124271
Q105616093	6000000008753210038
Q105616094	6000000020864118951
Q105616097	6000000027648876066
Q105616098	6000000027648276093
Q105616100	6000000020826854120
Q105616101	6000000013263772846
Q105616102	6000000015027478552
Q105616103	6000000013286097233
Q105616104	6000000027648064492
Q105616105	6000000081823649902
Q105616106	6000000181303669897
Q105616107	6000000020821295362
Q105616108	6000000027648135435
Q105616109	6000000018419586121
Q105616110	6000000173854380893
Q105616111	6000000173854524836
Q105616127	6000000014838352648
Q105616128	6000000030724507107
Q105616130	6000000030727092463
Q105616132	6000000014838536152
Q105616139	6000000198384657853
Q105616147	6000000149528536835
Q105616150	6000000019556892560
Q105616163	6000000119133668880
Q105616165	6000000119133806836
Q105616178	6000000044421594358
Q105616186	6000000034515328935
Q105616188	6000000058429382139
Q105616193	6000000034514621479
Q105616197	6000000076858338896
Q105616200	6000000063532641034
Q105616202	6000000046729243982
Q105616203	6000000096329033197
Q105616204	6000000046729425943
Q105616205	6000000096328698261
Q105616209	6000000070644662475
Q105616213	6000000046789270226
Q105616226	6000000064098363823
Q105616228	6000000126257641026
Q105616229	6000000126259583841
Q105616230	6000000043489686872
Q105616234	6000000081792424986
Q105616235	6000000026295762007
Q105616236	6000000081779789987
Q105616242	6000000052314555022
Q105616252	6000000009576887220
Q105616254	6000000078275410837
Q105616255	6000000078274594879
Q105616257	6000000078275675848
Q105616283	6000000028853361491
Q105616284	6000000009699697926
Q105616285	6000000009699831918
Q105616286	6000000009699972439
Q105616287	6000000009699948779
Q105616291	6000000033681990114
Q105616306	6000000015633754159
Q105616307	6000000015635991300
Q105616308	6000000017221417607
Q105616309	6000000051388042129
Q105616311	6000000022360889843
Q105616315	6000000017221872082
Q105616316	6000000015635902399
Q105616317	6000000015914401022
Q105616318	6000000085242688010
Q105616325	6000000046365330925
Q105616326	6000000057638646989
Q105616328	6000000122559392875
Q105616331	6000000015455123514
Q105616332	6000000044202068902
Q105616333	6000000046365194016
Q105616341	6000000016167195196
Q105616342	6000000008386316471
Q105616355	6000000015455123511
Q105616356	6000000173384965825
Q105616360	6000000097097596880
Q105616362	6000000016522597944
Q105616370	6000000044200904618
Q105616372	6000000111605620913
Q105616373	6000000111740727119
Q105616374	6000000047163292952
Q105616375	6000000015455260408
Q105616377	6000000038878054160
Q105616381	6000000018338409962
Q105616385	6000000018338773707
Q105616388	6000000030732174254
Q105616391	6000000077072609133
Q105616395	6000000097094920201
Q105616400	6000000015455123525
Q105616401	6000000086048374001
Q105616403	6000000077942239766
Q105616404	6000000043047156448
Q105616406	6000000018332207215
Q105616407	6000000028621058729
Q105616408	6000000018340779272
Q105616411	6000000043047099448
Q105616414	6000000030741077476
Q105616415	6000000016814035550
Q105616416	6000000072175298064
Q105616418	6000000122559072030
Q105616420	6000000019787321422
Q105616426	6000000079097734922
Q105616427	6000000043913603032
Q105616431	6000000003705960508
Q105616432	6000000100321854110
Q105616436	6000000018341198471
Q105616438	6000000161626213853
Q105616439	6000000077808883776
Q105616442	6000000049679543310
Q105616444	6000000152619689827
Q105616447	6000000121240786875
Q105616448	6000000017522973026
Q105616451	6000000152619171840
Q105616456	6000000152225921868
Q105616461	6000000076898445216
Q105616462	6000000074744318958
Q105616463	6000000156546571019
Q105616466	6000000077810122338
Q105616467	6000000077810322952
Q105616469	6000000151649396919
Q105616470	6000000021353453319
Q105616472	6000000021353430095
Q105616476	6000000152620080832
Q105616494	6000000151650502823
Q105616499	6000000021506447149
Q105616505	6000000042012371403
Q105616506	6000000074744516896
Q105616508	6000000090716902821
Q105616512	6000000021506150663
Q105616514	6000000069793472941
Q105616516	6000000156547446836
Q105616520	6000000025110742381
Q105616521	6000000021506392247
Q105616531	6000000151649133924
Q105616546	6000000021353185476
Q105616554	6000000064202313168
Q105616585	6000000027740541102
Q105616588	6000000083310942149
Q105616589	6000000084298695898
Q105616591	6000000081570436172
Q105616592	6000000002963256839
Q105616593	6000000020693302712
Q105616596	6000000025527073804
Q105616598	6000000072170611035
Q105616600	6000000031378022827
Q105616601	6000000046043716980
Q105616603	6000000054524056063
Q105616606	6000000046046027188
Q105616607	6000000002963047825
Q105616608	6000000084230720057
Q105616611	6000000002991493637
Q105616613	6000000033738231044
Q105616615	6000000002991400886
Q105616616	6000000081571321996
Q105616617	6000000027740651842
Q105616618	6000000046046534823
Q105616622	6000000019397430370
Q105616633	6000000109500544267
Q105616644	6000000019211403035
Q105616902	6000000002649327403
Q105616914	6000000002648963734
Q105616925	6000000153057734879
Q105616975	6000000148859325959
Q105616992	6000000153058147821
Q105616998	6000000004642345990
Q105617051	6000000196137978827
Q105617052	6000000019214882534
Q105617059	6000000019933402284
Q105617060	6000000066769669834
Q105617062	6000000034293266516
Q105617067	6000000183341522866
Q105617075	6000000027740286441
Q105617175	381634825780012317
Q105617180	6000000011823672283
Q105617185	6000000133903997821
Q105617194	6000000076858125893
Q105617195	6000000076857610210
Q105617196	6000000098537258828
Q105617197	6000000098542344833
Q105617198	6000000150634301970
Q105617199	6000000083398588301
Q105617204	6000000039121098928
Q105617211	6000000016373887350
Q105617212	6000000033498492025
Q105617214	6000000009333577705
Q105617215	6000000181315168829
Q105617226	6000000039840471569
Q105617227	6000000082675045132
Q105617229	6000000181334481868
Q105617234	6000000043808108899
Q105617237	6000000187439700864
Q105617238	6000000080281943313
Q105617241	6000000182651432852
Q105617242	6000000036747495925
Q105617244	6000000036747573000
Q105617247	6000000036747602776
Q105617248	6000000009498526722
Q105617249	6000000036748269976
Q105617250	6000000027897571066
Q105617254	6000000018425607877
Q105617256	6000000030916812252
Q105617257	6000000036748135187
Q105617261	6000000019570425219
Q105617268	6000000014329677764
Q105617272	6000000051338016056
Q105617275	6000000181351191824
Q105617276	6000000030921066295
Q105617277	6000000192023237821
Q105617279	6000000033332815491
Q105617280	6000000030050831356
Q105617282	6000000145230202882
Q105617283	6000000100784798642
Q105617284	6000000181349338841
Q105617285	6000000036747339827
Q105617286	6000000071130202987
Q105617288	6000000009497975858
Q105617290	6000000036747712935
Q105617293	6000000080281989179
Q105617294	6000000033332583734
Q105617296	6000000071130834892
Q105617298	6000000071234816003
Q105617302	6000000130687507834
Q105617305	6000000181350998824
Q105617310	6000000015117516248
Q105617311	6000000126970177141
Q105617314	6000000040101572141
Q105617316	6000000138983008892
Q105617318	6000000025925838904
Q105617319	6000000033619341829
Q105617322	6000000138983359821
Q105617326	6000000060825166872
Q105617336	6000000162563257915
Q105617341	6000000076965036930
Q105617345	6000000076965054884
Q105617352	6000000032802934900
Q105617367	6000000034295394118
Q105617369	6000000102185756328
Q105617372	6000000102195605825
Q105617375	6000000120388585936
Q105617378	6000000101833721881
Q105617379	6000000178556474825
Q105617383	6000000204767901877
Q105617393	6000000026800996587
Q105617400	6000000102344187863
Q105617402	6000000083257800386
Q105617409	6000000101833752856
Q105617412	6000000026810394968
Q105617428	6000000177201984852
Q105617433	6000000102188611868
Q105617439	6000000120389027822
Q105617445	6000000178555328933
Q105617447	6000000021489498844
Q105617449	6000000030672113599
Q105617451	6000000016464055624
Q105617452	6000000016758453054
Q105617455	6000000016761640263
Q105617458	6000000007776948112
Q105617471	6000000100777058830
Q105617473	6000000100778421940
Q105617475	6000000079212029192
Q105617480	6000000117144612945
Q105617483	6000000117144850866
Q105617485	6000000019137183471
Q105617487	6000000127661264913
Q105617489	6000000079212773824
Q105617500	6000000023728933168
Q105617501	6000000185209684831
Q105617502	6000000117143960151
Q105617504	6000000033165735114
Q105617506	6000000065901331970
Q105617507	6000000079212391179
Q105617519	6000000042034772918
Q105617523	6000000050681176724
Q105617524	6000000023795149936
Q105617525	6000000018999835619
Q105617537	6000000164719383893
Q105617541	6000000001038340164
Q105617545	6000000013405317068
Q105617547	6000000013405472457
Q105617557	6000000013405336043
Q105617563	6000000190007287825
Q105617569	6000000013405589354
Q105617577	6000000179726324851
Q105617585	6000000014465467080
Q105617586	6000000014700368242
Q105617591	6000000081371339429
Q105617593	6000000041445258885
Q105617596	6000000040877050839
Q105617602	6000000040876504629
Q105617603	6000000208914299873
Q105617607	6000000090534422156
Q105617615	6000000003032052537
Q105617616	6000000003032052529
Q105617621	6000000207398822829
Q105617622	6000000084405546264
Q105617623	6000000015106428351
Q105617624	6000000018501721536
Q105617625	6000000037057946742
Q105617626	6000000114318543141
Q105617627	6000000015107930844
Q105617628	6000000015108095324
Q105617629	6000000067938584052
Q105617631	6000000084405308899
Q105617633	6000000084405219023
Q105617634	6000000084405160341
Q105617635	6000000025998477989
Q105617636	6000000033778859913
Q105617643	6000000033777570296
Q105617656	6000000038008291273
Q105617665	6000000041879559834
Q105617666	6000000066663155953
Q105617667	6000000105308341943
Q105617672	6000000041874684847
Q105617674	6000000069724559276
Q105617675	6000000105774325971
Q105617676	6000000041447655129
Q105617678	6000000044811468257
Q105617679	6000000105728003825
Q105617682	6000000071225348844
Q105617683	6000000014840149893
Q105617684	6000000023746188493
Q105617687	6000000051326473271
Q105617689	6000000044743715853
Q105617690	346315799510010784
Q105617692	6000000017030851876
Q105617696	6000000105803946021
Q105617697	6000000041874415273
Q105617698	6000000069822118826
Q105617700	6000000105774190001
Q105617701	6000000085746492913
Q105617702	6000000028207907249
Q105617704	6000000079030080192
Q105617705	6000000041447408557
Q105617706	6000000066664775922
Q105617707	6000000138666892827
Q105617708	6000000024901095443
Q105617712	6000000041874313330
Q105617716	6000000017031204369
Q105617728	6000000029900428475
Q105617731	6000000112920322400
Q105617732	6000000112921372973
Q105617734	6000000112921510844
Q105617744	6000000073806494925
Q105617745	6000000048975495830
Q105617746	6000000016821882735
Q105617747	6000000073806587834
Q105617749	6000000073806578871
Q105617753	6000000016438733864
Q105617754	6000000016819688447
Q105617755	6000000073806297267
Q105617756	6000000076692700163
Q105617757	6000000064162796950
Q105617759	6000000013740760906
Q105617760	6000000013740639945
Q105617763	4644914552880082154
Q105617766	6000000076692943083
Q105617767	6000000076691235334
Q105617768	6000000013741455091
Q105617777	6000000053121761027
Q105617781	6000000110719002858
Q105617782	6000000110718770883
Q105617785	6000000204847037830
Q105617786	6000000204847289828
Q105617787	6000000204846882846
Q105617789	6000000204847387842
Q105617790	6000000123340254821
Q105617811	6000000027047912893
Q105617812	6000000004003402777
Q105617813	6000000004003402789
Q105617814	6000000004003411084
Q105617815	6000000004003402783
Q105617816	6000000004003411144
Q105617817	6000000004003402990
Q105617818	6000000004003402482
Q105617819	6000000027233918689
Q105617822	6000000065524368847
Q105617823	6000000065524428886
Q105617824	6000000175620760847
Q105617826	6000000078149589105
Q105617827	6000000022816834478
Q105617829	6000000092555025088
Q105617831	6000000065524126907
Q105617833	6000000065524602821
Q105617835	6000000168828158594
Q105617836	6000000086454535870
Q105617839	6000000024835554086
Q105617841	6000000181379691846
Q105617842	6000000032951537663
Q105617843	6000000066544960879
Q105617844	6000000014796167097
Q105617848	6000000092670216210
Q105617849	6000000021119095841
Q105617851	6000000065523657996
Q105617852	6000000078485984275
Q105617853	6000000065524325840
Q105617854	6000000078485557789
Q105617856	6000000014796117652
Q105617858	6000000012660891182
Q105617862	6000000014891579803
Q105617863	6000000065528519892
Q105617865	6000000066544718107
Q105617868	6000000091410592044
Q105617876	6000000205423955227
Q105617879	6000000079323931866
Q105617883	6000000113476595999
Q105617884	6000000203024435840
Q105617889	6000000066544134173
Q105617896	6000000037795084434
Q105617897	6000000081645479267
Q105617899	6000000178564732826
Q105617901	6000000077768928905
Q105617902	6000000077769170003
Q105617904	6000000019614063191
Q105617905	6000000112300380974
Q105617906	6000000077768908968
Q105617907	6000000022348230501
Q105617909	6000000066544967005
Q105617914	6000000202105822849
Q105617917	6000000048059153950
Q105617926	6000000176788834871
Q105617933	6000000077818947397
Q105617940	6000000145263613826
Q105617944	6000000077816274714
Q105617945	6000000077816181334
Q105617949	6000000015315795446
Q105617950	6000000015315923808
Q105617952	6000000015316130046
Q105617953	6000000015315742952
Q105617955	6000000015315795462
Q105617958	6000000041756502635
Q105617960	6000000013618354382
Q105617961	6000000015330665279
Q105617962	6000000025298573266
Q105617963	6000000009034382276
Q105617964	6000000015315700725
Q105617965	6000000077392597821
Q105617966	6000000015315969564
Q105617968	6000000068443272893
Q105617971	6000000013618291566
Q105617972	6000000009419567201
Q105617974	6000000076286921941
Q105617977	6000000076287385848
Q105617980	6000000028242952472
Q105617982	6000000062638485922
Q105617984	6000000021549044257
Q105617985	6000000081359023176
Q105617986	6000000041094675331
Q105617987	6000000022966369894
Q105617988	6000000057092276890
Q105617989	6000000081359180013
Q105617990	6000000053794357175
Q105617991	6000000081358620407
Q105617992	6000000020139711126
Q105617993	6000000015135729242
Q105617994	6000000008337261888
Q105618007	6000000018455135706
Q105618008	6000000018455092871
Q105618010	6000000018454715937
Q105618016	6000000198834043850
Q105618019	6000000022609765939
Q105618021	6000000182945512822
Q105618022	6000000182947019843
Q105618024	6000000069670490929
Q105618025	6000000003691051340
Q105618033	6000000194385043898
Q105618034	6000000025286374442
Q105618035	6000000036182566602
Q105618040	6000000184251858840
Q105618041	6000000094195809833
Q105618043	6000000120562287988
Q105618044	6000000120562324097
Q105618046	6000000094451338822
Q105618047	6000000089587861033
Q105618048	6000000089587863005
Q105618050	6000000030913494056
Q105618051	6000000030920945488
Q105618053	6000000070731995836
Q105618054	6000000030913136995
Q105618055	6000000079094080833
Q105618056	6000000079093049742
Q105618057	6000000010665108864
Q105618058	6000000030921240393
Q105618060	6000000198846454846
Q105618061	6000000198846151821
Q105618062	6000000075130397014
Q105618063	6000000198873731826
Q105618064	6000000075130311867
Q105618065	6000000075128969028
Q105618068	6000000198842458938
Q105618070	6000000076791756538
Q105618073	6000000105070253846
Q105618075	6000000092357849004
Q105618076	6000000092358697826
Q105618079	6000000105070162879
Q105618080	6000000069891902965
Q105618082	6000000069869976175
Q105618083	6000000035698103194
Q105618084	6000000105069364948
Q105618086	6000000024018637485
Q105618087	6000000092354420886
Q105618088	6000000024018633584
Q105618089	6000000069870370945
Q105618092	6000000069891769077
Q105618093	6000000105069913829
Q105618112	6000000184989843858
Q105618121	6000000020895993572
Q105618124	6000000021178785936
Q105618128	6000000115667542823
Q105618131	6000000053882416870
Q105618133	6000000094194168056
Q105618134	6000000094197369618
Q105618141	6000000197379814822
Q105618143	6000000063921515063
Q105618149	6000000115667108854
Q105618150	6000000208161225830
Q105618151	6000000094201821822
Q105618152	6000000115667406837
Q105618153	6000000026560258336
Q105618155	6000000047770757970
Q105618156	6000000045417960156
Q105618159	6000000027665695607
Q105618162	6000000102742371855
Q105618168	6000000115666264923
Q105618173	6000000208156934837
Q105618178	6000000019645452185
Q105618179	6000000081733841959
Q105618180	6000000195354849837
Q105618181	6000000021178928919
Q105618183	6000000094194767943
Q105618185	6000000206097431860
Q105618187	6000000002802247923
Q105618188	6000000019645371238
Q105618197	6000000081734345923
Q105618201	6000000182922563852
Q105618205	6000000024934866556
Q105618208	6000000111008537009
Q105618210	6000000111000928821
Q105618211	6000000086707093989
Q105618216	6000000018653773355
Q105618218	6000000056356789075
Q105618219	6000000068235681912
Q105618221	6000000100118752178
Q105618224	6000000043127928188
Q105618225	6000000111008752862
Q105618228	6000000111008791836
Q105618230	6000000014781809389
Q105618231	6000000068235688158
Q105618232	6000000020772235543
Q105618233	6000000086684800840
Q105618234	6000000056359230869
Q105618236	6000000111008310088
Q105618240	6000000022380712924
Q105618241	6000000085640952085
Q105618248	6000000181381367849
Q105618253	6000000177485654870
Q105618260	6000000206227272823
Q105618265	6000000191030778910
Q105618276	6000000002803191196
Q105618281	6000000017435802068
Q105618282	6000000015112870621
Q105618284	6000000062705011839
Q105618286	6000000191150217825
Q105618288	6000000018315162439
Q105618289	6000000034523835814
Q105618292	6000000089137088869
Q105618293	6000000023785298305
Q105618295	6000000075235000236
Q105618296	6000000025202517185
Q105618298	6000000084672447916
Q105618299	6000000019800538242
Q105618302	6000000080451756949
Q105618305	6000000037250221116
Q105618306	6000000025201578605
Q105618309	6000000063531071061
Q105618311	6000000019388779283
Q105618312	6000000017502711526
Q105618313	6000000021466058507
Q105618314	6000000017536285068
Q105618315	6000000040197368188
Q105618316	6000000018315133906
Q105618317	6000000018093699688
Q105618318	6000000197019911827
Q105618320	6000000194966334825
Q105618321	6000000057839341907
Q105618325	6000000078616264114
Q105618327	6000000023531631191
Q105618329	6000000171907893821
Q105618332	6000000024628289821
Q105618333	6000000017536161495
Q105618334	6000000082942947984
Q105618337	6000000068439911833
Q105618338	6000000014725753836
Q105618339	6000000013744824523
Q105618340	6000000017502323330
Q105618341	6000000062704554210
Q105618346	6000000054518579821
Q105618348	6000000030466366975
Q105618351	6000000018415716514
Q105618352	6000000209300628829
Q105618354	6000000025050255853
Q105618358	6000000062909091832
Q105618359	6000000028651163448
Q105618361	6000000023531430663
Q105618362	6000000052100696822
Q105618363	6000000035894933110
Q105618364	6000000015924271916
Q105618366	6000000080390073240
Q105618367	6000000066657853288
Q105618368	6000000068840250844
Q105618369	6000000191087194823
Q105618370	6000000122082008852
Q105618378	6000000051583538047
Q105618382	6000000028747091120
Q105618386	6000000186333427989
Q105618389	6000000043233365240
Q105618392	6000000169409498830
Q105618393	6000000078027015232
Q105618395	6000000014831729908
Q105618399	6000000023785414444
Q105618402	6000000169409203868
Q105618403	6000000028747231066
Q105618405	6000000025096067659
Q105618407	6000000082885477866
Q105618409	6000000172366001719
Q105618417	6000000017160369164
Q105618418	6000000191184508829
Q105618420	6000000181411304847
Q105618422	6000000036257052825
Q105618423	6000000110874329862
Q105618426	6000000014492584043
Q105618428	6000000033197800638
Q105618429	6000000024525027013
Q105618434	6000000077419939624
Q105618435	6000000166388798870
Q105618438	6000000047989983249
Q105618441	6000000043228105066
Q105618445	6000000015924271907
Q105618446	6000000025771354288
Q105618447	6000000181410311885
Q105618448	6000000122019973244
Q105618450	6000000018094021280
Q105618451	6000000025050264849
Q105618453	6000000038556257246
Q105618455	6000000039278514076
Q105618461	6000000023785131714
Q105618465	6000000063478840822
Q105618466	6000000077454744247
Q105618467	6000000014832885939
Q105618468	6000000041713083063
Q105618469	6000000039685467134
Q105618470	6000000066660068024
Q105618472	6000000004589974370
Q105618473	6000000015923969925
Q105618475	6000000059454207072
Q105618476	6000000054484043114
Q105618482	6000000060765256894
Q105618487	6000000110875012821
Q105618488	6000000025049812354
Q105618489	6000000087908837973
Q105618494	6000000077452780596
Q105618495	6000000063526530162
Q105618496	6000000041713130195
Q105618500	6000000013744691411
Q105618507	6000000047992224084
Q105618508	6000000031809013285
Q105618509	6000000017650366293
Q105618510	6000000018315418473
Q105618512	6000000025804252742
Q105618514	6000000035894576519
Q105618516	6000000169582449005
Q105618521	6000000120722665833
Q105618524	6000000006135885314
Q105618525	6000000057454625887
Q105618527	6000000004589974358
Q105618529	6000000169592845915
Q105618533	6000000170364168821
Q105618535	6000000009465225372
Q105618537	6000000078045459311
Q105618545	6000000038438148505
Q105618546	6000000110875055821
Q105618548	6000000087902978928
Q105618550	6000000036256348688
Q105618551	6000000075235048270
Q105618554	6000000015803844172
Q105618557	6000000031868913864
Q105618558	6000000015924271910
Q105618559	6000000013112149542
Q105618560	6000000019369890071
Q105618562	6000000068840020930
Q105618568	6000000087420273889
Q105618569	6000000021466208178
Q105618571	6000000012161723430
Q105618572	6000000063527135936
Q105618573	6000000055289460842
Q105618575	6000000023785557192
Q105618577	6000000186333057088
Q105618581	6000000081454435193
Q105618583	6000000028651373966
Q105618584	6000000078027584828
Q105618585	6000000055668709652
Q105618586	6000000086761490099
Q105618587	6000000080389941557
Q105618592	6000000175244907087
Q105618593	6000000087420338863
Q105618597	6000000172495082395
Q105618598	6000000055669393087
Q105618601	6000000051000020846
Q105618602	6000000016691622718
Q105618603	6000000102739074957
Q105618605	6000000087912261148
Q105618606	6000000038438486056
Q105618608	6000000017435649713
Q105618611	6000000102741969871
Q105618613	6000000017160397129
Q105618615	6000000185005005862
Q105618617	6000000195356508864
Q105618618	6000000205975609821
Q105618620	6000000195356508858
Q105618626	6000000191306034824
Q105618631	6000000003013679288
Q105618638	6000000024310519642
Q105618639	6000000211647799826
Q105618642	6000000020129833149
Q105618649	6000000100170634933
Q105618650	6000000024313456300
Q105618652	6000000024315998922
Q105618656	6000000175264253842
Q105618657	6000000081621881892
Q105618658	6000000191417172920
Q105618659	6000000100211029887
Q105618660	6000000175262008542
Q105618662	6000000003013516787
Q105618663	6000000100171753846
Q105618666	6000000081623693827
Q105618667	6000000100171532043
Q105618674	6000000181219254889
Q105618677	6000000174637900845
Q105618678	6000000027875565699
Q105618679	6000000024140360099
Q105618680	6000000002643401993
Q105618682	6000000046652434854
Q105618687	6000000191585419852
Q105618688	6000000191621546898
Q105618689	6000000018878167156
Q105618690	6000000024140431124
Q105618692	6000000019324195334
Q105618694	6000000002643585422
Q105618698	6000000027881950206
Q105618702	6000000018299383111
Q105618707	6000000026802279913
Q105618708	6000000019738027592
Q105618709	6000000210144878826
Q105618713	6000000018299267154
Q105618718	6000000181436266825
Q105618719	6000000115233784839
Q105618720	6000000116531926064
Q105618723	6000000019976799170
Q105618726	6000000027881835558
Q105618727	6000000083254025195
Q105618731	6000000073302084871
Q105618733	6000000191622330826
Q105618739	6000000027882252827
Q105618742	6000000084786616833
Q105618744	6000000111003357887
Q105618749	6000000191622868834
Q105618757	6000000024167134302
Q105618763	6000000181436306823
Q105618766	6000000077300685837
Q105618770	6000000057424841117
Q105618775	6000000041853771363
Q105618779	6000000024229302339
Q105618780	6000000031594422763
Q105618783	6000000031367081852
Q105618785	6000000027881910621
Q105618788	6000000012135107675
Q105618789	6000000024140512855
Q105618790	6000000057643686949
Q105618791	6000000018953069849
Q105618792	6000000020056397844
Q105618793	6000000024142650990
Q105618794	6000000018953372166
Q105618802	6000000026037540240
Q105618805	6000000027875527801
Q105618806	6000000191622303846
Q105618807	6000000027891883209
Q105618813	6000000031509084120
Q105618814	6000000031491846761
Q105618817	6000000035901253507
Q105618818	6000000079403826966
Q105618819	6000000038650740141
Q105618825	6000000025960859197
Q105618826	6000000031380644616
Q105618827	6000000075129861864
Q105618830	6000000015579748093
Q105618832	6000000092577582365
Q105618834	6000000112557047005
Q105618840	6000000038650614332
Q105618841	6000000192016309851
Q105618842	6000000181437943851
Q105618846	6000000021050336843
Q105618847	6000000031509064162
Q105618851	6000000017221783151
Q105618853	6000000166545775960
Q105618854	6000000103154508894
Q105618858	6000000025961907966
Q105618860	6000000038653192101
Q105618863	6000000079399448162
Q105618864	6000000192048270868
Q105618866	6000000016170051393
Q105618867	6000000021050292111
Q105618869	6000000026410371160
Q105618875	6000000191685634857
Q105618877	6000000078364378323
Q105618878	6000000017221703553
Q105618884	6000000075500259851
Q105618886	6000000016532192204
Q105618889	6000000058384552336
Q105618896	6000000092577590242
Q105618904	6000000018798144057
Q105618905	6000000040788925767
Q105618911	6000000102528300914
Q105618916	6000000140093388040
Q105618917	6000000166546593821
Q105618918	6000000032157670948
Q105618919	6000000092578642841
Q105618922	6000000002388870469
Q105618924	6000000190315059829
Q105618928	6000000177109467896
Q105618929	6000000135776476002
Q105618931	6000000019556461712
Q105618932	6000000089673118923
Q105618933	6000000092227536902
Q105618940	6000000093727565845
Q105618941	6000000002388870456
Q105618949	6000000059454388148
Q105618950	6000000140090690946
Q105618952	6000000166048408841
Q105618956	6000000031608530370
Q105618957	6000000193875118847
Q105618960	6000000092578090889
Q105618961	6000000077844117083
Q105618964	6000000093214062894
Q105618965	6000000014516499872
Q105618968	6000000079403789061
Q105618972	6000000031608530361
Q105618979	6000000072445443024
Q105618980	6000000194721227891
Q105618981	6000000031762325475
Q105618982	6000000103154427916
Q105618987	6000000078612414842
Q105618989	6000000195237328839
Q105618990	6000000166049841821
Q105618991	6000000089861944001
Q105618992	6000000192017319821
Q105618993	6000000008978458858
Q105618995	6000000079325478978
Q105619	6000000029238905167
Q105619001	6000000047238444341
Q105619002	6000000111242737918
Q105619005	6000000135774901389
Q105619007	6000000017221842287
Q105619008	6000000077842089585
Q105619009	6000000036038594503
Q105619011	6000000103438533873
Q105619013	6000000166545034182
Q105619021	6000000079788708147
Q105619022	6000000028853461707
Q105619023	6000000079787063813
Q105619024	6000000089781775915
Q105619025	6000000034116296879
Q105619028	6000000167569487821
Q105619030	6000000107472471827
Q105619032	6000000054626534842
Q105619034	6000000107465816851
Q105619035	6000000089781678851
Q105619036	6000000043231945826
Q105619037	6000000171710444370
Q105619039	6000000167567092275
Q105619040	6000000018306886078
Q105619041	6000000043230613153
Q105619044	6000000079789436150
Q105619049	6000000191705324913
Q105619054	6000000191706173863
Q105619055	6000000017274798606
Q105619057	6000000018586452446
Q105619059	6000000115281764048
Q105619060	6000000115308482070
Q105619061	6000000115282129974
Q105619062	6000000115308697973
Q105619064	6000000115308944925
Q105619065	6000000115282601967
Q105619078	6000000104730505833
Q105619081	6000000020077285084
Q105619082	6000000020077317013
Q105619085	6000000058498624006
Q105619087	6000000169610642800
Q105619088	6000000169613268857
Q105619092	6000000010548684287
Q105619093	6000000016187918930
Q105619097	6000000039029927808
Q105619101	6000000092654576981
Q105619102	6000000181628592835
Q105619104	6000000017173331841
Q105619106	6000000092653308051
Q105619108	6000000035746976567
Q105619109	6000000015201614529
Q105619123	6000000067552410821
Q105619131	6000000117175197863
Q105619134	6000000029536250869
Q105619141	6000000015636343107
Q105619144	6000000135052782911
Q105619146	6000000038753209833
Q105619149	6000000015636033745
Q105619156	6000000151470615841
Q105619159	6000000196413671892
Q105619161	6000000071027250292
Q105619164	6000000123797895833
Q105619165	6000000038752560134
Q105619167	6000000057034678929
Q105619168	6000000117174618983
Q105619171	6000000057035263822
Q105619176	6000000200586757885
Q105619177	6000000196414660827
Q105619180	6000000119521857823
Q105619187	6000000004118037506
Q105619189	6000000015881378500
Q105619190	6000000181196489871
Q105619192	6000000047726623938
Q105619193	6000000037635232788
Q105619201	6000000067586320902
Q105619202	6000000186280114905
Q105619203	6000000019952565787
Q105619205	6000000085421361029
Q105619206	6000000067551935831
Q105619208	6000000015636070576
Q105619209	6000000071027119997
Q105619215	6000000181196883838
Q105619218	6000000192650943827
Q105619221	6000000196942883831
Q105619227	6000000135052418037
Q105619231	6000000119521126008
Q105619233	6000000047726765904
Q105619235	6000000123801959892
Q105619238	6000000117141690115
Q105619246	6000000015446216736
Q105619248	6000000015445077577
Q105619250	6000000015446216741
Q105619262	6000000120107026840
Q105619265	6000000120107861859
Q105619267	6000000076740469639
Q105619282	6000000076740796628
Q105619285	6000000034146487821
Q105619288	6000000034146421947
Q105619294	6000000038467289864
Q105619298	6000000034139396699
Q105619323	6000000035647106164
Q105619325	6000000013752502059
Q105619331	6000000178510590837
Q105619336	6000000039679283713
Q105619340	6000000014781293385
Q105619361	6000000078276849833
Q105619363	6000000065088001823
Q105619366	6000000022287313245
Q105619368	6000000078276820833
Q105619369	6000000014716355262
Q105619370	6000000067736482916
Q105619371	6000000070731551118
Q105619372	6000000017590125752
Q105619375	6000000066955700821
Q105619376	6000000078233941888
Q105619378	6000000066955460834
Q105619380	6000000051269311626
Q105619383	6000000066955419865
Q105619386	4750504955280072097
Q105619393	6000000019024795329
Q105619394	6000000009710460293
Q105619397	6000000025095740331
Q105619399	6000000077435692725
Q105619400	6000000002388834877
Q105619401	6000000018542070364
Q105619402	6000000037863948151
Q105619403	6000000033888867258
Q105619404	6000000019544957843
Q105619406	6000000052006974291
Q105619407	6000000079191349087
Q105619408	6000000112466109821
Q105619409	6000000025498181014
Q105619410	6000000078277000053
Q105619411	6000000077476665016
Q105619412	6000000015635934988
Q105619413	6000000068525244359
Q105619414	6000000038830794539
Q105619415	6000000020353946741
Q105619416	6000000015636400018
Q105619417	6000000079003334541
Q105619418	6000000069239048830
Q105619420	6000000112465925821
Q105619421	6000000105455898827
Q105619422	6000000077478096928
Q105619424	6000000069238638111
Q105619427	6000000079190710575
Q105619428	6000000078078831039
Q105619429	6000000052003441836
Q105619430	6000000077476573130
Q105619433	6000000077436465927
Q105619434	6000000037864291936
Q105619435	6000000019857505751
Q105619436	6000000079002001055
Q105619437	6000000019857780132
Q105619438	6000000052003021918
Q105619441	6000000080936234986
Q105619442	6000000019544959780
Q105619443	6000000196691358931
Q105619444	6000000037764641684
Q105619445	6000000196692082844
Q105619447	6000000196692378835
Q105619449	6000000037765256834
Q105619453	6000000033786111596
Q105619457	6000000007336799523
Q105619459	6000000024343784323
Q105619467	6000000037080497414
Q105619469	6000000037081524855
Q105619484	6000000024076105200
Q105619485	6000000019558164674
Q105619489	6000000080675653863
Q105619502	6000000014455978825
Q105619514	6000000060824999885
Q105619517	6000000163681097821
Q105619522	6000000034000567084
Q105619525	6000000074358110971
Q105619532	6000000151906713892
Q105619534	6000000086172866927
Q105619554	6000000023499890695
Q105619558	6000000025782926908
Q105619565	6000000047454837872
Q105619575	6000000030178198908
Q105619581	6000000173853486999
Q105619583	6000000190431754863
Q105619585	6000000074176793307
Q105619586	6000000030552998953
Q105619590	6000000127964629845
Q105619591	6000000023124212959
Q105619593	6000000035211531077
Q105619594	6000000016771774367
Q105619595	6000000075943145839
Q105619598	6000000020180981025
Q105619602	6000000050977258988
Q105619607	6000000037499708393
Q105619608	6000000095940495822
Q105619611	6000000025679280323
Q105619612	6000000035822594068
Q105619613	6000000058342199830
Q105619615	6000000214296345882
Q105619618	6000000019360537204
Q105619622	6000000050965009902
Q105619623	6000000157349534824
Q105619624	6000000074176662372
Q105619633	6000000006202039118
Q105619638	6000000044288020323
Q105619640	6000000016772224495
Q105619641	6000000211683510826
Q105619642	6000000033810767824
Q105619644	6000000177416712822
Q105619645	6000000085901218970
Q105619650	6000000189929061836
Q105619651	6000000190024222833
Q105619658	6000000071555061974
Q105619666	6000000019159961766
Q105619667	6000000070324677984
Q105619669	6000000024641901465
Q105619676	6000000169691233915
Q105619678	6000000162967068868
Q105619679	6000000037006183030
Q105619682	6000000102035634940
Q105619687	6000000169276601903
Q105619695	6000000047810363017
Q105619699	6000000169611896837
Q105619704	6000000019204302362
Q105619706	6000000025783021008
Q105619707	6000000025780849833
Q105619710	6000000019566883659
Q105619712	6000000024344542889
Q105619713	6000000010280045621
Q105619716	6000000092758119857
Q105619721	6000000080675678858
Q105619725	6000000007633836630
Q105619729	6000000074801353113
Q105619733	6000000169610819512
Q105619742	6000000076947575888
Q105619745	6000000030552998278
Q105619746	6000000044288399832
Q105619753	6000000174358860592
Q105619754	6000000080659744882
Q105619757	6000000078380928959
Q105619758	6000000044288278006
Q105619759	6000000077478651833
Q105619761	6000000183562667838
Q105619762	6000000204576013842
Q105619765	6000000030553131002
Q105619771	6000000080208723898
Q105619778	6000000089212700503
Q105619779	6000000137125293940
Q105619786	6000000034565475890
Q105619800	6000000060825199026
Q105619803	6000000190024084835
Q105619811	6000000089299398855
Q105619815	6000000025782711003
Q105619816	6000000173352572920
Q105619818	6000000216020094847
Q105619832	6000000215634200851
Q105619838	6000000088186269885
Q105619841	6000000193424129822
Q105619847	6000000033767820396
Q105619853	6000000010280268823
Q105619855	6000000157349566833
Q105619859	6000000060841402822
Q105619863	6000000162962572869
Q105619864	6000000157348132839
Q105619873	6000000024816833944
Q105619880	6000000159192807872
Q105619882	6000000076254115011
Q105619883	6000000080185564321
Q105619885	6000000102136431821
Q105619890	6000000024075968255
Q105619891	6000000109062974833
Q105619892	6000000169611748966
Q105619898	6000000185721074875
Q105619902	6000000097745355838
Q105619904	6000000033768036902
Q105619905	6000000088055632980
Q105619906	6000000183312907843
Q105619909	6000000035722522332
Q105619914	6000000183562625843
Q105619915	6000000044219781732
Q105619920	6000000086173205825
Q105619923	6000000019360482562
Q105619929	6000000183571122828
Q105619933	6000000082607907686
Q105619935	6000000217134908847
Q105619938	6000000037081358096
Q105619941	6000000078626009837
Q105619945	6000000086516260885
Q105619950	6000000028832159967
Q105619951	6000000148694313014
Q105619953	6000000044627973889
Q105619957	6000000010280167432
Q105619960	6000000169611904914
Q105620090	6000000003658710305
Q105620175	6000000008278962487
Q105620293	6000000000488439009
Q105620437	6000000182651692845
Q105620439	6000000027896867802
Q105620440	6000000036747390799
Q105620441	6000000042022349079
Q105620443	6000000077819380935
Q105620444	6000000062747624972
Q105620447	6000000024193556811
Q105620451	6000000191517518832
Q105620452	6000000078609378868
Q105620453	6000000089672808011
Q105620455	6000000078530149871
Q105620497	6000000014072166692
Q105620545	6000000010933663173
Q105620594	6000000027829004909
Q105620606	6000000142037224249
Q105620612	6000000169792993831
Q105620613	6000000027829872052
Q105620644	6000000169797040848
Q105620756	6000000054472414846
Q105620793	6000000053034394851
Q105621917	6000000021177262132
Q105622294	6000000031472049633
Q105622391	6000000011371172432
Q105622406	6000000001786474370
Q105622408	6000000027834247516
Q105622490	6000000007272979427
Q105622518	6000000001102307923
Q105622545	6000000013387427103
Q105622637	6000000013388223209
Q105623102	6000000109844012903
Q105623162	6000000059430507920
Q105623189	6000000133463481577
Q105623413	6000000013387739784
Q105623449	6000000011828446204
Q105623462	6000000013387335764
Q105623470	6000000011827659574
Q105623521	6000000011828333349
Q105623544	6000000011827676711
Q105623573	6000000011827256725
Q105623633	6000000082641491921
Q105624844	6000000003706186365
Q105625165	6000000003706183550
Q105625420	6000000047719489911
Q10562559	6000000074745020186
Q105626069	6000000080063006921
Q105626095	6000000013387978390
Q105626226	6000000009943659055
Q105626976	6000000002660763544
Q10562739	6000000074690418007
Q105627500	6000000037791671823
Q105627535	6000000027622802188
Q105627539	6000000027622003462
Q105627634	6000000066711364842
Q105627649	6000000066711470829
Q105627711	6000000014652724546
Q105629897	6000000106159632135
Q105631789	6000000031364742467
Q1056323	6000000156869216878
Q105632327	6000000178726987938
Q105632841	6000000021341950294
Q105633568	6000000000886131909
Q105634	6000000015550966201
Q105634549	6000000009958453680
Q105634801	6000000007160885374
Q1056349	6000000123270214851
Q105635574	6000000171056639825
Q105635600	6000000082827510257
Q105635778	6000000061423272823
Q105635947	318718669040005200
Q105636110	6000000180173174829
Q105637588	6000000060841510831
Q105637589	6000000021343609698
Q105637608	6000000001805405239
Q105637622	6000000216578980832
Q105637623	6000000173853635994
Q105637626	6000000014000710416
Q105637633	6000000169276968835
Q105637637	6000000035916607330
Q105637641	6000000202460874846
Q105637648	6000000077478579859
Q105637650	6000000020761907835
Q105637652	6000000181197448823
Q105637655	6000000165345033839
Q105637658	6000000100280390894
Q105637660	6000000033999877654
Q105637662	6000000020180663404
Q105637671	6000000072773003821
Q105637673	6000000035829501287
Q105637674	6000000019733598720
Q105637676	6000000019357812317
Q105637678	6000000019733891273
Q105637681	6000000117182969913
Q105637683	6000000033074624937
Q105637686	6000000019733623000
Q105637688	6000000033000536271
Q105637690	6000000019733929138
Q105637691	6000000033051948946
Q105637692	6000000033052396946
Q105637694	6000000019733409917
Q105637696	6000000033077641821
Q105637699	6000000046894953936
Q105637703	6000000175047650591
Q105637707	6000000046894946973
Q105637708	6000000200482851844
Q105637710	6000000013206431622
Q105637715	6000000022286246488
Q105637718	6000000022286199787
Q105637720	6000000075845268075
Q105637721	6000000078456259952
Q105637728	6000000078454625809
Q105637729	6000000105442770888
Q105637734	6000000081941862827
Q105637735	6000000029095280379
Q105637736	6000000074343573941
Q105637739	6000000081941690822
Q105637746	6000000020650283431
Q105637747	6000000107303277876
Q105637748	6000000020650243714
Q105637749	6000000018580679470
Q105637750	6000000071275411857
Q105637754	6000000175625079003
Q105637755	6000000081251235839
Q105637758	6000000019170437289
Q105637765	6000000095887137944
Q105637766	6000000018530682815
Q105637767	6000000034159369894
Q105637770	6000000107304982856
Q105637772	6000000039147709408
Q105637773	6000000081250784347
Q105637774	6000000095887528860
Q105637775	6000000016156166946
Q105637776	6000000019145546179
Q105637780	6000000018070393973
Q105637782	6000000006972745085
Q105637784	6000000072430199320
Q105637786	6000000016156109962
Q105637791	6000000192580991954
Q105637797	6000000095916481872
Q105637803	6000000019268519251
Q105637804	6000000081250883042
Q105637805	6000000023239526255
Q105637810	6000000078278206517
Q105637813	6000000018078301004
Q105637815	6000000071275276963
Q105637818	6000000016156310048
Q105637822	6000000185023013823
Q105637823	6000000175627444821
Q105637826	6000000181286330832
Q105637827	6000000133396601827
Q105637828	6000000082960194100
Q105637835	6000000016155985630
Q105637836	6000000016933070763
Q105637840	6000000188069219875
Q105637841	6000000176780182825
Q105637842	6000000082961062904
Q105637844	6000000071277120831
Q105637849	6000000081250890192
Q105637853	6000000006972685140
Q105637855	6000000095916808835
Q105637856	6000000107304871882
Q105637857	6000000185022517841
Q105637859	6000000071276574835
Q105637863	6000000022349255378
Q105637864	6000000022349111602
Q105637866	6000000155486467828
Q105637868	6000000019685521977
Q105637871	6000000019024611752
Q105637872	6000000037413682851
Q105637882	6000000080279333620
Q105637883	6000000041958024771
Q105637888	6000000103917554942
Q105637890	6000000109303719882
Q105637894	6000000080093975325
Q105637895	6000000018625520056
Q105637896	6000000178880280826
Q105637898	6000000080766508134
Q105637899	6000000087320346040
Q105637900	6000000019685499046
Q105637903	6000000175067723869
Q105637906	6000000109303091903
Q105637908	6000000080092433290
Q105637909	6000000020786589465
Q105637910	6000000109302652005
Q105637916	6000000006572361063
Q105637919	6000000109302901845
Q105637920	6000000024254407679
Q105637922	6000000055667565833
Q105637923	6000000019686069030
Q105637924	6000000087321189847
Q105637928	6000000015125295001
Q105637929	6000000103360925018
Q105637931	6000000103360140000
Q105637933	6000000014329188019
Q105637934	6000000186225999967
Q105637935	6000000083440341173
Q105637936	6000000099728412821
Q105637939	6000000046623310989
Q105637940	6000000087321085840
Q105637943	6000000108699866834
Q105637944	6000000014328992513
Q105637948	6000000041958568974
Q105637950	6000000073378941829
Q105637952	6000000015125022699
Q105637953	6000000049491126829
Q105637955	6000000019685406337
Q105637960	6000000029564921909
Q105637961	6000000190621553828
Q105637968	6000000023074454114
Q105637971	6000000014776291903
Q105637981	6000000102678771094
Q105637982	6000000014784094485
Q105637984	6000000178686796869
Q105637987	6000000017942747826
Q105637989	6000000009699826840
Q105637992	6000000009710351892
Q105637996	6000000020126075197
Q105637997	6000000019685566521
Q105637999	6000000091001269891
Q105638	6000000031030603494
Q105638001	6000000080092695292
Q105638002	6000000020126578048
Q105638004	6000000020947523259
Q105638023	6000000190963632837
Q105638028	6000000007316925663
Q105638033	5597456682170058501
Q105638035	5597461701620126518
Q105638044	6000000051250964146
Q105638046	6000000092119913972
Q105638047	6000000181490169986
Q105638049	6000000141891443147
Q105638050	6000000011320671513
Q105638054	6000000089299355883
Q105638061	6000000172074320842
Q105638065	6000000172067910492
Q105638073	6000000089299295884
Q105638075	6000000084585198478
Q105638079	6000000172073170030
Q105638090	6000000181501533858
Q105638093	6000000011320344821
Q105638107	6000000060816687868
Q105638112	6000000086787654850
Q105638115	6000000086787700168
Q105638121	6000000089299167907
Q105638122	6000000011320157977
Q105638128	6000000109662264890
Q105638132	6000000191712110822
Q105638138	6000000084585950994
Q105638141	6000000172065294743
Q105638165	6000000015929013745
Q105638176	6000000203096174835
Q105638181	6000000003309150434
Q105638182	6000000003309130971
Q105638183	6000000039918846675
Q105638184	6000000003514230083
Q105638186	6000000003514115400
Q105638189	6000000005070821115
Q105638197	6000000083147190659
Q105638201	6000000013374702875
Q10563821	6000000075424228033
Q105638213	6000000014805709383
Q105638216	6000000081645486121
Q105638218	6000000083148307251
Q105638226	6000000135827866381
Q105638234	6000000176893815855
Q105638238	6000000136783430952
Q105638239	6000000127719595408
Q10563824	6000000075503124822
Q105638244	6000000176892190933
Q105638246	6000000086240765999
Q105638250	6000000143230965914
Q105638251	6000000127722711048
Q105638255	6000000015446158030
Q105638259	6000000015446158027
Q105638263	6000000002008260567
Q105638264	6000000092473897903
Q105638267	6000000016717475047
Q105638268	6000000016717134443
Q105638270	6000000016717161672
Q105638277	6000000199142577872
Q105638279	6000000026423714953
Q105638281	6000000015535776634
Q105638285	6000000178814793821
Q105638287	6000000025371278336
Q105638289	6000000013752565092
Q105638300	6000000057347318922
Q105638303	6000000006196128193
Q105638308	6000000012523600552
Q105638310	6000000081597602853
Q105638311	6000000081596902262
Q105638313	6000000012523688641
Q105638315	6000000081597191986
Q105638316	6000000034653889059
Q105638317	6000000034652594849
Q105638319	6000000204862334828
Q105638322	6000000044958808857
Q105638324	6000000081597079350
Q105638331	6000000038336308439
Q105638333	6000000034652166132
Q105638335	6000000026827331375
Q105638340	6000000016820867076
Q105638344	6000000014933524766
Q105638346	6000000034038656889
Q105638348	6000000014933662522
Q105638350	6000000037840820486
Q105638351	6000000014927041817
Q105638352	6000000076688021542
Q105638353	6000000032877973859
Q105638355	6000000086799297052
Q105638357	6000000023754223105
Q105638359	6000000069228516906
Q105638360	6000000015137661907
Q105638362	6000000041655853484
Q105638366	6000000037378308546
Q105638368	6000000023936722752
Q105638369	6000000175190186212
Q105638370	6000000008969917392
Q105638371	6000000033316074568
Q105638373	6000000186199268049
Q105638375	6000000029871609829
Q105638376	6000000061266738658
Q105638377	6000000033316521109
Q105638388	6000000082970420026
Q105638389	6000000197416224837
Q105638390	6000000029869157399
Q105638393	6000000176712219822
Q105638396	6000000176710981900
Q105638397	6000000003733801702
Q105638399	6000000181933456846
Q105638411	6000000186202145163
Q105638418	6000000128643075047
Q105638425	6000000197416129829
Q105638428	6000000092242075116
Q105638432	6000000052862804340
Q105638434	6000000176711460883
Q105638435	6000000175190554009
Q105638439	6000000092577029060
Q105638442	6000000092258908871
Q105638443	6000000003733860508
Q105638445	6000000024067438521
Q105638447	6000000176712218823
Q105638449	6000000034688609223
Q105638451	6000000012503331723
Q105638452	6000000024074664137
Q105638454	6000000008969497133
Q105638456	6000000024074828453
Q105638462	6000000006157844000
Q105638472	6000000007316911701
Q105638477	6000000032881890683
Q105638482	6000000032876735922
Q105638484	6000000069212579928
Q105638486	6000000052138319829
Q105638488	6000000010565100080
Q105638489	6000000069213181199
Q105638491	6000000026412697550
Q105638492	6000000031175773082
Q105638493	6000000063048143885
Q105638496	6000000031175937062
Q105638498	6000000021306676574
Q105638500	6000000032876809866
Q105638508	6000000063047526863
Q105638509	6000000008925755234
Q105638510	6000000019607284476
Q105638512	6000000007316911401
Q105638516	6000000021468946361
Q105638517	6000000007316911385
Q105638518	6000000007316911376
Q105638520	6000000169800141839
Q105638523	6000000069196987891
Q105638524	6000000069210932041
Q105638525	6000000031853363509
Q105638529	6000000169800034916
Q105638530	6000000015445825713
Q105638531	6000000015739196867
Q105638532	6000000008925615909
Q105638535	6000000032875538205
Q105638542	6000000177371121827
Q105638544	6000000177370828857
Q105638548	6000000177371143828
Q105638556	6000000026077226885
Q105638558	6000000200255677860
Q105638559	6000000026076643797
Q105638563	6000000026227533629
Q105638565	6000000082469778484
Q105638568	6000000082470856846
Q105638577	6000000008117832660
Q105638579	6000000096395590906
Q105638580	6000000076036784826
Q105638595	6000000096383254860
Q105638599	6000000021887633659
Q105638600	6000000096384011920
Q105638609	6000000076035275844
Q105638613	6000000039864773931
Q105638614	6000000039865173886
Q105638620	6000000085765710057
Q105638622	6000000085765608986
Q105638625	6000000012684101926
Q105638626	6000000182920449851
Q105638628	6000000182919461863
Q105638629	6000000182920947822
Q105638631	6000000182919980888
Q105638634	6000000002869048671
Q105638636	3999946
Q105638640	6000000056415714923
Q105638641	6000000145877667141
Q105638644	6000000051015803971
Q105638646	6000000051015093316
Q105638647	6000000075279414831
Q105638650	6000000076310944909
Q105638653	6000000178340674832
Q105638656	6000000051954518885
Q105638666	6000000104287142088
Q105638671	6000000056937758882
Q105638672	6000000082293501821
Q105638679	6000000082292609823
Q105638681	6000000198894170843
Q105638685	6000000152718715959
Q105638686	6000000016160053994
Q105638688	6000000084795493622
Q105638691	6000000063301904837
Q105638693	6000000014707075351
Q105638700	6000000018999159101
Q105638701	6000000073967055829
Q105638703	6000000084791224980
Q105638707	6000000072081314920
Q105638709	6000000073751265022
Q105638716	6000000083054401295
Q105638717	6000000018998967557
Q105638718	6000000075963865489
Q105638720	6000000190505060825
Q105638724	6000000083603607935
Q105638734	6000000016870030472
Q105638736	6000000083027797948
Q105638737	6000000041158109429
Q105638738	6000000073749026841
Q105638739	6000000077477930240
Q105638742	6000000022569614688
Q105638743	6000000207822149828
Q105638748	6000000037524910924
Q105638750	6000000055670391977
Q105638751	6000000178609543821
Q105638753	6000000073748471014
Q105638756	6000000016870083498
Q105638762	6000000052489542190
Q105638764	6000000147170352878
Q105638768	6000000084796839880
Q105638770	6000000043020985119
Q105638771	6000000147481060854
Q105638773	6000000021073877045
Q105638775	6000000075964264096
Q105638777	6000000060889758853
Q105638785	6000000038339197172
Q105638787	6000000069963847988
Q105638790	6000000003538581173
Q105638792	6000000029197411020
Q105638794	6000000075964456907
Q105638795	6000000016870033467
Q105638796	6000000052489654096
Q105638803	6000000052489674329
Q105638805	6000000016161992169
Q105638808	6000000020880930360
Q105638811	6000000014707194314
Q105638813	6000000084796686890
Q105638824	6000000066955762821
Q105638826	6000000066963037977
Q105638829	6000000021124103202
Q105638830	6000000021123527762
Q105638831	6000000024131014138
Q105638832	6000000058489417866
Q105638833	6000000009644818830
Q105638834	6000000102195259885
Q105638836	6000000195751846863
Q105638840	6000000090920590913
Q105638842	6000000170805741250
Q105638843	6000000055145607120
Q105638845	6000000195766159834
Q105638846	6000000074321924896
Q105638847	6000000074321042925
Q105638848	6000000046275385849
Q105638850	6000000091031820840
Q105638851	6000000147652514822
Q105638854	6000000170805750132
Q105638856	6000000074321284843
Q105638864	6000000074321601079
Q105638884	6000000023822499968
Q105638886	6000000017980697705
Q105638889	6000000008169140139
Q105638891	6000000068109370832
Q105638894	4593130340180126475
Q105638899	6000000019947137870
Q105638904	6000000007709704772
Q105638905	4990505144780134365
Q105638911	6000000085742082940
Q105638912	6000000021924750937
Q105638914	6000000051122840825
Q105638915	6000000159171444821
Q105638925	6000000036011810269
Q105638928	6000000159170700931
Q105638932	5693375579370133940
Q105638945	6000000169731190895
Q105638946	6000000169730027889
Q105638954	6000000059884328861
Q105638957	6000000019815198037
Q105638966	6000000190024577837
Q105638994	6000000178406715840
Q105638996	6000000103166536821
Q105638997	6000000190494535862
Q105639001	6000000093929728925
Q105639004	6000000093930895014
Q105639005	6000000093927909062
Q105639006	6000000093928227001
Q105639008	6000000101519233823
Q105639009	6000000004881047423
Q105639011	6000000004979624380
Q105639012	6000000032411303629
Q105639014	6000000101519420834
Q105639015	6000000101517946916
Q105639018	6000000204926737824
Q105639019	6000000019946976740
Q105639028	6000000168036574821
Q105639036	6000000036150978365
Q105639037	6000000014419490487
Q105639044	6000000019042980018
Q105639049	6000000132676718821
Q105639051	6000000132677123835
Q105639054	6000000044446415112
Q105639059	6000000097047145045
Q105639061	6000000097047375139
Q105639063	6000000190067213835
Q105639064	6000000030367088234
Q105639074	6000000038675444340
Q105639075	6000000024831383905
Q105639079	6000000022204223531
Q105639080	6000000074758812914
Q105639081	6000000085601220929
Q105639084	6000000026287802183
Q105639086	6000000085601460907
Q105639087	6000000085599433215
Q105639088	6000000085602441842
Q105639090	6000000019042659353
Q105639093	6000000205975344837
Q105639096	6000000085601023919
Q105639098	6000000085602147960
Q105639103	6000000018517492380
Q105639104	6000000068075363905
Q105639105	6000000037262503988
Q105639109	6000000017680026001
Q105639113	6000000068075267856
Q105639116	6000000024698943181
Q105639119	6000000024699073086
Q105639121	6000000032349398559
Q105639123	6000000032349823889
Q105639124	6000000068074598970
Q105639134	6000000017128746165
Q105639138	6000000048074753076
Q105639140	6000000191612632918
Q105639143	6000000068677153830
Q105639144	6000000181085561835
Q105639145	6000000045220682910
Q105639146	6000000111268015830
Q105639147	6000000020235242879
Q105639148	6000000105241393093
Q105639149	6000000201580828835
Q105639153	6000000105242919997
Q105639154	6000000084824386110
Q105639156	6000000184160859822
Q105639166	6000000181085065848
Q105639167	6000000020547887897
Q105639169	6000000008127024634
Q105639171	6000000019841500368
Q105639173	6000000074311709994
Q105639174	6000000211869262883
Q105639176	6000000020373050484
Q105639177	6000000076013785922
Q105639181	6000000009476323240
Q105639185	6000000077415873173
Q105639186	6000000180407745831
Q105639187	6000000175097745890
Q105639190	6000000191737212828
Q105639193	6000000081044426891
Q105639196	6000000074276125140
Q105639199	6000000201580303871
Q105639200	6000000017109139437
Q105639201	6000000164060037941
Q105639202	6000000111267778851
Q105639205	6000000032569889073
Q105639208	6000000026071420786
Q105639210	6000000169454812833
Q105639214	6000000203942189823
Q105639216	6000000181323416850
Q105639218	6000000081046294858
Q105639220	6000000008202026994
Q105639222	6000000203941909838
Q105639223	6000000017650569101
Q105639224	6000000180407584851
Q105639227	6000000017109139427
Q105639230	6000000032570215902
Q105639233	6000000061387591821
Q105639244	6000000017109632907
Q105639247	6000000017108938766
Q105639248	6000000017028352469
Q105639249	6000000164060777981
Q105639254	6000000012246034790
Q105639258	6000000012225718542
Q105639259	6000000014717317566
Q105639260	6000000054837210970
Q105639262	6000000014717052944
Q105639272	6000000015406231498
Q105639273	6000000131763474910
Q105639275	6000000062822019883
Q105639277	6000000040160242066
Q105639279	6000000033963636794
Q105639284	6000000172191576901
Q105639285	6000000015333024745
Q105639288	6000000017561773321
Q105639290	6000000018702740143
Q105639291	6000000022555016190
Q105639293	6000000017605722117
Q105639295	6000000034117944874
Q105639296	6000000010878500530
Q105639299	6000000127189968821
Q105639300	6000000017547926006
Q105639303	6000000017548722133
Q105639304	6000000079579363065
Q105639305	6000000010889891090
Q105639307	6000000180144094832
Q105639308	6000000075648650958
Q105639310	6000000019706035369
Q105639311	6000000012534907331
Q105639313	6000000014585826176
Q105639315	6000000055391953978
Q105639319	6000000163461694954
Q105639320	6000000063441708901
Q105639321	6000000016598215680
Q105639322	6000000063449561873
Q105639323	6000000014585690751
Q105639324	6000000081757514058
Q105639327	6000000004016689600
Q105639329	6000000017605684242
Q105639330	6000000018745712477
Q105639335	6000000035900293331
Q105639339	6000000019706194151
Q105639341	6000000017754575170
Q105639343	6000000026073902320
Q105639345	6000000169023049175
Q105639348	6000000185002956826
Q105639349	6000000016597779050
Q105639350	6000000103352235974
Q105639354	6000000212720907821
Q105639356	6000000025220239846
Q105639361	6000000079662760842
Q105639364	6000000018330637738
Q105639375	6000000017548698058
Q105639378	6000000017558294991
Q105639379	6000000063448998114
Q105639380	6000000023469964316
Q105639381	6000000082395802881
Q105639384	6000000077519714216
Q105639390	6000000179019957897
Q105639391	6000000019705781847
Q105639392	6000000017547756238
Q105639394	6000000015332928521
Q105639396	6000000017548751662
Q105639397	6000000131764015848
Q105639400	6000000013752592299
Q105639402	6000000015945811577
Q105639403	5518841808480076048
Q105639405	6000000020984729485
Q105639406	6000000032721489155
Q105639407	6000000020221854707
Q105639408	6000000077520093856
Q105639411	6000000017558220395
Q105639412	6000000010890483312
Q105639414	6000000017554017346
Q105639416	6000000032721363139
Q105639418	6000000017548536883
Q105639419	6000000021544894267
Q105639420	6000000022103638480
Q105639421	6000000046417610964
Q105639424	6000000014585783328
Q105639425	6000000078817529650
Q105639427	6000000082412176649
Q105639430	6000000014558451102
Q105639435	6000000172190467466
Q105639439	6000000153200693882
Q105639443	6000000023470028315
Q105639445	6000000023753134224
Q105639446	6000000017547919870
Q105639447	6000000035117538793
Q105639448	6000000013320151003
Q105639451	6000000030723700886
Q105639458	6000000004642267934
Q105639463	6000000040651662107
Q105639465	6000000016696461720
Q105639466	6000000020307419296
Q105639467	6000000099182957916
Q105639468	6000000031706303784
Q105639470	6000000034420656754
Q105639474	6000000178562550836
Q105639477	6000000040653169418
Q105639479	6000000034423060841
Q105639480	6000000070392112901
Q105639483	6000000181540058836
Q105639484	6000000099183155821
Q105639485	6000000016183718772
Q105639489	6000000034207791453
Q105639490	6000000021441737362
Q105639492	6000000040651632346
Q105639494	6000000016696987355
Q105639495	6000000040651526480
Q105639503	6000000049998397172
Q105639504	6000000215843469831
Q105639509	6000000180916222822
Q105639521	6000000181540639822
Q105639523	6000000015367426408
Q105639524	6000000026079805923
Q105639526	6000000175297994847
Q105639529	6000000051298875257
Q105639530	6000000019998015081
Q105639531	6000000020036221001
Q105639532	6000000019557677927
Q105639533	6000000185109273821
Q105639536	6000000130462378822
Q105639538	6000000069660429869
Q105639539	6000000069705645829
Q105639540	6000000012767300306
Q105639541	6000000083875462324
Q105639542	6000000069659141263
Q105639545	6000000019383426808
Q105639547	6000000130109812095
Q105639550	6000000019283747334
Q105639556	6000000069704651123
Q105639557	6000000052322392090
Q105639559	6000000130463311878
Q105639560	6000000048843345033
Q105639562	6000000130461472938
Q105639563	6000000130463387821
Q105639564	6000000002765651335
Q105639565	6000000130111816926
Q105639566	6000000019282601471
Q105639568	6000000130464587841
Q105639571	6000000069706135837
Q105639572	6000000019282798212
Q105639573	6000000130462978822
Q105639574	6000000019282786092
Q105639575	6000000130468708927
Q105639576	6000000069704812821
Q105639577	6000000052323122873
Q105639579	6000000019283063340
Q105639580	6000000077898821145
Q105639581	6000000130468621202
Q105639582	6000000048799038892
Q105639583	6000000122064197892
Q105639588	6000000049460057877
Q105639589	6000000122064679021
Q105639590	6000000049454229855
Q105639592	6000000066919496831
Q105639594	6000000023858073421
Q105639597	6000000135305618836
Q105639599	6000000185341792833
Q105639600	6000000153034635966
Q105639602	6000000082988927855
Q105639603	6000000043685011953
Q105639605	6000000027654383127
Q105639606	6000000185341763850
Q105639607	6000000135274908851
Q105639608	6000000198918912823
Q105639609	6000000027538016148
Q105639611	6000000026028958901
Q105639612	6000000113451443998
Q105639613	6000000185341218875
Q105639614	6000000185341470863
Q105639615	6000000113451792824
Q105639617	6000000025999900020
Q105639618	6000000135270677972
Q105639620	6000000135274516940
Q105639621	6000000113451844899
Q105639623	6000000002765712566
Q105639626	6000000091537061821
Q105639627	6000000091536464992
Q105639628	6000000024316972905
Q105639638	6000000079403492236
Q105639642	6000000020070777014
Q105639643	4923149294680122860
Q105639645	6000000021807113917
Q105639646	6000000041613746001
Q105639650	6000000020077093938
Q105639651	6000000196373462844
Q105639652	6000000021847791164
Q105639653	6000000021806330654
Q105639654	6000000021847953940
Q105639657	6000000041998520855
Q105639659	6000000020078967151
Q105639660	6000000021890438501
Q105639661	6000000020052468061
Q105639662	6000000020077798001
Q105639667	6000000042609021241
Q105639669	6000000021806871362
Q105639674	6000000021890510422
Q105639677	6000000041613220328
Q105639678	6000000021427674761
Q105639679	5276203940180038210
Q105639680	6000000021864851785
Q105639681	6000000021849996741
Q105639682	5172814134700047610
Q105639685	6000000021865277922
Q105639686	6000000031596147141
Q105639690	6000000021888946948
Q105639691	6000000019872465193
Q105639693	6000000079286324848
Q105639696	6000000021427514663
Q105639699	6000000021869832328
Q105639705	6000000021889541964
Q105639706	6000000021859640807
Q105639709	6000000041835377278
Q105639711	6000000020053918292
Q105639712	6000000020025777682
Q105639714	6000000020069825835
Q105639717	6000000157379226822
Q105639719	6000000021806737740
Q105639721	6000000019872032157
Q105639723	6000000021806292327
Q105639724	6000000038904175427
Q105639727	6000000033207797570
Q105639729	6000000021850588984
Q105639731	6000000021847808184
Q105639734	6000000021806773373
Q105639736	6000000021847449531
Q105639741	6000000021860895261
Q105639742	6000000071936498494
Q105639743	6000000021865083061
Q105639751	6000000017908366250
Q105639752	6000000024971173259
Q105639753	6000000029138290241
Q105639754	6000000084147979117
Q105639755	6000000029139583185
Q105639757	6000000029135540493
Q105639759	6000000084148107014
Q105639760	6000000080058351119
Q105639763	6000000059938022109
Q105639765	6000000059937991170
Q105639767	6000000186526833850
Q105639769	6000000000284808421
Q105639774	6000000082966287989
Q105639781	6000000059938611967
Q105639786	6000000035991522235
Q105639787	6000000000284808411
Q105639789	6000000069741607958
Q105639790	6000000023852999192
Q105639791	6000000069430514969
Q105639792	6000000085267767906
Q105639795	6000000033832215886
Q105639797	6000000018228080594
Q105639798	6000000042348787095
Q105639800	6000000021616852711
Q105639801	6000000080771035935
Q105639810	6000000074796105825
Q105639814	6000000093220638843
Q105639816	6000000084255323064
Q105639821	6000000014904082394
Q105639824	6000000030750682612
Q105639825	6000000084255156228
Q105639830	6000000006851389620
Q105639831	6000000027972571690
Q105639833	6000000087736453864
Q105639835	6000000044428804473
Q105639837	6000000019790505178
Q105639845	6000000090440160936
Q105639847	6000000064305951952
Q105639848	6000000087736476852
Q105639849	6000000183218669849
Q105639851	6000000128485989821
Q105639853	6000000064196676983
Q105639854	6000000074364323916
Q105639855	6000000185341982002
Q105639858	6000000201195803842
Q105639871	6000000181718389880
Q105639874	6000000010556824074
Q105639881	6000000108352370860
Q105639883	6000000136139894821
Q105639886	6000000006851349780
Q105639887	6000000024429400415
Q105639890	6000000194737769821
Q105639891	6000000009685976271
Q105639894	6000000108118972930
Q105639895	6000000087735708951
Q105639897	6000000019545475001
Q105639898	6000000136940586199
Q105639910	6000000090490043873
Q105639912	6000000036726866336
Q105639922	6000000069352884821
Q105639924	6000000009875903676
Q105639926	6000000177364308008
Q105639927	6000000019490988021
Q105639933	6000000043653785867
Q105639935	6000000185712653827
Q105639936	6000000030769601028
Q105639937	6000000102898385821
Q105639941	6000000029143530005
Q105639942	6000000019396028218
Q105639943	6000000183220613822
Q105639953	6000000034231871516
Q105639954	6000000017188788274
Q105639957	6000000037722033126
Q105639963	6000000198918794894
Q105639972	6000000183963676864
Q105639973	6000000139888008847
Q105639974	6000000011327900606
Q105639976	6000000041981407494
Q105639982	6000000011572415348
Q105639985	6000000037687588449
Q105639994	6000000009704634595
Q105639995	6000000057143738863
Q105639997	6000000185712259873
Q105640001	6000000086455563381
Q105640002	6000000039466471452
Q105640005	6000000044091006991
Q105640007	6000000181034760845
Q105640012	6000000012734750784
Q105640013	6000000136136658853
Q105640020	6000000026395334257
Q105640021	6000000044091092998
Q105640023	6000000019430740816
Q105640029	6000000014326696430
Q105640033	6000000077056599705
Q105640036	6000000019309442046
Q105640043	6000000086137387016
Q105640049	6000000022938365995
Q105640050	6000000003029855751
Q105640051	6000000052626468911
Q105640052	6000000052626916960
Q105640054	6000000052627083856
Q105640057	6000000027554902564
Q105640060	6000000197586043825
Q105640062	6000000176815147840
Q105640064	6000000197585586855
Q105640068	6000000038605918964
Q105640070	6000000044433184866
Q105640071	6000000034351295569
Q105640072	6000000072627818268
Q105640073	6000000072626113400
Q105640079	6000000204608874917
Q105640095	6000000060482739020
Q105640098	6000000063916664650
Q105640099	6000000089762896833
Q105640101	6000000042027039520
Q105640102	6000000165040929078
Q105640106	6000000063919232924
Q105640107	6000000168957815890
Q105640111	6000000037943971940
Q105640113	6000000063919522835
Q105640114	6000000201064223831
Q105640120	6000000165038290097
Q105640124	6000000043306415967
Q105640125	6000000047629374938
Q105640128	6000000042027468960
Q105640131	6000000062169848854
Q105640132	6000000043304494952
Q105640133	6000000201063668903
Q105640134	6000000181561609865
Q105640138	6000000069658447858
Q105640141	6000000069658424905
Q105640150	6000000013618769124
Q105640151	6000000013618459360
Q105640153	6000000013618625207
Q105640155	6000000014713278546
Q105640156	6000000181735557905
Q105640157	6000000069737452966
Q105640158	6000000069408264831
Q105640160	6000000069736688931
Q105640161	6000000016690867122
Q105640163	6000000086862166905
Q105640173	6000000025619657030
Q105640180	6000000014122410309
Q105640181	6000000078356058272
Q105640182	6000000112723223832
Q105640183	6000000042491703992
Q105640189	6000000184602068826
Q105640191	6000000181562074877
Q105640196	6000000044720280954
Q105640199	6000000014122328380
Q105640202	6000000144697906833
Q105640203	6000000065324873867
Q105640204	6000000024207902859
Q105640207	6000000009955010471
Q105640211	6000000023727476594
Q105640219	6000000065323634867
Q105640232	6000000080419369872
Q105640238	6000000071223497879
Q105640242	6000000080421446877
Q105640247	6000000083226230061
Q105640248	6000000077882907944
Q105640251	6000000083097009208
Q105640252	6000000083097441864
Q105640253	6000000078219072406
Q105640254	6000000083089026257
Q105640255	6000000017053505172
Q105640256	6000000020491623908
Q105640257	6000000071061620155
Q105640258	6000000083089280052
Q105640260	6000000071061529090
Q105640261	6000000067664387971
Q105640262	6000000016415660209
Q105640264	6000000017053377922
Q105640265	6000000071061992852
Q105640271	6000000010924600781
Q105640272	6000000011016679638
Q105640275	6000000113067740950
Q105640278	6000000186116879898
Q105640283	6000000101394101936
Q105640285	6000000101400271841
Q105640288	6000000174841396876
Q105640291	6000000018107962260
Q105640292	6000000066922268902
Q105640293	6000000038498751921
Q105640295	6000000038877983373
Q105640297	6000000186648606832
Q105640298	6000000082673089910
Q105640300	6000000082654029618
Q105640301	6000000038508059841
Q105640305	6000000038508061825
Q105640306	6000000025984075352
Q105640307	6000000089938211938
Q105640312	6000000038507484362
Q105640315	6000000136801717834
Q105640316	6000000176871530857
Q105640319	6000000089938547874
Q105640320	6000000082673006927
Q105640321	6000000009815099707
Q105640322	6000000009815299021
Q105640323	6000000016544921235
Q105640324	6000000005586071374
Q105640327	6000000005586062334
Q105640328	6000000016508402432
Q105640329	6000000016545020462
Q105640330	6000000016652159757
Q105640331	6000000009842032965
Q105640332	6000000016508564056
Q105640333	6000000009815414542
Q105640334	6000000009814798988
Q105640335	6000000016651872529
Q105640337	6000000003662181777
Q105640338	6000000015455500419
Q105640340	6000000204628734821
Q105640345	6000000204628902822
Q105640346	6000000059609999163
Q105640350	6000000015455500424
Q105640355	6000000015455323815
Q105640357	6000000204628917839
Q105640359	6000000086919107879
Q105640364	6000000201386935829
Q105640366	6000000013156164714
Q105640368	6000000008446460032
Q105640375	6000000044333696850
Q105640376	6000000008450610906
Q105640378	6000000175902869857
Q105640381	6000000201421890823
Q105640382	6000000013155944635
Q105640385	6000000041996316347
Q105640388	6000000201367756926
Q105640389	4106376
Q105640390	6000000175903888861
Q105640392	6000000019776985225
Q105640394	4106506
Q105640395	6000000174853225475
Q105640397	6000000044332614921
Q105640399	6000000175904221832
Q105640404	6000000088708663866
Q105640409	6000000156089574821
Q105640410	6000000084494387128
Q105640420	6000000069996096990
Q105640421	6000000095067388160
Q105640422	6000000095070356120
Q105640424	6000000068487276821
Q105640425	6000000047656119898
Q105640426	6000000068898313983
Q105640427	6000000047656010076
Q105640428	6000000047655963957
Q105640429	6000000068898095184
Q105640431	6000000207547942938
Q105640432	6000000014641593377
Q105640434	6000000068897602502
Q105640436	6000000207548625840
Q105640441	6000000047656273923
Q105640442	6000000044342840070
Q105640443	6000000132262008934
Q105640444	6000000132262058016
Q105640446	6000000132264124822
Q105640447	6000000132261851150
Q105640448	6000000132263046947
Q105640451	6000000204629330890
Q10564046	6000000001861384159
Q105640490	6000000014138659567
Q105640494	6000000018580679476
Q105640496	6000000020238560270
Q105640502	6000000014266134273
Q105640503	6000000020880760700
Q105640505	6000000007695325248
Q105640510	6000000017547645787
Q105640514	6000000084255304135
Q105640517	6000000016885644413
Q105640519	6000000089762660920
Q105640520	6000000168957296861
Q105640613	6000000087690810957
Q105640614	6000000038149245545
Q105640617	6000000046923516859
Q105640618	6000000015771928084
Q105640619	6000000015771543785
Q105640621	6000000015771926290
Q105640622	6000000023781572046
Q105640625	6000000014893559080
Q105640627	6000000028191656584
Q105640631	6000000016934258474
Q105640633	6000000020918669739
Q105640634	6000000064755614041
Q105640635	6000000023900604194
Q105640636	6000000016933878687
Q105640637	6000000020918467480
Q105640639	6000000028191791599
Q105640640	6000000014290251290
Q105640642	6000000018904000648
Q105640643	6000000028193241278
Q105640645	6000000032751487325
Q105640646	6000000129266901847
Q105640647	6000000064753267821
Q105640648	6000000019819192818
Q105640649	6000000023900189556
Q105640651	6000000184263177821
Q105640652	6000000204633532822
Q105640662	6000000092220432888
Q105640664	6000000092220134848
Q105640668	6000000027069542059
Q105640685	6000000018556154404
Q105640687	6000000021366269208
Q105640690	6000000034294883072
Q105640696	6000000085214221972
Q105640698	6000000036436790167
Q105640701	6000000116113765866
Q105640703	6000000042979587299
Q105640704	6000000048063467851
Q105640705	6000000172187498805
Q105640708	6000000036722397854
Q105640709	6000000042980162963
Q105640711	6000000048063240828
Q105640714	6000000036437051261
Q105640715	6000000085214099126
Q105640718	6000000042979366706
Q105640720	6000000116210707839
Q105640721	6000000085214129003
Q105640724	6000000040739143916
Q105640726	6000000112932078152
Q105640729	6000000040742424413
Q105640731	6000000037033770227
Q105640733	6000000032752167978
Q105640735	6000000158962320822
Q105640737	6000000036463518543
Q105640740	6000000158962267826
Q105640741	6000000112932671005
Q105640743	6000000037033271599
Q105640744	6000000032752372947
Q105640749	6000000006952962290
Q105640750	6000000006952788706
Q105640751	6000000016446960496
Q105640753	6000000101022710609
Q105640754	6000000006955212076
Q105640761	6000000040950300400
Q105640764	6000000056220780943
Q105640767	6000000053412322473
Q105640768	6000000005089007680
Q105640771	6000000016447037234
Q105640772	6000000006952749813
Q105640776	6000000053007162239
Q105640777	6000000026492678435
Q105640780	6000000006727783446
Q105640781	6000000053007422966
Q105640782	6000000005088997585
Q105640786	6000000006952830546
Q105640787	6000000006952785590
Q105640789	6000000053007641886
Q105640791	6000000068812627963
Q105640796	6000000021705784878
Q105640800	6000000026294170328
Q105640801	6000000101023977911
Q105640804	6000000042942214995
Q105640809	6000000017413377529
Q105640816	6000000002802245568
Q105640819	6000000088641594848
Q105640820	6000000075433736861
Q105640826	6000000041067734749
Q105640832	6000000175933848831
Q105640835	6000000113579755707
Q105640837	6000000022124016631
Q105640838	6000000017607146361
Q105640840	6000000017607036338
Q105640841	6000000017607220919
Q105640842	6000000036245420103
Q105640843	6000000020650550015
Q105640845	6000000042149005950
Q105640846	6000000017470987251
Q105640847	6000000175933878830
Q105640848	6000000080389671221
Q105640850	6000000017408355428
Q105640851	6000000020654316544
Q105640853	6000000036244692527
Q105640855	6000000021649187254
Q105640857	6000000147006451867
Q105640858	6000000090677743880
Q105640860	6000000090675158393
Q105640861	6000000017607253650
Q105640862	6000000017607223299
Q105640863	6000000017607252062
Q105640867	6000000014064432347
Q105640881	6000000211667814846
Q105640885	6000000077295069849
Q105640891	6000000177801916861
Q105640892	5095533926220070894
Q105640893	6000000041967537555
Q105640894	6000000079474801844
Q105640896	6000000077294813024
Q105640899	6000000015660576813
Q105640902	6000000041967649118
Q105640904	6000000039690100287
Q105640905	6000000016203422451
Q105640906	6000000093831294881
Q105640907	6000000093827612247
Q105640909	6000000043196533907
Q105640911	6000000022824540056
Q105640912	6000000060399998930
Q105640913	6000000025154467565
Q105640914	6000000057139054261
Q105640918	6000000035887053824
Q105640920	6000000123256817825
Q105640925	6000000078098716240
Q105640927	6000000018305573910
Q105640933	6000000144708079857
Q105640935	6000000060399752930
Q105640936	6000000123257543834
Q105640937	6000000060411444841
Q105640938	6000000060411555859
Q105640939	6000000131306605877
Q105640942	6000000048390842870
Q105640943	6000000043817084981
Q105640944	6000000043850841030
Q105640945	6000000035886840230
Q105640946	6000000022359962503
Q105640947	6000000077071994977
Q105640948	6000000021820239884
Q105640950	6000000032592946885
Q105640951	6000000043851898110
Q105640952	6000000043813658389
Q105640953	6000000048554883870
Q105640955	6000000109040426857
Q105640959	6000000016885706198
Q105640960	6000000048051556898
Q105640965	6000000060337926957
Q105640970	6000000033261895474
Q105640971	6000000047804590926
Q105640974	6000000018405309387
Q105640976	6000000048672701948
Q105640977	6000000040617146475
Q105640979	6000000048554571999
Q105640980	6000000043810521326
Q105640982	6000000048751700966
Q105640987	6000000022359560357
Q105640988	6000000043851505484
Q105640990	6000000048692623888
Q105640992	6000000032589638130
Q105640993	6000000048013038539
Q105640995	6000000048284847241
Q105640997	6000000033262241188
Q105640999	6000000033261707448
Q105641000	6000000047731239187
Q105641001	6000000048322540859
Q105641002	6000000032589965180
Q105641004	6000000047851281886
Q105641005	6000000032591800940
Q105641006	6000000060349265821
Q105641007	6000000043818125111
Q105641008	6000000032589527141
Q105641011	6000000032589266586
Q105641012	6000000043848986331
Q105641015	6000000042395216009
Q105641018	6000000008527294972
Q105641020	6000000048013808873
Q105641022	6000000022283047679
Q105641023	6000000043818964873
Q105641025	6000000020735493194
Q105641028	6000000032589248533
Q105641030	6000000042442866699
Q105641032	6000000020735404504
Q105641034	6000000040617453984
Q105641037	6000000109040168933
Q105641040	6000000032590194054
Q105641041	6000000023979937980
Q105641043	6000000008527598720
Q105641044	6000000021410537735
Q105641045	6000000020414176846
Q105641046	6000000021410488200
Q105641047	6000000015299792189
Q105641049	6000000186589206822
Q105641054	4315883662660030407
Q105641059	6000000014320128778
Q105641062	6000000101610319844
Q105641066	6000000101610897822
Q105641067	6000000138112771907
Q105641070	6000000075279483876
Q105641073	6000000138112913853
Q105641076	6000000054536951946
Q105641079	6000000138113732977
Q105641081	6000000052481222235
Q105641083	6000000072568315110
Q105641091	6000000132007386842
Q105641101	6000000132006996018
Q105641102	6000000201125023836
Q105641103	6000000132006883846
Q105641115	6000000131757070040
Q105641128	6000000178202412877
Q105641132	6000000079460075018
Q105641135	6000000129377269932
Q105641139	6000000200494209845
Q105641145	6000000178271006822
Q105641148	6000000137138749823
Q105641159	6000000040471005892
Q105641161	6000000019654467176
Q105641162	6000000043354915513
Q105641163	6000000043350501398
Q105641166	6000000020471454944
Q105641168	6000000014863124671
Q105641170	6000000146725343851
Q105641173	6000000019654582454
Q105641178	6000000146501741900
Q105641181	6000000022158763537
Q105641182	6000000146538407822
Q105641185	6000000022158801364
Q105641188	6000000146537982822
Q105641189	6000000138556857293
Q105641190	6000000138558845929
Q105641192	6000000146501825907
Q105641195	6000000020166575200
Q105641202	6000000129091791845
Q105641203	6000000129090790985
Q105641206	6000000185430228975
Q105641208	6000000185453369929
Q105641211	6000000018477737692
Q105641212	6000000036443465923
Q105641213	6000000018477813570
Q105641215	6000000180962746830
Q105641216	6000000043279091099
Q105641217	6000000025220375507
Q105641218	6000000030852051810
Q105641219	6000000033547810769
Q105641220	6000000034843350225
Q105641221	6000000078004411160
Q105641223	6000000175752381844
Q105641225	6000000030852392093
Q105641228	6000000052634351970
Q105641233	6000000043278859464
Q105641236	6000000043279130945
Q105641242	6000000051264765821
Q105641244	6000000051263744859
Q105641246	6000000051263779836
Q105641257	6000000122558791990
Q105641258	6000000122558901943
Q105641259	6000000034142310476
Q105641260	6000000043605752160
Q105641262	6000000036774353318
Q105641272	6000000191955113833
Q105641273	6000000071610437227
Q105641276	6000000069145437141
Q105641278	6000000068898737897
Q105641280	6000000164650969025
Q105641281	6000000018543478763
Q105641285	6000000015332396093
Q105641286	6000000034106310516
Q105641287	6000000021120367450
Q105641288	6000000185477637863
Q105641291	6000000064119068889
Q105641292	6000000064119050905
Q105641293	6000000037138340924
Q105641294	6000000064119293885
Q105641295	6000000092268775997
Q105641298	6000000009833335609
Q105641300	6000000185467560000
Q105641302	6000000028496890698
Q105641307	6000000034936248252
Q105641309	6000000078060646402
Q105641315	6000000043225868215
Q105641316	6000000043226336392
Q105641317	6000000024971647909
Q105641318	6000000024971657089
Q105641322	6000000159829787822
Q105641325	6000000019752012232
Q105641329	6000000023725588534
Q105641330	6000000182555492856
Q105641332	6000000025498390109
Q105641338	6000000181990113821
Q105641339	6000000180004792878
Q105641340	6000000180005177885
Q105641341	6000000020547465308
Q105641342	6000000098790329823
Q105641343	6000000032085149340
Q105641344	6000000102332933834
Q105641346	6000000020547809510
Q105641347	6000000020547997002
Q105641348	6000000102331395112
Q10564135	6000000022318563290
Q105641350	6000000102333010839
Q105641351	6000000089261245914
Q105641352	6000000098793002838
Q105641353	6000000020547914208
Q105641354	6000000069979882873
Q105641355	6000000020547890193
Q105641356	6000000180006320836
Q105641357	6000000020547279496
Q105641358	6000000032085082479
Q105641359	6000000069979796861
Q105641361	6000000208636821824
Q105641365	6000000069981554835
Q105641367	6000000069981600868
Q105641368	6000000032085395985
Q105641369	6000000020547082645
Q105641371	6000000020547570991
Q105641372	6000000020557514302
Q105641375	6000000069980044017
Q105641377	6000000020548032963
Q105641379	6000000020547503061
Q105641380	6000000180004997854
Q105641381	6000000069980399883
Q105641382	6000000020547263282
Q105641383	6000000020557554177
Q105641384	6000000164292902923
Q105641389	6000000191957570867
Q105641397	6000000017477869324
Q105641399	6000000006864860357
Q105641400	6000000006873114169
Q105641406	6000000065534224955
Q105641411	6000000013145777263
Q105641412	6000000006873114027
Q105641413	6000000006873114010
Q105641416	6000000006864861000
Q105641427	6000000006873114032
Q105641431	6000000006873114174
Q105641432	6000000006873114036
Q105641435	6000000006864860967
Q105641436	6000000013753631187
Q105641439	6000000100926382844
Q105641440	6000000013753724040
Q105641444	6000000013753641078
Q105641445	6000000013753719029
Q105641449	6000000013753735041
Q105641450	6000000025619119087
Q105641452	6000000025619146130
Q105641453	6000000025619197383
Q105641454	6000000058338715068
Q105641456	6000000092916881852
Q105641461	6000000013028788499
Q105641462	6000000013753632100
Q105641465	6000000013753700072
Q105641467	6000000013753624105
Q105641469	6000000029574022257
Q105641471	6000000179222782881
Q105641485	6000000116951359866
Q105641490	6000000021289073246
Q105641492	6000000042863239158
Q105641497	6000000033986894270
Q105641498	6000000107829172870
Q105641499	6000000043151148506
Q105641502	6000000044424383935
Q105641503	6000000021118452623
Q105641505	6000000021119103188
Q105641508	6000000107828904889
Q105641513	6000000056764813111
Q105641514	6000000159834558844
Q105641515	6000000159832604859
Q105641516	6000000103284801113
Q105641517	6000000103429393949
Q105641519	6000000103516239859
Q105641521	6000000103227133844
Q105641522	6000000103277775234
Q105641523	6000000103226368163
Q105641524	6000000103285365910
Q105641525	6000000114071219851
Q105641527	6000000103284056841
Q105641529	6000000103278106093
Q105641531	6000000076937134200
Q105641533	6000000103226838864
Q105641535	6000000103226985157
Q105641536	6000000096992268063
Q105641537	6000000096992834925
Q105641539	6000000019472640050
Q105641540	6000000103502468847
Q105641541	6000000103226534928
Q105641542	6000000054110324845
Q105641543	6000000019472320531
Q105641549	6000000096992861930
Q105641550	6000000096991667180
Q105641552	6000000169683200858
Q105641555	6000000026148144979
Q105641556	6000000147000405076
Q105641558	6000000025903746375
Q105641559	6000000026148340096
Q105641560	6000000146999021938
Q105641561	6000000147001577848
Q105641565	6000000083065627319
Q105641567	6000000083067315944
Q105641572	6000000083068015850
Q105641574	6000000201003172850
Q105641575	6000000184094789821
Q105641585	6000000011698678652
Q105641587	6000000050919551932
Q105641588	6000000066394704901
Q105641589	6000000024668159332
Q105641593	6000000080501477453
Q105641597	6000000003032222468
Q105641599	6000000000504757119
Q105641601	6000000031381951941
Q105641603	6000000019556693755
Q105641608	6000000075477992296
Q105641610	6000000017291526568
Q105641611	6000000015061019606
Q105641618	6000000135308616842
Q105641620	6000000178758330824
Q105641643	6000000019442392696
Q105641884	6000000108677125821
Q105641887	6000000091388425863
Q105641893	6000000198861699921
Q105641895	6000000020650427196
Q105641897	6000000177988778828
Q105641898	6000000064060827821
Q105641908	6000000118152546826
Q105641913	6000000017904482149
Q105641918	6000000037250318134
Q105641919	6000000174190024919
Q105641923	6000000062460027836
Q105641924	6000000178429893886
Q105641933	6000000023401205285
Q105641935	6000000003614661362
Q105641937	6000000021124433970
Q105641944	6000000019946564010
Q105641948	6000000017413672725
Q105641950	6000000008402708868
Q105641951	6000000013883393048
Q105641954	6000000179347865859
Q105641958	6000000002488805372
Q105641963	6000000021475413577
Q105641967	6000000068557915851
Q105641968	6000000026026284723
Q105641971	6000000082456213880
Q105641975	6000000017364909319
Q105641976	6000000074356990921
Q105641977	6000000029660928497
Q105641978	6000000020404886879
Q105641984	6000000020111382749
Q105641985	6000000022360327196
Q105641986	6000000020679612286
Q105641988	6000000076809076440
Q105641989	6000000100780536966
Q105641990	6000000037401413795
Q105641993	6000000017682675675
Q105641994	6000000068774578844
Q105641995	6000000017046881254
Q105641996	6000000034430852479
Q105641997	6000000151567063833
Q105641998	6000000067553121829
Q105641999	6000000072042625334
Q105642001	6000000048464017522
Q105642002	6000000181828414821
Q105642003	6000000021548793048
Q105642005	6000000181828420826
Q105642006	6000000032803727919
Q105642008	6000000173734041002
Q105642010	6000000053485621837
Q105642013	6000000052626490845
Q105642016	6000000036469465353
Q105642020	6000000015612909050
Q105642021	6000000020304405466
Q105642027	6000000042463469913
Q105642029	6000000039387933061
Q105642030	6000000022955070268
Q105642031	6000000017827401837
Q105642036	6000000141897753841
Q105642039	6000000016871810092
Q105642043	6000000013194925215
Q105642045	6000000021806909990
Q105642051	6000000065884348821
Q105642054	6000000083366778999
Q105642057	6000000186335215830
Q105642060	6000000025649789834
Q105642062	6000000156527745858
Q105642066	6000000013618291597
Q105642067	6000000047661750846
Q105642068	6000000177111112821
Q105642072	6000000062559867166
Q105642073	6000000020822824866
Q105642081	6000000084100603223
Q105642086	6000000035523221993
Q105642089	6000000014150919781
Q105642090	6000000081852463513
Q105642091	6000000031853661192
Q105642094	6000000042440354950
Q105642095	6000000014853269070
Q105642097	6000000077248241684
Q105642098	6000000034141905782
Q105642100	6000000099602402933
Q105642101	6000000013991585187
Q105642105	6000000014948153988
Q105642106	6000000166546525837
Q105642107	6000000078026145083
Q105642110	6000000190343727822
Q105642113	6000000173648896640
Q105642116	6000000180792790858
Q105642120	6000000031996648019
Q105642121	6000000015393653351
Q105642124	6000000149554811821
Q105642128	6000000191035342884
Q105642131	6000000080630994469
Q105642132	6000000002765685653
Q105642135	6000000090064944920
Q105642143	6000000202238928851
Q105642144	6000000019008896363
Q105642145	6000000187233463914
Q105642148	6000000123768435848
Q105642150	6000000174135091935
Q105642151	6000000028181881749
Q105642153	6000000100960999828
Q105642159	6000000018445412202
Q105642160	6000000077076180111
Q105642163	6000000181221263855
Q105642168	6000000072037951938
Q105642169	6000000014714858635
Q105642171	6000000019751453604
Q105642181	6000000015445934962
Q105642190	6000000015455242377
Q105642195	6000000073983765833
Q105642197	6000000015446459026
Q105642199	6000000029917089311
Q105642201	6000000198870933965
Q105642202	6000000040384175427
Q105642207	6000000017808650165
Q105642209	6000000082975845894
Q105642212	6000000018439325818
Q105642215	6000000198693635835
Q105642216	6000000186248722141
Q105642221	6000000021715661495
Q105642228	6000000016885685505
Q105642230	6000000038675340666
Q105642232	6000000043234925599
Q105642236	6000000020547320664
Q105642237	6000000022971326030
Q105642241	6000000029679366906
Q105642249	6000000071300488853
Q105642250	6000000158033486822
Q105642255	6000000017340288290
Q105642263	6000000092197456875
Q105642264	6000000023240522298
Q105642270	6000000079322323845
Q105642272	6000000103496082925
Q105642276	6000000042597532988
Q105642277	6000000199354945835
Q105642278	6000000193633821859
Q105642281	6000000111605280829
Q105642286	6000000207617020825
Q105642296	6000000139188030845
Q105642297	6000000024225363041
Q105642304	6000000077193764958
Q105642306	6000000000084324327
Q105642314	6000000102191313845
Q105642316	6000000084864318124
Q105642319	6000000149891794189
Q105642325	6000000007336644944
Q105642327	6000000087898533936
Q105642328	6000000023128231626
Q105642335	6000000071565248980
Q105642338	6000000004662621144
Q105642339	6000000020301120911
Q105642340	6000000082857511934
Q105642341	6000000079432584946
Q105642347	6000000043815966848
Q105642349	6000000047036861863
Q105642350	6000000202791989843
Q105642352	6000000195550532821
Q105642356	6000000065487696826
Q105642365	6000000014883406088
Q105642366	6000000028832362439
Q105642367	6000000012401299245
Q105642369	6000000040391565010
Q105642371	6000000030000633015
Q105642376	6000000016226596218
Q105642377	6000000014340640170
Q105642381	6000000047027753913
Q105642382	6000000025263801060
Q105642390	6000000025403104642
Q105642392	6000000023008758585
Q105642393	6000000035068925196
Q105642394	6000000011016671552
Q105642398	6000000043683774199
Q105642400	6000000028182123715
Q105642405	6000000058216699043
Q105642411	6000000033924327295
Q105642413	6000000034197791822
Q105642420	6000000024386752109
Q105642426	6000000012135564359
Q105642438	6000000190979775828
Q105642443	6000000014064768039
Q105642445	6000000018530516529
Q105642446	6000000052006799921
Q105642448	6000000108605615042
Q105642450	6000000174473591483
Q105642455	6000000023914106671
Q105642456	6000000047708699833
Q105642458	6000000032688362149
Q105642459	6000000035067909725
Q105642460	6000000107043790821
Q105642461	6000000039485654878
Q105642462	6000000207342206830
Q105642463	6000000027431147293
Q105642468	6000000073020214849
Q105642470	6000000004949066120
Q105642474	6000000069207399821
Q105642475	6000000025999335869
Q105642477	6000000060482916848
Q105642478	6000000019555695348
Q105642481	6000000047492349083
Q105642483	6000000070186483861
Q105642487	6000000063532104245
Q105642495	6000000036946669115
Q105642496	6000000204719049826
Q105642497	6000000058750766112
Q105642498	6000000016199408714
Q105642500	6000000044457170899
Q105642502	6000000013299675580
Q105642510	6000000082898373094
Q105642511	6000000016518289610
Q105642518	6000000046405562209
Q105642520	6000000055803809898
Q105642526	6000000085361704878
Q105642530	6000000069577557987
Q105642543	6000000082311230920
Q105642545	6000000101036971823
Q105642554	6000000098283555122
Q105642558	6000000091686792104
Q105642560	6000000019602422786
Q105642561	6000000071262795967
Q105642562	6000000024628200859
Q105642569	6000000016754677542
Q105642572	6000000021065891437
Q105642575	6000000188660446864
Q105642576	6000000085847583869
Q105642577	6000000085847849822
Q105642578	6000000016373988545
Q10564258	6000000014042433326
Q105642589	6000000026622083383
Q10564259	6000000014042520931
Q105642590	6000000201152208822
Q105642591	6000000050940679864
Q105642594	6000000015455486415
Q105642596	6000000015455487475
Q105642597	6000000015455486420
Q105642598	6000000050940439861
Q105642600	6000000037723207191
Q105642601	6000000024364915697
Q105642603	6000000024364933803
Q105642604	6000000085847634821
Q105642605	6000000015762164255
Q105642606	6000000073074132898
Q105642608	6000000157260848028
Q105642613	6000000080636426520
Q105642614	6000000080636476514
Q105642625	6000000171977035212
Q105642626	6000000171977283320
Q105642627	6000000009440567208
Q105642629	6000000040251307499
Q105642635	6000000021423851121
Q105642638	6000000018801238471
Q105642642	6000000177642135861
Q105642643	6000000177640376959
Q105642644	6000000095413045735
Q105642646	6000000095421173824
Q105642652	6000000180728231906
Q105642653	6000000180732964919
Q105642656	6000000017296151462
Q105642657	6000000002350926924
Q105642658	6000000002021187705
Q105642659	6000000002350937788
Q105642660	6000000002351208281
Q105642661	6000000185443832831
Q105642662	6000000043356740418
Q105642664	6000000072803970032
Q105642665	6000000072803843004
Q105642666	6000000033645443190
Q105642667	6000000037145383847
Q105642669	4743910064990080186
Q105642670	6000000083343141998
Q105642671	6000000047558897021
Q105642673	6000000086776782871
Q105642674	6000000034237534241
Q105642675	6000000031024613454
Q105642677	6000000037888189857
Q105642678	6000000037887930983
Q105642680	6000000022026120470
Q105642681	6000000124428255821
Q105642682	6000000029599412356
Q105642683	6000000029599326493
Q105642684	6000000011870226312
Q105642685	6000000067889274867
Q105642692	6000000017015472777
Q105642694	6000000111895030941
Q105642696	6000000077288422971
Q105642699	6000000039128646202
Q105642701	6000000039128747987
Q105642702	6000000051064735942
Q105642703	6000000067581333853
Q105642704	6000000067577632835
Q105642706	6000000067577632830
Q105642707	6000000014301762329
Q105642709	6000000016436039767
Q105642711	6000000090225306927
Q105642712	6000000025002025151
Q105642715	6000000032951646486
Q105642717	6000000069694989894
Q105642718	6000000043228867830
Q105642719	6000000072091625935
Q105642720	6000000042947540978
Q105642721	6000000030110436827
Q105642724	6000000184921450883
Q105642725	6000000018615189273
Q105642729	6000000077288124218
Q105642738	6000000019197042462
Q105642739	6000000019196999990
Q105642740	6000000015116689160
Q105642742	6000000206314363828
Q105642744	6000000207219388857
Q105642746	6000000022479324851
Q105642748	6000000074087755837
Q105642750	6000000018240180392
Q105642751	6000000046083873938
Q105642754	6000000015895343293
Q105642758	6000000046086760877
Q105642759	6000000026907288426
Q105642760	6000000015706600224
Q105642761	6000000056216521810
Q105642762	6000000015706417912
Q105642763	6000000056217080571
Q105642764	6000000015706902171
Q105642765	6000000017718995376
Q105642767	6000000017163182949
Q105642768	6000000019268260911
Q105642770	6000000021225369959
Q105642771	6000000018826222720
Q105642773	6000000017718586730
Q105642774	6000000017718780457
Q105642777	6000000088726535999
Q105642779	6000000033484953411
Q105642781	6000000096574921821
Q105642783	6000000007464606205
Q105642784	6000000021618543986
Q105642785	6000000021618298647
Q105642786	6000000021541452789
Q105642787	6000000022144242015
Q105642788	6000000110221772955
Q105642790	6000000021345880128
Q105642791	6000000021951490949
Q105642792	6000000021951660576
Q105642794	6000000022158560307
Q105642798	6000000020725908085
Q105642799	6000000110221758906
Q105642800	6000000143248783923
Q105642803	6000000072420148044
Q105642806	6000000076744268136
Q105642807	6000000142661071878
Q105642809	6000000065213905012
Q105642815	3169158
Q105642817	6000000019075855328
Q105642821	6000000034695766102
Q105642822	6000000034695760065
Q105642824	6000000018003439742
Q105642825	6000000083636498774
Q105642826	6000000109072215886
Q105642827	6000000036849790057
Q105642829	6000000065134780879
Q105642831	6000000025984118993
Q105642832	6000000048652653247
Q105642833	6000000085049846072
Q105642834	6000000173017353409
Q105642835	6000000079102447895
Q105642836	6000000033625099567
Q105642837	6000000033624745522
Q105642838	6000000013146474460
Q105642843	6000000016339607401
Q105642846	6000000096352066146
Q105642848	6000000096355535994
Q105642849	6000000195892528843
Q105642851	6000000075046093838
Q105642852	6000000075046184821
Q105642853	6000000022778370975
Q105642854	6000000008969363706
Q105642857	6000000022778277229
Q105642858	6000000083810029506
Q105642860	6000000020624344756
Q105642862	6000000030022946987
Q105642863	6000000085114604068
Q105642864	6000000030022956022
Q105642867	6000000030022876965
Q105642868	6000000199998111982
Q105642870	6000000014894481530
Q105642872	6000000080247854954
Q105642877	6000000070397587642
Q105642879	6000000037692440057
Q105642880	6000000047067664056
Q105642882	6000000047068832823
Q105642883	6000000017731927209
Q105642885	6000000041152577487
Q105642887	6000000015895412530
Q105642889	6000000045477429007
Q105642893	6000000090811228934
Q105642894	6000000177948958843
Q105642897	6000000085081988899
Q105642900	6000000063438875861
Q105642901	6000000063439034871
Q105642903	6000000103361307060
Q105642905	6000000176615359831
Q105642906	6000000176614972836
Q105642908	6000000090808726784
Q105642909	6000000010935275165
Q105642910	6000000016844485574
Q105642912	6000000077575661823
Q105642913	6000000030850862082
Q105642914	6000000040665662412
Q105642915	6000000040666381974
Q105642916	6000000038456008531
Q105642917	6000000192762211884
Q105642918	6000000189479397888
Q105642923	6000000017753226310
Q105642924	6000000019148780917
Q105642925	6000000043149534230
Q105642926	6000000045746677854
Q105642927	6000000047758818072
Q105642929	6000000045746555983
Q105642931	6000000045746299245
Q105642932	6000000014926515164
Q105642933	6000000085390056837
Q105642934	6000000071312536028
Q105642936	6000000081463259950
Q105642937	6000000018789670759
Q105642939	6000000077323736664
Q105642940	6000000077325238851
Q105642941	6000000077324919925
Q105642943	6000000014548241206
Q105642944	6000000037723230378
Q105642945	6000000016952278763
Q105642946	6000000015433334244
Q105642947	6000000005381360794
Q105642949	6000000005381220960
Q105642950	6000000078847417990
Q105642954	6000000170726547071
Q105642955	6000000170726943942
Q105642956	6000000081075276823
Q105642958	6000000010887990106
Q105642959	6000000021597563767
Q105642960	6000000036241914711
Q105642961	6000000122422396848
Q105642963	6000000184083319898
Q105642964	6000000036179985842
Q105642965	6000000015886403914
Q105642966	6000000071733578542
Q105642967	6000000002388834807
Q105642968	6000000077415949821
Q105642969	6000000073356392238
Q105642972	6000000015242342419
Q105642974	6000000071734136890
Q105642975	6000000122422258860
Q105642978	6000000016135464273
Q105642980	6000000017632865686
Q105642981	6000000032397699181
Q105642983	6000000031023492396
Q105642986	6000000024207912687
Q105642988	6000000038024016236
Q105642990	6000000112228203977
Q105642991	6000000112230315949
Q105642993	6000000112229102835
Q105642996	6000000112228461930
Q105642997	6000000112230435882
Q105642998	6000000016598436453
Q105642999	6000000016597833128
Q105643000	6000000016597815016
Q105643003	6000000018516555919
Q105643005	6000000124483796821
Q105643006	6000000107618471899
Q105643009	6000000003538575086
Q105643010	6000000078568521941
Q105643011	6000000025057982079
Q105643013	6000000078567890407
Q105643014	6000000025057881546
Q105643018	6000000014506108756
Q105643020	6000000206313650868
Q105643021	6000000081133613100
Q105643022	6000000026379416440
Q105643024	6000000081129778957
Q105643025	6000000195442814821
Q105643027	6000000085452045823
Q105643029	6000000028217465177
Q105643030	6000000173314870843
Q105643033	6000000014827288662
Q105643034	6000000025460507765
Q105643035	6000000025967652782
Q105643036	6000000181700652836
Q105643037	6000000037493505012
Q105643040	6000000012617707382
Q105643041	6000000011356136731
Q105643043	6000000026714344922
Q105643044	6000000026063661942
Q105643046	6000000023548620854
Q105643047	6000000016317728768
Q105643048	6000000012423112368
Q105643051	6000000082827181411
Q105643054	6000000050634303285
Q105643056	6000000142032603991
Q105643057	6000000044267498824
Q105643062	6000000018368317185
Q105643063	6000000018367748872
Q105643068	6000000001364372722
Q105643069	6000000015433082741
Q105643074	6000000086087325877
Q105643075	6000000086087452878
Q105643078	6000000076856798833
Q105643079	6000000077765086827
Q105643080	6000000077735419657
Q105643081	6000000076856890058
Q105643084	6000000034980416814
Q105643086	6000000019569087347
Q105643088	6000000019571877131
Q105643099	6000000101649118825
Q105643100	6000000017044263415
Q105643102	6000000015108135414
Q105643103	6000000013752504765
Q105643107	6000000067653918470
Q105643115	6000000065636953225
Q105643117	6000000215369772852
Q105643120	6000000042845583165
Q105643122	6000000074759806885
Q105643130	6000000065637746963
Q105643133	6000000036895877670
Q105643135	6000000006951756418
Q105643140	6000000180976405824
Q105643143	6000000180976338824
Q105643152	6000000116844427939
Q105643156	6000000116844557900
Q105643159	6000000116844917841
Q105643161	6000000116843860066
Q105643164	6000000034135760452
Q105643167	6000000034136510021
Q105643168	6000000034136628854
Q105643172	6000000042846159871
Q105643174	6000000074759351305
Q105643175	6000000082646262023
Q105643176	6000000156799058828
Q105643177	6000000020529446192
Q105643178	6000000024503629912
Q105643179	6000000156800282832
Q105643181	6000000022578789243
Q105643183	6000000069999092900
Q105643185	6000000080907275839
Q105643186	6000000069999131049
Q105643187	6000000026335252570
Q105643188	6000000100448431821
Q105643190	6000000100452948833
Q105643191	6000000081736077985
Q105643192	6000000081736101147
Q105643193	311743332450006495
Q105643194	6000000019788169073
Q105643195	6000000019360689078
Q105643197	6000000019078184851
Q105643199	6000000020031317130
Q105643201	6000000020028503934
Q105643202	6000000019788020274
Q105643205	6000000016250116401
Q105643206	6000000020031159559
Q105643208	6000000079306062955
Q105643213	6000000003310404335
Q105643214	6000000003310298621
Q105643216	6000000043978977833
Q105643217	6000000042598980963
Q105643218	6000000015977127712
Q105643219	6000000041289625099
Q105643221	6000000015820083641
Q105643222	6000000078357662193
Q105643223	6000000043208629992
Q105643224	6000000015977110399
Q105643225	6000000014767787866
Q105643226	6000000018087849077
Q105643227	6000000030751996061
Q105643228	6000000030751896417
Q105643229	6000000030733112290
Q105643231	6000000074657522912
Q105643232	6000000074657456948
Q105643236	6000000036258226912
Q105643237	6000000023060638938
Q105643249	6000000015331214580
Q105643250	6000000015331944029
Q105643251	6000000015331652578
Q105643255	6000000049079192885
Q105643256	6000000049078981979
Q105643257	6000000049078847152
Q105643259	6000000024612952119
Q105643262	6000000084127691085
Q105643263	6000000081973279144
Q105643264	6000000071209888821
Q105643266	6000000036879540977
Q105643268	6000000021631959253
Q105643269	6000000021632069870
Q105643270	6000000036879693907
Q105643272	6000000039969905875
Q105643277	6000000106875346005
Q105643280	6000000095740903105
Q105643281	6000000132489488008
Q105643282	6000000019658261370
Q105643284	6000000016231050520
Q105643285	6000000066271430893
Q105643286	6000000042629665432
Q105643292	6000000029698062919
Q105643293	6000000029697891572
Q105643294	6000000071054505848
Q105643295	6000000089171727841
Q105643296	6000000023823015863
Q105643297	6000000071056369964
Q105643298	6000000043219205243
Q105643300	6000000014716337120
Q105643381	6000000027779847350
Q105643388	6000000175313232846
Q105643389	6000000173582517156
Q105643391	6000000139621929000
Q105643393	6000000009607538295
Q105643394	359348380790012271
Q105643395	359350123960001806
Q105643396	6000000015761942280
Q105643397	6000000049245284845
Q105643399	359347231690010835
Q105643400	6000000019260642949
Q105643401	6000000016170189689
Q105643402	6000000017315966009
Q105643403	6000000089481711909
Q105643404	6000000089481033092
Q105643405	6000000020354397887
Q105643406	6000000078964455850
Q105643408	6000000096132819878
Q105643411	6000000034498609550
Q105643412	6000000034498626151
Q105643413	6000000022368866409
Q105643414	6000000022370321688
Q105643415	6000000034498729427
Q105643417	6000000088128444906
Q105643420	6000000083776994209
Q105643421	6000000017681043478
Q105643422	5701411484820116035
Q105643423	6000000025438401147
Q105643424	6000000015818960164
Q105643427	6000000075653544057
Q105643428	6000000075653843880
Q105643431	6000000086381942191
Q105643432	6000000025424861982
Q105643433	6000000025425003858
Q105643434	6000000057755872829
Q105643438	6000000021494491047
Q105643439	6000000018369252017
Q105643440	6000000061507874836
Q105643441	6000000021320283801
Q105643442	6000000086381095892
Q105643443	6000000021715743985
Q105643446	6000000021319679626
Q105643447	6000000022131023670
Q105643448	6000000029695485917
Q105643450	6000000041013740909
Q105643451	6000000022131137514
Q105643452	6000000021320800084
Q105643455	6000000017815733182
Q105643456	6000000022131381538
Q105643457	6000000021746123164
Q105643458	6000000015795662417
Q105643460	6000000001634673888
Q105643461	6000000023301825133
Q105643464	6000000034526908950
Q105643465	6000000023302126920
Q105643466	6000000028930861268
Q105643472	6000000014360269103
Q105643473	6000000027681839705
Q105643474	6000000014351197992
Q105643475	6000000027681839713
Q105643478	6000000041662607411
Q105643481	6000000079879366994
Q105643482	6000000018444765526
Q105643483	6000000072852994851
Q105643487	6000000072853109842
Q105643489	6000000009033448023
Q105643490	6000000063984922823
Q105643491	6000000041117940529
Q105643492	6000000063978838943
Q105643493	6000000199736685842
Q105643494	6000000199735206821
Q105643495	6000000030655330967
Q105643496	6000000030655072101
Q105643500	6000000034788837595
Q105643501	6000000034789918981
Q105643502	6000000034767156215
Q105643503	6000000035784253528
Q105643505	6000000037604905213
Q105643507	6000000011608870610
Q105643511	6000000018998651888
Q105643513	6000000019000084512
Q105643522	6000000091633592822
Q105643525	6000000183088056854
Q105643527	6000000014272998835
Q105643528	6000000020087231248
Q105643536	6000000014753597083
Q105643537	6000000082070377833
Q105643539	6000000037472075889
Q105643540	6000000082070687909
Q105643542	6000000082069514212
Q105643543	6000000024170800177
Q105643544	6000000024170961902
Q105643545	6000000182700337824
Q105643547	6000000088744124880
Q105643550	6000000088736534839
Q105643552	6000000028828066541
Q105643554	6000000022851064705
Q105643558	6000000023782050907
Q105643559	6000000086760903118
Q105643561	6000000023782000144
Q105643563	6000000040648049619
Q105643564	6000000040648266552
Q105643565	6000000040646700552
Q105643566	6000000016462936551
Q105643567	6000000081373779982
Q105643569	6000000103682989883
Q105643570	6000000023869809057
Q105643571	6000000076803634695
Q105643572	6000000103683033853
Q105643573	6000000078222034209
Q105643574	6000000017118121920
Q105643575	6000000078222886832
Q105643578	6000000017117211593
Q105643581	6000000019124218182
Q105643582	6000000039120546860
Q105643583	6000000016463810080
Q105643584	6000000077807796856
Q105643585	6000000023869985832
Q105643587	6000000035931919258
Q105643588	6000000175713500854
Q105643589	6000000012687232240
Q105643590	6000000012687217337
Q105643591	6000000049455044910
Q105643593	6000000199526622899
Q105643594	6000000070976938929
Q105643595	6000000047890588833
Q105643596	6000000070642725016
Q105643598	6000000047884153953
Q105643599	6000000070633976931
Q105643600	6000000070644680292
Q105643602	6000000027469145982
Q105643608	6000000152473009910
Q105643609	6000000152473547850
Q105643611	6000000019023647049
Q105643612	6000000019023566260
Q105643615	6000000022423074001
Q105643616	6000000041229913431
Q105643618	6000000072395118825
Q105643620	6000000031023541397
Q105643628	6000000015881254642
Q105643629	6000000022176663580
Q105643630	6000000073831588827
Q105643631	6000000073831543039
Q105643632	6000000031059826505
Q105643634	6000000009699532245
Q105643635	6000000009699456279
Q105643636	6000000112827336929
Q105643637	6000000009699295577
Q105643638	6000000009576668308
Q105643639	6000000085675398836
Q105643640	6000000172109002274
Q105643641	6000000036381581512
Q105643642	6000000036382439141
Q105643643	6000000095640387223
Q105643644	6000000071008487110
Q105643646	6000000074801149221
Q105643647	6000000012535003756
Q105643648	6000000031376547184
Q105643651	6000000019275594442
Q105643652	6000000019275292408
Q105643654	6000000183236489835
Q105643655	6000000019899919476
Q105643656	6000000018769399319
Q105643657	6000000018780582581
Q105643658	6000000072061145271
Q105643659	6000000146806477853
Q105643661	6000000202765136825
Q105643662	6000000072061502843
Q105643665	6000000146805742038
Q105643666	6000000084812138032
Q105643667	6000000123067900921
Q105643668	6000000146790363998
Q105643671	6000000110843266821
Q105643677	6000000072233916911
Q105643678	6000000213372438833
Q105643679	6000000080604818109
Q105643680	6000000069712787841
Q105643681	6000000072233381361
Q105643682	6000000066112252980
Q105643685	6000000066115762856
Q105643686	6000000019309306299
Q105643687	6000000133689111845
Q105643690	6000000034406372822
Q105643691	6000000066115455869
Q105643694	6000000075643224363
Q105643695	6000000075644970223
Q105643696	6000000065638295836
Q105643697	6000000065637674386
Q105643699	6000000072233624052
Q105643702	6000000072233175540
Q105643704	6000000164652341937
Q105643706	6000000115820584829
Q105643707	6000000015329451532
Q105643712	6000000087819523967
Q105643714	6000000034459435981
Q105643715	6000000087819253972
Q105643716	6000000051443954052
Q105643719	6000000169592458965
Q105643720	6000000042037731202
Q105643721	6000000034538407938
Q105643723	6000000041212755974
Q105643724	6000000077434241556
Q105643725	6000000041213035645
Q105643726	6000000041213689914
Q105643727	6000000071768642090
Q105643733	6000000032433474029
Q105643734	6000000025875134928
Q105643735	6000000025875199313
Q105643737	6000000025874951595
Q105643738	6000000015795928603
Q105643739	6000000080119102940
Q105643740	6000000023529529913
Q105643741	6000000028925098086
Q105643744	6000000058149990321
Q105643745	6000000018655343354
Q105643746	6000000024902888407
Q105643747	6000000031633168852
Q105643749	6000000031632241898
Q105643750	6000000021142902556
Q105643751	6000000063439277875
Q105643753	6000000061094349016
Q105643754	6000000057360605906
Q105643755	6000000059425650873
Q105643756	6000000015116893882
Q105643758	6000000024338421418
Q105643759	6000000058507611870
Q105643760	6000000018513935617
Q105643762	6000000084995377559
Q105643763	6000000084995508559
Q105643764	6000000019932869094
Q105643767	6000000084996475111
Q105643769	6000000084995255764
Q105643770	6000000052493430079
Q105643772	6000000037761368337
Q105643773	6000000197476729879
Q105643774	6000000040596402067
Q105643777	6000000208891489832
Q105643779	6000000027619296945
Q105643781	6000000035784756233
Q105643786	6000000040597104900
Q105643788	6000000093061536874
Q105643789	6000000074665445879
Q105643790	6000000198031286846
Q105643791	6000000051513033662
Q105643792	6000000051514452944
Q105643793	6000000212440179834
Q105643795	6000000070983870196
Q105643796	6000000181721579832
Q105643799	6000000016999722080
Q105643805	6000000015912112155
Q105643807	6000000030246017540
Q105643808	6000000016176314487
Q105643812	6000000074904899205
Q105643813	6000000017614087029
Q105643814	6000000017613844652
Q105643815	6000000033603540601
Q105643816	6000000100449871836
Q105643822	6000000046169182823
Q105643823	6000000018513831821
Q105643824	6000000042409294098
Q105643826	6000000079820071871
Q105643827	6000000107706078984
Q105643828	6000000083627035097
Q105643830	6000000021700690288
Q105643831	6000000021740659264
Q105643835	6000000021699961798
Q105643836	6000000021700859907
Q105643837	6000000073795493892
Q105643840	6000000021700252016
Q105643842	6000000068127587821
Q105643843	6000000010486813057
Q105643846	6000000109257879925
Q105643849	6000000023635800718
Q105643850	6000000078081315256
Q105643853	6000000009514282973
Q105643854	6000000078081264331
Q105643855	6000000168485320146
Q105643857	6000000188843264822
Q105643860	6000000150361947087
Q105643861	6000000083255179597
Q105643863	6000000034840021833
Q105643865	6000000020614294240
Q105643866	6000000031989572372
Q105643867	6000000008280211759
Q105643875	6000000072083594050
Q105643876	6000000072097689113
Q105643877	6000000072097949892
Q105643878	6000000039117053870
Q105643880	6000000039115788234
Q105643881	6000000040977447337
Q105643883	6000000045140838925
Q105643885	6000000019248139964
Q105643887	6000000127144270874
Q105643888	6000000173178155873
Q105643890	6000000186026759192
Q105643893	6000000127143959005
Q105643895	6000000009033603265
Q105643897	6000000080839190447
Q105643898	6000000013540723479
Q105643900	6000000014713276572
Q105643907	6000000023685577426
Q105643908	6000000033021117427
Q105643910	6000000028244279011
Q105643913	6000000167797290848
Q105643915	6000000031100435296
Q105643917	6000000083100743887
Q105643918	6000000020909543559
Q105643920	6000000040542616083
Q105643921	6000000033961688203
Q105643922	6000000083940161050
Q105643923	6000000083940346828
Q105643924	6000000005380912861
Q105643925	6000000008445789833
Q105643926	6000000002215727192
Q105643927	6000000049797736821
Q105643928	6000000049797099846
Q105643929	6000000002802259359
Q105643930	6000000001281600518
Q105643931	6000000079317098246
Q105643932	6000000017350441418
Q105643934	6000000026324230560
Q105643935	6000000084585995063
Q105643936	6000000110537506835
Q105643937	6000000084587422134
Q105643938	6000000039989585958
Q105643941	6000000022202950763
Q105643942	6000000010289164404
Q105643943	6000000087260234966
Q105643944	6000000025470157732
Q105643947	6000000019899694609
Q105643948	6000000129060021110
Q105643949	6000000195142629839
Q105643952	6000000021725513526
Q105643954	6000000040651934150
Q105643956	6000000021725729931
Q105643957	6000000047494863821
Q105643958	6000000174451018957
Q105643959	6000000010460267696
Q105643962	6000000019661536471
Q105643963	6000000107618687904
Q105643964	6000000090946488521
Q105643965	6000000048029828948
Q105643967	6000000048029463043
Q105643968	6000000048029777938
Q105643969	6000000015771625835
Q105643975	6000000086000146821
Q105643980	6000000072168590306
Q105643981	6000000072168874210
Q105643982	6000000003618626390
Q105643983	6000000003618592108
Q105643984	6000000075347314880
Q105643987	6000000084760248900
Q105643989	6000000072386468537
Q105643991	6000000084760297893
Q105643992	6000000017295971691
Q105643993	6000000017295662239
Q105643995	6000000082383992046
Q105643996	6000000018521412122
Q105643999	6000000110999622953
Q105644004	6000000062906745911
Q105644006	6000000023123328679
Q105644007	6000000022971079286
Q105644008	6000000041520633928
Q105644009	6000000034282020975
Q105644015	6000000104930430919
Q105644019	6000000164632252821
Q105644020	6000000037217122178
Q105644021	6000000148738698880
Q105644023	6000000014882298058
Q105644024	6000000052875076833
Q105644026	6000000037217478401
Q105644028	6000000039100380995
Q105644035	6000000074473832868
Q105644037	6000000074467645049
Q105644039	6000000074473344011
Q105644042	6000000074473279950
Q105644046	6000000026012083340
Q105644048	6000000029581491815
Q105644051	6000000086381501903
Q105644053	6000000086381802870
Q105644056	6000000086381707869
Q105644058	6000000086381408885
Q105644062	6000000058469315836
Q105644064	6000000010242096822
Q105644067	6000000106647182942
Q105644071	6000000017280538071
Q105644076	6000000025496797145
Q105644080	6000000028827940623
Q105644083	6000000085538418967
Q105644085	6000000028828369975
Q105644089	6000000183237053822
Q105644095	6000000042832621648
Q105644096	6000000042832869197
Q105644098	6000000024581309091
Q105644101	6000000025768400443
Q105644103	6000000025768716902
Q105644105	6000000025752128383
Q105644107	6000000074279612339
Q105644112	6000000019650649859
Q105644123	6000000016942740722
Q105644125	6000000034767155220
Q105644132	6000000083782412042
Q105644133	6000000182245234825
Q105644135	6000000080208230171
Q105644136	6000000127618548897
Q105644148	6000000040929264285
Q105644149	6000000040929015672
Q105644150	6000000016691670732
Q105644151	6000000040929215648
Q105644152	6000000040929254493
Q105644154	6000000037794339604
Q105644155	6000000070742193882
Q105644156	6000000070742108868
Q105644157	6000000170625550840
Q105644158	6000000170627729861
Q105644160	6000000016435685672
Q105644163	6000000129535652976
Q105644164	6000000026159464261
Q105644165	6000000003477112877
Q105644169	6000000054639184156
Q105644170	6000000019762899596
Q105644175	6000000019728975833
Q105644177	6000000020234933684
Q105644179	6000000019947569076
Q105644180	6000000020234974094
Q105644182	6000000019234454386
Q105644183	6000000013451205754
Q105644186	6000000058491985860
Q105644187	6000000058491465316
Q105644188	6000000014752147969
Q105644189	6000000018481500804
Q105644191	6000000018481997717
Q105644192	6000000014752147974
Q105644193	6000000034713128822
Q105644196	6000000013286097240
Q105644199	6000000175276047715
Q105644200	6000000090717078865
Q105644202	6000000090717198843
Q105644204	6000000002963144715
Q105644229	6000000077588996733
Q105644230	6000000060411306846
Q105644238	6000000013285440446
Q105644246	6000000048309067822
Q105644254	6000000094911000331
Q105644257	6000000063285819961
Q105644258	6000000013656510384
Q105644259	6000000072084131849
Q105644260	6000000072512285886
Q105644263	6000000023937959870
Q105644264	6000000077796156267
Q105644266	6000000027780023736
Q105644270	6000000014252451785
Q105644272	6000000070741951939
Q105644273	6000000003477638003
Q105644374	6000000026146828459
Q105644425	6000000038286158465
Q105644470	6000000016584643529
Q105644769	6000000010723572430
Q105645349	6000000022755434533
Q10564545	6000000075500208253
Q10564550	6000000075499817515
Q105645870	6000000028401303731
Q105646	6000000112154263821
Q105646236	6000000030502913100
Q105648644	372515598510011303
Q105648650	6000000003940464023
Q105648652	6000000003938196969
Q105648655	6000000003939426524
Q10564901	6000000075404219479
Q105649093	6000000014355286722
Q105649109	6000000023207019745
Q105649244	6000000003198578576
Q105649775	6000000182989530825
Q105650112	6000000077594248253
Q105650117	6000000043127966332
Q105650122	6000000043127966348
Q105650125	6000000036778386216
Q105650128	6000000017118366165
Q105650134	6000000034524008601
Q105650140	6000000036778147355
Q105650142	6000000173675821982
Q105650146	6000000021050243264
Q105650149	6000000173670647821
Q105650151	6000000019222422413
Q105650154	6000000019222497407
Q105650159	6000000009447829680
Q105650164	6000000016508541225
Q105650169	6000000007645117522
Q10565017	6000000019739811108
Q105650175	6000000085601263091
Q105650178	6000000111265045045
Q105650182	6000000111264143123
Q105650184	6000000111265537003
Q105650189	6000000173564546152
Q105650191	6000000042654888709
Q105650196	6000000034515050854
Q105650198	6000000123245926874
Q105650203	6000000038338839138
Q105650206	6000000036437022262
Q105650209	6000000014319047407
Q105650212	6000000079473656062
Q105650214	6000000077231366271
Q105650219	6000000032440161208
Q105650221	6000000071792658130
Q105650225	6000000071312068414
Q105650231	6000000046882462041
Q105650238	6000000125368287877
Q105650242	6000000035911871765
Q105650250	6000000085738751853
Q105650253	6000000022205267008
Q105650258	6000000003894365850
Q10565026	6000000075486046861
Q105650261	6000000112897930822
Q105650264	6000000112898405877
Q105650266	6000000094033773067
Q105650268	6000000085301503849
Q10565028	6000000074753698821
Q105650289	6000000104281345136
Q105650295	6000000083877018058
Q10565030	6000000074789315892
Q105650300	6000000079091347845
Q105650302	6000000118430629862
Q105650304	6000000019688859101
Q105650308	6000000062315497240
Q105650310	6000000098695720830
Q105650312	6000000014064957759
Q105650320	6000000180254652881
Q105650322	6000000118429052824
Q105650324	6000000192684134822
Q105650331	6000000019685509908
Q105650340	6000000100802475838
Q105650347	6000000083876629397
Q105650355	6000000083103893459
Q105650361	6000000069314010823
Q105650368	6000000076449123167
Q105650371	6000000118430689895
Q105650380	6000000016442974221
Q105650383	6000000079019290030
Q1056504	6000000140730885860
Q105650400	6000000037356636071
Q105650402	6000000082825307821
Q105650406	6000000019534712730
Q105650414	6000000042295762818
Q105650417	6000000042295426041
Q105650419	6000000042296279181
Q105650422	6000000042296023413
Q105650430	6000000042295228457
Q105650433	6000000042296252099
Q105650435	6000000042296258168
Q105650442	6000000095613488917
Q105650455	6000000161505141831
Q105650461	6000000017187851048
Q105650463	6000000015159108048
Q105650466	6000000034464042952
Q105650469	6000000034462776338
Q105650470	6000000017053104733
Q105650475	6000000078581357906
Q105650476	6000000022601188107
Q105650485	6000000085054315923
Q10565049	6000000075485219000
Q105650491	6000000077342942852
Q105650494	6000000077342663914
Q105650501	6000000116289719859
Q105650502	6000000090767044882
Q105650503	6000000173695891164
Q105650505	6000000195936407934
Q105650507	6000000153849356828
Q105650510	6000000019845370651
Q105650514	6000000173696431106
Q105650519	6000000022092832344
Q105650522	6000000081251040873
Q105650529	6000000021442154643
Q105650538	6000000153848845822
Q105650540	6000000173695105445
Q105650548	6000000173696049213
Q105650550	6000000082742678878
Q105650553	6000000031328812025
Q105650556	6000000031328223657
Q105650560	6000000030734442838
Q105650565	6000000074452250839
Q105650566	6000000033464431089
Q105650575	6000000090555987137
Q105650576	6000000090557707838
Q105650577	6000000090558317832
Q105650579	6000000090557401206
Q105650583	6000000024107215942
Q105650586	6000000111875625940
Q105650587	6000000111875936838
Q105650588	6000000013040432821
Q105650590	6000000073352480053
Q105650591	6000000073352701943
Q105650592	6000000067323514821
Q105650593	6000000067330835015
Q105650595	6000000014150605620
Q105650596	6000000202984053880
Q105650598	6000000125272911937
Q105650599	6000000058202186903
Q105650600	6000000136093673824
Q105650601	6000000136097122833
Q105650605	6000000098625659770
Q105650607	6000000034733189391
Q105650608	6000000090414539991
Q105650609	6000000029026246382
Q105650610	6000000090413197280
Q105650613	6000000090414308151
Q105650619	6000000073320321007
Q105650620	6000000089481906844
Q105650622	6000000047326473874
Q105650626	6000000035417423306
Q105650629	6000000069807558340
Q105650631	6000000069807012317
Q105650635	6000000025863762906
Q105650641	6000000099761808014
Q105650642	6000000015897878734
Q105650643	6000000052275546875
Q105650645	6000000070235427898
Q105650649	6000000067459970919
Q105650653	6000000064045112017
Q105650665	6000000014291596847
Q105650666	6000000014291977090
Q105650668	6000000080606124011
Q105650669	6000000173686009821
Q105650671	6000000180406045827
Q105650674	6000000088131920836
Q105650676	6000000088132066846
Q105650682	6000000034573040147
Q105650683	6000000187911348881
Q105650693	6000000187911631836
Q105650697	6000000013195831007
Q105650703	6000000078756725244
Q105650706	6000000014122120784
Q105650707	6000000079050673826
Q105650709	6000000080649971892
Q105650710	6000000054298670990
Q105650729	6000000069313906871
Q105650737	6000000033228315267
Q105650742	6000000057936564853
Q105650749	6000000002938056559
Q105650751	6000000048193607833
Q105650752	6000000034453163451
Q105650753	6000000034453749951
Q105650754	6000000184483895828
Q105650755	6000000184480816978
Q105650758	6000000117381769853
Q105650759	6000000044867667852
Q105650760	6000000190580518837
Q105650763	6000000077380408841
Q105650767	6000000041269048902
Q105650768	6000000036773194960
Q105650770	6000000041386019597
Q105650772	6000000079073832559
Q105650800	6000000024906574772
Q105650803	6000000021683638399
Q105650804	6000000021683575365
Q105650805	6000000021683608207
Q105650806	6000000079306939052
Q105650813	6000000070686888864
Q105650815	6000000094871819877
Q105650818	6000000185341035856
Q105650820	6000000081512001995
Q105650821	6000000081739931104
Q105650823	6000000081739560176
Q105650824	6000000075489143850
Q105650825	6000000068878485828
Q105650826	6000000081739537044
Q105650832	6000000081739492992
Q105650833	6000000075491185823
Q105650836	6000000083823893948
Q105650842	6000000022770366916
Q105650845	6000000105237778857
Q105650846	6000000041493814301
Q105650848	6000000025296894124
Q105650849	6000000025719349497
Q105650850	6000000030551538284
Q105650852	6000000025719515301
Q105650853	6000000016166860879
Q105650854	6000000016167175166
Q105650857	6000000001575024679
Q105650859	6000000035888729671
Q105650861	6000000075450844825
Q105650862	6000000084135671091
Q105650863	6000000029302629476
Q105650864	6000000018926041070
Q105650865	6000000014418373461
Q105650866	6000000071308750854
Q105650873	6000000003282446681
Q105650874	6000000003282370153
Q105650875	6000000017280147783
Q105650879	6000000108752924171
Q105650881	6000000018454411134
Q105650884	6000000040603277828
Q105650885	6000000078033857890
Q105650886	6000000078033493167
Q105650887	6000000017731818144
Q105650891	6000000038240867993
Q105650892	6000000080172404961
Q105650894	6000000038240331281
Q105650899	6000000144071301867
Q105650904	6000000214538910821
Q105650906	6000000076615971821
Q105650909	6000000020026871035
Q105650933	6000000055390630933
Q105650938	6000000018222530992
Q105650941	6000000035592739003
Q105650942	6000000035592791832
Q105650947	6000000097621722063
Q105650951	6000000098149903857
Q105650957	6000000041922589608
Q105650958	6000000041922818076
Q105650967	6000000065884933837
Q105650968	6000000097697294840
Q105650969	6000000100067162975
Q105650973	6000000019820691196
Q105650980	6000000022364556104
Q105650991	6000000008800225784
Q105651	6000000021472940339
Q105651023	6000000022420250537
Q105651029	6000000078962866835
Q105651041	6000000078961297718
Q105651043	6000000078962624057
Q105651045	6000000078962439028
Q105651049	6000000175720274823
Q105651050	6000000175720504822
Q105651054	6000000076967029892
Q105651055	6000000076967468937
Q105651057	6000000020098439371
Q105651059	6000000055073551966
Q105651060	6000000056544622419
Q105651061	6000000056545585865
Q105651063	6000000020921373194
Q105651064	6000000056545546891
Q105651067	6000000002764943787
Q105651071	6000000002764943782
Q105651083	6000000035051155890
Q105651099	6000000109900699005
Q105651111	6000000019384954499
Q105651114	6000000039301425191
Q105651115	6000000039301573939
Q105651130	6000000037716306922
Q105651132	6000000073238533941
Q105651137	6000000209221838844
Q105651149	6000000005770094567
Q105651153	6000000176633119907
Q105651180	6000000110703382823
Q105651185	6000000175949330826
Q105651186	6000000175949176831
Q105651204	6000000064416499905
Q105651205	6000000064416709875
Q105651206	6000000089683129870
Q105651218	6000000023300508939
Q105651219	6000000023299990080
Q105651231	6000000120609796020
Q105651235	6000000120611282862
Q105651250	6000000180269249836
Q105651260	6000000012398249910
Q105651261	6000000012398070047
Q105651263	6000000012398179461
Q105651281	6000000023979686113
Q105651289	6000000084006954912
Q105651294	6000000023169126407
Q105651306	6000000204910875835
Q105651331	6000000043151039823
Q105651332	6000000029260649994
Q105651341	6000000067655256878
Q105651348	6000000021595245323
Q105651349	6000000183342276878
Q105651356	6000000183344207821
Q105651362	6000000056172467046
Q105651371	6000000199942822885
Q105651387	6000000053831976231
Q105651414	6000000026491605243
Q105651418	6000000019776907124
Q105651442	6000000042597594828
Q105651448	6000000185727821851
Q105651453	6000000042595446866
Q105651456	6000000019621984486
Q105651460	6000000018340041729
Q105651464	6000000025331744412
Q105651468	6000000176448231830
Q105651473	6000000019777196880
Q105651475	6000000056533057823
Q105651480	6000000020278241079
Q105651483	6000000023965966860
Q105651484	6000000069579391099
Q105651486	6000000039579532137
Q105651487	6000000082896150077
Q105651488	6000000015166390327
Q105651491	6000000050679181368
Q105651506	6000000108619679845
Q105651512	6000000200733149855
Q105651515	6000000009699926701
Q105651516	6000000010963405707
Q105651517	6000000011125612294
Q105651526	6000000002815281133
Q105651527	6000000007316925930
Q105651528	6000000007316925776
Q105651531	6000000007316925770
Q105651535	6000000008925218166
Q105651537	6000000177306788841
Q105651538	6000000176556790868
Q105651540	6000000177307474832
Q105651547	6000000021887534488
Q105651563	6000000059883559932
Q105651565	6000000059884978828
Q105651573	6000000198101688821
Q105651574	6000000198100576848
Q105651577	6000000021805744846
Q105651578	6000000021805776878
Q105651580	6000000021427716668
Q105651590	6000000012710773337
Q105651596	6000000026398349041
Q105651599	6000000026398391030
Q105651603	6000000026396883593
Q105651616	6000000022037650888
Q105651617	6000000058117756439
Q105651619	6000000052423224889
Q105651620	6000000052422327066
Q105651622	6000000069897603004
Q105651623	6000000033944909427
Q105651624	6000000034049654754
Q105651626	6000000034050172179
Q105651634	6000000084230461943
Q105651635	6000000016700116145
Q105651636	6000000194585920830
Q105651644	6000000084230616983
Q105651648	6000000084230309047
Q105651649	6000000123514893906
Q105651650	6000000021451680311
Q105651653	6000000076311564821
Q105651660	6000000022158569310
Q105651661	6000000015335339631
Q105651663	6000000044651838960
Q105651664	6000000034464330060
Q105651667	6000000137298275124
Q105651669	6000000137141032821
Q105651671	6000000050679686176
Q105651672	6000000070490474185
Q105651673	6000000070490497180
Q105651676	6000000084056346877
Q105651679	6000000051514612821
Q105651680	6000000073747668109
Q105651682	6000000175524708864
Q105651683	6000000073747835255
Q105651684	6000000022201812650
Q105651686	6000000175524861884
Q105651688	6000000054469178329
Q105651689	6000000015914275199
Q105651692	6000000015913909612
Q105651694	6000000066558930041
Q105651696	6000000033751320444
Q105651698	6000000075278668905
Q105651700	6000000066559067890
Q105651701	6000000014820948273
Q105651704	6000000079471826890
Q105651706	6000000014820989439
Q105651708	6000000026078471918
Q105651709	6000000066666849900
Q105651711	6000000176550832842
Q105651714	6000000014821512062
Q105651717	6000000208245162951
Q105651721	6000000092351080944
Q105651723	6000000193768381862
Q105651724	6000000111457073836
Q105651726	6000000043653517038
Q105651727	6000000079276502768
Q105651729	6000000016999551053
Q105651731	6000000029129628274
Q105651733	6000000083123563315
Q105651734	6000000037516571260
Q105651736	6000000079277939155
Q105651737	6000000054768610993
Q105651738	6000000079671943208
Q105651742	6000000014890313029
Q105651744	6000000037719055193
Q105651746	6000000111431945007
Q105651749	6000000079278470881
Q105651753	6000000043653749900
Q105651762	6000000118412117905
Q105651765	6000000086287441835
Q105651766	6000000092351773881
Q105651770	6000000079472110859
Q105651771	6000000011219075282
Q105651772	6000000015257298481
Q105651773	6000000015257485973
Q105651778	6000000190678509847
Q105651779	6000000077700623014
Q105651780	6000000014252713026
Q105651781	6000000014475741002
Q105651785	6000000110464667821
Q105651788	6000000110466686829
Q105651789	6000000110464567848
Q105651791	6000000034499471999
Q105651793	6000000034499555876
Q105651795	6000000082824921020
Q105651796	6000000010883365315
Q105651797	6000000082825368179
Q105651798	6000000010882716446
Q105651801	6000000056921985176
Q105651804	6000000056922153035
Q105651805	6000000056921777085
Q105651807	6000000055479157026
Q105651808	6000000015433279146
Q105651810	6000000020074814285
Q105651812	6000000020074922150
Q105651813	6000000126567187825
Q105651814	6000000039100250429
Q105651819	6000000014713603324
Q105651824	6000000014893153968
Q105651826	6000000181133380827
Q105651827	6000000014893222764
Q105651837	6000000024301366185
Q105651842	6000000083649135002
Q105651846	6000000042259005396
Q105651847	6000000023896866934
Q105651850	6000000019109095827
Q105651851	6000000070151388189
Q105651852	6000000019109601622
Q105651856	6000000025550398342
Q105651857	6000000203839029836
Q105651859	6000000018714584011
Q105651864	6000000148115301878
Q105651865	6000000080578347037
Q105651868	6000000077653132008
Q105651870	6000000077653203913
Q105651871	6000000077652735421
Q105651874	6000000066395737912
Q105651877	6000000020351296087
Q105651879	6000000178370468955
Q105651891	6000000148115323931
Q105651892	6000000103249858834
Q105651894	6000000014252918874
Q105651898	6000000025244579886
Q105651899	6000000025243618720
Q105651902	6000000015612369826
Q105651903	6000000038065574859
Q105651906	6000000038065422915
Q105651911	6000000019504335965
Q105651912	6000000080388740150
Q105651914	6000000041400608924
Q105651916	6000000090479766854
Q105651919	6000000031990131908
Q105651921	6000000016070901689
Q105651923	6000000096586447844
Q105651925	6000000037794501571
Q105651927	6000000078045552217
Q105651928	6000000125963623098
Q105651931	6000000150845352927
Q105651932	6000000025521721175
Q105651936	6000000033480592205
Q105651937	6000000036113487163
Q105651940	6000000024707380627
Q105651941	6000000078080357696
Q105651944	6000000049646785029
Q105651945	6000000016592123218
Q105651946	6000000103192888014
Q105651947	6000000199948559836
Q105651951	6000000078082065798
Q105651953	6000000045904839972
Q105651954	6000000037684899170
Q105651956	6000000199948293874
Q105651958	6000000103412512145
Q105651959	6000000018645318063
Q105651961	6000000014475514917
Q105651963	6000000019092610531
Q105651965	6000000033673693134
Q105651966	6000000016592231315
Q105651967	6000000049646861840
Q105651969	6000000103391879953
Q105651972	6000000031989843262
Q105651975	6000000083210505284
Q105651976	6000000078080724479
Q105651977	6000000041187969137
Q105651978	6000000150845494885
Q105651979	6000000120651693993
Q105651983	6000000054480254000
Q105651984	6000000057456046867
Q105651988	6000000103193149869
Q105651989	6000000025522625843
Q105651990	6000000037684055327
Q105651991	6000000186815672831
Q105651993	6000000032822521769
Q105651996	6000000037695210375
Q105651997	6000000019545058170
Q105652004	6000000025520674001
Q105652005	6000000084787494832
Q105652006	6000000037794458530
Q105652007	6000000018644941259
Q105652008	6000000080386822391
Q105652010	6000000052809975933
Q105652011	6000000024707384156
Q105652013	6000000103413213888
Q105652016	6000000153588559898
Q105652018	6000000078920814471
Q105652019	6000000125964626942
Q105652020	6000000014475799180
Q105652021	6000000033799364835
Q105652027	6000000048379853939
Q105652030	6000000086698511971
Q105652032	6000000112929402043
Q105652037	6000000032823005256
Q105652039	6000000080844569991
Q105652040	6000000039539484257
Q105652041	6000000014885118729
Q105652042	6000000057601913183
Q105652044	6000000129289990824
Q105652045	6000000023226104609
Q105652046	6000000026437587294
Q105652047	6000000077551382082
Q105652049	6000000080845746925
Q105652051	6000000137236754833
Q105652055	6000000035937699366
Q105652058	6000000137233484875
Q105652061	6000000129289620914
Q105652062	6000000024473298391
Q105652064	6000000014885416083
Q105652068	6000000112929754860
Q105652073	6000000016167226438
Q105652074	6000000052422685907
Q105652076	6000000041540023060
Q105652078	6000000041540149886
Q105652086	6000000092342975028
Q105652087	6000000092343292005
Q105652089	6000000092601649013
Q105652103	6000000023896739616
Q105652105	6000000023897007053
Q105652107	6000000078709349026
Q105652108	6000000078709157395
Q105652110	6000000024626004191
Q105652111	6000000023808726929
Q105652112	6000000078709076263
Q105652113	6000000047234974909
Q105652114	6000000047236250050
Q105652117	6000000047236250046
Q105652121	6000000047322887978
Q105652122	6000000050012808962
Q105652123	6000000010608721366
Q105652125	6000000032436459599
Q105652126	6000000074824746447
Q105652127	6000000037093748464
Q105652128	6000000076297328869
Q105652129	6000000033707284851
Q105652130	6000000015015520631
Q105652137	6000000066473407000
Q105652138	6000000032437500902
Q105652142	6000000074802026028
Q105652144	6000000031674405850
Q105652145	6000000077594147357
Q105652146	6000000055623726903
Q105652148	6000000034579305927
Q105652151	6000000013231905733
Q105652152	6000000077594936929
Q105652153	6000000020358980719
Q105652155	6000000079600440108
Q105652161	6000000037475720958
Q105652163	6000000037475589972
Q105652165	6000000077417419235
Q105652169	6000000024824167969
Q105652170	6000000051397959207
Q105652171	6000000086292639262
Q105652173	6000000108357662990
Q105652174	6000000047771926855
Q105652175	6000000014903110090
Q105652180	6000000024180432775
Q105652183	6000000047924422519
Q105652184	6000000048614956836
Q105652185	6000000024824355908
Q105652187	6000000086292914084
Q105652189	6000000047859146281
Q105652190	6000000055955417955
Q105652191	6000000086292780211
Q105652192	6000000024612792703
Q105652193	6000000077417982967
Q105652194	6000000047882388961
Q105652200	6000000060121357865
Q105652202	6000000085376026093
Q105652203	6000000085377187963
Q105652204	6000000020484779616
Q105652207	6000000012984451259
Q105652209	6000000062444972811
Q105652210	6000000062446555879
Q105652211	6000000009970444804
Q105652212	6000000020486886037
Q105652213	6000000029031922995
Q105652220	6000000037243295316
Q105652221	6000000019124158534
Q105652223	6000000052323697012
Q105652224	6000000052323503845
Q105652226	6000000052323315923
Q105652227	6000000018723478052
Q105652228	6000000019033978090
Q105652234	6000000065558700023
Q105652235	6000000065560402891
Q105652251	6000000077295404993
Q105652252	6000000065599305946
Q105652253	6000000032440356019
Q105652254	6000000077898965874
Q105652257	6000000062250711821
Q105652258	6000000023340489848
Q105652260	6000000062250883821
Q105652262	6000000172938480343
Q105652263	6000000172938774197
Q105652265	6000000172938247033
Q105652266	6000000067616614868
Q105652267	6000000035222682129
Q105652268	6000000021533331980
Q105652270	6000000067616604874
Q105652271	6000000119163659876
Q105652272	6000000035820666428
Q105652273	6000000035570358246
Q105652275	6000000039028325965
Q105652279	6000000035217735964
Q105652282	6000000020156557805
Q105652284	6000000087763281061
Q105652285	6000000110671962883
Q105652286	6000000110672998913
Q105652287	6000000000161607357
Q105652290	6000000069276784883
Q105652291	6000000024173255182
Q105652292	6000000077295426337
Q105652294	6000000077295966872
Q105652295	6000000077294934275
Q105652301	6000000077294684442
Q105652302	6000000194585774893
Q105652304	6000000040954166560
Q105652307	6000000007332563722
Q105652310	6000000034125599313
Q105652312	6000000030832881043
Q105652315	6000000030844108041
Q105652318	6000000000832752155
Q105652321	6000000034125486472
Q105652322	6000000030832920866
Q105652327	6000000082947432888
Q105652329	6000000178377634827
Q105652331	6000000178377789846
Q105652333	6000000017632302524
Q105652334	6000000019196533034
Q105652339	6000000018998835893
Q105652341	6000000047761122955
Q105652343	6000000048441366920
Q105652357	6000000018426778819
Q105652358	6000000018426830174
Q105652363	6000000018426655508
Q105652367	6000000026077173900
Q105652369	6000000037864682113
Q105652370	6000000037864231655
Q105652371	6000000033930874323
Q105652379	6000000035829630092
Q105652380	6000000067214869851
Q105652381	6000000011434747481
Q105652382	6000000067189798833
Q105652383	6000000011434969836
Q105652386	6000000063165826959
Q105652387	6000000067189828845
Q105652393	6000000020897640511
Q105652394	6000000076113547828
Q105652396	6000000083133407839
Q105652409	6000000053246074893
Q105652410	6000000083892305870
Q105652411	6000000052583914063
Q105652413	6000000087263295932
Q105652414	6000000037888019153
Q105652415	6000000081753909890
Q105652423	6000000037888198941
Q105652427	6000000083892413863
Q105652429	6000000087262191392
Q105652433	6000000016822312912
Q105652435	6000000016813789793
Q105652436	6000000016822340722
Q105652437	6000000016822397840
Q105652438	6000000016822283367
Q105652439	6000000016813915249
Q105652440	6000000022380386754
Q105652441	6000000070175682008
Q105652444	6000000041295127143
Q105652446	6000000070175133129
Q105652451	6000000077790171856
Q105652452	6000000077144888011
Q105652453	6000000091723437821
Q105652454	6000000077099392828
Q105652458	6000000082838745098
Q105652460	6000000077101999009
Q105652461	6000000077144125514
Q105652465	6000000092105196055
Q105652466	6000000092106030940
Q105652467	6000000092105752054
Q105652476	6000000015822639804
Q105652477	6000000054636609893
Q105652478	6000000018078815257
Q105652482	6000000018079771064
Q105652483	6000000080752563425
Q105652485	6000000080752576470
Q105652487	6000000080752576310
Q105652489	6000000055491437877
Q105652491	6000000145943853842
Q105652492	6000000025228914973
Q105652503	6000000078383884916
Q105652505	6000000187242678834
Q105652506	6000000030902149624
Q105652507	6000000034722429999
Q105652511	6000000033591911740
Q105652512	6000000167576100848
Q105652513	6000000078383921880
Q105652514	6000000083308393178
Q105652516	6000000084932331346
Q105652517	6000000080913440822
Q105652522	6000000200482371829
Q105652525	6000000030039849453
Q105652526	6000000016442960298
Q105652528	6000000030039904475
Q105652529	6000000030040648175
Q105652536	6000000163417906890
Q105652538	6000000084296161433
Q105652539	6000000045364118872
Q105652541	6000000045364801826
Q105652545	6000000071049482936
Q105652546	6000000043266880327
Q105652548	6000000065848910827
Q105652550	6000000065850034821
Q105652553	6000000079033419734
Q105652554	6000000079034505918
Q105652557	6000000065848715835
Q10565256	6000000075485280983
Q105652560	6000000195550448887
Q105652563	6000000071049860833
Q105652566	6000000052222950928
Q105652567	6000000052223499966
Q105652571	6000000033745126031
Q105652572	6000000019337626390
Q105652573	6000000019088232348
Q105652574	6000000019337689145
Q105652575	6000000019718494904
Q105652576	6000000121131183934
Q105652578	6000000020224547003
Q105652581	6000000019431764014
Q105652582	6000000020067521177
Q105652583	6000000019796539300
Q105652584	6000000020236022844
Q105652586	6000000021402783013
Q105652587	6000000018212858002
Q105652591	6000000020236074499
Q105652594	6000000018249811761
Q105652595	6000000020210993801
Q105652596	6000000020022708557
Q105652597	6000000019884021192
Q105652598	6000000020014838491
Q105652599	6000000019337405714
Q105652601	6000000019774175711
Q105652604	6000000019799929117
Q105652605	6000000019465027033
Q105652606	6000000019640051129
Q105652607	6000000019769780508
Q105652608	6000000021464609782
Q105652609	6000000019343828894
Q105652610	6000000020014939460
Q105652611	6000000020019984105
Q105652617	6000000019354376765
Q105652618	6000000066835445953
Q105652619	6000000052531765015
Q105652620	6000000018868713704
Q105652623	6000000019769537592
Q105652624	6000000019773971952
Q105652627	6000000020023216084
Q105652630	6000000019773572184
Q105652633	6000000016532624525
Q105652637	6000000014839948425
Q105652638	6000000020234846239
Q105652639	6000000035152913929
Q105652640	6000000019518103101
Q105652643	6000000019345725880
Q105652645	6000000020067660274
Q105652646	6000000019730676743
Q105652649	6000000121131085975
Q105652650	6000000082214090822
Q105652656	6000000018249366741
Q105652661	6000000020235408667
Q105652665	6000000030535043372
Q105652668	6000000019555784192
Q105652669	6000000013468583079
Q105652670	6000000021026519707
Q105652671	6000000018069484322
Q105652672	6000000019639734599
Q105652673	6000000016268203333
Q105652674	6000000019078604405
Q105652675	6000000035114181872
Q105652676	6000000019639829488
Q105652679	6000000026423441291
Q105652680	6000000026423828931
Q105652685	6000000037556550568
Q105652686	6000000013414855731
Q105652688	6000000013415013273
Q105652692	6000000013414940380
Q105652693	6000000083883087000
Q105652700	6000000017221708510
Q105652703	6000000040417241195
Q105652704	6000000040417501845
Q105652709	6000000002488899016
Q105652712	6000000043558932885
Q105652727	6000000043557688469
Q105652730	6000000090718876914
Q105652736	6000000153700906913
Q105652737	6000000002487579986
Q105652738	6000000074801002208
Q105652739	6000000023546622472
Q105652748	6000000185746060860
Q105652749	6000000078381021882
Q105652750	6000000052635277830
Q105652753	6000000024628385978
Q105652755	6000000078808589236
Q105652759	6000000185745109972
Q105652761	6000000025660957964
Q105652762	6000000074801387853
Q105652763	6000000216577964851
Q105652764	6000000163681645832
Q105652766	6000000183534754850
Q105652768	6000000016593400923
Q105652769	6000000183562878838
Q105652773	6000000034038126414
Q105652775	6000000018699729513
Q105652776	6000000105459449871
Q105652778	6000000100076807838
Q105652779	6000000071277293848
Q105652780	6000000175611247830
Q105652781	6000000175610618866
Q105652782	6000000018530784412
Q105652784	6000000175610988835
Q105652785	6000000108104571868
Q105652787	6000000071277284929
Q105652793	6000000072508760518
Q105652794	6000000049534661868
Q105652800	6000000019658181544
Q105652802	6000000025781457462
Q105652808	6000000024971280771
Q105652816	6000000025657482798
Q105652817	6000000006968840629
Q105652845	6000000029553176067
Q105652847	6000000012801494239
Q105652848	6000000020422199982
Q105652853	6000000173463129481
Q105652854	6000000024886072419
Q105652855	6000000038828106762
Q105652856	6000000064888936823
Q105652860	6000000014756651061
Q105652861	6000000026245617062
Q105652862	6000000026890823718
Q105652863	6000000077020829085
Q105652864	6000000022556582919
Q105652867	6000000023076243247
Q105652868	6000000006828418668
Q105652869	6000000005725504268
Q105652870	6000000056571968884
Q105652874	6000000019357313008
Q105652876	6000000180802311834
Q105652878	6000000001381861751
Q105652881	6000000010262133435
Q105652882	6000000107534529287
Q105652885	6000000018941161643
Q105652886	6000000006167055442
Q105652887	6000000026187447437
Q105652890	6000000039688363671
Q105652893	6000000041720767823
Q105652897	6000000003742776500
Q105652898	6000000015927319381
Q105652899	6000000027833198909
Q1056529	6000000008410522398
Q1056533	6000000015374727861
Q10565372	6000000074749537082
Q10565374	6000000074710216144
Q105653823	6000000046290256016
Q10565383	6000000074749617057
Q10565385	6000000075419654339
Q10565403	6000000016653698588
Q105654034	6000000203118465829
Q105654191	6000000006596670532
Q105654212	6000000021627245380
Q105654214	6000000011472458724
Q105654216	6000000031728750918
Q105654217	6000000033095698833
Q105654219	6000000011472838354
Q105654220	6000000019901661366
Q105654221	6000000019728877608
Q105654222	6000000178492740895
Q105654225	6000000126667423954
Q105654227	6000000089903040023
Q105654229	6000000103010564000
Q105654230	6000000025328257975
Q105654231	6000000018941407107
Q105654232	6000000069566632895
Q105654233	6000000177548329897
Q105654235	6000000008090060724
Q105654237	6000000015259286172
Q105654238	6000000028146708835
Q105654239	6000000084892619114
Q105654240	6000000009037443684
Q105654243	6000000020095449141
Q105654244	6000000083257890157
Q105654245	6000000020095481137
Q105654246	6000000020094706963
Q105654247	6000000020025448093
Q105654249	6000000020025363510
Q105654251	6000000011024692603
Q105654252	6000000205232890844
Q105654256	6000000034367378389
Q105654258	6000000022629196032
Q105654259	6000000191180133824
Q105654260	6000000027453253839
Q105654261	6000000027934752506
Q105654266	6000000027453214884
Q105654267	6000000041372742664
Q105654268	6000000076614657831
Q105654269	6000000026273520202
Q105654271	6000000148662540873
Q105654272	6000000010650834587
Q105654273	6000000036664033341
Q105654274	6000000022649269198
Q105654275	6000000010650731509
Q105654278	6000000010242524511
Q105654279	6000000012780085371
Q105654280	6000000012779459007
Q105654281	5044961758790109267
Q105654282	6000000027271311849
Q105654287	6000000173463621005
Q105654288	6000000000350788543
Q105654289	6000000047015637176
Q105654291	6000000037727103371
Q105654295	6000000043469823360
Q105654296	6000000008492585800
Q105654303	6000000023259539111
Q105654305	6000000043469988090
Q105654306	6000000034910921274
Q105654308	6000000000099892486
Q105654309	6000000008492854430
Q105654311	6000000006789955717
Q105654312	6000000026304320588
Q105654313	6000000026302650715
Q105654315	6000000026305156025
Q105654316	6000000026303409685
Q105654323	6000000013341408944
Q105654324	6000000013341467723
Q105654325	6000000013340961150
Q105654328	6000000076621533176
Q105654330	6000000052013581590
Q105654334	6000000027006096734
Q105654336	6000000005229779581
Q105654344	6000000099577864058
Q105654346	6000000028189665791
Q105654348	6000000007613669992
Q105654349	6000000184702211996
Q105654350	6000000184701251996
Q105654351	6000000029658520965
Q105654352	6000000029658592925
Q105654358	6000000039970252025
Q105654361	6000000027741849715
Q105654367	6000000204647853822
Q105654371	6000000039289216466
Q105654375	6000000011478822153
Q105654378	6000000103215719839
Q105654379	6000000103215251957
Q105654380	6000000103213900872
Q105654381	6000000103215799844
Q105654382	90586
Q105654383	6000000036314151191
Q105654384	6000000180397725837
Q105654386	6000000080375883896
Q105654387	6000000080374557891
Q105654388	6000000000128637501
Q105654392	6000000020564037186
Q105654393	6000000015347935539
Q105654396	6000000035244839867
Q105654397	6000000035244337309
Q105654398	6000000021972922206
Q105654400	6000000021972893048
Q105654401	6000000026275976421
Q105654402	6000000021972789506
Q105654406	6000000002893095230
Q105654408	6000000034699363353
Q105654409	6000000044361558700
Q105654410	6000000034699178503
Q105654411	6000000175687971911
Q105654412	6000000175688578897
Q105654413	6000000034186025041
Q105654414	6000000034184756009
Q105654415	6000000020010250442
Q105654416	6000000080452110954
Q105654419	6000000010132602522
Q105654423	6000000020947047744
Q105654424	6000000020947310936
Q105654426	6000000020947329911
Q105654427	6000000013205297429
Q105654428	6000000170069141917
Q105654432	6000000032364956585
Q105654433	6000000032366296104
Q105654441	6000000020270114674
Q105654443	6000000020270784710
Q105654444	6000000020271385094
Q105654445	6000000044372087851
Q105654446	6000000003347101001
Q105654447	6000000044372062894
Q105654450	6000000050470007888
Q105654451	6000000050469717934
Q105654452	6000000016324664642
Q105654453	6000000018578215478
Q105654456	6000000015885921350
Q105654457	6000000015836451983
Q105654459	6000000015836784473
Q105654460	6000000019950532128
Q105654461	6000000000430371393
Q105654464	6000000010234235670
Q105654465	6000000010234224651
Q105654468	6000000064781995948
Q105654474	6000000057723956827
Q105654476	6000000055990951846
Q105654477	6000000055990263032
Q105654478	6000000055990925857
Q105654482	6000000026050426844
Q105654483	6000000069555655049
Q105654484	6000000069555703972
Q105654486	6000000006888626319
Q105654487	6000000006882506239
Q105654489	6000000021694716272
Q105654490	6000000014756620063
Q105654492	6000000014756660080
Q105654494	6000000022601524065
Q105654495	6000000023251449101
Q105654498	6000000002725552161
Q105654499	6000000022601243274
Q105654500	6000000084541766036
Q105654501	6000000022601644917
Q105654504	6000000000565538867
Q105654507	6000000084102600064
Q105654509	6000000082716882843
Q105654511	342907264970011040
Q105654513	6000000025915245538
Q105654514	6000000064598654848
Q105654515	6000000188231340828
Q105654518	6000000003148252558
Q105654521	6000000029780168294
Q105654522	6000000205333714827
Q105654523	6000000187396477874
Q105654524	6000000089828206896
Q105654525	6000000089827997872
Q105654526	6000000089828461821
Q105654528	6000000013320702770
Q105654532	6000000103465472836
Q105654533	6000000191768326821
Q105654538	6000000015259272191
Q105654539	6000000208113959827
Q105654540	6000000007772577268
Q105654543	6000000010094553087
Q105654544	6000000010094877524
Q105654546	6000000010094452171
Q105654547	6000000084598756870
Q105654549	6000000033963286441
Q105654552	6000000040630919626
Q105654557	6000000168913950867
Q105654558	6000000045998963925
Q10565456	6000000074727742870
Q105654560	6000000017360406016
Q105654568	6000000105783449827
Q105654570	6000000105780769522
Q105654571	6000000105784788841
Q105654572	6000000105784685856
Q105654573	6000000105783067947
Q105654575	6000000003583752484
Q105654576	6000000155058039823
Q105654587	6000000149554079866
Q105654588	6000000026885877040
Q10565459	6000000074737444031
Q105654590	4797121023520077128
Q105654592	6000000026891278112
Q105654593	6000000025793225731
Q105654601	6000000038654209034
Q105654608	6000000120007429834
Q105654612	6000000016476166514
Q105654613	6000000027421689064
Q105654618	6000000013766542392
Q105654619	6000000031728126256
Q105654621	6000000032554767611
Q105654623	6000000013765610862
Q105654624	6000000013775892879
Q105654626	6000000013775264269
Q105654627	6000000013765766090
Q105654629	6000000013775796950
Q105654630	6000000032554950353
Q105654631	6000000013775167604
Q105654633	6000000013775950116
Q105654634	6000000013776081152
Q105654636	6000000013775904402
Q105654637	6000000013765345323
Q105654639	6000000013766490334
Q105654640	6000000013775981104
Q105654642	6000000013775904357
Q105654644	6000000013775945145
Q105654645	6000000013775834690
Q105654646	6000000032120473278
Q105654647	6000000013772953197
Q105654650	6000000185237151875
Q105654651	6000000185236484859
Q105654653	6000000001994577912
Q105654656	6000000199414883827
Q105654657	6000000001994531793
Q105654660	6000000138636312841
Q105654661	6000000158800687822
Q105654665	6000000179489832844
Q105654673	6000000008090142377
Q105654678	6000000020601187351
Q10565468	6000000074734478907
Q105654680	6000000017476657216
Q105654682	6000000079546503991
Q105654683	6000000079545358123
Q105654684	6000000019182765243
Q105654686	6000000019182252802
Q105654689	6000000014347340263
Q105654693	6000000082235251821
Q105654696	6000000174051121255
Q105654697	6000000025901041311
Q105654698	4352328376880053531
Q105654699	6000000025921809312
Q10565470	6000000074734221999
Q105654700	6000000089902549222
Q105654705	6000000100646598852
Q105654710	6000000007862070635
Q105654713	6000000090373669697
Q105654717	6000000033904630044
Q105654718	6000000069863595352
Q105654719	6000000038476027187
Q10565472	6000000074734503866
Q105654727	6000000097707415852
Q105654733	6000000035017476384
Q105654734	6000000041863323981
Q105654735	6000000026766821902
Q105654736	6000000028586222723
Q105654738	6000000017476464278
Q105654740	4431541713410128786
Q105654742	6000000082717702898
Q105654743	6000000082717102947
Q105654745	6000000049840692885
Q105654750	6000000000061327715
Q105654753	6000000017326773688
Q105654754	6000000017326845258
Q105654755	6000000088306923821
Q105654756	6000000017326788678
Q105654759	6000000100749481869
Q105654760	6000000042911141960
Q105654761	6000000180407199885
Q105654762	6000000027852477977
Q105654764	6000000027849410315
Q105654765	6000000027852639881
Q105654767	6000000027849528640
Q105654768	6000000009967828036
Q105654773	6000000023397691077
Q105654775	6000000032938068939
Q105654778	6000000077020755987
Q10565478	6000000075484349157
Q105654786	6000000180345455821
Q105654789	6000000032614128953
Q105654790	6000000032613271591
Q105654793	6000000051443027890
Q105654796	6000000043429909766
Q105654797	6000000030160819740
Q105654798	6000000034356621986
Q1056548	6000000153590148924
Q105654801	6000000034357114821
Q105654802	6000000154848927880
Q105654804	6000000002562462065
Q105654807	6000000022556711122
Q105654808	6000000022556552855
Q105654811	6000000043194314566
Q105654813	6000000026247856605
Q105654814	6000000198585493856
Q105654819	6000000028142519812
Q105654821	6000000026697196407
Q105654822	6000000164272821156
Q105654905	6000000012677332890
Q105654909	6000000173696833929
Q105654910	6000000018070427027
Q105654916	6000000112079366871
Q105654917	6000000000620406093
Q105654919	6000000048440914340
Q105654920	6000000022380435501
Q105654924	6000000149554371824
Q105654933	6000000034047818173
Q105654935	6000000018940941843
Q105654936	6000000018941457164
Q105654937	6000000017638891079
Q105654938	6000000056214403033
Q105654941	4212787026700041352
Q105654942	6000000056257594908
Q105654945	6000000175685170953
Q105654946	6000000000351863016
Q105654947	6000000068560573925
Q105654948	6000000018691177014
Q105654949	6000000017198776906
Q105654953	6000000067268663876
Q105654957	6000000157515264834
Q105654966	6000000173040989458
Q105654969	6000000021307493450
Q105654971	6000000023076415161
Q105654972	6000000023076076595
Q105654973	6000000018325110146
Q105654974	6000000018637428809
Q105654977	380552485880012169
Q105654980	6000000007849443668
Q105654982	6000000005434828201
Q105654985	6000000008090220209
Q105654990	6000000011206535816
Q105654991	6000000017004400567
Q105654992	6000000035595487974
Q105654995	6000000079839541071
Q105654996	6000000121984183822
Q105655004	6000000036953803972
Q105655006	6000000019468473130
Q105655007	6000000003194512551
Q105655009	6000000032931961077
Q105655010	6000000130203940888
Q105655012	6000000026507793498
Q105655013	6000000045642050905
Q105655016	6000000097066764833
Q105655020	6000000084157261834
Q105655021	6000000189470632822
Q105655022	6000000189470256882
Q105655024	6000000196351770866
Q105655025	6000000084157060988
Q105655026	6000000084157332955
Q105655027	6000000189470523839
Q105655029	6000000007894578235
Q105655031	6000000043001466074
Q105655032	6000000043034168889
Q105655033	6000000027463764918
Q105655037	6000000017326821930
Q105655038	6000000000795173588
Q105655041	6000000068730083078
Q105655045	6000000021026583619
Q105655047	6000000060598074823
Q105655048	6000000060597135441
Q105655049	6000000026848652934
Q105655051	6000000007425900259
Q105655053	6000000006828523614
Q105655055	6000000089355132960
Q105655057	6000000089355496836
Q105655060	6000000126668212921
Q105655066	6000000015305590037
Q105655068	6000000015305569103
Q105655069	6000000015305181998
Q105655070	6000000019286425248
Q105655071	6000000015305539142
Q105655072	6000000021626501765
Q105655074	6000000021627904010
Q105655075	6000000081501578615
Q105655076	6000000026797519159
Q105655080	6000000177606496874
Q105655083	6000000021051588742
Q105655085	6000000021051492769
Q105655087	6000000021051696941
Q105655091	6000000118829026867
Q105655094	6000000038829648220
Q105655097	6000000019264203945
Q105655099	6000000172655245726
Q105655104	6000000024973392471
Q105655109	6000000006156104389
Q105655110	6000000020141864716
Q105655112	6000000028235929714
Q105655115	6000000025054719854
Q105655117	6000000033671819444
Q105655118	6000000024973438371
Q105655124	6000000027742234209
Q105655126	6000000032130188714
Q105655129	6000000050190087901
Q105655132	6000000018095356552
Q105655134	6000000050189841158
Q105655140	6000000015638329197
Q105655141	6000000017506782020
Q105655142	6000000015637788468
Q105655148	6000000013476629061
Q105655149	6000000010393272092
Q105655153	6000000021577340133
Q105655154	6000000015624630837
Q105655155	6000000024088217448
Q105655156	6000000056571968904
Q105655157	6000000056571968894
Q105655158	6000000024087898379
Q105655159	6000000042310227206
Q105655160	6000000003401089565
Q105655161	6000000105845987912
Q105655162	6000000012230813412
Q105655165	6000000069642314725
Q105655169	6000000015282052010
Q10565517	6000000074684940028
Q105655175	6000000016748074991
Q105655176	6000000027691120271
Q105655180	6000000089515618192
Q105655181	6000000003583714905
Q105655182	6000000175974741822
Q105655185	6000000175378867993
Q105655186	6000000211039162823
Q105655188	6000000026591358205
Q105655189	6000000087607203865
Q105655190	6000000087605668141
Q105655191	6000000050461284692
Q105655195	6000000050959516829
Q105655196	6000000070232941834
Q105655198	6000000114763650821
Q105655201	6000000024579964076
Q105655204	6000000024580133870
Q105655206	6000000001675859208
Q105655207	6000000019071736025
Q105655210	6000000029906691620
Q105655213	6000000027087444596
Q105655214	6000000038925233910
Q105655216	6000000027128944789
Q105655218	6000000014733513064
Q105655220	6000000019321201263
Q105655221	6000000019320817637
Q105655223	6000000019321384168
Q105655225	6000000026591383773
Q105655227	6000000009710481695
Q105655230	6000000020249273573
Q105655233	6000000029425252985
Q105655236	6000000007741108347
Q105655237	6000000007633379840
Q105655238	6000000027427295173
Q105655240	6000000027428097547
Q105655241	6000000038627535416
Q105655243	6000000025228384875
Q105655245	6000000077947147422
Q105655250	6000000181606927855
Q105655255	6000000055455085574
Q105655258	6000000026186318498
Q105655260	6000000026187415174
Q105655265	6000000086093817969
Q105655269	6000000056132076958
Q105655272	6000000002562498859
Q105655274	6000000002562498851
Q105655277	6000000047680249068
Q10565528	6000000075484951366
Q105655282	6000000132736893821
Q105655285	6000000132736915833
Q105655288	6000000073312714950
Q105655311	6000000122761950927
Q105655313	6000000020079067611
Q105655321	6000000043382538814
Q105655325	6000000027852115282
Q105655328	6000000006849463110
Q105655333	6000000026795503570
Q105655336	6000000026795815718
Q105655341	6000000043162500455
Q105655345	6000000043163017290
Q105655347	6000000043162986890
Q105655351	6000000084255827118
Q105655354	6000000084256418852
Q105655357	6000000175380870141
Q105655366	6000000063646522905
Q105655374	6000000025648202942
Q105655376	6000000022601557656
Q105655380	6000000013259926496
Q105655383	6000000022602130100
Q105655386	6000000022602233960
Q105655401	4715704696840036893
Q105655402	6000000017218110186
Q105655404	6000000031181614089
Q105655409	6000000046780654823
Q105655411	6000000039398426429
Q105655412	6000000039398268773
Q105655413	6000000052535491919
Q105655414	6000000046211409821
Q105655416	6000000022540309444
Q105655417	6000000022540556828
Q105655418	6000000022540311429
Q105655420	6000000027463013952
Q105655424	6000000034853835844
Q105655427	6000000114761848821
Q105655429	6000000114761834833
Q105655430	6000000014814641557
Q105655432	6000000175689544825
Q105655433	6000000175668733841
Q105655434	6000000175686504846
Q105655438	6000000061304125093
Q105655441	6000000000351821236
Q105655442	6000000000351859482
Q105655445	6000000001152947218
Q105655446	6000000120987362825
Q105655447	6000000015875852290
Q105655452	6000000019357309477
Q105655453	6000000092140722821
Q105655455	6000000037333220067
Q105655457	6000000019357400505
Q105655459	6000000019357400484
Q105655465	6000000022600737885
Q105655468	6000000061130466838
Q105655469	6000000061131221006
Q105655471	6000000069818421135
Q105655475	6000000192081389843
Q105655477	6000000105923399361
Q105655478	6000000018077377351
Q105655482	6000000029611169014
Q105655483	6000000057677082223
Q105655487	6000000026185339416
Q105655488	6000000082645330403
Q105655489	6000000026187176022
Q105655493	6000000017155893851
Q105655494	6000000017157768102
Q105655495	6000000070160511428
Q105655496	6000000023383223950
Q105655497	6000000023384016929
Q105655498	6000000023381723393
Q105655499	6000000018766572780
Q105655501	6000000003827308661
Q105655503	6000000018766439263
Q105655506	6000000204647693840
Q105655508	6000000173129812986
Q105655509	6000000173129812973
Q105655510	6000000196856991907
Q105655511	6000000196857562830
Q105655512	6000000196857608821
Q105655513	334228533940004524
Q105655514	6000000031053179463
Q105655515	334617995120013538
Q105655517	6000000194681159821
Q105655521	6000000002802988400
Q105655522	6000000214730969833
Q105655526	6000000056594554843
Q105655534	6000000197610640833
Q105655538	6000000018262757014
Q105655539	6000000065490821860
Q105655544	6000000083111649213
Q105655545	6000000094624384864
Q105655546	6000000066921116923
Q105655550	6000000028258915239
Q105655551	6000000017273417327
Q105655553	6000000077023665876
Q105655554	6000000019360184861
Q105655556	6000000077023221458
Q105655558	6000000188855976842
Q105655559	6000000201960530877
Q105655561	6000000030615529632
Q105655562	6000000093868668055
Q105655563	6000000186704665886
Q105655566	6000000038482341131
Q105655567	6000000038482598843
Q105655568	6000000032899524952
Q105655570	6000000031728358201
Q105655571	6000000017686890019
Q105655573	6000000031957832541
Q105655575	6000000092482595961
Q105655576	6000000092636528848
Q105655578	4026621614960010981
Q105655580	6000000030482007148
Q105655581	6000000091627493823
Q105655584	6000000014099114709
Q105655585	6000000021956876239
Q105655587	6000000016145411216
Q105655588	6000000014100382503
Q105655589	6000000009257495469
Q105655590	6000000030329155723
Q105655592	6000000022303813662
Q105655594	6000000039876909749
Q105655597	6000000016264575579
Q105655598	6000000029703926135
Q105655599	6000000015683882224
Q105655600	6000000152757184857
Q105655601	6000000014545967902
Q105655607	6000000027449472802
Q105655610	6000000009795120593
Q105655611	6000000053558616985
Q105655615	6000000039402741050
Q105655618	6000000018017885507
Q105655620	6000000018016266602
Q105655622	6000000020801165293
Q105655629	6000000021011792665
Q105655630	6000000012504023168
Q105655631	6000000017477072858
Q105655633	6000000015422038355
Q105655634	6000000000243874924
Q105655635	6000000001829387128
Q105655638	6000000018260746318
Q105655639	6000000019506495425
Q105655640	6000000094772761880
Q105655643	6000000039885078575
Q105655645	6000000049535345854
Q105655646	6000000007183518028
Q105655647	6000000036666452375
Q105655649	6000000036706033694
Q105655650	6000000036708115027
Q105655651	6000000007183698320
Q105655652	6000000036666483223
Q105655653	6000000009298680003
Q105655654	6000000032690625081
Q105655657	6000000122511317981
Q105655659	6000000018107924933
Q105655662	6000000018108370555
Q105655665	6000000040410901151
Q105655668	6000000025331244114
Q105655670	6000000015829052084
Q105655673	6000000015828966285
Q105655677	6000000027650377544
Q105655678	6000000001372344034
Q105655679	6000000001372188899
Q105655681	4259877991290064103
Q105655683	6000000054939425821
Q105655687	6000000018748044176
Q105655696	6000000026301462813
Q105655697	6000000026301407314
Q105655698	6000000026301425923
Q1056557	6000000157400634822
Q105655700	6000000129548084854
Q105655706	6000000007410361650
Q105655707	6000000007410302609
Q105655710	6000000019909617024
Q105655712	6000000019907083352
Q105655714	6000000017008798511
Q105655718	6000000025294577471
Q105655722	6000000055820310049
Q105655723	6000000055821354845
Q105655724	6000000210103757823
Q105655727	6000000002113676559
Q105655728	6000000041720366548
Q105655729	6000000065582295245
Q105655730	6000000066757728909
Q105655731	6000000018656896072
Q105655732	6000000176763474848
Q105655737	6000000068099053840
Q105655743	6000000033901550296
Q105655744	6000000094476901842
Q105655745	6000000094475337863
Q105655746	6000000024237128031
Q105655747	6000000020190096655
Q105655749	6000000020190131490
Q105655750	6000000041424104102
Q105655751	6000000041423313645
Q105655752	6000000041423910328
Q105655753	6000000035959133181
Q105655755	6000000034259668207
Q105655757	6000000000351790876
Q105655758	6000000000351795099
Q105655760	6000000000351795576
Q105655761	6000000019536475408
Q105655762	6000000017506196408
Q105655766	6000000059646195830
Q105655772	6000000042497779985
Q105655773	6000000024585770717
Q105655774	6000000059646371833
Q105655775	6000000059645468302
Q105655778	6000000018300337092
Q105655780	6000000025942775327
Q105655782	6000000018300305108
Q105655784	6000000003362020625
Q105655788	6000000019456362513
Q105655799	6000000016360002210
Q105655801	6000000019160961513
Q105655805	6000000020612622465
Q105655816	6000000154704164833
Q105655817	6000000154710513828
Q105655822	6000000009254382491
Q105655827	6000000009254219992
Q105655829	6000000009254382488
Q105655833	6000000015641834230
Q105655837	6000000032893287618
Q105655843	6000000003782318105
Q105655845	6000000000351900988
Q105655848	6000000024860475163
Q105655850	6000000043302749442
Q105655857	6000000028522576603
Q105655861	6000000057288281918
Q105655866	6000000148051578905
Q105655868	6000000103010745997
Q105655871	6000000008276822957
Q105655879	6000000014776473639
Q105655881	6000000033690999942
Q105655882	6000000028522815929
Q105655885	6000000027292271255
Q105655889	6000000196587152832
Q105655891	6000000004553489085
Q105655899	6000000048897759127
Q105655902	6000000002775836922
Q105655906	6000000002775836978
Q105655910	6000000036754422682
Q105655915	6000000042716753072
Q105655917	6000000042716906871
Q105655934	6000000126664768903
Q105655935	6000000126664511916
Q105655939	6000000069558614026
Q105655942	6000000043474304204
Q105655944	6000000043475841821
Q105655947	6000000043473427459
Q105655949	6000000043473434294
Q105655951	6000000040411126553
Q105655954	6000000076036644077
Q105655956	6000000076036878891
Q105655959	6000000076036302166
Q105655961	6000000023400727142
Q105655966	6000000039688922886
Q105655968	6000000022601047720
Q105655971	6000000014767215621
Q105655973	6000000014408618148
Q105655994	6000000015852417861
Q105656002	6000000041427938991
Q105656006	6000000000482548641
Q105656009	6000000029392376606
Q105656013	6000000001321802011
Q105656020	5213816243350112155
Q105656026	6000000038423606933
Q105656030	6000000003330419461
Q105656034	6000000043303241912
Q105656038	6000000027853987464
Q105656040	6000000033145188044
Q105656045	6000000068239422878
Q105656046	6000000164573648821
Q105656055	6000000164576495821
Q105656058	6000000027854260510
Q105656061	6000000003330140873
Q105656063	6000000164570316030
Q105656065	6000000003323968137
Q105656067	6000000033267062724
Q105656070	6000000019584228084
Q105656072	6000000176430621840
Q105656084	6000000155015777825
Q105656088	6000000046152739929
Q105656091	5079304216380030305
Q105656093	5079304183000030399
Q105656117	6000000026438652842
Q105656125	6000000084142654982
Q105656126	6000000189701901821
Q105656135	6000000037718164981
Q105656138	6000000048124603118
Q105656140	6000000050679006397
Q105656142	6000000050678774475
Q105656154	6000000076491058970
Q105656163	6000000069579804882
Q105656169	6000000033257197197
Q105656175	6000000079129517821
Q105656180	6000000079127882983
Q105656184	6000000000351821891
Q105656191	6000000040344819989
Q105656193	6000000025498075662
Q105656196	6000000026732611147
Q1056562	6000000079601738832
Q105656201	6000000026731708802
Q105656211	6000000015118350007
Q105656219	6000000015118343030
Q105656224	6000000004164016860
Q105656226	6000000003933869138
Q105656228	6000000027113420071
Q105656230	6000000018502291798
Q105656233	6000000018503453353
Q105656242	6000000045948395016
Q105656244	6000000145945400848
Q105656255	6000000024875462043
Q105656266	6000000024875061482
Q105656268	6000000024875460931
Q105656277	6000000179080605824
Q105656278	6000000000795217795
Q105656280	6000000031587853458
Q105656283	6000000076695578010
Q105656286	6000000041309479107
Q105656288	6000000023235476716
Q105656289	6000000019627846451
Q10565629	6000000074786612248
Q105656291	6000000041309880056
Q105656293	6000000000795217827
Q105656297	6000000043331816901
Q105656302	6000000019628430174
Q105656306	6000000185965094075
Q105656311	6000000076692825645
Q105656313	6000000041308765617
Q105656316	6000000107536468020
Q105656318	6000000031588265838
Q105656322	6000000084940823894
Q105656324	6000000076742751397
Q105656326	6000000000351802892
Q105656329	6000000031243204896
Q105656331	6000000005735669031
Q105656335	6000000005755182387
Q105656337	6000000078709068175
Q105656343	6000000217100977822
Q105656345	6000000111106797876
Q105656352	6000000163375587857
Q105656362	6000000009515222623
Q105656366	6000000076780925292
Q105656382	6000000180802370833
Q105656386	6000000015876914426
Q105656389	6000000074122708821
Q105656392	6000000010261895746
Q105656396	6000000010262102076
Q105656398	6000000014859523592
Q105656401	6000000010261914073
Q105656403	6000000166389289318
Q105656404	6000000166389581244
Q105656406	6000000167059227976
Q105656414	6000000013126760740
Q105656419	6000000035021223916
Q105656428	6000000007849363430
Q10565643	6000000074685203986
Q105656436	6000000007904493344
Q105656443	6000000139310113941
Q105656447	6000000139310398905
Q105656456	6000000026725665030
Q10565646	6000000074792570892
Q105656474	6000000007368828098
Q105656476	6000000194369110824
Q105656479	6000000018328807400
Q105656499	6000000018205612085
Q105656510	6000000007204230387
Q10565667	6000000074785301333
Q105656872	6000000062177912045
Q105657539	6000000077809851249
Q105657544	6000000007138246204
Q105657551	6000000014652577558
Q105657553	6000000082649695007
Q105657554	6000000052175349041
Q105657555	6000000018615559423
Q105657556	6000000022352882286
Q105657560	6000000026076671354
Q105657566	6000000003974718663
Q105657569	6000000093062065889
Q105657572	6000000178264388902
Q105657575	6000000013789987145
Q105657576	6000000162646506832
Q105657579	6000000194800528821
Q105657580	6000000098334418828
Q105657581	6000000087734970953
Q105657583	6000000002256601143
Q105657585	6000000059603342848
Q105657586	6000000037190030818
Q105657592	6000000074720848027
Q105657595	6000000088168561872
Q105657599	6000000035113558164
Q105657613	6000000080084012343
Q105657614	6000000016436291726
Q105657615	6000000020238484862
Q105657623	6000000015314093242
Q105657624	6000000069510821050
Q105657626	6000000069510997905
Q105657630	6000000081367542844
Q105657633	6000000034581184597
Q105657634	6000000019466316236
Q105657638	6000000164654523931
Q105657639	6000000032595229606
Q105657640	6000000079948755951
Q105657641	6000000057455950090
Q105657647	6000000193195672833
Q105657649	6000000023321887178
Q105657651	6000000126812846821
Q105657653	6000000193421722834
Q105657656	6000000011789400560
Q105657657	6000000050092171888
Q105657659	6000000060388905821
Q105657660	6000000070555882096
Q105657661	6000000018653773362
Q105657668	6000000170419880017
Q105657670	6000000067011666330
Q105657677	6000000034418874114
Q105657678	6000000019274423571
Q105657680	6000000017118554447
Q105657685	6000000038343152233
Q105657686	6000000123768515852
Q105657690	6000000034588007360
Q105657694	6000000033528424914
Q105657696	6000000016136369034
Q105657697	6000000203522373887
Q105657698	6000000197408345857
Q105657699	6000000019631665166
Q105657705	6000000084425202040
Q105657708	6000000042209453893
Q105657710	6000000192730260822
Q105657712	6000000072066836939
Q105657715	6000000076258560077
Q105657721	6000000165412315904
Q105657724	6000000015103253641
Q105657726	6000000046793078319
Q105657729	6000000190510490879
Q105657731	6000000133456787825
Q105657733	6000000015957379944
Q105657739	6000000136818051250
Q105657742	6000000002790247725
Q105657745	6000000159191959947
Q105657751	6000000039981049058
Q105657755	6000000079675628884
Q105657758	6000000177684186845
Q105657764	6000000052728246834
Q105657765	6000000197541803833
Q105657797	6000000041689216140
Q105657800	6000000090533519351
Q105657802	6000000122421216858
Q105657806	6000000019143072090
Q105657807	6000000018469511601
Q105657808	6000000077426847169
Q105657814	6000000024142901283
Q105657816	6000000046232805114
Q105657819	6000000010967437915
Q105657821	6000000018616214125
Q105657822	6000000129531591908
Q105657825	6000000095333203917
Q105657826	6000000036923682060
Q105657830	6000000069257171039
Q105657832	6000000018727453394
Q105657841	6000000073051647931
Q105657844	6000000180862626878
Q105657845	6000000010130558411
Q105657846	6000000000363152072
Q105657848	6000000020846453866
Q105657849	6000000160395655821
Q105657853	6000000010799057879
Q105657857	6000000077420877854
Q105657860	6000000019222590222
Q105657863	6000000078625718400
Q105657864	6000000117715675865
Q105657865	6000000060824975821
Q105657866	6000000026593192449
Q105657867	6000000085602012996
Q105657868	6000000023852743717
Q105657869	6000000042581438504
Q105657870	6000000078619661495
Q105657877	6000000005168409002
Q105657882	6000000095783285849
Q105657884	6000000034727454380
Q105657887	6000000192710282835
Q105657888	6000000076932126574
Q105657889	6000000192710085882
Q105657890	6000000084697299968
Q105657891	6000000192710338827
Q105657894	6000000018092754885
Q105657896	6000000041990154623
Q105657901	6000000122650077852
Q105657904	6000000029837890471
Q105657907	6000000060395019882
Q105657909	6000000216573590846
Q105657914	6000000173831983853
Q105657918	6000000197525109896
Q105657921	6000000035067263415
Q105657925	6000000110667345922
Q105657927	6000000178189127918
Q105657930	6000000178400885899
Q105657934	6000000169275537849
Q105657937	6000000025155094821
Q105657938	6000000099603442834
Q105657941	6000000216393838821
Q105657942	6000000018521493019
Q105657943	6000000020624302268
Q105657945	6000000088185824929
Q105657946	6000000166597098851
Q105657947	6000000074583255119
Q105657948	6000000050290449925
Q105657949	6000000193422026838
Q105657950	6000000024293534770
Q105657951	6000000205298768869
Q105657954	6000000007591294233
Q105657955	6000000041655195556
Q105657956	6000000001274011019
Q105657960	6000000020547517191
Q105657961	6000000027871510814
Q105657965	6000000018520852537
Q105657966	6000000018520874933
Q105657967	6000000019360398001
Q105657968	6000000020275272162
Q105657970	6000000103356799678
Q105657971	6000000082974071887
Q105657973	6000000020790214427
Q105657974	6000000078940578386
Q105657977	6000000021036421887
Q105657978	6000000096329985914
Q105657979	6000000187425774895
Q105657981	6000000036924275871
Q105657982	6000000036924209937
Q105657983	6000000177335661931
Q105657986	6000000078454903846
Q105657987	6000000178399824936
Q105657988	6000000178402056847
Q105657991	6000000036773068259
Q105657993	6000000028582216090
Q105657994	6000000019963628978
Q105657997	6000000059546721926
Q105658001	6000000176528332854
Q105658005	6000000015151962704
Q105658008	6000000028477296159
Q105658010	6000000028392828581
Q105658014	6000000181188078853
Q105658017	6000000008969850580
Q105658022	6000000202020746843
Q105658024	6000000020639802359
Q105658025	6000000097622441910
Q105658028	6000000071750991044
Q105658032	6000000097622224940
Q105658035	6000000017559513722
Q105658036	6000000053486672897
Q105658039	6000000082707981284
Q105658040	6000000098886959893
Q105658041	6000000082709145898
Q105658042	6000000036469357518
Q105658047	6000000006873114740
Q105658050	6000000050359219142
Q105658051	6000000043594974100
Q105658058	6000000019467343232
Q105658059	6000000016908492881
Q105658060	6000000077120263367
Q105658061	6000000200040796844
Q105658064	6000000056314611970
Q105658067	6000000100733503831
Q105658069	6000000020346718479
Q105658071	6000000088267106885
Q105658074	6000000055744440018
Q105658076	6000000037062780902
Q105658078	6000000074843161824
Q105658079	6000000048059467105
Q105658081	6000000015166460321
Q105658084	6000000140694856454
Q105658101	6000000143393592823
Q105658102	6000000143393147821
Q105658104	6000000021584206351
Q105658105	6000000018505682487
Q105658254	6000000011472370127
Q105658255	6000000210035526822
Q105658260	6000000059646313824
Q105658264	6000000084542740906
Q105658265	6000000070182283848
Q105658286	6000000084696426714
Q105658290	6000000112541005313
Q105658854	6000000014695221508
Q105659	6000000051883162120
Q10565911	6000000074724969212
Q105659355	6000000026828456605
Q105659382	6000000090505625410
Q105659393	6000000051948664118
Q105659410	6000000090507905833
Q105659439	6000000032111268917
Q105659445	6000000029450010468
Q105659500	6000000029465318770
Q1056598	6000000025820651186
Q105660192	6000000025709134135
Q105660271	6000000037077071056
Q10566046	6000000075406140894
Q10566056	6000000023810161326
Q10566059	6000000074711749911
Q10566064	6000000074730425667
Q10566122	6000000020601979689
Q10566145	6000000075406203946
Q10566153	6000000074749009116
Q1056616	6000000079834537921
Q10566202	6000000020602069295
Q105662050	6000000166196774914
Q1056621	6000000038818740845
Q105662165	6000000030815701647
Q105662186	6000000094290869398
Q105662195	6000000023421652775
Q1056622	6000000163605022928
Q105662930	6000000006917030243
Q10566295	6000000004147192476
Q10566297	6000000074714170091
Q10566301	6000000075424175958
Q105664630	6000000011423783198
Q10566505	6000000075397955886
Q105665064	6000000033164021420
Q10566512	6000000075428942891
Q105665421	6000000033163892594
Q105665882	6000000046097698847
Q105666	6000000007103287184
Q10566608	6000000074715059009
Q10566624	6000000074769576149
Q10566625	6000000081534074847
Q105666453	6000000069728119834
Q105666474	6000000011813060439
Q105666513	6000000069727906889
Q105666551	6000000071572446846
Q105666681	6000000001383092035
Q105666683	6000000001383089990
Q105666748	6000000001383118899
Q10566694	6000000074735951046
Q105667063	6000000019912894562
Q10566811	6000000074698779896
Q10566814	6000000074769047148
Q10566821	6000000075049404437
Q10566822	6000000075429016122
Q10566842	6000000075063259870
Q105668683	6000000002467968137
Q105669	6000000078055364411
Q10566913	6000000074717708200
Q10566915	6000000074705265132
Q10566932	6000000074758087905
Q105669405	6000000092040541308
Q10566948	6000000074707158488
Q105669518	6000000003797449095
Q105669612	6000000037962346888
Q10566966	6000000075326324236
Q10566997	6000000075426497934
Q10566998	6000000050565569900
Q105670005	6000000079046404114
Q105670007	6000000058232557822
Q105670042	6000000015609041745
Q105670114	6000000022967620444
Q105670355	6000000016322763787
Q105670384	6000000068154525828
Q105670386	6000000068154346992
Q105670394	6000000016322905087
Q105670394	6000000068154240037
Q105670686	6000000029443881771
Q105670751	6000000052155030021
Q1056708	6000000145023635961
Q105670855	6000000016420426374
Q10567154	6000000075486952113
Q10567174	6000000074727874040
Q10567181	6000000074728517870
Q10567184	6000000075326672908
Q10567193	6000000074749924008
Q105671937	6000000092908743872
Q10567228	6000000075486725342
Q10567246	6000000074750111835
Q10567264	6000000074749810034
Q10567264	6000000075487006879
Q1056728	6000000178271802835
Q1056734	6000000134601584968
Q10567376	6000000075431272845
Q10567407	6000000074698637159
Q10567410	6000000074727205096
Q10567452	6000000009928567322
Q105675	6000000014384741820
Q105675827	6000000056042418839
Q1056780	6000000143326543340
Q105679898	6000000004169926824
Q105681995	6000000018857693508
Q105682	6000000104629805851
Q105682224	6000000003681236904
Q105682400	6000000006283583577
Q105682430	6000000009278267332
Q105682437	6000000009277950214
Q105682477	6000000002467879547
Q105682487	6000000008258683617
Q105682500	6000000007499026727
Q105682548	6000000163433223996
Q105682555	6000000001316186138
Q105682557	6000000008180433412
Q105682588	6000000039077709371
Q105682589	6000000039077745271
Q105682590	6000000039077683262
Q1056834	6000000013247490776
Q105683404	6000000165983678977
Q105683440	4799724408790124566
Q105683441	6000000039306527745
Q105683442	6000000039328219078
Q105683443	4799857488870052404
Q105683499	6000000013486318607
Q105683500	6000000013485704737
Q105683503	6000000013485683302
Q105683504	6000000011139975941
Q105683506	6000000013485434854
Q105683552	6000000013485684626
Q105683613	4815288195540034146
Q105684712	6000000017399301828
Q1056862	6000000143334986831
Q105686320	6000000007406316659
Q105686435	6000000005033951707
Q105686580	6000000021274650481
Q105687074	6000000017400552034
Q105687121	6000000017399352200
Q1056872	6000000142888485945
Q105687233	6000000000458972910
Q105687442	6000000017307750052
Q105687452	6000000031416241111
Q105687464	4517241923820020739
Q105687480	4517223927040089412
Q105687647	6000000024116138208
Q105687784	6000000050175834567
Q105687985	6000000014302376397
Q1056880	6000000090967495821
Q105688240	6000000136801161821
Q105688528	6000000001504453613
Q105688605	6000000035161141840
Q105688705	6000000113753145054
Q1056898	6000000008860846201
Q1056905	6000000140879877823
Q105691323	6000000034433534438
Q1056914	6000000142893469129
Q105692340	6000000215832904822
Q105693356	6000000016852009966
Q105694113	6000000014570745083
Q105694418	6000000019033378721
Q105695232	6000000024294379191
Q105695232	6000000132809748821
Q105695236	6000000000664592251
Q105695246	6000000019381269060
Q105695262	6000000019380772425
Q105695273	6000000019380614240
Q105695281	6000000009041361961
Q105695282	6000000000484387122
Q105695295	6000000000664351026
Q105695296	6000000010496929904
Q105695299	6000000009553748430
Q105695319	6000000084587449994
Q105695551	6000000025891298869
Q105695552	6000000019215594055
Q105695595	6000000082685080496
Q105695729	6000000009944106488
Q105695791	6000000003197842376
Q105695846	6000000003197988901
Q1056964	6000000198613467831
Q105696411	6000000052693776147
Q105696465	6000000036931964945
Q105696469	6000000214715618829
Q105696482	6000000172705007388
Q105696489	6000000198350348830
Q105696493	6000000198349614837
Q105696506	6000000198340541835
Q105696508	6000000198340527850
Q105696512	6000000198340652837
Q1056967	6000000174487835016
Q105697778	6000000016750158418
Q105697795	6000000004094717759
Q105697796	6000000190450451538
Q105698279	6000000025939578403
Q105698321	6000000076736165011
Q105698324	6000000034425034776
Q105699	6000000078047132500
Q1056990	6000000030400026851
Q105700278	6000000048527348148
Q105700596	6000000018857808155
Q105700804	6000000079689420023
Q105701	6000000037702098186
Q105701926	6000000080282955825
Q105702013	6000000018079686682
Q105702569	6000000001247559930
Q105702593	6000000051949297839
Q105702967	6000000018857644934
Q105703097	6000000024644886792
Q105703135	6000000019381509165
Q105703175	6000000156511942836
Q105703729	6000000222218248995
Q10570466	6000000018847632484
Q105704782	6000000000501681862
Q105704793	6000000014862918233
Q105704797	6000000006277720163
Q105704803	6000000012887791729
Q105704806	6000000007340569408
Q105704808	6000000025498396522
Q105704818	6000000047099237873
Q105704820	6000000007446911577
Q105704835	6000000007512044758
Q105704838	6000000041012961484
Q105704846	6000000055358757844
Q105704961	6000000034072864097
Q105704968	6000000000619233552
Q105704997	6000000002732748301
Q105705007	6000000036544379242
Q105705013	6000000061233630943
Q105705016	6000000003581054921
Q105705019	6000000000497726404
Q105705022	6000000002955063726
Q105705032	6000000007804588421
Q105705037	6000000003793757197
Q105705053	6000000059906802178
Q105705057	6000000035346890080
Q105705214	6000000008338699933
Q105705215	6000000010517248759
Q105705224	6000000007304487282
Q105705226	6000000006841814092
Q105705242	6000000011350107771
Q105705249	6000000012478871345
Q105705254	6000000060616744018
Q105705255	6000000003582304491
Q105705257	6000000013086732175
Q105705258	6000000004556687705
Q105705264	6000000000510614194
Q105705275	6000000002509186418
Q105705276	6000000003352327546
Q105705281	6000000030829503332
Q105705286	6000000007059772998
Q105705287	6000000000100890656
Q105705291	6000000001862179724
Q105705387	6000000002375393234
Q105705389	6000000008906503894
Q105705390	6000000035288682887
Q105705393	6000000067492716832
Q105705399	6000000001698836144
Q105705408	6000000013363394695
Q105705410	6000000020787004308
Q105705417	6000000027324911976
Q105705431	6000000008129641569
Q105705434	6000000011533980129
Q105705435	6000000000295835402
Q105705440	6000000063352946857
Q105705442	6000000006845001855
Q105705455	6000000013416418069
Q105705458	6000000011034216403
Q105705459	6000000034283310041
Q105705555	6000000025138039382
Q105705558	6000000000755634336
Q105705568	6000000002996629233
Q105705569	6000000047703063972
Q105705577	6000000001389335105
Q105705579	5299091196130108853
Q105705582	6000000036135319040
Q105705588	6000000000623238237
Q105705595	6000000002394099466
Q105705600	6000000023541240459
Q105705601	6000000011893927521
Q105705602	6000000046289978954
Q105705606	6000000002216181291
Q105705620	6000000011889624187
Q105705624	6000000012019960516
Q105705625	6000000004140255492
Q105705768	6000000023058669433
Q105705785	6000000023342113568
Q105705801	6000000011606238335
Q105705910	6000000046289685864
Q105705988	6000000001222250227
Q105705992	6000000001211385039
Q105706009	6000000003076674292
Q105706030	6000000003075978739
Q105706033	4214959423900053644
Q105706288	6000000009944038321
Q105706515	6000000017322318676
Q105706930	6000000016542059055
Q105707199	6000000082750811957
Q105709469	6000000009035470707
Q105709753	6000000002659680369
Q105709783	6000000010443364286
Q105709876	6000000018751001010
Q105709900	6000000004168813584
Q105709928	6000000039091451942
Q105709944	6000000001091877044
Q105709960	6000000027307790862
Q105710045	6000000051551342967
Q105710302	6000000015740889174
Q105710399	6000000007097731068
Q105711020	6000000163841858987
Q105711039	6000000010860303021
Q105711692	6000000048786387922
Q105711699	6000000010502657830
Q105711745	6000000010858018681
Q105712225	6000000007455513411
Q105712350	6000000046524295096
Q105712886	6000000016551933454
Q105712988	6000000051601639061
Q105713636	6000000016552247343
Q105713995	6000000051601360934
Q105714687	6000000126208431841
Q105714744	6000000013018472472
Q105715237	6000000011643944372
Q105716559	6000000002811695159
Q105716669	4156058419750058881
Q105717403	6000000013372670860
Q105717405	6000000026700382240
Q105717406	6000000025529077741
Q105718235	6000000062581676922
Q105719	6000000013611521514
Q105719288	6000000000705726832
Q105719297	6000000025607718281
Q105721	6000000028125711162
Q105721117	6000000000655933719
Q105722355	6000000001171009226
Q105724744	6000000008031790352
Q105724824	6000000018467057170
Q105724904	6000000009296021919
Q105725033	6000000018857824663
Q105726116	376797617940011120
Q105728132	6000000050736988853
Q105728163	6000000172791154865
Q1057282	6000000168136068251
Q105728219	6000000083199870010
Q105728676	6000000024359979168
Q105729047	6000000207299056824
Q105729091	6000000094084520950
Q105729455	6000000024373745602
Q105729695	6000000007014445011
Q105730818	6000000055063551864
Q105730897	6000000150889793065
Q105731071	6000000030731532182
Q105731638	6000000024667968739
Q105731672	6000000024668735422
Q1057343	6000000030820322856
Q105734811	328016105930007112
Q105736101	6000000170411837980
Q1057366	6000000174820598038
Q105737016	6000000019671997022
Q105740137	6000000006822607166
Q105740840	6000000149681767839
Q105741139	6000000069866576240
Q105741448	6000000016623432108
Q1057418	6000000013568283723
Q105744	6000000014384795398
Q105745210	6000000026036007043
Q105745461	6000000173857205916
Q105745714	6000000022217557914
Q105747034	6000000018427756314
Q105747157	6000000041383905150
Q105747354	6000000014355480495
Q105748351	370599288830013871
Q105748514	6000000043679135533
Q105748614	6000000010629469031
Q105748660	6000000006740349567
Q105748817	6000000008424491346
Q105748883	6000000014677484930
Q105748889	6000000014805334146
Q105748900	6000000061815914933
Q105748900	6000000218191001910
Q105748901	6000000018237592257
Q105748973	6000000024789414885
Q105748974	6000000015388171337
Q105748974	6000000039718420909
Q105748974	6000000176783494821
Q105749002	6000000008536933009
Q105749222	6000000055363758869
Q105750165	6000000010191105572
Q105750224	6000000014673533742
Q105750341	6000000006736913045
Q105750676	6000000006962933281
Q105750976	6000000172258265822
Q105751627	6000000221923415950
Q105751892	6000000053294942178
Q105751896	6000000032962823836
Q105752053	6000000034515642574
Q105752212	6000000034516120065
Q105752326	6000000008988408185
Q105752371	6000000070393880863
Q105753269	6000000016814112721
Q105756	6000000013402417037
Q105756272	6000000007270957281
Q105756337	6000000030903932125
Q105756379	6000000033560641368
Q105756392	6000000016988764032
Q105756505	6000000053936728835
Q105756549	6000000025236796119
Q105756552	6000000016793382159
Q105756606	6000000019933532751
Q105756668	6000000016552373219
Q105756807	6000000010725695878
Q105757344	6000000029537060248
Q105757366	6000000033144615038
Q105757395	5580583477890104246
Q105757408	5658267220990030083
Q105757446	6000000002006366329
Q105757447	6000000000613954203
Q105757453	6000000000614386219
Q105757531	6000000223916594834
Q105757748	6000000008875089351
Q105758273	6000000180140956913
Q105758429	6000000017214294273
Q105758579	6000000036976444942
Q105758584	4434173017730026470
Q105758590	6000000036976499927
Q105758592	4434174604840086058
Q105758631	4532162662970124838
Q105758656	4532174926970071030
Q105759433	6000000078812379839
Q105759837	6000000046998266109
Q105760910	6000000077548691945
Q105761008	6000000028828454284
Q105761025	6000000025662813880
Q105761160	6000000005570794071
Q105761189	6000000005570874209
Q105761468	6000000176469291835
Q105761619	6000000015768691290
Q105762165	6000000093402051964
Q105762306	6000000007209138633
Q105762649	6000000069375237010
Q105763011	6000000132405600422
Q105763015	6000000132358576071
Q105763233	6000000183990850886
Q105763435	6000000000129397292
Q105763453	6000000052130945842
Q105763658	6000000017136725949
Q105763690	6000000018128707463
Q105763778	6000000021716256843
Q105763823	6000000181357032837
Q105763889	6000000007235719942
Q105764081	6000000031022424823
Q105764082	6000000031022023461
Q105764091	6000000115312049077
Q105765472	6000000017190185581
Q105768302	6000000006444188391
Q105768303	6000000006444183680
Q105768304	6000000006444099246
Q105768765	6000000003463808333
Q105768941	6000000017823108001
Q105769398	6000000005689140001
Q105770510	6000000004286775594
Q105770537	6000000007271559269
Q105770538	6000000003541288014
Q105770540	6000000009431462576
Q105770548	6000000003610417257
Q105770549	6000000006444422831
Q105770550	6000000003609947995
Q105770551	6000000003610273669
Q105770552	6000000003541288022
Q105770554	6000000006444353242
Q105770558	6000000007271342378
Q105770563	6000000007963368641
Q105770570	6000000011072732057
Q105770641	6000000006444115558
Q105771270	6000000006736087008
Q105771492	6000000018714453128
Q105771906	6000000080452293298
Q1057727	6000000184495203856
Q105773130	6000000018587823513
Q1057736	6000000048355624972
Q105773610	6000000061109701094
Q1057754	4872665014780080960
Q105776650	6000000076977812705
Q105778298	6000000183534306840
Q105779289	6000000100153099924
Q105779314	6000000100151860202
Q105779318	6000000100153039942
Q105779352	6000000100153307837
Q105779374	6000000100167571887
Q105779481	6000000070193829347
Q105779527	6000000100152927007
Q105779563	6000000100153110977
Q105779635	6000000100153526836
Q105779644	6000000100151261303
Q105779741	6000000154663253827
Q105779763	6000000070007238112
Q105779773	6000000154662434903
Q105786	6000000076461938185
Q10578653	6000000006168592088
Q10578690	6000000011155603418
Q105787847	6000000056605351848
Q105787850	6000000008798690842
Q105787853	6000000004867739863
Q105791064	6000000006444774984
Q105791070	6000000006444081850
Q105791220	6000000006721890345
Q105792	6000000031130305153
Q105792282	6000000033336176040
Q1057926	6000000009928957702
Q1057936	6000000086422540997
Q1057939	6000000006789426712
Q105796063	6000000009744380937
Q105796067	6000000008857442587
Q105796092	6000000007398563218
Q105796106	6000000007436485252
Q105796146	6000000007398344622
Q105796148	6000000009034010504
Q105796150	6000000010241258477
Q105796279	378425519800006577
Q105796366	6000000007977995628
Q105796391	6000000003194023191
Q105796455	6000000011851221913
Q105797597	6000000016640163794
Q105798	5517549557520132512
Q105798431	2207074
Q105798703	6000000015742213804
Q105798793	6000000015741872772
Q105798846	6000000015742514007
Q105798863	6000000015852381798
Q105798888	6000000015742412399
Q105798910	6000000015742107874
Q105798946	6000000002115981430
Q105798993	6000000015445585230
Q105799174	6000000005925066032
Q105799175	6000000079083341740
Q105799178	6000000079085405910
Q105799179	6000000034587854232
Q105799184	6000000079080091089
Q105799190	6000000034588012146
Q105799202	6000000016073746196
Q105799204	6000000016128486363
Q105799205	6000000016128617002
Q105799209	6000000001637061811
Q105799466	6000000106991628902
Q105799471	6000000017002264945
Q105799489	6000000019934206592
Q105799500	6000000002278284236
Q105799531	6000000016353046346
Q105799543	6000000049495310879
Q105799548	6000000049496640959
Q105799764	6000000003681497625
Q105799765	6000000078562361062
Q105799997	6000000082464397302
Q1058	6000000188270430837
Q105800098	6000000118842554862
Q105800302	6000000082464909280
Q105800302	6000000082602734921
Q105800473	6000000006728030047
Q105800609	6000000010152675752
Q105800656	6000000034008931394
Q105800660	6000000034009337209
Q105801359	6000000003649653308
Q105801389	6000000021048985476
Q105801395	343013188450010066
Q105801396	6000000003522918474
Q105801402	6000000000816962186
Q105801405	6000000020056416419
Q105801709	6000000038827022266
Q105802018	6000000082463847821
Q105802220	6000000001354624308
Q105802226	6000000002244090736
Q105802227	6000000006444700688
Q105802518	6000000026892201436
Q105802795	6000000010967716917
Q105802876	6000000000123555242
Q105802879	6000000000123446659
Q105803010	6000000021071647493
Q105803105	6000000001531251556
Q105803108	6000000000708901186
Q105803109	6000000006963618331
Q105803116	6000000002430514760
Q105803117	6000000002430413276
Q105803300	6000000018711515862
Q105803308	6000000050878474562
Q105803317	6000000018711018739
Q105803319	6000000018711665345
Q105803322	6000000018711651580
Q105803581	6000000024918474450
Q105803707	6000000080872784944
Q105803911	6000000002674751299
Q105803912	6000000009314489018
Q105803926	6000000004980074477
Q105804227	6000000021471831404
Q105804258	6000000033270370653
Q105804263	6000000033285221072
Q105804292	6000000033272087880
Q105804338	6000000006971954660
Q1058045	6000000002430440865
Q105804998	6000000007909704434
Q105805	6000000141947221592
Q105805194	6000000002649606822
Q105805211	6000000002649606830
Q105805921	6000000003087037037
Q105805935	6000000003649715332
Q105805943	6000000003649728798
Q105806003	6000000222557653223
Q105806058	6000000046139337853
Q105806059	6000000046139392821
Q105806092	6000000007989940228
Q105806284	6000000019674650416
Q105806285	6000000032261512217
Q105806287	6000000107831155941
Q105806293	6000000010310213321
Q105806298	6000000000019515214
Q105806300	6000000001956341809
Q105806302	6000000010310321405
Q105806304	6000000010310142476
Q105806325	6000000006252405222
Q105806326	6000000001956339777
Q105806327	6000000006252362242
Q105806329	6000000010310145573
Q105806343	6000000010310277616
Q105806344	6000000003722026088
Q105806350	6000000003722026064
Q105806352	6000000003722026072
Q105807682	6000000058687892874
Q105808306	6000000001685442412
Q105808495	6000000016626360060
Q105808506	6000000016626298067
Q105808606	6000000016625789525
Q105808630	6000000016626066810
Q105808672	6000000016626360415
Q105810095	6000000223634507938
Q105810302	6000000015395252156
Q105811447	6000000140220612831
Q105812327	6000000141640499847
Q1058130	6000000150684397122
Q1058137	6000000145604771822
Q105814111	6000000148786710950
Q105814880	6000000018144205453
Q105814881	6000000018141978882
Q105815044	6000000004229500326
Q105815044	6000000010968966368
Q105815111	6000000011195252200
Q105815163	6000000002115976194
Q105815377	6000000003110705459
Q105815397	6000000017282308006
Q105816000	6000000116119524822
Q105816016	6000000006352546033
Q1058161	6000000068410752851
Q105816646	6000000002058278784
Q105816647	6000000000521921060
Q105816792	6000000000596055067
Q105816905	6000000002174954887
Q105816907	6000000081048532851
Q105816937	6000000032597647940
Q105816951	6000000078130157106
Q105816955	6000000003299401946
Q105817	6000000010132097015
Q105817064	6000000185942444837
Q105817153	6000000013429854207
Q105817249	6000000013163502797
Q105817354	6000000042792527993
Q105817355	6000000042792193431
Q105817417	6000000147166135922
Q105817446	6000000032798515294
Q105817447	6000000032798623022
Q105817448	6000000032798679036
Q105817450	6000000032798518149
Q105817515	6000000008852389292
Q105817517	6000000008852155901
Q105818394	6000000020330403004
Q105818422	6000000020330685890
Q105818946	5393810153440081473
Q105818948	5393810166320081479
Q105819	6000000182222264847
Q105819135	6000000003087650725
Q105819137	6000000014381575463
Q105819138	6000000002796700203
Q105819139	6000000002790621748
Q105819140	6000000013745276659
Q105819141	6000000002796580781
Q105819142	6000000014381869171
Q105819144	6000000002796749427
Q105819146	6000000006719998122
Q105819151	5684105555630129864
Q105819427	6000000007992533280
Q105819462	6000000003243439332
Q105819642	6000000041046629026
Q105820	6000000011328829193
Q105820530	6000000006335789614
Q105820794	6000000009536358424
Q105820809	6000000009669263102
Q105820810	6000000006444659251
Q105820811	6000000007605770386
Q105820812	6000000006444402379
Q105820813	6000000041098638240
Q105820815	6000000007605636678
Q105820953	6000000026025638267
Q105821142	6000000002603386644
Q105821256	6000000027308223895
Q105821257	6000000027301455855
Q105821258	6000000027308167135
Q105821299	6000000089191774216
Q105821756	6000000019993738336
Q105821920	6000000069956451928
Q105822668	6000000012056765364
Q105823060	6000000098003254947
Q105823571	6000000061901196199
Q105824374	6000000007294198855
Q105824385	6000000121849715856
Q105824533	6000000016865550487
Q105825	6000000002239822760
Q1058251	6000000072435303920
Q105825244	6000000223247969885
Q105825489	6000000003521142967
Q105826	6000000021473303140
Q105826006	6000000036639568603
Q105826009	6000000036639214378
Q105826014	6000000036639738052
Q105826022	6000000029030001171
Q105826023	6000000023526111222
Q105826023	6000000029029007369
Q105826097	6000000044797849971
Q105826141	6000000018210903775
Q105826163	6000000038179033401
Q105826191	6000000014981242759
Q105826226	6000000044797414110
Q105826276	6000000017328794980
Q105826349	6000000003370194063
Q105826360	6000000023507114850
Q105826733	6000000009038164988
Q105828398	6000000018429491297
Q105828464	6000000175226016839
Q105828772	6000000180583552821
Q105828795	6000000017870099810
Q105828818	6000000019772193162
Q105828849	6000000008138663402
Q105828896	6000000008138652100
Q105828943	6000000008138541626
Q105829398	6000000073872358058
Q105830	6000000012156125206
Q105830376	6000000056510304857
Q105831497	6000000017698218465
Q105831504	6000000017698146166
Q105831505	6000000079247306902
Q105831509	6000000079247245966
Q105832588	6000000000259537635
Q1058328	6000000009129198592
Q105834076	6000000176455956834
Q105834388	6000000014983068609
Q105834462	6000000014982928355
Q105834519	6000000014982979095
Q105834572	6000000014983604988
Q105834639	6000000015003237213
Q105834834	6000000015002475028
Q10583794	6000000014463258910
Q105838716	6000000011936720119
Q105838841	6000000033811881889
Q105839	6000000174271634083
Q105839030	6000000022808143792
Q1058391	376526000360003055
Q105839470	6000000008633890869
Q105839518	6000000010017214012
Q105839801	6000000021971581907
Q105839864	6000000211651472848
Q105840539	6000000000343939993
Q105840540	6000000008449334398
Q105842312	6000000000352443055
Q105842345	6000000074780913027
Q105845415	6000000007708701947
Q105845416	6000000007708642846
Q105845418	6000000007498348040
Q105845419	6000000007498015101
Q105845420	6000000007498513778
Q105845441	6000000008674333472
Q105845532	6000000029778570627
Q105847446	6000000014982984985
Q105847483	6000000014983073807
Q105847526	6000000083863610035
Q105847571	6000000014982939515
Q1058485	6000000198367277832
Q105849434	6000000081506288782
Q105850872	6000000023965150547
Q105852919	6000000028646136699
Q105853352	6000000002614683683
Q105853533	6000000013562031983
Q105853955	6000000011404448234
Q1058542	6000000140219602886
Q105854519	6000000007321965165
Q105855206	6000000016394394558
Q105855215	6000000016394702029
Q105855219	6000000037592296900
Q105855223	6000000037591803655
Q105855229	6000000016394702744
Q105855233	6000000016394604784
Q105856003	6000000002764671886
Q105856528	6000000207425838821
Q105856571	6000000008496922409
Q105859073	6000000063637773166
Q1058602	6000000012787836321
Q105866742	6000000021107381497
Q105866826	6000000026981117625
Q105866842	6000000189380030821
Q105866974	6000000006705147255
Q105866974	6000000201220230884
Q105869125	6000000181308436837
Q105870787	6000000005250709549
Q105871	6000000182576651843
Q105871183	6000000021051429861
Q105871735	6000000016299099775
Q105871737	6000000021674994379
Q105871861	6000000014136273385
Q105872202	6000000005360655847
Q105872602	6000000000490824955
Q105873054	6000000042701034607
Q105873082	6000000014709802502
Q105873094	6000000025676501388
Q105873129	6000000013429540682
Q105873134	6000000007350249650
Q105873155	6000000012403852446
Q105873156	6000000018014703865
Q105873211	1697004
Q105873534	6000000002752878596
Q105873543	6000000006444240191
Q105875526	6000000003031445195
Q105875528	6000000001423938451
Q105875530	6000000001423982484
Q105875532	6000000012442455379
Q105875533	6000000003031340866
Q105875535	6000000003031386418
Q105875539	6000000003147128897
Q105875541	6000000002447249681
Q105876118	6000000004229110465
Q105876376	6000000009804101568
Q105876612	6000000009802985910
Q105876613	6000000009803071092
Q105876614	6000000007273336165
Q105876616	6000000003481842027
Q105876632	6000000003481842035
Q105876759	6000000009804234268
Q105876765	6000000015907360112
Q105876774	6000000010140535771
Q105876931	6000000010140942339
Q105876938	6000000041516586255
Q105876940	6000000002907206839
Q105877490	6000000002870159621
Q105877492	6000000003076487143
Q105877562	6000000003280502263
Q105877562	6000000008603541777
Q105877751	6000000002329714578
Q105877753	6000000097136045919
Q105877756	6000000002166163501
Q105877758	6000000054297460990
Q105877762	6000000035731980857
Q105877764	6000000007273501525
Q105877768	6000000007273534964
Q105877770	6000000000323281775
Q105877774	6000000000323585053
Q105877783	6000000002412485255
Q105877785	6000000031253315769
Q105877787	6000000000117904203
Q105877791	6000000008922075286
Q105877794	6000000049996815483
Q105877797	6000000006441973897
Q105877799	6000000006441962314
Q105877801	6000000031253664182
Q105877802	6000000003940025383
Q105877809	6000000003941540999
Q105877810	6000000002665613585
Q105877811	6000000002329339671
Q105877825	342361037210006211
Q105877826	6000000007273250856
Q105877828	6000000000112102922
Q105877834	5478046372550100756
Q105877962	6000000001151057610
Q105877971	6000000000426716721
Q105877973	6000000000599519631
Q105877979	6000000001151057619
Q105877981	6000000034273790341
Q105877983	6000000003621784736
Q105877987	6000000001151067330
Q105877989	6000000000484763851
Q105877993	6000000027770675117
Q105878026	6000000000112134756
Q105878029	322349302310006369
Q105878030	6000000000276160419
Q105878035	6000000000276160344
Q105878040	6000000000112110890
Q105878043	6000000002188045768
Q105878046	6000000002928651226
Q105878123	6000000036040748230
Q105878125	6000000042039041155
Q105878134	6000000007273453037
Q105878397	6000000001432912972
Q105878398	6000000004319331750
Q105878400	6000000000475123697
Q105880201	6000000016605256147
Q105880896	6000000117738294973
Q105881016	6000000011563068872
Q105881134	6000000029978244155
Q105881219	6000000017860305994
Q105881220	6000000017861105115
Q105881333	6000000001355496984
Q105881334	6000000000060897852
Q105881336	6000000003485125881
Q105881337	6000000006450673345
Q105881652	6000000008267712899
Q105881701	6000000008267639571
Q105881705	6000000008267801766
Q105881913	6000000007186911505
Q105881914	6000000006972013115
Q105881916	6000000007186773438
Q105881917	6000000004211840990
Q105881918	6000000004212157120
Q105881918	6000000041105474501
Q105881919	6000000004211899984
Q105881920	6000000003446527245
Q105881921	4432024
Q105881924	6000000004929079019
Q105881925	322359122540002357
Q105881952	6000000000484929223
Q105881953	6000000001033161399
Q105881954	6000000001033293708
Q105881956	6000000000485022741
Q105881957	6000000003076166088
Q10588219	6000000018377797826
Q105882280	6000000132977184902
Q105882493	6000000017982376693
Q105882722	6000000017547922787
Q105882963	6000000050858677244
Q105882987	6000000018810959941
Q105883172	6000000050859053137
Q105883225	6000000006791106001
Q105886411	6000000056703754874
Q105887568	6000000056778120088
Q105887876	6000000086359910917
Q105888510	6000000024141737777
Q105888676	6000000014127758218
Q105888913	6000000023181374858
Q1058907	6000000137608602831
Q105892451	6000000011250688682
Q1058936	6000000093913332865
Q1058940	6000000001570772203
Q1058944	6000000054443363907
Q105894530	6000000005415496975
Q105894534	6000000003135924944
Q105894539	6000000005415337222
Q105894541	349028218610012679
Q105894560	6000000034100080493
Q1058949	6000000009127311706
Q1058964	6000000130443162838
Q105897	6000000027038199665
Q1058979	6000000040518869571
Q1058982	6000000103436915072
Q105898501	6000000000817342410
Q105900147	6000000027842797933
Q105901123	6000000023658206015
Q105901125	6000000023658366900
Q105901126	6000000023655512664
Q105901127	6000000040730945374
Q105904555	6000000027985765338
Q105904596	6000000016955555133
Q105904619	6000000016864924121
Q105904623	6000000009553899002
Q105904625	6000000005393526019
Q105904628	6000000001085912186
Q105904810	5718187125720020304
Q105905028	6000000024349693293
Q105905657	6000000049988483403
Q105905714	6000000199514405823
Q105905716	6000000199514230838
Q105905937	6000000013986121238
Q105905939	6000000013986158698
Q105905990	6000000024553544992
Q105906011	6000000007248303090
Q105906032	6000000007248594461
Q105906291	6000000049509507827
Q105916558	6000000028262942165
Q105919612	6000000008658448231
Q105920175	6000000003308643760
Q105920535	6000000130501100824
Q105920765	6000000178299777892
Q105923674	6000000000128799715
Q1059239	6000000016696230769
Q105924280	6000000007123771871
Q1059243	6000000003181980579
Q105925009	6000000056536449915
Q105933	6000000014415764250
Q105934	6000000022202373964
Q105937	6000000013862807868
Q1059376	6000000141067646902
Q105938764	6000000009496386114
Q105939138	6000000015968886558
Q1059394	6000000163611848855
Q10593949	6000000074791961050
Q105940504	6000000007826153407
Q105940546	6000000010829836418
Q105940638	6000000098360706909
Q105940639	6000000098362475990
Q105940671	6000000098360823891
Q105940673	6000000098534394833
Q105940675	6000000002153387041
Q105940676	6000000016070303937
Q105940677	6000000002702579432
Q105940678	6000000002702592273
Q105940702	6000000002702620896
Q105940704	6000000004593331607
Q105940707	6000000003171510643
Q105940786	6000000013282458836
Q105940787	6000000013271865610
Q105940789	6000000013261340526
Q105940791	6000000013250279097
Q105940803	6000000008630935249
Q105940804	6000000008630935556
Q105941	6000000009710927268
Q105941051	6000000057021995897
Q105941054	6000000057021477277
Q105941056	6000000013444263891
Q105941059	6000000000537660831
Q105941109	6000000057022202842
Q105941110	6000000057075533923
Q105941111	6000000032168737833
Q105941112	6000000004229027355
Q105941117	6000000057075833850
Q105941118	6000000086259823823
Q105942294	6000000035472658501
Q105942399	6000000002278330396
Q105942410	6000000006859475614
Q105942438	6000000000426657892
Q105942505	6000000024336365910
Q105942508	4702108
Q105942522	6000000033623781023
Q105942523	6000000042655477009
Q105942524	6000000041318775787
Q105942527	6000000042655593824
Q105942552	6000000014711041510
Q105942553	6000000000093075926
Q105942556	6000000014710575997
Q105942572	6000000040887565903
Q105942610	6000000040887285177
Q105942611	6000000068924719020
Q105942613	6000000042473503131
Q105942638	6000000033623805236
Q105942648	6000000011296312241
Q1059427	6000000141692775822
Q105942722	6000000000475182081
Q105942759	6000000015499123305
Q105942814	382863746790011415
Q105942845	6000000006054406001
Q105942883	6000000182795670852
Q105943066	6000000006859323622
Q105943092	6000000012193810838
Q105943115	6000000020208884747
Q105943187	6000000007648918036
Q105943243	6000000030986556043
Q105943404	6000000002278330378
Q105943509	6000000024222008162
Q105943919	6000000007981623176
Q105943923	6000000007981881432
Q105943929	6000000000055673318
Q105943932	6000000020515263375
Q105943942	6000000007981731481
Q105943944	6000000008101368367
Q105943948	340493539690005412
Q105943951	6000000008101371775
Q105944	5553562492490026240
Q105944181	6000000008408181291
Q105944183	6000000008407673110
Q105944187	6000000010964720883
Q105944191	6000000010964811473
Q105944194	6000000008407705044
Q105944199	6000000008408128503
Q105944446	6000000009266983988
Q105944447	6000000009267016692
Q105944448	6000000010964811755
Q105944449	6000000010964998367
Q105944450	6000000010964818419
Q105944451	6000000010964891633
Q105944497	6000000171758105920
Q105944523	6000000012193774684
Q105944534	6000000180666683869
Q105944805	6000000011253909491
Q105944883	6000000015624032363
Q105944924	6000000018856524407
Q105945045	6000000002905754815
Q105945186	6000000006567479763
Q105945471	6000000016132870925
Q105945614	6000000070179678027
Q105945712	6000000018834134313
Q105945714	6000000017766870333
Q105945749	6000000016220076813
Q105945806	6000000010460620896
Q105945850	6000000038195129048
Q105945909	6000000112906137825
Q105946	6000000002188453092
Q105946099	6000000010210180726
Q105946402	6000000024600889207
Q105946648	6000000001945996984
Q105946780	6000000008412850463
Q105947120	6000000015136886221
Q105947143	6000000015370770001
Q105947597	6000000155236244822
Q105949207	6000000002641524643
Q105949278	6000000002641523920
Q105949668	6000000184090555845
Q105950670	6000000006442254328
Q105950997	6000000191967971822
Q105951954	6000000011695667109
Q105952	6000000050031729052
Q105952120	4765830278730031770
Q105952295	6000000042071168906
Q105952459	6000000021207870035
Q105952606	4765786553860120957
Q105952844	5260873566680067525
Q105952970	6000000040902090071
Q105953114	2528196
Q105953146	6000000064304064145
Q105953229	6000000037765484419
Q105953231	6000000031462042860
Q105953233	6000000037764772472
Q105953259	6000000037765236588
Q105953262	6000000031461949169
Q105953264	6000000031461689743
Q105953316	6000000031461616537
Q105953330	6000000082648802939
Q105953784	6000000034694870209
Q105953875	6000000185580453894
Q105953915	6000000042386117861
Q105954	6000000183620678826
Q105954015	6000000002997326802
Q1059541	6000000021810483423
Q105954798	6000000007218239992
Q105955514	6000000031855562852
Q105956257	6000000001504876926
Q105956295	6000000024563361922
Q105957573	6000000016533873591
Q105957889	6000000018945181459
Q105958	6000000007068686650
Q105958403	6000000036050358913
Q105958540	6000000001484906064
Q1059597	6000000008439581580
Q105960	6000000010497114793
Q105960799	6000000027259524318
Q105960966	6000000027259165565
Q105961115	6000000006402214928
Q105961773	6000000033768749023
Q105962	6000000041742052621
Q105962020	6000000042263445627
Q105962153	6000000024489776279
Q105962317	6000000151564316852
Q105962608	6000000143188782120
Q105962806	6000000078960314899
Q105962808	6000000012950367928
Q105962838	6000000150858819994
Q105963	6000000020132330292
Q105963232	6000000122682449847
Q105963237	6000000019252258091
Q105964	6000000114798541926
Q105964203	6000000148724722905
Q105965059	6000000079464599053
Q1059652	6000000079813649634
Q105966210	6000000122680818886
Q105966551	6000000043019374350
Q105966645	6000000033668506033
Q105967665	6000000008706916009
Q105967743	6000000008594101473
Q105968248	6000000020531664480
Q105968634	6000000151427424859
Q105971312	6000000051067665274
Q105971316	6000000051067861045
Q105972	6000000004176314484
Q105972071	6000000036111009049
Q105972091	6000000083438638915
Q105972339	6000000069362027821
Q105972343	6000000084202441992
Q105972746	6000000187682379895
Q105972855	6000000000159079964
Q105973012	6000000011580486278
Q105973222	6000000116319872021
Q105974933	6000000085098384833
Q105975271	6000000039033199845
Q105975431	6000000000842104954
Q105976	6000000003232528950
Q105976077	6000000217825576394
Q105978658	6000000091203355916
Q105978862	6000000003942790448
Q105978987	6000000061589665821
Q105979912	6000000065105852350
Q105980	323461052710007623
Q105981319	6000000052674967227
Q105981485	6000000167345337932
Q105981521	6000000036299164134
Q105981543	6000000036298899430
Q105981802	6000000031579239437
Q105982111	6000000001588366656
Q105982468	6000000084202585127
Q105982481	6000000055895737874
Q1059825	6000000140874075822
Q105982793	6000000010001106682
Q105982794	6000000017193485366
Q105982830	6000000017523558639
Q105982872	6000000017524691635
Q105982874	6000000017525023044
Q105982876	6000000017524691641
Q105982880	6000000017524851387
Q105982881	6000000152621001833
Q105982882	6000000152620976846
Q105982884	6000000016332812109
Q105982892	6000000018627385969
Q105982894	6000000020727844080
Q105982993	6000000003858776519
Q105982994	6000000018808690351
Q105983045	6000000012501905109
Q105983047	6000000017809938007
Q105983048	6000000012411419730
Q105983049	6000000025497929679
Q105983050	6000000025498390787
Q105983054	6000000003036854129
Q105983058	6000000003036758945
Q105983238	6000000033619768526
Q105983275	6000000020599263754
Q105983277	6000000018858305177
Q105983405	6000000018142027506
Q105983608	6000000103765295228
Q105984	6000000026177635798
Q105984300	6000000017525109108
Q105984301	6000000017524907387
Q105984308	6000000017524629979
Q105984326	6000000017579708313
Q105984340	6000000021748313586
Q105984342	6000000021748450313
Q105984343	6000000017546289784
Q105984344	6000000021748319625
Q105986271	6000000025831713898
Q105986510	6000000038912841573
Q105987	6000000010754899478
Q105988702	6000000072842189823
Q105989887	6000000076086464931
Q105991953	6000000012951363314
Q105993457	6000000015722256277
Q105993903	6000000124479128821
Q105994154	6000000011571835653
Q105996	6000000051970554867
Q105996526	6000000008875064302
Q105997346	6000000039280019016
Q105997456	6000000173708932875
Q105997621	6000000035523757916
Q105998252	6000000039280436881
Q105998521	6000000008531631514
Q106000183	6000000011586173246
Q106000874	6000000039280191290
Q106001	6000000015894845985
Q106001042	6000000039280307986
Q1060011	6000000010641446982
Q106001607	6000000039279870765
Q106002342	6000000003210360539
Q106002345	6000000039280168299
Q106002731	6000000039280169156
Q1060058	6000000136519608749
Q106006591	6000000026340428385
Q106006711	6000000044331720743
Q106006864	6000000006283014138
Q106007	6000000068384623942
Q106007141	6000000020759501198
Q106008028	6000000011908905598
Q10600804	6000000048129273036
Q10600810	6000000034871090022
Q10600837	6000000010492038584
Q106008429	6000000169401366822
Q106009120	6000000151926995836
Q106009418	6000000173643102890
Q106010432	6000000015214756426
Q1060107	6000000116758177907
Q106010772	6000000102323959074
Q1060118	6000000145229747009
Q106013	6000000002361938662
Q1060134	6000000134379604858
Q106015	6000000023351158941
Q1060167	6000000019164029518
Q106018	6000000056376986837
Q106018074	6000000000331318321
Q106019444	6000000026863910588
Q106019874	6000000008497028561
Q106020012	6000000016669902256
Q106020473	6000000079643320017
Q1060210	6000000003219759517
Q1060222	6000000016688386556
Q106026	6000000036716936925
Q106026139	6000000011021678650
Q106026159	4397804492160084260
Q106026277	6000000056075444951
Q1060270	6000000034194426051
Q106028550	6000000001562880727
Q106029900	6000000009647769221
Q106030138	6000000020196456156
Q106030330	6000000013208073300
Q106030432	6000000039279788397
Q1060314	6000000142883633115
Q106032034	6000000003149730454
Q106033659	6000000029511375052
Q106033874	6000000000315387470
Q106034298	6000000013476162572
Q106034354	6000000079278250137
Q106034930	6000000011365284752
Q106035896	6000000008231451080
Q106036199	6000000009217705236
Q106036712	6000000003149600737
Q106037284	6000000006938639044
Q106037329	6000000009217731296
Q106037378	6000000009476631062
Q106037542	6000000003149606767
Q1060395	6000000156883751845
Q106040932	6000000138140392043
Q106041080	322081175290004003
Q106041491	6000000169284258853
Q106042015	6000000041801319834
Q1060422	6000000068019992002
Q106042266	6000000149443736084
Q106042306	6000000017488462407
Q106043687	4631152
Q106043948	6000000167606133051
Q106044570	6000000049467358137
Q106044739	6000000024373263052
Q106045359	6000000003833396956
Q106045506	6000000003833377697
Q1060464	6000000163624936869
Q106047	6000000028028385258
Q1060477	6000000007147342528
Q106053393	6000000181734448841
Q106057	4111999432860079063
Q106059256	6000000036325831487
Q1060609	6000000046719741828
Q1060635	6000000010641537201
Q106066	6000000180862404870
Q106066464	6000000030735806151
Q106070738	6000000016622925933
Q106072112	6000000007839836391
Q106072255	6000000013986252048
Q106072256	6000000013986257083
Q106072257	6000000013997246871
Q106072259	6000000150604788873
Q106072264	6000000013821835356
Q106072366	6000000014863949398
Q106072368	6000000013676119888
Q106072370	6000000020610886256
Q106072381	6000000014033819695
Q106072383	6000000014024555616
Q106072387	6000000014033029285
Q106072388	6000000014863949403
Q106072448	6000000014283279619
Q106072450	6000000014283260238
Q106072463	6000000014283249602
Q106072469	6000000014283328389
Q106072471	6000000014863459851
Q106072474	6000000014863459856
Q106072589	6000000017690627091
Q106072593	6000000017787625469
Q106072608	6000000017787631230
Q106072736	6000000017821904226
Q106072737	6000000007396499490
Q106072768	6000000010072794573
Q106072788	6000000013631631345
Q106072790	6000000016710311505
Q106072791	6000000013755232375
Q106072796	6000000014137039636
Q106072799	6000000014137423269
Q106072862	6000000008248498380
Q106072869	6000000020132961057
Q106073432	6000000019111804552
Q106074790	6000000076790094274
Q106075496	6000000074317452827
Q1060758	6000000115124501839
Q106076986	6000000013705363813
Q106078289	6000000166227596836
Q106078698	6000000014873889967
Q106079	6000000023524371096
Q106079256	6000000008696432055
Q106080026	6000000181735070829
Q106080047	6000000181734777847
Q106080100	6000000024303259257
Q106080119	6000000009626234401
Q106081379	6000000165985097482
Q106082166	6000000076821902199
Q106082199	6000000001482592394
Q106083587	6000000103414799246
Q106084259	6000000023810795636
Q106084677	6000000021375168936
Q106084732	6000000033455546035
Q106084798	6000000033455351153
Q106084932	6000000018922194662
Q106084975	6000000013460060895
Q106085106	6000000225291786859
Q106085259	6000000022146216121
Q106085432	6000000036123386579
Q106085814	6000000172532008821
Q106086102	6000000018789552813
Q106086543	6000000069044605823
Q106087404	6000000015758142745
Q106087629	6000000018690904276
Q106088691	6000000020414766694
Q106089714	6000000014786452493
Q106089831	6000000022451643052
Q106090727	322538688680005144
Q106090743	6000000011112591727
Q106090982	6000000209379912904
Q106091094	6000000016521640523
Q106091254	6000000010496873107
Q106091270	6000000083425972324
Q106091271	6000000083425762551
Q106091300	6000000083425550259
Q106091379	6000000083425117530
Q106091382	6000000083425420329
Q106091384	6000000083425938208
Q106091391	6000000175830807825
Q106091766	6000000112564174821
Q10609237	6000000026271165593
Q10609257	6000000058178529851
Q106093329	5260664467290072897
Q106093704	6000000022549728795
Q1060944	6000000075502187072
Q106094605	6000000043072609742
Q106095809	6000000089856233858
Q106098839	6000000021544626979
Q106099	6000000025860572427
Q106099197	6000000073495741029
Q106099240	6000000011317469953
Q106100068	6000000100522958821
Q106100104	6000000100523135823
Q106101	6000000065871952992
Q106103	6000000016691127049
Q106105	6000000040173181246
Q106106836	6000000071793031292
Q106112740	6000000005049122627
Q106112855	6000000005049196218
Q106114658	6000000116525448860
Q106116216	6000000021944616654
Q106117	6000000000368677792
Q106118913	6000000010638346595
Q106119755	6000000176703045863
Q106119769	6000000175649828945
Q106120677	6000000221001429836
Q106122781	6000000001000783175
Q106124332	292589919930007544
Q106124363	6000000041988880843
Q106124383	6000000041988018661
Q106124384	6000000041987728788
Q106125683	6000000021675011119
Q106126	4111998038750078952
Q106126890	6000000040469028085
Q1061272	6000000049511324915
Q106127900	6000000029754152244
Q1061283	6000000027343074222
Q106128387	6000000184102572822
Q106128880	6000000005951506215
Q106129	6000000004674589081
Q106129085	6000000014593038134
Q106129271	6000000116526596859
Q106129461	6000000034137425924
Q106131548	6000000140052275946
Q106131791	6000000015810231975
Q106133381	6000000195852296872
Q106134434	6000000185065563828
Q10613448	6000000019059509058
Q106134503	6000000015810772018
Q106135801	6000000049175143036
Q106138326	6000000012146905450
Q106140338	6000000006891788862
Q106141826	6000000014827323796
Q106141902	6000000014827290894
Q106141970	6000000040525162109
Q106142087	6000000014827844909
Q106142167	6000000022953425064
Q106142241	6000000014828194492
Q106142262	6000000014827568373
Q106142339	6000000014827065802
Q106142358	6000000014828817006
Q106142426	6000000025781118000
Q106142571	6000000015161904324
Q106142724	6000000024734148856
Q106142793	6000000033164449946
Q106143	6000000013940044788
Q106143319	6000000180536750823
Q106143383	6000000180536286829
Q106143583	6000000180536353842
Q106143622	6000000180536502835
Q106143710	6000000211812817821
Q106143787	6000000211812813857
Q106143812	6000000192742429860
Q106143815	6000000192742932841
Q106143957	6000000151910228864
Q106143986	6000000022909057453
Q106144298	6000000014827007894
Q106144454	6000000014829043465
Q106144458	6000000015772028964
Q106144603	6000000014828817931
Q106144637	6000000014829006709
Q106146	6000000113116239838
Q106147615	6000000001580492806
Q106150060	6000000005417589010
Q106150080	6000000004244993272
Q106150174	6000000005605983428
Q106150178	6000000005417201924
Q106151101	6000000039315538915
Q106151104	6000000039318111890
Q106151105	6000000039315587833
Q106151109	6000000009748646876
Q106151113	6000000039317504113
Q106151114	6000000009750844319
Q106151116	6000000009750248707
Q106152502	6000000017200440237
Q106152589	6000000017200398855
Q106153633	6000000039943097651
Q106153727	6000000016691664086
Q106153920	6000000008487724962
Q106153922	6000000008487747976
Q106153923	6000000004934192215
Q106153924	6000000004934192223
Q106153926	6000000009623284400
Q106153928	6000000009622167844
Q106154188	6000000122494242824
Q106154714	6000000085604046855
Q106154741	6000000010651871569
Q106154743	6000000010653310886
Q106154747	6000000010650598101
Q106154826	6000000010650834865
Q106154838	6000000010651219366
Q106154839	6000000010651740521
Q106154863	6000000010652032183
Q106154972	6000000010651426399
Q106159245	6000000003729065492
Q106160	6000000020352235728
Q1061644	6000000178481780908
Q106164644	6000000019058504874
Q106165993	6000000007463059219
Q106170361	6000000019748732554
Q106171321	6000000036815831564
Q106172354	6000000012516979772
Q1061734	6000000142688603822
Q106175	6000000015620871604
Q106175312	6000000081973884759
Q106176	6000000187122990838
Q106177714	6000000006127381148
Q106180208	6000000016534349005
Q106181731	6000000041424564900
Q106185492	6000000006851459822
Q106186485	6000000059990266892
Q106188344	6000000091984075133
Q106188554	6000000008789490694
Q106188561	6000000003430432631
Q106188564	6000000008789384912
Q106188573	6000000008789580542
Q106188575	6000000008789649540
Q106189003	6000000056442072189
Q106189148	6000000016416917987
Q106189788	6000000022421362604
Q106190797	6000000016417259507
Q106190814	6000000190317835855
Q106191042	6000000020891448364
Q106191774	6000000021419183037
Q106191774	6000000025308252774
Q1061923	6000000133504711900
Q106193	6000000037208601077
Q106195988	6000000016115436863
Q106196212	6000000197954109851
Q106196262	6000000001573973660
Q106196388	6000000129471049870
Q106196478	6000000023602944334
Q106196516	6000000018195260749
Q106197221	6000000013413199708
Q106197863	6000000134777929873
Q106197891	6000000134778608821
Q106197917	6000000134776859045
Q106197921	6000000134778352834
Q106198	6000000092922292871
Q106199520	6000000019056604739
Q106200565	6000000017884625247
Q106202049	4748291551850062691
Q106202061	4748293004170030466
Q106202082	6000000065617678821
Q106202323	6000000053442978881
Q106203057	6000000014650251471
Q106203175	6000000064923317921
Q106203262	390991500520005071
Q106203278	391001568600003529
Q106203284	391011775430003524
Q106203321	6000000065135876958
Q106203323	6000000066450086848
Q106203327	6000000003362837490
Q106203338	6000000066366498864
Q106203339	6000000064837069846
Q106203378	6000000064835777918
Q106203720	6000000001047934413
Q106203787	6000000001047911186
Q106203814	6000000001093611768
Q106203819	6000000001093808253
Q106203846	6000000096204255045
Q106204825	6000000082683821138
Q106204878	6000000001047887129
Q1062059	6000000094043935837
Q106206173	6000000021661097423
Q106207154	6000000028631543338
Q106208	6000000063737778843
Q106209	6000000046994812867
Q106209589	6000000024999981865
Q106210412	6000000017629014686
Q106211	6000000013664964616
Q106211532	6000000031050958840
Q106211712	376450458340002733
Q106211768	376450670830012862
Q106212103	6000000014951303454
Q106212253	627248
Q106213	6000000034004279307
Q106214	6000000004106025916
Q106214777	6000000173755676364
Q106217	6000000164964515835
Q106217685	6000000027591488391
Q106217859	6000000007537725236
Q106218	6000000082488993244
Q106220490	6000000008123012797
Q106220711	6000000002999869272
Q106221	6000000020958939945
Q106221618	6000000191482411836
Q106222132	6000000037174116087
Q106222133	6000000013323143769
Q106222136	6000000011424892711
Q106222139	6000000011424842481
Q106222140	6000000013323180640
Q106222141	6000000006374742714
Q106222150	6000000040790864695
Q106222153	6000000080201074983
Q106222158	6000000080201059891
Q106222163	6000000037511141493
Q106222164	6000000037511013551
Q106222167	6000000035459011749
Q106222190	6000000006374609428
Q106222195	6000000006374869051
Q106222283	6000000001189917881
Q106222867	6000000040812713927
Q106222868	6000000040812537179
Q106222872	6000000086235037999
Q106222874	6000000086235038007
Q106223283	6000000033330803079
Q106223436	6000000010897295031
Q106223439	6000000015656356184
Q106223440	6000000015656345342
Q106223442	6000000032956615854
Q106223444	6000000086636223122
Q106223445	6000000010194283692
Q106223633	6000000120998378902
Q106223973	6000000007756580978
Q106224016	6000000008135712620
Q106224559	6000000016251652684
Q106225	6000000041122726896
Q106226	6000000019652467008
Q106226015	6000000182367754906
Q106226075	6000000180525664826
Q106226879	5234580456140081495
Q106228	6000000027413077577
Q106228501	6000000009366500117
Q106228516	6000000093866492014
Q106228952	6000000015232380784
Q106229	6000000000598738682
Q106230589	6000000180989850822
Q106231	6000000003043382639
Q106231414	6000000045207902209
Q106231455	6000000026942353020
Q106231767	6000000145238300857
Q106231968	6000000007014454341
Q106231990	6000000019336897286
Q106232041	6000000012698119286
Q106232347	6000000015633094514
Q106232622	6000000042973797654
Q106233	6000000129093673981
Q106233876	6000000107929886884
Q106233882	6000000185092428845
Q106234936	6000000000178334563
Q10623561	6000000019169236380
Q106236	6000000084035935123
Q106237	6000000015385955187
Q106238428	6000000032063336892
Q106238769	6000000007170316279
Q106238931	6000000008354612301
Q106239	6000000064377434889
Q106239189	6000000000575623193
Q106239274	6000000007168293254
Q106239284	6000000010059718322
Q106239312	6000000004043927130
Q106239671	6000000011262409541
Q106240596	6000000013298389688
Q106240633	6000000178709305846
Q106240674	6000000082373371931
Q106240716	6000000082372664137
Q106240835	6000000023896669243
Q106240890	6000000019967770770
Q106240895	6000000025309431770
Q106240900	6000000025309790052
Q106240977	6000000064501988856
Q106241	6000000026436901542
Q106241004	6000000064501756948
Q106241222	6000000013660613897
Q106241224	6000000011276555603
Q106241893	6000000006440478134
Q106243811	6000000100083698853
Q106245158	6000000018059827373
Q106245346	6000000016960279495
Q106245434	6000000016960279500
Q106245460	6000000017897702169
Q106245532	6000000007705335715
Q106245641	6000000017897698042
Q106245732	6000000020214972943
Q106245737	6000000173361752841
Q106246052	6000000000825421867
Q106246139	6000000019103823279
Q106246429	6000000005063017811
Q106246809	6000000005065505395
Q106246866	6000000010561068121
Q106247788	6000000016960456273
Q106248	6000000048948557083
Q106251153	6000000001856870295
Q10625116	6000000004171301622
Q10625133	6000000004191295815
Q1062517	6000000140735628142
Q106252744	6000000068546122924
Q106252914	6000000032006128571
Q106253316	6000000032006583930
Q106253336	6000000017891000377
Q106254219	6000000016960353720
Q106254226	6000000021520639463
Q106255	6000000051685517916
Q106255855	6000000040091893916
Q106255921	6000000037666417295
Q106256825	6000000046928607968
Q106256851	6000000070409650177
Q106256854	6000000070409758004
Q106256865	6000000070410006385
Q106256869	6000000070410626962
Q106256986	6000000046928118073
Q106256992	6000000046927941881
Q106256995	6000000046927808154
Q106256996	6000000058639023823
Q106256999	6000000058638659874
Q106259292	6000000006283767337
Q106263	6000000150534572821
Q106265641	6000000016408008713
Q106267150	6000000018254487269
Q106267402	6000000011124613632
Q106270309	6000000003548690926
Q106270435	6000000034760418513
Q106272149	292376985800001801
Q106272181	6000000017602461524
Q106272182	292375499530004720
Q106272265	6000000030813788144
Q106272275	292375614100003130
Q106272276	292375719740008518
Q106272390	6000000017603043149
Q106272393	6000000174013690383
Q106272512	6000000041985978113
Q106272513	6000000018394859816
Q106272514	6000000018395600056
Q106272516	6000000041985855247
Q106272517	6000000041988558440
Q106272569	6000000017602416858
Q106272598	6000000017602871867
Q106272599	6000000017602909346
Q106272651	6000000017603108393
Q106272662	6000000017602541883
Q106272663	6000000017603127342
Q106272720	292376429810004785
Q106272723	6000000017603017344
Q106272724	6000000017603119240
Q1062746	6000000004670673357
Q106274678	6000000011331900837
Q106274841	6000000024065346304
Q106275	6000000009351594708
Q106276	6000000038887980400
Q1062778	6000000010582730878
Q106277928	6000000016508407753
Q106278004	6000000048821281821
Q106278056	6000000024088249411
Q106283	6000000013310040506
Q106284053	6000000178586986839
Q106285640	6000000002967041003
Q1062868	6000000075328191084
Q106287385	6000000006327229024
Q106288099	6000000010842693050
Q106289002	6000000174878207021
Q106289021	6000000015918308869
Q106289071	6000000021000320768
Q106289093	6000000027487587654
Q106289106	6000000010515394823
Q106289132	6000000010515443856
Q106289157	6000000021000074575
Q106289254	6000000011112212700
Q106289283	6000000011112303745
Q106289872	6000000020393480109
Q106290131	6000000002175325459
Q1062909	6000000074732863199
Q106291683	6000000004048561622
Q1062918	6000000117846137918
Q106292098	6000000014578362749
Q106292212	6000000013734935629
Q106292992	6000000177761502827
Q106293759	6000000078036167099
Q106293795	6000000030227818819
Q1062945	6000000013899322517
Q106295309	6000000025740693956
Q1062954	6000000013899560563
Q106295541	6000000025740615019
Q106298476	6000000193421942957
Q1062988	6000000013899622242
Q106298809	6000000000823598059
Q106298810	6000000000670955701
Q106298982	6000000087380591873
Q106299215	6000000012700605089
Q106299615	6000000185585091365
Q106299789	4923891624930059728
Q106301666	6000000002584192561
Q106301693	6000000032842808969
Q106302320	6000000013986159216
Q106302774	6000000086384638930
Q106302951	6000000086384908828
Q106303006	6000000018288924747
Q106303186	6000000020234705343
Q106303619	6000000011473317148
Q106304887	6000000096329681158
Q106305	6000000179509726975
Q106306678	6000000043073788893
Q106307130	6000000029680051803
Q106307167	6000000029680764503
Q106307182	6000000082943015177
Q106307206	6000000029680584240
Q106307554	6000000012795213832
Q106307802	6000000016652416199
Q106309878	4779590953790075266
Q106309879	4779596253310028057
Q106311189	6000000003674489394
Q106311225	6000000025900813415
Q106312018	6000000083254139829
Q106313060	6000000185569791173
Q106314301	6000000041766963226
Q106314746	6000000185091122933
Q106314931	6000000056402318037
Q106315093	6000000014597418307
Q106315195	6000000014597397159
Q106315251	6000000024975111127
Q106315266	6000000008451694426
Q106315294	6000000008451614067
Q106315306	6000000024975150936
Q106315318	6000000038815927468
Q106315403	6000000174203208945
Q106315592	6000000109010616081
Q106315880	6000000014597395136
Q106316006	6000000016215876602
Q106317791	6000000032655595462
Q106318569	6000000080234269829
Q106318589	6000000080233581897
Q106319465	6000000026097416197
Q106319986	6000000041780240455
Q106320412	4296058823000067519
Q106320416	6000000000825994272
Q106320441	4295024482870054867
Q106320510	288785589400008763
Q106320543	288785080730002806
Q106320546	288784811060008715
Q106320547	288829439250003410
Q106322357	6000000111073873822
Q106322664	6000000033906137097
Q106322672	6000000033906263939
Q106323	6000000037104630376
Q106323483	6000000069190029909
Q106323485	6000000089228306951
Q106323494	6000000021344308922
Q106323509	6000000079630776796
Q106323510	6000000019412501150
Q106323632	6000000185779885891
Q106323636	6000000007644568160
Q106323650	6000000040524104363
Q106323657	6000000037961794020
Q106323665	6000000023380117103
Q106323699	6000000009002400554
Q106325577	6000000070404147865
Q106328018	6000000001699591529
Q106328130	6000000180977371836
Q106328394	6000000036365784948
Q106328929	6000000180885028931
Q10633	3940609086280075061
Q106331	6000000034613842376
Q106332107	6000000169750193113
Q106332412	6000000008036705229
Q1063332	6000000012091877519
Q106334	6000000068826704167
Q106335683	6000000029715912207
Q106336	6000000015809475920
Q1063371	6000000024080621104
Q106338	6000000021810095084
Q106338468	6000000005441275553
Q106338886	6000000087692829160
Q106339052	6000000151330963827
Q106339109	6000000212894319841
Q1063392	6000000043265007194
Q106342	6000000224939568824
Q106342702	6000000105431239177
Q106342703	6000000105432917890
Q106343736	6000000041874356411
Q106343776	6000000041874618168
Q106343889	6000000041874218462
Q1063449	6000000018529610685
Q1063460	6000000020387235953
Q106347001	6000000000214130787
Q1063485	6000000016485863564
Q1063492	6000000020446856503
Q1063493	6000000055955279014
Q1063496	6000000023809489037
Q106350754	6000000015792076786
Q106350758	6000000016045423489
Q1063510	6000000003424683954
Q106351000	6000000002643736788
Q106351005	6000000002644125270
Q106351040	6000000197123579837
Q106351047	6000000197126943827
Q1063514	6000000123319108821
Q106351716	6000000006581085267
Q106351733	6000000006581102213
Q106351738	6000000006581022387
Q106351772	6000000016058868067
Q106351782	6000000016058749439
Q106351796	6000000006581061370
Q106351819	6000000035347005376
Q106351821	6000000015583235217
Q106351830	6000000015395008649
Q106351840	6000000015395090423
Q106351854	6000000015583250132
Q106351880	6000000015583192763
Q106351887	6000000014778247136
Q106351906	6000000015583312448
Q106351923	6000000015583502082
Q106351937	6000000015583182850
Q106351939	6000000007377845421
Q106351939	6000000211747864838
Q106351940	6000000015395196078
Q106351943	6000000007377664685
Q106351943	6000000211748379824
Q106351951	6000000119322033871
Q106351955	6000000011716648926
Q106351955	6000000023422138197
Q106351969	6000000016045562994
Q106352015	6000000015583394406
Q106352023	6000000015583137397
Q106352047	6000000016045402614
Q1063524	6000000023896577692
Q106352867	6000000015394520898
Q106352930	6000000011772440343
Q106353	6000000039405823267
Q1063531	6000000152277170855
Q106353176	6000000045754002856
Q106353195	6000000084559588922
Q106353216	6000000045397468095
Q106353454	6000000056865137840
Q106353544	6000000084580103955
Q106353746	6000000015184273642
Q106353902	6000000123482087261
Q106354122	6000000015793457073
Q106354137	6000000123481963495
Q106354183	6000000123483228832
Q106355019	6000000106209616054
Q106355248	6000000182816410848
Q106355357	6000000012714414884
Q106357075	6000000201719059838
Q106357267	6000000192281534850
Q106357369	6000000220141864902
Q106357430	6000000220141977869
Q106357441	6000000011422386314
Q106357473	6000000002632311049
Q106357516	6000000082623397881
Q106357523	6000000082622113280
Q106357564	6000000082622668004
Q106357701	6000000179871328846
Q106357765	6000000018989239412
Q106357878	6000000179882159824
Q106357932	6000000018989139520
Q106357964	6000000006441439807
Q106358	6000000200773857875
Q106358163	6000000015781138042
Q106358168	6000000016045200407
Q106358170	6000000016045258752
Q106358217	6000000015780636536
Q106358283	6000000018461496799
Q106358486	6000000000128811297
Q106358778	6000000199622967833
Q1063591	6000000016331397667
Q106359435	6000000171870595366
Q1063600	6000000101891678821
Q106360495	6000000021237746388
Q1063605	6000000013451937373
Q1063612	6000000008787465102
Q1063616	6000000013376132076
Q106362506	6000000005278526005
Q106362552	6000000015184325928
Q106362637	6000000024758083137
Q106363868	6000000055566446821
Q1063639	6000000035063263585
Q106364023	6000000185579855976
Q1063643	6000000013008612218
Q106364793	6000000036267716014
Q1063648	6000000016422588524
Q106364827	6000000134033312660
Q106364869	6000000076729151846
Q106365	6000000003970639857
Q106365032	6000000007472060522
Q106365040	6000000076728922840
Q106365120	6000000077792947307
Q106365443	6000000181026231821
Q106365698	6000000063301518924
Q106365702	4586740682380072573
Q106365704	6000000018281444823
Q1063662	6000000019268067669
Q106366422	6000000036221205613
Q106366462	6000000068062904841
Q106366469	6000000025862802491
Q106366525	6000000025863136615
Q106366539	6000000012074555063
Q106366540	6000000014361077554
Q106366541	6000000042104785474
Q106366544	6000000050171648864
Q106366611	6000000012473613524
Q106366614	6000000012479399213
Q106366693	6000000012479136624
Q106366744	6000000173806095850
Q106367413	6000000101365379263
Q106367435	6000000050589046071
Q106367476	6000000025490053391
Q106367539	6000000000642732761
Q1063676	6000000001382435273
Q106367604	6000000068757249928
Q106367619	6000000015672633572
Q106367638	6000000021110070741
Q106367932	6000000069420357821
Q106367948	6000000067821292881
Q106367949	6000000165528582238
Q106367957	6000000109101627880
Q106367973	6000000055198571904
Q106368302	6000000014713681307
Q106368336	6000000192274682848
Q106368565	6000000082418285827
Q106368584	6000000000295536335
Q106368643	6000000039977715674
Q106369219	6000000076712154242
Q106369237	6000000174203243866
Q106369491	6000000022893430569
Q1063698	6000000025526242174
Q106369906	6000000175725303829
Q106369938	6000000124358572881
Q106369965	6000000076197014822
Q106370065	6000000002626137947
Q106370075	6000000000065641454
Q106370113	6000000124639190831
Q106370281	6000000002626529312
Q106370879	6000000006176905087
Q106371648	6000000043598179725
Q106371742	6000000015529528306
Q106371748	6000000056156138863
Q106371787	362775310350003939
Q106371994	6000000013691660263
Q106372	6000000016650444528
Q106372023	6000000101455851919
Q106372029	6000000176107624824
Q1063721	6000000033551981252
Q106372306	6000000025296272619
Q106372447	6000000012025125098
Q106372602	6000000002791632343
Q106372748	6000000058208429977
Q1063729	6000000011478160329
Q1063733	6000000017252361897
Q106374154	6000000014768990801
Q106374737	6000000000090858697
Q106375012	6000000008507595214
Q106376074	6000000199638680842
Q1063761	6000000004671640645
Q106376276	6000000016391254359
Q106377000	6000000021160637724
Q106377040	6000000062101385051
Q106377589	6000000005737516444
Q106377979	6000000005736953914
Q106378	6000000026117297317
Q106378525	6000000090906308874
Q106378638	6000000029961523059
Q106378923	6000000178195246828
Q1063791	6000000024557843948
Q1063795	6000000179401296890
Q106381277	6000000016366863052
Q106382103	6000000004318496552
Q106382103	6000000205347856947
Q106382128	6000000067592292845
Q1063825	6000000021425308912
Q1063834	6000000001940256244
Q10638469	6000000002512340828
Q1063849	6000000026698650432
Q106385866	6000000025741279491
Q1063872	6000000024373958628
Q1063881	6000000039761107063
Q106388945	6000000024846924367
Q106390344	3929291183050026485
Q106390439	6000000069956454826
Q106390681	6000000008892740522
Q106391515	6000000035190944111
Q106391706	6000000179454423821
Q106391785	6000000176508736884
Q106391843	6000000022148634900
Q106391855	6000000072989187928
Q1063922	6000000095492171971
Q106392626	6000000036671336772
Q106393	6000000075688266978
Q106393018	6000000152237594831
Q106393179	6000000040101011533
Q106393261	6000000026427668446
Q106393333	6000000003124333539
Q106393354	6000000025578929711
Q106393483	6000000185988724212
Q106393615	6000000029666736663
Q106393818	6000000017002059100
Q1063939	6000000019671210478
Q106394148	6000000039230143925
Q1063943	6000000038713034064
Q106394763	6000000011264934983
Q106394767	6000000011263741930
Q106394779	6000000037148174366
Q106394785	6000000019410582102
Q106394981	6000000071378781971
Q106394988	6000000037170023440
Q106394989	6000000037169678803
Q106394990	6000000006145956770
Q106394991	6000000006146314301
Q106394996	6000000037170669996
Q106394998	6000000002868220278
Q106394999	6000000002511748903
Q106395007	6000000024018027694
Q106395133	6000000011264803189
Q106395135	6000000024118979749
Q106395136	6000000022232775439
Q106395138	6000000022232866668
Q106395139	6000000003938982384
Q106395140	6000000003938982398
Q106395195	6000000017001800531
Q106395507	6000000022205089035
Q106395509	6000000050804872862
Q106395702	6000000017002045277
Q106395891	6000000184477336828
Q1063964	6000000019256890851
Q106396842	6000000017001861405
Q106396860	6000000017001963593
Q1063972	6000000019103978295
Q106397236	6000000130281952830
Q106397627	6000000017190213798
Q106398107	6000000022148157007
Q106398208	6000000007711329373
Q106398233	6000000031615349186
Q106399	6000000013854221653
Q106399164	6000000036653047042
Q106399194	6000000017190333133
Q106399485	6000000174250422717
Q106399945	6000000185663168838
Q106400240	6000000017190213769
Q106400306	6000000113561617852
Q1064010	4925255053110059486
Q1064011	6000000025968331142
Q106401209	6000000001172022336
Q1064028	6000000018515118145
Q106403880	6000000091204684958
Q106404163	6000000006590048979
Q106404166	6000000006595562559
Q106404167	6000000006595589769
Q106404181	6000000006595616171
Q106404187	6000000038142273336
Q106404195	6000000006590088180
Q106404201	6000000056520069875
Q106404232	6000000006595577695
Q106404233	6000000006590036750
Q106404235	6000000006595589515
Q106404278	6000000006590036806
Q106404288	6000000006595562055
Q106404293	6000000006594575436
Q106404296	347774189700012695
Q106404297	6000000006594575731
Q106404299	6000000006590036937
Q106404303	6000000004565877042
Q106404361	6000000006595573614
Q106404363	6000000004565865185
Q106404364	6000000006590059043
Q106404365	6000000004565876594
Q106404367	6000000000095061130
Q106404369	6000000000759436908
Q106404432	6000000004567177933
Q106404438	6000000000094825608
Q106405333	6000000147015937887
Q106405487	6000000100764437826
Q106405655	6000000094601935296
Q1064061	6000000021721992534
Q106406364	6000000080699803187
Q106406372	6000000195862802881
Q106406376	6000000039307245783
Q106406380	6000000005031607767
Q106406387	6000000190161213947
Q106406393	6000000106633013881
Q106406395	6000000196373255823
Q106406396	6000000079597320868
Q106406397	6000000187309927920
Q106406408	6000000197417022834
Q106406411	6000000041766903161
Q106406412	6000000187800566830
Q106406416	6000000069486090846
Q106406424	6000000073062937410
Q106406426	6000000046442074830
Q106406445	6000000177476949846
Q106406452	6000000201999845843
Q106406453	6000000036951470918
Q106406455	6000000080583273019
Q106406458	6000000187640553836
Q106406462	6000000125878342863
Q106406466	6000000002964224859
Q106406467	6000000207635803882
Q106406468	6000000200548842826
Q106406471	308983446160001392
Q106406472	6000000082592525231
Q106406473	6000000101621305831
Q106406478	6000000172348788750
Q106406481	6000000188291149829
Q106406482	6000000043263397619
Q106406485	6000000033016815130
Q106406486	6000000177246799830
Q106406487	6000000208302507832
Q106406489	6000000187870919852
Q106406494	6000000007347788264
Q106406503	6000000091344820863
Q106406505	6000000072869066882
Q106406506	6000000001894939536
Q106406507	6000000199887033895
Q106406585	6000000044959100840
Q106406587	6000000187599189821
Q106406591	6000000184204956822
Q106406594	6000000002278617039
Q106406596	6000000192195172865
Q106406602	6000000215346557258
Q106406607	6000000015672606152
Q106407168	6000000069896069865
Q106407199	6000000073047952049
Q106407209	6000000011877889833
Q106407599	6000000018320249158
Q1064076	6000000072076619793
Q106407708	6000000020615217985
Q1064080	6000000014417942346
Q1064081	6000000013319899789
Q106409647	6000000166750908037
Q106409711	6000000166751589912
Q106409776	6000000008438404541
Q106410140	6000000008463207253
Q106410271	6000000008438346678
Q106410274	6000000008463351483
Q106410275	6000000008463341447
Q106410297	6000000008437985046
Q106410303	6000000071287625414
Q106410332	6000000166760990836
Q106410412	6000000166750760015
Q106410425	6000000166750527132
Q106410430	6000000166751701872
Q106410524	6000000166750280841
Q106410527	6000000166750073933
Q106410529	6000000166750084837
Q106410531	6000000166749745908
Q106410592	6000000166749642897
Q106410606	6000000008438338755
Q106410637	6000000166751604863
Q106410640	6000000166751129013
Q106410767	6000000058086787874
Q106411173	6000000057328300199
Q106411182	6000000022826913454
Q106411531	6000000022495220556
Q1064116	6000000113742571879
Q1064126	6000000088137338850
Q106412682	3929097886490121786
Q106414777	6000000030527655958
Q1064148	6000000020404802653
Q1064151	6000000005965498524
Q1064153	6000000008369917875
Q106415804	6000000014748645930
Q106415983	6000000068125126833
Q106416335	6000000019946492291
Q1064167	6000000004632016642
Q106417688	6000000054557692845
Q1064177	6000000048431229107
Q106418	6000000008562671252
Q106418293	6000000025956796532
Q1064183	6000000024668379570
Q106418343	6000000185680407871
Q106418367	6000000024889037654
Q106418682	6000000083302711307
Q106418707	6000000072803155415
Q106418741	6000000025328489291
Q106418747	6000000024930509215
Q106418768	6000000006412448004
Q106419354	6000000003127568008
Q1064199	6000000023175855800
Q106420118	6000000109304192911
Q106420906	6000000033690697167
Q1064228	6000000034546190882
Q106422887	6000000005737695053
Q1064231	6000000034544921003
Q1064233	6000000001382982647
Q1064252	6000000028070310030
Q106426682	6000000054680731838
Q1064271	6000000002277442995
Q1064274	6000000029051765376
Q106427447	6000000176374210825
Q1064277	6000000026273983987
Q1064288	6000000015732449016
Q1064293	6000000013185463082
Q1064297	6000000093203391908
Q1064307	6000000064626265886
Q106431389	6000000018803602363
Q1064314	6000000064625513130
Q106431515	6000000041682974851
Q1064321	6000000016497839340
Q1064324	6000000023900366072
Q1064325	6000000019384449421
Q1064326	6000000000409168734
Q106432697	6000000024577102125
Q106433740	6000000024316380773
Q106434	6000000016424622559
Q106434238	6000000050510976949
Q106434591	6000000122883929821
Q1064346	6000000027982520552
Q106435273	6000000016332421233
Q106435420	6000000055088796895
Q106435533	6000000008370667596
Q106435895	6000000015407333476
Q1064363	6000000024188600918
Q106436918	6000000009816556681
Q106436976	6000000007979071147
Q106436984	6000000006706429032
Q106437046	6000000021064683528
Q1064377	6000000026352183767
Q106438186	6000000008832069211
Q1064402	6000000012678334274
Q1064409	4420331
Q1064415	6000000020168019597
Q1064419	6000000055724516993
Q106442	6000000174850910821
Q1064423	6000000013039706609
Q1064424	6000000013096158685
Q106443	6000000080134359827
Q106443458	6000000091360256852
Q106444216	6000000003076395948
Q106444853	6000000172555908226
Q1064450	6000000009154530036
Q1064451	6000000041038053462
Q106445201	6000000007322894521
Q106445202	6000000007446032203
Q106445204	6000000013008267448
Q106445205	6000000008482029865
Q106445206	6000000007026175164
Q106445208	6000000007026323050
Q106445217	323731640480007750
Q106445219	6000000004310236855
Q106445220	6000000007446031526
Q106445379	6000000007564298600
Q106445719	6000000008517754846
Q106445972	6000000021426595846
Q106445975	6000000001550708295
Q106446274	6000000001645372709
Q1064466	6000000009615788580
Q106447534	6000000015288365101
Q106447855	6000000017343902640
Q106447988	6000000027775664538
Q106448338	6000000011780215600
Q1064486	6000000044309821997
Q1064491	6000000184502954840
Q106449146	6000000018889289410
Q106449939	6000000091643515924
Q106450344	6000000006706383073
Q1064506	6000000010793039819
Q106451053	6000000185674962056
Q1064511	5337741916510031749
Q1064513	6000000002801592925
Q106453	6000000002188399641
Q106453202	6000000002787873674
Q106453355	6000000084559812954
Q106453363	6000000082890558059
Q106453369	6000000084565381653
Q106453372	6000000082890391223
Q106453479	6000000111397327856
Q106453490	6000000083496006916
Q106453517	6000000111396678847
Q106453834	6000000121457338831
Q106453979	6000000006781798191
Q106454	6000000050682634829
Q106454264	6000000114814546844
Q106454397	6000000018499895188
Q106454977	6000000041512178429
Q106455192	6000000016045767092
Q106455219	6000000016995649790
Q106455377	6000000217802037847
Q1064563	6000000021517207451
Q106456413	6000000036057701846
Q1064576	6000000033915822290
Q1064586	6000000013114267753
Q106459086	6000000005082495497
Q1064591	6000000033736847601
Q106459391	6000000001048082404
Q106459422	6000000011047081255
Q106459450	6000000001063585134
Q106459466	6000000001047896142
Q106459471	6000000001047854099
Q1064595	6000000086052818992
Q106459500	6000000041724013881
Q106459515	6000000001048088323
Q106459568	6000000027541115454
Q106459571	6000000001048115154
Q106459625	6000000001048145098
Q106459755	6000000001047854990
Q106459770	6000000025509589037
Q106459852	6000000001048068093
Q106460499	6000000001047831215
Q106460535	6000000024304152318
Q106460535	6000000082668228120
Q106460545	6000000001059228660
Q106460546	6000000001059287074
Q106460547	6000000022765145181
Q106460556	6000000022765145187
Q106460823	6000000016045598761
Q106460825	6000000217801999866
Q106462241	6000000078731427771
Q106462623	6000000005003293376
Q106462700	6000000174436614044
Q106462717	6000000174435674857
Q106462718	6000000174435769830
Q106462741	6000000038833203368
Q106462747	6000000174437352863
Q106462750	6000000174436073232
Q106462759	6000000174437319920
Q106462828	6000000010502379461
Q106462835	6000000038832604271
Q106462864	6000000016320088510
Q106462880	6000000174433936430
Q1064629	6000000010289923684
Q106462920	6000000016606078189
Q106462925	6000000016320058394
Q106462932	6000000016606029384
Q106462946	6000000016606140467
Q106462985	6000000016606001373
Q106463102	6000000016606017436
Q106463123	6000000016606232260
Q106463145	6000000060263431900
Q106463155	6000000016606084306
Q106463170	6000000016606076327
Q106463180	6000000016606154751
Q106463194	6000000016565954365
Q106463207	6000000016606094360
Q106463225	6000000016606016271
Q106463292	6000000065239271865
Q106463299	6000000031321360908
Q106463369	6000000016606341325
Q106463379	6000000016606356618
Q106463397	6000000020999140778
Q106463423	6000000027377082832
Q106463431	6000000018275125496
Q106463498	6000000027376767635
Q106463503	6000000017867345316
Q106463510	6000000027376914064
Q106463545	6000000027377108040
Q106463564	6000000027377466890
Q106463585	6000000010309330262
Q106463594	6000000027376796249
Q106463625	6000000079547431929
Q106463796	6000000010141326754
Q106463845	6000000005731308011
Q106464002	6000000024304139426
Q106464068	6000000157850760040
Q106464121	6000000024740244998
Q106464195	6000000012484087346
Q106464215	6000000024387816744
Q106464346	6000000003190194368
Q106464405	6000000010650365130
Q106464409	6000000010650875426
Q106464420	6000000012581585932
Q106464421	6000000010650889618
Q106464426	6000000012581957259
Q106464483	6000000033459018851
Q106464527	6000000174446466190
Q106464533	6000000038245465995
Q106464569	6000000003903682106
Q106464591	6000000020250036495
Q106464600	6000000010653543356
Q106464626	6000000150676617843
Q106464630	6000000150676532829
Q106464634	6000000067503218882
Q106464635	6000000067503305822
Q106464655	6000000010664190382
Q106464659	6000000010664172707
Q106464660	6000000010650739325
Q106464662	6000000010650789013
Q106464748	6000000007323365394
Q106465	6000000037559571175
Q106465352	6000000074084090323
Q106465429	6000000020930093243
Q106465536	6000000031094747317
Q106465567	6000000032722511839
Q106466269	6000000011824911190
Q106466279	6000000011824591565
Q106466558	6000000004097564338
Q106466566	6000000080322711878
Q106466579	6000000174434914982
Q106466580	6000000174435657969
Q106466633	6000000010655220338
Q106466654	6000000010653970212
Q106466721	6000000007351311227
Q1064670	6000000017343759103
Q1064671	6000000003598747867
Q106467127	6000000010651560833
Q106467191	6000000014409177719
Q106467194	6000000001958452406
Q106467198	6000000001958452203
Q106467200	6000000044443614924
Q106467202	6000000044443268251
Q106467204	6000000044443692866
Q106467205	6000000018243500888
Q106467209	6000000015673706550
Q106467315	6000000018810226407
Q106467718	6000000174846168021
Q106467719	6000000025454393331
Q106467721	6000000076489555852
Q106467723	6000000048605606915
Q106467724	6000000080772679724
Q106467726	6000000052314747825
Q106467734	6000000055820708311
Q106467735	6000000189198330897
Q106467741	6000000185570830917
Q106467743	6000000013289589757
Q106467744	6000000001432192189
Q106467747	6000000139386514881
Q106467751	6000000007936475744
Q106467754	6000000188302309843
Q106467766	6000000027154271372
Q106467767	6000000022527024154
Q106467774	6000000169761086845
Q106467780	6000000181743060838
Q106467782	6000000202388262827
Q106467784	6000000211377335824
Q106467788	6000000181355920833
Q106467790	6000000173996092019
Q106467791	6000000041048385670
Q106467792	6000000195563174834
Q106467793	6000000114763779880
Q106467794	6000000008673121839
Q106467796	6000000140151134929
Q106467798	6000000012984285629
Q106467800	6000000186934440821
Q106467803	6000000013545601430
Q106467812	6000000030453749286
Q106467829	6000000186748185843
Q106467835	6000000202502451834
Q106467836	6000000069338594821
Q106467837	6000000178140034828
Q106467839	6000000196542988867
Q106467840	6000000002617418260
Q106467841	6000000022986769089
Q106467843	6000000175871146821
Q106467844	6000000187044715847
Q106467845	6000000128234794821
Q106467846	6000000007981006397
Q106467848	6000000113298911008
Q106467855	6000000044520021942
Q106467858	6000000016707265732
Q106467859	6000000194672627821
Q106467861	6000000105357544107
Q106467862	6000000186025828602
Q106467864	6000000206601640830
Q106467865	6000000189520307860
Q106467872	6000000001445358798
Q106467873	6000000036592057957
Q106467874	6000000114647432903
Q106467879	6000000014843030375
Q106467880	6000000077574334836
Q106467890	6000000016767546971
Q106467891	6000000039398301768
Q106467893	6000000082724303202
Q106467894	6000000045872663950
Q106467895	6000000127638779857
Q106467896	6000000026829483403
Q106467897	6000000181292072867
Q106467898	6000000006244939387
Q106467900	6000000176465653838
Q106467904	6000000210998554823
Q106467905	6000000196797592829
Q106467927	6000000045956211077
Q106467929	6000000121089177938
Q106467934	6000000037154029254
Q106467942	6000000166067432821
Q106467946	6000000084103746003
Q106467947	6000000077176548833
Q106467952	6000000080711380857
Q106467956	6000000011736683171
Q106467965	6000000055842486873
Q106467966	6000000084751501318
Q106467968	6000000139304226832
Q106467969	6000000128356873821
Q106467971	6000000185685042845
Q106467975	6000000078130198402
Q106467976	6000000184287425838
Q106467985	6000000185340904026
Q106467996	6000000179212297842
Q106468000	6000000018942430996
Q106468005	6000000056675186909
Q106468007	6000000087127396837
Q106468009	6000000032363002186
Q106468013	6000000087357582929
Q106468015	6000000114633026933
Q106468018	6000000153324981822
Q106468023	6000000113484342931
Q106468027	6000000014635267564
Q106468028	6000000103355071876
Q106468029	6000000012773918324
Q106468037	6000000190211262821
Q106468038	6000000046671404020
Q106468039	6000000058603173046
Q106468043	6000000073193101855
Q106468046	6000000182129714821
Q106468052	6000000208774540824
Q106468058	6000000023784302240
Q106468059	6000000074278621961
Q106468060	6000000172675382783
Q106468062	6000000037855904968
Q106468064	6000000142206624198
Q106468066	6000000125931662160
Q106468068	6000000057015189823
Q106468069	6000000033905120996
Q106468076	6000000132452276906
Q106468079	6000000055189285243
Q106468089	6000000148109140950
Q106468092	6000000044818282163
Q106468094	6000000185783354844
Q106468098	6000000080395625874
Q106468105	6000000044430813042
Q106468107	6000000147668599825
Q106468110	6000000206259135830
Q106468114	6000000096840640831
Q106468126	6000000078342782913
Q106468127	6000000185199918861
Q106468128	6000000084117546144
Q106468130	6000000032195543063
Q106468133	6000000209791895891
Q106468139	6000000029425173024
Q106468140	6000000019400082096
Q106468143	6000000174225260315
Q106468145	6000000204825281903
Q106468146	6000000032502871412
Q106468147	6000000054828040025
Q106468159	6000000049957094556
Q106468161	6000000201811903911
Q106468165	6000000122239992861
Q106468166	6000000022051211463
Q106468167	6000000185414352822
Q106468168	6000000081750729866
Q106468170	6000000156094045838
Q106468172	6000000076520226861
Q106468174	6000000031326257181
Q106468177	6000000199998574938
Q106468179	6000000124419839883
Q106468180	6000000196724807876
Q106468181	6000000097393884821
Q106468195	6000000028693462426
Q106468197	6000000019057358597
Q106468199	6000000060988579639
Q106468203	6000000005241047844
Q106468221	6000000002678638210
Q106468225	6000000070654216082
Q106468228	6000000052466407945
Q106468234	6000000211013837821
Q106468236	6000000080764471137
Q106468242	6000000165084838821
Q106468243	6000000181780737870
Q106468248	6000000181075326848
Q106468249	6000000018979143841
Q106468251	4786090527580023852
Q106468252	6000000019324254469
Q106468253	6000000017489965967
Q106468255	6000000208384235865
Q106468262	6000000143091627821
Q106468263	6000000033650145986
Q106468266	6000000185208880858
Q106468284	6000000182433703834
Q106468296	6000000147244495872
Q106468297	6000000104935832821
Q106468299	6000000028520343144
Q106468303	6000000011100545055
Q106468307	6000000186108955188
Q106468313	6000000183032999891
Q106468315	6000000016313947045
Q106468317	6000000002256125546
Q106468323	6000000030575401329
Q106468328	6000000175665880829
Q106468330	6000000184164844852
Q106468333	6000000008951626977
Q106468337	6000000026715312589
Q106468338	6000000133467599983
Q106468339	6000000012963096923
Q106468341	6000000044587390246
Q106468350	6000000145925454857
Q106468355	6000000105085071822
Q106468361	6000000086835578825
Q106468362	6000000179235405821
Q106468366	6000000028063623140
Q106468367	6000000074083641821
Q106468372	6000000200639656847
Q106468375	6000000157625705864
Q106468379	6000000050489720894
Q106468380	6000000197155909839
Q106468381	6000000052706188970
Q106468384	6000000054873304935
Q106468385	6000000197737913852
Q106468392	6000000200739288858
Q106468399	6000000017488230577
Q1064684	6000000022498456984
Q106468417	6000000195730109834
Q106468420	6000000036106856190
Q106468424	6000000179066642828
Q106468425	6000000208846044821
Q106468426	6000000077191300275
Q106468430	6000000189067845915
Q106468431	6000000181220377821
Q106468433	6000000092787373951
Q106468437	6000000009106084595
Q106468443	6000000028275547674
Q106468445	6000000146825952217
Q106468449	6000000173395782110
Q106468652	6000000002385212231
Q106468736	6000000178256524831
Q106468793	6000000006831893541
Q106468997	6000000031011768741
Q1064690	6000000020380256214
Q106469016	6000000023543300977
Q106469020	6000000051848968372
Q106469038	6000000200682466850
Q106469039	364327531080010511
Q106469062	6000000027793898115
Q106469063	6000000178790967838
Q106469078	6000000026322358942
Q106469081	6000000194493248821
Q106469082	6000000071613574873
Q106469084	6000000056987855090
Q106469085	6000000208230183850
Q106469094	6000000020891630812
Q106469096	6000000039992659129
Q1064691	6000000015875450359
Q106469103	6000000002993279394
Q106469110	6000000037448778395
Q106469125	6000000208974509821
Q106469134	6000000009919823446
Q106469148	6000000153701058871
Q106469156	6000000019349629449
Q106469163	6000000166671348861
Q106469173	6000000034979553865
Q106469182	6000000032132566734
Q106469189	6000000018299479433
Q106469190	6000000205994509827
Q1064692	6000000003087510006
Q1064692	6000000015048521331
Q106469206	6000000211703859824
Q106469207	6000000185878463846
Q106469211	6000000041531969414
Q106469212	6000000020206845084
Q106469213	6000000034449049896
Q106469215	6000000124658822330
Q106469216	6000000019022192870
Q106469218	6000000024185154782
Q106469220	6000000039352091574
Q106469227	6000000020158825452
Q106469237	6000000024569316743
Q106469242	6000000128850635945
Q106469243	6000000012512718883
Q106469244	6000000216995719851
Q106469245	6000000072584079972
Q106469246	6000000021309181741
Q106469275	6000000052614395941
Q106469276	6000000020626227435
Q106469278	6000000197132981910
Q106469280	6000000002361933974
Q106469286	6000000113175800621
Q106469295	6000000078114840228
Q106469297	6000000175445818871
Q106469305	6000000175686882854
Q106469311	6000000016473079600
Q106469314	6000000181364461860
Q106469337	6000000083735030909
Q106469340	6000000083993714107
Q106469344	6000000000157520879
Q106469346	6000000073979614959
Q106469347	6000000033700889155
Q106469352	6000000010987569502
Q106469355	6000000020022754024
Q106469363	6000000045707379104
Q106469368	6000000020692710771
Q106469372	6000000020319675452
Q106469375	6000000022783029254
Q106469377	6000000178887630869
Q106469378	6000000035944141861
Q106469382	6000000055375448948
Q106469407	6000000083992795221
Q106469414	6000000032968482687
Q106469415	6000000021566008406
Q106469423	6000000191805990833
Q106469428	6000000214996337821
Q106469431	6000000025227080779
Q106469436	6000000027102282588
Q106469441	6000000204950427915
Q106469445	4691536725510122300
Q106469448	6000000040140179852
Q106469450	6000000040139621292
Q106469452	6000000215388602836
Q106469457	6000000084023823186
Q106469459	6000000201374127837
Q106469460	6000000022696712983
Q106469461	6000000022437287912
Q106469462	6000000083992430448
Q106469468	6000000083992733359
Q106469469	6000000083993519157
Q106469475	6000000185438847852
Q106469480	6000000001029220479
Q106469482	6000000014986062641
Q106469485	6000000114972841821
Q106469486	6000000073595477215
Q106469494	6000000164273155909
Q106469500	6000000083992780250
Q106469511	6000000000157533692
Q106469520	6000000131722943924
Q106469526	6000000107821671869
Q106469529	6000000083992485512
Q106469530	6000000083993033084
Q106469539	6000000208210549832
Q106469546	6000000030010223607
Q106469571	6000000085674251833
Q106469575	6000000216952685832
Q106469577	6000000039680187448
Q106469589	6000000013029468253
Q106469615	6000000037810988261
Q106469621	6000000200739909859
Q106469628	6000000202631909828
Q106469629	6000000011981095970
Q106469632	6000000045225154968
Q106469638	6000000197351310821
Q106469659	6000000187802938850
Q106469661	6000000215184662822
Q106469664	6000000010084718578
Q106469672	6000000017351525050
Q106469678	6000000207159344821
Q106469680	6000000083993445887
Q106469684	6000000209105969833
Q106469687	6000000083993273025
Q106469701	6000000029364631386
Q106469705	6000000066451608928
Q106469713	6000000041396827556
Q106469714	6000000192182124535
Q106469716	6000000030348610051
Q106469717	6000000034008651017
Q106469720	6000000016739095323
Q106469721	6000000173996343825
Q106469723	6000000069965453831
Q106469731	6000000045871995022
Q106469733	6000000038267237917
Q106469737	6000000002678634398
Q106469738	6000000053249219978
Q106469752	6000000056535663938
Q106469760	6000000121580930873
Q106469762	6000000002042553327
Q106469764	6000000049497104023
Q106469767	6000000002276071872
Q106469768	6000000081759485949
Q106469770	6000000001910820189
Q106469777	4819667790490041693
Q106469782	6000000205219862830
Q106469786	6000000080264771856
Q106469787	6000000022768907494
Q106469791	6000000030890151986
Q106469796	6000000127036990821
Q106469797	6000000000556615389
Q106469858	6000000185480076160
Q106469859	6000000000645593178
Q106469860	6000000122464979831
Q106469867	6000000013362371951
Q106469871	6000000068170180845
Q106469884	6000000031520804079
Q106469885	4428687185010032625
Q106469891	6000000076915996241
Q106469898	6000000041307372320
Q106469902	6000000020664626256
Q106469904	6000000008529308773
Q106469911	6000000130437774296
Q106469913	6000000175325625940
Q106469926	6000000024915550914
Q106469927	6000000014745938897
Q106469930	6000000030647890890
Q106469933	6000000194154246860
Q106469934	6000000017406687103
Q106469936	6000000026779896603
Q106469959	6000000204885893027
Q106469962	6000000081922352318
Q106469965	6000000029326109280
Q106469966	6000000017406581445
Q106469970	6000000101408941839
Q106469983	6000000207288532860
Q106469985	6000000111873771974
Q106469993	6000000193588959837
Q106470	6000000045985582167
Q106470001	6000000086382870865
Q106470006	6000000008889462822
Q106470009	6000000030448478937
Q106470010	6000000202352829852
Q106470011	6000000154562498829
Q106470031	6000000024025198459
Q106470050	6000000020731890145
Q106470054	6000000048231366147
Q106470059	6000000002388925520
Q106470061	6000000041671457376
Q106470070	6000000026814838673
Q106470078	6000000045953715640
Q106470110	6000000033973661495
Q106470117	6000000006714366737
Q106470123	6000000026454960498
Q106470124	6000000038617327924
Q106470126	6000000080744340235
Q106470143	6000000033775046752
Q106470145	6000000087624190910
Q106470151	6000000062816508108
Q106470155	6000000173728186867
Q106470169	6000000179697913917
Q106470170	6000000042845168402
Q106470172	6000000010242038867
Q106470177	6000000194906090835
Q106470179	6000000165076369842
Q106470180	4644949909590021679
Q106470182	6000000001272641201
Q106470184	6000000001805516702
Q106470187	6000000112330990006
Q106470194	6000000024612047124
Q106470199	6000000008492797367
Q106470201	6000000200698547896
Q106470206	6000000025958291794
Q106470216	6000000064661257851
Q106470220	6000000007375711304
Q106470249	6000000012974120363
Q106470260	6000000164324649905
Q106470263	6000000016708705028
Q106470265	6000000041977911475
Q106470272	6000000018842071443
Q106470317	6000000015332710885
Q106470324	6000000216398765821
Q106470335	6000000057393427862
Q106470359	6000000211667272827
Q106470365	6000000088153662084
Q106470380	6000000044067842115
Q106470381	6000000036462521868
Q106470382	6000000032751192991
Q106470386	6000000076625618258
Q106470404	6000000211344882827
Q106470418	6000000167390911027
Q106470421	6000000216212890833
Q106470425	6000000179725851892
Q106470427	6000000053111879852
Q106470432	6000000172251204059
Q106470433	6000000033292476388
Q106470438	6000000085116696932
Q106470465	6000000012913451755
Q106470472	6000000044371508507
Q106470475	6000000196395497842
Q106470477	6000000195027969858
Q106470496	6000000093663420822
Q1064705	4709893
Q106470502	6000000002831681674
Q106470507	6000000084788703842
Q106470512	6000000084542055040
Q106470513	6000000028624857890
Q106470514	6000000183489591835
Q106470516	6000000197348537821
Q106470583	6000000047417600087
Q106470600	6000000161154972826
Q106470606	6000000002465857601
Q106470610	6000000052472204834
Q106470611	6000000040534889933
Q106470613	6000000077572252896
Q106470618	6000000064865951015
Q106470619	4032959137620035487
Q106470621	6000000082957737848
Q106470644	6000000078222655824
Q106470646	6000000015118026813
Q106470658	6000000207250886825
Q106470659	6000000016371814314
Q106470660	6000000211909741828
Q106470661	6000000205127559821
Q106470673	6000000139543338867
Q106470675	6000000176130727988
Q106470676	6000000010119327067
Q106470708	6000000126438608856
Q106470712	6000000041926312500
Q106470715	6000000013207006550
Q106470723	6000000155808613848
Q106470732	6000000015856517559
Q106470741	6000000041425709371
Q106470743	6000000194840245916
Q106470749	6000000011440362786
Q106470752	6000000059427697850
Q106470755	6000000007862210428
Q106470765	6000000200712562822
Q106470785	6000000185050769822
Q106470795	6000000002765250052
Q106470804	6000000208883883852
Q106470806	6000000042910479633
Q106470808	6000000203228974836
Q106470811	6000000024707261735
Q106470812	6000000090268577005
Q106470813	6000000053089701867
Q106470814	6000000077294518170
Q106470832	6000000041295570270
Q106470839	6000000184576627035
Q106470840	6000000216779548829
Q106470848	6000000002562462073
Q106470854	6000000021650371404
Q106470869	6000000128956777821
Q106470875	6000000025914203072
Q106470881	6000000046197402446
Q106470897	6000000186292917856
Q106470902	6000000076674260982
Q106470903	6000000065765521015
Q106470905	6000000208038490846
Q106470907	6000000084225374016
Q106470908	6000000077667726327
Q106470910	6000000003538571127
Q106470912	6000000031987300053
Q106470915	6000000006236397170
Q106470917	6000000167395662944
Q106470919	6000000052162969840
Q106470924	6000000003343067248
Q106470926	4431887970150086469
Q106470931	6000000120521356821
Q106470933	6000000137321905854
Q106470937	6000000194402904848
Q106470947	6000000215684839822
Q106470948	6000000177752603846
Q106471030	6000000185602832879
Q106471037	6000000029129344760
Q106471038	6000000106053341866
Q106471047	6000000139649767821
Q106471048	6000000084157340005
Q106471050	6000000025297866074
Q106471052	6000000201322774848
Q106471054	6000000098166484822
Q106471062	6000000002358605992
Q106471063	6000000006828913159
Q106471065	6000000060615916821
Q106471084	6000000081564811395
Q106471090	6000000081502572972
Q106471092	6000000054832770519
Q106471101	6000000038828739853
Q106471104	6000000015242649048
Q106471110	6000000195605571284
Q106471121	6000000129849795893
Q106471174	6000000032984505249
Q106471186	6000000011172412659
Q106471191	6000000011252944948
Q106471192	6000000194029768828
Q106471194	6000000205388529836
Q106471200	6000000009645149233
Q106471203	6000000196183287857
Q106471211	6000000200148243855
Q106471215	6000000088752857314
Q106471219	6000000112974621907
Q106471233	6000000031266389870
Q106471247	6000000022926440838
Q106471248	6000000037986154073
Q106471250	6000000016328256938
Q106471254	6000000041135943490
Q106471264	6000000007788558831
Q106471265	6000000042116010202
Q106471266	6000000086497677910
Q106471272	6000000157696352907
Q106471274	6000000188799760823
Q106471284	6000000011277745299
Q106471285	6000000213225673460
Q106471293	6000000057402868227
Q106471302	6000000214407988844
Q106471304	6000000062311076932
Q106471309	6000000188409610841
Q106471324	6000000022781791466
Q106471326	5356135545300124518
Q106471334	6000000068892282954
Q106471338	6000000191058941843
Q106471344	6000000190247965822
Q106471347	6000000076932281063
Q106471352	6000000027093185298
Q106471374	6000000039693882825
Q106471377	6000000032948739205
Q106471383	6000000064160652824
Q106471391	6000000202946044821
Q106471397	6000000013355523555
Q106471409	6000000197887822833
Q106471417	6000000026436483881
Q106471420	3992697296570034477
Q106471421	6000000177546935861
Q106471430	6000000204936324826
Q106471446	6000000176401608832
Q106471449	6000000007208674260
Q106471457	6000000013386041201
Q106471462	6000000077142289456
Q106471466	6000000198289053003
Q106471505	6000000203526011828
Q106471516	6000000026933556733
Q106471517	6000000089935349961
Q106471521	6000000024212485587
Q106471534	6000000089530035835
Q106471535	6000000008513801964
Q106471538	6000000023404599892
Q106471569	6000000120516461934
Q106471574	6000000031363293888
Q106471592	6000000028145464548
Q106471596	6000000010025497767
Q106471601	6000000024057944108
Q106471602	6000000010692691532
Q106471605	6000000194866949821
Q106471606	6000000190089350832
Q106471615	6000000144752900861
Q106471616	6000000172000590386
Q106471618	6000000001829390537
Q106471621	6000000011881954245
Q106471622	6000000197709749822
Q106471623	6000000112780671297
Q106471631	6000000190448259841
Q106471632	6000000022600688910
Q106471651	6000000175949095860
Q106471654	6000000167101559824
Q106471660	6000000018201916631
Q106471661	6000000099411194909
Q106471705	6000000108751262891
Q106471715	4749063845860012458
Q106471716	6000000027191879961
Q106471719	6000000076362113839
Q106471729	6000000026419555771
Q106471736	6000000110844473900
Q106471741	6000000017434783713
Q106471747	6000000039670841149
Q106471765	6000000121977331958
Q106471778	6000000029427775397
Q106471781	6000000187655194824
Q106471783	6000000166552241821
Q106471787	6000000027150971696
Q106471789	6000000032963754177
Q106471795	6000000038160261822
Q106471797	6000000021131853331
Q106471802	6000000009890331919
Q106471819	6000000091880239859
Q106471822	6000000012994899175
Q106471825	6000000034733740821
Q106471838	6000000066757840835
Q106471855	6000000010538123246
Q106471856	6000000207441624836
Q106471861	6000000016359956627
Q106471872	6000000001369284039
Q106471879	6000000004553423191
Q106471880	6000000018504686541
Q106471885	6000000110258313925
Q106471889	6000000040707359073
Q106471895	5253983473640072049
Q106471902	6000000025413649549
Q106471905	6000000002951815288
Q106471906	6000000041367943562
Q106471908	6000000083354989291
Q106471923	6000000052990995116
Q106471930	6000000021967082444
Q106471942	6000000181302676825
Q106471950	6000000044862211956
Q106472006	6000000016698591176
Q106472007	6000000057347274913
Q106472011	6000000084142338152
Q106472012	6000000012660814924
Q106472025	6000000072912059821
Q106472028	6000000179477136825
Q106472029	6000000179382367867
Q106472032	6000000062822907969
Q106472034	6000000006873116353
Q106472035	6000000023221656963
Q106472039	6000000087770106891
Q106472041	6000000133447812833
Q106472043	6000000175699705839
Q106472065	6000000202164221843
Q106472068	6000000201107531829
Q106472069	6000000176657158845
Q106472081	6000000163375367875
Q106472092	6000000009774542964
Q106472095	6000000206357397875
Q106472096	6000000022556566481
Q106472099	6000000167059166967
Q106472100	6000000013126898721
Q106472138	6000000073305225274
Q106472285	6000000025387537796
Q1064724	6000000020268786750
Q106473100	6000000027541206285
Q106473431	6000000083993203902
Q106473523	6000000083993235901
Q106473525	6000000083993782025
Q106473608	6000000174468497719
Q106473617	6000000083992717327
Q106473968	6000000051312965838
Q106474035	6000000027541104272
Q106474151	6000000010458102300
Q106474307	6000000014223338713
Q106474347	6000000016583818107
Q106474361	6000000020827500966
Q106474635	6000000027740184033
Q106474637	6000000028613009619
Q106474787	6000000017414589297
Q106474794	6000000103752654931
Q106474801	6000000191486586828
Q106474804	6000000191486610821
Q106474810	6000000045667891322
Q106474819	6000000061907395174
Q106474823	6000000029407986833
Q106474827	6000000021187200704
Q106474833	6000000013177219171
Q106474837	6000000077056610327
Q106474841	6000000029315347821
Q106474844	6000000053005658900
Q106474870	6000000112965587881
Q106474872	6000000022810502804
Q106474873	6000000205334731858
Q106474874	6000000060715201918
Q106474876	6000000011981892298
Q106474877	6000000011981134860
Q106474883	6000000037711842618
Q106474884	6000000018138864758
Q106474886	6000000027709126756
Q106474888	6000000089310498073
Q106474898	6000000017876853083
Q106474903	6000000025694231394
Q106474906	6000000180684047904
Q106474907	6000000180682422858
Q106474908	6000000003443607663
Q106474916	3424752
Q106474917	6000000164550364832
Q106474918	6000000028185124174
Q106474975	6000000030548629741
Q106474976	6000000174401901849
Q106474977	6000000083870669409
Q106474978	322784138170005284
Q106474987	6000000014805152080
Q106474988	6000000031250341550
Q106475013	6000000075557433899
Q106475014	6000000016555626230
Q106475032	6000000198519276822
Q106475036	6000000083683214796
Q106475038	6000000010312182631
Q106475041	6000000023836565128
Q106475043	6000000190352020320
Q106475058	6000000103083826821
Q106475059	6000000103081743871
Q106475063	6000000023247645387
Q106475070	6000000179968387942
Q106475074	6000000202668993822
Q106475075	6000000202668833882
Q106475095	6000000141562167962
Q1064751	6000000027740730195
Q106475104	6000000010602191432
Q106475113	6000000066640872835
Q106475116	6000000008010090827
Q106475119	6000000030570676785
Q106475139	6000000000744078652
Q106475141	6000000202668343825
Q106475142	6000000015760067680
Q106475143	6000000088292770855
Q106475144	6000000046509248936
Q106475174	6000000080175078244
Q106475188	6000000020269091330
Q106475189	6000000196940580862
Q106475197	6000000025526791799
Q106475201	6000000027046911523
Q106475202	6000000125883338840
Q106475210	6000000016694750027
Q106475212	6000000178549364877
Q106475215	6000000190887922826
Q106475227	6000000179187925829
Q106475235	6000000214916319822
Q106475246	6000000010016764682
Q106475249	6000000001343109706
Q106475259	6000000173613745883
Q106475263	6000000199386515887
Q106475268	6000000017710932623
Q106475271	6000000029830474073
Q106475283	6000000054696392876
Q106475289	6000000080388605752
Q106475291	6000000185039002821
Q106475293	6000000066114065003
Q106475296	6000000195470139848
Q106475297	6000000195470446825
Q106475301	6000000144740259831
Q106475306	6000000152472251015
Q106475313	6000000089310126099
Q106475314	6000000009919781531
Q106475337	6000000030182298330
Q106475338	6000000021210379040
Q106475347	6000000156383054836
Q106475355	6000000186707811825
Q106475357	6000000181888071843
Q106475369	6000000120854213912
Q106475376	6000000192702207823
Q106475391	6000000024913830607
Q106475398	6000000208472050821
Q106475402	6000000018569513182
Q106475403	6000000018569387829
Q106475434	6000000186812731869
Q106475435	6000000007050453053
Q106475440	6000000170696679836
Q106475443	6000000004958358417
Q106475457	6000000177740883967
Q106475460	6000000090012873103
Q106475461	6000000076960609930
Q106475468	6000000026591528989
Q106475469	6000000013484296191
Q106475472	6000000045394918229
Q106475475	6000000045395671851
Q106475507	6000000114603527838
Q106475510	6000000193397717830
Q106475512	6000000030571246127
Q106475514	6000000181520251875
Q106475515	6000000110673209858
Q106475519	6000000036950409504
Q106475532	6000000039965315128
Q106475534	6000000000387293920
Q106475536	6000000023904450954
Q106475565	6000000205322432896
Q106475566	6000000018214788010
Q106475572	6000000010679677865
Q106475574	6000000021850621112
Q106475576	6000000045963769489
Q106475579	6000000007291315006
Q106475584	6000000024914474866
Q106475585	6000000216747385823
Q106475587	6000000023175155494
Q106475588	6000000030873792025
Q106475606	6000000209134894852
Q106475626	6000000021222944944
Q106475631	6000000015561202010
Q106475633	6000000033208683995
Q106475635	6000000025752805399
Q106475647	6000000037657924316
Q106475660	6000000028410941245
Q106475664	6000000035700435963
Q106475670	6000000210227572869
Q106475671	6000000018498654478
Q106475704	6000000198201973176
Q106475705	6000000198202254086
Q106475708	6000000018084685392
Q106475709	6000000080195536004
Q106475710	6000000022162393542
Q106475736	6000000003811677208
Q106475738	6000000187114617841
Q106475739	6000000187114439877
Q106475742	6000000026131001247
Q106475752	6000000190716652843
Q106475783	6000000194163977826
Q106475789	6000000025512763038
Q106475790	6000000025512774995
Q106475795	4050335709780079588
Q106475796	4050335846700039340
Q106475808	6000000031971797861
Q106475838	6000000009420323666
Q106475844	6000000183084483830
Q106475850	6000000034116656062
Q106475894	6000000013308775468
Q106475895	6000000022382913726
Q106475908	6000000009441459425
Q106475930	6000000034378024874
Q106475940	6000000057148305958
Q106475942	6000000030467915293
Q106475954	6000000027668208325
Q106476012	6000000147837131007
Q106476015	6000000193931411940
Q106476025	6000000078459853902
Q106476026	6000000102575389281
Q106476030	6000000197806551877
Q106476042	6000000194850917851
Q106476043	6000000194850796868
Q106476051	6000000208327409834
Q106476059	6000000020636223217
Q106476067	6000000195470709839
Q106476112	6000000024860842425
Q106476121	6000000083167740354
Q106476129	4969065948550077686
Q106476131	6000000190885354867
Q106476132	6000000208158497874
Q106476133	6000000012860780227
Q106476166	6000000205671354824
Q106476248	6000000031198747833
Q106476253	6000000014717053155
Q106476254	6000000034776509929
Q106476256	6000000008906493607
Q106476259	5370182552430078449
Q106476264	6000000042886380355
Q106476268	6000000006986116636
Q106476270	6000000173923702372
Q106476272	6000000173923868346
Q106476275	6000000192127171832
Q106476278	6000000017786255299
Q106476343	6000000017900410300
Q106476359	6000000009710346883
Q106476360	6000000145945285880
Q106476361	6000000032138617960
Q106476364	6000000030231223240
Q106476368	6000000055769619231
Q106476372	6000000029496747392
Q106476373	6000000020961218401
Q106476385	6000000017674317767
Q106476386	6000000008799191256
Q106476672	6000000002783177773
Q1064770	6000000037408551064
Q106477077	6000000021000378629
Q106477096	6000000015661343605
Q106477236	6000000015661541548
Q106477242	6000000053145209279
Q106477244	6000000006598332012
Q106477245	6000000006598324199
Q106477246	6000000010684897719
Q106477313	6000000018571459648
Q106477409	6000000018571557438
Q106477484	6000000089129180917
Q1064775	6000000025126605066
Q106478089	6000000013247381732
Q106478092	6000000006110954523
Q106478150	5018655585950066877
Q106478192	6000000042686631270
Q106478192	6000000075865107927
Q106478206	6000000002684114450
Q106478213	6000000160058257870
Q106478215	6000000003941524300
Q106478217	6000000003941524284
Q106478218	6000000001947530413
Q1064793	6000000190538898837
Q1064794	6000000029576802886
Q10648	6000000012378015385
Q1064809	6000000016688579299
Q106480903	6000000002167319103
Q106481	6000000039399701152
Q1064811	6000000003916558744
Q106481400	6000000083734507106
Q106481401	6000000083733424501
Q106481402	6000000084636475311
Q106481501	6000000083992924376
Q106481508	6000000011673613341
Q106481555	6000000008950892003
Q106481566	6000000065849572889
Q106481567	6000000065849569859
Q106481568	6000000065849289867
Q106481572	6000000046572589099
Q106481869	6000000065849192821
Q106481957	6000000065847824875
Q106482	6000000057756263886
Q106482431	6000000065934149946
Q106482435	6000000065847711821
Q1064827	6000000028083931432
Q106482870	6000000023199324011
Q106482900	6000000121977983834
Q1064836	6000000017544814051
Q106484742	6000000086117592911
Q106484996	6000000039508444959
Q106485423	6000000054769862823
Q106485535	6000000010444305093
Q106485536	6000000013481263586
Q106485557	6000000010444455460
Q106485573	6000000174513099134
Q106485575	6000000056313684179
Q1064856	6000000084246718152
Q106485733	6000000094083282850
Q1064868	6000000017463435049
Q1064871	6000000015767984283
Q1064877	6000000016446512361
Q1064886	6000000002966542064
Q1064894	6000000030027111958
Q106489629	6000000026011360900
Q106489766	6000000035358315486
Q106489775	6000000024729112193
Q106489856	6000000003255932657
Q106489857	6000000003266508014
Q106489860	6000000000229508357
Q1064899	6000000173890957870
Q106489912	6000000017735900783
Q106489950	327929413860005417
Q106489951	6000000000321363733
Q106489954	6000000003940515914
Q106489958	6000000000320804527
Q106489975	327929041420006024
Q106489976	6000000013382994019
Q106489977	6000000003077377702
Q106489996	6000000034695184821
Q106490	6000000000128937459
Q106490127	6000000078405546154
Q1064903	6000000008521358844
Q106490449	6000000039522208920
Q1064912	6000000017535087228
Q106491229	6000000001012114124
Q106491328	6000000145849167899
Q106491852	6000000041993660296
Q1064921	6000000012942960429
Q106493077	6000000001659824173
Q106493078	6000000001659539713
Q106493079	6000000001483019398
Q106493161	6000000002860833291
Q106493167	6000000002860831862
Q106493168	6000000007601797779
Q106494012	6000000175843994849
Q106494079	6000000003035662747
Q106494081	6000000002968896198
Q106494089	6000000003035632844
Q106494091	6000000011472786884
Q106494092	6000000011472644478
Q106494108	6000000011571866152
Q106494109	6000000005748906468
Q106494110	6000000002500954521
Q106494111	6000000002500781593
Q106494141	6000000000652491934
Q106494143	6000000000652539494
Q106494145	329271912730002304
Q106494147	329271211360001491
Q106494149	329270492860001504
Q106494150	329269040240005755
Q106494151	1917716
Q106494157	1914833
Q106494160	1914835
Q106494653	6000000020058502285
Q1064966	6000000016853662940
Q106496707	6000000168807772909
Q106497078	6000000047926574559
Q106497138	6000000174544419141
Q106497139	6000000174544905969
Q106497326	6000000002288015357
Q106497347	6000000015546938952
Q106497353	6000000015546918307
Q106497358	6000000006079904287
Q106497361	6000000017687259341
Q106497362	6000000000770260374
Q106497363	6000000000770364543
Q106497365	6000000113104101860
Q106497366	6000000017686883249
Q1064974	6000000002790060320
Q106497476	6000000015546847941
Q106497479	6000000015546997168
Q106497483	6000000018112614012
Q106497487	6000000008681796211
Q106497490	6000000002908387349
Q106497730	5601236877570116794
Q106497790	6000000021869138749
Q106497791	6000000021869321022
Q106497835	6000000026614837507
Q106497904	6000000020281779213
Q106497906	6000000020281791018
Q106497907	321902450600002346
Q106497935	6000000020281725384
Q106497937	6000000016587583430
Q106497956	6000000004593756761
Q106498363	6000000081647158712
Q1064984	6000000025514027234
Q106498444	6000000083682445015
Q106498985	6000000039542216093
Q1064997	6000000016347851496
Q1064998	6000000034294008407
Q1065003	6000000034432441208
Q106500447	6000000169027731832
Q106500460	6000000071032207199
Q106501100	6000000031691877199
Q106501101	6000000027090440053
Q106501104	6000000027090080523
Q106501106	6000000000641097873
Q106501110	6000000000640961473
Q106501113	6000000000640961763
Q106501236	6000000001088917123
Q106501283	6000000033070419862
Q106501485	6000000007157623277
Q106501490	6000000007157754229
Q106501672	6000000027104119896
Q106501916	6000000014120139111
Q106502	6000000013233962464
Q106502065	6000000039520910450
Q106502086	6000000017576375243
Q106502121	6000000024779434912
Q106502132	6000000039521059175
Q106502174	6000000000767964826
Q106502259	6000000004560191543
Q106502260	6000000021505411415
Q1065023	6000000025514218929
Q106502999	6000000006341159407
Q106503061	6000000014120878961
Q106503604	6000000000560074505
Q106503607	6000000009655444622
Q106503635	6000000009431954192
Q1065037	6000000019036551842
Q106503990	6000000006918128743
Q1065040	6000000056421583992
Q106504042	6000000147687246834
Q106504443	6000000000701095242
Q106504669	6000000017639236356
Q106504729	6000000000475167120
Q106504876	6000000006424937132
Q106505051	6000000050511060305
Q106505900	6000000006348436097
Q1065064	6000000179411987833
Q10650645	6000000019187411204
Q1065068	6000000157671265825
Q1065078	6000000002764858877
Q106507937	6000000061539583175
Q106507947	6000000179654579925
Q106508220	6000000021930585739
Q106508227	6000000009315874890
Q106508308	6000000081304155498
Q106508309	6000000167352544875
Q106508311	6000000167351467338
Q106508315	6000000102742887928
Q106508316	6000000102742659025
Q106508317	6000000102743779891
Q106508318	6000000102743080072
Q106508320	6000000002827533189
Q106508321	6000000002827560136
Q106508323	6000000002827549635
Q106508325	6000000002827573800
Q106508338	6000000002827485998
Q106508339	6000000002827502401
Q106508340	6000000002827468591
Q106508341	6000000002827576301
Q106508343	6000000002827629252
Q106508344	6000000004229575905
Q106508345	6000000002827494716
Q106508348	6000000002968689879
Q106508349	6000000004229575593
Q106508351	6000000004229575610
Q106508619	6000000003754698735
Q106508621	6000000003754729500
Q106508888	6000000000199585957
Q106508969	6000000011514570370
Q106509074	6000000011171395450
Q106509357	6000000007273325493
Q106509358	6000000007273292472
Q106509360	6000000007273286318
Q106509361	6000000007273306734
Q106509363	6000000008517365038
Q106509502	6000000190505044825
Q106509630	6000000011429357309
Q106509630	6000000109376077840
Q106509733	6000000000642072024
Q106509734	6000000000642026497
Q106510365	6000000029426990890
Q106510381	6000000007980937383
Q1065104	6000000011738956676
Q106510663	6000000009578786534
Q106510729	6000000021789243343
Q106511253	6000000184313226851
Q106511367	6000000103277482237
Q106511443	6000000009629702311
Q106511464	6000000003481629816
Q1065117	6000000021277935654
Q106511807	6000000019539888018
Q106511838	6000000016385180703
Q106511897	6000000002866272551
Q106512	6000000005598770944
Q106512142	6000000030452665137
Q106512363	6000000008535205022
Q106512368	6000000008571515942
Q106512788	6000000001525447508
Q106512789	3879928
Q106512796	6000000016930369217
Q106512804	6000000000769906367
Q106513149	6000000080901369005
Q106513169	6000000004018499735
Q106513649	6000000011515282325
Q106514	6000000002678247291
Q106514596	5473334177520066696
Q106514778	4306769479110055633
Q1065148	6000000069422485018
Q106515	6000000047938599605
Q106515402	6000000025083913165
Q106515547	6000000080118713143
Q1065165	6000000042559336900
Q1065181	6000000145352463860
Q106518129	6000000039233006363
Q106518215	6000000007362437885
Q106518216	6000000011381445201
Q106518217	6000000011381266592
Q106518218	6000000011379125294
Q106518220	6000000011379051737
Q106518305	6000000000475175848
Q106518487	6000000025848729868
Q106518563	6000000039232821406
Q1065188	6000000140860946830
Q106518840	6000000021542618073
Q106518957	6000000009227865954
Q106518997	6000000016263412732
Q1065192	6000000022892079966
Q106519459	6000000037060777541
Q1065198	6000000016688569060
Q106519885	6000000041566148940
Q10652	6000000023738656118
Q106520179	6000000132794969833
Q106520183	6000000017338304754
Q106520191	4914532951020073707
Q106520380	6000000030996812648
Q106520521	6000000023754285736
Q1065210	6000000017296063764
Q106521155	6000000013838032438
Q1065216	6000000037564474894
Q106521609	6000000020113977103
Q106521612	6000000004188233273
Q1065220	6000000025546785826
Q106522361	6000000185580358900
Q106522662	6000000214169893821
Q106522899	6000000084367528155
Q106523190	6000000024235740829
Q1065260	6000000020278754334
Q106526340	6000000178325196822
Q106526547	6000000014854826077
Q106527081	6000000123495161977
Q1065275	6000000051025572008
Q1065281	6000000027880466548
Q106528130	6000000195119850844
Q106528139	6000000019775118055
Q106528418	6000000069278886847
Q106529	6000000030839136010
Q106529338	6000000056826385922
Q10652957	6000000033583633102
Q1065303	6000000069418702821
Q106531428	6000000003029896194
Q106531449	6000000003149485406
Q106531611	6000000041093489084
Q106531612	6000000032351847910
Q106531613	6000000032353394827
Q106531614	6000000007850708302
Q106531615	6000000000966220005
Q106531625	6000000027237034279
Q106531626	6000000012156270279
Q106531641	6000000012156441203
Q106531643	6000000012156399365
Q106531644	6000000008344570764
Q106531645	6000000001267835257
Q106531688	6000000021852609648
Q106531689	6000000020167051275
Q106531691	6000000020167226459
Q106531693	6000000020167024405
Q106531694	6000000004537997722
Q106531695	6000000001065044850
Q106531696	5702743663530100979
Q106531699	6000000020167241055
Q106531700	6000000002946733393
Q106531702	6000000003937800305
Q106531703	6000000002946726267
Q106531856	6000000020167321822
Q106531857	6000000028335755193
Q106531858	6000000001543807816
Q106531859	6000000001543857619
Q106531860	6000000001555435370
Q106531862	6000000022079443805
Q106531863	6000000022079483711
Q106531864	6000000022079530033
Q106531867	6000000022079475967
Q106531868	6000000004594593150
Q106531869	6000000000551025176
Q106531870	6000000002324426481
Q106531873	6000000002324349748
Q106531874	6000000002760727354
Q106531876	6000000000550749676
Q106531877	6000000006568045607
Q1065319	6000000137444412822
Q106532025	6000000055527676821
Q106532026	6000000055527392027
Q106532028	6000000021829502328
Q106532029	6000000019103690119
Q106532030	6000000010059404304
Q106532031	6000000017407621486
Q106532032	6000000006440574443
Q106532034	6000000010059404299
Q106532061	6000000006797517699
Q106532062	6000000006797743023
Q106532063	6000000006803206888
Q106532133	6000000006804065515
Q106532134	6000000006804384053
Q106532144	6000000028337241069
Q106532145	6000000079119284275
Q106532146	6000000016662782053
Q106532147	6000000022549044376
Q106532148	6000000022548697468
Q106532149	6000000004229538078
Q106532150	6000000003185161165
Q106532194	6000000012667210000
Q106532206	6000000012667687413
Q106532207	5535205529990024186
Q106532209	5545434578370103632
Q106532211	6000000007510081274
Q106532212	6000000006998247703
Q106532213	6000000008065978722
Q106532234	6000000006860640441
Q106532235	5553826020710106437
Q106532236	6000000003858994009
Q106532246	5535205648490024192
Q106532247	5535263861920111122
Q106532248	5545534459450127749
Q106532249	5545542409390117883
Q106532251	5545547565160053506
Q106532252	6000000007601471110
Q106532311	308262894680008264
Q106532323	6000000004869580296
Q106532337	6000000004869580282
Q106532339	6000000004869580268
Q106532340	6000000004869580263
Q106532340	6000000006817415158
Q106532381	6000000006817343193
Q106532382	6000000008059752751
Q106532467	6000000019361158436
Q106532601	6000000009190567461
Q106532604	6000000009190639460
Q106532605	6000000018291063792
Q106532607	6000000009561923010
Q106532607	6000000024183759773
Q106532722	6000000005440650603
Q106532724	6000000005440596420
Q106532725	6000000009561789402
Q106532820	6000000002429041916
Q106532920	6000000019361574288
Q106533171	4311567049200029803
Q106533227	6000000024184011537
Q106533240	6000000002800184637
Q106533271	6000000002800184646
Q106533273	4320045206120054402
Q106533284	4320046754290054410
Q1065346	6000000009957116839
Q106535735	6000000020919947970
Q1065359	6000000045917260957
Q106535981	6000000019946688445
Q106536184	6000000010250653715
Q1065362	6000000007062572068
Q106536628	6000000009401929077
Q106536709	6000000025889299795
Q106536987	6000000021263774751
Q106536992	6000000016093062946
Q106536999	6000000016093788060
Q106537053	6000000011264729214
Q1065379	6000000005016169101
Q1065380	6000000013836446917
Q106538719	6000000026434810473
Q106538887	6000000002864501870
Q106538912	6000000194876432968
Q106539045	6000000026435371212
Q1065395	6000000027950380304
Q1065397	6000000020390005488
Q106539949	6000000025661245209
Q106541724	6000000087915440913
Q1065418	6000000018557596695
Q106541980	6000000003206237282
Q106541982	6000000003206181209
Q106541983	6000000003111499918
Q106542070	6000000020788997563
Q106542071	6000000020789030469
Q106542072	6000000079214172566
Q106542074	6000000079212671397
Q1065421	4709873
Q106542106	5042628273340026768
Q106542111	6000000001801215786
Q106542114	6000000001801215778
Q106542115	6000000000410851233
Q106542118	6000000000410752467
Q106542125	6000000005937112073
Q106542126	6000000000410655454
Q106542127	6000000005937036183
Q106542198	5461026674890042579
Q106542200	5426906091430122904
Q106542207	5426902611090119811
Q106542208	5426899425810075091
Q106542230	5461130779650127801
Q106542231	5461131090820127808
Q106542232	6000000035044135949
Q106542324	1407506
Q106542437	6000000003153208110
Q106542441	6000000003152771034
Q106542442	6000000006237948779
Q106542454	6000000017646950809
Q106542456	6000000000227398709
Q106542458	6000000000227544448
Q106542459	6000000005908243539
Q106542461	6000000006196199444
Q106542522	6000000021482847434
Q106542549	6000000003297180818
Q1065426	6000000015388417223
Q106542633	6000000003264190320
Q106542697	6000000000218080186
Q106542968	6000000005917984307
Q106542975	6000000005035623853
Q106542982	6000000005035537654
Q106542985	6000000005035501767
Q106543049	6000000000001247144
Q106543374	6000000022859584982
Q106543540	6000000179185817822
Q1065436	6000000066601380016
Q1065439	6000000017383857150
Q106544	6000000057952074958
Q1065454	6000000023867946983
Q106546277	6000000019458863459
Q106547	6000000029637430202
Q106547937	6000000012630781426
Q106547996	6000000018289812352
Q106548029	6000000006802692038
Q106548608	6000000021387667651
Q106548794	6000000000182613454
Q106548795	6000000006851930757
Q106548796	6000000173235151026
Q106548797	6000000000124272670
Q106548798	6000000000124230701
Q106548799	6000000000182725184
Q106548827	6000000029098204958
Q106548828	6000000029098043383
Q106548836	6000000006574934159
Q106548839	6000000006577276296
Q106548840	6000000001517532176
Q106548841	6000000031560499040
Q106548858	6000000006569280263
Q1065494	6000000067664828922
Q106550032	6000000013843508715
Q106550033	6000000006330909618
Q106550034	6000000005035710040
Q106550035	6000000005035610484
Q106550038	6000000001885311340
Q106550049	6000000001550349460
Q106550058	6000000001550474159
Q106550059	6000000001550449171
Q106550060	6000000005815110001
Q106550062	6000000005035715829
Q106550063	6000000005035654704
Q106550064	6000000010113427608
Q106550065	6000000003233524061
Q106550469	6000000021824229836
Q106551536	6000000011691511636
Q106551538	6000000011691507182
Q106551546	6000000013450891716
Q106551551	6000000011691482106
Q106551553	6000000011691425528
Q106551555	6000000011691448022
Q106551556	6000000011691756771
Q106551557	6000000011691674389
Q106551558	6000000011691651590
Q106551560	6000000008418027793
Q106551561	6000000008417937550
Q106551563	6000000003243938500
Q106551564	6000000003243958849
Q106553067	6000000017378669845
Q106554084	6000000075228026849
Q1065548	6000000039126419225
Q106555	6000000069963653926
Q1065552	6000000024420246312
Q106555636	6000000023935859073
Q106555792	6000000033697676525
Q1065558	6000000181821851821
Q1065565	6000000002806017065
Q106557291	6000000069593707200
Q106557838	6000000119907032867
Q106559	6000000047392824015
Q106559285	6000000000142960225
Q106559580	6000000000142963519
Q106559747	6000000171059371457
Q106559799	6000000000142964537
Q106559891	6000000000142982204
Q106560044	6000000057215138895
Q106560426	6000000029227662214
Q1065605	6000000023810082275
Q106560664	6000000029226279086
Q1065608	6000000009375589877
Q106561562	6000000001529617615
Q106561642	6000000041199085218
Q106561956	6000000020182059780
Q1065628	6000000018067482705
Q106563045	6000000010398679679
Q1065635	6000000013430386422
Q106563674	6000000019262523564
Q106563680	6000000002207844283
Q106563719	6000000029227529405
Q106564	6000000040106991844
Q1065641	6000000163667447989
Q106564663	6000000012686748595
Q1065648	6000000024742713829
Q106564832	6000000011335743587
Q106566737	6000000008350574460
Q1065668	6000000027723061413
Q106567991	6000000020529858632
Q106569590	6000000014749494696
Q106569742	6000000174735720913
Q106569746	6000000174733912723
Q106570091	6000000174735128337
Q106570099	6000000174736030041
Q106570100	6000000174736592830
Q106570105	6000000174736664830
Q106570288	6000000013116649438
Q1065704	6000000008129275384
Q106570495	6000000025823263934
Q106570526	6000000056391867907
Q1065710	6000000024290422829
Q1065713	6000000075962834013
Q106571391	6000000026165274518
Q106571406	6000000201807866865
Q106571712	6000000040071247749
Q106571713	6000000024065294750
Q106571760	6000000040071773281
Q1065718	6000000144189103899
Q106571802	6000000177194113849
Q106573054	6000000008597221692
Q106573340	6000000028045960440
Q106573781	6000000026161582332
Q106573900	6000000036983858683
Q106574098	6000000026165944850
Q1065743	6000000034695435226
Q106574321	6000000038896508257
Q106574333	6000000007758888567
Q106575217	6000000003145126297
Q10657615	6000000031983788172
Q106576264	6000000079938564130
Q106576681	6000000154436674829
Q106576947	6000000025808974249
Q1065770	6000000000921334265
Q106577540	6000000015042389569
Q106577546	6000000051755344442
Q106577608	6000000051756527827
Q106577610	6000000051755993039
Q106577611	6000000051756410035
Q106577621	6000000174772718459
Q106577631	6000000174772418609
Q106577632	6000000174773679865
Q106577708	6000000174774123984
Q106577710	6000000174774399824
Q106577711	6000000174773429162
Q106577712	6000000174774257861
Q106577720	6000000174772224635
Q106577721	6000000081701543832
Q106577722	6000000174774419939
Q106577729	6000000001517526463
Q106577730	6000000174774486989
Q106577732	6000000174773610146
Q106577733	6000000174774135958
Q106577734	6000000081561097142
Q106577735	6000000081561820879
Q106577736	6000000081561784858
Q106577737	6000000081561973861
Q106577738	6000000081561262442
Q106577739	6000000081561965958
Q106577740	6000000082250162949
Q106577742	6000000082251726895
Q106577782	6000000174775367866
Q106577793	6000000174775066015
Q106577955	6000000174514625036
Q106577957	6000000174514149275
Q106577990	6000000174775221024
Q106577997	6000000174775313054
Q106577999	6000000174775592949
Q106578052	6000000018152268023
Q106578067	6000000018152249099
Q106578074	6000000021328606228
Q106578079	6000000018152134374
Q106578554	6000000019386461169
Q1065791	6000000035393230127
Q1065799	6000000077162884201
Q106580612	6000000071679122508
Q106580676	6000000169082331894
Q106580772	6000000017534932408
Q106580819	6000000029330713087
Q106581331	6000000071679881890
Q106581339	6000000083783542866
Q106581370	6000000083793677870
Q106581425	6000000083783227965
Q1065815	6000000015655969779
Q106582884	6000000023963589066
Q106582946	6000000024808324223
Q106582975	6000000010733721246
Q106582976	6000000010733723241
Q106582988	6000000080211156989
Q1065830	6000000015302740350
Q1065831	6000000026534597046
Q106583289	6000000009775322595
Q106583686	6000000043253910927
Q106583694	6000000095399167942
Q106583709	6000000095723347969
Q106583777	6000000095722684248
Q106583780	6000000095723400099
Q106583782	6000000095724401855
Q106583783	6000000048650766900
Q106583813	6000000007948074015
Q106583959	6000000007980736851
Q1065843	6000000028667014337
Q106584378	6000000029247179550
Q1065848	3018266
Q106586984	6000000019440330986
Q106587227	6000000021021448822
Q1065879	6000000164272598964
Q1065880	6000000017323823988
Q10658829	6000000074792115883
Q106588333	6000000093262083821
Q106588733	6000000025808640311
Q106589112	6000000025537934198
Q106589113	6000000025503078903
Q106589114	6000000025501829782
Q106589143	6000000025502633181
Q106589145	6000000025502604565
Q106589146	6000000025501821780
Q106589149	6000000030286918956
Q106589152	6000000044119855549
Q106589153	6000000044118527264
Q106589154	6000000044120573845
Q106589155	6000000045613151846
Q1065894	6000000012988505229
Q106589466	6000000015144253225
Q106589509	6000000001655341338
Q106589565	6000000003576763425
Q106589764	6000000015699434157
Q106589770	6000000006584055664
Q106589771	6000000001929108281
Q106589776	6000000010556405559
Q106589777	6000000010555851996
Q106589808	6000000002958368858
Q106589811	5542249581790116340
Q106589851	6000000003576663449
Q106589855	6000000000636335044
Q106589858	6000000037519652467
Q106589957	6000000007158843540
Q106589958	6000000001645102064
Q106589960	6000000001653870683
Q106589963	6000000036123521231
Q106590039	6000000015144402109
Q106590040	6000000025583984613
Q106590069	6000000002765848358
Q106590090	6000000015150187580
Q106590217	6000000174975479558
Q106590235	6000000031185997454
Q106590261	6000000006127401367
Q106590309	6000000019731417145
Q106590342	6000000010433496836
Q106590592	6000000016240119935
Q106590642	327905656320005474
Q1065907	6000000026077608047
Q106590744	6000000076978454940
Q106590750	6000000017317119562
Q106590905	6000000012885465922
Q106591043	6000000014290567387
Q1065911	6000000035084830405
Q106591373	6000000015643878370
Q106591392	6000000000495966667
Q106591394	6000000000551406769
Q106591413	6000000003940741560
Q106591766	6000000019824029703
Q106591931	6000000013423719865
Q106592	6000000026655551888
Q106592087	6000000031057726571
Q106592198	6000000011612377541
Q106592338	6000000006590082842
Q106592840	6000000019253887440
Q106592852	6000000000180107822
Q106592874	6000000019253799915
Q106592980	6000000019253854224
Q106593021	6000000206175854823
Q106593030	6000000058653395837
Q106593031	6000000012062798739
Q106593041	6000000176102838834
Q106593044	6000000009719879170
Q106593052	6000000018250290009
Q106593068	6000000114280138924
Q106593072	6000000030489489070
Q106593091	6000000011844527310
Q106593092	6000000043303656193
Q106593103	6000000010828392615
Q106593111	6000000077626521309
Q106593116	6000000037974817639
Q106593136	6000000008510905025
Q106593141	3936833362810122998
Q106593142	6000000002988164177
Q106593193	6000000177726110859
Q106593198	6000000013072055290
Q106593226	6000000195686979856
Q106593228	6000000015140103691
Q106593235	6000000153000893844
Q106593248	6000000082344740860
Q106593258	6000000040081351588
Q106593260	6000000043759807915
Q106593263	6000000073748100652
Q106593266	6000000047591542270
Q106593317	6000000029304810984
Q106593324	6000000034095063271
Q106593350	6000000079474902978
Q106593363	6000000026765387074
Q106593373	6000000185168581821
Q106593376	6000000177239157857
Q106593377	6000000193710894822
Q106593400	6000000212834713821
Q106593404	6000000077094257847
Q106593409	6000000041125080289
Q106593414	6000000195933488935
Q106593415	6000000026813809615
Q106593443	6000000032788946437
Q106593448	6000000186748034821
Q106593457	6000000033676708146
Q106593462	6000000185660181241
Q106593477	6000000043470058102
Q106593522	6000000147800973884
Q106593529	6000000202408814826
Q106593532	6000000012118832636
Q106593533	6000000021972707764
Q106593541	6000000037575397940
Q106593556	6000000044094736736
Q106593557	6000000022303789703
Q106593558	6000000015886266208
Q106593561	6000000031988518687
Q106593564	6000000031470105581
Q106593575	6000000002555284660
Q106593576	6000000188231340821
Q106593577	6000000081607789829
Q106593581	6000000004589947132
Q106593582	6000000173211062601
Q106593583	6000000027901822248
Q106593584	6000000022698090771
Q106593585	6000000033963592935
Q106593595	6000000013775936463
Q106593635	6000000024764756065
Q106593636	6000000075357402830
Q106593657	6000000160725462843
Q106593669	6000000078396644903
Q106593672	6000000039252757537
Q106593681	6000000176878601917
Q106593690	6000000050265322890
Q106593699	6000000193536759822
Q106593702	6000000028630095158
Q106593705	6000000025592521233
Q106593709	6000000096114041224
Q106593712	6000000097065924833
Q106593718	6000000036950217971
Q106593721	6000000081837742851
Q106593746	6000000021355080673
Q106593756	6000000020542205978
Q106593783	6000000057453134862
Q106593810	6000000197074635838
Q106593812	6000000027462842212
Q106593814	6000000174705319339
Q106593820	6000000149590651193
Q106593837	6000000057687275853
Q106593842	6000000186518109973
Q106593885	6000000030244436144
Q106593894	6000000042778302767
Q106593895	6000000023362171341
Q106593905	6000000041254860922
Q106593909	6000000190690734902
Q106593929	6000000131519041995
Q106593936	6000000020279093744
Q106593951	6000000018680447739
Q106593952	6000000089282875877
Q106593957	6000000017506266568
Q106593962	6000000009254382494
Q106593963	6000000084152661256
Q106593975	6000000041427777183
Q106594013	6000000216953659892
Q106594018	6000000000483574786
Q106594020	6000000106738433833
Q106594034	6000000035980296584
Q106594039	6000000015877231691
Q106594080	6000000122618523826
Q106594328	5299138047040087659
Q106594446	6000000025564374952
Q106594481	6000000002457489944
Q106594561	6000000000285085956
Q106594574	6000000000301051853
Q106594586	6000000002457897645
Q106594639	6000000010640826239
Q106594640	6000000000285752363
Q106594701	6000000000254941973
Q106594702	6000000002469030023
Q106594704	6000000011039318771
Q106594705	6000000000316130727
Q106594709	6000000000316938216
Q106594951	6000000059828359823
Q106594954	6000000074955375824
Q106594957	6000000059828155062
Q106594986	6000000025610864712
Q106595002	6000000059828358858
Q106595008	6000000059828234959
Q1065952	5121408526090035676
Q106595289	6000000016826721677
Q106595299	6000000113487803921
Q106595809	6000000010445162831
Q106595816	6000000010445344980
Q106595828	6000000006348729984
Q106596098	6000000014540883362
Q106596135	6000000083651297122
Q106596179	6000000017008804363
Q106596660	6000000040363601728
Q106597065	6000000015583142770
Q106597088	6000000174838648935
Q1065975	6000000005249325643
Q106597642	6000000003274531462
Q106597644	6000000003274531457
Q106597657	6000000036370411128
Q106597659	6000000036370168486
Q106597663	6000000037247518563
Q106597665	6000000037249357370
Q106597691	6000000037249246007
Q106597693	6000000037248997080
Q106597694	6000000061405890928
Q106597711	6000000061406167844
Q106598	6000000108436300832
Q1065984	6000000006537623001
Q106598858	4173436694400059422
Q106598866	4173442621340059188
Q106599147	6000000003119716840
Q106599149	6000000036564562749
Q106599201	6000000002873982731
Q106599202	6000000002870461458
Q106599299	6000000002853598320
Q106599301	4172955866730059012
Q106599302	6000000002850197441
Q106599341	6000000002850288145
Q106599383	6000000002850391084
Q106599434	6000000002850296498
Q106600012	6000000023724425546
Q1066002	6000000003784292869
Q106600590	6000000017360029712
Q106600749	6000000019275297041
Q106601144	6000000003715877603
Q106601177	6000000009929706134
Q106601179	6000000004650016662
Q106601201	6000000003716083001
Q106602256	6000000122618963821
Q1066027	6000000054309595880
Q1066029	6000000024869971082
Q106603125	6000000181427877287
Q106603166	6000000000712637672
Q106603541	6000000041123677249
Q1066037	6000000009544815874
Q1066045	6000000004128013340
Q106604709	6000000022098715025
Q1066050	5319089542190089794
Q1066058	6000000050239546785
Q1066062	6000000006444764701
Q106607	6000000026037636440
Q1066083	6000000028702650522
Q106608718	6000000171970292932
Q106608743	6000000007511733965
Q106609	6000000027823617308
Q1066097	6000000034315642258
Q10661016	6000000018737086628
Q106610248	6000000098872199934
Q106610343	6000000019437076329
Q106610583	6000000177990829834
Q1066109	6000000074819146824
Q106610974	6000000025541192136
Q106611790	6000000036498496857
Q1066127	5443486913170119624
Q106612709	6000000185581492824
Q1066128	6000000025899905703
Q1066129	6000000000531108060
Q1066130	6000000074548421823
Q106613391	6000000003915480226
Q1066139	6000000010659610700
Q106613975	6000000013218090875
Q106614393	6000000002550514719
Q106614418	6000000187330549691
Q106614621	6000000036765194310
Q106614693	6000000018197979075
Q106615	6000000180911368822
Q106615019	6000000000269082644
Q1066151	6000000007474568710
Q106615105	6000000012422458616
Q106615188	6000000012421837852
Q106615320	6000000002764690224
Q1066155	6000000035614789916
Q106616157	6000000069119795823
Q106616394	6000000019830230600
Q106616671	6000000020070678207
Q106617444	6000000173645089850
Q106618	6000000001719168682
Q106618165	6000000012772356631
Q106618518	4225259941050056282
Q106618785	6000000006128061315
Q106619057	6000000193274157827
Q106619102	6000000024568161088
Q106619145	6000000024568189031
Q106619146	6000000024568198478
Q106619149	4532141197380089603
Q106619157	6000000024568196848
Q106619159	6000000024567827497
Q106619208	6000000024567861399
Q106619209	6000000024567275901
Q106619233	6000000009912895215
Q106619234	6000000009912553318
Q106619238	6000000009910219703
Q106619263	6000000086061589900
Q106619299	4434125490600034159
Q106619520	6000000007787842374
Q1066198	6000000013092655116
Q106620179	6000000079105363440
Q106620407	6000000041802051234
Q1066206	6000000070761359887
Q106620760	6000000007710528123
Q106620782	6000000002375188565
Q106620801	6000000001091890806
Q106621036	6000000004179909779
Q1066214	6000000004631347596
Q106621646	6000000007818726723
Q106621671	6000000019990859532
Q106622651	6000000033090175772
Q106622976	4532176188160124462
Q106622981	4532147195910124786
Q106622993	4434148464700034161
Q106623002	6000000174941228778
Q106623003	4434161398190128121
Q106623004	6000000174941360684
Q106623007	6000000174943024846
Q106623030	4532131784880021260
Q106623032	4532129361790021252
Q106623033	4434166484600056703
Q106623034	4532129379910032815
Q106623052	4434133154210075589
Q106623053	4434110637830031400
Q106624	6000000014372751556
Q106624255	6000000047032038899
Q1066244	6000000029243572390
Q106624824	6000000016721936681
Q106624843	6000000004094611203
Q106624955	6000000018146229499
Q106625107	6000000018802947627
Q106625153	6000000000496894784
Q1066258	6000000021444877173
Q106626169	6000000059929410948
Q106626198	6000000007441348265
Q106626806	6000000014610377174
Q106626807	6000000014611665676
Q106626813	6000000001579325814
Q106626814	6000000014643872986
Q106626815	6000000003936953372
Q106626827	6000000004020078563
Q106626849	6000000004079484507
Q106626851	6000000004079484469
Q106626854	4432356206750086730
Q106626884	6000000002898018099
Q106626885	6000000005415015226
Q106626887	6000000003077248796
Q106626888	6000000006375992969
Q106627157	6000000063117587996
Q106627160	6000000017305923621
Q106627162	6000000001212762610
Q106627170	6000000014813955797
Q106627260	6000000009221095914
Q106627307	6000000040717866828
Q106627310	6000000084917119977
Q106627339	6000000027308166905
Q106627365	6000000084913072023
Q106627366	6000000042631385046
Q106627367	6000000042632355577
Q106627368	6000000109323054852
Q106627369	6000000003938982561
Q106627373	6000000003938982660
Q106627429	6000000058776713866
Q106627470	6000000009979650400
Q106627479	6000000048380304937
Q106627699	6000000002001848386
Q106627852	6000000002504511374
Q106627936	6000000002001666006
Q106628252	6000000002001626303
Q10662856	6000000039563662384
Q106628667	6000000002001695171
Q106629	6000000076636708821
Q106629190	4172190298800023495
Q1066292	6000000009442958388
Q106629211	6000000003858661981
Q106629223	6000000003146918363
Q106629238	6000000011834290564
Q1066296	6000000016494931525
Q106629973	6000000004005443792
Q106630002	6000000041128913769
Q106630003	6000000041129419897
Q106630007	6000000041129115391
Q106630009	6000000041129131412
Q106630013	6000000001118024083
Q106630015	6000000099615608842
Q106630017	6000000099615738845
Q106630018	6000000099615878821
Q106630021	6000000041129199414
Q106630022	6000000008561880296
Q106630024	6000000041129399036
Q106630025	6000000041129167361
Q106630027	6000000008551983318
Q106630028	6000000008551872416
Q106630032	6000000142128386839
Q106630036	6000000001118040282
Q106630037	6000000001118040044
Q106630038	6000000075886683861
Q106630039	6000000142128387120
Q106630040	6000000142908048083
Q106630046	6000000012306359057
Q106630047	6000000006450601808
Q106630048	6000000012306705554
Q106630050	6000000001118057460
Q106630051	6000000000817472084
Q106630052	6000000000817392255
Q106630440	6000000049596030869
Q106630459	6000000002078953001
Q1066305	6000000015778784576
Q106630550	6000000002078991157
Q106632356	6000000018317102916
Q106632431	6000000030411976201
Q106632600	6000000018318755126
Q1066327	6000000079497807193
Q1066329	6000000084244310873
Q106633	6000000036989204417
Q106633293	6000000008231723950
Q1066338	6000000011738504087
Q106634006	6000000035140847797
Q1066341	6000000026078973089
Q1066342	6000000026782533779
Q106634326	270581
Q106634327	270478
Q106634328	6000000091324376821
Q106634329	6000000091324444822
Q106634331	269074
Q106634332	269076
Q106634341	316346
Q106634342	5699127520680052401
Q106634343	5692006697720134014
Q106634344	5692006712500134020
Q106634345	428984
Q106634346	428986
Q1066346	6000000026199542747
Q106634985	6000000012798862822
Q106635637	6000000080734763881
Q106635794	6000000012996180313
Q1066361	6000000007404974355
Q1066365	6000000033001310846
Q106636897	6000000057570609829
Q1066369	6000000016348188641
Q106636989	6000000002954762267
Q106637244	6000000026272393554
Q106637322	6000000069895258113
Q106637324	6000000006444507197
Q106637335	6000000069859288000
Q106637433	6000000001809457342
Q106637434	6000000000966269403
Q106637435	6000000002980012267
Q106637436	6000000002980100285
Q106637437	6000000006444176779
Q106637438	6000000011675140195
Q106637439	6000000006444176746
Q106637441	6000000002979969171
Q106637446	6000000008300639394
Q106637452	6000000002980004454
Q106637466	6000000002844108407
Q106637614	6000000006768374094
Q106637620	6000000006767777814
Q106637720	6000000003938141652
Q106637721	6000000000180736689
Q106637722	6000000000426573456
Q106637805	6000000006768239004
Q106637806	6000000006767930397
Q106637807	6000000006767591543
Q106637808	6000000000180736953
Q106637809	6000000129588968940
Q106637810	6000000003937461988
Q106637812	6000000000180736944
Q106637817	6000000006767828544
Q106637818	6000000074790864993
Q106637819	6000000003077248895
Q106637820	6000000002006295671
Q106637828	6000000006768207010
Q106637829	6000000000180735393
Q106637830	6000000000180736862
Q106637831	6000000008496624902
Q106637832	6000000016229951640
Q1066382	6000000032793275642
Q1066383	6000000026215269383
Q106638441	6000000132361950827
Q106638661	6000000023651390926
Q106638705	6000000071064344879
Q106638777	6000000071109235963
Q10664	6000000011551135119
Q1066403	6000000032958065736
Q106640315	6000000027043846049
Q106640326	6000000111734741004
Q106640683	6000000015107407312
Q106640706	6000000018183535746
Q106640712	6000000073711663048
Q106640724	6000000073711502967
Q106640886	6000000075312028919
Q106640918	6000000080064821116
Q106641	6000000008209364679
Q106641033	6000000006996556288
Q106641044	6000000006996527372
Q1066411	6000000077912607615
Q106641144	6000000006996636327
Q106641384	6000000000343288447
Q106642087	6000000048184912035
Q106642198	6000000095710486378
Q106642846	6000000005563780935
Q106643010	6000000116546666859
Q1066431	6000000010198427425
Q106643177	6000000020073715636
Q106643186	6000000020073553562
Q106643187	6000000000841984355
Q106643188	6000000019992730249
Q106643199	6000000000841768685
Q106643551	6000000015097650765
Q106643818	6000000018049118655
Q106643840	6000000024156124157
Q1066439	6000000073150201854
Q1066440	6000000013602502460
Q1066441	6000000018648029724
Q106644322	6000000132877950909
Q106644447	6000000012121638554
Q1066445	6000000016273031112
Q1066447	6000000009428199822
Q106644962	6000000012752370052
Q106644963	6000000012753900908
Q106644967	6000000012754891462
Q106645009	6000000172263453132
Q106645109	6000000046629103793
Q106645110	6000000046630084014
Q106645127	6000000046667998937
Q106645128	6000000046667139238
Q106645500	6000000010780104418
Q106645532	6000000019249606874
Q106645584	6000000010779370147
Q106645609	6000000016353083292
Q106646256	6000000113179237021
Q106646428	4010490
Q1066466	360070747850013111
Q106646784	6000000031456814395
Q106646862	6000000033861546486
Q106646934	6000000015302535769
Q106647160	6000000116546666822
Q1066472	6000000014613216598
Q106647401	6000000020197299177
Q106647451	6000000076474963868
Q1066475	6000000032794392939
Q106647770	6000000037445750661
Q1066478	6000000037677809056
Q106647852	6000000012378751213
Q106647880	6000000080862329826
Q106647913	6000000020360576700
Q106647913	6000000206005211823
Q106648321	6000000012399607290
Q106648346	6000000042007079518
Q106648914	4247477377730063575
Q106649063	6000000027616928161
Q1066494	6000000018605012851
Q106649466	6000000016510746179
Q106649683	6000000092348166982
Q10665	6000000013355916112
Q1066504	6000000085303380993
Q106650414	6000000200625001823
Q106650423	6000000064194612045
Q106650426	6000000041002576982
Q106650668	6000000000292003951
Q106651001	6000000000161380125
Q106651166	6000000004116866588
Q106651374	6000000180397850847
Q106651465	6000000175619376832
Q1066516	6000000026063801139
Q106651657	6000000000292330078
Q106652196	6000000079652561367
Q106653	6000000000328962774
Q106653062	6000000017297899695
Q106653103	6000000017298083059
Q106653254	6000000028338013142
Q106653315	6000000028338116021
Q106653317	6000000028338196137
Q106653318	6000000028338252846
Q106653326	6000000087256888828
Q106653358	6000000017298186016
Q106653397	6000000008968992628
Q106653398	6000000010793183724
Q106653518	6000000080897851193
Q106653519	6000000080897945014
Q106653549	6000000009105539083
Q106653591	6000000175085434692
Q1066539	6000000017562933839
Q106654	6000000018135703277
Q106654248	6000000017298151248
Q106654458	6000000017297670611
Q106654496	292520521630002687
Q106654644	6000000026903405429
Q106654890	6000000078311369828
Q106655131	6000000035892042026
Q106655447	6000000089179475833
Q106655789	6000000069426018446
Q106655858	6000000040640982150
Q106656221	6000000041087458011
Q106656259	6000000022294897557
Q106656562	6000000027324334815
Q106656692	6000000038737582376
Q106656788	6000000073787214841
Q106657071	6000000085707895827
Q106657164	6000000034016635145
Q106657376	6000000056129298845
Q106657397	6000000050754833827
Q106657399	6000000190146251857
Q106657499	6000000071265340863
Q106657610	6000000007634092212
Q106657611	6000000007635090025
Q1066580	6000000042632583281
Q106658268	6000000178748950931
Q106658358	6000000010078115917
Q106658534	6000000019059533548
Q106658711	6000000054167219172
Q106658924	6000000037495640269
Q106659089	6000000115163540003
Q106659119	6000000179903314823
Q1066594	6000000018658565085
Q106659416	6000000019285836040
Q106659419	6000000024450923237
Q106659619	6000000001547599010
Q106659668	6000000182349365826
Q106659846	6000000021891691377
Q106660002	6000000009315528096
Q106660045	6000000181373288821
Q1066602	6000000022065999653
Q106660283	6000000145092124834
Q106660319	6000000063779546138
Q106660949	6000000127857236855
Q106661183	6000000000094488048
Q106661826	6000000003413596188
Q106661987	6000000180670237853
Q106662021	6000000174211942823
Q106662121	6000000109263276004
Q106662176	6000000025861050282
Q106662196	6000000074455516982
Q106662502	6000000028336641163
Q106662614	6000000011617070320
Q106662766	6000000059519380896
Q106663126	6000000174419586944
Q106663304	6000000000279739054
Q1066638	6000000070681584906
Q106663810	6000000043155852471
Q106663896	6000000170003070885
Q106664229	6000000180549448829
Q1066645	6000000054957519164
Q106668513	6000000017208279194
Q106668543	6000000017208264242
Q106669651	6000000006782715924
Q106670778	6000000008310051288
Q106671	6000000178275219852
Q106671560	6000000008860678052
Q106672010	6000000069284521890
Q106672151	6000000036150818709
Q106672802	6000000000250594567
Q106673860	6000000013332468952
Q106674634	6000000039510510017
Q106675804	6000000178706386852
Q106675936	6000000022135856746
Q106675995	6000000022135864642
Q106676	6000000025439427845
Q106676053	6000000011833279378
Q106676054	6000000011833673170
Q106676055	6000000011834437776
Q106676056	6000000011843184270
Q106676058	6000000003042751767
Q106676262	6000000022134487288
Q106676278	6000000022134484110
Q106676323	6000000017208139076
Q106676460	6000000017207524588
Q106677031	6000000117627699840
Q10667715	6000000027589319828
Q106677155	337230504600013579
Q106677183	6000000040311673137
Q1066772	6000000167028512844
Q106677855	6000000002802898665
Q106677916	6000000096430763821
Q106678144	6000000017207531290
Q106678160	6000000026027052014
Q106678374	6000000083873056261
Q106678451	6000000061119557062
Q106678739	6000000003750311482
Q106678740	6000000003692957589
Q106678741	6000000001186134483
Q106678743	6000000001580040338
Q106678744	6000000001579882999
Q106678746	6000000001579938218
Q106678774	6000000018297691524
Q106678775	6000000018297763153
Q106678794	6000000001964521319
Q106678796	6000000001964473510
Q106678804	6000000041504512026
Q106678852	4113716923330023879
Q106678853	4113733641920057718
Q106678856	4113690599590060826
Q106678857	6000000172093423714
Q106678864	6000000011411581611
Q106678868	6000000011410786579
Q106678869	6000000011413166237
Q106678894	6000000004689639496
Q106678896	6000000001738790824
Q106678897	6000000001849491660
Q106678901	6000000001738875038
Q106678918	6000000001738639749
Q106678919	6000000001738872227
Q106678935	6000000001738570816
Q106681170	4519684291770021053
Q1066820	6000000177618055895
Q106684034	6000000077415522110
Q106684424	6000000097093441915
Q106684470	6000000011359101375
Q1066847	6000000007231930230
Q106684876	6000000024283004354
Q106685	6000000002334236446
Q106685129	6000000008115385425
Q106685494	6000000141440694843
Q106686080	6000000045659460851
Q106686207	6000000041508912011
Q106686232	6000000041503892741
Q106686260	6000000018212016247
Q106686349	6000000197126938830
Q106686403	6000000015793190353
Q106686407	6000000015793228316
Q106686438	6000000015793325073
Q106686519	6000000176188765835
Q106686564	6000000045659027941
Q106686565	6000000127160552913
Q106686583	6000000045427959836
Q106686587	6000000045475944069
Q106686622	6000000045659106911
Q106686633	6000000023609169998
Q106686636	6000000026922555854
Q106686637	6000000040474903732
Q106686638	6000000174627606846
Q106686639	6000000023610298866
Q106686640	6000000005962073049
Q106686641	6000000020292768739
Q106686647	6000000197745669825
Q106686698	6000000052471633131
Q106686733	6000000002649548745
Q106686785	6000000020020115833
Q106687417	6000000007239941272
Q106687511	6000000154853827822
Q106687798	6000000020152946025
Q106689281	6000000022331932422
Q106689294	6000000012977341125
Q106689430	6000000007225056704
Q106689437	6000000012977471317
Q106689680	6000000017127538125
Q106689759	6000000123743901854
Q106691420	6000000026520146805
Q106692008	6000000041217795221
Q106692706	6000000041503806403
Q106692748	6000000043915782973
Q106693093	6000000024714376293
Q106694562	6000000212038853835
Q106694791	6000000037376153485
Q106694791	6000000142413539127
Q1066949	6000000071061220947
Q106694926	6000000037376199063
Q106694926	6000000212038921822
Q106694952	6000000212038948837
Q106694964	6000000081380918270
Q106695024	6000000081375318997
Q106695025	6000000057091823913
Q106695028	6000000044518964033
Q106695033	6000000081375377904
Q106695089	6000000212039082824
Q106695093	6000000212039025836
Q106695110	6000000031209943656
Q1066953	6000000014281127292
Q106695441	6000000043222966923
Q106695444	6000000027018951468
Q106695597	6000000074800818604
Q106695805	6000000171299690828
Q106695809	6000000034172167949
Q106695810	6000000051386435887
Q106695811	6000000051386630838
Q106695814	6000000041052310310
Q106695816	6000000175205873514
Q106695819	6000000175206858953
Q106695820	6000000175207112830
Q106695821	6000000175206888987
Q106695823	6000000175206851018
Q106695824	6000000175207053880
Q106695867	6000000189379363836
Q106695983	6000000075295956077
Q1066976	6000000119121648197
Q106697765	6000000009655063040
Q106699	6000000014474920229
Q1067	6000000012442001730
Q106702395	6000000024437767227
Q106702396	6000000024437861105
Q106702444	6000000001293313051
Q106702449	6000000175223347989
Q106702450	6000000001293313005
Q106702451	6000000017488142424
Q106702452	6000000001293308990
Q106702453	6000000007253699258
Q106702502	3996638503330126702
Q106702518	6000000017489046160
Q106702524	6000000017488936172
Q106702583	6000000017488251602
Q106702586	6000000017488685270
Q106702588	6000000017488582478
Q106702589	6000000007645319814
Q106702590	6000000017488724173
Q106702592	6000000017489014511
Q106702594	6000000017489162006
Q106702623	6000000043222760012
Q106702627	6000000175224839826
Q106702630	6000000017488496974
Q106702677	6000000175224422960
Q106702748	6000000017488197258
Q106702759	6000000017487767764
Q106702795	6000000017489108029
Q106702796	6000000000737659454
Q106702798	6000000000737659370
Q106702807	6000000041052453037
Q106702815	6000000000094360188
Q106702856	6000000007645249863
Q106702938	6000000008328288969
Q106702942	5288444173440115707
Q106703033	6000000000227418838
Q106703034	6000000000227743438
Q106703035	6000000009179082578
Q106703036	6000000009562280975
Q106703141	6000000000127103027
Q106703142	6000000000127009450
Q106703143	6000000000127099054
Q106703144	6000000006444441309
Q106703198	6000000028480408462
Q106703253	6000000003867137223
Q106703254	6000000000950932107
Q106703338	6000000022228466429
Q106703407	6000000076835313671
Q106703410	6000000069655975855
Q106703539	6000000019259931123
Q106703540	6000000028991602006
Q106703541	6000000028992979996
Q106703542	6000000028992849314
Q106703571	6000000027968368896
Q106703600	6000000002642672082
Q106703631	6000000003375501820
Q106703654	6000000003375440892
Q106703873	6000000040002801404
Q106703875	6000000003048295035
Q106703889	6000000006603470878
Q106703897	6000000143856927845
Q106703958	6000000001333697487
Q106703963	6000000001333697479
Q106704147	6000000002447160528
Q106704148	6000000004263279648
Q106704170	6000000180613594821
Q106704193	6000000001107249740
Q106704194	6000000001129613114
Q106704195	6000000004263397677
Q106704196	6000000001333511620
Q106704394	6000000020760199623
Q106704398	6000000019978819054
Q106704400	6000000019978720457
Q106704427	6000000019234280002
Q106704457	6000000006444682607
Q106704478	6000000141439575821
Q106704542	6000000012514788877
Q106704543	6000000006595280452
Q106704544	6000000006595310802
Q106704547	6000000006595206853
Q106704548	6000000018162517884
Q106704695	6000000004867747155
Q106704696	6000000004867747299
Q106704701	6000000008093708233
Q106704710	6000000004867747291
Q106704778	6000000006444683233
Q106704838	6000000004852829418
Q106704867	6000000010261973039
Q106704868	6000000004224129608
Q106704881	6000000010826766302
Q106704919	6000000044529829646
Q106704931	6000000000352560834
Q106704944	6000000018279758023
Q106704945	6000000037282105782
Q106704946	6000000025799544130
Q106704947	6000000018279076786
Q106704996	6000000069185999883
Q106704997	6000000022931835029
Q106704998	6000000001563293684
Q106705039	6000000007698035249
Q106705040	6000000007698330288
Q106705192	6000000031950168910
Q106705807	6000000059666434900
Q106705818	6000000036326852502
Q106705820	6000000040324237835
Q106705828	6000000040323964097
Q106705866	6000000007224321944
Q106705870	6000000000112144664
Q106706	6000000015676027963
Q106706015	6000000210076699878
Q106706048	6000000014568833884
Q106706053	6000000106638908212
Q106706057	6000000106641221876
Q106706229	6000000115256909225
Q106706771	6000000010512382502
Q106706773	6000000011465570646
Q106706779	6000000012307161867
Q106706824	6000000010515106186
Q106706827	6000000021366524459
Q106706867	6000000014285634815
Q106706869	6000000011463302263
Q106706870	6000000023531498048
Q106706875	6000000002857255650
Q106706877	6000000021023048838
Q106706879	6000000012793548538
Q106706884	6000000012400726797
Q106706888	6000000012459291314
Q106706889	6000000012747847408
Q106707208	6000000024415719832
Q106707818	6000000025390465936
Q106707852	6000000025390050350
Q106707866	6000000000331487142
Q106707882	6000000000259621922
Q106707887	6000000000259872139
Q106707888	6000000000252343604
Q106707889	6000000024404452317
Q106707893	6000000000265509945
Q106707894	6000000000265503836
Q106707896	6000000000265483897
Q106707897	6000000000265859044
Q106707898	6000000000265784406
Q106707899	6000000000265797353
Q106707939	6000000025358631180
Q106707970	6000000047683142088
Q106707974	6000000024414923817
Q106708	6000000014607444048
Q106708033	313208179990007096
Q106708036	313184105500008983
Q106708039	313183638130004700
Q106708041	313183243080007978
Q106708042	313182761900002492
Q106708070	313215047770004774
Q106708098	6000000025390466143
Q106708100	6000000174606293474
Q106708101	6000000174614667881
Q106708262	6000000025358513622
Q106708264	313235393820005759
Q106708279	313234004470006000
Q106708332	6000000000127741425
Q106708334	287887720410004285
Q106708335	6000000004683196712
Q106708337	2394721
Q106708339	284423665310008397
Q106708341	313237530540001690
Q106708342	313238706640001709
Q106708368	2493285
Q106708372	2371032
Q106708422	287887152510007114
Q106708425	6000000003949811498
Q106708426	314086678480006041
Q106708601	313212056430007105
Q106708734	6000000029451836072
Q106708737	6000000025358913901
Q106708739	313269242360001885
Q106708755	6000000025358344338
Q106708764	6000000164098754106
Q106708839	6000000175246425133
Q106708847	6000000025358847088
Q106709027	5532138546930106567
Q106709042	5532299669050077201
Q106709043	5532152390700024520
Q106709304	6000000029717364580
Q1067108	6000000029204709712
Q106712	6000000003643603419
Q1067133	6000000002188510894
Q106713485	313271500900008234
Q106713518	5550718705690081173
Q106713583	6000000025358696471
Q106713584	313253412440008180
Q106713613	5550712070630053677
Q106714556	6000000190906361851
Q106714706	6000000000028808583
Q106714751	6000000106641407838
Q106715008	6000000183140836824
Q106715256	6000000045726736024
Q106715542	6000000175262134220
Q106715819	6000000017740624796
Q106716283	6000000032528680206
Q106717469	6000000069654494837
Q106717490	6000000177839599847
Q106717607	6000000198524758821
Q106717644	6000000019743240414
Q106717921	6000000040674201955
Q106718083	6000000010977765381
Q1067188	6000000020546777865
Q106720585	6000000003681311119
Q1067219	4643555
Q106722753	6000000015914379842
Q106722985	6000000049862977871
Q1067249	6000000043251416943
Q1067250	6000000022944180074
Q106725266	6000000006127381099
Q106725284	6000000018426305613
Q1067254	6000000085650221950
Q106725511	6000000032179947197
Q106725605	6000000041394489209
Q106726555	6000000013490231649
Q106727015	6000000073546441832
Q1067272	6000000028506931433
Q106727306	6000000009738711537
Q106727461	6000000011253460631
Q1067288	6000000002803056741
Q106729041	6000000002652164012
Q10673016	6000000006128072306
Q106730195	6000000018572774172
Q106730195	6000000186915922876
Q10673026	6000000038372457246
Q106730270	6000000009985074630
Q106730290	6000000003681572124
Q106730456	6000000141440694849
Q106730457	6000000125882520098
Q106730459	2235537
Q106730554	6000000000438411198
Q106730555	6000000000438411182
Q106730608	6000000008908683937
Q106730652	6000000194920055906
Q106730815	2085409
Q106731	6000000052296311107
Q106731088	6000000008127208225
Q106731155	6000000014274947257
Q106731169	6000000004089271781
Q106731272	6000000007170140595
Q106731276	6000000149645464870
Q106731937	6000000046062263873
Q106731991	6000000046062039866
Q106732	6000000026179244861
Q1067321	6000000070474542252
Q106733	6000000014248718108
Q106733403	6000000024616959370
Q106734259	6000000017125442679
Q106734339	6000000038525173934
Q106734745	6000000003985150616
Q106734827	6000000007645483481
Q106734830	6000000007645286881
Q106734853	6000000006127578348
Q106735127	6000000001293313067
Q106735215	6000000036952874327
Q106735229	6000000175307978143
Q106735384	6000000001293313059
Q106735479	6000000001293304132
Q106735483	6000000001293313436
Q106735514	6000000001293304141
Q106735517	6000000001293313443
Q106737534	6000000007645276715
Q106737553	6000000007645317518
Q106737594	6000000007645087194
Q106737626	6000000175309632853
Q106738	6000000014417761286
Q10673805	6000000083762681944
Q106738915	6000000001293286032
Q106738951	6000000001259170261
Q106738954	6000000001259223385
Q106738957	6000000001270443598
Q106738963	6000000001358353061
Q1067398	6000000022812900005
Q1067412	6000000127284852823
Q106741654	6000000059364814560
Q106741659	6000000059365514833
Q106741716	6000000059365564833
Q106741766	6000000059365361948
Q106741790	6000000059369219199
Q106741830	6000000059364886272
Q106741846	6000000059364502692
Q106742018	6000000175309861553
Q106744135	6000000076227882126
Q106745	6000000024808586606
Q106745193	6000000175311928716
Q106745261	6000000175311579782
Q106746	6000000014324796383
Q106748005	6000000091238975890
Q106748015	6000000091238975874
Q106748034	6000000091238864916
Q106748039	6000000091238993869
Q106751	6000000014403913132
Q106756	6000000013773736434
Q106761357	6000000105276755899
Q106761946	6000000013449992580
Q106762	6000000014186289341
Q106762111	6000000117861799846
Q106762334	6000000108890409833
Q106762334	6000000188794601822
Q106762463	6000000025873830049
Q106762929	6000000025873484559
Q106762952	6000000000602187287
Q106762957	6000000049097732125
Q106763149	6000000028205409519
Q106763291	6000000028205428602
Q106763450	6000000180127200827
Q106764144	6000000024693712000
Q106764247	6000000033821537001
Q106764394	6000000041926768328
Q106764525	6000000079812009135
Q106764992	6000000114876432821
Q106765729	6000000060817555888
Q106765730	6000000060817437943
Q106765731	6000000060817644916
Q106765785	6000000175351764919
Q106765787	6000000175351233046
Q106765788	6000000175348527732
Q106765789	6000000060817265844
Q106765792	6000000175351173341
Q106765825	6000000060817525843
Q106765832	6000000060817168037
Q106765833	6000000060816937299
Q106765834	6000000060817823879
Q106765835	6000000060817947821
Q106765854	6000000060817965821
Q106765855	6000000060817962874
Q106765926	6000000020243790774
Q106766138	6000000000273028657
Q106766146	6000000030510022172
Q106766155	6000000079183465048
Q106766158	6000000000275058277
Q106766191	6000000016843038614
Q106766196	6000000052010111882
Q106766197	6000000029320608543
Q106766198	6000000028083008877
Q106766199	6000000028082841237
Q106767389	6000000109511725907
Q106767950	6000000026274534783
Q106768113	6000000006420419838
Q106769002	6000000006951694396
Q106769003	6000000006951673763
Q106769005	6000000006951673804
Q106769006	6000000006951572385
Q106769051	6000000002100295558
Q106769060	6000000001704582280
Q106769062	6000000001704659061
Q106769064	6000000006951673968
Q106769066	6000000001704585431
Q106769068	6000000006951673701
Q106769092	6000000006947956397
Q106769100	380596966670007545
Q106769104	6000000000653729538
Q106769105	6000000006951635557
Q106769123	6000000000653689941
Q106769125	6000000006951608369
Q106769126	6000000034218307379
Q106769151	6000000006951673875
Q106769152	6000000006951591205
Q106769153	6000000006951591202
Q106769155	6000000006951644762
Q106769163	6000000001794217147
Q106769164	6000000006947956757
Q106769166	6000000007996185015
Q106769167	6000000001794150230
Q106769168	6000000025123272641
Q106769169	6000000025123809646
Q106769175	6000000006951673860
Q106769229	365740745620013242
Q106769230	365734529860006442
Q106769231	365734360760011597
Q106769232	6000000006951673896
Q106769233	6000000001705093167
Q106769245	6000000017153079347
Q106769264	6000000006951673974
Q106769419	6000000010050314251
Q106770084	6000000068020321958
Q106770088	6000000068045094821
Q106770090	6000000101126750957
Q106770112	6000000053667814824
Q106770114	6000000053667629980
Q106770168	6000000047542443987
Q106770171	6000000047542075339
Q106770172	6000000047586540992
Q106770232	6000000068036211338
Q106770235	6000000068036216370
Q106770378	6000000001083032375
Q106770386	6000000001082836408
Q106770389	6000000053666882061
Q106770438	6000000012736806356
Q106770924	6000000032461575032
Q106771884	6000000002701411999
Q106771928	6000000180540222856
Q106773335	6000000092708210964
Q106773726	6000000009947926075
Q106773753	6000000011405189590
Q106773757	6000000011405165178
Q106773759	6000000011406414235
Q106773760	6000000011405432891
Q106773762	6000000089199706959
Q106773763	6000000089199253131
Q106773769	6000000088460828937
Q106773770	6000000087883290893
Q106773771	6000000088461982847
Q106773773	6000000088461308918
Q106773926	6000000027147613694
Q106773933	6000000006127899411
Q106774456	6000000011592558305
Q106774951	6000000051871996507
Q106775	6000000028229089254
Q106775520	6000000027703075356
Q106775750	6000000035120563988
Q106775869	6000000005241405858
Q106775887	6000000019323958243
Q106776659	6000000057350311845
Q106777	6000000122429709837
Q106777319	6000000088461268827
Q106777352	6000000087880513926
Q106777367	6000000087883846831
Q106777676	6000000053667275085
Q106777677	6000000053667811001
Q106777681	6000000001082805165
Q106777687	6000000068019182826
Q106777692	6000000053666576222
Q106777694	6000000175404368834
Q106778768	6000000175112144891
Q106778933	6000000116525448830
Q106779033	6000000003792808920
Q106779035	6000000016317383183
Q106779253	6000000048849772833
Q106779374	6000000006497639013
Q106779515	6000000023770781218
Q106779852	6000000025050279559
Q106780122	6000000023770685818
Q106780829	6000000023770677605
Q1067812	6000000092788032400
Q106781405	6000000023770471691
Q106781423	6000000071491654912
Q106782041	6000000004566462016
Q106782720	6000000018750228145
Q106782859	5672305690310033065
Q106782982	6000000077100673513
Q106783683	6000000007950830904
Q106785869	6000000001005558302
Q106786222	6000000015997446153
Q106786388	6000000007950854410
Q106786707	6000000171872536213
Q106786839	6000000071164312973
Q106787521	6000000017768889025
Q106787547	6000000019035587772
Q106788903	6000000002729394394
Q1067904	6000000135885481858
Q1067919	6000000145343954135
Q1067941	6000000070497108842
Q106795690	6000000005910523304
Q106797053	356781425610001257
Q106798572	6000000172428310847
Q10679898	6000000022736774184
Q106799079	6000000021954077160
Q106799309	6000000172426555705
Q106799374	6000000172427594033
Q106799607	6000000031818017771
Q106799674	6000000017824042807
Q106803566	6000000172427609167
Q106804669	6000000138086941942
Q106804761	6000000025927994991
Q106804776	6000000025928037970
Q106804809	6000000015395198615
Q106804837	6000000025428851563
Q106804844	6000000025429173083
Q106804858	6000000025927912856
Q106804865	6000000025876028912
Q106804872	6000000025083959841
Q106804905	6000000018080344542
Q106804943	6000000025417838505
Q106804948	6000000215258341821
Q106804957	6000000044502202088
Q106804957	6000000215284689821
Q106804962	6000000015184858799
Q106804962	6000000044501824254
Q106805	6000000006727805966
Q106805248	6000000025412747287
Q106805251	6000000025413139116
Q106805358	6000000024758532246
Q106805359	6000000024758297087
Q106805427	6000000024758881908
Q106805827	6000000014981192046
Q106805834	6000000016681782587
Q106805834	6000000215454974821
Q106805905	6000000025358631317
Q106806126	6000000002659221195
Q106806196	6000000032780324084
Q106806235	6000000012478239489
Q106806254	6000000002659223438
Q106806254	6000000025430151997
Q106806254	6000000214767518862
Q106806256	6000000025429060592
Q106806271	6000000013938886395
Q106806367	6000000025425548114
Q106806408	6000000025425334235
Q106806579	6000000026071053358
Q106806587	6000000039648663379
Q106806834	6000000013938594958
Q106806863	6000000025417567522
Q106806957	6000000025420226992
Q106806960	6000000013938527978
Q106806970	6000000214200921821
Q106806972	6000000214201034823
Q106806983	6000000015824895030
Q106806987	6000000025419900131
Q106806988	6000000025419473188
Q106806992	6000000015824246785
Q106806993	6000000015824764589
Q106806993	6000000214314504822
Q106807	6000000018569141035
Q106807009	6000000090587916893
Q106807011	6000000039736126175
Q106807012	6000000019142533237
Q106807016	6000000019142435179
Q106807018	6000000019142678004
Q106807109	6000000014981109444
Q106808073	6000000014124604965
Q106808148	6000000015825438350
Q106808159	6000000017703277701
Q106808210	6000000171730715890
Q106809	6000000006727805973
Q106809242	6000000085737324827
Q106809831	6000000010778281639
Q106810091	331036813150007845
Q106810320	6000000010389124410
Q106810749	6000000000065014052
Q106810780	6000000013142849749
Q106811825	6000000020093077297
Q106811980	6000000000646700970
Q106812	6000000006890350416
Q106812053	6000000000931306829
Q106812132	6000000177338354904
Q106812434	6000000024830555760
Q106812493	6000000024835006562
Q106813258	6000000025832397993
Q106813313	6000000083627659945
Q106813785	6000000014980887004
Q106813785	6000000215425646822
Q106813916	6000000002659217259
Q106813920	6000000002659221487
Q106813926	6000000025425668522
Q106813942	6000000031201236559
Q106814012	6000000015815461897
Q106814032	6000000015815954015
Q106814068	6000000002659223542
Q106814078	6000000023104589932
Q106814136	6000000103377869920
Q106814136	6000000214941943828
Q106814162	6000000002659221912
Q106814189	6000000002659217405
Q106814189	6000000214943031821
Q106814331	6000000015815691959
Q106814360	6000000042631281030
Q106814397	6000000002659221761
Q106814440	6000000002659223734
Q106814489	6000000002659213999
Q106814496	6000000002659223126
Q106814729	6000000014201138147
Q106815252	6000000048561404824
Q106815348	6000000085738891894
Q106815368	6000000042196896652
Q106815416	6000000001959484234
Q106815588	6000000013796342796
Q106815814	6000000004972824517
Q106815816	6000000083231015003
Q106815817	6000000083270579157
Q106815818	6000000083270308727
Q106815834	6000000008517314573
Q106815835	6000000008517081885
Q106815846	6000000014567537678
Q106815847	6000000014567724596
Q106815848	6000000014566092514
Q106815849	6000000014567538517
Q106815852	6000000020748206603
Q106815853	6000000015819591084
Q106815885	6000000014566472512
Q106815886	6000000014566464533
Q106816000	6000000010132052971
Q106816188	6000000010977336055
Q106816494	6000000029720381241
Q106816624	6000000026012351722
Q106817448	6000000002307568699
Q106819331	6000000000691690182
Q106819340	6000000136550057894
Q106819442	6000000192813343823
Q106819444	6000000006797667437
Q106819452	6000000054821521961
Q106819465	6000000015749942692
Q106819473	6000000080491909841
Q106819474	6000000081127873721
Q106819475	6000000217154157844
Q106819476	6000000009037303733
Q106819477	6000000030303638982
Q106819479	6000000018569338462
Q106819480	6000000080768863948
Q106819489	6000000014485511376
Q106819493	6000000194577877824
Q106819495	6000000175163804673
Q106819496	6000000175159901838
Q106819500	6000000185380861850
Q106819507	6000000079418799851
Q106819508	6000000161645040859
Q106819510	6000000074783713199
Q106819517	6000000018275870772
Q106819518	6000000037084853085
Q106819527	6000000012617995490
Q106819538	6000000019287020199
Q106819542	6000000089533262945
Q106819543	6000000078224049142
Q106819544	6000000019524223368
Q106819547	6000000030192916273
Q106819557	6000000129931829844
Q106819564	6000000149851047085
Q106819602	6000000058609331157
Q106819611	6000000175896933822
Q106819620	6000000154042184850
Q106819632	6000000078777471554
Q106819636	6000000080477588842
Q106819644	6000000166463723941
Q106819646	6000000069295899886
Q106819650	6000000011581626930
Q106819652	6000000064124414048
Q106819658	6000000039079922674
Q106819659	6000000081205778868
Q106819661	6000000177269208822
Q106819664	6000000017536161471
Q106819668	6000000016396239164
Q106819672	6000000014455607687
Q106819681	6000000003705014998
Q106819682	6000000018569161743
Q106819689	6000000003029818886
Q106819699	6000000018515452608
Q106819700	6000000018515409992
Q106819709	6000000182699997869
Q106819715	6000000130599438821
Q106819720	6000000175916476845
Q106819727	6000000017673206402
Q106819728	6000000017674561796
Q106819729	6000000017675775975
Q106819732	6000000108382314821
Q106819735	6000000034914366201
Q106819745	6000000100310238968
Q106819752	6000000068151846918
Q106819756	6000000030040430556
Q106819765	6000000016510266235
Q106819768	6000000048690655958
Q106819775	6000000202093277838
Q106819779	6000000007770367812
Q106819786	6000000177778699836
Q106819797	6000000023807876013
Q106819801	6000000144068798846
Q106819804	6000000022756550573
Q106819806	6000000029808374762
Q106819808	6000000081029956005
Q106819815	6000000185130179837
Q106819816	6000000035122968444
Q106819825	6000000073812577846
Q106819828	6000000175323498016
Q106819831	6000000024906649659
Q106819835	6000000178377837872
Q106819837	6000000019674447024
Q106819849	6000000015400596083
Q106819853	6000000049691375847
Q106819854	6000000049724946949
Q106819857	6000000186822981857
Q106819863	6000000172985913913
Q106819864	6000000197189346821
Q106819870	6000000000284807956
Q106819875	6000000032801958210
Q106819877	6000000035812236407
Q106819878	6000000041489454940
Q106819881	6000000003704358128
Q106819883	6000000034253855025
Q106819893	6000000189849355835
Q106819896	6000000021077220081
Q106819912	6000000085909719981
Q106819914	6000000026864344234
Q106819920	6000000183407285823
Q106819924	6000000115959146998
Q106819925	6000000020165854912
Q106819927	6000000025845289358
Q106819932	6000000035552496306
Q106819940	6000000037061548726
Q106819949	6000000018453615047
Q106819952	6000000040226543081
Q106819957	6000000094319381046
Q106819971	6000000093734307848
Q106819974	6000000083082578791
Q106819975	6000000073844969852
Q106819976	6000000090687793622
Q106819981	6000000177700833822
Q106819991	6000000015112870608
Q106820	6000000026746530595
Q106820001	6000000047541812161
Q106820025	6000000047669181869
Q106820026	6000000078709442094
Q106820028	6000000079457020834
Q106820029	6000000015802436816
Q106820031	6000000030214479896
Q106820037	6000000016656450574
Q106820039	6000000082470199933
Q106820043	6000000117865825821
Q106820048	6000000034982360101
Q106820051	6000000002388869457
Q106820062	6000000116687380230
Q106820064	6000000010885554127
Q106820067	6000000028829322134
Q106820079	6000000012452686326
Q106820080	6000000012452809218
Q106820082	6000000036457605150
Q106820091	6000000006873114088
Q106820092	6000000103192018408
Q106820095	6000000019112284213
Q106820096	6000000049953768337
Q106820101	6000000053307860962
Q106820107	4457934454420010196
Q106820117	6000000107160578821
Q106820118	6000000062640054849
Q106820125	6000000016648954010
Q106820140	6000000162389495910
Q106820143	6000000018889172735
Q106820145	6000000025498815186
Q106820146	6000000077412834409
Q106820149	6000000019689260062
Q106820150	6000000037052091667
Q106820156	6000000014717548182
Q106820157	6000000013444399062
Q106820167	6000000084257152093
Q106820173	6000000173101695866
Q106820178	6000000045972812060
Q106820187	6000000073635191124
Q106820188	6000000019401132255
Q106820189	6000000014578084994
Q106820209	6000000083276866934
Q106820211	6000000165812091980
Q106820215	6000000190310438832
Q106820218	6000000078150181931
Q106820222	6000000174956306152
Q106820249	6000000172799055682
Q106820251	6000000021468155285
Q106820252	6000000114856014878
Q106820254	6000000007316917662
Q106820256	6000000057092121827
Q106820269	6000000002388873182
Q106820275	6000000035324083864
Q106820279	6000000046378002201
Q106820280	6000000043046489943
Q106820286	6000000177200845927
Q106820291	6000000033849218214
Q106820293	6000000035722730065
Q106820299	6000000021576615039
Q106820305	6000000189328094835
Q106820309	6000000003999609229
Q106820315	6000000145268169868
Q106820319	6000000016229621294
Q106820335	6000000179267902833
Q106820339	6000000030166694443
Q106820341	6000000034885715568
Q106820355	6000000029299868235
Q106820371	6000000008574585952
Q106820389	6000000076457477874
Q106820397	6000000020359272514
Q106820412	6000000066395284919
Q106820416	6000000017920209713
Q106820419	6000000059269722281
Q106820420	6000000184355924834
Q106820421	6000000015104897345
Q106820431	6000000174442206973
Q106820453	6000000017329011522
Q106820467	6000000041952014179
Q106820508	6000000019626975080
Q106820510	6000000040446508986
Q106820518	6000000074313303821
Q106820526	6000000042021737170
Q106820544	4639160557710031825
Q106820553	6000000177487293860
Q106820554	6000000022172389250
Q106820558	6000000037148674120
Q106820561	6000000075061677024
Q106820564	6000000088178499853
Q106820572	6000000041518810599
Q106820573	6000000131687329984
Q106820585	6000000085207110897
Q106820592	6000000014686208670
Q106820608	6000000172272632615
Q106820642	6000000178120276843
Q106820646	6000000086292526859
Q106820681	6000000002673752695
Q106820686	6000000007014468843
Q106820688	6000000003032086736
Q106820690	6000000040728692320
Q106820691	4752569935710071859
Q106820698	6000000076030581823
Q106820705	6000000017752049178
Q106820706	6000000119314834856
Q106820707	6000000049719652865
Q106820722	6000000044651253876
Q106820724	6000000009919829505
Q106820725	6000000019360685184
Q106820732	6000000021537046755
Q106820733	6000000008969396453
Q106820740	6000000042102268479
Q106820756	6000000064968633870
Q106820762	6000000017219256424
Q106820777	6000000025975552605
Q106820789	6000000017062467040
Q106820791	6000000194356361825
Q106820794	6000000070182353007
Q106820797	6000000011317842457
Q106820798	6000000120007476845
Q106820805	6000000058306108882
Q106820810	6000000043736541393
Q106820814	6000000075010867443
Q106820831	6000000018089136849
Q106820836	6000000159192673834
Q106820841	6000000032005952253
Q106820843	6000000033166636359
Q106820861	6000000035747662825
Q106820873	6000000014094315828
Q106820876	6000000064963040823
Q106820877	6000000046837296843
Q106820885	6000000019976773513
Q106820886	6000000019997831554
Q106820894	6000000044297392602
Q106820899	6000000125931234913
Q106820907	6000000016532074069
Q106820910	6000000176125279830
Q106820916	6000000115326770204
Q106820924	6000000034635811220
Q106820927	6000000026566435530
Q106820931	6000000000072169689
Q106820939	6000000065567293976
Q106820950	6000000045911985838
Q106820955	6000000018658231137
Q106820959	6000000212932431822
Q106820971	6000000021584389289
Q106820974	6000000023468341085
Q106820994	6000000017447451574
Q106820995	6000000178177199025
Q106820996	6000000178177199013
Q106821000	6000000206070068868
Q106821005	6000000132442906833
Q106821013	6000000062902212899
Q106821016	6000000077843898011
Q106821017	6000000053249246981
Q106821019	6000000032014727843
Q106821022	6000000184291160842
Q106821023	6000000046799963014
Q106821035	6000000019397257547
Q106821040	6000000076176965003
Q106821058	6000000048167680957
Q106821072	6000000079102267880
Q106821074	6000000085481989316
Q106821091	6000000033021155228
Q106821093	6000000176396113844
Q106821101	6000000032213677833
Q106821103	6000000038675647042
Q106821104	6000000029412205389
Q106821121	6000000198659511834
Q106821127	6000000009131592450
Q106821158	6000000023701137885
Q106821171	6000000007984245265
Q106821172	6000000007984253501
Q106821175	6000000030524748587
Q106821177	6000000079460027050
Q106821184	6000000019513494181
Q106821186	6000000055624218122
Q106821187	6000000055624765905
Q106821188	6000000161744730821
Q106821191	6000000082802670883
Q106821192	6000000041183667972
Q106821195	6000000088506368847
Q106821210	6000000025903774566
Q106821211	6000000104016959839
Q106821212	6000000076329469821
Q106821232	6000000080828849160
Q106821248	6000000020624783850
Q106821252	6000000189494636847
Q106821253	6000000034440107137
Q106821266	6000000013194863267
Q106821270	6000000067697721825
Q106821278	6000000107589692821
Q106821279	6000000017296516184
Q106821286	6000000181121406831
Q106821287	6000000073847251033
Q106821289	6000000025341058557
Q106821294	6000000063545914975
Q106821296	6000000063683716822
Q106821297	6000000063289868902
Q106821301	6000000025554514422
Q106821310	6000000117757845868
Q106821316	6000000011428543035
Q106821318	6000000026786182588
Q106821332	6000000096209862037
Q106821338	6000000014209878189
Q106821340	6000000034601657050
Q106821346	6000000180908206836
Q106821354	6000000176560889838
Q106821374	6000000048802286071
Q106821376	6000000043624344875
Q106821377	6000000039965657927
Q106821381	6000000016384472613
Q106821387	6000000009626488550
Q106821399	6000000126298065823
Q106821404	6000000014926499023
Q106821410	6000000025297635048
Q106821429	6000000023398395985
Q106821432	3711477
Q106821436	3711488
Q106821440	6000000010826908844
Q106821444	6000000039918712139
Q106821449	6000000019467315001
Q106821459	6000000014685991901
Q106821465	6000000085998103822
Q106821466	6000000023380020983
Q106821497	6000000022627383099
Q106821507	6000000032330478035
Q106821521	6000000033924532193
Q106821523	6000000179790284873
Q106821527	6000000040920038262
Q106821528	6000000084937846466
Q106821535	6000000019855610943
Q106821557	6000000025484993287
Q106821561	6000000076046385110
Q106821565	6000000080904719859
Q106821566	6000000182185845848
Q106821569	6000000189701817824
Q106821570	6000000025529158056
Q106821571	3703774
Q106821572	6000000189956757821
Q106821574	6000000012431007752
Q106821577	6000000007512170349
Q106821581	6000000012942653225
Q106821582	6000000196991442884
Q106821590	6000000018454268727
Q106821594	6000000113463479277
Q106821624	6000000008969382544
Q106821632	6000000084405458082
Q106821647	6000000023111221488
Q106821648	6000000009341540571
Q106821660	6000000188770130834
Q106821662	6000000034551717777
Q106821663	6000000027433260201
Q106821679	6000000016697666736
Q106821688	6000000033673187027
Q106821689	6000000098178546823
Q106821702	6000000195901896830
Q106821703	6000000092297484872
Q106821707	6000000037887676904
Q106821710	6000000200934561883
Q106821714	6000000009255894823
Q106821719	6000000077234873898
Q106821720	6000000185373639116
Q106821728	6000000147243766082
Q106821733	6000000033300289223
Q106821736	6000000013796299589
Q106821737	6000000015511912971
Q106821742	6000000000149007503
Q106821744	6000000015635652202
Q106821749	6000000181428296827
Q106821750	6000000184443668823
Q106821757	6000000013911211511
Q106821773	6000000043363770499
Q106821780	6000000120890605849
Q106821783	6000000068518009036
Q106821793	6000000069303410920
Q106821794	6000000068520193956
Q106821803	6000000023710988462
Q106821804	6000000059180512099
Q106821805	6000000025003689228
Q106821807	6000000019935394724
Q106821810	6000000021822652460
Q106821817	6000000055752512380
Q106821820	6000000053516623996
Q106821821	6000000035240709880
Q106821827	6000000077499027809
Q106821833	6000000017814448919
Q106821853	6000000075886354821
Q106821860	6000000080325852810
Q106821862	6000000041165589086
Q106821863	6000000018759766580
Q106821871	6000000015895403261
Q106821876	6000000041068203683
Q106821878	6000000084212273821
Q106821881	6000000016510042729
Q106821882	6000000095641234914
Q106821887	6000000133896603867
Q106821889	4731413946340127247
Q106821890	6000000031494582106
Q106821914	6000000049261393942
Q106821926	6000000103689943018
Q106821927	6000000003633819722
Q106821939	6000000002815271468
Q106821943	6000000034816318010
Q106821947	6000000028523154774
Q106821952	6000000046330611862
Q106821959	6000000074177557111
Q106821965	6000000184620331826
Q106821968	6000000032125731789
Q106821978	6000000019362794437
Q106821985	6000000208307997836
Q106821988	6000000069313835036
Q106821992	6000000088114030862
Q106822003	6000000085161502859
Q106822013	6000000055743419521
Q106822018	6000000035009683457
Q106822021	6000000102370200832
Q106822022	6000000031269124581
Q106822033	6000000019661679019
Q106822035	6000000024824398573
Q106822037	6000000032410617118
Q106822055	6000000018227817994
Q106822057	6000000102668077822
Q106822085	6000000014596205593
Q106822086	6000000035022537564
Q106822088	6000000053825130184
Q106822091	6000000017470461296
Q106822093	6000000019219529694
Q106822094	6000000024143559906
Q106822095	6000000171321018078
Q106822096	6000000014537090887
Q106822097	6000000035239616144
Q106822113	6000000085912070979
Q106822117	6000000195973805837
Q106822136	6000000183355856821
Q106822140	6000000047812533893
Q106822141	6000000015027778788
Q106822144	6000000071022752935
Q106822146	6000000034757622080
Q106822159	6000000027855030509
Q106822166	6000000194016651836
Q106822171	6000000016332677646
Q106822193	6000000105803543250
Q106822195	6000000049321085020
Q106822204	6000000052239317897
Q106822208	6000000159873800821
Q106822214	6000000193839791826
Q106822222	6000000178806890841
Q106822223	6000000166050215821
Q106822224	6000000153251398882
Q106822227	6000000038752607942
Q106822270	6000000002388846199
Q106822284	6000000008925525486
Q106822296	6000000190486101927
Q106822299	6000000012695005328
Q106822303	6000000104987374125
Q106822313	6000000018517625060
Q106822317	6000000020235242887
Q106822325	6000000165586553020
Q106822335	6000000082314924927
Q106822343	6000000057824441094
Q106822353	6000000165828229843
Q106822359	6000000033189346857
Q106822374	6000000018543604318
Q106823199	6000000173894845821
Q106823204	6000000173862695447
Q106823205	6000000015736187447
Q106823209	6000000024934215518
Q106823252	6000000175538250836
Q106823257	6000000025818014385
Q106823259	6000000175538417830
Q106823263	6000000025818194318
Q106823268	6000000024934358311
Q106823273	6000000024998735916
Q106823277	6000000028451944090
Q106823294	6000000024933995706
Q106823353	6000000175538032836
Q106823358	6000000175537796885
Q106823368	6000000024934416048
Q106823369	6000000175538170856
Q106823790	6000000053125205009
Q106823804	6000000041129502461
Q106823806	6000000087218707838
Q106823807	6000000057187875896
Q106823811	6000000025085344361
Q106823814	6000000053125241928
Q106823823	6000000025085344343
Q106823825	6000000011591988570
Q106823829	6000000057187039275
Q106823885	6000000058246053849
Q106823904	6000000041323496524
Q106823917	6000000041323781401
Q106823919	6000000041323896405
Q106823920	6000000002659221373
Q106823922	6000000058231202859
Q106823941	6000000002659225021
Q106824030	6000000175541505828
Q106824033	6000000087173161595
Q106824034	6000000087173878449
Q106824036	6000000087175058842
Q106824058	6000000002618673981
Q106824070	6000000002619501142
Q106824071	6000000002619300814
Q106824080	6000000015610287019
Q106824085	6000000015610247085
Q106824086	6000000007036370062
Q106824087	6000000007035972531
Q106824098	6000000007036056259
Q106824099	6000000007036163193
Q106824104	6000000002659217174
Q106824106	6000000034281584981
Q106824142	6000000082728605988
Q106824238	6000000021581934108
Q106824322	6000000029494325821
Q106824473	6000000027505796495
Q106824655	6000000072798104009
Q106824964	6000000013019474205
Q106825831	6000000000313794387
Q106826845	6000000020307181017
Q106827146	6000000122633398955
Q106827424	6000000036986419881
Q106828041	6000000011536068005
Q106828045	6000000014156791609
Q106828403	6000000187951370835
Q106828555	6000000002024756674
Q106828558	6000000002028559426
Q106828559	6000000002028537662
Q106829	6000000010139941937
Q106830468	6000000038231434440
Q106830777	6000000015324348592
Q106832207	6000000069265474199
Q106832667	6000000020241542628
Q106833139	6000000025831625809
Q106833384	6000000084417922849
Q106833936	6000000061288054969
Q106834078	6000000022079826531
Q106835370	6000000011369112260
Q106836	6000000093424330955
Q106836370	6000000014104521411
Q106836417	6000000123939611894
Q106836452	6000000002870159355
Q106836480	6000000002882921023
Q106836488	6000000003005339556
Q106836649	6000000002894537527
Q106836656	6000000002894317771
Q106836789	6000000045916638299
Q106837042	6000000045282233907
Q106837141	6000000021414977816
Q106837143	6000000021422608938
Q106837185	6000000021418756605
Q106837186	6000000021421582365
Q106837188	6000000022097981486
Q106837197	6000000016073830248
Q106837198	6000000016073840159
Q106837220	6000000022669825287
Q106837283	6000000015768897668
Q106837297	6000000015769052532
Q106837309	6000000085880174927
Q106837310	6000000001795799778
Q106837312	6000000026698174801
Q106837325	6000000001795894409
Q106837340	6000000015768776748
Q106837360	6000000014147482941
Q106837365	6000000009533966528
Q106837366	6000000002908387920
Q106837379	6000000009534232362
Q106837380	6000000038290457326
Q106837384	6000000008208189658
Q106837403	6000000025526434449
Q106837421	6000000024947687808
Q106837428	6000000040753291906
Q106837454	6000000003939777797
Q106837455	6000000008439983189
Q106837457	6000000008440209948
Q106837461	6000000000284181974
Q106837462	6000000000284181704
Q106837464	6000000003940496692
Q106837466	6000000014147622305
Q106837467	6000000003938211045
Q106837475	6000000040751905681
Q106837476	6000000040780510822
Q106837477	6000000040780407008
Q106837543	6000000020934575880
Q106837594	6000000027609096531
Q106838	6000000039996613140
Q106838299	6000000002987170406
Q106838460	6000000000424330101
Q106838854	6000000015194454047
Q106838904	6000000000424287247
Q106839272	6000000004236379498
Q106839926	6000000018272107341
Q106839953	6000000003681311033
Q106839954	6000000004087483066
Q106839955	6000000003949703659
Q106839975	6000000007026941089
Q106840	6000000033271922887
Q106840632	6000000014082880704
Q106840889	6000000007170362253
Q106840890	6000000036629526461
Q106840892	6000000000426691949
Q106840895	6000000036629276350
Q106840896	6000000000421531635
Q106840898	6000000002400764776
Q106841273	6000000011832811469
Q106841274	6000000011832736453
Q106841589	6000000009054064464
Q106841685	6000000007242921426
Q106841686	6000000007248556508
Q106841688	6000000002199510992
Q106841691	6000000002207037855
Q106841693	6000000002305552497
Q106841695	6000000001238425429
Q106841699	6000000001238424382
Q106841939	6000000003076856716
Q106841941	6000000002303541305
Q106841968	6000000009256716573
Q106841970	6000000003539945238
Q106841972	6000000000633522016
Q106841994	5364230351580113055
Q106841996	6000000003277293248
Q106842	6000000085725420067
Q106842019	4405026336350065556
Q106842021	6000000003221209220
Q106842244	6000000021040345770
Q106842246	6000000009553555869
Q106842249	6000000008260562534
Q106844182	6000000009375279563
Q106844222	6000000000321420043
Q106844223	6000000015905591532
Q106844746	6000000197121177893
Q106845296	6000000024755741296
Q106846854	6000000180567969840
Q106847188	6000000141352561181
Q106847235	6000000141352198258
Q106848039	6000000022875100784
Q106848579	6000000070745635612
Q106848835	6000000142206128821
Q106849	6000000073396562172
Q106849000	6000000003474373292
Q106849110	6000000019478572318
Q106849151	6000000019470330090
Q1068498	6000000019300030781
Q106849977	6000000016498141525
Q106850	6000000013733843221
Q106850629	6000000017313404377
Q106850683	6000000090662895225
Q106853	6000000078164812904
Q106853484	6000000039789072836
Q1068550	6000000082440545134
Q106855909	6000000038770192261
Q106856143	6000000017164051008
Q106858251	6000000015280505802
Q106858431	6000000058604817850
Q106858488	6000000019748753164
Q106858751	6000000002802766933
Q106859	6000000115705324821
Q106859392	6000000184846259831
Q106860441	6000000044665658931
Q106860442	6000000026229008879
Q106860444	6000000016387165920
Q106860446	6000000016387715861
Q106860447	6000000010515119367
Q106860451	6000000010011069853
Q106860511	6000000013894305234
Q106860529	288786681370002785
Q106860530	4030590853770011110
Q106860541	4295410277940030665
Q106860583	6000000026228527426
Q106860604	4400943516360123595
Q106860692	364619403500013585
Q106861975	6000000001385995550
Q106862481	6000000003017377189
Q106862757	6000000015840017210
Q106862765	6000000017775827849
Q106862962	6000000015839887206
Q1068631	6000000009137431596
Q106863131	6000000078569701401
Q106863165	6000000078570294008
Q106863171	6000000113787706104
Q106863214	6000000015840126150
Q106863357	6000000078570068207
Q106863397	6000000120378298860
Q106863790	6000000001148171184
Q106863862	6000000012535666470
Q106863926	6000000019189937303
Q106864288	6000000015211765632
Q106865203	6000000017334565568
Q106865218	6000000017312450915
Q106865615	6000000028243806119
Q106865639	6000000008585394043
Q106865640	6000000038075334236
Q106865642	6000000038075529138
Q106865643	6000000038844419937
Q106865660	6000000038844616864
Q106865666	6000000038844307193
Q106865717	6000000011451469436
Q106865723	6000000011466176546
Q106865724	6000000012490769504
Q106865726	6000000030272188154
Q106865729	6000000030272248461
Q106865794	6000000142208967834
Q106865807	6000000142208812855
Q106865831	6000000001089585073
Q106865868	6000000032384349861
Q106865869	6000000032383366447
Q106865872	6000000032384153987
Q106865885	6000000172431877451
Q106865919	6000000012868139898
Q106865920	6000000012867713106
Q106865922	6000000012869517406
Q106865923	6000000012869140749
Q106865997	6000000000984221184
Q106865999	6000000000984205477
Q106866001	6000000001595237884
Q106866002	6000000001595421950
Q106866003	6000000001595601142
Q106866005	6000000013324745435
Q106866018	6000000003720449180
Q106866019	6000000010827529105
Q106866023	6000000003689092237
Q106866025	6000000003670976958
Q106866027	6000000016985329478
Q106866028	6000000016985950290
Q106866083	6000000010565215175
Q106866084	6000000010564901796
Q106866085	6000000010565493227
Q106866087	6000000010564907783
Q106866121	6000000020250816873
Q106866133	6000000011501849072
Q106866135	6000000011502075329
Q106866382	6000000000489451074
Q106866385	6000000000489483067
Q106866426	6000000000489451012
Q106866427	6000000122673398847
Q106866453	6000000028108159486
Q106866454	6000000028108292247
Q106866537	6000000019569845640
Q106866538	6000000018857976476
Q106866540	6000000019569799364
Q106866640	6000000012536462651
Q106866641	6000000012536494515
Q106866642	6000000015039699084
Q106866643	6000000027250828071
Q106866655	6000000014130625156
Q106866656	6000000014130571241
Q106866667	6000000014129907904
Q106866680	6000000001292137285
Q106866681	6000000001292155061
Q106866693	6000000001292045110
Q106866695	6000000001079584168
Q106866697	5584115062420045545
Q106866698	6000000024213780864
Q106866728	6000000001079649632
Q106867371	6000000017313358430
Q106867377	6000000017313117976
Q106867750	6000000099189971902
Q106868110	6000000030103320178
Q106868870	6000000017266693953
Q106869049	6000000017266909514
Q106869474	6000000009964290401
Q106869879	6000000097315059901
Q106869882	6000000048757534846
Q106869883	6000000048757030168
Q106869887	6000000018274306844
Q106869889	6000000050469165038
Q106869892	6000000098873026867
Q106869893	6000000050748404849
Q106869894	6000000007201511957
Q106869897	6000000019568324940
Q106869899	6000000018790374183
Q106869901	6000000048441538190
Q106869902	6000000029160861958
Q106869909	6000000193352261864
Q106869916	6000000127874449861
Q106869923	6000000061754602872
Q106869926	6000000023042038838
Q106869944	6000000018203654849
Q106869945	6000000082660375935
Q106869948	6000000165812551843
Q106869949	6000000034795991423
Q106869956	6000000209479862878
Q106869961	6000000215182926831
Q106869963	6000000023939455078
Q106869972	6000000013270336995
Q106869984	6000000037834704431
Q106869991	6000000076229674111
Q106869999	6000000018677385235
Q106870000	6000000039905285226
Q106870012	6000000040392848147
Q106870016	6000000017620008517
Q106870025	6000000033618519677
Q106870027	6000000078933204981
Q106870030	6000000099254276849
Q106870031	6000000048802405949
Q106870032	6000000012711430283
Q106870041	6000000019467303006
Q106870045	6000000016692263804
Q106870047	6000000195253532846
Q106870136	6000000194944013899
Q106870139	6000000012184530278
Q106870140	694022
Q106870143	6000000171921195812
Q106870144	6000000011113085873
Q106870148	6000000015763388582
Q106870160	6000000086107987827
Q106870164	6000000184821622007
Q106870169	6000000048332558837
Q106870173	6000000018517068862
Q106870175	6000000188986081841
Q106870177	6000000208800457823
Q106870179	6000000012849320243
Q106870180	6000000014416289069
Q106870181	6000000020880081185
Q106870183	6000000084999711274
Q106870186	6000000084412291249
Q106870187	6000000015762217674
Q106870199	6000000057699018847
Q106870210	6000000169360981854
Q106870214	6000000038869487151
Q106870215	6000000040631939485
Q106870224	6000000016160307540
Q106870234	302807410110008102
Q106870236	6000000013999014498
Q106870237	6000000033043530264
Q106870247	6000000089140929931
Q106870255	6000000014271415580
Q106870257	6000000029379460234
Q106870258	6000000178967330859
Q106870260	6000000020623814751
Q106870278	6000000034736085278
Q106870287	6000000121961646031
Q106870295	6000000034937826516
Q106870302	6000000175463188009
Q106870322	6000000018569495609
Q106870323	6000000022352461562
Q106870334	6000000013008378988
Q106870336	6000000013008534476
Q106870338	6000000017273909999
Q106870341	6000000077920731496
Q106870343	6000000200995787831
Q106870348	6000000133111639125
Q106870349	6000000133099326221
Q106870356	6000000007865264332
Q106870378	6000000024713888499
Q106870381	6000000013393136444
Q106870382	6000000013559694077
Q106870419	6000000081030816842
Q106870420	6000000027092773472
Q106870421	6000000028668084850
Q106870435	6000000041145475336
Q106870437	6000000028473620476
Q106870441	6000000025652432457
Q106870443	6000000010897257643
Q106870444	6000000012641481080
Q106870450	6000000030371962946
Q106870453	6000000043953858872
Q106870459	6000000173147313963
Q106870464	6000000033046194717
Q106870466	6000000040728425411
Q106870467	6000000181367967899
Q106870468	6000000042049958489
Q106870477	6000000041707973369
Q106870479	6000000007390794228
Q106870480	6000000037952168397
Q106870498	6000000015507588328
Q106870508	6000000014222540301
Q106870510	6000000003282582897
Q106870515	6000000016542227435
Q106870516	6000000058134473902
Q106870520	6000000122731001822
Q106870521	6000000125966845823
Q106870536	6000000030925994472
Q106870537	6000000086028210826
Q106870538	6000000071228601833
Q106870539	6000000062023589884
Q106870548	6000000177576756828
Q106870557	6000000121998255837
Q106870563	6000000200342728835
Q106870566	6000000035053969842
Q106870573	6000000035052508202
Q106870574	6000000182131810929
Q106870576	6000000014745928445
Q106870578	6000000148315288259
Q106870582	6000000030368565739
Q106870591	6000000020376634037
Q106870592	6000000020376113436
Q106870595	6000000082892402365
Q106870596	6000000082893659062
Q106870598	6000000181071282869
Q106870599	6000000034198210325
Q106870616	6000000000357142448
Q106870619	6000000035382255177
Q106870622	6000000043356754490
Q106870624	6000000033926142919
Q106870627	6000000025933159186
Q106870631	6000000057383539860
Q106870641	6000000048517940947
Q106870645	6000000197200069824
Q106870651	6000000042155371297
Q106870665	6000000187895276866
Q106870668	6000000037869289866
Q106870706	6000000213584022823
Q106870712	6000000067940848822
Q106870715	6000000013152514404
Q106870726	6000000016943185219
Q106870732	6000000200389158844
Q106870739	6000000194164536833
Q106870740	6000000030001909549
Q106870743	6000000035363948258
Q106870747	6000000040038294879
Q106870751	6000000072711619983
Q106870765	6000000103631177880
Q106870791	6000000014883290507
Q106870792	6000000203956999834
Q106870797	6000000077625896935
Q106870800	6000000080544542867
Q106870802	6000000026299233452
Q106870804	6000000206606745883
Q106870811	6000000093493062897
Q106870814	6000000149938026842
Q106870817	6000000131094122833
Q106870818	6000000042012718061
Q106870824	6000000020333995043
Q106870826	6000000040229060919
Q106870827	6000000080784848851
Q106870828	6000000021555784007
Q106870831	6000000017062689290
Q106870832	6000000080648055844
Q106870835	6000000069171714925
Q106870847	6000000190454881851
Q106870851	6000000213195721829
Q106870856	6000000208880099838
Q106870858	6000000082417014823
Q106870866	6000000177270157827
Q106870868	6000000177107860851
Q106870871	6000000176939920830
Q106870887	6000000184872343928
Q106870888	6000000013331583167
Q106870912	6000000028634290086
Q106870917	6000000016700072933
Q106870925	6000000007014427269
Q106870928	6000000018270517696
Q106870930	6000000003483768424
Q106870932	6000000171754627105
Q106870939	6000000015978043760
Q106870943	6000000021138701388
Q106870948	6000000031073993996
Q106870964	6000000077313321298
Q106870966	6000000206643101821
Q106870992	6000000061733400070
Q106870993	6000000037031686821
Q106870994	6000000024849996957
Q106870999	6000000025567640219
Q106871001	6000000021139496868
Q106871006	6000000195849791882
Q106871009	6000000209055729843
Q106871010	6000000059000437574
Q106871012	6000000017180550311
Q106871020	6000000021041213187
Q106871022	6000000093235725873
Q106871026	6000000214206016830
Q106871028	6000000100088260865
Q106871035	6000000006873114345
Q106871038	6000000056994089881
Q106871039	6000000016252058154
Q106871040	6000000023343670107
Q106871061	6000000087891994184
Q106871070	6000000121609838015
Q106871076	6000000179704748908
Q106871082	6000000020639992908
Q106871084	6000000021731918967
Q106871087	6000000118398396821
Q106871088	6000000192935696882
Q106871092	6000000040224265141
Q106871094	6000000018549149782
Q106871099	6000000048598288120
Q106871115	6000000192636017821
Q106871119	6000000130465753913
Q106871122	6000000080699084821
Q106871123	6000000023894539610
Q106871139	6000000026051084741
Q106871150	6000000081641168099
Q106871152	6000000153044815865
Q106871160	6000000059716540980
Q106871161	6000000037764004775
Q106871162	6000000182364911869
Q106871165	6000000025689058833
Q106871180	6000000088727040893
Q106871184	6000000180476179870
Q106871187	6000000075987219057
Q106871193	6000000156135967845
Q106871194	6000000018752131274
Q106871196	6000000168013773886
Q106871207	6000000172275187997
Q106871213	6000000016396252964
Q106871219	6000000101833132832
Q106871227	6000000047755692149
Q106871237	6000000194715688892
Q106871239	6000000177466875838
Q106871241	6000000014774055677
Q106871244	6000000151708500866
Q106871250	6000000009507705443
Q106871253	6000000209190923852
Q106871261	5692420444580027989
Q106871263	6000000080226976843
Q106871264	6000000080604784278
Q106871266	6000000013008508771
Q106871269	6000000047509784031
Q106871272	6000000020016921545
Q106871281	6000000016317990495
Q106871282	6000000043678151119
Q106871306	6000000036750076209
Q106871308	6000000005784337130
Q106871312	6000000059603095029
Q106871321	6000000109691164883
Q106871322	6000000025501886741
Q106871324	6000000039998629829
Q106871331	6000000063437494149
Q106871338	6000000018262340892
Q106871346	6000000025221760849
Q106871351	6000000209527635866
Q106871356	6000000049953807201
Q106871366	6000000192628351827
Q106871368	6000000141574499894
Q106871373	6000000008486997399
Q106871379	6000000061132759029
Q106871380	6000000040125335364
Q106871381	6000000144696847921
Q106871383	6000000034697705001
Q106871386	6000000007316926090
Q106871389	6000000048614957862
Q106871390	6000000147226556998
Q106871391	6000000048614956831
Q106871394	6000000023170422890
Q106871397	6000000045415730835
Q106871399	6000000209133176870
Q106871418	6000000081308954665
Q106871421	6000000106734249821
Q106871424	6000000034255934775
Q106871428	6000000072437258838
Q106871436	6000000046518955966
Q106871438	6000000025619066996
Q106871445	6000000143396345828
Q106871451	6000000213523861823
Q106871453	6000000203966294901
Q106871458	6000000042726348763
Q106871459	6000000022438927651
Q106871461	6000000017983355084
Q106871462	6000000028907948056
Q106871464	6000000034914616034
Q106871468	6000000037869076611
Q106871469	6000000034472986542
Q106871479	6000000015922537458
Q106871485	6000000100888722531
Q106871493	6000000024875443110
Q106871495	6000000056547042858
Q106871499	6000000118840096868
Q106871514	6000000022967065827
Q106871519	6000000150602099077
Q106871527	6000000116794862872
Q106871530	6000000002215910796
Q106871531	6000000015595756808
Q106871532	6000000093426745994
Q106871553	6000000033236192158
Q106871559	6000000184377382822
Q106871570	6000000088486999890
Q106871571	6000000164086144825
Q106871572	6000000063151369106
Q106871575	6000000207786511828
Q106871580	6000000194779857828
Q106871581	6000000178440091825
Q106871584	6000000032372649822
Q106871591	6000000020224972882
Q106871592	6000000022652080577
Q106871597	6000000029302854040
Q106871599	6000000037888126081
Q106871620	6000000021088378969
Q106871621	6000000021088446154
Q106871622	6000000180583185838
Q106871626	6000000009834958406
Q106871629	6000000016436318289
Q106871630	6000000103636126825
Q106871631	6000000016436209743
Q106871640	6000000079254136196
Q106871645	6000000002388873440
Q106871657	6000000103507868850
Q106871664	6000000025181508178
Q106871665	6000000017123055350
Q106871666	6000000017123128049
Q106871668	6000000198852612848
Q106871669	6000000044118132061
Q106871670	6000000071417915197
Q106871677	363661960420011649
Q106871683	6000000080100822263
Q106871688	6000000029958194569
Q106871689	6000000019976229015
Q106871697	6000000158685991825
Q106871700	6000000018408423222
Q106871702	6000000066473031018
Q106871713	6000000016696565680
Q106871714	6000000014331442223
Q106871715	6000000069638348910
Q106871717	6000000016344433748
Q106871719	6000000002502018147
Q106871722	6000000075712852859
Q106871724	6000000043363683071
Q106871727	6000000065718328821
Q106871744	6000000175438077758
Q106871745	6000000063814068956
Q106871746	6000000037741508581
Q106871749	6000000026053666374
Q106871753	6000000054627735822
Q106871755	6000000192526877826
Q106871759	6000000041073736024
Q106871762	6000000152703240822
Q106871763	6000000138575250931
Q106871765	6000000014883344113
Q106871767	6000000149844135901
Q106871771	6000000009462636702
Q106871774	6000000083794142823
Q106871778	6000000204402855889
Q106871786	6000000030208951821
Q106871791	6000000022483810406
Q106871792	6000000012687435247
Q106871793	6000000110697182877
Q106871807	6000000178248266875
Q106871808	6000000041847728075
Q106871809	6000000043150737951
Q106871811	6000000089717015925
Q106871814	6000000012312884977
Q106871827	6000000085899115180
Q106871829	321064659560006343
Q106871837	6000000047617778932
Q106871841	6000000082852532834
Q106871844	6000000012089033370
Q106871854	6000000204538622863
Q106871855	6000000204565279825
Q106871879	6000000069782409032
Q106871880	294368891010006364
Q106871883	6000000018451791617
Q106871891	6000000006953211087
Q106871892	6000000033813253193
Q106871895	6000000026041004524
Q106871897	6000000011643860245
Q106871898	6000000008506936477
Q106871900	6000000181188010839
Q106871907	6000000019556845229
Q106871908	6000000009035699003
Q106871912	6000000029757579535
Q106871913	6000000036569017994
Q106871921	6000000015892543507
Q106871929	6000000013789913372
Q106871950	6000000082661970931
Q106871956	6000000086454248954
Q106871960	6000000190218163834
Q106871961	6000000193646286862
Q106871962	6000000081123600906
Q106871972	6000000072061178099
Q106871979	6000000018445633662
Q106872	6000000119654668827
Q106872006	6000000025782941962
Q106872008	6000000178338688854
Q106872012	6000000194435097831
Q106872013	6000000042243299702
Q106872017	6000000081590710212
Q106872028	6000000015791995624
Q106872035	6000000016891046734
Q106872038	6000000012974070732
Q106872039	6000000016543041990
Q106872042	6000000034271377033
Q106872054	6000000179842589823
Q106872055	6000000102826487915
Q106872057	6000000077456804510
Q106872063	6000000025673484959
Q106872064	6000000070277986990
Q106872067	6000000191251127831
Q106872068	6000000081973313124
Q106872071	6000000021599808674
Q106872072	6000000018709258228
Q106872073	6000000018709721116
Q106872076	6000000192969499845
Q106872082	6000000184629403947
Q106873576	6000000006348409029
Q106874788	6000000041379815926
Q106874866	6000000041377912345
Q106875447	6000000055018698821
Q106876458	6000000007416887893
Q106876711	6000000050106879997
Q106878444	6000000020919243284
Q106878461	6000000065950640858
Q106878476	6000000007375375630
Q106878528	6000000168825483867
Q106879062	6000000002189456108
Q106879204	6000000006844129240
Q106879331	6000000188132082825
Q106879637	6000000004220072913
Q106879810	6000000035130959851
Q106879881	6000000013907045228
Q106879997	6000000056958091021
Q106880184	6000000050551590873
Q106880307	6000000175642766840
Q106880665	5578314952700127573
Q106880691	351261120140012823
Q106880822	6000000080882172830
Q106881151	6000000002640448568
Q106881236	6000000018181979384
Q106881818	6000000180727597845
Q1068841	6000000075254546860
Q106887548	6000000148752445859
Q106889523	6000000015262581979
Q106889542	6000000002096542303
Q106889562	6000000015345518061
Q106889772	6000000000960745261
Q106890098	6000000087794307070
Q106890936	6000000009315312080
Q106893077	6000000152253962827
Q106896017	5544482784470080941
Q106896031	5351959571100069794
Q106896088	6000000012834503624
Q106897236	6000000175664427832
Q106897267	6000000175663897855
Q106900959	6000000041073006305
Q106902496	6000000187926375827
Q106903183	6000000103186576870
Q106903184	6000000041633384941
Q106903185	6000000041633328239
Q106903186	6000000040414670048
Q106903226	6000000009278176182
Q106903273	6000000007257326086
Q106903279	6000000005416789348
Q106903360	6000000009278809360
Q106903752	6000000017328313093
Q106903755	6000000009278147187
Q106903784	6000000017308189566
Q106903785	6000000017328107285
Q106904365	6000000007168148657
Q106906443	6000000181646829821
Q106906810	6000000000100037131
Q106906960	5158511466510036939
Q106907	6000000084940077917
Q106907070	6000000020198119957
Q106907142	6000000002823598385
Q106907194	5157434553430075092
Q106907364	6000000006711226228
Q106907675	6000000075151848831
Q106907788	6000000075150903181
Q106907904	6000000015228444388
Q106908	6000000075198658821
Q106908081	6000000202377640826
Q106908098	6000000022622612111
Q106908105	6000000022623036849
Q106908120	6000000085680102065
Q106908172	6000000085541693896
Q106908177	6000000023769323123
Q106908447	6000000074456106874
Q106909271	6000000010842170451
Q106909426	6000000001804685767
Q106909624	6000000083318673150
Q106909655	6000000036647321892
Q106910073	6000000000630366939
Q106910096	6000000068780168935
Q106910116	6000000017301720539
Q106910213	5603039327450028194
Q106912	6000000026381310887
Q106913	6000000029142255549
Q1069138	6000000001561126504
Q106914878	6000000005956439240
Q106914880	6000000020198885005
Q106914889	6000000020198631277
Q106914890	6000000020198339602
Q106914905	6000000003715976376
Q106914910	6000000003716037189
Q106914924	6000000009930845636
Q106914925	6000000009930444270
Q106914937	6000000003716067172
Q106914939	6000000009330637903
Q106914947	6000000009929880169
Q106914989	6000000003716097008
Q106914992	6000000003710612326
Q106914993	6000000003710512632
Q106914994	6000000003710675404
Q106914996	6000000003715891324
Q106914998	6000000003710382956
Q106914999	6000000005778001153
Q1069152	6000000141713859832
Q1069154	6000000006127484130
Q106916514	6000000010584668514
Q106916516	6000000025897111349
Q106916519	6000000010584765589
Q106916525	6000000008984292618
Q106916527	6000000005279171028
Q106916558	6000000014568176081
Q106916559	6000000009797496498
Q106916560	6000000027722240479
Q106916562	6000000027722503361
Q106917810	6000000074254433839
Q106918201	6000000025173496455
Q106918280	6000000040234590399
Q106918629	6000000042817303972
Q106918917	6000000015436134316
Q106918922	6000000039083109759
Q106918946	6000000015434897961
Q106918947	6000000015434721721
Q106918951	6000000015435125711
Q106918952	6000000015592437204
Q106919	6000000014905588547
Q106919031	6000000015435634329
Q106919032	6000000015435481583
Q106919034	6000000015591895875
Q106919036	6000000039100516781
Q106919037	6000000036249717747
Q106919038	6000000015435546229
Q106919042	6000000008369910763
Q106919044	6000000036249422720
Q106919045	6000000015592514032
Q106919046	6000000015592598908
Q106919050	6000000059311459164
Q106919051	6000000059324278026
Q106919052	6000000059310410542
Q106919053	6000000059311761920
Q106919075	6000000024957894557
Q106919076	6000000039083140542
Q106919077	6000000027616172313
Q106919282	6000000003561840233
Q106919389	6000000031847711156
Q106919390	6000000031847296777
Q106919395	6000000006782990477
Q106920350	6000000014025250454
Q106920378	6000000018648911359
Q106921212	6000000021660582994
Q106921258	6000000015392931281
Q106921259	6000000005077223034
Q106921325	6000000001959692501
Q106921411	6000000015392100834
Q106921580	6000000062729003839
Q106921645	6000000029638738942
Q106922906	6000000043466243383
Q106923803	6000000006416031462
Q106926598	6000000052098525035
Q106927	6000000068411914857
Q106929752	6000000172479072993
Q106930289	6000000041074732215
Q106930566	6000000058734055015
Q106930569	6000000058735083850
Q106930570	6000000058734516909
Q106932288	6000000024976596922
Q106932290	6000000055763453182
Q106932295	6000000041804928864
Q106932296	6000000041804599634
Q106932297	6000000024975908770
Q106932570	6000000175736527828
Q106932584	6000000175736662821
Q106932587	6000000175736606834
Q106932598	6000000026216486521
Q106932705	6000000175735583844
Q106932713	6000000026216525332
Q106932738	6000000175736050861
Q106932764	6000000175735850855
Q106932765	6000000175736113853
Q106932766	6000000026216737027
Q106932768	6000000025818391609
Q106932769	6000000077457667240
Q106932774	6000000024976732032
Q106932775	6000000076913001210
Q106932776	6000000028341866843
Q106933181	6000000026216761055
Q106933182	6000000026216618206
Q106934584	6000000033741638835
Q106934588	6000000033741182405
Q106934589	6000000033741636062
Q106934619	6000000033740828827
Q106934623	6000000033740375478
Q106934631	6000000033740552145
Q106934636	6000000033740365546
Q106934948	286688566610003371
Q106935334	6000000003188568276
Q106935336	6000000050959174402
Q106935337	6000000000060180301
Q106935339	6000000006938691714
Q106935466	6000000175737717836
Q106935473	6000000000060063487
Q106935479	6000000175737827829
Q106935577	6000000003289666022
Q106935580	6000000003262117867
Q106935621	6000000003289612036
Q106935624	6000000003289649071
Q106935627	6000000003289663078
Q106935629	6000000003296119858
Q106936031	287105939500001906
Q106936406	6000000173563144554
Q106936901	6000000012744056232
Q106937166	6000000021386633875
Q106938119	6000000014443544251
Q106938139	6000000019775093920
Q106938157	6000000017221801134
Q106938939	6000000076590876868
Q106938947	6000000076614221864
Q106938952	6000000172743380893
Q1069399	6000000142900698924
Q106940829	6000000046186996138
Q106940896	6000000098246795497
Q106940932	6000000069777675998
Q106940967	6000000007014468926
Q106940968	6000000017965188045
Q106941955	5278559252470047095
Q106944	6000000042484644290
Q106944895	6000000003188470612
Q106945281	6000000175758024846
Q106945494	6000000028311571713
Q106945495	6000000028997724011
Q106946944	6000000010331090268
Q106946955	6000000017732416159
Q106948806	6000000176306657872
Q106949	6000000000540888678
Q106949317	6000000020548662006
Q106949967	6000000017240702159
Q106950274	6000000207956195867
Q106950344	6000000017240702172
Q106950919	6000000015732876047
Q106950946	6000000019116283308
Q106954439	6000000000715081043
Q106954441	6000000000715078178
Q106954465	6000000006290768126
Q106956215	6000000010113994401
Q106956372	6000000069696537946
Q106956545	6000000019278614928
Q106956910	6000000145857111023
Q106956978	6000000017415253062
Q106957013	6000000018236735538
Q106957749	6000000001657347770
Q106957751	6000000001657351045
Q106957755	6000000002088187878
Q106957756	6000000001182270712
Q106957759	6000000001657347374
Q106957761	6000000001657352813
Q106957762	6000000001181713345
Q106957763	6000000001657347860
Q106957764	6000000002325946489
Q106957765	6000000002325709615
Q106957766	6000000001182642148
Q106957769	6000000001657363374
Q106957770	6000000002053573003
Q106957771	6000000001657363367
Q106957873	6000000001657351199
Q106958854	6000000001657351208
Q106958866	6000000001182608596
Q106958867	6000000001657347397
Q106958869	6000000001128492231
Q106958884	6000000002053373599
Q106958887	6000000175782396821
Q106958893	6000000002053557094
Q106959032	6000000001657347734
Q106959035	6000000001657347636
Q106959037	6000000001657351126
Q106959434	6000000175783333895
Q106959435	6000000175781978848
Q106959614	6000000175362679906
Q106959617	6000000194301288862
Q106960616	6000000017563083934
Q106961515	6000000050233003429
Q106961525	6000000050233769926
Q106961540	6000000050265538854
Q106961639	6000000050234061089
Q106961643	6000000050234110955
Q106962438	6000000008251528260
Q106962946	6000000166438429875
Q106963822	6000000046858495952
Q106964361	6000000003051319646
Q106964972	6000000012769934130
Q106966	6000000041073581850
Q106967217	6000000044220328883
Q106967223	6000000028794749488
Q106967411	6000000007044804467
Q106967423	6000000175804228898
Q106967424	6000000175804036856
Q106967425	6000000175803732913
Q106967431	6000000175804319867
Q106967432	6000000175804899823
Q106967434	6000000175804029880
Q106967458	6000000001134111403
Q106967459	6000000175805095825
Q106967465	6000000003393022366
Q106967467	6000000003454405828
Q106967468	6000000175805093821
Q106967548	6000000010554858379
Q106967620	6000000046506215187
Q106967621	6000000010554388224
Q106967623	6000000148089216328
Q106967625	6000000148090595835
Q106967645	6000000048396676946
Q106967646	6000000048395505484
Q106967666	6000000048396112906
Q106967667	6000000048396310822
Q106967684	6000000048396298844
Q106967741	6000000007377214175
Q106967747	6000000009359970855
Q106967752	6000000011030070534
Q106967758	6000000000953299998
Q106967837	6000000011038183362
Q106967853	6000000011028338837
Q106968366	6000000175806639821
Q106968504	6000000017928745386
Q106969300	6000000040362528918
Q106970401	6000000021412171455
Q106970762	6000000006596909416
Q106970769	6000000003727304323
Q106970785	6000000003727247803
Q106970793	6000000003747643567
Q106971730	6000000034656189322
Q106971921	6000000001187994828
Q106973338	6000000034656109667
Q10697426	6000000174535973718
Q106974776	6000000014687057834
Q106975074	6000000000628578889
Q106975200	6000000056337851130
Q106975282	6000000037084334709
Q106975366	6000000036490332713
Q106975485	6000000022410819279
Q106975498	6000000022410564547
Q106975913	6000000199323305831
Q106976042	6000000004829076710
Q106976099	6000000006002322820
Q1069768	6000000074746928373
Q106977632	6000000018958535178
Q106977665	6000000007014414285
Q106977671	6000000019115578940
Q1069778	6000000075062420849
Q106977822	6000000013455676392
Q106978005	6000000019115422893
Q106978044	6000000017928786281
Q106978078	6000000017927806612
Q106978137	6000000021412186652
Q106978200	6000000021412447302
Q106978342	6000000071706851971
Q106978481	6000000011080865323
Q106978483	6000000028795016746
Q106978487	6000000011080013460
Q106978491	6000000028794771092
Q106978499	6000000028794947465
Q106978582	6000000040974809345
Q106978589	6000000028794952487
Q106978714	6000000045872961847
Q106978743	6000000181880428851
Q106979038	6000000017374279257
Q106980	6000000042188615025
Q106980791	6000000030648156811
Q106980949	6000000175833056840
Q106980963	6000000175828780837
Q106980964	6000000059515360858
Q106980965	6000000059499068836
Q106981018	6000000071237339477
Q106981054	6000000031800469966
Q106981077	6000000014947211666
Q106981889	6000000014129266117
Q106982453	6000000022332281624
Q1069833	6000000163394113866
Q1069841	6000000020011296401
Q1069850	6000000133376505892
Q106985904	6000000009636095254
Q106986028	6000000034478026095
Q106986664	6000000000172438881
Q106987720	6000000003719354607
Q106987721	6000000003709292297
Q106988	6000000036603957635
Q106988945	6000000022259823387
Q106988946	6000000175841738829
Q106988947	6000000022259846468
Q106988952	6000000022259775460
Q106988960	6000000022259823310
Q106988976	6000000175842167829
Q106988977	6000000175842142824
Q106988981	6000000022250997425
Q106989018	6000000015405385019
Q106989047	6000000022258159806
Q106989050	6000000022265712003
Q106989052	6000000022259960890
Q106989056	6000000022265687944
Q106989254	6000000006962848294
Q106989333	6000000121180369827
Q106989473	6000000003074808613
Q106989485	6000000029845322066
Q1069897	6000000143095441821
Q106992236	6000000026032168976
Q106992482	6000000175849507005
Q106992486	6000000175854323848
Q106992536	6000000175854448846
Q106992545	6000000175850029952
Q106992566	6000000012773502194
Q106992568	6000000022783147761
Q106992569	6000000034952248863
Q106992571	6000000034647371310
Q106992573	6000000022783261622
Q106992574	6000000022783412081
Q106992582	6000000022783226738
Q106992583	6000000022783412095
Q106992584	6000000034646959095
Q106992588	6000000034951797555
Q106992590	6000000034951991361
Q106992592	6000000034952002241
Q106992595	6000000034952142104
Q106993224	6000000014804717128
Q106993228	6000000014804725884
Q106993230	6000000014804725904
Q106993237	6000000067511152897
Q106993239	6000000067511272832
Q106993274	6000000030663084555
Q106993275	6000000001435366235
Q106993302	6000000030663131420
Q106993303	6000000030663246235
Q106993305	6000000063210863006
Q106993306	6000000063210931917
Q106993320	6000000014804915586
Q106993321	6000000053904817950
Q106993398	6000000019103051951
Q106993401	6000000031883102811
Q106993406	6000000019103527039
Q106993411	6000000019103529189
Q106993412	316311693960001834
Q106993416	6000000019103513388
Q106993424	6000000018735486725
Q106993534	6000000002992971194
Q106993538	6000000078317768855
Q106993546	6000000002992577766
Q106993569	6000000000162148094
Q106993572	6000000002340680370
Q106993575	6000000002340784423
Q106993578	6000000002401447703
Q106993650	6000000011390552021
Q106996	6000000008288933171
Q1069965	6000000042735995196
Q106997	6000000005034223426
Q106998	6000000046373288172
Q106998030	6000000016710370195
Q107000	6000000005411959704
Q107001499	6000000030821480111
Q107002	6000000001877544347
Q107002047	6000000002557907401
Q107002179	6000000006988989136
Q107002362	6000000016340706905
Q107002556	6000000014575019014
Q107002628	6000000027265628308
Q107002671	6000000207186149822
Q107002689	6000000021539785517
Q107002910	6000000064296145368
Q107003064	6000000022421730594
Q107003261	6000000011306970641
Q107003376	6000000036722745946
Q107003404	6000000010301709038
Q107003422	6000000009267028855
Q107003864	6000000024101623506
Q107004133	6000000018175300809
Q107004440	6000000018175300804
Q107004504	6000000018004138817
Q107004554	6000000019316368452
Q107006388	6000000001030803227
Q107006843	6000000007211275783
Q107007	6000000018910034325
Q107007109	6000000185009663841
Q107007139	6000000194162454821
Q107007399	6000000041267281891
Q107008031	6000000194162679896
Q107008036	6000000033258211005
Q107008047	6000000034622111127
Q107008048	6000000034620150777
Q107008049	6000000040324695159
Q107008133	6000000026891001932
Q107008171	6000000012997100195
Q107009563	6000000076841688956
Q107009566	6000000076841575075
Q107009571	6000000076841473275
Q107009574	6000000028997221263
Q107009589	3964501944890044442
Q107009595	6000000004344471309
Q107009597	3965179379620078593
Q107009600	6000000000635656706
Q107009676	6000000014154418751
Q107009677	6000000014142088348
Q107009680	6000000014142136026
Q107009681	6000000014141777969
Q107009682	6000000014153991707
Q107009683	6000000028997833254
Q107009684	6000000028997321524
Q107009694	6000000028819172053
Q107009705	6000000028819236838
Q107009706	6000000024998226830
Q107009727	6000000028997630906
Q107009731	6000000028997779240
Q107009739	6000000028963438945
Q107009749	6000000028321803421
Q107010	6000000017932665080
Q107010446	6000000015513218506
Q107011123	6000000024269710071
Q107011245	6000000004096734861
Q107011916	6000000173894312233
Q107011922	6000000173893427727
Q107011961	6000000173863530995
Q107011995	6000000173893885245
Q107012000	6000000173893801409
Q107012028	6000000000801617206
Q107012041	6000000005418546803
Q107012043	6000000005418913029
Q107012044	6000000005414495201
Q107012046	6000000005414539041
Q107012049	6000000005396498696
Q107012055	6000000000801699081
Q107012068	6000000005360106001
Q107012069	6000000005355068704
Q107012075	6000000015736816283
Q107012091	6000000005375741002
Q107012104	6000000084501988174
Q107012219	6000000175900363854
Q107012223	6000000175895828017
Q107012252	6000000000111948646
Q107012303	6000000175900947824
Q107012307	6000000175901171827
Q107012309	6000000175900825854
Q107012310	6000000175899108980
Q107012371	6000000024934265183
Q107012406	6000000024933581692
Q107012533	6000000134088235952
Q107012650	6000000036723031821
Q107013517	6000000172228020638
Q107014490	6000000029958878174
Q107014572	6000000004273953865
Q107014942	6000000113894179872
Q107014942	6000000119925195838
Q107015379	6000000068496528911
Q107017756	6000000008661035336
Q107017758	6000000008660971861
Q107017783	6000000011605805012
Q107017784	6000000013756250309
Q107018483	6000000001973728129
Q107021727	6000000007862484720
Q107021727	6000000053782926974
Q107022326	6000000002764431883
Q107022605	6000000008532743607
Q107022651	6000000023837369941
Q107022703	6000000020368921657
Q107022728	6000000138754468235
Q107022741	6000000013444438970
Q107022746	6000000073415348947
Q107022747	6000000041558893471
Q107023583	6000000009450814365
Q107024802	6000000029607018286
Q107025	6000000179669800821
Q107025150	6000000174555042235
Q107025559	6000000045234115952
Q107026017	6000000025428807689
Q107026019	6000000025429490531
Q107026101	6000000018375961129
Q107026102	6000000018370809807
Q107026127	6000000041138342102
Q107026242	6000000009699453605
Q107026255	6000000029747221392
Q107026258	6000000025349820295
Q107026259	6000000025349845317
Q107026268	6000000025350046516
Q107026272	6000000025251760174
Q107026273	6000000011182261903
Q107026283	6000000025343795042
Q107026285	6000000025350836840
Q107027279	6000000082700823897
Q107028265	6000000039262500519
Q107028278	6000000175948125858
Q107028280	6000000039262448439
Q107028282	6000000043355136088
Q107028360	6000000039263840287
Q107033	6000000036681655461
Q107036077	6000000017944757915
Q107037032	6000000009906834629
Q107038035	6000000013565217726
Q107039155	6000000025182361330
Q107039156	6000000025182857056
Q107039158	6000000025182684289
Q107039169	6000000025182322388
Q107039170	6000000025182371715
Q107039171	6000000025182941638
Q107039172	6000000025182439377
Q107039309	6000000084985973156
Q107039310	6000000025182997837
Q107039312	6000000025182953865
Q107039337	6000000025182723374
Q107039342	6000000025182639386
Q107039350	6000000025182638265
Q107039360	6000000025182887264
Q107039366	6000000025182289764
Q107039376	6000000025182847155
Q107040246	6000000078557329117
Q107041407	6000000000336375530
Q107041415	6000000037762767102
Q107041475	6000000006930602715
Q107041532	6000000007418205543
Q107041715	6000000020668994348
Q107041720	6000000172904010852
Q107041721	6000000023128064241
Q107041730	6000000023099908411
Q107041732	6000000023128363909
Q107041736	6000000023128053373
Q107041796	6000000058540609935
Q107041797	6000000058540612907
Q107041805	6000000010462709265
Q107041811	6000000017471262232
Q107041919	6000000015766778226
Q107041989	6000000099935402822
Q107041992	6000000099758338843
Q107041997	6000000099758338835
Q107042001	6000000099758338839
Q107042131	6000000017784089065
Q107042133	6000000025182537524
Q107042134	6000000025182839176
Q107042299	6000000019921590389
Q107043314	6000000020602080767
Q107044210	6000000074333330953
Q1070444	6000000028787484246
Q107044462	6000000006938327421
Q107049349	6000000025386193510
Q107049644	6000000076165819958
Q107050	6000000022757169393
Q107054983	6000000007802817058
Q107055407	6000000000653774280
Q107055408	336665345960013484
Q107055410	336664981560013489
Q107055411	380111157300012053
Q107055413	378127445160004394
Q107055415	378096079810011319
Q107055425	378105129120013975
Q107055426	6000000060023194273
Q107055427	378097564460004396
Q107055430	6000000043276818056
Q107055432	6000000047970311828
Q107055434	6000000043303756054
Q107055435	6000000043303516612
Q107055649	6000000018790692222
Q107055652	6000000018790389660
Q107055654	6000000018790695227
Q107055655	6000000018790102758
Q107055670	6000000016223340746
Q107055672	6000000008032433570
Q107055686	6000000172900789104
Q107055739	6000000172900488483
Q107055744	6000000172901243169
Q107055751	6000000172900619599
Q107055800	875725
Q107055801	6000000107624243821
Q107055802	875813
Q107055804	6000000075959892581
Q107056	6000000020215837611
Q107056053	6000000130773326018
Q107056054	875786
Q107056055	6000000075662094745
Q107056056	6000000075663104965
Q107056057	6000000075662416606
Q107056058	6000000173842814211
Q107056059	6000000075662660312
Q107056061	6000000104954624828
Q107056062	6000000104954624838
Q107056063	6000000104954624849
Q107056064	6000000020627781204
Q107056066	6000000020627776406
Q107056135	6000000172904121116
Q107056138	6000000054941559923
Q107056139	6000000058194546912
Q107056142	6000000058194320032
Q107056143	6000000058194643852
Q107056144	6000000058194664856
Q107056145	6000000004005354708
Q107056147	6000000000484637633
Q107056148	6000000058194075268
Q107056602	6000000049296304910
Q107057	6000000017421792812
Q107060	6000000011042672355
Q107061944	6000000033669413167
Q107061989	6000000168833728429
Q107062002	6000000015596493337
Q107063970	6000000038260235468
Q107064	6000000184478782855
Q107064118	6000000000769916320
Q107064209	6000000016115966219
Q107064210	6000000000426698170
Q107064214	6000000001432602639
Q107064217	6000000002977023601
Q107064616	6000000048759423851
Q107064994	6000000001827628285
Q107065368	6000000107451666018
Q10706643	6000000013352032755
Q1070665	6000000020388594831
Q1070668	6000000001383004837
Q107068	6000000004571259071
Q107069	6000000021673504276
Q107069479	6000000022265735004
Q107069480	6000000022265555415
Q107069533	6000000022251043234
Q107069536	6000000007200262234
Q107069540	6000000007200262272
Q107069542	6000000007200099400
Q107069595	6000000000447213064
Q107069611	6000000013281550932
Q107069714	6000000176037176857
Q107069736	6000000022265574410
Q107069793	6000000176038893823
Q107069857	6000000022265647180
Q107069859	6000000022265656255
Q10707	6000000105431852967
Q107070061	6000000027240922749
Q1070701	6000000023188595255
Q107070223	6000000021968157487
Q107070337	6000000003192299287
Q107070340	6000000009487787931
Q107070342	6000000003217474387
Q107070343	6000000010299857175
Q107070358	6000000003217476821
Q107070359	6000000036033577755
Q107070360	6000000003217521217
Q107070362	6000000003218804711
Q107070363	6000000102357252871
Q107070410	6000000007230770496
Q107070412	6000000030457609280
Q107070413	6000000030457375330
Q107070419	6000000030272708299
Q107070420	6000000030272649561
Q107070422	6000000030272700304
Q107070423	6000000030272947871
Q107070439	6000000011533238817
Q107070445	6000000007013076970
Q107070447	6000000007013069755
Q107070504	6000000011812569341
Q107070535	6000000005408810796
Q107070536	6000000005408566822
Q107070537	6000000011534590801
Q107070556	6000000010047125046
Q107070568	6000000002494312244
Q107070638	6000000000586330256
Q107070728	6000000011155404814
Q107070729	6000000007013306468
Q107070762	6000000020547734082
Q107070806	6000000005408810807
Q107070809	6000000034450138321
Q107070836	6000000020546763743
Q107070858	6000000005402919733
Q107070859	6000000003688242699
Q107070916	6000000003688235502
Q107071005	6000000003558532509
Q107071159	6000000003688274261
Q107071260	6000000003688155698
Q107071261	6000000003688293662
Q107071385	6000000003684167724
Q107071468	6000000003683686293
Q107071489	6000000003708170028
Q107071491	6000000003558493672
Q107071494	6000000003683717269
Q107071495	6000000003683593232
Q107071518	6000000003684347700
Q107071581	6000000003387082305
Q107071582	6000000008223078281
Q107071585	6000000003387082311
Q107071587	6000000003813037640
Q107071589	6000000003812995575
Q107071590	6000000003699233714
Q107071608	6000000011502014071
Q107071610	6000000011502124902
Q107071611	6000000008451624358
Q107071612	6000000008451588995
Q107072051	6000000003192698622
Q1070724	6000000002807558236
Q10707296	6000000040596530354
Q107073533	372958422120011458
Q107073972	6000000007549804913
Q107074127	6000000077152579266
Q107074585	6000000000027743449
Q107074595	6000000000298932312
Q107074596	6000000009295605751
Q1070746	6000000047727977826
Q107074628	6000000000028566024
Q107074629	6000000009520747116
Q107074630	6000000009447496178
Q107074632	6000000009447506107
Q107074634	6000000000393706298
Q107074691	6000000002199626005
Q107074700	6000000011020987258
Q107074701	6000000001546209978
Q107074704	6000000005072152795
Q107074720	6000000019373609760
Q107074725	6000000020213025020
Q107074726	6000000025768165346
Q107075	6000000012043027579
Q107075201	6000000004309948615
Q1070753	6000000011895910303
Q107075697	3931057875640036258
Q107075702	6000000004557827781
Q107076236	288785389170007828
Q107076243	288786240340004686
Q107076244	288786250830005346
Q107076260	288787147800008767
Q107076264	288787287550003456
Q107076266	288787543300005354
Q107076267	4295437651460030295
Q107076269	4030590854330011112
Q107076270	4295444695020030432
Q107076275	288785742940003438
Q107076276	288840206070008728
Q107076281	288830687780004807
Q107076324	4294998139000054637
Q107076329	4294995556230067356
Q107076353	4295008123230051551
Q107076358	288832831590006461
Q107076427	288828823200007837
Q107076475	4297368709070067591
Q107076516	4295464686520042237
Q107079	4743454
Q107080907	6000000024988047316
Q107080926	6000000173839551218
Q1070811	6000000042834605752
Q107082	6000000034722940433
Q1070829	6000000008734997647
Q10708291	6000000016176667646
Q107084224	6000000012957289982
Q107084361	6000000018222522028
Q107084362	6000000015666382924
Q107084365	6000000034621749450
Q10708521	6000000014774319124
Q107085769	6000000001460270440
Q107085770	6000000001459862702
Q107085772	6000000006938241756
Q107085773	6000000006938241751
Q107085774	6000000001759050502
Q107085775	6000000001759050509
Q107085779	6000000011461742498
Q107085781	6000000011461196900
Q107085782	6000000011461883889
Q107085784	6000000001699557891
Q107085785	6000000001699557899
Q107085786	6000000011461228876
Q107085788	6000000008832477987
Q107085789	6000000008832421937
Q107085790	6000000008832623515
Q107085792	6000000008852779571
Q107085793	6000000008852720706
Q107085799	5717888619230020415
Q107085800	6000000000262229346
Q107085802	6000000001699581866
Q107085803	5717829127250123109
Q107085805	5522528623100132119
Q107085806	5430953421110032535
Q107085811	5433369332650133105
Q107085812	6000000000262286095
Q107085845	6000000007410678221
Q107085846	6000000007410246815
Q107085849	6000000007547834356
Q107085850	6000000007548074665
Q10708586	6000000088667371112
Q107085940	6000000001246422271
Q107085941	6000000001246362419
Q107086197	6000000004043803686
Q107086392	6000000025118386131
Q10708726	6000000019347714036
Q107087609	6000000008805340278
Q107087839	6000000130248399823
Q107088738	6000000019898973442
Q107088770	6000000017285022986
Q1070888	6000000029246221756
Q107088836	6000000015701444855
Q10708909	6000000173738462903
Q107089523	6000000015777651200
Q107089527	6000000010108780460
Q107089548	6000000010108210741
Q107089659	6000000078345159664
Q107090067	6000000036642610834
Q107090212	6000000202508349825
Q10709067	6000000031589921880
Q10709223	6000000080553972316
Q107092722	6000000021560186162
Q107092877	6000000173841427917
Q107094033	6000000019494608595
Q107096200	6000000005253077419
Q107096461	6000000007602557983
Q107096505	6000000007603107203
Q107096549	6000000008198668274
Q107096603	6000000007602824702
Q107096894	6000000007602640989
Q107097061	6000000007603062348
Q107097073	6000000003682767816
Q107097087	6000000078079865842
Q10709718	6000000064114476823
Q107097293	6000000176106558893
Q107097298	6000000176106908894
Q107097304	6000000068137072825
Q107097321	6000000068136833838
Q107097523	6000000023163155659
Q107097525	6000000036032728048
Q107097527	6000000036033349358
Q107097536	6000000023165120920
Q107097537	6000000036034368051
Q107097596	6000000036034302158
Q107097599	6000000057097089996
Q107097601	6000000040942249352
Q107097602	6000000040943904845
Q107097633	6000000062706338447
Q107097634	6000000062706959009
Q107097635	6000000029120967995
Q107097636	6000000062720354834
Q107097638	6000000062707024976
Q107097639	6000000062706893041
Q107097771	6000000105880341839
Q107097773	6000000105879471058
Q107097778	6000000105880821960
Q107097779	6000000105880839977
Q107097922	6000000181041455851
Q107098120	6000000015426110308
Q107098136	6000000163422992826
Q107098431	6000000029800749978
Q10709925	6000000120270575829
Q107099930	6000000205904975832
Q107102390	6000000178828232873
Q107102400	6000000015525790372
Q10710256	6000000018079390010
Q1071031	6000000052680124496
Q107103240	6000000014298736175
Q107103272	6000000000296700283
Q107103281	6000000000296707051
Q107103283	6000000000296717398
Q107104006	6000000050901883755
Q107104030	6000000017226164045
Q107104066	6000000008439459856
Q107104070	6000000000437825290
Q107104071	6000000004078296331
Q107104072	6000000002402067200
Q107104073	6000000042490386364
Q107104077	6000000001657807511
Q107104110	6000000003743831261
Q107104112	6000000007345404416
Q107104116	3309089
Q107104123	6000000015988744508
Q107104144	6000000003743766962
Q107104145	6000000003692915562
Q107104147	6000000005745248429
Q107104165	6000000003693028017
Q107104167	6000000001212918094
Q107104169	6000000008260491002
Q107104170	6000000006802978010
Q107104239	6000000000111885294
Q107104241	6000000003490631144
Q107104257	6000000000629132791
Q107104282	6000000000688999533
Q107104336	6000000008369935735
Q107104353	6000000012905565370
Q107104360	6000000006947342782
Q10710467	6000000047376287821
Q107104741	6000000026351909061
Q107104805	6000000147075876924
Q10710657	6000000077366831194
Q107107748	6000000022161941990
Q1071082	6000000135292450943
Q107109293	6000000020517370731
Q107110545	6000000172167931846
Q107110845	6000000083822773157
Q107110870	6000000083822403267
Q107112292	6000000016601558301
Q107113879	6000000018656798590
Q107114016	6000000008416554404
Q107114018	6000000005929454219
Q107114019	6000000006120758089
Q107114020	6000000009608539266
Q107114022	5124366677750072182
Q107114023	6000000008248491293
Q107114026	6000000003607813327
Q107114027	6000000008573818715
Q107114029	4881019761650020191
Q107114030	6000000022865461180
Q107114042	6000000023087422043
Q107114042	6000000047778322913
Q107114243	6000000008511533337
Q107114247	6000000026695015725
Q107114251	6000000026695416232
Q107114254	6000000007251925952
Q107114257	6000000007252027302
Q107114260	6000000011612550453
Q107114264	6000000006100444135
Q107116680	6000000040847817089
Q107116834	6000000003681351960
Q107118016	6000000004566607293
Q107118163	6000000022184817943
Q107118578	6000000046251617857
Q107119164	6000000064419862100
Q107119285	6000000015775456737
Q107119578	6000000224339994843
Q107120216	6000000004693064165
Q107120416	6000000017323815789
Q107120464	6000000179423728833
Q107120698	6000000000220900990
Q107120743	6000000056434675179
Q107120744	6000000056435166859
Q107120746	302600473820005605
Q107120748	6000000002997819996
Q107120945	6000000004693144021
Q107121924	6000000078899276102
Q10712343	6000000028408512170
Q107123829	6000000027898899689
Q107124104	6000000180535902841
Q107124147	6000000180536192843
Q107124220	6000000006099863034
Q107124305	6000000014277901167
Q107124385	6000000017198326099
Q107124434	6000000014282310372
Q107124548	6000000002177416091
Q107124909	6000000015608926617
Q107125188	6000000024332778407
Q107125192	6000000024332878871
Q107125193	6000000050930927925
Q107125195	6000000042451525998
Q107125197	6000000024332434618
Q107125199	6000000042451515976
Q107125200	6000000074996864824
Q107125201	6000000050930593897
Q107125202	6000000074995736218
Q107125204	6000000024332892854
Q107125205	6000000042451460985
Q107125206	6000000023360072220
Q107125254	6000000032633607947
Q107125261	6000000038027145898
Q107125262	6000000032633558959
Q107125263	6000000093843945884
Q107125265	6000000093843358975
Q107125269	6000000093849438821
Q107125270	6000000093849142866
Q107125272	6000000093875072915
Q107125273	6000000093872205449
Q107125290	6000000039495699443
Q107125292	6000000039496168064
Q107125296	6000000008395729489
Q107125297	6000000008395943297
Q107125423	6000000052236341833
Q107125427	6000000012517893535
Q107125551	6000000176167113885
Q107125569	6000000025485123876
Q107125676	6000000004068540885
Q107125678	6000000014505745039
Q107125679	6000000010483054240
Q107125680	6000000004068522230
Q107125681	6000000003939398908
Q107125683	6000000003939398794
Q107125714	6000000007418373039
Q107125760	6000000089712754880
Q107125833	6000000023841153818
Q107125853	6000000023841790868
Q107125854	6000000023842410372
Q107125855	6000000023842614979
Q107125856	6000000006573854900
Q107125857	6000000005800098381
Q107125861	6000000006444441706
Q107125867	6000000003939398256
Q107125872	6000000002930988649
Q107125874	6000000004630571323
Q107126035	6000000004351685575
Q107126036	6000000003221622237
Q107126037	6000000007601389574
Q107126093	6000000003075808921
Q107126137	6000000008707130289
Q107126182	6000000008707067108
Q107126184	6000000004036376221
Q107126185	6000000006434846288
Q107126186	6000000001522973490
Q107126187	6000000001522971486
Q107126224	6000000004592999714
Q107126225	6000000003200292893
Q107126226	6000000002656233005
Q107126559	6000000033939455058
Q107127422	6000000007744739734
Q107128956	6000000174609036960
Q107130439	6000000016829241916
Q107130447	6000000019854584384
Q107130450	6000000031265285043
Q107130451	6000000031264133796
Q107130453	6000000016829538118
Q107130454	6000000016829413885
Q107130455	6000000031264087897
Q107130457	6000000016829241778
Q107130466	6000000016829291870
Q107130467	6000000016829566170
Q107130468	6000000016829483900
Q107130481	6000000016829518435
Q107130482	6000000167396591137
Q107130483	6000000016829942063
Q107130489	6000000026078101717
Q107130490	6000000026078292776
Q107130501	6000000008317288563
Q107130703	6000000003456110049
Q107130704	6000000004860757950
Q107130771	6000000083378618408
Q107130772	6000000083378155048
Q107130773	6000000003454570549
Q107131559	6000000176178414822
Q107131582	6000000176178420822
Q107131649	6000000083476786958
Q107131653	6000000083476354261
Q107131655	6000000083476658918
Q107131660	6000000083476580275
Q107131664	6000000083476466853
Q107131785	6000000012257490361
Q107131801	6000000013217781477
Q107131806	4253078712760063746
Q107131950	6000000176176947951
Q107131951	6000000022535950903
Q107131952	4744770052620031440
Q107131954	6000000013016617913
Q107131961	6000000176179094829
Q107131962	6000000043087206673
Q107131979	6000000013016629377
Q107132008	4744770010400039130
Q107132009	4744786362400039418
Q107132010	6000000000735551994
Q107132036	4744786467740031445
Q107132081	5155875779060121695
Q107132085	6000000029656770419
Q107132087	6000000020867020992
Q107132088	6000000041317368106
Q107132090	2400196
Q107132091	6000000017633002498
Q107132092	6000000017632955821
Q107132093	6000000041317209528
Q107132097	6000000000464271805
Q107132109	6000000003949653441
Q107132111	6000000003949653454
Q107132112	5155873216800025217
Q107132146	6000000029656991191
Q107132154	6000000013619370646
Q107132156	6000000013619422528
Q107132159	6000000029658581001
Q107132161	6000000029658350313
Q107132162	6000000029658564024
Q107132167	6000000029657136954
Q107132168	6000000029657110936
Q107132194	6000000176381737822
Q107133	6000000023855482613
Q107133245	6000000078425826050
Q107133259	6000000007417400077
Q107135014	6000000013030660782
Q107135017	6000000013030512998
Q107135019	6000000013030723429
Q107135021	6000000004588035543
Q107135022	6000000000456664459
Q107135024	6000000000795197450
Q107135026	6000000003221414374
Q107135028	6000000000795023991
Q107135091	6000000013030282112
Q107135093	6000000022479893037
Q107135095	6000000017360933876
Q107135097	6000000017360993802
Q107135099	6000000002275914490
Q107135100	6000000003243274615
Q107135102	6000000003243274408
Q107135676	6000000036715976579
Q107135766	6000000013649240950
Q107135768	363066900030004798
Q107135770	6000000012228849109
Q107135772	6000000001813583041
Q107135786	6000000006419272312
Q107135788	3150933
Q107135887	6000000015884668436
Q107135889	6000000015884599727
Q107135892	6000000084216779016
Q107135893	6000000084217289849
Q107135895	6000000043254123426
Q107135897	6000000009544106398
Q107135898	6000000002545837740
Q107135988	6000000000320727555
Q107136131	6000000001515984201
Q107136152	6000000000908876423
Q107136160	6000000001516045136
Q107136638	6000000123752348833
Q107136804	6000000165621005093
Q107137024	6000000165621474849
Q107137283	6000000165620215343
Q107137355	6000000165621128015
Q107138484	6000000016361775187
Q107138486	6000000011581522047
Q107138487	6000000011592048264
Q107138489	6000000102703599927
Q107138490	6000000102703628821
Q107138491	6000000029977609463
Q107138567	6000000119037940821
Q107138576	6000000018261746476
Q107138578	6000000018261715995
Q107138698	6000000017113996400
Q107138703	6000000017114130201
Q107138704	6000000017090590349
Q107139	6000000073629491194
Q107139302	6000000022891570229
Q107139303	6000000022891257478
Q107139305	6000000004993449830
Q107139312	6000000006348228241
Q107139313	6000000007417955804
Q107139316	6000000007418121342
Q107139336	6000000013239643310
Q107139338	6000000057676440046
Q107139339	345524407260013701
Q107139340	6000000007199530469
Q107139341	6000000003942557923
Q107139345	6000000111575676938
Q107139346	6000000009016394313
Q107139379	6000000011650256640
Q107139422	6000000022101352611
Q107139575	6000000014505637045
Q107139603	6000000003940827049
Q107139604	6000000003940824997
Q107139606	6000000003939694355
Q107139612	6000000052804433855
Q107139645	6000000002908942651
Q107139648	6000000012301871397
Q107139649	6000000012300887970
Q107139650	6000000023314072946
Q107139651	6000000006728062801
Q107139652	6000000003950116899
Q107139656	6000000000496467864
Q107139666	6000000024336826447
Q107140304	4355482646630029427
Q107140448	6000000015139960750
Q107140876	6000000001299359741
Q107140876	6000000081776719728
Q107142743	6000000055634171944
Q107143240	6000000147810880099
Q107144849	6000000135776817852
Q107145131	6000000076491732091
Q107145228	6000000003040025755
Q107145491	6000000013466638749
Q107145494	6000000001180249355
Q107145495	6000000005229619697
Q107145497	6000000005229672377
Q107145499	6000000013467084289
Q107145518	6000000022382068575
Q107145577	6000000008380960044
Q107145578	6000000000530501505
Q107145605	6000000008380922966
Q107145607	6000000007288355332
Q107145652	6000000020988838145
Q107145653	6000000020988942349
Q107145674	6000000001902477413
Q107145844	6000000001679099903
Q107145845	6000000006769073365
Q107145847	6000000001678399032
Q107145963	6000000006768913595
Q107145968	6000000006768616888
Q107145972	6000000000180738178
Q107146128	6000000000664540505
Q107146131	6000000001316402622
Q107146134	6000000005756356038
Q107146363	6000000015006691171
Q107146364	6000000022743551985
Q107146380	6000000052591503879
Q107146419	6000000006348492301
Q107146421	6000000019403631312
Q107146423	6000000004576140810
Q107146425	6000000010383938713
Q107146432	6000000005961877282
Q107146439	328997198080001495
Q1071465	6000000003875382260
Q107147045	6000000004593033046
Q107147047	6000000004592999088
Q107147048	6000000002649868314
Q107147049	6000000006444432119
Q107147052	6000000056528521945
Q107147054	6000000002977241322
Q107148161	6000000007910724450
Q107148653	5228234236580080831
Q107148656	6000000006419450781
Q107148657	6000000005751084016
Q107148658	6000000006419450981
Q107148663	6000000002007137506
Q107148701	6000000005750904405
Q107148703	6000000005750940244
Q107148704	6000000008963612540
Q107148705	6000000001865056607
Q107148706	6000000001865095486
Q107148710	6000000012961917148
Q107148711	6000000006110871405
Q107148712	6000000006175657703
Q107148719	6000000006419450791
Q107148722	6000000013685351656
Q107148725	6000000006289967980
Q107148747	6000000006419454172
Q107148750	6000000002580394963
Q107148751	6000000000908056296
Q107148754	6000000003031083435
Q107148773	6000000006419454315
Q107148776	6000000019619299021
Q107148798	6000000007186382280
Q107148799	6000000007634600504
Q107148800	6000000000250526239
Q107148801	6000000005060090267
Q107148802	6000000010676747382
Q107148803	6000000000426814540
Q107148805	6000000001637079218
Q107148807	6000000001637072511
Q107148810	6000000000491123459
Q107148817	6000000000250580167
Q107148818	6000000000250580030
Q107148821	6000000003077247222
Q107148823	6000000003147013731
Q107148834	6000000000250584056
Q107148873	6000000007634669379
Q107148874	6000000016435159090
Q107148882	6000000005766605642
Q107148883	6000000004008159666
Q107148945	6000000007133007264
Q107148953	6000000006907186276
Q107148960	6000000006907124643
Q107148961	6000000006907098493
Q107148962	6000000001578785327
Q107148963	6000000008230006687
Q107148968	6000000001563400411
Q107148976	6000000006907133057
Q107148977	6000000006907098827
Q107148978	6000000006907062815
Q107148979	6000000003076625968
Q107149	6000000014545661287
Q107149040	6000000006912098652
Q107149044	6000000006912444002
Q107149049	6000000059152474019
Q107149053	6000000006912268256
Q107149467	6000000010009951144
Q107149469	6000000000044728492
Q107149508	6000000106854416129
Q107149511	6000000003109668813
Q107149512	6000000002373797336
Q107149640	6000000003484801168
Q107149646	6000000003939542179
Q107149647	6000000003937951837
Q107149650	6000000003939542186
Q107149657	6000000003939542165
Q107149658	6000000003938331449
Q107149659	6000000011650536794
Q107149663	6000000011650812753
Q107149880	6000000013031368048
Q107149969	6000000002799125920
Q107149974	6000000002799102892
Q107149994	6000000002974177028
Q107150016	6000000006837354463
Q107150676	6000000014102171355
Q10715081	6000000035727527931
Q10715104	6000000010189100932
Q107151062	6000000133452848846
Q107151143	6000000010791620907
Q107151145	6000000010650017997
Q107151146	6000000010649013123
Q107151149	6000000017131881167
Q107151152	6000000000293439445
Q107151153	6000000006444417943
Q107151155	6000000000293439274
Q107151163	6000000010791620930
Q107151164	6000000017926433851
Q107151165	6000000029089783624
Q107151167	6000000006412899191
Q107151168	6000000001239074607
Q107151506	6000000000896620852
Q107151509	6000000032057071961
Q107151513	6000000006933141119
Q107151722	6000000029736674399
Q107151728	6000000001816947268
Q107151739	6000000006719738119
Q107151837	6000000086012478900
Q107151862	6000000008415604358
Q107151866	6000000008415683202
Q107151883	6000000029736505500
Q107153648	6000000045823145947
Q1071537	6000000075329034048
Q107154523	6000000142733981836
Q107154525	6000000006903974091
Q107154526	6000000005354908001
Q107154642	6000000041000850311
Q107154708	6000000015295362873
Q107154767	6000000035069242671
Q1071559	6000000074747469852
Q107156602	6000000175734769827
Q107157243	6000000035459387229
Q107157666	6000000042928094870
Q1071582	6000000074790323009
Q107158529	6000000039186105581
Q1071591	6000000075329172008
Q107159255	4423504486270022491
Q107159257	4423502623460026012
Q107159258	6000000009097142300
Q107159259	4423500787030074693
Q107159262	6000000017828302829
Q107159263	6000000017828345921
Q107159269	6000000001533135046
Q107159271	6000000053700726887
Q107159272	6000000026782078614
Q107159274	6000000002775102251
Q107159277	6000000017828441149
Q107159281	6000000033536294001
Q10716	6000000018660695144
Q107160	6000000068576149955
Q107160262	6000000176227546848
Q107160359	6000000009584299569
Q107160364	6000000009584354460
Q107160368	6000000009584379076
Q107160369	6000000009584420640
Q107160390	6000000009584254696
Q107160392	6000000009584324661
Q107160469	6000000082417150189
Q107160505	6000000009583698141
Q1071618	6000000074790367344
Q1071625	6000000075334052926
Q1071631	6000000075334028022
Q1071639	6000000009822234290
Q107163922	6000000027098643355
Q1071647	6000000075346387832
Q107165	6000000080653182905
Q107165170	6000000018259695475
Q107165455	6000000104319467821
Q107165619	6000000000527035257
Q107166572	6000000007014434609
Q107166951	6000000184014015911
Q107166963	6000000174473112888
Q107167074	6000000118878966840
Q107167610	6000000025845716246
Q107167869	6000000179569113821
Q107168128	6000000130997161852
Q1071684	6000000067817723862
Q107169953	6000000179979362838
Q107170052	6000000007283421704
Q107170208	6000000000269370430
Q1071709	6000000050651939932
Q1071718	6000000074748976978
Q107172082	6000000026751209718
Q107172089	6000000020774040457
Q107172252	6000000017041741084
Q107172261	388496827890007477
Q107172262	6000000018037404420
Q107172268	6000000023297179949
Q107172269	382517582600012342
Q107172270	388487014750012507
Q107172282	388489164990007505
Q107172283	388489342960002015
Q107172284	6000000077341452139
Q107172285	6000000077340488525
Q107172374	6000000036361767160
Q107173607	6000000015169750021
Q107173731	6000000068669923899
Q107173855	6000000030161523043
Q107173866	6000000025752809981
Q107174594	6000000024461033609
Q107175894	6000000038994412846
Q107176123	6000000012361476396
Q1071769	6000000009661880111
Q107178111	6000000008149970801
Q1071782	3254571
Q107178446	6000000077915534017
Q107178447	6000000008150137827
Q107179480	6000000008112158605
Q107181	6000000038561749821
Q107181485	6000000017124764391
Q107182182	6000000017905630300
Q107182190	6000000007283421255
Q107182311	6000000015694426419
Q107182312	6000000005586623628
Q107182314	6000000005586817953
Q107182315	6000000008833003043
Q107182316	6000000003221961465
Q107182320	6000000001959291575
Q107182326	6000000008832997252
Q107182327	6000000008833012004
Q107182328	6000000000630291805
Q107182330	6000000003939389540
Q107182331	6000000000630291816
Q107182332	6000000003939431300
Q107182415	6000000015694452286
Q107182424	6000000006440660159
Q107182468	6000000146814915862
Q107182476	6000000070390985227
Q107182520	6000000029919840868
Q107182525	6000000029919588281
Q107182545	6000000003088113607
Q107182608	6000000000435173311
Q107182669	6000000035028258301
Q107182725	6000000019028216632
Q107182873	6000000002954468437
Q107182874	6000000000426548818
Q107182877	6000000003878034268
Q107182878	6000000047366256017
Q107182879	6000000000426746292
Q107182880	6000000011760317200
Q107182881	6000000000426548865
Q107182891	6000000003878158542
Q107182892	6000000000902504022
Q107182895	6000000003878134122
Q107182896	6000000003878303505
Q107182897	6000000000141024397
Q107182929	6000000001413950693
Q107182930	6000000000550080936
Q107182934	6000000012923201199
Q107182936	6000000012923138015
Q107182937	6000000012923354442
Q107182938	6000000000426646280
Q107182940	6000000000426646266
Q107182979	6000000020409064160
Q107182980	6000000000426753864
Q107182981	6000000000426546709
Q107182982	6000000000550080286
Q107182988	6000000008935311324
Q107182995	366396485080013447
Q107182996	5013425376010074620
Q107183030	288520147720002612
Q107183031	6000000084672177747
Q107183032	6000000000130139587
Q107183033	6000000000550093696
Q107183164	6000000016373407820
Q107183261	6000000008441605095
Q107183262	6000000001383807160
Q107183269	6000000013185747373
Q107183270	6000000001363764697
Q107183577	6000000185513159072
Q107183714	6000000006205303150
Q107183715	6000000006205170316
Q107183716	6000000082729256831
Q107183724	6000000003538288207
Q107183725	6000000003538191437
Q107183733	4952758294090111813
Q107183737	6000000003866402688
Q107183738	6000000002943265541
Q107183739	4932681659180067798
Q107183740	6000000003866430371
Q107184051	6000000009827499957
Q107184054	6000000009827750417
Q1071841	6000000028379933623
Q107184214	6000000009827934208
Q107184223	6000000009827886277
Q107184224	6000000008289306829
Q107184234	6000000008289507573
Q107184235	6000000004261611127
Q107184237	6000000010027229032
Q107184238	6000000012949240213
Q107184239	6000000012949193394
Q107184240	6000000010041722137
Q107184241	6000000020577597066
Q107184243	6000000008089854550
Q107184244	6000000076240921821
Q107184245	6000000000482064356
Q107184247	6000000000482018737
Q107184339	6000000069207965150
Q107184353	6000000071654618912
Q107184355	6000000071656106891
Q107184361	6000000071655350873
Q107184362	6000000071654860862
Q107185192	6000000031788147618
Q107185840	6000000176630707980
Q107186450	6000000042600463116
Q107188	6000000024153659048
Q107189467	6000000015072797298
Q107189479	4298736273620031157
Q107189481	4298715242600043048
Q107189482	6000000011691505609
Q107189497	6000000015072802079
Q107189501	6000000015072804089
Q107189505	6000000011691647671
Q107189520	6000000010095384537
Q107189522	6000000015074011496
Q107189558	6000000011638238471
Q107189560	4298771982830031375
Q107189562	6000000011662701273
Q107189564	6000000003635039589
Q1071896	6000000059366157313
Q107189626	6000000011691437543
Q107189629	6000000015891283387
Q107189631	6000000015891564160
Q107189788	6000000016867676834
Q107189793	6000000016867666924
Q107189797	6000000016871332699
Q107189844	6000000016871472053
Q107189847	6000000016871461365
Q107189850	6000000016872224777
Q107189951	6000000176283356827
Q107190159	6000000052050132199
Q107190163	6000000039937507861
Q107190167	6000000052003244865
Q107190174	6000000052003239899
Q107190181	6000000008435708390
Q107190206	5580509163190027219
Q107190225	6000000050054494997
Q107190280	6000000008435631656
Q107190348	6000000052049890927
Q107190354	6000000039936657971
Q107190365	6000000052049927907
Q107190385	6000000039937061163
Q107190390	6000000039937333083
Q107191221	6000000004953461050
Q107191883	6000000015769881305
Q107193757	6000000047060690878
Q107194	6000000037620464207
Q107195760	6000000017513625149
Q107196098	6000000127334128821
Q107199403	6000000042952258833
Q10720096	6000000023091740931
Q107202103	6000000015393949304
Q107203	6000000040839845528
Q107203517	6000000015391050002
Q107204789	6000000078214314039
Q107206221	6000000097090359891
Q107206954	5606454690210075222
Q107207194	6000000011685001115
Q107207385	6000000011627170363
Q107207443	6000000069296562060
Q107208104	6000000015389994218
Q107208164	6000000063304933999
Q107208734	6000000010601892615
Q107209472	6000000014017229826
Q107209783	6000000178220797827
Q107210694	6000000176540581829
Q107211171	6000000028463780967
Q107211233	6000000004056356284
Q107211249	6000000003938220797
Q107211276	6000000016076234680
Q107211286	6000000016076540505
Q107211376	6000000025915821702
Q107211480	6000000018837935185
Q107211989	6000000019378030273
Q107212	6000000084310002920
Q107212189	6000000016701010287
Q107212546	6000000022293411275
Q107212548	6000000022016637044
Q107212838	6000000015494382024
Q107213368	6000000017531546683
Q107214	6000000001504689557
Q107214897	6000000071805112182
Q107214906	6000000077014815217
Q107214956	6000000016006047768
Q107216961	6000000041016613871
Q107217010	6000000041016309514
Q107217512	6000000169611061862
Q107217775	6000000034463856173
Q1072178	6000000166934858831
Q107221	6000000029945431191
Q1072211	6000000016473953208
Q1072225	6000000083929094271
Q107222573	6000000026352816942
Q107223291	6000000016311627670
Q107223957	6000000040311317108
Q107223975	6000000010212727679
Q107223976	6000000040297226088
Q107223984	6000000010212859277
Q107223990	6000000010210465735
Q107224228	6000000007086855080
Q107224231	6000000007086616412
Q107224233	6000000009085046638
Q107224234	6000000006110954099
Q107224252	6000000011264359919
Q107224253	6000000003633081308
Q107224259	6000000036032886915
Q107224304	6000000007086549308
Q107224308	6000000002662069360
Q107224309	6000000000875319110
Q107224311	6000000000875319146
Q107224457	6000000001721397602
Q107224648	6000000002088523971
Q107227176	6000000024250371492
Q107227520	6000000021718637830
Q107227614	6000000023552414035
Q107227615	6000000023552529041
Q107227617	6000000023552339109
Q107227619	6000000023552388079
Q107227643	6000000081508689867
Q107227644	6000000081508701890
Q107228182	6000000002953915052
Q107228184	6000000084483713200
Q107228191	6000000004590833159
Q107228195	6000000006254552377
Q107228197	6000000004590833170
Q107228199	6000000026492242623
Q107228282	6000000002954071751
Q107228284	6000000084483718175
Q107228285	6000000054107566028
Q107228287	6000000084484079821
Q107228530	6000000029324918919
Q1072303	6000000173905409822
Q107233268	6000000014083791824
Q107233894	6000000027878859098
Q107234401	6000000082995332973
Q107234533	6000000016475270984
Q107234916	6000000016475254863
Q10723609	6000000009934455345
Q107237368	6000000003117865398
Q107241350	6000000031296298324
Q10724269	6000000001856872929
Q107242950	6000000086705839100
Q107244255	6000000079480788950
Q107246857	6000000089286149036
Q10724985	6000000205674647335
Q107253	6000000013951399111
Q107254157	6000000097016694839
Q107256	6000000030167488199
Q1072577	6000000003585080693
Q107258245	6000000000465089967
Q107258246	6000000013248806293
Q107259390	6000000008891047422
Q107261112	6000000058261014419
Q107262	6000000014428203681
Q107262154	6000000014420995757
Q107262497	6000000045004448855
Q10726271	6000000020587459780
Q10726291	6000000039065079019
Q107263822	6000000190051334833
Q107264	6000000041802219980
Q107264820	6000000052769275923
Q107264822	6000000052769811826
Q107264826	6000000013355946629
Q107265083	6000000112088462855
Q107265463	6000000019137359569
Q107265564	6000000016328708630
Q107265886	4709073480970078264
Q107266451	6000000078005389193
Q107266477	6000000078005698181
Q107266540	6000000042925396215
Q107266832	6000000004532975408
Q107267146	6000000028914072081
Q107267154	6000000025695665176
Q107269338	6000000026624594069
Q107271699	6000000001589369566
Q107272856	6000000085044659823
Q107273446	6000000007400820574
Q107273447	6000000091310938821
Q107273448	6000000091311664851
Q107273451	6000000007401079223
Q107273453	6000000024474485834
Q107273455	6000000024474081596
Q107273461	6000000135776708131
Q107273462	6000000015594020010
Q107273463	6000000136051519844
Q107273464	6000000033648552656
Q107273475	6000000033649059947
Q107273479	6000000000770694916
Q107273491	6000000033648969148
Q107273510	6000000003988622768
Q107273515	6000000086729288911
Q107273516	376928989470002884
Q107273517	6000000086729516886
Q107273520	6000000081283562418
Q107273521	6000000005033679953
Q107273524	6000000004862361845
Q107273531	6000000086745460214
Q107273533	6000000004086466445
Q107273535	6000000004086446905
Q107273542	6000000003985802969
Q107273547	6000000003986089500
Q107273902	6000000034338397374
Q107274153	6000000017618660216
Q107274214	6000000176419179854
Q107274283	6000000176417175883
Q107274285	6000000176418735856
Q107274444	6000000016875221053
Q107274445	6000000057627825016
Q107274451	6000000012047327305
Q107274452	6000000016875158547
Q107274453	6000000015153017216
Q107274458	6000000022524931220
Q107274462	6000000016683058515
Q107274466	6000000010860007532
Q107274485	6000000016691951878
Q107274488	6000000016691899654
Q107274489	6000000016692194341
Q107274565	6000000016310734021
Q107274573	6000000016722406343
Q107274578	6000000026975758938
Q107274602	6000000004097477466
Q107274604	6000000004097477479
Q107274616	6000000004097477495
Q107274617	6000000004097477487
Q107274633	6000000016682961408
Q107274635	6000000023299024862
Q107274637	6000000017304799597
Q107274643	6000000017304955504
Q107274645	6000000017305385580
Q107274662	6000000017238378339
Q107274664	6000000017238553077
Q107274665	6000000017238571009
Q107274666	6000000017238315650
Q107274744	5222590117950080509
Q107274807	6000000007549194620
Q107275143	6000000081003269217
Q107276343	6000000017654301068
Q107276347	6000000011657036314
Q107276361	6000000011656964670
Q107276370	6000000011656420909
Q107276610	6000000017229581279
Q107276766	6000000006444741816
Q107276770	6000000001737678818
Q107276771	6000000007963249713
Q107276774	348004996080013527
Q107276776	6000000026603251845
Q107277	6000000008176622061
Q107277100	6000000027047513683
Q107277109	6000000020087385520
Q107277426	6000000015907909053
Q107277427	6000000015907658733
Q107278	6000000084494897830
Q107278423	6000000023375651562
Q107278424	6000000023375620115
Q107278426	6000000023375429497
Q107278866	6000000008831877629
Q107281592	6000000002764546229
Q107282106	6000000010752148254
Q107282264	6000000021150819792
Q107282490	6000000030385288917
Q107283	6000000017209241824
Q107283213	6000000011261392690
Q107283217	6000000016723374905
Q107283515	6000000011295645008
Q107284957	6000000211576548856
Q1072865	6000000141101503920
Q10728662	6000000141070332822
Q107287	6000000017415145302
Q107287193	6000000087255964895
Q107287584	6000000003223944292
Q107287585	6000000012407845622
Q107287586	6000000009448268993
Q107287588	6000000009280613828
Q107287635	6000000010573810253
Q107287636	6000000010573300408
Q107287637	6000000010573313308
Q107287684	6000000137024371838
Q107287689	6000000137020219127
Q107287690	6000000137023533870
Q107287762	6000000060513328828
Q107287763	6000000060513139927
Q107287768	6000000010572812183
Q107287769	6000000010573135533
Q107287770	6000000017706193301
Q107287771	6000000010572909525
Q107287772	6000000059542241821
Q107287774	6000000059542067004
Q107287952	6000000012416091979
Q107288	6000000002881572907
Q107288527	6000000010676781759
Q107288650	6000000036837516678
Q107288705	6000000056338337840
Q107288716	6000000056338144940
Q107288749	6000000003023987685
Q107289689	6000000008473513568
Q107289693	6000000008472911648
Q107289694	4225330200890120787
Q107289706	6000000001942186018
Q107289708	6000000000479104110
Q107289731	6000000020773931131
Q10729060	6000000017643002961
Q107291502	6000000025388833662
Q107291813	6000000158803805847
Q107291814	6000000004070680072
Q107291817	6000000066649711837
Q107291818	6000000066649466949
Q107291821	6000000065904709030
Q107291831	6000000158802669877
Q107291832	6000000158520696821
Q107291845	6000000066648735395
Q107291873	6000000005807025001
Q107291937	6000000008260683543
Q107291938	6000000008277941075
Q107291939	6000000008559518213
Q107291969	6000000077374020825
Q107292019	6000000001064127533
Q107292021	6000000009382728849
Q107292028	6000000000769973451
Q107292029	6000000000769973461
Q107292031	6000000000769973471
Q107292041	6000000039826835413
Q107292042	6000000055540219470
Q107292125	6000000037556196188
Q107292127	6000000037555789706
Q107292128	6000000027757230396
Q107292129	6000000003916154223
Q107292212	6000000021515381900
Q107292213	6000000021514849763
Q107292215	6000000083476670328
Q107292216	6000000083477128839
Q107292218	6000000009562201930
Q107292220	6000000009562201920
Q107292230	6000000013503613512
Q107292231	6000000110433756852
Q107292232	6000000110432643034
Q107292233	6000000013503666182
Q107292235	6000000112400667991
Q107292236	6000000112400625950
Q107292249	6000000003627252019
Q107292299	6000000003627705982
Q107292452	4508778205940070615
Q107292454	4508810732790051041
Q107292596	6000000017864544081
Q107292602	6000000017864371234
Q107292605	6000000017864997270
Q107292610	6000000017864272631
Q107292613	6000000017864272638
Q107292764	6000000005228917759
Q107292765	6000000031991848976
Q107292766	6000000005228917240
Q107292768	6000000017864450790
Q107292769	6000000017864383545
Q107292771	6000000042966019829
Q107292772	6000000044381690449
Q107292774	6000000044382118033
Q107292776	6000000042965740436
Q107292802	6000000043587067852
Q107292804	6000000089386602919
Q107292941	6000000010311310231
Q107292993	6000000010311294640
Q107293099	6000000004165416023
Q107293125	6000000004164901799
Q107293648	6000000016170111709
Q107293651	6000000014148388623
Q107293652	6000000021112017213
Q107293685	6000000024317168940
Q107293686	6000000076254870014
Q107293687	6000000076254513139
Q107293746	6000000019357676523
Q107293747	6000000019357637519
Q107293749	6000000018221382177
Q107293750	6000000018221185382
Q107293789	6000000021111540762
Q107293790	6000000021112078197
Q107293852	6000000029097036497
Q107293971	6000000076387870825
Q107293972	6000000076387215018
Q107294285	6000000020350008963
Q107294286	6000000032668942011
Q107294326	6000000026985884387
Q107294395	6000000002404670811
Q107294401	6000000033912786278
Q107294402	6000000014123428778
Q107294426	6000000017316864431
Q107294706	6000000008761574514
Q107294814	6000000013631705479
Q107294915	6000000013330674499
Q107295225	6000000008025314183
Q107295226	6000000085985559882
Q107295227	6000000059249357932
Q107295231	6000000008025364905
Q107295232	6000000126227586839
Q107295233	6000000126227098901
Q107295236	6000000085983671977
Q107295238	6000000059255409025
Q107295240	6000000059255618060
Q107295241	6000000059255719920
Q107295258	6000000077137175713
Q107295260	6000000009430558539
Q107295283	5391377874090136286
Q107295284	6000000037022248836
Q107295287	6000000092320390919
Q107295288	6000000092320207173
Q107295289	6000000092320233999
Q107295406	6000000038959421919
Q107296059	6000000002894390269
Q107296248	6000000026436833061
Q107296249	6000000020330397540
Q10729625	6000000015389144688
Q107296251	6000000009514292959
Q107296252	6000000001947563475
Q107296253	335953765120005365
Q107296266	6000000002183092924
Q107296268	6000000002183092961
Q107296269	6000000001744764733
Q107296291	6000000005242370025
Q107296318	6000000013030991493
Q107296319	6000000008630883234
Q107296322	6000000006907047433
Q107296352	6000000007980158062
Q107296353	6000000007979216049
Q107296360	6000000013384875683
Q107296366	6000000013397386624
Q107296367	6000000007376248560
Q107296369	6000000011350159030
Q107296371	6000000006078888434
Q107296379	6000000012738514831
Q107296381	6000000011350473810
Q107296383	6000000017670618537
Q107296384	6000000016314146002
Q107296390	6000000005554989548
Q107296391	6000000007474358213
Q107296396	6000000007474132418
Q107296422	6000000009825274476
Q107296427	6000000007376454100
Q107296443	6000000015838916802
Q107296476	6000000013068670426
Q107296477	6000000013687495573
Q107296570	6000000029762147699
Q107296571	6000000012000046588
Q107296572	6000000001519905952
Q107296573	6000000013386737400
Q107296608	6000000002837228521
Q107296608	6000000034007649204
Q107296611	6000000022889671131
Q107296616	6000000000742924044
Q107296617	6000000008212544729
Q107296618	5639982155350043220
Q107296642	6000000003017390343
Q107296643	6000000003017396021
Q107296652	6000000003017382560
Q107296662	5639497478640038047
Q107296664	5639648543500043418
Q107296680	6000000000904214926
Q107296681	6000000005029164315
Q107296682	6000000005029164310
Q107296683	6000000007116090314
Q107296684	6000000001353917369
Q107296721	6000000025526253286
Q107296722	6000000001233963082
Q107296746	6000000000697226000
Q107296749	6000000000697228051
Q107296755	6000000018722188644
Q107296800	6000000010546215428
Q107296839	6000000048456031997
Q107296840	6000000002174791969
Q107296841	6000000002174795158
Q107296842	6000000008673366641
Q107296843	6000000008673326547
Q107296844	6000000000374265641
Q107296854	6000000008673318568
Q107296855	4197694594540028726
Q1072969	6000000029743323297
Q107297405	6000000020415531815
Q107297416	6000000020415413938
Q107297572	6000000006453403433
Q107297580	6000000013124419413
Q107297581	6000000007200555309
Q107297582	6000000007200642201
Q107297583	6000000013124328362
Q107297584	6000000013124289189
Q107297592	6000000003130877237
Q107297593	6000000003130819009
Q107297594	6000000003130712130
Q107297595	6000000003130351248
Q107297596	6000000009076577113
Q107297597	6000000009076968303
Q107297603	6000000038200170005
Q107297604	6000000038199997293
Q107297655	6000000167811530931
Q107297915	6000000077373821011
Q107297988	6000000077373610196
Q107298194	6000000003716053086
Q107298198	6000000003716021363
Q107298211	6000000006916387186
Q107298333	6000000015014055485
Q107298348	6000000015014271001
Q107298352	6000000003715976142
Q107298363	6000000146492280907
Q107298366	6000000079091607932
Q107298378	6000000065534383048
Q107298381	6000000003716009142
Q107298383	6000000003716013049
Q107298385	6000000010587007281
Q107298387	6000000010585705594
Q107298390	6000000003716125091
Q107298391	6000000003716043659
Q107298411	6000000003716147062
Q107299068	6000000176479739876
Q107299069	6000000008873505964
Q107299075	6000000025597147011
Q107299078	6000000081499511439
Q107299085	6000000015799911854
Q107299088	6000000015800247258
Q107299095	6000000008873600757
Q107299096	6000000008873680558
Q107299106	6000000176481179840
Q107299107	6000000008873715463
Q107299114	6000000032531985106
Q107299131	6000000008873741786
Q107299136	6000000008873983559
Q107299140	6000000045948323825
Q107299142	6000000068761637972
Q107299189	6000000082080846849
Q107299193	6000000008873722909
Q107299195	6000000008873696088
Q107299202	6000000009107155927
Q107299203	6000000009107155922
Q107299240	6000000059344639855
Q107299244	6000000104627839503
Q107299246	6000000040250023585
Q107299270	6000000008873771470
Q107299271	6000000008873706072
Q107299293	6000000004373525872
Q1072997	6000000038270970659
Q107300183	6000000006332813021
Q107300209	4314358
Q107300211	6000000004372647571
Q107300213	4314363
Q107300353	6000000015137089733
Q107300354	6000000004372546951
Q107300359	6000000004387357283
Q107300393	6000000081049863941
Q107300405	6000000081049761913
Q107300432	6000000065809626821
Q107300433	6000000014672895542
Q107300434	6000000031302006254
Q107300459	6000000019998359359
Q107300515	4838303248070021800
Q107300604	6000000019323641293
Q107301084	6000000008722623962
Q107301109	6000000017962762091
Q107301145	6000000017962679150
Q107301310	6000000017159196702
Q107301470	6000000026399289138
Q107301527	6000000025748532379
Q107301899	6000000073496039828
Q107301900	6000000073495769117
Q107301901	6000000000317305855
Q107301902	6000000000317367931
Q107301903	6000000000317542251
Q107301906	6000000000272067136
Q107301907	6000000073497285529
Q107301919	6000000009669180992
Q107301920	6000000008011481703
Q107301953	6000000085023973967
Q107301954	6000000007927640322
Q107301955	6000000007927668352
Q107301956	6000000006423161252
Q107302	6000000036370548576
Q107302217	6000000008373506627
Q107302218	6000000044525998821
Q107302219	6000000044525193216
Q107302232	6000000019182900115
Q107302239	6000000017562824947
Q107302240	6000000017563102290
Q107302244	6000000049805808911
Q107302265	6000000010859865534
Q107302266	6000000010860005546
Q107302268	6000000010859945387
Q107302288	6000000015509754224
Q107302291	6000000010743670676
Q107302292	6000000015594808547
Q107302293	6000000016360297311
Q107302294	6000000010742143988
Q107302298	6000000016658800679
Q107302299	6000000016658948776
Q107302605	6000000010582970407
Q107302606	6000000010589794554
Q107302610	6000000010601061232
Q107302611	6000000010583008437
Q107302614	6000000010837520887
Q107302619	6000000010590278051
Q107302621	6000000010589558096
Q107302700	6000000001675952777
Q107302714	6000000017267975737
Q107302716	6000000017267913500
Q107302718	6000000017267602898
Q107302719	6000000084084340854
Q107302723	6000000025678495467
Q107302750	6000000017267443816
Q107302750	6000000017268369641
Q107302757	6000000017268339656
Q107302758	6000000067350893944
Q107302759	6000000028455250136
Q107302762	6000000017268408447
Q107302763	6000000037433146265
Q107302764	6000000002905102024
Q107302766	6000000006444798043
Q107302827	6000000021185460210
Q107302828	6000000021185210061
Q107302829	6000000021178921821
Q107302830	6000000003939903284
Q107302831	6000000011584508597
Q107302856	6000000003939903293
Q107302858	6000000008537068804
Q107303104	6000000044010199147
Q107303397	6000000001577243241
Q107303397	6000000016036396039
Q107303422	6000000051379860229
Q107303521	6000000008380613830
Q1073044	6000000185209108907
Q107305003	6000000015770099038
Q107305036	6000000011190167474
Q107305037	6000000011188844196
Q107305041	6000000011189476780
Q107305044	6000000011190930584
Q107305047	6000000017416134029
Q107305048	6000000127014326831
Q107305076	6000000010040785240
Q107305077	6000000010040679479
Q107305097	6000000017410019832
Q107305144	6000000010040773894
Q107305186	6000000018302569917
Q107305187	6000000018302569923
Q107305190	6000000010318540082
Q107305191	6000000009896679494
Q107305192	6000000009749000686
Q107305193	6000000009168316807
Q107305195	6000000009168786276
Q107305201	6000000009654812000
Q107305202	6000000008639467235
Q107305204	6000000007455410474
Q107305206	6000000008576204035
Q107305217	6000000010330163924
Q107305226	6000000007759030498
Q107305233	6000000013482819910
Q107305234	6000000007659259311
Q107305237	6000000007759042572
Q107305240	6000000005739346184
Q107305243	6000000008661042366
Q107305244	6000000009168911505
Q107305245	6000000009168988417
Q107305246	6000000009169119384
Q107305260	6000000124643402889
Q107305261	6000000010119121160
Q107305267	6000000009168406189
Q107305292	6000000003190446104
Q107305295	6000000003193805903
Q107305301	6000000009438061715
Q107305302	6000000012588436306
Q107305304	6000000008753904560
Q107305306	6000000008635622692
Q107305309	6000000006127779200
Q107305320	6000000012591523684
Q107305321	6000000009744749205
Q107305322	6000000008861366920
Q107305325	6000000009016229255
Q107305327	6000000009016072164
Q107305339	6000000083079726993
Q107305340	6000000090163969962
Q107305345	6000000066779060842
Q107305447	6000000017264775393
Q107305448	6000000017264847056
Q107305449	6000000017266714683
Q107305451	6000000001504410239
Q107305452	6000000017267151020
Q107305454	6000000017396766657
Q107305455	6000000017264805133
Q107305458	6000000017270749365
Q107305459	6000000017270731536
Q107305538	6000000024579817762
Q107305539	6000000024580058262
Q107305540	6000000024579937518
Q107305595	6000000017942076218
Q107305596	6000000017621769457
Q107305635	6000000017799915776
Q107305664	6000000013829783912
Q107305699	6000000013639000874
Q107305700	6000000013693147187
Q107305702	6000000013692948623
Q107306372	6000000005644630023
Q107307	6000000018811125538
Q107307781	6000000007372073355
Q107307809	6000000007372480257
Q107307818	6000000007372392509
Q107308268	6000000025926535749
Q107308315	6000000016229006448
Q107308742	6000000024346778551
Q107308749	6000000003623775285
Q107308843	6000000003866217608
Q107308864	6000000003866402870
Q107308877	6000000003866175387
Q107309221	6000000002300556324
Q107309583	6000000027779644597
Q107310042	6000000019653807919
Q107310263	6000000041280926503
Q107310347	6000000025748457180
Q107310377	6000000030459183933
Q107310628	6000000001370347804
Q107310630	6000000013094165149
Q107310632	6000000001312629841
Q107310633	6000000007016862286
Q107310634	6000000007017118033
Q107310635	6000000007017060205
Q107310649	6000000007017149108
Q107310650	6000000000769864730
Q107310718	4144012360110067844
Q107310720	6000000005415751042
Q107310722	6000000001220248155
Q107310723	6000000001890479355
Q107310764	6000000005415734538
Q107310765	6000000002134737143
Q107310766	6000000008176507912
Q107310768	6000000000484782272
Q107310769	6000000000484755019
Q107310770	6000000006444323832
Q107310785	6000000001936645147
Q107310787	6000000000484447597
Q107310788	6000000000484485792
Q107310790	6000000008165647361
Q107310851	6000000014830176132
Q107310853	6000000014829153610
Q107310854	6000000000768613185
Q107310856	6000000013165650540
Q107310857	6000000000345065094
Q107310858	6000000003075671684
Q107310950	6000000001661310713
Q107310955	6000000001583336635
Q107311	6000000000119130030
Q107311063	6000000002407832424
Q107311067	6000000002663180040
Q107311068	6000000002663180125
Q107311069	6000000003937346994
Q107311079	6000000002663180133
Q107311080	6000000004021355850
Q107311107	6000000002663180215
Q107311108	6000000003938174752
Q107311112	6000000003938174653
Q107311114	6000000003939398034
Q107311115	6000000003243495978
Q107311169	6000000002577084459
Q107311170	6000000002577084408
Q107311172	6000000014383546711
Q107311173	6000000007007162531
Q107311174	6000000007006852643
Q107311176	6000000007007051475
Q107311199	6000000007007269262
Q107311201	6000000013268331750
Q107311202	6000000011502980040
Q107311204	6000000000111902502
Q107311205	6000000000697184445
Q107311228	6000000013268436786
Q107311229	6000000006110942114
Q107311233	6000000000523713724
Q107311234	6000000000522629844
Q107311235	6000000000522819566
Q107311236	6000000000497490557
Q107311251	6000000006440683142
Q107311253	6000000000497490546
Q107311254	6000000000497485487
Q107311255	6000000008466028470
Q107311256	6000000003177781046
Q107311257	6000000000770072733
Q107311284	6000000000497462518
Q107311285	6000000000497485412
Q107311286	6000000000475098203
Q107311301	6000000005250594355
Q107311302	6000000000497490538
Q107311320	6000000013559848148
Q107311323	6000000013008348469
Q107311324	6000000012840182011
Q107311326	6000000007273407136
Q107311327	6000000007273299972
Q107311328	6000000003490662936
Q107311330	6000000006442166840
Q107311332	5442387471540106712
Q107311333	6000000000426525831
Q107311344	6000000003940806643
Q107311345	6000000003741190223
Q107311346	6000000001463784204
Q107311347	6000000007273333583
Q107311353	6000000001384608359
Q107311359	6000000001402208815
Q107311362	6000000004138814908
Q107311364	6000000001402327223
Q107311368	6000000002407824971
Q107311400	6000000000658902781
Q107311401	6000000004661583876
Q107311402	6000000005092081592
Q107311403	6000000004672448727
Q107311404	6000000004672643264
Q107311414	6000000000658902770
Q107311415	6000000001188871070
Q107311416	6000000000658902719
Q107311418	6000000000658897934
Q107311419	6000000000658896815
Q107311420	6000000000658898019
Q107311425	6000000009978009816
Q107311426	6000000009978244346
Q107311427	6000000003022159227
Q107311428	6000000002811919757
Q107312389	6000000027919899858
Q107312433	6000000036535160265
Q107312436	6000000036534915586
Q107313603	6000000173132914060
Q107313648	6000000041379150860
Q107313689	6000000022769208817
Q107313850	6000000110085421833
Q107314413	6000000002925355363
Q107315309	6000000181001014871
Q107315481	6000000002173042787
Q107316054	6000000045669509917
Q107316109	6000000028957883503
Q107316186	6000000020546464522
Q107317029	6000000010811727809
Q1073208	6000000040296798669
Q107323177	6000000028379506204
Q107323184	6000000003575056788
Q107323185	5568059588140055299
Q107323187	6000000000112867907
Q107323253	6000000015161739786
Q107323254	6000000015161720204
Q107323255	6000000083291712513
Q107323256	6000000015161747516
Q107323257	6000000055032975026
Q107323258	6000000055033260836
Q107323259	6000000034430942019
Q107323284	6000000034430493719
Q107323307	6000000057334989866
Q107323320	6000000015198651431
Q107323321	6000000112076235480
Q107323322	6000000112078290850
Q107323324	6000000015198395913
Q107323326	6000000015199005119
Q107323338	6000000084842045899
Q107323339	6000000084841722022
Q107323436	6000000004566312265
Q107323437	6000000004372263517
Q107323524	6000000008248974455
Q107323569	6000000030617917447
Q107323573	6000000009196946132
Q107323575	6000000009197341512
Q107323670	6000000004372129418
Q107323671	6000000004372129411
Q107323681	6000000004372115646
Q107323684	6000000004372115653
Q107323691	6000000004372136128
Q107323699	6000000004372136135
Q107323713	6000000004372134357
Q107323715	4597904553010043033
Q107323719	4597901556740126229
Q107323963	6000000026106102836
Q107323966	6000000026106041201
Q107323970	6000000026106137892
Q107324014	6000000026105861694
Q107324020	6000000114864250824
Q107324024	6000000114864132963
Q107324327	6000000012368992705
Q107324334	6000000012367640069
Q107325346	6000000027363334717
Q107325347	6000000027364022731
Q107325371	6000000002966999131
Q107325377	6000000027364314926
Q107325379	6000000002967015098
Q107325384	6000000078499697976
Q107325386	6000000078499169398
Q107325387	6000000000579920745
Q107325390	6000000000229859661
Q107325395	6000000002966956778
Q107325396	6000000002966984294
Q107325452	6000000051038487187
Q107325453	6000000051038749041
Q107325972	6000000010685546441
Q107325983	6000000006714532743
Q107325990	6000000010685509695
Q107325992	6000000010685698427
Q107325994	6000000010685652372
Q107325995	6000000010685721545
Q107325996	6000000040085370171
Q107326001	6000000040085355582
Q107326004	4161108872190066331
Q107326007	6000000010685989586
Q107326010	6000000006714359964
Q107326012	6000000000759499244
Q107326014	6000000000819926195
Q107326033	6000000040086670709
Q107326040	6000000040087651115
Q107326045	6000000027152390969
Q107326047	6000000027152390975
Q107326048	6000000040085686576
Q107326050	6000000040085896277
Q107326091	6000000010685650728
Q107326092	6000000010685731695
Q107326093	6000000010686031216
Q107326095	6000000010685460912
Q107326105	6000000010686061214
Q107326106	6000000010685579810
Q107326179	6000000017943578879
Q107326181	6000000017944227321
Q107326182	6000000048408351888
Q107326184	6000000048408060029
Q107326186	6000000017943558610
Q107326187	6000000009936584362
Q107326189	6000000017945769808
Q107326191	6000000017942907902
Q107326195	6000000017945693348
Q107326198	6000000017946058709
Q107326203	6000000059618766883
Q107326204	6000000059621083106
Q107326206	6000000059618626280
Q107326210	6000000017946140577
Q107326211	6000000017946268007
Q107326255	3966388021800039679
Q107326257	4026195761380030237
Q107326259	4026195773490030247
Q107326424	6000000097022723136
Q107327	6000000036054407204
Q107327255	5165553789270058997
Q1073289	6000000004956185559
Q107328945	6000000005017716353
Q107329	6000000042516378868
Q107330	6000000026449610628
Q107330684	6000000027821599353
Q107331132	6000000096097268870
Q107331695	6000000021342662092
Q107333574	6000000109047062866
Q107333949	6000000003617006076
Q107333950	6000000003616965291
Q107334054	6000000027761368010
Q107334058	6000000027761424020
Q107334059	6000000027761454058
Q107334101	6000000033119664554
Q107334105	6000000139628216842
Q107334783	6000000009805962327
Q107335153	6000000091664791901
Q107335242	6000000012607875077
Q107335245	6000000016413527091
Q107335246	6000000016413420528
Q107335248	6000000006348736252
Q107335271	6000000016191686772
Q107335313	6000000057855416838
Q107335316	6000000057855245871
Q107335317	6000000017706102044
Q107335318	6000000006784176235
Q107335344	6000000000082069831
Q107335346	6000000004055845025
Q107335359	5380859174250063745
Q107335360	6000000006719200167
Q107335428	6000000001151067146
Q107335460	6000000001466167293
Q107335463	6000000008620959359
Q107335750	6000000040548626939
Q107335753	6000000016735122362
Q107335755	6000000003767377617
Q107335756	6000000054407772844
Q107335758	6000000003937829885
Q107335759	6000000014477037875
Q107335760	6000000000823643295
Q107336115	6000000041073524780
Q107336116	6000000041073497790
Q107336117	6000000041073885605
Q107336119	6000000001745124853
Q107336120	6000000001744951403
Q107336599	6000000006570497650
Q107336881	6000000001993216552
Q107337190	5213817386800112081
Q107337191	5213776003990107683
Q107337194	5220297712420063208
Q107337195	5220297730580063214
Q107337211	5570142424010125353
Q107337212	5570303672550115039
Q107337213	5213776003540107682
Q107337214	5449065199710108777
Q107337239	6000000114714845832
Q107337682	6000000003282280052
Q107337753	6000000006444395130
Q107337755	6000000000560073845
Q107337800	6000000006444130842
Q107337940	6000000009235249006
Q107338087	6000000048618432593
Q107338088	6000000048619062822
Q107338174	6000000007008353517
Q107338176	6000000009208083551
Q107338179	6000000007008322579
Q107338226	6000000007343866860
Q107338232	6000000012090766095
Q107338233	6000000151887459941
Q107338237	6000000016461502429
Q107338252	6000000024918754120
Q107338255	6000000024918510311
Q107338257	6000000024918472796
Q107338258	6000000024918631377
Q107338259	6000000024918664252
Q107338260	6000000024919421822
Q107338322	6000000011667937074
Q107338482	6000000021725346268
Q107338723	6000000044733679833
Q107338954	6000000041207634970
Q107339031	6000000003939536220
Q107339127	6000000015189496568
Q107339128	6000000015189494673
Q107339129	6000000087693811925
Q107339130	6000000000626704647
Q107339131	6000000000627151479
Q107339132	6000000008480040838
Q107339133	6000000003075765285
Q107339145	6000000015189678449
Q107339157	6000000035215254510
Q107339158	6000000006321954696
Q107339159	6000000004588653682
Q107339160	6000000041866121821
Q107339171	5694339874260051823
Q107339349	6000000002766404071
Q107339352	6000000006757781300
Q107339356	6000000006757319695
Q107339383	6000000042156247465
Q107339467	6000000003075781712
Q107339468	6000000001402231748
Q107339469	6000000001851394014
Q107339471	6000000003076534395
Q107339472	6000000001402231767
Q107339473	6000000032949276174
Q107339474	6000000006110694421
Q107339557	6000000014885450393
Q107339558	6000000003147128466
Q107339559	6000000003147128456
Q107339560	6000000002930988151
Q107339563	6000000008951620322
Q107339637	6000000002886305254
Q107339638	6000000007417442055
Q107339640	6000000007418442622
Q107339641	6000000003939489767
Q107339644	6000000001316246078
Q107339645	6000000002423286309
Q107339661	6000000002801239187
Q107339662	6000000002801244174
Q107339664	6000000002800999999
Q107339665	6000000002801096655
Q107339666	6000000009288957684
Q107339667	6000000000834247928
Q107339776	6000000002801142741
Q107340843	6000000210467482835
Q107340928	6000000009326991085
Q107340929	6000000040908036745
Q107340930	6000000009327189516
Q107340935	6000000040908272569
Q107340941	6000000013103734019
Q107340943	6000000084115922385
Q107340944	6000000003940156593
Q107340945	6000000013103520967
Q107340959	6000000126678685954
Q107340960	6000000126678870926
Q107340961	6000000126677136232
Q107340962	6000000126679169866
Q107340963	6000000126677679212
Q107340971	6000000126677900080
Q107341052	6000000015087853472
Q107341053	6000000015088045566
Q107341055	6000000037458532776
Q107341056	6000000015087618822
Q107341057	6000000077314407207
Q107341058	6000000077314686881
Q107341065	6000000003437850028
Q107341066	6000000011603104503
Q107341068	6000000029901360083
Q107341100	6000000007419043432
Q107341103	6000000015087757245
Q107341142	6000000003437765097
Q107341210	6000000015087843426
Q107341438	6000000011602980618
Q107341441	6000000011602735961
Q107341561	6000000015087902518
Q107341562	6000000015088185233
Q107341566	6000000018369081269
Q107341567	6000000036947678637
Q107341568	6000000010067346227
Q107341570	6000000010067337402
Q107341968	2295731
Q107342601	6000000021123997158
Q107342758	6000000000681940374
Q107342773	6000000020133863977
Q107342832	6000000034457204846
Q107343269	6000000037034022003
Q107343280	6000000034456692164
Q107343339	6000000015088017933
Q107343428	6000000015088020385
Q107343474	6000000006783206841
Q107343476	6000000038952116978
Q107343494	6000000011325265486
Q107343496	6000000008092461271
Q107343498	6000000013463508809
Q107343500	6000000010067251314
Q107343501	6000000011325280443
Q107343503	6000000011325161742
Q107343507	6000000009366467722
Q107343687	6000000038966515578
Q107343688	6000000038966866909
Q107343775	6000000077452711527
Q107343782	6000000113378098829
Q107343783	6000000179902623839
Q107343861	6000000078876106833
Q107343979	6000000081069533039
Q107343987	6000000141004391867
Q107344087	6000000001814721185
Q107344089	6000000011842512533
Q107344090	6000000011842883242
Q107344094	6000000011842826215
Q107344095	6000000011842605653
Q107344096	6000000011842724863
Q107344124	6000000035395537869
Q107344125	6000000035395036243
Q107344126	6000000035395171883
Q107344149	6000000009442472717
Q107344150	6000000009442545596
Q107344151	6000000009442651260
Q107344152	6000000007791534628
Q107344153	6000000002090450060
Q107344154	6000000002090326693
Q107344336	6000000013198418939
Q107344379	6000000033174486954
Q107344406	6000000016922334796
Q107344728	6000000044141168104
Q107344815	6000000073197626806
Q107344856	6000000060640293844
Q107346105	6000000019582527653
Q107348863	6000000029204804445
Q107349463	6000000009316791875
Q107349542	6000000019894157090
Q107349993	6000000022628592457
Q107349998	6000000022968321945
Q107350743	6000000022976965255
Q107350882	6000000020181732643
Q107350882	6000000022976940629
Q107350887	6000000022978185340
Q107350924	6000000001376335239
Q107350947	6000000001376207754
Q107351514	6000000001376627219
Q107352333	6000000022977868223
Q107352354	6000000014677453573
Q107352427	6000000148233605837
Q107352461	6000000026384242738
Q107352725	6000000077606851736
Q107352762	6000000006091651508
Q107353176	6000000010547110685
Q107353662	6000000103469577830
Q107353682	6000000042021628278
Q107353978	6000000013451421839
Q107353979	6000000013451301739
Q107353981	6000000013580019446
Q107353982	6000000013579953961
Q107353985	6000000039893264837
Q107353986	6000000039893021330
Q107354	6000000018809826350
Q107354001	6000000015051261125
Q107354002	6000000028909364897
Q107354003	6000000014951251514
Q107354008	6000000007071378001
Q107354009	6000000007071295134
Q107354010	6000000007070915695
Q107354011	6000000014885070488
Q107354012	6000000014885175337
Q107354025	6000000017638993675
Q107354209	6000000016924829510
Q107354586	6000000022979118836
Q107354779	6000000022979072837
Q107354874	6000000010160381493
Q107355019	6000000022628654656
Q107355083	6000000022979020954
Q107355085	6000000022977423784
Q107355097	6000000022978651091
Q107355099	6000000022979089845
Q107355141	6000000052408337961
Q107355164	6000000019360427967
Q107355292	6000000003993856809
Q107355405	6000000022976943742
Q107355500	6000000155229647848
Q107355571	6000000155230078822
Q107356359	6000000124253613868
Q107356559	6000000023695201843
Q107356597	6000000044733203821
Q107356857	6000000044733561868
Q107357001	6000000001422887822
Q107359073	6000000036790224053
Q107359550	6000000002924105278
Q107360599	6000000007497437037
Q107361884	6000000011556305736
Q107361979	6000000191393952851
Q107364013	6000000006240814561
Q107364119	6000000094145036823
Q107364179	6000000211466802828
Q107364957	6000000026939154465
Q107364984	6000000020131774129
Q107365186	6000000019430318373
Q107365325	6000000137018568837
Q107365330	6000000137018548821
Q107366850	6000000016296830533
Q107369308	6000000103881994290
Q107370280	6000000014559490459
Q107370297	6000000017698257572
Q107370439	6000000180851641821
Q107370439	6000000214686790825
Q107370444	6000000180850896865
Q107370444	6000000214686782821
Q107374223	6000000176710929837
Q107374542	6000000044024531864
Q107374837	6000000006803850492
Q107374839	6000000044022393995
Q107375178	6000000012461475444
Q107375179	6000000012461199889
Q107376368	6000000020921103011
Q107376576	6000000013471771025
Q107376820	6000000031176211894
Q107376821	6000000031176216897
Q107376826	6000000002499206236
Q107376828	6000000031175777262
Q107376829	349244998760012660
Q107376831	349257640530013523
Q107376833	349257551220012653
Q107376834	349248148630001455
Q107376838	6000000002499220987
Q107376855	6000000009736526038
Q107378417	6000000016559010309
Q107379896	6000000041371881205
Q107379901	6000000008686149201
Q107379994	6000000085190310889
Q10738	6000000012699559732
Q107380025	6000000015582278488
Q107380109	6000000083821396415
Q107380248	6000000011812222035
Q107380259	6000000009402620095
Q107380364	6000000216788861827
Q107380370	6000000216809574856
Q107380402	6000000022773111613
Q107380430	6000000032309900227
Q107380489	6000000022977323748
Q107380576	6000000022978636183
Q107380579	6000000021660413050
Q107380586	6000000005071724481
Q107380589	6000000019748685546
Q107380919	6000000022977306196
Q107380985	6000000022977273303
Q107381090	6000000022977423295
Q107381331	6000000042933835266
Q107381417	6000000022725075890
Q107382823	6000000023204830051
Q107382824	6000000020504409856
Q107382826	6000000014339801896
Q107383098	6000000057236000994
Q107385605	6000000057235705911
Q1073868	6000000039680776072
Q107387269	6000000010918684378
Q107387496	6000000027467658076
Q107387497	6000000001889498216
Q107387602	6000000100315257926
Q107387890	6000000082555413859
Q107389428	6000000024539924967
Q107390636	6000000020295705329
Q107393512	6000000181062661842
Q107393818	6000000029793625075
Q1073943	6000000171686369100
Q107394920	6000000006537499004
Q107400164	6000000008198078321
Q107400735	6000000011490791584
Q107401893	6000000020468010429
Q107402	6000000029392359494
Q107402030	6000000005007219002
Q107402032	380546609170003100
Q107402033	372938011900006745
Q107402034	347864117410013490
Q107402035	372951837900006766
Q107402036	372943316420013041
Q107402044	6000000022249540144
Q107402045	6000000022044092976
Q107402056	6000000028611555551
Q107402057	6000000016009775229
Q107402058	6000000016009401640
Q107402059	6000000013643448338
Q107402074	6000000013503343926
Q107402077	6000000013377166873
Q107402080	6000000004587810631
Q107402082	6000000013503434410
Q107402084	6000000004403354250
Q107402086	6000000011158920847
Q107402088	6000000008520466798
Q107402089	6000000013377100571
Q107402090	6000000050640048971
Q107402092	6000000030271430083
Q107402170	6000000025808009745
Q107402173	6000000016009751796
Q107402174	6000000066458714832
Q107402175	6000000030350216921
Q107402182	6000000016467786636
Q107402183	6000000067590928989
Q107402185	6000000067590728075
Q107402186	6000000030270889736
Q107402192	6000000067378784839
Q107402193	6000000067378992821
Q107402194	6000000067378748960
Q107402195	6000000067378566924
Q107402197	6000000103274815501
Q107402202	6000000067592061943
Q107402203	6000000067592440863
Q107402206	6000000025808430986
Q107402207	6000000030350288480
Q107402208	6000000016477570152
Q107402209	6000000030351122132
Q107402210	6000000025807946723
Q107402211	6000000032623423928
Q107402212	6000000025808497916
Q107402213	6000000032623257205
Q107403926	6000000032623162330
Q107404579	6000000179497754845
Q107405	6000000014187782060
Q107405149	6000000002802733532
Q107405809	6000000138532636156
Q107406115	6000000114851916630
Q107406525	6000000011892919331
Q107406613	6000000023389009916
Q107406625	6000000023388632031
Q107406658	6000000018489722457
Q107406660	6000000019465856392
Q107406789	6000000020468138918
Q107406790	6000000020467732677
Q107406802	6000000013050002050
Q107406803	6000000013049933968
Q107406804	6000000001239176928
Q107406805	6000000002811955384
Q107407278	6000000023407283130
Q107407418	6000000014677748449
Q107410872	6000000014385072166
Q1074114	6000000015484545237
Q107412826	6000000015434987099
Q107413771	6000000027019361473
Q107413777	6000000015016388726
Q107413829	6000000027491536186
Q107413849	6000000022618222157
Q107414083	6000000027326733846
Q107414365	6000000004954654405
Q107415553	6000000004934114598
Q107415800	6000000097041725990
Q107415802	6000000012881341396
Q107415871	6000000012880248545
Q107415917	6000000024538469390
Q107415965	6000000016989355529
Q107416	6000000040952077244
Q107416904	6000000004867308404
Q107418515	6000000018173111871
Q107418627	6000000018163050822
Q107419	6000000030085702162
Q107420	6000000150926955821
Q107420771	6000000173674029150
Q10742187	6000000024638304846
Q107422	6000000014248695195
Q107422787	6000000097115831821
Q10742286	6000000059566123888
Q107423	6000000030066259976
Q107423165	6000000074783289945
Q107423659	6000000097115730862
Q107424067	6000000015842969535
Q107424144	6000000011545905423
Q107424423	6000000014017016751
Q107424742	6000000001108245175
Q107425278	6000000097095436859
Q107426188	6000000008175856806
Q107426382	6000000182881985193
Q107426448	6000000016555871079
Q107427313	6000000045435234029
Q107427630	6000000176848479922
Q107427633	6000000176849658846
Q107427729	6000000176850161826
Q107427741	6000000176849697849
Q107427850	6000000097115022837
Q107427953	6000000176849873834
Q107428060	6000000176847897922
Q107428418	6000000096681068909
Q107428502	6000000181579532857
Q107428797	6000000025612605271
Q107428834	6000000223450495828
Q107428879	6000000008002888375
Q107430036	6000000097095436883
Q10743129	6000000075501777319
Q107431855	6000000097115380878
Q107432	6000000000714293210
Q107434775	6000000112215625902
Q107435534	6000000036485469273
Q107437951	6000000000409196773
Q107437953	6000000000409623128
Q107439700	6000000039946608111
Q107440	6000000042887066865
Q10744017	6000000020572668141
Q107440255	6000000014153332802
Q107440860	6000000047464604137
Q107441	6000000017753048253
Q107442197	6000000029268663124
Q107443942	6000000004096535821
Q107448645	6000000027061815685
Q107448669	6000000000751579231
Q107449255	6000000182192179845
Q107450	6000000041321238111
Q107456359	6000000015469933077
Q107456699	6000000057457807831
Q107456862	6000000205689152823
Q107457336	6000000017180601840
Q107457366	6000000107561403860
Q107457459	6000000107524607896
Q107457464	6000000107559177992
Q107457535	6000000015384440055
Q107460527	6000000027000289673
Q1074619	6000000144749872842
Q107462	6000000029371198656
Q1074626	6000000159140863848
Q107463111	6000000059281329939
Q107463616	6000000016498706761
Q107463618	6000000016499124261
Q107463624	6000000030437912825
Q107463626	6000000040661166184
Q107463641	6000000030437756356
Q107463646	6000000030437508378
Q107463647	6000000030695225465
Q107463662	6000000030819790332
Q107463663	6000000030819554793
Q107463670	6000000030819619718
Q107463672	6000000030819986837
Q107463726	6000000006088955975
Q107463728	6000000018069944680
Q107463741	6000000018078658284
Q107463743	6000000005421433570
Q107464287	344396666220012727
Q107464562	6000000007456818893
Q107465449	6000000024934347021
Q107465872	6000000025885185074
Q107466597	6000000000605801430
Q107466674	6000000017122520441
Q107466688	6000000017122014494
Q107467147	6000000018005963032
Q107467183	6000000007997254211
Q107467287	6000000010145071582
Q107467503	6000000009760486090
Q107467595	6000000033302796889
Q107467807	6000000030850795433
Q107467833	6000000030850759549
Q1074680	6000000011986661345
Q107469788	6000000026745419722
Q107470451	6000000026745552150
Q107471303	6000000102219521899
Q107471318	6000000064638691972
Q107471320	368451218760011296
Q107471893	6000000000336546147
Q107471894	6000000017265471538
Q107471896	6000000017690439389
Q107471898	6000000017265652396
Q107471899	6000000007273250791
Q107471922	6000000000336546156
Q107471923	6000000000336793198
Q107472006	6000000024695146548
Q1074727	6000000014042470259
Q107473585	368451972490013896
Q107473586	368452147220003032
Q107473688	6000000102051908886
Q107473710	6000000102051570950
Q107473712	6000000102052346821
Q107473995	6000000015729979141
Q107474035	6000000031914128063
Q107474082	6000000015595043042
Q107474101	6000000019104185665
Q107474189	6000000002497116372
Q107474198	6000000002496578979
Q107474202	6000000022765145158
Q107474507	6000000017967856225
Q107474535	6000000018069609169
Q107474603	6000000002496868882
Q107474647	6000000022628459690
Q107474765	6000000060818263037
Q107474824	6000000022765145164
Q107475638	6000000002765654021
Q107476597	5469564163220128752
Q107476928	6000000056763889334
Q107476973	6000000008417149404
Q107477149	6000000011333604458
Q107477465	6000000009530349610
Q107477756	6000000010296057662
Q107477790	6000000010318429552
Q107477826	6000000010528671269
Q107477867	6000000011544598542
Q107477871	6000000006931039663
Q107478559	6000000055534900260
Q1074789	6000000075329361830
Q1074798	6000000074790774944
Q107480404	6000000016519549033
Q107482253	6000000004703998011
Q107482272	6000000004703987005
Q107482364	6000000014705327980
Q107483128	6000000009679865760
Q107483384	6000000002556032377
Q107483407	6000000000769193808
Q107483408	6000000010001566953
Q107483411	6000000010001510851
Q107483414	6000000000769226679
Q107483462	6000000002556164370
Q107483471	6000000004560885559
Q107483481	6000000004560690866
Q107483542	6000000020006028783
Q107483609	6000000000769382091
Q107483626	6000000030754789110
Q107483631	6000000005541462001
Q107483635	6000000005539255484
Q107483637	6000000005541364004
Q107483648	6000000030754873012
Q107483660	6000000030754927898
Q107483663	6000000030754757365
Q107483669	6000000040448819485
Q107483776	6000000038624236006
Q107483824	6000000017866759213
Q107483952	6000000082561648821
Q107484013	6000000017866784520
Q107484391	6000000015469585587
Q107484741	6000000029057822968
Q107484742	6000000053928507827
Q107484743	6000000008439506728
Q107484744	6000000008439506643
Q107484765	6000000002868460771
Q107484766	6000000000255729345
Q107484768	6000000002288901520
Q107484782	4102857464770066900
Q107484786	6000000053927773946
Q107484787	6000000005415513976
Q107484789	6000000009697321891
Q107484796	363317966190011425
Q107484797	363315442430004950
Q107484798	6000000002930999901
Q107484801	6000000053928109828
Q107484802	6000000053928394031
Q107484803	6000000042329347076
Q107484804	6000000011724835187
Q107484806	6000000002542117523
Q107484814	6000000042328984660
Q107484815	6000000014916206886
Q107484816	6000000003694187354
Q107484818	6000000004237833756
Q107484823	6000000014916370592
Q107484824	6000000003858676874
Q107484829	6000000008682518950
Q107484841	6000000014916459092
Q107484843	4959721137780112310
Q107484849	4959716175620078092
Q107484853	363312966460002005
Q107484854	6000000002908338994
Q107484861	6000000001562893375
Q107484862	6000000053928831926
Q107484864	349776685200013497
Q107484872	6000000001563102080
Q107485042	6000000013401220330
Q107485043	6000000013400889881
Q107485050	6000000002614287171
Q107485391	6000000077978156310
Q107485734	6000000006348621710
Q107485735	6000000003942790279
Q107485737	6000000003942783000
Q107485738	6000000003942790010
Q107485739	6000000003942867246
Q107485881	6000000081268167088
Q107486044	6000000008394520094
Q107486128	6000000013382581947
Q107486130	6000000013382594833
Q107486131	6000000075598145843
Q107486132	6000000000854957252
Q107486140	6000000000270279949
Q107486141	6000000003937579483
Q107486146	6000000000854957261
Q107486150	6000000058725857826
Q107486151	6000000020389989083
Q107486155	6000000103453516881
Q107486156	6000000012225517132
Q107486157	292051914600006873
Q107486980	6000000000893220685
Q107487001	6000000007403679390
Q107487003	4906295448070047860
Q107487006	5010901028730106683
Q107487008	6000000012901031480
Q107487035	6000000014092705011
Q107487036	6000000023872844743
Q107487047	6000000010143124680
Q107487049	6000000021329041851
Q107487050	6000000003280670558
Q107487071	6000000003939060947
Q107487669	6000000056943596876
Q107488436	6000000003433704508
Q107488977	6000000048545804903
Q107489272	6000000006265019302
Q10748975	6000000025081607096
Q107491201	6000000080112784057
Q107493982	6000000010081328286
Q107494124	6000000027774139290
Q107494302	6000000084832095952
Q107496392	6000000004589096297
Q107496393	6000000013007146055
Q107496427	6000000024235584316
Q107496543	6000000000689020363
Q107496545	6000000006442166917
Q107496740	6000000000565828972
Q107496934	6000000057975978932
Q107496937	6000000019186883124
Q107497585	6000000039819399207
Q107497625	6000000147091089885
Q107498036	6000000024290072679
Q107498038	6000000024290253830
Q107498039	6000000024290206199
Q107498411	6000000000354727847
Q107498416	6000000002689402523
Q107498421	6000000004575003596
Q107499150	6000000020935499629
Q107503685	6000000007088787757
Q107504878	6000000100057762822
Q107505329	6000000130762210979
Q107505508	6000000000260286127
Q107505640	6000000015239672480
Q107505788	6000000037494692623
Q107505918	6000000027253020948
Q107506018	6000000011775843704
Q107506095	6000000173971808207
Q107506284	6000000000269166110
Q107506602	6000000024430474644
Q107506680	6000000038356529314
Q107506765	6000000165808233963
Q107508899	6000000135524375250
Q107510	6000000008511144782
Q107510895	6000000065163123933
Q107517468	6000000105955197934
Q107517987	6000000083777395465
Q107518835	6000000157334639835
Q107518835	6000000160911265843
Q107518836	6000000006968517920
Q107520458	6000000015068415994
Q107520970	6000000034007266164
Q107521071	6000000157334639846
Q107521173	6000000160911386821
Q107521258	6000000008909322821
Q107521566	6000000077844548997
Q107521599	6000000006891679811
Q107521615	6000000006892253070
Q107521640	6000000023262771690
Q107521683	6000000046755070029
Q107522	6000000022464996048
Q107523223	6000000032382412194
Q107523694	6000000000237453110
Q107523696	6000000000237084812
Q107523779	6000000009965568773
Q107523781	6000000009966036212
Q107523783	6000000009966027249
Q107523788	6000000009966083319
Q107523797	6000000009965606148
Q107523824	6000000009965680808
Q107523828	6000000025925896337
Q107523829	6000000000282473852
Q107523937	6000000009968514974
Q107523939	6000000025926135333
Q107523941	6000000000283195076
Q107523944	6000000009968912323
Q107523948	6000000009966272344
Q107524044	6000000009965702993
Q107524049	6000000009965762791
Q107524052	6000000009965913974
Q107524054	6000000009966034240
Q107524055	6000000009965881958
Q107524108	6000000009965741876
Q107524178	6000000009965662671
Q107524182	6000000009965724834
Q107524190	6000000009965687965
Q107524192	6000000009965666026
Q107524193	6000000003473774986
Q107524199	6000000009965882986
Q1075247	6000000071556047050
Q107525082	6000000039690270326
Q107525158	6000000039690520954
Q107525650	6000000177036858876
Q107525652	6000000177036535914
Q107525696	6000000003474508445
Q107525706	6000000003453767675
Q107525708	6000000003453887344
Q107525765	6000000003474336806
Q107525768	6000000003474988040
Q107525838	6000000079491554823
Q107525928	6000000079491172024
Q107526145	6000000008141620219
Q107526381	6000000003475096017
Q107526384	6000000003453831799
Q107526436	6000000003474397664
Q107526695	6000000034966867005
Q107526924	6000000083036085843
Q107527000	6000000038272275868
Q107527011	6000000001409485421
Q107527903	6000000033239984361
Q107527940	6000000031053067445
Q107528129	6000000033239967170
Q107528136	6000000033240016297
Q107528363	6000000017885587718
Q107528379	6000000043050845231
Q107528383	6000000105955486918
Q107528393	6000000105953921294
Q107528415	6000000009468187686
Q107528566	6000000023213056629
Q107528578	6000000023213392522
Q107528700	6000000023213562456
Q107529131	6000000000881873202
Q107529258	6000000006277511375
Q107529295	6000000027212451005
Q107529309	6000000006330049385
Q107529710	6000000006598437114
Q107530491	6000000022853251478
Q107530659	6000000033240134013
Q107531188	6000000014486727651
Q107531727	6000000018298764267
Q107532	6000000010723234822
Q107533508	6000000028410039916
Q107533509	6000000028410573985
Q107533511	6000000028410518011
Q107533512	6000000028409857075
Q107533514	6000000010879483769
Q107533515	6000000010880140528
Q107533518	6000000028410555837
Q107533519	6000000041018879139
Q107533521	6000000075033768233
Q107533529	6000000028410221458
Q107533578	6000000041018856170
Q107533579	6000000041019210275
Q107533594	6000000074990211479
Q107533595	6000000074991586830
Q107533598	6000000074990742081
Q107533599	6000000017601430709
Q107533663	6000000041134470112
Q107533664	6000000037452600610
Q107533690	6000000037452974052
Q107535	6000000031117449287
Q10753508	6000000013394442522
Q107539	6000000015423296475
Q107539572	6000000031922539885
Q107539678	6000000031922229440
Q107539681	6000000031921933660
Q107539687	6000000031922189393
Q107539690	6000000031921915650
Q107539698	6000000031922133259
Q107539701	6000000031922141431
Q107539702	6000000028088330295
Q107539957	6000000025005330132
Q107540704	6000000062641872833
Q107541485	6000000076803509008
Q107542002	6000000015218631338
Q107542190	6000000006324804305
Q107542716	6000000172962783867
Q107543295	6000000033698244087
Q107543933	6000000024437185226
Q107545834	6000000069980479984
Q107545976	6000000025005845413
Q107547780	6000000050376590867
Q107547798	6000000151401957100
Q107547865	6000000014338021882
Q107547867	6000000014338038276
Q107547869	6000000014338196316
Q107547876	6000000014338136224
Q107547877	6000000001002958250
Q107547888	6000000015138608806
Q107547920	6000000031338286997
Q107547921	6000000029572429875
Q107547923	6000000001130807604
Q107547925	6000000031338320092
Q107547927	6000000026956232834
Q107547931	6000000000969017886
Q107547938	6000000015138674718
Q107548195	6000000170631657864
Q107548198	6000000009148271762
Q107548199	6000000176181382845
Q107548224	6000000044260850898
Q107548226	6000000044263252655
Q107548227	6000000044260829888
Q107548230	6000000044220553884
Q107548240	6000000090951540142
Q107548243	6000000044217869888
Q107548245	6000000044200735092
Q107548246	6000000044200475106
Q107548248	6000000044200536173
Q107548249	6000000044220734090
Q107548264	6000000044220522455
Q107548306	6000000014298676068
Q107548307	6000000016727448754
Q107548310	6000000016727552415
Q107548316	6000000014298356186
Q107548360	6000000016727486443
Q107548361	6000000074830551076
Q107548362	6000000040187626822
Q107548801	6000000074824305964
Q107548817	6000000024101366280
Q107551140	6000000003976871501
Q107551141	6000000007454334533
Q107551142	6000000003877982643
Q107551144	6000000003976871485
Q107551383	6000000011371119103
Q107551454	6000000001180345775
Q107551456	6000000004047299426
Q107551749	6000000176784202828
Q107552261	6000000058555774947
Q107552295	6000000010394312346
Q107552305	6000000010394369472
Q107552368	6000000058555859135
Q107552370	6000000037934309442
Q107552404	6000000058555989929
Q107555633	6000000044316029062
Q107555715	6000000020074957001
Q107555751	6000000002237373583
Q107555753	6000000018898002698
Q107555754	6000000018898211900
Q107555756	6000000018898375937
Q107555758	6000000006110865774
Q107555786	6000000018898641525
Q107555953	6000000081800645893
Q107556410	6000000077225945167
Q107556427	6000000104556497384
Q107557869	6000000012578825734
Q107558	6000000049439554845
Q107559242	6000000075015474171
Q107559376	6000000075015992832
Q107559668	6000000037074855906
Q107559714	6000000037073646215
Q107561058	6000000081000997925
Q107561408	6000000002661021454
Q107562686	6000000007426877722
Q107563186	6000000017016474606
Q107563187	6000000002790220058
Q107563188	6000000021478808584
Q107563189	6000000002603459081
Q107563191	6000000018128522229
Q107563223	6000000002790247647
Q107563225	6000000002154373803
Q107563227	6000000006774346198
Q107563229	6000000001562746627
Q107563230	6000000005083145785
Q107563373	6000000028686446340
Q107563377	6000000036614207853
Q107563378	6000000028686556044
Q107563597	6000000188826420821
Q107565957	6000000007486545331
Q107565958	6000000001729968075
Q107565961	6000000001730029123
Q107565962	6000000001730076265
Q107566933	6000000083695882231
Q107566949	6000000013961325517
Q107566951	6000000013960992930
Q107566953	6000000032040865035
Q107566954	6000000032040811183
Q107566955	6000000000966305629
Q107566956	6000000000966305360
Q107566957	6000000004094659439
Q107566959	6000000000966141752
Q107567038	6000000021758527366
Q107567040	6000000001882070111
Q107567041	6000000001881577663
Q107567042	6000000008995399915
Q107567065	6000000008985381341
Q107567070	6000000008979647313
Q107567071	6000000003075816211
Q107567092	6000000001882152131
Q107567093	6000000002187049585
Q107567096	6000000009402804212
Q107567097	6000000008369907836
Q107567098	6000000000484935356
Q107567137	6000000011723387886
Q107567144	6000000148237266829
Q107567319	6000000052076679866
Q107567321	6000000052073198462
Q107567468	6000000012167542332
Q107567484	6000000013207632861
Q107567485	6000000025704290668
Q107567486	6000000025704909970
Q107567489	6000000023485842249
Q107567490	6000000006864217133
Q107567492	6000000006768495635
Q107567495	2163217
Q107567496	6000000002143459245
Q107567499	2163901
Q107567533	6000000026257336154
Q107567534	6000000026257271456
Q107567536	6000000107795008840
Q107567537	6000000024985300912
Q107567538	6000000009908050115
Q107567540	6000000008630814266
Q107567541	6000000007184840251
Q107567542	6000000001090616370
Q107567570	6000000018127084814
Q107568193	6000000018127084808
Q107568502	6000000077641594027
Q107570343	6000000013869744769
Q107570595	6000000013869604879
Q107571101	6000000028255989549
Q107571128	6000000028256831970
Q107571969	6000000054244933912
Q107572934	6000000025005342412
Q107572992	6000000004953465644
Q107573687	6000000105329619218
Q107573776	6000000105330664251
Q107573794	6000000105333043824
Q107573806	6000000013591589540
Q107573816	6000000105330928957
Q107573889	6000000110103287855
Q107574676	6000000011725629272
Q107574933	6000000030406946610
Q107575065	6000000002494575578
Q107576218	6000000192658261844
Q107576220	6000000042049544000
Q107576233	6000000102824606413
Q107576260	6000000017186352722
Q107576269	6000000034156361941
Q107576324	6000000103928241843
Q107576349	6000000030962430386
Q107576385	6000000025863326142
Q107576388	6000000002782907346
Q107576391	6000000026960363987
Q107576395	6000000003187782151
Q107576399	6000000003187731471
Q107576403	6000000002782909938
Q107576406	6000000002782828981
Q107576419	6000000027254026507
Q107576436	6000000025863535954
Q107576438	6000000026960252203
Q107576439	6000000027253728569
Q107576483	6000000004058207667
Q107576521	6000000061155803043
Q107576550	6000000172332268609
Q107576551	6000000001350398177
Q107576570	6000000078856956844
Q107576571	6000000017576626555
Q107576594	6000000003301752740
Q107576601	6000000000874072035
Q107576602	6000000007991256885
Q107576604	6000000013114510318
Q107576642	6000000057455208944
Q107576649	6000000209627599991
Q107576698	6000000046006015915
Q107576704	6000000018043954782
Q107576747	6000000077280866989
Q107576753	6000000081975153841
Q107576763	6000000041347796973
Q107576789	6000000040631558728
Q107576793	6000000011869715642
Q107576854	6000000061903702875
Q107576939	6000000047258498396
Q107577465	6000000041382958259
Q107577714	6000000015866570249
Q107578249	6000000034615569838
Q107578311	6000000034605635866
Q107578446	6000000034605404122
Q107578672	6000000034615013230
Q107578782	6000000034605177308
Q107578831	6000000004590183792
Q107578870	6000000034605303934
Q107578895	6000000034605089736
Q107578920	6000000004590183783
Q107578939	6000000034605393061
Q107582729	6000000015325092738
Q107583	6000000069208313975
Q107585038	6000000035299513978
Q107585170	6000000017766971787
Q107585293	6000000027636918036
Q107585309	6000000000223862078
Q107585321	6000000018979879505
Q107585416	6000000024707657758
Q107585447	5569913661360137721
Q107585507	6000000076915780250
Q107585741	6000000007588477661
Q107586002	6000000000556747277
Q107586625	6000000017610452639
Q107586642	6000000017610862097
Q107586671	6000000017610772535
Q107586882	6000000019895068383
Q107587771	6000000000972122972
Q107587922	6000000015922108636
Q107588016	6000000007992786761
Q107588037	6000000015928429725
Q107588240	6000000077733998821
Q107589484	6000000122232548845
Q107590929	5569892765730055647
Q107591	6000000078218150246
Q107591015	5569786635730125652
Q107591395	5569898834620044757
Q107591567	6000000112685251944
Q107594813	6000000037192200513
Q107594887	6000000018115506311
Q107597278	6000000008030175090
Q107597280	3120053
Q107597281	6000000008030448274
Q107597283	6000000008032339352
Q107597286	6000000003666583839
Q107597288	6000000007379599110
Q107597298	6000000003666018768
Q107597300	6000000007284069606
Q107597301	6000000092822421833
Q107597302	6000000003660156840
Q107597304	6000000003660248008
Q107597306	6000000008301448105
Q107597310	6000000007284069536
Q107597312	6000000007284069529
Q107597340	6000000001511249793
Q107597341	6000000000966208782
Q107597343	6000000002869757521
Q107597350	6000000000966208859
Q107597351	6000000001851584482
Q107597352	6000000001851551242
Q107597355	6000000000209548746
Q107597356	6000000007606551422
Q107597357	6000000007606551428
Q107597360	6000000012696576774
Q107597362	6000000000618886546
Q107597397	6000000000795216385
Q107597399	6000000019870959632
Q107597400	6000000016337679949
Q107597402	6000000006150407071
Q107597404	300427557060005486
Q107597546	6000000002824318430
Q107597547	6000000006414598347
Q107597558	6000000006077372055
Q107597560	6000000001669093478
Q107597563	6000000001669093302
Q107597567	6000000006843151010
Q107597569	6000000007283508432
Q107597570	6000000006843124028
Q107597574	6000000007094612157
Q107597580	6000000007283508540
Q107597586	6000000002824336670
Q107597600	6000000023113044458
Q107597903	6000000020800080593
Q107598170	6000000020800144286
Q107598420	6000000092564445034
Q107598627	6000000002641339895
Q107598845	6000000029898835821
Q107599583	6000000002522092306
Q107600383	6000000018625641669
Q107600435	6000000003099855525
Q107600464	6000000041052969999
Q107600744	6000000211579353834
Q107602083	6000000084818335044
Q107602128	6000000164103254884
Q107603011	6000000177207348840
Q107604229	5553511902010054739
Q107604475	6000000011045002305
Q107604476	6000000003512180351
Q107604479	6000000003512180306
Q107604527	6000000010492321719
Q107604653	6000000006900909860
Q107604736	6000000026602413937
Q107604739	6000000008630764186
Q107604792	6000000031279386635
Q107604795	6000000003029929477
Q107604796	6000000031279042653
Q107605091	6000000006175754836
Q107605092	6000000002838893359
Q107605979	6000000025739716206
Q107606006	6000000023783893592
Q1076075	6000000030018140479
Q107607859	6000000038340405017
Q107608531	6000000007419275483
Q107608572	6000000007413478372
Q107608647	6000000007412377438
Q107608724	6000000016407375925
Q107608771	6000000016397020987
Q107608826	6000000016396901853
Q107608859	6000000011145530609
Q107608877	6000000016396531805
Q107609	6000000029304104860
Q107609033	6000000001850670030
Q107610953	6000000019137153783
Q107611033	6000000019137099955
Q107611086	6000000059117516849
Q107611464	6000000010317739156
Q107611604	6000000032828680858
Q107611690	6000000023911824101
Q107611712	6000000090276172414
Q107611990	6000000134792607831
Q107612208	6000000126155972821
Q107612658	6000000006905041897
Q107612769	6000000014783516934
Q107613145	6000000010797579732
Q107613381	6000000017305732789
Q107613385	6000000017305027958
Q107613389	6000000017264293871
Q107613548	6000000016127783041
Q107613642	6000000018988991133
Q107613643	6000000018988686697
Q107613648	6000000018988433957
Q107613728	6000000009936303065
Q107613752	3548601
Q107613778	6000000015430557338
Q107613810	6000000012959157310
Q107613811	6000000012957252155
Q107614	6000000010897629512
Q107614038	6000000012698695072
Q107614040	6000000000320749163
Q107614041	6000000000320749103
Q107614057	6000000012943756026
Q107614059	6000000012943916245
Q107614062	6000000012943854414
Q107614063	6000000000769899321
Q107614081	6000000012698970443
Q107614081	6000000148336134201
Q107614086	6000000000321420073
Q107614089	6000000000320749028
Q107614098	6000000000097340675
Q107615062	6000000040991195138
Q107615212	6000000044318299946
Q107615419	6000000046295875232
Q107615738	6000000009033833741
Q107615973	6000000216790736906
Q1076161	6000000184285837845
Q107617454	6000000208818327831
Q107617722	6000000011015785533
Q107619	6000000034213193503
Q107619158	6000000023783934100
Q107619614	6000000015305592188
Q107619744	6000000007789343192
Q107620033	6000000017210092156
Q1076201	6000000042529098050
Q107620529	6000000006796568526
Q107620686	6000000038473248100
Q107620738	6000000024947980981
Q107620817	6000000000093083703
Q107621252	6000000039840580428
Q107621292	6000000006137019005
Q107621574	6000000019806309768
Q107621585	6000000016211998799
Q107621586	6000000008369964991
Q107621687	6000000040947408918
Q107621702	6000000000191534135
Q107621778	6000000169681093443
Q107621779	6000000169682133994
Q107621780	6000000009796247299
Q107621782	6000000013177650865
Q107621784	6000000000250104868
Q107621794	6000000100921095701
Q107621876	308513477930001509
Q107621923	6000000023340588643
Q107621936	6000000021449504406
Q107621937	6000000016435583642
Q107621947	6000000043571392987
Q107621949	6000000043569730061
Q107621951	6000000043569624089
Q107621954	6000000043569939921
Q107621980	6000000043570181917
Q107621986	6000000043570306915
Q107621991	6000000060792086603
Q107622000	6000000002447050754
Q107622005	6000000059393782919
Q107622008	6000000012376095825
Q107622012	6000000001556098232
Q107622017	6000000043570016040
Q107622030	6000000043569442413
Q107622032	6000000005058981390
Q107622034	6000000002293692503
Q107622140	6000000026037570844
Q107622147	6000000024401347082
Q107622880	6000000180612657825
Q107625903	6000000050130974043
Q107625960	6000000022773120446
Q107626	6000000006375916501
Q107626702	6000000216864021844
Q107626906	6000000216864052822
Q107627	6000000018290557897
Q107627122	6000000216861728821
Q107627161	6000000216863979875
Q107627795	6000000014224580052
Q107628004	6000000024915502849
Q107629904	6000000177206064891
Q107630	6000000121957214864
Q107630005	6000000177225835822
Q107631209	6000000013644230212
Q107631808	6000000045713598983
Q107631810	6000000011335370669
Q107631882	6000000006900951702
Q107631888	6000000006900927686
Q107631925	6000000022601047024
Q107631926	6000000022601177876
Q107631935	6000000091404543975
Q107632	6000000031759336415
Q107632004	6000000020745625650
Q107632026	6000000020191981632
Q107632029	6000000016941423600
Q107632029	6000000114253076834
Q107632030	6000000000565801253
Q107632033	6000000000999242502
Q107632035	6000000001756675758
Q107632038	6000000000795205388
Q107632039	6000000000795205426
Q107632059	5393724702420042984
Q107632062	6000000020745864189
Q107632095	6000000018965383268
Q107632096	6000000018965024754
Q107632097	6000000018965160755
Q107632155	6000000007418156383
Q107632156	6000000007418058391
Q107632157	6000000007418057097
Q107632158	6000000005071038643
Q107632160	6000000002175565455
Q107632161	6000000002953547825
Q107632197	6000000214712084857
Q107632361	6000000014567840050
Q107632469	6000000016011309192
Q107632575	6000000214718128824
Q107632722	6000000216861512878
Q107632940	6000000214711758831
Q107633093	6000000216744458827
Q107633126	6000000216744374824
Q107633173	6000000004694863622
Q107633202	6000000016006928546
Q107633251	6000000004695481148
Q107633264	6000000016007285221
Q107633271	6000000016006802572
Q107633295	6000000015395188899
Q107633304	6000000016006749664
Q107633336	6000000216743453860
Q107633346	6000000216743948858
Q107633384	6000000216724669852
Q107633394	6000000216724739824
Q107633421	6000000216725175836
Q107633517	6000000024400313768
Q107633517	6000000214711218822
Q107633549	6000000214711374838
Q107633565	6000000214711737834
Q1076340	370761428800012739
Q107636130	6000000104495620038
Q107636146	6000000214711740823
Q107636157	6000000214711748830
Q107636404	6000000119408198821
Q107637088	6000000017564725347
Q107637375	6000000078580599934
Q107637836	6000000021411834886
Q107637882	4056947
Q107639258	6000000184753140852
Q107639528	6000000177310570825
Q107639884	6000000051570260839
Q107640465	6000000133461322898
Q107640568	6000000020036076853
Q107640651	6000000069429090835
Q107641092	6000000004384353588
Q107641503	6000000007014434087
Q107641611	6000000017731857072
Q107641636	6000000016432678738
Q107641727	6000000193215942842
Q107641932	6000000007014421081
Q107642144	6000000203812113822
Q107642240	6000000013925595072
Q107642253	6000000013925538067
Q107642425	6000000028594949216
Q107642469	6000000028596357947
Q107643	6000000016511405599
Q107643229	6000000038534471154
Q107643589	6000000015754540629
Q107643627	6000000015754676556
Q107643627	6000000197125929908
Q107643634	6000000015754364432
Q107643634	6000000197126905849
Q107643765	6000000099953495822
Q107643794	6000000037273077464
Q107644	6000000015673775916
Q107644057	6000000014855532311
Q107645689	6000000004531088050
Q107646490	6000000043652271895
Q107646680	6000000008864309962
Q107647139	6000000220248403832
Q107647412	6000000172367623825
Q107647753	6000000015064834407
Q107648443	6000000108725760821
Q107648512	6000000015064494629
Q107649448	6000000017913280038
Q107649633	6000000014217089699
Q107649857	6000000018810965412
Q107650546	6000000165480192821
Q107650685	6000000023467408776
Q107650895	6000000006294192500
Q1076511	6000000018657212162
Q107652467	6000000165480226853
Q107652471	6000000019749720386
Q107652479	6000000019749663819
Q107652494	6000000019217950139
Q107652546	6000000165484823821
Q107652603	6000000165482174839
Q107652664	6000000021841032910
Q107652674	6000000042585316003
Q107652696	6000000081375241988
Q107652769	6000000023511352549
Q107652791	6000000036437939814
Q107653059	6000000023511903897
Q107654	6000000160723248821
Q107656	6000000014582572367
Q107656676	6000000205078925827
Q107656969	6000000008781207172
Q107657793	6000000024006128052
Q107657952	6000000073193988910
Q107658043	6000000020436189121
Q107658268	6000000100923991860
Q107658427	6000000057780695866
Q107658444	6000000007617191823
Q107658575	6000000168935470250
Q107658739	6000000023981706416
Q107658803	6000000179081134855
Q107658933	6000000023981498759
Q107658947	6000000007343761605
Q107660	6000000036266483116
Q107660622	6000000068447835915
Q107661920	6000000013415901392
Q107663	6000000015423050909
Q107664276	6000000033414734425
Q107664380	6000000016142209862
Q107665467	6000000018369249659
Q107666025	5011574983080138597
Q107667	6000000073495796186
Q107669999	6000000001938057284
Q107670502	6000000009008157599
Q107671216	6000000007401729284
Q107671263	6000000078655423955
Q107671283	6000000003772757760
Q107671283	6000000203965544825
Q107671332	6000000173564556099
Q107671376	6000000021411658239
Q107671428	6000000068544912830
Q107671535	6000000016046402241
Q107671566	6000000135522080830
Q107671586	6000000135521794846
Q1076719	6000000075346413844
Q107676574	6000000021754944388
Q107681688	6000000006323575298
Q107683132	6000000177308375874
Q107684127	6000000008210153838
Q107686	6000000003827484825
Q107686457	330023360830007576
Q107688699	6000000004215229921
Q107689499	6000000008675410688
Q107689618	6000000004229588501
Q107690045	330119090380005849
Q107691	6000000019851913062
Q10769368	6000000081016408014
Q107694371	6000000013355706906
Q107694788	6000000179167047107
Q10769483	6000000002802245414
Q107695724	6000000081301673738
Q107696012	6000000017561765012
Q107696710	6000000062658272838
Q107696745	6000000014254794176
Q107696812	6000000062658282843
Q107697007	6000000177920084836
Q107697122	6000000024459039986
Q107697249	6000000020460443910
Q107697760	6000000020459487661
Q107701727	6000000004009963800
Q107704921	6000000209574759880
Q107706649	6000000027590367041
Q107707454	6000000027590561586
Q107708014	6000000039105322772
Q107708218	6000000000507101746
Q107708436	6000000041825028676
Q107708966	6000000001689764478
Q107709001	6000000001689764535
Q107709143	6000000006900909280
Q107709148	6000000021937891473
Q10770983	6000000014786836393
Q107710365	6000000073541223898
Q107710367	6000000073541750821
Q107710369	6000000073541724890
Q107710373	6000000073549696893
Q107710375	6000000073550529821
Q107710381	6000000073549958866
Q107710384	6000000073552964823
Q107710385	6000000073552804840
Q107710389	6000000073552938842
Q107710390	6000000016643644704
Q107710391	6000000016644253095
Q107710393	6000000073554066828
Q107710395	6000000073554941828
Q107710404	6000000016644076587
Q107710410	6000000016644057296
Q107710411	6000000016643507753
Q107710413	6000000016644112201
Q107710416	6000000016644173785
Q107710463	6000000002284992499
Q107710464	6000000002284992492
Q107710474	6000000056403666913
Q107712187	6000000021938119834
Q107712614	6000000008715413131
Q107714732	6000000020160113050
Q107715267	6000000010072557038
Q107717578	6000000180950311849
Q107717863	6000000127366887849
Q107718472	6000000007416448690
Q10772187	6000000123765086834
Q107722302	360062164870006419
Q107722303	6000000001319636666
Q107722770	6000000020692651459
Q107725014	6000000017613811814
Q107725712	6000000017414639101
Q107726576	6000000004079710130
Q107726737	6000000005415315181
Q107726746	6000000003422354157
Q107726759	6000000002641639993
Q107726773	6000000006348614334
Q107727040	6000000001727300933
Q107727043	349759387160012651
Q107727530	6000000003196757881
Q107728	6000000002604861445
Q107728863	6000000001820032159
Q107730	6000000028323699947
Q107733260	6000000000301925066
Q107735260	6000000089921778916
Q107735285	6000000089922029859
Q107735577	6000000012271954731
Q107735579	6000000012271887808
Q107735582	6000000017111961931
Q107735583	6000000017111836851
Q107736039	2887727
Q107736167	6000000040381985531
Q10773635	6000000189454622856
Q107736438	6000000008914909498
Q107736499	6000000017190443478
Q107736806	6000000038380871011
Q107736994	6000000067090993941
Q107736995	6000000015748929644
Q107737027	6000000059602840068
Q107737289	6000000024304326898
Q107737587	6000000029636707098
Q107737703	329002702180001510
Q107738606	6000000184176302858
Q107740035	6000000021741251669
Q107740186	6000000176994186842
Q107740526	6000000084386703904
Q107742703	6000000013173069806
Q107746166	6000000022626722838
Q107746284	6000000006081360225
Q107748	6000000020960084242
Q107749839	6000000035539958425
Q107749874	324262011800001365
Q107750220	6000000000104629966
Q107750248	6000000006197742310
Q107750952	6000000017613075701
Q107751085	6000000016476456474
Q107751500	6000000005745648893
Q107751582	6000000176237868867
Q107751622	6000000050698304821
Q107751677	6000000084386710928
Q107751777	6000000018819701391
Q107752247	6000000013173661994
Q107752574	6000000010817958320
Q10775542	6000000055321368131
Q107758248	6000000131686019957
Q107759	6000000052055907859
Q1077594	6000000033077940154
Q1077635	6000000015926831693
Q107766929	6000000004097586612
Q107767302	6000000006241204371
Q107770217	6000000011814203251
Q107772269	6000000040942724159
Q1077723	6000000008574716623
Q107772928	6000000014196983643
Q107775453	4928927708850025873
Q107776298	6000000000632102677
Q107778	338442956190014986
Q107781044	6000000154675055823
Q1077819	6000000008935260145
Q107782252	6000000004349351518
Q107782395	6000000116835880823
Q107786268	6000000107505701227
Q107787	6000000036515360902
Q107794	6000000028522825171
Q107795	6000000025271959278
Q1077973	6000000006595632324
Q107798065	6000000002395692141
Q10779853	6000000069192305861
Q10779983	6000000052526852859
Q10779989	6000000169029315823
Q10780100	6000000077978416105
Q10780162	6000000031943385975
Q10780277	6000000067586312821
Q10780305	6000000123677308852
Q107804216	6000000005920425701
Q107804797	6000000001659396259
Q10780494	6000000174027014828
Q10780556	6000000082750741146
Q10780679	6000000079387516872
Q10780780	6000000062734653861
Q107807926	6000000043791401978
Q107808301	6000000034221365137
Q10781005	6000000038167686945
Q10781058	6000000111768319869
Q10781122	6000000010149699812
Q10781172	6000000213867993613
Q1078143	6000000002278474993
Q10781456	6000000217319189424
Q10781586	6000000037474482755
Q107817234	6000000172621597259
Q10781852	6000000075327064852
Q1078196	6000000059189571841
Q107821	6000000034752082705
Q1078238	6000000158649944821
Q107827383	6000000079251897897
Q107828	6000000015119664273
Q1078285	6000000173635103851
Q1078389	6000000002231287239
Q1078390	6000000003824385574
Q107839082	6000000021738272984
Q1078398	6000000014567751956
Q107840640	6000000007378589220
Q107840697	6000000021955156182
Q107844910	6000000007377174219
Q107845	5560699469130112212
Q107850974	6000000011200334837
Q1078531	6000000002449490697
Q1078535	6000000033050259924
Q107856612	6000000039307967793
Q107858863	6000000007378184286
Q107860633	6000000008651413269
Q107860638	6000000003346092429
Q107860651	6000000029059552513
Q107860689	6000000084121210031
Q107861327	6000000109870524067
Q107863037	6000000205754414822
Q1078631	6000000069564736159
Q107863282	6000000006791372086
Q107863447	6000000006080019395
Q107863556	6000000006079982911
Q107863870	6000000052961403236
Q107863968	6000000030022330847
Q107864016	6000000030022152154
Q107864060	6000000004148027841
Q107864177	4488887663900022133
Q107864203	6000000009430172254
Q107864271	6000000102567592191
Q1078652	6000000020378296600
Q1078697	6000000021540727341
Q1078701	6000000071370676986
Q107871089	6000000013175203935
Q107872262	6000000004969805031
Q1078727	6000000098999971870
Q1078729	6000000064821618071
Q10787546	347877828740011342
Q1078757	6000000020696063769
Q107876644	6000000068700378972
Q1078772	6000000184675964826
Q1078781	6000000005999555009
Q1078794	6000000009806279259
Q107879687	6000000013218292282
Q1078800	6000000068738695888
Q10788156	6000000074699059879
Q1078821	6000000025630825615
Q1078824	6000000038847508134
Q107882718	6000000002177089733
Q107883	6000000012735321232
Q107883192	6000000021893228915
Q1078837	6000000003010298450
Q1078839	6000000036881044153
Q107884838	6000000008010957319
Q1078881	6000000024612233319
Q1078892	6000000175016507037
Q107889504	6000000013268299073
Q107889997	6000000034624400479
Q1078939	6000000014745419065
Q107894076	6000000018702729363
Q107895081	6000000025605289167
Q107895090	6000000025604971792
Q107895628	6000000001827619573
Q1079002	6000000008642165684
Q1079005	6000000011506623197
Q107901563	6000000001499246825
Q107901569	6000000006346340097
Q107902112	6000000006346628982
Q107904	6000000183507395853
Q107904852	6000000051942693503
Q1079060	6000000006515421676
Q1079063	6000000039297263466
Q107907466	6000000172724890895
Q107909	6000000107454326857
Q107911	6000000015424111909
Q1079125	6000000186425102821
Q1079150	6000000014487411458
Q107916	6000000023669476644
Q1079174	6000000016720078717
Q107918042	6000000000075621344
Q107918125	6000000000612194253
Q107918200	6000000000142708917
Q107918278	6000000008529428993
Q107919310	6000000021893228910
Q107919935	6000000016382144454
Q107920011	6000000018353837285
Q107920205	6000000013718371979
Q107920390	6000000016623164033
Q107921	6000000076464918076
Q107921048	6000000114024529909
Q107921101	6000000001038127416
Q107921127	6000000011584848356
Q1079243	6000000001655726078
Q1079245	6000000024628499682
Q1079252	6000000015701968891
Q1079307	6000000001504406552
Q1079314	6000000042886621425
Q107933	6000000012954044998
Q1079343	6000000002340123964
Q107935	6000000176742904839
Q1079357	6000000177920814824
Q107935950	388889587760011584
Q107936598	6000000046998257452
Q107937067	6000000023441745884
Q1079398	6000000032393375973
Q1079408	6000000046137293863
Q1079451	6000000147033827022
Q107947	6000000030503313116
Q1079472	6000000037104869279
Q1079476	6000000043485545312
Q1079478	6000000016545782679
Q107949539	6000000033003146910
Q10795029	6000000032151683910
Q1079504	6000000217383803823
Q1079508	6000000012514896064
Q107953783	6000000015594882328
Q1079545	6000000016518025175
Q1079546	6000000005599165764
Q1079549	6000000005441211167
Q1079554	6000000156829836860
Q1079565	6000000166891583890
Q107956589	6000000084236009685
Q107956823	6000000014652803554
Q107956877	6000000176533470903
Q107957	6000000027504201499
Q1079571	6000000000668641884
Q1079576	6000000008925230277
Q107957741	6000000066642125212
Q1079579	6000000047977862845
Q107958	6000000035381970645
Q1079581	6000000126179016024
Q1079601	6000000007229834545
Q1079605	6000000074445492826
Q107960537	6000000011360554681
Q107962791	6000000015752457466
Q1079637	6000000026790073210
Q107964	6000000010104080294
Q1079640	6000000166251802821
Q107964539	6000000189787081836
Q1079656	6000000107162219823
Q107966	6000000004097907238
Q107968704	6000000000332440168
Q107968775	6000000003124804115
Q107968775	6000000053630046836
Q107968780	5563796004840038151
Q1079690	6000000075338172821
Q107969190	6000000075918380179
Q1079696	6000000031024058171
Q107969605	6000000189787017824
Q107970	6000000020815503440
Q107970199	6000000157021104838
Q107970284	6000000153906958834
Q1079705	6000000024615748353
Q107970872	6000000111826888918
Q107971004	6000000001943143160
Q107971504	6000000066584383893
Q107972919	6000000101306761922
Q1079746	6000000049829595558
Q107974692	6000000038912787518
Q107974694	6000000018439174572
Q107975375	6000000029467605069
Q107975725	6000000178608829823
Q107975769	6000000025996115637
Q107976071	6000000047546964840
Q1079769	6000000020585062718
Q107977345	6000000018221755695
Q107977456	6000000018221501855
Q1079775	6000000021080259165
Q107978468	6000000002153078169
Q107978474	6000000007945646723
Q107978487	6000000000127528402
Q107978489	6000000009912201476
Q107978493	6000000003085864528
Q107980442	6000000006598872541
Q107980443	6000000003693258470
Q107980444	6000000000550093437
Q1079809	6000000127376845872
Q1079816	6000000019669075059
Q107981839	6000000016706786213
Q107981889	6000000022834501115
Q107981961	6000000016359036530
Q107981963	6000000051035758962
Q107982865	6000000020339979820
Q107982928	6000000039911687155
Q107982929	6000000022767637094
Q107982957	6000000010782325533
Q107982958	6000000008552553441
Q107982959	6000000012545629735
Q107982987	6000000012864124815
Q107983046	6000000018613307567
Q107984090	6000000003665055080
Q107984220	6000000002596002106
Q107984273	6000000022146285273
Q107984373	6000000007804441761
Q107984883	6000000178375759829
Q107985330	6000000047386545025
Q107985783	6000000022670444524
Q107985877	6000000022670676993
Q107985904	5368229891950133833
Q107986	6000000007600161003
Q107986126	6000000014295289745
Q107986127	6000000001519136169
Q107986128	4250583994170038082
Q107986130	6000000027170670264
Q107986131	6000000004402392456
Q107986316	6000000001563087653
Q107986323	6000000015106877443
Q107986324	6000000002615485036
Q107986325	6000000003076231473
Q107986339	6000000001843185073
Q107986347	6000000001579469664
Q107986348	6000000001579469644
Q107986354	6000000001563087850
Q107986403	6000000046842480955
Q107986407	6000000000249666984
Q107986408	6000000007393185886
Q107986410	6000000001402432394
Q107986411	6000000002766544955
Q107986412	6000000041157324556
Q107986413	6000000002908626848
Q107986417	6000000000249666948
Q107986418	6000000001678657139
Q107986419	6000000001678856808
Q107986540	6000000002799102196
Q107986549	6000000009879099460
Q107986586	6000000008166737926
Q107986587	6000000000981612014
Q107986598	6000000008603601825
Q107986600	6000000008602006592
Q107986604	6000000006442019870
Q107986647	6000000004079541812
Q107986651	6000000004079541027
Q107986667	6000000002566369172
Q107986668	6000000002565350473
Q107986669	6000000002565264823
Q107986670	6000000004837068362
Q107986738	6000000011160941288
Q107986744	6000000011163427703
Q107986755	6000000011163724287
Q107986756	6000000012017193802
Q107986758	1581876
Q107986759	6000000007080605983
Q107986760	6000000002498279342
Q107986765	6000000002990985113
Q107986778	6000000007086833283
Q107986778	6000000051756294894
Q107986779	6000000006907047770
Q107986783	6000000007086499673
Q107986783	6000000051756026048
Q107986784	6000000154665426840
Q107986852	6000000005003942168
Q10798688	6000000006129939878
Q107986935	6000000016065815265
Q107986936	6000000016065841361
Q107986937	6000000016065612966
Q107986978	6000000084731026004
Q107986980	6000000010319399429
Q1079877	6000000034728544044
Q107987845	6000000039222547861
Q1079882	6000000039356982964
Q107988282	6000000179144559823
Q107988698	6000000045990540920
Q1079893	6000000026591283388
Q107989540	6000000011570164254
Q1079898	6000000044096389855
Q107989976	6000000149624257965
Q1079919	6000000017408834407
Q1079924	6000000000170743349
Q107992584	6000000046341508028
Q107994221	6000000046103539889
Q107994233	6000000046342275881
Q107994311	6000000000082471380
Q107994313	6000000002300362281
Q107994321	6000000042580978978
Q107994322	6000000042583823182
Q107994327	6000000001579513651
Q107994328	6000000010050197262
Q107994329	6000000001316394691
Q107994330	6000000004069261680
Q107994337	6000000025363185075
Q107994338	6000000000628871407
Q107994339	6000000001370356357
Q107994340	6000000000628880864
Q107994341	6000000008165992347
Q107994342	6000000000161379261
Q107994345	6000000008165343354
Q107994346	6000000006788771457
Q107994347	6000000007323996584
Q107994348	6000000001831630523
Q107994800	6000000020514316797
Q107994894	6000000175005280147
Q1079952	6000000096241274985
Q107995890	6000000017820870326
Q107996993	6000000007067543438
Q107997	6000000005006398248
Q107997521	6000000014467503257
Q107998073	6000000018165064339
Q107998269	6000000041606011474
Q1079983	6000000013823364701
Q107998765	6000000020796241108
Q1079994	6000000024625327849
Q107999596	6000000124261730906
Q107999598	4009058616480034297
Q107999599	6000000010497208180
Q107999603	4009602595400022689
Q107999637	6000000021732849824
Q107999638	6000000021729781365
Q107999649	6000000031734405898
Q107999814	6000000001184261466
Q107999917	6000000011967567449
Q107999918	6000000014303702758
Q107999920	6000000001788631741
Q108000464	6000000029740594274
Q1080006	6000000080119231893
Q108000675	6000000058023523563
Q108000988	6000000011585364603
Q108001	6000000079130874821
Q1080018	6000000145348690950
Q1080026	6000000156478416862
Q108002677	6000000030391268579
Q108003411	6000000025017804256
Q108003416	6000000011261069724
Q108003420	6000000003384672170
Q108004022	6000000093234472821
Q1080042	6000000069583808360
Q108004406	6000000001502129208
Q108004924	6000000157758889822
Q108005364	6000000056022038988
Q1080057	6000000021515669015
Q108006195	6000000040587546688
Q108006606	6000000007191971608
Q108007686	6000000018569914855
Q108008558	6000000003089007390
Q1080100	6000000019518979267
Q108011381	6000000012482877171
Q1080120	6000000171872196848
Q108013924	6000000110516581099
Q108017304	6000000010340121347
Q1080196	6000000057038953825
Q1080220	6000000035622261468
Q108022334	6000000116827428863
Q108022498	6000000158350626830
Q108023037	6000000020007277673
Q1080234	6000000095882291037
Q1080239	6000000017925982091
Q1080262	6000000171727093991
Q108027434	6000000001942967291
Q1080279	6000000162369925821
Q108028	6000000027100201943
Q108028079	6000000018216130362
Q108028110	6000000019025522657
Q108028197	6000000003923907340
Q108028289	6000000009086004175
Q108028425	6000000042972503236
Q108028777	6000000029261506209
Q108028781	6000000025000031910
Q108028799	6000000024999607334
Q108028807	6000000024999613266
Q108029186	6000000026820467144
Q108029578	6000000079099657073
Q1080297	6000000028547756380
Q108030027	6000000039320414409
Q108030036	6000000013765607448
Q108030036	6000000019775230371
Q108032135	6000000002623192069
Q108032557	6000000019503887431
Q108032668	6000000001827596253
Q108032891	6000000052987925034
Q108032892	6000000076808928039
Q1080336	6000000015507439022
Q108034363	6000000180713013822
Q108035	6000000017518438468
Q108035388	6000000018976447526
Q108035683	6000000085661754833
Q1080359	6000000006110014533
Q1080362	6000000096397749860
Q1080363	6000000011043015451
Q1080364	6000000009134009208
Q108036524	6000000142020541831
Q108037355	6000000018795880435
Q108038071	6000000013222262313
Q108039826	4403335164510037247
Q108040266	6000000198931667838
Q108040268	6000000198931694821
Q108040310	6000000198931286852
Q108040321	6000000198931564827
Q108040395	6000000033276391577
Q108041022	6000000053341292213
Q108041060	6000000096048465857
Q108042264	6000000099234456349
Q108042271	6000000002713059311
Q108042821	6000000181240210838
Q108043024	6000000183885348834
Q108043170	6000000015778783480
Q108043382	6000000000173564326
Q108043457	6000000147814858823
Q108043647	6000000003002711022
Q108043655	6000000000555429795
Q108043660	6000000000380936348
Q1080437	6000000002665806259
Q108044	6000000019666010687
Q1080440	6000000143123141980
Q108044670	6000000014006157266
Q108044902	6000000021660830316
Q108045	6000000031436119242
Q108045563	379128010630006031
Q108047316	6000000179796701835
Q108048	6000000026053553493
Q108048019	6000000075503319862
Q108048745	6000000001713426198
Q108048752	6000000040904801446
Q108048753	6000000003940052403
Q108048768	6000000003075700970
Q108049150	6000000000400970575
Q108049151	6000000000400970583
Q108049373	6000000069874718952
Q108049523	6000000024007251924
Q1080496	6000000080243504026
Q108049618	6000000037809575071
Q108049868	6000000024006920415
Q108049922	6000000120852426452
Q108049972	6000000024007271995
Q108050032	6000000120852426478
Q1080503	6000000012284888003
Q108050736	6000000009522502457
Q1080508	6000000041872511379
Q1080516	6000000013186306989
Q108052605	6000000011927890613
Q108053026	6000000015948438246
Q108053323	6000000003492062622
Q108053973	6000000013123556162
Q108056032	6000000085621138847
Q108056302	6000000013363332284
Q108056307	5544237071830053379
Q108057	6000000028971881957
Q108057568	6000000020202358614
Q108057868	6000000095239878971
Q10805868	6000000003492083338
Q108059278	6000000006078323789
Q108059309	6000000059535334605
Q108059820	6000000122580338931
Q108060301	6000000044349081198
Q108060835	6000000033455911874
Q108060836	6000000033455906936
Q108060837	6000000004593358132
Q108060838	6000000008248633561
Q108060839	6000000000613956203
Q108060899	6000000003217048667
Q108060901	6000000003217284667
Q108061022	6000000046080133948
Q108061024	6000000023794642181
Q108061073	6000000046080382860
Q108061100	6000000007474556405
Q108061102	6000000008384504746
Q108061103	6000000007515182645
Q108061156	6000000000031425717
Q108061209	6000000045550297043
Q108061239	6000000000281040258
Q108061243	6000000000281019964
Q108061264	6000000000301816239
Q108061270	6000000000301908500
Q108061274	6000000000301834663
Q108061295	6000000000301835762
Q108061513	6000000003357627877
Q108061624	6000000106686940912
Q108061625	6000000106687163017
Q108061626	6000000009869924347
Q108061639	6000000106689011831
Q108061640	6000000033243647665
Q108061641	6000000025876822677
Q108061643	6000000106688437867
Q108061670	6000000012336248437
Q108061748	6000000074157421822
Q108061752	6000000006970406073
Q108061927	6000000089555654870
Q108063088	6000000011633754829
Q108064	4777594296600066652
Q1080669	6000000008596961652
Q108067061	6000000000144483159
Q108068576	6000000006502032879
Q108069	6000000015128641068
Q108070871	6000000021578639325
Q108071	6000000069160080063
Q108071241	6000000004854669839
Q108072060	6000000085350424163
Q108072326	6000000003664847858
Q108073	6000000016812379981
Q108075433	6000000169287363159
Q108075857	6000000017933511514
Q108076122	6000000074284443912
Q108076145	6000000004948315896
Q108076244	6000000083386336349
Q108076247	6000000025620553620
Q108076376	6000000026825047904
Q108076537	6000000083590547147
Q108076792	6000000083590479131
Q108077460	6000000137570934821
Q1080779	6000000140769246875
Q108080327	6000000007397841929
Q108082124	6000000003023767204
Q1080824	6000000026437991233
Q108083812	6000000018277808193
Q108083833	6000000018276775767
Q108084718	6000000057425324901
Q108084779	6000000057424741837
Q108085	6000000060617155026
Q108085597	6000000057446890821
Q108087026	6000000017298004925
Q108087482	6000000001943136186
Q1080876	6000000018411793838
Q10808787	6000000008780472818
Q108089	6000000019912052249
Q1080893	6000000019860450523
Q1080895	6000000025510084533
Q1080925	6000000013823872033
Q1080929	6000000013836244678
Q1080931	6000000013836019205
Q108093243	6000000020560546891
Q108093247	6000000020138919058
Q1080935	6000000073965387010
Q1080936	6000000027185487373
Q108093613	6000000033544995193
Q1080937	6000000171842623406
Q108093726	6000000014381969192
Q108093728	6000000074006830851
Q1080939	6000000081453642902
Q108093931	6000000041153688607
Q108093931	6000000116501699834
Q108094060	6000000116495605880
Q108094123	6000000033205624422
Q108094168	6000000002789656395
Q108094173	6000000002789512805
Q108094180	6000000002789530926
Q108094184	6000000002789807585
Q108094190	6000000050989585452
Q108094194	6000000050990532946
Q108094196	6000000015085101027
Q108094197	6000000007427805310
Q1080944	6000000014264059240
Q108095354	6000000006891902023
Q108095365	6000000177777172870
Q108095418	6000000006854781883
Q108095419	6000000002649881604
Q108095420	6000000003714089378
Q108095422	6000000007660715707
Q108095481	6000000007169638244
Q108095485	6000000007169476230
Q108095653	6000000017824255643
Q108095654	6000000017824390299
Q108095655	6000000017824389085
Q108095656	6000000017824048974
Q108095722	6000000003636966113
Q108096589	6000000104609380828
Q108097	6000000034538110021
Q1080981	6000000008726361917
Q108098397	6000000016010267321
Q108098509	6000000087591539145
Q1080987	6000000021652470646
Q108098758	6000000011308676034
Q1080992	6000000006409161142
Q108100	6000000006381793331
Q108100096	6000000013318536056
Q108100587	6000000005386002507
Q108100593	6000000011309111422
Q108100594	6000000000426733808
Q1081011	6000000156879177850
Q108101261	6000000091985072839
Q108101575	6000000040178414353
Q108102081	6000000039314872869
Q108102124	6000000025544058214
Q108102260	6000000003274599215
Q108102384	6000000097558460050
Q108102408	6000000052758024837
Q108102414	6000000016948047499
Q108102440	6000000059993351957
Q108102441	6000000110421557942
Q108102446	6000000004868238274
Q108102447	6000000004859723832
Q108102448	6000000004859781923
Q108102453	6000000004859788646
Q108102454	6000000004859939092
Q108102469	6000000025509544842
Q108102475	6000000001597094528
Q108102522	6000000012871512202
Q108102537	6000000048166045221
Q108102541	6000000001180203126
Q108102548	6000000027590059765
Q108102555	6000000004160676883
Q108102563	6000000037415612970
Q108102574	6000000037415062471
Q108102585	6000000030088389112
Q108102592	6000000000494746142
Q108102593	6000000002980019092
Q108102594	6000000006442558779
Q108102597	6000000005393493093
Q108102650	6000000043951292273
Q108102663	6000000043951527018
Q108102665	6000000009648050023
Q108102666	6000000009648482515
Q108102668	6000000000602874115
Q108102676	6000000009648566510
Q108102677	6000000001383907364
Q108102680	6000000006110871538
Q108102681	6000000009648757685
Q108102682	6000000018128598188
Q108102683	6000000009648432954
Q108102808	6000000025833167570
Q108102813	6000000000610166456
Q108102815	6000000000690742920
Q108102830	6000000000690793238
Q1081030	6000000084842162834
Q108103180	6000000030605991860
Q1081032	6000000015470936136
Q108103354	6000000018665677171
Q108103570	6000000004160902786
Q108103573	6000000017199196671
Q108103578	6000000017199218324
Q108103593	6000000013050468786
Q108103605	6000000004160990291
Q108103683	6000000014115610611
Q108103772	6000000148407323844
Q108103975	6000000024921186451
Q108104176	6000000004549155175
Q108104178	6000000007661184746
Q108104180	6000000026942654152
Q108104184	6000000004549047479
Q108104186	6000000029700154565
Q108104188	6000000029702796984
Q108104189	6000000000778562155
Q108104242	6000000017199269291
Q108104354	6000000021532594888
Q108104381	6000000021531990243
Q108104384	6000000022833107358
Q108104388	6000000015298848676
Q108104422	6000000022833448943
Q108104556	6000000002551687402
Q108104560	6000000007633320735
Q108104588	6000000002551779074
Q108104590	6000000009468283410
Q108104681	6000000009468354024
Q108104682	6000000014718823220
Q108105233	6000000128649406979
Q1081060	6000000031050009296
Q108106515	6000000042060603040
Q108106610	4769300333140074835
Q108106620	6000000020961768274
Q108106621	6000000008844576784
Q108106622	6000000169645295843
Q108106623	6000000171995358346
Q108106703	6000000013123902019
Q108106704	6000000013123907959
Q108106706	6000000013124049801
Q108107	6000000026366578442
Q108107016	6000000006969825305
Q108107017	6000000029334333687
Q108107019	6000000029359178110
Q108109212	6000000111074942904
Q108110914	6000000040023865473
Q108110961	6000000075426623842
Q1081116	6000000018559300119
Q108112147	6000000073600817072
Q108112154	6000000105797619934
Q108112203	6000000019226091138
Q1081128	6000000143328481925
Q108113	6000000202628243824
Q108113478	6000000030103856286
Q1081135	6000000026016450274
Q108114636	6000000080751337298
Q108114891	6000000021989265291
Q108115434	6000000026921585883
Q108116509	6000000179567687859
Q108116976	6000000017866694611
Q108117606	6000000050770209876
Q108117687	6000000050774497884
Q108117721	6000000019911567023
Q108117810	6000000019911481195
Q10811810	6000000024739774168
Q108118169	6000000004652329162
Q108118263	6000000053603167002
Q108119281	6000000029118964523
Q108119468	6000000036300216468
Q108120332	6000000059897915863
Q108120341	6000000032128621148
Q108120818	6000000013886389890
Q108121146	6000000000412936925
Q108121155	6000000000399099556
Q108121542	6000000015259544391
Q108122296	6000000002472290042
Q108122304	6000000000111775794
Q108123	6000000044457201387
Q108123820	6000000050430725845
Q108123918	6000000030007750873
Q108123929	6000000193208517822
Q108123979	6000000044149952995
Q108124493	6000000021675451176
Q108127914	6000000030189778833
Q108127915	6000000020985763117
Q108127918	6000000020985649909
Q108127940	6000000001590205774
Q108127941	3071109
Q108127942	6000000001590444792
Q108128080	6000000006120276632
Q108128081	6000000006719651134
Q108128131	6000000003022171744
Q108128132	6000000010313118436
Q108128360	6000000011485687456
Q108128373	6000000009159104442
Q108128762	6000000010502362318
Q108128768	6000000002664829485
Q108128785	6000000010502511206
Q108128788	6000000010502069159
Q108128930	6000000071117038139
Q108128959	6000000015824945751
Q108128964	6000000015808921577
Q108129106	6000000018171633927
Q1081300	6000000156201728823
Q108131925	6000000021715711805
Q108131995	6000000013489727044
Q108133078	6000000079402264883
Q108133178	6000000079401256917
Q108133490	6000000166685555827
Q108133810	6000000041446934383
Q108134069	6000000002504442675
Q108134187	6000000002504518472
Q108134430	6000000023699436266
Q108134498	6000000079401231071
Q108134572	6000000112317018932
Q108134655	6000000075273002969
Q108135676	6000000176880190821
Q1081361	6000000020291087388
Q108136253	6000000079105611822
Q108136258	6000000112489872275
Q108136346	6000000079103630647
Q108136349	6000000046726389026
Q108136354	6000000046725865427
Q108136374	6000000020999309237
Q108136374	6000000209415443846
Q108136383	6000000003811204272
Q108136388	6000000000901711770
Q108136393	6000000000897492998
Q108136483	6000000046726413020
Q108136652	6000000041030702559
Q108136710	6000000046726342041
Q108136715	6000000079105485059
Q108136757	6000000024185326235
Q108136760	6000000024185251800
Q108136943	6000000002872632547
Q108136944	6000000002860822530
Q108137064	6000000002860822508
Q108137067	6000000002860822523
Q108137071	6000000006522202001
Q108137076	6000000003617467549
Q108137083	6000000001843166365
Q108137086	6000000001655491986
Q108137228	6000000022755419193
Q108137229	289998553440004376
Q108137275	6000000006839334089
Q108137288	6000000017883942347
Q108137293	6000000006839109383
Q108137442	6000000014805776554
Q108137444	6000000014806174298
Q108137446	6000000014806210664
Q108137512	6000000070630228821
Q108137513	6000000070629709957
Q108138188	6000000100913154914
Q108138202	6000000026213916679
Q108138204	6000000002703188982
Q108138211	6000000001022747158
Q108138212	6000000000629281422
Q108138318	6000000006439664860
Q108138318	6000000016747697708
Q108138327	6000000008369931588
Q108138330	6000000002666081719
Q108138346	6000000008369931548
Q108138415	6000000042213636046
Q108138554	6000000021468352000
Q108138555	6000000008771553176
Q108138556	6000000001243599250
Q108138694	6000000002799082863
Q108138696	6000000002799082847
Q108138697	6000000004980018529
Q108138794	6000000010155248028
Q108138796	6000000027541424988
Q108138798	6000000004692436505
Q108138800	6000000004692799269
Q108138801	6000000006232929340
Q108138802	4579103061880059841
Q108138872	6000000011081942464
Q108138874	6000000006244928616
Q108138884	6000000010733298325
Q108139540	6000000002891680079
Q108139634	6000000001433016317
Q108139930	6000000001383015342
Q108139931	6000000008952888345
Q108139933	6000000011409330217
Q108139934	6000000001382973090
Q108139994	6000000006444200088
Q108140113	6000000001382973197
Q108140114	6000000006444200078
Q108140122	5304567954600124503
Q108140264	6000000001383046998
Q108140347	6000000001383051005
Q108140350	6000000015116155984
Q108140356	6000000005665258801
Q108140362	6000000002969920097
Q108140365	6000000006176038890
Q108140402	6000000003942867846
Q108140406	6000000002447016756
Q108140469	6000000005664558460
Q108140573	6000000015116616927
Q108140579	6000000002969916861
Q108140582	6000000001608968618
Q108140590	6000000003976862225
Q1081406	6000000023938346308
Q108140627	6000000001608892168
Q1081418	6000000088622791914
Q108142	6000000070146885905
Q1081436	6000000164954743933
Q1081442	6000000176878894840
Q108144567	6000000077373626089
Q108145344	6000000008258871950
Q1081455	6000000010056646310
Q1081457	6000000109278553036
Q108146073	5351935924400119199
Q108147365	6000000098344770029
Q108147532	6000000171750560143
Q108148003	6000000090526673203
Q108149024	6000000034389756255
Q108149674	6000000053914698839
Q1081499	6000000166897244861
Q108150162	6000000004558409001
Q1081507	6000000026037571226
Q108150849	6000000009796369429
Q108151	6000000070198965860
Q108151240	6000000020158912557
Q108151258	6000000002765681183
Q108152052	6000000007967683219
Q1081523	6000000005051885331
Q108152529	6000000190839415830
Q108152588	6000000190873908866
Q1081527	6000000147098955822
Q108153	6000000171786393825
Q108153360	6000000001920499553
Q1081545	6000000178323966835
Q1081546	6000000025123115272
Q108155210	6000000017260521735
Q108155211	6000000017260279859
Q108155214	6000000017260661526
Q108155216	6000000017261125127
Q108155219	6000000003288199489
Q108155249	6000000003772694763
Q108155254	6000000003288065662
Q108155258	6000000000550119158
Q108155267	6000000009620090806
Q108155375	4994801117180030707
Q108155388	6000000000688902152
Q108155601	6000000005415741230
Q1081576	6000000023339603837
Q108159164	6000000029492590610
Q108160436	6000000002410039405
Q108160497	6000000055459260351
Q10816079	6000000068786582921
Q108166854	6000000000810825718
Q10816714	6000000049686148954
Q108167645	6000000013145180767
Q108167803	6000000028833976898
Q108167816	6000000102147925821
Q1081683	6000000007724162078
Q108169585	6000000015944113803
Q108169643	6000000015931297141
Q108169687	6000000037711877373
Q108170406	6000000214123061821
Q108170896	6000000011790047460
Q108172916	6000000051608160918
Q108174961	6000000017035336093
Q108175306	6000000176195776872
Q108177008	6000000014252088331
Q108177434	6000000015511333598
Q108178	6000000007969399432
Q108178273	6000000020760631012
Q108178678	6000000002764365736
Q10817924	6000000076564658823
Q108179608	6000000011036997921
Q108179610	6000000003242948604
Q108179628	6000000002765651981
Q108179630	6000000013281578338
Q108179632	6000000004089664392
Q108179633	6000000002980125752
Q108179683	6000000006783883396
Q108179684	6000000019969503219
Q108179685	6000000022658737754
Q108179715	6000000004593024873
Q108179716	6000000002976866630
Q108179770	6000000011506138041
Q108179838	6000000178652911846
Q108179944	6000000186749778855
Q108179945	6000000186749819847
Q108179948	6000000017242289898
Q108179999	6000000006444373270
Q108180001	6000000001177960562
Q108180003	6000000007886515319
Q108180004	6000000002116369378
Q108180006	6000000002116369384
Q108180057	6000000009985082900
Q108180143	6000000024600726885
Q108180215	6000000007014365035
Q108180306	6000000208901792831
Q108180312	6000000039756426235
Q108180779	6000000008781472131
Q108181	6000000071193031896
Q108181039	6000000015366780996
Q108181577	6000000020682815443
Q108182	6000000010963492931
Q108182398	6000000003847051774
Q108182646	6000000217403352844
Q108182747	6000000043276356706
Q108183043	6000000014084283073
Q108183056	6000000014084141729
Q108183109	6000000021239337362
Q108183206	6000000021240075225
Q108183235	6000000021239688637
Q108183304	6000000014084241368
Q108183515	6000000021239864913
Q108183664	6000000015511434229
Q1081845	6000000011994964415
Q108184635	6000000178856417840
Q108185202	6000000017350214532
Q108185878	6000000015511235109
Q108185879	6000000009648636279
Q108185880	6000000009659108424
Q108185881	6000000003020834847
Q108185882	6000000006439950926
Q108185883	6000000001737662691
Q108185978	6000000041055171373
Q108185979	6000000006576362296
Q108185982	6000000009967754355
Q108186044	6000000009967531859
Q108186045	6000000001589616934
Q108186092	6000000040653581603
Q108187297	6000000002183171912
Q108187299	6000000000426733318
Q108187310	6000000071115725990
Q108189262	5065213198570079473
Q1081896	6000000042389156365
Q108189796	6000000018114216474
Q10819	6000000018593768176
Q108190	6000000036482714876
Q108192741	6000000001180249660
Q1081945	6000000024240942152
Q108196157	6000000172571206451
Q108196220	6000000015310391802
Q108197415	6000000019763942418
Q108197488	6000000025930111657
Q108197489	6000000020339778109
Q108197519	6000000008880549270
Q108197520	6000000000827238655
Q108197743	6000000036366176802
Q108197843	6000000036373399702
Q108198	6000000054042474933
Q108198051	6000000024249185859
Q108200291	6000000009514486005
Q108201	6000000018096300827
Q108203	5488291106910030317
Q1082032	6000000163630308850
Q1082044	6000000034687403265
Q108205	6000000025497690603
Q1082053	6000000068441117078
Q108205520	6000000002868493397
Q108206	6000000043262759627
Q108206311	6000000125561669831
Q108206816	6000000003041048235
Q108208	6000000047652933024
Q1082088	6000000151006665821
Q108209	6000000023880990055
Q108210	6000000032160057964
Q1082131	6000000047977075956
Q108216	6000000106237175960
Q108216337	6000000027668557926
Q108216416	6000000027668373793
Q108216458	6000000022968166892
Q108216619	6000000010502663644
Q108216990	6000000033304337186
Q108218456	6000000011152143054
Q108219576	6000000026982493986
Q108219593	6000000026982437347
Q108219714	6000000041069996371
Q108219736	6000000041069936600
Q108220016	6000000073043229034
Q108220018	6000000073043229091
Q108220032	6000000073043196104
Q10822051	6000000002892266698
Q108223439	6000000009948917500
Q108223442	6000000051391202841
Q108223445	6000000009948989580
Q108223448	6000000051391210908
Q108223529	6000000007463237893
Q108224533	6000000093347822336
Q108224564	6000000093349927928
Q108225203	6000000001776502222
Q108225304	6000000106161066872
Q108226515	6000000007338849665
Q108226563	6000000013683200974
Q108226896	6000000114253037302
Q108227	6000000039148821945
Q1082284	6000000199517237878
Q108228837	6000000176551450827
Q1082292	6000000086871212863
Q108229489	6000000017242684684
Q1082305	6000000144686462043
Q1082331	6000000171805305896
Q108233779	6000000017224756673
Q1082342	6000000026761395614
Q108234708	6000000026798054992
Q10823655	6000000007922517356
Q108241	6000000171726424871
Q1082440	6000000006589193300
Q1082469	6000000087970472906
Q1082500	6000000037715871223
Q108252664	6000000125976383848
Q108252929	6000000126254227963
Q108253506	6000000020978368381
Q108253643	6000000020977671671
Q1082538	6000000007362519111
Q108254237	6000000010112141011
Q108254415	6000000012481255771
Q1082547	6000000015272026994
Q1082552	4241830712740124919
Q1082556	6000000178877348824
Q1082558	6000000178877940821
Q108256331	6000000205199339826
Q108257232	6000000143557420876
Q108257818	6000000028974447765
Q10825871	6000000004282532575
Q108258821	6000000022469316346
Q108259478	6000000014208688083
Q108260	6000000008770168122
Q10826150	6000000018398888742
Q1082616	6000000023985269188
Q108261713	6000000003939362503
Q108261713	6000000013040604079
Q108261713	6000000117142293881
Q10826212	6000000005232057225
Q108262242	6000000117142351864
Q108262466	6000000025620956509
Q108264383	6000000018914795553
Q10826504	6000000085111279821
Q1082673	6000000172887605207
Q10826760	6000000052343335835
Q108267816	6000000152366222821
Q108268065	6000000152366134870
Q108268079	6000000011514384325
Q108270	6000000046973062320
Q108270814	6000000001471087190
Q108271	6000000015258858719
Q108271113	6000000004969791392
Q108271514	6000000027313681489
Q108273	6000000001776513886
Q108273519	6000000010049280562
Q108274012	6000000095445821964
Q108274903	6000000095445821950
Q1082755	6000000025888867392
Q108276219	6000000176501955829
Q108276375	6000000021049764028
Q108278	6000000176369037875
Q108279	6000000108538221858
Q108280950	6000000041260932714
Q108281419	6000000014727697834
Q108283	6000000025472598372
Q108283549	6000000006707361099
Q108283960	6000000018737557286
Q108285866	6000000002638959352
Q108285960	6000000085664639179
Q108286288	6000000000954670549
Q108286288	6000000096340824948
Q108286423	6000000017053569265
Q108286722	6000000051097442590
Q108286743	6000000053599203870
Q108286817	6000000053598783093
Q108286829	6000000053598718138
Q108286917	6000000111226390884
Q108286946	6000000111226389876
Q108286965	6000000009106758040
Q108287350	6000000019254980083
Q108287445	6000000019421562727
Q108288752	6000000012901136204
Q108289930	6000000020880599412
Q108291809	6000000174007187600
Q108292	6000000021605763347
Q108292991	6000000021597630823
Q108293732	6000000059126617850
Q108293871	6000000026106023345
Q108293992	6000000182367813855
Q108294637	6000000084582976866
Q108294789	6000000018358061190
Q108294827	6000000016200755789
Q108296358	6000000053152608860
Q108296406	6000000084204317012
Q108296824	6000000071390821833
Q108296985	6000000069656462946
Q108297002	6000000071406902911
Q108297085	6000000115188413069
Q108298	6000000024892881051
Q108298029	6000000004005140594
Q1082982	6000000123269453957
Q108298299	6000000018794177109
Q108300638	6000000036531542967
Q108301	6000000019572890875
Q1083011	6000000018561736127
Q108301276	6000000013537306309
Q108301556	6000000003939640248
Q108301762	6000000008251133746
Q108302034	6000000024118962909
Q108302152	6000000053030686001
Q1083030	6000000031939851347
Q108303696	6000000177257372837
Q108303753	6000000003939640186
Q108303755	6000000000250125667
Q108303757	6000000003940577793
Q108304954	6000000188088157833
Q108305485	6000000091642604311
Q108305987	6000000011594208541
Q108306	6000000032007879200
Q108306009	6000000022147474788
Q108306010	6000000003939087075
Q108306011	6000000003937884031
Q108306012	6000000003937884024
Q108306013	6000000019154602396
Q108306019	6000000001688761082
Q108306020	6000000001688761093
Q108306022	6000000011733731061
Q108306030	6000000001586949645
Q108306031	6000000002883142448
Q108306488	6000000006128279106
Q108306862	6000000029776507211
Q108307036	6000000018128052602
Q108307037	6000000003148563240
Q108307042	6000000018128269370
Q108307117	6000000021675034324
Q108307378	6000000003041129849
Q108307962	6000000003040766247
Q108308091	6000000001737694714
Q108308092	6000000004015819204
Q108308093	6000000004015840078
Q108308098	6000000001737709578
Q108308099	6000000000652528377
Q108308106	6000000000652510627
Q108308107	6000000004015726859
Q108308108	6000000004015461950
Q108308109	6000000008420839165
Q108308112	5364902709820062193
Q108308116	5364769439980134275
Q108308119	5364794184400040794
Q108308122	5364794195510040700
Q108308123	6000000008421980813
Q108308124	6000000008420849175
Q108308127	6000000008420786052
Q108308128	6000000004015704703
Q108308130	5358228133040133691
Q108308131	5364442171310089642
Q108308137	5364442368420089648
Q108308140	5358228227610133697
Q108308141	5358241185220133045
Q108308146	5358241231580133051
Q108308149	6000000000652517790
Q108308150	6000000000652551586
Q108308151	6000000000652533594
Q108308152	4923758141350075226
Q108308153	4923758154310075232
Q108308154	6000000000652489415
Q108308155	4923974198640075789
Q108308156	4923974212710075795
Q108308157	6000000000652523245
Q108308159	6000000035703316812
Q108308161	6000000078638770079
Q108308162	6000000078639063867
Q108308163	6000000001737786828
Q108308164	6000000035703102535
Q108308166	6000000035703873848
Q108308321	6000000027951810261
Q108308322	6000000027951810255
Q108308323	6000000064161283850
Q108308324	6000000000489246488
Q108308325	5435093630260125139
Q108308326	6000000000110265964
Q108308330	6000000023680282899
Q108308331	6000000023679943111
Q108308332	6000000027652037941
Q108308334	6000000027651829457
Q108308338	6000000059772299929
Q108308339	6000000002934076427
Q108308340	6000000003702866660
Q108308341	6000000003702906518
Q108308342	6000000025097615872
Q108308359	6000000003702965482
Q108308360	6000000000896556922
Q108308416	6000000004867630743
Q108308438	6000000020825463214
Q108308454	6000000004882404950
Q108308456	6000000003076065869
Q108308457	6000000003077049539
Q108308458	6000000003076360747
Q108308477	6000000003076065878
Q108308478	6000000006290247147
Q108308660	6000000015516750208
Q108309175	6000000016602287885
Q108309223	6000000020028948874
Q108309606	6000000180379213833
Q108309609	6000000037133496026
Q108309648	6000000019405513958
Q108309670	6000000003273391789
Q108310	6000000102890629847
Q108310004	6000000055342892183
Q108310047	6000000055343446861
Q108311276	6000000038518724274
Q108313103	6000000023820757217
Q108313405	6000000011249196513
Q108313611	6000000052428265052
Q108313647	6000000052429310906
Q108313740	6000000052432994821
Q108314233	6000000219220177655
Q108314777	6000000011560802789
Q108314840	6000000011560926355
Q108314851	6000000040095040059
Q108314877	6000000002822593712
Q108314891	6000000175325494094
Q108314906	6000000021763584091
Q108314909	6000000040817175075
Q108314931	6000000090491782828
Q108314937	6000000039074519097
Q108315	6000000040829729845
Q108316519	6000000084246836863
Q108316989	6000000016713048348
Q108316990	6000000016479383315
Q108316991	6000000016480011052
Q108316992	6000000016479946424
Q108316993	6000000018924996037
Q108316997	6000000016480064027
Q108316999	6000000017043080344
Q108317	6000000001504580873
Q108317001	6000000016715368331
Q108317014	6000000040921199294
Q108317050	6000000008736121148
Q108317198	6000000002803163327
Q108317308	6000000055313663515
Q108317310	6000000055315424833
Q108317312	6000000018602332179
Q108317432	6000000004868989291
Q108317433	6000000004868978047
Q108317434	6000000004868978054
Q108317465	6000000014125294742
Q108317704	6000000026149423141
Q108317707	6000000008574144629
Q108317708	6000000008574163376
Q108317709	6000000003748414377
Q108317712	6000000008573954750
Q108317713	6000000008574095644
Q108317727	6000000008574176344
Q108317819	6000000010943923354
Q108320	6000000016320327504
Q108320532	6000000015814482241
Q108320596	6000000011013292189
Q108320598	6000000007192769228
Q108320599	6000000010987355562
Q108320601	333557911460005287
Q108321019	349096430960012652
Q108322702	6000000056535560892
Q108323880	6000000025066058097
Q108324069	6000000012619570290
Q108324389	6000000011797506105
Q108324646	6000000012619118875
Q108325033	331673932720010454
Q108325287	6000000016543083558
Q108325863	6000000172444257136
Q108327034	6000000104113910259
Q108327482	6000000064300040895
Q108329100	6000000035017512282
Q108329113	6000000071163634828
Q108329158	6000000061752219180
Q108329205	6000000061752644082
Q108329221	6000000017489010850
Q108329842	6000000174970432903
Q108329866	6000000015107168022
Q108330188	6000000001827545754
Q108330253	6000000043441019092
Q108330659	6000000026354393897
Q108330739	6000000006080026302
Q108330925	6000000059647482077
Q108331046	6000000043322055135
Q108331473	6000000180716504967
Q108331488	6000000190744761968
Q108331681	6000000004870372543
Q108332209	6000000015346397836
Q108332209	6000000083821502945
Q108332252	6000000019323938097
Q108332371	6000000018597489443
Q108333069	6000000010429917306
Q108333569	6000000078619679070
Q108333808	6000000005484124011
Q108336172	6000000016001042682
Q108337053	6000000014803966307
Q108337260	6000000101833581864
Q108337738	6000000013441117672
Q108337781	6000000059129189206
Q108337914	6000000013520190784
Q10833902	6000000016337563013
Q1083392	6000000005626530382
Q1083398	6000000000350865321
Q1083403	6000000000404619437
Q1083403	6000000127979078940
Q1083404	6000000056409154934
Q108344308	6000000000539272004
Q108344901	6000000000526871051
Q108344991	6000000016374930810
Q108346269	6000000007193868242
Q108346271	6000000003309807273
Q108346355	6000000018163569466
Q108346358	6000000012935436646
Q108346416	6000000043321248346
Q108346420	6000000019937169851
Q108346422	6000000019707605243
Q108346633	6000000008640854771
Q108346749	6000000016375077530
Q108346752	6000000016375164681
Q108348818	6000000000095665599
Q1083508	6000000031683397621
Q108351210	6000000006969644989
Q108352	6000000051178644331
Q108352373	6000000011311675238
Q108352670	6000000007960957688
Q108352785	6000000023273100864
Q108352870	6000000018765027637
Q108352897	6000000018765512087
Q108352945	6000000084970930897
Q1083544	6000000024485560300
Q108366	308562816060006485
Q108366110	6000000018186773910
Q108366379	6000000018187343068
Q108366605	6000000011687332861
Q108366960	6000000005599001478
Q108367203	6000000005599001523
Q108367401	6000000040099936356
Q108367907	6000000005599001575
Q108368945	6000000023702313170
Q108369097	6000000006829197042
Q108369255	6000000037563567354
Q108369579	6000000037815049085
Q108369616	6000000023705730832
Q108369712	6000000008881173118
Q108369714	6000000017229621260
Q108369777	6000000006441268965
Q108369889	6000000008881396215
Q108369914	6000000008880970976
Q108370	6000000189753411823
Q108370215	6000000172761690935
Q108370266	6000000186331849860
Q108370276	6000000186331158622
Q108370917	6000000035061154942
Q108371154	6000000014506304646
Q108371753	6000000015972389351
Q108371875	6000000014516204386
Q108371890	6000000015972453095
Q108371924	6000000038134680925
Q108372045	6000000015972329829
Q108372672	6000000012814064275
Q108372723	6000000057551856877
Q108372971	6000000010717802536
Q108374439	6000000002796858767
Q108374459	6000000017153187368
Q108377	6000000003693108543
Q108378073	6000000078734267185
Q108379406	6000000015163699130
Q1083797	4414169616520067096
Q108380	6000000004095932774
Q108380884	6000000001500854202
Q108381582	6000000021493453995
Q108381955	6000000003938632109
Q1083826	6000000021540789426
Q108384432	6000000021650502824
Q108384466	6000000015852569922
Q108384959	6000000025752337427
Q108386639	6000000078278739949
Q108386812	6000000027985779864
Q1083870	6000000006353708070
Q1083878	6000000011171048353
Q108390	6000000138297342836
Q108390428	6000000103509900935
Q108391724	6000000011515060567
Q108391737	6000000011515147513
Q108393662	6000000014961187951
Q108394111	6000000010897231545
Q108394134	6000000003787825658
Q108394608	6000000109940568885
Q108395114	6000000047828072932
Q10839518	6000000014832587953
Q108395203	6000000006128168620
Q108395290	6000000017307850209
Q108395645	6000000011524242017
Q108395675	6000000022772722745
Q108395707	6000000080462560944
Q108396013	6000000038363698856
Q108396017	6000000043264265092
Q108396019	6000000020895765051
Q108396021	6000000020895683296
Q108396022	6000000012941303947
Q108396023	6000000007454416595
Q108396026	6000000015213042788
Q108396028	6000000007454871047
Q108396029	6000000007454335034
Q108396030	6000000008311870717
Q108396056	6000000022679997525
Q108396062	6000000038362771159
Q108396080	6000000024755807260
Q108396082	6000000024756317975
Q108396101	6000000007454355508
Q108396102	6000000001794506861
Q108396103	6000000000191033759
Q108396104	6000000007454316581
Q108396112	6000000015213114370
Q108396127	6000000046126058008
Q108396135	6000000014192932531
Q108396225	6000000006727838794
Q108397244	6000000090677234359
Q1083975	6000000163789529846
Q108397764	6000000082013709903
Q108397896	6000000027127704611
Q108398120	6000000001399265202
Q108398149	6000000014072486145
Q1083986	6000000163839916889
Q108398672	6000000183006176824
Q108398789	6000000010364130617
Q108398879	6000000013943673172
Q108399059	6000000002946629110
Q108399059	6000000088404487904
Q108399187	6000000002946440862
Q108400790	6000000023526280605
Q108400913	6000000013943418539
Q108400922	6000000010144468400
Q108400922	6000000097706215851
Q108401197	6000000018796921170
Q108401198	6000000018796717650
Q108401199	6000000020535088572
Q108401225	6000000102791044841
Q108401226	6000000102793643821
Q108401228	5718425519020020742
Q108401229	6000000001090680329
Q108401230	6000000000628431695
Q108401264	6000000008562607005
Q108401277	6000000000966176570
Q108401286	6000000002034891779
Q108401287	6000000015672740492
Q108401289	6000000036635135032
Q108401291	6000000003505234092
Q108401292	6000000003505243271
Q108401293	6000000015672029961
Q108401344	6000000004854669810
Q108401352	6000000004854583356
Q108401354	6000000026078009268
Q108401358	6000000004168905779
Q108401362	6000000004168905746
Q108401363	6000000004168905697
Q108401368	6000000002846974236
Q108401369	6000000001316344555
Q108401370	4705713834640024307
Q108401371	6000000001316267720
Q108401372	6000000006573854699
Q108401381	4705710909230025086
Q108401413	6000000026077929367
Q108401413	6000000165584844223
Q108401413	6000000174719627749
Q108401523	6000000004854583363
Q108401524	6000000009536877027
Q108401525	6000000003937759046
Q108402372	6000000009440573047
Q108402525	6000000026648624165
Q108402526	6000000026648715907
Q108403488	6000000018326282375
Q108403568	6000000027831659387
Q108403904	6000000085090266831
Q108403906	6000000085090033986
Q108403907	6000000002551081016
Q108403909	6000000002551021300
Q108403910	6000000002942378757
Q108403927	6000000002942458882
Q108403940	6000000002551036716
Q108403942	6000000002908838397
Q108403963	6000000003635772011
Q108403965	6000000008357676860
Q108403968	6000000008357767585
Q108404043	6000000027832961056
Q108404073	6000000009420434973
Q108404087	6000000010543365588
Q108404146	6000000005387745293
Q108404147	6000000008202022532
Q108404150	6000000009900397366
Q108404154	6000000008202038062
Q108404155	6000000006175764110
Q108404156	349768553840012667
Q108404160	6000000006110694483
Q108404278	6000000023233946852
Q108404286	6000000023234073907
Q108404288	6000000015448523123
Q108404290	6000000002530445633
Q108404317	6000000027829856421
Q108404427	6000000006727838801
Q108404802	6000000009420325943
Q108404804	6000000053966180878
Q108404822	6000000053966192995
Q108404830	6000000053966390863
Q108405200	6000000085504363821
Q108406370	6000000025539086117
Q108406373	6000000025540489842
Q108406374	6000000025540358478
Q108406375	6000000025540896630
Q108406378	6000000025541391924
Q108406379	6000000017402557093
Q108406409	6000000025539503110
Q108406410	6000000025539135553
Q108406412	6000000025539559288
Q108406413	6000000025539176577
Q108406414	6000000008207428842
Q108406417	6000000008207695745
Q108406513	6000000102665698093
Q108406515	6000000102666445942
Q108406516	6000000102674662828
Q108406517	6000000019025150982
Q108406522	6000000010515315856
Q108406523	6000000002599745320
Q108406524	6000000001281299493
Q108406547	6000000097706119861
Q108406555	6000000027936155914
Q108406556	6000000069287028844
Q108406558	6000000069286715972
Q108406559	6000000028007748802
Q108406561	6000000028007778412
Q108406562	6000000003027744701
Q108406563	6000000003139132957
Q108406570	6000000001959660363
Q108406778	6000000002006220592
Q108406787	6000000002006141048
Q108406801	4269229649670030324
Q108406810	6000000000934723955
Q108407068	6000000000934713894
Q108407078	6000000000097037787
Q108407088	6000000000491142472
Q108407160	4283935676210034753
Q108407161	6000000000433354115
Q108407164	6000000011756166636
Q108407166	6000000002776862111
Q108407175	6000000003681274800
Q108407177	6000000003075743992
Q108407179	6000000003076288484
Q108407181	4442039591010129512
Q108407561	6000000038363738901
Q108407693	6000000003076198517
Q108407935	6000000000426703000
Q108407936	6000000002955482900
Q108407938	6000000006444292551
Q108407973	6000000006598320480
Q108407994	6000000006598320456
Q108408041	6000000024681423682
Q108408058	6000000000426503184
Q108408248	6000000013601584851
Q108408290	6000000003077148903
Q108408291	6000000002946511335
Q108408345	6000000001172440934
Q108408347	6000000002931054259
Q108408350	6000000002931054266
Q108408388	6000000006111854936
Q108408389	6000000000742140625
Q108408391	6000000000426512762
Q108408397	6000000003939011541
Q108408432	6000000000426500788
Q108408434	6000000000426500973
Q108408436	6000000006598893504
Q108408437	6000000003937759600
Q108408448	6000000004997066482
Q108409680	6000000008549192431
Q108409776	6000000008300614618
Q108410007	6000000000945036896
Q108410008	6000000002881539672
Q108410010	6000000008563676101
Q108410015	6000000007345390409
Q108410066	6000000018957722990
Q108410068	6000000017985875108
Q108410069	6000000077306300652
Q108410070	6000000077306863439
Q108410077	6000000013294651922
Q108410087	6000000017573278128
Q108410089	6000000018862457684
Q108410182	6000000038780663352
Q108410183	6000000005561002488
Q108410240	6000000013923642347
Q108410241	6000000013923629131
Q108410242	6000000013294582583
Q108410244	6000000013294202729
Q108410250	6000000013294265091
Q108410253	6000000013294555941
Q108410255	6000000013295115214
Q108410262	6000000013294871462
Q108410418	6000000021280991258
Q108410420	6000000021280317757
Q108410422	6000000021281861144
Q108410425	6000000021282152035
Q108410429	6000000021281607445
Q108410479	6000000008266373702
Q108410491	6000000021282009415
Q108410494	6000000000976098072
Q108410495	6000000000984159520
Q108410496	6000000000984306070
Q108410497	6000000003053424956
Q108410498	6000000006440574429
Q108410500	6000000006440574509
Q108410502	6000000000984230101
Q108410643	6000000013198424597
Q108410754	6000000017061326486
Q108410770	6000000083830107848
Q108411142	6000000077071057270
Q108411267	6000000008716234060
Q108411270	6000000065300266833
Q108411680	6000000022358399495
Q108413407	6000000073397363363
Q108414206	6000000033804204941
Q108414422	6000000017380360171
Q108414424	6000000006439906408
Q108414424	6000000063447563851
Q108414425	6000000020307662004
Q108414427	6000000063450998845
Q108414428	6000000020307759802
Q108415852	6000000000581231566
Q1084160	6000000136528987950
Q108416167	6000000002182976133
Q108416168	6000000003495183080
Q108416219	6000000008583229664
Q108416254	6000000000579919840
Q108416256	6000000000579946435
Q108416262	6000000007977303612
Q108416359	6000000009649583554
Q108416361	6000000026228001544
Q108416364	6000000009619236350
Q108416427	6000000111057012821
Q108416635	6000000053136665058
Q108416872	6000000049746197971
Q108416915	6000000019994605390
Q108416916	6000000003943119287
Q108416921	6000000003942044095
Q108416922	6000000003940213143
Q108416925	6000000002545862661
Q108416961	5242158218830026874
Q108416962	5237717121140117432
Q108416963	6000000000408392020
Q108416965	6000000097062198992
Q108416966	6000000004851418786
Q108417006	6000000002447355529
Q108417008	6000000002447355514
Q108417009	6000000003551941963
Q108417011	6000000009633031601
Q108417012	6000000002545806976
Q108417240	6000000025425611389
Q108417267	6000000025425891878
Q108417414	6000000008630686804
Q108417975	6000000216825943839
Q108418037	6000000013925725009
Q108418163	6000000216851008821
Q108418230	6000000214654833824
Q108418548	6000000078632106899
Q108419257	6000000012123920977
Q108419294	6000000065852212210
Q108419409	6000000025084498836
Q108420258	6000000008189218294
Q108421	6000000025578964617
Q108421228	6000000005758159914
Q108422008	6000000178095112823
Q108422010	6000000019736171775
Q108422083	6000000003677633562
Q108422761	6000000034693157163
Q108423637	6000000036650023366
Q108423858	6000000078626432709
Q108424837	6000000021319900884
Q108424873	6000000071160151317
Q108425904	6000000003583736710
Q108426609	6000000058178471916
Q108426689	6000000058181565953
Q108427	6000000036247890115
Q108427276	6000000184576123947
Q108427545	6000000017774221249
Q108427546	6000000184576488930
Q108427617	6000000017774233058
Q108427714	6000000016957617404
Q108427962	6000000016957693120
Q108427975	6000000016957423894
Q108428423	6000000031185928886
Q108428431	6000000079616627258
Q108428504	6000000104313804846
Q108429033	6000000000545810365
Q108429697	6000000007481104725
Q108429802	6000000012616414001
Q108429872	6000000108729606965
Q108430110	6000000018704879019
Q108430291	6000000022795965843
Q108430493	6000000019505632676
Q108430494	6000000149858539870
Q108430495	6000000149857926966
Q108430496	6000000001402364159
Q108430497	6000000001402302497
Q108430532	6000000027914365022
Q108430534	6000000027913945754
Q108430538	6000000031080749227
Q108430539	6000000031080658520
Q108430541	6000000031080972331
Q108430546	6000000027913874571
Q108430547	6000000066168185129
Q108430548	6000000066168660893
Q108430551	6000000066168791837
Q108430552	4374887
Q108430553	6000000002931170311
Q108430554	6000000002908372521
Q108430566	6000000066168371032
Q108430567	6000000066172967000
Q108430569	6000000048543105856
Q108430570	6000000000601526023
Q108430572	6000000000337374528
Q108430575	6000000006771609288
Q108430588	4374939
Q108430589	6000000003937884728
Q108430590	6000000003939075241
Q108430592	6000000008098337659
Q108430630	6000000006783315240
Q108430640	6000000002905666895
Q108430641	6000000002905818161
Q108430643	377317694030005789
Q108430644	304043357400006486
Q108430646	304034721380003820
Q108430683	343633844110011164
Q108430700	6000000030815352787
Q108430763	4065877202700030655
Q108430764	4059815510400079947
Q108430766	4059782262010047273
Q108430768	4059336197100059077
Q108430782	310063428470003868
Q108430783	310057401120006482
Q108430784	310026046810007100
Q108430793	6000000026981334242
Q108430813	304040295080008275
Q108430820	6000000003485704391
Q108430995	6000000029114732328
Q10843179	6000000000310148995
Q108431959	6000000028522747892
Q108432118	6000000021245466256
Q108432120	6000000024209935245
Q108433019	6000000038122199682
Q108434682	6000000099809324871
Q108434753	6000000003877149725
Q108434773	6000000138090744929
Q108435122	6000000138092119983
Q108435132	6000000138092929835
Q108435136	6000000037559792672
Q108435156	6000000138092843856
Q108435285	6000000000211370945
Q108435704	6000000000211257508
Q108435717	6000000038677863949
Q108435731	6000000051495236076
Q108436875	6000000020705332000
Q108437441	6000000007777740461
Q108439236	6000000019214883708
Q108439429	6000000021892249109
Q108440	6000000156278561886
Q108440773	6000000002745208009
Q108440841	6000000022328759722
Q108441841	6000000003011486793
Q1084428	6000000032021434184
Q108443	6000000016296277061
Q108443366	6000000085774488945
Q108443367	6000000044349716831
Q108443456	6000000044349658896
Q108443461	6000000044349821849
Q108445245	6000000007961320214
Q108445723	6000000008309523608
Q108447481	6000000013529138256
Q108447825	6000000002965278985
Q108447899	6000000005573660269
Q108448135	6000000007294656265
Q108448632	6000000111539532821
Q108449482	6000000018308086463
Q1084515	6000000015713640605
Q1084518	6000000210341170841
Q108452792	6000000084791401826
Q1084530	6000000065145768893
Q108453803	6000000030248082263
Q108454	6000000002802349452
Q1084544	6000000057730556040
Q108454450	6000000010392074681
Q108454629	6000000044348851483
Q108454678	6000000082362929980
Q108455938	6000000174334133944
Q108456006	6000000199711487877
Q108456546	6000000017143722660
Q108456709	6000000151421014964
Q108456789	6000000022622298100
Q108456809	6000000033874655327
Q108456840	6000000025330863372
Q108456858	6000000085555876844
Q108456896	6000000085634874970
Q108457296	6000000033875816895
Q108457410	6000000025330811220
Q108458069	6000000154200736821
Q108458187	6000000151420247221
Q1084582	6000000017615255090
Q108459037	6000000007418020628
Q108459166	6000000024317899545
Q1084592	6000000011211677334
Q108459238	6000000085635360821
Q108459368	6000000080807957904
Q108459382	6000000011287880990
Q108459398	6000000080807085200
Q108459586	6000000080566634132
Q108459753	6000000027594235287
Q108459766	6000000021987239166
Q108460	6000000032076164157
Q108460112	6000000014074062403
Q108460204	6000000085644017056
Q108460352	6000000006114866092
Q108460361	6000000014025806492
Q108460367	6000000014025986361
Q1084605	6000000009263693238
Q108461214	6000000002659223007
Q108461609	6000000019137413014
Q108461630	6000000040508619550
Q108461710	6000000019360259817
Q108462297	6000000011397083958
Q108462577	6000000046202293838
Q108463870	6000000007334078478
Q108464116	6000000057606177833
Q1084647	6000000166887520826
Q1084648	6000000061156885864
Q1084653	6000000008127017934
Q108465815	6000000110460041869
Q108466	6000000023726554405
Q108469	6000000191126832829
Q108470317	6000000010679475409
Q108470712	6000000025362748422
Q108471069	6000000051419152927
Q108471136	6000000010483494028
Q108471175	6000000008944181194
Q1084715	6000000100826959892
Q108472266	6000000079104239606
Q108473011	6000000003095883925
Q108473882	6000000030639190167
Q108473970	6000000104802870435
Q108474060	6000000159870758821
Q108474963	6000000000540529507
Q108475039	6000000000540461573
Q108475412	6000000042222288888
Q108475431	6000000042222140100
Q108475893	6000000028037247780
Q108476059	6000000002246918848
Q108476062	6000000022303617529
Q108476075	6000000010492574846
Q108476090	6000000015926896091
Q108476101	6000000001173921069
Q108476103	6000000002014857118
Q108476112	6000000012380407079
Q108476113	6000000042917596917
Q108476138	6000000022464403138
Q108476145	6000000024237847923
Q108476148	6000000007232248146
Q108476148	6000000155935103822
Q108476151	6000000022445723728
Q108476158	6000000026452535971
Q108476167	6000000066171512886
Q108476175	6000000148772061916
Q108476177	6000000044590183922
Q108476179	322121839500001843
Q108476181	6000000014330571529
Q108476182	6000000012651941624
Q108476184	6000000034609419684
Q108476185	6000000022709772540
Q108476190	6000000010674853990
Q108476191	6000000032531269373
Q108476192	4730693812970070757
Q108476205	6000000020980705659
Q108476210	6000000018319526309
Q108476212	6000000024988778195
Q108476583	6000000008560996467
Q108477352	6000000143780430914
Q108477758	6000000012420921951
Q108477758	6000000143781498834
Q108478510	6000000002651447675
Q108478638	6000000022772942522
Q108481572	6000000002651536861
Q1084827	6000000086716454163
Q108483444	6000000002661062118
Q108484198	6000000012501734502
Q1084847	6000000151353384974
Q108485896	6000000001509423218
Q108486002	6000000211860459841
Q108486067	6000000211860480840
Q108486102	6000000003578857856
Q108486115	6000000038146065102
Q108486136	6000000082655771011
Q1084862	6000000103786433894
Q108486200	6000000176997039827
Q108486207	6000000176996735827
Q108486319	6000000025458498829
Q108486412	6000000064726698821
Q108486729	6000000003050663540
Q108486808	6000000071661450624
Q108487173	6000000002802419798
Q108487266	6000000047572535030
Q108487373	6000000007960846880
Q108487794	6000000172930437005
Q108487907	6000000122520285821
Q108488	6000000085181262896
Q108488094	6000000143905590863
Q108488429	6000000035939017871
Q108488545	6000000026530655918
Q108488974	6000000008357666435
Q1084896	6000000122509237934
Q108489931	6000000004547702921
Q108489932	6000000032027988612
Q1084907	6000000017696353337
Q108490771	6000000178417779931
Q1084913	6000000019728593149
Q1084916	6000000082638760510
Q108491747	6000000003032026663
Q1084918	6000000018131166214
Q108491847	6000000147238494885
Q108492	6000000023284466021
Q108492075	6000000008414529831
Q1084921	6000000026938179786
Q1084927	6000000039793431862
Q108493463	6000000032242765828
Q1084936	6000000016575236863
Q108496095	6000000014766048221
Q108496223	6000000014766019532
Q1084968	6000000181479503823
Q108497755	6000000008062239969
Q108497757	6000000003937836403
Q108497792	6000000000491022716
Q108497802	6000000004581608533
Q108497803	6000000002665478358
Q108498	6000000178858448836
Q108498968	6000000035345359392
Q108500533	6000000150286056834
Q1085021	6000000019127236243
Q108502246	6000000007433808326
Q1085024	6000000014111382546
Q108502650	6000000015139358444
Q108504268	6000000020266163035
Q108504393	6000000002216690092
Q108505410	6000000018376411062
Q108506	3424705
Q108506845	6000000019555110201
Q108507070	6000000020626590193
Q108508996	6000000003087050485
Q1085098	6000000026873830098
Q108510	6000000003398970612
Q108514	6000000064011123993
Q108514954	6000000002660966583
Q1085151	6000000069445163966
Q1085158	6000000023840877501
Q108516456	6000000017773609890
Q108516594	6000000018625132679
Q108517140	6000000178445385845
Q108517293	6000000174707848144
Q108517876	6000000013394826836
Q1085179	6000000023441982008
Q108518190	6000000013592870095
Q108521624	6000000021328868332
Q108522446	6000000142656596153
Q108522916	6000000032549524381
Q108523239	6000000002289610648
Q108523309	6000000007711728419
Q108523555	6000000020369978985
Q108523639	6000000012578823562
Q108523980	6000000069057981045
Q108524058	6000000033603540322
Q108524063	6000000033603422652
Q108524064	6000000072814945900
Q108524084	6000000009465293437
Q1085243	6000000024292974831
Q108524928	6000000033148973689
Q108524997	6000000028011940341
Q108525030	6000000019334780590
Q1085261	6000000027009184507
Q108527403	6000000009710781559
Q108527404	6000000177500916935
Q108527712	6000000030242520078
Q108528050	6000000078963697183
Q108528352	6000000029398266821
Q108529279	6000000184576431925
Q108530185	6000000039296823805
Q108531631	6000000005970549322
Q108531633	6000000009456172207
Q108531737	6000000018045142658
Q108531797	6000000002662472828
Q1085320	3657627
Q108532330	6000000034896265681
Q108534152	6000000201305410854
Q10853447	6000000003318227711
Q10853453	6000000015528690777
Q10853481	6000000017358684535
Q108535105	6000000041295209973
Q108535115	6000000035003869459
Q108535117	6000000069977680966
Q108535123	6000000070006753956
Q108535125	6000000070006832923
Q108535151	6000000031740640640
Q108535153	6000000031741394266
Q108535155	6000000000806490572
Q108535156	6000000077638583866
Q108535160	6000000000628542667
Q108535161	6000000003097318344
Q108535162	1126959
Q108535201	1126993
Q108535202	329039783270006162
Q108535220	6000000069976369722
Q108535481	6000000061268479836
Q10853588	6000000010726328284
Q108536544	6000000017806843819
Q10853677	6000000003709345370
Q10853699	6000000089327574879
Q108537108	6000000017807076303
Q108537120	6000000017807021507
Q108537174	6000000006199091486
Q10853747	6000000032957421735
Q10853752	6000000131536488026
Q108537610	6000000181872693839
Q10853771	6000000016563483316
Q10853775	6000000032996596134
Q10853779	6000000023515085649
Q10853781	6000000177887221865
Q108537963	6000000025564322854
Q10853805	6000000213032850829
Q10853837	6000000088660727349
Q10853848	6000000002080292411
Q10853866	6000000041174342528
Q10853870	6000000025644399898
Q10853922	6000000180538889936
Q10853926	6000000170818610487
Q10853941	6000000184186105822
Q10853951	6000000079518437904
Q108539599	6000000078630912120
Q10853979	6000000020089207023
Q10853985	6000000184685747949
Q10854000	6000000177102774863
Q10854004	6000000084255203171
Q10854013	6000000081750585488
Q108540433	6000000017625176924
Q10854053	6000000199897750831
Q108540736	6000000077631411295
Q10854077	6000000010679029633
Q10854111	6000000025556426587
Q108541293	6000000016252392193
Q10854136	6000000169668214955
Q10854148	6000000007005008988
Q10854150	6000000073509671907
Q10854215	6000000176138489850
Q10854216	6000000077628230938
Q10854245	6000000137826605934
Q108542782	6000000009264985617
Q108542895	6000000008896453362
Q108542920	6000000019854555807
Q10854364	6000000040800499580
Q1085441	6000000022292422259
Q108544327	6000000040608368063
Q108544357	6000000035989740930
Q108544408	6000000046354140447
Q108544491	6000000018798974001
Q108545248	6000000006440544707
Q108545323	6000000004043683550
Q108545843	6000000124120466985
Q108545916	6000000025154629009
Q108546522	6000000007417710513
Q108547180	6000000046054540406
Q108548095	6000000010788943846
Q108548216	6000000002765045583
Q1085497	6000000014731140261
Q1085498	6000000024517103905
Q1085505	6000000021450436757
Q108550552	6000000019556351274
Q1085510	6000000122572081973
Q108551405	6000000016191026927
Q108553	6000000020734160783
Q108553748	6000000180737604837
Q108554158	6000000107818295859
Q108554567	6000000011714937907
Q108554826	6000000024060302153
Q108555	6000000017374242783
Q108555098	6000000016142345529
Q108555715	6000000003388985468
Q108555716	6000000000829986390
Q108555718	6000000000426640099
Q108555739	6000000002545340068
Q108555754	6000000003160408486
Q108555758	374705686880007134
Q108555784	6000000017807216336
Q108555786	5703689931900135015
Q108555847	6000000003978439008
Q108555849	6000000003978379167
Q108555850	6000000000759112142
Q108555851	6000000002702681778
Q108555930	6000000031760227451
Q108555932	6000000027986820047
Q108555933	6000000006440551180
Q108555971	6000000033798737496
Q108556020	6000000008274597670
Q108556077	6000000033798195593
Q108556484	6000000013472082905
Q108556718	6000000027627080070
Q108556783	6000000026378527766
Q108557278	6000000049027008915
Q10855740	6000000003783133419
Q108557433	6000000003388985384
Q108558022	6000000000830060121
Q108558490	6000000094084618952
Q108559087	6000000072059885383
Q1085599	6000000151388898942
Q10855990	6000000012432029673
Q108560743	6000000027242173938
Q108560807	6000000017651138222
Q10856169	6000000032072253990
Q108562028	6000000023683334166
Q10856212	6000000011523962462
Q10856278	6000000016820729549
Q10856290	6000000084394911951
Q10856291	6000000189094004860
Q108562969	6000000041417478383
Q10856346	6000000015748542840
Q10856355	6000000065327988852
Q10856376	6000000026908923561
Q1085640	6000000079492134821
Q10856438	6000000164059989839
Q108564792	6000000090921409833
Q108564854	6000000174046959865
Q108564952	6000000028411908067
Q108565843	6000000112300768896
Q108565882	6000000028907189518
Q10856591	5543534528270063733
Q108565959	6000000146559154844
Q10856597	5603054050050102403
Q10856598	6000000024671884557
Q108566161	6000000016202370754
Q108566751	6000000047383319823
Q10856678	6000000068982923913
Q10856715	6000000011706168189
Q108567820	6000000012567037559
Q108567855	6000000024851022492
Q10856792	6000000178605559821
Q108569061	6000000043260869446
Q10856984	6000000198146773822
Q108570337	6000000002342105134
Q108570707	6000000019094627481
Q10857078	6000000018727629042
Q108571067	6000000142271191245
Q108571816	6000000044402580891
Q108571951	6000000002773879844
Q108572044	6000000002278375248
Q108572377	6000000025097631464
Q108572470	6000000015640661307
Q108572600	6000000056534719028
Q108572613	6000000003726216447
Q10857393	6000000050746305986
Q10857450	6000000079258450416
Q10857455	6000000103357271835
Q108574570	6000000172037016249
Q108574695	6000000010858349257
Q108574759	6000000012148765763
Q10857485	6000000003833736934
Q10857497	6000000177887622846
Q108574989	6000000008500670756
Q108575066	6000000029302225588
Q108575204	6000000016256968448
Q108575330	5353117511950132185
Q108575426	6000000029302584054
Q108575561	6000000008672982141
Q108575688	6000000034082229926
Q108575697	6000000042313253462
Q10857595	6000000021456528369
Q108576	6000000029385469935
Q1085760	6000000008768891292
Q10857600	6000000166429233933
Q10857613	6000000100760165999
Q108576327	6000000016503952182
Q108576348	6000000020514413813
Q108576426	6000000009946836808
Q10857645	6000000000260936607
Q108576541	6000000017817579451
Q108576547	6000000054163503831
Q108576635	6000000025852667509
Q108577197	6000000178619007846
Q108577243	6000000178618058863
Q108577330	6000000003339897412
Q108577496	6000000178447859828
Q108577602	6000000015254230284
Q108577622	6000000019077667230
Q108577672	6000000107869899821
Q108577673	3979384453110052258
Q10857831	6000000006712166043
Q10857841	6000000078549582265
Q108578633	6000000014224573588
Q108578672	6000000016219329602
Q1085799	6000000112954355830
Q1085809	6000000040730340608
Q10858156	6000000015678466602
Q108581967	6000000003940250120
Q1085834	6000000155126403821
Q108583482	6000000013237662754
Q108583486	6000000174046959822
Q108583490	6000000174046502051
Q108583492	6000000174046502028
Q108583495	6000000087554936886
Q108583560	6000000041016302008
Q10858357	6000000024878875285
Q1085855	6000000141084004826
Q108585628	6000000014630060031
Q10858589	6000000151633097092
Q108585975	6000000094607484305
Q108586077	6000000023514898958
Q108586114	6000000058935452842
Q108586121	6000000085738307903
Q108586162	6000000109066897076
Q108587045	6000000065859751864
Q108587155	6000000008112674846
Q108587277	6000000001958978170
Q10858735	6000000105949822298
Q108587468	6000000001959167387
Q1085876	6000000015499118087
Q108587959	6000000007468187472
Q108588050	6000000051084442008
Q108588068	6000000009946821650
Q108588150	6000000001869877003
Q108588151	6000000003484037597
Q108588153	6000000032042204989
Q108588155	4320874317610030472
Q108588166	6000000001383084004
Q108588168	6000000091786234902
Q108588217	6000000013041158226
Q108588575	6000000060722895908
Q108588606	6000000029526204348
Q108588664	6000000013173702133
Q1085905	6000000025205590481
Q10859072	6000000001006565217
Q10859080	6000000068379690022
Q10859081	6000000009375768338
Q10859118	6000000021533598623
Q10859135	6000000129021357834
Q108591851	6000000022337623799
Q108592	6000000010510319540
Q10859203	6000000009151943889
Q108592081	6000000020352433932
Q108592188	6000000056058877042
Q108592856	6000000029577351997
Q108593128	6000000070587158057
Q108593541	6000000181746563843
Q108593805	6000000081276049041
Q108594	6000000013112808856
Q108594214	6000000017822419687
Q108594225	6000000200493250269
Q108594401	6000000031353777146
Q10859521	6000000008923431933
Q108595216	6000000018633738572
Q108595258	6000000014629654471
Q108595347	6000000033141404923
Q108595361	6000000033141280077
Q1085958	6000000048506531072
Q108596153	6000000006824050271
Q108596301	6000000008521237706
Q108596485	6000000038732922926
Q108596640	4368100839130021203
Q108597	6000000018567811561
Q108597329	6000000010555978439
Q108597416	6000000014801651231
Q108598350	6000000068976707977
Q108598515	6000000003396985516
Q108599952	6000000027668146871
Q108600271	6000000033805752883
Q108600298	6000000033802448556
Q1086003	6000000080206608825
Q108600303	6000000033805093323
Q108600304	6000000087547133896
Q108600306	6000000025755078654
Q108600323	6000000008438792979
Q108600328	6000000008439635946
Q108600329	6000000002957715637
Q108600333	6000000002886277064
Q108600340	6000000003669576014
Q108600341	6000000003669495496
Q108600343	6000000012899257735
Q108600372	6000000007454503906
Q108600374	6000000001540878474
Q108600385	6000000000795093900
Q108600717	6000000186331379359
Q108600796	6000000029844667076
Q108601	6000000184271147821
Q108601114	6000000186331158654
Q108601123	6000000017963193074
Q108601195	6000000125493034829
Q108601243	6000000186331379335
Q108601256	6000000186331379331
Q108601266	6000000186331379355
Q108601280	6000000186331379371
Q108601307	6000000186331379377
Q108601377	6000000186331084771
Q108601399	6000000186331379385
Q108601410	6000000186331379381
Q108601605	6000000022775976968
Q108601643	6000000186331849868
Q108601793	6000000008174001198
Q108601868	6000000005961323351
Q1086019	6000000035118293414
Q108601938	6000000049442228643
Q108601940	6000000049443292099
Q108601964	6000000079448593902
Q108601966	6000000074729433869
Q108602016	6000000178593335822
Q108602064	6000000065920474912
Q108602066	6000000000672962119
Q108602067	6000000000672963650
Q108602068	6000000001080387618
Q108602072	6000000056012215911
Q108602074	6000000015343740207
Q108602076	6000000065920328036
Q108602077	6000000007059393281
Q108602078	6000000001578783746
Q108602086	6000000000469382568
Q1086021	6000000035047029748
Q108602138	6000000006329605001
Q108602141	6000000003458101065
Q108602205	6000000056012945981
Q108602393	6000000009848567177
Q108602394	6000000004229022766
Q108602398	6000000003481811016
Q108602399	6000000003481811094
Q108602405	6000000004229022736
Q108602406	6000000007273246753
Q108602407	6000000000475127399
Q108602429	6000000004229022724
Q108602430	6000000004229022790
Q108602432	6000000003481811009
Q108602437	6000000001151057489
Q108602439	6000000005233470148
Q108602451	6000000004229022796
Q108602526	6000000010211722646
Q108602528	6000000020096777283
Q108602529	6000000004229696488
Q108602530	6000000000639985282
Q108602531	6000000001791631169
Q108602576	6000000006118635092
Q108602642	6000000008439128923
Q108602643	6000000008439000292
Q108602644	6000000006728041015
Q108602645	6000000003694380052
Q108602646	6000000003077232103
Q108602650	6000000003077229266
Q108602664	6000000056013041926
Q108602667	6000000048964517069
Q108602669	6000000008369935362
Q108602692	6000000019953662396
Q108602694	304779255760003756
Q108602696	304784360500008284
Q108602829	6000000120312817949
Q108602943	6000000011813503688
Q108603200	6000000022935658418
Q108603202	6000000030694326685
Q108603208	6000000014278941755
Q108603215	6000000022935994972
Q108603238	6000000075571991108
Q108603240	6000000003939825691
Q108603241	6000000003937810781
Q108603244	6000000003937810861
Q108603245	6000000002339417994
Q108603317	6000000081490021063
Q108603342	6000000081489813250
Q108603343	6000000006031014445
Q108603346	6000000081489470529
Q108603423	6000000020666101059
Q108603434	6000000020746057676
Q108603832	6000000025597903372
Q1086043	6000000009240880602
Q108604426	6000000010759227120
Q108604601	6000000090921409829
Q108604694	6000000006324407298
Q108604826	6000000003388985417
Q108605569	6000000012679421393
Q108605570	6000000013695879992
Q108605573	6000000012679399509
Q108605574	6000000006441402881
Q108605575	3552328
Q108605623	6000000023527269424
Q108605625	6000000007964326133
Q108605633	6000000008851374614
Q108606497	6000000003959307102
Q10860652	6000000181914298907
Q108607585	6000000022275137766
Q10860780	6000000173450649872
Q108608	6000000005599001421
Q10860805	6000000016607541758
Q10860806	6000000114876408939
Q108608303	6000000014300839519
Q1086102	6000000019949974383
Q10861028	6000000025024573583
Q108611102	6000000003340141647
Q108611598	6000000173152882960
Q108611678	6000000006360739263
Q108611771	6000000006145157159
Q108611906	6000000021068210930
Q108611934	6000000020747019510
Q108611974	6000000021068022099
Q108612044	350688347460001215
Q108612657	6000000001180223371
Q10861348	6000000024772910019
Q10861388	6000000011923800262
Q108614274	6000000006442019992
Q10861468	6000000006907297682
Q108614768	6000000039805750219
Q108615430	6000000021691782476
Q108615473	6000000021691817739
Q108615606	6000000023683406074
Q108615679	6000000059119785068
Q10861574	6000000188086940838
Q108615787	6000000045522622830
Q108615991	6000000059119886701
Q108616071	6000000045522463906
Q108616092	6000000045522512851
Q108616109	6000000045522230888
Q108616116	6000000045522413835
Q108616161	6000000048051076632
Q108616183	6000000048053259111
Q108616211	6000000048053317122
Q1086172	6000000006727794355
Q108617237	6000000047641570907
Q108617252	6000000047641625836
Q108618392	6000000030873273599
Q108618519	6000000016273544061
Q108618570	6000000001937504313
Q108618571	6000000000774233833
Q108618574	6000000001937593510
Q108618575	6000000001937696674
Q108618599	6000000006348265291
Q108618601	6000000008630287541
Q108619082	6000000024436144420
Q108619082	6000000053908585833
Q108619084	6000000053908211009
Q108619086	6000000045959665355
Q108619103	6000000000652507981
Q108619104	6000000000652552423
Q108619105	6000000003076631239
Q108619109	6000000002870159734
Q108619112	6000000002870159847
Q108619119	6000000002870151169
Q108619120	6000000003939144916
Q108619122	6000000013429425822
Q108619670	6000000000071715986
Q10861968	6000000145342508850
Q108619837	6000000022159896811
Q10861998	4578643173580028636
Q108620	6000000016118050833
Q1086203	6000000016284175155
Q10862042	6000000073621532486
Q1086206	6000000034472235212
Q1086216	6000000031879487910
Q108621876	2097828
Q10862302	6000000023169136151
Q108623715	6000000048652360935
Q108623742	6000000048650059855
Q108623746	6000000048649835886
Q108623798	6000000018112343183
Q108623801	6000000007749666353
Q108623808	6000000071672602833
Q108623885	6000000018111208789
Q108623888	6000000018111304695
Q108623997	6000000003820297726
Q108624009	6000000018120715659
Q108624012	6000000018120561392
Q108624014	6000000018111227865
Q1086244	6000000016812162969
Q108624468	6000000002741407486
Q108624509	6000000021954235348
Q10862805	6000000009748007328
Q108628630	6000000010282261966
Q108628640	6000000003708047479
Q108628643	6000000000140481532
Q108628683	6000000001688768271
Q108628802	6000000075318747848
Q108629108	6000000075318614947
Q108629306	6000000085606530163
Q108629455	4491489291370047858
Q108629461	4491391716890057889
Q108629466	4491275502890082292
Q108629472	4466657860940022016
Q108629478	6000000002174556497
Q108629520	4491282774340061513
Q108629526	6000000003722763186
Q108629946	6000000000368922442
Q108629950	6000000000513645305
Q108630025	6000000000387449441
Q108630183	6000000000285188957
Q108630853	6000000017310431212
Q108631281	6000000106186677959
Q108631364	6000000180124111946
Q108631505	6000000003128612923
Q108631590	6000000003939439241
Q108631592	6000000012942472347
Q108631648	6000000002666156577
Q108631695	6000000000875606282
Q108631695	6000000195583791828
Q108631746	6000000006348571702
Q108631885	6000000006348571710
Q108631889	6000000000229571990
Q10863199	6000000022450777074
Q108632177	6000000011196708821
Q108632218	6000000010812711479
Q108633183	6000000203147410822
Q108634219	6000000015903604435
Q108635	6000000073254678847
Q108636501	6000000041734027848
Q108636705	6000000027756418161
Q108636708	6000000027756094605
Q108636711	6000000027756387564
Q108636715	6000000017265036217
Q108636715	6000000175806068877
Q108636723	6000000027756077558
Q108636740	6000000079550843062
Q108636741	6000000142480461822
Q108636914	6000000002907093586
Q108636920	6000000002906956259
Q108637003	6000000000682150935
Q108637007	6000000002906997896
Q108637013	6000000006348403963
Q108639139	6000000043338893100
Q108639142	6000000013039830844
Q108639356	6000000043339000949
Q108639360	6000000043338772172
Q108639394	6000000023655611487
Q108639881	6000000174046624823
Q108640076	6000000174047398829
Q108640111	6000000174047398823
Q108640331	6000000174047032822
Q108640344	6000000174046502479
Q108640402	6000000174046502196
Q108640405	6000000174046502502
Q10864136	6000000075505989862
Q10864137	6000000075508602848
Q108641487	6000000002576250482
Q10864150	6000000071223696541
Q10864187	6000000074753856840
Q10864242	6000000051947208931
Q10864243	6000000075508580835
Q10864260	6000000074703759260
Q10864264	6000000050037661311
Q10864286	6000000075508169143
Q10864294	6000000075506232598
Q10864322	6000000075508654834
Q1086433	6000000015585877335
Q10864354	6000000075503575947
Q10864404	6000000074704108051
Q10864445	6000000075406591220
Q1086446	6000000017933093792
Q108645257	6000000013928729021
Q108646	6000000006494707646
Q10864664	6000000028794667731
Q108647	6000000177056431868
Q108647481	6000000019306536594
Q108647659	6000000032464603445
Q108648167	6000000008550791536
Q10864839	6000000016040158566
Q10864859	6000000074701800064
Q108649	6000000020879121468
Q108649717	6000000178687807845
Q108649719	6000000006128269931
Q108649764	6000000038916284246
Q108649765	6000000038917096837
Q108649768	6000000038928290469
Q108649770	6000000038928616458
Q108649857	6000000039501103129
Q108649859	6000000019341876341
Q108649916	6000000019125633395
Q108649918	6000000019125541848
Q108649930	6000000019125741150
Q108649932	6000000019125794047
Q108649994	6000000095466949568
Q108649999	6000000046892239975
Q108650031	6000000092193615439
Q108650032	6000000024250801981
Q108650034	6000000025342648937
Q108650061	6000000025342397122
Q108650079	6000000038926096809
Q108650149	6000000038914143660
Q108650152	6000000038913436668
Q108650155	6000000038913302644
Q108650157	6000000038913751907
Q108650159	6000000038914353250
Q108650226	6000000040068974730
Q108650265	6000000039500657060
Q108650267	6000000039500780089
Q108650269	6000000025293027973
Q108650301	6000000014755644557
Q108650505	6000000015352494494
Q1086506	6000000011302761640
Q10865091	6000000075502502912
Q1086510	6000000005220735034
Q108651228	6000000007994126556
Q108652095	6000000000236333333
Q108652515	6000000001388650284
Q108653280	6000000060216809100
Q108653626	6000000017210158698
Q108653628	6000000003289690360
Q108653775	6000000174046922830
Q108653864	6000000028385126912
Q108653955	6000000060217402318
Q108654151	6000000006574517285
Q108654152	6000000006574546240
Q108654153	6000000011334435039
Q108654156	6000000011334469992
Q108654158	6000000006574785066
Q108654167	6000000019205927647
Q108654168	6000000020921763463
Q108654172	6000000024657287365
Q108654178	6000000008814735613
Q108654219	6000000011475719129
Q108654221	6000000011334226752
Q108654223	6000000011334226758
Q108654225	6000000011334459381
Q108654227	6000000011334459387
Q108654228	6000000113579531921
Q108654229	6000000011477419837
Q108654231	6000000011471590278
Q108654232	6000000011471493594
Q108654285	6000000006444140714
Q108654286	6000000006444655046
Q108654288	6000000009318459430
Q108654289	6000000015880147909
Q108654293	6000000009318459435
Q108654295	6000000008501038502
Q108654296	6000000006444655052
Q108654297	6000000007175375029
Q108654300	6000000006443868365
Q108654301	6000000016115069674
Q108654303	6000000003420623123
Q108654318	6000000009006477690
Q108654322	6000000008690676974
Q108654324	6000000008690676980
Q108654335	6000000009006445502
Q108654528	6000000000497292157
Q108654536	6000000102751576079
Q108654549	6000000008449946685
Q108654551	6000000006157464139
Q108654606	6000000000219308570
Q108654607	6000000112945282963
Q108654628	6000000014484940236
Q108654708	6000000006768126748
Q108654783	6000000010763322348
Q108654785	6000000023057393859
Q108654800	6000000001504812321
Q108654819	6000000003378677434
Q108654820	6000000001504875545
Q108654833	6000000021493647610
Q1086549	6000000035553278779
Q108654935	6000000016020913710
Q108654954	6000000013020936186
Q108654955	6000000013020995170
Q108654961	6000000011424147943
Q108654962	6000000016215433699
Q108654965	6000000017551226324
Q108654978	6000000014024777115
Q108655002	6000000014139996184
Q108655371	6000000009659148386
Q108655555	6000000004148891459
Q108655649	6000000011820550042
Q10865566	6000000075507316150
Q108656088	6000000002242722436
Q108656102	6000000037865836940
Q108656392	6000000171779801976
Q108656534	6000000034651557870
Q1086571	6000000038382195450
Q108657310	6000000015310668386
Q108657311	6000000015311499098
Q108657314	6000000015311470377
Q108657327	6000000015311150900
Q108657354	6000000015310651181
Q108657369	6000000011766463840
Q108657370	6000000011766725518
Q10865831	6000000075507765836
Q108658847	6000000000330995852
Q108658870	6000000020839630814
Q108660506	6000000097065245876
Q108660752	6000000027126853034
Q108660783	6000000027126365304
Q108660840	6000000048438082887
Q1086629	6000000051531278872
Q108663053	6000000014515523536
Q108663091	6000000011242647563
Q1086631	6000000175530029829
Q108664097	6000000016853299598
Q108664482	6000000176398993851
Q108664501	5165506255330119816
Q1086648	6000000090017985355
Q1086650	6000000185284691840
Q108665134	6000000109876667928
Q108665209	6000000040009265117
Q108667586	6000000078344365345
Q108667628	6000000017193655971
Q108668	6000000088042669964
Q1086680	6000000041197822738
Q108668416	6000000010192257738
Q108668678	6000000014797729784
Q108669154	6000000078767132100
Q108669232	6000000039590844627
Q1086696	6000000013405125190
Q1086697	6000000011336898307
Q108669835	6000000014664090155
Q108670936	6000000002067491024
Q108671390	6000000026229384524
Q1086729	6000000010372342675
Q108673	6000000020700043120
Q108673035	6000000076733993469
Q10867334	6000000074702619170
Q10867338	6000000075050108967
Q10867353	6000000029740516358
Q108673935	6000000072834180836
Q108675012	6000000026274983185
Q108675037	6000000150892888212
Q108675308	6000000019099371266
Q108675784	6000000006128193277
Q108676641	6000000009055054658
Q108676771	6000000139931442835
Q108676775	6000000139931000832
Q108676960	6000000007848234570
Q1086773	6000000076745781013
Q108677538	6000000154410223855
Q108677828	6000000165996798879
Q108678388	6000000003938187046
Q108678391	6000000003937778462
Q108678392	6000000006441379773
Q108678395	6000000000320670250
Q108678396	6000000000475122273
Q108678397	6000000003937778470
Q108678398	6000000003942570175
Q108678417	6000000003940441893
Q108678418	6000000003940441908
Q108678418	6000000006453519023
Q108678424	6000000006453148470
Q108678426	6000000001540734818
Q108678428	6000000000337374019
Q108678432	6000000006453238279
Q108678434	6000000006453247409
Q108678434	6000000137358462866
Q108678437	6000000000337364928
Q108678438	6000000009172488270
Q108678484	6000000002135745566
Q108678485	6000000000483899637
Q108678702	6000000039998002123
Q108678704	6000000039997534687
Q108678705	6000000022135254102
Q108678707	6000000008746733413
Q108678709	6000000008980666531
Q108678718	6000000001539434315
Q108678720	5665885419620131664
Q108679674	6000000009094384160
Q108679949	6000000059116219423
Q108680301	6000000017047930976
Q108681	6000000092275304906
Q108681690	6000000052001811081
Q1086823	6000000003218497589
Q108682572	6000000007667093371
Q108682572	6000000031292039612
Q108682806	6000000026013073020
Q108683135	6000000026012664583
Q1086837	6000000035129577986
Q108683722	6000000043123140261
Q108683724	6000000000426599791
Q108683725	381227385610013297
Q108683731	6000000000426599781
Q108683732	6000000105812916050
Q1086838	6000000031079349845
Q108683899	6000000006175754383
Q108684013	6000000033621717009
Q1086848	6000000091184243170
Q1086852	6000000157971228821
Q1086853	6000000009569030378
Q1086861	6000000002721003659
Q108686298	6000000080413813035
Q108686300	6000000080412526613
Q108686302	6000000007209638412
Q108686353	6000000011819703010
Q108686395	6000000001382713590
Q108686401	6000000001383082816
Q108686448	6000000011812862471
Q108686571	6000000003148001859
Q108686869	6000000008202771340
Q108687	6000000186616322907
Q1086874	6000000003266337089
Q108687418	6000000021555032892
Q108687421	6000000013006495205
Q108687423	6000000000632150275
Q108687424	6000000000652551852
Q108687425	6000000006598258291
Q108687426	6000000000605317227
Q108687474	6000000021688632752
Q108687476	6000000006727893303
Q108687477	6000000006728167172
Q108687478	6000000003937796738
Q108687481	6000000021555180627
Q108687502	6000000005232883954
Q108687515	6000000006728319327
Q108687671	6000000009515147237
Q108687793	6000000006330053107
Q108687793	6000000021517339025
Q108687804	6000000021516026640
Q108687854	6000000006330049055
Q108687855	6000000015854080933
Q108687942	6000000006667921972
Q108687943	6000000008357918567
Q108687944	6000000008358049249
Q108687946	6000000006442444380
Q108688084	6000000016936651537
Q108688220	6000000030991179144
Q108688226	6000000030991017518
Q108688228	4123031253950059229
Q108688230	5613491633660104856
Q108688231	6000000003504035658
Q108688233	6000000001415009012
Q108688234	6000000001498680249
Q108688237	6000000001097442030
Q108688277	6000000003221409561
Q108688321	6000000022842304278
Q108688430	6000000015353482269
Q108688452	6000000011694321730
Q108688523	6000000025526084710
Q108688524	6000000025526226584
Q108688528	6000000025526731869
Q108688532	6000000025526548341
Q108688533	4400277827650036695
Q108688535	6000000002969930928
Q108688672	6000000033970345448
Q108688673	6000000033976785999
Q108688674	6000000033976853699
Q108688676	6000000033977326591
Q108688679	6000000033978040824
Q108688682	6000000002275759283
Q108688683	6000000011967979450
Q108688764	6000000014940076069
Q108688765	6000000015107284639
Q108688766	6000000015215671187
Q108688768	6000000000875627787
Q108688769	6000000003636258505
Q108688770	6000000003635393721
Q108688792	6000000001384323837
Q108688793	4786206614790052085
Q108688814	381301288590013266
Q108688818	381297247340002271
Q108688819	6000000003937939599
Q108688822	6000000003636145877
Q108688859	6000000003183467621
Q108688876	6000000003183467763
Q108688877	6000000003183470312
Q108688878	6000000032716943939
Q108688880	6000000096221561833
Q108688883	6000000012194020879
Q108688884	6000000001384096669
Q108688885	6000000001069479876
Q108688887	6000000003938315756
Q108688888	6000000005014890264
Q108688890	6000000001384096611
Q108688891	6000000000600329079
Q108688893	6000000007271648716
Q108688925	6000000032463671369
Q108688937	6000000006677059002
Q108688938	6000000003937855556
Q108688940	6000000003939345082
Q108688993	6000000042087333274
Q108689326	6000000016292255718
Q108690	6000000061257009928
Q10869197	6000000012422663184
Q10869213	6000000075507989831
Q108692143	6000000026376678872
Q108692233	6000000019872397438
Q1086925	6000000007838426261
Q108692578	6000000048438259079
Q108692601	6000000044549356074
Q108693195	6000000000303706156
Q1086932	6000000018391296386
Q108693296	6000000048501506301
Q108693314	6000000045132693861
Q108695481	6000000026588563060
Q108695697	6000000013412430420
Q108695947	6000000013412685512
Q108696358	6000000109340749866
Q108696552	6000000011205458539
Q108696829	6000000011921551850
Q108696844	6000000012513254428
Q108696848	6000000011212393306
Q108696874	6000000011211797289
Q108696876	6000000012513162876
Q108698409	6000000007344620918
Q108699	6000000024652684179
Q108699417	6000000011211730237
Q108699606	6000000132876167208
Q108699711	6000000003803505222
Q108699757	6000000001384027239
Q108699759	6000000001384024763
Q108699760	6000000001384027663
Q108699761	6000000001384027011
Q108699762	6000000003938893855
Q108699777	6000000001384027232
Q108699778	6000000012782718638
Q108699786	6000000012783021482
Q108699788	6000000004577278584
Q108699800	5453467929500079073
Q108699807	6000000003938331560
Q108699836	5453408747950036109
Q108699838	6000000003221447500
Q108699844	6000000002824562408
Q108699880	6000000011016086214
Q108699881	6000000011014682347
Q108699901	6000000001384027274
Q108699902	6000000041114896597
Q108699905	6000000031879205100
Q108699906	6000000031879335895
Q108699907	6000000008371386108
Q108699911	6000000031026684933
Q108700078	6000000170318469855
Q108700149	6000000022596159029
Q108700206	6000000000144669376
Q108700504	6000000008074568248
Q108700511	6000000013807057480
Q108701091	6000000074490821950
Q108701144	6000000034537289390
Q108701232	6000000149602373876
Q1087013	6000000141137147839
Q108701322	6000000007803312621
Q108701363	6000000211152932830
Q108701449	6000000143214812893
Q108702939	6000000010684952302
Q108702949	6000000000943605215
Q108703326	6000000000943605233
Q108703378	6000000003701262758
Q108703498	6000000000943605224
Q1087036	6000000079567491028
Q108703825	6000000007418506480
Q108704285	6000000014828152549
Q108704300	6000000014829041861
Q108704317	6000000007418506506
Q108704736	6000000017939664477
Q108704746	6000000020703663588
Q108704846	6000000017922848686
Q108705487	6000000182413968826
Q108705487	6000000183587679847
Q108706001	6000000077330236272
Q108706769	6000000015478708101
Q10870847	6000000131046674848
Q108709022	6000000037613288104
Q108709307	6000000058338886931
Q108709554	6000000010012968671
Q108709559	6000000057158126843
Q108709756	6000000062735068954
Q108710082	6000000100368664149
Q108710624	6000000180074336875
Q108712513	6000000017052340141
Q108712608	6000000015190599054
Q108712749	6000000002678607980
Q108712842	6000000153503342821
Q108713547	6000000013430800639
Q108713558	6000000033376625361
Q108714106	6000000014674619695
Q108714812	6000000000829186488
Q108715	6000000032126113550
Q108715208	6000000205471777894
Q10871546	6000000026682856782
Q10871585	6000000026683451740
Q108715941	6000000004315700834
Q108715959	6000000004315927894
Q108716488	6000000009262512251
Q108717811	6000000177096328836
Q108718157	6000000031301400768
Q108718179	6000000001504517521
Q108718187	6000000007980472464
Q108718222	6000000023420832850
Q108718225	6000000001504425798
Q108718228	6000000068504611921
Q108718231	6000000021706117576
Q108718237	6000000030525260212
Q108718238	6000000001504282409
Q108718270	6000000003042033382
Q108718272	6000000009217651808
Q108718274	6000000073387710359
Q108718279	6000000023404251625
Q108718281	6000000015903796709
Q108718294	6000000006110379085
Q108718298	6000000034654108239
Q108718303	6000000023211541342
Q108718341	6000000009306104143
Q108718351	6000000185750297850
Q108718356	6000000017465510947
Q108718356	6000000023729072152
Q108720396	6000000025223322259
Q108723194	6000000005808072005
Q108723194	6000000052997257113
Q108723531	6000000005808250003
Q108729985	6000000084578245958
Q10873	6000000013311149932
Q108730004	6000000018910403038
Q108730053	6000000045397784847
Q108730063	6000000045397774902
Q108730484	6000000178954913926
Q108730938	6000000078572629211
Q108731072	6000000011324351181
Q108731259	6000000084590188900
Q108731263	6000000084589219237
Q108731295	6000000002802731977
Q108731369	6000000084579978231
Q108731386	6000000084580072243
Q108731399	6000000211420131821
Q108731452	6000000205551253833
Q108731455	6000000205551664829
Q108731460	6000000211416118825
Q108731628	6000000020462093544
Q108731636	6000000020462362498
Q108731690	6000000020457956157
Q108731693	6000000020457850411
Q108731702	6000000020457963146
Q108731743	6000000084590202914
Q108731752	6000000084588715783
Q108732084	6000000054065585828
Q108732187	6000000166392836046
Q108732302	6000000114984119331
Q108732365	375219648170012047
Q108732500	6000000017257806784
Q108732518	6000000041230904303
Q108732675	6000000103387745821
Q108732754	6000000008797098045
Q108732758	6000000164251316211
Q108732918	6000000018820108114
Q108732920	6000000008299209585
Q108732931	6000000048214481776
Q108732932	6000000006257202782
Q108733415	6000000021635619677
Q108733865	6000000021522882317
Q108733890	6000000052960440189
Q108733909	6000000183386831821
Q108734305	3738635
Q108734339	6000000042060415902
Q1087347	6000000067822544977
Q108739319	6000000002188453255
Q108739855	6000000142904341871
Q108740732	6000000015583210816
Q108740741	6000000015793144429
Q108740856	6000000117637599058
Q108741174	6000000039591017387
Q108741182	6000000015793876104
Q108741187	6000000015793611207
Q108741197	6000000015793326482
Q108741239	6000000043044813967
Q108741347	6000000176022663932
Q108741748	6000000148870032863
Q108742099	6000000009508781433
Q108742331	6000000024361609634
Q108742437	6000000010327353220
Q108742443	6000000013372421656
Q108742457	6000000001801564487
Q108742970	6000000022604736372
Q108742971	6000000022605014758
Q108742993	6000000096129359827
Q108742994	6000000096128947938
Q108742995	6000000096128786980
Q108743036	6000000013374999382
Q108743209	6000000008479483265
Q108743393	6000000122746674865
Q108743422	6000000009523539205
Q108743497	6000000013490833236
Q108743697	6000000037472937949
Q108743770	6000000006444423046
Q108743813	6000000009508167710
Q108743854	6000000015862714078
Q1087439	6000000179536175853
Q108744595	6000000012655159312
Q108744986	6000000024491487824
Q108747135	6000000007007621146
Q108747227	6000000017755066124
Q108747233	6000000082558198187
Q108747266	6000000007352982265
Q108747445	6000000028584243870
Q108747506	6000000186002034866
Q108748082	6000000011886868996
Q108748423	6000000018094621579
Q108749022	4021552006850077934
Q108749278	6000000008260467138
Q108749303	6000000018296001280
Q10874951	6000000040385650826
Q108749679	6000000021986728236
Q108749744	6000000013240887549
Q108749748	6000000013240925272
Q108750956	6000000094440781117
Q108751283	6000000014562449240
Q108751341	6000000080134049990
Q108751581	6000000013205794668
Q108751944	6000000015519421388
Q108752178	6000000018039855068
Q108752180	6000000018039509681
Q108752182	6000000024223552963
Q108752184	6000000008630339942
Q108752185	6000000006101478596
Q108752186	6000000002808966461
Q108752202	6000000008630339897
Q108752203	6000000008630346509
Q108752205	6000000008630346374
Q108752207	6000000079872381427
Q108752208	6000000004086366645
Q108752209	6000000008630346223
Q108752210	6000000003073335079
Q108752221	6000000009134231698
Q108752225	6000000011802137358
Q108752229	6000000008089796443
Q108754441	6000000039484402503
Q108756003	6000000002765675479
Q108756101	6000000056316868883
Q108756554	6000000008500413464
Q108756591	6000000012794419342
Q108756592	6000000015730589401
Q108756594	6000000004107527092
Q108756595	6000000004107572161
Q108756601	6000000020241504988
Q108756602	6000000012591510546
Q108756645	6000000010770550249
Q108756647	6000000001540716795
Q108756649	6000000023145937163
Q108756651	6000000007006680213
Q108756669	6000000000276151794
Q108756703	6000000001259320939
Q108756704	6000000001259339637
Q108756706	6000000001259909002
Q108756707	6000000001259819313
Q108756709	6000000001354180055
Q108756712	6000000001354115707
Q108756713	6000000009636604952
Q108756714	6000000003321125447
Q108756715	6000000002930841548
Q108756738	6000000001259740622
Q108756745	6000000001354139113
Q108756746	6000000007454494739
Q108756748	6000000001354304182
Q108756813	6000000000153702486
Q108756814	6000000000426530721
Q108756819	6000000000426496109
Q108756820	6000000000426522333
Q108757324	6000000015915439208
Q108758030	6000000056327560005
Q108758382	6000000021696871170
Q108758582	6000000026679117352
Q108759204	6000000077427301606
Q108759235	6000000077449343199
Q108759492	6000000007218606234
Q108760585	6000000016340833318
Q108760600	6000000019234545898
Q108760833	6000000004192092837
Q108761535	6000000022783072437
Q108761667	6000000021933949673
Q108761719	6000000017940549612
Q108761820	6000000003496873657
Q108761848	6000000003496864888
Q108762050	6000000042334707989
Q108762989	6000000022876797862
Q108763939	6000000004610001022
Q108764312	6000000004033044700
Q108764521	6000000156835166867
Q108765263	6000000005564267816
Q108767	6000000042582891502
Q108767949	6000000031983393426
Q108770105	6000000015871897718
Q108770831	6000000013291164548
Q108772515	6000000056679159164
Q108772578	6000000178965546872
Q10877280	6000000074783483825
Q108772852	6000000009886150806
Q108774053	6000000041093792643
Q108774579	6000000062173913372
Q108775929	6000000016384045864
Q108776092	6000000041791086479
Q108776093	6000000024985293278
Q108777523	6000000009786899216
Q108777533	6000000009786493912
Q108777549	6000000063127416004
Q108777550	6000000063005583153
Q108777551	6000000063005929833
Q108777559	6000000063005321888
Q108777560	6000000063004747263
Q108777569	6000000063124869036
Q108780774	6000000143803792951
Q108780852	6000000045140752947
Q108781544	6000000000263124146
Q108781727	6000000007775215894
Q10878175	6000000025831566993
Q108781834	6000000020266097194
Q108781843	6000000002632238137
Q108781846	6000000020265903751
Q108781880	6000000006603373726
Q108781880	6000000215431456827
Q108781897	6000000003515799405
Q108781907	6000000111396678838
Q108781908	6000000111396678833
Q108782	6000000178240909826
Q108783030	6000000039814883582
Q108783085	5122560337960072614
Q108783100	6000000012955958696
Q108783112	6000000097072054806
Q108783394	6000000017079534386
Q108783565	6000000079037089004
Q10878416	6000000175723442861
Q10878472	6000000174636145334
Q108784915	6000000013030167785
Q108785919	6000000035734806373
Q108786957	6000000013030365391
Q108787	6000000009182388389
Q108787436	6000000067746253889
Q108788322	6000000032629399900
Q108789284	6000000067734506843
Q108789623	6000000017998936247
Q108789631	6000000154328691859
Q108789787	6000000018305995787
Q108790124	6000000075606075891
Q108790205	6000000022670908353
Q108790238	6000000016472296484
Q108790321	317219519800006582
Q108790322	6000000001210956263
Q108790324	6000000007500887576
Q108790326	6000000003617209473
Q108790339	6000000003811311262
Q108790340	6000000006444719847
Q108791152	6000000008671126929
Q108791208	6000000008671403269
Q108791250	6000000149555498066
Q108791255	6000000016466430005
Q108791257	6000000008671565572
Q108791264	6000000008692045539
Q108791267	6000000008671253111
Q108791322	6000000085604287892
Q108791330	6000000003154961179
Q108791338	6000000039838292956
Q108792177	6000000078775023838
Q108793473	6000000044556185039
Q108793915	6000000006603066798
Q108793990	6000000144722805854
Q108798229	6000000026954935134
Q108798537	6000000007419466278
Q108799900	6000000019580129390
Q108799916	6000000073159286821
Q108800311	6000000000259973137
Q108800315	6000000016193647350
Q108800408	6000000036973060704
Q108801997	6000000039425329010
Q108802039	6000000022914100620
Q108802152	6000000028008106531
Q108802172	6000000028264042118
Q108802257	6000000013970811498
Q108802270	6000000037039382152
Q108802338	6000000031547694735
Q108803087	6000000078034656978
Q108803986	6000000197123778835
Q108804463	6000000078214384411
Q108804480	4102751104850032274
Q108805286	6000000132361470904
Q108805404	6000000041260615059
Q108805514	6000000014805109577
Q108805515	6000000014805308291
Q108805516	6000000014805398256
Q108805522	6000000014805355489
Q108805523	6000000028475422778
Q108805526	6000000005229778329
Q108805528	6000000001737593749
Q108805538	6000000014805446010
Q108805540	6000000016533581175
Q108805559	6000000014805182459
Q108805560	6000000022552994328
Q108805561	6000000014805146810
Q108805602	6000000014805200921
Q108805683	6000000143581239434
Q108805687	6000000060178406908
Q108805894	6000000170823459912
Q10880605	6000000075507917116
Q108806111	6000000026530655906
Q108806322	6000000037595120181
Q108806352	6000000023839919683
Q108806368	6000000009154881827
Q108806395	6000000006795379528
Q1088064	6000000034462911165
Q10880648	6000000177320984823
Q10880666	6000000050038559870
Q108806790	6000000005918767852
Q108806838	6000000004406110983
Q108807246	6000000100787160822
Q108807386	6000000012378398542
Q108807404	6000000003503682945
Q108807429	6000000115349757862
Q108807518	6000000081487137170
Q108807666	6000000004405755974
Q108809895	6000000178347544952
Q108810654	6000000070183394851
Q108810734	6000000000963316062
Q108810805	6000000035165057836
Q108810831	6000000000480102468
Q108810873	6000000024727816615
Q108811068	6000000050681720148
Q108811072	6000000007014463669
Q108811211	6000000028201589875
Q108811413	6000000009895194374
Q108811530	6000000027365606980
Q108811626	6000000002802596684
Q108811789	6000000031028957072
Q108811968	6000000007014361691
Q108811970	6000000076671097953
Q108811971	6000000069191585956
Q108812107	6000000008659052251
Q108812279	6000000022821465744
Q108812507	6000000063310524329
Q108812711	6000000028488322465
Q108812743	6000000076669766794
Q108812803	6000000027668209753
Q108812937	6000000021652522207
Q108812946	6000000003813122446
Q108812970	6000000046951928901
Q108813052	6000000026547152202
Q108813086	6000000123434614954
Q108813319	6000000030366114500
Q108813349	6000000008658961913
Q108813350	6000000011473023658
Q108813352	6000000182039158876
Q108813544	6000000050547749943
Q108813692	6000000007014432170
Q108813800	6000000028770004113
Q108813843	6000000020361129489
Q108813973	6000000191516912832
Q108814149	6000000004257718261
Q108814172	6000000023512894910
Q108814215	6000000213268564823
Q108814253	6000000057195383014
Q108814307	6000000038524996087
Q108814731	6000000018711916536
Q108814758	3043761
Q108814758	6000000001700653612
Q108814883	6000000046716171030
Q108814894	6000000003786139762
Q108814895	6000000001435760609
Q108814927	6000000025794940796
Q108814987	6000000018052174686
Q108815082	6000000006864860718
Q108815216	6000000028977278581
Q108815281	6000000009729165242
Q108815407	6000000145032782821
Q108815424	6000000010800516012
Q108816197	6000000016443883500
Q108816826	6000000040574279970
Q108818085	6000000040408813188
Q108818106	6000000042754759061
Q108821675	6000000017926414428
Q108821690	6000000036670674898
Q108821956	4863930072860123486
Q108822714	6000000014339611543
Q108823136	6000000017922608131
Q108823298	6000000013721886786
Q108823315	6000000017920657900
Q108824086	6000000023886169319
Q108824414	6000000010188721039
Q108824495	6000000051978945026
Q10882472	6000000074690990833
Q108828106	6000000006883472977
Q108828195	6000000006598437124
Q108828210	6000000010609252832
Q108828240	6000000016521031116
Q108828313	6000000048816363853
Q108828321	6000000024932361238
Q108829033	6000000043771835831
Q108829689	6000000020734620525
Q108830	6000000036757991915
Q108830142	6000000001380675343
Q108830319	6000000019212423312
Q10883072	6000000009796918648
Q108831	6000000046410354111
Q10883269	6000000058103125021
Q1088338	6000000003216128693
Q108835	6000000019942051041
Q108836262	6000000022670648044
Q108836263	6000000022670885231
Q108836495	6000000008650175115
Q108836930	6000000029242160063
Q108837648	6000000003401077265
Q108837795	6000000000501363724
Q108838133	6000000020770783279
Q108838255	6000000049193233360
Q108838262	4151706
Q108838266	6000000049196730027
Q108838267	6000000017653949472
Q108838268	6000000002174917917
Q108838269	6000000002174917991
Q108838270	6000000000975008623
Q108838279	6000000036972366086
Q108838304	6000000010726638749
Q108838305	6000000021314095674
Q108838359	6000000085705739929
Q108838396	6000000085705922861
Q108838410	6000000010414441490
Q108838412	6000000010414401323
Q108838541	6000000001505194032
Q108838651	6000000012712078634
Q108838651	6000000190048484001
Q108838654	6000000016105201828
Q108838866	6000000003827158783
Q108839155	6000000029957931924
Q108839320	6000000063459976833
Q108839356	6000000031933669011
Q108839360	6000000165986091930
Q108839646	6000000017866073555
Q108839755	6000000027154460609
Q108839757	6000000027154805631
Q108839761	6000000027154779411
Q108839788	6000000027154083721
Q108839836	6000000037633590148
Q108839866	6000000032890067301
Q108839868	6000000179103538847
Q108839869	6000000179102802930
Q108839874	6000000179103497838
Q108839876	6000000019212358245
Q108839931	4984179760080020347
Q108840013	6000000001402506094
Q108840013	6000000010364191658
Q108840038	6000000001402506118
Q108840207	6000000023204493971
Q10884022	6000000075507830822
Q108840337	6000000002963267590
Q108840338	6000000027742212338
Q108840344	6000000008953177689
Q108840367	6000000010616533904
Q108840368	6000000011356466173
Q108840369	6000000027988041151
Q108840473	4688186199000020764
Q108840474	4688186199050020765
Q108840514	6000000025967684758
Q108840515	6000000023697012027
Q108840516	6000000025967959851
Q108840549	6000000000995196711
Q108840550	6000000000905699995
Q108840551	6000000008661077756
Q108840552	6000000008661077740
Q108840553	6000000008661284397
Q108840554	6000000000129999184
Q108840555	6000000000130019486
Q108840556	6000000000130019511
Q108840557	6000000008661075382
Q108840558	6000000008660959991
Q108840559	6000000000995388267
Q108840560	6000000006804832974
Q108840561	6000000006805865410
Q108840562	6000000000997893381
Q108840565	6000000006613898008
Q108840566	6000000006614072001
Q108840567	6000000006805049226
Q108840568	6000000006804668542
Q108840569	6000000006783144125
Q108840570	6000000006797257114
Q108840571	6000000006797227087
Q108840572	6000000006796790967
Q108840573	3939952
Q108840574	6000000003264258670
Q108840578	6000000006805025237
Q108840579	6000000006804832598
Q108840580	6000000006782824690
Q108840581	6000000001663435519
Q108840582	6000000017243387943
Q108840583	6000000006783123081
Q108840584	6000000006933091198
Q108840585	6000000018829881323
Q108840586	6000000012914974187
Q108840587	6000000006933121230
Q108840588	6000000011943804233
Q108840589	6000000011943699252
Q108840590	6000000009574588380
Q108840591	6000000012965870478
Q108840592	6000000009575439785
Q108840593	6000000006887107002
Q108840594	6000000006882591349
Q108840595	6000000011715378916
Q108840596	6000000002278471460
Q108840597	6000000001788212194
Q108840598	6000000007255643215
Q108840599	6000000007255503375
Q108840600	6000000007255661213
Q108840601	6000000007255389392
Q108840602	4929874395480050449
Q108840603	4929874408370050455
Q108840604	6000000021553796247
Q108840605	6000000003420571149
Q108840606	6000000021553723511
Q108840621	6000000003264512446
Q108840622	6000000005598062148
Q108840784	6000000015642974244
Q108840790	6000000015663938536
Q108840797	6000000015663821525
Q108840798	6000000015663765704
Q108840799	6000000042558583351
Q108840800	6000000076160011111
Q108840802	6000000016738755013
Q108840947	6000000055608164859
Q108840952	6000000020429638853
Q108841060	6000000001505096248
Q108841143	6000000176878061829
Q108841436	6000000008900450892
Q108841437	6000000008900584424
Q108841438	6000000008900609314
Q108841439	6000000001383935352
Q108841441	6000000008900522524
Q108841442	6000000001383822577
Q108841449	6000000008900285138
Q108841454	6000000029860385367
Q108841455	6000000029859870725
Q108841456	6000000029860318247
Q108841459	6000000001355354272
Q108841460	6000000022528584823
Q108841462	6000000022528337620
Q108841464	6000000008376583029
Q108841474	6000000001384113120
Q108841477	6000000001384105217
Q108841478	6000000001383952796
Q108841479	6000000114478160821
Q108841480	6000000001100379298
Q108841481	6000000008089734438
Q108841482	6000000001383860873
Q108841483	6000000001384177963
Q108841487	6000000022528266484
Q108841488	6000000001678657315
Q108841489	6000000001355279351
Q108841492	6000000000245077172
Q108841494	6000000000245030830
Q108841495	6000000001190421315
Q108841496	6000000000249256341
Q108841497	6000000000249188833
Q108841515	6000000000783927334
Q108841516	6000000000783996004
Q108841517	6000000014048907371
Q108841518	6000000014048979190
Q108841519	6000000014048895259
Q108841538	6000000026352059638
Q108841539	6000000009128980923
Q108841542	6000000015121626127
Q108841588	6000000021695431286
Q1088431	6000000021424627271
Q10884321	6000000075491789932
Q108843934	6000000007088656230
Q108844022	6000000011368441144
Q108844032	6000000084311627977
Q108844849	6000000008496908571
Q108844930	6000000000682232923
Q108845193	6000000001807252274
Q108845519	6000000014705424198
Q108846160	6000000038190518060
Q10884622	6000000074725351013
Q10884632	6000000075503684833
Q10884649	6000000074712056873
Q10884676	6000000074748986762
Q108846840	6000000088594316046
Q108846881	6000000088594013152
Q10884704	6000000075327446878
Q108847075	326732758940006950
Q108847076	4008872
Q108847077	6000000010954176094
Q108847078	6000000011300309281
Q108847104	6000000000795204369
Q108847157	6000000000795216934
Q108847255	326733320570006015
Q108847257	4054983
Q108847258	6000000003017900208
Q10884739	6000000074750825033
Q108847499	6000000001159899496
Q10884771	6000000029737203681
Q10885028	6000000075504692971
Q108850925	6000000016488029178
Q108851724	6000000042653101177
Q108852191	6000000001562887800
Q108852192	6000000051826022390
Q108852282	6000000054383988151
Q108852287	6000000024808054871
Q108852308	4156804837250074740
Q108852309	6000000006907062126
Q108852566	6000000027722868912
Q108852571	6000000001316212141
Q108852572	6000000002513222451
Q108852573	6000000006444468340
Q108852574	6000000002966918276
Q108852598	6000000000426748709
Q108852631	6000000002513087905
Q108852632	6000000004227636024
Q108852633	6000000000947336731
Q108852634	6000000003681259509
Q108852675	6000000001316394670
Q108852677	6000000000750885665
Q108852679	6000000003095205203
Q108852680	6000000002588655504
Q108852681	6000000002338323331
Q10885271	6000000075326194248
Q108852818	6000000058675982508
Q108852819	298644165340007926
Q108852820	6000000003468340497
Q108852830	6000000000401082788
Q108852832	6000000001636288352
Q108852834	6000000002952882680
Q108852835	6000000000401023025
Q108852845	6000000021011049584
Q108852874	313728210790008242
Q108852875	6000000004089086768
Q108852876	6000000004089153689
Q108852883	6000000015546019357
Q108852884	6000000003075162172
Q108852885	6000000013506610641
Q108852886	6000000000770072639
Q108852887	6000000002760093792
Q108852891	6000000005415323581
Q108852892	6000000000953569445
Q108852893	6000000003477143869
Q108852895	6000000013506680229
Q108852896	6000000000658947122
Q108853024	6000000018757082034
Q108853025	6000000003940822092
Q108853026	6000000003940822101
Q108853030	6000000003937800068
Q108853033	6000000003940920532
Q108853061	6000000006111109703
Q108853062	6000000006439799366
Q108853063	6000000006439799278
Q108853067	6000000003940824546
Q108853068	6000000003940824513
Q108853070	6000000003940824521
Q108853072	6000000003940822924
Q108853073	6000000003940822903
Q108853074	6000000007273334460
Q108853292	6000000163447160871
Q108853771	6000000176007974884
Q108854	6000000013548967559
Q108854325	6000000003076705308
Q108854344	6000000005794190321
Q108854836	6000000006284971742
Q108854879	6000000045916789264
Q108854899	6000000003076705907
Q108855095	6000000014349244695
Q108855904	6000000046370620973
Q108856181	6000000014390344538
Q108856869	6000000003342666185
Q108859253	6000000011858738024
Q10886013	6000000074726031087
Q10886032	6000000065514245857
Q10886060	6000000075326832872
Q108860637	6000000128750905922
Q10886076	6000000075406888869
Q10886102	6000000074787583902
Q108861110	6000000016211817170
Q108861142	6000000023956258216
Q10886121	6000000075326532113
Q108861412	5156093875320025615
Q108861667	6000000145882879861
Q108861790	6000000080611844956
Q108861795	6000000017506094281
Q108861884	6000000010954005582
Q108861891	6000000026391114385
Q10886241	6000000074692228886
Q108862938	6000000041544903445
Q108862964	6000000041543444734
Q10886345	6000000075406813955
Q108863909	6000000107749971822
Q10886401	6000000075326717935
Q108864139	6000000076831867293
Q10886484	6000000074717854885
Q10886521	6000000074727463142
Q10886522	6000000074727128389
Q108865678	6000000028145464245
Q108866125	5294897184630050729
Q10886623	6000000074726095064
Q10886638	6000000075426328930
Q10886662	6000000029287521426
Q108866745	6000000012887728426
Q10886680	6000000074789305011
Q108867033	6000000024381970890
Q10886706	6000000075501960092
Q10886783	6000000075502321513
Q10886870	6000000075504157841
Q108869105	6000000029158553923
Q108869242	6000000081751991913
Q108869374	6000000159896408941
Q108869461	6000000159875702821
Q108870260	6000000021660708078
Q108870286	6000000015745602043
Q108870301	6000000015745596085
Q108870340	6000000024259149866
Q108870428	6000000039541346868
Q108870437	6000000039541244047
Q108870510	6000000006377227411
Q108870772	6000000016649726098
Q108871068	6000000017896986164
Q108871080	6000000008052793343
Q108871142	6000000000251797545
Q108871154	6000000006783249173
Q108871761	6000000015391072663
Q108871834	6000000021161127884
Q108872043	6000000071379358830
Q108872079	6000000015043888173
Q108872098	6000000010336386262
Q108872100	6000000014970538878
Q108872108	6000000015043812726
Q10887287	6000000075504475136
Q108872889	6000000056703229253
Q10887305	6000000075506969060
Q10887353	6000000074746619599
Q108873740	6000000015390009332
Q108873743	6000000056994942855
Q1088748	6000000001959534355
Q108874806	5545960428420135447
Q10887642	6000000075507220145
Q10887667	6000000075507811933
Q108877026	6000000041625837111
Q108877074	6000000027103434592
Q108877541	6000000010080893062
Q10887771	6000000074707920827
Q108877722	6000000028157106139
Q108877900	6000000002564132412
Q108878	6000000077074129873
Q10887805	6000000074707644028
Q10887818	6000000075429092982
Q10887831	6000000075429306859
Q10887834	6000000012827090900
Q10887841	6000000029164219211
Q108878435	6000000004079710274
Q10887861	6000000074707808906
Q10887897	6000000029164217552
Q108879492	6000000047597091202
Q108880012	6000000004079710306
Q108880584	6000000065766919832
Q108880665	6000000065766732928
Q108880790	6000000033413566898
Q108881063	6000000028177573547
Q108881115	6000000179210006893
Q108881117	6000000040299022168
Q108881121	6000000028176985154
Q108881256	6000000001384552957
Q108881268	6000000024509200206
Q1088813	6000000150395479841
Q108881614	6000000040326073096
Q108881617	6000000040326544309
Q108881852	6000000040326151858
Q108882018	6000000001384552920
Q108882471	6000000001384552847
Q108883	6000000006727757696
Q10888349	6000000074770488422
Q10888379	6000000030272726622
Q108883941	6000000017776514440
Q10888399	4804994317860032723
Q108884085	6000000122263207847
Q10888422	6000000011336612665
Q108884537	6000000009232806513
Q108884719	6000000024128663220
Q108884758	6000000041723672626
Q108885	6000000004098021324
Q108885147	6000000009584368327
Q108885147	6000000026175073881
Q108885172	6000000195598568821
Q108886	6000000000600873651
Q108886060	6000000026179885348
Q108886125	6000000040324928288
Q108886220	6000000016359205850
Q108886412	6000000016359373328
Q108886649	6000000181997503841
Q108886857	6000000007416384321
Q108887025	6000000008438388509
Q108887098	6000000014496137259
Q108887098	6000000094068138949
Q108887611	6000000040325459040
Q108887620	6000000045620972911
Q108887716	6000000002223208228
Q108887777	6000000007278102472
Q108887944	6000000004287483202
Q108888	6000000004389046836
Q108888077	6000000142660371900
Q10889027	6000000075610986822
Q10889032	6000000055088531843
Q10889040	6000000028794990301
Q10889061	6000000074692075876
Q108891	6000000020959367496
Q10889114	6000000074725505451
Q10889139	6000000075488225848
Q10889159	6000000074728573853
Q10889206	6000000075507534863
Q108892257	6000000131343212915
Q108892877	6000000002955215797
Q108893908	6000000180596422878
Q108894	6000000136332290850
Q108894608	6000000076230148002
Q108894787	6000000007975353575
Q108894839	6000000012479347385
Q10889485	6000000075506338902
Q10889491	6000000075612192006
Q10889505	6000000075611730117
Q108895189	6000000018972974753
Q10889520	6000000075502261003
Q108895591	6000000026272775853
Q108895809	6000000026272694214
Q108896012	6000000053664517321
Q108896293	6000000065039910925
Q108896612	6000000042249398933
Q108896949	6000000026272661533
Q108897382	6000000164503595821
Q108897458	6000000164501259029
Q108897539	6000000010430136388
Q108897578	6000000040325210563
Q108897592	6000000038546392136
Q108897593	6000000040422517103
Q108897617	6000000174276862999
Q108897900	6000000006321254257
Q10889796	6000000075402812863
Q108898	6000000009306028356
Q108898051	6000000001998324704
Q108898241	6000000014083709785
Q108898243	6000000014083962450
Q1088988	6000000051874093826
Q108899729	6000000006816105600
Q108900004	6000000111125574853
Q108900018	6000000019187290732
Q108900077	6000000019189293310
Q108900090	6000000095702004285
Q108900091	6000000095697800739
Q108900092	6000000024479323258
Q108900098	6000000092761273821
Q108900101	6000000095520476849
Q108900102	6000000012587597410
Q108900107	6000000014502100879
Q108900110	6000000042449852798
Q108900118	6000000020759023108
Q108900122	6000000092951545848
Q108900131	6000000020759037238
Q108900134	6000000003113952389
Q108900140	6000000019188582754
Q108900156	6000000101072974840
Q108900159	6000000016071174500
Q108900160	6000000079878311579
Q108900161	6000000079879996973
Q108900162	6000000025821629204
Q108900166	6000000015137512082
Q108900175	6000000022933215053
Q108900178	6000000019545438169
Q108900181	6000000091429697821
Q108900183	6000000098254685836
Q108900184	6000000092917649877
Q108900187	6000000124407279847
Q108900198	6000000075694395004
Q108900200	6000000022012483071
Q108900201	6000000075798797038
Q108900202	6000000018222359406
Q108900212	6000000093806596821
Q108900215	6000000092758993827
Q108900606	6000000011734188740
Q108900642	6000000153750843865
Q108900644	6000000030901937630
Q108900646	6000000173974142809
Q108900647	6000000017078425900
Q108900648	6000000008343754941
Q108900649	6000000019564804008
Q108900650	6000000105221087010
Q108900720	6000000053893801900
Q108900721	6000000112539375072
Q108900742	6000000005034134138
Q108900813	6000000184214968852
Q108900814	6000000182989966887
Q108900815	6000000082638272823
Q108900828	6000000008540890066
Q108900830	6000000197234875458
Q108900835	6000000036015776090
Q108900841	6000000020769695569
Q108900852	6000000021967963808
Q108900862	6000000011566102383
Q108900864	6000000161647182850
Q108900865	6000000201349402821
Q108900881	6000000200106769841
Q108900890	6000000018305903852
Q108900893	6000000061540060024
Q108900901	6000000070647629960
Q108900907	6000000020571572098
Q108900910	6000000176607112883
Q108900922	6000000144335142821
Q108900936	6000000004379526087
Q108901230	6000000038609953850
Q108901245	6000000214112992821
Q108901246	6000000149562845858
Q108901249	6000000005168424001
Q108901257	6000000186126719918
Q108901265	6000000046656914875
Q108901274	6000000078877051049
Q108901275	6000000018815435845
Q108901610	6000000182538309834
Q108902103	6000000046751516843
Q108902205	4008704
Q108902245	4008385
Q108902300	6000000093493580256
Q108902305	6000000079421009619
Q108902307	6000000004001776631
Q108902310	6000000176247456821
Q108902311	6000000023482493915
Q108902321	6000000115305007994
Q108902322	6000000096199920821
Q108902323	6000000078592500459
Q108902324	6000000090941800368
Q108902327	6000000020234126781
Q108902328	6000000023924639968
Q108902331	6000000003113952404
Q108902334	6000000095891469085
Q108902335	6000000079880137925
Q108902336	6000000179835333949
Q108902339	6000000068074239002
Q108902345	6000000013701923488
Q108902371	4008617
Q108902390	6000000092949698877
Q108902462	6000000019567612680
Q108903078	6000000046751124097
Q108903090	4026249
Q108903117	6000000019567758185
Q108903119	6000000000211147291
Q108903119	6000000019567606658
Q108903127	6000000083302725417
Q108903140	6000000004095621555
Q108903443	1380686
Q108903444	6000000006831045134
Q108903446	1380693
Q108903447	1381058
Q108903614	6000000029062176318
Q108903630	6000000018137534464
Q108903631	6000000010313135752
Q108903632	6000000030306108805
Q108903641	6000000029062459069
Q1089038	6000000013332420403
Q1089049	5115884767710034374
Q108905505	6000000001427547182
Q108905507	6000000188128444847
Q108905518	6000000033605180326
Q108905519	6000000083133209917
Q108905557	6000000001955852019
Q108905594	6000000018306029486
Q108905606	6000000024128670084
Q108905609	6000000003733638325
Q108905620	6000000018454981878
Q108906	6000000004096858866
Q108906293	6000000023769750468
Q108906836	6000000202144884829
Q1089074	6000000158182019822
Q1089079	6000000014278925274
Q1089085	6000000008971301759
Q108908930	6000000027314444217
Q108908945	6000000023488000233
Q108908978	6000000027314003712
Q108908984	6000000184824222857
Q108909	6000000085747374194
Q108909045	6000000052048340373
Q108909046	6000000052048574284
Q108909059	6000000052049140821
Q108909096	6000000052048686998
Q108909131	6000000075961908091
Q108909132	6000000021528269479
Q108909135	6000000021527814710
Q108909136	2132604
Q108909136	6000000002896850632
Q108909137	6000000002860672546
Q108909137	6000000002896941827
Q108909150	6000000002860715065
Q108909151	6000000002860715407
Q108909152	6000000003185161200
Q108909157	6000000016471502347
Q108909232	6000000034984867943
Q108909234	6000000034984835966
Q108909237	6000000034984557905
Q108909485	6000000020791996942
Q108909564	6000000003940832942
Q108909582	6000000003940594340
Q108909583	5409961318080027409
Q108909584	6000000000250541364
Q108909586	6000000000021750119
Q108909587	5715219820150037846
Q1089097	6000000062697039860
Q108910097	6000000011170719219
Q108910210	6000000018829524112
Q108910265	6000000011851284629
Q108910303	6000000043884277197
Q108910308	6000000019310144025
Q108910309	6000000022645144828
Q108910476	6000000002928597872
Q108910482	6000000002928604915
Q108910483	6000000002660379854
Q108910484	6000000005923398802
Q108910490	6000000000582909289
Q108910491	6000000000291001909
Q108910496	6000000113529936905
Q108911107	6000000216827357821
Q108911251	6000000001916779028
Q10891135	6000000075426631041
Q108912	6000000078719562115
Q108912122	6000000000873515284
Q108912123	6000000008530254669
Q108912124	6000000008530254340
Q108912125	6000000026205498854
Q108912127	6000000008530297251
Q108912128	6000000008530305584
Q108912354	6000000017092336340
Q108912738	6000000020845661169
Q108912751	6000000003056227903
Q108912752	6000000000209548979
Q108912754	6000000006444674975
Q108912806	6000000002980035176
Q108913106	6000000022818733802
Q108913158	6000000022819520039
Q108913290	6000000019525833869
Q108913633	6000000000529157953
Q108913957	6000000009782176101
Q108913958	6000000001815934920
Q108913967	6000000000538226636
Q108914000	6000000064348125105
Q108914003	6000000064349182849
Q108914004	6000000064349030863
Q108914005	6000000064349064821
Q108914490	6000000007337810663
Q108914491	6000000100808778848
Q108914535	6000000006127423738
Q108914948	6000000012599602914
Q108915421	6000000008763301452
Q108915569	6000000076862985322
Q108915592	6000000024683876055
Q108915676	6000000002798770937
Q108916052	6000000000529436177
Q108916069	6000000008763069908
Q108916079	6000000007777173581
Q108916088	6000000000280496608
Q108916088	6000000000371177966
Q108916337	6000000028566353092
Q108916395	6000000007337128330
Q1089164	6000000177432830870
Q108916427	6000000006127423731
Q108916466	6000000003423518843
Q108916502	6000000003523053812
Q108916548	6000000041093976498
Q108916554	6000000014189070866
Q108916621	6000000002722799267
Q108916657	6000000078853965118
Q108917064	6000000001483795571
Q108917402	6000000007693108437
Q108917618	6000000041052377361
Q108918	6000000007765499881
Q108918031	6000000175748148822
Q108918040	6000000052804445950
Q1089182	6000000184154617849
Q1089193	6000000028835003627
Q108919309	6000000021061840694
Q108919328	6000000070673240226
Q108919506	6000000016386011448
Q108919512	6000000021037397574
Q108919531	6000000019430534979
Q108919532	6000000016076174264
Q108919731	6000000006127423767
Q108919813	6000000112361010102
Q108919816	6000000207815380833
Q108919818	6000000009476258593
Q108919820	6000000205736527840
Q108919823	6000000027289479979
Q108919849	6000000031742570394
Q1089199	6000000039898293993
Q108919905	6000000018407829355
Q108919908	6000000057845502864
Q108919910	6000000036015812085
Q108919911	6000000164559801823
Q108919929	6000000092782325006
Q108919931	6000000013248335046
Q108919941	6000000022258286702
Q108919953	6000000179197963869
Q108919955	6000000004003421032
Q108919959	6000000075134158929
Q108919960	6000000075134155924
Q1089200	6000000155269347865
Q108920062	6000000029490732868
Q108920080	6000000032369879581
Q108920098	6000000005070821481
Q108920112	6000000115234014879
Q108920128	6000000050796500828
Q108920129	6000000065054564206
Q108920132	6000000101679795822
Q108920216	6000000006127214386
Q108920289	6000000012922669121
Q108920338	6000000061097608352
Q108920451	6000000006127423832
Q108920459	6000000015898509409
Q108921	6000000115154877833
Q108921665	6000000078852936406
Q108922051	6000000078856214859
Q108922092	6000000002562203637
Q108922101	6000000036615156632
Q108922782	6000000017836398288
Q108923138	6000000177825197837
Q108923143	6000000203424983824
Q108923144	6000000149816947829
Q108923146	6000000059602952918
Q108923451	6000000032995141003
Q108923452	6000000032994487325
Q108923453	6000000006348619758
Q108923454	6000000006348269441
Q108923485	6000000000280476622
Q108923486	6000000000285327203
Q108923487	6000000001021514199
Q108923488	6000000001021380746
Q108923489	6000000003943119634
Q108923506	6000000000281029312
Q108923509	6000000012676586565
Q108923622	6000000006563386551
Q108923674	6000000000280454700
Q108923689	6000000033815054932
Q108923690	6000000033815165834
Q108923691	6000000006450650638
Q108923692	6000000006450645613
Q108923750	6000000000409284068
Q108923751	6000000000412895548
Q108923755	6000000005004168641
Q108923758	6000000005005747100
Q108923759	6000000000602746738
Q108923780	6000000000409170414
Q108923781	6000000009412218666
Q108923787	6000000182696255843
Q108923940	6000000044180098526
Q108923941	6000000044180213495
Q108923955	6000000026280960212
Q108923957	6000000026245006274
Q108923999	6000000007390148208
Q108924105	6000000025906113882
Q108925435	6000000027196352800
Q108925438	6000000027196905881
Q108925452	6000000027196848082
Q108925465	6000000027196798084
Q108925481	6000000056406960154
Q108925549	6000000012460513617
Q108925552	6000000010591706407
Q108925552	6000000029324031091
Q108925575	6000000022540449809
Q108925577	6000000012565539962
Q108925866	6000000027196833248
Q108926076	6000000030709463919
Q108926606	6000000031516176779
Q108926609	6000000008257803042
Q108926611	6000000008258064145
Q108926634	6000000125361507821
Q108926661	6000000014844693325
Q108926664	6000000031023340333
Q108926782	6000000008486096369
Q108926796	6000000008757455429
Q108926799	6000000078056952934
Q108926834	6000000039703891781
Q108926845	6000000014851520847
Q108926846	6000000014851672014
Q108926989	6000000006891834175
Q108926990	6000000006891894021
Q108926991	6000000014842144111
Q108926994	6000000006891410853
Q108926996	6000000013441821885
Q108926997	6000000006891428719
Q108927002	6000000006892060076
Q108927007	6000000006892029128
Q108927008	6000000006891736528
Q108927012	6000000006891546855
Q108927015	6000000008824105672
Q108927092	6000000010052093966
Q108927108	6000000025486332903
Q108927112	381636882630013381
Q108927128	6000000016312285675
Q108927141	6000000054688403875
Q108927182	6000000048731746912
Q108927192	6000000015503574051
Q108927197	6000000032104278925
Q108927198	6000000027654619662
Q108927200	6000000027654834961
Q108927276	6000000016321739744
Q108927293	6000000016311912540
Q108927368	6000000007413547554
Q108927369	6000000016396963585
Q108927387	6000000018570210127
Q108927389	6000000019238551486
Q108927825	6000000029309063778
Q108927828	6000000029309688898
Q108927831	6000000029309552973
Q108927834	6000000000491069265
Q108927836	6000000002554400289
Q108927838	6000000000491078344
Q108927840	6000000000710338443
Q108927842	6000000000710200324
Q108927844	4264697
Q108927847	6000000002029468087
Q108927850	6000000001802295211
Q108927852	6000000029308712734
Q108927855	6000000007243684153
Q108927859	6000000005585690565
Q108927861	6000000000137312671
Q108927863	6000000003937995522
Q108927879	6000000005585704630
Q108927962	4215394
Q108927963	6000000006168612424
Q108927966	6000000003096865306
Q108927967	6000000005924698218
Q108927972	6000000006168927205
Q108928246	6000000015529551945
Q108928247	6000000015529806844
Q108928249	6000000015529474802
Q108928251	6000000015529442515
Q108928253	6000000015529661899
Q108928254	6000000006784231649
Q108928256	6000000004349884608
Q108928264	6000000011985581728
Q108928266	6000000015529802245
Q108928306	6000000003428178977
Q108928308	6000000004086531096
Q108928660	6000000003103414015
Q108928662	6000000003103414021
Q108928700	6000000003481726199
Q108928702	6000000003481732476
Q108928724	6000000040548742222
Q108928881	6000000002325472942
Q108928883	6000000008640227967
Q108928884	6000000069308242124
Q108928885	6000000001440361576
Q108928886	6000000007104286705
Q108928971	6000000041052936291
Q108928982	6000000041052877392
Q108929021	6000000084466368821
Q108929024	6000000007336604165
Q108929026	6000000084463212261
Q108929029	6000000028303090481
Q108929031	6000000000753089359
Q108929038	6000000000413022052
Q108929039	6000000024461343986
Q108929040	6000000000894381125
Q108929041	6000000000954666289
Q108929044	6000000000413867306
Q108929084	6000000005005601838
Q108929116	6000000086876494883
Q108929124	6000000043335753890
Q108929125	6000000086875951225
Q108929138	6000000042661791085
Q108929143	6000000002908296193
Q108929270	6000000097323248832
Q108929281	6000000169641645985
Q108929319	6000000011697559600
Q108929402	6000000007513060227
Q108929430	6000000086915469163
Q10893110	6000000075507404034
Q108931924	6000000043440734235
Q108933097	6000000082556544872
Q108933372	6000000028949113474
Q108933421	6000000017671833136
Q1089337	6000000019080884619
Q108933761	6000000040662120147
Q108933793	6000000040662193113
Q108934036	6000000090599751986
Q108934107	6000000003005380081
Q108934235	6000000100808778936
Q108934242	6000000000287113987
Q108934385	6000000006127737197
Q108934700	4781015888790051816
Q108934740	6000000181215119821
Q108934765	6000000005768717328
Q108934962	6000000005913533469
Q108934981	6000000008672075220
Q108934982	6000000008672036212
Q108934991	6000000008672126326
Q108934992	6000000008672062474
Q108934993	6000000008640855066
Q108934996	6000000008672071339
Q108935	6000000014536142439
Q108935017	6000000017496625620
Q108935018	6000000008682518529
Q108935019	6000000008682502498
Q108935033	6000000008682509674
Q108935034	6000000002928580469
Q108935035	6000000003939385609
Q108935204	6000000026283255921
Q108935249	6000000011082194575
Q108935295	6000000025873248326
Q108935298	6000000000602155443
Q108935373	6000000018165430761
Q108935374	340542300500012718
Q108935375	322294983720007363
Q108935376	331675737970011385
Q108935399	6000000009016144017
Q108935414	322296010810001828
Q108935417	331814371890010546
Q108935439	6000000132871130823
Q108935482	6000000105907356905
Q108935634	6000000052546041295
Q108935671	6000000016425694057
Q108935674	6000000033941496942
Q108935749	6000000015537125028
Q108935750	6000000015596114206
Q108935767	6000000015518620130
Q108935798	6000000082435261850
Q108935826	6000000040298760697
Q108935833	6000000008428528887
Q108935834	6000000003086925815
Q108935835	6000000003097869285
Q108935836	6000000003098188379
Q108935853	6000000003997735186
Q108935883	6000000036860316194
Q108935892	6000000045621439949
Q108935899	6000000041052783462
Q108935900	6000000011715349759
Q108935963	6000000013331888052
Q108935964	6000000013332241916
Q108935966	6000000013332257846
Q108935968	6000000013331843178
Q108935969	6000000017488700895
Q108935981	297788448220006359
Q108935991	6000000013155612555
Q108935996	6000000030162803616
Q108936001	6000000027487272659
Q108936006	6000000027487744907
Q108936011	6000000027487619418
Q108936015	6000000050359346910
Q108936019	6000000000484499150
Q108936077	6000000036860270186
Q108936413	6000000000780321117
Q108936438	6000000008529731602
Q108936475	6000000009253891424
Q108936535	6000000006128193716
Q108936800	6000000007510084248
Q108936999	6000000024902435862
Q108937104	6000000067095158955
Q108937124	6000000180063403824
Q108937139	6000000006127758586
Q108937410	6000000007634515218
Q108937584	6000000012482028831
Q108937608	6000000024596524201
Q108937614	6000000024596546226
Q108937752	6000000013101507185
Q108937858	6000000045912884248
Q108937873	6000000056734421895
Q108937958	6000000107010578998
Q108937974	6000000018759884592
Q108937979	6000000019802086058
Q108937983	6000000015512430554
Q108937985	6000000011082950738
Q108937998	6000000016341804256
Q108938025	6000000016800095308
Q108938074	6000000017076557796
Q108938080	6000000017076221933
Q108938168	6000000015270463216
Q108938172	6000000040634866971
Q108938178	6000000016317674875
Q108938190	6000000040634443656
Q108938690	6000000066540279209
Q108939176	6000000008560757771
Q108939465	6000000026272084270
Q108940196	6000000006410804816
Q108940274	6000000000780400169
Q108940319	6000000013330085091
Q108940494	6000000013190418922
Q108940721	6000000100811386828
Q1089408	6000000098260625496
Q108940856	6000000005687577370
Q108940872	307506131630002707
Q108940938	6000000005768153668
Q108941	6000000010022378004
Q108941284	6000000008250783812
Q108941384	6000000040035655090
Q108941416	6000000006128124875
Q108941470	6000000039469910271
Q108941471	6000000008547998661
Q108941489	6000000014720255313
Q108941727	6000000007625535510
Q108941761	6000000208799842821
Q108941762	6000000208799571872
Q108941957	6000000022439275064
Q108941996	6000000165175026863
Q108941997	6000000165175091852
Q108942002	6000000165176360838
Q108942246	6000000018195240072
Q108942341	6000000002174415149
Q108942343	6000000002174440371
Q108942345	6000000002174427612
Q108942351	6000000020677520691
Q108942355	6000000014159149785
Q108942356	6000000022781719296
Q108942409	6000000021337137639
Q108942453	6000000015735539233
Q108942483	6000000017071336919
Q108942510	6000000022383225938
Q108942564	6000000017071015867
Q108942666	6000000015746797260
Q108943122	6000000076959885953
Q108943368	6000000020812650599
Q108944538	5518652390730123886
Q108944618	6000000051471977836
Q108947	6000000016597050111
Q108947637	6000000009985916515
Q108948099	6000000021490985986
Q108948644	6000000114577183926
Q108949187	6000000114577183840
Q10894958	6000000211880717821
Q10894962	6000000075505884323
Q1089513	6000000015688532144
Q10895343	6000000051909831898
Q10895352	6000000047502280188
Q10895355	6000000075326567994
Q10895376	6000000075485869291
Q10895694	6000000074726889389
Q108957587	6000000007923816237
Q10895926	6000000081301969833
Q1089611	6000000166881685959
Q1089652	6000000155581514827
Q1089658	6000000140733417020
Q1089681	6000000013956485401
Q108969233	6000000069226595119
Q10897086	6000000074789287110
Q10897091	6000000075405432851
Q10897177	6000000019472378152
Q10897209	6000000074792886892
Q108972475	6000000000969497236
Q10897315	6000000074725440821
Q10897343	6000000075499066578
Q108973519	6000000067012674934
Q10897432	6000000029594738520
Q10897433	6000000029595789852
Q108974367	6000000012032144692
Q10897491	6000000075500458942
Q10897501	6000000074729802850
Q10897596	6000000074752725931
Q10897770	6000000074752994843
Q10897853	6000000074790473050
Q10897868	6000000013011835313
Q10897896	6000000074752877271
Q10897898	6000000068899386828
Q108979	6000000000242228482
Q10897951	6000000074717584102
Q10897980	6000000074770129428
Q108979841	6000000019523642096
Q10897989	6000000074787342015
Q10898041	6000000014120254068
Q10898133	6000000177863610904
Q108983367	6000000001532439352
Q108987374	6000000033388982548
Q108987562	6000000022922203835
Q1089877	6000000015709782426
Q108988931	6000000009959055159
Q108989	6000000099924166896
Q108990980	6000000000494685966
Q108990994	6000000000280645098
Q108991082	6000000000575303406
Q108991154	6000000039152312530
Q108991208	6000000000285248795
Q108991296	6000000000529078931
Q10899334	6000000074789844821
Q10899370	6000000068899211860
Q10899435	6000000074701331003
Q10899439	6000000019151596798
Q10899496	6000000019150224561
Q10899517	6000000075506341834
Q10899531	6000000019151548521
Q10899556	6000000075500442828
Q10899558	6000000029326843023
Q10899561	6000000074726031113
Q10899581	6000000045619915086
Q10899600	6000000074731094015
Q10899619	6000000075508910889
Q10899629	6000000074768573858
Q10899636	6000000074727256946
Q10899693	6000000019152033093
Q10899694	6000000029599657817
Q10899696	6000000029594605473
Q10899711	6000000026592036467
Q10899749	6000000075506713819
Q10899754	6000000040034083356
Q10899765	6000000075345603283
Q10899793	6000000074753363900
Q10899845	6000000051565801969
Q10899855	6000000074786159005
Q10899857	6000000075050165940
Q10899864	6000000019151643506
Q10899882	6000000068898692021
Q10899894	6000000040034229001
Q10899902	6000000074700852968
Q10899914	6000000050095879945
Q10899920	6000000075509051849
Q10899959	6000000022468901219
Q10899970	6000000075376918822
Q10900021	6000000068898171093
Q10900037	6000000068782596870
Q10900049	6000000074700151413
Q109000804	6000000026842800147
Q10900095	6000000040034061331
Q10900117	6000000019151518479
Q10900121	6000000068782697052
Q10900135	6000000074717949828
Q10900161	6000000075325341892
Q10900189	6000000075615211933
Q10900194	6000000074787461218
Q10900201	6000000074787856886
Q10900203	6000000019509994747
Q10900216	6000000019152083001
Q10900237	6000000050095962883
Q10900268	6000000019151721958
Q10900270	6000000068742822043
Q10900271	6000000068743208874
Q10900272	6000000068742739168
Q10900280	6000000019149808976
Q109002865	6000000100808778864
Q10900291	6000000075500025267
Q10900301	6000000075500712887
Q10900302	6000000019150371123
Q10900304	6000000074733085842
Q10900354	6000000075508660002
Q10900362	6000000075508746915
Q10900370	6000000074738687939
Q10900416	6000000050096164859
Q10900417	6000000074771447825
Q10900435	6000000074712838871
Q10900440	6000000068898738099
Q10900444	6000000074784752567
Q10900452	6000000019150133505
Q10900552	6000000075346339935
Q10900561	6000000013011443945
Q10900562	6000000075407329038
Q109007237	6000000022039607442
Q109007238	6000000022039573795
Q109007239	5312814827410113632
Q109007240	6000000015583441479
Q109007331	6000000000104304640
Q109007352	6000000018643461557
Q109007366	6000000018644194090
Q109007376	6000000041524827453
Q109007377	6000000018645066007
Q109007382	6000000014054043644
Q109007442	6000000027710595734
Q10900757	6000000014893204607
Q109010017	6000000021411858210
Q10901054	6000000075554561822
Q109010645	6000000018195166066
Q109010853	6000000001849119443
Q109010854	6000000001849128737
Q109010894	6000000021238055113
Q109010960	6000000003493396111
Q109011252	4061486
Q109011324	6000000000129381692
Q109011355	6000000000129390364
Q109011397	6000000078955593955
Q109011482	6000000024317272025
Q109011898	6000000082483860099
Q109011900	6000000009522804189
Q109011947	6000000016212644974
Q109011952	6000000009523043155
Q109012017	6000000020159205219
Q109012051	6000000016943820347
Q109012127	6000000014086576184
Q109012128	6000000000847046450
Q109012163	6000000020159251302
Q109012195	6000000001861763743
Q109012239	6000000016906351713
Q109012250	6000000007211650222
Q109012259	6000000022455594821
Q109012268	6000000016648288611
Q109012269	6000000016648166932
Q109012283	6000000028786046703
Q109012604	6000000038055910370
Q109012673	5239265787950115152
Q109012682	6000000180571973875
Q109012761	6000000027878761361
Q10901590	6000000074727465108
Q10901604	6000000011547217635
Q10901643	6000000074702617045
Q10901644	6000000074702826831
Q109016909	6000000017970517672
Q109017965	5239310018540114912
Q1090185	6000000105762994891
Q109018733	5662489048300068878
Q109021752	6000000028580773136
Q109025269	6000000041242490210
Q109027252	6000000013007547034
Q109027320	6000000000774537180
Q109027320	6000000175879617829
Q109027638	6000000014046736155
Q109028043	6000000038064023460
Q1090291	6000000005599033147
Q109031812	6000000013611512757
Q109032745	6000000016200245197
Q109037457	6000000018272840305
Q109037472	6000000003827781275
Q109037975	6000000023895389140
Q10904101	6000000047124753366
Q109041897	6000000101312448948
Q109044229	6000000077907805550
Q109045750	6000000006127612712
Q1090473	6000000013534529795
Q10905038	6000000075555198822
Q109051038	6000000179450421850
Q109051040	6000000043382359502
Q1090562	6000000001535007353
Q10906067	6000000018175548157
Q109062	6000000002802349839
Q109063	6000000222422158932
Q109064501	6000000017166235660
Q109066086	6000000006127732246
Q10906633	6000000001699591646
Q109066393	6000000019641722004
Q109067	6000000196505143869
Q1090694	6000000063167557144
Q10906968	6000000002961470971
Q109070	6000000017380346311
Q109071545	6000000008988666092
Q109071547	6000000003006514908
Q109071563	6000000018547340090
Q109071564	6000000007113260321
Q109071567	6000000006882498800
Q109071571	6000000001599407004
Q109072245	6000000018464084499
Q109072498	6000000024654770943
Q1090738	6000000057197367925
Q109074	6000000010726579980
Q109076	4377063839650028631
Q109076423	6000000206602538822
Q109077161	6000000002592505027
Q1090774	6000000014460893310
Q109089	6000000054873829043
Q109091	6000000023405077159
Q1090928	6000000041192059575
Q109092977	6000000168958017926
Q1090947	6000000131793275828
Q109094975	6000000001180378216
Q109096136	6000000018299578659
Q10909639	6000000075507149122
Q10909645	6000000015760365110
Q10909656	6000000075505270898
Q10909660	6000000045592542887
Q109096805	6000000005646545882
Q109096978	6000000084989993163
Q109097504	6000000010768186570
Q1090976	6000000010715469519
Q109101827	6000000177877066854
Q109102739	6000000003356232074
Q10910495	6000000075423282910
Q10910502	6000000074788023830
Q109107330	6000000011206105438
Q10910882	6000000074783791867
Q109110542	6000000000916928613
Q109115595	6000000013537800913
Q1091158	6000000145236059856
Q109120764	6000000173309208926
Q1091214	6000000141114712931
Q109123469	6000000010637489507
Q1091237	6000000003096632962
Q109125419	6000000003149795733
Q109126389	6000000016532200826
Q109127087	6000000008451384246
Q109127118	6000000006351307133
Q109129568	6000000011426375007
Q109130197	6000000024542497344
Q109130464	6000000015394954369
Q109130498	6000000210466979835
Q109130636	6000000071725665238
Q109132458	6000000177210364870
Q109132598	6000000177211133827
Q109132969	6000000177211158834
Q109133085	6000000177210796855
Q10913327	6000000075422188834
Q109134994	6000000029361605292
Q1091379	6000000178256284829
Q109139872	6000000017937807233
Q109139943	6000000017937796077
Q1091414	6000000145614859833
Q109141824	6000000001356960825
Q109142176	6000000001356991649
Q109142482	6000000010602075208
Q10914281	6000000183014835835
Q1091432	6000000052070756037
Q109144442	6000000025986795237
Q10914484	6000000013630929242
Q10914620	6000000001688864700
Q109151555	6000000020105552011
Q109152138	6000000023254554019
Q109152672	6000000023254165561
Q1091572	6000000003503679468
Q109157915	6000000016756993399
Q109159	6000000037002983854
Q109159709	6000000010132517025
Q109159957	6000000010132409382
Q10915998	6000000074758629933
Q10916026	6000000050096484954
Q10916035	6000000074757228711
Q10916036	6000000074758461869
Q10916037	6000000074758146143
Q10916068	6000000074727921853
Q10916072	6000000074758105177
Q10916081	6000000074758280928
Q10916082	6000000075060219823
Q10916085	6000000074758347855
Q10916094	6000000050645735196
Q10916101	6000000074757522287
Q10916151	6000000074758282048
Q10916196	6000000074758118000
Q10916207	6000000050096403961
Q10916215	6000000075422340029
Q10916228	6000000074758523984
Q10916233	6000000050096320956
Q10916334	6000000075490251847
Q10916366	6000000031975758128
Q10916390	6000000074749042867
Q10916427	6000000074738367822
Q109164305	6000000119605152821
Q10916434	6000000074768801822
Q10916460	6000000029199097995
Q10916597	6000000074715690997
Q109173598	6000000029081438426
Q109173844	6000000035352248821
Q109174034	6000000180056836821
Q109174393	6000000049228954840
Q109174396	6000000216592569839
Q109174700	6000000029324852085
Q109174777	6000000176988626823
Q109174860	6000000032180196092
Q109174866	6000000026683173713
Q109174976	6000000091665339908
Q109175487	6000000029324616338
Q109176381	6000000075310987047
Q109176708	6000000063645039887
Q109177	6000000023928578672
Q109177648	6000000041989375993
Q109179711	6000000029898674492
Q109179878	6000000087249085153
Q109180471	6000000002894103363
Q10918067	6000000038239696218
Q10918129	6000000038239713036
Q10918342	6000000019169867800
Q10918378	6000000074753723051
Q10918428	6000000043402337893
Q10918454	6000000074701664922
Q109184671	6000000007819059751
Q10918600	6000000075407516923
Q109186310	292061152620008490
Q10918638	6000000037590973447
Q10918673	6000000074759074115
Q10918692	6000000022572130691
Q10918727	6000000075554635831
Q109187290	6000000003940555470
Q109187293	6000000000250178163
Q109187296	6000000000250197509
Q109188576	6000000014046751073
Q10918860	6000000075611695983
Q109189	6000000025114387062
Q10918934	6000000030070756450
Q10918943	6000000075424880414
Q10918947	6000000013103498710
Q10918951	6000000075505037145
Q10918983	6000000074735377384
Q10919002	6000000074705547053
Q10919002	6000000074745818169
Q10919022	6000000075553175096
Q10919024	6000000075549393275
Q10919038	6000000074705037508
Q10919042	6000000022572298086
Q10919098	6000000037590923414
Q10919110	6000000074705421275
Q10919190	6000000074747936864
Q10919223	6000000075550199431
Q109192357	6000000008147368982
Q10919266	6000000178473540840
Q10919289	6000000075405953338
Q10919348	6000000075425815859
Q10919349	6000000074784099047
Q10919368	6000000074783426905
Q10919404	6000000038916259895
Q10919455	6000000074705701946
Q10919475	6000000075504114866
Q10919522	6000000074705832835
Q10919525	6000000074705667927
Q10919534	6000000075482617839
Q10919559	6000000074705502094
Q10919582	6000000075612039881
Q1091960	6000000138890745858
Q10919602	6000000075606876947
Q10919608	6000000074759460844
Q10919648	6000000074705250221
Q10919650	6000000074748035919
Q10919654	6000000074704915372
Q10919683	6000000074785020847
Q109197027	6000000178504295945
Q10919724	6000000018109638492
Q10919732	6000000075425921865
Q10919881	6000000074701692920
Q10919883	6000000074701782946
Q10919887	6000000075422052168
Q10919888	6000000038147791911
Q10919889	6000000038147368056
Q10919928	6000000075413724842
Q10919930	6000000074701553107
Q10919942	6000000074753874885
Q10919992	6000000074701505092
Q10920018	6000000043402337887
Q10920031	6000000074701570086
Q10920037	6000000043404207868
Q109200502	6000000041137827526
Q10920091	6000000013394383848
Q1092012	6000000133108353104
Q10920123	6000000018175586058
Q10920151	6000000075426250842
Q10920228	6000000074727518879
Q109204405	6000000018331216634
Q10920442	6000000075428595821
Q10920453	6000000074690603049
Q10920528	6000000038177370018
Q10920578	6000000075427409898
Q10920796	6000000075503861117
Q10920810	6000000074691527875
Q10920829	6000000074727159998
Q10920939	6000000074735807381
Q10921011	6000000074711708865
Q10921018	6000000075426064005
Q10921064	6000000074746129239
Q109210913	6000000094085014949
Q109211	6000000024487422392
Q10921151	6000000011627184349
Q10921342	6000000002293750694
Q10921370	6000000074748111840
Q1092151	6000000008723956764
Q10921628	6000000013105268304
Q109216431	6000000083070440381
Q109219661	6000000015375436525
Q109220074	6000000071231556850
Q10922032	6000000013588380650
Q109220447	6000000197109926822
Q109220824	6000000075992605855
Q109220824	6000000194173606836
Q109221193	6000000025428488300
Q109221533	6000000194173674832
Q109221621	6000000022451058856
Q109221621	6000000039086735125
Q10922215	6000000075507519041
Q109222176	6000000006953093241
Q10922242	6000000075507644006
Q109223928	6000000193089371911
Q109223980	6000000046230142257
Q109224084	6000000005575686465
Q10922516	6000000074704159906
Q10922528	6000000074703386503
Q10922662	6000000075503440029
Q10922710	6000000049185204007
Q10922787	6000000074703702338
Q109228138	6000000042841358397
Q109228191	6000000027689279977
Q109228215	6000000025666211332
Q10922920	4805002538550025364
Q10922974	6000000074748152026
Q10923000	6000000074704255825
Q109230125	6000000002802339841
Q10923013	6000000075427554260
Q10923051	6000000075406495976
Q10923058	6000000141354208821
Q109230963	6000000063532628965
Q109230971	6000000012458935626
Q109230973	6000000100828656833
Q109230976	6000000154637555827
Q109230979	6000000194076436837
Q109230986	6000000034515210114
Q109230987	283206076750002635
Q109230988	6000000007296168197
Q109230992	6000000176939604828
Q109230994	6000000021041491704
Q10923100	6000000010029862786
Q10923126	6000000074731925276
Q10923134	6000000075503623962
Q109231830	6000000002821004144
Q109232	6000000000783228398
Q1092339	6000000156351870888
Q109236392	6000000031849713955
Q10923735	6000000074748748999
Q109237768	6000000190048154847
Q109237776	6000000163700510821
Q109238221	6000000035033917308
Q109238250	6000000033268138102
Q109238251	6000000038964501156
Q109238265	6000000020814823305
Q109238270	6000000024091813016
Q109238286	6000000054862729042
Q109238294	6000000208861780835
Q109238351	6000000011678130493
Q109238357	6000000015061805093
Q109238359	6000000025292924488
Q1092384	4726547852610080372
Q109238406	6000000018655267704
Q109238411	6000000066590463837
Q109238414	6000000025771569414
Q109238510	6000000015486592614
Q109238514	6000000077840301089
Q109238630	6000000181303012867
Q109238635	6000000058445571965
Q109238652	6000000014767539839
Q109238678	6000000216949067828
Q109238758	6000000204652051823
Q109238781	6000000017889981854
Q109238794	6000000183797484883
Q109238815	6000000167624315885
Q109238916	6000000007280713689
Q109238936	6000000042899266279
Q109238937	6000000015645468361
Q109238940	6000000059454300182
Q109238943	6000000166389029822
Q109238944	6000000196822432860
Q109238947	6000000069996102887
Q109238949	6000000049679953196
Q109238956	6000000018139555771
Q109238958	6000000110839277845
Q109239025	6000000039030592966
Q109239028	6000000026368339633
Q109239045	6000000058357903859
Q109239047	6000000016896827950
Q109239057	6000000033001504107
Q109239058	6000000174644313064
Q109239064	6000000011274540330
Q109239065	6000000071768642072
Q109239066	6000000005012295661
Q109239073	6000000015886379044
Q109239074	6000000017072872539
Q109239085	6000000186140812978
Q109239249	6000000012734730246
Q109239250	6000000009648901674
Q109239251	6000000005251913307
Q109239282	6000000202827781876
Q109239357	6000000010580522944
Q109239366	6000000076688477486
Q109239378	6000000032349247718
Q109239382	6000000017548697128
Q109239383	6000000047022497179
Q109239385	6000000016594423727
Q109239386	6000000040956239213
Q109239387	6000000023422810955
Q109239405	6000000029179823535
Q109239492	6000000019260957696
Q109239494	6000000030792061082
Q109239499	6000000069472535847
Q109239503	6000000016351362393
Q109239519	6000000027870697815
Q109239647	6000000194494868822
Q109239656	6000000022279464382
Q109239661	6000000012397220112
Q109239670	6000000081697046232
Q109239678	6000000015660701191
Q109239691	6000000032441536414
Q109239825	6000000179347268861
Q109239863	6000000064147486857
Q109240	6000000032554890328
Q109240002	6000000023453793861
Q109240044	6000000181089072853
Q109240273	6000000000115416657
Q109241482	365505128130010547
Q109242135	6000000077073652858
Q109243103	6000000017727056540
Q10924354	6000000075501524128
Q109243754	6000000155015234197
Q10924394	6000000186517378945
Q10924398	6000000021581519032
Q10924412	6000000186517544907
Q10924419	6000000075402340956
Q10924424	6000000075606359842
Q109244390	6000000002908922726
Q109247475	6000000111830172054
Q109248447	6000000193089492875
Q109248745	6000000046230132215
Q109249181	6000000033629497865
Q109249252	6000000004350750272
Q109249317	6000000004350609544
Q109249472	6000000004350571804
Q109249848	6000000004350864194
Q109250612	6000000008005880760
Q109250907	6000000010897320578
Q109250958	6000000058769854078
Q109250974	6000000023994436807
Q1092512	6000000009984075705
Q1092518	6000000075373406822
Q109251913	6000000123777426821
Q109251954	6000000008123837735
Q109252055	6000000012819679469
Q109252056	6000000012442444230
Q109252116	6000000076852650239
Q109252404	6000000006341524250
Q10925345	6000000074791524085
Q109253684	6000000177231262833
Q10925369	6000000074791952935
Q10925381	6000000017555502017
Q109253906	6000000059183359513
Q109255528	6000000179252554822
Q1092556	6000000013716144025
Q109256584	6000000035541292661
Q109256701	6000000014000456802
Q109258765	6000000084265198872
Q1092590	6000000180526498836
Q109259309	6000000085012000547
Q109262554	6000000120865535899
Q109265429	6000000175039863959
Q109265466	6000000028888214302
Q109265639	6000000003582338246
Q109265680	6000000121965083867
Q109265940	6000000013218284411
Q109266022	6000000013218108996
Q109266147	6000000059284311058
Q109266419	6000000011830319899
Q109266569	6000000007682264828
Q109267387	6000000027972343838
Q109268285	6000000046559815989
Q109268433	6000000017972730574
Q109268527	6000000021234526784
Q109268701	6000000130557802019
Q109268827	6000000033128760708
Q109269397	6000000023385077863
Q109269433	6000000029278076435
Q109270699	6000000078766508904
Q109272	6000000011782577384
Q109273519	6000000063654630003
Q109274009	6000000086682836915
Q109274237	6000000063653710462
Q1092745	6000000197229635876
Q109275312	6000000011172450602
Q109275967	6000000083426200072
Q1092762	6000000007801393365
Q109277836	6000000002802612069
Q109278	6000000080820530045
Q109278534	6000000002833924440
Q109278838	6000000098161130174
Q109285076	6000000001180347047
Q109285407	6000000001180349535
Q109285711	6000000042896781371
Q109286760	6000000078766638828
Q109287	6000000129554922308
Q109287109	6000000120867025859
Q109287461	6000000006127401947
Q109288	6000000050700969240
Q109288223	6000000007816437205
Q109289169	6000000053292414839
Q109289190	6000000080668739236
Q109289194	6000000015762175380
Q109289280	6000000011613517754
Q109289476	6000000033161977388
Q109289748	6000000012737195910
Q109289770	6000000012737337607
Q109289820	6000000001868073325
Q109290393	6000000006127381659
Q109290696	6000000012737481261
Q109291006	6000000024530116212
Q109291087	6000000039435860275
Q10929124	6000000036292774149
Q109291923	6000000032175020282
Q109292139	6000000020504751733
Q109292445	6000000004124508251
Q109292451	6000000036121249194
Q109292705	6000000013218260164
Q109293307	6000000020167155046
Q109293376	6000000007316676414
Q109293954	6000000006232400750
Q109294	6000000005599214200
Q109294102	6000000181915138831
Q109294137	6000000011481056262
Q109294338	297158805450002801
Q109294526	6000000007978065604
Q109294717	6000000008239665813
Q109294736	6000000027448059143
Q109294749	6000000010480682341
Q109294775	6000000015593452789
Q109294797	5307186233700076708
Q109294878	6000000008659403572
Q109294894	6000000020136625279
Q109295010	6000000002464445025
Q109295189	6000000025473254585
Q109295199	6000000006576190149
Q109295301	6000000011648822858
Q109295326	6000000092730440213
Q109295365	6000000013253544098
Q109295503	6000000011490750324
Q109295613	6000000006127231805
Q109295872	314499872580001275
Q109296025	6000000007396064737
Q109296038	5508983603210075447
Q109296042	6000000006127284671
Q109296074	6000000012442327943
Q109296087	6000000006127744622
Q109296094	6000000003732643768
Q109296296	6000000003890583823
Q109296319	6000000008862143432
Q109296418	6000000004297974622
Q109296437	6000000013202429004
Q109296478	6000000011715164415
Q109296480	6000000034717463036
Q109296492	6000000008211761878
Q109296494	6000000008199188861
Q109296500	6000000009437474869
Q109296514	6000000006127048814
Q109296524	6000000011873184469
Q109296549	6000000012722603786
Q109301	6000000176567307028
Q109301155	6000000040753375139
Q109301169	6000000048641368235
Q109301608	6000000021282033867
Q109301637	6000000039374303497
Q109301638	6000000012795095229
Q109301708	6000000012679442904
Q109301791	6000000012737367850
Q109301810	6000000004225301299
Q109301810	6000000205847906889
Q109302	6000000026183290922
Q109302544	6000000132871130831
Q109302581	6000000011393967378
Q109302605	6000000024377720023
Q109302776	6000000047815598441
Q109302895	6000000015128090908
Q109303163	6000000075614675900
Q109306013	6000000024254640757
Q109306677	6000000150611014825
Q109306781	6000000024254667187
Q1093070	6000000140996062156
Q109307154	6000000003507246450
Q109307501	6000000010312408527
Q109307576	6000000042146921533
Q109307585	6000000042147113239
Q109307642	4172511741670062607
Q109307741	6000000105249749050
Q1093080	6000000019104000831
Q109309843	6000000044847369545
Q109310216	6000000008438873537
Q109310518	6000000021179801945
Q109310686	6000000002765241620
Q109310734	6000000172108765614
Q109310896	6000000045729526249
Q109313560	6000000215779045855
Q109316953	6000000011077096473
Q109317029	6000000010312944620
Q109317030	6000000006351365389
Q109317915	6000000024638159402
Q10931853	6000000074367994044
Q10931865	6000000075617163839
Q10931868	6000000075504915868
Q109318713	3268440
Q109318741	6000000084265085288
Q109318913	6000000008679875105
Q109318927	6000000057014936024
Q10931949	6000000071697503924
Q10931961	6000000075503630644
Q109319621	6000000035848718926
Q109319632	6000000003939829942
Q109319731	6000000003937961999
Q109319731	6000000021395672115
Q109319733	6000000052307753823
Q109320	6000000073759860454
Q109320273	6000000072904224893
Q1093204	6000000057163429020
Q109320567	6000000104578514226
Q109320654	6000000014844636056
Q109320851	6000000007337612023
Q109320854	6000000010502209754
Q109321315	6000000018039259320
Q109321374	6000000048083377840
Q10932151	6000000075050068909
Q109321535	6000000019896689480
Q109321836	6000000206937878824
Q109321850	6000000011632981626
Q109321855	6000000009987386286
Q109321918	6000000139691123185
Q109321929	6000000149824180488
Q109322118	6000000016543663377
Q109322649	6000000010082115652
Q109322710	6000000002583979938
Q109322777	6000000003791642092
Q109322973	6000000013898649737
Q109323113	6000000021318783286
Q109323165	6000000007415927648
Q109323172	6000000027127814867
Q109323175	6000000007416001314
Q109323186	6000000029939460977
Q109323200	6000000052188533153
Q109323600	6000000128723020053
Q109323855	6000000112081926821
Q109323900	6000000009135398187
Q109324	6000000001727200678
Q109324028	6000000057196550821
Q109324059	6000000011663351314
Q109324374	6000000051216724089
Q109324456	6000000120151819887
Q109324504	6000000170412684929
Q109324524	6000000005418337370
Q109324534	6000000016830827613
Q109325016	6000000073099508840
Q1093251	6000000078623035230
Q109325143	6000000014063444450
Q109326000	6000000007483481458
Q109326282	6000000000272994775
Q109326290	6000000007719372707
Q109327424	6000000052188586130
Q1093276	6000000078555850999
Q109327804	6000000011489551195
Q109328415	6000000003076423403
Q109328461	6000000180197246840
Q109328475	6000000003076423681
Q109328640	6000000032589055877
Q109328650	6000000003076423510
Q109328734	6000000006352005026
Q109328758	6000000000464802507
Q109328840	6000000003076423617
Q109328915	6000000018871071785
Q109329131	6000000145991370985
Q109329183	319662563460005918
Q109329184	319662816820005921
Q109329186	6000000010124133748
Q109329188	6000000010123553050
Q109329540	6000000003681283392
Q109330267	6000000029936734835
Q109331164	6000000000004451196
Q109331836	6000000035001141683
Q109332961	6000000000451615373
Q109333123	6000000036307056305
Q109333176	6000000178654437864
Q109333200	6000000178654837875
Q109333227	6000000027967970433
Q109333228	6000000015281010938
Q109333309	6000000041321858930
Q109333310	6000000008872679326
Q109333312	6000000041298871495
Q109333313	6000000013699752585
Q109333314	6000000002922709714
Q109333315	320260449260002273
Q109333330	6000000041132650926
Q109333332	6000000007313409536
Q109333333	6000000001681051522
Q109333334	6000000006971927297
Q109333358	6000000000426640113
Q109333360	6000000001915993829
Q109333361	6000000000664336529
Q109333363	6000000001915996889
Q109333364	6000000001915149981
Q109333369	6000000013135625990
Q109333377	6000000004630823969
Q109333410	6000000000629240353
Q109333412	6000000017708979963
Q109333413	6000000007281067993
Q109333414	6000000007281085166
Q109333447	6000000015694302209
Q109333448	6000000016368381136
Q109333450	6000000007454433873
Q109333452	6000000001915936849
Q109333453	6000000003939222151
Q109333454	6000000000475120707
Q109333460	6000000003939222111
Q109333477	6000000093466868007
Q109333491	6000000103339322842
Q109333492	6000000084492271471
Q109333494	6000000039589239284
Q109333495	6000000039589343385
Q109333496	6000000000460927131
Q109333524	6000000007345001043
Q109333525	6000000007345334423
Q109333526	322144059420004025
Q109333528	6000000007345090961
Q109333529	6000000008872719986
Q109333530	6000000003040615446
Q109333532	6000000003373210187
Q109333883	6000000036442052665
Q109333985	6000000036443007966
Q109333989	6000000001579252858
Q109334123	6000000068364780098
Q109334397	6000000020250380670
Q109334403	6000000154851241857
Q109334485	6000000016838745427
Q109334487	6000000016838854558
Q109334488	6000000016838670349
Q109334489	6000000016838496333
Q109334507	6000000036442572772
Q109334509	6000000045293118841
Q109334534	6000000026325955593
Q109334535	6000000026326076799
Q109334536	6000000008872558820
Q109334537	6000000002889246217
Q109334538	6000000002923034247
Q109334540	6000000000110502917
Q109334542	6000000003513622772
Q109334545	6000000026326451235
Q109334546	6000000067655879821
Q109334550	6000000067655784919
Q109334552	6000000067655914910
Q109334558	6000000003210550322
Q109334559	6000000003210604542
Q109334564	6000000067655458051
Q109334624	6000000002455083878
Q109334626	6000000002931133181
Q109334627	6000000007094891550
Q109334628	6000000001328598936
Q109334629	6000000002046145395
Q109334631	6000000003492855050
Q109334633	6000000002455346059
Q109334634	6000000006810120926
Q109334666	6000000002046092001
Q109334667	5367252405890051612
Q109334668	6000000000889200545
Q109334669	6000000002046101212
Q109334671	6000000003221197643
Q109334672	6000000006603624100
Q109334678	6000000006444493112
Q109334684	6000000000889344891
Q109334685	6000000001212858789
Q109334686	6000000198785669870
Q109334687	6000000039451470070
Q109334698	6000000003227211183
Q109334699	6000000000155784329
Q109334738	6000000199760252826
Q109334739	6000000199760505821
Q109334740	6000000036602733298
Q109334741	6000000014231002087
Q109334742	6000000022907956329
Q109334744	6000000022907896426
Q109334745	6000000022907941696
Q109334756	6000000022908114218
Q109334757	6000000001727116171
Q109334758	6000000003242738003
Q109334759	6000000008010645878
Q1093350	6000000198515375859
Q109335009	6000000022421525613
Q109335067	6000000006099435977
Q109335075	6000000061608286059
Q109335119	6000000061608458931
Q109335241	6000000026028284216
Q109335242	6000000026028422031
Q109335261	6000000026027731501
Q109335270	6000000015367511107
Q109335329	6000000061608408145
Q109335372	6000000031933885368
Q109335397	6000000035834196059
Q109335397	6000000185775576830
Q109335409	6000000031934380196
Q109335441	6000000000978334234
Q109335442	6000000000978334163
Q109335476	6000000043237503456
Q109335493	6000000013060518323
Q109335495	6000000040485232764
Q109335496	6000000006605964357
Q109335497	6000000000834463706
Q109335526	6000000177167666831
Q109335814	6000000002016057719
Q109335875	6000000015128384560
Q109335877	6000000015128080755
Q109335878	6000000015128473188
Q109335879	6000000015128336884
Q109335896	6000000015128454294
Q109335901	6000000003732016293
Q109335909	6000000029834292132
Q109335912	6000000029824182303
Q109335918	6000000043067479873
Q109335927	6000000021908961436
Q109335928	6000000029834374227
Q109335930	6000000029834150357
Q109335933	6000000024638547292
Q109335934	6000000199325008481
Q109335936	6000000024638786486
Q109335945	6000000018072111740
Q109335947	6000000024638820258
Q109335950	6000000024537623974
Q109335951	6000000024537554156
Q109335954	6000000020649184394
Q109335961	6000000024537673973
Q109335962	6000000020169244882
Q109335963	6000000024537229525
Q109335964	6000000017978766001
Q109335965	6000000017328974690
Q109335966	6000000013752146102
Q109336314	6000000002659824005
Q109336320	6000000036134185090
Q109336858	6000000021683615155
Q109337112	6000000130549513873
Q1093375	6000000090977773830
Q109339310	6000000020339975084
Q109339311	6000000054315088844
Q109339317	6000000024667764255
Q109339328	6000000004005125133
Q109339341	6000000053845463940
Q109339359	6000000053849178011
Q109339396	6000000053849364998
Q109340212	6000000076941207062
Q109340546	6000000012961836428
Q109341041	6000000002836915150
Q109341718	6000000002153350521
Q109341847	6000000014893194374
Q109341847	6000000017947252205
Q109342040	6000000021534317240
Q109342224	6000000019642788129
Q109342255	6000000036011858096
Q109342892	6000000036036941286
Q109347007	6000000010631279490
Q109347905	6000000007512879062
Q109348593	6000000021974776644
Q109348636	6000000015017747956
Q109348918	6000000019234881736
Q109348919	6000000003939209077
Q109349046	6000000040876760347
Q109349461	6000000010674720392
Q109349785	6000000000580471883
Q109349827	6000000007454446737
Q109349840	6000000029361404578
Q109350087	6000000076940505371
Q109350494	6000000007454446740
Q109350494	6000000029361675303
Q109350531	6000000003345973976
Q1093510	6000000119310557040
Q109351458	6000000023371781789
Q109351676	6000000089657646831
Q109352	6000000004096105626
Q109352508	6000000004590257054
Q109352717	6000000039443368961
Q109352793	6000000074447188280
Q109352793	6000000179752830941
Q1093530	6000000163487603836
Q109353133	6000000015987912707
Q109353135	6000000069724705906
Q109353140	6000000101633895825
Q109353142	6000000069724147119
Q109353144	6000000025803173621
Q109353148	6000000101631659862
Q1093533	6000000022521609351
Q109354651	6000000031939678005
Q1093549	6000000053346871187
Q1093554	6000000000466351313
Q109355857	6000000016160405383
Q109355897	6000000015740086304
Q109355910	6000000003254148036
Q109356422	6000000018778640228
Q109357	6000000035115985086
Q109357446	6000000002799002459
Q109359	6000000051250538946
Q109361511	6000000121587753883
Q109363479	6000000043265338453
Q109364	6000000019920782396
Q109365	6000000002003819957
Q109366439	6000000003076065744
Q109366442	6000000000288510492
Q109366444	6000000000240085596
Q109366557	6000000000424759558
Q109366773	6000000011792272757
Q109366774	6000000009245672901
Q109366775	6000000011792278747
Q1093668	6000000022905803041
Q109366978	6000000025412295087
Q109366982	6000000025410980561
Q109367066	6000000025817042738
Q109367067	6000000017478047232
Q109367068	6000000006290409787
Q109367336	6000000020449845193
Q109367337	6000000006290247238
Q109367338	6000000009410290509
Q109367339	6000000003301695178
Q109367340	6000000002329277337
Q109367455	6000000034902602047
Q109367698	6000000019818490172
Q109367724	6000000002800579523
Q109367727	6000000002800701123
Q109367741	6000000002800668230
Q109367742	6000000002930988415
Q109367841	6000000019626445830
Q109367849	6000000000834249023
Q109367945	6000000012737562325
Q109367947	6000000012679489093
Q109367949	6000000001929131632
Q109367951	6000000007418359200
Q109367959	6000000013852433619
Q109368089	6000000000600270383
Q109368262	6000000002291845728
Q109368264	6000000003942646416
Q109368691	6000000031113899574
Q109368792	6000000004947857543
Q109368794	6000000001881992291
Q109368796	6000000000596936485
Q109368823	6000000019670166147
Q109368852	6000000000633906910
Q109368898	6000000003887291849
Q109368900	6000000015508111992
Q109368902	6000000025831583767
Q109369161	6000000021317444510
Q109369175	6000000002928592141
Q109369176	5577252777630116995
Q109369352	6000000135032529898
Q109369579	6000000009128305869
Q109370254	6000000021752837544
Q109370255	6000000019669962590
Q109370281	6000000104542074872
Q109370540	6000000033114027057
Q109370807	6000000004144935570
Q109370954	6000000027484304591
Q109370985	6000000027484429414
Q109371035	6000000058978960952
Q1093714	6000000016810295781
Q109371401	6000000006198354252
Q109374233	6000000000163672956
Q109375169	6000000022862593015
Q109375239	6000000172114359942
Q109375443	6000000008315017899
Q109375796	6000000025954031633
Q109375866	6000000008314661678
Q109376021	6000000009085109344
Q109376037	6000000151413488824
Q109376302	6000000031394451609
Q109376407	6000000010553888537
Q109376657	6000000070307175402
Q109378024	6000000013123622741
Q109378025	6000000022553981938
Q109378027	6000000004850591197
Q109378028	6000000005416766823
Q109378029	6000000000390648073
Q109378031	6000000000390648098
Q109378502	6000000000633522254
Q109378504	6000000002861019344
Q109378512	6000000002861019337
Q109378517	6000000009428506894
Q109378611	6000000007211773172
Q109378651	6000000008019142162
Q109379777	6000000036057300157
Q109380010	6000000165541319880
Q109380181	6000000119112593857
Q109380579	6000000010651998239
Q109381319	6000000026166210191
Q109381322	6000000008943375637
Q109381821	6000000026909603339
Q109381871	4428845704730031343
Q109383177	6000000008940764188
Q10938320	6000000004329321348
Q109383360	6000000180909186841
Q109385855	6000000028586407822
Q109385888	6000000175218997856
Q109391178	6000000018067502310
Q109393	6000000091812725828
Q109393207	6000000016128285281
Q109393419	6000000001588390300
Q109393420	6000000003937778943
Q109393421	6000000001689479164
Q109393423	6000000000320773583
Q109394018	6000000040701275976
Q109395356	6000000015049424309
Q109395357	6000000093316290012
Q109395359	6000000001403219049
Q1093961	6000000038117635614
Q109396160	6000000001743233118
Q109396169	6000000001403219029
Q109396174	6000000173747924579
Q109396737	6000000074466404999
Q109396943	6000000015049351454
Q109397803	6000000211411569822
Q109398243	6000000038355852928
Q109398257	6000000004088416017
Q109398259	6000000012615391181
Q109398260	6000000012614030108
Q109398366	6000000024503585404
Q109398367	6000000002339185818
Q109399035	6000000004088199530
Q109402258	6000000016422255325
Q109402827	6000000042427026022
Q109405	6000000081840439660
Q109405013	6000000002249503479
Q109405055	6000000009303670290
Q109405129	6000000025182474539
Q109405158	6000000000303520530
Q109405222	6000000019442392254
Q109405251	6000000019442392260
Q109405286	6000000180459060845
Q109405334	6000000019442501216
Q109405851	6000000041272803359
Q109406042	6000000072101080892
Q109406080	6000000072105924850
Q109406249	6000000072100749823
Q109406778	6000000004097663024
Q109407066	6000000006953346621
Q109407473	6000000007350941772
Q109408167	6000000007351036392
Q1094091	6000000043832072510
Q109409459	6000000072105580080
Q109409975	6000000006440156248
Q109410401	6000000193682256904
Q109410749	6000000022894920209
Q109412841	6000000025155249246
Q109413372	6000000018195087469
Q109413790	6000000014545768005
Q109413795	6000000013937003003
Q109413831	6000000009645128617
Q109413843	6000000034724030952
Q109413851	6000000095448942855
Q109413852	6000000018444619958
Q109413928	6000000013745565002
Q109413935	6000000194157524829
Q109413947	6000000177801767825
Q109414014	6000000011454697001
Q109414102	6000000169700110520
Q109414105	6000000032898302210
Q109414106	6000000020706515883
Q109414113	6000000014632517139
Q109414115	6000000001835279922
Q109414124	6000000012389708317
Q109414144	6000000012674136493
Q109417234	6000000018234251436
Q109418	6000000199635061872
Q1094183	6000000156860917036
Q109420138	6000000003491958786
Q109421635	6000000008317168757
Q109422133	6000000008313346823
Q109422769	6000000008313734058
Q109422901	6000000022613712888
Q10942390	6000000075406578107
Q109423913	6000000001133487767
Q10942426	6000000075507876870
Q10942459	6000000012380657219
Q109424692	6000000081767084895
Q109427982	4273523271140043210
Q109428431	6000000010859500575
Q109429066	6000000017972688140
Q10943207	6000000075506430027
Q10943238	6000000074787368899
Q109432633	6000000018694952886
Q10943303	6000000075613480043
Q10943304	6000000074768758821
Q10943311	6000000075407329005
Q10943334	6000000050046196094
Q10943336	6000000034352685750
Q10943370	6000000132360652936
Q10943380	6000000075430047873
Q10943388	6000000050046312270
Q109433966	6000000193078550827
Q10943408	6000000074705837096
Q10943426	6000000074705250462
Q109434369	6000000028146612204
Q10943533	6000000075428370081
Q10943582	6000000075344976042
Q109435970	6000000027325149876
Q10943605	6000000075345038973
Q109438483	6000000018630462255
Q109438591	6000000025389284245
Q109438696	6000000026982359624
Q109439210	6000000030686530860
Q109439273	6000000044470681688
Q109440037	6000000187098420855
Q109440588	6000000018812552117
Q109441505	6000000180278421951
Q10944210	6000000012967687688
Q10944212	6000000012826650861
Q10944213	6000000012827118535
Q10944214	6000000012826956887
Q10944216	6000000012826971369
Q10944218	6000000011251031259
Q10944218	6000000075508560021
Q10944224	6000000012967707688
Q10944226	6000000074745835184
Q10944228	6000000012967299123
Q109442787	6000000014273771411
Q10944283	6000000012967773306
Q10944285	6000000012967288091
Q10944285	6000000075062219821
Q10944286	6000000012967673715
Q10944302	6000000012967675853
Q10944303	6000000074698299299
Q10944304	6000000075607004822
Q10944314	6000000012967800239
Q10944328	6000000012967724460
Q10944337	6000000012967716582
Q1094434	6000000019126804532
Q10944340	6000000013137033202
Q10944347	6000000074698717908
Q10944356	6000000013136754737
Q10944360	6000000012967408736
Q10944360	6000000074792907833
Q10944374	6000000074698290243
Q10944375	6000000012967814226
Q10944376	6000000012400041989
Q109444051	6000000102535989856
Q10944413	6000000177320273824
Q10944421	6000000075508726862
Q10944428	6000000012967739446
Q10944441	6000000011251618405
Q10944462	6000000012967751325
Q109445435	6000000010486979517
Q10944636	6000000074703253368
Q10944688	6000000013009353044
Q10944707	6000000021618328977
Q109447196	6000000007773522570
Q10944740	6000000074746820971
Q109448371	6000000002981995999
Q109448377	6000000006711872155
Q109448381	6000000130558524888
Q109448485	6000000006711366978
Q109448488	6000000023770090778
Q10944890	6000000075346153873
Q10944923	6000000075556183147
Q109449375	6000000022567083077
Q109449389	6000000009323740218
Q10944966	6000000074791278821
Q109450206	6000000179277259828
Q109450913	6000000082482874115
Q10945096	6000000074730454830
Q109450966	6000000024973326068
Q109450968	6000000069696152016
Q109450971	6000000017981736636
Q10945209	6000000039081783883
Q10945224	6000000075505374961
Q109452561	6000000025001908443
Q109452581	6000000017209700996
Q10945293	6000000075505040123
Q10945305	6000000075615232921
Q10945312	6000000075505718821
Q109454128	6000000001876098829
Q109454174	6000000037156790154
Q109454174	6000000086792868843
Q109454716	6000000021700822166
Q10945484	6000000013009016172
Q10945500	6000000011635009704
Q109455028	6000000021700496785
Q109455187	6000000021700809131
Q10945524	6000000074751006118
Q109455303	6000000021695998044
Q10945540	6000000074703863965
Q109455595	6000000021700688343
Q109455659	6000000021700843141
Q10945582	6000000051918212077
Q10945590	6000000074703759986
Q10945611	6000000029724112198
Q10945613	6000000074725880189
Q10945642	6000000075406439101
Q10945673	6000000074716357838
Q10945686	6000000074703140592
Q10945688	6000000074702876708
Q1094588	6000000015553831282
Q109459	6000000014566370344
Q10946203	6000000049542006095
Q10946207	6000000049502264957
Q109463	6000000008140018436
Q109463039	6000000014118319188
Q109463912	6000000040098089894
Q109463913	6000000040098130072
Q109464065	311908754240004587
Q109464117	6000000003124574510
Q109464704	390934902890012798
Q109465003	6000000008548624736
Q109465559	6000000008548518531
Q1094656	6000000008667958238
Q109465617	4896422346130072678
Q109465929	6000000001975738558
Q109466068	6000000185968076827
Q109466080	6000000042816743638
Q1094666	6000000015459257023
Q109466715	6000000043949798821
Q10946748	6000000075422966840
Q109468	6000000019188021496
Q109468295	6000000006824840369
Q109468753	6000000069536160088
Q109470717	6000000017462327014
Q109470817	6000000021196727885
Q109471312	6000000101090217920
Q109471593	6000000131531110998
Q1094716	6000000000524503802
Q109471659	6000000021514362451
Q10947263	6000000075422936835
Q1094731	6000000011230618691
Q109473532	6000000033212364312
Q109473666	6000000151165138845
Q1094741	6000000027831238788
Q109474447	6000000069284246050
Q10947473	6000000074784698058
Q10947521	6000000038072945994
Q10947529	6000000088705048103
Q109475416	6000000017685490127
Q109475789	6000000002497446289
Q109475995	6000000014832936921
Q109476000	6000000011014731723
Q109476240	6000000026201347224
Q1094766	6000000009440864812
Q1094776	6000000033142774698
Q10947763	6000000074703907043
Q10947787	6000000074703995912
Q10947842	6000000074789373157
Q109478789	6000000017798184188
Q109478829	6000000024638919737
Q109478878	6000000015431731891
Q109478908	6000000015634454987
Q109478921	6000000014934387833
Q109479	6000000006879478236
Q109479096	6000000091392321873
Q109479280	6000000001163486405
Q109479331	6000000022979122978
Q109479361	6000000180944950873
Q109479370	6000000162021426824
Q109479453	6000000013327021083
Q109479494	6000000000265799026
Q109479863	6000000039301189264
Q109480106	6000000017452869043
Q109480179	6000000017452697453
Q109480490	6000000012891577364
Q109480897	6000000023363887488
Q109480952	6000000001727537316
Q10948101	6000000020601946090
Q10948106	6000000075507611990
Q10948126	6000000011326148904
Q10948137	6000000075503824881
Q10948138	6000000075507789863
Q10948142	6000000075506022063
Q10948144	6000000011392378218
Q10948154	6000000009797181050
Q10948161	6000000009834222176
Q10948162	6000000009798092684
Q10948168	6000000075503703916
Q109482311	6000000000745172374
Q10948233	6000000075406641003
Q10948239	6000000071238672823
Q10948241	6000000075606751099
Q109484	6000000016950047531
Q109484074	6000000006576342081
Q109484266	6000000056530655385
Q109484390	6000000058701189829
Q109484769	6000000211154128998
Q109484902	6000000226339060823
Q109485183	6000000053897477869
Q109485276	6000000022275619495
Q109485379	6000000018009378083
Q109485380	6000000018008963958
Q109485384	6000000018009376532
Q109485562	6000000179177228835
Q109485752	6000000023091241909
Q109485881	6000000219173621950
Q109485931	6000000032904359211
Q109486147	6000000218249678841
Q109486159	6000000187680608828
Q109486408	6000000050880287443
Q109486420	6000000185381987070
Q109486616	6000000196804082828
Q109486624	6000000013378015206
Q109486824	6000000000836205192
Q109486870	6000000195621610929
Q1094869	6000000015450097017
Q109487	6000000181045612902
Q109487022	6000000124221217923
Q109487035	6000000213462704821
Q109487103	6000000055907421912
Q109487139	6000000029185482495
Q109487474	6000000205681362845
Q109487496	6000000039496624085
Q109487794	6000000215137191836
Q109487822	6000000017617128269
Q109487985	6000000173713291929
Q109488203	6000000184919834830
Q109488540	6000000117225459821
Q109488606	6000000205616911873
Q109488816	6000000185260726858
Q109488946	6000000004559682881
Q109489355	6000000018930974802
Q109489595	6000000209787202877
Q109489611	6000000016047045235
Q109489656	6000000051830296021
Q109489663	6000000034915801258
Q109490323	6000000173231866868
Q109490491	6000000001827504178
Q109490697	6000000015701247153
Q109490861	6000000123798486821
Q109490980	6000000182667498821
Q109491280	6000000016092290887
Q109491345	6000000083047856253
Q109491353	6000000083047470240
Q1094914	6000000140734484475
Q109491621	6000000209788788849
Q109491625	6000000086480722904
Q109492054	6000000178751899829
Q109492197	6000000210525632847
Q109492445	6000000008434598721
Q109492618	6000000007601454090
Q109492667	6000000049381877830
Q109492946	6000000021234517335
Q109492966	6000000130419109904
Q109493	6000000036827297821
Q109493183	6000000052630444046
Q10949351	6000000063344110063
Q109493513	6000000176824315911
Q109493521	6000000011242609259
Q109493600	6000000022772515760
Q109493603	6000000022649060986
Q109493605	6000000022648250074
Q109493798	6000000116753928871
Q109493929	6000000042913628805
Q109494533	6000000015816941638
Q109494534	6000000089237446958
Q109494581	6000000052590298955
Q109494674	6000000059518571030
Q109494810	6000000100863412989
Q109494826	6000000001503820751
Q109495619	6000000040272465724
Q109495951	6000000124528037875
Q10949596	6000000004996685059
Q109496315	6000000038196175214
Q109496325	6000000021240115014
Q109496332	6000000021238903801
Q109496789	6000000029617921966
Q109498008	6000000042862303758
Q109498094	6000000000321339367
Q109498100	6000000000320855505
Q109498105	6000000003940515281
Q109498145	6000000003940341886
Q109498147	6000000003940341868
Q109498258	6000000025157345126
Q109498266	6000000001929518788
Q109498423	6000000016037201361
Q109498433	6000000006968366669
Q109498442	6000000007513966368
Q109498443	6000000011725729163
Q109498535	6000000004237800262
Q109498710	6000000008300650385
Q109498771	6000000003076215161
Q109498784	6000000003221223732
Q109498946	6000000102855469833
Q109499064	6000000006968162552
Q109499065	6000000006971114824
Q109499074	6000000007747236421
Q109500965	6000000001749616238
Q109501	6000000080180036933
Q109501601	6000000006318612009
Q109501691	6000000006839263156
Q109502360	6000000040801996856
Q109502724	6000000069759957821
Q109502803	6000000028896792958
Q109505	6000000087450543842
Q10950604	6000000178214110827
Q109507405	6000000016399644664
Q109509349	6000000010706782591
Q109509456	6000000078778436849
Q109510	6000000015392109680
Q109510922	6000000007216982132
Q10951391	6000000028042129528
Q10951433	6000000075430363943
Q109515161	6000000177107797890
Q109515568	6000000015488790653
Q109516	6000000076843088873
Q1095161	6000000004315610593
Q1095164	6000000080347202187
Q1095172	6000000037132456851
Q1095177	6000000077063367949
Q1095182	6000000007849021914
Q109518229	6000000142479818316
Q109518432	6000000007533166315
Q1095190	6000000021546200742
Q1095196	6000000166440186122
Q109519926	5084529341530062805
Q109520229	6000000111266899836
Q109520333	6000000084758173010
Q109520345	6000000176006876825
Q109520370	6000000179448970831
Q1095208	6000000078210158016
Q109521308	6000000169827935853
Q1095216	6000000013101911090
Q109521748	6000000003105213043
Q109521901	6000000014206896962
Q109521903	6000000035915513222
Q109522	6000000035027000891
Q109522005	6000000028464410498
Q109523508	6000000030961690113
Q109523665	6000000030846961840
Q1095242	6000000178693592835
Q109525038	6000000006128269518
Q109525459	6000000006348586661
Q109525472	6000000000394064232
Q109525639	6000000003506702025
Q109525642	6000000156942390848
Q1095260	6000000088891786864
Q109526289	6000000031552353069
Q109526630	6000000034873143988
Q1095268	6000000006442326594
Q109528319	6000000077511834847
Q109529	6000000084954888020
Q1095307	6000000007453374431
Q109530795	6000000021752274412
Q109531968	6000000040123139377
Q109533002	6000000133904619901
Q109533358	6000000010687066803
Q109533359	6000000012250831874
Q109533459	6000000010041626959
Q109533476	6000000016321774556
Q109533557	6000000008669072674
Q109533558	6000000008889305219
Q109535262	6000000015664536228
Q109535265	6000000015664473227
Q109535266	6000000015664461242
Q109535267	6000000015664562093
Q109535268	6000000003937662403
Q109535297	6000000042489963223
Q109535298	6000000003937680536
Q109535370	6000000143189404153
Q109535746	6000000006260371098
Q109535748	6000000089516886255
Q109535749	6000000089516886174
Q109535754	6000000089516886234
Q1095358	6000000034243989054
Q109536111	6000000001069628709
Q109536127	6000000001069628666
Q109536141	6000000002814234296
Q109536154	6000000002814273157
Q109536163	6000000008100337366
Q109536164	6000000002814255853
Q109536165	6000000002931204767
Q109536166	6000000002957340287
Q109536283	6000000024401604565
Q109537158	6000000004180375329
Q1095376	6000000010752284767
Q109538565	6000000002227193724
Q109538900	6000000137136573156
Q109538942	6000000182385520826
Q1095392	6000000006588248749
Q109539243	6000000010866823526
Q1095394	6000000032977977177
Q109539582	6000000049357597846
Q109540	6000000011161926687
Q109540497	6000000180127646917
Q1095405	6000000000470707882
Q109540513	6000000035907798155
Q109540814	6000000006127836916
Q1095411	6000000015663573284
Q1095419	6000000043404361604
Q109541968	6000000182561379899
Q10954250	6000000038224475843
Q1095440	6000000051409591830
Q109544831	6000000118586463871
Q109545314	6000000005605618767
Q109545378	6000000021424088540
Q109545522	6000000007960787041
Q10954610	6000000143319108203
Q1095462	6000000017696648682
Q1095466	6000000032480981997
Q109547222	6000000008890350233
Q109547241	6000000009866609587
Q109547445	6000000007400441395
Q109547447	6000000007343428118
Q109547601	6000000165968084012
Q10955	6000000182709205861
Q109553	6000000029382917392
Q109553099	6000000041038089204
Q109554183	6000000021322674713
Q109554184	6000000010563928690
Q109554344	6000000015373816604
Q109554345	6000000003277890314
Q109554345	6000000161228915073
Q109554347	6000000003277890186
Q109554348	6000000003441212744
Q109554350	6000000003441595291
Q109554355	6000000002283962678
Q109554407	6000000003277890287
Q109554425	6000000008630362667
Q109554744	6000000128744180852
Q109554767	6000000128744269844
Q109554953	6000000111946763881
Q109555252	6000000027559465112
Q10955545	6000000075326219970
Q109556375	6000000034674522616
Q109557733	6000000008353392667
Q109557869	6000000048837562149
Q109557876	6000000048836862416
Q109557890	6000000024822549529
Q109558315	6000000140271184856
Q109558584	6000000180289394884
Q109558620	6000000007038076484
Q109558677	6000000008763522459
Q109558734	6000000009297429426
Q109558826	6000000007329781498
Q109559533	291967277470006839
Q109560191	6000000194509367822
Q10956050	6000000059365052073
Q109560847	6000000076333361099
Q109560927	6000000078631439903
Q109561008	6000000018232074477
Q109561224	6000000014929562853
Q109561389	6000000025053523542
Q10956179	6000000187844866837
Q109561887	6000000026091783821
Q109562229	6000000020446961548
Q109562911	1545799
Q109563163	6000000016603357114
Q109563300	6000000011944632107
Q109563656	6000000017237610879
Q1095639	6000000032319336439
Q10956430	6000000009959137653
Q109564820	6000000006603502637
Q109565719	6000000141974726840
Q109565856	6000000001915253598
Q1095666	325894914100005714
Q109566634	6000000014645877259
Q109567	6000000023726688193
Q109567039	6000000072234912311
Q109568054	6000000193503234832
Q109568247	6000000011372757455
Q109568307	6000000063437939939
Q109569026	6000000012957303015
Q109569292	6000000036036904264
Q109569292	6000000077768168004
Q109569309	6000000014678832466
Q109569429	6000000013205628736
Q109569572	6000000030451157378
Q109569748	6000000077767751438
Q109569785	6000000008105805793
Q109569989	6000000036037131980
Q109570	6000000041968206850
Q109570327	6000000037405450223
Q109570351	6000000218766888869
Q1095705	6000000017389273841
Q1095726	6000000065870064972
Q109574638	6000000083426026256
Q109575	6000000032125678680
Q109577129	6000000008779494186
Q109577256	6000000009181254377
Q109578277	6000000014853326745
Q109578281	6000000066594474172
Q109579	6000000086878437845
Q109580	6000000036946511918
Q109580583	6000000018182039734
Q109580733	6000000040136562978
Q109581041	6000000004168905453
Q109581431	6000000018172247366
Q109581436	6000000018172223227
Q109581762	6000000023487087893
Q1095818	6000000125164515451
Q109581808	6000000023486864874
Q109581852	6000000026294472008
Q109582023	6000000018166680786
Q109582460	6000000019950552630
Q109582463	6000000018166665853
Q109582848	6000000021425685642
Q109583371	6000000015521549061
Q109584358	6000000182484776993
Q1095862	6000000189346606853
Q109586457	6000000078773300473
Q1095866	6000000000739295290
Q109587310	6000000026681164064
Q109587344	6000000011216218047
Q109587539	6000000004192403275
Q109587586	6000000122772132986
Q109587855	6000000000526498255
Q109587966	6000000054365355899
Q109588087	6000000001665198453
Q109588174	6000000036207910306
Q1095887	6000000014884483499
Q109588934	6000000030784139587
Q109588936	6000000019928138689
Q109588965	6000000017719779171
Q109589143	6000000139898139895
Q109589229	6000000027449541916
Q109589267	6000000024294438949
Q109589825	6000000034993802017
Q109590296	6000000019226025019
Q1095906	6000000011541073189
Q109590674	6000000034519736278
Q109590674	6000000169688621156
Q109591262	6000000005903133095
Q109591346	6000000000690667868
Q109591347	6000000016519493220
Q109591482	6000000003507263043
Q109591892	6000000018843567869
Q109592047	6000000010521077366
Q109592276	6000000084709351159
Q109592638	6000000060256168199
Q109592891	6000000145232779907
Q109593001	6000000015683951071
Q109593384	6000000084421719889
Q109593410	6000000084421739966
Q109593822	324965765750002853
Q109594199	6000000121570123880
Q109596475	6000000002906961499
Q109596651	6000000107972253988
Q109597547	6000000082009273980
Q109598808	6000000000453292691
Q1096005	6000000008506994135
Q109604	6000000022318286168
Q109604285	6000000089860774352
Q109604504	6000000018911103901
Q109604686	6000000002134176831
Q109604773	6000000018911023902
Q109606	6000000023911529018
Q1096064	6000000177864173869
Q109606778	6000000027455647246
Q109610959	6000000001753013152
Q109612233	6000000001384608554
Q109612267	6000000021947301661
Q109612469	6000000020722644497
Q109613077	6000000020722640337
Q109614255	6000000168133496894
Q109614852	6000000042086924180
Q109614869	6000000020761653073
Q109614940	6000000042567006864
Q109615182	6000000090580435318
Q109615428	6000000073357181038
Q109615778	6000000125480277103
Q109615830	6000000009957664635
Q109615930	6000000027669409700
Q109616273	6000000055249415397
Q109616281	6000000024192633454
Q1096163	6000000184886878823
Q10961701	6000000000138848524
Q109619468	6000000012945295855
Q109619506	6000000181568398833
Q109620	6000000023924528167
Q1096211	6000000077408316812
Q109621904	6000000198068309842
Q109622981	6000000074984903135
Q109623235	6000000077973008887
Q109623623	6000000027004161787
Q109626230	6000000022263273055
Q109626888	6000000171887789960
Q109627314	6000000171887699984
Q109627495	6000000008391433249
Q109628461	6000000025570100625
Q109628726	6000000012559386955
Q109628753	6000000152515084821
Q109629190	6000000103324124222
Q109629383	6000000010628494201
Q109630116	6000000029689203395
Q1096312	6000000041170461821
Q109631741	6000000173408976138
Q109632080	6000000014832995269
Q109632407	6000000044252410940
Q109632831	6000000002228278394
Q109633306	6000000038336499175
Q109634317	6000000003496793501
Q109636646	6000000180308946867
Q1096371	6000000042016515505
Q109637812	6000000110562382947
Q109637859	4234849496430122338
Q10963820	6000000134789483836
Q1096383	6000000011499656353
Q109638904	6000000006311013001
Q109639538	6000000086896137831
Q109640	6000000024753275358
Q109640268	6000000015478923334
Q109640604	6000000039315593231
Q109641155	6000000015663645334
Q109641747	6000000015478724428
Q109644582	6000000000030188019
Q109644643	6000000022862816318
Q1096448	6000000017316387579
Q109644949	6000000026938482706
Q109646439	6000000013061868562
Q109646880	6000000071932852364
Q109647	6000000000082050149
Q109647209	6000000078411899858
Q109647492	6000000006127393879
Q1096480	6000000011467534500
Q109648082	5627137515370107293
Q1096483	6000000011169377551
Q10964844	6000000000164238231
Q109648458	6000000076897920875
Q109648460	6000000014518193696
Q109648649	6000000176655781821
Q109649001	6000000025223171288
Q109649104	6000000002525990693
Q109649140	6000000018031314214
Q109649176	6000000018030935829
Q109649191	6000000007426027255
Q109649322	6000000009458698426
Q109649783	6000000042884003140
Q1096500	6000000206506061896
Q109650212	6000000049787396858
Q1096503	6000000010055970387
Q109650784	6000000029685669567
Q1096508	6000000015637443953
Q109650846	6000000054680672158
Q1096509	6000000016258355142
Q109651010	6000000017443115552
Q109651071	6000000017443085501
Q1096511	6000000088021032865
Q109651120	6000000048635260506
Q109653042	6000000000113846908
Q109653343	6000000010763226205
Q109653424	6000000010782169305
Q109653687	6000000015226433820
Q109653697	6000000058818264865
Q109653699	6000000008630814237
Q109653700	6000000008630814209
Q109653709	6000000024100462900
Q10965406	6000000065056080906
Q109655438	6000000000467123073
Q1096555	6000000166032208864
Q109655665	6000000007673663509
Q10965609	6000000065602305025
Q10965661	6000000030083895128
Q109656746	6000000088168135923
Q109657666	6000000002802731982
Q109657725	6000000093423764033
Q109658490	6000000081844690230
Q109658680	6000000054817510945
Q109659500	6000000030053696776
Q10966064	6000000074733413866
Q109661043	6000000046561194019
Q1096611	6000000081870015124
Q109661751	6000000002724832488
Q10966201	5537875141950088874
Q109662280	6000000012697686620
Q109662342	6000000032131320807
Q109662623	6000000018979071498
Q1096627	6000000084021688944
Q109663016	6000000018978893857
Q109663350	6000000018978915544
Q109665121	6000000025863595115
Q109665281	6000000018022342071
Q109665339	6000000183549546825
Q10966739	6000000074792048906
Q109667607	6000000069503739157
Q10966813	6000000001504232595
Q109668242	6000000035597443991
Q109668332	6000000024448458681
Q109668752	6000000040822940016
Q10966919	6000000074728047926
Q109669471	6000000002385187446
Q109671624	6000000090891666905
Q109671871	6000000021554888728
Q10967193	6000000001198075556
Q109672490	6000000053005465836
Q109672561	6000000003217848317
Q109673489	6000000005242826886
Q109673494	6000000018165382057
Q1096738	6000000083734481076
Q109673930	6000000006788772350
Q109674000	6000000000426597393
Q109674025	6000000016509773373
Q109674036	6000000018668788289
Q109674078	6000000017963109795
Q109674112	6000000000696737364
Q109674429	6000000017963078637
Q109674530	6000000175541201953
Q109674575	6000000016820970251
Q109674628	6000000172593608138
Q109674771	6000000020319552347
Q109674806	6000000030831012053
Q109674806	6000000040827359603
Q109674832	6000000030742917152
Q109674881	6000000012900413136
Q109676	6000000002364306142
Q109676104	6000000039156379949
Q109676261	6000000180310736839
Q109676576	6000000180309751840
Q109676616	6000000180309347866
Q109677194	6000000009756820771
Q109677410	6000000010964770995
Q109677966	6000000026562474901
Q109678164	6000000029604652601
Q109678371	6000000180312980836
Q109678650	6000000017923481654
Q109679581	6000000171067421953
Q109679778	6000000021051211722
Q109680001	6000000021051270716
Q109680087	6000000017585288991
Q109680612	6000000004246429105
Q1096809	6000000038221181870
Q109681676	6000000021518762702
Q109684483	6000000013301926129
Q109684487	6000000225172986877
Q109684556	6000000008604215922
Q109684561	6000000041241015155
Q109684564	6000000041241173903
Q109684577	6000000013302053802
Q109684578	6000000009781897868
Q109684580	6000000102780727938
Q109684587	6000000013301568173
Q109684599	6000000013302091856
Q109685	6000000011770465755
Q1096852	6000000032709754830
Q109685483	6000000003849784545
Q109685485	6000000003850000883
Q109685487	6000000008592997941
Q109685488	6000000003850592500
Q1096855	6000000025108949829
Q109686126	6000000007418255488
Q109686128	6000000003937346778
Q109686129	6000000003075845699
Q109686138	6000000004993216846
Q109686139	6000000004993048130
Q109686140	6000000003077262083
Q109686555	6000000016427726613
Q109686574	6000000015356425629
Q109686584	6000000025631298582
Q109686589	6000000015761976917
Q109686591	6000000011026070930
Q109686593	6000000011026118626
Q109686595	6000000014807023937
Q109686740	6000000002542369329
Q109686770	6000000010040088112
Q109686874	6000000016233188050
Q109686877	6000000043925887040
Q109686880	6000000015521912905
Q109686882	6000000016232593798
Q109686894	6000000015350796619
Q109686948	6000000016112784290
Q109686949	6000000019304092303
Q109686951	6000000016968260221
Q109686969	6000000019304193345
Q109686973	6000000026740970702
Q109686978	6000000016112760084
Q109686980	6000000016112667943
Q109686981	6000000019855779354
Q109687	6000000030020971436
Q109687086	6000000019257141954
Q109687088	6000000007463652132
Q109687089	6000000019875781092
Q109687096	6000000013144818827
Q109687169	6000000015389144566
Q109687183	6000000015390453525
Q109687194	6000000002027023892
Q109687196	6000000007337926717
Q109687199	6000000020152680488
Q109687201	6000000014745520039
Q109687204	6000000180553546821
Q109687206	6000000015390584545
Q109687208	6000000013791892746
Q109687214	6000000015777212056
Q109687221	6000000010826972248
Q109687225	6000000013331158431
Q109687248	6000000015356363378
Q109687270	6000000017018289357
Q10968730	6000000009653068146
Q109687309	6000000001316248044
Q109687312	6000000001316248015
Q109687560	6000000161228914942
Q109687562	6000000161228915021
Q109687580	6000000029763764897
Q109687582	6000000029743724225
Q109687583	6000000003636799515
Q109687584	6000000003277890211
Q109687673	6000000044980964895
Q109687986	6000000007103736299
Q109687990	6000000006969957066
Q109687993	6000000011769638909
Q109687993	6000000201845052833
Q109688144	6000000003076121870
Q109688174	6000000002629388530
Q109688183	6000000002625493952
Q10968821	6000000009511006222
Q109688277	6000000048281228946
Q109688384	6000000006421594140
Q109688390	6000000019672451186
Q109688393	6000000007316522341
Q109688397	6000000007316658234
Q109688401	6000000003429752888
Q109688406	6000000003441296686
Q109688631	6000000048383627028
Q109688632	6000000001316344788
Q109688633	350289997790001960
Q109688636	6000000006441386513
Q109688702	6000000001190530076
Q109688732	6000000001865249046
Q109688736	6000000001975537368
Q109688787	6000000001190513440
Q109688788	6000000000319733486
Q109688789	6000000004310447146
Q109688790	6000000009979660079
Q109688791	6000000001854642549
Q109688792	6000000000351000290
Q109688793	6000000002904787474
Q109688796	6000000004244183149
Q109688817	374373276410012964
Q109688818	6000000006127303062
Q109688819	6000000000426556650
Q109688820	6000000002932557155
Q1096908	6000000079236553488
Q109691125	6000000143757791035
Q109691965	6000000026633450535
Q109692239	6000000024303433983
Q109692344	6000000001035670991
Q1096925	6000000020954112594
Q109693988	6000000017403389662
Q109694719	6000000017080975697
Q1096959	6000000199809852900
Q1096967	6000000037889319876
Q10969993	5399880357850082546
Q109700434	6000000073296146880
Q109700634	6000000003938488858
Q109702	6000000124973650869
Q10970213	6000000003512008271
Q109703437	6000000008999705386
Q109705481	6000000022591401874
Q10970947	6000000029718917496
Q109709538	6000000018922194847
Q109710197	6000000058363527298
Q10971129	6000000003095113117
Q1097113	6000000063296372833
Q109712580	6000000056666104898
Q109713081	6000000077640577389
Q109713398	6000000032090847067
Q109713681	4774878
Q109713735	6000000006589256511
Q109714115	6000000005040212578
Q109715081	6000000087056799822
Q109715103	6000000059478725215
Q10971514	6000000009064241574
Q10971602	6000000035172479508
Q109716313	6000000039715447215
Q109716488	6000000003940397010
Q109717320	6000000018037278048
Q109717698	6000000022011590509
Q109719152	6000000037192836205
Q10971962	6000000003081674330
Q109721	6000000041967967809
Q109723055	6000000003261732361
Q1097242	6000000129547339901
Q109725007	6000000014189914653
Q109725768	6000000004689909875
Q109725840	6000000029620385276
Q10972632	6000000032684800459
Q1097265	6000000006797646030
Q1097269	6000000017843537645
Q109727250	6000000017262640930
Q109727763	6000000017335284608
Q109728	6000000038769921837
Q109728570	6000000002802731971
Q109728726	6000000007014376451
Q109728898	6000000073061857164
Q109729548	6000000021199677298
Q109729644	6000000057748739880
Q10973016	6000000001129259580
Q109731819	6000000018250795144
Q109732440	6000000028825984348
Q109732654	6000000144743698890
Q109733448	6000000001915901217
Q109733463	6000000001915901231
Q109733466	6000000001915901354
Q109733467	6000000001916038686
Q109733469	6000000000602527732
Q109733471	6000000001916063736
Q109733503	6000000012548010267
Q109733504	6000000012547443474
Q109733505	6000000000484935292
Q109733545	6000000026054326849
Q109733546	6000000026053889288
Q109733547	6000000006988996388
Q109733548	6000000009969651529
Q109733549	6000000005052685767
Q109733562	6000000008200443628
Q109733622	6000000003942975363
Q109733623	6000000006110855829
Q109733625	346192104540011901
Q109733626	6000000004056756968
Q109733631	6000000013547458765
Q109733709	6000000015530498100
Q109733710	6000000008260597292
Q109733711	6000000002447381748
Q109733713	6000000015530367430
Q109734988	6000000011633850927
Q1097356	6000000110781700838
Q109735674	6000000017597800848
Q109735775	311700575730006450
Q109737	6000000068739969033
Q109741411	6000000180222122843
Q109743040	6000000015072213141
Q109743269	6000000033477871886
Q109743517	6000000003139265009
Q109743601	6000000007215682636
Q109743816	6000000008594252071
Q109744211	6000000051135229907
Q109744306	6000000008594308570
Q1097444	6000000166933322822
Q109744436	6000000009763598468
Q109744447	6000000017307315563
Q109744759	6000000066479445997
Q109744788	6000000025720732061
Q109745	6000000020906788260
Q109745076	314150074700006011
Q109745077	6000000026016336220
Q109745106	6000000222744760901
Q109746470	6000000026382925312
Q109747475	6000000008369039203
Q109747518	6000000017927031167
Q109748	6000000042149701873
Q109748208	5410064495110138761
Q109748627	6000000042513060975
Q109748978	6000000173698280316
Q109750645	6000000008231329016
Q1097509	6000000024144362632
Q1097511	6000000066088757879
Q109752917	6000000032951724927
Q10975553	6000000008856068508
Q109756892	6000000147104214980
Q109757921	6000000038616436792
Q109758670	6000000176054098857
Q109758877	6000000000837087571
Q109759957	6000000008662027297
Q109760338	6000000181448342860
Q109760340	6000000003805389580
Q109760576	6000000168501177920
Q109761875	6000000192170684504
Q109762007	6000000192170684519
Q109762065	6000000192170684500
Q109762389	6000000055782110842
Q109762461	6000000055781958916
Q109762901	6000000151008571822
Q109762942	6000000022232156500
Q109767829	6000000022742638564
Q109768093	6000000055782106836
Q109768618	4844271794840054441
Q109768619	6000000005585925989
Q109768620	4844285754420034062
Q109768630	4844271814360034058
Q109768631	6000000008269738111
Q109768632	6000000004036652140
Q109768633	6000000000896556843
Q109768644	6000000004978477285
Q109768645	6000000000613953084
Q109768709	364727894920003422
Q109768710	6000000007250112231
Q109768881	6000000058331028911
Q109768887	6000000002963594029
Q109768890	6000000002962778950
Q109768892	6000000054927024917
Q109768893	6000000054927109351
Q109768895	6000000002291532046
Q109768897	6000000055920721889
Q109768899	6000000020370431044
Q10976890	6000000004545937216
Q109768901	6000000020370315535
Q109768904	375560594020011418
Q109768906	375023557360013917
Q109769057	6000000001727216895
Q109769059	6000000001727212696
Q109769062	6000000001727212626
Q109769064	6000000001727212635
Q109769066	6000000003617323838
Q109769386	6000000006348568457
Q109769387	6000000001353822249
Q109769388	6000000001043274117
Q109769389	6000000007418572313
Q109769507	6000000104125607880
Q109769610	6000000040287912704
Q109771218	6000000014266779253
Q109771548	6000000002666803292
Q109771549	6000000006410746378
Q109771550	5262980767900066922
Q109771551	6000000004066173272
Q109771552	6000000002305632287
Q109771553	6000000002796728122
Q109771597	6000000002407832616
Q109771599	6000000018114498307
Q109771817	6000000017191029637
Q109771818	6000000011071879787
Q109771829	6000000017191111101
Q109771830	6000000004593214569
Q109771843	6000000001749563589
Q109771845	6000000022112567690
Q109771846	6000000004979943948
Q109771872	6000000001749554116
Q109771873	6000000008279534636
Q109771874	6000000006419722900
Q109771876	6000000002801481073
Q109771878	6000000006419722907
Q109772051	6000000012684828408
Q109772053	6000000012684769648
Q109772054	6000000012684700901
Q109772055	6000000011367148223
Q109772081	6000000026682432496
Q109772143	6000000041879815276
Q109772147	6000000055587414921
Q109772148	6000000005048530225
Q109772241	6000000012545288276
Q109772556	6000000186469242854
Q109773292	6000000015677774072
Q109773415	6000000012945353237
Q109773430	6000000066713474950
Q109773512	6000000051444150027
Q109775798	6000000030871594423
Q109775981	6000000184436064836
Q109776	6000000043833929498
Q10977621	6000000069708796721
Q1097770	6000000073804394166
Q109777395	6000000018546789519
Q109780272	6000000003665279316
Q109780370	6000000025605022766
Q109780669	6000000020880497287
Q109780706	6000000010610192946
Q109780757	6000000045893363885
Q109780761	6000000133416792931
Q109780788	6000000030818285568
Q109780788	6000000039319948721
Q109783397	6000000023838363355
Q109783473	6000000013479388892
Q109783474	6000000003940567358
Q109783475	6000000003940567427
Q109783482	6000000001837194980
Q109783483	6000000002315796867
Q109783484	6000000002315690825
Q109783505	6000000011854662349
Q109783506	6000000005404210610
Q109783507	6000000010612347206
Q109783508	6000000011626557098
Q109783621	6000000007284164037
Q109783623	6000000003649626664
Q109783625	6000000001913438371
Q109783650	6000000001913443671
Q109784013	6000000064383328332
Q109784208	6000000001650063063
Q109784214	6000000007860659753
Q109784277	6000000001650103053
Q109784280	6000000008300643191
Q109784281	6000000008799922290
Q109784386	6000000008799842994
Q109784388	6000000006444366621
Q109784476	6000000001807329153
Q109784566	6000000091772187609
Q109784568	6000000007860830298
Q109784769	346474821970012260
Q109785055	6000000002963435664
Q109785059	6000000002963456288
Q109785061	6000000002963436408
Q109785064	6000000035242470025
Q109785067	6000000035212704828
Q109786041	6000000000133548800
Q109786185	6000000003811186054
Q109786187	6000000002288782217
Q109786190	6000000002288779980
Q109786193	6000000002288782162
Q109786988	6000000003858547143
Q109786989	6000000014408497484
Q109787007	6000000003858771769
Q109787009	6000000003858815259
Q109787011	6000000006441918808
Q109787079	6000000003858695017
Q109787081	6000000003858759144
Q109787238	6000000000190704835
Q109788207	6000000000284163447
Q109788210	6000000000284199910
Q109788213	6000000000795197648
Q109788709	6000000083548284029
Q109789021	6000000033684395623
Q109791749	6000000000524227158
Q109792	6000000024047799665
Q109792160	6000000014010343305
Q109792699	4087049629750010411
Q109792721	6000000003446686881
Q109793322	6000000012328291449
Q109793690	6000000022275157075
Q109793767	6000000069129382821
Q109793964	5228937799000033484
Q109794358	6000000003109839828
Q10979477	6000000011338619773
Q109795992	6000000001820030398
Q10979603	6000000010575772957
Q109796166	6000000030879162487
Q109796473	6000000015676617560
Q109796556	6000000015191144499
Q109796591	6000000015191797543
Q109796691	6000000033745430281
Q109796720	6000000078200839305
Q10979681	6000000033141982026
Q109797062	6000000007343566363
Q109802048	6000000002185595116
Q109802221	6000000004641981622
Q109802298	6000000007400362378
Q109802301	6000000046351558492
Q109802680	6000000051125469888
Q109805360	6000000185020677926
Q109805693	6000000180447336877
Q109805783	6000000185022914832
Q109806754	6000000010154589477
Q109806757	6000000010154596351
Q109806758	6000000000387356412
Q109806759	6000000054634583930
Q109806760	6000000003423790224
Q109806764	6000000110256840828
Q109806988	6000000001961251827
Q109807594	6000000018204617739
Q109807601	6000000019527872141
Q109807605	6000000021695343606
Q109807623	6000000019527837339
Q109807624	6000000018798089189
Q109807625	6000000019540897062
Q109807626	6000000194006543825
Q109807628	6000000019547246342
Q109807640	6000000016322876206
Q109807644	6000000046791441847
Q109807659	6000000025657020227
Q109807688	6000000015610875215
Q109807698	6000000021303425879
Q109807701	6000000023851156151
Q109807705	6000000023888867986
Q109807716	6000000017419641524
Q109807717	6000000017419548172
Q109807750	6000000085808548123
Q109807761	6000000031989880604
Q109807762	6000000046454612618
Q109807763	6000000046455291103
Q109807884	6000000051286783450
Q109807892	6000000018642072555
Q109808	6000000095488610986
Q109808414	6000000014592503724
Q109808415	6000000003141454105
Q109808416	6000000020327406165
Q109808417	6000000008539439157
Q109808422	6000000018192343937
Q109808542	6000000019541899215
Q109808564	6000000018764204253
Q109808629	6000000023911528945
Q1098092	6000000079569497010
Q109809425	6000000002804114016
Q109809428	6000000040964176385
Q109809432	6000000040964218403
Q109809435	6000000040963986774
Q109809437	6000000004020669493
Q109809559	6000000002121967638
Q109809565	6000000003075667256
Q109809570	6000000002367001061
Q109809574	6000000003939971244
Q109809575	6000000000770087161
Q109809824	1040764
Q109809827	5719182366190020374
Q109809839	5719193427760043648
Q109809841	1040765
Q109810069	6000000095679073909
Q109810525	6000000019646894793
Q109810660	6000000012823211944
Q109810693	6000000026784459120
Q109810695	6000000026982436306
Q109810732	6000000010955918017
Q109810745	6000000000908095862
Q109810747	6000000023908094956
Q109810748	6000000000908095785
Q109810749	6000000003031215002
Q10981088	6000000084191567888
Q109811079	6000000181761629837
Q109811306	6000000026727804975
Q109811563	6000000010973550185
Q109811668	6000000079067116135
Q109811705	6000000157487258597
Q109811901	6000000095868885677
Q109812389	6000000077622079172
Q109812502	6000000004177844938
Q1098169	6000000090964222880
Q109816920	6000000027000315155
Q109819454	6000000000345894294
Q1098210	6000000019345492456
Q10982101	6000000000137526260
Q10982111	6000000030831005076
Q109822	6000000153222719945
Q10982525	6000000006868621250
Q10982640	6000000079091303010
Q109829256	6000000012259241448
Q109829257	6000000008176568951
Q109829258	6000000000250152686
Q109829260	6000000012259518427
Q109829261	6000000078579045102
Q109829262	6000000006175775312
Q109829264	6000000009317049470
Q109829265	6000000000737293254
Q109829269	6000000006110662381
Q109829270	6000000006110662373
Q109829280	6000000009316703700
Q109829281	6000000008034489649
Q109829282	6000000000618779860
Q109829283	6000000000619060207
Q109829284	6000000008034741217
Q109829285	349028473160012637
Q109829291	6000000065985539008
Q109829509	6000000025096088730
Q109829537	6000000031951078897
Q109829592	6000000031951033920
Q109829603	6000000033127408727
Q109829617	6000000197662535828
Q109829673	3816014
Q109829712	6000000008630346230
Q109829776	6000000007336031237
Q109829777	6000000007335986337
Q109829779	6000000025050240462
Q109829825	6000000008666347519
Q109829923	6000000013180216076
Q109829953	6000000038681768105
Q109829984	6000000006119897116
Q109829988	6000000024323131703
Q109829993	6000000013353250246
Q109830000	6000000009485770112
Q109830014	6000000090829634180
Q109830053	6000000040117141067
Q109830056	6000000019274473640
Q109830058	6000000147183236835
Q109830067	6000000013329452570
Q109830072	4490779630000027158
Q10983008	6000000085419533930
Q109830111	6000000012580925672
Q109830156	6000000008766257389
Q109830178	6000000021807020736
Q109830204	6000000017212249844
Q109830309	6000000124670400849
Q109830372	6000000021461242321
Q109830515	6000000013947537085
Q109830520	6000000028869234099
Q109830599	6000000017235203089
Q109830612	6000000024478110108
Q109830725	6000000019184886116
Q109830850	6000000068026589902
Q109830892	6000000084845729241
Q109832447	6000000026451987452
Q109832529	6000000067580485834
Q109832549	6000000013204336574
Q109832571	6000000043428406904
Q109832642	6000000076770678517
Q109832771	6000000081766578513
Q109833087	6000000091984657866
Q109833144	6000000037793792634
Q109833335	6000000028314910898
Q109833585	6000000084123496859
Q109833765	6000000023295110375
Q109833768	6000000018821285744
Q109833774	6000000017745593595
Q109834324	6000000016246365767
Q109834326	6000000024971856896
Q109834327	6000000040028366174
Q109835	6000000016300139795
Q109835038	6000000023840121242
Q109835159	6000000008222917081
Q109835161	6000000008223314667
Q109835165	6000000011182410558
Q109835203	6000000002931791507
Q109835310	6000000005620170816
Q109835401	6000000008890349460
Q109835417	6000000008889776066
Q109835473	6000000006127732458
Q109835512	6000000005442236667
Q109835514	6000000008427573871
Q109835517	6000000011716243215
Q109835560	6000000006127783175
Q109835563	6000000004953381688
Q109835565	6000000002834870464
Q109835566	6000000003492068923
Q109835568	6000000017892671830
Q109835570	6000000003492068080
Q109835572	6000000010551550667
Q109835574	6000000002238234683
Q109835576	6000000002238419258
Q109835577	6000000004953381682
Q109835580	6000000003914005711
Q109835582	6000000004034033301
Q109835584	6000000017298014623
Q109835587	6000000003913986638
Q109835588	6000000003913949446
Q109835591	6000000003913947233
Q109835592	6000000004953381695
Q109835594	6000000005769103909
Q109835596	6000000003306250955
Q109835597	6000000005768917966
Q109835599	6000000002895118718
Q109835601	6000000010639209819
Q109835604	6000000008942326356
Q109835606	6000000004136097453
Q109835608	6000000002237948955
Q109835609	6000000004930965008
Q109835611	6000000002238247046
Q109835613	6000000016922672380
Q109835640	6000000007432318459
Q109835641	6000000008427116788
Q109835642	6000000007512818394
Q109835785	6000000000321819626
Q109835787	6000000012749277322
Q109835867	6000000006127817490
Q109835870	6000000009820221203
Q109835871	6000000004324288947
Q109835880	6000000006127817496
Q109835900	6000000011217551124
Q109835929	6000000008899900859
Q109835932	6000000007621521991
Q109835964	6000000003232180360
Q109835982	6000000007775134803
Q109835984	6000000007775413678
Q109835986	6000000011230083984
Q109835988	6000000003362906792
Q109835989	6000000001462361336
Q109835995	6000000004034893096
Q109835996	6000000003914311194
Q109835998	6000000003353178311
Q109836000	6000000004034834526
Q109836001	6000000009627864336
Q109836003	6000000009627818097
Q109836009	297158898910006413
Q109836700	6000000038142297995
Q109837542	6000000020943320425
Q109838636	6000000004229075846
Q1098389	6000000054625408878
Q1098404	6000000007357163324
Q1098410	6000000043749299992
Q10984187	6000000091231767005
Q1098420	6000000007287138449
Q109842594	6000000008552495232
Q109844	6000000020736978443
Q109844086	6000000021662134961
Q10984430	6000000074792086860
Q109848775	6000000173383057939
Q1098513	6000000029335798514
Q109852807	6000000008015091085
Q109852808	6000000008015311511
Q109852809	6000000008015635342
Q109852810	6000000002012410890
Q109852811	6000000008015285395
Q109852812	6000000000557019775
Q109852823	6000000006319289005
Q109852898	6000000017388527758
Q1098529	6000000150962367853
Q109852901	6000000032372386122
Q109852971	6000000007283421231
Q109853098	6000000208973591823
Q109853209	6000000021790725163
Q109853297	6000000018758535589
Q109853448	6000000003940284745
Q109853471	6000000014734637446
Q109853616	6000000193680327833
Q109853619	6000000012943842421
Q109853651	6000000010655561112
Q109853669	6000000012886312346
Q109853683	6000000195434682886
Q109853798	6000000034417927109
Q109853902	387810122790007374
Q109853953	6000000111035138070
Q109854012	6000000052422241940
Q109854034	6000000015988514126
Q109854038	6000000012305894040
Q109854160	6000000040783301215
Q109854171	6000000024528238930
Q10985421	6000000038111466877
Q109854238	6000000000251823422
Q109854262	6000000014301586199
Q109854386	350763688800007462
Q109854557	6000000038070535110
Q109854773	6000000000555547075
Q109854773	6000000015115498411
Q109854910	6000000001298641516
Q109854941	6000000039673207939
Q109854984	6000000169312473282
Q109855041	6000000016128787141
Q109855106	6000000000354734432
Q109855234	6000000029958194416
Q109855245	6000000001865988680
Q109855335	6000000109251752874
Q109855434	6000000120373554987
Q109855469	6000000026048413436
Q109855478	6000000043104986643
Q109855514	6000000181735663837
Q109855520	6000000142092728840
Q109855531	6000000032457388302
Q109855543	6000000065900208018
Q109855584	6000000013775215063
Q109855664	6000000013112735655
Q109855709	6000000077075748547
Q109855720	367230955910013581
Q109856013	6000000092562225099
Q109856238	6000000080184395160
Q109856266	6000000080760176935
Q109856327	6000000002137225318
Q109856390	6000000003344057086
Q109856407	6000000006606137969
Q109856583	6000000197410249948
Q109856690	6000000106171961984
Q109856925	6000000173360843203
Q109856930	6000000003105206236
Q109856959	6000000098222091057
Q109857014	342983633290012275
Q109857068	6000000000538229206
Q109857102	6000000013385787277
Q109857105	6000000018867967397
Q109857152	6000000002641595056
Q109857154	6000000004869435793
Q109857187	6000000034414329263
Q109857249	6000000002908934193
Q109857263	6000000114997468301
Q109857268	6000000018251340614
Q109857327	6000000003938525679
Q109857356	6000000013294621033
Q109857417	315085855080006421
Q109858069	6000000000185829135
Q109858070	6000000009287892496
Q109858412	6000000058868236214
Q109858549	6000000003422170376
Q109858580	4757471012580030699
Q109858644	6000000001959359259
Q109858645	314567743060003104
Q10985866	6000000041272079610
Q109858683	6000000034557151643
Q109858693	6000000002870709287
Q109858773	6000000017094001788
Q109859	6000000022642485762
Q109859213	6000000181735708823
Q109859223	6000000018779487007
Q109859238	6000000039063876078
Q109859266	6000000023497157649
Q109859279	6000000002587904073
Q109859305	6000000011188295499
Q109859375	6000000034175730190
Q109859504	3662471
Q109859516	6000000003017394884
Q109859576	6000000011371379221
Q109859609	6000000030227804652
Q109859842	6000000028109872845
Q109859900	6000000033887489747
Q109860240	6000000053406485938
Q109861076	6000000024194184855
Q109861545	6000000019949247269
Q109861818	6000000019993126326
Q109861825	6000000020972506978
Q109864152	6000000021702412529
Q1098646	6000000183465776821
Q109868222	6000000010894070492
Q109868345	6000000010891695204
Q109868363	6000000024278743087
Q109869339	6000000019935022462
Q109870321	6000000017992707290
Q1098713	6000000009876484091
Q109872046	6000000002537605547
Q109872115	6000000002537737136
Q1098725	6000000000390538545
Q109876144	6000000014747359489
Q1098765	6000000039373874663
Q109876799	6000000030605669950
Q109877116	6000000175391590853
Q109877376	6000000023057857828
Q109877382	6000000172534348056
Q109877434	6000000066969000891
Q109877642	6000000041387514942
Q109877653	6000000037861349218
Q109877656	6000000010041887270
Q109877683	6000000037700587547
Q109877740	6000000186282905391
Q1098803	6000000093711982070
Q109883	6000000047123145266
Q109884113	6000000030637199494
Q109884419	6000000027168302225
Q109884439	6000000002073491987
Q109884452	6000000014784237974
Q109885942	6000000017950190584
Q109886286	6000000131542892168
Q109886724	6000000187541273834
Q109887085	6000000003035116261
Q109887086	6000000109751486942
Q109887525	6000000133982879168
Q109887894	6000000006127346657
Q109887997	6000000101501778821
Q109888103	6000000101500158851
Q1098886	6000000171965043245
Q1098889	6000000000142507049
Q1098901	6000000030448913909
Q1098903	6000000016020838485
Q109893489	6000000016494577494
Q109896977	6000000001563189633
Q1099003	6000000058705231914
Q109905292	4549763
Q109906384	6000000191133687844
Q109906386	6000000085554821916
Q109906469	6000000022425498572
Q10990704	6000000016312850788
Q109907773	6000000223273659066
Q1099081	6000000006712180637
Q109908450	6000000080090367204
Q109908777	6000000040714759995
Q109909394	6000000016023269437
Q109909395	6000000016023178413
Q109909397	6000000016023279957
Q109909398	6000000011410228765
Q109909399	6000000006907028554
Q109909410	6000000003939073671
Q109909417	6000000006673318001
Q109909479	6000000003811067310
Q109909485	6000000002931170300
Q109909909	6000000003938315619
Q109909913	6000000024500159085
Q109909917	6000000006907059363
Q109909924	6000000006907047031
Q109909928	6000000001723017095
Q109909996	6000000024499901309
Q109910000	6000000003031387637
Q10991050	6000000008529438853
Q109911	6000000013212905733
Q109911890	6000000002802128160
Q1099121	6000000148034282889
Q1099129	6000000081777509972
Q109913	4706389
Q109913011	6000000030184326207
Q109914259	6000000011261062506
Q109914277	5338606758530085864
Q109914386	6000000068582591821
Q109914651	6000000035088041287
Q109914777	6000000031142909194
Q1099149	6000000022511475502
Q109915061	6000000013136419092
Q109915081	6000000013136511275
Q109915375	6000000006347186819
Q1099161	6000000139312968935
Q109916105	6000000006347159656
Q109916331	6000000009084354339
Q109916477	6000000017617492291
Q1099167	6000000021805314274
Q109916768	6000000053081319863
Q1099181	6000000013247758253
Q109918649	6000000006613832001
Q109918654	6000000006602274946
Q109918717	6000000006836590773
Q109918819	6000000041958391095
Q109919044	6000000190799961856
Q109919051	6000000017261473036
Q109920222	6000000017159636313
Q1099210	6000000181921329824
Q109921099	6000000035391066073
Q109921571	6000000178199325836
Q109923228	6000000040023825909
Q109923368	6000000006201307260
Q109923416	6000000006201437245
Q109923723	6000000137159696839
Q109923863	6000000137157808872
Q109924	6000000016425132951
Q109924465	6000000011425355195
Q109924587	6000000018386791039
Q109925158	6000000024789604081
Q109925339	6000000027462289573
Q1099254	6000000056165310864
Q109925432	6000000039564537952
Q1099261	6000000006109750641
Q1099275	6000000014039721119
Q109928827	6000000000788657176
Q109928855	6000000012549974404
Q109928900	6000000015354227490
Q109929118	6000000012620822741
Q109929124	6000000077061688789
Q1099296	6000000158995131822
Q109929641	6000000080074699068
Q109930131	6000000011645176020
Q109930315	6000000011589131857
Q109930689	6000000019023706115
Q10993069	6000000024680059954
Q109930752	6000000026450825417
Q109930831	6000000024144309289
Q109931046	6000000021089217455
Q109931353	6000000036737539102
Q1099318	6000000030311574894
Q109931862	6000000011893323617
Q109932793	6000000023077826718
Q109933106	6000000014959064530
Q109933146	6000000015150199985
Q109933750	6000000025309013890
Q109934227	6000000002860807287
Q109934267	342658665920011053
Q109934608	6000000009054314562
Q109934632	6000000019595162875
Q109935607	6000000167359596917
Q109936954	6000000017198347886
Q109937040	6000000028856371296
Q109937050	6000000017629470737
Q109937084	6000000026587950906
Q1099371	6000000076817946569
Q109937456	6000000172012818416
Q1099375	6000000011358002266
Q10993798	6000000183734125843
Q109938085	6000000016925147652
Q1099385	6000000052186644972
Q109938580	6000000013688761824
Q109939142	6000000004095866972
Q109939389	6000000084199253954
Q109939425	6000000003188381467
Q109939561	6000000078590495090
Q109939792	6000000022545546872
Q10994	6000000182711564823
Q109940422	6000000116773371840
Q109941183	6000000000613565837
Q109941219	6000000001410783939
Q109941244	6000000002504435228
Q109941823	6000000014191852718
Q109941823	6000000018647674288
Q109941890	6000000184000186884
Q109941921	6000000030204516051
Q109941924	6000000030204443477
Q109941927	6000000030204528115
Q109942018	6000000014695273253
Q109942711	6000000000047166315
Q1099430	6000000014728501644
Q109943335	6000000116866311997
Q109943727	6000000019662873108
Q109944180	6000000019662476382
Q1099445	6000000010955599138
Q109945299	6000000019662250631
Q109945781	6000000105096562825
Q109947	6000000021356902396
Q109947791	6000000019662920011
Q109947856	6000000019898175574
Q109949134	6000000145513239986
Q109950510	6000000019662446614
Q109952138	6000000039678620942
Q109952138	6000000184911669823
Q109952202	6000000011746244212
Q109952976	6000000004400609437
Q109953287	4067561690710123773
Q109953755	6000000029571780478
Q109954119	6000000012819521539
Q109954709	6000000003253547049
Q109955753	6000000026352861594
Q109956154	6000000019693940460
Q1099565	6000000116238854826
Q1099606	6000000009850960063
Q109961	6000000039945389100
Q10996214	6000000024731712444
Q10996461	6000000014278684207
Q1099680	6000000156802233866
Q109968281	6000000110999924839
Q109968399	6000000176709804847
Q109969052	6000000036941290760
Q109969565	6000000019913058091
Q109970	6000000051514717979
Q10997036	6000000009375563272
Q109970809	6000000001235612590
Q10997197	6000000017885221322
Q10997201	6000000017778096059
Q109972884	6000000123903536860
Q109973085	6000000021505488253
Q109973741	5315543993820024975
Q1099754	6000000082846218988
Q1099774	6000000046965180968
Q109977659	6000000041409666121
Q109977717	6000000038067515805
Q109977722	6000000038068570957
Q109977740	6000000022819555284
Q109977740	6000000059092023959
Q109977827	6000000012516196845
Q109978051	6000000012516644438
Q109978238	6000000007403762774
Q109978817	6000000002057899934
Q109979636	6000000002057975289
Q109980476	6000000211415810827
Q109981286	6000000178674418821
Q109981338	6000000018079100222
Q109983655	6000000025206785281
Q109984000	6000000026629534325
Q109984161	6000000002788652831
Q109984165	6000000032389347806
Q109984197	6000000032390248972
Q109984281	6000000033225485958
Q109984422	6000000013193032274
Q109984540	6000000017285608317
Q109984572	6000000091678432865
Q109984646	5619721044860050985
Q10998476	6000000184806174826
Q1099848	6000000032762820908
Q109985740	6000000110611393828
Q1099875	6000000039674605379
Q109988280	6000000056369786954
Q109988346	6000000017712018750
Q1099884	6000000016475861196
Q1099890	6000000019153992825
Q109989015	6000000019662378642
Q109989023	6000000185944318915
Q1099891	6000000016573288055
Q1099895	6000000049264585021
Q1099898	6000000011383414678
Q1099902	6000000014130466091
Q1099907	6000000002765848076
Q109990708	6000000082486485332
Q1099909	6000000024378611862
Q109991	6000000180403346864
Q109991065	6000000026953609409
Q1099928	6000000063200676876
Q109992890	6000000017746811851
Q109993	6000000024304215973
Q1099933	6000000056055885217
Q109993459	6000000024773635000
Q109993460	6000000024773315400
Q1099935	6000000038954215983
Q109996587	6000000028439734450
Q109996842	6000000006588954376
Q109997632	6000000023926978109
Q109997930	6000000033688242975
Q109997933	6000000109152320893
Q109997934	6000000021806461721
Q109997994	6000000029595765012
Q109998014	6000000021806417816
Q109998016	6000000076218224111
Q109998020	6000000002870165869
Q109998034	6000000003941450152
Q109998103	6000000002860715169
Q109998194	6000000003807032167
Q109998215	6000000003938203237
Q109998222	6000000003938203174
Q109998277	6000000004558473034
Q109998290	6000000003938203202
Q109998292	6000000008640841615
Q109998306	6000000003938203209
Q109998309	6000000000484356699
Q109998356	6000000003266492292
Q109998397	374312178920012240
Q109999501	6000000036235700406
Q1100030	6000000030931698599
Q110003684	6000000022462442747
Q110004821	6000000010592369137
Q110008533	6000000003077377554
Q110008619	6000000006348548721
Q110008797	6000000000953568622
Q110010082	6000000019464153031
Q1100104	6000000028065642088
Q110010451	6000000034689262261
Q1100107	6000000030087737672
Q11001181	6000000011052875743
Q110013563	6000000000847264098
Q1100139	6000000016332343765
Q110014099	6000000011839137558
Q110014178	6000000132561609025
Q110014964	6000000074764074051
Q110015851	6000000014473904503
Q110015970	6000000185023149881
Q110017396	6000000040784222673
Q1100178	6000000001504901637
Q110017817	6000000057619856828
Q11001799	4447365887350026970
Q110018145	6000000175826923834
Q1100195	6000000004097564321
Q11002008	6000000052051449907
Q110021991	6000000058985700000
Q110022058	4598360092730014273
Q110022094	6000000189870624879
Q110022113	6000000003772757868
Q110022408	6000000051825590874
Q1100254	6000000047197965067
Q1100270	6000000032130087043
Q110030252	6000000031412253301
Q110031195	6000000061264802466
Q110033673	6000000006128024041
Q1100339	6000000196086512822
Q110034613	6000000041432478374
Q110034626	6000000023212219848
Q1100363	6000000015652265039
Q110037732	6000000185023043898
Q110038108	6000000002908986893
Q110038133	6000000025724035228
Q110038151	6000000031684937777
Q110038340	6000000030216847090
Q110038611	6000000030217310296
Q110038792	6000000112604543945
Q110038851	6000000082428151886
Q110038874	6000000082428442836
Q110038875	6000000082428476860
Q110038876	6000000001722405302
Q110038877	6000000082428215966
Q110038878	6000000007979649399
Q110038879	6000000004382506263
Q110038884	6000000016549862757
Q110038910	6000000020504394845
Q110038914	6000000001921245841
Q110038924	6000000012943039707
Q110039534	6000000001384715887
Q110039537	6000000001069551334
Q110039541	6000000003607939858
Q110039546	6000000001384058670
Q110039548	6000000001383844690
Q110039867	6000000017200381643
Q110040	6000000059994338105
Q110040096	6000000013310033183
Q110040129	6000000036469309192
Q110040379	6000000039298361979
Q110040701	6000000059826002462
Q110040930	6000000036741031153
Q110041115	6000000024962397668
Q110041125	6000000020721510284
Q110041200	6000000086721193230
Q110041831	6000000018373301408
Q110042482	6000000169362694963
Q110042843	6000000038766891567
Q1100436	6000000004145855948
Q110043772	6000000012629407959
Q11004379	6000000176158401858
Q110043821	6000000013407744350
Q110043857	6000000071769941987
Q110044382	6000000017879327168
Q110045826	6000000053081242868
Q110048	6000000042649884979
Q11004998	6000000025469476796
Q1100506	6000000000701216197
Q110050787	6000000026238977959
Q110050854	6000000029182919028
Q110051805	6000000009744018047
Q110051914	6000000109506069214
Q110052	6000000004850476602
Q110052879	6000000198119060823
Q1100542	6000000019613177074
Q11005784	6000000001746818833
Q110058189	6000000187665627876
Q110060	6000000002359355917
Q11006010	6000000019194638666
Q1100609	6000000061089864850
Q110061303	6000000010374050561
Q110061360	6000000003571721287
Q110061373	6000000053308024237
Q110062970	6000000152586378822
Q110062974	6000000007337273584
Q110062975	6000000014083897668
Q110062976	6000000103507486845
Q110062979	6000000103507764821
Q110062981	6000000103504595849
Q110063056	6000000006711550938
Q110063087	6000000080808085859
Q110063092	6000000080769625871
Q110063102	6000000084677302131
Q110063141	6000000009371378799
Q110063146	6000000009371990642
Q110063149	6000000009371542015
Q110063157	6000000009372011727
Q110063207	6000000009372834281
Q110063208	6000000009371558707
Q110063216	6000000009374263449
Q110063217	6000000009371560631
Q110063220	6000000014274110222
Q1100633	6000000123956983981
Q110063776	6000000038675971969
Q110063865	6000000038676108871
Q110063992	6000000018725426316
Q110064768	6000000002803167508
Q110065018	6000000016641637292
Q11006683	6000000176705436977
Q110067652	6000000001866965533
Q110067782	6000000063425333822
Q110068081	6000000038101919890
Q110068122	6000000025865439249
Q1100687	6000000063640792831
Q110068830	6000000016115802494
Q1100690	6000000169744299940
Q110069863	6000000002764369154
Q110069951	6000000013218096906
Q110070625	6000000018914746843
Q110071	6000000029841454453
Q1100710	6000000044189168839
Q110071201	6000000030044762944
Q1100713	6000000008797335979
Q110071479	6000000004593214925
Q1100715	6000000009877899403
Q110072551	6000000003286859898
Q110072938	6000000018251993694
Q110073	6000000013865637369
Q110073135	6000000019719983876
Q110073454	6000000034227753412
Q1100740	6000000002217968895
Q110075988	4475091993820081968
Q110077189	6000000039497201988
Q110077353	6000000033584685957
Q110077858	6000000012931731236
Q110081229	6000000071690630102
Q110081406	6000000013640264604
Q110081577	6000000094319457833
Q110081762	6000000024893596933
Q110081802	6000000013994497257
Q110081831	6000000024159309343
Q110081849	6000000002562495670
Q110081899	6000000017629208372
Q110082695	6000000023773915739
Q110082762	6000000035182885885
Q110082763	6000000018603652603
Q110082771	6000000018128075369
Q110082792	6000000024762425026
Q110082798	6000000036621045153
Q110082803	6000000017196709216
Q110082805	6000000019682530818
Q110082827	6000000013898819709
Q110082830	6000000017718712513
Q110082834	6000000014995295339
Q110082849	6000000003595808765
Q110082888	6000000025087596881
Q110082915	6000000014993200833
Q110082924	6000000011714462365
Q110082953	6000000017731468513
Q110082969	6000000018989816501
Q110083010	6000000020486629256
Q110083015	6000000013734126063
Q110083045	6000000015281570869
Q110083047	6000000021049968086
Q110083071	6000000013642398698
Q110083082	6000000013755275340
Q110083092	6000000043132774408
Q110083174	6000000018670257530
Q110083187	6000000013894913583
Q110083208	6000000017711935699
Q110083253	6000000013431809970
Q110083261	6000000017364719409
Q110083288	6000000017234824378
Q110083298	6000000019091495109
Q1100833	6000000122240065922
Q110083388	6000000019625862189
Q110083441	6000000136297329964
Q110083446	6000000075140962838
Q110083543	6000000000157880542
Q110083550	6000000013822266423
Q110083569	6000000029384110964
Q110083724	6000000055961037977
Q110084184	6000000076445116985
Q110084946	6000000083094220367
Q110085	6000000064205198958
Q110085047	6000000019016459161
Q110085108	6000000083093649472
Q110086412	6000000025650795560
Q110086510	6000000030751639953
Q110086513	6000000013807897321
Q110086606	6000000024514742960
Q110086614	6000000024667125406
Q110086615	6000000027470184616
Q110086616	6000000126427918821
Q110086619	6000000027470136314
Q110086673	6000000046973489120
Q110086827	6000000021645968129
Q110086863	6000000003642045571
Q110086876	6000000088072909826
Q110087258	6000000015228737427
Q110088268	6000000028692563628
Q11008879	6000000009616178150
Q110088793	6000000024611234646
Q110089035	6000000002278198235
Q110089095	6000000015308219308
Q110089174	6000000042860762952
Q110089311	6000000001180353080
Q110089552	6000000185949154843
Q1100898	6000000003099027666
Q110090046	6000000128931463900
Q11009032	6000000025560889866
Q1100906	6000000007617090610
Q110091059	6000000008548813917
Q110091092	6000000008549567346
Q110093051	6000000021681934920
Q11009418	6000000006934841336
Q1100946	6000000001086434098
Q1100953	6000000083901781830
Q110095681	6000000001720786214
Q1100966	6000000007471403188
Q11009744	6000000056491018845
Q110097986	6000000002773720186
Q110098200	6000000184290034831
Q110098482	6000000006795825006
Q110098485	6000000001212962804
Q110098488	6000000000770414028
Q110098489	6000000000770414074
Q110098549	6000000169580754911
Q110098562	6000000001310555958
Q110098573	6000000169581061834
Q110098698	6000000008548493191
Q110098756	6000000008548551067
Q110098796	6000000020120165871
Q110098839	6000000020267842014
Q110098840	6000000020267650648
Q110098841	4388255639270033276
Q110098844	6000000003077049312
Q110098854	4388275704440025799
Q110098856	6000000000746616817
Q110098945	292043466470006864
Q1101002	6000000015215777560
Q110101643	6000000009190575865
Q110102898	6000000017895401748
Q110102902	6000000017895894121
Q110102911	6000000017895411710
Q110103024	5123386119080137763
Q110103026	6000000026778564481
Q110103029	6000000026797765032
Q110103175	6000000009445467636
Q110103342	6000000018433745512
Q1101036	6000000120905857823
Q110104	6000000003342803162
Q110105241	6000000013819047938
Q110105266	6000000013636940582
Q110105950	6000000016681630338
Q110106	6000000026366629467
Q110106057	6000000017255784111
Q110106062	6000000015997463882
Q110106068	6000000017897521260
Q110106071	6000000017897546085
Q110106075	6000000017897407296
Q110106116	6000000013654181616
Q110106648	6000000021012488895
Q110106702	6000000109882956822
Q110106955	6000000013236429394
Q110106958	6000000013236336774
Q110107754	6000000001085965232
Q110107897	6000000012027502926
Q110108187	6000000017001200449
Q110108192	6000000016754637275
Q110108368	6000000018700215139
Q110108371	6000000018080219621
Q110108743	6000000001841056105
Q1101089	6000000182164082836
Q110108990	6000000018787092930
Q110109	6000000002764856219
Q110109018	6000000016564967728
Q110109020	6000000017245265858
Q110109499	6000000055530729860
Q110109500	6000000055530835842
Q110109502	6000000055530729880
Q110109834	6000000013653791909
Q110110029	6000000013719807666
Q110110034	6000000013720274045
Q110110037	6000000013662077546
Q110110081	6000000018818686313
Q110110459	6000000176380443839
Q110111	6000000012953963120
Q110111764	6000000001818145460
Q110111789	6000000006176369214
Q110112021	6000000008840528766
Q110112334	6000000008840366054
Q110113	6000000174280076929
Q1101161	6000000015795811190
Q110118863	6000000013910445344
Q110119	6000000008546712959
Q11012118	6000000006429212134
Q110123573	5693839739530041017
Q110123754	6000000084519412160
Q110123791	6000000103440803853
Q110124134	6000000194943248833
Q110126038	6000000028007917105
Q110126577	6000000005573376894
Q110126711	6000000001384708875
Q110126740	6000000041613167680
Q110126742	6000000002305605447
Q110126744	6000000015843431909
Q110126745	6000000000817529339
Q110126764	6000000002930821809
Q110126795	6000000067951585906
Q110126796	6000000002908226321
Q110126798	6000000000491268004
Q110126804	6000000002908226396
Q110126821	6000000001384708810
Q110126822	6000000003938331719
Q110126823	6000000001069561182
Q110126824	6000000002994970016
Q110126826	6000000001069484774
Q110126828	6000000001383871243
Q110126838	6000000003938315844
Q110126840	6000000001384555915
Q110126856	6000000001384323388
Q110126857	6000000003937995795
Q110126907	6000000008177152846
Q110126908	6000000008174189577
Q110126909	6000000008261866441
Q110126910	6000000008188235251
Q110126911	6000000008188176706
Q110126912	6000000006598679735
Q110126913	6000000006598679913
Q110126944	6000000002330527234
Q1101272	6000000003912832176
Q11012808	6000000075508806876
Q1101305	6000000000355177651
Q11013171	6000000065093481876
Q1101328	6000000014878348091
Q110132814	6000000021759397979
Q1101332	6000000023486222846
Q110133669	6000000010038013344
Q110133674	6000000005415887709
Q110133904	6000000032607598541
Q110133907	6000000001959187656
Q110133910	6000000006437467805
Q110134027	6000000029635213894
Q110134037	6000000032607796749
Q110134051	6000000032607969977
Q110134053	6000000003368609148
Q110134056	6000000000640017026
Q110134058	6000000008308001777
Q110134060	6000000004237828473
Q1101341	6000000002930906142
Q110134203	6000000012696472804
Q110134209	6000000009935117282
Q110134244	6000000179304851834
Q110134395	6000000179805982845
Q110134413	6000000016128072023
Q110134491	6000000008796499694
Q110134500	6000000037996836498
Q110134513	6000000016463990144
Q1101353	6000000072410921993
Q110136	6000000008677082201
Q110136015	6000000007835762165
Q110136017	6000000080332417719
Q110136158	6000000002415489156
Q110136183	6000000000948541324
Q110136291	6000000154829829966
Q110136735	6000000079251958810
Q110136931	6000000007160759294
Q110137135	6000000017953879471
Q1101372	6000000035954542941
Q1101373	6000000006444784714
Q110137333	6000000007386401376
Q1101377	6000000108497122821
Q1101387	6000000009859212247
Q110139148	6000000080322248885
Q110139182	6000000000769960375
Q110139792	6000000008945585212
Q110140396	6000000001254746481
Q110140511	6000000096216715139
Q110140535	6000000000145675492
Q110140535	6000000000544305161
Q110140792	6000000024874095103
Q110142616	6000000076462266053
Q110143687	6000000021715901955
Q110143854	6000000174247140889
Q110144072	6000000005002583014
Q110146305	6000000019687750369
Q110146390	307076508450006477
Q110146412	307072230710008307
Q110146441	6000000006808077613
Q110146986	6000000021609587953
Q110148237	6000000012955959093
Q110148349	6000000012955959087
Q1101493	6000000025113215544
Q110149437	6000000184239473830
Q110150754	6000000019925434907
Q110150789	6000000006720368172
Q110150790	6000000015461595577
Q110150791	6000000038296324074
Q110150792	6000000038296429942
Q110150793	6000000052063486105
Q110150794	6000000000117913870
Q110150795	6000000002526920290
Q110150797	6000000003300516753
Q110150799	6000000005601045422
Q110150814	6000000024076356154
Q110150999	6000000024865973252
Q110151010	6000000021947904066
Q110151011	6000000024682955809
Q110151012	6000000024775108318
Q110151016	6000000024866165173
Q110151024	6000000034559913289
Q110151039	6000000047012408051
Q110151042	6000000031869417865
Q110151193	6000000016976877003
Q110151197	6000000010628526289
Q110151209	6000000010628396796
Q110151211	6000000010628404394
Q110151328	6000000064390963054
Q110151329	6000000030707484048
Q110151412	6000000009775304268
Q110151544	6000000008733295035
Q110151545	6000000020800451274
Q110151629	6000000024932325993
Q110151671	6000000008457153431
Q110151713	6000000077396974832
Q110151714	6000000026421730189
Q110151716	6000000100800643909
Q110151717	6000000083485818800
Q110151719	6000000026421794547
Q110151720	6000000129447751935
Q110151808	6000000047305582988
Q110151866	6000000032171199178
Q110151868	6000000030685990236
Q110151870	6000000030686139964
Q110151891	6000000045531478991
Q110151991	6000000015445717395
Q110151992	6000000014851735239
Q110152072	6000000019717089682
Q110152150	6000000082771969859
Q110152151	6000000100369437934
Q110152174	6000000047115272821
Q110152188	6000000047110802892
Q110152249	6000000016021103268
Q110152270	6000000059099159140
Q110152326	6000000013982570630
Q110152387	6000000008299083110
Q110152388	6000000019720174034
Q110152391	6000000019720447282
Q110152392	6000000033334548862
Q110152398	6000000026248044328
Q110152412	6000000003827940098
Q110152441	6000000001504281625
Q110152472	6000000002986036518
Q110152473	6000000003605180514
Q110152474	6000000011718033220
Q110152475	6000000011717487963
Q110152476	6000000008583003219
Q110152477	6000000008644634493
Q110152478	6000000067740161951
Q110152484	6000000003605135218
Q110152490	6000000067740503843
Q110152491	6000000063467117888
Q110152492	6000000006155165498
Q110152533	6000000040919540845
Q110152582	6000000016276277354
Q110152587	6000000010600393130
Q110152764	6000000017244164772
Q110152765	6000000046704158928
Q110152774	6000000046703877913
Q110152779	6000000046704018847
Q110152784	6000000022261658080
Q110153106	6000000024802562884
Q110153108	6000000065140988864
Q110153109	6000000047011762120
Q110153122	6000000034338856944
Q110153125	6000000030686619384
Q110153142	6000000038037528940
Q110153201	6000000016327793730
Q1101533	6000000007068968050
Q110153375	6000000014516830321
Q110153443	6000000015277417556
Q110153445	6000000015277579187
Q110153446	6000000015278605035
Q110153447	6000000000951125118
Q110153449	6000000105736014418
Q110153459	6000000015348034917
Q110153463	6000000041879365115
Q110153464	6000000041968541979
Q110153574	6000000020919699060
Q110153575	6000000011267810536
Q110153576	6000000011267929963
Q110153598	6000000003827618109
Q110153602	6000000015349787118
Q110153609	6000000006290795448
Q110153611	6000000006290310509
Q110153612	6000000006290562427
Q110153620	6000000006287523007
Q110153624	6000000006294195282
Q110153625	6000000006293895744
Q110153930	6000000003827674986
Q110153933	6000000003827755657
Q110153975	6000000015104488222
Q110153978	6000000015104361659
Q110154	6000000017700790301
Q110154094	6000000010628403403
Q110154138	6000000025594216360
Q110154233	6000000024289745922
Q110154234	6000000024289004238
Q110154350	6000000014024975884
Q110154368	6000000027450019765
Q110154401	6000000044385809971
Q110154433	6000000014330910538
Q110154435	6000000026244371657
Q110154517	6000000014844676754
Q110154522	6000000014025085931
Q110154527	6000000016242163159
Q110154532	6000000026248476037
Q110154555	6000000035795885589
Q110154557	6000000079076728256
Q110155147	6000000017408374396
Q110155784	6000000094240364857
Q110156034	6000000036090989628
Q110157431	6000000100369251921
Q1101578	6000000180884447898
Q110158163	6000000019378542660
Q110158248	6000000021504152467
Q110158583	6000000012759542218
Q110158956	6000000103213147927
Q110159656	6000000177185060888
Q1101597	6000000057962287904
Q110160305	6000000095723635919
Q110160311	6000000027913418106
Q110160316	6000000007289895314
Q110160322	6000000007294563281
Q110161	6000000087833151826
Q1101612	6000000006883684274
Q1101617	6000000145412598822
Q110162	6000000032294309847
Q1101622	6000000177336623862
Q110162716	5202666295980062190
Q110162781	6000000019887154094
Q110162973	6000000019566054576
Q110163244	6000000017245033920
Q110164011	6000000012832397278
Q1101643	6000000078679149128
Q110164819	6000000079551210881
Q11016747	6000000037728680186
Q110168	6000000001335735847
Q110168170	6000000009795882225
Q110168713	6000000026559351516
Q110168776	6000000003986193519
Q1101693	6000000120855442869
Q110173	6000000069241951879
Q110173761	6000000009573666961
Q11017385	6000000018080985037
Q110175004	6000000084279257865
Q110175514	6000000025439106468
Q110175610	6000000178611436845
Q110175744	6000000013385172601
Q110175744	6000000023283868821
Q110176226	6000000019497743733
Q110176241	6000000013219370122
Q110176443	6000000012032180840
Q110176487	6000000001765215362
Q110176498	6000000028454675096
Q110176507	6000000034026871191
Q110176528	6000000075571952838
Q110176755	6000000174405213652
Q110177210	6000000014272915850
Q110177419	6000000190458308981
Q110177531	6000000050098001929
Q11017754	6000000024760263135
Q110177830	6000000015091426936
Q110178394	6000000087293954090
Q110179152	6000000087301563822
Q110179694	6000000109751847864
Q110179756	6000000003034958414
Q110180061	6000000042112102273
Q1101802	6000000010030326284
Q1101804	6000000015138394521
Q110180945	6000000009821582301
Q110181	6000000017587695948
Q110181458	5399854317130025242
Q110181492	6000000003034845434
Q110181624	6000000070199085145
Q110181739	6000000029983849838
Q110182052	6000000002703103514
Q110182162	6000000002703171059
Q1101824	6000000141042933967
Q110182473	6000000200205081831
Q110182530	6000000003035140267
Q110183064	6000000015710413605
Q110183222	6000000003034788798
Q110183279	6000000013929716881
Q110183548	6000000028550320111
Q110183579	6000000016870982511
Q110183585	327105927120002864
Q110183772	6000000041312517237
Q110183783	6000000174430667979
Q110183889	6000000082848327666
Q1101841	6000000029552981628
Q110185059	6000000010452960865
Q110185286	6000000058565621874
Q110185306	6000000058565797821
Q110185356	6000000058565328957
Q110186170	6000000059048976342
Q110188151	324181819050007815
Q1101883	6000000015892198389
Q11018876	6000000154651018822
Q110189261	6000000028295846167
Q110189349	6000000167448101824
Q110191050	4989993310360062191
Q110191643	6000000096341897821
Q110191752	6000000011325916420
Q110193325	6000000037605495880
Q110193660	6000000182116383840
Q1101938	5669889664050060041
Q1101944	6000000052871113842
Q110197	6000000024044446041
Q11019710	6000000061244328455
Q110197530	6000000150175543905
Q1101985	6000000061914019831
Q110198775	6000000005022941594
Q11019884	6000000009744772236
Q110199	6000000002802782789
Q1101996	6000000128239172829
Q110204182	6000000164953448961
Q1102042	6000000004312405987
Q1102044	6000000145087121830
Q110205089	6000000178592433847
Q110205093	6000000041750199103
Q110205408	6000000032019506556
Q110205423	6000000009771209933
Q110206155	6000000154710866907
Q110207434	6000000180954226821
Q110207637	6000000167684080972
Q110207641	6000000167684080846
Q110207767	6000000142226571851
Q110207977	6000000018143517420
Q11020833	6000000178472632889
Q110208451	6000000082815367401
Q110208807	6000000004010151020
Q110209335	6000000035133303232
Q1102096	6000000156294756030
Q110209752	6000000020836190239
Q110209886	6000000006798113581
Q110210085	6000000019907879667
Q110210737	6000000056705075123
Q110211087	6000000008615122505
Q110211419	6000000003075671494
Q110211420	6000000028675480835
Q110211422	6000000012877651242
Q110211423	6000000003088094731
Q11021151	6000000087042125821
Q110211568	6000000020542195596
Q110211570	6000000011951459386
Q110212189	6000000014176790354
Q110212273	6000000006655164001
Q110212343	6000000026366292509
Q110212350	6000000006590115793
Q110212390	6000000030242209076
Q110212391	6000000002986676785
Q110212477	6000000000813883312
Q110212853	6000000041513870698
Q110213013	6000000009290399397
Q110213151	6000000069304661044
Q110213236	6000000011784742917
Q110213362	6000000077015094389
Q11021355	6000000061246038571
Q11021368	6000000080755418362
Q110213704	6000000024514768485
Q110214451	6000000014127338298
Q110214457	6000000010174509198
Q110214467	6000000033546357061
Q110214470	6000000017980156281
Q110214605	6000000124103462846
Q110215	6000000036845746872
Q110215186	6000000046951285843
Q110215309	6000000176045234834
Q110216301	6000000035504050226
Q110216302	6000000035522637008
Q110216305	6000000035522762856
Q110216307	6000000035522641950
Q110216309	6000000006253267137
Q110216311	6000000006253305676
Q110216316	6000000004577353373
Q110216319	6000000006253261965
Q110216321	6000000006253267133
Q110216322	6000000004275712395
Q110216323	6000000001385461547
Q110216325	6000000004994010102
Q110216326	6000000006440529577
Q110216333	6000000004275696256
Q110216335	6000000009772220645
Q110216336	6000000006440590225
Q110216339	6000000011331951026
Q110216608	6000000011313808276
Q110216969	6000000026353011140
Q110217	6000000026727348705
Q110218309	6000000010506639735
Q110218755	6000000021108334472
Q1102188	6000000174208869840
Q110219887	6000000035752392245
Q110220843	6000000007305293890
Q110221857	6000000027804861336
Q110222004	6000000008943401763
Q110222796	6000000020310879455
Q110223030	6000000170705776905
Q110223077	6000000024234876940
Q110223340	6000000021105343005
Q110223352	6000000022973220922
Q1102236	6000000111818452833
Q110223705	6000000173884790084
Q110223854	6000000001928972065
Q110223960	6000000015771419469
Q110223961	6000000017743083424
Q110223987	6000000012697971297
Q110223994	6000000020790242240
Q110224	6000000043178689342
Q110224168	6000000039517109365
Q110224189	6000000027661565967
Q110224200	6000000103676237432
Q110224221	6000000065103778874
Q110224343	6000000002659213846
Q110224434	6000000061913571914
Q110224436	6000000007287996720
Q110224520	6000000003986185803
Q110224524	6000000002043279412
Q110224594	6000000025928159561
Q1102247	6000000000309993210
Q110225026	6000000022999333467
Q1102252	6000000015344916508
Q110225255	6000000040449788326
Q110225296	6000000024316712860
Q1102255	6000000015332556464
Q110225970	6000000176489036001
Q110226273	6000000025610180668
Q110226484	6000000007193748333
Q110226832	6000000033742914075
Q110226877	6000000046048876967
Q110226878	6000000022941042917
Q110227151	6000000053878008892
Q110227323	6000000076249781939
Q110228	6000000014140017243
Q110229048	6000000006127131726
Q1102293	6000000002459871428
Q110229393	6000000017315795876
Q110231643	6000000007338927461
Q110232252	6000000006438126218
Q11023304	6000000004302879163
Q110233613	6000000008365613577
Q110233808	6000000002802889409
Q1102341	6000000020532527010
Q110234228	4871076269920089916
Q1102371	6000000044090102982
Q110237308	6000000000242666801
Q110237312	6000000003939144534
Q110237319	333545737460004574
Q110237324	6000000006441950650
Q110237330	6000000001324772160
Q1102374	6000000069565977830
Q110237417	6000000003938265274
Q110237445	6000000078000701119
Q110237446	6000000078000079523
Q110237449	6000000008342413829
Q110237452	6000000008342403494
Q110237463	6000000008342872272
Q110237464	6000000008492356815
Q110237483	6000000007384527633
Q1102376	6000000034645831606
Q1102384	6000000001432819227
Q11023994	6000000000756148031
Q110240195	6000000017452921049
Q110240249	6000000002175527651
Q110240800	6000000001562887585
Q110240801	6000000003490617090
Q110240802	6000000009657737345
Q110241019	6000000037013863615
Q110241022	6000000164774398821
Q110241027	6000000164767150821
Q110241033	6000000164754662094
Q110241036	6000000023290042036
Q110241040	6000000003939385638
Q110241232	6000000020530861920
Q110241237	5673542091730101689
Q110241271	6000000023155499937
Q110241276	6000000023155345989
Q110241278	5108506167770044670
Q110241331	6000000023154697461
Q110241332	6000000000426751614
Q110241333	6000000000426582540
Q110241334	6000000002908564726
Q110241339	4971415901290069104
Q11024236	6000000075430077845
Q1102425	6000000043065435410
Q110243439	6000000020168060558
Q110243618	6000000011583206855
Q110243697	6000000023434379034
Q110243706	6000000005441171179
Q110243856	6000000041967099475
Q110243903	6000000076692127945
Q110243965	6000000013375264653
Q110243987	6000000016764326323
Q110244238	6000000011183155151
Q1102443	6000000001486746156
Q1102450	6000000001811490202
Q1102458	6000000001811530276
Q110246198	6000000011028366123
Q110246902	6000000022814030792
Q110247106	6000000084551984682
Q110249207	6000000004047827898
Q110249399	6000000010463330465
Q110250769	6000000008940756425
Q1102516	6000000167057439824
Q110252102	6000000004539221631
Q110252172	6000000003745758073
Q110252173	6000000018182712080
Q110252305	6000000013300177056
Q110252796	6000000008810908995
Q110252936	6000000013309855817
Q110252981	6000000049611183859
Q110252987	6000000008812755306
Q110253032	6000000006128010983
Q110253193	6000000022889105547
Q1102536	6000000069497333928
Q110254221	6000000000080570533
Q110254222	6000000000080575805
Q110254223	6000000009107743984
Q110254225	6000000003681192317
Q110254227	6000000006100261057
Q11025468	6000000019562708060
Q1102561	6000000141009913835
Q110259435	6000000007173761315
Q110260008	6000000062873366822
Q110260135	6000000012642650987
Q110260557	6000000023893559404
Q110260604	6000000135620202282
Q110260634	6000000013968571556
Q110260636	6000000023760556375
Q110260637	6000000025675695094
Q110260646	6000000015549995787
Q110260647	6000000015549530868
Q110260721	6000000006727817593
Q110260858	6000000015353244542
Q110260862	6000000022318327295
Q110260901	6000000074312029928
Q110261592	6000000039490557208
Q110261611	6000000008612280086
Q110261638	6000000017394194383
Q110261641	6000000015550484909
Q110261656	6000000004097477427
Q110261716	6000000171915997485
Q110261743	6000000012964528905
Q110261746	6000000129421705849
Q110261748	6000000014264268041
Q110261822	6000000003828092643
Q110261855	6000000032592386082
Q110261898	6000000079806887012
Q110261911	6000000020319964237
Q110261916	6000000041714428765
Q110261931	6000000019218023178
Q110261942	6000000026011187974
Q110262112	6000000020350903765
Q110262156	6000000015496666353
Q110262157	6000000056330918019
Q110262172	6000000073543377827
Q110262222	6000000030833913968
Q110262283	6000000008650785959
Q11026230	6000000022623040840
Q110262324	6000000055807250905
Q110262325	6000000048734081854
Q110262335	6000000056368036827
Q110262347	6000000016049697872
Q110262368	6000000018569495415
Q110262370	6000000023913491718
Q110262371	6000000020485678673
Q110262386	6000000016027926369
Q110262389	6000000016027898738
Q110262676	6000000168885571933
Q1102640	6000000001299365728
Q110264327	6000000032144179058
Q110264619	6000000089885974144
Q110264802	6000000003352719184
Q110265565	6000000026055181727
Q110265748	6000000006768545448
Q110267068	6000000008332889551
Q1102671	5552287419290105241
Q11026725	6000000094511779822
Q110267631	6000000029761541137
Q110267633	6000000011198550309
Q110267634	6000000011205675511
Q110267635	6000000011206294001
Q110267637	6000000011198428487
Q110267638	6000000011198032959
Q110267640	6000000011206339828
Q110267831	6000000003660597236
Q110267844	6000000009246274658
Q110267850	6000000004086736684
Q110268221	6000000003660780359
Q110268270	6000000003660762269
Q110268381	6000000003660788438
Q110268915	6000000028222678157
Q110268944	6000000013426347625
Q110268945	6000000008592091981
Q110268946	6000000008051996467
Q110268965	6000000013312017695
Q110270302	6000000114021163839
Q110270390	6000000071914556733
Q11027102	6000000019556814667
Q110271750	6000000017629654430
Q110272066	6000000006849839522
Q110272690	4071133045070048131
Q110273222	6000000002499129670
Q1102733	6000000085075886309
Q110275989	6000000011593735739
Q110276033	6000000004058210084
Q110276074	6000000011593933604
Q110276145	6000000012524341765
Q110276157	6000000012524577484
Q110276179	6000000010897261546
Q1102764	6000000008569220798
Q110278052	6000000004694903168
Q110278367	6000000012422362143
Q110278368	6000000012421769529
Q110278369	6000000012421779600
Q110278371	6000000012421785593
Q110278372	6000000006846518137
Q110278372	6000000084408589833
Q110278422	6000000008707184900
Q110278571	6000000001240742217
Q110278572	6000000002950457490
Q110278573	6000000006441151496
Q110278575	6000000016383792626
Q110278580	6000000006441151431
Q110278581	6000000006770354444
Q110278584	6000000006770304472
Q110278589	6000000001240742067
Q110278590	6000000001344367130
Q110278602	6000000026213541914
Q110278674	6000000015915824936
Q110278675	6000000019827078140
Q110278695	6000000002889147448
Q110278697	6000000001531190780
Q110278736	6000000008652857956
Q110278739	6000000021689798798
Q110278741	6000000002908391170
Q110278779	6000000023159034608
Q110278780	6000000023159292060
Q110278781	6000000011812615522
Q110278976	6000000026627372209
Q110280071	6000000001937611330
Q110280126	6000000024032617275
Q110280408	6000000154594624844
Q110281146	6000000213298797832
Q110281672	6000000024293941874
Q110281761	6000000022262883689
Q110282020	6000000006127346315
Q110282526	6000000025015849517
Q110282600	361478747390013557
Q110282751	6000000019226373113
Q1102868	6000000059892619351
Q110286888	5053809271730041457
Q110286890	6000000000404673699
Q110287055	6000000006127441342
Q110287116	6000000207196073828
Q110288371	6000000024976514852
Q110288533	4913460680100135856
Q110289471	6000000072803431154
Q110289737	6000000072803782859
Q110289851	6000000006127291139
Q110290074	6000000026450827230
Q110290082	6000000036971494365
Q110290086	6000000023526124601
Q110290088	6000000023525798766
Q110290631	6000000088136367459
Q110291041	6000000001642157061
Q110291045	6000000020458551955
Q110291045	6000000098545758825
Q110291065	367260441590012498
Q110291217	6000000119913250832
Q110291246	6000000012569707827
Q110291259	6000000012524131325
Q110291267	367260849530012453
Q110291268	6000000025988346179
Q110291354	6000000000549378925
Q110291355	6000000000342841126
Q110291356	6000000000343001696
Q110291357	6000000000343093514
Q110292284	6000000031988191554
Q110292763	6000000007803210574
Q110292781	6000000000404661944
Q110292875	6000000006321433111
Q110293080	6000000046565175905
Q110293321	6000000194814697826
Q110294631	6000000000443837389
Q11029470	74369
Q110295072	6000000030708200092
Q110295097	6000000023235530861
Q110296	6000000040546848011
Q110299766	6000000011358664973
Q110300128	6000000091868403823
Q110300714	6000000017200999464
Q110301847	6000000003997949454
Q110301848	6000000000934737229
Q110301849	6000000004211025024
Q110301850	6000000003635590042
Q110301854	6000000000287553276
Q110301906	6000000003635341887
Q110301972	6000000024740934588
Q110302621	6000000003071240634
Q110302651	6000000003996515780
Q110302652	6000000003996524946
Q110302653	6000000003996651412
Q110302654	6000000003996589462
Q110302655	6000000003996587787
Q110302656	6000000003996515868
Q110302657	6000000003996622332
Q110302658	6000000003996647241
Q110302660	6000000003996605282
Q110302661	6000000003996587690
Q110302662	6000000003996707067
Q110302663	6000000003996656460
Q110302730	6000000002765654013
Q110302735	6000000015150938114
Q110302736	6000000002802122680
Q110302743	6000000001827628568
Q110302745	6000000005441933917
Q110302747	6000000011250144862
Q110302748	6000000011250126685
Q110302750	6000000011249944082
Q110302752	6000000008272685156
Q110302755	6000000008274036471
Q110302762	6000000011250335486
Q110302763	6000000011249957160
Q110302764	6000000011250099850
Q110302766	6000000000906019195
Q110302767	6000000000906019183
Q110302768	6000000005441941318
Q110302856	6000000001174415029
Q110303036	6000000001948768309
Q110303039	6000000024694914815
Q110303040	6000000008636574306
Q110303041	6000000008869540732
Q110303042	6000000007563637653
Q110303062	6000000052130608015
Q110303073	6000000011317083254
Q110303094	6000000011852160393
Q110303098	6000000006127334257
Q110303099	6000000002110498901
Q110303100	6000000003961965399
Q110303120	6000000008650363594
Q110303416	6000000008857058801
Q110303418	6000000008857058807
Q110303491	6000000007521929058
Q110303492	6000000009306549445
Q110303494	6000000008761554807
Q110303495	6000000008761246017
Q110303497	6000000007522203204
Q110303504	6000000008650117805
Q110303505	6000000008650265307
Q110303507	6000000008649870077
Q110303508	6000000029907959368
Q110303509	6000000029907787505
Q110303510	6000000008650275504
Q110303862	6000000011329882532
Q110304071	6000000009161289898
Q110304158	6000000001504248396
Q110304184	5543032973330063984
Q110304285	4967611750730069271
Q110304293	6000000005646765008
Q110304392	6000000011790442629
Q110304393	6000000011790523378
Q110304394	6000000001504511907
Q110304396	6000000001504323944
Q110304397	6000000001504347140
Q110304398	6000000002864659545
Q110304399	6000000002864798484
Q110304404	6000000006428615099
Q110304465	6000000001504319854
Q110304467	6000000006112395008
Q110304488	6000000004149797206
Q110304489	6000000009137877262
Q110304490	6000000006098966062
Q110304501	6000000006080152886
Q110304505	6000000001920764000
Q110304507	6000000001504592356
Q110304508	6000000001504592375
Q110304509	6000000009334516632
Q110304511	6000000018078835802
Q110304532	6000000001753122419
Q110304547	6000000006127529341
Q110304548	6000000006127284398
Q110304550	6000000001254417073
Q110304553	6000000002164125996
Q110304556	6000000006126968714
Q110304559	6000000001594445025
Q110304579	6000000012566151010
Q110304583	6000000008176693206
Q110304584	6000000004283912891
Q110304605	6000000006372882302
Q110304606	6000000006373517155
Q110304609	6000000006373658143
Q110304611	6000000012749206747
Q110304613	6000000006373784028
Q110304614	6000000006372866566
Q110304618	6000000001343726658
Q110304623	6000000008852557827
Q110304638	6000000008199661883
Q110304645	6000000004236935400
Q110304647	6000000001504939233
Q110304648	6000000004232903188
Q110304649	6000000006706783133
Q110304650	6000000006706631468
Q110304651	6000000001504844752
Q110304664	6000000029677693581
Q110304667	6000000001504387686
Q110304705	6000000001504396162
Q110304711	6000000001504296851
Q110304712	6000000001504232419
Q110305136	6000000203592776843
Q110305689	6000000149860087825
Q110305734	6000000103350279126
Q110305741	6000000148512402821
Q110305746	6000000014308766885
Q110305747	6000000014308978105
Q110306002	6000000032461598955
Q110306099	6000000032480226878
Q110307045	6000000143981791830
Q110307502	6000000041191988347
Q110307906	6000000013227117323
Q110307978	6000000023190360433
Q110308781	6000000010090049633
Q1103089	6000000009755218263
Q11031	6000000136978532181
Q110310	6000000171851777828
Q110310458	6000000021024468516
Q110310475	6000000001504844274
Q110310578	6000000021024598875
Q110310601	6000000021024698893
Q110310604	6000000114211089201
Q110310692	6000000001399832170
Q110311267	6000000004160995702
Q110311296	6000000013254088349
Q110311402	6000000079258940868
Q110311559	6000000032009486762
Q110311561	6000000016243212544
Q110311564	6000000049850031088
Q110311569	6000000020615434600
Q110311576	4732455527180038357
Q110311577	6000000039912617689
Q110311579	6000000011508481381
Q110312172	6000000006128363396
Q110312283	5542898415500102675
Q1103126	6000000048127053887
Q1103127	6000000175864074838
Q11031284	6000000014264565897
Q110313	6000000189728357854
Q110313294	6000000030303435214
Q110313431	6000000000345864476
Q110313436	6000000000345894469
Q110313441	6000000000036440945
Q110313442	6000000000356729237
Q110313443	6000000000356924158
Q110313453	6000000007511988413
Q110313509	6000000014281139094
Q110313510	6000000006127453641
Q110313512	6000000001594259940
Q110313513	6000000001559287983
Q110313516	6000000012773971878
Q110313518	6000000000722140823
Q110313537	6000000000349687977
Q110313553	6000000009339578122
Q110313599	6000000005658132001
Q110313600	6000000000356732674
Q110313601	285873262450008531
Q110313602	6000000004455240002
Q110313653	6000000002464396146
Q110313654	6000000002064028084
Q110313889	6000000054133823848
Q110314006	6000000015188560221
Q110314009	6000000021428057493
Q11031412	6000000183926180861
Q110314172	6000000015227830371
Q110314185	6000000019050719976
Q110314530	6000000004958089100
Q110314646	6000000001659092287
Q110314651	6000000000647139882
Q110314653	6000000000647218458
Q110314769	6000000205191855831
Q11031495	6000000023403773109
Q110314983	6000000016165642786
Q110315164	6000000007134311546
Q110315606	6000000016039758028
Q110315951	6000000041192163996
Q110316336	6000000093706939821
Q110316350	6000000001843430420
Q110316397	6000000001843430426
Q110316477	6000000010698048722
Q110316799	6000000193514733868
Q110316805	6000000025720902387
Q110316827	6000000042465603006
Q110317	6000000023922971171
Q110317027	6000000033887867463
Q110317071	6000000003603512408
Q1103173	6000000030102087076
Q1103177	6000000139379270822
Q1103178	6000000139379020877
Q110317981	6000000004535973915
Q110318	6000000100806644867
Q11031854	6000000000148729102
Q110319838	6000000021579475914
Q110319864	6000000139544935855
Q110319869	6000000024335215147
Q110319993	6000000021579171657
Q110320033	6000000011908781247
Q110321489	6000000172881918215
Q110322052	6000000000348881479
Q110322136	6000000024291728778
Q110322241	6000000006078969953
Q110322275	6000000001239467863
Q110322285	5502185869770047633
Q110322316	6000000115257443954
Q110322322	6000000038211584602
Q110322443	6000000041179550389
Q110322477	6000000023407933534
Q110322580	6000000143566108907
Q110322595	6000000105509617962
Q110322599	6000000110973728991
Q110322642	6000000003023609435
Q110322659	6000000000618068048
Q110322664	6000000004556960304
Q110322713	6000000134968461876
Q110322809	6000000086287365966
Q110323	6000000025082457553
Q110323254	6000000019610076738
Q110323255	6000000019608326011
Q110323260	6000000024997966767
Q110323273	6000000016962979867
Q110323274	6000000016963118576
Q110323278	6000000087998689106
Q110323280	6000000025767383951
Q110323321	6000000012248346960
Q110323324	6000000001753858377
Q110324086	6000000082333284861
Q110324394	6000000032471640135
Q110324395	6000000030488613040
Q110324396	6000000025244279438
Q110324651	6000000025779125494
Q110324727	6000000029640337237
Q110324769	6000000013897440228
Q110324797	6000000104207139124
Q110325440	6000000008788571731
Q110325968	6000000013376112839
Q110325982	6000000008493645379
Q110325983	6000000014864903635
Q110326344	6000000008653716520
Q110326547	6000000008605536648
Q110326550	6000000008605730252
Q11032727	6000000002027367016
Q110327381	6000000019955997570
Q110327385	6000000019956641175
Q110327389	6000000019956679249
Q110327391	6000000037426209094
Q110327392	6000000084105102977
Q110327393	6000000012580166619
Q110327750	6000000032916551132
Q110327751	6000000030271592674
Q110327755	6000000028398130329
Q110327758	6000000028398102684
Q110327762	6000000018474280941
Q110327764	6000000018474161250
Q110328111	6000000016531164644
Q110329749	6000000002667465610
Q110329751	6000000025189503115
Q110329808	6000000017312831847
Q110329927	6000000006767863275
Q11032994	6000000001126480220
Q110329988	6000000008702770324
Q110330	6000000010577685979
Q1103301	6000000112374832833
Q110330818	6000000021023790160
Q110330820	6000000011368732236
Q110330822	6000000021023667481
Q110330823	6000000021023790167
Q110330883	6000000017382211201
Q110330892	6000000020527820305
Q110330894	6000000020527793467
Q110330896	6000000019842422631
Q110330897	6000000009376137436
Q110330904	6000000002853719942
Q110331042	6000000002644778036
Q110331043	6000000010502439950
Q1103316	6000000042914739971
Q1103328	6000000020446158299
Q11033288	6000000008981991947
Q110334099	6000000007316912102
Q110340162	6000000006127651537
Q11034074	6000000021190938749
Q110340901	6000000008650568546
Q11034228	6000000032492081989
Q11034256	6000000019176835828
Q110343880	6000000084697750916
Q110345	6000000081864217858
Q1103458	6000000108271460831
Q1103463	6000000042539892043
Q11034664	6000000018319097881
Q11034695	6000000013498238587
Q110347347	6000000020723672657
Q1103474	6000000006444214658
Q110347544	6000000009305146912
Q110349101	6000000020695076438
Q11035059	6000000032380141790
Q110351629	6000000177669330821
Q110352484	6000000026548884196
Q110352485	6000000018358472835
Q110352486	6000000018358823397
Q110352934	6000000141620219844
Q110353288	6000000019508602424
Q110353453	6000000012024726571
Q110353454	6000000014705599221
Q110353457	6000000012024926553
Q110353980	6000000018114075204
Q110353981	6000000018113274752
Q110354630	6000000014033891005
Q110354631	6000000014032745789
Q110354634	6000000014033895098
Q110354637	6000000014033397779
Q110354641	6000000013998850544
Q110354657	6000000017188516944
Q110354679	6000000017188497705
Q110354682	6000000014005764448
Q110354697	6000000013699982059
Q110355289	6000000058257150861
Q110355636	6000000011479999826
Q110355637	6000000011480391235
Q110355718	6000000014148514464
Q110355777	6000000021102228724
Q110355919	6000000026026270109
Q110356035	6000000015360536079
Q110356052	6000000091252720847
Q1103579	6000000015424928680
Q110358361	6000000003480838499
Q110360147	6000000025552511301
Q110360519	6000000023109476905
Q11036091	6000000020844784114
Q110361105	6000000014752298992
Q110361655	6000000016632531775
Q110361782	6000000013807758449
Q110361784	6000000013807772015
Q110361898	6000000016376017937
Q110361901	6000000017546236124
Q110361931	6000000014653955296
Q110361951	6000000017797547056
Q110362004	6000000013807570957
Q110362009	6000000010801492443
Q110362013	6000000010801294893
Q110362093	6000000043790957054
Q110362116	6000000014653931126
Q110362119	6000000014609861575
Q110362122	6000000009026245376
Q110362134	6000000014610089442
Q110362138	6000000014653850442
Q110362139	6000000014609860968
Q110362160	6000000014609792521
Q110362184	6000000019496901003
Q110362234	6000000019484013646
Q110362240	6000000014685957964
Q110362358	6000000008697593858
Q110362394	6000000008593003678
Q110362395	6000000008676126232
Q110362407	6000000008688980334
Q110362463	6000000014620669415
Q110362479	6000000008934581267
Q110362521	6000000012663681298
Q110362603	6000000014663382615
Q110362605	6000000007550952653
Q110362606	6000000007550929104
Q110362791	6000000010958924664
Q110362792	6000000014631693129
Q110362807	6000000019570205728
Q110362809	6000000015933532536
Q110362824	5319492850120053008
Q110362834	6000000206763908533
Q110362835	5319492890440053014
Q110362837	6000000016485643422
Q110362839	6000000015383435320
Q110362844	5319462747190052828
Q110362850	6000000052130407863
Q110362854	6000000019805527860
Q110363080	6000000012770852334
Q110363093	6000000176485358851
Q110363240	6000000007349833895
Q110363243	6000000007350635502
Q110363267	6000000029739733943
Q110363322	6000000019806091124
Q110363332	6000000014686025503
Q110363363	6000000019483858199
Q110363368	6000000018098026299
Q110363371	6000000009861952860
Q110363385	6000000009862310710
Q110363387	6000000009862653359
Q110363389	6000000014024230517
Q110363445	6000000012257476641
Q110363465	6000000017853223626
Q110363467	6000000016590236683
Q110363498	6000000038142617890
Q110363555	6000000043931490274
Q110363556	6000000043931734270
Q110363664	6000000015729392454
Q110363665	6000000015729222674
Q110363676	6000000003665173782
Q110363687	6000000002385214349
Q110363689	6000000002995854357
Q110363690	6000000002996667527
Q110363711	6000000015999862220
Q110363712	6000000019805995631
Q110363714	6000000019805655774
Q110363741	6000000010694283851
Q110363744	6000000017762411805
Q110363816	6000000012284261205
Q110363819	6000000002101085006
Q110363820	6000000000669754451
Q110363823	6000000003273391992
Q110363833	6000000002110966873
Q110363835	6000000002633023900
Q110363877	6000000002774000684
Q110363889	6000000083424655208
Q110363946	6000000014653164618
Q110363949	6000000014655025392
Q110363956	6000000014655099507
Q110363958	6000000014656409712
Q110363959	6000000014653420725
Q110363961	6000000014654970322
Q110363972	6000000014654627843
Q110363974	6000000014652633609
Q110363979	6000000014653003093
Q110363980	6000000012464619268
Q110363981	6000000014652583689
Q110363982	6000000014652928558
Q110363982	6000000014676980851
Q110363983	6000000019818761954
Q110363990	6000000011809349552
Q110363994	6000000011809315348
Q110363998	6000000094495572846
Q110364000	6000000019819113855
Q110364006	6000000018775385690
Q110364011	6000000018768443730
Q110364026	6000000017756823778
Q110364027	6000000017756674502
Q110364034	6000000003273391744
Q110364044	6000000015016415932
Q110364045	6000000015613220052
Q110364047	6000000017759120570
Q110364051	6000000019776879508
Q110364054	6000000003273391819
Q110364061	6000000085195636821
Q110364067	6000000011581024187
Q110364068	6000000011581394303
Q110364072	6000000011581251982
Q110364075	6000000012363503692
Q110364079	6000000003273404116
Q110364081	6000000003273396351
Q110364083	6000000016681479786
Q110364085	6000000003273396381
Q110364107	6000000003273396361
Q110364108	6000000089411646050
Q110364115	6000000003273396099
Q110364120	6000000011581202694
Q110364126	6000000009421089852
Q110364127	6000000017483974319
Q110364129	6000000021915786754
Q110364131	6000000020222181891
Q110364133	6000000020222290873
Q110364134	6000000009421359648
Q110364135	4620823392780018943
Q110364141	6000000011581211398
Q110364145	6000000011581251721
Q110364149	6000000011581169104
Q110364150	6000000028125346301
Q110364153	6000000003273391337
Q110364157	6000000003273391323
Q110364161	6000000003273391331
Q110364163	6000000011580961856
Q110364165	6000000022773226210
Q110364166	6000000011584848759
Q110364169	6000000011585539388
Q110364172	6000000011584595118
Q110364188	6000000011585535129
Q110364189	6000000028652789462
Q110364190	6000000011548887672
Q110364192	6000000002460307323
Q110364246	6000000014072569253
Q110364247	6000000011527488682
Q110364249	6000000011527682854
Q110364256	6000000018453923328
Q110364260	6000000011527787463
Q110364262	6000000011527580545
Q110364270	6000000052436069007
Q110364274	6000000006642899637
Q110364278	6000000011527889249
Q110364298	6000000013155093968
Q110364299	6000000013070956565
Q110364312	6000000010058671309
Q110364315	6000000013070891449
Q110364316	6000000013155312292
Q110364317	6000000014072536441
Q110364324	6000000012860470345
Q110364329	6000000013155424758
Q110364369	6000000012860492370
Q110364371	6000000006795519977
Q110364399	6000000014655800094
Q110364405	6000000014677477891
Q110364411	6000000014656338224
Q110364414	6000000014655929516
Q110364460	6000000020084994003
Q110364461	6000000023389178899
Q110364463	6000000001792157765
Q110364552	6000000011407763553
Q110364556	6000000015383500338
Q110364589	6000000011581155049
Q110364590	6000000011581339604
Q110364591	6000000011581297595
Q110364592	6000000011581236593
Q110364597	6000000011581287435
Q110364601	6000000011581232902
Q110364604	6000000088618697844
Q110364607	6000000011581405244
Q110364608	6000000089670474821
Q110364610	6000000011581369377
Q110364612	6000000019154296462
Q110364613	6000000078997961452
Q110364616	6000000003273404151
Q110364621	6000000078997091172
Q110364624	6000000016618945801
Q110364627	6000000016620408132
Q110364628	6000000078997744329
Q110364632	6000000078997969477
Q110364636	6000000078997969483
Q110364639	6000000078425279933
Q110364642	6000000083572774974
Q110364643	6000000003273404126
Q110364647	6000000015743780691
Q110364651	6000000014075868490
Q110364656	6000000015743464923
Q110364658	6000000019733604972
Q110364659	6000000015743925529
Q110364660	6000000027708548317
Q110364661	6000000003273404136
Q110364666	6000000015778752412
Q110364670	6000000016055693527
Q110364790	6000000014715376267
Q110364791	6000000018966504188
Q110364809	6000000018966510104
Q110364814	6000000014715134884
Q110364817	6000000009543862348
Q110364819	6000000009543746898
Q110364823	6000000009543748587
Q110364826	6000000009543817542
Q110364829	6000000009543732091
Q110364831	6000000002100519383
Q110364833	6000000002100490043
Q110364837	6000000000952679893
Q110364842	6000000003273396426
Q110364848	6000000003273396436
Q110364852	6000000003273396446
Q110364880	6000000003273396451
Q110364941	6000000003273396441
Q110364945	6000000003273396431
Q110364982	6000000029722251308
Q110364984	6000000029719429660
Q110364985	6000000002538847245
Q110364986	6000000029227466800
Q110364988	6000000029227624213
Q110364991	6000000002538826489
Q110364995	6000000030108324760
Q110364999	6000000002538964050
Q110365000	6000000185689317090
Q110365001	6000000002538910048
Q110365002	6000000002538892255
Q110365003	6000000002538874023
Q110365004	6000000002538744292
Q110365005	6000000008509839555
Q110365006	6000000029722563679
Q110365034	6000000017477262479
Q110365035	6000000003273396254
Q110365036	6000000012493482792
Q110365039	6000000012493577252
Q110365043	6000000012493480582
Q110365046	6000000210421003841
Q110365049	6000000003273396259
Q110365050	6000000017483540530
Q110365867	6000000066622326823
Q110366015	6000000006277450087
Q110366020	6000000025475022629
Q110366023	6000000037935570406
Q110366492	6000000016602000013
Q110366493	6000000016601520572
Q110366592	6000000016528462863
Q110366593	6000000016528641377
Q110366857	6000000016601277670
Q110366969	6000000019307568599
Q110366983	6000000010000715867
Q110367145	6000000042829660480
Q110367343	4065301203020123489
Q110367347	6000000016528722909
Q110367349	6000000016528927027
Q110367350	6000000016528235879
Q110367351	6000000016528731918
Q110367352	6000000016528859943
Q110367383	6000000198299077822
Q110367398	6000000198298999834
Q110367515	6000000010750640082
Q110367563	6000000018022460937
Q110367682	6000000024028911188
Q11036838	6000000014417066993
Q110368402	6000000014122118396
Q110368453	6000000014122093259
Q1103685	6000000029279796880
Q110369388	6000000024055372891
Q110369430	6000000024303424220
Q110369437	6000000043857854911
Q110369447	6000000122411324821
Q110369457	6000000015932677808
Q110369458	6000000015924094104
Q110369469	6000000008966519381
Q110369472	6000000008824336258
Q110369478	6000000008824127652
Q110369556	6000000003827674110
Q110369696	6000000196365767831
Q110369697	6000000196366204881
Q110369704	6000000017001363723
Q110369740	6000000017002398174
Q110369741	6000000017073464147
Q110369742	6000000017085453469
Q110369743	6000000017085699389
Q110369744	6000000017086004755
Q110369745	6000000017086282197
Q110369749	6000000017072708992
Q110369789	6000000017001849482
Q110369790	6000000017002310284
Q110369799	6000000017004905816
Q110369805	6000000017005015275
Q110369819	6000000017002918469
Q110369823	6000000034681517970
Q110369826	6000000017073038092
Q110369829	6000000017073377790
Q110370077	6000000047005408105
Q110370169	6000000026300773048
Q110370194	6000000016976806810
Q110370195	6000000015496636602
Q11037030	6000000003901762028
Q110370310	6000000014117137526
Q110370415	6000000014887064923
Q110370440	6000000015090733415
Q110370461	6000000031671230264
Q110370462	6000000031671228379
Q110370592	6000000017042731394
Q110370606	6000000017002236011
Q110370615	6000000013792210554
Q110370655	6000000016538422228
Q110370656	6000000016879009947
Q110370660	6000000008041422722
Q110370678	6000000010860335985
Q110370686	6000000016462498307
Q110370724	6000000017001445885
Q110370730	6000000017002063362
Q110370791	6000000015235989499
Q110370792	6000000008699634217
Q110370897	6000000041582198062
Q110370904	6000000015328563262
Q110370922	6000000015495422817
Q110370981	6000000016369513529
Q110371036	6000000054687214950
Q110371038	6000000054686732024
Q110371039	6000000073206109942
Q110371149	6000000006287152249
Q110371151	6000000006287257077
Q110371213	6000000017004478657
Q110371214	6000000017004385736
Q110371265	6000000066006404840
Q110371265	6000000100420197845
Q110371267	6000000066005895992
Q110371272	6000000015512875723
Q110371396	6000000016324794450
Q110371552	6000000016269515596
Q110371569	6000000173828257666
Q110371584	6000000027269755538
Q110371586	6000000016232737048
Q1103722	6000000042017095464
Q110372429	6000000020865134505
Q110372474	6000000016264729539
Q110373036	6000000011545864232
Q110374	6000000031279554513
Q11037532	6000000022014147369
Q110377777	6000000012432080681
Q110377792	6000000005596270769
Q110377895	6000000018346439612
Q11037810	6000000024850040649
Q110378846	6000000013366135925
Q110379034	6000000025674791225
Q110379091	6000000003827852936
Q110379224	6000000014691807598
Q110379242	6000000194817235821
Q110379243	6000000014044474373
Q110379497	6000000118393091860
Q110379509	6000000004045514024
Q110380435	6000000095413902921
Q110380436	6000000096323421871
Q110380437	6000000096323242013
Q110380555	6000000015367931512
Q110380780	6000000003827675605
Q110380857	6000000021246724364
Q110380913	6000000012614387211
Q110381191	6000000071447340974
Q110381192	6000000071447656887
Q110381207	6000000071445762538
Q110381209	6000000071109791071
Q110381211	6000000071110350827
Q110381283	6000000009304961320
Q110381298	6000000018651443123
Q110381300	6000000016076644175
Q110381406	6000000026889675781
Q110381462	6000000022644140364
Q110381528	6000000019303575801
Q110381532	6000000021824868053
Q110381533	6000000021824778248
Q110381615	6000000022831610905
Q110381826	6000000054169456203
Q110381828	6000000054169004672
Q110382921	6000000021152474720
Q110382931	6000000014123779968
Q110383	6000000032125554477
Q110383043	6000000009129708851
Q110383048	6000000009369358377
Q110383052	6000000009544426143
Q1103834	6000000084731789925
Q110383493	6000000016233725697
Q110383496	6000000041792261245
Q110383499	6000000041550212186
Q110383502	6000000018005110730
Q110383807	6000000016238446680
Q110383814	6000000016502503780
Q110383816	6000000018856943133
Q110383819	6000000016499097033
Q110383988	6000000083147259000
Q110383989	6000000083097809846
Q110384404	6000000008535205027
Q110384411	6000000002657880375
Q110384420	6000000035971449079
Q110384422	6000000094459736863
Q110384523	6000000002667791100
Q110384524	6000000013377133742
Q110384525	6000000013377452686
Q110384527	6000000037672714114
Q110384528	6000000037672525310
Q110384529	6000000037672711112
Q110384531	6000000037673333119
Q110384538	6000000038363052130
Q110384540	6000000020762794450
Q110384541	6000000020762812666
Q110384542	6000000020763137411
Q110384544	6000000039841578445
Q110384545	6000000039841648404
Q110384547	6000000039841704271
Q110384634	6000000014549815999
Q110384659	6000000004326561343
Q110384660	6000000023698931673
Q110384794	6000000014383062044
Q110384795	6000000014271963577
Q110384797	6000000014160516941
Q110384798	6000000007625674407
Q110384799	3938574523140062522
Q110384805	6000000005243040762
Q110384806	6000000010259773045
Q110384947	6000000007606257327
Q110384949	6000000006444154846
Q110385026	6000000017523580723
Q110385075	6000000033860280080
Q110385134	6000000120346302850
Q110385168	6000000011189025374
Q110385310	6000000077641354171
Q110385311	6000000077640723603
Q110385316	6000000077641466238
Q110385772	6000000017800002625
Q1103858	6000000000412399025
Q110385925	6000000052255467907
Q110386166	6000000007482856328
Q110386167	6000000007772252853
Q110386171	6000000046399427920
Q110386179	6000000008806887407
Q110386181	6000000008806646045
Q110386182	6000000007561877577
Q110386183	6000000007561676002
Q110386184	6000000007561773778
Q110386186	6000000008638539925
Q110386189	6000000009724365965
Q110386259	4018689
Q110386373	6000000065892187837
Q110386398	6000000060890028144
Q110386431	6000000075122398266
Q110386553	6000000015517789884
Q110386610	6000000065892475833
Q110387135	6000000063113855225
Q110387140	6000000075120800899
Q1103876	6000000022190991864
Q1103890	6000000084103330461
Q11038915	6000000038680596354
Q110389843	6000000182828602822
Q1103902	6000000041016360391
Q110391142	6000000006796090067
Q110391257	6000000168813299822
Q110391396	6000000168813423821
Q110391565	6000000168812955939
Q110391572	6000000053996467894
Q110391821	3029828
Q110391879	3029957
Q110391904	6000000014198428303
Q11039273	6000000011336835309
Q110392979	6000000103845491951
Q110393021	6000000056900215914
Q110393797	6000000043457293953
Q110393830	6000000003405603313
Q110393854	6000000008192295591
Q110393922	6000000078979154893
Q110393958	6000000002111431093
Q110394399	364586940370002462
Q110394613	6000000015470098272
Q110394650	6000000008338969670
Q110394666	6000000008338910707
Q110394667	6000000008339166869
Q110394668	6000000097065018943
Q110394672	6000000097064076110
Q110394673	6000000097064818938
Q110394674	6000000097064934933
Q110394680	6000000097065688821
Q110394707	6000000014035401306
Q110394707	6000000190447446811
Q110394782	6000000022605154301
Q110394783	6000000022604730814
Q110394784	6000000022605386095
Q110394786	6000000022605513846
Q110394796	6000000007463103175
Q110394812	6000000003827573648
Q110394813	6000000003827573655
Q110395	6000000042949705410
Q110395039	6000000044180823576
Q110395040	6000000044180823604
Q110395042	6000000044178812449
Q110395043	6000000044180049019
Q110395044	6000000044179985355
Q110395049	6000000027469952392
Q110395074	6000000044179097466
Q110395220	6000000003260852799
Q110395461	6000000018463059331
Q110395621	6000000018569402038
Q110395622	6000000006128363936
Q110395623	6000000013286717051
Q110395629	6000000007160713543
Q110395712	6000000018737703194
Q110395718	6000000005912195006
Q110395719	6000000007538520892
Q110395725	6000000006127713982
Q110395896	6000000082971776847
Q110395897	6000000082947101308
Q110395899	6000000082947784961
Q110395902	6000000018782114381
Q110396411	6000000003458288364
Q110396412	6000000011749022565
Q110396413	6000000008496951273
Q110396480	6000000003805863808
Q1103967	6000000002927237674
Q110398430	6000000076744421650
Q110398431	6000000076743866371
Q110398432	6000000006444680573
Q110398433	6000000001433428256
Q110398436	6000000008300656405
Q110398439	6000000006444680578
Q110398444	6000000076745637861
Q110398446	6000000006444176808
Q110398497	6000000003615518007
Q110398499	6000000002766761220
Q110398500	6000000003232486222
Q110398501	6000000000236589411
Q110398526	5175614022300085971
Q110398527	5175616308510023626
Q110398528	5175618117720068664
Q110398529	5175619633530038106
Q110398530	5175622404530024186
Q110399071	6000000010373170131
Q110399074	6000000023682064218
Q110399086	6000000056810084012
Q110399096	6000000057034528828
Q110399484	6000000053201346821
Q110399501	6000000061742371999
Q110399502	6000000062341103459
Q110399503	6000000061742256100
Q110399504	6000000061706966652
Q110399569	6000000061768807918
Q110399748	6000000000725969435
Q110399833	6000000008072893346
Q110399857	6000000183229770829
Q110400090	6000000056021971925
Q110400464	6000000051017904151
Q110400873	6000000006973050001
Q110401312	6000000200620118832
Q110402009	6000000038239806800
Q110402048	6000000015772050658
Q110402495	6000000185408268822
Q110402910	6000000069325464020
Q110402922	6000000069325155118
Q110402930	6000000067598801870
Q110403111	6000000069325065961
Q110403216	6000000069324810123
Q110404	6000000001085244319
Q11040483	6000000119108862019
Q110405	6000000002802339901
Q11040550	6000000075507055165
Q11040594	6000000075424179889
Q11040597	6000000075507051045
Q11040599	6000000075424087901
Q11040635	6000000075507489403
Q110406395	6000000176832412901
Q110407277	6000000047490776822
Q110407876	6000000029206188268
Q110408170	6000000006778196078
Q110408226	6000000016047050293
Q110408289	6000000007145218954
Q110408385	6000000179193480866
Q110408569	6000000033777675447
Q110408790	6000000078580094237
Q110408828	6000000078580550858
Q1104091	6000000003417371509
Q110409161	6000000005440671378
Q110409636	6000000070859963176
Q110409779	6000000056553259848
Q110409780	6000000056553316832
Q1104101	340218428770013963
Q110410375	6000000002447151204
Q110410376	6000000023028946406
Q110410377	6000000023029084164
Q110410607	6000000040804447891
Q110410644	6000000047319848836
Q110410645	6000000037908139856
Q110410646	6000000047319427217
Q110410647	6000000047324808032
Q110410670	6000000040803879730
Q110410742	6000000037907005544
Q110410747	6000000041968916208
Q110410751	6000000105707468998
Q110410752	6000000105707382832
Q110410782	6000000024862865455
Q110410794	6000000025080968931
Q110410802	6000000031364984197
Q110410858	6000000014330443230
Q110410872	6000000019637593406
Q110410874	6000000018686261084
Q110410879	6000000018270724741
Q110410882	6000000018756555127
Q110410927	6000000031503945488
Q110410947	6000000031871094491
Q110411045	6000000036231256248
Q110411086	6000000002906716080
Q110411413	6000000008815903384
Q110411417	6000000000832791072
Q110411905	6000000021344948631
Q110412042	6000000177377928826
Q110412053	6000000008302285067
Q110412144	6000000013239328380
Q110412241	6000000022465416073
Q110412247	6000000040203170222
Q110412274	6000000006417935386
Q110412275	6000000006418159219
Q110412305	6000000025597991161
Q110412466	6000000015512616330
Q110412473	6000000013494282250
Q110412516	6000000185986654893
Q110412527	6000000007350931294
Q110412528	6000000007351022348
Q110412577	6000000035554653823
Q110412578	6000000035551850813
Q110412635	6000000016525210671
Q110413645	6000000003649663103
Q110413646	6000000003649718467
Q110413648	6000000003649728631
Q110413651	6000000003649630155
Q110413652	6000000026273508500
Q110413721	6000000168866369944
Q110413761	6000000085021619393
Q110414146	6000000035262997509
Q110414205	6000000018765610512
Q110414206	6000000018765468965
Q110414207	6000000018765574399
Q110414208	6000000018765296786
Q110414298	6000000018766160004
Q110414300	6000000018766494070
Q110414301	6000000018765787825
Q110414395	6000000045150003855
Q110414467	6000000084123493893
Q110414527	6000000026883905290
Q110414563	6000000026883629120
Q110415	6000000002206627389
Q110415074	6000000018236033592
Q110415391	6000000113780271823
Q110415517	6000000050607882848
Q110415523	6000000041931043215
Q110415546	6000000016523903798
Q110415547	6000000016524956666
Q110415548	6000000016525357039
Q110415563	6000000019294716822
Q110415580	6000000016600092471
Q110415583	6000000016600501178
Q110415673	6000000029398569964
Q110415745	6000000049134019891
Q110416092	6000000082601150150
Q110416330	6000000174189893143
Q110416574	6000000011044123942
Q110416776	6000000022682925443
Q110417111	6000000015997324876
Q110417164	6000000026812406131
Q11041770	6000000001957198253
Q110417932	6000000066958550822
Q110419	6000000027863032165
Q110419575	6000000016013101541
Q110419577	6000000008152774303
Q110419941	6000000051097597965
Q11042031	5662675642230047348
Q110421417	6000000008200844978
Q110421626	6000000018841312073
Q110421662	6000000016718087288
Q110421663	6000000074591345915
Q110421664	6000000074592179966
Q110421666	6000000074592205912
Q110421667	6000000074592837912
Q110421668	6000000074593500822
Q110421669	6000000074594373844
Q110421670	6000000074594047960
Q110421671	6000000074593339947
Q110421672	6000000074593073152
Q110421674	6000000074593613983
Q110421685	6000000021809822501
Q110421745	6000000015878306338
Q110421888	6000000024669013803
Q110421892	6000000024669122813
Q110421897	6000000024669742250
Q110421944	6000000021584977411
Q11042196	6000000019106253526
Q110422086	6000000067156452023
Q110422455	6000000015523878713
Q110423001	6000000039266614988
Q110423589	6000000075581777925
Q110423640	6000000014918227671
Q110423698	6000000044117830907
Q110423746	6000000019776767716
Q110423875	6000000041888391275
Q110423893	6000000019776629685
Q110423894	6000000019776985092
Q110423902	6000000019604663285
Q110424045	6000000013654929782
Q110424048	6000000018046355473
Q110424075	6000000017414769138
Q110424088	6000000012208978880
Q110424089	6000000012209184414
Q110424247	6000000018103366275
Q110424248	6000000018103605109
Q110424249	6000000012485429386
Q110424277	6000000073428332881
Q110424644	6000000015252284851
Q110424690	6000000020071154039
Q110424724	6000000021845182371
Q110424731	6000000024613955123
Q110424732	6000000015231582617
Q110424733	6000000024221058076
Q110424740	6000000014535859340
Q110424757	6000000013376209051
Q110424758	6000000013376118629
Q110424844	6000000021580223929
Q110424884	6000000031336540854
Q110424885	6000000041969833674
Q110424918	6000000013922183970
Q110424921	6000000013922276612
Q110424945	6000000027018964496
Q110425172	6000000019872320021
Q110425195	6000000019872287211
Q110425220	6000000080871554043
Q110425229	6000000080838378439
Q110425233	6000000080871691077
Q110425235	6000000047987676070
Q110425291	6000000041850570169
Q110425328	6000000017685224083
Q110425329	6000000017683989573
Q110425350	6000000017163307796
Q110425443	6000000047987818956
Q110425444	6000000080838440445
Q11042547	6000000023526171359
Q110425585	6000000041970404975
Q110425587	6000000041970499910
Q110425670	6000000041970430086
Q110425672	6000000042041125821
Q110425673	6000000042040783508
Q110425674	6000000042040977367
Q110425675	6000000042041325909
Q110425676	6000000042041280967
Q110425812	6000000081231352827
Q110425987	6000000017942730056
Q110426070	6000000011714265464
Q110426278	6000000004279800711
Q110426344	6000000074282682945
Q110426345	6000000016170215231
Q110426371	6000000031099880514
Q110426373	6000000031228694882
Q110426374	6000000021922791649
Q110426376	6000000025833160615
Q110426379	6000000020613070861
Q110426441	6000000026350625051
Q110426442	6000000030481210369
Q110426463	6000000030481327767
Q110426464	6000000034648849834
Q110426468	6000000021409686013
Q110426469	6000000021408223576
Q110426599	6000000029663245189
Q110426600	6000000029663440005
Q110426659	6000000051349269259
Q110426669	6000000027291919364
Q110426712	6000000042600507526
Q110426852	6000000027291106645
Q110426858	6000000027290825635
Q110426886	6000000000112140433
Q110427	6000000064181527351
Q110427022	6000000126696990920
Q110427028	6000000005766913087
Q110428276	6000000010480614362
Q110428428	6000000001248046662
Q110428428	6000000018458247665
Q110429321	6000000051742467856
Q110429327	6000000051742125986
Q1104342	6000000017497009032
Q110436560	6000000015240549656
Q110436774	6000000149654243983
Q110437487	6000000181418097833
Q110437545	6000000181418922833
Q110438501	6000000011739512683
Q110438614	6000000002082057633
Q110438978	6000000010192154627
Q110439110	6000000011452486293
Q110439127	6000000061200715938
Q110439129	6000000143566953965
Q110439130	6000000143567432851
Q110439131	6000000019899773852
Q110439198	6000000003494683465
Q110439200	6000000003495304486
Q110439241	6000000006444043332
Q110439244	6000000006444040786
Q110439252	6000000143566774906
Q110439253	6000000143567447868
Q110439255	6000000143566200084
Q110439256	6000000143566780985
Q110439258	6000000143567261892
Q110439260	6000000143566807998
Q110439832	6000000005757872622
Q11044024	6000000014040698387
Q110440874	6000000000596062069
Q110440876	6000000000596055931
Q110441	6000000026849967302
Q110441105	6000000019134667005
Q110441138	6000000041157448433
Q110441141	6000000049508027821
Q1104412	6000000051554172010
Q110443008	6000000185476477059
Q110443691	6000000020397070080
Q110445	6000000062738905967
Q110445001	6000000001169560538
Q110446801	6000000040094842316
Q110446841	6000000040095277888
Q110446932	6000000040094966153
Q110447372	6000000040093507383
Q110447372	6000000055666624966
Q110447389	6000000055660152861
Q110447648	6000000085305058892
Q110448	6000000022305330795
Q110448812	6000000000401033469
Q110450	6000000015793225787
Q110451562	6000000028206770584
Q110453115	6000000042947166886
Q110453863	6000000019786174016
Q110454748	5353376842600123915
Q110454983	6000000087264817080
Q110455452	6000000016956348438
Q110455637	6000000087264891963
Q110455824	6000000202567108821
Q110456108	6000000016390426399
Q110456119	6000000016391321371
Q110456122	6000000016312353023
Q110456125	6000000016312265342
Q110456146	6000000074275623835
Q110456242	6000000028012151110
Q110456245	6000000028012053271
Q110456318	6000000016372318695
Q110456334	6000000012887242588
Q110456415	6000000027657159473
Q110456422	6000000015511064746
Q110456527	6000000016553556624
Q110456530	6000000016553910328
Q110456702	6000000083172770124
Q110456865	6000000012586110359
Q110456866	6000000035795869534
Q110456867	6000000035796182319
Q110456871	6000000035796311995
Q110457015	4748507140340012068
Q110457065	6000000011718693785
Q110457067	6000000006127120941
Q110457069	6000000006127120439
Q110457107	6000000044337111452
Q110457121	6000000001038485024
Q110457177	384738608030013686
Q110457178	4631465
Q110457180	4631415
Q110457199	6000000003867081183
Q110457202	6000000001652759195
Q110457220	6000000002939446600
Q110457222	6000000002939468509
Q110457223	369410643020012760
Q110457224	6000000008638115742
Q110457226	6000000008638342704
Q110457228	6000000008638451230
Q110457258	6000000008638518209
Q110457261	6000000006410988283
Q110457352	6000000057605515927
Q110457354	6000000083385589251
Q110457894	6000000049507507867
Q110457897	6000000049507452918
Q110458094	6000000008107496117
Q110458105	6000000180593942887
Q110458106	6000000180593982905
Q110458107	6000000180595341836
Q110458159	6000000016684475653
Q110458160	6000000016684285884
Q110458161	6000000010461635540
Q1104582	6000000071640907924
Q110458216	6000000017784765267
Q110458235	6000000083428257841
Q110458236	6000000083428027176
Q110458617	6000000021889017149
Q110458618	6000000015549022938
Q110458623	6000000010079338020
Q11045863	6000000075430339899
Q110458647	6000000014688438167
Q110458648	6000000014688182473
Q110458700	6000000016211525916
Q110458784	6000000018264753045
Q110458785	6000000018264588295
Q110458787	6000000018264530206
Q110458820	6000000001877540630
Q110458822	6000000017000982086
Q110458838	6000000008701157206
Q110458945	6000000018264361168
Q110458946	6000000018264403245
Q110458947	6000000018264545199
Q110458948	6000000018264208777
Q110458952	6000000018428345279
Q110458989	6000000176759113865
Q110459	6000000003251100151
Q110459125	6000000013429233862
Q1104592	6000000002772475679
Q110459547	6000000173614706854
Q110459862	6000000015627682255
Q110459896	6000000173614301934
Q110460029	6000000076910191586
Q110460030	6000000154835334889
Q110460031	6000000148653877883
Q110460032	6000000020077970004
Q110462866	6000000030639058719
Q110463059	6000000039133307071
Q110463505	6000000012579903067
Q110467944	6000000025422973128
Q1104690	6000000148710021232
Q110469021	6000000016569791716
Q110470941	6000000001638695155
Q110471137	6000000110588934895
Q110471560	6000000021677611326
Q110471616	6000000021677095771
Q110472170	6000000018859483240
Q1104722	6000000015138415355
Q1104729	6000000183697920872
Q110473086	6000000117634641025
Q110473663	6000000021677095819
Q110474847	6000000017584738137
Q110475	6000000038111439138
Q110476906	6000000114762993827
Q110477098	6000000017584730098
Q110477174	6000000005441186162
Q110478	6000000062442210953
Q110478224	6000000019301470887
Q110480287	6000000034867150138
Q110480933	6000000008772129533
Q110481058	6000000049255131984
Q11048128	6000000075345017343
Q11048135	6000000020170463203
Q110482035	6000000008771830851
Q110483012	6000000036469568258
Q110483292	6000000032253501981
Q110483786	6000000000985695009
Q110484251	6000000002090470227
Q11048500	6000000075286231957
Q110485469	6000000001382991805
Q110485596	6000000009180565382
Q110486315	4605540
Q110486725	6000000023430287349
Q110486881	6000000020812665420
Q110486925	6000000030143561150
Q110487869	6000000022558155518
Q110488198	6000000004002807899
Q1104884	6000000080412903939
Q110488750	6000000176489951896
Q1104895	6000000078029358545
Q11048986	6000000075429733825
Q11049012	6000000008869245816
Q110490579	6000000006127542889
Q1104906	6000000024616318661
Q110491536	6000000017443076799
Q110491582	6000000010931137710
Q110491702	6000000044138232905
Q110493030	6000000158787708876
Q110493332	6000000020281849024
Q110494627	6000000041191853544
Q110495208	6000000010424792340
Q110495241	6000000002799091360
Q110495241	6000000083953532189
Q110495706	6000000055255949395
Q110496256	6000000182460846851
Q1104971	6000000036244318927
Q1104977	6000000036243857583
Q110498021	6000000037894343870
Q110498063	6000000031625537595
Q110499484	6000000004118248073
Q110499592	6000000056265205140
Q110499628	6000000026367058401
Q110500513	6000000018031638913
Q110501099	6000000040254460933
Q110501161	6000000051125641065
Q110501181	6000000051124947569
Q11050329	6000000075430958866
Q110503365	6000000059024596847
Q110503398	6000000024774303259
Q110503399	6000000006444411806
Q110503400	6000000001099170046
Q110503401	6000000002930809497
Q110503402	6000000001401978049
Q110503403	6000000001098954799
Q110503404	6000000001036959539
Q110503405	6000000000772872759
Q110503406	6000000002931126864
Q110503407	6000000004228957839
Q110503409	331693989400010470
Q110503411	6000000006444674024
Q110503412	6000000006444668998
Q110503417	379121626390005077
Q110503419	6000000001851412365
Q110503427	6000000002228448719
Q110503428	6000000004095747916
Q110503429	6000000000770315869
Q110503432	6000000000770315908
Q110503433	369827569940007572
Q110503434	6000000003879760408
Q110503435	6000000007833165335
Q110503436	6000000004229231650
Q110503437	6000000003879741077
Q110503438	369828366390002832
Q110503441	6000000004096433541
Q110503452	6000000004229235387
Q110503456	6000000002578049059
Q110503457	6000000006907037118
Q110503535	6000000022411595698
Q110503540	6000000022405056119
Q110503547	6000000029470417227
Q110503549	6000000029470842991
Q110503564	6000000009262819153
Q110503565	6000000009263618296
Q110503797	6000000025975207473
Q110503828	6000000029941898081
Q110503829	6000000028143017494
Q110503837	6000000016538746982
Q110503838	6000000026463000021
Q110503839	6000000015498885947
Q110503854	6000000006891355237
Q110503856	6000000008593636281
Q110503856	6000000035151119005
Q110503869	6000000008906819922
Q110503875	6000000016676325820
Q110503967	6000000016424757127
Q110503972	6000000016424733299
Q110504281	6000000017003393640
Q11050431	6000000074717879877
Q110504869	6000000024682955809
Q110504870	6000000024775108318
Q110504895	6000000000450366278
Q110505102	6000000043552682961
Q110505104	6000000059932406859
Q110505271	6000000007547954500
Q110505298	6000000007096946892
Q110505338	6000000006412222510
Q110505339	6000000012566569580
Q110505340	6000000006102048056
Q110505394	6000000013296074666
Q110505395	4696530351380089475
Q110505524	6000000188841899843
Q110505526	6000000175225603981
Q110505548	6000000056393634860
Q110505599	6000000180671609830
Q110505600	6000000186066205955
Q110505601	6000000186065857169
Q110505602	6000000186065805146
Q110506190	6000000024526297825
Q110506196	6000000024525821533
Q110506197	6000000018906482831
Q110506201	6000000018907765032
Q11050638	6000000075504772952
Q11050645	6000000075406163171
Q110506671	6000000047218854987
Q110506930	6000000012028174295
Q110506951	6000000079563568625
Q110507165	6000000015406320921
Q110507166	6000000015407278224
Q110508152	6000000021808532720
Q110508859	6000000002930324934
Q110509	6000000000006999196
Q110509079	6000000077159664232
Q110509092	6000000014159868121
Q110509114	6000000002930327100
Q110509173	6000000015561824107
Q110509879	6000000013483122242
Q110510038	6000000025955255459
Q110510198	6000000019198060104
Q1105107	6000000016831960630
Q1105112	6000000018639045927
Q110512952	6000000066760402821
Q1105137	6000000007123718424
Q1105145	6000000001381742859
Q110515308	6000000122232388875
Q110515331	6000000007636126860
Q1105179	6000000007123818302
Q110517955	6000000007336952312
Q110518257	6000000020349544723
Q110518551	6000000021105336141
Q110518594	6000000017329971768
Q110518595	6000000017973285524
Q110518596	6000000017973285530
Q110518603	6000000025551826602
Q110518604	6000000025550419636
Q110518990	6000000013950562991
Q110518991	6000000013951060110
Q110519090	6000000017330919565
Q110519091	6000000017330201881
Q110519092	6000000017330645404
Q110519134	6000000016176265321
Q110519135	6000000016176983931
Q110519138	6000000017335212134
Q110519173	6000000078398312973
Q110519176	6000000020893213774
Q110519178	6000000014152636479
Q110519179	6000000014152901180
Q110519184	6000000014152945127
Q110519186	6000000018761299247
Q110519188	6000000016565727895
Q110519191	6000000016565832021
Q110519192	6000000018805569815
Q110519324	6000000018498615628
Q110519325	6000000018274997752
Q110519327	6000000018493822140
Q110519328	6000000018490501177
Q110519330	6000000018490007683
Q110519332	6000000018461570414
Q110519336	6000000018314363417
Q110519338	6000000018489791409
Q110519445	6000000017963840705
Q110519463	6000000017964208681
Q110519464	6000000013293947125
Q110519465	6000000013294045689
Q110519466	6000000013294095600
Q110519474	6000000025252006206
Q110519475	6000000017333796222
Q110519687	6000000012376189382
Q110519689	6000000012376137781
Q110519953	6000000070195280869
Q110520019	6000000020349929413
Q110520824	6000000000700865731
Q110520896	6000000004097556596
Q110521348	1521053
Q110521417	6000000016811961119
Q110521419	6000000009431721323
Q110521422	6000000016811886431
Q110522863	6000000004097643084
Q11052318	6000000011712485669
Q110523302	6000000024865392242
Q1105235	6000000020654052313
Q110526206	6000000052838453055
Q110526207	6000000186744368835
Q110526208	6000000186748734840
Q110526209	6000000052838661005
Q11052707	6000000075503417075
Q110527198	6000000039336323962
Q11052724	6000000179889254823
Q110527315	6000000006292083843
Q110528067	6000000015192181484
Q110528098	6000000012890181933
Q11052819	6000000011325546222
Q11052908	6000000075049884901
Q110529162	6000000007370865467
Q110529495	6000000024358601199
Q110531196	6000000062557264348
Q11053322	6000000074717031851
Q11053353	6000000075344470888
Q110533542	6000000041172339556
Q110534957	6000000008403429372
Q110534959	6000000008403554263
Q110535588	6000000027048844424
Q110535747	6000000015501474110
Q11053630	6000000075344194995
Q110536711	6000000065448230951
Q110536728	6000000065448268914
Q1105370	6000000007123791272
Q110537118	6000000180190071857
Q110537394	6000000001025640244
Q110537822	6000000005575403828
Q110537971	6000000003827477967
Q110538360	6000000026985855477
Q110538366	6000000042057033858
Q110538370	6000000098293363900
Q110538460	6000000026985460607
Q110538463	6000000016490751054
Q110538467	6000000027344290900
Q110538478	6000000021230709970
Q110538479	6000000017075510977
Q110538481	6000000021230801046
Q110538482	6000000021229723309
Q110538484	6000000021229193513
Q110538618	6000000034735489172
Q110538736	6000000019526895454
Q11053901	6000000075382341821
Q110539143	6000000003827611596
Q110539246	6000000036206460711
Q11053934	6000000075342367586
Q110539530	6000000018944740980
Q110539576	6000000013186256931
Q110539617	6000000018860739829
Q110539893	6000000018856805651
Q110540080	6000000078583005831
Q110540093	6000000018209549184
Q110540093	6000000177446507842
Q110540336	6000000083441997701
Q110540469	6000000024775086559
Q11054050	6000000074782741229
Q110540892	6000000002949565407
Q110541487	6000000076750234042
Q110542528	6000000012167495416
Q110542533	6000000084994513139
Q110542614	6000000098314963898
Q110542625	6000000124954169938
Q110542631	6000000055401511831
Q110542732	6000000017719940052
Q11054402	6000000057006818045
Q11054568	6000000141503176821
Q11054580	6000000011325396875
Q110547766	6000000032842482524
Q110547992	6000000012813718363
Q110548014	6000000006127598321
Q110548035	6000000013398638722
Q110548069	6000000006127732102
Q110548155	6000000004579994164
Q110548166	6000000020749607609
Q110548291	6000000007436539279
Q110548292	6000000007436382801
Q110548293	6000000007436501464
Q110548317	6000000004160997724
Q110548327	6000000004160989959
Q110548328	6000000006127726790
Q110548337	6000000007271536764
Q110548338	6000000006127473829
Q110548741	6000000005749660523
Q110548777	6000000009187475504
Q110548796	6000000176851791835
Q110548811	6000000006127601865
Q110548837	6000000009956967059
Q110548874	6000000008639058512
Q110548876	6000000008638504020
Q110548879	6000000011377033771
Q110548953	6000000002360157423
Q110549065	6000000006727794514
Q110549219	6000000001504701993
Q110549230	6000000011376565700
Q110549347	6000000011594040239
Q110549351	6000000013871049983
Q110549355	6000000006128354721
Q110549358	6000000020167182202
Q110549450	6000000007773104021
Q110549453	6000000001504748457
Q110549454	6000000007772996597
Q110549455	6000000007773148707
Q110549456	6000000007981009681
Q110549457	6000000003926680823
Q110549502	6000000010374050553
Q110549503	6000000001504913421
Q110549515	4974628313160132147
Q110549528	4975677156930113984
Q110549529	6000000003814514634
Q110549663	6000000002835714488
Q110549664	6000000003827561563
Q110549669	6000000006120459844
Q110549676	6000000003827542924
Q110549827	6000000003741179267
Q110550101	6000000061965844821
Q110550186	6000000044065060559
Q110550189	6000000015293286249
Q11055079	6000000009522117757
Q110550975	6000000014241493495
Q110551428	6000000075745080824
Q110551583	6000000013751724904
Q1105516	6000000034456328365
Q110551979	6000000027364628207
Q110552733	5560520310270038135
Q110553408	6000000021149590826
Q110555116	6000000028047436452
Q110555380	6000000021037449683
Q110555434	6000000020279139185
Q110555444	6000000020688478940
Q110556146	6000000017231820916
Q110556147	6000000017233461780
Q110556257	6000000022105153160
Q110556259	6000000022105209953
Q110556260	6000000022104951723
Q110556266	6000000024997798948
Q110556269	6000000017846869077
Q110556272	6000000017846664396
Q110556281	6000000108656817943
Q11055633	6000000013925080363
Q110557802	6000000018067189227
Q110557803	6000000019107268438
Q110557805	6000000019107813214
Q110557809	6000000018067539168
Q110557876	6000000001043099110
Q110557877	373045741510013198
Q110557905	6000000019106905710
Q110557906	6000000019107540509
Q110558027	6000000031183031085
Q110558045	6000000017195064148
Q110558048	6000000034932487872
Q110558092	6000000019694351233
Q110558094	6000000019694373126
Q110558139	6000000016252224641
Q110558147	6000000016252410550
Q110558159	6000000024531335585
Q110558163	6000000018461243191
Q110558165	6000000018461243197
Q110558222	6000000025727486902
Q110558228	6000000018699683478
Q110558240	6000000010141219213
Q110558245	6000000023498342696
Q110558428	6000000083888322086
Q110558428	6000000216729751825
Q110558514	6000000021355680912
Q110558515	6000000022848716267
Q110558528	6000000021329350307
Q110558532	6000000018791227049
Q110558547	6000000024403259259
Q110558549	6000000028022070542
Q110558554	6000000015423431254
Q110558561	6000000002882836353
Q110558563	6000000021367722411
Q110558620	6000000018270745737
Q110558621	6000000015353197408
Q110558623	6000000007389830543
Q110558865	6000000018222723122
Q110558867	6000000018222628176
Q110558909	6000000032775200139
Q110558965	6000000018156238598
Q110559742	6000000052798410561
Q110560193	6000000008395298703
Q110560457	6000000016600346391
Q110560459	6000000101388122929
Q110560483	6000000024556102990
Q110560484	6000000181417709871
Q110560485	6000000181419134821
Q110560530	331326004840012238
Q110560597	6000000070624662877
Q110560866	6000000180099162828
Q110560909	6000000180098822874
Q110561170	6000000112861289900
Q110561304	6000000004144977368
Q110561325	6000000017244009678
Q110561447	6000000032699752515
Q110561453	6000000016657758644
Q110561454	6000000016657922193
Q110561465	6000000016657204548
Q110561466	6000000016657903384
Q110561472	6000000016658020115
Q110561473	6000000009440404217
Q1105615	6000000012644016961
Q110561535	6000000020769557894
Q110561812	6000000015461366176
Q110562	6000000006718620585
Q110563840	6000000180098419882
Q110564617	6000000004690627481
Q110564892	6000000058207749863
Q110564956	6000000040386599121
Q11056602	6000000159554277857
Q110566491	6000000006906597206
Q11056697	6000000015413118245
Q110567796	6000000014951313117
Q110567832	6000000180099145822
Q110567942	6000000223444088854
Q11056893	6000000026939579316
Q110569436	6000000006206290383
Q110571377	6000000011643833836
Q110571377	6000000157675674864
Q110571387	6000000011643779621
Q110571387	6000000157676379833
Q110571408	6000000030159803983
Q110571413	6000000077978407226
Q110571533	6000000077978061804
Q110571536	6000000077996780969
Q110571538	6000000157674456850
Q110571539	6000000015496749118
Q110571706	6000000157697347839
Q110572251	6000000017101012453
Q110572638	6000000138547738909
Q110573185	6000000025782801272
Q11057332	6000000075422269906
Q110573379	6000000001504659446
Q110574017	6000000027705608922
Q110574021	6000000102344553925
Q110574026	6000000102329928129
Q110574031	6000000010598836326
Q110574032	6000000010598594503
Q110574476	6000000010598696088
Q110574482	6000000010598793554
Q110574919	6000000003828248315
Q110576138	6000000010660243197
Q110576231	6000000058059245946
Q110576458	6000000015846077009
Q110576469	6000000084036017163
Q110576502	6000000023726672673
Q110576509	6000000082623118193
Q110576510	6000000001520491058
Q110576652	6000000017925970119
Q110576740	6000000009214493773
Q110576772	6000000013389092052
Q110576852	6000000013389420622
Q110577316	6000000012886164276
Q110577608	6000000090283569033
Q110577626	6000000077165228690
Q110577804	373727017770013547
Q110578056	6000000079112333117
Q110578158	6000000004533089831
Q110579454	6000000029408166873
Q110579775	6000000024709489729
Q110579829	6000000017667325333
Q110579836	6000000017667453502
Q110580	6000000036515025368
Q110580125	6000000003827701468
Q110580126	6000000003828058950
Q110580127	6000000003828058727
Q110580128	6000000003827701461
Q110580129	6000000028648605086
Q110580130	6000000003828058669
Q110580413	6000000003827937676
Q110580559	6000000003828058974
Q110580560	6000000003828058956
Q110580631	6000000001925577637
Q110580813	6000000084606437353
Q110581492	6000000004867339291
Q110582196	6000000024333234011
Q110583168	6000000175022689226
Q110583223	6000000175024193858
Q110583995	6000000053972164335
Q110584008	6000000011360478876
Q1105842	6000000024032824269
Q110584782	6000000002199010303
Q110584789	6000000071320673833
Q110584978	6000000181232639844
Q110585019	6000000000348881456
Q110585450	6000000212451317845
Q110586107	6000000045421234901
Q110586224	6000000033803802082
Q110586247	6000000017514704971
Q110586311	6000000007963134534
Q110586359	6000000017514704964
Q110586420	6000000067051399887
Q110586437	6000000007963145183
Q110586574	6000000041453349247
Q110586657	6000000004269648464
Q11058676	6000000075507786848
Q110586805	6000000119844063821
Q110586857	6000000015715802251
Q110586858	6000000022925072880
Q110586960	6000000070656244837
Q110587773	6000000040445618248
Q110587773	6000000103947943822
Q110587856	6000000013028065231
Q110588041	6000000040446292950
Q110588132	356780048590007950
Q110588184	6000000022439005237
Q110588200	6000000015715381290
Q110588208	6000000003493396415
Q110588223	6000000086538984845
Q110588225	6000000086538774856
Q110588229	6000000086538860866
Q110588303	6000000029952545068
Q110588328	6000000015700590096
Q110588386	6000000033508280850
Q110588416	6000000084382450889
Q110589143	6000000069523761831
Q110589221	6000000035255897823
Q110589229	6000000034746242400
Q110589252	6000000017748632082
Q110589361	6000000005598801817
Q110589370	6000000006802942742
Q110589371	6000000001783222715
Q110589496	6000000027937741427
Q110589498	6000000010141476750
Q110589499	6000000010141542219
Q110589500	6000000010141117141
Q110589517	6000000010141231665
Q11058952	6000000075507467965
Q110589530	6000000010141156880
Q110589534	6000000027940416112
Q110589543	6000000010141410113
Q110589544	6000000020061148287
Q110589562	6000000021084802306
Q110589572	6000000020060104863
Q110589581	6000000020061213477
Q110589583	6000000027944523415
Q110589584	6000000027943747576
Q110589585	6000000027946858058
Q110589586	6000000001226953374
Q110589588	6000000027946549928
Q110589589	6000000000365917868
Q110589603	6000000027946644123
Q110589604	6000000027946223577
Q110589605	6000000027946836068
Q110589606	6000000027946796535
Q110589607	6000000027946859962
Q110589608	6000000027946949960
Q110589609	6000000027946917920
Q110590103	6000000035532408546
Q110591695	6000000032392995755
Q110592166	6000000029978345338
Q110592173	6000000081365625756
Q11059251	6000000017337482710
Q110594411	6000000005220454433
Q110594831	6000000120855607836
Q110596010	6000000042082783374
Q1105968	6000000024989876281
Q110597	6000000027254029408
Q1105982	6000000024989513705
Q11059828	6000000074703697844
Q11060056	6000000075326745998
Q110601269	6000000017824801591
Q11060143	6000000075507953854
Q110601894	6000000031983424160
Q110602351	6000000002818399190
Q110602797	6000000026337628596
Q110602797	6000000154738725870
Q110603152	6000000022601455934
Q110603152	6000000140779851828
Q110603153	6000000022601189295
Q110603154	6000000022601255551
Q110603156	6000000022601123430
Q110603156	6000000140777316135
Q110603596	6000000180928043848
Q110603606	6000000018914599151
Q110603611	6000000025899823037
Q110603616	6000000019133888989
Q1106037	6000000010801610749
Q110603807	6000000025861098182
Q110603808	6000000025861243896
Q110603810	6000000025861154075
Q110604213	6000000025912661426
Q110604227	6000000016239045823
Q110604638	6000000019258389526
Q110604644	6000000019258619780
Q110604645	6000000037489239908
Q110604692	6000000024713930344
Q110604693	6000000016547945708
Q110604848	6000000016239139262
Q110604856	6000000019217965328
Q110605021	6000000015086190130
Q110605022	6000000018155751243
Q110605023	6000000018155782224
Q110605025	6000000060745692833
Q110605026	6000000060745476969
Q110605029	6000000060745548946
Q110605030	6000000060745670922
Q110605031	6000000060745556978
Q110605033	6000000060745371042
Q110605035	6000000018155814405
Q110605039	6000000027751374371
Q110605066	6000000017171735327
Q110605290	6000000019693202633
Q110605304	6000000119114465877
Q110605315	6000000020150502603
Q110606323	6000000182336855822
Q110607048	6000000086196150821
Q110607851	6000000061734806968
Q110607865	6000000017884113907
Q110608701	6000000034519305176
Q110608879	6000000108629792047
Q110608879	6000000124245680013
Q110608951	6000000017225135737
Q110608958	6000000067333963874
Q110609009	6000000082751956925
Q110609055	6000000050859873897
Q110609082	6000000009360913713
Q110609122	6000000002821572155
Q110609125	6000000009412657867
Q110609127	6000000012695677388
Q110611366	6000000028559725070
Q110611368	6000000000091600043
Q110611369	6000000000091341994
Q110611387	6000000002465044400
Q110611388	6000000002323156955
Q110611389	6000000002323111985
Q110611432	6000000013451980867
Q110611434	6000000000890093742
Q110611436	4106816908980078169
Q110611437	6000000001288208815
Q110611502	6000000011812479178
Q110611503	6000000007882263189
Q110611504	6000000019057406421
Q110611506	6000000013569987459
Q110611510	6000000001634193943
Q110611513	6000000007456709705
Q110611557	6000000002898226307
Q110611558	6000000014516784534
Q110611559	6000000020091021118
Q110611562	6000000018716852107
Q110611563	6000000020091839111
Q110611580	6000000020090927823
Q110611581	6000000008949451288
Q110611678	6000000002898226324
Q110611679	6000000014909613960
Q110611680	6000000007370576220
Q110611682	6000000007370338796
Q110611683	6000000017722476380
Q110611685	6000000007370054008
Q110611686	6000000007370378533
Q110611687	6000000004079679951
Q110611690	6000000018224931368
Q110611692	6000000018225723204
Q110612411	6000000014098059316
Q110612426	6000000076367051867
Q110612469	6000000006422134028
Q110612470	6000000004286855113
Q110612471	6000000005597714616
Q110612478	6000000005088879399
Q110612479	6000000004639410457
Q110612480	6000000004639442335
Q110612481	6000000004355257160
Q110612538	6000000004355240845
Q110612542	6000000004355702617
Q110612545	6000000000741271725
Q110612796	6000000006422154676
Q110612797	6000000006422192785
Q110612803	6000000005597706462
Q110612805	6000000006422154650
Q110612806	5314305955050113262
Q110612815	6000000002005732232
Q110612834	6000000006422146579
Q110612851	6000000016811870276
Q110613368	6000000081730836875
Q110613370	6000000179097971936
Q110613497	6000000002906860048
Q110613861	6000000017023182241
Q110613865	6000000022192011174
Q110614	6000000024195648138
Q110614218	6000000025565356627
Q110614676	6000000030006764273
Q110614700	6000000017153891614
Q110614731	6000000042701296960
Q110616180	6000000011088125946
Q110617563	6000000175498637001
Q1106183	6000000089712616004
Q110618685	6000000014775544883
Q110618909	6000000011161148850
Q110619268	6000000007436556248
Q110619271	6000000008778423339
Q110619272	6000000008778359577
Q110619279	6000000009483815207
Q110619281	6000000007455531453
Q110619282	6000000009153379162
Q110619291	6000000009153379168
Q110619292	6000000011504099029
Q110619305	6000000009188876799
Q110619314	6000000008690700228
Q110619316	6000000011526837715
Q110619322	6000000010793306466
Q110619323	6000000010798491501
Q110619324	6000000010933407203
Q110619329	6000000011386947083
Q110619332	6000000011386501975
Q110619335	6000000009827315187
Q110619336	6000000011387025504
Q110619338	6000000013506008116
Q110619340	6000000008880021316
Q110619341	6000000009637969292
Q110619348	6000000010798483320
Q110619349	6000000008707464244
Q110619350	6000000008969109688
Q110619356	6000000011494559738
Q110619360	6000000011713396973
Q110619361	6000000008528959770
Q110619362	6000000008592509204
Q110619363	6000000008572718260
Q110619365	6000000008572441706
Q110619370	6000000009719478617
Q110619371	6000000010795399404
Q110619401	6000000025595550201
Q110619416	6000000010793576857
Q110619417	6000000010793776143
Q110620375	6000000029290720702
Q110620812	6000000010639437944
Q110621079	6000000000061540003
Q110621124	6000000007436564218
Q110621126	6000000008753904555
Q110621127	6000000008572882109
Q110621143	6000000011494696714
Q110621151	6000000008528466364
Q110621152	6000000008572730375
Q110621153	6000000008572730381
Q110621154	6000000012462195178
Q110621155	6000000012462615066
Q110621204	6000000008528774410
Q110621205	6000000011548372695
Q110621206	6000000019365383443
Q110621207	6000000026089952462
Q110621209	6000000109517882861
Q110621211	6000000212382039835
Q110621214	6000000184342049834
Q110621215	6000000019365402836
Q110621216	6000000008529207052
Q110621217	6000000008528774415
Q110621276	6000000012588409617
Q110621277	6000000000866363359
Q110621278	6000000012430510212
Q110621279	6000000148157545899
Q110621280	6000000148150402326
Q110621298	6000000012588521288
Q110621304	6000000040633549011
Q110621385	6000000008690703646
Q110621389	6000000010187733377
Q110621390	6000000010430109054
Q110621395	6000000010187733382
Q110621397	6000000010141971277
Q110621493	6000000008964783970
Q110621494	6000000011494589031
Q110621507	6000000034867500886
Q110621558	6000000009987761647
Q110621559	6000000009996780195
Q110621560	6000000009996780200
Q110621561	6000000009996926939
Q110621565	6000000009987761652
Q110621566	6000000009996756896
Q110621567	6000000009996756901
Q110621568	6000000008778159107
Q110621573	6000000007436561215
Q110621583	6000000003273408050
Q110621584	6000000019397186525
Q110621592	6000000003273408130
Q1106216	6000000000648351447
Q110621617	6000000003827612059
Q110621625	6000000003828405790
Q110621626	6000000003828405796
Q110621693	6000000040438952304
Q110621697	6000000083380639777
Q110621751	6000000037791813988
Q110621752	6000000037791566547
Q110621754	6000000033987429180
Q110621769	6000000014171410983
Q1106218	6000000000648426110
Q110622205	6000000077445541041
Q110622345	6000000051597667954
Q110622795	6000000101137428853
Q110622805	6000000101135872994
Q110622817	6000000014450275235
Q110622942	6000000028584734998
Q110622993	6000000004593265065
Q110623062	6000000017950717462
Q110623063	6000000017865227011
Q110623094	6000000004285884427
Q110623096	6000000009688964037
Q110623518	6000000047971790821
Q110624146	6000000088268723859
Q110624621	6000000015241964070
Q110624623	2714329
Q110624627	2714445
Q110624637	6000000004545950860
Q110624645	2714222
Q110625303	355207686040010967
Q110626668	6000000011253488501
Q110628936	6000000007108965623
Q110629539	6000000097709098897
Q110629539	6000000203438945821
Q11062971	6000000075500420292
Q110629772	6000000007572611621
Q110632065	6000000024402019457
Q110632075	6000000019700729899
Q110632133	6000000129296218823
Q1106324	6000000175436605983
Q1106331	6000000000241629640
Q110633322	6000000129678478919
Q110633934	6000000006707477434
Q110634	6000000010324648392
Q11063401	6000000036444133141
Q110634110	6000000007058704370
Q110634617	6000000013651356648
Q110634723	6000000010591537806
Q110634768	6000000017924619273
Q110634772	6000000022617352385
Q110634810	6000000015450661354
Q110634825	6000000013493247928
Q110635082	6000000010041304202
Q110635084	6000000015365523447
Q110635085	6000000010860706388
Q110635088	6000000025501349876
Q110635615	6000000011145964787
Q110635634	6000000011145917717
Q110635637	6000000017206735392
Q11063573	6000000075480985544
Q110636092	6000000179926155889
Q110636106	6000000179930621821
Q110636248	6000000000505622231
Q11063634	6000000075506879888
Q11063709	6000000161810104916
Q110637123	6000000019997995302
Q110637315	6000000019980535545
Q110637316	6000000021702329685
Q110637368	6000000156511857833
Q110637369	6000000024733395034
Q110637669	6000000087261184991
Q110637862	6000000004078617173
Q11063830	6000000075429069352
Q110639079	6000000087261055968
Q110639091	6000000025185413657
Q110639092	6000000012932774349
Q110639093	6000000012932630795
Q110639096	6000000014224906679
Q110639097	6000000077246391260
Q110639143	6000000011715384599
Q110639144	6000000023171595958
Q110639147	6000000011715434722
Q110639152	6000000023171616996
Q110639154	6000000023171481141
Q110639244	6000000039256436084
Q110639257	6000000002997355193
Q110639258	6000000002997729118
Q110639259	6000000002997724188
Q110639260	6000000002997561667
Q110639261	6000000011387332021
Q110639262	6000000012107697797
Q110639264	6000000002997718169
Q110639265	6000000002997664687
Q110639267	6000000020253135749
Q110639268	6000000020253343340
Q110639269	6000000021599519089
Q110639271	6000000021598422453
Q110639272	6000000021599767947
Q110639274	6000000019184712141
Q110639275	6000000019184695143
Q110639277	6000000019184764443
Q110639279	6000000019184897556
Q110639280	6000000019184654694
Q110639281	6000000021209678300
Q110639282	6000000021209626409
Q110639283	6000000019184692381
Q110639285	6000000020253135729
Q110639286	6000000020253473271
Q110639292	6000000002386033985
Q110639306	6000000002386253469
Q110639309	6000000012106379034
Q110639314	6000000002386196829
Q110639315	6000000002538364381
Q110639316	6000000002538446560
Q110639318	6000000002538319886
Q110639319	4664596863730016772
Q110639323	4664644601730016782
Q110639379	6000000013287408334
Q110639394	6000000031323683935
Q110639395	6000000039266571352
Q110639411	6000000039266202763
Q110639478	6000000023171834866
Q110639478	6000000039266399441
Q110639479	6000000023171024360
Q11063948	6000000075407017833
Q110639673	6000000183726931863
Q110639951	6000000025469799760
Q110639990	6000000002997483505
Q110640010	6000000010556781182
Q110640033	6000000010556781177
Q110640034	6000000003502064257
Q110640060	6000000011465524536
Q110640061	6000000011461028299
Q110640064	6000000011451160155
Q110640068	6000000021209702035
Q110640070	6000000007690673557
Q110640072	6000000007690287069
Q110640073	6000000007690146181
Q110640074	6000000012431015815
Q110640076	6000000007690721279
Q110640078	6000000014091305428
Q110640079	6000000014091577449
Q110640081	6000000010762294705
Q110640082	6000000077640584588
Q110640083	6000000184653777823
Q110640090	6000000019483911043
Q110640091	6000000021599828063
Q110640092	6000000012104738524
Q110640093	6000000004357701414
Q110640094	6000000004357689581
Q110640095	6000000004357744228
Q110640113	6000000002457034213
Q110640114	6000000002355342495
Q110640120	6000000012105373398
Q110640123	6000000042741704884
Q110640124	6000000002457007451
Q110640127	6000000063928698874
Q110640131	6000000012273978379
Q110640132	6000000020095675197
Q110640133	6000000020095705073
Q110640134	6000000014637334677
Q110640151	6000000057965898950
Q110640154	6000000068757439241
Q110640157	6000000017268450880
Q110640160	6000000021660401903
Q110640161	6000000021658989713
Q110640162	6000000004668305672
Q110640163	6000000021658939488
Q110640164	6000000021660320040
Q110640532	6000000021121483332
Q110640859	6000000014485229740
Q110640860	6000000013474409144
Q110640861	6000000017820681556
Q110640863	6000000017874178288
Q110640865	6000000017820149754
Q110640868	6000000013473479666
Q110640869	6000000012821898556
Q110640943	6000000001023097289
Q110641041	6000000024948716935
Q110641056	6000000021418443198
Q110641057	6000000021418591325
Q11064297	6000000013754454779
Q110643259	6000000012288491465
Q110643269	6000000012288147591
Q110643346	6000000012288299534
Q110643389	6000000015595136612
Q11064340	6000000075607202824
Q110644334	6000000000154170781
Q110644437	6000000032418074763
Q110644654	6000000016753223297
Q110645301	6000000032417942561
Q110645447	6000000031989296496
Q110645519	6000000083305807249
Q110645526	6000000083306467879
Q110646649	6000000113487590086
Q110646767	5337073117800103952
Q110646871	6000000020023488628
Q110646872	6000000000475160439
Q110646874	6000000076925328376
Q110646875	6000000000475164466
Q110646876	6000000003939060954
Q110646878	6000000003149525139
Q110646900	6000000032884833573
Q110646903	6000000032885395198
Q110646904	6000000059233052307
Q110646905	6000000039967465492
Q110646906	6000000035170408134
Q110646907	6000000032464838189
Q110646909	6000000032277156851
Q110646910	6000000032464555129
Q110646912	6000000003075878143
Q110647046	6000000003939521663
Q110647047	6000000003940531795
Q110647050	6000000003939521606
Q110647051	6000000018737654109
Q110647052	6000000009430351379
Q110647055	388130908410007397
Q110647075	6000000035456109892
Q110647078	6000000035455899395
Q110647080	6000000035456278954
Q110647081	6000000035456115272
Q110647082	6000000035456154305
Q110647083	6000000035457222259
Q110647084	6000000010081087929
Q110647085	6000000006581963770
Q110647253	6000000025132989963
Q110647646	6000000012298174909
Q110647647	6000000012298174885
Q110647649	6000000004077153685
Q110647656	6000000012298255331
Q110647657	6000000003937966975
Q110647659	6000000003937966490
Q110647661	6000000003937966497
Q110647663	6000000008043698273
Q110647783	6000000001080329475
Q110647784	6000000002766574520
Q110647802	6000000006253682907
Q110647840	308277362330006486
Q110647911	370056329900013825
Q110647912	370055903390006065
Q110647913	6000000007509922807
Q110647914	6000000004593191577
Q110647915	4293324916810051554
Q110647935	6000000004545950725
Q110647937	2715216
Q110647946	6000000004545950743
Q110647947	6000000003725779079
Q110648081	6000000015508273385
Q110648134	6000000000550170460
Q110648716	6000000003022189876
Q110649152	6000000003022175563
Q110649156	6000000002183171839
Q110649162	6000000000426733299
Q110649180	6000000002183171790
Q110649399	6000000007659463870
Q110649401	323193421300006436
Q110649402	6000000004237732173
Q110649552	6000000003939121158
Q110650	6000000000689842580
Q110651363	6000000012710456898
Q110651365	6000000012710545133
Q110651366	6000000090802258144
Q1106514	6000000174936275954
Q110651422	6000000020050732260
Q110651423	6000000008231180676
Q110651448	6000000007602981189
Q110651458	6000000003221403364
Q110651459	6000000003221403274
Q110651460	6000000006444452783
Q110651461	6000000003853700617
Q110651484	6000000022188093824
Q110651490	6000000024116136361
Q110651491	6000000024116074383
Q110651493	6000000013194593926
Q110651494	6000000007217188748
Q110651497	6000000007162390908
Q110651499	6000000000817015257
Q110651500	6000000009115952563
Q110651501	6000000026942522841
Q110651517	6000000036820981169
Q110651918	6000000006928737622
Q110652396	6000000004593345488
Q110652695	6000000028649134606
Q110652910	6000000028649541386
Q110653081	6000000028022828146
Q110653139	6000000008231133558
Q110653278	6000000012385498221
Q110653295	6000000179152792927
Q1106533	6000000011080916504
Q110653593	6000000018347357459
Q110653595	356779127420007976
Q110653615	6000000003177487303
Q110653616	6000000003183126285
Q110653619	6000000003177827460
Q110653627	6000000003177827301
Q110653629	6000000004079171245
Q110653641	356769867420005803
Q110653642	6000000002173209367
Q110653643	6000000003937884634
Q110653644	6000000003938831402
Q110653646	6000000002006417433
Q110653680	6000000033803766047
Q110653683	6000000009027924939
Q110653692	6000000033803133028
Q110653699	6000000017045302192
Q110653708	6000000003512180316
Q110653789	6000000012889518425
Q110653873	6000000028429224259
Q110653875	6000000003469400499
Q110653876	6000000003939402385
Q110653939	6000000017236037474
Q1106547	6000000015562359979
Q110654945	6000000007501064601
Q110655183	6000000013895762142
Q110655338	6000000020050012155
Q110655364	6000000018688976955
Q11065547	6000000081303936887
Q110655603	6000000209795792434
Q11065581	6000000042828544056
Q110656084	6000000018798117038
Q110656217	6000000009858128777
Q110656401	6000000009886594747
Q110656434	6000000003908297013
Q110656466	6000000000487334121
Q110657568	6000000015508190344
Q110657741	6000000006332779159
Q110657833	6000000017835738781
Q110657986	6000000019540803162
Q11065853	6000000042208743896
Q110658564	6000000012471761505
Q110658611	6000000000722248004
Q110658614	6000000018603506042
Q11065894	6000000180950566861
Q110659127	6000000175421541834
Q110659294	6000000008698839646
Q110659326	6000000074936592834
Q110659358	6000000018279810130
Q110659891	6000000017267340987
Q1106621	6000000100555121093
Q110662388	6000000036491638377
Q110663191	6000000019540803156
Q110663404	6000000013235508029
Q110663426	6000000013235883863
Q110663588	6000000003956851240
Q110663633	6000000004594035354
Q110663636	6000000008296804877
Q110663637	6000000021529726147
Q110663639	300676231490008986
Q110663642	6000000024865089913
Q110663699	6000000012105704386
Q110663735	6000000013235674928
Q110663774	6000000111009653908
Q110663778	6000000003939689408
Q110663778	6000000020747078805
Q110663779	6000000000426609133
Q110663847	6000000013237332333
Q110663848	6000000046684737875
Q110663853	6000000034458468307
Q110663856	6000000015997457429
Q110663860	6000000013038828847
Q110664034	337537765150004984
Q11066432	6000000074790473042
Q11066461	6000000074726855370
Q11066466	6000000074784825765
Q11066467	6000000074789116977
Q11066492	6000000075425757964
Q11066492	6000000075484210975
Q110664961	6000000030748731475
Q110665058	6000000091289542853
Q11066521	6000000015751694346
Q11066524	6000000015751768305
Q11066525	6000000075617100861
Q11066542	6000000075484356886
Q11066568	6000000074735196482
Q11066587	6000000074787278358
Q11066644	6000000074685387936
Q11066647	6000000074684887621
Q11066648	6000000075328386031
Q11066651	6000000074685005316
Q11066658	6000000075405106138
Q11066675	6000000074686201294
Q11066676	6000000074686837833
Q11066678	6000000074686780882
Q11066700	6000000001563525922
Q110667130	6000000025095668219
Q11066741	6000000075484231833
Q11066773	6000000074684636715
Q11066774	6000000074685674923
Q1106683	6000000013639297318
Q1106692	6000000017799804233
Q11066946	6000000034341016958
Q11066970	6000000074685926192
Q11066975	6000000075049017987
Q1106698	6000000003567022528
Q11066981	6000000074685523826
Q110670210	6000000019346190540
Q1106712	6000000053994040964
Q11067162	6000000074733529937
Q11067182	6000000074790610972
Q11067267	6000000074747435898
Q1106736	6000000058756560136
Q110673675	6000000020149132350
Q1106737	6000000073707371221
Q11067422	6000000074725996046
Q11067442	6000000211068078821
Q110674911	6000000013417909212
Q110675316	6000000008244801096
Q11067556	6000000074786601877
Q11067580	6000000074733500828
Q110676	6000000003366742307
Q11067617	6000000034354402310
Q11067619	6000000034355557887
Q1106763	6000000137536952864
Q11067666	6000000019586538029
Q11067676	6000000074787722992
Q11067700	6000000074790553023
Q110677278	6000000013487259579
Q11067737	6000000075484333017
Q11067741	6000000045959242141
Q11067770	6000000074789076007
Q11067782	6000000075483981829
Q110677839	6000000018163079358
Q110677844	6000000030850517333
Q1106787	6000000014024065777
Q110679879	6000000009638621777
Q11067999	6000000071698039902
Q11068000	6000000071697876978
Q11068011	6000000019459090026
Q11068027	6000000015873346176
Q110680271	6000000016227971975
Q11068035	6000000019459267063
Q110680402	6000000016229172245
Q11068059	6000000075611067369
Q11068072	6000000074710894893
Q11068115	6000000075483192058
Q11068117	6000000074751477843
Q11068118	6000000049403861111
Q11068119	6000000031549116744
Q11068126	6000000015751854155
Q11068138	6000000019599193938
Q110681534	6000000012375872098
Q110681846	6000000119133256890
Q110682200	6000000011637319223
Q11068286	6000000075484033987
Q11068335	6000000075484228041
Q1106834	6000000031369409663
Q110683443	6000000008270326312
Q11068354	6000000012611272640
Q11068362	6000000019265583922
Q11068362	6000000075506408836
Q11068363	6000000075507161018
Q11068364	6000000075507095943
Q11068366	6000000075483989099
Q11068368	6000000075483544138
Q11068396	6000000075509029822
Q11068419	6000000011626273999
Q110684387	6000000005090823380
Q110684491	6000000013296693678
Q11068469	6000000186076378567
Q11068496	6000000074744867224
Q11068526	6000000029861248761
Q11068539	6000000046994482357
Q11068566	6000000071697231339
Q11068577	6000000075607357882
Q11068590	6000000019266087438
Q11068591	6000000019186578986
Q11068631	6000000074736854923
Q11068637	6000000025022428142
Q11068651	6000000172457790323
Q11068661	6000000015751716592
Q11068683	6000000075483640139
Q11068685	6000000049404273833
Q11068700	6000000039010630072
Q110687150	6000000009855652059
Q11068721	6000000075484332997
Q11068759	6000000074737139912
Q11068763	6000000075610954048
Q11068789	6000000074686413177
Q110688079	6000000009420193935
Q11068808	6000000075482194562
Q11068813	6000000075504857866
Q110688166	6000000023714474621
Q110688169	6000000019251072622
Q110688170	6000000002824542129
Q110688215	6000000005986989014
Q110688218	6000000005441336896
Q110688371	6000000015558214888
Q110688372	6000000015558650162
Q110688376	6000000015558274494
Q110688377	6000000015558141857
Q110688378	6000000032439692552
Q110688380	6000000008681732490
Q110688382	6000000008681620538
Q110688385	6000000008681929341
Q1106884	6000000017392431941
Q11068849	6000000039010801989
Q11068853	6000000075484002903
Q110688637	6000000000624587200
Q11068865	6000000074685365162
Q11068880	6000000054755793829
Q11068891	6000000019266018193
Q11068892	6000000019265705675
Q110689158	6000000024975384341
Q110689159	6000000024975522082
Q110689160	6000000004593117937
Q110689168	6000000004593117904
Q110689172	6000000000498752868
Q1106892	6000000022295695118
Q110689216	6000000000498716693
Q110689219	6000000000498682716
Q11068959	6000000074686387154
Q110689645	6000000026899608361
Q110689646	6000000026900917046
Q110689647	6000000026899409329
Q110689798	6000000077763693621
Q110689800	6000000021717412715
Q11068988	6000000074736358863
Q11069021	6000000019265830212
Q11069025	6000000075507013037
Q11069026	6000000017243833882
Q11069036	6000000015751809050
Q11069048	6000000019570125714
Q11069070	6000000075483932031
Q11069075	6000000075049151057
Q11069079	6000000074792604849
Q11069089	6000000075328653848
Q11069090	6000000074737445008
Q110691	6000000002764436224
Q11069239	6000000069471201382
Q11069262	6000000049405561011
Q11069272	6000000075328353015
Q11069284	6000000047508146870
Q110693036	6000000006864860678
Q110693472	6000000002802612083
Q110693709	365037747850002524
Q1106940	6000000030662818355
Q1106943	6000000034320062394
Q11069430	6000000075402535005
Q11069431	6000000075402245099
Q110695	6000000150630213081
Q110695432	6000000008653648925
Q110695612	6000000008653381133
Q110697	6000000018968209881
Q11069713	6000000044394129089
Q11069751	6000000075506041853
Q11069753	6000000075506035910
Q11069758	6000000075506025837
Q11069763	6000000048112739934
Q11069798	6000000048110151908
Q110698	6000000183052186840
Q1106981	6000000004070680079
Q110698220	6000000019398468883
Q11069824	6000000038918344322
Q11069851	6000000075505854971
Q110698764	6000000020986221086
Q11069883	6000000074702789847
Q11069886	6000000147131439832
Q110699104	6000000020984370620
Q11069920	6000000029185295402
Q11069925	6000000048113333848
Q11069940	6000000048112974229
Q110699556	6000000086963963921
Q11069958	6000000048110066941
Q110699845	6000000035312624720
Q110700354	6000000027513882850
Q110702045	6000000183367282839
Q110702477	6000000008248298978
Q110702505	6000000010731637718
Q11070265	6000000074789156003
Q110703	6000000184578908966
Q11070314	6000000074692100015
Q110703293	6000000000624534542
Q11070330	6000000074759161824
Q110703340	6000000006101027645
Q11070389	6000000074687917978
Q11070396	6000000075049141244
Q11070401	6000000075508751951
Q11070436	6000000074749144049
Q110704407	6000000021947172576
Q110704409	6000000021988987011
Q110704410	6000000021989004585
Q110704412	6000000021989175554
Q110704416	6000000021989186708
Q11070447	6000000074692178011
Q110704479	6000000021988800612
Q110704508	6000000021989057028
Q110704514	6000000021947043327
Q110704526	6000000019091753262
Q110704735	6000000021989279684
Q11070478	6000000075551110384
Q110704780	6000000021989568871
Q110704800	6000000021989140638
Q110704807	6000000021989241673
Q110705011	6000000018608696246
Q110705011	6000000019188087269
Q110705103	6000000018608237465
Q110705103	6000000019188087285
Q110705326	6000000033334506873
Q110705378	6000000018108408638
Q11070623	6000000074748759429
Q110706536	6000000007052460117
Q11070662	6000000011496145515
Q11070686	6000000075503446107
Q110706937	6000000009268287408
Q110706981	6000000009267747944
Q1107070	6000000094315061903
Q11070709	6000000074692049203
Q11070749	6000000011495915939
Q1107081	6000000041467872139
Q11070813	6000000011496075723
Q11070821	6000000011496097865
Q11070830	6000000075431685843
Q11070847	6000000075503165135
Q11070863	6000000074692588875
Q11070864	6000000011496244623
Q11070866	6000000075505573974
Q11070891	6000000075554764827
Q11070896	6000000075554454865
Q11070909	6000000075509058822
Q11070940	6000000075508492013
Q11070944	6000000074749202998
Q11070969	6000000075554677834
Q11070994	6000000074717904995
Q11070999	6000000074733066910
Q11071035	6000000075554720822
Q110713112	6000000017024602978
Q1107132	5389336017790081615
Q110713822	6000000075890814900
Q110714012	6000000019127176179
Q110714303	6000000015600736829
Q110714790	6000000010696922189
Q11071487	6000000011547378335
Q110715433	6000000006172789107
Q110715702	6000000003075818923
Q110715727	6000000003077012441
Q110715791	5414047560350073024
Q110715794	5414047585190073030
Q110715796	6000000003980340697
Q110715800	6000000001608738663
Q110715802	6000000006728054390
Q110715934	6000000003177521634
Q110715961	6000000003177606159
Q110715963	6000000002838853190
Q110716006	6000000017378838422
Q110716023	6000000006827621046
Q110716024	6000000006824776890
Q110716025	6000000003198381684
Q110716059	6000000001691726590
Q110716069	6000000001691718404
Q110716071	6000000001691703614
Q110716075	6000000001691658886
Q110716076	6000000006828218293
Q110716080	6000000006827734358
Q110716081	6000000006827657008
Q110716101	6000000000493195397
Q110716116	6000000001321405186
Q110716118	6000000003077529617
Q110716170	6000000001180247674
Q110716274	6000000012954682385
Q110716583	6000000182367764822
Q110716622	6000000014537204048
Q110716966	6000000018569421722
Q110716970	6000000018569538819
Q110716991	6000000025816362271
Q110717007	6000000030089390975
Q110717008	6000000030089185462
Q110717073	6000000019195640187
Q110717075	6000000005563028763
Q11071736	6000000075504120838
Q110718089	6000000030839399880
Q110718463	6000000009182383197
Q110718703	6000000024716989214
Q110720307	6000000027686411535
Q110721433	6000000005412931667
Q110721434	6000000073666260887
Q110721446	4332017158730061030
Q110721608	6000000117838370431
Q110721676	6000000117840115858
Q110722372	6000000036577917928
Q11072259	6000000011332757171
Q110722859	6000000057344905278
Q11072501	6000000074791561192
Q110725515	5236821434010136681
Q110726	6000000028586103349
Q110726150	6000000057820689925
Q110726545	6000000080454098962
Q110727794	6000000026051948628
Q110727843	6000000002272274710
Q110727891	6000000003681345581
Q110728058	6000000040715657878
Q110728283	6000000018144899778
Q110728379	6000000057826451851
Q110728446	6000000084292999873
Q11072851	6000000017546041314
Q110728558	6000000019560892094
Q110728800	6000000012366549100
Q110729	6000000175908937052
Q110729416	6000000013319557809
Q110729417	6000000031662148314
Q110729419	6000000013319966233
Q110729430	6000000024631725253
Q110729431	6000000001341836343
Q110729437	6000000011625206644
Q110729468	6000000018340187369
Q110729469	6000000010304399937
Q110729471	6000000010693465606
Q110729474	6000000013514957406
Q110729475	6000000018580054953
Q110729477	6000000013515059052
Q110729494	6000000016973865824
Q110729513	6000000013505155940
Q110729514	6000000013505470301
Q110729520	6000000013505863136
Q110729526	6000000000633320425
Q110729528	6000000000633368185
Q110729529	6000000010268060002
Q110729566	6000000010252937586
Q110729569	6000000003755891626
Q110729999	6000000010426065557
Q110730001	6000000015524395093
Q110730002	6000000015524395099
Q110730211	5234688468730020647
Q110730213	5234696512540065153
Q110730214	6000000000426572331
Q110730215	6000000002343351238
Q110730216	6000000033762548312
Q110730217	6000000002872196153
Q110730219	6000000000796862788
Q110730221	6000000004068171626
Q110730294	6000000064226523896
Q110730296	6000000064226149078
Q110730297	6000000064227463838
Q110730298	6000000064226821072
Q110730337	6000000064313383908
Q110730339	6000000064313597871
Q110730340	6000000022986369996
Q110730342	6000000008761059083
Q110730344	6000000008396220279
Q110730356	6000000064313778838
Q110730359	6000000064313310894
Q11073040	6000000009847316788
Q110730668	6000000001608874062
Q110730704	6000000001608781083
Q110730915	6000000008439449727
Q110730917	6000000061199723092
Q110730923	6000000016360500852
Q11073098	6000000000111159099
Q110731163	6000000194519671920
Q110731165	6000000000727193139
Q110731166	6000000007642143882
Q110731168	6000000061865399833
Q110731334	6000000016785027351
Q110731335	6000000016784930961
Q110731338	6000000016785205874
Q110731447	6000000026588265449
Q110731503	6000000012272391146
Q110731504	6000000031989345279
Q11073154	6000000054765439835
Q11073155	6000000054780572825
Q110731600	6000000018247922384
Q110733	6000000041838100052
Q110733141	6000000000791043625
Q110733146	6000000172593126073
Q110733182	6000000116613699051
Q11073321	6000000032179916077
Q11073521	6000000019151354444
Q11073524	6000000045223038896
Q11073525	6000000019151230547
Q11073526	6000000051485855827
Q11073528	6000000019151315546
Q11073529	6000000019151263533
Q11073532	6000000019169439001
Q110735645	6000000003132183628
Q110736263	6000000097503092831
Q110736460	6000000112892493862
Q110736566	6000000018301452650
Q110737634	6000000006782263114
Q110737636	6000000018154076729
Q110737841	6000000156649023853
Q110737849	6000000144184064822
Q110737876	6000000144183622858
Q110737945	6000000035538723057
Q110738155	6000000132856374847
Q110738191	6000000123454277927
Q110738192	6000000036423111755
Q110738203	6000000123454615866
Q110738675	6000000046617888849
Q110738728	6000000019118332706
Q110738729	6000000019118876086
Q110738730	6000000019118726627
Q110738731	6000000019118623844
Q110738734	6000000019118764580
Q110738876	6000000056385570088
Q11073964	6000000016625128073
Q110739669	6000000020314563292
Q110739679	6000000013489423146
Q110739822	6000000003008401270
Q110740	6000000044658784013
Q11074020	6000000012666056625
Q110740249	6000000006417873537
Q110740309	6000000019976289875
Q11074104	6000000074718927920
Q110741189	6000000174503991442
Q110743	6000000017214972198
Q110744426	6000000024433722848
Q110745275	6000000104004796075
Q11074560	6000000075507613866
Q11074611	6000000143093209822
Q110746446	6000000009894308860
Q110749208	6000000019035858535
Q110749316	6000000016347421000
Q110751191	6000000001753085432
Q110751464	6000000015128878393
Q110751637	6000000007980435970
Q110751781	6000000009624941531
Q110751991	6000000000906325276
Q110752	6000000009689662575
Q110752651	6000000146057232823
Q11075272	5580834365780057022
Q11075364	6000000002963925547
Q11075402	6000000043828643991
Q110755196	6000000020263639617
Q110755887	6000000008877890819
Q11075713	6000000075481656970
Q110758645	6000000127922984845
Q110758908	6000000023497536383
Q110759114	6000000023497617151
Q110759270	6000000023497712286
Q110760114	6000000176563114832
Q110760886	4958825542930028123
Q110760913	6000000040516580078
Q110761051	6000000052051187887
Q110761229	6000000161868918856
Q11076141	6000000074688419065
Q11076519	6000000074690478991
Q110765514	6000000048581714844
Q1107681	4153527550380010460
Q110768195	6000000004877169915
Q110768326	6000000063727848926
Q1107698	6000000156626557868
Q110770282	6000000004847058864
Q110770349	6000000022757736245
Q110770400	6000000000278102994
Q110770420	5213177923950089125
Q1107707	6000000040005372372
Q11077183	6000000075402472828
Q110772	6000000003827612086
Q11077235	6000000075373093838
Q11077334	6000000178830082893
Q1107738	6000000053121490934
Q110774595	6000000176989155821
Q110775	6000000077769601971
Q110775316	6000000021605429960
Q110775591	6000000027107066693
Q110775693	6000000020436282361
Q110775880	6000000015636289719
Q110776	4574878404650026450
Q110776032	6000000025073763197
Q110776776	6000000080181460906
Q110777068	6000000015928365153
Q110777418	6000000010543428512
Q110777977	6000000178350712853
Q110778073	6000000021503988163
Q110778075	6000000015043868668
Q110778363	6000000003424742891
Q110778414	6000000006873560123
Q1107791	6000000003367301689
Q110780106	6000000114664327283
Q110781073	6000000095948761132
Q11078300	6000000074787592039
Q1107831	6000000176090147822
Q1107839	6000000097152627825
Q110784574	6000000024582209598
Q110784871	6000000024582187778
Q110785108	6000000021424393988
Q110785128	6000000024582481270
Q110785207	6000000024582495981
Q1107855	6000000041228923064
Q110786774	6000000009380507649
Q1107868	6000000196139195847
Q110786875	6000000001504419124
Q110786878	6000000035371267851
Q110786933	6000000012418962554
Q110786965	308349263600003864
Q110786969	6000000180852948855
Q110787159	6000000001852740094
Q11078719	6000000030359268938
Q1107875	6000000175852161889
Q110787638	4102640646220036735
Q110787711	6000000031833087016
Q110787726	6000000027100433396
Q110787799	6000000012098356287
Q110787883	4896375236930057925
Q110788843	6000000089379292912
Q11079190	6000000074734147822
Q110792484	6000000007417544613
Q110793312	6000000015094176121
Q110793335	6000000139169170823
Q110793382	6000000015093799727
Q110793565	6000000015094128442
Q110793600	6000000019871410549
Q110793647	6000000015093929751
Q110793658	6000000010386001433
Q110793667	6000000015093963996
Q110793677	6000000094089580925
Q110793688	6000000019871745238
Q110793709	6000000085788626039
Q110793721	6000000019405630015
Q110793730	6000000019405685014
Q110793811	6000000019871635328
Q110793930	6000000019871755271
Q110793964	6000000005600678108
Q11079407	6000000074733032840
Q110794132	6000000035126072155
Q110794145	6000000015093991745
Q110794162	6000000015093896666
Q110794252	6000000039443227035
Q110794586	6000000039443001412
Q110797117	6000000022115873874
Q110797234	6000000144549805848
Q11079731	6000000018586405101
Q11079815	6000000075507077121
Q11079830	6000000038221048906
Q11079861	6000000057468088838
Q110799214	6000000073390430417
Q110799841	6000000000728610676
Q110800115	6000000006351731044
Q11080068	6000000075507740835
Q1108007	6000000010102192663
Q110801352	6000000005608673008
Q110801935	6000000013931436077
Q1108021	6000000010483419768
Q11080310	6000000008227398461
Q110805464	6000000053607527075
Q110805654	6000000019361983923
Q110805879	6000000020279289501
Q110805992	6000000023870809372
Q110806164	6000000027685322456
Q110806239	6000000086178822850
Q110806881	6000000056060518297
Q110807311	6000000041138654038
Q110808402	6000000002188520274
Q110808467	6000000046716713875
Q110808598	6000000035379277921
Q110809	6000000037150192931
Q110809598	6000000013930788891
Q110809650	6000000001388038047
Q110810405	6000000022538609227
Q110810963	6000000032655333895
Q11081098	6000000012617446158
Q110811078	5492215295100116367
Q110811413	6000000097615355906
Q110811486	6000000028630774938
Q110811781	6000000021386706835
Q1108127	6000000040787233114
Q110813737	6000000217555444910
Q110813880	6000000015388425691
Q110813906	6000000015388496139
Q110813908	6000000004145943059
Q1108145	6000000177324783881
Q110815160	5389704794620023703
Q110815751	6000000008327375693
Q11081693	6000000166430203475
Q110817588	6000000032055954602
Q110817722	6000000111408821941
Q110817860	6000000029081142310
Q110819152	6000000005356310006
Q110819171	6000000005380534470
Q110819348	6000000071664726022
Q110819994	6000000082601191040
Q110820051	6000000082601987862
Q110820138	6000000023772139971
Q110820847	6000000042580146582
Q110821609	6000000012000818970
Q110822	6000000014221956329
Q110822182	6000000017108060850
Q110822272	6000000017108178364
Q110822607	6000000010398747907
Q110822693	6000000041033783389
Q11082292	6000000009803265269
Q110823064	6000000001384058183
Q110823419	6000000002005263950
Q110823500	6000000069885420925
Q110823751	6000000059264273921
Q110824064	6000000014566712993
Q110824088	6000000011476331611
Q110825108	6000000009341470936
Q110826148	6000000095489412830
Q110826639	6000000048830064840
Q110827024	6000000095490038139
Q110827076	6000000095491411852
Q110827137	6000000095490540110
Q110827221	6000000095487550602
Q110829522	6000000035949619051
Q110832335	4692457729050122994
Q110832795	6000000084239671942
Q110832822	6000000008220547456
Q110832842	6000000039075321907
Q110832894	6000000023497725856
Q110832896	6000000028526628193
Q110832903	1664425
Q110832987	6000000027504781965
Q110834184	6000000054569215833
Q110835634	6000000025782717053
Q110835686	6000000026615163291
Q1108390	6000000166453533852
Q110839453	6000000045038702927
Q110839507	6000000059605714883
Q110842500	6000000058100184165
Q110842714	6000000206546849844
Q110843396	6000000051611454899
Q110843655	6000000082486925018
Q110844	6000000037772191694
Q110844534	6000000048412160903
Q110845537	6000000156423108826
Q110845900	6000000051438218946
Q11084635	6000000048486285993
Q11084646	6000000074788084866
Q110846466	6000000010323579479
Q110846611	6000000010323613523
Q11084670	6000000019265750194
Q11084708	6000000074728834834
Q11084727	6000000019264048577
Q110847868	6000000035025808946
Q1108479	6000000035452025387
Q11084797	6000000074728193214
Q11084798	6000000075506673009
Q11084814	6000000074771203830
Q11084856	6000000071237318845
Q11084899	6000000012667377216
Q11084909	6000000019264372039
Q110849545	6000000184179074827
Q11084963	6000000048486340952
Q11084974	6000000074728492076
Q110849839	6000000027236932215
Q11084989	6000000048484132001
Q11085005	6000000048486485853
Q11085005	6000000075506921862
Q110850077	6000000020721039702
Q11085037	6000000074711642955
Q11085045	6000000019264073625
Q11085115	6000000074756956072
Q110851183	6000000077494351634
Q110851184	6000000029681145056
Q110851186	6000000006086102680
Q110851188	6000000001212808784
Q110851190	6000000003897286460
Q110851383	6000000010788549811
Q110851384	6000000010788711928
Q110851385	6000000010788805383
Q110851387	6000000010788741609
Q110851388	6000000010788524594
Q110851391	6000000010788540784
Q110851471	6000000010788394854
Q110851541	6000000002764440357
Q110851624	6000000002802355661
Q110851625	6000000002764440215
Q110851631	6000000008657717639
Q11085164	6000000075428783842
Q110851645	6000000002764436073
Q110851646	6000000010689266154
Q110851680	6000000002764509993
Q11085169	6000000074757357882
Q110851718	6000000007176648517
Q110852256	6000000177567737822
Q110852305	6000000081660040992
Q11085292	6000000075502786860
Q110853148	6000000022567038797
Q110853897	6000000010432144532
Q110854337	6000000041319035967
Q110854897	6000000009084457490
Q110855656	6000000021661283249
Q110855657	6000000003868194840
Q110855658	6000000001583484016
Q110855659	6000000003075961727
Q110857185	6000000012832545515
Q1108572	6000000038174108874
Q110857294	6000000070685468685
Q1108579	6000000181997029844
Q110858556	6000000137914667857
Q110859589	6000000137917979822
Q110860	6000000003827496060
Q110860191	6000000176714783853
Q110860833	6000000008696334011
Q1108617	6000000015150232485
Q110863514	6000000121390158008
Q110863553	6000000004156244739
Q110863734	6000000121390313934
Q110863739	6000000004588752816
Q110863883	6000000041188010942
Q110863948	6000000038067284084
Q1108641	6000000046960803912
Q110864111	6000000199254193821
Q110864623	6000000026351699745
Q110864626	6000000021012163881
Q110864627	6000000018502724291
Q110864629	6000000003938518629
Q110864630	6000000003942173651
Q110864631	6000000003940648323
Q110864645	6000000018502263694
Q110864648	6000000018502295848
Q110864650	6000000003938518441
Q110864684	6000000015173430201
Q110864685	6000000020768638378
Q110864698	6000000010993035899
Q110864729	6000000004869502510
Q110864730	6000000000796900833
Q110864731	6000000002844094677
Q110864749	6000000004869502525
Q110864759	1999508
Q110864761	6000000005792971840
Q1108648	6000000000661330577
Q110864854	6000000020769038375
Q110864855	6000000040977294965
Q110864855	6000000043555914865
Q110864921	6000000040977238907
Q110864922	6000000003400141847
Q110864924	6000000000180553306
Q110864990	6000000040976503252
Q110864991	6000000042333560044
Q110865	6000000020696031471
Q110865012	6000000000517787202
Q110865012	6000000069051231913
Q110865537	308375931110007077
Q110865540	6000000018328749314
Q110865547	308907009300004697
Q110866742	6000000013224980235
Q110866808	6000000017639754061
Q110867664	6000000001565642275
Q1108694	6000000009861309378
Q110873641	6000000185840019851
Q110873665	6000000004154833407
Q110873669	6000000006741770252
Q110873671	6000000010806608644
Q110874110	6000000016822634123
Q110874167	6000000010312978532
Q110874701	6000000047118323892
Q1108751	6000000054106747821
Q110875709	6000000015609005963
Q110875797	6000000048651066861
Q110876307	6000000042510440146
Q110876467	6000000001248376449
Q110876585	6000000185124469892
Q110877940	6000000035832285109
Q110878260	6000000020375773392
Q110878561	6000000015798750011
Q110878903	6000000039621702189
Q110879	6000000015842806402
Q110879015	6000000030642248940
Q110879794	6000000096143258843
Q110879814	6000000018040246227
Q110879938	6000000012889712415
Q110880184	6000000009543616152
Q110881	6000000068738678868
Q1108813	6000000007952446212
Q11088228	6000000074702023822
Q11088322	6000000074727794565
Q11088349	6000000074747264870
Q110883595	6000000046863988428
Q110884328	6000000077104672388
Q110887619	6000000112957684821
Q110887643	6000000112957690863
Q110887648	6000000059476619441
Q110887995	6000000051223744956
Q11088813	6000000022261891675
Q110888244	6000000083589339046
Q110888331	6000000009588483250
Q1108884	6000000028767873047
Q110888842	6000000058772800923
Q110890491	6000000013333230526
Q110891753	6000000044036581829
Q110891899	6000000008605983868
Q110892184	6000000172248123889
Q110892302	6000000182521886821
Q110892635	6000000021384753024
Q110892643	6000000006608547806
Q110893	6000000129343661834
Q110893651	6000000023236500186
Q110894017	6000000006602861452
Q11089447	6000000038224435936
Q110895257	6000000006781395770
Q110895270	6000000002726798147
Q110895384	6000000008606083777
Q110895419	6000000013707853627
Q110895678	6000000008630715640
Q110895899	6000000011582440021
Q110895955	6000000006781395762
Q110895980	6000000037367402744
Q110896086	6000000039571234383
Q110896890	6000000029493658448
Q11089707	6000000075501942197
Q110897078	6000000016527215994
Q110897320	6000000031989368504
Q110897818	6000000012803090854
Q1109017	6000000064678935057
Q11090252	6000000075502687123
Q110902737	6000000013707395708
Q110902848	6000000000249667365
Q110902875	6000000016832427552
Q110903586	6000000002667834228
Q110903667	6000000021437379107
Q110903769	6000000021438875977
Q110904357	6000000058776501942
Q110905111	6000000012587952451
Q110905162	6000000026129897042
Q110905277	6000000019497405070
Q11090754	6000000075423055979
Q1109076	6000000023075692965
Q110907953	6000000008672655114
Q110908056	6000000008672799117
Q110908436	6000000012678469246
Q110908494	6000000060263814092
Q11090932	6000000040372506100
Q11090943	6000000074716896935
Q110909517	6000000020625806197
Q11090974	6000000074704491960
Q110909811	6000000060490420822
Q110910168	6000000003902928664
Q110910179	6000000006437966232
Q110910222	6000000033189087114
Q110910229	6000000021437283592
Q110910868	6000000018415487761
Q1109109	6000000080006627831
Q110911	6000000018816649924
Q110911081	6000000046869458870
Q110911209	6000000029476204226
Q110911371	6000000008408616484
Q11091215	6000000038242071178
Q11091221	6000000075407180876
Q11091293	6000000075406163367
Q11091294	6000000074704626861
Q110913551	6000000007850822237
Q11091393	6000000074716226200
Q11091394	6000000074717302869
Q110914025	6000000002855564052
Q11091403	6000000074716831130
Q110914086	6000000027290182155
Q110914123	6000000021909251821
Q110914156	6000000030305798899
Q11091416	6000000054762191823
Q110914249	6000000001129386202
Q11091459	6000000074704782822
Q11091461	6000000075486923853
Q110914627	6000000007511941519
Q11091463	6000000074716969118
Q110914703	6000000047018631845
Q110914879	6000000001178664702
Q11091489	6000000038027703135
Q11091505	6000000049630316821
Q11091549	6000000066187079882
Q110915711	6000000016280774879
Q110915869	6000000072070080029
Q11091587	6000000075607471900
Q110915971	6000000128657245957
Q11091600	6000000075614400886
Q11091610	6000000066186038254
Q11091644	6000000075431336832
Q11091645	6000000075505014215
Q110916781	6000000044299415985
Q110917130	6000000083276440255
Q110917168	6000000056259937120
Q110917178	6000000056260755081
Q110917341	6000000024727875226
Q110917499	6000000017200441186
Q110917515	6000000024640126691
Q110918443	6000000026870859225
Q11091875	6000000075326944822
Q110919	6000000094515364936
Q110919094	6000000116895957847
Q1109193	6000000008780389348
Q110920744	6000000103419383934
Q110920860	6000000024293715714
Q110922526	6000000011424589170
Q1109231	5115886520330129771
Q110923315	6000000039288681067
Q110923465	6000000014629015262
Q110923709	6000000001094838836
Q110923965	6000000064854420829
Q110923999	6000000014427803071
Q1109251	6000000179567543821
Q110928259	6000000078432015951
Q110928993	6000000017953869631
Q110929186	6000000007185266865
Q110929589	6000000003681220321
Q110929724	6000000127135810004
Q11092984	6000000075420964905
Q110929844	6000000008746637241
Q110929849	6000000020392631864
Q110929939	6000000106209005878
Q11093	6000000001956177691
Q110930	6000000014323104237
Q110931062	5590473940060124030
Q110931065	6000000026871119138
Q110931181	6000000008151864061
Q110932142	6000000005785596386
Q110932254	6000000002070165330
Q110932288	6000000009298524703
Q110932320	6000000113160418954
Q110932961	287449368980008998
Q110932990	6000000008605264765
Q110933079	6000000006767766325
Q110933508	6000000020308151032
Q110933701	6000000008940847480
Q110933853	6000000001788786634
Q110933858	6000000008806540776
Q110933967	6000000053575901001
Q110934120	6000000075747106185
Q110934568	6000000013294395414
Q110934620	6000000024935125716
Q110934665	5450894445340020465
Q110934666	6000000063292558847
Q110934667	6000000063292466894
Q110934668	6000000062713009314
Q110934682	6000000062713010875
Q110934685	6000000013430734379
Q110934691	6000000000762175608
Q110934692	6000000002175603542
Q110934694	6000000002175603576
Q110934695	6000000059190210906
Q110934696	6000000003939389775
Q110934720	6000000013430772213
Q110934721	6000000013130963484
Q110934723	6000000008181330672
Q110934733	6000000006963939497
Q110934737	6000000000426657363
Q110934743	6000000006907028368
Q110934785	6000000085354873233
Q110934821	4704288853130123198
Q110934824	6000000013153957131
Q110934882	6000000012841439326
Q110935	6000000014200068558
Q110935101	6000000013153953998
Q110935182	5051171181620077974
Q110935239	6000000002750578447
Q110935256	6000000012214194912
Q110935405	6000000008477527268
Q110935467	6000000060313288858
Q110935468	6000000083795229421
Q110935469	6000000186774207860
Q110935506	6000000048639776852
Q110935649	6000000009135634113
Q11093616	6000000074746813103
Q11093635	6000000075325974389
Q11093655	6000000075420836928
Q11093658	6000000074691021091
Q110936950	6000000016829912659
Q110937056	6000000002120913466
Q11093706	6000000074690937088
Q110937115	6000000023511750157
Q110937558	6000000072070109017
Q110937559	6000000055725014271
Q110937560	6000000002870171634
Q110937561	6000000003615452301
Q110937567	6000000002870135139
Q110937870	307561378380006449
Q110937871	6000000018013942810
Q110937872	6000000003126950924
Q110937873	6000000006386416008
Q110937874	6000000005391710713
Q110937875	6000000000430107215
Q110937876	6000000001749520283
Q110937879	4172284056770010592
Q110937880	6000000008584051125
Q110937881	6000000004273050231
Q110937940	6000000010414353074
Q110937983	6000000003681220326
Q110938013	6000000006152936135
Q110938087	6000000055705558054
Q110938090	6000000006598332059
Q110938247	6000000007709227118
Q110938258	6000000030508981475
Q110938260	6000000027780887601
Q110938261	5341283806270025485
Q110938459	6000000098346662411
Q110938510	6000000027450424248
Q11093854	6000000012622121919
Q110938620	6000000007121144458
Q1109387	6000000076960951708
Q11093876	6000000018109425493
Q110939	6000000011630877749
Q11093901	6000000012622324681
Q11093910	6000000075326622939
Q110939149	6000000013634620099
Q110939217	6000000019399422191
Q11093932	6000000074790427090
Q110939396	6000000037384871865
Q110939403	6000000037384891863
Q110939568	6000000017196834884
Q110939599	6000000140855291833
Q11093962	6000000012622534332
Q110939708	6000000002802414813
Q110940180	6000000017281421049
Q11094054	6000000075326563980
Q110940724	6000000034580060402
Q110940736	6000000024375926231
Q110940772	6000000018984432368
Q11094081	6000000073639883228
Q11094090	6000000073640440922
Q11094091	6000000073640210857
Q110940959	6000000006080302842
Q110941040	4399028518620071217
Q11094141	6000000074690575396
Q11094143	6000000074746020450
Q110941436	6000000150107479822
Q110941606	6000000013151471748
Q11094163	6000000075504973204
Q110941959	6000000018736216518
Q110941988	6000000016710982688
Q110941998	6000000017843100673
Q110942	6000000014404493912
Q11094200	6000000074736981848
Q110942010	6000000037101690126
Q110942027	6000000013950100087
Q110942033	6000000017824650725
Q11094222	6000000074711818823
Q11094247	6000000019472354353
Q110942721	6000000150159908868
Q110942814	6000000024488152230
Q110942847	6000000013952460110
Q110943189	6000000015518631676
Q110943489	6000000149913425986
Q11094352	6000000074746379097
Q110943751	6000000059002698837
Q11094396	6000000075505999062
Q110944	6000000078166103962
Q110944434	6000000013194055336
Q110944597	6000000000698433581
Q110944816	6000000080607996978
Q110945033	6000000051755675022
Q11094547	6000000075606962852
Q110945789	6000000005436379660
Q110946	6000000013824631046
Q110946235	6000000023909741589
Q110946255	6000000015184388149
Q110946259	6000000021862653058
Q110946271	5308496114970061303
Q110946276	6000000099763332933
Q11094664	6000000074711670898
Q110946673	6000000011996825318
Q110947	6000000014413339287
Q11094718	6000000019149498753
Q11094757	6000000075424689837
Q11094767	6000000075326711863
Q11094899	6000000074725612231
Q11094932	6000000075423565950
Q11094933	6000000074727286945
Q1109504	6000000156505097823
Q110950668	6000000012056844418
Q110950823	6000000007182732442
Q110951	6000000017395429311
Q110951824	6000000009894903775
Q110951935	6000000151544989822
Q110952	6000000014189933496
Q110952241	6000000028224468481
Q110952283	6000000011757258302
Q11095242	6000000051922305240
Q110952456	6000000099750797310
Q11095246	6000000074698829187
Q11095260	6000000039521743442
Q110952627	6000000003421807140
Q110952771	6000000015184301781
Q110952771	6000000214767655828
Q110952772	6000000001655936040
Q110952775	6000000002643771711
Q110952780	6000000038146182841
Q110952788	6000000002659223729
Q110952788	6000000015184329742
Q110952788	6000000214767583829
Q110952835	6000000168688022879
Q110953	6000000003827527518
Q110953268	6000000011384463902
Q110953339	6000000003725217133
Q110953360	6000000003195165217
Q11095355	6000000075405484821
Q11095391	6000000045271691855
Q110953965	6000000029697658450
Q110954	6000000022782975974
Q11095408	6000000075061047827
Q11095409	6000000075061053878
Q11095411	6000000075061041833
Q11095415	6000000015856517955
Q11095417	6000000075060939894
Q110954200	6000000027360241234
Q110954296	6000000029697707032
Q110954309	6000000023458740401
Q11095432	6000000075060556084
Q110954350	6000000027361321882
Q11095439	6000000075060831919
Q110954602	6000000194809063839
Q11095469	6000000074712739826
Q110954859	6000000015550156271
Q11095498	6000000074749149905
Q11095512	6000000074748874116
Q11095513	6000000075425079993
Q11095513	6000000075425892988
Q110955235	6000000006804798905
Q11095551	6000000074767183915
Q110955666	6000000009450073716
Q110955865	6000000189787030828
Q110957	6000000014418260814
Q11095759	6000000075503619011
Q11095764	6000000091664109141
Q11095771	6000000012078410925
Q11095835	6000000018023376310
Q11095868	6000000075406780924
Q11095869	6000000075337479001
Q11095892	6000000074767242860
Q11095907	6000000075425460893
Q11095955	6000000074749030990
Q11095959	6000000074749112910
Q11095964	6000000074748218483
Q11095967	6000000074749219821
Q11095974	6000000074748947003
Q11096026	6000000074735059932
Q11096043	6000000025753602295
Q1109605	6000000093495778881
Q110960572	6000000007387985205
Q110960623	6000000008285634916
Q11096077	6000000074699134376
Q11096095	6000000075502940320
Q11096095	6000000173401181849
Q110961275	6000000013352466893
Q110961412	6000000019541791419
Q110961445	6000000190059434861
Q110961884	6000000088669676895
Q110961898	6000000013735120166
Q110962120	6000000123512937821
Q110962142	6000000123504796938
Q11096260	6000000074747504002
Q11096290	6000000038176998101
Q11096315	6000000075425840010
Q11096340	6000000075425265982
Q11096377	6000000074699478829
Q11096405	6000000074699347092
Q11096416	6000000075424783822
Q11096419	6000000075425584913
Q11096436	6000000074750588128
Q11096437	6000000038238229216
Q11096441	6000000039521098120
Q110964823	6000000001154511397
Q1109649	6000000093402405134
Q11096508	6000000047809163854
Q1109654	6000000093538793243
Q110965871	6000000028828328302
Q110966	6000000031386937541
Q110966066	6000000178639670835
Q11096621	6000000074792237979
Q11096642	6000000075612749828
Q11096655	6000000075405119998
Q11096682	6000000074725965249
Q11096686	6000000011627482956
Q110967690	6000000008997068259
Q110967910	6000000014178238719
Q110967949	6000000014169775817
Q110968	6000000041736203677
Q11096806	6000000074751410825
Q110968090	6000000014170405876
Q11096811	6000000075610475018
Q11096858	6000000074747448885
Q110968867	6000000008563175966
Q110968877	6000000042331464466
Q110968884	6000000008101579585
Q11096903	6000000008363713269
Q11096930	6000000029600043173
Q11096934	6000000075344717135
Q110969407	6000000006823501793
Q110970024	6000000148770660912
Q110970065	6000000019547129878
Q11097044	6000000074698990089
Q11097047	6000000075503700101
Q1109709	6000000053704635023
Q11097119	6000000025753600710
Q110971555	6000000035941871009
Q110971703	6000000013279201362
Q110971746	6000000095222044843
Q110972	6000000024006940161
Q11097200	6000000074699445034
Q110972082	6000000063539049877
Q110972137	6000000019541068114
Q110972630	6000000024182484012
Q11097268	6000000074698814126
Q110972939	6000000017334758490
Q11097298	6000000075395524260
Q110973021	6000000019541869401
Q110973275	6000000079241658774
Q11097334	6000000038194899518
Q11097344	6000000011627494933
Q11097372	6000000074699363121
Q11097387	6000000074767561845
Q110973877	6000000039971580204
Q110973931	6000000009128276463
Q11097394	6000000075424890928
Q110973946	6000000037213733946
Q110974138	6000000020489628331
Q110974147	6000000037447539167
Q110974418	6000000031829960903
Q110974534	6000000043952570286
Q110974726	6000000031951474784
Q110974732	6000000025793247724
Q11097480	6000000074771044851
Q11097489	6000000074750492002
Q11097489	6000000074750610019
Q110975	6000000022305430449
Q110975293	6000000045434173849
Q11097533	6000000074727976014
Q11097544	6000000075424283621
Q110975649	6000000086947904861
Q11097623	6000000074689024854
Q11097629	6000000075424750976
Q11097664	6000000075421374917
Q110976804	6000000009523936595
Q11097693	6000000074688963904
Q110976950	6000000017565472948
Q11097698	6000000011634829382
Q1109770	6000000180470380914
Q11097700	6000000011627486744
Q11097702	6000000011627436866
Q110977071	6000000009523914816
Q11097769	6000000011634890265
Q11097777	6000000074727594999
Q11097780	6000000075426103902
Q11097781	6000000075424797604
Q11097783	6000000074699016101
Q110977929	6000000020397821742
Q110978845	6000000016432295658
Q110978853	6000000017790888001
Q11097887	6000000075425123961
Q11097893	6000000074727940834
Q110979585	6000000049935277377
Q11097969	6000000074699269864
Q11097970	6000000074699559981
Q11097986	6000000074712757834
Q11097995	6000000074712647851
Q110980249	6000000041086703765
Q11098044	6000000074792545934
Q11098100	6000000046991710885
Q110981079	6000000010053760202
Q110981145	6000000028427613923
Q11098156	6000000074698839087
Q11098175	6000000075425490918
Q11098176	6000000075425551847
Q11098211	6000000075505688374
Q11098211	6000000133460617924
Q110982624	6000000023851184684
Q110982659	6000000023851608888
Q110982725	6000000058198911897
Q110982933	6000000025800582958
Q11098320	6000000075059722174
Q110983251	6000000056096948982
Q11098330	6000000074711853330
Q110983301	6000000041148875566
Q110983312	6000000015337037856
Q11098335	6000000075425136099
Q110983352	6000000005359930629
Q110983477	6000000036941962945
Q110983531	6000000064173946361
Q110983630	6000000038580562159
Q110983697	6000000182108521822
Q11098378	6000000019106311505
Q110983822	6000000019541121290
Q110983830	6000000019541777297
Q110983857	6000000031768973228
Q11098387	6000000141353784016
Q110984002	6000000019515993181
Q110985527	6000000019127884026
Q11098560	6000000021552839336
Q110987410	6000000001465912339
Q11098765	6000000074725965297
Q1109882	6000000010675490302
Q110989619	6000000040326110332
Q110989685	6000000059953508229
Q11099000	6000000074757721985
Q110990018	6000000006852755672
Q110990426	6000000041526198750
Q110990460	6000000081050677009
Q11099135	6000000074704626982
Q110991436	6000000026982166686
Q110991943	6000000010401747628
Q110992116	6000000006606173095
Q110992214	6000000023910141997
Q110992433	6000000028771846992
Q110992461	6000000080770073001
Q11099360	6000000075325266854
Q11099374	6000000039003884994
Q110993755	6000000121007360865
Q110994106	6000000009693781708
Q1109942	6000000027897784772
Q11099421	6000000075425081886
Q11099424	6000000075480478340
Q110994306	6000000017018381008
Q110994672	6000000103759604825
Q110995413	6000000012736680013
Q110995556	6000000003166752709
Q11099565	6000000075425158911
Q110996726	6000000023937884630
Q110996745	6000000023938148009
Q110997	6000000018856868728
Q110997739	6000000009767847753
Q110997954	6000000001719376448
Q110998473	6000000020234894483
Q110998475	6000000182907039881
Q110998907	6000000175995193899
Q11100	6000000110425621960
Q11100156	6000000075398553013
Q11100167	6000000074706132914
Q11100264	6000000010419612071
Q11100280	6000000074751280929
Q11100340	6000000074787299040
Q11100355	6000000074732463206
Q11100363	6000000074733349961
Q11100458	6000000020690589106
Q11100549	6000000019510198389
Q11100555	6000000011626748289
Q111008086	6000000014961147786
Q111009667	6000000017498951082
Q111010315	6000000007948221364
Q11101035	6000000075488920877
Q11101041	6000000075327877230
Q11101080	6000000074768326072
Q11101082	6000000075505485174
Q111010959	6000000006603783093
Q111011737	6000000036230589804
Q111011743	6000000015065634105
Q111013504	6000000033276870509
Q11101414	6000000032702137966
Q111014232	6000000027209383530
Q111014598	6000000094630856866
Q111015216	6000000000566050267
Q111015276	6000000018691436555
Q111015358	6000000002683925650
Q111015496	6000000003827587532
Q111015742	6000000040970093019
Q111016	6000000005598808109
Q111016257	6000000182956717870
Q111016944	6000000028989672562
Q11101731	6000000074706155839
Q111017482	6000000074841318876
Q111017490	6000000038353650306
Q111017692	6000000073616980082
Q11101788	6000000075407723840
Q111017940	6000000000566050809
Q111017944	6000000000566050695
Q111017989	6000000002946392993
Q111018215	6000000037765576949
Q11101866	6000000074734949830
Q11101888	6000000075406884950
Q111019581	6000000002775460015
Q11101959	6000000074705937821
Q111019617	351259
Q111020124	6000000089625243934
Q111020152	6000000038048033315
Q111020251	6000000033206562906
Q11102026	6000000074759583833
Q111020301	6000000002931119529
Q111020489	6000000007014463453
Q11102074	6000000075507203952
Q111021048	6000000007014397441
Q111021661	6000000018382520422
Q11102170	6000000075337068113
Q111021801	6000000018942474634
Q11102201	6000000061175454881
Q111022172	6000000025631174141
Q11102224	6000000090696341638
Q11102246	6000000075337981914
Q111022661	6000000006276777027
Q111022670	6000000006276647172
Q111022788	6000000011400680692
Q11102311	6000000064464360821
Q111025078	6000000090417894229
Q111025404	6000000091118366821
Q111025464	6000000001500536327
Q111025488	6000000003022246115
Q111025495	6000000024985931860
Q111025528	6000000017080809802
Q111025571	6000000162689058828
Q111025575	6000000007339124396
Q111025576	6000000012901935427
Q111025608	6000000109058350883
Q1110261	6000000140789650866
Q111027407	6000000015252668183
Q111027412	6000000007145569335
Q111028469	6000000014042392396
Q11102904	6000000065176108943
Q111029919	6000000040574098896
Q111030005	6000000133150693832
Q111030109	6000000032542190694
Q111030483	6000000012240358014
Q111030917	6000000003691029814
Q111031308	6000000019554775782
Q111031761	6000000002477967176
Q1110336	6000000006821701687
Q111034761	4306472073380067920
Q111034954	6000000017073495403
Q111035026	6000000005099849141
Q111036122	6000000121215894961
Q111036294	6000000024155610388
Q111036446	6000000124375535382
Q111038981	4491748250230082820
Q111039674	6000000023661221218
Q111039892	6000000011906091503
Q111040279	6000000014390210552
Q111040456	6000000014390201445
Q111040570	6000000021000314887
Q111040609	6000000116917485840
Q111041090	6000000010975270242
Q111041696	6000000004594593185
Q111042505	6000000036689565603
Q111042833	6000000068670684867
Q111042955	6000000014389739475
Q111043673	6000000060785837041
Q111044149	6000000097013440938
Q1110446	6000000004095722814
Q111045071	6000000008807586939
Q1110455	6000000128485984826
Q111046467	6000000047637305936
Q111046478	6000000047637131030
Q1110466	6000000182725587841
Q111047714	6000000035568433870
Q111047795	6000000177234888837
Q111047899	6000000013058815850
Q111048023	6000000020416228784
Q111049428	6000000019756290876
Q111049883	6000000072047658696
Q111049907	6000000002656201939
Q11105007	6000000052535435961
Q111050889	6000000082510869821
Q1110515	6000000193685870836
Q11105369	6000000075427186829
Q11105428	6000000074699906854
Q111054393	6000000021119647378
Q11105505	6000000074734787854
Q11105507	6000000074727260383
Q11105577	6000000075426720842
Q11105624	6000000031943298151
Q111057	6000000035375010445
Q11105729	6000000090709613292
Q11105744	6000000182530001865
Q11105851	6000000075426780829
Q11105953	6000000018175046796
Q11105956	6000000074699599169
Q11106052	6000000026592539098
Q11106062	6000000075425467719
Q11106070	6000000074699874938
Q111061	6000000148640779845
Q11106194	6000000074728359888
Q11106353	6000000074728758915
Q111064	6000000030899791581
Q11106442	6000000037610484919
Q11106498	6000000029594874170
Q11106521	6000000075405318923
Q11106605	6000000075419742826
Q11106615	6000000026592826015
Q11106615	6000000075508798822
Q11106662	6000000074771068892
Q111066994	6000000055466132976
Q11106787	6000000090709450383
Q111067906	6000000029654830927
Q11106808	6000000075508794822
Q11106823	6000000028409541887
Q11106964	6000000021556795303
Q11106972	6000000045960364095
Q11107061	6000000074770774022
Q111070658	6000000019242352013
Q11107114	6000000031975310267
Q11107141	6000000075508647862
Q111071954	6000000039744404685
Q11107260	6000000075597417857
Q111072667	6000000036724165994
Q111073383	6000000015117552168
Q111073508	6000000015259697152
Q111074	6000000008550381678
Q111076164	6000000036690250077
Q111076164	6000000176772417885
Q111076430	6000000081606040011
Q111077680	6000000021156495825
Q111079473	6000000013165127543
Q1110801	6000000181081416840
Q111080114	6000000082772656135
Q111081622	6000000217390373821
Q111081629	6000000011979578654
Q111081629	6000000201325869930
Q111081645	6000000031773477883
Q111082238	6000000011859027766
Q111082421	6000000020677294063
Q111082947	6000000021028474429
Q111083348	6000000011996569963
Q111083567	6000000031902449278
Q1110839	6000000136876502874
Q111083935	6000000095716240880
Q111083948	6000000014390607233
Q111084080	6000000038450070480
Q111084219	6000000014390309388
Q111085162	6000000174008861476
Q111085290	6000000031828210416
Q1110864	6000000034233706988
Q111086736	6000000017109268195
Q111087	6000000016560135345
Q111087180	6000000034979326072
Q111088	6000000032971693175
Q111088654	6000000042426998719
Q111089	6000000023866563311
Q11108914	6000000075610877827
Q111089820	6000000026188929050
Q11108991	6000000075504261903
Q11108997	6000000019498571360
Q11109	6000000013204910933
Q11109004	6000000019498716086
Q111090230	6000000030398583462
Q111090404	6000000015974737845
Q11109043	6000000074684353530
Q11109045	6000000071416512034
Q11109129	6000000018299445092
Q11109164	6000000018298808497
Q111091965	6000000179185611847
Q11109221	6000000075428881057
Q11109378	6000000075345691192
Q111094	6000000063809247887
Q111094585	6000000036689578540
Q111094863	6000000137601128821
Q111094887	6000000015845235515
Q111094898	6000000033714462575
Q111094901	6000000009897420087
Q111094910	6000000026604047812
Q111094994	6000000011884610906
Q111094995	6000000016742387585
Q111095052	6000000011880104449
Q111095064	6000000039065578341
Q111095094	6000000002113725091
Q111095182	6000000147700535822
Q111095186	6000000016829716992
Q111095219	6000000004967511542
Q111095646	6000000034870887921
Q111095844	6000000034871362869
Q11109602	6000000075507243002
Q111096116	6000000008192265362
Q111096128	6000000040379330553
Q111097495	6000000015384503083
Q111097761	6000000007273317914
Q111097770	6000000003055016394
Q111097792	6000000071735933094
Q11109950	6000000075346586845
Q111099520	6000000178125303859
Q111099927	6000000021720254857
Q111100081	6000000028083928403
Q11110053	6000000074787950095
Q11110066	6000000074713062846
Q11110113	6000000074768463963
Q11110148	6000000074299791917
Q111102	6000000021688098516
Q11110220	6000000074710068889
Q111103270	6000000082601762000
Q111103959	6000000004579550069
Q111104437	6000000077639507688
Q111105	6000000084318379906
Q11110625	6000000099016933821
Q1111063	6000000032290160043
Q1111067	6000000141112455098
Q1111078	6000000023487514352
Q111110	6000000037104888331
Q11111694	6000000023419356149
Q1111180	6000000079500726356
Q11111800	6000000017928649904
Q111119722	6000000182048528896
Q111120291	6000000012001730591
Q111120825	6000000012001664846
Q11112119	6000000047455654205
Q1111231	6000000083840296862
Q111124339	6000000044034054186
Q11112606	5200731679610031211
Q11112644	6000000005690454001
Q111127204	6000000015651635277
Q111127804	6000000009345978847
Q111128	6000000140300756027
Q111128011	6000000056111015821
Q111128083	6000000194977457846
Q1111285	6000000062916468147
Q111128568	6000000013332797529
Q11112863	6000000015797994509
Q11113010	6000000015798106152
Q111130778	6000000020267195249
Q111131025	6000000012557045204
Q1111316	6000000035419234828
Q11113187	6000000044897147828
Q1111319	6000000000099741543
Q1111320	6000000085443234253
Q111132626	6000000024863935846
Q111133200	6000000056271137930
Q111133515	6000000050643039010
Q111133613	6000000041178218055
Q111133625	6000000041177739528
Q111133637	6000000041177918089
Q111133674	6000000011808385841
Q111133677	6000000014167364299
Q111133687	6000000022466850349
Q111133697	6000000022467155322
Q111133715	6000000018606763545
Q111133724	6000000014072794057
Q111133724	6000000045908061861
Q111133765	6000000018947989438
Q111133767	6000000022671630055
Q111133774	6000000044349845327
Q111133776	6000000084860631570
Q111133787	6000000087355958920
Q111133794	6000000087354044125
Q111133799	6000000014724020527
Q111133817	6000000044349366403
Q111133818	6000000016457538870
Q111133818	6000000016457589622
Q111134635	6000000056746466149
Q111134639	6000000015152319010
Q111134672	6000000018647785843
Q111135424	6000000076494568999
Q111135809	6000000086486252046
Q111135821	6000000014103056565
Q11113644	6000000075503692038
Q11113684	6000000031458358968
Q11113693	6000000075406984865
Q11113701	6000000074728053000
Q111137102	4555592
Q11113737	6000000039009111267
Q111137632	6000000018377883170
Q11113803	6000000035836821854
Q1111386	6000000030250568600
Q11113953	6000000074771300874
Q11114018	6000000018175192434
Q11114030	6000000075606868844
Q11114041	6000000075483163901
Q111140623	6000000014764284267
Q111140625	6000000041948375274
Q111140637	6000000041948352152
Q111140650	6000000108701835859
Q111140724	6000000018008616686
Q111141019	6000000018646759928
Q111141061	6000000020469287774
Q111141077	6000000193579052840
Q11114175	6000000074770757873
Q11114221	6000000075050207881
Q111142224	6000000104653735866
Q111142764	6000000012379298222
Q11114318	6000000075606918826
Q111143589	315802227260005691
Q111144329	6000000090740950893
Q1111445	6000000140767083849
Q111144511	6000000001456911402
Q1111449	6000000002188456350
Q111145337	6000000025154927388
Q111145601	6000000018648277094
Q111145698	6000000018648289113
Q111145876	6000000009803500161
Q11114860	6000000075406223019
Q11114865	6000000018394855536
Q111149158	6000000041661440429
Q111149176	6000000000667540214
Q111149269	6000000015518571507
Q111149333	6000000021091074031
Q11114944	6000000075406188964
Q111149505	6000000021091041130
Q11114977	6000000009848769601
Q11115066	6000000018394779643
Q11115129	6000000075406412867
Q111151873	6000000009019159639
Q111151930	6000000004059487856
Q1111542	6000000002965606180
Q111154219	6000000038355449725
Q111154352	6000000018647963309
Q111154418	6000000018647830284
Q111154562	6000000014980964275
Q111154589	6000000018647864831
Q111154589	6000000018647958385
Q111154593	6000000018647303757
Q111154593	6000000075278201838
Q111154754	6000000022961427792
Q111154792	6000000074284002898
Q111155128	6000000018647891480
Q111155170	6000000041255536495
Q111156055	6000000003859245265
Q111156562	6000000057299767974
Q111156765	6000000008260536395
Q111156765	6000000063223177989
Q111156814	6000000028563560312
Q111156850	6000000013202443445
Q111157515	6000000006369918048
Q111157881	6000000112385660870
Q111157975	6000000027577731962
Q1111581	6000000018512061399
Q1111593	6000000013083338543
Q11116	6000000021197877881
Q11116083	6000000038414086861
Q111162539	6000000012483844649
Q111163152	6000000001286079309
Q111164415	6000000019276333419
Q111164466	6000000020053147218
Q111164694	6000000012106208027
Q111165232	6000000008792262960
Q111166702	6000000027487713649
Q1111673	5260987722930045731
Q111170841	6000000002764833775
Q111171110	6000000034208723517
Q111171430	6000000014201452144
Q111172743	6000000076947283829
Q1111728	6000000041437942921
Q111173106	6000000073723641544
Q111174260	6000000020044619257
Q111174802	6000000001319611268
Q111175016	6000000019390337489
Q111175673	6000000196971989565
Q111175680	6000000196971989494
Q111176005	6000000020347166893
Q111176023	6000000022784299016
Q111176949	6000000112394536137
Q11117697	6000000075407725836
Q11117704	6000000075554307034
Q111177119	6000000208303055861
Q11117737	6000000075050446038
Q11117744	6000000074705361365
Q11117757	6000000074725960833
Q11117762	6000000017315563996
Q111177675	6000000135400353691
Q111177982	6000000037643946493
Q111177994	6000000038456763862
Q11117910	6000000075506346965
Q11117919	6000000074790027914
Q11117935	6000000074787779154
Q11117937	6000000019509850191
Q11117938	6000000011626653539
Q11117948	6000000092238858872
Q11117961	6000000186227069873
Q111179893	6000000032724599799
Q11117996	6000000074726157101
Q111179978	6000000032724588664
Q11118006	6000000075489389926
Q11118023	6000000074770735955
Q11118080	6000000074733481867
Q111180855	6000000041038605972
Q11118159	6000000139246509821
Q11118173	6000000075505839012
Q11118181	6000000074706076851
Q111181901	6000000037560048095
Q111182056	6000000041038354538
Q111182057	6000000021107474122
Q111182061	6000000021107632853
Q111182065	6000000021107565871
Q111182085	6000000014979978694
Q111182282	6000000015184391662
Q11118233	6000000074734818883
Q111182738	6000000152838120828
Q111182852	6000000011716947759
Q111182854	6000000039077274682
Q111182859	6000000011716677612
Q111182871	6000000011717048919
Q111182879	6000000037876441844
Q111182880	6000000037875778221
Q111182888	6000000014705460287
Q111182892	6000000011033823588
Q111182907	6000000018513658141
Q111182917	6000000014705379551
Q111182930	6000000014705293855
Q111182953	6000000011718248701
Q111182978	6000000014705321798
Q1111830	6000000034540936376
Q111183013	6000000011716930722
Q11118302	6000000075553057200
Q111183063	6000000018521818749
Q111183253	6000000037876625011
Q111183297	6000000011716689591
Q111183399	6000000000947319541
Q111183421	6000000023701221100
Q11118361	6000000075554885945
Q11118366	6000000051514139832
Q11118375	6000000074732575241
Q111184137	6000000039878092326
Q111184137	6000000053604293148
Q111184140	6000000048751163921
Q111184140	6000000212950516832
Q111184177	6000000011716697513
Q11118419	6000000074759319048
Q111184196	6000000014705393939
Q11118427	6000000074789147908
Q111184292	6000000011716576118
Q111184332	6000000025677254243
Q111184435	6000000008265488431
Q111184537	6000000013924658229
Q111184757	6000000013924594525
Q11118481	6000000075508748918
Q111185096	6000000011718275692
Q111185457	6000000011718959250
Q111185626	6000000011718415925
Q11118576	6000000019509852423
Q111185825	6000000011718064087
Q11118596	6000000011626166865
Q111185969	6000000010977989867
Q111187183	6000000001915956157
Q111187866	6000000014159480756
Q111187910	6000000013494504875
Q111188404	6000000039215827180
Q111188612	6000000009696034147
Q111188652	6000000066985027136
Q11118880	6000000075430155827
Q111189157	6000000015388200595
Q111189164	6000000015388671381
Q111189192	6000000014695433304
Q111189257	6000000055341587823
Q111189793	6000000016700057035
Q11118980	6000000074738774866
Q11118980	6000000075488643187
Q111189926	6000000006127699393
Q111189938	6000000054682441181
Q111190	6000000014308315914
Q11119019	6000000074732670920
Q11119036	6000000074705869982
Q111190734	6000000026565892185
Q111190760	6000000017228790309
Q111190811	6000000003964194584
Q111191	6000000036900439161
Q11119104	6000000075606920991
Q11119210	6000000075050797953
Q11119271	6000000075506134897
Q111192873	6000000008972178650
Q111192874	6000000067598011834
Q111193311	6000000020745614072
Q11119335	6000000075489262905
Q111193579	6000000019278083339
Q111194550	6000000010673355214
Q111194572	6000000024743180830
Q111194636	6000000055523447953
Q111194663	6000000019278024553
Q11119506	6000000074733326938
Q111195087	6000000013792268702
Q111195097	6000000013792407302
Q1111955	6000000168709170825
Q11119639	6000000014451846655
Q111196687	356727588450002096
Q1111968	6000000074701941923
Q1111968	6000000074733076895
Q11119812	6000000074685450910
Q11119880	6000000075488571870
Q111199376	6000000019993749037
Q11119942	6000000133377417089
Q111199439	6000000019993545680
Q11119990	6000000018388270096
Q111199963	325582551480002040
Q1112005	6000000001384810955
Q111201021	6000000004880666161
Q11120159	6000000074701633828
Q11120244	5633058286420064059
Q1112030	6000000078566957801
Q111203430	6000000015863277956
Q11120506	6000000009847316816
Q111205343	6000000018835151310
Q111205343	6000000189949046382
Q111205347	6000000018835107459
Q111205347	6000000189949046426
Q111205356	6000000022773298481
Q111205366	6000000018835267133
Q111205371	6000000180850993841
Q111205382	6000000018834772666
Q111205382	6000000189948555190
Q111205614	6000000008351587645
Q111205864	6000000018648176231
Q111206312	6000000009117960005
Q11120908	6000000075505058538
Q11121079	6000000074727617932
Q11121082	6000000007052092062
Q11121091	6000000074700680449
Q11121094	6000000074701415990
Q1112122	6000000018880755100
Q111212964	6000000055342210095
Q111214	6000000036834697989
Q111214215	6000000001046661696
Q111214567	6000000011522966510
Q111214733	6000000019099408643
Q111214836	6000000011525698206
Q111215050	6000000042422340192
Q111215182	6000000190134127836
Q111215249	6000000190125718973
Q111215326	6000000190127492854
Q111215361	6000000011451271451
Q111215433	6000000001677182566
Q111215461	6000000021720205879
Q111215461	6000000083824722159
Q111215586	6000000021720235828
Q111215608	6000000000405719723
Q111215634	6000000032803846114
Q111215819	6000000020158725181
Q111217656	6000000001345950266
Q111217748	6000000092666461302
Q111218296	6000000017534838083
Q111218303	6000000017534881297
Q111218332	6000000017534888225
Q111219213	6000000006706967154
Q111219251	6000000014877328466
Q111219251	6000000222403852832
Q111219281	6000000014877443082
Q111219285	6000000014877340128
Q111219471	6000000006727796166
Q111219750	6000000173481060138
Q111220588	6000000092463081955
Q111220615	6000000184824803837
Q111220817	6000000014877424061
Q111221183	6000000090932295822
Q111221189	6000000016457780639
Q111221189	6000000090931105865
Q111221202	6000000090932295857
Q111221208	6000000090932295827
Q111221530	6000000016457595892
Q111221530	6000000178194867857
Q111221635	6000000039437555663
Q111221656	6000000077607503362
Q111221702	6000000179258945831
Q1112227	6000000088189668849
Q111223088	6000000185384468293
Q111223255	6000000019278046322
Q111223638	6000000181420707833
Q11122468	6000000012611933385
Q1112265	6000000157609183851
Q111226666	6000000004660457205
Q111226713	6000000132509829926
Q111226828	368076834140002331
Q111226874	6000000048894333034
Q111226897	6000000135625677978
Q111226907	6000000046860045855
Q111226945	6000000174923035253
Q111226997	6000000041856480674
Q111227006	6000000105965897881
Q111227172	6000000176858251846
Q111227360	6000000012410017745
Q111227552	6000000077987589360
Q111227563	6000000007007682481
Q111227681	6000000109140595143
Q111227740	6000000010228988486
Q111227958	6000000001779811013
Q111227991	6000000057248526837
Q111228278	6000000169321260856
Q111228359	6000000071654435873
Q111228531	6000000000448561179
Q111228679	6000000021887638529
Q111228682	6000000133697591951
Q111228736	6000000004018265229
Q111228766	6000000038057277143
Q111228770	6000000005441081185
Q111228790	6000000172816098902
Q1112288	6000000031928835234
Q111228828	6000000181665657344
Q111228833	6000000087801945900
Q111228871	6000000010094260602
Q111228968	6000000088478277963
Q111228969	6000000177239553863
Q11122898	6000000010916665069
Q111229077	6000000005908248243
Q111229157	6000000111303162829
Q111229171	6000000088327028879
Q111229185	6000000026902597258
Q111229213	6000000084669616163
Q111229352	6000000016885440524
Q111229429	6000000028066249182
Q111229458	6000000000251864244
Q111229805	6000000002825916484
Q111229832	6000000017130045760
Q111229896	6000000027542379172
Q111229908	6000000002671334495
Q111229939	6000000001281874132
Q1112300	6000000031781177098
Q111230038	6000000057457670906
Q111230053	6000000079538217866
Q111230141	6000000176860344832
Q111230151	6000000093067397822
Q111230154	6000000010424515185
Q111230155	6000000007634883777
Q111230197	6000000098970769165
Q111230331	6000000183679623104
Q111230566	6000000040928333950
Q111230628	6000000003151506416
Q111230669	6000000082670672058
Q111230713	6000000089937159107
Q111230732	6000000004885442832
Q111230751	6000000172585567282
Q111230754	6000000136819896083
Q111230761	6000000025032709824
Q111230811	6000000001687300488
Q111230842	6000000003178088858
Q111231179	6000000006265008450
Q11123144	6000000074771470912
Q111231984	6000000000973551865
Q111232904	6000000065534097939
Q111233262	6000000076920985849
Q111233739	6000000000973693447
Q11123461	6000000012105600596
Q111235764	6000000017539546030
Q11123668	6000000019921696110
Q11123740	6000000036916461080
Q11123780	334166497500003354
Q11123798	6000000074792301946
Q111238768	6000000178286166871
Q111239159	6000000003122384133
Q111239463	6000000007705157654
Q11124060	6000000009241519422
Q111240962	6000000012261348920
Q111242053	6000000016192424029
Q1112483	6000000010119438339
Q111248866	6000000147664451821
Q111252245	6000000031759091202
Q111252247	6000000078412688457
Q111253740	6000000005102457278
Q11125408	6000000074704864875
Q11125437	6000000074758537093
Q11125465	6000000015999211258
Q111255249	6000000007981305399
Q1112554	6000000061518462317
Q11125616	6000000075611673093
Q11125664	6000000075344720646
Q11126001	6000000013570067592
Q111260126	6000000039970984345
Q111260395	6000000002498438493
Q111261	6000000125243648824
Q111261118	6000000003040784068
Q111261774	6000000004158908721
Q11126199	6000000075486156896
Q11126207	6000000095519235926
Q11126207	6000000186534416828
Q111262104	6000000009590451798
Q11126264	6000000049344997861
Q11126264	6000000075503206220
Q111263400	6000000199055613821
Q111263544	6000000185615879061
Q111264	6000000029207186578
Q1112656	6000000046128819012
Q111265644	6000000011580433742
Q111265976	6000000011580422158
Q111266107	6000000011580487506
Q111266216	1041120
Q111267642	6000000019089623356
Q111270073	6000000191453119827
Q111270215	6000000082236574972
Q11127066	6000000075508504937
Q111271159	6000000004832677854
Q111271607	6000000005237892384
Q111272196	6000000015337164082
Q111272424	6000000002239109101
Q111273301	6000000002464653172
Q11127358	6000000177284805823
Q111273678	6000000012419579345
Q111273836	6000000011480850885
Q111274051	6000000007935360817
Q111277	6000000003827529721
Q111280061	6000000010104607000
Q11128097	6000000009172337758
Q111281438	6000000027354280676
Q111281496	6000000053260638401
Q111281804	6000000031004987000
Q111281820	6000000021502540848
Q111283368	6000000009128943681
Q111283908	6000000006808159032
Q111284029	6000000023441559602
Q111284034	6000000015073793058
Q111284050	6000000067417808836
Q111284100	6000000010720180204
Q111284155	6000000078217466644
Q111284170	6000000030853796837
Q111284213	6000000006925731137
Q111284215	6000000011514405030
Q111285804	6000000091708019198
Q111285864	6000000037818795339
Q111286398	6000000007607054203
Q111286576	6000000009592138451
Q11128690	6000000009585719868
Q111288840	6000000016606553657
Q111288984	6000000006127643357
Q111291143	6000000039054882093
Q111293	6000000092912594286
Q111295656	6000000008242265025
Q111296580	6000000003353199795
Q111296848	6000000007399069379
Q111296932	6000000007398630761
Q111297731	6000000082671524007
Q111297984	6000000011591387618
Q111298493	6000000000905956713
Q111298794	6000000017729598258
Q111301	6000000032578162500
Q111301287	6000000004564188268
Q111301480	6000000013051874142
Q1113022	6000000005739885481
Q111305158	6000000010132347372
Q111305416	5351384985140123521
Q1113061	6000000033781666091
Q111306567	6000000020758137037
Q111306744	6000000051613560591
Q111306867	6000000041717399954
Q11130744	6000000130561877009
Q111307674	6000000009861464554
Q111307915	6000000007980874517
Q111308048	6000000119031949829
Q111309	6000000012579855869
Q111309930	6000000005440794434
Q111310451	6000000177520166979
Q111311409	6000000000475164996
Q111311527	6000000014715182599
Q111312495	297816238260001749
Q111312616	6000000025581357619
Q111312628	6000000019757708346
Q111312990	6000000017651751139
Q111313783	6000000009802948133
Q111314197	6000000015811304492
Q111315372	6000000015860526392
Q111315903	6000000015160103883
Q111315998	6000000000321645291
Q111317927	6000000013839167731
Q111318112	6000000041038017572
Q111318115	6000000041038307949
Q111318396	6000000003972540676
Q11131840	6000000075424647841
Q111318415	6000000002196842375
Q11131843	6000000073640372059
Q111319100	6000000022739792655
Q111319801	6000000112851869841
Q11132	6000000013204774281
Q111320	6000000039124637547
Q1113215	6000000183973368855
Q111322857	6000000173350051890
Q111323	6000000030874412217
Q111323900	6000000012998347313
Q1113245	6000000028551302986
Q111324737	6000000000128322543
Q111325195	6000000005607839281
Q111325899	6000000113906553939
Q111327118	6000000053864336826
Q11132742	6000000075504100399
Q111327832	6000000008207871393
Q111327961	6000000055319001693
Q11132813	6000000075503679921
Q111328771	6000000015150933469
Q111330	6000000004096290838
Q111330231	6000000106292485906
Q111333210	6000000007325149685
Q111334131	6000000002764565344
Q11133423	6000000089915946871
Q1113343	6000000077917125788
Q111334709	6000000022712844169
Q111334847	6000000088081964939
Q111335248	6000000010725062256
Q111335924	6000000013353165541
Q111335972	5080974805050021934
Q11133614	6000000074745835255
Q111336167	6000000009057203387
Q11133618	6000000068496505858
Q11133650	6000000074727253044
Q11133652	6000000074783691274
Q111336724	6000000033937905523
Q111336964	6000000183577837856
Q111337214	6000000003938187219
Q111337354	6000000001169126011
Q111337470	6000000009957461157
Q111338262	6000000013725263505
Q111338300	6000000012363046336
Q111338385	6000000007305254501
Q111339457	6000000006127526353
Q111339508	6000000043711253318
Q111339881	6000000165583813824
Q111340006	6000000142210781859
Q111340283	6000000000128269578
Q111341195	6000000012576459206
Q111341779	6000000023872081626
Q111343	6000000022347585359
Q111343356	6000000033114732181
Q1113436	6000000027222553246
Q111344525	6000000013615280651
Q111345033	6000000002925850698
Q111345048	6000000082579975234
Q111345194	6000000033005731010
Q111345277	6000000056697791880
Q11134540	6000000075508522882
Q1113461	6000000002702677952
Q111346615	6000000024306271303
Q1113476	6000000027540774943
Q111347869	6000000175192373762
Q111348	6000000179940976840
Q11134827	6000000074726792466
Q11134828	6000000074726855387
Q1113485	6000000136870089867
Q111349053	6000000013516401084
Q111349053	6000000116942779840
Q111349054	6000000013198769311
Q111349054	6000000217987298829
Q111349062	6000000175194558878
Q111349662	6000000079525819935
Q111349828	6000000014515293712
Q11135100	6000000145016755940
Q111351081	6000000016979800220
Q111352097	6000000024611666345
Q111352112	6000000012537660442
Q111352114	6000000000659524939
Q111352117	6000000005251744375
Q111352118	6000000006208344361
Q111352124	6000000000659424494
Q111352125	6000000000659509580
Q111352232	6000000015517020073
Q111352815	6000000015692395633
Q111352845	6000000015517067165
Q111352884	6000000049113223905
Q111353492	6000000026533501887
Q111353500	6000000043814187542
Q111353549	6000000000722140852
Q111354039	6000000015518679131
Q111354441	6000000010556880358
Q111354651	6000000020801753312
Q11135478	6000000013089913239
Q111355783	6000000008231439813
Q111355946	6000000008231439817
Q111355946	6000000180395220892
Q111356346	6000000000750391356
Q111356417	6000000044014668887
Q1113567	6000000013112774289
Q111357608	6000000007829061774
Q111357609	6000000009735326959
Q11135787	6000000032377225955
Q111357907	6000000011050670553
Q111357908	6000000006100517803
Q111357932	6000000006100517807
Q11135844	6000000038375720168
Q111358542	6000000025767543595
Q111358543	6000000003655398674
Q111358546	6000000015610267185
Q11135857	6000000004299566446
Q111358604	6000000024947398809
Q1113587	6000000026162621609
Q111358756	6000000065660770870
Q111358796	6000000046068442833
Q111358850	6000000024488066081
Q111358887	6000000088424849899
Q111358934	6000000010545860478
Q111359128	304387245710003829
Q111359796	6000000057886894277
Q111359871	6000000006403454446
Q111360083	6000000013041657250
Q11136087	6000000074716244937
Q11136264	6000000075486790823
Q1113640	6000000039225043378
Q111364035	6000000007887614633
Q11136421	6000000074703823396
Q11136454	6000000075326477314
Q111364560	6000000002950123204
Q111364567	6000000002502414657
Q11136464	6000000119396129955
Q11136466	6000000119396857857
Q111364662	6000000051906044183
Q111364675	6000000011928564268
Q11136469	6000000074726314893
Q111365066	6000000057835721229
Q111365133	6000000173698454337
Q111365183	6000000198911352825
Q111365255	6000000015562498912
Q111365393	6000000003012057661
Q111365505	6000000016933195780
Q111365578	6000000015516066934
Q11136561	6000000119393680846
Q111365629	6000000013155072317
Q111365630	6000000089718498833
Q111365637	6000000006882415830
Q111365638	6000000013114334333
Q111365646	6000000033776563907
Q111365649	6000000006882469748
Q111365689	6000000007227015689
Q111365691	6000000007226997714
Q111365705	6000000006882823398
Q111365719	6000000046373201083
Q111365720	6000000013114288872
Q111365731	6000000046371265406
Q111365736	6000000018190983173
Q111365739	6000000018077767380
Q111365885	6000000016336396736
Q111365902	6000000016336482094
Q111365920	6000000023060372935
Q111366046	6000000047717779135
Q111366674	6000000015029893344
Q111366734	6000000037390927180
Q11136677	6000000074704657096
Q111366787	6000000006597131752
Q111366818	6000000006597082675
Q111366894	6000000006597144430
Q11136720	6000000028746083821
Q11136728	6000000028745754473
Q11136731	6000000028745887613
Q111367753	6000000007089988364
Q111367792	6000000011585028535
Q111367798	6000000046229850052
Q111367799	6000000011584804696
Q111367803	6000000011585146230
Q111367912	6000000011585060296
Q111367918	6000000019752430175
Q111367920	6000000011585212238
Q111367931	6000000027120339974
Q111367934	6000000027118639574
Q111367939	6000000011585113365
Q111367944	6000000011584929914
Q11136798	6000000176832923823
Q111368043	6000000076888086204
Q1113685	6000000017105255062
Q11136929	6000000005644986003
Q111369521	6000000009508161570
Q111369608	6000000009508029922
Q111369617	6000000013331809287
Q111369618	6000000011156431610
Q11137016	6000000075610947961
Q11137048	6000000075423562026
Q11137062	6000000049922040427
Q111370938	6000000011288431507
Q11137110	6000000074704690060
Q11137122	6000000119393190866
Q11137128	6000000074787054199
Q11137143	6000000074704655000
Q111372039	6000000010180558582
Q111372212	6000000010361971155
Q111372224	6000000010361506163
Q11137231	6000000119396566891
Q111372376	6000000007086441013
Q111372408	6000000010059290141
Q111372456	6000000003145481168
Q111373	6000000036900379187
Q1113730	6000000178451449839
Q1113731	6000000014534205492
Q111375	6000000080016479925
Q111376866	6000000002954410746
Q111379	6000000039746379079
Q11137920	6000000074703532985
Q11137925	6000000074702764945
Q111379498	6000000028541038136
Q1113798	6000000080620204108
Q11137994	6000000014192673354
Q11138	6000000080158400428
Q1113811	6000000145520651894
Q11138123	6000000075505984084
Q111381240	6000000006845696163
Q111381502	6000000029382936988
Q1113816	6000000163445690894
Q111381814	6000000025564189079
Q111381960	6000000007012561973
Q111383178	6000000132888674823
Q111383480	6000000066695551207
Q111383507	6000000032086196141
Q111383569	6000000046871511910
Q111383574	6000000003012345396
Q111383652	6000000058339956855
Q11138373	6000000074702607098
Q111383880	6000000058334245440
Q111383960	6000000058339703929
Q111383985	6000000058339788918
Q111384	6000000057089100078
Q11138406	6000000045272937956
Q111384205	6000000058334954844
Q11138446	6000000074792977844
Q111384492	6000000000759459942
Q11138467	6000000075506601169
Q11138472	6000000012860158507
Q11138500	6000000075423679852
Q111385092	6000000050796376826
Q11138528	6000000001312868555
Q11138530	6000000075506503878
Q11138543	6000000075406824948
Q11138550	6000000074727501971
Q11138566	6000000028409238619
Q11138566	6000000029595022441
Q11138582	6000000075506496926
Q11138610	6000000029599465795
Q111386188	6000000031393624885
Q11138626	6000000039155642060
Q11138656	6000000034195037377
Q111386571	6000000185024973836
Q111386656	6000000185022737896
Q111387025	6000000185022305912
Q111387193	6000000185024395859
Q1113872	6000000044274666302
Q11138737	6000000029599223055
Q11138742	6000000029599450130
Q11138750	6000000074703519002
Q111387520	6000000185024113833
Q111387681	6000000185024047826
Q111387716	6000000185024679830
Q11138773	6000000075503346991
Q111387730	6000000185024626824
Q111387758	6000000185043762915
Q11138786	6000000074702896502
Q11138790	6000000075503835112
Q11138794	6000000074703652850
Q11138797	6000000074703408046
Q111388	6000000030281844924
Q11138869	6000000074784703860
Q111389317	6000000019764851444
Q111389709	6000000013502943806
Q1113945	6000000152194502954
Q111395515	6000000185042279955
Q111395600	6000000020037242095
Q111395604	6000000021148037874
Q111395988	6000000019462063513
Q111396827	6000000054366517831
Q111396892	6000000006147524905
Q111397028	6000000026365547534
Q111397420	6000000082673275884
Q111397446	6000000081357945980
Q111397579	6000000026405939552
Q111397833	6000000003938320277
Q111397994	6000000173094518510
Q111398787	6000000185264417858
Q111398788	6000000018788236655
Q111398934	6000000183563205855
Q111399123	6000000058339023247
Q111399129	6000000058339688940
Q1113992	6000000155794954822
Q111399243	6000000002954477851
Q111399248	6000000008597466745
Q111399256	6000000073335292165
Q1114004	6000000001574853710
Q1114027	6000000150986343822
Q111404	6000000038142865827
Q111407282	6000000156542175918
Q111409117	6000000021793352282
Q1114094	6000000007963981088
Q111411369	6000000009163609320
Q111412	6000000078329718832
Q111413857	6000000027508461650
Q1114140	6000000075656212068
Q1114147	6000000178042170952
Q111416318	6000000082397690958
Q111417453	6000000027309924530
Q111418184	4887516807330133938
Q111418236	6000000002539422776
Q111418290	6000000092550096153
Q111418315	6000000007150067463
Q111418426	6000000007150067619
Q1114189	6000000059693840892
Q111419899	6000000117150170970
Q11142	6000000100197583881
Q111420193	6000000006737088107
Q111420223	6000000006727823030
Q111420241	6000000041073533525
Q111420273	6000000016776433483
Q111420715	6000000049084979898
Q111420996	6000000012387046252
Q111422293	6000000028480632189
Q1114232	6000000156255708837
Q111423791	6000000004532748767
Q111423792	6000000014123778259
Q111423817	6000000016276518119
Q111423846	6000000069709992710
Q111423850	6000000069711318829
Q111423882	6000000017189466404
Q111424104	6000000007372266472
Q111424111	6000000007372348021
Q111424116	6000000007372344279
Q111424233	6000000007237140213
Q111424235	6000000007237058254
Q111424236	6000000007237112235
Q111424239	6000000007237104237
Q111424240	291472367410007627
Q111424243	6000000003264194219
Q111424245	6000000003264164961
Q111424247	6000000007237231281
Q111424251	6000000001788267398
Q111424253	6000000001573219222
Q111424365	6000000000509777352
Q111424367	6000000000933426644
Q111424370	6000000000933620033
Q111424384	6000000003738951646
Q111424388	6000000000075639273
Q111424389	6000000005909857364
Q111424394	4162694
Q111424479	6000000010371514829
Q111424483	6000000007755384419
Q111424485	6000000011534046176
Q111424492	6000000006127607892
Q111424498	6000000000105413287
Q111424533	6000000002393483937
Q111424556	6000000012267291285
Q111424681	4152897613100121613
Q111424683	4152897720610036204
Q111424702	6000000007606013086
Q111424705	6000000008868651103
Q111425088	6000000017079707318
Q111425090	6000000017079337632
Q111425091	6000000017079575985
Q111425180	6000000003886414143
Q111425181	6000000008519520647
Q111425182	6000000003615754888
Q111425222	6000000023728417080
Q111425345	6000000022745691517
Q11142634	6000000075429435309
Q1114264	6000000181096381836
Q111426622	615308
Q111427081	6000000176374384829
Q1114273	6000000181096422834
Q111427741	6000000007452865664
Q111427954	6000000000410672298
Q111428051	6000000000410552826
Q1114285	6000000016560311988
Q111429668	6000000024172791364
Q111429688	6000000024173191930
Q111429699	6000000185040834997
Q111429711	6000000018921887450
Q111429794	6000000185045179838
Q111429813	6000000018921887456
Q11143011	6000000075606624132
Q1114308	6000000175758841939
Q111432308	6000000010685926240
Q111432555	6000000079291274411
Q111432615	6000000079289310526
Q111433248	6000000037741636887
Q111433285	6000000037741362226
Q111434276	6000000004103563256
Q111435262	6000000019774862633
Q111435380	6000000018483879083
Q111435428	6000000018482941817
Q111436	6000000083631160153
Q111436240	6000000003273148947
Q1114379	6000000000469788444
Q111439	6000000139885655843
Q111439269	6000000007900475725
Q111439408	6000000007900492818
Q111440997	6000000032174989115
Q111441114	6000000110610858825
Q111441121	6000000180583325843
Q111441122	6000000180583173852
Q111441136	6000000110610683852
Q111442083	6000000185571360229
Q111442103	6000000020051531921
Q111442449	6000000004379035375
Q111442455	6000000031046365490
Q111442641	6000000173811444310
Q111442650	6000000173815595918
Q111442689	6000000002765153877
Q111442707	6000000014129162088
Q111442721	6000000002802419558
Q111442749	6000000018702600531
Q111442814	6000000003975424974
Q111442815	6000000006203125231
Q111442822	6000000004677947699
Q111442823	6000000006203152228
Q111442824	6000000041584384530
Q111442826	6000000004557030463
Q111442827	6000000136521720821
Q111442828	6000000041584794955
Q111442829	6000000007238327319
Q111442830	6000000007004627334
Q111442832	6000000007004458522
Q111442835	6000000007238293346
Q111442836	6000000007004486671
Q111442838	6000000002533284309
Q111442839	6000000010521949668
Q111442840	6000000007004692343
Q111442842	6000000010954467340
Q111442843	6000000002148654734
Q111442852	6000000006782019934
Q111442857	6000000003975598416
Q111442860	6000000002533239202
Q111442862	5596735069450058660
Q111442873	6000000013302606720
Q111442875	6000000009187602552
Q111443014	6000000009197605415
Q111443016	6000000009197257701
Q111443023	6000000009197178987
Q111443024	6000000009197403334
Q111443025	6000000009197388552
Q111443026	6000000018524380514
Q111443027	6000000018524091367
Q111443028	6000000018524514382
Q111443030	6000000137994215277
Q111443031	6000000018524856190
Q111443037	6000000003535924200
Q111443042	6000000007131695501
Q111443052	6000000186024636100
Q111443053	6000000005415277254
Q111443276	6000000013105419068
Q111443374	6000000019184695678
Q111443803	6000000002864957846
Q111443813	6000000002864902957
Q111443935	6000000002844065957
Q111443949	6000000002350080952
Q111443957	6000000002350217316
Q111443991	6000000002497430189
Q111443992	6000000002497430195
Q111444125	6000000034560099436
Q111444126	6000000027929297192
Q111444128	6000000027929507087
Q111444128	6000000038535003316
Q111444131	6000000034559660684
Q111446030	6000000006127607780
Q111446058	6000000012587879017
Q111447026	6000000109256992838
Q111448064	6000000043486653922
Q111448415	6000000162680943887
Q111448914	6000000185379045176
Q111448970	6000000007740181069
Q111449504	6000000005243767974
Q111449917	6000000017200358932
Q111450048	6000000020340490547
Q111450680	6000000110610827821
Q111450768	6000000034693423137
Q111450891	6000000006861121716
Q111451237	6000000205843016832
Q111451324	6000000006114685325
Q111451326	6000000009374274028
Q111451328	6000000014273648053
Q111451329	6000000014273444421
Q111451330	6000000025889679079
Q111451422	6000000023524151800
Q111451426	6000000023284056346
Q111451429	6000000023283567563
Q111451583	6000000091637627301
Q111451587	6000000011571351003
Q111451589	6000000019830311229
Q111451661	6000000047247870967
Q111451723	6000000001831075273
Q111451904	6000000119567951887
Q111452091	6000000180583464822
Q111452436	6000000001315681024
Q111452677	6000000006727094260
Q111452719	6000000180595406843
Q111452729	6000000180594798853
Q111452814	6000000180594488863
Q111452829	6000000021600488889
Q111452935	6000000180594924840
Q111452950	6000000000794701301
Q111453349	6000000205959284822
Q111453775	6000000009885345744
Q111454164	5269421282870101909
Q111455373	6000000011372355341
Q111455455	6000000114284091517
Q111455918	6000000086186207858
Q111456707	6000000003198114477
Q111456712	6000000004571342561
Q111456713	6000000000591576213
Q111456716	6000000019050051102
Q111456786	6000000006285373159
Q111456810	6000000008196993295
Q111457031	6000000014189168767
Q111457246	6000000015705827017
Q111457342	6000000003198146380
Q111458103	6000000017272427368
Q111458268	6000000012709225417
Q111459000	6000000006409409323
Q111459117	6000000042626494377
Q111459124	6000000047100495821
Q111459282	6000000042626530907
Q111459384	6000000017436456923
Q111459649	6000000017437077495
Q1114597	6000000021944581016
Q111459804	6000000017437861112
Q111461304	6000000059112032250
Q111461369	6000000071684564155
Q111462445	2681652
Q111462461	6000000037533365259
Q111464539	6000000022674581468
Q111465175	6000000091235150886
Q111465338	6000000191190229850
Q111465508	6000000096297571062
Q11146576	6000000074737231958
Q111465891	6000000117336137836
Q111465978	6000000014652980114
Q111466055	6000000014652727987
Q111466139	6000000011586051446
Q111466192	6000000190454720592
Q111466198	6000000003243048482
Q111466343	6000000002026779419
Q111466363	6000000002026770188
Q111466371	6000000002026777171
Q111466483	6000000018461206254
Q111466527	6000000135611141942
Q111466707	6000000023422858799
Q111466756	6000000184048057824
Q11146727	6000000074727407841
Q111467589	6000000183104175833
Q111467904	6000000005431361187
Q111468094	6000000028479632507
Q111468116	6000000154794811823
Q111468224	6000000162672317963
Q111468688	6000000011570595319
Q11146980	6000000074727841936
Q11147010	6000000073715782688
Q11147144	6000000120399087821
Q111471739	6000000002420903180
Q111471793	6000000217435113912
Q11147210	6000000074698650864
Q1114722	6000000049311367919
Q111472560	6000000044500292893
Q111472854	6000000002233120194
Q111472899	6000000015183778802
Q1114729	6000000007821259359
Q111472906	6000000002334056897
Q111472914	6000000015174481066
Q11147294	6000000074698185202
Q11147297	6000000120398891855
Q11147304	6000000074698625845
Q111473614	6000000038478137348
Q111473707	6000000031382299094
Q111473750	6000000031380847812
Q111473791	6000000044349986937
Q111473969	6000000008260238995
Q111474359	6000000086136171836
Q111474366	6000000003687359967
Q111474897	6000000014676442055
Q111474921	6000000014676059369
Q111476151	6000000019295139759
Q111476374	6000000073506290969
Q111476662	6000000001384215411
Q111479580	6000000020944986003
Q111482700	6000000011766293261
Q111486	6000000023726510592
Q111486990	6000000000778811078
Q111487067	6000000000778743024
Q111487400	6000000079291856159
Q111487400	6000000178378839863
Q111487918	6000000002513997058
Q111487936	6000000076493062723
Q111487936	6000000131003645887
Q111488193	6000000022382198316
Q111488444	6000000178172981853
Q111488534	6000000080628481011
Q111488727	6000000002497931030
Q111488729	6000000002511419889
Q111488754	6000000020933093999
Q111488756	6000000003075932924
Q111489338	6000000178309057858
Q111489591	6000000012642270313
Q111490024	6000000053541752180
Q111490358	6000000101309841910
Q111490358	6000000122413845866
Q111490450	6000000101309983886
Q11149053	6000000011573119866
Q111490565	6000000101310154883
Q111490896	6000000082845259530
Q111490905	6000000082846033827
Q111490952	6000000082845822135
Q111491832	6000000040210889387
Q111493202	6000000173864418833
Q111493230	6000000006403691994
Q1114941	6000000109746760962
Q111494362	6000000040217781322
Q111494913	6000000069921792905
Q111495270	6000000079292182875
Q111495270	6000000178379645821
Q111495543	6000000013480661139
Q111495984	6000000003964337699
Q111496	6000000024708994158
Q1114988	6000000011869860385
Q1115002	6000000016722847150
Q1115014	6000000009653878611
Q1115017	6000000016534382557
Q1115027	6000000016799516196
Q1115030	6000000041245091329
Q111505407	6000000002539377501
Q111505527	6000000002539318182
Q111505899	6000000023440457605
Q111506468	6000000051265913680
Q111506472	6000000072409555368
Q111506511	6000000002821383232
Q111506519	6000000020035722280
Q111506555	6000000020034412196
Q111506842	6000000200048117822
Q111506848	6000000008152302158
Q111506865	6000000078372416054
Q111506866	6000000000436677697
Q111506867	6000000007818647624
Q111506874	6000000018756228728
Q111506889	6000000007818858356
Q111506901	6000000001960541263
Q111506917	6000000078372634947
Q111507006	6000000041421884336
Q111507039	6000000007146292793
Q111507040	6000000003712491426
Q111507050	6000000007150053839
Q111507052	6000000007150031787
Q111507054	6000000008231328949
Q111507085	6000000014424614199
Q111507086	6000000073395707517
Q111507088	6000000000426751623
Q111507094	6000000024262973712
Q111507105	6000000032009842482
Q111507106	6000000032009862280
Q111507107	6000000032009679495
Q111507108	6000000032009883298
Q111507109	385485688080007028
Q111507128	6000000012782036093
Q111507129	6000000014526595124
Q111507130	6000000014526555167
Q111507132	6000000003941903290
Q111507133	6000000003941903269
Q111507134	6000000003941903033
Q111507135	6000000003936925269
Q111507136	6000000012480759320
Q111507144	6000000017054710004
Q111507145	6000000015682378506
Q111507147	6000000015681478811
Q1115072	6000000013180041435
Q111507201	6000000014526559112
Q111507208	6000000017080476625
Q111507212	6000000030047103408
Q111507214	6000000114906883638
Q111507216	6000000054182652043
Q111507220	6000000003940025265
Q111507226	6000000003940018735
Q111507229	6000000006912821486
Q111507251	6000000003940018502
Q111507252	344690802230003061
Q111507440	6000000003040912652
Q111507461	6000000003040835322
Q111507463	6000000006873543119
Q111507720	6000000042003275932
Q111508	6000000021786204517
Q111508543	6000000040210749687
Q111508625	4517039546990056921
Q111508658	6000000028361066315
Q111508722	6000000003721841427
Q111509141	6000000036556762671
Q111510006	6000000171738789895
Q111512825	6000000015923410435
Q111513189	4385788268260061017
Q111514540	6000000012354106045
Q111514606	6000000044120098142
Q111514606	6000000144703921966
Q111514739	6000000001959508025
Q111514775	6000000001959508016
Q111515076	6000000009967973060
Q111515427	6000000012722995204
Q111515453	6000000059153020942
Q111515608	6000000042113551226
Q111515872	6000000164302855844
Q111516732	6000000003288506102
Q111517212	6000000065746054950
Q1115178	6000000177463770840
Q11151845	6000000141031710948
Q111519719	6000000000173484699
Q111519842	6000000020361388143
Q111520068	6000000000640014703
Q111521299	6000000182215786840
Q111523952	6000000001169822178
Q111523996	6000000003689711439
Q111524094	6000000002689422962
Q111524103	6000000003937966877
Q111524105	6000000003939403108
Q111524106	6000000047368132011
Q111524132	6000000002946476674
Q111524134	6000000038677877187
Q111524137	6000000038677891111
Q111524142	6000000038677633441
Q111524156	6000000001959742606
Q111524225	6000000018462739849
Q111524232	6000000031974444250
Q111524246	6000000001959508041
Q111524283	6000000170631582858
Q111524291	6000000075057160821
Q111524299	6000000188666806863
Q111524331	6000000024185215799
Q111524333	6000000088898792873
Q111524334	6000000121415921828
Q111524348	6000000144796995993
Q111524368	6000000001316316677
Q111524383	6000000001959743000
Q111524842	6000000001959742615
Q111524875	6000000002677848804
Q111524878	6000000002677848818
Q111524984	6000000109741693968
Q111525168	6000000017983889671
Q111525254	6000000023497596516
Q111525597	6000000052331622985
Q111525619	6000000014981785519
Q111525788	6000000039344286108
Q11152597	6000000074769327429
Q111526040	3960530844210038968
Q111526758	6000000131003590930
Q111526764	6000000032442182505
Q111527791	6000000019353564195
Q111527974	6000000001887890633
Q111529131	6000000021543864457
Q111529184	6000000050642950957
Q111529227	6000000017159442697
Q111529341	6000000041586907155
Q111529544	6000000011087806862
Q11153	6000000004191912463
Q1115303	6000000145763004841
Q111531989	6000000009477521376
Q111532054	6000000206643158832
Q111532288	336227702480002576
Q111532346	6000000016495552669
Q111532422	6000000019319844831
Q111532435	6000000007298650447
Q111532440	6000000038529979986
Q1115333	6000000141805549835
Q111533999	6000000076688718443
Q111534184	6000000003493676408
Q111534189	6000000003493827289
Q111534512	6000000003492828779
Q111534561	6000000034753071153
Q111535182	6000000007260507468
Q111535421	6000000024462206016
Q111535926	6000000007036087510
Q111536079	5507592751580105122
Q111537351	6000000029201614658
Q111537356	6000000033848599932
Q111537487	6000000024447329995
Q1115375	6000000021466056847
Q1115387	6000000002976200541
Q111539850	6000000008269008154
Q111539992	6000000007088613286
Q111542952	6000000089062678971
Q1115452	6000000140731583109
Q111545537	6000000098828936824
Q111546103	6000000153913577852
Q111546103	6000000156576793662
Q111546131	6000000025411418947
Q111546139	6000000038934776579
Q111546142	6000000038935311868
Q111546206	6000000018029088732
Q111546207	6000000018026230240
Q1115468	6000000096518603837
Q111547206	6000000050460964900
Q111548570	6000000173507714076
Q111548591	6000000173508226845
Q111548989	6000000208175895834
Q11154920	6000000034645819149
Q111549206	6000000169045398213
Q111549941	6000000062881757821
Q111549951	6000000062883315843
Q111549954	6000000062884615824
Q111549965	6000000062895488821
Q111550754	6000000145992652844
Q111550981	6000000145991371026
Q1115510	6000000045710113979
Q111551409	6000000001360677317
Q111551756	6000000024375582703
Q111551918	6000000000650314126
Q111552197	6000000145990855930
Q111554133	6000000194559765833
Q111555953	6000000145991371031
Q111558547	6000000078505516777
Q11156	6000000035175267150
Q111560	6000000018799034532
Q1115614	6000000142680547849
Q111562295	6000000034782136819
Q111564180	6000000024375971999
Q1115664	6000000186060174851
Q111567	6000000183992206858
Q111567434	6000000015610236616
Q111567691	6000000015610243322
Q111568548	6000000001228434094
Q111568964	6000000034929946376
Q111569048	6000000023238529273
Q111569089	6000000010741195740
Q111570	6000000008651300688
Q111571054	6000000010258079540
Q11157233	6000000007980874472
Q11157335	6000000003261543801
Q11157405	6000000017315139790
Q1115746	6000000077585129961
Q111574618	6000000052574317123
Q111574669	6000000130998451881
Q111577148	6000000025901344020
Q111577350	6000000018452193024
Q111577362	6000000040679528018
Q111577500	6000000006796376321
Q111577773	6000000074905750537
Q111578453	6000000008169500046
Q111578798	6000000200480049823
Q111581	6000000042586942491
Q111582479	6000000168912776863
Q111582649	6000000016408016613
Q111583782	6000000030192304103
Q111584507	6000000221505787989
Q111584512	6000000036556982764
Q111584620	6000000038608494699
Q111584655	6000000000488183441
Q111585351	6000000033671007064
Q111585351	6000000143823552928
Q111585467	6000000021866108748
Q1115860	6000000013761809561
Q111586140	6000000061540313852
Q111586922	6000000023057101303
Q1115871	6000000068367068923
Q111588	6000000019087867439
Q111588463	6000000017934642329
Q1115886	6000000000953961107
Q111589223	6000000036084599870
Q11158997	6000000008413657813
Q111590131	6000000075177316905
Q111590149	6000000075164673924
Q111590798	6000000043442580199
Q111590937	6000000048552418895
Q111590997	6000000061540176821
Q111591	6000000003674964625
Q111591439	943179
Q111591517	943190
Q111591543	6000000002481529114
Q111591778	935561
Q111591799	6000000002481495157
Q1115926	6000000143833318857
Q111592696	6000000061546831837
Q11159334	6000000078530415492
Q111593712	6000000018823067465
Q1115941	6000000007654509222
Q11159500	6000000014192905894
Q111596916	6000000073846637962
Q111596969	6000000182655903827
Q111597426	6000000205757647845
Q111597571	6000000205752622821
Q111597603	6000000205757259893
Q111598653	6000000002481185709
Q111598660	6000000002481427503
Q111599171	6000000048070244963
Q111599384	6000000007788518935
Q111599602	6000000028744392467
Q111600199	6000000011460959805
Q111600783	6000000015512015872
Q111600964	6000000016232462404
Q111601673	6000000013169990307
Q111601707	6000000013169925496
Q111602682	6000000083246288183
Q111603089	6000000021071559909
Q111603306	6000000001579269578
Q111603323	6000000009834326083
Q111603635	6000000002797995233
Q111603828	6000000013499008484
Q111603839	6000000033328014052
Q111604824	6000000139534786821
Q111604828	6000000139534244835
Q111605047	6000000005758011418
Q111605554	6000000015290682565
Q111605719	6000000082377563607
Q11160928	6000000129072067822
Q111609769	6000000011378898745
Q111609929	6000000023284486946
Q111609976	6000000023284526948
Q111610	6000000042603943986
Q111610020	6000000020055403602
Q111610657	6000000008369840769
Q111611050	6000000222056560836
Q111611262	6000000000659458415
Q11161141	6000000007241273760
Q1116119	6000000041468024951
Q111614	6000000157578597832
Q111615	6000000019759079539
Q1116160	6000000140259507352
Q111619319	4568760915400120276
Q111620489	6000000011145749165
Q111620634	6000000009855193206
Q111620815	6000000034807211875
Q11162089	6000000000161343538
Q111620938	6000000033246631533
Q111621400	6000000175350566022
Q111621637	6000000012628326474
Q1116218	6000000067254600875
Q1116251	6000000029803870560
Q1116257	6000000140057793842
Q111626084	2925816
Q111627863	6000000002893478178
Q111628	6000000003595957445
Q1116294	6000000178405508833
Q111629941	6000000023418663215
Q111630177	6000000002894116835
Q111630213	6000000020160551784
Q111630502	6000000018517928616
Q111630571	6000000013080002836
Q111630582	6000000024450713990
Q111630639	6000000002199514175
Q111631131	6000000041305717379
Q111631152	6000000000047242516
Q111631162	363329249010011427
Q111631688	6000000000318243449
Q111631889	6000000027324660231
Q111631890	6000000086686933869
Q111631999	6000000014393710092
Q111632068	6000000012958402243
Q111632742	6000000088036023156
Q111633715	6000000015993382519
Q111634236	6000000103223688939
Q111634820	6000000175578741821
Q111635020	6000000144678254949
Q1116352	6000000006440080050
Q111635800	6000000062315370631
Q111637938	6000000057015299094
Q111640	6000000025184178768
Q111640941	6000000015915267309
Q111642382	6000000027774113131
Q1116427	6000000179746849859
Q111644823	6000000149909704028
Q111645027	6000000152840199846
Q111646100	6000000000623187859
Q111646169	6000000008439182752
Q1116470	6000000060180677000
Q111647283	6000000009545000258
Q111647416	6000000040318993578
Q111647745	6000000038495385047
Q111649883	6000000037706416425
Q111650225	6000000060401674896
Q1116505	6000000077367228845
Q111650769	6000000073429383879
Q111651083	6000000006286210376
Q111652232	6000000015048364427
Q111652977	6000000007980435974
Q111653250	6000000002488726148
Q111653279	6000000000490668350
Q111653297	6000000034701113764
Q111653357	6000000017939093356
Q111653466	6000000006743042493
Q111653466	6000000019981022122
Q111653615	6000000017917513673
Q111653717	6000000001180351275
Q111653823	6000000001180193434
Q111653950	6000000041841482306
Q111654122	6000000041841786008
Q111654271	6000000080211065160
Q111654571	6000000222537619848
Q111655168	6000000044178403083
Q11165532	5449935413510080761
Q111658506	6000000012575297832
Q111658710	6000000011017475174
Q111658975	6000000006434751225
Q111659359	6000000010121405127
Q111659592	6000000041841816962
Q111659695	6000000026092198914
Q111659707	6000000041841456411
Q111659973	6000000002907131830
Q111660052	6000000026039583609
Q111660484	6000000139626435844
Q111660770	6000000046059099020
Q111660789	6000000046058821465
Q1116608	6000000023884534006
Q111661122	6000000185454107822
Q111661172	6000000013395538612
Q111661888	6000000103709099935
Q111662691	6000000031363135984
Q111663563	6000000054353943821
Q111663595	6000000044149071512
Q111663616	6000000044149491798
Q111663804	6000000002293700478
Q111663892	6000000020471178213
Q111663980	6000000021620541080
Q111664002	6000000021620373374
Q111664154	6000000021620518641
Q111664164	6000000031615498395
Q111664176	6000000031616414165
Q111664811	6000000014531707893
Q111665346	6000000156571936847
Q111665450	6000000183619405873
Q111665675	6000000031615215453
Q111665728	6000000031615480507
Q111666	6000000021050100849
Q111666398	6000000047088813861
Q1116664	6000000141008659871
Q11166780	6000000002954490672
Q111668385	6000000012720321616
Q111668385	943100
Q111668432	943031
Q111668638	6000000052977685823
Q111668642	6000000037556914308
Q111668665	6000000077332872223
Q111668725	6000000016076284306
Q111668729	6000000187227720842
Q111668732	6000000042791411035
Q111668737	6000000015279033444
Q111668738	6000000041155987432
Q111668739	6000000034538223150
Q111668789	6000000003496172459
Q111668801	6000000022637388555
Q111669212	942994
Q111669416	6000000079367019105
Q111669435	6000000081301896828
Q111670017	6000000189898701837
Q111670228	6000000034367473211
Q111670229	6000000034366475869
Q111670247	6000000024581432085
Q111670256	6000000006989027236
Q111670282	6000000038633637928
Q111670381	6000000000354734450
Q111670671	6000000080953303994
Q111670672	6000000008314540902
Q111670673	6000000010494916017
Q111670902	6000000020747327246
Q111671333	6000000010463191203
Q111671346	6000000004547843906
Q111671531	6000000000956769312
Q111671567	6000000086080271980
Q111671586	6000000013102673693
Q111672745	6000000009154630900
Q111672818	6000000041771611514
Q11167329	6000000010637494092
Q111678020	6000000041829172266
Q111678088	6000000002553967625
Q111678257	6000000019098084885
Q111678260	6000000007950136041
Q111678431	6000000011022006219
Q111679600	6000000015720944091
Q111679618	6000000025113912190
Q111679847	6000000178480069823
Q111679872	6000000001180349258
Q111680048	6000000038632384660
Q111680265	6000000091664066223
Q111680275	6000000091665591018
Q111680335	6000000092438582823
Q111680369	6000000090677691005
Q111681054	6000000123635928823
Q111681416	6000000178639076824
Q11168465	6000000018640434508
Q111685112	6000000016495099260
Q111685357	6000000079283009617
Q111685991	6000000028475072167
Q111689071	6000000039695234857
Q1116895	6000000150823562015
Q111690587	6000000087716931861
Q111692311	6000000013382421459
Q111692489	6000000122536589888
Q111693634	6000000040019923408
Q111693685	6000000008988871463
Q111693709	6000000077842036142
Q111693778	6000000022109088260
Q111693803	6000000022739768521
Q111694000	6000000034367572401
Q111694012	6000000006127564812
Q111694061	6000000057182204833
Q111694347	6000000070306871841
Q111694583	6000000082473524622
Q111695293	6000000010551431435
Q111696086	6000000169774127821
Q11169649	6000000015733748429
Q1116972	6000000141063013980
Q111697220	6000000015737817564
Q111697799	6000000000712558506
Q111698033	6000000032534129996
Q111698137	6000000021845128331
Q111699284	6000000012643973865
Q111699370	6000000046058018242
Q111699694	6000000139665124845
Q111699855	6000000044380773299
Q111699912	6000000015724892624
Q111700124	6000000139659845966
Q111700150	6000000022189367854
Q111700288	4157008872180021063
Q111702	6000000001434285039
Q111702300	6000000003295170574
Q111702718	6000000079292291847
Q111703407	6000000009696477402
Q111708899	6000000037146995050
Q111709420	6000000004065754138
Q111709531	6000000028427503086
Q111709534	6000000045545523047
Q111709535	6000000045546052930
Q111709537	6000000045546257866
Q111709538	6000000006290291750
Q111709540	6000000002412400095
Q111709900	6000000180429731832
Q111710253	6000000022604717007
Q111710454	6000000177679864857
Q1117107	6000000035502703275
Q111710708	6000000139660864853
Q111711036	6000000002175320913
Q11171155	6000000003122527399
Q11171155	6000000033413263174
Q11171177	6000000194638691823
Q1117118	6000000040899461169
Q111711817	6000000111104522902
Q111712	6000000000313949337
Q111712113	6000000010732172505
Q111712349	6000000007265791148
Q1117124	6000000137659810839
Q11171242	6000000010163208412
Q1117138	6000000085572835913
Q111715035	6000000002802227487
Q111715943	6000000007209903720
Q111716	6000000086373414412
Q111716076	6000000010404553282
Q111717445	6000000038547817267
Q111719672	6000000088606689872
Q111720253	6000000152860847824
Q111721323	6000000041403384277
Q111721898	6000000086225451864
Q111721899	6000000187856596862
Q111721905	6000000023174724579
Q111721908	6000000035276904263
Q111721909	6000000073437422869
Q111721910	6000000075039131876
Q111721912	6000000032948747524
Q111721916	6000000054060986974
Q111721917	6000000089668888884
Q111721940	6000000181369334833
Q111721942	6000000016127843946
Q111721943	6000000016064744416
Q111721944	6000000088021064949
Q111721950	6000000201977347838
Q111721955	6000000014329881650
Q111721960	6000000021651934884
Q111721961	6000000019877366759
Q111721965	6000000189239403886
Q111721966	6000000027529109165
Q111721970	6000000037234875176
Q111721971	6000000196778500878
Q111721975	6000000002352206419
Q111721977	6000000012712572213
Q111721979	6000000020746891917
Q111721980	6000000191036651846
Q111721983	6000000102156707821
Q111721984	6000000195084019876
Q111721985	6000000036247095250
Q111721987	6000000021345639189
Q111721990	6000000095886986010
Q111721991	6000000018228485217
Q111721995	6000000082532800102
Q111722001	6000000084045783835
Q111722004	6000000019897574852
Q111722005	6000000100658330821
Q111722009	6000000018414043152
Q111722011	6000000070709384044
Q111722012	6000000074557279078
Q111722013	6000000025930446203
Q111722015	6000000013694719784
Q111722016	6000000025844305193
Q111722017	5076439906250081071
Q111722022	6000000038466769834
Q111722023	6000000045366718900
Q111722025	6000000025023022348
Q111722026	6000000020075056084
Q111722029	6000000092947990821
Q111722031	6000000073852919989
Q111722034	6000000033706471818
Q111722036	6000000208598524822
Q111722039	6000000052266080162
Q111722040	6000000021632955859
Q111722042	6000000023158006763
Q111722043	6000000018801289252
Q111722044	6000000020625745211
Q111722045	6000000076831065267
Q111722047	6000000043355526851
Q111722048	6000000002765705132
Q111722050	6000000098982988910
Q111722051	6000000109649843918
Q111722054	6000000076837099357
Q111722062	6000000024717908422
Q111722065	6000000024775499483
Q111722067	6000000164014494952
Q111722069	6000000176074577821
Q111722073	6000000002995916357
Q111722074	6000000028334212083
Q111722078	6000000054543296884
Q111722079	6000000101829992992
Q111722082	6000000057838547893
Q111722084	6000000025096336906
Q111722088	6000000079574745077
Q111722089	6000000015488726089
Q111722090	6000000020166612680
Q111722091	6000000178234683823
Q111722103	6000000187389972845
Q111722242	6000000085369336886
Q111722246	6000000175878518834
Q111722254	6000000164676322821
Q111722384	6000000008852568371
Q111722392	6000000172454114926
Q111722706	6000000021039483399
Q111722783	6000000029115213046
Q111722875	6000000011150398125
Q111722877	6000000011149905052
Q1117229	6000000177621409825
Q111722909	6000000057170568038
Q111722925	6000000001246129049
Q111723967	345758666970013653
Q111723980	6000000002238158370
Q111724085	6000000035120239140
Q111724199	6000000024049461197
Q111724203	6000000181200787821
Q111724224	6000000008694106434
Q111724296	6000000101885818831
Q111724342	6000000025998818669
Q111724356	6000000119425327821
Q111724392	6000000025618969481
Q111724404	6000000103345790825
Q111724423	6000000161456468919
Q111724424	6000000207807959821
Q111724425	6000000194113928858
Q111724426	6000000182307434827
Q111724436	6000000102826798932
Q111724438	6000000192976526823
Q111724507	6000000048562663877
Q111724519	6000000036412810072
Q111724534	6000000004335729887
Q111724600	6000000003646986412
Q111724612	6000000008089773928
Q111724625	6000000021658230891
Q111725231	6000000019082782508
Q11172534	6000000074687988992
Q11172617	6000000075607212853
Q11172672	6000000075507938822
Q111726764	6000000010610676051
Q11172703	6000000075326705012
Q111727528	6000000090682867856
Q111727550	6000000138965130101
Q111728020	6000000084505481836
Q111728093	6000000103183455951
Q111728200	6000000138965517913
Q111728268	6000000138968497987
Q111728283	6000000138969558848
Q111728305	6000000137531180012
Q111728309	6000000137531420920
Q111728333	6000000009847253103
Q111728631	6000000084246730898
Q111730275	6000000079291494310
Q111730286	6000000008165453229
Q111730412	5587727669320067561
Q11173042	6000000074725672323
Q111730421	4378322860280066705
Q111730661	6000000079291533268
Q111730683	6000000026311105732
Q111731409	6000000164258015877
Q111731474	6000000002101035453
Q111731590	6000000006981780302
Q111731799	6000000037342187096
Q111731806	6000000074808139895
Q111731807	6000000033671526521
Q111731820	6000000038101402239
Q111731821	6000000179695511828
Q111731831	6000000093922130865
Q111731838	6000000041028779095
Q111731847	6000000182347777821
Q111731851	6000000182367558830
Q111731853	6000000042994080057
Q111731856	6000000024141745649
Q111731859	6000000082574248928
Q111731861	6000000002802254914
Q111731879	6000000002223675281
Q111731891	6000000156655846871
Q111731910	6000000017484770599
Q111731916	6000000049028634147
Q111731921	6000000043978157334
Q111731925	6000000021546491570
Q111732089	6000000005219236287
Q111732105	6000000024647824275
Q111732155	6000000019631744820
Q111732161	6000000015242558305
Q111732162	6000000108314965857
Q1117322	6000000080516629258
Q111732302	6000000014893207115
Q11173234	6000000050565669854
Q111732386	6000000143904469865
Q111732492	6000000012903838546
Q111732547	6000000013891314389
Q111732550	6000000013891081640
Q111733224	6000000009043241823
Q1117342	6000000049696666829
Q11173442	6000000171434833832
Q1117364	6000000116939999858
Q111736804	6000000074276431840
Q111736909	6000000018741911987
Q111736925	6000000216160278857
Q111736959	6000000142027552055
Q111736962	6000000082683588044
Q111737017	319527856950002983
Q111737036	6000000200962472823
Q111737037	6000000020472081679
Q111737999	6000000009265682115
Q111740767	6000000009128271473
Q111741867	6000000017307224247
Q111742073	6000000042887969971
Q111743681	6000000006712852678
Q111743893	6000000022266374895
Q111744596	6000000025752382296
Q11174511	6000000013071860875
Q111745145	6000000003885104985
Q111745155	6000000002853322209
Q111745240	6000000002215921600
Q111745282	6000000002215921609
Q111746057	6000000012616116687
Q111747304	6000000063204399836
Q11174789	6000000013072081847
Q111748126	6000000122657247873
Q111748135	6000000122656891881
Q111748166	6000000076961845125
Q1117484	6000000027252780721
Q111748427	6000000025085779974
Q111748635	6000000025085577208
Q111748953	6000000012378581573
Q11174901	6000000037658519977
Q111749200	6000000007150716316
Q111749667	6000000025085456482
Q111750009	6000000033725293157
Q111750173	6000000180547056823
Q11175038	6000000011135948612
Q111750516	6000000178806326850
Q11175168	6000000074752361476
Q111751685	6000000064021222842
Q111752778	6000000025085614235
Q111752853	6000000017428159607
Q111752887	6000000174827008856
Q11175303	6000000075503541122
Q111753068	6000000002536726191
Q111754	6000000031760101628
Q11175411	6000000075345192833
Q1117554	6000000007316534642
Q111756531	6000000127722634880
Q1117575	6000000019493723362
Q111757529	6000000181807622906
Q11175975	6000000074698508836
Q11176021	6000000074728444859
Q11176038	6000000075325933471
Q11176189	6000000075610941869
Q11176222	6000000019150365822
Q111765573	6000000084976141012
Q111765621	6000000006348530908
Q111765670	6000000041997311630
Q111765705	6000000041997714027
Q11176572	6000000074728089839
Q11176574	6000000074728545822
Q11176576	6000000050568766862
Q111765778	6000000006242432428
Q111765778	6000000008452081112
Q11176578	6000000074697959494
Q111765974	6000000006242068825
Q11176612	6000000074749889014
Q111766170	6000000042756619097
Q111766266	6000000020918109045
Q111766271	6000000041970961983
Q111766292	6000000020913452775
Q111766296	6000000000251826654
Q111766311	6000000003938278770
Q111767144	6000000019996619234
Q111767164	6000000017071038146
Q111767180	6000000031027720063
Q111767200	6000000030991529924
Q1117673	6000000012460197744
Q111767461	6000000025874810700
Q111767789	6000000003938132943
Q111767802	6000000179327141922
Q111767838	6000000003681234920
Q11176792	6000000075327289832
Q111767964	6000000002766171704
Q111767972	6000000026173395935
Q11176807	6000000013924556712
Q11176825	6000000075487658897
Q11176877	6000000075487310907
Q111769	6000000002765045036
Q111769307	6000000073841100943
Q111769403	6000000004326003350
Q11177018	6000000074698325923
Q11177042	6000000074727711468
Q1117705	6000000163475308886
Q111770728	6000000010092893424
Q11177075	6000000074769140842
Q111770894	6000000125365163151
Q111771	6000000023959781729
Q11177104	6000000014568768548
Q111771221	6000000003615842653
Q111771221	6000000184793492868
Q111771593	6000000079433533175
Q111772006	6000000052631327227
Q11177296	6000000075487598904
Q11177322	6000000074697732475
Q11177327	6000000074737106994
Q11177381	6000000074697990257
Q11177505	6000000074771234879
Q11177591	6000000075613833887
Q11177604	6000000074750163822
Q1117778	6000000000166263958
Q111778244	6000000062181919836
Q111779	6000000179665147869
Q11177924	6000000075487023005
Q111780046	6000000116330429994
Q111781008	6000000017891123664
Q11178104	6000000074698036205
Q111781280	6000000007393555954
Q111781317	6000000007393624875
Q111781614	6000000022884922437
Q111781618	6000000022884483201
Q111781901	6000000036076805962
Q111784152	6000000041252588237
Q11178438	6000000015816638551
Q11178467	6000000074698386948
Q11178505	6000000015817085325
Q111785085	6000000132397728130
Q111785281	6000000014301226104
Q111785500	6000000045904899210
Q111785629	6000000014419586914
Q111785703	6000000045905662898
Q11178611	6000000074749850977
Q11178625	6000000074745348069
Q111787408	6000000045904791966
Q111787996	6000000009633516111
Q111788638	6000000017895632016
Q111788979	6000000005441211477
Q111791	6000000158134142847
Q11179163	6000000031847684849
Q1117917	6000000140914905829
Q111792920	6000000012872703665
Q111792927	6000000006126896267
Q1117931	6000000143250471154
Q111793208	6000000006240964467
Q111794101	6000000006240904560
Q111794294	6000000028687308855
Q111795121	6000000016221553560
Q111795211	6000000006241312134
Q111795587	6000000003077399929
Q111795591	6000000000475118610
Q111795730	6000000008604105136
Q111795807	6000000000211140733
Q111795810	6000000003077508549
Q111795813	6000000006727980541
Q111795866	6000000006161314009
Q111795868	4847985115750024610
Q111795870	4854876495250054346
Q111795873	6000000003077317059
Q111795968	6000000010734877789
Q111796244	6000000030876404767
Q111796245	6000000030877496159
Q111796249	6000000001959006333
Q111796266	6000000001959424282
Q111796268	6000000001959495446
Q111796273	6000000002073406969
Q111796275	6000000006175657521
Q111796291	6000000001563161861
Q111796310	6000000001578825816
Q111796389	6000000003493663261
Q111796518	6000000024610764102
Q111796519	6000000017307650923
Q111796829	6000000026369676861
Q111799	322966858250006397
Q11180164	6000000075508805898
Q111801757	6000000029183849990
Q11180206	6000000074791524151
Q11180250	6000000002208006632
Q111802722	6000000011881407829
Q111802863	6000000008129209366
Q111803221	6000000174101904891
Q1118036	6000000120083431006
Q111804020	6000000035512553647
Q111804827	6000000175704059847
Q111805042	6000000010318640318
Q111805049	6000000012732256538
Q111805148	6000000009627792532
Q111805225	6000000012254524106
Q11180523	6000000055005257951
Q111805777	6000000006795471882
Q111805901	6000000006434716048
Q1118065	6000000073239855908
Q111806564	6000000020309946184
Q11180742	6000000051911573427
Q11180777	6000000019149077427
Q11180778	6000000019151185185
Q11180782	6000000075607002861
Q111810672	6000000143850697848
Q1118118	6000000038666638079
Q111811821	6000000000986089078
Q111812599	6000000021412377235
Q111812857	6000000002765110807
Q111814634	6000000008354594691
Q11181530	6000000041762685568
Q111817081	6000000042982328963
Q111817975	663925
Q1118183	6000000068769785941
Q111819012	6000000020182372345
Q111819133	6000000006101401455
Q11181924	6000000075507266821
Q11181956	6000000074727416959
Q11181967	6000000075407799854
Q11181975	6000000074728732841
Q111820	6000000052057535966
Q111820145	6000000046212571925
Q111820150	6000000046211365228
Q111820892	6000000037028949656
Q111821184	6000000039289388068
Q111821201	6000000062746730033
Q111821531	6000000043072100863
Q11182169	6000000033692834010
Q111821695	6000000087904292084
Q111822381	6000000085036598360
Q111822757	6000000009958356795
Q111822768	6000000024945893468
Q11182317	6000000016841660280
Q111825562	6000000020855422650
Q111825640	6000000042193235184
Q111826073	6000000011874574643
Q111827750	6000000009664369841
Q111828410	6000000038146130916
Q111828573	6000000002905806906
Q11182959	6000000215194644099
Q111829649	6000000006768438540
Q111829725	6000000103947167868
Q111829728	6000000003053424971
Q111829765	6000000002705039709
Q111829768	6000000002456917074
Q111829769	6000000001727102879
Q111829770	6000000027774650622
Q111829772	6000000003246004079
Q111829846	6000000062025163952
Q111829908	6000000063202318857
Q111829918	6000000063202276918
Q111829955	321619147490006345
Q111829956	323900156110007816
Q111829964	6000000003937817258
Q111829974	6000000002603383899
Q111830316	6000000083380753860
Q111830419	6000000024220965578
Q111830434	6000000021838650120
Q1118323	6000000009718476136
Q111832749	6000000190254478970
Q111833029	6000000007336188898
Q111833797	6000000010040146585
Q1118376	6000000086638697864
Q111841431	6000000078284949968
Q111843073	6000000000896556390
Q111843733	6000000174796237283
Q1118442	6000000178600205862
Q111844578	6000000050556118821
Q111845109	6000000195622714838
Q111845174	6000000021343418869
Q111845175	6000000015461829269
Q11184566	6000000013499546125
Q111846119	6000000097749013821
Q111846297	6000000062288348242
Q111849526	6000000175672384856
Q111851132	6000000097696494936
Q111851134	6000000077283109073
Q111851193	6000000003891753870
Q111851320	6000000003892056124
Q1118533	6000000042217970118
Q111853622	6000000164244969289
Q111853721	6000000164244324079
Q1118577	6000000044812213875
Q1118593	6000000042814186511
Q111861771	4316430
Q111862763	6000000017947812154
Q111862816	6000000017947781354
Q111862821	6000000108541949978
Q111862836	6000000108542698878
Q111862841	6000000108541560074
Q111862847	6000000108542333892
Q111862884	6000000018859001293
Q111862891	6000000018859001288
Q111862900	6000000000113903025
Q111862911	6000000138583891982
Q111862974	6000000002579097254
Q111862979	6000000002447342468
Q111862995	6000000001109756001
Q111863004	6000000001110247025
Q111863038	6000000008937160227
Q111863044	6000000179341704828
Q111863060	6000000179341735821
Q111863121	6000000001110443016
Q111863126	6000000032240846387
Q111863168	6000000002116051401
Q111863175	6000000000343943799
Q111863184	6000000034749552251
Q111863251	6000000024903185106
Q111863257	6000000025957915081
Q111863313	6000000043432806947
Q111863328	6000000007606027892
Q111863360	6000000007606027897
Q111863397	6000000048017925841
Q111863417	6000000048017949872
Q111863441	6000000062704459983
Q111863480	6000000048074153872
Q111863487	6000000065742404160
Q111863595	6000000062704926851
Q111863614	6000000000595941084
Q111863641	6000000062704900858
Q111863646	6000000149561113875
Q111863694	6000000014972177237
Q111863762	6000000006444307651
Q1118660	6000000057335532918
Q1118663	6000000057335252118
Q1118694	6000000080649599980
Q1118715	6000000020010217247
Q111873462	6000000057387510090
Q111876946	6000000008737418127
Q111877112	6000000049025801382
Q111877183	6000000029320253038
Q1118783	6000000018185831645
Q11188274	6000000003409955815
Q11188677	4912690454200024604
Q1118874	6000000024194185398
Q111888932	6000000014610068406
Q111889055	6000000004088881117
Q111889085	1915516
Q111890220	6000000023176192607
Q111890229	6000000011524244711
Q111890238	6000000015859285229
Q111890242	6000000078207650132
Q111890245	6000000015859320100
Q111890251	6000000015858939660
Q111890261	6000000011524262969
Q111890268	6000000011524555276
Q111890283	6000000011524393656
Q111890289	6000000023185354461
Q111890291	6000000023185896887
Q111890298	6000000011680647944
Q111890309	6000000078207090500
Q111890327	6000000180536570838
Q111890345	6000000186729674859
Q111890581	6000000084368771885
Q111890594	6000000084368226921
Q111890927	6000000164475947234
Q111891022	6000000164478881913
Q1118918	6000000025538255323
Q111892242	6000000040481392394
Q111892645	6000000038833284173
Q111892838	6000000014694972413
Q1118930	6000000039003165876
Q111893185	6000000014695123334
Q111893246	6000000014694987120
Q111893251	6000000014694860500
Q111893407	6000000015347079089
Q111893436	6000000014695206804
Q111893451	6000000014695239291
Q111893456	6000000012314701545
Q111893459	6000000015346923612
Q111893467	6000000025597980545
Q111893477	6000000025601584873
Q111893485	6000000039162755295
Q111893489	6000000039162462757
Q111894448	6000000040546285424
Q1118972	6000000156882619948
Q1119003	6000000020869290889
Q1119003	6000000192233598839
Q111901071	345593844140011792
Q111901362	345660643080007060
Q111902392	6000000015086831150
Q1119026	6000000093072297838
Q111902601	6000000043113463882
Q111902721	6000000003846922498
Q111903234	6000000173110306797
Q111903947	6000000011537345923
Q111904043	6000000084130101846
Q111904355	6000000015346660450
Q111904358	6000000015346686504
Q11190573	6000000024905309399
Q111905788	6000000070867882063
Q111906830	6000000086468284005
Q111906840	6000000016749642112
Q1119070	6000000159303011852
Q111907059	6000000025358828436
Q111907097	6000000184912339827
Q111907353	6000000001180351287
Q111907355	6000000002649934081
Q111907356	340568821330013984
Q111907357	6000000010976516907
Q111907424	6000000004047352627
Q111907425	6000000032306385020
Q111907441	6000000018519149168
Q111907443	6000000004047352544
Q111907458	6000000009850841219
Q111907460	6000000001959023770
Q111907470	6000000036368284583
Q111907471	6000000052610788861
Q111907510	6000000041841247600
Q111907512	6000000010831724238
Q111907514	6000000001044572912
Q111907620	6000000004949311478
Q111907769	6000000031347003949
Q111907785	6000000056397471043
Q111907789	6000000017021954476
Q111907790	6000000016658347662
Q111907798	6000000017603507523
Q111907800	6000000016658310384
Q111907803	6000000014597462103
Q111908047	6000000002799105397
Q111908050	6000000002799105036
Q111908058	6000000002799105404
Q111908061	6000000004593983448
Q111908078	6000000018040125401
Q111908160	6000000006969880271
Q111908162	6000000006969695581
Q111908163	6000000006971574143
Q11190842	6000000034977495383
Q111908460	6000000030738607879
Q111908466	6000000030738158209
Q111908473	6000000030738167333
Q111910252	6000000009753881838
Q111910614	6000000194226551854
Q111911358	6000000164090816863
Q111911890	6000000164079990884
Q1119119	6000000046858949836
Q111912102	6000000015390635040
Q111912256	6000000079735323938
Q111912950	6000000079895523157
Q111913212	6000000164244564935
Q1119144	6000000008532723812
Q111914718	6000000019042131453
Q1119153	6000000008966460644
Q1119156	6000000017546285071
Q111915715	6000000080064574984
Q111917109	6000000164098283036
Q111917310	345591039590013675
Q111917313	6000000003942539743
Q111917317	6000000002441096170
Q111917321	6000000001212806237
Q111917373	6000000164244912384
Q111917395	326703262150007779
Q111918245	6000000008458667851
Q111918252	6000000014688690444
Q111918348	6000000014984394406
Q11191845	6000000075431056874
Q111918735	6000000011648493844
Q111918894	6000000003586781771
Q111919	6000000150636808844
Q111919014	6000000003132950238
Q111919015	6000000002726249756
Q111919015	6000000111201152028
Q111919015	6000000139514124849
Q111919032	6000000013175793844
Q111919033	6000000000409559686
Q111919098	6000000040587801804
Q111919193	6000000139514245821
Q111919193	6000000152737106156
Q111919255	6000000000900657006
Q111919261	6000000015093629368
Q111919266	6000000003617125406
Q111919376	4526433051140050455
Q111919379	6000000006798285000
Q111919654	6000000003133135648
Q111919709	6000000003132959806
Q111919729	6000000000426733991
Q11191975	6000000025204588508
Q11192	6000000019866026027
Q11192023	6000000002795001398
Q111920408	6000000029219326835
Q111920417	6000000041503045126
Q111920422	6000000016318907131
Q111920424	6000000023196565250
Q111920425	6000000001634673936
Q111920427	6000000191906759821
Q111920429	6000000025893467087
Q111920430	6000000019140973407
Q111920434	6000000077956944910
Q111920437	6000000052261363987
Q111920439	6000000034543879244
Q111920442	6000000193705529821
Q111920444	6000000058255257928
Q111920451	6000000200666265843
Q111920452	6000000068020087947
Q111920456	6000000007263800576
Q111920457	6000000006592199087
Q111920466	6000000023441544897
Q111920468	6000000175999904952
Q111920470	6000000178368485829
Q111920476	6000000084256428517
Q111920477	6000000008881172129
Q111920481	6000000215129313824
Q111920482	6000000060782480966
Q111920484	6000000071647260440
Q111920495	6000000184384074902
Q111920501	6000000127027510119
Q111920505	6000000089668741914
Q111920508	6000000020839623737
Q111920513	6000000171513721309
Q111920516	6000000035699940989
Q111920521	6000000030594057947
Q111920525	6000000051371650925
Q111920544	6000000011332849083
Q111920545	6000000181367490857
Q111920547	6000000190966458823
Q111920549	6000000024153219028
Q111920550	6000000070697413835
Q111920551	6000000060329656946
Q111920557	6000000135774769974
Q111920573	6000000192870143872
Q111920578	6000000176766628827
Q111920582	6000000038189480951
Q111920589	6000000159892021877
Q111920604	6000000035702185181
Q111920611	6000000035702027472
Q111920618	6000000027324105514
Q111920621	6000000057776177391
Q111920623	6000000020457624373
Q111920626	6000000066994492853
Q111920627	6000000004589974892
Q111920631	6000000078879337895
Q111920636	6000000028139075533
Q111920641	6000000002693153116
Q111920643	6000000014696777540
Q111920645	6000000121227414874
Q111920647	6000000032670372127
Q1119208	6000000101296552998
Q111922164	6000000041503606178
Q111923793	6000000006348449547
Q111923807	6000000004592967543
Q111923887	6000000003681379609
Q111923944	6000000030189089235
Q111923959	6000000001504545114
Q111923965	6000000001504705279
Q1119240	6000000083225572464
Q111924013	6000000023641726209
Q11192569	6000000014766186800
Q111926281	6000000003681572068
Q111930	6000000000301019019
Q1119305	6000000166219062822
Q111932	6000000023475054263
Q111936309	6000000019857008352
Q111938248	6000000047814263847
Q1119406	6000000182000577831
Q1119462	6000000008781823318
Q1119505	6000000007216409931
Q111950947	6000000033330326315
Q111952091	6000000142251632844
Q1119528	6000000016127231952
Q111953471	6000000000965100340
Q111953479	6000000003526070203
Q111953488	6000000003850808129
Q111953533	6000000003526107237
Q111955191	6000000037011978298
Q1119555	6000000092098219347
Q1119557	6000000092144377834
Q111956315	6000000077627538888
Q111956338	6000000005042363277
Q111956409	6000000056800753834
Q111958754	6000000022913961854
Q111958950	6000000010223291197
Q111959083	6000000010250953900
Q111961455	6000000023728202375
Q111961566	6000000014959408840
Q111961568	6000000014959439326
Q111962004	6000000012687308241
Q111962007	6000000036609368395
Q111962015	6000000032214032849
Q111962025	6000000199714507826
Q111962026	6000000080460339900
Q111962032	6000000034540849592
Q111962036	6000000132760028884
Q111962043	6000000111155575019
Q111962063	322783922380004236
Q111962099	6000000011130524804
Q111962103	4923436922250122298
Q111962105	6000000157680901828
Q111962111	6000000073058796035
Q111962112	6000000019174834120
Q111962127	6000000115532091821
Q111962129	6000000022149205117
Q111962132	6000000202447215832
Q111962133	6000000079084569918
Q111962137	6000000170294841917
Q111962141	6000000086739023983
Q111962150	6000000035912149727
Q111962167	6000000200796724887
Q111962172	6000000182858647821
Q111962186	6000000152613343822
Q111962198	6000000206411529821
Q111962214	6000000029604726365
Q111962220	6000000157605992821
Q111962221	6000000210495044849
Q111962227	6000000051514622846
Q111962240	6000000077555027284
Q111962255	6000000009926249838
Q111962279	6000000019391753674
Q111962280	6000000123079192821
Q111962281	6000000033649320892
Q111962282	6000000029184914879
Q111962293	6000000001780321502
Q111962304	6000000001805392875
Q111962305	6000000017745535287
Q111962338	6000000019472533035
Q111962350	6000000044847652928
Q111962390	6000000012687079456
Q111962409	6000000006917463202
Q111962412	6000000071517833821
Q111962413	6000000071512519888
Q111962431	6000000175686304906
Q111962434	6000000093204494940
Q111962449	6000000032676334105
Q111962465	6000000084648973286
Q111962470	6000000190697521837
Q111962472	6000000180548233915
Q111962473	6000000019872476019
Q111962476	6000000069633601450
Q111962500	6000000082809888123
Q111962503	6000000036702352094
Q111962504	6000000013655398376
Q111962505	6000000018708995485
Q111962567	6000000027106574881
Q111964	6000000168487702038
Q111964291	6000000018343684790
Q111965	6000000032394227396
Q111966980	6000000077893073103
Q111967121	6000000184872535821
Q111967222	6000000180140394841
Q111967666	318601737850005899
Q111967747	6000000133688442896
Q111967774	6000000088681438128
Q111967779	6000000009287934388
Q111967800	6000000026389962592
Q11196855	6000000013470951127
Q111969	6000000041507106225
Q111969565	6000000031798880893
Q111969585	6000000004027340875
Q111971	6000000002188429440
Q111971348	6000000019305111365
Q111971641	6000000027722346302
Q111972518	6000000184916712840
Q111972531	6000000032198609051
Q111972561	6000000032198625979
Q111972563	6000000032198629949
Q111972564	6000000032197893546
Q111972566	6000000032198637916
Q111972568	6000000032180588037
Q111972570	6000000032179989105
Q111972575	6000000032226023715
Q111972576	6000000050047624949
Q111972577	6000000050047586979
Q111972769	6000000029221202966
Q11197334	6000000013470931301
Q111974	6000000038142774203
Q111974979	6000000083630715294
Q111975	6000000002188434233
Q11197521	6000000013514817123
Q111975798	6000000012775089539
Q11197637	6000000006951613339
Q1119767	6000000087767976867
Q1119774	6000000051233943134
Q111977543	6000000005605576297
Q111977583	6000000076902885907
Q111977590	6000000042530849957
Q111977627	6000000002749659143
Q111977650	6000000036436478871
Q111977652	6000000041435527505
Q111977686	6000000076032204004
Q111977689	6000000011670627403
Q111977691	6000000178052084837
Q111977703	5536436413510134405
Q111977715	6000000083019169027
Q111977718	6000000109686290821
Q111977797	6000000197295441190
Q111977806	6000000207340370844
Q111977809	6000000036168441133
Q111977820	6000000017292165624
Q111977829	6000000006713351044
Q111977836	6000000027019943637
Q111977880	6000000000606897307
Q111977889	6000000179538625871
Q111977922	6000000156086851908
Q111977923	6000000195118690900
Q111978	6000000200502155861
Q111978019	6000000212747230833
Q111978074	6000000160266670822
Q111978114	6000000173575760948
Q111978183	6000000201057047831
Q111978185	6000000076044837879
Q111978201	6000000022952406031
Q111978218	6000000109057375043
Q111978234	6000000034582318835
Q111978271	6000000022783932383
Q111978275	6000000094461778216
Q111978288	6000000177045208831
Q111978311	6000000073218454118
Q111978313	6000000080502631861
Q111978319	6000000100755953830
Q111978326	6000000008250953184
Q111978348	6000000076093809860
Q111978358	6000000076164858976
Q111978388	6000000121868983821
Q1119784	6000000092451015101
Q111978413	358398406120011938
Q111978429	6000000207261799831
Q111978454	6000000190137208856
Q111978469	6000000117899215821
Q111978501	6000000015432877959
Q111978550	6000000175721237826
Q111978562	6000000105041304369
Q111978627	6000000017129627197
Q111978629	6000000023700468736
Q111978648	6000000194192475821
Q111978674	6000000001888717318
Q111978675	6000000018972582255
Q111978718	6000000069510691934
Q111978814	6000000019770198467
Q111978830	6000000017617364592
Q111978837	6000000001783527553
Q111978868	6000000085339908874
Q111978870	6000000013705205710
Q111978889	6000000019830362131
Q1119790	6000000132344615040
Q11197939	6000000006589886235
Q11198089	6000000175875707895
Q111981596	6000000027819126569
Q111981769	6000000048072433168
Q111982501	6000000081012811924
Q111982758	6000000010919184709
Q111983084	6000000029996692325
Q111983096	6000000015740829318
Q111983099	6000000076683807564
Q111983103	6000000015740796596
Q111983333	6000000009477786251
Q11198382	6000000013514842600
Q111984312	6000000008751055733
Q111984313	6000000018833636545
Q111984329	6000000164479181935
Q111984380	6000000099949249944
Q111984385	6000000214650041116
Q111984389	6000000069787585034
Q111984408	6000000144505667844
Q111984444	6000000215223153834
Q111984449	6000000178524872481
Q111984462	6000000199190131821
Q111984509	6000000025788623923
Q111984512	6000000055816347919
Q111984517	6000000023247415958
Q111984562	6000000189108494821
Q111984721	6000000020888584891
Q111984747	6000000104590633948
Q111984762	6000000194460299829
Q111984785	6000000107511572944
Q111984790	6000000062912426852
Q111984791	6000000207316873083
Q111984809	6000000041854828929
Q111984813	6000000074089819518
Q111984815	6000000085927092827
Q111984854	6000000157431227845
Q111984861	6000000011473448798
Q111984885	6000000000095670931
Q111984996	6000000034433592832
Q111985017	6000000103389733150
Q111985039	6000000121968364913
Q111985093	6000000024740015937
Q111985100	6000000197329891911
Q111985106	6000000076921320967
Q111985111	6000000017053594136
Q111985150	6000000026663277366
Q111985153	6000000027576378732
Q111985156	6000000076926999034
Q111985166	6000000035563114973
Q111985179	6000000071158559913
Q111985189	6000000181761500825
Q111985205	6000000037668196591
Q111985220	6000000076836822696
Q111985236	6000000020113778106
Q111985246	6000000042981716465
Q111985247	6000000042981635656
Q111985259	6000000056980135977
Q111985278	6000000015299723691
Q111985284	6000000067195954862
Q111985291	6000000035246957686
Q111985292	6000000092170734822
Q111985300	6000000177112952849
Q111985303	6000000121841610201
Q111985331	6000000020009768758
Q111985375	6000000020668201118
Q111985402	6000000074909643904
Q111985412	6000000200448588828
Q111985431	6000000177468958847
Q111985436	6000000052010748912
Q111985575	6000000026910885581
Q111985599	6000000009459281932
Q111985898	6000000021220265541
Q111986	6000000016242782441
Q111986180	6000000084319084042
Q111986190	6000000009053547529
Q111986204	6000000163829701847
Q111986240	6000000185180250846
Q111986241	6000000127630543879
Q111986252	6000000077144623026
Q111986291	6000000047706123985
Q111986304	6000000034683034327
Q111986330	6000000044300331914
Q111986356	6000000024141046351
Q111986358	6000000000851315447
Q111986359	6000000008476939880
Q111986360	6000000031363807817
Q111986403	6000000001502866835
Q111986413	6000000096833906821
Q111986424	6000000086721771154
Q111986456	6000000151125886099
Q111986473	6000000053077857980
Q111986626	6000000003995186426
Q111986638	6000000135607734831
Q111986676	6000000016302881166
Q111987191	6000000035540120591
Q111987202	6000000176435055838
Q1119886	6000000037628336829
Q111988605	6000000184872701838
Q111988789	6000000016436440648
Q111988790	6000000008996260577
Q111988790	6000000024414393955
Q111988791	6000000008996260583
Q111988828	6000000006111620590
Q111988843	6000000007498472408
Q111989004	6000000025001895993
Q111989036	6000000012283978285
Q111989062	6000000006600446158
Q111989070	6000000001504293640
Q111989109	6000000005599621034
Q111989117	6000000005599595129
Q111989141	6000000002813451936
Q111989144	6000000006599749389
Q111989149	6000000006600524214
Q111989188	6000000001169121895
Q111989191	6000000001669615722
Q111989192	6000000001169317924
Q111989194	6000000002837456927
Q111989195	6000000003878804784
Q111989198	6000000003997563757
Q111989200	6000000018593645148
Q111989202	6000000003997508835
Q111989222	6000000001504480437
Q111989223	6000000001504598510
Q111989230	6000000005653830015
Q111989299	6000000001504627972
Q111989300	6000000008428450684
Q111989301	6000000001504585060
Q111989302	6000000019269505957
Q111989303	6000000008428475915
Q111989304	6000000002810383475
Q111989305	6000000023241764389
Q111989306	6000000008428619356
Q111989307	6000000001504279031
Q111989308	6000000002810383498
Q111989333	6000000007987757508
Q111989334	6000000023239518078
Q111989335	6000000007987920319
Q111989342	6000000008035164423
Q111989343	6000000008035032843
Q111989344	6000000010493693933
Q111989345	6000000019580600146
Q111989346	6000000001504279092
Q111989347	6000000008035407226
Q111989369	6000000025753095365
Q111989370	6000000001504573248
Q111989371	6000000009046367677
Q111989395	6000000004243733453
Q111989396	6000000004244095520
Q111989397	6000000004244534558
Q111989399	6000000006740036811
Q111989401	6000000019911755048
Q111989403	6000000003660708146
Q111989404	6000000002101026541
Q111989405	6000000017471981193
Q111989413	6000000003273391934
Q111989417	6000000003273391879
Q111989418	6000000019911774021
Q111989419	6000000019911747139
Q111989421	6000000003665151697
Q111989424	6000000002100732499
Q111989426	6000000003273404421
Q111989427	6000000018962388812
Q111989428	6000000013008447560
Q111989477	6000000080241795141
Q111989478	6000000080242150966
Q111989479	6000000007363582868
Q111989497	6000000007690875574
Q111989498	6000000007690858663
Q111989499	6000000004145982172
Q111989502	6000000015170245432
Q111989506	6000000000072684304
Q111989511	5562794708270071111
Q111989512	5543095275850135661
Q111989513	5562769642950082761
Q111989530	6000000000509521959
Q111989583	6000000011535044669
Q111989589	6000000011534318357
Q1119896	6000000041032791852
Q111989621	6000000011851686210
Q111989637	6000000018818884716
Q111989638	6000000002394166039
Q111989721	6000000000909078785
Q111989722	6000000012821561297
Q111989776	6000000011011944513
Q111989777	6000000011012030364
Q111989811	6000000026905867256
Q111989830	6000000014026512356
Q111989843	6000000083783741067
Q111990	6000000016276913328
Q111990113	6000000000715048753
Q111990335	6000000025100713316
Q111991313	6000000040704995896
Q111991318	6000000007316925422
Q111991363	6000000023984090751
Q111991367	6000000030374110631
Q111991369	6000000013005076771
Q111991373	6000000175570126860
Q111991375	6000000087081077913
Q111991398	6000000123024179107
Q111991414	6000000203201482864
Q111991420	6000000121869312830
Q111991427	6000000090766840903
Q111991428	6000000153365983821
Q111991453	377052519360013580
Q111991465	6000000021908226782
Q111991487	6000000179744003821
Q111991492	6000000117897883843
Q111991527	6000000011127269258
Q111991600	6000000080764471644
Q111991615	6000000185607995918
Q111991634	6000000197074901871
Q111992	6000000011356247502
Q111993273	6000000009304988916
Q111993364	6000000033902206854
Q111993400	6000000021749126898
Q111993410	6000000166392859016
Q111993627	6000000015314316305
Q1119944	6000000145020810864
Q11199456	6000000030544402026
Q111995444	6000000005166453239
Q111995486	6000000005168798001
Q111995504	6000000008688864356
Q111995602	6000000011207850269
Q111995626	5652249621760072391
Q111995627	6000000002814330773
Q111995638	6000000026606750681
Q111995639	6000000002814531044
Q111995640	6000000002814344705
Q111995642	6000000002603376247
Q111995643	6000000002603376184
Q111995644	6000000002603376195
Q111995645	6000000002603461896
Q111995646	6000000007410398859
Q111995647	6000000042683600624
Q111995648	6000000000835537274
Q111995649	6000000006444997632
Q111995650	6000000000151834068
Q111995651	6000000001600847144
Q111995756	6000000002924848977
Q111995763	352843413790011891
Q111995770	6000000003128929508
Q111995797	6000000051872678212
Q111995800	6000000031372446150
Q111995803	6000000016804899856
Q111995819	6000000100855023217
Q111995820	6000000020957613971
Q111995826	6000000133387126839
Q111995829	6000000002205446722
Q111995830	6000000025973171000
Q111995852	6000000016293311571
Q111995853	6000000042379986428
Q111995855	6000000042380270859
Q111995857	6000000038737499637
Q111995858	6000000001220001201
Q111995860	6000000000048971753
Q111995862	2267312
Q111995864	2267333
Q111995943	6000000016298320551
Q111995944	6000000016297716512
Q111996	6000000000427623647
Q1119962	6000000129564096025
Q111998	6000000019269970345
Q111999	6000000000300602589
Q111999159	6000000011071145683
Q112000870	6000000002906956386
Q112000880	6000000002106349386
Q112000883	6000000007804351050
Q112000888	6000000032222115270
Q112000892	6000000002906956415
Q112000892	6000000003941051427
Q112000896	6000000003940966605
Q112000953	6000000003077317015
Q112001403	6000000016823975701
Q112001406	6000000010860626847
Q112001411	6000000016464784754
Q112001422	6000000110841433877
Q112001452	6000000007403803271
Q112001629	6000000041032602447
Q112001643	6000000017064192526
Q11200188	6000000016938763028
Q11200333	6000000047808971916
Q112004410	6000000003807088626
Q112004413	6000000003920517792
Q112004416	6000000003807088592
Q112004419	6000000003918825472
Q112004421	6000000003919069043
Q112004423	6000000003919069050
Q112004426	6000000003807046878
Q112004461	6000000011071520792
Q112004472	6000000002352528924
Q112005	6000000111425324329
Q1120115	6000000075199413821
Q112013527	6000000016116681283
Q112016232	6000000015726888363
Q112016257	6000000010404463751
Q112016286	6000000015962010158
Q112016476	6000000015842328355
Q112016894	6000000015984739566
Q112016986	6000000015984168677
Q112017	418086
Q112017063	6000000015982922413
Q112017187	6000000015755068207
Q112017189	6000000016099910171
Q112017197	6000000015972132468
Q112017263	6000000015970105748
Q1120186	6000000009641068242
Q11201965	6000000011580854293
Q11202015	6000000002961427023
Q1120225	6000000053077410854
Q112023843	6000000002704693137
Q112023851	6000000015793196232
Q112024036	6000000015783082577
Q112024049	6000000016128960340
Q112024391	6000000015768925759
Q112024794	6000000015842434815
Q112024798	6000000015842434821
Q112024951	6000000015842434827
Q112024975	6000000015842434833
Q112025021	6000000015971734469
Q112025105	6000000015984394597
Q112025338	6000000015924206188
Q112025497	6000000013031825168
Q112025607	6000000015983426331
Q112025632	6000000015982933498
Q112025635	6000000015983078826
Q112025640	6000000015972676243
Q112025729	6000000015971587275
Q112025739	6000000005962487593
Q112025936	6000000005609495656
Q112025946	6000000016189794382
Q112025958	6000000016197454471
Q112026234	6000000015972112552
Q112026236	6000000015972266637
Q11202677	6000000006796390662
Q112029	6000000145762231833
Q112030682	6000000018119076141
Q112031580	6000000012543913259
Q112032473	6000000025430304720
Q112032589	6000000039151711802
Q112033	316618804880004931
Q112034280	6000000186281746864
Q112034299	6000000186282383865
Q112034610	6000000018055099166
Q112034626	6000000018053221950
Q112034965	6000000044266330468
Q112035365	6000000103877629029
Q11203762	6000000075961353955
Q112039	6000000016275804166
Q1120391	6000000078921029457
Q112039518	6000000086842547040
Q112040007	6000000102743481386
Q112041174	6000000164271444919
Q112041585	6000000164474836027
Q112041977	6000000164148597828
Q112042938	6000000060746113828
Q112042957	6000000000112548384
Q1120451	6000000177037696827
Q112045627	6000000006761522810
Q112045672	6000000006761767446
Q112045893	6000000015775663406
Q112052981	6000000022135614609
Q112052996	6000000003273404087
Q112053011	6000000022135788599
Q112054197	6000000083345011908
Q112054350	6000000164083306902
Q112054487	6000000019782590373
Q112054541	6000000098109559926
Q112054833	6000000029421121176
Q112055032	6000000030143108103
Q1120556	6000000031473643385
Q112055997	6000000060746072857
Q1120562	6000000036697917543
Q112057536	308559670820007065
Q112057538	308557776710006487
Q112057539	308559362380002055
Q112057545	308559103250004380
Q112057546	6000000000526402061
Q11205776	6000000023091685544
Q112058062	6000000027041608776
Q112058070	298210596790003612
Q112058071	6000000003665826786
Q112058073	6000000000966204351
Q112058078	6000000004237699757
Q11206032	6000000001875144172
Q112061396	6000000020013767307
Q112062358	6000000011635206787
Q112062756	6000000020377888023
Q112062771	6000000010050061763
Q1120628	6000000011134303794
Q112062992	6000000010050401049
Q112063	6000000050897081907
Q112063638	6000000006324792996
Q112063711	6000000084292222124
Q112063831	6000000164479641865
Q112064101	6000000017424457112
Q112064604	6000000010050445828
Q112066	6000000009014042846
Q112066400	6000000076568254895
Q11206649	6000000001219917252
Q112066495	6000000035460141293
Q112066496	6000000002850619162
Q112066500	6000000000447754236
Q112066502	6000000007795485036
Q112067481	6000000018327357842
Q112069111	6000000015125350782
Q1120700	6000000122241073032
Q112072539	6000000164482733923
Q112072969	6000000018067026043
Q112073127	6000000034735311162
Q112073272	6000000083731494892
Q112074417	6000000164139381829
Q112074548	6000000175029112895
Q112074739	6000000002279056003
Q112074783	6000000083731151141
Q112075060	6000000009072923746
Q112075285	6000000008410369835
Q112076517	6000000006292080361
Q112077061	6000000021236795796
Q112077092	6000000021237097287
Q112078074	6000000085606433883
Q112078515	6000000054563985887
Q1120787	6000000006884148070
Q112078783	6000000030520656716
Q112078791	6000000164725993861
Q112079295	6000000076884867362
Q112079702	6000000164724564994
Q112079882	6000000164721140073
Q112079997	6000000055956945004
Q112080406	6000000017276756007
Q112080840	6000000001504763231
Q112080997	6000000004543522860
Q112081016	6000000004543797350
Q112081354	6000000010510864150
Q112081382	6000000008634049014
Q112082162	6000000036305655751
Q112083	6000000186259042913
Q1120834	6000000025453487874
Q112083410	6000000014192132353
Q112083488	6000000010735781810
Q112083504	6000000002433069342
Q112083733	6000000019493496991
Q112083735	6000000019494111138
Q112083784	6000000024761638042
Q112084132	6000000050691270872
Q112084500	6000000015804458679
Q112084783	6000000030331707479
Q112084790	6000000039630173726
Q112084830	6000000019882534083
Q112084845	6000000003811270179
Q112084845	6000000039632590766
Q112084882	6000000025745489600
Q112084992	5253481804900117741
Q112085102	6000000087360883958
Q112085264	6000000008307372142
Q112085500	6000000007933099336
Q112085535	6000000017451982227
Q112085629	6000000015184393506
Q112085662	6000000008279609249
Q112085708	6000000018497499453
Q112085749	6000000014474798668
Q112085787	6000000008280105122
Q112085873	6000000039633088623
Q112085926	6000000008279690304
Q112085953	6000000054564026839
Q112085954	6000000017583831046
Q112085973	6000000039635232423
Q112085989	6000000039636696140
Q112086051	6000000189379369867
Q112086087	6000000026683596300
Q112086192	6000000026682447423
Q112087581	6000000021640479988
Q1120876	6000000175810903822
Q112087663	6000000039892287899
Q112087845	6000000026683391366
Q112088	6000000009026868818
Q112088020	6000000144489494821
Q112088499	6000000038124801091
Q112088840	6000000009477957321
Q112089122	6000000068905758901
Q112089963	6000000079758608849
Q1120901	6000000038048585069
Q112090355	6000000053764478948
Q112090365	6000000047349167010
Q112090627	6000000039888772171
Q112092	6000000181905858932
Q112092083	6000000014877713025
Q1120926	6000000024463675821
Q112093768	6000000085378506041
Q112093882	6000000085339906868
Q112094018	6000000022953369991
Q1120950	6000000184219815862
Q112096	6000000008130214549
Q112096532	6000000085382190859
Q112096869	6000000015185238842
Q1120969	6000000089978089911
Q1120971	6000000002979875042
Q1120973	6000000089978406032
Q1120976	6000000089978980863
Q112098194	6000000180582052821
Q112098431	6000000085376752055
Q112100224	6000000072974903957
Q112102	6000000008429558508
Q112104	6000000002188409485
Q112106480	6000000086346702972
Q112106582	6000000015163414925
Q1121068	6000000007231766965
Q112106830	6000000010735919564
Q112107277	6000000014948252150
Q112107277	6000000188825891855
Q112107300	6000000014948191339
Q112107346	6000000039675946026
Q112107454	6000000019118534065
Q112107810	6000000031617106797
Q112107880	6000000044009697861
Q112107951	6000000044009589139
Q112108	6000000015262342228
Q112108029	6000000044009286768
Q112108038	6000000044009286784
Q112108063	6000000031617446238
Q112108068	6000000045592283888
Q112108079	6000000051864406830
Q112108090	6000000028729926201
Q112108114	6000000028745877944
Q112108294	6000000021112935020
Q112108556	6000000028745839100
Q1121086	6000000158181150834
Q112108610	6000000028745731130
Q1121087	6000000007218942521
Q112109006	6000000015163699113
Q112109016	6000000015163623641
Q112109178	6000000028745694620
Q112109211	6000000028745653756
Q112109298	6000000002661303797
Q112109408	6000000015388475354
Q112109691	6000000028745870209
Q112109708	6000000028745909877
Q112109907	6000000085339136972
Q112109960	6000000003783431372
Q112109970	6000000003783513418
Q112110045	6000000003783278725
Q112110129	6000000189379774821
Q112110167	6000000039889336937
Q112110171	6000000039888982887
Q112110811	6000000006135991193
Q112111055	6000000110115023836
Q112111814	6000000154796421854
Q112111898	6000000010810703750
Q112111970	6000000000947536227
Q112111975	6000000000947684103
Q112112	6000000002188370186
Q1121120	348941660280011504
Q112112012	6000000190454657580
Q112112034	6000000149982168841
Q112112034	6000000158362905898
Q112112356	6000000009127774361
Q112112659	6000000010051044725
Q1121134	6000000015393195115
Q112113615	6000000023315682955
Q112114502	6000000016282201581
Q11211502	6000000179186385828
Q112115063	6000000021595624760
Q11211618	6000000060610444839
Q112116796	6000000026048245960
Q112117	6000000003232550579
Q112117664	6000000023305184958
Q112117803	6000000006280848076
Q112117836	6000000082645445884
Q112117838	6000000039719276846
Q112117840	6000000039719149004
Q112117907	6000000039817651842
Q112117928	6000000011400773507
Q112117938	6000000011302571987
Q112117952	6000000024731496848
Q112117960	6000000039732562194
Q112117970	6000000039732544925
Q112117977	6000000024731319136
Q112117982	6000000024730814540
Q112117984	6000000039732606165
Q112117993	6000000039732160579
Q112118001	6000000024732378865
Q112118007	6000000015583065601
Q112118014	6000000039729873997
Q112118014	6000000190453317342
Q112118029	6000000036910702803
Q112118054	6000000012106713607
Q112118226	6000000079611805113
Q112118690	6000000149973608835
Q112118801	6000000119770887821
Q112119213	6000000164727020918
Q112119340	6000000068919784879
Q112119479	6000000074272752724
Q112119821	6000000037579947190
Q11212093	6000000017643740227
Q112121	6000000041320700042
Q112121306	6000000018406361177
Q112121328	6000000164730367954
Q112121546	6000000164730693869
Q112121617	6000000010308275272
Q112121763	6000000042845308225
Q112121827	6000000037792204592
Q112122089	6000000006280745163
Q112122141	6000000076842893848
Q112122246	6000000149961408855
Q112123448	6000000014574525382
Q112123464	6000000006280829046
Q112123711	4353340956660127623
Q112123877	6000000027705159294
Q112124	6000000016309259430
Q112124130	6000000015729244639
Q112124613	6000000017484658187
Q112124895	6000000011517304417
Q112124902	6000000016045834001
Q112125101	6000000015581985806
Q1121255	6000000075252042899
Q112126136	6000000037698790251
Q112126269	6000000030411782910
Q112126365	6000000164734818848
Q112126612	6000000011447847790
Q11212666	6000000021093097327
Q112127598	6000000051648379638
Q112129017	6000000030644608099
Q112129067	6000000164895073822
Q1121302	6000000005965824704
Q112130831	6000000034717271422
Q112130917	6000000174006330937
Q112131154	6000000015169226044
Q112131223	6000000007273246217
Q112131244	6000000003412785258
Q112131268	6000000010954552311
Q112131425	6000000076343099271
Q112131432	6000000078296512823
Q112131510	6000000142463816844
Q112131956	6000000024508907855
Q112132	6000000002895481273
Q112132465	6000000138086477007
Q112132491	6000000090141413893
Q112132499	6000000090140884895
Q112132553	6000000138087323888
Q112133899	6000000052935235941
Q11213397	6000000010039968486
Q1121340	6000000033874935254
Q11213413	6000000017398330734
Q1121345	6000000007376934082
Q1121345	6000000080876897426
Q112134534	6000000029198344238
Q112134654	6000000038609756323
Q112134823	6000000136940230841
Q112134999	6000000136939862906
Q112135080	6000000022254835384
Q112136	6000000028210515216
Q112136142	6000000012437543688
Q112136183	6000000003255362515
Q112136269	6000000010995878968
Q112136275	6000000016189926017
Q112136360	6000000008364358983
Q1121364	6000000029578215895
Q112136876	6000000021017558104
Q112136879	6000000004565665399
Q112136883	6000000197111621826
Q112136885	6000000010827903935
Q112136890	6000000022756632628
Q112136913	6000000089194361843
Q112136969	6000000089193951911
Q11213850	6000000001764171073
Q112140216	6000000014528311701
Q112140234	6000000041187577383
Q112140251	6000000009905680269
Q112140279	6000000016214196013
Q112140291	6000000079890170892
Q1121415	6000000180115691827
Q112143869	6000000012620162955
Q112143870	6000000028908960268
Q112144270	6000000063532260831
Q112144303	6000000002765728449
Q112144354	6000000023342063086
Q112144356	6000000002385325485
Q112144358	6000000003027766197
Q112144361	6000000023342207891
Q112144363	6000000027359073672
Q112144385	6000000018272415892
Q112144395	6000000018271180795
Q112144398	6000000007150811492
Q112144404	6000000007150185939
Q112144407	6000000007142335748
Q112144410	4216346211840054301
Q112144411	4215143547810041326
Q112144413	6000000007451780112
Q112144438	4705724082510035091
Q112144440	6000000001316344253
Q112144442	4705717614590035531
Q112144482	6000000036823969619
Q112144483	6000000012913438927
Q112144961	6000000015823731801
Q112145856	6000000008863902700
Q112145857	6000000008863667016
Q112145858	6000000003939994308
Q112145859	6000000003859034849
Q112145958	6000000013599004390
Q112145958	6000000152292396876
Q112145964	6000000026258228519
Q112145969	6000000006441151246
Q112145969	6000000026257957799
Q112145972	6000000026258176359
Q112147444	6000000178755503822
Q112147555	6000000028105369933
Q112147628	6000000028585359168
Q112147706	6000000031207976044
Q112148138	6000000180313826873
Q112148202	6000000081808285886
Q112148206	6000000198887290985
Q112148207	6000000198887317022
Q112148214	6000000070315311234
Q112148231	6000000065174631833
Q112148301	6000000208031423830
Q112148388	6000000082368477998
Q112148407	6000000024556431851
Q112149534	6000000016537523111
Q1121497	6000000083950882895
Q112150237	6000000209953416826
Q112150315	6000000073385491861
Q112150316	6000000073385345888
Q112150321	6000000178380503873
Q112150490	6000000065921218903
Q112150555	6000000131753805959
Q112150602	6000000088713157849
Q112150608	6000000195673269826
Q112150609	6000000037688334892
Q112150614	6000000087290020080
Q112150748	6000000069286136947
Q112150764	6000000083672941698
Q1121510	6000000081285767756
Q1121517	6000000081286654351
Q112152677	6000000012010680776
Q112153	6000000034535984213
Q112155095	6000000016826825185
Q112156	6000000181001628865
Q112156532	6000000018665487214
Q112156735	6000000025594056488
Q1121577	6000000013141451649
Q1121590	6000000080584538984
Q1121596	6000000029530158015
Q1121598	6000000033625308953
Q112159816	6000000018689372012
Q112159863	6000000009256521563
Q112159877	6000000032333159272
Q112159923	6000000084317642821
Q1121600	6000000086946738999
Q112160002	6000000115820653878
Q112160040	6000000046602083965
Q112160044	6000000009358857884
Q1121601	6000000013505387525
Q112160139	6000000018077625364
Q1121602	6000000069824509886
Q112160212	6000000044798891904
Q112160422	6000000178031286822
Q112160524	6000000012784667714
Q112160635	6000000084492874742
Q1121608	6000000069825020658
Q112160914	6000000010338952087
Q112161	6000000025489542939
Q1121610	6000000018712546389
Q112161219	6000000007634802616
Q112161342	6000000010339533282
Q1121617	6000000143547823123
Q112161922	6000000052254858821
Q112162444	6000000020049920252
Q112162608	6000000000211381325
Q112163282	6000000014303218112
Q112163389	6000000026190760899
Q112163451	6000000005597434850
Q112164000	6000000017784926578
Q112164444	6000000019394630533
Q112164849	6000000069119090223
Q112164906	6000000053357874178
Q112165006	6000000175357502130
Q112165184	6000000210996946821
Q112165433	6000000206329840853
Q112166675	6000000002278477005
Q112166774	6000000015653858878
Q11216735	6000000043925907850
Q112167662	6000000185218598960
Q112167749	6000000019209158208
Q112168	6000000181968218882
Q11216806	6000000018859399188
Q112168510	6000000070657584821
Q112168562	6000000041899424953
Q112168605	6000000192017295910
Q112168606	6000000130460167821
Q112168729	6000000183165932829
Q112169863	6000000138090457971
Q112169901	6000000059117482972
Q112169962	6000000059116809198
Q112169989	6000000059116993043
Q112170028	6000000059116913190
Q112170885	6000000051903786856
Q112171	6000000011115708034
Q112171117	6000000002266173030
Q11217267	6000000021514393816
Q112172693	6000000138090978849
Q112172976	6000000090140629013
Q112173	6000000180991098848
Q11217321	6000000001188737143
Q112173312	6000000090140959877
Q112174972	6000000028705098782
Q112175012	6000000028706900979
Q11217565	6000000010030039491
Q112176	6000000137660870825
Q112178084	6000000009600807753
Q11217835	6000000179950287857
Q11217870	6000000194622675864
Q11217893	6000000007263822447
Q11217951	6000000021303267252
Q112182347	6000000015837438422
Q112182564	6000000031832893439
Q112182568	6000000015837438315
Q112182576	6000000028595711208
Q112182584	6000000003499994104
Q112182594	6000000015837163678
Q112182598	6000000025752626965
Q112182609	6000000031832817513
Q112182723	6000000025752138189
Q112182732	6000000130330374850
Q112182948	6000000015837713008
Q112183106	6000000025490384611
Q112183194	6000000084824621869
Q112183314	6000000084824168886
Q112184	6000000024451052509
Q112184559	6000000007335998353
Q112184604	6000000007740362723
Q112184945	6000000016035012536
Q1121853	6000000034168365666
Q112186029	6000000006353442060
Q112186346	6000000004593766518
Q11218647	6000000038218241310
Q1121873	6000000034166946404
Q1121876	6000000013751715171
Q112187967	6000000210135955822
Q112188081	6000000198308149840
Q112188665	6000000018160573388
Q112189003	6000000008540745761
Q112189154	6000000074138620823
Q1121904	2222703
Q112190884	6000000009935999897
Q112193	6000000201395494885
Q112193507	6000000008199631775
Q112194310	6000000002765681188
Q112194410	6000000010609972575
Q112194531	6000000011604820683
Q112194536	6000000011604980048
Q112194538	6000000011220620534
Q112194540	6000000011229321409
Q112194546	4245085
Q112194553	6000000011220623029
Q112194554	6000000001222335048
Q112194556	6000000003077232115
Q112194564	6000000003076684490
Q112194576	6000000011605097611
Q112194579	6000000011605100882
Q112194583	6000000002108664232
Q112194585	6000000009570570662
Q112194586	6000000009570703210
Q112194599	6000000001959024545
Q112194644	6000000023854904350
Q112194646	6000000006907062738
Q112194647	6000000003424577192
Q11219468	6000000015511913798
Q112194783	6000000085584897170
Q112194837	6000000002240043126
Q112194838	6000000014573439904
Q112194840	6000000014574731042
Q112194841	6000000014577490495
Q11219486	6000000013651722569
Q112195284	6000000010649987040
Q112195843	6000000003221209543
Q112195852	6000000003221209527
Q112195877	6000000003221209511
Q112195901	6000000003221209495
Q112195912	6000000003221209480
Q112195922	6000000004228866076
Q112196	6000000009679194818
Q112196044	6000000006741982158
Q112196167	6000000001407008529
Q11219686	6000000015512426007
Q11219781	6000000076214787070
Q11219852	6000000013569969099
Q112199206	6000000003686133074
Q112199282	6000000003686133018
Q112199359	6000000003686133013
Q112199449	6000000070092300924
Q112199534	6000000174199674228
Q11220078	6000000018496246664
Q112202225	6000000212711948821
Q112202431	6000000149971066823
Q1122025	6000000143550821984
Q11220263	6000000053261218092
Q11220389	6000000017151169364
Q112205	6000000007325443212
Q1122051	6000000011171808708
Q112206168	6000000154784900911
Q112206357	6000000154817522916
Q1122065	6000000082988896347
Q11220681	6000000191517223821
Q11220805	6000000163447319484
Q112209275	6000000048840234038
Q11221047	6000000081316949163
Q112214	6000000104735061876
Q11221473	6000000071412178082
Q112214838	6000000000475182095
Q112215872	6000000068233199860
Q112216436	6000000018169681093
Q112216465	6000000023041432852
Q112216486	6000000021424210273
Q112216614	6000000059531452261
Q112216644	6000000017183567563
Q112216689	6000000017182700153
Q112216728	6000000001131877680
Q112216769	6000000000330869037
Q112216812	6000000000323076101
Q112217	6000000078505855867
Q1122173	6000000004439642007
Q11221793	6000000015842328349
Q112218	6000000178722152821
Q112218298	6000000013302265329
Q11221883	6000000043112977184
Q112219628	6000000007543875374
Q112219630	6000000001744182852
Q112219631	3823427
Q112219633	6000000001744182747
Q112219639	6000000028412146189
Q112219643	6000000001354335148
Q112219645	6000000007170560670
Q112219762	6000000033840007055
Q112219774	6000000015096467416
Q112219777	6000000017633543777
Q112219841	6000000007041995153
Q112219842	6000000007279419165
Q112219845	6000000003022171121
Q112219847	6000000001845707018
Q112219858	6000000000490934431
Q112219864	6000000002247011520
Q112219866	6000000003465866430
Q112219954	6000000029103184098
Q112219955	6000000026664803983
Q112219956	6000000008861861038
Q112219957	6000000004086548702
Q112220076	6000000132514570926
Q112222	6000000024517024001
Q11222208	6000000110044395889
Q112222350	6000000020802500185
Q1122231	6000000034293723279
Q112224594	6000000021230644563
Q112224607	6000000021231602063
Q112224624	6000000021230853615
Q112225	6000000002725456301
Q112225079	6000000082240250946
Q1122259	6000000115001868955
Q112226534	6000000092105667875
Q112226605	6000000003150074636
Q112226607	6000000003150074623
Q112226609	6000000043029090772
Q112226611	6000000042999236334
Q112226615	6000000003150074586
Q112226618	6000000015842726330
Q112226637	6000000003150074579
Q112226686	6000000039830797591
Q112226688	6000000024487743972
Q112227	6000000179358639851
Q112227050	6000000084646169068
Q112228	6000000023862145680
Q112228117	6000000040614009183
Q112228486	6000000029732432047
Q112228529	6000000029732449224
Q112228632	6000000166201673990
Q112229098	6000000002814099726
Q112229193	6000000002814360219
Q112229219	6000000021177406055
Q112230691	6000000021093112979
Q11223364	6000000055784475847
Q112234871	6000000038100828984
Q112234959	6000000023231040906
Q112234981	6000000082805031915
Q112236927	6000000138654522039
Q112239632	6000000067470883852
Q1122412	6000000136794729832
Q112242298	6000000034648894895
Q112243364	6000000014114644569
Q112244269	6000000200117252853
Q112244479	6000000015402461553
Q112244480	6000000116694559857
Q112244484	6000000013040760554
Q112244485	6000000023785964326
Q112244487	6000000191906241822
Q112244488	6000000139914116821
Q112244498	6000000047478133903
Q112244514	6000000178579766821
Q112244518	6000000048516673848
Q112244535	6000000021011887816
Q112244540	6000000193430227839
Q112244544	6000000102188027888
Q112244548	6000000001493543921
Q112244550	6000000037721621586
Q112244794	6000000202971180822
Q112245255	6000000024643861489
Q112245956	6000000047602844012
Q112245960	6000000047603068262
Q112246069	6000000151500533915
Q112246232	292201451050006870
Q1122465	6000000072007560839
Q11224744	6000000022846913599
Q11224898	6000000031282780114
Q11225096	6000000041519244284
Q112251	6000000017274087426
Q1122512	6000000069498349041
Q112251235	6000000013450319836
Q112251355	6000000070734126009
Q112252807	6000000020193631529
Q112252924	6000000028798243190
Q112253539	6000000014115280872
Q112253732	6000000001753009285
Q112254043	6000000024032503896
Q112254111	6000000030871108961
Q112254163	6000000041852296943
Q112254256	6000000001278964239
Q112254392	6000000022750891229
Q112255	6000000016113018619
Q112255871	5606735644870075186
Q112256086	6000000017212048451
Q112256764	6000000012258248373
Q1122570	6000000166010072933
Q112257654	6000000070453281833
Q112257657	6000000039470392024
Q112257661	6000000038726172115
Q112257665	6000000003796751298
Q112257670	6000000003796740559
Q112257671	6000000003843337027
Q112257794	6000000180662196880
Q112257798	6000000003858983362
Q112257799	6000000000172049385
Q112257812	6000000000172015702
Q112257813	6000000003141586059
Q112257824	6000000036150974155
Q112257840	6000000001212780315
Q112257841	6000000007363660220
Q112257842	6000000004237813098
Q112257845	6000000004237689849
Q112257846	6000000006444057431
Q112257847	6000000007363810327
Q112257852	6000000003868226903
Q112257885	6000000000769899149
Q112257886	6000000000769899159
Q112257887	6000000003077605701
Q112257888	6000000002931059432
Q112257894	6000000010905599170
Q112257897	381732702210003197
Q1122579	6000000008364035754
Q112258265	6000000015529352602
Q112258267	6000000015529578366
Q112258313	6000000021785573317
Q112258346	336836600140005347
Q112258811	336836753080002641
Q112259877	6000000087191212846
Q112260688	6000000008250372182
Q112260922	6000000093407350981
Q112261	6000000181000369826
Q112261316	6000000038819572212
Q112261375	6000000194772781827
Q112261772	6000000055265822075
Q112261776	6000000079043346464
Q112261781	6000000093406065298
Q112261800	6000000079043968091
Q112261809	6000000079035848913
Q112261810	6000000079035445110
Q112261842	6000000055262795851
Q112262753	6000000002764846890
Q112264625	6000000076960132823
Q112268	6000000062929460138
Q112269932	6000000141999925845
Q112270	6000000019124727331
Q112270001	6000000190454761362
Q112270052	6000000024654355959
Q112270368	6000000009675344490
Q112270370	6000000010896082295
Q112270422	6000000019939886050
Q112274498	6000000025605154706
Q112274671	6000000021341664952
Q112274683	6000000021341384644
Q112274687	6000000021341539458
Q112274841	6000000037953469457
Q112274841	6000000076959385678
Q112274955	6000000014984316630
Q1122752	6000000009915354207
Q1122753	6000000103666316830
Q112275467	6000000017017689280
Q112275574	6000000017017657583
Q112275924	6000000204968060889
Q112278084	6000000022979072964
Q112278100	6000000022978587374
Q11228598	6000000013707349219
Q112286	6000000102505060838
Q112286505	6000000041191015989
Q112286556	6000000002122210047
Q112286776	6000000041174876447
Q112286776	6000000076958707558
Q112286956	6000000185441110833
Q112286992	6000000056872283075
Q112288430	6000000014166644946
Q112288607	6000000039853895427
Q112288962	6000000033983798794
Q11228992	6000000006569881529
Q1122915	6000000029323963710
Q1122923	6000000007445678437
Q112292835	6000000022026057525
Q1122934	6000000030652781141
Q1122937	6000000150911137822
Q1122938	6000000008754263733
Q1122942	5149036244670084958
Q1122945	6000000009043904892
Q1122949	6000000132489353030
Q112297219	6000000009587232384
Q1122976	6000000170080129837
Q112300675	6000000107953299828
Q1123011	6000000000701222098
Q1123024	6000000018452827135
Q112302464	6000000025427793892
Q112302534	6000000010749770107
Q112302736	6000000009300891370
Q1123031	6000000119721022824
Q112303881	6000000002603154619
Q112304	6000000078219312337
Q112305513	6000000012701115719
Q112306890	6000000006582186552
Q112307	6000000003208926116
Q112307465	6000000017392668183
Q112309242	6000000015451634196
Q112309380	6000000007631456848
Q112309585	6000000013270586157
Q112309719	6000000024208184862
Q112309801	6000000004148405379
Q112312155	6000000175682074859
Q112313212	6000000025428597464
Q112313738	6000000025429131425
Q112313747	6000000025428921608
Q112313792	6000000014981092808
Q112317437	6000000197423402841
Q112317549	6000000011368857276
Q1123212	6000000156804573843
Q112322362	6000000019913564040
Q11232333	6000000174534560177
Q112323971	6000000038178949836
Q112323988	6000000014569793853
Q112323989	6000000000946615332
Q112323993	6000000014883576204
Q112324569	6000000029821258212
Q11232516	6000000006157502504
Q112326687	6000000013640794387
Q112326701	6000000015150947827
Q112327362	6000000183357430838
Q112327547	6000000005229716967
Q112327548	6000000005229903718
Q112327554	6000000005229848989
Q112327555	6000000016011596318
Q112327557	6000000014276217736
Q112327561	6000000005229662527
Q112327564	6000000008661040002
Q112327632	6000000024644828437
Q112327774	6000000084689010178
Q112327828	6000000023936769486
Q112327840	6000000015549258190
Q112327883	6000000029224910294
Q112327923	6000000011547831972
Q112327925	6000000011548107374
Q112327927	6000000012288611693
Q112327934	6000000011502835729
Q112328	6000000021540700531
Q112328003	6000000011548107368
Q112328039	6000000020340308524
Q112328040	6000000007412525286
Q112328042	6000000017200540003
Q112328044	6000000017200308985
Q112328046	6000000018704955251
Q112328047	6000000069372252967
Q112328050	6000000018705029264
Q112328051	6000000069427212845
Q112328052	6000000069427206859
Q112328325	6000000025942274216
Q112328326	6000000016492784132
Q112329260	6000000022604034416
Q112329280	6000000039992511221
Q112329282	6000000022634666643
Q112329291	6000000034980636492
Q112329303	6000000022172844225
Q112329335	6000000057626142858
Q112329338	6000000152659350844
Q112329366	6000000080054100954
Q112329375	6000000080053964869
Q112329379	6000000080051739015
Q112329380	6000000080053088822
Q112329382	6000000080052038847
Q112329384	6000000080003834296
Q112329391	6000000017139113614
Q112329631	6000000018428317229
Q112329715	6000000066661307977
Q112329716	6000000097543535933
Q112329755	6000000010380805264
Q112329766	6000000017138137424
Q112329857	6000000044319820910
Q112329858	6000000044319718229
Q112329860	6000000044319853302
Q112329862	6000000044319895959
Q112329864	6000000044319386543
Q112330134	6000000003827701363
Q112330188	6000000003827701454
Q112332	6000000000522720047
Q112334	6000000086983234002
Q1123348	6000000081544492422
Q1123356	6000000081544136498
Q112335950	6000000007187443249
Q112336485	6000000001710200391
Q112336738	6000000008905768357
Q112338251	6000000009305808723
Q112339	6000000072533560837
Q112339340	6000000000999843039
Q1123397	6000000177921208823
Q112340810	6000000105866439845
Q112340961	6000000001051113472
Q1123420	6000000081492592970
Q112342456	6000000015182259103
Q112346322	6000000149976533854
Q1123467	6000000015690888899
Q11234685	6000000006958159397
Q1123470	6000000054158505885
Q1123472	6000000006742006557
Q112347364	6000000011323136002
Q112347409	6000000201181256829
Q1123475	6000000010372713416
Q1123480	6000000021985703911
Q112348113	6000000023712537859
Q1123482	6000000028957583848
Q1123485	6000000016388219417
Q1123486	6000000016388232315
Q112348921	6000000081550276848
Q1123490	6000000082627467292
Q1123491	6000000014695773421
Q112349344	6000000014674591744
Q112349722	6000000180042093896
Q112351	6000000085058766822
Q112351198	6000000057297982131
Q1123516	6000000016489749655
Q112351904	6000000206079847830
Q1123522	6000000013493818709
Q1123524	6000000076787327275
Q112354	6000000016683400619
Q112355	6000000057064135821
Q112358	6000000015501085283
Q1123589	6000000004096493297
Q1123596	6000000009128211136
Q112362	6000000023712375433
Q112362257	6000000101071209821
Q112362743	6000000048598301039
Q112362852	6000000018222450681
Q112363072	6000000079545303105
Q112363612	6000000002009089606
Q112363930	6000000076903490398
Q112365338	6000000105863968893
Q112365494	6000000199706677823
Q112365818	6000000017849960211
Q1123668	6000000019845330513
Q112367737	6000000010501293891
Q112369365	6000000189347370861
Q112369840	6000000029885223398
Q11237	6000000006052631002
Q112370433	6000000016438483841
Q112371288	6000000124226595023
Q1123723	6000000037997914975
Q112373919	6000000067944806838
Q112376295	6000000029664619625
Q112377	6000000017279445447
Q112377166	362935836490013259
Q112378	6000000039972052886
Q112378395	6000000001781669015
Q112379501	6000000125272966852
Q11238108	6000000125272946835
Q112382787	6000000006444369646
Q112382790	6000000002979984099
Q112384240	6000000124638438176
Q112384243	6000000124638892952
Q112384246	6000000124625006828
Q112384252	6000000124638322822
Q1123857	6000000151487321822
Q112389350	6000000012743911076
Q112389490	6000000014677453396
Q11239	6000000003074523814
Q112390981	6000000002958660045
Q112391134	6000000015394077382
Q112393384	6000000065538115858
Q112393531	6000000010849593740
Q112399311	6000000015995351306
Q11239932	6000000003005156714
Q112399680	6000000016723681339
Q112399681	6000000024552967234
Q112399682	6000000013489962055
Q1124	6000000001961474289
Q112400	6000000010998825576
Q112401114	6000000008864532891
Q112403243	6000000222152909204
Q112404808	6000000020584492543
Q112406	6000000054042796897
Q1124069	6000000013427253639
Q112407081	6000000000043691951
Q112407697	6000000040362463979
Q112409002	6000000011033690703
Q11240967	6000000217066957880
Q112410	6000000026025045762
Q112411	6000000010842563999
Q112411395	6000000076672626003
Q11241298	6000000034651425239
Q112414932	6000000000923429378
Q112415489	6000000018426011201
Q112415600	6000000027005454136
Q112416126	4327398350850069349
Q112416139	6000000012974708444
Q112416449	6000000044189717921
Q1124166	6000000178575743831
Q112416977	6000000176173492869
Q112417154	6000000029050141516
Q11241730	6000000034646993304
Q1124206	6000000145250307845
Q112421874	6000000018021520985
Q112422568	6000000026507150334
Q112423	6000000031984544147
Q112428497	6000000042998221068
Q112429724	6000000018611471462
Q112429856	6000000002649930042
Q112430796	6000000031864753237
Q112431208	6000000026861280415
Q112432009	6000000077510567040
Q1124323	6000000003871987454
Q112432941	6000000008736140413
Q112434	6000000023473212825
Q112434080	6000000008736140428
Q112436686	6000000017121657878
Q112438	6000000117729645832
Q112439	6000000010039962142
Q1124406	6000000068002014821
Q112443	6000000038574114194
Q112445084	6000000177831874845
Q11244592	6000000006575029573
Q112446682	4559417014280067796
Q112447557	6000000175326694875
Q112448	6000000020708386425
Q1124493	6000000145972302940
Q112450	6000000068463011954
Q112452708	6000000009669655314
Q112453789	6000000024233973628
Q112454790	6000000022881038983
Q112457794	6000000123684995821
Q11245900	6000000004993853678
Q1124603	6000000016484522493
Q1124611	6000000017107233900
Q112463317	6000000042520244612
Q112469	6000000006287279027
Q112469168	6000000084181306296
Q112469906	6000000194616806860
Q112472957	6000000139194128823
Q1124735	6000000018806510507
Q112473887	6000000005103440667
Q112474865	305660463650003834
Q112474888	6000000001415749035
Q112476363	6000000002116065755
Q112476366	6000000000424817758
Q11247819	6000000010207841108
Q1124800	6000000034167313996
Q1124824	6000000038127151743
Q112482410	6000000002765257562
Q112484192	6000000145924102846
Q112484195	6000000145921269478
Q112484224	6000000145924413904
Q112487017	6000000025879678958
Q112488582	6000000017915700733
Q112489035	6000000179603294917
Q1124915	6000000157502906349
Q112492789	6000000069970934013
Q112493095	6000000007337877217
Q112493097	6000000007337390876
Q112493937	6000000114086970128
Q112494402	6000000108396617892
Q112494602	6000000146484266852
Q1124950	6000000001648525161
Q112495093	6000000031877008946
Q11249574	6000000004990418331
Q112497079	6000000031508525293
Q112497344	6000000182897202823
Q112497881	6000000212550205828
Q11249824	6000000015710792865
Q11249832	6000000013477029448
Q112502207	6000000014650276505
Q112502210	6000000023203042478
Q112502984	6000000007288702467
Q112503439	6000000021222975006
Q112503790	6000000079210148130
Q112503968	6000000001158680760
Q112504590	6000000000215724106
Q112505285	6000000082779606979
Q112505926	6000000007450430387
Q112506456	6000000030044244052
Q112507476	4090136743600124705
Q11250769	6000000074749626850
Q1125077	6000000136324601869
Q112508	6000000167324238953
Q112508017	6000000016594114145
Q1125081	6000000023709926323
Q1125086	6000000142994010822
Q112509116	6000000053049377966
Q112509417	6000000017924601193
Q112510323	6000000058542482945
Q112511694	6000000168811227432
Q112511709	6000000051749365878
Q112513124	6000000166879571874
Q112513704	6000000032672085758
Q112513897	6000000017932145752
Q112514818	6000000025926637961
Q112515773	6000000084318896980
Q112516332	6000000064857895007
Q112518631	6000000025998105089
Q112519546	6000000218545942963
Q112521026	6000000082823770392
Q112521226	6000000069899482949
Q112521829	6000000019711932096
Q112522143	6000000054627319829
Q112523037	6000000015106517785
Q112523831	6000000041888917024
Q112526530	6000000001504875441
Q112526653	6000000006836901146
Q112526657	6000000007237735774
Q112526678	6000000007237726841
Q112526691	6000000003910424154
Q112527283	6000000033339294458
Q112527782	6000000008761605339
Q112528446	6000000018280499249
Q1125294	6000000022411631228
Q112531833	6000000013925443344
Q112531913	6000000013925298810
Q112532280	6000000060119492130
Q1125323	6000000164711094822
Q112533	6000000037994713623
Q112533132	6000000022753773178
Q11253360	6000000042999031160
Q112533921	5121845411430137646
Q112534558	6000000017975823099
Q1125348	6000000143253090888
Q112536110	4603310692940088945
Q112536113	4603310740160025078
Q112536142	6000000004581967467
Q112536147	6000000005620003104
Q112536160	6000000001030881270
Q112536415	6000000023268239605
Q112536968	6000000021763716389
Q112537747	6000000025971075231
Q112538045	6000000051290105570
Q112540569	6000000042532776245
Q112540614	6000000001518942762
Q112540616	3940424
Q112540619	349063401520012647
Q112541825	6000000047506967824
Q112541934	6000000015200590530
Q112541937	6000000015200279642
Q112541939	6000000016299349013
Q112541941	6000000017489288565
Q112541944	6000000016299297235
Q112541947	6000000016299301162
Q112541950	6000000016299380037
Q112541952	6000000017489762536
Q112541954	6000000017489603979
Q112541956	6000000016298909761
Q112541959	6000000085122553824
Q112541962	6000000085148747894
Q112541965	6000000178738318835
Q112541968	6000000178732294838
Q112541969	6000000114088315997
Q112541972	6000000178732735835
Q112541976	6000000178736528826
Q112541978	6000000178735071900
Q112541980	6000000178737172833
Q112541983	6000000015193054846
Q112541985	6000000015193458066
Q112541988	6000000030194236085
Q112541991	6000000015193232664
Q112541994	6000000020113903158
Q112541996	6000000020113923052
Q112541998	6000000016118482943
Q112542004	6000000019833729357
Q112542010	6000000002111485855
Q112542014	6000000019833708357
Q112542019	6000000015192871766
Q112542022	6000000015193208934
Q112542027	6000000015193213753
Q112542065	6000000014715385745
Q112542074	6000000040735805069
Q112542077	6000000000952763572
Q112542082	6000000008530412753
Q112542085	6000000008530431273
Q112542089	6000000008530005033
Q112542091	6000000040736158563
Q112542262	6000000002312223631
Q112542646	6000000209574681957
Q112542649	6000000209574760877
Q112542651	6000000014826421359
Q112542671	6000000209576572837
Q112544277	6000000007255539417
Q112544449	6000000057986168164
Q112545454	6000000001672745017
Q112547092	6000000017718940666
Q112551284	6000000001504539468
Q112551943	6000000024446378023
Q112551960	6000000038190456868
Q112552234	6000000062612339873
Q112552336	6000000049784600821
Q112552347	6000000007505601836
Q112553	6000000013476986047
Q112554008	6000000220362443914
Q112555034	6000000018626809718
Q112555145	6000000089462847880
Q112556938	6000000011173597209
Q112557092	6000000084647357148
Q112559127	6000000025081919033
Q11256	6000000008141417781
Q112560725	6000000220644468087
Q112560846	6000000212119416832
Q112560925	4357090482680042442
Q1125612	6000000197787932857
Q112561872	6000000017503315438
Q112562004	6000000002386560867
Q112563865	6000000139410483833
Q11256636	6000000072034558978
Q112568198	6000000088891283908
Q112568769	3024437
Q1125695	6000000103387154934
Q112570	6000000021136614958
Q112571133	6000000007659496704
Q112571151	6000000040654794928
Q112573142	6000000028976913442
Q112573557	6000000031757514552
Q112573590	6000000029979913821
Q112573593	6000000029979614566
Q112573596	6000000029979691327
Q112573606	6000000016290497562
Q112573803	6000000186744924822
Q112573804	6000000005639356001
Q112574048	6000000025985257182
Q112574060	6000000019260973121
Q112574243	6000000168655075585
Q11257480	6000000000442881738
Q112574995	6000000173321252123
Q112577222	6000000018503447698
Q112577412	6000000017553146535
Q112577448	6000000017553804019
Q112577495	6000000183824000821
Q1125790	6000000068654403821
Q112579881	6000000049987794901
Q112579984	6000000040651556254
Q1125802	6000000068652920870
Q112581737	6000000069281793964
Q112583010	6000000171920797234
Q1125832	6000000086878341938
Q11258359	6000000003723148010
Q112585308	6000000010072044571
Q112585580	6000000012824661354
Q112585683	6000000012836358669
Q112586069	6000000012824540968
Q11258706	6000000010259027297
Q11258792	6000000082646882900
Q112588	6000000058782698890
Q112589649	6000000001842978514
Q11259300	6000000055256760834
Q11259424	6000000006852964951
Q112596	6000000002802344105
Q11259626	306755730170004583
Q1125975	6000000200885866859
Q1125999	6000000145221438884
Q112601	6000000002814324340
Q112605102	6000000016822803892
Q112605205	6000000006459873715
Q112605215	6000000021887017041
Q112605216	6000000037844969835
Q112605751	6000000012995659782
Q112605946	375109385100012375
Q112605951	4026391960140010483
Q112605952	6000000008218016710
Q112605991	4026391960140010484
Q112606020	6000000008630814810
Q112606026	6000000008630809199
Q112606029	6000000008630666840
Q112606031	6000000007332190256
Q112606033	6000000007332322226
Q112606352	6000000009939341795
Q112606590	6000000101364269841
Q112606590	6000000107446905860
Q112606934	6000000008216434628
Q112607207	6000000001497299377
Q112607217	6000000001497806212
Q112607238	6000000000903515036
Q112607239	6000000000903286467
Q112607240	6000000000903425079
Q112607243	6000000001503095154
Q112607256	6000000171526054542
Q112607258	6000000171527241040
Q112607264	6000000171526800152
Q112607346	6000000006514407143
Q112607399	6000000018135704623
Q112607423	6000000018135112621
Q112608518	6000000000903681033
Q112608521	6000000013111597806
Q112608721	6000000015354562034
Q112608768	6000000003772730653
Q112610549	6000000009251467596
Q112610671	6000000040225568673
Q112611234	6000000008238232173
Q1126113	6000000075228776881
Q112611319	6000000008238187806
Q112611452	6000000013430839128
Q112613	6000000029470627244
Q112613308	6000000023473269978
Q112614018	6000000011734608658
Q112614030	6000000004594262118
Q112614095	6000000014090645980
Q112614164	6000000012902620215
Q112614210	6000000012902593338
Q112614273	6000000026134223211
Q112614288	6000000015232741754
Q112614300	6000000015231702427
Q1126157	6000000003275669719
Q112617675	6000000012902634243
Q112617759	6000000044099114854
Q112618213	6000000005394180552
Q112618804	6000000012902072932
Q112619561	6000000030066835224
Q112619564	6000000013112524880
Q112619565	6000000013112664761
Q112619566	6000000019311494758
Q112619568	6000000024975884403
Q112619569	6000000000497490069
Q112619570	6000000000071179023
Q112619709	6000000022903183046
Q112619726	6000000018374097948
Q112619726	6000000180698998849
Q112619740	6000000028106086425
Q112620	6000000015740419139
Q112620018	6000000001612621317
Q112620225	6000000003139338225
Q112620226	6000000003111282103
Q112620228	6000000003111316121
Q112620229	6000000017928862628
Q112620230	6000000197374291821
Q112620267	4425727949030032330
Q112620277	6000000003213753602
Q112620289	6000000003139041705
Q112620338	6000000025083801596
Q112620338	6000000045026513853
Q112620374	6000000003152759907
Q112620413	6000000010443346911
Q112620591	6000000006733837320
Q112620619	6000000020404801524
Q112620625	6000000020404927481
Q112620858	6000000001548028608
Q112621379	6000000008808946583
Q112621508	6000000009019206269
Q112623	6000000007014434968
Q112623490	6000000011278047967
Q112623619	6000000001548320215
Q112623696	6000000011514722923
Q112623698	6000000011514923269
Q112623700	6000000011514541887
Q112623719	6000000001861791815
Q112623734	6000000011514895323
Q112623748	6000000011514655925
Q112623977	6000000013505108181
Q112624389	6000000004009707840
Q112624673	6000000033052948223
Q112624776	6000000012587447588
Q112624804	6000000009100516018
Q112624843	4021555551100044285
Q112624900	6000000186148949134
Q112625445	6000000042842313123
Q112625936	6000000009633858415
Q112625937	6000000042870155717
Q112625940	6000000087115453866
Q112625958	6000000133415950182
Q112626326	6000000014874642669
Q112627448	6000000011545768605
Q112627464	6000000097123789879
Q112627769	2846981
Q112627770	6000000180463211844
Q112627832	6000000086304994286
Q112627886	6000000223097528849
Q112627923	6000000008761662753
Q112628019	6000000036629799446
Q112628237	6000000008761781390
Q112628470	6000000003264326446
Q112628780	6000000043696661865
Q112629129	6000000057668276854
Q112629222	6000000006885631271
Q112629867	6000000006952612472
Q112629897	6000000041157506503
Q112629901	6000000017514099258
Q112629903	6000000021159797512
Q112629919	6000000015451043075
Q112630326	6000000017896737726
Q112630357	6000000174956299403
Q112630563	6000000070403866166
Q112631122	6000000012639683600
Q112631605	6000000003265633986
Q112631672	6000000012452688465
Q112632	6000000015952533131
Q112632599	6000000024542027935
Q11263429	6000000175352607916
Q1126349	6000000002275787739
Q112635155	6000000027311811982
Q112635323	6000000001504580245
Q112637786	6000000000469650329
Q112639333	6000000014687611266
Q112639848	6000000000953528860
Q112639863	6000000006907011457
Q112640249	5424343032780027325
Q112640672	6000000003940863894
Q112640674	6000000002474204058
Q112640677	6000000001947563412
Q112640679	6000000002474204179
Q112640752	6000000002586444155
Q112641	6000000041066946065
Q1126413	6000000179592173828
Q112641680	6000000110496847834
Q112642800	6000000011478070586
Q112644378	6000000009478998824
Q112644704	6000000016007004101
Q112644792	6000000019664365456
Q112644793	6000000019664637645
Q112644883	6000000018099089101
Q112646892	6000000190535535834
Q112646894	6000000018865245689
Q112646895	6000000018865636197
Q112647008	6000000020661140840
Q112647247	6000000016750009160
Q112647914	6000000017859881657
Q112647916	6000000016504200966
Q112647926	6000000018315318290
Q112647933	6000000016564163423
Q112647939	6000000035033824673
Q112647947	6000000032750913958
Q112647951	6000000035034436863
Q112647957	6000000071019728089
Q112649424	6000000083024783833
Q112649838	6000000124390554887
Q112650303	6000000015231727445
Q112650670	6000000022658356206
Q112652079	6000000016867127789
Q112652241	6000000041758042044
Q112652254	6000000007419237304
Q112652535	6000000012089235605
Q112657192	6000000128105193917
Q112657692	6000000128566876096
Q112657816	6000000004835407349
Q112657863	6000000053031741907
Q112657933	6000000000085660299
Q112657935	6000000000085767225
Q112657937	6000000005794312084
Q112658146	6000000143343686033
Q112658199	6000000043270733194
Q112659	6000000016936152877
Q112659098	6000000073515078921
Q112659190	6000000073501424729
Q112660049	6000000142528827833
Q112660875	6000000003940397717
Q112661148	6000000002401885226
Q112663085	6000000018879153604
Q112663760	6000000039199095632
Q112663957	6000000001528843479
Q112664108	2846902
Q112664112	933221
Q112664113	1043127
Q112664115	1043365
Q112664119	6000000128566377041
Q112664170	6000000010670122313
Q112664171	6000000008966183046
Q112664172	6000000008966183051
Q112664650	6000000018800635728
Q112665063	6000000015197807731
Q112665173	6000000015197713444
Q1126655	6000000019090230438
Q112665524	6000000015197530384
Q112666666	6000000050082860002
Q112667903	375906440190011474
Q112667907	6000000025427741624
Q112667932	6000000019453571634
Q1126689	6000000179628509822
Q112669201	6000000011942734396
Q1126693	6000000179627933825
Q112669406	6000000072328850177
Q112669573	6000000043371894890
Q112670191	6000000030481677075
Q112670262	6000000033500492673
Q112671076	6000000021488699211
Q112671089	6000000014524829658
Q112671198	6000000050083164901
Q1126712	6000000101087673823
Q112671393	6000000004138029939
Q112671398	6000000001247233191
Q112671399	6000000006579884324
Q112671404	6000000003005586203
Q112671405	6000000001384172165
Q112671414	6000000029244686176
Q112671415	6000000008180296652
Q112671428	6000000052326267464
Q112671430	6000000025373917836
Q112671431	4077105266790031870
Q112671432	309947753960004582
Q112671433	4077121951910072094
Q112671434	6000000001873437328
Q112671435	309949024260004604
Q112671436	6000000005068123511
Q112671437	6000000007836383556
Q112671851	6000000008375903372
Q112672109	6000000020168045462
Q112672256	6000000023419486961
Q1126725	6000000034867590089
Q1126726	6000000015208857097
Q11267333	6000000129462093999
Q112674253	6000000049988266566
Q1126746	6000000023870975883
Q1126749	6000000205327858846
Q1126754	6000000185373390978
Q112675537	6000000031950531129
Q112676	6000000008352961822
Q1126777	6000000039917961323
Q112678402	6000000092903236887
Q112678407	6000000092902805030
Q112678432	6000000092902390913
Q112678479	6000000050565707913
Q112678485	6000000077892606442
Q112678493	6000000050565835861
Q112678498	6000000005788372087
Q112678528	6000000032447055679
Q112678542	6000000050518338087
Q112678557	6000000050568595932
Q112678568	6000000050566153914
Q112678572	6000000050568726969
Q112678610	6000000031616789161
Q112678621	6000000050568403446
Q112678623	6000000032447377804
Q112678639	6000000051477000107
Q112678733	6000000011399693070
Q112678739	6000000003515979426
Q112678749	6000000014661183467
Q112678769	6000000050566005821
Q112678786	6000000011370824530
Q112678981	6000000132352127876
Q112678991	6000000132349865078
Q112679014	6000000132353926821
Q112679022	6000000025458698837
Q112679022	6000000132353558831
Q112679104	6000000072175818910
Q1126797	6000000011622229715
Q112681960	6000000072666895960
Q112683524	6000000032447363541
Q112683577	6000000053352863844
Q112683584	6000000038765088164
Q112683600	6000000028908097705
Q112683695	6000000053352685929
Q112683728	6000000040671913302
Q112683740	6000000018175390999
Q1126843	6000000002821004471
Q1126869	6000000040202607083
Q112688640	6000000050556501266
Q112688756	6000000050556529194
Q112688931	6000000032447173432
Q112688968	6000000032447440893
Q112689111	6000000004097477555
Q112689457	6000000032447086562
Q112689502	6000000032446968634
Q112689521	6000000032447490960
Q112689571	6000000050518528647
Q112689580	6000000011907211972
Q112689610	6000000006145269687
Q112690	6000000180363227826
Q112690532	6000000032446866261
Q112690586	6000000032446957601
Q112690707	6000000032447134867
Q112690752	6000000032446911288
Q112690792	6000000009352732319
Q112690850	6000000032446994315
Q1126916	6000000132337440885
Q112691821	6000000132351100861
Q112691880	6000000132351499834
Q1126921	6000000196715104883
Q1126952	6000000007315595129
Q1126956	6000000029350592945
Q112697023	6000000050325427909
Q1126977	6000000018713269914
Q1126983	6000000066610528079
Q11270	6000000068521692866
Q112701094	6000000022588604922
Q1127011	6000000041807163983
Q112701603	6000000011025488399
Q1127023	6000000068036422877
Q1127055	6000000008548702514
Q11270554	6000000074783448014
Q1127059	6000000021939675475
Q1127067	6000000068771285899
Q1127071	6000000023941855735
Q1127094	6000000001009251838
Q112709461	6000000003010224331
Q112710904	6000000058182591846
Q112710904	6000000104423654821
Q112710949	6000000058181560034
Q112710949	6000000103248129880
Q112711	6000000002516643060
Q112718763	6000000015227045749
Q112719081	6000000008562607015
Q1127248	6000000177993676821
Q112725029	6000000002481602299
Q112725243	6000000073419075888
Q112725259	6000000050135675144
Q1127271	6000000024952885876
Q112728239	6000000020972584716
Q112730412	6000000018570089452
Q112731130	6000000031941721391
Q112731438	6000000014917445112
Q112731698	6000000002860789524
Q112731839	6000000011794398563
Q112733103	6000000016015542720
Q112733903	6000000014917459236
Q112734034	6000000012699757012
Q112734083	6000000011413504869
Q1127349	6000000046108866908
Q1127360	6000000008714765100
Q112736091	6000000044189567022
Q112736190	6000000026014552160
Q112736469	6000000030905223241
Q11273816	5622466700170114522
Q11274043	6000000013430792696
Q112743490	6000000006719718940
Q1127442	6000000090554653864
Q11274542	6000000009301339351
Q112745972	6000000024572150743
Q1127464	6000000000843260345
Q112749571	6000000005597502519
Q112750	6000000025013508420
Q112750100	6000000055617136174
Q1127505	6000000000843313272
Q112750561	6000000038237918019
Q112750561	6000000215412262822
Q112750618	6000000148757038829
Q112750759	6000000024304106381
Q112750759	6000000038238123614
Q112750796	6000000014950593457
Q112750801	6000000024758541224
Q11275148	6000000053607630860
Q1127526	6000000210622759821
Q112756095	6000000015266850257
Q112756541	6000000017796020789
Q112758898	6000000000529184727
Q112758898	6000000180291504822
Q112760	6000000114338115896
Q1127604	6000000084840436018
Q112761455	6000000020720698889
Q112762032	6000000094689788845
Q112762067	6000000025621287429
Q112762171	6000000010550851817
Q112762232	6000000094689788855
Q1127623	6000000060401270013
Q112762323	6000000094689788863
Q112762374	6000000094689788866
Q112763188	6000000224938043834
Q112763543	6000000176059668840
Q112763577	6000000019711940305
Q112763729	6000000064907308821
Q112763815	6000000037129143248
Q112763856	6000000029791409919
Q112763858	6000000084795837900
Q112763880	6000000043389630178
Q1127678	6000000195642486057
Q1127684	6000000021764862298
Q112769446	6000000038980804076
Q112772381	6000000073503083829
Q1127758	6000000102930827821
Q112775898	6000000149610918877
Q112778	6000000078344221981
Q112778688	6000000206136600948
Q11277953	6000000041429367734
Q11278359	6000000026282642022
Q1127838	6000000029936542855
Q112784247	6000000016998652494
Q112784431	6000000007357642350
Q1127852	6000000028274479181
Q112785210	6000000002848013911
Q112785311	6000000023376816238
Q112785885	6000000007418305589
Q112787258	6000000001929268271
Q112787550	6000000003940255155
Q1127886	6000000097711765972
Q112789801	6000000020544965589
Q112789889	6000000027963449925
Q1127911	6000000006608961292
Q112793160	6000000027507208230
Q1127936	6000000026762551002
Q112794	5066155777890126219
Q112796076	6000000074916363055
Q112796080	6000000074917954835
Q112796152	6000000010981971073
Q1127965	6000000041517391114
Q112796817	6000000120696303826
Q112797879	6000000016711797775
Q1127989	6000000187446052823
Q1127991	6000000029934679332
Q1127997	6000000016328603071
Q112799814	6000000011423248528
Q1127999	6000000015671683509
Q112800229	6000000014949029555
Q112802672	6000000007290805480
Q1128030	6000000037888256774
Q112803162	6000000014347602081
Q1128036	6000000015403983418
Q112803840	6000000034478692884
Q1128039	6000000104093418845
Q112804864	6000000139907073877
Q112805435	6000000113513062983
Q112806678	6000000018456890095
Q112806682	6000000018456926196
Q112806683	759260
Q112806684	6000000078145109907
Q112806685	6000000046943549967
Q112806685	759828
Q112806690	6000000005432865997
Q112806697	6000000000304527863
Q112806698	6000000003940555652
Q112807079	6000000015703104297
Q112807086	6000000015703179770
Q112808466	6000000008130341854
Q112809	6000000023498281192
Q112809425	6000000012124638380
Q112809475	6000000010867253082
Q112809516	6000000010867819455
Q112809811	6000000001600350244
Q112809840	4224988896450121005
Q112809959	6000000040887310463
Q112810	6000000040121731073
Q112810132	314568279180004524
Q1128107	6000000023368509986
Q112811022	6000000074321983832
Q112811023	6000000074322151857
Q112811027	6000000074322578837
Q112811029	6000000000769851419
Q112811765	6000000001212768988
Q11281261	6000000012728525591
Q112813445	6000000182757053882
Q112814	6000000074275200995
Q112815584	6000000061519924832
Q112817102	6000000010670549412
Q1128172	6000000139503018019
Q112820690	6000000032699234245
Q1128208	6000000025927315504
Q1128211	6000000025927515872
Q1128213	6000000025927551938
Q112822452	6000000210818362821
Q112823465	6000000028730984553
Q112824667	6000000084096520346
Q112827	6000000025096185110
Q1128277	6000000026902684367
Q1128285	6000000089885791868
Q1128319	6000000085655388883
Q11283258	6000000053419826940
Q1128368	6000000007577838357
Q112837064	6000000188247577823
Q112837294	6000000071807683018
Q1128380	6000000018242011209
Q112838596	6000000086585462958
Q112839107	6000000054288841897
Q11283925	6000000039162134599
Q112840908	6000000017070855996
Q112841600	6000000054235873158
Q11284234	6000000074790942434
Q112843130	6000000002650589528
Q112843598	6000000016080801007
Q112844835	6000000013402513711
Q112845004	6000000039599249832
Q112845031	1380694
Q112845104	6000000021623683051
Q112845498	6000000072073377905
Q112845669	6000000013402690292
Q112845945	6000000013402746841
Q112848172	6000000172661472119
Q11285375	6000000010921716323
Q1128542	6000000159646606866
Q1128543	6000000079298697623
Q112856	6000000037769169417
Q1128565	6000000071454925726
Q112856607	6000000003615888270
Q11285693	6000000048084350863
Q1128570	6000000036336873108
Q112857330	6000000074083623197
Q11285818	6000000000557174987
Q11285857	6000000003405585033
Q112860631	6000000019257449961
Q112860703	6000000026467495800
Q112860744	6000000173199319013
Q112861050	6000000020338579502
Q112861338	6000000078573311846
Q112861398	6000000025428488560
Q112862	6000000013144145093
Q112862232	6000000024277410545
Q112863852	6000000084255965716
Q11286493	6000000011368809243
Q112865378	3992734
Q112865402	6000000071390039057
Q112865655	6000000002890237647
Q112865690	6000000035058735763
Q112865926	6000000203859143834
Q112867729	6000000065569258993
Q112868026	6000000141767241272
Q112868027	6000000010061268775
Q112869358	6000000022173827155
Q112869501	6000000022162322795
Q112869522	6000000022173760024
Q112869575	6000000022173870240
Q112869600	6000000021769024502
Q112869687	6000000056491006939
Q112870	6000000002188368917
Q1128707	6000000009160376848
Q112872142	6000000011980268778
Q112874418	6000000016651035647
Q112874519	6000000026275494878
Q112875434	6000000032294022175
Q112876298	367816447330004134
Q112876820	6000000017547255363
Q112876914	6000000023187205061
Q11287818	6000000017122068141
Q112880	6000000021221458149
Q11288126	6000000026280001161
Q11288131	6000000020370163133
Q11288133	6000000112916924171
Q11288136	4260327
Q11288147	6000000008429982291
Q11288151	6000000008369918163
Q11288156	6000000112933855822
Q112883	6000000020291528615
Q112883619	6000000007966883743
Q112883619	6000000023459873892
Q112884713	6000000147748779915
Q112885	6000000035187984159
Q112886302	6000000002511422457
Q112886489	6000000002511667153
Q112887405	6000000005751902023
Q112887940	6000000147748779941
Q1128894	6000000018579995083
Q112889492	6000000168498231886
Q11289035	6000000019994248076
Q112892331	6000000114027573885
Q112892332	6000000114027919831
Q112892420	6000000014784148461
Q112892731	6000000012945250867
Q112892752	6000000014163172267
Q112892768	6000000014273745520
Q112892778	6000000011393816217
Q112893307	6000000044225783928
Q112893526	6000000016142502961
Q112893551	6000000018013954834
Q112894283	6000000014947031854
Q112894585	6000000011157608269
Q112894586	6000000011157498617
Q112894785	6000000015395230282
Q112894998	6000000011157319793
Q112894998	6000000211748921822
Q1128970	6000000024789984333
Q112899136	6000000000239990372
Q112899142	6000000000240013742
Q112899143	6000000038436568944
Q112899152	6000000000240013751
Q112899690	6000000164595637647
Q11290330	6000000015209556443
Q11290367	6000000042485493536
Q1129056	6000000077977042925
Q112906416	6000000067054625822
Q112908424	6000000001177326740
Q112909	6000000002803026739
Q112910484	6000000077329820869
Q112911	6000000014535321202
Q11291134	6000000032003627519
Q1129115	6000000029302009259
Q1129116	6000000040098008087
Q112913268	6000000001796442108
Q112913382	6000000013765551719
Q1129134	6000000054441489892
Q112913567	6000000013765579989
Q112913591	6000000024828692081
Q112913645	6000000024829946916
Q112913645	6000000025359247326
Q112913702	6000000013765681088
Q112913723	6000000217988293828
Q112913726	6000000014959238174
Q112913731	6000000046253034115
Q112914	6000000218344958835
Q112914117	6000000010181604715
Q112914452	6000000037716234057
Q112916	6000000021933692085
Q112916554	6000000064089840822
Q112916638	6000000081495383869
Q112916723	6000000064089874822
Q112916735	6000000033705856382
Q1129168	6000000019344041931
Q1129171	6000000017532267550
Q112917807	6000000000128811541
Q11291887	6000000013972222796
Q112919	6000000077977667110
Q112919863	6000000180156410841
Q112922447	6000000040963319780
Q112923002	6000000000538229269
Q11292420	6000000083845935259
Q1129244	6000000009388882639
Q112924537	6000000180156322879
Q112925	6000000038501581417
Q112926769	6000000039817446211
Q112928094	6000000011691310772
Q112930723	1427897
Q11293121	6000000058193547108
Q112931401	6000000018048456897
Q112931593	6000000046982596255
Q112932	6000000016619867959
Q112932185	6000000068345029957
Q1129334	6000000182563283837
Q11293415	6000000002870206930
Q11293668	6000000002874263134
Q11293743	6000000011755317225
Q112939	6000000053795799014
Q112939165	6000000086473176903
Q112939307	6000000000664584665
Q112939619	6000000080752589923
Q112939623	6000000000664327503
Q11293998	6000000075506799926
Q112940132	6000000055129281821
Q11294112	6000000015605930065
Q112941992	6000000008708753242
Q112943010	6000000078421794998
Q112943661	6000000039518009492
Q112943664	6000000039545004863
Q112943666	6000000039548047420
Q112943670	6000000005597455700
Q112943673	6000000005597209743
Q112944095	6000000049088886862
Q112944972	6000000040556630159
Q112946	6000000085248371855
Q112946861	6000000179745946852
Q112951401	6000000003645997888
Q112952558	6000000033734763826
Q1129529	6000000040921678091
Q112953915	6000000025041303366
Q112954290	6000000024293795743
Q112954540	6000000175543481839
Q112954595	6000000055968012828
Q112954620	6000000029469413988
Q112955608	6000000001959355652
Q112955987	6000000003121164254
Q112955997	320985440920005038
Q112955998	6000000000759019248
Q112956008	320985679850004847
Q112956043	320990195690007145
Q112956192	6000000008799844600
Q112956577	6000000003114758269
Q112956710	6000000005794190390
Q112956720	6000000005794002365
Q112956731	6000000009403621346
Q112956781	6000000039616786078
Q112956782	6000000006963960547
Q112956929	6000000007792964236
Q112957018	6000000000438536169
Q112957026	6000000006964038009
Q112957039	6000000006964086353
Q112957483	6000000007651773257
Q112957484	6000000007651648581
Q112957486	6000000006345119880
Q112957488	6000000003939431932
Q112957492	6000000026867462829
Q112957495	6000000040579378228
Q112957496	6000000040580280812
Q112957538	6000000000664393642
Q112957538	6000000047671665927
Q112957539	6000000050042403870
Q112958295	6000000086473032822
Q112958537	6000000000875297834
Q112958539	6000000004993151429
Q112958543	6000000002589641469
Q112958657	6000000000740025695
Q112958677	6000000003076381485
Q112958835	6000000033644140987
Q112958835	6000000059176740821
Q112958901	6000000033643746710
Q112958902	6000000033643768535
Q112958904	6000000063300303902
Q112958916	6000000001912784752
Q112958917	6000000002494047210
Q112958919	6000000021853590511
Q112958922	6000000001912800514
Q112958923	6000000006376587201
Q112958951	6000000002860848843
Q112958951	6000000033644071166
Q112959076	6000000002860848781
Q112959078	6000000002860848507
Q112959080	6000000002860848131
Q112959083	349777165540013482
Q1129591	6000000177139714931
Q112959100	6000000001383117270
Q112959101	6000000002861045446
Q112959118	1825561
Q112959128	6000000002860848787
Q112959129	6000000022672297809
Q112959132	6000000000484403557
Q112959133	6000000007226922061
Q112959181	6000000005415090012
Q112959185	6000000022672499707
Q112959187	6000000048503809952
Q112959192	6000000038221605964
Q112959193	6000000007643815635
Q112959195	6000000007601797737
Q112959198	6000000048503949825
Q112959199	6000000003940545021
Q112959209	6000000011274892326
Q112959227	6000000048504315085
Q112959316	6000000029469166069
Q112959320	6000000029469225096
Q112959325	6000000003077108554
Q112960010	6000000007445119231
Q112960035	6000000012935988387
Q112960036	6000000012935988391
Q112961353	6000000206136916853
Q112961436	6000000206148224829
Q112961443	6000000206146705823
Q112961449	6000000012117211651
Q112961516	6000000049887403894
Q112962647	6000000186293048132
Q112962652	6000000025567575915
Q112963075	6000000199035020826
Q112963337	6000000015153300229
Q112963337	6000000121952210875
Q112963355	6000000007403773384
Q112963356	6000000007031772850
Q112963357	6000000007031981542
Q112963359	6000000007403153156
Q112963360	6000000037411790954
Q112963362	6000000029598059632
Q112963363	6000000029597535971
Q112965829	6000000011802407362
Q112966450	6000000020020923541
Q112966729	6000000018299316263
Q112966739	6000000015115502393
Q112966838	6000000004884976499
Q112966872	6000000009832996009
Q112967373	6000000076561198903
Q112967446	6000000016189703422
Q112967500	6000000005415496106
Q112967501	6000000013579633582
Q112967597	6000000003260634749
Q112967598	6000000012313056167
Q112967613	6000000007616849301
Q112967665	6000000001727302830
Q112967742	6000000182446507831
Q112967747	6000000007834558444
Q112967772	6000000000694555167
Q112967775	6000000001504539736
Q112968119	6000000051868828068
Q112968153	6000000005048128950
Q112968181	6000000000273819213
Q112968182	6000000012118141095
Q112968210	6000000002487189932
Q112968230	6000000009745655880
Q112968250	6000000003014087555
Q112968252	6000000000648583446
Q112968255	6000000012759602418
Q112968261	6000000007511988237
Q112968268	6000000010768286573
Q112968269	6000000000695344900
Q112968271	6000000000695431543
Q112968272	6000000000695557087
Q112968273	6000000002420483269
Q112968274	6000000001668499525
Q112968275	6000000000695375722
Q112968276	6000000000695510108
Q112968278	6000000098148241030
Q112968279	6000000016923344566
Q112968281	6000000010766578153
Q112968283	6000000010768454235
Q112968284	6000000003001773269
Q112968287	6000000010766066951
Q112968294	6000000010767521664
Q112968295	6000000011263100208
Q112968307	6000000012821181456
Q112968311	6000000000695532304
Q112968312	6000000000695477646
Q112968313	6000000000694725431
Q112968314	6000000024694559301
Q112968325	4117601852700010600
Q112968326	6000000007513633726
Q112968327	6000000011583338485
Q112968339	6000000006127214158
Q112968345	6000000006127214168
Q112968422	6000000005945349610
Q112968423	6000000005945249671
Q112968424	6000000008877827389
Q112968438	6000000007372646201
Q112968440	6000000007372618845
Q112968441	6000000007372420014
Q112968442	6000000007372421701
Q112968443	6000000007372411877
Q112968456	6000000007372359609
Q112968457	6000000007372460479
Q112968462	6000000018624325187
Q112968495	6000000008934016189
Q112968604	6000000008778883058
Q112968606	6000000004545615758
Q112968608	6000000011304734989
Q112968610	6000000008568365608
Q112968628	6000000009820748644
Q112968638	6000000022644952494
Q112968651	6000000022645576274
Q112968699	6000000012056591371
Q112968710	6000000008620069653
Q112968712	6000000004197419542
Q112969319	5551034644930054434
Q112969320	6000000004113254037
Q112969323	6000000003624290297
Q112969324	6000000003624291532
Q112969343	6000000011404064178
Q112969346	6000000011404337240
Q112969348	6000000021325054326
Q112969473	6000000204574065854
Q112969476	6000000002588972297
Q112969479	6000000011885505091
Q112969852	6000000000052700649
Q112969872	6000000001309504913
Q112969873	6000000001309939478
Q112969876	5544250106140053695
Q112969894	6000000012118713298
Q112969902	6000000000036867072
Q112969911	6000000004264513638
Q112969914	6000000002972597349
Q112969916	6000000002834349529
Q112969920	6000000001229631201
Q112970077	6000000178355358925
Q112970289	6000000192677590822
Q112970696	6000000201141263703
Q112970864	6000000012116814751
Q112970890	6000000001343384419
Q112970891	6000000001343326752
Q112970914	6000000007512044380
Q112970942	6000000102654874897
Q112970943	6000000102654760990
Q112971171	6000000036747321030
Q112971411	6000000039629797924
Q112971411	6000000190048470853
Q112972	6000000009654555546
Q112972349	6000000008597621527
Q112972350	6000000008597611783
Q112972356	6000000005634136037
Q112972589	6000000020147626753
Q112972644	6000000020148361283
Q112972803	6000000084840787100
Q112972961	6000000179746000824
Q112972998	6000000179745777844
Q112973616	6000000179114385821
Q112974056	6000000012517800115
Q112974057	6000000012514350428
Q112974058	6000000015961383271
Q112974059	6000000011855245878
Q112974061	6000000012514350434
Q112974063	6000000012517890010
Q112974260	6000000188467073875
Q112974269	6000000005787876172
Q112974294	6000000011425842317
Q112974303	6000000039256614897
Q112974304	6000000011777222901
Q112974328	6000000002864931958
Q112974332	6000000000347296305
Q112974333	6000000005958856191
Q1129745	6000000078344867826
Q112974528	6000000007707910404
Q112974605	6000000010830871210
Q112974606	6000000010830740553
Q112974701	6000000003158266467
Q112974719	307505810410007130
Q112974722	6000000003158182425
Q112974724	6000000003158118354
Q112974791	6000000004674611015
Q112974925	6000000007522068526
Q112974926	6000000008734009870
Q112976623	6000000057148513832
Q11297704	6000000006861049166
Q112977701	6000000001959051124
Q112977746	6000000034550598238
Q112977762	6000000001959491135
Q112977771	6000000001959318178
Q112977787	6000000001959318206
Q112977789	6000000010303020535
Q112977790	6000000001959318214
Q112977815	6000000001959457518
Q112977836	6000000035210424097
Q112977871	6000000034558893847
Q11297801	6000000037641980960
Q112978264	6000000186424907854
Q112978295	6000000000530501299
Q112978655	6000000001959318154
Q112978915	6000000010304059212
Q112979128	6000000001958881414
Q112980915	6000000006595580128
Q112980968	6000000185425762990
Q11298109	6000000027160357733
Q112982132	6000000003286949306
Q112982807	6000000082232837253
Q112982872	6000000003112010015
Q112988862	6000000221056069821
Q112988969	6000000204339273823
Q112989058	6000000206444928909
Q112989063	6000000202631669832
Q112989336	6000000013344929383
Q112989596	6000000017199023630
Q112989805	6000000036530118172
Q112990821	6000000011460889010
Q112991470	6000000015983436050
Q112991661	6000000073588389064
Q112991860	6000000022348103705
Q1129920	6000000014506081155
Q112992028	6000000149906957852
Q112992050	6000000033913362963
Q112992380	6000000030814194755
Q112992572	6000000053046374875
Q112992687	6000000207348318833
Q112992746	6000000192189809823
Q112992910	6000000013950221695
Q112993340	6000000020150216534
Q112993370	6000000003344152177
Q112994	6000000022934476925
Q112994215	6000000185695035897
Q112994539	6000000176026918882
Q112994759	6000000216793957829
Q112995243	6000000182256670911
Q112995840	6000000023186648765
Q112995889	6000000073193794133
Q112996355	6000000016279858052
Q112996390	6000000017402866695
Q112996951	6000000001504532693
Q112997396	6000000000110489989
Q11300012	6000000163750051202
Q113000680	6000000080558836544
Q11300073	6000000002188466245
Q11300081	6000000002188416604
Q113000998	6000000088561126169
Q113001137	6000000030503848861
Q113001359	6000000000215877272
Q113001474	6000000023716731420
Q113003165	6000000006712266148
Q113003165	6000000120295213925
Q113003184	6000000006712001506
Q113003184	6000000106170919834
Q113003240	6000000006712067361
Q113003240	6000000106166949522
Q113003313	6000000088560925189
Q113003516	6000000001360687720
Q113003707	6000000081766043927
Q113003731	6000000010792989276
Q113004116	6000000021000751890
Q113004132	6000000020959379853
Q113004237	6000000024527767902
Q113004315	6000000005910089644
Q113004786	6000000187466324855
Q11300540	6000000022323801775
Q113005519	6000000030246296828
Q113006131	6000000084548827235
Q113006459	6000000036780772064
Q113006465	6000000039437705908
Q113006490	6000000014947358899
Q113006491	6000000014947153828
Q113006491	6000000096410129831
Q113006495	6000000096410104832
Q113006578	6000000016365074206
Q113007	5012155664930048590
Q113010	6000000010432307538
Q1130103	6000000069681733893
Q11301039	6000000016794404094
Q11301466	6000000178054252870
Q113015080	6000000001959318166
Q113015081	6000000001959424955
Q113015084	6000000001959656224
Q113015085	6000000059392773145
Q113015168	6000000003076417403
Q113015239	6000000001959318133
Q113015243	6000000001959024756
Q113015246	6000000001959424844
Q113015247	6000000000875647236
Q113015262	6000000006727980441
Q113016012	6000000041582883685
Q113016458	6000000003744906928
Q113016459	6000000003526638256
Q113016460	6000000011949720475
Q113016462	6000000013205619502
Q113016994	6000000075738128144
Q113017170	6000000000351064479
Q113017185	6000000000351064487
Q113017191	6000000000351064521
Q113017201	6000000007937416597
Q113017376	6000000004084853478
Q1130195	6000000008834542824
Q113019522	6000000144016664897
Q1130219	6000000141115394988
Q1130236	6000000169865381851
Q113023692	6000000002825791667
Q113025554	6000000021315179937
Q1130258	6000000141085874866
Q113026334	6000000017001960910
Q113026455	6000000014991156780
Q113026462	6000000108343323851
Q113026465	6000000021925924825
Q113026476	6000000006242340065
Q113027152	6000000006241773874
Q113027153	6000000002459880048
Q113027156	6000000094466493825
Q113027211	6000000044070304681
Q113027214	6000000077844445444
Q1130281	6000000176379452847
Q113028364	6000000003828228166
Q113028373	6000000035368261377
Q113028536	6000000069769511836
Q113028743	6000000035368907515
Q113030735	6000000186907729828
Q113030925	6000000070157561881
Q113031131	6000000194276280821
Q1130312	6000000034437063208
Q113031462	6000000029576019346
Q113031538	6000000029576466102
Q113031974	6000000029260147149
Q113032	6000000027984068845
Q1130323	6000000015798992513
Q113034064	6000000066391677844
Q113036647	6000000014430025769
Q11303814	6000000027146144322
Q113038548	6000000052120670951
Q113038549	6000000052120240144
Q113038550	6000000006210261062
Q113038551	6000000006210211127
Q113038552	6000000052120782879
Q113038553	6000000001540946332
Q113038554	6000000052119606373
Q113039024	6000000078112241534
Q113039101	6000000015509735786
Q113039105	6000000026082899714
Q113039126	6000000016489518563
Q113039128	6000000016331427858
Q113039136	6000000013791345305
Q113039137	6000000013791363585
Q113039226	6000000017633733256
Q113039355	6000000013853404039
Q113041384	6000000071032000109
Q113041461	6000000013008292908
Q113042	6000000009508497817
Q113042107	6000000056415510069
Q113042350	6000000056416111953
Q113042572	6000000056416511961
Q113043926	6000000043856885821
Q113044266	6000000015733659082
Q1130470	6000000024033107418
Q1130472	6000000110522782431
Q1130486	6000000104581828847
Q113049312	6000000033242070047
Q113049413	6000000033241778632
Q113049439	6000000056338324918
Q113051380	6000000056413853049
Q113053368	6000000022148029954
Q113053373	6000000022147802344
Q113053401	6000000042120060810
Q113053494	6000000007193781267
Q113053955	6000000014797164100
Q113053979	6000000014797220014
Q113053986	6000000035825662976
Q1130540	6000000077977517799
Q113054051	6000000000479103912
Q113054072	6000000000479104041
Q113054142	6000000131257306856
Q113054159	6000000000895155076
Q113054162	6000000000895271056
Q113054171	6000000003617128479
Q113054525	6000000014797229682
Q113054555	6000000014797097818
Q113054575	6000000003022203024
Q113054589	6000000002916745052
Q113055400	6000000033142962092
Q113055424	6000000071269142822
Q113055605	6000000026420434095
Q113055649	6000000033142304696
Q113055720	6000000033143104933
Q113055745	6000000019947430361
Q113055748	6000000003938648830
Q113055749	6000000002603460616
Q113055750	6000000003940263907
Q113055864	6000000000769960923
Q113057	6000000017630149128
Q1130584	4448339439330060984
Q1130621	6000000069595606887
Q113069	6000000104156923881
Q11307229	6000000006101202727
Q113072364	6000000015108160976
Q11307445	6000000017048059581
Q11307566	6000000018080444925
Q11307574	6000000012244450866
Q11307636	6000000046452143669
Q113076404	6000000032077291383
Q113077	6000000185317810851
Q113077623	6000000073192571356
Q11307766	6000000018235760640
Q113077890	6000000021226643857
Q113077961	6000000026815306872
Q113081	6000000113121757025
Q113086341	6000000002290934674
Q113086355	6000000002889956252
Q113086372	6000000002889867274
Q113087631	6000000066084448385
Q113088	6000000116417303823
Q113088380	6000000015147989064
Q113088534	6000000014882826874
Q113088538	6000000014883295062
Q113088542	6000000014883317086
Q113088547	6000000002589565049
Q113088611	6000000002589418759
Q113088616	6000000005931776026
Q113088674	6000000014883270447
Q113088682	6000000013322288718
Q113088687	6000000000951172795
Q113088697	6000000004046943830
Q113088790	6000000008917998521
Q113088794	6000000017562136688
Q113088799	6000000005071138623
Q113088815	6000000005071182009
Q113088817	6000000001657812373
Q113088825	6000000031665436265
Q113088834	6000000031621679867
Q113088842	6000000005415090281
Q113088904	6000000003137741824
Q113088918	6000000001657812243
Q113089022	6000000004229140732
Q113089028	6000000008394387613
Q113089031	6000000007661423455
Q113089032	6000000053080759970
Q113089044	5359165019500051369
Q113089836	6000000141560812863
Q113090	6000000180932513825
Q11309157	6000000003262379720
Q11309183	6000000184638604878
Q1130937	6000000021505432584
Q11309406	6000000209661013852
Q113094406	6000000117562532064
Q11309450	287398673750008018
Q113094842	6000000117562531822
Q113094842	6000000120593972706
Q113095319	6000000120598998829
Q113097	6000000022323463570
Q11309746	338992396870012174
Q113098348	6000000018885254221
Q1130997	6000000163367886834
Q113102884	6000000038872401893
Q113103548	6000000043408655615
Q11310570	6000000000071389286
Q113105982	6000000038972681836
Q11310714	6000000000986144060
Q11310736	6000000007276374576
Q11310750	6000000003939528850
Q11310762	4391194359000079445
Q113109012	6000000015514686223
Q113109131	6000000015514384758
Q11310917	6000000013639719100
Q113109278	6000000015754676671
Q113110424	6000000194775562821
Q113110611	6000000015913828544
Q113111302	6000000082587556821
Q113111869	6000000015704132589
Q113112141	6000000003012553063
Q113112347	6000000054531843938
Q1131128	6000000060608632995
Q113115624	6000000176291608845
Q113116041	5253494946530056361
Q113116146	6000000006776751637
Q113117226	6000000186925303823
Q113117498	6000000178806580846
Q113118420	6000000011569781606
Q11311877	6000000008208595377
Q113123010	6000000009084469633
Q113125022	6000000038522209179
Q113125506	6000000002765089687
Q113125599	6000000176176807866
Q113125632	6000000176151332926
Q113125659	6000000176154064852
Q113125730	6000000176152968881
Q113125733	6000000186924770899
Q113125748	6000000096127729872
Q113125853	6000000008743630300
Q113125873	6000000031591691981
Q113125888	6000000006577718009
Q113126	6000000013301166001
Q113126221	6000000005438481920
Q113127378	6000000015395444039
Q113127422	6000000023993621953
Q113127486	6000000016775877090
Q113127535	6000000016820785082
Q113127587	6000000002764488068
Q113127596	6000000016974543245
Q113127840	6000000038225100261
Q113127946	6000000186043844316
Q1131281	6000000068376345875
Q113128316	6000000185596932992
Q113128829	6000000076227358037
Q113128845	6000000078101658500
Q1131305	6000000140762475891
Q113130945	6000000024291924838
Q113131	6000000025181727644
Q113131010	6000000016369572837
Q113131275	6000000024291875033
Q113131327	6000000024291615707
Q113132810	6000000008743172095
Q113132898	6000000019703508528
Q113132908	6000000052652673851
Q113132915	6000000000727775028
Q113133072	6000000077767349471
Q113133897	6000000006712245341
Q113133901	6000000043467651992
Q113133908	5389155700310064328
Q113134366	5107332345920082272
Q1131345	6000000051307501991
Q1131350	6000000188166796873
Q113135669	6000000024361657084
Q113135867	6000000024291578411
Q113136172	6000000016800870811
Q113136246	6000000028184383577
Q113137663	6000000004170018655
Q113137666	6000000006769773802
Q11313830	6000000037519968270
Q113139156	6000000021638701716
Q113140852	6000000019041163888
Q113140893	6000000011654203036
Q11314095	6000000132584180821
Q113141085	6000000011655480253
Q113141501	6000000061372227877
Q113141509	6000000009317923684
Q113141533	6000000034431658168
Q113141539	6000000034431335115
Q113141561	6000000034431377007
Q113141675	6000000064641963360
Q113142373	6000000202670247836
Q113142591	6000000202670938822
Q1131427	6000000137998978221
Q11314363	6000000012504085258
Q113143720	6000000088404487828
Q113143729	6000000088404487822
Q113143840	6000000010144315614
Q113143887	6000000015202702155
Q113144749	6000000006348580985
Q113144853	6000000090141419878
Q113144878	6000000004393560174
Q113144920	6000000018540195554
Q1131461	6000000014189507740
Q113147317	6000000024655054286
Q1131481	6000000001588469365
Q113150605	6000000011655309055
Q113151188	3417103
Q113151314	6000000011476577490
Q113151882	6000000102569998119
Q113151897	6000000131951345095
Q11315245	6000000014358619206
Q1131525	6000000142904948056
Q113153	6000000040993054116
Q113154527	6000000008647977379
Q113154857	6000000022756166610
Q113155671	6000000041865392819
Q113157830	6000000020210470141
Q1131595	6000000075486054028
Q113162578	6000000180013330909
Q113162623	6000000180014704829
Q1131641	6000000009821582884
Q113164959	6000000071389656726
Q113164960	6000000057753394849
Q113165129	6000000006909676785
Q113165469	6000000157760248839
Q113165472	6000000005063167853
Q113165476	5416815327580067982
Q113165483	5416815276030067976
Q113165484	6000000022220156998
Q113165489	6000000157756179875
Q113165492	6000000000889068301
Q113165494	6000000015808848715
Q113165500	6000000000888975403
Q113165501	327936525330001130
Q113165524	335969562610007040
Q113165531	6000000027969752229
Q113165569	6000000021238076002
Q113166149	6000000155660443832
Q113166592	6000000120597484940
Q113166792	6000000021421541203
Q113166798	6000000014104520452
Q113166811	6000000021421866045
Q113166862	6000000111323692855
Q113166875	6000000153595919906
Q113167	6000000051332842953
Q11316875	6000000007634942983
Q113168886	6000000004237738249
Q113170039	6000000037347092030
Q113171149	6000000041240092070
Q113172296	6000000003939385733
Q113172298	6000000003939385546
Q113172300	6000000048028840017
Q113172304	6000000000967093067
Q113172317	6000000003939385690
Q113172707	6000000017631520413
Q113172709	6000000006444468661
Q113173007	6000000085755363194
Q113174797	6000000013475581620
Q113175269	6000000024568931013
Q113175304	6000000021106519096
Q113175427	6000000010486963931
Q113175445	6000000021106547227
Q113175452	6000000017535859568
Q1131764	6000000173213816214
Q113181	6000000181062891823
Q113181334	6000000034657330847
Q113182161	6000000037347152955
Q113182207	6000000007385158229
Q113182633	6000000014319440794
Q11318320	6000000020451279721
Q11318495	6000000047586318151
Q11318508	6000000047586910823
Q113188	6000000027361373652
Q113188038	6000000097336033829
Q113190155	6000000041565744722
Q113190171	6000000052804655851
Q113190182	293386580410007585
Q113190600	4742006
Q11319157	6000000074735913905
Q113193123	6000000053401633878
Q113195486	6000000017274021279
Q113198098	6000000028437156932
Q113198122	6000000021439376004
Q113198162	6000000019981075789
Q113198199	6000000006908598139
Q113198217	6000000008805695705
Q113198231	6000000011765998988
Q113198241	6000000019285509713
Q113198252	6000000003219383362
Q113198273	6000000026535040769
Q113198417	6000000050356854978
Q113198452	6000000017350639499
Q113198455	6000000026259140872
Q113198481	6000000007618601498
Q113198585	6000000008351751563
Q113198594	6000000011037009373
Q1132008	6000000140906558822
Q1132040	6000000007396158433
Q113206	6000000008298685857
Q113206236	6000000012944649631
Q11320656	6000000018012475584
Q113209	6000000017969062815
Q113210302	6000000020174242394
Q113213	6000000118388802971
Q11321388	6000000003231289391
Q113214262	6000000082050501844
Q113217008	6000000041322360258
Q113222325	6000000007791828285
Q113223015	6000000013540213420
Q11322410	6000000041324016037
Q113226	6000000085558045987
Q113229	6000000070646389335
Q1132347	6000000176603096846
Q1132363	6000000100214773856
Q113238753	349814003630013536
Q113239459	6000000176509522833
Q113239484	6000000036976257884
Q1132399	6000000177214378845
Q113240179	6000000176510039821
Q11324272	6000000035643737491
Q113244056	6000000026762616935
Q113244141	6000000026762175218
Q113244179	6000000026794035641
Q113244183	3883840
Q113244186	6000000026762320589
Q113244264	6000000026762506891
Q113244267	6000000026761547637
Q113244348	3883796
Q113244353	3883738
Q113244663	3883630
Q113244664	3869049
Q113244665	6000000031009276138
Q113246045	6000000138791280843
Q113246453	6000000002600681474
Q113246714	6000000070392168897
Q113247607	6000000061406222821
Q113247913	6000000046252455843
Q113248001	6000000014893794938
Q113248170	6000000003362672227
Q113251580	6000000010967510009
Q113251690	6000000013071012314
Q113251815	6000000174872545889
Q11325194	6000000006176390079
Q113252902	6000000008150014215
Q113253	6000000003238779170
Q1132545	6000000151447407904
Q11325610	6000000041789471626
Q1132612	6000000095489978100
Q1132618	6000000020270117339
Q113261889	6000000206370149827
Q113265	6000000024792463592
Q113269669	6000000022942920927
Q113270153	6000000024748099868
Q11327044	6000000002896066690
Q113275320	6000000139315943851
Q113276441	6000000013554605937
Q113276815	6000000006282526069
Q113277396	6000000034266054975
Q113277560	6000000018854867882
Q113280633	6000000005238325030
Q113281167	6000000026883611484
Q113284450	6000000012462855049
Q113284830	6000000014464919420
Q113286960	6000000004151788239
Q1132872	6000000179098205937
Q113287469	6000000002518568511
Q113288210	6000000036067495223
Q113288321	6000000051921465867
Q113289055	6000000002764488062
Q113289966	6000000192672585855
Q113290444	6000000011325918236
Q113290454	6000000012363084841
Q1132927	6000000176939699822
Q113293776	6000000004958960251
Q113294173	6000000017252884000
Q113294512	6000000020590533854
Q113294513	6000000020590170533
Q113294515	6000000020590155280
Q113294521	6000000016163856895
Q113294522	6000000017437090860
Q113294525	6000000017436456918
Q113294844	6000000021721620571
Q113295009	6000000176371232841
Q113295010	6000000017905881813
Q113295012	6000000032024882089
Q113295013	6000000032025130283
Q113295024	6000000017542542432
Q113295659	6000000020110978406
Q113295662	6000000020112489100
Q113295678	6000000020114092468
Q113295720	6000000020112810747
Q113295724	6000000018399969667
Q1132960	6000000015683793672
Q113296226	6000000019694128236
Q113296242	6000000008210969877
Q113296243	6000000009432519003
Q113296244	6000000009432718851
Q113296248	6000000008211111927
Q113296254	6000000019693871204
Q113296255	6000000019691527590
Q113296256	6000000019693724427
Q113296261	6000000035458509453
Q113296286	6000000017523521625
Q113296316	6000000017045312453
Q113296321	6000000017613368992
Q113296323	6000000021605324314
Q113296327	6000000018027733236
Q113296328	6000000017313299326
Q113296329	6000000017313326398
Q113296330	6000000018028196339
Q113296538	6000000018127037207
Q113296590	367229911880011066
Q113296614	367229725160012493
Q113296616	6000000000543655963
Q113296637	5423099573980105937
Q113296640	5423106423400106325
Q113296669	6000000006290293842
Q113296848	6000000054366535883
Q113296849	6000000054366550896
Q113296850	6000000001146596732
Q113296858	6000000007026531119
Q113296859	6000000004087979657
Q113296860	6000000003681311027
Q113296968	6000000037580785969
Q113297041	6000000037581327766
Q113297188	6000000025525542806
Q113297314	6000000025525430547
Q113299	6000000119344603854
Q113302323	6000000002929268496
Q113302492	6000000002894963964
Q113303068	6000000021287566249
Q113303563	6000000101296362332
Q113304	6000000025524901826
Q113304492	319223180790006726
Q113304513	6000000190906485841
Q113306693	6000000021385925854
Q113306710	6000000021300133495
Q113307050	6000000042189883674
Q113307052	6000000001959253629
Q113307058	6000000005745258580
Q113307206	6000000042190260129
Q113307211	6000000042189506473
Q113307213	6000000042189671908
Q113307652	6000000078874257445
Q113308371	6000000018864961577
Q1133092	6000000042125090231
Q113310	6000000000773094264
Q113311	6000000016641462669
Q113312063	6000000063554236048
Q113312310	6000000192926034826
Q113312567	6000000045207542839
Q113312841	6000000015643157021
Q113316	6000000034989946671
Q1133170	6000000034280671049
Q113317994	6000000003813212333
Q113320829	6000000027312143221
Q113324661	6000000007265482794
Q11332473	6000000087127811852
Q113325108	6000000003952624774
Q113326466	6000000040023486912
Q113326472	6000000040023388930
Q113326648	6000000001843182880
Q113328	5521610294200050488
Q113328047	6000000008048518670
Q113328051	6000000000652142086
Q113328074	6000000004180250738
Q113328527	6000000006972546154
Q113328528	6000000006971800229
Q113328531	6000000001916048675
Q113328532	6000000001855932784
Q113328597	6000000009244488415
Q113328748	6000000003813024275
Q113329137	6000000148868294826
Q113329224	6000000140443120831
Q113329281	6000000036034057515
Q113329300	6000000140443010872
Q113329344	6000000140443157860
Q113329366	6000000140442725029
Q113329497	6000000152451329821
Q113329510	6000000140441811119
Q113329678	6000000142035999833
Q113329684	6000000142035844899
Q113329760	6000000094812726008
Q113329764	6000000169078986883
Q113329789	6000000012678788597
Q113329795	6000000042629948116
Q113329798	6000000002641637768
Q113329800	6000000169079442833
Q113329801	6000000003146918018
Q113329806	6000000009648580523
Q113329810	6000000009648697953
Q113329836	6000000171454390824
Q113329838	6000000018727592428
Q113329839	5199036007250031533
Q113329840	5199009533090053080
Q113329843	6000000000702023022
Q113329848	6000000018727507359
Q113329849	6000000018727782185
Q113329854	6000000006569609823
Q113329887	6000000141825177847
Q113329910	6000000185555077840
Q113329957	6000000001678443575
Q113329959	6000000001678448622
Q113329961	6000000001678878356
Q113329993	6000000011547378340
Q113330071	6000000138101080952
Q113330080	6000000148866485062
Q113330105	6000000178831059834
Q113330118	6000000015312803493
Q113330344	6000000008798263303
Q113330345	6000000002930866103
Q113330365	6000000011012065657
Q113330534	6000000041608711823
Q113330592	6000000075485168824
Q113330735	6000000151658545307
Q113331171	6000000039323704434
Q113331172	6000000004160990706
Q113331176	6000000004160950591
Q113331180	6000000004160953601
Q113331200	6000000015084353139
Q113331207	6000000005608423093
Q113331239	6000000046390373401
Q113331271	6000000039315155193
Q113331277	6000000039322407912
Q113331302	6000000037423088018
Q113331305	6000000037422753670
Q113331305	6000000106639882891
Q113331307	6000000106639742877
Q113331324	6000000039323587276
Q113331330	6000000010557195252
Q113331335	6000000011421849222
Q113331344	6000000003672587740
Q113334103	6000000007458236548
Q113334851	6000000042872740518
Q113335909	6000000016116573566
Q113335926	6000000083779625013
Q113336056	6000000008438797997
Q113336060	6000000003858782359
Q113336064	6000000003936824798
Q113336067	6000000003938171238
Q113336107	6000000020025048563
Q113336112	6000000020025224198
Q113336113	6000000003939872573
Q113336114	6000000003939872593
Q113336115	6000000003864574214
Q113336116	6000000031043988448
Q113336117	6000000024078770638
Q113336124	6000000012257434498
Q113336164	6000000008761290736
Q113336197	6000000084913279859
Q113336213	6000000015152313477
Q113336223	6000000015151910977
Q113336230	6000000015152072660
Q113336237	6000000015152259699
Q113336511	6000000031541817095
Q113336756	6000000011540273700
Q113336959	6000000024830942853
Q113337162	6000000011536887463
Q113339458	6000000008063117393
Q113341	6000000048873059822
Q113341932	6000000003939042217
Q113342070	6000000014961260835
Q113342085	6000000014224409070
Q113342100	6000000018630284635
Q113342160	6000000000321416728
Q113342200	6000000048188917008
Q113342206	6000000003938058285
Q113342211	6000000003938058239
Q113342227	6000000048189042888
Q113342233	6000000003218441299
Q113342289	6000000048188994918
Q113342290	6000000055826524844
Q113342291	6000000019387422309
Q113342292	6000000008222297587
Q113342530	6000000026322531836
Q113348871	6000000007377734504
Q1133494	6000000027756877919
Q1133500	6000000013631572100
Q113350175	6000000024830612031
Q113350222	6000000031373914944
Q113350342	6000000024830785163
Q113350480	6000000024831056835
Q113350599	6000000042870821967
Q113350740	6000000024830674128
Q1133513	6000000049470705120
Q113351574	6000000011539774742
Q113351667	6000000011545253393
Q113351965	6000000011536607184
Q1133521	6000000069296692275
Q113352167	6000000016034618532
Q113352175	6000000014067919884
Q113352184	6000000009318763798
Q113353006	6000000017193764278
Q113353248	6000000022671528893
Q113353259	6000000018563795143
Q113353259	6000000022671435307
Q1133540	5288650924260086724
Q113354386	6000000017193793087
Q1133546	6000000018598437110
Q1133551	6000000090950121086
Q113355490	6000000012444020604
Q1133557	6000000030893611333
Q113355936	6000000018008802326
Q113355982	6000000018009359062
Q113356112	6000000018008963948
Q1133564	6000000003998860840
Q1133566	6000000021024084560
Q113356650	6000000018009588040
Q113357	6000000008424242239
Q1133570	6000000070153909853
Q113357037	6000000006114616384
Q113357098	6000000014074378094
Q113357134	6000000014074233364
Q113357167	6000000006114791294
Q113357275	6000000010187777203
Q113357306	6000000002644249976
Q113357325	6000000010502499752
Q113357350	6000000014074122418
Q113359163	6000000107090738863
Q113359250	6000000007993922881
Q113359256	6000000011286825531
Q113359258	6000000011286998217
Q1133599	6000000018892620009
Q113360064	6000000016687229694
Q1133602	6000000038617250094
Q113360973	6000000184909244035
Q113361006	6000000026365002925
Q1133615	6000000013733992291
Q113361510	6000000022670456051
Q113361547	6000000056292622840
Q1133624	6000000175915533993
Q113363437	6000000010723786271
Q1133637	381263539340012205
Q113364814	6000000011267840835
Q1133649	6000000014298607471
Q113366161	6000000018008985643
Q113366181	6000000018008607407
Q113366188	6000000018009234056
Q113366222	6000000018008802316
Q113366244	6000000018009225141
Q113366304	6000000018009166551
Q113366309	6000000018009359046
Q113366369	6000000018009455428
Q113366374	6000000018008608540
Q113366387	6000000018009359057
Q113366505	6000000018009124227
Q113366510	6000000018009069267
Q113366532	6000000018008781862
Q113366609	6000000018009532246
Q113366630	6000000018009223089
Q11336703	6000000006290151279
Q11336718	6000000041639921603
Q11336721	6000000023968736274
Q113367299	6000000008238227663
Q113367346	6000000008238263572
Q113367403	6000000007300730998
Q113367463	6000000001053539878
Q113367593	6000000016198766338
Q113367935	6000000016107084677
Q113368376	6000000032791348205
Q113368591	6000000002907131936
Q113368700	6000000032791126763
Q113368966	6000000011502246472
Q113369011	6000000044495680849
Q113369089	6000000033963593850
Q11337181	6000000076899549462
Q113374	6000000071270973047
Q113374253	6000000004228866516
Q1133746	6000000077255914133
Q113374742	6000000086636112961
Q113375075	6000000011152250166
Q113375140	6000000055732609062
Q113375728	6000000014874657475
Q1133758	6000000037043637370
Q1133760	6000000007454587827
Q113376144	6000000019330364830
Q113376190	6000000019333794060
Q1133777	6000000022736819701
Q113378033	4416375
Q113378097	4416443
Q113378233	4415037
Q113378511	6000000027451478644
Q113378800	6000000006412307521
Q113379142	4416456
Q113379346	6000000145784343845
Q113379388	6000000012304725350
Q113379389	6000000012304655311
Q113379393	6000000012304863320
Q113379394	6000000012303952905
Q113379395	6000000012303297168
Q113379398	6000000012303794019
Q113379399	6000000003997440745
Q113379400	6000000003997500939
Q113379404	6000000003997486654
Q113379405	6000000023840051432
Q113379406	6000000022808190930
Q113379407	6000000006127699174
Q113379408	6000000006127699179
Q113379468	6000000045809520928
Q113379469	6000000046686273071
Q113379474	6000000046686594886
Q113379475	6000000031138395576
Q113379476	6000000014704275460
Q113379477	6000000014704336111
Q113379481	6000000017137298921
Q113379482	6000000017137878824
Q113379483	6000000017138079041
Q113379484	6000000017137896719
Q113379485	6000000014703869637
Q113380648	6000000015974707912
Q113380687	6000000041298792265
Q113381	6000000083175606839
Q113382116	6000000026000071952
Q113383579	6000000186242435378
Q113385	6000000044228704892
Q1133854	6000000033837441879
Q113386513	6000000015754263806
Q113386615	6000000041876128759
Q113386950	6000000041876272424
Q113389564	6000000003937766940
Q113389565	6000000000426649871
Q113389566	6000000003937766917
Q113389571	6000000001143297059
Q113389572	6000000000426651111
Q113389575	6000000000426758464
Q113389583	6000000004069237977
Q113389584	6000000000426517165
Q113389585	6000000003939004965
Q113390277	6000000011624587694
Q113390286	6000000011624339002
Q113390288	6000000013136655679
Q113390301	6000000000025284577
Q113390327	6000000011624644082
Q113390335	6000000004211881494
Q113391299	6000000009317913995
Q113391405	6000000008176389940
Q113391407	6000000001233975274
Q113391408	6000000001233932395
Q113391409	6000000003136856670
Q113391410	6000000004641843094
Q113391474	6000000006441918410
Q113391487	6000000003076106213
Q113391511	6000000141440694831
Q1133919	6000000013674487561
Q113392587	6000000007498651559
Q1133930	6000000021578616335
Q113393183	6000000014711050274
Q113393346	6000000019106394216
Q113393386	6000000019106339343
Q113393551	6000000019105967624
Q113393572	6000000019106407311
Q113393600	6000000069471610079
Q113393725	6000000015867134817
Q113393784	6000000015867185869
Q113393830	6000000015866963940
Q113394110	6000000019335768739
Q1133962	6000000015910584592
Q113396352	6000000069903661921
Q113396501	6000000014068326786
Q1133984	6000000008472610445
Q113399154	6000000002303895596
Q113399250	6000000040578626881
Q113399793	6000000006117124138
Q113399794	6000000024695234086
Q1133998	6000000024391243821
Q1134002	6000000023341568296
Q113400820	6000000030239129934
Q113400912	6000000042932229810
Q113401224	6000000004067546977
Q113401319	6000000014067042649
Q113402553	6000000004067512153
Q113402687	6000000004067625043
Q113402742	6000000004067375938
Q113402857	6000000007463283889
Q113402878	6000000027893973310
Q113402903	6000000004067732128
Q113403651	6000000020351587109
Q1134051	6000000039998014052
Q113406571	6000000075575978220
Q113406647	6000000090934227957
Q113406648	6000000024831812960
Q113409239	6000000003076707308
Q113410183	6000000026577597068
Q113411338	6000000209800382910
Q113411559	6000000016280934001
Q113411571	6000000173263729392
Q113411656	6000000013651061450
Q113411659	6000000013651128089
Q113411672	6000000039798808834
Q11341169	6000000006100839791
Q113412	6000000016648118479
Q113412171	6000000014128774989
Q113412184	6000000017972319617
Q113412203	6000000045973255595
Q113412204	6000000119534625876
Q113412289	6000000031027110625
Q113412750	6000000014068641931
Q113412759	6000000014069304459
Q113412800	6000000014069799189
Q113415108	6000000003938340691
Q113415332	6000000003076705259
Q113415461	6000000013233774014
Q1134162	6000000024788723339
Q113416625	6000000149636579929
Q113422	6000000000770001441
Q11342351	6000000044926224858
Q113424	6000000014453058600
Q1134246	6000000008612885509
Q1134261	6000000018111783094
Q113427490	6000000148986895249
Q113427669	6000000022890641169
Q113428493	6000000014695077846
Q113428860	6000000011061089769
Q113429086	6000000011061089764
Q113429556	6000000025598259190
Q113430228	6000000002631421758
Q113430228	6000000013168808360
Q113430257	6000000020266424616
Q113435039	6000000078080315896
Q113435818	6000000003593852131
Q113437745	6000000083427766421
Q113437980	6000000083427722482
Q113441510	6000000137545113022
Q113443181	6000000015165823660
Q113444953	6000000116551277026
Q113445084	6000000040049743973
Q113445425	6000000003939672887
Q113445428	6000000002043367151
Q113445593	6000000037810622346
Q113445613	6000000185337630243
Q113445615	6000000001444946461
Q113445616	6000000000873870653
Q113445619	6000000001109340292
Q113445619	6000000185339632840
Q113445995	6000000001385978670
Q113446011	6000000001013075391
Q113446012	6000000007339572485
Q113446047	6000000059607166469
Q113446606	6000000001915901001
Q113447062	6000000017839029204
Q113447509	6000000021424256901
Q113447605	6000000018118657655
Q11344861	6000000023758372014
Q11344861	6000000046389033200
Q11344863	6000000003403174140
Q113448934	6000000013966937503
Q11345004	6000000053179574848
Q113451	6000000058956664886
Q113451229	6000000039315200007
Q113451571	6000000014405597953
Q113451820	6000000041889129933
Q113452266	6000000041888977821
Q113452287	6000000039315207992
Q113452366	6000000004105925020
Q113453222	6000000151658545520
Q113454385	6000000013968824218
Q113454426	6000000000764453137
Q113454466	6000000007398956507
Q113454471	6000000007399088290
Q113454472	6000000010113916518
Q113454473	6000000009154203291
Q113454481	6000000008965346948
Q113454482	6000000008770981763
Q113454485	6000000010141950886
Q113454486	6000000010141634033
Q113454596	6000000183428780822
Q113454598	6000000183429496833
Q113454625	6000000183429099821
Q113455504	6000000003275286256
Q113455505	6000000003275286184
Q113455514	6000000008439227393
Q113455529	6000000040510868190
Q113455530	6000000004292545922
Q113455533	6000000004635439043
Q113455534	6000000004635509064
Q113455622	6000000004284070899
Q113455638	6000000004283884526
Q113455644	299518005590001028
Q113455645	299517665070007011
Q113455647	299516421480006343
Q113455648	6000000002677841930
Q113455649	6000000023759602919
Q113455653	299526302860003622
Q113455659	6000000010924737705
Q113455661	6000000010924887268
Q113455662	6000000004283873480
Q113455749	6000000034430658071
Q113456199	6000000022604126167
Q113456508	6000000024504447513
Q113456701	6000000174089263679
Q113457044	6000000040002734426
Q113457123	6000000000043651940
Q113457154	6000000078602650993
Q11345783	6000000103405069989
Q113458407	6000000019536774066
Q113458915	6000000022301173689
Q113459631	6000000121579295088
Q113459737	6000000196519997844
Q113459744	6000000150117804834
Q113460009	6000000217559493821
Q113460131	6000000011573306598
Q113460234	6000000011589852881
Q113460251	6000000011589852889
Q113460381	6000000010517442016
Q113460385	6000000011573092925
Q113461169	6000000028022817325
Q11346146	3087305
Q113461524	6000000021026890912
Q113461828	6000000028046326906
Q113462299	6000000014700744068
Q113462939	6000000036643784666
Q113462958	6000000041888806472
Q113462972	6000000036644484995
Q113463350	6000000084729369170
Q113463667	6000000026247979769
Q113464086	6000000004685817085
Q113465341	6000000014803632644
Q113466880	6000000025411243391
Q113466881	4407253399340052494
Q113466882	5382585018140042276
Q113466884	6000000006441098415
Q113466887	6000000007087984175
Q113466890	6000000006441084209
Q113467992	6000000065328277011
Q113468979	6000000028901421316
Q113470717	6000000005772388659
Q113471836	6000000150590462897
Q113472	6000000180931397845
Q113472520	6000000010580036697
Q113480303	6000000028022605808
Q113480992	6000000028022987322
Q113481992	6000000029657777573
Q113482072	6000000079987809915
Q113482797	6000000020978560212
Q113483502	6000000013364140939
Q113484357	6000000017423806847
Q113484376	6000000016105094932
Q113485190	6000000143879056057
Q113486087	1618956
Q113486135	6000000012537520164
Q113486718	6000000201885163881
Q113486757	6000000013408945782
Q113486838	6000000018020554559
Q113486851	6000000011359879456
Q113486888	6000000009484148325
Q113486898	6000000009484081330
Q113486975	6000000013412284276
Q113486999	6000000078977150994
Q113487080	6000000007177483450
Q113488732	6000000065075517834
Q113488819	6000000055625602995
Q113489183	6000000016365174285
Q113489208	6000000016364726826
Q113489555	6000000078593185185
Q113489616	6000000092562225093
Q113489626	6000000092562956822
Q113489629	6000000092562956828
Q113489631	6000000096841003889
Q113489636	6000000096842358835
Q113489638	6000000000251756590
Q113489639	6000000000250197849
Q113489643	6000000001561451450
Q113489644	6000000011859658023
Q113489651	6000000024487221091
Q113489652	6000000006348571959
Q113489658	6000000053863263869
Q11348978	6000000081777934885
Q1134911	6000000058033790962
Q113493322	6000000003514915101
Q113493382	6000000016365014788
Q113493435	6000000016365112174
Q113493561	6000000016364671915
Q11349467	6000000013591162824
Q113495051	6000000018020962157
Q113495059	6000000012739091387
Q113495458	6000000022629838353
Q113495474	6000000015862452081
Q113496	6000000131237029899
Q113496904	6000000022260009838
Q113496956	6000000003189945019
Q113497279	6000000026951833909
Q113497279	6000000040287589835
Q113497348	6000000075948803844
Q113497349	6000000016152346346
Q113497354	6000000004592924954
Q113497364	6000000071736145880
Q113497513	6000000086367363966
Q113497578	6000000086366781107
Q113500240	6000000077448814184
Q113500241	6000000083218764209
Q113500242	6000000078193740821
Q113500243	6000000078192308920
Q113500244	6000000083176516974
Q113500246	6000000083176236184
Q113500274	6000000078192196038
Q113500275	6000000083217564547
Q113500277	6000000083218436167
Q113500280	6000000083218595037
Q113500291	6000000083217647679
Q113500293	6000000083218164285
Q113500294	6000000083218625876
Q113500295	6000000083218439992
Q113500296	6000000083218813138
Q113500297	6000000083218811338
Q113500298	6000000083791969062
Q113500299	6000000083792313823
Q113500305	6000000083792132978
Q113500311	6000000091235365891
Q113500313	6000000083788403984
Q113500363	6000000000142157823
Q113500364	6000000000142194536
Q113500365	6000000000142370255
Q113500653	6000000018467018112
Q113500679	6000000017079461717
Q113501080	6000000212420019825
Q113501113	6000000000136019709
Q113501119	6000000000135988036
Q113501121	6000000000136007397
Q113501122	6000000000136019670
Q113501172	6000000014017033046
Q113501200	6000000013999544460
Q113501229	6000000014016948110
Q113501239	6000000014016890856
Q113501303	6000000085839826873
Q113501314	6000000085107316905
Q113501320	6000000085106096215
Q113501324	6000000085840104840
Q113501437	6000000059572282868
Q113501535	6000000014981889342
Q113501777	6000000016493957388
Q113501884	6000000001009265672
Q113502388	6000000085104633120
Q113502392	6000000085104770113
Q113502437	6000000014017365014
Q113502442	6000000014108165903
Q113502448	6000000014017220095
Q113502457	6000000018116577592
Q113502507	6000000019382946068
Q113502532	6000000210520210846
Q113502722	6000000003427730357
Q113502933	6000000013312166858
Q113503371	6000000002144936787
Q113504080	6000000033795242345
Q113504091	6000000180759308852
Q113504251	6000000002866921022
Q113504400	6000000001504723614
Q113504403	6000000025450703952
Q113504404	6000000133434941879
Q113504458	6000000007386041894
Q113504459	6000000008271809609
Q113504460	6000000008486379582
Q113504461	6000000008523894066
Q113504462	6000000008643891123
Q113504463	6000000022047554690
Q113504477	6000000011807488544
Q113504478	6000000098993871824
Q113504479	6000000011807350841
Q113504765	6000000009156032058
Q113505059	6000000014114266856
Q113505114	6000000014115025442
Q113505720	6000000085289037837
Q11350576	6000000105523926972
Q11350587	6000000004326003276
Q11350592	6000000002898234216
Q113506027	6000000185474181888
Q113506056	6000000185471246170
Q113506145	6000000040034342437
Q113506148	6000000033129794828
Q113506152	6000000033129364286
Q113506188	6000000131417882089
Q113506952	6000000028296199153
Q113507081	6000000028296187483
Q113507095	6000000009374592715
Q113507152	6000000009374336738
Q113507201	6000000015867981283
Q113507205	6000000028296218940
Q113507220	6000000012472047939
Q113507503	6000000024140358006
Q113507584	6000000014769667158
Q113507594	6000000135668801964
Q113507996	6000000007886395040
Q113508171	6000000014057683628
Q113508171	6000000193875771878
Q113508610	6000000185235228851
Q113508660	6000000019262185988
Q113508944	6000000019774539531
Q113509057	6000000019773583115
Q113509260	6000000177158912821
Q113509292	6000000024304463997
Q113509305	6000000026235227201
Q113509305	6000000154665927001
Q113509376	6000000015605212181
Q113509910	6000000149445130581
Q113510196	6000000004170167815
Q113510206	6000000004170221286
Q113510208	6000000128650527869
Q113510227	6000000128650691858
Q113511487	6000000012622051381
Q113512237	6000000048749145883
Q113512480	6000000015680768479
Q113512484	6000000128648798147
Q113512998	6000000015815742094
Q113513204	6000000014814394209
Q113513578	6000000121173076876
Q113513767	6000000121171501270
Q113514332	6000000057190573950
Q113514982	6000000028295671780
Q113516	6000000006824303111
Q113516469	6000000049403861022
Q113516680	6000000002738183446
Q113516689	6000000014620444894
Q113516951	6000000006971295711
Q113516957	6000000025564126259
Q113516969	6000000025563363638
Q113517480	6000000011022413791
Q113517480	6000000015014536551
Q11351891	6000000011309727242
Q113519149	6000000070647103883
Q113519244	6000000019241378992
Q113519778	6000000031734870940
Q113520671	6000000129330029964
Q1135215	6000000166673082935
Q1135216	6000000021264635563
Q1135246	6000000015676847272
Q1135248	6000000182784016834
Q1135252	6000000014149536069
Q1135258	6000000145220968880
Q113530361	6000000022978233892
Q11353315	6000000075420093097
Q113533197	6000000014527633777
Q11353323	6000000075419694232
Q113537	6000000023021716723
Q113537179	3937414486570063194
Q113537363	6000000009325499603
Q113539729	6000000032281894853
Q113540920	6000000022573833922
Q113540968	6000000022573441192
Q113544	6000000016554168346
Q113544285	6000000000856001901
Q113546509	6000000025592179882
Q113547122	6000000078221538405
Q113547438	6000000015973153289
Q113547475	6000000023769992938
Q113547526	6000000029283378959
Q113547659	6000000013372629487
Q113547987	6000000007454494563
Q113548260	6000000017504560111
Q11354909	6000000133531175822
Q113550200	6000000002667911159
Q113550466	6000000003454214458
Q1135506	6000000078285530878
Q1135516	6000000001776523398
Q113552005	6000000019595653128
Q113552018	5322134723410139346
Q113552051	6000000198970586844
Q113553	6000000012612961379
Q113556584	6000000017360706101
Q113556788	6000000087361625174
Q113556808	6000000087547903821
Q113556826	6000000126778263894
Q113556831	6000000013321529889
Q113556836	6000000087362104945
Q113556858	6000000015346291636
Q113556864	6000000015186136693
Q113556925	6000000128906088822
Q113557020	6000000017360435830
Q113557079	6000000017360569723
Q113557341	6000000086364337961
Q113557474	6000000116925432822
Q113557763	6000000010798212582
Q113558053	6000000016100846695
Q113558468	6000000026049552634
Q113558471	6000000026026817756
Q113558480	6000000026026932142
Q113558481	6000000000316237605
Q113558498	6000000000316135977
Q113558499	6000000011801971882
Q113558501	6000000003023283435
Q113558533	6000000015333319710
Q113558534	6000000015333298491
Q113558537	6000000015332953692
Q113558538	6000000127160532849
Q113558539	6000000103679507218
Q113558540	6000000001769534540
Q113558575	6000000103302563836
Q113558614	6000000021345133531
Q113558701	6000000071818499960
Q113558702	6000000071825088856
Q113558705	6000000071829675821
Q113558706	6000000071830969821
Q113558707	6000000006444244103
Q113558709	6000000077974362244
Q113558727	6000000095350257986
Q113558728	6000000004237607824
Q113558729	6000000004237618993
Q113558783	6000000015324782582
Q113558919	6000000024557400504
Q113558921	6000000024557460636
Q113558922	6000000103680082082
Q113558929	6000000018500534894
Q113558930	6000000029901109181
Q113558931	6000000042658821800
Q113558933	6000000003693229864
Q113558934	6000000002134648921
Q113558939	6000000024557367592
Q113558983	6000000012945191686
Q113560342	6000000017924768182
Q113560448	6000000007887334910
Q113561383	6000000029277311117
Q113561420	6000000029277654126
Q113562335	6000000057718449896
Q113563638	6000000078060714833
Q113564153	6000000185905407854
Q113565471	6000000119025435822
Q113565492	6000000000494278186
Q113565542	6000000002870135424
Q113565631	6000000042662588796
Q113566	6000000017835053854
Q1135660	6000000013197507489
Q113567068	6000000019261064844
Q1135672	6000000009359090751
Q113567579	6000000019261680005
Q113568088	6000000186610856862
Q1135689	6000000060598745902
Q113569666	4222938730640044690
Q113569666	6000000000542368872
Q113571016	6000000015097213433
Q113572017	6000000011459182748
Q113572469	6000000002553779910
Q113572938	6000000002766404167
Q113572957	6000000013320669347
Q113573522	6000000003110792780
Q113574229	6000000009309606067
Q113574620	6000000008630814546
Q113575451	6000000203982643848
Q113575592	6000000020021838656
Q113575650	6000000014586542134
Q1135774	6000000033077183291
Q113577767	6000000009367231036
Q113577788	6000000009366253096
Q1135791	6000000000961695980
Q113579518	6000000001310146293
Q113580343	282997962430004837
Q113580452	6000000040909921945
Q113580583	6000000040909253790
Q113580596	6000000040909130563
Q113580720	6000000040909950915
Q113580900	6000000015226539435
Q113580916	6000000040909284813
Q113580950	6000000049680003947
Q113580951	6000000010648399605
Q113580953	6000000049679887020
Q113581506	6000000084477085296
Q113581521	6000000012963463622
Q113581556	6000000084448444722
Q113581607	6000000084474547121
Q113584	6000000006100399679
Q113584601	6000000027726493075
Q113584673	6000000044231683070
Q113584795	6000000064171378855
Q113584853	6000000024559467485
Q113584855	6000000001382750725
Q113584861	5540959190640025004
Q113584864	6000000003454496094
Q113584865	6000000003454496147
Q113585024	6000000012934545134
Q113585031	6000000007617266255
Q113585675	6000000024596521989
Q113585698	6000000021237100366
Q113586190	6000000084497362357
Q113586304	6000000010688154713
Q113586532	6000000033429498182
Q113587165	6000000186681218830
Q113587354	6000000034122414221
Q113587676	6000000008889002121
Q113587862	6000000008688251787
Q113588169	6000000181086010822
Q113588175	6000000035886561849
Q113588329	6000000024596101741
Q113588366	6000000025181561192
Q113592	6000000181564561831
Q113592648	6000000175296118824
Q113594187	6000000021826058828
Q113594906	6000000077628237051
Q113596	6000000156957763862
Q113598066	6000000024362406287
Q113598518	6000000024362080005
Q113601849	326541533250007387
Q113605639	6000000015723153095
Q113608497	6000000015590697981
Q1136087	6000000029023671378
Q113609812	6000000034909248675
Q1136107	6000000148704259219
Q113611211	6000000063822977848
Q113612164	6000000024362357319
Q113612395	6000000046125152908
Q113612622	6000000006727855940
Q113612952	6000000013270592936
Q113613503	6000000209252069823
Q113613526	5633069763170106819
Q113613779	6000000003943200269
Q113613856	6000000003943200241
Q113613920	6000000003943200277
Q113613951	6000000077919800800
Q113613965	6000000003943200383
Q113614013	6000000142825925863
Q113615222	4357369844690067617
Q113615702	4749385067580030249
Q113620	6000000150918242131
Q113620809	6000000026309003364
Q113620829	6000000015040504421
Q113620977	6000000011624246167
Q113622743	6000000020544643619
Q113622848	6000000020544965595
Q113624590	6000000003570065623
Q113624713	6000000030834461402
Q113625125	6000000092107095201
Q113625312	6000000091979574207
Q113625315	6000000008429885859
Q113625325	6000000092106433201
Q113625809	6000000060256083821
Q11362582	6000000074746211150
Q113626	6000000021000983712
Q113626399	6000000013793054078
Q113627815	6000000006266050383
Q113627817	4225812649410055927
Q113627854	6000000036343873074
Q113627868	6000000036343285659
Q113627870	6000000006442064849
Q113627881	6000000040909450912
Q113628001	6000000010515938091
Q113628002	6000000001843180273
Q113628004	6000000000517765868
Q113628005	6000000001843180255
Q113628007	6000000000630296170
Q113628010	6000000008365813835
Q113628013	6000000010375616475
Q113628014	6000000000181177945
Q113628026	6000000000517765860
Q113628027	6000000005069791294
Q113628082	6000000000321416683
Q113628105	6000000003943200078
Q113628440	6000000031021984504
Q113628883	6000000004869448092
Q113629993	6000000022396579447
Q113630009	6000000004869448085
Q113630065	6000000022396480394
Q113630098	6000000022396329770
Q113630102	6000000022396389606
Q113630149	6000000022396456807
Q113630406	6000000068538200962
Q113630415	6000000059928363960
Q113631111	6000000031905714933
Q113632679	6000000014532666824
Q113632739	6000000002890476010
Q113633053	6000000060782937859
Q113633059	6000000000214406841
Q113633060	6000000004382620891
Q113633061	6000000008248528375
Q113633062	6000000002183011726
Q113633063	6000000002175454786
Q113633064	6000000005963755893
Q113633075	6000000000585577001
Q113633237	6000000000214406353
Q113633297	6000000004869379725
Q113633405	6000000008826780129
Q113633455	6000000015440303407
Q113633777	6000000002765697359
Q113633781	6000000002765094485
Q113634062	4865907046850011408
Q113634624	6000000002095578962
Q113634746	6000000037456382907
Q113634786	5401108785730137091
Q113636178	6000000017836428412
Q113636340	6000000002478580974
Q113636418	6000000027325534848
Q113636419	6000000018624911945
Q113636440	6000000036140756808
Q113636917	6000000005323474001
Q113637	6000000002188458429
Q113637084	6000000179856463854
Q113637286	6000000016107226165
Q113637676	6000000035162598346
Q113637838	6000000187077815821
Q113638938	6000000088598991970
Q113640144	6000000075143999936
Q113640263	6000000021317431093
Q113640268	6000000006348598341
Q113640354	6000000006998723148
Q113640387	6000000003938171759
Q113640498	6000000179665701832
Q113640522	6000000198970378897
Q113640596	6000000177032280838
Q113640636	6000000013175835396
Q113641110	6000000191521056956
Q113641379	376497692980006580
Q113641639	6000000191520781930
Q113642033	6000000184680534861
Q113642391	6000000015354993303
Q113642400	6000000015364186455
Q113642595	6000000011670037733
Q113642956	6000000114096938967
Q1136434	6000000010159950398
Q113643797	6000000015364193172
Q113644119	6000000061266778423
Q1136448	6000000034574056351
Q113645463	6000000000491266594
Q113645480	6000000003076231497
Q113645727	6000000010818494393
Q113645729	6000000010818080929
Q113645732	6000000010905641459
Q113645853	6000000145026542834
Q113645859	6000000003721384953
Q113645867	6000000004180552040
Q113645894	6000000145026583834
Q113646569	6000000019381524463
Q113646968	6000000050681383338
Q113647976	6000000023680144937
Q113648044	6000000037456087579
Q113648457	6000000078099375442
Q113648662	6000000186846481826
Q113648703	6000000024610817800
Q113648844	6000000001843182017
Q113649283	6000000017709783543
Q113649396	6000000025021842851
Q113649997	6000000019773588852
Q113649998	6000000202508169830
Q113650003	6000000014937809988
Q113650862	6000000020488213567
Q113652725	6000000018198606501
Q113652791	6000000101090217822
Q113652936	6000000055043995824
Q113652993	6000000024209639277
Q113652995	6000000071410232932
Q113653	6000000016255654791
Q113653681	6000000031019335652
Q113654017	6000000002783776506
Q113654066	6000000014607429598
Q113654086	6000000002783610884
Q113654980	6000000011573590183
Q113655195	6000000027756926898
Q113655433	6000000012724159046
Q113655544	6000000014454787025
Q113656852	355361768580003324
Q113656879	5338664387440113314
Q113656894	6000000031939999502
Q113657502	6000000001915324278
Q113657502	6000000064047985872
Q113657589	6000000040658341395
Q113658269	6000000040657789129
Q113658300	6000000024544053848
Q113658491	6000000043697600013
Q113658982	6000000019331217399
Q113658991	6000000026734797796
Q113659	6000000076887945004
Q113659608	6000000038150694819
Q113659726	6000000038150710033
Q113660675	6000000046622622017
Q113662066	6000000001815127250
Q113662666	6000000179445259821
Q113662716	6000000016491256174
Q113664813	6000000015364235147
Q113664867	6000000015364268146
Q113666258	6000000064047953890
Q113666449	6000000015354742539
Q113666466	6000000015355010108
Q113666543	6000000076774764231
Q113666546	6000000026178521045
Q113666904	6000000025512008440
Q113666969	6000000025312017033
Q113666983	6000000040658243612
Q113667	6000000029919950324
Q113671260	6000000015749245668
Q113672	6000000039040418628
Q1136745	6000000115139882989
Q113675015	6000000035866251135
Q113675015	6000000079078569839
Q113675029	6000000001212915943
Q113675029	6000000053592633418
Q113675550	6000000028411509884
Q113676059	6000000079059560821
Q1136761	6000000177163019847
Q113676120	6000000020515470110
Q113676162	6000000017974205583
Q113676421	6000000017974639087
Q113676442	6000000185373898090
Q113676646	6000000050901502866
Q113677036	6000000191246473835
Q113677104	6000000035899768412
Q113677112	6000000071390155927
Q113677855	6000000003938187173
Q113678911	6000000034249812998
Q113679137	6000000018609343105
Q113679280	6000000017688818950
Q113679317	6000000017688765439
Q113679361	6000000017688907669
Q113680	6000000033646990135
Q113680092	6000000009762348871
Q113680096	4077383532270050504
Q113680107	6000000018782886198
Q113680114	6000000028411530014
Q113680117	6000000013282540633
Q113680119	6000000009161934430
Q113680120	6000000009650398685
Q113680142	6000000003343605105
Q113680143	6000000002766460327
Q113680150	6000000002766460309
Q113680203	6000000025279803836
Q113680266	6000000186155511008
Q113680268	6000000186155128071
Q113680275	6000000025277405733
Q113680277	6000000186156364881
Q113680287	6000000186155594002
Q113680289	6000000018396193009
Q113680290	5597396613500126353
Q113680291	6000000006934881404
Q113680310	6000000000652523948
Q113680327	6000000019499031231
Q113680328	6000000019499040210
Q113680332	6000000002889824294
Q113680346	6000000003607961275
Q113680375	6000000006243160209
Q113680376	6000000006243039308
Q113680376	6000000186593447824
Q113680391	6000000006175440532
Q113680392	6000000006440071382
Q113680394	6000000006440071423
Q1136806	6000000002030643935
Q113681	6000000007048959538
Q113681478	6000000071633950311
Q113681678	6000000019838385147
Q113681759	6000000080589629099
Q113681872	6000000011580344534
Q113682087	6000000037082762881
Q113682323	6000000037082334919
Q1136826	6000000166198871919
Q113685399	6000000019627236543
Q113685424	6000000042892824295
Q113685450	6000000017264628528
Q113685453	6000000017264679440
Q113685454	6000000005027393995
Q113685455	6000000003694772222
Q113685757	6000000194836008822
Q113685821	6000000171049089965
Q113686039	6000000032887837120
Q113686251	6000000032888014850
Q113686548	6000000032888207846
Q113687601	6000000000596486365
Q113687660	6000000024985678208
Q113687664	6000000015509800367
Q113687753	6000000017283801936
Q113687901	6000000032887882859
Q113688	6000000008130774372
Q113688160	6000000041771825261
Q113688483	6000000067744327865
Q1136913	6000000008735179408
Q113695	6000000139345112821
Q113697353	366627622890007109
Q113698817	6000000029493310827
Q113699243	6000000025973304892
Q113699245	6000000003811159572
Q113699255	6000000029467434305
Q113699257	6000000021541350976
Q113700142	6000000017797612085
Q113700155	6000000189065596821
Q113701066	6000000025031543528
Q113702928	6000000000593904746
Q113703040	6000000022348839156
Q113703046	6000000000630275109
Q113703049	6000000000630278156
Q113703051	6000000001588561601
Q113703961	6000000040952622131
Q113704124	6000000021566364719
Q113704378	6000000004594270037
Q113705	6000000082030796932
Q113705456	6000000012322319107
Q113705456	6000000203783144836
Q11370608	6000000012528368777
Q1137062	6000000054248620884
Q11370658	6000000012528368754
Q11370659	6000000012529289861
Q1137066	6000000026938482937
Q11370661	6000000012529599243
Q11370663	6000000012529533293
Q11370664	6000000012528535805
Q113706803	6000000011503002419
Q113707	6000000011188581201
Q113707001	6000000011756212097
Q113708201	6000000004594270030
Q113708224	6000000000216090829
Q113708360	6000000021277266593
Q113708463	6000000001898329236
Q113709	6000000020406764634
Q113710108	6000000014570463486
Q113710170	6000000015684528084
Q113710183	6000000016012909987
Q113710257	6000000014570798180
Q113711667	6000000219267391850
Q113712132	6000000054191112840
Q113713	6000000020770745540
Q113714518	6000000001232690155
Q113714696	6000000028279595601
Q113715	6000000018369419673
Q113717204	6000000015613057685
Q113718261	6000000016203190450
Q113719	6000000023938975856
Q11371946	6000000075404730861
Q113720181	6000000009325444748
Q113720664	6000000011516199984
Q113721264	6000000017726645872
Q113723	6000000003866400436
Q113723573	6000000042536811933
Q113727457	6000000002435420661
Q113728551	6000000186910059867
Q113728595	6000000187016778921
Q113730907	6000000033861737069
Q113731059	6000000033861283708
Q113731066	6000000033862145029
Q113731076	6000000033862234078
Q113731084	6000000033862942247
Q113731089	6000000033862312731
Q113731094	6000000114575868026
Q113731337	6000000017124734998
Q113732	6000000017601161370
Q113733	6000000008120106244
Q113733485	6000000136787913838
Q113739278	6000000218346868865
Q113739399	6000000036955858089
Q113739650	6000000039299634246
Q113739780	6000000012876736788
Q113739791	6000000039531907892
Q113739910	6000000001435896836
Q113740799	6000000024610775682
Q113740996	6000000087665227286
Q113741006	6000000024169615794
Q113747	6000000020350030402
Q1137490	6000000015291909124
Q113750	6000000018328025205
Q113752	6000000006727790419
Q113754197	6000000018985102184
Q113754199	6000000039338407123
Q113754204	6000000039338459998
Q113754206	6000000039338287445
Q113754590	6000000000522997217
Q113754786	6000000008443626689
Q113757760	6000000074755149904
Q113757976	6000000040074062285
Q113759	6000000004097094459
Q113761139	6000000024008428635
Q113768	6000000018445790072
Q113771297	6000000018624742125
Q113772243	6000000007068898387
Q113773421	6000000017568445943
Q113773422	6000000017568750113
Q113773448	6000000005413096581
Q113773449	6000000002885038849
Q113773450	6000000001956255835
Q113773456	6000000002459877981
Q113773458	6000000002459859346
Q113774900	6000000025662450911
Q113775	6000000003408675559
Q113778362	6000000000250529438
Q113778777	6000000000250531497
Q113779589	4984449329700054060
Q113780744	6000000019112812712
Q113780767	6000000014023098752
Q1137821	6000000138964813099
Q113782370	6000000068894881168
Q113782780	6000000042800811032
Q113784	6000000009710458930
Q113785884	6000000028165799352
Q113785993	6000000013475483134
Q113786244	6000000067159514888
Q113787091	6000000187054890827
Q113787797	6000000022973329089
Q113787930	6000000024336600550
Q113791	347096171930013360
Q113793625	6000000039226008651
Q113794	6000000005773551240
Q113798634	6000000002727253002
Q11379945	6000000166004115031
Q113799929	6000000001608725881
Q113799942	6000000001608791165
Q113799996	6000000012611323403
Q113800056	6000000012616737726
Q113800151	6000000013068599858
Q113800253	6000000170416018985
Q113800492	6000000013061700198
Q113801505	6000000025661891367
Q113801925	6000000081612477866
Q113802	6000000181934238821
Q113802131	4836376419860049948
Q113802164	314494474310002362
Q113802480	6000000017160003407
Q113802600	6000000013417981452
Q113802897	4760663788040014570
Q113803001	6000000047335791821
Q113803104	6000000015733822050
Q113803174	6000000114613827071
Q113803349	6000000022713118840
Q113803359	6000000004969795920
Q113803608	6000000023091951869
Q113803794	6000000029017607602
Q1138038	6000000066056774827
Q113803830	6000000027594223552
Q113803978	6000000030269600561
Q113803983	6000000002799077116
Q113803994	6000000067034875005
Q113804026	6000000075594369097
Q113804257	6000000085679208963
Q113804539	6000000016465827603
Q113805265	6000000152736936171
Q113805851	6000000001048869188
Q113806199	6000000019854637894
Q113806426	6000000010562984817
Q113806482	4783027051770076187
Q113806562	6000000205668413845
Q113807056	6000000187056167967
Q113807680	6000000008722558860
Q113807804	6000000181984440823
Q113808513	6000000034800055406
Q113808968	6000000043455952905
Q113809	6000000006565276750
Q113809534	353279424840011069
Q113810029	6000000083262965218
Q113810105	6000000022902576922
Q113810180	6000000020666596891
Q113810183	6000000017323126999
Q113810344	6000000003471598454
Q11381055	6000000075326826825
Q11381130	6000000075326832832
Q113813808	6000000052064368973
Q113814	4592932689810031494
Q113814880	6000000174010000902
Q113815623	6000000000467202626
Q113816164	6000000178606888882
Q113816187	6000000037776584614
Q113817	6000000014946154679
Q113817422	6000000080386381229
Q113817841	6000000017922886793
Q113818	6000000065491950860
Q113818082	6000000018008561635
Q113818800	6000000077893875116
Q113821	6000000007351175365
Q113821042	4843904557670092890
Q1138235	6000000032584074646
Q1138236	6000000017893698398
Q113823869	6000000020799013857
Q113825	6000000041426898645
Q1138255	6000000078029157277
Q113826904	6000000195164393836
Q113827	6000000078284067155
Q113827346	6000000024710201156
Q113827548	6000000014925874470
Q113827759	6000000031344380952
Q113827778	6000000014925827478
Q113827787	6000000014925984132
Q113827791	6000000014925236872
Q113827896	6000000032494555929
Q113828449	6000000008852674440
Q113828684	6000000036857355536
Q113830751	6000000007740958534
Q113831713	6000000206902735823
Q113831803	6000000006411276844
Q113833406	6000000187082454900
Q113835	6000000124951177824
Q113836101	6000000113132736850
Q113836617	6000000038489711096
Q113837338	6000000114046088332
Q113838099	6000000038263360089
Q113839906	6000000117735319977
Q113840	6000000013303000081
Q113840286	6000000078340225308
Q113840621	6000000014263955589
Q113845	6000000019419118415
Q113847048	6000000022098146342
Q113847557	6000000007186097623
Q113847562	5583353602700045398
Q113847566	6000000003682419574
Q113847568	6000000003682534481
Q113847571	6000000000171037419
Q113847578	6000000000171305128
Q113850448	6000000074008562821
Q1138505	6000000012336016424
Q113850521	6000000015594996451
Q1138516	6000000177428043867
Q11385239	6000000075425899144
Q113853117	6000000125248906821
Q113853165	6000000015840745951
Q113853324	6000000194832441859
Q113853493	6000000024515236815
Q11385584	6000000075429339956
Q113856869	6000000024303922014
Q113856870	6000000024304729178
Q113857190	6000000005958821058
Q113859	6000000133956947223
Q1138602	6000000072738220905
Q1138605	6000000011809925998
Q113865	6000000015845629627
Q113866982	305817619130003824
Q113867038	6000000017897063243
Q113867079	6000000018050693538
Q113867167	6000000018051326116
Q113867188	6000000013006771045
Q113867192	6000000007780211572
Q113867194	6000000006724555242
Q113867197	6000000002545926372
Q113867198	6000000003940367397
Q113867199	6000000002545926347
Q113867205	332325652530004744
Q113867261	6000000013247898610
Q113867364	6000000022365922857
Q113867365	6000000071409014226
Q113867365	6000000157298906840
Q113867385	6000000006970078202
Q113867398	6000000157293707834
Q1138674	6000000050331636826
Q113867402	4234412670630046799
Q113867403	6000000006969770915
Q113867486	6000000006969894493
Q113867489	6000000007132635622
Q113867499	6000000151687133035
Q113867564	6000000032274247883
Q113868767	6000000026650303027
Q113869505	6000000015811481272
Q113870493	6000000146804269116
Q113870496	6000000151687084986
Q113871064	6000000033032563970
Q113874178	6000000017336687029
Q113875679	6000000017534590168
Q113875688	6000000033448819804
Q113875692	6000000020573618878
Q113875729	6000000002229870435
Q113875733	6000000002229982151
Q113875983	6000000015915302195
Q113875992	6000000090785132059
Q113876404	6000000174803414195
Q113876408	6000000028914104047
Q113876411	6000000008011757523
Q113876418	6000000003541037626
Q113879437	6000000017546300468
Q113879528	6000000000764480150
Q1138796	6000000126232911946
Q113879656	6000000010837952633
Q11388066	6000000075401705186
Q11388067	6000000075422567849
Q113882641	6000000008394816592
Q113882712	6000000014803881896
Q113882855	6000000000764405298
Q113882933	6000000034465359822
Q113883331	6000000003828052258
Q113883570	6000000007096922753
Q113883591	331495701250002073
Q113883614	6000000013173987182
Q113883645	6000000021581317338
Q113883646	6000000021581221796
Q113884696	6000000000696739064
Q113884699	6000000000696729806
Q113884711	6000000074669068062
Q113884712	6000000000025316044
Q113884743	6000000000250529199
Q113884766	6000000022615984452
Q113884782	6000000011336430534
Q113884799	6000000006176064074
Q113884800	6000000006110662720
Q113884863	6000000005921994868
Q113885325	6000000001531449208
Q113885330	6000000006175856447
Q113885463	6000000003043899294
Q113885523	6000000031326023700
Q113885524	6000000008021522202
Q113885576	6000000019537853082
Q113885586	6000000006290252394
Q113885590	6000000003357577590
Q113885595	6000000024307433340
Q113885790	6000000020159997800
Q113885889	6000000023464447021
Q113886311	6000000012499194419
Q1138881	6000000040984983381
Q113888610	6000000027231775674
Q113888615	6000000019485811191
Q113888724	6000000027232164269
Q113889271	6000000023839322876
Q113889598	6000000013850084047
Q113889605	6000000000484504130
Q113889611	6000000006719217623
Q113889808	6000000006719704003
Q113889875	6000000010270170241
Q113889877	6000000000484387268
Q113890212	6000000000484504013
Q113890246	6000000000484494047
Q113890351	6000000002641812096
Q113890793	6000000002641797162
Q113890808	6000000003375626069
Q113891475	6000000002641457246
Q113891550	6000000003369791775
Q113891552	6000000003518557645
Q113891883	6000000002641935483
Q113892072	6000000012231504101
Q113892608	6000000003369467489
Q113892609	6000000003369480444
Q113892610	6000000006556953001
Q113892611	6000000003369409500
Q113892626	6000000006605243707
Q113894858	6000000006447837047
Q113894923	6000000003369497647
Q113895327	6000000006453076696
Q113895454	6000000023576618177
Q113895736	6000000040897905989
Q113896548	6000000015760813047
Q113896571	6000000040897311134
Q113896705	6000000023575879132
Q113896866	6000000016326256373
Q113897425	4534764905070089881
Q113897438	6000000024935326661
Q113897608	6000000044309823931
Q113897613	6000000007417855222
Q113897616	6000000026637658019
Q113897696	6000000137627946821
Q113897752	6000000032780557201
Q113897761	6000000032780721177
Q113897765	6000000137620278893
Q113897767	6000000032780317810
Q113897776	6000000008882518234
Q113897802	6000000010957579880
Q113897892	6000000019579903858
Q113898544	6000000013208255593
Q113899582	6000000022365537715
Q113899672	6000000022365908023
Q113899843	6000000076890802303
Q113900192	6000000019775956306
Q1139047	6000000027558514279
Q113904703	6000000028689547165
Q113904711	6000000028687817502
Q113904726	367258984580012454
Q113904753	6000000003298827869
Q113904760	6000000008060404117
Q113904763	6000000003275878321
Q113904786	6000000007925594957
Q113904825	6000000032141354937
Q113904828	6000000032140729410
Q113904836	6000000017883725784
Q113908278	6000000000378199471
Q1139083	6000000043744198131
Q113914	6000000179229856849
Q113915	6000000031046015001
Q113920860	6000000000272922328
Q1139209	6000000178550549888
Q113920906	6000000000601472595
Q113920967	6000000000601270797
Q113921038	6000000008060365381
Q113924883	6000000100785131821
Q113924928	6000000100785615867
Q113924978	6000000186961825838
Q113925002	6000000017827137976
Q113925025	6000000014303189528
Q113925075	6000000000329777180
Q113925107	6000000028062989725
Q113925116	6000000003137634677
Q113925571	6000000007775688585
Q113925577	6000000008060677271
Q113925610	6000000010885788753
Q113925698	6000000002729754146
Q113925772	6000000001091045427
Q113925774	6000000001090982672
Q113925776	6000000004036350279
Q1139269	6000000159911278961
Q113927679	6000000007554629518
Q113927927	6000000007554504315
Q113928552	6000000003516531459
Q113928783	6000000007418334602
Q113928784	6000000003690000310
Q113928790	6000000000211103562
Q113928791	4277953270860045362
Q113928842	6000000003490657245
Q113928844	6000000003490657250
Q113929	6000000017120669909
Q113929654	6000000021139081666
Q113929657	6000000000941985292
Q113929764	6000000002813747840
Q113929771	6000000000941957023
Q113930285	6000000050240658971
Q113930292	6000000051269040424
Q113930299	6000000018079836071
Q113930310	6000000016442387257
Q113930318	6000000016441192898
Q113931	6000000002056609634
Q113931364	6000000012717324093
Q113932730	6000000018222812309
Q113932739	6000000002224380580
Q113932758	6000000002224442186
Q113932770	6000000002224496266
Q113932785	6000000002224551103
Q113934451	6000000024817836383
Q113935064	6000000016318439671
Q113935554	6000000003076593185
Q113935855	6000000032937385634
Q113935875	6000000075613059874
Q113935914	6000000017846675710
Q113936	6000000076854285498
Q113936250	6000000011429028751
Q113936648	6000000032937569179
Q113936725	6000000013240455359
Q113936726	6000000011428909463
Q113936784	6000000005582960364
Q113937149	6000000076852749066
Q113937186	6000000109361337995
Q113937296	6000000011428531051
Q113937738	6000000011428828176
Q113939498	6000000041318423905
Q113939862	6000000041312353154
Q113940248	6000000041310542407
Q113940260	6000000079549055893
Q113940319	6000000075891497921
Q113941	6000000003559581542
Q1139435	6000000005239944802
Q113945902	6000000017366014095
Q113946208	6000000001489832241
Q113946223	6000000011605436803
Q1139463	6000000027560131480
Q113946304	6000000001489849068
Q1139494	6000000178061861879
Q113950068	6000000041470966094
Q113950741	6000000021106581401
Q113950742	6000000021106632480
Q113950743	6000000021516728547
Q113950751	6000000040786271755
Q113950754	6000000027689427936
Q113950777	6000000021516879419
Q113950783	6000000040801852991
Q113950797	6000000040787346542
Q113950818	6000000184662523976
Q113950846	6000000015385995189
Q113950859	6000000015392812569
Q113950860	6000000015393030486
Q113950862	6000000021037089652
Q113950974	6000000063687052135
Q113950975	6000000063687453842
Q113950977	6000000058507926170
Q113950978	6000000001596477013
Q113950979	6000000002603386570
Q113950981	6000000002603386550
Q113950982	6000000002603386521
Q113950983	6000000007762763997
Q113951008	6000000211712356825
Q113951011	6000000108090317003
Q113951014	6000000108091475071
Q113951099	6000000108093818834
Q1139511	6000000000783609039
Q113951589	6000000187891486829
Q113951730	6000000020763272268
Q113951776	6000000022016045531
Q113951847	6000000000592862075
Q113951848	6000000049997549905
Q113951849	6000000049997601916
Q113951856	6000000000834362974
Q113951861	6000000000834356532
Q113951862	6000000022016018531
Q113951862	6000000080604141404
Q113951875	6000000012762688042
Q113951910	6000000025456250642
Q113951913	6000000012847099017
Q113951919	6000000012847280206
Q113951920	6000000000966312020
Q113951987	6000000132195338821
Q113951993	6000000132206719821
Q113951994	6000000011251775466
Q113951994	6000000132206891826
Q113952009	6000000053314466495
Q113952025	6000000022527512155
Q113952090	6000000006833887412
Q113952091	363056492210011229
Q113952145	6000000095933186042
Q113952148	6000000081034108045
Q113952151	6000000081033973840
Q113952152	6000000020459536381
Q113952179	6000000029136503894
Q113952191	6000000057302683998
Q113952212	6000000057301254672
Q113952213	6000000006100559858
Q113952214	6000000006100559849
Q113952215	6000000006100463492
Q113952221	6000000007077975356
Q113952231	6000000006100385077
Q113952232	5168429605690085360
Q113952235	6000000006821244407
Q113952251	6000000007078160121
Q113952252	6000000007078427057
Q113952256	6000000007082884049
Q113952257	6000000007082501233
Q113952264	6000000003277800534
Q113952265	313506647780002083
Q113952280	6000000007077754906
Q113952339	6000000006100511755
Q113952343	6000000008231085977
Q113952347	6000000010849614182
Q113952391	6000000003882318765
Q113952403	6000000083261229720
Q113952404	6000000018880435836
Q113952405	6000000007077810929
Q113952407	6000000006821897624
Q113952410	6000000083261958271
Q113952419	6000000124447665852
Q113952426	6000000026517577248
Q113952429	6000000033032631821
Q113952432	6000000011600212113
Q113952438	6000000004558381919
Q113952439	6000000015402064036
Q113952659	6000000018725927068
Q113952760	6000000018141954500
Q113953	6000000002447178290
Q113953201	6000000007245037467
Q113953226	6000000007245175238
Q113953242	6000000007244783941
Q113955422	6000000013460665029
Q113955432	6000000025359505871
Q113955455	6000000011503086359
Q113955477	6000000036955800152
Q113955917	6000000090162446516
Q113955930	6000000000321438048
Q113955931	6000000000321438036
Q113955935	6000000000321430208
Q113955950	6000000000320855476
Q113955976	6000000018725846282
Q113955987	6000000018725950075
Q113956053	6000000018725590715
Q113956054	6000000122899171821
Q113956056	6000000122898228857
Q113956061	6000000006591571425
Q113956062	6000000007417955414
Q113956075	6000000024473569575
Q113956076	6000000024473762424
Q113956114	6000000003616085440
Q113956115	6000000003681229873
Q113956118	6000000022557094343
Q113956120	6000000009289112241
Q113956121	6000000000426578044
Q113956122	6000000006906978208
Q113956123	6000000006906990343
Q113956226	6000000050853225103
Q113956299	6000000039050102053
Q113956301	6000000006271401754
Q113956303	6000000006272725477
Q113956344	6000000006272717043
Q113956612	6000000029878092996
Q113956613	6000000029877656656
Q113956615	6000000029877927418
Q113956617	6000000007077884454
Q113957136	6000000019213577560
Q113957164	6000000029221017381
Q113957175	6000000019213883168
Q113957178	6000000020380028924
Q113957188	6000000010516137134
Q113957462	6000000065900966841
Q113957466	6000000035975783661
Q113957473	6000000008231359289
Q113957475	6000000019830049114
Q113957476	6000000026620161844
Q113957483	6000000038412427005
Q113957487	6000000021787274018
Q113957529	6000000001402567204
Q113957626	6000000057776063904
Q113957650	6000000043363240571
Q113957683	6000000077862743085
Q113957696	6000000078474156821
Q113957704	6000000017266413922
Q113957712	6000000028360438772
Q113957714	6000000026313566200
Q113957715	6000000026313557067
Q113957716	6000000002005910102
Q113957879	6000000017443066156
Q113957882	6000000017443109219
Q113957884	6000000042267603930
Q113957898	6000000010300450985
Q113957950	6000000002726714773
Q113957954	6000000017489203512
Q113957955	4114774852550047286
Q113957956	6000000003036785218
Q113957958	4114796978790030342
Q113957959	6000000005230571415
Q113958007	6000000005230645219
Q113958010	6000000006797612267
Q113958011	6000000002005898534
Q113960045	6000000016408249915
Q1139602	6000000041216455552
Q113960353	6000000002688989674
Q113960820	6000000151124440853
Q113960981	6000000046996083995
Q113961027	6000000015210085183
Q113961041	6000000001944630163
Q113961489	6000000016046894941
Q113961992	6000000014441325553
Q113962744	6000000118200985932
Q113968067	6000000006768953056
Q113968423	6000000083501169117
Q113969145	6000000024373473890
Q113969199	6000000038691781986
Q113970223	6000000009469030018
Q113971268	6000000181254172851
Q113971417	6000000023511906521
Q113971419	6000000002766506397
Q113971427	6000000022797031668
Q1139727	6000000052538412835
Q113976786	6000000012578660775
Q113979412	6000000015506593155
Q113979621	6000000008496890326
Q11398287	6000000075482069835
Q11398297	6000000074700989941
Q11398301	6000000075500369138
Q11398310	6000000074746929915
Q11398318	6000000075481988909
Q11398321	6000000029596610977
Q11398329	6000000075481842031
Q113986976	6000000032054238189
Q113986986	6000000032055371235
Q113987010	6000000038170790960
Q113987064	6000000032053651680
Q113987901	6000000017651071549
Q113988230	6000000020660992876
Q113988853	6000000042039381543
Q113988990	6000000003276027899
Q113989014	6000000016529659303
Q113990144	6000000019776705204
Q113990339	6000000048494894949
Q113990551	6000000016046611821
Q113990609	6000000019117665202
Q113990617	6000000031786581060
Q113990619	6000000024263409200
Q113990620	6000000019117755349
Q113990625	6000000001310733292
Q113990631	6000000002337134783
Q113990632	6000000017735811114
Q113990641	6000000024263090711
Q113990659	6000000043436301237
Q113990660	6000000043436101762
Q113990661	6000000001726731809
Q113990698	6000000015730735570
Q113990700	6000000125166814040
Q113990702	6000000001646783264
Q113990703	6000000008761936722
Q113990705	6000000022382899552
Q113990706	6000000003939521152
Q113990709	6000000003939521084
Q113990713	6000000008762159223
Q113990714	6000000033090445969
Q113990776	6000000002968325038
Q113990860	6000000128952372832
Q113992369	6000000026364456619
Q113994625	6000000015781239045
Q113994627	6000000015781159202
Q113994631	6000000015780960438
Q113994634	6000000015780636605
Q113994649	6000000016729730618
Q113994971	6000000168932032108
Q113995004	6000000015084399287
Q113995013	6000000015084279913
Q113995063	6000000015084071989
Q113995065	6000000015680861844
Q113995067	6000000015680972684
Q113995359	6000000116223757865
Q113995363	6000000011370626394
Q113995372	6000000012286943268
Q113995512	6000000074820026033
Q113995551	6000000013656758675
Q113995612	6000000011081757107
Q113995616	6000000080034526861
Q113995658	6000000006718444137
Q113995659	6000000006718060743
Q113995660	6000000006718053704
Q113995661	6000000006444427713
Q113995860	6000000026270896798
Q113995879	6000000026201085255
Q113995993	6000000008189860892
Q113996023	6000000026270347754
Q113996063	6000000109639849902
Q113996148	6000000222901578824
Q113996198	6000000000396495793
Q113996200	6000000000396495775
Q113996217	6000000009074311841
Q113996238	6000000031606821887
Q113996239	6000000018156228732
Q113996268	6000000009074269489
Q113997	6000000142660635829
Q113997053	6000000017869112352
Q113997065	6000000015310876576
Q113997093	6000000024873738780
Q113997542	6000000025970310901
Q113997713	6000000001186500136
Q113997719	6000000001186321471
Q113997720	6000000001187827423
Q113997727	6000000001186507461
Q113997747	6000000001187853425
Q1139993	6000000085290047904
Q113999434	6000000059117844875
Q114000985	6000000006795772535
Q114001252	6000000014839408508
Q114001793	6000000109792007827
Q114001881	6000000011892257942
Q114002444	6000000040103202756
Q114003418	6000000124792474982
Q114006682	6000000029497950233
Q114009218	6000000051553771830
Q114009370	6000000008260028560
Q1140161	6000000006727797207
Q11402024	6000000036944393309
Q114023962	2429538
Q114027942	6000000015930080891
Q114028224	6000000017634652194
Q114028497	6000000006978423457
Q114030906	6000000076283240933
Q114031415	6000000187333324936
Q1140320	6000000079002340402
Q114034769	6000000028431528943
Q114035406	6000000003523706048
Q114037559	6000000090030696223
Q114039063	6000000090029292512
Q114041	6000000030120926910
Q114042598	6000000035568323160
Q1140447	6000000027274718855
Q114045356	6000000150889409466
Q114046877	6000000002056027742
Q114049159	6000000011747594459
Q114049299	6000000012733585512
Q114052376	6000000001287908308
Q114053369	6000000002749939691
Q114053446	6000000002750091352
Q114053472	6000000002749890889
Q114055589	6000000138723385826
Q114055662	6000000041098405347
Q114056144	6000000064174759880
Q114056889	6000000007419563142
Q114056970	6000000026779305771
Q114057453	6000000021184665568
Q114057744	6000000024020539222
Q114057970	6000000175719007855
Q114059179	6000000044138911729
Q1140592	6000000176522013821
Q114060	6000000014442292606
Q114063	6000000138000395053
Q114063376	6000000077779884868
Q114064	6000000086736453933
Q114064103	301039007960002040
Q114065346	6000000145332667825
Q114066855	389609178790003399
Q114069	6000000056327841033
Q114073	6000000089862340851
Q1140735	6000000041882655383
Q1140743	6000000027552262319
Q114075787	6000000016943614894
Q114078604	6000000057457850848
Q114079023	6000000020668646395
Q114079786	6000000185560006295
Q114079950	6000000001897155171
Q114080356	6000000008259570530
Q1140806	6000000034750278056
Q114080858	6000000015405146253
Q114081627	6000000006557602004
Q114081765	6000000000948796091
Q114081938	2847016
Q114082272	6000000033456426878
Q114082313	6000000017036506210
Q114082532	6000000027930716465
Q114082647	6000000011757100519
Q114082669	6000000041561893709
Q114082980	6000000017035968859
Q114083446	2887797
Q114083564	6000000002467915497
Q114086205	6000000015775471952
Q114087404	6000000076886671848
Q114088893	6000000003828224985
Q114088996	6000000003828224978
Q114089868	6000000036669463330
Q11408990	6000000111820965946
Q114096	6000000022410813654
Q1140963	1909782
Q114097342	6000000046416564059
Q114098246	6000000152844345825
Q11409891	6000000177702658863
Q11409952	6000000177771376821
Q114100817	6000000063640444154
Q114101279	6000000018640730667
Q1141013	6000000074732641072
Q114101562	6000000005963826418
Q114103048	6000000047098207893
Q114103373	6000000039846036975
Q114103856	6000000011515714305
Q114112874	6000000005965812920
Q114115074	331536862800010421
Q114116552	6000000002494570209
Q114119654	6000000109742164835
Q114121289	6000000133100158877
Q114123361	6000000080242126528
Q114123436	6000000027138731468
Q1141251	6000000104515508051
Q1141280	6000000084553842106
Q114129	6000000018580901526
Q114129989	6000000077895290997
Q114134064	6000000001677822822
Q114137218	6000000011383282613
Q114143453	6000000010424203823
Q114143466	6000000010424171900
Q114143473	6000000002799053177
Q114143494	6000000006236054028
Q114148	6000000085394816831
Q114151265	6000000006444293481
Q114152529	6000000118237235846
Q114152819	6000000004074125424
Q114152968	6000000062313276089
Q114152972	6000000028788223756
Q114153029	6000000062018225849
Q114153052	6000000062015886037
Q114153059	6000000006442515639
Q114153272	5188845689760116828
Q114155781	6000000007351267201
Q114164229	6000000069970321141
Q114164757	6000000037714093703
Q114165559	6000000043277426200
Q114165592	6000000058028262878
Q114166	6000000019455325514
Q11416607	6000000075413337864
Q114166405	6000000153943559849
Q114170256	6000000002004388610
Q114171	6000000002624897829
Q1141740	6000000012517014911
Q114175049	6000000039226430400
Q114175502	6000000035568184274
Q114177538	6000000002385210016
Q114179239	6000000002649974725
Q114179264	6000000055075806895
Q114184240	6000000185218957919
Q114184332	6000000182975652831
Q114185354	6000000186424683823
Q114188648	6000000017963833372
Q114188688	6000000039491240119
Q114189322	6000000017803794168
Q114189419	6000000186762115833
Q114191	6000000069988689021
Q114193132	6000000022629337541
Q114198411	6000000014467295799
Q114199404	6000000034311841836
Q114199658	6000000017803824451
Q114201021	6000000016300613609
Q114203	6000000003931706979
Q114204035	6000000025171595916
Q114205945	6000000006980268672
Q114212778	6000000018479004284
Q114213853	6000000062043159913
Q114213855	6000000006419385585
Q114216491	6000000020933478718
Q114216515	6000000009334509595
Q114216534	6000000012572265588
Q114216556	6000000004850911412
Q114216570	6000000012572306654
Q114216577	6000000029718396314
Q114216579	6000000002248327005
Q114216646	6000000029719191063
Q114216684	6000000002967028657
Q114216808	6000000008140598330
Q114216955	6000000056729140331
Q114217061	6000000017673718306
Q114217066	6000000072090667148
Q114217080	6000000072092062821
Q114219822	6000000007649486560
Q11422834	6000000030568896492
Q114228434	6000000192226479836
Q114228469	6000000007664044133
Q114231160	6000000144485442822
Q114232075	6000000150395763823
Q114232220	6000000143269552856
Q114232456	6000000042147561049
Q114232456	6000000150392415921
Q114232524	6000000024462984445
Q114232580	6000000042147618910
Q114233685	6000000185717414829
Q114235592	6000000081964517101
Q114236	6000000082994429202
Q114237175	6000000019112727459
Q114238340	6000000008053186421
Q114238512	3858456
Q114238922	6000000048620958908
Q114239400	6000000009471559276
Q114240007	6000000026437078953
Q114240065	6000000007130680890
Q114240236	6000000143269552875
Q114240245	6000000143276599849
Q114240254	6000000030870876154
Q114240388	6000000157309401864
Q114240586	6000000022616732181
Q114240587	6000000022616770082
Q114240594	6000000022616734767
Q114240632	6000000003221231374
Q114240633	6000000003221223939
Q114240656	6000000001198282580
Q114240664	6000000003943132373
Q114240665	6000000003940274659
Q114240672	6000000003943132397
Q114240695	6000000086115319269
Q114240696	6000000025707739156
Q114240699	6000000086115990147
Q114240700	6000000086065146630
Q114240701	6000000049683143142
Q114240702	6000000000834314920
Q114240703	6000000006517641419
Q114240705	6000000003791845150
Q114242607	6000000007131155317
Q114242616	6000000050986899157
Q114242618	6000000044364070878
Q114242660	6000000056052340877
Q114242876	6000000005250791238
Q114244432	6000000109161296821
Q114244908	6000000036697936852
Q114245252	6000000002003408020
Q114245522	6000000079770894343
Q114245539	6000000079772576822
Q114245581	6000000018833697876
Q114245619	6000000072874652834
Q114245698	6000000011138356341
Q114245768	6000000079772555852
Q114245769	6000000022498452444
Q114245785	6000000018445186115
Q114246606	6000000006444427718
Q114246619	6000000001579513150
Q114246620	6000000001563111724
Q114246623	6000000002870171767
Q114246628	6000000008378469054
Q114246630	6000000006348543724
Q114246632	6000000002870135124
Q114246640	6000000002870135131
Q114246641	6000000002870135116
Q114246642	6000000085241904891
Q114246643	6000000001579475993
Q114246648	6000000000974620943
Q114246656	6000000002797102731
Q114246657	6000000003139103073
Q114246659	6000000002813689175
Q114246661	6000000002813453656
Q114246663	6000000002924460147
Q114246665	6000000002924096625
Q114246671	6000000017250567948
Q114246672	6000000017250603638
Q114246673	5393627875540082010
Q114246674	6000000003075961753
Q114246681	6000000001722104157
Q114246684	6000000014817744970
Q114246686	6000000001926826992
Q114246688	6000000017250709035
Q114246690	6000000002924115508
Q114246734	6000000086696105838
Q114246735	6000000094217894822
Q114246736	6000000181914545854
Q114246743	6000000181914255854
Q114246746	6000000181915594821
Q114246751	6000000006110947294
Q114246753	6000000089527314895
Q114246759	336167417640003932
Q114247120	6000000050749122989
Q114247256	6000000019126241400
Q114247296	6000000019126031977
Q114247301	6000000046124926205
Q114247304	6000000046124135858
Q114247312	6000000013611315267
Q114247693	6000000006359592088
Q114248412	6000000002876733203
Q11425215	6000000213926451823
Q114254	6000000164269380840
Q1142551	6000000003943100623
Q1142570	6000000122776498866
Q1142574	6000000008438700183
Q1142601	6000000015652262228
Q114260844	6000000016200367410
Q114261408	6000000044349689204
Q114261855	6000000120109831975
Q114267734	6000000150887684822
Q114271209	6000000121690429868
Q114271397	6000000022806354964
Q114276	6000000034322842054
Q114276295	6000000014643364247
Q114276417	6000000041429929356
Q114276654	6000000009679337480
Q114276776	6000000032919560971
Q114276863	6000000032919326228
Q114277	6000000012827873428
Q114280521	6000000047394554321
Q114285	6000000079203224942
Q114285569	6000000007234838305
Q114287644	6000000022743702747
Q114288039	6000000022743333409
Q114288042	6000000022397363071
Q114288294	6000000022744000173
Q114289617	6000000074579848900
Q114289629	6000000010501556632
Q114289636	6000000010798663547
Q114289652	6000000010501174716
Q114289658	6000000074579751951
Q114289668	6000000074579673067
Q114290276	6000000065881775869
Q114291216	6000000026636668112
Q114292	6000000097635222925
Q114292242	6000000016424680777
Q114299309	6000000035347049545
Q114300615	6000000187649582830
Q11430136	6000000075427385987
Q114301991	6000000019374167284
Q114302589	6000000047195754018
Q11430569	6000000108725681999
Q114309561	6000000013269882509
Q114309562	6000000002672248743
Q114309563	6000000002672136664
Q114310654	6000000010292165632
Q114310817	6000000024828645004
Q114311585	6000000000628394816
Q114311588	6000000003741183236
Q114311646	6000000004086345943
Q114311771	6000000001341806316
Q114311774	6000000015158690069
Q114312840	6000000069504481268
Q114312843	370229317110007717
Q114312888	363289464170011385
Q114312909	6000000005092044977
Q114312944	6000000002246223887
Q114313167	6000000003177931134
Q114313174	4267957940330038801
Q114313186	4267935921260054137
Q114313196	6000000000892399490
Q114313886	6000000084673996106
Q114314	6000000001915157204
Q114314573	6000000008378823289
Q114314897	6000000018109820504
Q114314963	5692297858580051800
Q114314964	6000000008642431650
Q114314965	6000000017868804020
Q114314967	6000000008642180315
Q114314968	6000000008202598376
Q114314969	6000000021051098890
Q114314970	6000000008651270486
Q114314971	6000000002824612114
Q114314976	6000000010764675313
Q114314985	6000000027507772693
Q114315064	6000000036929436202
Q114315075	6000000147777011935
Q114315086	6000000016315498304
Q114315297	6000000007313423416
Q114315366	6000000029019078128
Q114315950	4791136
Q114316	6000000016495308909
Q114316115	6000000012943655432
Q114318144	6000000070666520855
Q114322	6000000028090631090
Q114322630	6000000005751941092
Q114332159	6000000010764188119
Q114332167	6000000091732355888
Q114332168	6000000010191486254
Q114332170	6000000010191314359
Q114332180	6000000010202293203
Q114332182	6000000009007265681
Q114332244	3241631
Q114332276	6000000010343344020
Q114333268	6000000010191354780
Q114333276	6000000010191189114
Q114333281	6000000001415520044
Q114336	6000000016112754656
Q114338229	6000000012416672396
Q114338865	6000000014559123144
Q114338975	6000000009118537228
Q114338989	6000000030140099036
Q114339190	6000000027508285381
Q114339191	6000000027508473827
Q114339200	6000000031570649436
Q114339380	6000000027507925435
Q114339381	6000000027508325433
Q114339385	6000000027508382034
Q114339443	6000000017260181649
Q114339733	6000000000833041206
Q114340808	6000000000769966326
Q114340809	6000000004263538304
Q114340819	6000000001078455546
Q114340924	6000000003512180334
Q114340926	6000000004034252163
Q114340927	6000000010182238961
Q114340928	6000000001107371820
Q114340934	6000000004162050323
Q114340939	6000000030388328941
Q114340940	6000000051819258512
Q114340944	6000000125610773953
Q114340949	6000000015336043047
Q114341016	6000000010487006279
Q114341019	6000000010486683972
Q114341146	6000000034426979080
Q114341161	6000000030600709737
Q114341164	6000000051819819966
Q114341802	6000000002946693385
Q114341814	6000000006881927340
Q114341833	6000000006606219202
Q114341840	6000000002293706048
Q114341842	6000000003541252682
Q114341843	6000000003541252649
Q114341937	6000000000769916310
Q114341938	6000000000769916290
Q114341939	6000000003942888814
Q114341943	6000000003940127599
Q114341944	6000000003941489401
Q114342023	6000000021885605731
Q114342024	6000000159862613848
Q114342110	6000000056387361927
Q114342117	6000000010273056459
Q114342389	6000000027508103810
Q1143428	6000000012419413269
Q1143439	6000000026363908464
Q114344890	6000000032866705265
Q114345085	6000000019345818075
Q114345174	6000000108678723828
Q114345206	6000000047592671459
Q114345292	6000000007440262253
Q114345355	6000000062570645885
Q114346393	6000000022948630369
Q114346584	6000000021401890792
Q114346665	6000000017141010694
Q114346734	6000000017140351520
Q114346822	6000000083452470874
Q114346829	6000000009773037911
Q114346973	6000000050274638034
Q114348012	6000000004860538532
Q114349537	6000000069428712878
Q114349554	6000000069428392104
Q114349566	6000000069428684077
Q114349589	6000000069429003864
Q114349618	6000000024921352867
Q114349622	6000000013680049666
Q114351023	6000000043355272630
Q114351548	6000000039817178298
Q114351554	6000000039817344918
Q114351826	6000000039817019671
Q114351864	6000000041808610561
Q114351879	6000000039817826926
Q114352826	6000000092004229982
Q114353	6000000080785757938
Q114353181	6000000010339771049
Q114353238	6000000017906317346
Q114353689	6000000043965907871
Q114357888	6000000007946575258
Q114357952	6000000180948730825
Q114358115	693633
Q114358230	6000000016552337657
Q114358295	6000000000230552018
Q114358354	6000000057459094832
Q114358768	6000000051982457963
Q114360	6000000002188409104
Q114361	6000000079151446244
Q1143627	6000000125267443962
Q114366	6000000010538677278
Q114382906	6000000132634020821
Q114383499	6000000011579985684
Q114384628	6000000048354292563
Q114384902	6000000071651268081
Q114385	6000000012136470884
Q114387	6000000138334456631
Q114389424	6000000087896197289
Q114389991	6000000010694601888
Q114390216	6000000011579859861
Q114390240	6000000052980287987
Q114390433	6000000020379252109
Q114390584	6000000020379271905
Q114391007	6000000051982666956
Q114391513	6000000051095901323
Q114392077	6000000101021112926
Q114392997	6000000090244260582
Q1143938	6000000181828998821
Q114393971	6000000045608116914
Q114395195	6000000001868073780
Q114395276	6000000019047277867
Q114395418	6000000019047399699
Q114396164	6000000028813707052
Q114397780	6000000004952118868
Q114397813	6000000035066258319
Q114398012	6000000003579929189
Q114398012	6000000083508910992
Q1143985	6000000143124079851
Q114399252	6000000008630814792
Q114399407	6000000006930604612
Q114399408	6000000006930861078
Q114399414	6000000006930372989
Q114399435	5214891812150127021
Q114399442	6000000006930488851
Q114399443	6000000000546821337
Q114399446	6000000003615554580
Q114399453	6000000006930881290
Q114399460	6000000006931350816
Q114399465	6000000006933892054
Q114399482	6000000006933933131
Q114399538	5551640468500064384
Q114399550	6000000005597939102
Q114399553	334097846290003350
Q114399597	6000000008300650488
Q114400392	6000000000187260503
Q114400393	6000000000187262605
Q114400395	6000000019804333701
Q114400398	6000000003075845441
Q114400617	6000000025571083822
Q114400949	6000000052122824942
Q114401	6000000005037430498
Q114401122	6000000146474729104
Q114401875	6000000002062675216
Q114401883	6000000002339245710
Q114401884	6000000002050243976
Q114401886	6000000020039597864
Q114401887	6000000003424820375
Q114401917	6000000028672116284
Q114401926	6000000008630987646
Q114402060	6000000003424820393
Q114402061	6000000014232732561
Q114402209	6000000224787282909
Q114402768	6000000134086777877
Q114403456	6000000008509404875
Q114403457	6000000003937599190
Q114404188	6000000013075965020
Q114404189	6000000013077259049
Q114404192	6000000028272113937
Q114404193	6000000009128277151
Q114404195	6000000009128279296
Q114404196	6000000018860668383
Q114404198	6000000000181170227
Q114404780	6000000152849108859
Q114405	6000000061282307304
Q114405090	6000000037992043122
Q114405092	6000000037991719652
Q114405093	6000000037992253894
Q114405095	6000000007761103329
Q114405096	6000000010496819155
Q114405101	6000000010497130464
Q114405110	6000000010497084563
Q114405111	6000000000768100157
Q114405204	6000000022135353494
Q114405204	6000000078918442031
Q114405207	6000000043731230913
Q114405214	6000000010497017053
Q114405262	6000000022336249101
Q114405637	6000000009102435883
Q114405642	6000000020051620048
Q114405646	6000000020052195196
Q114405651	6000000005335901008
Q114405652	6000000005334528001
Q114405670	6000000001880126875
Q114405688	5703751303790035886
Q114405756	6000000005300874147
Q114406213	6000000020208035426
Q114406214	6000000001180353329
Q114406217	6000000115879839838
Q114406225	6000000021413111354
Q114406226	6000000128744273920
Q114406238	6000000023026957231
Q114406259	6000000024891005842
Q114406273	6000000013030946696
Q114406405	6000000012251864242
Q114406420	6000000010628474524
Q114406868	6000000008891073971
Q114406869	6000000008891223268
Q114406905	6000000008891074759
Q114406907	6000000026283276607
Q114406908	6000000026283480134
Q114406920	6000000008891424628
Q114406978	6000000019774535529
Q114407086	6000000030419358321
Q114407087	6000000007150057920
Q114407088	6000000007150057913
Q114407148	6000000007150053820
Q114407149	6000000007150053887
Q114407336	6000000011038100308
Q114407644	6000000015280085036
Q114407648	6000000015280016202
Q114407658	6000000010782086895
Q114407659	6000000001226961501
Q114407662	6000000010782169645
Q114407666	6000000010675614128
Q114407667	6000000003217284225
Q114407669	6000000003217138423
Q114407675	6000000010782167812
Q114407676	6000000099744706490
Q114407956	6000000007935140748
Q114407998	6000000010849015735
Q114408001	6000000027381403282
Q114408003	6000000024760986722
Q114408004	6000000002136072013
Q114408005	6000000025246747033
Q1144083	6000000025607582835
Q114408530	6000000002120797212
Q114409927	6000000010877464135
Q114409938	317242129160002157
Q114409941	6000000006241552824
Q114410427	6000000037187279454
Q114410443	6000000083139354928
Q114410946	6000000002649925032
Q114411007	6000000004047162417
Q114411029	6000000004047556599
Q114411090	6000000002649916993
Q114411105	6000000015595436032
Q114411145	6000000012601484467
Q114411146	6000000015595322637
Q114411147	6000000015595336355
Q114411148	6000000002799049140
Q114411172	6000000015595455035
Q114411173	6000000004047110691
Q114411174	6000000015595114719
Q114413713	6000000007033367146
Q114414187	6000000104800262104
Q114414335	6000000071668363870
Q114414337	6000000035018995608
Q114414731	6000000040662053270
Q114416623	6000000076961559777
Q114416656	6000000076961813724
Q114416892	340235855360011278
Q114417582	6000000202726128893
Q114417646	6000000022144922131
Q1144214	6000000023530747470
Q114422983	6000000150298576823
Q114423105	6000000019047326464
Q114423134	6000000012620986200
Q114423135	6000000012621178223
Q114423136	6000000012620767848
Q114423156	6000000001383929546
Q114423184	6000000003023391941
Q114423204	6000000003615488183
Q114423726	6000000001129839007
Q114424	6000000008450549829
Q114424353	6000000015403832955
Q114424784	6000000046140240475
Q114425115	6000000001038011364
Q114427009	6000000013690729320
Q114427189	6000000015360888595
Q114428919	6000000015817412215
Q114428940	6000000175336868504
Q114429074	6000000042287704995
Q114429074	6000000175337406922
Q1144295	6000000017729293214
Q114431230	6000000052122995902
Q114433627	6000000008766399476
Q114434216	6000000103696983917
Q114436417	6000000003772711144
Q114436506	6000000002709575998
Q114436508	4906267314890064181
Q114436512	6000000003614667833
Q114436518	6000000003615738966
Q114436534	6000000019196389792
Q114436631	6000000003563722975
Q114436632	6000000003552573185
Q114436634	6000000003552303299
Q114436647	6000000003563770462
Q114436650	6000000000984435988
Q114436652	6000000000984375580
Q114436653	6000000002761900856
Q114436655	6000000012210737455
Q114436656	6000000014232731931
Q114436658	6000000042172748971
Q114436922	6000000024931110853
Q114436925	6000000024931123003
Q114436954	6000000033538881353
Q114436955	6000000024931253107
Q114436982	6000000001180191170
Q114436992	6000000026506389661
Q114436993	6000000002799118834
Q114436994	6000000000321938407
Q114436997	6000000006444573887
Q114437293	6000000021438130734
Q114437326	6000000000638200765
Q114437359	6000000015595357105
Q114437361	5493207703440139874
Q114437430	6000000027720572288
Q114437505	6000000187470293863
Q114437507	6000000065241517928
Q114437515	6000000061990803824
Q114437518	6000000065241698833
Q114437537	6000000011415542011
Q114437538	6000000006110934990
Q114437539	6000000000133550562
Q114437544	6000000003941308720
Q114437556	6000000187474912840
Q114437559	6000000044703215830
Q114437561	6000000004047228692
Q114437562	6000000005223576552
Q114437563	6000000001427503699
Q114437565	6000000001427547310
Q114437566	6000000001180378802
Q114437569	6000000004047277257
Q114437574	6000000000896556401
Q114437575	6000000006931299778
Q114437575	6000000117737519865
Q114437598	4122961356710048286
Q114437671	6000000014200485797
Q114437675	6000000006775682363
Q114437711	6000000014200649040
Q114437941	6000000140442196839
Q114437943	6000000140442342829
Q114438174	6000000011022551652
Q114438254	6000000017231090784
Q114438333	6000000186088121219
Q114439169	6000000149912763871
Q114440318	6000000006788164774
Q114440343	6000000006788165688
Q114440457	6000000007086978336
Q114440468	6000000000777397984
Q114440602	303128771670004060
Q114440642	6000000010010550278
Q114440676	6000000011023156263
Q114440679	6000000010010337769
Q114440962	6000000023263349874
Q114440965	6000000011022605308
Q114441144	6000000020422566576
Q114441145	6000000001180247972
Q114441313	4626595619100039266
Q114441354	6000000010038947252
Q114441358	6000000010038780455
Q114441717	6000000003589557755
Q114441718	6000000043676943946
Q114441734	6000000018681034231
Q114441747	6000000018681693055
Q114442	6000000052006847995
Q114442401	6000000002649845920
Q114442402	6000000002649946928
Q114442448	6000000002649865860
Q114442450	6000000002649845776
Q114442451	6000000005760506595
Q114442504	6000000002649845782
Q114442516	6000000003200288729
Q114443334	6000000019545599506
Q114443345	6000000012576528688
Q114443404	6000000076793269840
Q114454886	6000000043921142755
Q114455273	6000000003405497176
Q114456	6000000016662758410
Q114456157	6000000037613607847
Q114457335	6000000016533255431
Q114457337	6000000013127435214
Q114457339	6000000004086446786
Q114457355	6000000079758397837
Q114457357	6000000079759555894
Q114457358	4605108419640127252
Q114457364	6000000000323985281
Q114457365	344903008380006724
Q114457376	344907211470004083
Q114457379	6000000004841079743
Q114457518	6000000016130294779
Q114457712	6000000147182794944
Q114457811	6000000029283008472
Q114457832	6000000018766656129
Q114458182	6000000081367361861
Q114458291	6000000002823143096
Q114458294	4053863782800029248
Q114458295	4053799582060031253
Q114458297	6000000002649969116
Q114458304	6000000002822856377
Q114458305	6000000002822790665
Q114458309	6000000083542325148
Q114458315	6000000034599874855
Q114458328	6000000001180191275
Q114458331	6000000001180233258
Q114458343	6000000003035510879
Q114458449	4406771114500019955
Q114458450	6000000002955240139
Q114458459	328065329130001139
Q114458479	6000000007097711846
Q114458491	6000000002906194510
Q114458493	6000000003403184041
Q114458585	6000000003772730453
Q114458586	6000000025426908835
Q114458588	6000000115981123843
Q114458615	6000000001596642370
Q114459955	6000000009598672915
Q114460	6000000025001970643
Q114460296	6000000081366083413
Q114471066	6000000000602922279
Q1144713	6000000049509563889
Q114472475	6000000017107320448
Q11447314	6000000075429619057
Q114474942	6000000003431231898
Q11447958	6000000012967697951
Q1144803	6000000010517241050
Q114482	6000000082140260979
Q114483605	6000000142638078919
Q1144884	6000000035048582285
Q11448949	6000000075345316224
Q114496	6000000092672863891
Q114496494	6000000194832408865
Q114496911	6000000076446648004
Q114496998	6000000194836710861
Q114497725	6000000187213521825
Q1144980	6000000025411629906
Q114498030	6000000172454597390
Q114498090	6000000010837927218
Q114498146	6000000121572300089
Q1144984	6000000068365552939
Q1145	6000000015740021051
Q114500368	6000000190226721885
Q114500485	6000000018638881384
Q1145021	6000000180472239872
Q1145029	6000000048537176149
Q114504790	6000000004095292480
Q114504803	6000000001541685233
Q114504814	6000000004094995422
Q114505238	6000000077762111362
Q114505302	6000000015586899625
Q114505386	6000000047072943951
Q11450544	6000000075422942848
Q114505527	6000000024874900478
Q114505537	6000000003594965592
Q114505586	6000000071610264120
Q114505826	6000000019188055715
Q114505831	6000000019188109368
Q114505837	6000000019188127495
Q114505839	6000000064389879043
Q114505876	6000000077999213061
Q1145068	6000000162630740822
Q114507608	6000000044063274086
Q1145083	6000000065054152993
Q1145104	6000000145254211821
Q11451699	6000000075505835884
Q11451708	6000000075344773865
Q11451719	6000000075344082278
Q1145197	6000000025751851227
Q114520352	6000000109797877822
Q1145222	6000000013611576212
Q1145235	6000000170427765920
Q114523729	6000000022772207155
Q1145241	6000000016922047111
Q1145244	6000000008520701157
Q1145279	6000000109270216912
Q1145333	6000000061114084053
Q114533320	6000000167610249892
Q1145353	6000000047978297928
Q1145379	6000000056709755963
Q1145402	6000000033594905185
Q1145407	6000000017513165186
Q1145430	6000000031480022219
Q1145528	6000000113600768832
Q1145529	6000000009968785316
Q1145542	6000000012658621907
Q1145545	6000000033134774023
Q1145558	6000000013900632519
Q114556	6000000033438021883
Q114557	6000000022892331202
Q1145577	6000000080743836968
Q114558	6000000031158371972
Q1145596	6000000066187736836
Q114559648	6000000002802307147
Q114560	6000000002765038971
Q1145600	6000000077470366587
Q114560090	6000000090017667036
Q1145608	6000000051688585205
Q1145613	6000000069185739821
Q1145616	6000000183573565822
Q1145621	6000000176468161826
Q114562112	6000000016047233993
Q114562892	6000000002908959752
Q114562898	6000000022204997425
Q114562920	6000000002908986834
Q114562992	6000000019908366107
Q114563599	6000000002908986841
Q114563780	6000000001186875270
Q114564106	6000000002325265167
Q114564150	6000000002325383665
Q114564955	6000000008660434271
Q114565030	6000000034045351673
Q114565106	6000000034030227430
Q114565154	6000000006775324926
Q114565155	6000000034056537703
Q114565219	6000000034056457742
Q114565323	6000000075588198874
Q114565351	6000000038999655144
Q114565401	6000000038310053463
Q114565615	6000000014993542606
Q114565823	6000000002908959775
Q114565823	6000000046071527316
Q1145662	6000000009205266401
Q114568402	6000000006775148976
Q114568479	6000000002042959474
Q114568539	6000000002043147123
Q114569090	6000000081273756861
Q114569281	6000000014924419549
Q114570741	6000000034030265445
Q114570941	6000000034030047563
Q114570953	6000000003076966517
Q114570955	6000000017891783083
Q114571030	6000000034030195598
Q114571067	6000000003075815497
Q114571255	6000000034053390448
Q114571306	6000000046072588194
Q114571355	6000000008753701197
Q114571452	6000000034053571221
Q114571545	6000000080012506842
Q114571666	6000000080012441897
Q114572123	6000000021850420350
Q114572543	6000000034032798737
Q114572687	6000000034046089367
Q114572879	6000000076003151908
Q114576	6000000024294670860
Q114576267	6000000017531163514
Q114576269	6000000001843177924
Q114576270	6000000001843177912
Q114576271	6000000001843177900
Q114576272	6000000001843177888
Q114576273	6000000007470356070
Q114576276	6000000007471028251
Q114576308	6000000034033944408
Q114576311	6000000007470616742
Q114576316	6000000001100791264
Q114576366	6000000003858547456
Q114576371	6000000003858720878
Q114576376	6000000017797585915
Q114576384	6000000004089608722
Q114576403	6000000001562880310
Q114576419	6000000010744259231
Q114577238	6000000026667287847
Q114578180	6000000034045507295
Q114578445	6000000080012048102
Q114579	6000000007014406373
Q114579139	6000000080011999075
Q114584683	6000000023993481936
Q114585889	6000000154653478850
Q114585911	6000000154654219920
Q114586271	6000000075954104895
Q114588228	6000000015539461434
Q114588263	6000000011294513707
Q11459	6000000028259747038
Q114592327	6000000020159266576
Q114592876	6000000025620715242
Q114592995	6000000007425370784
Q114593	6000000182331887822
Q114593283	6000000023072036395
Q114593324	6000000034044762568
Q114594359	6000000011296472012
Q114596005	6000000083007528896
Q114596176	6000000006667976712
Q114596274	6000000079148540857
Q114596484	6000000009696458839
Q114596562	6000000092351080876
Q114596594	6000000092349237340
Q114597211	6000000057948805861
Q1145987	6000000171056955331
Q114599	299520607750002743
Q114600441	6000000003308108753
Q114601098	6000000002814403043
Q114601989	6000000049444088043
Q114605	6000000179287881864
Q114607603	6000000002019840493
Q114607683	6000000154789626918
Q114607758	6000000002019849382
Q114608340	6000000044723504956
Q114608343	6000000149922487892
Q114609424	6000000020203871730
Q114609955	6000000022199353003
Q1146117	6000000016822071197
Q114612348	6000000022602532820
Q114613559	6000000022602828175
Q114613769	6000000024580661320
Q114613928	6000000006128552231
Q114614078	6000000024957797889
Q114614468	6000000069184599714
Q114615558	6000000035894879242
Q114615662	6000000011535648378
Q114616311	6000000013427741048
Q114616972	6000000069186298995
Q114617053	6000000088739192021
Q1146217	6000000009063124511
Q114625691	6000000008248568931
Q114626538	6000000013375077371
Q114626540	6000000013375089570
Q114626549	6000000131116230838
Q114626553	6000000008323574258
Q114626554	6000000003938274932
Q114626557	6000000003938274870
Q114626561	6000000003938274877
Q114626570	6000000000251872656
Q114626575	6000000000664373748
Q114626577	6000000002953406093
Q114627101	6000000002020566644
Q114627667	6000000022810531881
Q114628440	6000000055764536998
Q114628791	6000000055763778435
Q114628907	6000000055763882857
Q114630784	6000000016409411811
Q114634732	6000000088739260222
Q114634778	6000000002605652483
Q1146351	6000000010883293404
Q114637659	6000000003661214105
Q114637673	6000000013715719797
Q11463893	6000000037106846433
Q114638933	6000000182253035832
Q114638937	3158598
Q114641620	6000000090134387824
Q1146424	6000000043026376670
Q11464251	6000000015336609129
Q11464316	6000000032125146170
Q114643883	6000000007320848331
Q114646016	6000000016854136067
Q114648021	6000000029796730927
Q114650104	6000000083461782991
Q114650514	6000000025241336470
Q114650902	6000000002799125977
Q114651276	6000000002799130109
Q11465249	6000000020134532324
Q114655	6000000002764447491
Q114656	6000000023431529849
Q1146576	6000000007846546381
Q1146581	6000000178691414855
Q114659082	6000000023039142939
Q114660634	6000000015444929847
Q1146610	6000000036574378200
Q114662499	6000000125972727821
Q114663425	6000000041840391196
Q114668336	6000000022248971853
Q114669548	6000000034417586782
Q114670081	6000000025241727995
Q114673882	6000000046422696880
Q1146747	6000000027665296087
Q114676680	6000000024284465512
Q114676892	6000000024283019807
Q114679500	6000000001048828078
Q114679812	6000000007086422014
Q114679892	6000000015886959588
Q114680310	6000000186396292834
Q114680355	6000000186936893829
Q114682011	6000000024285374563
Q114682368	6000000044568572751
Q114683	6000000002764440169
Q114683996	6000000018328336658
Q114684112	6000000018328526323
Q114684481	6000000042486430933
Q114684597	6000000042486586825
Q114684669	6000000042486498009
Q114684738	6000000042486598122
Q114684872	6000000042486264590
Q114685	6000000140472517854
Q114685246	6000000042486335670
Q114685386	6000000014014410222
Q1146861	6000000166739980826
Q114686250	6000000042485860738
Q114686872	6000000010665663840
Q114687410	6000000014428644382
Q114687413	6000000003522713889
Q114687418	6000000013185823232
Q114687446	6000000014428574770
Q114687457	6000000003939254712
Q114687463	6000000003522912577
Q114687468	6000000008369935507
Q114687471	6000000000436354858
Q114690233	6000000111812706872
Q114691233	6000000187637831851
Q114692290	6000000014484482866
Q114694996	6000000012939184329
Q114695041	6000000072179449019
Q114695056	6000000031707323986
Q114695083	6000000001888946629
Q114702828	6000000008593142436
Q114703007	317704864250008527
Q114703870	6000000029874186420
Q114704013	6000000048751967915
Q114704163	6000000008572062834
Q114704165	6000000040907610391
Q114704170	6000000040907879862
Q114704171	6000000006252377710
Q114704174	6000000001737678973
Q114704327	6000000002007078824
Q114704328	6000000003076151917
Q114704703	6000000118408791842
Q114705407	6000000005005779014
Q114705413	6000000010837674343
Q114705415	6000000010837582934
Q114705728	6000000035175282058
Q114707	6000000013032113657
Q114708	6000000019554344782
Q114708531	351855094360012848
Q114708570	6000000007228699443
Q114708603	6000000014383533704
Q114708605	6000000001747862260
Q114708607	6000000011776916046
Q114708620	6000000010674809714
Q114708622	6000000000216084380
Q114708624	6000000000216058428
Q114708626	6000000000216066229
Q1147104	6000000074085769249
Q1147126	6000000066101687152
Q114713193	6000000007222848548
Q1147132	6000000058208539021
Q114718675	6000000022742238102
Q11471910	6000000020170521894
Q114725082	6000000016687741130
Q114725236	6000000016687434303
Q114725470	6000000004047263958
Q114725543	6000000012998028546
Q114726040	6000000044428638088
Q114726264	6000000027309982221
Q114726556	6000000007250101633
Q1147280	6000000188696683832
Q114728848	6000000178628132915
Q11473062	6000000129583209158
Q114731946	6000000038709789346
Q1147327	6000000021720500598
Q114734955	6000000196807686849
Q114734995	6000000196806024949
Q114735093	6000000196807770845
Q114736630	6000000015332646592
Q114738826	6000000004047117891
Q114738827	6000000018517928594
Q114739232	6000000102163303161
Q114742056	6000000012570275277
Q114743005	6000000013443125094
Q114743006	5263076275910072766
Q114743012	5263009537770021352
Q114743016	5262974862630101042
Q114743068	5263045903610120489
Q114743070	4382109992000016005
Q114743161	6000000009649284590
Q114743167	6000000029287049119
Q114743177	6000000029286663717
Q114743494	6000000172114393526
Q114743908	6000000000438007282
Q114743915	6000000003940545145
Q114743966	6000000003017340207
Q114744	6000000057379196908
Q114744044	6000000018779927947
Q114744049	6000000018780173050
Q114744052	6000000006444573739
Q114744057	6000000001759930201
Q114744093	6000000000966292103
Q114744104	5492699097750104073
Q114744113	6000000002905102568
Q114744117	6000000003747395891
Q114744204	6000000008935098604
Q114744207	6000000008935302767
Q114744214	6000000008935432235
Q114744223	6000000001363832641
Q114744266	6000000012214055572
Q114744286	6000000012214852350
Q114744287	6000000003938400584
Q11474430	6000000007325268278
Q11474436	6000000007336831594
Q114744502	6000000005679933002
Q114744504	6000000002076939083
Q114744504	6000000005739948158
Q114744786	5449110391780127147
Q114744794	6000000008128123938
Q114744798	6000000007501222950
Q11474484	6000000007325244244
Q114744882	6000000007086648497
Q114744883	6000000007086502306
Q114744886	6000000002930841183
Q11474565	6000000007325409235
Q114746323	6000000017187717305
Q114746354	6000000017187506996
Q114746359	6000000074593702921
Q114746589	6000000003858720543
Q114746596	6000000002676320883
Q114746790	349777071610011645
Q114746823	6000000000652561686
Q114746919	6000000012841512449
Q114746938	6000000012839702908
Q114747013	6000000012351577549
Q114747023	6000000032588936946
Q114747028	6000000006517482053
Q114747037	6000000003682106254
Q114747315	6000000013147996647
Q114747348	6000000013147660123
Q114747355	6000000013147996415
Q114747369	6000000013147773052
Q114747371	6000000024306641778
Q114747398	6000000024307063167
Q114747411	6000000024307242909
Q114747414	6000000024307210948
Q114749	385240598850012788
Q1147508	6000000009562006493
Q114751081	6000000068496958853
Q1147513	6000000048463303927
Q114751980	6000000011644860630
Q1147551	6000000070971653906
Q114757264	6000000010420911724
Q114757292	6000000010420892702
Q114758	6000000139602184949
Q114760879	6000000017868031403
Q114760883	6000000183156342900
Q114761056	6000000007107742475
Q114761064	6000000004229255446
Q1147611	6000000017008387511
Q114762042	6000000003514351103
Q114762045	6000000002799125306
Q114762069	6000000035633979928
Q114762115	6000000002799125314
Q114762321	6000000002799125319
Q114763513	6000000007075414165
Q114763517	6000000138768536940
Q114764541	6000000018904724145
Q114766593	6000000037345197549
Q114767365	6000000019173744384
Q114769721	6000000004089306064
Q114769994	6000000003674839916
Q114769996	6000000003674997460
Q114770281	6000000018503321815
Q114770282	6000000025397788672
Q114770283	6000000004592936342
Q114770284	6000000011584262435
Q114770286	6000000004592924655
Q114770294	2235542
Q114771131	6000000043440648293
Q114771136	6000000000908068162
Q114771138	6000000000908135090
Q114771143	6000000012400726492
Q114771147	6000000012400816221
Q114771193	6000000035760731872
Q114771198	6000000035760562141
Q114771202	6000000004533589344
Q114771207	6000000002646642730
Q114771214	6000000012015728432
Q114771222	6000000003399697955
Q114771385	6000000012524908978
Q114771386	6000000012524790382
Q114771388	6000000008541357564
Q114771390	6000000012524665755
Q114771762	6000000015156190407
Q11477177	6000000074747908126
Q11477187	6000000074716218137
Q114772021	6000000037345418183
Q114772058	6000000016373113202
Q114772148	6000000003077512308
Q114772644	6000000022977211172
Q114772652	6000000018159746157
Q114772655	6000000035869221418
Q114772663	4472612100230013751
Q114772667	6000000022977618166
Q114772671	6000000022977181814
Q114772677	6000000078766920334
Q114772678	6000000078767397999
Q114772683	6000000217801979850
Q114772687	6000000217802022838
Q114772689	6000000217802116837
Q114772695	6000000217802111825
Q114772698	6000000217802138855
Q114772699	6000000058509213059
Q114772701	6000000058509336880
Q114772705	6000000058509350977
Q114772711	6000000058509324923
Q114772720	6000000022671208621
Q114772720	6000000022671713866
Q114772766	6000000022977937942
Q114772871	6000000022968700821
Q114774079	6000000007472400928
Q114774337	6000000050582650068
Q114775088	6000000028202492306
Q114775600	6000000018867980289
Q114775674	6000000004594164986
Q114776415	6000000000696732418
Q114776416	6000000000696732246
Q114776422	6000000005018014449
Q114779319	6000000009753913497
Q114779390	6000000017963463614
Q114780650	6000000002566738510
Q114780663	6000000013810605283
Q114780720	6000000020802906827
Q114780722	6000000007187039838
Q114780736	6000000006442551177
Q114780794	6000000025875189653
Q114780801	6000000025874790308
Q114780804	6000000011309581140
Q114780805	6000000039913950652
Q114780857	6000000025875397525
Q114780985	6000000041694014885
Q114781041	5720846312090065074
Q114781200	6000000018833434927
Q114781364	6000000018834469151
Q114781479	6000000103748917831
Q114781984	6000000006964029348
Q114782238	6000000200332803821
Q114782399	6000000002905691414
Q114782401	6000000002905764095
Q114782402	6000000002905741137
Q114782403	6000000086011676045
Q114782405	6000000003040828717
Q114782418	6000000018237039869
Q114782419	6000000006442160621
Q114782450	6000000023923858371
Q114782463	6000000000658913048
Q1147825	6000000029778067174
Q114782724	6000000015116987873
Q114782746	6000000004654537005
Q114782748	6000000004654238557
Q114782795	6000000009958060542
Q114782810	6000000009428621435
Q114782813	6000000000732071768
Q114782815	6000000000732160620
Q114782838	6000000000969997768
Q114782881	6000000016756524075
Q114782883	6000000018500898150
Q114782891	6000000003301740365
Q114782898	6000000000721514039
Q114782899	6000000003441395374
Q114782929	6000000032081713867
Q114782932	6000000038969837493
Q114782938	6000000038970100096
Q114782981	6000000003195108822
Q114782987	6000000038969895450
Q114782989	6000000005799548978
Q114783284	6000000029327509068
Q114783287	6000000006967954765
Q114783298	6000000003525436684
Q114783336	6000000002789439575
Q114783346	6000000002789394979
Q114783362	6000000006968228306
Q114783383	6000000006967987401
Q114783443	6000000003939681181
Q114783451	6000000111009163959
Q114783538	6000000130279925921
Q114783563	6000000130280358823
Q114783566	6000000019507698964
Q114783566	6000000130280263848
Q114783569	6000000019508493242
Q114783574	6000000006785157491
Q114783687	6000000015755504145
Q114783885	6000000006947147596
Q114783886	6000000006947532027
Q114783958	6000000002897736248
Q114784145	6000000001343976429
Q114784188	6000000014506843013
Q114784321	6000000034216378734
Q114784371	6000000064194836868
Q114784413	6000000027327589166
Q114784439	6000000064177351891
Q114784619	6000000021062885210
Q114784619	6000000034216403746
Q114784668	6000000006969780509
Q114784674	6000000006969793572
Q114784677	6000000011011406166
Q114784679	6000000001383086783
Q114784691	6000000033747578928
Q114784692	6000000033747362870
Q114784697	6000000041061604098
Q114784737	6000000012785386249
Q114784976	6000000016323144626
Q114785215	6000000053758421013
Q114785222	6000000016384959048
Q114791	6000000076884837492
Q114793610	6000000017196440279
Q114794847	6000000001522323045
Q114794886	6000000001498893034
Q114795061	6000000015610446704
Q114795121	6000000015610757667
Q114795269	6000000014910636111
Q114795598	6000000017559966961
Q114795853	5216139833040107882
Q114795856	6000000022571837701
Q114795857	6000000022571993297
Q114795858	6000000019596988861
Q114795860	6000000037323895429
Q114796068	6000000035531546826
Q114796841	6000000017696708368
Q114797125	6000000002672316342
Q114797126	6000000008307973010
Q114797127	6000000002672339146
Q114797128	6000000002447160218
Q114797133	6000000002545922999
Q114797137	6000000000766103024
Q114797143	6000000020894612525
Q114797144	6000000018011057184
Q114797145	6000000018011046167
Q114797148	6000000035585357244
Q114797150	6000000014258674720
Q114797151	6000000014258889123
Q114797153	6000000000708454177
Q114797154	6000000000708185868
Q114797155	5685425334550121024
Q114797156	6000000003541252692
Q114797157	6000000015833933413
Q114797163	6000000000182046482
Q114797165	6000000041641273723
Q114797183	6000000023254412509
Q114797197	6000000023256738829
Q114797198	6000000023255560882
Q114797199	6000000003541252662
Q114797205	298093529480001711
Q114797206	6000000003513672929
Q114797207	5216241404950079641
Q114797208	5216307792880108076
Q114797209	6000000002447160242
Q114797296	6000000008010114298
Q114797302	6000000008035917587
Q114797303	6000000008035953011
Q114797304	6000000008010006015
Q114797306	6000000008010081632
Q114797307	6000000008010119515
Q114797312	6000000008538943013
Q114797313	6000000002724610103
Q114797315	6000000008539016536
Q114797317	6000000008024743452
Q114797318	6000000006176038884
Q114797385	6000000003938668945
Q114797387	6000000003939402932
Q114797388	6000000003938668939
Q114797432	6000000076263377847
Q114797434	6000000076263025949
Q114797435	6000000076262853886
Q114797436	6000000003939849476
Q114797438	6000000003937800811
Q114797439	6000000003938561628
Q114797440	6000000002447188921
Q114797440	6000000188047781894
Q114797445	6000000003938567308
Q114797457	6000000001540903500
Q114797458	6000000002653747793
Q114797459	6000000004237711961
Q114797461	6000000003074690537
Q114797462	5201158350800053023
Q114797463	6000000004375329022
Q114797464	6000000001540903549
Q114797472	6000000006440293432
Q114797474	6000000045524736891
Q114797475	6000000047932903109
Q114797476	6000000030949654683
Q114797477	6000000002143395506
Q114797983	6000000002467204157
Q114797984	6000000002447361476
Q114797997	323097663850004222
Q114797998	323096484030007640
Q114798001	6000000003177813314
Q114798002	6000000000712226198
Q114798013	6000000041999444023
Q114798014	6000000013782835532
Q114798022	6000000002447374721
Q114798027	6000000047146043835
Q114798036	6000000022513607099
Q114798037	6000000011091186690
Q114798038	6000000010807391960
Q114798040	6000000003388972353
Q114798048	6000000009793716871
Q114798056	6000000039612142051
Q114798756	6000000083395954765
Q114799316	6000000024518361742
Q114799352	6000000024518337803
Q114799412	6000000017708895753
Q114799733	6000000074785871339
Q1147998	6000000028908011502
Q114801223	6000000129437933097
Q114801347	4343562284110126056
Q114801941	6000000152382121983
Q114802	6000000016036450037
Q1148035	6000000017926230431
Q114804358	6000000150292460823
Q1148047	6000000002802409212
Q114804731	6000000021065586488
Q1148054	6000000029530354039
Q114808194	6000000079538273934
Q114809575	6000000020829411292
Q11481022	6000000070431261884
Q1148111	6000000097635227006
Q1148111	6000000201140112518
Q11481130	6000000075345129920
Q114812092	6000000008016849254
Q11481389	6000000075486175822
Q114820	6000000007648218479
Q114821573	6000000011550515473
Q114821913	6000000003615888294
Q114822037	6000000159852989902
Q114825550	6000000061831488917
Q114825854	6000000166534264953
Q114826299	6000000071641841904
Q114826843	6000000032814846512
Q1148281	6000000112582153821
Q114828445	6000000007464784383
Q1148285	6000000015844096393
Q114831114	6000000021675006441
Q114831117	6000000002209242650
Q114831120	6000000007661620751
Q114831181	6000000000117958175
Q114831198	6000000006110954253
Q114831424	6000000003615888277
Q114831485	6000000002701990756
Q114831485	6000000060904127998
Q114831666	6000000002390693536
Q114831721	6000000013925234554
Q114831725	6000000018473210259
Q114831727	6000000018472797434
Q114831728	6000000018473227314
Q114831732	6000000018650158313
Q114831733	6000000018647021018
Q114831734	6000000003615906565
Q114831735	6000000000709033090
Q114831736	6000000017729724814
Q114832025	6000000006440850551
Q114832034	6000000006441379920
Q114832059	6000000000293467893
Q114832193	6000000007351940417
Q114832194	6000000023546021584
Q114832211	6000000020776046778
Q114832211	6000000187427982856
Q114832214	6000000002545875893
Q114832264	6000000003939687069
Q114832275	6000000000293467911
Q114832277	6000000079057337848
Q114832278	6000000000251804161
Q114832279	6000000000251803700
Q114832293	6000000082344084020
Q114832295	6000000003942757709
Q114832297	6000000003076930999
Q114832303	6000000000293464801
Q114832315	6000000003938270387
Q114832319	6000000002030521853
Q114835876	6000000073336321306
Q114836170	6000000080412432556
Q11483651	6000000119477978903
Q114837271	6000000021631518153
Q114840235	6000000018779980522
Q114840263	6000000024789225271
Q114840862	6000000005250992536
Q114841048	6000000010684221611
Q114841606	6000000185548326312
Q114847659	6000000022770513064
Q114850416	6000000012267030683
Q114850443	6000000001342737278
Q114850522	5173836634430047841
Q114851	6000000017943956747
Q114852368	6000000197634938825
Q114853442	6000000015257698116
Q114853777	6000000025296227564
Q114853860	6000000035609236545
Q114854104	6000000148129436926
Q114854252	6000000017777777564
Q114858	6000000023418219914
Q1148591	6000000015268842268
Q114859521	6000000067140126064
Q114860043	6000000190578048833
Q114860120	6000000028895017049
Q114860182	6000000008439831675
Q114860768	6000000009849938995
Q1148610	6000000024899800844
Q114861050	6000000013219003291
Q114861055	6000000002858045245
Q114862691	6000000019909949500
Q114866	6000000002842091347
Q1148669	6000000071654048821
Q114867	6000000011123719215
Q114868103	6000000186331462851
Q114868163	6000000186423795822
Q114868563	6000000042377503918
Q114868654	6000000011271258215
Q114868687	6000000051076108901
Q1148690	6000000006967832100
Q114869274	6000000018658025029
Q114871236	6000000123939179833
Q114871573	6000000003941335180
Q114871947	6000000020724205578
Q114873860	6000000128614251821
Q114873879	5124609148870137770
Q114874065	6000000017312370588
Q114874069	6000000013755353071
Q114874070	6000000017311918978
Q114874072	6000000014108313621
Q114874073	6000000014153356323
Q114874074	6000000014153036785
Q11487409	6000000014040677074
Q11487537	6000000006727855680
Q114875579	6000000080795021920
Q114875864	6000000068866403010
Q11487591	6000000075484532861
Q11487617	6000000075484360904
Q11487634	6000000074733641852
Q114876821	6000000019291245236
Q11487694	6000000074733746827
Q114878655	6000000002703840049
Q114878678	6000000093071490821
Q114879	6000000015501102722
Q114879933	6000000005022711937
Q114880010	6000000009450596856
Q114880717	6000000186423920832
Q114881365	6000000000851745139
Q1148829	6000000018615139635
Q114889524	6000000057802231823
Q114890126	6000000133168450835
Q114890462	6000000017378473915
Q114890643	6000000032367682766
Q1148917	6000000020959102842
Q1148931	6000000009754892263
Q114893487	6000000018992432514
Q1148937	6000000070408432134
Q114893803	6000000018975946926
Q114893870	6000000023783103497
Q114893908	6000000037698119200
Q114894987	6000000031989601030
Q114896023	6000000090489084198
Q1148963	348385381510013462
Q1148970	6000000035824937066
Q114899032	363287984670004952
Q114899113	6000000043464467348
Q1148995	6000000068737495044
Q1148998	6000000009427845911
Q1148999	6000000017106386739
Q1149	6000000003923087311
Q114900288	6000000036232764977
Q114900626	6000000197932318827
Q114902	6000000028360386163
Q114902049	6000000003254560428
Q114903257	6000000018569859016
Q1149033	6000000008134939650
Q114903413	6000000071449343878
Q114903482	6000000071449956830
Q114905733	6000000014133822328
Q1149075	6000000001261073687
Q114909824	6000000010724837480
Q114911164	6000000157862606865
Q114914322	6000000182689268847
Q1149150	6000000074717771847
Q1149178	6000000075329340860
Q1149186	6000000074749206833
Q114918707	6000000077917539873
Q114919011	6000000030807020773
Q114920	6000000025126120420
Q114921395	6000000010180613046
Q1149239	6000000075329167983
Q114924268	6000000006128310415
Q114929851	6000000010692172862
Q114929901	6000000002765668632
Q114929963	6000000010971726914
Q114930726	6000000188477056821
Q114931864	6000000032418158618
Q1149350	6000000097113179947
Q114936560	6000000001670112104
Q114937064	6000000001669997424
Q114939796	6000000025399060257
Q114941171	6000000059231281970
Q114941384	6000000025398610335
Q114942023	6000000177176849856
Q11494241	6000000014925664968
Q114943150	6000000002111550218
Q1149441	6000000075345195837
Q114944466	6000000043056536654
Q1149445	6000000005598904630
Q114944980	6000000175467944864
Q114945681	6000000043056790333
Q114946786	6000000037716295980
Q114948603	6000000176916619827
Q114948876	6000000002184091055
Q114949111	6000000176914963889
Q114950486	6000000176914297966
Q11495065	6000000012368489981
Q114959120	6000000004959119018
Q114959253	6000000007256077239
Q114959349	6000000011017125572
Q11495938	6000000044227899980
Q114959429	6000000011585115530
Q114959467	6000000025605604304
Q114959876	6000000019794850044
Q114960213	6000000187018821843
Q11496032	6000000114072166840
Q114962	6000000052185558968
Q114964509	6000000021273198813
Q114965737	6000000097900626869
Q114965757	6000000004685313178
Q114967071	6000000011447957387
Q114968	6000000025075479759
Q114968005	6000000187180764822
Q114968134	6000000077901340038
Q114968526	6000000008863851930
Q114968796	6000000115856212823
Q1149705	6000000042966082939
Q114970685	6000000015953472988
Q114970954	6000000024773320718
Q114971414	6000000024773619826
Q114973192	6000000002834938162
Q1149737	6000000016064135512
Q114979025	6000000080961467850
Q114979172	6000000017727433093
Q114979465	6000000017727218438
Q114979676	6000000042865085527
Q114980661	6000000101076635838
Q114984749	6000000100921095725
Q114984924	6000000012798359239
Q114985046	6000000012798060574
Q1149854	6000000077990070846
Q1149862	6000000030620123686
Q114986411	6000000020704875984
Q114986519	6000000012999927543
Q114988768	6000000037613507890
Q114989095	6000000007097206659
Q1149915	6000000013642469334
Q114993	6000000178405440862
Q115000	6000000014027976220
Q1150033	6000000031759100332
Q115004308	6000000002765697375
Q115007544	4283733220020046156
Q1150081	6000000055735246277
Q115008218	6000000039930212846
Q115014983	6000000000897557587
Q115018	6000000034391258025
Q115018810	6000000038999310660
Q1150276	6000000075670277018
Q115028	6000000023377031530
Q115029143	6000000110447378863
Q115029224	6000000110441385888
Q115034927	6000000209607010822
Q115035738	6000000173622005939
Q1150358	6000000009796838324
Q115043431	6000000033399613188
Q115045942	6000000176323076900
Q1150461	6000000008179601581
Q115046570	6000000030918215174
Q115047070	6000000027006524945
Q115047869	6000000016303187598
Q115048308	6000000186871934832
Q115048980	6000000103481685069
Q115049	6000000035006389901
Q115051567	6000000017683299228
Q115051770	6000000032760411053
Q115053210	6000000013476300476
Q1150547	6000000009551705501
Q115055	6000000037800530982
Q115056010	6000000019749250691
Q115056029	6000000019749417688
Q115056046	6000000019749748225
Q115056206	6000000019749345211
Q115056420	6000000019022942492
Q115056429	6000000030691666450
Q115056831	6000000019022601620
Q115056841	6000000114587080845
Q115057506	6000000067835189119
Q115058555	6000000083889169958
Q115058592	4837141356460050661
Q115058979	6000000018616560483
Q115059118	6000000018616573519
Q115059169	6000000162350848821
Q115059323	6000000023123349701
Q115067	6000000067461181220
Q115072	6000000011581629878
Q1150721	6000000016943292794
Q1150810	6000000021105163985
Q115083	6000000011379649616
Q1150839	6000000178707542837
Q115088701	6000000015139119234
Q115088944	6000000076895755055
Q115088972	6000000076897307907
Q115090	6000000013106238147
Q115091530	6000000190226832855
Q115091582	6000000016071144745
Q115091931	6000000003763397319
Q115092082	6000000024563191869
Q115092394	6000000003980433243
Q115092773	6000000015549498002
Q115094986	6000000044034693921
Q115097	6000000011393065022
Q1151	6000000015729227750
Q115101288	6000000022672155672
Q115103	6000000022010822564
Q1151030	6000000074354042105
Q115103948	6000000141559066849
Q115105067	6000000002893545812
Q115107805	6000000176142392822
Q115110264	6000000189256189897
Q115111057	6000000009649150282
Q115112491	6000000026978742586
Q115112517	6000000009306028919
Q115113354	6000000225021545828
Q115114	6000000013101533725
Q115114157	6000000008502413879
Q115114372	6000000044169362963
Q115114582	6000000038643653821
Q115114928	6000000020602362306
Q115116732	6000000017242044258
Q115117082	6000000010111416666
Q1151173	5260701995630036848
Q115118426	6000000012697554570
Q115120588	6000000014471198278
Q115121925	6000000042372589263
Q115122375	6000000020802366676
Q115123418	6000000175907220935
Q115123893	6000000001770742092
Q115123916	6000000006135957250
Q1151253	6000000006101391292
Q115125342	6000000103773776069
Q115125378	4342641698500041647
Q115125380	6000000103774314844
Q115125399	6000000022141374557
Q115125489	6000000036002098340
Q115127862	6000000141558864881
Q115128209	6000000081536289291
Q115129305	6000000035698826812
Q115129563	6000000024620871163
Q115130012	6000000023266994973
Q115130543	6000000047935875276
Q115130869	6000000002894961280
Q115131066	6000000003119350820
Q115131400	6000000006113982356
Q115132150	6000000187026617875
Q1151341	6000000014627174170
Q115134282	6000000023516714028
Q115134340	6000000023483010791
Q115135961	6000000165816465903
Q1151372	6000000008482300679
Q115137645	6000000020613155327
Q115139908	6000000186761258918
Q115139919	6000000186673167848
Q11514039	6000000012155763012
Q115141346	6000000024039024174
Q115141468	6000000011289096203
Q115141755	6000000011288976340
Q115141911	6000000006724730601
Q115143297	6000000007520326239
Q11514475	6000000012157331214
Q115144790	6000000003171562839
Q115144976	6000000019176484570
Q1151450	6000000013268212277
Q115146015	6000000005099377551
Q115147416	6000000027229774078
Q115149660	6000000037932011182
Q115149801	6000000037931950100
Q115150417	6000000037931749310
Q115150647	6000000037879585989
Q115150993	6000000002802312388
Q115151356	4469100230350032588
Q115151627	6000000002802307172
Q115151643	6000000099939300821
Q11515267	6000000012212307688
Q115155945	6000000004884078293
Q115158158	6000000025457331009
Q115163473	6000000001324948294
Q115163495	6000000031640123900
Q115163517	6000000001354521458
Q115163741	6000000008644681476
Q115164	6000000024539517083
Q115164470	6000000188696871822
Q115164474	6000000188697143821
Q115164528	6000000014419168188
Q11516589	6000000014947353083
Q115166356	6000000008527396493
Q115166357	6000000005607082913
Q1151680	6000000075346367844
Q115168783	6000000080864340042
Q115169868	6000000012776307631
Q115171826	6000000010273274124
Q1151763	6000000180671007899
Q115177155	6000000026066039576
Q11517716	6000000111822778822
Q115177172	6000000026066401596
Q11517744	6000000052182360877
Q115177594	6000000007241955935
Q115177598	6000000024184017163
Q115178502	6000000002722228493
Q115180983	6000000040076014277
Q115181431	6000000145957517945
Q11518150	6000000033372034853
Q115182662	6000000002290009007
Q115182719	6000000013080953267
Q115182858	6000000018761353681
Q115183587	6000000224496946850
Q115184	6000000007014427922
Q1151854	6000000017594525941
Q115189043	6000000000421508732
Q115190618	6000000031949588614
Q115190618	6000000042873264165
Q115190719	364408151370007582
Q115190970	6000000016359584704
Q115191043	6000000032702479935
Q115192507	6000000081752095076
Q1151928	6000000084124600458
Q115193125	6000000023808474696
Q1151944	6000000025071931909
Q115196863	6000000187665416836
Q115197182	6000000187666618854
Q1151979	6000000029957721764
Q115198546	6000000057089475828
Q115198602	6000000075406095113
Q115203635	6000000058150923050
Q115203857	6000000011815248220
Q115205300	6000000068479909123
Q115205507	6000000000526798840
Q115205541	6000000000528855541
Q115205551	6000000011534606666
Q115205570	6000000000451743328
Q115205579	6000000000528991321
Q115205618	6000000011814380848
Q115205620	6000000007043896541
Q115205731	6000000015605199693
Q115205743	6000000031645629884
Q115205761	6000000000598771861
Q115205890	6000000000526808813
Q115206020	6000000002894878914
Q115206094	6000000000527425025
Q115206101	6000000002894756257
Q115206475	6000000040991633045
Q115206486	6000000186961775825
Q115206510	6000000002951149012
Q115206550	6000000186423647881
Q115206554	6000000186423838869
Q115206566	6000000186961723832
Q115206576	6000000036504932840
Q115206705	6000000020525438144
Q115206899	6000000174650548824
Q115207255	6000000114807181970
Q115207727	6000000017432211532
Q1152083	6000000155801135827
Q115208818	6000000033557202887
Q115208884	6000000000700894423
Q1152092	6000000145522245960
Q115209706	6000000130141614987
Q115209820	6000000033525342989
Q115210977	6000000186465584811
Q115211428	6000000033816557096
Q115211519	6000000060707231932
Q115211989	6000000034263094157
Q115215466	6000000024401927568
Q115215625	6000000078567740428
Q115215940	6000000054479961823
Q115217622	6000000040278110902
Q115219619	6000000025621140792
Q115219620	6000000025065828295
Q115222611	4031954891750011134
Q11522382	6000000075337494998
Q11522427	6000000075425299889
Q11522447	6000000075425356920
Q11522470	6000000075424339138
Q11522504	6000000075425252945
Q1152252	6000000013925055516
Q11522549	6000000074711976980
Q1152256	6000000015316816297
Q11522560	6000000075425518858
Q11522562	6000000047808742163
Q115229231	6000000031645428219
Q115232126	6000000018066707906
Q11523469	6000000002777151079
Q115235475	6000000181922427822
Q11523590	6000000074757950864
Q1152362	6000000004543964307
Q115238811	6000000043363896972
Q115239075	6000000000788186411
Q1152395	6000000085604867999
Q115239810	6000000032890724746
Q115243247	6000000040075954348
Q1152442	6000000037566394024
Q115247522	6000000015751807842
Q115247570	6000000010809448059
Q115247930	6000000010354030119
Q115249927	6000000001849202507
Q115250611	6000000081357230837
Q115251422	6000000004967776002
Q115254388	6000000031699582168
Q115254412	6000000031699533222
Q115254420	6000000039860090186
Q115254529	6000000031698961465
Q115254839	6000000078884397038
Q115255981	6000000058552311914
Q115256024	6000000171723276833
Q115256151	6000000031001780333
Q115257597	6000000184641392821
Q115260437	6000000007624941442
Q115260573	6000000024681807949
Q115264051	6000000053907992887
Q115264329	6000000151101197822
Q1152648	6000000001925062483
Q115267672	6000000068480857020
Q115267693	6000000189014201834
Q115267695	6000000107746866922
Q115267737	6000000034499886916
Q115269425	6000000023474117396
Q115270	6000000025094460902
Q115271050	6000000070765162825
Q115271166	6000000069055293122
Q115271247	6000000069046671937
Q115271315	6000000043489875915
Q115271365	4443383
Q115271675	6000000015751911350
Q115272072	308338006670001449
Q115272382	308338332860004357
Q115272472	308337552020008286
Q115272472	6000000188707399843
Q115273031	6000000043490848992
Q1152755	6000000075345205829
Q115275656	6000000195691986862
Q115275983	6000000180094880839
Q115276000	6000000183648799822
Q115276039	6000000180106450833
Q115276046	6000000180093689901
Q1152762	6000000075344550100
Q115277784	6000000015346460403
Q115277784	6000000046096998340
Q115277901	6000000015346471297
Q115277941	6000000015346338988
Q115278516	6000000015346347516
Q115278516	6000000044792012846
Q115279534	6000000017970439411
Q115279972	6000000176052949841
Q115280361	6000000024448273040
Q115280764	6000000025361489261
Q115280805	6000000019893462997
Q115281574	6000000035878363995
Q115281576	6000000035880453386
Q115281694	6000000078050279821
Q115281810	6000000019236498801
Q115282000	6000000044797635191
Q115283040	6000000011422833942
Q115283408	6000000212965627822
Q115283620	6000000014877282519
Q115283922	6000000006439725349
Q115283925	6000000000475116140
Q1152840	6000000020533303945
Q115284104	6000000019567395081
Q115284185	6000000011422496580
Q115284296	6000000019627014106
Q115284302	6000000019567119672
Q115284354	5537653988790114311
Q115284399	6000000019567263420
Q115284433	6000000001794878451
Q115284436	6000000009153844425
Q115284437	6000000019567110588
Q115284455	6000000016650183969
Q115284466	6000000003076231397
Q115284500	6000000086377300856
Q115284509	6000000016650173841
Q115284818	6000000009463516417
Q115284822	308256371220003848
Q115284833	6000000084650199035
Q115285237	6000000042255417167
Q115285851	6000000017894146155
Q115285902	6000000180139383869
Q115286439	6000000007440333013
Q115286463	6000000009948239963
Q115286474	6000000005751843184
Q115286475	350742815380006322
Q115286480	6000000003076892146
Q115286523	292053623410007555
Q115286611	6000000134350408902
Q115286636	6000000013204897681
Q115286641	6000000013204950615
Q115286642	6000000013205001301
Q115286643	6000000000426691334
Q115286644	6000000000426690954
Q115286651	6000000007324054298
Q115286748	6000000007234748334
Q115286750	6000000007236121257
Q115287054	6000000000421508947
Q115287055	6000000006591571894
Q115287162	6000000007234898332
Q115287164	6000000000619460571
Q115287292	6000000000834280723
Q115287333	6000000015694283871
Q115287334	6000000015694485592
Q115287341	6000000082979708312
Q115287343	6000000024269528927
Q115287344	6000000008572783898
Q115287950	6000000015255350676
Q115288154	6000000064701005913
Q115288465	6000000206487286821
Q115288515	6000000003150159270
Q115294038	6000000005771899228
Q1152944	6000000079213906955
Q1152965	6000000211834536822
Q115296928	6000000077107989831
Q115296941	6000000155695359821
Q115297112	6000000176284670859
Q115297198	6000000014035442757
Q115297226	6000000176284972842
Q115298136	6000000018462191090
Q115298162	6000000038843824894
Q115298218	6000000014694821586
Q115298244	6000000014694861607
Q115298284	6000000014694762849
Q115298394	6000000014694531000
Q115298396	6000000014694530989
Q115298516	6000000013112911934
Q115298587	6000000002320709155
Q115298639	6000000002027064426
Q115298660	6000000002027166004
Q115298737	6000000014195245291
Q115298759	6000000014194960648
Q115298801	6000000014195375754
Q115298831	6000000101315357966
Q115298876	6000000003578943636
Q115298881	6000000078123731755
Q115298889	6000000003579085139
Q1153004	6000000029245069652
Q115301091	6000000014198548272
Q115301447	6000000033243301330
Q115301500	6000000033243955086
Q115301564	6000000033243055535
Q115302072	6000000046281650120
Q115302317	6000000033244292011
Q115302601	6000000033244491866
Q115302827	6000000033253535155
Q115303585	6000000011815206203
Q115303669	6000000033243364161
Q115304294	6000000033243344598
Q115304324	6000000033243559032
Q115305342	6000000176283381945
Q115305508	6000000176285232837
Q115308420	6000000022259823404
Q115308531	6000000022257546655
Q115308701	6000000006788923812
Q115309233	6000000007794096309
Q115311621	6000000000298407389
Q115322056	5346946192500106065
Q115322540	6000000006792017069
Q115322766	6000000025758152251
Q115322876	6000000000380052107
Q115323043	6000000001889000038
Q1153232	6000000056267540116
Q115323570	6000000096833982020
Q115324283	6000000010946728005
Q115324353	6000000000502430021
Q115324467	6000000002344652512
Q115324508	6000000137555169943
Q115324671	6000000000528820858
Q115324680	6000000000528746906
Q115324689	6000000000528786659
Q115324703	6000000000528426290
Q115324710	6000000000528979106
Q115324719	6000000000527881836
Q115324726	6000000011534750430
Q115324758	6000000075231629834
Q115324810	6000000012119505691
Q115324853	6000000004829103027
Q115324933	6000000003232996683
Q115325091	6000000003200098728
Q115325092	6000000005014860666
Q115325095	6000000003268215571
Q115325138	6000000016050357592
Q115325878	6000000065162635896
Q115325914	5299596539920060756
Q115325982	6000000009545358159
Q115326085	6000000178257458841
Q115326202	6000000039640958836
Q115326209	6000000043632435882
Q115326213	6000000043632272945
Q115326232	6000000060709556848
Q115326247	6000000012597979773
Q115326248	6000000173032137073
Q115326250	6000000000629141989
Q115326250	6000000173032518823
Q115326348	6000000017559049455
Q115326510	6000000001846120753
Q115326555	6000000021000469349
Q115326558	6000000027505320900
Q115326565	6000000078930552127
Q115326569	6000000017983719739
Q115326574	6000000017984274188
Q115326583	6000000006271401122
Q115326646	6000000032908589903
Q115326680	6000000005441777506
Q115326681	6000000002931119544
Q115326757	6000000081035476823
Q115326839	6000000017825637326
Q115326871	6000000017984084588
Q115326879	6000000027505189776
Q115326907	6000000017984185326
Q115326940	6000000017984171463
Q115326942	6000000001481349236
Q115326988	6000000003953979955
Q115327033	6000000002820194376
Q115327199	6000000135717825176
Q115327293	6000000028336649200
Q115327324	6000000000908876404
Q115327326	6000000002427687977
Q115327327	6000000002341991935
Q115327330	6000000002341991307
Q115327333	6000000004169217135
Q115327344	6000000000908876188
Q115327348	6000000000908880810
Q115327353	6000000000908882315
Q115327358	6000000000908885040
Q115327369	6000000000908888118
Q115327373	6000000000908882050
Q115327411	290496005350001450
Q115327413	290495691130002621
Q115327415	290499394150004320
Q115327420	6000000025890148997
Q115327421	6000000000216473266
Q115327422	6000000000216473307
Q115327468	6000000049898496916
Q115328	6000000004271255755
Q1153282	6000000175767546821
Q115331092	6000000030263460775
Q115331934	6000000019704509062
Q115331959	6000000196000438821
Q115332288	6000000196000287848
Q115333	6000000003300088986
Q1153333	6000000075346412834
Q115335625	6000000031701719799
Q115335889	6000000189098039944
Q115335960	6000000189099412821
Q115336	6000000030769455223
Q115336826	6000000002649005287
Q115337177	6000000025745411264
Q115337181	6000000036774492224
Q115337224	6000000025745016630
Q115337232	6000000212844960821
Q115337426	6000000025745709300
Q115337429	6000000212845123835
Q115337454	6000000212845207857
Q115337454	6000000215793376854
Q115337460	6000000212845244843
Q115337517	6000000048751011935
Q115337517	6000000215793371821
Q115337521	6000000048751221899
Q115337636	6000000048751314821
Q115337888	6000000039878501040
Q115340660	6000000017835746072
Q115342	6000000081925876191
Q115342039	6000000026932544470
Q11534311	6000000074712865897
Q11534319	6000000075399042941
Q11534719	6000000074735282139
Q115347389	6000000000529087005
Q115347395	6000000000528829923
Q115347397	6000000000529090027
Q115347561	6000000185297394827
Q115348022	6000000017953302942
Q115348398	6000000000923064082
Q115348490	6000000006581620272
Q115348556	6000000013082666160
Q115348700	6000000014844179716
Q115348909	6000000000011038246
Q115349161	6000000036086841611
Q115349261	6000000000105427924
Q115349784	6000000003372377004
Q115349894	6000000008864636861
Q115350	6000000000941792171
Q115351075	6000000026405052373
Q115352175	6000000008439943653
Q115352314	6000000005944654028
Q115352517	6000000003264427385
Q115352523	6000000001212808819
Q115353019	6000000003076707457
Q115353259	5225418351570070103
Q115353268	6000000000097315004
Q115353269	6000000031965160735
Q115353303	6000000002677772321
Q115353359	6000000004985919930
Q115353367	6000000004986202119
Q115354177	6000000019704745021
Q115354252	6000000000898677300
Q115354257	6000000020059801915
Q115354801	6000000024760258251
Q115354838	6000000000774249043
Q115354844	6000000000774214373
Q115354863	6000000000652320153
Q115354947	6000000023743926123
Q115354956	6000000058020921282
Q115354970	6000000023744049986
Q115354973	6000000064115869891
Q115355289	6000000011914070227
Q115355460	6000000020947531466
Q115355463	6000000020947505665
Q115355463	6000000077862049537
Q115355572	6000000020947837906
Q115355625	5563379793080043992
Q1153582	6000000018040260068
Q1153583	6000000009130851051
Q115358532	6000000023982335181
Q115359131	6000000176283807887
Q115359386	6000000172017250215
Q115359456	6000000176284023882
Q115359982	6000000176285119853
Q115361352	6000000176282760919
Q115363209	6000000035346644560
Q115365001	615531
Q115367633	6000000000087130984
Q115367792	6000000024505541785
Q115368194	6000000009647265253
Q115368201	6000000024520950479
Q115368240	5299886856830050594
Q115368705	6000000045324298107
Q115368708	6000000069467313192
Q115368839	6000000007614097588
Q115370	6000000030793581392
Q115370607	6000000013969886786
Q115370724	6000000061520260854
Q115372021	6000000000646600183
Q115374106	6000000006208288146
Q115375081	6000000090661394893
Q115375570	6000000003479780853
Q115376212	6000000037344021309
Q115376341	6000000009649304931
Q115376408	6000000018175421328
Q115377	6000000016674139612
Q115377964	6000000011330052267
Q115378091	5551803231450120429
Q115378157	6000000000666940628
Q115378325	6000000017939068941
Q115378382	6000000008723593149
Q115378474	6000000077658864482
Q115378693	6000000016451476348
Q1153790	6000000005406631159
Q115379376	6000000015265407717
Q115379428	338650411360001516
Q115379760	6000000060822616950
Q115379777	6000000181970181875
Q115379833	6000000003935411831
Q115379887	6000000181978541928
Q115380063	6000000181987830830
Q115380168	6000000181988369823
Q115380198	6000000033185434209
Q115380221	6000000001556282357
Q115380223	6000000002603459111
Q115380814	6000000025415787046
Q1153818	6000000030400051029
Q1153831	6000000032489016572
Q11538361	6000000075483206836
Q115386134	6000000007977646375
Q115386489	6000000121905923042
Q115389162	6000000011736598702
Q1153913	6000000051192269034
Q1154040	6000000081782562568
Q11540444	6000000032124664583
Q1154079	6000000016795379854
Q115408823	6000000081126420144
Q115408823	6000000174676471005
Q115410394	6000000026550759121
Q11541089	6000000074732804185
Q115410967	6000000083866040989
Q11541113	6000000074746948030
Q115411587	6000000022134939265
Q115411601	6000000009514497080
Q115411642	6000000004882539437
Q115411654	6000000004882516408
Q115411655	6000000000582920089
Q115411686	6000000018789537497
Q115411756	6000000003344629417
Q115411764	6000000001091596163
Q115411836	6000000023190603399
Q115411837	6000000023190678988
Q115411861	6000000030641384852
Q115411864	6000000002580405642
Q115411866	6000000003938748532
Q115411867	6000000003938748520
Q115412216	6000000001843180860
Q1154197	6000000169697113032
Q115427256	6000000142649538857
Q1154290	6000000024305391836
Q1154331	6000000145332002960
Q1154378	6000000070981395104
Q115440267	6000000033318484872
Q115441125	6000000002289970966
Q1154440	6000000033378108988
Q115448	6000000029299100680
Q115450087	6000000038776830050
Q115451737	6000000045737988418
Q115453475	6000000031703035207
Q115453487	6000000031703513042
Q115453495	6000000031702258660
Q115453501	6000000031703831870
Q115453510	6000000031703434066
Q115453515	6000000031703874837
Q115455011	6000000031700018960
Q115455023	6000000010805476922
Q115455044	6000000001506103012
Q115457601	6000000013293301149
Q115459949	6000000015983942308
Q115462003	6000000018157119862
Q115462270	6000000017883241976
Q115466175	6000000031703843830
Q115466528	6000000006851857462
Q115466964	5051626679930039310
Q115470	6000000029295498417
Q115470790	325668324410002217
Q11547092	6000000049444249543
Q11547092	6000000075346323867
Q11547093	6000000075346138988
Q115471	6000000065445729907
Q115471295	6000000007707944648
Q115471418	6000000018958663014
Q115472	6000000003171704512
Q115472120	6000000003520589353
Q115472196	6000000009451413352
Q115472336	6000000084236506111
Q115472762	6000000148473449821
Q115473464	6000000004828578935
Q115473737	6000000024988046046
Q115474431	6000000205236364905
Q115475	6000000029325653148
Q115475091	6000000009152603012
Q115475155	6000000010404161735
Q115475194	6000000010404487506
Q115475243	6000000010122039232
Q115475447	6000000017659445744
Q115475459	6000000017916030585
Q115475523	6000000017660049455
Q115475712	6000000050794709864
Q115475816	6000000204645948854
Q115476643	6000000026356000054
Q115476955	6000000020802454070
Q115477	6000000001569907084
Q115477103	6000000020501725485
Q115477561	6000000032891669573
Q115477727	6000000083372554363
Q115477740	6000000189326308827
Q115478	6000000029781361327
Q115478069	6000000018698347505
Q115478196	6000000107715927996
Q115478280	6000000020637310523
Q115478336	6000000008586526197
Q115478400	6000000035326614032
Q115478424	6000000028240856525
Q115478527	5309926066720025218
Q115478576	6000000003781638189
Q115478582	6000000010312162320
Q115478588	6000000017937638978
Q115478872	6000000022515848778
Q115478972	6000000006705423489
Q115478985	6000000000390782818
Q115479044	6000000031388908696
Q115479157	6000000016443588014
Q115479206	6000000008616155432
Q115479275	6000000002916921249
Q115479429	6000000006114076807
Q115479562	6000000007055993206
Q115479706	6000000004686452198
Q115479798	6000000033040848865
Q115480181	6000000018896590877
Q115480195	6000000187351441845
Q115480360	6000000017295735348
Q115480500	6000000187351678830
Q115480506	6000000187351536832
Q115480541	6000000055300835822
Q115480579	6000000189115136883
Q115480580	6000000189115327875
Q115480582	6000000189304135848
Q115480589	6000000189115737828
Q115480725	6000000189304291854
Q115481105	6000000050640424949
Q115481251	6000000189265115823
Q115481258	6000000189264731876
Q115481262	6000000189264914847
Q115481266	6000000189264976837
Q115481269	6000000173176551572
Q115481441	6000000100337225821
Q115481574	6000000007228534210
Q115481621	6000000007269494854
Q115482550	6000000002924598312
Q115482600	6000000002561790515
Q115482901	6000000006354659016
Q115483	6000000062591495848
Q115484810	6000000143231412822
Q115486735	6000000048535893956
Q1154873	6000000003986236646
Q115487578	6000000008322614385
Q115490	6000000024613268256
Q115490114	6000000189333860828
Q115490439	6000000009305067453
Q115490803	6000000006761101645
Q115493287	6000000000320136835
Q115493331	6000000004229255425
Q115493336	6000000005003671543
Q1154954	6000000021915725964
Q115496668	6000000042921173004
Q1155043	6000000033817257069
Q115506538	6000000023087502036
Q115511169	6000000081732036205
Q115512800	6000000031645631923
Q115513006	6000000094914447070
Q115513055	6000000189348095823
Q115515704	6000000189367084825
Q115515707	6000000189366643879
Q115515709	6000000189367175830
Q115515711	6000000189366917862
Q115515713	6000000189367077854
Q115516926	6000000016438244724
Q115517153	6000000048712695329
Q115517259	6000000003596183033
Q115517524	6000000003596183364
Q115517784	6000000016438171846
Q115520073	6000000041697789141
Q115520104	6000000025227103483
Q115520811	6000000041857607069
Q115523744	6000000008355900475
Q115525	313669660630001372
Q1155252	6000000178259983852
Q115525423	6000000049849512609
Q115527171	6000000189268663822
Q115527399	6000000026389956920
Q115527405	6000000018798704340
Q115531579	6000000001939958138
Q115531855	6000000001939711539
Q115532600	6000000032390606031
Q115532606	6000000008373808149
Q115532711	6000000022682588329
Q11553275	6000000007325238539
Q115533371	6000000105828075833
Q115533905	6000000042348569954
Q115533929	6000000092469444821
Q115534275	6000000066984549833
Q115536635	6000000025413394463
Q115537178	6000000031645285546
Q115537183	6000000002860914430
Q115537187	6000000006117844991
Q115537202	6000000006881370320
Q115537225	6000000009487108604
Q115537228	6000000002946704481
Q115537230	6000000002447369414
Q115537233	6000000006119849282
Q115537300	6000000000966301263
Q115537302	6000000002498462212
Q115537303	6000000002531814811
Q115537303	6000000199756027549
Q115537348	6000000002906484052
Q115537349	6000000003146973580
Q115537350	6000000003146973567
Q115537354	6000000003146973555
Q115537355	6000000003146973545
Q115537357	6000000003146973535
Q115537361	6000000000229597663
Q115537369	6000000051823982924
Q115537370	6000000169707511562
Q115537371	6000000000529905997
Q115537374	6000000078680452926
Q115537375	6000000023757692520
Q115537377	6000000023700373850
Q115537401	6000000017258660718
Q115537405	6000000017258770213
Q115537407	6000000000859002001
Q115537408	6000000003264500388
Q115537464	6000000003410968106
Q115537465	6000000001219986142
Q115537467	6000000001212869163
Q115537469	6000000001208976603
Q115537532	6000000003939228408
Q115537533	6000000003939228249
Q115537536	6000000003939228156
Q115537541	6000000003939228165
Q115537542	4987326061280020891
Q115537556	6000000000409687100
Q115537558	6000000002773661153
Q115537560	6000000002773515573
Q115537562	6000000003077358812
Q115537563	6000000002303471523
Q115537570	4777084748580075559
Q115537616	6000000007820552537
Q115537632	6000000002950483392
Q115537633	6000000001207509441
Q115537648	6000000031325633979
Q115537655	6000000003147079847
Q115537657	6000000003147079886
Q115537658	6000000003076679262
Q115537665	6000000033452273145
Q115537666	6000000033451671624
Q115537668	6000000033452134937
Q115537669	6000000003147053451
Q115537670	6000000001383769480
Q115537675	6000000000900706052
Q115537676	6000000000714665721
Q115537688	302601326890002902
Q115537689	6000000000714782461
Q115537692	6000000005808258001
Q115537754	6000000003150085242
Q115537761	6000000006158527670
Q115537768	6000000006158368793
Q115537773	6000000006158913154
Q115537776	6000000006159005106
Q115537779	6000000006158788273
Q115537782	6000000003147043501
Q115537806	6000000028283256491
Q115537806	6000000035636964872
Q115537840	6000000028283360846
Q115537840	6000000035635583766
Q115537863	6000000028283543169
Q115537867	6000000000156792325
Q115537870	6000000028754729061
Q115537871	6000000008925582643
Q115537872	6000000004994125203
Q115537874	6000000000095829307
Q115537877	6000000003937836340
Q115537883	6000000001727272028
Q115537886	6000000000426816087
Q115537900	6000000028283202293
Q115537900	6000000035636218162
Q115537904	6000000028283078189
Q115537907	6000000028283057365
Q115537910	6000000028282870314
Q115537912	2087050
Q115537915	390291261850010662
Q115537919	6000000016214332331
Q115538012	6000000002950432578
Q115538013	6000000002950427639
Q115538034	6000000093784963821
Q115538036	6000000003146973889
Q115538038	6000000006442765124
Q115538048	6000000006450602287
Q115538052	6000000003077281911
Q115538054	6000000003939027890
Q115538055	6000000003939027897
Q115538056	6000000003490621211
Q115538058	6000000001324058748
Q115538166	6000000000664498255
Q115538168	6000000003146904881
Q115538169	6000000026378879907
Q115538171	6000000002930946517
Q115538315	6000000017876738422
Q115538316	6000000024929354868
Q115538317	6000000024930481193
Q115538318	6000000024931113364
Q115538319	6000000024931683019
Q115538327	6000000024931631364
Q115538329	6000000001383769460
Q115538384	6000000014452253360
Q115538419	6000000014452466144
Q115538422	6000000044063677281
Q115538426	6000000181555185839
Q115538427	6000000145104104827
Q115538433	6000000003939099247
Q115538445	6000000014452340106
Q115538446	6000000023901728449
Q115538447	6000000014452464345
Q115538448	6000000014452489396
Q115538449	6000000014452189543
Q115538450	6000000009535665583
Q115538454	6000000006597593521
Q115538456	6000000022658907484
Q115538457	6000000003937850321
Q115538459	6000000003937850314
Q115538460	6000000005222691082
Q115538461	6000000005222691089
Q115538467	6000000015694925192
Q115541	6000000008772312839
Q115543	6000000001352430530
Q1155439	6000000056865222194
Q115547	6000000017788793059
Q115548193	6000000189406944828
Q115548416	541017
Q115549830	6000000038944293879
Q115549845	6000000004079825868
Q115551589	6000000141423642846
Q115551706	6000000187649881909
Q115552071	6000000141423642828
Q115552180	6000000004079825771
Q115552977	6000000090375701915
Q115553032	6000000189423182851
Q115555797	6000000142069881017
Q115556200	6000000189429570842
Q115556213	6000000189428422911
Q115556229	6000000039007471121
Q115557355	6000000084661988407
Q115557365	6000000019043735353
Q115557598	6000000002090544681
Q115557743	6000000069853162239
Q115557868	6000000171483674869
Q115558611	6000000083749931051
Q115561399	6000000001959126819
Q115561400	6000000006443953120
Q115561460	6000000001589618841
Q115561463	6000000003942693277
Q115561472	6000000003076417750
Q115561481	6000000008897512523
Q115561525	6000000035704279219
Q115561529	6000000021964547646
Q115561536	6000000003940144657
Q115561540	6000000003937896263
Q115561592	6000000003147079870
Q115561767	6000000007417591114
Q115561783	6000000007454368364
Q115561787	6000000000266628727
Q115561788	6000000002677826700
Q115561839	6000000093378250508
Q115561843	6000000057965727917
Q115561847	6000000058377127919
Q115561852	6000000019859728346
Q115561855	6000000010808801062
Q115561870	6000000093380806864
Q115561874	6000000015593018952
Q115561879	6000000003077014039
Q115561889	6000000015593262110
Q115561966	6000000026923605401
Q115561969	6000000002338977726
Q115561969	6000000040124496377
Q115562472	6000000029860306139
Q115562475	6000000028535429860
Q115562477	6000000176012209986
Q115562483	371925875180004747
Q115562657	6000000023982978635
Q115562662	6000000022246130149
Q115562714	6000000022382111574
Q115562718	6000000022382122330
Q115562721	6000000008017853001
Q115562748	6000000002870159669
Q115562785	6000000005597209832
Q115562853	6000000002870175156
Q115562854	6000000028226117830
Q115562857	6000000004558468708
Q115562866	6000000002870176223
Q115562868	6000000002898046367
Q115563009	6000000020988081849
Q115563071	6000000012451837150
Q115563073	6000000012451546162
Q115563074	6000000006292869160
Q115563107	6000000017880276011
Q115563120	6000000017879784376
Q115563175	6000000034255886020
Q115563179	6000000085599262824
Q115563180	6000000085599068912
Q115563186	6000000003549219563
Q115563187	6000000006444711858
Q115563198	6000000016327943361
Q115563251	6000000002906883307
Q115563255	6000000003139326840
Q115563258	6000000003139397316
Q115563266	6000000003139412262
Q115563270	6000000028007942370
Q115563285	6000000003139308944
Q115563286	344531295610005257
Q115563287	6000000072982525941
Q115563444	6000000000921311230
Q115563451	6000000000921370115
Q115563456	6000000000921342377
Q115563457	6000000003513618723
Q115563501	6000000002684676373
Q115563507	6000000002684676404
Q115563513	6000000001599413871
Q115563570	6000000026177574288
Q115563592	6000000026177436318
Q115563599	6000000026177098314
Q115563603	6000000026177436307
Q115563948	6000000015697351081
Q115563950	6000000067635393870
Q115563952	4520336452930089817
Q115563953	6000000001382707364
Q115563954	4520261621300011551
Q115564708	6000000022786067951
Q115564798	6000000176664355821
Q115565367	6000000189367185830
Q115565369	6000000189115174901
Q115565404	6000000000941980706
Q115565426	6000000024168459015
Q115565436	6000000023388126726
Q115565446	6000000036563638512
Q115566363	6000000028083031481
Q115566397	6000000042331312287
Q115566397	6000000141419388824
Q115567042	6000000026587001986
Q115567082	6000000023388375543
Q115567098	6000000096517404247
Q115567226	6000000096520378855
Q115567233	6000000042331027605
Q115567335	6000000012664057815
Q115567340	6000000018002506086
Q115567342	360865346460004448
Q115567344	6000000000323075795
Q115567347	6000000002754043149
Q115567348	6000000000112100755
Q115567376	6000000042331086419
Q115567443	6000000002493390199
Q115567444	6000000001316395248
Q115567456	6000000002788520745
Q115567495	6000000008355926746
Q115567502	2131834
Q115567658	6000000009826724242
Q115567662	6000000009826290049
Q115567666	6000000001562931494
Q115567699	6000000063213058974
Q115567721	6000000009826346694
Q115567724	6000000082389971168
Q115567725	6000000006720045026
Q115567733	6000000020907798487
Q115567758	6000000040003608555
Q115567760	6000000040003488746
Q115567763	6000000040003706305
Q115567768	6000000103980804900
Q115567773	6000000040003468710
Q115567774	6000000038534315382
Q115567806	6000000010271418964
Q115567817	6000000010271596204
Q115567819	6000000010271535416
Q115567829	6000000010271461433
Q115567836	6000000010271435501
Q115567839	6000000010270746850
Q115567853	6000000010270756728
Q115567872	6000000010270836765
Q115567930	6000000001578832871
Q115567966	6000000114812308892
Q115567969	6000000069381260821
Q115567972	6000000008370626051
Q115571165	6000000012599029710
Q115571167	6000000003147154283
Q115571178	6000000059232808010
Q115571191	6000000011942375322
Q115571199	6000000003076377731
Q115571310	6000000007057915576
Q115571312	6000000013716698749
Q115571318	6000000007058368252
Q115571332	6000000003617602527
Q115571437	6000000091270301870
Q115572987	6000000001405393989
Q115572990	6000000003075791945
Q115572999	6000000001690061571
Q115573337	6000000004384382098
Q115573483	6000000006032576001
Q115573619	6000000079267104067
Q115573631	6000000076261405120
Q115573656	6000000005415156847
Q115573743	6000000005619508138
Q115573795	6000000003614578368
Q115573842	6000000027841560324
Q115573913	6000000001959660371
Q115573983	6000000045952238337
Q115573997	6000000008584606675
Q115574118	6000000013071852468
Q115574121	6000000008481004043
Q115574123	6000000008550036642
Q115574131	6000000002905144421
Q115574132	6000000006329534740
Q115574133	6000000005415038306
Q115574135	6000000007872632274
Q115574147	6000000074825133860
Q115574176	6000000000817311303
Q115574177	6000000000817282046
Q115574179	6000000002005852382
Q115574180	6000000003076288561
Q115574207	6000000013175311076
Q115574218	292060154850005954
Q115574292	6000000003074650695
Q115574294	6000000027620746494
Q115574295	6000000056233464955
Q115574296	6000000024305246113
Q115574372	6000000005415496636
Q115574373	6000000012503566906
Q115574376	6000000001958982812
Q115574383	6000000012503185140
Q115574385	6000000012502802193
Q115574387	6000000000426640853
Q115574432	6000000000640017140
Q115574537	6000000081312474473
Q115574540	6000000031665681954
Q115574583	6000000002872577104
Q115574586	6000000002872615317
Q115574588	6000000002872417751
Q115574598	6000000002872562230
Q115574665	6000000001690773077
Q115574666	6000000001690005845
Q115574667	6000000006879201740
Q115574757	6000000008365886255
Q115574759	6000000006444513155
Q115574785	6000000006290259457
Q115574787	6000000002905144526
Q115574822	6000000008354264783
Q115574826	6000000003513663851
Q115574924	6000000002033515458
Q115575007	6000000007980620233
Q115575020	6000000003681267279
Q115575022	6000000003523948056
Q115575059	6000000003681536180
Q115575061	6000000073640550454
Q115575067	6000000003681536156
Q115575169	6000000003635346759
Q115575170	6000000003178081390
Q115575171	6000000003187829938
Q115575177	6000000003681536222
Q115575180	6000000003681536204
Q115575181	6000000003681536192
Q115575206	6000000000921354465
Q115575209	6000000007456232281
Q115575217	6000000007043465629
Q115575218	6000000004078977746
Q115575241	6000000003936942243
Q115575244	6000000001694308595
Q115575275	6000000082023552188
Q115575277	6000000082024311138
Q115575293	6000000000175737627
Q115575294	6000000007542969223
Q115575389	6000000006827299256
Q115575390	6000000003187924247
Q115575405	6000000002686535582
Q115575405	6000000130280877829
Q115575413	6000000001831669399
Q115575414	6000000001434908532
Q115575415	6000000036969883829
Q115575448	6000000008439603886
Q115575464	6000000008162308747
Q115575473	6000000006348733364
Q115575477	6000000006767614474
Q115575479	6000000006740872847
Q115575482	6000000006444727776
Q115575614	6000000000383079041
Q115575618	6000000000383058114
Q115575619	6000000000336943872
Q115575647	6000000017797471065
Q115575647	6000000177758300905
Q115575648	6000000017797467165
Q115575648	6000000177757993904
Q115575704	6000000000998871619
Q115575707	6000000000793853106
Q115575709	6000000000793853057
Q115575711	6000000000804133220
Q115576020	6000000004077531650
Q115576149	6000000002838819486
Q115576769	6000000008922675667
Q115576802	4916203913780057576
Q115579484	6000000042329379941
Q115579496	6000000002663187784
Q115579501	6000000002663183415
Q115579522	1376932
Q115579629	6000000042330053381
Q115579640	6000000020828009095
Q115579645	6000000003340982935
Q115579667	6000000003340963341
Q115579826	6000000024613394910
Q115580018	6000000000350924610
Q115580021	6000000001100303446
Q115580027	6000000000435631593
Q115580031	6000000004229416876
Q115580057	6000000023481623006
Q115580060	6000000000180759070
Q115580378	6000000018010127286
Q115580387	6000000008307950876
Q115580402	6000000008307950760
Q115580650	6000000003177913588
Q115580704	6000000003940816500
Q115580722	6000000003940816472
Q115580729	6000000029182811988
Q115580731	6000000001034212274
Q115580767	6000000008260485606
Q115580775	6000000001121922097
Q115580824	6000000027562980041
Q115581003	6000000103506646891
Q115581869	6000000002641641040
Q115584547	6000000010783683706
Q115584547	6000000030184816889
Q115584619	6000000030184663045
Q1155859	6000000177764133823
Q115586899	6000000013527456173
Q115586978	6000000008630302713
Q115586983	6000000000118617481
Q115586998	6000000031279472195
Q115587002	6000000031279546007
Q115587021	6000000022423341496
Q115587026	6000000028750004445
Q115587032	6000000028829054781
Q115587034	6000000028857224539
Q115587036	6000000008630302906
Q115587043	6000000004086481167
Q115587557	6000000046338383031
Q115588691	6000000046290062862
Q115589174	6000000014677424243
Q115589849	6000000005085468294
Q115589903	6000000005085468289
Q115590092	6000000002452842982
Q115590098	6000000002501207007
Q115590128	6000000002902969841
Q115590130	6000000005017408222
Q115590132	6000000029404192239
Q115590234	6000000071450863162
Q115590318	6000000050878994838
Q115590726	6000000050910577265
Q115590755	6000000050911135870
Q115591244	6000000069051190844
Q115591329	6000000035732648125
Q115591329	6000000069050283968
Q1155918	6000000047232272821
Q115592	6000000003125059379
Q115592644	6000000032173679274
Q115592844	6000000017079478287
Q115594759	6000000196710232824
Q115595284	6000000002116032376
Q115595616	6000000010336560591
Q1155960	6000000075399190848
Q115596258	6000000006198759003
Q115596268	6000000006918039181
Q115596302	6000000014698487613
Q115596363	6000000014698895366
Q115596415	6000000014699375082
Q115596476	6000000008508034608
Q115596526	6000000071449259859
Q115596749	6000000003814601161
Q115596749	6000000022200657245
Q115596793	6000000003814646232
Q115596793	6000000022200861895
Q115596921	6000000002116028991
Q115596949	6000000002116028998
Q115597005	6000000014699010028
Q115597163	6000000035412290026
Q115597197	6000000009214504835
Q115597281	6000000071449854982
Q115597904	6000000022699091118
Q1155987	6000000075326793953
Q115598796	6000000016184385290
Q115599530	6000000027486220779
Q115599739	6000000056073803851
Q115599743	6000000081113758844
Q115599923	6000000080114468662
Q115600426	6000000027486816973
Q115600549	6000000027383881873
Q115600711	6000000184639463889
Q115602497	6000000022375729218
Q115602507	6000000028276781466
Q115603574	6000000002817762383
Q115604051	6000000001229967176
Q115604112	6000000057047553889
Q115604152	6000000081430778453
Q115604198	6000000012921274257
Q115604225	6000000002611259571
Q115604292	6000000000118857389
Q115604302	6000000057407612888
Q115604473	6000000154335042835
Q115604594	6000000007340662271
Q115604742	6000000018079686113
Q115605006	6000000076279069934
Q115605110	6000000008161653862
Q115605174	5277856278180068992
Q115605265	6000000038042127933
Q115605288	6000000038042224317
Q115605509	6000000109121510872
Q115605786	6000000014548605756
Q115606136	6000000095259623872
Q115606205	6000000077052821054
Q115606242	6000000016594515346
Q115606293	6000000097115137929
Q115606488	6000000008604851289
Q115606712	6000000025983876666
Q115606870	6000000002502900131
Q115607040	6000000131676649203
Q115607242	6000000009816943419
Q115607792	6000000024707654210
Q115610420	6000000044036522253
Q115612861	4865907026440011402
Q115615192	6000000176758255855
Q1156152	6000000015198904266
Q115615360	6000000176758355830
Q115616336	6000000059893204140
Q115617	6000000101113391822
Q115617654	6000000013655836584
Q115618411	6000000222718211947
Q115618578	6000000009678206640
Q115619149	6000000005534931002
Q115619159	6000000005535321035
Q115619161	6000000005385356493
Q115619162	386041493260005648
Q115619165	6000000006342002228
Q115619166	6000000000582882666
Q115619169	386045817590012168
Q115619248	6000000000559995121
Q115619249	6000000007990390692
Q115619263	6000000007990314680
Q115619271	6000000004058412681
Q1156193	6000000027167585412
Q115619412	6000000002447381987
Q115619415	6000000002447381973
Q115619416	6000000002447381960
Q115619417	6000000000628694801
Q115619417	6000000001411018792
Q115619418	304824908170008288
Q115619418	6000000033415992986
Q115619505	6000000001411018433
Q115619507	6000000003490697939
Q115619512	6000000000533295516
Q115619954	6000000022172297112
Q115619984	6000000001069560710
Q115620031	6000000000470919023
Q115620033	6000000000470686865
Q115620034	6000000000470496160
Q115620038	6000000000470943045
Q115620039	6000000000470545024
Q115620043	6000000000342559957
Q115620066	6000000007179420575
Q115620573	6000000084427152834
Q115620716	6000000084384013975
Q115621397	6000000176437016821
Q115621497	6000000176436604849
Q115621916	6000000003529636152
Q1156224	6000000090943751904
Q115622521	6000000018027037382
Q115624010	6000000018120311590
Q115624284	6000000013291859682
Q115625081	6000000021882129324
Q115626289	323331345410007655
Q115626297	6000000007179429012
Q115626312	6000000002024158142
Q115626327	6000000011578370215
Q115626331	6000000035218765738
Q115626332	6000000035219623823
Q115626336	6000000177476693824
Q115626337	6000000177476662829
Q115626338	6000000011149937725
Q115626339	6000000021121529814
Q115626341	6000000007680695205
Q115626342	6000000007680263026
Q115626581	6000000078680502005
Q115626583	6000000000558014222
Q115626585	6000000003501305442
Q115626587	6000000003490912540
Q115626590	6000000003468667224
Q115626592	6000000007605836950
Q115626604	6000000003940665659
Q115626606	6000000003939489546
Q115626607	6000000002328591993
Q115626608	6000000000287553966
Q115626635	6000000008188064802
Q115626637	6000000008188439107
Q115626639	6000000008188512168
Q115626641	6000000001384323366
Q115626804	6000000003302992430
Q115626923	6000000029577049013
Q115626924	6000000033725146060
Q115626925	6000000029577055917
Q115626926	6000000029576894477
Q115626927	6000000029576628625
Q115626928	6000000042339807925
Q115626929	6000000000314637035
Q115626938	6000000000314635629
Q115626939	6000000002492840247
Q115626940	6000000001080359786
Q115627	6000000090018154828
Q115627161	6000000002969921634
Q115627162	6000000003865477648
Q115627187	6000000003938113441
Q115627188	6000000000618766348
Q115627200	6000000011517817948
Q115627204	6000000003468203716
Q115627205	6000000002824570657
Q115627245	6000000016384919955
Q115627248	6000000019350005541
Q115627322	6000000082879271854
Q115627325	6000000082879264916
Q115627331	6000000024539267735
Q115627332	6000000024541558900
Q115627334	6000000030305519192
Q115627335	6000000002172672861
Q115627357	6000000011844495492
Q115627372	6000000003939057554
Q115627389	6000000009026958477
Q115627392	6000000002801998095
Q115627403	6000000002801861747
Q115627404	6000000003441631023
Q115627408	6000000000834247322
Q115627538	6000000010867314808
Q115627543	6000000010867199833
Q115627567	6000000004630921587
Q115627581	6000000001433384768
Q115627582	6000000006516401720
Q115627606	6000000028049022688
Q115627636	6000000001827351575
Q115627639	6000000006348973369
Q115627654	380181190500013187
Q115627656	380183233880012112
Q115627657	380186736510012104
Q115627668	6000000006444468674
Q115627689	6000000107122153869
Q115627749	6000000002931014221
Q115627757	6000000107120260899
Q115627758	6000000000470096176
Q115627759	6000000000469935820
Q115627762	6000000005946081703
Q115627765	6000000000470967471
Q115627766	6000000000470967453
Q115627767	6000000097564808962
Q115627771	6000000016561868468
Q115627893	6000000004237652744
Q115627894	6000000006442206437
Q115627896	6000000001688768323
Q115627900	6000000000469912992
Q115627901	6000000000470204415
Q115627902	6000000000469854278
Q115627903	6000000000470206616
Q115627904	6000000003885083127
Q115627905	6000000000469847917
Q115627906	6000000003938982315
Q115627907	6000000003937822933
Q115627910	6000000006442166873
Q115627922	6000000004098119594
Q115627963	6000000035352218894
Q115627964	6000000035087536731
Q115627964	6000000042234860829
Q115628817	6000000002529337919
Q115628936	6000000011071695213
Q115629734	6000000015865848221
Q115629976	6000000014290867856
Q115629978	6000000014292374679
Q115629982	6000000006446036111
Q115629983	6000000000954429961
Q115629984	6000000002824538434
Q115630230	6000000019628253632
Q115630255	6000000000618766715
Q115630310	6000000019081632101
Q115630311	6000000019081578148
Q115630313	6000000012737209643
Q115630324	6000000019081713136
Q115630357	6000000043924724322
Q115630358	6000000034718379952
Q115630359	6000000034712430122
Q115630360	6000000003938741894
Q115630361	6000000003938691098
Q115630363	6000000003938241478
Q115630364	6000000003938684561
Q115630384	6000000008961671926
Q115630386	6000000003938684962
Q115630436	6000000069771685123
Q115631535	6000000001486126460
Q115631537	6000000007728977479
Q115631538	6000000000426556270
Q115631542	6000000001486281114
Q115631543	6000000001486126639
Q115631567	6000000002060398142
Q115631598	6000000006440071649
Q115631601	6000000002930999912
Q115631602	6000000001583361587
Q115631604	6000000007601819662
Q115631670	6000000000146760741
Q115631678	5543212056250026153
Q115631681	6000000013287192329
Q115632214	6000000002860715671
Q115632215	6000000002860715639
Q115632216	6000000003941239200
Q115632217	6000000019480462362
Q115632222	6000000010164801707
Q115632372	6000000035351977199
Q115632373	6000000093135853849
Q115632374	6000000001944761289
Q115633198	6000000023622127434
Q115633271	6000000001689514992
Q115633294	6000000045666266088
Q115633296	6000000001637079361
Q115633301	6000000000426803388
Q115633307	6000000001384327453
Q115633308	6000000001384323893
Q115633311	4198650977530038840
Q115633312	6000000004203849166
Q115633322	6000000000421574960
Q115633327	6000000003940068058
Q115633353	6000000000426816742
Q115633375	6000000005930771030
Q115633663	6000000000320748502
Q115633809	6000000171708288644
Q115633810	6000000171713591825
Q115633823	6000000076159098854
Q115633824	6000000076158732108
Q115633961	6000000006120786110
Q115634024	6000000015915005533
Q115634105	6000000014709995474
Q115634106	6000000017581273034
Q115634166	6000000014714117526
Q115634167	6000000010251318329
Q115634220	6000000021375722901
Q115634245	6000000013421773172
Q115634277	6000000014126324136
Q115634278	6000000010518840563
Q115634285	6000000024517142362
Q115634372	6000000024516993305
Q115634374	6000000024517238949
Q115634488	6000000048116636977
Q115634507	6000000048083324859
Q115634539	6000000007417303414
Q115634540	6000000006441255048
Q115634720	6000000029761559864
Q115634740	6000000000326146236
Q115634974	6000000027833360637
Q115635123	6000000012795118233
Q115635338	6000000003941200433
Q11563572	6000000075406711034
Q115635748	6000000002389143221
Q115635775	6000000003941200383
Q115636250	6000000020240807694
Q115636264	6000000007170284612
Q115636266	6000000000888106566
Q115636267	6000000002303487011
Q115636723	6000000017528662746
Q11564064	6000000075372676872
Q11564087	6000000075373467821
Q115641495	6000000076111116930
Q115641506	6000000000352560584
Q115641507	6000000076110324345
Q115641525	6000000076110760056
Q115645	5567711205810124263
Q115645785	6000000021908633292
Q1156472	6000000021934605097
Q115647414	6000000012546851807
Q1156481	6000000179189992865
Q115649575	6000000004097274731
Q115649654	6000000034561731738
Q115649736	6000000006763359957
Q115650855	6000000021755183876
Q115650991	6000000007928289337
Q115652	6000000017954234865
Q115653538	6000000037101117975
Q115653831	6000000027008105682
Q115654875	6000000015424553050
Q115654907	6000000015448398080
Q115654910	6000000015448501380
Q115654923	6000000015448398074
Q115654926	6000000015448328392
Q115654928	6000000015448359423
Q115654929	6000000015499661713
Q115654930	6000000001270504418
Q115654939	6000000015458311967
Q115654949	6000000009112984996
Q115654952	6000000009113900351
Q115654953	6000000008260562515
Q115654992	6000000015425145871
Q115654994	6000000015447397815
Q115654995	6000000015480389844
Q115655750	6000000015424453708
Q115655752	6000000015424534151
Q115655765	6000000015482076147
Q115655770	6000000017624473239
Q115655775	6000000003937274391
Q115655776	6000000008800096415
Q115655846	6000000015482076141
Q115655847	6000000000315796347
Q115655852	6000000009242125875
Q115655853	6000000003938276483
Q115655880	6000000015424543265
Q115655885	6000000017624200390
Q115655888	6000000017624053749
Q115655889	6000000011226568912
Q115655965	6000000001912212262
Q115655966	6000000039681204687
Q115655987	6000000006187555990
Q115655993	6000000010817254617
Q115655995	6000000003275076636
Q115655999	6000000006187143699
Q115656001	6000000006187122256
Q115656006	6000000003529357528
Q115656007	6000000002306825360
Q115656013	6000000010817504264
Q115656014	6000000006187432542
Q115656041	6000000010450916749
Q115656044	6000000001959187645
Q11565617	6000000020988849607
Q11565617	6000000075607065884
Q115656220	6000000014359820008
Q115656241	6000000002889254287
Q115656248	290375119510002614
Q115656256	6000000002129889067
Q115656257	6000000012319184413
Q115656278	6000000002129589698
Q115656281	6000000006821338177
Q115656281	6000000018677842835
Q115656284	6000000006444490949
Q115656355	6000000024115270201
Q115656424	6000000003681536162
Q115656426	6000000008971042971
Q115656445	6000000008260560834
Q115656448	6000000000484538181
Q115656459	385487204280012940
Q115656459	6000000007059993765
Q115656573	6000000006348543509
Q115656603	6000000000772666066
Q115656759	6000000001563102671
Q115656810	6000000001563102684
Q115656812	6000000001579485386
Q115656847	6000000076887763074
Q115656850	6000000014150472348
Q115656857	6000000017652048407
Q115656977	6000000014122340973
Q1156571	6000000012136229126
Q115657912	6000000015611965827
Q115657913	6000000113479926835
Q115657914	6000000025679269027
Q115657915	6000000009687122360
Q115657916	6000000034122067405
Q115657918	6000000037693477904
Q115657920	6000000090138042906
Q115657922	6000000050944286876
Q115657927	6000000035052353102
Q115657928	6000000092175400868
Q115657930	6000000069558273821
Q115657931	6000000058398088887
Q115657932	6000000060193357840
Q115657933	6000000092601487973
Q115657935	6000000077803584404
Q115657938	6000000021067156809
Q115657939	6000000200905300888
Q115657943	6000000014502042955
Q115657945	6000000019251110706
Q115657946	6000000101471502911
Q115657947	6000000011057930343
Q115657948	6000000035052550934
Q115658277	6000000023187199369
Q115658852	6000000014122340968
Q115660213	6000000184968727861
Q115661467	6000000033533231357
Q115662726	6000000038194980946
Q115662848	6000000025633912612
Q115662853	6000000133684397925
Q115662974	6000000020182439819
Q115663253	6000000014569060739
Q115663265	6000000008199252744
Q115663268	6000000107004509043
Q115663292	6000000077612166904
Q115663310	6000000077612168859
Q115663509	6000000015711963872
Q115663526	6000000015780632125
Q115663527	6000000003644467320
Q115663529	6000000003490966944
Q115663531	6000000002932535355
Q115663533	6000000006444331137
Q115663534	6000000015582368427
Q115663536	6000000004631005106
Q115663547	6000000002932535366
Q115663551	6000000011450402196
Q115664	6000000006713428050
Q115664959	6000000176878634821
Q115665908	6000000011938582601
Q115666117	6000000023033707011
Q115666118	6000000023033568191
Q115666119	6000000023033898945
Q115666120	6000000048004623097
Q115666121	6000000023033581992
Q115666293	6000000186185652849
Q115667406	6000000015712014196
Q115667411	6000000013067932325
Q115667415	6000000003513622369
Q115667425	6000000013062107947
Q115667427	6000000013062141556
Q115667428	6000000007803083361
Q115667430	6000000000834397452
Q115667432	6000000002303487099
Q115667445	6000000004977977611
Q115667453	6000000004978130733
Q115667543	6000000026049770082
Q115667546	6000000003941027167
Q115667547	6000000003942693256
Q115667594	6000000017085707819
Q115667600	6000000003221095627
Q115667603	6000000024816455396
Q115667605	6000000003177858062
Q115667650	6000000006439725509
Q115667651	6000000001472908702
Q115667655	6000000000436628339
Q115667714	6000000018947431800
Q115667717	6000000038704545696
Q115667718	6000000038705097942
Q115667935	6000000011649477462
Q115669	6000000208406213843
Q115672932	6000000175681312821
Q115673	6000000037520368895
Q115673459	6000000011071627378
Q115673467	6000000011071150946
Q115673474	6000000011071097019
Q115673639	6000000114041441618
Q115673772	6000000114042187122
Q115673786	6000000027119316905
Q115673799	6000000045032812835
Q115674	6000000006724949555
Q115674818	6000000020067225547
Q115675445	6000000036466635063
Q115675641	6000000033244494946
Q115677271	6000000003507257485
Q115677595	6000000189712439848
Q115678032	6000000179539601832
Q115678118	6000000006917737290
Q115678123	6000000006917165764
Q115678130	6000000008714917565
Q115678136	6000000006802382813
Q115678410	6000000013496851467
Q115678411	6000000003942954299
Q115678415	6000000003942583328
Q115678444	6000000003379932546
Q115678450	6000000029577666306
Q115678451	6000000001820054349
Q115678459	6000000061723073186
Q115679360	6000000049988157911
Q115679362	6000000049964953858
Q115679377	6000000087306479955
Q115679379	6000000049417831861
Q115679406	6000000186168297890
Q115679511	6000000006917062910
Q115679514	6000000004086513357
Q115679521	6000000006912047554
Q115680277	6000000051717553869
Q115682323	6000000023540114351
Q115683	6000000058175449927
Q115683204	6000000210608601938
Q115683215	6000000014785608759
Q115683216	6000000034293668502
Q115683798	6000000088793236430
Q115683815	6000000088793779164
Q115683847	6000000088794428860
Q115684488	6000000073124993414
Q115684511	6000000019718462279
Q115684893	6000000073131522135
Q115685651	6000000003147049435
Q115685699	6000000003847908734
Q115685993	6000000003847799398
Q115686282	4623586228630019167
Q115686284	6000000074196583134
Q115686317	6000000013715603697
Q115686383	6000000183387133828
Q115686411	6000000199393970837
Q115686510	6000000021162347395
Q115686697	6000000023441916899
Q115686709	6000000023441457437
Q115686732	6000000021458393822
Q115686794	6000000002722219714
Q115686946	6000000184575397822
Q115686987	6000000018633382019
Q115687	6000000008207344543
Q1156878	6000000007159576671
Q115688238	6000000014216241486
Q115688714	6000000025902043226
Q115688719	6000000003429872297
Q115688721	6000000003429882024
Q115688728	6000000003429868048
Q115689730	6000000202348642849
Q115689745	6000000034814547654
Q115689749	6000000185702412836
Q115690405	6000000080834363308
Q115690891	6000000020788746786
Q115692660	6000000018417067782
Q115692929	6000000026190654980
Q115693083	6000000029664532909
Q115693122	6000000003026879389
Q115693476	6000000008622632269
Q1156935	6000000074757425446
Q115693594	6000000018956534393
Q115693736	6000000178076472826
Q115694327	6000000015454067450
Q115694328	6000000014436639602
Q115694836	6000000012576345943
Q115695088	6000000019869713616
Q115695255	6000000151413552890
Q115695261	6000000151413408885
Q115695283	6000000026939201007
Q115695286	6000000006598467137
Q115695291	6000000006598467110
Q115695385	6000000006598959297
Q115695387	6000000006598954977
Q115695507	6000000020971878535
Q115695608	6000000032086648718
Q115695609	6000000083461502079
Q115695908	6000000001366910985
Q115695948	6000000000350933208
Q115696000	6000000006598896067
Q115696032	6000000000350933180
Q115696121	6000000001384608281
Q115696128	6000000000350933173
Q115696376	6000000010440598283
Q115696377	6000000002279720619
Q115696378	6000000002279720800
Q115696379	6000000002279723580
Q115696380	6000000003495243946
Q115696461	6000000000211141005
Q115696462	6000000002798933626
Q115696465	6000000000596159699
Q115696467	6000000006907024571
Q115696469	6000000005016430252
Q115696673	6000000025124656238
Q115696680	6000000025124673368
Q115696691	6000000002819241564
Q115696697	6000000004630931706
Q115697756	6000000202108077823
Q115698385	6000000012697602419
Q115698397	6000000064650162833
Q115698398	6000000064649037221
Q115698407	6000000003054389747
Q115698440	6000000032749712111
Q115698460	6000000033629678913
Q115698472	6000000139910855919
Q115698483	6000000000954141245
Q115698530	6000000004199532809
Q115699952	6000000006578997247
Q115701	6000000022542965369
Q11570138	6000000075397639426
Q115702390	6000000039240136098
Q11570245	6000000075398642841
Q115703355	6000000079938336843
Q115704274	6000000039239912326
Q115704990	6000000030534807018
Q115705187	6000000212707026832
Q115705192	6000000085695199992
Q115705242	6000000197936003547
Q115705244	6000000197936003535
Q115705255	6000000114454384839
Q115706164	6000000083699233312
Q115706169	6000000041195083688
Q115706170	6000000036409375580
Q115706171	6000000036410147900
Q115706173	6000000036410109038
Q115706178	6000000008307988558
Q115706184	6000000008307988526
Q115706262	6000000002954688234
Q115706264	6000000002954547529
Q115706265	6000000003938043695
Q115706265	6000000003940185342
Q115706266	6000000003940555515
Q115706268	6000000000250105442
Q115706274	6000000002954667053
Q115706276	6000000002073414589
Q115706277	6000000000484649567
Q115706278	6000000006683024947
Q115706345	6000000000244532478
Q115706347	6000000009007761330
Q115706348	4282504058660024894
Q115706355	6000000000285011691
Q115706356	6000000008301633504
Q115707298	6000000001384608112
Q115707347	6000000008441458566
Q115707348	6000000020613894702
Q115707352	6000000007035890824
Q115707355	6000000020614024882
Q115707356	6000000008441405873
Q115707433	6000000016330785533
Q115707435	6000000010798796170
Q115707435	6000000016330390886
Q115707441	6000000002545918176
Q115707451	6000000004993828347
Q115707452	6000000002141653487
Q115707468	5632078425930022737
Q115707469	6000000012538113315
Q115707474	6000000001316335747
Q115707476	6000000003874209021
Q115707490	6000000002602782639
Q115707495	6000000002602909308
Q115707522	6000000008550197418
Q115707523	6000000001778221031
Q115707525	6000000000769864195
Q115707526	6000000005846989420
Q115707530	5087330304910081579
Q115707531	6000000001069551614
Q115707537	6000000002672735848
Q115707538	6000000000350964665
Q115707566	6000000075804031932
Q115707567	6000000002293698192
Q115707573	6000000002545922844
Q115707587	6000000008212821232
Q115707591	6000000006860381794
Q115707595	6000000000886080040
Q115707628	6000000030607768505
Q115708249	6000000019104154265
Q115708265	6000000019104156210
Q115708277	6000000076032503911
Q115708297	6000000017370784625
Q115708500	618642
Q115708731	619538
Q115708775	6000000039875087860
Q115708826	6000000003939222676
Q115708849	6000000003939222683
Q115708854	6000000001916063929
Q1157092	6000000155531661822
Q11571	6000000009772722420
Q115711	6000000037517243452
Q115713	6000000037517038615
Q115714951	6000000051077160869
Q115715	6000000185941960854
Q115715118	6000000027594862546
Q115715124	6000000027594872397
Q115715128	6000000027594321273
Q115715134	6000000027593914759
Q115715136	6000000028244367919
Q115715140	6000000028244058768
Q115715145	6000000028166597356
Q115715400	6000000020351423093
Q115715435	6000000022696256909
Q115715455	6000000001745105400
Q115715683	6000000010994705716
Q115715736	6000000026206248256
Q115715738	6000000038111705026
Q115715748	6000000006419388033
Q115715771	6000000050087753879
Q115715797	6000000032472444095
Q115715806	6000000039872470105
Q115715809	6000000074759774890
Q115715812	6000000006579015527
Q115715814	6000000022768057987
Q115715815	6000000039158398152
Q115715845	6000000020116589210
Q115715847	6000000168909348038
Q115715895	6000000001034198447
Q115715955	6000000002649854267
Q115715972	6000000012956052844
Q115715973	6000000012955929093
Q115715974	6000000004850865295
Q115715976	6000000004850865034
Q115715977	6000000005908228772
Q115715978	6000000002649865125
Q115715996	6000000002293354161
Q115715997	6000000002293354169
Q115716006	6000000024517362484
Q115716007	6000000009236149888
Q115716009	6000000004851047613
Q115716020	6000000003937829864
Q115716025	6000000006290159069
Q115716026	6000000006290159052
Q115716027	6000000006290159086
Q115716028	6000000009305955050
Q115716033	6000000006442215262
Q115716034	6000000003937829828
Q115716037	6000000006290115994
Q115716038	6000000006290115976
Q115716039	6000000006290140002
Q115716043	6000000003940093633
Q115716085	6000000020031917820
Q115716086	6000000020033218124
Q115716087	6000000020032723190
Q115716089	6000000006348492673
Q115716092	6000000003272328269
Q115716123	329260073820004986
Q115716126	329259173970007381
Q115716130	329258720350004984
Q115716133	329257225350006162
Q115716136	329257634700007377
Q115716189	6000000000251875490
Q115716192	6000000002812689059
Q115716199	6000000009076602979
Q115716206	6000000002812525477
Q115716218	342115621480002143
Q115716259	320706508030001482
Q115716260	6000000001210956143
Q115716272	6000000040262642573
Q115716272	6000000061270306964
Q115716377	6000000007416575010
Q115716451	6000000006884453839
Q115716454	6000000006920629663
Q115716466	6000000000438124033
Q115716488	6000000002812661211
Q115716490	6000000015793737166
Q115716532	6000000009055150558
Q115716561	6000000009055256633
Q115716570	6000000011972065952
Q115716698	6000000011972014691
Q1157167	6000000013281687375
Q115716701	6000000003388980893
Q115716711	6000000030534047635
Q115718581	6000000187083395825
Q115718617	6000000187082641890
Q115721324	6000000007417121210
Q115721327	6000000013642040337
Q115721333	6000000008112525132
Q115721338	6000000000474826199
Q115721341	6000000000474826100
Q115721380	6000000003938803291
Q115721410	6000000006442409560
Q115721412	6000000003938811752
Q115721412	6000000013427562527
Q115721414	6000000006451515216
Q115721417	6000000006451545133
Q115721419	6000000006451510717
Q115721467	6000000079187929704
Q115721470	6000000068739470949
Q115721473	6000000003939027883
Q115721474	6000000006440829069
Q115721500	6000000027608965405
Q115721501	6000000027608659467
Q115721504	6000000027609495342
Q115721506	6000000027609749477
Q115721510	6000000027609863851
Q115721511	6000000088926237827
Q115721512	6000000006912246384
Q115721513	6000000002504989309
Q115721514	6000000007154576602
Q115721516	6000000001210948443
Q115721556	363138045210012013
Q115722343	6000000067564410822
Q115722484	6000000009877813894
Q115724	6000000181030570868
Q115725246	6000000104876926392
Q115725657	6000000019336725161
Q115725670	6000000012623308647
Q115725671	6000000019335470466
Q115725903	6000000012623203367
Q115725945	6000000002375384014
Q115726002	6000000013472306261
Q115726215	6000000023497728237
Q115726246	6000000020915095763
Q115726246	6000000082689911022
Q115726257	6000000082689488833
Q115726260	6000000033837826429
Q115726268	6000000033838062032
Q115726298	6000000040814468267
Q115726387	6000000025596058434
Q115726388	6000000000426575310
Q115726412	6000000002247922618
Q115726439	6000000006733320271
Q115726441	6000000000426722588
Q115726443	6000000006089357698
Q1157266	6000000001271650368
Q115726654	6000000002172695912
Q115726736	6000000003490596883
Q115726738	6000000006919360415
Q115726742	6000000006918931557
Q115726744	6000000000490898337
Q115726747	6000000000426609091
Q115726751	6000000006919156216
Q115726771	6000000026482285704
Q115726779	6000000026474245352
Q115726781	6000000026474147325
Q115726783	6000000026475195579
Q115726792	6000000026475932593
Q115726807	6000000026477445032
Q115726809	6000000026477482288
Q115726812	6000000004287474489
Q115726814	6000000001637087768
Q115726858	6000000007086605312
Q115726878	6000000186984161821
Q115726884	6000000186983934887
Q115726884	6000000188018818872
Q115726887	6000000186984475825
Q115726887	6000000188018811850
Q115726888	6000000175105361389
Q115726888	6000000186983481960
Q115726941	6000000175105783282
Q115726942	6000000002503523150
Q115726951	6000000002503528232
Q115726958	6000000090127401918
Q115726966	6000000126884495899
Q115726971	6000000011760309979
Q115726972	6000000000115881238
Q115726981	6000000090126224821
Q115726983	6000000000250532315
Q115726996	6000000030212774332
Q115726998	6000000009085251555
Q115727000	6000000012570212426
Q115727002	6000000002175610851
Q115727003	6000000000426649704
Q115727031	6000000003940593444
Q115727112	6000000018473026284
Q115727148	6000000017809065605
Q115727186	6000000007150976437
Q115727187	6000000031834055091
Q115727189	6000000028751550586
Q115727189	6000000108928636832
Q115727203	6000000028751560615
Q115727205	6000000032391540214
Q115727210	6000000002633724416
Q115727211	6000000006112572233
Q115727212	6000000007151720528
Q115727281	6000000164772878821
Q1157279	6000000010555923763
Q115728057	6000000018234795717
Q115728076	6000000017199288064
Q115728076	6000000109840738968
Q115728082	6000000109841547917
Q115728100	6000000017199276280
Q115728106	6000000025503062591
Q115728194	6000000018235413034
Q115728614	6000000109841669116
Q11572877	6000000075610384967
Q1157288	6000000047008667177
Q11572882	6000000074731746874
Q11572894	6000000075336395750
Q115729120	6000000019921181905
Q11572913	6000000026683041322
Q11572933	6000000074747041907
Q115729760	6000000144823043965
Q115729804	6000000040661511918
Q115730131	6000000027363675224
Q115730234	6000000026610073639
Q1157306	6000000125825212843
Q115730604	6000000104875247552
Q115730607	6000000007235387998
Q11573061	6000000068905143821
Q11573079	6000000020181492751
Q115730859	6000000008436058584
Q115730911	6000000076973654669
Q11573095	6000000075419505942
Q11573113	6000000075423290865
Q11573113	6000000075424447035
Q115731298	6000000017199366172
Q115731603	6000000076977564920
Q115731806	6000000003076622964
Q11573200	6000000075508809970
Q11573214	6000000075481611272
Q11573223	6000000074731831825
Q115734978	6000000008340067114
Q115735032	6000000018756756000
Q115735067	6000000018757582237
Q115735068	6000000019409125334
Q115735129	6000000009746581154
Q1157352	6000000018437088730
Q1157358	6000000041344393639
Q1157360	6000000012941237597
Q115736162	6000000028063386866
Q115736554	6000000031989286451
Q115736721	6000000026648186218
Q115736770	6000000038455844194
Q115736796	6000000188869575899
Q115736914	6000000178410258822
Q115736925	6000000201168744822
Q115736928	6000000026477861217
Q115736956	6000000003173496423
Q115737054	6000000188428942907
Q115737146	6000000059436302395
Q115737155	6000000020320915396
Q115737261	6000000175916433855
Q115737285	6000000200603081828
Q115737337	6000000092730597022
Q115737356	6000000034071466057
Q115737515	6000000042981956961
Q115737528	6000000181760994823
Q115737547	6000000194460043829
Q115737570	6000000101631818989
Q115737723	6000000204866798830
Q115737768	6000000064377880971
Q115737881	6000000039025912270
Q115737904	6000000206921978822
Q115737919	6000000104878348322
Q115738	6000000014137840248
Q115738015	6000000186336319859
Q115738033	6000000202545235831
Q115738115	6000000014364221453
Q115738155	6000000001990484013
Q115738160	1995897
Q115738199	6000000205185210872
Q115738229	6000000026795535149
Q115738238	6000000012770151577
Q115738396	6000000032324633806
Q115738477	6000000207854873823
Q115738715	6000000040814230403
Q115739486	6000000077434496108
Q115739853	6000000015184521805
Q115739869	6000000004320101058
Q115740065	6000000009609831008
Q115740491	426356
Q115741	6000000075789157935
Q115741397	6000000017199346668
Q115742217	6000000165983576972
Q115742644	6000000186936948822
Q115742660	6000000040661163657
Q115742681	6000000187436838825
Q115742960	6000000009085132572
Q115742965	6000000026619516067
Q115743045	6000000032941409293
Q115743379	6000000048705679878
Q115743423	6000000019704190044
Q115743493	6000000039878475331
Q115744073	6000000091636196020
Q115744078	6000000191012963837
Q115744482	6000000207648089830
Q115744594	6000000120572192822
Q115745139	6000000030819988840
Q115745978	6000000009376110438
Q115745992	6000000009375957038
Q115746	6000000010616827676
Q115746041	6000000087522870821
Q115746067	6000000004067700207
Q115746446	6000000199346040833
Q115746508	6000000087756867235
Q115746581	6000000030882744148
Q115746758	6000000011422469645
Q115747083	6000000011422240674
Q115748253	6000000019704059494
Q115748255	6000000019700741600
Q115749450	6000000189873494847
Q115749454	6000000189873502838
Q115750078	6000000017884952983
Q115750156	6000000092724008074
Q115750735	6000000001831644565
Q115751423	6000000006442904012
Q115752093	6000000198746917827
Q115753030	6000000044547597729
Q115753375	6000000014301147318
Q115753437	6000000014301283177
Q115754107	6000000008612278460
Q115754153	6000000010762878273
Q1157551	4699899586000089287
Q115755454	6000000004167786218
Q115757114	6000000017450794574
Q115757232	6000000017451077419
Q115758936	6000000205744915858
Q115759207	6000000032103584074
Q115760289	6000000013165003426
Q115760290	6000000003139709536
Q115760500	6000000019921960394
Q115760502	6000000042080382611
Q115760503	6000000000652487757
Q115760504	6000000000475132107
Q115760514	6000000019922092154
Q115760516	6000000006234208681
Q115760519	6000000004402299979
Q115760529	6000000012623198615
Q115760532	6000000012623010559
Q115760533	6000000006414608144
Q115760574	6000000002248079654
Q115760579	4970146224040052957
Q115760580	6000000000536489259
Q115760585	6000000006907028274
Q115760587	6000000002860887139
Q115760616	6000000012623340292
Q115760618	6000000001666499033
Q115760684	6000000011434667726
Q115760782	6000000027087736922
Q115769	6000000095563417883
Q115769089	6000000002261230137
Q1157699	6000000038407118941
Q115770318	6000000018382344578
Q115770543	6000000019351673723
Q115770577	6000000013427478226
Q115770616	6000000144400058869
Q115770617	6000000003939411671
Q115770620	6000000003939411678
Q115770625	6000000014832136249
Q115770630	6000000008975283537
Q115770762	6000000007086745087
Q115770830	6000000028377534143
Q115770830	6000000181915592821
Q115770863	6000000006418462356
Q115770866	6000000014643939277
Q115770882	6000000002870141021
Q115770885	6000000000786139152
Q115770924	6000000001696075483
Q115771080	6000000010181996676
Q115771090	6000000054919772949
Q115771095	6000000054920164269
Q115771097	6000000014683854881
Q115771098	6000000010725254401
Q115771099	6000000031737885444
Q115771102	6000000000101169952
Q115771635	6000000075352228851
Q115771818	6000000002908841514
Q115773820	6000000034723485841
Q115773923	6000000081322528359
Q115774149	6000000186424699825
Q115774152	6000000186424763833
Q115774156	6000000186425008833
Q115774161	6000000186425010832
Q115774164	6000000186424796848
Q115774176	6000000189940305821
Q115774278	6000000186424786842
Q115774844	6000000003971432172
Q115774967	6000000019939297227
Q115775699	6000000019347802710
Q115775773	6000000001807044149
Q115775777	6000000010481635306
Q115775778	6000000011149238863
Q115775785	6000000012155762543
Q115775788	6000000019799588232
Q115775898	6000000010976179614
Q115775983	6000000000967096957
Q115775983	6000000002545875901
Q115776111	6000000008914963787
Q115776174	6000000006569800385
Q115776178	6000000006569609699
Q115777056	6000000189912331843
Q115778110	6000000003454511279
Q115778115	6000000059232824931
Q115778122	6000000026713161204
Q115778123	6000000026713194688
Q115778186	6000000004188829233
Q115778499	6000000002447369606
Q115778500	6000000009756802100
Q115778500	6000000040877941060
Q115778654	6000000019061310563
Q115778672	6000000003913852416
Q115778672	6000000009756983613
Q115778745	6000000002291400710
Q115778869	6000000003388974226
Q115778871	6000000003389002912
Q115779063	6000000006603989085
Q115779064	6000000006577023234
Q115779065	6000000003014393444
Q115779068	6000000003024263574
Q115779164	6000000007400153251
Q115779261	6000000078807016603
Q115779269	6000000008176403765
Q115779270	6000000008176403725
Q115779308	6000000008176409411
Q115779369	6000000002641605185
Q115779491	6000000008176403695
Q115779505	6000000002336311709
Q115779523	6000000175980524822
Q115779524	6000000175954700848
Q115779527	6000000006441379913
Q115779539	6000000006441379057
Q115779540	6000000022280534989
Q115779593	6000000000250594298
Q115779724	4759093257700024492
Q115779761	6000000008365789031
Q11578	6000000028259441788
Q115780311	6000000003940654923
Q115780316	6000000006518972712
Q115780337	6000000057853801556
Q115780338	6000000010384929743
Q115780341	6000000010384989357
Q115780342	6000000010384941657
Q115780343	6000000000795177126
Q115780345	6000000002172667422
Q115780353	6000000004237866896
Q115780367	6000000004098212032
Q115780411	6000000000490934565
Q115780412	6000000006444541371
Q115780418	6000000012665667594
Q115780420	6000000003424809575
Q115780421	6000000000250537525
Q115780422	6000000000250537154
Q115780432	6000000000491089067
Q115780433	6000000006444529815
Q115780499	6000000018379781060
Q115780512	6000000018379768503
Q115781154	6000000020896667986
Q115781263	6000000012903902227
Q115781508	6000000018378847836
Q115781509	6000000018379768466
Q115781656	6000000018502621642
Q115781770	6000000006440445049
Q115781855	6000000006206660933
Q115782945	6000000006439276235
Q115782987	6000000116068108053
Q115783058	6000000024500735286
Q115783768	6000000021978725463
Q115784445	6000000010016684982
Q115784943	6000000180669594857
Q115785	6000000175207851445
Q115785969	6000000025012788224
Q1157865	6000000027915456032
Q115787	6000000020530339125
Q115787158	6000000021967892557
Q115787648	4387408316210120098
Q115788011	6000000035567535415
Q115788258	6000000140468699169
Q115788896	6000000179514761821
Q115793	6000000017378987553
Q115793839	6000000024945578990
Q115793990	6000000014607992975
Q115794048	6000000020342980766
Q115794059	6000000014654215592
Q115794404	6000000049076631901
Q115794876	6000000010687142485
Q11579769	6000000075398472169
Q115797736	6000000005738598760
Q1158014	6000000021392937715
Q115803184	6000000004047352746
Q115805850	6000000091661646259
Q115806760	5025547549550130970
Q11581	6000000150675799853
Q115810864	6000000188971448830
Q115814927	6000000186429703832
Q115814937	6000000186433002828
Q115814949	6000000186433221822
Q115814989	6000000186434867838
Q11581522	6000000075500734030
Q11581525	6000000075401792822
Q115816	6000000206047551823
Q115816876	6000000176347510906
Q115819431	6000000034518090899
Q11582302	6000000023567071037
Q11583182	6000000074727329109
Q11584	6000000135807528151
Q1158442	6000000016529255027
Q11584630	6000000075502589931
Q115849	6000000022367799560
Q115851506	5586984277250027342
Q11585495	6000000075325266822
Q11585518	6000000020485688995
Q115857044	6000000006347068575
Q115857054	6000000176285014846
Q115857092	6000000176285552822
Q115857104	6000000176283226994
Q115857143	6000000001577412830
Q115857168	6000000083909120230
Q115857981	6000000194969238821
Q115858010	6000000128352433249
Q115858576	6000000008665640945
Q115858648	6000000011771633448
Q115858649	6000000042349593006
Q115858651	6000000014083256216
Q115858654	6000000002893766729
Q115858674	6000000003499086616
Q115858681	6000000038192971617
Q115858690	6000000010355525861
Q115858701	6000000062331107858
Q115858707	6000000006590085136
Q115858976	6000000030036591035
Q115859211	6000000002345724975
Q115860239	6000000079828487012
Q115860557	6000000050359366832
Q115860654	6000000088605839986
Q115860676	6000000019464680656
Q115860684	6000000001177195972
Q115860685	6000000015395186402
Q115860694	6000000029453057208
Q115860695	6000000003748389949
Q115860751	6000000015908351295
Q115860752	6000000015908258905
Q115860755	6000000000438003799
Q115860761	6000000015908145686
Q115860763	6000000006180425528
Q115860775	6000000109818396898
Q115860791	6000000109818414936
Q115860794	1648726
Q115860834	6000000026102680923
Q115860874	6000000002187227216
Q115861031	6000000001892438110
Q115861083	6000000031139423001
Q115861148	6000000002184476252
Q115861149	6000000002184571669
Q115861183	6000000002889387520
Q115861238	6000000006900800865
Q115861242	6000000006901328198
Q115861246	6000000000619441605
Q115861247	6000000004869495631
Q115861248	6000000001274950729
Q115861249	6000000004869495131
Q115861250	6000000006901245260
Q115861276	6000000017442312503
Q115861278	6000000003939198216
Q115861280	6000000003939198224
Q115861335	6000000034740283863
Q115861336	6000000007417023313
Q115861450	6000000042210253802
Q115861489	6000000003939987069
Q115861498	6000000019152607841
Q115861508	6000000037400290248
Q115861509	6000000007993762543
Q115861510	6000000004229248967
Q115861511	5701494810340115735
Q115861512	5701513523100081476
Q115861513	6000000006348517112
Q115861521	5701500410370078761
Q115861521	6000000012631150760
Q115861534	6000000006971469328
Q115861549	6000000142685768097
Q115861550	6000000142691714824
Q115861551	6000000020865285600
Q115861564	6000000056432730046
Q115861565	6000000033654659268
Q115862780	6000000182537185985
Q115862805	6000000017753104183
Q115863080	6000000129515080847
Q115863137	6000000200474251835
Q115863649	6000000000334417711
Q115863650	6000000000326772432
Q115863663	6000000012986011250
Q115863664	6000000025850667328
Q115863667	6000000025850459309
Q115863692	6000000051120239881
Q115864193	6000000019316413646
Q115864197	6000000016449756790
Q115864470	6000000052011831324
Q115864652	6000000177526584827
Q115864668	6000000177661708837
Q115864674	6000000177662254821
Q115864675	6000000048215485062
Q115864675	6000000177661534852
Q115864802	6000000048215249206
Q115864805	6000000048215877927
Q115864809	6000000144063565826
Q115864813	6000000000485190380
Q115864997	6000000008698158696
Q11586527	6000000075325203877
Q115865325	6000000000404656859
Q115865327	6000000022571070083
Q115865328	6000000000404611876
Q115865631	6000000036409835924
Q115865818	6000000006348543701
Q115865819	6000000006348543691
Q115865820	6000000003195103979
Q115865969	6000000001151073558
Q115865992	6000000024800780933
Q115865993	6000000024489642145
Q115865995	6000000024489524541
Q115867033	6000000009867140151
Q115867202	6000000038908841576
Q115867266	6000000009486934352
Q115867456	6000000042484937837
Q115867497	6000000010018298980
Q115867576	6000000001499149349
Q115868027	6000000005396222138
Q115868029	6000000005396337216
Q115868065	6000000005396573279
Q115868068	6000000023755483999
Q115868072	6000000016336006571
Q115868074	6000000008808431794
Q115868076	6000000004674618073
Q115868080	6000000007645251318
Q115868089	6000000052634187065
Q115868092	6000000052634160036
Q115868201	6000000005396573286
Q115868205	6000000045931185851
Q115868241	6000000023540393012
Q115868244	6000000023539828305
Q115868592	6000000007362614965
Q115868633	6000000046833783873
Q1158692	6000000021732826547
Q115869300	6000000013234210800
Q115869391	6000000038708623363
Q115869465	6000000006769045156
Q115869466	6000000006768958230
Q115869903	6000000020958952952
Q115870010	6000000019463840187
Q115870023	364332511660001545
Q115870024	5668770786990059257
Q115870025	6000000008307988377
Q115870048	6000000002931172758
Q115870049	6000000003155060023
Q115870050	6000000072078723120
Q115870051	6000000041099922311
Q115870055	367815129310004132
Q115870057	6000000004670401514
Q115870061	366960047510012456
Q115870066	6000000010423690390
Q115870096	6000000042975550908
Q115870181	6000000005396274803
Q115870184	6000000013366614090
Q115870186	6000000013366857470
Q115870187	6000000013366558676
Q115870190	6000000013366701002
Q115870193	6000000186299661886
Q115870210	6000000009428564775
Q115870219	6000000024904710490
Q115870221	6000000024557457081
Q115870222	6000000000969997757
Q115870256	6000000007329977008
Q115870325	6000000015396836630
Q115870355	6000000016827486381
Q115870368	6000000008824245631
Q115870460	6000000000011486743
Q115870467	6000000000011547301
Q115870469	6000000002798931979
Q115870471	6000000007710121399
Q115870529	6000000009475364582
Q115870586	6000000000203378207
Q115870587	6000000000203368520
Q115870591	6000000000203502204
Q115870592	6000000002799068008
Q115870606	6000000000582363953
Q115870608	6000000010616773894
Q115870612	6000000000766270403
Q115870613	6000000000766294297
Q115870616	6000000000631671958
Q115870617	6000000007344267520
Q115870619	6000000000631729843
Q115870620	6000000000631892306
Q115870623	6000000010935194839
Q115870624	6000000006828360635
Q115870625	6000000006127951555
Q115870626	6000000011851723240
Q115870627	6000000000201169978
Q115870631	6000000011852024959
Q115870632	6000000009046426558
Q115870633	6000000014221592831
Q115870634	6000000009046374688
Q115870636	6000000022758491419
Q115870645	6000000011197471453
Q115870655	6000000006828487280
Q115870656	6000000006828549211
Q115870663	6000000008638245654
Q115870875	6000000003158896059
Q115870878	6000000008638557155
Q115870906	6000000007946008465
Q115870909	6000000007947678744
Q115870913	6000000007947703025
Q115870919	6000000006127792543
Q115870922	6000000007948003645
Q115870925	6000000007627652036
Q115870929	6000000007945845873
Q115870932	6000000007946135535
Q115870986	6000000000855481278
Q115870988	6000000003236079303
Q115870989	6000000003236079275
Q115871008	6000000000112874654
Q115871017	6000000000127658137
Q115871019	6000000006127836479
Q115871025	6000000011101676038
Q115871026	6000000011101839771
Q115871092	6000000003281091681
Q115871126	343554969720013081
Q115871128	343555073390013085
Q115872183	6000000020870624310
Q1158726	6000000035507471843
Q1158727	6000000087642804856
Q1158739	6000000021237448301
Q115886654	6000000194691137852
Q115892202	6000000190118042880
Q115893439	6000000005396355048
Q115893618	6000000005396355055
Q1158950	6000000001714681599
Q115896815	6000000019541765847
Q1158982	6000000010763212358
Q1158990	6000000019464782642
Q115900	6000000018614002045
Q1159008	6000000141000573825
Q115901902	6000000006348449622
Q115902119	6000000050267281068
Q115902120	6000000047155078849
Q115902121	6000000007758279755
Q115902220	6000000010154526574
Q115902325	6000000052170308825
Q115902337	6000000002504090118
Q115902412	1648900
Q115902412	6000000007329954152
Q115902490	6000000027577710933
Q115902608	6000000202730204913
Q115902721	6000000202718045830
Q115903240	6000000027577629270
Q115903281	6000000027577721978
Q115903310	6000000202717836843
Q115903323	6000000129471637944
Q115903523	6000000001002233748
Q115903525	6000000005415532012
Q115903530	6000000001000408484
Q115903531	6000000000989684746
Q115903532	6000000000947496467
Q115903534	6000000006768556903
Q115903542	6000000004077601922
Q115903545	6000000007681266217
Q115903546	6000000007679797007
Q115903548	297409650380001909
Q115903571	6000000004400526852
Q115903572	6000000004402847911
Q115903573	6000000015051604430
Q115903574	6000000015052125399
Q115903576	6000000041998370960
Q115903580	6000000003077567713
Q115903724	6000000000251760440
Q115903924	6000000000251843006
Q115904018	6000000006110983537
Q115904026	6000000192385728844
Q115904034	6000000005017442346
Q115904036	6000000009116017394
Q115904044	6000000112217915926
Q115904048	6000000036327745661
Q115904050	6000000003526773294
Q115904059	6000000008307950840
Q115904060	6000000006719709003
Q115904228	6000000018290219759
Q115904229	6000000020920977635
Q115904235	6000000018048612568
Q115904236	6000000002898059364
Q115904239	6000000018290225219
Q115904240	6000000018290204207
Q115904243	6000000016386356159
Q115904247	6000000022644086086
Q115904248	6000000000658950188
Q115904259	6000000018290181277
Q115904260	6000000035286174137
Q115904262	6000000022643838721
Q115904263	6000000003693258728
Q115904268	6000000018289785412
Q115904284	6000000017327984312
Q115904297	6000000075154531833
Q115904299	6000000075242629914
Q115904302	6000000000593186987
Q115904304	6000000000593267605
Q115904307	6000000075241063566
Q115904309	6000000075242511433
Q115904347	6000000030088213312
Q115904348	6000000008530225802
Q115904348	6000000033304981288
Q115904351	6000000021131911810
Q115904353	6000000003942983469
Q115904407	6000000015530320617
Q115904408	6000000001592274336
Q115904409	6000000000661943944
Q115904412	6000000015530336266
Q115904414	6000000001259238788
Q115904418	6000000005018061418
Q115904419	6000000027577424740
Q1159055	6000000057586674020
Q1159057	6000000022820032469
Q1159065	6000000081114851018
Q1159071	6000000048384107038
Q1159073	6000000076560756870
Q115907305	6000000027577539328
Q115907426	6000000029880208653
Q115907445	6000000003040502639
Q115907446	6000000003150327902
Q115907452	339988226940013894
Q115907453	6000000008260469177
Q115907454	6000000007981924380
Q115907456	6000000007981645839
Q115907464	6000000001588496722
Q115907465	6000000017937636304
Q115907466	6000000001009919252
Q115907505	6000000003075794498
Q115907511	6000000106881039053
Q115907515	6000000043072308028
Q115907516	2739258
Q115907517	6000000004180402603
Q115907521	6000000024830738342
Q115907525	6000000002447394499
Q115907742	6000000030120785937
Q1159087	6000000177174339209
Q115909471	6000000071456874069
Q115909849	6000000190129490908
Q115909875	6000000190129285912
Q1159099	6000000008959752392
Q115909906	6000000190129914872
Q115909935	6000000190130284821
Q115909952	6000000187123721944
Q115909989	6000000190163074833
Q115910930	6000000190166232823
Q1159128	326147168270006517
Q115913565	6000000000932507769
Q115915371	4398854009630036223
Q115915373	6000000002773489401
Q115915374	6000000001733175872
Q115915382	6000000002046118062
Q115915397	6000000010793075839
Q115915398	6000000010259667739
Q115915400	6000000002790782406
Q115915405	6000000004263641933
Q115915406	6000000002930995850
Q115915419	6000000008354404903
Q115915420	6000000000792261658
Q115915421	6000000032888346858
Q115915422	6000000000792261813
Q115915424	6000000002790501101
Q115915426	6000000002909005392
Q115915432	4277937026050033587
Q115915436	6000000002790945062
Q115915437	6000000000771426912
Q115915441	6000000052171266940
Q115915444	6000000003077543761
Q115915451	6000000008311923219
Q115915452	6000000002909005475
Q115915455	6000000015352325851
Q115915458	6000000015352138900
Q115915460	6000000082652243951
Q115915467	6000000015352256123
Q115915468	6000000003301740796
Q115915472	6000000002790496899
Q115915473	6000000002790738267
Q115915477	6000000002790367709
Q115915478	6000000003149167111
Q115915480	6000000002790411981
Q115915482	6000000002790389848
Q115915484	6000000007454307107
Q115915516	6000000003693269697
Q115915533	6000000004089409247
Q115915543	6000000003810961125
Q115915545	6000000022395616060
Q115915577	6000000003938625062
Q115915578	6000000048122704925
Q115915604	6000000000969997671
Q115915683	6000000176915579850
Q115915709	6000000003024337570
Q115915764	6000000042448827406
Q115915768	6000000025582959546
Q115915789	6000000006413033941
Q115915792	6000000000908933808
Q115915796	6000000017450304347
Q115915882	6000000083905581276
Q115915883	6000000003940500534
Q115915886	6000000003938211627
Q115916015	6000000006186106900
Q115916199	6000000002684706160
Q115916216	6000000006440536964
Q115916218	6000000006581200119
Q115916226	5495664690490084831
Q115916228	6000000002603025550
Q115916236	6000000006444819625
Q115916270	6000000006440563840
Q115916272	6000000006727986003
Q115916280	6000000004074534487
Q115916281	6000000004074534422
Q115916282	5485688175880072839
Q115916283	6000000007391856683
Q115916285	6000000003492862738
Q115916288	6000000000628709151
Q115916289	6000000002777239227
Q115916306	6000000007454316567
Q115916308	6000000002789362812
Q115916310	6000000003133605434
Q115916332	6000000002704621370
Q115916333	6000000002704614359
Q115916334	6000000002789616640
Q115916335	6000000002904932246
Q115916335	6000000206080123905
Q115916336	6000000002789664467
Q115916340	6000000009111761282
Q115916344	6000000002789359913
Q115916347	6000000002704634800
Q115916348	6000000002704698053
Q115916350	6000000002704509248
Q115916351	6000000002891456924
Q115916352	6000000002891458851
Q115916355	6000000002891450542
Q115916522	6000000176284355876
Q115916545	6000000176281678006
Q115916568	6000000176285607824
Q115916569	6000000020894076252
Q115916572	6000000020894133946
Q115916575	6000000005251625237
Q115916576	6000000000941374488
Q115916577	6000000003210337247
Q115916584	6000000003076261188
Q115916585	6000000003076859654
Q115916656	6000000026561941863
Q1159183	6000000093466947821
Q115919844	6000000059910623942
Q115919870	6000000059910491082
Q115919891	6000000012848306294
Q115919939	6000000030740478172
Q115920038	6000000017266822359
Q115920874	6000000195454385883
Q115920972	6000000195454854837
Q115921075	6000000008276956115
Q115921110	6000000022057178217
Q115921245	6000000006501799858
Q115921364	6000000008277037586
Q115921369	6000000008276630178
Q115921553	6000000016836373669
Q115921879	6000000190227212835
Q115921948	6000000005597176386
Q115921951	5393798698700128282
Q115921988	6000000008533206103
Q115921990	6000000003013176669
Q115921998	6000000002930913386
Q115922354	6000000010169469075
Q115922605	6000000190227185836
Q115923500	6000000038191379764
Q115923500	6000000061006505842
Q115923514	6000000037974073728
Q115923518	6000000008378382559
Q115923520	6000000008378324625
Q115923525	6000000025188512526
Q115923529	6000000003868226592
Q115923544	6000000003085022844
Q115923545	6000000003085012997
Q115923546	6000000003084725996
Q115923547	6000000004974898493
Q115923557	6000000006960084886
Q115923572	6000000001382756223
Q115923573	6000000040785829391
Q115923575	4982625181140133653
Q115923618	6000000002307435850
Q115923645	6000000172193806118
Q115923646	6000000002293718032
Q115923647	6000000002293704721
Q115923652	6000000008746556823
Q115923653	6000000001531375462
Q115923656	6000000002293718287
Q115923660	6000000003185170392
Q115923662	6000000002305655507
Q115923673	6000000006171476753
Q115923738	6000000005768002201
Q115923745	6000000000426533470
Q115923747	6000000003040509000
Q115923776	4491743751850061265
Q115923831	6000000021024673850
Q115923907	6000000006782990536
Q115923907	6000000023828141823
Q115923913	6000000023827794408
Q115923914	6000000001727179665
Q115923917	6000000001637053883
Q115923918	6000000007660023312
Q115923925	6000000023827666725
Q115923926	6000000002892351998
Q115923928	6000000002892359906
Q115923929	6000000002909466068
Q115923930	6000000023345259081
Q115923932	6000000011413104831
Q115923933	6000000001637055046
Q115923933	6000000137358559857
Q115923946	6000000002459880180
Q115924002	6000000002870159340
Q115924003	6000000002885394772
Q115924004	6000000000229596542
Q115924004	6000000008756035377
Q115924017	6000000000229599413
Q115924026	6000000006830582055
Q115924027	6000000007179413230
Q115924071	6000000000117904342
Q115924072	6000000000688986734
Q115924074	6000000002020211589
Q115924079	6000000002055939226
Q115924085	6000000004282322310
Q115924088	6000000003549791692
Q115924089	4181102199200073714
Q115924100	6000000002908132308
Q115924108	6000000002907933358
Q115924109	6000000009588253220
Q115924128	6000000001398365368
Q115924130	6000000017443410624
Q115924135	6000000026094703421
Q115924135	6000000080648838377
Q115924136	6000000026093799680
Q115924136	6000000080648227514
Q115924153	352401530200013939
Q115924154	6000000006175754855
Q115924192	6000000015755102911
Q115924196	6000000015754763708
Q115924200	6000000015755601158
Q115924221	6000000013256573254
Q115924222	6000000159551007866
Q115924222	6000000182900070858
Q115924229	6000000177444281821
Q115924231	6000000008251397103
Q115924254	6000000015324651747
Q115924257	6000000015324721110
Q115924258	6000000079634516870
Q115924261	6000000017527495092
Q115924262	6000000050382628924
Q115924263	6000000050382560907
Q115924385	6000000000694471147
Q115924426	5564871507860043956
Q115924489	6000000000773957407
Q115924491	6000000002567331301
Q115924494	6000000003077165074
Q115924497	6000000128787894832
Q115924498	6000000003126049095
Q115924499	6000000000110212211
Q115924501	6000000006438953427
Q115924523	6000000004318814021
Q115924661	6000000028390096037
Q115925163	6000000000526396487
Q115925165	6000000003939079045
Q115925166	6000000001190641055
Q115925260	6000000003937971290
Q115925270	6000000051403475188
Q115925271	6000000000550126423
Q115925275	6000000003939065708
Q115925278	6000000003939043021
Q115925279	6000000005417610244
Q115925329	6000000003938831546
Q115925341	6000000003939073297
Q115925342	6000000003939073253
Q115925345	6000000002442702101
Q115925452	6000000006210430025
Q115927216	6000000143941321135
Q1159277	6000000057434321059
Q115928142	6000000008417543792
Q115928144	6000000024103576298
Q115929351	6000000023755599067
Q115929460	6000000008832494954
Q115933232	6000000016682291034
Q115933256	6000000084110826221
Q115933282	6000000007563543381
Q115933283	6000000007563481666
Q115933626	6000000006592047008
Q115933627	6000000131522891896
Q115933628	6000000007749997096
Q115933637	6000000000954589711
Q115933681	6000000000954589666
Q115933687	6000000028390224245
Q115933690	6000000028390564180
Q115933957	6000000084110587262
Q115934308	6000000005396586267
Q115934309	6000000005396586275
Q115934342	342025747740012886
Q115934376	6000000083909944833
Q115934892	6000000003868019251
Q115934913	6000000001968475344
Q115934931	6000000005396395699
Q115934949	6000000005396395706
Q115935090	6000000001321969950
Q115935142	6000000001321969936
Q115935255	6000000003867591159
Q115935294	6000000001968475228
Q115936190	6000000052169813117
Q115937225	6000000153480201926
Q115937236	6000000038326159041
Q115938024	6000000187744457822
Q115940942	6000000187124758867
Q115941657	6000000012983922527
Q115941732	6000000007980337336
Q115941798	6000000175688183821
Q115941808	6000000010199134994
Q115941963	6000000069702480026
Q115942632	6000000021134668620
Q115943330	6000000006769168867
Q115943448	6000000146978365821
Q115943726	6000000012103188371
Q115943727	6000000002614706050
Q115943729	6000000000337352205
Q115944561	6000000029564026990
Q115944596	6000000002799130004
Q1159454	6000000116887892941
Q115945598	6000000003939496908
Q115945599	6000000000284199660
Q115945600	6000000001384323927
Q115945605	6000000001383844717
Q115945606	6000000000284199684
Q115945607	6000000001384337234
Q115945610	6000000003938209310
Q115945616	6000000012599834269
Q115945619	6000000024009352824
Q115945621	6000000006861307316
Q1159458	6000000179698746854
Q115945950	6000000018432411304
Q115947	6000000091841902904
Q115947919	6000000011643178559
Q115949236	6000000190223154830
Q115949333	6000000006970043186
Q115949334	6000000006969909334
Q115949712	6000000180882946830
Q11595	6000000014984789485
Q115950040	4326694342490120174
Q115954281	317530140370008529
Q115954284	6000000012599803218
Q115954289	6000000003147432822
Q115954397	6000000017504331676
Q115954651	6000000083272785857
Q115954818	6000000034368878349
Q115955255	6000000012590516240
Q115955370	6000000011582449811
Q115955928	4306456734820010175
Q115957264	6000000042306931385
Q115957287	6000000018643410696
Q115957290	6000000018643900512
Q115957291	6000000082481553393
Q115957293	6000000018643803238
Q115957295	6000000016662492298
Q115957306	6000000018642787951
Q115957308	6000000018644314019
Q115957458	6000000190347225829
Q115958184	6000000034492983092
Q115958659	6000000003802237394
Q115958676	6000000019353928520
Q115958730	6000000021818167072
Q115958806	6000000004594270390
Q115958824	6000000026420121976
Q115958906	6000000084645245181
Q115959167	6000000024823260100
Q115959168	6000000004851879231
Q115959576	6000000190130587843
Q115959581	6000000190161770852
Q115959583	6000000190162054837
Q115959664	6000000190130256835
Q115959668	6000000190162241824
Q115959674	6000000190321841833
Q115959676	6000000190322166843
Q115959678	6000000190320955908
Q115959728	6000000190162471821
Q115959737	6000000190321986829
Q115959739	6000000190162689825
Q115959741	6000000190321638855
Q11596052	6000000036326847634
Q115962	6000000012863451075
Q115965367	6000000040945847027
Q115965382	6000000070311793851
Q115965434	6000000186986448825
Q115965439	6000000190189544838
Q115965444	6000000190261337823
Q115965462	6000000186986556822
Q115965475	6000000186985857864
Q115965481	6000000186986090825
Q115965493	6000000190129931861
Q1159705	6000000045995417899
Q115973216	6000000032186914968
Q115973747	6000000000608794294
Q115973785	6000000038609291019
Q115973815	6000000038609373874
Q115973922	6000000038609233165
Q115973948	6000000043729214832
Q115973952	6000000003216063264
Q115973965	6000000087180998823
Q115973977	6000000003940577725
Q115974025	6000000004848811542
Q115974028	6000000011093466174
Q115974076	6000000000465394899
Q115974079	6000000000893950339
Q115974088	6000000000108735753
Q115974090	6000000002294821357
Q115974091	6000000002416261998
Q115974092	6000000000108754589
Q115974093	6000000000108812314
Q115974095	6000000000144420322
Q115974136	6000000001247016831
Q115974139	6000000001247098820
Q115974175	6000000039705742997
Q115974190	6000000000100999637
Q115974193	6000000000100991191
Q115974194	6000000000100812855
Q115974196	6000000000102183777
Q115974198	6000000012160436303
Q115974205	4626632238080050958
Q115974206	6000000002057477099
Q115974207	6000000002057920394
Q115974208	6000000012566732488
Q115974211	6000000000886060056
Q115974223	5645539153420082829
Q115974232	6000000002057995919
Q115974234	6000000002058275118
Q115974235	6000000002058144041
Q115974236	6000000004227373002
Q115974250	6000000010993054145
Q115974251	6000000007645737643
Q1159747	6000000003535447508
Q1159751	6000000016252691618
Q115977768	6000000011047013595
Q115977769	6000000027988990944
Q115977770	6000000027989043883
Q115977773	6000000027988876597
Q115977775	6000000027988608751
Q115977776	6000000027989013136
Q115977781	6000000027989011958
Q115977782	6000000127809367020
Q115977784	6000000027989017161
Q115977785	6000000027989003003
Q1159778	2930757
Q115977920	6000000190333067832
Q115977924	6000000190333012852
Q115978833	6000000049205351159
Q115978892	6000000027607195003
Q115978897	6000000027988483723
Q115978900	6000000129559134841
Q115978904	6000000005736698796
Q115978909	6000000007484952270
Q115978916	6000000007484817680
Q115978924	6000000024306743249
Q115978926	6000000007483670083
Q115978931	6000000024307018063
Q115978939	6000000027876543149
Q115978946	6000000065357932951
Q115978949	6000000065361769870
Q115978971	6000000008321752635
Q115979974	6000000038691195319
Q115980189	6000000032185917476
Q1159803	6000000018052801971
Q115980710	6000000024974124859
Q1159833	6000000050646343083
Q1159840	6000000179400608844
Q11598435	6000000047095839921
Q11598438	6000000044220115158
Q1159848	6000000049836696865
Q115986	6000000141074943118
Q1159861	6000000038944208867
Q1159868	6000000027897061821
Q1159881	6000000036203829502
Q1159888	6000000046391752866
Q115992135	6000000059329950824
Q115994150	6000000076720905608
Q115994727	6000000084084520340
Q115995	6000000022549746792
Q1159978	6000000030662475029
Q1159982	6000000040590098168
Q1159986	6000000014482264717
Q1159987	6000000022807159930
Q116000855	6000000017613373392
Q116001038	6000000009502960203
Q116001186	6000000072067638985
Q116002656	6000000035305433065
Q116002677	6000000035305074464
Q116002696	6000000035305510045
Q116002709	6000000000561878724
Q1160029	6000000178995452842
Q116003	6000000011928135006
Q116003261	6000000002447060193
Q116003273	6000000081022677322
Q116003276	6000000000494531670
Q116003277	6000000002447355409
Q116003337	6000000004019237444
Q116003380	6000000008202061545
Q116003673	6000000081063257064
Q116003674	6000000081063017300
Q116004048	6000000190387950823
Q116004051	6000000083909580940
Q116004052	6000000083909840898
Q116004053	6000000083909593993
Q116004055	6000000083910034821
Q116004057	6000000083910025823
Q116004058	6000000083909775922
Q116004060	6000000083910075855
Q116004084	6000000083909991896
Q116004100	6000000083909918944
Q1160042	6000000008269729337
Q116004254	6000000011255828681
Q116004269	6000000003827671587
Q116004343	6000000182346407837
Q116004344	6000000182345116897
Q116004364	6000000087665786018
Q116004600	6000000035399617087
Q116004814	6000000054626432844
Q116004843	6000000212584336831
Q116005182	6000000021565998969
Q116005371	6000000190389415858
Q116005490	6000000003051322583
Q116005551	6000000003828224892
Q116005554	6000000075624332826
Q116005559	6000000005625685475
Q116005560	6000000005625685581
Q1160056	6000000020054277743
Q116005751	6000000014789097943
Q116005960	6000000013283027752
Q116005961	6000000003013706130
Q116006027	6000000016837609444
Q116006048	6000000006092257246
Q116006166	6000000016827607346
Q116006167	6000000005625714167
Q116006170	6000000003828050804
Q116006171	6000000003828052061
Q116006220	6000000022259842501
Q116006720	6000000000641085321
Q116006727	6000000047817785519
Q116006819	6000000020747699674
Q116006825	6000000020745083905
Q116006923	6000000016554324462
Q116006924	6000000012461758302
Q116006927	6000000015698067785
Q116006962	6000000003013676399
Q116007173	6000000016232078178
Q116007435	6000000003827755452
Q116008031	6000000043719448988
Q116008032	6000000006254140218
Q116008033	6000000006321428019
Q116008035	6000000010799043514
Q116008376	6000000016683253264
Q116008377	6000000010860003467
Q116008379	6000000016683832018
Q116008380	6000000016683182186
Q1160092	6000000025770833960
Q1160139	6000000139503802830
Q1160171	6000000018938577124
Q1160172	6000000177784690908
Q1160178	6000000015239854781
Q116017961	6000000002892288314
Q1160181	6000000081796335083
Q116019	6000000021619006967
Q116019289	6000000019529893921
Q1160224	6000000016159120610
Q116022749	6000000180649123850
Q1160237	6000000036704735893
Q1160247	6000000025770292190
Q116025015	6000000024221081021
Q1160254	6000000152586223833
Q116025957	6000000079670069857
Q116025960	6000000079668422815
Q116026152	6000000002754008165
Q116026153	6000000000741271685
Q116026155	6000000005413034524
Q116026156	6000000000741271751
Q116026157	6000000002827583829
Q116026160	6000000000741271695
Q116026165	6000000001322217559
Q116026184	6000000005412864814
Q116026184	6000000026942830278
Q116026185	6000000005758025613
Q116026186	6000000005412926636
Q116026194	6000000020341936811
Q116026253	6000000002753945126
Q116026296	6000000020341258262
Q116026711	6000000021509205901
Q116026715	6000000016656845711
Q116026717	6000000021511022833
Q116026830	6000000190346409843
Q1160269	6000000069549984134
Q116026925	6000000190346030870
Q116027095	6000000010050270586
Q116027096	6000000022136242659
Q116027097	6000000022136200607
Q116027098	6000000022137079046
Q116027099	6000000022136779260
Q116027108	6000000010050404289
Q116027129	6000000022136273730
Q116027130	6000000022137012069
Q1160277	5446903403860107475
Q116028644	6000000039399066986
Q116028645	6000000039398704749
Q116028667	6000000000865941010
Q116028668	6000000013346967830
Q116028669	6000000037675045922
Q116028670	6000000000865788196
Q116028677	6000000000865692492
Q116028690	6000000005599199422
Q116028691	6000000005599199434
Q116028694	6000000005598767852
Q116028695	6000000078401777868
Q116029358	6000000046926188767
Q116029375	6000000046927871918
Q116029376	6000000046928024040
Q116029380	6000000040179597284
Q116029381	6000000024971726154
Q116029382	6000000024971741178
Q116029383	6000000024971741184
Q116029384	6000000024971391622
Q116029394	6000000017429093763
Q116029404	6000000017427566829
Q116029405	6000000047049936872
Q116029421	6000000047048059476
Q116029423	6000000047049301946
Q116029427	6000000040991059743
Q116029512	6000000027297364481
Q116029545	6000000030507173611
Q116029547	6000000022318441231
Q116031029	6000000003827551930
Q116031089	6000000009304988921
Q116032	6000000077421077706
Q1160320	6000000021915179697
Q116032400	6000000008197372481
Q116032401	6000000011115515296
Q116032562	6000000011349703832
Q116032571	6000000019846296212
Q116032572	6000000019845863733
Q116032575	6000000001504723585
Q116032578	6000000013522225416
Q116032711	6000000005640994016
Q116032742	6000000016215988338
Q116032748	6000000038292352909
Q116032749	6000000038194328093
Q116032752	6000000038194480879
Q116032785	6000000022405679918
Q116032786	6000000013982655144
Q1160328	6000000003022175510
Q116032831	6000000017033173386
Q116032832	6000000121207939907
Q116032833	6000000121208971880
Q116032834	6000000121209583829
Q116032841	6000000121208112851
Q116032860	6000000003828078435
Q116033194	6000000081252242756
Q116033392	6000000000424812099
Q116033393	6000000024914276660
Q116033544	3025177
Q116033563	6000000019377679733
Q116033696	6000000017137757222
Q116033697	6000000017457228245
Q116034	6000000173753912614
Q116034473	6000000021417495060
Q116034481	6000000126025901875
Q1160354	6000000015786250973
Q1160355	6000000153226233873
Q116036181	6000000027722590326
Q116036211	6000000013560673471
Q116036394	6000000065016702824
Q116036409	6000000019800512322
Q116036414	6000000177519876848
Q116036417	6000000017253213009
Q116036445	6000000076316415875
Q116036507	6000000198456401886
Q116036796	6000000011412666499
Q116036798	6000000021400514491
Q116036801	6000000030387305428
Q116036825	6000000077054043057
Q116036830	6000000000104748374
Q116036849	6000000076246510824
Q116036880	6000000002885974069
Q116036888	6000000036393603142
Q116036911	6000000193310232836
Q116036931	6000000019751286498
Q116036971	6000000186009529955
Q116036974	6000000122455140969
Q116036988	6000000037892366877
Q116037005	6000000182266202855
Q116037056	6000000025552103809
Q116037086	6000000175189881864
Q116037211	6000000073115988821
Q116037221	6000000074561072901
Q116037228	6000000178979983980
Q116037233	6000000022864040187
Q116037258	6000000020341512762
Q116037312	6000000040838349502
Q116037318	6000000033210416941
Q116037374	6000000022552530137
Q116037439	6000000194421461922
Q116037467	6000000139711012829
Q116037468	6000000022617675766
Q116037473	6000000032678684112
Q116037495	6000000003282624127
Q116037503	6000000031581636850
Q116037505	6000000057367840060
Q116037507	6000000100596241824
Q116037523	6000000017602624157
Q116037550	6000000000363152012
Q116037551	291824416930008521
Q116037557	6000000003096468813
Q116037563	6000000166741056857
Q116037592	6000000076859136434
Q116037595	6000000172832256807
Q116037671	6000000002802590164
Q116037686	6000000030731196735
Q116037707	6000000014548372315
Q116037719	6000000200974548821
Q116037756	6000000201460949832
Q116037788	6000000028413615196
Q116037790	6000000115814369855
Q116037810	6000000174527101023
Q116037832	6000000012283955951
Q116037833	6000000037603540873
Q116037836	6000000083574698987
Q116037841	6000000076214147078
Q116037874	6000000089406690892
Q116037878	6000000029103486170
Q116037879	6000000002033984175
Q116037896	6000000006708492518
Q116037924	6000000084243436915
Q116037935	6000000075898221230
Q116037948	6000000003538555796
Q116037979	6000000194010254825
Q116038034	6000000190667720837
Q116038094	6000000000806973746
Q116038106	6000000052616814968
Q116038230	6000000017719334303
Q116038271	6000000018223643727
Q116038272	6000000018223792477
Q116038280	6000000224170170890
Q116038284	6000000009514830539
Q116038300	6000000035485429906
Q116038314	6000000019278838790
Q116038349	6000000076672822975
Q116038351	6000000170292958262
Q116038363	6000000057127968831
Q116038376	6000000224169959003
Q116038394	6000000172507097060
Q116038402	6000000006734535653
Q116038424	6000000013344850420
Q116038441	6000000035782749182
Q116038451	6000000033251174091
Q116038453	6000000173754416896
Q116038478	6000000216783732233
Q116038486	6000000009589660678
Q116038491	6000000002713480147
Q116038551	6000000010825192895
Q116038559	6000000004949825982
Q116038592	6000000033813190454
Q116038634	6000000211344588829
Q116038636	6000000021345880151
Q116038686	6000000025940491530
Q116038745	5378697300480079666
Q116038755	6000000028063103493
Q116038766	6000000005427952068
Q116038777	6000000012134687825
Q1160388	6000000043379146694
Q116038808	6000000066958218060
Q116038809	6000000025821213632
Q116038812	6000000177821277853
Q116038823	6000000204713746879
Q116038828	6000000022967649556
Q116038829	6000000166783445894
Q116038833	6000000138336382871
Q116038887	6000000024331698963
Q116038890	6000000006735170210
Q116038898	6000000088429405848
Q1160389	6000000014694826377
Q116038903	6000000008018612285
Q116038907	6000000018520919458
Q116038925	6000000017805689090
Q116038938	6000000020662372606
Q116038987	6000000035784466136
Q116039000	6000000003549506215
Q116039013	6000000193144357847
Q116039015	6000000030642895044
Q116039037	6000000017319955132
Q116039039	6000000169628837256
Q116039053	6000000011581610883
Q116039056	6000000029656124190
Q116039060	6000000003310446425
Q116039087	6000000116856544115
Q116039107	6000000216162918826
Q116039111	6000000069485893999
Q116039139	6000000105540779824
Q116039176	6000000184980425846
Q116039182	6000000072234270574
Q116039183	6000000072235204018
Q116039238	6000000133808877821
Q116039244	6000000039939133316
Q116039295	6000000021035520762
Q1160393	6000000043027971622
Q116039317	6000000108346152070
Q116039331	6000000041712683522
Q116039625	6000000055004567052
Q116039628	6000000022139598270
Q116039631	6000000022806887726
Q116039633	6000000022807151944
Q116039634	6000000024308712242
Q116039636	6000000024308405667
Q116039640	6000000113470512823
Q116039643	6000000024308668336
Q116039644	6000000028338031971
Q116039645	6000000123659258889
Q116039646	6000000123658945019
Q116039658	6000000022806954364
Q116039659	6000000024308066658
Q116039662	6000000024308606953
Q116039663	6000000024309401960
Q116039665	6000000018011809359
Q116039712	6000000002766100652
Q116039750	6000000018670328422
Q116039908	6000000173366116654
Q116040042	6000000123069268892
Q116040053	6000000123073041822
Q1160402	6000000015445512467
Q116040294	6000000065028523832
Q116040334	6000000120378761842
Q116040335	6000000120377476012
Q116040454	6000000175279595256
Q116040615	6000000028591796378
Q116040616	6000000028592028105
Q116040696	6000000018650587923
Q116040725	6000000015389988325
Q116040726	6000000015389985278
Q116040728	6000000077333837835
Q116040729	6000000015368047301
Q116040730	6000000015367895576
Q116040732	6000000015368117094
Q116040735	6000000015214631583
Q116040814	6000000002818469126
Q116040815	6000000002818326483
Q116040840	6000000015367768515
Q116040841	6000000015367944185
Q116041001	6000000038826843492
Q116041250	6000000217827636359
Q116041322	6000000079602500879
Q116041393	6000000014922556054
Q116041405	6000000033743984907
Q116041406	6000000022383065621
Q116041438	6000000059305658896
Q116041624	6000000014784552045
Q116041625	6000000021427064195
Q116041836	6000000009304962157
Q116041849	6000000015966478450
Q116041868	6000000079241192831
Q116041954	6000000017722157664
Q116041987	6000000015733510175
Q116042093	6000000027485710423
Q116042094	6000000027485466810
Q116042095	6000000113727052145
Q116042113	6000000113730345834
Q116042114	6000000113730170861
Q116042124	6000000080355540863
Q116042125	6000000080355220028
Q116042358	6000000139619645113
Q116042416	6000000195068982832
Q116042417	6000000037119538063
Q116042423	6000000043434357993
Q116042489	6000000033923952316
Q116042511	6000000026381485476
Q116042558	6000000022155474307
Q116042585	6000000043685890895
Q116042638	6000000162488695821
Q116042639	6000000072222031838
Q116042683	6000000212435309845
Q116042715	6000000216979752901
Q116042716	6000000097907285840
Q116042768	6000000203312215828
Q116042775	6000000046465539831
Q116042776	6000000021384187946
Q116042807	4065233
Q116042815	6000000027433356124
Q116042823	6000000066623276821
Q116042836	6000000010651430518
Q116042854	6000000209301050835
Q116042959	6000000173314772928
Q116043088	6000000119062839851
Q116043111	6000000038834948176
Q116043321	6000000011542874771
Q116043417	6000000183081269918
Q116043443	381320075960013290
Q116043468	6000000130115487000
Q116043473	6000000052343661821
Q116043597	6000000010245772876
Q116043614	6000000076112238858
Q116043621	6000000179806334834
Q1160437	6000000173876259995
Q1160438	6000000173750187949
Q116043808	6000000031387387082
Q116043842	6000000025903701845
Q116043879	6000000001851851214
Q116043881	6000000077647127942
Q116043882	6000000181550472824
Q116043907	6000000004649972641
Q116043908	6000000002765702065
Q116043910	6000000078165308052
Q116043915	6000000185685820933
Q116043916	6000000194372935828
Q116043928	6000000021035975924
Q116043929	6000000021036635644
Q116043936	6000000039113713882
Q116043956	6000000107643963021
Q116043996	6000000092618953888
Q116044078	6000000185331678834
Q116044098	6000000039229853378
Q1160442	6000000004994214728
Q116044317	6000000167265466876
Q116044319	6000000139886990851
Q116044369	4030432910330011113
Q116044413	6000000036762456343
Q116044420	6000000021972882289
Q116044469	6000000084564183107
Q116044470	6000000030752069011
Q116044506	6000000031277681003
Q116044533	6000000019025210436
Q116044556	6000000177651843821
Q116044688	6000000078486695881
Q116044689	6000000066544947941
Q116044698	6000000003477422562
Q116044704	6000000167296447821
Q116044726	6000000022289266736
Q116044753	6000000002902148242
Q116044809	6000000069642909892
Q116044832	6000000168992024821
Q116045106	6000000016497601020
Q116045110	6000000036176704317
Q116045311	6000000028072758784
Q116045333	6000000031701453987
Q116045338	6000000026072086600
Q116045343	6000000002962497093
Q116045346	6000000002962269934
Q116045381	6000000026072849627
Q116045395	6000000026075380285
Q1160455	6000000177687690828
Q1160458	6000000040183660704
Q1160462	6000000010810924587
Q116046206	6000000011576121957
Q116046221	6000000026066744471
Q116046222	6000000026066950052
Q116046443	6000000015752010288
Q116046444	6000000015751973116
Q116046445	6000000017241144211
Q116046446	6000000015763900786
Q116046447	6000000017240984601
Q116046448	6000000017241266271
Q116046450	6000000017241105461
Q116046453	6000000015764044672
Q116046458	6000000017242232088
Q116046459	6000000013822442307
Q116046464	6000000008267808206
Q116046470	6000000014335903385
Q116046471	6000000019070417542
Q116046482	6000000017687732061
Q116046483	6000000019070588221
Q116046484	6000000019403310588
Q116046514	6000000019632457752
Q116046525	6000000093843636077
Q116046527	6000000093844532848
Q116046612	6000000017935092350
Q116046643	6000000017364750375
Q116046646	6000000017313613197
Q116046647	6000000017312133863
Q116046688	6000000015139920905
Q116046693	6000000015139827475
Q116046699	6000000013693826012
Q116046700	6000000017849425185
Q116046701	6000000017945115505
Q116046702	6000000017945066528
Q116046704	6000000017585307087
Q116046711	6000000018033551491
Q116046713	6000000013653978369
Q116046717	6000000013654156051
Q116046718	6000000013654014508
Q116046721	6000000013653759938
Q116046724	6000000013693262444
Q116046760	6000000017736075609
Q116046833	6000000017934626482
Q116046859	6000000012175864712
Q116046860	6000000018179841448
Q116046861	6000000018179831406
Q116046862	6000000018179945298
Q116046863	6000000017727484654
Q1160469	6000000128693289928
Q116046909	6000000013898841764
Q116046992	6000000013699882277
Q116047047	6000000013800177778
Q116047264	6000000007560096506
Q116047265	6000000003356170161
Q116047295	6000000029223915062
Q116047297	6000000018830098399
Q116047298	6000000018829737566
Q116047322	6000000024786839912
Q116047323	6000000024786802992
Q116047324	6000000017225111067
Q116047325	6000000019468356463
Q116047326	6000000013236296779
Q116047346	6000000021146564836
Q116047352	6000000030355006742
Q116047354	6000000030356340425
Q116047355	6000000010807329975
Q116047356	6000000016710982653
Q116047357	6000000016710418597
Q116047358	6000000016710418602
Q116047368	6000000013796994530
Q116047448	6000000017545846509
Q116047449	6000000017545732782
Q116047452	6000000017545961011
Q116047457	6000000017545846543
Q1160507	6000000008604365200
Q116050885	6000000019831074097
Q1160511	6000000073740020857
Q116051442	6000000181820596833
Q1160515	6000000065490321822
Q116052053	6000000035980330177
Q116052164	6000000050996974875
Q116052182	6000000041306762370
Q116052291	6000000041306434590
Q116052604	6000000017671887535
Q116052734	6000000092578261135
Q116052736	6000000033577730497
Q116052740	6000000169812009894
Q116052741	6000000082905191447
Q116052742	6000000075133501341
Q116052744	6000000091427643848
Q116052745	6000000179270079921
Q116052751	6000000092175244097
Q116052752	6000000038368495900
Q116052754	6000000015241999992
Q116052755	6000000093397812262
Q1160530	6000000012358244661
Q116053370	6000000015890578947
Q116053371	6000000016077163305
Q116053373	6000000014643480233
Q116053689	6000000014643334764
Q116053760	6000000016943365923
Q116053787	6000000012700820047
Q116053814	6000000014276027285
Q1160550	6000000008231329057
Q116055410	6000000026380652849
Q116055836	6000000003339156056
Q116055887	6000000003454122444
Q116057	6000000031911228940
Q116057032	6000000016469045756
Q116057033	6000000016469134312
Q116057072	6000000024500340164
Q116057281	6000000002020824124
Q116057283	6000000002020866138
Q116057288	6000000002020859049
Q116058	5162149428460047471
Q116058091	6000000086072575956
Q116058150	6000000216676931821
Q116058235	5037298709240118203
Q116058318	6000000021211134713
Q116058331	6000000014174680013
Q116058670	6000000022646357934
Q116058767	6000000006444983417
Q116059	6000000045998831315
Q1160594	6000000009753881332
Q1160595	6000000009753540003
Q116060326	6000000007350540251
Q116060540	6000000013970533796
Q116061849	6000000052209576854
Q116062	6000000003075330310
Q1160628	6000000036031818382
Q1160646	6000000024829280836
Q116066977	6000000119515800101
Q1160676	6000000007278898854
Q116068079	6000000001669596740
Q11607	6000000013053180462
Q1160712	6000000167711224821
Q116072	6000000177165018823
Q1160751	6000000011187193472
Q1160752	6000000011187252405
Q116077709	6000000041739360749
Q1160780	6000000020956454912
Q11608	6000000005751454048
Q116080754	6000000041739652204
Q116081578	6000000009625676428
Q116081938	6000000009625439038
Q11608196	6000000075578368280
Q1160828	6000000014218074100
Q1160842	6000000180245286832
Q116085121	6000000046800913144
Q116085124	6000000039427672933
Q116085682	6000000039449833804
Q11608582	6000000074783167046
Q116086111	6000000025797831029
Q11608619	6000000021829029990
Q116087806	6000000017447218585
Q11609	6000000124936586956
Q116090	6000000041972769929
Q116091136	6000000041739703020
Q116094	6000000070769016823
Q1160957	6000000033186219385
Q11609596	6000000011811329734
Q116096	6000000004969886834
Q116096425	6000000007378410227
Q116096429	6000000008255321590
Q116096468	6000000006455372075
Q116096472	6000000001504862420
Q116097215	6000000019484120894
Q1161005	6000000029035391161
Q116102403	6000000008485838037
Q116102405	6000000008488094136
Q116102407	6000000008639497620
Q116102515	6000000007631081205
Q1161029	6000000047854333927
Q11610443	6000000018572062086
Q1161058	6000000016984221806
Q11610758	6000000002188099784
Q11610762	6000000075430693915
Q11610770	6000000075481761929
Q11610773	6000000074792077836
Q11610775	6000000074791412360
Q11610782	6000000074792180858
Q11610785	6000000075431117867
Q11610788	6000000074792070848
Q1161079	6000000027362369286
Q11610791	6000000075430062866
Q11610793	6000000075430709826
Q11610796	6000000074792081864
Q11610798	6000000074791903956
Q11610799	6000000074792225847
Q11610800	6000000074791793996
Q11610806	6000000075430465043
Q11610809	6000000074791825979
Q11610813	6000000002188099799
Q11610815	6000000074792056988
Q1161082	6000000013523798187
Q11610823	6000000074792002908
Q11610826	6000000075431062846
Q11610830	6000000075430833929
Q11610832	6000000075431126870
Q11610841	6000000143880515834
Q1161088	6000000025290241529
Q1161100	6000000014428680172
Q116112102	6000000176226632975
Q116112391	6000000176228724832
Q116114693	6000000218291945890
Q11611764	6000000074710799345
Q1161182	6000000000278608235
Q116120935	6000000006128227651
Q1161215	6000000011112302277
Q1161220	6000000014121684327
Q116122068	6000000019567327629
Q1161225	6000000035466861579
Q1161226	6000000027483385044
Q116124	6000000016508523783
Q116126237	6000000020792304380
Q11613	6000000000264958780
Q116131170	6000000015993755019
Q116131172	6000000015993676500
Q116133329	6000000032791861652
Q116134	6000000177987964860
Q116135654	5023990457170026387
Q116136346	6000000172089774753
Q116136347	6000000006127872401
Q116136557	6000000022261558376
Q116136582	6000000046667687833
Q1161373	6000000024724622297
Q116137450	6000000014321068306
Q1161390	6000000008279073664
Q1161393	6000000067332065901
Q1161404	6000000029956649960
Q1161415	6000000065614401835
Q116142442	6000000010570740283
Q116142774	6000000024874034443
Q116142776	6000000024874056252
Q116142777	6000000076170655838
Q116142780	6000000058675533949
Q116142894	6000000115125252271
Q116143155	6000000033045333000
Q116143213	6000000003538562665
Q116143216	6000000178946110841
Q116143217	6000000082456323832
Q116143418	337940204880004064
Q116144299	6000000190562585823
Q116144607	6000000187117594842
Q116144910	6000000187117520853
Q116144934	6000000190562619877
Q116144958	6000000017633483061
Q116144959	6000000025142411236
Q116144960	6000000023339999129
Q116144973	6000000104798668199
Q116145026	6000000190562960822
Q1161452	6000000011227671959
Q116145255	6000000186985584865
Q116145338	6000000186986365821
Q116145361	6000000003853765101
Q116145363	6000000003853827684
Q116146286	6000000033090026356
Q116146411	6000000001353901058
Q116146417	6000000007150865803
Q116146421	6000000096334833919
Q11614663	6000000021871197157
Q116147141	6000000064867327909
Q116148206	6000000189306360899
Q116148226	6000000189306387828
Q116148230	6000000189306503831
Q116148232	6000000190285959852
Q116148295	6000000003249586166
Q116148296	6000000015504651592
Q116148324	6000000189306581823
Q116148334	6000000189306667891
Q116148352	6000000189306667846
Q116149680	6000000027419424804
Q116149762	6000000056443293932
Q116149776	6000000027435030865
Q116149865	6000000027418197746
Q116149920	6000000027434377637
Q116150	6000000150989905834
Q116150004	6000000027435074827
Q116150138	6000000039366857303
Q116150177	6000000102946991821
Q1161503	6000000009085044910
Q116150689	6000000029006609362
Q116151389	6000000026553626884
Q1161518	6000000057087854405
Q116151955	6000000003221166348
Q116151993	6000000019712606767
Q116152569	6000000040977449567
Q1161527	6000000021023871480
Q116152988	6000000019714816443
Q1161532	6000000013164394124
Q116153554	6000000076906937891
Q1161537	6000000013164416959
Q116153710	6000000069479486984
Q116153768	6000000076906204566
Q1161546	6000000013164935249
Q1161565	6000000181573391898
Q116157648	6000000202802138822
Q1161582	6000000184013891984
Q116158485	6000000056769288961
Q116158560	6000000056769200012
Q116158689	6000000020342483491
Q116158806	6000000056769031051
Q116159118	6000000002787896786
Q116159135	6000000002984969601
Q116159230	6000000173569792821
Q116159448	6000000000759439366
Q116159590	6000000022851466713
Q116160283	6000000027056831412
Q116160821	6000000001667997127
Q116160855	6000000001667999205
Q116160876	6000000001667906413
Q116161694	6000000029679420702
Q116161822	6000000007014385154
Q116162	6000000012472925624
Q116162237	6000000040049210206
Q1161631	6000000036014190582
Q116164103	6000000175280470034
Q1161658	6000000031670480814
Q1161669	6000000107671681828
Q116167935	6000000008996685142
Q116167965	6000000085071049975
Q1161681	6000000012478191819
Q116168273	6000000008597072656
Q116168286	6000000026889616021
Q116168287	6000000026889401223
Q116168289	6000000026888567759
Q116168292	6000000026889246791
Q116168293	6000000026889276644
Q116168294	6000000026889311455
Q116168295	6000000018529156162
Q116168296	6000000018529275171
Q116168303	6000000016120739606
Q116168487	6000000000071512608
Q116168662	6000000009547199253
Q116168664	6000000009546167855
Q116168672	6000000018866386598
Q116168673	6000000018865899599
Q116168678	6000000082553644951
Q116168679	6000000014116738243
Q116168680	6000000082553735915
Q11616928	6000000018300884427
Q116169367	6000000032485760945
Q116169367	6000000050903719302
Q116169391	6000000015465842876
Q116169395	6000000019101084166
Q116169404	6000000211275356842
Q116169419	6000000040280938605
Q116169427	6000000008967423899
Q116169482	6000000174247021997
Q1161698	6000000004882581339
Q116169918	6000000104561624893
Q11617	6000000027896874703
Q11617021	6000000075346174950
Q116171032	6000000016670616387
Q116171055	6000000008714270274
Q116171090	6000000002802583679
Q116171195	6000000104962453857
Q116171309	6000000018964426059
Q116171980	6000000078039917899
Q116172055	6000000030828650369
Q116172105	6000000011612595412
Q1161727	6000000021553549598
Q116172724	6000000016670586307
Q1161728	6000000022266462574
Q116173078	6000000017727873524
Q116173319	6000000014154300537
Q116173325	6000000006290219669
Q116173414	6000000020169909296
Q1161735	6000000024717108295
Q1161740	6000000106416644843
Q116174091	6000000146304387917
Q1161746	6000000003087874523
Q1161747	6000000033075385260
Q116174933	6000000009144326161
Q116174951	6000000014955150156
Q116175182	6000000095777317869
Q116175184	6000000017057560082
Q116175186	6000000018378340908
Q116175187	6000000017824492477
Q116175188	6000000052260559821
Q116175925	6000000016670834267
Q116176	6000000000590852885
Q116176051	6000000114989049910
Q116177636	6000000064867248042
Q116177858	6000000006444983427
Q116177859	6000000006444983438
Q116177860	6000000006721890376
Q116177947	6000000016670862032
Q116178102	6000000008242264028
Q116178103	6000000001544453320
Q116178107	6000000020987810567
Q116179131	6000000175942233847
Q116179132	6000000001877508646
Q116179132	6000000022862653574
Q116179132	6000000175943028822
Q116179134	6000000016314710435
Q116179135	6000000016314678524
Q116179141	6000000002174898976
Q116179237	6000000007419988216
Q116179285	5303991918130119158
Q116179461	6000000003075914307
Q116179704	6000000008269261398
Q116179706	6000000018348112483
Q116179707	6000000018347909347
Q116179708	6000000011832689369
Q116179713	6000000002872290966
Q116179716	6000000003639240845
Q116179717	6000000011623553085
Q116179935	6000000001846136186
Q116179936	6000000001846129302
Q116179968	6000000006450565821
Q116179969	6000000019708086457
Q116179987	6000000003435626180
Q116180092	6000000094627862923
Q116180702	6000000023812915045
Q116180860	6000000002281946693
Q116180862	6000000026380247525
Q116181003	6000000004097649115
Q116181218	6000000003300390261
Q116181219	6000000003300390278
Q116181220	6000000008260460791
Q116181222	6000000008062233384
Q116181223	6000000003937850350
Q116181225	6000000003040607383
Q116181249	6000000010221783020
Q116181252	6000000010222434219
Q1161815	6000000005438487692
Q1161828	6000000008727106721
Q116183251	6000000028786120481
Q116183252	6000000077404331825
Q116183692	6000000026683596531
Q116184183	6000000016895427415
Q116184186	6000000015398918373
Q116184187	6000000016786461982
Q116184211	6000000205650046868
Q116184216	6000000010053355681
Q116184268	6000000034372560627
Q116184269	6000000017763135163
Q116184272	6000000213810788830
Q116184293	6000000010694502644
Q116184302	6000000017253954525
Q116184303	6000000023756102435
Q116184304	6000000107718313209
Q116184306	6000000107720325844
Q116184390	6000000012392198131
Q116184408	6000000012392703986
Q116184409	6000000011880995604
Q116184410	6000000010479432080
Q116184411	6000000010480619306
Q116184495	6000000013651751188
Q116184709	6000000016564765038
Q1161848	6000000015738035335
Q116184993	6000000100074501868
Q116184996	6000000100075025950
Q116185142	6000000017132476642
Q116185242	6000000011348501036
Q116185940	6000000063846850840
Q116186066	6000000054476414821
Q116186263	6000000032848658883
Q116186377	6000000020746668181
Q116186510	6000000206554180850
Q116187107	6000000025817972752
Q116187121	6000000018202451407
Q116187122	6000000018202523144
Q116187140	6000000019816366934
Q116187164	6000000018202233288
Q116187165	6000000018202233294
Q116187174	6000000014273374917
Q116187177	6000000015867903584
Q116187180	6000000013330309431
Q116187182	6000000009744455412
Q116187183	6000000009744520274
Q116187578	3109384
Q116187595	6000000173097937346
Q116187623	6000000173098319867
Q116187630	6000000016670566523
Q116187807	4057226992890032308
Q116187855	6000000021149740004
Q116187867	6000000025471431108
Q116187932	6000000024945352842
Q116187941	6000000001540941947
Q116188082	6000000078773197436
Q116188332	6000000012490440507
Q116188334	6000000066163679844
Q116188607	6000000016686202040
Q116188621	6000000016686085118
Q116188684	6000000001416512906
Q116188685	6000000001416624810
Q116188688	6000000001416815085
Q116188692	6000000001416814105
Q116188693	6000000001358791812
Q116188725	6000000010566943115
Q116188739	6000000002674784488
Q116188874	6000000008591939188
Q116188950	6000000026298388424
Q116189	6000000144746921926
Q116189136	6000000023826469028
Q116189181	6000000080563052900
Q116189302	6000000008592052925
Q116189855	6000000055712544897
Q116190	6000000017360945932
Q116190132	6000000084764225968
Q116190150	4521736383860089928
Q116190222	6000000025607479602
Q116190326	6000000020626261188
Q116190333	6000000006517260314
Q116190421	6000000000479792142
Q116190466	6000000050139394092
Q116190469	6000000050138876443
Q116190583	6000000008679702336
Q11619083	6000000074737587109
Q116190952	6000000005230952474
Q116190981	6000000000638762306
Q116190989	6000000008594090278
Q116191057	6000000003221231723
Q116191063	6000000008679650726
Q116191075	6000000018445239435
Q116191088	6000000018447594143
Q116191090	6000000003221231366
Q116191148	6000000017857212886
Q116191153	6000000004045495837
Q1161913	6000000065152654894
Q116191959	6000000012257578054
Q1161926	6000000015260355337
Q116193493	6000000178796941970
Q116193494	6000000053164009880
Q116193531	6000000010045055700
Q116193847	6000000041846884003
Q116193848	6000000115535886919
Q116193853	6000000020730103959
Q116193854	6000000020092638087
Q116193857	6000000010045386590
Q116194297	6000000001994035507
Q116194389	6000000011206834191
Q116195820	6000000041338950433
Q116196287	6000000019886047369
Q116196287	6000000053604003363
Q116196290	6000000024337459092
Q116196814	6000000039536845439
Q116197032	6000000036694498111
Q116197038	6000000021344604957
Q116197335	6000000080286622117
Q116198431	6000000017986607996
Q116198815	6000000164664064878
Q116199535	6000000049984878833
Q116199730	6000000179221415017
Q116200068	6000000060307421047
Q116200111	6000000187436932821
Q116200112	6000000186424446908
Q116200114	6000000190748755823
Q116200365	6000000031446311960
Q116200582	6000000200332805831
Q116200584	6000000200308761866
Q116200733	6000000216617624851
Q116200950	6000000040148826095
Q116201	6000000073056865887
Q116201159	6000000022929650836
Q116201220	6000000002457270086
Q116202451	6000000176838582860
Q116202545	6000000197573128854
Q1162033	6000000037471624640
Q116203699	6000000079939364884
Q116203702	6000000017987528953
Q116203702	6000000024824227642
Q116204856	6000000187437376822
Q116204897	6000000020127720254
Q116204981	6000000079939990821
Q116205621	6000000077953314170
Q116205787	6000000163749350136
Q116206155	6000000032724481769
Q116206736	6000000018485227711
Q116207128	6000000030784150904
Q116207131	6000000017094522220
Q116207350	6000000009908618774
Q116207489	6000000009908992220
Q116207568	6000000009908857945
Q116207746	6000000002764369407
Q116207820	6000000012774471430
Q11620784	6000000009327497461
Q116208220	6000000189205316826
Q116208459	6000000078858994871
Q116208554	6000000078859773832
Q116208930	6000000078858260235
Q116209148	6000000078859418136
Q1162095	6000000023756499112
Q116210430	6000000006705017451
Q116210430	6000000053604250129
Q11621115	6000000039081413255
Q116211734	6000000224722661855
Q116211801	6000000020368016279
Q116212	6000000010505619017
Q11621221	6000000074786298921
Q116212211	6000000078898339821
Q11621228	6000000074786298928
Q116212702	6000000009908745806
Q116212793	6000000001915958452
Q116213059	6000000018183962141
Q116213268	6000000009224233857
Q116213332	6000000187437310846
Q116213333	6000000187438199830
Q116213336	6000000187436714865
Q116213340	6000000187438625833
Q116213740	6000000111978165851
Q116214240	6000000003940490615
Q1162145	6000000006101238410
Q116215107	6000000144722466864
Q116215297	6000000013639387865
Q116215700	6000000006705181142
Q116215700	6000000201220354864
Q116215724	6000000006705006398
Q116215724	6000000201220579825
Q116216082	6000000186433849969
Q116216126	6000000022863160619
Q116216665	6000000022862785152
Q116216758	6000000022862853130
Q116217660	6000000026244232990
Q116217826	6000000026243937509
Q11621827	6000000074704320975
Q11621829	6000000074732722842
Q116219522	6000000016670566593
Q11622020	6000000074732678113
Q11622028	6000000075481649037
Q11622066	6000000074732952971
Q11622071	6000000075427245593
Q11622073	6000000074732307218
Q11622084	6000000075429840849
Q11622098	6000000075481531119
Q11622100	6000000075481657111
Q11622110	6000000075481576134
Q11622136	6000000075429009949
Q116221800	6000000056677732837
Q116222127	6000000056656566821
Q116222135	6000000021260550170
Q11622242	6000000074749084150
Q11622243	6000000074749371142
Q11622249	6000000015854152618
Q116223402	6000000024021053487
Q116224838	6000000186435167838
Q116224841	6000000186712614865
Q116226037	6000000036742513892
Q116226111	6000000024932959528
Q1162274	6000000009044287949
Q116227841	6000000075329362091
Q116228	5162693287590047968
Q116230895	6000000022862943936
Q116231805	6000000007395932721
Q116231806	6000000007396158407
Q116231947	6000000007818413594
Q116231952	6000000007818501570
Q116232167	6000000007606013091
Q116232169	6000000008869087206
Q1162332	6000000003941051435
Q1162332	6000000026781766962
Q116233576	6000000016925394746
Q116233947	6000000015732325322
Q116234102	6000000015732327493
Q116235221	6000000025912308828
Q116235536	6000000026055619379
Q1162358	6000000079452342920
Q116236051	3807339
Q116236135	6000000026937839534
Q116236168	6000000028242953713
Q116236945	6000000016486756815
Q116237635	6000000011139876824
Q116238206	6000000041353786879
Q116238240	6000000036413721057
Q116238281	6000000120328704823
Q116238287	6000000029842212124
Q116238301	6000000042287272148
Q116238310	6000000199981532995
Q116238311	6000000051844660863
Q116239835	6000000015812505968
Q116239852	6000000085534648990
Q116239866	6000000171896008566
Q116239872	6000000082750767926
Q116239880	6000000179426652828
Q116239920	6000000120888255879
Q116239943	6000000172526121064
Q116239954	6000000115336374902
Q116239981	4315923842350013129
Q116240013	6000000061898079833
Q116240014	6000000033902288848
Q116240025	6000000120907856944
Q116240031	6000000020266219768
Q116240042	6000000115333658855
Q116240049	6000000206796499833
Q116240051	6000000002854564708
Q116240052	6000000020051691522
Q116240055	6000000002754793304
Q116240075	6000000029408303605
Q116240078	6000000002878909562
Q116240090	6000000041114095153
Q116240091	6000000029124579265
Q116240099	6000000033770511574
Q116240111	6000000178617267829
Q116240129	6000000179413889825
Q116240130	6000000163824203886
Q116240149	6000000009875957875
Q116240176	6000000055971109881
Q116240184	6000000178419567827
Q116240227	6000000021609459053
Q116240230	6000000018983468637
Q116240232	6000000036985583130
Q116240247	6000000178733853865
Q116240289	6000000050681621057
Q116240308	6000000025621251402
Q116240331	6000000006955082413
Q116240335	6000000176993127833
Q116240405	6000000068055545829
Q116240412	4106218
Q116240457	6000000071188880833
Q116240485	6000000018961838480
Q116240488	6000000182876840881
Q116240599	6000000194720676855
Q116240607	6000000186141800826
Q116240615	6000000021567108846
Q116240759	6000000011172282366
Q1162417	6000000040586803372
Q1162423	6000000123471468021
Q116242623	6000000006127732493
Q116242702	6000000012012098215
Q116243406	6000000010564537217
Q116244	6000000106982788821
Q116244182	6000000001308485198
Q116244183	6000000001654442566
Q1162442	6000000011088926556
Q116245145	6000000012010870033
Q1162460	6000000015288388713
Q116247159	6000000083344916985
Q116248	4649761
Q116248055	6000000005569202646
Q116251137	6000000023362156100
Q11625170	6000000074730521821
Q116252465	6000000001255524951
Q116252865	6000000001654442549
Q11625368	6000000074707158510
Q116255507	6000000004148804205
Q116256312	6000000006598298549
Q116256704	6000000075329179283
Q116257	6000000006783444443
Q116257006	6000000008354723365
Q116257042	6000000006127601876
Q116257180	6000000190911753864
Q116257192	6000000016774114790
Q116257415	6000000008951418002
Q116257539	6000000008951797456
Q116257783	5045189668850040400
Q116259456	6000000019626911161
Q116259462	6000000019627003382
Q116259505	6000000006128310458
Q116260992	6000000039937395235
Q116261368	6000000053497267962
Q116261822	6000000006127607262
Q116262009	6000000184981046822
Q116263478	6000000001356274114
Q116264582	6000000008294669132
Q11626496	6000000013104237105
Q116265023	6000000021065168763
Q11626507	6000000074738686824
Q11626510	6000000012675548407
Q116265209	6000000021065269271
Q116265392	6000000019627312453
Q116265445	6000000190942588859
Q116265731	6000000030083688288
Q116265932	6000000003273384238
Q116265933	6000000011705919850
Q116265935	6000000003274867015
Q116265940	6000000001383117298
Q116265947	6000000001383117347
Q116265948	6000000002860971604
Q116265952	6000000003221174594
Q116265957	5087781817860025942
Q116265961	6000000002908341676
Q116265967	6000000082071841073
Q116265969	6000000011800190400
Q116265970	6000000002860912092
Q116265981	6000000021065078789
Q116265983	6000000007454748137
Q116265997	6000000003940781087
Q116266238	6000000193664990839
Q116266514	6000000186436007827
Q116266516	6000000186832539821
Q116266517	6000000186832435836
Q116266518	6000000186435373825
Q116266537	6000000190948033829
Q116266538	6000000190948135825
Q116266807	6000000069414236822
Q116267015	6000000011851638609
Q116267700	6000000190951163825
Q116267729	6000000025647535284
Q11626794	6000000013707497434
Q11626801	6000000011589634647
Q116269704	6000000026762142041
Q116269787	6000000018835370598
Q116269812	6000000018835440528
Q11627	6000000044097211689
Q116270422	6000000020351642315
Q116270422	6000000154355213826
Q116271628	6000000003274872797
Q1162719	6000000019383025517
Q116271994	6000000012135689362
Q1162721	6000000034560288443
Q116272580	6000000019994016089
Q1162730	6000000003615884690
Q116273154	6000000078844225046
Q116274822	6000000180557462841
Q116274978	6000000081398892230
Q116275351	6000000007417804969
Q116276296	6000000011361835116
Q116280	6000000023431752034
Q116281562	6000000183162864823
Q116281639	6000000008912461424
Q116281722	6000000008910055481
Q116281806	6000000008909353775
Q1162819	6000000026203435556
Q116283927	6000000042600043903
Q116284576	6000000007666064287
Q116284947	6000000006976170045
Q116284989	6000000015584560795
Q116285452	6000000008132513369
Q116286922	6000000186451962905
Q116286927	6000000186452109890
Q1162881	4589487499320072206
Q116289	6000000002174440403
Q116289209	6000000186452298836
Q116289213	6000000190333191833
Q116289223	6000000186452409821
Q116289308	6000000186486067854
Q116289334	6000000186451649897
Q116290290	6000000003818121422
Q116291128	6000000004018550670
Q116291326	6000000014054395062
Q116291361	6000000014053299945
Q116295967	6000000188262070929
Q11629659	6000000030569369399
Q116297	6000000145965990822
Q116297236	6000000032863133947
Q116299080	6000000010582115380
Q116299171	6000000012645475609
Q1163000	6000000166676043868
Q116301402	6000000017694860348
Q116307590	6000000078876844900
Q116307660	6000000013478191584
Q1163080	6000000004044412754
Q116308084	6000000010289490019
Q116308141	6000000012599654245
Q116309	6000000193440087832
Q1163099	6000000038944739467
Q1163110	6000000084656612934
Q11631202	6000000074792914907
Q11631208	6000000049343648859
Q116313319	6000000003363066421
Q116313814	6000000018363067404
Q116313864	6000000019357963669
Q116313965	6000000002143599201
Q116314657	6000000029685373656
Q1163148	6000000077947581915
Q1163157	4065922076080050198
Q1163163	6000000010179339042
Q116317216	6000000019196999258
Q11632138	6000000074783582893
Q11632236	6000000074787555906
Q11632266	6000000074770354989
Q11632273	6000000032656978167
Q116329143	6000000021927607566
Q1163301	6000000091380004097
Q1163306	6000000000206852463
Q116340335	6000000030245033893
Q1163404	6000000007297911580
Q1163406	6000000003828224904
Q116340665	6000000022713178929
Q1163414	381475133420005792
Q116345192	6000000037016866476
Q116346328	6000000130122756829
Q1163466	6000000015338777740
Q116346667	4250296254630028377
Q1163469	6000000016111206271
Q1163478	6000000026050345090
Q1163481	6000000016110784232
Q11634910	6000000075487745970
Q11635032	6000000036327839100
Q11635036	6000000075401563064
Q11635056	6000000074770796844
Q116359	6000000017806319136
Q116360486	6000000078860613872
Q116363824	6000000186435904822
Q116363828	6000000186435156904
Q1163642	6000000008896678364
Q1163652	6000000204161130821
Q11636644	6000000012653222139
Q11636647	6000000074688750100
Q11636648	6000000075049910858
Q11636694	6000000075057790085
Q11636696	6000000080265091825
Q116367	6000000027469071298
Q11637	6000000002098941023
Q116370495	6000000005585714232
Q116373794	6000000180551572856
Q116373857	6000000178162554832
Q1163744	6000000073845715917
Q1163749	6000000086545215062
Q1163753	6000000090852007897
Q116375505	6000000076450867884
Q116378125	6000000018045198197
Q1163785	6000000059891648465
Q116378693	6000000021851224584
Q1163817	6000000042479450877
Q116382	6000000002240799663
Q1163874	6000000062293911821
Q1163886	6000000179636592824
Q116389109	6000000000487446090
Q1163896	6000000086648454967
Q1163935	6000000084363844004
Q116397259	6000000028522858946
Q116403053	6000000011557429202
Q116409	4328631696910031415
Q11641	6000000015663609596
Q116414461	6000000043106965031
Q116414488	6000000042972983273
Q116414633	6000000042972805437
Q116414816	6000000191073576873
Q116414820	6000000186832688827
Q116414832	6000000186832491826
Q116414852	6000000186832757822
Q116414859	6000000191074084837
Q116418	6000000038575877669
Q1164180	6000000014826440940
Q116427197	6000000089349843821
Q1164273	6000000171060376968
Q116427595	6000000089347130274
Q116428	6000000012640103583
Q116430	6000000013756978156
Q11643007	6000000034121728391
Q11643049	6000000013205447368
Q116432564	6000000012157157419
Q11643298	6000000031960960335
Q116436522	6000000186832415833
Q116436912	6000000055022398877
Q116439279	6000000040414695546
Q116439512	6000000003681322719
Q116439570	6000000011535821299
Q116440600	6000000148995508935
Q11644102	6000000016652089547
Q116445881	6000000032539641868
Q116446390	6000000013933386524
Q116446764	6000000012349068535
Q116447067	6000000043163563246
Q116447072	6000000043163785853
Q116447113	6000000182816322829
Q116447619	6000000191126556896
Q1164478	6000000097229218850
Q116448131	6000000159192083862
Q116448389	6000000015346287688
Q116448972	6000000042508842101
Q116448972	6000000050143705619
Q116448972	6000000184824696835
Q116449005	6000000018171646069
Q116449957	6000000001341207034
Q116449983	6000000001341214299
Q116449989	6000000001341176290
Q116450834	6000000016639627951
Q116451659	6000000019072013412
Q116452578	6000000016487954807
Q116452646	6000000027774172616
Q116453067	6000000073974485872
Q116453356	6000000023483263797
Q116453909	6000000191126659840
Q116454746	6000000191126413849
Q116454778	6000000012117552796
Q116454873	6000000021449264307
Q116454876	6000000032218157894
Q116454930	6000000006906930282
Q116454932	6000000006906930620
Q116455489	6000000002435780460
Q116455894	6000000177570950848
Q116455913	358916794730004139
Q116455955	6000000021639290053
Q116455957	6000000024947983899
Q116455957	6000000038109616926
Q116455970	6000000014984755645
Q116456008	6000000179102575843
Q116456028	6000000063698936823
Q116456748	6000000001291953077
Q116457067	6000000153533891829
Q116457607	6000000095686818007
Q116457650	6000000095689421088
Q116457939	4007678846120126833
Q116458110	336726291500005350
Q116458131	6000000190947691828
Q116458133	6000000190947894832
Q116458136	6000000190947930822
Q116458138	6000000191024191821
Q116458139	6000000191226668909
Q116458419	6000000012798130201
Q116458670	6000000014943045636
Q116459698	6000000128045132905
Q116459737	6000000003939418194
Q116459744	6000000003938820628
Q116459748	6000000003938820636
Q116459754	6000000002916798304
Q116459755	6000000007336475460
Q116459776	6000000009460629771
Q116459836	6000000145224944918
Q116459859	6000000000769851955
Q116459873	6000000001494937557
Q116459875	6000000000955341430
Q116459876	6000000000696727147
Q116459881	6000000000530471737
Q116459884	6000000002580446298
Q116459886	6000000003187854323
Q11646002	6000000015433786064
Q116460074	6000000009782300630
Q116460080	6000000078116790958
Q116460132	6000000018398264183
Q116460173	6000000020971217144
Q116460469	6000000184174925829
Q116462	6000000018822102012
Q116462075	6000000084788978937
Q116462485	6000000004380207715
Q116462793	6000000004380798145
Q116462974	6000000006598432773
Q116462994	6000000197574966844
Q116462998	6000000026094500692
Q116463003	6000000029513256988
Q116463009	6000000200611394829
Q116463010	6000000019288924397
Q116463011	6000000057021693822
Q116463013	6000000005074843082
Q116463017	6000000069957362859
Q116463018	6000000070008559754
Q116463047	6000000043791550181
Q116463048	6000000007559443369
Q116463051	6000000115257030833
Q116463060	6000000135768312880
Q116463099	6000000042871731391
Q116463108	6000000075036415852
Q116463125	6000000033833196881
Q116463126	6000000171759925368
Q116463143	6000000119142879835
Q116463162	6000000021691202000
Q116463206	6000000204625308831
Q116463224	6000000022176569508
Q116463275	6000000018044826157
Q116463299	6000000028449888453
Q116463302	6000000026340766449
Q116463329	6000000000163942070
Q116463346	6000000015462541284
Q116463353	6000000034573446342
Q116463357	6000000018368802159
Q116463371	6000000172364354306
Q116464	6000000050814705191
Q116464195	6000000026810008931
Q116464196	6000000082616165930
Q116464197	6000000033360950906
Q116464208	6000000050630324064
Q116464210	6000000038457847045
Q116464211	6000000190597891867
Q116464212	6000000042062123067
Q116464232	6000000005631423001
Q116464235	6000000014882159753
Q116464239	6000000091779144921
Q116464245	6000000051384775958
Q116464260	6000000083463308350
Q116464262	6000000004947454411
Q116464264	6000000078079262045
Q116464265	6000000193232737835
Q116464274	6000000009309492463
Q116464276	6000000209098942825
Q116464278	6000000025424868018
Q116464280	6000000044510466203
Q116464281	6000000208017727833
Q116464285	6000000017361768913
Q116464291	6000000001775475875
Q116464293	6000000000320899575
Q116464309	6000000036907352933
Q116464327	6000000088913065012
Q116464329	6000000084176308148
Q116464330	6000000173880159860
Q116464331	6000000102175939064
Q116464337	6000000031622401508
Q116464351	6000000077251267819
Q116464357	6000000058477461008
Q116464366	6000000150905915938
Q116464368	6000000191873371830
Q116464384	6000000170011030966
Q116464386	6000000016528893219
Q116464387	6000000188279217833
Q116464392	6000000038403426796
Q116464435	6000000050555621992
Q116464482	6000000040991288110
Q116464497	6000000073576500482
Q116464518	6000000009298431238
Q116464582	6000000002645019029
Q116464782	6000000024430761890
Q116464789	6000000024430615075
Q116464800	6000000191981919840
Q116464806	6000000042116498394
Q116464808	6000000074604973825
Q116464822	6000000084655907710
Q116464829	6000000048564112899
Q116464846	6000000079468268657
Q116464849	6000000061478252930
Q116464854	6000000122046600870
Q116464855	6000000087909562956
Q116464856	6000000016176510426
Q116464865	6000000002764943098
Q116464867	6000000012293379236
Q116464871	6000000022348666398
Q116464906	6000000021907217083
Q116464907	6000000083238829189
Q116464914	6000000019657097877
Q116464917	6000000021478414111
Q116464918	6000000171920233038
Q116464921	6000000022349222299
Q116464940	6000000009520031502
Q116464947	6000000008529616228
Q116464959	6000000006978488129
Q116464971	6000000035748554919
Q116464972	6000000085756367893
Q116464974	6000000182886305843
Q116464985	6000000029205867043
Q116464986	6000000005428088224
Q116464987	6000000075919894846
Q116464997	6000000023187626632
Q116464998	6000000019392603379
Q116465004	6000000055643136833
Q116465011	6000000043685706939
Q116465013	6000000000586689000
Q116465014	6000000101831167135
Q116465019	6000000015536302473
Q116465020	6000000207591116852
Q116465021	6000000101367723920
Q116465034	6000000049796544936
Q116465044	6000000050523243855
Q116465064	6000000075882247821
Q116465071	6000000014894715371
Q116465082	6000000073379344121
Q116465094	6000000144272132821
Q116465117	6000000037988434863
Q116465138	6000000174935549348
Q116465148	6000000082682271944
Q116465158	6000000085438692857
Q116465173	6000000077108755116
Q116465205	6000000173677338846
Q116465503	6000000036325674838
Q116465531	6000000007833929356
Q116465666	6000000036324778509
Q116465666	6000000114866619875
Q1164657	6000000047322364824
Q116466261	6000000114866537873
Q116466359	6000000003691768043
Q116466359	6000000027125631495
Q116467644	6000000027327636135
Q116467649	6000000027327650330
Q116467676	6000000003086776239
Q116467687	6000000003086759492
Q116467689	6000000003086678891
Q116467708	6000000019090630449
Q116467716	6000000003086648752
Q116467720	6000000003937800496
Q116467728	6000000019090415535
Q116467734	6000000013126066652
Q116467736	6000000003340991154
Q116467740	4369645183650035814
Q116467745	6000000003086799327
Q116467748	6000000003086681519
Q116467749	6000000010811383762
Q116467753	6000000002979806405
Q116468419	6000000001843182416
Q116468420	6000000001843182410
Q116468421	6000000007258550034
Q116468422	6000000007258801884
Q116468423	6000000001843182374
Q116468424	6000000003635766851
Q116468426	6000000008357833282
Q116468438	6000000001843182380
Q116468483	6000000010884072644
Q116468619	6000000004045502280
Q116468621	6000000021430006848
Q116468622	6000000006101080859
Q116468636	6000000011040047921
Q116468637	6000000011040612201
Q116468642	6000000011040140714
Q116468643	6000000011040167468
Q116469148	6000000010592146317
Q116469159	6000000016787076333
Q116469164	6000000016787003388
Q116469265	6000000032658023004
Q11646955	6000000074727951920
Q116469933	6000000180662635940
Q116469941	6000000023781762743
Q116469942	6000000177103199847
Q116469978	6000000089793456875
Q116469979	6000000077543771003
Q116469980	6000000104931264916
Q116469986	6000000135616798840
Q116470004	6000000085618813144
Q116470019	6000000019592017273
Q116470020	6000000180429116860
Q116470021	6000000046226266957
Q116470022	6000000169809752059
Q116470023	6000000011755029222
Q116470025	6000000088743314845
Q116470050	6000000116858410926
Q116470064	6000000003476866585
Q116470066	6000000034814829132
Q116470073	6000000014318327195
Q116470093	6000000019543681500
Q116470101	6000000028972170994
Q116470108	6000000205650486846
Q116470116	6000000009368374132
Q116470120	6000000201405040825
Q116470121	6000000024697143321
Q116470125	6000000087827298821
Q116470145	6000000073818459279
Q116470157	6000000139293883983
Q116470169	6000000028330407115
Q116470175	6000000215851969831
Q116470182	6000000110445380834
Q116470185	6000000028477842831
Q116470191	6000000008795090565
Q116470193	6000000084231359706
Q116470196	6000000094638862940
Q116470197	6000000010476599465
Q116470198	6000000178983244890
Q116470202	6000000199977837824
Q116470204	6000000068802916949
Q116470208	6000000216527946287
Q116470246	6000000064321647026
Q116470248	6000000077019186352
Q116470249	6000000173952810900
Q116470250	6000000028672009974
Q116470255	5470468537710082649
Q116470262	6000000003467857018
Q116470263	6000000175353375149
Q116470264	6000000075786523835
Q116470266	6000000198089348822
Q116470267	6000000002070364723
Q116470270	6000000049986093392
Q116470274	6000000002867347033
Q116470275	6000000074696958104
Q116470276	6000000014436491947
Q116470278	6000000007630756064
Q116470279	6000000008781135865
Q116470286	6000000176837447915
Q116470292	6000000201382363831
Q116470295	6000000014771915133
Q116470296	6000000099141331821
Q116470302	6000000162812129821
Q116470320	6000000069284453040
Q116470325	6000000084613144883
Q116470425	6000000007605266037
Q116470451	6000000006181729910
Q116470455	6000000210354183852
Q116470460	6000000175607795935
Q116470469	6000000083673856720
Q116470488	6000000074583986923
Q116470526	6000000078149825246
Q116470530	6000000175560642823
Q116470533	6000000016532106265
Q116470536	6000000197979163844
Q116470539	6000000061544033846
Q116470544	6000000012735175672
Q116470545	6000000108312570864
Q116470549	6000000007450990586
Q116470557	6000000075585035871
Q116470579	6000000014064427825
Q116470581	6000000180563381833
Q116470999	6000000007834953352
Q116471000	6000000002139679311
Q116471002	6000000007834870551
Q1164711	6000000030002221839
Q116471168	6000000018400226735
Q116471169	6000000018400484028
Q116471202	6000000021402979615
Q116471502	6000000006299650055
Q116471515	6000000019505776476
Q116471600	6000000134615064838
Q116471809	6000000006436357837
Q116472066	6000000007837091597
Q116472069	6000000007863081602
Q116472299	6000000029304212089
Q116472300	6000000029304371453
Q116472301	6000000021260926149
Q116472307	6000000028337995988
Q116472333	6000000021260926143
Q116472334	6000000021260536733
Q116472335	6000000021260784249
Q116473	6000000001727213868
Q116474224	6000000017846531712
Q116474225	6000000017846632347
Q116474226	6000000021912703583
Q116474229	6000000016198654353
Q116474279	6000000010072557044
Q116474330	6000000020009139346
Q116474343	6000000003219161665
Q116474343	6000000101308494090
Q116474348	6000000003219362134
Q116474348	6000000218086800843
Q116474419	6000000017661420398
Q116474446	6000000019062091912
Q116474452	6000000019062463327
Q116474498	6000000017846795375
Q116474499	6000000017846911017
Q116474517	6000000043132970977
Q116474518	6000000047121749980
Q116474522	6000000024290262143
Q116474523	6000000024280736979
Q116474524	6000000024290339152
Q116474527	6000000017618086926
Q116474529	6000000020815097580
Q116477594	6000000057250800826
Q116477960	6000000066410338855
Q116478183	6000000066408727914
Q116479016	6000000002744759964
Q116479198	6000000014233285792
Q116479234	6000000200906363845
Q116479582	6000000066458709843
Q116479589	6000000034422343319
Q116479817	6000000032574756738
Q116479884	6000000013649080560
Q116479887	6000000013649023732
Q116479930	6000000018782116822
Q116479996	6000000025096874022
Q116480000	6000000025096906017
Q116480013	6000000018610888662
Q116480014	6000000017329225603
Q116480123	6000000011134071762
Q116480157	6000000018611214769
Q116480158	6000000018608543894
Q116480198	6000000013663547281
Q116480252	6000000000361209164
Q116480253	6000000000361344038
Q116480254	6000000000360408487
Q116480256	6000000000360288581
Q116480257	6000000026041016702
Q116480258	6000000026041552035
Q116480259	6000000091848450295
Q116480274	868165
Q116480291	6000000032135523974
Q116480292	6000000012363711668
Q116480293	6000000046555268311
Q116480302	6000000046555777887
Q116480308	6000000030020664974
Q116480312	6000000106707813917
Q116480313	6000000106707768967
Q116480318	6000000020205457355
Q116480362	6000000042600057415
Q116480369	6000000042600532993
Q116480374	6000000013572644643
Q116480375	6000000013572604794
Q116480376	6000000142465450020
Q116480377	5576361936750056228
Q116480378	6000000000891269330
Q116480379	6000000002280181305
Q116480381	6000000003048256055
Q116480382	6000000035551677666
Q116480383	6000000048517195310
Q116480397	6000000043707681848
Q116480402	6000000023388070238
Q116480403	6000000023387725610
Q116480461	6000000077906559581
Q116480463	6000000077907290838
Q116480464	6000000007776980291
Q116480465	6000000007779078501
Q116480512	6000000013283172367
Q116480513	6000000013283200328
Q116480514	6000000013283014016
Q116480516	6000000006907037650
Q116480518	6000000000337394172
Q116480520	6000000013283144486
Q116480535	6000000007788539328
Q116480536	6000000010060620247
Q116480538	6000000040995587130
Q116480624	4863594746900044758
Q116480630	6000000015390760402
Q116480631	6000000015390184757
Q116480632	6000000002906053830
Q116480636	6000000015390126876
Q116480643	6000000002666160600
Q116480644	6000000002666161357
Q116480645	6000000002666164341
Q116480666	6000000005943543533
Q116480667	6000000005943923390
Q116480669	6000000036624832499
Q116480672	6000000172905589016
Q116480678	6000000014767851625
Q116480751	1984560
Q116480752	6000000009783624842
Q116480753	6000000001791762045
Q116480754	6000000009783675220
Q116480772	6000000091849273064
Q116480773	6000000026041497916
Q116480796	363603754760006660
Q116480798	363588580770005885
Q116480799	357760373920013706
Q116480801	363603406180012335
Q116480805	6000000000361275844
Q116480815	6000000000360028524
Q116480818	6000000039455394260
Q116480819	6000000001689976747
Q116480826	6000000001578863995
Q116480829	6000000001562945748
Q116480835	6000000000361344546
Q116480838	6000000003938538029
Q116480848	363686438160005836
Q116480852	6000000011116650663
Q116480853	6000000000489260260
Q116480855	6000000003183508417
Q1164814	6000000139299703823
Q116481464	6000000065460177966
Q116481747	6000000010378139453
Q116481874	6000000014193055498
Q116481874	6000000138060013072
Q116481887	6000000027194675849
Q116482489	5119035315300104452
Q116482830	6000000046721886307
Q116482836	6000000065015456959
Q116482841	6000000178918308909
Q116482842	6000000003811677085
Q116482856	6000000017307807972
Q116482880	6000000015050744550
Q116482884	6000000180163611851
Q116482893	6000000003000689848
Q116482932	6000000181369609849
Q116483006	6000000076772710272
Q116483025	5363829728280134042
Q116483033	6000000042027168006
Q116483177	6000000191333434853
Q116483330	5122062946050021905
Q116483347	6000000016027424137
Q116483363	6000000036317828076
Q116483389	6000000077509908286
Q116483455	6000000029421407995
Q116483571	6000000030599757355
Q116483620	6000000140308148084
Q116483642	6000000002858709033
Q116483650	6000000008413516838
Q116483680	6000000042964967015
Q116483743	6000000042964877181
Q116483888	6000000184290384822
Q116483891	6000000020628652172
Q116483908	6000000034573730780
Q116483937	6000000026666135660
Q116483948	6000000089500885839
Q116483992	6000000013194851527
Q116484062	292502015480004804
Q116484067	6000000109900886901
Q116484079	6000000016911866141
Q116484080	6000000201554227844
Q116484086	6000000018440777280
Q116484113	6000000019056240086
Q116484119	2585824
Q116484140	6000000023793906809
Q116484292	6000000197975066844
Q116485594	6000000187439786843
Q116485599	6000000187439880825
Q116485602	6000000187439700846
Q116485644	6000000192726756821
Q116485653	6000000216783175676
Q116485654	6000000043364384821
Q116485713	6000000002976769944
Q116485719	6000000022954210198
Q116485737	6000000043150258387
Q116485761	6000000185000754838
Q116485764	6000000162013600903
Q116485766	6000000211352309821
Q116485782	6000000051839738406
Q116485784	6000000019523684958
Q116485796	6000000034654955878
Q116485801	6000000066902904821
Q116485802	6000000034412221348
Q116485813	6000000167058730319
Q116485819	6000000003518021888
Q116486113	6000000020036017822
Q116486151	6000000014662817658
Q116486154	6000000007680127017
Q116486160	6000000026041340256
Q116486195	6000000073190089087
Q116486201	6000000114230522966
Q116486202	6000000018085535623
Q116486205	6000000017109139433
Q116486207	6000000179399479831
Q116486233	6000000183193471821
Q116486889	6000000020474211291
Q1164916	6000000141037756925
Q116498494	6000000023172809952
Q116498559	6000000024403648566
Q1164992	6000000166911310850
Q1165012	6000000043993677983
Q1165016	6000000016251921400
Q116501708	6000000011572604274
Q11650248	6000000045271530032
Q116502657	6000000032586602819
Q11650274	6000000045293602694
Q11650276	6000000014042978005
Q116503673	6000000174976134334
Q116503693	6000000174977867884
Q1165047	6000000002764401739
Q1165052	6000000008261091352
Q116505291	6000000005073321287
Q116505533	6000000002435180405
Q116505587	6000000002435180389
Q116505763	6000000002435196703
Q116505820	6000000002435196687
Q116506632	6000000001793447702
Q116506634	334554868470011996
Q116506636	6000000003941570047
Q116506637	6000000004056525920
Q116506642	6000000003941570019
Q116506643	6000000003941554986
Q116506644	6000000003940025784
Q116506645	6000000003937861452
Q116506653	6000000032305473942
Q116506654	6000000068971661194
Q116506726	6000000002435180516
Q116506731	6000000002435180572
Q116506732	6000000012523696162
Q116506733	6000000000337374778
Q116506734	6000000003132939545
Q116506737	6000000003388974199
Q116506739	6000000002435180221
Q116508021	6000000221189692879
Q1165085	6000000019345245718
Q116512483	6000000013717941202
Q1165134	4024476043400078679
Q116514291	6000000040027182634
Q116514930	6000000190094762827
Q116515	6000000177603651825
Q11651667	6000000075331192350
Q116517891	6000000037559108247
Q116520523	6000000011968834313
Q11652358	6000000015739825330
Q1165243	6000000106455730927
Q1165246	6000000106610118917
Q1165247	6000000106610140022
Q116535186	6000000184446544853
Q1165357	6000000140999724868
Q11653716	6000000199918833823
Q116541922	6000000036776200254
Q116541950	6000000018390172492
Q116541977	345585486960012916
Q116541996	6000000018241351625
Q116542008	6000000019608906213
Q116542035	345524962590013674
Q116542050	6000000011127901183
Q116542058	6000000007592819242
Q116542075	6000000122507976821
Q1165447	6000000105972273278
Q116544809	6000000012430675607
Q116545370	6000000002955651018
Q116547492	6000000036943296363
Q116547502	377391315010012369
Q116547888	6000000014193904635
Q116549455	6000000017986626949
Q116550173	6000000095403224833
Q1165510	6000000151398702828
Q1165515	6000000021478571841
Q116553	6000000024985782261
Q1165539	6000000113739019892
Q116564283	6000000047121358983
Q116567447	6000000047320134299
Q1165735	6000000040658504077
Q116575462	6000000008637871346
Q116577570	6000000060183381970
Q116579111	6000000060183062167
Q1165795	6000000084740567003
Q116581936	6000000028476399258
Q116582021	6000000008637899281
Q116582296	6000000172500479362
Q11658288	6000000211073691839
Q11658292	6000000012827246703
Q11658318	6000000074734160070
Q11658411	6000000074792389046
Q11658412	6000000074734555829
Q116584256	6000000044337175525
Q11658432	6000000075606672243
Q11658491	6000000074753508981
Q116585876	6000000132572315846
Q11658617	6000000016706849901
Q11658628	6000000060737862032
Q11658633	6000000016699852349
Q11658639	6000000016699865419
Q11658640	6000000074753411089
Q1165891	6000000122725062834
Q116591264	6000000039250691179
Q116593948	6000000015796473993
Q116594282	6000000015821452914
Q1165943	6000000178556155826
Q116594546	6000000015821456706
Q1165946	320431781420006354
Q116595212	6000000013489231707
Q1165958	6000000016841131200
Q116596068	6000000013489264628
Q1165982	6000000072602543840
Q116601901	6000000001484939573
Q116601932	6000000006440619305
Q116601951	6000000000171315288
Q116601997	6000000006236058745
Q116602023	6000000006235985470
Q116602042	6000000002773515106
Q116603762	6000000008449826562
Q116607758	6000000061497799269
Q116608397	6000000020759114468
Q116608602	6000000191406438865
Q116608705	6000000191406252883
Q116609622	6000000009226000871
Q1166103	5641381602580083127
Q116611021	6000000061110748954
Q116614	6000000025079786884
Q116614391	6000000065174220913
Q1166146	6000000030086582119
Q116617	6000000182806148973
Q116617492	6000000011235467397
Q116618934	6000000006943240771
Q116618942	6000000050947190270
Q116620	6000000184800834827
Q116621420	6000000091246692873
Q116621523	6000000038060657983
Q116621726	6000000046892086263
Q116621827	6000000046893665822
Q116626283	6000000001509070998
Q116626410	6000000006441908730
Q116626440	6000000175450846283
Q116626456	6000000019793709894
Q1166287	6000000086247938821
Q1166304	6000000017538903154
Q116638529	6000000016711861566
Q116638607	6000000006127550703
Q11663941	6000000074759074047
Q11663946	6000000075325174006
Q11663950	6000000075328456176
Q11663951	6000000075325325868
Q11663960	6000000037746037495
Q11663969	6000000075430228918
Q11664052	6000000074758960332
Q11664062	6000000075430473834
Q11664063	6000000075430360932
Q11664065	6000000075430140018
Q11664083	6000000075425581768
Q11665093	6000000020602244879
Q11665096	6000000075398875004
Q11665208	6000000075406404822
Q116654246	6000000030594320893
Q116654795	6000000018171343096
Q1166592	6000000036970860184
Q11666	6000000028528312640
Q1166641	6000000030178744046
Q116665	6000000019117510974
Q11666870	6000000185603190108
Q116669676	6000000052589072245
Q116669938	6000000052589072189
Q116671589	6000000052589439914
Q116671902	6000000029509673134
Q116671945	6000000003593259538
Q116672004	6000000021145681007
Q116672109	6000000015781589422
Q116673220	6000000014243731745
Q116674557	6000000182177769821
Q116674772	6000000010208015831
Q1166753	6000000076395966989
Q116675777	6000000020090302949
Q116675941	6000000007418690936
Q116675942	6000000007418710784
Q116675944	6000000009290155040
Q116675945	6000000007418690227
Q11667812	6000000074715418822
Q116679744	6000000002831275138
Q116680112	6000000002889196838
Q116680119	6000000083827925837
Q116680787	6000000012462759902
Q116681001	6000000035268849856
Q116681036	6000000015778827258
Q116681268	6000000011565110391
Q116685153	6000000038125036151
Q116685170	6000000021640876833
Q116685195	6000000014944750429
Q116686179	6000000186752478842
Q116686181	6000000186752596830
Q116686190	6000000186762156821
Q116686192	6000000186761959828
Q116686193	6000000186761914854
Q116686472	6000000083827517831
Q116686500	6000000024988024292
Q116686507	6000000000665200376
Q116686529	6000000000665200401
Q116686550	6000000000665207970
Q116686615	6000000009929702889
Q1166869	6000000035072187263
Q116687409	5563764306300044131
Q116687839	6000000022604549481
Q116688184	6000000021187073076
Q116688293	6000000030664206293
Q116688308	6000000035307678604
Q116688392	6000000078566398480
Q116688892	6000000196521504821
Q116688960	6000000196521516829
Q116689744	6000000035567949504
Q116689847	6000000035568306000
Q116689988	6000000009906845380
Q11669	6000000019934087097
Q116690758	6000000011536718820
Q116690758	6000000185397936989
Q116690828	6000000011536867988
Q116691125	6000000011536873579
Q116691196	6000000011537114211
Q116691232	6000000014068904252
Q116691246	6000000011536611184
Q116691260	6000000090933228832
Q116691292	6000000011536796579
Q1166914	6000000071891164308
Q116692421	6000000002439539666
Q116693875	4119548299320031273
Q116694990	6000000017698584736
Q116695240	6000000007121930223
Q116695672	6000000017227325482
Q116695699	4273971898470031426
Q116695779	6000000017227388353
Q116696189	6000000016762703396
Q116696224	6000000091254320937
Q116696724	6000000091254031888
Q116696912	6000000008627436428
Q116696916	6000000091253953993
Q116697918	6000000080106364001
Q116698242	6000000002475613966
Q116698252	6000000002475862430
Q116698268	6000000021337824940
Q116698487	6000000024376236969
Q116699123	6000000191550703845
Q116699127	6000000191549977871
Q116699129	6000000191550784833
Q116700093	6000000012796128750
Q116700128	6000000056443026848
Q116701285	6000000006127578093
Q116701986	6000000086591913908
Q116706264	6000000185027113882
Q1167064	6000000034695032548
Q1167071	6000000008278165273
Q116707469	6000000023965648734
Q11670850	6000000075430747936
Q116709535	6000000007230963664
Q1167121	6000000028417420356
Q116714	6000000198590599821
Q116717973	6000000002622203090
Q116718	6000000021478017516
Q11672	6000000019933921001
Q116723219	6000000018382700476
Q116723561	6000000018382714641
Q116727	6000000001002814215
Q116727738	6000000008670261011
Q116728	6000000000711736184
Q116728086	6000000049902641035
Q116729454	6000000191306289896
Q116729469	6000000019312249346
Q116729726	6000000032873040839
Q11673	6000000009917592371
Q116732436	6000000077466514136
Q116732561	6000000026712346300
Q116733035	6000000009404259870
Q116733087	6000000017847506379
Q116735	6000000075501273847
Q116736	6000000001701120593
Q116736588	6000000023835508098
Q116736662	6000000026283903976
Q116736853	6000000132500125968
Q116736969	6000000213152670427
Q116737177	6000000203746572557
Q116737370	6000000183272986827
Q116737388	6000000092736560929
Q116737445	6000000190076250832
Q116737548	6000000044366865962
Q116737618	6000000202157246980
Q116737785	6000000016500999173
Q116739705	6000000014960229922
Q116739798	6000000002889130593
Q116740	6000000012273979477
Q116740502	6000000014960654579
Q116741290	6000000019300301342
Q116742366	363821951470005854
Q116742569	6000000144885310836
Q116742634	6000000003680660787
Q116743113	6000000002659223085
Q116744777	6000000008820296192
Q116745105	6000000008830859946
Q116748672	363821538390012350
Q116748672	6000000000934372090
Q116748677	6000000004215723980
Q116749008	6000000007925253543
Q116750	6000000179186522825
Q116750099	6000000026467518930
Q116751	6000000028339630596
Q116751610	6000000026368357442
Q116751761	6000000071634153427
Q116751954	6000000036874604828
Q11675214	6000000193514689840
Q116752564	6000000009527484463
Q116752704	6000000074993278948
Q116753267	5563792482590109150
Q116753596	6000000041039809125
Q116754	6000000021526067363
Q1167545	6000000082545893279
Q116754821	6000000165222234126
Q116755410	6000000011706921238
Q116755424	6000000027129883350
Q1167568	6000000027963605203
Q116757273	6000000000102243722
Q116758324	6000000168833130812
Q116758798	6000000196852983938
Q116759498	6000000134327101888
Q11676	6000000013462519904
Q116760160	6000000001877470822
Q116760669	6000000022670647965
Q116760670	6000000022670602143
Q116760688	4520166
Q116760927	6000000001994770966
Q116760966	6000000027130311333
Q116761061	6000000096233542858
Q116761073	6000000007366162276
Q116761407	6000000007366278205
Q116761452	6000000011717117514
Q116761487	6000000007757963390
Q116761503	6000000007758147243
Q116761523	6000000007694102789
Q116761547	6000000091818790415
Q116761583	6000000091820180981
Q116761645	6000000007774773523
Q116761994	6000000008309735281
Q116762214	6000000008391755139
Q116762232	6000000013123016020
Q116762324	6000000013708502488
Q116762324	6000000106856289902
Q116762477	6000000079659546341
Q116762477	6000000080720349823
Q116762480	6000000026984562867
Q116762508	6000000026983239749
Q116762521	6000000007869731734
Q116762524	6000000013955484354
Q116762550	6000000032085195969
Q116762552	6000000000677843986
Q116762562	6000000032084689639
Q116762574	6000000010494281757
Q116762583	6000000016216945415
Q116762585	6000000002366763918
Q116762586	6000000002366821884
Q116762587	6000000014017343436
Q116762588	6000000014017255690
Q116762590	6000000001080359805
Q116762654	6000000014017384391
Q116762655	6000000048071024821
Q116762682	6000000001805487708
Q116762683	6000000001805500727
Q116762685	6000000004593106091
Q116762686	6000000006450263310
Q116763050	6000000191628073853
Q116763379	6000000036962941829
Q116763422	6000000059262922838
Q116763764	6000000191750140874
Q116763795	6000000000574207718
Q116764012	6000000059224988112
Q116764092	6000000024931340720
Q116764349	6000000124776148226
Q116764383	6000000145879481066
Q116764697	6000000015819725876
Q116765698	6000000018056178349
Q116765717	6000000018056549017
Q116765724	6000000015772389793
Q116765779	6000000005743555001
Q116765827	6000000001669611708
Q116766020	6000000014083868019
Q116766241	6000000009729153573
Q1167664	6000000177094548844
Q116766401	6000000026866985921
Q116766947	6000000209112597828
Q116767422	6000000002188554664
Q116767494	6000000011372068909
Q116767625	6000000024129957201
Q116767725	6000000010977999284
Q116767965	6000000011716980258
Q116767974	6000000011716982287
Q116767988	6000000009936947250
Q116768491	6000000010977489964
Q116768603	6000000002564225057
Q116769110	6000000014037548410
Q116770452	6000000017404529955
Q116770696	6000000024055344873
Q116771276	6000000019926746208
Q116773300	6000000046463369854
Q116774	6000000034493607043
Q116774771	6000000076164210290
Q116774801	6000000024775248110
Q116774809	6000000024775622976
Q116774811	6000000006444468657
Q116774815	6000000013598675471
Q116774819	6000000003076826406
Q116774821	6000000011484080569
Q116774830	6000000000426729454
Q116774832	6000000000426726950
Q116774837	6000000000426523456
Q116774841	6000000002474201030
Q116774844	338864968450012890
Q116774848	4603268442480025072
Q116774856	6000000004548187273
Q116774863	6000000012527194542
Q116774866	6000000029963347108
Q116774877	6000000029963159985
Q116774905	6000000000552465213
Q116775298	6000000022712847100
Q116775299	6000000022712788159
Q116775320	6000000013490792161
Q116775343	6000000013490657906
Q116775344	6000000013375350493
Q116775346	6000000013375511261
Q116775347	6000000008830615813
Q116775348	6000000012348986077
Q116775751	6000000005649900001
Q116775762	6000000025708425464
Q116775763	6000000026507303246
Q116775764	6000000016232111382
Q116775768	6000000026507190605
Q116775791	6000000008788896581
Q116775793	6000000012012319257
Q1167758	6000000006727820554
Q116775805	6000000008199301290
Q1167759	6000000020758479791
Q116776097	6000000078921624036
Q116777108	6000000029139276577
Q1167773	6000000019210770054
Q11677730	6000000075610627064
Q11677795	6000000074745325120
Q116778	6000000012835798208
Q116778718	6000000081504159185
Q116778835	6000000125364083466
Q116779	6000000016034723419
Q116779972	6000000007351066268
Q116779994	6000000015355954721
Q1167803	6000000027358874868
Q116780468	6000000033738363389
Q116780496	6000000004325750165
Q1167805	6000000030723271952
Q116780549	326350460580007333
Q116780595	6000000095649973832
Q116780753	6000000008961671328
Q116783177	6000000000908487235
Q116783697	6000000142047097056
Q116784279	6000000123467485059
Q116784661	6000000036100618633
Q116784766	6000000006208374208
Q116784815	6000000011767027785
Q116785163	6000000036448535021
Q116785372	6000000037599212069
Q116785814	6000000202566815833
Q116786062	6000000013550787633
Q116786062	6000000030621060644
Q116786076	6000000018441687833
Q116786142	6000000011628038067
Q116786260	6000000028972974766
Q116786293	6000000006605979195
Q116786310	6000000006606253751
Q116786413	6000000007176106856
Q116786912	6000000191692862821
Q116786913	6000000191692733836
Q116788205	6000000015892199074
Q116788209	6000000179871341382
Q116788220	6000000179871847841
Q116788422	6000000123481834514
Q116788433	6000000123483407842
Q116788441	6000000123483330951
Q116788444	6000000179881997854
Q116788448	6000000185011342821
Q116788978	6000000078308150461
Q116789	6000000194504194847
Q1167894	6000000014976603557
Q116789643	6000000010750272895
Q116789677	6000000025228908737
Q116789738	6000000077893572555
Q116790730	6000000002542305775
Q116791	6000000068852295965
Q116793	6000000021520636075
Q1167934	6000000035725471838
Q116793996	6000000209192267821
Q116793999	6000000170804948822
Q116794001	6000000009606692497
Q116794228	6000000186135789835
Q116794384	6000000019410892900
Q116794783	6000000038171964605
Q116794836	6000000202156253902
Q116794848	6000000198887493020
Q116794858	6000000210594965938
Q116795864	6000000054822339902
Q116797549	6000000088706717924
Q11679770	6000000003447317026
Q1167986	6000000114263292897
Q11679890	6000000006725319243
Q116799146	6000000042915011949
Q116799928	5666501096900123008
Q1168008	6000000082454291906
Q116801881	6000000024089821498
Q116802	6000000004969886905
Q116807	6000000014675193103
Q116807094	6000000083059819013
Q116807245	6000000083059819006
Q116810139	6000000023340269017
Q11681028	6000000176447909855
Q116810436	6000000086824756970
Q116810864	6000000089319503872
Q116811494	6000000003940399501
Q116811522	6000000001713407235
Q116811525	6000000000815014051
Q116811550	6000000190253218821
Q116811574	6000000000652021922
Q116811575	6000000001268010025
Q116811576	6000000080206355986
Q116811648	6000000010673048473
Q116811649	6000000062039584924
Q116811655	6000000001267985312
Q116811701	6000000023296312871
Q116811702	6000000023296202097
Q116811703	6000000003615931740
Q116811706	6000000023296125401
Q116811708	6000000031639126081
Q116811715	6000000023296063198
Q116811959	6000000031639195908
Q11681281	6000000019572072366
Q11681283	6000000037624629373
Q11681285	4249401336190079310
Q116813798	6000000044425196888
Q116814025	6000000068346678304
Q116814040	6000000064342328831
Q116814147	6000000012559719368
Q116814893	6000000022597903209
Q116814942	6000000022541472593
Q116814991	6000000086044964858
Q116815	6000000000303671902
Q116815001	6000000004138871766
Q116815039	6000000028044273935
Q116815131	6000000013344447775
Q116815228	6000000013344447729
Q1168153	6000000181961851838
Q116815355	6000000004139040049
Q116815961	6000000013344790434
Q116817161	6000000202718204822
Q116818400	6000000142092728846
Q116818434	6000000181819767857
Q116819167	6000000077060409142
Q116819268	6000000077712863889
Q11681935	6000000025942251584
Q116819541	6000000180404452833
Q116819575	6000000111098804992
Q116819589	6000000183080369865
Q116819693	6000000129726549822
Q116819736	6000000163513751821
Q116819737	6000000080813167130
Q116819757	6000000038124309908
Q116819775	6000000108738368858
Q116819811	6000000216785501897
Q116819816	6000000018264170768
Q116819961	6000000007445949505
Q116820092	6000000014715622098
Q116820105	6000000083059891900
Q116820177	6000000025439184861
Q116820896	6000000023968705724
Q116821170	6000000202717584838
Q116822	6000000075955386880
Q11682269	5139381100260036721
Q116822844	6000000007251415641
Q11682314	6000000006797899567
Q116823484	6000000207108050888
Q116823597	6000000077060729297
Q116823688	6000000077715145871
Q1168239	6000000079342542947
Q116824066	6000000077715623837
Q116824504	6000000077715121908
Q116824887	6000000077715510878
Q116824898	6000000000023666503
Q11682648	6000000015327013815
Q1168281	6000000009793455083
Q116828264	6000000202717548823
Q116830644	6000000057511774907
Q1168334	6000000023116519965
Q116834005	6000000211097040840
Q1168365	6000000007442688545
Q11683763	6000000070303542947
Q116838078	6000000156367299844
Q116838123	6000000156367241822
Q116838747	6000000013930046197
Q116840144	1515672
Q1168402	6000000149936998878
Q116842	6000000008773364219
Q11684211	6000000018445285602
Q116842292	6000000056732046080
Q116842304	6000000066272663850
Q116842325	6000000095634195824
Q11684270	6000000030305968323
Q116842700	6000000044423521307
Q116842704	6000000044424605858
Q116842705	6000000044424823220
Q116842710	6000000044424341703
Q116842712	6000000000437785853
Q11684273	6000000085077625006
Q116842826	6000000001384089307
Q116842828	6000000001343975288
Q116842829	6000000039293592873
Q116842832	6000000020637845586
Q116842833	6000000006365557303
Q11684303	6000000016055744601
Q11684310	6000000025580577284
Q11684313	6000000110569914003
Q11684318	6000000015270138505
Q11684319	6000000189173280911
Q11684345	6000000032035796836
Q11684357	6000000133388959987
Q11684373	6000000009456992969
Q11684383	6000000033293917259
Q11684402	6000000003914463304
Q1168442	6000000064831051944
Q11684462	6000000144104156838
Q11684467	6000000023016135612
Q11684575	6000000019137238283
Q116847671	6000000185622623831
Q116847701	6000000185622183842
Q116847830	6000000185622686828
Q116847871	6000000000569490658
Q11684861	6000000009410818076
Q11684894	6000000216776345821
Q11684896	6000000012362372339
Q11685002	6000000030720668831
Q11685003	6000000006740568234
Q11685029	6000000213459164919
Q11685030	6000000028486643064
Q11685037	6000000061927783861
Q11685081	6000000000904031488
Q11685100	6000000013619340344
Q11685101	6000000011433384173
Q11685102	6000000014090840311
Q11685102	6000000216775172847
Q11685103	6000000080859730896
Q11685112	6000000015773359708
Q11685113	6000000003419095008
Q11685142	6000000126876940860
Q11685204	6000000021033310845
Q11685244	367936806020003974
Q116852995	6000000140526010821
Q11685352	6000000030004439563
Q11685360	6000000069469168977
Q11685363	6000000077260784967
Q116854573	6000000196522946828
Q116854725	6000000196523686841
Q11685480	6000000015736935342
Q116855287	6000000002950483687
Q116855289	6000000001212021019
Q116855300	6000000021179639075
Q116855315	6000000011359399137
Q116855316	6000000021036569770
Q116855319	6000000011359529420
Q116855342	6000000021177282798
Q116855461	6000000021179677903
Q116855462	6000000021179739885
Q116855462	6000000038659917296
Q116855473	6000000021177419191
Q116855488	6000000021178045983
Q116855510	6000000017937658299
Q116855513	6000000006290092487
Q116855513	6000000006290092705
Q116855562	6000000011348554687
Q116855566	6000000039567326624
Q116855754	6000000020484940916
Q116855896	6000000009419235047
Q116855903	6000000048400491845
Q116856092	6000000070156177193
Q11685611	6000000173613317830
Q116856125	6000000021135193842
Q116856136	6000000006440556143
Q116856141	6000000006440551445
Q116856143	6000000020957715621
Q116856147	6000000021135179909
Q116856157	3633694
Q116856158	3633715
Q116856192	6000000013040832562
Q11685622	6000000007838277705
Q11685623	6000000068814075847
Q116856241	6000000024429980488
Q116856248	3633721
Q116856249	6000000008378484468
Q116856263	6000000003419886087
Q116856266	6000000055455108158
Q11685701	6000000065334148969
Q11685780	6000000017821582854
Q1168582	6000000005305770005
Q11685865	6000000015184456687
Q11685879	6000000066007684978
Q11685881	6000000009803983510
Q11685901	6000000111578340977
Q11685949	6000000004356867961
Q11685973	6000000002101137034
Q116859766	6000000200921323831
Q11685979	6000000035798451934
Q11686045	6000000011380425923
Q11686067	6000000022820270732
Q11686080	6000000019911529602
Q11686088	6000000147253881934
Q11686105	6000000013724130817
Q116861181	6000000200921068839
Q11686127	6000000177499858838
Q11686153	6000000077886725836
Q11686154	6000000151854357821
Q11686212	6000000016568980103
Q11686229	6000000064581757911
Q11686254	6000000002536137214
Q11686270	6000000018555991670
Q11686278	6000000016103601399
Q1168633	6000000027791982183
Q1168634	6000000029010015207
Q11686343	4355679096720127482
Q11686364	6000000079099287364
Q11686367	6000000030194367234
Q11686372	6000000114611034854
Q11686375	6000000036890411526
Q11686378	6000000078077065903
Q11686387	6000000004245007851
Q11686414	6000000095676078992
Q11686415	6000000013446187924
Q11686428	6000000044715617859
Q11686445	6000000044895920974
Q11686450	6000000005060221275
Q11686451	6000000073057149940
Q11686457	6000000017805760339
Q11686469	6000000085163519821
Q11686478	6000000024757957184
Q116864834	6000000010608274956
Q11686490	6000000088599028138
Q11686498	6000000061111350332
Q11686547	6000000017634117043
Q11686549	6000000018328593618
Q116865800	6000000004533522867
Q116865912	6000000004533522886
Q116865942	6000000003816785412
Q116866	6000000018637079710
Q116866296	6000000173168633422
Q116866681	6000000021337842366
Q11686717	6000000179461853864
Q116867987	6000000022601240567
Q11686802	6000000136938264183
Q116868131	6000000006706178383
Q116868162	6000000019631652456
Q116868178	6000000019631663536
Q116868189	6000000028789105841
Q116868197	6000000027127888237
Q116868198	6000000006290474817
Q116868200	6000000003937754955
Q116868208	6000000017799948201
Q116868209	6000000017805329016
Q116868210	6000000017805328004
Q116868212	6000000017868405222
Q116868213	6000000012500991784
Q116868215	6000000003940435501
Q116868217	6000000012501464736
Q116868218	6000000006519739806
Q116868221	6000000017868247553
Q116868224	6000000017877264165
Q116868225	6000000023418623323
Q116868239	6000000023785325534
Q116868241	6000000002641566654
Q116868243	6000000001110007170
Q116868359	6000000039867591589
Q11686961	6000000135728667919
Q11686964	6000000019237583023
Q116869688	6000000015361546635
Q116869845	6000000051532570886
Q116869852	6000000127870545842
Q116869858	6000000051532442011
Q116869931	6000000150613985847
Q116870204	6000000014824282217
Q116870247	6000000140526208821
Q116870273	6000000011666276352
Q116870277	6000000008857854401
Q116870321	6000000008924110772
Q116870418	6000000013677214080
Q116870420	6000000174976408914
Q116870461	6000000018435528818
Q116870756	6000000011875909860
Q116872126	6000000010399873013
Q116872738	6000000030716737495
Q116872778	6000000028529457863
Q116872808	6000000011939583532
Q11687351	6000000012116287919
Q11687359	6000000084544009286
Q116874298	6000000010737415214
Q11687459	6000000022910364106
Q11687462	6000000040569197520
Q116875198	6000000044462638836
Q116875514	6000000202708655574
Q116876475	6000000019581826290
Q116876987	6000000009109248389
Q116876994	6000000009109150157
Q116877096	6000000009108703427
Q116877347	6000000001742254888
Q116877384	6000000001742439522
Q116877392	6000000008500699837
Q116877688	6000000007601966321
Q116877818	6000000007436287012
Q116877885	6000000192135632827
Q116878140	6000000039545250895
Q116878859	6000000015338756561
Q116878863	6000000025752110226
Q116878866	6000000015338727589
Q116879	6000000024089217949
Q116882	6000000118004045044
Q116882059	6000000012847586380
Q116882112	6000000191628271867
Q116882122	6000000192154995864
Q11688350	1395370
Q116884087	6000000038356904122
Q11688464	6000000043764335861
Q11688491	6000000045598755826
Q116885031	6000000013048796549
Q116885073	6000000024364853955
Q116885080	6000000013515134824
Q116885082	6000000013514994781
Q116885083	6000000008827782740
Q116885086	6000000000600270824
Q116885096	6000000004099089233
Q116885097	6000000004099008749
Q116885100	6000000000629141775
Q116885101	6000000000584818454
Q116885102	6000000004099065279
Q116885104	4506812230350124833
Q11688560	6000000013792775492
Q11688564	6000000017113407855
Q1168860	6000000071224082845
Q116886610	6000000110439280833
Q116887001	6000000005598992297
Q116888186	6000000077610148203
Q11688868	6000000012392172817
Q116889126	6000000018241302458
Q11688941	6000000028930172170
Q116889623	6000000015877440407
Q116889720	6000000020840020906
Q116890011	6000000012955303364
Q116892283	6000000024459852474
Q116893099	6000000000431420430
Q116894003	6000000067382988838
Q116894054	6000000060513637923
Q116894055	6000000192165664829
Q116894059	6000000192165683838
Q116894201	6000000042040950134
Q116894246	6000000067274707835
Q116894253	6000000067275773903
Q116894293	6000000067282714873
Q116894457	6000000192301133824
Q116894541	6000000067385274965
Q11689462	6000000010342347222
Q1168954	6000000066188160885
Q116895869	6000000022189167306
Q116895870	6000000022189067551
Q116895876	6000000000463504361
Q116895877	6000000006290096543
Q116895892	6000000000718935803
Q116896931	6000000007425173751
Q116898046	6000000017525148138
Q116898493	6000000064792927848
Q11689859	6000000019700681750
Q11689885	6000000006311744001
Q11689926	6000000116711287821
Q116900529	6000000018229610593
Q11690535	6000000008798936629
Q11690598	6000000173360625893
Q1169061	6000000167383834439
Q11690613	6000000153527566866
Q1169065	6000000044134836020
Q1169073	6000000007969443407
Q116907522	6000000000051925254
Q116907678	6000000000575602038
Q116907697	6000000017524862282
Q116908966	6000000111559023845
Q116908979	6000000111560443821
Q116908983	6000000111564162862
Q116908987	6000000111563680951
Q116908991	6000000111563678838
Q116909024	6000000192211917824
Q116909025	6000000192211994821
Q116909164	6000000036617580640
Q116909405	6000000036617122503
Q116909720	6000000021934631715
Q116910842	5502500416160047887
Q116911144	6000000192300803822
Q116911286	6000000013694836346
Q116912430	6000000036151190210
Q116912874	6000000003410186455
Q116912880	6000000021989684678
Q116912908	6000000027755140671
Q116912910	6000000003339983186
Q116912911	6000000003080393066
Q116913393	6000000010933323836
Q116914078	6000000008470010277
Q11691410	6000000030919960835
Q116914287	6000000032031398513
Q1169155	6000000050839591048
Q116916	6000000010859508558
Q116916163	6000000003569647806
Q116916268	6000000018319558725
Q116916301	6000000031384135125
Q11691704	6000000079258016267
Q11691731	6000000075502129082
Q11691834	6000000007377533868
Q116920296	6000000040018084854
Q116920927	6000000191986615835
Q116920929	6000000191986821822
Q11692105	6000000021176424976
Q116921192	6000000022016268638
Q116921348	6000000025346363830
Q116921358	6000000019022457095
Q116921365	6000000165969746009
Q116921370	6000000035608236979
Q116921918	6000000001935353378
Q11692247	6000000183532508833
Q116922986	6000000019357057462
Q116923277	6000000072639338097
Q116923379	6000000078282056286
Q116923559	6000000180383614845
Q116923726	6000000010487254292
Q116923756	6000000008342774839
Q116923771	4803150505690025755
Q116923773	4803145113270041669
Q116923801	4803147512900051963
Q116923803	6000000018020364783
Q116923805	6000000018021104183
Q116923808	6000000005077219709
Q116923812	6000000005077219687
Q116923828	6000000018020659604
Q116923830	6000000018020482431
Q116923832	6000000018021111991
Q116923836	6000000006440805581
Q116923846	6000000021648856289
Q116923995	6000000021751534935
Q116924037	6000000021755080990
Q116924070	6000000003940648962
Q116924142	6000000003745534358
Q116924148	6000000002928653994
Q116924216	6000000004653925872
Q116924220	6000000003549710697
Q116924228	6000000003549584648
Q116924232	6000000001712986043
Q116924234	6000000000969997790
Q116924236	4803129455800022160
Q116924237	6000000005588048322
Q116924243	4803124557970124904
Q116924244	5091365677970054196
Q116924285	6000000006252708756
Q116924425	6000000006440551422
Q116924485	6000000011716572070
Q116924488	6000000006440544292
Q116924498	6000000004882277778
Q116924537	6000000000409234698
Q116924541	6000000000409131713
Q116924543	6000000006969903233
Q116924545	6000000000602655789
Q116924547	6000000002889501856
Q116924657	6000000021135119935
Q116924667	6000000026227327572
Q116924680	6000000026163279323
Q116924717	6000000000409262610
Q116924738	6000000026175677106
Q116924772	6000000019547144058
Q116924801	6000000026175886939
Q116924837	6000000026175925955
Q116924847	6000000019547911246
Q116924848	6000000019547788269
Q1169255	6000000141097838877
Q116925838	6000000008851510293
Q116925846	6000000024919931534
Q116925854	6000000042026325138
Q116927	6000000041190364845
Q116927279	6000000000590558801
Q116927544	6000000098179986549
Q116927549	6000000010674137131
Q116927556	6000000003913761909
Q116927562	6000000008890976343
Q116927566	6000000008890988377
Q116927578	6000000008891013380
Q116927587	6000000026814683059
Q116927590	6000000051652868028
Q116927593	6000000012875942309
Q116927596	6000000012875729621
Q116927900	6000000000868200343
Q11692858	6000000077994323115
Q116929011	6000000008890571450
Q11692943	6000000019149035388
Q116929653	6000000003014939112
Q116929877	6000000051652522092
Q11693068	6000000039858733018
Q11693103	6000000036904904183
Q116931132	6000000187134655836
Q116931491	6000000041863131981
Q116931529	6000000027670101217
Q116931943	6000000084945839842
Q116933360	6000000027467602460
Q116933636	6000000013302272107
Q11693440	6000000020881581434
Q116934513	6000000082621806133
Q116935075	6000000084073858833
Q116935198	6000000019024756708
Q116935441	6000000004351788998
Q116935984	6000000000868141448
Q116937401	6000000003077012705
Q116938044	6000000031078714919
Q116938059	6000000027562111826
Q116939090	6000000098183107822
Q116939093	6000000004895592001
Q116939327	6000000016022622174
Q11693946	6000000002188551248
Q116939616	6000000071447031212
Q116939735	6000000002216522318
Q116939740	6000000019919349239
Q116939773	6000000192300233827
Q116939822	6000000019919408302
Q116939827	6000000019919031569
Q116939837	6000000028264887129
Q116939839	6000000019919712070
Q116939848	6000000192300494823
Q116939932	6000000012881007842
Q1169404	6000000014874109906
Q116940460	6000000041514384194
Q116940749	6000000011746610868
Q116940750	6000000002808723649
Q116940752	6000000007915115251
Q116940753	6000000006440991398
Q1169418	6000000023899296077
Q11694192	6000000015424535021
Q116942671	6000000192295498854
Q116942757	6000000031055214007
Q116943034	6000000100798284130
Q116943369	6000000006402030211
Q116943384	6000000006402012139
Q1169434	6000000011470741952
Q116943401	6000000002539845563
Q116943722	6000000027195270008
Q116943776	6000000192301279857
Q116943826	6000000086159807829
Q116943831	6000000086159636925
Q11694387	6000000018648533650
Q116944140	6000000024346209552
Q116944141	6000000024346175603
Q116944529	6000000015052748175
Q116944544	6000000037482613028
Q116944550	6000000027194992431
Q116944556	6000000036880782895
Q116944943	6000000006579123255
Q116945211	6000000016396860471
Q116945686	6000000109891683865
Q116945730	6000000109891341092
Q116946277	6000000006579292221
Q116946327	6000000034611089174
Q116946833	6000000001522832068
Q116946837	6000000001522624472
Q116946841	6000000013261168925
Q116947051	6000000016022408349
Q11694781	6000000010520911934
Q116948801	6000000113530913934
Q11694919	6000000012044432698
Q116949229	6000000003941165304
Q116949251	6000000037482446221
Q116949256	6000000003858759636
Q116949257	6000000003858708321
Q116949258	6000000003938299951
Q116949259	6000000003858551091
Q116949282	6000000008680212380
Q116949377	6000000024693204051
Q116949380	6000000014962294162
Q116949643	6000000024422804500
Q116949691	6000000071271454864
Q11694994	6000000114735378842
Q116951096	6000000006326511048
Q116951522	6000000030946186192
Q116951548	6000000030946016381
Q116951576	595954
Q116951635	6000000089191823955
Q116951657	6000000192334952829
Q116951693	6000000168000351821
Q116951697	6000000032533651985
Q116951747	3707722
Q116951751	6000000192335526834
Q116951767	6000000003859528540
Q116951774	6000000192336336844
Q116951801	6000000192336933838
Q116951808	6000000008880746340
Q116951816	6000000003833280739
Q116951916	6000000010421734423
Q116951935	6000000187370345854
Q116952021	6000000006578996400
Q116952866	6000000003049842171
Q116952940	6000000028887894691
Q116953	6000000025072196951
Q116953344	6000000058919231964
Q116953349	6000000082538044050
Q116953359	6000000082538984871
Q116953901	6000000050904344112
Q116953907	6000000058931543823
Q116954265	6000000001876717050
Q11695583	6000000035718985017
Q116956604	6000000005220664762
Q116957399	6000000030161711897
Q116957501	6000000030161404463
Q116957517	6000000030161632862
Q116958160	6000000161624713874
Q116958296	6000000052177044823
Q116958730	6000000171889841566
Q116958999	6000000052174832949
Q116959749	6000000052169333185
Q116959930	6000000019757864196
Q116959958	6000000019756835679
Q116960	6000000040360761859
Q116960606	6000000015144679824
Q11696065	6000000030194642853
Q116960678	6000000015143734823
Q11696069	6000000079561186184
Q116961014	6000000011090127712
Q11696111	6000000177019946951
Q11696116	6000000173703717939
Q116961209	4971603171050029166
Q116961351	6000000029899521643
Q11696166	6000000059189659052
Q11696189	6000000011975329938
Q116962063	6000000017548039697
Q11696217	6000000069636600967
Q11696223	6000000035868520222
Q11696234	6000000079358430258
Q11696248	6000000021868318804
Q11696274	6000000090582712998
Q116963906	6000000052168750110
Q116964250	6000000006851811354
Q11696558	6000000016010355235
Q116965623	6000000002658497500
Q11696619	6000000009403232676
Q11696649	6000000085987679917
Q11696738	6000000016031146990
Q11696743	6000000026082784284
Q116967459	6000000059311182964
Q116967613	6000000059311045062
Q116967859	6000000059311655907
Q116968080	6000000059311715001
Q116968130	6000000204150158840
Q11696819	6000000081552697839
Q11696822	6000000098825876467
Q1169683	6000000085508908845
Q11696832	6000000011468177279
Q11696847	6000000178707408841
Q11696880	6000000019244924712
Q11696882	6000000180540514822
Q116969090	6000000025511288484
Q116969142	6000000052168840251
Q116969393	6000000020467967317
Q116969492	305646422380006448
Q11697	6000000103737668884
Q116970010	6000000030945963329
Q11697039	6000000082835538688
Q116970417	6000000003076308066
Q116970419	6000000000343497700
Q116970464	6000000018868491358
Q116970971	6000000006579054254
Q116971505	6000000003272693849
Q116971583	6000000192398285869
Q116971600	6000000029797304641
Q116971643	6000000061817317980
Q116971656	6000000029797337482
Q116971668	6000000137620261858
Q116971846	6000000032808765098
Q116971964	6000000191213015832
Q116972	6000000008302516126
Q116972076	6000000109891506999
Q116972112	6000000109880963897
Q116972154	6000000063166420842
Q116972157	6000000063166209051
Q11697257	6000000037175967968
Q11697257	6000000190455000350
Q116972687	6000000082537230960
Q116972895	6000000003816785631
Q116972906	6000000024723448379
Q116972911	6000000009697373224
Q11697302	6000000002028315371
Q116973103	6000000028416760826
Q116973137	6000000028416368540
Q116973244	6000000051755821831
Q116973482	6000000025289464012
Q116973491	6000000015896246326
Q116973497	6000000025513386994
Q116973571	6000000025287310445
Q11697372	6000000180538023821
Q116974226	6000000002764531373
Q116974242	6000000002802426851
Q116974311	6000000002802426821
Q116974478	6000000051755899066
Q116974508	6000000003940545190
Q116974510	6000000008496363760
Q116974510	6000000199626338847
Q116974511	6000000004237813293
Q116974524	6000000051756385975
Q116974526	6000000023839336241
Q116974527	6000000025823919379
Q116974627	6000000078570804181
Q116975152	6000000011535272304
Q116975176	6000000012679633227
Q116975235	6000000003723579084
Q116975237	6000000000830049741
Q116975247	6000000000830289098
Q116975249	6000000000830548062
Q116975256	6000000000830201856
Q116975291	6000000002892517245
Q116975294	6000000003693265046
Q116975307	6000000019394326076
Q116975396	6000000000129397077
Q116976102	6000000140190801965
Q116976484	6000000031524983962
Q116976501	6000000031524983010
Q116976532	6000000031524620814
Q116976568	6000000009983821409
Q116976946	6000000045485228948
Q116977005	6000000029095403166
Q116977085	6000000009764983492
Q116977143	6000000009956702248
Q116977175	6000000008766707668
Q116977181	6000000008603459754
Q116977182	6000000011431972454
Q116977185	6000000004391918270
Q116977224	6000000003816765524
Q116977311	6000000008697199704
Q116977324	6000000015187911509
Q116977335	6000000011515205821
Q116977336	6000000029095527012
Q1169780	6000000172475165971
Q11697813	6000000018975178644
Q11697837	6000000184687500937
Q11697848	6000000136783038551
Q116978558	6000000043051836061
Q1169789	6000000003827151457
Q11697896	6000000178593202835
Q11697904	6000000037608713410
Q116979356	6000000008277106467
Q116979363	6000000015236150030
Q116979397	6000000015231985647
Q116979438	6000000020141076971
Q116979903	5085575389260054081
Q116980060	6000000009305525698
Q116980067	6000000163254496077
Q116980211	6000000032372533203
Q116980347	6000000006517996283
Q116980348	6000000006252708425
Q116980350	6000000003301749989
Q116980377	6000000037555209419
Q116980396	6000000003938659192
Q116980398	6000000003938659186
Q116980403	6000000007327795691
Q116980451	6000000013134000175
Q116980485	6000000007792526077
Q116980487	6000000004579311403
Q116982064	6000000009956541512
Q116983	6000000029330700089
Q116983081	6000000138967469009
Q11698351	6000000011459064088
Q116983804	6000000033742060821
Q116983911	6000000014884598955
Q116983999	6000000194087808849
Q116984019	6000000194087776843
Q116984038	6000000194087755831
Q116984644	6000000009640292778
Q116984662	6000000139633302837
Q116984666	6000000028246679940
Q116984678	6000000028246530580
Q116984694	6000000210694882834
Q116984707	6000000031114834320
Q116984784	6000000180790821975
Q116984812	6000000018015247102
Q116984865	6000000194565342822
Q116985093	6000000026436220158
Q116985140	6000000175269684876
Q11698527	6000000001010071013
Q116985292	6000000037873586896
Q116985314	6000000037872865411
Q116985363	6000000036468146268
Q116985590	6000000067419911834
Q11698585	6000000007690286454
Q11698590	6000000040482589320
Q11698623	5277748203940038843
Q11698637	6000000011559979243
Q116986455	6000000020142752013
Q11698652	6000000079821164883
Q11698653	6000000035533137441
Q11698667	6000000003661288395
Q11698671	6000000015995643669
Q116986791	6000000186126621983
Q11698693	6000000019841688975
Q11698705	6000000005290398001
Q11698707	6000000023295420040
Q11698707	6000000190455268066
Q11698735	6000000014638319586
Q11698737	6000000078215979727
Q11698739	6000000012246779900
Q11698742	6000000029276846550
Q11698757	6000000130329630856
Q11698790	6000000086918484934
Q11698819	6000000024477935221
Q11698825	6000000010837166341
Q116988488	6000000194087714837
Q11698909	6000000013258991441
Q11698912	6000000000128811202
Q1169892	6000000006729032147
Q11698952	6000000016415075967
Q11698966	6000000014193780905
Q1169901	6000000012887783383
Q11699105	6000000075502752822
Q11699201	6000000090571345861
Q11699218	6000000018960058870
Q116993	6000000027779015917
Q1169938	6000000008289656775
Q116995	6000000027364624855
Q116995419	6000000009850889560
Q116995431	6000000111866243229
Q116995557	6000000024248852625
Q116995562	6000000024248893651
Q116995563	6000000024248888507
Q116995575	6000000024249316972
Q116995642	6000000016748860671
Q11699566	6000000029801109910
Q116995663	6000000016748839579
Q116995706	6000000010372501061
Q116995707	6000000021888074246
Q116995710	4829651589070072847
Q11699635	6000000027432999774
Q11699638	6000000177291228912
Q116996794	6000000023313082668
Q1169968	6000000077067522964
Q116996917	6000000019057190965
Q116997002	6000000019057495501
Q116997165	6000000023314599066
Q116997641	3354551
Q116997777	6000000003102932216
Q116997824	3354610
Q116998049	6000000006595586821
Q116998428	6000000010592502370
Q116998555	6000000025875372483
Q116998562	6000000072205896870
Q116998713	6000000008427762440
Q11699911	6000000024568924246
Q117000108	6000000188842711826
Q117000723	6000000015525623941
Q117001349	6000000002586783966
Q117001891	6000000013998469162
Q117003989	6000000019162118212
Q117005430	6000000053263093208
Q117005432	6000000024183188091
Q117005884	6000000016178916676
Q117005991	371122900290012935
Q117006045	6000000001645993323
Q117006366	6000000000635599317
Q117006438	6000000192517113876
Q117006863	6000000006347248413
Q117007452	6000000192523870824
Q117008177	6000000202710754857
Q11701012	6000000184278307833
Q117011	6000000184985681822
Q117011180	6000000019735051206
Q117012	6000000003638322246
Q117012253	6000000090742940982
Q117012263	6000000090743637994
Q117012349	6000000059732974833
Q1170132	6000000137324188968
Q117014011	6000000147750686950
Q117014155	6000000147750774823
Q117014239	6000000033250703488
Q117014271	6000000012873007487
Q117015	6000000043544888052
Q117018	6000000000281585522
Q117018041	6000000022421363881
Q117018053	6000000192541978845
Q11702	6000000024617279597
Q11702031	6000000055304561972
Q11702073	6000000030727760714
Q117021495	6000000014001475431
Q117021505	6000000188842432860
Q117021518	6000000113761753958
Q117021660	6000000053146247078
Q117021683	6000000009542612601
Q117021918	6000000017993170809
Q117021930	4998822574380134895
Q117021931	6000000182868022871
Q117022066	6000000025057182110
Q117022076	6000000182869337832
Q117022125	6000000035022814196
Q117022264	6000000026406322187
Q117022275	6000000189645514822
Q117022276	6000000025069044049
Q117022348	6000000009936181778
Q117022385	6000000017529417444
Q117022396	6000000024380230482
Q117022399	6000000017530123037
Q117023155	6000000020884883278
Q117023197	6000000020884851439
Q117023398	6000000066012146935
Q117025096	6000000025901266297
Q117025098	6000000025901142517
Q1170255	6000000011621735609
Q117025890	6000000000102339441
Q117026	6000000040631417947
Q117026224	6000000017748017117
Q117026494	6000000021865323017
Q117026615	6000000008999416955
Q117026736	6000000059732681960
Q117027186	6000000003816785371
Q117029070	6000000189239627821
Q117029071	6000000188841187922
Q117029089	6000000036836131292
Q11702918	6000000007028470115
Q117029221	6000000068137021080
Q117029232	6000000192044270821
Q11702946	6000000152197758851
Q117029555	6000000002465858048
Q11703013	6000000017406533046
Q117030447	6000000166754584835
Q117030490	6000000014684216876
Q117030514	6000000003772723687
Q117031704	6000000030849036689
Q117031756	6000000083850742023
Q117031856	6000000019206529285
Q117031856	6000000179340029852
Q117031870	6000000014961179124
Q117031893	6000000038212553123
Q117032007	6000000003079497590
Q11703211	6000000013953731474
Q11703303	6000000038521072416
Q11703445	6000000155480335837
Q117034668	6000000014566622031
Q117034926	6000000053961388037
Q117035715	6000000170289354916
Q117035730	6000000192588401855
Q117035828	6000000016318641106
Q117035933	6000000013836831665
Q117035934	6000000193660844829
Q117035935	6000000073324072856
Q117035936	6000000013841473364
Q117035938	6000000007465099910
Q117035942	6000000013841571741
Q117035944	6000000004135515058
Q117035969	6000000002049052058
Q117035972	6000000003942639436
Q117035973	6000000006197161431
Q117035978	6000000007273280985
Q117037321	6000000018028813467
Q117037401	6000000016180667384
Q117037478	6000000008223839656
Q117037618	6000000015346596111
Q117037675	6000000084990201760
Q117037789	6000000036629797705
Q117038147	6000000017207855078
Q117038166	6000000017207463341
Q117038297	6000000021624479484
Q117038770	6000000006567376566
Q117038787	6000000033250113716
Q117038794	328320067050001171
Q117038817	6000000078807758172
Q117038817	6000000177340846831
Q117038966	6000000014565966605
Q117043046	6000000011797509824
Q117043109	6000000028768068169
Q1170432	6000000016165922998
Q117043581	6000000020748103500
Q117045140	6000000016726967517
Q117045254	6000000050052728093
Q11704550	6000000031004681883
Q11704553	6000000028121940791
Q117045746	6000000022904567642
Q117048750	6000000006127726154
Q117048898	6000000061267411959
Q117049239	6000000001343373019
Q117049640	6000000053811909861
Q117049649	6000000001728310099
Q117049692	6000000082299306459
Q117050639	6000000006897396159
Q117050667	6000000056731069899
Q117050684	6000000030264481881
Q117050686	6000000038215612756
Q117050715	6000000043618490089
Q117050721	6000000042314327143
Q117050722	6000000042312916376
Q117050730	6000000042314105914
Q117050747	6000000036321546078
Q117050751	6000000036301342304
Q11705076	6000000003997086127
Q117050900	6000000000242297241
Q117050901	6000000008451724636
Q117050975	6000000004355469766
Q117052687	6000000076960945339
Q117052842	6000000024972208389
Q117053000	6000000184414646841
Q11705314	6000000027836022445
Q117053313	6000000043827530695
Q117054354	6000000016509388673
Q117055	6000000174915641020
Q1170553	6000000177505330972
Q11705582	5336782484500024661
Q11706052	6000000025745239481
Q11706060	6000000014567646533
Q11706460	6000000013236554500
Q11706617	6000000019456983606
Q117066374	6000000009945720450
Q117066499	6000000015191040876
Q117067743	6000000017945700360
Q117067809	6000000018465350418
Q117067879	6000000021441825789
Q117068143	6000000024240300739
Q11706878	6000000066776137857
Q11706888	6000000146271474914
Q117069980	6000000001372888004
Q117069982	5200773413680079036
Q117069984	6000000128216703821
Q117069984	6000000151735919821
Q117070143	6000000007248965316
Q117070144	6000000008439616333
Q117070192	3929279729610026610
Q117070399	6000000090239155317
Q117070536	6000000192602443834
Q117070679	6000000192121998877
Q117070695	6000000192122197845
Q117070726	6000000192657205851
Q117070942	6000000018492195494
Q117071273	6000000008924793621
Q117071280	6000000008924961351
Q117071304	6000000010451144809
Q117071308	6000000010451886934
Q117071317	6000000002866586305
Q117071321	6000000010451168068
Q117071323	6000000008925043203
Q117071324	6000000008651876952
Q117071326	6000000009245182022
Q117071327	6000000003938400242
Q117071341	5123532381360083453
Q117071343	6000000003868231524
Q117071344	6000000000550078425
Q117071346	6000000002871951233
Q117071347	6000000004087337835
Q117072049	6000000003137518780
Q117072144	6000000006567677352
Q117072184	6000000008591813591
Q117072218	6000000142210054065
Q117072797	6000000000497485388
Q117072879	6000000000497485371
Q117072892	6000000008465880749
Q117073063	6000000041100445862
Q1170731	6000000008940096356
Q117073282	6000000008363679802
Q117073297	6000000008363653265
Q117073325	6000000006102770670
Q117074227	6000000039590093269
Q117074346	6000000007776618904
Q117074418	6000000007789276174
Q117074752	6000000020378834300
Q117074753	6000000022795855998
Q117074756	6000000002580455157
Q117074757	6000000001794792683
Q117074758	6000000001794792601
Q117074759	6000000000941290564
Q117074763	6000000020378895488
Q117074764	6000000024709518858
Q117074766	6000000001179698155
Q1170750	6000000063010114177
Q117075474	6000000042107593743
Q117075491	6000000192672081852
Q117075622	6000000192674294826
Q117075809	6000000008913712506
Q117075986	6000000010686983526
Q1170763	6000000149610755892
Q117078461	6000000008736590885
Q117078680	6000000012462505950
Q117079477	6000000021133260019
Q117081	6000000018328682738
Q117081121	6000000149232251836
Q117081228	6000000017945316092
Q117081496	6000000024902336051
Q117081527	6000000024358706299
Q117081636	6000000029761008269
Q117083317	6000000051450465443
Q11708429	6000000031591059689
Q11708454	6000000076782937910
Q11708459	6000000154077292821
Q117084766	6000000140769053916
Q117084823	6000000001180225094
Q117085069	6000000053647990104
Q117085101	6000000000348858914
Q117085327	6000000010861490791
Q117085351	6000000003559979015
Q117085426	5691698143970123971
Q11708563	6000000184775485831
Q11708572	6000000086123045863
Q117086973	6000000017364750360
Q117087094	6000000014566339508
Q11708759	6000000024010658603
Q1170879	6000000011060147573
Q117088	6000000034613287811
Q11708817	6000000172780953951
Q117088197	6000000021885263429
Q11708830	6000000008276632438
Q11708831	6000000015605862051
Q11708840	6000000018529355732
Q117088489	6000000016020822861
Q117088490	6000000015698068044
Q117088491	6000000005912178604
Q117088492	6000000005912178614
Q117088493	6000000015698028119
Q117088494	6000000153700440041
Q117088495	6000000153700498994
Q117088496	6000000033000828160
Q11708852	6000000006906447529
Q11708893	6000000004868229027
Q117089	6000000137550202895
Q11708912	6000000007166354300
Q11708915	6000000033851852691
Q11708920	6000000000003281014
Q117089236	6000000124104918854
Q117089308	6000000019405263357
Q11708933	6000000079938303266
Q117089408	6000000037149031816
Q117089621	6000000014803545899
Q11708974	6000000183060278823
Q117089753	6000000012225566054
Q117089786	6000000014539196545
Q117089799	6000000018399822985
Q117089906	6000000026979240290
Q117089979	6000000018173394303
Q117090020	6000000012986985539
Q117090031	6000000018173406532
Q11709017	4824746259480042560
Q117090176	6000000000687215144
Q117090180	6000000007289837264
Q117090241	6000000017173227038
Q11709033	6000000081643580556
Q11709057	6000000025624198807
Q11709097	6000000007231371307
Q11709114	6000000163745692844
Q11709125	6000000008237443891
Q117093	6000000026870014013
Q117096	6000000004354067037
Q11709628	6000000026103067265
Q117096824	6000000012838300629
Q117097008	6000000090238884858
Q117097254	6000000189813146841
Q11709753	6000000015593548508
Q11709768	6000000204558542826
Q11709787	6000000077650748649
Q117098245	6000000146738546927
Q11709968	6000000010353276002
Q117100607	6000000031094773649
Q117100626	6000000171730611032
Q117100660	6000000171730889977
Q117101	6000000011276022022
Q11710166	6000000077651808951
Q117101724	314112990470002066
Q11710251	6000000003822621285
Q117104158	6000000001764880951
Q1171061	6000000017603178395
Q1171067	6000000010546028465
Q11710924	6000000088471458898
Q117110	6000000187962099986
Q117111	6000000103864428901
Q11711122	6000000030266926835
Q11711123	6000000180071611877
Q11711129	6000000023770249730
Q11711130	6000000087426788971
Q11711131	6000000024304051742
Q11711136	6000000015813011730
Q11711137	6000000017826920744
Q11711142	6000000090663300918
Q11711145	6000000109531388856
Q11711148	6000000116223409894
Q11711170	6000000014045322807
Q11711175	6000000027516594306
Q11711176	6000000018266902362
Q11711182	6000000175680127869
Q11711183	6000000014572099094
Q11711187	6000000015395270454
Q11711199	6000000028295657962
Q11711223	6000000006711470709
Q11711231	6000000014694994791
Q11711241	6000000149785857824
Q11711246	6000000022953503201
Q11711261	6000000015751025885
Q11711267	6000000036200522320
Q11711273	6000000104327324893
Q11711276	6000000129514593821
Q117112809	6000000001379881661
Q11711287	6000000059233274894
Q117112905	6000000015304919812
Q11711299	6000000069431222067
Q11711307	6000000038146448141
Q11711310	6000000082040036938
Q11711311	6000000011221634793
Q11711313	6000000176852260832
Q11711315	6000000017316900000
Q11711327	6000000015963621532
Q11711343	6000000015835815029
Q11711353	6000000179823229838
Q11711362	6000000087701786891
Q11711365	6000000009375519782
Q11711385	6000000011333575601
Q11711386	6000000020521087692
Q11711393	6000000031809034394
Q11711416	6000000075290192833
Q117116	6000000015361573209
Q11711625	6000000181657261827
Q11711873	6000000025032476373
Q117120198	332530845780011330
Q117120566	6000000076161302142
Q117122582	6000000009180367787
Q117131101	6000000051126669826
Q11713729	6000000040531594842
Q11713736	6000000167611163054
Q11713762	6000000166865968984
Q11713777	6000000099932379945
Q11713796	6000000164024425974
Q11713822	6000000003141501387
Q11713851	6000000076380819886
Q11713872	6000000020638585091
Q11713893	6000000081106931984
Q117139	6000000027545831328
Q11713955	6000000085807884888
Q11713967	6000000172097193574
Q11713972	6000000007850756290
Q11714057	6000000020350598345
Q117142556	6000000026779259325
Q11714305	6000000188981706538
Q117143126	6000000026893408911
Q11714314	6000000025264741697
Q11714392	6000000003722886044
Q117144	6000000006741977312
Q117144721	6000000003587156127
Q117144727	6000000014984717503
Q117144728	6000000004169803821
Q11714510	6000000013640973117
Q11714515	6000000031637600300
Q11714614	6000000013640897539
Q11714630	6000000018248435981
Q11714642	6000000051184672035
Q11714644	6000000079258634871
Q11714668	6000000002152916069
Q11714683	6000000065175494024
Q117147	6000000026037515020
Q11714723	6000000172693107451
Q11714732	6000000023755707988
Q11714737	6000000028655657294
Q117147842	6000000004170005173
Q117148	6000000013678904439
Q11714960	6000000054357779893
Q11714964	6000000177184454841
Q11714967	6000000016751252062
Q11714969	6000000020284317982
Q11714979	6000000034789862074
Q117151079	6000000192773658838
Q11715237	6000000180411258886
Q117152620	6000000192773093859
Q11715288	6000000003354837602
Q11715339	6000000012247080134
Q117155301	6000000020349530023
Q11715531	6000000029569268961
Q11715600	6000000178989832835
Q11715666	6000000011528313928
Q11715686	6000000177984812847
Q11715712	6000000039020070934
Q11715714	6000000013234927451
Q117157266	6000000012626606474
Q11715798	6000000015752172887
Q11715852	6000000029499884772
Q11715868	6000000015762739214
Q11715875	6000000018638245665
Q11715888	6000000069280158876
Q11715899	6000000094616637842
Q11715905	6000000181137496881
Q11715933	356231567780012321
Q11715950	6000000002236640469
Q11715956	6000000033079123996
Q11715965	6000000009465746047
Q11715966	6000000012299506501
Q11715970	6000000022817236522
Q11715981	6000000003418874120
Q11715995	6000000002429336087
Q11715999	6000000035832149788
Q11716010	6000000015057322686
Q11716011	3917661650380124727
Q117160850	6000000021924750843
Q117161772	6000000013330382341
Q117161792	6000000013330313616
Q11716283	6000000011691668063
Q117162993	6000000024417451375
Q11716372	6000000030646765890
Q11716373	6000000037168944990
Q11716376	6000000000947691209
Q11716391	6000000019791369103
Q11716395	6000000007690292069
Q11716397	6000000002659221826
Q11716402	6000000179894478844
Q11716406	6000000037446561279
Q11716410	6000000030492989821
Q11716416	6000000013258581784
Q11716444	6000000017653252110
Q11716445	6000000018563101829
Q11716452	6000000019749646960
Q11716469	6000000106009616869
Q11716479	6000000019917354282
Q11716481	6000000180257299903
Q11716497	6000000023264853382
Q11716498	6000000006265133191
Q11716506	6000000019923566695
Q11716506	6000000041111775140
Q11716528	6000000015986232850
Q11716552	6000000019432287989
Q11716553	6000000003827612065
Q11716555	6000000176651321836
Q11716573	6000000001720956823
Q11716575	6000000070179881987
Q11716583	6000000071417596868
Q11716614	6000000018526183387
Q11716663	6000000053641154880
Q11716701	6000000039531210774
Q117167120	6000000028295906963
Q11716762	6000000027757152492
Q11716770	6000000011836048515
Q11716794	6000000011688708075
Q11716795	6000000002188508327
Q11716796	6000000008630277455
Q11716797	6000000008630274874
Q11716798	6000000008630277518
Q117168140	6000000022275915960
Q117168149	6000000013421380679
Q117168169	6000000014189575654
Q117168280	6000000024641138832
Q117168369	6000000042111031172
Q11716890	6000000015864106385
Q11716911	6000000040653366225
Q11716912	6000000108270375904
Q11716916	6000000037174290921
Q11716920	6000000098942661822
Q11716933	6000000003405570370
Q11716936	6000000003653054216
Q11716957	6000000033765611082
Q11716961	6000000035173016124
Q11716977	6000000078287292848
Q11716982	6000000030598295569
Q11716997	6000000013267670865
Q11717024	6000000018140315426
Q11717050	6000000197147979847
Q11717070	6000000016032444428
Q117170748	6000000002741933006
Q11717095	6000000028264229318
Q11717108	6000000009306319965
Q11717125	6000000077226060069
Q117171639	6000000003940990903
Q11717167	6000000022924645144
Q11717179	6000000036448961249
Q11717192	6000000113476604202
Q117171959	6000000023908967941
Q11717207	6000000023457198437
Q11717237	6000000041965672300
Q11717250	6000000142114861865
Q117172562	6000000029645661541
Q11717261	6000000017756048509
Q11717297	6000000056985912289
Q11717298	6000000022966204440
Q11717308	6000000004380066978
Q11717324	6000000011634048711
Q11717325	6000000040569431170
Q11717358	6000000014981728526
Q11717360	6000000015681973466
Q11717373	6000000002100672130
Q11717374	6000000106419072871
Q11717375	6000000178728581835
Q11717379	6000000014195691315
Q11717380	6000000021280955224
Q11717395	6000000025207579374
Q117173985	6000000006348530895
Q117174	4177431868920073938
Q11717404	6000000007570611574
Q11717405	6000000120691487898
Q11717408	6000000084907908043
Q11717410	6000000026103257101
Q11717418	6000000180598938827
Q11717434	6000000018647601845
Q11717452	6000000019405426714
Q11717453	6000000182706146821
Q11717454	6000000002101023396
Q11717468	6000000016457594780
Q11717470	6000000023437767871
Q11717478	6000000003815565296
Q11717498	6000000016503220414
Q11717513	6000000100865716428
Q11717518	6000000068565371121
Q11717532	6000000018983218968
Q11717564	6000000019871375826
Q11717570	6000000017634075502
Q11717586	6000000015865764556
Q117175870	6000000021024499806
Q11717590	6000000109024776993
Q11717628	6000000015563877221
Q11717630	6000000015746100452
Q11717640	6000000000313258994
Q11717653	6000000030913639247
Q11717665	6000000153867396822
Q11717687	6000000018562905214
Q11717704	6000000021229656029
Q11717708	6000000003274624690
Q11717717	6000000181416877853
Q11717731	6000000018380946826
Q11717739	6000000051347469964
Q11717741	6000000078581371395
Q11717777	6000000077364592479
Q11717786	6000000029423321929
Q11717788	6000000003273404416
Q11717795	6000000078635657784
Q11717815	6000000006581002438
Q11717828	6000000011304830285
Q11717829	6000000178761608832
Q11717838	6000000081958324033
Q11717844	6000000078585960243
Q11717845	6000000015750927706
Q11717848	6000000180397383822
Q11717850	6000000023352696322
Q11717871	6000000003273404057
Q11717876	6000000077755188821
Q117178850	6000000192801121915
Q11717886	6000000066546428879
Q11717889	6000000069635986309
Q11717902	6000000017614629947
Q11717903	6000000003418623205
Q11717913	6000000141920375089
Q11717918	6000000115538036137
Q11717920	6000000010330580752
Q11717925	6000000002996802012
Q11717929	6000000176593864821
Q11717944	6000000020690392550
Q11717951	6000000013365056477
Q11717956	6000000040569358219
Q11717968	6000000015347016401
Q11717969	6000000014192987204
Q11717973	6000000106233110830
Q11717974	6000000010693791697
Q11718011	6000000087594623980
Q11718024	6000000017671936794
Q11718025	6000000017672162235
Q11718041	6000000174437243893
Q11718083	6000000015606336110
Q11718116	6000000031957779822
Q11718118	6000000019437427749
Q11718120	6000000021353438152
Q11718121	6000000150907233200
Q11718124	6000000136034044822
Q11718128	6000000003386562025
Q11718140	6000000189507551837
Q11718143	6000000032963872839
Q11718151	6000000023153757639
Q11718159	6000000014961107140
Q11718197	6000000022669793285
Q11718253	6000000012782353204
Q11718257	6000000030860114173
Q11718258	6000000000669318778
Q11718259	6000000018983645576
Q11718267	6000000020059276853
Q11718279	6000000022850217821
Q117183	6000000163744083872
Q11718304	6000000109896487821
Q11718313	6000000078345010912
Q11718336	6000000151404853921
Q11718374	6000000018982537353
Q11718375	6000000012247010084
Q11718386	6000000144744679822
Q11718395	6000000013052513663
Q11718396	6000000013052590371
Q11718406	6000000193773879833
Q11718411	6000000044303392905
Q11718432	6000000017201023930
Q11718442	6000000035885048863
Q11718448	6000000072835319832
Q11718479	6000000037325347187
Q11718486	6000000041326587213
Q117184901	6000000197161523823
Q11718497	6000000022910477199
Q117184982	6000000006994568038
Q11718499	6000000220474463849
Q11718510	6000000043113675955
Q11718513	6000000029357121495
Q11718517	6000000027483948009
Q11718521	6000000040572705443
Q11718523	6000000034544961135
Q11718525	6000000020524799976
Q117185253	6000000007849209378
Q117185256	6000000010465665700
Q11718554	6000000017229692188
Q11718555	6000000040055419812
Q117185581	6000000008542502399
Q11718593	6000000038443920901
Q11718594	6000000011433546385
Q11718595	6000000185710825912
Q11718607	6000000014959418502
Q11718615	6000000185011260823
Q11718630	6000000015855445967
Q11718640	6000000003405346377
Q11718648	6000000003811262902
Q11718679	6000000025594510667
Q11718687	3917591231290021698
Q11718688	3917948721450125419
Q11718695	6000000003671530792
Q11718701	6000000174333767947
Q11718708	6000000091025384936
Q117187132	6000000021967489515
Q117187155	6000000003251853406
Q11718724	6000000022884388339
Q11718731	6000000087415481829
Q11718748	6000000001407079274
Q11718749	6000000092439247939
Q11718750	6000000016000022617
Q11718751	6000000014655158183
Q11718759	6000000011370537318
Q11718772	6000000040374786378
Q117187869	6000000026107262949
Q117187869	6000000027614032031
Q11718798	6000000109025160835
Q11718806	6000000002631201230
Q117188063	6000000192818066902
Q117188086	6000000192819174854
Q117188159	6000000192820475823
Q11718822	6000000107834061881
Q11718827	6000000107018605958
Q11718829	6000000006720250462
Q11718844	6000000029506999251
Q11718856	6000000000952633232
Q11718857	6000000066006107943
Q11718858	6000000003686483430
Q11718859	6000000018563544617
Q117188899	6000000021948352332
Q117189082	6000000053602811950
Q11718909	6000000025745652293
Q117189211	290055914510002615
Q117189223	6000000014339454333
Q11718928	6000000014981296034
Q11718930	6000000015150591384
Q11718949	6000000184185502870
Q11718952	6000000019411634124
Q11718966	6000000015353740321
Q11718967	6000000057526192017
Q11718968	6000000186212299834
Q11718989	6000000011478699311
Q11718994	6000000081775308207
Q11718995	6000000147784321850
Q11719015	6000000166009349821
Q11719032	6000000006420634693
Q117190380	6000000026779904100
Q117190382	6000000002813330523
Q117190384	6000000041110408837
Q117190385	6000000020358724700
Q11719043	6000000167369466090
Q11719051	6000000085275311843
Q117190538	6000000042516220246
Q117190539	6000000002966173828
Q11719054	6000000003776285517
Q117190548	6000000002073491918
Q117190550	6000000003301702984
Q117190553	6000000006445000526
Q117190556	6000000002073495001
Q117190558	6000000002073402805
Q117190559	6000000001274932257
Q117190563	6000000002073409551
Q117190570	6000000000600273475
Q117190571	6000000000600273442
Q11719062	6000000064619888856
Q11719067	6000000016751050312
Q117190711	6000000042587078497
Q117190715	6000000042587528113
Q11719073	6000000011744470312
Q117190780	6000000000408354255
Q117190785	3969634497000030253
Q11719088	6000000021411600354
Q11719089	6000000021196849936
Q11719098	6000000081501623142
Q11719110	6000000101038152821
Q117191114	6000000040594818857
Q11719139	6000000019137098143
Q11719151	6000000050899340031
Q11719162	6000000117627903822
Q117191815	6000000026779218393
Q117191817	6000000026780077500
Q117191823	6000000026780005240
Q117191919	6000000047602767093
Q117192	6000000050110876881
Q11719235	6000000131416742011
Q11719237	6000000016010493385
Q11719240	6000000014273395256
Q11719251	6000000022672223267
Q11719253	6000000000947523178
Q117192671	6000000021024634346
Q117192672	6000000012953102043
Q117192673	6000000004201378667
Q117192679	6000000012953201394
Q117192681	6000000030139923452
Q117192682	6000000030140191122
Q117192691	6000000021024752767
Q117192694	6000000012953257366
Q11719276	6000000118850014913
Q11719281	4370200774350088576
Q117192947	6000000003940990425
Q117192948	6000000035266278114
Q117192949	6000000002448673437
Q117192952	6000000001635581913
Q117192954	5587593835580057815
Q117192958	6000000003940990418
Q117192959	6000000003424577455
Q117192960	6000000003424575340
Q11719315	6000000017709395085
Q11719316	4490250976880061805
Q11719317	6000000017655393290
Q117193223	6000000000536618666
Q11719333	6000000018381395697
Q11719382	6000000061244955105
Q11719384	6000000022914829971
Q11719393	6000000035967515895
Q11719396	6000000194665670880
Q11719427	6000000087465691829
Q11719464	6000000077433328765
Q11719501	6000000012257025554
Q11719503	6000000002665145596
Q11719503	6000000175916631853
Q11719514	6000000190450528287
Q11719528	6000000022920551116
Q11719536	6000000016093025939
Q117195898	6000000003440762230
Q11719594	6000000011433100957
Q11719597	3917607872990033385
Q11719600	6000000018648806323
Q11719606	6000000014820643219
Q11719606	6000000209175012851
Q11719611	6000000019734401390
Q11719614	6000000017687108556
Q11719642	6000000014569666282
Q117196463	6000000003569677699
Q117196465	6000000003569693457
Q11719661	6000000049352804821
Q117196685	6000000049885572061
Q11719698	6000000181306150834
Q11719699	6000000006437009563
Q11719707	6000000056901518876
Q11719712	6000000023515401262
Q11719796	6000000150589515357
Q11719817	6000000065334504881
Q11719820	6000000175773183998
Q117198227	6000000186841939831
Q117198232	6000000186841735839
Q117198238	6000000186841986833
Q117198240	6000000192874433821
Q11719826	4577686617170037072
Q11719831	3053408
Q11719840	6000000003500465405
Q11719843	6000000015985976807
Q11719873	6000000181925592842
Q11719890	5087363883040062576
Q117199931	6000000007463261748
Q11720025	6000000037470767367
Q11720178	6000000019240032115
Q11720183	6000000041365257692
Q117202127	6000000045958707556
Q117202145	6000000049405629926
Q11720300	6000000019210231086
Q11720321	6000000022990751297
Q11720440	6000000079205144883
Q11720531	6000000002027011946
Q11720538	6000000017898800241
Q11720592	6000000172129018882
Q11720697	6000000182339438839
Q11720708	6000000181330338863
Q117207228	6000000036306137051
Q11720733	6000000081586387821
Q11720862	6000000013155373676
Q11720890	6000000065158594831
Q11720893	6000000016775127882
Q11720894	6000000154638651941
Q11720920	6000000015707563986
Q117209488	6000000019764275024
Q117209647	6000000172279057968
Q117209999	6000000016724993462
Q117210018	6000000011436527850
Q117210368	6000000019717116198
Q11721065	6000000017684832444
Q11721066	6000000069866415933
Q117211882	6000000194968780839
Q117213064	6000000015186148841
Q117213388	6000000195600309821
Q117213403	6000000021247895200
Q117213733	6000000010694062802
Q117219014	6000000186815220865
Q117219017	6000000186832840840
Q117219026	6000000186824933826
Q117219036	6000000186815542844
Q117219386	6000000024183346049
Q117219584	6000000012631407847
Q117220170	6000000017483085631
Q117220230	6000000020114054173
Q117220301	6000000025810122045
Q117220603	6000000035019530094
Q117221280	6000000002500302725
Q117221340	5526536301110116344
Q117222478	6000000004164908174
Q117222675	3523076
Q11722373	6000000009542615783
Q11722466	6000000016750228364
Q117224802	6000000021884463080
Q117224934	6000000059232789821
Q117224946	6000000011942206353
Q117224952	6000000009823938424
Q117224980	6000000008300658466
Q11722503	6000000072418933234
Q117225109	6000000018329435195
Q117225114	6000000008257386317
Q117225116	6000000008207137762
Q117225143	6000000021088884804
Q117225185	6000000007605220007
Q117225208	6000000008944754117
Q117225220	6000000024931119481
Q117225221	6000000024931631031
Q11722528	6000000019240968375
Q11722624	6000000078489011417
Q117227099	6000000011591426454
Q117227127	6000000027038165350
Q117228172	6000000012947151178
Q117228696	6000000012947576362
Q117229496	6000000001384708778
Q11723006	6000000026533895082
Q117230089	6000000005337785014
Q117230090	6000000003938525623
Q117230101	6000000003940464812
Q117230103	6000000004999104322
Q117230104	5555445882960054500
Q117230108	6000000003938525609
Q117230112	6000000035613489568
Q117230869	6000000019998550203
Q11723094	6000000056360894821
Q11723097	6000000001583387950
Q11723102	6000000014319113111
Q117231195	6000000004377587704
Q117231365	6000000199869864841
Q117235325	6000000015309681970
Q11723588	6000000101724624823
Q117238032	6000000002248016269
Q117238094	6000000005336426005
Q117238402	6000000010516044829
Q11723956	6000000029119123107
Q117241881	6000000004966323011
Q117241999	6000000028160508303
Q117242000	6000000031976977851
Q117242050	6000000050260323916
Q117242236	6000000016447519273
Q117242252	6000000041762030987
Q117242277	6000000041757848342
Q117242279	6000000016232300954
Q117242282	6000000016232157475
Q1172425	6000000039326118907
Q11724276	6000000003803730280
Q11724277	6000000021731572071
Q11724308	6000000179120527823
Q11724317	6000000002394872157
Q11724327	6000000000905636333
Q11724441	6000000016145108422
Q11724446	6000000025989641654
Q11724453	6000000028144095689
Q117244648	6000000018481216198
Q117244662	4245494
Q117244717	6000000025454819488
Q117244873	6000000061292567945
Q11724494	6000000034764305159
Q11724506	6000000090665717038
Q11724507	6000000029392549994
Q11724534	6000000035735340405
Q117245349	6000000059184319860
Q11724541	6000000018647383091
Q11724541	6000000028264765763
Q117245537	6000000181147456880
Q11724564	6000000111152939826
Q117245889	6000000021605967710
Q117245891	6000000021605707361
Q11724600	6000000052489509839
Q117246016	6000000019920694630
Q117246020	6000000104557742884
Q11724629	6000000015585640189
Q117246459	6000000023921204895
Q117246480	6000000081331276127
Q117246481	6000000081331537948
Q11724649	6000000013806454357
Q117246711	6000000029221143063
Q11724672	6000000109060747870
Q117246779	6000000026982530274
Q117246782	6000000041328797281
Q11724687	6000000073976351050
Q117247014	6000000017963972384
Q11724704	6000000010353926490
Q117247138	6000000021131601326
Q11724714	6000000014877353846
Q11724717	6000000080734285821
Q11724734	6000000006739880733
Q117247340	6000000063446396980
Q11724755	6000000190457568946
Q11724764	6000000106048876874
Q11724775	6000000023341818534
Q117247927	6000000008631406105
Q11724798	6000000030719952396
Q117247985	6000000018973126099
Q11724799	6000000003621919372
Q11724800	6000000183993130876
Q11724808	6000000002090568112
Q117248396	6000000186832442878
Q117248833	6000000022893115938
Q11724889	6000000020207332306
Q11724894	6000000026668957562
Q117248977	6000000041329055821
Q117248987	6000000031300801031
Q117249261	6000000167714289833
Q11724936	6000000015887717498
Q11724940	6000000178631307828
Q11724971	6000000064350287190
Q117249753	6000000053285594086
Q11724998	6000000034772082745
Q11725019	6000000008005808992
Q11725020	6000000003582209837
Q117250213	6000000009561503005
Q117250214	293599391400001301
Q117250316	6000000005474459444
Q11725062	6000000047049819926
Q11725074	6000000004148624127
Q11725083	6000000004200062309
Q11725107	6000000018490469353
Q11725114	6000000023354379400
Q117251264	6000000003669350946
Q11725151	6000000010504448282
Q117251814	6000000078112684217
Q11725253	6000000002395756121
Q11725254	6000000011546368718
Q117253	6000000020669339151
Q11725312	6000000184314508851
Q11725315	6000000062314828257
Q11725324	6000000058013898995
Q11725412	6000000037335184868
Q11725427	6000000015030894269
Q11725433	6000000002687346820
Q11725442	6000000048751411874
Q11725446	5222598153890042872
Q11725450	6000000058726115493
Q11725527	6000000179007931821
Q11725540	6000000086221780856
Q117256048	6000000192998033837
Q11725638	6000000016726251901
Q11725661	6000000011971446996
Q11725676	6000000099760043943
Q117256888	6000000021577051868
Q117257117	6000000193006472826
Q11725748	6000000149824938036
Q11725755	6000000004179190865
Q11725783	6000000175864510923
Q117258680	6000000193029479825
Q117258866	6000000030828557271
Q117258921	6000000196366698831
Q117258985	6000000016559159025
Q117259218	6000000193031224854
Q117259388	6000000024944137961
Q117259401	6000000017277960357
Q11726	6000000020887624265
Q117260391	6000000193007397834
Q117260531	6000000006582153750
Q117260681	295287536000005420
Q117260681	6000000000925500265
Q117260784	295423954400001491
Q117260990	6000000006276257268
Q117262131	6000000037463345136
Q117262860	6000000030984575105
Q11726313	6000000182968956852
Q117264945	380363685380013176
Q117264946	6000000006276159042
Q1172660	6000000155531199823
Q117266285	6000000043256286219
Q117266658	6000000023222448100
Q117266909	6000000001765197162
Q117267	5024874767220124012
Q117267349	6000000001764907450
Q117268313	6000000016730322953
Q117268413	6000000114819354859
Q117268534	6000000025514516879
Q117268576	6000000001613111493
Q117268578	6000000003164054601
Q117268659	6000000028162685158
Q117268969	6000000023203748822
Q117269018	6000000003643112759
Q117270391	6000000004593381291
Q117270392	6000000004593043745
Q117271539	6000000008811632774
Q11727265	6000000069696330855
Q117272659	6000000007345241519
Q11727278	6000000161366781847
Q11727290	6000000019733173268
Q11727305	6000000013150575234
Q11727309	6000000000951136163
Q11727310	6000000045538443829
Q11727326	6000000003684765126
Q11727329	6000000178678788821
Q11727334	6000000020318522507
Q11727335	6000000015834105945
Q11727338	6000000023213106296
Q117273558	6000000193032060824
Q11727387	6000000038667189934
Q11727413	6000000011585771204
Q11727455	6000000009240502057
Q117275275	6000000059373096108
Q11727553	6000000077885465280
Q11727588	6000000077395419851
Q117276012	6000000019003118073
Q11727656	6000000014063782163
Q11727657	6000000005320752025
Q11727695	6000000143778701879
Q11727701	6000000030918885791
Q11727720	6000000174211652966
Q117277630	6000000026921851239
Q117277631	6000000026921529716
Q11727766	6000000070707439033
Q117277716	6000000078929610877
Q11727773	6000000178701578821
Q117277750	6000000006127401808
Q117277760	6000000012118867657
Q117277821	6000000018680480149
Q117277822	6000000003009895502
Q117277823	6000000003009848948
Q117277824	6000000006110831067
Q11727784	6000000084656765821
Q117278032	6000000118389545172
Q117278051	6000000177571853823
Q11727809	6000000014190538845
Q11727848	6000000084737597110
Q11727874	6000000018139856782
Q11727895	6000000023430946097
Q11727899	3565266
Q11727949	6000000005482896003
Q11727985	6000000008630269963
Q11728009	6000000187891787821
Q117280382	6000000003669498538
Q117280551	6000000068905811898
Q117280582	6000000068892976052
Q117280643	6000000008683766880
Q11728070	6000000084059893576
Q117280745	6000000007621243649
Q117280748	6000000017192871313
Q117280780	6000000041053342743
Q117280821	6000000038451230943
Q117280833	6000000007329764460
Q117280907	6000000041070183734
Q11728122	6000000166731442821
Q11728174	6000000035951956496
Q11728195	6000000013448382397
Q117281982	6000000008630941363
Q117282026	6000000020531305212
Q117282059	6000000003023064356
Q117282097	6000000016896658251
Q117282123	6000000020531878043
Q117282129	6000000003023016448
Q117282166	6000000006256532809
Q117282312	6000000126085368824
Q117282337	6000000126058950848
Q117282347	6000000126069503826
Q117282409	6000000126069916832
Q11728292	6000000000286191306
Q11728312	6000000121704542854
Q11728384	6000000178671130821
Q117284075	6000000175231617851
Q11728417	6000000026892733987
Q11728456	6000000024774648995
Q117284639	6000000175134510738
Q117284724	6000000175231623953
Q117285284	6000000013125771152
Q11728532	6000000059870827191
Q11728559	6000000016054513484
Q117286115	6000000012911724241
Q117286281	6000000011810974795
Q117286775	6000000004966022504
Q11728690	6000000167567448822
Q117287589	6000000177591815822
Q117287605	6000000177591902822
Q117287626	6000000001970327449
Q117287633	6000000003197921676
Q117287652	6000000013715997626
Q117287670	6000000082438527225
Q117287721	6000000018498566399
Q117287723	6000000018498486523
Q11728783	6000000000148727272
Q117288029	6000000002121179325
Q117288035	6000000078913211353
Q117288039	6000000028888842860
Q117288255	6000000026982461242
Q117288281	6000000026982620187
Q117288305	6000000024927724266
Q117288420	6000000006348492269
Q117288423	6000000002649930661
Q117288454	6000000126050062272
Q117288455	6000000032704025286
Q117288457	6000000003509920210
Q117288459	6000000006729006825
Q117288474	6000000022735974799
Q117288477	6000000022735974804
Q117288478	6000000007226968804
Q117288479	6000000012665512469
Q117288516	6000000002121122730
Q117288517	6000000002121371721
Q117288519	6000000097493287040
Q117288580	6000000011403996397
Q117288582	6000000016320333359
Q117288585	6000000004592984030
Q117288586	6000000003772718815
Q117288606	6000000002649873699
Q117288611	6000000003616124617
Q117288629	6000000004851062455
Q117288630	6000000003482342106
Q117288696	6000000177570324833
Q117288847	6000000003301755093
Q117289075	6000000008093537254
Q117289081	6000000009593094447
Q117289119	5337270225690058691
Q117289614	6000000003858983460
Q117289617	6000000000157969200
Q11728965	6000000011399204254
Q117289704	6000000075650704271
Q11728976	6000000056073094878
Q11728979	6000000078385403254
Q117289861	6000000040918010064
Q117289862	6000000077630875349
Q117289863	6000000002348661285
Q117289866	6000000006441108002
Q117289868	6000000006441084269
Q117289872	6000000002348509973
Q117289873	6000000025172870764
Q117289874	6000000000115586058
Q117289916	6000000003858974898
Q117289919	6000000000157917560
Q117289921	6000000000158011167
Q117289930	6000000024352636266
Q117289931	6000000002979930292
Q117289933	316856814690001961
Q117289934	6000000002979807178
Q11729009	6000000026118006522
Q11729056	4168654982320025824
Q11729065	6000000102336964034
Q11729095	6000000125858446847
Q11729104	6000000082836963185
Q11729105	6000000153763381900
Q11729112	6000000020637294822
Q11729118	6000000022647329662
Q1172912	6000000080991022931
Q11729135	6000000081725698107
Q11729141	6000000031017850404
Q11729233	6000000211501180842
Q11729235	6000000080442081846
Q11729251	6000000013482465049
Q11729264	6000000024321427032
Q11729274	6000000180194150842
Q11729277	6000000017736098769
Q11729284	6000000194735604843
Q11729291	6000000022753004049
Q11729301	6000000038195065154
Q11729305	6000000020206761523
Q11729307	6000000037564414468
Q117293073	6000000010687106495
Q11729320	6000000004033232287
Q11729345	6000000022753090522
Q11729348	6000000039215051986
Q11729356	6000000059232579556
Q11729357	6000000011423384542
Q11729364	6000000107075844822
Q11729365	6000000020207703659
Q11729367	6000000016113177580
Q11729368	6000000035981042854
Q11729376	6000000035590228913
Q117294004	6000000193094910827
Q117294006	6000000193095016821
Q11729844	6000000005951163235
Q11729848	6000000002188456321
Q11729870	6000000130997051885
Q11729871	6000000020237257561
Q11729911	6000000053497066265
Q11729922	6000000018969409701
Q11729924	6000000007258761648
Q11729930	6000000015826020602
Q11729941	6000000144737007838
Q11729947	6000000060000959929
Q11729949	6000000089016043843
Q11729976	6000000019406943108
Q11730	6000000010133094573
Q11730003	6000000010373705797
Q11730040	6000000109527653986
Q11730046	6000000082667826893
Q11730047	6000000000477445092
Q11730051	6000000011367363110
Q11730075	6000000009403492466
Q11730089	6000000035916173688
Q11730095	6000000030940671482
Q11730100	6000000006795815090
Q11730133	6000000014653277023
Q11730153	6000000079439326003
Q11730154	6000000032035460178
Q11730164	6000000026103004502
Q11730169	6000000022966789156
Q11730176	6000000041827235317
Q1173018	6000000002024881025
Q11730199	6000000015346876354
Q11730203	6000000042747434845
Q11730205	6000000036197319573
Q117302072	6000000015715365952
Q117302073	6000000010860388146
Q117302074	6000000010860418143
Q117302081	6000000010686797754
Q1173021	6000000136805074870
Q117302190	6000000019005969400
Q117302191	6000000024169976193
Q11730224	6000000006165029440
Q117302272	6000000021080809228
Q117302273	6000000021080864160
Q117302513	6000000032177728127
Q117302637	6000000044001419903
Q11730297	6000000054188092118
Q11730300	6000000048980612843
Q11730316	6000000084662311096
Q117303296	6000000004047117043
Q117303345	6000000004047117038
Q11730337	4922814543560075266
Q11730339	6000000009657865695
Q117303554	6000000001504606899
Q11730365	6000000100206124369
Q117303730	6000000024172046683
Q11730377	6000000011548325025
Q11730383	6000000189173528841
Q11730390	6000000011523962621
Q11730393	6000000003355384788
Q11730398	6000000044786221091
Q11730410	6000000015999251393
Q117304150	6000000011671377783
Q11730417	6000000173698611039
Q11730424	6000000015710499064
Q11730433	6000000122743469958
Q11730437	6000000031817549628
Q11730442	6000000144428419880
Q11730448	6000000016730436187
Q11730463	4392475510510059724
Q11730469	6000000003673769001
Q1173048	6000000177413368828
Q11730493	6000000012647699521
Q11730496	6000000006454635775
Q117305	6000000019627028404
Q11730506	6000000081780621282
Q11730510	6000000031799692970
Q11730512	6000000073049805976
Q11730529	6000000093960489846
Q11730532	6000000011401470129
Q117305471	6000000015351918653
Q117305518	6000000015352425160
Q117305538	6000000028000780066
Q11730568	6000000000804542183
Q11730584	6000000015232466758
Q11730587	6000000022373694688
Q11730603	6000000035965433675
Q11730671	6000000082299285950
Q11730705	6000000084955205860
Q117307869	6000000010190400906
Q11730826	6000000080332478988
Q11730835	6000000011549031508
Q11730841	6000000147784748831
Q11730843	6000000079826890482
Q11730846	6000000014705366559
Q11730850	6000000144811075853
Q11730878	6000000179894360821
Q11730896	6000000030207121310
Q117308993	6000000006835643367
Q117308994	6000000006835609543
Q11730915	6000000030589541280
Q11730918	6000000040079339464
Q117309201	6000000041127135124
Q117309205	6000000006835805093
Q117309208	6000000041127189065
Q117309307	6000000006348530915
Q11730935	6000000014092147117
Q11730936	6000000116396912069
Q11730938	6000000039836480018
Q11730941	6000000023102826829
Q117309475	6000000041997988207
Q11730955	6000000040484103345
Q11730958	6000000023075291324
Q11730965	6000000011424311914
Q11730966	6000000138092460847
Q117309753	6000000007575106865
Q11730977	6000000029877058857
Q117309787	6000000026190334640
Q11730985	6000000011465890327
Q117309911	6000000053198538827
Q11730992	6000000011400638237
Q11730998	6000000028420174913
Q117310065	6000000041997095956
Q11731007	6000000023387279273
Q11731016	6000000003273352638
Q11731017	6000000009450532193
Q11731026	6000000194728335836
Q11731028	6000000011548071740
Q11731039	6000000039864097638
Q1173104	6000000013651888593
Q117310501	6000000002252481727
Q11731059	6000000128481380937
Q117310728	6000000062611603969
Q11731085	6000000042747848993
Q11731088	6000000119344354832
Q11731089	6000000150378657829
Q11731101	6000000008562637383
Q117311260	6000000062611494011
Q11731131	6000000055942184123
Q117311453	6000000001180350834
Q117311498	6000000176104731971
Q11731154	6000000103777189965
Q117311609	6000000056958299825
Q117311618	6000000031370309558
Q117311632	6000000016517154285
Q11731164	6000000077602668596
Q117311656	6000000017266819972
Q117311671	6000000004047206740
Q117311676	6000000004047206729
Q11731173	6000000002216835107
Q11731174	6000000011236750384
Q11731177	6000000037376584821
Q117311834	6000000001180353888
Q117311835	6000000001180355618
Q117311836	6000000001180350816
Q117311837	6000000001180355849
Q117311867	6000000001180353846
Q11731188	6000000009402383885
Q11731189	6000000002854140361
Q117311935	6000000076746429954
Q117311952	6000000018005182878
Q117311954	6000000001180350842
Q117311955	6000000013052917853
Q117311961	6000000004047192478
Q117311963	6000000083259808937
Q117311964	6000000083261343975
Q117311967	6000000083260790339
Q117311968	6000000026203118115
Q117311969	6000000002968688875
Q11731197	6000000006711490793
Q117311971	6000000062610909374
Q117312013	6000000027253743845
Q117312022	6000000087431419035
Q1173121	6000000026547315820
Q11731214	6000000192274874832
Q11731214	6000000192275203824
Q11731217	6000000002564164226
Q117312267	6000000062611139012
Q117312277	6000000041998251963
Q11731230	6000000002995513490
Q11731231	6000000023768484426
Q117312380	6000000012836337680
Q11731245	6000000181928372929
Q11731247	6000000014570854091
Q11731252	6000000042027415234
Q11731255	6000000014652659598
Q11731275	6000000137637002823
Q11731306	6000000054190194180
Q11731319	6000000002383006536
Q11731341	4422235894000031517
Q117313447	6000000068367670906
Q11731358	6000000005288962014
Q11731363	6000000003745114019
Q11731364	6000000065089083851
Q11731365	4754051042270030463
Q11731383	6000000083940362846
Q11731395	6000000003887038853
Q11731396	6000000003667426316
Q117313965	6000000019913019881
Q117313968	6000000019913027579
Q117313987	6000000019188924076
Q117313987	6000000041885850935
Q117313994	6000000019188544382
Q117314031	6000000008915237638
Q117314096	6000000007729025914
Q11731427	6000000016393331415
Q11731435	6000000120987612825
Q11731463	6000000190457502167
Q117314713	6000000021049737078
Q11731474	6000000010552041793
Q117314784	6000000016335280993
Q117314788	6000000016335285522
Q117314811	6000000185641332171
Q117314819	6000000027376797526
Q117314826	6000000185636121859
Q117314831	6000000018165536466
Q11731486	6000000047635687228
Q117314887	6000000047630647170
Q117315065	6000000034030843951
Q11731511	6000000030590256849
Q11731540	6000000157501090865
Q11731545	6000000020351148135
Q117315459	6000000016560199572
Q117315477	6000000016558030268
Q11731559	6000000002478579074
Q11731583	6000000012105318350
Q11731584	6000000037642533954
Q11731592	6000000004148317939
Q11731605	6000000014638782099
Q117316145	322289266180001868
Q11731616	6000000011014160526
Q11731620	6000000007226864872
Q117316213	6000000005608003359
Q117316294	340543480150011459
Q117316330	6000000084300233886
Q117316409	6000000021051671699
Q117316444	350478173910001204
Q11731648	6000000197123778830
Q117316562	6000000011738906736
Q117316568	6000000001553655322
Q117316579	296390378010004896
Q11731670	6000000022589614888
Q11731672	6000000011393853787
Q11731686	6000000009111352930
Q11731689	6000000013619381429
Q117316969	6000000006348530881
Q11731727	6000000014796236721
Q11731736	6000000006991246833
Q11731738	6000000030640027691
Q11731744	6000000018550670533
Q117317531	6000000193188792868
Q11731759	6000000091720637837
Q11731768	6000000035274827835
Q117317765	6000000193190222840
Q11731785	6000000071656488383
Q11731790	6000000029025745460
Q11731796	6000000114024637903
Q11731802	6000000011399021813
Q11731830	6000000036011745905
Q117318737	6000000039810540397
Q117318769	6000000020893648429
Q117319417	6000000193201416861
Q117319609	6000000000247535033
Q117319850	6000000078554160101
Q117321148	6000000041998072405
Q117321225	4821067155770025734
Q117321268	4871280125300078516
Q117321399	6000000076158836913
Q117321440	6000000076158523114
Q117321855	6000000015092009083
Q117322911	6000000008202656020
Q117323200	6000000068367901837
Q117324407	6000000014198439225
Q117324488	6000000000314788269
Q117325086	6000000009649426579
Q117325187	6000000012653776519
Q117325188	6000000003940490930
Q117325189	6000000000284313952
Q117325190	6000000000284219076
Q117325191	6000000003076003133
Q117325219	6000000000320670342
Q117325243	6000000015091686406
Q117325244	6000000003940446563
Q117325248	6000000003817683382
Q117325250	6000000017856568464
Q117325262	6000000003938187846
Q117325263	6000000006442215974
Q117325273	6000000000426722415
Q117325276	6000000000550140061
Q117325276	6000000192953407849
Q117325929	6000000016563848190
Q117326634	6000000006859477381
Q117326669	6000000007511668432
Q117326697	6000000011092330145
Q117326712	6000000012599805665
Q117326994	6000000017992189581
Q117327038	6000000007511668447
Q117327206	4708428519610025536
Q117327300	6000000006859130400
Q117327358	6000000039549641085
Q117327419	6000000010041177695
Q117327553	6000000003298649306
Q117327574	6000000002985724165
Q117329	6000000000891782127
Q11733039	6000000015138917453
Q11733314	6000000075502675210
Q11733314	6000000075503031933
Q11733345	6000000034833838334
Q11733347	6000000021598812220
Q11733353	6000000111038643865
Q11733366	6000000190452074942
Q11733367	6000000019184908364
Q11733372	6000000018497499330
Q11733384	6000000080284654887
Q117337593	6000000171752856577
Q117337614	6000000002798300427
Q11733763	6000000015610714860
Q117338092	6000000008218080841
Q117338097	6000000002353903740
Q117338160	6000000002353984982
Q117338161	6000000001715447648
Q117338162	6000000002353999765
Q117338173	6000000015364388671
Q11733867	6000000052839661957
Q11734	6000000057281258966
Q117341173	5047289246770077875
Q117341190	6000000000888969039
Q117341196	6000000000888897176
Q117341212	6000000003490688997
Q117341224	6000000003490697010
Q117341249	6000000003075923895
Q117341304	6000000000897658603
Q117341316	6000000000897729345
Q117341331	6000000000897851074
Q117341341	6000000028140654209
Q117341355	6000000028140499651
Q117341357	6000000000897754276
Q117341358	6000000000897701325
Q117341359	6000000000897557492
Q117341399	6000000012923945302
Q117341400	6000000012923896509
Q117341416	6000000000897590890
Q117341428	6000000000897729683
Q117341432	6000000000897844488
Q117341460	6000000037750214894
Q117341461	6000000025618497515
Q117341462	6000000149932680890
Q117341463	6000000021765342091
Q117341465	4120214132100071852
Q117341469	6000000000639970665
Q117341473	6000000002293354183
Q117341477	6000000002930905273
Q117341478	6000000002504708834
Q117341482	6000000019082760747
Q117341488	6000000006439906421
Q117341489	6000000006439906401
Q117341527	6000000025618638393
Q117341535	6000000007498173377
Q117341560	6000000024279418380
Q117341592	6000000001383858719
Q117341655	4120216367990072117
Q117341679	6000000184100814867
Q117341713	6000000157126487783
Q117341820	6000000027645859510
Q117342587	6000000026697410570
Q117344841	6000000022526816127
Q11734574	6000000015986732091
Q11734751	6000000037668952702
Q117348375	6000000001123101544
Q117348447	6000000003075932494
Q117348448	6000000013215935581
Q117349339	6000000013221041447
Q117349370	6000000013216107467
Q117349461	6000000021488747993
Q117349602	6000000095043649883
Q117349609	6000000095043649919
Q117351121	2247855
Q1173516	1225072
Q117351715	333202191350012046
Q117351719	6000000012629366480
Q117351720	6000000003076451687
Q117351721	6000000022434577035
Q117351723	6000000003939528857
Q117351727	6000000001704044070
Q117351729	6000000003077309020
Q117351731	6000000003939528913
Q117351732	6000000003937957189
Q117351738	6000000005619579527
Q117351749	6000000003939000594
Q117351805	6000000002622292196
Q117352583	6000000001940087789
Q117352650	6000000002541945819
Q117352797	6000000005582963639
Q117352819	6000000036325226904
Q117352826	6000000005576674068
Q117352923	6000000193301018827
Q117352938	6000000003506750754
Q117352975	6000000001753015586
Q117353057	6000000010707993973
Q117353062	6000000046036302534
Q117353068	6000000006373926420
Q117353081	6000000010708281544
Q117353225	6000000006439812712
Q117353547	6000000003506750448
Q117353553	6000000020775301999
Q117353580	6000000003512180699
Q117353612	6000000008530286406
Q117353613	6000000008530254282
Q117353615	6000000030006050114
Q117353616	6000000139447620053
Q117353634	6000000078430706862
Q117353656	6000000004079785286
Q117353685	6000000001561734144
Q1173539	6000000021417751404
Q117354116	6000000001363858438
Q117354163	6000000040786048889
Q117354247	6000000000206350537
Q117354270	6000000197905997821
Q117354273	6000000022543534087
Q117354298	6000000186957372953
Q117354299	6000000186958803823
Q117354592	6000000014591877367
Q1173550	6000000059868242046
Q11735530	6000000003923108238
Q117355882	6000000068080130901
Q117356033	6000000008649886109
Q117356036	6000000008650111373
Q117356092	6000000005582777565
Q117356093	6000000005582792762
Q11735665	6000000104786047023
Q11735674	6000000010504041614
Q11735675	6000000054614819990
Q117356953	6000000186915969871
Q117356957	6000000186916337824
Q117356959	4480563157630060823
Q117356960	6000000189100283841
Q117356962	6000000189100360863
Q117356964	6000000189100514844
Q117356967	6000000189100004868
Q117356976	6000000187030567832
Q117356982	6000000187030607842
Q117356986	6000000187030475829
Q117356988	6000000187029895880
Q117356992	6000000187030920823
Q117356996	6000000187030730825
Q117357077	4480563175890024666
Q117357117	6000000001256069303
Q117357145	6000000006439812705
Q117357147	6000000004538000134
Q117357149	6000000178419252822
Q117357156	6000000013219084887
Q117357160	6000000012000686828
Q117357165	6000000001255987712
Q117357181	6000000033902073467
Q117357184	6000000013104185554
Q117357186	6000000000807099820
Q117357187	6000000040590422110
Q117357189	6000000002046176915
Q117357190	6000000000426573059
Q117357199	6000000000426646885
Q117357204	6000000000060116969
Q117357280	6000000006174986873
Q117357287	6000000008951361335
Q117357353	6000000006174986890
Q117357361	6000000035663037539
Q117357407	6000000072449793094
Q117357425	6000000035663448225
Q117357430	6000000038057942699
Q117357509	6000000072449466602
Q117357825	6000000076326397293
Q11735813	6000000011972676402
Q11735815	6000000013440519487
Q1173583	6000000006250896438
Q11735836	6000000030908107074
Q117358492	6000000013365960581
Q11735878	6000000028790090983
Q117358912	6000000027778184061
Q11735941	6000000009305905248
Q11735945	6000000019749358001
Q11735946	6000000006348482213
Q11735952	6000000008501582383
Q11735963	6000000114495280872
Q11735979	6000000039455930284
Q1173598	6000000000889486014
Q11736007	6000000022685588918
Q11736016	6000000022686422456
Q11736061	6000000176534821845
Q11736103	6000000192740074831
Q11736121	6000000019682226779
Q11736124	6000000066628932871
Q1173613	6000000006348454052
Q1173614	6000000009457365825
Q11736152	6000000169287375988
Q11736176	4358300391150127185
Q11736185	6000000023770317854
Q11736186	6000000128071465148
Q11736188	6000000018207175868
Q11736194	6000000015891370797
Q11736195	6000000020224554805
Q11736202	6000000019919009349
Q11736206	6000000002188456453
Q11736207	6000000010143158226
Q11736213	6000000014045369537
Q11736223	6000000015793878181
Q11736228	6000000004127324628
Q11736234	6000000057998432927
Q11736237	6000000015679659052
Q11736256	6000000076852279830
Q11736263	6000000006711496788
Q11736267	6000000052355912958
Q11736269	6000000022754604022
Q11736274	6000000003095019526
Q11736276	6000000044516296895
Q11736288	6000000031476427093
Q11736289	6000000046537626860
Q11736296	6000000003239274845
Q1173630	6000000032949888532
Q11736312	6000000008439202233
Q11736329	6000000077948731044
Q11736364	6000000007838333750
Q11736367	6000000012102273245
Q11736370	6000000025039115860
Q11736371	6000000018529409105
Q11736373	6000000176123382830
Q11736376	6000000023055460767
Q11736473	6000000175872977023
Q11736475	6000000010373082414
Q11736477	6000000029910719168
Q1173663	4706672972630089542
Q11736759	6000000018983470179
Q11736761	6000000014570511281
Q11736767	6000000015594913096
Q117367691	6000000012556993508
Q11736771	6000000011341546550
Q11736774	6000000079418938037
Q11736775	6000000014639236043
Q11736917	6000000026350661957
Q11736919	6000000017760053128
Q11736954	6000000039633236089
Q11736989	6000000006740545326
Q11736991	6000000018530247215
Q11736993	6000000037836632985
Q11737001	6000000163194201860
Q11737032	6000000196252045865
Q11737033	6000000015998733933
Q11737046	6000000004283426462
Q11737091	6000000019658744061
Q11737091	6000000025737738028
Q11737092	6000000143039038822
Q117371	6000000002044779886
Q117374	6000000174114336953
Q11737627	6000000007484328013
Q11737647	6000000039700111191
Q11737657	6000000006727781098
Q11737663	6000000174666491654
Q11737678	6000000043791264295
Q11737680	6000000023063951570
Q11737686	6000000078287019917
Q11737699	6000000030455049629
Q11737701	6000000181829085822
Q11737707	6000000091162727822
Q11737712	6000000022969052910
Q11737730	6000000024321416047
Q11737733	6000000037729463017
Q11737739	6000000023090631242
Q117377471	6000000019468421884
Q11737748	6000000190447208368
Q117377480	6000000002905144435
Q11737767	4360449431620055288
Q11737778	6000000049171282855
Q117377987	6000000218299888876
Q11737799	6000000028085740152
Q11737808	6000000028507257440
Q1173782	6000000010589782149
Q11737829	6000000000523545931
Q117378525	6000000002172596580
Q117378665	6000000026378733253
Q1173787	6000000128844417069
Q117378718	6000000193356172831
Q11737887	6000000080101192230
Q117379182	6000000014439336761
Q11737922	6000000025737624791
Q117379253	6000000006808768373
Q11737926	6000000078811968582
Q11737941	6000000035039192372
Q11737947	6000000015394985150
Q117379575	6000000011369599278
Q11737967	6000000078732017839
Q11737975	6000000035607437194
Q11737983	6000000023539855430
Q11737991	6000000027510555754
Q11738014	6000000014110838010
Q11738016	6000000090946494138
Q11738022	6000000003376313772
Q11738027	6000000210663503827
Q11738054	6000000037304705195
Q11738056	6000000003837245661
Q11738080	6000000025407842888
Q11738081	6000000001007944057
Q11738088	6000000015592674329
Q11738090	6000000005263247042
Q11738092	6000000010540373675
Q11738102	6000000129518735888
Q11738131	6000000037399274087
Q11738138	6000000030551306926
Q11738145	6000000142094997822
Q11738151	6000000019731766749
Q11738152	6000000021146088257
Q11738156	6000000074830154915
Q11738159	6000000012488025121
Q11738184	6000000147775486890
Q11738194	6000000042746651307
Q11738197	6000000085997762945
Q11738200	6000000078466576841
Q11738207	6000000122588145826
Q11738223	6000000084070878920
Q11738235	6000000006882621060
Q11738236	6000000010540405369
Q11738266	6000000020351627995
Q11738275	6000000008403152052
Q11738286	6000000026187895601
Q11738287	6000000059596486821
Q11738300	6000000013715729217
Q11738306	6000000025623743451
Q11738307	6000000027896672791
Q117383137	6000000052624978883
Q1173832	6000000179035727871
Q11738340	6000000011402415453
Q11738351	6000000018343937420
Q117383665	6000000027394081374
Q117383683	5690940958090077876
Q11738371	6000000187080667835
Q117383798	6000000048931681870
Q117383818	6000000048951713920
Q117383851	6000000048931351376
Q117383865	6000000048964483163
Q117383881	6000000049374447822
Q117383883	6000000048931797047
Q117383920	6000000048937448891
Q117383959	6000000048951195155
Q117383972	6000000048932499163
Q117383987	6000000048964959860
Q117384016	6000000052624423918
Q117384026	6000000048931749009
Q117384031	6000000052624628848
Q117384040	6000000048937548825
Q117384042	6000000048932066894
Q117384047	6000000048965015824
Q117384059	6000000048937428973
Q11738406	6000000077884295268
Q117384079	6000000048931972892
Q117384101	6000000048932384026
Q117384105	6000000052625103855
Q117384110	6000000048932036228
Q117384129	6000000048952737910
Q11738415	6000000022160035329
Q11738422	6000000082473305313
Q11738427	6000000082418013996
Q11738452	6000000078556297822
Q11738455	6000000002538068927
Q117384679	6000000052624220051
Q11738494	6000000062605829849
Q11738514	6000000088883010995
Q11738518	6000000022618924512
Q1173854	6000000019579651964
Q117386940	6000000021632876048
Q117388536	6000000193374371871
Q1173901	6000000040360596724
Q1173911	6000000040971655154
Q117392	6000000014536241262
Q117392372	6000000221575987017
Q1173933	6000000007360916241
Q1173959	6000000126451069822
Q11739619	6000000037023077050
Q11739625	6000000015385867932
Q1173968	6000000005598831489
Q117397602	6000000050381688940
Q11739878	6000000014570050026
Q11739891	6000000014132443763
Q11739957	6000000052052440958
Q11739959	6000000054288078893
Q11739979	6000000012880864524
Q11739986	6000000082910421924
Q11739997	6000000027912380543
Q1174000	6000000079932795347
Q11740005	6000000039624797007
Q1174017	6000000016900210401
Q1174031	6000000010993094764
Q1174047	6000000020381396849
Q117405751	6000000046903859969
Q1174060	6000000018660067312
Q117406791	6000000044767270980
Q117406836	6000000012655428101
Q117408337	6000000194276482821
Q117408410	6000000013443108762
Q117408777	6000000051908969212
Q117409330	6000000076562707891
Q117409369	6000000076562458041
Q117412	6000000027180561498
Q117413507	6000000000491266757
Q1174145	6000000024566847491
Q1174166	6000000023486196253
Q1174233	6000000000847596628
Q1174238	6000000021334114337
Q117425	6000000066018085934
Q117425261	6000000082959539999
Q117425904	6000000193412127867
Q117426198	6000000193412322842
Q11742656	6000000012245667498
Q117426660	6000000007417855378
Q11742668	6000000037832764466
Q1174268	6000000002379091489
Q11742700	6000000022914864885
Q117427119	6000000001758726483
Q117427263	6000000065654984041
Q117427276	6000000065655284890
Q117427286	6000000007417531957
Q117427289	6000000003939362470
Q117427289	6000000159902051866
Q117427328	6000000000921268406
Q117427329	6000000007601685389
Q117427480	6000000012655455661
Q1174282	6000000114892694886
Q11742825	6000000077656339989
Q11742826	6000000018088749516
Q11742827	6000000002152633810
Q11742830	6000000015870017235
Q11742831	6000000051856765970
Q11742832	6000000013429518440
Q11742837	6000000002143494082
Q117428632	6000000044508616887
Q11742867	6000000027151058001
Q117428671	6000000020341773011
Q117428673	6000000020352377954
Q11742884	6000000030305477248
Q11742888	6000000061918580031
Q117428902	6000000193418689839
Q11742896	6000000012998355213
Q117428986	6000000193418804830
Q11742899	6000000076854557978
Q11742901	6000000003372395058
Q11742904	6000000015997489123
Q11742907	6000000000313923163
Q11742908	6000000000316453160
Q11742911	6000000031018251383
Q11742914	6000000015041266324
Q11742934	6000000015583188420
Q11742935	6000000015751208147
Q11742940	6000000002648846427
Q117429414	6000000001813163702
Q11742942	6000000027048506332
Q11742951	6000000022144061029
Q11742956	6000000175060126262
Q11742958	6000000012101268038
Q11742959	6000000023252621034
Q11742960	6000000189949046462
Q11742964	6000000015914279357
Q11742965	6000000195815636857
Q11742970	6000000025623498176
Q11742976	6000000075222333821
Q117429786	6000000016719797542
Q11742979	6000000042049864881
Q11742989	6000000000590177765
Q11742995	6000000046125804335
Q11742997	6000000180591979823
Q11743001	6000000181574208859
Q117435521	6000000010049839333
Q117435553	6000000189644593821
Q1174362	6000000013936842342
Q11743683	6000000122562990922
Q11743685	6000000020094717525
Q117439347	6000000016250608958
Q117439464	6000000030106378169
Q1174396	6000000184225997828
Q1174397	6000000180966512830
Q117439873	6000000184253423834
Q117440280	6000000002043367888
Q117440345	6000000003939681527
Q117440445	6000000001190780179
Q117440457	6000000001190673475
Q117440480	6000000002043367264
Q117440523	6000000011158586915
Q1174406	6000000015733151440
Q117440838	6000000003669541921
Q11744115	6000000005092103069
Q117441306	6000000003937951432
Q117441321	6000000004237847879
Q117441337	6000000003644232502
Q117441349	6000000001830190420
Q117441352	6000000003937961705
Q117441356	6000000003937961733
Q117441357	6000000008369908028
Q117441361	5509904199920106622
Q1174416	6000000005029353324
Q117441682	6000000002043367331
Q117441727	6000000010820187562
Q117441746	6000000017996408682
Q117441764	6000000045842960823
Q117442072	6000000003937971283
Q117442192	6000000003937971516
Q117442220	6000000003937971660
Q117442286	6000000003939859086
Q117442288	6000000003939859210
Q117442292	6000000003937971984
Q117442293	6000000003939860160
Q117442295	6000000052422341858
Q117442401	6000000020341418591
Q117442403	6000000020352266440
Q117442413	6000000000114544207
Q117442426	6000000003806974112
Q117442433	6000000003807103040
Q117442434	6000000003807013841
Q117442437	6000000000484645843
Q117442444	6000000012680222726
Q117442452	6000000012680218881
Q117442454	6000000000426533228
Q117442478	6000000003939033475
Q117442481	6000000003939528089
Q117442507	6000000003938331277
Q117442513	6000000003937961712
Q117442515	6000000003937961719
Q117442540	6000000003939859127
Q117442542	6000000022451608370
Q117442546	6000000000664591483
Q117442557	6000000000664547493
Q117442560	6000000001212808847
Q117442576	6000000003937971525
Q117442578	6000000000250197710
Q117442579	6000000000250104006
Q117442590	6000000000250115096
Q117442591	6000000010889624352
Q117442593	6000000005177729001
Q117442599	6000000003864530154
Q117442753	6000000007273520877
Q117442756	6000000002023318663
Q117442779	6000000003940966234
Q117442780	6000000003938625382
Q117442783	6000000022289555965
Q117442786	6000000006110871881
Q117442787	6000000052804383882
Q117442795	6000000003939859799
Q117442796	6000000003938311395
Q117442797	6000000003939502066
Q117442798	6000000000287550383
Q117442807	6000000003939859806
Q117442809	6000000009903539835
Q117442811	6000000006450616739
Q117442824	6000000003939687983
Q117442872	6000000024197057026
Q117442932	6000000003937957218
Q117443	6000000013318063846
Q117444	6000000040231243807
Q117448	6000000205518685984
Q1174481	6000000015732854043
Q117448269	6000000196927093870
Q117448314	6000000003797228857
Q117448965	6000000001489801941
Q117449	6000000074792166846
Q117449048	6000000005740979130
Q117449724	6000000019234257419
Q117449770	6000000003937961741
Q117449774	6000000000414244674
Q117449784	6000000007454715054
Q117449785	6000000007454714971
Q117449812	6000000003937971700
Q117449814	6000000003940341199
Q117449825	6000000010572907165
Q117449827	6000000003939075998
Q117449828	6000000003937966454
Q117449852	6000000003937961339
Q117449927	6000000003937961346
Q117449960	6000000012690015363
Q117449961	6000000012689268137
Q117449971	6000000110159430821
Q117449978	6000000052494468949
Q117449979	6000000052494607882
Q117449980	6000000003939431125
Q117449990	6000000003939431132
Q117450021	6000000003424820643
Q117450022	6000000002766578136
Q117450030	6000000006821286571
Q117450030	6000000011222002460
Q117450033	6000000003939075982
Q117450054	6000000041107460749
Q117450055	6000000091764649893
Q117450124	6000000029362618258
Q117450125	6000000003937966476
Q117450129	6000000003937966437
Q117450131	6000000003937966430
Q117450142	6000000003939075916
Q117450143	6000000003939033163
Q117450149	6000000006913149186
Q117450158	6000000003938187182
Q117450162	6000000003938187191
Q117450167	6000000006442215964
Q117450179	6000000003939411478
Q117450184	6000000005016652676
Q117450188	6000000003940442542
Q117450193	6000000042887969068
Q117450196	6000000089885042974
Q117450197	6000000010932027154
Q117450199	6000000042887774046
Q117450203	6000000003938209145
Q117450260	6000000003939075902
Q117450260	6000000003987456087
Q117450263	6000000001589838250
Q117450279	6000000000538231503
Q117450280	6000000005760319654
Q117450282	6000000000426576735
Q117450284	6000000006441386298
Q117450288	6000000000538231510
Q117450289	6000000070001160853
Q117450291	4601011
Q117450292	6000000002447053127
Q117450300	6000000000954133335
Q117450303	6000000001167980248
Q117450371	6000000005760350325
Q117450376	6000000042661655578
Q117450499	6000000002542150149
Q117450726	6000000164657393837
Q117451	6000000166439290830
Q1174512	6000000014258086305
Q117451235	6000000042328771008
Q1174513	6000000000433657083
Q1174521	6000000179014202869
Q117452486	6000000048447668821
Q1174530	6000000010566310242
Q117454894	6000000037688783837
Q117455344	6000000047102882867
Q117455381	6000000031872930112
Q1174554	6000000079319951061
Q117455427	6000000047102935832
Q117455489	6000000047059123943
Q11745665	6000000027019309166
Q117456802	6000000193462894854
Q117456989	6000000193463614862
Q117457641	6000000003939521907
Q117457642	6000000003939521679
Q117457643	6000000003939075853
Q117457646	6000000000630307656
Q1174579	6000000149830330838
Q1174586	6000000032366904494
Q117458773	6000000080609339429
Q117458781	6000000058039607965
Q117458935	6000000024252194518
Q117458941	6000000099953140837
Q117458943	6000000099953140828
Q117459050	6000000030103323356
Q117459051	6000000026028058442
Q117459216	6000000026435355069
Q117459564	6000000023886020762
Q1174598	6000000108739540844
Q1174600	6000000009870155112
Q117461985	6000000006198190734
Q117462171	6000000003316060039
Q117462235	6000000003376471800
Q117462562	6000000011160535988
Q117463054	6000000001504447095
Q117463088	6000000027206166873
Q117463393	6000000018271119670
Q117463453	6000000019053601143
Q1174636	6000000034738178000
Q1174638	6000000020386917863
Q117464734	6000000065652218821
Q117464735	6000000065755215832
Q117464738	6000000002684898985
Q117464740	6000000002684898930
Q117464751	6000000002684898993
Q117464753	6000000024402377328
Q117464755	6000000051287901864
Q117464756	6000000007298634768
Q117464766	6000000065656016223
Q117464768	6000000004867853140
Q117464788	6000000003137061371
Q117464790	6000000041610901323
Q117464797	6000000024289922528
Q117464803	6000000041611021056
Q117464806	6000000041610890490
Q117464808	6000000041611104282
Q117464815	6000000041610777449
Q117464816	6000000021260059736
Q117464817	6000000003937800299
Q117464861	6000000002766441580
Q117464864	6000000009021624228
Q117464865	6000000002766442912
Q117464886	6000000031621496436
Q117464887	6000000070889567821
Q117464888	6000000010883548779
Q117464937	6000000034479616398
Q117464939	6000000031035633742
Q117464941	6000000028614944975
Q117464942	6000000007244548274
Q117464943	6000000011749507309
Q117464944	6000000000437867036
Q117464946	6000000007620366662
Q117465106	6000000041146658331
Q117465114	6000000127639995866
Q117465127	6000000127640416853
Q1174652	6000000071866587821
Q117465268	6000000046854559533
Q117465325	6000000000284220950
Q117465339	6000000000795188004
Q117465339	6000000001909475547
Q117465348	6000000001909564128
Q117465355	6000000001498281406
Q117465356	6000000002183113813
Q117465373	6000000000795108241
Q117465374	6000000001540772589
Q117465380	6000000000795184895
Q117465384	6000000000795050516
Q117465386	5158847982470067537
Q117465388	6000000000426651503
Q117465391	6000000000426716222
Q117465416	6000000006442179679
Q117465421	6000000018022773182
Q117465422	6000000000769864525
Q117465425	6000000006442179518
Q117465430	6000000000284221840
Q117465434	6000000000284220233
Q117465524	6000000007454509756
Q117465526	6000000007962716275
Q117465529	6000000004570804008
Q117465530	6000000001940201951
Q117465538	6000000004545711027
Q117465566	6000000196620877882
Q117466160	6000000034327836554
Q117466685	6000000011331222999
Q117467245	6000000016911617251
Q117467891	6000000012347682266
Q117468	6000000205519827822
Q117468224	6000000013225717740
Q117468241	6000000018459463574
Q117468595	6000000026116274953
Q117468620	6000000053994013251
Q1174701	6000000131538177821
Q117470359	6000000090460221884
Q117471189	6000000017635781054
Q1174716	6000000027156845351
Q117472120	6000000016370267110
Q1174723	6000000000917088117
Q117472537	6000000003949932301
Q117472568	6000000002984465668
Q117472660	6000000019296176343
Q1174730	6000000004009508951
Q117473348	6000000017758184572
Q117473360	6000000147730604927
Q117474293	6000000193535850823
Q117474585	6000000001770808262
Q1174751	6000000042927624852
Q117475171	6000000015734427611
Q117475191	6000000015710235642
Q117475216	6000000018441157780
Q117475458	6000000002360041778
Q117475536	6000000026214478137
Q117475784	6000000180646786844
Q117476299	6000000018545886104
Q117476778	6000000127193967822
Q117476977	6000000030120968133
Q117476979	6000000030120616193
Q117476992	6000000078574725843
Q117477001	6000000078574459956
Q117477002	6000000005597442010
Q117477004	6000000009772626075
Q117477006	6000000009773011672
Q117477026	6000000030120987906
Q117477027	6000000008936850992
Q117477030	6000000063528458854
Q117477031	6000000002603446170
Q117477032	6000000000770636743
Q117477049	6000000001667436461
Q117477050	6000000001667367531
Q117477052	6000000001667579063
Q117477054	6000000005415915270
Q117477056	6000000009834072991
Q117477060	6000000005597199241
Q1174772	6000000061262715918
Q117477396	5506869362840039869
Q117477430	6000000000603085341
Q117477664	6000000034483536855
Q117477696	6000000030984725060
Q117477717	6000000075598361019
Q117477742	6000000000250175803
Q117477743	6000000003940555266
Q117477744	6000000003938231564
Q117477746	6000000075598092842
Q117477766	6000000000250175657
Q117478031	6000000077109026495
Q1174781	6000000037149498909
Q117478255	6000000076478137223
Q117478882	6000000015509719734
Q117479	6000000002581215878
Q117479055	6000000027948072773
Q117480032	6000000008256282957
Q117480994	6000000041013360833
Q117481128	6000000040784672415
Q117481454	6000000185042302863
Q117481959	6000000180207597903
Q11748206	6000000058126088850
Q117482199	6000000193586429855
Q1174847	6000000009360596565
Q1174851	6000000006828835091
Q11748688	6000000015997285530
Q117486970	6000000014338617428
Q11748700	6000000083283522290
Q1174873	6000000105700830959
Q11748763	6000000018785640649
Q11748782	6000000006740650349
Q11748798	6000000016024149010
Q11748800	6000000180313948832
Q11748803	6000000055671304872
Q117488131	6000000193586779851
Q11748816	6000000169458499302
Q11748817	6000000003284980880
Q117488174	6000000003939681635
Q117488180	6000000176194228996
Q117488198	6000000011380284971
Q117488304	6000000049823578963
Q1174884	6000000001046118789
Q11748991	6000000009710012752
Q11748992	6000000009710098376
Q11748993	6000000013752817689
Q1174905	6000000175574421825
Q1174906	6000000129080047106
Q11749064	6000000022926136865
Q11749073	6000000016094086804
Q11749091	6000000015153343008
Q11749091	6000000121952205899
Q11749105	6000000002781677365
Q11749108	6000000016031665145
Q117491117	6000000038285113961
Q117491117	6000000181230772968
Q11749161	6000000004169039180
Q11749338	6000000081784788148
Q11749368	6000000043038094294
Q11749377	6000000015212864344
Q11749380	6000000009494183315
Q11749446	6000000004151582586
Q117494783	6000000056998459120
Q11749633	6000000011381002777
Q11749651	6000000162123519829
Q11749655	6000000011433194608
Q11749661	6000000066006395924
Q11749695	6000000101691891856
Q117497	6000000009716779406
Q11749702	6000000026215452166
Q117499777	6000000002116048773
Q117500	6000000021899159226
Q117500005	6000000002116240431
Q117500005	6000000010913908206
Q11750332	6000000030305790184
Q11750335	6000000030305914934
Q11750336	6000000013072041230
Q11750339	6000000013156930804
Q11750340	6000000037941561882
Q11750341	6000000056072612048
Q11750343	6000000021933502209
Q11750347	6000000123715422951
Q11750351	6000000002413137508
Q117507712	6000000008532359098
Q117507755	6000000008532700279
Q117507827	6000000008473326922
Q117508325	6000000008532488737
Q1175088	6000000050177961068
Q11751086	6000000014570554637
Q11751326	6000000025226470822
Q117514123	6000000006435912631
Q117515892	6000000006435479028
Q1175161	6000000050498742991
Q117516755	6000000006435683028
Q117522336	6000000053465029861
Q1175226	6000000015592406018
Q117524	6000000148577998019
Q11752586	6000000180941440857
Q1175264	6000000066460976280
Q117528238	6000000022626857980
Q11752832	6000000007034177331
Q11753	6000000022810177497
Q1175317	6000000023997118900
Q1175318	6000000032545449510
Q1175325	6000000102728987858
Q11753251	6000000014706135981
Q11753348	6000000025239317303
Q11753399	6000000011550612433
Q1175341	6000000024227002050
Q11753476	6000000165582247836
Q11753482	6000000177773230899
Q11753492	6000000179222710836
Q11753510	6000000078588792154
Q11753543	6000000181076558830
Q117536418	6000000193610881893
Q1175365	6000000111747289838
Q117536551	6000000117637569947
Q117536646	6000000193614283841
Q117536707	6000000030731530272
Q117536854	6000000010913850267
Q117537260	6000000009325411693
Q1175373	6000000040361501823
Q11753805	6000000174221088870
Q117538340	6000000193375016836
Q117538360	6000000193374727851
Q1175386	6000000017675153677
Q11753882	6000000013649739583
Q117538982	6000000193374852851
Q117539911	6000000187111040829
Q117540637	6000000191628174822
Q1175408	6000000021966916816
Q117541	6000000010717391751
Q117541090	6000000191692549856
Q11754113	6000000018529933770
Q11754158	6000000067429726835
Q11754185	6000000020751773466
Q11754192	357285265000013709
Q11754195	6000000037714054426
Q11754202	6000000014608403543
Q11754211	6000000008496835808
Q117542157	6000000000759452714
Q11754245	6000000059890297301
Q11754256	6000000033812874562
Q11754257	6000000135728577863
Q11754264	366647861730011889
Q11754280	6000000014187792890
Q11754291	6000000089015190859
Q11754300	4597509007680053579
Q11754344	6000000087998631211
Q11754350	6000000045898832904
Q11754352	6000000017989375098
Q11754360	6000000044297760492
Q11754367	6000000023124511146
Q11754386	6000000053705238882
Q11754388	6000000011571089815
Q11754395	6000000101533093822
Q11754397	6000000053765351859
Q11754401	6000000018033598179
Q11754408	6000000022655580558
Q11754439	6000000070731256853
Q11754440	6000000000685374613
Q11754448	6000000088700121855
Q11754470	6000000182465581822
Q11754494	6000000014569493726
Q11754592	6000000054189951295
Q11754594	6000000193158479857
Q11754610	6000000015686297885
Q11754619	6000000105045401071
Q11754634	6000000015687328393
Q11754638	6000000040920243995
Q11754642	6000000067489502905
Q11754664	6000000208257785829
Q1175481	6000000018749753900
Q117549317	6000000005437489791
Q11754949	6000000000001483829
Q117549516	6000000034876794569
Q11754999	6000000181657988827
Q11755097	6000000029719740526
Q117553404	6000000193622062822
Q11755366	6000000025771778160
Q11755371	6000000014569405231
Q11755395	6000000009579333565
Q117554	6000000155792871832
Q11755414	6000000040628344449
Q117554145	6000000009423425757
Q1175557	6000000018485728296
Q1175569	6000000010602075634
Q117557940	6000000087983703034
Q117559	6000000005082560676
Q11755950	6000000011810108484
Q11755962	6000000037429807940
Q11755969	6000000015185500876
Q11755969	6000000190457919114
Q11756037	6000000015185969310
Q11756037	6000000022875220338
Q1175604	6000000116546237839
Q11756072	6000000015185811182
Q11756089	6000000043791301483
Q1175610	6000000046568446866
Q117561499	6000000002618653149
Q11756203	6000000042998673749
Q1175651	6000000000747929203
Q11756563	6000000183849916821
Q1175659	6000000021490180486
Q11756785	6000000002764846770
Q11756793	6000000020576417620
Q117569	6000000076176716331
Q1175698	6000000025285333135
Q1175711	6000000008699323599
Q1175717	6000000067499187881
Q1175720	6000000148740286033
Q117572353	6000000193313749831
Q117572446	6000000193313518907
Q117573330	6000000191590542829
Q117573343	6000000191590188847
Q117573361	6000000186761715850
Q117573413	6000000186762220821
Q1175746	6000000026853975643
Q1175772	6000000011356488347
Q117577227	6000000002897590047
Q117577271	6000000002897560264
Q1175773	6000000056519038821
Q1175788	6000000024402547922
Q11758	6000000015385523244
Q117585776	6000000004819406260
Q1175871	6000000002073294134
Q1175881	6000000030279768970
Q1175892	5366614170450125427
Q1175924	6000000107037404099
Q117592607	6000000006286315069
Q1175942	6000000012412836651
Q1175973	6000000002802359784
Q1175974	6000000016590112921
Q117598	6000000076102583821
Q117599083	6000000030731754989
Q117599378	6000000193622029833
Q117599571	6000000193639782920
Q117599759	6000000187072668821
Q117599762	6000000187072299864
Q117599767	6000000187072640830
Q117599768	6000000187116723874
Q117599772	6000000187116946875
Q117600454	6000000036056833839
Q117600554	6000000025308899902
Q117600820	6000000020829928680
Q117600897	6000000020829765733
Q117601009	6000000000134370309
Q117601207	6000000022259972696
Q1176063	6000000021144112763
Q1176089	6000000083454264491
Q117611264	6000000021988286472
Q1176135	6000000004591624020
Q1176136	6000000078419793004
Q1176146	6000000011514039062
Q1176154	6000000121831637888
Q1176222	6000000070743534851
Q117624350	6000000019845403938
Q117624471	6000000106047852821
Q11762579	6000000002188495796
Q11762813	6000000041018896759
Q11762819	6000000056987965944
Q11762829	6000000003887373190
Q11762838	6000000046912032042
Q11762840	6000000020471123466
Q11762842	6000000015817503232
Q11762845	6000000025313065837
Q1176295	6000000020999226327
Q1176303	6000000010769898201
Q1176307	343015054660013945
Q1176310	6000000002764484749
Q1176322	6000000015334598733
Q11763276	6000000178687362861
Q11763289	6000000175823232868
Q117633	6000000000307274746
Q11763310	6000000188663790583
Q11763311	6000000004177625493
Q11763313	6000000071704487993
Q11763321	6000000012487726535
Q11763375	6000000036790310764
Q11763402	6000000100253403099
Q11763554	6000000019920869882
Q11763574	6000000033293583587
Q11763604	6000000041157740070
Q11763608	6000000036176721830
Q11763621	6000000070771352020
Q11763636	6000000023760699317
Q11763652	6000000000904251169
Q11763660	6000000180891958847
Q11763668	6000000013072500567
Q11763672	6000000166666976822
Q11763673	4579520318020059878
Q11763683	6000000033129686833
Q11763684	6000000078596441896
Q11763697	6000000033462964214
Q11763728	6000000079436727221
Q11763730	6000000101479275858
Q1176375	6000000001382506471
Q11763751	6000000135637150907
Q11763760	6000000014219759563
Q11763763	6000000000313918039
Q11763764	6000000000319407174
Q11763765	6000000000316319779
Q11763774	6000000165814368906
Q11763778	6000000148667376941
Q11763779	6000000029962134481
Q11763794	6000000022909576466
Q11763804	6000000034049034699
Q11763806	6000000168656484954
Q1176381	6000000049992872085
Q11763814	6000000004357164159
Q11763815	6000000020195302246
Q11763837	6000000184769842821
Q11763841	6000000020206001162
Q11763847	6000000184440006868
Q11763850	6000000037974175862
Q11763855	6000000022732412400
Q11763866	6000000086025816882
Q11763868	6000000003273391076
Q11763875	6000000000904265089
Q11763895	6000000025745138617
Q11763897	6000000011550613384
Q11763912	6000000047568745964
Q11763915	6000000181438435858
Q11763922	6000000094268666821
Q11763922	6000000182736052938
Q11763937	6000000077101324822
Q11763938	6000000097317613852
Q11763939	6000000179497379822
Q11763952	6000000002751595788
Q11763972	6000000016300632238
Q11763973	6000000038605361113
Q11763978	6000000015760320277
Q11763981	6000000083099925843
Q11763983	6000000018981521644
Q11764011	6000000166880488838
Q11764012	6000000015184211361
Q11764020	6000000178686952923
Q11764027	6000000014638141521
Q11764029	6000000022656601825
Q11764032	6000000002385449532
Q11764035	6000000011524446988
Q1176411	6000000177885316889
Q1176417	6000000020679614774
Q11764172	6000000025791846297
Q1176424	6000000171056572889
Q1176425	6000000005242179246
Q1176429	6000000008473911665
Q1176441	6000000024570314249
Q1176449	6000000033626674240
Q1176456	6000000041729326762
Q1176463	6000000014734777928
Q117651	6000000004592999608
Q11765291	6000000017837706838
Q11765325	6000000174537466117
Q11765357	6000000165574551030
Q11765389	6000000037473587719
Q11765393	6000000003273396787
Q11765394	6000000007338197383
Q11765399	6000000180437727831
Q11765419	6000000002028639921
Q1176543	6000000009485609674
Q11765441	6000000014653588267
Q11765446	6000000009101308925
Q11765478	6000000003661139498
Q11765502	6000000076767193838
Q11765526	6000000019132475226
Q11765528	6000000012449473226
Q11765555	6000000082073585834
Q11765578	6000000011550610455
Q1176561	6000000036161024285
Q11765636	6000000031131319233
Q11765637	6000000003239281874
Q11765739	6000000107667598850
Q11765743	6000000008651589866
Q1176577	6000000016455162033
Q1176599	6000000002361933419
Q11766000	6000000002143441039
Q11766009	6000000179895670826
Q1176607	4564523923510082483
Q11766102	6000000009468124312
Q11766125	6000000015240584313
Q117663028	6000000003938763283
Q117663029	6000000003938763267
Q117663316	6000000023346062116
Q11766335	6000000008508126846
Q117663485	6000000193677672843
Q117663593	6000000083276499235
Q117663623	6000000017415301596
Q117663627	6000000017415556015
Q117663631	6000000003634853792
Q117663632	6000000006728062686
Q117663681	6000000014537758152
Q11766434	6000000003754961587
Q11766496	6000000027156956933
Q117665252	6000000017414465106
Q11766622	6000000027491467513
Q11766637	6000000015156944352
Q11766641	6000000015999326746
Q11766659	6000000181536693996
Q11766668	6000000022448544041
Q11766671	6000000090723105822
Q11766686	6000000079417764038
Q117669141	6000000193678006821
Q1176703	6000000036462277839
Q117671807	6000000193682129884
Q1176727	6000000163747341493
Q11767290	6000000001246361739
Q11767364	6000000081804578892
Q11767369	6000000036933995881
Q11767382	6000000056845975825
Q11767386	6000000020094804517
Q1176739	6000000003219753743
Q11767395	6000000009035806278
Q11767397	6000000001770368634
Q11767398	6000000039454197901
Q11767400	6000000037385101172
Q11767403	6000000177179694875
Q11767410	6000000022906241970
Q11767478	6000000015804629466
Q11767533	6000000004169062245
Q11767555	6000000080739819370
Q11767613	6000000053608469930
Q11767618	6000000017199598341
Q1176763	6000000001180351266
Q11767666	6000000041177927002
Q11767684	6000000085870123826
Q1176770	6000000079455079029
Q11767701	6000000003653312225
Q11767784	6000000090791466994
Q11767808	6000000184586814908
Q11767814	6000000064577710838
Q11767820	6000000022909437974
Q11767885	6000000012102822534
Q11767922	6000000014569860689
Q11767923	6000000130727280821
Q11767923	6000000130745185821
Q117679424	6000000041391334013
Q117681844	6000000019909735436
Q1176826	6000000103171089938
Q11768422	6000000015677971559
Q11768480	6000000022820616100
Q11768637	6000000086121871913
Q11768657	6000000087259191069
Q11768697	6000000001777061041
Q117687	6000000042067862351
Q11768713	6000000013070629362
Q11768760	6000000037475061981
Q11768768	6000000029898729874
Q11768791	6000000042262907565
Q11768818	6000000081723807831
Q11768819	6000000174326526258
Q11768846	6000000179930938861
Q11768850	6000000041450873416
Q11768867	6000000035237902573
Q11768897	6000000022732695224
Q11768919	6000000006869005416
Q11768921	6000000125183903837
Q1176897	6000000080327981400
Q11768972	6000000028105099140
Q11768977	6000000008289952035
Q11769004	6000000147784748840
Q1176901	6000000031664838704
Q11769021	6000000026188386074
Q11769041	6000000033798802154
Q11769043	6000000116750462087
Q11769044	6000000000420232997
Q11769080	6000000078426254039
Q11769088	6000000017309612900
Q11769095	6000000006882536223
Q11769113	6000000036290497142
Q11769127	6000000180086616900
Q11769137	6000000003405444527
Q11769161	6000000029899438588
Q11769168	6000000030366812070
Q11769174	6000000008686684592
Q11769181	6000000052332507215
Q11769193	6000000023356356023
Q11769203	6000000038355961598
Q11769228	6000000008722302120
Q11769229	6000000037470027992
Q11769251	6000000015547355694
Q11769297	6000000015383912661
Q1176930	6000000049115475841
Q11769315	6000000012418184619
Q11769321	6000000049079203863
Q11769328	6000000126677641863
Q11769332	3916402105810021934
Q11769339	6000000011851456662
Q11769349	6000000165398652844
Q11769366	6000000015837832153
Q11769370	6000000163420169028
Q11769390	6000000038145826477
Q11769391	6000000106705603003
Q11769429	6000000105936962823
Q11769430	6000000014695657099
Q11769436	6000000052357771993
Q11769472	6000000081266494937
Q11769492	6000000018987081335
Q11769506	6000000033447382341
Q11769514	6000000032963856932
Q11769527	6000000008510766605
Q11769579	6000000068656995821
Q11769614	6000000035389673233
Q11769622	6000000168925952828
Q11769633	6000000003656100574
Q11769680	6000000085404957976
Q11769712	6000000022627219482
Q11769719	6000000100257818942
Q1176977	6000000013000341909
Q11769797	6000000069866192012
Q11769833	6000000010693956285
Q11769839	6000000015999169807
Q11769840	6000000082766390018
Q11769895	6000000006293412976
Q1177002	6000000032673926442
Q1177014	6000000018155792439
Q1177016	6000000026618249806
Q11770202	6000000025417785296
Q1177026	6000000016492995307
Q1177032	6000000036612060964
Q11770400	6000000009895379238
Q11770410	6000000019138019369
Q1177045	6000000037084278130
Q11770476	6000000020266843806
Q1177056	6000000020153040368
Q117705692	6000000009103398380
Q11770585	6000000014567778527
Q11770652	6000000006574556311
Q11770653	6000000000402586710
Q11770712	6000000042853154467
Q117707876	6000000002802344127
Q117708027	6000000193690811855
Q117708030	6000000193691081824
Q117708033	6000000193690953848
Q117708041	6000000193691164821
Q11770886	6000000015887602616
Q11770887	5256971513400083557
Q11770911	6000000022507467892
Q117710	6000000027106909877
Q117710028	6000000181121591828
Q1177119	6000000039514827855
Q117711917	6000000010592472751
Q117712014	6000000026455330350
Q117712032	6000000026455533174
Q117712195	6000000193784641840
Q117712305	6000000002737496737
Q117712994	6000000016838242962
Q1177138	6000000024570444029
Q117713821	6000000003508358547
Q11771436	6000000037791780846
Q117714496	6000000193784792842
Q11771451	6000000036881780970
Q11771496	6000000132430237963
Q1177157	6000000011049008178
Q11771613	6000000015702567155
Q117716146	6000000008832477888
Q11771625	6000000017729916007
Q1177165	6000000079650563535
Q11771677	6000000181925267852
Q117716895	6000000120726699825
Q1177170	6000000026351900259
Q117717144	6000000019059084143
Q1177172	6000000040410067210
Q11771724	6000000014405522246
Q11771760	6000000018496085801
Q11771780	6000000076164811096
Q11771786	6000000061157956071
Q11771787	6000000020008184639
Q11771789	6000000020175460974
Q11771792	6000000024840502901
Q11771795	6000000009514857510
Q11771888	6000000208257854825
Q117722288	6000000077557512022
Q11772284	6000000053293535900
Q1177233	6000000029139496325
Q11772334	6000000046471004085
Q1177243	6000000180547073836
Q1177252	6000000048472578917
Q1177254	6000000086076922900
Q1177266	6000000016385026556
Q117727124	6000000005792014245
Q117727134	6000000008112876867
Q117727140	6000000003858600157
Q117727230	6000000008220623763
Q117727250	6000000040474246249
Q117727397	6000000101290268966
Q117727417	6000000008116175227
Q117727448	6000000005965826153
Q117727539	6000000018242905015
Q117727548	6000000006442160396
Q117727726	6000000008220766995
Q117727733	6000000017279597078
Q117727736	6000000017279503398
Q117727744	6000000016264530322
Q117727778	6000000004086341332
Q117727785	6000000005034024094
Q117728348	6000000005034315588
Q11773010	6000000000052915515
Q1177318	6000000056729281035
Q117732	6000000026233390502
Q11773727	6000000006927372004
Q11773734	6000000050008361047
Q1177380	6000000019602493049
Q11774052	6000000024386246902
Q11774056	6000000032775934934
Q117741227	341256714600012811
Q11774141	6000000181484916834
Q117741439	6000000020087025464
Q11774201	6000000029245350489
Q117742315	6000000002585990694
Q1177426	6000000015312737144
Q117742628	6000000040776199875
Q11774283	6000000138650700822
Q11774289	6000000078196954008
Q117743118	6000000193759436822
Q117743628	6000000193760609864
Q11774365	6000000024516794372
Q117743827	6000000003209123273
Q117743851	5269093818710101940
Q117743999	6000000013285842274
Q117744	6000000024802482866
Q117744170	6000000034494633857
Q1177442	6000000175190803904
Q117745058	6000000193767682837
Q117745505	6000000193769557830
Q117745641	6000000193769551854
Q117745875	6000000004263423437
Q117745887	6000000015336046397
Q117745897	6000000015336002402
Q117745960	6000000015335904866
Q117745980	6000000017413333431
Q11774834	6000000209625549370
Q117748660	6000000193783626900
Q117748986	6000000007281020466
Q117748994	6000000006241792679
Q117749005	6000000016037092332
Q117749008	6000000019994980327
Q117749063	6000000005759240044
Q117749071	6000000005758750593
Q117749146	6000000006835004149
Q117750116	6000000003076182727
Q117750121	6000000003010393765
Q117750130	6000000041134668580
Q117750194	6000000193786523844
Q117750285	6000000006919401522
Q117750285	6000000103330216029
Q117750290	6000000004263205739
Q117750292	6000000004263496494
Q11775035	6000000072502648300
Q117750354	6000000015335782440
Q11775037	6000000016369574630
Q117750378	6000000015336058371
Q117750541	6000000028889290416
Q11775104	6000000026638346633
Q11775149	6000000177887360867
Q117752206	6000000015738551695
Q117752348	6000000011625107821
Q11775261	6000000083206231862
Q1177543	6000000149996366832
Q117754395	6000000024387870125
Q117754850	6000000013924614435
Q117755650	6000000024388040974
Q117757199	6000000003076881616
Q117757259	6000000015336046501
Q117758362	6000000015222841466
Q117758599	6000000016037303261
Q117758964	6000000019609095074
Q117758979	6000000019608277775
Q117759379	6000000149902753831
Q117759466	6000000028378575639
Q117761612	6000000007948363128
Q117761656	6000000023841060543
Q117761744	6000000023841419362
Q117761795	6000000023841466178
Q117762233	6000000014034275613
Q11776241	6000000001333348128
Q117762437	6000000197516797838
Q11776271	6000000019987539364
Q117763	6000000157934539841
Q117763225	6000000000898550706
Q117763783	6000000020434649000
Q117765371	6000000020434605302
Q117767129	6000000033644075838
Q117767189	6000000012094344215
Q117767970	6000000026425833017
Q1177683	6000000029897578681
Q117768845	4022057
Q117768849	6000000082850014188
Q117768866	6000000061500020234
Q117768919	6000000006802826467
Q117769031	6000000007231411328
Q117769060	6000000003076648001
Q117769135	6000000054629775821
Q117769138	6000000003939528218
Q117769143	6000000003939528159
Q117769291	6000000003077118259
Q117769432	6000000173693358221
Q117769547	6000000209788244822
Q11776968	6000000012848134287
Q11777020	6000000031749856316
Q11777058	6000000022930881896
Q117771927	6000000070623133927
Q11777341	6000000000748054238
Q117774617	6000000031144412060
Q117774830	6000000014013223191
Q117774893	6000000193771212847
Q117774952	4162328423140032430
Q117775022	6000000007820381195
Q117775030	6000000001384089211
Q117775033	6000000006444616004
Q117775047	6000000007820533717
Q117775049	6000000001383780776
Q117775052	5664652438410059616
Q117775066	6000000193832196822
Q117775662	6000000000475167754
Q117775709	6000000006798270456
Q117775717	6000000006802912267
Q117775718	6000000000321769010
Q117778550	6000000108345298828
Q1177788	6000000047449312138
Q11777883	6000000018647837793
Q117779091	6000000016037332200
Q117779128	6000000074448060843
Q117779296	6000000000575013164
Q117779850	6000000020774012166
Q117779860	6000000008309403227
Q117779906	6000000016037126063
Q117779916	6000000016036360021
Q117779937	6000000108344337937
Q117780397	6000000028378868036
Q117780655	6000000069707281890
Q117781174	6000000108343421842
Q117781518	6000000108345507846
Q117781723	6000000074449286977
Q117781726	6000000074449159156
Q117781731	6000000024960235976
Q117781733	6000000006830579106
Q117781986	6000000056405694011
Q117782123	6000000074448833216
Q117782123	6000000179752730914
Q117782209	6000000179753504874
Q117782239	6000000006814928174
Q117782251	6000000000474917406
Q117782434	6000000008076839230
Q117782455	6000000015480782360
Q117782458	6000000015499663648
Q117782461	6000000006267816080
Q117782480	6000000191728165822
Q117782481	6000000001424045055
Q117782936	6000000191727918850
Q117783	6000000017271751707
Q11778348	6000000011318545831
Q117783535	6000000097349575909
Q11778374	6000000015509431439
Q11778380	6000000040540246833
Q11778505	6000000176275611929
Q11778575	6000000014194613021
Q11778576	6000000014069584698
Q117785766	6000000004235684744
Q11778581	6000000055656637887
Q11778595	6000000016956703134
Q11778607	6000000072915458874
Q11778612	6000000009375123038
Q11778628	6000000015030819933
Q11778644	6000000015836134589
Q117786526	6000000193840159845
Q11778662	6000000087041120839
Q11778676	6000000036974255699
Q11778686	6000000012273967290
Q11778710	6000000025428792942
Q11778711	6000000046251643889
Q11778712	6000000014652978291
Q11778714	6000000018444582911
Q11778717	6000000011371143779
Q11778725	6000000035349472270
Q11778727	6000000111129843090
Q117787386	6000000193840852853
Q117787421	3973680
Q117787481	6000000001504939202
Q11778752	6000000181951226875
Q117787542	6000000004158834742
Q117787552	6000000008832709719
Q11778756	6000000014451727305
Q117787624	6000000008832558960
Q117787634	6000000178961197822
Q117787656	6000000017659888118
Q11778766	6000000099759190669
Q117787697	6000000017661884642
Q117787703	6000000039630812730
Q117787712	6000000017659532787
Q11778773	6000000046231273832
Q11778793	6000000002659217153
Q11778799	6000000028348874002
Q11778801	6000000172623566881
Q11778806	6000000177044066839
Q11778822	6000000044890207934
Q11778840	6000000003723752087
Q11778849	6000000019858524433
Q11778863	6000000014656349930
Q117788642	6000000020705307619
Q11778865	6000000013071481832
Q11778868	6000000037516519775
Q11778870	6000000024758082851
Q11778872	6000000014653215347
Q11778878	6000000035018966028
Q117788849	1544468
Q117788861	6000000004594579928
Q117788872	6000000012982945729
Q117788899	6000000015829192415
Q11778910	6000000178032979822
Q11778913	6000000011833846314
Q11778946	6000000012472219734
Q11778972	6000000025758252439
Q11778982	6000000180338223874
Q11779025	6000000015728557992
Q11779042	6000000015072949975
Q11779045	6000000015836678081
Q11779047	6000000000557853176
Q11779047	6000000003273391239
Q11779076	6000000082649626162
Q11779085	6000000020434403899
Q11779091	6000000015772799219
Q11779110	6000000019749348017
Q11779134	6000000035256553560
Q11779140	6000000009376269329
Q11779146	6000000000947358180
Q11779163	6000000174939100862
Q11779165	6000000006604574396
Q11779180	6000000025745239064
Q11779197	6000000026284012331
Q11779210	6000000009128878969
Q11779233	6000000014644374181
Q11779234	6000000015959150856
Q11779240	6000000011017588057
Q11779245	6000000029824835018
Q11779250	6000000012442087924
Q11779304	6000000008870862493
Q11779307	6000000002320767019
Q11779311	6000000002622449005
Q11779312	6000000099744763848
Q11779320	6000000014108254700
Q11779321	6000000014109313235
Q11779328	6000000037470159953
Q117793319	6000000040540742965
Q11779344	6000000024756116195
Q11779348	6000000025928095681
Q11779373	6000000015582294823
Q11779380	6000000016093972784
Q11779387	6000000051258722870
Q11779391	6000000084448417986
Q117794066	6000000036409784330
Q117794067	6000000036410078059
Q117794068	6000000003522564312
Q117794462	6000000013230122691
Q117794855	6000000007980806703
Q117794926	6000000016037314309
Q11779659	6000000036929062821
Q11779666	6000000021355994332
Q11779679	6000000030182978947
Q11779708	6000000181427804834
Q11779720	6000000026103184294
Q117797482	6000000015336009270
Q11779752	6000000009375044281
Q11779756	6000000174937247900
Q11779787	340267974200012560
Q11779843	6000000118393073874
Q11779888	6000000081341111022
Q11779894	6000000184612398823
Q11779925	6000000017610644220
Q11779926	6000000080744965436
Q11779943	6000000002217430973
Q11779991	6000000013048785601
Q11779996	6000000039803760905
Q1178	6000000014994100351
Q11780000	6000000042529156338
Q117800358	6000000007912698452
Q11780038	6000000041361789908
Q117800597	6000000066941083877
Q117800618	6000000074371905954
Q117800778	1544274
Q117801589	6000000077453856230
Q117801599	6000000077454215945
Q117801608	6000000178240911901
Q117801624	6000000013051604497
Q117801657	6000000019069789941
Q117801721	6000000083444563346
Q117802701	6000000018999125129
Q117802792	6000000041766900163
Q117804474	6000000013071310303
Q117805165	6000000042785721821
Q117805540	6000000042785913823
Q117805656	6000000179127911861
Q117806025	6000000015182877156
Q117806126	6000000008790586989
Q117806183	6000000021848582373
Q117806376	6000000194876866841
Q11780664	6000000010750674896
Q11780665	6000000003566767190
Q11780700	6000000016031613215
Q11780702	6000000057340376867
Q11780711	6000000014877554286
Q11780728	6000000029135920842
Q11780730	6000000002100596050
Q11780731	6000000018639135381
Q11780732	6000000002100316965
Q11780733	6000000006656316001
Q11780734	6000000014072868064
Q11780747	6000000017634096414
Q11780752	6000000008670301039
Q11780757	6000000077546068000
Q11780762	6000000011549135448
Q11780784	6000000003273414143
Q11780786	6000000190456568982
Q11780791	6000000017672059693
Q11780795	6000000002997549028
Q11780797	6000000184871933841
Q11780802	6000000197975377871
Q11780804	6000000013062008434
Q11780805	6000000084955040074
Q11780806	6000000029419094034
Q11780811	6000000103389032493
Q11780821	6000000003660845322
Q11780824	6000000016749997770
Q117808241	6000000001807459183
Q11780825	6000000004399612570
Q11780828	6000000164077479854
Q11780836	6000000003658417080
Q11780837	6000000003653297150
Q11780840	6000000082961937241
Q11780842	6000000022669154858
Q11780842	6000000022671341176
Q11780842	6000000053783635924
Q11780844	6000000003273396506
Q11780845	6000000214715818823
Q117808483	6000000003937957227
Q11780850	6000000080860567217
Q11780861	6000000038442295907
Q11780862	6000000012105235946
Q11780868	6000000019433607293
Q11780871	6000000001407085221
Q11780873	6000000008708108127
Q11780874	6000000019092750759
Q117808771	6000000048949459994
Q11780890	6000000002538431848
Q11780899	6000000019771937191
Q11780907	6000000020195554833
Q11780908	6000000016013708497
Q11780909	6000000022820459447
Q11780930	6000000006740399385
Q11780931	6000000018626585332
Q11780942	6000000004147978266
Q11780943	6000000134011981822
Q11780946	6000000134011106496
Q11780963	6000000198005891856
Q11780964	6000000073892637833
Q11780975	6000000013787557109
Q11780976	6000000014072190492
Q11780978	6000000038440399951
Q11780983	6000000018648600390
Q11780987	6000000008651744643
Q11780995	6000000182368856886
Q11780998	6000000019658800058
Q11781156	6000000156216433864
Q117811885	6000000017729923394
Q11781312	6000000073116048875
Q117813806	6000000015840787574
Q117814246	6000000000491266714
Q117814262	6000000000426651757
Q117814415	6000000000687674482
Q117814435	6000000013260497715
Q117814701	6000000019507307272
Q117815022	6000000038998657224
Q117815048	6000000012522655736
Q117815355	6000000018195080189
Q117815356	6000000193932756825
Q117815362	6000000193932865824
Q117815722	6000000042631669871
Q117815741	6000000042631191495
Q117815744	6000000042632213516
Q117815746	6000000042632544875
Q117815748	6000000099580725004
Q117815749	6000000002766318332
Q117815751	6000000000966229635
Q117815756	6000000002766318342
Q117815758	6000000000908888620
Q117815765	6000000000908933949
Q117815791	6000000006290089004
Q117815793	4438975
Q117815912	6000000050046924995
Q11781693	6000000026669017143
Q1178182	6000000011343320375
Q11781854	6000000031880486648
Q117820439	6000000012258288303
Q117820454	6000000008722969726
Q117820468	6000000009375128780
Q117820487	6000000009375194627
Q117820503	6000000082623397940
Q117820519	6000000061766497871
Q117820521	6000000015152224930
Q117820534	6000000015562728392
Q117820536	6000000015562974068
Q117820544	6000000022573926970
Q117820566	6000000015562623469
Q117820567	6000000020788611049
Q117821455	6000000069146945822
Q117821458	6000000023346267878
Q117821607	6000000022323547507
Q117821696	6000000089339861855
Q117822038	6000000015346785080
Q1178230	6000000022615545134
Q1178233	6000000013899968431
Q117824749	6000000027524005113
Q117824758	6000000029465871041
Q117824795	6000000033647348976
Q117824852	6000000035236848051
Q117824860	6000000035236786177
Q117824897	6000000020223289855
Q117824905	6000000046470765131
Q117824911	6000000013752877670
Q117825170	6000000197202898850
Q117825466	6000000156917253914
Q117826500	6000000003144247170
Q117826501	6000000032868684151
Q117826606	6000000000412513173
Q1178269	6000000007887037037
Q117826962	6000000027354286373
Q1178298	6000000024063722098
Q117829912	6000000175357225340
Q117830170	6000000001926359941
Q117830410	6000000193831264822
Q117830705	6000000025778054897
Q117830836	6000000011876600559
Q117830958	6000000048285040955
Q117831114	5200773399280079030
Q117831133	6000000008762192001
Q117831215	351772122250012838
Q117831242	6000000003858762158
Q117831347	6000000018164679439
Q117831555	6000000180072040825
Q117831699	6000000000632195435
Q117831853	6000000011670293219
Q117831988	6000000011670301245
Q117832270	6000000011288056463
Q117832297	6000000011288338119
Q117833192	6000000012199893548
Q117833301	331519242160010475
Q117833348	6000000187122018836
Q117833349	6000000172767577304
Q117833351	6000000010011435644
Q117833355	6000000012336142447
Q117834022	6000000008239556189
Q117834329	6000000011261558767
Q117835590	6000000010618405819
Q117835798	6000000057652992877
Q117835858	6000000013174928954
Q117835866	6000000057646801226
Q117836145	6000000024307296339
Q117836149	6000000024307483928
Q117836250	6000000037692178449
Q117836311	6000000087092469924
Q117837810	6000000025833476610
Q117837847	6000000025358931478
Q117837919	6000000004969800995
Q117837954	6000000000138756780
Q117837957	6000000063124159329
Q117838921	6000000018283539592
Q117838923	6000000018283427399
Q117840378	6000000194032956831
Q117841605	6000000002494342195
Q117841626	6000000021466504367
Q117841651	6000000045919167142
Q117843476	6000000194151861839
Q117843584	6000000003828224898
Q117844034	6000000002903779144
Q117844048	6000000002903782290
Q117844136	6000000095464200140
Q117844458	6000000025739084758
Q117844678	6000000169311931975
Q117844690	6000000169311932001
Q117844708	6000000024821799586
Q11784497	6000000082409795974
Q11784499	6000000079325537827
Q1178450	6000000019784569922
Q117845324	6000000095463655300
Q117845388	6000000186208383842
Q117845564	6000000008954268862
Q117845569	6000000008439120910
Q117845587	6000000008439314951
Q117845603	6000000008630574561
Q117845621	6000000003219934236
Q117845650	6000000001384147490
Q117845664	6000000002897045982
Q117845694	6000000015918410733
Q117845781	6000000027231968645
Q117845977	6000000194126836828
Q117846045	6000000071714652906
Q117846045	6000000082889786862
Q117846433	6000000082889703890
Q117846473	6000000021662545371
Q117846489	6000000013503875360
Q117846511	6000000008419404274
Q117846550	6000000006295627781
Q117846551	6000000009027032455
Q117846572	6000000006295972296
Q117846612	320406992050001497
Q117846649	6000000007788743240
Q117846663	6000000022316121175
Q117847	6000000077630422740
Q11784757	6000000002770829046
Q11784773	6000000079640022081
Q11784780	6000000137618167822
Q117848281	6000000128584175921
Q117848753	6000000147305565854
Q117849052	6000000128570634071
Q117850256	6000000040540928920
Q117850451	6000000040547967855
Q117850500	6000000194751228831
Q117851876	6000000026133937932
Q117851997	6000000016309521286
Q11785315	6000000025020550011
Q11785463	6000000006712170118
Q11785564	6000000020706096981
Q117861994	6000000012307233242
Q117863258	6000000035552816333
Q117863261	6000000086265025926
Q117863268	6000000086265861972
Q117865296	6000000186832651830
Q117865297	6000000186833019827
Q117865528	6000000172613845872
Q117865814	6000000016010538908
Q117866190	6000000017682609955
Q117866779	6000000186841476863
Q1178709	6000000104922560916
Q117875833	6000000006128061610
Q11787785	6000000001656265731
Q117879059	6000000041060979236
Q117879305	6000000036343674333
Q1178798	6000000030873924041
Q117886340	6000000193114799823
Q117886341	6000000193114435835
Q117886342	6000000193113518899
Q117886662	6000000003866391243
Q117887	6000000015745890890
Q1178933	6000000065681796821
Q11789553	6000000078142434825
Q11789554	6000000176281874894
Q11789637	6000000025702591568
Q11789962	6000000020482475035
Q11789966	6000000019188537248
Q117900448	6000000003334572353
Q11790045	6000000002976508914
Q117900457	6000000009536601279
Q11790046	6000000008705386391
Q11790049	6000000003050663545
Q117900547	6000000009536491950
Q11790092	6000000080705805984
Q117901436	6000000010694507450
Q117902	6000000134436824837
Q1179039	6000000184267762837
Q11790663	6000000161505983840
Q11790697	6000000166064153822
Q117908	6000000076669274175
Q11791129	6000000175278619082
Q1179170	6000000092462390881
Q11792014	6000000052906041829
Q11792067	6000000107264753908
Q11792072	6000000011504309422
Q11792075	6000000076389479891
Q11792094	6000000035270139822
Q11792132	6000000182692056824
Q11792829	6000000037992994168
Q11792844	6000000011538799434
Q117929805	6000000009156780869
Q117929958	6000000011038267009
Q117930351	6000000071643178125
Q117930374	6000000187072609856
Q117930403	6000000187116991846
Q117930437	6000000187117036852
Q117931640	6000000007096927371
Q117935	6000000181564677823
Q1179411	6000000184223518873
Q1179467	6000000136913539903
Q1179512	6000000111987595825
Q117951430	6000000019628526890
Q1179520	6000000007217060459
Q1179527	6000000104324724970
Q1179560	6000000072388731826
Q1179618	6000000178256781822
Q117962235	6000000018012946112
Q117963	6000000077422311999
Q117965318	6000000025755013738
Q1179687	6000000053451736337
Q1179720	6000000122814187962
Q117973648	6000000000728611118
Q11797603	6000000076197502844
Q117977101	6000000016330008595
Q11797717	6000000079004672010
Q11797828	6000000004649007799
Q117978907	6000000018012806093
Q11797927	6000000016729681657
Q117979321	6000000025310975882
Q11797948	6000000164304599014
Q117980759	6000000015354207243
Q117981	6000000175534201828
Q117981696	6000000065539069108
Q117982466	6000000046564795026
Q11798387	6000000004665513845
Q11798390	6000000023356627085
Q11798391	6000000023075164696
Q1179917	6000000174818467088
Q11799329	6000000012759827593
Q11799507	6000000017100084590
Q1179963	6000000069715048856
Q11800439	6000000172719259840
Q11800442	6000000043805611267
Q11800449	6000000019911542512
Q11800456	6000000013006979396
Q11800460	6000000011049203565
Q11800465	6000000024298759093
Q11800466	6000000080104446903
Q11800493	6000000022383221478
Q118005	6000000010717340770
Q11800502	6000000017648742258
Q11800661	6000000025371506078
Q11800672	6000000021706049198
Q11800684	6000000002726631777
Q11800706	6000000032253064838
Q11800745	6000000013427501716
Q11800794	6000000077296454192
Q1180085	6000000161453414930
Q11800896	6000000130764066829
Q11800905	6000000026884178816
Q11800914	6000000019137203389
Q11800932	6000000024977019499
Q11800946	6000000022602457672
Q11801044	6000000039971307896
Q11801048	6000000057519712821
Q11801110	6000000013603867525
Q11801112	6000000065362586926
Q11801122	6000000040308402366
Q11801122	6000000183341830874
Q11801139	6000000183482177859
Q11801140	3917648870310117915
Q11801153	6000000015284348034
Q11801160	6000000000112117797
Q11801334	6000000077767067741
Q11801348	6000000007023769071
Q11801361	6000000011604758721
Q118014	6000000021104680995
Q11801410	6000000020277416059
Q11801444	6000000077585274046
Q11801462	6000000037033613268
Q11801571	6000000016324309282
Q11801634	6000000041582720107
Q11801645	6000000009484345594
Q11801663	6000000061592353821
Q11801684	6000000011150223454
Q11801688	6000000013422225759
Q1180173	6000000018908942050
Q11801797	6000000007777499927
Q11801875	6000000012911682789
Q11801886	6000000007275752332
Q11801889	6000000003937346163
Q11801923	6000000006906816604
Q118020	6000000012375255867
Q11802112	6000000019468741550
Q11802190	6000000020722364279
Q11802211	6000000019867425473
Q11802338	6000000017881203679
Q11802423	6000000019233443746
Q11802483	6000000006444392745
Q11802543	6000000008630249985
Q11802547	6000000019367799015
Q11802559	6000000023208881279
Q11802578	6000000014302339218
Q11802686	6000000014381998283
Q11802767	6000000024545706267
Q11802785	6000000178596923872
Q11802791	6000000019410801471
Q118028	6000000029033766942
Q11802830	6000000018765183982
Q11802862	6000000024173359528
Q118029	6000000025308375551
Q11802962	6000000019339223202
Q11802967	6000000019343990762
Q11802975	6000000031780022128
Q118030182	6000000004674884930
Q11803033	6000000000076308754
Q11803144	6000000014325799409
Q1180315	6000000189691725823
Q11803182	6000000000969933985
Q11803195	6000000026049800151
Q11803259	6000000005597005418
Q11803339	6000000018782238079
Q11803404	6000000018617555544
Q11803470	6000000008630680694
Q11803514	6000000010156533547
Q11803607	6000000015655898505
Q1180362	6000000140902262833
Q11803653	6000000019007325801
Q118036852	6000000187154252853
Q118036875	6000000187154981828
Q118036899	6000000187154575902
Q11803764	6000000022250281814
Q11803853	6000000014262266904
Q118039221	6000000019609699011
Q118039776	6000000019609636121
Q118041253	6000000004674884957
Q118043	6000000085987544981
Q118044	6000000179855034861
Q118044390	6000000033872205924
Q118045342	6000000033872322900
Q118045941	6000000065518223930
Q118046323	6000000033871773291
Q118048572	6000000164243585376
Q118052	6000000007617846825
Q118052214	6000000027645600890
Q11805306	6000000019859223296
Q1180538	6000000196312916861
Q118057	6000000001731738766
Q118058711	6000000010850254232
Q11806	6000000012593135757
Q118060565	6000000010502317732
Q118063568	6000000013503244761
Q11806684	6000000002439537923
Q11806743	6000000082819120030
Q11806850	6000000017197610905
Q118068807	6000000019254303062
Q11806905	6000000030907165200
Q11806930	6000000017291857906
Q11806952	6000000096159159842
Q118070904	6000000194158058836
Q118074126	6000000194159051831
Q118075862	6000000032695245876
Q11807756	6000000076061270839
Q118089930	6000000006128152683
Q1181024	6000000008987408034
Q118103690	6000000207858371930
Q118104909	6000000112355663914
Q118104977	6000000021424125759
Q118104989	6000000015791620815
Q118105312	6000000047459282823
Q1181055	6000000165222234278
Q118106156	6000000187154738861
Q118106168	6000000187154899837
Q118106170	6000000189100654848
Q118106176	6000000187154914821
Q118106179	6000000187154746832
Q118106182	6000000194093819825
Q118106184	6000000194093537887
Q118106190	6000000187155030822
Q118106193	6000000187155016832
Q118106307	6000000003938828723
Q118106591	6000000012245865976
Q118107024	6000000174083965190
Q118107171	6000000011864068532
Q118108296	6000000211415255827
Q118108307	6000000211415283825
Q118108488	6000000015772207217
Q118108521	6000000015772140318
Q118108523	6000000015772224480
Q118108799	6000000194180452933
Q1181089	6000000106964087823
Q118109006	6000000010745109271
Q118109449	6000000039679244200
Q118109743	6000000022796632230
Q118109743	6000000088697319863
Q118109809	6000000014138010952
Q118109816	6000000203657875821
Q118111254	6000000198009537453
Q1181113	6000000018965017677
Q118111306	6000000014117320080
Q1181118	6000000011715253499
Q118112411	6000000027362392928
Q118112550	6000000194751413828
Q118112721	6000000046096557925
Q118112872	6000000046096600964
Q118113224	6000000194197050824
Q118113244	6000000038040512941
Q118113359	6000000194196646861
Q118113523	6000000194197848832
Q118113664	6000000128707169952
Q118113709	6000000128707634934
Q118113719	6000000128707806915
Q118113729	6000000128707253024
Q118113753	6000000194198911825
Q118113758	6000000128707068149
Q118113762	6000000128708054862
Q118113771	6000000128708152821
Q118113804	6000000128707954845
Q118113827	6000000128708127844
Q118113836	6000000128707320072
Q118114065	6000000175390816835
Q118116	6000000012677211380
Q118117216	6000000015181580655
Q118117330	6000000040000034613
Q118119136	6000000036082356337
Q118119358	6000000042035535463
Q118119457	6000000037302450133
Q118119861	6000000027308969903
Q11812	6000000003849466047
Q11812000	6000000181085276847
Q118120007	6000000194977611828
Q118120179	6000000040691165180
Q11812047	6000000008714571688
Q118120899	6000000095226101891
Q118121432	6000000165556878061
Q118121835	6000000087904086844
Q118122955	6000000001843185117
Q118122989	6000000034674357577
Q118123025	6000000040747543880
Q118123341	6000000194227402827
Q118123842	6000000032209747108
Q118123963	6000000032104597078
Q118124	6000000167374198965
Q118124412	6000000032104496950
Q118125904	4015281
Q118125931	6000000007548342962
Q118125991	4015278
Q118126723	3567402
Q118126752	3567241
Q118126772	6000000010708189783
Q118126795	6000000009395896393
Q11812753	6000000017627155813
Q118127603	6000000040912220604
Q118127897	6000000017962472824
Q118128042	6000000029379490519
Q118128115	6000000129423238060
Q118128239	6000000194242199831
Q118128566	6000000058341664910
Q118129744	6000000000728611125
Q11813	4438583119100069835
Q118130630	6000000194252041828
Q118130667	6000000193384921855
Q118131352	6000000194254140822
Q118132	6000000041456977460
Q118132394	6000000012054461492
Q118133870	6000000002834842736
Q118133910	6000000002834842728
Q118134040	3700744
Q1181350	6000000052802075865
Q11813596	6000000061157342019
Q11813643	6000000018327744451
Q118136706	6000000080775345838
Q11813694	6000000052805342195
Q118137125	6000000020159482117
Q11813717	6000000124515729826
Q11813744	6000000088163749971
Q11813757	6000000127632301878
Q118139201	6000000080764292371
Q11813943	6000000077656374020
Q118139435	6000000073366189890
Q11813989	6000000002692556546
Q11814002	6000000040573136084
Q11814003	6000000004169039234
Q118140067	6000000044426885137
Q118140127	6000000017596254477
Q11814053	6000000079037365185
Q11814056	6000000027948129947
Q11814064	6000000025308987151
Q118141047	6000000025138881012
Q11814105	6000000034544784176
Q11814108	6000000002385214342
Q11814176	6000000153932360821
Q11814198	6000000076831489137
Q118142001	6000000010551549951
Q11814228	6000000123909852834
Q11814242	6000000015711356140
Q11814256	6000000019842402653
Q11814308	4950892266510080066
Q11814309	6000000015988589791
Q11814348	6000000015804688707
Q11814373	6000000014115844397
Q11814387	6000000001083773130
Q11814390	6000000015711264126
Q11814393	6000000090581891846
Q11814395	6000000031192306145
Q11814397	6000000018649147976
Q118143980	6000000011649280023
Q118144148	6000000080766499459
Q118144185	6000000207339852821
Q11814430	6000000201583768844
Q118144423	6000000052802728831
Q118144682	6000000080775651010
Q11814514	6000000116772635851
Q11814540	6000000057526919004
Q11814549	6000000013514640960
Q118146382	6000000009869311556
Q118146384	6000000011551123694
Q118146385	6000000011551233148
Q118146386	6000000031689555371
Q118146389	6000000031689928296
Q118146392	6000000001589619619
Q118146401	6000000048071011160
Q118146402	6000000048076417443
Q118146406	6000000048079086942
Q118146407	6000000048079128937
Q118146408	6000000001915965125
Q118146410	6000000001915943803
Q118146433	6000000005252441577
Q118146434	6000000006445913140
Q118146446	6000000015898509406
Q118146475	6000000048071144961
Q118146476	6000000051385175922
Q118146479	6000000048079403984
Q118146480	6000000051385262886
Q118146480	6000000132322233857
Q118146507	6000000012397433075
Q118146509	6000000137355194877
Q118146509	6000000166197428848
Q118146535	6000000011412827796
Q118146535	6000000137356794849
Q118146536	6000000006290318725
Q118146536	6000000137352705306
Q118146538	6000000011412752157
Q118146538	6000000137356281940
Q118146540	6000000001637053959
Q118146540	6000000012714435214
Q11815	4239120304610034677
Q118150770	6000000194730763842
Q118152913	6000000119330449962
Q118152918	6000000011403401898
Q118152918	6000000137356043999
Q118152921	6000000006444764150
Q118152922	6000000006444589549
Q118153705	6000000193708418838
Q118153706	6000000194073341834
Q118153718	6000000009187674663
Q118153729	6000000001384708757
Q118153732	343848738190012388
Q118153734	6000000012737395782
Q118153735	6000000001384052704
Q118153736	6000000001384708439
Q118153738	6000000002513920486
Q118153745	6000000002513910980
Q118153747	6000000084390703870
Q118153748	6000000002513920401
Q118153749	6000000000697179565
Q118153750	6000000000696997974
Q118153788	6000000185987775165
Q118153794	6000000029800753920
Q118153796	6000000029800413570
Q118153800	6000000020023158521
Q118153801	6000000002648932766
Q118153802	6000000002648739663
Q118153803	6000000002648922533
Q118153840	6000000002897044544
Q118153926	6000000003076915997
Q118153942	6000000014815045504
Q118153944	6000000003077014124
Q118153986	6000000029862880938
Q118153996	6000000000180898819
Q118154004	6000000029862892879
Q118154039	6000000008754065422
Q118154041	258997
Q118154047	6000000003940518239
Q11815634	6000000132423942827
Q11815885	6000000006706443960
Q118158900	6000000030381489877
Q11815977	6000000042544048110
Q11816	6000000002917823767
Q11816170	6000000174658964941
Q11816252	6000000000316377918
Q118162669	6000000002756351369
Q118163748	6000000022338470768
Q118163749	6000000003288618329
Q118164026	6000000022340273816
Q118164032	6000000031396322076
Q118164033	6000000000031738575
Q118164047	6000000000265504197
Q118164050	6000000005052731612
Q118164382	6000000012245749198
Q118164387	6000000018478562870
Q118164388	6000000000834538044
Q118164421	6000000018479197265
Q118164422	6000000002498668064
Q118164823	6000000002813737929
Q118164829	6000000000694353117
Q118164836	6000000006444065968
Q118165252	6000000026600429507
Q118165376	6000000187844993860
Q11816642	6000000027610959844
Q11816652	6000000004884976733
Q118169491	6000000194337565873
Q11817	6000000007059604501
Q118170150	6000000194338215828
Q11817244	6000000023117373825
Q11817250	6000000216851182881
Q11817307	6000000006592316115
Q11817330	6000000081595210839
Q11817345	6000000179890500821
Q118173571	6000000022667097784
Q118173857	6000000024195010468
Q11817408	6000000006603443571
Q11817427	6000000024449287248
Q11817437	6000000056650471857
Q11817459	6000000017201753240
Q11817461	6000000018637989684
Q11817463	6000000010353280227
Q11817468	6000000004168273388
Q11817491	6000000041251425631
Q11817493	6000000019924054012
Q118174950	6000000000001067935
Q118174952	5632751741530123122
Q118174953	6000000000649905121
Q118174955	6000000000649939105
Q118174957	6000000001525289654
Q118174958	6000000000649629632
Q118174959	6000000000649241524
Q118174963	6000000000001247363
Q118174966	6000000001991706696
Q118174975	6000000011284965351
Q118174985	6000000006419604023
Q118174987	6000000011348499384
Q11817545	6000000016093803498
Q11817564	5210032763270031635
Q11817565	6000000013194309256
Q118175732	6000000006711489986
Q11817583	6000000019195017598
Q11817584	6000000018239601741
Q11817603	6000000053608550834
Q11817612	6000000126096913836
Q11817635	6000000050362617152
Q11817705	6000000030872941984
Q11817720	6000000013753138137
Q11817761	6000000020970564156
Q11817778	6000000019217890127
Q11817806	6000000027516788303
Q11817821	6000000011465500333
Q11817833	6000000023437960845
Q11817902	6000000028486063374
Q11817925	6000000010540216115
Q118179668	6000000203175831833
Q11817970	6000000001407123043
Q11817971	6000000014694936750
Q11817972	6000000013155087100
Q118179784	6000000011048008159
Q11818016	6000000025718736034
Q11818030	6000000020880907067
Q11818051	6000000018648642432
Q118180583	6000000004192159073
Q118180589	6000000145225731935
Q118180612	6000000144809393893
Q118180619	6000000175915731867
Q118180630	6000000181438232885
Q118180651	6000000075993020850
Q118180659	6000000181437147917
Q118180686	6000000181439165825
Q118180706	6000000197109941822
Q118180739	6000000175917190825
Q11818084	6000000023154747006
Q118181004	6000000009074714132
Q11818101	6000000007272292312
Q11818113	6000000077657306124
Q11818136	6000000014039590921
Q11818137	6000000014937676717
Q118181541	6000000004002813718
Q11818162	6000000040023616443
Q11818173	6000000225003896852
Q118182040	6000000024269783901
Q11818286	6000000013462320806
Q11818309	6000000058277432175
Q11818310	6000000013173911471
Q11818315	6000000019642339874
Q11818317	6000000013640832770
Q11818320	6000000000952888369
Q11818338	6000000006993263210
Q118186630	6000000022775859951
Q118187016	6000000051330449987
Q11818727	6000000028929743411
Q11818732	6000000186468740823
Q118187569	6000000185500011824
Q118188458	6000000072436713883
Q118190	6000000022512814359
Q118190194	6000000194339270855
Q118190220	6000000194339875827
Q118190230	6000000194339380845
Q118192838	6000000021715974952
Q118193717	6000000194339374863
Q11819670	6000000036998314911
Q118197385	6000000011536425567
Q118197705	6000000194338696892
Q118198534	6000000045390324830
Q118198771	6000000017847575477
Q11820	353493399110004524
Q118200335	6000000017847176978
Q118200648	6000000010685671754
Q118200668	6000000035376510410
Q118200684	6000000003940806627
Q118200837	6000000035644190639
Q118200839	6000000054779858881
Q118200872	6000000054779895965
Q118200893	6000000054780014964
Q118200955	6000000007273280428
Q118203845	6000000020039252119
Q118204495	6000000020039328004
Q118206837	6000000171546224983
Q118208097	6000000194402006849
Q118209769	6000000003499139860
Q118210319	6000000016248755282
Q118212322	6000000086829667113
Q11821371	6000000033447064782
Q118214998	6000000069637018853
Q118218550	6000000003275257673
Q118219366	6000000005664462432
Q118219919	6000000014776883582
Q118220462	6000000005931738073
Q118220519	6000000030988348123
Q118220526	6000000003939931765
Q118220530	6000000003939931773
Q118220544	6000000009384432929
Q118220696	6000000006442904052
Q118221290	6000000012737360954
Q118221303	6000000015093060135
Q1182228	6000000032109100237
Q1182229	6000000026378166697
Q118224366	6000000017624693656
Q118233	6000000175177557280
Q118235443	6000000109693722924
Q118235447	6000000001898238825
Q118235449	6000000011274136334
Q118235458	6000000000250524483
Q118235459	6000000000250574000
Q118235667	6000000039508946163
Q118236	6000000217555708856
Q118236029	6000000194450847884
Q118236507	6000000194452302830
Q118237194	6000000003939931694
Q118237196	6000000003937997380
Q118237199	6000000003938554555
Q118237200	6000000003541115460
Q118237201	4527052696120011719
Q118237219	6000000003457764027
Q118237221	6000000004237767900
Q118237242	6000000003938554624
Q118237251	6000000006253737175
Q118237342	6000000003938004365
Q118237358	6000000003937997170
Q118237392	6000000003938344268
Q118237393	6000000003937997099
Q118237396	6000000002931045820
Q118237498	6000000003938004249
Q118237513	6000000007260001252
Q118237533	6000000003936914452
Q118237951	6000000012679599586
Q118238551	6000000009833905185
Q11824065	6000000002918912328
Q118243	6000000056884102363
Q118244393	6000000040985010441
Q118246323	6000000003903344231
Q118247152	6000000006127453507
Q118247230	6000000000497094239
Q118247354	6000000024758325018
Q118247686	6000000015293648014
Q118247689	6000000015293466615
Q118247924	6000000013215935577
Q118248193	6000000041741813886
Q118252135	6000000026427436517
Q118253	6000000009494660179
Q11825482	4109098194460045068
Q118255715	349872795980001017
Q118256161	6000000008763565226
Q11825628	6000000006925407859
Q118257	6000000177353291826
Q118262883	6000000058744313894
Q118264044	6000000170621539098
Q118265835	6000000170620470054
Q11826623	6000000069280817988
Q118267	6000000085646966864
Q118271231	6000000047548277885
Q118271232	6000000024597378757
Q118271233	6000000000908105318
Q118271236	6000000003894809155
Q118271237	6000000013279737672
Q118271238	6000000000426671687
Q118271239	6000000047548144955
Q118271257	6000000002175598999
Q118271258	6000000000426512805
Q118273	6000000014145076656
Q118274638	6000000057366165827
Q118274724	6000000050594921249
Q118274830	6000000050595192865
Q11827656	6000000012105304937
Q11827657	6000000019452384320
Q11827658	6000000014948900341
Q118276991	6000000194489430828
Q118278004	6000000009459244112
Q118278017	6000000000065640033
Q118278018	6000000009459202950
Q118278019	6000000009459495252
Q118278310	6000000194489604858
Q118278668	6000000000496964639
Q118278669	6000000000171367842
Q118278677	6000000000171246751
Q118278813	6000000182175311822
Q118278830	6000000172250954280
Q118278879	6000000017452154107
Q11827898	6000000015891337999
Q11828272	6000000011527817415
Q11828273	6000000020087246270
Q11828286	6000000010353238699
Q118286904	6000000016215975044
Q118286965	6000000016215540189
Q118287216	6000000006854123919
Q118287390	6000000017201076751
Q118287831	6000000001164443211
Q118287929	6000000170621818931
Q118289516	6000000038786486216
Q118289659	6000000195456597906
Q11828978	6000000178708006821
Q118291494	6000000027124973340
Q118292081	6000000014947968607
Q118292660	6000000014947989086
Q118293	6000000072814243889
Q118301730	6000000024005300589
Q118301954	6000000024005374194
Q118302280	6000000158346604863
Q118302592	6000000158346814859
Q118303056	6000000024005274668
Q118303575	6000000158346911824
Q118303793	6000000158345282928
Q118303957	6000000158346318863
Q118309218	6000000194528414876
Q118309238	6000000194528770842
Q118309242	6000000194528849829
Q118309246	6000000194527866008
Q118309252	6000000194528219899
Q118309281	6000000194527366033
Q118310527	6000000195457348839
Q118311805	426350
Q118311850	6000000195601978844
Q118312264	6000000195602490821
Q118314232	6000000019425948152
Q118314319	6000000028560103326
Q118319962	6000000015190221117
Q118320	6000000006727820352
Q118320022	6000000040945949652
Q11832118	6000000184610088865
Q11832171	4444079462910025889
Q118322198	6000000002293700470
Q118322202	6000000013504092020
Q118322222	6000000013503854716
Q118322224	6000000002964716425
Q118322225	6000000001316185802
Q118322226	6000000001316185836
Q118322228	6000000000293501820
Q118322229	6000000001505990916
Q118322248	6000000014092627481
Q118322261	6000000003938220391
Q118322271	6000000005415133031
Q118322272	6000000002964010873
Q118322274	6000000002964662923
Q118322275	6000000002964822958
Q118322279	6000000002964855765
Q118322292	6000000005415133025
Q118322298	6000000000682030304
Q118322310	6000000013504089003
Q118322543	6000000177314163832
Q118322660	6000000013506733905
Q118322686	6000000007417883951
Q118322728	6000000007418609811
Q118322730	6000000007418635239
Q118322731	6000000007418450384
Q11832943	6000000015862453643
Q11833571	6000000172818590320
Q11833575	6000000029139205526
Q11833590	6000000002633169228
Q11833591	6000000015750433222
Q11833701	6000000012245643057
Q11833702	6000000180067230830
Q11833910	6000000000767389452
Q11834022	6000000078083181891
Q118341167	6000000024976817414
Q118342211	6000000007860584345
Q118342548	6000000059982471823
Q118342614	301143012200005660
Q11834523	6000000036019837587
Q118347456	6000000062616702893
Q118347535	6000000010536471323
Q118348	6000000001504709393
Q11834946	6000000024480272155
Q11835042	6000000015084846091
Q11835044	6000000015998609810
Q118351462	6000000011622645502
Q118351668	6000000078091064861
Q118351696	6000000008032969865
Q118351705	6000000003183638308
Q118351748	6000000020972240501
Q118351751	6000000000284239032
Q118351763	6000000024755334237
Q118351771	6000000023688455007
Q118351773	6000000015632546016
Q118351774	6000000015632228943
Q118351777	6000000016278418232
Q118351778	6000000003490701703
Q118351781	6000000003939418047
Q118351782	6000000000293496646
Q118351789	6000000008113141590
Q118351815	6000000000270789591
Q118351824	6000000001383804724
Q118351825	6000000000350929084
Q118351848	6000000001898325677
Q118351849	6000000001898325582
Q118351854	6000000002767178007
Q118351856	6000000000350924764
Q118351863	6000000018500781734
Q118351872	6000000006890680551
Q118351873	6000000028050145916
Q118351874	6000000028064220556
Q118351881	6000000002931204784
Q118351882	6000000001724453029
Q118351885	6000000000220279254
Q118351893	6000000006110871252
Q118351902	6000000005951751063
Q118351906	6000000006439873913
Q118351907	6000000005951722017
Q118351908	6000000004129065557
Q118351909	6000000015280975771
Q118351922	290497552160005995
Q118351924	6000000005399406734
Q118351927	6000000001959745326
Q118351928	6000000005395912768
Q118351929	6000000004129043638
Q118351935	6000000006290291246
Q118351936	6000000007280118041
Q118351938	6000000003468236424
Q118351941	6000000006517861534
Q118351944	6000000006517861710
Q118351948	6000000004993494424
Q11835195	6000000035046550069
Q118351953	793755
Q118351955	6000000004182102423
Q118351957	6000000006286999993
Q118351980	6000000006885406067
Q118351994	6000000006122720506
Q118352036	1802031
Q118352038	6000000008667812546
Q118352043	6000000016758451220
Q118352076	6000000153977596832
Q118352077	6000000032280370062
Q118352079	6000000128095095935
Q118352080	6000000128088026111
Q118352082	6000000002187046958
Q118352086	6000000001540688341
Q118352091	6000000000770643381
Q118352092	5358085376080023420
Q118352093	6000000002173108655
Q118352096	6000000007605023594
Q118352102	6000000000770881886
Q118352111	6000000153978358838
Q118352117	6000000079580404852
Q118352120	6000000079579347003
Q118352122	6000000002666231752
Q118352125	6000000000213432503
Q118352128	333557482870011887
Q118352131	333557310370012637
Q118352142	6000000032280567822
Q118352142	6000000079579683924
Q118352155	6000000185454070003
Q118352164	6000000006440801897
Q118352166	6000000006440801852
Q118352167	334255950440014479
Q118352168	6000000019225728731
Q118352175	6000000000582370170
Q118352177	6000000003939027924
Q118352178	6000000003937905929
Q118352182	6000000003937905936
Q118352189	6000000001234582654
Q118352195	6000000012257476662
Q118352196	6000000007836649270
Q118352199	6000000005929088619
Q118352393	6000000013235883658
Q118352408	6000000001384089908
Q118352410	6000000032775907033
Q118352438	6000000027308141578
Q118352439	6000000027308232963
Q118352443	6000000125794004821
Q11835272	6000000095879677976
Q11835311	6000000169466142827
Q11835322	3046906
Q11835811	6000000000762370385
Q11835821	6000000021846380458
Q118358702	6000000024017803514
Q118358727	6000000000807099851
Q118358728	6000000001567988860
Q118358729	6000000024017641464
Q118358773	6000000017558462711
Q118358813	6000000016531587177
Q11835901	6000000014272822705
Q118359220	6000000002258250218
Q118359233	6000000002258226509
Q118359407	6000000023372233727
Q118359408	6000000025818227432
Q118359445	6000000019543532167
Q118360154	6000000019543671071
Q11836139	6000000185373995059
Q11836178	6000000008860753745
Q11836215	6000000027450810294
Q11836216	6000000040438724254
Q11836240	6000000003904646418
Q11836243	6000000099654249821
Q11836253	6000000075214901216
Q11836268	6000000034581547609
Q11836274	6000000042446528215
Q11836334	6000000016035480085
Q11836606	6000000037015668336
Q118366428	6000000194583807832
Q118366778	6000000194584376822
Q11836736	6000000015601863656
Q118367552	6000000005442321577
Q118368042	6000000006127401995
Q118368932	6000000013249663854
Q118368934	6000000030208869183
Q118368954	6000000001911903259
Q118368963	6000000093931008942
Q11836906	4345071717390041657
Q11836919	6000000089381341839
Q118369333	6000000084757791423
Q11836993	6000000000237432756
Q118370485	6000000017815404160
Q118370488	6000000017815436037
Q118370489	6000000017815482021
Q118370490	363782453790001366
Q118370495	363782141550011654
Q118370496	6000000017815423325
Q118370498	6000000017815313555
Q118370510	6000000003454509984
Q118370512	6000000010154714819
Q118370516	6000000000975639870
Q118370533	6000000002835391763
Q118370540	6000000006266697857
Q118370541	6000000006266600700
Q118370542	6000000002872345814
Q118370557	6000000018305144400
Q118370606	6000000024652828253
Q118371887	6000000041111956019
Q118371980	6000000004160889741
Q118372	6000000037166615843
Q118372010	6000000004160810649
Q118372024	6000000003083008853
Q118372123	6000000008615843685
Q118372289	6000000059258941462
Q11837285	6000000000281933154
Q11837584	6000000015838101486
Q11837613	6000000125281793825
Q11837626	6000000109755737849
Q11837795	6000000037471745989
Q11837796	6000000078028670694
Q11837805	6000000197498599821
Q11837823	6000000006050713007
Q118378327	6000000010977600145
Q118378347	6000000006816702646
Q11837873	6000000016623094686
Q11837875	6000000047621074828
Q118380975	6000000194605192861
Q1183813	6000000019480861400
Q118381551	6000000008927558642
Q11838205	6000000164656331672
Q11838207	6000000037910233958
Q1183827	6000000032416671854
Q118382875	6000000005024125970
Q118382890	6000000005027406238
Q118382895	6000000005027385739
Q118382897	6000000002723010259
Q118382898	6000000003389002902
Q118383439	6000000004235647870
Q118383440	4197683319830061436
Q118383441	6000000004235565304
Q118383442	6000000004235271586
Q118383443	4197683343450028716
Q118383448	6000000194611404822
Q11838353	6000000178824620876
Q118383710	6000000009816932969
Q118383804	6000000194613663833
Q118384332	6000000012090022461
Q11838467	6000000068647038948
Q118384995	6000000175926132837
Q118385535	6000000148112790869
Q118386155	6000000194621445821
Q118386352	6000000078266150824
Q118386362	6000000003490662324
Q118386400	6000000003490662335
Q11838696	6000000029616218048
Q118386980	6000000194622207838
Q118388999	6000000009571187413
Q118391424	6000000003658822932
Q118392	6000000038764756154
Q118393057	6000000002300916278
Q118393989	6000000028340322811
Q118396278	6000000194637135822
Q118396727	6000000011446865479
Q118396882	6000000118232492874
Q1183988	6000000004173171828
Q118398858	6000000000112346122
Q118398926	6000000032486975615
Q118398942	6000000006444373644
Q118399243	6000000191628284827
Q11840	6000000092252206887
Q118402638	6000000080890824900
Q118402669	6000000006348490789
Q118402680	6000000211951725823
Q118402683	6000000001151073570
Q118402853	6000000194639008850
Q118402960	6000000082057685988
Q11840441	6000000005563094983
Q118404503	6000000019225978432
Q1184107	6000000042470279339
Q118413534	6000000037412384790
Q118413543	6000000036422430543
Q118414	6000000009360507107
Q118415680	6000000024184643652
Q118423	6000000018809759207
Q118426688	6000000038356682533
Q118426688	6000000073342383890
Q118427392	6000000027435601599
Q118430	6000000050481659061
Q118430523	6000000019403173338
Q118430639	6000000195852789825
Q118430648	6000000206847528824
Q118434066	6000000004294038477
Q118434307	6000000041755300901
Q118434755	6000000038357063926
Q118437893	6000000020781228602
Q1184381	6000000055534879387
Q118442291	6000000015509752229
Q118443293	6000000181462150832
Q118443943	6000000108627982217
Q118444214	6000000108628646956
Q118444409	6000000001567988871
Q118444410	6000000003468345891
Q118444410	6000000024832985218
Q118444528	6000000178331971823
Q118448547	6000000012077168856
Q11845318	6000000007698153600
Q118454	6000000090504694916
Q1184545	6000000025484753374
Q118455760	6000000017816826600
Q118462	6000000182600065858
Q118463768	6000000194692330824
Q118463819	6000000194692345822
Q118464176	6000000077667834821
Q118464660	6000000011240300513
Q118464701	6000000011241788296
Q118465115	6000000007868457290
Q118465352	6000000189102726846
Q118465435	6000000017961390317
Q118465718	6000000014439523309
Q1184683	6000000083115505206
Q118468508	6000000178915261823
Q118468613	6000000010616729840
Q118468615	6000000013176573893
Q118468639	6000000013175064262
Q118468677	6000000003937228565
Q118468680	6000000003937228488
Q118468685	6000000006291572971
Q1184687	6000000002503491562
Q118469008	6000000013197327918
Q118469031	6000000010616995269
Q118469035	6000000011647955234
Q118469229	6000000010372808634
Q118469236	6000000009288979836
Q118469237	6000000003939400112
Q118469241	6000000009289338771
Q118469252	6000000016997377429
Q118469364	6000000017972683302
Q118469495	6000000015583049876
Q118469504	6000000015583150908
Q118469855	6000000000935068177
Q1184700	6000000005599014869
Q1184704	6000000076910737812
Q1184731	6000000004212043826
Q118482190	6000000007168375017
Q118482669	6000000006128310448
Q1184876	6000000001759037095
Q1184881	6000000018308068541
Q118489562	6000000011168021771
Q118489665	6000000105686146944
Q118490	6000000071407896083
Q118490049	6000000002818167779
Q118492856	6000000199779339823
Q118493322	6000000178851050826
Q118494544	6000000194723243828
Q118495399	6000000194725078832
Q118495425	6000000194724889835
Q118495465	6000000194725067839
Q118496148	339417234140005169
Q118496209	6000000007574252420
Q118496260	6000000004886947360
Q11849645	6000000007150642219
Q118496453	6000000028711934843
Q118496474	6000000026940790094
Q118496675	6000000018745058156
Q11849674	6000000022116431458
Q11849676	6000000000631356703
Q11849677	6000000014929061772
Q118496899	6000000003997378948
Q11849722	6000000014189465839
Q1184976	6000000036858554046
Q11849787	6000000000646659951
Q11849788	6000000001799767172
Q11849789	6000000007185104427
Q11849791	6000000001430362374
Q11849794	6000000052247013998
Q11849795	6000000002700969949
Q11849798	6000000006987400120
Q11849804	6000000003196771948
Q11849815	6000000076925167828
Q11849879	6000000008427401259
Q11849880	5352632541290060610
Q11849881	6000000006203828081
Q118499506	6000000030411063071
Q11849953	6000000031780571226
Q11849954	6000000127554089924
Q11849957	6000000183611133907
Q11849965	6000000056162858023
Q11849982	6000000071555741259
Q11850067	6000000013162941314
Q11850081	6000000017638738300
Q11850113	6000000171938680316
Q118501219	6000000098094845837
Q118501222	6000000008917506534
Q118501229	6000000001563106270
Q11850123	6000000011043643454
Q118501311	6000000002952366513
Q118501509	6000000008917642578
Q11850151	6000000088598530094
Q11850163	6000000058869768358
Q11850165	6000000074780076454
Q11850166	6000000000253013788
Q11850170	6000000058808461465
Q11850178	6000000021012600530
Q11850183	6000000009380655781
Q11850188	6000000014548662897
Q11850194	6000000055074503884
Q11850255	6000000008760806165
Q11850383	6000000004236747259
Q11850396	6000000000033735673
Q11850399	6000000007150467614
Q11850401	6000000008088812084
Q11850410	6000000047755884842
Q11850454	6000000040262694154
Q11850456	6000000073311512926
Q11850459	6000000167362234162
Q11850539	6000000000346994215
Q11850581	6000000020847323388
Q11850594	6000000018167184233
Q11850597	6000000004000039704
Q11850601	6000000165593255830
Q11850604	6000000029923912905
Q11850607	6000000033520558065
Q1185061	6000000086091387921
Q11850610	6000000007717809226
Q11850624	6000000007434524201
Q11850627	6000000066643881981
Q11850629	6000000183412024850
Q11850630	6000000016070114660
Q11850632	6000000151698699858
Q11850633	6000000039840765314
Q11850636	4222501008260044223
Q11850649	6000000000884694313
Q11850655	6000000024879201847
Q11850659	6000000034073131996
Q11850665	6000000146484010876
Q11850678	6000000055191951872
Q1185068	6000000002811334123
Q11850684	6000000085671634989
Q11850685	6000000135082458829
Q11850705	6000000018103821249
Q11850747	6000000018763411132
Q11850751	6000000006822296787
Q11850753	6000000010304527920
Q1185076	6000000019955997872
Q11850763	6000000006870143672
Q11850764	6000000007706938466
Q11850765	6000000050770461031
Q11850770	6000000125975388862
Q11850771	6000000005737106342
Q11850776	6000000006607490227
Q11850782	6000000006721934362
Q11850783	6000000002997100122
Q11850786	6000000010628394204
Q11850794	6000000002987088638
Q11850800	6000000021212086309
Q11850802	6000000006411512608
Q11850803	6000000004405294045
Q11850804	6000000103700738932
Q11850812	6000000026146388399
Q11850819	6000000002527272568
Q11850821	6000000003530469589
Q11850824	6000000002415961018
Q11850836	6000000023169765075
Q11850838	6000000089449437906
Q11850840	6000000128829383855
Q11850844	6000000009530072887
Q11850861	6000000007408099705
Q11850867	6000000002415788450
Q11850884	6000000007791066197
Q11850887	6000000013491942077
Q11850939	6000000020436530186
Q11850942	5603373413210087342
Q11850952	6000000039864284063
Q11850971	6000000010013579887
Q11850972	6000000037423494858
Q11850973	6000000020128575293
Q11850976	6000000036024235874
Q11850987	6000000142227266849
Q11850993	6000000094341597821
Q11850996	6000000009827794127
Q11851001	6000000004140495101
Q11851011	6000000007391390286
Q11851020	6000000042843148300
Q11851061	6000000083972823835
Q11851094	6000000180197324830
Q11851098	6000000073957181830
Q118511	6000000057799215833
Q11851107	6000000014566233529
Q11851112	6000000011048034230
Q11851166	6000000044519923532
Q118511887	6000000012821366554
Q11851282	6000000006127859115
Q11851284	6000000007242540304
Q118512984	6000000028868945857
Q11851306	6000000004117460678
Q118513085	6000000125859393911
Q11851310	6000000002924888079
Q11851311	6000000000252934046
Q11851314	6000000003023339831
Q11851318	6000000000203460067
Q11851319	6000000000072494936
Q11851321	6000000001229665056
Q11851330	6000000018342377196
Q11851351	6000000006642910003
Q11851358	6000000019016838962
Q11851442	6000000016289942749
Q11851453	6000000047750508833
Q11851456	6000000020669633242
Q11851461	6000000177738553887
Q11851469	6000000030696504652
Q11851481	6000000020448903433
Q11851483	6000000011043815470
Q11851518	6000000083679172866
Q11851520	6000000096378649908
Q11851529	6000000080114055175
Q11851555	6000000070771186183
Q11851557	6000000004413765403
Q11851563	6000000064673107824
Q11851569	6000000007710884904
Q11851572	6000000002757684427
Q11851580	6000000005951930903
Q11851587	6000000009428128327
Q11851596	6000000003249102056
Q11851598	6000000001823914573
Q11851602	6000000000446008315
Q11851610	6000000034942617012
Q11851614	6000000000252610451
Q1185164	6000000020023212718
Q11851645	6000000011960277842
Q118516671	6000000002466414489
Q118516785	6000000057635903441
Q118516865	6000000194746426837
Q118516993	6000000194747274832
Q11851705	6000000032494473708
Q11851707	6000000138365087842
Q118517155	6000000015850831518
Q11851733	6000000001256015055
Q11851790	6000000053843679899
Q11851794	6000000049215826853
Q118517973	6000000194747604822
Q11851800	6000000041605040154
Q11851804	6000000000431264543
Q1185189	6000000039968478326
Q11851897	6000000177420620826
Q11851900	6000000174210951354
Q118519013	6000000148082253859
Q11851915	6000000016933020432
Q11851927	6000000177852287868
Q11851978	6000000000101294020
Q11851981	6000000153506080842
Q11851992	6000000004133934153
Q11851997	6000000009504835172
Q11852002	6000000006553609010
Q11852003	6000000032416568798
Q11852043	6000000007254214277
Q11852067	6000000007710075745
Q11852070	6000000130760998843
Q11852080	6000000110443098885
Q11852097	6000000068057661834
Q11852101	6000000007626051368
Q11852102	6000000008341086625
Q11852104	6000000007600175889
Q11852140	6000000119006242876
Q118521522	6000000078206568972
Q118521560	6000000194754101823
Q11852157	6000000015459028983
Q11852170	6000000035212737672
Q11852172	6000000010693809454
Q118522	6000000104523744806
Q11852202	6000000052843319821
Q11852214	6000000096672712954
Q11852216	6000000079939625821
Q11852228	6000000094187646856
Q11852236	6000000006165456761
Q11852238	6000000163558294969
Q11852247	6000000004201151836
Q118523846	6000000194751275837
Q118523994	6000000194754868831
Q118525464	5628119436330040868
Q1185256	6000000027041870432
Q11852575	6000000179797510837
Q11852579	6000000017341505230
Q118525985	5563071167480044103
Q11852637	6000000014271466842
Q11852639	6000000153907630898
Q11852643	6000000004184713200
Q11852647	6000000011070210602
Q11852651	6000000086912653836
Q11852656	6000000021825517891
Q11852659	4175920278310024230
Q11852660	6000000175631817845
Q11852661	6000000008239771887
Q11852662	6000000019040900574
Q11852677	6000000030556169695
Q11852686	6000000031873725925
Q11852692	6000000024230841000
Q11852695	6000000000082353461
Q11852697	6000000000127612134
Q11852700	6000000135591431844
Q11852706	6000000000340603299
Q11852711	6000000002345916695
Q11852723	6000000055251895396
Q11852731	6000000013255615697
Q11852762	6000000009764485545
Q11852772	6000000007141954977
Q11852775	6000000077484396988
Q11852866	6000000006951338210
Q11852868	6000000007710723522
Q11852884	6000000031444229200
Q11852886	6000000050178055279
Q11852887	6000000077613889042
Q11852888	6000000075126283912
Q11852892	6000000050927729051
Q11852895	6000000027971836267
Q11852910	6000000003787859898
Q11852920	6000000008190712707
Q11852930	6000000007385493725
Q11852932	6000000083898846082
Q11852936	6000000089151268901
Q11852942	6000000002334413131
Q11852944	6000000055131328867
Q11852946	6000000019856190734
Q11852949	6000000007511822906
Q11852955	6000000004180589204
Q11852957	6000000175654791846
Q11852960	6000000010329699334
Q11852986	6000000007441581220
Q11852993	6000000115826955000
Q11853003	6000000000766575035
Q11853007	6000000000876264110
Q11853008	5499589264960122442
Q11853013	6000000064319505169
Q11853019	6000000020388479330
Q11853020	6000000011091720324
Q11853024	6000000007224702525
Q11853031	6000000115414750316
Q11853037	6000000014718725242
Q11853135	6000000000159480716
Q11853145	6000000009694412977
Q11853150	6000000027726699826
Q11853177	6000000053010473980
Q11853183	6000000143964398897
Q11853298	6000000089122922150
Q118533	6000000085547165879
Q11853306	6000000020130731997
Q11853314	6000000177589266888
Q11853350	6000000007225634781
Q11853352	6000000007741350660
Q11853353	6000000000514017682
Q11853361	6000000006604056135
Q11853370	6000000006900751102
Q11853371	6000000183393528852
Q118533746	6000000004872380691
Q11853377	6000000035894279294
Q11853378	6000000002423589097
Q11853379	6000000142882958843
Q11853387	6000000031664447738
Q11853391	6000000016291019682
Q11853394	6000000175813652841
Q11853412	6000000146750907024
Q11853414	6000000009113289651
Q118534180	6000000006371126634
Q11853420	6000000008250302196
Q11853421	6000000006917007145
Q11853422	6000000050669648872
Q11853424	6000000028902524617
Q11853454	6000000174273939875
Q11853463	6000000006187703940
Q11853464	6000000084345922020
Q11853471	6000000062966576821
Q11853479	6000000038219184835
Q11853484	6000000008297684895
Q11853502	6000000083537988094
Q11853516	6000000182733324864
Q11853547	6000000007411922947
Q11853610	6000000028369165476
Q11853616	6000000140197734981
Q11853673	6000000019485548201
Q11853697	6000000011099648202
Q11853700	6000000005442257693
Q11853708	5718325127840043884
Q11853709	6000000000014132080
Q11853710	6000000002818253136
Q11853711	6000000022280136204
Q11853713	6000000003657121103
Q11853714	6000000008416895723
Q11853719	6000000001185616012
Q11853723	6000000010688427419
Q11853724	6000000022220709371
Q11853728	6000000006556655009
Q11853730	6000000031759099875
Q11853751	6000000024985926140
Q118537912	6000000014906521408
Q1185395	6000000076697038174
Q11854002	6000000007344381508
Q1185401	6000000173674097858
Q118540101	6000000017843866733
Q11854046	6000000008230722623
Q11854062	6000000000498185763
Q11854064	6000000177533672824
Q11854066	5672186005340132331
Q11854068	6000000008479925668
Q118540761	6000000012047006333
Q11854078	6000000032523346523
Q11854129	6000000085655349155
Q11854133	6000000000725604996
Q11854134	6000000002346036155
Q11854135	6000000007142170141
Q11854138	6000000031350831110
Q11854141	6000000006348193644
Q11854144	6000000005551536021
Q118541475	6000000018302266512
Q11854150	6000000025818241521
Q11854153	6000000002949815479
Q11854154	6000000023793836979
Q11854155	6000000007385172040
Q11854158	6000000002309262253
Q11854161	6000000004286956255
Q11854162	6000000000810013621
Q11854165	6000000002068319654
Q11854166	6000000003797736542
Q11854176	6000000068650648021
Q1185425	4326581061810011027
Q11854285	6000000175979162821
Q11854286	6000000003550529476
Q11854290	6000000008761864359
Q11854292	6000000003058734772
Q11854298	6000000138122074986
Q11854333	6000000004398512080
Q1185434	6000000002764693532
Q11854440	6000000005436379133
Q11854449	6000000012599136436
Q11854526	6000000172352147014
Q11854530	6000000118172031822
Q11854621	6000000040509481770
Q11854622	6000000018823449539
Q11854649	6000000003605123055
Q11854652	6000000004108593240
Q11854661	6000000007708264211
Q11854662	6000000095645048904
Q11854667	6000000014617863361
Q11854675	6000000007344617897
Q11854677	6000000003260706847
Q11854679	6000000020050878035
Q11854680	6000000019814875643
Q118546913	6000000049137684880
Q118547797	6000000049136861839
Q11854786	6000000009029668490
Q11854789	6000000181548406883
Q11854806	6000000002905535205
Q11854809	6000000004144030970
Q11854859	6000000085916085567
Q11854940	6000000000627058875
Q11854941	6000000002337967049
Q11854942	6000000001964702791
Q11854943	6000000003657221784
Q11854945	6000000007961449287
Q11854946	6000000013503311191
Q11854963	6000000052487300938
Q11854964	6000000004715247001
Q11854965	6000000006547794001
Q11854971	6000000028176826716
Q11854978	6000000079253466211
Q11854983	6000000007049333361
Q11854986	6000000000617375029
Q11854990	6000000018427530955
Q11854996	6000000001621685092
Q11854998	6000000005442298225
Q11855001	6000000002988364468
Q11855003	6000000022908824420
Q11855004	6000000024494033871
Q11855010	6000000023702273524
Q11855012	6000000010495419475
Q11855015	6000000000047215679
Q11855019	6000000069297804245
Q11855024	6000000011370441201
Q11855025	6000000017197697429
Q11855059	6000000002370640769
Q11855085	6000000000112343217
Q11855100	6000000008273518551
Q11855102	6000000082719751140
Q11855108	6000000030476965966
Q11855128	6000000004140168172
Q11855190	4197331497250028679
Q11855205	6000000076830621628
Q11855281	6000000007980899262
Q11855284	6000000007158709612
Q11855309	6000000009788679009
Q1185531	6000000012075390704
Q11855311	6000000000101077642
Q11855369	6000000024631936504
Q11855371	6000000035161149351
Q11855401	6000000008046379459
Q11855403	6000000008062459449
Q11855489	6000000008419588597
Q11855496	6000000008201787398
Q11855497	6000000010628488208
Q11855498	6000000000053436338
Q11855618	6000000003546189770
Q11855644	6000000010118208231
Q11855706	6000000026891352252
Q11855711	6000000028548138374
Q11855712	6000000087109718344
Q11855777	6000000032032233763
Q11855780	6000000184238257840
Q11855781	6000000117989628050
Q11855785	6000000007041939110
Q118558086	6000000194780393834
Q118558088	6000000194780575824
Q118558090	6000000194780247861
Q118558199	6000000031463761176
Q11855847	6000000003366829425
Q118558504	6000000125957984929
Q118558598	6000000108657771892
Q118558698	6000000008090831316
Q118558834	6000000007329775042
Q118558861	6000000007329775021
Q118558959	6000000125747341830
Q118559211	6000000026328471005
Q118559212	6000000181322677822
Q118559262	6000000082969116826
Q11856018	6000000010911276977
Q118561	6000000005023066718
Q118562	6000000183639894849
Q11856233	6000000017189430099
Q11856286	6000000011148175977
Q11856426	6000000003657364211
Q11856428	6000000114103380113
Q11856432	6000000003787834505
Q11856443	6000000006420904059
Q11856503	6000000026324160335
Q11856504	6000000000340944097
Q11856550	6000000149818506000
Q11856554	6000000001230731819
Q11856555	6000000031327506415
Q11856557	6000000180045828828
Q11856558	6000000012561271764
Q11856578	6000000001230876550
Q11856600	6000000000646770735
Q11856607	6000000039200071243
Q11856608	6000000128967015879
Q11856609	6000000056862897894
Q11856620	6000000012847804740
Q11856625	6000000004407329422
Q11856628	6000000016666944184
Q11856630	6000000001884919681
Q11856639	6000000043155290827
Q11856651	6000000010126919931
Q11856655	6000000023062666633
Q11856658	6000000177766134884
Q11856676	6000000054596740987
Q11856677	6000000090466435065
Q11856680	6000000036756596157
Q11856684	6000000011036404772
Q11856685	6000000021732359041
Q11856695	6000000006722018196
Q11856701	6000000069206120058
Q11856707	6000000006784418794
Q11856735	6000000004170524845
Q11856759	6000000000144115828
Q11856762	6000000010242374268
Q11856763	6000000007300206670
Q11856769	6000000119033463900
Q11856781	6000000003034067002
Q11856789	4007596770420047933
Q11856797	6000000011204684990
Q11856814	6000000178997933842
Q11856830	6000000076717417156
Q11856864	6000000073127581873
Q11856882	6000000008101841639
Q11856893	6000000000572883056
Q11856901	6000000082977232031
Q11856906	6000000004179180872
Q11856924	6000000179336785857
Q11857001	6000000110567942988
Q11857013	6000000032510939902
Q11857025	6000000001884928010
Q11857026	6000000003793596467
Q11857040	6000000022593215051
Q11857041	6000000032494787017
Q11857042	6000000066489554937
Q11857043	6000000007803664849
Q11857045	6000000004406215164
Q11857052	6000000057281090875
Q11857059	6000000001781008381
Q11857061	6000000146296980858
Q11857062	6000000037752796413
Q11857067	6000000042738631512
Q11857072	6000000001864421303
Q11857078	6000000007343997102
Q11857085	6000000030287048135
Q11857087	6000000003230595194
Q11857088	6000000027711857943
Q11857093	6000000011601109980
Q11857101	6000000007280521479
Q11857107	6000000038280695145
Q11857109	6000000001945727663
Q11857112	6000000081430820174
Q11857120	6000000043050775002
Q11857123	6000000010675900667
Q11857125	6000000023274287648
Q11857127	6000000000018074868
Q11857139	6000000071715810949
Q11857141	6000000001120005897
Q11857143	6000000056477830906
Q11857146	6000000043686097001
Q11857150	6000000082741269036
Q11857153	6000000065878195257
Q11857165	6000000000163236935
Q11857166	6000000061249460872
Q11857167	6000000002425859273
Q11857175	6000000004685033833
Q11857178	6000000079941874930
Q11857179	6000000008770916215
Q11857180	4298067
Q11857182	6000000026310828496
Q11857184	6000000027385632005
Q11857185	6000000024145823405
Q11857190	6000000007121442149
Q11857191	6000000088909818938
Q11857200	6000000053325640821
Q11857203	6000000165978770537
Q11857209	6000000021528005820
Q11857217	6000000038477772930
Q11857293	6000000082393388877
Q11857332	6000000024190632893
Q11857337	6000000013157761078
Q11857341	6000000102584768986
Q11857343	6000000008913488384
Q11857344	6000000007776166667
Q11857352	6000000007249446028
Q11857356	6000000003672100717
Q11857376	6000000022468717738
Q11857379	6000000000063545111
Q11857388	6000000071053746926
Q11857435	6000000000047434325
Q11857436	6000000036689969545
Q11857438	6000000025461739916
Q11857453	5644886829490112356
Q11857469	6000000003239738120
Q11857479	6000000017805413440
Q11857501	6000000011903653928
Q11857506	6000000004161517026
Q11857514	6000000003363399949
Q11857516	6000000000555660097
Q11857517	6000000081320777110
Q11857536	6000000007182787889
Q11857537	6000000002744879007
Q11857541	6000000002961483627
Q11857547	6000000103702358859
Q11857584	6000000001743984824
Q11857586	6000000006789577027
Q11857588	6000000004662128576
Q11857590	6000000018444787013
Q11857592	6000000038891496847
Q11857596	6000000006900584458
Q11857599	6000000006818383818
Q11857602	6000000071405239832
Q11857605	6000000006242447630
Q11857621	6000000075644884906
Q11857623	6000000019139472373
Q11857626	6000000040266853931
Q11857730	6000000181665945824
Q11857732	6000000031580359658
Q11857734	6000000039416497905
Q11857738	6000000002745641099
Q11857747	6000000027912229406
Q11857749	6000000009277523371
Q11857751	6000000007722428271
Q11857753	6000000010549168014
Q11857754	6000000007241948524
Q11857765	6000000181554457834
Q11857768	6000000166412041972
Q11857769	6000000036903402930
Q11857770	6000000059903248901
Q11857779	6000000038615451941
Q11857790	6000000042506285310
Q11857794	6000000119382785906
Q11857797	6000000021235115282
Q11857802	6000000002122586837
Q11857805	6000000000618182183
Q11857806	6000000000569199152
Q11857810	6000000183817971952
Q11857815	6000000149843920868
Q11857820	6000000082744728155
Q11857826	6000000004426222004
Q11857849	6000000002423549958
Q11857850	6000000022247619088
Q11857858	6000000004161346603
Q11857866	6000000043688185999
Q11857871	6000000025151264348
Q11857872	6000000032721573021
Q118579	6000000002361930387
Q11857929	6000000010240577298
Q11857954	6000000009822786872
Q1185798	6000000074710265861
Q11857997	6000000177137599827
Q11858013	6000000040675758637
Q11858015	6000000071799623382
Q11858016	6000000176566961861
Q11858025	6000000007137238787
Q11858027	5715273875690109528
Q11858040	6000000177357265888
Q11858058	6000000008241255000
Q11858110	6000000003136406615
Q11858121	6000000007050018630
Q11858124	6000000026151246295
Q11858125	6000000002375210697
Q11858141	6000000033900917369
Q11858143	6000000164641648822
Q11858147	6000000006859125491
Q11858151	6000000072700991970
Q118581512	6000000007656065243
Q11858159	6000000011662792796
Q11858160	6000000006694787002
Q11858162	6000000009991631011
Q11858165	6000000000039452490
Q11858166	6000000004184121230
Q11858167	6000000018684727164
Q11858168	6000000051077437833
Q11858169	6000000003561083265
Q11858173	6000000009654689129
Q11858175	6000000002122927533
Q11858178	6000000002686397069
Q11858185	6000000007340863325
Q11858191	6000000007512032119
Q118582183	6000000187708466828
Q118582185	6000000187707482966
Q11858258	6000000009664266324
Q11858259	6000000024693896876
Q11858270	6000000180125867827
Q11858292	6000000034362271466
Q118582925	6000000194802851915
Q118582938	6000000006128227644
Q11858300	6000000178149112949
Q118583015	6000000035822666650
Q118583023	6000000194803384846
Q11858316	6000000022581294363
Q11858317	6000000032182781119
Q11858319	6000000044035905122
Q11858324	6000000021183509443
Q118583259	6000000194804739867
Q11858330	6000000010581886947
Q11858332	6000000004170733095
Q11858339	6000000011056675032
Q11858341	6000000019613111301
Q118583488	6000000181805751907
Q11858351	6000000180116226864
Q11858352	6000000003824865551
Q11858355	6000000006755582889
Q118583601	6000000026919852476
Q11858361	6000000167605860821
Q11858365	6000000182537025868
Q11858366	6000000077425547869
Q11858374	6000000025592950921
Q11858377	6000000008246483417
Q11858380	6000000020612465270
Q11858382	6000000079107419717
Q11858384	6000000022748560896
Q11858391	6000000139496564033
Q11858393	6000000008230438132
Q11858399	6000000029760996902
Q11858407	6000000007812448426
Q11858408	6000000040331584952
Q11858414	6000000174533081553
Q11858420	6000000044847739911
Q11858422	6000000001389335398
Q11858428	6000000036187350224
Q11858429	6000000031611957648
Q11858430	6000000031836223239
Q11858437	6000000088621150831
Q11858442	6000000011129594563
Q11858450	6000000024131230880
Q11858452	6000000020500645225
Q11858457	6000000177976143900
Q11858477	6000000040798573708
Q11858489	6000000000195621936
Q11858491	6000000000446039200
Q11858494	6000000011629413585
Q11858495	6000000002406907995
Q11858496	6000000046412332948
Q11858498	6000000007272396111
Q11858499	6000000015326788325
Q11858502	6000000006411704465
Q11858505	6000000012475316563
Q11858507	6000000009197161110
Q11858508	6000000003910415631
Q11858509	6000000000593379030
Q11858510	6000000014086063076
Q11858516	6000000036740793528
Q11858518	6000000040926502449
Q11858519	6000000001251604211
Q11858570	6000000035252180271
Q11858669	6000000003230207685
Q11858683	6000000052598647977
Q11858690	6000000088310974029
Q11858699	6000000056162984022
Q11858708	6000000109033194082
Q11858718	6000000059650756858
Q11858736	6000000037730393918
Q11858746	6000000075250915071
Q11858757	6000000093272235061
Q11858844	6000000003116730048
Q11858846	6000000043764541219
Q11858848	6000000000011242958
Q11858849	6000000003041046489
Q11859006	6000000019033945154
Q11859009	6000000003059104426
Q118590586	6000000019318607502
Q118590778	6000000194809504823
Q11859116	6000000003063127562
Q11859117	6000000006951570050
Q11859120	6000000007710939538
Q11859122	6000000069895958905
Q11859124	6000000056814358888
Q118591244	6000000019334767058
Q11859127	6000000027647978937
Q11859128	6000000016706361524
Q11859133	6000000002765606689
Q11859134	6000000030052299487
Q11859138	6000000019160917294
Q11859158	6000000071538709897
Q11859171	6000000040887765882
Q11859173	6000000053327066889
Q118591798	6000000194813165858
Q11859180	6000000007216618590
Q11859181	6000000143220793893
Q11859183	6000000009061641104
Q11859184	6000000007249538475
Q118591966	6000000052866052221
Q118591983	6000000011551527461
Q11859203	6000000008111454615
Q11859217	6000000007044525548
Q11859333	6000000020178905326
Q118593552	6000000194817023821
Q11859369	6000000149455340853
Q11859373	6000000007060207052
Q11859440	6000000113711338869
Q11859458	6000000025899979016
Q11859459	6000000041352675854
Q11859495	6000000008714121060
Q11859500	6000000007250252528
Q11859545	6000000003782159501
Q11859546	6000000032722138061
Q11859547	6000000007304504119
Q118595473	6000000007951779797
Q11859716	6000000011280527054
Q11859717	6000000038565454952
Q11859750	4083628104200125128
Q118598	6000000151124210868
Q11859928	6000000012662266847
Q11859933	6000000143599163876
Q11859934	6000000008099066043
Q11859936	6000000018561394795
Q11859941	6000000181603647845
Q11859953	6000000151419278822
Q11859954	6000000083538975151
Q11859961	6000000000112865151
Q11859971	6000000005442277020
Q11859974	6000000179070418872
Q11859977	6000000003398225289
Q11860	6000000013956164041
Q11860019	6000000016323902876
Q11860020	6000000012885126551
Q11860021	6000000174119455369
Q11860022	6000000131854243822
Q11860024	6000000020179769157
Q11860031	6000000029885496783
Q11860034	6000000008089292641
Q11860035	6000000003098136622
Q11860037	6000000012544202281
Q11860039	6000000003058889034
Q11860044	6000000048138516973
Q11860045	6000000000011341183
Q11860050	6000000005481421001
Q11860052	6000000006127147680
Q11860056	6000000016225836439
Q11860057	6000000008205720160
Q11860086	6000000026866260514
Q11860091	6000000034934795218
Q1186024	6000000096349558999
Q11860254	6000000006402167434
Q11860256	6000000004655698186
Q11860256	6000000069756254559
Q11860261	6000000010956021085
Q11860263	6000000000041623067
Q11860327	6000000005654897998
Q118603550	6000000040291672256
Q11860376	6000000003666460758
Q11860383	6000000000150740086
Q11860393	6000000011356103293
Q11860407	6000000182016815833
Q11860417	6000000001229547668
Q11860424	6000000000626804686
Q11860426	6000000003664722198
Q11860428	6000000002990892043
Q11860429	6000000019494435740
Q11860430	6000000029175298414
Q11860434	6000000072504878099
Q11860473	6000000022304878578
Q118605142	6000000158163531827
Q11860533	6000000021439114240
Q11860605	6000000017206722905
Q118606466	6000000031285325981
Q11860680	6000000002579143385
Q11860681	5620421043010089792
Q11860718	6000000001823809323
Q11860739	6000000003155813132
Q11860742	6000000007732495237
Q11860744	6000000005639871010
Q11860746	6000000003657053373
Q11860756	6000000009631906313
Q11860758	6000000137648078822
Q11860760	6000000056457787855
Q11860764	6000000004405464787
Q11860772	4981259341290108417
Q11860775	6000000024010272257
Q11860777	6000000000014226480
Q11860780	6000000002067072980
Q11860782	6000000003098255094
Q11860784	6000000000151806912
Q11860790	6000000008089216613
Q11860792	6000000000623916259
Q11860793	6000000003150399966
Q11860795	5499864001500116808
Q11860800	5673228978090115127
Q11860801	6000000010956355980
Q11860808	6000000020534253052
Q11860809	6000000000155748975
Q11860812	6000000000147300740
Q11860819	6000000002272195583
Q11860820	6000000008742081218
Q11860838	6000000002068459124
Q11860857	6000000000800505232
Q11860859	6000000000298436571
Q118608707	6000000106607483971
Q11860872	6000000001866291971
Q118610465	6000000025620685416
Q118610813	6000000006372385026
Q118611218	6000000194833708910
Q118611391	6000000053338461132
Q11861291	6000000008596949160
Q11861326	6000000060188801410
Q11861337	6000000065132025011
Q11861369	286597616360001460
Q11861370	6000000059930647218
Q11861382	5105986258360063625
Q11861452	6000000047975122132
Q11861468	6000000001865773260
Q11861475	6000000006253433055
Q11861477	6000000001190071707
Q11861484	6000000004140295434
Q11861512	6000000000011278695
Q11861517	6000000006762191343
Q11861518	6000000026028744384
Q11861583	6000000031382350221
Q11861620	6000000024229371027
Q11861632	6000000051021840102
Q11861637	6000000015251353774
Q11861644	6000000024799608297
Q11861652	6000000025610426468
Q11861657	6000000015072561279
Q11861658	6000000005958319013
Q11861663	6000000000291216106
Q11861678	6000000005434951033
Q11861802	6000000055062586898
Q11861805	6000000006835664798
Q11861809	6000000004398234484
Q11861810	6000000001354192085
Q11861815	6000000003993949027
Q11861818	6000000002370646703
Q11861819	6000000000011236707
Q11861820	6000000083157129038
Q11861827	6000000011422153422
Q11861828	6000000030556585843
Q11861843	6000000041275890339
Q11861855	6000000007022587225
Q11861856	6000000010713236229
Q11861885	6000000089739511957
Q11861887	6000000139344722821
Q11861889	6000000069652037034
Q11861900	6000000006835674726
Q11861902	6000000134976518894
Q11861915	6000000001881911070
Q11861918	6000000030204306397
Q11861920	6000000044473488669
Q11861947	6000000086697765889
Q11861949	6000000094632629934
Q11862055	6000000011309512049
Q11862066	6000000003954873597
Q11862067	6000000110214141225
Q11862075	6000000039415916326
Q11862086	6000000055862552833
Q11862088	6000000013675300016
Q11862089	6000000063269681836
Q11862090	6000000000431113842
Q11862091	6000000003800872959
Q11862098	6000000037687861192
Q11862223	6000000140682416822
Q11862227	6000000054000862908
Q11862238	6000000087092951847
Q11862273	6000000032804567506
Q11862304	6000000003956307918
Q11862307	6000000003276308829
Q11862309	6000000028021907593
Q11862316	6000000015325760576
Q11862320	6000000000018291652
Q11862327	6000000025566767079
Q11862328	6000000010679760877
Q11862329	6000000001877081381
Q11862331	6000000003298758420
Q11862333	6000000003298724412
Q11862334	6000000001096970142
Q11862339	6000000001882434504
Q11862340	6000000018980203327
Q11862341	6000000000231232831
Q11862345	6000000007977837939
Q11862351	6000000006270886172
Q11862354	6000000040438391957
Q11862357	6000000008046169886
Q11862391	6000000001502228409
Q11862398	6000000001380762320
Q11862399	6000000004556721862
Q11862403	6000000183190071853
Q11862407	6000000000011311406
Q11862414	6000000011214066799
Q11862457	6000000038256437182
Q11862594	6000000040661756907
Q11862598	6000000024502577649
Q11862600	6000000064312169874
Q11862607	6000000070984106003
Q11862614	6000000040875884608
Q11862628	6000000174556527822
Q11862630	6000000039398504216
Q11862635	6000000022876210489
Q11862641	6000000175977828852
Q118628608	5427414089860027505
Q118629	6000000000199726887
Q11863196	6000000084118678726
Q11863469	6000000022206006790
Q11863477	6000000003556654099
Q1186349	6000000007079416013
Q11863493	6000000015554201686
Q11863528	6000000002611116933
Q11863529	6000000000617999449
Q11863532	6000000000084767653
Q11863729	6000000003253430042
Q11863731	6000000090234636884
Q11863737	6000000023872919972
Q11863866	6000000003213672029
Q11863872	6000000087571836986
Q11864144	6000000106636441241
Q11864145	6000000004180035813
Q11864147	6000000002379765208
Q11864190	6000000003824762918
Q11864284	6000000005550588228
Q11864377	6000000085276395839
Q11864378	6000000000574189177
Q11864389	6000000039099428263
Q11864417	6000000011146916580
Q118644573	6000000186237425210
Q11864459	6000000007174345504
Q118644900	6000000037561726747
Q118645008	6000000024088279090
Q118645046	6000000107692454067
Q118645082	6000000194865938833
Q118645154	6000000194865319898
Q118645176	6000000014344327530
Q118645225	6000000078509897073
Q11864530	321994214770001817
Q1186457	6000000069538436137
Q11864614	6000000038880557335
Q11864617	6000000006796925202
Q11864623	6000000005616995070
Q11864627	6000000027360448505
Q11864629	6000000017859659768
Q11864634	6000000003249531592
Q11864640	6000000000726913593
Q11864642	6000000180062325982
Q11864652	6000000117410138871
Q118646530	6000000013820727133
Q11864656	6000000003351918774
Q11864657	6000000028878723997
Q11864660	6000000004953375981
Q11864677	6000000004748554090
Q11864678	6000000011821728732
Q11864682	6000000013301221501
Q11864683	6000000007618892266
Q11864687	6000000007369574015
Q11864690	6000000009311920617
Q11864692	6000000132266402901
Q11864715	6000000029555994439
Q11864785	6000000058702933099
Q11864816	6000000004034041156
Q11864850	6000000003811710813
Q11864874	6000000097626411897
Q11864881	6000000040043794114
Q11864882	6000000006579278268
Q11864890	6000000001850907317
Q11864967	6000000046807399996
Q11864969	6000000043653305295
Q11865009	6000000136840072821
Q11865026	6000000009696752350
Q11865030	6000000011751464020
Q11865031	6000000072101516407
Q11865049	6000000003604794892
Q11865063	6000000016420627951
Q11865082	6000000112856455945
Q11865086	6000000023881468016
Q11865099	6000000057062819837
Q11865100	6000000005962059347
Q11865101	6000000002227514434
Q11865103	6000000017149893015
Q11865151	6000000007106691324
Q11865248	6000000004140210908
Q1186537	6000000003255933082
Q11865387	6000000000011690948
Q11865388	6000000030924578960
Q11865392	6000000005585102394
Q11865406	6000000084364027081
Q11865411	6000000007223945598
Q11865425	6000000010138067434
Q11865455	6000000006725814293
Q11865465	6000000006789406399
Q11865477	6000000020127449002
Q11865483	6000000011569490826
Q11865488	6000000140460371875
Q11865495	6000000037050469558
Q11865506	6000000024790312384
Q11865519	6000000178912397847
Q11865520	6000000000572513031
Q11865529	6000000004114477213
Q11865550	6000000127553598874
Q11865553	6000000081432149918
Q11865555	6000000003759563974
Q11865557	6000000010330431728
Q11865560	328837354080002249
Q11865565	6000000000700233025
Q11865567	6000000050886702947
Q11865654	6000000002749014115
Q11865655	6000000010693572513
Q11865657	6000000004144375308
Q11865659	6000000019266859537
Q11865662	6000000000082329003
Q11865665	6000000106217543830
Q1186569	6000000011842278290
Q11865765	6000000069245204828
Q11865779	6000000007709289025
Q11865786	6000000007175702371
Q11865793	6000000021133698657
Q11865800	6000000032494448869
Q11865803	6000000061641139821
Q11865809	6000000060188852215
Q11865812	6000000051869159948
Q11865824	6000000099948642843
Q11865875	6000000184154392893
Q11866089	6000000055620902917
Q11866137	6000000027275350245
Q11866192	6000000078417780076
Q11866198	6000000011043814523
Q118662	6000000042129181339
Q11866272	6000000024679382866
Q11866273	6000000003037181418
Q11866340	6000000167974877093
Q11866342	6000000011647608861
Q11866343	6000000098158348307
Q11866345	6000000022277959316
Q11866485	5450518746980042099
Q11866560	6000000004117655986
Q11866568	6000000009737292732
Q11866570	6000000140255056860
Q11866571	5438265457230125201
Q11866573	6000000045009169915
Q11866576	6000000019149455266
Q11866580	5563887607860082557
Q11866582	6000000000126823852
Q11866584	6000000007818860436
Q11866588	5308865403230111648
Q11866593	6000000002782909665
Q11866597	6000000008438904066
Q11866603	6000000002311341494
Q11866606	6000000013998162206
Q11866620	6000000007441870319
Q11866626	6000000004878799093
Q11866627	6000000008510565389
Q11866630	6000000056312908842
Q11866632	6000000024278982304
Q11866636	6000000088867162887
Q11866641	6000000011723315307
Q11866679	6000000183526750862
Q11866687	6000000007344631554
Q11866688	6000000001884238028
Q11866689	6000000069768771860
Q1186669	6000000020396897333
Q11866690	6000000007168659876
Q11866694	6000000000285222891
Q11866711	6000000005404611096
Q11866713	6000000000378857282
Q11866718	6000000028726974840
Q11866741	6000000006579020265
Q11866756	6000000011135058584
Q11866759	6000000000664206590
Q11866762	6000000128532313877
Q11866771	6000000061769394902
Q11866774	6000000052368898137
Q11866775	6000000004009704435
Q11866862	6000000007511832349
Q11866867	6000000013945577496
Q11866963	6000000013004756487
Q11866969	6000000008771150871
Q11866985	6000000066650333865
Q11867031	6000000119005915852
Q11867066	6000000006577088390
Q11867079	6000000007669135434
Q11867160	6000000120605937918
Q11867176	6000000177917397845
Q11867179	6000000044554496972
Q11867183	6000000008409847570
Q11867201	6000000084659844821
Q11867301	6000000065587239966
Q118673032	6000000194885252831
Q11867419	6000000124440808845
Q11867428	6000000172862259708
Q11867441	6000000006371992503
Q11867444	6000000001157126064
Q11867448	6000000037049729435
Q11867464	6000000049272867907
Q11867478	6000000093203952297
Q11867481	6000000059364919974
Q118674817	6000000003493265023
Q11867501	6000000020372405580
Q11867529	6000000052564277912
Q11867532	6000000144665069867
Q11867560	6000000089154972930
Q11867572	6000000074997166866
Q11867574	6000000002214358197
Q11867585	6000000171875894942
Q11867595	6000000163854318847
Q11867599	6000000068883513837
Q11867601	6000000007150556321
Q11867605	6000000090168093821
Q11867615	6000000010502930787
Q11867624	6000000029422472043
Q11867627	6000000010874935452
Q118676354	6000000015796787534
Q11867641	6000000007803497941
Q118676452	6000000015796682935
Q11867648	6000000007009137342
Q11867673	6000000006802421044
Q11867711	6000000111793169842
Q11867807	6000000003260827482
Q11867811	6000000180341452076
Q11867824	6000000075885686920
Q11867847	6000000000424708050
Q11867859	6000000003790620584
Q11867862	336854892680003134
Q11867865	6000000002800045734
Q11867956	6000000012286810419
Q11868017	6000000036465964264
Q11868028	6000000176759725840
Q11868042	6000000151428099304
Q11868045	6000000052445773842
Q11868056	6000000007583942251
Q11868069	6000000006900673959
Q11868070	6000000018971749469
Q118680796	6000000083122626958
Q11868082	6000000078541157941
Q11868092	6000000068481402207
Q118680934	6000000015226697049
Q11868098	6000000113176157854
Q11868104	6000000062110077015
Q11868117	6000000047400542646
Q11868157	6000000000014539083
Q11868169	6000000036624804404
Q11868181	6000000024156356738
Q11868200	6000000028990504204
Q11868249	6000000071142846828
Q11868577	6000000008529367448
Q11868585	5570685002450138406
Q11868588	6000000006768443317
Q11868593	4171998223800062327
Q11868596	6000000007041422549
Q11868703	6000000022047080351
Q11868710	6000000174427476362
Q11868718	6000000029760255698
Q11868720	6000000078214178451
Q11868731	6000000009259796053
Q11868735	6000000022228479545
Q11868738	6000000028279521198
Q11868745	6000000027817263142
Q11868750	6000000089287807876
Q11868754	6000000015756114453
Q11868757	6000000006411080256
Q11868759	6000000085501746837
Q11868764	6000000007378508256
Q11868768	6000000086538772304
Q11868771	6000000067652702856
Q11868772	6000000150425920822
Q11868776	6000000138956311872
Q11868779	6000000019510405107
Q11868783	6000000038111963056
Q11868786	6000000088933419019
Q11868789	6000000179900057877
Q11868796	6000000006715394505
Q11868810	6000000006900594914
Q11868813	6000000019306134658
Q11868887	6000000037830319383
Q11868903	6000000007393382650
Q11868913	6000000020730319285
Q11868925	6000000183791152915
Q11868983	6000000071530324821
Q11869	6000000002040323796
Q118690	6000000049403082955
Q11869057	6000000026891652319
Q11869065	6000000008241425448
Q1186915	6000000032325606833
Q11869288	6000000002359807449
Q11869297	6000000082307729186
Q11869298	6000000032511005905
Q11869300	6000000030641076706
Q11869302	6000000058199328000
Q11869315	6000000016932700983
Q11869361	6000000000249394613
Q11869366	6000000062998759905
Q11869372	6000000007710673172
Q11869379	6000000024488613041
Q11869389	6000000067476507875
Q11869391	6000000090374301002
Q11869393	6000000139032502822
Q11869403	6000000176707165837
Q11869409	6000000035459022882
Q11869411	6000000011612282139
Q11869417	6000000035540435096
Q11869424	6000000055785540831
Q11869436	6000000083665487823
Q11869437	6000000082577327893
Q11869441	6000000184968144853
Q118696137	6000000013507092310
Q118696141	6000000013223571429
Q118697349	6000000013222119128
Q118697408	6000000013222119132
Q118698041	6000000019932966254
Q11869921	6000000075948889901
Q11869940	6000000052169910935
Q11869977	6000000128661976862
Q11870025	6000000083431938840
Q11870037	6000000002675175934
Q11870113	6000000004139833385
Q11870121	6000000000619935510
Q11870123	6000000010321565256
Q11870125	5620518154940112570
Q11870126	6000000153914235837
Q11870132	6000000002276940185
Q11870138	6000000002552144138
Q11870146	6000000038165020710
Q11870147	6000000007015607018
Q11870156	6000000007087451501
Q11870160	6000000010778387322
Q11870248	6000000011044703885
Q118703	6000000124370905826
Q11870398	6000000002778256248
Q11870399	6000000007304826205
Q11870505	6000000132307533016
Q11870520	6000000102772351945
Q11870577	6000000006283136530
Q118706108	6000000194902262826
Q118708635	6000000084792807199
Q11871023	6000000077052649026
Q11871031	6000000007304482993
Q11871036	6000000036307687871
Q118711	6000000034298627446
Q11871501	6000000161949312821
Q11871798	6000000006802030801
Q11871799	6000000136544830920
Q11871800	6000000082316435940
Q11871801	6000000007392898466
Q11871802	6000000097882114821
Q11871948	6000000169764431992
Q11871968	6000000043404992948
Q11871972	3616194
Q11871974	6000000024278978301
Q118719770	6000000007586114201
Q118720077	6000000187708511844
Q11872012	6000000071331023828
Q11872015	6000000033979231446
Q11872018	6000000002090912440
Q11872019	6000000042220801130
Q11872021	6000000006237518175
Q11872025	6000000000583938523
Q11872026	6000000090360307958
Q118721	6000000091841867859
Q1187225	6000000069539235186
Q11872360	6000000000487250233
Q11872365	6000000007288335090
Q11872368	6000000020451214183
Q11872376	6000000056306144839
Q11872383	6000000004097657978
Q118725	6000000015204531833
Q118725747	6000000194915067845
Q118725775	6000000194915697826
Q118726196	6000000031735683019
Q118726817	6000000009958372694
Q118727354	6000000005230462202
Q11872786	6000000137816247932
Q11872789	6000000026794714532
Q11873027	5678900331730050291
Q11873037	6000000000694752123
Q11873126	6000000186289883345
Q118732507	6000000187155281823
Q11873262	6000000008195940400
Q118733271	6000000185342374104
Q118733353	6000000194929748900
Q118733526	6000000061619739311
Q11873676	6000000004883906963
Q11873677	6000000038613170246
Q11873701	6000000075272557486
Q11873720	6000000022732318362
Q11873911	6000000040398847868
Q11873913	6000000022871776821
Q11873916	6000000030869799468
Q11873917	6000000001096371673
Q11873922	6000000002723671150
Q118739292	6000000000112855146
Q118740	6000000076188420995
Q118742325	6000000027574177096
Q118742360	6000000048312064846
Q11874249	6000000010181720896
Q118744194	6000000001828760484
Q118744197	6000000010468455030
Q118744198	6000000009187882719
Q118744216	6000000013579579356
Q118744230	6000000013579202602
Q118744232	6000000013536890134
Q118744284	6000000007036724419
Q11874431	6000000022290738731
Q11874443	6000000006755826506
Q11874445	6000000042738785520
Q11874465	6000000035141635378
Q118744903	331660972350001669
Q118746611	6000000013546904536
Q118746923	6000000015518674339
Q11874743	6000000016651491819
Q11874744	6000000001329821591
Q11874751	6000000004064299917
Q11874752	6000000008007283621
Q11874811	6000000076376849014
Q11874814	6000000024915549111
Q11874831	6000000006605739107
Q11874832	6000000020876960883
Q11874841	6000000195814363842
Q11874977	6000000084152656832
Q11874983	6000000004155994511
Q11874986	6000000094617416343
Q11875016	6000000080457403943
Q11875019	6000000026746577258
Q11875021	6000000055797216832
Q11875024	6000000008285459754
Q11875030	6000000007924769309
Q1187504	6000000013446150033
Q11875055	6000000007175872043
Q11875057	6000000019782365832
Q11875062	6000000036133138875
Q11875093	6000000031635069251
Q11875107	6000000006608506408
Q11875116	6000000080090755873
Q11875122	6000000097880115287
Q11875130	6000000022674819841
Q11875147	6000000100088474956
Q11875152	6000000003808118768
Q11875203	4166462298320047931
Q11875205	6000000086590023144
Q11875214	6000000003339735737
Q11875233	6000000018182929367
Q1187531	6000000075501890269
Q11875364	6000000038885420946
Q11875429	6000000128736079928
Q11875434	6000000120180310829
Q11875451	6000000140484629845
Q1187549	6000000004957867788
Q11875544	6000000007112574470
Q11875554	6000000044088156902
Q11875570	6000000022149778278
Q11875582	6000000032385274181
Q11875590	6000000019161021669
Q11875595	6000000001876835600
Q118756881	6000000105020047939
Q11875725	6000000011571422813
Q11875829	6000000077364440168
Q11875832	6000000057347426891
Q11875853	6000000069559308125
Q11875861	6000000083072164050
Q11875905	6000000015692473790
Q11875928	6000000032894394956
Q11875932	6000000173125868887
Q1187617	6000000014417128155
Q11876198	6000000003367215558
Q11876241	6000000003058583726
Q11876251	6000000165656327168
Q11876282	6000000024261767120
Q118762864	6000000055070874044
Q118763423	6000000055073105918
Q11876365	6000000038705863221
Q118764051	6000000055074868840
Q118764579	6000000055075889894
Q118765491	6000000055076119954
Q118765583	6000000007271962891
Q118765963	6000000055074796889
Q118766121	6000000024668428833
Q11876901	6000000016563958307
Q1187698	6000000083456659931
Q118774	6000000012268705580
Q118774415	6000000034843649097
Q118775	6000000091344028827
Q118779950	6000000194073293821
Q118779987	6000000193707340057
Q118779994	6000000194073158834
Q118780004	6000000194073196834
Q118780293	6000000019488535489
Q11878073	6000000064113018123
Q11878076	6000000056460285017
Q11878239	6000000173879242239
Q11878260	6000000180948169836
Q11878262	6000000035430217021
Q11878336	6000000182993655839
Q11878391	6000000177120444831
Q11878394	6000000188696401831
Q11878404	6000000190102705734
Q11878410	6000000083589486055
Q11878418	6000000055953142887
Q11878422	6000000182405032911
Q11878431	6000000130449999904
Q11878433	6000000043012638831
Q11878442	6000000030915778164
Q11878458	6000000081962024321
Q11878460	6000000018689637200
Q11878467	6000000084049994355
Q11878543	6000000008526016276
Q11878571	6000000064109749936
Q11878572	6000000001742430134
Q11878592	6000000081303630475
Q11878599	6000000002761344145
Q11878610	6000000078340546315
Q118786419	6000000194978685883
Q11878650	6000000210824909822
Q11878674	6000000057248021997
Q11878676	6000000163746136514
Q11878683	6000000207291075822
Q11878907	6000000067924048821
Q118791996	6000000012428962716
Q11879220	6000000012617446128
Q118792408	6000000011643232427
Q11879330	6000000022850523412
Q11879350	6000000067587535919
Q11879354	6000000036911688307
Q11879374	6000000020398083619
Q11879411	6000000021676167490
Q11879564	6000000071319240084
Q11879774	6000000004883872193
Q118798789	6000000194961840870
Q118798792	6000000194978883907
Q11879925	6000000031887677081
Q11879928	6000000085480270398
Q11880510	6000000002551152573
Q11880517	4214328329500075269
Q11880545	6000000134407909836
Q11880560	6000000017196442604
Q11880581	6000000010753117392
Q11880589	6000000004145708956
Q11880621	6000000042831375908
Q11880688	6000000015547169623
Q118807479	6000000128584008843
Q11880847	6000000004170639544
Q11880875	6000000002370582075
Q11880879	6000000001389326473
Q118808822	6000000194984966827
Q11880885	6000000035369376461
Q11880894	6000000113814709175
Q11880895	6000000174006119126
Q11880951	6000000098175415825
Q11880961	6000000000481770472
Q11880970	6000000090900086463
Q11880972	6000000010964996782
Q11880977	6000000001687178421
Q11880993	6000000011852366281
Q11881	6000000000426801888
Q118810	6000000191452769832
Q11881088	6000000079939080149
Q11881146	6000000091373277825
Q11881187	6000000027576946216
Q118811925	6000000194984282862
Q11881241	6000000073351014125
Q11881275	6000000090199488975
Q11881276	6000000056168690024
Q11881279	6000000051565529871
Q11881286	6000000018199639914
Q11881291	6000000071398279953
Q11881293	6000000035929245690
Q11881295	6000000045472911084
Q11881299	6000000012387710071
Q11881301	6000000007529946202
Q11881306	6000000034912522841
Q11881313	6000000072896377876
Q11881323	6000000034818830859
Q11881327	6000000004190857353
Q11881328	6000000007606165471
Q11881331	6000000012968753188
Q11881332	6000000006802444333
Q11881333	6000000016933282126
Q11881337	6000000000001400115
Q11881339	6000000041708749904
Q11881340	6000000007218199058
Q11881349	6000000011879869389
Q11881350	6000000022698176542
Q11881353	6000000011928537124
Q11881359	6000000032945439871
Q11881360	6000000013895381318
Q11881364	6000000034650088215
Q11881387	6000000008049290016
Q11881445	6000000037142114062
Q11881446	6000000015067367167
Q118814960	6000000194985440836
Q11881532	6000000037515046835
Q11881534	6000000022652586580
Q11881540	6000000016309485474
Q11881541	6000000084607795709
Q11881561	6000000174594086856
Q11881571	6000000092749992828
Q11881576	6000000001916101862
Q11881577	6000000169838239822
Q11881592	6000000009064351834
Q11881617	6000000001140820785
Q11881622	6000000095450692970
Q11881626	6000000017860309522
Q11881640	6000000024153234010
Q11881650	6000000088060493821
Q11881652	6000000149948987100
Q11881657	6000000007605593142
Q11881662	6000000082967382492
Q11881670	6000000054920682955
Q11881695	6000000189659347204
Q11881713	6000000086847906847
Q11881732	6000000025740612222
Q11881743	6000000002224047536
Q11881768	6000000063376010827
Q11881772	6000000047748383112
Q11881781	6000000088022338927
Q11881782	6000000006354521165
Q11881785	6000000006126061420
Q11881788	6000000021583331384
Q11881790	6000000061504946035
Q11881814	6000000036073888455
Q11881828	6000000067131852000
Q11881858	6000000017147456753
Q11881860	6000000019567483349
Q11881869	6000000007224628394
Q11881872	6000000004884007330
Q11882443	6000000003527785473
Q11882523	6000000179137417836
Q118825236	6000000023286661837
Q11882539	6000000088445949821
Q11882622	6000000007708909667
Q11882863	6000000038358764784
Q11882871	6000000002800090387
Q11882874	6000000022768447319
Q11882976	6000000027432013921
Q11883257	6000000032673207027
Q118833	6000000031850838068
Q11883784	6000000005442289905
Q11883891	6000000000144442220
Q11883977	6000000006127899418
Q11883981	6000000007711876412
Q11883982	6000000151252271837
Q118841154	6000000007426557294
Q11884174	6000000004116864173
Q1188421	6000000000046535192
Q11884317	6000000063814731922
Q11884322	6000000001729685240
Q11884357	6000000016289846711
Q11884361	6000000041473467511
Q11884369	6000000054680727852
Q11884373	6000000035039621118
Q11884376	6000000164476122065
Q11884378	6000000053223980137
Q11884380	6000000018079673977
Q11884381	6000000010184104956
Q11884383	6000000084807274972
Q11884389	6000000015424258589
Q11884391	6000000083040626925
Q11884393	6000000013676167755
Q11884395	6000000061828121822
Q11884399	6000000060820375385
Q11884402	6000000011067704386
Q11884456	6000000007678638684
Q11884484	6000000017350214728
Q11884488	6000000003580806153
Q11884490	6000000031591525750
Q11884498	6000000006840955224
Q11884500	6000000002731897634
Q11884503	6000000004143835338
Q11884505	6000000003241925043
Q11884506	6000000004180565099
Q11884507	6000000002374474525
Q11884509	6000000013752693492
Q11884512	6000000064115990212
Q11884515	6000000004190605896
Q11884517	6000000004459878030
Q11884519	6000000003482340214
Q11884521	6000000004445382011
Q11884522	6000000003570661774
Q11884721	6000000011469521968
Q11884759	6000000027744734008
Q118847606	6000000194994720848
Q118847700	6000000195025284850
Q118849375	6000000012428709088
Q11885	6000000014300533694
Q1188501	6000000112674120950
Q11885061	6000000008238029407
Q11885066	6000000005484395011
Q11885191	6000000057604004876
Q11885211	6000000000658186128
Q11885212	6000000001850959005
Q11885215	6000000020114900973
Q11885220	6000000018208069481
Q11885253	6000000040509965878
Q11885257	6000000215946717831
Q11885260	6000000008769791918
Q11885263	6000000177315959846
Q11885274	6000000025001246397
Q11885280	6000000168137498839
Q11885284	6000000016053912762
Q11885296	6000000181415734822
Q11885298	6000000000290097694
Q11885300	6000000054560591931
Q11885303	6000000090122588075
Q11885305	6000000010961736435
Q11885321	6000000061706044420
Q11885335	6000000008984759709
Q11885340	6000000020350089589
Q11885341	6000000162831185822
Q11885361	6000000005885984002
Q11885414	6000000007471995737
Q11885417	6000000041173248960
Q11885426	6000000039580316547
Q11885430	6000000100270552081
Q11885437	6000000087574744920
Q11885438	6000000182078640828
Q11885439	6000000038400052303
Q11885449	6000000006901276233
Q11885473	6000000021235115277
Q11885478	6000000007803473247
Q11885481	6000000008670119495
Q11885488	6000000083946397136
Q11885598	6000000004748579001
Q11885599	6000000173319078669
Q11885602	6000000071844443854
Q11885606	6000000100088805955
Q11885607	6000000111993149832
Q11885608	6000000029012372586
Q11885610	6000000185284472848
Q11885612	6000000038195199819
Q11885616	6000000063300085045
Q11885621	6000000138134041864
Q11885622	6000000028229393486
Q118857	6000000026884038557
Q11885836	4222911114880055688
Q11885852	6000000038102551215
Q11885854	6000000013091181232
Q11885856	6000000141612082852
Q11885860	6000000009997835780
Q11885869	6000000039256015295
Q11885872	6000000035608772819
Q11885878	6000000008246922435
Q11885879	6000000038630351171
Q11885885	6000000006740552224
Q11885897	6000000013241329819
Q11885899	6000000076771288002
Q11885907	6000000008771212111
Q11885926	6000000006785489739
Q11885931	6000000124624202397
Q11885956	6000000007803623461
Q11885993	6000000007288672556
Q11886010	6000000073804166280
Q11886018	6000000000589391482
Q11886027	6000000009909500861
Q11886036	6000000111867791897
Q11886038	6000000011172843168
Q11886039	6000000001044887430
Q11886043	6000000037597760032
Q11886045	6000000180639134936
Q11886198	6000000008770244353
Q118862442	6000000017810709836
Q11886255	6000000019219915690
Q11886256	6000000016231648513
Q11886260	6000000069432848257
Q11886261	6000000000424930469
Q11886263	6000000027817027018
Q11886272	6000000004170564089
Q11886274	6000000006845696814
Q11886278	6000000004178652395
Q11886297	6000000020558950442
Q11886300	6000000012968667553
Q11886305	6000000009509797566
Q11886306	6000000072725737231
Q11886310	6000000178532087874
Q11886313	6000000044240464914
Q11886317	6000000030951553685
Q11886320	6000000175632281871
Q118864471	6000000003943190979
Q118864568	6000000008113144991
Q118864573	6000000003940284667
Q118864574	6000000000688963868
Q118864576	6000000003938691894
Q118864585	6000000013389210250
Q118864587	6000000013386003952
Q118864591	6000000013394976192
Q118864594	6000000003943200159
Q118864697	6000000013386003957
Q118864754	6000000003357577095
Q118864755	6000000003658779350
Q118864760	6000000006907059514
Q118865266	3071528
Q118866	6000000007076113540
Q11886636	6000000042759043578
Q118867512	6000000017516272218
Q118867536	6000000006907092499
Q118867539	6000000000426618168
Q118867541	6000000008260454770
Q118867671	6000000007684481354
Q118867689	6000000010492041326
Q118867692	6000000007326859533
Q118867693	6000000007954849849
Q118867694	6000000002930832885
Q118867751	6000000008302047580
Q118867758	6000000000795177278
Q118867784	6000000006290159081
Q118867786	6000000013127427646
Q118867787	6000000000438054357
Q118867789	6000000007289977471
Q118867800	6000000024115308731
Q118867801	6000000003937625673
Q118867802	6000000008260425691
Q118867830	6000000013389113345
Q118868497	6000000008591828162
Q118868732	6000000023451986678
Q118868734	6000000001180346008
Q118868779	3953542
Q118868780	6000000195015712828
Q118868821	6000000195015176869
Q118868989	6000000016034616747
Q118868989	6000000195386603080
Q118868992	6000000029324796275
Q118868992	6000000195386603123
Q118868994	6000000023870856476
Q118868995	6000000004237809139
Q118869004	6000000017772213059
Q118869005	6000000016034591552
Q118869028	6000000002351125020
Q118869069	6000000020208315624
Q118869071	6000000016594430694
Q118869073	6000000016499676331
Q118869076	6000000010192061846
Q118869098	6000000016594418393
Q118869099	6000000005598199362
Q118869102	6000000002447292529
Q118869104	6000000002225144954
Q118869109	6000000005598199327
Q118869111	6000000010153920319
Q118869112	6000000001199955914
Q118869134	6000000020208505103
Q118869136	6000000019337625633
Q118869137	3241731
Q118869140	306166386640003861
Q118869141	6000000013366510629
Q118869189	6000000019337648326
Q118869190	6000000016727014294
Q118869192	6000000008415499906
Q11886929	6000000003910277447
Q11886946	6000000008587237258
Q118869465	6000000037908505621
Q118869555	6000000006346531817
Q118869572	6000000019912135944
Q118869593	6000000067465979133
Q118869595	6000000006347148243
Q118869627	6000000011451952887
Q118869751	6000000001180089392
Q118869752	6000000002698391606
Q118869765	6000000002698475360
Q118869807	6000000011071453422
Q118869862	6000000011060411093
Q11886989	6000000009262362498
Q11887	6000000012412777216
Q11887057	6000000014546614518
Q11887060	6000000006127985232
Q11887061	6000000003033878802
Q118870623	6000000000305132270
Q118870627	6000000002577286826
Q118870824	6000000013063055453
Q11887083	6000000084900124992
Q11887090	6000000011093637021
Q11887093	6000000178677695892
Q11887098	6000000062558626041
Q11887112	6000000148332382863
Q11887131	6000000014113576970
Q11887146	6000000102652118903
Q11887151	6000000174104029117
Q11887159	6000000083114738838
Q11887168	6000000051895745139
Q11887175	6000000059365342859
Q11887206	6000000077435214643
Q11887337	6000000014326471539
Q11887346	6000000009114764575
Q11887376	6000000075650374928
Q11887383	6000000002750691107
Q11887384	6000000147007034884
Q11887386	6000000013029167979
Q118873871	5328303555460067975
Q118873910	6000000102338845855
Q118874061	6000000102336415350
Q11887428	6000000079729274873
Q11887437	6000000002426690121
Q118875154	6000000025676306064
Q11887525	6000000181154545858
Q11887529	6000000010242227588
Q11887534	6000000094102313347
Q11887537	6000000181074295826
Q11887554	6000000043204652942
Q118876	6000000039321640845
Q118876	6000000044440044114
Q118876078	6000000024433382832
Q11887726	6000000011056560046
Q11887746	6000000007583495576
Q11887805	6000000033718603372
Q11887816	5269419443060068096
Q11887822	6000000027056723825
Q11887827	6000000039377526559
Q11887830	6000000007802691854
Q11887988	6000000024596055917
Q118882	6000000011560893474
Q11888243	6000000079114998844
Q11888250	6000000127172004876
Q11888504	6000000195708276889
Q1188860	6000000074768346973
Q11888614	6000000000381068387
Q11888617	6000000089125265822
Q118887	6000000210469436834
Q118894	6000000031368090981
Q11889411	6000000039674184594
Q11889413	6000000003261009099
Q11889556	6000000023284637034
Q1188959	6000000049708003905
Q11889695	6000000023022377409
Q11889712	6000000007217335220
Q11889756	6000000030665226349
Q11889770	6000000086847181920
Q11889780	6000000134988090916
Q118898	6000000026105459156
Q11889806	6000000143235349856
Q11889814	6000000001932854554
Q11889822	6000000080533357968
Q11889903	6000000066993097835
Q11889904	6000000022277906178
Q11889990	6000000002054299767
Q11890100	6000000010754526974
Q11890175	6000000182142683837
Q11890207	6000000088810957198
Q1189023	6000000023370107237
Q118902378	6000000026931790036
Q118902839	6000000030959590671
Q118903721	6000000030039100795
Q11890460	6000000004411784010
Q11890461	6000000001654552222
Q11890464	6000000071538770869
Q11890466	6000000006953438331
Q11890473	6000000001924356183
Q11890480	6000000088674591938
Q11890493	6000000010541360883
Q11890496	6000000149834979881
Q11890499	6000000013331240892
Q118905	6000000163942873824
Q11890566	6000000016897588668
Q118905689	6000000025359114293
Q118906	6000000017916291436
Q1189063	6000000178042973860
Q118906359	6000000017477357839
Q11890669	6000000074621561895
Q118906764	6000000040654718033
Q1189069	6000000016311663180
Q118907043	6000000016231571872
Q118907414	6000000038941087360
Q118907870	6000000195055699835
Q11890801	6000000047720786952
Q11890890	6000000020275522617
Q11890905	6000000001095278280
Q11890906	6000000022415674018
Q11890932	6000000084021731081
Q11890933	6000000180175857821
Q11890937	6000000002806299490
Q11890938	6000000095688098893
Q11890945	6000000012245006968
Q11891	6000000002926000992
Q118910256	6000000005367095891
Q118910265	6000000002799102767
Q11891029	6000000010581786529
Q118910341	6000000005367095876
Q118910354	6000000005739109802
Q118910772	6000000038690400356
Q118910985	6000000208239617821
Q118911021	6000000022888927842
Q118911037	6000000022884989758
Q118911083	6000000022884963622
Q118911091	6000000058611201880
Q1189111	6000000032938237869
Q118911107	2459845
Q1189113	6000000040007383029
Q11891141	6000000040977208322
Q11891143	6000000002392293317
Q11891146	6000000180572005833
Q11891148	6000000008004486249
Q118911489	6000000058611139965
Q11891149	6000000019567458661
Q118911501	6000000017267711821
Q11891151	6000000027340206536
Q11891158	6000000022980200663
Q118911821	6000000003183299173
Q118911831	6000000000795199774
Q118912	6000000007014421432
Q118912122	6000000027621615926
Q118912132	6000000003939867455
Q11891229	6000000177968328853
Q118912292	6000000008369910204
Q118912295	6000000007264762944
Q11891241	6000000006802899340
Q118912417	6000000000966216483
Q118912419	6000000006446062989
Q118912689	6000000002988258689
Q118912777	6000000002799105083
Q118913086	4258042234220039587
Q11891315	6000000006721976455
Q11891318	6000000002272275111
Q118913218	6000000200559149957
Q11891322	6000000029916821382
Q118913263	6000000059385052047
Q118913475	6000000016533853433
Q118913611	6000000040470429186
Q118913621	6000000005502462023
Q11891363	6000000001743300325
Q118913646	6000000016534182074
Q118913665	6000000214713555821
Q11891367	6000000025753959528
Q118913676	6000000016566454914
Q11891368	6000000003227165276
Q11891369	6000000017638437892
Q11891370	6000000013822953359
Q11891372	6000000005442236968
Q118913803	6000000002638052421
Q118914750	6000000003446448236
Q11891476	6000000012426287546
Q118914766	6000000169314835860
Q11891482	6000000003586883588
Q11891485	6000000000099917873
Q118914872	6000000001272026008
Q118914914	6000000006899604241
Q118915013	6000000180230016821
Q118915030	6000000175530583849
Q1189152	6000000039709319548
Q118915532	6000000018270533458
Q118915669	4384566967330128904
Q118915739	6000000003183576286
Q118915915	3982547198380026299
Q118916054	6000000028765813630
Q11891621	6000000009580953656
Q118916940	6000000008736253139
Q118916942	6000000009721219323
Q118916974	6000000000851312720
Q118917046	329936046790004148
Q118917476	6000000000972591053
Q118917908	5106794906700054290
Q118917909	5136330033180036356
Q118917913	6000000069521835010
Q118917915	5138139224600046584
Q118917916	6000000004237809656
Q118917934	5136330122600036362
Q118917940	5136338072930120293
Q118917942	6000000000630278768
Q11891801	6000000085360428896
Q118918014	6000000010790967680
Q118918019	6000000010650017981
Q118918077	6000000037512570819
Q11891810	6000000132274149842
Q118918124	6000000000235339043
Q118918162	6000000019843785089
Q118918618	6000000011068518182
Q118918879	6000000028297086015
Q11891888	6000000011529693722
Q11891924	6000000091970890869
Q11891926	6000000000270906904
Q11891930	6000000004113859981
Q118919368	6000000023926909064
Q118919373	6000000008260461015
Q118919376	6000000006442403527
Q118919411	6000000003941226155
Q118919497	6000000175612293981
Q118919526	6000000026286599155
Q118919531	6000000026286379394
Q11891968	6000000016933163720
Q11891969	6000000073127437976
Q11891979	6000000023493356994
Q118919898	6000000012258656546
Q118919964	6000000195057140827
Q118920342	6000000000490876763
Q118920401	6000000000490872701
Q118920409	6000000000490872677
Q118920420	6000000000490872667
Q118920434	6000000014576353470
Q118920740	6000000026285087972
Q118920759	6000000021806535707
Q118920760	6000000021806246970
Q118920783	6000000021806318182
Q118920794	6000000003525898905
Q118920876	6000000000436619682
Q118920881	6000000003198704176
Q118921238	6000000032937490739
Q11892163	6000000013521237207
Q11892253	6000000029941556711
Q11892294	6000000046769952240
Q11892295	6000000027919784767
Q11892297	6000000003739352025
Q11892298	4189062186780064746
Q1189230	6000000026981278459
Q11892303	5543124453230053958
Q11892319	6000000137540268881
Q11892350	6000000023144976571
Q118923796	6000000028031526809
Q118923824	6000000126765108849
Q11892395	6000000178079090831
Q11892398	5543441466170042283
Q118924000	6000000000617206830
Q118924103	6000000006911140325
Q118924169	6000000177445569828
Q118924266	6000000001179248213
Q11892437	6000000023881391059
Q11892438	6000000157964850943
Q11892439	6000000006802831601
Q118924395	346454172020006857
Q11892440	6000000007476831312
Q11892441	6000000007017933024
Q11892444	327872
Q118924479	6000000028066875946
Q118924553	6000000001209252279
Q118924564	6000000030284127571
Q11892460	6000000034491568248
Q118925060	6000000072572857182
Q118925257	6000000050595225341
Q118925337	6000000003084516105
Q118925538	6000000021428058581
Q118925830	6000000002674417053
Q118925845	6000000025916838810
Q118925884	6000000019666478634
Q11892607	6000000020349752562
Q118926226	6000000059002055845
Q118926229	6000000002852754921
Q118926332	6000000076918539668
Q11892653	6000000053566948251
Q118926557	6000000050592106019
Q118926889	6000000069553085030
Q118926913	6000000040532545516
Q118927549	6000000001696684296
Q118927768	6000000027951728318
Q118928002	6000000033368817966
Q118928077	6000000000459538811
Q118928212	6000000013791967158
Q11892895	6000000009895322641
Q11892897	6000000005585561366
Q11892917	6000000006197878477
Q11892967	6000000070479436445
Q11893002	6000000007330973403
Q11893036	6000000078097893836
Q11893038	6000000054463210847
Q11893084	6000000008278297530
Q11893224	6000000092573549005
Q11893225	6000000002335426016
Q11893229	6000000022587386564
Q11893231	6000000018501469640
Q1189327	6000000028122732097
Q11893360	6000000000044245954
Q11893369	6000000072505305854
Q11893507	6000000004878825340
Q11893516	6000000007511750291
Q11893520	6000000000249557039
Q1189353	6000000009705896453
Q11893535	6000000177641426822
Q11893538	6000000081975369246
Q11893546	6000000037064068888
Q118936	4515569548690057451
Q11893624	6000000011949701634
Q11893625	6000000025605280324
Q11893709	6000000029496001092
Q11893711	6000000050586399918
Q11893715	6000000057010790404
Q11893717	6000000066651717973
Q11893719	6000000018966588513
Q11893740	6000000157516070832
Q1189377	6000000029336686557
Q11893962	6000000019160915528
Q1189404	6000000009710271975
Q11894112	6000000003040675148
Q11894249	6000000021748063710
Q11894420	6000000000052029164
Q11894465	6000000004458886018
Q11894653	6000000038239574272
Q11894654	6000000016669553026
Q11894672	6000000006100993425
Q11894673	6000000017575413880
Q11894676	6000000004170584131
Q11894677	6000000018977258595
Q1189470	6000000074587793825
Q118948	6000000181047992863
Q118948397	6000000195074452848
Q118950	6000000059268895908
Q118950100	6000000008613290847
Q118950483	6000000008748104450
Q1189532	6000000196567156856
Q1189544	6000000069392532055
Q118954758	6000000022820874128
Q118954763	6000000012720157286
Q11895483	6000000002446968195
Q11895489	6000000041016679892
Q118954976	6000000012609983986
Q118954983	6000000012610513298
Q118954984	6000000013492529840
Q118954985	6000000006719178597
Q118954991	6000000000517988969
Q118954999	6000000006767942159
Q118955024	6000000012610307874
Q11895509	6000000007330018139
Q11895513	6000000025730202258
Q118955140	6000000015933613190
Q11895516	6000000007005332585
Q11895521	6000000008881027777
Q118955300	6000000124528611869
Q118955301	6000000003938074698
Q118955302	6000000007601498358
Q118955305	6000000002869926131
Q118955306	6000000002504659494
Q118955307	6000000002504823086
Q118955310	6000000008931444188
Q118955320	6000000006290735654
Q11895594	6000000043050913823
Q11895624	6000000009006862283
Q118956750	6000000195085934882
Q118957167	6000000012888323275
Q11895829	6000000009703848244
Q11895834	6000000014315165913
Q118958472	6000000025947172587
Q118958710	6000000020007701017
Q11895897	6000000180551800825
Q11895932	6000000172230106892
Q11895937	6000000006605452320
Q1189595	6000000014749834214
Q11895963	6000000037788694858
Q11896	6000000002143404336
Q11896009	6000000030751577474
Q11896043	6000000103930924872
Q11896414	6000000008518335861
Q11896416	6000000180307170865
Q11896423	6000000176187184842
Q11896448	6000000051886945214
Q11896462	6000000040270410843
Q11896483	6000000041013094147
Q11896517	6000000167960519043
Q1189653	6000000006257281804
Q11896536	6000000008979213135
Q11896562	6000000120984525014
Q11896614	6000000004053901578
Q11896615	6000000014327035970
Q11896622	6000000001459344594
Q11896623	6000000006818112893
Q11896629	6000000074357042225
Q11896631	6000000130555216093
Q11896633	6000000030966018360
Q11896634	6000000037553379426
Q1189664	6000000120135010007
Q11896646	6000000011401642970
Q11896647	6000000181991956832
Q11896648	6000000023997018127
Q11896675	6000000127736593985
Q11896678	6000000039303411038
Q1189670	6000000182460966834
Q11896780	5346662189020131403
Q1189683	6000000016392186311
Q118969	6000000015681774179
Q11896904	6000000002425164943
Q11896941	6000000006718767388
Q118969769	6000000014041567981
Q11896984	6000000001238980157
Q118970220	6000000109504693989
Q118970371	6000000038377037869
Q11897087	6000000182769624824
Q118971760	6000000034921559001
Q11897373	6000000021675461321
Q11897402	6000000036882429245
Q11897426	6000000002148721774
Q11897427	6000000016481327166
Q11897567	6000000053615508214
Q11897585	6000000002510013441
Q11897588	6000000033605515891
Q11897624	6000000075863455900
Q11897632	6000000016291819151
Q118976738	6000000056705711989
Q11897737	6000000090943428850
Q118978154	6000000002894519278
Q118978155	316657736510006525
Q118978156	316663697370005932
Q118978264	6000000014711386365
Q118978389	6000000021274272788
Q118978445	6000000020662342189
Q11897856	6000000000519800812
Q11897858	6000000011045009295
Q118978662	6000000078846154832
Q118978724	6000000020662703811
Q11897888	6000000082491195097
Q11897892	6000000006951488371
Q11897899	6000000178278238834
Q11897903	6000000004033805306
Q11897906	6000000039262847512
Q11897910	6000000031807513318
Q11897919	6000000034555649246
Q11897923	6000000091004401110
Q11897927	6000000149951412097
Q11897941	6000000004203498641
Q11897943	6000000039104095605
Q11897951	6000000092938263888
Q11897952	6000000010964631485
Q11897953	6000000025584245639
Q11898175	6000000000074574756
Q118982	6000000135637263916
Q11898247	6000000007280757905
Q118982643	6000000007725958242
Q11898275	6000000020680415079
Q118983849	6000000043956426905
Q118986032	6000000021541830470
Q118986032	6000000222110243856
Q11898629	6000000083114397217
Q11898635	6000000008209558956
Q118986438	6000000030642128218
Q11898654	6000000024920816667
Q11898658	6000000047750879904
Q118986649	6000000007014434435
Q118987	6000000010518538549
Q11898726	6000000022377295520
Q11898869	6000000073603826736
Q11898874	6000000064605846065
Q118989	6000000180855579843
Q11898918	6000000004535868330
Q11899051	6000000016252234395
Q11899052	6000000016232318001
Q1189933	6000000182125872908
Q11899408	6000000011508340231
Q11899464	6000000008997571119
Q11899469	6000000011024716810
Q11899537	6000000009333030235
Q11899552	6000000009145489341
Q11899555	6000000037129103980
Q11899582	6000000104582284886
Q11899592	6000000071540513826
Q11899598	6000000006803063051
Q11899601	6000000117746020236
Q11899602	6000000037581589491
Q11899605	6000000007268363862
Q11899638	6000000056458647989
Q11899646	6000000008414189597
Q11899647	6000000046634816022
Q1189965	6000000003399179279
Q11899652	6000000066992771880
Q11899663	6000000052730837841
Q11899676	6000000111052944001
Q1189979	6000000008482068149
Q11899793	6000000101465604070
Q11899794	6000000024087983231
Q118998349	6000000009437621344
Q11899859	6000000164883029289
Q1189988	6000000029499078857
Q11899887	6000000007318020000
Q118999097	6000000012748057738
Q1189994	6000000022132568133
Q11899985	6000000130231724842
Q11900092	6000000172858474060
Q119001117	6000000026587475181
Q119001137	6000000026587406245
Q119001179	6000000008127208545
Q119001307	6000000026587533527
Q119001309	6000000026587761916
Q119001317	6000000019967447050
Q119001318	6000000026322531091
Q1190016	6000000012606687959
Q119001617	6000000026587491633
Q11900249	6000000180019775900
Q11900254	6000000007364126373
Q11900255	6000000004180139119
Q11900258	6000000023937996582
Q11900266	6000000021514524197
Q11900460	6000000020327629340
Q11900462	6000000001027690140
Q11900463	329000039710004964
Q119006331	6000000004088643075
Q119006598	6000000012748267296
Q11900720	6000000060754567850
Q11900737	6000000079283356027
Q11900738	6000000182155154833
Q11900761	6000000038369998079
Q11900764	6000000013205833004
Q11900768	6000000078280911016
Q11900787	6000000011904130034
Q11900792	6000000025169488793
Q11900795	6000000182283685842
Q1190081	6000000114851841280
Q11900837	6000000046737648407
Q119008415	6000000079361888968
Q11900845	6000000010799231702
Q119009178	6000000020590242155
Q11900935	6000000032134125678
Q11900979	6000000000787731633
Q11901	6000000013475274471
Q119010089	6000000006588331671
Q119010095	6000000010172600714
Q119010102	6000000093446661998
Q119010104	5215848120310079570
Q119010112	6000000001382780775
Q119010127	5215848032860079564
Q119010143	6000000010172642590
Q119010431	6000000010178065939
Q11901044	6000000128944888963
Q119010481	6000000010178490227
Q119010483	6000000003939426571
Q119011152	6000000010425786376
Q11901141	6000000006307217695
Q11901150	6000000021634625316
Q11901153	6000000041071043859
Q119012030	6000000030144656124
Q119012033	6000000000646974377
Q119012062	6000000002871943639
Q119012084	6000000029762440378
Q119012135	6000000011559424548
Q119012155	6000000008762981772
Q119012164	6000000013610893393
Q119012309	6000000156535031852
Q119012325	6000000013312094538
Q119012381	6000000079372762839
Q119012757	6000000046506933894
Q119012788	6000000013610739541
Q11901284	6000000028608703152
Q119012859	6000000009543794498
Q11901290	6000000009565208364
Q119013030	6000000009544031695
Q119013036	6000000002545838101
Q119013053	6000000000485198080
Q119013059	356664243310004778
Q1190134	6000000178732772863
Q119013742	6000000013580649206
Q119013750	6000000013580060814
Q119013897	6000000003077148035
Q119013899	6000000003077148026
Q119013930	6000000003077148017
Q119013945	6000000003076231005
Q119013956	6000000003148549998
Q119013960	4800696542860080933
Q119014	6000000013097790166
Q119014016	6000000003148554068
Q119014050	6000000003148563109
Q11901410	6000000060150442824
Q11901413	6000000028670541499
Q11901417	6000000006353681304
Q119014229	6000000018955817106
Q11901431	6000000066267228042
Q119014367	6000000018955784399
Q11901444	6000000086539691843
Q11901455	6000000088249734079
Q11901463	6000000063338928335
Q11901467	6000000006191556112
Q11901478	6000000108092245955
Q11901479	6000000174953899831
Q11901480	6000000153767633833
Q11901481	6000000036635924432
Q11901488	6000000163437104877
Q11901489	6000000181848045851
Q11901490	6000000078877174987
Q11901491	6000000030666559370
Q11901499	6000000173537359198
Q11901551	6000000178430827856
Q11901592	6000000138391599867
Q11901649	6000000127093398979
Q119016921	6000000054297014214
Q11901792	6000000003098241008
Q11901811	6000000001006567222
Q11901854	6000000056968385106
Q11902045	6000000041344466882
Q11902050	6000000003787404603
Q11902053	6000000024249659053
Q11902058	6000000178320255840
Q11902062	6000000113057999917
Q11902066	6000000006781745123
Q11902067	6000000078809169301
Q11902070	6000000045728823841
Q11902073	6000000070325336419
Q11902074	6000000158429778821
Q11902075	6000000008113658201
Q11902085	6000000078670560859
Q11902087	6000000010877466114
Q11902095	6000000040510394870
Q11902101	6000000184038130823
Q11902102	6000000067087914000
Q11902112	6000000129315001290
Q11902117	6000000017576058080
Q11902122	6000000019697277051
Q11902124	317795396610006551
Q11902125	6000000000700074242
Q11902208	6000000095068657107
Q11902237	6000000040228816239
Q11902239	6000000007157459336
Q11902245	5644895300430128856
Q11902246	6000000004114843798
Q11902332	6000000002540492422
Q11902339	6000000006189367001
Q11902341	6000000074792954919
Q11902343	6000000007370130272
Q11902347	6000000088085210858
Q11902348	6000000002379718492
Q11902407	6000000006237301197
Q11902411	5308510524450133237
Q11902413	6000000005833865010
Q11902414	6000000000623346562
Q11902416	6000000003806049010
Q11902419	6000000051896847832
Q11902431	6000000176650656876
Q11902432	6000000000011334808
Q11902435	6000000038355200170
Q11902436	6000000180327902821
Q11902443	5602695097900031906
Q11902480	6000000002954501811
Q11902482	6000000030432508574
Q11902486	6000000166397512929
Q11902489	6000000026725677349
Q119029467	6000000062185533853
Q11902947	6000000000044794559
Q119029583	6000000028045476681
Q119029842	6000000033471771351
Q11902988	6000000074689887989
Q119029881	6000000008630809187
Q11902990	6000000168829013510
Q11902994	6000000007925709497
Q11903	6000000011584363618
Q11903002	6000000142020518046
Q11903003	6000000008201055337
Q11903004	6000000082553196428
Q11903006	6000000029542055544
Q11903013	6000000041900766757
Q11903016	6000000078374833145
Q11903018	6000000149945533871
Q11903021	6000000000460308808
Q11903024	6000000002779999523
Q11903027	6000000195676843029
Q11903032	6000000023417247917
Q11903037	6000000133122547063
Q11903043	6000000043850369906
Q11903049	6000000003770696531
Q11903052	6000000006904870417
Q11903053	6000000088900684246
Q11903058	6000000022697942661
Q11903059	6000000004535974799
Q11903067	6000000009665016790
Q11903068	6000000063754025825
Q11903151	6000000000325079712
Q11903156	6000000002471875178
Q11903299	6000000025083504397
Q119033379	6000000053074390063
Q11903398	6000000001319817421
Q11903492	6000000036807583722
Q11903510	6000000094040400941
Q119040365	6000000020372903646
Q119040366	6000000015802687631
Q119040896	6000000011813634182
Q119040900	6000000011814726682
Q11904095	6000000055068432939
Q119041142	6000000018388366264
Q119041180	6000000004977627984
Q119041243	6000000078228667959
Q119041747	6000000009956477339
Q11904188	6000000078038162948
Q11904210	6000000071680938104
Q119045614	6000000004977078722
Q11904806	6000000065538220871
Q11904879	6000000166019033849
Q119049	6000000015862368703
Q11904946	6000000085652261889
Q11904957	6000000012442702799
Q119050	6000000011137896505
Q11905156	6000000054185574842
Q11905251	6000000000681251647
Q11905475	6000000109273532854
Q119056051	6000000019994325723
Q11905643	6000000004169200239
Q119056465	6000000012019030434
Q1190579	6000000006348517497
Q11905826	6000000001005017202
Q11905848	6000000008631453952
Q11905894	6000000156640861868
Q119063617	6000000022957628146
Q1190643	6000000035593840934
Q119065673	6000000026091281160
Q11906693	6000000064155461184
Q119068382	6000000025970240623
Q1190693	6000000011033666914
Q119072	6000000002805660979
Q1190727	6000000002860715049
Q119073	6000000156513817831
Q119082	6000000017474930844
Q1190849	6000000005051905316
Q119090346	6000000016035515278
Q11909138	6000000012726027999
Q11909154	6000000031045186815
Q119092	6000000062442056914
Q11909385	6000000214457356832
Q1190951	6000000045829504902
Q1190974	6000000007184314619
Q11909882	6000000091499110839
Q11909948	6000000084406127979
Q119102305	6000000015312852382
Q119111423	6000000018775691179
Q1191129	6000000007362572598
Q11912031	6000000191257938833
Q11912445	6000000074288915830
Q119127	6000000006436317901
Q11913269	6000000003827400448
Q119133244	6000000032438302843
Q119134875	6000000014190893199
Q119137532	6000000010725757877
Q11913756	6000000025608278857
Q119137838	6000000018775649157
Q119138571	6000000195219225868
Q11913917	6000000076052145835
Q11913955	6000000172198757956
Q119139803	6000000111159634151
Q11914062	6000000091614990833
Q119140861	6000000176320538831
Q119140955	6000000018775413734
Q119140988	6000000069899845953
Q119141003	6000000018775780023
Q119141272	6000000056967020986
Q119141281	6000000032584997432
Q119141394	6000000008103721099
Q119141919	6000000020677281648
Q119142494	6000000081784667310
Q119145	6000000005071184254
Q119148235	6000000088048193840
Q11915316	6000000049293700845
Q119154381	6000000000813526056
Q119155068	6000000025112316989
Q119156971	6000000211467791877
Q119157166	6000000022524242377
Q119157854	6000000020694648772
Q119157927	6000000195253624837
Q119164	6000000063288654821
Q11916631	6000000108315159025
Q119169963	4236459468100122184
Q119170	6000000013549134120
Q119171493	6000000050803657392
Q119172575	6000000019656563832
Q119173986	6000000006322884284
Q119174020	6000000006322642731
Q119174034	6000000017079893015
Q119174056	6000000017079791517
Q119174151	6000000027914628101
Q119178	6000000021474971210
Q11918032	6000000005599183331
Q119183545	6000000027686223314
Q119185544	6000000032555173835
Q119193	6000000168832310903
Q11919364	6000000093313908849
Q11919405	6000000005599120945
Q1192	6000000015725873165
Q119205585	6000000015357152175
Q119214433	6000000009275399750
Q119217080	6000000008925878438
Q119217089	6000000000421530276
Q11921709	6000000105475565857
Q11921740	6000000016383712188
Q119217838	6000000015397344432
Q119218003	6000000127811209956
Q119218014	6000000015397868005
Q11921858	6000000036948305015
Q119223414	6000000014335553257
Q119224842	6000000195291001845
Q119224949	6000000195308775865
Q119225005	6000000012944455182
Q119225187	6000000009900860521
Q119225193	6000000015719382472
Q119225213	6000000018328626322
Q119225226	6000000018328734083
Q119225274	6000000014319410308
Q119228306	6000000017518422382
Q119228900	389602965010011772
Q11923032	6000000005405824103
Q11923045	6000000006102697565
Q11923048	6000000001504573118
Q119231483	6000000195298322828
Q1192327	6000000072988604939
Q1192339	6000000006235753045
Q11923691	6000000073159241821
Q119237	6000000135144905835
Q119238961	6000000195301211823
Q119238999	6000000015524112736
Q11924	6000000002563329181
Q11924144	6000000002830037361
Q11924149	6000000020180475974
Q119241917	6000000176618920828
Q119242638	6000000069240312012
Q119245889	6000000002756670795
Q119254	6000000180414260823
Q119254628	6000000195313394824
Q119256646	6000000019277799031
Q119258	6000000011459609851
Q11925818	6000000033872550499
Q11925848	6000000103009509821
Q11925851	6000000055565205901
Q11925866	6000000186234232146
Q11925879	6000000180950235910
Q1192595	6000000022202065078
Q119260	6000000145757569895
Q11926047	6000000040644783957
Q11926304	6000000073379130206
Q11926565	6000000002188425434
Q119266	6000000148720828843
Q119266361	6000000195322636866
Q11926694	6000000173271621869
Q119267710	6000000013762972823
Q119267733	6000000017122476410
Q119267740	6000000036485805453
Q119267749	6000000036486206276
Q119267755	6000000036485967732
Q119267786	6000000022948131080
Q119268665	6000000002094071864
Q1192688	6000000060166798184
Q119270	6000000029296615527
Q119271	6000000062705692031
Q119273932	6000000032277566742
Q11927606	6000000130810569823
Q11927701	6000000001504701830
Q11928053	6000000089486948890
Q119281	6000000081149185821
Q1192814	6000000011840863597
Q1192825	6000000058654959011
Q11928269	6000000006727746688
Q119283	370647737370012754
Q11928318	6000000003827527101
Q119284085	6000000181842043823
Q119285452	6000000023172747938
Q119285656	6000000026135786344
Q119285687	6000000003786004259
Q11928685	6000000104182362084
Q1192885	6000000018370884508
Q11929012	6000000015797789080
Q11929166	6000000021161747925
Q119293053	6000000195337256885
Q119293281	6000000142214535981
Q11929354	6000000043279077487
Q1192938	6000000011471191445
Q11929435	6000000100813233874
Q1192972	6000000009561108903
Q11929795	6000000177008504831
Q1192995	6000000009376299528
Q1193027	6000000013135191385
Q119303	6000000020388187113
Q119307135	6000000195318806874
Q1193094	6000000017154991196
Q1193106	6000000173283971407
Q11931365	6000000074174980949
Q119314677	6000000020931588927
Q119314929	6000000056234674887
Q119315934	6000000007617782346
Q119318894	6000000127585523908
Q119328	6000000023980692765
Q119329	6000000022893145259
Q11933630	6000000012931320452
Q11933699	6000000014177712980
Q119339	6000000177109711822
Q11933910	6000000033155373313
Q1193423	6000000179820088823
Q11934274	6000000031950502068
Q1193464	6000000049820902638
Q119347057	6000000195319032821
Q119347067	6000000195356149910
Q119347072	6000000195318760872
Q119347075	6000000195318758869
Q119347079	6000000195319074821
Q119347081	6000000195319024829
Q119348	6000000097529400205
Q119348273	6000000172569228954
Q11934957	6000000039547683511
Q11934995	6000000033863759274
Q119350604	6000000008800422390
Q119350651	6000000007320495732
Q119350694	6000000008800477327
Q119350713	6000000008338470820
Q119351400	6000000187900910847
Q119351404	6000000187901175825
Q119351758	6000000019456674797
Q119351989	6000000195364377848
Q119352502	6000000185680686101
Q11935284	6000000019414576898
Q119353594	6000000081327119841
Q11935433	6000000003827527036
Q11935499	6000000006727753243
Q119358567	6000000012157159321
Q119358567	6000000080759253386
Q119358832	6000000034415767836
Q119359290	6000000014559316946
Q119362047	6000000013966855822
Q119363	6000000027018794651
Q119379990	6000000017149029140
Q119381	6000000024929861137
Q11938136	6000000039291628558
Q1193817	6000000032397751269
Q11938768	6000000200481292843
Q11938891	519661
Q119389	6000000028282240948
Q1193914	6000000025071762529
Q119397293	6000000003081270322
Q119398	6000000105925062919
Q119399371	6000000048924063165
Q119400225	6000000012089587693
Q11940095	6000000060312695870
Q119403	6000000002876733659
Q119403081	6000000024974735072
Q119405719	6000000112242000892
Q119406337	6000000008329279834
Q119406750	6000000053115604162
Q119407184	6000000003420843768
Q119407306	6000000000889250188
Q11940739	6000000001666289831
Q119407698	6000000023237795152
Q119407732	6000000031810644116
Q119409023	6000000022499218943
Q119409036	6000000022498975364
Q119409103	3241575
Q119409122	2929959
Q119409178	6000000019707534493
Q119409273	6000000012935342942
Q119409294	6000000019498184515
Q119409581	6000000168672207836
Q119409583	6000000016733712426
Q119409688	6000000001980814518
Q119409705	6000000001200712012
Q119409736	6000000020996919396
Q119409771	6000000077985259914
Q119409776	6000000077984527651
Q119409820	6000000077984469791
Q119409830	6000000077984538533
Q119409860	6000000077985062221
Q119409869	6000000077984864300
Q119409875	305670325980005656
Q11941	6000000065335994823
Q119410011	6000000008469378588
Q119410016	6000000015366863822
Q119410048	6000000010112632829
Q119410225	6000000020206498839
Q119410397	6000000019497834861
Q119410605	6000000041497738973
Q119410956	6000000164025359845
Q119411390	6000000053116145890
Q119411491	6000000003221155556
Q119411629	6000000041997949066
Q119413411	6000000042756040135
Q119413603	6000000007126237295
Q119421137	6000000037672879475
Q119426106	6000000043075593268
Q119427852	6000000042395681128
Q119427898	6000000042396069011
Q119427979	6000000042395897165
Q119428008	6000000120283347899
Q119431463	6000000000169780703
Q119432345	6000000001361609309
Q119432445	6000000088788833890
Q119432784	6000000042893865086
Q119433081	6000000067035215853
Q119433170	380801851210012221
Q119435240	6000000187154323904
Q119435531	6000000188842341850
Q119435555	6000000189264348839
Q119435705	6000000190570354894
Q119435758	6000000187439073878
Q119435784	6000000006127564817
Q119436011	6000000010319426875
Q119438	6000000085351904184
Q119438582	6000000042396152888
Q119438593	6000000120283408945
Q119438600	6000000120283888838
Q119438606	6000000120283648960
Q119439498	6000000175970527881
Q119440779	6000000029487697221
Q119441235	6000000011570617998
Q119441935	6000000179796621832
Q119442096	6000000047762413952
Q119442100	6000000011571150257
Q119442253	6000000028084246939
Q119442269	6000000019557832244
Q119442273	6000000028084319183
Q119442311	6000000019557899975
Q119442404	6000000019557833657
Q119442542	6000000019558221029
Q119442578	6000000019555979510
Q119442595	6000000014578521712
Q119442687	6000000051961808227
Q119443274	6000000124621883822
Q11944790	6000000050504032862
Q119449993	6000000029696325720
Q119451034	6000000195436793831
Q119454782	6000000010411661432
Q119454849	6000000013548196574
Q119455	6000000040525189294
Q119455648	6000000016312427240
Q11945570	6000000018545977959
Q119456366	6000000009886467970
Q1194576	6000000027521248977
Q119457937	6000000031440972416
Q119457979	6000000031435583075
Q119458071	6000000009887098031
Q119458749	6000000005919736681
Q119458860	6000000006912553297
Q119459990	6000000082065066821
Q1194647	6000000075345060051
Q119465737	6000000015905853805
Q119471491	6000000016120831153
Q119475219	6000000022770980574
Q119475610	6000000022771183836
Q119475883	6000000187155044843
Q119475893	6000000187155591829
Q119477582	6000000022771140863
Q119477760	6000000040383655137
Q119478168	6000000019297193026
Q119480	6000000002765848035
Q11948260	6000000119483678823
Q119482809	6000000000452149871
Q1194876	6000000075326719869
Q1194910	6000000021706981040
Q119492	6000000087275026848
Q119496028	6000000035280673822
Q1194963	6000000075329149939
Q1194968	6000000074790965821
Q119497567	6000000001504689889
Q11949822	6000000193474009821
Q119500	6000000046872529880
Q11950038	6000000005598815993
Q119506005	6000000195451156844
Q119509374	6000000029805138326
Q119509376	6000000003647087280
Q11951098	6000000060313669828
Q119512147	6000000006423807493
Q119518	6000000021675019994
Q119518857	6000000017455827397
Q11952	6000000001754773024
Q119520172	6000000090791539842
Q119520568	6000000003929189740
Q119520771	6000000003147128284
Q119520776	6000000003929189706
Q119520792	6000000003929183132
Q119520922	6000000003929192509
Q119520931	6000000000426756485
Q119520937	6000000003929183120
Q119520940	6000000003929189943
Q119521899	6000000017999766768
Q119522561	6000000029097568819
Q119524675	4837613999970126344
Q119527	6000000080866299400
Q1195372	6000000019318402549
Q1195380	6000000042515058557
Q119539	6000000008286887980
Q1195390	6000000093569512367
Q1195417	6000000074753284257
Q1195422	6000000013424740811
Q119545039	6000000022810066993
Q119546	6000000008771416530
Q11955034	6000000020639223509
Q119550984	6000000011814859554
Q119551003	6000000187028540842
Q11955164	6000000025693789543
Q1195523	6000000018463516304
Q11955751	6000000089903110991
Q119564	6000000031465933874
Q1195669	6000000074768517885
Q11956710	6000000017866822303
Q11956711	6000000076120890008
Q11956714	6000000006568222707
Q11956720	6000000014394601788
Q11956751	6000000001394146448
Q11956777	6000000038657861975
Q11956807	6000000035880533334
Q11956809	6000000176419709824
Q11956811	6000000018446342003
Q11956933	6000000122570102995
Q11956934	6000000033421363200
Q11956936	6000000007189987210
Q11956937	6000000202299003852
Q11957030	6000000177870772869
Q11957035	6000000015231102160
Q11957155	6000000011261774342
Q119572175	6000000001388972365
Q11957242	6000000027715206309
Q11957253	6000000176325287916
Q11957303	6000000074271011012
Q11957313	6000000009956049477
Q11957314	6000000019120183473
Q11957336	6000000179461623824
Q11957349	6000000071076434841
Q11957357	6000000012548509691
Q11957378	6000000011853043036
Q11957412	6000000025499240217
Q11957429	6000000040348873261
Q119575433	6000000025644335317
Q119575521	6000000029493307911
Q11957685	6000000001167481505
Q11957805	6000000147622495135
Q119578138	6000000195607194821
Q11957832	6000000001053287489
Q11957839	6000000016572326828
Q11957842	6000000014780844653
Q11957859	6000000021552204023
Q11957877	6000000040150693016
Q11957885	6000000002648233439
Q11957897	6000000007276801855
Q11957899	6000000010584637565
Q11957911	6000000020699558226
Q11957918	6000000001573036681
Q119579276	6000000195607258833
Q11957948	6000000003275031929
Q11957953	6000000006795416779
Q11957957	6000000014773225893
Q11957963	6000000070497375043
Q11957969	6000000010675148815
Q11957973	6000000011450290226
Q11957975	6000000009896700817
Q11957976	6000000069985647867
Q11957984	6000000010328622749
Q11957986	6000000041237271670
Q11957992	6000000017811980684
Q11957994	6000000021065666052
Q11957999	6000000018362492129
Q11958001	6000000041237825878
Q119580016	6000000195601065866
Q11958002	6000000003680792658
Q11958011	6000000035230028879
Q11958012	6000000008449463668
Q11958027	6000000033734956354
Q11958030	6000000029301273518
Q119580359	6000000195601630830
Q119580419	6000000015876106917
Q1195808	6000000028891800408
Q119580870	6000000104345828836
Q119581364	6000000083501268029
Q11958175	6000000013829562429
Q11958180	6000000039544974258
Q11958183	6000000011534490232
Q11958184	6000000007209673197
Q11958192	6000000021118646964
Q11958195	6000000003263851252
Q11958210	6000000009516322524
Q11958233	6000000041286041464
Q11958235	6000000013374157860
Q11958250	6000000003340878680
Q11958261	6000000007276901135
Q11958284	6000000001814378436
Q11958414	6000000166764398894
Q11958417	6000000019001391405
Q11958418	6000000085045962202
Q11958420	6000000008314761036
Q11958423	6000000029857060959
Q11958428	6000000001862360008
Q11958432	6000000014521056068
Q11958433	6000000005441248098
Q119584495	6000000081538079192
Q119585056	6000000076841971268
Q119585164	6000000147678175821
Q119585505	1704330
Q11958603	6000000065222184859
Q11958672	6000000020171208721
Q11958680	6000000006244188895
Q11958681	6000000031395528080
Q119586810	6000000178910625842
Q11958986	4932505977750123588
Q11959014	6000000026620023947
Q11959015	6000000078180826821
Q11959029	6000000012934210768
Q11959032	6000000028241147624
Q11959033	6000000002218222043
Q11959040	6000000088380223860
Q1195906	6000000075406347000
Q11959067	6000000005607426327
Q11959075	6000000063596425868
Q11959082	6000000012878455530
Q11959091	6000000004180784565
Q11959095	6000000019562762856
Q11959103	6000000028002215408
Q11959142	6000000016996852263
Q11959143	6000000008686193597
Q11959149	6000000024841032051
Q11959160	6000000009655054527
Q11959190	6000000001453022082
Q11959191	6000000021213519118
Q11959195	6000000015067702783
Q11959198	6000000015672204350
Q119593	6000000008419735248
Q11959333	6000000003575007469
Q11959381	6000000011228208298
Q11959382	6000000037469557159
Q11959391	6000000025023865483
Q11959400	6000000030841905315
Q11959423	6000000074348727838
Q11959450	6000000006909585229
Q11959580	6000000011115991460
Q11959617	6000000057487653851
Q11959622	6000000008424575094
Q11959630	6000000018701034462
Q11959637	6000000016830105069
Q11959639	6000000020375773407
Q11959675	6000000024873522595
Q11959858	6000000006357823049
Q11959859	6000000041702233842
Q11959862	6000000009634564735
Q11959867	6000000019300042447
Q11959868	6000000009848778821
Q11959870	6000000018820523080
Q11960002	6000000014804436710
Q11960103	6000000025499192249
Q1196022	6000000075429758824
Q11960305	6000000084416952442
Q11960369	6000000006804606631
Q1196041	6000000075368760821
Q11960538	6000000014309439688
Q11960568	6000000005561972938
Q11960580	6000000018251062968
Q11960761	6000000007005543955
Q11960764	6000000007268330660
Q11960790	6000000020376111719
Q11960795	6000000020445857800
Q11960799	6000000013384925057
Q11960805	6000000010829455188
Q11960807	6000000006573658976
Q11960810	6000000020152641276
Q11960814	6000000009574552549
Q11960817	6000000015971786811
Q11960819	6000000005773644006
Q11960820	6000000008174939252
Q119610360	6000000037741286092
Q11961084	6000000038826554335
Q11961087	6000000005425270505
Q11961090	6000000000174688213
Q11961094	6000000043996648177
Q119611171	6000000037767592640
Q11961188	6000000026830158183
Q11961199	6000000003820938838
Q11961212	6000000151386908831
Q11961213	6000000007981232214
Q11961214	6000000000631615727
Q11961219	6000000023249120821
Q11961336	6000000052266392941
Q11961337	6000000012398409185
Q11961366	6000000174201355918
Q11961371	6000000171729451286
Q11961394	6000000027835306547
Q11961400	6000000012284316316
Q11961421	6000000021315672787
Q11961438	6000000009153165845
Q1196190	6000000075345123869
Q11961945	6000000019579175276
Q11961958	6000000075272253923
Q11961960	6000000016807772080
Q11961961	6000000011425643848
Q11961978	6000000031660824280
Q11962037	6000000075802576157
Q11962151	6000000186683789852
Q11962152	6000000007512763335
Q11962155	6000000006205591931
Q11962306	6000000003363240686
Q119625	6000000003059534929
Q11962526	6000000032709023414
Q119625545	6000000071458220853
Q1196262	6000000036137079333
Q119626634	6000000049688111901
Q11962869	6000000182135713876
Q119629431	6000000003708699194
Q11962989	6000000035834453328
Q11963018	6000000178086810842
Q11963072	6000000187373872896
Q11963115	6000000013523800571
Q11963120	6000000001884145294
Q11963123	6000000008138648488
Q11963131	6000000051660726914
Q119631311	6000000008825704419
Q11963136	6000000022175989314
Q11963140	6000000008275014323
Q11963141	6000000010410498897
Q11963142	6000000014179246473
Q11963150	6000000052275871906
Q11963153	6000000001932479460
Q11963156	6000000012544313810
Q11963160	6000000000742865000
Q11963166	6000000009867131703
Q11963168	6000000014891711459
Q11963178	6000000029542050342
Q11963182	6000000011467138768
Q11963186	6000000027930343501
Q11963233	6000000018736145186
Q11963234	6000000011550527422
Q11963235	6000000003860649305
Q11963238	6000000005441098536
Q11963239	6000000076702393305
Q11963240	6000000025720833061
Q11963257	6000000000710681282
Q119632827	6000000007977856580
Q11963303	5697136372090113956
Q119633229	6000000003081202015
Q11963337	6000000005569278496
Q11963445	6000000039127337839
Q11963448	6000000054310303893
Q11963454	6000000001877509049
Q119635584	6000000011660597241
Q11963609	6000000019115704169
Q11963610	6000000026411952066
Q11963613	6000000004041215276
Q11963614	1803802
Q11963623	6000000019483336273
Q11963628	6000000059292269821
Q11963629	6000000015881835511
Q11963633	6000000015916652439
Q11963635	6000000018031562577
Q11963638	5198020845270134574
Q11963639	6000000015118896402
Q11963645	6000000006945111995
Q11963648	6000000002376389293
Q11963651	6000000017619080943
Q11963654	6000000012454382214
Q11963660	6000000031103020179
Q11963667	6000000120289096889
Q11963668	6000000003410449373
Q11963681	6000000008353775830
Q119636825	6000000012821333257
Q11963686	6000000011240975230
Q11963687	6000000008246856506
Q11963689	6000000006860051091
Q11963697	6000000008356536321
Q11963701	6000000014845140639
Q11963703	6000000015423571410
Q11963711	6000000007925495303
Q11963716	6000000016615402867
Q11963767	6000000008393434687
Q11963773	6000000204856940845
Q11963774	6000000079464701759
Q11963782	6000000011409880551
Q11963786	6000000006147230720
Q11963790	6000000011171477389
Q11963791	6000000015509955655
Q11963793	6000000007473186009
Q11963796	6000000006787567275
Q11963866	6000000014252512790
Q11963867	6000000015557889056
Q11963885	6000000002894399283
Q11963888	6000000017263460623
Q11963891	6000000004231041270
Q11963892	6000000012773702002
Q11963896	6000000019556705130
Q11963897	6000000027888230314
Q11963898	6000000016113860313
Q11964	6000000001669961056
Q11964053	6000000008315060427
Q11964057	6000000019053914393
Q119640706	6000000011660349569
Q11964513	6000000019493667181
Q11964525	6000000012975972797
Q11964533	6000000096813559850
Q11964563	6000000013200785790
Q11964671	6000000006979645850
Q11964677	6000000015842434809
Q11964844	6000000011549352124
Q119649201	6000000017549009331
Q119649340	6000000003891246083
Q119655	6000000147000062859
Q11965637	4989627112740133817
Q11965639	6000000015687935405
Q11965641	6000000008933279790
Q11965642	6000000014817888045
Q11965643	6000000014817414684
Q11965646	6000000008933339609
Q11965789	6000000011559661642
Q11965922	6000000008320588848
Q11965969	6000000010152569544
Q11966245	6000000031254478756
Q11966514	6000000040552224335
Q11966536	6000000022075565409
Q11966554	6000000029033326990
Q11966564	6000000008895431579
Q11966564	6000000014274802234
Q11966570	6000000135683488899
Q11966575	6000000020639939036
Q119666	6000000004969795011
Q11966641	6000000025252210473
Q11966648	6000000060278626960
Q11966653	6000000024032695532
Q11966766	6000000004533589300
Q11966769	6000000005391699089
Q11966772	6000000007133634231
Q11966792	6000000020254004837
Q11966795	6000000035914778658
Q11966797	6000000052479225184
Q11966799	6000000031182542235
Q11966807	6000000081495347329
Q11966820	6000000033591977268
Q11966826	6000000112442970821
Q11966830	6000000011460175253
Q11966833	6000000006408800228
Q11966837	6000000041708766973
Q11966839	6000000034883541824
Q11966845	314961111910002720
Q11966847	6000000008418120333
Q11966875	6000000134924589939
Q11966891	6000000015238753902
Q11967045	6000000036033251134
Q11967055	6000000000728597881
Q11967075	6000000040010838097
Q11967087	6000000014010601022
Q11967129	6000000006916234041
Q11967148	6000000004629488100
Q11967152	6000000018530020161
Q11967159	6000000009955496433
Q11967160	6000000011394840646
Q11967218	6000000019762915416
Q11967227	6000000019842556074
Q11967237	6000000014865721986
Q11967243	6000000078180567880
Q11967246	6000000183253249821
Q11967309	6000000008221403931
Q11967330	6000000010189095367
Q11967342	6000000026062612720
Q11967354	6000000030371407009
Q11967477	6000000013504396472
Q11967482	6000000015985154904
Q11967630	6000000024402227108
Q11967635	6000000002065590692
Q11967682	6000000007268697883
Q11967701	6000000076676643135
Q11967704	6000000018813548459
Q11967710	6000000040779405093
Q11967748	6000000004878924833
Q11967787	6000000069635700874
Q11967797	6000000002893008651
Q11967814	6000000002336405415
Q11967821	6000000035599363828
Q11967823	6000000008669427456
Q11967831	6000000010608581448
Q11967837	6000000008050216323
Q11967849	6000000102840059910
Q11967858	6000000019482554872
Q11967864	6000000007549322703
Q11967870	6000000012462232613
Q11967876	6000000036110320565
Q11967983	6000000024963337128
Q11967984	6000000020573428915
Q11968076	6000000009507838472
Q119681	6000000024956065397
Q11968139	6000000031683373299
Q11968185	6000000015066937485
Q11968190	6000000006933933063
Q11968268	6000000075318376328
Q11968270	6000000190010656887
Q11968275	6000000013173895389
Q11968337	6000000089335541092
Q11968653	6000000013601519626
Q11968658	6000000013689957057
Q119687	4214529343730054013
Q119688494	5486178419600114564
Q11968887	6000000023175083498
Q11968900	6000000020813722228
Q11968921	6000000011330329144
Q11968923	6000000035010638798
Q11968924	6000000091715403822
Q11969914	6000000000768975051
Q11969920	6000000012548771595
Q11969930	6000000036584077539
Q11969970	6000000020934108988
Q11969997	6000000025498927212
Q11970	5501557094680032002
Q119700024	6000000000524442922
Q119700090	6000000009130280090
Q11970019	6000000007452415104
Q11970022	6000000001169126173
Q11970023	6000000010952816272
Q11970024	6000000011561161448
Q11970026	6000000019895060426
Q119700536	309722704990006453
Q11970071	6000000016568506612
Q11970074	6000000023685431326
Q11970075	6000000036424688498
Q11970076	6000000014467090970
Q11970080	6000000015556294090
Q11970083	6000000013313282145
Q11970088	6000000011750349993
Q11970098	6000000045476196072
Q11970103	6000000014487375712
Q11970104	6000000001483570339
Q119701942	6000000061905942922
Q119702	6000000003285572645
Q11970206	6000000198003597835
Q11970216	6000000025828597892
Q11970217	6000000018603840022
Q11970219	6000000019311632429
Q119702314	6000000018095159877
Q11970239	6000000002225635359
Q119702442	6000000029728467200
Q119702536	6000000195604299830
Q119702630	6000000190977307841
Q11970284	6000000014696223043
Q11970294	6000000014791956396
Q11970296	6000000015050265542
Q11970299	6000000013199908667
Q11970314	6000000024020741682
Q11970319	6000000008043980494
Q119704485	6000000008643671848
Q119704520	6000000009824107880
Q119705150	6000000008001051201
Q11971413	6000000013015162576
Q11971418	6000000003979670012
Q11971637	6000000008300370028
Q11971655	6000000028430595974
Q11971658	6000000061091384869
Q11971819	6000000100167913878
Q11971822	6000000006859138978
Q11971825	6000000003971759332
Q11971828	6000000032556353770
Q11971838	6000000040367422494
Q11971839	6000000017034369862
Q11971860	6000000020375773412
Q11971877	6000000018502172301
Q119718777	6000000019127232095
Q11971887	6000000011257068688
Q11971893	6000000008473401145
Q11971896	6000000021064311562
Q11971911	6000000022391217573
Q11971998	6000000022131415654
Q11972097	6000000021277191527
Q11972100	6000000019036408650
Q11972393	6000000045283453294
Q11972594	6000000003741750868
Q119726	6000000085709759018
Q119726551	6000000004706038022
Q119726649	6000000003259692502
Q119726694	6000000009144921241
Q119726780	6000000008870736247
Q11972687	6000000050356780010
Q119726884	6000000009144928224
Q119726997	6000000009144928229
Q119727078	6000000008638788262
Q119727195	6000000008638726521
Q119727381	6000000010210242708
Q119727809	6000000048101622908
Q119728961	6000000069582380328
Q119729268	6000000061834673885
Q119729974	6000000195607483823
Q11973	6000000157446886888
Q119730	6000000024183747961
Q11973006	6000000038680153727
Q119731177	6000000045664196214
Q11973135	6000000003987631966
Q11973155	6000000014817439490
Q11973156	6000000017643733392
Q11973159	6000000004593830722
Q11973260	6000000009915578140
Q11973281	6000000094141520152
Q11973288	6000000017675204686
Q11973318	6000000114672133995
Q11973325	6000000011251879428
Q11973336	6000000001053430145
Q11973352	6000000011381025622
Q119733569	6000000195672722834
Q119733891	6000000195693207832
Q11973409	6000000075573358896
Q11973410	6000000000608257905
Q11973412	6000000013333240063
Q11973429	6000000209587331856
Q11973454	6000000020502324002
Q11973521	6000000011249231433
Q11973577	6000000147008983309
Q11973588	6000000006497367718
Q11973600	6000000010618057680
Q11973601	6000000024065785846
Q119736483	6000000010113197380
Q11973704	6000000006568310855
Q11973705	6000000021593035076
Q11973706	6000000000866424024
Q11973707	6000000011355224549
Q11973711	6000000011710476557
Q11973714	6000000014255491007
Q11973716	6000000010258926767
Q11973722	6000000038456002305
Q11973747	6000000023109951897
Q119737530	6000000012750644984
Q11973755	6000000008062966266
Q11973790	6000000007727107573
Q11973800	6000000017134845398
Q11973802	6000000011704582803
Q119739	6000000043724726390
Q11973907	6000000003068877005
Q11973914	6000000007336291047
Q11973939	6000000143183177926
Q11973955	6000000029490921890
Q11973960	6000000016497041599
Q11973961	6000000000262627200
Q11973965	6000000010351251527
Q11973973	6000000020707063718
Q11973981	6000000008933354294
Q11973986	6000000007919774499
Q11973988	6000000003914240985
Q119739886	6000000011881115828
Q11973992	6000000001753713415
Q11973994	6000000003653002893
Q11974009	6000000019150108279
Q11974011	6000000087781132985
Q11974013	6000000009927901372
Q11974019	6000000008725536224
Q11974022	6000000020749393254
Q11974029	6000000005441559667
Q11974036	6000000039204872321
Q11974038	6000000008169774300
Q11974040	6000000025166135027
Q11974041	6000000012878561545
Q11974046	6000000047226213821
Q11974051	6000000022228736026
Q11974055	6000000014164331457
Q11974058	6000000032652171914
Q11974064	6000000186173718506
Q11974066	6000000028710588028
Q11974076	6000000041912012131
Q11974079	6000000001655554130
Q11974093	6000000004664297083
Q11974094	6000000012451002277
Q11974095	6000000012655232658
Q11974110	6000000019099355057
Q11974111	6000000000753092084
Q11974121	6000000005426725665
Q11974122	6000000006444194380
Q11974124	6000000023390232821
Q11974125	6000000019275744877
Q11974126	6000000012880831219
Q11974129	6000000015941076860
Q11974132	6000000006274794081
Q11974137	6000000004972713495
Q11974140	6000000014329419017
Q11974142	6000000002893579875
Q11974175	6000000008743249678
Q11974186	6000000127438650834
Q11974189	6000000006944118932
Q11974199	6000000026617305257
Q11974220	6000000048450800829
Q11974224	6000000012606645905
Q11974233	6000000037256722672
Q11974234	6000000030965791297
Q11974236	6000000006434624796
Q11974253	6000000019283285177
Q11974254	6000000004861596706
Q11974385	6000000027507886451
Q1197441	6000000007953631550
Q119745670	6000000017531752082
Q11974597	6000000011632922388
Q11974617	6000000001504341020
Q11974686	6000000036569313766
Q11974722	6000000017089432094
Q11974726	6000000008752403709
Q11974757	6000000015985570366
Q11974775	6000000003767667227
Q11974791	6000000012158999096
Q11974793	6000000041048004102
Q11974803	6000000071863861845
Q11974808	6000000010011183276
Q11974813	6000000006869430731
Q11974923	6000000142642912838
Q11975	6000000001928499407
Q11975013	6000000047925890445
Q11975014	6000000166889271983
Q11975015	6000000001710175605
Q11975019	5421627380550058199
Q11975025	6000000003262471326
Q11975032	6000000011568830142
Q11975033	6000000020706259386
Q11975035	6000000000637332471
Q11975038	6000000036032927038
Q11975042	6000000084822939072
Q11975044	6000000004110952729
Q11975049	6000000015399620672
Q11975053	6000000023907585343
Q11975055	6000000019289159340
Q11975056	6000000009364089076
Q11975064	6000000001503771558
Q11975065	6000000010761577676
Q11975079	6000000034702564052
Q11975086	6000000038674783127
Q11975087	6000000050353506894
Q11975088	6000000010742884680
Q11975095	6000000012492622501
Q11975099	6000000010776465382
Q11975100	6000000023067446671
Q11975107	6000000004128589068
Q11975113	6000000019374336058
Q119751452	6000000195565642827
Q119751514	6000000195613541827
Q11975164	6000000016275815644
Q11975175	6000000039554230718
Q11975180	6000000007592643330
Q11975183	6000000004111891186
Q11975184	6000000004111936992
Q11975185	6000000015870895822
Q11975192	6000000015486982761
Q11975203	6000000037133546873
Q11975314	6000000006889584463
Q11975364	6000000038974565977
Q11975423	6000000033349836051
Q11975472	6000000017962201769
Q11975473	6000000085285895900
Q11975474	6000000009449099712
Q11975476	6000000014522261356
Q11975477	6000000038157916396
Q11975480	6000000041569423937
Q11975557	6000000001499149676
Q11975648	6000000028753989785
Q11975956	6000000001195283551
Q11976025	6000000015490608237
Q11976042	6000000009505443105
Q11976377	6000000037001797072
Q11976378	6000000014277394326
Q11976380	6000000006080715460
Q11976462	6000000011493828139
Q1197667	6000000001091060806
Q11976774	6000000018987789098
Q119767799	6000000080453362311
Q11976972	6000000007150633227
Q11977020	6000000025591611821
Q11977112	6000000019289119718
Q11977130	6000000000307282607
Q11977135	6000000183629602822
Q11977139	6000000003808986003
Q11977156	6000000031633630893
Q11977169	6000000033119448458
Q11977170	6000000167093361827
Q11977190	6000000019412274443
Q11977203	6000000000133447794
Q11977220	6000000200697173828
Q11977283	6000000053897672860
Q11977288	6000000030371494936
Q11977526	6000000010179293790
Q11977538	6000000012462066953
Q11977610	6000000165056733919
Q11977651	6000000067242753858
Q11977654	6000000043605433284
Q11977661	6000000012526311995
Q11977667	6000000010113769615
Q11977692	4863941346620088318
Q11977695	6000000168813195865
Q11977708	6000000000728592786
Q119777092	6000000003636649957
Q11977713	6000000038605741798
Q11977718	6000000035229274201
Q11977740	6000000018220851929
Q11977750	6000000009847381992
Q11977753	6000000004177245061
Q11977756	6000000030253468527
Q11977760	6000000006944899300
Q11977817	6000000013951891158
Q11977822	6000000010483955180
Q11977826	6000000028144455043
Q11977827	6000000011252966994
Q11977829	6000000002278454910
Q11977830	6000000018242394592
Q11977831	6000000009956158416
Q11977832	6000000181998099829
Q11977834	6000000012688522332
Q11977839	6000000007329736435
Q11977846	6000000044794068058
Q11977850	6000000017689405913
Q11977852	6000000011571498514
Q11977858	6000000003091368919
Q11977860	6000000013667019391
Q11977867	6000000010730523417
Q119778719	348288474120012668
Q11977889	6000000027314461714
Q11977893	6000000002500572371
Q11977901	6000000047980310296
Q11977907	6000000000106521153
Q11977912	6000000017152549011
Q11977913	6000000122570103009
Q11977977	6000000011399108514
Q11978011	6000000019182129639
Q11978025	6000000021251751067
Q11978047	6000000050415073846
Q11978052	6000000030607712072
Q11978053	6000000005013705797
Q11978054	6000000075001015838
Q11978161	6000000008989035395
Q11978162	6000000010172729249
Q11978190	6000000050414825927
Q11978236	6000000072338359870
Q11978245	318154349490002499
Q11978266	6000000087258276092
Q11978401	6000000046375363902
Q11978404	6000000014885380656
Q11978409	6000000025848083094
Q11978410	6000000013649872161
Q11978415	6000000003170008713
Q11978417	6000000017438703163
Q11978418	6000000015096436046
Q11978433	6000000011534579555
Q11978437	6000000008210805818
Q11978444	6000000011099848122
Q11978448	6000000146053839863
Q11978449	6000000007457965668
Q11978465	6000000016160690136
Q119784805	6000000040749064191
Q11978531	6000000007225713772
Q119785971	6000000040748717621
Q119786069	6000000009762438210
Q11978639	6000000010907291000
Q11978649	6000000009626454313
Q11978655	6000000006339042518
Q11978664	6000000007576186347
Q11978675	6000000014286500476
Q11978690	6000000041947226225
Q11978691	6000000040830282184
Q11978693	6000000022985771094
Q11978696	6000000005404138486
Q11978698	5705851871580134582
Q11978699	6000000016189996078
Q11978701	6000000050867375200
Q11978703	6000000018964060082
Q11978707	6000000019885180634
Q11978710	6000000024362440149
Q11978716	1806336
Q11978717	6000000005441505758
Q119787193	6000000029792865246
Q11978720	6000000043189082251
Q11978721	6000000018612127431
Q11978722	6000000006982671208
Q11978723	6000000027415382948
Q11978726	6000000020050914098
Q11978726	6000000105491391008
Q11978727	6000000000965506109
Q11978728	6000000018193982473
Q11978729	6000000016497460705
Q11978732	6000000003220051778
Q11978733	6000000004838214116
Q11978738	6000000009300355534
Q11978739	6000000021511984080
Q11978740	6000000017627220519
Q11978741	6000000006263975348
Q11978742	6000000017429597344
Q11978744	6000000006959134171
Q11978745	6000000006443872708
Q11978747	6000000041237616273
Q11978749	6000000003508083113
Q11978753	6000000007980338001
Q11978755	6000000017717972173
Q11978757	6000000007980672454
Q11978760	6000000009690250185
Q11978761	6000000004053850891
Q11978765	6000000003308653636
Q11978766	6000000026524071704
Q11978768	6000000041237490316
Q11978769	6000000175697605893
Q11978773	6000000007480964272
Q11978776	6000000000159329773
Q11978779	6000000007458881364
Q11978781	6000000122659392855
Q11978785	6000000000453458837
Q11978790	6000000011411665437
Q11978795	6000000017627099834
Q11978800	6000000016373688407
Q11978809	6000000020409820230
Q11978811	6000000015444105349
Q11978812	6000000022471016567
Q11978821	6000000080048567833
Q11978822	6000000006146581485
Q11978823	6000000011954140109
Q11978824	6000000011336085996
Q11978826	6000000001550243256
Q11978833	6000000005440660001
Q11978839	5275609544610122197
Q11978842	6000000006434716060
Q11978845	6000000019225201070
Q11978850	6000000001810737008
Q11978854	6000000201685729854
Q11978856	6000000002624223387
Q11978860	6000000009413756547
Q11978865	6000000020340142972
Q11978866	6000000005083785117
Q11978873	6000000006887573052
Q11978878	6000000018497607655
Q11978879	6000000009055595549
Q11978883	6000000003352794784
Q11978886	6000000009350972904
Q11978905	6000000067692683821
Q11978906	6000000009976049843
Q11978925	6000000026739605106
Q11978940	6000000000905991527
Q11978942	6000000001360687427
Q119789687	6000000013323249463
Q11978991	6000000053376807115
Q119789917	6000000195692717833
Q11979008	6000000040029652555
Q11979013	6000000003353024320
Q11979015	6000000047097135982
Q11979020	6000000054187160147
Q11979024	6000000041308652692
Q11979026	6000000013040054178
Q11979043	6000000007877060668
Q11979066	6000000011395111239
Q11979070	6000000010665780776
Q11979071	6000000010885427892
Q11979089	6000000015140475631
Q11979090	6000000019897006270
Q11979136	6000000012182127705
Q11979179	6000000004580998387
Q11979204	6000000027324018146
Q11979213	6000000031402096008
Q11979214	6000000077737081358
Q11979218	6000000007833961605
Q11979227	6000000000025493485
Q11979287	6000000009761230521
Q11979327	6000000200585237827
Q11979349	6000000078153912277
Q11979388	6000000219473003859
Q11979442	6000000008138261301
Q119794972	6000000080453969043
Q119795136	6000000011881495761
Q11979514	6000000012871207977
Q11979530	6000000082613331090
Q11979531	6000000048477334915
Q11979532	6000000192690159869
Q11979536	6000000003116763861
Q119795424	6000000007451459727
Q11979582	6000000018973655050
Q11979686	6000000011995353272
Q11979687	6000000030751378895
Q11979690	6000000014628764079
Q11979712	6000000015610769143
Q11979715	6000000049651904902
Q11979719	6000000013911682345
Q11979720	6000000010329236760
Q11979722	6000000003979734191
Q11979739	6000000002222467054
Q11979773	6000000001739340454
Q119798	6000000006843788233
Q11979846	6000000009474243070
Q11979851	6000000039128926909
Q11979852	4104736253200026639
Q11979855	6000000018905914346
Q11979919	6000000018795846442
Q11979953	6000000014522297607
Q11979954	6000000003027044831
Q11980149	6000000001360677371
Q11980150	6000000014464845752
Q11980232	6000000006589269376
Q11980235	6000000068478330031
Q11980244	6000000052621822146
Q11980247	6000000005441292477
Q11980248	6000000143256247823
Q11980250	6000000168827584824
Q11980256	6000000015902062767
Q11980262	6000000179804653938
Q11980277	6000000025228176824
Q11980278	6000000017064909184
Q11980290	6000000080886081830
Q11980316	6000000009646244390
Q11980341	6000000030968531033
Q119803767	6000000083958040089
Q11980433	6000000011952298038
Q1198056	6000000029518396539
Q11980770	6000000012010502771
Q11980774	6000000041544737411
Q11980777	6000000029303785617
Q11980781	6000000034006006880
Q11980799	6000000005440726350
Q11980800	6000000013146343570
Q11980830	6000000011413134126
Q11980979	6000000003363191859
Q119810370	6000000127811436865
Q11981248	6000000185761296877
Q11981253	6000000000820493181
Q11981254	6000000005597463819
Q11981257	6000000005597449391
Q11981270	6000000008638520612
Q11981293	6000000023743743323
Q11981298	6000000027721155697
Q119813	6000000025272419087
Q11981304	6000000004670088461
Q119813055	6000000020546444169
Q11981329	6000000009880155095
Q11981341	6000000062315853853
Q11981359	6000000109360299927
Q11981364	6000000006585673249
Q11981374	6000000003512074267
Q11981434	6000000178414546860
Q11981439	6000000064838462856
Q11981748	6000000010627947425
Q11981754	6000000022921533332
Q119819028	6000000195719259843
Q119819305	6000000029359869909
Q11982003	6000000176335090838
Q11982004	6000000036076787109
Q119820106	6000000080566042148
Q11982013	6000000050998928978
Q11982018	6000000018560040056
Q11982025	6000000020372596238
Q11982034	6000000034695316751
Q11982036	6000000007512168874
Q11982037	6000000076685055892
Q11982050	6000000057905013821
Q11982058	6000000007042491449
Q11982072	5036643565990123661
Q11982075	6000000042476574665
Q11982076	6000000013314330494
Q11982081	6000000030048067968
Q11982083	6000000014570177017
Q11982160	6000000046805512971
Q11982516	6000000004096346144
Q11982561	6000000089091160874
Q11982563	6000000009532380419
Q11982808	6000000040348730695
Q11982933	6000000011725846313
Q119831155	6000000000544311030
Q119831165	6000000038336143568
Q119831175	6000000038336577928
Q11983235	6000000036431975867
Q11983238	6000000002315326338
Q11983250	6000000013114803287
Q11983268	6000000011554543719
Q11983292	6000000007911559444
Q11983317	6000000046154807855
Q11983327	6000000003150009545
Q11983337	6000000016302775902
Q11983346	6000000125427383851
Q11983349	6000000014233254867
Q11983412	6000000038335678085
Q11983413	6000000025543986892
Q11983452	6000000008894900547
Q11983461	6000000007329765106
Q11983464	6000000007334738244
Q11983467	6000000032804100844
Q11983468	6000000077884779421
Q11983469	6000000008327192137
Q11983472	6000000030164897171
Q11983473	6000000017016113858
Q11983533	6000000075991000997
Q11983591	6000000030313570211
Q11983605	6000000011086773525
Q11983612	6000000013474725398
Q11983615	6000000020576061706
Q11983617	6000000075884060214
Q11983670	6000000174638215648
Q11983751	6000000087712448886
Q11983873	6000000009562691243
Q11984060	6000000018905533648
Q11984063	6000000014962358033
Q11984211	6000000041238205972
Q119842824	6000000018388615938
Q11984595	6000000061288099102
Q119846550	6000000002247560681
Q119847166	6000000178741181827
Q119849	6000000006418845912
Q11984907	6000000176002283822
Q119849217	6000000008680658085
Q11984936	6000000013026670209
Q11984946	6000000105889157002
Q119849477	6000000079480384034
Q11984953	6000000002765726889
Q11984955	6000000023486394396
Q11984962	6000000001147907402
Q11984988	6000000019924697682
Q11984991	6000000079939364208
Q11985012	6000000021089093599
Q119850345	6000000025901723109
Q11985038	6000000021360935636
Q119850704	6000000013427918694
Q119850899	6000000017901989634
Q119850974	6000000079837017903
Q119850996	6000000008476217917
Q119851030	6000000066380082944
Q119851282	6000000085703620834
Q11985154	6000000022756351878
Q119851576	6000000036370516538
Q119851601	6000000036385439897
Q11985162	6000000010965005842
Q11985178	6000000057673398090
Q119852030	6000000016836604764
Q11985206	6000000012618117589
Q119852821	6000000018509174541
Q119853832	6000000009618980362
Q119853834	6000000004319407928
Q119853835	5113875426100045423
Q119853842	6000000006444493046
Q119853843	6000000006444493026
Q119853845	6000000006444493051
Q119853896	6000000018722723077
Q119853899	6000000010384935612
Q119853901	6000000059531064961
Q119853902	6000000003262583544
Q119853903	5599121232510031197
Q119853905	6000000007924766472
Q11985391	6000000006862473688
Q119853942	6000000128308315829
Q119853943	6000000002337144068
Q119853948	6000000128308240821
Q119853949	6000000020120543233
Q119853950	6000000020120576173
Q11985423	6000000080344147932
Q119854847	6000000006156660550
Q11985508	6000000172198262189
Q11985518	6000000086819087911
Q119855381	6000000004592924663
Q119855408	6000000195672661837
Q119855430	6000000002088372423
Q119855440	6000000195672825828
Q119855441	6000000195673004833
Q119855442	6000000069123204013
Q119855460	6000000013246284587
Q119855463	6000000040524853076
Q119855475	6000000040524538526
Q119855476	6000000002088421857
Q119855483	6000000195674610850
Q119855485	6000000116319700028
Q119855498	6000000013246610479
Q119855512	6000000008596810495
Q119855518	6000000071409499052
Q11985560	6000000071726031991
Q119856223	6000000011135237669
Q119856227	6000000015605250533
Q119856239	6000000015605461037
Q119856269	6000000015605342920
Q119856325	6000000003938431544
Q119856328	6000000037541775794
Q119856329	6000000004069291625
Q119856331	6000000005756356002
Q119856333	6000000010724418448
Q119856334	6000000003938625376
Q119856460	6000000065229645845
Q119856980	6000000070627465099
Q11985700	6000000076093390012
Q119857082	6000000001563092295
Q119857086	6000000001563087745
Q119857087	6000000011524257644
Q119857088	6000000010708236850
Q119857089	6000000008260562460
Q119857091	6000000005415106699
Q119857098	6000000015987824962
Q119857100	6000000011524241709
Q119857102	6000000006110694635
Q119857105	6000000000689004011
Q119857108	6000000001563087736
Q119857109	6000000001579259783
Q119857113	6000000003276517514
Q119857120	6000000002073533454
Q119857121	6000000001472892774
Q119857142	6000000003077506931
Q119857147	6000000001563092304
Q119857167	6000000025817833198
Q119857304	6000000001563092362
Q119857305	6000000015348491235
Q119857306	6000000015348636436
Q119857310	6000000065513540891
Q119857318	6000000024418977710
Q119857327	6000000015348548708
Q119857328	6000000003076892476
Q119857329	6000000007121597554
Q119857345	6000000006110942512
Q119857350	6000000008260467146
Q11985772	6000000200308031834
Q119857725	6000000195719244841
Q119858120	6000000195719964822
Q11985829	6000000121702185835
Q11985855	6000000187452004337
Q11985895	6000000088231048821
Q11985904	6000000162483924822
Q11985906	6000000018895497382
Q11985947	6000000010858235210
Q11985963	6000000180408346822
Q11985988	6000000067162417931
Q119860	6000000179855479895
Q11986026	6000000069280514972
Q11986032	6000000165732658821
Q119860785	6000000056989095622
Q119861004	6000000019028065429
Q119862	6000000047124939915
Q119864764	6000000000759430699
Q11986537	6000000019350106240
Q119867011	6000000095335697984
Q119867619	6000000003111270423
Q11986780	6000000001811013160
Q11986782	6000000008416871551
Q11986789	6000000001955350612
Q119867908	6000000003111864182
Q119868018	6000000003111831595
Q119868104	6000000003111944119
Q11986824	6000000008279182044
Q11986843	6000000016525665321
Q119868891	6000000003111864523
Q11986896	6000000010695816438
Q11986918	4246494308570048992
Q119869219	6000000002764640939
Q119869244	6000000002764836650
Q11986927	6000000007524758871
Q11986929	6000000002834915675
Q119869290	6000000006838584062
Q119869295	6000000006838560076
Q119869302	6000000006838723401
Q11986931	6000000008999206586
Q11987	6000000017443603730
Q119870640	6000000003755230205
Q119870837	6000000003755156311
Q119870914	6000000003755099288
Q11987098	6000000035281139986
Q11987100	6000000017627652384
Q119871052	6000000003111439168
Q119871130	6000000003111398229
Q119871380	6000000003111250330
Q119871600	6000000013352682076
Q119871867	6000000003111239599
Q119872421	6000000007055897307
Q119872450	6000000003214070530
Q119873464	6000000009441003986
Q119873810	6000000009440936366
Q119874	6000000023723642039
Q119874152	6000000001180338605
Q119874213	6000000009984988995
Q119874983	6000000007068062754
Q119875040	6000000025875874984
Q119875042	6000000002821776947
Q119875138	6000000007278014659
Q119876397	6000000001481355932
Q119876439	6000000013837449481
Q119876462	6000000001151067745
Q119876464	6000000003040508305
Q11987759	6000000091724413822
Q11987762	6000000005584898619
Q11987767	6000000020945762535
Q11987795	6000000035186790779
Q11987815	6000000108380290836
Q11987827	6000000020134625238
Q11987831	6000000002164296751
Q11988112	6000000031476363281
Q11988124	6000000011894326997
Q11988126	6000000009432701936
Q11988134	6000000175091059268
Q119881386	6000000011986852687
Q11988148	6000000009509159318
Q11988157	6000000007319908224
Q119881824	6000000019032830460
Q11988189	6000000019007682501
Q11988205	6000000011037024391
Q119882246	6000000027329103679
Q119882299	5025575087180040229
Q119882361	6000000027328560336
Q11988272	6000000023182952480
Q11988278	6000000028753933406
Q119883169	6000000019028313273
Q11988322	6000000011222229325
Q11988373	6000000015588907924
Q11988379	6000000015172256601
Q11988406	6000000021291700644
Q119884768	6000000027329284224
Q119884773	6000000017991775238
Q11988506	6000000031154324932
Q11988520	6000000028914453170
Q11988529	5093858674620135544
Q11988531	6000000003888175528
Q11988553	6000000015126104872
Q11988580	6000000024001362523
Q11988591	6000000027654719090
Q11988652	6000000051879861852
Q11988653	4852304171570044696
Q11988663	2247499
Q11988690	6000000024156001102
Q119888520	6000000080349103058
Q119888558	6000000009247999437
Q119888771	6000000002497465843
Q119889161	6000000024723646438
Q11988932	6000000001169154145
Q119889717	6000000029611315125
Q119890183	6000000018610578850
Q119890281	6000000055457737842
Q119890524	6000000019028322514
Q11989079	6000000041945088263
Q119891461	6000000013385666793
Q119891506	6000000080452596592
Q11989210	6000000004136439052
Q11989217	6000000005002860136
Q11989248	6000000020696224351
Q11989254	6000000011713607345
Q11989274	6000000013999640930
Q11989286	6000000002325788800
Q119893475	6000000019044951863
Q119893672	6000000032842538419
Q11989518	6000000018948844411
Q11989575	6000000004986326738
Q11989845	6000000020652127402
Q11989880	6000000002325797144
Q11989881	6000000007862669282
Q11989885	6000000172835251837
Q11989998	6000000195068547821
Q11990006	6000000000113839654
Q11990022	6000000018980524114
Q11990027	6000000015159212976
Q11990034	6000000036306114284
Q119902	6000000023449650979
Q119903042	6000000015657853390
Q119903519	6000000009551938546
Q119904130	6000000195743279829
Q119905198	6000000003769604714
Q119906293	6000000195744085824
Q119907130	6000000015994939040
Q11990832	6000000021787039992
Q11990835	6000000019372915054
Q11990934	6000000037511079949
Q119909540	6000000006380006943
Q11990958	6000000000503280186
Q119909997	6000000001041214285
Q11991148	6000000035714843724
Q11991308	6000000002930913413
Q11991318	4989481963930133163
Q11991319	6000000011835118891
Q11991321	6000000026118717571
Q11991322	6000000016652589869
Q11991324	6000000024436787026
Q11991328	6000000002894295285
Q11991336	6000000019336258754
Q11991365	6000000013466386143
Q11991373	6000000022146644479
Q11991376	6000000009224368262
Q11991379	6000000024304648547
Q11991383	6000000013469843324
Q11991388	6000000007726892056
Q11991390	6000000023167223767
Q11991416	6000000004118211848
Q11991418	6000000007424939322
Q11991425	6000000049651940964
Q11991434	6000000012799694819
Q11991440	6000000003362886755
Q11991443	6000000003046666604
Q11991444	6000000032780479922
Q11991452	6000000013505388659
Q11991453	6000000017618725565
Q11991465	6000000001584485215
Q11991478	6000000002834938533
Q11991482	6000000015563001271
Q11991487	6000000001449594237
Q11991500	6000000001496172684
Q11991518	6000000021458177010
Q11991520	6000000048292284032
Q11991521	6000000035588223228
Q11991524	6000000014981242325
Q11991541	6000000016507328303
Q11991633	6000000017079547884
Q119918047	6000000143931824408
Q119920	6000000021587476579
Q11992226	6000000032568006883
Q11992489	6000000067268035865
Q11992523	6000000178221880864
Q119927	6000000010962566250
Q11992980	6000000040438577941
Q11992981	6000000016196942386
Q119930	6000000098223489831
Q11993041	6000000081538790821
Q119930793	6000000013475002820
Q11993096	6000000011066729043
Q11993097	6000000027680591948
Q11993138	6000000129856615152
Q11993143	6000000021855133303
Q119931719	6000000021593252152
Q119932780	4428805217240026073
Q11993299	6000000014394517034
Q11993313	6000000016488999890
Q11993316	6000000018232539410
Q11993333	6000000014225579039
Q11993359	6000000006983904409
Q11993366	6000000021688705585
Q11993367	6000000007980977432
Q11993368	6000000003353395690
Q11993374	6000000011654150608
Q11993379	6000000025837456835
Q11993382	6000000012878940212
Q11993383	6000000009866886868
Q11993384	6000000014520600360
Q11993387	6000000001498904034
Q11993389	6000000005014006686
Q11993395	6000000011256334052
Q11993407	6000000186066080860
Q11993433	6000000008331637466
Q11993438	6000000008389301239
Q11993441	6000000034815059165
Q11993463	6000000011645083767
Q11993467	6000000007459662243
Q11993490	6000000001463580782
Q119935	6000000028140271052
Q11993552	6000000010218084267
Q11993560	6000000000482460684
Q11993569	6000000016598156474
Q11993582	6000000017993331589
Q11993609	6000000006497277615
Q11993640	4846331965910094128
Q11993657	6000000015972315754
Q11993666	6000000035349901802
Q11993674	6000000021580348970
Q11993677	6000000006420155617
Q11993684	6000000016473227593
Q11993685	6000000030346491381
Q11993691	6000000010564408935
Q11993693	6000000022249498458
Q11993696	6000000001499154903
Q119936974	6000000012489688864
Q11993699	6000000010218083283
Q119937	6000000108647424848
Q11993700	6000000023484036430
Q11993702	6000000014947149988
Q11993705	6000000007347302369
Q11993743	6000000009698933787
Q11993774	6000000003530161674
Q11993779	6000000017321399066
Q11993781	6000000027194361072
Q119937955	6000000034342411636
Q119938	6000000032437510929
Q119938436	6000000110539108865
Q119940649	6000000195760001827
Q119940920	6000000015130801470
Q119941113	6000000195760706823
Q119941379	6000000195760845842
Q11994160	5355781310160088616
Q11994165	6000000015204503190
Q119941665	6000000186307808234
Q119941911	6000000022647459075
Q119942018	6000000195761999826
Q119942076	6000000025137908329
Q11994343	6000000012526377508
Q11994362	6000000015721292377
Q11994415	6000000041922833237
Q11994420	6000000034220887865
Q11994423	6000000011501958574
Q11994429	6000000023068817143
Q11994430	6000000084112634954
Q11994430	6000000190578686847
Q11994432	6000000004163826307
Q11994433	6000000014488711576
Q11994437	6000000002834915624
Q11994458	6000000024430225964
Q11994462	6000000006327258598
Q11994473	6000000026827965313
Q11994483	6000000001827588569
Q11994582	6000000059844401940
Q119945940	5606731332210129345
Q119946263	5572903602670138148
Q119946369	6000000000696737888
Q119946474	6000000001047835030
Q11994658	6000000008847782490
Q119947374	6000000184159327884
Q119947397	6000000003075652849
Q119947440	6000000017476700587
Q119947448	6000000011986847351
Q119947455	6000000017907919242
Q119947523	6000000019057064684
Q119947534	6000000013382491619
Q119947561	6000000000742136568
Q119947568	6000000046503477427
Q119947698	6000000003938340243
Q119947716	6000000026652109983
Q119947745	6000000012214564846
Q119947815	4999751370570113165
Q119947818	5649647033170044282
Q119947821	6000000000305210314
Q119947822	6000000007240338309
Q119948185	6000000002963400805
Q119948190	6000000000908878101
Q119948206	6000000000908926580
Q119948209	3938806439060075665
Q119948332	6000000038863485852
Q119948343	6000000000952388086
Q119948344	6000000019443384205
Q119948369	6000000004149249846
Q11994903	6000000003262902090
Q11994908	6000000006427597223
Q11994917	6000000010397396549
Q11994923	6000000011326665869
Q119949230	6000000195769928924
Q11994926	6000000013125421397
Q11994927	6000000018952275419
Q11994932	6000000025497957775
Q119949448	6000000010109811395
Q119949492	6000000051762641883
Q119949597	6000000195771055831
Q119949806	6000000000136845709
Q11994988	6000000008367111313
Q11994989	6000000003264149228
Q11994991	6000000016162624600
Q11994993	6000000017787351827
Q11994994	6000000089261480300
Q11994995	6000000001835434736
Q11994998	6000000105797542437
Q11995009	6000000002517258162
Q11995012	6000000002450434092
Q11995017	6000000004974123682
Q11995020	6000000018245655545
Q11995022	6000000005720806885
Q11995023	6000000086471735961
Q11995031	6000000000897475194
Q11995044	6000000008934518507
Q119950491	6000000004097311254
Q119950589	6000000011137946354
Q11995165	6000000097674143837
Q11995177	6000000024061274369
Q119952	6000000000591089286
Q11995224	6000000019386044024
Q11995232	6000000198380716822
Q11995244	6000000025498765068
Q11995257	6000000052696682846
Q11995265	6000000031344931074
Q11995270	6000000006898731287
Q11995277	6000000122632266844
Q11995279	6000000035011314089
Q11995281	6000000021018013551
Q11995294	6000000142197424301
Q11995307	6000000020007013578
Q11995310	6000000011504993355
Q11995313	6000000031554362338
Q119953287	6000000011582201283
Q119953328	6000000009215982810
Q11995371	6000000019483933035
Q11995398	6000000011807678513
Q11995403	6000000003763158452
Q11995404	6000000041121116169
Q119954162	6000000015354283798
Q11995422	6000000006335750525
Q11995433	6000000000637332464
Q119954339	6000000025469533230
Q11995434	6000000017089279425
Q11995436	6000000002142747560
Q11995446	6000000008970941237
Q119954566	6000000025471366871
Q11995457	6000000004248266682
Q11995471	6000000009508062900
Q11995485	6000000011754531300
Q11995488	6000000009551739153
Q11995492	6000000018935966087
Q11995559	6000000010157790993
Q11995591	6000000035740078536
Q11995593	6000000018914118897
Q11995614	6000000003986120892
Q1199583	6000000075345187835
Q1199590	6000000075344985939
Q11996	6000000008872543490
Q119960758	6000000005106814925
Q119960889	6000000019993231095
Q11996136	6000000006356651397
Q119961642	6000000003185298698
Q11996174	6000000013966192683
Q11996682	6000000074685358898
Q119967501	6000000015201228454
Q119967767	6000000025470040835
Q11996889	6000000204913043822
Q11996891	6000000199642360852
Q11996899	6000000017295156000
Q11996900	6000000029410659968
Q119969127	6000000137801620889
Q119969356	6000000195450735866
Q11996956	6000000006187584476
Q11996963	6000000000731997351
Q11996965	6000000201660466828
Q11996972	6000000010829531832
Q11996977	6000000002987195451
Q119969848	6000000195565557837
Q119971148	6000000003835847827
Q11997161	6000000015943334976
Q11997167	6000000006788417160
Q11997169	6000000014023209843
Q11997173	6000000021176213962
Q119972	6000000026463433324
Q119973459	6000000083654774910
Q11997425	6000000020095076140
Q11997426	6000000008047880317
Q11997436	6000000061202111831
Q11997446	6000000019289337498
Q11997455	6000000057190206887
Q11997465	6000000003492089054
Q11997467	6000000023881220250
Q119974679	6000000019182827159
Q119974948	6000000004593117723
Q119974988	6000000009431625219
Q119974989	6000000000007740145
Q119975516	6000000009431198596
Q119975518	6000000000007681600
Q119975524	300676487770002031
Q119976236	6000000018637520881
Q119976867	6000000019508598722
Q119976926	6000000007561546030
Q119977366	6000000026026234671
Q11997760	6000000082016399193
Q11997809	6000000012544299411
Q11997815	6000000167602003126
Q11997826	6000000003722556723
Q11997834	6000000017122077610
Q119979204	6000000083654849886
Q11998	6000000009352078710
Q119980	6000000024792664743
Q11998040	4498047
Q11998044	6000000028615782848
Q11998054	6000000179620870950
Q119980618	6000000042963226609
Q119980715	6000000003835985199
Q11998073	6000000023124947839
Q119981080	6000000001504493761
Q119981149	6000000015305437357
Q11998253	6000000038729827843
Q11998279	6000000091336946887
Q11998286	6000000018231979474
Q11998289	6000000025165497685
Q11998290	6000000038886207647
Q119985101	6000000035010250352
Q119985265	6000000014818414089
Q119985295	6000000014818152834
Q11998532	6000000043225855813
Q119985658	6000000009359263702
Q119985668	6000000014829473171
Q11998573	6000000015380488064
Q119985749	6000000014813654413
Q119985850	6000000003111870819
Q119985858	6000000003111922017
Q119985864	6000000003111804280
Q11998718	6000000015093692817
Q119988553	6000000003113149909
Q119988625	6000000003109017332
Q11998891	6000000011002635119
Q119988924	6000000003111759367
Q11999182	6000000076903240192
Q11999345	6000000002548926582
Q119993548	6000000006304579008
Q11999577	6000000034186300369
Q11999581	6000000013185335698
Q119996977	6000000195819045837
Q11999848	6000000199765846830
Q120000150	6000000018757221166
Q120000286	6000000027231806547
Q120000627	6000000006598467132
Q12000080	6000000010046143807
Q12000084	6000000002893296142
Q12000141	6000000117769734007
Q120001869	6000000018607090730
Q120001875	6000000010783602901
Q120001908	6000000000689004064
Q120001909	6000000006110677136
Q120001915	6000000005003949177
Q12000205	6000000013248821117
Q120002090	6000000002541715160
Q120002092	6000000004273073762
Q120002097	6000000002541791117
Q120002104	6000000006757330044
Q120002120	6000000004593983231
Q120002161	6000000010641393740
Q120002164	6000000084720471913
Q120002165	6000000084720248460
Q120002168	6000000084719178771
Q120002170	6000000084777624860
Q120002172	6000000040966560621
Q120002174	6000000004594246389
Q120002178	6000000000144712047
Q120002186	6000000004594197795
Q120002189	6000000040349793739
Q120002195	6000000005402865282
Q120002198	6000000020097241270
Q120002205	6000000015346466918
Q120002241	6000000025014419557
Q120002322	6000000005402793286
Q120002523	6000000006597091513
Q120002546	6000000004594593036
Q120002551	6000000006573905966
Q120002552	6000000002603698253
Q120002629	6000000026783736235
Q12000333	6000000006364363056
Q12000354	6000000011083458065
Q12000359	6000000070626079001
Q12000360	6000000007618138600
Q12000368	6000000050550713833
Q12000369	6000000025706967015
Q12000373	6000000003937145740
Q12000376	6000000025223005925
Q12000385	6000000014000433384
Q12000392	6000000007634441698
Q12000405	6000000011790853582
Q12000417	6000000001462365924
Q12000419	6000000044950350915
Q1200048	5036545024110027081
Q12000505	6000000082872137364
Q1200053	6000000034251206266
Q12000545	6000000014166483926
Q12000630	6000000010465691524
Q12000633	6000000019224063166
Q12000654	6000000019335934594
Q12000682	6000000017061429628
Q12000684	6000000070006778882
Q12000740	6000000111733449868
Q12001071	6000000007362636961
Q12001298	6000000029780042980
Q120013153	6000000000750391447
Q1200141	6000000102023760845
Q12001711	6000000007047745176
Q12001791	6000000188931531827
Q12001905	6000000003363221814
Q12001979	6000000125916687129
Q12002015	6000000100828015015
Q12002018	6000000025590614322
Q12002034	6000000026094483819
Q12002039	6000000014776068365
Q12002041	6000000009780556416
Q12002046	6000000033649745993
Q12002096	6000000025541594250
Q120021848	6000000022733892999
Q120021864	379897699470007305
Q120023548	6000000000750391262
Q12002390	6000000185627060881
Q12002466	6000000000965060531
Q120025094	6000000005606717274
Q120025222	6000000005606773357
Q120025623	6000000191658768845
Q120025938	5542239382150127956
Q12002610	6000000058192843905
Q120026832	6000000003111848421
Q120027173	6000000005606210698
Q120027745	5474771267640066279
Q120027854	6000000005606319771
Q120027859	6000000005607018367
Q1200283	6000000017479054524
Q120028306	6000000005606631194
Q12002860	6000000007452777357
Q12002978	6000000105095395833
Q12002999	6000000116280812935
Q12003	6000000003342586674
Q12003049	6000000000728569261
Q12003066	6000000172899549628
Q12003077	6000000006859682442
Q12003104	6000000017866818311
Q12003162	6000000001324361263
Q12003163	6000000020762921442
Q12003289	6000000001119532602
Q12003362	6000000023700473741
Q12003473	6000000078551524935
Q120037	6000000179855730826
Q12003785	6000000010911879491
Q12003804	6000000190705199863
Q12003830	6000000010760898759
Q12004084	4605739
Q12004160	6000000079216787082
Q12004274	6000000202766442844
Q12004298	6000000097187166161
Q12004310	6000000009955571113
Q12004312	6000000014923691696
Q12004313	6000000026874757290
Q12004318	6000000014472451560
Q12004319	6000000010342009407
Q12004382	6000000008496916614
Q12004395	6000000035028166085
Q12004397	6000000019804870370
Q12004583	6000000173168497398
Q12004682	6000000006851270127
Q120047	6000000017652911309
Q12004788	6000000015761379196
Q12004858	6000000015346962179
Q12004859	6000000010664146880
Q12004861	6000000015648063629
Q12004863	6000000002164339837
Q12005	6000000177307952825
Q120050221	6000000007417421004
Q12005123	6000000014832251091
Q12005192	6000000027608368800
Q120052560	6000000084294663767
Q120052794	6000000007417421080
Q12005329	6000000006900232530
Q12005535	6000000091533520891
Q12005569	6000000016436812806
Q120057216	6000000034523729222
Q12005996	6000000009301725172
Q12005997	6000000012118491815
Q12006	6000000013287394991
Q12006004	6000000011171370599
Q12006052	6000000020380040105
Q12006082	6000000026227111475
Q12006107	6000000009243266667
Q12006129	6000000007635968446
Q12006151	6000000011744141119
Q12006169	6000000019684487018
Q12006176	6000000011225058563
Q12006177	6000000024363865995
Q12006178	6000000006613830001
Q120061793	6000000080188740242
Q120061795	6000000066371628001
Q12006182	6000000023739633796
Q12006189	6000000011974231455
Q12006195	6000000008327293225
Q12006197	6000000006809634963
Q12006199	6000000062017131999
Q12006201	6000000001506063340
Q12006205	6000000007845636352
Q12006206	6000000010031229743
Q12006210	6000000010198882191
Q12006212	6000000017602558919
Q12006214	6000000015063719133
Q12006221	6000000006263968971
Q12006228	6000000193586866849
Q12006229	6000000014146243092
Q12006234	6000000016650961673
Q12006238	6000000014522303226
Q12006240	6000000048807853898
Q1200625	6000000003724724700
Q1200630	6000000014054938231
Q1200639	6000000006864514280
Q12006428	6000000014144976705
Q120065068	4425745561750055058
Q120065259	6000000071300158970
Q120065309	6000000071300031082
Q120065848	6000000054082084493
Q12006815	6000000039402035649
Q12006917	6000000012626480444
Q12006967	6000000017122545030
Q12006978	6000000008895831943
Q12007	6000000216569492823
Q12007001	6000000055458411908
Q12007043	6000000038091628924
Q12007049	6000000089091643878
Q120070628	6000000187720623830
Q12007090	6000000028408512309
Q12007102	6000000025028194888
Q120071085	6000000186936984834
Q12007149	6000000040304957850
Q12007154	6000000040930362103
Q12007155	6000000068893756920
Q12007226	6000000003353318708
Q120073958	6000000007676331952
Q120074066	6000000015781172141
Q12007485	6000000011708118926
Q12007722	6000000002409069442
Q120077267	6000000187026661832
Q12007730	6000000076720127357
Q12007735	6000000006952211516
Q12007743	6000000018879448380
Q12007746	6000000053904374859
Q12007750	6000000051602204111
Q12007755	6000000020991568165
Q12007759	6000000077329248489
Q12007761	6000000076444763005
Q12007763	6000000015909585656
Q12007899	6000000024133426797
Q12008025	6000000012250740660
Q1200811	6000000171785282852
Q12008137	6000000010762348462
Q12008262	6000000004249282174
Q12008319	6000000001504835157
Q12008324	6000000127724942873
Q120085	6000000006894288001
Q1200855	6000000081393905076
Q12008830	6000000014257012946
Q12008855	6000000012427399955
Q12008919	6000000073937516833
Q120091	6000000058843651887
Q120093	6000000058747459839
Q12009305	6000000018769581246
Q120093256	6000000028204016312
Q120094959	6000000028204566862
Q12009807	6000000004640299747
Q12009815	6000000006861400200
Q12010220	6000000015239695398
Q120102537	6000000185220346875
Q120102546	6000000179894255822
Q12010337	6000000006612885001
Q12010338	6000000019554882497
Q12010372	6000000037437675145
Q12010498	6000000013821940254
Q120105079	6000000195038982851
Q12010529	6000000009367227233
Q120105300	6000000191628225849
Q120105430	6000000006127526889
Q12010634	6000000075745585043
Q12010635	6000000015989055467
Q12010640	6000000088724553868
Q12010642	6000000016567378045
Q12010644	6000000019367547075
Q12010651	6000000018421011813
Q12010657	6000000007895467417
Q12010659	6000000004204684430
Q12010660	6000000043018579204
Q12010661	6000000006335768667
Q12010680	365488721470011625
Q120107340	6000000196357776849
Q12010761	6000000014161165856
Q120107911	6000000008496865187
Q120107972	6000000022816378458
Q120108027	6000000000829746155
Q12010843	6000000031875601703
Q12010989	6000000010666103481
Q12010990	6000000062134173850
Q120111	6000000034084229551
Q12011703	6000000037385537186
Q120118	6000000019666659330
Q12011886	6000000019351262453
Q12011915	5225025688180032553
Q12012094	6000000048752174845
Q12012125	6000000025408800964
Q12012161	6000000048360017844
Q12012270	6000000005440726090
Q120122729	6000000011545835660
Q120122833	6000000011972264667
Q120122838	6000000007876667201
Q120122872	6000000044727002097
Q120122923	6000000018034348200
Q120122925	6000000018034249755
Q120122928	6000000007684573406
Q120122929	6000000000426529582
Q12012295	6000000003363091646
Q120122971	6000000005077034646
Q1201230	6000000000305266573
Q120123009	6000000002426669345
Q12012337	6000000177563930908
Q120123608	6000000025582314091
Q120126	6000000156208527867
Q12013008	6000000030122784275
Q120130763	6000000006298888276
Q120131089	6000000008828414015
Q120131586	6000000009045542923
Q12013254	6000000021036169048
Q120134	6000000177740751824
Q12013417	6000000000569490019
Q120134555	6000000009447049858
Q120134569	6000000009447517539
Q120134779	6000000014534924243
Q120134941	6000000031007586969
Q120137	6000000036474086014
Q120138167	6000000006331065361
Q120138168	6000000003754643840
Q12013955	6000000173358581920
Q12014068	6000000056522263123
Q1201410	6000000184188001866
Q120141157	6000000079649844822
Q120142	6000000114282385056
Q120142934	6000000000161376975
Q120142941	6000000004086650788
Q120142946	6000000000417247421
Q120142947	6000000004993575567
Q120142993	6000000003949940138
Q120143025	6000000000834382998
Q120143027	6000000002006130126
Q120143051	6000000002005865461
Q12014326	6000000035704725793
Q120143578	6000000041150150738
Q120143581	6000000000133796522
Q120143584	6000000000893247125
Q120143653	6000000003904497895
Q120143680	6000000017127537264
Q120143684	6000000003904389998
Q120143721	6000000002293672759
Q120143746	6000000024464140988
Q120143747	6000000029737040889
Q120143776	6000000000969997472
Q120143777	6000000000969997384
Q120143782	6000000001749567191
Q120143785	6000000001908494160
Q120143790	389371090510005957
Q120143791	6000000000133545867
Q120143794	6000000045886659049
Q120143795	6000000000485169604
Q120144113	6000000003940405162
Q12014435	6000000083069027032
Q12014435	6000000177211903841
Q120144447	6000000018514431029
Q12014446	6000000083070790878
Q120144479	6000000018513944433
Q120144492	6000000018514350234
Q12014478	6000000128902066822
Q1201452	6000000012505361599
Q1201466	6000000006418091192
Q120147139	6000000180075634843
Q120147212	6000000067334053884
Q120147304	6000000001391757203
Q120147470	6000000002250002812
Q120147476	6000000192596462830
Q120147624	6000000001363514563
Q120147698	6000000042833092244
Q120147701	6000000025055877473
Q120147705	6000000013060753300
Q120147708	6000000011123429177
Q120147714	6000000013060697325
Q120147719	6000000000700819915
Q120147722	6000000007602914205
Q120147761	6000000013060633365
Q120147763	6000000013060685409
Q120147949	6000000123574455821
Q120147977	6000000027959738277
Q1201481	6000000001942946989
Q120148621	6000000042833178280
Q120148622	6000000027949188888
Q12014993	6000000025590644856
Q12015052	6000000060270046176
Q120151753	6000000098585439821
Q120151787	6000000098585435821
Q120153023	6000000054524154928
Q120153258	6000000002385172514
Q120154958	6000000015666204679
Q12015635	6000000040862861400
Q120157779	6000000006127732746
Q1201597	6000000014743632896
Q1201605	6000000021676037634
Q120161533	6000000128673808285
Q120162051	6000000016565410294
Q120162270	6000000000084248569
Q120162986	6000000000524856260
Q120163009	6000000000511975883
Q120163995	6000000195943921822
Q120164153	6000000193955897846
Q120164185	6000000182266507821
Q120164195	6000000004018446754
Q120164222	6000000004018499784
Q120164292	6000000004018610912
Q120164704	6000000013248339917
Q120164814	6000000016565323972
Q120164973	6000000022682317943
Q12016605	6000000198738051964
Q12016634	6000000054694899997
Q120166895	6000000195944674838
Q120168142	6000000195945860882
Q12016852	6000000063170364970
Q12016864	6000000043214931048
Q12016880	6000000029380614290
Q120168981	6000000002663468161
Q12016919	6000000009707199619
Q12016986	6000000019405503211
Q120169940	6000000036767435824
Q120170015	6000000037310144359
Q12017003	6000000018688442012
Q120170053	6000000008521372908
Q12017013	6000000156630720902
Q12017025	6000000067797741821
Q12017050	6000000040350896832
Q120170565	6000000008521371286
Q12017068	6000000001528853977
Q12017076	6000000163823485345
Q12017086	6000000171788814932
Q12017099	6000000174251398943
Q12017103	6000000029390933799
Q12017106	6000000032080317070
Q12017129	6000000016389187336
Q12017130	6000000026000774648
Q12017133	6000000016360490420
Q12017142	6000000011035173233
Q12017144	6000000200401180856
Q12017189	6000000182944429824
Q12017191	6000000000239324821
Q12017193	6000000075663512164
Q12017206	6000000043379503258
Q12017208	6000000070781002951
Q12017213	6000000009656458703
Q12017298	6000000075246445841
Q12017304	6000000009144007982
Q12017327	6000000179853089825
Q12017337	6000000089971293853
Q12017355	6000000094211878898
Q12017356	6000000147226239904
Q12017373	6000000172926781289
Q12017408	6000000037251254121
Q12017414	6000000069281499821
Q12017415	6000000214171638822
Q12017426	6000000026105708304
Q12017443	6000000182713691829
Q12017447	6000000053455914932
Q12017478	6000000024530982448
Q12017481	6000000000726580810
Q12017486	6000000224817270848
Q120175	6000000013311260154
Q120175193	6000000026283442016
Q120175195	6000000020328913717
Q120175202	6000000003040823281
Q120175205	6000000008231328638
Q120175214	6000000015651029411
Q120175216	6000000034896477069
Q120175217	6000000026283164445
Q120175218	6000000027985766293
Q120175220	6000000041048992088
Q120175221	6000000007371010445
Q120175223	6000000010113229929
Q120175229	6000000015651611651
Q120175241	6000000027985623644
Q120175243	6000000008552474518
Q120175246	6000000015651362827
Q120175247	6000000028773832629
Q120175248	6000000017088813261
Q120175250	6000000017088523545
Q120175252	6000000017087217452
Q120175256	6000000031908203810
Q120175305	6000000027816678151
Q120175306	382861451260013349
Q120175308	6000000027894657541
Q120175311	6000000012125818607
Q120175311	6000000180172750827
Q120175322	6000000018507715429
Q120175323	6000000018507760268
Q12017539	6000000053486562100
Q12017551	6000000107502800996
Q12017572	6000000099949250024
Q12017587	6000000020249081709
Q12017594	6000000000168084876
Q12017602	6000000053455677014
Q12017603	6000000016790181598
Q12017606	6000000003546753586
Q120176097	6000000003173495633
Q12017612	6000000139519854822
Q12017614	6000000179449671821
Q12017631	6000000079265866066
Q12017640	6000000012617818118
Q12017643	6000000020654478054
Q12017659	6000000007217370228
Q12017664	6000000111891416929
Q12017671	6000000041810784965
Q120177117	6000000006954684075
Q12017723	6000000212177618614
Q12017732	6000000168534951821
Q12017738	6000000182737023822
Q12017741	6000000039024209826
Q12017742	6000000206929032859
Q12017767	6000000016316987164
Q12017799	6000000058913325821
Q12017810	6000000019116264151
Q12017848	6000000081109730285
Q120179204	6000000021720276465
Q120180	6000000003245207225
Q12018009	6000000181756923821
Q12018096	6000000079864604893
Q120181025	6000000031509892034
Q12018105	6000000043999869180
Q120181627	6000000032035768830
Q120181783	6000000006917931770
Q120181902	6000000015633187128
Q12018195	6000000061305427015
Q12018218	6000000000325932208
Q120182472	6000000032038082039
Q120182881	6000000002452822403
Q12018502	6000000068746273845
Q12018515	6000000172534163189
Q12018517	6000000026012712054
Q12018519	6000000017674784753
Q12018524	6000000076904901299
Q12018528	6000000042219891153
Q12018532	6000000125917116900
Q12018533	6000000031142167141
Q12018538	6000000041015567248
Q120186165	6000000013287421505
Q120186232	6000000015528680440
Q120186243	6000000004593756728
Q120186270	6000000189642426827
Q120186282	6000000007144783524
Q120186362	6000000003772718988
Q120186599	6000000032034934795
Q12018694	6000000019624165411
Q120187014	6000000008333080221
Q120187022	6000000008332958510
Q120187023	6000000003939509803
Q120187024	6000000003075678825
Q120187120	6000000018127746862
Q120188531	6000000112661148935
Q12018945	6000000052412418895
Q12018946	6000000024592801895
Q12018948	6000000077706888918
Q12018957	6000000081551938289
Q120189612	6000000009109894156
Q12018983	6000000024589682297
Q12018988	6000000075326522358
Q12018998	6000000179450819821
Q12019035	6000000057008031925
Q12019038	6000000017128781301
Q12019039	6000000191994659824
Q12019247	6000000108518616839
Q12019248	6000000001827179209
Q120193114	6000000014384451497
Q12019373	6000000013883212330
Q12019404	6000000024556065549
Q12019422	6000000083630195765
Q12019446	6000000211860245821
Q12019509	6000000012812868578
Q12019513	6000000018689196671
Q12019533	6000000026138553130
Q12019539	6000000022939946460
Q12019607	6000000019133931786
Q12019633	6000000205947604845
Q12019634	6000000013492790872
Q120196926	6000000104697530052
Q120197119	6000000003652788894
Q120197438	6000000104696945952
Q120198646	6000000015740926933
Q120198708	6000000015741362249
Q120198713	6000000000731875606
Q120199406	6000000009986682251
Q120202112	6000000167323255138
Q120203253	6000000001193977343
Q12020854	6000000166429261981
Q12020900	6000000015528520976
Q12021132	6000000176093278825
Q12021136	6000000051178966931
Q12021427	6000000179185324841
Q12021430	6000000190269816843
Q120215	6000000020372618780
Q12021501	6000000031806486891
Q12021533	6000000010092799288
Q12021644	6000000132559221927
Q120216620	6000000041582447949
Q12021814	6000000185577316850
Q12021832	6000000086048225850
Q12021873	335093790060014656
Q12021898	6000000026944222877
Q12021916	6000000125194852846
Q12021939	6000000169027063468
Q12021963	6000000034580882134
Q12021972	6000000004096764440
Q12022003	6000000105087742898
Q12022006	6000000000094608934
Q120220223	6000000177232273821
Q12022140	6000000031806054552
Q12022177	6000000175058453885
Q12022212	6000000021037407303
Q12022271	6000000050356645054
Q12022275	6000000052333324907
Q12022411	6000000216527946278
Q12022451	6000000051111510896
Q12022454	6000000025017662032
Q120225	6000000014699094992
Q12022502	6000000163759607093
Q12022520	6000000010608237310
Q12022553	6000000085251634962
Q12022577	6000000064108414343
Q12022582	6000000088763386846
Q12022630	6000000061184123998
Q12022655	6000000083257629113
Q12022667	6000000181001237878
Q12022679	6000000091762231874
Q12022686	6000000043009318807
Q120227	6000000064022081138
Q12022708	6000000178031507833
Q12022710	6000000081304147033
Q12022716	6000000069422109170
Q12022726	6000000054943796822
Q12022729	6000000016521736885
Q12022772	6000000064110356821
Q12022776	6000000156163955835
Q12022795	6000000041157356691
Q12022864	6000000084961414521
Q12022873	6000000201175726839
Q12022881	6000000053132643957
Q12022883	6000000048770594852
Q12022886	6000000015481527174
Q12022909	6000000165963308827
Q12022992	6000000144738314933
Q12022999	6000000074173043727
Q12023020	6000000182713228864
Q12023026	6000000058683313143
Q12023037	6000000163752164249
Q12023067	6000000004556729307
Q12023086	4224767990950068311
Q12023093	6000000185628753839
Q12023096	6000000009308212679
Q12023108	6000000122657349825
Q12023120	6000000224817199886
Q12023124	6000000212711869824
Q12023129	6000000212932932834
Q12023133	6000000034654315768
Q12023161	6000000015035639246
Q12023198	6000000182713476827
Q12023200	6000000178616929845
Q12023269	6000000182902918866
Q12023273	6000000034292076834
Q12023285	6000000173201248833
Q12023326	6000000121703437894
Q12023332	5620045191390061962
Q12023333	6000000128524147888
Q120233472	6000000069468945992
Q12023364	6000000070995639111
Q12023399	6000000088963183844
Q120234	6000000009772021852
Q12023403	6000000059888253025
Q12023470	6000000084759148141
Q12023485	6000000076039883191
Q12023561	6000000080768480940
Q12023581	6000000037647096842
Q12023593	6000000078550316103
Q12023605	6000000169026403087
Q12023626	6000000015361596070
Q12023674	6000000000237637031
Q12023694	6000000003489131764
Q12023707	6000000023080196283
Q12023726	6000000076044166845
Q12023761	6000000011687095826
Q12023776	6000000195672903821
Q12023791	6000000012927100138
Q12023794	6000000103837710893
Q12023801	6000000088627095019
Q120238146	6000000006371757024
Q12023829	6000000205736137869
Q12023838	6000000096218291407
Q12023853	6000000064611709905
Q12023928	6000000025627241890
Q12023929	6000000201180101823
Q12023964	285637810040003196
Q12023975	6000000103359058104
Q12023977	6000000206444501821
Q12024013	6000000163750534851
Q12024017	6000000064109098188
Q12024029	382172517940011352
Q12024072	6000000034481669286
Q12024143	6000000010628401521
Q12024175	6000000084042051015
Q120246576	6000000010336982296
Q120246759	6000000010336494776
Q12024780	6000000025721248000
Q120248	6000000036953757965
Q12024808	6000000016713678035
Q12024819	6000000174162406840
Q12024840	6000000166430665168
Q12024966	6000000216309352841
Q12024967	6000000202850843943
Q12025021	6000000077659650553
Q12025051	6000000111125026824
Q12025076	6000000025497663937
Q12025088	6000000073383930031
Q12025127	6000000002076129008
Q120251276	6000000020205449372
Q12025197	6000000000232080101
Q12025291	6000000083174300152
Q120253050	6000000185196862911
Q12025318	6000000031845702885
Q12025353	6000000038897957046
Q12025356	6000000010482037586
Q12025359	6000000078550623224
Q120253814	6000000014693502627
Q12025410	6000000002043607044
Q12025420	6000000000261101123
Q12025446	6000000186294926886
Q12025499	6000000009308140167
Q12025542	6000000022478837484
Q12025552	6000000043435962121
Q12025556	6000000022568931675
Q12025579	6000000051388644874
Q12025614	6000000069423815970
Q12025616	6000000186059017549
Q12025702	6000000093510043063
Q12025738	6000000052081930076
Q12025741	6000000025553358498
Q12025754	6000000010069781122
Q12025755	6000000057074660178
Q12025769	6000000015357317500
Q12025776	6000000080286129256
Q12025778	6000000121027313865
Q12025789	6000000024859537578
Q12025793	6000000038936062015
Q12025799	6000000059825915170
Q12025869	6000000156528848930
Q12025891	6000000173200837144
Q120259110	6000000004872394732
Q120259461	6000000004872366335
Q120259639	6000000004872385080
Q120259774	6000000004872385171
Q120259809	6000000004872385454
Q120259870	6000000032863214351
Q12025994	6000000089735549825
Q120259942	6000000032835929128
Q12026004	6000000054684336822
Q12026009	6000000024183270778
Q12026014	6000000050752209166
Q12026036	6000000103826998377
Q12026037	6000000078549404459
Q12026045	4152496779810046899
Q12026047	6000000110603856850
Q12026056	6000000168659734897
Q12026063	6000000031852461895
Q12026066	6000000013440412254
Q12026093	6000000158528599848
Q12026107	6000000026021973904
Q12026134	6000000085816971997
Q12026166	6000000069401838834
Q12026167	6000000180997748890
Q12026194	6000000184302246835
Q12026202	6000000047454152006
Q12026214	6000000040587994863
Q12026265	6000000052087990863
Q12026272	6000000026885719406
Q120262837	6000000004872366883
Q12026325	6000000183583643845
Q120263282	6000000004872390949
Q12026329	6000000141035112925
Q12026331	6000000163751357226
Q12026350	6000000037557114252
Q12026361	6000000058461495910
Q12026367	6000000085350435959
Q12026380	6000000017964983332
Q120264503	6000000004872394397
Q12026463	6000000026794989073
Q12026464	6000000091670482985
Q12026465	6000000082596933878
Q12026475	6000000000253500049
Q120264769	6000000083588687610
Q120264773	6000000056526512880
Q12026485	6000000000073996732
Q120264963	6000000004870769967
Q12026507	6000000012618334828
Q120265357	6000000184928947859
Q12026554	6000000076835123857
Q120265594	6000000054196016864
Q12026560	6000000036222268381
Q12026569	6000000018400554373
Q12026579	6000000145880322854
Q12026580	6000000105951378890
Q120265847	6000000007300408456
Q12026585	6000000208296764830
Q12026596	6000000193539170821
Q12026606	6000000153314119821
Q12026659	6000000129084019016
Q12026672	6000000100560843864
Q12026683	6000000017601239667
Q120266882	6000000022875706952
Q120266955	6000000022091250044
Q120267197	6000000076690046877
Q12026723	6000000054250886973
Q12026726	6000000024772307192
Q120267320	6000000024500704835
Q12026733	6000000024580518590
Q12026753	6000000174531512933
Q12026764	6000000020309276910
Q12026792	6000000040561623913
Q12026798	6000000091696496807
Q12026800	6000000067662026918
Q12026820	6000000061264609301
Q12026836	6000000020445762355
Q12026855	6000000198711029835
Q12026861	6000000040735507311
Q12026865	4262968428350041224
Q12026867	6000000211732302749
Q12026872	6000000022134308457
Q12026879	6000000004743975024
Q12026889	6000000178670852821
Q12026890	6000000081039679842
Q12026894	6000000079499222648
Q120269026	6000000179876171822
Q120269126	6000000099647636847
Q12026922	6000000176714757851
Q12026928	6000000100335321821
Q12026950	6000000193232093880
Q12027081	6000000075281421124
Q12027091	6000000064832589823
Q12027136	6000000032418873321
Q12027173	6000000120270814834
Q12027184	6000000031589252787
Q12027277	6000000203707481830
Q12027311	6000000040557931228
Q12027327	6000000034646727437
Q12027367	6000000034647952913
Q12027375	4704767021190068442
Q12027429	6000000074905098821
Q12027437	6000000041033259352
Q12027492	6000000039400478214
Q12027499	6000000171745637039
Q12027532	6000000184129652867
Q120278321	6000000190526194824
Q120278498	6000000016305306558
Q12027887	6000000019829215095
Q12027891	6000000173021187719
Q12027895	6000000193329032856
Q120279	6000000024984248578
Q120279002	6000000091661992829
Q120279084	6000000194075219821
Q120279401	6000000016124519840
Q120279828	6000000038824650971
Q120279960	6000000208379190841
Q120280258	6000000053144983905
Q120280746	6000000022875740993
Q120280931	6000000016214180601
Q12028105	6000000194619248821
Q120281111	6000000213178145829
Q120281136	6000000001420967657
Q12028138	6000000147426901927
Q12028143	6000000068055447869
Q12028158	6000000115163068913
Q12028166	6000000181000309873
Q12028173	6000000050109162839
Q12028175	6000000200866959828
Q120281786	6000000056965549864
Q12028188	6000000178445687843
Q12028191	6000000038422186750
Q12028213	6000000054977198837
Q12028220	6000000147241782935
Q12028222	6000000129098504878
Q12028229	6000000085040417335
Q12028238	6000000064147362016
Q120282468	6000000023427622895
Q120282469	6000000044883944169
Q12028252	6000000080942631890
Q12028253	6000000216857060376
Q12028274	6000000016297214005
Q120282804	6000000186841605851
Q12028307	6000000069281124853
Q12028331	6000000164070339123
Q12028332	6000000081303138700
Q12028340	6000000009656619612
Q12028376	6000000100353059983
Q12028377	6000000025476424691
Q12028425	6000000187208988430
Q12028432	6000000207261399863
Q12028478	6000000027596591712
Q12028481	6000000011358625448
Q12028527	6000000070871696911
Q12028541	6000000069285939884
Q12028542	6000000061726440973
Q12028567	6000000064116098962
Q12028572	6000000016297255028
Q12028578	6000000044275474928
Q12028586	6000000122674522861
Q12028600	6000000194620413838
Q12028644	6000000083231929263
Q12028683	6000000007014414744
Q12028686	6000000024132466990
Q12028696	6000000071619269889
Q12028698	6000000189405857838
Q12028699	6000000032207390605
Q12028700	6000000084477260877
Q12028926	6000000006727790360
Q120295275	6000000057344478360
Q1203	6000000003638168340
Q120305206	6000000091238864997
Q120305521	6000000091238868919
Q120305918	6000000069992504972
Q120306436	6000000043355351439
Q120306456	6000000043355193105
Q120306883	6000000043355448433
Q120308	6000000017727137232
Q120308045	6000000014234115912
Q120309056	6000000195836532841
Q120312545	6000000043354518591
Q120313068	6000000071015622910
Q120313838	6000000195825008838
Q120314407	6000000195836843825
Q12031491	6000000015356376875
Q12031917	6000000025244082674
Q12031960	6000000021010508658
Q120321	6000000019574714549
Q12032514	6000000203392437827
Q12032521	6000000087212451863
Q12032542	6000000003183588125
Q12032553	6000000088711695994
Q12032573	6000000054250750099
Q12032579	6000000041993575023
Q12032592	6000000069296980984
Q12032605	6000000039024012832
Q120326103	6000000003177793937
Q120326113	6000000003177913812
Q120326130	6000000003042004622
Q12032618	6000000032333332123
Q120326193	6000000143165707881
Q120326196	6000000010188914533
Q12032635	6000000173885720766
Q12032675	6000000005758017130
Q12032775	6000000203333823854
Q120328166	6000000016103773684
Q120328212	6000000023404763042
Q120328316	6000000054930545939
Q120328319	6000000003137091924
Q120328322	6000000003137072838
Q120328324	6000000004099571122
Q120328329	6000000002275726900
Q120328408	6000000088690023860
Q12032951	6000000001747495632
Q12032971	6000000004301837867
Q12032975	6000000048438973014
Q12032978	6000000035415642149
Q12032979	6000000040439157273
Q12032980	6000000013917339183
Q12032981	6000000180840555836
Q12032983	6000000037494882815
Q12033002	6000000160063940822
Q12033010	6000000091670491019
Q12033011	6000000015664506281
Q12033156	6000000211869479822
Q12033170	6000000020376238368
Q120333023	6000000001483035343
Q120333163	6000000147688908865
Q12033387	6000000211950158827
Q120334103	6000000196374073821
Q12033414	6000000080769619859
Q12033639	6000000035593271047
Q120336801	6000000195523269835
Q120336858	6000000147678492836
Q120336877	6000000196373237845
Q12034066	6000000031843971700
Q120340687	6000000186842032832
Q120340709	6000000187357365846
Q12034086	6000000120955989873
Q120340895	6000000195565743830
Q120340958	6000000007739917115
Q12034113	6000000192761886884
Q12034155	6000000076043309046
Q12034200	6000000184685075152
Q12034218	6000000069281290832
Q12034239	6000000081805060008
Q12034241	6000000014543709571
Q12034242	6000000154082040822
Q12034257	6000000019703676510
Q12034262	6000000053435862925
Q12034276	6000000016436842006
Q12034279	6000000084459148321
Q12034412	6000000089616624822
Q12034416	6000000022587200812
Q120346369	6000000023383766938
Q12034869	6000000090906308828
Q120351	6000000006727778173
Q12035366	6000000111125026841
Q12035381	6000000081300751828
Q120354	6000000097167980946
Q12035413	6000000016364454991
Q12035453	6000000018047955006
Q12035457	6000000027576904671
Q12035472	6000000048193578731
Q12035482	6000000052628674013
Q12035497	6000000179684118832
Q12035502	6000000057609610090
Q12035514	6000000050022834269
Q120355705	6000000013177581294
Q12035716	6000000003575390332
Q12035725	6000000064157164959
Q12035773	6000000195662769876
Q12035792	6000000021156421037
Q120357991	6000000006589193888
Q12035846	6000000069240830891
Q12035862	6000000012431753850
Q12035899	6000000025819736609
Q12036072	6000000173115234716
Q12036100	6000000056626993007
Q12036106	6000000034625637738
Q12036118	6000000081961677749
Q12036120	6000000163760759931
Q12036124	6000000111834137858
Q12036148	6000000208365357836
Q12036159	6000000017544986140
Q12036162	6000000016901212758
Q12036163	6000000021011767565
Q12036164	6000000056920845851
Q12036165	6000000184119086832
Q12036445	6000000034648078872
Q120365	6000000057708454884
Q1203664	6000000002182986082
Q12036675	6000000074165510830
Q12036715	6000000035593593506
Q120367414	6000000006161526259
Q120367493	6000000195820474881
Q120368	6000000033550694025
Q120368167	6000000074706903313
Q12037131	4461745
Q12037147	5619068110540060698
Q12037151	6000000076052070006
Q12037154	6000000203335680821
Q120372	6000000040232569266
Q12037205	6000000032533249562
Q12037217	6000000075134051856
Q1203724	6000000014711103303
Q120372610	6000000195849693855
Q120372833	6000000017371284503
Q12037295	6000000193396499821
Q120373067	6000000032488388537
Q120373073	6000000196066719834
Q12037338	6000000179684367822
Q12037372	6000000049573761916
Q12037447	6000000058803062858
Q12037517	6000000081963415054
Q12037549	6000000214490097831
Q12037556	6000000041833991279
Q12037560	6000000006420642037
Q12037579	6000000139177945963
Q12037620	6000000164884754848
Q12037630	6000000211732302808
Q12037641	6000000075252409847
Q120378401	6000000147688666922
Q12037847	6000000022156672210
Q120378617	6000000018750190010
Q12037876	6000000172649835871
Q120378977	5222241246460135374
Q120378984	5112506312790137251
Q12037904	6000000194009897854
Q120379299	6000000029200832527
Q12037937	6000000000387621515
Q12037976	6000000019737791007
Q12037980	6000000215946902821
Q12037989	6000000187799515641
Q12037991	6000000026730941822
Q12037996	6000000181750910950
Q120380	6000000021766594480
Q120381055	6000000014348370853
Q120381310	6000000179188313840
Q120381365	6000000022891385211
Q120382186	6000000041217714241
Q12038319	6000000164940581024
Q12038496	6000000010373588321
Q1203858	6000000021051216717
Q12038699	6000000012449737775
Q12038700	6000000056481446170
Q12038927	6000000033333662355
Q1203900	6000000041133104228
Q120390509	6000000028694482913
Q120400869	6000000076034034936
Q120405014	6000000001483035359
Q120405704	6000000001483034214
Q120408042	6000000196419954835
Q12040950	6000000089416566867
Q12041031	6000000103831286891
Q12041038	6000000000428724531
Q12041040	6000000082723459941
Q120410439	6000000196093213821
Q120411	6000000019171952940
Q120411265	6000000011299102043
Q120411690	6000000020341694252
Q120416059	6000000010967373785
Q120416064	6000000010967453626
Q120416072	6000000034252117881
Q120416079	6000000013894968076
Q120416084	6000000013894885729
Q120416090	6000000003966465867
Q120416129	6000000003746993604
Q120416135	6000000003747305512
Q120416136	6000000027672066757
Q120418303	6000000190792946868
Q1204208	6000000009796754104
Q12042361	6000000057777368913
Q12042377	6000000132704437821
Q12042425	6000000111094198883
Q12042430	6000000084350511904
Q12042452	6000000066597035821
Q12042536	6000000012812868584
Q12042544	6000000031227843828
Q12042550	6000000179683585862
Q12042643	6000000191832212260
Q12042721	6000000177183014840
Q12043150	6000000044481870283
Q12043156	6000000177889258839
Q12043158	6000000019481009063
Q120431659	6000000176042962387
Q12043170	6000000038422689283
Q12043172	6000000146081307828
Q120431743	6000000022274792203
Q12043186	6000000187210268981
Q12043191	6000000081805691078
Q12043195	6000000194361907943
Q12043197	6000000107535826836
Q120432	6000000041764595233
Q12043208	6000000003632952845
Q12043212	6000000186167244110
Q12043215	6000000172260307267
Q12043218	6000000018047645540
Q12043247	6000000025541734065
Q12043305	362129616480013864
Q12043312	6000000196964566860
Q12043314	6000000014208523341
Q12043320	6000000004833124507
Q12043322	6000000048758594975
Q120433266	6000000051804105954
Q12043327	6000000021120392416
Q120433293	6000000069065450917
Q120433460	6000000008017722865
Q120433834	6000000044556726260
Q120434060	6000000012410476354
Q120434172	6000000195565073868
Q120434964	6000000034235634068
Q12043965	6000000025361561682
Q12043990	6000000030347229131
Q12044085	6000000075835632822
Q12044087	6000000222055975854
Q12044121	6000000203996350833
Q12044131	6000000185151269821
Q12044164	6000000003217900311
Q120441649	6000000072568286233
Q12044197	6000000180942233830
Q120442	6000000182576223852
Q120442513	6000000196419780851
Q12044252	6000000083174768219
Q120442537	6000000000827428177
Q12044274	6000000199351875831
Q12044302	6000000079128310821
Q12044349	6000000180999500865
Q12044409	6000000074903206216
Q120444261	6000000196419754844
Q120444313	6000000000792430836
Q120444488	6000000000839300001
Q12044615	6000000026941182137
Q120447415	6000000049321840835
Q120447601	6000000003410630278
Q12044823	6000000177000320823
Q12044843	6000000081058835841
Q120448657	6000000012411578048
Q12044919	6000000185148891880
Q120450	6000000008501379464
Q12045006	6000000041492728162
Q12045032	6000000041558692939
Q120450506	6000000012412061643
Q120450527	6000000155226351935
Q12045120	6000000067589352825
Q120459003	6000000011032776626
Q120459521	6000000024075987113
Q120460734	6000000011033048353
Q120465226	6000000008285413220
Q1204653	6000000048494607444
Q120465349	6000000008805856338
Q120465850	6000000009186589013
Q120465952	6000000008805856343
Q120466893	6000000009504392078
Q120469	6000000013971298482
Q120470109	6000000005230795650
Q120470317	6000000008837345398
Q120471076	6000000008601712385
Q12047135	6000000019404503837
Q12047141	6000000012618318570
Q12047145	6000000042067415942
Q120471675	6000000016585439543
Q120471785	6000000016585347911
Q120471891	6000000008972365873
Q120472537	6000000010540570165
Q1204764	6000000002599973482
Q120479	6000000019000637113
Q12048031	6000000029779803628
Q120481598	6000000077981198464
Q120482487	6000000192728840822
Q120482530	6000000051805029907
Q120486484	6000000077254081487
Q12048689	6000000057101091859
Q12048744	6000000210657837877
Q1204884	6000000013052650445
Q12048891	6000000054313945118
Q120489	6000000182658194832
Q12048907	6000000080768367980
Q120489137	6000000019711085619
Q120489476	6000000048751789937
Q120489635	6000000196171439849
Q120489872	6000000031642880898
Q120491062	6000000031476408011
Q120491502	6000000196181012823
Q120491523	6000000035175579688
Q120491845	6000000185022824825
Q120491931	6000000000569463284
Q120492029	6000000026685008601
Q12049219	6000000105865936008
Q120493225	6000000026685328575
Q12049363	6000000111405494553
Q120493679	6000000007081490006
Q12049411	6000000017028384573
Q12049500	6000000025753362128
Q12049505	6000000015268808597
Q120495445	6000000012169851264
Q120495454	6000000064164210874
Q120495983	6000000031474810395
Q120496083	6000000015611909157
Q120496114	6000000019362951957
Q120496308	6000000013802003703
Q12049682	6000000035019873096
Q12049774	6000000009977751655
Q120499885	6000000028694633016
Q120500673	6000000058047108308
Q120501098	6000000049856641041
Q12050136	6000000086137562941
Q12050146	6000000085904852828
Q12050156	6000000001741969550
Q12050158	6000000207908012837
Q12050174	6000000075884994885
Q12050177	6000000024699020273
Q12050180	6000000179684611836
Q12050188	6000000008379558222
Q12050201	6000000074869335821
Q12050208	6000000111758170821
Q12050232	6000000022692709576
Q12050236	6000000035431581652
Q12050251	6000000019704498069
Q12050275	6000000018869164224
Q12050281	6000000178617257839
Q12050289	6000000179684089823
Q12050291	6000000017548021026
Q12050311	6000000021490489388
Q120504794	6000000036573923356
Q12050603	6000000083630611230
Q12050605	6000000001636782217
Q12050608	6000000079266616833
Q12050610	6000000199587967936
Q12050913	6000000141146674849
Q12050915	6000000039428251439
Q12050983	6000000100829180852
Q120512181	6000000013223570424
Q120512823	6000000158343359821
Q120514160	6000000158343507825
Q120514251	6000000188685663994
Q120514281	6000000158343920828
Q120514321	6000000027006872744
Q120514353	6000000158346185822
Q12051509	6000000100829123910
Q120516437	6000000021344479316
Q120518216	6000000006943355111
Q120520017	6000000058126223837
Q120520597	6000000003307922735
Q120520628	6000000003308003699
Q120520768	6000000002968689082
Q120520875	6000000026465398276
Q120521017	6000000021954846401
Q120521344	6000000021955220672
Q120522453	6000000004229255925
Q120525470	6000000017847872066
Q120525912	6000000001180149680
Q120526	6000000014675655728
Q12053033	6000000004539269276
Q12053100	6000000025412288832
Q12053133	6000000020409207842
Q120533	6000000004241336528
Q12053707	6000000031921601451
Q12053936	6000000010553961563
Q12054170	6000000022396432245
Q12054268	6000000065493825903
Q120542733	6000000004088500341
Q12054356	6000000001384673403
Q12054699	6000000035594131887
Q12054707	6000000011091679216
Q120549538	6000000001734956246
Q120550456	6000000013340387756
Q120550671	6000000008231121283
Q120550678	6000000008231085497
Q120551160	6000000003111580304
Q120551164	6000000021468100061
Q120551169	337472708330012007
Q120551232	6000000057618025948
Q120551237	6000000057618151990
Q120552	6000000002823118190
Q12055223	6000000077063963505
Q120552859	6000000002633540469
Q12055348	6000000017606923748
Q1205542	6000000013631410781
Q12055426	6000000002023872457
Q120556966	6000000013484441126
Q120556970	6000000015946348217
Q12055748	6000000038609561902
Q120558456	6000000148028498026
Q12055962	6000000003108736512
Q12056013	6000000021751663437
Q12056026	6000000016911029068
Q12056045	6000000105100032834
Q120560773	6000000147676725829
Q120562222	6000000014692582945
Q120562374	6000000034145295323
Q120563	6000000023854396082
Q120563307	6000000162325010823
Q12056754	6000000014024518396
Q120567761	6000000010397516076
Q120570021	6000000006945643104
Q120570812	6000000002984237038
Q120570874	6000000006945440433
Q120572	6000000069711636115
Q12057580	6000000036243937062
Q12057602	6000000078018509219
Q12057604	6000000060910315004
Q12057902	6000000008960158263
Q12058023	6000000014807256831
Q120580911	6000000007122349775
Q120581479	6000000023176773707
Q120582	6000000015451722884
Q12058255	6000000102547294040
Q120585554	6000000011441517885
Q12058695	6000000016316633877
Q12058698	6000000083953778085
Q12058726	6000000173005941623
Q120588	6000000123911206842
Q12058837	6000000074070453895
Q12058882	6000000053642912933
Q12058896	6000000078371371927
Q12058917	6000000052187071190
Q120590	5562759203810108217
Q12059006	6000000014372383989
Q120590322	6000000196260670846
Q12059231	6000000168138320926
Q12059296	6000000043195988769
Q12059344	6000000066981372857
Q12059349	6000000054637110984
Q120594394	6000000196261365826
Q12059633	6000000014071989305
Q120597440	6000000154660259838
Q120597735	6000000154659341983
Q120598038	6000000011330478038
Q120598039	6000000011324562861
Q120598259	6000000196520478840
Q120598315	6000000196553185860
Q120598359	6000000006323089194
Q120598387	6000000017079452529
Q120598388	6000000006323116100
Q120598416	6000000196552339946
Q120598423	6000000196551949943
Q120598448	6000000026828442199
Q120598650	6000000007452611310
Q120598860	6000000019855119112
Q120598867	6000000023501332391
Q120598871	6000000008231181106
Q120598983	6000000010113350449
Q120598984	6000000002705137038
Q120599025	6000000002860967961
Q120599231	6000000057636742075
Q120599630	6000000005052996300
Q120599905	6000000114659180940
Q120599910	6000000076236695440
Q120599921	6000000114659024855
Q120599933	6000000114663037825
Q120599938	6000000114662175881
Q120600572	6000000076237602870
Q120600620	6000000076237562912
Q12060131	6000000008198570668
Q120601380	6000000021827284989
Q120601420	6000000004683817835
Q120601475	6000000004099441995
Q120602671	6000000002896913519
Q120602804	6000000002897042435
Q120602826	6000000021414620675
Q120602835	6000000024277781810
Q120602914	6000000024277948695
Q120602934	6000000003939079181
Q120602950	6000000003937884282
Q120602998	6000000041915052037
Q120603023	6000000003937876721
Q120603072	6000000003939079214
Q12060311	6000000001959273521
Q120603351	6000000017579065931
Q12060609	6000000066596508006
Q12060656	6000000118853884838
Q12060673	6000000170422903861
Q12060860	6000000026160042115
Q120609	6000000014416446381
Q12060927	6000000016753226145
Q12060949	6000000002882057241
Q12060949	6000000084376527032
Q12061052	6000000053140548150
Q12061100	6000000019417786164
Q12061121	351713979770011850
Q12061121	6000000039611599657
Q12061386	6000000145528071920
Q12061534	6000000035367760582
Q120617896	6000000147688230067
Q12062055	6000000068964674868
Q120629329	6000000016455235259
Q120630315	6000000023440921793
Q120633728	6000000009169757227
Q120634085	6000000023858435792
Q120635464	6000000016120155050
Q120637461	6000000196297107826
Q120637511	6000000020788750143
Q120637551	6000000084694044203
Q120637618	6000000083022535887
Q120637678	6000000078311403182
Q12063801	6000000026245470103
Q120638024	6000000079320383613
Q120638026	6000000038459665967
Q120639624	6000000030167359937
Q120640	6000000002678615531
Q120640293	6000000023852764602
Q120642116	6000000022448879042
Q120647	6000000011380866369
Q120648250	6000000010091931073
Q120648398	6000000015808193032
Q120648402	6000000028043818018
Q12064924	6000000036116093834
Q120652	6000000013083292613
Q120653275	6000000033607688058
Q12065345	6000000040487226286
Q120653733	6000000033288105349
Q120653736	6000000006712075320
Q12065411	6000000030504295148
Q120655412	6000000014590519851
Q12066115	6000000001608801429
Q120661530	6000000191628183846
Q120661532	6000000191628337828
Q120661534	6000000191627278917
Q120661535	6000000191626906853
Q120661537	6000000191626835840
Q12066246	6000000010207517254
Q12066351	6000000018214271118
Q12066442	6000000009742855659
Q1206650	6000000074745043326
Q120667485	6000000176414030862
Q1206676	6000000013647815034
Q120667740	6000000176413291848
Q120667944	6000000183530321841
Q120669818	6000000112005835054
Q120670734	6000000147689299873
Q120671603	6000000008425321140
Q120671812	6000000008507396731
Q12067269	6000000051835252169
Q1206743	6000000009570901359
Q12067475	6000000032563521472
Q12067883	6000000014694246111
Q120679513	6000000196348921836
Q120681333	6000000194072665874
Q120681359	6000000196357732860
Q12068191	6000000033139142287
Q120682261	6000000013538891523
Q120683549	6000000083452097207
Q120684846	6000000016727212659
Q12068549	6000000017260777785
Q12068551	6000000013725034544
Q120685563	6000000012970784418
Q120686710	6000000064634769850
Q120686790	6000000064634339030
Q12068711	6000000145360768823
Q120688897	6000000017147518994
Q12068907	6000000172944390083
Q120689813	6000000040074504338
Q12069002	6000000007788211212
Q12069161	6000000010453516204
Q120691783	6000000147676698846
Q120691882	6000000031993421858
Q120692171	6000000071649181937
Q120692684	6000000195807739822
Q120692686	6000000012517647981
Q120692724	6000000012517982625
Q120692730	6000000126645110821
Q120692751	6000000012514336539
Q120692888	6000000012514432414
Q120692891	6000000016300742226
Q120692916	6000000196380316821
Q120692918	6000000012514288316
Q120692995	6000000011503582635
Q120693014	6000000018814274436
Q120693042	6000000018813549986
Q120693054	6000000196379899902
Q12069312	6000000175806516845
Q120693479	6000000012514405715
Q120693485	6000000006127502102
Q120693604	6000000012514127887
Q120698	6000000029225388882
Q120698724	6000000055530511982
Q120698732	6000000055529781407
Q120698734	6000000055530716950
Q120699	6000000010002310924
Q12070	6000000012790457653
Q120701	6000000022906041305
Q12070184	6000000018923897048
Q120702202	6000000017064087741
Q120703499	6000000006201992682
Q120707	6000000179857247827
Q12071246	6000000001837624524
Q120714282	6000000196421394832
Q12071546	6000000179819268822
Q120717233	6000000009870283644
Q120717238	6000000000795216951
Q120717260	6000000009870561401
Q120717263	6000000003634704784
Q120717264	6000000004237720986
Q120717268	6000000027398617106
Q120718266	6000000216830476821
Q120718314	6000000005441697416
Q120718459	6000000017594773382
Q120718926	6000000018619858749
Q120719072	6000000001657638433
Q120719166	6000000006444139132
Q120719219	6000000006963939796
Q120719221	6000000006964006846
Q120719222	6000000002603467913
Q120719372	6000000006444441411
Q120719373	6000000000954669672
Q120719373	6000000006444307156
Q120719383	6000000035868768295
Q120719449	6000000013382372573
Q120719465	6000000012177261617
Q120719485	6000000004828214602
Q120719489	6000000040905500271
Q120719501	6000000012177414456
Q120719503	6000000003771656021
Q120719503	6000000012178228790
Q120719504	6000000006444967038
Q120719504	6000000012178581228
Q120719518	6000000003770652101
Q120719521	6000000001319795340
Q120719525	6000000003858762757
Q120719529	6000000006444597293
Q120719543	6000000012177339418
Q120719641	6000000002898234223
Q120719833	6000000001007231812
Q120719838	6000000001007437198
Q120719848	6000000001319625266
Q120719853	387136923380004957
Q120719854	6000000001319659942
Q120719857	4701442
Q120719862	6000000001319693669
Q120719866	6000000001319630416
Q120720067	6000000017260732476
Q120720141	6000000023728051368
Q120720159	6000000012389867329
Q120720163	6000000012389914216
Q120720164	6000000012389541633
Q120720797	6000000003217282427
Q120720802	6000000003217282282
Q120720831	6000000016669615661
Q120722188	6000000004664240997
Q120722569	6000000018568030129
Q120722600	6000000056518780979
Q12072266	6000000005428568539
Q120722822	6000000017766587425
Q120722901	6000000009976648346
Q12072512	6000000002291998638
Q120726682	6000000196421383825
Q120726684	6000000196420391914
Q120728560	307468276350008265
Q120728826	6000000014081849883
Q120729244	6000000196429841843
Q12072963	6000000014766858596
Q12072979	6000000015579677021
Q12072993	6000000002428265048
Q12073	6000000044268532620
Q120731237	6000000003965205900
Q120731649	6000000012579498242
Q12073252	6000000006742006120
Q120733841	6000000026367523165
Q120733930	6000000127474128821
Q120733938	6000000216830637832
Q120733953	6000000196429997823
Q120734031	6000000012988710971
Q120734050	6000000012988548159
Q120735501	6000000001665198417
Q12073573	6000000015836507899
Q120736911	6000000003754873069
Q1207375	6000000036513897087
Q120737749	6000000089672669829
Q12074196	6000000017423589536
Q120746	6000000009240801287
Q12074958	6000000016104184051
Q120750801	6000000075614706018
Q120750803	6000000083966459358
Q120750815	6000000004828208336
Q120751336	6000000016506347900
Q120751426	6000000010808488324
Q120751985	6000000033002845688
Q120751995	6000000033003215884
Q120751997	4957570935520069303
Q120752084	6000000033002886458
Q120753284	6000000013334390313
Q120753316	6000000041003864033
Q120753317	6000000003549032827
Q120753341	6000000012513554081
Q120753585	6000000007417382246
Q120753618	6000000090366364881
Q120753636	6000000033600053273
Q120754396	6000000006347622153
Q120754739	6000000083262652190
Q12075482	6000000035237211126
Q120755216	6000000005077052484
Q120755271	6000000026606871338
Q120755285	6000000026606976255
Q120756	6000000031668292394
Q120756695	6000000020070646144
Q1207567	6000000049996567310
Q120756736	6000000018648061322
Q120757	6000000010222312810
Q120758337	6000000037495550215
Q12075836	6000000030238263188
Q120758535	6000000037495635171
Q120758542	6000000015184574196
Q120758556	6000000015184393461
Q120758635	6000000037495281781
Q120758720	6000000029676576581
Q120758858	6000000018647865768
Q120759118	6000000121885942834
Q120759118	6000000130737087039
Q120762889	6000000018871545159
Q120764801	6000000040080066630
Q120765096	6000000032907026833
Q120765333	6000000040939651821
Q120765350	6000000040939063989
Q120765360	6000000137341173927
Q120765379	6000000018112361161
Q120765434	6000000067679566855
Q120765496	6000000026606843742
Q120765506	6000000040939075063
Q120765539	6000000040938824322
Q120765541	6000000040939791863
Q120765543	6000000040939580938
Q120765555	6000000040938762412
Q120765603	6000000136970895848
Q120765619	6000000003858704306
Q120765753	6000000039880116160
Q12076610	6000000016460932762
Q120766263	6000000048706173860
Q1207679	6000000074701233426
Q12077	6000000027063180457
Q120771471	6000000018925115295
Q120774118	6000000196421403834
Q120774143	6000000196421431824
Q120775648	6000000031232253133
Q120775829	6000000130745724821
Q120776244	6000000021239607705
Q120776406	6000000016750049649
Q120776457	6000000215597203821
Q120776494	6000000024757961861
Q120776577	6000000024758508163
Q12077819	6000000026082425489
Q12078067	6000000000119323764
Q120780898	6000000051031819889
Q120781149	6000000051032208923
Q120781471	6000000050978991004
Q120781643	6000000050978920146
Q120782160	6000000065160095893
Q120782172	6000000006444790658
Q120782338	6000000079419483975
Q120782439	6000000018544708461
Q120782507	6000000018544565385
Q120782507	6000000083424839327
Q120782634	6000000099230123857
Q120783780	6000000036409781896
Q12078436	6000000004283270913
Q12078477	6000000009634773781
Q12078479	6000000015066057397
Q120785202	6000000224181546916
Q120786601	5675600086650027225
Q12078687	5087429424730054158
Q120786982	6000000032970781860
Q120787617	6000000012224547637
Q120787664	6000000000251797415
Q120787755	6000000003938749657
Q120787795	6000000005077262367
Q120787916	6000000040766157385
Q120790593	6000000037131306071
Q12079110	6000000002964201086
Q120792746	6000000005738257035
Q120793	6000000135263126833
Q120793012	6000000024647543399
Q120794	6000000111577408825
Q120794115	6000000001637731335
Q120794119	6000000001642321826
Q120798610	6000000196421360839
Q120798647	6000000096681141906
Q120798943	4483338
Q120799455	6000000067013851937
Q120799506	6000000067014270890
Q120800629	6000000022469144207
Q120800799	6000000013270366981
Q120800822	6000000017617413856
Q120801353	6000000164256911011
Q120801381	6000000149260005847
Q120801384	6000000069728950973
Q120801405	6000000006127239056
Q120801978	6000000026828506213
Q120801999	6000000026828550964
Q1208045	6000000002715021760
Q12080665	6000000182611088843
Q12080704	6000000012751561386
Q12080781	6000000078569068241
Q1208089	6000000037476033101
Q12080900	6000000036764933049
Q120810446	6000000019283175014
Q12081055	6000000047363635150
Q12081071	6000000042834879271
Q12081858	6000000019137327554
Q120823358	6000000010964350941
Q12082349	6000000003723386616
Q120824237	6000000008752337775
Q120824986	6000000012312191668
Q120825112	6000000008777705661
Q12082808	6000000019137191908
Q120828353	6000000175873578852
Q120828864	6000000175873814853
Q120828961	6000000077649900990
Q120829049	6000000196575608851
Q120829101	6000000056284329078
Q120829258	6000000195807430821
Q120829471	6000000013334295600
Q120829709	6000000015413735027
Q120830437	6000000014320389449
Q120830991	6000000011069260551
Q120832	6000000002802999279
Q120832039	6000000004549582384
Q1208322	6000000031278232503
Q120832431	6000000052986391841
Q120832630	6000000052986118016
Q120832945	6000000004549577183
Q120832947	6000000000600137185
Q120832948	6000000000600137199
Q120832950	6000000007183168416
Q120833252	6000000013212731577
Q120833254	6000000001690547538
Q120833255	6000000002302288725
Q120833260	6000000001689679018
Q120833261	6000000000672439788
Q120833265	6000000041228861295
Q120833270	6000000013212605859
Q120833274	6000000002866601991
Q120833276	6000000004086523925
Q120833280	6000000007741280825
Q120833282	6000000035913586718
Q120833283	6000000005924541337
Q120833289	6000000013212893241
Q120833292	6000000002866601958
Q120833295	6000000005924335808
Q120833341	6000000007739949623
Q120833343	6000000000672439922
Q120833345	6000000000779314625
Q120833346	6000000002441249560
Q120833384	6000000000779314599
Q120833390	6000000002866607954
Q120833391	6000000000387260541
Q12083341	6000000169577279871
Q120833420	6000000030332191899
Q120833421	6000000001690547601
Q120833479	6000000013212849249
Q120833492	6000000040787221191
Q120833638	6000000021874777644
Q120833703	6000000021862017321
Q120834294	6000000038801020692
Q120834300	6000000013517031115
Q120834304	6000000003940093260
Q120834305	6000000003937866451
Q120834307	6000000003940607443
Q120834308	6000000006441119997
Q120834359	6000000001574790206
Q120834386	6000000003937861269
Q120834397	6000000005304080002
Q12083451	6000000018024325763
Q120834539	6000000003937822341
Q120834563	6000000003939509515
Q120834563	6000000007921472632
Q120834950	6000000003940127372
Q120834951	6000000006518972820
Q120834961	6000000000484299038
Q120835137	6000000109901962882
Q120835141	6000000019674564381
Q120835143	6000000003864589792
Q120835151	6000000109902091847
Q120835153	6000000013206497275
Q120835154	6000000001444875314
Q120835193	6000000003939855059
Q120835214	6000000003937966811
Q120835433	6000000041156100932
Q120835434	6000000101810010866
Q120835436	6000000003076443775
Q120835462	6000000196585360821
Q120835469	6000000028284211682
Q120835476	6000000023175663824
Q120835482	361040152450013548
Q120835484	6000000001232824113
Q120835486	6000000008308001488
Q120835521	6000000031280732336
Q120835522	6000000068653787157
Q120835525	6000000000426807532
Q120835534	6000000023175268801
Q120835536	6000000016975928739
Q120835569	6000000001637055072
Q120835598	6000000073961920836
Q120835599	6000000028284512259
Q120835601	6000000003940490669
Q120835602	6000000003076003091
Q120835620	6000000028284071333
Q120835624	6000000006942753222
Q120835631	6000000063691002840
Q120835636	6000000092248320865
Q120835636	6000000092290376885
Q120835681	6000000196584736899
Q120835682	6000000001637124570
Q120835684	6000000195900068914
Q120835688	6000000024972568227
Q120835689	6000000009046769148
Q120835973	6000000001540853456
Q120835978	6000000001540850874
Q120836397	6000000002659827156
Q120837054	6000000018272159008
Q120838041	6000000026298853633
Q120838090	6000000008791962099
Q12083843	6000000008759894328
Q120838527	6000000008913476757
Q120838542	6000000026294182700
Q1208405	6000000029226917736
Q1208406	6000000008395279990
Q12084133	6000000042209924158
Q12084245	6000000147684765835
Q12085	6000000136848840857
Q120852778	6000000040939011029
Q120853712	6000000041145697087
Q12086	6000000022924234592
Q120861	6000000018724792961
Q12086450	6000000182973427821
Q120865553	6000000075591285156
Q12086710	6000000011516122832
Q120867488	6000000026842769414
Q120867885	6000000026295459629
Q120867995	6000000007826666321
Q120868164	6000000027842760852
Q120868164	6000000215609032822
Q120868181	6000000048473012821
Q120868198	6000000027842421554
Q120868198	6000000215721773821
Q120868361	6000000199201633829
Q120868441	6000000215597193878
Q120868507	6000000038413710412
Q120868959	6000000025359056679
Q120869	6000000177240308835
Q120869181	6000000022697461405
Q120869195	6000000215501515822
Q120869515	6000000086494670936
Q120869698	6000000068335651960
Q120869877	5623545563110105349
Q120869905	6000000000606154690
Q12086993	6000000018030511642
Q12087251	6000000052245373980
Q1208732	6000000071913702672
Q120875836	6000000196391258840
Q120876682	6000000194962147823
Q1208781	6000000033502996752
Q120878464	6000000017241816026
Q12087872	6000000208377841842
Q1208800	6000000007170093253
Q12088082	6000000080886094901
Q120882	6000000073127492849
Q120884	6000000013547367546
Q120884929	4000727663610021273
Q120885272	6000000010325307764
Q120885515	6000000007472656896
Q120885748	4000734017130075086
Q120886129	6000000011852805698
Q120886136	6000000076113688861
Q120886691	6000000021707025395
Q120886837	6000000196636102824
Q1208883	6000000014686355046
Q12089	6000000011081585750
Q120890	6000000125720373821
Q120890811	6000000222424880875
Q120891874	6000000014877540076
Q120891883	6000000026791702689
Q120892512	6000000196638235823
Q120892609	6000000022875497888
Q120892643	6000000022875504939
Q120892708	6000000003252319052
Q120892713	6000000016682296418
Q120893675	6000000012898551340
Q12089726	6000000006599648557
Q12089728	6000000006706860588
Q12089730	6000000006622734001
Q120897456	6000000033535697362
Q120897473	6000000016599101530
Q120897527	6000000016599168688
Q120897529	6000000020034265055
Q120897655	6000000052762362866
Q120897691	6000000020034085530
Q120897696	6000000020033928180
Q120897697	6000000020033827600
Q120897698	6000000003388985478
Q120897708	5027147348800076366
Q120897728	6000000003388985411
Q120900470	6000000020262950989
Q120905502	6000000014467494448
Q120905948	6000000010252319026
Q120906125	6000000010252597702
Q120906326	6000000010734231286
Q120906331	6000000021672133158
Q120906671	6000000194073477827
Q120906708	6000000000130908982
Q120906743	6000000019165544409
Q120906796	6000000190948048847
Q120906831	6000000190118698821
Q120906898	6000000007331245901
Q120906946	6000000007331306583
Q120907	6000000031686389971
Q120907461	6000000050294324866
Q120908069	6000000007331434370
Q120908126	6000000007331459327
Q120908160	6000000007331200658
Q120908203	6000000007331238701
Q12091	6000000022916269976
Q120912	6000000022736886318
Q120912319	6000000108333860913
Q120912888	6000000187438867898
Q120913313	6000000003117361636
Q120914466	6000000045903555154
Q120914479	6000000217278611826
Q120914624	6000000018646609243
Q120918404	6000000016751065209
Q120919021	6000000038195856691
Q120920262	6000000014561459835
Q120926357	6000000000229508121
Q120926384	6000000177287789840
Q120926532	6000000039878598018
Q120928194	6000000026564156948
Q120930252	6000000014959384702
Q120930363	6000000057475275105
Q120930538	6000000016374310338
Q120930630	6000000032651892550
Q120931129	6000000006600045324
Q120931433	6000000184824427856
Q120931433	6000000215411619826
Q120931530	6000000024824020480
Q120931530	6000000184823518917
Q120932053	6000000215411801824
Q120933	6000000012674146330
Q12093405	6000000088860611957
Q120935176	6000000045840550115
Q12093573	6000000016631879321
Q12094252	6000000017473790362
Q12094257	6000000078488169151
Q12094372	6000000000422060006
Q120944569	6000000017332478081
Q120945522	349772955660013506
Q120946518	6000000003939528580
Q120947	6000000024046151285
Q12094715	6000000148350274833
Q12094720	6000000013383401010
Q120949	6000000068738398821
Q12094922	6000000065752263845
Q120951	6000000026241507101
Q120957	6000000029238193977
Q120957972	6000000013886282876
Q120962051	6000000018647719195
Q120962051	6000000193578669861
Q120962356	6000000081392964093
Q120962416	6000000222422857867
Q120962519	6000000173863959999
Q120964117	6000000021239700305
Q120964737	6000000173863953070
Q1209648	6000000023991267294
Q1209649	6000000051022689872
Q120965218	6000000014121462182
Q120965225	6000000014121519488
Q120965530	6000000026508377841
Q120966947	6000000173864363900
Q1209674	6000000065460375969
Q120967672	6000000015543827188
Q120967681	6000000003941815332
Q120967685	6000000015543827182
Q120968907	6000000196705378821
Q12096926	6000000018022837313
Q120969520	6000000019747817194
Q120969659	6000000017734217145
Q120969770	6000000023825352891
Q120969865	6000000017414215778
Q120969957	6000000017414545829
Q120969992	6000000017414746323
Q120970077	2853020
Q1209703	6000000014484523321
Q120970511	4180361861380074402
Q120970858	6000000007115384203
Q120971091	6000000007115374253
Q120971099	6000000007114498920
Q120971941	6000000019647365693
Q1209725	6000000179302043830
Q120973133	6000000014960955646
Q120973283	6000000179900896868
Q120973628	6000000021239962292
Q120973674	6000000081391883863
Q120973799	6000000185009928931
Q120974034	6000000225517873826
Q120974120	6000000082417745107
Q1209753	6000000089444918849
Q1209757	6000000041169986960
Q120975828	6000000027110290467
Q120979524	6000000014084167288
Q120979546	6000000174337266075
Q120979557	6000000173533302881
Q120979680	6000000014084184241
Q120979684	6000000014084221140
Q12097986	6000000185570030123
Q1209826	6000000009659767012
Q120983477	6000000017552695018
Q1209835	6000000093285906929
Q120984121	6000000017709038843
Q12098584	6000000014552191973
Q120986393	6000000053724882982
Q120986533	6000000212898940828
Q120986548	6000000212898922847
Q120986555	6000000011127834696
Q120986809	6000000184552135836
Q120989240	6000000021566394688
Q12098945	6000000083702160564
Q120993	5161890449780084517
Q120994043	6000000024221171557
Q120994046	6000000024222350094
Q120994076	6000000014628415581
Q12099432	6000000043104969588
Q120999	6000000181335360821
Q120999229	6000000025358602644
Q120999233	6000000009487293855
Q120999238	6000000063727520865
Q120999239	6000000029966355559
Q120999330	6000000215783724827
Q120999339	6000000044502325276
Q120999339	6000000215783803823
Q120999670	6000000215534088821
Q120999840	6000000215534160821
Q121000483	6000000215544071825
Q121000618	6000000215534101823
Q1210022	6000000029494858937
Q1210035	6000000178588840833
Q121004363	6000000007720780928
Q12100542	6000000138727276951
Q121008026	6000000081303582931
Q121008085	6000000196752494836
Q121008383	6000000196753763822
Q121008423	6000000212898863840
Q121008446	6000000215832249822
Q121008581	6000000196759931822
Q121008605	6000000006704961613
Q121008605	6000000053604659880
Q121009130	6000000024789419118
Q121009225	6000000094084548863
Q121009274	6000000017738922870
Q121009348	6000000014069367228
Q121009602	6000000008131557137
Q121009606	6000000028265655898
Q121009745	6000000040339588293
Q121009749	6000000040339633159
Q121009891	6000000009978804501
Q121010006	6000000032952537527
Q121010021	6000000184850799879
Q121010033	6000000025359477852
Q121010047	6000000025359217336
Q121010047	6000000028265475116
Q121010049	6000000025359154270
Q121010049	6000000028265606953
Q121010049	6000000087356990351
Q121010053	6000000025359292351
Q121010219	6000000196761361823
Q121010421	6000000196762178843
Q121011224	6000000000689057130
Q121012429	6000000022655532386
Q121012599	6000000002415878882
Q12101277	6000000011503089189
Q12101294	6000000018171764199
Q1210156	6000000014451855895
Q121015818	6000000147723460862
Q12102278	6000000004790203010
Q1210246	6000000009395937260
Q121027422	6000000215544083835
Q121027608	6000000003005380552
Q121027610	6000000007484830850
Q121027659	6000000215591621823
Q121027663	6000000001180371388
Q121027677	6000000021108454492
Q12102769	342039822170013620
Q121027913	6000000215544143834
Q121027952	6000000202712474822
Q121027990	6000000215592232866
Q121028098	6000000215544183831
Q121028157	6000000014959439326
Q121028831	6000000022701134790
Q121029065	6000000014980832154
Q121029065	6000000212948027845
Q121029105	6000000215412228824
Q121029189	6000000053737204151
Q121029189	6000000210469330821
Q121029260	6000000048751436841
Q121029396	6000000010788991240
Q121029397	6000000196779183892
Q121029497	6000000196778884910
Q121029506	6000000003660896234
Q121030556	6000000007643914456
Q121031971	6000000196789144829
Q121032258	6000000010273368256
Q121032372	6000000196791724844
Q121032437	6000000053162272943
Q12103291	6000000019193644056
Q121033636	4180980716290050354
Q12103456	6000000033051408738
Q1210370	6000000001828782619
Q12103825	6000000056311795907
Q12103888	6000000013721795427
Q121042	6000000040374702068
Q1210424	6000000002188453746
Q1210464	6000000026771374199
Q121051	6000000106246545841
Q12105240	6000000006726844982
Q1210539	6000000027781720586
Q12105585	6000000077603871258
Q12105657	5535997920430133860
Q1210571	6000000099299666822
Q12105758	6000000020893849266
Q121060	6000000021534177569
Q121062	6000000177286891875
Q121063939	6000000013040099880
Q121063940	6000000015763392836
Q1210640	6000000075401305363
Q121064031	6000000015346451606
Q121064031	6000000022953204311
Q121064586	6000000139912177821
Q121064602	6000000004097477251
Q121064616	6000000015763392841
Q121064619	6000000016015875980
Q121064620	6000000016016090101
Q121064627	6000000016016009683
Q121064634	6000000003939458289
Q121064635	6000000003939458304
Q121064638	6000000002154524014
Q121064664	6000000016016101094
Q121064674	6000000002175601324
Q121064679	6000000000426706249
Q121064978	6000000013040111150
Q121065028	6000000013040283282
Q121065039	6000000013040199604
Q121065048	6000000027628313708
Q121065062	6000000024971009345
Q121065097	6000000000550022973
Q121065111	6000000000550022966
Q121065157	6000000000426733357
Q121065548	6000000024667266031
Q121065556	6000000024666026772
Q121065561	6000000000550025349
Q121065733	6000000013040220323
Q121065737	6000000006356871022
Q121065751	6000000015510095810
Q121065755	6000000000426612641
Q121065758	6000000006444392079
Q121065762	6000000006356868061
Q121065764	6000000006356910570
Q121065765	6000000009085025144
Q121065775	6000000017434774053
Q121065776	6000000006444411157
Q121065782	6000000006444360486
Q121065785	6000000025013969892
Q121065786	6000000025013450703
Q121065789	6000000025165482940
Q121065790	6000000024568917829
Q121065791	6000000006444256733
Q121065805	6000000027278573577
Q121065806	6000000007417410126
Q121065808	6000000007418157174
Q121065815	6000000007433287201
Q121065818	6000000007418056110
Q121065819	6000000006444369838
Q121065827	6000000006089249712
Q121065838	6000000007418047088
Q121065848	6000000008176463243
Q121065850	6000000024155467557
Q121065910	4135084184460085157
Q121065911	6000000050176222983
Q121065915	6000000002803954723
Q121065925	6000000050154514999
Q121065927	6000000000652193827
Q121065928	6000000002891525672
Q121065940	6000000024208608658
Q121065941	6000000003523354963
Q121065951	6000000002135265108
Q121065953	6000000013572453336
Q121065973	6000000002804141168
Q121065974	6000000002046090818
Q121065975	6000000002046090778
Q121066006	6000000002907074550
Q121066008	6000000002907090458
Q121066011	6000000004096497787
Q121066015	6000000014443045356
Q121066020	6000000003617665021
Q121066027	6000000002907193149
Q121066035	6000000003634754038
Q121066042	6000000003617105819
Q121066331	6000000024049396176
Q121066343	6000000024049441464
Q121066349	6000000025876963903
Q121066350	6000000025877938891
Q121069268	6000000035425788081
Q121069820	6000000196820998846
Q121070547	6000000037582176961
Q121073681	6000000023688151856
Q121073690	6000000011298979043
Q121073702	6000000078805931055
Q121073762	6000000003116815030
Q121073973	6000000003122139512
Q12107478	6000000088058191920
Q12107547	6000000194943320870
Q121075767	6000000004096376413
Q121075811	6000000004097622247
Q121075827	6000000004096376426
Q121076049	6000000020984687641
Q121076270	6000000190447208293
Q121076366	6000000048123895964
Q121076406	6000000046192840033
Q121076426	6000000046192873152
Q121076452	6000000016592733807
Q121076479	6000000019399448016
Q121076523	6000000015185743450
Q121077685	6000000190447208394
Q121077874	6000000189667281831
Q121078049	6000000179882416897
Q121078193	6000000054518402867
Q121078477	6000000209240541872
Q121078611	6000000035220448985
Q121078669	6000000196821062821
Q121079015	6000000143337832989
Q121079612	6000000037508730148
Q121079694	6000000088482872785
Q121079761	6000000088487246949
Q121080394	6000000022909479873
Q121080422	6000000022909277081
Q121080511	6000000022909316203
Q121080594	6000000014121554350
Q121083030	6000000017626519392
Q121083407	6000000013199552899
Q121083830	6000000005962059788
Q121084977	6000000196852806866
Q121085583	6000000196855293827
Q121085688	6000000196856150833
Q121085939	6000000000348885435
Q121086661	6000000189172676878
Q121086682	6000000000046467253
Q121086728	6000000027276874451
Q121086749	6000000025925948694
Q12108720	6000000009968396020
Q121089974	6000000037940592461
Q121091608	6000000014084111028
Q121091881	6000000014121509384
Q121092535	6000000022877234689
Q121092623	6000000057340171965
Q121092860	6000000021139682039
Q121092867	6000000049331907067
Q121093043	6000000082670470610
Q121093043	6000000086636184844
Q121094180	6000000013870270449
Q121094633	6000000021664914534
Q121094650	6000000021665851031
Q121094653	6000000094085198828
Q121094789	6000000011749904336
Q121094789	6000000204653336843
Q121096113	6000000000640447583
Q121096580	6000000010113875397
Q121096981	6000000070358214860
Q121099056	6000000017461247967
Q121099111	6000000017462548137
Q12110477	6000000020190818954
Q121105549	6000000006590177764
Q121106299	6000000006590193672
Q121106673	6000000052885730133
Q121107514	6000000069518553905
Q121107712	6000000036220514101
Q121119596	6000000038368340013
Q121120098	6000000010291338264
Q121120115	6000000010290750801
Q121120207	6000000218271605825
Q12112224	6000000009745671851
Q121124	6000000031985538527
Q121125985	6000000174716755145
Q121125985	6000000224022805826
Q121127048	6000000007278067589
Q121127405	6000000038239420263
Q121128297	6000000014191520944
Q121128342	6000000039480659493
Q121129160	6000000104335406873
Q121129298	6000000038238312548
Q12113	6000000137337943070
Q121131027	6000000121952264839
Q121131824	6000000114766573821
Q121131852	6000000114765390330
Q121132864	6000000020691565299
Q12113384	6000000017120983158
Q12113386	6000000017121123080
Q121133990	6000000178172042893
Q121134002	6000000041610829921
Q121134012	6000000041611071910
Q121135720	6000000008988856239
Q121135954	6000000043306535898
Q121135960	6000000002799082342
Q12113873	6000000003915584856
Q12113993	6000000179374786834
Q121141427	6000000196928766829
Q121141439	6000000196928878822
Q12114156	6000000196113916823
Q121141758	6000000185622276946
Q121142204	6000000119906539841
Q121144695	6000000086633997457
Q121144773	6000000210565526821
Q121144779	6000000193055535822
Q121144811	6000000190457848936
Q121144949	6000000017757263157
Q121144994	6000000002665139479
Q121145952	6000000082668300839
Q121148818	6000000084384213956
Q121150919	6000000025309201254
Q121151028	6000000025309412464
Q121151353	6000000084142952265
Q12115138	6000000074076947012
Q12115139	6000000074077134985
Q121152308	6000000014961194278
Q121157174	6000000196927491830
Q121157318	6000000196927461830
Q121157339	6000000196927863821
Q121157432	6000000196927613850
Q121157444	6000000221501046838
Q121157459	6000000196928008824
Q12115821	6000000129893733905
Q121159108	6000000006324454022
Q121159855	6000000121401142852
Q121160097	6000000021910186176
Q121160117	6000000006324351045
Q121160157	6000000006324516072
Q121160298	6000000023499682646
Q121160615	6000000215594864827
Q121160665	6000000215595202821
Q121160675	6000000215595002821
Q121160695	6000000013771099945
Q121160710	6000000215595245834
Q121160778	6000000215594954825
Q121160784	6000000215596585821
Q121160787	6000000215596657829
Q121160995	6000000215594794842
Q121161039	6000000215594860833
Q121161462	6000000043959215865
Q121161469	6000000037347173519
Q12116215	6000000040159245029
Q12116228	6000000041300122106
Q121162902	6000000215595565833
Q121162904	6000000215595965828
Q121162924	6000000215596065826
Q121162933	6000000215595616825
Q121163455	6000000215596588838
Q121168068	6000000008450382984
Q12116870	6000000024757462871
Q121169	6000000113605472955
Q121173473	6000000006877167373
Q121175	4303193017650031532
Q12117565	6000000190059752881
Q12117655	6000000077022069633
Q121176818	6000000082669890021
Q121176934	6000000196939641834
Q12117701	6000000019117365226
Q12117702	6000000019117236313
Q121180	6000000014564142016
Q12118217	6000000221504276201
Q121189208	6000000015290514809
Q121189639	6000000212955993852
Q121189849	6000000037346661515
Q121189861	6000000037346121052
Q121190740	6000000030838709383
Q121190866	6000000015151570858
Q121192617	6000000094294950048
Q121192736	6000000094291143386
Q121192782	6000000048749091903
Q12119325	6000000009653418584
Q121198041	6000000013968453732
Q12120132	6000000037494684533
Q121202316	6000000048749029922
Q121202370	6000000048749143821
Q121202847	6000000019393077026
Q1212034	6000000037429601482
Q121203758	6000000019391886737
Q12120401	6000000058931777840
Q121204468	6000000019391579812
Q121205	6000000016238156572
Q121205034	6000000011424926505
Q121205780	6000000215913206839
Q121208	6000000151123707920
Q1212090	6000000115836193995
Q1212104	6000000033641676762
Q121212749	6000000189679341821
Q12121410	6000000064944191833
Q12121505	6000000011102997009
Q12121699	6000000015497822415
Q121217	6000000018417345073
Q12121700	6000000003524567256
Q121222412	6000000121401669850
Q121222495	6000000121401847878
Q121223819	6000000025905064541
Q121224	6000000059811948946
Q121224271	6000000012739287504
Q121224572	6000000007486609451
Q121224636	6000000196927764848
Q121225083	6000000015907358505
Q121225214	6000000004237711201
Q1212302	6000000022540617192
Q1212307	6000000010330762134
Q12123155	6000000075142997964
Q12123237	6000000016760609539
Q12123262	6000000000947670033
Q12123264	6000000184434073878
Q12123389	6000000069600676933
Q1212364	6000000049923950987
Q1212372	6000000090422643186
Q121237598	6000000104306336893
Q1212381	6000000175537267842
Q121239558	6000000010631165394
Q1212417	6000000030760738419
Q12124370	6000000015837192329
Q12124676	6000000010181771366
Q121246952	6000000007472696881
Q121247270	6000000056537885883
Q121247381	6000000017498768496
Q121248270	6000000007472768638
Q121248596	6000000071224880561
Q121250847	6000000012720390684
Q121254900	6000000010849306439
Q121254937	6000000008344525222
Q121256407	6000000017383363070
Q121256422	6000000121392557870
Q121256762	6000000003939165695
Q121256766	6000000003939165715
Q121256889	6000000017381098180
Q121256915	6000000000834233541
Q121257444	6000000001738647191
Q121258129	6000000008333683759
Q121260	6000000114455491848
Q1212617	6000000040046192373
Q121263703	6000000215189892827
Q121264474	6000000008333696465
Q121267408	6000000013193352022
Q121267638	6000000018667375221
Q121267901	6000000004751959003
Q121268030	6000000115823178276
Q121268032	6000000062287992917
Q121268034	6000000008357517582
Q121268035	6000000008357698729
Q121268040	6000000001383111082
Q121268044	6000000001383111498
Q121268156	6000000132359643862
Q121268159	6000000020771514990
Q121268163	6000000132359621236
Q121268168	6000000034753882982
Q121268169	6000000007240639214
Q121268340	6000000012430404044
Q121268581	6000000004872366134
Q121270442	6000000006127509428
Q121271649	6000000004872394705
Q12127326	6000000008218132396
Q12127756	6000000003515762963
Q121278	6000000024197539593
Q1212786	6000000048786018909
Q1212787	2353670
Q121280	6000000076966182458
Q121281483	6000000036928279996
Q121282973	6000000036928850835
Q121282985	6000000036928254198
Q121283016	6000000036927686737
Q121283124	6000000004326294699
Q121284	6000000032038025356
Q121287381	6000000139464210873
Q121287938	6000000186841953834
Q121288311	6000000052705315930
Q121288480	6000000004160358610
Q121288528	6000000003274400962
Q121288809	6000000002614079216
Q121288811	6000000002790313222
Q121289	6000000008727819977
Q121289066	6000000003082799496
Q121289403	6000000043834511089
Q121289404	6000000043834591824
Q121289667	6000000041633258487
Q121289706	6000000012566146196
Q121289833	6000000215189858854
Q121289924	6000000182718597821
Q121289950	6000000094788892013
Q121290059	6000000197043471824
Q121290320	6000000020358094089
Q121290320	6000000085311900913
Q121290380	6000000177587227823
Q121290383	6000000085311845875
Q121290385	6000000020357297240
Q121290385	6000000177587312821
Q121290405	6000000015558748267
Q121290430	6000000215178705824
Q121290450	6000000215176888824
Q121290472	6000000215177094821
Q121290476	6000000197044496840
Q121290580	6000000212814653839
Q121290590	6000000025417834713
Q121290590	6000000037376402697
Q121290591	6000000212815092852
Q121290624	6000000212814976850
Q121290654	6000000037376410799
Q121290710	6000000032054049874
Q121290745	6000000032053101755
Q121292008	6000000125170456018
Q121293184	6000000115702593821
Q121294668	6000000041137872640
Q121295364	6000000121412824889
Q121295621	6000000142451299832
Q12129575	6000000181740337882
Q121296034	6000000013968529637
Q121296045	6000000196659333826
Q121296059	6000000196659291836
Q121296061	6000000196659111848
Q121296096	6000000196659056834
Q121298306	6000000007603942619
Q121298409	6000000221510441825
Q121299344	6000000189379926834
Q121299567	6000000197063911824
Q121299570	6000000036888071736
Q121299736	6000000003274551417
Q121300049	6000000086114335062
Q121300128	6000000197065603957
Q121300291	6000000076883215928
Q12130057	6000000021887477489
Q121302159	6000000032053970016
Q121302233	6000000215192174833
Q121302464	6000000197075118835
Q121302804	6000000215192704821
Q121302835	6000000197075394863
Q121302893	6000000002855879340
Q121303007	6000000076291712932
Q121303129	6000000083217740256
Q121303370	6000000010502652451
Q121305456	6000000017323141009
Q121305746	6000000018202577333
Q121306252	6000000002688908347
Q121306253	6000000002688908355
Q121306592	6000000052984567946
Q121306598	6000000050743440001
Q12130675	6000000002797024840
Q121306999	6000000196658975857
Q121307068	6000000196659176829
Q121307114	6000000196658454885
Q121307290	6000000019539806417
Q121307339	6000000124176171894
Q12130734	6000000024726446105
Q1213084	6000000004055303850
Q12131460	6000000146503034857
Q121315999	6000000003503695625
Q121316050	6000000070670870390
Q121316176	6000000076883089068
Q121316182	6000000076883300916
Q1213171	6000000117162166884
Q121317390	6000000158052422849
Q12131763	6000000015836065799
Q1213197	6000000088258777026
Q121321	6000000008084096784
Q121322128	6000000174721923864
Q121322409	6000000035190215681
Q121322436	6000000222604871905
Q121323779	6000000013269850936
Q121323797	6000000013226895399
Q121323798	6000000019981189234
Q121323799	6000000010564224757
Q121323965	6000000047808269067
Q121324034	6000000002866266661
Q121324035	6000000005232753023
Q121330717	6000000008210029070
Q12133363	6000000019237364360
Q121335495	6000000222605116925
Q121335974	6000000180579520959
Q121336694	6000000025543768901
Q121336725	6000000004160510527
Q121336789	6000000006157104855
Q121337474	6000000143336469134
Q121337861	6000000041340602844
Q121337916	6000000014193877731
Q121338114	6000000039321938921
Q121338371	6000000014959550737
Q121338479	6000000039479435952
Q121338495	6000000004872362016
Q121338533	6000000039635449405
Q121338574	6000000014877364915
Q121338633	6000000024760048113
Q121338677	6000000004872390524
Q121338745	6000000024760191124
Q121338837	6000000004872394181
Q121338895	6000000004872390384
Q121339073	6000000004872360484
Q121339117	6000000004872390365
Q121339523	6000000094778300855
Q121339523	6000000193086479896
Q121339530	6000000215194238824
Q121339534	6000000215194329843
Q121339690	6000000215194256869
Q121339719	6000000215194414821
Q121339763	6000000094777797041
Q121339763	6000000193086672878
Q1213401	6000000100206220126
Q1213423	6000000026700875692
Q1213425	6000000009290586815
Q121344619	6000000197139052822
Q121344808	6000000003523313901
Q121344902	6000000215192825831
Q121344929	6000000193087564824
Q121344933	6000000215192957829
Q121344954	6000000193086836921
Q121344966	6000000215193196821
Q121345028	6000000197139779863
Q121345079	6000000215689085840
Q121345147	6000000183692149838
Q1213454	6000000075305474087
Q12134954	6000000079224102837
Q12134956	6000000006468304004
Q12135587	6000000006444382973
Q121355968	4802543218360078125
Q121355975	4802281016140124543
Q121356773	6000000050290115865
Q121356896	6000000222605501828
Q12135695	6000000020985508020
Q121357616	6000000083821299980
Q121358324	6000000218505825821
Q121358367	6000000011459947701
Q121358387	6000000013925191757
Q121359187	6000000084368278906
Q121359357	6000000221500836821
Q12135936	6000000034647743318
Q121359691	6000000003274524242
Q121359814	6000000004160683057
Q121359834	6000000019898178562
Q121360	6000000122459568036
Q12136024	6000000079191217078
Q121361587	6000000017982156839
Q121361648	6000000013216674712
Q121361654	6000000151150103865
Q121362412	6000000002252610134
Q121364829	6000000014027471519
Q121364997	6000000013745847464
Q121365250	6000000007388056535
Q121365366	6000000194342311825
Q121365369	6000000066273170882
Q121367082	6000000029962641376
Q121367305	6000000007014414833
Q121367591	6000000192176546836
Q121367984	6000000012146175546
Q12136802	6000000014060703796
Q121369189	6000000012889454809
Q121369211	6000000003942570232
Q121369475	6000000162375253821
Q121369478	6000000036560354620
Q121369992	6000000036560325458
Q12137032	6000000019854572229
Q121370993	6000000004872360477
Q121372	6000000043760551380
Q121373	6000000170571822822
Q121374228	6000000187219107821
Q12137432	6000000052961458871
Q12137493	6000000179803200828
Q121377351	6000000039810684371
Q1213783	6000000005619848310
Q121378782	6000000024760136595
Q121379613	6000000006907062541
Q121379615	6000000003942506570
Q121380124	6000000008871322064
Q121380170	6000000002498668411
Q121380232	6000000007601798074
Q121380354	6000000008778915907
Q121380420	6000000002498310615
Q121380445	6000000006727980641
Q121380481	6000000009679649202
Q121380512	6000000000350986479
Q121380668	6000000003076304979
Q121380672	6000000001690061173
Q121380674	6000000001690059948
Q121380733	6000000001690061187
Q1213812	6000000151392766873
Q121385780	6000000001383858990
Q1213858	295888918840001974
Q121385803	6000000000477814011
Q121385963	6000000049944911591
Q121387021	6000000217278623824
Q12138764	6000000007860632368
Q121387684	6000000222420998940
Q121389728	6000000001563289569
Q121391085	6000000041716715334
Q121391237	6000000197419392839
Q121391548	6000000029682648107
Q121394316	6000000002060942820
Q121394507	6000000006440145700
Q121394511	363321220210011466
Q121394575	363321360990011462
Q121396380	6000000000664592010
Q121396387	6000000000664591981
Q121396388	6000000004178759532
Q121396405	6000000000436619934
Q121396413	6000000002797618361
Q121397008	6000000000664330942
Q121397010	6000000003795948394
Q121397188	4984375173920133012
Q121397190	6000000006131808191
Q121397498	6000000002108087031
Q121397505	380438870990004046
Q121397532	5599234425970074378
Q121397568	6000000004993914056
Q121397581	6000000003195231644
Q121397631	6000000122765520875
Q121397645	6000000122764981930
Q121397649	6000000041426753032
Q121397670	6000000017691234159
Q121397675	6000000017691170320
Q121398207	6000000060811981821
Q121399281	6000000000618801258
Q121399412	6000000001962227140
Q121399415	6000000011843217490
Q121399522	6000000001491489403
Q121399524	4088696683280010201
Q121399685	6000000008307972364
Q12140094	6000000034647767405
Q121401	6000000076985626326
Q12140197	6000000075008143885
Q12140212	6000000197261853822
Q1214028	6000000008780222275
Q1214057	6000000009773640111
Q121408	6000000004096150174
Q121408192	6000000200479977912
Q121408250	6000000199808156862
Q12140910	6000000197661508870
Q121409101	6000000086586884048
Q121409104	6000000086530133861
Q121409121	6000000086575240934
Q121409125	6000000086581944856
Q121409131	6000000086584063984
Q121409197	6000000086581773861
Q121409220	6000000086584262975
Q121409265	6000000086576636936
Q121409278	6000000086581890824
Q121409283	6000000086581265861
Q121409608	6000000086468618025
Q121409641	6000000021287187687
Q121409641	6000000039480157291
Q121409767	6000000003783393120
Q121409825	6000000206467251863
Q1214099	6000000008350230285
Q121409924	6000000086493159995
Q121409959	6000000147746684981
Q121409960	6000000147743915610
Q121410412	6000000028686350665
Q121410414	6000000001212794575
Q121410498	6000000003379696971
Q121410591	6000000195310593839
Q1214107	6000000058086087890
Q121410739	6000000197216112831
Q121411155	6000000041225381998
Q121411166	6000000021970392133
Q121411235	6000000041225604987
Q121411264	6000000041223575758
Q121411267	6000000041224850302
Q121411332	6000000014122818211
Q121411478	6000000014122376945
Q121411515	6000000031833972088
Q121411544	6000000016045132109
Q121414632	6000000021930059859
Q121414634	6000000000250159295
Q121414649	6000000000250104842
Q121414807	6000000016042879960
Q121414828	6000000021929794820
Q121414936	6000000016042520967
Q121415133	6000000005079342678
Q121415136	5684896902650089873
Q1214154	6000000021513542452
Q121417165	6000000006234888600
Q121417294	6000000000618795421
Q121417299	6000000000619031024
Q121417300	6000000004948890440
Q121417366	6000000009200306782
Q121417866	6000000122764576965
Q121418002	6000000030652431764
Q121418023	6000000013504950789
Q121418044	6000000003108601948
Q121418261	6000000003108611015
Q121418291	6000000006581915147
Q121418299	6000000000175927046
Q121418792	6000000041426854184
Q121419934	6000000004095147789
Q121420039	6000000086586404845
Q121421574	6000000086646958971
Q121422	6000000015673513701
Q121422078	6000000086586022213
Q121422403	6000000024140542079
Q121422929	6000000007950806535
Q121422939	6000000027105022268
Q121422943	6000000007962226907
Q121422944	6000000019935509850
Q121422945	6000000002657086427
Q121422953	6000000007962357958
Q121422954	4525394137020020928
Q121422955	4525403998300021701
Q121422968	6000000014981488308
Q121423032	6000000221436401849
Q121423035	6000000037839026143
Q121423056	6000000030204187052
Q121423105	5341029557480059040
Q121423106	6000000008595647301
Q121423107	6000000004026441302
Q121423133	6000000021048964818
Q121423162	6000000083820554037
Q121423266	6000000019103613203
Q121423267	6000000019103490568
Q121423296	6000000015605316772
Q121427696	6000000019933589015
Q121427821	6000000010099173351
Q121427837	6000000010099175418
Q121428348	6000000034435888955
Q121428512	6000000081774602575
Q121428746	6000000007321014454
Q121432910	6000000035499498350
Q121433347	4755680322020013456
Q121433547	5284549085470048137
Q121433576	5284549099580048143
Q121433608	6000000023040179359
Q121433628	6000000023039973338
Q121433679	6000000015672311670
Q121433696	6000000023040205430
Q121434086	5256997745510137979
Q121434104	6000000016042807909
Q121434407	6000000085338118866
Q121434430	6000000025505244605
Q121434523	6000000015583065498
Q121434526	6000000026178733051
Q1214348	340405405290013870
Q121435351	6000000003941095147
Q12143542	6000000005065954020
Q121435518	6000000003274023636
Q121435527	6000000002613901702
Q121435800	6000000221546057891
Q121435803	6000000213994455821
Q121435953	6000000008935714306
Q121436236	6000000004086644255
Q121436335	6000000007143553411
Q121436341	6000000008506355182
Q121436385	6000000177716752898
Q121436407	6000000007978518624
Q121438048	6000000002624598098
Q121442	6000000014939055722
Q1214432	4668849732310038905
Q121450821	6000000008439025021
Q121456283	6000000007219655510
Q12145896	6000000011367160068
Q121460	6000000028428163159
Q121461785	6000000015354380472
Q121461793	6000000015183873659
Q121461800	6000000053598892880
Q121461854	6000000084965394828
Q121461857	6000000015183849659
Q121462	6000000177296528834
Q12146235	6000000051090491353
Q121462492	6000000007337260645
Q121462575	6000000003273983291
Q121463065	6000000197281264824
Q121463301	6000000023871512100
Q121463403	6000000014022222183
Q121463567	6000000197282429842
Q121463670	6000000002678626975
Q121463761	6000000021362147058
Q121463769	6000000005914430267
Q121463772	6000000048124289321
Q12146382	6000000011572689878
Q121463974	6000000221552147907
Q121463978	6000000221552361835
Q121464229	6000000005749068211
Q121464292	6000000008257509363
Q121464295	6000000071610422835
Q121464319	6000000009968561996
Q121464343	6000000021767695840
Q121464353	6000000020245848401
Q121464574	6000000015901281375
Q121464892	6000000002930881351
Q121464900	6000000017787255262
Q121464901	6000000164237742827
Q121464907	6000000000320768744
Q121464909	6000000000321440709
Q121464910	6000000000321503613
Q121464912	6000000000321503650
Q121465651	6000000177097845822
Q121465710	6000000077163132141
Q121465744	6000000076902143664
Q121465755	6000000019149455024
Q12146580	6000000015562212825
Q12146585	6000000015843818890
Q121466170	6000000016128752940
Q121466564	6000000000477165849
Q121467023	6000000000477239637
Q121467353	6000000027327680903
Q121467359	6000000033506721151
Q12146741	6000000075505004853
Q12146778	6000000165541928934
Q12146885	6000000075506667336
Q121470971	6000000192676105823
Q121472807	6000000015763446684
Q12147440	6000000026323961604
Q121476964	6000000021062240192
Q121477612	6000000039319121802
Q121477612	6000000044762955915
Q121477888	6000000039319549709
Q121477888	6000000044763534866
Q12147801	6000000075507095933
Q12147831	6000000009821674495
Q121478463	6000000024829918886
Q12147985	6000000042599516084
Q12147990	6000000075507796899
Q12148051	6000000002087166070
Q12148056	6000000015267782509
Q121481722	6000000045297740939
Q121481857	6000000024824752335
Q121482	6000000019920693251
Q121482069	6000000027385507021
Q12148260	6000000075507556860
Q121482813	6000000014070636887
Q12148293	6000000075507599952
Q121483547	6000000024827498027
Q121483733	6000000041172700574
Q121483772	6000000041173022124
Q121483776	6000000015185491416
Q121483776	6000000015346316791
Q12148402	6000000001827513035
Q12148532	6000000011646122096
Q12148532	6000000190048483992
Q12148532	6000000190048483995
Q121490	6000000013623576105
Q121493883	6000000057454412027
Q12149598	6000000009680362907
Q12149984	6000000211106254825
Q121501483	6000000017758609548
Q12150158	6000000139297415833
Q121501648	6000000017758752250
Q12150254	6000000011590025812
Q12150267	6000000011590051638
Q1215028	6000000080207470092
Q121502902	6000000181677873832
Q12150322	6000000011590114689
Q121504	6000000043011940101
Q121505007	6000000002798390996
Q121505011	6000000010591534517
Q121505015	6000000002798386118
Q121505021	6000000005067273311
Q121505141	6000000002798380892
Q121505144	6000000002969956039
Q121505148	6000000000769985566
Q121505365	6000000000251854204
Q121505366	6000000006441141359
Q121505368	6000000000250531665
Q121505375	6000000003938281457
Q121505529	374804294180007081
Q121505532	6000000032224057377
Q121505537	6000000010468263541
Q121505547	391086463190003541
Q121505548	6000000002641617831
Q121505554	6000000003132939426
Q121505598	6000000002615507568
Q121505652	6000000003468372084
Q121505664	6000000002615507578
Q121505702	6000000032223934303
Q121505709	6000000002641620172
Q121507	6000000026938847554
Q1215083	6000000080653662903
Q12150887	6000000064708432858
Q121509	6000000029880680762
Q12151213	6000000009285384044
Q12151436	6000000004258438474
Q121517637	6000000058513216000
Q12151939	6000000016104089661
Q12152144	6000000092330425885
Q121524394	6000000032470991955
Q1215337	6000000029806460164
Q12153373	6000000003664349934
Q121535898	6000000026178344332
Q121536536	6000000015346631108
Q121536547	6000000044502081463
Q121536547	6000000050134271852
Q1215367	6000000042483395999
Q121536805	6000000014980560094
Q121536805	6000000050133894078
Q121537258	6000000224182539939
Q121537292	6000000114213353839
Q121537334	6000000014980463220
Q121538995	6000000080984204986
Q121539011	6000000014980221581
Q121539061	6000000087927632825
Q121539170	6000000048751641977
Q121539607	6000000115870136827
Q121540229	6000000222028968953
Q12154238	6000000034734295129
Q12154268	6000000168915690861
Q12154423	6000000014980534130
Q121544945	6000000044900114833
Q121545115	6000000019350005589
Q121545128	6000000016811079658
Q121545129	6000000002249244340
Q121545132	6000000002653429587
Q121545143	6000000000426622669
Q121545153	6000000003154581576
Q121545168	6000000004036463838
Q121545207	6000000002249291402
Q121545215	6000000020745319807
Q121546344	6000000028994175679
Q121546347	6000000000293475736
Q121546349	6000000000293475689
Q121546350	6000000035825736468
Q121546369	6000000023702334485
Q121546373	6000000023705366944
Q121546421	6000000012761671142
Q121546428	6000000007417421159
Q121546429	6000000007418092345
Q121546431	6000000000491266627
Q121546442	6000000007418092355
Q121546444	6000000006290383428
Q121546490	6000000003022299551
Q121546899	6000000033230641959
Q121546984	6000000007963134402
Q121547077	6000000021120848727
Q121547157	6000000000320748445
Q121547236	6000000003681332467
Q121547236	6000000026986650318
Q121547284	6000000003937778920
Q121547297	6000000003937778914
Q121547368	334112027970011990
Q121547416	6000000035176816489
Q121547420	6000000000260096430
Q121547426	6000000000293477220
Q121547428	6000000000320855251
Q121547438	6000000000293477109
Q121547440	6000000003465046999
Q121547467	6000000035177598974
Q121547472	6000000019734936364
Q121547475	6000000019734920406
Q121547479	6000000028356304707
Q121547561	6000000006351453074
Q121547565	6000000000260104012
Q121547568	366159039360006498
Q121547602	366159688530003697
Q121547609	6000000002135580058
Q121547647	6000000000260104930
Q121547653	6000000003022182009
Q121547659	6000000000320691438
Q121547666	6000000000320691385
Q121547693	6000000006351038825
Q121547696	6000000003939138339
Q121547704	6000000003938856238
Q121547705	6000000003939138283
Q121547713	6000000003938856172
Q121547727	6000000003939138348
Q121547738	6000000003938811494
Q121547743	6000000003938811474
Q121547745	326453009660004943
Q121547750	6000000004237866812
Q121547764	6000000003938803522
Q121547768	6000000003938789614
Q121548477	6000000089393669009
Q121548807	6000000019734259126
Q121549019	6000000016750129782
Q121549266	6000000014827353995
Q1215508	6000000007393312392
Q121554	6000000023785319882
Q1215567	6000000182774346853
Q1215629	6000000182696839823
Q12156395	6000000023138714079
Q121564	6000000004191684200
Q12156403	6000000075506742539
Q12156420	6000000022851683123
Q12156471	6000000075507892839
Q1215723	6000000155787965847
Q12157247	6000000003665776887
Q12157255	6000000148436415843
Q12157455	6000000014418051040
Q12157820	6000000010535598009
Q12157828	6000000116748595634
Q12157828	6000000131449366187
Q1215800	6000000005585890102
Q12158485	6000000075481190883
Q121585619	6000000194052732834
Q12158589	6000000075507563000
Q121586653	6000000000921982576
Q12158684	6000000079190706447
Q121588487	6000000009108779992
Q121590469	6000000010507690421
Q1215941	6000000038842033827
Q121597147	6000000022175796956
Q12159927	6000000074792988982
Q121599270	6000000016487844770
Q121599870	6000000011545138813
Q121599879	6000000000250170224
Q121599892	6000000000250162327
Q121599899	6000000011545487988
Q121599917	6000000019586251096
Q121599920	6000000000321442067
Q121599937	6000000148756733873
Q121599938	6000000148756723905
Q121599977	6000000148756560966
Q121600052	6000000224170970892
Q121600067	6000000224171422830
Q121600069	6000000224171400932
Q121600079	6000000000321442079
Q121600081	6000000000321451179
Q121600082	6000000000320790199
Q121600144	6000000001818355375
Q121600148	6000000001818449172
Q12160068	6000000182491317843
Q121600695	6000000016509449022
Q121600702	6000000003939476130
Q121600703	6000000003076443999
Q121600708	6000000003940607563
Q121600711	6000000007555036226
Q121600741	6000000224169988632
Q121600744	6000000224171340835
Q121600755	6000000023262496833
Q121600757	6000000023250271646
Q121600758	6000000003938852107
Q121600768	6000000003938852151
Q121600781	6000000003938852069
Q121600788	6000000003938852164
Q121600802	6000000003938852044
Q121600806	6000000039321089021
Q121600806	6000000224171753821
Q121600807	6000000003938852170
Q121600809	6000000003939881172
Q121600809	6000000021078134977
Q121600916	6000000003939033072
Q121600941	6000000003939920807
Q121601049	6000000009914571851
Q121601053	6000000002931204869
Q121601075	6000000002931045737
Q12160122	6000000138122499900
Q121602581	6000000014192954718
Q121602581	6000000224178872828
Q121602617	6000000086469451058
Q121603005	6000000038359410540
Q121603013	6000000004033440723
Q121603042	6000000002786943253
Q121603049	6000000004099270085
Q121603050	6000000001343925663
Q121603051	6000000001343910564
Q121603054	6000000001343910573
Q121603062	6000000021839147818
Q121603063	6000000007324312270
Q121603072	6000000007418506713
Q121604	6000000013029551586
Q12160527	5220247975170113734
Q12160534	6000000024755689184
Q121605934	6000000026437295785
Q12160759	6000000051449968276
Q121607934	6000000194082441954
Q121608151	6000000195038727838
Q121608199	6000000224180748821
Q121608226	6000000224180394894
Q121608242	6000000224180265861
Q121608434	6000000224171727823
Q121608576	6000000021288526908
Q121610467	6000000016749415917
Q121610673	6000000038405556747
Q121610931	6000000087112801821
Q121612090	6000000195363464860
Q12161427	6000000129591616379
Q121614648	6000000000630523467
Q12161465	6000000014187993075
Q121614669	5718321585520115401
Q121614797	5718330821180100430
Q121614903	6000000197401350824
Q1216154	6000000014255498097
Q121616	6000000034168724966
Q12161604	6000000024739962657
Q1216173	6000000004089179306
Q12161962	6000000076370150853
Q121619730	6000000006567145949
Q121624228	6000000023051184062
Q121625320	6000000001763954303
Q12163068	6000000195311628860
Q1216361	6000000028480510884
Q121643089	6000000003645772949
Q121643089	6000000195144093842
Q1216431	6000000028226799145
Q12164424	6000000004304658111
Q1216469	6000000029956765988
Q12165238	6000000019264109475
Q121655	6000000014274522779
Q12165508	6000000050370375849
Q12165519	6000000006600051622
Q12165551	6000000024156662399
Q12165601	6000000002188593505
Q12165881	6000000007304409151
Q121660	6000000017061369491
Q12166051	6000000018656177950
Q12166113	6000000177696692822
Q12166114	6000000174066794915
Q12166116	6000000177696648822
Q12166134	6000000205948232967
Q12166144	6000000039917604702
Q121665189	6000000197408709822
Q12166740	5604986037110102793
Q12166742	6000000020571851314
Q121671861	6000000008530705249
Q121672011	6000000009963240939
Q121672657	6000000011425331221
Q121673343	6000000001579252607
Q121673640	6000000001562887898
Q121674292	6000000003858658681
Q12167444	6000000184559984858
Q121675088	4156784763920027722
Q121675131	6000000000651974018
Q121675138	6000000006907024085
Q121675234	6000000003409479498
Q12168073	6000000012098343849
Q121680824	6000000179784426887
Q121681024	6000000020191286587
Q121683859	6000000197432758842
Q121685113	6000000019177785257
Q121685448	6000000043228034406
Q121685498	6000000002928580116
Q121685578	6000000002246940163
Q121685712	6000000002928604866
Q121685752	6000000003490633194
Q121685786	6000000001791625198
Q121685816	6000000002928598164
Q121685839	6000000001845746274
Q121686207	6000000006441386291
Q1216863	6000000019111057261
Q121686354	6000000012047809686
Q121686372	6000000197432609851
Q121686688	6000000002246800379
Q121686690	6000000000394265370
Q121687054	6000000012749199685
Q121687066	6000000006516446993
Q1216871	6000000058216350069
Q121690723	6000000162383263821
Q121694	6000000017805438592
Q121694507	6000000010384900135
Q121694527	6000000010385023617
Q121694530	6000000010385222600
Q121696382	6000000145789221957
Q121701163	6000000060298903986
Q121701391	6000000060274714952
Q121703	6000000130275258821
Q121704200	6000000197443932839
Q12171629	6000000059323782924
Q121717747	6000000013217784710
Q121718176	6000000001383010738
Q121719	6000000047190988821
Q12172319	6000000180974363034
Q12172320	6000000180977934857
Q12172516	6000000019937143603
Q12172518	6000000019937518243
Q12172521	6000000019937627002
Q12172523	6000000019937393153
Q12172630	6000000014395167602
Q12172719	6000000208360638855
Q12172920	6000000009181550160
Q12173007	6000000034649785367
Q12173026	6000000033714284600
Q12173121	6000000036341303248
Q1217334	6000000010173358210
Q121734	6000000016446643077
Q12173403	6000000015837061538
Q121734982	6000000185570292723
Q12173671	6000000015836613673
Q12173682	6000000223127551933
Q12173779	6000000205310822825
Q12173794	6000000180846340822
Q12173798	6000000003273414082
Q12173878	6000000029736581780
Q12173943	6000000185554929867
Q12173960	6000000185553327937
Q12174014	6000000011349450619
Q12174045	6000000014488242437
Q12174130	6000000013643223609
Q121742120	6000000006598866986
Q121742121	6000000012919289717
Q121742123	6000000011493296492
Q12174213	6000000171752037110
Q121742136	6000000013796412606
Q121742173	6000000033842885060
Q121742211	6000000001383010687
Q121742221	6000000001382987420
Q121742797	6000000008657276283
Q121742811	6000000023886393674
Q121743079	6000000092438599348
Q12174312	6000000187451049840
Q12174485	6000000075505611808
Q121744871	6000000008874543092
Q121744996	6000000197476226841
Q121745112	6000000197477086835
Q121745343	6000000197477993823
Q121745666	6000000003939869630
Q121745667	6000000001959660326
Q121745696	6000000003939869564
Q121745697	6000000003939869470
Q121745716	6000000069252200852
Q121745717	6000000022429496883
Q121745735	6000000041664744348
Q121745741	6000000041665115886
Q121745744	6000000020773862081
Q121746424	6000000036672589968
Q12174672	6000000075507871871
Q121749323	6000000197485477858
Q121749357	6000000197485873841
Q12174977	6000000000434418677
Q1217502	6000000024279964153
Q12175103	6000000043994086999
Q12175113	5470373954960110259
Q121753463	6000000002316046496
Q121753469	6000000002316046502
Q121756284	6000000024816520040
Q12175672	6000000001829245082
Q12175674	6000000020208959525
Q121757690	6000000197496982877
Q121758599	6000000197498656861
Q121762308	6000000027400061641
Q121762311	6000000024932229458
Q121762313	6000000009764021392
Q121762335	6000000016723163463
Q121762591	6000000016521139557
Q121762611	6000000024932732209
Q121762742	6000000010919089529
Q121762753	6000000010919212414
Q121762775	6000000006891254890
Q121763540	6000000115007322821
Q121766392	6000000197508827864
Q121767108	6000000197540088853
Q121767731	6000000039638325375
Q12176843	4321834
Q12176946	6000000073421178881
Q121770214	6000000197517777823
Q1217703	6000000080623967201
Q12177427	6000000182794762880
Q121775	6000000069521043025
Q121775509	6000000002188402653
Q121781	6000000069478822058
Q121782009	6000000006776768608
Q121788337	6000000195038723836
Q121788466	6000000195363891828
Q121788490	6000000197485648863
Q121788947	6000000003858776327
Q121789647	6000000174748338152
Q121789648	6000000174611445761
Q121789649	6000000174612871034
Q121789652	6000000174749707021
Q121789655	6000000008771205644
Q121789660	6000000008769706606
Q121789663	6000000008796543500
Q121789664	6000000004380502824
Q121789665	6000000004380309000
Q1217897	6000000031103899032
Q121789709	6000000085270426895
Q121789711	6000000085268458364
Q121789714	6000000085281557827
Q121789716	6000000031389858846
Q121789716	6000000085440670004
Q121789743	6000000003615144858
Q121789744	6000000002336780243
Q121789746	6000000010142359747
Q121789750	6000000010142515371
Q121789752	6000000003827161038
Q121790230	6000000027473928418
Q121791723	6000000036975349915
Q121791943	6000000012284103798
Q121791946	6000000077611846044
Q121795628	6000000015343643649
Q121795639	6000000010790850408
Q121795669	6000000004570671538
Q121795681	6000000004881468576
Q121796097	6000000030146277952
Q121796123	6000000030146147375
Q121796146	6000000030146326029
Q121796150	6000000003963108940
Q121796153	5454488345600020108
Q121796966	6000000008772800220
Q121797035	6000000067765036961
Q12179871	6000000007746038439
Q1218003	6000000091161143589
Q12180456	6000000003496799502
Q12180547	6000000017130909350
Q121806140	6000000197550708830
Q12180778	6000000023480970954
Q12181072	6000000087185484850
Q12181368	6000000134000232844
Q12181379	6000000032800472070
Q121814169	6000000004853786889
Q121815613	6000000197562485822
Q121817093	334787042840003474
Q121817137	6000000197570628821
Q121817884	6000000197571412849
Q121818	6000000003131867318
Q121818434	6000000012667988390
Q121818460	6000000197573791843
Q121820610	6000000015343532585
Q121820689	6000000001177312557
Q121821056	6000000058266465937
Q121821078	6000000027778640855
Q121821080	6000000017309358344
Q121821086	6000000004296675236
Q121821096	6000000002601143259
Q121821133	6000000004296675466
Q121821459	6000000022066666624
Q121821580	6000000009543476956
Q121821601	6000000006110983574
Q121821693	6000000006110983641
Q121821724	6000000002183064238
Q121821783	6000000009544335219
Q121821789	6000000013822451112
Q12182179	6000000005438458841
Q121821804	6000000001869877201
Q121821810	6000000001869872333
Q121823182	6000000216764999852
Q121824154	6000000004535741174
Q121826725	6000000001169340345
Q121830	6000000125867918849
Q1218307	6000000034189044404
Q121832	6000000028560792109
Q121835780	6000000026294384269
Q121837303	6000000024402899232
Q121838067	6000000024402781339
Q1218382	6000000017209606118
Q121840563	6000000004763247001
Q121840567	6000000004763472016
Q121840569	370040884520012112
Q121840654	6000000000943616813
Q121840660	6000000000943657743
Q121840694	6000000000944030380
Q121840706	6000000000943616830
Q121840708	6000000109285219990
Q121840710	6000000004229255537
Q121840799	6000000035025824176
Q121840800	6000000003963108976
Q121840807	6000000186870324918
Q121841034	6000000086146558926
Q121841035	6000000086146647891
Q121841037	6000000040828817270
Q121841039	6000000027507738699
Q121841058	6000000003937822889
Q121841502	6000000184012435823
Q121841788	6000000027049131246
Q121842504	6000000010409074778
Q121842547	6000000008612492989
Q121842602	6000000017589079699
Q121842621	6000000018313866844
Q121842852	6000000008613686128
Q121842923	6000000008613446860
Q121843215	6000000019646341886
Q121843329	6000000008612699689
Q121843656	6000000008612656496
Q121850297	6000000059217508036
Q121850307	6000000059223773527
Q121850330	6000000000251758864
Q121850331	6000000000251875702
Q121850337	6000000003938281159
Q121850338	6000000003938281166
Q121850372	6000000000251758431
Q121850374	6000000003938120625
Q121850376	6000000001299265121
Q121850376	6000000200139872411
Q121850968	6000000059224159191
Q121850969	6000000059225964107
Q121850986	379153292650003586
Q121851120	6000000003939000431
Q121851121	6000000003939000316
Q121851129	5122164556700055508
Q121851129	6000000003940464788
Q121851145	6000000002665456022
Q121851168	6000000003939000403
Q121851169	6000000001637082153
Q121851169	6000000003938962031
Q121851173	6000000003937836911
Q121851173	6000000003938962037
Q121851197	6000000000426814552
Q121851260	5289268211660050107
Q121851262	6000000000914874151
Q121851384	4841046714030024049
Q121851603	6000000015375690281
Q121851801	322445580310007444
Q121851879	6000000015375688044
Q121852223	6000000000914730524
Q121852575	6000000012153032428
Q121852595	6000000005415130851
Q121852613	6000000005415130831
Q121852633	6000000002964964179
Q121852702	6000000012153024257
Q121852714	6000000000337459134
Q121852917	5388748942340136504
Q121853046	6000000001069687530
Q121853063	6000000000421746586
Q121853126	6000000003937491652
Q121853370	6000000015375683396
Q121854758	6000000015314969590
Q121855381	6000000013320165090
Q121855409	6000000021852209031
Q121855423	6000000019626400524
Q121856305	6000000012667964287
Q121856309	6000000000307272700
Q121856312	6000000003666953779
Q121856383	6000000002979786053
Q121856514	6000000009543716643
Q121856517	6000000000161142861
Q121856519	6000000000214607361
Q121856523	6000000003221858414
Q121856527	6000000003221858353
Q121856532	6000000003221836356
Q121856538	6000000012619171952
Q121856542	6000000003221768183
Q121856548	6000000002665554505
Q121859889	6000000085032416849
Q121862733	6000000008370737305
Q121862861	6000000003940255070
Q121862861	6000000038026374986
Q121862864	6000000002663148953
Q121862864	6000000038026456911
Q121862903	6000000003940072519
Q121862909	6000000003940255061
Q121862911	6000000013852564569
Q121862989	6000000006668218483
Q121862990	6000000006668403526
Q121862992	6000000052838022130
Q121863069	315087793210005607
Q121863277	6000000017955669607
Q121863279	6000000002979879709
Q121863376	6000000020773755971
Q121863378	6000000033257787784
Q121863384	6000000020773979967
Q121863420	6000000020774626044
Q121863423	6000000033168164127
Q121863424	323232222140002520
Q121863433	6000000026365770012
Q121863562	6000000052868426839
Q121864385	6000000006076846186
Q121864942	6000000173619988135
Q121864965	6000000020799431144
Q121866	6000000002156739020
Q1218693	6000000017886741122
Q121872735	6000000007226311886
Q121878270	6000000011744187359
Q121878876	6000000039215284889
Q121878880	6000000026227165618
Q121878882	6000000026226602740
Q121878885	6000000026226887535
Q121878888	6000000004117042638
Q121878891	6000000002649910898
Q121878902	6000000004117042650
Q121878904	6000000018541730828
Q121878920	6000000026227189241
Q121878922	6000000009944097814
Q121878924	6000000003514346130
Q121878933	6000000003649708901
Q121878963	6000000012921145818
Q121878965	6000000012920999585
Q121878968	6000000002649873606
Q121878970	6000000002649873503
Q121878972	6000000002649873467
Q121878977	6000000007726206693
Q121878982	6000000004592936967
Q121878987	6000000003266326662
Q121878991	6000000007728943897
Q121879015	6000000002649873640
Q121879017	6000000009171135371
Q121879055	6000000000011772375
Q121879127	6000000014291885411
Q121879215	6000000014883498015
Q121879215	6000000183961266825
Q121879432	6000000006665383001
Q121879536	6000000033244407931
Q121879537	6000000006603836235
Q121879933	5236094111320128248
Q121879935	5236084247030136159
Q121879938	5236075674130127832
Q121882336	6000000039639584067
Q121882812	6000000039637812766
Q12188304	6000000003043265472
Q121884789	6000000020839360455
Q121885881	6000000041022322827
Q121885882	6000000041022077449
Q121886212	6000000015151639016
Q121886595	6000000013932668866
Q121886595	6000000209563795823
Q121886622	6000000013932850123
Q121886709	6000000190453334499
Q121886766	6000000000642014488
Q121886876	6000000020201695670
Q121886902	6000000004593095971
Q121886913	6000000004593014753
Q121886920	6000000027400525527
Q121886923	6000000004592953394
Q121886926	6000000006788772571
Q121886936	6000000006348449706
Q121886951	6000000083740877873
Q121886954	6000000083739861676
Q121886975	6000000140196479824
Q1218870	6000000039905157322
Q121887009	6000000140195815932
Q121887036	6000000140195570940
Q121887046	6000000050808376978
Q121887262	6000000004592936421
Q121887413	6000000066114945830
Q121887589	6000000001380352693
Q121887589	6000000209567780843
Q121887770	6000000083741013026
Q121887775	6000000083741167872
Q121887776	6000000190455456037
Q121887780	6000000051825965822
Q121887799	6000000004592936453
Q121888235	6000000008630867547
Q121888368	6000000184950342832
Q121888378	6000000015951589762
Q121888403	6000000015951880903
Q121888404	6000000029797624530
Q121888405	6000000029798047063
Q121888408	6000000176000545920
Q121888428	6000000014193954340
Q121888428	6000000209568236840
Q121888473	6000000039638895042
Q121888492	6000000018531749338
Q121888508	6000000003275282309
Q121888509	6000000004035947150
Q121888513	6000000003275276188
Q121888527	6000000018531259991
Q121888531	6000000014191549587
Q121888534	6000000039638265097
Q121888559	6000000018531772071
Q121888602	6000000023341407898
Q121888610	6000000039634005883
Q121888611	6000000190455000362
Q121888612	6000000190455000346
Q121888649	6000000023341192042
Q121888649	6000000190455000356
Q121888830	6000000007386794551
Q121888837	6000000023340529153
Q121888841	6000000023340633077
Q121888874	6000000014191806733
Q121888883	6000000018531292827
Q1218889	6000000013372832163
Q121888956	6000000023340842370
Q121889039	6000000014190753288
Q121889046	6000000190453473554
Q121889048	6000000014190732390
Q121889051	6000000014190540595
Q121889073	6000000008475947552
Q121889148	6000000022349780911
Q121889253	6000000019384599650
Q121889254	6000000004047459525
Q121889282	6000000038082930142
Q121889292	6000000038081967252
Q121889297	6000000038082649363
Q121889297	6000000205507802824
Q121889300	6000000038082900176
Q121889440	6000000014190913209
Q121889446	6000000014190891377
Q121889448	6000000014190640843
Q121889457	6000000190453473534
Q121889459	6000000190453473584
Q121889463	6000000190453473574
Q121889465	6000000014190854650
Q121889466	6000000014190938550
Q121889605	6000000002980089368
Q121889655	6000000007312318342
Q121889672	6000000023342129535
Q121889678	6000000007312254582
Q121889682	6000000023342301967
Q121889684	6000000007312313326
Q121889686	6000000002844060676
Q121889687	6000000023342331942
Q121889691	6000000023342162022
Q121889696	6000000023342194187
Q121889898	6000000198280267210
Q121889923	6000000001383010118
Q121889928	6000000001753015002
Q121889988	6000000190453163207
Q121889991	6000000190453163199
Q121889992	6000000190453163241
Q121890022	6000000001383046212
Q121890022	6000000008851585147
Q121890360	6000000190453163267
Q121890364	6000000190453163203
Q121890366	6000000190453163253
Q121890370	6000000011286429104
Q121890447	6000000000137275311
Q121890517	6000000014045832353
Q121890572	6000000167246911040
Q121890574	6000000167246911047
Q121890661	6000000007348657400
Q121890837	6000000001504897622
Q121890935	6000000000405794595
Q121890940	6000000000405880415
Q121890955	6000000027607241902
Q121890964	6000000027604349761
Q121891024	6000000027607216974
Q121891030	6000000027607313885
Q121891034	6000000027607099114
Q121891038	6000000027607096277
Q121891043	6000000027607191277
Q121891050	6000000027607308602
Q121891068	6000000089749172896
Q121891077	6000000016045027205
Q121891110	6000000027606933482
Q121891113	6000000027607313042
Q121891131	6000000016045096040
Q121891138	6000000016044960246
Q121891147	6000000027607034642
Q121891150	6000000027607054259
Q121891180	6000000027607336871
Q121891187	6000000116926069026
Q121891192	6000000116926696849
Q121891198	6000000011685617345
Q121891201	6000000116926055972
Q121891214	6000000027607323970
Q121891229	6000000000405881449
Q121891246	6000000001711760882
Q121891250	6000000001711963515
Q121891260	6000000001443833365
Q121891268	6000000001712088526
Q121891272	6000000054291272835
Q121891291	6000000001264183113
Q121891325	6000000001264198315
Q121891383	6000000016730127818
Q121891386	6000000016729983711
Q121891395	6000000001264192246
Q121891413	6000000027607140269
Q121891476	6000000190455892998
Q121891480	6000000190455892982
Q121891483	6000000051889382821
Q121891498	6000000000875606915
Q121891594	6000000000875277638
Q1218920	6000000007681773361
Q121892172	6000000000875606930
Q121898	6000000105732987839
Q121898234	6000000007491673448
Q121898800	6000000139487650002
Q121903	6000000002910390101
Q121904967	6000000018221239352
Q121904970	6000000018221168628
Q121906359	6000000023337718374
Q121909439	6000000000303955213
Q121914258	6000000001892308229
Q121914562	6000000007353092536
Q121914845	6000000012772921674
Q121915	6000000092289901119
Q121915414	6000000003275282457
Q121919239	6000000033327947860
Q121919254	6000000003772718976
Q121919278	6000000019094308709
Q121919425	6000000002977644451
Q121919442	6000000008384488590
Q121919855	6000000025526492644
Q121923173	6000000009551703801
Q121923316	6000000003714086920
Q121924283	6000000027715182191
Q121924301	6000000004592936563
Q121924420	4197881826540047725
Q121924755	6000000002237882811
Q121925178	6000000013375971940
Q121925357	6000000013376168010
Q121925371	6000000002224486232
Q121925386	6000000000966140851
Q121925553	6000000018530382278
Q121925918	6000000001180221218
Q121925925	292355520990005943
Q121925960	6000000007304027897
Q121925966	6000000000435447550
Q121926	6000000024758391874
Q121926169	6000000017813868128
Q121926787	6000000004592936394
Q121927040	6000000004592908983
Q121927056	6000000001944488093
Q121928522	6000000018263034247
Q121928524	6000000006590314039
Q121928579	6000000016764493393
Q121928615	6000000001367491735
Q121930881	6000000021316294428
Q121930897	6000000023385512909
Q121930972	6000000023383094512
Q121930991	6000000004018669522
Q121931061	6000000004229255194
Q121931079	6000000004533469844
Q121932496	6000000004047312736
Q121932511	6000000001180346493
Q121932564	6000000004047827515
Q121932802	6000000000241622033
Q121932814	6000000000202723334
Q121933099	6000000001180346505
Q121933113	6000000034632177255
Q121933194	6000000029963443630
Q121933752	6000000009100102300
Q121933773	6000000040413735460
Q121933836	6000000009100171287
Q121933838	6000000011802066583
Q121933854	6000000008583216837
Q121934000	292355813260008504
Q121934932	6000000003516561743
Q121935131	6000000004370345463
Q121935304	6000000011411863050
Q121937	6000000005327266090
Q121946	6000000021786215632
Q1219464	6000000075745209952
Q121948639	6000000027636320380
Q121957	6000000024943126560
Q121960724	6000000014513045290
Q121963	6000000019725597075
Q1219653	6000000017244708854
Q12196805	6000000171719776836
Q121970	4573071361610083048
Q1219774	6000000070828239834
Q121977533	6000000003482273987
Q1219780	6000000029526805561
Q1219784	6000000008590078332
Q121978611	6000000006067150462
Q1219787	6000000008578072126
Q121982875	6000000022618197218
Q121983329	4911307531830135684
Q121984987	6000000022618197224
Q121985330	6000000022618080538
Q121985542	6000000028051349378
Q121987	6000000055967350988
Q121988007	6000000021211114750
Q121995	6000000001483043923
Q122003	6000000016006076444
Q1220070	6000000038395889367
Q1220074	6000000010686857768
Q1220089	6000000010686881021
Q12201018	6000000009145445348
Q1220103	6000000013715442189
Q1220105	6000000012291101899
Q12201264	299519789870003665
Q122013129	6000000008344534212
Q122013207	6000000009318698973
Q1220136	6000000005784111130
Q122013817	6000000008343429109
Q122013957	6000000008343528909
Q122014472	6000000001121981482
Q122014828	6000000012784705724
Q1220150	6000000183596926893
Q122015588	6000000023201544238
Q122015820	6000000115813120872
Q122020	6000000008900285281
Q1220200	6000000014217997947
Q1220204	6000000034472879254
Q122022163	6000000002764856060
Q1220224	6000000078402986845
Q1220238	6000000000484723088
Q1220243	6000000022957213147
Q122027377	6000000081779652522
Q122027977	6000000000875277615
Q122027996	6000000000875277541
Q122028010	6000000000875277411
Q122028025	6000000000875259542
Q122028041	6000000000875259201
Q122028054	6000000002677783001
Q122028126	302226089270001300
Q122028192	6000000003681267343
Q122028242	6000000000658906030
Q122028256	6000000003075723308
Q122028325	6000000023215153564
Q122028399	302225980780007136
Q122028418	6000000006597101423
Q122028702	6000000000875277553
Q122028706	6000000006763882012
Q122028720	6000000001281405141
Q122028738	6000000001281153599
Q122029283	6000000000350815986
Q122029299	6000000003939045310
Q122029779	6000000006756957062
Q122029894	6000000006756497249
Q1220299	6000000000720006586
Q122030081	6000000006757072185
Q122031036	6000000000696727712
Q122031431	6000000003139379827
Q122031454	6000000006360167519
Q122031471	6000000002441198833
Q122032350	6000000085241349854
Q122032366	6000000006821155349
Q122033363	6000000014174683015
Q1220407	6000000010590526043
Q1220409	6000000031022167825
Q1220432	6000000140690220045
Q122043441	6000000011356801908
Q122044540	6000000008591995399
Q122044987	6000000015860002567
Q1220499	6000000015309692882
Q122051780	6000000000304029030
Q122059900	6000000061006401857
Q122060866	6000000060273746063
Q1220631	6000000010282265959
Q1220633	6000000058343613847
Q122065	6000000048690670232
Q122067896	6000000048763482846
Q122068	6000000077876828601
Q122070223	6000000011713317411
Q122070225	6000000175978684828
Q122070236	6000000009707289328
Q122070237	6000000005077223253
Q122070243	6000000000426830393
Q122072424	6000000027609868375
Q122072845	6000000131081206821
Q122081661	6000000017091178505
Q1220900	6000000075257826095
Q122096525	6000000139448984821
Q1221018	6000000014693824794
Q122102531	6000000037259430977
Q1221224	6000000024876134353
Q122123	6000000029878668217
Q122127	6000000061604380939
Q122127995	6000000200766388893
Q12214011	6000000015515369264
Q122146900	6000000011243285008
Q122147982	6000000011243496262
Q122148107	6000000026566163091
Q122148108	6000000057009929963
Q122148115	6000000043912623055
Q122148115	6000000082000821044
Q122148116	6000000002678085890
Q122148116	6000000043926007305
Q122148165	6000000037815436944
Q122148168	6000000002722868728
Q122148171	6000000016812827023
Q122148175	6000000005300410001
Q122148183	6000000005299464007
Q122148185	6000000003457466459
Q122148302	6000000042163706530
Q122148325	6000000057010094954
Q122148341	6000000057010679145
Q122148345	6000000001842987713
Q122148356	6000000000330759551
Q122148361	5340467767700031396
Q122148386	6000000000323075971
Q122148406	6000000016521876635
Q122148961	6000000008997521800
Q122150372	6000000045458830202
Q122150443	6000000014206514044
Q122151117	6000000011199636162
Q122151786	6000000014014319448
Q122151805	6000000002729394224
Q122151837	6000000002729648478
Q122151867	6000000014014356208
Q122151898	6000000002729820401
Q122151924	6000000000823630636
Q122152065	6000000000823636906
Q122152081	6000000001744942433
Q122152100	6000000000618779738
Q122152560	6000000011240555722
Q122152724	6000000009287224531
Q1221562	6000000022570101261
Q12215791	6000000000571761309
Q1221650	6000000015643158013
Q1221672	6000000178840465899
Q122169469	6000000006706552979
Q122169557	6000000039480283997
Q122169603	6000000003522854557
Q122169604	6000000001868642146
Q122169607	6000000001913099588
Q122169612	6000000001688761247
Q122169616	6000000001688761552
Q122169635	6000000008658466795
Q122169641	6000000006442166733
Q122169644	6000000001689514513
Q122169653	6000000001913221038
Q122169656	6000000009154259800
Q122169658	6000000001210952202
Q122169659	6000000006719301806
Q122169678	6000000001210952491
Q122169732	6000000001210952221
Q122169738	6000000000903238107
Q122169740	6000000005395375590
Q122169750	6000000001913103386
Q122169751	6000000001857230155
Q122169759	2533732
Q122169760	6000000002871659055
Q122169763	6000000002930999449
Q122169770	6000000001857276007
Q122169775	6000000003522588946
Q122169778	2537379
Q122169789	6000000002930999065
Q122169792	6000000002930827873
Q122169800	6000000001857056977
Q122169801	6000000003413915433
Q122169810	6000000006530772001
Q122169813	6000000000196440676
Q122169818	6000000002891448738
Q122169829	6000000000196440659
Q122169833	6000000001402327756
Q122169871	6000000006530739001
Q122169873	6000000003301723267
Q122169877	6000000006252694324
Q122169897	6000000006252708117
Q122169900	6000000006441379228
Q122169907	6000000003148536613
Q122170026	6000000019209795684
Q122170317	6000000194073515821
Q122170334	6000000194083336831
Q122170381	6000000195301299836
Q122170547	6000000129852614902
Q122171	6000000070770863856
Q122171049	6000000001147683530
Q122171183	6000000001092021615
Q122171296	6000000025605481975
Q122171314	6000000011585561640
Q122171402	6000000015924479314
Q122171455	6000000006127346788
Q122171650	6000000011464011501
Q122171707	6000000011465311559
Q122171752	6000000011465332691
Q122172	6000000113516973852
Q122178727	6000000013565408138
Q122178728	6000000169341157277
Q122178730	6000000169341157068
Q122178731	6000000002580421899
Q122178735	343035082230013937
Q122178736	342316297550013722
Q122178737	342289054050011932
Q122178747	6000000011243146654
Q122178830	6000000003301749693
Q122178999	6000000002323705187
Q122179002	6000000000426733528
Q122179006	6000000000426649905
Q122179007	6000000003937770008
Q122179098	6000000211420695825
Q122182157	6000000037326574009
Q122182195	6000000015816714950
Q122182314	6000000190457608368
Q122182316	6000000190457608400
Q122182318	6000000190457608392
Q122182322	6000000190457608404
Q122182324	6000000190457608396
Q122182325	6000000190457608380
Q122182328	6000000190457608376
Q12218366	6000000126545465821
Q122184624	6000000122649485999
Q122184680	6000000036881708854
Q122184724	6000000036882112877
Q122184728	6000000015796984777
Q122184744	6000000036888757972
Q122184759	6000000190457608357
Q122184834	6000000082644588837
Q122184846	6000000015388590001
Q122184846	6000000176784510825
Q122184898	6000000036900546709
Q122185568	6000000036901352272
Q122185741	6000000036901085400
Q122186816	6000000007604916362
Q122186823	6000000007605417333
Q122186982	6000000036901455139
Q122187051	6000000015163647481
Q122187094	6000000190458296184
Q122187124	6000000052473037928
Q122187151	6000000085683949821
Q122187156	6000000085683632921
Q122187239	6000000036915041156
Q122187403	6000000036914052254
Q122187664	6000000003668296194
Q122187819	6000000036912253792
Q122187926	6000000015163834404
Q122187971	6000000036918268830
Q122187973	6000000015163796432
Q122188591	6000000190458296202
Q122188592	6000000190458296192
Q122188859	6000000036888599176
Q122188887	6000000011390851141
Q122188948	6000000000426695260
Q122188949	6000000010741497456
Q122189043	6000000192278543824
Q122189055	6000000036900495155
Q122189097	6000000036900162640
Q122189659	6000000114075620836
Q122189708	348626
Q122189716	6000000015138934213
Q122189722	6000000015139403561
Q122189724	6000000015139454236
Q122189725	6000000207136599899
Q122189726	6000000207136798836
Q122189744	6000000038718314162
Q122189767	6000000019886103862
Q122189774	6000000006705183208
Q122189778	6000000006704784672
Q122189780	6000000019885752197
Q122189781	6000000006705273067
Q122189783	6000000079112586885
Q122189788	6000000038721243849
Q122189830	6000000038721163871
Q122189987	6000000015817162512
Q122190004	6000000025592915335
Q122190036	6000000056634558914
Q122190195	6000000020135912020
Q122190199	6000000005254746761
Q122190203	6000000005254007554
Q122190552	6000000024791634256
Q122190555	6000000000157506944
Q122190953	6000000185069384863
Q122190990	6000000001151057858
Q122191001	6000000011024933327
Q122191025	6000000006700374017
Q122191131	6000000005597455217
Q122191141	6000000000497362382
Q122191161	6000000002288845457
Q122191276	6000000006182283845
Q122191277	6000000003077049826
Q122191724	6000000003940068605
Q122191726	6000000000490977044
Q122192035	6000000003939402148
Q122192046	6000000001608767230
Q122192359	6000000015233614048
Q122192468	6000000007385172134
Q122192769	6000000003490596299
Q122192774	6000000000320669148
Q122192809	6000000011532729992
Q1221931	6000000018909469030
Q122193272	6000000047934863009
Q122197337	6000000006724744936
Q122197339	6000000006725519044
Q122197354	6000000006725503077
Q122197356	6000000006725271519
Q122197411	6000000001713435007
Q122197486	6000000032210722084
Q122197492	6000000047934944956
Q122198034	6000000004129065035
Q122198052	6000000002580488017
Q122198054	6000000002185484169
Q122198076	6000000001212844769
Q122198076	6000000006519403589
Q122198077	341254399370013285
Q122199002	6000000016717575482
Q122199055	6000000074564948876
Q122199261	6000000000651974346
Q122199307	6000000013482603414
Q122199347	6000000024008146947
Q122199354	6000000003940592745
Q122199358	6000000000250529159
Q122199367	6000000003938887764
Q122199368	6000000003230315008
Q122199405	6000000010376268938
Q122199408	6000000002824562363
Q122200753	6000000003937759703
Q122200765	6000000000490966179
Q122200802	6000000003937957584
Q122200829	6000000001565378254
Q122200861	6000000024974459686
Q122200864	6000000006963960741
Q122200871	6000000020705179002
Q122200875	6000000009449751910
Q1222016	6000000024700709447
Q122202685	6000000011124358229
Q122202686	6000000003942680405
Q122202792	6000000011113914701
Q122202793	6000000000618990203
Q122202795	6000000006175799144
Q122202960	6000000002662024434
Q122203105	6000000006442082964
Q122203151	6000000007324290397
Q122203152	6000000007016888246
Q122203153	6000000000484786175
Q122203175	6000000011977685257
Q122203181	6000000011976757967
Q122203183	6000000002889404971
Q122203199	6000000015062481981
Q122203200	6000000005576493470
Q122203201	6000000003077071989
Q122203202	6000000015062672201
Q122203204	6000000005585801830
Q122203214	6000000002247912715
Q122203231	6000000000475114686
Q122203270	6000000003025775951
Q122203282	2000744
Q122203292	6000000008212300278
Q122203347	6000000009945524289
Q122203357	6000000001363833379
Q122203625	6000000025891226946
Q122203632	6000000000497528787
Q122204	6000000027815286854
Q122204006	6000000035710431891
Q122204013	6000000002412572087
Q122204022	6000000002658573183
Q122204073	6000000003108611069
Q122204083	6000000003108611081
Q122204218	6000000000630282561
Q122204224	6000000002703263706
Q122204225	6000000002023828645
Q122204227	6000000002247912651
Q122204271	6000000002247912668
Q122204417	6000000001245045210
Q122204418	6000000008617249080
Q1222063	6000000112299370893
Q122207303	6000000023325309878
Q122207607	6000000011368157602
Q122207630	6000000004159127486
Q122207672	6000000008856066748
Q122207702	6000000002738839729
Q122207760	6000000010070179271
Q122207903	6000000003138388671
Q122209129	6000000071230226006
Q122212	6000000034839300959
Q1222120	6000000072803700972
Q122212057	6000000113739647833
Q122214244	6000000000401094317
Q122214308	6000000003588285618
Q122214334	6000000032210213544
Q122214343	6000000032210915874
Q122214345	6000000000566038876
Q122214346	6000000021557042052
Q122214348	6000000006820447382
Q122214352	6000000032210848925
Q122214486	6000000002964446203
Q122214513	6000000002931201957
Q122214590	6000000005963476401
Q122214592	6000000001540757360
Q122214598	6000000021557084070
Q122214599	6000000006252143808
Q122214603	6000000008980376602
Q122214617	6000000002930913428
Q122216519	6000000189595572865
Q122217023	6000000001212026071
Q122217119	6000000008722649629
Q122218983	6000000001504425731
Q122219033	6000000035462636071
Q122219035	6000000035462604106
Q122219910	6000000004952443795
Q122220105	6000000043204198056
Q122220451	6000000010867722492
Q122220702	6000000004952190762
Q122220728	6000000126226303988
Q122221870	6000000002797266665
Q122221877	6000000024461606153
Q122221893	6000000003185663452
Q122222735	6000000006968479612
Q122223062	6000000002765262197
Q122223458	6000000010070269344
Q122223553	6000000019393474363
Q122223579	6000000033115953194
Q122223627	6000000011592133897
Q122226	6000000007674771915
Q122226139	6000000004321267331
Q122226198	6000000015546010138
Q122226289	6000000022923334323
Q122226604	6000000002765877510
Q122226626	6000000002765877504
Q122227750	6000000011134072029
Q122228497	6000000088022315350
Q122229307	6000000027937803191
Q122229375	6000000012348317245
Q122229377	6000000004244203841
Q122229379	6000000005072572824
Q122229381	6000000076549942893
Q122229382	6000000000350996765
Q122229415	6000000006175186436
Q122229416	6000000006166105596
Q122229418	6000000003939867835
Q122229422	6000000005861036014
Q122229442	6000000004244203861
Q122229444	6000000003017297848
Q122229445	6000000003017297702
Q122229446	6000000003681152292
Q122229483	6000000002677721364
Q122229510	6000000000834332753
Q122229518	328180494200007052
Q122229706	6000000197931972868
Q122231246	6000000003939615514
Q122231247	6000000003939615413
Q122231248	6000000003937951963
Q122231255	6000000006724951950
Q122231257	6000000003077110373
Q122231292	6000000008944637596
Q122231294	6000000002348130739
Q122231295	6000000001510790589
Q122231315	6000000001817669229
Q122231320	6000000019609130057
Q122231342	6000000013788780757
Q122231343	6000000013788744601
Q122231344	6000000038577332086
Q122231347	6000000024050486866
Q122231348	6000000029061944057
Q122231361	6000000029061820105
Q122231366	6000000001212794618
Q122231368	6000000003868216836
Q122231582	6000000017816344754
Q122231584	6000000017817175095
Q122231592	6000000017817106202
Q122231599	6000000017817163157
Q122231600	6000000017816945673
Q122231611	6000000017817050666
Q122231627	6000000017816970707
Q122231630	6000000032154114881
Q122231631	6000000032151536601
Q122231634	6000000006906412508
Q122231635	6000000032151619408
Q122231637	6000000032744630009
Q122231638	6000000032676174430
Q122231639	6000000032676096530
Q122231705	6000000027672075651
Q122231712	6000000027683907950
Q122231713	6000000027683776382
Q122231717	6000000038281110943
Q122231719	6000000038280294239
Q122231720	6000000019177683399
Q122231748	6000000034272274188
Q122231750	6000000000533824736
Q122231751	6000000006802816919
Q122232	6000000109074105880
Q122233276	6000000007335625900
Q122233277	6000000001207819142
Q122233331	6000000001678856818
Q122233483	6000000003526308851
Q122233590	6000000018148582244
Q122233606	6000000004850424879
Q122234016	6000000025399881156
Q122234052	6000000083768023629
Q122234689	6000000001335702453
Q122234724	6000000001335702975
Q122235523	6000000000875277763
Q122236319	6000000079745113879
Q122240976	6000000003219574688
Q122248851	6000000008406121829
Q122257594	6000000028046922294
Q122257616	6000000040682399173
Q122257688	6000000040682111002
Q122257704	6000000040682440121
Q122259026	6000000004372478099
Q122259027	6000000004372180659
Q122259031	6000000007393853958
Q122259032	6000000029782593128
Q122259033	6000000029782672001
Q122259037	6000000029782079477
Q122259040	6000000092719195912
Q122259045	6000000029782490371
Q122259047	6000000002504494926
Q122259162	6000000006514588726
Q122259163	5721156943650054846
Q122259164	6000000006721501073
Q122259166	6000000002288372144
Q122259167	1981923
Q122259168	5477605504830129759
Q122259169	6000000002176550631
Q122259170	5494066332140103967
Q122259185	6000000009457350298
Q122259188	6000000010896861269
Q122259197	6000000009457350808
Q122259198	6000000003468178423
Q122259199	6000000003468298808
Q122259200	6000000003468298194
Q122259201	6000000002703766718
Q122259201	6000000004630613986
Q122259202	6000000000571078562
Q122259202	6000000013270319741
Q122259203	6000000003468166131
Q122259289	6000000009198447498
Q122259292	6000000009198416390
Q122259362	6000000017756499928
Q122259421	6000000012805408777
Q122259443	6000000001324147797
Q122259538	6000000002028831368
Q122259539	6000000068756972125
Q122259541	6000000002028780682
Q122259577	6000000029697743017
Q122259632	6000000015535418727
Q122259841	6000000016608360345
Q122260226	6000000017087101235
Q122260352	6000000043764010821
Q122260773	6000000011205453469
Q122261750	6000000021592924781
Q122261816	4294481654410042058
Q122261817	6000000011675097879
Q122261865	6000000021592982370
Q122261963	6000000002435608532
Q122267	6000000033537681148
Q122272680	6000000187124918830
Q122272707	6000000189367390821
Q1222742	6000000011041054203
Q122277	6000000026904344204
Q122277800	6000000197485519884
Q122277821	6000000197932019868
Q122277850	6000000197932316838
Q122278235	6000000016005974841
Q122279	6000000009306415311
Q12228005	6000000010346418966
Q122290	6000000018129542063
Q122294	6000000178602377835
Q122295	6000000179198774831
Q122305881	6000000031074945737
Q122307249	6000000011514282525
Q122307257	6000000027395353080
Q122307271	6000000176285003834
Q122307366	6000000009137956352
Q1223081	4976344410460106271
Q122308106	6000000011517268575
Q1223091	6000000019864296888
Q122309417	6000000003677055855
Q122309440	6000000003677169189
Q122309485	6000000034837296440
Q122309508	6000000034837135408
Q122310411	6000000083769001850
Q122310421	6000000083767139794
Q1223109	6000000068425368821
Q122311456	6000000029411111469
Q1223133	6000000067133386031
Q1223162	6000000009544647589
Q122318	6000000000304536301
Q1223207	6000000015739890990
Q1223213	6000000014567136149
Q1223216	6000000018276549354
Q1223227	6000000003827470819
Q1223233	6000000020600557965
Q1223260	6000000134754735821
Q122327976	6000000014177663238
Q122329481	6000000027137564150
Q122329484	6000000027140700987
Q122329491	6000000009829408680
Q122329495	6000000017264839191
Q122329509	6000000017264882576
Q122329512	6000000027139064753
Q122329514	6000000009831094634
Q12233676	6000000004337063105
Q1223395	6000000025066405449
Q122341103	6000000150638034033
Q122345	6000000068450867946
Q122345880	6000000026392192094
Q122346029	6000000013715909537
Q122346435	6000000025660699836
Q122346448	6000000030641517442
Q122347858	6000000023361516949
Q12234803	6000000006712159150
Q122351086	6000000102166075001
Q122351689	6000000208675785975
Q122352493	6000000017944903576
Q122357484	6000000018611720016
Q122357759	6000000014005648065
Q122357764	6000000014005639774
Q122357768	6000000184568597836
Q122357772	6000000014695515383
Q122357792	6000000015997333669
Q122357793	6000000015997665700
Q122357794	6000000019390873603
Q122357795	6000000015997819177
Q122357916	6000000000642055179
Q122357920	6000000000975405490
Q122357924	6000000000642028764
Q122357925	6000000000642037651
Q122357926	6000000019391886329
Q122357927	6000000019389472756
Q122357976	6000000017328934689
Q122357977	6000000017328960907
Q122358	6000000158289453830
Q122358264	6000000018030486714
Q122358267	6000000018030613195
Q122358869	6000000014293853285
Q122358872	6000000017474688681
Q12235890	6000000001914862056
Q122359316	6000000017746647903
Q122359321	6000000018980765756
Q122359335	6000000017746329964
Q122359394	6000000017581420983
Q122359395	6000000017581320717
Q122359503	6000000018274517041
Q122360409	6000000037356300654
Q122360728	6000000004860434483
Q122361230	6000000015898754276
Q122361729	6000000187637994828
Q122361890	6000000014223425166
Q122361891	6000000196922517822
Q122361896	6000000196922451823
Q122362147	6000000016573112888
Q122362232	6000000156463527834
Q122362343	6000000017927649752
Q12236274	4866175642430031330
Q122363289	6000000002497430210
Q122364210	6000000017116830135
Q122364269	6000000087539652088
Q122364457	6000000000614386211
Q122364478	6000000002384221506
Q122364479	5500863601450117697
Q122364481	5500912396780074747
Q122364485	5500912464430074753
Q122364509	6000000004009731583
Q122364536	6000000009395387609
Q122366	6000000010505413749
Q122367708	6000000087307491827
Q122367936	6000000141030439918
Q122367937	6000000141030186009
Q122367940	6000000141029907142
Q122368	6000000022920425322
Q122368702	6000000087307254837
Q122369	6000000025121956243
Q122369732	6000000022880812775
Q122370	6000000159604459860
Q1223702	6000000027172123995
Q1223703	6000000037626501904
Q122370346	6000000070727223441
Q122370347	6000000070728083833
Q122370565	6000000077993230049
Q122370754	6000000021570046791
Q122371135	6000000049955900207
Q1223712	6000000054881883853
Q122371444	6000000085941249925
Q12237145	6000000006712079581
Q122372062	6000000187669649836
Q122372065	6000000019236841409
Q12237232	6000000003967960186
Q122372333	6000000029027208747
Q122372336	6000000004065847723
Q122372337	6000000025085571195
Q122372337	6000000059902479033
Q1223732	6000000104171686918
Q1223741	6000000018513588959
Q1223746	6000000013712743294
Q12237501	6000000103183638893
Q122375206	6000000196920977823
Q12237531	6000000103183217070
Q12237547	6000000103182876215
Q12237563	6000000103182064480
Q12237579	6000000103183675925
Q122375796	6000000044853124032
Q122375816	6000000112348998864
Q122375968	6000000069761269909
Q122376084	6000000046858519833
Q12237611	6000000075505522863
Q122376134	6000000069761427173
Q1223780	6000000018070106079
Q12237964	6000000006796527144
Q122380	6000000027365658343
Q122380315	6000000024909766863
Q122382	6000000057827413853
Q122382154	6000000014926526058
Q122382167	6000000011711916285
Q122382209	6000000014926410616
Q122382298	6000000006580732228
Q122382300	6000000006580511771
Q122382318	6000000015750389762
Q122382337	6000000012935906940
Q122382341	6000000008267505412
Q122382350	6000000014926224476
Q122382366	6000000095645475849
Q122382380	6000000014661708587
Q122382380	6000000021417581436
Q122382380	6000000044786278821
Q122382380	6000000050006595096
Q122382383	6000000014662226614
Q122382571	6000000014882713811
Q122382700	6000000064528135876
Q1223835	6000000014994365231
Q1223847	6000000015406656723
Q122387351	6000000064577875830
Q122387351	6000000215173014828
Q122387364	6000000215173242821
Q122387551	6000000210861991828
Q122387730	6000000070099423843
Q122387785	6000000014192048339
Q122387871	6000000204469823824
Q122388775	6000000080087418365
Q122388956	337538399830002810
Q122388978	6000000198089313839
Q122389039	6000000196553346872
Q122389061	6000000196553809849
Q122389687	6000000070181687221
Q1223897	6000000067101336498
Q122392	6000000000161772324
Q1223947	6000000017298723998
Q122395244	6000000139158884897
Q122395276	6000000064843203944
Q122395310	6000000064845470928
Q122395412	6000000064845716896
Q122396081	6000000119718124207
Q122396464	6000000004097496904
Q122396730	6000000004097496897
Q122397201	6000000004097082400
Q1223988	6000000025152793426
Q1224	6000000047337790850
Q1224020	6000000025677604402
Q1224080	6000000022468719032
Q122410314	6000000015116774095
Q122410709	6000000042219000941
Q122411020	6000000005363072283
Q122411319	6000000032104466956
Q122411367	6000000000097177763
Q122411438	6000000012412105666
Q122411498	6000000083071575243
Q122411556	6000000055188696832
Q122411579	6000000048816917272
Q1224132	6000000017973400671
Q122413543	6000000008595266871
Q1224141	6000000026568293097
Q122415557	6000000017273716728
Q122415755	6000000014777379819
Q122416273	6000000000613954456
Q122416276	369528652110011588
Q122416301	6000000004086391347
Q122416760	6000000013416668928
Q122417589	6000000019457245006
Q122417595	6000000003741205262
Q122417613	6000000003741201805
Q122417617	6000000007273425347
Q122417623	6000000019457092349
Q122417629	6000000019457190265
Q122417794	6000000014653428157
Q122417827	6000000027510889931
Q122417913	6000000019483352767
Q122417914	6000000020526367052
Q1224189	6000000082014264021
Q1224199	6000000032839884931
Q122423501	6000000027492008849
Q122424825	6000000040687094674
Q122424919	6000000015346786038
Q1224253	6000000057034532989
Q122426904	6000000014102969997
Q122426906	6000000014777322975
Q122429	6000000001653625130
Q12243051	5182209551390131716
Q122433	6000000035987819180
Q122438160	6000000019091511039
Q122441	6000000088678555563
Q122441410	5448982777250053494
Q122441416	6000000003147038043
Q122441417	6000000000462406786
Q122441418	6000000000664549597
Q122441450	6000000002106189071
Q122441464	6000000112348543825
Q122441466	6000000112348734842
Q122441468	6000000003124327717
Q122441474	6000000000664324714
Q122441477	6000000000664320031
Q122441478	6000000001947605074
Q122441482	6000000002152377527
Q122441490	6000000000664545998
Q122441491	6000000002152518168
Q122441493	6000000004972833132
Q122441496	6000000013796346441
Q122441508	6000000054360910855
Q122441509	6000000111268626916
Q122441511	6000000002353356905
Q122441512	6000000016766588666
Q122441515	6000000002353350959
Q122441518	6000000012593431644
Q122441523	6000000001529146762
Q122441572	6000000001382780749
Q122441572	6000000112348823828
Q122441587	6000000000619035451
Q122441591	6000000000618758268
Q122441594	6000000004993346183
Q122441606	6000000003658771862
Q122441676	6000000002832332480
Q122441752	6000000030227566244
Q122441753	6000000003428178996
Q122442143	6000000019456291937
Q122442189	6000000117680864876
Q122442191	6000000019456471131
Q122442205	6000000019456959267
Q1224426	6000000142888931881
Q122442747	6000000019456888699
Q122443223	6000000000334986496
Q122443278	6000000000334994380
Q122443282	6000000000135394234
Q122443297	6000000004086434165
Q122445	6000000178234285837
Q122446	6000000082499247120
Q12244622	6000000138964061160
Q12244639	6000000075507830930
Q122448	6000000028878999185
Q122451010	6000000077450133110
Q122451082	6000000025606651948
Q122452060	6000000020375773417
Q122452350	6000000024985992510
Q122452727	6000000019382967754
Q122453278	6000000021387615225
Q122453927	6000000079472774237
Q122453982	6000000087362530821
Q122453987	6000000013072467055
Q122453987	6000000087361598229
Q122455066	6000000198167624835
Q122458103	6000000198168575825
Q122459590	6000000160651617821
Q122460323	6000000016593913107
Q122460752	6000000001688895406
Q122461	6000000033325353910
Q122461516	6000000020561858753
Q122463138	6000000021234603530
Q122463181	6000000077013437461
Q122463183	6000000007316890218
Q122463187	6000000007624358867
Q122463194	6000000005392983975
Q122463197	6000000007624968203
Q122463256	6000000017972567875
Q122463273	6000000036642480878
Q122463350	6000000024948836549
Q122463395	6000000024948717356
Q122463470	6000000024948974118
Q122463472	6000000001959231260
Q122463475	6000000000517797507
Q122463535	6000000024948360778
Q122463566	6000000024948864056
Q122463617	6000000003937796798
Q122463794	6000000003940920470
Q122463803	6000000010465916069
Q122464	6000000174680739823
Q122464838	6000000004086736526
Q122464920	6000000004086736532
Q122464970	6000000004086736537
Q122465070	6000000018384120893
Q122465099	6000000050357891897
Q122465220	6000000034433468514
Q122465837	6000000022226625385
Q122467002	6000000000830530842
Q122467005	6000000000250550884
Q122467038	6000000000830278158
Q122467042	6000000008616883452
Q122467063	6000000000830379970
Q122467066	6000000006348543349
Q122467127	6000000002602844982
Q122467131	6000000000589684891
Q122467198	6000000008997217097
Q122467244	6000000000830286199
Q122467315	6000000000830302931
Q122467319	5619251337100060829
Q122467325	6000000009451909257
Q122467330	6000000009451476199
Q122467333	5427821955180059455
Q122467339	5474863716110066598
Q122467342	6000000006795385888
Q12247730	6000000174645191971
Q122480	6000000198315196825
Q122481	6000000013163631012
Q1224847	6000000003328661069
Q122494838	6000000016793386843
Q1224970	6000000022291934786
Q122498213	6000000021503214803
Q122498306	6000000036410717057
Q122498638	6000000039434774813
Q122499943	6000000014192938109
Q1225	6000000006402837165
Q122500099	6000000017756569902
Q122500258	6000000014567910433
Q1225006	6000000016826877392
Q1225014	4012838712080074892
Q12250162	6000000085850250038
Q122502911	6000000011821931312
Q122502939	6000000013168324520
Q1225032	6000000179754631884
Q122506	6000000038293661872
Q12250694	6000000000544789170
Q1225078	6000000166917056822
Q122508749	6000000046252026103
Q1225089	6000000012432403469
Q122509774	6000000046252247051
Q1225106	6000000006348492307
Q12251443	6000000024757899888
Q122514650	6000000013777479156
Q122514672	6000000001596113609
Q122514693	6000000000584430062
Q122514715	6000000001246742976
Q1225186	6000000022451945132
Q1225201	6000000154650999873
Q122522	6000000022191653645
Q12252252	6000000019882102948
Q122522659	6000000082314762868
Q122522893	6000000008874846265
Q122524	6000000041127747068
Q122525509	6000000024248942320
Q122526	6000000016315106869
Q1225262	6000000025380881021
Q122526720	6000000103106451821
Q122526734	6000000018628348295
Q122526751	6000000004590050039
Q122526797	6000000004590050138
Q122526801	6000000011657409369
Q122526849	6000000018628365131
Q122526940	292078674890001801
Q122526943	6000000003940577826
Q122526959	6000000003125370891
Q122527365	5253173152060056370
Q122527435	6000000028395099509
Q122527450	5253182125820129544
Q122527461	6000000000477107860
Q122527563	6000000050195113868
Q122527577	6000000050194918981
Q122527592	6000000006802794710
Q1225283	6000000035605616115
Q1225285	6000000016786717667
Q1225286	350357195920001155
Q122529521	6000000061747856846
Q122529559	6000000000491052207
Q122529585	6000000034433109680
Q122529735	6000000019897602323
Q12253061	6000000126037171867
Q122531147	6000000123941097971
Q1225332	6000000008023077686
Q12253332	6000000021120081422
Q1225340	6000000008033570688
Q122534160	6000000003741205583
Q122534197	6000000003741201828
Q12253640	6000000173258873287
Q12253661	6000000009515424612
Q122536762	6000000004097663031
Q122537883	6000000000100952599
Q122541	6000000141904484043
Q122543	360222657810001144
Q1225481	6000000078684834888
Q122549518	6000000025781198732
Q122550	6000000073192415587
Q1225501	6000000006051964001
Q12255044	6000000011545453523
Q122551	6000000014961760428
Q122551525	6000000008075621695
Q122552	6000000001902753047
Q122553	6000000002529545042
Q122557	6000000161082311823
Q1225600	6000000046190178955
Q12256068	6000000031363233950
Q12256243	6000000001914733487
Q1225630	6000000068778012051
Q12256486	6000000073867084965
Q12256493	6000000014653777977
Q122565530	6000000050008644821
Q1225667	6000000028315152453
Q12256880	6000000017421458083
Q1225692	6000000137017088886
Q122571320	6000000000329683583
Q12257391	6000000016897772905
Q122577544	6000000038092288878
Q1225776	6000000013230098443
Q122578170	6000000052151369876
Q122578314	6000000079505106257
Q1225786	6000000044637003840
Q12257869	6000000078366190849
Q122578912	6000000013135173432
Q122579587	6000000013114872391
Q12258081	6000000174311924889
Q122581102	6000000013114926225
Q122581111	6000000189137282826
Q122583965	6000000037367173892
Q122583968	6000000030857137820
Q122584606	6000000036911281478
Q12258526	6000000006712170246
Q122585970	6000000198239850826
Q122585987	6000000021288051886
Q122586000	6000000024831803971
Q12258641	6000000019263748634
Q12258662	6000000007450792255
Q122587	6000000027018554048
Q122587068	6000000015346650073
Q122587100	6000000015184764260
Q122587168	6000000015346466952
Q122587256	6000000022875206215
Q122587546	6000000043695456234
Q122589298	6000000024758508067
Q122592868	6000000041222163284
Q1225958	6000000021675469978
Q1226003	6000000157506638036
Q1226015	6000000163814319827
Q1226024	6000000007992491498
Q12260589	6000000082006168905
Q12260613	6000000052698310237
Q12260688	6000000019897598124
Q12260722	6000000174311789877
Q12260723	6000000179404779856
Q12260734	6000000018501336348
Q12260740	6000000037173635237
Q12260846	6000000017746023212
Q122609226	6000000013144913958
Q122609453	6000000014652904917
Q122609712	6000000016750138489
Q12261019	6000000009658766655
Q12261029	6000000079281839959
Q12261031	6000000028990786284
Q12261035	6000000020895508627
Q122610409	6000000013936945269
Q122611140	6000000079322189326
Q122611463	6000000079322983912
Q1226129	6000000003231704982
Q12261359	6000000001914802755
Q122614	6000000010628957373
Q12261435	6000000019415203756
Q122614951	6000000010453325005
Q122615393	6000000198259699861
Q122615521	6000000007453530937
Q122615675	6000000198260225917
Q1226160	6000000026574559498
Q122617	6000000163375144824
Q1226171	6000000164713100909
Q122617221	6000000010111598233
Q122617225	6000000006252929373
Q122617558	6000000020949353250
Q122617675	6000000014224192765
Q122617677	6000000009125339977
Q122617687	6000000014224302180
Q122617688	6000000002209247406
Q122617691	6000000014224280349
Q122617692	5509311544380131689
Q122617694	6000000002247912598
Q122617779	6000000006445960659
Q122617784	6000000000350924775
Q122617787	6000000000689042472
Q122617820	6000000008369935518
Q122617824	6000000006444341286
Q122617833	6000000017710569281
Q122617836	6000000006446062279
Q122617852	6000000006446047929
Q122617895	6000000007287833225
Q122618140	6000000006728017537
Q122618143	6000000020908959101
Q122618175	6000000009145946616
Q122618411	6000000020466106327
Q122618413	6000000012281890674
Q122618623	6000000054470530913
Q122618624	6000000042130451327
Q122618626	6000000028568806304
Q122618629	6000000017617615718
Q122618632	6000000054470650213
Q122618634	6000000029289600983
Q122618636	6000000029288991595
Q122618638	6000000083585349139
Q122618640	6000000004026565138
Q122618641	6000000004284584839
Q122618652	6000000006437467964
Q122618656	6000000001728297142
Q122618659	6000000009156146535
Q122618673	6000000009156225241
Q122618674	6000000006437467957
Q122618677	6000000006444459795
Q122618697	6000000008472376174
Q122618699	6000000008291266049
Q122618702	6000000008291176987
Q122618711	6000000008291353504
Q122618712	6000000004279612819
Q122618775	6000000113386487833
Q122618777	6000000008472804336
Q122619313	6000000054470423982
Q122619327	6000000035605158232
Q122619330	6000000035604945375
Q122619333	6000000000336233635
Q122619366	6000000035603729705
Q122619369	6000000002426992877
Q122619372	6000000010686719458
Q122619377	6000000005799548893
Q122619406	6000000005799548872
Q122619438	6000000001728359589
Q122619472	6000000000640017040
Q122619473	6000000002016729018
Q122619476	6000000004237854913
Q122619497	6000000022134466353
Q122619499	6000000000438007581
Q122619500	6000000000438007509
Q122619507	6000000003681259868
Q122619528	6000000182118455968
Q122619529	6000000182126412830
Q122619531	6000000007454720520
Q122619533	6000000003522729892
Q122619535	6000000003040505478
Q122619569	6000000000278185976
Q122619573	6000000000426659148
Q122619575	6000000002577093691
Q122619578	6000000006444256157
Q122619585	6000000000426659138
Q122619587	6000000000421514747
Q122619589	6000000003255954346
Q122619593	6000000001316252564
Q122619665	6000000027433358249
Q122619669	6000000065040427045
Q122619671	6000000065039931845
Q122619724	6000000000696729162
Q122619726	6000000002908602978
Q122619729	6000000002908601981
Q122619731	6000000107063369829
Q1226205	6000000032874693985
Q122621644	6000000012901571962
Q122622653	6000000017461278340
Q122624388	6000000012288182451
Q12262655	6000000005598773390
Q12262656	6000000000599320903
Q12262701	6000000024632088466
Q1226282	6000000014303393176
Q12262969	6000000072100627096
Q12262981	6000000010549940718
Q1226305	6000000090445841843
Q122637	6000000048923312914
Q122639	6000000027815271906
Q122639285	6000000013030358410
Q122639287	6000000013030326472
Q122639373	6000000003505216107
Q122639391	6000000027671653838
Q122641472	6000000003703291080
Q122641475	6000000000196457655
Q122641478	6000000000196457614
Q122641482	6000000000196457726
Q122641483	6000000000196457846
Q122641484	6000000000141472035
Q122641494	6000000000196457742
Q122641496	6000000000196457942
Q122641497	6000000001609016431
Q122641506	6000000000196457628
Q122641508	6000000000196458034
Q122641512	6000000000196458209
Q122641514	6000000012580044088
Q122641515	6000000003076498246
Q122641522	6000000012580260352
Q122641524	6000000001553660203
Q122641537	6000000000759116566
Q122641539	6000000005016336402
Q122641544	6000000000196458224
Q122641546	6000000000759116642
Q122641547	6000000002788095245
Q122641561	6000000000196458048
Q122641571	6000000000196458315
Q122641574	6000000000196473695
Q122641576	6000000002979748776
Q122641587	6000000000196458336
Q122641590	6000000007470690633
Q122641601	6000000036648886718
Q122641603	6000000001010991793
Q122641605	6000000001011136511
Q122641632	6000000002580471586
Q122641634	6000000006442409776
Q122641637	6000000002580571153
Q122641641	4137492551940065079
Q122641642	4127602298920021095
Q122642086	6000000149588621352
Q122642141	6000000011342091679
Q122642142	6000000010451171221
Q122642144	6000000003735065393
Q122642145	6000000003735065407
Q122642146	6000000003735072364
Q122642149	6000000012523616182
Q122642150	6000000006871114921
Q122642160	4798061320220031674
Q122642161	4798391844030031641
Q122642163	6000000003490619663
Q122642165	6000000003077108802
Q122642173	4798061303940076638
Q122642175	6000000024365276499
Q122642566	6000000175760749886
Q122642919	6000000002304441201
Q122642921	6000000034004097384
Q122643334	6000000198297960850
Q122643484	6000000198298203832
Q122643867	6000000198300831834
Q122643930	6000000051651280069
Q122643932	6000000002993637697
Q122644303	6000000069455754861
Q122646860	6000000004870769866
Q1226473	6000000083649835859
Q122648435	6000000004872380475
Q122648453	6000000002569781994
Q122648513	6000000005250072504
Q122648601	6000000005250072515
Q122648630	6000000005250072542
Q1226497	480511
Q122650161	6000000009332361612
Q122650301	6000000009332361608
Q122652070	6000000071269241894
Q122652347	6000000006085942263
Q122652397	6000000006998719761
Q122652500	6000000006085947265
Q122652667	6000000009332379407
Q122652731	6000000009332361622
Q122652840	6000000009331713068
Q122652881	6000000004872376208
Q122652938	6000000198304844852
Q122653102	6000000019456784629
Q12265424	6000000019371835556
Q122654599	6000000158347395821
Q1226556	6000000184404769862
Q12265595	6000000036608647118
Q122656078	6000000006705976368
Q122656370	6000000008616455428
Q122657918	6000000003424651933
Q122657981	6000000007274528631
Q1226622	6000000166069769822
Q1226624	6000000137992938839
Q12266250	6000000020986237958
Q122662990	6000000039636280325
Q1226634	6000000018613926726
Q1226635	6000000011356542451
Q122663597	6000000016750263514
Q122663838	6000000039630671350
Q122663881	6000000021234674230
Q122664115	6000000130558161014
Q1226644	6000000150691079831
Q122664423	6000000039633224271
Q122664423	6000000039645719128
Q122664463	6000000039645421742
Q1226645	6000000156506551835
Q12266454	6000000084861557224
Q122664540	6000000039645659457
Q12266621	6000000030889470938
Q1226670	6000000028428275296
Q12266817	6000000024626124806
Q12267258	6000000018099028345
Q12267314	6000000024594655401
Q122674036	6000000038298097691
Q122674535	6000000007282587701
Q122674545	6000000003938177051
Q122674547	6000000003938177067
Q122674553	6000000003938185185
Q122674561	6000000003938168948
Q122674579	6000000000164751861
Q122674597	6000000007282518302
Q122674686	6000000007282528891
Q122674688	6000000003938171722
Q122674696	6000000003938159432
Q122674751	6000000001212858120
Q122674752	6000000001212840060
Q122674956	6000000024931211564
Q122674961	6000000006900934969
Q122677340	6000000173641374925
Q122678047	6000000039130463130
Q122678167	6000000000379501138
Q122678169	6000000008771203103
Q122678182	6000000017564932327
Q122678183	6000000003525458190
Q122678185	6000000005417311001
Q122678256	6000000000161497765
Q122678275	6000000010741490720
Q122678278	6000000006605937928
Q122678280	6000000006605937798
Q122678292	6000000002409718662
Q122678296	6000000010741651595
Q12267890	6000000047407518971
Q122680114	6000000017759217251
Q122680255	6000000020410290252
Q122680738	6000000017759187438
Q122680791	6000000017760309804
Q122681191	6000000037688344752
Q122681495	6000000078171049355
Q122681722	6000000078171591491
Q122681843	6000000049869990380
Q122682028	6000000078171878390
Q122682188	6000000078171521089
Q1226838	6000000018880657177
Q122685324	6000000023852651938
Q122686991	6000000019934599841
Q122686998	6000000019934393095
Q122687807	6000000024105183015
Q122687809	4121153755460062053
Q122687816	6000000003686118313
Q122687825	6000000003075995362
Q122687833	6000000003523002694
Q122687858	6000000003522615433
Q122687961	6000000002032205379
Q122687986	6000000013432835961
Q122688	6000000103866669836
Q122688610	6000000007562636704
Q122689426	6000000149244602889
Q1226921	6000000071549211193
Q122693	6000000059516808921
Q1226933	6000000044089583845
Q1226953	6000000206090139846
Q122696	6000000078566012902
Q12269636	6000000002774453150
Q12269791	6000000075507258099
Q12269798	6000000013707497463
Q122698221	6000000022953373911
Q12269851	6000000013103374413
Q122698543	6000000015184798112
Q122699872	6000000191133262887
Q122700053	6000000010942932337
Q1227008	6000000083065630356
Q1227015	6000000024034910825
Q122702621	6000000032120030702
Q122702737	6000000024416058712
Q122702775	6000000090238352950
Q122702779	6000000090239155017
Q122702781	6000000026051823086
Q122702788	6000000001384089280
Q122702801	6000000007248796419
Q122702867	6000000026051585484
Q122702869	6000000092754932906
Q122702939	6000000015199367328
Q122703169	6000000015017253873
Q122703181	6000000025491223219
Q122703282	6000000001382987759
Q122703283	5426012754560058140
Q122703289	6000000006170529706
Q122703296	6000000003939897753
Q122703300	6000000207053748838
Q122703355	6000000003939862776
Q122703367	6000000007979138694
Q122703370	6000000207054357849
Q122703373	6000000007979325205
Q122703376	6000000001540919609
Q122703391	6000000083821122822
Q122703430	6000000004547908549
Q122703445	6000000006444200118
Q1227036	6000000198524670859
Q122703646	6000000011556138264
Q122705080	6000000001350568337
Q122705219	6000000015017357221
Q122705283	6000000015017399336
Q122705340	6000000015017267590
Q122705446	6000000037208789032
Q122705456	6000000015562145346
Q122705497	6000000037404864905
Q122705749	6000000191502093906
Q122705762	6000000003111409372
Q122705763	6000000003111429403
Q122705771	6000000201267496844
Q122705783	6000000024419317426
Q122705786	6000000012870839593
Q122705793	6000000026134943230
Q122705795	6000000002667739024
Q122705841	6000000198371209852
Q122705859	6000000017760296805
Q122705868	6000000017759061886
Q122705870	6000000017760703422
Q122705882	6000000015430700093
Q122705883	6000000039054400028
Q122705886	6000000024652480921
Q122705887	6000000001831208897
Q122705981	6000000038316412179
Q122705990	6000000015561899798
Q122706057	6000000003135656630
Q122706072	6000000039078165428
Q122706137	6000000008415697201
Q122706137	6000000190459360848
Q122706146	6000000014638673062
Q122706169	6000000149873628827
Q122706227	6000000017758870777
Q122706227	6000000190459360886
Q122706241	6000000041873964928
Q122706276	6000000002747762323
Q122706290	6000000075602893896
Q122706306	6000000002030882315
Q122706318	6000000198374784821
Q122706323	6000000049764253959
Q122706436	6000000017761283198
Q122706492	6000000017761377043
Q122706492	6000000190459360892
Q122706494	6000000017760168883
Q122706547	6000000130551261846
Q122706555	6000000077894278549
Q122706564	6000000077893925719
Q122706570	6000000077894271545
Q122706573	6000000184298983861
Q122706575	6000000184321590821
Q122706592	6000000003671187078
Q122706594	6000000077895227922
Q122706619	6000000066009725846
Q122706636	6000000082006653539
Q122706687	6000000020237392420
Q122706694	6000000014642360543
Q122706734	6000000082008014929
Q122709371	6000000015551017691
Q12271057	6000000024988160859
Q12271414	6000000008737803327
Q12271681	6000000016170334593
Q122717837	6000000006128083502
Q12272013	6000000077299479140
Q122721	6000000035090500503
Q122723077	6000000040477027086
Q122723338	6000000040556454099
Q122723365	6000000193055541824
Q122723417	6000000040476744255
Q122723996	6000000030243391298
Q122724009	6000000014192924076
Q122724021	6000000050080735872
Q122724036	6000000052256753869
Q122724046	6000000052256486988
Q122724052	6000000052256429023
Q122724139	6000000052262063879
Q122724156	6000000022669484900
Q122724156	6000000024763230207
Q122724182	6000000022665298840
Q122724182	6000000024763336393
Q122724187	6000000014945624212
Q122724187	6000000052262235886
Q122724250	6000000053549711265
Q122725	6000000026441616256
Q12272615	6000000001246391683
Q122726452	6000000022664471005
Q122726452	6000000053781565892
Q122726452	6000000125111639871
Q1227281	6000000143303562983
Q122728803	6000000039630291547
Q122730373	6000000024865164265
Q122731659	6000000015185755011
Q122731705	6000000015184478661
Q122731705	6000000015184596680
Q122732585	6000000003942587447
Q122732595	5115808240870064422
Q122732599	5116031243760115381
Q122732601	5150935440520025340
Q122732603	6000000015074024104
Q122732617	6000000003937822183
Q122732619	6000000003937822163
Q122732646	6000000000744224311
Q1227327	6000000002856178981
Q122732771	6000000003245997587
Q122732791	5668901252570100290
Q122732792	6000000001622725228
Q122732838	6000000015938508701
Q122732840	6000000015939205269
Q122732842	6000000015939332907
Q122732845	6000000003939205848
Q122732895	6000000038627658504
Q122732896	6000000038627955214
Q122732899	6000000012288859136
Q122732901	6000000009395895146
Q122732903	6000000019978297199
Q122732906	6000000001815330850
Q122732910	6000000029851047936
Q122732912	5210338985150110694
Q122732916	6000000018137217459
Q122733688	6000000192188979169
Q122733825	6000000084531160209
Q122733938	6000000006128083447
Q122734000	6000000006128083476
Q122736278	6000000012345193996
Q12273682	6000000004653288807
Q1227379	6000000156258227833
Q1227381	6000000024821014878
Q122740743	6000000023728345484
Q122740751	6000000023727981268
Q122740813	6000000013417045593
Q122740816	6000000004149065809
Q122740844	6000000023728038118
Q122740855	6000000145274722837
Q122740869	6000000147140576870
Q122740913	6000000147140364045
Q122741142	6000000006128083496
Q122744707	6000000084036374481
Q122745722	6000000193055628821
Q122745732	6000000193054329967
Q122745787	6000000040477237855
Q122745830	6000000191767454834
Q122745935	6000000033083330940
Q122745967	6000000022669274288
Q122745967	6000000024763674115
Q12274654	372018571830012367
Q122748305	6000000018043636440
Q12274835	4468558729000045075
Q122750405	6000000093863614303
Q122750578	6000000013663566350
Q122750580	6000000012884225159
Q122750599	6000000012884599874
Q122750717	6000000120131472888
Q122750927	6000000011252410537
Q122750937	6000000084037080297
Q122751094	6000000032182979955
Q122751132	6000000074670537835
Q122751152	6000000074669846139
Q1227513	6000000069593885854
Q122751513	6000000173885479890
Q122751644	6000000002955191161
Q122751723	6000000081791623228
Q122751754	6000000088903221009
Q1227522	6000000010765612134
Q122752485	6000000017614377450
Q122753213	6000000181403539857
Q122753266	6000000038973528895
Q122753931	6000000017735981001
Q122754	6000000022910364300
Q122754112	6000000027649157948
Q122754423	6000000019743189744
Q122754504	6000000078655964878
Q122754584	6000000019921480702
Q122754631	6000000017973481372
Q12275484	6000000011072085114
Q12275498	6000000012578962065
Q12275510	6000000077131727013
Q1227574	6000000013439783652
Q122760964	6000000121002015978
Q122761	6000000184031353857
Q122761038	6000000085035915987
Q122761047	6000000021239856592
Q122761048	6000000021241558053
Q122761156	6000000029918958011
Q122761223	6000000014946186384
Q122761256	6000000022670265744
Q122761256	6000000024763790895
Q122761293	6000000039633355844
Q122761294	6000000024763275441
Q122761298	6000000014945829471
Q122761298	6000000022670182588
Q122761338	6000000014946114801
Q122761467	6000000020800163594
Q122762044	6000000003578906785
Q122762357	6000000209835670864
Q122762362	6000000039633021528
Q122762362	6000000039645719254
Q122762427	6000000015346719498
Q122762429	6000000009043901441
Q122762530	6000000017777157102
Q122762543	6000000017777013274
Q122762818	6000000166762578015
Q122762940	6000000039659348147
Q122762943	6000000039659212309
Q122763030	6000000039632933336
Q122763094	6000000143839050821
Q122763218	6000000189949046412
Q122763386	6000000000862197659
Q122763541	6000000013837978549
Q122764334	6000000008907482046
Q122764427	6000000008907588749
Q122764525	6000000000144694295
Q122764600	6000000014946487591
Q122765291	6000000039779333378
Q122765679	6000000065878184988
Q1227662	339080788990005141
Q122766617	6000000019759374377
Q122766705	6000000011580339201
Q122766714	6000000002143319271
Q122766864	6000000003177472370
Q122766866	6000000007036771065
Q122766868	6000000007036922040
Q122766870	6000000003339534437
Q122766871	6000000010821953963
Q122766899	6000000011580118519
Q122766902	6000000027821178393
Q122766962	6000000011061058732
Q122766964	6000000003513706794
Q122766966	6000000003513610522
Q122766987	6000000013175412998
Q122766989	6000000006175775618
Q122766999	6000000000708203936
Q122767000	6000000000709068637
Q122767001	6000000007036761132
Q122767005	6000000000709188356
Q122767007	6000000002809140074
Q122767010	6000000003513622310
Q122767011	6000000000112124451
Q122767019	6000000008307951056
Q122767021	6000000003513610484
Q122767028	6000000024304971384
Q122767029	6000000003513622378
Q122767032	6000000003185117709
Q122767052	6000000003513712775
Q122767080	6000000002666881838
Q122767082	6000000020008057970
Q122767083	6000000020008455349
Q122767083	6000000134761153411
Q122767241	6000000134763170845
Q122767258	6000000000579368111
Q122767604	331609131970001654
Q1227684	6000000002485834460
Q12276958	6000000019931260578
Q1227704	6000000040679698125
Q1227732	6000000134227544028
Q1227748	6000000021105340258
Q122775294	6000000039641081855
Q1227754	6000000039784405190
Q122775844	6000000011323189489
Q122775844	6000000039644335142
Q122776002	6000000003835841718
Q122778961	6000000070855434895
Q122779747	6000000024501269872
Q12278013	6000000135049785971
Q122780438	6000000185993057146
Q122780721	6000000013125161850
Q122780810	6000000015515398753
Q122781284	6000000028110462866
Q122781284	6000000039732375946
Q122781808	6000000039760732413
Q122782470	6000000039457598056
Q122782533	6000000018911081370
Q122782729	4871684912030078058
Q1227862	6000000045975070123
Q122789777	6000000003938530461
Q122789778	6000000001958883514
Q122789780	6000000001959164486
Q122789781	6000000001959200409
Q122789783	6000000003221090940
Q122789787	6000000004382506043
Q122789789	6000000005962789762
Q122789791	6000000003938154569
Q122789793	6000000004275135257
Q122790381	6000000075626045876
Q12279040	6000000012400973347
Q122790402	6000000003939039177
Q122790413	6000000011140427266
Q122790414	6000000012140331411
Q122790415	6000000003938530443
Q122790417	6000000049896403857
Q122790418	6000000003940660081
Q122790420	6000000003938036560
Q122790430	6000000018691866001
Q122790431	6000000011160626065
Q122790436	6000000011160594138
Q122790459	6000000021081433286
Q122790501	6000000012398682860
Q122790537	6000000024049244498
Q122790538	6000000002532280301
Q122790540	6000000000343942945
Q122790541	6000000003075967601
Q122790544	6000000006926007715
Q122790545	6000000000011933022
Q122790559	6000000003938625565
Q122790560	6000000003221858875
Q122790561	6000000000613005614
Q122790606	6000000070419361979
Q122790679	6000000019077670471
Q12279088	6000000008945862226
Q122792980	6000000015796782765
Q122793296	6000000015796965089
Q12279333	6000000117431378828
Q122793367	6000000015796905368
Q12279348	6000000009861291600
Q122793965	6000000043864971915
Q122794205	6000000019842236864
Q12279462	3960426441540039382
Q122794624	6000000054760891017
Q12279510	6000000028919731175
Q122795513	6000000198511504851
Q122795842	6000000015603631416
Q1227960	6000000016976152549
Q122797	6000000018911340725
Q12279726	6000000008660067555
Q12279774	6000000029139864111
Q12279935	6000000069781145851
Q12279947	6000000006724908605
Q1228	6000000068367359009
Q12280053	6000000040064131474
Q122800916	6000000198513312868
Q122801163	6000000025779012188
Q122801402	6000000198522878855
Q122801911	6000000036647139506
Q122801911	6000000192307125832
Q122802249	6000000075626305891
Q122802438	6000000001577243233
Q122802503	6000000010783513751
Q122802532	6000000044009783810
Q122802533	6000000014274153281
Q122802539	6000000198523498829
Q122802608	6000000000436626606
Q122802640	6000000198524285828
Q122802769	6000000004977207215
Q122802788	6000000018316708578
Q122802877	6000000198524712839
Q12280532	6000000001004917046
Q1228083	6000000018069595097
Q122808544	6000000013619946596
Q122808555	6000000084551498858
Q122808597	6000000000632099032
Q122808597	6000000140299639836
Q122808620	6000000007540947478
Q12280868	4753629246060023554
Q122808965	6000000082730141356
Q122809267	6000000003579908373
Q122809270	6000000004086373325
Q122809479	6000000077407617236
Q122810818	6000000000991039799
Q122810990	6000000002335134615
Q122811171	6000000055514184973
Q122811311	6000000000211144777
Q122811311	6000000084230918119
Q122811311	6000000140299639868
Q122811327	6000000000632104281
Q122811339	6000000008384003987
Q122811340	6000000011770416491
Q122811341	6000000011759507511
Q122811528	6000000016036055742
Q122811529	6000000016036369582
Q122811529	6000000047019455883
Q122811539	6000000047018650080
Q122811540	6000000047018654969
Q122811541	6000000005077624702
Q122811543	6000000002908423945
Q122811544	6000000100213926939
Q122811674	6000000022571762520
Q122811678	6000000022571461797
Q122811679	6000000022571846525
Q122811681	6000000000067032096
Q122811682	6000000004547947103
Q122811684	6000000003077232234
Q122811889	6000000006324400110
Q122811906	6000000000436615542
Q122811918	6000000000436617266
Q122811936	6000000000436788801
Q122811950	6000000003964534812
Q122812102	6000000006101281073
Q122812130	6000000003040695204
Q12281216	6000000014523365785
Q122812656	6000000003939075731
Q122812671	6000000003040699715
Q122812988	6000000003040709434
Q122813005	6000000001892138187
Q122813017	315495012950005649
Q122813130	6000000027964404456
Q122813133	6000000003256529243
Q122813135	6000000000436623904
Q12281355	6000000183580219822
Q122813761	6000000008333954902
Q122813779	6000000008230892411
Q122813793	6000000008230554142
Q122813839	6000000008319726454
Q122813853	6000000001210956287
Q122813883	6000000008319535668
Q122813898	6000000008319851336
Q122814297	6000000008319722479
Q122814297	6000000030751196779
Q122814566	6000000006287063681
Q122814743	6000000013447521635
Q122814760	6000000000172542304
Q122814773	6000000003378233281
Q1228151	6000000013204786327
Q12281535	6000000015786764602
Q1228155	6000000039174965020
Q12281642	6000000007911258374
Q122817700	6000000025619131527
Q122818	6000000005080335335
Q122818338	6000000198554592853
Q122818867	6000000020375773386
Q122818927	6000000020375773402
Q122819114	6000000036919496266
Q122819119	6000000000634820903
Q122819861	6000000023047291392
Q12282012	6000000004986713878
Q122820690	6000000004148329059
Q122820710	6000000011697809374
Q12282139	4340284284580051924
Q122823648	6000000012767726866
Q12282398	6000000005010815382
Q122824019	6000000006844914073
Q122826886	6000000004086594874
Q122828294	6000000172428217852
Q122828898	6000000021078414687
Q122829066	6000000014570613140
Q122829200	6000000004576798819
Q122829494	6000000004577367324
Q122829511	6000000022292067966
Q122829914	6000000004980176382
Q122829931	6000000004086373318
Q122829932	6000000002799090764
Q122829933	6000000002799090789
Q122829981	6000000009666590049
Q122829996	6000000009648046362
Q122830	6000000029944483369
Q122830017	6000000009666535147
Q122830029	6000000004086373280
Q122830084	6000000002447394940
Q122830124	6000000014223765053
Q122830127	6000000003703332711
Q122830138	6000000001749599908
Q122830140	6000000003897339605
Q122830143	6000000003897302634
Q122830146	6000000003040502123
Q122830161	6000000168917644928
Q122830162	6000000049743526823
Q122830163	6000000002812179225
Q122830183	6000000000608259135
Q122830184	6000000003938069000
Q122830185	6000000003938068776
Q122830197	6000000003938068769
Q122830287	6000000089855535953
Q122830367	6000000027604278656
Q122830390	6000000027606345803
Q122830737	6000000017496482060
Q122830795	6000000006167480287
Q122830929	6000000041772245857
Q12283159	6000000054872407986
Q122831752	6000000029902535887
Q12283205	6000000010602706108
Q122832606	6000000006877257189
Q122832618	6000000008450769947
Q122832839	6000000198587333831
Q122832840	6000000198600939828
Q122833166	6000000019908424421
Q122833182	6000000023093767984
Q122833206	6000000019908659120
Q122833224	6000000019116278053
Q122833227	6000000019116269110
Q122833282	6000000001720919023
Q122835105	6000000001272853322
Q122835149	6000000018085272179
Q1228354	6000000033272451278
Q122836	6000000030565591898
Q122836123	6000000103878628143
Q122839705	6000000018085367546
Q122839952	6000000017999327354
Q122839971	6000000008554354061
Q122840713	6000000017999285436
Q122840820	6000000081331572977
Q122841	6000000010630589520
Q122841003	6000000081331425944
Q122841180	6000000017999120389
Q122841206	6000000017999120395
Q122841258	6000000019592892119
Q122841545	6000000013450608578
Q122841625	6000000069536695837
Q122841725	6000000152329298896
Q122841944	6000000017955900098
Q122842264	4029325483940011135
Q1228454	6000000177199743831
Q12284594	6000000006718640254
Q122846	6000000039871415297
Q12284635	6000000084738378861
Q12284651	6000000129645453953
Q1228472	6000000205842688950
Q122847278	6000000032753031862
Q122847628	6000000010706310735
Q122847651	6000000012097658097
Q122847662	6000000007305689291
Q12284879	6000000078309651840
Q1228494	6000000017482401194
Q1228495	6000000016500675453
Q122850769	6000000005073321024
Q1228521	6000000001211818047
Q122852424	6000000198600787822
Q122852748	6000000009003234555
Q122852910	6000000010370846009
Q122853355	6000000032752999196
Q122853526	6000000019451988135
Q122853573	6000000042515984684
Q122853575	6000000103951570118
Q122853577	6000000103951963206
Q122853608	6000000103953292947
Q122853938	6000000190837442821
Q122857081	6000000002219659427
Q122857175	6000000003939426383
Q122858179	6000000084212166057
Q122858820	6000000169701097822
Q122859343	6000000169698876195
Q122859472	6000000015624352639
Q1228595	6000000067253883044
Q122859500	6000000015624258388
Q122859626	6000000007097674288
Q122859769	6000000013449029438
Q122859909	6000000002587667024
Q122859916	6000000034522321905
Q122859938	6000000041137263747
Q122859949	6000000041137263685
Q122860463	6000000003858776353
Q122861219	6000000198587383832
Q122861253	6000000019508572563
Q122861255	6000000026395754495
Q122861326	6000000026395344642
Q122861352	6000000026395942246
Q122861383	6000000026396060011
Q122861389	6000000047939701991
Q1228618	6000000111566569064
Q1228656	6000000020132023327
Q1228661	6000000020152819295
Q1228662	6000000010892297736
Q12286799	6000000017027488293
Q1228680	6000000095394268856
Q1228681	6000000090827991853
Q122869899	6000000012271250086
Q1228706	6000000097813405866
Q122871323	6000000063822671918
Q122871344	6000000063834731841
Q122871362	6000000063820548369
Q122871444	6000000000316489047
Q122871599	6000000000369786472
Q122871615	6000000000369956245
Q122871832	6000000026379021201
Q122871996	6000000009728901690
Q122872016	6000000078566269859
Q1228726	6000000030652716362
Q122872626	6000000041654868838
Q122872819	6000000009239492520
Q1228731	6000000079460290980
Q1228733	6000000110570196852
Q1228735	6000000136062157857
Q122873543	6000000017818503669
Q122874958	6000000070655572976
Q122875351	6000000033629588070
Q12287614	4318773740260030662
Q122876589	6000000019423980742
Q122877935	6000000198586276850
Q12288133	6000000002410512258
Q122881623	6000000023781128488
Q1228837	364545155280012456
Q122884175	6000000021144740989
Q122884501	6000000030540175922
Q122884645	6000000198707934824
Q122884848	6000000070763152848
Q12288536	6000000069279513937
Q12288766	6000000000225305839
Q122888408	6000000024308184211
Q122888515	6000000021442304638
Q122888585	6000000060831805919
Q122888681	6000000021118815829
Q122889377	6000000013355421744
Q122890059	6000000021902802765
Q122890154	6000000018481372192
Q122890477	6000000003820951839
Q122891003	6000000056597957935
Q122891063	6000000011702498678
Q122891473	6000000000229097308
Q12289199	6000000040612851326
Q12289392	6000000007014414430
Q1228958	6000000135722636852
Q1228974	6000000105321030221
Q122897411	6000000034388039635
Q122897424	6000000005664462457
Q12289773	6000000011702480349
Q122898070	6000000081330865393
Q122898545	6000000025888083018
Q12289863	6000000069198586149
Q122898751	6000000017807259074
Q122898852	6000000006112242449
Q122899	6000000025388937124
Q122899095	6000000017807239192
Q122899109	6000000017807259081
Q122899536	6000000017572701492
Q122899565	6000000017573262641
Q122899634	6000000017576318083
Q122899809	6000000017799534096
Q122900802	6000000007398686263
Q122900906	3383072
Q122901	6000000141084691867
Q122902606	6000000000954158578
Q12290269	6000000195044951866
Q122903244	6000000021374374474
Q122903665	6000000006127779927
Q122903814	6000000002457041158
Q122904195	5569004283340038833
Q122904207	6000000176030830899
Q1229052	6000000030808913149
Q1229080	6000000082159301034
Q122908481	6000000022851457014
Q122908632	6000000056597879835
Q122908716	6000000056598419821
Q122908764	6000000056596950261
Q122908772	6000000039660010857
Q122908777	6000000039659861064
Q122908779	6000000039659791169
Q122909355	6000000020690544829
Q122909417	6000000020690336423
Q122909749	6000000180582063821
Q122909965	6000000180579576959
Q1229104	6000000069457825132
Q12291098	6000000006595949807
Q122911364	6000000025580112554
Q122911629	6000000025428676644
Q122911702	6000000039648559872
Q122911711	6000000039648566919
Q122911716	6000000039648329487
Q122911757	6000000021208844466
Q122912655	6000000018915249932
Q122912657	6000000021673931569
Q122912658	6000000020774620517
Q122912667	6000000017361433388
Q122912677	6000000006186794325
Q122912693	6000000004229262183
Q122914689	6000000037559160134
Q122914849	6000000024323223189
Q122915128	6000000198779443864
Q122915291	6000000052628036880
Q122915323	6000000038821096001
Q122915403	6000000186935183860
Q122915506	6000000002641553256
Q122915597	6000000079600049886
Q122916183	6000000064132538041
Q122916594	6000000083566475806
Q122916723	6000000000105029875
Q122917598	6000000024788702627
Q122918801	6000000076158546109
Q122919229	6000000076158945931
Q1229199	6000000166885887045
Q122920139	6000000039659353841
Q122920200	6000000039645655703
Q122920285	6000000056223083316
Q122920425	6000000198799320830
Q122920572	6000000063822617144
Q122920576	6000000046229868281
Q122920673	6000000046230047915
Q12292129	6000000002316960812
Q122921542	6000000185553679132
Q122922399	6000000187495887867
Q122922498	6000000083971064992
Q122922632	6000000186939066841
Q122922722	6000000185200447840
Q122922749	6000000010959628257
Q122923087	6000000198804931880
Q122923876	6000000026618401861
Q122924044	6000000086091994846
Q122925492	6000000069817063205
Q122925627	6000000190800543883
Q122925758	6000000186958452848
Q122925797	6000000020070576276
Q122925849	6000000000001036653
Q122925851	6000000013450032061
Q122925994	6000000007232287642
Q122926092	6000000062275423821
Q12292625	6000000171673318843
Q122926609	6000000000725956501
Q122928701	6000000018052182708
Q122929	6000000013006737114
Q122929278	6000000064174717842
Q122929570	6000000006861960400
Q122930241	6000000057201379143
Q122930676	6000000198600891833
Q122930846	6000000005046620218
Q122931342	6000000018425504453
Q122931681	6000000021009779046
Q122931846	6000000007167229518
Q122932046	6000000011690430356
Q122932097	6000000064173920874
Q122932143	6000000005050901007
Q122932520	6000000003253547001
Q122932528	6000000003253547007
Q122932990	6000000052181930821
Q122933003	6000000018425430741
Q122933497	6000000011844196415
Q122934	6000000026365687709
Q122937107	6000000190889687839
Q122937292	6000000198848130842
Q122937398	6000000049331206065
Q122937400	6000000019776321364
Q122937403	6000000000662605515
Q122937460	6000000019776209643
Q122938830	6000000112291476237
Q122938887	6000000112292895973
Q122941161	6000000014487324231
Q122942084	6000000042057761417
Q122942233	6000000012686743324
Q122942455	6000000193939552874
Q12294296	6000000009396422313
Q122944317	6000000025495291827
Q122946748	6000000014947970146
Q122947755	6000000029115996673
Q122947944	6000000006127594575
Q122948029	6000000018627106228
Q122948212	6000000000052502488
Q122948213	6000000184433944856
Q122948266	6000000000052585096
Q122948581	6000000019159279230
Q122949243	6000000013253307645
Q122949259	6000000015859845420
Q122949270	6000000014980991532
Q122949280	6000000019776236026
Q122949330	6000000014980939580
Q122949348	6000000007399334443
Q122949374	6000000008826291788
Q122949406	6000000010953098162
Q122949451	6000000013402445440
Q122949581	6000000022352961412
Q122949728	6000000015939774560
Q122949741	6000000060388522076
Q122949781	6000000060388654987
Q1229499	6000000014482792563
Q12295015	6000000093320224857
Q1229516	6000000035282235221
Q12295238	6000000039294842451
Q122953306	6000000012686684198
Q122953994	6000000029118760069
Q12295474	6000000003887036741
Q12295510	6000000004235193542
Q122955394	6000000004647369796
Q122955855	6000000191133759840
Q122955877	6000000180847808948
Q122955887	6000000025604872490
Q122956968	6000000010763434470
Q122957433	6000000014569138783
Q122957541	6000000059863609821
Q122957548	6000000197574659856
Q122958099	373080135170006744
Q122958274	6000000023180016165
Q122958457	6000000046080035844
Q122958660	6000000014786028406
Q122958937	6000000198910551824
Q122958945	6000000057023589502
Q122959322	6000000014289038394
Q122959832	6000000003938548862
Q122959872	6000000003772702427
Q122959971	6000000014072793099
Q122960241	6000000014072834280
Q122960265	6000000000603052370
Q122960661	6000000019597898677
Q122960687	6000000015939788514
Q122960693	6000000015939670269
Q122960696	6000000015939680378
Q122961487	6000000006127594597
Q122961496	6000000002614287212
Q122961498	1552568
Q122961502	6000000002614306664
Q122961949	6000000018558477420
Q122961958	6000000006127594591
Q122961984	6000000008778359174
Q122962002	6000000008778335065
Q122962059	6000000008541322024
Q122962082	6000000008377738313
Q122962093	6000000008377576014
Q122962109	6000000006127494647
Q122962416	6000000008798688286
Q122962430	6000000012748681002
Q122963449	6000000020316521848
Q122964480	6000000016457729761
Q122964608	6000000044429575087
Q122964609	6000000044429660890
Q122964612	6000000044429581180
Q122964916	6000000017756931744
Q122965	6000000219495678876
Q122965259	6000000198931238864
Q122965352	6000000017757011207
Q122965854	6000000015865061515
Q122965857	6000000015865127018
Q122965864	6000000009305761182
Q122965891	6000000199034652828
Q122965911	6000000016749493987
Q122965991	6000000016750630720
Q12296620	6000000002387499129
Q122966503	6000000008767027537
Q122966646	6000000008888788294
Q122966693	6000000028833181882
Q122966696	6000000028832736495
Q122966700	6000000002614306659
Q122968	6000000014507701631
Q122968427	6000000028832923022
Q12296988	6000000000358760148
Q122970	6000000113447331931
Q122971260	6000000016750971172
Q122971602	6000000022259270202
Q122971628	6000000034361300893
Q122972	6000000014507143033
Q122974238	6000000039571440409
Q122974352	6000000040297073904
Q122974588	6000000009305637480
Q122974619	6000000004094925111
Q122975203	6000000026542465010
Q122975231	6000000012675319116
Q122976108	6000000001154531609
Q122976144	6000000002373420099
Q122976204	6000000002373420114
Q122976323	6000000006128072689
Q122976358	6000000012395773441
Q122976425	6000000006128072701
Q122976426	6000000012392984079
Q122976811	6000000011839356223
Q122977354	6000000012473760415
Q12297755	6000000025954186871
Q122977935	6000000026440431028
Q122978073	5351996779880087033
Q122978218	6000000008896650926
Q122978333	6000000000096099319
Q122978352	5351921288600122934
Q122978533	6000000000127322893
Q122978567	6000000010590812700
Q1229786	6000000037186190996
Q122979056	6000000026562114495
Q122979152	6000000000726051113
Q122979174	6000000000831207822
Q12297935	6000000041167054893
Q122979471	6000000041075235392
Q122980008	6000000000316426035
Q1229802	6000000011249141116
Q122980302	6000000080650792833
Q122980942	6000000062169982878
Q122981127	6000000040791713471
Q122981132	6000000039672812928
Q122981880	6000000032063429064
Q122981898	6000000007714576530
Q122982046	6000000055154295069
Q122982252	6000000048488047433
Q122982270	6000000048487791833
Q122982290	6000000002984724163
Q122982314	6000000055153235435
Q122982383	6000000033423035762
Q122982433	6000000015751116184
Q122982444	6000000003144335591
Q122982916	6000000017167715720
Q1229832	6000000113083348932
Q122983826	6000000194729398850
Q122984277	6000000023401143530
Q1229843	6000000037974947582
Q122984492	6000000024527020172
Q12298452	6000000019139946108
Q12298791	6000000008390833306
Q122988137	6000000003081336153
Q122988151	6000000003081516006
Q122988219	6000000003081523019
Q12298822	6000000002082057021
Q1229884	6000000024156644602
Q1229886	6000000016567716000
Q1229894	6000000022373694236
Q1229894	6000000042046544412
Q122993849	6000000025020614890
Q122994	6000000125168763926
Q122996	6000000013303820576
Q12299673	6000000022336053011
Q122997964	6000000001226953340
Q122999791	6000000002984576836
Q1230	6000000088068677835
Q12300016	6000000017248908141
Q12300017	4394130869160070222
Q12300024	6000000037733485588
Q123000278	6000000188902427887
Q12300030	6000000002841059005
Q12300031	6000000002436308685
Q123000314	6000000039639316339
Q12300034	6000000032453429889
Q12300036	4629662817880073094
Q12300037	6000000001753008435
Q123000452	6000000043113660833
Q123000464	6000000008100806992
Q12300050	6000000001504871111
Q123000835	6000000188901468905
Q123000883	6000000027150740054
Q123000883	6000000046229968915
Q123000963	6000000033918633884
Q123000974	6000000010089299362
Q123001119	6000000019508852735
Q123001157	6000000010089321246
Q123001169	6000000188901318930
Q123001207	6000000010089151779
Q12300185	6000000011687406087
Q12300198	6000000032212657613
Q12300210	6000000050043722912
Q12300225	6000000017144606183
Q123002282	6000000079185947650
Q12300231	6000000014824987430
Q123002554	6000000010089298313
Q123002581	6000000085239707844
Q123002589	6000000006127607201
Q123002599	6000000085238584137
Q123002656	6000000012381079545
Q123002708	6000000079617350287
Q123002746	6000000112923786105
Q123002793	6000000003868270196
Q123002833	6000000018657373215
Q12300382	6000000195986561850
Q12300401	6000000013081997831
Q123004077	6000000199035180867
Q123004375	6000000019776405661
Q123004427	6000000016786813447
Q123004618	6000000014072521777
Q123004618	6000000045908183880
Q123004619	6000000014072750245
Q123004619	6000000045907984996
Q123004629	6000000014072775169
Q123004663	6000000001085228503
Q123004665	6000000190450451557
Q123004704	6000000199038268832
Q123004797	6000000190450451500
Q123004801	6000000190450451548
Q123004803	6000000190450451534
Q123004812	6000000019028132378
Q123004851	6000000190450451510
Q123004854	6000000190450451524
Q123004956	6000000027198437046
Q12300500	6000000001504539540
Q123005025	6000000007338987572
Q12300503	6000000006201020313
Q12300504	6000000006198386704
Q12300506	6000000011181954933
Q12300508	6000000008306337159
Q12300510	6000000014494880251
Q12300511	6000000012304468929
Q12300513	6000000006101059124
Q123005159	6000000056983089962
Q12300517	6000000015161966836
Q12300519	6000000001504606763
Q12300527	6000000006174875136
Q12300528	6000000006233735687
Q12300529	6000000004326130812
Q12300531	6000000015161919622
Q12300534	6000000006099881475
Q12300537	6000000016865556077
Q12300539	6000000015061679928
Q12300541	6000000006174732462
Q12300559	6000000014806196188
Q12300561	6000000001504592343
Q12300572	6000000028847297650
Q12300576	6000000002810367812
Q12300582	6000000007337675643
Q12300585	6000000015118971704
Q12300593	6000000019297325337
Q12300597	6000000012857743207
Q12300733	6000000048163558217
Q12300798	6000000005249622958
Q12300857	6000000020733612714
Q12300863	6000000007414211711
Q12300875	6000000188116696838
Q12300880	6000000033294731948
Q12300900	6000000002685393405
Q12300901	6000000017315162422
Q12300903	6000000068814759837
Q12300958	6000000002149543469
Q12300982	6000000001753013022
Q12300983	6000000020249747300
Q12300987	6000000077108423493
Q12300991	6000000005632512838
Q12300997	6000000086392002031
Q12301002	6000000015896546143
Q12301011	6000000024090416573
Q12301038	6000000002178287011
Q123010596	6000000006127231265
Q123011609	6000000001686456053
Q123012144	6000000025722869318
Q12301242	6000000000206557706
Q123012619	6000000045423899837
Q123012619	6000000082554502059
Q123012713	6000000014948220685
Q123012736	6000000001816545018
Q12301332	6000000012370062798
Q123013923	6000000011557133016
Q123013936	6000000199064972856
Q12301394	6000000022380881699
Q123014	6000000013203144253
Q123014045	6000000013792418565
Q123014053	6000000022698401313
Q123014170	6000000014969738111
Q123014353	6000000199067569832
Q123014471	6000000190452074929
Q123014546	6000000027072962717
Q123014607	6000000011424437462
Q123014608	6000000190452074933
Q123014692	6000000016025881653
Q1230147	6000000038287188102
Q12301483	6000000033569983163
Q123014917	6000000011082429350
Q123014942	6000000006985921024
Q123014945	6000000027122721150
Q123015062	6000000027123785024
Q123015071	6000000027120723403
Q12301510	6000000033985656216
Q12301515	6000000001504214073
Q123015151	6000000121186880054
Q12301521	6000000025279685239
Q12301526	6000000014534954623
Q12301528	6000000001504814495
Q12301530	6000000001504558401
Q12301531	6000000036961275364
Q12301536	6000000010638267687
Q12301538	6000000079074434236
Q12301540	6000000018638993515
Q12301543	6000000015380638073
Q12301550	6000000156128984836
Q12301556	6000000022465061709
Q123015608	6000000121188028861
Q12301561	4276160180580044853
Q123015631	6000000121187645929
Q12301585	6000000018572227806
Q12301590	6000000011480982792
Q12301593	6000000005583860993
Q123016	6000000175597700846
Q12301607	6000000020457444351
Q123016311	6000000077621049383
Q123016661	5208410967750089486
Q12301712	6000000008785372021
Q12301716	6000000012436907266
Q12301743	6000000088677415219
Q123017445	6000000114689700212
Q1230175	6000000006276839112
Q12301763	6000000011433728826
Q12301776	6000000032031572711
Q123017833	6000000036307875964
Q123018062	6000000022243222509
Q123018254	6000000022219258442
Q123018345	6000000199078449935
Q12301947	6000000010639490377
Q123019539	6000000000066624914
Q123019595	6000000008469864337
Q12301962	6000000012304050830
Q12301968	6000000007452362548
Q12301975	6000000025499453195
Q12301976	6000000001504214619
Q12301979	6000000062108444026
Q123020078	6000000003257942023
Q123020117	6000000001262852341
Q123020122	6000000003251513617
Q123020190	6000000089680469143
Q123020806	6000000022242592720
Q12302136	6000000013061763197
Q123022	6000000004959745551
Q123022000	6000000017694642130
Q12302202	6000000007655338280
Q12302204	6000000004545681371
Q123022284	6000000027008657500
Q123022298	6000000089680532970
Q123022408	6000000028025768297
Q123022489	6000000112683235074
Q12302265	6000000006852996350
Q123023009	6000000018135096409
Q123023050	6000000013781221881
Q123023175	6000000006600695100
Q123023190	6000000022245161129
Q123023222	6000000006245149624
Q123023278	6000000021198910677
Q123023410	6000000022245079733
Q123023420	6000000006127570907
Q123023455	6000000004641975942
Q123023495	6000000006127570932
Q123023576	6000000005095749896
Q123023609	6000000004642119099
Q12302375	6000000005441697434
Q12302454	6000000001360687712
Q12302472	6000000013650803735
Q12302473	6000000017444427777
Q1230248	6000000085078985005
Q12302570	6000000016357441206
Q12302576	6000000003378642663
Q12302579	6000000007329789449
Q12302588	6000000176696116829
Q12302589	6000000049996075036
Q123025952	6000000015711320565
Q12302598	6000000077867019036
Q123026	6000000017206617834
Q12302605	6000000011461712767
Q123026053	6000000015719077341
Q123027853	6000000017613696640
Q123028958	6000000198601276821
Q123028959	6000000198586530842
Q123029	6000000030074801389
Q12302903	6000000134796678018
Q123029228	6000000016898754107
Q12302944	4203546940150049787
Q123029676	6000000031410040970
Q12303094	6000000001504875793
Q12303118	6000000001360681953
Q12303131	6000000016178165281
Q12303165	6000000032564041539
Q12303173	3950767915180076686
Q12303205	6000000180681078836
Q12303278	6000000176064654070
Q12303292	6000000000759718404
Q12303298	6000000006323490358
Q12303301	6000000001703538019
Q12303302	6000000029776911498
Q12303356	6000000028788425356
Q123034	6000000007396512431
Q1230344	6000000031740924662
Q123034676	6000000037172891301
Q12303524	6000000004835132292
Q123035547	6000000004642449216
Q123035558	6000000179534157838
Q123035560	6000000003570476539
Q123035573	6000000003570464168
Q123035625	6000000005223938849
Q123035666	6000000130146512910
Q123036773	6000000008251476178
Q123036922	6000000018974281584
Q12303723	6000000019645490224
Q12303727	6000000021501756570
Q123038488	6000000079319308965
Q123038559	6000000012599819197
Q123038968	6000000024573395727
Q12303914	6000000012835362756
Q123039233	6000000001614070027
Q123039283	6000000007661580065
Q123039429	6000000199144085841
Q12303971	6000000030230237237
Q123039866	6000000020652275951
Q123039960	6000000199144696833
Q12304	6000000041098429980
Q12304043	6000000007280424719
Q12304061	6000000002597337853
Q12304096	6000000009441623516
Q123041	6000000008429223963
Q123042046	6000000172739570220
Q123042511	6000000199145282891
Q12304314	6000000022880724439
Q1230432	6000000015073315176
Q123044084	6000000199145891848
Q123045429	6000000199146319854
Q123046632	6000000016832471071
Q123047542	6000000017835347840
Q123047639	6000000021111454964
Q123047657	6000000018197057671
Q123047699	6000000039027531011
Q123047800	6000000018197459264
Q123047908	6000000042302630074
Q12304808	6000000020249991281
Q12304846	6000000094445621867
Q1230485	6000000156297666868
Q123048673	6000000024680123571
Q123048710	6000000067172768877
Q123048807	6000000008390835003
Q123048840	6000000008391317224
Q12304924	6000000019539930556
Q123049296	6000000000839640287
Q123049328	6000000000839569709
Q12304944	6000000001753122280
Q12304953	6000000023552385018
Q12304958	6000000001504871330
Q123049693	6000000185909162823
Q12304971	6000000003945400533
Q123049787	6000000185908894863
Q123049968	6000000000186791033
Q123049991	6000000005789120159
Q123049998	4800209283640025661
Q123049999	6000000040333451919
Q123050008	6000000001163629152
Q1230504	6000000035011906457
Q123050444	6000000017140672355
Q1230505	6000000005437617504
Q123050553	6000000027421995953
Q1230510	6000000108366371968
Q123051155	6000000006127542917
Q12305129	6000000014525264412
Q123051384	6000000006127496759
Q123051555	6000000199171348887
Q12305161	6000000001504790941
Q12305162	6000000022700542378
Q12305172	6000000017845295764
Q12305180	6000000013816897050
Q12305190	6000000001504565572
Q12305196	6000000003299802696
Q12305203	6000000011170788654
Q123052043	6000000199172218845
Q12305207	6000000009316657245
Q12305208	6000000010975945374
Q12305214	6000000020973166900
Q12305217	6000000011984572535
Q12305218	6000000001504366736
Q12305221	4386150209330061312
Q12305226	4187994358130126206
Q12305228	6000000012118051073
Q123052385	6000000199173100881
Q12305241	6000000039597519858
Q123052447	6000000182139110892
Q12305245	6000000016696461006
Q12305248	6000000034187321844
Q12305251	6000000011223350926
Q123052548	6000000199174377880
Q123052574	6000000070199226935
Q123052582	6000000006127393973
Q1230528	6000000178326073835
Q12305282	6000000008420246453
Q12305287	6000000104342924891
Q12305288	6000000018287794050
Q12305293	6000000003525468243
Q12305294	6000000001504698680
Q123053	6000000085449137057
Q12305301	6000000006200364695
Q12305303	6000000000113846843
Q12305304	6000000001504882501
Q12305305	6000000061298492207
Q12305311	6000000022553489745
Q12305312	6000000022513335755
Q12305313	6000000022540854766
Q12305316	6000000016519515508
Q12305317	6000000022451161246
Q12305322	6000000005619165016
Q12305324	6000000005736942391
Q12305334	6000000166378972016
Q12305348	6000000022784300930
Q12305356	6000000019296691441
Q12305378	6000000001504646054
Q12305395	6000000006122720786
Q12305396	6000000007427169343
Q12305398	6000000136537877822
Q12305401	6000000039558609001
Q12305403	6000000062266925931
Q12305404	6000000026090369080
Q123054050	6000000100548390040
Q123054060	6000000025621375402
Q12305411	322929815260004250
Q12305413	6000000024919615923
Q123054138	6000000026188929151
Q12305420	6000000017288006856
Q12305424	6000000023604886882
Q123054241	6000000025621677034
Q123054253	6000000008861329676
Q12305451	6000000000206666661
Q123054510	6000000017135549773
Q12305510	6000000003503191758
Q12305512	6000000012927728317
Q12305517	6000000003971843025
Q12305518	6000000002012514568
Q12305519	6000000003971414285
Q12305520	6000000011685059153
Q12305521	6000000039507077392
Q12305523	6000000001053626221
Q12305525	6000000008341863404
Q12305528	6000000001504268324
Q12305529	6000000001504844784
Q123055352	6000000006127971218
Q123055439	6000000010425786381
Q12305547	6000000006102019002
Q12305558	6000000010487234091
Q123056011	6000000014185931106
Q123056506	6000000025708740571
Q12305651	6000000006110595095
Q12305664	6000000013752880138
Q12305672	6000000015423054495
Q123056798	6000000210323430823
Q12305682	6000000027151348417
Q12305683	6000000022657956651
Q123056895	6000000001369366606
Q12305691	6000000006972268163
Q12305693	6000000007634917382
Q123056930	6000000006827895363
Q12305694	6000000001753041904
Q123056963	6000000007933648455
Q123057	6000000041058749942
Q123057000	6000000001276820227
Q123057007	6000000078745328218
Q123057069	6000000018825421953
Q123057099	6000000016576501289
Q123057137	6000000001293308103
Q123057421	6000000022794965660
Q12305764	6000000002358681928
Q123057719	6000000118864976060
Q12305786	6000000076772724872
Q12305791	6000000002673689695
Q12305792	6000000016538805747
Q123057959	6000000086371070176
Q12305798	6000000009300335912
Q12305807	6000000006119386220
Q12305819	6000000092352760825
Q1230582	5619580351070050878
Q12305820	6000000006081932563
Q12305822	6000000015414532362
Q12305823	6000000011176213844
Q123058239	6000000010513608550
Q12305826	6000000005770994464
Q123058262	6000000071032596883
Q12305830	6000000026713836373
Q123058322	6000000010513299487
Q12305834	360125950430010999
Q12305843	4118217508350058909
Q12305848	6000000011069271536
Q12305849	6000000012887754231
Q12305851	6000000013924502849
Q12305864	6000000006141464003
Q12305865	6000000006122735631
Q12305867	6000000008286111081
Q123058675	6000000023811602543
Q12305873	6000000009046834980
Q12305879	6000000006102260820
Q12305880	6000000005264408013
Q12305881	6000000006111752137
Q12305886	6000000006109391035
Q12305887	6000000015129946376
Q12305896	6000000005621130238
Q12305898	6000000005297672021
Q12305901	6000000006146267619
Q123059046	6000000023811748398
Q12305912	6000000018466984317
Q12305924	6000000001504786590
Q12305925	6000000006098705165
Q12305931	6000000005621104678
Q12305932	6000000008090030418
Q12305933	6000000011159289351
Q12305936	6000000006233489807
Q12305937	6000000001504876690
Q12305947	6000000006080958676
Q12305960	6000000010975738864
Q12305965	6000000001504474242
Q12305966	6000000024579493956
Q12305976	6000000001806841275
Q12305981	6000000020799545665
Q12305985	6000000014534863811
Q12305994	6000000009917719687
Q123059943	6000000009546236497
Q12306	6000000010299714607
Q12306004	6000000012566523748
Q12306014	6000000022603125882
Q12306015	6000000017206942001
Q12306030	6000000011911151606
Q12306032	6000000010676550297
Q12306035	6000000029882623169
Q12306046	6000000025891334593
Q12306059	6000000012934859264
Q12306061	6000000018240007403
Q12306067	347070566050011859
Q12306068	6000000015062981075
Q12306079	6000000024197158338
Q12306087	6000000006101099942
Q12306088	6000000025818862562
Q12306092	6000000024851053153
Q12306096	6000000006102409628
Q12306137	6000000005052133584
Q1230614	6000000027127513424
Q12306146	6000000026812880856
Q12306148	6000000014553345568
Q12306155	6000000011545759352
Q12306156	6000000038193028089
Q12306161	6000000009141295940
Q12306167	6000000007887939368
Q12306171	6000000001504416480
Q12306175	6000000029659826887
Q12306178	6000000008725368469
Q12306181	6000000040916678932
Q12306182	6000000072387008261
Q12306185	6000000007098857454
Q12306186	6000000007078067037
Q12306192	6000000010093011756
Q12306193	6000000001753041447
Q12306194	6000000031946711910
Q12306197	6000000011448579583
Q123062	6000000008429273691
Q12306215	6000000017177293661
Q12306219	6000000011652810454
Q12306231	6000000012313262577
Q12306232	6000000008366848880
Q12306234	6000000004144999808
Q12306246	6000000004203359137
Q12306319	6000000020817059596
Q12306327	6000000006080648804
Q12306335	6000000000635603346
Q12306336	6000000087903391980
Q12306337	6000000009093680790
Q12306342	6000000011140134647
Q12306347	6000000003079985298
Q12306348	6000000014335449593
Q12306350	6000000010783931763
Q12306351	6000000027892528985
Q12306452	6000000001504570800
Q12306481	6000000003116926875
Q12306500	6000000014137106472
Q12306543	6000000156587631821
Q1230659	6000000133444831320
Q12306627	6000000019597545872
Q12306631	6000000001504620682
Q12306637	6000000004848380787
Q12306642	6000000103650418822
Q12306643	6000000088139538867
Q12306644	6000000001504837007
Q12306646	6000000021722029563
Q12306649	6000000001689816093
Q12306651	6000000023364808148
Q12306704	6000000003664723346
Q12306708	6000000014206056321
Q12306709	6000000000759438110
Q12306804	6000000026548912599
Q1230681	6000000002831280868
Q123071	6000000052757988016
Q12307105	6000000022104564662
Q12307145	6000000013270999456
Q12307167	6000000011356925448
Q1230738	6000000001504259929
Q1230745	6000000186940354855
Q1230746	6000000175589480822
Q1230748	6000000177946039883
Q1230769	6000000041511158827
Q123078	6000000012823140379
Q12307802	6000000014675949038
Q123080	6000000216235848823
Q123081849	6000000003868270218
Q123082606	6000000026617833644
Q123083075	6000000012381166916
Q123083731	6000000023728233620
Q123084157	6000000023514776169
Q123084515	6000000027430400402
Q12308535	6000000016555273007
Q12308582	6000000033218389761
Q12308603	6000000053490515855
Q12308704	6000000001504394017
Q12308706	6000000022516183532
Q12308713	6000000001504609947
Q12308717	6000000016651769314
Q12308721	6000000009396107162
Q12308722	6000000014546138510
Q12308723	6000000012592278066
Q12308851	6000000184259531861
Q12308860	6000000006322929170
Q123089	6000000016705541576
Q123089822	6000000006127621875
Q123089842	6000000006128206035
Q123089856	6000000025887314390
Q123090000	6000000006595705518
Q123090078	6000000007677456341
Q123090671	6000000003827661348
Q123091933	6000000014949635428
Q123091965	6000000014949738753
Q12309200	4360094100150054955
Q123092037	6000000014940029748
Q123092053	6000000014940029753
Q123092059	6000000014939851698
Q123092060	6000000014939851703
Q123092278	6000000023728046241
Q123092321	6000000023728352968
Q123092376	6000000023728221203
Q123092405	6000000023728522913
Q123092443	6000000023728562932
Q123093056	6000000023727446480
Q123093163	6000000001369253803
Q12309320	6000000029776660346
Q123093263	6000000015651077635
Q12309344	6000000139370078830
Q12309347	6000000019296413621
Q12309365	6000000015209538412
Q12309366	6000000019526513575
Q12309373	6000000021989713285
Q12309374	6000000016357795935
Q12309378	6000000003914403414
Q12309379	6000000022588594014
Q1230938	6000000024512715333
Q12309465	6000000001504617880
Q12309466	6000000001504889514
Q12309468	6000000006199369258
Q12309472	6000000022229227723
Q12309473	6000000001504875224
Q12309475	6000000001504882910
Q12309484	6000000016517044151
Q12309485	6000000012317678653
Q12309521	6000000022538759567
Q12309533	6000000006174885184
Q12309542	6000000011668466200
Q12309543	6000000005441211366
Q12309544	6000000021219618291
Q12309553	6000000012304557348
Q12309569	6000000030134547946
Q12309570	6000000005244106310
Q12309572	6000000001743294044
Q1230959	6000000052803253855
Q123096258	6000000022405739801
Q12309633	6000000011843920402
Q12309707	6000000011747241565
Q12309708	6000000000206487823
Q12309711	6000000006097612714
Q12309736	6000000048163873863
Q12309738	315716045860008010
Q12309754	6000000004146303082
Q12309762	6000000076112760255
Q12309763	6000000062735203018
Q12309769	6000000013174200059
Q12309804	6000000002437694072
Q12309805	6000000001753033277
Q12309806	6000000001504897871
Q12309831	6000000000487068906
Q12309847	6000000007433473585
Q12309851	6000000190679678841
Q12309853	6000000012299112781
Q12309857	6000000029040128267
Q12309864	6000000021501932899
Q12309865	6000000017184562234
Q12309869	6000000015547682997
Q12309872	6000000014690647897
Q12309908	6000000013590267579
Q12309911	6000000040139797179
Q12309913	6000000077621533111
Q12309916	6000000017736099601
Q12309918	6000000021013834515
Q12309931	6000000010867582231
Q12309963	6000000015223082537
Q12309980	6000000020011302457
Q12309982	6000000012285282134
Q12309988	6000000002436229761
Q12309989	6000000020472973483
Q12309990	6000000011732743498
Q12309992	6000000008640901888
Q12309999	6000000022559826533
Q12310010	6000000016264256826
Q123101	6000000016643378786
Q12310109	6000000012074852368
Q12310110	6000000007224152157
Q12310118	6000000022632259785
Q12310120	6000000015634537731
Q12310229	6000000014485578399
Q123102424	6000000003868171268
Q123102667	6000000003868276938
Q12310292	6000000082304481006
Q12310299	6000000001504354773
Q12310303	6000000037054468836
Q12310305	6000000010859313280
Q12310377	6000000028485632086
Q12310413	6000000019492784195
Q12310416	6000000006251965090
Q12310462	6000000002810399307
Q12310499	6000000012441763937
Q12310518	6000000011984762829
Q12310522	6000000010606821355
Q12310523	6000000022679986096
Q12310531	6000000002827153657
Q12310538	6000000011734379219
Q1231066	6000000176810651830
Q1231073	6000000029925022742
Q12310815	6000000012501680346
Q1231084	6000000072081839885
Q123109217	6000000015095007374
Q1231098	6000000084811908087
Q1231099	6000000019196956153
Q123109995	6000000006044207009
Q1231104	6000000164466190911
Q123110932	6000000020639335006
Q123110942	6000000020639335025
Q123111	6000000023780533538
Q12311209	6000000029071338084
Q12311217	6000000024472948856
Q12311222	6000000001504570481
Q12311223	6000000022813459936
Q12311225	6000000022660597956
Q123114003	6000000020194946086
Q123115482	6000000199266320826
Q12311566	6000000004667916041
Q12311579	6000000025956759030
Q123116020	6000000199267183883
Q1231161	6000000196907628889
Q123116409	6000000199268901829
Q12311664	6000000025673224833
Q123116855	6000000199269993827
Q123117942	6000000063822383821
Q12311853	6000000008312895281
Q12312	6000000010589552846
Q123120533	6000000006099195582
Q12312149	6000000005621690385
Q12312151	6000000000343268298
Q123121687	6000000007725683921
Q123121712	6000000043326700032
Q12312203	6000000001504863350
Q12312215	6000000016476707448
Q12312221	6000000035192421219
Q12312230	6000000012171165288
Q123122311	6000000018048584738
Q123122531	6000000018048499388
Q12312261	6000000035895099940
Q123122782	6000000100819832054
Q123124480	6000000093966982026
Q12312518	6000000007451025213
Q12312524	6000000011994133342
Q12312525	6000000010676210734
Q12312526	6000000000211408267
Q12312527	6000000001763728566
Q12312534	6000000001504814248
Q12312536	6000000025998654666
Q12312537	6000000007337562956
Q12312539	6000000009023712378
Q12312545	779230
Q12312546	2048769
Q12312550	6000000003702216245
Q123125597	6000000004305636730
Q12312560	6000000001504831836
Q12312561	6000000022848790160
Q12312576	6000000001763884101
Q12312578	6000000004835402108
Q12312581	6000000016476237666
Q12312582	6000000005265298001
Q12312584	6000000012261886210
Q12312588	6000000014909519039
Q12312589	6000000016959365613
Q12312591	6000000014302724679
Q12312594	6000000006724679780
Q12312598	6000000015223108499
Q12312604	6000000021744192380
Q12312609	6000000003971439745
Q12312610	6000000011976707727
Q12312618	6000000009323050200
Q12312619	6000000025744658231
Q12312620	6000000002186279181
Q123126219	6000000188146023821
Q12312627	6000000012213005548
Q123126330	6000000199301489825
Q12312635	5026266371960027344
Q12312636	6000000017207076368
Q12312647	6000000006199119238
Q12312648	6000000003062921514
Q12312657	6000000004837870143
Q12312658	6000000007450885435
Q12312659	6000000006079995848
Q12312673	6000000001504837063
Q12312674	6000000024237777263
Q12312684	6000000011182076843
Q12312687	6000000011296176101
Q12312692	6000000001504216304
Q12312694	6000000006097554564
Q12312698	6000000023431813130
Q12312699	6000000003645929558
Q12312705	6000000019626754384
Q12312707	6000000006323876070
Q12312709	6000000013218419054
Q12312714	6000000020827013139
Q12312715	6000000017845482034
Q12312721	6000000006127158616
Q12312722	6000000010093010593
Q12312723	6000000006126725280
Q12312724	6000000011175001241
Q12312729	6000000025927864941
Q12312735	6000000001504617090
Q12312736	6000000016476560364
Q12312741	6000000006093944602
Q12312742	6000000000727875426
Q12312744	6000000006081722269
Q12312745	6000000005023004350
Q12312746	6000000025663522421
Q12312749	6000000006201279463
Q12312753	6000000002819180355
Q12312756	6000000006323474294
Q123127811	6000000016706890108
Q123127950	6000000103766204939
Q123128023	6000000199307273861
Q123128625	6000000199328673986
Q123128721	6000000078073889908
Q123129207	6000000021848697871
Q12312936	6000000015412241546
Q12312939	6000000101856111824
Q12312942	6000000023509808303
Q12312943	6000000026729483542
Q12312945	6000000077764753243
Q12312949	6000000018880765760
Q123129731	6000000022567452744
Q12313033	6000000024955660385
Q12313036	6000000011223103916
Q123130372	6000000027838396175
Q123130387	6000000027838596952
Q123130396	6000000012170264386
Q123130405	6000000002110666047
Q123130421	6000000027838288209
Q123130422	6000000027838521349
Q123130425	6000000008808166441
Q123130432	6000000008808160472
Q123130437	6000000018618028858
Q12313046	6000000010801940564
Q123130522	6000000002788232005
Q123130533	6000000066824802821
Q12313105	6000000049789242838
Q1231315	6000000157658323892
Q1231334	6000000178602759969
Q12313373	6000000056763900821
Q12313403	6000000008420246449
Q123134112	6000000063834980925
Q123134302	6000000041628279615
Q123135	6000000009858253523
Q12313667	6000000208438433972
Q12313670	6000000006436719298
Q12313671	349402459830011591
Q12313673	6000000007061074543
Q123136798	6000000024894998019
Q12313684	6000000027892949395
Q12313685	6000000006201123600
Q123136874	6000000014170423082
Q12313694	6000000022057178211
Q12313696	6000000023218966425
Q123137035	6000000199331444834
Q12313706	6000000026549772251
Q12313711	6000000007451024468
Q12313714	6000000033648542949
Q12313721	6000000018385827248
Q12313727	6000000082613587254
Q123137418	6000000199462799836
Q12313745	6000000008534402683
Q12313746	6000000008534729126
Q12313754	6000000006725470127
Q12313757	6000000020481632155
Q12313771	6000000069304012109
Q12313794	6000000012114336093
Q12313806	6000000014296390658
Q12313863	6000000129698719874
Q123138945	6000000013537815814
Q123138949	6000000013537641373
Q123139163	6000000017824490190
Q123139208	6000000014687672339
Q123139256	6000000021193536002
Q123139520	6000000040444217128
Q123139525	6000000016280500411
Q12314078	6000000014189930109
Q12314080	6000000001504901041
Q12314090	6000000011976769408
Q12314091	6000000004203638160
Q12314150	6000000011069074960
Q12314151	6000000017100446799
Q12314169	6000000050014406896
Q12314171	6000000016430796119
Q12314257	6000000001504745991
Q12314265	6000000165649171938
Q123142926	6000000004868094979
Q123143876	6000000072332643168
Q123144351	6000000112861311879
Q123144590	6000000198601083836
Q123144670	5554993690650079813
Q1231447	6000000182003169988
Q123144713	6000000189366336945
Q123144902	6000000199353663822
Q1231450	6000000058151221008
Q12314536	6000000002962173035
Q12314546	6000000011843482680
Q1231458	6000000058151477827
Q123146105	5421562377620118340
Q1231463	6000000178308398860
Q123146351	6000000004536003467
Q12314647	6000000023785809124
Q123146477	6000000004536083295
Q12314652	6000000172429883288
Q12314667	6000000001920493144
Q12314671	6000000017314637080
Q12314674	6000000025900932873
Q12314675	6000000027434705321
Q12314676	6000000006141899003
Q12314678	6000000011139136931
Q12314687	6000000006248975188
Q12314692	6000000010694531335
Q12314697	6000000035259664713
Q12314699	6000000031301589585
Q12314700	6000000029455243856
Q123147214	6000000066193797855
Q123147425	4005606285490054399
Q123147426	6000000017443577255
Q123147559	6000000064013606969
Q123147850	6000000064382414892
Q123148115	6000000018650716103
Q123148147	6000000068027069967
Q12314819	6000000006122767591
Q12314820	6000000018340160079
Q12314833	4851039026170086578
Q12314852	6000000027511863759
Q123148541	6000000068026745109
Q12314856	6000000025662246647
Q12314869	6000000021101900505
Q12314881	6000000020450209397
Q12314882	6000000081440247111
Q123148834	6000000099859567822
Q123149016	6000000007433557716
Q123149231	6000000099859192852
Q123149279	6000000007255995685
Q123149301	6000000012361870473
Q123149391	6000000001941097525
Q123149503	6000000003868171259
Q123149544	6000000003868315808
Q123149602	4682029539370073929
Q123149929	6000000021413106169
Q123150	6000000134091115874
Q12315037	6000000025467763462
Q123150384	6000000010695633656
Q123151070	6000000023512175904
Q123151508	6000000004156643339
Q12315182	6000000089919658054
Q12315197	6000000059866533217
Q12315198	6000000056882349883
Q12315210	6000000012490467438
Q12315211	6000000001504893699
Q12315225	6000000135763289146
Q12315234	4223953241050031125
Q12315235	6000000015970572599
Q12315242	6000000000273316431
Q12315243	6000000017137755623
Q12315251	6000000011644238135
Q12315253	6000000022525457101
Q123152548	6000000007280467423
Q12315260	6000000005738471618
Q12315263	6000000040959311904
Q12315276	6000000011222212067
Q12315301	6000000018161985462
Q12315307	6000000000620571533
Q12315313	6000000017411789309
Q12315314	6000000001504296842
Q12315319	6000000018639136877
Q12315320	6000000015442871346
Q123153219	6000000037341804966
Q12315326	6000000170738702929
Q12315327	6000000008223979940
Q12315329	6000000007635968602
Q12315331	6000000013145171196
Q12315342	6000000174337241088
Q12315344	6000000017562874153
Q12315348	6000000091247571147
Q12315353	6000000006148696186
Q12315354	6000000011746688430
Q12315357	6000000035392555439
Q12315358	6000000028764880164
Q12315370	6000000000206472196
Q12315374	6000000004959012451
Q12315375	6000000034624125248
Q12315376	6000000008419522637
Q12315388	6000000016442871500
Q12315393	6000000003593008496
Q12315394	6000000006298380390
Q12315395	6000000006435130595
Q12315417	6000000000087720380
Q12315430	6000000080134845860
Q12315461	6000000021620066064
Q12315463	4180439897430125744
Q12315475	6000000120894514986
Q123154843	6000000002541244841
Q12315506	6000000049996205917
Q12315511	6000000000090378222
Q12315518	6000000007280578573
Q12315523	4497877
Q12315534	6000000017738570942
Q12315538	6000000131294746891
Q12315539	6000000011757938240
Q12315540	6000000018658006069
Q12315542	6000000004835321760
Q12315543	6000000005621125536
Q12315553	6000000016243796254
Q12315560	6000000047422871890
Q12315581	6000000009719414388
Q12315588	6000000025359573006
Q12315590	6000000008286394554
Q12315594	6000000015159507389
Q12315596	6000000020379717170
Q12315599	6000000009339276756
Q12315628	6000000124167762825
Q12315631	6000000092229711296
Q12315635	6000000001504897028
Q12315663	6000000014525428118
Q12315669	6000000002149730477
Q12315670	6000000007451073681
Q12315680	6000000056339418826
Q12315740	6000000039485811843
Q12315747	6000000028892149093
Q123158347	6000000024672679021
Q123158417	6000000076160122876
Q12315877	6000000024626449684
Q12315878	4180565630940036404
Q12315879	6000000000921982682
Q12315949	6000000074915371929
Q12315965	6000000003935227081
Q12315995	6000000013093781781
Q12316013	6000000143356597895
Q12316014	6000000053786759178
Q12316023	6000000013006234853
Q12316027	4180526300820074162
Q12316037	6000000023253286958
Q123160505	6000000019122519471
Q123160700	6000000182169000833
Q123160701	6000000018878863602
Q123160818	6000000068138823828
Q12316134	6000000024511957392
Q123161391	6000000016536756786
Q123161410	6000000016537165428
Q12316144	6000000006119421074
Q12316147	6000000001504401711
Q12316201	6000000001028486490
Q12316213	6000000033399623997
Q12316255	6000000012421078438
Q12316258	6000000018674981628
Q12316260	4150433427820023436
Q12316264	6000000024304580279
Q12316297	6000000005621532216
Q12316298	6000000014199691875
Q12316303	6000000001838141741
Q12316307	6000000023073846046
Q12316309	6000000001504268652
Q12316332	6000000006142065001
Q12316334	6000000031232545243
Q12316335	6000000001504367153
Q123163483	6000000015065612614
Q123163508	6000000057698560891
Q12316357	4843897442600093920
Q12316367	6000000105346228953
Q12316383	6000000006244572723
Q12316452	6000000006712796115
Q12316453	6000000006724945615
Q12316455	6000000029950259215
Q12316458	4396711228860024118
Q12316487	6000000024239720433
Q12316497	6000000017962707283
Q12316504	6000000000429832914
Q123165078	6000000196056670828
Q12316516	6000000009628230708
Q12316524	6000000014370993636
Q12316544	6000000099181850038
Q12316578	6000000058863431861
Q12316582	6000000015269192260
Q12316583	6000000048163991868
Q12316584	6000000009023820439
Q12316593	6000000002894722343
Q12316596	6000000002894919485
Q12316597	6000000000113846790
Q12316598	6000000007452970209
Q12316599	6000000006200366421
Q12316601	6000000005324649002
Q123166289	6000000007551654987
Q123166479	6000000016050308234
Q123166489	6000000016050187842
Q123166523	6000000106983724986
Q123166927	6000000199428225908
Q123167317	6000000199429516865
Q123167437	6000000010392308531
Q123167455	6000000032341191252
Q12316814	6000000013816447445
Q123168169	6000000030666389097
Q12317049	6000000013776824881
Q1231705	6000000028104329257
Q12317050	6000000018529205068
Q12317055	6000000187526470839
Q123170699	6000000037394963079
Q12317086	6000000001753033270
Q12317089	6000000001504831239
Q12317092	6000000002166316370
Q12317097	6000000025079526175
Q12317100	6000000011966088247
Q123171766	6000000017002298552
Q123171921	6000000016251758890
Q1231720	6000000138120958036
Q123172017	6000000026467731794
Q1231730	6000000038889403859
Q123173425	6000000008302525992
Q123173778	6000000012679421507
Q123173826	6000000019286302774
Q123173850	6000000016179369893
Q123173875	6000000222998472841
Q123173893	6000000008302721461
Q123173928	6000000012679430049
Q12317395	6000000053322521890
Q123174	6000000015995582510
Q12317401	6000000001504824472
Q123174040	6000000214779905835
Q123174045	6000000212415607822
Q123175174	6000000008302721525
Q123175326	6000000199463664852
Q123175612	6000000199465202841
Q1231759	6000000104499993300
Q123176033	6000000223583091837
Q123176903	6000000017414873183
Q123177096	6000000017390697748
Q123177136	6000000017124598861
Q123177143	6000000017391643099
Q123177169	6000000017788710685
Q123177182	6000000014764797504
Q123177190	6000000018078814238
Q123177204	6000000017789138070
Q123177257	6000000007098852661
Q123177299	6000000007099342333
Q123177323	6000000002801477722
Q123177334	6000000003444419330
Q123177386	6000000017788925858
Q123177444	6000000003928621648
Q123177468	6000000003928663557
Q123177586	6000000020506814360
Q123177619	6000000012072250677
Q123177629	6000000012071618580
Q123177661	6000000020380667248
Q123177668	6000000015553451537
Q123177700	6000000020380643601
Q123177703	6000000025343468334
Q123177734	6000000020380775871
Q123177741	6000000032977459436
Q123177753	6000000012071262007
Q123177845	6000000009943979445
Q123177857	6000000009944201240
Q123177861	6000000012070144060
Q123177865	6000000007150053461
Q123177900	6000000199429153912
Q123178251	6000000008766571547
Q123178450	6000000000223358143
Q123178459	6000000000223209799
Q123178469	6000000017788867740
Q12317872	6000000203309899833
Q123179115	6000000063730562825
Q12317998	6000000015446199070
Q12318009	6000000024156634828
Q12318022	6000000018669232598
Q12318036	6000000015057860796
Q12318061	6000000005621510146
Q1231807	4756283345220071985
Q123181405	6000000023824167868
Q12318167	6000000000925578289
Q123181835	6000000021077431521
Q123182145	6000000021077665995
Q123182145	6000000186395139495
Q123183075	6000000006719645851
Q12318312	6000000000141997385
Q123183189	5492800696020047048
Q12318319	4047826241050039349
Q123183333	6000000012894026878
Q123183503	6000000009514650939
Q123183583	6000000025205798330
Q123183587	6000000074925137119
Q12318359	6000000017122622075
Q123183592	6000000009432130708
Q123183598	6000000000621362531
Q123183636	5064225908590126410
Q123183648	5064225920570126416
Q123183689	6000000072736648889
Q12318373	6000000088267106821
Q12318380	6000000093091523822
Q12318387	6000000014442115133
Q123184498	6000000017621873857
Q123184544	6000000009514957613
Q123184659	6000000000223255603
Q123184753	6000000003688518657
Q123184792	6000000011335793315
Q123184800	6000000014236123339
Q123184852	6000000003688518704
Q123185330	6000000094652275015
Q123185339	6000000102186895928
Q123185441	6000000015182895047
Q123185532	6000000031921575985
Q123185568	6000000020908395166
Q12318557	6000000001504812344
Q123185594	6000000020182456939
Q123185628	6000000021828170618
Q123185786	6000000032112813120
Q123186048	6000000018069401016
Q123186116	6000000018069265528
Q12318623	6000000057912896942
Q12318625	6000000017228205050
Q123186276	6000000011565383358
Q123186385	6000000018070072100
Q123186417	6000000018070028082
Q123186701	6000000016382342269
Q123186957	6000000017747444487
Q123186988	6000000016542407043
Q123187178	6000000017652107508
Q12318718	6000000002961599179
Q12318726	6000000012876716744
Q123187307	6000000017652288235
Q12318735	6000000100415923588
Q12318763	6000000080135008916
Q12318765	6000000119903932854
Q12318805	6000000017131505632
Q12318828	6000000021830057860
Q12318839	6000000042423646135
Q123188545	6000000017120122432
Q12318859	6000000002941478113
Q12318872	6000000030712689139
Q12318874	6000000009022252876
Q123188752	6000000150890394169
Q123188852	6000000000408687040
Q12318886	340769907840013035
Q12318892	6000000016519722317
Q12318921	6000000012170166084
Q123189862	6000000199504353823
Q12318992	6000000059866968830
Q12318994	6000000059867216882
Q123190	6000000026270309571
Q123190031	6000000015705290276
Q12319007	6000000027513150696
Q123190100	6000000022692423330
Q12319020	6000000093329991865
Q1231904	6000000029220061307
Q123190661	6000000021077686135
Q123190661	6000000186395139519
Q123190807	6000000021077686147
Q123190807	6000000186397187835
Q12319089	6000000020680345924
Q12319146	6000000078003744916
Q12319151	6000000012009171654
Q12319156	6000000002672308416
Q123192	6000000128299228882
Q12319205	6000000043793905440
Q12319210	6000000058537914192
Q123192167	6000000064108964053
Q123192192	6000000129660246874
Q12319232	6000000048163761044
Q12319238	6000000004158577226
Q12319245	6000000001984162399
Q12319294	6000000002299837724
Q123193097	6000000016172686201
Q123193278	6000000013791612321
Q123193279	6000000013781374620
Q123193280	6000000012974353452
Q123193281	6000000012974353457
Q12319331	6000000011175103285
Q12319353	6000000006435260558
Q12319361	6000000037118142020
Q12319366	6000000004543701270
Q12319388	6000000003436238969
Q12319421	357522117090013728
Q12319423	6000000000291753276
Q123194264	6000000016519470111
Q123194299	6000000024431747003
Q123194301	6000000024431773595
Q123194302	6000000042107456564
Q123194304	6000000007471877249
Q123194453	6000000023812297447
Q123194463	6000000023798899709
Q123194465	6000000017643523889
Q123194468	6000000001704981775
Q123194470	6000000000255656634
Q123194519	6000000008843398266
Q123194523	6000000008841464556
Q123194526	6000000008841584517
Q123194529	6000000008841605632
Q12319453	6000000191772816832
Q123194534	6000000008841547457
Q123194538	6000000008841293047
Q12319457	6000000012873823585
Q123194775	6000000022189204610
Q12319494	6000000011655143224
Q12319495	6000000014385514455
Q12319509	6000000024209654200
Q123195875	6000000015925842117
Q12319632	6000000007314204283
Q123196563	6000000199429844821
Q123197466	6000000028392950978
Q12319747	6000000001504701002
Q12319749	6000000004953421953
Q12319757	6000000001504551941
Q12319760	6000000026013624317
Q12319761	6000000029538825892
Q12319766	6000000006029445001
Q12319777	6000000004149410377
Q12319778	6000000004149881008
Q12319780	6000000016074670405
Q12319798	6000000008680339276
Q12319799	6000000022700248509
Q12319809	6000000002041486618
Q123198091	6000000001531264873
Q123198105	6000000018114022700
Q12319811	6000000009959674325
Q123198120	6000000015684949449
Q123198126	6000000017788990697
Q12319815	6000000003503363172
Q123198164	6000000000110319055
Q123198166	6000000000110292825
Q12319820	6000000006160779175
Q12319828	6000000001504565267
Q12319837	4180440428900035965
Q12319847	6000000014754352118
Q12319849	6000000015223026570
Q12319856	6000000016519386329
Q12319858	6000000037731540198
Q12319863	6000000011637824352
Q12319877	6000000007097009513
Q12319880	6000000003525475827
Q12319883	6000000001504736522
Q12319884	6000000020640143138
Q12319885	6000000026765226898
Q12319888	6000000013173407149
Q12319891	6000000003901829744
Q12319893	6000000019236828376
Q12319895	6000000010676314313
Q12319897	6000000019358367691
Q12319903	6000000017016987368
Q12319904	6000000015182171767
Q123199067	6000000058195492090
Q12319908	6000000029906565718
Q12319909	6000000015115823265
Q123199115	6000000075478540911
Q12319912	6000000014754221258
Q12319923	6000000015171700910
Q12319933	6000000067655812019
Q12319936	6000000054682632011
Q12319938	6000000006139672001
Q12319940	6000000005621670060
Q12319942	6000000011759734564
Q123199478	6000000150691818865
Q12319953	6000000012011563735
Q12319960	6000000012062451511
Q12319967	6000000135601548096
Q12320	6000000070652725040
Q12320003	6000000025234013942
Q12320007	6000000078004131889
Q12320021	6000000042569016963
Q12320056	314982062160004656
Q123200569	6000000192908803823
Q12320057	6000000018528901871
Q12320068	6000000015118929786
Q123200714	6000000078767430847
Q12320108	6000000087494747924
Q12320112	6000000047424519886
Q12320113	6000000019170191774
Q12320115	6000000039123095569
Q12320117	6000000015242260592
Q12320127	6000000023768667694
Q12320132	297579793070005409
Q12320133	6000000019740193032
Q123201342	6000000083823010997
Q12320135	357341429450003701
Q12320157	6000000006080288669
Q12320165	6000000083419980072
Q12320175	6000000011223002883
Q12320184	6000000020946841343
Q123202007	6000000186052680866
Q12320224	6000000015600466147
Q12320262	6000000002573057013
Q1232029	6000000007335965769
Q12320291	6000000175998063858
Q12320362	6000000005645469021
Q12320374	6000000008548406240
Q123203779	6000000002043272722
Q123203991	6000000003075732110
Q123204147	6000000007647188947
Q123204150	6000000007647372620
Q12320453	6000000032150312468
Q12320481	6000000019297193780
Q12320486	6000000021890613061
Q12320487	6000000022755041671
Q12320504	6000000006148223733
Q12320524	6000000014753417385
Q12320527	6000000017122553627
Q12320528	6000000017105830959
Q123205859	6000000030399150450
Q123206394	6000000030401467058
Q12320664	6000000000080825043
Q123206789	6000000163841808172
Q12320694	6000000016329648146
Q12320696	6000000018625641107
Q12320697	6000000076309526167
Q123207075	6000000008302696645
Q12320714	6000000076308307981
Q123207333	6000000023498088981
Q12320745	6000000056863555823
Q123207472	6000000023469527046
Q123207497	6000000020359371144
Q123207500	6000000023468727282
Q123207655	6000000024654124454
Q12320766	6000000011689057595
Q12320776	6000000007929125395
Q12320777	6000000006145466652
Q12320782	783134
Q12320786	6000000015150386187
Q123208327	6000000024654752912
Q12320842	6000000000029489596
Q12320861	6000000025584932325
Q12320870	5225003080920080413
Q12320874	6000000116552172037
Q12320889	4543264321580064895
Q1232090	6000000038110942937
Q123209459	6000000024654644035
Q12320956	6000000013174502642
Q123209899	6000000006291241298
Q123210334	6000000006291522102
Q123210343	6000000013776679979
Q12321036	6000000031125329389
Q12321040	6000000031946140717
Q12321062	6000000086582553917
Q12321068	6000000007615898231
Q12321071	6000000028144983350
Q123210710	6000000006291421310
Q123210868	6000000025384804112
Q123210968	6000000006290604988
Q123211572	6000000037150502219
Q12321334	6000000002359004139
Q12321380	6000000058127025106
Q123213813	6000000057536504924
Q12321386	6000000012576927624
Q12321393	6000000004148981543
Q1232155	6000000015853500091
Q1232157	6000000078234679887
Q12321609	6000000029466327769
Q123218263	6000000001384147736
Q123218768	6000000003182577281
Q123218772	6000000003223781459
Q123219172	5675373677570050235
Q123219257	6000000055077989923
Q123219258	6000000002007109047
Q123219262	6000000008660241040
Q123219263	6000000001688761138
Q123219268	6000000028283910385
Q123219269	6000000003022299521
Q123219408	4281280997910046429
Q123219409	4268414677440039063
Q123219411	6000000002094306757
Q123219413	5685676121630028149
Q123219416	5685676136960028155
Q123219421	4268414712350031007
Q123219423	6000000000558062333
Q123219424	5572539075840114882
Q123219428	6000000002666214684
Q12321962	4633237
Q123219702	6000000199561362825
Q12322005	6000000001504882896
Q123220464	6000000002268372020
Q123220466	6000000002291598229
Q123220469	6000000002305642392
Q123220490	6000000002291433582
Q123220512	6000000002305683652
Q123220530	6000000002415186564
Q123220554	6000000000845770919
Q123220555	6000000000834051779
Q12322092	6000000034986104289
Q123221	6000000036901907315
Q12322269	6000000073666046853
Q123222704	6000000017729285778
Q12322281	6000000006119463202
Q123222996	6000000017729608354
Q123223	6000000016993120400
Q12322328	6000000000043903025
Q12322330	5386440757690081212
Q12322343	6000000030986159389
Q12322344	6000000021846562937
Q12322356	6000000000870471312
Q12322367	6000000001009207903
Q12322373	6000000015202469513
Q123224136	6000000039055143907
Q123224138	6000000020935259900
Q123224139	6000000000071174908
Q123224143	6000000039055178953
Q123224144	6000000003939103760
Q123224146	6000000003939103842
Q123224148	6000000003939103928
Q123224157	6000000039000594490
Q123224157	6000000068026925076
Q123224198	6000000039000646290
Q123224200	6000000009217034728
Q123224203	6000000020934150110
Q123224205	4154835807900121684
Q123224212	4154835820820010463
Q123224214	6000000000475139632
Q123224250	6000000007443424832
Q123224253	6000000050048239821
Q123224257	6000000005038497033
Q123224268	6000000007452411762
Q123224269	6000000000436628363
Q123224292	6000000002908341555
Q123224314	6000000050048019916
Q123224315	6000000036648640042
Q123224317	6000000000953569389
Q123224329	6000000038223944242
Q123224333	6000000012772303407
Q123224335	6000000012772341302
Q123224337	6000000008378696426
Q123224375	6000000005234686225
Q123224377	6000000000181161090
Q123224378	6000000003747512419
Q123224432	6000000039006289963
Q123224434	6000000039281065860
Q123224438	6000000039280958981
Q123224445	6000000021504440622
Q123224460	6000000016111195405
Q123224466	6000000039005774743
Q123224468	6000000002861036138
Q123224474	6000000017080087554
Q123224506	6000000007454763476
Q123224507	6000000007454763472
Q123224509	6000000000770149126
Q123224512	6000000000475116453
Q123224531	6000000045494296190
Q123224605	6000000003940979938
Q123224608	5353038392150076166
Q123224766	6000000094652274837
Q123224768	1544654
Q123224768	6000000039616880919
Q123224770	1544652
Q123224770	6000000020649422905
Q123224823	6000000002766513101
Q123224827	6000000003522764217
Q123224887	6000000027077934831
Q123224914	6000000000407950395
Q123224916	6000000000408010083
Q123224923	6000000025610576267
Q123224930	6000000002663261438
Q123224993	6000000027952449594
Q123225	6000000018386290568
Q123225036	6000000043796704583
Q123225077	6000000027078324885
Q123225080	6000000054197559822
Q123225082	6000000054197503833
Q123225257	6000000054197519836
Q123225362	6000000054197278939
Q123225609	6000000009708528871
Q123225673	6000000023089979522
Q123225702	6000000184416954885
Q12322653	6000000079029776578
Q123226571	6000000035326575802
Q1232269	6000000221601153897
Q123227089	6000000006712170943
Q123227155	6000000043998131203
Q123228475	5675071925000101615
Q123229087	6000000007263911862
Q12322928	6000000001504857055
Q12322965	6000000000045815760
Q12322970	6000000012514076610
Q123229729	6000000003182553724
Q12322977	6000000007391708276
Q123230455	6000000003183622339
Q1232321	6000000082584346834
Q123232272	6000000034695222744
Q123232273	6000000034695488392
Q123232274	6000000034695315722
Q123232275	6000000034695493734
Q123232276	6000000034695713006
Q123232277	6000000034695682054
Q123232766	6000000018432515391
Q123233845	6000000011424679845
Q123234	6000000016202588775
Q123234000	6000000015780675693
Q123234135	6000000009456731092
Q123234346	6000000029260153915
Q123234393	6000000024724599701
Q12323485	6000000020374822507
Q12323491	6000000018398132555
Q123237461	6000000003182584607
Q123237566	6000000014114871444
Q123237588	6000000003419206078
Q123237638	6000000015712163397
Q123237718	6000000003419009599
Q123237747	6000000003419155162
Q123238	6000000158046165841
Q12323809	6000000039871782185
Q123238186	6000000015712197016
Q123238188	6000000027358467428
Q123238295	6000000015712232415
Q123238333	6000000021996571389
Q123238333	6000000024462418029
Q123238563	6000000199795027831
Q123238861	6000000004594035768
Q123238907	6000000022233150044
Q123238931	6000000004594035763
Q123238946	6000000177146688846
Q12323943	6000000008018960828
Q123239526	6000000002869901307
Q123239529	6000000021687964534
Q1232397	6000000024699784277
Q12324018	6000000009021576183
Q12324022	6000000013025263309
Q1232403	6000000011972333126
Q12324052	6000000020762762855
Q12324068	4267594509870054083
Q12324075	6000000013112874704
Q123240775	6000000000814142598
Q1232408	6000000136775371943
Q123240994	6000000003183070631
Q123241023	6000000003183125156
Q1232413	6000000079348861049
Q123241434	6000000003749312117
Q1232415	6000000083421174537
Q123241681	6000000003636975794
Q123241770	6000000003205715676
Q1232419	6000000016282625882
Q12324289	6000000010854999883
Q12324294	6000000019979395806
Q12324302	6000000012653964093
Q12324304	6000000026922715649
Q12324306	6000000001504831825
Q12324307	6000000001504366131
Q123243855	6000000007264532781
Q123244460	6000000024948526119
Q1232451	6000000018398924843
Q123245545	6000000014194912283
Q123246059	6000000039675632269
Q12324607	6000000099163260062
Q12324614	6000000077250351944
Q12324623	6000000101506615828
Q123246244	6000000017331332715
Q123246755	6000000003353163392
Q123246877	6000000017185579770
Q123247123	6000000074998556124
Q123247139	6000000020557616819
Q123247602	6000000029361863905
Q1232478	6000000061544787841
Q123247806	6000000010410715780
Q123247974	6000000029361759042
Q123247977	6000000010411123245
Q123248024	6000000018596942503
Q123248047	6000000015711273686
Q123248117	6000000015712681006
Q123248298	6000000027950839899
Q123248301	6000000010009226008
Q123248304	6000000008456929301
Q12324831	6000000014157616070
Q123248311	6000000027950767940
Q123248452	6000000035720364305
Q123248456	6000000047666838103
Q123248458	6000000002288860845
Q123248461	338844828810003805
Q12324863	6000000103469252993
Q12324879	6000000006444020667
Q12324896	6000000001504683637
Q123249	6000000002764440152
Q123249222	6000000031595701228
Q12324934	6000000011382596249
Q12324959	6000000011664636493
Q12325	6000000000742096365
Q1232500	6000000143555970928
Q12325019	6000000011705963468
Q12325023	6000000019664253713
Q12325033	6000000006145515825
Q12325038	5355480208400101151
Q12325039	6000000004847342563
Q12325044	6000000004149843264
Q12325049	6000000018519819315
Q12325057	6000000014753570586
Q12325058	6000000040917553908
Q12325059	6000000012618936276
Q12325060	6000000006330297698
Q12325062	6000000030448624983
Q12325063	6000000019845343809
Q123250657	6000000003223865355
Q12325080	356576793310011547
Q123250869	6000000003239809942
Q123251035	2211200
Q123251315	6000000006712202398
Q123252094	6000000024346857169
Q123252116	6000000011325055257
Q123252133	6000000011328811696
Q1232522	6000000003309662756
Q123252402	6000000002765726762
Q123252431	6000000019844996409
Q12325361	6000000015162051582
Q12325362	6000000001044341136
Q123254889	6000000022697016965
Q123255012	6000000028938243216
Q1232559	6000000018276965121
Q123256124	6000000199671878834
Q12325658	333389669010004471
Q1232569	6000000078845839639
Q12325690	6000000000113846745
Q1232571	6000000018792712461
Q12325720	6000000014419043552
Q12325729	6000000006028813017
Q12325735	6000000017313241165
Q1232574	6000000018895017954
Q123257600	6000000029361791033
Q123257617	6000000073197327894
Q123257671	6000000086005115842
Q1232585	6000000137106061276
Q123258930	6000000065850529948
Q12325933	6000000035364756825
Q12325935	6000000007980826223
Q12325936	6000000008816750433
Q123259439	6000000028979623943
Q123259532	6000000012381217443
Q12325963	6000000050044437924
Q12325970	6000000013345183885
Q12325971	6000000015166839952
Q123259745	6000000012381202376
Q123259957	6000000199680422868
Q123260	6000000016402262610
Q123260290	6000000199681287908
Q12326046	6000000021539801180
Q12326070	6000000020662917676
Q12326078	6000000019645944712
Q12326153	6000000011963730050
Q12326184	6000000010399796057
Q12326244	6000000016904372113
Q123262706	6000000032745391000
Q123262724	6000000032746659903
Q123262804	6000000032745266461
Q123262912	6000000098999034202
Q123263034	6000000185694495972
Q1232631	6000000073548684829
Q12326394	6000000014785689941
Q12326403	6000000006147841036
Q12326405	6000000011348611078
Q12326408	6000000001504592500
Q12326413	6000000022436766344
Q1232642	5203606122950021001
Q123264263	4598478501960073293
Q12326428	6000000022380340732
Q12326437	6000000006597054642
Q12326445	6000000007634894872
Q12326446	6000000021024096512
Q12326463	6000000076288988829
Q12326473	6000000085608222853
Q123265043	6000000018597586514
Q12326662	6000000019539828887
Q1232667	6000000061478386917
Q123267770	6000000055724697375
Q1232678	6000000013704543887
Q123267865	6000000014307363777
Q123268245	6000000048750685836
Q12326834	6000000028641354571
Q12326908	6000000019732940243
Q12326916	6000000019597973300
Q12326918	6000000022436792265
Q12326939	6000000014806445220
Q12326941	6000000014805861555
Q12326976	6000000010887188537
Q12327008	6000000006127299295
Q123271135	6000000073241644113
Q123271423	6000000017181956104
Q123271616	6000000015712085081
Q123271759	4178405700580036466
Q123271776	6000000015183825386
Q123271830	6000000015712034238
Q123271935	6000000015712138042
Q123271941	6000000008772113759
Q123271975	6000000015712150001
Q12327200	6000000002529690499
Q123272241	6000000015712085304
Q123272247	6000000015712164043
Q123272302	6000000029361644429
Q123272314	6000000000657989396
Q123272435	6000000015712225839
Q123272512	6000000015712055650
Q1232728	6000000072183338359
Q123272857	6000000035544431134
Q123272858	6000000035544163435
Q123273	6000000008488435167
Q123273157	6000000051177619923
Q123273274	6000000051171605899
Q12327485	6000000016258785442
Q12327493	6000000006097885656
Q12327505	6000000180859597825
Q12327622	6000000006811353596
Q12327722	6000000009712944143
Q123277562	6000000077022106374
Q12327782	6000000006811374610
Q12327829	6000000000620585680
Q123279197	6000000039558437472
Q1232794	6000000060895896001
Q123280	6000000029343196274
Q123281471	6000000045297796975
Q12328155	6000000003982339739
Q12328157	6000000077621986078
Q12328175	6000000008524915865
Q12328178	6000000029927604375
Q12328179	6000000012576883886
Q123282196	6000000002550466991
Q123282223	6000000001608158601
Q123282446	6000000007744101155
Q123283	6000000216702482822
Q12328307	6000000020461246554
Q123283149	6000000199221873822
Q123283152	6000000016489224543
Q123285361	6000000014453561799
Q123285367	6000000015712413889
Q123285367	6000000192194068376
Q123285579	6000000015712502296
Q123285582	6000000015712516099
Q123285584	6000000015712339724
Q123285646	6000000006721905830
Q12328621	779315
Q12328622	6000000024726156713
Q123286288	6000000000759429064
Q12328630	6000000007757654607
Q123286352	6000000012472442439
Q12328636	6000000012062365610
Q123286434	6000000012472533361
Q123286446	6000000001826866550
Q12328646	6000000008679194281
Q123286487	6000000016238122451
Q1232865	6000000165970694889
Q123286509	6000000012472569263
Q123286550	6000000012472592251
Q12328668	6000000040462750766
Q123286726	6000000012472456116
Q123286784	6000000012471987148
Q12328679	6000000015117331899
Q123286799	6000000023951031464
Q12328680	6000000018398347124
Q12328699	6000000017830976681
Q123286993	6000000112856921821
Q123287168	6000000029696902266
Q12328729	6000000012262932483
Q12328736	6000000000210239181
Q12328738	6000000014404267460
Q12328745	6000000022014854691
Q123287722	6000000069285810202
Q12328774	6000000012653057755
Q12328788	6000000015525045494
Q12328796	6000000026534908796
Q12328849	6000000041000069409
Q12328857	6000000006097043217
Q12328862	6000000018412372598
Q12328878	6000000013838066246
Q12328886	6000000003925734087
Q12328895	6000000191772644835
Q12328898	6000000002299264210
Q12328943	6000000022932460879
Q123289446	6000000113055559860
Q123289556	6000000199794811885
Q12328997	6000000047814707928
Q123290187	6000000051814908831
Q123290392	6000000017643720206
Q123291259	6000000039250823237
Q1232931	6000000170007386886
Q123294245	6000000016092789394
Q1232954	6000000177074116847
Q123295658	6000000015029975411
Q12329822	6000000001504897054
Q12329827	6000000008776881229
Q123299043	6000000041985856069
Q123299058	6000000041988800141
Q12329971	6000000025877252403
Q12329972	6000000022423474211
Q12329996	6000000011159495112
Q1233	6000000068368419822
Q1233001	6000000015504933901
Q123300156	6000000023182793905
Q12330019	6000000001978290012
Q123300325	6000000021089060170
Q12330036	6000000035822351905
Q12330049	6000000007460373353
Q123300706	6000000083040500385
Q12330113	6000000012401181707
Q123301228	6000000012857071760
Q12330140	6000000011306996310
Q12330140	6000000098038242914
Q12330168	6000000041149361943
Q12330174	3973448269800079403
Q12330206	4388318350360120775
Q12330214	6000000000343209806
Q12330227	6000000034188752249
Q12330482	6000000020663676331
Q12330483	6000000005737613530
Q12330485	6000000000113846822
Q12330487	6000000024849099261
Q12330488	6000000005619912099
Q12330489	6000000005619672355
Q12330490	6000000022784249365
Q12330533	6000000029295295918
Q12330534	6000000008706793437
Q12330536	6000000005739218679
Q12330539	778840
Q12330544	6000000020680197073
Q12330545	6000000007329744041
Q12330557	6000000007980826313
Q12330558	6000000009306576705
Q12330577	6000000025661585368
Q12330580	6000000033719038341
Q12330582	6000000014023229617
Q12330598	3989291392360034789
Q12330620	6000000013286201751
Q12330626	6000000088857292236
Q12330627	6000000058638005896
Q12330653	6000000012929623448
Q12330660	6000000025673205105
Q12330686	6000000096424612822
Q12330764	6000000019831523236
Q12330769	5051172782380028910
Q12330770	6000000011461276558
Q12330771	6000000076783484231
Q12330772	6000000009147112646
Q1233083	6000000032328501998
Q123308583	6000000051745477832
Q12330889	6000000011935124086
Q123309127	6000000025891868297
Q123310715	6000000013668743735
Q12331075	6000000035968705512
Q12331079	6000000022963996893
Q12331084	6000000019310723950
Q12331085	6000000011433952533
Q12331117	6000000015970486242
Q12331129	6000000011385237914
Q12331137	6000000017937265525
Q12331138	6000000007928985507
Q12331146	6000000010200828258
Q12331147	6000000010562815546
Q12331148	6000000011870979229
Q12331153	6000000014131056591
Q12331158	6000000014362833879
Q12331166	6000000005441186767
Q12331175	6000000143862946099
Q12331181	6000000001504592450
Q12331186	6000000000105895350
Q123311875	6000000024304335478
Q12331194	6000000007280017628
Q12331195	6000000000649626924
Q12331204	4985302141170110557
Q12331205	6000000011157400489
Q12331206	4140914898340036926
Q12331224	6000000001350553767
Q123312437	6000000011725846225
Q123313	6000000013392078917
Q123313248	6000000011725806305
Q1233134	6000000020542126828
Q123314157	6000000068440406010
Q12331463	6000000016603945385
Q12331470	6000000017341219060
Q12331482	6000000015937842525
Q12331489	3951454705710077326
Q12331494	6000000044320997880
Q12331500	360134034510011566
Q12331506	6000000013432270257
Q12331512	6000000217133819821
Q12331524	6000000010362850367
Q12331525	6000000016586597158
Q12331564	6000000015379516431
Q12331566	6000000019750985977
Q12331568	6000000025095931259
Q12331576	6000000015244167030
Q12331600	6000000102588423863
Q12331611	6000000029139121426
Q12331614	6000000008369476679
Q12331615	6000000012221692091
Q12331646	4186521093810030812
Q12331650	6000000018003041868
Q12331669	6000000022126103137
Q12331713	6000000027019070652
Q12331716	6000000006147653151
Q12331745	6000000006241048267
Q12331748	6000000078311132160
Q12331766	6000000004088747270
Q12331767	6000000029896170963
Q12331768	6000000013364874985
Q123317908	6000000086091735849
Q12331797	6000000044176247833
Q12331801	6000000016357141897
Q12331810	6000000000291882024
Q12331811	6000000011017291499
Q12331812	6000000016651755345
Q12332104	6000000013081937769
Q12332109	6000000000564693795
Q123321128	6000000026037583396
Q12332125	6000000022880691490
Q12332137	6000000036024518938
Q12332139	6000000007980826328
Q12332159	6000000028891963352
Q12332165	6000000041107132706
Q12332199	334250881760013540
Q123322105	6000000143184797939
Q12332264	6000000010800956058
Q123322714	6000000041317205006
Q12332289	6000000006097534073
Q123322941	6000000077014998332
Q12332300	6000000006175293109
Q123323163	6000000041317568062
Q123324606	6000000006120941724
Q123326198	6000000006135991175
Q123327347	6000000003797220514
Q12332776	6000000041513755794
Q123328149	6000000009928365534
Q123328337	6000000115215436025
Q1233288	6000000030272827210
Q12332918	6000000022090079338
Q123329514	6000000004305970067
Q1233309	6000000008797991340
Q123331	6000000011485769704
Q12333132	6000000000760022753
Q12333151	6000000018612156259
Q1233316	6000000043079006938
Q123331908	6000000005944445216
Q1233327	6000000027211570939
Q123332812	6000000007980938345
Q123332828	6000000007781773296
Q123332939	6000000007838220256
Q123332940	6000000008729831033
Q123333005	6000000008927812081
Q123333063	6000000199807700845
Q1233339	6000000168980241916
Q123334382	6000000028006427358
Q123334427	6000000015865186084
Q1233345	6000000020701316334
Q123334588	6000000011546017332
Q12333467	6000000013375040319
Q123334837	6000000006579880117
Q123334856	6000000000437782862
Q123334859	6000000003525822008
Q123335	6000000177662030821
Q123335002	6000000048720625839
Q123335004	6000000008499531695
Q123335030	6000000090933228838
Q123335585	6000000042056777554
Q123335744	6000000008499526520
Q123335747	6000000003940748001
Q123335750	6000000002504559479
Q123335792	6000000003940748008
Q123335805	6000000002904677238
Q123335814	6000000000954652171
Q123335848	4008468768600034871
Q123335947	6000000003939254962
Q123335956	6000000003522764531
Q123335958	6000000001384089922
Q123335996	6000000066688799921
Q123335998	6000000000479159999
Q123335999	6000000003942303920
Q123336001	6000000086474591249
Q123336002	6000000006444244718
Q123336045	6000000003040615346
Q123336051	6000000003942303927
Q123336054	6000000000521800987
Q123336060	6000000000522088138
Q123336063	6000000000522081196
Q123336066	6000000000522112129
Q123336067	6000000006444283306
Q123336074	6000000001727094997
Q123336088	6000000000479159990
Q123336113	6000000002493671769
Q123336119	6000000007006190779
Q123336149	6000000002493883213
Q123336151	6000000019429940204
Q123336275	6000000130237219836
Q123336363	6000000199818487823
Q123336402	6000000032631091145
Q123336408	6000000028006517902
Q123336461	6000000023928156156
Q123336503	6000000020972791699
Q123336569	6000000199819644822
Q123336574	6000000100804346041
Q123337226	6000000036868795870
Q123337511	6000000019864066444
Q123337619	6000000014067092176
Q123337619	6000000032121057922
Q123337646	6000000014066382861
Q123337646	6000000032118133779
Q123337658	6000000020690411332
Q123338179	6000000021792360330
Q123338578	6000000031007514162
Q123338904	6000000028005911683
Q12333895	6000000011182134045
Q12333906	6000000001504793270
Q12333910	6000000017346584301
Q123339442	6000000014066921895
Q123339495	6000000179340020831
Q123339883	6000000010051214699
Q1233399	6000000016995315336
Q123341143	6000000050868288951
Q123342572	6000000013376447226
Q123343603	6000000042167461502
Q1233437	6000000082569408933
Q12334392	6000000016258677709
Q123343937	6000000002632176273
Q123343954	6000000084760790030
Q123344267	6000000001010826856
Q123344288	6000000002174431360
Q12334468	6000000020461199506
Q123346231	6000000032192529993
Q123346254	6000000012835225287
Q123347264	6000000022874994107
Q123347275	6000000022873977819
Q123347309	6000000022875064103
Q123347407	6000000016682061713
Q123347407	6000000185431628856
Q123347482	6000000014662103179
Q1233476	6000000082333637004
Q123347896	6000000015941472738
Q123347943	6000000039320676262
Q123347955	6000000184872893874
Q123348649	6000000011569862553
Q123349379	6000000084814012479
Q12335074	6000000017461517226
Q12335075	6000000003207338099
Q123351	6000000013049837367
Q123351817	6000000031946332215
Q123351980	6000000031946210757
Q12335204	6000000001504876881
Q123352046	6000000018129951808
Q12335211	6000000004846529338
Q12335216	6000000041210269979
Q12335217	6000000006079842484
Q12335222	6000000032690835994
Q123352255	6000000017589072911
Q12335250	6000000026165920022
Q123352699	6000000048702127876
Q12335357	6000000015448872462
Q123353662	6000000014765910730
Q123354016	6000000002764856106
Q1233561	6000000085307193928
Q123356524	6000000020030496013
Q123356563	6000000172497993837
Q123356581	6000000021390233070
Q1233590	6000000112400348955
Q123359156	6000000036449733228
Q12335987	6000000030245674157
Q123361412	6000000006515826975
Q123361416	6000000006515867542
Q123361422	6000000006516813490
Q123361723	6000000016457626481
Q123362303	6000000019467943472
Q123362698	6000000017898044612
Q123362708	6000000017898444202
Q12336289	6000000017184506066
Q123363181	6000000147689856098
Q123363231	6000000004969805073
Q123363402	6000000157936814945
Q123363438	6000000004969805417
Q123363875	6000000157935139841
Q123363878	6000000004969805423
Q12336447	6000000010975666693
Q12336448	6000000000206535990
Q12336456	6000000014243356158
Q12336457	6000000022784148367
Q12336462	6000000059867075196
Q12336469	6000000036963059065
Q12336471	6000000023296178189
Q12336474	6000000006111342889
Q12336475	6000000015129749129
Q12336480	6000000024930145097
Q12336481	6000000004149682591
Q12336483	6000000014924956728
Q123365678	6000000017739162741
Q123365688	6000000004969805080
Q123365734	6000000017739291176
Q123365743	6000000039099967295
Q123365909	6000000062228132844
Q123365933	6000000012737571563
Q123365957	6000000012943718086
Q123366208	6000000008496940778
Q123366248	6000000055213410982
Q123366389	6000000035282833898
Q123366566	6000000035282770850
Q1233679	5113868679640082368
Q123368	6000000016508202101
Q1233692	6000000015625220535
Q12336992	6000000074827375875
Q1233706	320427448810002279
Q123370857	6000000002896871971
Q123370897	6000000012943771959
Q123370911	6000000062226964822
Q123370913	6000000012737272888
Q123370934	6000000012737525753
Q123370979	6000000012944119839
Q123371	6000000009494798754
Q1233712	6000000088794156834
Q123371297	6000000007560733429
Q123371299	6000000015029791267
Q123371309	6000000024681863185
Q123371310	6000000024681929890
Q123371334	6000000079840628631
Q123371341	6000000061500613196
Q123371344	6000000057109896043
Q12337158	6000000000639366793
Q12337222	6000000007104333037
Q1233728	6000000002240813831
Q1233734	6000000039105456917
Q1233739	6000000002003961300
Q123374499	6000000025879262906
Q123374737	6000000022114138266
Q123374794	6000000022113964765
Q123375303	6000000004969795370
Q123375592	6000000013272153331
Q123375758	6000000176491276821
Q123375823	6000000039000764822
Q123375973	6000000022114057991
Q1233765	6000000126466402822
Q123376592	6000000046284159016
Q123376592	6000000090936222822
Q123377019	6000000006127808335
Q123377107	6000000002855879115
Q123377221	6000000000637332224
Q12337817	6000000002494556092
Q123378255	6000000019389767426
Q123378261	6000000019389762302
Q123378263	6000000007550041866
Q123378264	6000000006592284921
Q123378275	6000000013282461111
Q123378354	6000000002891839719
Q123378405	6000000217278599828
Q123378647	6000000015601032971
Q123378686	6000000022758532182
Q1233787	6000000131324707889
Q123378746	6000000029451748493
Q12337887	6000000033998965706
Q123378996	6000000185569179422
Q123379	6000000183544530829
Q123379274	4206968
Q12337942	6000000038679401164
Q12337959	4093157908410034060
Q123379621	6000000031470073929
Q12337971	6000000063650002109
Q12337976	6000000013966885971
Q12337982	6000000005005671581
Q12338159	6000000016926484008
Q1233817	6000000008287908858
Q123381937	6000000041428835799
Q123382227	6000000014069881114
Q123382453	6000000052177151862
Q123382492	6000000132459267861
Q1233829	6000000180940668836
Q123383438	6000000016187785440
Q123384170	6000000048188934869
Q123384286	6000000020293311088
Q123384523	6000000086116217746
Q12338500	6000000001753009695
Q123385282	6000000199971870845
Q123385293	6000000199972083830
Q12338543	6000000012615081166
Q12338545	6000000001753085623
Q12338550	365150286650010549
Q12338573	6000000037814671897
Q123385906	6000000042000860109
Q123385961	6000000003075910707
Q123385999	6000000003407134796
Q123386	6000000013482455390
Q12338613	6000000004189841546
Q12338635	6000000023401147021
Q123387	6000000022937312004
Q12338714	6000000022804835963
Q12338716	6000000033303947178
Q12338921	6000000009046245327
Q12338923	6000000009046072386
Q1233896	6000000016924731608
Q12339151	6000000004147994770
Q12339153	6000000011436703318
Q12339158	6000000017046400455
Q12339162	6000000027723189309
Q12339165	6000000005347207002
Q12339203	6000000010323677529
Q12339262	6000000032396361900
Q12339334	6000000010388610110
Q12339346	6000000059268355040
Q12339360	6000000000211886852
Q1233940	6000000136575330823
Q12339485	6000000017926182264
Q12339489	6000000017600170022
Q12339610	6000000014135348451
Q12339633	6000000055085747825
Q123396677	6000000057035023917
Q123396870	6000000059379687973
Q123396893	6000000021415125565
Q123397012	4838106236980135608
Q1233974	6000000012452703833
Q123397651	6000000206271620854
Q123397715	6000000046285081912
Q123397723	6000000024827620643
Q123397723	6000000222728795864
Q12339788	6000000024209388354
Q12339795	6000000003409942211
Q123398028	6000000004887291145
Q123398046	6000000004868124807
Q123398142	6000000004868095715
Q123398156	6000000018520125273
Q123398199	6000000011349166715
Q123398203	6000000012071840699
Q123398559	6000000008567425235
Q123398599	5463154593140053916
Q123398827	6000000067075578844
Q123398898	6000000010019653141
Q123399	6000000027492961758
Q123399048	6000000040345094348
Q123399056	6000000040345222298
Q123399135	6000000040345195250
Q123399276	6000000004887399388
Q12339931	6000000011070455677
Q12339938	6000000013018297575
Q123399388	6000000039151650481
Q123399429	6000000019284302450
Q123399874	6000000004868377126
Q123399907	6000000040548131293
Q123400063	6000000008303017732
Q12340020	6000000012886527225
Q123401480	6000000021209876111
Q123401538	6000000200002868823
Q123401596	6000000015405290385
Q123401630	6000000072406058033
Q123401702	6000000200003692830
Q123401810	6000000200004372858
Q12340188	6000000001504698495
Q12340194	6000000019179010962
Q12340199	6000000018637125938
Q12340200	6000000006379760072
Q12340211	6000000005620858724
Q123402126	6000000007323570253
Q123402151	6000000006972002180
Q123402280	6000000016221379914
Q123402496	6000000020957524230
Q123402500	6000000020957655104
Q123402515	6000000006252151668
Q123402515	6000000020957596387
Q123402544	6000000020957684035
Q123402550	6000000003075910725
Q123402567	6000000015480663772
Q123402569	6000000000474913942
Q123402572	6000000003938567482
Q123402573	6000000007606536991
Q123402634	6000000026325033909
Q123402637	6000000002870159769
Q123402648	6000000011706247998
Q123402650	6000000006444432264
Q123402656	4327253822910121261
Q123402685	300819258890007784
Q123402698	6000000060236240995
Q123402788	6000000040345433175
Q123402803	6000000060236119858
Q1234032	6000000000889019636
Q12340364	6000000011030811381
Q123403776	6000000060165613992
Q12340455	6000000018639460141
Q12340462	6000000005441922550
Q12340477	6000000006234494431
Q12340478	6000000006244382692
Q12340480	6000000029877702332
Q123407512	6000000200013336874
Q1234078	6000000040695374855
Q12340868	6000000007414764267
Q123408766	6000000020690004814
Q123408943	6000000042632978853
Q123409188	6000000042632993867
Q12340926	6000000030972049892
Q12340987	6000000075987044263
Q12341	6000000003953195147
Q12341015	6000000000343250440
Q12341018	6000000027511371274
Q12341022	6000000008653461669
Q12341036	6000000028258574974
Q12341052	6000000001504552696
Q12341077	6000000005917076435
Q12341081	5276642211080038841
Q123411959	6000000017711923797
Q123412133	6000000007690239610
Q1234133	6000000184028564877
Q123413381	6000000083115800218
Q123413567	6000000083096240790
Q123413609	6000000083096755213
Q123413671	6000000037941003154
Q123413674	6000000037941248845
Q123413676	6000000037939864697
Q123413889	6000000112518507241
Q123413917	6000000024874590868
Q12341403	6000000025593203810
Q12341405	6000000015918431189
Q123414074	6000000014675507391
Q123414374	6000000036842008914
Q123414741	6000000000265770199
Q12341495	6000000025077539155
Q123415	6000000063183794951
Q12341500	6000000002199395584
Q12341507	6000000022389751349
Q12341547	6000000012294047772
Q123415565	6000000073376694247
Q12341559	6000000002332875604
Q12341568	6000000022660519925
Q12341578	6000000009447677745
Q12341612	6000000002327606590
Q12341617	6000000001370070571
Q123416174	6000000018604742562
Q12341618	4047708480350038854
Q123416193	6000000084692100327
Q123416998	6000000111832042930
Q123417087	6000000199282347836
Q1234171	6000000025906203577
Q123417597	6000000004033434858
Q12341790	6000000009962438648
Q123417983	6000000007511982510
Q123418394	6000000015395316174
Q123419174	6000000016750185380
Q123419181	6000000014984842059
Q123419613	6000000001596017201
Q123419636	6000000001596017101
Q123419830	6000000034574577058
Q123420970	6000000008962818278
Q123420981	6000000003625164985
Q123421	6000000004969886916
Q123421526	6000000039738447016
Q123422008	6000000200079921897
Q123422069	6000000200081194826
Q123422088	6000000200081813837
Q123422120	6000000014914616037
Q123422178	6000000200082006890
Q12342295	6000000002889856947
Q123423104	6000000009374829718
Q123423205	6000000079240162122
Q1234235	6000000009335603635
Q123423889	6000000009532833417
Q123424125	6000000008717784757
Q12342417	6000000001504855629
Q123424233	6000000008717922517
Q123424255	6000000009532770269
Q12342454	6000000037739704145
Q12342500	6000000026710787997
Q123425161	6000000058401515882
Q123425493	6000000182152182856
Q123425542	6000000024988414040
Q123425629	6000000014192947450
Q12342668	6000000011726862742
Q1234268	6000000006782863981
Q123427742	6000000085821850856
Q123428404	6000000115022019824
Q12342933	6000000030744428833
Q12343079	6000000006141760002
Q12343081	6000000018036964263
Q12343083	6000000001504831904
Q12343085	6000000038748709054
Q12343096	6000000025040331852
Q12343099	6000000025049258520
Q12343102	6000000013927735913
Q12343154	6000000011984969261
Q123431896	6000000021134085338
Q12343369	6000000206507635827
Q12343486	6000000001504701316
Q12343558	6000000004837612604
Q123436466	6000000000141741977
Q12343662	4180524721920074027
Q123436874	6000000007225449225
Q123437773	6000000206271041861
Q123437796	6000000076411296932
Q123438423	6000000012665259303
Q123438434	6000000034144130805
Q123438460	6000000003941239048
Q123438460	6000000199626866836
Q123438462	6000000003942996364
Q123438466	6000000028277558704
Q123438472	6000000033525775105
Q123438479	6000000010578548408
Q123438483	6000000014666042026
Q123438539	6000000028905596813
Q123438544	6000000056860901154
Q123438568	6000000028706070519
Q1234389	6000000040002988635
Q123439161	6000000003964093233
Q123439320	6000000006589011434
Q12343939	6000000028376863236
Q12343942	6000000031845625292
Q12343975	6000000019738012960
Q12343976	6000000017223008091
Q123440264	6000000100592371896
Q12344101	6000000012576701563
Q12344108	6000000017845370075
Q1234413	6000000037106197236
Q12344152	6000000007975537526
Q12344161	6000000013900922433
Q12344167	6000000007084447527
Q123442	6000000182413650895
Q12344206	6000000007887738631
Q123445322	432058
Q123445453	6000000006439950857
Q12344646	6000000015754962408
Q12344664	6000000002473569088
Q1234475	6000000036762989767
Q12344759	6000000074729827046
Q12344763	6000000129569329146
Q12344794	6000000038343415225
Q123448	6000000135650181852
Q12344818	6000000000914028668
Q12344857	6000000004570275101
Q123448899	6000000012213822355
Q123448901	6000000046122372101
Q123448910	6000000116821388866
Q12344934	6000000182451484824
Q12344959	6000000166055160829
Q12345026	6000000059115938900
Q12345043	6000000010494742046
Q12345083	6000000018714725841
Q12345122	6000000088140528012
Q12345152	6000000014169770616
Q123452052	6000000018400160730
Q12345412	6000000087087601864
Q12345425	6000000177623259823
Q1234556	6000000109107556859
Q123455831	6000000022164613772
Q1234562	6000000025959596330
Q123456297	6000000034140274232
Q123456309	6000000003942996170
Q123456310	6000000000664452574
Q123456321	6000000010575627096
Q123456322	6000000013049088319
Q123456332	6000000033525862028
Q123456367	6000000004670329937
Q123456368	6000000081603575902
Q123456378	6000000040787436383
Q123456380	6000000006232557239
Q12345642	6000000181856315830
Q123456795	6000000003678408396
Q123456798	296906735280005436
Q123456810	6000000001588561036
Q123456815	6000000001588375814
Q123456818	6000000001689479125
Q123457087	6000000010363018438
Q12345713	6000000054297431956
Q123457191	6000000181570836821
Q123457240	6000000021261839141
Q123457315	6000000090927798842
Q123457387	6000000078283615825
Q12345747	6000000067104943831
Q12345754	6000000038784601936
Q12345757	6000000012412456257
Q12345783	6000000195312715835
Q123457916	6000000003678393573
Q123457918	6000000003678310525
Q123458387	6000000186986206829
Q123458632	6000000008634532742
Q123458763	6000000026377838690
Q123458764	6000000026377533954
Q12345921	6000000014785257451
Q12345924	6000000013790641983
Q12345925	6000000065505791848
Q12345928	6000000015200108332
Q12345949	6000000174924781916
Q12345976	6000000010281801983
Q12345982	4282288673900059034
Q12345983	6000000024585789151
Q12345988	6000000030184635957
Q12345997	6000000132339390053
Q123460025	6000000048571554364
Q12346008	6000000016491955517
Q123461194	6000000015864949995
Q123461194	6000000039632680541
Q12346131	6000000019777390984
Q123461795	6000000057637371889
Q12346295	6000000024268955734
Q12346470	6000000052692189176
Q12346483	6000000022295356189
Q12346484	6000000057444868959
Q12346494	6000000182637458853
Q12346495	6000000181328555280
Q12346592	6000000016496146453
Q123466476	6000000003183687241
Q123466580	6000000017261167447
Q123466673	6000000030660472963
Q123466686	6000000020164267148
Q123466687	6000000020164146421
Q123466694	6000000059268255005
Q123466697	6000000038360097068
Q123466738	6000000200193515833
Q123466757	6000000011079392331
Q123467221	6000000038359765455
Q123467229	6000000032444908733
Q12346763	6000000059064135977
Q12346892	6000000183319254858
Q12346897	6000000017478396307
Q123469	6000000014566428984
Q12346919	6000000011129916392
Q12346920	6000000097766511963
Q123469339	6000000034770682022
Q1234694	6000000145444187822
Q123469430	6000000012462686216
Q123469466	6000000018308187149
Q123469467	6000000016938121491
Q123469470	6000000020423327590
Q123469478	6000000033234629148
Q123469481	6000000056937528050
Q123469494	6000000046234978934
Q123469496	6000000011297256154
Q123469547	6000000033235153874
Q123469549	6000000058816983883
Q123469551	6000000058823605160
Q123469552	6000000006606191420
Q123469554	6000000012665636230
Q123469555	6000000006439571827
Q123469558	6000000000034696784
Q123469560	6000000000034794328
Q123469569	6000000008438914955
Q123469571	6000000001319776984
Q12346967	6000000021424742594
Q1234697	6000000017451923149
Q12347023	6000000180999002838
Q123470817	6000000014753577510
Q123470948	6000000018339958695
Q123471099	6000000010554100975
Q12347188	6000000016440644020
Q12347217	6000000021224628687
Q12347222	6000000154846190855
Q123472352	4220735339840055471
Q123472693	6000000072576635037
Q123473169	6000000019704042580
Q123473472	6000000019829893570
Q123473553	6000000029877748493
Q123473553	6000000079199332821
Q123473555	6000000029877855156
Q123473557	6000000029877858059
Q123473752	6000000118592296833
Q123474	6000000002225974744
Q123475898	6000000010330520648
Q123476128	6000000200232135837
Q123476241	6000000200239937826
Q123476286	6000000020813986044
Q123476289	6000000020814051195
Q123476298	6000000010323498589
Q123476318	6000000008540415143
Q123476337	2698300
Q123476386	6000000007488371350
Q12347722	6000000134539945064
Q1234774	6000000017276061331
Q12347807	6000000047479575938
Q12347815	6000000175735720856
Q123478151	6000000200240950844
Q123478314	6000000200258679862
Q1234788	6000000050300704272
Q123479038	6000000015147117178
Q123479131	6000000016117818533
Q123479726	6000000039817837227
Q123481	6000000178295469824
Q123481292	6000000167391535104
Q123481320	6000000167392466876
Q12348224	6000000176963279821
Q12348231	6000000019137356407
Q123482429	6000000002216063212
Q123482848	6000000200259638832
Q123482898	6000000112317502822
Q123483009	6000000200260832845
Q123483139	6000000200261999830
Q123483229	6000000200262827822
Q123483297	6000000187197512886
Q123483312	6000000075893088928
Q123483318	6000000076939421942
Q123483337	6000000081861065217
Q12348391	6000000078340090421
Q12348424	6000000178967860837
Q12348439	474389
Q12348440	6000000019838459076
Q123484498	6000000006127846184
Q12348462	6000000157967913834
Q12348475	2560022
Q12348484	6000000054060134853
Q12348500	6000000055184929190
Q123485072	6000000018544371884
Q12348514	6000000080765976987
Q12348516	5164839329050122526
Q123485177	6000000180742938890
Q123485247	6000000018544703656
Q12348537	6000000043460222206
Q123485430	6000000200273002833
Q123485577	6000000200326048823
Q12348567	6000000007620126369
Q12348573	6000000026148313241
Q123485792	6000000019705012117
Q123485872	6000000006589954300
Q12348591	6000000079189743843
Q123486004	6000000204542322941
Q123486023	6000000006565331975
Q12348617	6000000009163122857
Q123486189	6000000022321399833
Q123486358	6000000101315816879
Q123486363	6000000025696681452
Q123486369	6000000029760782945
Q123486384	6000000042516239825
Q123486386	6000000042516214875
Q12348671	6000000020758546147
Q12348730	6000000118648470833
Q123487514	5537657416380100156
Q12348762	6000000012567401690
Q12348786	6000000015739110639
Q12348811	6000000048474775915
Q12348819	6000000075732374048
Q12348827	6000000018108683307
Q12348842	6000000015279867802
Q123488427	6000000054026975186
Q12348846	6000000178447043840
Q12348892	6000000172315503295
Q12348901	6000000027413053435
Q123490	6000000047347859285
Q12349000	6000000029099559573
Q12349001	6000000031479045368
Q1234903	6000000076787376221
Q12349158	6000000074310047089
Q12349163	6000000000646207154
Q12349164	6000000012654497325
Q123493944	6000000031472541062
Q123493980	6000000006127576823
Q123494050	6000000016381990765
Q123494161	6000000198175202826
Q123494168	6000000198175203824
Q12349440	6000000008824104134
Q123494480	6000000006563253495
Q123494511	6000000005573709752
Q123494521	6000000003397747385
Q12349455	6000000018951039548
Q12349536	6000000025471951545
Q12349574	6000000013807383502
Q12349610	6000000058402729029
Q12349655	4191488918500075281
Q1234966	6000000014663307129
Q12349664	6000000019023556766
Q123496796	6000000006910174520
Q123497268	6000000000424287750
Q12349727	6000000186550950069
Q1234977	6000000015211957830
Q12349771	6000000051549233824
Q12349783	6000000032398520872
Q123497925	6000000068594156854
Q123497967	6000000068594245864
Q123497970	6000000111261162993
Q12349816	6000000046504970611
Q123498173	6000000053823336961
Q123498174	6000000040203919963
Q123498182	6000000040203895098
Q1234985	6000000105855525993
Q123498520	6000000013197141381
Q1235	6000000068364621039
Q1235003	6000000166884746903
Q12350038	6000000093511853039
Q12350087	6000000012313339646
Q12350092	6000000038046814144
Q12350156	6000000027106972268
Q123501727	6000000177211524830
Q12350180	6000000000975008710
Q12350233	6000000080341989490
Q12350241	6000000051584069877
Q12350246	6000000134758159999
Q12350269	6000000043307652655
Q12350279	6000000142115616104
Q123503197	6000000200326830855
Q123503353	6000000021946936228
Q123503356	6000000009645440471
Q123503386	6000000011615334422
Q123503498	6000000010761714903
Q123503514	6000000010459176687
Q1235042	6000000179384483860
Q123504654	6000000039560797067
Q12350472	6000000024666435814
Q123504873	6000000056220995027
Q123504884	6000000056221069982
Q123504897	6000000116655132372
Q12350506	6000000004143928292
Q123505607	6000000017535567051
Q123505684	6000000011275585515
Q123505851	6000000025260596409
Q123505877	314101746470005971
Q123505880	6000000015354047137
Q123505904	6000000009665094698
Q123506014	6000000009665018752
Q123506045	6000000121570095821
Q123506077	6000000013254395421
Q12350620	6000000109944524858
Q123506243	314109907650001743
Q123506311	6000000018877737236
Q123506795	6000000026436518284
Q12350689	6000000165559924997
Q123507044	6000000014677609255
Q123507921	6000000059440871075
Q123508002	6000000013834669837
Q123508262	6000000013088229074
Q123508263	6000000013088762693
Q123508264	6000000053003280053
Q123508265	6000000013088789552
Q123508266	6000000006252600986
Q123508271	6000000006252600946
Q123508273	6000000006252573657
Q123508274	315857295020003305
Q123508276	6000000004403575731
Q123508277	6000000007777373319
Q123508286	6000000002046155493
Q123508288	6000000005018014268
Q123508626	6000000096327323853
Q123508631	6000000095655979837
Q123508662	6000000008439466784
Q123508677	6000000008439466579
Q123508680	6000000000011791252
Q123508686	6000000000011872059
Q12350885	6000000138672093839
Q1235089	6000000029794151109
Q123509106	6000000028767968038
Q123509448	6000000077226805041
Q12350990	6000000003734177886
Q12351003	6000000027107159023
Q12351004	6000000139499639892
Q12351079	331260023590011027
Q12351090	6000000014965577827
Q123511461	6000000000468336902
Q123512003	6000000006127496141
Q123512131	6000000041539650980
Q12351274	6000000081317289565
Q123512749	6000000018728108248
Q123512910	6000000010512298393
Q123512946	6000000016103975615
Q123512954	6000000010512265342
Q12351296	6000000042328735907
Q12351317	6000000017603753480
Q123513419	6000000177212374836
Q12351342	6000000036830812856
Q123513502	6000000200367850947
Q123513653	6000000025791825016
Q12351376	6000000001548906317
Q123513812	6000000059439945875
Q12351383	6000000009861673954
Q123513848	6000000032152494883
Q123514017	6000000030594139878
Q123514182	6000000023123285761
Q123514512	6000000017190839930
Q123514645	6000000088053762877
Q123514782	6000000036178516216
Q123514783	6000000017190896328
Q1235148	6000000191697086830
Q123514868	6000000014390901889
Q1235151	6000000014320233461
Q12351512	6000000118389177924
Q123515648	6000000037410184846
Q123515948	6000000010061261402
Q12351603	6000000184143465829
Q12351609	6000000037053064480
Q123516266	6000000029778855560
Q123518	6000000033420062938
Q12351855	6000000023871552530
Q123518581	6000000084607283223
Q123518625	6000000000830368310
Q123518627	6000000023430072156
Q123518629	6000000014643616383
Q123518632	6000000003937766989
Q123518635	6000000037410013182
Q123518638	6000000023430186889
Q123518639	6000000001574662726
Q123518642	6000000001574853985
Q123518644	6000000000742136908
Q123518650	6000000001193569135
Q123518651	6000000001193577618
Q123518653	6000000000830368140
Q123518654	6000000000830366677
Q123518655	6000000000830302725
Q123518656	6000000000426727814
Q123518659	6000000000426727710
Q123518660	6000000008482054136
Q123518661	6000000002429032132
Q123518665	6000000003939418468
Q123518666	6000000003939418454
Q123518668	6000000003541252672
Q123518670	340569076250011344
Q123518673	6000000091717685082
Q123518674	6000000000057826151
Q123518675	6000000002430193900
Q123518676	6000000026867355750
Q123518716	6000000039820673210
Q123518813	6000000020473916910
Q123518839	6000000049073400026
Q123518846	6000000020087549760
Q1235190	6000000069262281833
Q123519526	6000000046366393579
Q12351977	6000000000495915756
Q12351994	6000000180614331888
Q12351998	6000000054549918833
Q12352008	6000000086647620918
Q12352017	6000000075607725942
Q12352078	6000000156107199833
Q123520926	6000000200398142830
Q12352176	6000000100374698834
Q12352284	6000000034023138832
Q123523197	6000000025313893148
Q123523628	6000000086170671902
Q1235238	6000000017131554808
Q1235251	6000000066938954950
Q1235257	6000000027965415819
Q12352587	6000000068128591824
Q12352610	6000000030428365376
Q12352654	6000000059333323332
Q12352688	6000000038045356010
Q12352707	6000000005442266577
Q12352724	6000000093053659835
Q123527785	6000000200417003823
Q123528868	6000000095238963209
Q12352932	5057288892750039224
Q123529380	6000000200423405831
Q123529578	6000000200424029841
Q12352996	6000000118413409926
Q12352998	6000000042059030713
Q12353002	6000000097762347372
Q12353011	6000000031312518910
Q123530110	6000000124640628822
Q123530150	6000000200426027854
Q12353042	6000000018454167684
Q1235311	6000000031136029142
Q123532119	6000000040917850883
Q123532168	6000000006724876663
Q12353250	6000000054291406945
Q123533039	6000000016996046300
Q123533045	6000000003913780463
Q123533227	6000000018145674078
Q123534009	6000000012462686222
Q12353410	6000000172530830439
Q123534383	6000000111167693914
Q1235353	6000000067101592211
Q12353545	6000000001910667712
Q123536186	6000000200441035829
Q123536485	373720962230006580
Q123536642	6000000200442228822
Q123536782	6000000200442981822
Q123537268	6000000003076099827
Q123537269	6000000006441918021
Q123537272	6000000018233100336
Q123537273	6000000018233372124
Q1235376	6000000173620162971
Q12353812	6000000063666522929
Q12353839	6000000179636592903
Q12353845	6000000051851630071
Q12353923	6000000013808221012
Q123541	6000000022542016658
Q12354135	6000000074057683823
Q12354206	6000000172239519081
Q12354270	5354194660350123745
Q12354284	6000000046958445854
Q12354307	6000000088899438167
Q1235465	6000000010953339478
Q12354753	6000000183087934826
Q12354776	6000000048833357321
Q1235479	6000000180779639879
Q12354846	6000000178373796828
Q123549	6000000002252362038
Q123550219	6000000187409958854
Q123550327	6000000015771882224
Q123551017	6000000023738289923
Q123551017	6000000173585655513
Q1235513	6000000185995683863
Q123553	6000000029406908111
Q123553206	6000000078422883974
Q12355354	6000000023526457192
Q123553591	6000000013320216533
Q123553713	6000000002510374069
Q123555296	6000000019056798176
Q123555324	6000000123746112825
Q123555365	6000000187434099903
Q12355539	6000000011789892851
Q12355544	6000000177991181861
Q123555558	6000000200474595846
Q12355571	6000000041157852334
Q12355573	6000000025264423452
Q1235562	6000000033475480397
Q123556345	6000000003938132950
Q123556411	6000000081003257821
Q123556412	6000000008018618359
Q123556412	6000000081002682338
Q123556421	6000000000475109491
Q123556421	6000000081002832280
Q12355647	6000000095629240947
Q123556623	6000000008439466539
Q12355663	6000000017991754936
Q123556637	6000000004319334934
Q123556656	6000000004319337968
Q123556671	6000000001599424694
Q123556890	6000000000799115831
Q12355698	6000000009834322958
Q123557	6000000076304232825
Q123557002	6000000141536555827
Q123557013	6000000008439466609
Q123557044	6000000200480795821
Q123557165	6000000027462114277
Q123557437	6000000002764648901
Q123557822	6000000200517916834
Q123557907	6000000010532309710
Q123558276	6000000197316040826
Q123558280	6000000024681195680
Q123558289	6000000019867565015
Q123558303	6000000002802286436
Q123558489	6000000004058609695
Q123558559	6000000016869630402
Q123558571	6000000200488643842
Q123558583	6000000198586701847
Q123558620	6000000003472989048
Q123558673	6000000038855902525
Q123558708	6000000010374539566
Q123558813	6000000038876497715
Q123558852	6000000021976169224
Q123558853	6000000014568935807
Q123558873	6000000171493672989
Q123558912	6000000036653267909
Q123558929	6000000014568126673
Q123558940	6000000038876954021
Q12355920	6000000022844023190
Q123559911	6000000031687535343
Q123559911	6000000038876504795
Q123559921	6000000006824467031
Q123560215	6000000008872930531
Q123560277	6000000031687814989
Q123560795	6000000163418120844
Q1235614	6000000179017432824
Q123562	6000000040960018980
Q123563	6000000001504592329
Q123563401	6000000008772281266
Q123563500	6000000071394130860
Q123563565	6000000008326960990
Q123564306	6000000012377750559
Q123564362	6000000010079635403
Q123564443	6000000012471993210
Q12356463	6000000117668448828
Q1235648	6000000010188568457
Q123565	6000000018396951765
Q12356520	6000000201197961848
Q123565665	6000000112584417099
Q12356621	6000000022333118602
Q123566473	6000000006727832069
Q12356670	6000000172858768996
Q123566803	6000000004303848278
Q12356786	6000000084299551225
Q12356944	6000000015905345611
Q123569457	6000000002133127487
Q12356968	6000000028278169096
Q1235699	6000000006573666352
Q12357015	6000000014785809407
Q123570232	6000000071393800156
Q12357026	6000000000351107671
Q12357033	6000000029562913194
Q12357119	6000000034116329849
Q12357156	6000000030273283343
Q12357168	6000000084449983658
Q123571795	6000000200546936856
Q123572	6000000019732509197
Q12357255	6000000016591919308
Q1235731	6000000044270448539
Q123573321	6000000008540019892
Q123573398	6000000006441908979
Q123573399	6000000006441918112
Q123573401	6000000006860645646
Q123573409	6000000006442001031
Q123573414	6000000000658947097
Q123573974	6000000023110281105
Q123574	6000000015748840489
Q123574722	6000000004555952423
Q123574836	6000000051753557836
Q123575	6000000086647744083
Q12357522	6000000031739226488
Q123575599	6000000017944009731
Q123575703	6000000018719400765
Q123575709	6000000032839237888
Q123575762	6000000051756659849
Q123575938	6000000018044669014
Q123576670	6000000014878205762
Q123577141	6000000030797665272
Q123577367	6000000016456868648
Q123577538	6000000025622929887
Q123577574	6000000134936509828
Q123577591	6000000013912520199
Q123579523	6000000020407269821
Q123579524	6000000020407187926
Q123579527	6000000020407084190
Q123579529	6000000038363847877
Q123579531	6000000000284171053
Q123579533	6000000000284179889
Q123579537	6000000000284176995
Q123579539	6000000003940496847
Q123579543	6000000000284171112
Q123579547	6000000000284169790
Q123579558	6000000001403647883
Q123580351	6000000153547549888
Q123580360	6000000153547549893
Q123580361	5333159778050023153
Q123580369	6000000006405378284
Q123580371	6000000006348729193
Q123580380	6000000002411631037
Q123580398	6000000017798073335
Q123580399	6000000017798102214
Q1235804	6000000152502295947
Q123580425	6000000002923717677
Q123580427	6000000000845879869
Q123580428	6000000007952075355
Q123580451	6000000007788665318
Q123580468	6000000125894721832
Q123580470	6000000015661458703
Q123580473	6000000009457435509
Q123580474	6000000002198269520
Q12358050	6000000007949666217
Q123580553	6000000077514344545
Q123580556	6000000007454372315
Q123580557	6000000008573232011
Q123580559	6000000018434485341
Q123580563	6000000003940748724
Q123580564	6000000003940748380
Q123580565	6000000003940741434
Q123580570	6000000059180492381
Q123580571	6000000059181215837
Q12358059	6000000009198630669
Q12358099	6000000012081290406
Q12358103	6000000006895798851
Q12358104	6000000008614517771
Q1235813	5234873005290081915
Q123581457	6000000002391137086
Q123581569	6000000206366649831
Q123581828	6000000058198701030
Q123581838	6000000024261782147
Q123581839	6000000018406320774
Q123581957	6000000200578704834
Q123582018	6000000017641302487
Q12358205	6000000011591109242
Q12358206	6000000011590953091
Q12358208	6000000011591091507
Q12358225	6000000008192786675
Q12358226	6000000015826748095
Q12358228	6000000024802110851
Q12358229	6000000029963871978
Q12358230	6000000025646674317
Q12358233	6000000015440698377
Q123582536	6000000199328425833
Q123582800	6000000034194697922
Q123582844	6000000036678756859
Q123582886	6000000008239604001
Q123582896	6000000076237602837
Q123582913	6000000076236624403
Q123582966	6000000054765915386
Q123583253	6000000003793789959
Q12358337	6000000037341815312
Q12358417	6000000007568211742
Q12358428	6000000006208382391
Q12358445	6000000006151227424
Q12358450	6000000026571829315
Q12358452	6000000012536592279
Q12358454	6000000009645981988
Q12358470	6000000009222765327
Q123584732	6000000003017394957
Q123584734	6000000003017399460
Q123584735	6000000000845136196
Q123584745	6000000003017394962
Q123584750	6000000016961287376
Q123584755	6000000016961283305
Q123584757	6000000000978334198
Q123584760	6000000013494543822
Q123584775	6000000015595583313
Q123584776	6000000182015569871
Q12358485	805663
Q123585093	6000000000646640926
Q123585094	6000000000036877307
Q123585095	6000000000036689521
Q123585103	6000000000646732601
Q123585196	6000000003475630414
Q123585197	6000000000913109764
Q123585275	6000000011606395821
Q123585276	6000000015870622105
Q123585284	6000000012922740789
Q123585285	5699588983370125803
Q123585322	6000000198946155866
Q123585325	6000000017817217517
Q123585415	6000000200599683916
Q12358547	6000000001861439961
Q12358550	6000000009700058005
Q12358575	6000000177645333821
Q12358601	6000000008691952245
Q12358604	6000000011593171310
Q12358617	6000000012070433841
Q12358632	6000000000912035005
Q12358633	6000000007230459242
Q12358642	6000000003191903099
Q12358644	6000000010093027498
Q12358652	6000000007413869410
Q12358655	6000000009887098917
Q12358656	6000000009611312429
Q12358666	6000000021185417385
Q12358669	6000000005226821148
Q12358671	6000000015279799795
Q12358679	6000000130507668821
Q12358683	4492304494620016986
Q12358686	6000000009170055075
Q12358693	6000000014273744620
Q12358702	6000000020958818048
Q12358705	6000000010280382058
Q12358709	6000000010321041682
Q12358718	6000000004818775005
Q12358721	6000000007326072317
Q12358737	6000000011604291380
Q12358760	6000000017749840914
Q12358763	5195263840280061361
Q12358768	6000000008909686910
Q123587899	6000000200635469837
Q12358799	6000000009650961425
Q123588	6000000216702351824
Q12358805	6000000083923490934
Q123588116	6000000019160092059
Q123588121	6000000152784627832
Q12358820	6000000033886024540
Q12358821	6000000009792191121
Q12358823	6000000018391234356
Q12358824	6000000017639781315
Q123588285	6000000173666756832
Q12358831	6000000028961889884
Q123588314	6000000037519564408
Q12358835	6000000011978562950
Q12358836	6000000008960310344
Q12358837	6000000017895725140
Q12358838	6000000003071796810
Q12358840	6000000014250039012
Q12358841	6000000008491987559
Q12358845	6000000025741393509
Q12358847	6000000018574121440
Q12358850	6000000014453486102
Q12358858	6000000010382143360
Q12358859	6000000025592452968
Q12358910	6000000170814243013
Q12358917	6000000008470335876
Q12358955	6000000005245994193
Q12359077	6000000007393470896
Q12359084	6000000005360724004
Q12359098	6000000018056470173
Q12359100	6000000182892241942
Q12359101	6000000018170802584
Q12359105	6000000010043358054
Q123591171	6000000012533869210
Q12359120	6000000008438454395
Q12359122	6000000008222405160
Q123591222	6000000023421085180
Q12359127	6000000019371540993
Q12359148	6000000019587035005
Q12359156	6000000010103984132
Q12359162	6000000019111121321
Q12359164	6000000007898273384
Q12359168	6000000007520766252
Q12359177	6000000029097688312
Q12359180	6000000206123820942
Q12359181	6000000019979008872
Q12359182	6000000019111612179
Q12359203	6000000007521258664
Q12359208	6000000003024823350
Q12359210	6000000034492976358
Q12359288	6000000007435199569
Q12359298	6000000007335850503
Q12359362	6000000011525924055
Q12359370	6000000066636454899
Q12359373	6000000007605048221
Q12359376	6000000018845922469
Q12359424	6000000012301626392
Q12359428	6000000004159647415
Q12359435	6000000008298279515
Q12359437	6000000005418559132
Q12359440	6000000002822001033
Q123594446	6000000012533268860
Q123594449	6000000011817802622
Q123594469	6000000030938733195
Q123594520	6000000097090504972
Q123594589	6000000185996059821
Q123594671	6000000008416314192
Q123595	6000000002844832013
Q12359527	6000000011273925166
Q12359541	6000000026448124276
Q12359548	6000000010200740738
Q12359567	6000000003842661977
Q12359578	6000000002929878393
Q12359589	6000000019367820978
Q12359594	6000000194582891822
Q12359600	6000000060307010914
Q12359608	6000000011591585690
Q12359610	632
Q12359618	6000000008253755344
Q123596280	6000000198965260936
Q123596322	6000000196621257958
Q123596323	6000000030938591603
Q123596336	6000000196622118890
Q123596345	6000000030938677414
Q123596372	6000000198964516892
Q12359638	6000000008326481915
Q123596411	6000000035135877862
Q12359642	6000000086462746354
Q123596436	6000000030939110872
Q123596473	6000000030941589194
Q123596502	6000000198965616821
Q123596548	6000000198963214040
Q123596583	6000000198965862821
Q12359660	6000000020330809137
Q12359666	6000000021274983561
Q12359668	6000000015339174910
Q12359673	6000000009943982108
Q123596781	6000000041298566497
Q123596839	6000000041298872326
Q12359696	6000000007663007201
Q123597	6000000021520389515
Q12359704	6000000008540973970
Q12359709	6000000003964951778
Q12359711	6000000019843779897
Q123597488	6000000200634912882
Q12359766	4853097356060066360
Q123597661	6000000034652387832
Q12359773	6000000013692346758
Q12359774	6000000009542664465
Q123597765	6000000124022640821
Q12359777	6000000074459733975
Q12359778	6000000009944325464
Q12359779	6000000014864558919
Q123597848	6000000014589303452
Q123598474	6000000017396706021
Q12359848	6000000008392114503
Q123598884	6000000019211733060
Q12359914	6000000036200090722
Q12359923	6000000033730703087
Q12359925	6000000022511448322
Q12359929	6000000015117846087
Q12359930	6000000205160271914
Q12359931	6000000011593503473
Q12359932	6000000018094702890
Q12359934	6000000014464003222
Q12359948	6000000018391793504
Q12359960	6000000024905110192
Q12359980	6000000046001203044
Q12359982	6000000026399324284
Q12359983	6000000022496911053
Q12359984	6000000015911372179
Q123599879	6000000080184117083
Q123600212	6000000019211572090
Q123600213	6000000028278029984
Q123600214	6000000028277502965
Q123600215	6000000007314980498
Q123600221	6000000001278710081
Q123600222	6000000001959121236
Q123600223	6000000001958985086
Q123600225	6000000001959086681
Q123600226	6000000003075714801
Q123600227	6000000003075818555
Q123600229	6000000004993528693
Q123600230	6000000002861047805
Q123600233	6000000002860700963
Q123600234	6000000000572186419
Q123600236	6000000002244356085
Q123600237	6000000002244356732
Q123600240	6000000080177515951
Q123600356	6000000012344843718
Q123600357	6000000021648571916
Q123600427	6000000117461767834
Q123600428	6000000134565181831
Q123600431	6000000041993600824
Q123600706	6000000041638857587
Q123600851	6000000000908936276
Q12360089	6000000010964370479
Q12360111	6000000026105166232
Q12360119	6000000006300397453
Q12360149	6000000009921151052
Q12360248	6000000008592083821
Q12360259	6000000008539047999
Q12360260	6000000009395003991
Q12360262	6000000008988199164
Q12360270	6000000008907634280
Q12360273	6000000022376460018
Q12360277	6000000014104692926
Q12360280	6000000015621499061
Q12360287	6000000008634064972
Q12360288	6000000010113762125
Q123603152	6000000011025630896
Q12360316	6000000007744973513
Q12360352	6000000019374696540
Q12360387	6000000008135187438
Q12360393	6000000075316776968
Q12360447	6000000018895493742
Q12360448	6000000000659719831
Q123604501	6000000019344873694
Q123604511	6000000181811636825
Q12360462	6000000018907173458
Q12360464	6000000020247412838
Q12360503	6000000018895388773
Q12360504	6000000040258674943
Q12360505	6000000018894530625
Q12360506	6000000014358266895
Q12360507	6000000009976136244
Q12360508	6000000038991894667
Q12360510	6000000020334970954
Q12360511	6000000011886466927
Q12360513	6000000008135509971
Q12360515	6000000011634084672
Q12360518	6000000028476005723
Q12360519	6000000010509342108
Q12360520	6000000018894603493
Q12360522	6000000039753385859
Q12360523	6000000014053976224
Q12360524	6000000019658882864
Q12360525	6000000012371251654
Q12360528	6000000022701856515
Q12360529	6000000011583183512
Q12360530	6000000011634972875
Q12360534	6000000009949809628
Q12360535	6000000003818471008
Q12360536	6000000025646472331
Q12360537	6000000020021103449
Q12360540	6000000011593083493
Q12360541	6000000024583081166
Q12360542	6000000006296727432
Q12360543	6000000043737403832
Q12360547	6000000017784493270
Q12360549	6000000024816506150
Q12360551	6000000058206517916
Q12360553	6000000019215752453
Q12360554	6000000013608868782
Q12360559	6000000010340351295
Q12360560	6000000011446816645
Q12360572	6000000018845281258
Q12360580	6000000041030355279
Q12360588	6000000009944988287
Q12360589	6000000018894646360
Q12360592	6000000010632369189
Q12360598	6000000022379664874
Q12360601	6000000202829868846
Q123606017	6000000050259435281
Q12360603	6000000177284282863
Q12360615	6000000041425767566
Q12360621	6000000000181955453
Q12360622	6000000013631753754
Q12360623	6000000011633913483
Q12360624	6000000008428506949
Q12360625	6000000018556502761
Q12360626	6000000034003540190
Q12360629	6000000007632182232
Q12360642	6000000003159642292
Q12360662	6000000050794661821
Q12360664	6000000011636373057
Q12360665	6000000017735379691
Q12360666	6000000014671834057
Q12360667	6000000069985680895
Q12360675	6000000026977734854
Q12360713	6000000009950877331
Q12360719	6000000011592918654
Q12360734	6000000012071275528
Q123608005	6000000045096257232
Q123608219	6000000043603764989
Q12360832	6000000006996562117
Q12360837	6000000014862139179
Q12360864	6000000012697801342
Q123609	6000000001504693213
Q12361017	6000000019587734544
Q12361031	6000000025943071442
Q12361032	6000000022513701571
Q12361044	6000000011723330619
Q12361064	6000000008604021445
Q12361074	6000000006578640086
Q12361075	6000000038384649113
Q12361076	6000000039105682050
Q12361077	6000000008403303420
Q12361078	6000000021476854786
Q12361082	6000000022466556915
Q12361084	6000000007659557136
Q12361092	6000000007357053324
Q12361098	6000000008529435914
Q12361102	6000000008124958558
Q12361109	6000000015906364967
Q12361110	6000000012072359236
Q12361112	6000000020387767076
Q12361129	6000000009944149625
Q12361132	6000000168528521833
Q12361136	6000000008806223065
Q12361143	6000000015091339824
Q12361145	6000000014064921910
Q123612151	6000000084391106859
Q123612167	6000000007454764006
Q123612220	6000000001399966146
Q123612235	6000000084391408841
Q123612249	6000000002909188213
Q123612337	6000000084390581103
Q123612351	6000000084391074892
Q123612364	6000000084390926960
Q123612379	6000000021799856662
Q123612408	6000000084391333850
Q1236142	6000000021181814864
Q123614861	6000000200660777834
Q123614924	6000000130564333855
Q123615425	6000000000136823599
Q123615488	6000000200662295880
Q123615717	6000000003938982588
Q123615909	6000000036550085862
Q123615948	6000000019910189035
Q12361790	6000000009439298106
Q12361794	6000000030855546463
Q12361832	6000000009312762476
Q12361883	6000000008708500005
Q12361888	6000000008380681079
Q12361893	6000000009646274441
Q12361911	6000000013481703700
Q12361917	6000000020019501118
Q12361933	6000000007207679667
Q12361963	6000000008735859158
Q12361969	6000000005240414979
Q12361974	6000000005436205308
Q12361982	6000000012137199723
Q12361987	6000000001991015891
Q123620408	6000000016299070844
Q12362043	6000000014054506373
Q12362044	6000000018579479112
Q12362045	6000000021568937948
Q12362048	6000000023286786909
Q123620711	6000000008050963063
Q12362085	6000000010108551628
Q12362095	6000000021214283225
Q123621	6000000036339175651
Q12362111	6000000028808410926
Q12362128	6000000006305826002
Q12362145	6000000009924808391
Q12362155	6000000006877918271
Q123621564	6000000015964374674
Q12362159	6000000009706835879
Q123621612	6000000003622247514
Q123621627	6000000069448183907
Q12362163	6000000006917772576
Q123621640	6000000003183388797
Q12362167	6000000014547052293
Q12362168	6000000008651358306
Q123621711	6000000017507048784
Q12362173	6000000010664861062
Q12362174	6000000011364681899
Q12362179	6000000015618454196
Q123622008	6000000008033441872
Q123622044	6000000013420348301
Q123622057	6000000010535001062
Q12362232	6000000027835185068
Q12362244	6000000008148704953
Q12362247	6000000011852161694
Q12362260	6000000008058706364
Q12362297	6000000022484187327
Q12362298	6000000022467366896
Q12362308	6000000020959136007
Q12362314	6000000020762301717
Q12362325	6000000024566124483
Q12362330	6000000024900771210
Q12362337	6000000007652339963
Q12362340	6000000011322046327
Q12362348	6000000017264398968
Q12362391	6000000010708195354
Q12362427	6000000037626262058
Q12362430	6000000037626505050
Q12362432	6000000011591736460
Q12362434	6000000022247979466
Q12362464	6000000178026612852
Q12362480	6000000007391936867
Q12362490	6000000008123153258
Q12362495	6000000078032856022
Q12362505	6000000006330861734
Q12362514	6000000002759382319
Q12362526	6000000012815069715
Q123625290	6000000001402506056
Q123625303	6000000001402370839
Q123625317	6000000023008110920
Q12362541	6000000010141586473
Q12362565	6000000027947104089
Q1236257	6000000079461377143
Q12362575	6000000008614064542
Q12362579	6000000008632583986
Q123625795	6000000006853866138
Q12362588	6000000018811948803
Q12362589	6000000018391741550
Q12362592	6000000045265989879
Q12362596	6000000005918117363
Q12362604	6000000010510777371
Q12362610	6000000022458808913
Q123626192	6000000179824045841
Q123626207	6000000007273228189
Q123626223	6000000007273306268
Q123626236	6000000003940827425
Q123626254	6000000016302855201
Q123626850	6000000022016482806
Q123626863	6000000007273501768
Q123627001	6000000000630125629
Q123627015	6000000002928670851
Q12362708	6000000039305373004
Q12362711	6000000015127847123
Q12362712	6000000015899168336
Q12362726	6000000082635238890
Q12362731	6000000018098312629
Q12362735	6000000018107361018
Q12362736	6000000015127711985
Q1236274	6000000069268726989
Q12362740	6000000006188109204
Q12362741	6000000081726376398
Q12362742	6000000018056463635
Q12362743	384986496380011790
Q12362745	6000000021604485657
Q12362746	6000000018377632691
Q12362749	6000000028085116907
Q12362750	6000000021580425527
Q123627558	6000000007454416458
Q12362757	6000000009944674564
Q123627572	6000000015288368571
Q12362758	6000000015321262439
Q123627587	6000000005767864676
Q12362759	6000000018896006012
Q123627601	6000000001579312762
Q12362769	6000000020029053468
Q123627709	6000000005767805164
Q123627723	6000000002135416185
Q12362778	6000000011625510207
Q123627836	6000000004641798546
Q12362788	6000000192157431877
Q12362790	6000000017166116136
Q12362791	6000000015925460119
Q12362792	6000000022451139405
Q12362793	6000000033526862867
Q12362797	6000000008908108593
Q123628054	6000000000687815207
Q123628068	6000000000651970522
Q12362887	6000000016360397498
Q12362888	6000000087681876821
Q12362889	6000000007111933157
Q12362903	6000000017415102043
Q12362906	6000000011036715276
Q12362907	6000000009791780791
Q12362909	6000000043328084153
Q12362911	6000000015124942631
Q12362912	6000000191621921844
Q12362916	6000000009783390170
Q12362917	6000000017784546344
Q12362919	6000000038218192831
Q12362920	6000000024388928587
Q12362924	6000000008316655315
Q12362925	6000000015496651409
Q12362926	6000000020322634692
Q12362929	6000000018892761011
Q12362935	6000000028897130531
Q123629362	6000000003409652339
Q12362937	6000000027377927638
Q123629376	6000000009506965965
Q12362939	6000000024816484208
Q12362940	6000000015127700557
Q12362942	6000000015125140385
Q12362945	6000000018379175223
Q12362951	6000000015621227551
Q12362952	6000000017895671420
Q123629529	6000000004079534028
Q12362954	6000000015187396913
Q123629543	6000000006907024927
Q12362955	6000000022217615924
Q12362957	6000000013549067806
Q12362958	6000000010970481770
Q12362961	6000000010200117426
Q12362964	6000000012985288712
Q12362979	6000000037963306554
Q12362983	6000000181483776823
Q12362985	6000000024542458321
Q12362986	6000000009510704048
Q12362987	6000000018117520626
Q12362990	6000000001460336057
Q123629972	6000000000652272738
Q12363015	6000000001784699921
Q123630310	6000000006348543696
Q123630324	6000000003127254863
Q123630337	6000000000651986253
Q123630371	6000000007408981425
Q123630385	6000000003219750340
Q12363041	6000000016780592497
Q123630412	6000000007408912552
Q12363042	6000000021609473893
Q123630426	6000000004056192709
Q12363043	6000000024976504542
Q123630440	6000000011957588590
Q12363045	6000000022383066183
Q12363046	6000000030598016628
Q12363048	6000000019156422136
Q12363051	6000000018889129156
Q12363056	6000000014069708884
Q12363058	6000000018603426058
Q12363059	6000000013601071047
Q12363060	6000000019963632374
Q12363061	6000000020958810349
Q12363065	6000000023354885206
Q12363067	6000000020377174819
Q123630749	6000000003937814418
Q123630753	6000000009898406386
Q123630755	6000000011757170597
Q123630756	6000000009897566000
Q123630757	316146749440008188
Q123630760	6000000011757279294
Q123630761	316146592650005772
Q123630763	6000000005417595683
Q123630764	6000000000658905231
Q1236308	6000000020267826028
Q123630848	6000000042068226662
Q123630849	6000000042068263716
Q123630851	6000000070739941166
Q123630854	6000000018833060154
Q123630859	6000000075363101906
Q123630865	6000000003495276796
Q123630868	6000000003494652523
Q123630869	6000000003494646172
Q123630875	6000000075364415899
Q123630876	6000000004558468818
Q123630882	6000000000475095050
Q123630887	6000000019672879928
Q123630892	6000000019672569877
Q123630894	6000000011024736902
Q123630897	6000000012848337225
Q123630898	6000000003285926454
Q123630917	6000000076093290873
Q123630918	6000000012848366252
Q123630921	6000000000651962725
Q123630942	6000000000251809858
Q123630945	6000000005913691280
Q123630977	6000000011514727282
Q123630991	6000000011514697469
Q12363115	6000000011851769323
Q12363126	6000000022524184098
Q12363135	6000000014054369063
Q12363136	6000000018848904702
Q12363137	6000000018377648426
Q12363139	6000000015158193685
Q123631397	6000000009756707727
Q12363145	6000000020946051933
Q12363148	6000000007474006571
Q12363149	6000000002461353439
Q12363151	6000000041055908869
Q12363153	6000000017762295277
Q12363154	6000000013701451681
Q12363155	6000000009956987515
Q12363156	6000000012065685108
Q12363157	6000000022494877715
Q12363164	6000000008960179389
Q12363165	6000000007935879187
Q12363172	6000000003830271325
Q12363176	6000000022495258841
Q12363178	6000000018117646795
Q123631785	4966537864760052979
Q123631823	6000000001843231451
Q123631823	6000000119965958861
Q12363183	6000000011368054169
Q12363184	6000000015320957851
Q12363185	6000000011418462961
Q12363186	6000000079300220280
Q12363201	6000000012288815436
Q123632036	6000000114344391058
Q123632339	6000000003940446878
Q123632354	6000000003938196112
Q123632367	6000000003937778440
Q123632381	6000000000550074046
Q123632571	6000000003939411983
Q123632584	6000000003939411823
Q123632600	6000000002954579393
Q123632618	6000000000426573483
Q123632740	6000000025592834261
Q123632771	6000000002889215610
Q123632788	6000000001574853144
Q123632806	6000000002931014211
Q123632842	6000000001574853131
Q123632856	6000000002889184696
Q123632884	6000000007393208561
Q123632962	6000000003940454140
Q123632966	6000000002889590762
Q123632980	6000000000491091611
Q123633026	6000000001574853217
Q12363308	6000000008527841389
Q12363345	6000000008241596332
Q12363352	6000000011504772551
Q12363354	6000000008855599184
Q123633567	6000000050042331228
Q12363359	6000000029678836584
Q12363360	6000000009447216482
Q12363371	6000000007352469345
Q12363384	6000000001645281172
Q12363391	6000000008641219816
Q12363414	6000000011514389156
Q12363425	6000000014301547459
Q12363426	6000000009190005219
Q12363429	6000000034432349631
Q12363492	6000000009029885961
Q12363497	6000000027645964005
Q12363499	6000000008206038959
Q12363504	6000000008334566867
Q12363508	5516574808480108654
Q12363514	6000000008061841298
Q1236352	6000000016395076330
Q12363551	6000000065572571861
Q1236356	6000000006892692065
Q12363563	6000000007434075674
Q12363571	6000000010331432657
Q12363583	6000000011000635637
Q12363584	6000000010414920609
Q12363590	6000000006784697664
Q12363596	6000000018922953315
Q123636	6000000052530839263
Q12363604	6000000183375861025
Q12363608	6000000000091237531
Q12363610	6000000016317587023
Q12363612	6000000079503140958
Q12363614	6000000018895740677
Q12363615	6000000017165739145
Q12363619	6000000008908176296
Q12363621	6000000014803350468
Q12363623	6000000010409676302
Q12363624	6000000012566500527
Q12363626	6000000011592439577
Q12363627	6000000025915351201
Q12363629	6000000010646801095
Q12363630	6000000025768830625
Q12363633	6000000008438697434
Q12363638	6000000015895568913
Q12363640	6000000008702171348
Q12363647	6000000008438664881
Q12363653	6000000015117639997
Q12363656	6000000023262734469
Q12363657	6000000014282350871
Q12363670	6000000008845095400
Q12363673	6000000005137746009
Q123636874	6000000028745826245
Q12363688	6000000019092234526
Q12363691	6000000085466791998
Q12363696	6000000006790306046
Q12363698	6000000007484339576
Q12363705	6000000000511560941
Q12363707	6000000028150762048
Q12363710	6000000008505763108
Q12363746	6000000008962070870
Q12363769	6000000009665506386
Q12363784	6000000006365906340
Q12363785	6000000017166331388
Q123638	6000000069645163016
Q12363807	6000000007404068391
Q12363809	6000000007921779306
Q12363815	6000000002662309448
Q12363816	6000000046756338889
Q12363820	6000000128098766966
Q1236383	6000000021248737577
Q12363831	6000000010708220782
Q12363843	6000000003280072202
Q12363846	6000000009940173300
Q12363850	6000000009015498939
Q12363857	6000000030522905858
Q12363858	6000000008653558374
Q12363863	6000000010955991316
Q12363882	6000000025877294318
Q12363886	6000000007831678077
Q12363893	6000000037010919916
Q12363894	6000000018056569191
Q12363895	6000000018569452009
Q12363899	6000000011634926534
Q12363901	6000000025645977623
Q12363904	6000000010667522482
Q12363905	6000000022890362330
Q12363906	6000000176239387856
Q12363909	6000000008572155983
Q12363915	6000000022456425828
Q12363917	6000000138056561843
Q12363918	6000000003081650117
Q12363919	6000000033740828863
Q12363921	6000000024289887016
Q12363923	6000000031136729906
Q12363928	6000000010539980986
Q12363966	6000000010383459507
Q12363970	6000000029090060034
Q12363978	6000000008287365146
Q12363984	6000000001407579282
Q1236400	6000000068368758827
Q12364009	6000000018924741002
Q12364032	6000000008943949169
Q12364056	6000000086002569845
Q12364086	6000000009646531198
Q12364092	6000000015828043144
Q12364100	6000000032867745955
Q1236412	6000000002447336060
Q12364301	6000000021411324485
Q12364342	6000000005008141560
Q123643481	6000000022671009254
Q123643507	6000000022671168907
Q123643535	6000000147756469027
Q123643539	6000000147756089032
Q123643543	6000000021541936367
Q123643544	6000000013009207467
Q123643545	6000000013009029150
Q123643548	6000000001831208877
Q123643552	6000000017178165259
Q123643553	6000000000770375168
Q123643556	6000000002861036154
Q123643605	6000000009437106122
Q123643608	6000000000795131904
Q123643612	6000000003938196104
Q123643619	6000000009437106115
Q123643620	6000000009437114227
Q123643621	6000000003942968994
Q123643622	6000000003942968673
Q123643625	6000000003942968930
Q123643631	6000000003942975049
Q123643632	6000000003942975058
Q123643639	6000000003943119626
Q123643652	6000000003942975202
Q123643654	6000000009437114382
Q123643657	6000000000475021190
Q123643666	6000000006175771223
Q123643669	6000000003940454026
Q123643670	6000000003940454034
Q123643678	6000000000794966873
Q12364368	6000000007308216747
Q123643680	6000000003940454126
Q123643682	6000000007852559999
Q123643687	6000000003940454133
Q123643688	6000000005703283309
Q123643761	6000000000323975067
Q123643762	6000000007484908636
Q123643809	6000000000388868852
Q123643810	6000000003940454102
Q123643904	6000000012782999353
Q123643921	6000000014368903740
Q123643933	6000000000966238631
Q12364394	6000000004399510561
Q123643987	6000000000323425888
Q12364399	6000000002996569150
Q12364402	6000000008675913502
Q12364406	6000000001698366439
Q12364409	6000000008893076745
Q12364411	6000000007368396259
Q12364414	6000000008615624990
Q12364415	6000000003362618918
Q12364431	6000000012418590967
Q12364463	6000000022146066326
Q12364521	6000000009365949302
Q12364540	6000000008112125654
Q12364561	6000000029322989849
Q123645888	6000000003109205837
Q12364647	6000000008605686448
Q12364660	6000000003075457661
Q12364667	6000000003811366224
Q12364749	6000000008488731606
Q12364810	6000000030092576244
Q12364812	6000000018046357042
Q12364815	6000000081725002822
Q12364819	6000000008219238565
Q12364822	5725929646820021243
Q12364844	6000000003849630609
Q12364846	6000000011778967895
Q12364847	6000000018604762130
Q12364853	6000000003872821575
Q123648572	6000000020022453410
Q12364861	6000000005061412561
Q12364867	6000000011916173291
Q12364868	6000000008380167482
Q12364881	6000000007893710445
Q12364891	6000000009412080697
Q12364899	6000000007113183265
Q12364900	6000000006928068441
Q12364902	6000000007753503067
Q12364978	6000000017785012135
Q12364980	6000000021604021993
Q12365000	6000000010100688788
Q12365001	6000000020236626487
Q12365002	6000000015389150065
Q12365012	6000000011284010679
Q12365015	6000000002649305444
Q12365018	6000000013296074954
Q12365025	6000000015127849036
Q12365048	6000000001557018334
Q12365121	6000000008271360352
Q12365130	6000000033560776862
Q12365132	6000000032024537935
Q123651343	6000000046006013986
Q12365135	6000000003375052109
Q123651364	6000000039772490508
Q12365137	6000000008459352872
Q12365139	6000000020529066499
Q123651532	6000000026477121886
Q123651532	6000000182540540861
Q123651573	6000000002304112246
Q123651574	6000000006444459952
Q123651577	6000000017235961523
Q123651579	6000000026727610524
Q123651603	6000000009813814335
Q123651650	4433952
Q123651657	6000000018012412054
Q123651660	3971678
Q123651722	6000000056442542891
Q123651729	6000000056442210983
Q123651744	6000000002916748485
Q123651748	6000000176931714840
Q123651756	6000000033499362385
Q12365176	6000000025226998479
Q12365178	6000000011590700922
Q12365185	6000000022512188738
Q12365186	6000000022190082027
Q123651874	6000000175160423401
Q123651876	6000000084715317827
Q123651877	6000000003075652231
Q12365188	6000000016778362848
Q12365189	6000000012547622367
Q123651896	6000000034832126977
Q123651897	6000000019947048844
Q12365190	6000000020342607891
Q12365193	6000000213705777847
Q12365197	6000000015127911515
Q123651972	6000000068777981842
Q12365198	6000000015124735704
Q123651993	6000000019515603244
Q123651995	6000000000451310744
Q123651997	6000000000618972852
Q12365200	6000000015125350590
Q123652003	6000000020662418302
Q123652004	6000000020662358792
Q123652005	6000000001197646027
Q123652007	6000000007290129280
Q12365202	6000000011036645407
Q123652020	6000000000447812627
Q12365204	6000000011634536551
Q12365205	6000000024361630798
Q12365207	6000000004674388792
Q12365208	6000000138055417873
Q12365209	6000000021609143373
Q12365212	6000000183903239874
Q12365214	6000000020946161954
Q123652155	6000000050562925854
Q123652157	6000000008439798570
Q123652158	6000000102165649939
Q123652159	6000000050563086484
Q123652160	6000000050563537422
Q123652161	6000000050564191884
Q123652165	6000000004630835191
Q123652167	6000000009083812665
Q12365217	6000000018892046334
Q123652170	6000000050564191867
Q123652171	6000000050562076831
Q123652176	6000000000239957320
Q123652177	6000000004630694189
Q12365219	6000000075008262933
Q12365220	6000000017469257983
Q12365221	6000000018069460063
Q12365224	6000000027486207207
Q123652253	6000000200691780846
Q12365226	6000000015611716005
Q12365229	6000000012069581766
Q12365230	6000000025633565697
Q12365231	6000000045011153874
Q12365232	6000000020237197797
Q12365234	6000000026976931698
Q12365237	6000000079323041869
Q12365242	6000000035061454930
Q12365247	6000000017008276647
Q123652477	6000000011892844876
Q12365252	6000000012566577833
Q12365257	6000000017591919880
Q12365265	6000000009413061066
Q12365269	6000000009847599542
Q123652697	6000000012394758287
Q12365278	6000000008771011428
Q123652841	6000000078312444117
Q123652903	6000000200694111841
Q12365291	6000000075742002149
Q12365296	6000000022249076069
Q123652962	6000000012136048362
Q123652980	6000000025521550814
Q12365300	6000000172398138013
Q12365302	6000000026664287061
Q12365303	6000000025966639793
Q123653034	6000000028260350598
Q123653088	6000000040231966191
Q123653185	6000000201283100846
Q12365320	6000000011148292697
Q123653263	6000000200695191838
Q12365336	6000000018378702921
Q12365337	6000000008367212198
Q12365341	6000000038191176107
Q12365345	6000000081702588834
Q123653523	6000000015823686482
Q12365353	6000000008328996906
Q12365354	6000000069970763180
Q12365357	6000000073848796922
Q12365367	6000000002487031648
Q12365375	6000000009625222202
Q12365391	6000000024709146569
Q12365409	6000000035814826895
Q12365410	6000000018086253553
Q12365415	6000000035992249644
Q12365425	6000000010617238792
Q12365445	6000000008323516522
Q12365471	6000000015379642053
Q12365493	6000000008854248059
Q12365501	6000000008293161460
Q12365502	6000000009501129358
Q12365505	6000000013557596249
Q12365506	379881338750013814
Q12365516	6000000003918649847
Q12365520	4223380815560023677
Q12365521	6000000007325355478
Q12365527	6000000001604010688
Q123655584	6000000056971643822
Q12365595	6000000011634577461
Q12365596	5216346880310063398
Q123656225	6000000056971333828
Q123657883	6000000142908431909
Q12365798	6000000004033655115
Q123658	6000000033515397853
Q12365818	6000000008109227344
Q12365827	6000000034046108683
Q123658282	6000000009803761408
Q12365839	6000000009313619186
Q12365848	6000000007780902197
Q12365850	6000000009412114310
Q123658559	6000000009803624721
Q12365859	6000000007993016831
Q12365868	6000000042757413658
Q12365913	6000000013242735886
Q12365914	6000000016024380083
Q1236595	6000000119183781835
Q1236602	6000000073058940911
Q12366163	6000000069806596947
Q12366191	6000000003025138587
Q12366195	6000000013060697254
Q12366206	6000000008985619545
Q12366208	6000000008414219171
Q12366230	6000000007561773949
Q123662544	6000000007343861601
Q123662862	6000000035024317509
Q123662867	6000000035024282366
Q123662894	6000000019363291664
Q12366347	6000000011292998628
Q12366375	6000000008069254203
Q12366383	6000000012419445205
Q12366387	6000000001669325763
Q12366392	6000000025017755768
Q12366393	6000000018078267106
Q123663949	6000000007844835416
Q12366401	6000000015125343347
Q12366406	6000000008913694015
Q12366408	6000000041146701963
Q123664117	6000000021889398649
Q123664240	6000000020732977823
Q12366425	6000000015920722565
Q12366438	6000000007786176783
Q123664401	6000000175897832822
Q12366442	6000000017962394501
Q12366446	6000000011578000237
Q12366448	6000000076489820821
Q12366466	6000000029065654031
Q12366469	6000000008329766741
Q12366476	6000000011226304583
Q12366491	6000000017513570142
Q12366492	6000000021658743582
Q12366493	6000000023251469034
Q12366497	6000000018473525058
Q12366612	6000000009138441211
Q12366614	6000000000636941702
Q12366621	6000000002027401099
Q12366631	6000000019963480078
Q123668146	6000000000390662115
Q123668147	6000000021969862999
Q123668148	6000000007280045218
Q123668150	317861815410006595
Q123668152	6000000054762342947
Q123668153	6000000011557605945
Q123668155	6000000011557842632
Q123668157	6000000072030942165
Q12366816	6000000047812671900
Q123668209	6000000031709722910
Q123668210	6000000002928665606
Q123668211	6000000008879611851
Q123668213	6000000008879980359
Q123668220	6000000002928589945
Q123668221	6000000000284305529
Q123668227	6000000000284221509
Q123668229	6000000003243427137
Q123668251	6000000003733330179
Q123668254	6000000007312158694
Q123668259	6000000007312375989
Q123668267	6000000007454503771
Q123668268	6000000006802945182
Q123668296	6000000000095639760
Q123668299	6000000004237809806
Q123668311	6000000001383807402
Q123668320	6000000002838621595
Q123668322	6000000006705204533
Q123668324	6000000006705423188
Q123668347	6000000003940656518
Q123668400	6000000011495006321
Q123668402	6000000002928648518
Q123668403	6000000004181240169
Q123668515	6000000003940656481
Q123668516	6000000003940656503
Q123668530	6000000000475003916
Q123668531	6000000009918750465
Q123668532	6000000002928641982
Q123668535	6000000007033962733
Q123668541	6000000008260728265
Q123668546	6000000006714879004
Q123668549	6000000006714453888
Q123668551	6000000006714500674
Q123668559	6000000002928641291
Q123668560	6000000000284219465
Q123668560	6000000000284245744
Q123668561	6000000000284219391
Q123668562	6000000000284305645
Q123668566	6000000000250100895
Q123668568	6000000000250502832
Q123668573	6000000008879883627
Q123668575	6000000015117084721
Q123668578	6000000003937770975
Q123668580	6000000054832571608
Q123668583	6000000054833744043
Q123668585	6000000000555593898
Q123668587	6000000011812496612
Q123668588	6000000007659605488
Q123668589	6000000006444441715
Q123668591	6000000027875089036
Q123668592	6000000006444764094
Q123668593	6000000023689106388
Q123668599	6000000000550022260
Q123668602	6000000009085024431
Q123668603	6000000002459880337
Q123668607	6000000000834242058
Q123668770	6000000020884698647
Q123668771	6000000026189567951
Q123668772	6000000020892469589
Q123668774	6000000024580917583
Q123668775	6000000003266532549
Q123668779	6000000026189562273
Q123668780	6000000100185131420
Q123668784	6000000026189511093
Q123668785	6000000158282827826
Q123668789	6000000006801954671
Q123668791	369453261660012768
Q123668809	6000000000438204058
Q123668811	6000000000181170203
Q123668837	369093200660013275
Q123668845	6000000003940545136
Q123668973	6000000008269517633
Q123668974	6000000018515526697
Q123668978	6000000018501467105
Q123668987	6000000017235212195
Q123668996	6000000002908626982
Q123669015	6000000018515745181
Q123669023	6000000005525579010
Q123669041	6000000007454316255
Q123669340	6000000008378494209
Q123669341	6000000002906592254
Q123669351	6000000026700309277
Q123669353	6000000002364343637
Q123669353	6000000026702106239
Q123669355	6000000002341991800
Q123669356	6000000018908178332
Q123669359	6000000000438064752
Q123669377	6000000002174799075
Q123669379	6000000002916743690
Q123669382	6000000002174826865
Q123669383	6000000003195224750
Q123669385	6000000003195235374
Q123669389	6000000022103822910
Q123669395	6000000011892116999
Q123669487	6000000006811716320
Q123669490	6000000006812394007
Q123669492	6000000006811480586
Q123669493	6000000091786428939
Q123669495	6000000006812189101
Q123669497	6000000037583624293
Q123669499	6000000019159015336
Q123669502	6000000006187461670
Q123669551	6000000003607911033
Q123669553	6000000009514865533
Q123669576	6000000000451951724
Q123669577	6000000002174831569
Q123669581	6000000000451994475
Q123669583	6000000000425309684
Q123669593	6000000001563424804
Q123669594	6000000005912289343
Q123669595	6000000006597116853
Q123669628	6000000043339148055
Q123669632	6000000043339335055
Q123669635	6000000043340922158
Q123669640	6000000000304733911
Q123669644	6000000001101603065
Q123669647	6000000001734472901
Q123669648	6000000002729242059
Q123669651	6000000001691738659
Q123669657	6000000006725575670
Q123669669	6000000003177827327
Q123669683	6000000005586773847
Q123669685	6000000000304862361
Q123669688	6000000000304905081
Q123669690	6000000003177827193
Q123669697	6000000000304883284
Q123669713	6000000001737753067
Q123670128	6000000042901338910
Q123670278	361544951450011670
Q123670358	6000000190113257847
Q123670393	6000000100381790953
Q123670734	6000000200734034920
Q12367102	6000000008960706288
Q123671334	6000000012268078607
Q1236721	6000000044623139833
Q123673	6000000034731376979
Q12367333	6000000025308391327
Q1236734	6000000012458966786
Q12367340	6000000009771238130
Q12367356	6000000019494152826
Q12367359	6000000025484335718
Q12367370	6000000007549112224
Q123675059	6000000200733310826
Q12367554	6000000019560894909
Q12367577	6000000002487028473
Q123675849	6000000116495864440
Q123675883	6000000013923865949
Q123675885	6000000060709811882
Q123675894	6000000200736333835
Q123675903	6000000200735232833
Q123676	6000000182778611841
Q12367612	6000000008538470028
Q123676278	6000000020651489594
Q1236766	6000000140761235454
Q123677097	6000000195485071834
Q1236773	5380967724300025834
Q12367766	6000000002542720490
Q123678	6000000003108854060
Q123678045	6000000079418214095
Q12367846	6000000037456041048
Q12367848	6000000016820854690
Q123678560	6000000016659105673
Q123678561	6000000016651808626
Q123678562	6000000016652214658
Q123678563	6000000016657138658
Q123678565	6000000016656492991
Q123678602	6000000021250501182
Q123678621	6000000059385436028
Q123678625	6000000006878452137
Q123678655	6000000010866827043
Q123678656	6000000010866909849
Q123678659	6000000103912068252
Q123678665	6000000059385434978
Q123678693	6000000024283115564
Q123678897	6000000059385441890
Q123678931	6000000059379696908
Q123678966	6000000001565635767
Q123678980	6000000011433057490
Q123679	6000000007076832229
Q123679068	6000000059378058866
Q123679445	6000000006126675952
Q123679540	6000000006126927447
Q123679552	6000000015186672075
Q123679665	6000000116827059832
Q123679779	6000000013756978336
Q123679997	6000000082452748882
Q123679998	6000000014242140250
Q123680000	6000000014244848119
Q123680012	6000000029761771716
Q123680228	6000000017827348093
Q123680230	6000000006253048021
Q123680276	6000000020379261622
Q123680278	6000000020379281300
Q123680286	6000000020379509817
Q123680287	6000000003811215742
Q123680289	6000000003076978998
Q123680304	6000000020379317473
Q123680306	6000000120285128843
Q123680308	6000000001727107578
Q123680310	6000000000689082684
Q123680314	6000000050650987856
Q123680316	6000000003076360786
Q123680331	6000000024530310458
Q123680333	6000000179410352885
Q123680358	6000000013609041274
Q123680359	6000000016320929155
Q123680362	6000000016321169047
Q123680364	6000000030727184810
Q123680369	6000000021065203869
Q123680373	6000000021065211833
Q123680374	6000000088483979884
Q123680378	6000000021065061878
Q123680380	6000000019302090757
Q123681100	6000000000424724806
Q12368121	6000000003743929390
Q12368123	6000000012757751332
Q123681302	6000000044425644896
Q123681342	6000000014302771213
Q123681644	6000000196951273824
Q123681773	6000000022757066695
Q1236823	6000000018809617806
Q12368236	6000000006977066943
Q12368239	6000000003589889538
Q123682449	6000000135296972821
Q12368245	6000000007417243635
Q12368246	6000000040869705028
Q123682631	6000000027539679041
Q12368339	6000000184819380827
Q12368351	6000000007253540574
Q123683577	6000000009147060039
Q123683600	6000000012196506302
Q123683601	6000000012196003130
Q12368385	6000000024263381084
Q123683959	6000000026356053295
Q12368406	326984607550007805
Q12368437	6000000007637920681
Q12368460	6000000006407695069
Q12368464	6000000007385258701
Q12368505	6000000000636931860
Q12368518	6000000008794345226
Q12368519	6000000015717972812
Q12368526	6000000010018381505
Q12368533	6000000006862551419
Q12368561	6000000010740708366
Q123685659	6000000001179117705
Q12368566	6000000049859501929
Q123685713	6000000134711928833
Q12368591	6000000020487047859
Q12368600	6000000011657865301
Q12368601	6000000052864695052
Q12368605	6000000018125652535
Q123686078	6000000185521198040
Q12368624	6000000022493040976
Q12368625	6000000022146981848
Q12368644	6000000003318923676
Q12368663	6000000006257881658
Q12368664	6000000001238959439
Q12368674	6000000018426113954
Q123686912	6000000074703379119
Q123686915	6000000026749361863
Q123686916	6000000000999242254
Q123686924	6000000000401082072
Q123686926	6000000000759242922
Q123686941	6000000024685870051
Q123686943	6000000046939202821
Q123686946	6000000000550022571
Q123686947	6000000008256900282
Q123686974	6000000200766495858
Q123687	96048
Q12368732	6000000007051747146
Q12368741	6000000018951018879
Q123687628	6000000034301314362
Q123687632	6000000000136049340
Q123687633	6000000000135800826
Q123687640	6000000000135925472
Q123687641	6000000001392823797
Q123687644	6000000001393132268
Q123687657	6000000001393154472
Q123687660	6000000001393260922
Q123687669	6000000003849270832
Q123687731	6000000035371503056
Q123687738	6000000012255070381
Q123687739	6000000035429576507
Q123687741	6000000011832549271
Q123687743	6000000011832398304
Q123687744	6000000007344538869
Q123687746	4630836272130082403
Q123687748	6000000011834351522
Q123687749	6000000024970184499
Q123687750	6000000001947402362
Q123687763	6000000035429582378
Q123687766	6000000007454405821
Q123687767	6000000007454295188
Q123687769	6000000002908495415
Q123687884	6000000000426735920
Q123687910	6000000012421282935
Q123687910	6000000023866246141
Q123687929	6000000023866240172
Q123687931	6000000023865995203
Q123687934	6000000011832384251
Q123687937	6000000002955368883
Q123688	6000000068477608822
Q123688012	6000000013068499762
Q123688013	6000000177950905840
Q123688014	6000000019456361019
Q123688015	6000000019482025435
Q123688017	6000000019482337605
Q123688045	6000000019482356795
Q123688046	6000000011287676700
Q123688047	6000000001033155416
Q123688048	6000000000560074417
Q123688143	6000000015780703010
Q123688144	6000000000438104767
Q123688145	6000000002641637119
Q123688149	6000000002641637211
Q123688150	6000000010049787853
Q123688156	6000000003075652163
Q123688163	6000000000437820136
Q123688166	6000000006579884532
Q123688168	6000000000966216247
Q123688172	6000000000437781017
Q123688175	6000000003649805037
Q12368818	6000000007879197932
Q12368823	6000000004180312374
Q123688244	6000000021136323653
Q123688245	6000000025473388469
Q12368825	6000000007759296485
Q12368826	6000000001656223774
Q123688680	6000000200782415839
Q123688785	6000000200783007832
Q12368884	6000000110569639931
Q123688844	6000000111266334949
Q123689036	6000000017415530588
Q123689330	6000000089294300821
Q123689738	6000000091819470956
Q123689959	6000000040109640858
Q12369055	6000000007524052454
Q12369078	6000000011634772278
Q12369081	6000000034731219519
Q12369089	6000000015117768411
Q12369090	6000000014069928346
Q12369091	6000000020517961635
Q12369093	6000000018181925591
Q12369095	6000000016964397618
Q123691853	6000000083060044989
Q123692384	6000000022650690954
Q123692551	6000000015519193001
Q123692784	6000000019703987768
Q123693201	6000000019042631489
Q123693493	6000000082352032976
Q123693505	6000000082350829683
Q12369384	6000000009312685532
Q123694265	6000000114208824821
Q123694370	6000000086424343933
Q123694370	6000000174720902902
Q123694534	6000000067936019901
Q123694863	6000000024239766223
Q1236949	6000000148914658825
Q123694907	6000000171730495162
Q123694914	6000000023755747750
Q123694915	6000000015182958966
Q123694915	6000000023756545693
Q123694919	6000000000687073036
Q123694922	6000000003658779394
Q123694929	6000000215412416857
Q12369514	6000000194782625832
Q12369528	6000000008088412337
Q123695379	6000000019285387529
Q1236955	6000000098134115006
Q12369568	6000000018966508825
Q12369597	6000000008542728914
Q12369599	6000000010337965413
Q12369675	6000000006442079124
Q12369696	6000000007434295082
Q12369719	6000000007978908441
Q12369743	6000000008380624286
Q12369744	6000000032316564408
Q12369759	6000000008257452866
Q12369766	6000000007800977256
Q12369791	6000000021113018024
Q12369792	6000000007881638327
Q12369826	6000000008667927139
Q12369828	6000000003242509679
Q12369832	3855939
Q12369848	6000000010030394118
Q123698802	6000000034295846899
Q12369884	6000000095239143081
Q12369888	6000000007415170535
Q12369899	6000000000029868812
Q12369907	6000000009313211076
Q12369918	6000000093711725834
Q123699276	6000000198600592864
Q12369934	6000000021441908685
Q12369990	6000000003221004017
Q12369995	6000000007583977367
Q12370001	6000000014968025579
Q12370020	6000000014063744770
Q12370021	6000000008830950900
Q12370032	6000000021768570280
Q12370034	6000000006296765278
Q12370036	6000000019030329779
Q12370040	6000000024318383208
Q12370045	6000000172680779135
Q12370066	6000000010430036222
Q123700665	6000000200766414883
Q123700666	6000000200766971821
Q123700950	6000000200829651824
Q12370127	6000000006281394322
Q12370131	6000000006826196077
Q123701458	6000000040995594261
Q123701495	6000000003522770306
Q123701517	6000000001695162198
Q123701518	6000000000659732455
Q123701523	6000000186793967834
Q123701562	6000000000421688910
Q123701801	6000000185024747823
Q123701976	4430302377800056291
Q123701977	4429782769550086592
Q123701978	6000000006441098440
Q123701982	6000000018031275216
Q123701987	6000000002860768229
Q123702	6000000181564656832
Q123702009	6000000029307583063
Q123702010	6000000029307484637
Q123702011	310943027870001492
Q123702012	6000000029307191683
Q123702013	6000000006441151015
Q123702014	6000000000664571552
Q123702016	6000000006441141975
Q123702017	6000000029307467402
Q123702018	6000000003937814899
Q123702028	6000000004282398644
Q123702033	6000000008890044183
Q123702051	6000000003086531151
Q123702096	6000000007418556782
Q123702098	6000000007417862061
Q123702101	6000000200834734850
Q123702106	6000000007418556860
Q123702106	6000000038449595521
Q123702152	6000000010601879674
Q123702156	6000000010602010613
Q123702159	6000000006719649943
Q123702162	6000000000350991342
Q123702172	6000000000426770290
Q123702180	6000000006719652352
Q123702186	6000000010601896282
Q123702188	6000000089741170939
Q123702189	6000000003940624210
Q123702190	6000000006441084052
Q123702191	6000000006290500445
Q123702202	6000000090080419962
Q123702202	6000000111565896823
Q123702213	6000000002931116411
Q123702214	6000000007034509272
Q123702409	6000000200835845826
Q123702440	6000000010601468764
Q12370245	6000000022189418852
Q12370248	6000000002423523004
Q12370276	6000000013967228224
Q12370277	6000000011307352330
Q123702919	6000000002196386728
Q123702961	6000000026229014631
Q123702993	6000000187237337825
Q123702995	6000000038534399528
Q123703009	6000000019037430260
Q123703025	6000000019021551847
Q123703050	6000000019036822490
Q123703052	6000000014891747852
Q123703052	6000000035198564982
Q123703063	6000000001758560754
Q123703066	6000000003036770661
Q12370316	6000000008720935144
Q12370319	6000000010207407283
Q12370353	6000000013436417158
Q123704344	6000000044066481440
Q123704480	6000000016682394129
Q123704507	6000000015583761363
Q12370468	6000000056141851832
Q12370470	6000000014310925477
Q12370473	6000000018595226012
Q12370474	6000000054174396982
Q12370476	6000000027575475868
Q12370478	6000000007707426233
Q12370483	6000000009792123695
Q123704869	6000000087930870014
Q123705084	6000000087931103935
Q123705290	6000000014778052987
Q1237068	6000000178301210917
Q12370926	6000000009513070863
Q123709622	6000000037672247684
Q123709623	6000000127798766832
Q123709624	6000000127805152891
Q123709625	6000000006175465887
Q123709930	6000000006200495281
Q123709931	6000000010118143903
Q123709932	6000000008889704674
Q123709933	6000000001722164717
Q123709934	6000000008961866369
Q123709937	6000000008889731733
Q12370994	6000000015837001065
Q123709940	6000000013706053281
Q123709941	6000000008448310401
Q123709942	6000000008448099907
Q123709943	6000000006369845755
Q123709948	6000000122260172111
Q123709949	6000000000875577085
Q123709950	6000000000490361533
Q123710051	6000000002677669673
Q12371024	6000000056967494915
Q12371026	6000000007620086345
Q12371040	6000000003812193039
Q12371046	6000000007872522687
Q12371057	6000000018040140884
Q12371062	6000000194909034839
Q12371069	6000000019580980458
Q12371071	6000000005543758001
Q12371079	6000000058760213179
Q1237108	6000000176183925888
Q123710879	6000000001080355121
Q12371088	6000000026539207890
Q1237120	6000000015247533463
Q12371376	6000000008123004855
Q12371377	6000000012298523337
Q12371394	6000000004010387667
Q12371397	6000000020315740809
Q12371411	6000000010433537858
Q12371414	6000000009224909598
Q1237142	6000000059948349867
Q123714547	6000000011080070915
Q123714548	6000000001503956099
Q123714578	6000000010898771618
Q123714579	6000000010898937637
Q123714580	6000000003939672879
Q123714582	6000000001443514055
Q123714997	6000000195712950846
Q123715009	6000000195715489822
Q123715021	6000000195715009851
Q123715032	6000000028837153029
Q123715083	6000000004537116911
Q123715097	6000000000323094088
Q123715154	5236369675530042904
Q123715167	362235502970013931
Q123715180	361264973830012737
Q123715192	6000000000323075916
Q123715239	6000000000323105871
Q123715277	6000000002530678436
Q123715416	6000000000462661958
Q123715495	6000000007370107048
Q12371557	6000000010598126568
Q12371558	6000000021568788598
Q12371564	6000000018377786574
Q12371566	6000000009944225697
Q12371568	2034493
Q12371575	6000000084688048936
Q12371579	6000000002853562090
Q12371600	6000000007495239210
Q12371605	6000000008951046113
Q12371608	6000000012748512941
Q12371611	6000000012776648358
Q12371612	6000000042235233151
Q12371616	6000000022512564098
Q123716378	6000000115424305920
Q123716391	6000000104983239177
Q123716396	6000000104983354122
Q12371660	6000000027414623319
Q12371673	6000000018391798015
Q12371675	6000000018406119089
Q12371676	6000000025768983456
Q12371677	6000000022407017282
Q12371678	6000000017166336540
Q12371683	6000000017299240160
Q12371687	6000000008907549576
Q12371691	6000000008961180931
Q12371693	6000000004326084959
Q12371697	6000000030120603295
Q12371698	6000000021274458510
Q12371701	6000000032891482949
Q12371702	6000000081920608989
Q12371705	6000000007538263155
Q12371710	6000000011634275267
Q12371711	6000000011623330764
Q12371714	6000000016777321773
Q12371715	6000000022524400766
Q12371717	6000000009106053897
Q12371718	6000000008960454374
Q12371720	6000000003817973044
Q123717204	5081185358320117272
Q123717205	6000000000284791149
Q123717207	6000000002889850023
Q123717209	5081185379490117278
Q12371721	6000000003190097338
Q123717210	5081208757080134416
Q123717211	6000000003937759077
Q123717216	6000000002459891377
Q123717224	6000000000284708538
Q123717225	6000000000090784629
Q123717226	6000000000123048243
Q123717228	6000000002930946755
Q123717233	6000000000284867084
Q123717234	6000000000088492826
Q123717236	6000000003714769102
Q123717238	6000000008761934890
Q12371726	6000000178398086867
Q123717285	6000000002418779424
Q123717724	6000000014177824854
Q123717726	6000000045118914976
Q123717727	6000000002827560420
Q123717728	6000000012460711280
Q123717739	6000000002889501514
Q123717832	6000000003939045216
Q1237183	6000000179077747829
Q1237192	6000000145525298836
Q123719289	6000000003000712403
Q123719386	6000000015934688818
Q12372037	6000000015125557554
Q12372040	6000000016770456150
Q12372045	6000000018391080673
Q12372046	6000000015127626945
Q12372047	6000000017259608458
Q12372055	6000000052000556009
Q12372070	6000000009473385860
Q12372076	6000000018944750276
Q12372082	6000000006834511686
Q12372083	355388724320013253
Q12372088	6000000007112131428
Q12372096	6000000020515750130
Q12372102	6000000009609755167
Q12372147	6000000007990257424
Q12372149	6000000009206812175
Q12372166	6000000026600656122
Q12372171	6000000011280883609
Q12372184	6000000027374789112
Q12372191	6000000014273786017
Q1237220	6000000177317524915
Q12372202	6000000027000418703
Q12372215	6000000019414695072
Q12372237	6000000123457090168
Q12372240	6000000008668454233
Q12372242	6000000008492845835
Q12372245	6000000008535215925
Q123722570	6000000012300031258
Q123722679	6000000003939121829
Q123722693	6000000002928636300
Q123722734	6000000002928589840
Q123723003	6000000006659408001
Q12372338	6000000018377695677
Q12372339	6000000024381321014
Q12372342	6000000015124862055
Q12372345	6000000028899680249
Q12372349	6000000015626317075
Q12372354	6000000011625232527
Q123723564	6000000015200883911
Q123723569	6000000024639156196
Q123723582	6000000009085046509
Q123723613	6000000014560124920
Q123723620	1946826
Q123723631	6000000014560235798
Q123723739	6000000000757673572
Q123723756	6000000003939045171
Q123723769	6000000006290062915
Q12372394	6000000026177615049
Q123723984	6000000003940156282
Q1237240	6000000002043241697
Q123724002	6000000004237689031
Q123724052	6000000000475164867
Q1237242	6000000073111452946
Q1237246	6000000017374031019
Q1237247	6000000045381183854
Q12372523	6000000002726598054
Q12372567	6000000018471555278
Q1237262	6000000151118844921
Q12372646	6000000012071272812
Q1237265	6000000069480218389
Q1237268	6000000015340471690
Q123727143	6000000018416443529
Q12372754	6000000011025610798
Q12372778	6000000008002410481
Q1237280	6000000163820341826
Q123728050	6000000013074113891
Q123728063	6000000006290092421
Q123728203	6000000004630706277
Q123728245	6000000001733237201
Q123728296	6000000004630761391
Q123728615	6000000001647142077
Q123728757	6000000001646780143
Q123728761	6000000001648916589
Q123728793	6000000001656207769
Q123728807	6000000001656621772
Q123728822	6000000010259840307
Q123728886	6000000001656430007
Q123728902	6000000001656658722
Q123728916	6000000003075652484
Q123729070	6000000001656756304
Q123729085	6000000006727986033
Q123729212	6000000000436253931
Q123729235	6000000009766394805
Q123729249	6000000000396787953
Q123729264	6000000000436484917
Q123729309	6000000001646700323
Q123729323	6000000002950483399
Q123729427	6000000003077225670
Q123730798	6000000022953337840
Q123731	6000000062442050059
Q123732896	6000000049812633061
Q123732915	6000000010380154576
Q123732931	6000000067249206947
Q123732946	6000000003939205008
Q123732979	6000000049813157915
Q123732998	6000000003939216857
Q123733017	6000000003147128375
Q123734032	6000000180896364907
Q123734168	6000000012442551214
Q123734414	6000000201733912821
Q12373443	6000000070078094391
Q123734527	6000000201732147828
Q123734629	6000000166413396929
Q123734753	6000000046011918909
Q123734756	6000000019858698212
Q123734771	6000000035022405539
Q123734814	6000000000921421047
Q123734815	6000000000491098710
Q123734816	343823839220011179
Q123734824	5372036238800041414
Q123734825	6000000003490662734
Q123734842	6000000063928585905
Q123734844	6000000191600227829
Q123734845	6000000001402435239
Q123734850	6000000003938265336
Q123734866	6000000190404054852
Q123734870	6000000191600349833
Q123734872	6000000032322624578
Q123734874	6000000003939869202
Q123734876	6000000018111275253
Q123734877	6000000002930832845
Q123734878	6000000000817281040
Q123734879	6000000008161645770
Q123734881	6000000008161335981
Q123734885	6000000001905055071
Q123734890	6000000063928640884
Q123734891	6000000063928708821
Q123734892	6000000019616646885
Q123734893	6000000199484569843
Q123734894	6000000007410523543
Q123734897	6000000006440536235
Q123734898	6000000006440556431
Q123734950	6000000022988953868
Q123734954	6000000022988509054
Q123734956	6000000022988590286
Q123734959	6000000003939726187
Q123734962	6000000007417490219
Q123734967	6000000003937957921
Q123734969	6000000004047182756
Q123734970	6000000003938241638
Q123734978	6000000010442589993
Q123734990	6000000006110934972
Q123734992	6000000081356526609
Q123734994	6000000003940635750
Q123734995	6000000000293439995
Q123734996	6000000000293501714
Q123734997	6000000003938241671
Q123734998	6000000003938241625
Q123735005	6000000010442589998
Q123735010	6000000011031107424
Q12373519	6000000018808611211
Q12373521	6000000022231267467
Q123735280	6000000011356694139
Q123735295	6000000011356694144
Q123735509	6000000053714670831
Q123735510	6000000031846138607
Q123735512	6000000031846088471
Q123735513	6000000002908227305
Q123735514	6000000001795518595
Q123735516	6000000002908226359
Q123735527	6000000026548478573
Q123735528	6000000003940299964
Q123735529	6000000003940299882
Q123735531	6000000004085002214
Q123735535	6000000003145159021
Q123735835	6000000078765148821
Q123735862	6000000011010464927
Q12373662	6000000011820036894
Q123736916	6000000007348787281
Q123736954	6000000009086072794
Q123736966	6000000017894074607
Q123737054	6000000006418696677
Q123737057	6000000017893969284
Q12373743	6000000003056894573
Q12373754	6000000035699025055
Q12373766	6000000002487048690
Q12373774	6000000008219927394
Q12373785	6000000007759296641
Q12373793	6000000018898516321
Q12373794	6000000015864241508
Q12373796	6000000022407052312
Q12373799	6000000017836131010
Q12373803	6000000063698642038
Q12373804	6000000011591777395
Q12373805	6000000024903713356
Q12373834	6000000018405361732
Q1237386	6000000022697010695
Q12373881	6000000026149814703
Q12373886	6000000025929726845
Q12373888	6000000017785084004
Q123738885	6000000048280163079
Q1237389	6000000009776128342
Q12373890	6000000025238226953
Q12373891	6000000035437325918
Q12373893	6000000012072170432
Q123738990	6000000148431510833
Q12373905	6000000022146218085
Q1237391	6000000001713383244
Q12373913	6000000007156387241
Q12373930	6000000008217996296
Q123739329	6000000205077298827
Q123739467	6000000021660669029
Q123739474	6000000021660423565
Q123739483	6000000021659486766
Q123739511	6000000026451790845
Q123739632	6000000026451552305
Q123739731	6000000036171381415
Q123739966	296055123000005500
Q123740	6000000014831828291
Q123740015	6000000172472737211
Q123740018	6000000198931912821
Q123740047	6000000089169511967
Q123740050	6000000089169511971
Q123740167	6000000198932224858
Q123740173	6000000198932295834
Q123740397	6000000012965068195
Q123740935	6000000089123773996
Q12374113	6000000009447205454
Q12374120	6000000020272824058
Q12374121	6000000025740783234
Q12374122	6000000020730030619
Q12374139	6000000025297392709
Q12374157	298465559460008049
Q123741760	6000000080246710208
Q12374186	6000000027520771773
Q123741870	6000000021146550201
Q12374189	6000000007520136745
Q12374199	6000000019284000746
Q123742526	6000000192712895840
Q123742618	6000000163831803691
Q12374266	6000000007400637029
Q12374268	6000000006106460155
Q12374270	6000000020959103594
Q12374272	6000000008996663045
Q12374282	6000000011917562733
Q12374286	6000000021411353397
Q12374288	6000000007708689772
Q12374299	6000000009609040443
Q12374300	6000000006802801397
Q123743054	6000000200902519837
Q12374353	6000000029302090873
Q12374354	6000000021683617280
Q12374358	6000000007387176739
Q12374361	6000000006935689039
Q12374374	6000000031004509735
Q123744009	6000000042549513089
Q1237450	6000000156644503827
Q123745636	6000000000682203732
Q123745717	6000000000682046024
Q123745963	6000000203181475833
Q12374629	6000000008670980105
Q12374637	6000000011196461402
Q123746504	6000000200916051822
Q12374658	6000000017761537804
Q12374659	6000000011591054674
Q123747	6000000169998313060
Q123747317	6000000200916473829
Q123748622	6000000062728529059
Q1237487	6000000038553411403
Q12374890	6000000019986673439
Q123749296	6000000200918703884
Q123749377	6000000014293735409
Q123749481	6000000039436626830
Q123749482	6000000077612835838
Q1237496	6000000002327385476
Q12374973	6000000010950611637
Q123750	6000000082017617316
Q12375028	6000000008124821723
Q12375035	6000000007264148167
Q123751797	6000000022331953666
Q123752058	6000000209460358828
Q123752124	6000000001953525008
Q123752169	6000000001736117447
Q123752685	6000000035967840575
Q123753441	6000000016582436728
Q12375428	6000000019278522145
Q123754419	6000000130277892899
Q123754615	6000000152290766838
Q123754641	6000000014177444219
Q12375619	6000000022573379568
Q123756219	6000000034974942850
Q123756253	6000000188229180821
Q123756298	6000000188228108894
Q123756310	6000000151139512024
Q12375640	6000000047628106875
Q1237569	6000000041923762021
Q123757	6000000022526326262
Q123757250	6000000188229660851
Q123757777	6000000022303468505
Q123758249	6000000052307479954
Q1237584	6000000182427544847
Q123760088	6000000041826264898
Q12376034	6000000007598021784
Q12376040	6000000006328643308
Q123761	6000000022471114473
Q12376103	6000000008293833441
Q1237621	6000000030835709896
Q1237628	6000000021552214205
Q123762842	6000000200959321862
Q123762981	6000000200960162829
Q123763359	6000000017045687048
Q123763366	6000000200960758839
Q123763507	6000000019273152104
Q123763545	6000000186258057872
Q123763665	6000000078759418839
Q123763704	6000000019494103021
Q12376373	6000000007442327953
Q123763907	6000000019226100079
Q123764435	6000000082446855846
Q123764557	6000000027252317114
Q123764630	6000000018666115074
Q123764927	6000000018666070224
Q1237651	3023811
Q123765772	6000000042440006110
Q12376581	6000000005766376017
Q12376733	6000000015105637270
Q1237680	6000000081064905847
Q12376822	6000000042123171437
Q12376823	6000000015906121715
Q12376827	6000000017785074164
Q12376828	6000000015125703102
Q12376830	6000000010674254743
Q12376831	6000000024277126747
Q12376832	6000000011591136322
Q12376833	6000000033212878856
Q1237685	6000000016371532103
Q12376907	6000000002781995916
Q12376941	6000000008734421994
Q12376970	6000000040784277262
Q12376984	6000000008293718419
Q123770	6000000031684385018
Q12377006	6000000026036899056
Q12377033	6000000001641476120
Q12377081	6000000000904142641
Q12377087	6000000050019275906
Q12377097	6000000008405140019
Q12377125	6000000007563407471
Q1237750	6000000195088494844
Q12377501	6000000014072664419
Q12377503	6000000012138159693
Q12377526	6000000010340121862
Q12377529	6000000011316726594
Q12377535	6000000007520249303
Q12377538	6000000007242422639
Q12377539	6000000003318988125
Q123775491	6000000013048578909
Q12377586	6000000008969942216
Q12377587	6000000007372277353
Q123776	313672122440003609
Q1237763	6000000002417110145
Q1237765	6000000016255748257
Q12377734	6000000009403011528
Q1237776	6000000151393313856
Q12377774	6000000003271743276
Q12377775	6000000009752775457
Q12377779	6000000009331195375
Q12377780	6000000010482449172
Q12377787	6000000004572761146
Q12377807	6000000006422188169
Q12377824	6000000002360371485
Q12377826	6000000173872962016
Q12377842	6000000003645250194
Q12377866	6000000060743607861
Q12377988	6000000009633903712
Q12378031	6000000013036315162
Q12378043	6000000009531183177
Q12378059	6000000016275833876
Q12378061	6000000007643616342
Q12378062	6000000020361454735
Q12378065	6000000017627413538
Q12378075	6000000007882453279
Q12378174	6000000015896564081
Q12378191	6000000007329818400
Q12378193	6000000005953560772
Q12378195	6000000020771439217
Q1237824	344400562200012719
Q1237830	6000000030259327409
Q1237832	348917636840011484
Q12378328	6000000012052859042
Q12378408	6000000013621305237
Q12378414	6000000008720103125
Q12378419	6000000019338983149
Q12378428	4749878058110039839
Q12378433	6000000008681364890
Q12378439	6000000003419523933
Q12378445	6000000004076913474
Q123784484	6000000014945452057
Q12378482	6000000002308043266
Q123784933	6000000006910675611
Q12378494	6000000006573928013
Q12378496	6000000021354084904
Q1237854	6000000015996762876
Q123785474	6000000077429395973
Q123785568	6000000027521389090
Q123785660	6000000096113993413
Q123785904	6000000023385759974
Q12378595	6000000007508084037
Q12378628	6000000011708836571
Q12378640	6000000020448599164
Q12378692	6000000008120506322
Q12378697	6000000007962821843
Q12378722	6000000007253699298
Q12378791	6000000009973926000
Q12378795	6000000013126933834
Q12378837	6000000008851608543
Q12378851	6000000011346032566
Q12378854	6000000008161145395
Q12378855	6000000010429475669
Q12378857	6000000037049276985
Q12378863	6000000019581887329
Q12378867	6000000017263034086
Q12378882	6000000010092240506
Q12378886	6000000002510389302
Q12378972	6000000002171926139
Q123791	6000000104935002860
Q1237915	6000000046872154874
Q12379175	6000000017785347415
Q12379180	6000000020306452006
Q12379181	6000000008636189321
Q12379181	6000000015594488545
Q1237919	6000000016560695911
Q12379209	6000000014459504584
Q12379210	6000000018171550253
Q12379211	6000000025781635038
Q12379212	6000000020409894876
Q12379213	6000000015905958667
Q12379215	6000000038270972935
Q12379218	6000000022491821264
Q12379222	6000000010630360346
Q12379223	6000000016826944030
Q12379226	6000000111306433835
Q12379240	6000000019221791763
Q12379256	6000000016826486088
Q12379257	6000000016820874496
Q12379259	6000000020487464097
Q12379261	6000000024526865744
Q12379262	6000000016820854698
Q12379267	6000000017617871860
Q12379268	6000000025238440839
Q12379273	6000000004323431053
Q12379274	6000000213712243824
Q1237930	6000000021477437604
Q12379326	6000000011978488033
Q12379331	6000000177444450821
Q12379350	6000000005725410002
Q12379374	6000000005762917210
Q12379591	6000000007546602569
Q12379602	6000000007392898626
Q12379609	4945232430410019337
Q12379642	338997284370010523
Q12379645	6000000013185510693
Q12379686	6000000003352683211
Q123797	6000000002765855933
Q123799	6000000028891264168
Q1238009	6000000005759998220
Q1238036	6000000145870555332
Q123807	6000000035533215686
Q1238103	6000000009775452284
Q1238108	6000000015163529663
Q1238144	6000000012416171557
Q1238180	6000000018697848036
Q1238190	6000000005360500005
Q123819157	6000000201006704822
Q1238214	6000000015163923120
Q123821779	6000000079505100098
Q123821797	6000000079505337832
Q123821800	6000000079504779004
Q123822231	6000000018383399390
Q123822395	6000000060744579012
Q123823	6000000046714264884
Q123823220	6000000040177970478
Q123823225	6000000203704958848
Q123824187	6000000112906229824
Q123824567	6000000112906224871
Q123825021	6000000003362672102
Q123825053	6000000003791614628
Q123827634	6000000129046562256
Q1238277	6000000019230889410
Q123829	6000000010555712441
Q123830696	6000000002703842726
Q12383071	6000000011757283630
Q1238321	6000000150858234984
Q123836	6000000136783593887
Q1238366	6000000026215335219
Q1238368	6000000178401716827
Q1238463	6000000177000650854
Q123849454	6000000209424046920
Q123849506	6000000209423985892
Q1238513	6000000024888737406
Q123853132	5407437801660113734
Q123853247	6000000022642578969
Q1238538	6000000077546304752
Q123853957	6000000022643184635
Q1238543	6000000181919258840
Q123854871	6000000017442081968
Q1238565	6000000031417284420
Q123857455	6000000005597442109
Q123857465	5212555702470024254
Q123857466	5212543460310135903
Q123857467	5212527899950042773
Q123857469	5212519318180042578
Q123857470	6000000001212921528
Q123857471	5212536229320089301
Q123857472	6000000003937796872
Q123857473	366394931710013444
Q123857475	6000000003937800087
Q123857477	5212488049700106922
Q123857481	5212523578420079105
Q123857482	6000000001212921618
Q123857484	6000000005912442274
Q123857486	6000000003937796878
Q123857487	6000000003468226774
Q123857488	6000000003468400388
Q123857501	6000000014152300547
Q123857512	5212551535530089650
Q123857569	5349390678850020002
Q123857570	4840180802450017251
Q123857573	5226676473050063995
Q123857575	4840150204800091633
Q123857576	4840096617250120806
Q123857577	4838907291310052547
Q123857579	6000000006244655192
Q123857580	6000000006348687482
Q123857582	6000000006348687492
Q123857588	5349383466520029725
Q123857589	5349378421100020285
Q123857590	6000000002663261734
Q123857591	5333457065510067821
Q123857595	5333462071810085640
Q123857596	5349378451480020291
Q123857610	5349383482170029731
Q123857617	6000000000412532986
Q123857632	6000000000412709170
Q123857636	6000000025797926892
Q123857641	6000000011004698430
Q123858067	6000000011545060295
Q123858119	6000000085377582096
Q123858127	6000000085377298397
Q123858144	5093376974900062710
Q123858199	6000000085378472855
Q123858203	6000000176506525835
Q123858614	6000000085378406865
Q1238593	5266940077490068264
Q123859519	6000000000609968842
Q123859521	6000000007773482528
Q123859523	6000000000766335139
Q123859538	6000000085375852370
Q123859624	6000000025799989982
Q123859637	6000000000664804458
Q123859639	6000000130272871073
Q123859651	6000000000664804370
Q123859679	6000000025511726742
Q123859680	6000000025511578330
Q123859725	6000000000688900843
Q123859726	6000000000688911966
Q123859728	6000000001392851395
Q123859729	6000000000688914670
Q123859731	6000000000688914929
Q123859734	6000000001579519416
Q123859768	6000000029204185922
Q123859770	6000000080603884834
Q123859772	6000000080603613017
Q123859774	6000000029220524867
Q123859824	6000000028341818478
Q123860037	6000000007632442651
Q123860044	6000000012224547643
Q123860067	6000000005229676380
Q123860496	6000000201059825883
Q123860747	6000000201060965822
Q1238608	6000000018067846973
Q123860999	6000000201062193822
Q123861459	6000000017614560067
Q123861479	6000000011635046913
Q123861620	6000000014653145562
Q123862013	6000000008752308567
Q1238622	6000000024486472896
Q123862244	6000000034280577279
Q123862247	6000000088792795229
Q123862251	6000000034280454281
Q123862254	1867967
Q123862262	1868079
Q123862278	1868083
Q123862320	6000000034317525141
Q123862370	6000000008517780976
Q123862459	6000000001384215101
Q123862481	6000000003003890539
Q123862482	6000000030925164001
Q123862484	6000000020651198195
Q123862491	6000000184126324830
Q123862493	6000000174966306003
Q123862502	6000000003003956470
Q123862504	6000000001384211764
Q123862656	6000000014068715311
Q123862674	6000000023757623488
Q123862675	6000000201068933836
Q123862676	6000000009369691561
Q123862677	6000000009366236505
Q123862679	6000000000438409272
Q123862688	6000000004653034332
Q123862696	6000000009366294290
Q123862697	6000000009365561148
Q123862699	6000000006444334919
Q123862700	6000000014878383130
Q123862760	6000000001384337509
Q123862762	6000000001384058639
Q123862777	6000000020351619182
Q123862778	6000000012656479261
Q123862783	6000000012656525533
Q123862786	6000000012656381853
Q123862790	6000000012656598483
Q123862791	4054599
Q123862798	6000000001713431965
Q123862799	4054632
Q123862800	6000000000400970081
Q123862806	6000000201069568875
Q123862897	6000000015106681021
Q123862903	6000000058036164226
Q123862908	6000000019023055337
Q123862910	6000000006606200048
Q123862912	6000000010191263959
Q123862913	6000000010190925448
Q123862914	6000000000426556603
Q123862918	6000000001080417514
Q123862919	6000000000941928220
Q123862926	6000000006606173633
Q123862928	6000000006606049830
Q123862930	6000000003937243606
Q123863043	6000000201096139877
Q123863188	6000000022131416004
Q1238635	6000000002765241675
Q123865235	6000000001180353545
Q1238654	6000000021153506969
Q123865549	6000000019985087064
Q123865577	6000000153989444952
Q123867	6000000000129400130
Q12386964	6000000010073175164
Q1238708	6000000045897973119
Q123873	6000000046350917821
Q123877700	6000000015025749704
Q123878	6000000078211143922
Q123878123	6000000003172065738
Q123878137	6000000003938408086
Q123878152	6000000003938340568
Q123878346	6000000015026219479
Q1238784	6000000013630987979
Q1238810	6000000046075450847
Q1238811	6000000006591184332
Q12388370	6000000076880756693
Q123883848	6000000190885262845
Q12388716	6000000020943305726
Q1238872	6000000035847925788
Q123887769	6000000042057747339
Q123887894	6000000042057863064
Q1238888	6000000015384917529
Q1238891	6000000015086108036
Q1238904	6000000145229212834
Q123892385	6000000069466056908
Q1238954	6000000028203505056
Q1238962	6000000018589432187
Q123898	6000000076097148279
Q1238996	6000000027167703184
Q123900271	6000000007922744698
Q123900275	6000000019874683234
Q123900317	6000000007418372515
Q123900320	6000000007417714415
Q123900321	6000000007418058845
Q123900322	6000000007053232443
Q123900419	6000000019028358007
Q123900421	6000000007257100469
Q123900438	6000000031396193443
Q123900439	6000000019028087075
Q123900455	326729876380001755
Q123900475	326731341000002684
Q123900569	6000000002963912875
Q123900570	6000000002963932616
Q123900571	6000000007922619983
Q123900608	6000000010449567307
Q123900609	6000000015519537948
Q123900612	6000000035984246123
Q123900613	6000000000508902724
Q123900615	366948964440012451
Q123900618	366949157320012476
Q123900629	6000000010411911609
Q123900631	6000000010442546814
Q123900633	6000000023558058071
Q123900635	6000000003111418372
Q123900636	6000000010408969315
Q123900637	6000000007079252070
Q123900639	4783358423340076058
Q123900643	6000000007078942526
Q123900646	6000000023557520560
Q123900648	6000000000960543163
Q123900792	6000000000323076081
Q123900807	5426972528180086421
Q123900809	5426964610430131020
Q123900811	6000000000250143500
Q123900812	6000000000250136078
Q123900813	6000000000250136089
Q123900832	6000000006963986003
Q123900833	6000000000323075822
Q123900837	321615716640007181
Q123900840	322449822030004062
Q123900847	6000000005912197417
Q123900849	6000000000954374593
Q123900850	6000000000954223326
Q123900856	6000000005912184952
Q123900857	6000000005912198736
Q123900858	6000000005912198743
Q123900868	366503908970013509
Q123900873	366503117010013519
Q123900875	6000000029575176351
Q123900876	6000000024681946925
Q123900878	6000000004994043122
Q123900879	6000000003649673171
Q123900880	6000000001069521038
Q123900895	6000000029165988488
Q123900896	6000000041092786169
Q123900899	6000000029166255531
Q123900900	6000000002944923566
Q123900901	6000000016625243162
Q123900908	6000000016625146202
Q123900909	4271151500480042709
Q123900911	6000000002945402039
Q123900912	6000000029165865717
Q123900913	6000000000670137468
Q123900914	6000000033838044953
Q123900924	6000000026065473609
Q123900925	6000000003323191542
Q123900941	6000000016576322605
Q123900950	6000000020351642166
Q123900954	6000000016575888073
Q123900956	6000000024938814142
Q123900963	6000000087121621823
Q123901005	6000000046281814445
Q123901590	6000000086751347987
Q123902	6000000046470265932
Q1239022	6000000068368409869
Q123903	6000000156120634824
Q123903740	6000000009120899852
Q123903987	6000000014653482518
Q123904049	6000000016457728456
Q123904728	6000000201098738822
Q12390506	6000000005572492161
Q1239051	6000000035238017065
Q123905249	6000000201100383822
Q123906	6000000105772534910
Q123906528	6000000006127131606
Q123906974	6000000033242764856
Q123906982	6000000033242646388
Q123906990	6000000000321938025
Q123907023	6000000022131398596
Q1239072	6000000015412349164
Q123907327	6000000201111605830
Q123907423	6000000201111938832
Q1239075	6000000029015054684
Q12390750	6000000058821165278
Q123907782	6000000201114177826
Q123907900	6000000010774207883
Q123908070	6000000201114909862
Q12390809	6000000037341645205
Q1239082	6000000027213329085
Q123908203	6000000081593936821
Q123908235	6000000018697531194
Q123908576	6000000201117522838
Q123908667	6000000110290333929
Q123908761	6000000201119507835
Q123908774	6000000025429105639
Q123908811	6000000000250136102
Q123908812	6000000016566335360
Q123908813	6000000016566048670
Q123908814	357514887180010521
Q123908818	6000000016566403011
Q123908819	6000000012721365503
Q123908820	6000000000421514106
Q123908825	5339495814770086452
Q123908826	6000000002442984403
Q123908827	6000000002442945332
Q123908830	6000000002443558422
Q123908831	6000000002442997109
Q123908833	6000000002442934341
Q123908898	5217222624250089801
Q123908899	5217210445880063161
Q123908902	5217194682630127042
Q123908904	5217182174970089819
Q123908917	6000000014169001721
Q123908918	6000000002443597034
Q123908956	6000000001503956361
Q123909016	6000000051585898913
Q123909017	6000000003075941528
Q123909018	6000000003076973810
Q123909023	6000000002447358049
Q123909038	367423806510011977
Q123909040	367423259610003842
Q123909046	367407053150002996
Q123909097	6000000009375838889
Q123909101	6000000020944776706
Q123909103	6000000020944770732
Q123909104	6000000001288722539
Q123909106	6000000001285855287
Q123909109	6000000000250136138
Q123909150	366995102860002994
Q123909152	366981651790012478
Q123909155	366993977770003811
Q123909159	6000000000323076168
Q123909162	6000000000421911098
Q123909164	6000000008640834720
Q123909169	6000000000421918022
Q123909170	6000000008640866511
Q123909176	6000000000408845485
Q123909178	6000000004020707656
Q123909184	6000000001587854776
Q123909395	6000000016793324800
Q123909872	6000000007815762418
Q123909968	6000000015483217347
Q123909985	6000000015074181250
Q123910006	6000000012391895939
Q12391004	6000000037341286768
Q123910044	6000000047969840073
Q123910146	6000000024956014291
Q1239102	6000000137397600825
Q123910336	6000000016457845147
Q123910337	6000000016457662920
Q123910339	6000000016457793312
Q123910341	6000000016457549645
Q123910745	6000000001399471831
Q123910854	6000000022948090000
Q123910856	6000000007844617462
Q12391135	6000000026762333709
Q12391162	6000000033157069369
Q1239118	6000000031229189908
Q1239122	6000000182728278836
Q12391234	6000000083339934358
Q12391242	6000000078384488686
Q123912830	6000000034795183884
Q123912832	6000000040597711946
Q123912936	6000000055100168857
Q123912996	6000000000756237256
Q123913202	6000000036432480180
Q12391336	6000000011332888367
Q123913596	6000000013216971514
Q12391361	6000000018752842010
Q1239138	6000000043793817140
Q1239139	6000000059763438066
Q123913970	6000000013321026182
Q123914487	6000000093379919846
Q123914585	6000000015184136967
Q123914917	6000000016750009844
Q123915019	6000000044360565927
Q1239152	6000000073324874867
Q123915274	6000000201145350900
Q123915455	6000000016751355001
Q123915666	6000000189962929827
Q123915723	6000000201173270876
Q123915744	6000000039659210443
Q123915819	6000000022189007182
Q123915835	366935023720005973
Q123915836	366922676490012431
Q123915837	362235942930005461
Q123915838	362229985290005457
Q123915871	5219965607550089859
Q123915882	6000000000492606644
Q123915883	6000000028278336493
Q123915883	6000000056929300141
Q123915894	6000000056928665059
Q123915895	6000000000491273010
Q123915899	6000000000491273001
Q123915901	6000000025427375865
Q123915930	6000000010601563462
Q123915969	6000000005415223771
Q123915972	6000000007417883491
Q123916	6000000175598757877
Q123916006	6000000007417656422
Q123916007	6000000007417678293
Q123916008	6000000007418636164
Q123916012	6000000021513874730
Q123916013	6000000001959051309
Q123916014	6000000005964206258
Q123916015	6000000005962349110
Q123916084	6000000016495699417
Q123916092	366987379160005950
Q123916097	366968457600013682
Q123916110	6000000016495459792
Q123916111	6000000004308695712
Q123916115	6000000006962297149
Q123916117	6000000001588414105
Q123916120	6000000006961958382
Q123916122	6000000004308905182
Q123916125	366986595100013697
Q123916128	6000000005747954114
Q123916144	6000000006241820915
Q123916178	6000000000323075953
Q123916201	6000000000323075832
Q123916203	4841100346490022971
Q123916204	6000000005908819836
Q123916221	5350093860880075626
Q123916222	5350249477250029889
Q123916270	6000000007418205493
Q123916272	6000000000250138392
Q123916274	6000000003940577515
Q123916277	6000000000250136625
Q123916278	6000000007418380553
Q123916281	6000000006290383824
Q123916282	6000000007418443040
Q123916283	6000000007418112451
Q123916286	6000000001316245930
Q123916288	6000000007053352168
Q123916290	6000000000426706396
Q123916291	6000000007418112462
Q123916292	344366912660011656
Q123916296	6000000007418462236
Q123916301	6000000000426747059
Q123916305	6000000000426637577
Q123916307	6000000006444441610
Q123916311	6000000000426746918
Q123916316	6000000006444441605
Q123916323	2810846
Q123916547	6000000012646915717
Q123916548	6000000000426682653
Q123916561	6000000003940081717
Q123916563	6000000000618974306
Q123916829	6000000011393039044
Q123916844	6000000011393085908
Q123916933	361971860320012010
Q123916934	361974805950011873
Q123916956	361227486350012595
Q123916959	6000000001579339217
Q123916963	6000000002741931331
Q123916972	362187856490007074
Q123916991	363669515310010548
Q123916992	363630756430013505
Q123916994	363668806130011614
Q123916995	5333079876020057829
Q123916997	4838894041520021638
Q123916998	5333111610130046497
Q123917009	6000000000056477886
Q1239171	6000000014263320225
Q123917143	6000000004882525591
Q123917144	6000000004882636252
Q123917148	6000000004882470907
Q123917149	6000000006430744203
Q123917165	6000000000180760764
Q123917168	6000000016457878057
Q123917220	6000000178193981911
Q1239176	6000000049043355822
Q123917835	6000000090932295839
Q123917845	6000000090932295844
Q123918	6000000085486762341
Q1239199	6000000000153768838
Q123920672	6000000042465143907
Q123920755	6000000042465187822
Q123920840	6000000042465258826
Q123920930	6000000042464864802
Q123920951	6000000042465384799
Q123920961	6000000042465936917
Q1239212	6000000033316365938
Q123924566	6000000218707825829
Q123924630	6000000039657948736
Q12392474	6000000029641628284
Q123925	6000000013489637355
Q1239254	6000000049831098965
Q123925975	6000000025429077704
Q123926	6000000040175171914
Q123927403	6000000024618192185
Q123928773	6000000003939687154
Q123928803	6000000003937957353
Q123928822	328992093960007400
Q123928825	6000000008672907488
Q123928830	6000000000550085101
Q12392892	6000000014684487695
Q123929538	6000000201174342836
Q1239297	6000000030793926507
Q123929931	6000000201175212826
Q123930074	6000000031986363856
Q123930075	6000000031986737959
Q123930076	6000000018476513357
Q123930078	5357533559270051262
Q123930079	6000000000117957563
Q123930081	6000000031985982504
Q123930082	6000000001384264620
Q123930087	4043125738620037353
Q123930089	4043139485760020608
Q123930092	4043072984440037596
Q123930094	6000000001384264504
Q123930095	6000000003938982473
Q123930097	6000000002975035814
Q123930101	6000000000050073617
Q123930103	6000000083552821853
Q123930116	6000000002173100962
Q123930131	6000000061385266906
Q123930409	6000000000087485792
Q123930436	6000000003747090688
Q123930530	6000000000087599566
Q123930622	358392896160011954
Q123930648	6000000000287547248
Q123931551	6000000008494888681
Q123931579	6000000001069499940
Q123931648	6000000003636326257
Q123931795	6000000001384022729
Q123932511	6000000001328550300
Q123932645	1222245
Q12393314	6000000056438680478
Q123933368	6000000201177101845
Q1239344	6000000012058553025
Q123935770	6000000004052981932
Q123935901	6000000003433801094
Q123938480	6000000046285003046
Q1239390	6000000034420462061
Q12393982	6000000020731728011
Q123940	6000000181061729834
Q123942425	6000000026273766760
Q123942835	6000000066986164862
Q123943118	6000000028656296407
Q123943141	6000000004191201129
Q123943423	6000000039977452854
Q123943704	6000000007221144927
Q1239441	6000000001662159040
Q1239444	6000000024005255976
Q123944575	6000000013210199061
Q123944627	6000000013210137030
Q123944676	6000000077874724151
Q123944685	6000000077874542072
Q123944701	6000000004166004141
Q123945446	6000000022385405237
Q123945564	6000000201199588835
Q123945603	6000000201199281894
Q123945720	6000000201200734832
Q123945728	6000000016681184414
Q123945729	5278617369740025678
Q123945730	5278599531710068503
Q123945731	5215683117790135954
Q123945734	5290032718580028039
Q123945736	6000000016034698591
Q123945739	6000000002663277524
Q123945740	6000000000426647631
Q123945741	5278613727700026043
Q123945744	6000000002735925190
Q123945745	6000000000651970740
Q123945863	6000000018507932112
Q123945869	6000000016072017977
Q123946739	6000000041935755183
Q123946780	6000000038085198159
Q123948990	6000000013216681029
Q123950183	6000000000640314998
Q123950209	5216938466740042626
Q123950232	6000000006956052628
Q123950261	322446262870006410
Q123950497	363661721230001393
Q123950511	6000000000545081548
Q123950540	5358686841070023587
Q123950556	6000000011983056722
Q1239512	6000000133393532837
Q1239514	6000000068087808821
Q123951780	5390594386520136543
Q123951782	6000000003076859221
Q123951795	6000000029422591944
Q123951796	6000000000462430517
Q123951802	6000000010650900382
Q123951803	6000000005782171475
Q123951806	6000000029422452318
Q123951807	6000000003936922670
Q123951808	6000000003936922591
Q123951809	6000000000077837864
Q123952021	6000000001994191854
Q123952053	6000000003937491486
Q123952061	381924450860013399
Q123952062	381924918330013385
Q123952063	381925630680012304
Q123952064	381942540660011353
Q123952065	6000000000595580518
Q123952088	6000000000595648256
Q123952233	6000000009689675917
Q123953855	353595832790002625
Q123955874	6000000021457933755
Q123956	6000000055514412519
Q123956274	6000000075365537838
Q123956527	6000000201222677882
Q123956778	6000000013318792985
Q1239568	6000000031473660980
Q123957727	6000000012992737596
Q1239590	6000000038735074637
Q1239601	6000000123958216860
Q123960561	6000000028304171230
Q1239615	6000000020073523027
Q123962440	6000000023753322810
Q123962675	6000000005579144124
Q1239629	6000000027966471971
Q123964912	6000000201222977904
Q123965100	6000000201223595874
Q123965236	6000000201224514852
Q123965456	6000000024581053994
Q123965683	6000000007258251367
Q1239660	6000000051959633888
Q123966092	6000000201227254845
Q123966371	6000000174748729191
Q123966641	6000000201230166836
Q1239682	5226039205720043032
Q123968676	6000000199026505131
Q1239703	6000000026535325894
Q123971009	6000000201231968822
Q123971161	6000000039851106317
Q123972225	6000000000070487534
Q123972292	6000000000070577204
Q12397408	6000000037381758154
Q12397410	6000000044743727858
Q1239748	6000000043334543572
Q123975	6000000135023749907
Q1239750	6000000140178597931
Q123976701	6000000008852299201
Q1239773	6000000165045488999
Q123977835	6000000008851973130
Q1239790	6000000015724985740
Q123979534	6000000043508388942
Q1239803	6000000064367307833
Q123980847	6000000019478367909
Q123981230	6000000013216435741
Q123981725	6000000013538922225
Q123981734	6000000031413085221
Q123981809	6000000013538923156
Q123981819	6000000031392647384
Q123982	6000000011211449241
Q123982152	6000000067936642076
Q123982245	6000000017943879212
Q123982508	6000000000123051526
Q123982517	6000000000069397358
Q123982522	6000000000069397370
Q123982576	6000000000123018495
Q123982598	292199492960007574
Q123982600	6000000034458855354
Q123982606	6000000002267384172
Q123982616	320259917570003492
Q123982641	6000000002289736120
Q123982643	6000000000194523550
Q123982644	6000000003075910816
Q123982721	6000000000070440745
Q123982731	6000000020723419351
Q12398280	6000000109262993407
Q123982978	6000000000070571371
Q123983051	6000000195671959907
Q123984	6000000011211334223
Q123984138	6000000024831477695
Q123984312	6000000022178559503
Q123984352	6000000082600751024
Q123984563	6000000201254739827
Q123984819	6000000201255752822
Q123985013	6000000201255922824
Q123985063	6000000016050061823
Q123985104	1366782
Q123985113	6000000017121962303
Q123985116	6000000054565319165
Q123985120	6000000024783070034
Q123985338	6000000019241302791
Q123985413	6000000102603896852
Q123985441	6000000008936223637
Q123985447	6000000102208552929
Q123985507	6000000007418047009
Q123985510	6000000001973900528
Q123985516	6000000209554504839
Q123985536	6000000001043304150
Q123985572	6000000040737589609
Q123985574	6000000007418121786
Q123985575	6000000007418121870
Q123985576	6000000008176347795
Q123985584	6000000001891769341
Q123985586	6000000002955691168
Q123985587	6000000007418121736
Q123985590	6000000007417540267
Q123985591	6000000002293937850
Q123985594	306890263800008309
Q123985597	6000000001723017029
Q123985610	6000000007418380825
Q123985611	6000000040737858149
Q123985615	6000000004912943058
Q123985690	6000000004282791361
Q123985692	6000000007418112806
Q123985693	6000000007418047193
Q123985700	6000000007418125628
Q123985701	6000000007418055565
Q123985703	6000000007418047171
Q123985709	6000000007418056838
Q123985710	6000000007418322343
Q123985713	6000000003939398803
Q123985732	6000000007418359121
Q123985733	6000000007418125496
Q123985739	6000000007418125698
Q123985742	6000000007418183480
Q123985743	6000000000196534605
Q123985744	6000000000965960069
Q123985745	6000000002006087860
Q123985813	6000000007418334846
Q123985828	6000000007417883897
Q123985829	6000000007417420934
Q123985831	6000000007418269288
Q123985832	6000000009551148690
Q123985833	6000000009698214063
Q123985835	6000000028752077613
Q123985838	6000000003939509390
Q123985839	6000000000491107246
Q123985862	6000000000490966282
Q123985869	6000000009551104529
Q123985871	6000000176066321822
Q123985872	6000000004882141469
Q123985873	6000000002503036061
Q123985875	6000000002502812478
Q123985977	6000000173074243951
Q123986093	6000000041539332493
Q123986205	6000000041539072734
Q123986431	6000000056619090825
Q123986434	6000000024247117146
Q123986465	6000000056410856826
Q123986487	6000000052801766985
Q123986516	6000000052801297260
Q123986551	6000000056457293858
Q123986594	6000000195994867822
Q123987	6000000011088220350
Q123987182	6000000059644805874
Q123987230	6000000015444663021
Q123987910	6000000033573265434
Q123988489	6000000002239970893
Q123989137	6000000017198908119
Q123989141	6000000017198880624
Q123989144	6000000000513452477
Q123989154	6000000000513705112
Q123989482	6000000037692475908
Q123989576	6000000002199403112
Q1239896	6000000117817737983
Q123989621	6000000001657778203
Q123990831	6000000009226788592
Q123991250	6000000018106532548
Q1239913	6000000043433850024
Q123991314	6000000011646502829
Q123991328	6000000018106622772
Q123991331	6000000018106761641
Q123991371	6000000144547632828
Q123991373	6000000024306169731
Q123991374	6000000024306451908
Q123991375	6000000000426773533
Q123991436	6000000009944173423
Q123991444	6000000004069231896
Q123991445	6000000023839032858
Q123991445	6000000024306654482
Q1239915	6000000002184343485
Q123991538	6000000024306422018
Q123991553	6000000000251758877
Q123991555	6000000000251830110
Q12399158	6000000007793628619
Q123991599	6000000014046714212
Q123991600	6000000014046730119
Q123991702	6000000003217043879
Q123991732	6000000003213921452
Q123991740	6000000003114053889
Q123991760	6000000072243365878
Q123991783	6000000000426621975
Q123991785	6000000003937770330
Q123991805	6000000201283715838
Q123991810	6000000004069238365
Q123991812	6000000003940360670
Q123991817	6000000016117950080
Q123991821	6000000003940360662
Q123991822	6000000001727306245
Q123991823	6000000002293692519
Q123991827	6000000003741205133
Q123991828	6000000003940788877
Q123991829	6000000012800756714
Q123991830	6000000012163691884
Q123991838	6000000007273360848
Q123991859	6000000004005145589
Q123991861	6000000002389882675
Q123991916	6000000003206594477
Q123991990	6000000011476120690
Q123992	6000000002435758040
Q123992154	6000000000251797170
Q123992156	6000000000251841781
Q123992161	6000000010783480627
Q123992162	6000000013385160950
Q123992163	6000000001744942469
Q123992174	6000000001744951195
Q123992196	6000000013113161678
Q123992196	6000000029678041096
Q123992197	6000000000759436471
Q123992269	6000000013113109617
Q123992273	6000000025872977671
Q123992286	6000000025872968744
Q123992289	6000000025873871025
Q123992296	6000000025873874016
Q123992299	6000000006517816477
Q123992301	6000000005424323894
Q123992303	6000000008369935075
Q123992308	6000000000934150510
Q123992345	6000000024683268926
Q12399235	6000000157572470902
Q123992350	6000000024683143374
Q123992355	6000000084655756911
Q123992363	6000000082683811617
Q123992365	6000000000426735932
Q123992382	6000000017620833253
Q123992421	6000000024682874390
Q123992423	6000000024682590667
Q123992425	6000000015495714990
Q123992431	6000000002268627780
Q123992431	6000000024682050611
Q123992640	6000000011081690219
Q1239933	6000000048620001602
Q123994	6000000010505418460
Q12399508	6000000055514869183
Q123995913	6000000025220861179
Q123997506	6000000015125163371
Q123997507	6000000020214960261
Q123997513	6000000015125532184
Q123998132	6000000015339706261
Q123999616	6000000201306833847
Q1240	6000000068522967993
Q1240001	6000000018284687202
Q124000210	6000000190456085940
Q124000247	6000000011635096814
Q124000592	6000000023695629963
Q124000593	3293510
Q124000594	6000000000229602049
Q124000598	6000000003939174640
Q124000599	6000000001258842195
Q124000601	6000000001959070135
Q124000622	6000000018693514041
Q124000623	6000000003938015903
Q124000623	6000000200137353408
Q124000681	6000000003362672206
Q124000693	6000000023695348262
Q124000695	3293525
Q124000698	6000000006409434175
Q124000720	6000000023695612890
Q124000721	6000000013806785079
Q124000724	6000000013806838039
Q124000725	6000000005242176313
Q124000729	6000000013806744616
Q124000733	6000000000770134480
Q124000737	6000000000770375265
Q124000748	6000000073749863003
Q124000755	6000000099999156829
Q124000760	6000000100001571833
Q124000763	6000000006175781929
Q124000767	6000000006175781921
Q124000873	6000000024282480106
Q124000874	6000000185349734872
Q124000875	6000000001382973394
Q124000882	6000000031182885298
Q124000884	6000000031182766501
Q124000885	6000000043973311983
Q124000887	6000000024282533891
Q124000889	6000000067757082842
Q124000892	6000000002766676210
Q124000893	6000000003076862383
Q124000912	6000000006188215593
Q124000950	6000000006444200083
Q124000980	6000000001382973401
Q124000983	6000000000875606242
Q124000998	6000000000682257807
Q124001	6000000002435725119
Q124001034	6000000000475167048
Q124001037	6000000001563222002
Q124001060	6000000014338152747
Q124001072	6000000001892349130
Q124001076	6000000001353920325
Q124001077	6000000000781019748
Q124001080	6000000010094292656
Q124001101	6000000008127773717
Q124001113	6000000001959626808
Q124001115	6000000004154089004
Q124001117	6000000001958883348
Q124001138	6000000006419388056
Q124001156	6000000013003455628
Q124001161	6000000013003601639
Q124001165	6000000058938701973
Q124001167	6000000003941254938
Q124001169	6000000024447489066
Q124001171	6000000001207576134
Q124001174	6000000003681533907
Q124001180	6000000013003423584
Q124001182	6000000015240495406
Q1240012	6000000050899487890
Q124002	6000000025254170164
Q1240022	6000000183307717887
Q124004303	6000000197573295829
Q124004533	6000000003108939121
Q124004547	6000000003108752961
Q124004553	6000000003108664729
Q124004692	6000000011276609722
Q124004745	6000000029901826414
Q124004914	6000000068537852108
Q124004915	6000000068537046376
Q124005218	6000000055783911843
Q124005220	6000000055783916850
Q124005238	6000000191768183844
Q124005239	6000000191768151848
Q124005647	6000000017611002780
Q124005953	6000000019766507126
Q124005983	6000000006720447882
Q124005984	6000000006110954569
Q124005985	6000000006290119918
Q124005987	6000000023031245952
Q124005988	6000000008583103405
Q124005989	6000000000436493676
Q124006018	6000000004264057315
Q124006019	6000000010303062908
Q124006020	5253181100390035744
Q124006021	6000000008872883524
Q124007637	6000000006581810855
Q124007699	6000000173911851069
Q124007700	6000000102535557141
Q124007702	6000000173942068896
Q124007703	6000000014815905901
Q124007704	6000000006444290513
Q124007708	6000000000336251685
Q124007718	6000000000336236196
Q124007797	6000000173940522054
Q124007811	6000000020706292539
Q1240079	6000000026794103637
Q124008116	6000000173911514258
Q124008445	6000000018008301194
Q124008456	6000000017351280767
Q124008469	6000000003939431175
Q124008479	6000000006444727044
Q124008490	6000000006444727006
Q124008516	6000000006444727026
Q124008549	6000000001487948701
Q124008616	6000000201339353852
Q124008743	6000000003943181637
Q124008755	6000000003943181557
Q124008777	6000000005921994856
Q124008838	6000000003943181548
Q124009188	6000000032197804112
Q124009410	6000000006444455509
Q124009430	6000000006444455530
Q124009786	6000000041988750701
Q124009806	6000000017508156050
Q12400986	6000000024106484985
Q124009932	6000000017507788953
Q124010082	6000000000201483886
Q1240103	6000000041995970417
Q1240130	6000000026393672925
Q1240138	6000000159869448898
Q124014043	6000000009154709136
Q124014047	6000000006795772457
Q124014048	6000000006790901091
Q124014049	6000000006795434314
Q124014050	6000000006795392382
Q124014053	6000000006790854160
Q124014054	6000000006795803360
Q124014056	6000000006768470875
Q124014065	6000000014853047658
Q124014081	6000000013568258950
Q124014083	6000000013432760073
Q124014084	6000000013322334089
Q124014086	6000000013366433510
Q124014087	6000000004058408015
Q124014088	6000000002889561267
Q124014092	6000000013366474766
Q124014093	6000000012822968280
Q124014094	298080830480006366
Q124014096	6000000000438475853
Q124014097	6000000002006507040
Q1240141	4518077293910048707
Q124014111	6000000001753110619
Q124014112	6000000000689058778
Q124014113	6000000002766435622
Q124014115	6000000000689061533
Q124014116	6000000000689069130
Q124014117	6000000000689069106
Q124014130	6000000000689058794
Q124014136	6000000003617051472
Q124014137	6000000003617240672
Q124014138	6000000003617642515
Q124014140	6000000001529763427
Q124014175	6000000043431245383
Q124014176	6000000003938203442
Q124014176	6000000005415337876
Q124014180	6000000000475114710
Q124014203	6000000000282031340
Q124014224	6000000015147891553
Q124014226	6000000015681489697
Q124014227	6000000015029380122
Q124014231	6000000002931201404
Q124014234	6000000002931201305
Q124014241	6000000002931201314
Q124014251	6000000004237809608
Q124014254	6000000013561513212
Q124014260	6000000013561584071
Q124014302	6000000016819265816
Q124014302	6000000030225883171
Q124014317	6000000016819619636
Q124014319	6000000000758912680
Q124014320	6000000000759038455
Q124014342	6000000001689750795
Q124014344	6000000001689750839
Q124014345	6000000001563121144
Q124014751	6000000062820922948
Q124014758	6000000062820277276
Q124014776	6000000062821011889
Q124014801	6000000005793892046
Q124015418	6000000001383023373
Q1240171	6000000025680454583
Q124017127	6000000201350624830
Q124018	6000000025414320285
Q1240192	6000000084924869226
Q124019223	6000000201351858852
Q124019660	6000000002889833217
Q124020476	6000000046285017467
Q1240207	6000000005380754889
Q124022369	6000000143932418050
Q1240227	6000000018163698737
Q124023721	6000000008671631733
Q124023725	6000000046942177176
Q124023764	6000000001915168477
Q124023765	6000000003108841057
Q124023768	6000000006444200066
Q124023770	6000000001383075624
Q124023771	6000000008307981956
Q124023774	6000000006727980665
Q124023788	6000000001915168431
Q124023789	6000000006971798506
Q124023790	6000000006971753386
Q124023795	6000000006971536911
Q124023796	6000000007859560895
Q124023798	6000000000664574855
Q124023801	6000000001916063904
Q124023805	6000000012257820780
Q1240240	6000000132322631841
Q124024250	6000000022435618625
Q124024826	6000000009845037409
Q1240249	6000000077239688878
Q124025502	6000000071115726012
Q124025513	6000000006823483177
Q12402782	6000000052404727940
Q124028	6000000046655192185
Q1240281	6000000038783881049
Q1240286	6000000035560655541
Q1240288	6000000177512515864
Q124028970	6000000011115564183
Q124029274	6000000201388809827
Q124029400	6000000016457784705
Q124029400	6000000082755810152
Q1240295	6000000058258248836
Q124029635	6000000201402962856
Q12403070	6000000079435808959
Q124031630	6000000201403168858
Q124031706	6000000201403634822
Q124031772	6000000130330558847
Q124032301	6000000018604744862
Q124032518	6000000027755081346
Q1240330	141092
Q12403321	6000000020917861354
Q1240333	6000000163760824955
Q12403348	6000000006798278226
Q12403358	6000000006838878384
Q12403359	6000000030426992412
Q12403362	6000000000896267168
Q12403365	6000000128656425835
Q12403373	6000000053610838247
Q12403381	6000000000931150675
Q12403389	6000000000748062109
Q12403394	6000000087596786954
Q12403400	6000000018433536117
Q124034090	6000000201411682846
Q124034147	6000000201411765859
Q124034163	6000000080499114083
Q124034244	6000000016749508681
Q124034256	6000000027248789638
Q124034314	6000000201414667834
Q12403452	6000000055224948829
Q12403484	6000000010240161836
Q12403498	6000000184332539859
Q124035	6000000054574261884
Q1240351	6000000018125821148
Q124035312	6000000004978825533
Q12403601	6000000064296224985
Q12403618	6000000003083038431
Q124036186	6000000002293698030
Q124036188	6000000002545922821
Q124036197	6000000003942954529
Q124036199	6000000003942570393
Q124036209	6000000002076896587
Q124036211	6000000002076933144
Q124036213	6000000004140732689
Q124036216	6000000004139253362
Q12403753	6000000016388418304
Q1240379	6000000017614700338
Q12403863	6000000003447386525
Q12403937	6000000011658593203
Q12403942	349792595480004252
Q12403961	6000000002007016720
Q12403968	6000000003112704130
Q12403977	6000000035147781287
Q12403990	6000000039277771260
Q124040	6000000006424347535
Q12404008	6000000013095228789
Q12404042	6000000006939674830
Q12404071	6000000024063346478
Q124041165	6000000201444637847
Q124041225	6000000201445478836
Q124041423	6000000201445794826
Q12404147	6000000003702318947
Q1240416	6000000183306645883
Q12404168	6000000099593406207
Q12404172	6000000002215919605
Q124041848	6000000201449409830
Q124041863	6000000039659678960
Q124041864	6000000039659322528
Q124041868	6000000039659655919
Q124042051	6000000201450712821
Q124042218	6000000201451298841
Q12404241	6000000023881522142
Q12404247	4788803
Q12404252	6000000002241066578
Q12404255	6000000024915941190
Q12404280	6000000006809561002
Q12404283	6000000026000119991
Q12404285	4711768719970077847
Q12404312	6000000037973959858
Q124043491	6000000006444068254
Q124043613	6000000060303999105
Q124044131	6000000046048786935
Q124044185	6000000201459921853
Q124044291	6000000201461859821
Q124044294	363624781110005894
Q124044422	6000000105073629821
Q124045027	6000000027311215810
Q1240457	6000000034547625477
Q12404614	388613104570003268
Q12404686	6000000024063323530
Q124047293	6000000002339465018
Q124047322	6000000002339463148
Q124047412	6000000036296225164
Q124047551	6000000001915124800
Q124047650	6000000187391166849
Q12404777	6000000019999539304
Q12404784	6000000059562855937
Q124048052	6000000003075062356
Q124048053	6000000003075079225
Q124048054	6000000003074876662
Q1240481	6000000165156939557
Q124048100	6000000003243279284
Q124048108	6000000021415474844
Q124048190	6000000014715682301
Q124048201	6000000038142052103
Q124048208	6000000076158176190
Q124048251	6000000009837484813
Q124048257	6000000011422621453
Q124048429	6000000009501023511
Q12404847	6000000007236479232
Q124048594	6000000010961587671
Q12404865	6000000020340621243
Q124049000	6000000003541252667
Q124049140	6000000201480597850
Q124049537	6000000194115412838
Q124049568	6000000194510533853
Q124049640	6000000201482420872
Q1240497	6000000015529347330
Q124049737	6000000013020931493
Q12404984	6000000182988624830
Q124049843	6000000201485204835
Q12405004	6000000182780236907
Q124050417	6000000093860880762
Q124050733	6000000001504268375
Q1240511	6000000026026375569
Q124051167	6000000204775391829
Q124051855	6000000090934136826
Q124051893	6000000090931105869
Q124051914	6000000201495416846
Q124051917	6000000026780171148
Q124051975	6000000201495866821
Q124052066	6000000014069297526
Q124052129	6000000002832239753
Q124052275	6000000008169716333
Q124052497	6000000025020998151
Q1240527	6000000129533917843
Q124053617	6000000038794438205
Q124053628	6000000029919223852
Q124053737	6000000023069940858
Q124054317	6000000007593003682
Q124054798	6000000001504268300
Q124054987	6000000009523128855
Q124055047	6000000039203629880
Q124055066	6000000177017691899
Q124055076	6000000017027010665
Q124055170	6000000201518044896
Q124055270	6000000201519481837
Q124055388	6000000201520781822
Q124055462	6000000013344166204
Q124055598	6000000201521670838
Q124056052	6000000018373187175
Q124056054	6000000018373294230
Q124056130	6000000058099198089
Q12405649	5132816973970036144
Q12405658	6000000010992827358
Q124056634	6000000095241286911
Q124056636	6000000008854508887
Q124056638	6000000001563106603
Q124056641	6000000001563106516
Q124056649	6000000021657637367
Q124056651	6000000039283277507
Q124056652	6000000004630827304
Q124056687	6000000002339460867
Q124056692	6000000002339460660
Q124056693	6000000057193514821
Q124056729	6000000017539921910
Q124056761	4861955825760054499
Q124056994	6000000000010858495
Q124057	6000000008707136898
Q12405706	6000000089588389884
Q12405710	6000000002067967516
Q124057161	6000000060796787300
Q12405747	6000000019686917106
Q124057669	6000000013210579275
Q12405836	6000000038183290852
Q12405854	314272331340006102
Q12405863	6000000008569040211
Q124059479	6000000037883318924
Q124060460	6000000004870520584
Q124060472	6000000002781158829
Q124060525	6000000062747952096
Q124060556	6000000033983895163
Q1240606	6000000155589094826
Q124060876	6000000011429264415
Q124061760	6000000031342465134
Q124061783	6000000002684296860
Q124061829	6000000007103147171
Q124061852	6000000003681568165
Q124061853	6000000018466212377
Q124061859	6000000013268508861
Q124061892	6000000006969709404
Q124061945	6000000175952232067
Q124062006	6000000201551930854
Q124062210	6000000201554194843
Q124062237	6000000108451289821
Q124062260	6000000105073663854
Q124062284	6000000062549319220
Q124062577	6000000029082171257
Q124062579	6000000036898931082
Q124062580	6000000006091599221
Q124062593	6000000020168285444
Q124062594	6000000003940358040
Q124062595	6000000002928599726
Q124062602	6000000004533528137
Q124062604	6000000001768964677
Q124062607	3972177013040079681
Q124062613	6000000018298648790
Q124062624	6000000004533522839
Q124062626	6000000001959302664
Q124062628	6000000003053427018
Q124062629	6000000003090803933
Q124063671	6000000000320700994
Q124063672	6000000003221722225
Q124063677	6000000003938220300
Q124063685	6000000000320696003
Q12406374	6000000007897325285
Q124063743	6000000000320696016
Q124063752	6000000002762416303
Q124065	6000000158054091826
Q124065376	6000000016145844040
Q124065635	6000000002512241356
Q124066188	6000000075414745895
Q124066451	6000000001383031467
Q124066454	6000000001383031452
Q124066465	6000000002905134779
Q124066500	6000000001382791003
Q124066503	6000000001382780844
Q124066554	6000000001383031474
Q124066557	6000000029635737465
Q124066562	6000000001410780080
Q124066631	6000000002580627757
Q124066632	6000000007601282235
Q124066661	6000000007601282681
Q1240667	6000000019481968110
Q12406671	6000000015501821487
Q124066733	6000000001410778994
Q124066750	6000000001553660258
Q124066903	6000000005767744660
Q124066907	6000000006440304329
Q124066957	6000000004967011688
Q124066969	6000000004970170071
Q124067852	6000000083425053893
Q12406802	6000000010281633514
Q12406810	6000000041568572978
Q124068824	6000000201562559928
Q124069018	6000000001504778004
Q12406944	6000000009288856438
Q124069537	6000000201566497835
Q1240697	6000000078314132031
Q12406995	365383029430012021
Q12407121	6000000012873887214
Q124071310	6000000030713415512
Q124071399	6000000016921174643
Q124071434	6000000018594201609
Q12407176	6000000016333845694
Q12407177	6000000009979881124
Q12407190	6000000002361938334
Q12407204	6000000013160163767
Q124072214	6000000011687330991
Q12407236	6000000017401861079
Q12407239	4406001219010038302
Q124072821	6000000004667862246
Q124073	6000000033784338631
Q124073102	6000000002539943453
Q124073127	6000000012401476925
Q12407317	6000000003603601783
Q1240736	6000000166887121874
Q124074235	4401551665820071758
Q12407433	3960602788060043660
Q12407442	6000000010304423883
Q12407450	6000000000247534657
Q12407451	6000000018447773410
Q12407456	6000000003731411036
Q12407463	6000000006895269902
Q12407467	314776831000001362
Q12407550	6000000003447406418
Q12407551	6000000010781640003
Q124077214	6000000001504893932
Q124077227	6000000022931130905
Q12407770	6000000001519366224
Q12407771	380800884850004112
Q12407812	6000000078350992960
Q12407833	6000000025981998987
Q12407853	6000000003814955777
Q12407857	6000000008482826218
Q12407861	6000000004953240899
Q12407870	6000000014688772041
Q12407904	6000000016697732580
Q124079107	6000000015346485305
Q124079420	6000000015346371975
Q124079420	6000000042508730533
Q124079491	6000000040390410842
Q124079503	6000000016290287981
Q124079510	6000000015346430790
Q12407957	6000000023211077892
Q124079599	6000000201585700852
Q12407966	4258426145180052164
Q12407967	6000000012963503378
Q124079705	6000000201587159842
Q12407983	6000000001148703645
Q124079836	6000000201589579822
Q124079906	6000000015346487253
Q12407996	6000000005049017053
Q12407997	6000000002084836838
Q124080024	6000000040415353614
Q124080024	6000000085100512013
Q12408009	6000000016529772161
Q12408014	6000000015299994135
Q12408021	6000000003663582093
Q124080212	6000000008968498583
Q12408033	6000000007357721261
Q12408087	6000000006492519075
Q12408092	6000000011201073328
Q124081	6000000001902753292
Q124081669	6000000015346375501
Q124081676	6000000015346389650
Q12408235	6000000003707995017
Q12408243	4168491686750082920
Q12408249	6000000006357732650
Q12408251	6000000002674136498
Q12408287	6000000034217498920
Q12408303	6000000011915041142
Q124083250	6000000015062940303
Q124083258	6000000029485058193
Q124083339	6000000008760676000
Q12408379	6000000105261551190
Q12408382	358895653800011988
Q124083997	6000000186109740854
Q12408406	4300707576580068133
Q12408407	6000000143243083832
Q12408415	6000000001713114372
Q124085245	6000000014715610742
Q1240856	6000000002374595625
Q1240857	6000000178510020853
Q12408574	6000000012955080806
Q12408598	6000000006402905833
Q124086	6000000016820451396
Q12408618	6000000010242298187
Q12408622	6000000021400756904
Q12408631	6000000015815580964
Q12408638	6000000003064738435
Q12408651	6000000003736488859
Q124086535	6000000003942968921
Q124086540	6000000008760824278
Q124086550	6000000008832864624
Q124086568	6000000007454459477
Q124086578	6000000035087782706
Q124086588	6000000019113250727
Q124086674	6000000201598415837
Q124086689	6000000006737172094
Q124086698	6000000002927452610
Q124086707	6000000002927441677
Q124086717	6000000002459877869
Q12408686	6000000074366914954
Q12408754	6000000008289587067
Q12408764	6000000022628060581
Q12408765	6000000018358899077
Q124087689	6000000001193695254
Q124087711	6000000001214694725
Q1240879	6000000007409379828
Q124088	6000000197619028829
Q1240883	6000000040812301265
Q124089096	6000000031316475922
Q12408921	4050678544030029094
Q124089347	6000000106692914883
Q124089357	6000000106693235821
Q124089365	6000000000086374274
Q124089372	6000000000086420148
Q124089426	6000000004580186728
Q124089475	6000000000086163904
Q124089481	6000000017720119066
Q124089488	6000000006913232143
Q124089495	6000000003075873589
Q124089498	6000000201599833870
Q124089513	5314613001810088602
Q124089521	6000000004237839791
Q124089724	6000000047381780241
Q124089731	6000000047381902197
Q124089731	6000000089109321912
Q124089772	6000000015977848428
Q124089780	6000000003338581106
Q124089838	6000000015977976299
Q124089838	6000000085034422963
Q124089845	6000000011943824767
Q124089845	6000000187072103371
Q124090004	6000000001210956208
Q12409081	6000000035562613823
Q12409098	6000000005062269003
Q12409102	6000000002493900425
Q1240916	6000000054111066883
Q12409224	6000000000811203438
Q1240927	6000000163800661869
Q12409271	6000000013087748808
Q12409277	6000000016205381341
Q12409307	6000000014431224169
Q124094217	6000000037033233284
Q124094328	6000000000081329559
Q12409482	6000000007240976326
Q12409492	6000000002030702748
Q12409493	4456955411520020535
Q12409501	6000000019493965125
Q12409514	6000000019093886539
Q12409598	6000000079478302881
Q12409606	6000000004641326681
Q12409618	6000000000862179078
Q12409632	6000000007303641125
Q12409633	6000000000035073494
Q124096379	6000000064659255942
Q124096414	6000000003193512863
Q124096496	6000000019909140486
Q12409810	6000000025591610329
Q124098292	6000000201620237827
Q124098453	6000000105845254840
Q124098534	6000000201621946822
Q12409858	6000000000887125167
Q124098690	6000000016750164655
Q124098693	6000000016749400859
Q124098696	6000000016749862829
Q124098742	6000000091875434825
Q124098847	6000000201623342828
Q124099126	6000000011446543415
Q124099149	6000000201623092920
Q124099267	6000000070485128012
Q124099363	6000000001753041437
Q12409938	6000000006709392090
Q124099393	6000000139428223968
Q12409969	6000000007168320314
Q124099930	6000000004089153538
Q124099964	6000000011543062132
Q124100052	6000000017379773372
Q124100053	6000000017403842523
Q124100054	6000000041076328048
Q124100057	6000000003151455010
Q124100059	6000000001926625243
Q124100062	6000000003076922137
Q124100063	6000000003148563266
Q12410008	6000000000028403848
Q124100085	6000000003939476731
Q12410052	6000000010545636198
Q124100619	6000000085606585825
Q124100723	6000000186109526881
Q124100835	6000000105865343898
Q12410098	4028289232220023266
Q124101250	6000000081791403341
Q12410132	6000000023843855294
Q124101509	6000000019684075089
Q12410172	6000000172655495214
Q124101831	6000000001780674328
Q124101832	6000000001780548679
Q124102	6000000044281418976
Q12410278	6000000007014414523
Q12410370	6000000026663230806
Q12410416	6000000000909362417
Q1241051	6000000198409902832
Q12410547	6000000003701926954
Q1241058	6000000018126474798
Q124106	6000000002772778966
Q1241061	6000000009878197326
Q12410612	6000000024961655325
Q12410613	6000000000118445561
Q124106180	6000000046058463923
Q12410637	6000000059893634867
Q1241068	6000000053638273957
Q12410714	6000000016686056694
Q1241073	6000000018126171741
Q12410802	6000000026052269057
Q12410810	6000000000100411045
Q12410817	6000000003514791411
Q12410841	6000000010743601464
Q1241091	6000000025579039437
Q12410952	6000000014272801598
Q1241101	6000000032377888061
Q12411024	4871817725090057467
Q12411128	6000000108710126099
Q1241117	6000000008630249538
Q124112	6000000027191446024
Q12411242	6000000011321800452
Q12411249	6000000001898574670
Q12411258	3596778
Q124112585	5563883241360082018
Q124113	6000000011342737052
Q12411305	6000000009515683546
Q12411310	296876980740004971
Q12411340	1146499
Q12411364	6000000010238111654
Q124115	6000000006962487108
Q124117	6000000087087031934
Q12411713	6000000015759113522
Q1241172	6000000005598992785
Q12411757	6000000008591678596
Q12411758	4407715963120084552
Q12411792	6000000004339504284
Q12411809	6000000002802702003
Q12411812	6000000023782251767
Q12411824	6000000012190416638
Q12411826	6000000017696445247
Q12411848	6000000006421098232
Q12411864	6000000026671998063
Q12411866	6000000009349309953
Q12411869	6000000016392694595
Q12411874	6000000017836553149
Q12411928	6000000000700026631
Q12411978	6000000026064259675
Q12412121	6000000027452357348
Q124125015	6000000042501445527
Q1241256	6000000012896248735
Q124128415	6000000047491044896
Q124129075	6000000201791644826
Q124129105	6000000186106503361
Q124129235	6000000186109787866
Q124129643	6000000004067617591
Q124129666	6000000059285212832
Q124129671	6000000006962115578
Q124129818	6000000201345316864
Q124129883	6000000201662843834
Q124129946	6000000069529408901
Q124129959	6000000019271648997
Q124129967	6000000069529104896
Q124129999	6000000069529018854
Q124130350	6000000201667978864
Q124130866	6000000011865401094
Q124131080	6000000021146853091
Q124131165	6000000056122036931
Q124131284	6000000014674942779
Q124131399	6000000201674677877
Q124131820	6000000186106785323
Q124131934	6000000011515232924
Q124131955	6000000026470307057
Q124134930	6000000002141942354
Q1241373	6000000091217357891
Q124138	6000000145336889906
Q124140	6000000001504437876
Q124140696	6000000011544145019
Q124143	6000000001916320240
Q1241459	6000000009677951707
Q124148078	6000000192258618837
Q124149356	6000000025429357883
Q124149591	6000000041284766161
Q124150	6000000078639157448
Q124151202	6000000015346521139
Q124151245	6000000015346431759
Q124151359	6000000015346544071
Q124151382	6000000201790697931
Q124151448	6000000022647925145
Q124151506	6000000015346493329
Q124151751	6000000015346450733
Q124151894	6000000022521764463
Q124152584	6000000169026104934
Q124153035	6000000011112367047
Q124153115	6000000016239468842
Q124154	6000000177328172825
Q124154271	6000000011646736774
Q124154704	6000000199955915829
Q124154707	6000000077954178541
Q124154798	6000000201718753854
Q124155	6000000002329853703
Q124155085	6000000201720125824
Q124155334	6000000033815236852
Q124155358	6000000201721786828
Q1241554	6000000084172886622
Q124155439	6000000015346455882
Q124155442	6000000015346441805
Q124155444	6000000015346529366
Q1241558	6000000055399863849
Q1241559	6000000015268100262
Q124155909	6000000082835506835
Q124155910	6000000137341577941
Q124155912	6000000137341590869
Q124155913	6000000006843433707
Q124155916	6000000001212770122
Q124155950	6000000078776841464
Q124155951	6000000001382987582
Q124155960	6000000010273087435
Q124155991	6000000000589298644
Q124155996	6000000000260103144
Q124156019	6000000002860740655
Q124156092	6000000000589072945
Q1241561	6000000084173875090
Q124156158	6000000003040861995
Q124156177	6000000000180554958
Q124156380	6000000018027577453
Q124156456	6000000003987456370
Q124156458	6000000003937961059
Q124156478	6000000037154315991
Q124156479	6000000003939398187
Q124156480	6000000003939394970
Q124156647	6000000001661677035
Q124156648	6000000001661632349
Q124156650	6000000001661791253
Q124156681	6000000000934732622
Q124156684	6000000001384264731
Q124156685	6000000001599407247
Q124156689	6000000000097048183
Q124156690	6000000001384269998
Q124156692	6000000001384052093
Q124156696	6000000003943016882
Q124156697	6000000000097048216
Q124156949	6000000057022960068
Q124156951	6000000033028885910
Q124156952	6000000012665576262
Q124156971	6000000033028922856
Q124157009	6000000224951591854
Q124157036	6000000000875260485
Q124157040	6000000000875260206
Q124157042	6000000000875259472
Q124157052	6000000000875259391
Q124157054	6000000000875337085
Q124157060	6000000003937680558
Q124157063	6000000007273292216
Q124157071	6000000004558460453
Q124157136	6000000012314414808
Q124157158	6000000039483722921
Q124157388	6000000015346160816
Q124157388	6000000046097358070
Q124157689	6000000015346373747
Q124157693	6000000015346522217
Q124157731	6000000000350924588
Q124157736	6000000001100489057
Q124157793	6000000032369490167
Q124157894	6000000002908897280
Q124157897	6000000003148563231
Q124157986	6000000026352408605
Q124157991	6000000026349821044
Q124158123	6000000085275907830
Q124158125	6000000004558381321
Q124158128	6000000004558342044
Q124158130	6000000003148563294
Q124158173	6000000004558400604
Q124158185	6000000007950566844
Q124158190	6000000003457994854
Q124158201	6000000004558342054
Q124158203	6000000000875321284
Q124158206	6000000006796371660
Q124158211	6000000006377090078
Q124158253	5601325286440126855
Q124158255	6000000001022434422
Q124158281	6000000048758059898
Q124158283	6000000000556932021
Q124158286	6000000000556930991
Q124158288	6000000003076922014
Q124158349	6000000000250580996
Q124158353	6000000000250575012
Q124158356	6000000003940526024
Q124158362	6000000005664462136
Q124159052	6000000186106762201
Q124159449	6000000026257345128
Q1241604	6000000024914227201
Q1241606	6000000182428516852
Q124161654	6000000203181114874
Q124161877	6000000065918271929
Q124161888	6000000012826070413
Q124162028	6000000209424251829
Q124162059	6000000048439025360
Q1241625	6000000009885214856
Q1241629	6000000009943360868
Q124168879	6000000024316726476
Q124169349	6000000019347103285
Q124170505	6000000201767169824
Q124170811	6000000001276183823
Q124170871	6000000001263024328
Q124171295	6000000197538699841
Q124171423	6000000068899452821
Q124171689	6000000015346602246
Q124171696	6000000121886540821
Q124172009	6000000048110810291
Q124172273	6000000015346660019
Q124172435	6000000004957517899
Q124172436	6000000004956276144
Q124172439	6000000004956099537
Q124172441	6000000003076922118
Q124172446	6000000015346604169
Q124172451	6000000002304425676
Q124172499	6000000001644039838
Q124172500	6000000002459885919
Q124172666	6000000003784220219
Q124172668	6000000009967384106
Q124172671	6000000009967331500
Q124172672	6000000003151446307
Q124172688	6000000012171036916
Q124172689	6000000012171403452
Q124172691	6000000011975491028
Q124172692	6000000011979336681
Q124172694	6000000005091398607
Q124172698	6000000014688313483
Q124172713	6000000012170451830
Q124172713	6000000020378769597
Q124172747	6000000000985250080
Q124172751	6000000000536307674
Q124172771	6000000021001137934
Q124172773	6000000008520438837
Q124172775	6000000008520523161
Q124172777	6000000008604712984
Q124172780	6000000004629745062
Q124172783	6000000008605296386
Q124172796	6000000015809871540
Q124172798	6000000015809665582
Q124172801	6000000000336233700
Q124172801	6000000018678045227
Q124172805	6000000006790516138
Q124173089	6000000022490190909
Q124173140	6000000003076922062
Q124173150	5452030639910063148
Q124173152	5451784922730111497
Q124173153	6000000023341916668
Q124173197	6000000082348544065
Q124173305	6000000022889499994
Q124173967	6000000086291173929
Q124174	6000000017206391770
Q124174297	6000000201769424855
Q124174461	6000000176084370832
Q124190	6000000041828448725
Q1241972	6000000167627121961
Q1241979	6000000010132079442
Q1242	6000000025357509269
Q1242000	6000000061761722908
Q1242005	6000000187221593837
Q124200629	6000000022495126845
Q124201757	6000000191128029052
Q124204681	6000000050720215936
Q124204681	6000000149590721824
Q1242048	6000000178713186936
Q124205	6000000094767727008
Q1242050	6000000016982043464
Q1242057	4457161558340079959
Q124207	6000000015512449139
Q1242071	6000000016393007495
Q1242073	6000000016658913193
Q1242075	6000000015508828930
Q124208	6000000122446938853
Q1242080	6000000016460147498
Q124208451	6000000206643462832
Q124210	6000000010222272975
Q1242112	6000000007435061859
Q124212055	6000000017390359071
Q124212563	6000000012036565922
Q1242127	6000000017812944386
Q124213038	6000000006977940458
Q124213728	6000000201802786863
Q124213881	6000000036171123965
Q124213968	6000000201803480890
Q124214292	6000000201807133824
Q124214297	6000000034484588222
Q124214330	6000000055281967949
Q124214467	6000000010501935446
Q124214613	6000000055280543898
Q124214753	6000000015733296957
Q124215220	6000000043102872440
Q124215242	6000000028652347673
Q124215388	6000000043102588275
Q124216466	6000000030407517209
Q124216636	6000000037678360978
Q124216663	360108939580006388
Q124216935	6000000138965326038
Q124216979	6000000022134941780
Q1242172	6000000183889765830
Q124217443	6000000014360118732
Q124217551	6000000054331073821
Q124217607	6000000014360056347
Q124217697	6000000006058781001
Q124217769	6000000014359705696
Q124217904	6000000014359792121
Q124218029	6000000012315367677
Q124218034	6000000014359444765
Q124218134	6000000206647613892
Q124218196	6000000014359786298
Q124218426	6000000006444174777
Q124218438	6000000003945835342
Q124218631	6000000022771786712
Q124218893	6000000186240640969
Q124219	6000000013441821861
Q124219098	6000000014360118738
Q124219153	6000000020366556246
Q124219180	6000000006324505758
Q124219191	6000000014068757822
Q124219194	6000000041117912174
Q124219208	6000000018442300439
Q124219217	6000000014068639967
Q124219232	6000000006324773326
Q124219249	6000000014068877407
Q124219283	6000000014068662917
Q1242194	6000000136977845888
Q124219942	6000000018686167692
Q124220006	6000000002424041717
Q124220271	6000000012635806514
Q124220519	6000000022771829220
Q124220633	6000000010312383437
Q124221092	6000000003076820664
Q124221093	6000000007259831442
Q124221094	6000000007259879336
Q124221096	6000000003522888787
Q124221098	6000000003077575276
Q124221099	6000000003939051238
Q124221101	6000000003940241591
Q124221109	6000000003075914900
Q124221110	6000000000491135233
Q124221111	6000000000426814927
Q124221117	6000000007259790965
Q124221121	6000000003939075954
Q124221125	6000000000490923146
Q124221130	6000000007259670998
Q124221131	6000000007260045255
Q124221133	6000000000438145494
Q124221135	6000000119126198822
Q124221137	6000000001574428929
Q124221166	6000000017545402882
Q124221910	6000000004629759098
Q124221911	6000000004629681128
Q124221915	6000000004629746096
Q124221916	6000000054380368013
Q124221918	6000000019176477590
Q124221919	6000000001959728966
Q124221928	6000000054380273941
Q124221929	6000000024958516910
Q124221937	6000000003685615585
Q124221940	335349933300006011
Q124221948	6000000003076259897
Q124221949	6000000000664842272
Q124221962	6000000167351910947
Q124221963	6000000167351377025
Q124221964	6000000029034515250
Q124221971	6000000013389630166
Q124221975	6000000013390167618
Q124221999	6000000029165141064
Q124222026	832809
Q124222027	6000000023454431021
Q124222030	6000000023454194218
Q124222031	6000000000900646678
Q124222037	832812
Q124222040	832859
Q124222041	6000000000436387517
Q1242223	6000000087678937851
Q1242238	6000000163822902092
Q124228	6000000007886678380
Q1242286	6000000104743213902
Q124230636	6000000013313192682
Q1242311	6000000082639312979
Q124233678	6000000015708367950
Q1242339	6000000005892756013
Q124234189	6000000012013613487
Q124234343	6000000070070751836
Q124238337	6000000064155678901
Q124239021	6000000021151695897
Q124239637	6000000127366887843
Q124240996	6000000040171761863
Q124241564	6000000020127639668
Q124242640	6000000014877509906
Q12424417	6000000076040244855
Q124244342	6000000027156608536
Q124245887	6000000151672246831
Q124246525	6000000201856747889
Q124246564	6000000002296270537
Q124246568	6000000002296603770
Q124246964	6000000190378047826
Q124246972	6000000001489905405
Q124247031	6000000190377599836
Q124247110	6000000201860532822
Q124247136	6000000046641012021
Q124247148	6000000008514582777
Q124247153	6000000021063091218
Q124247161	6000000008514363562
Q124247171	6000000001723977088
Q124247177	5127501762970035672
Q124247198	6000000010564902442
Q124247199	6000000000343282576
Q1242472	6000000012797150802
Q124247200	6000000003937922827
Q124247202	6000000046664709821
Q124247202	6000000072328548057
Q124247310	6000000011298214236
Q124247311	6000000038585419993
Q124247312	6000000001947674501
Q124247313	6000000005956820907
Q124247314	6000000003940725314
Q124247315	6000000178149776829
Q124247317	6000000002904724563
Q124247318	6000000005526746003
Q124247319	6000000003075652399
Q124247351	6000000026782840389
Q124247352	6000000008880832977
Q124247357	6000000008881202552
Q124247363	6000000005053506206
Q124247364	6000000007806447608
Q124247367	6000000002456926400
Q124247369	6000000008300642569
Q124247373	6000000008300642537
Q124247378	6000000007806650291
Q124247383	6000000007806398760
Q124247491	6000000014815244045
Q124247810	6000000071995321833
Q124248	6000000035297278980
Q124248074	6000000056348078904
Q124248095	6000000073385829045
Q124248114	6000000088566035923
Q124248390	6000000014361124274
Q124248542	6000000013752590756
Q124248557	6000000201873549824
Q124248852	6000000018719531110
Q124248936	6000000008734255278
Q124249448	6000000201881584821
Q124249780	315716483490004667
Q124249895	6000000008527213156
Q124250501	6000000022481844083
Q1242507	6000000024206498446
Q124250742	6000000013859490159
Q124251564	6000000018567412542
Q1242517	6000000031938429728
Q124252164	6000000008076881631
Q124252165	6000000001843185018
Q124252166	5600956446660126458
Q124252167	6000000001843185012
Q124252168	6000000001843183000
Q124252174	6000000008076983380
Q124252176	6000000001101801834
Q124252177	6000000022159585437
Q124252179	6000000003940788669
Q124252180	6000000003939751349
Q124252183	6000000006441268983
Q124252189	6000000003940832880
Q124252228	6000000029840387389
Q124252295	6000000205077866856
Q124252365	6000000019596859505
Q124252366	6000000007211522893
Q124252367	6000000003549724936
Q124252413	6000000007211900335
Q124252416	6000000007211973303
Q124252419	6000000017738713033
Q124252442	6000000001334827890
Q124252443	6000000001334866459
Q124252456	6000000028591504030
Q124252457	6000000004116973862
Q124252458	6000000006980096806
Q124252459	5649578731290071369
Q124252477	6000000007982353201
Q124252532	6000000001316394785
Q124252534	6000000004069261592
Q124252574	6000000007902455262
Q1242526	6000000120082713821
Q124252603	6000000001377200057
Q124252613	292056731890005960
Q124252658	6000000008135945830
Q124252659	6000000007902505252
Q124252660	6000000003934283648
Q124252682	6000000003939094585
Q124252686	6000000003939094443
Q124252688	6000000004671317177
Q124252690	6000000003938299787
Q124253446	6000000000199846749
Q124253477	6000000201904082852
Q124253662	6000000201905775868
Q124253765	6000000026566317846
Q124253818	6000000010693046257
Q124254490	6000000013488331569
Q124254842	6000000014978710386
Q124254922	6000000014281868807
Q124254942	6000000014281868799
Q124255173	6000000008269672210
Q124255928	6000000024739635699
Q124257175	6000000003379816131
Q124257180	6000000003043012151
Q124257182	6000000009164104272
Q124257193	6000000043902435990
Q124257198	6000000020559468468
Q124257297	6000000003495238847
Q124257299	6000000003495243829
Q124257301	6000000077884164915
Q124257303	6000000077884043843
Q124257321	6000000013617614581
Q124257323	6000000034558167550
Q124257324	6000000009467232459
Q124257327	6000000001315451037
Q124257328	6000000007195456259
Q124257332	6000000014274584128
Q124257333	6000000083531650935
Q124257334	6000000004296685334
Q124257364	6000000006589675131
Q124257376	6000000028202728968
Q124258029	5644600525870022456
Q124258051	6000000124497988881
Q124258130	6000000201936029851
Q124258251	6000000201936588874
Q124258544	6000000190611826822
Q124258662	6000000201061385024
Q124258984	5640935483250070519
Q124259205	6000000028200839967
Q124259405	6000000057905514992
Q124259414	6000000020127943052
Q124259501	6000000043696667456
Q124259632	6000000090153331233
Q124259802	6000000028200775654
Q124261	6000000077227618262
Q124261073	6000000201955007823
Q124261083	6000000201954350891
Q124261148	6000000201955660867
Q124261251	6000000201957485822
Q124261316	6000000202004567837
Q124261357	6000000010645689878
Q1242618	6000000014966381651
Q124262096	6000000013240277662
Q124262248	6000000010535858402
Q124262448	6000000016046409039
Q124265841	6000000003363168518
Q1242668	6000000181327939837
Q124272	6000000002141672121
Q1242734	6000000033217064930
Q1242741	6000000015912512571
Q1242742	6000000010039905487
Q124275233	6000000027050302071
Q124277181	6000000027049297560
Q124278996	6000000000790984525
Q124279015	6000000003003070279
Q124279030	6000000002967904582
Q124281404	6000000018425452335
Q124283105	6000000007273421645
Q124283323	6000000013392140163
Q124283325	6000000026393746242
Q124283326	6000000026393954971
Q124283336	6000000112925378845
Q124283343	6000000112925284919
Q124283344	6000000015019469879
Q124284739	6000000018318053708
Q124284744	6000000018318211093
Q124284745	6000000150086428822
Q124285139	6000000196635250840
Q124285999	6000000015876223108
Q124286049	6000000012210488297
Q124286212	6000000021927658641
Q124286237	6000000012210250444
Q124286390	6000000025661356701
Q124286425	6000000018527800675
Q124286461	6000000021927345790
Q124286878	6000000016346752332
Q124287271	6000000038261110409
Q124287322	6000000026314695040
Q124287937	6000000007484973475
Q124287942	6000000011780211370
Q124288155	6000000003016052264
Q124288225	6000000187878165856
Q124288256	6000000208050688829
Q124288669	6000000007485125244
Q124289020	6000000007932975402
Q124289034	6000000088317241923
Q124289107	6000000014058418605
Q124289107	6000000039438478038
Q124289108	6000000039438413277
Q124289309	6000000044502485199
Q124289309	6000000215785513823
Q124289853	6000000193054392871
Q124290791	6000000042128985008
Q124290859	6000000039321234069
Q124291057	6000000036033297165
Q124291574	6000000202590189822
Q12429201	6000000012599232369
Q124292854	6000000010129792192
Q124292871	6000000000201219831
Q124293072	6000000021123236887
Q124293084	6000000011971954167
Q124293256	6000000012559630481
Q124293266	6000000011569365084
Q124293280	6000000082801016821
Q124293286	6000000022203069256
Q124293628	6000000202040531823
Q124293773	6000000021557756517
Q124294437	6000000022206561472
Q124294601	6000000017719488793
Q124295329	6000000027214466731
Q124295332	6000000027214644577
Q124296673	6000000003733286295
Q124296743	6000000014569369339
Q124296749	6000000040415252053
Q1242968	6000000020309668361
Q124297	6000000177022794836
Q1242992	6000000215040178836
Q124300309	6000000027214712375
Q124300310	6000000001722445799
Q124300311	6000000001722445306
Q124300312	6000000001722445319
Q124300313	6000000000798431989
Q124300316	6000000054575167106
Q124300318	6000000027215061854
Q124300319	6000000002073423246
Q124300319	6000000027214819579
Q124300723	6000000007283505009
Q124300726	6000000002278177838
Q124300831	6000000014066625366
Q124300833	6000000014027644040
Q124301	6000000044793568977
Q124301107	6000000028082225920
Q124301265	6000000021515622639
Q124301745	6000000046253513837
Q124301950	6000000004872687433
Q124302044	6000000179907315829
Q124302119	5719128344140038054
Q124302139	6000000000111494343
Q124303095	6000000002577243365
Q1243032	6000000078200087174
Q124303388	6000000079864765066
Q124303594	6000000003081674464
Q124303773	6000000017413318182
Q124303793	6000000079863618288
Q124304324	6000000179681136821
Q124305167	6000000093049357859
Q124305632	6000000018026723091
Q124306023	6000000009014595108
Q124306267	6000000031161913874
Q124306271	6000000012949554172
Q124306273	6000000012949432137
Q124306274	6000000004149394069
Q124306318	6000000001562887228
Q124306332	327615044290006009
Q124306334	6000000004319468311
Q124306335	6000000006444507952
Q124306341	6000000003937735735
Q124306346	6000000006444260072
Q124306351	6000000004319597470
Q124306352	6000000004319598313
Q124306353	6000000014112846150
Q124306355	6000000008369957539
Q124306357	6000000014122316304
Q124306760	6000000010300150345
Q124306833	6000000018548813199
Q124306923	6000000084410192401
Q124306987	6000000031830508194
Q124307071	6000000019265813065
Q124307072	6000000021038218769
Q124307074	6000000003273361197
Q124307075	6000000010030755863
Q124307079	6000000021036084607
Q124307080	6000000021039490423
Q124307084	6000000003076705651
Q124307090	6000000018127501070
Q124307097	6000000117750589836
Q124307101	6000000003323593220
Q124307101	6000000183277873959
Q124307108	6000000003323621151
Q124307108	6000000183280152847
Q124307111	6000000002932553682
Q124307112	6000000002930913501
Q124307115	6000000002932553602
Q124307117	6000000007376202383
Q124307119	6000000180695588839
Q124307121	6000000003323209763
Q124307171	6000000012400773437
Q124307173	6000000013248162578
Q124307197	6000000018066913939
Q124307211	6000000202112642824
Q124307300	6000000026269997880
Q124307355	6000000202112533887
Q124307411	6000000202202449864
Q124307446	3567122
Q124307571	6000000017204852887
Q124307655	6000000017044584543
Q124308520	6000000002501819567
Q124309001	330178042510001641
Q124309047	6000000044066277839
Q124309282	6000000013247905694
Q124309365	6000000006596680862
Q124309799	6000000021239567532
Q124309803	6000000021238270642
Q124309805	6000000021239437712
Q124309833	6000000082417280114
Q124309836	6000000082417081164
Q124309936	6000000015731195502
Q124309980	6000000011285907428
Q124310038	6000000011286047413
Q124310094	6000000011285747987
Q124310096	6000000018548915281
Q124310178	6000000021240173914
Q124310180	6000000009431483620
Q124310443	6000000004872369856
Q124310456	6000000004872369421
Q1243114	6000000001075428744
Q124311588	6000000015699453521
Q124311620	6000000015699039730
Q124311735	6000000004345657474
Q124311736	6000000000924627946
Q124312203	6000000004086443982
Q124313067	6000000033997010208
Q124313068	6000000003522854395
Q124313158	6000000001384708993
Q124314025	6000000024851002644
Q124314490	6000000028932632581
Q124314705	6000000021240035947
Q124314710	6000000021238993789
Q124316021	6000000039484471830
Q124316106	6000000082668412020
Q124316110	6000000082417610930
Q124316213	6000000113056142536
Q124317175	6000000061198860889
Q124317543	6000000007659588234
Q124317959	6000000018612160840
Q124318016	6000000175333243111
Q124318135	6000000025212167574
Q1243193	6000000043253581952
Q124323297	6000000003301695300
Q124323300	6000000000807083820
Q124323304	6000000000885432880
Q124323335	6000000000807099742
Q124323611	6000000042222813557
Q124323735	6000000000251875508
Q124323736	6000000002421789404
Q124323737	6000000002421678918
Q124323739	6000000000885844020
Q124323740	6000000029964972627
Q124323741	6000000029965392095
Q124323742	6000000029862619735
Q124323747	6000000029965418928
Q124323748	6000000001424430724
Q124323749	6000000025212301869
Q124323770	6000000087254239482
Q124323777	6000000087253428862
Q124323778	6000000087250173093
Q124323781	6000000000753190053
Q124323782	6000000087245467420
Q124323784	6000000000726276914
Q124323785	346106519230012080
Q124323787	373016338630003557
Q124323837	6000000001177340361
Q124323838	6000000008642382042
Q124323842	6000000002459894851
Q124323843	6000000004237452761
Q124323885	6000000003147057060
Q124323887	6000000003274505875
Q124323889	261837
Q124323891	6000000006348619907
Q124323892	6000000000966175473
Q124323909	6000000000658956527
Q124324177	6000000202203153821
Q124324325	6000000000296815018
Q124324326	6000000013922183079
Q124325058	6000000009160150940
Q124325100	6000000009160312513
Q124325266	6000000018513923925
Q124325440	6000000010801119433
Q124325517	6000000068966192869
Q124325519	6000000068964650878
Q124325522	6000000068964617890
Q124325526	6000000003425066207
Q124325530	6000000010791442606
Q124325584	6000000009497573338
Q124325585	6000000010791478311
Q124325586	6000000000412020723
Q124325592	6000000006252848474
Q124325747	6000000014813999916
Q124325749	6000000033116180234
Q124325749	6000000068575990857
Q124325757	6000000014016410405
Q124325758	6000000008673826181
Q124325759	6000000003075920100
Q124325762	6000000088596423880
Q124325766	6000000014016510656
Q124325804	6000000008799914828
Q124325806	6000000003615693239
Q124325807	6000000017942692973
Q124326144	6000000202213492828
Q124326271	6000000173361915392
Q124326379	6000000202238549863
Q124326469	6000000092136050961
Q124326471	6000000092136050838
Q124326472	6000000000977793274
Q124326475	6000000001363869659
Q124326476	6000000000823634416
Q124326494	6000000012121608701
Q124326495	6000000038245396735
Q124326497	6000000005769453600
Q124326511	6000000002838618678
Q124326515	6000000002838721506
Q124326516	6000000002185612191
Q124326533	6000000002185612177
Q124326545	6000000002838726036
Q124326549	6000000003940725414
Q124326567	6000000002799077660
Q124326569	6000000002799077870
Q124326570	6000000002799105461
Q124326577	6000000010164086800
Q124326578	6000000002225134791
Q124326586	6000000055766637298
Q124326594	6000000012592781593
Q124326646	6000000003634223898
Q124326648	6000000008979179572
Q124326653	6000000003938082656
Q124326654	6000000014082394821
Q124326657	6000000004056356404
Q124326814	6000000002716209506
Q124326821	6000000053386976239
Q124326826	6000000016203712037
Q124326906	6000000002716348461
Q124326912	6000000006444188972
Q124326935	6000000016178952596
Q124326947	6000000008300650494
Q124326947	6000000078134273753
Q124326955	6000000008342787495
Q124326956	6000000002447420799
Q124326963	6000000053387260034
Q124326964	6000000006892005302
Q124326966	6000000004069259320
Q124327829	6000000002773563196
Q124327830	6000000002711979847
Q124327831	6000000007857115420
Q124327833	6000000007857165428
Q124327835	6000000002106360957
Q124327882	6000000036666839148
Q124327966	5025579660470036512
Q124327970	309085786930002796
Q124327970	6000000173104918867
Q124327976	6000000012274522093
Q124327987	6000000004059003633
Q124329400	6000000011451144227
Q124329431	6000000011459733759
Q124329604	6000000019462500528
Q124329617	6000000027903841046
Q124329618	6000000012310408793
Q124330340	6000000008219458813
Q124330371	6000000009816703164
Q124330386	6000000190346543826
Q12433081	6000000001240109798
Q124331309	6000000028542461915
Q124331528	6000000009127465003
Q124331545	6000000011330702654
Q1243320	6000000012644150335
Q124332454	6000000006240503994
Q124333362	6000000002190093759
Q124333364	6000000002190102828
Q124334	6000000012652411242
Q124334343	6000000024887271347
Q124334554	6000000023896702546
Q124335004	6000000020690662991
Q124335191	6000000210468611866
Q124335601	6000000017601377262
Q124336	6000000017710130517
Q1243365	6000000015732864190
Q1243366	6000000080442381823
Q124337300	6000000009784290032
Q124338027	6000000071611932040
Q1243385	6000000002419794102
Q124338939	6000000123483433934
Q124338976	6000000123482867257
Q124339206	6000000178192697975
Q124339915	6000000202318491821
Q124340409	6000000011371395944
Q124340647	6000000180435838821
Q124340669	6000000180435632842
Q124340770	6000000015508512422
Q124341552	6000000018436442268
Q124341614	6000000194072646909
Q124341635	6000000029919594916
Q124341853	6000000024408208796
Q1243420	6000000065314144821
Q124342076	6000000193435926831
Q124342235	6000000202333085843
Q124342318	6000000013656861404
Q124343609	6000000004096150049
Q124344903	6000000013472829766
Q124344916	6000000011709477333
Q124347650	6000000002267093925
Q124347863	6000000178192428975
Q124348330	6000000018035913140
Q1243484	6000000104327065862
Q124349648	6000000181960127877
Q124349884	6000000005431361258
Q124350437	6000000025260994160
Q124350438	6000000000297475313
Q124350441	6000000000297444317
Q124350442	4353536323930010950
Q124350460	6000000024526689446
Q1243505	6000000026145952621
Q124350854	6000000042311413448
Q1243510	6000000009762218885
Q124351161	6000000182874243821
Q124351378	6000000042310171391
Q124351591	6000000023769291858
Q124352344	6000000149909600906
Q124352893	6000000007449234972
Q124352905	6000000021240207122
Q124352916	6000000008743552870
Q124353338	6000000050133709164
Q124353338	6000000133417750081
Q124353362	6000000014981761389
Q124353362	6000000041168422976
Q124353403	6000000041502007236
Q124353508	6000000041504838632
Q124353515	6000000014981916115
Q124353567	6000000014981891508
Q1243536	6000000002764674382
Q124354457	6000000054874398943
Q124355277	6000000010031431504
Q1243554	6000000017305206382
Q124356195	6000000033083047343
Q124356411	6000000010230385888
Q124356566	6000000020666099668
Q124356573	6000000136982739017
Q124356575	6000000033748237483
Q124356661	6000000002152909927
Q124356663	6000000010549958704
Q124356671	6000000018626546142
Q124356673	6000000002597484961
Q124356675	6000000002597456837
Q124356676	6000000006606096885
Q124356677	6000000007336525984
Q124356681	6000000030088506069
Q124356715	6000000081597466962
Q124356716	6000000081596525230
Q124356719	6000000007273494036
Q124356773	6000000000911646405
Q124356774	6000000006909360711
Q124356776	6000000002578086160
Q124356790	6000000006979152654
Q124356791	6000000010677546263
Q124356793	5358619604910133093
Q124356925	6000000016928369403
Q124356961	6000000016937459650
Q124356970	6000000016932394775
Q124356974	6000000016937469264
Q124357081	6000000024944251452
Q124357083	6000000024944449901
Q124357084	6000000106198381017
Q124357085	6000000095041428874
Q124357086	6000000006187526490
Q124357122	6000000005061285214
Q124357298	6000000024988211583
Q124357442	6000000035350099265
Q124357481	6000000014100495039
Q124357519	6000000011081565802
Q1243577	6000000086349350917
Q124358140	6000000032470999032
Q124358929	6000000008649004272
Q1243591	6000000040701873084
Q124359150	6000000008666852366
Q124359171	6000000019223621559
Q1243597	6000000012361608322
Q124359767	6000000010800815749
Q124359813	6000000010801004488
Q124359877	6000000216882452851
Q124359998	6000000010807375707
Q124360149	6000000010807836854
Q124360290	361412730710013591
Q124360314	5336127663310031647
Q124360398	6000000100483578833
Q1243604	6000000175182390256
Q124360421	6000000013750738183
Q124360834	6000000202438744831
Q124360896	6000000025412465916
Q124360922	6000000174757669901
Q124360938	6000000174757441877
Q124361114	6000000008844617120
Q124361228	6000000025727507335
Q124361379	6000000002140597700
Q124361596	6000000009609261794
Q124361867	6000000006187100849
Q124361868	6000000005617971208
Q124361881	6000000016418231267
Q124361882	6000000001402219817
Q124361883	6000000020502513230
Q124361884	6000000003941335877
Q124361887	6000000002857158219
Q124361888	6000000003941335886
Q124361889	6000000001402286522
Q124361890	6000000043588635860
Q124361904	6000000024321494491
Q124361909	6000000004086791522
Q124361910	6000000020132468004
Q124361911	6000000004086791561
Q124361912	6000000004086791581
Q124361985	6000000022274652765
Q124361986	6000000022274883072
Q124361988	6000000003352189077
Q124361990	6000000005415337524
Q124361995	6000000028929307813
Q124361996	6000000028930066032
Q124361999	6000000003938315366
Q124362003	6000000028929856909
Q124362004	6000000002391558539
Q124362030	6000000032999986720
Q124362040	6000000015344719039
Q124362041	6000000015344678071
Q124362042	6000000056887878510
Q124362044	6000000001473405817
Q124362047	6000000001473477027
Q124362048	334569338570003411
Q124362052	6000000001843166275
Q124362056	6000000015344630015
Q124362057	6000000001540762213
Q124362058	6000000003478438454
Q124362099	6000000000469788568
Q1243621	6000000058058069054
Q124362133	6000000026404871022
Q124362134	6000000026405102955
Q124362136	6000000026403684070
Q124362138	6000000026404189049
Q124362142	6000000000966689012
Q124362143	6000000000925211727
Q124362146	6000000001299322154
Q124362154	6000000026405641890
Q124362155	6000000041565121043
Q124362167	6000000017755585606
Q124362169	6000000017755626541
Q124362171	6000000055725171972
Q124362198	6000000003811254765
Q124362199	6000000015651670350
Q124362240	6000000019626818435
Q124362305	6000000020132303265
Q124362320	6000000004086643837
Q124362343	6000000079902484871
Q124362397	6000000049238816953
Q124362435	6000000041881876304
Q124362438	6000000038798971135
Q124362441	6000000000491263382
Q124362443	6000000000316918067
Q124362444	6000000006444312510
Q124362447	6000000038825865034
Q124362464	6000000002802938147
Q124362465	6000000002802778802
Q124362466	6000000013231469262
Q124362467	6000000013241916656
Q124362468	6000000000171205649
Q124362484	6000000002665435891
Q124362510	6000000002802744731
Q124362511	6000000002802933078
Q124362516	6000000002802927203
Q124362517	6000000002802598975
Q124362519	6000000041881980015
Q124362529	6000000026257807786
Q124362531	6000000026258094092
Q124362535	6000000002968689088
Q124362568	6000000041881748756
Q124362570	6000000041905470089
Q124362571	6000000041906759125
Q124362575	6000000024890526327
Q124362601	6000000002802799406
Q124362605	6000000023467132489
Q124362609	6000000041904616517
Q124362611	6000000008199105940
Q124362620	6000000008198977616
Q124362623	6000000042952544164
Q124362624	6000000021650100790
Q124362756	6000000132465857881
Q124362788	6000000027949188882
Q124362789	6000000020921751710
Q124362792	6000000028317427360
Q124362793	6000000002965900852
Q124362829	6000000061711131392
Q124362849	6000000021661131103
Q124362855	6000000021661147284
Q124362856	6000000003937791420
Q124362857	6000000003939807477
Q124362858	6000000003936824260
Q124362859	6000000003939807561
Q124362868	6000000021661167447
Q124362869	6000000021661495821
Q124362871	6000000002860673396
Q124362872	6000000002860652422
Q124362879	6000000021661086628
Q124362880	297050636050003564
Q124362881	6000000010686018455
Q124362884	6000000004346054463
Q124362885	6000000002197813511
Q124362959	6000000061710906594
Q124362965	6000000192150726841
Q124362967	6000000049244652861
Q124362968	6000000005232430232
Q124362971	6000000005232430331
Q124362977	6000000181452261904
Q124362978	6000000040737011368
Q124362979	6000000026228649717
Q124362981	6000000000140951150
Q124362984	6000000026228565631
Q124363175	6000000042919950963
Q1243637	6000000058506783307
Q124363833	6000000001180246172
Q124363840	6000000014744074390
Q124363841	6000000014739771950
Q124363878	6000000002698400827
Q124363886	6000000002601488058
Q124363892	6000000001180243172
Q124364118	6000000024819794719
Q124364122	6000000006963926894
Q124364133	6000000009101433949
Q124364148	6000000020988294941
Q124364149	6000000096809232964
Q124364150	6000000098826653320
Q124364151	6000000031833162600
Q124364151	6000000098828040972
Q124364166	6000000020209906850
Q124364167	6000000012960714484
Q124364167	6000000031833209499
Q124364181	6000000026227617225
Q124364182	6000000012960602367
Q124364184	6000000021767712205
Q124364188	6000000026227590375
Q124364216	6000000026203330506
Q124364239	6000000087931285935
Q124364300	6000000016682123092
Q124364348	6000000188261724903
Q124364349	6000000188261957876
Q124364350	6000000188262260846
Q124364351	6000000081787391384
Q124364351	6000000188260709031
Q124364364	6000000041093693083
Q124364365	6000000176003032848
Q124364416	6000000000682126964
Q124364438	6000000011503410767
Q124364450	6000000014960923794
Q124364451	6000000024761120060
Q124364452	6000000094082409946
Q124364485	6000000019457149137
Q124364508	6000000084117615111
Q124364563	6000000036329328372
Q124364578	6000000072974241860
Q1243646	6000000022917704713
Q124364743	6000000061267264407
Q124365078	6000000000682232643
Q124365101	6000000008784838560
Q124365201	6000000001180239661
Q124365204	6000000001180239673
Q124365249	6000000177749526899
Q124365253	6000000077204492998
Q124365258	6000000002698405742
Q124365268	6000000000827351023
Q124365269	6000000000827343059
Q124365476	6000000013245022432
Q124365550	6000000012389098778
Q124365555	6000000015556883012
Q124365729	6000000003557407957
Q124366219	6000000003516105077
Q1243664	6000000022251720213
Q124366977	6000000077290785039
Q1243670	6000000039265711804
Q124367066	6000000005415869263
Q124367186	6000000008520227153
Q124367250	6000000002447420158
Q124367251	6000000008291319270
Q124367252	6000000005103215751
Q124367336	6000000146506872821
Q124367421	6000000011536693960
Q124367502	6000000026621767997
Q124367507	6000000026620110776
Q124367520	6000000026619906312
Q124367611	6000000041345957306
Q124367675	6000000025509627969
Q124367759	6000000025308285778
Q124367940	6000000025308398512
Q124367999	6000000001384215404
Q124368090	6000000077909482708
Q124368096	6000000012504591427
Q124368100	6000000010965665277
Q124368101	6000000025718813972
Q124368102	6000000025718051608
Q124368108	6000000034815272224
Q124368109	6000000016508207625
Q124368566	6000000029837042912
Q124368571	6000000029836523688
Q124368585	6000000029836878487
Q124368589	6000000006445018068
Q124368593	6000000002824545000
Q124368667	6000000000603088079
Q1243687	6000000017602027283
Q124368808	6000000004097755045
Q124368819	6000000004097755032
Q124368933	6000000004097755004
Q124368974	6000000031508706180
Q124369035	6000000029319912362
Q124369040	6000000150151002055
Q124369054	6000000029320157167
Q124369082	6000000002410668009
Q124369093	6000000002424697204
Q124369231	6000000020378502550
Q124369233	6000000000316559284
Q124369234	6000000000316441740
Q124369235	6000000001243705175
Q124369239	6000000020378498471
Q124369266	6000000002409644206
Q124369291	6000000002325070448
Q124369472	6000000003013882654
Q124369486	6000000000513997873
Q124369542	6000000000424413472
Q124369554	6000000023112492606
Q124370171	6000000150890895842
Q124370389	6000000177725238939
Q124370596	2386075
Q124370622	2386092
Q124371877	6000000001686420217
Q124372071	6000000003741174097
Q124372072	6000000007273551976
Q124372074	6000000149468535953
Q124372117	6000000010952249732
Q124372620	6000000151066819822
Q1243727	6000000166913075821
Q124372705	6000000043858721112
Q124372795	6000000049045814876
Q124372918	6000000015669947611
Q124373686	6000000075555261913
Q124375231	363624393870013538
Q124375862	6000000223771323903
Q124376729	6000000002041155190
Q124376747	6000000007938710036
Q124376980	6000000083875816892
Q124377104	6000000198021407826
Q124377744	6000000042310553937
Q124377856	6000000042310015445
Q124377957	6000000006809831020
Q124378227	6000000014438988251
Q124378333	6000000040390344381
Q124381565	6000000032839373798
Q1243816	6000000068427859821
Q124381649	6000000021494508922
Q1243818	6000000010953231375
Q124382174	6000000010702739303
Q124385860	6000000056233514074
Q124385910	6000000085842049837
Q1243860	6000000000181931569
Q124386137	6000000000351079070
Q124386490	6000000177235832821
Q124387375	6000000079864890835
Q124387425	6000000210527433828
Q124387447	6000000006126959931
Q124387449	6000000210527198871
Q124389122	6000000010618539065
Q124389600	6000000016249476162
Q124389636	6000000016249455568
Q1243898	6000000016394631715
Q124390250	6000000006608534668
Q124390926	6000000002302288875
Q124392523	6000000010223052445
Q124393849	6000000002897288020
Q124393850	6000000000672439718
Q124393851	6000000032797274130
Q124393852	6000000032194439784
Q124393853	6000000003940426388
Q124393854	6000000003940426374
Q124393856	6000000003937861393
Q124393858	6000000003939400728
Q124393859	6000000004630790413
Q124393863	6000000003940426358
Q124393865	6000000003939446175
Q124393868	6000000003938473221
Q124393869	6000000003937946467
Q124393871	6000000002504499412
Q124393886	6000000005772567143
Q124393893	6000000003940426381
Q124393895	6000000003939489532
Q124393896	6000000003939489296
Q124393900	6000000003939489310
Q124393902	6000000001902397433
Q124393904	6000000003939489580
Q124394011	6000000001925426292
Q124394013	6000000002978557262
Q1243942	6000000139711400855
Q124394722	6000000006727985052
Q124394989	6000000202610260824
Q124395049	6000000051433267088
Q124395141	6000000202611671841
Q124395212	6000000202613337829
Q124395273	6000000202614861829
Q124395356	6000000067157150824
Q124395368	6000000067156648897
Q124395433	6000000003830428156
Q124395445	6000000007757808099
Q124395527	6000000135064523822
Q124395550	6000000029030081253
Q124395907	6000000027048789522
Q124395919	6000000027049211032
Q124395951	6000000027685865347
Q124396134	6000000020193914491
Q124396135	6000000000855236487
Q124396148	6000000007818180047
Q124396889	6000000000682126886
Q124397	6000000024335252136
Q124397171	6000000150647183822
Q1243973	6000000014826692905
Q124398372	6000000050079864082
Q124399373	6000000009976730413
Q124399485	6000000000132928915
Q124399815	6000000003076377581
Q124399816	6000000003076198316
Q124399817	6000000001778682173
Q124399822	6000000074295783700
Q124399849	6000000009085274263
Q124399963	6000000021122929570
Q124400165	6000000085467110821
Q124400285	6000000068840209961
Q124400400	6000000019874997711
Q124400472	6000000019872611974
Q1244005	6000000024654065440
Q124402627	6000000018588295126
Q124407159	6000000078958781276
Q124407380	6000000151082509822
Q124408047	6000000210461448853
Q124408718	6000000050080079003
Q124408755	6000000009563127580
Q124409051	6000000018711029314
Q124409056	6000000016682809804
Q124409070	6000000018714954534
Q124409096	6000000018714778607
Q124409605	6000000219473996854
Q124409812	6000000008681140452
Q124409850	6000000020573281993
Q124412048	6000000030430155887
Q124412050	6000000012826535244
Q124412051	6000000060226199089
Q124412055	6000000007865203335
Q124412056	6000000001013336745
Q124412057	6000000001433384965
Q124412980	6000000002764898660
Q124413599	6000000202681113837
Q124413842	6000000221464861863
Q124413972	2159251
Q124414025	6000000221465594906
Q124414141	6000000085449484945
Q124414517	6000000150885846879
Q124414583	6000000026069586612
Q124414957	6000000195747735829
Q124415327	6000000008562607078
Q124416642	6000000202700499832
Q124417023	6000000150839253844
Q124417324	6000000202712842822
Q124417515	6000000011843934279
Q124418307	6000000022481844105
Q124418958	6000000077765730387
Q124418964	4783769180270041683
Q124418965	4797251581830076757
Q124418973	6000000187756449821
Q124419069	6000000202714391822
Q124419335	6000000006100983659
Q124419723	6000000001616500064
Q124419876	6000000152380149858
Q124420313	6000000082882075117
Q124421982	3947081151930042952
Q124422123	6000000011046559630
Q124422314	6000000083014861996
Q124422889	6000000084990363192
Q124422893	6000000151089613825
Q124422893	6000000152383773903
Q124423020	6000000019664182160
Q124423284	6000000202738053824
Q124423371	6000000019664170307
Q124423371	6000000196467751851
Q124423482	6000000202767488832
Q124423713	6000000007194074528
Q124423943	6000000002860853251
Q124423983	6000000017223263989
Q124423986	6000000020405118604
Q124423987	6000000001363869859
Q124425046	6000000009441146437
Q124425078	6000000019264133582
Q124425520	6000000002613057676
Q124425728	6000000017321872349
Q124425908	6000000167605299843
Q124425909	6000000109517699869
Q124426129	6000000028665649039
Q124426136	6000000077248432883
Q124426318	4827385522700026900
Q124426399	6000000013249475276
Q124427588	6000000006338574723
Q124428	6000000001033667173
Q124428955	6000000140113391938
Q124429259	6000000202773162822
Q124429274	6000000010520969910
Q124429275	6000000010521468408
Q124429279	6000000010521327862
Q124429287	368956187940012311
Q124429293	369035267280007504
Q124429296	6000000054427604967
Q124429304	6000000008260468340
Q124429312	6000000003937966245
Q124429319	368955510510005486
Q124429320	6000000010521461495
Q124429321	6000000000426770298
Q124429343	6000000202772892878
Q124429634	4783738837400042001
Q124429914	6000000040934251315
Q124429949	6000000019875154435
Q124430087	6000000011015876212
Q124430102	6000000040325866111
Q124431277	6000000202781988830
Q124431329	6000000142649833010
Q124431549	6000000008415751835
Q124432	6000000022917688896
Q124432821	6000000009330835221
Q124434176	6000000024930656912
Q124434243	4241110756830124450
Q124434316	6000000021241318875
Q124435186	6000000046208018314
Q124435396	6000000088139804100
Q124435495	6000000008461339189
Q124435552	6000000061604413002
Q124436044	6000000021239805527
Q124436046	6000000021238858576
Q124436174	6000000021239437251
Q124436188	6000000021240144226
Q124436203	6000000021239757937
Q124436225	6000000021238478504
Q124436717	6000000014961181855
Q124436767	6000000021238806336
Q124437697	6000000012117572763
Q124438883	6000000019818336744
Q124438993	6000000007329782193
Q124439	6000000075653900874
Q124439186	6000000019870565262
Q124439351	6000000019818215523
Q124439355	4629179060360039911
Q124439424	6000000008415351642
Q124439517	6000000019263578315
Q124439809	6000000020517421876
Q124439835	6000000002929449708
Q124444	6000000006998363556
Q124444519	6000000213994395823
Q124445442	6000000000614777906
Q124446	3775996
Q124448313	6000000035348445284
Q124448861	6000000014083971354
Q1244537	6000000021250676586
Q124454367	6000000019744846044
Q124454654	6000000078341457145
Q124455094	6000000018111639222
Q124455504	6000000024379945821
Q124457	6000000177095883830
Q1244572	6000000004593203892
Q124457294	6000000017534706303
Q1244579	6000000002043219318
Q124459200	6000000007449657457
Q124459251	6000000008762006863
Q124459638	5060514803880102014
Q124459674	6000000003692332348
Q124460239	6000000187359759843
Q124461045	6000000025740603558
Q124461124	6000000041135400706
Q124461206	6000000015132387357
Q124462	6000000010601189511
Q124462575	6000000004160989675
Q124462649	6000000202908685834
Q124462843	6000000099160740831
Q124463193	6000000037316410649
Q124463903	6000000012697881802
Q124464131	6000000020360865910
Q124464349	6000000011150227878
Q124464663	6000000024347529957
Q124466228	6000000009471847672
Q124466608	6000000078756717844
Q124468	6000000013083356379
Q124468092	6000000014083930507
Q124468100	6000000014084163159
Q124468382	6000000014084257031
Q1244688	6000000017926190668
Q124470565	6000000202909029822
Q124470669	6000000009439975278
Q124470923	6000000000652500544
Q124471059	6000000198040123871
Q124471379	6000000012706548373
Q124471566	6000000012706141701
Q124471705	6000000012721033065
Q124471797	6000000012722750011
Q124471972	6000000012726702282
Q124471978	6000000012726316744
Q124472007	6000000010693010345
Q124472015	6000000012726391681
Q124472429	6000000011551451942
Q124472440	6000000040556591926
Q124472441	6000000011551527466
Q124472512	6000000011628465103
Q124472612	6000000019977591988
Q124472627	6000000019978440345
Q124472636	6000000012739868130
Q124472698	6000000009447531567
Q1244732	6000000060989727947
Q124474652	6000000017316894135
Q124474681	6000000017316686921
Q124474893	6000000017685639161
Q124475038	6000000012936281131
Q124475707	6000000058498358848
Q124476302	6000000015758086421
Q124476305	6000000010210244379
Q124476469	6000000082533268137
Q124476916	6000000012748249340
Q124476930	6000000012748142441
Q124476973	6000000012748519535
Q124476985	6000000012748394565
Q124476990	6000000012721211532
Q124477058	6000000012751480765
Q124477158	6000000116547277822
Q124477167	6000000010443164250
Q124477175	6000000010673375480
Q124477196	6000000180605177837
Q124477207	6000000116526596835
Q124477224	6000000015710300493
Q124477239	6000000015158858490
Q124477320	6000000008972360094
Q124477338	6000000056964503044
Q1244777	6000000035553685304
Q124478238	6000000025741686938
Q124478330	6000000007754064864
Q124478364	6000000053892194972
Q124478401	6000000017299143677
Q124479110	6000000041610834754
Q124479161	6000000018611236615
Q1244798	6000000151247071849
Q124480	6000000180618795881
Q124480562	6000000029575224898
Q124481378	6000000046379869151
Q124481381	6000000046380345845
Q124481819	6000000026244448286
Q124481836	6000000026244256246
Q124481904	6000000023204753115
Q124483	6000000180422239850
Q124483166	6000000028304201070
Q124483461	6000000028304196943
Q124483471	6000000028303795369
Q124484781	6000000074290728864
Q124484791	6000000118601556843
Q124485793	6000000023921131938
Q124486235	6000000047511035067
Q124486289	6000000052622926878
Q124492	6000000067746218919
Q124494165	6000000037623149840
Q124494475	6000000069421705831
Q1244951	387914724570003105
Q1244962	6000000023655610967
Q124497729	6000000063313579844
Q124497745	6000000033431250864
Q1244985	6000000159110574866
Q124499018	6000000020290859405
Q124499077	6000000032830309418
Q1244992	6000000076884508662
Q124499337	6000000077112332823
Q124499375	6000000053056257936
Q124499586	6000000039090605057
Q1245	6000000090959973908
Q124500096	6000000002859090054
Q1245006	6000000037008184941
Q124503	6000000032812625129
Q1245050	6000000014566494583
Q1245065	6000000024863406863
Q1245073	6000000026866581315
Q124511990	6000000007449759359
Q124512208	6000000007449633435
Q124512240	6000000001389335385
Q1245128	6000000027166919221
Q124512987	6000000086751305893
Q1245134	6000000000568379218
Q1245136	6000000012918474754
Q124515	5444965442250020567
Q124515550	6000000036471103139
Q124515563	6000000008913673166
Q124515586	6000000011089104896
Q124515607	6000000015960048217
Q124515656	6000000007389158553
Q124515665	6000000007463869421
Q124516	6000000180619268829
Q124517807	6000000002203691143
Q124517841	6000000022492154873
Q124518908	6000000008416928233
Q124519164	6000000203042800828
Q124519376	6000000203053359846
Q124519809	6000000021399779499
Q124522	6000000103865219848
Q124526	6000000127041916879
Q124526306	6000000184918920850
Q124526313	6000000003075897079
Q124526325	6000000217553759829
Q124526372	6000000040370429764
Q124526408	6000000177145975823
Q124526468	6000000023406330423
Q124526472	5093432790720081366
Q124526477	6000000203056508829
Q124526530	6000000203057336831
Q124526580	6000000027859884248
Q124526670	6000000006338642928
Q124526779	6000000067670759997
Q124526823	6000000026668111564
Q124527	6000000004188923506
Q124527822	6000000000836170011
Q124527849	6000000001443845033
Q124527850	6000000003939542337
Q124527857	6000000067344160037
Q124527858	6000000107090568858
Q124527860	6000000067344599844
Q124528108	6000000000999912223
Q124528540	6000000074830389145
Q124528543	6000000074830398184
Q124528668	6000000030733838450
Q124528798	6000000001216225124
Q124528919	6000000000998073700
Q124529	6000000014313330247
Q124532341	6000000000998085667
Q124533398	6000000000997828686
Q124534	6000000020719378074
Q124535	6000000176410547963
Q124535383	6000000030735636887
Q124535482	6000000030735697844
Q124535516	6000000030735664915
Q124535782	6000000000998085641
Q124536328	6000000223771515826
Q124537219	6000000203083831851
Q1245373	6000000083408992495
Q124537814	6000000017766804483
Q124537840	6000000017767087205
Q124537892	6000000018329431360
Q124537894	6000000006968837828
Q124538145	6000000000999329697
Q124538151	6000000009463653512
Q1245382	6000000008038764576
Q124538201	6000000051217793965
Q124538221	6000000046282999087
Q124539963	6000000061251260232
Q124540197	6000000050953175241
Q124540217	6000000050953560868
Q124540283	6000000198995495827
Q12454032	6000000022866961468
Q124542297	6000000168203476862
Q124542402	6000000196709950842
Q124542425	6000000000999255444
Q124542489	6000000000999443529
Q124542557	6000000003481741234
Q124542782	6000000003481741043
Q124543079	6000000000999485984
Q124543607	6000000003481738998
Q124543683	6000000030734057696
Q124544	6000000026354335966
Q124544105	6000000003481626936
Q124544455	6000000083189964338
Q124544468	6000000030734309318
Q124544506	6000000061252111093
Q124544649	6000000000999491543
Q124544923	6000000001006764708
Q124545139	6000000013791678342
Q124547693	6000000010131838527
Q1245477	6000000088148852832
Q124547716	6000000010132294327
Q124547991	6000000010570387882
Q124549057	6000000042970320235
Q1245508	6000000091261641867
Q1245542	6000000036703876326
Q1245563	6000000010059312188
Q124559	6000000108035168822
Q124561	6000000030844046988
Q124561679	6000000003939558225
Q124562366	6000000013062277181
Q124562462	6000000003939536928
Q124562472	6000000003939587622
Q124562483	6000000039792542171
Q124562487	6000000024117694031
Q124563757	6000000018646900451
Q124566	6000000018939678609
Q1245660	6000000083820037198
Q124566427	6000000009803586291
Q124566501	6000000009626118841
Q124567058	6000000010047746497
Q124567074	6000000009803209646
Q124567506	6000000009794676315
Q1245677	6000000009287122624
Q1245684	6000000039555686462
Q124569	6000000069950005037
Q1245693	6000000012669888237
Q124570	6000000183564163867
Q124571046	6000000001008050487
Q124571060	6000000001008053405
Q124571135	6000000001008053437
Q124571355	6000000001008013833
Q124571551	6000000001008152437
Q124572073	6000000077288959411
Q124573	6000000003052909360
Q124575980	6000000006127170955
Q124580036	6000000203174941835
Q124582	6000000004996522385
Q1245823	6000000079111844451
Q124583013	6000000203210542858
Q1245845	6000000010799237660
Q124588625	6000000016211774702
Q1245887	6000000078109015862
Q124588949	6000000018577351646
Q124589279	6000000018408765667
Q124589646	6000000018141812107
Q124591313	6000000102999010436
Q124592377	6000000044277773282
Q1245932	6000000045710923962
Q124597016	6000000018377468933
Q124597747	6000000201096511167
Q124598020	6000000061776430834
Q124598115	6000000030618366828
Q124598582	6000000015181050673
Q124598599	6000000061088713045
Q124598682	6000000025066780258
Q124598682	6000000025067047958
Q124598752	6000000021631518550
Q124598810	6000000011585018910
Q124598813	6000000018345388724
Q124598882	6000000016515882011
Q124599150	6000000018079841534
Q124599208	6000000003526914368
Q124600	6000000004969886938
Q1246005	6000000024517773426
Q124600907	6000000001007823885
Q124601802	6000000001006468295
Q124602	6000000106723566821
Q124603164	6000000050822148989
Q124604897	6000000050822121014
Q124604973	6000000001008112076
Q124605185	6000000006127170927
Q124605384	6000000009283266955
Q124605938	6000000001505993530
Q124607	6000000175987112821
Q124607153	6000000000999997243
Q124607190	6000000083699902901
Q124607199	6000000083700156852
Q124607242	6000000083699101250
Q1246075	6000000018757455832
Q124607819	6000000013630930578
Q124607966	6000000018045825034
Q124608252	6000000017298990327
Q124608268	6000000016360104624
Q124608326	6000000016373015069
Q124608397	6000000210924899842
Q124608421	6000000016372917649
Q124608564	6000000016359915974
Q124608579	6000000016359905948
Q124608586	6000000016360397808
Q124609191	5060590287330102396
Q124609252	6000000020022328341
Q124609306	6000000024278985515
Q124609316	6000000024279270127
Q124609592	6000000013482349227
Q124609705	6000000050471490468
Q1246106	6000000155217744824
Q124611190	6000000017988393512
Q124611432	6000000196676724838
Q124611539	6000000018391910049
Q124612011	6000000023475136298
Q124612837	6000000203807391824
Q124613229	6000000018596051896
Q124613240	6000000011865527476
Q124613282	6000000011865000709
Q1246133	6000000025140074695
Q124613302	6000000011864653766
Q124613336	6000000011865876539
Q124613383	6000000001008153708
Q124613431	6000000001008246221
Q124613549	6000000001008273301
Q124613572	6000000001008209054
Q124613605	6000000001008246384
Q124613729	6000000030706763814
Q1246138	6000000016722769234
Q124613835	6000000030733752029
Q124613861	6000000084142979297
Q124613985	6000000037622567006
Q124614031	6000000037622439259
Q124614087	6000000040434201311
Q124614285	6000000030692337631
Q124614659	6000000017767028237
Q1246147	6000000161385176822
Q124614778	6000000017766970075
Q1246157	6000000182783970822
Q124615896	6000000026861040391
Q124615908	6000000088563399129
Q124615930	6000000088564926987
Q124615945	6000000016528351992
Q124616	6000000120334710902
Q1246162	6000000132446338867
Q124617	6000000010743476239
Q124617098	6000000165597232145
Q124617538	6000000074668848939
Q124617581	6000000070737737823
Q124617643	6000000203264337823
Q124617846	6000000074669071838
Q124618688	6000000001611081491
Q124618759	6000000008595570199
Q124618777	6000000011200269222
Q124618790	6000000011872666390
Q124619853	6000000008349562532
Q124621980	6000000195334687830
Q1246222	6000000014339322221
Q124622583	6000000009101294629
Q124623006	6000000018172982674
Q124623924	6000000039761069092
Q124624174	6000000195301091845
Q124624577	6000000002922729209
Q124624664	6000000003193534889
Q124625976	6000000018432055482
Q124626909	6000000013806413206
Q124628994	6000000013184378906
Q124629101	6000000021288530970
Q124629170	6000000014984429029
Q124629515	6000000037727928971
Q1246298	6000000031949888384
Q124629808	6000000149848434848
Q1246299	6000000032624018996
Q124630132	6000000172576408272
Q124630227	6000000107454279946
Q1246305	6000000001504396584
Q124630698	6000000072069051979
Q124631905	6000000021176004863
Q124631946	6000000021161266982
Q124632030	6000000058917767017
Q124632040	6000000026587006764
Q1246322	6000000001916892847
Q1246324	6000000015212885221
Q1246330	6000000001504715136
Q124633008	6000000205792735891
Q124633445	6000000010372382649
Q124633495	6000000028539430029
Q1246335	6000000006727764363
Q1246340	6000000006727778527
Q1246353	6000000000367166870
Q124635921	6000000016836497418
Q124636	6000000024984546824
Q124636115	6000000001462339611
Q124636263	6000000012744036152
Q124636857	6000000025606242945
Q1246374	6000000015738366248
Q124637780	6000000204645858834
Q124638206	6000000009796793430
Q1246383	6000000145077080863
Q124638361	6000000204543160828
Q124638527	6000000204645950834
Q124638749	6000000204646403826
Q1246390	6000000005791608179
Q124640198	6000000024213767445
Q124644	6000000133098531876
Q124645101	6000000024050303186
Q124645115	6000000001562912124
Q124645120	6000000006175856513
Q124645122	6000000007061686012
Q124645126	6000000001562912138
Q124645129	6000000006516318001
Q124645131	6000000000688957656
Q124645197	6000000006110694611
Q124645269	6000000007273335518
Q124645575	6000000021240089864
Q124645600	6000000021240051082
Q124645607	6000000021239397702
Q1246461	6000000000489534580
Q124646423	6000000002508969225
Q124646440	6000000004314399987
Q124646983	6000000195403990822
Q124647072	6000000194083294846
Q124647097	6000000195038102877
Q124647276	6000000011198405031
Q124647309	6000000016612379178
Q124647323	6000000009816669741
Q124649176	6000000009758401555
Q124649233	6000000007482225109
Q124649546	6000000199084695837
Q124649910	6000000052988190435
Q124649911	6000000038556072973
Q1246500	6000000141115945822
Q124650089	6000000043322577865
Q124650191	6000000018779541540
Q124650195	6000000013187283611
Q124650200	6000000002435538363
Q124650207	6000000203425195822
Q124650217	6000000051828664126
Q124650369	6000000025469974908
Q124650373	6000000077296429645
Q124650867	6000000024375751710
Q124650870	6000000024365069418
Q124650889	6000000006252989189
Q124650890	6000000006252989152
Q124650891	6000000010111689249
Q124650933	6000000128706948875
Q124650934	6000000006579884291
Q124650945	6000000002859803210
Q124650947	6000000004005145480
Q124650985	1972060
Q124650988	6000000085877925985
Q124651004	6000000017350246236
Q124651005	6000000002603735208
Q124651072	6000000003939542242
Q124651074	6000000003937957211
Q124651081	6000000000426711019
Q124651674	6000000003939558085
Q124651676	6000000006969951152
Q124651680	6000000000612565276
Q124651699	6000000002541304709
Q124651704	6000000003939587615
Q124651706	6000000003939587283
Q124651711	6000000036616207924
Q124651713	6000000003939587630
Q124651714	312449029230007121
Q124651715	6000000003940678045
Q124651717	6000000003937814960
Q124651719	6000000003937814923
Q124651803	6000000011188040946
Q124651804	6000000001579469382
Q124651810	6000000022969285197
Q124651811	6000000003077002102
Q124651879	6000000138910432125
Q124652185	6000000002508940213
Q124652231	6000000022762899685
Q124652233	6000000022762700734
Q124652235	5646582705800038920
Q124652237	6000000065636914699
Q124652237	6000000178215599823
Q124652247	6000000065638260879
Q124652248	6000000007424369350
Q124652251	6000000001338450800
Q124652252	6000000001560073218
Q124652257	6000000001338655226
Q124652259	6000000021136636914
Q124652260	6000000006450651320
Q124652265	6000000178614514840
Q124652267	6000000042857826995
Q124652268	6000000042786448316
Q124652269	6000000042786471324
Q124652271	6000000042786911476
Q124652291	6000000081043513594
Q124652295	6000000080768439942
Q124652296	6000000080665250931
Q124652297	6000000028304610975
Q124652298	6000000017498877426
Q124652301	6000000025245558214
Q124652302	6000000019250055732
Q124653154	6000000000834229388
Q124653156	6000000001011746832
Q124653158	6000000003389626196
Q124653163	6000000002010622657
Q124653171	6000000000834229261
Q124654067	6000000011514659434
Q124654549	6000000035019433871
Q124654790	6000000002831290163
Q124655000	6000000204543319821
Q124655273	6000000204646093843
Q124655284	6000000077049939341
Q124655349	4377784605740053019
Q124655352	6000000176337124852
Q124655354	6000000176336881847
Q124655355	6000000176337535824
Q124655356	6000000176336904868
Q124655357	6000000023899503979
Q124655358	6000000023899481899
Q124655365	4776231370920122386
Q124655369	4785314537420029363
Q124655372	6000000080839312936
Q124655373	6000000031232075988
Q124655375	6000000025079829337
Q124655377	6000000025080034397
Q124655378	6000000002018346001
Q124655379	6000000002018350006
Q124655380	6000000025080561167
Q124655381	6000000008699794164
Q124655384	6000000008700062648
Q124655425	6000000119280545066
Q124655871	6000000038530112939
Q1246573	6000000003216068330
Q124657376	6000000023075005525
Q1246576	6000000039362484951
Q124658766	6000000018435990432
Q124659253	6000000055078886901
Q1246597	6000000078762594817
Q124659945	6000000024488466538
Q124660027	6000000007905320278
Q124660322	6000000170050099827
Q124660689	6000000080550923365
Q124660870	6000000021239906467
Q124660918	6000000014768990746
Q124660918	6000000210735903843
Q124660923	6000000014769347698
Q124661050	6000000024730381441
Q124661225	6000000223771448884
Q124661560	6000000016009795660
Q124661741	6000000172704437823
Q1246621	387290147850003078
Q124662357	6000000019919271778
Q124662518	6000000200489001825
Q124662523	6000000200488949835
Q124662626	6000000015961731897
Q124662627	6000000007362489877
Q124662628	6000000000900689787
Q124662632	5510589052980123391
Q124662638	5510579848460086741
Q124662642	5510573081720048160
Q124662648	5510566384240032273
Q124662680	6000000027191257777
Q124662701	6000000026313936217
Q124662710	6000000003812870340
Q124663122	6000000077332478963
Q124663126	6000000010665594884
Q124663127	6000000001509396984
Q124663142	6000000077331523634
Q124663145	4838522899900036629
Q124663150	361265475370013581
Q124663157	6000000055092818951
Q124663183	6000000001509746144
Q124663184	4838408544850051509
Q124663196	6000000041451275105
Q124663200	6000000041451363082
Q124663205	6000000041451049428
Q124663206	6000000041451146262
Q124663212	6000000017027287907
Q124663258	6000000024800654040
Q124663272	6000000005739948174
Q124663278	6000000005600601102
Q124663318	6000000000554761549
Q124663324	6000000091817374003
Q124663328	6000000000554838340
Q124663341	6000000000554799537
Q124663350	6000000002677772335
Q124663357	6000000000181187064
Q124663359	6000000003634875603
Q124664022	6000000010837427446
Q124664827	6000000006360237659
Q124665	6000000011948347773
Q124665321	6000000042680256241
Q124666319	6000000018318696764
Q1246664	6000000069510937822
Q124666718	6000000114031246853
Q124667880	6000000035865143924
Q124668005	3805841
Q1246683	6000000014585383383
Q1246692	6000000031273583957
Q124669368	6000000016155709984
Q124669877	6000000031250979134
Q124670513	6000000035217744952
Q124670709	6000000203551686839
Q124671574	6000000203554730823
Q124671604	6000000047371340927
Q1246718	6000000168990661119
Q124672002	6000000024758372899
Q124672042	6000000183529410821
Q1246726	6000000040586460180
Q12467437	6000000068387774959
Q124675790	6000000022977870378
Q124679434	6000000072419786896
Q124680824	6000000204109844912
Q124680896	6000000042864757714
Q124680904	6000000002435530864
Q124681022	6000000202044598835
Q124681063	6000000005085390119
Q124681070	4436121906510086453
Q124681078	4281484131250046204
Q124681093	6000000001488603368
Q124681993	6000000025504476203
Q124682079	6000000003082957039
Q124682687	6000000003273846743
Q124683022	6000000003273995286
Q124683044	6000000004160122589
Q124683109	6000000002613953447
Q124683121	6000000003082667335
Q124683135	6000000003274275737
Q124683136	6000000015314260735
Q124683149	6000000003274238961
Q124683150	6000000004160287882
Q124683522	6000000003274438670
Q124683543	6000000004160520340
Q124683633	6000000071611123006
Q124683781	6000000006600694152
Q1246839	6000000026106484033
Q124683928	6000000172633692169
Q124684095	6000000042539014050
Q124684448	6000000189173264835
Q124684448	6000000192675079926
Q124684458	6000000189173496822
Q124684458	6000000192659962830
Q124685099	6000000010546215424
Q124685172	6000000017298783503
Q124685176	6000000018096472917
Q124685182	5708161875780028520
Q124685212	6000000006802418707
Q124685239	6000000004263832428
Q124685249	6000000002076933869
Q124685272	6000000007403821592
Q124685282	6000000001169464222
Q124685285	6000000194809083838
Q124685296	6000000194808939822
Q124685297	6000000001727104550
Q124685389	6000000026107200938
Q124685389	6000000027614084973
Q124685396	6000000076922034163
Q124685400	6000000113724514863
Q124685403	6000000103333968031
Q124685404	6000000001382965839
Q124685405	6000000022835137942
Q124685407	6000000003681550290
Q124685408	6000000001382965832
Q124685409	6000000006444200045
Q124685420	6000000009154633121
Q124685582	6000000024988527006
Q124685659	6000000024988148414
Q124685780	6000000057472866837
Q1246881	6000000012722623013
Q1246891	6000000062338207950
Q124690250	6000000014775076931
Q124690514	6000000218767235856
Q1246913	6000000033277077103
Q1246921	6000000021944022762
Q124692378	6000000185222354828
Q124692613	6000000011285397539
Q124692958	6000000012365872772
Q124693049	6000000003274621171
Q124693158	6000000025259824687
Q124693464	6000000006454445224
Q124694230	6000000002765163425
Q124694291	6000000023992701564
Q124694373	6000000078378412902
Q124694376	6000000041857197853
Q124695113	6000000027985328272
Q124695129	6000000027984966365
Q124695171	6000000024861319291
Q124695296	6000000002151613122
Q124695340	6000000006292395694
Q124695344	6000000006290795998
Q124695346	6000000006291695230
Q124695402	6000000035306818380
Q124695411	6000000026464199628
Q124695423	6000000020020489105
Q124695430	6000000001921559687
Q124695433	6000000035308945303
Q124695434	6000000012689490735
Q124695437	6000000035306765884
Q124695485	6000000020248714864
Q1246956	6000000003149909563
Q124695732	6000000003147164242
Q124695734	6000000002950457948
Q124695735	6000000002950443087
Q124695737	6000000003040502160
Q124695737	6000000195067103853
Q124695747	6000000003076684366
Q124695773	6000000033114495510
Q124695775	6000000009495857797
Q124695776	6000000003937657581
Q124695780	6000000003937657566
Q124695781	6000000003939372013
Q124695783	6000000004575003717
Q124696061	6000000178650796826
Q124696248	6000000017358384482
Q124696816	6000000027986770808
Q124697758	6000000054687526850
Q12470073	6000000007980534805
Q124702	6000000177230480946
Q1247038	6000000015443100363
Q124704	6000000077487872687
Q1247041	6000000136787347115
Q1247043	6000000007425743618
Q1247054	6000000056594015450
Q124706415	6000000014191782836
Q12470645	6000000017488197289
Q1247067	6000000024601001348
Q124707380	6000000027987538182
Q12470752	6000000000123008781
Q124708	6000000013355416861
Q124708509	6000000014192018956
Q124708571	6000000014102730410
Q124708625	6000000014192048442
Q124708656	6000000014192220181
Q124708700	6000000069428297849
Q124708926	6000000014819351469
Q124708944	6000000012343242292
Q124709018	6000000024756962833
Q124709127	6000000006579844864
Q124709128	6000000003541035838
Q124709231	341181212160012736
Q124709233	5143843054770023652
Q124709235	383541118380006559
Q124709238	6000000006423110520
Q124709242	6000000000874178325
Q124709248	5143843042070023646
Q124709249	5143845963320065867
Q124709250	6000000004375198410
Q124709251	6000000002797787052
Q124709256	6000000006423288128
Q12470948	6000000003110778449
Q12470962	6000000039262543344
Q124709993	6000000000933444061
Q124710011	6000000007244281689
Q124710013	6000000002364324580
Q124710025	6000000002305269167
Q124710026	6000000003940047918
Q124710027	6000000002702108713
Q124710057	6000000200117274873
Q124710409	6000000015159838945
Q124710421	6000000017866504145
Q124710642	6000000179192855856
Q124710684	6000000027834865984
Q124710987	6000000077055022336
Q124711004	6000000203666394026
Q124711026	6000000024988592995
Q124711353	6000000042701292267
Q124711354	6000000203669503826
Q1247114	6000000028775474982
Q124711437	6000000017626659332
Q124711470	6000000021159974967
Q124711473	6000000021159827151
Q124711480	6000000008322058270
Q124711578	6000000008322140355
Q124711582	6000000078054716325
Q124711583	6000000037288087913
Q124711646	6000000008322040433
Q124712011	4527007122730050649
Q12471254	6000000003246643544
Q124712709	6000000135673802865
Q124712964	5150378295420046849
Q124713165	6000000032035875313
Q124713196	6000000003937971780
Q124713197	6000000003937971788
Q124713200	6000000003937971299
Q124713211	6000000022395948240
Q124713212	6000000022396194875
Q124713214	6000000022396145123
Q124713215	6000000004851364801
Q124713422	6000000003714754327
Q124713423	6000000125168543830
Q124713424	6000000001451259915
Q124713425	6000000001646998062
Q124713426	6000000003939777271
Q124713427	6000000005053706220
Q124713429	6000000003195425453
Q124713430	6000000006574726603
Q124713431	6000000004570593959
Q124713433	6000000001586998194
Q124713571	6000000032324177812
Q124713680	6000000001179436513
Q124713689	6000000005790382140
Q124713693	6000000088581224700
Q124713694	6000000038508470089
Q124713713	6000000003939777257
Q124713714	6000000003938340078
Q124713717	6000000003941180366
Q124713719	6000000003937982395
Q124713727	6000000003195570005
Q124713739	6000000110847915849
Q124713892	6000000007241405739
Q124713893	6000000007241271130
Q124713895	6000000001980946978
Q124713898	6000000001980946960
Q124713901	6000000007241476966
Q124713903	6000000004590321664
Q124713906	6000000014147886395
Q124713909	6000000014148133625
Q124713911	6000000029186147987
Q124713915	6000000024657813288
Q124713916	6000000150831896917
Q124713917	6000000001244992082
Q124713918	6000000024657425665
Q124713919	341011153620013149
Q124713926	6000000012580695270
Q124713927	6000000004675722507
Q124713929	6000000004675502957
Q124713931	6000000004677466003
Q124713945	6000000022177587882
Q124713947	6000000001666300914
Q124713951	6000000002327683403
Q124713992	6000000062562173377
Q124713993	6000000046082215153
Q124713994	6000000015382820507
Q124713995	6000000000682255604
Q124714089	6000000013469287868
Q124714099	6000000052880086890
Q124714103	6000000052880124858
Q124714104	6000000052879833280
Q124714106	6000000026245704857
Q12471506	6000000001797387222
Q1247154	5173856197270107031
Q124716489	6000000215174569835
Q1247176	6000000164267825821
Q124718784	6000000001312521035
Q124718830	6000000215174444844
Q124718885	6000000215173465830
Q124718901	6000000203668528925
Q124719024	6000000087934175846
Q124719123	6000000203687801841
Q124719165	6000000009244558311
Q124719166	6000000011460029259
Q124719167	6000000007176460705
Q124719172	6000000011459872869
Q124719173	6000000011460263401
Q124719174	6000000002666169605
Q124719192	6000000024488151880
Q124719193	6000000024487950501
Q124719193	6000000198695531470
Q124719231	6000000001424444183
Q124719232	6000000069383601839
Q124719233	6000000058503828086
Q124719234	6000000007485149268
Q124719239	6000000080182303621
Q124719241	6000000024486979181
Q124719243	6000000001213105422
Q124719246	6000000001208982713
Q124719247	6000000060500644859
Q124719255	6000000029226720697
Q124719265	6000000000047048021
Q124719266	6000000017624882851
Q124719270	327941246870002962
Q124719271	6000000000770087578
Q124719274	6000000003076112403
Q124719284	6000000000046975057
Q124719292	6000000088594905833
Q124719307	6000000002348682153
Q124719316	6000000022106332782
Q124719318	6000000005794185910
Q124719319	6000000005794002203
Q124719323	6000000010808941188
Q124719325	6000000001343978526
Q124719327	6000000005794185920
Q124719328	6000000005794188998
Q124719330	6000000005794190069
Q124719331	6000000005794190065
Q124719492	6000000215173419835
Q124719493	6000000215173179845
Q124719542	374268663200003824
Q124719543	6000000069993844378
Q124719544	6000000032633790146
Q124719547	6000000000068441409
Q124719548	6000000006446055899
Q124719557	6000000003938196982
Q124719559	6000000003938196989
Q124719561	6000000002996355278
Q124719562	6000000002135301583
Q124719587	6000000000211147535
Q124719587	6000000002705083028
Q124720022	6000000215173769821
Q124721124	6000000001384284835
Q124721129	6000000009045383760
Q124721134	6000000001384337551
Q124721136	6000000003937471233
Q124721203	6000000019560575171
Q124721205	6000000017114713297
Q124721209	6000000002721550096
Q124721210	6000000003939157957
Q124721217	6000000017113605992
Q124721218	6000000019231107225
Q124721222	370485449060012446
Q124721245	6000000007006809032
Q124721248	6000000019764851757
Q124721260	6000000020881127002
Q124721261	6000000020880978635
Q124721262	6000000002980195078
Q124721262	6000000020880925683
Q124721276	6000000002802943228
Q124721276	6000000026282572922
Q124721279	6000000002980085682
Q124721280	2850683
Q124721282	379512702600012824
Q124721284	6000000000196475583
Q124721297	6000000026280082636
Q124721300	6000000026281176166
Q124721309	6000000026280694291
Q124721556	6000000002802705991
Q124721571	6000000061712197856
Q12472166	6000000007645148939
Q124722181	6000000002869903083
Q124722196	6000000029863188023
Q124722210	6000000111525145821
Q124722226	6000000029863122074
Q124722240	6000000003938080576
Q124722255	6000000008300579052
Q12472231	6000000000254744472
Q124722501	6000000140733406959
Q124722516	6000000140733388891
Q124722531	6000000090243044392
Q124722546	6000000085824940040
Q124723119	6000000002954591872
Q124723133	6000000003938040399
Q124723146	6000000003522885871
Q124723163	6000000004239401755
Q124723289	6000000001609324383
Q124723692	6000000004380968760
Q124723706	4656324000020069407
Q124723720	6000000052590827160
Q124723733	6000000055523458953
Q124723747	6000000003937912553
Q124723762	6000000000966158200
Q124723775	4655487793240078268
Q124723926	6000000015448501374
Q124723950	6000000015481796051
Q124723964	6000000006802935666
Q124723977	6000000006030914002
Q124723991	6000000008048472031
Q124724006	6000000003939157965
Q124724027	6000000009085272127
Q124724273	6000000000497362697
Q124724277	6000000003243374464
Q124724292	6000000002930821920
Q124724308	6000000006569392517
Q124724380	6000000002930821444
Q124724394	6000000004579636136
Q124724488	6000000021754010158
Q124724502	6000000034121743202
Q124724517	6000000013601538765
Q124724531	6000000009216904369
Q12472454	6000000001262976203
Q124724543	6000000003022150547
Q124724620	6000000009036300076
Q124724633	6000000002766441994
Q124724647	6000000003243374374
Q124724662	6000000011657332935
Q124724710	6000000013278116756
Q124724724	6000000004579640535
Q124724816	6000000006123573236
Q124724819	6000000004057980532
Q124725291	6000000075666919172
Q124725303	6000000151368407174
Q124725316	6000000040982908322
Q124725334	6000000067161791875
Q124725352	6000000067161587900
Q124725366	6000000067162097823
Q124725753	6000000017906586202
Q124725760	6000000000670027638
Q124725772	6000000000641959850
Q124725785	6000000016266558021
Q124725816	6000000021357104122
Q124726129	6000000008220867625
Q124726339	6000000175816604123
Q124726382	6000000175816604133
Q124726569	6000000204543736828
Q124726772	6000000204543429822
Q124727074	6000000174231250842
Q124727127	6000000204646012844
Q124727262	6000000071611970928
Q124727694	6000000019734077120
Q124727861	6000000039442933365
Q124727916	6000000038560780594
Q124728004	6000000011580924331
Q124728017	6000000009358515484
Q124728030	6000000008770603737
Q124728434	6000000214715618845
Q124728487	6000000015723867851
Q124728488	6000000007454489863
Q124728507	6000000015723867856
Q124728515	6000000000401023039
Q124728521	4285285
Q124728522	6000000002964584603
Q124728534	6000000001393609637
Q124728536	6000000001393655423
Q124728537	6000000001393773145
Q124728538	6000000008213247414
Q124728539	6000000006150362312
Q124728541	6000000002106093940
Q124728546	6000000015643772828
Q124728551	6000000015281903033
Q124728552	6000000003178081574
Q124728562	6000000000652278076
Q124728642	6000000008176770561
Q124728643	6000000008176770520
Q124728654	6000000008176770872
Q124728657	6000000006755286462
Q124728659	6000000000958063810
Q124728660	6000000000396430644
Q124728743	6000000001384708119
Q124728750	6000000012451074362
Q124728753	6000000012451014385
Q1247299	6000000039866270506
Q124731750	6000000006426535168
Q124731933	4958104524210038136
Q124731963	6000000003617709670
Q124731965	6000000003617504693
Q124731969	6000000000332048781
Q124731971	6000000008841435092
Q124731973	6000000007014726478
Q124731975	6000000006444438877
Q124731981	6000000003938659198
Q124731982	6000000024708605122
Q124731983	6000000000908878624
Q124732321	6000000065336000000
Q124733089	6000000124370516062
Q124733765	6000000007014432444
Q124734121	6000000010810703722
Q1247346	6000000002764509889
Q124734677	6000000000946880004
Q124734809	6000000001126526266
Q124734812	4053578108050031224
Q124734816	6000000000210020282
Q124734818	6000000000210104080
Q124734820	6000000000438175150
Q124734821	5266456509000084686
Q124734826	6000000003618253263
Q124734830	6000000085879730975
Q124734946	6000000002501901174
Q124735000	6000000019385548501
Q124735010	6000000001150442005
Q124735058	6000000001149336531
Q124735781	6000000014983874819
Q124735782	6000000014984134950
Q124735954	6000000199230551821
Q124736444	6000000021159827322
Q124736466	6000000089210707020
Q124736475	6000000089210228255
Q124736519	6000000000946464949
Q124736534	6000000006451510195
Q124736539	6000000026202949798
Q124737225	6000000009092649295
Q124737232	6000000018647485692
Q124737435	6000000018647598593
Q124738122	6000000001211490713
Q124738130	6000000069314361850
Q124738139	6000000069313804199
Q124738486	6000000081581964884
Q124739177	6000000204543974821
Q124739244	6000000204543927823
Q124739363	6000000014959526822
Q124739412	6000000204543671849
Q124739424	6000000069432426864
Q124739553	6000000069432493860
Q124739737	6000000014192978318
Q124740030	6000000014192944455
Q124740031	6000000069432458974
Q124740846	6000000179972958842
Q124742028	6000000009494179389
Q124742039	6000000016336597072
Q124742210	6000000037018438042
Q124742480	6000000014959511309
Q124742480	6000000215547273829
Q124742516	6000000014960920261
Q124742536	6000000014960873510
Q124742583	6000000204645558855
Q124742755	6000000014960978177
Q124742874	6000000208361977843
Q124743239	6000000209092280841
Q124743476	6000000204646986824
Q124743982	6000000014961128504
Q124743996	6000000023159814842
Q124744630	6000000016487037633
Q124744631	6000000028141338872
Q124744633	6000000002763164325
Q124744642	6000000028142506283
Q124744643	6000000028142510242
Q124744644	6000000007287990134
Q124744648	6000000002819178587
Q124744652	6000000006171257608
Q124744691	6000000215173623833
Q1247449	6000000069458070983
Q124745172	6000000022977972179
Q124745330	6000000026509571955
Q124745394	6000000082011625875
Q1247460	6000000080118130874
Q124746228	6000000006770008106
Q124746417	6000000106414716007
Q124746483	6000000106415624019
Q124746594	6000000078927486267
Q124746831	6000000013837148901
Q124746867	6000000106416873846
Q124747001	6000000013837067059
Q124747358	6000000045227700942
Q124748109	6000000204544031821
Q124748127	6000000009816696671
Q124748673	6000000006127494753
Q124749168	6000000096329650822
Q124749267	6000000014273347818
Q124749269	6000000014273523992
Q124749317	6000000000705239981
Q124750092	6000000149880552220
Q124750190	6000000026828170610
Q124750390	6000000014960974683
Q124750419	6000000014961032025
Q124750477	6000000014960456999
Q124750477	6000000015153221217
Q124750478	6000000014960770982
Q124750847	6000000037018680233
Q124751485	6000000017717311401
Q124752121	6000000016186558249
Q124753758	6000000124630440005
Q124754	6000000024861320301
Q124754023	6000000091239164544
Q124754113	6000000203837042839
Q124755086	6000000090933597822
Q124755113	6000000018443321414
Q124755116	6000000090934228077
Q124755116	6000000206987884895
Q124755817	6000000017326048455
Q124755912	6000000019701920226
Q124756284	6000000009432336708
Q124758906	6000000020879848672
Q124760127	6000000036490808833
Q124761997	6000000001792950475
Q124762228	6000000038250957859
Q124762246	6000000038250110514
Q1247642	6000000011494107311
Q1247650	6000000081183112835
Q124767717	6000000015868184485
Q124767751	6000000015874456805
Q124767892	6000000023401461201
Q124767909	6000000023035091863
Q1247683	6000000003232594221
Q124768966	6000000186617344862
Q1247696	6000000002647427422
Q124769647	6000000178284133822
Q124769973	6000000185352682850
Q124770141	6000000033212286218
Q124770234	6000000176452441852
Q124770262	6000000039726748296
Q124770275	6000000121967337942
Q1247703	6000000019090597642
Q124770390	6000000076846772825
Q124770505	6000000216052481827
Q124771176	6000000059560969669
Q124772	6000000144727625822
Q124773	6000000024945467107
Q1247746	6000000083130237337
Q12478570	6000000000237393739
Q124785782	6000000126027213824
Q124785842	6000000017777071347
Q124785933	6000000087557828907
Q124786557	6000000079301945827
Q124787048	6000000042249102835
Q124787215	6000000112892847259
Q124787427	6000000092013394825
Q124787462	6000000031509149607
Q124787551	6000000195043092874
Q124788167	6000000019447851130
Q124789160	6000000084997191833
Q124789172	6000000017775589351
Q124789284	6000000017777011302
Q124789328	6000000049949387862
Q124789394	6000000006434749334
Q124790155	6000000015340002595
Q124790672	6000000018944287970
Q124790684	6000000009816625590
Q124791783	6000000008825197404
Q124792274	6000000042418806292
Q124792455	6000000061266576251
Q124795893	6000000035262492933
Q124797208	6000000002587226151
Q124798552	6000000032645148256
Q124798594	6000000008961710642
Q124798606	6000000083821742946
Q124798606	6000000224209954882
Q124798609	6000000035308355848
Q124798724	6000000050033050842
Q124798817	6000000022491968267
Q124798909	6000000198680080834
Q124798938	6000000026981538049
Q124798988	6000000124346846848
Q124799205	6000000010091652686
Q124799518	6000000010552433935
Q124799675	6000000010552320820
Q12479977	6000000018808076419
Q124799997	6000000018648219726
Q124800007	6000000018648210355
Q124800143	6000000022375768414
Q124800154	6000000001958940888
Q124800159	6000000001382973888
Q124800160	6000000001382973769
Q124800163	6000000005587623799
Q124800166	6000000000953550902
Q124800169	6000000001382973755
Q124800170	6000000009154737603
Q124800172	6000000006719054170
Q124800175	6000000022490411675
Q124800180	6000000085790626836
Q124800181	6000000001382965796
Q124800184	6000000085789751062
Q124800186	6000000081372949918
Q124800187	6000000001958940815
Q124800188	6000000001959019541
Q124800189	6000000001958885667
Q124800192	6000000001958985845
Q124800193	6000000022491962090
Q124800196	6000000022491550510
Q124800199	6000000022491560640
Q124800204	6000000022492141986
Q124800241	4029250164280011126
Q124800244	6000000013546658824
Q124800281	6000000003824555247
Q124800286	6000000007632109943
Q124800295	6000000003846992461
Q124800297	6000000007848813625
Q124800330	6000000007632351276
Q124800333	6000000010772241334
Q124800369	6000000011537339963
Q124800380	6000000203928032829
Q124800656	6000000203947985855
Q124801219	6000000194210410843
Q124801345	6000000168176616213
Q1248015	6000000012033090553
Q124802801	6000000022105338763
Q124802805	6000000011717364833
Q124802806	6000000003077432983
Q124802807	6000000001727054839
Q124802809	6000000001727054790
Q124802811	6000000003148563536
Q124802813	6000000022105541846
Q124802814	6000000002331339389
Q124802815	6000000002334396184
Q124802817	6000000002334396204
Q124802819	6000000006119711348
Q124803102	6000000000624493150
Q124803303	6000000027930393100
Q1248034	6000000003891312044
Q124804773	6000000007992567983
Q124804792	6000000033244539979
Q124804792	6000000038237952537
Q124804792	6000000043660070078
Q124804792	6000000053549922189
Q124804809	6000000033244627880
Q124804809	6000000038238358869
Q124805255	6000000083821526851
Q124805410	6000000008390233991
Q124805417	6000000038675151940
Q124805475	6000000178423709886
Q124805505	6000000203948450828
Q124805543	6000000203949455847
Q124805659	6000000203949499891
Q124805686	6000000087406980185
Q124806649	6000000001669401351
Q124806854	6000000077364926604
Q124807324	6000000011658729060
Q1248085	6000000016299482837
Q124808611	6000000001180249960
Q124808741	6000000019733665802
Q124809327	6000000001672166255
Q124809384	6000000017053273343
Q124809549	6000000000677521837
Q124809853	6000000037766920823
Q124809932	6000000039887297771
Q124810197	6000000166748269155
Q124811195	6000000112884976829
Q124813559	6000000070100096930
Q12481369	6000000184665131824
Q124814784	6000000159422102821
Q124814895	6000000126052989833
Q124814898	6000000157116804827
Q124814899	6000000002860709311
Q124814900	6000000000383552249
Q124815075	6000000022198042123
Q124815095	6000000016964090941
Q124815229	6000000159365480852
Q12481718	6000000018505793740
Q12481747	6000000006196094639
Q124819	6000000001189095239
Q124819305	6000000015150525504
Q124819715	6000000015150751338
Q1248204	6000000006918385073
Q124820841	6000000041852880223
Q124820994	6000000027538568872
Q124821027	6000000021161383085
Q124821123	6000000008277996682
Q124821178	6000000008278199495
Q124821308	6000000004098072251
Q124821396	6000000004098072260
Q124821464	6000000174425941058
Q124821502	6000000001180084476
Q124821522	6000000174426342864
Q124821556	6000000174425051567
Q124821605	6000000174424927819
Q124821647	6000000046939049877
Q124821681	6000000046939027872
Q124821877	6000000002764770142
Q124821935	6000000000348866622
Q124821984	6000000005896395021
Q124822007	6000000036339577402
Q124822010	6000000036339943069
Q124822037	6000000049863498947
Q124822215	6000000024644672713
Q124822225	6000000002580592246
Q124822228	6000000007471352989
Q124822231	6000000002580397435
Q124822232	6000000002580397822
Q124822233	6000000002337794657
Q124822240	6000000007471779588
Q124822308	6000000000517869452
Q124822319	6000000004319371241
Q124822322	6000000002580362606
Q124822324	6000000002580589319
Q124822731	6000000204027132839
Q124823283	6000000006962975094
Q124823297	6000000006962713572
Q124823324	6000000024475215696
Q124823425	6000000022189394739
Q124823477	6000000008111744028
Q124823529	6000000035682517860
Q124823586	6000000001398483107
Q124823608	6000000018570338906
Q124823640	6000000002764778454
Q1248237	6000000015746508258
Q1248240	6000000055664266881
Q1248246	6000000142893443887
Q124824623	6000000022196920214
Q1248251	6000000023389083828
Q124825392	6000000174487395878
Q124825615	6000000022837963821
Q12482565	313304172280004066
Q124826	6000000173718573901
Q124826025	6000000002765047572
Q12482644	6000000014019761741
Q124826476	6000000018391745079
Q124826477	6000000002764890013
Q124827435	6000000014030919127
Q124827682	6000000037824863918
Q124827901	6000000017059365171
Q124829944	6000000004202176393
Q124830747	6000000011078778546
Q124830763	6000000011078780559
Q124831670	6000000021365371662
Q1248319	6000000064339433821
Q124831994	6000000014961196727
Q124832034	6000000014961189793
Q124832036	6000000014961325438
Q124832138	6000000149852491364
Q124832846	6000000189433970906
Q124832851	6000000014961081803
Q124832875	6000000028266010427
Q124832875	6000000094082718906
Q124832907	6000000014947925354
Q124832907	6000000028266053545
Q124833048	4199416560590061805
Q124833169	6000000028266185543
Q124833169	6000000043455443167
Q124833256	6000000014726531080
Q124833256	6000000028266365031
Q1248333	6000000140116225840
Q124833461	6000000002764770159
Q124833607	6000000002764778032
Q124834149	6000000026885266252
Q124834162	6000000026885428937
Q124834167	6000000003495267619
Q124834168	6000000011812835575
Q124834186	6000000003221740350
Q124834189	6000000005616998694
Q124834332	6000000006949889294
Q124834393	6000000006507924001
Q124834471	6000000002802365073
Q124834599	6000000002765050359
Q12483474	6000000202034662854
Q1248351	6000000111424158495
Q124835415	6000000002765041281
Q124837	6000000024336224628
Q124837131	6000000017938962727
Q124837382	6000000018569615713
Q124837819	6000000035373445546
Q124837862	6000000010712768201
Q124837985	6000000002764967206
Q124838069	6000000002764967211
Q124838075	6000000013059521014
Q124838189	6000000078768017665
Q124838333	6000000002765045145
Q124838387	6000000002765050999
Q124838437	6000000175337522360
Q124838464	6000000012444017694
Q124838567	6000000174463025261
Q124838593	6000000174462028714
Q124838629	6000000095073721994
Q124838660	6000000068112537821
Q124839	6000000180401015848
Q1248394	6000000074619272821
Q124841117	6000000157908780877
Q124841140	6000000078060199991
Q124841181	6000000025754468174
Q124841483	6000000142399514844
Q124841623	6000000003491703797
Q124841628	6000000027070818934
Q124842047	6000000003621865634
Q124842165	6000000069430767911
Q124842349	6000000039493952169
Q124842962	6000000035347163530
Q124843094	6000000038201134765
Q124843421	6000000046131426941
Q124843821	6000000070098713868
Q124843903	6000000005073321371
Q124843905	2045239
Q1248441	6000000003160063025
Q124844255	6000000190454926224
Q124845953	6000000032323351288
Q124846758	6000000024948236133
Q124846857	6000000202718705544
Q124846919	6000000070180759204
Q124846947	6000000006089708123
Q124847202	6000000190221899861
Q124848050	6000000108759722851
Q124848093	6000000014834940117
Q124848236	6000000001322374334
Q124848312	6000000002765050281
Q124848388	6000000026729579041
Q124848407	6000000050515092857
Q124848470	6000000014430237273
Q124848574	6000000033375854286
Q124848578	6000000003147057424
Q124848581	6000000007414916265
Q124848585	6000000001689922691
Q124848600	6000000012444136485
Q124848626	6000000001689922681
Q124848667	6000000014384693862
Q124848671	6000000020169940080
Q124848675	6000000020169722515
Q124848678	6000000020169496714
Q124848681	6000000001959660319
Q124848754	6000000017703869789
Q124848759	6000000017704062787
Q124848763	6000000022698495085
Q124848771	6000000007692300658
Q124848830	385281259380002470
Q124848868	6000000002764890991
Q124848980	6000000178450275821
Q124849041	6000000002765041293
Q124849087	6000000081202236054
Q124849111	6000000081201928110
Q124849165	6000000174454829389
Q124849274	6000000002802996853
Q124849367	6000000014713950330
Q124849452	6000000002765050327
Q124849555	6000000002802996840
Q124849658	6000000002765041287
Q124849819	6000000002765047903
Q124849922	6000000008673136579
Q124849974	6000000003147083971
Q124850085	6000000014102391218
Q124850229	6000000081203120910
Q124850321	6000000081203517943
Q124850618	6000000020472633980
Q124851	6000000079009680880
Q124851408	6000000026710579446
Q124853	6000000184241428835
Q124853216	6000000204110027907
Q12485350	6000000048492002965
Q12485364	6000000018058119851
Q124854	6000000056729337122
Q124855174	6000000199116574821
Q124855496	6000000019493965719
Q124855969	6000000037022339271
Q124856921	6000000028335522513
Q124856924	6000000028335030789
Q124856927	6000000028341011235
Q124856933	6000000028341006026
Q124856935	6000000008176721247
Q124858009	6000000018497662677
Q124858253	6000000083750038837
Q124858298	6000000046131768821
Q124858348	6000000083750148839
Q124858405	6000000046131029425
Q124858409	6000000046131257470
Q124858413	6000000046131886890
Q124858415	6000000046131573068
Q124858993	6000000019494123185
Q124859022	6000000002765050030
Q124859412	6000000012444165273
Q124859531	6000000182716209076
Q124859779	6000000022757241293
Q124859910	6000000002765050022
Q1248601	6000000138609922003
Q124861057	6000000007602269108
Q124861363	6000000010800084427
Q12486185	6000000009316615050
Q124861869	6000000174462218138
Q1248631	6000000166906935823
Q124863117	6000000007648851249
Q124864472	6000000014562519431
Q1248646	6000000025970353963
Q124864943	6000000051804242849
Q124865848	6000000012444133482
Q12486589	6000000011187382480
Q124866280	6000000010712464306
Q124866355	6000000010712069933
Q124866414	6000000006963220197
Q124866449	6000000006963057128
Q124866511	6000000006962852508
Q1248678	6000000082818471329
Q12486789	6000000000236636536
Q1248683	6000000166911911828
Q1248688	6000000145227093892
Q12486900	6000000018924955186
Q1248697	6000000141011485865
Q12486990	6000000003110931946
Q12487162	6000000044135387483
Q124874169	6000000024725040245
Q124874240	6000000022977211203
Q124875653	6000000195860001822
Q124876654	6000000204131685823
Q124877004	6000000204131462837
Q124877201	6000000015437988461
Q124877843	6000000026827619579
Q1248790	6000000081186374118
Q124879195	6000000001453069614
Q124879350	6000000085149702017
Q12488005	6000000006951974553
Q124880959	6000000040978540275
Q124880965	6000000006249895241
Q124881047	6000000040978579222
Q124881048	6000000040978463207
Q124881064	6000000006249852170
Q124881094	6000000022290681171
Q124881094	6000000033023814946
Q124881095	6000000003858812376
Q124881097	6000000006795486573
Q124881101	6000000004237813589
Q124881901	314108857320006058
Q124882126	6000000040978762989
Q124882339	6000000014915729941
Q124883015	6000000022190036428
Q124883045	6000000030749534556
Q124883211	6000000025902690120
Q124883211	6000000035137253125
Q124883252	6000000035136756649
Q124883298	6000000025902663100
Q124883334	6000000000251846206
Q124883335	6000000121884020856
Q124883336	6000000015866661102
Q124883338	6000000007250572677
Q124883339	6000000003649853741
Q124883744	6000000000834394417
Q124883748	6000000001959649785
Q124883759	6000000021143457434
Q124884202	6000000022266119475
Q124884372	6000000007780875776
Q124884374	6000000007781096571
Q124884375	6000000000494564547
Q124884376	6000000000618819863
Q124884379	6000000000618809606
Q124884383	6000000007781254338
Q124884396	6000000000180752649
Q124884399	6000000008681663350
Q124884585	6000000191241785853
Q124884586	6000000076524658871
Q124884588	6000000009431592156
Q124884620	6000000204132161884
Q12488464	6000000019029489022
Q124884646	6000000001689764600
Q124884675	6000000011802356510
Q124884686	6000000000315801527
Q124884690	6000000000406421785
Q124884710	6000000019303082095
Q124884711	6000000003941124788
Q124884713	6000000003941124745
Q124884717	6000000019419542054
Q124884720	6000000024638821425
Q124885671	6000000204152683822
Q124887206	6000000021093011202
Q124889	6000000111155134332
Q124890	6000000041257151220
Q1248949	6000000013742974183
Q1248951	6000000013742390721
Q1248952	6000000008960883628
Q1248955	6000000013742805545
Q124895600	6000000009264787332
Q124900560	6000000152868425822
Q1249010	6000000031934115290
Q1249016	6000000022501183605
Q124903956	6000000055068623221
Q124904157	6000000152841799837
Q124904203	6000000116541610990
Q124904342	6000000042359521931
Q124904587	6000000024819806870
Q124904611	6000000157603632878
Q124907462	6000000006667830792
Q124908145	6000000152861519857
Q1249087	6000000007540803262
Q124910900	6000000007444991424
Q124910983	6000000002988610096
Q124911776	6000000149984499822
Q1249126	6000000075076619861
Q1249126	6000000078044074255
Q124913374	6000000006442555617
Q124913884	6000000088062892901
Q124913909	4768923285810073677
Q124914050	6000000088063503839
Q124914195	4769179313100041334
Q124915578	6000000035392280848
Q1249173	6000000183011366958
Q1249179	6000000015252698644
Q1249217	6000000138088558823
Q1249219	6000000138088558832
Q1249246	6000000144734528967
Q124929	6000000016032942562
Q124930	6000000106253054833
Q1249313	6000000111836453183
Q1249352	6000000019923816022
Q1249361	6000000019923416719
Q124936606	6000000009447317799
Q124937466	6000000015452758186
Q124938860	6000000085307655826
Q12494302	6000000057206689828
Q12494488	6000000002455678511
Q124946502	6000000215821389831
Q124947161	6000000197123022844
Q124947166	6000000001300559476
Q1249509	6000000025807465963
Q124953	6000000183285463849
Q124953189	6000000121886434839
Q124955	6000000022733895072
Q1249550	6000000083607315473
Q1249554	6000000018939344093
Q12495712	6000000003139049653
Q124957595	6000000013790854694
Q124957600	6000000210459420838
Q124957926	6000000174346226955
Q124958	6000000182018899832
Q124958068	6000000007152623352
Q124958094	6000000011716839281
Q124958173	6000000010710928108
Q124958237	6000000010712284334
Q124958305	6000000006949369307
Q124958732	6000000013735091085
Q124958747	2211730
Q124958871	6000000015185878047
Q124958871	6000000044502137967
Q124958895	6000000025371565903
Q124958945	6000000196176985847
Q124959005	6000000007178665467
Q124959121	6000000007178728292
Q124959174	6000000002802996017
Q124960415	6000000204195562830
Q124960901	6000000204195464830
Q124961180	6000000204196042877
Q124961810	6000000204196668822
Q124962576	6000000009401510972
Q124966	6000000080362017087
Q124968	6000000017192027327
Q1249691	6000000020832775606
Q124969249	6000000089854182096
Q124969497	6000000006883292216
Q124969671	6000000010514084940
Q124969782	6000000021466504357
Q124969784	6000000021389100240
Q124969787	6000000003077432333
Q124969806	6000000029737342845
Q124969813	6000000001843017990
Q124970107	6000000000100937998
Q124971574	6000000081353303870
Q124972258	6000000045138971841
Q124973066	6000000046899056018
Q124973136	6000000013410920995
Q124973295	6000000174872596918
Q124974755	6000000210458902827
Q124975	6000000011158087194
Q1249752	1647285
Q124976081	6000000210459568824
Q124977	6000000092303968926
Q12497911	6000000003188524607
Q124979180	6000000176893076824
Q124980477	6000000007234250590
Q124980633	6000000008278033840
Q124980689	6000000008278321239
Q124980930	6000000008277934198
Q12498197	6000000000274749823
Q1249830	6000000104312117043
Q124985140	6000000059379928867
Q12498541	6000000014057532716
Q124986178	6000000059378720039
Q124986236	6000000059379034950
Q124986237	6000000059378220518
Q124986311	6000000059379132835
Q124986495	6000000059379168825
Q124986544	6000000059379569836
Q124986588	6000000059379510911
Q124986619	6000000026038619185
Q124986624	6000000018497639095
Q124986676	6000000013224885135
Q124987128	6000000024761666983
Q124987198	6000000019660936153
Q124987201	6000000003939382589
Q124987207	6000000003937346315
Q124987294	6000000179610043830
Q124987353	6000000053333180040
Q12498745	6000000003108671755
Q124987530	6000000051474788196
Q124987606	6000000051475049063
Q124987848	6000000177157635928
Q124988073	6000000076691339854
Q124988454	6000000020446005896
Q124988492	6000000004575931008
Q124988497	6000000011909486807
Q124988497	6000000122266679893
Q124988574	6000000083568164448
Q124988576	6000000004576982433
Q124988600	6000000010313076770
Q124988603	6000000010313542343
Q124988617	6000000008356299192
Q124988625	6000000008356265551
Q124988627	4686433
Q124988630	6000000000632177721
Q124988993	6000000028615374966
Q124989128	6000000204259187835
Q124989269	6000000008278072779
Q124989342	6000000174498817832
Q124989374	6000000174497525369
Q124989412	6000000174497987305
Q124989506	6000000176173948836
Q124989729	6000000006293868374
Q124989747	6000000007282190551
Q124990146	6000000197315070834
Q124990171	6000000081201060550
Q124990649	6000000014093967550
Q124990866	6000000008352437896
Q124990933	6000000063219783967
Q124991697	6000000017883685175
Q124991822	6000000020628628499
Q124991826	6000000019259087451
Q124992297	6000000002765050476
Q124992577	6000000002765050341
Q124993	6000000163751702861
Q12499338	6000000000188019885
Q12499379	6000000015611886262
Q12499565	6000000201220811822
Q1249959	6000000162032017934
Q1249964	6000000000307243585
Q124997496	6000000009776855089
Q124998695	6000000009762693431
Q1249990	6000000183114124894
Q124999420	6000000009762643426
Q12500218	4819468603260081284
Q1250079	6000000012389526087
Q125008	6000000145331992896
Q1250100	6000000065444538865
Q1250101	6000000023399635022
Q12501029	6000000174435620869
Q1250103	6000000016245648592
Q125011	6000000020791103317
Q12501161	6000000001738685232
Q125011940	6000000186937039821
Q125012253	6000000195451529836
Q125015578	6000000011726366827
Q125017	6000000009544569172
Q125017111	6000000004706357006
Q125017140	6000000004706385012
Q125017179	6000000076689849181
Q125017336	6000000032919373171
Q125017740	6000000032919509137
Q125017772	6000000032919394133
Q125017774	6000000032919616949
Q125018277	6000000036941300188
Q125018416	6000000004168474922
Q125018511	6000000015772730619
Q125018845	6000000058688997901
Q125018878	6000000015353964891
Q125019056	6000000014961140510
Q125019107	6000000014961134585
Q125021632	6000000025441764080
Q125022507	6000000012247284052
Q125022703	6000000025893734136
Q125022877	6000000023467624664
Q125023955	6000000115022191831
Q125024550	6000000039480372892
Q125024550	6000000222419367923
Q125024740	6000000019028242342
Q125024861	6000000186466153865
Q1250269	6000000041460336126
Q1250274	6000000015782286563
Q1250275	6000000010594585388
Q125029	6000000018547201658
Q125029370	6000000082649842110
Q125029872	6000000050287117898
Q1250307	6000000112665821046
Q125031744	6000000049896669212
Q1250333	6000000001122324428
Q1250339	6000000007817087841
Q1250344	6000000018796874217
Q1250346	6000000013087637512
Q1250350	6000000042682364079
Q125038101	6000000174569003828
Q125038699	6000000019259329163
Q1250396	6000000033675379142
Q125039890	6000000017883280875
Q125040044	6000000205223183833
Q1250401	6000000012437758097
Q125042793	6000000155769934854
Q125043374	6000000015582193058
Q125043565	6000000015395204077
Q125043790	6000000015581969323
Q125043814	6000000015395144419
Q125043819	6000000015394639612
Q125046949	6000000015394923619
Q125046955	6000000015395119316
Q125047051	6000000015395090731
Q125047099	6000000015395265011
Q125047101	6000000015395237096
Q125047104	6000000015394999585
Q125047108	6000000015395237083
Q125047188	6000000015395033748
Q125049363	6000000015395001987
Q125050429	6000000015582875490
Q125051317	6000000210434548835
Q125052549	6000000210434700888
Q125052581	6000000210434733908
Q125052582	6000000210434904824
Q125052583	6000000210434797848
Q125052585	6000000210434548841
Q125052589	6000000210434745842
Q125052910	6000000174455598174
Q125052979	6000000023167063960
Q125052981	6000000039495607663
Q125052982	6000000111204605985
Q125052983	6000000007454326415
Q125052984	6000000002904668004
Q125052992	6000000007282155286
Q125052994	6000000007454326418
Q125052995	6000000007739342441
Q125053003	6000000005735579361
Q125053090	6000000007178554413
Q125053096	6000000001985046174
Q125053099	6000000002164735470
Q125053100	6000000002166593735
Q125053109	6000000002166461145
Q125053110	6000000008799844576
Q125053112	6000000002134629620
Q125053137	6000000003076652995
Q125053149	6000000028689973987
Q125053151	6000000051858121137
Q125053169	6000000051857674194
Q125053170	6000000004630994820
Q125053174	4943332558130078267
Q125053190	6000000002304340075
Q125053193	6000000010384952722
Q125053201	6000000000695214724
Q125053203	6000000003077281660
Q125053231	335122113690011345
Q125053304	318812773410004659
Q125053306	312731834500008200
Q125053307	357909946030004938
Q12505429	6000000193932240842
Q12505451	5542288606340135447
Q125054533	6000000177183074823
Q125054969	6000000086464908923
Q125055557	6000000186467818845
Q125057	6000000013559389361
Q125057905	6000000009858666595
Q125059040	6000000009858595551
Q12506490	6000000032868701024
Q125070	6000000022468829410
Q125072	6000000064594825903
Q1250738	6000000003807799920
Q1250748	6000000026542097936
Q12507647	6000000002429883700
Q125076847	6000000205223050844
Q12507704	6000000024141838356
Q125078262	6000000030180844436
Q1250789	6000000059468731912
Q125080164	6000000025805962378
Q125080674	6000000062452107124
Q125080870	6000000084626027042
Q125081	6000000087975658841
Q125084	6000000054194308985
Q125086	6000000011474850480
Q1250861	6000000011233848829
Q1250868	6000000014697884989
Q12509016	6000000001369565023
Q125090949	6000000206490990825
Q125091273	6000000177183089826
Q12509219	6000000187083335836
Q125096826	6000000205222908886
Q125096835	6000000204367670823
Q125096862	6000000205227241920
Q125096908	6000000205333977918
Q125096918	6000000205333862954
Q125100	6000000174681148875
Q1251002	6000000013375118324
Q125101440	6000000030306217830
Q125101972	6000000174568847953
Q125102193	6000000084308425630
Q125102243	6000000174568795966
Q125102490	6000000175402444290
Q125102497	6000000084308287617
Q125102517	6000000175402155393
Q125102593	6000000018244798940
Q125102861	6000000045695808980
Q125102917	6000000057574020996
Q125103154	6000000005965658220
Q125103155	6000000000542888105
Q125103157	6000000000542732709
Q125103245	6000000110553121834
Q125105249	6000000003273391944
Q125106	6000000009785785613
Q125112	6000000039988470935
Q12511364	6000000005058140942
Q125116060	6000000110552197821
Q125116421	6000000110551972083
Q125116501	6000000110550957111
Q125116981	6000000063219386080
Q125117124	6000000204394960859
Q125117269	6000000018951335307
Q125117387	6000000204264927836
Q125117464	6000000204397747822
Q125117739	6000000204397795833
Q125117908	6000000019032721491
Q1251184	6000000007991274403
Q125118966	6000000125397590875
Q125118977	6000000125397843864
Q125118980	6000000125398498913
Q125119	6000000045022394000
Q125119005	6000000125398460988
Q125119123	6000000008115743827
Q125119435	6000000111482894821
Q1251198	6000000025260168349
Q1251206	6000000070220299859
Q1251209	6000000026152994457
Q125121	6000000031024929494
Q125121546	6000000020716178291
Q125121598	6000000002764778088
Q125121630	6000000108456836821
Q125121659	6000000175402947115
Q125122592	6000000008277924879
Q125122890	6000000049026659164
Q125122903	6000000023713322640
Q125122911	6000000067780690838
Q125123985	6000000136771999019
Q125124130	6000000136773058894
Q125124186	6000000013166672731
Q125124715	6000000024110364124
Q125124718	6000000024107068641
Q125124948	6000000015330850793
Q125124992	6000000013372836036
Q125125141	6000000013376791231
Q125125195	6000000016606020121
Q125125235	6000000010223796138
Q125125237	6000000013376861211
Q125125239	6000000013376864211
Q125125248	6000000013376352178
Q125125252	6000000013376813239
Q125125350	6000000011623185254
Q125125558	6000000008148626983
Q125125626	6000000176597455929
Q125125761	6000000175402904089
Q125125767	6000000009900873011
Q125125813	6000000011091402613
Q125125820	6000000174873761173
Q125125857	6000000174872889679
Q125125883	6000000174874110063
Q1251269	6000000017639709061
Q125130735	6000000016606020126
Q125132181	6000000066984528838
Q125132972	6000000015583171210
Q125133	4668854
Q125133103	6000000210451711821
Q125133133	6000000210467449822
Q125133195	6000000210467492821
Q125133231	6000000210467393829
Q125133382	6000000015395219328
Q125133514	6000000210462557834
Q125133516	6000000210462628821
Q125133563	6000000010683313417
Q125133626	6000000015583018521
Q125133651	6000000174426824888
Q125133669	6000000174426716972
Q125133728	6000000174426814852
Q1251338	6000000037106833716
Q125133800	6000000010683219439
Q125133810	6000000014631390439
Q125134113	6000000015153430763
Q125134212	6000000204566001828
Q125134219	6000000073399661147
Q125134257	6000000073371387930
Q125134321	6000000210434670841
Q125134505	6000000013632034567
Q12513668	6000000001429500585
Q1251404	6000000037647809344
Q125140893	6000000204463498862
Q1251411	6000000038782663949
Q125141102	6000000204464812831
Q125141192	6000000008961624239
Q125141228	6000000004880586313
Q125141527	6000000000348866589
Q125142113	6000000011237811272
Q125142136	6000000002764770196
Q125142319	6000000113519622847
Q125142415	6000000023713358089
Q125142428	6000000012444025785
Q125142439	6000000009945965613
Q125142540	6000000001413361513
Q125142540	6000000042777363201
Q125142666	6000000028702607050
Q125142851	6000000023377427871
Q125143	6000000010834205615
Q1251453	6000000021254075294
Q125145794	6000000026178719107
Q125145796	6000000026178460624
Q125145797	6000000026178743248
Q125145843	6000000210434476821
Q125145854	6000000008259864779
Q125145854	6000000015395208057
Q125145876	6000000038049828883
Q125145882	6000000038049691071
Q125145962	6000000015582654082
Q125145965	6000000015582575743
Q125146032	6000000015582605622
Q125146771	6000000073371879952
Q125146774	6000000073371778043
Q125146822	6000000210434530871
Q125146852	6000000073399251104
Q125146855	6000000210434563854
Q125147147	6000000210458766837
Q125147150	6000000210459780834
Q125147152	6000000210554018858
Q125147269	6000000210461354873
Q125147324	6000000024731271017
Q125147669	6000000084363300084
Q125148036	6000000015583244167
Q125148057	6000000210735740831
Q125148066	6000000210534840832
Q125148343	6000000015583088439
Q125148521	6000000015583083405
Q125148630	6000000015583211487
Q125148715	6000000015583806732
Q125148719	6000000015583974368
Q125148722	6000000015583857359
Q125148772	6000000015583460942
Q125148959	6000000012444078335
Q125149142	6000000012444123472
Q125149160	6000000015583247361
Q125149169	6000000029187959202
Q125149172	6000000029187702256
Q125149233	6000000014572060401
Q125149353	6000000015583308808
Q125149855	6000000016045172794
Q1251499	6000000038582696065
Q125149987	6000000015583144322
Q125149990	6000000015583175331
Q125150	6000000077464819417
Q125150109	6000000015583113431
Q125150116	6000000015583081480
Q125150303	6000000015583142301
Q125150969	6000000180792273830
Q125152254	6000000009730864270
Q125152395	6000000204495577825
Q125152545	6000000204495711821
Q125153234	6000000068112893821
Q125153621	6000000063006936856
Q125154929	6000000022248793039
Q12515522	6000000011187015612
Q125155734	6000000011634466191
Q125155941	6000000029509153923
Q125155969	6000000034192953722
Q1251562	6000000013373572483
Q125156299	6000000011634512704
Q125156300	6000000008594889418
Q125156470	6000000041442995147
Q1251565	6000000163568920912
Q125156510	6000000008595166201
Q125156857	6000000081202968842
Q125156889	6000000008428387655
Q125156976	6000000081202953930
Q125157096	6000000081202544938
Q125157231	6000000051895308757
Q12515796	5542287009770116590
Q1251600	6000000034624570653
Q125161246	6000000024687135353
Q1251631	6000000003077426371
Q1251645	6000000083571612094
Q12516531	5241273650130136990
Q125165431	6000000015583026910
Q125165546	6000000015583180324
Q125165547	6000000015583099323
Q125165636	6000000015582589979
Q125165641	6000000210461769942
Q125165903	6000000015582988728
Q125166027	6000000015583210187
Q125166173	6000000063006409861
Q1251665	6000000039748224033
Q125167455	6000000016729710601
Q125167585	6000000010304152427
Q125167589	6000000016730072014
Q125167591	6000000016729661623
Q125167593	6000000016730006525
Q125167595	6000000016730149151
Q125167838	6000000210464984842
Q125167840	6000000015394816847
Q125167945	6000000015394499908
Q125167980	6000000210464558854
Q125167981	6000000210464473859
Q125168269	6000000015395043163
Q125168278	6000000015395188018
Q125168434	6000000052864527077
Q125168444	6000000015394460972
Q125168495	6000000008673142141
Q125168660	6000000009629121123
Q125168850	6000000034193559109
Q125168934	6000000010722627652
Q125168980	6000000010722584457
Q125169079	6000000015395170423
Q1251692	6000000018982452021
Q125169271	6000000015582057616
Q1251693	6000000179846559842
Q125169316	6000000015582205711
Q125169432	6000000210449789834
Q125169455	6000000210735361823
Q125170	6000000076230570897
Q125170025	6000000002659221337
Q125170222	6000000015582453877
Q125170232	6000000015582657031
Q125170511	6000000015582077949
Q125170631	6000000015582638106
Q125170702	6000000015582638083
Q125170863	6000000015582701109
Q125170875	6000000015582724006
Q125171012	6000000015582098613
Q125171426	6000000015582188602
Q125171446	6000000015582152921
Q125171450	6000000015582266331
Q1251718	6000000184690189190
Q125171956	6000000015581925904
Q125171961	6000000015582152784
Q125171966	6000000015582246275
Q125171975	6000000015582221595
Q125172243	6000000015582298019
Q125172347	6000000015582235511
Q125172615	6000000005238904799
Q12517317	6000000059365034202
Q125173879	6000000002765047753
Q125173919	6000000089742370021
Q125173984	6000000002765047722
Q125174	6000000000825430141
Q125174128	6000000002765047566
Q1251744	6000000000998515384
Q125174818	6000000019258779888
Q125174882	6000000177292799984
Q125174938	6000000174600638606
Q125175000	6000000174496300420
Q125175073	6000000174497399920
Q125175126	6000000177294607856
Q125175255	6000000174602270844
Q125175335	6000000067655010208
Q125175406	6000000174602079895
Q125175521	6000000174601794982
Q125176209	6000000204464878823
Q125176458	6000000124377760270
Q125176805	6000000008428413854
Q125178103	6000000035500896884
Q125178777	6000000033278645652
Q125178819	6000000018822452988
Q125181356	6000000050892433581
Q125182	6000000035915160409
Q12518229	6000000019325845095
Q12518232	6000000017413335131
Q125183	6000000011165192339
Q1251831	6000000013944333258
Q12518368	6000000048237105003
Q1251856	6000000018068779689
Q125185981	6000000174463510022
Q125186042	6000000177294900834
Q125186309	6000000008266323482
Q125186554	4317848014020054960
Q1251875	6000000053665407896
Q125188147	6000000015395144423
Q125188193	6000000015395167298
Q125188247	6000000055705816127
Q125188285	6000000015395177214
Q125188321	6000000210435224861
Q125188328	6000000210435240854
Q125188334	6000000210435213838
Q125188339	6000000210435236865
Q125188341	6000000210435107832
Q125188378	6000000012194455535
Q125188884	6000000001489832504
Q125189419	6000000007333840512
Q125189434	6000000005657449008
Q125189502	6000000005658175020
Q125189595	6000000010554864653
Q1251897	6000000024878879711
Q125190004	6000000174600519710
Q125190054	6000000174601260290
Q125190221	6000000178449903848
Q125190532	6000000008152779094
Q125190787	6000000018788079594
Q125192963	6000000079825639079
Q125195406	6000000204564972939
Q1251959	6000000039280657643
Q1251968	6000000069700372054
Q125196886	6000000016029882534
Q125196890	6000000008889519261
Q125196905	6000000009136282870
Q125196906	6000000033229309394
Q1251978	6000000035357881825
Q125199012	6000000010385088663
Q1251998	6000000013632833002
Q125200	6000000149445972866
Q125201397	6000000037555334821
Q125201490	6000000059373503946
Q125201501	6000000012706734269
Q125201544	6000000108275115821
Q125202204	6000000013716125190
Q125202454	6000000118223491821
Q125202515	6000000024250249021
Q125202902	6000000023755822357
Q125203069	6000000079252479433
Q125203081	6000000030843989908
Q125203098	6000000014273620573
Q125203124	6000000002233186084
Q125203155	6000000000315438957
Q125203281	6000000000315544748
Q125203587	6000000037562782183
Q125203634	6000000030843742879
Q125203936	6000000030843183415
Q125204013	2210732
Q125204031	6000000076775481058
Q125204157	6000000015802821274
Q1252052	6000000003137706052
Q125205348	6000000210435169823
Q125205416	6000000210435311823
Q125205635	6000000013327858131
Q125205704	6000000210435133842
Q125205707	6000000210435136824
Q125205723	6000000210435253822
Q125205750	6000000210435047859
Q125205758	6000000210435016848
Q125205771	6000000210435077851
Q125206002	6000000210435325850
Q125206007	6000000210435300845
Q125206123	6000000064681406862
Q1252067	6000000065443576219
Q125207158	6000000177691146821
Q125207247	6000000008394467185
Q125207322	6000000008594800100
Q125207349	6000000017883397478
Q125207436	6000000135722828849
Q125207604	6000000026309295246
Q125207684	6000000174535350017
Q125207787	6000000115288901895
Q125208017	6000000008949060670
Q1252087	6000000030291854888
Q125210761	6000000066647517831
Q125211093	6000000074994944956
Q1252114	6000000077947360150
Q1252116	6000000069436040905
Q125211812	6000000030822138831
Q125212	6000000013444073382
Q125212425	6000000204603679879
Q1252125	6000000065174325867
Q125212705	6000000204603946862
Q1252132	6000000166234995830
Q12521366	6000000059365267047
Q125214016	6000000009816714712
Q125214044	6000000022361262960
Q125214104	6000000022783768376
Q125214136	6000000010762190078
Q1252146	6000000007461898465
Q1252162	6000000177409824831
Q125216940	6000000029489056174
Q125216951	6000000025341052997
Q125217	6000000189216797842
Q125217	6000000210380433854
Q125217111	6000000001912177120
Q125217240	6000000017624409243
Q125217289	6000000014701007786
Q125217514	6000000025594236758
Q125217801	6000000022411088898
Q125217808	6000000031450849674
Q125217989	6000000013072519779
Q125218182	6000000009532542458
Q125218277	6000000025848108716
Q125218495	6000000016218175473
Q125218498	6000000006981012572
Q125218498	6000000089035823822
Q125218511	6000000002291136678
Q125218517	6000000002889464978
Q125218518	6000000000112091275
Q125218522	6000000002517461109
Q125218523	6000000002517461199
Q125218527	6000000004630645425
Q125218528	6000000018145115263
Q125218610	6000000071627608127
Q125218623	6000000088984338929
Q125218632	6000000088984654835
Q125218637	6000000201186270826
Q125218640	6000000201188379843
Q125218641	6000000202700653859
Q125218645	6000000202700757849
Q125218647	6000000202700927824
Q125218648	6000000003095547153
Q125218651	6000000072736935962
Q125218677	6000000017601621366
Q125219	6000000077794315723
Q1252199	6000000007536706900
Q1252209	6000000006442326156
Q125222962	6000000016034694307
Q125222969	6000000017771959190
Q125222978	6000000017770870527
Q125222984	6000000017771914661
Q125223098	6000000016991274069
Q125223508	6000000006796102409
Q125223527	6000000008260545756
Q125223547	6000000006376633117
Q125223674	6000000008260545764
Q125223690	6000000000318606353
Q125223889	6000000000618765348
Q125223889	6000000201640026848
Q125223923	6000000008260555752
Q125224	6000000022875014169
Q125224164	6000000059531162933
Q125224168	6000000000318536809
Q125224172	6000000008260562446
Q125224189	6000000006440692424
Q1252242	6000000016176510960
Q125224210	6000000000697225813
Q125224285	6000000006438953421
Q1252244	6000000071390158831
Q1252246	6000000016071553359
Q125225033	6000000009297422723
Q125225062	6000000009297470391
Q1252251	6000000016091965838
Q1252253	6000000016071135442
Q125225329	6000000012462872888
Q125225430	6000000012462855055
Q1252260	6000000016091648998
Q1252263	3728989
Q125228973	6000000001626371755
Q125228974	6000000001638716016
Q125228979	6000000002964604260
Q125228985	6000000006981292057
Q125228985	6000000089035177935
Q125229005	6000000006981303082
Q125229007	6000000006981288065
Q125229009	6000000000167408590
Q125229011	6000000000497353486
Q125229013	6000000000141603142
Q125229016	6000000002363963129
Q125229018	6000000002364003037
Q125229019	6000000002363983036
Q125229020	6000000000003051678
Q125229021	6000000000141312737
Q125229092	6000000000475164739
Q125229105	6000000000475164818
Q125229161	6000000023174524349
Q125229746	6000000025665025215
Q1252298	6000000002188466576
Q125229968	6000000006719711343
Q125230055	6000000006719711244
Q125230056	6000000004546777057
Q125230057	6000000004546717492
Q125230058	6000000006719709518
Q125230060	6000000002766589409
Q125230061	6000000008308001745
Q1252320	6000000011603285995
Q1252331	6000000042036429457
Q1252336	6000000007961842567
Q1252363	6000000188789375833
Q1252367	6000000033032104452
Q125239970	6000000184680684845
Q125240176	6000000070979514835
Q125241089	6000000070957730633
Q125241245	6000000076633693020
Q125241308	6000000019076294643
Q125241324	6000000003503021926
Q125242817	6000000043352056139
Q125245814	6000000007014390015
Q125246057	6000000017032511509
Q1252464	6000000022786349239
Q125246576	6000000013217076902
Q125246645	6000000013217080059
Q125246650	6000000013217076908
Q125246711	6000000003072131239
Q125246939	6000000039893500168
Q125247044	6000000039893106452
Q125249	6000000023204727956
Q1252501	6000000000483719800
Q125251190	6000000017832499426
Q125251192	6000000014080145943
Q125251193	6000000008969531528
Q125251194	6000000007014385482
Q1252513	6000000028184166114
Q1252524	6000000015665181749
Q1252529	6000000011399789657
Q125252905	6000000018028004729
Q125252913	6000000018027977766
Q125252945	6000000009004889967
Q125253387	366957462300013675
Q125253470	6000000040784852861
Q125253546	6000000115198130839
Q125253550	6000000023451441700
Q12525396	6000000078745053389
Q1252542	6000000008616727974
Q1252545	6000000013516629151
Q125255547	6000000019767403903
Q125255549	6000000007272886026
Q125255550	324820671090001621
Q125255555	6000000028260418108
Q125255559	6000000000697010757
Q125255562	6000000008113177290
Q125255567	6000000007273192251
Q125255569	6000000007272952968
Q125255570	6000000007272821178
Q125255571	6000000001328654193
Q125255576	6000000009034723368
Q125255577	4525389917760061663
Q125255580	5599056260510058045
Q125256241	6000000021176100113
Q125256243	6000000000746611227
Q125256245	6000000001213596165
Q125256526	6000000019214689104
Q125256526	6000000029760595896
Q125256624	6000000041501442699
Q125256633	6000000041501703143
Q125256736	6000000041501952302
Q125257007	6000000077733562354
Q125257216	6000000204707739821
Q125257305	6000000015346347634
Q125257332	6000000015346529592
Q125257503	6000000156474859831
Q1252576	6000000013548174986
Q125257903	6000000029675509495
Q125258098	6000000077427885616
Q125259576	6000000012821367447
Q1252598	6000000090250724245
Q125261581	6000000106597809880
Q125263113	6000000016657900707
Q1252632	6000000019461142761
Q1252634	6000000022991339973
Q125263596	6000000001360687686
Q1252641	6000000017173859777
Q1252643	6000000022991058784
Q1252644	6000000015831902278
Q1252645	6000000014718020591
Q125265645	6000000001360687672
Q125266	6000000024670322460
Q1252661	6000000070884027178
Q125266116	6000000012945072401
Q125268375	6000000204731913822
Q125268435	6000000204731933821
Q125268662	6000000204731797843
Q125269067	6000000204733915835
Q125269420	6000000194806900885
Q125272686	6000000019893275948
Q1252730	6000000105080986844
Q125273734	6000000007443033208
Q125274440	6000000018814025053
Q125274515	6000000024490810499
Q125274518	6000000024490577766
Q125274522	6000000024491147161
Q125274528	6000000003940648119
Q125274613	6000000014610419173
Q125274616	6000000014610641323
Q125274619	6000000001053355513
Q125274621	6000000014334264566
Q125274624	6000000001053294387
Q125274626	6000000001578767272
Q125274629	6000000003076891426
Q125274690	6000000003504748750
Q125274696	6000000000953545413
Q125274725	6000000003501547613
Q125274730	6000000009563730421
Q125274737	6000000006442634948
Q125274745	6000000003939777236
Q125274748	6000000000834293965
Q125274781	6000000003938589326
Q125274787	6000000000770149201
Q125274832	6000000002467215279
Q125274838	6000000005664093242
Q125274885	6000000000497474992
Q125274906	6000000009562655143
Q125274910	6000000015927355859
Q125274917	6000000001540859904
Q125274921	6000000002512351715
Q125274930	6000000000770149164
Q125274944	6000000000953568637
Q125274957	6000000015151646073
Q125274957	6000000015346562176
Q125274997	6000000001915243083
Q1252765	6000000071050657897
Q125276909	6000000204744166821
Q125277187	6000000048127576510
Q125278056	6000000010329184937
Q125278291	6000000040094232317
Q125278482	6000000052189630867
Q125278595	6000000204744638853
Q125278688	6000000040091197014
Q125281424	6000000023851424091
Q125281529	6000000204776873866
Q12528255	6000000183997696822
Q1252827	6000000179846248860
Q125283091	6000000015150647100
Q125283691	6000000012422578858
Q125283765	6000000020770688162
Q1252841	6000000003721966293
Q1252850	6000000020321465799
Q125285290	6000000014071880512
Q125285292	6000000008781317926
Q125285294	6000000009044543467
Q125285296	6000000008781456477
Q1252859	6000000017474758246
Q125287921	6000000021890620387
Q125287922	6000000008300740679
Q125288	6000000010940619158
Q125288045	6000000010045482768
Q125288046	6000000010329580510
Q125288047	6000000010043070149
Q125288307	6000000002278281703
Q125288738	6000000049067738887
Q1252916	6000000050375715166
Q1252917	6000000085202559868
Q125292132	6000000152157874822
Q125293112	6000000019790613785
Q125293277	6000000011341383443
Q125295145	6000000023516884602
Q125297290	6000000006712202357
Q125300078	6000000014734741037
Q125300158	6000000042841515366
Q125301302	6000000168767042821
Q125301307	6000000003939045756
Q125301312	367082842200011018
Q125301315	357508937180010483
Q125301324	6000000088582046153
Q1253014	6000000000890465294
Q1253017	6000000023655590379
Q125302829	4093466402830074254
Q125302841	4093600038950041208
Q125302847	4093621695980074090
Q125302905	6000000006803105184
Q125302915	6000000015595749738
Q125302919	6000000004558460690
Q125302956	6000000006810993111
Q125302961	6000000007863458514
Q125302967	6000000008049161882
Q1253030	6000000018891701276
Q125303015	6000000007863360786
Q125303020	6000000007863302039
Q125303023	6000000005910103266
Q125303080	6000000006790965224
Q125303090	6000000040747821382
Q125303094	6000000178308398826
Q125303097	340538488400011341
Q125303104	6000000178307935852
Q125303107	6000000178308458845
Q125303112	6000000020290502107
Q125303113	6000000004089216009
Q125303116	6000000002464247047
Q125303136	6000000004089216015
Q125303140	6000000021732723422
Q125303145	6000000178308470830
Q125303149	6000000084587689081
Q125303242	6000000040748656835
Q125303244	6000000040748310118
Q125303244	6000000181195261863
Q125303307	6000000016843008331
Q125305137	6000000008594747616
Q125305234	6000000165987029144
Q125305417	6000000204777557826
Q125305756	6000000177273519847
Q1253064	5308943606020111321
Q125306922	6000000020044635032
Q125307143	6000000015151387926
Q125307145	6000000015151521561
Q125307877	6000000019277042593
Q125309546	6000000204685224841
Q125309690	6000000204685432821
Q125310599	6000000041371895307
Q125310606	6000000014201103129
Q125310609	6000000024307945292
Q125310612	6000000141384083835
Q125311633	6000000040047992969
Q125311688	6000000024364284936
Q125312116	6000000001254421485
Q125312137	6000000016722181362
Q1253127	6000000035248272994
Q125313817	6000000176173586851
Q1253143	6000000038402370241
Q125317733	6000000025429228964
Q1253186	6000000016719549426
Q125319126	6000000008363037766
Q125319774	6000000003443937304
Q1253199	6000000148324192821
Q1253207	5212566206330042141
Q1253207	6000000004882604339
Q1253239	6000000072062518940
Q125324132	6000000019459348815
Q125325	6000000000511203553
Q125325516	6000000025371341957
Q125326381	6000000010617582140
Q125326620	6000000019199479313
Q125326888	6000000010617989929
Q125327	334061222260014470
Q125328173	6000000025229693018
Q125328194	6000000025228797583
Q125328214	6000000000329666208
Q125328244	6000000001612397067
Q1253293	6000000153912442917
Q125330279	6000000015107444730
Q125330758	6000000056327265025
Q125330875	6000000006351324488
Q125330903	6000000033838377584
Q125331157	6000000046785025840
Q125331329	6000000046784638899
Q125331577	6000000024115842426
Q125331659	6000000002672427040
Q125331786	5665119256800119009
Q125332205	6000000015150607844
Q125332350	6000000006351747062
Q125333524	6000000006351751095
Q125333634	6000000107685592968
Q125333658	6000000004086754024
Q125333816	6000000129443919162
Q125334143	6000000006351657222
Q125334623	6000000015150466923
Q125334885	6000000015150619495
Q125334885	6000000174721180157
Q125335039	6000000015150671216
Q125335039	6000000210565555821
Q125335150	6000000015150633687
Q125337221	6000000014881319500
Q125337400	6000000174457940896
Q125337421	6000000174457075259
Q125338797	6000000003275813005
Q125338813	6000000006351749169
Q125338822	6000000026729506789
Q125338878	6000000026715393091
Q125338946	6000000003275870172
Q125339259	6000000036597091147
Q125341263	6000000030373588254
Q125341902	6000000011090264056
Q125342254	6000000011089913636
Q125342347	6000000011089974452
Q125342805	6000000082971869970
Q125344558	6000000174426637370
Q125344610	6000000174427590993
Q1253450	6000000038224162389
Q125345378	6000000014824557168
Q1253454	6000000078717765796
Q125345690	6000000080770876101
Q125345998	6000000027356029902
Q125346174	6000000186333846899
Q125347408	6000000006916306007
Q125348	6000000057847717844
Q125349313	6000000010846878850
Q125349394	6000000007122893223
Q1253495	6000000041148763827
Q125349585	6000000177272630881
Q1253497	6000000016253118765
Q125349743	6000000114778257824
Q125349993	6000000174427242897
Q125350129	6000000068110796834
Q125350511	6000000038751800965
Q125350815	6000000095076005834
Q125350876	6000000013411155558
Q125350912	6000000019774427914
Q125350923	6000000183022349825
Q125350965	6000000183021544850
Q125351898	6000000008805288191
Q125351973	6000000010613464991
Q1253521	6000000024834993098
Q1253528	6000000022966952866
Q125353551	6000000014025771039
Q125357431	6000000048575723870
Q125357498	6000000026464949058
Q125358085	6000000019893519630
Q125358563	6000000008961180937
Q125358627	6000000019893445642
Q125358976	6000000018598049819
Q125359056	6000000008908108599
Q1253591	6000000013271123839
Q125359213	6000000165986234450
Q125359233	6000000008871085372
Q125359242	6000000165986689143
Q125359254	6000000010113668493
Q125359274	6000000008539269852
Q125359283	6000000002803002147
Q125359294	6000000022586605296
Q125359300	6000000013640999379
Q125359341	6000000174462587613
Q125359380	6000000174463125486
Q1253594	5094906664480053826
Q125359408	6000000011514063705
Q125359425	6000000008627604677
Q125359441	6000000008841176646
Q125359551	6000000022953332873
Q125359561	6000000022953171034
Q125359678	6000000048123674100
Q1253601	6000000083312509271
Q125360287	1322488
Q125360686	6000000204426662835
Q125360692	6000000008552492323
Q125360957	6000000149914279841
Q125361	323461420160004237
Q1253621	6000000028139578738
Q125362343	6000000010898459226
Q125362520	6000000045380031050
Q125362522	6000000045380360893
Q125363768	6000000015151669029
Q125363973	6000000015151481724
Q125364	6000000116824737910
Q125364113	6000000015151590335
Q125364121	6000000015151687067
Q125364126	6000000015151580156
Q125364286	6000000010683197849
Q125364356	6000000007463642844
Q125364475	6000000043087203394
Q125364568	6000000177312195852
Q125364732	6000000174457543846
Q125365132	6000000021096575783
Q125365142	6000000002765848439
Q1253686	6000000010649074955
Q125370428	6000000018808645999
Q125371798	6000000048124044918
Q125372022	6000000189380382851
Q125372030	6000000048124918821
Q125372034	6000000048123342497
Q125372217	6000000087362952106
Q125372556	6000000038378018821
Q125373018	6000000002765065121
Q125373143	6000000010541054676
Q125373219	6000000007833623822
Q125373255	6000000175402768525
Q125374552	6000000085592662821
Q125375097	6000000000114336846
Q125375280	6000000174872076543
Q125375306	6000000174872615409
Q1253757	6000000055360407047
Q125375726	6000000038639118646
Q125376736	6000000021450062931
Q1253788	6000000000285391806
Q125379775	6000000013306491524
Q125381135	6000000011471265804
Q125381219	6000000011492775853
Q1253832	6000000014023540558
Q1253845	6000000076076083822
Q125387	6000000080344472130
Q1253870	6000000004158834486
Q125387501	6000000011570467496
Q125387514	6000000007992920609
Q125387533	6000000006605993247
Q125387548	6000000198115655992
Q12538771	6000000033782179478
Q125387758	6000000205420846834
Q125387765	6000000013216318661
Q125387769	6000000013216445203
Q125387788	6000000072898364910
Q125387811	6000000037441024646
Q125387813	6000000185708887053
Q125387895	6000000078034395059
Q125387904	6000000030171968129
Q125387909	6000000017557098429
Q125387937	6000000182179661834
Q1253886	6000000008951728163
Q125391878	6000000198600861882
Q1253923	6000000040855012053
Q125395730	6000000024670414557
Q125398833	6000000221961486844
Q125398945	6000000017859772007
Q125399239	6000000007463658561
Q125399266	6000000011632036176
Q125399267	6000000204928695848
Q125399275	6000000016567040220
Q1253993	6000000002784576574
Q125399302	6000000065009745965
Q1254	6000000015591656293
Q125400808	6000000176599699857
Q125400864	6000000174456328053
Q125400883	6000000174602099978
Q125400897	6000000174427714918
Q125400912	6000000174456122655
Q125400969	6000000174457059188
Q125401000	6000000022279361844
Q125401047	6000000204936790916
Q125401090	6000000174457627034
Q125401098	6000000177294123864
Q125401103	6000000204938014827
Q125401114	6000000010711955686
Q125401148	6000000174456776279
Q125401211	6000000013365762049
Q125401213	6000000027291625499
Q125401215	6000000000260103681
Q125401216	4326386918770011474
Q125401217	6000000000284237458
Q125401218	4326390951180010745
Q125401221	6000000000284313348
Q125401222	6000000003022283480
Q125401228	6000000204937992864
Q125401249	6000000006444507598
Q125401250	6000000000953364755
Q125401251	6000000028525397354
Q125401252	6000000004630823937
Q125401438	6000000043458101414
Q125402179	6000000007297495318
Q125404520	6000000084700420751
Q125406579	6000000000128265482
Q125408010	6000000012313795251
Q125408159	6000000017546643097
Q125409262	6000000016443647425
Q125409268	6000000021970273858
Q125409284	6000000021969572271
Q125409435	6000000005363481792
Q125409447	6000000005388959613
Q125409459	6000000001563177774
Q125409469	6000000001562738270
Q125409481	6000000005799548997
Q125409554	6000000000110491563
Q125409570	6000000006597124150
Q125409637	362670739010002032
Q125414213	6000000002764429528
Q125414669	6000000008269016678
Q125414865	6000000008269089208
Q125416834	6000000010786194929
Q125417157	6000000019634485015
Q125417181	6000000040938246080
Q125417191	6000000005415315280
Q125417196	6000000005415315231
Q125417198	6000000001727300940
Q125417220	6000000005415496023
Q125417222	6000000003681207154
Q125417224	6000000006444369751
Q125417244	6000000009368795100
Q125417248	6000000005415486623
Q125417250	6000000001958982857
Q125417259	6000000003177827653
Q125417260	6000000003513746786
Q125417311	6000000015671960456
Q125417312	6000000201642282830
Q125417314	6000000201642348838
Q125417315	6000000003939536185
Q125417343	6000000002800888500
Q125417378	6000000201642065827
Q125417384	6000000057643397188
Q125417386	6000000003791733990
Q125417390	6000000042740894085
Q125417391	6000000203999536843
Q125417394	6000000003791741605
Q125417396	6000000001784715039
Q125417404	6000000024931089910
Q125417406	6000000003490605825
Q125417407	6000000003490657340
Q125417410	6000000003490605833
Q125417509	6000000013765279803
Q125417582	6000000004215728257
Q125417591	6000000004215728592
Q125417597	6000000000795161164
Q125417620	6000000018623007556
Q125418371	6000000020813066952
Q125421078	6000000171520033864
Q125421350	6000000031001330939
Q125421534	6000000002150873261
Q1254219	6000000084828968057
Q125422406	6000000042734811145
Q125422936	6000000042734314753
Q125423301	6000000175225299945
Q125423334	6000000047407592821
Q125423372	6000000022701600581
Q125423382	6000000018474187132
Q125423397	6000000077550415236
Q125423427	6000000018336231629
Q125423487	6000000045037653897
Q125424826	6000000032373695802
Q125427468	6000000216922458834
Q125427974	6000000005415086925
Q125427977	6000000005415059565
Q125427990	6000000005415086896
Q125427992	6000000090414339372
Q125427995	1985577
Q125427996	6000000000484327140
Q125427998	6000000004755377006
Q125428000	6000000000318521112
Q125428005	1985578
Q125428008	6000000002860709511
Q125428012	1985740
Q125428335	6000000009550214544
Q125429265	6000000058204993015
Q125429270	6000000058205223960
Q125429280	6000000008836750646
Q1254296	6000000007511906322
Q1254298	6000000009053040131
Q125431067	6000000007757817021
Q125431905	6000000030940469206
Q125432108	6000000030940276801
Q1254333	6000000017502999655
Q125434783	6000000014824546943
Q125438	6000000090831239886
Q1254448	6000000008088439218
Q125446731	6000000007098676626
Q125446746	6000000007099219389
Q125446759	6000000008761594348
Q125448414	6000000026696617093
Q125448568	6000000030141744130
Q125448576	6000000042289256425
Q125448622	6000000030252991581
Q125448633	6000000191070274841
Q125448636	6000000181483418821
Q125449923	6000000014824373270
Q125450194	6000000080203680853
Q125450510	6000000014824147740
Q125450820	6000000015237990988
Q125450867	6000000015237944336
Q125450926	6000000013163963556
Q125450931	6000000020348287253
Q125451058	6000000032812764065
Q125451179	6000000013735513216
Q125451564	6000000008251139304
Q125451870	4696488346190067507
Q125452750	6000000016317246718
Q1254530	6000000099594717212
Q125453972	6000000174144939934
Q125454897	6000000012650780693
Q125456107	6000000008854549191
Q125456149	6000000008856110214
Q125456156	6000000007540261692
Q125456167	6000000008854980940
Q125456176	6000000007803032935
Q125456259	6000000006884004805
Q125456296	6000000008856039054
Q125456317	6000000004675706014
Q125457377	6000000022821095032
Q1254580	6000000004533689789
Q125459280	6000000018127165066
Q125459317	6000000016557097832
Q125460725	6000000023856101964
Q125460886	6000000008573505087
Q125460922	6000000030938684348
Q125460935	6000000001531553530
Q125460936	6000000002930866037
Q125461484	6000000030941261816
Q125461520	6000000030941522348
Q125462	6000000018386750725
Q1254622	6000000020319699528
Q125462651	6000000063790802882
Q125462804	6000000005608162280
Q1254636	6000000056729471947
Q125463628	6000000205028391866
Q125464733	6000000030285163734
Q125464789	6000000028225850256
Q125464814	6000000028225178411
Q125465301	6000000004086410017
Q125465484	6000000077447400980
Q125466915	6000000066958307880
Q125467061	6000000090963619986
Q1254680	6000000022698692354
Q125468605	6000000014100956272
Q125468607	6000000016545803885
Q125468621	6000000041008247381
Q125468625	6000000205650246836
Q125468632	6000000050265046821
Q125468634	6000000006200707130
Q125468640	6000000010192367980
Q125468644	6000000037050627710
Q125468650	6000000047534596911
Q125468664	6000000105485290856
Q125468670	6000000002174370605
Q125468671	6000000002545904620
Q125468675	6000000010598696738
Q125468681	6000000020597312795
Q125468689	6000000007878121708
Q125468704	6000000028159714927
Q125468707	6000000040256629075
Q125468712	6000000065539540907
Q125468716	6000000029358393312
Q125468719	6000000009653465022
Q125468729	6000000035863469863
Q125468730	6000000033164716692
Q125468745	6000000022313790950
Q125468750	6000000008289077152
Q125468787	6000000019046067631
Q125468792	6000000002262851992
Q125468795	6000000075983585855
Q125468806	4169918
Q125468834	6000000021000271647
Q125468841	6000000002425563948
Q125469272	6000000050463997100
Q125469604	6000000011080031936
Q125469673	6000000055972979940
Q125469914	6000000024948175632
Q125469951	6000000024948118617
Q125469987	6000000024948564999
Q125470025	6000000030939681553
Q125470045	6000000030938701658
Q125470086	6000000191343695824
Q125470719	6000000175573229828
Q125470790	6000000175573229879
Q125471439	6000000182039183835
Q125471998	6000000026036649263
Q125471999	6000000026036643319
Q125472000	6000000026036282404
Q125472002	6000000005617057653
Q125472003	6000000005606834633
Q125472005	6000000001212964007
Q125472012	6000000011589919779
Q125472023	6000000001212956877
Q125472172	6000000091732527889
Q125472174	6000000023793874112
Q125472176	6000000023793149697
Q125472179	6000000023793862095
Q125472180	6000000017970503330
Q125472183	6000000010244488998
Q125472187	6000000013051732757
Q125472188	6000000017970580115
Q125472189	6000000013050676713
Q125472191	6000000000436619491
Q125472199	6000000017970067495
Q125472202	6000000010190816015
Q125472203	4463297
Q125472235	6000000017967180362
Q125472521	6000000030251940823
Q1254726	6000000055871056828
Q125472841	6000000019469749174
Q125473917	6000000211075055823
Q125473947	6000000091331800387
Q125474310	6000000186943181821
Q125474319	6000000192833697839
Q125474347	6000000008256439572
Q125474351	6000000078710673156
Q125474369	6000000033520164670
Q125474378	6000000011859577483
Q125474392	6000000058311791169
Q125474523	6000000110582653920
Q125474564	6000000015039052638
Q125475291	4768942529630073560
Q125476158	6000000003352457459
Q125476300	6000000080099947515
Q125476305	6000000080100220390
Q125476309	6000000079085527495
Q125476312	6000000079085866982
Q125476319	6000000079085998846
Q125476337	6000000080100405332
Q125476339	6000000086287345931
Q1254830	6000000000523247816
Q125483675	6000000042380060192
Q125483686	6000000188605937876
Q1254837	6000000005618395355
Q125483893	6000000213845364827
Q125483937	6000000182579677822
Q1254856	6000000012974939388
Q1254876	6000000148128391925
Q125488374	6000000080101177009
Q1254890	6000000087501759198
Q125490492	6000000088884291847
Q125490669	6000000029362722024
Q125490803	6000000205076753880
Q125491295	6000000014794744819
Q125491315	6000000014794808302
Q125495101	6000000048570909870
Q125498	6000000008200478336
Q125498623	6000000197288518830
Q125498681	6000000021105313724
Q125498683	6000000017905874888
Q125498972	6000000021209431537
Q125499127	6000000115007567848
Q125499231	6000000205096454872
Q125499899	6000000018637038738
Q125500313	6000000008584225793
Q125500487	6000000022279253306
Q125500516	6000000174427888821
Q125500554	6000000010712190395
Q125500666	6000000013073852643
Q125500939	6000000205101214862
Q125501122	6000000033717799139
Q125501155	6000000178780777876
Q125501197	6000000015321307475
Q125501239	6000000010579841063
Q125501259	6000000178780356887
Q125501376	6000000075232740297
Q125501645	6000000009816942684
Q125501726	6000000019324518274
Q1255023	359213157350004263
Q125504081	6000000017606323842
Q125505001	6000000015796851019
Q125505071	6000000041605136331
Q125505786	6000000177295192834
Q125505811	6000000178589400875
Q125505883	6000000034391905946
Q125506323	6000000024019358970
Q125506469	6000000120947738841
Q125506471	6000000139851805821
Q125506704	6000000000600116853
Q125506730	6000000003158770397
Q125507015	6000000055035190042
Q125507385	6000000025036582898
Q125509599	6000000007677743340
Q125510066	6000000000114642535
Q125510213	6000000015273381636
Q125510342	6000000178590563823
Q125510363	6000000178589636863
Q125510382	6000000175805897834
Q125510655	6000000190498430830
Q125510675	6000000004548237365
Q125511965	6000000010180259896
Q125511971	6000000014052043663
Q125511977	6000000004993941545
Q125511981	6000000203842373824
Q125515	6000000021399059180
Q125516325	6000000103424499854
Q125516355	6000000103422685981
Q125516390	6000000120947774833
Q125516415	6000000103422518264
Q125516646	6000000112861754854
Q125516664	6000000112861424948
Q125516670	6000000018788432541
Q125522154	6000000120828376826
Q125523464	6000000056316150135
Q125523760	6000000145006144882
Q125524	6000000005758390211
Q125524190	6000000018254423172
Q125524219	6000000010712390441
Q125524258	6000000010712087798
Q125526012	6000000003940525771
Q1255263	6000000025156344254
Q1255287	6000000010380998747
Q1255303	6000000161453656825
Q125531934	380729016600013294
Q125531955	2126946
Q125531993	362556793680011667
Q125532010	355391191420013310
Q1255335	6000000078849420824
Q125535164	6000000014400673079
Q125535803	4215131246750127327
Q125535972	6000000009920238784
Q125536051	6000000016191236261
Q1255362	6000000024518670302
Q125536734	6000000018020644363
Q125536736	6000000018020591181
Q125536737	6000000003940816159
Q125536739	6000000003940816117
Q125536756	6000000003939468008
Q125536758	6000000003939825359
Q125536765	6000000006953737241
Q125536771	6000000000329669514
Q125536773	6000000000788714561
Q125537628	5421106174680121411
Q125537707	6000000067474864093
Q125537772	6000000017080960528
Q1255381	6000000088953085892
Q1255384	6000000008762056447
Q1255425	6000000017618193389
Q125544	6000000006727746301
Q125544018	6000000015521517571
Q125545453	6000000172456195573
Q125545507	6000000110537225851
Q125545630	6000000200192499851
Q125546158	6000000074713957115
Q125546528	6000000057357270841
Q125546857	6000000206738784823
Q1255472	6000000029881823156
Q125547362	6000000054623529118
Q125549272	6000000009366596707
Q1255516	6000000011734863904
Q1255520	6000000008269095035
Q125553	6000000147624273821
Q125555053	6000000011015317375
Q125555333	6000000185646842974
Q125555358	6000000022851567669
Q125558752	6000000017274021275
Q125558805	6000000011788498667
Q125559971	6000000180489957845
Q1255606	6000000022684293447
Q125562048	6000000180900774830
Q125562177	6000000020378761841
Q125562304	6000000180900853836
Q125562388	6000000180901122830
Q12556276	6000000194412014830
Q125563243	6000000180901080859
Q1255637	6000000022331933627
Q125564826	6000000142667224828
Q125569630	6000000004535967741
Q125570404	6000000008496964494
Q1255735	6000000089135824943
Q125575111	6000000056595741084
Q125578980	6000000013790681254
Q125578986	6000000000923297333
Q125578988	6000000000484463773
Q125578995	6000000000484516315
Q125578999	6000000003076856649
Q125579013	6000000013790683333
Q125579016	6000000014675541326
Q125579019	6000000003940607065
Q125579458	6000000030943675492
Q125579877	6000000033924927913
Q125580473	6000000017775691982
Q125580496	6000000014297389403
Q125580530	6000000014265933698
Q125581164	6000000002649969428
Q125581362	6000000180817873961
Q125581367	6000000000497488363
Q125581374	6000000006963939504
Q125581376	6000000002931004603
Q125581383	5227183637040055202
Q125582646	6000000006599401472
Q125583994	6000000033129649110
Q125584236	6000000114211710855
Q125584480	6000000114212656835
Q12558521	6000000133793551826
Q125585542	4721897872620026673
Q125589118	6000000171907478993
Q125589156	6000000005596124440
Q125589178	6000000038365190217
Q125592705	6000000043100175924
Q125597929	6000000020172762977
Q125597961	6000000020378761846
Q125599399	6000000020378761836
Q125600820	6000000001316185884
Q125604058	6000000000908929812
Q125604075	6000000000664423919
Q125604089	6000000012043611972
Q125604107	6000000077368087949
Q125604124	6000000016454730206
Q125604127	6000000007600170969
Q125604154	6000000012043751781
Q125604158	6000000022525474643
Q125604161	6000000022525758953
Q125604162	6000000001080347511
Q125604166	6000000011483497410
Q125604185	6000000019807457777
Q125604186	6000000003939008785
Q125604190	6000000002489725204
Q125604192	6000000009085151179
Q125604195	6000000009085110053
Q125604198	6000000000948043810
Q125604199	6000000006257610207
Q125604231	6000000010323237347
Q125604902	6000000010695252921
Q125605598	6000000002066600271
Q125606	6000000001335708369
Q125606177	6000000003522143224
Q1256065	6000000014222146739
Q125606509	6000000002406719831
Q125606813	6000000012556971227
Q1256120	6000000004111774395
Q125620323	6000000041254677534
Q125622182	6000000011025494673
Q125622267	6000000012995081146
Q125622414	6000000035194145515
Q125622989	6000000111577940921
Q125624	6000000076700621858
Q125627040	6000000215832349821
Q125627086	6000000215832380829
Q1256273	6000000160462373827
Q125629172	6000000007786388463
Q125629608	6000000022563579209
Q125631196	6000000011090349747
Q125631412	6000000037410366967
Q125631960	6000000048071323930
Q125632	6000000036106340491
Q125632019	6000000010796881853
Q125633	6000000022219752718
Q125636693	6000000003567323476
Q125636696	6000000000533824511
Q125636698	6000000000533824071
Q125636705	6000000006802866886
Q125636733	6000000000533824085
Q125636734	6000000000533824419
Q125636737	6000000000533879429
Q125636738	6000000003075743298
Q125637132	6000000017064331250
Q125638	6000000105929990926
Q125640	6000000032176509146
Q125640980	6000000116912544836
Q125642661	6000000002897115675
Q125642677	6000000001383974763
Q125646374	6000000013165356748
Q1256464	6000000071622202025
Q125648	6000000003158179086
Q125648403	6000000039355196931
Q125648451	6000000005871331007
Q125648497	6000000000458622878
Q125648561	6000000207959965276
Q125649	4027372501320040583
Q125649275	6000000061016687849
Q125649287	4354925523630038894
Q125649395	4156860726160125394
Q125649415	6000000023501487227
Q125649452	6000000179933281821
Q125649602	6000000019739473253
Q125649658	4576031
Q125649686	6000000082924260985
Q125649860	6000000173065913872
Q125649986	6000000097095922203
Q125653871	6000000022077210430
Q125657364	6000000144677351851
Q125657476	6000000009626241368
Q125657775	6000000031940003117
Q125657847	6000000007418541869
Q125657849	6000000007418541905
Q125657870	6000000015346608905
Q125657870	6000000024948325476
Q125657999	6000000012712723271
Q125658001	6000000012697271281
Q125658113	6000000081553614991
Q125658238	6000000043440387908
Q125658240	6000000184874133842
Q125658846	6000000013943960080
Q125659	6000000115671401915
Q125659096	6000000026226048821
Q125659270	6000000026226049835
Q125659329	6000000026225925846
Q125659516	6000000057851875994
Q125659543	6000000013515808226
Q125660144	6000000030226072125
Q125661469	6000000007441773496
Q1256621	6000000181630037946
Q125662363	6000000030883337282
Q125663	6000000133086858823
Q1256639	6000000149939474935
Q125667	6000000004955781456
Q1256674	6000000166874922125
Q1256718	6000000092373866822
Q1256723	6000000008998377702
Q1256736	6000000017076595125
Q125674	6000000030225208357
Q1256750	6000000121571961822
Q125676885	4595442606600043069
Q125676969	6000000153678174167
Q125676971	6000000002419074616
Q125676987	6000000052212850943
Q125677443	6000000023371687002
Q125677448	6000000023371425447
Q125677455	6000000023371717970
Q125677464	6000000002798988440
Q125677978	6000000013092969866
Q125677987	6000000070768917821
Q125677995	6000000011756088339
Q125678	6000000035066134581
Q125678002	6000000011755937379
Q125678014	6000000011058982661
Q125678025	6000000010831505281
Q125680165	6000000019591193482
Q125680631	6000000195597623886
Q125681220	6000000022875860248
Q125681267	6000000022875629469
Q125683	6000000033446161838
Q125684776	6000000032120744535
Q125684776	6000000090936608822
Q125685028	6000000044502008693
Q125685034	6000000195683193824
Q125685382	6000000164208954821
Q125685746	6000000006706505796
Q125685746	6000000044787159886
Q125687115	6000000181064846894
Q125687184	6000000168814049908
Q125687482	6000000030244433626
Q125688698	4924916494090010717
Q125689	6000000021826472609
Q125691	6000000033761217075
Q125691799	6000000014161789975
Q125691803	6000000033331542448
Q125691807	6000000010253397984
Q125691810	6000000008630346262
Q125691830	6000000005833531038
Q125691835	6000000025969158604
Q125691843	6000000027578057620
Q125691847	6000000008201559072
Q125691849	6000000008310263843
Q125691852	6000000008212476249
Q125691862	6000000033896533198
Q125691866	6000000014162039115
Q125691867	6000000005040287544
Q125691882	6000000054145224828
Q125691887	6000000029118389529
Q125691899	6000000013082122078
Q125691941	6000000010201920125
Q125691944	6000000006929951289
Q125691946	6000000012882060389
Q125691979	6000000007281286609
Q125691980	6000000007626440155
Q125691982	6000000000689048368
Q125691988	6000000009814067564
Q125691989	6000000002305673123
Q125692050	6000000001747128438
Q125692052	6000000001748683440
Q125692055	6000000010008038238
Q125692056	6000000001748717487
Q125692057	6000000005014759782
Q125692063	6000000001748592988
Q125692066	6000000002246786752
Q125692138	6000000022926303884
Q125692184	6000000040705700410
Q125695483	6000000006179119214
Q125697643	6000000083791605364
Q125697925	6000000021478569281
Q125697925	6000000046800508881
Q1256991	6000000108275211914
Q125699345	6000000133511481823
Q125699381	6000000133515899826
Q125699424	6000000133515498834
Q125700	6000000077273046825
Q125701145	6000000016472785722
Q125701162	6000000016473019116
Q125704344	6000000001745380046
Q125705096	6000000084782400870
Q125705841	6000000017411832409
Q125705841	6000000189913374821
Q125706939	6000000057472256847
Q125707322	6000000078920085865
Q125710753	6000000013515713745
Q1257130	6000000065851653963
Q125714096	6000000060275528905
Q1257146	6000000014311047018
Q125719	6000000016517856890
Q125723847	6000000010319538515
Q1257239	6000000013933834197
Q125725308	6000000007060489179
Q125726332	6000000019553683575
Q125726454	6000000041228802328
Q125726573	6000000011348613402
Q125726698	6000000018107622235
Q125726710	6000000018107696066
Q125726835	6000000007527876218
Q125727449	6000000018107617189
Q125727533	6000000041173476349
Q1257286	6000000038030989941
Q12572999	6000000011323152617
Q125730	6000000062102235516
Q12573011	6000000008726323551
Q125731	6000000010639068523
Q125731165	6000000031661196965
Q125731247	6000000011014746294
Q125731777	6000000069304813051
Q125731798	6000000023068264595
Q125733089	6000000026000147718
Q1257354	6000000023781695541
Q1257389	6000000016147151223
Q125739112	6000000210500787838
Q125739206	6000000008897826876
Q125741893	6000000216804100588
Q125741896	6000000059264560091
Q125743679	5014312169540074097
Q125743777	5344177800920131511
Q125744439	6000000017671822644
Q125745772	6000000018443328374
Q125747103	6000000205465983824
Q125747456	6000000000305420893
Q125747480	6000000022694404265
Q125747551	6000000084971220868
Q125750594	6000000017137322701
Q125750938	6000000020490932961
Q125751092	6000000067840168920
Q125751239	6000000011356801903
Q125751260	6000000018039632176
Q125751574	6000000010552413459
Q125751695	6000000011333893680
Q125753160	6000000010552205687
Q125753182	6000000009861446468
Q125753708	6000000006706805024
Q125754328	6000000038449659688
Q125757748	6000000003523450334
Q125758421	6000000017043750836
Q125759514	6000000139326926848
Q125759534	6000000139183305942
Q125759709	6000000004009506257
Q125759848	6000000140731144862
Q125760476	6000000030830821123
Q125762	6000000035842865927
Q125762486	6000000018047317182
Q125762492	6000000068321566917
Q125762583	6000000089051097014
Q125762912	6000000022875418768
Q125762926	6000000009930282493
Q125762936	6000000009886957218
Q125762968	6000000205496966866
Q125763	6000000037105761977
Q125763076	6000000018047267298
Q1257631	6000000007481739130
Q125763139	6000000018047322762
Q125763154	6000000018114593769
Q125763337	6000000011403681389
Q125763425	6000000036311259095
Q125763530	6000000027108167956
Q125763551	6000000020135734423
Q125763559	6000000016072023378
Q125763573	6000000048501309917
Q125763576	6000000201715995830
Q125763625	6000000025644466460
Q125766693	6000000003605748227
Q125766697	6000000078084319966
Q125766960	6000000006608824823
Q125766996	6000000006612488001
Q125767360	6000000007449557588
Q125767458	6000000013651066194
Q125767687	6000000080454117828
Q125768130	6000000016585577220
Q125768168	6000000016585944286
Q125768200	6000000199646311821
Q125768249	6000000010294846188
Q1257687	6000000026079874000
Q125771368	6000000014212525937
Q125773191	6000000031939865280
Q125773410	6000000008726162012
Q125773475	6000000002799049921
Q125774070	6000000015073503990
Q125774071	6000000001689922006
Q125774079	6000000000251828014
Q125774081	6000000001689915769
Q125774085	6000000000830744017
Q125774087	6000000002106421718
Q125774091	6000000006290127451
Q1257741	6000000162797878822
Q125775171	6000000007527843494
Q125775275	6000000011582731837
Q125776810	6000000017884292184
Q1257773	6000000002765855445
Q1257779	6000000091844232873
Q125781009	6000000203693400827
Q125781157	6000000006623913005
Q125781335	6000000014946507506
Q125781335	6000000206194284836
Q125781353	6000000133416734137
Q125781375	6000000016750147656
Q125781474	6000000026041304235
Q125781487	6000000026040864794
Q125781828	6000000196009195845
Q125782370	6000000009204753188
Q125782370	6000000014983978309
Q125782417	6000000061256137966
Q125782467	6000000061255995000
Q125782469	6000000000020508655
Q125782472	4975810392890131819
Q125782474	6000000009615824734
Q125782542	4975797629610069727
Q125782546	6000000002665414017
Q125782740	6000000080966687826
Q125783233	6000000019743656043
Q1257858	6000000037975348889
Q125790044	6000000017677577023
Q125790071	6000000024861436852
Q125790123	6000000031750070831
Q125790300	6000000031750036840
Q125790383	6000000018647846954
Q125791344	6000000012472422391
Q125791365	6000000010637969283
Q125791390	6000000017897702533
Q125791391	6000000008761145521
Q125791495	6000000202200991892
Q125791557	6000000012478281429
Q125791768	6000000202200189822
Q125792438	6000000031508718125
Q125792865	6000000000348864481
Q125792993	6000000129447363842
Q125793913	6000000003249206411
Q125794279	6000000020195195391
Q125794350	6000000027842458121
Q125794639	6000000011526992496
Q125798362	6000000008189371104
Q125798474	6000000017076472999
Q125799135	6000000016631996954
Q125800877	6000000020184841403
Q125801050	6000000048280132003
Q125801132	6000000002228254406
Q125807317	6000000017122006871
Q1258076	6000000034270667148
Q125808	6000000021000643496
Q125808537	6000000138185703864
Q1258091	6000000018359247116
Q125810061	6000000043603705833
Q125810101	6000000025860578666
Q125810228	6000000036746528147
Q125810255	6000000108585526839
Q125811127	6000000188876098840
Q125811754	6000000002802583071
Q125811968	6000000002802583141
Q1258123	6000000007408580393
Q125813283	6000000012501860869
Q1258133	6000000017104948954
Q125814871	6000000000866237322
Q125816586	6000000055319340223
Q125817764	6000000188659145822
Q1258191	6000000156797836822
Q125820681	390167529520005980
Q125820785	6000000017606382315
Q125821072	6000000016587872953
Q125821191	6000000043027434946
Q125821271	6000000043592704906
Q125821511	6000000005396284010
Q125823	6000000041600164302
Q125823672	6000000010724356277
Q125823727	6000000029938183109
Q125823787	6000000025372451083
Q125824204	6000000039516119875
Q125824539	6000000034931195379
Q125824553	6000000039515890882
Q125824567	6000000039515382695
Q125826232	6000000015346250639
Q125826565	6000000027840883083
Q125826732	6000000044499349475
Q125826732	6000000050133871067
Q1258273	6000000016316065054
Q125827739	6000000006263975477
Q1258285	6000000004096283292
Q125830406	6000000006796683256
Q125830624	6000000084185170873
Q125833	6000000024887232658
Q125836589	6000000050264714917
Q125837662	6000000050264634936
Q125839200	6000000024958713158
Q125839245	6000000024958439123
Q125840111	6000000006969921223
Q125843011	6000000083937226861
Q1258444	6000000021938275202
Q1258453	6000000121948404018
Q125845320	6000000008269011722
Q125845423	6000000008269009108
Q125845482	6000000167256993916
Q125845501	6000000174495745986
Q125848207	6000000008020262622
Q125848681	6000000012565313598
Q125849777	6000000055314952487
Q125850	6000000149003368874
Q125852930	6000000218350620835
Q125852966	6000000028166010007
Q125853339	6000000029199706941
Q125853425	6000000084822735041
Q125853427	6000000168908773839
Q125853476	6000000011659397605
Q125853537	6000000015522496313
Q125853549	6000000036225590592
Q125853571	6000000000004416608
Q125853629	6000000033300959986
Q125853823	6000000073043227288
Q125855267	6000000017606332377
Q125855378	6000000079207439522
Q125855435	6000000018018217026
Q125855515	6000000079207468802
Q125855698	6000000079211599523
Q125855739	6000000079212359920
Q125855781	6000000079209803857
Q125855846	6000000001644989619
Q125855880	6000000081726832948
Q125855949	6000000025833100755
Q125856236	6000000038720529305
Q125856297	6000000017365550040
Q125856541	6000000044560203504
Q125856896	6000000177273959849
Q125856954	6000000177273832864
Q125856985	6000000176813622982
Q125857200	6000000008269004694
Q125857264	6000000174497039837
Q125857292	6000000174496817900
Q125857392	6000000015186183458
Q125857442	4721885094420027066
Q125857526	6000000000818259482
Q125857572	4721853591160026669
Q125857609	317103666510004185
Q125857689	317104768940005045
Q125857917	6000000018444009200
Q125858218	6000000007585857687
Q125858227	6000000022166286134
Q125858231	6000000008439314791
Q125858234	6000000032798549435
Q125858236	6000000032798835839
Q125858242	6000000032798528450
Q125858244	6000000002884265238
Q125858245	6000000026924592977
Q125858248	6000000001851416363
Q125858275	6000000002884261466
Q125858395	6000000002884135426
Q125858409	6000000010695877305
Q125858417	6000000002884142062
Q125858441	6000000011368704258
Q125858455	6000000010046007077
Q125858471	6000000032798451481
Q125858472	6000000032798304464
Q125858475	6000000012878077440
Q125858476	6000000012878123269
Q125858485	6000000007346176411
Q125858487	6000000020484405122
Q125858531	6000000076901689637
Q125858978	6000000007585773821
Q125859318	6000000018443367835
Q125860131	6000000018443871656
Q125860721	6000000011747553019
Q125860732	6000000000834839922
Q125860741	6000000012554708018
Q125860744	6000000084883677889
Q125860807	6000000015775265279
Q1258610	6000000180926477856
Q125861388	6000000005382788431
Q125861767	6000000039820789974
Q125861778	6000000005920389418
Q125861911	6000000006077950950
Q125863445	6000000011368915571
Q125863472	6000000011368342041
Q125863576	6000000011368815474
Q125864477	6000000008263089775
Q125864824	6000000041038053449
Q125866092	6000000041562381628
Q125866323	6000000018443890724
Q125866414	6000000184136177840
Q125866494	6000000016594415477
Q125866498	6000000010289224339
Q125866532	6000000010279088309
Q125866875	6000000017719588370
Q125866883	6000000017719388977
Q125867916	6000000011467960463
Q125870690	6000000015429753470
Q125871173	6000000018443367760
Q125871463	6000000008239593920
Q125872	6000000003265225007
Q125872314	6000000004563679920
Q125873183	6000000049559910873
Q1258733	6000000007605724674
Q125873314	6000000189685883848
Q125873490	6000000195355434883
Q125873677	6000000026312046884
Q125873792	6000000002635087023
Q125874	6000000001646230666
Q1258752	6000000166765376835
Q125875401	6000000003950730065
Q1258787	6000000010532541877
Q1258797	6000000025752675770
Q125880345	6000000027919736091
Q125880626	6000000027920622893
Q125880751	6000000027920055042
Q125880865	6000000027919090084
Q125881118	6000000017432089898
Q125881597	6000000013650387437
Q125882248	6000000109413468823
Q125882465	6000000013328396023
Q125882564	6000000013328494040
Q125883020	6000000002186132778
Q125883939	6000000174982392434
Q125884137	6000000012118859539
Q125884608	339221796790012230
Q125885253	6000000049559939920
Q125885353	6000000176984217830
Q125885440	6000000020639331737
Q1258858	6000000037151665128
Q125885984	6000000026999190122
Q125886028	6000000018047122080
Q125886093	6000000084183160859
Q125886118	6000000016830321792
Q125886192	6000000138329566848
Q125886217	6000000138327720830
Q125886349	6000000039362366221
Q125886404	6000000000112131328
Q125886616	6000000020194496733
Q125886787	6000000176364072917
Q125888200	6000000004366175946
Q125890959	6000000012107488339
Q125891769	6000000023872105492
Q125894927	6000000003604595034
Q125895386	6000000081554430231
Q125895543	6000000006099929722
Q1259	6000000047319900290
Q125903057	6000000012332600528
Q125903900	6000000014563162097
Q125903952	6000000002764860357
Q125904	295477323040008980
Q125904200	6000000008269130751
Q125904333	6000000174458069069
Q125904590	6000000174457160380
Q125904830	6000000008266734308
Q125905068	6000000008705302461
Q125906357	6000000007506351909
Q125906745	6000000205706550823
Q125906840	6000000017298767752
Q125906995	6000000001053283813
Q125907030	6000000018612317223
Q125907110	6000000205706812836
Q125907159	6000000012386750170
Q125907847	6000000004968237083
Q125907985	6000000062462107138
Q125908119	6000000079034591352
Q125908332	6000000079035332977
Q125908525	6000000079587916096
Q125911950	6000000002399423220
Q1259135	6000000013439834190
Q125913509	6000000030771440005
Q125914684	6000000179781978844
Q125914962	6000000179780750885
Q125915512	6000000010691776641
Q125915807	6000000041194133936
Q125915813	6000000041193866371
Q125915814	6000000041194173175
Q125915825	6000000041194231960
Q125915834	6000000041194062246
Q125915849	6000000015644680714
Q125915871	6000000015645145390
Q125915875	6000000011536837272
Q125915893	6000000001561452553
Q125915895	6000000000926647087
Q125915920	6000000003723579219
Q125915956	6000000011536798288
Q125915958	6000000011536693609
Q125916013	6000000011536754311
Q125916022	6000000002872001025
Q125916037	6000000023536855295
Q125916041	6000000001561452566
Q125917875	2859266
Q125917894	6000000154834492821
Q125917973	6000000154671866825
Q125918633	6000000030228872727
Q125919941	6000000011242566304
Q125920875	6000000186121323821
Q125920922	6000000193829406832
Q125921973	6000000036324842535
Q125922143	6000000056970051224
Q1259231	6000000026815296186
Q1259250	6000000017622595766
Q125925884	6000000205751443846
Q125926311	6000000125849865821
Q125927712	6000000038970685415
Q125927751	6000000084936703250
Q125927851	6000000210459056821
Q125927887	6000000219792351833
Q125927946	6000000025877910822
Q125927948	6000000025877898821
Q125927973	6000000061246913835
Q125928122	6000000061247050869
Q125928445	6000000150805187822
Q125928446	6000000150796170061
Q125928449	6000000076892572890
Q125928453	6000000051512624045
Q125928454	6000000002641637622
Q125928466	6000000037737371968
Q125928493	6000000076892191026
Q125928499	6000000034076708385
Q125928500	6000000003747400234
Q125928503	6000000001845208413
Q125928509	6000000003747400195
Q125928606	6000000061246798981
Q125929229	6000000006781374986
Q125929262	6000000006795720913
Q125929286	6000000044502181308
Q125929289	6000000092713281944
Q125930670	364186421900001483
Q125931864	6000000018666934379
Q125932698	6000000031645496198
Q125933723	6000000084985507173
Q125934417	6000000063798833827
Q125934758	6000000063710127925
Q125934781	6000000063709728061
Q125934932	6000000010055393597
Q125935081	6000000133412906076
Q125935107	6000000007832839878
Q125935141	6000000165805028822
Q125935250	6000000040730518116
Q125935337	6000000063790690051
Q125935398	6000000063793512109
Q125936266	6000000080341917203
Q125936410	6000000080342267003
Q125936515	6000000125166803880
Q125936571	6000000043099660581
Q125936604	6000000013287500324
Q125936712	6000000005255185217
Q125937881	6000000004981151319
Q125938402	6000000007832987423
Q125938651	6000000005595982978
Q125938653	6000000005595979118
Q125938657	6000000001321394008
Q125938663	6000000005595684999
Q125938665	6000000000639753802
Q125938669	322446515180006435
Q1259387	6000000173315048925
Q125938852	6000000003941264334
Q125938854	6000000003941264296
Q125938862	6000000003941264305
Q125938866	6000000009836661216
Q125938872	6000000000490946400
Q125938887	4840717871390017721
Q125938889	6000000002326223547
Q125938893	6000000003242783511
Q125938900	6000000001321214366
Q125938907	6000000007451612362
Q125939177	6000000012689926203
Q125939179	6000000004658505101
Q125939183	6000000002931008210
Q125939223	6000000000293502678
Q125939254	6000000018116381793
Q125939391	6000000080453680880
Q125939476	6000000032386764030
Q125939478	6000000021862993221
Q125939485	6000000021752393807
Q125939489	6000000021752565134
Q125939513	6000000080452408625
Q1259397	6000000178546628821
Q125939933	6000000007451113094
Q125940168	6000000001166304403
Q125941277	6000000184430960000
Q1259413	6000000012442067054
Q1259417	6000000021473132639
Q125942	6000000069267605822
Q125942621	6000000013938191297
Q125944492	6000000022413340155
Q125945389	6000000016093972710
Q125946627	6000000029875311964
Q125946713	6000000180945971833
Q125946934	6000000114772055831
Q125947002	6000000114777946833
Q125947098	6000000175805725832
Q125947120	6000000175804106924
Q125947247	6000000002764763722
Q125947395	6000000006788800910
Q125947407	6000000002228252193
Q125947410	6000000002228252150
Q125947412	6000000004169776071
Q125947413	6000000003168227698
Q125947417	6000000002246261720
Q125947419	6000000020678644433
Q125947422	6000000006788806510
Q125947436	6000000002292942128
Q125947445	6000000003681384047
Q125947450	6000000002228252278
Q125947455	6000000007763763336
Q125947457	2656114
Q125947458	6000000002228254659
Q125947460	6000000006441075761
Q125947993	6000000001503890638
Q125948	6000000079201157012
Q125948483	6000000029781444770
Q125948546	6000000008190169866
Q125948549	368715644020012051
Q125948657	6000000068138476885
Q125948658	6000000019523676927
Q125948660	6000000028894419210
Q125948723	6000000001357709248
Q125948728	6000000001357699021
Q125948733	6000000001357608346
Q125948736	6000000007904428730
Q125948739	6000000004018596296
Q125948743	6000000007904606426
Q125948745	6000000007904535556
Q125948771	6000000007124032218
Q125948776	6000000007123032090
Q125948778	6000000007124046231
Q125948782	6000000024640246261
Q125948822	6000000024631229380
Q125948824	6000000024631613136
Q125948867	6000000036324907063
Q125948870	6000000036324850092
Q125948871	372968039550002385
Q125948873	6000000025141619277
Q125948875	6000000000140994128
Q125948884	382966410210005772
Q125948885	382960478580013468
Q125948888	6000000000688959519
Q125948889	6000000000688977922
Q125948892	6000000000772834808
Q125949261	6000000001073444992
Q125951586	6000000014263561245
Q125951681	6000000017617833172
Q125951717	6000000022079452535
Q125951745	6000000004591140770
Q125951772	6000000221158033869
Q125951773	6000000080937382320
Q125951800	6000000079022124325
Q1259535	6000000065601044835
Q125954681	6000000069252999939
Q125957318	6000000001499188142
Q125957392	6000000015905521784
Q125957398	6000000107310206928
Q125958754	6000000051345731229
Q125960	6000000011253168390
Q125960908	6000000003493384132
Q125961176	6000000205820002828
Q125961191	6000000026119532754
Q125961220	6000000078709545992
Q125961283	6000000011940768650
Q125961286	6000000026119575293
Q125961315	6000000012063093476
Q1259614	6000000085441442877
Q125961598	6000000105003690106
Q125961772	6000000014073736796
Q125961853	6000000027491536180
Q125965241	6000000000491062096
Q125965782	6000000020318645398
Q125968257	6000000036839976913
Q125968328	6000000036839402445
Q125968378	6000000031105515036
Q125968440	6000000002765050705
Q125968501	6000000012444017655
Q125968549	6000000012444002489
Q125968621	6000000002765045291
Q125968662	6000000002765045283
Q125968763	6000000007152154264
Q125968796	6000000007249939837
Q125968836	6000000007250322870
Q125968882	6000000002765126530
Q125968943	6000000002765126644
Q125969577	6000000002803063067
Q125969955	6000000002765126650
Q125971730	6000000004086373053
Q125971860	6000000038509275405
Q125972130	6000000219106294824
Q125974203	6000000187343974852
Q125974884	6000000074741118192
Q125976541	6000000147438155851
Q125978239	6000000013819240650
Q1259784	6000000177650629836
Q125978544	6000000031455402014
Q125979181	6000000023088707192
Q1259804	6000000049977415230
Q125982015	6000000003813808900
Q125983593	6000000174456690009
Q125983864	6000000177692124839
Q125983908	6000000177691952857
Q125984301	6000000006127836511
Q125984325	6000000012673973564
Q125984328	6000000005148775003
Q125984331	6000000005048168172
Q125984333	6000000003177913719
Q125984434	6000000012462390255
Q125984451	6000000015040323815
Q125984657	6000000002390370586
Q125984658	6000000002131274142
Q125984660	6000000002246566808
Q125984662	6000000001805483601
Q125984673	6000000007425815596
Q125984686	6000000002130797638
Q125984688	6000000007979642328
Q125984724	6000000042925541942
Q125984727	6000000010421719198
Q125984728	6000000000426605437
Q125984736	6000000010421965361
Q125984786	6000000006093799809
Q1259848	6000000036920920099
Q125984836	6000000005014779536
Q125984839	6000000005005941848
Q125984931	6000000020773543099
Q125984933	6000000002315698719
Q125984936	6000000011748949799
Q1259851	6000000131372860904
Q125986212	6000000010799650979
Q125986236	6000000014430290127
Q125986274	6000000058011668889
Q125986294	6000000002837979305
Q125986298	6000000007634767244
Q125986300	6000000002980134333
Q125986313	6000000005077098055
Q125986319	4811140857910081054
Q125986340	6000000001078064420
Q125986344	6000000007076362049
Q125986345	6000000002005740911
Q125986349	4499062425120082026
Q125986350	6000000008365254176
Q125986381	6000000002765065311
Q125986561	6000000023539866941
Q125988285	6000000002799130700
Q125988418	6000000008266388693
Q125988439	6000000030214485834
Q125988463	6000000002765047584
Q125988504	6000000002765047578
Q125988507	6000000205870026821
Q125988968	6000000002799130693
Q125988974	6000000013398733992
Q125989042	6000000011300461315
Q125989090	6000000197000833872
Q125989298	6000000078569250873
Q125989310	6000000008594735492
Q125989367	6000000008594889288
Q1259894	6000000043251056461
Q125989450	6000000017555288653
Q125989466	6000000017554092292
Q125989486	6000000008594927517
Q125989489	6000000014464192322
Q125989524	6000000008594913335
Q125989814	6000000020378426607
Q125991872	6000000029603523112
Q125992891	6000000079035905063
Q125993154	6000000017681147313
Q1259935	6000000055317104859
Q125993516	6000000044061536912
Q125994578	6000000185337142892
Q125995992	6000000019101131967
Q125996827	6000000093964181939
Q125997105	6000000040024447013
Q125998324	6000000022183958023
Q125998785	6000000007240308700
Q125998868	6000000010780844315
Q125998907	6000000022184463053
Q1260	6000000047320647894
Q126001492	6000000009543070947
Q1260021	6000000077746324043
Q126002308	6000000000559213892
Q126002730	6000000079102727099
Q126002759	6000000165618424215
Q126003103	6000000091183767821
Q1260033	6000000012388445383
Q126007743	6000000007463585960
Q126007783	6000000007463990201
Q126007792	6000000006988834307
Q126008225	6000000020234745003
Q126008262	6000000020234671151
Q126008294	6000000020234665357
Q126008422	6000000020234551576
Q126008438	6000000009036998686
Q126008506	6000000022855769260
Q126008567	6000000019555884206
Q126008879	6000000018453816827
Q126009007	6000000121229584821
Q126009011	6000000076159693979
Q126009037	6000000121229061910
Q126009689	6000000020881892093
Q126009863	6000000014266621214
Q126011050	6000000016438225673
Q126011301	6000000003940729768
Q126011301	6000000191745820823
Q126011349	6000000001780440372
Q126011357	6000000041134493796
Q126011358	6000000002577093595
Q126011497	374755608090004502
Q126011501	372589768500007868
Q126011504	6000000011026120337
Q126011507	6000000011025672142
Q126011508	6000000007602432270
Q126011509	6000000008799848739
Q126011518	6000000006122410268
Q126011520	6000000179613174829
Q126011521	6000000179613247836
Q126011524	6000000010120553197
Q126011526	6000000033747856822
Q126011527	6000000001138256102
Q126011570	6000000006122239192
Q126011573	6000000041168440928
Q126011574	6000000006122383005
Q126011578	6000000004240144170
Q126011581	6000000013938321160
Q126011594	6000000014826072849
Q126011598	6000000002699684675
Q126011603	6000000002699830151
Q126011606	6000000002699783398
Q126012526	6000000013532106698
Q126013635	6000000038753771158
Q126014184	6000000006821174255
Q126014206	6000000003745813039
Q126014318	6000000224509718821
Q126014393	6000000062904661832
Q126015304	6000000011237251349
Q126015323	6000000017485145360
Q126015437	6000000180305640840
Q126018849	6000000088023530919
Q126019	6000000013651306140
Q126019629	6000000145872496946
Q126027637	6000000036458336212
Q126027660	6000000036457769825
Q126027921	6000000036450398173
Q1260281	6000000018890036001
Q126030581	6000000049555440961
Q126030602	6000000019666657731
Q126030648	6000000039649036398
Q126030765	6000000019666572472
Q126031921	6000000014559760032
Q126031921	6000000024823694298
Q126033022	6000000185336614832
Q126034275	6000000203092148856
Q126034585	6000000007618294452
Q126035	6000000015948725472
Q126035664	6000000090016524340
Q126035747	6000000090018005944
Q126035957	6000000137999310935
Q126036052	6000000178526491886
Q126036385	6000000178528697831
Q126036472	6000000178528669844
Q126036526	6000000178528597831
Q1260371	6000000065444832844
Q126041508	6000000012106597463
Q126041545	6000000017480289969
Q1260441	6000000082466975121
Q1260497	6000000066598853985
Q126049982	6000000184431633945
Q126050383	6000000014559794140
Q126051799	6000000021208805803
Q126053237	308994047320007093
Q126053335	6000000007736965567
Q126053491	6000000180890176823
Q1260537	6000000027342865964
Q126053787	6000000080453380856
Q126054784	6000000026559972749
Q126055	6000000079577055968
Q1260570	6000000181019149832
Q126057806	6000000026559916350
Q126057860	6000000004575856355
Q126058221	6000000075325736138
Q1260584	6000000020285449880
Q1260610	6000000039892475637
Q126062798	6000000027520304052
Q126063787	6000000192971131848
Q126064233	6000000192970872841
Q126066	6000000008597762377
Q126066556	6000000017764842462
Q126066566	6000000003747097412
Q126066573	6000000017765240180
Q126066575	6000000029073726576
Q126075152	6000000008594824935
Q126075218	6000000174456627106
Q126075324	6000000013166608358
Q126075444	6000000013166705273
Q126075491	6000000007833760368
Q126075547	6000000002765047897
Q126075632	6000000002765065109
Q126075692	6000000002765065115
Q126075770	6000000002765050353
Q126075841	6000000018788133632
Q126075842	6000000025539912691
Q126075965	6000000044160484143
Q126076239	6000000001350983549
Q126081	6000000104894012961
Q126082059	6000000006868775865
Q1260837	6000000018834993971
Q126084368	6000000022773212458
Q126085853	6000000031969909315
Q126085882	6000000025823667421
Q126086619	6000000001455532563
Q126088	6000000088076414892
Q126088518	6000000002764860136
Q126088614	6000000034439526790
Q126088632	6000000031641657940
Q126088670	6000000034439866345
Q126088782	6000000047705959942
Q126088822	6000000013166486893
Q126089135	6000000010554031526
Q126089209	6000000021208982190
Q126089272	6000000021231813857
Q126092535	6000000043227037624
Q126092563	6000000043227452984
Q126093563	6000000018570924317
Q126093855	6000000013166449733
Q126093949	6000000175403577033
Q126093990	6000000177274473855
Q126094025	6000000010845323201
Q126094215	6000000082496996688
Q126094270	6000000136039503006
Q126094319	6000000038240102938
Q126094319	6000000212948928838
Q126094374	6000000177294284873
Q126094741	6000000024317407930
Q126094802	6000000008046347770
Q1260957	6000000022671542850
Q12609621	6000000029817789679
Q1260972	6000000032227834552
Q126097277	6000000146941007821
Q126097281	6000000001937470844
Q126097284	6000000001937890493
Q126097313	6000000016623936292
Q126097794	6000000177691285832
Q126097851	6000000177687572978
Q126097893	6000000175805751828
Q126097978	6000000175402969145
Q126098	6000000083495394252
Q126098025	6000000167554559912
Q126098071	6000000172096056069
Q126098133	6000000010784388150
Q126098184	6000000002764778100
Q126098186	6000000010511100311
Q126098238	6000000001937863372
Q126098269	6000000000316562726
Q126098279	6000000005018224310
Q126098281	6000000003275236674
Q126098283	6000000000504951709
Q126098319	6000000015169743209
Q126098321	6000000008089267805
Q126098325	6000000008008941235
Q126098328	329920054860005830
Q126098331	333583755530012645
Q126098337	6000000001353838021
Q126098355	6000000017776282304
Q126099144	6000000076826445780
Q126099474	6000000180552862852
Q126100346	6000000006360794100
Q126100494	6000000010908827822
Q126100497	6000000009601330017
Q126100501	6000000004861182498
Q126100533	6000000000518040060
Q126100540	6000000004861201278
Q126100585	6000000002905110806
Q126100599	6000000020716170318
Q126100647	6000000019275223413
Q126100654	6000000002896022352
Q126100657	6000000001654843021
Q126100660	6000000002966126976
Q126100661	6000000002966125841
Q126100669	6000000003796450110
Q126100673	6000000005405150564
Q126100677	6000000007195406327
Q126100682	5371683730470115619
Q126100684	6000000003796340206
Q126100687	6000000005405201283
Q126100690	6000000002931074780
Q126100704	6000000001506772143
Q126100707	6000000000835091090
Q126100710	6000000052067568985
Q126100712	6000000013410671519
Q126100726	6000000002889734042
Q126100735	6000000017515580009
Q126100737	6000000005405089229
Q126100778	6000000034455813156
Q126100780	6000000017515120380
Q126100833	384556351620007742
Q126100836	6000000000766696650
Q126100842	6000000003262590543
Q126100858	5599124305760028275
Q126100884	6000000004993753697
Q126100889	6000000003017396015
Q126100892	6000000003262585719
Q126100902	6000000010541098988
Q126100916	6000000014354310818
Q126100917	6000000023207346380
Q126100918	6000000002916754927
Q126100920	6000000000484739650
Q126100923	6000000001742460845
Q126100927	6000000001742560439
Q126100973	6000000002765074472
Q126101019	6000000000550884153
Q126101045	6000000002764778038
Q126101124	6000000118237105829
Q126101126	6000000026200965457
Q126101128	6000000000766111923
Q126101142	6000000002657062753
Q126101145	6000000004993137199
Q126101147	6000000059273504833
Q126101153	6000000007649880214
Q126101156	6000000026311518529
Q126101158	6000000002953529695
Q126101171	6000000007605837123
Q126101173	6000000000212344276
Q126101184	6000000022848929766
Q126101214	6000000016217394205
Q126101217	6000000001364108395
Q126101247	6000000016217136106
Q126101250	6000000001637088428
Q126101278	6000000099788041834
Q126101279	6000000015445547746
Q126101309	6000000007601797849
Q126101312	6000000001146202991
Q12610168	6000000052768417412
Q1261023	6000000057824931054
Q1261038	6000000029719144081
Q1261054	6000000022553982826
Q126107	6000000003265037962
Q1261083	6000000000436244357
Q126111308	6000000026233915363
Q126111313	6000000199628873857
Q126111317	6000000026234264134
Q126111335	6000000013527451514
Q126111360	6000000013527314429
Q126111361	6000000013579744298
Q126111365	6000000190916390853
Q126111366	6000000091444697856
Q126111367	6000000019411155358
Q126111370	6000000179258991850
Q126111400	6000000001246089609
Q126111403	345591391140011760
Q126111419	6000000001213262193
Q126111423	6000000001209954137
Q126111450	6000000019204426809
Q126111450	6000000179258968823
Q126111662	6000000053965926840
Q126111684	6000000053930479914
Q126111709	6000000002663158829
Q126111711	6000000002447235845
Q126112500	6000000002765065298
Q126112529	6000000002802999529
Q126112618	6000000002765065304
Q126113184	6000000077113680168
Q126113936	6000000032088596631
Q126113939	6000000032096740657
Q126113943	6000000003549035688
Q126114333	6000000093964983846
Q126115	6000000015404378723
Q126115072	6000000043646153177
Q126115615	6000000082977434981
Q126115803	6000000016054022124
Q1261162	6000000106626698835
Q126116213	6000000186358504831
Q126116228	6000000096236956082
Q126116321	6000000186358936842
Q126116341	6000000186359276838
Q126118197	6000000043647889617
Q126118378	6000000111076906928
Q126118407	6000000111077400916
Q126118492	6000000002765065196
Q126118530	6000000174426762826
Q126118568	6000000174425552465
Q126118609	6000000174456559050
Q126118661	6000000174456933844
Q126118804	6000000174873398176
Q126119149	6000000016280836706
Q126119401	6000000010683374334
Q1261198	6000000009626488909
Q126120407	6000000018647891299
Q126120425	6000000022335299285
Q126121473	6000000218223055269
Q1261225	6000000000128657836
Q126123277	6000000019142585573
Q126123891	6000000008275825457
Q126123919	6000000010769358201
Q12612419	6000000075425806892
Q126125133	6000000000527054789
Q126125299	6000000056587715834
Q126125670	6000000181845398822
Q126126460	6000000029797967184
Q126126612	6000000206053289830
Q126126658	6000000206053147856
Q126126706	6000000002630106446
Q126127029	6000000000669786316
Q126127395	6000000025019845011
Q126127669	6000000017741779538
Q126127698	6000000189151057874
Q126127822	6000000014067530977
Q126127843	6000000174535525026
Q126127867	6000000007833826252
Q126127971	6000000007756346972
Q126128319	6000000007250320472
Q126128696	6000000002802687544
Q1261293	6000000027917626792
Q126129925	6000000115825607975
Q1261300	6000000028492247657
Q126130216	6000000024116100952
Q126130512	6000000031430886997
Q126130712	6000000023532933993
Q126130969	6000000014561772520
Q126131192	6000000014561601218
Q126131422	6000000014562014253
Q126131473	6000000013052328739
Q126131481	6000000013063213897
Q126131486	6000000008049261673
Q126131499	6000000008049108734
Q126131598	6000000041588048028
Q126131735	6000000006267697208
Q126131851	6000000000751554705
Q126131996	6000000015059245529
Q126132022	6000000000751378734
Q126132036	6000000010712145771
Q126132038	6000000079408410087
Q126132041	6000000005965953193
Q126132057	6000000002766650419
Q126132067	6000000000875531175
Q126132090	6000000026423566448
Q126132104	6000000006175788286
Q126132113	6000000018426055006
Q126132157	4857790909740026460
Q126132243	6000000010712505360
Q126132442	6000000008917974903
Q126132451	6000000005404131229
Q126132611	6000000008917975238
Q126132614	6000000000327093805
Q126132880	6000000005741310039
Q126132888	6000000016350285799
Q126132996	6000000000688946930
Q126133030	6000000007451017386
Q126133036	6000000003937822409
Q126133046	6000000000688953521
Q126133236	355025769910011319
Q126133287	6000000017696217446
Q126133300	6000000001959725683
Q126133345	6000000032871212536
Q126133550	6000000002765050131
Q126133709	6000000002765050137
Q126134042	6000000002413574134
Q126134086	6000000002802999001
Q126134477	6000000175403582015
Q126134825	6000000012378044845
Q126135247	6000000046937943850
Q126135515	6000000002765065208
Q126135973	6000000010834781389
Q126135981	6000000024116074975
Q126136119	6000000115289396908
Q126136130	6000000003122404390
Q126136133	6000000003122404410
Q126136134	6000000009164051151
Q126136166	6000000003122404140
Q126136204	6000000003122404356
Q126136351	6000000008595059336
Q126136815	6000000006878149803
Q1261369	6000000017614840134
Q126137053	6000000018626165662
Q126137072	6000000052967245860
Q126137085	6000000018626745261
Q126137098	6000000018626783355
Q126137103	6000000018626944169
Q126137314	308545684950004361
Q126137317	6000000003940379734
Q126137333	6000000003940379685
Q126137336	6000000002447358849
Q126137340	308540693820003817
Q126137357	308545392140005689
Q126137363	6000000003040492865
Q126137365	6000000001044574093
Q126137392	6000000003714264601
Q126137394	6000000001540754371
Q126137395	6000000008059779642
Q126137405	366315045500012363
Q126137417	6000000000490932033
Q126137419	6000000007435526263
Q126137422	6000000000490917123
Q126137423	6000000007104284180
Q126137438	6000000003077267598
Q126137453	6000000000550100289
Q126137454	6000000003221166029
Q126137458	6000000003221164992
Q126137462	6000000006802862900
Q126137487	6000000009793882734
Q126137490	6000000000689049728
Q126137510	6000000003221166007
Q126137513	6000000006845069522
Q126137657	6000000015388291096
Q126137718	6000000013375524260
Q126137728	6000000013375436253
Q126137934	6000000002765041299
Q126138212	6000000008673141385
Q126138735	6000000002765065103
Q126140012	6000000024103347481
Q126140410	6000000002765065097
Q126142328	6000000010723943120
Q126142741	6000000010723735828
Q126143343	6000000002765065184
Q126148080	6000000017086618324
Q1261496	6000000031580410039
Q126154048	5244577244270070618
Q126155268	6000000024684168443
Q1261557	6000000042016072263
Q1261570	6000000002447369880
Q1261589	6000000027602963962
Q1261633	6000000040625525168
Q126163825	6000000002630102549
Q126163986	6000000002630191393
Q126164	6000000036605095124
Q126164085	6000000002630182310
Q126164087	6000000002630137940
Q126164142	6000000002630056718
Q126164364	6000000099257163962
Q126164429	6000000178449234846
Q126167314	6000000016530280505
Q126167710	6000000000664304946
Q126167719	6000000000664324756
Q126167791	6000000000664350514
Q126167801	6000000021846892263
Q126167810	6000000001316395200
Q126167850	6000000042924521170
Q126167855	6000000008550038872
Q126167860	6000000002677696742
Q126167879	6000000003940545338
Q126167882	6000000028048929432
Q126167942	6000000000664267923
Q126167945	6000000039003199103
Q126167946	6000000039000928322
Q126168043	6000000002073510642
Q126168045	6000000105710218911
Q126168049	6000000002073508740
Q126168053	6000000002930991409
Q126169745	6000000178448426955
Q126169942	6000000136041398855
Q126170210	6000000025367003605
Q126170525	6000000002765041310
Q126170670	6000000002765041305
Q126170952	6000000023533506540
Q126171269	6000000012378073507
Q126171355	6000000012378241828
Q126171547	6000000027018939716
Q126171709	6000000007998336414
Q126171715	6000000011353562796
Q126171766	6000000002765050873
Q126171835	6000000174487021821
Q126172009	6000000021357602401
Q126172066	6000000007240155955
Q126172119	6000000007240236852
Q126174056	6000000006706872056
Q1261751	6000000060120181545
Q126176647	6000000043924554765
Q126176672	6000000027953339937
Q126177469	6000000015753868597
Q126177687	6000000023526782756
Q126177800	6000000000209763651
Q1261786	6000000075427000168
Q126178870	6000000051344988924
Q126178887	6000000014950439653
Q126180204	6000000002765047590
Q126180291	6000000177292728944
Q126180354	6000000023537963962
Q126180431	6000000020324313048
Q126180471	6000000010689800650
Q126180555	6000000002765080044
Q126180652	6000000029937747175
Q126180666	6000000038014999234
Q126180694	6000000010693955268
Q126180982	6000000002991779443
Q126181624	6000000010723518036
Q126181670	6000000074660542955
Q126181735	6000000074660545027
Q126182012	6000000002765065564
Q126182160	6000000002802996121
Q126182230	6000000005020704139
Q126182337	6000000002802687556
Q126182363	6000000116766905851
Q126182626	6000000002764860142
Q126182667	6000000057585266862
Q126183329	6000000085108476947
Q126184035	6000000020155018784
Q126184086	6000000013790112566
Q126188	6000000013038690528
Q1261880	6000000013165387657
Q1261891	6000000181565021821
Q126190629	6000000017812054121
Q126190883	6000000007656139901
Q126190961	6000000021357803916
Q126191019	6000000007289016286
Q1261922	6000000016274178608
Q126192293	6000000189392725871
Q126192401	6000000050417164834
Q126192402	6000000044228193845
Q126192652	6000000014995846675
Q126193187	6000000023537941046
Q126193228	6000000002802996310
Q126193262	6000000002802996316
Q126193761	6000000016194380123
Q1261949	6000000017214748080
Q126195005	6000000025646396739
Q126195728	6000000037580022699
Q126195804	6000000017179772426
Q126196034	6000000017179535615
Q126196053	6000000054756969834
Q126196144	6000000030612826448
Q126196185	6000000015888599426
Q126196223	6000000015888642824
Q126196249	6000000015888346996
Q126196322	6000000017180298138
Q126196468	6000000127718684823
Q126196790	6000000010683430211
Q126196944	6000000010683197599
Q126197084	6000000008804272316
Q126197167	6000000138118370895
Q126197168	6000000025645309701
Q126197176	6000000025646012100
Q126197180	6000000085750606358
Q126197198	6000000025645622694
Q126197205	6000000025646099145
Q126197230	6000000078707943049
Q126197280	6000000025371535863
Q126197749	6000000002765047759
Q126197867	6000000002764501606
Q126197911	6000000174457912823
Q126197957	6000000002764454283
Q126198060	6000000015042843593
Q126198423	6000000087927312865
Q126198423	6000000174721232145
Q1261996	6000000078417044902
Q126202	6000000012744526371
Q126202393	6000000016371284816
Q126202534	6000000016262226355
Q126202790	6000000083821214148
Q126202791	6000000064586289988
Q126202828	6000000083821896838
Q126202837	6000000083820591353
Q126203007	6000000113056142548
Q126203135	6000000108863296832
Q126203144	6000000124346846856
Q126203528	6000000124346846840
Q126203559	6000000064016858391
Q126203563	6000000083770872994
Q126203572	6000000023158688219
Q126203677	6000000064586387898
Q126203693	6000000064586480896
Q1262039	5027966776810076819
Q126204403	6000000025238510541
Q126204435	6000000173695907799
Q126204481	6000000173698195925
Q126204514	6000000173696231584
Q126204643	6000000073199395829
Q1262052	6000000083377490244
Q126206	6000000026035789959
Q126207505	6000000103878243821
Q126207656	6000000016710604864
Q126208115	6000000017179535559
Q126208144	6000000017179708724
Q126208432	6000000003858704513
Q126208436	6000000003858786048
Q126208446	6000000003858554823
Q126208467	6000000003858827245
Q126208469	6000000003858776283
Q126208471	6000000031119186398
Q126208515	6000000027689252361
Q126208534	6000000006444652370
Q126208538	6000000002251387999
Q126208925	6000000017178593959
Q126209156	6000000140165654839
Q126210537	6000000017411082033
Q1262109	6000000141078619954
Q126211	6000000171747035243
Q126219	6000000003455410675
Q1262202	6000000065572844916
Q1262216	6000000009839040000
Q126240310	353531391860011099
Q126240324	6000000001857138288
Q126240339	6000000003938557754
Q126240381	6000000013280633526
Q126240396	6000000001727537602
Q126240580	6000000201348057920
Q126240599	6000000028183781643
Q126240649	6000000028184180269
Q126240664	6000000141026556267
Q126240679	6000000033625271295
Q126241143	6000000002649873570
Q126247	6000000007158695753
Q126255582	6000000082067490845
Q126255600	6000000000921323080
Q126255616	6000000000884044219
Q126255630	6000000058517305244
Q1262563	6000000065590041006
Q126257821	6000000035435744816
Q126259	6000000024902883608
Q1262590	6000000089606490016
Q126259187	6000000009088030100
Q126264	6000000003134803995
Q12626719	6000000182453964834
Q1262690	6000000022102257540
Q12626903	6000000004033551821
Q12626944	6000000073306006798
Q1262696	6000000178493188848
Q12626982	6000000040008044932
Q12626992	6000000057594614034
Q12626993	6000000171536749947
Q126270	6000000007810916431
Q12627099	6000000010859954388
Q12627105	6000000015712177024
Q12627290	6000000013502223022
Q1262731	6000000000846752708
Q126273327	6000000007770300420
Q12627417	6000000172508598833
Q126275494	6000000020773946490
Q126275604	6000000037270348645
Q126275641	6000000031735805898
Q126275659	6000000031735417341
Q126275672	6000000013430836286
Q126275811	6000000013430872646
Q126275826	6000000013430857397
Q126275859	6000000013430896427
Q126276215	6000000076808407979
Q126276229	6000000042951905290
Q126276335	6000000040786601140
Q126276350	6000000040786260357
Q12627646	6000000088970052832
Q126276649	6000000003967791677
Q126276665	6000000012392053415
Q126276678	6000000002883696932
Q126276718	6000000002300692344
Q126276733	6000000012360943157
Q126276901	6000000012338675058
Q126277369	6000000066814098821
Q126277385	6000000014394575952
Q126277399	6000000093482052834
Q126277415	6000000014374910968
Q126277472	6000000063119253851
Q126277473	6000000063119183929
Q126277497	6000000177954863882
Q126277507	6000000021806258181
Q126277512	6000000001690059635
Q126277518	6000000001690059625
Q126277547	6000000001937504161
Q126277550	6000000006348557244
Q126277570	2523514
Q126277572	2523483
Q126277585	6000000006348557254
Q126277591	6000000007398137706
Q126277614	6000000184012108838
Q126277618	6000000041451584924
Q126277698	4403844258330037482
Q126277707	6000000000769973377
Q126277728	6000000041679059288
Q126277774	6000000027413103895
Q126277775	6000000012361057875
Q126278081	5707544745410028494
Q126278084	6000000028911200058
Q126278088	6000000000139621934
Q126278104	6000000177149054852
Q126278118	6000000177174491878
Q126278122	6000000177326401832
Q126278135	6000000013561136221
Q126278140	6000000003939502364
Q126278142	6000000003939484565
Q126278190	6000000016757685857
Q126278193	6000000016117633419
Q126278195	6000000000401134269
Q1262795	6000000057218606861
Q1262797	6000000016555104059
Q126280548	6000000008881161152
Q126280562	6000000004281616748
Q126280577	6000000009170981374
Q126280616	6000000015681397946
Q126280618	6000000003021232994
Q126280619	6000000004263396169
Q126280621	6000000000821376530
Q126280624	4460436617880021658
Q126280628	6000000001591095316
Q126280641	6000000008470597407
Q126282	6000000136993356398
Q126282126	6000000019177659729
Q12628277	6000000037728336736
Q126283066	6000000003748702943
Q12628307	6000000030907144672
Q126283087	6000000010279614092
Q126283088	6000000010010525967
Q126283089	6000000008717316454
Q126283093	6000000003403210401
Q126283099	6000000027326382296
Q126283103	6000000003942861470
Q126283104	6000000001382707583
Q126283105	6000000001080417221
Q126283106	6000000003275892935
Q126283114	6000000020708804251
Q126283131	6000000000690746532
Q126283132	6000000000690729487
Q126283156	6000000004640822220
Q126283157	6000000004640822344
Q126283460	6000000016027828939
Q1262835	6000000042998253977
Q126283640	6000000030914539261
Q126283763	6000000016976713669
Q126284335	6000000004326807907
Q126284346	6000000004326831369
Q126284365	6000000011456519739
Q126284378	6000000020195302254
Q126284390	6000000019818930186
Q126284391	6000000020195569979
Q126284399	6000000019818848273
Q126284403	6000000011456798686
Q126284406	6000000020195651882
Q126284407	6000000020195350360
Q126284411	6000000004326931216
Q126284419	6000000004326990118
Q126284422	6000000004326931251
Q126284429	6000000004336145300
Q126284431	6000000019209603065
Q126284433	6000000019209447072
Q126284438	6000000206650049827
Q126284441	6000000206647179917
Q126284444	6000000156786032894
Q126284671	6000000002765045504
Q126284739	6000000010683249807
Q126284741	6000000026214003329
Q126284811	6000000018828503363
Q126285077	6000000001262141004
Q126285422	6000000062266755000
Q126285727	6000000001689832023
Q126285735	6000000007911855373
Q126285736	6000000006860789655
Q126285740	6000000001531359938
Q126285743	6000000000966187532
Q126285749	6000000001531359971
Q126285757	6000000001531375471
Q126285768	5414013187330104862
Q126285769	5414035741560026799
Q126285770	6000000008755411426
Q126285772	6000000004275708069
Q126285773	6000000004275499533
Q126285774	6000000006719731293
Q126285775	6000000003075690555
Q126285798	6000000006798261159
Q126286143	6000000024792715814
Q126286148	6000000024793031686
Q126286157	6000000014274161253
Q126286164	6000000016729775808
Q126286271	6000000217174532821
Q126286622	6000000010683709236
Q126287168	6000000176896741909
Q1262875	5113068068930137270
Q126287648	6000000206558114831
Q12628774	6000000065175771062
Q126289974	6000000027822562751
Q126290492	6000000027822164569
Q12629084	6000000006911061054
Q126294	6000000014307601279
Q12629425	6000000019384176964
Q12629500	6000000035985044298
Q12629547	6000000028263312212
Q12629629	6000000184005515851
Q12629650	6000000183829792822
Q12629828	4310040252880043682
Q12629966	6000000037487548559
Q12630077	6000000007408437470
Q12630285	6000000123308149821
Q12630467	6000000088756107873
Q12630550	6000000184188755854
Q12630576	6000000148647414861
Q12630783	6000000031482031978
Q12630873	6000000007300630217
Q12630951	6000000037245907090
Q12631139	6000000029119841769
Q12631141	6000000010930846909
Q12631157	6000000023800043673
Q126312	6000000038513893304
Q12631226	6000000084131562929
Q12631406	6000000010039765145
Q12631440	6000000030409585964
Q1263157	6000000029841257740
Q12631649	6000000078555995806
Q12631977	6000000073616298005
Q1263222	6000000044789771867
Q12632285	6000000001234982171
Q12632306	6000000003120011691
Q1263240	6000000010980430497
Q1263250	6000000002500864092
Q126325373	6000000014476514685
Q126325498	6000000014937942056
Q126325507	6000000006134848090
Q126325659	6000000084957463929
Q126325681	6000000013296995808
Q1263257	6000000074211305840
Q126326078	6000000015864803263
Q126326082	6000000015864670803
Q126326318	6000000002100718075
Q126326787	6000000177688948913
Q126326812	6000000177690815823
Q126326871	6000000007154354204
Q126326888	6000000007234084028
Q126326912	6000000176892606849
Q126327343	6000000124550870399
Q126327348	6000000176891912874
Q126327423	6000000177274427830
Q126327447	6000000174458219895
Q126327551	6000000002802362670
Q126327892	6000000002765047740
Q126327936	6000000002765047747
Q126328450	6000000174425252531
Q12632876	6000000115546351896
Q1263296	6000000043071281040
Q1263302	6000000016044611914
Q1263308	6000000024279433736
Q126331961	6000000003667218138
Q12633245	6000000010040718444
Q126332627	6000000039653320568
Q126333205	6000000049378814878
Q12633328	6000000038373717822
Q12633334	6000000074786517015
Q12633356	6000000010198807088
Q12633371	6000000006412961655
Q12633384	6000000018055474213
Q126335818	6000000084385983927
Q126335852	6000000084386248821
Q12633666	6000000087041933976
Q12633679	6000000009005469635
Q126337	6000000055889236261
Q12633732	6000000033698958692
Q12633800	6000000125041070840
Q12633826	6000000056483242828
Q12633930	6000000066641917838
Q126339302	6000000024545062708
Q12633958	6000000007632978569
Q12634389	6000000006412961527
Q126346042	6000000029053208168
Q126347319	6000000029035856261
Q12635508	6000000034990529277
Q12635639	6000000030450517349
Q12636032	6000000017882598383
Q126361151	6000000002803002070
Q126361157	6000000024985339047
Q126361162	6000000027690016177
Q12636162	6000000002052097321
Q126361792	6000000150905392234
Q126361870	6000000015152271156
Q126361891	6000000015151929746
Q126362055	6000000023110345133
Q12636226	6000000080894223610
Q126362299	6000000121618729968
Q126362664	6000000023110305152
Q126362685	6000000035350717922
Q126362927	6000000046938868905
Q126362948	6000000068110530835
Q126363009	6000000177691496839
Q12636338	6000000023813489391
Q12636355	6000000075432853932
Q126364083	6000000007234452357
Q126364110	4317848032260031381
Q126364188	6000000175805113863
Q126364197	6000000175805095862
Q126364219	6000000022934002225
Q126364338	6000000187344305833
Q126364630	6000000094775734354
Q126364636	6000000094777231990
Q126364673	6000000094776811026
Q126364694	6000000002802996811
Q126364708	6000000038738383781
Q12636471	6000000035193987543
Q126364727	6000000174457538148
Q126364741	6000000029263884013
Q126364767	6000000002765050035
Q126364777	6000000017199228704
Q126364777	6000000094777978871
Q126364778	6000000017199153716
Q126364778	6000000094777789989
Q126364779	6000000017960182222
Q126364810	6000000094776970916
Q126364812	6000000002765050096
Q126364813	6000000094777460893
Q126364847	6000000113532414879
Q126365383	6000000017307334041
Q126365392	6000000017307104993
Q126365392	6000000081928739853
Q126365898	6000000019151107484
Q126365923	6000000019151305580
Q126366204	6000000000697973327
Q126366407	6000000048747547965
Q126366411	6000000028264727599
Q126366415	6000000048747300140
Q126366426	6000000048747431024
Q126366432	6000000028264804731
Q126366432	6000000094084015939
Q126366432	6000000184873529847
Q126366442	6000000109076516826
Q126366452	6000000109030347966
Q126366453	6000000014947484900
Q126366453	6000000215528525858
Q126366464	6000000109076556942
Q126366479	6000000109030347844
Q126366487	6000000109030347832
Q126366498	6000000016681635677
Q126366499	6000000109076913885
Q126366505	6000000109076913873
Q126366511	6000000014981064180
Q126366515	6000000109076913852
Q126366518	6000000014981175091
Q126366562	6000000016324785041
Q126366563	6000000215243826837
Q126366563	6000000215455004821
Q126366624	6000000025417939547
Q126366654	6000000025420428891
Q126366674	6000000025420417907
Q126366681	6000000025420769880
Q126366714	6000000025419660009
Q126366721	6000000014440914115
Q126366765	6000000014981005312
Q126366858	6000000018946378851
Q126366902	6000000215230848881
Q126368618	6000000109081330035
Q126368688	6000000000351000578
Q12636889	4248765633420049522
Q126368917	6000000014981170082
Q126368918	6000000014981025523
Q12636905	6000000037728938132
Q126369100	6000000030921895303
Q1263693	6000000147280063829
Q126369470	6000000002764501612
Q126369523	6000000002765126629
Q12636953	6000000168678031848
Q126369542	6000000019274260687
Q126369563	6000000019274922824
Q126369595	6000000174427884907
Q126369615	6000000002765065190
Q126369640	6000000002765065250
Q12636969	6000000027418011163
Q126369772	6000000051074509986
Q126369777	6000000010712749242
Q126369806	6000000025371692827
Q12636982	6000000036139680442
Q126369849	6000000023936755571
Q126369863	6000000002765047734
Q126369885	6000000002765047728
Q126369886	6000000014570182432
Q126369887	6000000014570813505
Q126369909	6000000175805452852
Q126369927	6000000013166679547
Q126369952	6000000029938277986
Q126369963	6000000009134671314
Q126371236	6000000019151123559
Q1263715	6000000015084642794
Q12637152	6000000004034040131
Q1263716	6000000006341435441
Q126371893	6000000079229294867
Q126372284	6000000025429102996
Q126372285	6000000025428696497
Q126372533	6000000036900802495
Q126372535	6000000036901142236
Q126372564	6000000007622409316
Q126372582	6000000025429020497
Q126372584	6000000025428614769
Q126372667	6000000025429296938
Q126372703	6000000025429111033
Q126372743	6000000025428743579
Q126372772	6000000025428926432
Q126372830	6000000025429004644
Q126372961	6000000025429099117
Q126372961	6000000041089139211
Q126372980	6000000025428386699
Q126373135	6000000028003622876
Q126373191	6000000021677305738
Q126373252	6000000025429049937
Q126373272	6000000025429124592
Q126373313	6000000214961564826
Q126373343	6000000214940075825
Q126373358	6000000025428974520
Q126373358	6000000214940315826
Q126373376	6000000025429162170
Q126373376	6000000214940457822
Q126373382	6000000025428888535
Q126373382	6000000214940326832
Q126373405	6000000025429093687
Q126373405	6000000214970981838
Q126373443	6000000025428692430
Q126373443	6000000214971078831
Q126373448	6000000025428628520
Q126373448	6000000214971212825
Q126373457	6000000025429049638
Q126373457	6000000214971150834
Q126373488	6000000214914364826
Q126373502	6000000214914348822
Q126373522	6000000214768074826
Q126373557	6000000025428753483
Q126373557	6000000214914709879
Q126373579	6000000025428771709
Q126373579	6000000214914723878
Q126373581	6000000025428362552
Q126373581	6000000214914872849
Q126373608	6000000020338683744
Q126373613	6000000025429131599
Q126373619	6000000025429260071
Q126373632	6000000214970794841
Q126373653	6000000025428796533
Q126373663	6000000025429004765
Q126373701	6000000025429185958
Q126374418	6000000000710000753
Q126374448	6000000018059826847
Q126374456	6000000018060083929
Q126374467	6000000041665211211
Q126374478	6000000008219649992
Q126374518	6000000027894780277
Q126374519	6000000002172626185
Q126374535	6000000027895006287
Q126374553	6000000041664820610
Q126374604	6000000018515050032
Q126374608	6000000018514947108
Q126374622	6000000017081324123
Q126374637	6000000010724122866
Q126374782	6000000010724339546
Q1263748	6000000012461168360
Q126374804	6000000064669948877
Q126374967	6000000015152135768
Q1263763	6000000052606245856
Q126377	6000000176722292267
Q1263771	6000000021079038025
Q126378052	6000000009204867285
Q126378052	6000000040385939837
Q126381145	6000000136577223866
Q126382158	6000000037255481041
Q126382264	6000000006609555016
Q1263824	6000000014235891256
Q126382537	6000000022303563143
Q1263846	6000000024805971458
Q126385352	6000000008211955205
Q126385467	6000000004315397934
Q1263856	6000000028872425872
Q126389790	6000000096327084821
Q126390346	6000000009085024476
Q126390354	6000000023280347914
Q126390358	6000000023280350934
Q126390378	6000000023283831836
Q126390389	6000000023283093587
Q12639045	6000000004074843981
Q126390740	6000000012686797709
Q126390756	6000000024695700439
Q126390894	6000000025429061003
Q126391	6000000000895210209
Q126391007	6000000214961425832
Q126391116	6000000215832325821
Q126391123	6000000215832263852
Q126391135	6000000215832574848
Q126391155	6000000215832809862
Q126391167	6000000215832960821
Q126391173	6000000215832873832
Q126391187	6000000215841531822
Q126391194	6000000215841534823
Q126391213	6000000215842001822
Q126391224	6000000215832857841
Q126391241	6000000215832933825
Q126391255	6000000215832396824
Q126391361	6000000048751331863
Q126391375	6000000017736188516
Q126391376	6000000048751242933
Q126391390	6000000017736136663
Q126391401	6000000003253890962
Q126391402	6000000003253938324
Q126391467	6000000040123112166
Q126391476	6000000151867874832
Q126391499	6000000041480012753
Q126391528	6000000002802996866
Q126391636	6000000177922543843
Q126391650	6000000017736305047
Q126391716	6000000038250113343
Q126391795	4489831910220026875
Q126391804	6000000012484017496
Q126391814	6000000002644655583
Q126391815	6000000002644842235
Q126391829	6000000080500560084
Q126391829	6000000171920387833
Q126391948	6000000114769192887
Q126391982	6000000018879054616
Q126391989	6000000212892255832
Q126391997	6000000048750940947
Q126392014	6000000002803002463
Q126392018	6000000048751014983
Q126392028	6000000002659221955
Q126392034	6000000002765065951
Q126392039	6000000048751138884
Q126392291	6000000175805281860
Q126392304	6000000172114195973
Q126392350	6000000064380786895
Q126392463	6000000014069429085
Q126392468	6000000014069152527
Q126392469	6000000014068806405
Q126392565	6000000205480967822
Q126392597	6000000007122656553
Q126392686	6000000174601595224
Q126392727	6000000174872102302
Q126392774	6000000174427253849
Q126392810	6000000174456393917
Q126392930	6000000064380750858
Q126392967	6000000024849307397
Q126393102	6000000010843573894
Q126393224	6000000002020911622
Q126393247	6000000010683320601
Q126393280	6000000064220242877
Q126393431	6000000002764969937
Q126395182	6000000082472575860
Q126395424	6000000181437629890
Q126395649	6000000174425421047
Q126396207	6000000007122558653
Q126396566	6000000081202551186
Q126396831	6000000081203757844
Q126397671	6000000180790796852
Q126398265	6000000059710420861
Q126398632	6000000059709949175
Q1263994	6000000015643821843
Q126399414	6000000182973739876
Q1264	6000000047297783833
Q126400	6000000015796795471
Q126400203	6000000179319632840
Q126400778	6000000010786760880
Q126401101	6000000014102678743
Q126401579	6000000108609487849
Q1264119	6000000033340804827
Q12641231	6000000069945209889
Q126414836	6000000004282399818
Q126414852	6000000014862344269
Q126414866	6000000027853089307
Q126414867	6000000077742084840
Q126414868	6000000000526350203
Q126414869	6000000008971020661
Q126414870	6000000012096772177
Q126414874	6000000027852998445
Q126414876	6000000027853104895
Q126414877	6000000007454734722
Q126414881	6000000006980567079
Q126414884	5649578878510071375
Q126414888	5664750248950048389
Q126415047	6000000007122468054
Q126415054	6000000177312350837
Q126415066	6000000013166338992
Q126415083	6000000176173526831
Q126415155	6000000002765065722
Q126415171	6000000002765065729
Q126415189	6000000186067768027
Q126415212	6000000186068660848
Q126415225	6000000186030387861
Q126415245	6000000001805515920
Q126415342	6000000008277790828
Q126415878	6000000084650282017
Q126416051	6000000007250631402
Q126416570	6000000002803002153
Q126416750	6000000016682024023
Q126418132	6000000000348866632
Q126418749	6000000178703959882
Q126419003	6000000178704155894
Q126419830	6000000002765074430
Q12642062	6000000040923637917
Q126420632	6000000002765074422
Q1264208	6000000152490105821
Q126420934	6000000069413787823
Q126421076	6000000178593772849
Q126421136	6000000011810800740
Q1264222	6000000182181837928
Q1264228	6000000038359988928
Q1264229	6000000059959195062
Q126424038	6000000095622082293
Q126425560	6000000182803960871
Q12642579	6000000014411307766
Q126425797	6000000011600506640
Q12642613	6000000058979173239
Q1264271	6000000047864437906
Q1264273	6000000005048809763
Q126429930	6000000179726296827
Q126430161	6000000084673432949
Q12643189	6000000016602287510
Q1264337	6000000068365536468
Q126436216	6000000116946653009
Q12643674	6000000179275357871
Q12643713	6000000058150013846
Q12643725	6000000003049916020
Q12643747	6000000177447779823
Q1264397	6000000034175189763
Q1264424	6000000022937003400
Q12644316	6000000083605202540
Q12644627	6000000016498564877
Q12644635	6000000077099792940
Q12644646	6000000124641811431
Q12644807	6000000054532772061
Q12644844	6000000012504568545
Q12644885	6000000073394515192
Q1264526	6000000024502569000
Q126453720	6000000002765065323
Q126453781	6000000175964163834
Q126453801	6000000010712102014
Q126453852	6000000008268747838
Q126453855	6000000003308649944
Q126454951	6000000174873877871
Q126455	6000000017583004184
Q126455029	6000000174872336346
Q126455546	6000000007443408568
Q126456112	6000000008277919320
Q126456172	6000000002765126993
Q126456183	6000000002765126987
Q126456374	6000000088595099960
Q12645640	6000000048442375872
Q12645748	6000000123639079944
Q12645799	6000000017602690008
Q12645827	6000000007481246041
Q12646020	6000000094828296886
Q12646183	6000000040191665363
Q126462	6000000014544494550
Q1264652	6000000051697660180
Q12646544	6000000003313294613
Q126466025	6000000042787104023
Q126468070	6000000029017779233
Q126468190	6000000178589721873
Q126468560	6000000029017542336
Q126468725	6000000175805440828
Q126469647	6000000180792771825
Q126470062	6000000174426331146
Q12647040	6000000002621744001
Q126470771	6000000014089885925
Q126471601	6000000014090716304
Q126472475	6000000091688094293
Q12647362	6000000007018467002
Q126473807	6000000010584656356
Q12647388	6000000077997015235
Q12647533	6000000036967799105
Q1264754	6000000091703625923
Q12647548	6000000089633892821
Q12647658	6000000010830405952
Q1264766	6000000060382198970
Q126477	6000000136631820824
Q12647702	6000000015163895913
Q126477222	6000000026477317705
Q126478184	6000000023514766637
Q12647873	6000000063802349380
Q126478780	6000000019010935264
Q12648071	6000000010336441296
Q1264816	6000000033638000596
Q126482	6000000076678117936
Q12648289	6000000181487205876
Q126483582	6000000076673325393
Q126485752	6000000006860051082
Q126485857	6000000002765050043
Q126486725	6000000174426246373
Q126486761	6000000010712466370
Q126486776	6000000177691484830
Q12648716	6000000084450435336
Q12648720	6000000006860548894
Q12648757	6000000038676256421
Q126487637	6000000195292831837
Q126487646	6000000195322178841
Q126488	6000000068020330978
Q12648814	6000000038303720994
Q126488373	6000000010847461236
Q126488388	6000000010847028099
Q126488691	6000000019829920230
Q1264895	6000000011262313076
Q126492617	6000000051698473127
Q12649313	6000000025208616465
Q126494594	6000000174498587000
Q126497437	6000000178590086827
Q1264975	6000000067942691379
Q126499	6000000018000162090
Q1264994	6000000008532677085
Q1265019	6000000070971593139
Q126502336	6000000182974646827
Q126503	6000000068436035859
Q12650693	6000000014695382071
Q12650701	6000000003572322095
Q126508	6000000014682094666
Q12650993	5705195037920080843
Q126511481	6000000093416932725
Q12651234	6000000077227919331
Q126513	6000000014625866562
Q126519	6000000124984347839
Q126519561	6000000105193428858
Q1265202	6000000040048971111
Q12652333	6000000000319404004
Q12653010	6000000003712835074
Q12653163	6000000002643854279
Q1265323	6000000180672167868
Q126534610	6000000025005495446
Q1265364	6000000008497306414
Q1265366	6000000019854984250
Q1265374	6000000057380839863
Q126539857	6000000076362879966
Q126539871	6000000174496923355
Q126539888	6000000174497435913
Q126539934	6000000029937564774
Q12654026	6000000003783291379
Q126540558	6000000186019612944
Q126540596	6000000186020242821
Q126540613	6000000010846493389
Q126540629	6000000002803063510
Q126540652	6000000174422924382
Q126540694	6000000174423945821
Q126540901	6000000058011611029
Q126540943	6000000008291315585
Q126540955	6000000008291358447
Q126541013	6000000015149639301
Q126541031	6000000151458212823
Q126541034	6000000007419174349
Q126541036	6000000151458066822
Q126541076	6000000002802996884
Q126541100	6000000089715883859
Q126541134	6000000089717156900
Q126541149	6000000089717029919
Q126541152	6000000002765045303
Q126541186	6000000041368296874
Q12654154	6000000050083008829
Q12654192	6000000015187264421
Q1265423	6000000019855095068
Q126544335	6000000012482902400
Q126544608	6000000078940642405
Q126544742	6000000078941296045
Q12654503	6000000014980893883
Q12654508	6000000014695249661
Q126545110	6000000008907609446
Q126545269	6000000008889299092
Q126545337	6000000010564083482
Q12654538	6000000003578919832
Q12654562	6000000015185441304
Q126545720	6000000017456237880
Q126545764	6000000008907609452
Q1265458	6000000138532650153
Q1265460	6000000015382378831
Q126546461	6000000008907576385
Q12654690	6000000022953294345
Q12654695	6000000005393774878
Q126547136	6000000008907596227
Q1265477	6000000031184467129
Q126548	6000000078756065654
Q126548059	6000000008638271137
Q12654824	6000000013677384367
Q126548696	6000000008907634286
Q1265505	6000000034555670829
Q126553299	6000000084654850932
Q12655505	6000000010242236943
Q1265576	6000000022554859407
Q12655851	6000000036967336681
Q1265605	6000000002168400684
Q1265631	6000000114692466873
Q12656440	6000000003572190555
Q12656516	6000000003579075040
Q1265657	6000000038027190230
Q1265672	6000000024047749777
Q126572	6000000013631259992
Q12657202	6000000019807820192
Q12657223	6000000182537081821
Q12657429	6000000044439984964
Q12657527	6000000037325360093
Q1265757	6000000144734960887
Q12657586	6000000003523612706
Q12657646	6000000076395400872
Q12657668	6000000041340136136
Q12657694	6000000038090160136
Q12657701	6000000016730472080
Q12657724	6000000044347292413
Q12657762	6000000036649494069
Q12657764	6000000015163859366
Q12657812	6000000015184095115
Q12657817	6000000101614314987
Q12657819	6000000024972596118
Q12657866	6000000014661428499
Q12657873	6000000030863353605
Q12657900	6000000002026416599
Q12658	6000000013078765983
Q12658159	6000000003522519406
Q1265827	6000000001212288134
Q12658378	6000000002333957404
Q12658385	6000000003783349663
Q12658505	6000000009091747465
Q12658567	6000000083950666835
Q12658645	6000000019977466567
Q1265881	6000000029837127131
Q12658811	6000000012156490683
Q12658811	6000000080760138938
Q12658815	6000000018994351135
Q12658824	6000000003771089774
Q12658835	6000000016682318308
Q1265884	6000000048833040979
Q12658840	6000000039323254282
Q12658851	6000000005041327173
Q12659233	6000000037325310078
Q126593943	6000000039888726208
Q126596	6000000030529298646
Q126596156	6000000019399103729
Q126596859	6000000008289758153
Q126597111	6000000008288878854
Q126597323	6000000008289520631
Q12659748	6000000002188456857
Q12659748	6000000221118390938
Q12659748	6000000221147201863
Q126597660	6000000023095895039
Q126597662	6000000010711351030
Q126597736	6000000008816731404
Q126597740	6000000007122737651
Q126597746	6000000016834479308
Q126597749	6000000016834616602
Q126597773	6000000007234403314
Q126597798	6000000035160306935
Q126597799	6000000206487174834
Q126597800	6000000010712069729
Q126597850	6000000010847480318
Q126597879	5693857728590113552
Q126597881	6000000001382791877
Q126597884	6000000002810455472
Q126597888	5693839727270041011
Q126597893	6000000001382791829
Q126597896	6000000001382850218
Q126597897	6000000001382850227
Q126597901	6000000001140567415
Q126597905	6000000001382791884
Q126597907	6000000021661155650
Q126597909	6000000021661104682
Q126598011	6000000078223056217
Q126598013	6000000001503949134
Q126598079	6000000150679091848
Q126598081	6000000150678122914
Q126598083	6000000004799797008
Q126598084	6000000001867473198
Q126598096	6000000001867572065
Q126598097	6000000001867501946
Q126598168	6000000181438729838
Q126598205	6000000014736739882
Q126598209	6000000014744344008
Q126598211	6000000000823680782
Q126598214	6000000000898675401
Q126598219	6000000002335194409
Q126598237	6000000181437734851
Q126598843	6000000096518358937
Q126599	6000000048932310949
Q126599056	6000000007510271381
Q126599085	6000000014950221894
Q126599301	6000000055007305850
Q126600382	6000000009103175795
Q12660114	6000000015711111794
Q12660142	6000000016730255818
Q12660143	6000000015162828410
Q12660155	6000000014933651469
Q12660170	6000000003712748399
Q12660172	6000000014660927340
Q12660174	6000000015184534898
Q126610661	6000000007234749379
Q126611261	6000000010846585452
Q126613	6000000004086373269
Q126613050	6000000033795189080
Q126615415	6000000007234783245
Q1266160	6000000000608117275
Q126616269	6000000174461940295
Q126616294	6000000177294190860
Q126616446	6000000174426284076
Q126616740	6000000022848420266
Q126616826	6000000055006834041
Q126617162	6000000196535426839
Q126617752	6000000204635795833
Q126617860	6000000025371485714
Q126617878	6000000025371186976
Q126617883	6000000024747425907
Q126617983	6000000017456836763
Q126618021	6000000002860727559
Q126618027	6000000000955092508
Q126618053	6000000000969875432
Q126618056	6000000003942467732
Q126618407	6000000033186460248
Q126618509	6000000028538688178
Q1266191	6000000039376891451
Q1266192	6000000037303147297
Q126619271	6000000007454405796
Q126619281	6000000007454405666
Q126619295	6000000042973906826
Q126619311	6000000008178249356
Q126619328	6000000001207516299
Q126619376	6000000006446046516
Q126619393	6000000002904556470
Q126619420	6000000007454334618
Q126619440	6000000002789874835
Q126619451	6000000002905001425
Q126619455	6000000002790152777
Q126619457	6000000001540850908
Q126619459	6000000002790140197
Q126619460	6000000007454307023
Q126619734	6000000172591274945
Q126619750	6000000000293444056
Q126619764	6000000000293443226
Q126619780	6000000000293443018
Q126619826	6000000021514669998
Q126619842	6000000049192002321
Q126619858	6000000002580497975
Q1266200	6000000000606732009
Q12662279	6000000021957164592
Q126623327	6000000013468454047
Q126623331	6000000013468110863
Q126626524	6000000221360191018
Q1266277	6000000076925113952
Q12662984	6000000003712780199
Q126630570	6000000008277615060
Q12663901	6000000002659217291
Q126641025	6000000174496998618
Q12664122	6000000078653590916
Q126642655	6000000084142964256
Q12664310	6000000016749659342
Q12664389	6000000003579032220
Q126643960	6000000209743873854
Q126644	6000000020328585670
Q12664487	6000000015165436058
Q12664653	6000000003783370079
Q12664781	6000000040484813016
Q126648000	6000000088013436924
Q12665	6000000009662122012
Q126651041	6000000035140656472
Q12665218	6000000063811475843
Q12665297	6000000173827618926
Q1266531	6000000170803894885
Q12665425	6000000039436193443
Q12665429	6000000003783339081
Q1266560	6000000029657827784
Q1266577	6000000024707667242
Q12665941	6000000014661211803
Q12666082	6000000007848713017
Q12666084	6000000002643694549
Q12666090	6000000014878236468
Q12666105	6000000014661272922
Q12666106	6000000008338208969
Q126661545	6000000016773095400
Q12666910	6000000019487804337
Q126672	6000000014990028090
Q126672010	6000000021478582233
Q126672025	6000000000715050774
Q126672039	6000000004087479400
Q126672071	6000000023186631082
Q126672085	6000000007836234837
Q126672140	6000000004087457288
Q126672189	6000000003468192786
Q126672232	6000000046898248963
Q126672486	6000000196071026834
Q126672487	6000000004993886426
Q126672489	6000000002597816881
Q126672504	6000000020331210256
Q126672505	6000000020773269817
Q126672511	6000000012943302243
Q126672512	6000000011275500891
Q126672513	6000000001863323893
Q126672516	6000000050131653889
Q126672517	6000000025125100538
Q126672518	6000000038911396588
Q126672519	6000000090969214980
Q12667252	6000000002165557397
Q126672520	6000000003939398061
Q126672521	6000000003939385845
Q126672523	6000000000293485703
Q126672525	6000000090970036841
Q126672526	6000000000261269711
Q126672538	6000000041767268946
Q126672549	6000000001805524642
Q126672559	6000000001805524651
Q126672560	6000000006917523739
Q126672561	4758714065670024412
Q126672572	4758714048000020426
Q126672695	6000000182001453952
Q126672699	6000000186785474837
Q126673825	6000000012381114388
Q126673825	6000000044148224042
Q1266741	6000000125020309187
Q126677	6000000031873566949
Q1266779	6000000003615466134
Q126678331	6000000037776379609
Q126678381	6000000014807504207
Q126678385	5581596754630085010
Q126678391	5581605244910105712
Q126678392	6000000021580112948
Q126678393	2457654
Q126678398	6000000174498213053
Q126678417	3633411
Q126678457	6000000057494429926
Q126678460	6000000057495829832
Q126678460	6000000109334887174
Q126678463	6000000039375187247
Q126678464	6000000025740564418
Q126678465	6000000001794792592
Q126678514	6000000024336224293
Q126678516	6000000024336023597
Q126678517	6000000024336189448
Q126678518	6000000024335948215
Q126678519	6000000024336038178
Q126678521	6000000024336311048
Q126678522	6000000008907569362
Q126678524	6000000024336057240
Q126678525	342311128410013694
Q126678755	6000000017457386041
Q126678871	342311390050006152
Q126678872	6000000000879855571
Q1266789	6000000166914459823
Q126679165	6000000017567406624
Q126679169	6000000017567438493
Q126679170	6000000017567555225
Q126679171	6000000012260717034
Q126679174	6000000000618847432
Q126679176	6000000000618972496
Q126679180	6000000003262590672
Q126679206	6000000174499506225
Q126679218	4906867946940031215
Q126679229	6000000003939835254
Q126679230	6000000003942483957
Q126679236	6000000005767991532
Q126679277	6000000017458992968
Q126679348	6000000002963358898
Q126679350	6000000054927236832
Q126679351	6000000054927273822
Q126679352	6000000011540238987
Q126679354	6000000006110942180
Q126679356	6000000008619293250
Q126679361	6000000027655213791
Q126679363	326774083370001813
Q126679374	6000000054927183911
Q126679376	6000000011873262880
Q126679377	6000000006969497905
Q126679378	6000000008619372246
Q126679380	6000000002600257189
Q126679382	6000000002610804190
Q126679383	6000000002953732012
Q126679384	6000000002610938429
Q126679388	6000000002610852037
Q126679389	6000000003937995207
Q126679390	6000000006175833622
Q126679391	6000000002046080805
Q126679433	6000000017460214344
Q126679450	6000000105883168345
Q126679452	6000000067823753922
Q126679453	6000000051433542960
Q126679455	6000000011128154141
Q126679473	6000000001101054981
Q126679474	6000000001100994352
Q126679475	6000000001100975292
Q126679476	4875941964110126110
Q126679479	6000000001100816908
Q126679480	6000000008671806410
Q126679481	4043300036990120026
Q126679495	6000000035489822092
Q126679496	6000000035489643146
Q126679498	6000000000834305350
Q126679499	6000000091359091661
Q126679500	6000000035489558430
Q126679501	6000000028462641988
Q126679502	6000000001080401458
Q126679540	6000000001878899154
Q1266798	6000000020052254448
Q126679996	6000000017459647937
Q126680082	6000000020328949567
Q126680084	6000000036656561212
Q126680087	6000000017460198413
Q126680134	6000000020328883488
Q126680143	6000000000337352194
Q126680151	6000000103947801848
Q126680152	6000000028874464545
Q126680452	6000000016768341456
Q126680570	6000000017482653846
Q126681218	6000000029640247621
Q126681314	6000000010847473320
Q126681338	6000000135723243036
Q126681345	6000000008149797487
Q126681347	6000000008149906805
Q126681349	6000000016357059329
Q126681352	6000000004325317063
Q126681353	6000000001830725178
Q126681356	6000000000240061088
Q126681357	6000000001056306701
Q126681359	6000000000897419021
Q126681371	6000000178450334835
Q126681378	6000000023525896103
Q126681404	6000000031808630066
Q126681411	6000000031854166881
Q126681532	6000000056119326847
Q126681930	6000000186030226851
Q126683170	6000000017481588729
Q126683210	6000000009997961481
Q126683212	374214450670011804
Q126683215	6000000016562652546
Q126683300	6000000017483232940
Q126683435	6000000074905246855
Q126683459	6000000017747797309
Q126683468	6000000002911987477
Q126683513	6000000191179631823
Q126683575	6000000019812831589
Q126683670	6000000206535796827
Q126684762	6000000000023079731
Q126685317	6000000035046168194
Q126685587	6000000035542117576
Q126687070	6000000041096570642
Q126687071	6000000192868517855
Q126687207	6000000021933367106
Q126687260	6000000009699683346
Q1266880	6000000157254009906
Q126688849	6000000008908176302
Q126688866	6000000009342675675
Q1266889	6000000124644484976
Q126688987	6000000008170311354
Q126689121	6000000063713015874
Q126689185	6000000063783353821
Q126689952	6000000002870175132
Q126689956	6000000005233000816
Q126690065	6000000010722747254
Q126690097	6000000008110853357
Q126690150	6000000008797774835
Q126690188	6000000177692313822
Q126690232	6000000081125356833
Q126690256	6000000016793816310
Q126690262	6000000008152893850
Q126691809	6000000008170324235
Q12669217	6000000041111912253
Q12669227	6000000175781157856
Q1266933	6000000178555712822
Q12669334	6000000074560587846
Q126695130	6000000006852324800
Q126695260	6000000083385357637
Q126695262	6000000017263787498
Q1266986	6000000023725183359
Q12669913	6000000081320393214
Q12669914	6000000059716533907
Q1267	6000000001137454409
Q12670072	6000000038766663926
Q12670106	6000000025606755157
Q12670129	6000000014695351274
Q12670134	6000000193055293862
Q126704	6000000018919508576
Q126705627	6000000026518261489
Q126707341	6000000011248409611
Q126707726	6000000206452943842
Q126707730	6000000011033863335
Q12670776	6000000008354566840
Q126707766	6000000186425983851
Q126707990	6000000037110021509
Q126708	6000000000011729572
Q126708774	6000000019895209091
Q126708781	6000000019665832751
Q126708783	6000000019665714930
Q12670883	6000000045872521872
Q126709046	6000000032120646398
Q126709226	6000000017852889757
Q126709275	6000000093366529385
Q126709354	6000000033006779237
Q126709383	6000000175403230018
Q126709526	6000000007122930332
Q126709576	6000000007122907288
Q126709613	6000000007234852381
Q126709780	6000000029949768362
Q126709821	6000000041966408363
Q126709939	6000000015762508147
Q126709970	6000000010410738898
Q126709975	6000000172735620116
Q126709998	6000000017852897711
Q126710	6000000081063905997
Q126710332	6000000000350924496
Q126710334	6000000000350924556
Q126710337	6000000004993321929
Q126710402	6000000008366379410
Q126710480	6000000012281721471
Q126710532	6000000010716483316
Q126710536	6000000021682185158
Q126710575	6000000001180338412
Q126710578	6000000003615913126
Q126710579	6000000003615913138
Q126710621	6000000001675951610
Q126710628	6000000001522973629
Q126711	6000000076679906027
Q126711012	6000000004152201342
Q126711139	6000000013811360323
Q126711165	6000000071298898982
Q126711786	6000000035075658612
Q126711813	6000000035335134015
Q126711833	6000000035335299020
Q126711859	6000000035335127642
Q126711880	6000000211428664830
Q126711881	6000000033543900906
Q126711904	6000000197729812821
Q126711922	6000000008630295418
Q126711983	6000000008630295439
Q126712151	6000000019937832669
Q126712164	6000000019937392715
Q126712179	6000000009431524988
Q12671556	6000000034979799155
Q126716376	6000000174454912557
Q12671643	4921918562990087503
Q126716696	6000000174463176289
Q126717111	6000000002765050059
Q126717347	6000000036840251897
Q126717440	6000000007234374618
Q126717470	6000000051698875878
Q126717578	6000000015095720838
Q126717771	6000000016808728469
Q1267183	6000000026315414961
Q126719637	6000000006558225316
Q126719826	6000000196412896903
Q126720065	6000000012952101595
Q1267207	6000000002413511238
Q126720732	6000000081202929860
Q126720793	6000000186069358942
Q126720821	6000000186068731969
Q126720836	6000000186029726923
Q126721	6000000053403692868
Q126722516	6000000015156372316
Q126722737	6000000021849814142
Q126722756	6000000017954685178
Q126722987	6000000008152375075
Q126723006	6000000186028859883
Q126723029	6000000186027653023
Q126723037	6000000008152721840
Q126723052	6000000035872896716
Q126723054	6000000003077049023
Q126723060	6000000042633494699
Q126723062	6000000022944846911
Q126723067	6000000025551503281
Q126723069	6000000009850457896
Q126723076	6000000022944784027
Q126723078	6000000022944370148
Q126723081	6000000022944264002
Q126723083	6000000006341098169
Q126723085	6000000002908293987
Q126723096	6000000003490669702
Q126723101	6000000003490628537
Q126723111	6000000003490628529
Q126723115	6000000066845190849
Q126723116	6000000066789164846
Q126723118	6000000066787219830
Q126723121	6000000002950483358
Q126723122	6000000066787993894
Q126723133	6000000036288913564
Q126723134	6000000036288647725
Q126723136	6000000000183045771
Q126723138	6000000002766624892
Q126723147	6000000075205805040
Q126723177	6000000075205657082
Q126723180	6000000022944974827
Q126723206	6000000043891742539
Q126723222	6000000003043748018
Q126723225	6000000021093136124
Q126723232	6000000008722968591
Q126723260	6000000017767411075
Q126723283	6000000006441132886
Q126723330	6000000060172607106
Q126723332	6000000010486340973
Q126723346	6000000001064098487
Q126723347	6000000026406416548
Q126723348	6000000009013584138
Q126723349	6000000001356826569
Q126723351	6000000003681159588
Q126723352	6000000003075815204
Q126723353	6000000001356845658
Q126723355	6000000004237638851
Q126723365	6000000002238401927
Q126723367	6000000070256401050
Q126723384	6000000015155900728
Q1267234	6000000014310764073
Q126723467	6000000000694867362
Q126723469	6000000011634934895
Q126723533	6000000014783610355
Q126723572	6000000002765047596
Q126723613	6000000002765050169
Q126723619	6000000029944085800
Q126723783	6000000006851530276
Q126723784	6000000080699075873
Q126723785	6000000009366985189
Q126723789	6000000041857674625
Q126723790	6000000197588713824
Q126724015	6000000022232129061
Q126724016	6000000096678301292
Q126724018	6000000078999125707
Q126724020	6000000076774918997
Q126724364	6000000025359318002
Q126724424	6000000025359023718
Q126724616	6000000172485818821
Q126724617	6000000031276842871
Q126724619	6000000035459561959
Q126724621	6000000097641568896
Q126724622	6000000024899923569
Q126724624	6000000014045151985
Q126724625	6000000031180891469
Q126726417	4233458
Q126726630	6000000018458224760
Q126726719	6000000042498358549
Q126726879	6000000180792539824
Q126726887	6000000078969723901
Q126726899	6000000108455876821
Q126726918	6000000015150946353
Q126727483	6000000002765714554
Q126727493	6000000002765065575
Q126727517	6000000002802999153
Q126727627	6000000015150945186
Q126727680	6000000012661484575
Q126727699	6000000015150926140
Q126728005	6000000007250572575
Q126728027	6000000025371213843
Q126728041	6000000008268633180
Q126728103	6000000186029276883
Q126728343	6000000177690456846
Q126728369	6000000177689739872
Q126728427	6000000180792337832
Q126728568	6000000002304412745
Q126728570	6000000002304412875
Q126728572	6000000002304406048
Q126728573	6000000003939825566
Q126728575	6000000003937966549
Q126728579	6000000003937966483
Q126728585	6000000003937961564
Q126728588	6000000003937961535
Q126728595	6000000003937961542
Q126728615	6000000003939751396
Q126728617	6000000003937982430
Q126728636	6000000178492875834
Q126728637	6000000148915034821
Q126728638	6000000007418635450
Q126728645	6000000001211004863
Q126728647	6000000022718871926
Q126728648	6000000000632132365
Q126728650	6000000000835566127
Q126728691	6000000197455827845
Q12672881	6000000179062664836
Q126728850	6000000010846587434
Q126729024	6000000002765050276
Q126729273	6000000007234845289
Q126729330	6000000008269217418
Q126730650	6000000000435801176
Q126730757	6000000007153505218
Q1267310	6000000004097627594
Q126731223	6000000007158918119
Q126731757	6000000007152686329
Q126732736	6000000007153341324
Q126733209	6000000006440686609
Q126733210	6000000006440474131
Q126733211	5712557992990135389
Q126733212	6000000005659537002
Q126733252	6000000005416781718
Q126733262	346568677080011003
Q126733602	6000000076171413869
Q126733653	6000000026997200479
Q126733672	6000000008269142308
Q126733718	6000000010712220994
Q126733776	6000000010712579274
Q126733811	6000000002765074342
Q126733875	6000000007282085322
Q126733984	6000000007282058511
Q126734011	6000000007282087237
Q126734055	6000000176892996850
Q126734135	6000000186067691083
Q126734868	6000000041587376902
Q126735315	6000000185991369834
Q126735357	6000000014321157032
Q126735389	6000000022347414548
Q12673632	6000000181259135884
Q12673662	6000000011592639097
Q126736632	6000000080741563968
Q126736634	6000000160104547875
Q126736636	6000000075279087178
Q12673671	6000000011580692108
Q12673681	6000000015162602624
Q12673683	6000000003572145043
Q126736931	6000000177312530830
Q126738	6000000070590111938
Q12673813	6000000174412200234
Q12673915	6000000083235816769
Q12673940	6000000164913870037
Q12673941	6000000014567519830
Q12674	6000000007848246428
Q126740681	6000000016573245320
Q126740764	6000000176600182824
Q126740807	6000000174497892270
Q126741175	6000000027877713426
Q126741177	6000000008176389962
Q126741179	6000000003366059029
Q126741180	6000000003649670082
Q126741181	6000000003649705709
Q126741182	6000000003649705964
Q126741225	6000000038023266047
Q126741244	6000000003669565647
Q126741248	6000000003516975920
Q126741273	6000000030857558254
Q126741274	6000000037368376839
Q126741282	6000000036072287176
Q126741283	6000000035985622594
Q126741297	6000000019522867778
Q126741299	6000000019521800555
Q126741300	6000000019509120609
Q126741304	6000000012526063618
Q126741389	6000000030255461431
Q126741497	6000000015911400864
Q126741566	6000000008176823269
Q126742181	6000000048220249983
Q126742189	6000000017568481662
Q126745289	6000000024557383513
Q126745318	6000000024557440501
Q126745351	6000000001410749206
Q126746	6000000011804814261
Q126746111	6000000002860816663
Q126746139	6000000002860816677
Q126746139	6000000014428465424
Q126746337	6000000002860816670
Q126746371	6000000014477150743
Q126746834	6000000014428252992
Q126746863	6000000014428465395
Q12674904	6000000013198514022
Q12674908	6000000015184597791
Q126749130	6000000004006053045
Q126749428	6000000002930999085
Q126750255	6000000010798281781
Q126750284	6000000010797702320
Q126750312	6000000010796497812
Q126750343	6000000010740773797
Q126750373	6000000007513859481
Q126750516	6000000002704933324
Q126750547	6000000014223658866
Q126750577	6000000014223642333
Q12675087	6000000014659931318
Q12675087	6000000076958569606
Q126751858	6000000014223611373
Q126752215	6000000030862273909
Q126752643	6000000012980603078
Q126752670	6000000000266338029
Q126752703	6000000007601498349
Q126752731	6000000002930991686
Q126752763	6000000000945991029
Q126752791	6000000003301749780
Q126752862	6000000001239141528
Q126752892	6000000003938725749
Q126753032	6000000003937912693
Q126753064	6000000006442127924
Q126753266	6000000003939165982
Q126753643	6000000000530489254
Q126753672	4088353215230072629
Q126753786	6000000003301740874
Q126753817	6000000000518040091
Q126754292	6000000035421981172
Q126754903	6000000177295005844
Q126755140	6000000042916500821
Q126755170	6000000021932604039
Q126755198	6000000003938080569
Q126755852	6000000000865530902
Q126755881	6000000000865817537
Q126755893	6000000002765047548
Q126756175	6000000008488364594
Q126756569	6000000008152761218
Q126756746	6000000000774249067
Q126758238	6000000014223763047
Q126758266	6000000014223639048
Q126758294	6000000003940713328
Q126758322	6000000003940713265
Q126758352	6000000002930991345
Q126758425	6000000003938068560
Q126758454	6000000003938514852
Q126758485	6000000002930991666
Q126758551	6000000006450637023
Q126758578	6000000006450582544
Q126758786	6000000002930991353
Q126758800	6000000002043370752
Q126758813	6000000002930991833
Q126759014	6000000018454696993
Q126759014	6000000141703684854
Q126759211	6000000176599358865
Q126759225	6000000141689382851
Q126759239	6000000001239091883
Q126759254	6000000003938082623
Q126759591	6000000000605453089
Q126759604	6000000005402704652
Q126759617	6000000006232145426
Q126759644	6000000001782451042
Q12676026	6000000174406644659
Q126761582	6000000183637904849
Q126761981	6000000183638169829
Q126762377	6000000198252028874
Q126762788	6000000186069282010
Q126763116	6000000061294330932
Q126763389	6000000186068738902
Q126764	6000000036223345777
Q1267643	6000000054606798834
Q1267648	6000000001991793519
Q12676517	6000000030880493862
Q12676520	6000000006084253609
Q1267709	6000000027978910158
Q1267769	6000000171991581821
Q12677701	6000000011311666359
Q12677702	6000000180341282907
Q12677988	6000000180341923824
Q12678032	6000000069708242254
Q12678064	6000000002659223289
Q12678083	6000000000319520074
Q12678109	6000000098311058835
Q12678110	6000000003578819999
Q12678264	6000000036694611091
Q12678277	6000000033340076717
Q12678382	6000000153895919822
Q1267841	6000000023079295223
Q12678423	6000000028728787988
Q12678498	6000000077284078897
Q126789	6000000000170779931
Q12678927	6000000166392652042
Q12679193	6000000087496691194
Q1267946	6000000002764429898
Q1267962	6000000014411318688
Q1268	6000000002925665834
Q12680	6000000016433913390
Q126802	6000000014460157315
Q126805502	6000000016374289238
Q126805997	6000000015354492433
Q1268089	5113590634200129572
Q12681001	6000000173620224994
Q126810744	6000000012012848420
Q126810745	6000000170828160865
Q12681141	6000000022448531676
Q126811516	4317901983500044206
Q126811566	4317902069380031301
Q126811588	4317911878850054470
Q126811598	4317911907690031303
Q126811709	6000000008804909022
Q126811743	6000000007287061274
Q126811767	6000000010279457636
Q126811796	6000000186068556978
Q126811941	6000000081201849329
Q1268148	6000000118387594839
Q126816	6000000019732603052
Q1268173	6000000034560991112
Q12681904	6000000000222521938
Q1268208	6000000041867211966
Q126821	6000000008341036952
Q12682432	6000000208497472822
Q126829657	6000000041569815127
Q126830264	6000000034427921177
Q126832428	6000000007132686239
Q126832632	6000000007234353740
Q126837	4819681537210126539
Q1268388	6000000074745550892
Q1268397	6000000026423701651
Q1268423	6000000009870326923
Q126843	6000000014250322485
Q126845148	6000000000170557836
Q126845150	6000000000583959520
Q126845157	6000000000659295153
Q126845160	6000000008330760084
Q126845162	6000000008681076720
Q126845164	6000000010665820348
Q126845165	6000000012628008551
Q126845167	6000000013062057142
Q126845168	6000000014092600941
Q126845171	6000000014569845999
Q126845173	6000000016103434944
Q126845175	6000000016779888120
Q126845182	6000000016853776535
Q126845183	6000000017084140155
Q126845185	6000000017340477349
Q126845186	6000000017350442469
Q126845188	6000000018309469175
Q126845195	6000000018378138403
Q126845225	6000000035130509385
Q126845230	6000000035351783886
Q126845233	6000000039157357713
Q126845235	6000000039619136074
Q126845238	6000000039872121240
Q126845239	6000000042143512328
Q126845241	6000000042231498319
Q126845242	6000000044281665412
Q126845243	6000000046196708912
Q126845244	6000000047227573926
Q126845246	6000000047878257156
Q126845247	6000000048913564911
Q126845251	6000000052619956843
Q126845254	6000000054011448049
Q126845257	6000000054355407899
Q126845259	6000000054403584047
Q126845263	6000000057408772955
Q126845264	6000000058202285139
Q126845267	6000000058590516002
Q126845269	6000000069488871097
Q126845271	6000000071130797002
Q126845275	6000000071300797970
Q126845276	6000000075339780871
Q126845277	6000000076684718148
Q126845284	6000000078281353580
Q126845286	6000000079796816753
Q126845289	6000000083077244459
Q126845291	6000000084072376000
Q126845293	6000000084407116212
Q126845295	6000000084688456854
Q126845298	6000000085825692922
Q126845299	6000000091343753842
Q126845302	6000000093852235146
Q126845303	6000000103819371828
Q126845306	6000000106990835837
Q126845316	6000000110427595823
Q126845320	6000000122033401240
Q126845322	6000000130975262848
Q126845324	6000000146226437864
Q126845326	6000000153932372889
Q126845328	6000000172256206013
Q126845330	6000000172521035980
Q126845332	6000000172522676535
Q126845333	6000000175340063838
Q126845334	6000000178986186834
Q126845335	6000000179336560902
Q126845336	6000000180037007855
Q126845339	6000000181020499834
Q126845342	6000000185331495822
Q126845344	6000000185342009029
Q126845345	6000000193418823824
Q126845348	6000000195190739836
Q126845350	6000000197585991840
Q1268463	6000000079043216985
Q126846393	6000000206696076852
Q1268481	6000000049050100978
Q1268493	6000000008960962323
Q126854600	6000000025718425473
Q126854602	6000000018593809515
Q126854604	6000000025605768432
Q126854606	6000000029440386883
Q126854607	6000000022301175632
Q126854609	6000000018378318836
Q126854610	6000000026780379806
Q126854612	6000000024194988049
Q126854614	6000000028143608090
Q126854617	6000000022248404351
Q126854622	6000000024640479708
Q126854623	6000000026799235608
Q126854625	6000000022317841804
Q126854627	6000000029055665775
Q126854629	6000000032056419877
Q126854630	6000000020513821669
Q126854632	6000000034199770166
Q126854633	6000000031309504028
Q126855301	6000000039673362859
Q126855301	6000000086322902870
Q126860219	6000000020817176124
Q126860221	6000000028834392538
Q126860228	6000000026229706121
Q126860229	6000000021769002578
Q126860231	6000000025929772896
Q126860237	6000000032313430071
Q126860239	6000000029137891445
Q126860241	6000000025663255516
Q126860247	6000000030908749163
Q126860248	6000000019866441480
Q126860250	6000000026366206990
Q126860252	6000000025721250994
Q126860255	6000000032843077833
Q126860257	6000000031550345889
Q126860259	6000000024310455368
Q126864983	6000000020680167964
Q1268652	6000000020745845324
Q1268653	6000000002764979054
Q1268679	6000000039261116112
Q126868760	6000000007417772684
Q126868762	6000000000876559477
Q126868763	6000000000876670010
Q126868982	6000000021567238921
Q126869003	5383356290090036145
Q126869006	5106081920000102593
Q126869009	5106083934290135979
Q126869012	5106085298400029667
Q126869015	5383373624380025584
Q126869020	6000000002006440132
Q126869023	5106507446150115223
Q126869025	5451964511000110995
Q126869029	5451964531820110901
Q126869030	6000000009235151881
Q126869032	6000000009235446821
Q126869035	6000000164025954008
Q126869041	5383356300920036151
Q126869043	6000000089816665882
Q126869044	6000000013104458668
Q126869046	6000000002889138486
Q126869047	6000000010001095320
Q126869049	6000000004575003667
Q126869053	6000000002889141711
Q126869055	6000000109860872822
Q126869087	6000000166185157927
Q126869102	6000000166185236957
Q126869111	6000000035568021217
Q126869112	6000000001779055098
Q126869130	6000000006348580619
Q126869133	6000000006348580627
Q126869135	6000000023741198995
Q126869136	6000000003938043132
Q126869137	6000000006348557715
Q126869138	6000000004993151816
Q126869139	6000000004993771117
Q126869140	6000000002167254157
Q126869168	6000000190454755860
Q126869170	6000000181324989821
Q126869178	6000000182960860824
Q126869216	6000000182974388835
Q126869677	1806337
Q126869687	6000000202987312895
Q126869708	6000000202987319837
Q126869714	6000000016814506184
Q126869716	6000000019071374821
Q126869810	6000000174602363848
Q126869885	6000000029535907108
Q126869940	6000000064017730021
Q126869969	6000000206264910829
Q126870001	6000000064017617129
Q126870014	6000000064018075832
Q126870489	6000000008339412636
Q126870895	6000000169079175821
Q126870974	6000000024757907172
Q126871057	6000000010413784482
Q126871058	6000000006964029708
Q126871089	2565806
Q126871126	6000000013153133204
Q126871128	6000000013153110228
Q126871129	6000000002737779009
Q126871130	6000000024816658301
Q126871131	6000000002435223914
Q126871132	6000000000552411766
Q126871133	6000000006446022437
Q126871134	6000000001691190145
Q126871137	6000000003040798267
Q126871188	6000000064017498075
Q126871536	6000000016931889580
Q126871537	6000000016932221564
Q126871538	6000000016932314085
Q126871626	6000000002580421650
Q126871627	6000000003495170211
Q126871630	6000000001353740363
Q126871670	6000000002498661092
Q126871671	6000000002498665656
Q126871672	6000000002498668804
Q126871674	6000000002498673348
Q126871675	6000000014778135970
Q126871678	6000000002498668799
Q126871679	6000000000436476366
Q126871682	6000000000111887743
Q126871689	6000000002498665649
Q126871693	6000000002498255236
Q126871699	6000000002498288625
Q126871720	6000000008307985215
Q126871731	6000000056461360875
Q126871734	6000000056461382938
Q126871736	6000000002504505891
Q126871737	6000000004994000417
Q126871741	6000000006444441795
Q126871786	6000000005422964717
Q126871791	6000000003942057681
Q126871795	6000000001915893586
Q126871798	6000000002247912260
Q126871826	6000000012580941209
Q126871829	6000000012580927220
Q126872194	6000000087434599823
Q126872525	6000000087434437821
Q126872899	6000000155089858833
Q126872903	6000000006444993783
Q126872918	6000000006444993738
Q126872934	6000000003938439631
Q126872947	6000000006175714241
Q126873041	6000000010808947657
Q126873045	6000000006907059125
Q126873061	6000000006907037424
Q126873074	6000000006906990230
Q126873284	6000000197381462843
Q126873300	6000000079060011941
Q126873316	6000000006907239848
Q126873331	6000000006907191910
Q126873357	6000000006907133752
Q126873373	6000000006907107744
Q126873387	6000000006907092571
Q126873400	6000000006907062174
Q126873579	6000000015502335504
Q126873592	6000000038131657695
Q126873606	6000000031306640173
Q126873860	6000000001930424561
Q126874059	6000000005060109569
Q126874168	6000000002665558161
Q126874507	6000000003090836589
Q126874521	6000000003513618651
Q126874557	6000000003513691459
Q126874640	6000000038131577653
Q126874653	6000000003243274721
Q126874669	6000000005230979654
Q126874710	6000000039249616030
Q126874728	6000000003243274798
Q126874936	6000000014065265005
Q1268770	6000000014693426274
Q126877439	6000000177294730823
Q126877447	6000000177294575858
Q12687797	6000000119176019834
Q126878268	6000000011749449013
Q126878270	6000000006906990802
Q126878294	6000000045267072821
Q126878659	6000000070155169926
Q126878663	6000000031973113020
Q126878679	6000000090984023904
Q126878692	6000000006907062254
Q126879737	6000000084651129396
Q126879754	6000000005953961752
Q126879754	6000000084650922589
Q126879977	6000000009006203345
Q12688	6000000011695221224
Q126880434	6000000081973690192
Q126880446	6000000014832973170
Q126880965	6000000036495613013
Q126880978	6000000027520171409
Q126880992	6000000069051347125
Q126881008	3464832
Q126881022	6000000002663227903
Q126881091	6000000011078315850
Q126881105	6000000011069896180
Q126884692	6000000007498445280
Q126887714	6000000024106158823
Q126887715	6000000024106116854
Q126887716	6000000024106025278
Q126887717	6000000024105990286
Q126887719	6000000024105873816
Q126887721	6000000024106379194
Q126887723	6000000024131814503
Q126887724	6000000024105557654
Q126887725	6000000034524707805
Q126887726	6000000004319141842
Q126887876	6000000203034254850
Q126888076	6000000015243888209
Q126888117	6000000025346063336
Q126888141	6000000010572635775
Q126888151	6000000025644830809
Q126888158	6000000028225571273
Q126888165	5070326517400102006
Q126888169	5070370016820062273
Q126888227	6000000024653691908
Q126888249	6000000024653112714
Q126888253	6000000028223648167
Q126888295	6000000015987437396
Q126888321	6000000015529138498
Q126888372	6000000028225756917
Q126888413	6000000010853410148
Q126888415	6000000079441513848
Q126888722	6000000108455962832
Q126888784	6000000026944506968
Q126888831	6000000035086727852
Q126888956	6000000008804417837
Q126889050	6000000011026184317
Q126889460	6000000001009620081
Q126889490	6000000112948603904
Q126889495	6000000013505582918
Q126889686	6000000208676059831
Q126889772	6000000016421895374
Q126889818	6000000042282836761
Q126889937	6000000014946686657
Q126890146	6000000031458309204
Q126890147	6000000006440304135
Q126890149	6000000006440304142
Q126890150	6000000009583865283
Q126890151	6000000006803172255
Q126890152	6000000002908870191
Q126890310	6000000034439801436
Q126890376	6000000127063325927
Q126890377	6000000054176934084
Q126890378	6000000001481351017
Q126890384	6000000127063452833
Q126890385	6000000008436070702
Q126890385	6000000180292870822
Q126890386	6000000008436153689
Q126890386	6000000180293000821
Q126890415	6000000018909050513
Q126890435	6000000030748926485
Q126890512	6000000000862890114
Q126890620	6000000003938748888
Q126890625	6000000003940271301
Q126890644	6000000003938120017
Q126890649	6000000000491138608
Q126890686	6000000024580797774
Q126890701	6000000041132921717
Q126890707	6000000039449504783
Q126890708	6000000008370579618
Q126890714	4084967915880049438
Q126890746	6000000041683609900
Q126890748	6000000021663869000
Q126890749	6000000021663885649
Q126890750	6000000033174498231
Q126890756	6000000021663868995
Q126890757	6000000026055072294
Q126890759	6000000000600248351
Q126890760	6000000001043907534
Q126890770	6000000000770673125
Q126890771	6000000001916048631
Q126890774	5657783744600121519
Q126890776	5649425047410038265
Q126890779	6000000026055084312
Q126890781	6000000011061082459
Q126891014	6000000002802996898
Q126891072	6000000002765050385
Q126891185	6000000176789145821
Q126892872	6000000023252572037
Q126894213	6000000003813187366
Q126894214	6000000113528087901
Q126894215	6000000180037547837
Q126894216	6000000019306844980
Q126894217	6000000076774777682
Q126894218	6000000179813922841
Q126894219	6000000011582648773
Q126894220	6000000025900675300
Q126894222	6000000014618737681
Q126894224	6000000040263074311
Q126894225	6000000008572462374
Q126894226	6000000063009736979
Q126894228	6000000034810479056
Q126894229	6000000014020825631
Q126894504	4537335
Q126894513	6000000022190165998
Q126894548	6000000026365970671
Q126894550	6000000026365627543
Q126894558	6000000023303937132
Q126894572	6000000006127013275
Q126894581	2936392
Q126894611	6000000001503758152
Q126894614	6000000023303923923
Q126894661	6000000031272720344
Q126894834	6000000002659217918
Q126894835	6000000002659217072
Q126894862	6000000039137201765
Q126894948	6000000002659223650
Q126895126	6000000016465565335
Q126895389	6000000018792426142
Q126895483	6000000018792688010
Q126895536	6000000018791899368
Q126895737	6000000002659221565
Q126895747	6000000073869024158
Q126895806	6000000039180829235
Q126895874	6000000002659217275
Q126895884	6000000039181435102
Q126895898	6000000039181478216
Q126895966	6000000176890966935
Q126895982	6000000008266909848
Q126896004	6000000002659223371
Q126896010	6000000008269312206
Q126896080	6000000027779159312
Q126896105	6000000002659221628
Q126896105	6000000214946894821
Q126896151	6000000002659217016
Q126896162	6000000002659221965
Q126896179	6000000002659217979
Q126896181	6000000002659217729
Q126896194	6000000002659217445
Q126896584	6000000073504031013
Q126896975	6000000174464384916
Q126897040	6000000067800809841
Q126897138	6000000036774240707
Q126897140	6000000025371217961
Q126897169	6000000048751035833
Q126897189	6000000212845964821
Q126897222	6000000025371541503
Q126897236	6000000025748235821
Q126897240	6000000048749768914
Q126897282	6000000037376509720
Q126899090	6000000179328772884
Q126899120	6000000009544589700
Q126899783	6000000006996398287
Q126900338	6000000015918314673
Q126900366	6000000015250756750
Q126900441	6000000003076705199
Q126900453	6000000015918153850
Q126900822	6000000012101908339
Q126900868	6000000037377194010
Q126900869	6000000018454718262
Q126900934	6000000012102049462
Q126900975	6000000048750461826
Q126900980	6000000048750305912
Q126900993	6000000048749862906
Q126900994	6000000048749994844
Q126900999	6000000018436068185
Q126901001	6000000048750133056
Q126901003	6000000048750328929
Q126901010	6000000048394600919
Q126901014	6000000048750429899
Q126901030	6000000048749801897
Q126901046	6000000048749405114
Q126901056	6000000018436005777
Q126901134	6000000073503838317
Q126901148	6000000048393672114
Q126901214	6000000205816465822
Q126901287	6000000016705562896
Q126901303	6000000017678570031
Q126901381	6000000002659221129
Q126901381	6000000214767567852
Q126901389	6000000073503982970
Q126901394	6000000025425478250
Q126901401	6000000025425732991
Q126901418	6000000025425392294
Q126901473	6000000025425863915
Q126901510	6000000025425271559
Q126901566	6000000025425580108
Q126901627	6000000054231600130
Q126901629	6000000077891076879
Q126901747	6000000054231168822
Q126901749	6000000054231676891
Q126901970	6000000015823988789
Q126902000	6000000062173081354
Q126902007	6000000025424861842
Q126902026	6000000013938930037
Q126902042	6000000015824493364
Q126902198	6000000015829957145
Q126902281	6000000025928380897
Q126902284	6000000211472141830
Q126902284	6000000214402245829
Q126902397	6000000027778934734
Q1269024	6000000135299020821
Q126902740	6000000015346613364
Q126902816	6000000016933530617
Q126902816	6000000108341934949
Q126902849	6000000017883722369
Q126902873	6000000014084281107
Q126902902	6000000020944364843
Q126902918	6000000021424684409
Q126903006	6000000050739278101
Q126903008	6000000050743315331
Q126903009	6000000019343807565
Q126903010	6000000017505848057
Q126903236	6000000022792843373
Q126903237	6000000022792033587
Q126903240	6000000003939869897
Q126903242	6000000026160512452
Q126903243	317005502740004141
Q126903244	6000000007915463376
Q126903247	316999241460006616
Q126903250	316972846210004180
Q126903251	309923060990001399
Q126903260	6000000007915482483
Q126903261	6000000000875535590
Q126903311	6000000172096339823
Q126903344	6000000182974891840
Q126903360	6000000008266787933
Q126903421	6000000178589393998
Q126903435	6000000178590419840
Q126903481	6000000013247959606
Q126903489	6000000018497690598
Q126903501	6000000206793971849
Q126903533	6000000203120784882
Q126903600	6000000171789095498
Q126903641	6000000032458955947
Q126903718	6000000008277555217
Q126903735	6000000008277548341
Q126903738	6000000023968135528
Q126903739	6000000025755689500
Q126903740	6000000029993982367
Q126903741	6000000172490374930
Q126903742	6000000179813463839
Q126903743	6000000038360871602
Q126903744	6000000021720384320
Q126903745	6000000064671280892
Q126903746	6000000058288242966
Q126903747	6000000067423401833
Q126903750	6000000014021357340
Q126903752	6000000109041178889
Q126903753	6000000125269571023
Q126903754	6000000018384947230
Q126903755	6000000182659582849
Q126903756	6000000078127787584
Q126903757	6000000197328390867
Q126903758	6000000024236029834
Q126903759	6000000009397568242
Q126903760	6000000101273953196
Q126903762	6000000055409412874
Q126903763	6000000012879034457
Q126903764	6000000029135369961
Q126903765	6000000025834373717
Q126903766	6000000047228342471
Q126903767	6000000038954405919
Q126903768	6000000017063299203
Q126903769	6000000044293556006
Q126903770	6000000040867644618
Q126903771	6000000005555041190
Q126903772	6000000182320451830
Q126903773	6000000085042352182
Q126903774	6000000022201063050
Q126903775	6000000026623526253
Q126903776	6000000033075709559
Q126903777	6000000013678059986
Q126903779	6000000015292586151
Q126903780	6000000037932532680
Q126903781	6000000063221612090
Q126903783	6000000014026139398
Q126903784	6000000180377329822
Q126903785	6000000010680611613
Q126903786	6000000015379799761
Q126903787	6000000025794044197
Q126903788	5464309371050116762
Q126903789	6000000052156074821
Q126903790	6000000038506216246
Q126903791	6000000039707165450
Q126903792	6000000019349974178
Q126903793	6000000011552381376
Q126903794	6000000024480202591
Q126903795	6000000050301876828
Q126903796	6000000030899732260
Q126903797	6000000097635943854
Q126903798	6000000069614689821
Q126903799	6000000028200734865
Q126903800	6000000026779616157
Q126903802	6000000127453674867
Q126903804	6000000027138564963
Q126903805	6000000042466390658
Q126903806	6000000026764303119
Q126903807	6000000084147423020
Q126903808	6000000172683122089
Q126903810	6000000024019729821
Q126903812	6000000025664911756
Q126903813	6000000025621196985
Q126903814	6000000024537241550
Q126903815	6000000011582248287
Q126903816	6000000034435784681
Q126903817	6000000180426275833
Q126903818	6000000022248693286
Q126903820	6000000014794702339
Q126903821	6000000024656011224
Q126903822	6000000022665171868
Q126903823	6000000011593098545
Q126903825	6000000013217053067
Q126903826	6000000034570529361
Q126903827	6000000039459502853
Q126903828	6000000029427188280
Q126903829	6000000080937382045
Q126903830	6000000037740183769
Q126903831	6000000020359046349
Q126903832	6000000034435316775
Q126903833	6000000006596558469
Q126903835	6000000065008887865
Q126903836	6000000015926436555
Q126903837	6000000026423102973
Q126903838	6000000027757079541
Q126903839	6000000038527058045
Q126903840	6000000187491894839
Q126903841	6000000179585987859
Q126903842	6000000014613376499
Q126903843	6000000028394219427
Q126903844	6000000094648033863
Q126903845	6000000043722942021
Q126903847	6000000172525242924
Q126903848	6000000172524245907
Q126903849	6000000201281244867
Q126903850	6000000068861078833
Q126903851	6000000039465716095
Q126903852	6000000172520552443
Q126903853	6000000016891868088
Q126903854	6000000020265077417
Q126903855	6000000011582986803
Q126903856	6000000011550553332
Q126903857	6000000034716986508
Q126903858	6000000026011703579
Q126903860	6000000025793513274
Q126903861	6000000077846063312
Q126903863	6000000022439861926
Q126903864	6000000025806396797
Q126903865	6000000024419824860
Q126903866	6000000052542895300
Q126903867	6000000078246701884
Q126903869	6000000183480488849
Q126903870	6000000037963636981
Q126903871	6000000026354123828
Q126903873	6000000193490845829
Q126903874	6000000091253546833
Q126903875	6000000077840069095
Q126903876	6000000025766282993
Q126903877	6000000008274474173
Q126903878	6000000011921557603
Q126903879	6000000083941934249
Q126903880	6000000057743445852
Q126903881	6000000011577775690
Q126903882	6000000023598061724
Q126903883	6000000026581972232
Q126903884	6000000018131579346
Q126903885	6000000052832123230
Q126903886	6000000046082357915
Q126903887	6000000038940875281
Q126903888	6000000007758137657
Q126903890	6000000026865818936
Q126903891	6000000032504316628
Q126903892	6000000180420283951
Q126903893	6000000015518420772
Q126903894	6000000026975021096
Q126903896	6000000032505304348
Q126903897	6000000083978962503
Q126903898	6000000032501091801
Q126903901	6000000020236959015
Q126903902	6000000035093560823
Q126903903	6000000024645240721
Q126903904	6000000025832245295
Q126903906	6000000082333203155
Q126903907	6000000014069541535
Q126903908	6000000018242461767
Q126903909	6000000029840242600
Q126903910	6000000083589896069
Q126903911	6000000007071466234
Q126903913	6000000024399860505
Q126903914	6000000049695152384
Q126903915	6000000195140097840
Q126903916	6000000018473406003
Q126903917	6000000172519688756
Q126903919	6000000008249376855
Q126903920	6000000196748329834
Q126903921	6000000067240950996
Q126903922	6000000032319017087
Q126903923	6000000067238390998
Q126903924	6000000122582203968
Q126903925	6000000048217240889
Q126903926	6000000020503510060
Q126903927	6000000037604371590
Q126903928	6000000111566235903
Q126903929	6000000173923840851
Q126903931	6000000043128160296
Q126903932	6000000013982710402
Q126903933	6000000182463411837
Q126903934	6000000036565220049
Q126903935	6000000072716799474
Q126903936	6000000077447720677
Q126903937	6000000061206946955
Q126903938	6000000183660613840
Q126903939	6000000021790114657
Q126903940	6000000046569747914
Q126903941	6000000019100454116
Q126903942	6000000031845715486
Q126903944	6000000024303217697
Q126903945	6000000011371510065
Q126903946	6000000077840214964
Q126903947	6000000011634626472
Q126903948	6000000000335587409
Q126903949	6000000054379401152
Q126903951	6000000027400642023
Q126903952	6000000037623557892
Q126903953	6000000025781310580
Q126903954	6000000067132225088
Q126903955	6000000046801614868
Q126903956	6000000172523886939
Q126903957	6000000061222218162
Q126903958	6000000127080344024
Q126903959	6000000172521125426
Q126903960	6000000081550479921
Q126903961	6000000016301851486
Q126903964	6000000026876833031
Q126903965	6000000195855251821
Q126903966	6000000182654909846
Q126903967	6000000008342862477
Q126903968	6000000172659502946
Q126903969	6000000172523209515
Q126903970	6000000025644389821
Q126903971	6000000038473165836
Q126903972	6000000075679795068
Q126903973	6000000007603511896
Q126903974	6000000030473971309
Q126903975	6000000011647047924
Q126903976	6000000179280889822
Q126903977	6000000070733370974
Q126903979	6000000046377754860
Q126903980	6000000023897418062
Q126903981	6000000024773731735
Q126903982	6000000043128463726
Q126903983	6000000010061224068
Q126903984	6000000042968720516
Q126903985	6000000058286940939
Q126903986	6000000012224209794
Q126903987	6000000009397280165
Q126903988	6000000028184422987
Q126903990	6000000009949625527
Q126903991	6000000025230440879
Q126903995	6000000012385253383
Q126903996	6000000024265095065
Q126903998	6000000201044442989
Q126903999	6000000029153903921
Q126904000	6000000028602371166
Q126904001	6000000026584380587
Q126904002	6000000079244711894
Q126904003	6000000052121363844
Q126904004	6000000056270488046
Q126904005	6000000025065744870
Q126904006	6000000010683649423
Q126904007	6000000028474447527
Q126904008	6000000099422044173
Q126904009	6000000023428379061
Q126904010	6000000058373145973
Q126904011	6000000023201525020
Q126904012	6000000021720561048
Q126904013	6000000021274422040
Q126904014	6000000053262073858
Q126904015	6000000024618277321
Q126904016	6000000008579213476
Q126904017	6000000026416014329
Q126904018	6000000018397462497
Q126904019	6000000097350174828
Q126904020	6000000038864349904
Q126904021	6000000046271575867
Q126904022	6000000063450735963
Q126904023	6000000067346272859
Q126904024	6000000077818741954
Q126904025	6000000025053167014
Q126904026	6000000077543763866
Q126904027	6000000025832118346
Q126904028	6000000044377380875
Q126904029	6000000035483002694
Q126904030	6000000011399195399
Q126904032	6000000039435520415
Q126904033	6000000029051642048
Q126904034	6000000068562871872
Q126904035	6000000039329370885
Q126904036	6000000016946547840
Q126904037	6000000026311825761
Q126904038	6000000121666786829
Q126904039	6000000083781817796
Q126904040	6000000040750238149
Q126904042	6000000022203228916
Q126904043	6000000018416691835
Q126904044	6000000024188118289
Q126904045	6000000021720385504
Q126904046	6000000021646688861
Q126904047	6000000104632102854
Q126904048	6000000026213301546
Q126904050	6000000023796422133
Q126904051	6000000168961102079
Q126904053	6000000027169156996
Q126904054	6000000195144862829
Q126904055	6000000127636911871
Q126904056	6000000040385111667
Q126904057	6000000015926459376
Q126904058	6000000036239884987
Q126904059	6000000029135814360
Q126904060	6000000024787491704
Q126904061	6000000021183822822
Q126904062	6000000169568958622
Q126904063	6000000011492204142
Q126904065	6000000014065511407
Q126904066	6000000046406683964
Q126904067	6000000181018894918
Q126904069	6000000174314304920
Q126904071	6000000023040298036
Q126904072	6000000197328487909
Q126904073	6000000098718422821
Q126904074	6000000035364225857
Q126904075	6000000024501443583
Q126904076	6000000068147238836
Q126904077	6000000026506915329
Q126904078	6000000018588012589
Q126904079	6000000000695333853
Q126904080	6000000017166331859
Q126904081	6000000028635907062
Q126904082	6000000037449937377
Q126904084	6000000172524944055
Q126904085	6000000022467132825
Q126904086	6000000110592975823
Q126904087	6000000039662472697
Q126904088	6000000011312296041
Q126904089	6000000081555489077
Q126904090	6000000039584737264
Q126904091	6000000023437829949
Q126904092	6000000037600723247
Q126904094	6000000021415237351
Q126904095	6000000021415019791
Q126904096	6000000056117170865
Q126904097	6000000175781204828
Q126904098	6000000007473713714
Q126904099	6000000071258671830
Q126904100	6000000020518029748
Q126904101	6000000050303944985
Q126904102	6000000017386653420
Q126904103	6000000023663975164
Q126904104	6000000040360466252
Q126904107	6000000018554952595
Q126904108	4992913311380133832
Q126904109	6000000091730430929
Q126904110	6000000175749744893
Q126904111	6000000015975763217
Q126904112	6000000019622981120
Q126904113	6000000061222972007
Q126904114	6000000038786937788
Q126904116	6000000040025108217
Q126904117	6000000026435460786
Q126904118	6000000011634852730
Q126904120	6000000047856763368
Q126904121	6000000030937882701
Q126904122	6000000025778320734
Q126904123	6000000078452548010
Q126904124	6000000033330540802
Q126904125	6000000030163740323
Q126904126	6000000180068885860
Q126904127	6000000107301469964
Q126904128	6000000043602238616
Q126904130	6000000028067242955
Q126904131	6000000146222811913
Q126904132	6000000032504727248
Q126904133	6000000026464863922
Q126904134	6000000096185307824
Q126904135	6000000139679867908
Q126904136	6000000023830759644
Q126904137	6000000031270988783
Q126904138	6000000026037090788
Q126904139	6000000069488941000
Q126904140	6000000019636923912
Q126904141	6000000054999205862
Q126904142	6000000049920701259
Q126904144	6000000176264740855
Q126904145	6000000051985284922
Q126904146	6000000009380789963
Q126904147	6000000106242869935
Q126904149	6000000068642593927
Q126904150	6000000026199605151
Q126904151	6000000013879227729
Q126904152	6000000153759467825
Q126904153	6000000018258505460
Q126904154	6000000058288191847
Q126904155	6000000012013014518
Q126904156	6000000038883690588
Q126904157	6000000029995230819
Q126904158	6000000040182596955
Q126904159	6000000026051861558
Q126904160	6000000009803094140
Q126904161	6000000086643854842
Q126904162	6000000025741963302
Q126904163	6000000044300695241
Q126904164	6000000030001404799
Q126904165	6000000024710721135
Q126904167	6000000019932483081
Q126904169	6000000024259010990
Q126904171	6000000016334938508
Q126904172	6000000024061448738
Q126904173	6000000024514321406
Q126904174	6000000003216071724
Q126904177	6000000014597062670
Q126904178	6000000103771776821
Q126904179	6000000018556847189
Q126904180	6000000028479708899
Q126904181	6000000028479209690
Q126904182	6000000013982313793
Q126904183	6000000046407849853
Q126904186	6000000018378228948
Q126904187	6000000015876892959
Q126904188	6000000037625507712
Q126904190	6000000018113401383
Q126904191	6000000040507540217
Q126904192	6000000034368564092
Q126904193	6000000032146340630
Q126904194	6000000014803174913
Q126904195	6000000022808634863
Q126904196	6000000022348605585
Q126904197	6000000122584278963
Q126904198	6000000011976643284
Q126904200	6000000026082234319
Q126904201	6000000135255890271
Q126904202	6000000025873974910
Q126904205	6000000017895399496
Q126904206	6000000024307199902
Q126904207	6000000019965711913
Q126904208	6000000010683661270
Q126904209	6000000077573046968
Q126904210	6000000013734126997
Q126904212	6000000017157902157
Q126904213	6000000034518849055
Q126904214	6000000034519135932
Q126904215	6000000096837417821
Q126904216	6000000058505800970
Q126904217	6000000042374916051
Q126904218	6000000090950878105
Q126904219	6000000008148398956
Q126904220	6000000008135497728
Q126904221	6000000028790730255
Q126904222	6000000023277780928
Q126904223	6000000022389820981
Q126904224	6000000022391229907
Q126904225	6000000172030591063
Q126904226	6000000040486990909
Q126904227	6000000035461277192
Q126904228	6000000017466999076
Q126904229	6000000016290870219
Q126904230	6000000037997153589
Q126904231	6000000037997479367
Q126904233	6000000050983957925
Q126904234	6000000016804111554
Q126904235	6000000045950521003
Q126904236	6000000018513036309
Q126904237	6000000018241504841
Q126904238	6000000025689354991
Q126904239	6000000053945374894
Q126904240	6000000040285222001
Q126904241	6000000045757843333
Q126904242	6000000045824597122
Q126904243	6000000039122397758
Q126904244	6000000039122475598
Q126904245	6000000025915611868
Q126904246	6000000027994197745
Q126904247	6000000077315050508
Q126904248	6000000018843782089
Q126904249	6000000018841740303
Q126904250	6000000072696838821
Q126904251	6000000012377510055
Q126904252	6000000021580012153
Q126904253	6000000045088230229
Q126904254	6000000030725786736
Q126904255	6000000018393830133
Q126904256	6000000028700498307
Q126904258	6000000025620736432
Q126904259	6000000023286672766
Q126904260	6000000043199445066
Q126904261	6000000022851540848
Q126904262	6000000026619297901
Q126904263	6000000021191034181
Q126904264	6000000015642271955
Q126904265	6000000018319681730
Q126904266	6000000026037070213
Q126904267	6000000038889200832
Q126904268	6000000018605005732
Q126904269	6000000040863408721
Q126904270	6000000018388102630
Q126904271	6000000038014623953
Q126904272	6000000038014532984
Q126904273	6000000020361360905
Q126904274	6000000011411149481
Q126904275	6000000028745260170
Q126904276	6000000028786483942
Q126904277	6000000028789440341
Q126904278	6000000013237259528
Q126904279	6000000110277162002
Q126904280	6000000110277610894
Q126904281	6000000110048372825
Q126904282	6000000110052793854
Q126904283	6000000110052395011
Q126904284	6000000110277934821
Q126904286	6000000022101403553
Q126904287	6000000024651491493
Q126904288	6000000023682026102
Q126904289	6000000023558467908
Q126904290	6000000106719456845
Q126904292	6000000023197571666
Q126904293	6000000039635723129
Q126904294	6000000019344611534
Q126904295	6000000069268690917
Q126904296	6000000020420042555
Q126904297	6000000021077583935
Q126904298	6000000123894787175
Q126904299	6000000023647261837
Q126904301	6000000026353674287
Q126904302	6000000011089195359
Q126904303	6000000011424149295
Q126904305	6000000044198175205
Q126904306	6000000031166315299
Q126904307	6000000079103728976
Q126904308	6000000034849234219
Q126904309	6000000081109232535
Q126904310	6000000021059947980
Q126904311	6000000021054591367
Q126904312	6000000021056426055
Q126904313	6000000028263240230
Q126904314	6000000005035967907
Q126904315	6000000025731092608
Q126904316	6000000028263046638
Q126904317	6000000031001922529
Q126904318	6000000024317623787
Q126904319	6000000092124857236
Q126904320	6000000052161354001
Q126904321	6000000018107018339
Q126904322	6000000024290481508
Q126904323	6000000178429806845
Q126904324	6000000022146269663
Q126904325	6000000034414053999
Q126904327	6000000022187716521
Q126904328	6000000044333625148
Q126904329	6000000024091288073
Q126904330	6000000169620618920
Q126904331	6000000077551842968
Q126904332	6000000038423205788
Q126904333	6000000043356644895
Q126904334	6000000017762979195
Q126904335	6000000037945526152
Q126904336	6000000143306348833
Q126904337	6000000010181654955
Q126904338	6000000036280766037
Q126904339	6000000076982621006
Q126904340	6000000013237258191
Q126904341	6000000084707182857
Q126904343	6000000010696343933
Q126904344	6000000014596130971
Q126904345	6000000033363856694
Q126904346	6000000128755189836
Q126904347	6000000026038451435
Q126904348	6000000077583197723
Q126904349	6000000047010754082
Q126904350	6000000022407020697
Q126904352	6000000039058617674
Q126904353	6000000002300415553
Q126904354	6000000077339768017
Q126904355	6000000077339433261
Q126904356	6000000077339875971
Q126904357	6000000034127934207
Q126904358	6000000008613083108
Q126904360	6000000024269303379
Q126904361	6000000113142821846
Q126904362	6000000031429628136
Q126904364	6000000026070067313
Q126904365	6000000164027684871
Q126904366	6000000019147311505
Q126904367	6000000190271920842
Q126904368	6000000023683723909
Q126904369	6000000033050977517
Q126904370	6000000014025749655
Q126904371	6000000083933178009
Q126904372	6000000022187918278
Q126904373	6000000081556661822
Q126904374	6000000081561025085
Q126904375	6000000081561186846
Q126904376	6000000024902604540
Q126904378	6000000027629639731
Q126904379	6000000012751597287
Q126904380	6000000018842934835
Q126904381	6000000076729282847
Q126904382	6000000047226888101
Q126904383	6000000019125082026
Q126904384	6000000171965378973
Q126904385	6000000047122680482
Q126904386	6000000021161712142
Q126904387	6000000017642288261
Q126904388	6000000011302189559
Q126904389	6000000129913897839
Q126904390	6000000049847282101
Q126904392	6000000060305209901
Q126904394	6000000042534677044
Q126904395	6000000116271156840
Q126904396	6000000015331086857
Q126904397	6000000021478652829
Q126904398	6000000008913235643
Q126904399	6000000029514247724
Q126904400	6000000029437863709
Q126904401	6000000021276303972
Q126904402	6000000035046507341
Q126904403	6000000024887728011
Q126904404	6000000026188850449
Q126904405	6000000032055352425
Q126904406	6000000054627791835
Q126904407	6000000053099869907
Q126904408	6000000055513652865
Q126904409	6000000020437657796
Q126904410	6000000025279581261
Q126904411	6000000040561750289
Q126904412	6000000014053973349
Q126904413	6000000006801997883
Q126904414	6000000013778483157
Q126904415	6000000009301551235
Q126904417	6000000045728915840
Q126904418	6000000105926032821
Q126904419	6000000031929278105
Q126904421	6000000030000105235
Q126904422	6000000031928421285
Q126904423	6000000026367251177
Q126904425	6000000023697660290
Q126904426	6000000039793525844
Q126904427	6000000039793337338
Q126904428	6000000037605116082
Q126904429	6000000085933269832
Q126904430	6000000075925331857
Q126904431	6000000142431469039
Q126904432	6000000142364149821
Q126904433	6000000108589868823
Q126904434	6000000023769130556
Q126904435	6000000143337732833
Q126904436	6000000078809497010
Q126904437	6000000037510746027
Q126904438	6000000038234150351
Q126904439	6000000029179500834
Q126904440	6000000131718510891
Q126904441	6000000015813877565
Q126904442	6000000019890796290
Q126904443	6000000020850680291
Q126904444	6000000034188865822
Q126904445	6000000058454218091
Q126904446	6000000019896769275
Q126904447	6000000010933451250
Q126904448	6000000034340897910
Q126904449	6000000081741088263
Q126904450	6000000023429994114
Q126904452	6000000024506101519
Q126904456	6000000015775266559
Q126904458	6000000077466739210
Q126904459	6000000077464589382
Q126904460	6000000039465340171
Q126904461	6000000034369517843
Q126904462	6000000024613386540
Q126904463	6000000024613409865
Q126904464	6000000024613068926
Q126904465	6000000064583136105
Q126904466	6000000020908468269
Q126904467	6000000024613386106
Q126904468	6000000064583054849
Q126904469	6000000064583404829
Q126904470	6000000024787596337
Q126904471	6000000009991197409
Q126904472	6000000025386583868
Q126904473	6000000021546134566
Q126904474	6000000038455439363
Q126904475	6000000013400544340
Q126904476	6000000013403139693
Q126904479	6000000013403100462
Q126904480	6000000020349748618
Q126904481	6000000020452537527
Q126904482	6000000038577075889
Q126904483	6000000039887531606
Q126904485	6000000040363379860
Q126904486	6000000028954443147
Q126904487	6000000042258324371
Q126904489	6000000042257141489
Q126904491	6000000023511286766
Q126904492	6000000181557745842
Q126904493	6000000012722186227
Q126904494	6000000080396393100
Q126904495	6000000019474209748
Q126904496	6000000034845695851
Q126904497	6000000069953865878
Q126904498	6000000069953434053
Q126904499	6000000014586669303
Q126904500	6000000077308600183
Q126904501	6000000073235415908
Q126904502	6000000033946143516
Q126904504	6000000038865761124
Q126904505	6000000084531002975
Q126904506	6000000028973859977
Q126904507	6000000040460281528
Q126904508	6000000019434000992
Q126904509	6000000022779733135
Q126904511	6000000022778384760
Q126904512	6000000024789644856
Q126904513	6000000017970366169
Q126904514	6000000015639468755
Q126904515	6000000015675008566
Q126904516	6000000180320538822
Q126904517	6000000058287077864
Q126904518	6000000058287087029
Q126904519	6000000058286927963
Q126904520	6000000058276037822
Q126904521	6000000097147700855
Q126904522	6000000015638172599
Q126904524	6000000036785171851
Q126904525	6000000028476904860
Q126904526	6000000028466168334
Q126904527	6000000028474518958
Q126904529	6000000040872323983
Q126904530	6000000040872049183
Q126904531	6000000040874407762
Q126904532	6000000023289139473
Q126904534	6000000028830408893
Q126904535	6000000033982904120
Q126904536	6000000023289463857
Q126904537	6000000149466588946
Q126904538	6000000020447717074
Q126904539	6000000009890087374
Q126904540	6000000069846742133
Q126904541	6000000040462357222
Q126904542	6000000189500638894
Q126904545	6000000174462661170
Q126904546	6000000013060133608
Q126904547	6000000014674492885
Q126904548	6000000014663729191
Q126904549	6000000178101232849
Q126904550	6000000026030568849
Q126904552	6000000019347361664
Q126904553	6000000020410337345
Q126904554	6000000029856798946
Q126904555	6000000022230909173
Q126904556	6000000022230673606
Q126904557	6000000039280893028
Q126904558	6000000026437500140
Q126904559	6000000022408889300
Q126904560	6000000024885803165
Q126904561	6000000042610983803
Q126904562	6000000016289738200
Q126904563	6000000039411165958
Q126904565	6000000039465377486
Q126904566	6000000014045103698
Q126904567	6000000020339538967
Q126904570	6000000024034927732
Q126904572	6000000020771194326
Q126904573	6000000023663972906
Q126904574	6000000116792744830
Q126904575	6000000025937259445
Q126904576	6000000035065839796
Q126904577	6000000032502887312
Q126904578	6000000029514844289
Q126904579	6000000026077701259
Q126904580	6000000178355358862
Q126904581	6000000023982380025
Q126904582	6000000006268620071
Q126904583	6000000011516202344
Q126904584	6000000016770950024
Q126904586	6000000069963330504
Q126904587	6000000018384509670
Q126904588	6000000039984483766
Q126904589	6000000077417038496
Q126904590	6000000016748442206
Q126904592	6000000016768783916
Q126904598	6000000022408620588
Q126904599	6000000011632065302
Q126904601	6000000029999666286
Q126904602	6000000024580214248
Q126904605	6000000020844312762
Q126904606	6000000038370403343
Q126904607	6000000038379692063
Q126904608	6000000011743961901
Q126904609	6000000011735339924
Q126904610	6000000038379478076
Q126904611	6000000017266768310
Q126904613	6000000010240581364
Q126904614	6000000031663787730
Q126904615	6000000030599639417
Q126904617	6000000054627545885
Q126904618	6000000135253793848
Q126904619	6000000054627160969
Q126904620	6000000054627287923
Q126904621	6000000029057423292
Q126904622	6000000148234391832
Q126904623	6000000083280004286
Q126904624	6000000124999309185
Q126904625	6000000017694440577
Q126904627	6000000030130733609
Q126904628	6000000008148398964
Q126904629	6000000010485749875
Q126904630	6000000016650954323
Q126904631	6000000010693122605
Q126904632	6000000020388032177
Q126904633	6000000010161392829
Q126904634	6000000010043333419
Q126904635	6000000020318093524
Q126904636	6000000013578237270
Q126904638	6000000013489137938
Q126904639	6000000023781411762
Q126904640	6000000023781264814
Q126904641	6000000023664069120
Q126904642	6000000020845334052
Q126904643	6000000023638139683
Q126904644	6000000023809702803
Q126904645	6000000025988343932
Q126904646	6000000024375385366
Q126904647	6000000013577980163
Q126904648	6000000024568370025
Q126904649	6000000024570008907
Q126904650	6000000024572762504
Q126904651	6000000024573898881
Q126904652	6000000024582744257
Q126904653	6000000024592116830
Q126904654	6000000024568022359
Q126904655	6000000024592463880
Q126904656	6000000024819845896
Q126904658	6000000024746952594
Q126904659	6000000038458560918
Q126904660	6000000024821018218
Q126904662	6000000024831303491
Q126904663	6000000028246352548
Q126904664	6000000028165857499
Q126904665	6000000059612677005
Q126904666	6000000018720472257
Q126904667	6000000077547602215
Q126904668	6000000086106011852
Q126904669	6000000086154164850
Q126904670	6000000086153769892
Q126904671	6000000086104577868
Q126904672	6000000038740733003
Q126904673	6000000018605149273
Q126904674	6000000097525903125
Q126904675	6000000022483341306
Q126904677	6000000022512074709
Q126904678	6000000047464621877
Q126904679	6000000040677491902
Q126904680	6000000025752135044
Q126904681	6000000010562653897
Q126904682	6000000029459447908
Q126904683	6000000023068156352
Q126904685	6000000023069410421
Q126904688	6000000023069400036
Q126904689	6000000023035172465
Q126904690	6000000023070944872
Q126904692	6000000023066958993
Q126904693	6000000023056058048
Q126904694	6000000023058476665
Q126904695	6000000023058457730
Q126904697	6000000023058953124
Q126904698	6000000026177356722
Q126904700	6000000020262441689
Q126904701	6000000042510205937
Q126904702	6000000042508923537
Q126904703	362307005750007900
Q126904704	6000000017264736961
Q126904706	6000000017264562200
Q126904707	6000000062921776854
Q126904708	6000000062925872828
Q126904709	6000000022558306681
Q126904711	6000000024338553865
Q126904713	6000000180095651875
Q126904714	6000000068895257856
Q126904715	6000000185423214870
Q126904716	6000000029406551471
Q126904717	6000000025930645915
Q126904718	6000000024611448752
Q126904720	6000000173331572845
Q126904721	6000000084133563321
Q126904722	6000000173328803526
Q126904724	6000000022665195883
Q126904725	6000000022483554455
Q126904727	6000000025621051163
Q126904728	6000000097638706882
Q126904730	6000000008540840747
Q126904731	6000000008530347571
Q126904732	6000000013217403533
Q126904733	6000000017735859241
Q126904734	6000000025664004740
Q126904735	6000000025663433571
Q126904736	6000000035483265185
Q126904737	6000000022936919049
Q126904738	6000000038506181159
Q126904739	6000000030427119515
Q126904740	6000000077543420991
Q126904741	6000000015976111648
Q126904742	6000000049137629947
Q126904743	6000000011545584323
Q126904744	6000000091727510862
Q126904745	6000000011447676624
Q126904746	6000000041682984734
Q126904747	6000000182646447876
Q126904748	6000000055391701044
Q126904749	6000000024990711322
Q126904750	6000000002979039573
Q126904751	6000000060315629247
Q126904752	6000000028170431646
Q126904753	6000000071115429982
Q126904754	6000000056967029112
Q126904756	6000000022484390895
Q126904757	6000000022484009820
Q126904758	6000000023189309195
Q126904760	6000000055706149821
Q126904761	6000000055580057940
Q126904762	6000000039375585821
Q126904763	6000000078141498263
Q126904764	6000000024501367658
Q126904765	6000000033782463684
Q126904766	6000000015906426313
Q126904767	6000000037582632921
Q126904768	6000000037582568821
Q126904769	6000000022484280003
Q126904770	6000000008913235668
Q126904771	6000000061226400912
Q126904772	6000000061226543841
Q126904773	6000000122429008826
Q126904775	6000000046672044917
Q126904776	6000000045766534830
Q126904777	6000000046802323953
Q126904778	6000000061226303954
Q126904779	6000000023189498939
Q126904780	6000000063006950024
Q126904781	6000000043179593821
Q126904782	6000000061223623980
Q126904783	6000000040277592017
Q126904784	6000000045993301112
Q126904785	6000000029697747137
Q126904786	6000000020208076878
Q126904787	6000000020210712885
Q126904788	6000000020210588216
Q126904789	6000000036001979252
Q126904790	6000000042354218512
Q126904791	6000000036729951091
Q126904792	6000000037517188701
Q126904795	6000000029264498255
Q126904796	6000000036729914120
Q126904797	6000000075400278849
Q126904798	6000000029523860919
Q126904799	6000000023035373361
Q126904800	6000000018228224352
Q126904801	6000000024814907987
Q126904802	6000000024724686252
Q126904803	6000000084470034697
Q126904804	6000000046696739231
Q126904805	6000000024511706212
Q126904806	6000000097635692009
Q126904807	6000000198402521826
Q126904808	6000000022198282178
Q126904809	6000000029469394046
Q126904810	6000000084472930018
Q126904811	6000000084473163153
Q126904812	6000000084474063946
Q126904813	6000000077487927961
Q126904814	6000000035153140659
Q126904815	6000000034993426862
Q126904816	6000000022198292355
Q126904817	6000000077488008567
Q126904818	6000000077488572884
Q126904819	6000000051330753832
Q126904820	6000000051330479927
Q126904821	6000000021165384754
Q126904822	6000000046286452068
Q126904823	6000000015896067264
Q126904824	6000000018391981302
Q126904825	6000000021479208072
Q126904828	6000000046697477876
Q126904829	6000000022467830109
Q126904830	6000000040036048759
Q126904831	6000000028543093846
Q126904832	6000000058433058909
Q126904833	6000000028541320034
Q126904834	6000000018627718412
Q126904835	6000000046674334972
Q126904836	6000000047464405071
Q126904837	6000000065745571825
Q126904838	6000000022850605417
Q126904839	6000000022850603201
Q126904840	6000000022850669111
Q126904842	6000000042459499323
Q126904843	6000000024990770298
Q126904844	6000000007659432680
Q126904845	6000000009415029905
Q126904846	6000000018067387264
Q126904847	6000000017316465264
Q126904848	6000000011357053940
Q126904849	6000000015443435052
Q126904850	6000000039305218940
Q126904851	6000000039304564670
Q126904852	6000000030146385973
Q126904853	6000000029058089843
Q126904854	6000000024415148851
Q126904855	6000000030595633007
Q126904856	6000000020354840103
Q126904857	6000000030591992402
Q126904858	6000000018423534772
Q126904859	6000000011092363490
Q126904860	6000000052106821935
Q126904861	6000000024306414481
Q126904862	6000000036313550837
Q126904865	6000000026658269830
Q126904866	6000000018306547694
Q126904867	6000000022311857629
Q126904868	6000000012745584307
Q126904869	6000000012745612319
Q126904870	6000000008481685570
Q126904871	6000000083139521903
Q126904872	6000000017415665491
Q126904873	6000000094647845850
Q126904874	6000000035069082892
Q126904875	6000000035044464955
Q126904876	6000000015292373780
Q126904877	6000000021630738784
Q126904878	6000000024957907326
Q126904879	6000000024957754586
Q126904881	6000000037447337692
Q126904883	6000000037404461813
Q126904884	6000000037967983850
Q126904885	6000000009661287776
Q126904886	6000000009762683489
Q126904887	6000000029731281931
Q126904888	6000000029731108962
Q126904889	6000000011546213203
Q126904891	6000000013577671981
Q126904892	6000000021633701196
Q126904893	6000000024928920550
Q126904894	6000000021604567577
Q126904896	6000000035063701718
Q126904897	6000000035061976324
Q126904898	6000000035046730035
Q126904899	6000000070183223191
Q126904900	6000000024279506505
Q126904901	6000000040830622273
Q126904903	6000000103977541907
Q126904904	6000000009944233377
Q126904908	6000000009944119951
Q126904909	6000000020356744979
Q126904910	6000000020358726196
Q126904911	6000000010668080214
Q126904913	6000000029731903903
Q126904914	6000000018473858016
Q126904915	6000000029515351026
Q126904916	6000000024834309067
Q126904917	6000000029732541001
Q126904918	6000000017660180967
Q126904919	6000000040750509239
Q126904920	6000000040749646339
Q126904921	6000000040750919877
Q126904922	6000000022115398757
Q126904924	6000000040874445785
Q126904925	6000000028819035996
Q126904926	6000000042010764259
Q126904927	6000000042012711903
Q126904929	6000000033320583346
Q126904930	6000000010089561571
Q126904931	6000000009415162055
Q126904933	6000000025049816722
Q126904934	6000000025050209458
Q126904935	6000000038329402571
Q126904936	6000000017536433130
Q126904937	6000000014524684020
Q126904938	342834875050011118
Q126904939	6000000012975196708
Q126904940	6000000026186848807
Q126904942	6000000043425753262
Q126904943	6000000009965496533
Q126904944	6000000033784958133
Q126904945	6000000033785825884
Q126904946	6000000031217649997
Q126904947	6000000025633793514
Q126904948	6000000089984094851
Q126904949	6000000014210847014
Q126904950	6000000179417704823
Q126904951	6000000012748134878
Q126904952	6000000020447290632
Q126904953	6000000015632463417
Q126904954	6000000035044715473
Q126904955	6000000017072991715
Q126904956	6000000002461198713
Q126904958	6000000002985498047
Q126904959	6000000039997906974
Q126904960	6000000011327822729
Q126904961	6000000015632120421
Q126904962	6000000038203994136
Q126904963	6000000025297302122
Q126904964	6000000025969787616
Q126904965	6000000015128152705
Q126904967	6000000031074593895
Q126904972	6000000011666236648
Q126904973	6000000011668047380
Q126904975	6000000011667526849
Q126904976	6000000030599970703
Q126904978	6000000018378973601
Q126904980	6000000018378445895
Q126904981	6000000018378723371
Q126904982	6000000018385891929
Q126904983	6000000018385961668
Q126904984	6000000018386052678
Q126904985	6000000047177316323
Q126904986	6000000037839023212
Q126904987	6000000023402411971
Q126904988	6000000028788781267
Q126904989	6000000024913610960
Q126904990	6000000078034754142
Q126904991	6000000084702547001
Q126904992	6000000024468118011
Q126904993	6000000021274422080
Q126904994	6000000021274422100
Q126904995	6000000021274422095
Q126904996	6000000093854351856
Q126904998	6000000025621254083
Q126904999	6000000026067219231
Q126905000	6000000026067469115
Q126905001	6000000025620447749
Q126905003	6000000018311507448
Q126905004	6000000015638648912
Q126905005	6000000033761637767
Q126905006	6000000033785144957
Q126905007	6000000024556054962
Q126905008	6000000024655284234
Q126905010	6000000021186135169
Q126905011	6000000011412965582
Q126905012	6000000011412830145
Q126905013	6000000012471730440
Q126905014	6000000038709816112
Q126905015	6000000038709343172
Q126905016	6000000038709654585
Q126905017	6000000038710489855
Q126905018	6000000038709626512
Q126905019	6000000029674834068
Q126905020	6000000024192860886
Q126905021	6000000023910607929
Q126905022	6000000023910457905
Q126905023	6000000024422947850
Q126905024	6000000012213003416
Q126905025	6000000032312429869
Q126905026	6000000032311672157
Q126905027	6000000032310167198
Q126905028	6000000018271378383
Q126905029	6000000024501473705
Q126905031	6000000031360249804
Q126905032	6000000177443201900
Q126905033	6000000048874830848
Q126905034	6000000023858336296
Q126905035	6000000023839012852
Q126905036	6000000023835631464
Q126905037	6000000068740504320
Q126905038	6000000017624388970
Q126905039	6000000023484813147
Q126905040	6000000152359049870
Q126905041	6000000012852725255
Q126905042	6000000073853865849
Q126905043	6000000105735429269
Q126905046	6000000014597549686
Q126905047	6000000012534038864
Q126905048	6000000011089724370
Q126905049	6000000022495029104
Q126905050	6000000112909831821
Q126905051	6000000054424700876
Q126905052	6000000049189731865
Q126905053	6000000016176833111
Q126905054	6000000024269449788
Q126905055	6000000024269442191
Q126905056	6000000024269652035
Q126905057	6000000024276385246
Q126905058	6000000037686597847
Q126905059	6000000037685835948
Q126905060	6000000174257691158
Q126905061	6000000189448082837
Q126905062	6000000164910731100
Q126905063	6000000038127991937
Q126905064	6000000035498105452
Q126905065	6000000127181250833
Q126905066	6000000071281828074
Q126905067	6000000023699431842
Q126905068	6000000038765860924
Q126905069	6000000029841480181
Q126905070	6000000029839521957
Q126905071	6000000020315503332
Q126905072	6000000020338174129
Q126905073	6000000026076806246
Q126905075	6000000028729705955
Q126905076	6000000028729237619
Q126905077	6000000010089291527
Q126905078	6000000077867419097
Q126905079	6000000038066695948
Q126905080	6000000020961189630
Q126905081	6000000024273025056
Q126905082	6000000024274867030
Q126905083	6000000073046822094
Q126905084	6000000073049547879
Q126905085	6000000073046761312
Q126905086	6000000055883623009
Q126905087	6000000024269833564
Q126905089	6000000024261511960
Q126905090	6000000024261598852
Q126905091	6000000024269379714
Q126905092	6000000024272450757
Q126905093	6000000033353755915
Q126905094	6000000024274275026
Q126905095	6000000073045671837
Q126905096	6000000073045073445
Q126905097	6000000011321851164
Q126905098	6000000017350604696
Q126905099	6000000020668595849
Q126905100	6000000019109414809
Q126905101	6000000019109601479
Q126905102	6000000019109969188
Q126905103	6000000019109294753
Q126905104	6000000035992154986
Q126905105	6000000003081856070
Q126905106	6000000024879497374
Q126905107	6000000024879384488
Q126905108	6000000024629284899
Q126905109	6000000033738755331
Q126905110	6000000033738606453
Q126905111	6000000033736740213
Q126905112	6000000078314579690
Q126905113	6000000106910202834
Q126905114	6000000003082232535
Q126905115	6000000010754316698
Q126905116	6000000021609519843
Q126905117	6000000009072552632
Q126905118	6000000003082266709
Q126905119	6000000003082210372
Q126905120	6000000009394632056
Q126905121	6000000007707499059
Q126905122	6000000012503439871
Q126905123	6000000009395262042
Q126905124	6000000009965341589
Q126905125	6000000009006514588
Q126905126	6000000007707561661
Q126905127	6000000007707342688
Q126905128	6000000016323316135
Q126905129	6000000018241328029
Q126905130	6000000019930667193
Q126905131	6000000024638107869
Q126905132	6000000029760290403
Q126905133	6000000029761017328
Q126905135	6000000029760088417
Q126905136	6000000039149994515
Q126905137	6000000009943736936
Q126905138	6000000009943972362
Q126905139	6000000024957944981
Q126905140	6000000026547820526
Q126905141	6000000105736680833
Q126905143	6000000003082089947
Q126905144	6000000003082359321
Q126905145	6000000003083047912
Q126905146	6000000003082989414
Q126905147	6000000003082479046
Q126905148	6000000010442627021
Q126905149	6000000010442662617
Q126905150	6000000041810277713
Q126905151	6000000008041030500
Q126905152	6000000027113628645
Q126905154	6000000023088653982
Q126905156	6000000022688199160
Q126905157	6000000026190725021
Q126905158	6000000045034203848
Q126905159	6000000047060147991
Q126905161	6000000045034077890
Q126905162	6000000039256489295
Q126905163	6000000045036411008
Q126905164	6000000044052747131
Q126905165	6000000014194581039
Q126905166	6000000008528304352
Q126905167	6000000008534252807
Q126905168	6000000042354355596
Q126905169	6000000024511856021
Q126905171	6000000011631999910
Q126905172	6000000018305125940
Q126905173	6000000039457260821
Q126905174	6000000039456794475
Q126905175	6000000018627159029
Q126905176	6000000024076562296
Q126905179	6000000067115548837
Q126905180	6000000067115032848
Q126905181	6000000067115223953
Q126905182	6000000067115365848
Q126905183	6000000026322464244
Q126905184	6000000026324245979
Q126905186	6000000075486036855
Q126905187	6000000017518091254
Q126905188	6000000017513169998
Q126905189	6000000008481714313
Q126905190	6000000008481750314
Q126905191	6000000034982815307
Q126905192	6000000020985946267
Q126905193	6000000034406640218
Q126905194	6000000055388576932
Q126905195	6000000055409550829
Q126905196	6000000055388591002
Q126905197	6000000055388209113
Q126905198	6000000055391021270
Q126905199	6000000055577324022
Q126905200	6000000024266594664
Q126905202	6000000029530648822
Q126905203	6000000029521230252
Q126905204	6000000029469363444
Q126905206	6000000178339952852
Q126905208	6000000178339408840
Q126905209	6000000024266469643
Q126905210	6000000024267020508
Q126905211	6000000029469181563
Q126905212	6000000024738777074
Q126905214	6000000035042604096
Q126905215	6000000035152948935
Q126905216	6000000035152825131
Q126905217	6000000025372243014
Q126905219	6000000025781560884
Q126905220	6000000016288124499
Q126905222	6000000016287736568
Q126905223	6000000042463431301
Q126905224	6000000032139921846
Q126905225	6000000032139755979
Q126905226	6000000078047642061
Q126905227	6000000078047796035
Q126905229	6000000077816650891
Q126905230	6000000022213438248
Q126905232	6000000025049101817
Q126905233	6000000025054112900
Q126905234	6000000029553476765
Q126905235	6000000029553693548
Q126905237	6000000029553522408
Q126905238	6000000037781892433
Q126905239	6000000029020810811
Q126905241	6000000127162456022
Q126905242	6000000029021685517
Q126905243	6000000179797592821
Q126905244	6000000179797032832
Q126905245	6000000179796996851
Q126905247	6000000073372019943
Q126905249	6000000077451943040
Q126905250	6000000024957364408
Q126905251	6000000077464901974
Q126905252	6000000024022158020
Q126905253	6000000077450160310
Q126905255	6000000024021816527
Q126905256	6000000046456037794
Q126905257	6000000043882638844
Q126905259	6000000028086364303
Q126905260	6000000039070362032
Q126905261	6000000024597841026
Q126905262	6000000181808685840
Q126905263	6000000018135070282
Q126905264	6000000024460115950
Q126905265	6000000016291695962
Q126905267	6000000024277694507
Q126905268	6000000039647560654
Q126905271	6000000040253615065
Q126905272	6000000040253595059
Q126905273	6000000022937085873
Q126905274	6000000039766700220
Q126905275	6000000039766413228
Q126905276	6000000039766295281
Q126905277	6000000039766785994
Q126905278	6000000008613215986
Q126905280	6000000008613882850
Q126905281	6000000020958831684
Q126905282	6000000022467200210
Q126905283	6000000023068605939
Q126905284	6000000023068065195
Q126905285	6000000031374970711
Q126905286	6000000067115244863
Q126905287	6000000067115240921
Q126905289	6000000107566574046
Q126905290	6000000107580777847
Q126905291	6000000092484331833
Q126905292	6000000065459497099
Q126905293	6000000065063397900
Q126905294	6000000037600400635
Q126905295	6000000037601650124
Q126905296	6000000034893197695
Q126905300	6000000043653019853
Q126905301	6000000020758900640
Q126905302	6000000042398209837
Q126905303	6000000042398064046
Q126905304	6000000042397461922
Q126905305	6000000016290747777
Q126905307	6000000022495309352
Q126905308	6000000026067453025
Q126905309	6000000051912434060
Q126905310	6000000039423831606
Q126905311	6000000051909648927
Q126905312	4440132254950076899
Q126905315	6000000017266518134
Q126905316	6000000019930593188
Q126905317	6000000011634230276
Q126905319	6000000031334936459
Q126905321	6000000035002524827
Q126905322	6000000040254517223
Q126905323	6000000040254549347
Q126905324	6000000028538247052
Q126905325	6000000037836798000
Q126905326	6000000015750823850
Q126905328	6000000024501915201
Q126905329	6000000023914283050
Q126905330	6000000084474074924
Q126905331	6000000084477976982
Q126905332	6000000084477077862
Q126905333	6000000177256262852
Q126905334	6000000177257053833
Q126905335	6000000054079645452
Q126905336	6000000025211423568
Q126905337	6000000023927518747
Q126905338	6000000025752334168
Q126905339	6000000024124378442
Q126905340	6000000024126050241
Q126905341	6000000024998019995
Q126905342	6000000025001379855
Q126905344	6000000024416163359
Q126905345	6000000010466242665
Q126905346	6000000059895439833
Q126905347	6000000024729667214
Q126905348	6000000070076223290
Q126905351	6000000042673993136
Q126905352	6000000043606107825
Q126905353	6000000062706062945
Q126905354	6000000030525533487
Q126905355	6000000194582875843
Q126905356	6000000182719652821
Q126905357	6000000032838080487
Q126905358	6000000036876907588
Q126905359	6000000024359100750
Q126905360	6000000029553743690
Q126905361	6000000156280764837
Q126905362	6000000087548903870
Q126905363	6000000041583245926
Q126905364	6000000180933136827
Q126905365	6000000025279854054
Q126905366	6000000037179439019
Q126905367	6000000077147854892
Q126905368	6000000077147920137
Q126905369	6000000077147742097
Q126905370	6000000033353006130
Q126905371	6000000196893696822
Q126905372	6000000031068926768
Q126905373	6000000029141742099
Q126905374	6000000010723606861
Q126905376	6000000119017148932
Q126905377	6000000021815233068
Q126905379	6000000119016603007
Q126905380	6000000043139235937
Q126905382	6000000046225793856
Q126905383	6000000046225298412
Q126905384	6000000046225922835
Q126905385	6000000035091596117
Q126905386	6000000152269957825
Q126905387	6000000020801372591
Q126905388	6000000035156517274
Q126905389	6000000035156807905
Q126905390	6000000035156482179
Q126905391	6000000031431911104
Q126905392	6000000096061358916
Q126905393	6000000025299010760
Q126905394	6000000018397806011
Q126905395	6000000018397454545
Q126905396	6000000024793016954
Q126905397	6000000008613684205
Q126905399	6000000030387647053
Q126905400	6000000019855548595
Q126905401	6000000018462889224
Q126905402	6000000091405372036
Q126905403	6000000091507947192
Q126905404	6000000030479435581
Q126905405	6000000038242656515
Q126905406	6000000051132863332
Q126905407	6000000058654852054
Q126905408	6000000045717734432
Q126905409	6000000046567900968
Q126905410	6000000024582557522
Q126905411	6000000025648125929
Q126905412	6000000028110686690
Q126905413	6000000024293826535
Q126905414	6000000024209195917
Q126905415	6000000026077558332
Q126905416	6000000038158478893
Q126905417	6000000025691963697
Q126905418	6000000174234171104
Q126905419	6000000038158834752
Q126905420	6000000174239140921
Q126905421	6000000018368266295
Q126905424	6000000015877394175
Q126905425	6000000033525616758
Q126905426	6000000024582489550
Q126905427	6000000042351759501
Q126905428	6000000025742509858
Q126905429	6000000025649583980
Q126905430	6000000038443376127
Q126905432	6000000038445993242
Q126905433	6000000042232644441
Q126905434	6000000028184318409
Q126905435	6000000042249059463
Q126905436	6000000038445963284
Q126905438	6000000025621078046
Q126905439	6000000024375437616
Q126905440	6000000024362030985
Q126905441	6000000024375499237
Q126905442	6000000057331772874
Q126905443	6000000174342998452
Q126905444	6000000181522011833
Q126905445	6000000100796100318
Q126905446	6000000181478854821
Q126905447	6000000069353731821
Q126905448	6000000181263240932
Q126905449	6000000015898439126
Q126905450	6000000005553163002
Q126905451	6000000038765701330
Q126905453	6000000174445659168
Q126905454	6000000044331435376
Q126905455	6000000038423698657
Q126905456	6000000025889462230
Q126905457	6000000019975378118
Q126905458	6000000019028119733
Q126905459	6000000135347678830
Q126905460	6000000025768759212
Q126905461	6000000182234149889
Q126905462	6000000040397314472
Q126905463	6000000039907903104
Q126905464	6000000039912417268
Q126905465	6000000028771731206
Q126905466	6000000028772056289
Q126905467	6000000121199304146
Q126905468	6000000055021056225
Q126905469	6000000037804097993
Q126905470	6000000018367150723
Q126905471	6000000018367248648
Q126905474	6000000040947804673
Q126905475	6000000039356003468
Q126905476	6000000039149941153
Q126905477	6000000024261907400
Q126905478	6000000024261803783
Q126905479	6000000025765371136
Q126905480	6000000025606161956
Q126905481	6000000025765443884
Q126905482	6000000017073152543
Q126905483	6000000084738644448
Q126905484	6000000006300408370
Q126905485	6000000038879157923
Q126905486	6000000028972771699
Q126905487	6000000167088742821
Q126905488	6000000045288074906
Q126905489	6000000045288064939
Q126905490	6000000042753556030
Q126905491	6000000042399257769
Q126905492	6000000036056989128
Q126905493	6000000055469111821
Q126905494	6000000026507220130
Q126905495	6000000024707619054
Q126905496	6000000037909089930
Q126905497	6000000039256224621
Q126905498	6000000042400107080
Q126905499	6000000025767576188
Q126905500	6000000026507654836
Q126905501	6000000121078548265
Q126905502	6000000019796201101
Q126905503	6000000019795742732
Q126905505	6000000004302757748
Q126905507	6000000010665815220
Q126905509	6000000035114164855
Q126905510	6000000150392170881
Q126905511	6000000025115607299
Q126905513	6000000172775397825
Q126905515	6000000040875000201
Q126905516	6000000057404518912
Q126905516	6000000150007213833
Q126905517	6000000051652038957
Q126905518	6000000057405070897
Q126905519	6000000031268693896
Q126905520	6000000022922226582
Q126905522	6000000077622494230
Q126905523	6000000057569259823
Q126905524	6000000197330345831
Q126905525	6000000110066126862
Q126905527	6000000013330709437
Q126905528	6000000172774130488
Q126905529	6000000029405671739
Q126905531	6000000080823013200
Q126905532	6000000134806482070
Q126905533	6000000022201836038
Q126905534	6000000170032225894
Q126905535	6000000170031873138
Q126905536	6000000016611550055
Q126905537	6000000038288733028
Q126905538	6000000019069647709
Q126905539	6000000026746980941
Q126905540	6000000052985174825
Q126905541	6000000172887855186
Q126905542	6000000035944183411
Q126905543	6000000024527696927
Q126905544	6000000084663752943
Q126905545	6000000178468975837
Q126905546	6000000172801624823
Q126905547	6000000037537296146
Q126905548	6000000056429646880
Q126905549	6000000031240095055
Q126905550	6000000184148754864
Q126905552	6000000013577693899
Q126905553	6000000018335623713
Q126905554	6000000011302434282
Q126905555	6000000018595119929
Q126905557	6000000018602609402
Q126905558	6000000013580425086
Q126905559	6000000013579307669
Q126905560	6000000184166712869
Q126905561	6000000038487512371
Q126905562	6000000016804169164
Q126905563	6000000034868657300
Q126905564	6000000018383810197
Q126905565	6000000018383686694
Q126905566	6000000018382205838
Q126905567	6000000126768574821
Q126905567	6000000184240265841
Q126905568	6000000010422413426
Q126905572	6000000029031753364
Q126905573	6000000046538837996
Q126905574	6000000169749964032
Q126905575	6000000020327125552
Q126905576	6000000024518797277
Q126905577	6000000053656858821
Q126905578	6000000022517982412
Q126905579	6000000022517568269
Q126905580	6000000025754761807
Q126905581	6000000030792803194
Q126905582	6000000084390772862
Q126905585	6000000026119560181
Q126905586	6000000028144049070
Q126905587	6000000048486955077
Q126905588	6000000070642480152
Q126905589	6000000032083321268
Q126905590	6000000080565593842
Q126905592	6000000172962235893
Q126905593	6000000172964284442
Q126905594	6000000172964267676
Q126905595	6000000172968704862
Q126905596	6000000172964441523
Q126905597	6000000077487142958
Q126905598	6000000084663230255
Q126905599	6000000024629219859
Q126905601	6000000035570080126
Q126905602	6000000050352318391
Q126905603	6000000174126992285
Q126905604	6000000023835494615
Q126905605	6000000023835743107
Q126905606	6000000061224697933
Q126905607	6000000077338710905
Q126905608	6000000077369299873
Q126905609	6000000196881252842
Q126905610	6000000053416867841
Q126905611	6000000178263718872
Q126905612	6000000079026115838
Q126905613	6000000025959948106
Q126905614	6000000179337862835
Q126905615	6000000075296297899
Q126905616	6000000084648839353
Q126905617	6000000173589667849
Q126905618	6000000075810281245
Q126905619	6000000040941716882
Q126905620	6000000058206456017
Q126905621	6000000039936425097
Q126905622	6000000034068983168
Q126905623	6000000043148340081
Q126905624	6000000173331286906
Q126905625	6000000039757186864
Q126905626	6000000039347958137
Q126905627	6000000039913118007
Q126905628	6000000039347982108
Q126905629	6000000037540717984
Q126905630	6000000037540526020
Q126905631	6000000037540359341
Q126905632	6000000040774194492
Q126905633	6000000040780731544
Q126905634	6000000040749829106
Q126905635	6000000029572205146
Q126905636	6000000029574035529
Q126905637	6000000029574725847
Q126905638	6000000046225877458
Q126905639	6000000029562493162
Q126905640	6000000045993042930
Q126905641	6000000057192671958
Q126905642	6000000173327136898
Q126905643	6000000168914125821
Q126905644	6000000031201446839
Q126905645	6000000031249215844
Q126905646	6000000149486162855
Q126905647	6000000036063497088
Q126905648	6000000036063521128
Q126905649	6000000077846500349
Q126905650	6000000032676588893
Q126905651	6000000037556909368
Q126905652	6000000173118582821
Q126905653	6000000032128153229
Q126905653	6000000038339058264
Q126905654	6000000168162696519
Q126905655	6000000155932837821
Q126905656	6000000155939519825
Q126905657	6000000007616275209
Q126905658	6000000007629574850
Q126905658	6000000029242904510
Q126905659	6000000007629569746
Q126905660	6000000135786453096
Q126905661	6000000029243222778
Q126905662	6000000196881073891
Q126905663	6000000196881424837
Q126905664	6000000004217099257
Q126905665	6000000038936543599
Q126905666	6000000038938898950
Q126905667	6000000102685055099
Q126905669	6000000026931505167
Q126905670	6000000026929515684
Q126905671	6000000039701757951
Q126905672	6000000179395208888
Q126905674	6000000083900503401
Q126905675	6000000034956820371
Q126905676	6000000034956545550
Q126905677	6000000042487195507
Q126905679	6000000173154538010
Q126905681	6000000173153189218
Q126905682	6000000173154164095
Q126905683	6000000079395729961
Q126905684	6000000020263310121
Q126905685	6000000020262858367
Q126905686	6000000021255014268
Q126905687	6000000086243341854
Q126905688	6000000024018461900
Q126905689	6000000026640013146
Q126905690	6000000083301060885
Q126905691	6000000173163041984
Q126905692	6000000173163063008
Q126905693	6000000173163969877
Q126905694	6000000173166648872
Q126905695	6000000059845860051
Q126905696	6000000178338965882
Q126905697	6000000059846286000
Q126905698	6000000059843889141
Q126905699	6000000043914483859
Q126905700	6000000059845780973
Q126905701	6000000059846203841
Q126905702	6000000046378900842
Q126905703	6000000046381426870
Q126905704	6000000067396426878
Q126905705	6000000019107397858
Q126905707	6000000025725434017
Q126905708	6000000041404002528
Q126905709	6000000027756853945
Q126905710	6000000126646009059
Q126905711	6000000030426582369
Q126905712	6000000045998165157
Q126905713	6000000104618906920
Q126905714	6000000046800936941
Q126905715	6000000046800853835
Q126905716	6000000017661708068
Q126905718	6000000181776639879
Q126905719	6000000024007181144
Q126905720	6000000029714778567
Q126905721	6000000029715071444
Q126905722	6000000124958427022
Q126905723	6000000029715493066
Q126905724	6000000110046308827
Q126905725	6000000052462132950
Q126905726	6000000032055386323
Q126905727	6000000073409757788
Q126905728	6000000173608749919
Q126905729	6000000135597740821
Q126905730	6000000031252309313
Q126905731	6000000042230641551
Q126905732	6000000173242331250
Q126905733	6000000103149880921
Q126905734	6000000173242468277
Q126905735	6000000084099848099
Q126905736	6000000080347603024
Q126905737	6000000033232101915
Q126905738	6000000182084527821
Q126905739	6000000182079288835
Q126905741	6000000040253758131
Q126905742	6000000026245564838
Q126905743	6000000201266879837
Q126905744	6000000037801420706
Q126905745	6000000025755760302
Q126905746	6000000114468694052
Q126905747	6000000078310491977
Q126905748	6000000078310205136
Q126905749	6000000031589572139
Q126905750	6000000173662528864
Q126905751	6000000072672624821
Q126905752	6000000016265850514
Q126905753	6000000034038273217
Q126905754	6000000173309257413
Q126905755	6000000034351130273
Q126905756	6000000034350295662
Q126905757	6000000012748339537
Q126905758	6000000020325434822
Q126905759	6000000020323652378
Q126905760	6000000040337583017
Q126905761	6000000038455567345
Q126905762	6000000038455335468
Q126905763	6000000038111472841
Q126905764	6000000024739069114
Q126905765	6000000039974665320
Q126905766	6000000173319722073
Q126905767	6000000000335207780
Q126905768	6000000000334930709
Q126905769	6000000000335011642
Q126905770	6000000050460838135
Q126905771	6000000173327139994
Q126905772	6000000037185763315
Q126905773	6000000024474918633
Q126905774	6000000173352280070
Q126905775	6000000000503289782
Q126905776	6000000000534946171
Q126905777	6000000000534862141
Q126905778	6000000000534873117
Q126905779	6000000037647422897
Q126905780	6000000037647163264
Q126905781	6000000015642402088
Q126905782	6000000023076810189
Q126905783	6000000040980340287
Q126905784	6000000116663835049
Q126905785	6000000039094887920
Q126905786	6000000035753559493
Q126905787	6000000173382902307
Q126905788	6000000061712942924
Q126905790	6000000086241514859
Q126905791	6000000086417619833
Q126905792	6000000131023549850
Q126905793	6000000131106785825
Q126905794	6000000131099158173
Q126905795	6000000036108034523
Q126905796	6000000011503305274
Q126905797	6000000011503926363
Q126905799	6000000028724714337
Q126905800	6000000018839825228
Q126905801	6000000141065040006
Q126905802	6000000173382178673
Q126905803	6000000173384363126
Q126905804	6000000061749446876
Q126905805	6000000050978843030
Q126905806	6000000050980995949
Q126905807	6000000024010610619
Q126905809	6000000066376676882
Q126905810	6000000037599278825
Q126905811	6000000074895077821
Q126905812	6000000051212424949
Q126905813	6000000034349837375
Q126905814	6000000009526938374
Q126905816	6000000040875218908
Q126905817	6000000173327397995
Q126905818	6000000040607824012
Q126905819	6000000009609250811
Q126905820	6000000039226044962
Q126905821	6000000089300463974
Q126905822	6000000010394164651
Q126905823	6000000038938123218
Q126905824	6000000171667422906
Q126905825	6000000045347590836
Q126905826	6000000180621487821
Q126905827	6000000025768908010
Q126905828	6000000039785013908
Q126905829	6000000026391802775
Q126905830	6000000173327406428
Q126905831	6000000075810089839
Q126905832	6000000026394877123
Q126905833	6000000020251767668
Q126905834	6000000012028856463
Q126905835	6000000012027835948
Q126905836	6000000012028267633
Q126905837	6000000030185631955
Q126905838	6000000077821522950
Q126905840	6000000030185660924
Q126905842	6000000173341081970
Q126905843	6000000039237180855
Q126905844	6000000018086245097
Q126905846	6000000023963847532
Q126905847	6000000002173944035
Q126905849	6000000006976867507
Q126905850	4626762490350039620
Q126905852	6000000119353008821
Q126905853	6000000035109765623
Q126905854	6000000035110480201
Q126905855	6000000024250728064
Q126905857	6000000024250717997
Q126905858	6000000035130460342
Q126905859	6000000050351907123
Q126905860	6000000024582761243
Q126905861	6000000025707059099
Q126905862	6000000027573419789
Q126905865	6000000025755092855
Q126905866	6000000032976528572
Q126905867	6000000173344793905
Q126905868	6000000169027775887
Q126905869	6000000173342736043
Q126905870	6000000080559312877
Q126905871	6000000023698135536
Q126905873	6000000022452629821
Q126905875	6000000024475851888
Q126905876	6000000037779541415
Q126905878	6000000094188705932
Q126905879	6000000011974051050
Q126905880	6000000173348626603
Q126905881	6000000173345144542
Q126905882	6000000173345489396
Q126905885	6000000173382043687
Q126905886	6000000018588680288
Q126905887	6000000180572350832
Q126905889	6000000008271592500
Q126905890	6000000008271661945
Q126905892	6000000008271652463
Q126905893	6000000026091737760
Q126905894	6000000068147298847
Q126905896	6000000068140063101
Q126905897	6000000178263264884
Q126905898	6000000032337248808
Q126905899	6000000026027354083
Q126905900	6000000029598728029
Q126905901	6000000101311353002
Q126905902	6000000101306170922
Q126905904	6000000086645959294
Q126905905	6000000037452983889
Q126905906	6000000162091008821
Q126905907	6000000192345410848
Q126905909	6000000177822870844
Q126905910	6000000041460674431
Q126905911	6000000024628432971
Q126905912	6000000058251984134
Q126905914	6000000016155393200
Q126905915	6000000098634795940
Q126905916	6000000041204732984
Q126905917	6000000035175280546
Q126905918	6000000179311958824
Q126905919	6000000059256351917
Q126905920	6000000058252298939
Q126905924	6000000037132022981
Q126905926	6000000029598229858
Q126905929	6000000021304138918
Q126905931	6000000023970342753
Q126905932	6000000100337546891
Q126905933	6000000020207790225
Q126905934	6000000042916860152
Q126905935	6000000011632133369
Q126905936	6000000046463971839
Q126905937	6000000172278606767
Q126905942	6000000075296397851
Q126905943	6000000179790251841
Q126905945	6000000023057168361
Q126905946	6000000173445609907
Q126905947	6000000173445494505
Q126905950	6000000054882478467
Q126905951	6000000042235724879
Q126905952	6000000038473495006
Q126905953	6000000172242201959
Q126905954	6000000035067659844
Q126905955	6000000080388446136
Q126905957	6000000094297705879
Q126905958	6000000033873393145
Q126905959	6000000017737592189
Q126905961	6000000105924768899
Q126905962	6000000173445417014
Q126905963	6000000143292340840
Q126905964	6000000043105328843
Q126905965	6000000035129916361
Q126905966	6000000024319172884
Q126905968	6000000025593358151
Q126905969	6000000023277811090
Q126905971	6000000034731791107
Q126905972	6000000183295998877
Q126905973	6000000023485031097
Q126905974	6000000178026684823
Q126905975	6000000002300415475
Q126905976	6000000011371118793
Q126905977	6000000045341802213
Q126905978	6000000018840242026
Q126905979	6000000084089253682
Q126905980	6000000024846038207
Q126905982	6000000179338099826
Q126905983	6000000179338708848
Q126905984	6000000179338954829
Q126905985	6000000075866056899
Q126905986	6000000038244274907
Q126905987	6000000080587512695
Q126905988	6000000185331671824
Q126905989	6000000010712076765
Q126905990	6000000111904598865
Q126905991	6000000111907381849
Q126905992	6000000111907394877
Q126905993	6000000037556984608
Q126905994	6000000196893119880
Q126905995	6000000026149203548
Q126905996	6000000008456541627
Q126905997	6000000082689119917
Q126905999	6000000028166040950
Q126906000	6000000030845011897
Q126906002	6000000030844564033
Q126906003	6000000052164778842
Q126906004	6000000037965479516
Q126906006	6000000021609672906
Q126906008	6000000037533661253
Q126906010	6000000084478092821
Q126906011	6000000078517254200
Q126906013	6000000055803803941
Q126906015	6000000029455191195
Q126906016	6000000025891182306
Q126906017	6000000023216209402
Q126906018	6000000078773946927
Q126906020	6000000020785760878
Q126906021	6000000196014674825
Q126906022	6000000040496569537
Q126906023	6000000043541502907
Q126906024	6000000104134754115
Q126906025	6000000173588964289
Q126906026	6000000173588415280
Q126906027	6000000023198185857
Q126906029	6000000184286679837
Q126906030	6000000102560645858
Q126906031	6000000057194810042
Q126906032	6000000057195178913
Q126906033	6000000057193335948
Q126906034	6000000038285390484
Q126906035	6000000031137278905
Q126906036	6000000031252378839
Q126906038	6000000165369788848
Q126906039	6000000050886309927
Q126906040	6000000002573385426
Q126906042	6000000081450516362
Q126906044	6000000037673516650
Q126906045	6000000018044819520
Q126906046	6000000018146536190
Q126906047	6000000025971091981
Q126906048	6000000019905707153
Q126906049	6000000008041456619
Q126906050	6000000034440896771
Q126906051	6000000023295296998
Q126906052	6000000022376814909
Q126906054	6000000030163712197
Q126906055	6000000022701889853
Q126906056	6000000036729073357
Q126906057	6000000026076697166
Q126906058	6000000024318994962
Q126906059	6000000179346763861
Q126906060	6000000179347482862
Q126906061	6000000029263815884
Q126906062	6000000029264544183
Q126906063	6000000038382768091
Q126906064	6000000034665799501
Q126906066	6000000038067405148
Q126906067	6000000025348830074
Q126906068	6000000189134841977
Q126906069	6000000077509079345
Q126906070	6000000070561426864
Q126906071	6000000070560306224
Q126906072	6000000070561773915
Q126906073	6000000008136797255
Q126906074	6000000008136515872
Q126906075	6000000029699268904
Q126906076	6000000011514973334
Q126906077	6000000173630257821
Q126906078	6000000034666389199
Q126906080	6000000058178963846
Q126906083	6000000068479140399
Q126906084	6000000042239517303
Q126906085	6000000077819202465
Q126906086	6000000077820942649
Q126906087	6000000077820591742
Q126906088	6000000077821109550
Q126906089	6000000101112305860
Q126906090	6000000153717026914
Q126906091	6000000088862733821
Q126906092	6000000077795983820
Q126906093	6000000077819363850
Q126906094	6000000077802188288
Q126906095	6000000084614381081
Q126906097	6000000030167341945
Q126906099	6000000024581734714
Q126906100	6000000021620883601
Q126906101	6000000023419965095
Q126906102	6000000085080583903
Q126906103	6000000033982139480
Q126906104	6000000016821118068
Q126906105	6000000127098458896
Q126906106	6000000194582612915
Q126906107	6000000151369893924
Q126906108	6000000053261834116
Q126906109	6000000053387772405
Q126906110	6000000058590712054
Q126906111	6000000199282119827
Q126906112	6000000187248046821
Q126906113	6000000050418257888
Q126906114	6000000037838741925
Q126906116	6000000023982347946
Q126906117	6000000024639269306
Q126906118	6000000191204883827
Q126906119	6000000077595482594
Q126906120	6000000035372236179
Q126906121	6000000026321733540
Q126906122	6000000057422774948
Q126906123	6000000173662549880
Q126906124	6000000173661917066
Q126906125	6000000024518992046
Q126906126	6000000011549639516
Q126906127	6000000011549828440
Q126906128	6000000015751037526
Q126906129	6000000039432060690
Q126906130	6000000031652920013
Q126906131	6000000016825936147
Q126906132	6000000037736820207
Q126906133	6000000037600918963
Q126906134	6000000078120107840
Q126906135	6000000078451092585
Q126906136	6000000018388032784
Q126906137	6000000075927243942
Q126906138	6000000026696741748
Q126906139	6000000039912658903
Q126906140	6000000025297239542
Q126906141	6000000035172398555
Q126906142	6000000016792582100
Q126906143	6000000034024717286
Q126906144	6000000008041337238
Q126906145	6000000052166251821
Q126906147	6000000025358677516
Q126906148	6000000179178136888
Q126906150	6000000103407698135
Q126906151	6000000048647400967
Q126906152	6000000023909662961
Q126906153	6000000145346497899
Q126906154	6000000017834254477
Q126906155	6000000091502406262
Q126906156	6000000034977245882
Q126906157	6000000125268798827
Q126906159	6000000024903150215
Q126906160	6000000020448123170
Q126906161	6000000024902986183
Q126906162	6000000026322796845
Q126906163	6000000018134805691
Q126906164	6000000014419808305
Q126906165	6000000058977619637
Q126906166	6000000011413315329
Q126906167	6000000027541881570
Q126906168	6000000011413224537
Q126906169	6000000024430515903
Q126906170	6000000034366025232
Q126906171	6000000024450065836
Q126906172	6000000177823029828
Q126906173	6000000022000919371
Q126906174	6000000043805997064
Q126906175	6000000071050245900
Q126906176	6000000043792330246
Q126906177	6000000025676102443
Q126906178	6000000018578770486
Q126906180	6000000036729393210
Q126906181	6000000206321640954
Q126906182	6000000025540981777
Q126906183	6000000026175383791
Q126906184	6000000018336484360
Q126906185	6000000024361663548
Q126906186	6000000034087694516
Q126906187	6000000034087941928
Q126906188	6000000172346816397
Q126906189	6000000023341725779
Q126906190	6000000023342189861
Q126906191	6000000023342195044
Q126906192	6000000033259298719
Q126906193	6000000031051969919
Q126906194	6000000026037279815
Q126906195	6000000025158660431
Q126906196	6000000003141280384
Q126906198	6000000037839931847
Q126906199	6000000033850771924
Q126906200	6000000033848107820
Q126906201	6000000025690567997
Q126906202	6000000025690273178
Q126906203	6000000025690734881
Q126906204	6000000025690698488
Q126906206	6000000006100457218
Q126906207	6000000011892881585
Q126906208	6000000011892022810
Q126906209	6000000014503320350
Q126906210	6000000042490442298
Q126906211	6000000026322480262
Q126906212	6000000011369318332
Q126906213	6000000011402278368
Q126906214	6000000086123601240
Q126906216	6000000007230687268
Q126906217	6000000182741958834
Q126906219	6000000110844786874
Q126906220	6000000180399274827
Q126906221	6000000009944119363
Q126906222	6000000020716128179
Q126906223	6000000024439821354
Q126906224	6000000037600426778
Q126906226	6000000034822644329
Q126906227	6000000026095454913
Q126906229	6000000022320163179
Q126906231	6000000015522011482
Q126906232	6000000044269359922
Q126906233	6000000044269411883
Q126906235	6000000005548533001
Q126906236	6000000022320096641
Q126906237	6000000046800019937
Q126906238	6000000007265564813
Q126906239	6000000035069616553
Q126906241	6000000035046719898
Q126906242	6000000026036821145
Q126906243	6000000025989454979
Q126906244	6000000026032052388
Q126906246	6000000026036301313
Q126906247	6000000050736008957
Q126906248	6000000157624334961
Q126906249	6000000013797114504
Q126906250	6000000013846482018
Q126906251	6000000028808846060
Q126906252	6000000019316374996
Q126906253	6000000020569446897
Q126906254	6000000024252304067
Q126906255	6000000017895843242
Q126906256	6000000016265684786
Q126906257	6000000173662733829
Q126906258	6000000030165434021
Q126906259	6000000032053785175
Q126906260	6000000032052814278
Q126906261	6000000008591601189
Q126906262	6000000032053464114
Q126906263	6000000024654335937
Q126906264	6000000017496674903
Q126906265	6000000080609990324
Q126906266	6000000016318368619
Q126906267	6000000161659841984
Q126906268	6000000047455131842
Q126906269	6000000047372517837
Q126906270	6000000085571868846
Q126906271	6000000007658889595
Q126906272	6000000077894573963
Q126906273	6000000039614878219
Q126906274	6000000016245973734
Q126906275	6000000019316540309
Q126906277	6000000033712462963
Q126906278	6000000082484984465
Q126906279	6000000023539847127
Q126906280	6000000038143465902
Q126906281	6000000114830935844
Q126906282	6000000090438798102
Q126906283	6000000090439269881
Q126906284	6000000037908504249
Q126906285	6000000037908915948
Q126906286	6000000020247358851
Q126906287	6000000024642684378
Q126906288	6000000018230558478
Q126906289	6000000036969910143
Q126906290	6000000030479626933
Q126906291	6000000036980251470
Q126906292	6000000178598785827
Q126906293	6000000026245631175
Q126906294	6000000031877732926
Q126906295	6000000024943981892
Q126906296	6000000008110244386
Q126906297	6000000069369862518
Q126906298	6000000020420305320
Q126906299	6000000020108914203
Q126906300	6000000020420681922
Q126906302	6000000008277725504
Q126906303	6000000016651284414
Q126906304	6000000023218784223
Q126906305	6000000023218952111
Q126906306	6000000022838934961
Q126906307	6000000022838845020
Q126906308	6000000004400344128
Q126906309	6000000028776634499
Q126906310	6000000004400205179
Q126906311	6000000004399949842
Q126906312	6000000002685786891
Q126906313	6000000004400065572
Q126906314	6000000189054205825
Q126906315	6000000058287776969
Q126906316	6000000014461862026
Q126906318	6000000022362031496
Q126906320	6000000038888640708
Q126906321	6000000014098724395
Q126906322	6000000014104592685
Q126906323	6000000018103705845
Q126906324	6000000014104607443
Q126906325	6000000023980284540
Q126906326	6000000126763542859
Q126906327	6000000116386343919
Q126906329	6000000002302382836
Q126906330	6000000037587340834
Q126906331	6000000077552574031
Q126906332	6000000039457103975
Q126906333	6000000082603812212
Q126906334	6000000024710762195
Q126906336	6000000077429626921
Q126906337	6000000011090436563
Q126906338	6000000177284924859
Q126906339	6000000036622750086
Q126906340	6000000017085549573
Q126906341	6000000077450535989
Q126906342	6000000020278211028
Q126906343	6000000028223985971
Q126906344	6000000028204404644
Q126906345	6000000011368710424
Q126906346	6000000011399322348
Q126906347	6000000008033730407
Q126906348	6000000011398356837
Q126906349	6000000028204350638
Q126906350	6000000028191815534
Q126906351	6000000021106842158
Q126906352	6000000042916807298
Q126906353	6000000024208667276
Q126906354	6000000029997724878
Q126906355	6000000021193742773
Q126906356	6000000022217371657
Q126906357	6000000012534909504
Q126906358	6000000012375482242
Q126906359	6000000012374951518
Q126906360	6000000024710981229
Q126906361	6000000011436417008
Q126906362	6000000038150219989
Q126906363	6000000024641138343
Q126906364	6000000083765281249
Q126906365	6000000014894082044
Q126906366	6000000013216589127
Q126906367	6000000020546282835
Q126906368	6000000005102819806
Q126906369	6000000026037702169
Q126906370	6000000061224423829
Q126906371	6000000061223445047
Q126906372	6000000035351608100
Q126906373	6000000036058178639
Q126906374	6000000026325313388
Q126906375	6000000002058169102
Q126906376	6000000025646688531
Q126906377	6000000067841439856
Q126906378	6000000067853955926
Q126906379	6000000040996282489
Q126906380	6000000067841207952
Q126906381	6000000007122252236
Q126906382	6000000015022987131
Q126906383	6000000018270463621
Q126906384	6000000008888545015
Q126906385	6000000026090891309
Q126906386	6000000057332173853
Q126906387	6000000008888212376
Q126906388	6000000007659531491
Q126906389	6000000076700729051
Q126906390	6000000026437987172
Q126906391	6000000018614785095
Q126906392	6000000024359929842
Q126906393	6000000031746986493
Q126906394	6000000013489733014
Q126906395	6000000173822581921
Q126906396	6000000014001416213
Q126906397	6000000011091544252
Q126906398	6000000016964090935
Q126906399	6000000017265271539
Q126906400	6000000017316366662
Q126906402	6000000026324015493
Q126906403	6000000024290206179
Q126906404	6000000015638657141
Q126906405	6000000100561943078
Q126906407	6000000029344327299
Q126906408	6000000029331230676
Q126906409	6000000012772570530
Q126906410	6000000023405568886
Q126906411	6000000018162674406
Q126906412	6000000002180346029
Q126906413	6000000102318831021
Q126906414	6000000018170969236
Q126906415	6000000031438711011
Q126906416	6000000194293247838
Q126906417	6000000015360839584
Q126906419	6000000019726867448
Q126906420	6000000026026780462
Q126906421	6000000024859635825
Q126906423	6000000021236417006
Q126906424	6000000031437633276
Q126906425	6000000018608617006
Q126906426	6000000011559177054
Q126906427	6000000038496467242
Q126906428	6000000020388279979
Q126906429	6000000007758205201
Q126906430	6000000027243255058
Q126906431	6000000020719824981
Q126906432	6000000031217744953
Q126906435	6000000029699282759
Q126906436	6000000029699965131
Q126906438	6000000015708745558
Q126906439	6000000146216416867
Q126906440	6000000148087247587
Q126906441	6000000116245264852
Q126906442	6000000034979752017
Q126906444	6000000038650471867
Q126906445	6000000009945997758
Q126906446	6000000056630624182
Q126906447	6000000050639460945
Q126906448	6000000084072947917
Q126906450	6000000018069215396
Q126906451	6000000026118810153
Q126906452	6000000025719616145
Q126906453	6000000027290853206
Q126906454	6000000061095197353
Q126906455	6000000034388641708
Q126906456	6000000092214095830
Q126906457	6000000014390724245
Q126906458	6000000020946099268
Q126906459	6000000002081518069
Q126906460	6000000016631311665
Q126906461	6000000010638560142
Q126906462	6000000009521679988
Q126906463	6000000009522348432
Q126906464	6000000011792839159
Q126906466	6000000006553707001
Q126906467	6000000081072598181
Q126906468	6000000067454031865
Q126906469	6000000025890797206
Q126906470	6000000042946762564
Q126906471	6000000047935406220
Q126906473	6000000040469590569
Q126906474	6000000173936516408
Q126906475	6000000016484622333
Q126906476	6000000035299514618
Q126906477	6000000021820350018
Q126906478	6000000003789705257
Q126906479	6000000012502458403
Q126906480	6000000013806356187
Q126906481	6000000025740352751
Q126906482	6000000035882475158
Q126906484	6000000026121128977
Q126906485	6000000042612074119
Q126906486	6000000036417257843
Q126906487	6000000021260123471
Q126906488	6000000021259923568
Q126906489	6000000025740432283
Q126906490	6000000021260042449
Q126906491	6000000029404635766
Q126906495	6000000044484685616
Q126906496	6000000046226619060
Q126906497	6000000069128945878
Q126906498	6000000012066464228
Q126906499	6000000025806036143
Q126906500	6000000025806223555
Q126906502	6000000025723339078
Q126906503	6000000025723500062
Q126906504	6000000025722097339
Q126906505	6000000025723020385
Q126906506	6000000135275984000
Q126906507	6000000044282416066
Q126906508	6000000028620950803
Q126906509	6000000024435192134
Q126906510	6000000039766323833
Q126906511	6000000134663562835
Q126906512	6000000048147283141
Q126906514	6000000048146892210
Q126906515	6000000025565665397
Q126906516	6000000026669433592
Q126906517	6000000026634144067
Q126906518	6000000025285792521
Q126906519	6000000026634852246
Q126906520	6000000035157220606
Q126906521	6000000038125500886
Q126906522	6000000019317077008
Q126906523	6000000023524884511
Q126906524	6000000174118302164
Q126906525	6000000038974645928
Q126906526	6000000014483450303
Q126906527	6000000055933845825
Q126906528	6000000070150707015
Q126906529	6000000014461815241
Q126906530	6000000037969557033
Q126906531	6000000014461872143
Q126906533	6000000168992618184
Q126906536	6000000048161208407
Q126906537	6000000174164811667
Q126906538	6000000174166009027
Q126906540	6000000086023027888
Q126906541	6000000020409766146
Q126906542	6000000033188107884
Q126906543	6000000171964989864
Q126906544	6000000171964759051
Q126906545	6000000081559697038
Q126906547	6000000012746828354
Q126906548	6000000012746876307
Q126906549	6000000014586382495
Q126906550	6000000035059819536
Q126906551	6000000035061877906
Q126906552	6000000035062466822
Q126906553	6000000040507888081
Q126906554	6000000020210393585
Q126906555	6000000174251457876
Q126906556	6000000034484595513
Q126906557	6000000034489948182
Q126906558	6000000035045456925
Q126906559	6000000022248569629
Q126906560	6000000042831289097
Q126906561	6000000020038252392
Q126906564	6000000008277738505
Q126906565	6000000082409912159
Q126906566	6000000174251212073
Q126906569	6000000169815452839
Q126906570	6000000072960231218
Q126906571	6000000025891285239
Q126906572	6000000012751142395
Q126906573	6000000012726277327
Q126906575	6000000018579549055
Q126906576	6000000018579330072
Q126906577	6000000024597593485
Q126906578	6000000033984344975
Q126906579	6000000018513534735
Q126906580	6000000020514761980
Q126906581	6000000013504763437
Q126906584	6000000108695616951
Q126906585	6000000020530646454
Q126906586	6000000078811243975
Q126906587	6000000022591882117
Q126906588	6000000059173317268
Q126906589	6000000078812152316
Q126906590	6000000022591659981
Q126906591	6000000017141258829
Q126906592	6000000011980733814
Q126906593	6000000036687839935
Q126906594	6000000007532571594
Q126906595	6000000000583907396
Q126906596	6000000035374587662
Q126906598	6000000024786014730
Q126906599	6000000025041877423
Q126906600	6000000021618138293
Q126906601	6000000126027956821
Q126906602	6000000025706402023
Q126906603	6000000022249077004
Q126906604	6000000034486332004
Q126906605	6000000018006511238
Q126906606	6000000114261597904
Q126906608	6000000022465881443
Q126906610	6000000026633181568
Q126906611	6000000024800684554
Q126906613	6000000028522038464
Q126906614	6000000016104005796
Q126906615	6000000125368338869
Q126906616	6000000174324312559
Q126906617	6000000039938822232
Q126906618	6000000039938694203
Q126906619	6000000077549461463
Q126906620	6000000046274762875
Q126906621	6000000044547633043
Q126906622	6000000044547161692
Q126906623	6000000034391308871
Q126906624	6000000174334852929
Q126906625	6000000039280193796
Q126906626	6000000055086059844
Q126906627	6000000055548012837
Q126906628	6000000055087485192
Q126906629	6000000026037604463
Q126906630	6000000038889243865
Q126906632	6000000101377958911
Q126906633	6000000147688669512
Q126906634	6000000073332893821
Q126906635	6000000147694700962
Q126906636	6000000147746553002
Q126906637	6000000147738043933
Q126906638	6000000147747106998
Q126906639	6000000034909531495
Q126906640	6000000043429844343
Q126906643	6000000043404622241
Q126906644	6000000058467846894
Q126906645	6000000193891727835
Q126906646	6000000026056184016
Q126906647	6000000025357616863
Q126906648	6000000032671269206
Q126906649	6000000180752738867
Q126906650	6000000180753620822
Q126906652	6000000043187327443
Q126906653	6000000098726190821
Q126906654	6000000040256409514
Q126906655	6000000182183288846
Q126906656	6000000182183763855
Q126906657	6000000025705247662
Q126906658	6000000038765548396
Q126906660	6000000037802376782
Q126906661	6000000030410578147
Q126906662	6000000172143266156
Q126906664	6000000025754492255
Q126906665	6000000028242599696
Q126906666	6000000025755172986
Q126906667	6000000025540481516
Q126906668	6000000025308021639
Q126906669	6000000025707374870
Q126906670	6000000024582657466
Q126906671	6000000025299933103
Q126906672	6000000143814181111
Q126906673	6000000038112005145
Q126906674	6000000038112003195
Q126906675	6000000025970263046
Q126906676	6000000080462293909
Q126906677	6000000080461624073
Q126906678	6000000034390580192
Q126906679	6000000052591190978
Q126906680	6000000026188830444
Q126906681	6000000023839504387
Q126906682	6000000026083398033
Q126906683	6000000026189133170
Q126906684	6000000026189267937
Q126906685	6000000026091838469
Q126906686	6000000026680053018
Q126906687	6000000025890766033
Q126906688	6000000023968528177
Q126906689	6000000024557069946
Q126906690	6000000084398517229
Q126906691	6000000038164665261
Q126906692	6000000026245726929
Q126906693	6000000021815236764
Q126906694	6000000026032538873
Q126906695	6000000174645111843
Q126906696	6000000019812638947
Q126906697	6000000019811862843
Q126906698	6000000172074432026
Q126906699	6000000038863736047
Q126906700	6000000174378736329
Q126906701	6000000038862062820
Q126906702	6000000038866309815
Q126906703	6000000038866406648
Q126906704	6000000025726005839
Q126906705	6000000025730904899
Q126906707	6000000038141760442
Q126906708	6000000083139082016
Q126906709	6000000038581610827
Q126906710	6000000053847400822
Q126906711	6000000085469961911
Q126906712	6000000015877556099
Q126906713	6000000025793317480
Q126906714	6000000038093618377
Q126906715	6000000038148517029
Q126906717	6000000019341263735
Q126906718	6000000005550939760
Q126906719	6000000023587416863
Q126906720	6000000083763961539
Q126906721	6000000025053260572
Q126906722	6000000028187019897
Q126906723	6000000025660935103
Q126906724	6000000025677685853
Q126906725	6000000025692241412
Q126906726	6000000045370488838
Q126906727	6000000038150625912
Q126906728	6000000103166050102
Q126906729	6000000103165901207
Q126906730	6000000103164618624
Q126906731	6000000103163545248
Q126906732	6000000023953194694
Q126906733	6000000025806230559
Q126906734	6000000025212967344
Q126906735	6000000174444969696
Q126906736	6000000174444889026
Q126906737	6000000036845447071
Q126906738	6000000005035974442
Q126906739	6000000187593262844
Q126906740	6000000024628542845
Q126906741	6000000038941596046
Q126906742	6000000037814299970
Q126906743	6000000039226308439
Q126906745	6000000045982290915
Q126906746	6000000017660739155
Q126906747	6000000007215923062
Q126906748	6000000018089305910
Q126906749	6000000147341723880
Q126906750	6000000015025002113
Q126906753	6000000028679276821
Q126906755	6000000182264713855
Q126906757	6000000018150573584
Q126906758	6000000029444313932
Q126906759	6000000017935929918
Q126906760	6000000034866666463
Q126906762	6000000039719752794
Q126906766	4517283422320020335
Q126906768	6000000182262455826
Q126906769	6000000049763053828
Q126906770	6000000182262544968
Q126906771	6000000052646458972
Q126906772	6000000043916951395
Q126906773	6000000039736053016
Q126906775	6000000013504908528
Q126906776	6000000036877254575
Q126906777	6000000036876844518
Q126906778	6000000036877492318
Q126906780	6000000061485752843
Q126906781	6000000021579561753
Q126906782	6000000036877716077
Q126906783	6000000023306400806
Q126906784	6000000017660782055
Q126906785	6000000058326918875
Q126906786	6000000065187226830
Q126906787	6000000024886362298
Q126906788	6000000143255376839
Q126906792	6000000028143423229
Q126906793	6000000028143162518
Q126906794	6000000037538957568
Q126906796	6000000046287980484
Q126906797	6000000028142995682
Q126906798	6000000028110719614
Q126906799	6000000013609986472
Q126906800	6000000018546330161
Q126906801	6000000068479804822
Q126906803	6000000036877407270
Q126906804	6000000036877608174
Q126906805	6000000018143870818
Q126906806	6000000018594639187
Q126906807	6000000035090735833
Q126906808	6000000035090781790
Q126906809	6000000010061651371
Q126906810	6000000083005818983
Q126906811	6000000013608956379
Q126906812	6000000026865460269
Q126906813	6000000174313572918
Q126906814	6000000028166045479
Q126906815	6000000059613884916
Q126906816	6000000059614382837
Q126906817	6000000028246546721
Q126906818	6000000054369072662
Q126906819	6000000048441461481
Q126906820	6000000060394362063
Q126906821	6000000021809444404
Q126906822	6000000024582053932
Q126906824	6000000016826460987
Q126906826	6000000010313095260
Q126906827	6000000019527819350
Q126906828	6000000149487993822
Q126906829	6000000052511591903
Q126906830	6000000003141230701
Q126906831	6000000048385684912
Q126906832	6000000026394387672
Q126906833	6000000020518028018
Q126906834	6000000026394533680
Q126906835	6000000077548314959
Q126906837	6000000027308521580
Q126906838	6000000022334466259
Q126906839	6000000012028509539
Q126906840	6000000096176587848
Q126906841	6000000026865266814
Q126906842	6000000096176212985
Q126906844	6000000096174126486
Q126906853	6000000026009761999
Q126906854	6000000008049175656
Q126906855	6000000024020593209
Q126906856	6000000006494707730
Q126906857	6000000032749046250
Q126906859	6000000017833845972
Q126906860	6000000039451668121
Q126906861	6000000027721772519
Q126906862	6000000201805876822
Q126906863	6000000173011722824
Q126906864	6000000024642981926
Q126906865	6000000025226563371
Q126906866	6000000025223386573
Q126906867	6000000025225318809
Q126906868	6000000015771326068
Q126906869	6000000172331388238
Q126906870	6000000179658531888
Q126906871	6000000083392248367
Q126906872	6000000055750137050
Q126906874	6000000083816129866
Q126906875	6000000019193875419
Q126906877	6000000018143832065
Q126906878	6000000023767907048
Q126906879	6000000018476219071
Q126906880	6000000003112289526
Q126906881	6000000017358887640
Q126906882	6000000082016838839
Q126906883	6000000037689753264
Q126906884	6000000017359329272
Q126906885	6000000017359281241
Q126906886	6000000026175091005
Q126906887	6000000026175027929
Q126906888	6000000026174699631
Q126906889	6000000026213542351
Q126906890	6000000026213569164
Q126906891	6000000026213335287
Q126906892	6000000025273464319
Q126906893	6000000026213063616
Q126906894	6000000098807616821
Q126906895	6000000052589327551
Q126906896	6000000054371002912
Q126906898	6000000054379282833
Q126906899	6000000052589945886
Q126906900	6000000019528074071
Q126906901	6000000025847208045
Q126906902	6000000058522749881
Q126906903	6000000058551812925
Q126906904	6000000058595621930
Q126906905	6000000058552374892
Q126906906	6000000058595688923
Q126906907	6000000058594923422
Q126906908	6000000025954136263
Q126906909	6000000025953503810
Q126906910	6000000025953798600
Q126906911	6000000017711774697
Q126906912	6000000038849199519
Q126906913	6000000038891912676
Q126906915	6000000036433471039
Q126906916	6000000039178305013
Q126906917	6000000007168664855
Q126906919	6000000038120734335
Q126906920	6000000145371515824
Q126906921	6000000145366839930
Q126906922	6000000145370637841
Q126906923	6000000058323884089
Q126906924	6000000035929796256
Q126906925	6000000042234163150
Q126906926	6000000023839215863
Q126906927	6000000042234316689
Q126906928	6000000034494045170
Q126906929	6000000011314854741
Q126906930	6000000011625110620
Q126906931	6000000017035902028
Q126906932	6000000011569739721
Q126906935	6000000003216104911
Q126906936	6000000011854714833
Q126906937	6000000077548566527
Q126906938	6000000029135305079
Q126906939	6000000051926194060
Q126906940	6000000023910326685
Q126906941	6000000165976465953
Q126906943	6000000015899968387
Q126906945	6000000055135681837
Q126906946	6000000024259053911
Q126906947	6000000024581937864
Q126906948	6000000180691200868
Q126906949	6000000180680917860
Q126906951	6000000039254448334
Q126906952	6000000039257641908
Q126906953	6000000022361696867
Q126906954	6000000082461237064
Q126906956	6000000029841034443
Q126906957	6000000089899161854
Q126906958	6000000040018715606
Q126906959	6000000039452794873
Q126906960	6000000065193362853
Q126906961	6000000022870127426
Q126906962	6000000022189717430
Q126906963	6000000078995173225
Q126906964	6000000005562073612
Q126906965	6000000042251819113
Q126906966	6000000132421737844
Q126906967	6000000008615600393
Q126906969	6000000042067528287
Q126906970	6000000017265325150
Q126906971	6000000017263464998
Q126906972	6000000014520973308
Q126906973	6000000008860235467
Q126906974	6000000008860232255
Q126906975	6000000016474837989
Q126906976	6000000043383031726
Q126906977	6000000023746268142
Q126906978	6000000018367629594
Q126906979	6000000080602054987
Q126906980	6000000023851860911
Q126906982	6000000007693839839
Q126906983	6000000018916961236
Q126906984	6000000011669747666
Q126906985	6000000047930979216
Q126906986	6000000010541538856
Q126906988	6000000046795380828
Q126906989	6000000046674047169
Q126906990	6000000012626887986
Q126906991	6000000078034444349
Q126906992	6000000024656311665
Q126906993	6000000007281901576
Q126906994	6000000040155968304
Q126906995	6000000039974777629
Q126906996	6000000026687667026
Q126906997	6000000039989729913
Q126906998	6000000024415251204
Q126907001	6000000026057562474
Q126907003	6000000027309472199
Q126907004	6000000040009441872
Q126907005	6000000176535295825
Q126907006	6000000008907265701
Q126907009	6000000008833079307
Q126907010	6000000011304598886
Q126907011	6000000011304836674
Q126907012	6000000012482776701
Q126907014	6000000012349005432
Q126907015	6000000017709703274
Q126907016	6000000011851999479
Q126907019	6000000109873370135
Q126907020	6000000109872392074
Q126907021	6000000177821534967
Q126907024	6000000020515399439
Q126907025	6000000024389903689
Q126907026	6000000024390295533
Q126907027	6000000179223818839
Q126907029	6000000138497590821
Q126907030	6000000179162076858
Q126907031	6000000179147212864
Q126907032	6000000054419808834
Q126907033	6000000029489153365
Q126907034	6000000034441803891
Q126907035	6000000019495904260
Q126907036	6000000018369332454
Q126907037	6000000019496018023
Q126907038	6000000020258834753
Q126907040	6000000024654869082
Q126907042	6000000087438813825
Q126907044	6000000021674228674
Q126907045	6000000032053957830
Q126907046	6000000172779350914
Q126907047	6000000070078081115
Q126907048	6000000172779178143
Q126907049	6000000171666719605
Q126907050	6000000035068881844
Q126907051	6000000114066373923
Q126907052	6000000107720152882
Q126907053	6000000029999929769
Q126907054	6000000030000556305
Q126907055	6000000046184462054
Q126907056	6000000024626957975
Q126907057	6000000011907134501
Q126907058	6000000011916432640
Q126907059	6000000011921539654
Q126907061	6000000023558785246
Q126907062	6000000019813424781
Q126907063	6000000038137386950
Q126907064	6000000053877597879
Q126907065	6000000038195330899
Q126907066	6000000037993031377
Q126907067	6000000058819010909
Q126907068	6000000062914466862
Q126907069	6000000038195070351
Q126907070	6000000038195290823
Q126907071	6000000022511849813
Q126907072	6000000035261675126
Q126907073	6000000053863683832
Q126907074	6000000026121172080
Q126907075	6000000032597182414
Q126907077	6000000035060653012
Q126907078	6000000035058885985
Q126907079	6000000078638122208
Q126907080	6000000037669889831
Q126907081	6000000017993298628
Q126907082	6000000083356267460
Q126907083	6000000045665141352
Q126907084	6000000045661496858
Q126907085	6000000011471352729
Q126907086	6000000074990868830
Q126907087	6000000079145914000
Q126907089	6000000024905232904
Q126907090	6000000042971014425
Q126907091	6000000011504415335
Q126907093	6000000011869251574
Q126907094	6000000140580982821
Q126907095	6000000140451765851
Q126907097	6000000039886943762
Q126907098	6000000023904463306
Q126907099	6000000023895732050
Q126907100	6000000038879308519
Q126907101	6000000021064637618
Q126907104	6000000056021445877
Q126907105	6000000105470122946
Q126907106	6000000039619129002
Q126907108	6000000023309215840
Q126907109	6000000052760062964
Q126907110	6000000189115203868
Q126907111	6000000084050443839
Q126907113	6000000019160192946
Q126907114	6000000053326238854
Q126907115	6000000053336229117
Q126907116	6000000009976767131
Q126907117	6000000009971067907
Q126907118	6000000029144784982
Q126907119	6000000070558273933
Q126907120	6000000039612700939
Q126907121	6000000026406904866
Q126907122	6000000026406755299
Q126907123	6000000180787320924
Q126907124	6000000023260564614
Q126907126	6000000180093847853
Q126907127	6000000074273406962
Q126907128	6000000038528760353
Q126907129	6000000060390042861
Q126907130	6000000025988551708
Q126907131	6000000018464971859
Q126907133	6000000018454851299
Q126907134	6000000124781035844
Q126907135	6000000035044804008
Q126907136	6000000008593881461
Q126907139	6000000018417177024
Q126907140	6000000025891225661
Q126907141	6000000025891673659
Q126907142	6000000025890970372
Q126907143	6000000069218776920
Q126907144	6000000023953316209
Q126907145	6000000024626534737
Q126907146	6000000024694970416
Q126907147	6000000006836255488
Q126907148	6000000036488946181
Q126907149	6000000028990883039
Q126907151	6000000037582352050
Q126907153	6000000002694177119
Q126907156	6000000010484963372
Q126907158	6000000023683584917
Q126907159	6000000012964092402
Q126907160	6000000019347666212
Q126907161	6000000041915275098
Q126907162	6000000001644748155
Q126907163	6000000067728752821
Q126907164	6000000181548181874
Q126907165	6000000122057452034
Q126907166	6000000021545801574
Q126907169	6000000016142389316
Q126907170	6000000016142258436
Q126907171	6000000083392794843
Q126907172	6000000013504563509
Q126907173	6000000022263277639
Q126907176	6000000043429225069
Q126907177	6000000021332203597
Q126907178	6000000021332123577
Q126907179	6000000048652265927
Q126907180	6000000018083579270
Q126907181	6000000047843166905
Q126907182	6000000040278114922
Q126907183	6000000040948043310
Q126907184	6000000031439122150
Q126907185	6000000031438769121
Q126907186	6000000033416829645
Q126907187	6000000011565596492
Q126907188	6000000011566414766
Q126907189	6000000143838423860
Q126907190	6000000205276846843
Q126907191	6000000205276941835
Q126907192	6000000094175870978
Q126907193	6000000182079603837
Q126907194	6000000182095322888
Q126907195	6000000011948489669
Q126907196	6000000078842433972
Q126907198	6000000048861204875
Q126907199	6000000011880334354
Q126907200	6000000045661793009
Q126907203	6000000030749309356
Q126907205	6000000008912985009
Q126907206	6000000008913664245
Q126907210	6000000025724032534
Q126907211	6000000025724102585
Q126907213	6000000025723839360
Q126907215	6000000025731026913
Q126907216	6000000025723532194
Q126907217	6000000025724251825
Q126907218	6000000025724729949
Q126907219	6000000025442542055
Q126907220	6000000077554444139
Q126907221	6000000025807102118
Q126907222	6000000025230043999
Q126907223	6000000025224797099
Q126907224	6000000025224456119
Q126907225	6000000025223050129
Q126907226	6000000023908952971
Q126907227	6000000039355948201
Q126907228	6000000026507286338
Q126907229	6000000026507397046
Q126907230	6000000029841645176
Q126907231	6000000029841954009
Q126907232	6000000018087614515
Q126907233	6000000018086617096
Q126907234	6000000018085796420
Q126907235	6000000039197287072
Q126907236	6000000044828983834
Q126907237	6000000044807244237
Q126907239	6000000071047516847
Q126907240	6000000028263523991
Q126907241	6000000054080717306
Q126907242	6000000029841941010
Q126907243	6000000029841698666
Q126907244	6000000057478961059
Q126907245	6000000057479476999
Q126907246	6000000057479555938
Q126907247	6000000057450012934
Q126907248	6000000057480149822
Q126907249	6000000057461894865
Q126907251	6000000057449686044
Q126907252	6000000024591947860
Q126907253	6000000057567970873
Q126907254	6000000135261008834
Q126907255	6000000135260094859
Q126907256	6000000058356059328
Q126907257	6000000057572309985
Q126907258	6000000057572735829
Q126907260	6000000191213351901
Q126907261	6000000060316144893
Q126907262	6000000060315036995
Q126907263	6000000060317170827
Q126907264	6000000060317204854
Q126907265	6000000173687542980
Q126907266	6000000173686544251
Q126907267	6000000045359751350
Q126907268	6000000054993208976
Q126907269	6000000082423458863
Q126907270	6000000040507509061
Q126907271	6000000024416034076
Q126907272	6000000038981770957
Q126907273	6000000038981664998
Q126907274	6000000043273531165
Q126907275	6000000045287587996
Q126907276	6000000056432406874
Q126907278	6000000092192295777
Q126907279	6000000040011505646
Q126907281	6000000038021305106
Q126907283	6000000024567736594
Q126907284	6000000179567064849
Q126907286	6000000030246449032
Q126907287	6000000038196359955
Q126907288	6000000016434875725
Q126907289	6000000068894205426
Q126907290	6000000038196026183
Q126907291	6000000032084444090
Q126907292	6000000031020218384
Q126907293	6000000026729501171
Q126907294	6000000024035479446
Q126907295	6000000011853468679
Q126907296	6000000018467254670
Q126907297	6000000031584781474
Q126907298	6000000167790052851
Q126907299	6000000177914690822
Q126907300	6000000082416231845
Q126907301	6000000028707175142
Q126907302	6000000039214268135
Q126907303	6000000025941209578
Q126907304	6000000021110309398
Q126907305	6000000025068844923
Q126907306	6000000038242926916
Q126907307	6000000058318447146
Q126907308	6000000039209537987
Q126907309	6000000071147105827
Q126907310	6000000025969006921
Q126907311	6000000034818303021
Q126907312	6000000024280257297
Q126907313	6000000024280515899
Q126907314	6000000024279145805
Q126907315	6000000024280239170
Q126907316	6000000186828151828
Q126907319	6000000011490537905
Q126907321	6000000016770994043
Q126907322	6000000026710811449
Q126907324	6000000078840972478
Q126907325	6000000093699922276
Q126907326	6000000035110312123
Q126907327	6000000108715901878
Q126907328	6000000016485100474
Q126907329	6000000025989570057
Q126907331	6000000084563014123
Q126907333	6000000058372733887
Q126907335	6000000029717829524
Q126907336	6000000025141183296
Q126907339	6000000026670141233
Q126907340	6000000038866304226
Q126907341	6000000178632307824
Q126907342	6000000083900855961
Q126907343	6000000030077907883
Q126907344	6000000039445703574
Q126907345	6000000027674098399
Q126907346	6000000045278618973
Q126907347	6000000044300876853
Q126907348	6000000178346878855
Q126907349	6000000027674598113
Q126907350	6000000039348206920
Q126907351	6000000147753950829
Q126907352	6000000147754168854
Q126907353	6000000045343388912
Q126907354	6000000055596786179
Q126907355	6000000196078017829
Q126907356	6000000024261430019
Q126907357	6000000022518281351
Q126907358	6000000026746941625
Q126907359	6000000014663926177
Q126907360	6000000046375874147
Q126907361	6000000035439504134
Q126907362	6000000179570111821
Q126907363	6000000008661424292
Q126907364	6000000038283763210
Q126907365	6000000038281200615
Q126907366	6000000049231198850
Q126907367	6000000065100180892
Q126907368	6000000026632420655
Q126907369	6000000017847540090
Q126907370	6000000032920483099
Q126907372	6000000026213146799
Q126907373	6000000040980494880
Q126907374	6000000040980298161
Q126907375	6000000038125250722
Q126907377	6000000094801131102
Q126907378	6000000179568490886
Q126907379	6000000025765930737
Q126907380	6000000024128009875
Q126907381	6000000024655735186
Q126907382	6000000048537499155
Q126907383	6000000048537663001
Q126907384	6000000058590580075
Q126907385	6000000024502293635
Q126907386	6000000028394445357
Q126907387	6000000028394461032
Q126907388	6000000024100571210
Q126907389	6000000022292520314
Q126907390	6000000024266576706
Q126907391	6000000082369003294
Q126907392	6000000025375956101
Q126907393	6000000025376205888
Q126907394	6000000024236361373
Q126907395	6000000047935707027
Q126907396	6000000047935729899
Q126907398	6000000017381415807
Q126907399	6000000009824782337
Q126907401	6000000010408299428
Q126907402	6000000008285650318
Q126907404	6000000018191475376
Q126907405	6000000022216186005
Q126907406	6000000018192045084
Q126907407	6000000018203276452
Q126907408	6000000038022486206
Q126907410	6000000011703935378
Q126907411	6000000018178436246
Q126907412	6000000014585553363
Q126907414	6000000025960163945
Q126907415	6000000011621353969
Q126907416	6000000011547963023
Q126907418	6000000114130028838
Q126907419	6000000026507312965
Q126907420	6000000148087943146
Q126907421	6000000011556632595
Q126907422	6000000017627956139
Q126907424	6000000010580006678
Q126907429	6000000018182413997
Q126907430	6000000025376320482
Q126907431	6000000039358063079
Q126907432	6000000039357323317
Q126907433	6000000077574569822
Q126907434	6000000012130139899
Q126907436	6000000020533983015
Q126907437	6000000039462850900
Q126907438	6000000039462064453
Q126907440	6000000011733747096
Q126907441	6000000018151033370
Q126907443	6000000097520160836
Q126907444	6000000033939754610
Q126907447	6000000024281158390
Q126907448	6000000028954227855
Q126907449	6000000011894417471
Q126907450	6000000018150437296
Q126907452	6000000047365553922
Q126907453	6000000021649508901
Q126907454	6000000024320463342
Q126907455	6000000026507431079
Q126907456	6000000039613264995
Q126907457	6000000023897418284
Q126907462	6000000020315533359
Q126907463	6000000025834222835
Q126907464	6000000008830812436
Q126907465	6000000008698642568
Q126907466	6000000008933887492
Q126907467	6000000011320119197
Q126907468	6000000004170081410
Q126907469	6000000017035965364
Q126907471	6000000011318752157
Q126907472	6000000009104310726
Q126907473	6000000011319523913
Q126907474	6000000011328671094
Q126907475	6000000007399301134
Q126907476	6000000012135894310
Q126907478	6000000011316937217
Q126907479	6000000011321084030
Q126907480	6000000011327716652
Q126907481	6000000003071583503
Q126907482	6000000011344812629
Q126907483	6000000009104726106
Q126907485	6000000009104514888
Q126907487	6000000003071215958
Q126907488	6000000024005027307
Q126907489	6000000024007022817
Q126907493	6000000022315152807
Q126907495	6000000024006908976
Q126907496	6000000024006742397
Q126907497	6000000023512956419
Q126907498	6000000025720383321
Q126907499	6000000023994218003
Q126907500	6000000025720091525
Q126907501	6000000023511925090
Q126907503	6000000024006697297
Q126907504	6000000024018682370
Q126907505	6000000016142260923
Q126907506	6000000023513186430
Q126907507	6000000023978374176
Q126907508	6000000058323037992
Q126907509	6000000023511932391
Q126907510	6000000058324871187
Q126907511	6000000023993603656
Q126907512	6000000034126783840
Q126907515	6000000047321077862
Q126907516	6000000019696463250
Q126907517	6000000020776812348
Q126907518	6000000058053764844
Q126907519	6000000197329406821
Q126907520	6000000011547525953
Q126907521	6000000025361454953
Q126907522	6000000206448074863
Q126907523	6000000024276790578
Q126907524	6000000028482005035
Q126907527	6000000008466986261
Q126907528	6000000034594696216
Q126907531	6000000017604670848
Q126907533	6000000020989171833
Q126907535	377699920420004285
Q126907536	6000000010876712064
Q126907539	6000000039447859991
Q126907541	6000000082494613044
Q126907543	6000000179417362827
Q126907544	6000000025862312026
Q126907546	6000000093365838855
Q126907547	6000000081050338066
Q126907548	6000000024853078881
Q126907549	6000000038497092411
Q126907551	6000000082495003982
Q126907552	6000000024261292150
Q126907553	6000000033857208391
Q126907554	6000000017513611109
Q126907556	6000000075408844894
Q126907557	6000000113148517052
Q126907558	6000000056693953898
Q126907559	6000000105876341897
Q126907560	6000000022231293150
Q126907561	6000000057961287906
Q126907562	6000000034594943151
Q126907563	6000000005035802301
Q126907564	6000000180620783822
Q126907565	6000000180619583903
Q126907566	6000000180620660845
Q126907568	6000000076802862360
Q126907569	6000000038986139206
Q126907570	6000000101278965926
Q126907571	6000000174127293248
Q126907572	6000000034908989529
Q126907573	6000000038369581983
Q126907574	6000000206497062832
Q126907575	6000000025663585010
Q126907576	6000000041088104221
Q126907577	6000000192406227884
Q126907578	6000000033069466105
Q126907579	6000000016188154006
Q126907580	6000000120844327866
Q126907581	6000000042513421622
Q126907582	6000000024248423441
Q126907583	6000000025703484886
Q126907584	6000000177512301821
Q126907585	6000000073984490898
Q126907586	6000000053861979082
Q126907587	6000000017264554420
Q126907588	6000000014520792520
Q126907589	6000000003657559143
Q126907590	6000000021246426701
Q126907591	6000000028261311526
Q126907592	6000000024252663932
Q126907593	6000000024252294564
Q126907594	6000000047683508828
Q126907595	6000000185657891023
Q126907596	6000000030984402286
Q126907597	6000000054992174829
Q126907599	6000000038425943853
Q126907600	6000000031378020942
Q126907601	6000000038895745100
Q126907602	6000000040026143455
Q126907603	6000000011490535340
Q126907605	6000000042347104249
Q126907606	6000000077552541835
Q126907607	6000000035046852065
Q126907608	6000000036483313778
Q126907609	6000000035133442824
Q126907610	6000000035108223550
Q126907611	6000000007446531449
Q126907612	6000000182686127821
Q126907614	6000000082442612944
Q126907617	6000000018317435344
Q126907618	6000000018415497395
Q126907619	6000000000335322113
Q126907620	6000000017469449373
Q126907621	6000000040397333615
Q126907622	6000000020530227689
Q126907623	6000000043606459923
Q126907625	6000000027136517415
Q126907628	6000000063945382306
Q126907629	6000000024539866834
Q126907630	6000000053308081873
Q126907632	6000000080662016860
Q126907633	6000000080610375978
Q126907634	6000000032842794109
Q126907635	6000000033267917036
Q126907636	6000000024800910372
Q126907637	6000000024399962104
Q126907639	6000000142888255886
Q126907640	6000000185059459829
Q126907641	6000000188969514844
Q126907642	6000000034661558131
Q126907644	6000000079262937480
Q126907647	6000000020517939280
Q126907649	6000000028424790563
Q126907650	6000000182347709840
Q126907651	6000000071148211044
Q126907652	6000000020210296299
Q126907653	6000000028849035179
Q126907654	6000000038954131237
Q126907655	6000000058205877836
Q126907656	6000000023713358137
Q126907657	6000000023713216453
Q126907658	6000000025831566744
Q126907659	6000000024527242243
Q126907660	6000000024656002120
Q126907661	6000000014065424252
Q126907662	6000000025142147887
Q126907663	6000000054767384051
Q126907664	6000000038879156040
Q126907665	6000000024624141357
Q126907666	6000000024624157123
Q126907667	6000000031641888858
Q126907668	6000000085079522028
Q126907669	6000000025384958607
Q126907670	6000000026381572895
Q126907671	6000000018602877292
Q126907672	6000000023294796312
Q126907673	6000000031444840821
Q126907674	6000000023295276935
Q126907676	6000000007552528362
Q126907679	6000000148081706822
Q126907680	6000000091612865357
Q126907681	6000000130975972837
Q126907682	6000000038857962108
Q126907683	6000000030938424866
Q126907685	6000000100926163109
Q126907686	6000000091977387826
Q126907687	6000000021694042681
Q126907689	6000000048599600412
Q126907690	6000000048600515847
Q126907691	6000000030372522842
Q126907692	6000000023156432286
Q126907693	6000000016973868327
Q126907694	6000000060384090041
Q126907695	6000000024569232833
Q126907696	6000000164027684849
Q126907697	6000000118211625845
Q126907698	6000000118210657977
Q126907699	6000000180772161884
Q126907700	6000000180774093825
Q126907701	6000000176373684847
Q126907702	6000000043380201908
Q126907703	6000000073221160242
Q126907704	6000000072965637953
Q126907705	6000000024208762666
Q126907706	6000000023713109067
Q126907712	6000000035157206437
Q126907714	6000000035157539136
Q126907716	6000000034951663821
Q126907718	6000000016104160057
Q126907719	6000000023484871486
Q126907720	6000000026322457484
Q126907721	6000000007229834801
Q126907722	6000000072711010047
Q126907723	6000000039217291969
Q126907724	6000000201503054821
Q126907725	6000000179417309832
Q126907726	6000000082373370859
Q126907727	6000000106663125035
Q126907728	6000000023716799926
Q126907729	6000000016463955437
Q126907730	6000000043819582042
Q126907731	6000000021691572734
Q126907732	6000000026245695879
Q126907733	6000000057398973892
Q126907734	6000000024396442312
Q126907735	6000000024389901856
Q126907736	6000000015728332514
Q126907738	6000000036852695903
Q126907740	6000000078452188039
Q126907741	6000000028936101214
Q126907742	6000000038473560294
Q126907743	6000000012752685020
Q126907744	6000000106732395838
Q126907745	6000000054006162985
Q126907746	6000000024250746087
Q126907747	6000000025969000123
Q126907748	6000000025969157938
Q126907749	6000000032056451094
Q126907750	6000000082410504996
Q126907752	6000000011321627285
Q126907753	6000000015103744714
Q126907754	6000000082410435048
Q126907755	6000000206497157848
Q126907756	6000000006362406034
Q126907757	6000000078958235940
Q126907759	6000000020376719307
Q126907760	6000000039350028140
Q126907761	6000000015510321271
Q126907762	6000000178540424841
Q126907763	6000000077586062445
Q126907764	6000000133159471841
Q126907765	6000000180691444943
Q126907766	6000000010040422107
Q126907767	6000000026245626004
Q126907768	6000000034197888675
Q126907769	6000000022230903427
Q126907770	6000000024973273819
Q126907772	6000000035045938933
Q126907773	6000000024973818040
Q126907774	6000000057393034830
Q126907775	6000000057743351827
Q126907776	6000000017264293168
Q126907777	6000000124982049985
Q126907779	6000000029405181954
Q126907780	6000000057408165159
Q126907781	6000000076728585882
Q126907782	6000000006933223153
Q126907783	6000000024597120860
Q126907784	6000000025263653044
Q126907787	6000000149464206898
Q126907788	6000000008967699145
Q126907789	6000000016828372633
Q126907790	6000000035364034628
Q126907791	6000000028503922942
Q126907792	6000000055366024664
Q126907793	6000000055366844919
Q126907794	6000000174238228312
Q126907795	6000000025847828911
Q126907795	6000000189042248868
Q126907796	6000000021601944227
Q126907797	6000000022452851867
Q126907799	6000000042398710207
Q126907801	6000000178440897851
Q126907803	6000000184754856825
Q126907804	6000000017298994552
Q126907805	6000000073428891965
Q126907806	6000000026381407195
Q126907807	6000000025984651031
Q126907808	6000000033722866669
Q126907809	6000000184607734003
Q126907810	6000000032751653034
Q126907812	6000000015972991808
Q126907813	6000000018425903137
Q126907814	6000000019920105416
Q126907815	6000000021416956570
Q126907816	6000000029840381424
Q126907817	6000000018378357655
Q126907819	6000000038047486435
Q126907820	6000000206142151945
Q126907822	6000000015337020028
Q126907823	6000000187142266886
Q126907824	6000000025998651857
Q126907826	6000000024655823133
Q126907827	6000000017385750337
Q126907828	6000000023634448780
Q126907829	6000000017386264362
Q126908510	6000000021885140238
Q126909514	6000000010277767961
Q126910229	6000000071145347821
Q126910761	6000000025583842394
Q126910936	6000000015151037610
Q126910965	6000000174873572081
Q126911057	6000000021239749672
Q126911082	6000000021238653568
Q126911189	6000000027511182034
Q126911203	6000000024988374015
Q126911206	6000000024988066420
Q126911316	6000000076171116906
Q126911321	6000000022953231352
Q126911321	6000000076170873046
Q126911399	6000000177626985830
Q126911408	6000000178978311851
Q126911493	6000000059848159968
Q126911569	6000000014020175751
Q126911670	6000000018765336757
Q126911695	6000000024934267303
Q126911695	6000000048343232163
Q126911877	6000000174873795027
Q126911877	6000000198251616854
Q126911986	6000000040737467931
Q126912104	6000000007393109941
Q126912173	6000000007320880424
Q126912207	6000000042352389822
Q126912245	6000000025988795240
Q126912260	6000000026974085779
Q126912261	6000000040846719878
Q126912262	6000000018052550528
Q126912263	6000000032749374930
Q126912264	6000000006870043753
Q126912265	6000000024250223855
Q126912266	6000000045923673456
Q126912267	6000000072711166857
Q126912268	6000000020210442840
Q126912269	6000000042127066251
Q126912270	6000000042671780554
Q126912271	6000000029223058252
Q126912272	6000000010091955018
Q126912273	6000000011088919676
Q126912274	6000000006207924875
Q126912275	6000000043939523929
Q126912277	6000000041424876969
Q126912278	6000000018602239386
Q126912279	6000000018388479262
Q126912280	6000000028263347025
Q126912281	6000000028263159188
Q126912282	4820347233730025764
Q126912283	6000000024014352204
Q126912284	6000000008260387333
Q126912285	6000000031431714990
Q126912286	6000000026051478671
Q126912287	6000000077445568510
Q126912288	6000000021308795998
Q126912289	6000000025943883044
Q126912290	6000000021110187771
Q126912291	6000000029178999291
Q126912292	6000000001127165973
Q126912293	6000000035361976299
Q126912294	6000000024613329106
Q126912295	6000000013403274379
Q126912296	6000000023511527448
Q126912301	6000000028974162184
Q126912302	6000000020907977816
Q126912303	6000000058286549200
Q126912304	6000000025969801373
Q126912305	6000000018118422304
Q126912306	6000000028448996650
Q126912307	6000000016079833387
Q126912308	6000000013736644733
Q126912309	6000000039466309835
Q126912310	6000000007923202098
Q126912311	6000000037626524087
Q126912312	6000000024901438573
Q126912313	6000000009521773163
Q126912314	6000000022757088227
Q126912315	6000000187057337839
Q126912316	6000000107280659225
Q126912317	6000000030269354951
Q126912318	6000000107301928881
Q126912319	6000000006713304211
Q126912320	6000000007296813544
Q126912321	6000000021604297833
Q126912322	6000000010244850376
Q126912323	6000000019436050109
Q126912324	6000000135264355408
Q126912325	6000000025837687786
Q126912326	6000000036361873851
Q126912327	6000000140018097862
Q126912328	6000000067127329362
Q126912329	6000000028166191060
Q126912330	6000000022512600098
Q126912331	6000000018690495115
Q126912332	6000000023024082976
Q126912333	6000000017265116953
Q126912334	6000000022837779053
Q126912335	6000000025239432181
Q126912336	6000000021390663233
Q126912337	6000000025243320523
Q126912338	6000000011666236706
Q126912339	6000000067286138825
Q126912340	6000000059326914973
Q126912341	6000000011186103741
Q126912342	6000000024332522160
Q126912343	6000000025953278532
Q126912344	6000000076557674824
Q126912345	6000000026053140212
Q126912346	6000000042039654350
Q126912347	6000000024276313308
Q126912349	6000000011546196294
Q126912350	6000000003083025759
Q126912351	6000000010673377652
Q126912352	6000000070260576205
Q126912353	6000000025955015219
Q126912355	6000000023088676895
Q126912356	6000000008528203880
Q126912357	6000000016825883559
Q126912358	6000000145397872830
Q126912359	6000000078643447539
Q126912360	6000000037173160974
Q126912361	6000000022936898018
Q126912362	6000000015125164702
Q126912363	6000000037586428880
Q126912364	6000000026067538013
Q126912365	6000000067881076920
Q126912366	6000000049183344088
Q126912367	6000000084792395938
Q126912368	6000000025832234192
Q126912369	6000000024269400767
Q126912370	6000000039060266821
Q126912371	6000000076984087963
Q126912372	6000000024638142935
Q126912374	6000000025768778588
Q126912375	6000000035153186192
Q126912376	6000000070248261824
Q126912377	6000000031587734220
Q126912378	6000000037669253311
Q126912379	6000000018379143333
Q126912380	6000000015338949194
Q126912381	6000000078811261679
Q126912382	6000000015800656746
Q126912383	6000000024521409649
Q126912384	6000000009762756783
Q126912385	6000000021476978461
Q126912386	6000000020708873050
Q126912387	6000000172773670802
Q126912388	6000000064640181997
Q126912389	6000000021272993352
Q126912390	6000000011636228185
Q126912391	6000000015521885520
Q126912392	6000000024913516348
Q126912393	6000000011645220944
Q126912394	6000000022510739867
Q126912395	6000000028191655948
Q126912396	6000000077486528338
Q126912398	6000000024010582436
Q126912399	6000000173161996334
Q126912400	6000000070397682987
Q126912401	6000000011502770906
Q126912402	6000000026392056108
Q126912403	6000000026392267908
Q126912404	6000000046226116137
Q126912405	6000000041461782052
Q126912406	6000000032146339737
Q126912407	6000000039424274244
Q126912408	6000000168163436357
Q126912409	6000000024846454823
Q126912410	6000000179338548830
Q126912412	6000000023197601294
Q126912413	6000000023197561331
Q126912414	6000000037537377095
Q126912415	6000000179338214831
Q126912416	6000000090141583852
Q126912417	6000000023896911157
Q126912418	6000000067841278976
Q126912420	6000000011559426510
Q126912422	6000000009522231512
Q126912423	6000000009522386276
Q126912424	6000000009522157645
Q126912425	6000000173936925929
Q126912426	6000000044293033940
Q126912427	6000000025375857415
Q126912428	6000000021817728416
Q126912429	6000000040469868272
Q126912430	6000000022237425656
Q126912431	6000000174251789822
Q126912432	6000000072957019426
Q126912433	6000000000583924623
Q126912434	6000000038865911953
Q126912435	6000000098725992821
Q126912436	6000000052155919836
Q126912437	6000000026029753749
Q126912438	6000000053863730867
Q126912439	6000000012209649600
Q126912440	6000000083136908772
Q126912442	6000000008277673176
Q126912456	6000000014019173799
Q126912460	6000000025988384484
Q126912484	6000000182095095824
Q126912489	6000000056804269177
Q126912492	6000000006859682690
Q126912499	6000000006859851280
Q126912519	6000000174873716846
Q126912539	6000000002803002204
Q126912660	6000000178588916880
Q126912833	6000000002765045728
Q126912972	6000000017992965207
Q126912973	6000000018028543696
Q126913152	6000000181840068823
Q126914642	6000000207147178830
Q126914883	6000000072337859065
Q126914938	6000000009685331695
Q126914939	4377336
Q126915125	6000000002765074484
Q126915162	6000000040997876855
Q126915349	6000000189380121889
Q126915367	6000000048124215242
Q126915404	6000000015150939865
Q126915598	6000000017969547355
Q126916231	6000000179903105821
Q126916254	6000000179902564831
Q126916257	6000000093575737865
Q126916398	6000000188575370867
Q126916441	6000000017968771555
Q126916492	6000000183591355825
Q1269166	6000000075250062120
Q126916781	6000000017969524495
Q126916954	6000000007393049938
Q126917122	6000000007393159739
Q126917206	6000000013103252681
Q126917401	6000000136038439193
Q126917538	6000000010272706542
Q126917539	6000000003939672980
Q126917541	6000000000260102962
Q126917608	6000000068747613881
Q126917610	6000000032821848058
Q126917612	6000000000484473466
Q126917618	6000000057284677888
Q126917620	6000000032821545532
Q126917623	6000000003942570140
Q126917630	6000000057284651128
Q126917631	6000000002808902651
Q126917632	6000000006444610987
Q126917640	6000000072186506066
Q126917684	6000000015156519624
Q126917738	6000000056634908825
Q126917832	6000000015156788512
Q126917835	6000000015156896056
Q126918051	6000000015156530490
Q126918283	6000000031420044036
Q126918298	6000000031464547242
Q126918595	6000000018264214294
Q126918862	6000000031419844228
Q126918932	6000000031419377567
Q126918972	6000000031464638097
Q126918989	5114220029200055680
Q126919025	6000000038788813949
Q126919574	6000000028210712744
Q126919588	6000000028579406968
Q126919819	6000000180454745836
Q126919820	6000000125398026851
Q126919822	6000000024551807941
Q126919823	6000000172521195991
Q126919824	6000000175781204822
Q126919826	6000000172658615304
Q126919827	6000000006600002253
Q126919828	6000000120120893932
Q126919829	6000000201705691870
Q126919830	6000000127078627072
Q126919831	6000000172520955358
Q126919832	6000000084112727026
Q126919833	6000000021919374064
Q126919834	6000000172520983940
Q126919835	6000000172521278936
Q126919836	6000000058549914823
Q126919837	6000000172522233707
Q126919838	6000000026601036015
Q126919839	6000000024485001994
Q126919840	6000000034931383038
Q126919841	6000000201705062834
Q126919842	6000000092301485822
Q126919843	6000000144427750829
Q126919844	6000000077073963040
Q126919845	6000000175781197931
Q126919846	6000000024900048386
Q126919847	6000000018348269835
Q126919848	6000000031271448938
Q126919849	6000000043486170954
Q126919850	6000000024817193275
Q126919852	6000000020236849076
Q126919853	6000000024481114541
Q126919854	6000000016334612953
Q126919855	6000000022302907268
Q126919856	6000000113297295942
Q126919857	6000000180988905845
Q126919858	6000000006713307265
Q126919860	6000000056868234209
Q126919861	6000000016080495062
Q126919862	6000000083025953980
Q126919863	6000000018516416817
Q126919864	6000000018258131159
Q126919865	6000000175429820933
Q126919866	6000000121669359821
Q126919867	6000000016037801667
Q126919868	6000000017350292739
Q126919869	6000000010733313938
Q126919870	6000000040678240514
Q126919871	6000000057824512826
Q126919872	6000000020490927703
Q126919873	6000000021889400872
Q126919874	6000000010695245589
Q126919875	6000000077488288386
Q126919876	6000000195501273868
Q126919877	6000000010313187228
Q126919878	6000000020518016147
Q126919879	6000000026394551297
Q126919881	6000000012028383751
Q126919882	6000000038071114853
Q126919883	6000000024586496527
Q126919884	6000000096175649052
Q126919885	6000000026865795060
Q126919886	6000000012028509545
Q126919887	6000000060395250977
Q126919888	6000000015874456810
Q126919889	6000000015867995670
Q126919890	6000000048441711301
Q126919891	6000000024021311297
Q126919892	6000000013114479309
Q126919893	6000000026865569764
Q126919894	6000000028790316069
Q126919895	6000000010312118166
Q126919897	6000000026576748263
Q126919898	6000000052511119013
Q126919899	6000000010312414010
Q126919900	6000000025891111923
Q126919901	6000000059614365827
Q126919902	6000000028166043400
Q126919903	6000000059614228959
Q126919904	6000000012028506361
Q126919905	6000000021809577376
Q126919906	6000000021815274835
Q126919907	6000000048441861374
Q126919908	6000000035090956634
Q126919909	6000000078206771290
Q126919910	6000000055351505846
Q126919912	6000000077546812653
Q126919913	6000000013083277075
Q126919914	6000000024386734475
Q126919915	6000000021188940218
Q126919916	6000000022334804926
Q126919917	6000000025308919971
Q126919918	6000000025633883833
Q126919919	6000000047935703871
Q126919920	6000000026394382354
Q126919921	6000000026865771264
Q126919922	6000000096184066171
Q126919923	6000000024020708073
Q126919924	6000000084093405907
Q126919925	6000000025226782843
Q126919926	6000000054317924941
Q126919927	6000000015521059859
Q126919928	6000000180965689833
Q126919929	6000000024774420037
Q126919930	6000000022321648124
Q126919931	6000000005229852045
Q126919932	6000000036684799323
Q126919933	6000000012508331130
Q126919934	6000000006127496899
Q126919935	6000000012975144829
Q126919936	6000000021259002859
Q126919937	6000000025736257845
Q126919938	6000000175288651217
Q126919939	6000000024005351650
Q126919940	6000000029135374409
Q126919941	6000000024862984915
Q126919942	6000000022190033867
Q126919944	6000000065186405958
Q126919945	6000000065192428234
Q126919946	6000000020327319509
Q126919947	6000000077306947833
Q126919948	6000000042250298606
Q126919949	6000000007399117468
Q126919950	6000000042094425953
Q126919952	6000000015678312436
Q126919953	6000000019234222172
Q126919954	6000000063119206835
Q126919955	6000000023697573423
Q126919956	6000000051757314877
Q126919957	6000000090344280193
Q126919958	6000000015653747941
Q126919959	6000000010306263265
Q126919960	6000000018037857056
Q126919961	6000000039989743895
Q126919962	6000000179338047822
Q126919963	6000000015817159093
Q126919964	6000000017298967057
Q126919965	6000000127213590837
Q126919966	6000000019041201315
Q126919967	6000000024390065218
Q126919968	6000000054385132838
Q126919969	6000000032053935919
Q126919970	6000000017360871088
Q126919971	6000000206467914831
Q126919972	6000000013504858452
Q126919973	6000000024250821322
Q126919974	6000000019938146127
Q126919975	6000000028109534586
Q126919976	6000000186828168835
Q126919977	6000000038866191152
Q126919978	6000000024581761531
Q126919979	6000000024335228001
Q126919980	6000000021649302114
Q126919981	6000000060722054883
Q126919982	6000000082368893327
Q126919983	6000000025376056218
Q126919984	6000000030621480353
Q126919985	6000000024265235522
Q126919986	6000000024236243725
Q126919987	6000000024235730358
Q126919988	6000000024237250228
Q126919989	6000000047935754896
Q126919990	6000000018417801362
Q126919991	6000000025927478177
Q126919992	6000000017657634467
Q126919993	6000000178044056821
Q126919995	6000000012627702258
Q126919997	6000000078998152821
Q126919998	6000000024628897941
Q126919999	6000000028954553821
Q126920000	6000000024786726149
Q126920001	6000000061743957306
Q126920002	6000000035091617084
Q126920003	6000000178026508836
Q126920004	6000000023978318590
Q126920005	6000000023040533859
Q126920006	6000000024007295087
Q126920007	6000000023512231851
Q126920008	6000000023993867715
Q126920009	6000000023511627120
Q126920011	6000000019193413888
Q126920012	1620416
Q126920013	6000000077144103046
Q126920014	6000000172520508286
Q126920015	6000000024774349672
Q126920017	6000000170032607927
Q126920018	6000000025881411464
Q126920019	6000000101282449862
Q126920020	6000000018224223298
Q126920021	6000000035157792905
Q126920022	6000000180718740830
Q126920023	6000000075203524964
Q126920024	6000000036484319821
Q126920025	6000000040453904943
Q126920026	6000000025708147936
Q126920027	6000000041734322461
Q126920028	6000000024193042261
Q126920029	4517564905080020311
Q126920030	6000000028954140905
Q126920031	6000000025660563087
Q126920032	6000000024209069297
Q126920033	6000000028425985681
Q126920034	6000000028974221659
Q126920035	6000000015465560226
Q126920036	6000000137033685833
Q126920037	6000000077597992011
Q126920038	6000000151504342610
Q126920039	6000000038472899810
Q126920040	6000000040149908976
Q126920041	6000000049186967832
Q126920042	6000000172521147923
Q126920043	6000000179493760836
Q126920044	6000000017926450539
Q126920045	6000000023937718579
Q126920046	6000000070733546860
Q126920047	6000000010409040636
Q126920048	6000000024408427847
Q126920049	6000000180431740848
Q126920051	6000000033711532981
Q126920052	6000000035043455665
Q126920053	6000000029153414604
Q126920054	6000000026063296467
Q126920055	6000000127079964846
Q126920056	6000000021276201033
Q126920058	6000000172522287600
Q126920059	6000000127080043993
Q1269207	6000000007418024253
Q126920749	6000000033004357165
Q126920756	6000000187650562852
Q126921305	6000000064220315845
Q126921319	6000000002765074365
Q126921372	6000000011877255280
Q126921578	6000000018500477454
Q126922606	6000000174456107822
Q126923156	6000000018500266909
Q126923182	6000000018500716236
Q126923563	6000000015150932793
Q126923795	6000000026148181881
Q126924025	6000000033471526483
Q126924026	6000000086917410899
Q126924053	6000000018263892861
Q126924066	6000000197309721840
Q126924138	6000000092335368957
Q126924462	6000000192366019841
Q126925878	6000000032373883412
Q126928176	6000000006775329834
Q126929018	6000000050282829512
Q126929915	6000000054819157945
Q126929940	6000000035500851394
Q126929969	6000000056311114855
Q126932077	6000000025755144340
Q126932804	6000000021400579245
Q126932882	6000000000341387359
Q126932979	6000000030368417529
Q126932997	6000000042396503843
Q126933018	6000000029998162410
Q126933026	6000000028223951079
Q126933028	6000000084146803526
Q126933033	6000000164027751822
Q126933045	6000000198069989825
Q126933057	6000000046475021082
Q126933105	6000000035768401228
Q126933117	6000000137621528912
Q126933120	6000000010061325674
Q126933129	6000000092194231007
Q126933132	6000000220207389837
Q126933135	6000000037605036229
Q126933143	6000000174164951639
Q126933161	6000000183525266862
Q126933170	6000000012074374861
Q126933199	6000000175318712937
Q126933216	6000000042348053104
Q126933236	6000000012677235501
Q126933249	6000000190137304825
Q126933284	6000000022211682383
Q126933310	6000000207297738824
Q126933314	6000000168803976986
Q126933315	6000000168804296072
Q126933321	6000000207529176876
Q126933322	6000000208387080854
Q126933331	6000000183458440821
Q126933344	6000000207147068917
Q126933345	6000000207147203836
Q126933404	6000000063360266861
Q126933454	6000000208386062855
Q126933459	6000000198406422827
Q126933472	6000000080565579912
Q126933483	6000000174583697269
Q126933494	6000000043380023874
Q126933510	6000000179339532841
Q126933518	6000000191075983917
Q126933556	6000000045345160890
Q126933596	6000000082858389201
Q126933601	6000000060898287863
Q126933633	6000000019650565361
Q126933651	6000000184614887996
Q126933652	6000000205904622877
Q126933655	6000000183292776965
Q126933674	6000000196092001828
Q126933725	6000000173637199281
Q126933726	6000000173637911821
Q126933727	6000000173637669969
Q126933728	6000000173638128865
Q126933730	6000000180788867847
Q126933731	6000000180802418825
Q126933732	6000000180801376886
Q126933733	6000000187307115835
Q126933734	6000000187307818826
Q126933735	6000000187307011826
Q126933739	6000000039765795948
Q126933751	6000000188119082832
Q126933780	6000000207844846828
Q126933797	6000000035045712811
Q126933862	6000000002300236363
Q126933867	6000000017554007097
Q126933907	6000000025646713275
Q126933928	6000000041170508437
Q126933930	6000000208386037831
Q126933934	6000000007652774978
Q126933966	6000000178423733822
Q126934024	6000000193889955821
Q126934039	6000000174658282871
Q126934043	6000000083764241451
Q126934046	6000000174481977248
Q126934047	6000000187178614828
Q126934049	6000000190792885823
Q126934051	6000000174584459942
Q126934211	6000000020292584957
Q126934387	6000000020188047998
Q126935260	6000000033003742660
Q126935270	6000000000638943013
Q126935281	6000000000015742615
Q126935292	6000000022783235628
Q126935303	6000000000223181658
Q126935315	6000000008479519313
Q126935800	6000000012679286426
Q126935803	6000000012688718063
Q126935808	6000000012689194340
Q126936163	6000000185139389861
Q126936182	6000000030284508866
Q126936183	6000000021400642551
Q126936189	6000000039299918829
Q126936193	6000000021400715297
Q126936195	6000000003885018119
Q126936196	6000000072510937866
Q126936200	6000000072509815897
Q126936207	6000000008809020534
Q126936210	6000000021400729215
Q126936212	6000000008221045303
Q126936219	6000000008221007457
Q126936235	6000000008221069254
Q126936241	6000000072506987842
Q126936283	6000000008220925709
Q126936286	6000000008808736083
Q126936399	6000000007381393541
Q126936578	6000000021956652869
Q126937093	6000000001749595181
Q126937094	6000000003252438641
Q126937095	6000000003275717997
Q126937096	6000000002148724141
Q126937097	6000000008680537786
Q126937098	6000000003275717612
Q126937104	6000000008680785243
Q126937105	6000000011271425742
Q126937108	6000000003275717624
Q126937111	6000000003275711639
Q126937117	6000000003580588491
Q126938191	6000000012420445913
Q126938192	6000000012420473400
Q126938195	6000000011662052899
Q126938198	6000000003714086889
Q126938707	6000000020920468568
Q126938709	6000000020920390525
Q126938711	6000000020920104650
Q126938712	363068293820012921
Q126938725	6000000082917918929
Q126938789	6000000020019426631
Q126938791	6000000020019331863
Q126938792	6000000020019678452
Q126938794	363067775310011316
Q126938848	6000000017214353784
Q126938849	6000000056928857919
Q126938928	363062178240011374
Q126939023	6000000021584461073
Q126939137	6000000097524123960
Q126940981	6000000030940269264
Q126941	6000000076556495358
Q126942886	6000000017935782868
Q126943931	6000000001749469112
Q126943965	6000000020723113793
Q126944003	6000000022891496267
Q126944004	6000000028320673638
Q126944017	6000000034677859612
Q126944018	6000000017643351857
Q126944019	6000000021412957038
Q126944020	6000000004058401768
Q126944022	6000000000554859869
Q126944692	6000000018264496387
Q126944730	6000000018263824962
Q126945060	6000000191075917823
Q126945061	6000000191077400842
Q126945116	6000000018327142989
Q126945117	6000000122242663826
Q126945180	6000000016363963184
Q126945434	6000000002665842386
Q126945951	6000000069257777840
Q126946114	6000000089605581939
Q126946156	6000000018416950904
Q126946631	6000000192400039844
Q126946728	6000000192399840827
Q126946743	6000000192399914848
Q126947288	6000000026695328033
Q126947512	6000000006290393585
Q126947513	6000000008627970831
Q126947514	6000000000795190218
Q126947515	6000000003490619516
Q126947517	6000000019070057082
Q126947519	6000000008176362044
Q126947520	6000000002175606221
Q126947521	6000000002955598869
Q126947522	6000000002154542018
Q126947523	6000000003490619506
Q126947529	6000000007554144270
Q126947531	6000000007554084038
Q126947536	6000000006290119885
Q126947545	6000000008176464129
Q126947547	6000000008176361841
Q126947548	6000000001845707838
Q126947583	6000000082735130858
Q126947584	6000000082735063908
Q126947587	6000000116917285051
Q126947589	6000000082734568304
Q126947590	6000000033575848210
Q126947591	6000000004021212191
Q126947618	6000000008176463225
Q126947619	6000000008176464028
Q126947620	6000000006113014144
Q126947623	6000000002305881237
Q126947656	6000000000521927786
Q126947703	6000000014120700018
Q126947740	6000000007470989762
Q126947740	6000000073074922865
Q126947752	6000000002090852035
Q126947835	6000000026695118795
Q126947886	6000000026695357875
Q126947902	6000000010201875735
Q126947910	6000000002684893916
Q126947911	6000000002209242900
Q126947922	6000000029204037300
Q126947923	6000000023190831936
Q126947924	6000000000589317992
Q126947925	6000000023190634462
Q126948050	6000000018429784140
Q126948092	6000000024500049962
Q126948095	6000000012333095233
Q126948290	6000000206928094880
Q126948335	6000000024930202860
Q126948421	6000000009025998430
Q126948757	6000000003252516689
Q126949177	6000000000799294684
Q126949236	6000000008888177381
Q126949248	6000000022136365126
Q126949285	6000000077582423126
Q126949286	6000000077580161097
Q126949287	6000000020340040487
Q126949288	6000000020340126627
Q126949289	6000000204204647874
Q126949290	6000000008888138324
Q126949292	6000000008135509974
Q126949293	6000000009846190786
Q126949678	1152749
Q126949679	3906994
Q126949680	509173
Q126949681	314508164590001255
Q126949682	333951055140014476
Q126949687	341142670730011551
Q126949688	341142850120011531
Q126949689	343547174020013051
Q126949691	347873579950010255
Q126949692	377702022800002175
Q126949694	4227351218430069239
Q126949697	4258481876380127476
Q126949698	4475277791280045973
Q126949701	4551263163500066672
Q126949704	4696538085010023750
Q126949705	4696550327550034760
Q126949706	4699194243420076551
Q126949707	4699207428790089296
Q126949708	4699212788710123655
Q126949710	4711414043370078153
Q126949711	4715308098990078439
Q126949712	4993047850440070445
Q126949713	4997421740180127958
Q126949714	4997743328950102928
Q126949715	5023917071660139734
Q126949716	5024032576370049735
Q126949717	5024037204200114518
Q126949718	5464269586970104520
Q126949719	5464314163870136045
Q126949720	5464698063170020227
Q126949721	5551196508310136244
Q126949722	5551409153500105285
Q126949723	5580965058800118735
Q126949724	5580969513450116766
Q126949725	5606079345400028636
Q126949726	5719184549410126939
Q126949793	6000000013385763528
Q126949796	6000000007707577575
Q126949861	5464291150540042818
Q1269500	6000000048441903079
Q126950327	498298
Q126950363	3907051
Q126950569	3906960
Q126950668	498295
Q126950669	2767098
Q126950670	4227358655910057067
Q126950671	4436388999010056581
Q126950672	4517219639140021232
Q126950674	4517339066530060982
Q126950675	4517656324290021255
Q126950676	4530846394360050242
Q126950677	4710601351520124633
Q126950678	4710603872360025838
Q126950681	4993168155310127292
Q126950682	5376617354490052897
Q126950683	5464234655840136279
Q126950684	5464274497970102963
Q126950685	5464291107570042812
Q126950686	5603378899220069504
Q126950687	5644618476880083556
Q126950891	6000000176643736828
Q126951065	6000000016363955417
Q126951217	6000000041512855868
Q126951291	6000000116406798082
Q126951421	6000000016363877949
Q126951607	6000000026244713456
Q126951676	6000000037578752176
Q126951707	6000000097113520871
Q126951775	6000000118265393830
Q126951806	6000000041810361629
Q126951885	6000000008650544027
Q126952	6000000015160047151
Q126952224	6000000041810669171
Q126952394	6000000085832560835
Q126952396	6000000002889550598
Q126952397	6000000002889648319
Q126952400	6000000002889150843
Q126952407	6000000006290127117
Q126952409	6000000003243493775
Q126952423	6000000014192627260
Q126952426	6000000014192430898
Q126952433	6000000000875471921
Q126952434	6000000002603651012
Q126952887	6000000151324806146
Q126952889	6000000042516447853
Q126952891	6000000042516205778
Q126952893	6000000002813401007
Q126952911	2267345
Q126952937	6000000024087999871
Q126952938	6000000015232419818
Q126952939	6000000015231957890
Q126952942	6000000002024158262
Q126952953	6000000003939468304
Q126952965	6000000024087993867
Q126952966	6000000003937861550
Q126952981	6000000003937861487
Q126952998	6000000007417788384
Q126953038	6000000016123781347
Q126953267	6000000001854210325
Q126953389	6000000027949459533
Q126953411	6000000027949496147
Q126953430	6000000017205430341
Q126953584	6000000014058921745
Q126953670	6000000025970071150
Q1269539	6000000181929011900
Q126954057	6000000002364411385
Q126954073	6000000000996845759
Q126954074	6000000000996845462
Q126954076	6000000000996845037
Q126954079	6000000016898768620
Q126954083	6000000000652030024
Q126954085	6000000009635584883
Q126954088	6000000005176808002
Q126954106	6000000202983101839
Q126954111	6000000088501709607
Q126954117	6000000008369954051
Q126954123	6000000004016842055
Q126954138	6000000004016900001
Q126954139	6000000002134596379
Q126954144	6000000017762449336
Q126954145	6000000003940110480
Q126954146	6000000000250578280
Q126954150	6000000003940098503
Q126954164	6000000028870530291
Q126954165	6000000174162074981
Q126954177	6000000001531536279
Q126954187	6000000021605947068
Q126954217	6000000000589460816
Q126954222	6000000003941320099
Q126954224	6000000008260555904
Q126954234	6000000002447154743
Q126954239	6000000002860936347
Q126954240	6000000003941320059
Q126954243	6000000000589460627
Q126954245	6000000003914200513
Q126954251	6000000042471695031
Q126954253	6000000042471190032
Q126954667	6000000036341628831
Q126954877	6000000017681414125
Q126954883	6000000012943110589
Q126954891	6000000018859769050
Q126954915	6000000016128737159
Q126954922	6000000056430391926
Q126954924	6000000002625377698
Q126954973	6000000057330126038
Q126954997	6000000005436666930
Q1269550	6000000012489458431
Q126955001	6000000000742084199
Q126955004	6000000003266383137
Q126955061	6000000148747087435
Q126955073	324724699960001613
Q126955081	6000000148749563926
Q126955089	382012297780012292
Q126955101	382005557530004208
Q126955104	6000000148747087495
Q126955105	6000000145953989833
Q126955106	3190331
Q126955107	6000000002677712835
Q126955108	6000000003846992481
Q126955110	6000000016737034816
Q126955113	6000000004009655001
Q126955114	6000000004009636120
Q126955118	6000000026205321486
Q126955123	6000000089373194086
Q126955126	6000000024050919280
Q126955131	3190312
Q126955175	6000000030956473659
Q126955305	315351424640003219
Q126955306	336755900680004857
Q126955307	342835520090011118
Q126955308	362307916620010419
Q126955309	4439895164830045400
Q126955310	4439933970980129282
Q126955311	4517183142830020318
Q126955312	4626771009540019523
Q126955313	4626772379340019525
Q126955314	4699212801390012657
Q126955315	4699380108200089940
Q126955316	4699389984660034161
Q126955317	4710610472050078263
Q126955318	4837601302720060710
Q126955319	4992878365610134403
Q126955320	4993042728690043970
Q126955321	4998778627410021463
Q126955322	5070599863070115589
Q126955323	5070630624670103300
Q126955324	5165190699780074469
Q126955325	5258007073380119535
Q126955326	5464348413000070015
Q126955437	6000000008650549151
Q126955977	6000000206961632837
Q126956019	6000000012342298854
Q126956174	6000000017972655545
Q126956182	6000000016373615312
Q126956237	6000000016373419911
Q126956267	6000000017288809610
Q126956362	6000000016373487929
Q126956380	6000000191307281860
Q126956418	6000000012360521423
Q126956423	6000000012360346662
Q126957260	6000000026729595123
Q126957327	6000000029764302942
Q126957714	6000000196702768844
Q126957816	6000000066636115884
Q126958	6000000014214354538
Q126959072	6000000039801398431
Q126959073	6000000039801670274
Q126959074	6000000039801913903
Q126959075	6000000039801483440
Q126959132	6000000081571021961
Q126959250	6000000039801951405
Q126959270	6000000077871566754
Q126959277	6000000077871375543
Q126959349	6000000018008608352
Q126959394	6000000042210995695
Q126959395	6000000042213087078
Q126959396	6000000042213140962
Q126959426	6000000014764273313
Q126959430	6000000042211263519
Q126959574	6000000081594534324
Q126959679	6000000014764189870
Q126959680	6000000014764071777
Q126959682	6000000014764283185
Q126960116	6000000087861301831
Q126960148	6000000002898063096
Q126960283	6000000004079563545
Q126960489	6000000016172470467
Q126960556	6000000016172543383
Q126960578	6000000016171664968
Q126960620	6000000115021932844
Q126960637	6000000115021827826
Q126960694	6000000000293447358
Q126960695	6000000002737769367
Q126960697	6000000174456317821
Q126960698	6000000004349436543
Q126960754	6000000014950517834
Q126960806	6000000014950569293
Q126960857	6000000014950655081
Q126960914	6000000177274428828
Q126960921	6000000115019371128
Q126960925	6000000115016859432
Q126960932	6000000115020875880
Q126960998	6000000007281859003
Q126961011	6000000007282238353
Q126961099	6000000177293933866
Q126961156	6000000036560514917
Q126962316	6000000103864787929
Q126962397	6000000005415522320
Q126962671	6000000043205181511
Q126962672	6000000078043602857
Q126962673	6000000024728885955
Q126962674	6000000000954632135
Q126962675	6000000016539681859
Q126962676	6000000001212795571
Q126962687	6000000001586480799
Q126962706	6000000078043168249
Q126962713	6000000194913513822
Q126962715	6000000035587680460
Q126962716	6000000000334431599
Q126962718	6000000008925142525
Q126962721	6000000000334422840
Q126962739	6000000083262970899
Q126962759	6000000082780226843
Q126962759	6000000153707053841
Q126962819	6000000000387348612
Q126962823	6000000081381410727
Q126962865	6000000000387348788
Q126962870	6000000027873394383
Q126962893	6000000013693690297
Q126962894	6000000006444411802
Q126962899	6000000050494706849
Q126962901	6000000013694727476
Q126962902	6000000009850111708
Q126962902	6000000013698431165
Q126962903	6000000013698410136
Q126962903	6000000019242746764
Q126962912	6000000003942570166
Q126962914	6000000009850567593
Q126962918	6000000008310385713
Q126963146	6000000016569457612
Q126963187	6000000058144076105
Q126963253	6000000016172815604
Q126963258	6000000016271343323
Q126963289	6000000190945129877
Q126964222	6000000000036915403
Q126964224	6000000000121417416
Q126964226	6000000000211441715
Q126964227	6000000000569240254
Q126964230	6000000001721793171
Q126964231	6000000002300415560
Q126964233	6000000002300415602
Q126964234	6000000002300420253
Q126964235	6000000002300420260
Q126964236	6000000002300420267
Q126964237	6000000002300420274
Q126964238	6000000002300423053
Q126964239	6000000002757755048
Q126964240	6000000002986387401
Q126964241	6000000003002225207
Q126964242	6000000003071620734
Q126964243	6000000003216071718
Q126964244	6000000003645022920
Q126964246	6000000003645102491
Q126964247	6000000003645148374
Q126964248	6000000004399522436
Q126964249	6000000004399567709
Q126964250	6000000004399615945
Q126964251	6000000004642165962
Q126964252	6000000004642397329
Q126964254	6000000004642425268
Q126964255	6000000004661369082
Q126964256	6000000004674486434
Q126964257	6000000004880513135
Q126964261	6000000006203350285
Q126964262	6000000006299108554
Q126964264	6000000006317085012
Q126964265	6000000006419801953
Q126964266	6000000006419854985
Q126964267	6000000006420316029
Q126964268	6000000006420604053
Q126964269	6000000006828445830
Q126964270	6000000006998787499
Q126964271	6000000006998910719
Q126964272	6000000007102782713
Q126964273	6000000007121595771
Q126964274	6000000007126235220
Q126964275	6000000007175702509
Q126964276	6000000007296801264
Q126964277	6000000007296825907
Q126964279	6000000007300734295
Q126964281	6000000007376426514
Q126964282	6000000007479440281
Q126964283	6000000007482715502
Q126964284	6000000007496605804
Q126964285	6000000007549377424
Q126964286	6000000007575134922
Q126964287	6000000007660052396
Q126964288	6000000007921325354
Q126964289	6000000007921332573
Q126964290	6000000008135342185
Q126964291	6000000008175586762
Q126964292	6000000008235461712
Q126964293	6000000008320340189
Q126964294	6000000008329251879
Q126964295	6000000008337895495
Q126964296	6000000008337989796
Q126964297	6000000008615614350
Q126964300	6000000008754487833
Q126964301	6000000008797105553
Q126964303	6000000008923568364
Q126964304	6000000008951304095
Q126964305	6000000008960638493
Q126964306	6000000008968672454
Q126964307	6000000009119535246
Q126964308	6000000009237734714
Q126964309	6000000009539699876
Q126964310	6000000009686083670
Q126964311	6000000009772766310
Q126964312	6000000009875609397
Q126964314	6000000009887157572
Q126964315	6000000009943900119
Q126964317	6000000010020028325
Q126964318	6000000010045607355
Q126964319	6000000010101905712
Q126964320	6000000010218084622
Q126964321	6000000010230490022
Q126964324	6000000010370820926
Q126964325	6000000010442901093
Q126964326	6000000010463892145
Q126964328	6000000010540906799
Q126964330	6000000010600731138
Q126964331	6000000010672959802
Q126964332	6000000010693012446
Q126964333	6000000010953103178
Q126964336	6000000011006386675
Q126964337	6000000011055677729
Q126964338	6000000011186681877
Q126964339	6000000011220027213
Q126964340	6000000011399477941
Q126964341	6000000011400367089
Q126964342	6000000011400519320
Q126964343	6000000011431692522
Q126964344	6000000011447263243
Q126964345	6000000011488865301
Q126964346	6000000011492849870
Q126964347	6000000011513459569
Q126964348	6000000011569767585
Q126964349	6000000011569851624
Q126964350	6000000011767816084
Q126964352	6000000011819863746
Q126964353	6000000011845957497
Q126964355	6000000011852979103
Q126964356	6000000011853660234
Q126964357	6000000011853689267
Q126964360	6000000012010657282
Q126964361	6000000012063665709
Q126964362	6000000012121194414
Q126964364	6000000012225584505
Q126964365	6000000012228893916
Q126964366	6000000012453011856
Q126964367	6000000012504617640
Q126964368	6000000012509301843
Q126964369	6000000012547596476
Q126964371	6000000012579422129
Q126964373	6000000012606937310
Q126964374	6000000012655012251
Q126964375	6000000012655187211
Q126964376	6000000012667754872
Q126964377	6000000012667952059
Q126964378	6000000012668003559
Q126964379	6000000012668014491
Q126964380	6000000012668080399
Q126964381	6000000012720846704
Q126964382	6000000012761171257
Q126964383	6000000012974961066
Q126964384	6000000012984695088
Q126964385	6000000013086909513
Q126964393	6000000013391791281
Q126964394	6000000013398400939
Q126964395	6000000013579411876
Q126964396	6000000013718062259
Q126964397	6000000013727581888
Q126964398	6000000013728177026
Q126964399	6000000014408485784
Q126964400	6000000014609617153
Q126964401	6000000014684871876
Q126964402	6000000014754315373
Q126964403	6000000014754530665
Q126964404	6000000015361232298
Q126964405	6000000015383338393
Q126964406	6000000015386971574
Q126964407	6000000015401771989
Q126964408	6000000015411326704
Q126964409	6000000015411534761
Q126964410	6000000015411814004
Q126964411	6000000015465434009
Q126964412	6000000015645433876
Q126964414	6000000015669476846
Q126964416	6000000015671122447
Q126964419	6000000015751017458
Q126964420	6000000015877481101
Q126964421	6000000015934156855
Q126964422	6000000015975763211
Q126964423	6000000015991409141
Q126964424	6000000016019396586
Q126964425	6000000016043264896
Q126964427	6000000016067619065
Q126964428	6000000016068585164
Q126964430	6000000016118310048
Q126964431	6000000011489067545
Q126964431	6000000016123001808
Q126964432	6000000016142370027
Q126964435	6000000016309199276
Q126964436	6000000016309625030
Q126964437	6000000016314486038
Q126964438	6000000016316395742
Q126964439	6000000016316592022
Q126964440	6000000016335623526
Q126964441	6000000016335722295
Q126964443	6000000016555946550
Q126964444	6000000016664771174
Q126964445	6000000016669609816
Q126964446	6000000016717378744
Q126964447	6000000016757122422
Q126964450	6000000016973884224
Q126964451	6000000016989861454
Q126964452	6000000017017474502
Q126964454	6000000017073464006
Q126964457	6000000017395617828
Q126964458	6000000017401284008
Q126964459	6000000017402858041
Q126964460	6000000017469143831
Q126964462	6000000017483255847
Q126964463	6000000017483444152
Q126964464	6000000017483850359
Q126964467	6000000017718864475
Q126964468	6000000017739075202
Q126964469	6000000017767398689
Q126964470	6000000017767533085
Q126964472	6000000017825620039
Q126964474	6000000017892429606
Q126964478	6000000017924661612
Q126964480	6000000017945332047
Q126964481	6000000017967825712
Q126964482	6000000017984953068
Q126964483	6000000017998051141
Q126964484	6000000018002056756
Q126964485	6000000018002550185
Q126964486	6000000018044862285
Q126964487	6000000018064730182
Q126964488	6000000018066991578
Q126964489	6000000018076252849
Q126964490	6000000018076411231
Q126964491	6000000018079228781
Q126964492	6000000018086877078
Q126964493	6000000018088592836
Q126964494	6000000018112927241
Q126964495	6000000018127219197
Q126964496	6000000018202672385
Q126964497	6000000018203198376
Q126964498	6000000018206208413
Q126964501	6000000018242898825
Q126964502	6000000018243012343
Q126964503	6000000018244658521
Q126964504	6000000018248609126
Q126964506	6000000018270009821
Q126964507	6000000018271476237
Q126964508	6000000018287068760
Q126964509	6000000018308357116
Q126964511	6000000018400308263
Q126964512	6000000018405937084
Q126964513	6000000018429936539
Q126964514	6000000018431305259
Q126964516	6000000018459256625
Q126964517	6000000018461237977
Q126964519	6000000018464912245
Q126964520	6000000018483982937
Q126964522	6000000018514871941
Q126964524	6000000018515290228
Q126964526	6000000018593783785
Q126964528	6000000018821773241
Q126964529	6000000018833583523
Q126964530	6000000018897255001
Q126964531	6000000018924375097
Q126964532	6000000018942471880
Q126964534	6000000019010678036
Q126964535	6000000019024420195
Q126964536	6000000019045322640
Q126964538	6000000019212364747
Q126964541	6000000019354217492
Q126964542	6000000019440861271
Q126964544	6000000019692179897
Q126964545	6000000019883297068
Q126964546	6000000019985149842
Q126964547	6000000019993953267
Q126964548	6000000020209682466
Q126964549	6000000020329780551
Q126964550	6000000020349862376
Q126964551	6000000020349881480
Q126964552	6000000020386356188
Q126964554	6000000020433821632
Q126964555	6000000020434494987
Q126964556	6000000020457408698
Q126964557	6000000020466581008
Q126964558	6000000020467381394
Q126964559	6000000020503469269
Q126964560	6000000020514971305
Q126964561	6000000020517352125
Q126964563	6000000020531180591
Q126964564	6000000020587361313
Q126964565	6000000020587527147
Q126964567	6000000020587655327
Q126964570	6000000020626271746
Q126964573	6000000021268993827
Q126964574	6000000021274341238
Q126964575	6000000021276103099
Q126964576	6000000021276210928
Q126964577	6000000021276308843
Q126964578	6000000021390646378
Q126964579	6000000021489833799
Q126964580	6000000021546105603
Q126964581	6000000021660457833
Q126964582	6000000021662477559
Q126964584	6000000021700762018
Q126964585	6000000021840914248
Q126964587	6000000021862084224
Q126964588	6000000022089401562
Q126964589	6000000022100484785
Q126964590	6000000022100792884
Q126964591	6000000022101106006
Q126964592	6000000022115247613
Q126964594	6000000022145070070
Q126964595	6000000022150050583
Q126964596	6000000022150333464
Q126964597	6000000022187508651
Q126964599	6000000022189912186
Q126964600	6000000022192114548
Q126964601	6000000022217221705
Q126964602	6000000022248782003
Q126964605	6000000022320133588
Q126964606	6000000022320711085
Q126964607	6000000022674682439
Q126964609	6000000022950775128
Q126964610	6000000023032981623
Q126964611	6000000023048573550
Q126964612	6000000023059198938
Q126964613	6000000023107377116
Q126964614	6000000023146059103
Q126964615	6000000023148581280
Q126964616	6000000023148984999
Q126964617	6000000023149027916
Q126964618	6000000023178926000
Q126964619	6000000023189221091
Q126964620	6000000023249714975
Q126964621	6000000023250358298
Q126964622	6000000023306226486
Q126964623	6000000023338635436
Q126964624	6000000023361382983
Q126964626	6000000023402544068
Q126964627	6000000023403192890
Q126964629	6000000023403332992
Q126964630	6000000023403460678
Q126964631	6000000023430429889
Q126964632	6000000023474959288
Q126964633	6000000023524581033
Q126964635	6000000023525953059
Q126964637	6000000023753606383
Q126964638	6000000023852698838
Q126964639	6000000023927684804
Q126964640	6000000023952625192
Q126964641	6000000023967521142
Q126964642	6000000023967874164
Q126964643	6000000023970890070
Q126964644	6000000023970891498
Q126964645	6000000023979114134
Q126964646	6000000023981547790
Q126964648	6000000024117723701
Q126964649	6000000024120443628
Q126964650	6000000024142717588
Q126964651	6000000024168487458
Q126964652	6000000024173255052
Q126964653	6000000024182541692
Q126964654	6000000024219115948
Q126964655	6000000024234169269
Q126964657	6000000024234264278
Q126964658	6000000024234615009
Q126964659	6000000024247115205
Q126964660	6000000024247549856
Q126964661	6000000024259053933
Q126964662	6000000024261361234
Q126964663	6000000024277987970
Q126964664	6000000024285128736
Q126964665	6000000024289858885
Q126964666	6000000024290303385
Q126964667	6000000024290680056
Q126964668	6000000024290837867
Q126964669	6000000024401272465
Q126964670	6000000024414675493
Q126964672	6000000024479394391
Q126964673	6000000024505136257
Q126964674	6000000024515707498
Q126964675	6000000024639068346
Q126964676	6000000024639333210
Q126964677	6000000024639708077
Q126964679	6000000024749634246
Q126964680	6000000024773969384
Q126964681	6000000024830592079
Q126964682	6000000024831590091
Q126964683	6000000024903552576
Q126964684	6000000024958201511
Q126964685	6000000024960536825
Q126964686	6000000025023876586
Q126964688	6000000025051848859
Q126964689	6000000025084769289
Q126964691	6000000025243423376
Q126964692	6000000025297057410
Q126964693	6000000025308468842
Q126964694	6000000025359658839
Q126964695	6000000025413821644
Q126964696	6000000025414126863
Q126964698	6000000025753980832
Q126964699	6000000025793766192
Q126964700	6000000025804083191
Q126964701	6000000025810482982
Q126964702	6000000025857301699
Q126964703	6000000025861457085
Q126964704	6000000025862250691
Q126964705	6000000025862718919
Q126964706	6000000025876575502
Q126964707	6000000025876601300
Q126964708	6000000025890941289
Q126964709	6000000025941704609
Q126964710	6000000025955022937
Q126964711	6000000025984007614
Q126964712	6000000025989679045
Q126964713	6000000025989891339
Q126964714	6000000025991004075
Q126964715	6000000025995681262
Q126964716	6000000025996118393
Q126964717	6000000026024239218
Q126964718	6000000026036728110
Q126964720	6000000026039528974
Q126964721	6000000026066017665
Q126964722	6000000026076598190
Q126964723	6000000026089740254
Q126964724	6000000026186931697
Q126964725	6000000026269203546
Q126964726	6000000026308923725
Q126964727	6000000026323022483
Q126964728	6000000026323719992
Q126964729	6000000026323764843
Q126964730	6000000026533688284
Q126964732	6000000026586696482
Q126964734	6000000026746427750
Q126964735	6000000026746504813
Q126964736	6000000026794884047
Q126964737	6000000026824904283
Q126964738	6000000026932501710
Q126964739	6000000026945680382
Q126964741	6000000026958397675
Q126964742	6000000026958643573
Q126964743	6000000026959040185
Q126964744	6000000027103367229
Q126964746	6000000027151392386
Q126964747	6000000027242283596
Q126964751	6000000027403761503
Q126964752	6000000027503217385
Q126964754	6000000027629737301
Q126964755	6000000027629745988
Q126964757	6000000027685805588
Q126964758	6000000027861450311
Q126964759	6000000027861716892
Q126964760	6000000027940741108
Q126964761	6000000028092152998
Q126964762	6000000028101551345
Q126964763	6000000028292666700
Q126964764	6000000028295229794
Q126964766	6000000028298271287
Q126964767	6000000028298382583
Q126964768	6000000028380039820
Q126964769	6000000028380162656
Q126964770	6000000028380308443
Q126964771	6000000028380728152
Q126964772	6000000028381706386
Q126964773	6000000028499751812
Q126964774	6000000028500614047
Q126964775	6000000028514378163
Q126964776	6000000028522888544
Q126964777	6000000028540889593
Q126964778	6000000028674905655
Q126964779	6000000028749470976
Q126964780	6000000028757859319
Q126964781	6000000028868515195
Q126964782	6000000028954364827
Q126964783	6000000029010935979
Q126964784	6000000029014874283
Q126964785	6000000029022375695
Q126964787	6000000029033944528
Q126964788	6000000029051675028
Q126964789	6000000029055165162
Q126964790	6000000029072291114
Q126964791	6000000029086462979
Q126964792	6000000029118443994
Q126964793	6000000029131388826
Q126964794	6000000029138885149
Q126964795	6000000029361475654
Q126964796	6000000029477585797
Q126964797	6000000029570939050
Q126964798	6000000029646270503
Q126964799	6000000029654790339
Q126964800	6000000029697619247
Q126964801	6000000029697701941
Q126964802	6000000029756643566
Q126964803	6000000029839741817
Q126964804	6000000029867482646
Q126964805	6000000030020588786
Q126964807	6000000030020753189
Q126964808	6000000030047458200
Q126964809	6000000030164817718
Q126964812	6000000030253095954
Q126964813	6000000030253134918
Q126964814	6000000030386768554
Q126964815	6000000030427754260
Q126964817	6000000030584208165
Q126964818	6000000030620244031
Q126964819	6000000030620454948
Q126964820	6000000030620598877
Q126964821	6000000030751863558
Q126964822	6000000030789866135
Q126964823	6000000030789979266
Q126964824	6000000030805094566
Q126964825	6000000030811104018
Q126964826	6000000030820769097
Q126964827	6000000031023263979
Q126964828	6000000031026932859
Q126964830	6000000031027663047
Q126964831	6000000031047224306
Q126964832	6000000031181779388
Q126964833	6000000031200913450
Q126964834	6000000031201597205
Q126964835	6000000031239690729
Q126964836	6000000031333169349
Q126964837	6000000031367647082
Q126964838	6000000031455384966
Q126964839	6000000031622100997
Q126964842	6000000032147929174
Q126964843	6000000032692538732
Q126964844	6000000032751812919
Q126964845	6000000032819068992
Q126964846	6000000032951225234
Q126964847	6000000033047385156
Q126964849	6000000033286869360
Q126964850	6000000033287916828
Q126964851	6000000033301395389
Q126964852	6000000033346958605
Q126964853	6000000033347266993
Q126964854	6000000033348349240
Q126964856	6000000033426566583
Q126964858	6000000033476434624
Q126964859	6000000033499120932
Q126964861	6000000033513400265
Q126964862	6000000033765050492
Q126964863	6000000033878306204
Q126964864	6000000034155280045
Q126964865	6000000034361366240
Q126964866	6000000034364491864
Q126964867	6000000034398966485
Q126964868	6000000034442915221
Q126964869	6000000034451445337
Q126964870	6000000034474951634
Q126964871	6000000034498256505
Q126964872	6000000034499206939
Q126964873	6000000034514307101
Q126964874	6000000034536484643
Q126964875	6000000034566347620
Q126964876	6000000034566888868
Q126964877	6000000034579331844
Q126964878	6000000034814878508
Q126964879	6000000034815293161
Q126964880	6000000034841134947
Q126964881	6000000034888421378
Q126964882	6000000034956133793
Q126964883	6000000034958084224
Q126964884	6000000035025838093
Q126964885	6000000035063524903
Q126964886	6000000035157166066
Q126964887	6000000035157813315
Q126964888	6000000035183599308
Q126964889	6000000035183763159
Q126964892	6000000035364833311
Q126964894	6000000035371105386
Q126964895	6000000035374653400
Q126964897	6000000035817041513
Q126964898	6000000035920867830
Q126964899	6000000035992778110
Q126964900	6000000036085750750
Q126964901	6000000036153312013
Q126964902	6000000036154450029
Q126964903	6000000036158003296
Q126964904	6000000036158182859
Q126964906	6000000036170300164
Q126964907	6000000036317350792
Q126964909	6000000036317888615
Q126964910	6000000036318274254
Q126964911	6000000036318743885
Q126964912	6000000036425552644
Q126964913	6000000036497880248
Q126964914	6000000036498699678
Q126964916	6000000036500785147
Q126964917	6000000036565230379
Q126964918	6000000036573180842
Q126964919	6000000036621485843
Q126964920	6000000036711746618
Q126964921	6000000036743412653
Q126964922	6000000036744273406
Q126964923	6000000036765207301
Q126964924	6000000036769948197
Q126964925	6000000036836944917
Q126964926	6000000036836981908
Q126964927	6000000037084396535
Q126964928	6000000037170982539
Q126964929	6000000037172411970
Q126964931	6000000037395038387
Q126964932	6000000037514866078
Q126964933	6000000037554175833
Q126964934	6000000037557281044
Q126964935	6000000037562641157
Q126964936	6000000037562693923
Q126964938	6000000037562766186
Q126964939	6000000037562973031
Q126964940	6000000037579239862
Q126964942	6000000037622085033
Q126964943	6000000037627158847
Q126964945	6000000037650268504
Q126964946	6000000037687795873
Q126964947	6000000037719323644
Q126964948	6000000037719786473
Q126964949	6000000037720076006
Q126964950	6000000037720285079
Q126964951	6000000037720341821
Q126964952	6000000037832470100
Q126964953	6000000037857757103
Q126964954	6000000037908705716
Q126964955	6000000037993173423
Q126964957	6000000038067746373
Q126964958	6000000038171167970
Q126964960	6000000038496439618
Q126964961	6000000038496552592
Q126964962	6000000038496809181
Q126964963	6000000038548207567
Q126964964	6000000038606562900
Q126964965	6000000038765255744
Q126964966	6000000038914450885
Q126964967	6000000038916334335
Q126964968	6000000038941156128
Q126964969	6000000038946783890
Q126964970	6000000038947170963
Q126964971	6000000039155129760
Q126964972	6000000039157978403
Q126964973	6000000039359099931
Q126964974	6000000039376629217
Q126964975	6000000039423858912
Q126964976	6000000039474954109
Q126964977	6000000039478989020
Q126964979	6000000039720428847
Q126964980	6000000039751508800
Q126964981	6000000039754208848
Q126964982	6000000039765697148
Q126964983	6000000039793492339
Q126964984	6000000039823109872
Q126964985	6000000039971633954
Q126964986	6000000039971883966
Q126964988	6000000040170280195
Q126964989	6000000040360349894
Q126964990	6000000040360398016
Q126964991	6000000040366540330
Q126964992	6000000040395019199
Q126964993	6000000040544355469
Q126964994	6000000040656232216
Q126964995	6000000040726600040
Q126964996	6000000041055471492
Q126964997	6000000041099021632
Q126964999	6000000041255914010
Q126965000	6000000041328994117
Q126965001	6000000041389104529
Q126965002	6000000041404956947
Q126965003	6000000041424154783
Q126965004	6000000041428161134
Q126965005	6000000041428299945
Q126965006	6000000041428574651
Q126965007	6000000041445372929
Q126965008	6000000041446092346
Q126965009	6000000041494627468
Q126965010	6000000041575327112
Q126965011	6000000041582080959
Q126965012	6000000041684725646
Q126965013	6000000041740089198
Q126965014	6000000042125620631
Q126965015	6000000042179280838
Q126965017	6000000042311685268
Q126965019	6000000042511465213
Q126965020	6000000042512308840
Q126965022	6000000042594984922
Q126965023	6000000042740749176
Q126965024	6000000043053306968
Q126965025	6000000033000008900
Q126965025	6000000043156444182
Q126965027	6000000043180918866
Q126965029	6000000043186924914
Q126965030	6000000043187618913
Q126965031	6000000043187627868
Q126965032	6000000043199298071
Q126965033	6000000043199398913
Q126965034	6000000043307504396
Q126965035	6000000043308173829
Q126965036	6000000043405597853
Q126965037	6000000043547263079
Q126965038	6000000043553089100
Q126965040	6000000043955975183
Q126965041	6000000044061591189
Q126965042	6000000044061679166
Q126965043	6000000044062035181
Q126965045	6000000044098431036
Q126965046	6000000044535215846
Q126965047	6000000046034503993
Q126965048	6000000046057589021
Q126965049	6000000046411177826
Q126965050	6000000046703973891
Q126965052	6000000047407768835
Q126965053	6000000047514834856
Q126965054	6000000047538552889
Q126965055	6000000047616061009
Q126965056	6000000047616773898
Q126965057	6000000047673883907
Q126965058	6000000047833851868
Q126965060	6000000047872376944
Q126965061	6000000048193503963
Q126965062	6000000048631328024
Q126965063	6000000048634349998
Q126965064	6000000048649333842
Q126965065	6000000048807875533
Q126965066	6000000048874525850
Q126965067	6000000048874854834
Q126965068	6000000048969331839
Q126965069	6000000049134451241
Q126965070	6000000049233500853
Q126965071	6000000049700464209
Q126965072	6000000049700926849
Q126965073	6000000049845953557
Q126965076	6000000049919207406
Q126965077	6000000049919208518
Q126965078	6000000049920671425
Q126965079	6000000049920849909
Q126965080	6000000049972147930
Q126965081	6000000050343729866
Q126965083	6000000050548601072
Q126965084	6000000051263086204
Q126965085	6000000051263486170
Q126965087	6000000051758610841
Q126965088	6000000051827410855
Q126965089	6000000052099990997
Q126965090	6000000052243803298
Q126965091	6000000052593964957
Q126965092	6000000052752871032
Q126965093	6000000052865777916
Q126965094	6000000053306742963
Q126965095	6000000053357372961
Q126965096	6000000053384100821
Q126965097	6000000053384862858
Q126965098	6000000053436925874
Q126965099	6000000053437883427
Q126965100	6000000053441908829
Q126965101	6000000053443361823
Q126965104	6000000053543277047
Q126965105	6000000053543277104
Q126965106	6000000053766151902
Q126965107	6000000053786563222
Q126965108	6000000054079623916
Q126965109	6000000054227783821
Q126965110	6000000054249481066
Q126965111	6000000054298102972
Q126965112	6000000054746960200
Q126965113	6000000054959280178
Q126965114	6000000055462232977
Q126965115	6000000055584414085
Q126965118	6000000055716329882
Q126965119	6000000055717036046
Q126965120	6000000055747237016
Q126965121	6000000055747424918
Q126965122	6000000055747732829
Q126965123	6000000056152960866
Q126965124	6000000056234016944
Q126965125	6000000058446442829
Q126965126	6000000058549293042
Q126965127	6000000059515737146
Q126965128	6000000059647876212
Q126965129	6000000060145520050
Q126965130	6000000060806712882
Q126965131	6000000061208985229
Q126965132	6000000061743413926
Q126965133	6000000061817485115
Q126965134	6000000062266865956
Q126965135	6000000062618434869
Q126965136	6000000062618600287
Q126965137	6000000062618867829
Q126965138	6000000062817546889
Q126965139	6000000063163007911
Q126965140	6000000063332775173
Q126965141	6000000063933591821
Q126965142	6000000064842810020
Q126965143	6000000064849013833
Q126965144	6000000065105671093
Q126965145	6000000066279664917
Q126965146	6000000066641498949
Q126965147	6000000068555857900
Q126965148	6000000068867997014
Q126965150	6000000069435326955
Q126965151	6000000069489393922
Q126965152	6000000069587669956
Q126965153	6000000069627329885
Q126965156	6000000069950422190
Q126965157	6000000069967284891
Q126965158	6000000069985870026
Q126965159	6000000070163790101
Q126965160	6000000070178459876
Q126965161	6000000070181414036
Q126965162	6000000070184017906
Q126965163	6000000070196302218
Q126965164	6000000070196591842
Q126965165	6000000070319433088
Q126965166	6000000070720279310
Q126965167	6000000072401517273
Q126965168	6000000073020782830
Q126965169	6000000073496323975
Q126965170	6000000074572835180
Q126965171	6000000074588875155
Q126965172	6000000074701450098
Q126965173	6000000075652791843
Q126965174	6000000075728195825
Q126965175	6000000075735318822
Q126965176	6000000076489320098
Q126965177	6000000076618526821
Q126965178	6000000076699488431
Q126965179	6000000076775201157
Q126965180	6000000076775444245
Q126965181	6000000076844609662
Q126965183	6000000076928317106
Q126965184	6000000076965615371
Q126965185	6000000077076362191
Q126965186	6000000077231711983
Q126965187	6000000077371001948
Q126965188	6000000077401750135
Q126965189	6000000077401897127
Q126965190	6000000077403080839
Q126965191	6000000077403083907
Q126965192	6000000077405395489
Q126965193	6000000077408887183
Q126965194	6000000077438034617
Q126965195	6000000077851110853
Q126965196	6000000077868190964
Q126965199	6000000078144119132
Q126965200	6000000079210672854
Q126965201	6000000079324055877
Q126965203	6000000079559092056
Q126965204	6000000080348432285
Q126965205	6000000080430104014
Q126965206	6000000080701029839
Q126965207	6000000081035066100
Q126965208	6000000081047747920
Q126965209	6000000081064977174
Q126965210	6000000081134756839
Q126965211	6000000081276041424
Q126965212	6000000081276537827
Q126965213	6000000081379663325
Q126965214	6000000081524768191
Q126965215	6000000081550371885
Q126965216	6000000081605733085
Q126965217	6000000081868239953
Q126965218	6000000081979168850
Q126965219	6000000081995365033
Q126965220	6000000082015897877
Q126965221	6000000082752201371
Q126965222	6000000082816901233
Q126965223	6000000082817926879
Q126965224	6000000083047406256
Q126965226	6000000083047565046
Q126965228	6000000083048169336
Q126965229	6000000083048415165
Q126965230	6000000083048655923
Q126965231	6000000083167885843
Q126965232	6000000083256631293
Q126965233	6000000083265242946
Q126965234	6000000083700275921
Q126965235	6000000083700722994
Q126965236	6000000083704723150
Q126965237	6000000083787691898
Q126965239	6000000083932955125
Q126965240	6000000084156579254
Q126965241	6000000084233574999
Q126965242	6000000084647121255
Q126965243	6000000084647636316
Q126965244	6000000084689165821
Q126965246	6000000084718165880
Q126965247	6000000085330477988
Q126965248	6000000085355291936
Q126965249	6000000085355595840
Q126965250	6000000085830776038
Q126965251	6000000085844037889
Q126965253	6000000085916807105
Q126965254	6000000085921247821
Q126965256	6000000086309761841
Q126965257	6000000086642289829
Q126965258	6000000086791954971
Q126965259	6000000086814202826
Q126965260	6000000087039944060
Q126965261	6000000087612987143
Q126965262	6000000088385625855
Q126965263	6000000089788759973
Q126965264	6000000090076561942
Q126965265	6000000090141045922
Q126965266	6000000090209733137
Q126965268	6000000090401096960
Q126965269	6000000090685245123
Q126965270	6000000090863934882
Q126965271	6000000091001623852
Q126965272	6000000091236908821
Q126965273	6000000091239923164
Q126965274	6000000091341923463
Q126965275	6000000091342618175
Q126965276	6000000091343070970
Q126965277	6000000091345805889
Q126965278	6000000091534883927
Q126965279	6000000091676937851
Q126965280	6000000092326205845
Q126965281	6000000092327032005
Q126965282	6000000093188039996
Q126965283	6000000093188320934
Q126965285	6000000093188429875
Q126965286	6000000093525958898
Q126965287	6000000094631804821
Q126965288	6000000095920650016
Q126965289	6000000096549538143
Q126965290	6000000096551204896
Q126965291	6000000096579461852
Q126965292	6000000098099035924
Q126965294	6000000099574888053
Q126965295	6000000099575712942
Q126965296	6000000100726227848
Q126965298	6000000104879982290
Q126965299	6000000105704670239
Q126965300	6000000105706325987
Q126965301	6000000105707529842
Q126965302	6000000105707568914
Q126965303	6000000105707635831
Q126965304	6000000106729580821
Q126965305	6000000108276496474
Q126965306	6000000109721908023
Q126965307	6000000109730194832
Q126965308	6000000109766494091
Q126965309	6000000109766812936
Q126965310	6000000110072195868
Q126965311	6000000112425354943
Q126965312	6000000114031545928
Q126965314	6000000114459127912
Q126965317	6000000115686627858
Q126965318	6000000119527621189
Q126965319	6000000120366268894
Q126965320	6000000120366526943
Q126965321	6000000123440888826
Q126965323	6000000124626520828
Q126965324	6000000125047573048
Q126965325	6000000127729571843
Q126965326	6000000128585372008
Q126965327	6000000128586269970
Q126965328	6000000128595299860
Q126965329	6000000130311259964
Q126965330	6000000131916139976
Q126965331	6000000134819583888
Q126965332	6000000135503074821
Q126965333	6000000136741864826
Q126965335	6000000138740690916
Q126965336	6000000139529688837
Q126965337	6000000139529978821
Q126965338	6000000141152157888
Q126965339	6000000141523924821
Q126965340	6000000143790870821
Q126965341	6000000144411729859
Q126965342	6000000144865421040
Q126965343	6000000144874402833
Q126965344	6000000144875531825
Q126965345	6000000145045313834
Q126965346	6000000146221904020
Q126965347	6000000146225633952
Q126965349	6000000149465192821
Q126965350	6000000149655467835
Q126965351	6000000154767280900
Q126965352	6000000157276767836
Q126965353	6000000157506903924
Q126965354	6000000157540853913
Q126965355	6000000158859593821
Q126965356	6000000166656808853
Q126965357	6000000166798302821
Q126965358	6000000166803035871
Q126965359	6000000167317719466
Q126965360	6000000167318695957
Q126965361	6000000167319134886
Q126965362	6000000167819021880
Q126965364	6000000170294885847
Q126965365	6000000170308089826
Q126965366	6000000171620466821
Q126965367	6000000171678175018
Q126965368	6000000171812713678
Q126965369	6000000171985147162
Q126965370	6000000172278284682
Q126965371	6000000172301386562
Q126965372	6000000172576773864
Q126965373	6000000173182742833
Q126965374	6000000173386993243
Q126965375	6000000173662546856
Q126965376	6000000173707758854
Q126965377	6000000173821102417
Q126965378	6000000174164024149
Q126965379	6000000174168404410
Q126965380	6000000174440413898
Q126965383	6000000175284042377
Q126965384	6000000175547579834
Q126965385	6000000175775678851
Q126965386	6000000175796364840
Q126965387	6000000175797297821
Q126965388	6000000176985814864
Q126965390	6000000178029459825
Q126965391	6000000178286506823
Q126965392	6000000178405412875
Q126965393	6000000178610150831
Q126965395	6000000178719473822
Q126965396	6000000178761511931
Q126965397	6000000178761579937
Q126965398	6000000178761616887
Q126965399	6000000178764699860
Q126965400	6000000178787576870
Q126965402	6000000178789358824
Q126965403	6000000178792115839
Q126965404	6000000178892949828
Q126965405	6000000179145176913
Q126965406	6000000179146413822
Q126965407	6000000179163653836
Q126965408	6000000179196542836
Q126965409	6000000179196899824
Q126965411	6000000179342899060
Q126965412	6000000179356488831
Q126965413	6000000179358335914
Q126965414	6000000179359338837
Q126965415	6000000179378491846
Q126965416	6000000179542953932
Q126965417	6000000179544577846
Q126965420	6000000179926489842
Q126965421	6000000179973531866
Q126965423	6000000180096061898
Q126965424	6000000180474068843
Q126965425	6000000180572886866
Q126965427	6000000180574660825
Q126965428	6000000180642913823
Q126965429	6000000180690311827
Q126965430	6000000180690480821
Q126965431	6000000180834709832
Q126965432	6000000180896331835
Q126965433	6000000180902021852
Q126965434	6000000180961865867
Q126965435	6000000181140394841
Q126965436	6000000181140504826
Q126965437	6000000181484359836
Q126965438	6000000181569345840
Q126965439	6000000181569812825
Q126965440	6000000181570223821
Q126965441	6000000181570411848
Q126965442	6000000181991813824
Q126965443	6000000182047057888
Q126965444	6000000182048501831
Q126965445	6000000182223330823
Q126965446	6000000182228712827
Q126965447	6000000182265169830
Q126965448	6000000182387724843
Q126965449	6000000182387727833
Q126965450	6000000182427415825
Q126965451	6000000182441962881
Q126965452	6000000182679829826
Q126965453	6000000182680089826
Q126965454	6000000182692678834
Q126965455	6000000183653154867
Q126965456	6000000183707852847
Q126965459	6000000183949485823
Q126965460	6000000185662210204
Q126965461	6000000186653243833
Q126965462	6000000187180586846
Q126965463	6000000187383809827
Q126965464	6000000187400330829
Q126965465	6000000187559438822
Q126965466	6000000187564247866
Q126965467	6000000187564315831
Q126965468	6000000187589724861
Q126965469	6000000187663967821
Q126965471	6000000188969688851
Q126965472	6000000189017658822
Q126965473	6000000189116917821
Q126965474	6000000189123629830
Q126965475	6000000189310704906
Q126965476	6000000190101098826
Q126965477	6000000190441783847
Q126965478	6000000192371362838
Q126965479	6000000192374658854
Q126965480	6000000192375851882
Q126965481	6000000193361966842
Q126965482	6000000194162064908
Q126965483	6000000194800377824
Q126965484	6000000195176038823
Q126965485	6000000195558501826
Q126965486	6000000195979164831
Q126965487	6000000196125389827
Q126965488	6000000196126447859
Q126965489	6000000196198059844
Q126965490	6000000196452785887
Q126965491	6000000196573468823
Q126965492	6000000196587559821
Q126965493	6000000196946128833
Q126965494	6000000196982235831
Q126965495	6000000197049810828
Q126965496	6000000197272184881
Q126965497	6000000197272570866
Q126965498	6000000198073398847
Q126965499	6000000199574532880
Q126965500	6000000200646511829
Q126965501	6000000200665960824
Q126965502	6000000200681428830
Q126965503	6000000201021173850
Q126965504	6000000201125139865
Q126965505	6000000201125158889
Q126965506	6000000201125759843
Q126965507	6000000201125943823
Q126965508	6000000201126414883
Q126965510	6000000201343554821
Q126965511	6000000201430303842
Q126965512	6000000201776363822
Q126965513	6000000203356044835
Q126965514	6000000203358456830
Q126965515	6000000203382589860
Q126965516	6000000204068722822
Q126965517	6000000204204541829
Q126965518	6000000205622209821
Q126965519	6000000206468458825
Q126965520	6000000206541033883
Q126965521	6000000206541264821
Q126965522	6000000206685679860
Q126965862	6000000054959132025
Q126966350	6000000002300420126
Q126966356	6000000003791911603
Q126966360	6000000004533715478
Q126966364	6000000004566608726
Q126966368	6000000004644973482
Q126966371	6000000005953707030
Q126966373	6000000006056833017
Q126966376	6000000006098921190
Q126966378	6000000006419898751
Q126966380	6000000006420211319
Q126966384	6000000006891875886
Q126966387	6000000007296825880
Q126966388	6000000007304270787
Q126966389	6000000007774612182
Q126966390	6000000007920657190
Q126966392	6000000008260384833
Q126966394	6000000008338442814
Q126966396	6000000008659458019
Q126966399	6000000008922164452
Q126966401	6000000010061250429
Q126966407	6000000010638251941
Q126966410	6000000010975263539
Q126966413	6000000011303917888
Q126966416	6000000011461689547
Q126966419	6000000011568895500
Q126966422	6000000011591072052
Q126966425	6000000011853670311
Q126966427	6000000011869989878
Q126966429	6000000012503645032
Q126966431	6000000012504617646
Q126966433	6000000012579720731
Q126966435	6000000012720517715
Q126966437	6000000013062177951
Q126966441	6000000013070736814
Q126966445	6000000013344800355
Q126966446	6000000013406218000
Q126966453	6000000014054422150
Q126966456	6000000014131004256
Q126966457	6000000015645972157
Q126966460	6000000015689971531
Q126966465	6000000015735662305
Q126966468	6000000015822905378
Q126966474	6000000015992808680
Q126966477	6000000016043515993
Q126966484	6000000016080029027
Q126966487	6000000016276050967
Q126966490	6000000016318582090
Q126966493	6000000016340782607
Q126966496	6000000016500391553
Q126966498	6000000016975406616
Q126966499	6000000016989897120
Q126966500	6000000017623462037
Q126966501	6000000017890381746
Q126966502	6000000017890381955
Q126966503	6000000017891042705
Q126966504	6000000017892043367
Q126966505	6000000017945258280
Q126966509	6000000018238176706
Q126966514	6000000018317542719
Q126966515	6000000018644747604
Q126966519	6000000019160220058
Q126966521	6000000019211547658
Q126966526	6000000019294776339
Q126966529	6000000019360283768
Q126966531	6000000020448922029
Q126966534	6000000020530128551
Q126966540	6000000020663483175
Q126966542	6000000021132012488
Q126966544	6000000022077338263
Q126966545	6000000022100343761
Q126966546	6000000022187777184
Q126966547	6000000022266486499
Q126966548	6000000022274644877
Q126966549	6000000023049630116
Q126966550	6000000023059109970
Q126966553	6000000023403122258
Q126966556	6000000023403172950
Q126966558	6000000023484752232
Q126966561	6000000023511354578
Q126966564	6000000023928373016
Q126966565	6000000024172822487
Q126966569	6000000024247111241
Q126966572	6000000024280741336
Q126966575	6000000024373375302
Q126966576	6000000024466330231
Q126966579	6000000024512108850
Q126966584	6000000024831861054
Q126966587	6000000025657050335
Q126966592	6000000025752940089
Q126966594	6000000025793616221
Q126966597	6000000025793895029
Q126966600	6000000025860656792
Q126966601	6000000025983072036
Q126966603	6000000025983200315
Q126966604	6000000025984809217
Q126966607	6000000025989000253
Q126966609	6000000025989715036
Q126966610	6000000026079980556
Q126966613	6000000026228998686
Q126966617	6000000026338598920
Q126966620	6000000026408562308
Q126966623	6000000026947209962
Q126966625	6000000029023448822
Q126966628	6000000029095885532
Q126966631	6000000029130719230
Q126966634	6000000029225869992
Q126966638	6000000029984280814
Q126966641	6000000029984443769
Q126966644	6000000030327393043
Q126966647	6000000030812076631
Q126966651	6000000030814723180
Q126966655	6000000030820304726
Q126966659	6000000033347546183
Q126966660	6000000035005306821
Q126966661	6000000035032788186
Q126966662	6000000035193813421
Q126966664	6000000035330535824
Q126966665	6000000036154565168
Q126966666	6000000036170246168
Q126966667	6000000036318538809
Q126966670	6000000036501320871
Q126966673	6000000036765486008
Q126966676	6000000036818867603
Q126966679	6000000037604611470
Q126966684	6000000038270574558
Q126966687	6000000038369321965
Q126966690	6000000038382286722
Q126966693	6000000038382601825
Q126966696	6000000038970732251
Q126966699	6000000039474424844
Q126966702	6000000039731791212
Q126966706	6000000039971256686
Q126966709	6000000039971372847
Q126966711	6000000040916288861
Q126966715	6000000043307615486
Q126966718	6000000045144841896
Q126966721	6000000045247210008
Q126966724	6000000047407149990
Q126966726	6000000047444968037
Q126966729	6000000048649053993
Q126966731	6000000049175471861
Q126966734	6000000050801968677
Q126966737	6000000051087478914
Q126966740	6000000053387122100
Q126966743	6000000053543443050
Q126966747	6000000054226615038
Q126966751	6000000054227262919
Q126966754	6000000054945289875
Q126966757	6000000054959675867
Q126966758	6000000057824725620
Q126966759	6000000059259516020
Q126966760	6000000065051820988
Q126966763	6000000070183537410
Q126966765	6000000070567898969
Q126966768	6000000070855120007
Q126966771	6000000071152885891
Q126966774	6000000072687528826
Q126966778	6000000073054944866
Q126966781	6000000075652744900
Q126966784	6000000077230740580
Q126966785	6000000078059709409
Q126966788	6000000078427238854
Q126966791	6000000079210386910
Q126966795	6000000080429913978
Q126966804	6000000081275618457
Q126966807	6000000081298930846
Q126966809	6000000082493688600
Q126966810	6000000083048516011
Q126966811	6000000083815602033
Q126966812	6000000086309213973
Q126966813	6000000087997884415
Q126966814	6000000091343609981
Q126966815	6000000091345148026
Q126966817	6000000092279319098
Q126966819	6000000092327863932
Q126966822	6000000106416220952
Q126966824	6000000108082962943
Q126966826	6000000109721985095
Q126966827	6000000109729445851
Q126966828	6000000109730884863
Q126966829	6000000112496020907
Q126966830	6000000114598452903
Q126966831	6000000117783097882
Q126966833	6000000124626386888
Q126966835	6000000125048357956
Q126966838	6000000135260399973
Q126966841	6000000146224214997
Q126966844	6000000153933334897
Q126966847	6000000157277634842
Q126966850	6000000171971834227
Q126966852	6000000173698861067
Q126966855	6000000174162997430
Q126966858	6000000175250670231
Q126966860	6000000178610451897
Q126966861	6000000178718819838
Q126966862	6000000178719826822
Q126966863	6000000178787733885
Q126966866	6000000179346489876
Q126966869	6000000179346765865
Q126966871	6000000179356761830
Q126966874	6000000181112983858
Q126966877	6000000182048528830
Q126966881	6000000182229099828
Q126966884	6000000182353507838
Q126966885	6000000182691007844
Q126966889	6000000182692231840
Q126966892	6000000185879449877
Q126966894	6000000186944676823
Q126966896	6000000188363603847
Q126966900	6000000189123368840
Q126966903	6000000190130532831
Q126966906	6000000192369920871
Q126966910	6000000195979231841
Q126966913	6000000199569600882
Q126966914	6000000202483323884
Q126966917	6000000206463691840
Q126966918	6000000206541402834
Q126966919	6000000206542587852
Q126967020	6000000020268646225
Q126969577	6000000118001664904
Q126971997	6000000221122142824
Q126972621	6000000014339913088
Q126972631	6000000000234233425
Q126972632	6000000002300423074
Q126972634	6000000003504491412
Q126972635	6000000003818157416
Q126972636	6000000004397496001
Q126972637	6000000004880245759
Q126972638	6000000006503509008
Q126972639	6000000007188355211
Q126972640	6000000007693006121
Q126972641	6000000007832090413
Q126972642	6000000008124280966
Q126972643	6000000008613532944
Q126972644	6000000010253023754
Q126972645	6000000010628062292
Q126972646	6000000010628483316
Q126972647	6000000010695167910
Q126972648	6000000011302984229
Q126972650	6000000011468868728
Q126972651	6000000011697078797
Q126972652	6000000012121333327
Q126972653	6000000012239482234
Q126972655	6000000012655339396
Q126972656	6000000013365528622
Q126972657	6000000013676917497
Q126972658	6000000013715058330
Q126972659	6000000014001462071
Q126972660	6000000014310988772
Q126972661	6000000014407857997
Q126972662	6000000014408143630
Q126972663	6000000014609502968
Q126972664	6000000014609548191
Q126972665	6000000014609617035
Q126972666	6000000014616963787
Q126972667	6000000015230185374
Q126972668	6000000015401808462
Q126972669	6000000015642351223
Q126972670	6000000015975517618
Q126972671	6000000016116428781
Q126972672	6000000016187176348
Q126972673	6000000016312473520
Q126972674	6000000016312612058
Q126972675	6000000017082381684
Q126972676	6000000017264443652
Q126972677	6000000017678699046
Q126972677	6000000083167617932
Q126972678	6000000017729246061
Q126972679	6000000017782784828
Q126972680	6000000017782981317
Q126972681	6000000017783623120
Q126972682	6000000017838727818
Q126972683	6000000017966356819
Q126972684	6000000017996162792
Q126972685	6000000018044835698
Q126972686	6000000018131150048
Q126972688	6000000018244413424
Q126972689	6000000018368533217
Q126972690	6000000018396188151
Q126972691	6000000018574091372
Q126972692	6000000019160005862
Q126972693	6000000019160324532
Q126972694	6000000019429738238
Q126972695	6000000019907294041
Q126972696	6000000020209737838
Q126972697	6000000020327163152
Q126972698	6000000020518002383
Q126972699	6000000020518112398
Q126972700	6000000020587867897
Q126972701	6000000020691098260
Q126972702	6000000020785681457
Q126972703	6000000020945852261
Q126972704	6000000021049766616
Q126972705	6000000021051794589
Q126972707	6000000021161237772
Q126972709	6000000021546148186
Q126972710	6000000021580261639
Q126972711	6000000022115682546
Q126972712	6000000022200624932
Q126972713	6000000022248470025
Q126972714	6000000022249079012
Q126972715	6000000022272899308
Q126972716	6000000022320839926
Q126972717	6000000022364216853
Q126972718	6000000022422538978
Q126972719	6000000022422567148
Q126972721	6000000022422572262
Q126972722	6000000022422645974
Q126972723	6000000022422653998
Q126972724	6000000022466814715
Q126972725	6000000022483329686
Q126972726	6000000022685044063
Q126972728	6000000023050564866
Q126972729	6000000023235441859
Q126972730	6000000023251548567
Q126972731	6000000023251725355
Q126972732	6000000023320570347
Q126972733	6000000023386447199
Q126972735	6000000023437792883
Q126972736	6000000023908265974
Q126972737	6000000024116677069
Q126972738	6000000024143074223
Q126972739	6000000024166922183
Q126972740	6000000024373298978
Q126972741	6000000024379186685
Q126972742	6000000024414669851
Q126972743	6000000024417017450
Q126972744	6000000024486086114
Q126972745	6000000024539908940
Q126972746	6000000024567129012
Q126972747	6000000024569055046
Q126972748	6000000024596503228
Q126972749	6000000024666966491
Q126972750	6000000024740328125
Q126972751	6000000024872315617
Q126972752	6000000024873273070
Q126972753	6000000024926847754
Q126972754	6000000025079834364
Q126972755	6000000025095346867
Q126972756	6000000025206084481
Q126972757	6000000025643313706
Q126972758	6000000025644320276
Q126972759	6000000025644826990
Q126972760	6000000025663291155
Q126972761	6000000025719133790
Q126972762	6000000025737785657
Q126972763	6000000025863185580
Q126972764	6000000025881442188
Q126972765	6000000025891018055
Q126972766	6000000025900801185
Q126972767	6000000025901814346
Q126972768	6000000025929376660
Q126972769	6000000026002694942
Q126972770	6000000026027058324
Q126972771	6000000026029395705
Q126972772	6000000026063741905
Q126972773	6000000026087632039
Q126972774	6000000026187396194
Q126972775	6000000026189017968
Q126972776	6000000026190391477
Q126972777	6000000026392117887
Q126972778	6000000026548230519
Q126972779	6000000026622213774
Q126972780	6000000026955630840
Q126972781	6000000028635727325
Q126972782	6000000028657571904
Q126972783	6000000028868131254
Q126972784	6000000028873684835
Q126972785	6000000029051962133
Q126972786	6000000029139041899
Q126972787	6000000029154628237
Q126972788	6000000029183734138
Q126972789	6000000029265611943
Q126972790	6000000029361990996
Q126972791	6000000029443738401
Q126972792	6000000029444263652
Q126972793	6000000029448517297
Q126972794	6000000029481398998
Q126972795	6000000029489402099
Q126972796	6000000029574800071
Q126972797	6000000029733529835
Q126972798	6000000029816722947
Q126972799	6000000029877555399
Q126972800	6000000029983806541
Q126972801	6000000029997288475
Q126972802	6000000030045503340
Q126972803	6000000030064815048
Q126972804	6000000030253054312
Q126972805	6000000030427288498
Q126972806	6000000030600239651
Q126972807	6000000030746454385
Q126972808	6000000030811833128
Q126972809	6000000031084381159
Q126972810	6000000032163828162
Q126972811	6000000032460688390
Q126972812	6000000033067028192
Q126972813	6000000033345769051
Q126972814	6000000033962911808
Q126972815	6000000033983373667
Q126972816	6000000034262450440
Q126972817	6000000034342536276
Q126972818	6000000034390851077
Q126972819	6000000034431932758
Q126972820	6000000034498733265
Q126972821	6000000034518030922
Q126972822	6000000034534612997
Q126972823	6000000034570452772
Q126972824	6000000034571064857
Q126972825	6000000034689292897
Q126972826	6000000034849221725
Q126972828	6000000035061067970
Q126972829	6000000035364504479
Q126972830	6000000035370858564
Q126972831	6000000035483500037
Q126972832	6000000035540614105
Q126972833	6000000035746001858
Q126972834	6000000035767989890
Q126972835	6000000035886540109
Q126972836	6000000036154267734
Q126972837	6000000036168724441
Q126972838	6000000036318495909
Q126972839	6000000036319198947
Q126972840	6000000036491005324
Q126972841	6000000037086252096
Q126972842	6000000037537778590
Q126972844	6000000037561702402
Q126972845	6000000037562843906
Q126972846	6000000037650202834
Q126972847	6000000037666732978
Q126972848	6000000037673836088
Q126972849	6000000037688298152
Q126972850	6000000037691805936
Q126972851	6000000037739616688
Q126972852	6000000037740003032
Q126972853	6000000037745373041
Q126972854	6000000037812653290
Q126972855	6000000037836559936
Q126972856	6000000037909181167
Q126972857	6000000037944773024
Q126972858	6000000038039845839
Q126972859	6000000038040643016
Q126972860	6000000038067851433
Q126972861	6000000038270170805
Q126972862	6000000038403579865
Q126972863	6000000038528196450
Q126972864	6000000038599234375
Q126972865	6000000038653450863
Q126972866	6000000038657562223
Q126972867	6000000038888254117
Q126972868	6000000038930928102
Q126972869	6000000038940873283
Q126972870	6000000038944889112
Q126972871	6000000038997202941
Q126972872	6000000039071943939
Q126972873	6000000039222915839
Q126972874	6000000039306397984
Q126972875	6000000039442461898
Q126972876	6000000039612680299
Q126972877	6000000039613351226
Q126972878	6000000039645547864
Q126972880	6000000039645672167
Q126972881	6000000039667624326
Q126972882	6000000039669330867
Q126972885	6000000039832576430
Q126972886	6000000040204477762
Q126972887	6000000040277622736
Q126972888	6000000040281577851
Q126972889	6000000040311446896
Q126972890	6000000040338938214
Q126972891	6000000040415872831
Q126972892	6000000040461520909
Q126972893	6000000040767486550
Q126972894	6000000040811775510
Q126972895	6000000041339969143
Q126972896	6000000041446720110
Q126972897	6000000041448423399
Q126972898	6000000041582179310
Q126972899	6000000041583074916
Q126972900	6000000041737039532
Q126972901	6000000042350612518
Q126972902	6000000042350618518
Q126972903	6000000042351970298
Q126972904	6000000042400674234
Q126972905	6000000042415929928
Q126972906	6000000042419482609
Q126972907	6000000042420070913
Q126972908	6000000042421518410
Q126972909	6000000042498356905
Q126972910	6000000042511216978
Q126972911	6000000042518081177
Q126972912	6000000042592508840
Q126972913	6000000042747337990
Q126972914	6000000042948645514
Q126972915	6000000043050476344
Q126972916	6000000043307467223
Q126972917	6000000043322544740
Q126972918	6000000043571506944
Q126972919	6000000043683008094
Q126972920	6000000043683273001
Q126972921	6000000043805488903
Q126972923	6000000043971377387
Q126972924	6000000043992371344
Q126972925	6000000044003650074
Q126972926	6000000045827644840
Q126972927	6000000045934987987
Q126972928	6000000046034284155
Q126972929	6000000046035215890
Q126972930	6000000046244003915
Q126972931	6000000046282345075
Q126972932	6000000046795858851
Q126972933	6000000046886502268
Q126972935	6000000047870933003
Q126972936	6000000048262390821
Q126972937	6000000048631688863
Q126972938	6000000048874558844
Q126972939	6000000049175306954
Q126972940	6000000049787684847
Q126972941	6000000049806952942
Q126972942	6000000049906941353
Q126972943	6000000049907049971
Q126972944	6000000049968345597
Q126972945	6000000050023047321
Q126972946	6000000050023254060
Q126972947	6000000050090240938
Q126972948	6000000050271768885
Q126972949	6000000050352252821
Q126972950	6000000051085472905
Q126972951	6000000051263887061
Q126972952	6000000052315854911
Q126972953	6000000052569193860
Q126972954	6000000052644419424
Q126972955	6000000052644497232
Q126972956	6000000052755756263
Q126972957	6000000053771170854
Q126972958	6000000054633862236
Q126972959	6000000054945342832
Q126972960	6000000055253341161
Q126972961	6000000056174141830
Q126972962	6000000057086347959
Q126972963	6000000058008788918
Q126972964	6000000058654888665
Q126972965	6000000058880304983
Q126972966	6000000058924833959
Q126972967	6000000059174837902
Q126972968	6000000060486749440
Q126972969	6000000060998835903
Q126972970	6000000061095245041
Q126972971	6000000061743214980
Q126972972	6000000063220923634
Q126972973	6000000063439940823
Q126972974	6000000064156272870
Q126972975	6000000064840076940
Q126972976	6000000065110194875
Q126972977	6000000065178703948
Q126972978	6000000066381622874
Q126972979	6000000068812881075
Q126972980	6000000068867946041
Q126972981	6000000068868338989
Q126972982	6000000069587104207
Q126972983	6000000069989060525
Q126972984	6000000070152433087
Q126972985	6000000070395786965
Q126972986	6000000032434402911
Q126972987	6000000070491993524
Q126972988	6000000070493397876
Q126972989	6000000071239759105
Q126972990	6000000071439022758
Q126972991	6000000072629795173
Q126972992	6000000072716372871
Q126972993	6000000072716714945
Q126972994	6000000073237105078
Q126972996	6000000073301265843
Q126972997	6000000073384310861
Q126972998	6000000074454132838
Q126972999	6000000074901826862
Q126973000	6000000075788264827
Q126973001	6000000075851861027
Q126973002	6000000076804031114
Q126973003	6000000077403011079
Q126973004	6000000077428996162
Q126973005	6000000077444609066
Q126973006	6000000077445299940
Q126973007	6000000077585404263
Q126973008	6000000077821637933
Q126973009	6000000078167116921
Q126973010	6000000078246714919
Q126973011	6000000078248889624
Q126973012	6000000078957199430
Q126973013	6000000078958051056
Q126973014	6000000079211097939
Q126973015	6000000079212477916
Q126973016	6000000079299870564
Q126973017	6000000079614968821
Q126973018	6000000080389270988
Q126973019	6000000080814552058
Q126973020	6000000080967890968
Q126973021	6000000081502966911
Q126973022	6000000081523531826
Q126973023	6000000081644929252
Q126973024	6000000081758296919
Q126973025	6000000081809359821
Q126973026	6000000082362997826
Q126973027	6000000084991467879
Q126973028	6000000085114337909
Q126973029	6000000085806900967
Q126973030	6000000086762717917
Q126973031	6000000087776172990
Q126973032	6000000088332540864
Q126973033	6000000089506555885
Q126973034	6000000089507110874
Q126973035	6000000090439621850
Q126973036	6000000090503219985
Q126973037	6000000090510320904
Q126973038	6000000091675609318
Q126973039	6000000092014154857
Q126973040	6000000092384787821
Q126973041	6000000093555484829
Q126973042	6000000095770996949
Q126973043	6000000098315998905
Q126973044	6000000100770735981
Q126973045	6000000103220573226
Q126973046	6000000103222030890
Q126973047	6000000103228909851
Q126973048	6000000110056539822
Q126973049	6000000110072499977
Q126973050	6000000111811208964
Q126973051	6000000111944677910
Q126973052	6000000112694189926
Q126973053	6000000115007150842
Q126973054	6000000115439695845
Q126973055	6000000120614699983
Q126973056	6000000126025388221
Q126973057	6000000126883037822
Q126973058	6000000126889551834
Q126973059	6000000127637041140
Q126973060	6000000128685891921
Q126973061	6000000131719920885
Q126973062	6000000131720166934
Q126973063	6000000134800753833
Q126973064	6000000135274978822
Q126973065	6000000137134634821
Q126973066	6000000138091750874
Q126973067	6000000138976788821
Q126973068	6000000143206407935
Q126973069	6000000146229633154
Q126973070	6000000151190941876
Q126973071	6000000156819217937
Q126973072	6000000171667598946
Q126973073	6000000171754614491
Q126973074	6000000172303392002
Q126973075	6000000173016917952
Q126973076	6000000173185654927
Q126973077	6000000173422106943
Q126973078	6000000174679556066
Q126973079	6000000175545247973
Q126973080	6000000177782123839
Q126973081	6000000178618638827
Q126973082	6000000178763316823
Q126973083	6000000178765115829
Q126973084	6000000178765455847
Q126973085	6000000179147362927
Q126973086	6000000179226113839
Q126973087	6000000179307357912
Q126973088	6000000179310520832
Q126973089	6000000179339146821
Q126973090	6000000179346661838
Q126973091	6000000179347601841
Q126973092	6000000179360001862
Q126973093	6000000179360066829
Q126973094	6000000179571572888
Q126973095	6000000179825591834
Q126973096	6000000179930982825
Q126973097	6000000179942380831
Q126973098	6000000180027419845
Q126973099	6000000180139289831
Q126973100	6000000180426005829
Q126973101	6000000180446459896
Q126973102	6000000180447157869
Q126973103	6000000180574196830
Q126973104	6000000180618664845
Q126973105	6000000180623317882
Q126973106	6000000180780925902
Q126973107	6000000180849627867
Q126973108	6000000180850741821
Q126973109	6000000181021438843
Q126973110	6000000181126489898
Q126973111	6000000181486807826
Q126973112	6000000182387036873
Q126973113	6000000183214389850
Q126973114	6000000183458884824
Q126973115	6000000184327733833
Q126973116	6000000185395434858
Q126973118	6000000187700533851
Q126973119	6000000187964244827
Q126973120	6000000188634225875
Q126973121	6000000188970718861
Q126973122	6000000189013689821
Q126973123	6000000189178070875
Q126973124	6000000083396170613
Q126973124	6000000189199114831
Q126973125	6000000189199720859
Q126973126	6000000189199841842
Q126973127	6000000189717883863
Q126973128	6000000191641027836
Q126973129	6000000191645080851
Q126973130	6000000192308180889
Q126973131	6000000193362543855
Q126973132	6000000194072422872
Q126973133	6000000194618406848
Q126973134	6000000195629623844
Q126973135	6000000195868846835
Q126973136	6000000196125547831
Q126973137	6000000196981544827
Q126973138	6000000198822052839
Q126973139	6000000199389069836
Q126973140	6000000199569070821
Q126973141	6000000201301525927
Q126973142	6000000201304078848
Q126973144	6000000201641792873
Q126973145	6000000201641854838
Q126973146	6000000201641857854
Q126973148	6000000201642022833
Q126973149	6000000202483420868
Q126973150	6000000204163346839
Q126973151	6000000204204656823
Q126973152	6000000073410425996
Q126973152	6000000205006874897
Q126973153	6000000059620772015
Q126973153	6000000205007112840
Q126973154	6000000205083619821
Q126973155	6000000205125368878
Q126973156	6000000206127612821
Q126973157	6000000206463717831
Q126973158	6000000206463747823
Q126973159	6000000206463811821
Q126973160	6000000206541051865
Q126973161	6000000206541368879
Q126973419	6000000002911926930
Q126973420	6000000003719586606
Q126973421	6000000003914605083
Q126973423	6000000004168369836
Q126973424	6000000004674554202
Q126973425	6000000005045565292
Q126973427	6000000005558027016
Q126973428	6000000006127557139
Q126973430	6000000006127951466
Q126973431	6000000006208339144
Q126973432	6000000006306779254
Q126973434	6000000006953193341
Q126973435	6000000007096285788
Q126973436	6000000007398128234
Q126973439	6000000007550655617
Q126973440	6000000007658936053
Q126973441	6000000007662571677
Q126973442	6000000007679016468
Q126973443	6000000007679148273
Q126973444	6000000007744800050
Q126973445	6000000008188217541
Q126973446	6000000008228287770
Q126973447	6000000008285619974
Q126973448	6000000008338580723
Q126973450	6000000008572770799
Q126973451	6000000008572888171
Q126973453	6000000008643702629
Q126973454	6000000008653597942
Q126973455	6000000008708656866
Q126973457	6000000008752678426
Q126973458	6000000008777689400
Q126973460	6000000008855625696
Q126973462	6000000008888286502
Q126973464	6000000008976264553
Q126973465	6000000008977110685
Q126973466	6000000009006619491
Q126973467	6000000009046198901
Q126973468	6000000009054094028
Q126973469	6000000009107076657
Q126973470	6000000009152808817
Q126973471	6000000009153049619
Q126973473	6000000009154195428
Q126973475	6000000009341891981
Q126973479	6000000009787992915
Q126973480	6000000009816578972
Q126973481	6000000009824106645
Q126973482	6000000009846435451
Q126973483	6000000009886420009
Q126973484	6000000009894164005
Q126973486	6000000009974383758
Q126973487	6000000010010482586
Q126973490	6000000010115434510
Q126973491	6000000010260760607
Q126973493	6000000010632468509
Q126973497	6000000011171850204
Q126973498	6000000011232031279
Q126973499	6000000011270038357
Q126973500	6000000011368200366
Q126973502	6000000011399914722
Q126973503	6000000011413339459
Q126973504	6000000011420381285
Q126973505	6000000011446984291
Q126973507	6000000011490677454
Q126973508	6000000011492530335
Q126973509	6000000011527332509
Q126973510	6000000011531329935
Q126973511	6000000011532238485
Q126973513	6000000011536271696
Q126973514	6000000011548600202
Q126973516	6000000011568799339
Q126973517	6000000011569923244
Q126973518	6000000011747051101
Q126973519	6000000011789823028
Q126973520	6000000012085159376
Q126973521	6000000012106732466
Q126973523	6000000012421752716
Q126973527	6000000012617987774
Q126973528	6000000012706885291
Q126973529	6000000012751737216
Q126973530	6000000012768184213
Q126973532	6000000012973948982
Q126973533	6000000012985339392
Q126973534	6000000013081859365
Q126973535	6000000013088401528
Q126973537	6000000013238129212
Q126973538	6000000013330304988
Q126973540	6000000013341729932
Q126973542	6000000013505341146
Q126973543	6000000013575341423
Q126973544	6000000013589727566
Q126973546	6000000013679492269
Q126973547	6000000013762228964
Q126973548	6000000013790722389
Q126973549	6000000013791612316
Q126973550	6000000013966808591
Q126973552	6000000014612990833
Q126973553	6000000015179248400
Q126973554	6000000015290737401
Q126973555	6000000015320949207
Q126973556	6000000015524381134
Q126973557	6000000015673307674
Q126973558	6000000015680892273
Q126973559	6000000015851703318
Q126973560	6000000015863675814
Q126973561	6000000015867712711
Q126973562	6000000015877382442
Q126973563	6000000015914869445
Q126973564	6000000015927949413
Q126973565	6000000015990034260
Q126973566	6000000015992983779
Q126973567	6000000016011484510
Q126973568	6000000016034362900
Q126973569	6000000016059285448
Q126973570	6000000016104447316
Q126973572	6000000016124949230
Q126973573	6000000016312486571
Q126973574	6000000016500663281
Q126973575	6000000016543617223
Q126973576	6000000016879227931
Q126973577	6000000016975517245
Q126973578	6000000016986745076
Q126973579	6000000017298733627
Q126973580	6000000017298843717
Q126973581	6000000017299394333
Q126973582	6000000017350327229
Q126973583	6000000017365532260
Q126973586	6000000017512687466
Q126973587	6000000017512698433
Q126973588	6000000017526982063
Q126973590	6000000017635595842
Q126973591	6000000017711785287
Q126973593	6000000017767295365
Q126973594	6000000017835955626
Q126973595	6000000017837109609
Q126973596	6000000017891703139
Q126973597	6000000017971491929
Q126973598	6000000017983834103
Q126973599	6000000018033295661
Q126973600	6000000018038310919
Q126973601	6000000018048255160
Q126973603	6000000018130310675
Q126973605	6000000018228482916
Q126973606	6000000018242059600
Q126973607	6000000018244915702
Q126973609	6000000018316596456
Q126973610	6000000018317095229
Q126973611	6000000018329332063
Q126973612	6000000018366406960
Q126973613	6000000018376750348
Q126973615	6000000018397142651
Q126973616	6000000018474833460
Q126973617	6000000018475222926
Q126973618	6000000018489207039
Q126973619	6000000018498507561
Q126973620	6000000018498611061
Q126973621	6000000018595241707
Q126973622	6000000018603130139
Q126973623	6000000018608439111
Q126973624	6000000018698772909
Q126973625	6000000018974613518
Q126973626	6000000019002277318
Q126973627	6000000019029534113
Q126973628	6000000019149134517
Q126973629	6000000019156954046
Q126973630	6000000019181320711
Q126973631	6000000019205650078
Q126973632	6000000019206498442
Q126973633	6000000019208329195
Q126973634	6000000019317082121
Q126973636	6000000019548555110
Q126973637	6000000019588053201
Q126973639	6000000019815316339
Q126973640	6000000019816701288
Q126973641	6000000019881604738
Q126973642	6000000019893176752
Q126973643	6000000019960305373
Q126973644	6000000020319775686
Q126973645	6000000020335589072
Q126973646	6000000020456349333
Q126973647	6000000021048420172
Q126973648	6000000021146638819
Q126973649	6000000021153279982
Q126973651	6000000021260044458
Q126973652	6000000021390931185
Q126973653	6000000021568813860
Q126973654	6000000021585768916
Q126973655	6000000021586787834
Q126973656	6000000021819277885
Q126973657	6000000021856804012
Q126973658	6000000021919270989
Q126973659	6000000022309581002
Q126973660	6000000022362067754
Q126973661	6000000022379728247
Q126973662	6000000022483308786
Q126973663	6000000022558545405
Q126973664	6000000022772949512
Q126973665	6000000022815973288
Q126973666	6000000022838507719
Q126973667	6000000022947882417
Q126973668	6000000023157008133
Q126973669	6000000023266553091
Q126973670	6000000023275733656
Q126973671	6000000023314271866
Q126973672	6000000023434700088
Q126973673	6000000023450697362
Q126973674	6000000023475117355
Q126973675	6000000023745798503
Q126973676	6000000023745802668
Q126973677	6000000023753575146
Q126973678	6000000023936778988
Q126973679	6000000024035599145
Q126973680	6000000024193547855
Q126973681	6000000024233805603
Q126973682	6000000024243253160
Q126973683	6000000024250110408
Q126973684	6000000024277075251
Q126973685	6000000024332223100
Q126973686	6000000024380155943
Q126973687	6000000024380240102
Q126973688	6000000024388019148
Q126973689	6000000024462845002
Q126973690	6000000024521221942
Q126973691	6000000024531488758
Q126973692	6000000024596867448
Q126973693	6000000024613954451
Q126973694	6000000024641828340
Q126973695	6000000024652162907
Q126973696	6000000024669612172
Q126973697	6000000024744188555
Q126973698	6000000024759538950
Q126973699	6000000024761220945
Q126973700	6000000024774507601
Q126973701	6000000024802426982
Q126973702	6000000024802851084
Q126973703	6000000024805982826
Q126973704	6000000024830979014
Q126973705	6000000025107819853
Q126973706	6000000025233260461
Q126973708	6000000025263275963
Q126973709	6000000025308486957
Q126973710	6000000025500159091
Q126973711	6000000025582397565
Q126973712	6000000025605296793
Q126973713	6000000025606542067
Q126973716	6000000025688034458
Q126973718	6000000025704221454
Q126973719	6000000025752035908
Q126973720	6000000025753340811
Q126973721	6000000025818693826
Q126973722	6000000025862243693
Q126973723	6000000025863185467
Q126973724	6000000025902470112
Q126973725	6000000025927917287
Q126973726	6000000025941782336
Q126973727	6000000025956237048
Q126973728	6000000026051785055
Q126973730	6000000026134304481
Q126973731	6000000026175802125
Q126973732	6000000026215411702
Q126973733	6000000026423595655
Q126973734	6000000026617794680
Q126973735	6000000026774774981
Q126973736	6000000026946800818
Q126973737	6000000027347694383
Q126973738	6000000027745823504
Q126973739	6000000028000115073
Q126973740	6000000028064135263
Q126973741	6000000028193197050
Q126973742	6000000028262019895
Q126973743	6000000028279423451
Q126973744	6000000028844154863
Q126973745	6000000028936217350
Q126973746	6000000028968594342
Q126973747	6000000029050514146
Q126973748	6000000029179675330
Q126973749	6000000029264672781
Q126973750	6000000029329875137
Q126973751	6000000029330480198
Q126973752	6000000029903064952
Q126973753	6000000030815109471
Q126973754	6000000030845260030
Q126973755	6000000031060258236
Q126973756	6000000031189139857
Q126973757	6000000031238867256
Q126973758	6000000031373650055
Q126973759	6000000031689500928
Q126973761	6000000032502013538
Q126973762	6000000032511122761
Q126973763	6000000032530850430
Q126973764	6000000032751494124
Q126973765	6000000032890734347
Q126973766	6000000033331436974
Q126973767	6000000033979178082
Q126973768	6000000033983670213
Q126973769	6000000034071596936
Q126973770	6000000034441988407
Q126973771	6000000034622698887
Q126973773	6000000035065023805
Q126973774	6000000035108784256
Q126973775	6000000035151636297
Q126973776	6000000035374440993
Q126973777	6000000035540027770
Q126973778	6000000035814843863
Q126973779	6000000035816663825
Q126973780	6000000035830169265
Q126973781	6000000035830433931
Q126973782	6000000035830669349
Q126973783	6000000035920886866
Q126973784	6000000036764500392
Q126973785	6000000037032469256
Q126973786	6000000037143804179
Q126973787	6000000037337077885
Q126973788	6000000037690153548
Q126973789	6000000037990276062
Q126973790	6000000037997068702
Q126973791	6000000038134929654
Q126973792	6000000038547776977
Q126973793	6000000038827936926
Q126973794	6000000039070404195
Q126973795	6000000039075157236
Q126973796	6000000039177121579
Q126973798	6000000039206119897
Q126973799	6000000039358663138
Q126973800	6000000039613477960
Q126973801	6000000039639793332
Q126973802	6000000039699557997
Q126973803	6000000039755660821
Q126973804	6000000039842238507
Q126973805	6000000039937933115
Q126973806	6000000040027096192
Q126973807	6000000040051743262
Q126973808	6000000040230506837
Q126973809	6000000040311238298
Q126973810	6000000040365158105
Q126973811	6000000040390010288
Q126973812	6000000040414725218
Q126973813	6000000040584879037
Q126973814	6000000040749725984
Q126973815	6000000040824732010
Q126973816	6000000040948093064
Q126973817	6000000040980258929
Q126973818	6000000041046616421
Q126973819	6000000041146350530
Q126973820	6000000041386146747
Q126973821	6000000041521091986
Q126973822	6000000041577669338
Q126973824	6000000042085531735
Q126973825	6000000042186871326
Q126973826	6000000042234512162
Q126973827	6000000042234534164
Q126973830	6000000042330117866
Q126973831	6000000042353696117
Q126973832	6000000042355503922
Q126973833	6000000042372680720
Q126973834	6000000042373194504
Q126973835	6000000042579084040
Q126973836	6000000042696314841
Q126973837	6000000042919329372
Q126973838	6000000043125333900
Q126973839	6000000043391376988
Q126973840	6000000043913641136
Q126973841	6000000044205547919
Q126973842	6000000044301547021
Q126973843	6000000045154916879
Q126973844	6000000046003481060
Q126973845	6000000046058020217
Q126973846	6000000046339734835
Q126973847	6000000046797560980
Q126973848	6000000046852663247
Q126973849	6000000046972627569
Q126973850	6000000047937106296
Q126973851	6000000048447776844
Q126973852	6000000049699510961
Q126973853	6000000049734941849
Q126973854	6000000050171686096
Q126973855	6000000050896865872
Q126973856	6000000052998010250
Q126973857	6000000055085693832
Q126973858	6000000055627345038
Q126973859	6000000055700320851
Q126973860	6000000056117775879
Q126973861	6000000056379429854
Q126973862	6000000057054258683
Q126973863	6000000057857969986
Q126973864	6000000062271985925
Q126973865	6000000062705253850
Q126973866	6000000063345716871
Q126973867	6000000064640652823
Q126973868	6000000065642275826
Q126973869	6000000066642420924
Q126973870	6000000067239743041
Q126973871	6000000067840896061
Q126973872	6000000069209157833
Q126973873	6000000069465370050
Q126973874	6000000069894921048
Q126973875	6000000073045269942
Q126973876	6000000073751778897
Q126973877	6000000076681194569
Q126973878	6000000076802689926
Q126973879	6000000076888526273
Q126973880	6000000077121607865
Q126973881	6000000077143136638
Q126973882	6000000077248151335
Q126973883	6000000077432946937
Q126973884	6000000077447395401
Q126973885	6000000077590967538
Q126973886	6000000078166378078
Q126973887	6000000079300664927
Q126973888	6000000080639349325
Q126973890	6000000081725799742
Q126973891	6000000081904138869
Q126973892	6000000083078044976
Q126973893	6000000084104273262
Q126973894	6000000084426381825
Q126973895	6000000084662905429
Q126973896	6000000085204130097
Q126973897	6000000085204760848
Q126973898	6000000086034593836
Q126973899	6000000088322302889
Q126973900	6000000089192930892
Q126973901	6000000090218908846
Q126973902	6000000091575354823
Q126973903	6000000093711686880
Q126973904	6000000095933462833
Q126973905	6000000101276534894
Q126973906	6000000106716989882
Q126973907	6000000107298085821
Q126973908	6000000107310366940
Q126973909	6000000107777791045
Q126973910	6000000108083511824
Q126973911	6000000118609936984
Q126973912	6000000122550693148
Q126973913	6000000122804551821
Q126973914	6000000132814829493
Q126973916	6000000147693539983
Q126973917	6000000147841193821
Q126973918	6000000150383204902
Q126973919	6000000154734280026
Q126973920	6000000161456530853
Q126973921	6000000162714930824
Q126973922	6000000164905879030
Q126973923	6000000169696212833
Q126973924	6000000172183792101
Q126973925	6000000172223889984
Q126973926	6000000172506799854
Q126973927	6000000173185387152
Q126973928	6000000173934469491
Q126973929	6000000174678162443
Q126973931	6000000176240588831
Q126973932	6000000178573594834
Q126973933	6000000178669764846
Q126973934	6000000178719753829
Q126973935	6000000179946306821
Q126973936	6000000181040454821
Q126973937	6000000181482410883
Q126973938	6000000181667166822
Q126973939	6000000182096047833
Q126973940	6000000182462452903
Q126973941	6000000182595153830
Q126973942	6000000182909197821
Q126973943	6000000183339650827
Q126973944	6000000184069673880
Q126973945	6000000184608268840
Q126973946	6000000184608705856
Q126973947	6000000184712614893
Q126973948	6000000184940431859
Q126973949	6000000185128030834
Q126973950	6000000186778588822
Q126973951	6000000186823529861
Q126973952	6000000186981815870
Q126973953	6000000187275474824
Q126973954	6000000187668600829
Q126973955	6000000189012892933
Q126973956	6000000189050088821
Q126973957	6000000189114003837
Q126973958	6000000189114172841
Q126973959	6000000189115114822
Q126973960	6000000189117333913
Q126973961	6000000189130013826
Q126973962	6000000189530421895
Q126973963	6000000190224616821
Q126973964	6000000192207549927
Q126973965	6000000192378305822
Q126973966	6000000192380494829
Q126973967	6000000194061270833
Q126973968	6000000194546769857
Q126973969	6000000195925623821
Q126973970	6000000195985217823
Q126973971	6000000196009949920
Q126973972	6000000196048367830
Q126973973	6000000179661043826
Q126973973	6000000196229177851
Q126973974	6000000196230178882
Q126973975	6000000196276196928
Q126973976	6000000196880705857
Q126973977	6000000196881183822
Q126973978	6000000197153265874
Q126973979	6000000197266198884
Q126973980	6000000198003257821
Q126973981	6000000199157769870
Q126973982	6000000199159927846
Q126973983	6000000199160767842
Q126973984	6000000199281956822
Q126973985	6000000200462379848
Q126973986	6000000201003144824
Q126973987	6000000201599788833
Q126973988	6000000201638938840
Q126973989	6000000201639700873
Q126973990	6000000201640536833
Q126973991	6000000201642959828
Q126973992	6000000205289622836
Q126974010	6000000206968552834
Q126974231	6000000029763892804
Q126974331	6000000038353159896
Q126974433	6000000026603809234
Q126974958	6000000017307398549
Q126974963	6000000017325507260
Q126974970	6000000017325009470
Q126975060	6000000206656072825
Q126979319	6000000048333364886
Q126979745	6000000043567885419
Q1269814	6000000131268982850
Q126982638	4892700308520133610
Q126983427	6000000027937454649
Q126985900	6000000177273700881
Q126987490	6000000177274300853
Q126993064	6000000137997883946
Q1269934	6000000062444377869
Q126994564	6000000019624723509
Q126995263	6000000000211910018
Q126995265	6000000000234073719
Q126995267	6000000000366653298
Q126995269	6000000000406272853
Q126995270	6000000002173932564
Q126995272	6000000002411913129
Q126995274	6000000002745181376
Q126995276	6000000002887564752
Q126995281	6000000003081770001
Q126995282	6000000003083117163
Q126995286	6000000003141382849
Q126995287	6000000003141432598
Q126995291	6000000003190249102
Q126995292	6000000003291208100
Q126995296	6000000003410186461
Q126995307	6000000003569896391
Q126995308	6000000003570292886
Q126995310	6000000003644862877
Q126995313	6000000003646556863
Q126995320	6000000003719748432
Q126995322	6000000003726664122
Q126995324	6000000003736623638
Q126995327	6000000003829803750
Q126995329	6000000003859614246
Q126995330	6000000003914026074
Q126995337	6000000003915817188
Q126995338	6000000003956052690
Q126995342	6000000004118171823
Q126995343	6000000004156361392
Q126995349	6000000004168488644
Q126995362	6000000004399433456
Q126995364	6000000004402256469
Q126995366	6000000004674463292
Q126995368	6000000004674606006
Q126995371	6000000004880283945
Q126995373	6000000004880288520
Q126995376	6000000005103565985
Q126995378	6000000005104054334
Q126995380	6000000005185308009
Q126995386	6000000005229536776
Q126995392	6000000005230933876
Q126995397	6000000005554007007
Q126995399	6000000005556383471
Q126995400	6000000005562684714
Q126995403	6000000005762705073
Q126995406	6000000005790901854
Q126995409	6000000005791103412
Q126995413	6000000006127621771
Q126995416	6000000006208035796
Q126995418	6000000006299274287
Q126995420	6000000006418640029
Q126995424	6000000006567188702
Q126995425	6000000006574517291
Q126995429	6000000006892438009
Q126995431	6000000007112305075
Q126995433	6000000007230451544
Q126995435	6000000007309606555
Q126995444	6000000007398040265
Q126995446	6000000007406251284
Q126995448	6000000007407291450
Q126995450	6000000007415408386
Q126995456	6000000007474203323
Q126995464	6000000007474280240
Q126995466	6000000007474956344
Q126995468	6000000007499079074
Q126995470	6000000007514002960
Q126995472	6000000007575058982
Q126995474	6000000007632253082
Q126995475	6000000007678730029
Q126995477	6000000007679207051
Q126995485	6000000007725018570
Q126995487	6000000007745519927
Q126995490	6000000007752998300
Q126995493	6000000007900482378
Q126995495	6000000007921332579
Q126995497	6000000007991783077
Q126995500	6000000008040744050
Q126995502	6000000008041511388
Q126995503	6000000008115400553
Q126995506	6000000008135648022
Q126995508	6000000008188080744
Q126995511	6000000008228399973
Q126995525	6000000008267556993
Q126995527	6000000008340322941
Q126995530	6000000008345508861
Q126995536	6000000008469734952
Q126995537	6000000008469772437
Q126995539	6000000008500849943
Q126995544	6000000008547556125
Q126995548	6000000008572435617
Q126995550	6000000008572537983
Q126995553	6000000008572888177
Q126995555	6000000008572969386
Q126995561	6000000008594345914
Q126995562	6000000008599128176
Q126995563	6000000008601973111
Q126995566	6000000008602557811
Q126995579	6000000008603712325
Q126995580	6000000008616004201
Q126995581	6000000008643705015
Q126995584	6000000008679167733
Q126995587	6000000008703912410
Q126995588	6000000008704180317
Q126995590	6000000008762885903
Q126995592	6000000008762908772
Q126995596	6000000008765953867
Q126995600	6000000008777744305
Q126995604	6000000008826213447
Q126995607	6000000008826856543
Q126995609	6000000008832713010
Q126995611	6000000008855599190
Q126995612	6000000008855866882
Q126995620	6000000008870542144
Q126995623	6000000008888246873
Q126995625	6000000008888255169
Q126995627	6000000008889379685
Q126995629	6000000008889463686
Q126995633	6000000008951838094
Q126995635	6000000008960032723
Q126995636	6000000008960499117
Q126995638	6000000008960568224
Q126995640	6000000008961178564
Q126995641	6000000008961254571
Q126995648	6000000008976604037
Q126995651	6000000008977116620
Q126995658	6000000009006412353
Q126995661	6000000009006627939
Q126995663	6000000009008505662
Q126995665	6000000009055136346
Q126995666	6000000009055616451
Q126995669	6000000009059725944
Q126995671	6000000009061364076
Q126995672	6000000009107667901
Q126995676	6000000009136201062
Q126995677	6000000009145440527
Q126995678	6000000009145517518
Q126995681	6000000009151962985
Q126995682	6000000009152047736
Q126995685	6000000009154167973
Q126995687	6000000009179791625
Q126995688	6000000009180160204
Q126995690	6000000009188285965
Q126995691	6000000009227556915
Q126995693	6000000009227785721
Q126995695	6000000009305326919
Q126995699	6000000009305867274
Q126995700	6000000009341891987
Q126995702	6000000009366312112
Q126995703	6000000009381670407
Q126995704	6000000009386260247
Q126995708	6000000009447177804
Q126995710	6000000009447423009
Q126995713	6000000009477577084
Q126995716	6000000009540281360
Q126995718	6000000009627778102
Q126995720	6000000009628037728
Q126995724	6000000009772723047
Q126995726	6000000009772926328
Q126995727	6000000009790437399
Q126995729	6000000009803306677
Q126995731	6000000009823901762
Q126995733	6000000009827395926
Q126995734	6000000009845763126
Q126995736	6000000009890087379
Q126995739	6000000009944119742
Q126995743	6000000009959916935
Q126995744	6000000009975011548
Q126995751	6000000009975606627
Q126995757	6000000009976789574
Q126995759	6000000009987682416
Q126995762	6000000009990471551
Q126995765	6000000009999219352
Q126995767	6000000010070053853
Q126995769	6000000010078965811
Q126995771	6000000010091175672
Q126995772	6000000010100840285
Q126995774	6000000010229930400
Q126995775	6000000010240507144
Q126995776	6000000010260088037
Q126995778	6000000010260760612
Q126995780	6000000010266462477
Q126995785	6000000010299187306
Q126995791	6000000010318323814
Q126995793	6000000010339873704
Q126995795	6000000010372342681
Q126995796	6000000010404405793
Q126995799	6000000010408179773
Q126995800	6000000010408397395
Q126995802	6000000010408479270
Q126995804	6000000010408521244
Q126995806	6000000010409185654
Q126995808	6000000010409512590
Q126995809	6000000010425074151
Q126995813	6000000010510065646
Q126995814	6000000010540872979
Q126995816	6000000010562653887
Q126995818	6000000010580264538
Q126995819	6000000010599322583
Q126995821	6000000010617416339
Q126995823	6000000010636590664
Q126995828	6000000010695805312
Q126995830	6000000010696559331
Q126995833	6000000010806996478
Q126995835	6000000010867212854
Q126995836	6000000010933457624
Q126995838	6000000010933516230
Q126995845	6000000010933774263
Q126995846	6000000010953098168
Q126995848	6000000010972236791
Q126995850	6000000011091385987
Q126995851	6000000011171808858
Q126995853	6000000011299049974
Q126995856	6000000011316127072
Q126995857	6000000011316600899
Q126995859	6000000011322040203
Q126995862	6000000011356928939
Q126995864	6000000011368824001
Q126995866	6000000011371059631
Q126995870	6000000011384555594
Q126995871	6000000011390129178
Q126995878	6000000011411005069
Q126995880	6000000011413192447
Q126995882	6000000011424147943
Q126995884	6000000011430335767
Q126995886	6000000011447342351
Q126995888	6000000011459797352
Q126995889	6000000011461691660
Q126995891	6000000011470691637
Q126995894	6000000011477654281
Q126995896	6000000011490664600
Q126995898	6000000011491932188
Q126995900	6000000011492133772
Q126995901	6000000011492730632
Q126995906	6000000011509090155
Q126995908	6000000011545594766
Q126995909	6000000011546898585
Q126995910	6000000011548204594
Q126995912	6000000011551229136
Q126995914	6000000011557564850
Q126995916	6000000011558279895
Q126995921	6000000011564945717
Q126995923	6000000011566515992
Q126995925	6000000011566570893
Q126995927	6000000011568804696
Q126995929	6000000011569343212
Q126995936	6000000011569364430
Q126995938	6000000011577421472
Q126995939	6000000011578845301
Q126995941	6000000011580924336
Q126995942	6000000011584391858
Q126995944	6000000011593878698
Q126995946	6000000011612388336
Q126995948	6000000011613283870
Q126995949	6000000011622797869
Q126995951	6000000011623034970
Q126995953	6000000011625176514
Q126995954	6000000011625239697
Q126995959	6000000011629649482
Q126995963	6000000011632182273
Q126995965	6000000011634231270
Q126995967	6000000011634259068
Q126995969	6000000011634813583
Q126995971	6000000011635046055
Q126995975	6000000011740313581
Q126995976	6000000011747459820
Q126995978	6000000011852121632
Q126995981	6000000011908031073
Q126995983	6000000011945849161
Q126995985	6000000012063053526
Q126995987	6000000012076583695
Q126995988	6000000012076895043
Q126995990	6000000012076904690
Q126995992	6000000012200482410
Q126995994	6000000012200790991
Q126995997	6000000012201324455
Q126995998	6000000012207985942
Q126996005	6000000012224448866
Q126996007	6000000012224540698
Q126996014	6000000012285851319
Q126996015	6000000012288651634
Q126996017	6000000012330868462
Q126996019	6000000012344975039
Q126996021	6000000012345093774
Q126996023	6000000012348795294
Q126996025	6000000012377510060
Q126996027	6000000012396535789
Q126996028	6000000012414279727
Q126996030	6000000012421814735
Q126996031	6000000012430635164
Q126996033	6000000012462660109
Q126996035	6000000012462673311
Q126996036	6000000012502187492
Q126996044	6000000012514288322
Q126996046	6000000012517794584
Q126996048	6000000012517800120
Q126996049	6000000012609365644
Q126996051	6000000012617578137
Q126996052	6000000012632427928
Q126996054	6000000012633595774
Q126996057	6000000012664114995
Q126996059	6000000012705699078
Q126996061	6000000012706662804
Q126996063	6000000012726260823
Q126996065	6000000012726735395
Q126996066	6000000012747024210
Q126996068	6000000012751694189
Q126996069	6000000012825348040
Q126996071	6000000012852170889
Q126996072	6000000012974013657
Q126996074	6000000012974983090
Q126996076	6000000012975120611
Q126996078	6000000012985374293
Q126996080	6000000013017108991
Q126996082	6000000013017704905
Q126996084	6000000013057602853
Q126996086	6000000013060126678
Q126996087	6000000013060322507
Q126996094	6000000013060612196
Q126996096	6000000013061251586
Q126996099	6000000013237957686
Q126996100	6000000013238374366
Q126996103	6000000013332327680
Q126996106	6000000013341383120
Q126996108	6000000013356035967
Q126996113	6000000013406012228
Q126996115	6000000013406204765
Q126996119	6000000013505830585
Q126996121	6000000013548585699
Q126996123	6000000013549371430
Q126996125	6000000013589899017
Q126996127	6000000013609584283
Q126996128	6000000013609657055
Q126996129	6000000013631753759
Q126996131	6000000013677038122
Q126996133	6000000013677174264
Q126996137	6000000013683610713
Q126996140	6000000013684061055
Q126996142	6000000013686249167
Q126996144	6000000013694555651
Q126996145	6000000013694785032
Q126996147	6000000013702278130
Q126996148	6000000013703350308
Q126996150	6000000013709099727
Q126996151	6000000013751991179
Q126996153	6000000013790722394
Q126996155	6000000013790777335
Q126996157	6000000013970828208
Q126996160	6000000014052953668
Q126996161	6000000014065415388
Q126996163	6000000014068046068
Q126996165	6000000014150616633
Q126996166	6000000014209783889
Q126996168	6000000014586669308
Q126996171	6000000014601706596
Q126996178	6000000014663493911
Q126996180	6000000014763335898
Q126996181	6000000014763850106
Q126996183	6000000014781979688
Q126996186	6000000014823184050
Q126996188	6000000014883461506
Q126996189	6000000014884748780
Q126996191	6000000015068831682
Q126996194	6000000015157184849
Q126996195	6000000015187703968
Q126996197	6000000015187712073
Q126996203	6000000015339992184
Q126996205	6000000015345346133
Q126996207	6000000015372693961
Q126996208	6000000015384382068
Q126996210	6000000015392807206
Q126996212	6000000015402247395
Q126996214	6000000015402630019
Q126996215	6000000015447314216
Q126996217	6000000015451427227
Q126996219	6000000015521677892
Q126996221	6000000015540772465
Q126996222	6000000015541029801
Q126996229	6000000015541091501
Q126996231	6000000015548985321
Q126996233	6000000015549752624
Q126996235	6000000015553451496
Q126996236	6000000015579256280
Q126996238	6000000015579401217
Q126996240	6000000015594112377
Q126996242	6000000015594266532
Q126996243	6000000015603551169
Q126996245	6000000015641522925
Q126996246	6000000015663927285
Q126996248	6000000015670536152
Q126996250	6000000015672577034
Q126996252	6000000015674753824
Q126996253	6000000015678368420
Q126996255	6000000015680972633
Q126996258	6000000015691502157
Q126996261	6000000015728890419
Q126996263	6000000015823015329
Q126996265	6000000015845217796
Q126996266	6000000015846844613
Q126996274	6000000015867961300
Q126996280	6000000015877343565
Q126996281	6000000015895969652
Q126996283	6000000015896067891
Q126996285	6000000015898586026
Q126996287	6000000015900196461
Q126996288	6000000015904685240
Q126996290	6000000015915344186
Q126996292	6000000015935457173
Q126996294	6000000015947071916
Q126996295	6000000015975383915
Q126996297	6000000015975532640
Q126996299	6000000015975827105
Q126996300	6000000015976053721
Q126996302	6000000015989725532
Q126996309	6000000015993005111
Q126996312	6000000016011404638
Q126996314	6000000016035589710
Q126996315	6000000016035803250
Q126996317	6000000016104485222
Q126996319	6000000016111540751
Q126996328	6000000016239307904
Q126996330	6000000016287879285
Q126996332	6000000016289735043
Q126996333	6000000016312406350
Q126996337	6000000016327492908
Q126996338	6000000016342997260
Q126996340	6000000016347162278
Q126996342	6000000016468839194
Q126996344	6000000016521708547
Q126996345	6000000016543617229
Q126996347	6000000016650021973
Q126996349	6000000016737874488
Q126996355	6000000016769309823
Q126996357	6000000016770000409
Q126996359	6000000016771426188
Q126996361	6000000016774688682
Q126996363	6000000016879227936
Q126996365	6000000016938570718
Q126996367	6000000016957014172
Q126996370	6000000016964397614
Q126996372	6000000016998193702
Q126996374	6000000017032856685
Q126996375	6000000017034840221
Q126996377	6000000017163214647
Q126996379	6000000017166865064
Q126996381	6000000017199147046
Q126996383	6000000017199150555
Q126996385	6000000017221182234
Q126996387	6000000017238549765
Q126996388	6000000017266488245
Q126996390	6000000017267414650
Q126996395	6000000017298871596
Q126996404	6000000017299121362
Q126996405	6000000017350291016
Q126996407	6000000017350564851
Q126996408	6000000017359077131
Q126996409	6000000017386307741
Q126996411	6000000017414850277
Q126996413	6000000017415139452
Q126996414	6000000017483377105
Q126996416	6000000017485037492
Q126996418	6000000017486592572
Q126996420	6000000017536327007
Q126996422	6000000017536484108
Q126996424	6000000017549225976
Q126996425	6000000017576338042
Q126996427	6000000017618880394
Q126996433	6000000017623868734
Q126996435	6000000017624598837
Q126996437	6000000017629312687
Q126996439	6000000017636391482
Q126996441	6000000017711870460
Q126996447	6000000017745752724
Q126996448	6000000017767312638
Q126996450	6000000017781596810
Q126996452	6000000017783560501
Q126996453	6000000017831569426
Q126996456	6000000017837180323
Q126996458	6000000017855238361
Q126996459	6000000017893833487
Q126996461	6000000017894092055
Q126996464	6000000017894232524
Q126996466	6000000017895728010
Q126996467	6000000017962394509
Q126996472	6000000017966509843
Q126996474	6000000018009730005
Q126996476	6000000018031379541
Q126996477	6000000018033044463
Q126996479	6000000018038464871
Q126996481	6000000018046304269
Q126996482	6000000018046397606
Q126996484	6000000018048881288
Q126996486	6000000018069404503
Q126996488	6000000018078853241
Q126996490	6000000018083140655
Q126996492	6000000018114030168
Q126996495	6000000018114684364
Q126996497	6000000018117681092
Q126996499	6000000018134983333
Q126996502	6000000115187112071
Q126996506	6000000018146982913
Q126996508	6000000018149866839
Q126996510	6000000018181925666
Q126996512	6000000018182349218
Q126996513	6000000018202235194
Q126996515	6000000018208337323
Q126996516	6000000018210893515
Q126996518	6000000018229375835
Q126996521	6000000018232869364
Q126996523	6000000018238530270
Q126996526	6000000018241988431
Q126996527	6000000018247650274
Q126996529	6000000018286516149
Q126996531	6000000018317095235
Q126996533	6000000018317542287
Q126996535	6000000018326593639
Q126996537	6000000018327573251
Q126996540	6000000018329824845
Q126996541	6000000018336899553
Q126996543	6000000018337094184
Q126996545	6000000018339960765
Q126996548	6000000018347059635
Q126996550	6000000018348650728
Q126996551	6000000018367498803
Q126996558	6000000018377650180
Q126996560	6000000018378355880
Q126996562	6000000018384273722
Q126996563	6000000018416019925
Q126996565	6000000018416373150
Q126996567	6000000018416497530
Q126996569	6000000018417030679
Q126996571	6000000018417618883
Q126996573	6000000018417751789
Q126996580	6000000018418238347
Q126996582	6000000018424346828
Q126996583	6000000018424680758
Q126996585	6000000018425516851
Q126996587	6000000018430993574
Q126996589	6000000018474855184
Q126996590	6000000018474932066
Q126996592	6000000018489263123
Q126996593	6000000018514024475
Q126996595	6000000018567924875
Q126996597	6000000018568140778
Q126996598	6000000018568245535
Q126996600	6000000018568469495
Q126996602	6000000018569834061
Q126996606	6000000018575854646
Q126996607	6000000018587660724
Q126996609	6000000018604187924
Q126996611	6000000018604250984
Q126996613	6000000018604492068
Q126996614	6000000018605014109
Q126996616	6000000018605014658
Q126996617	6000000018608210084
Q126996619	6000000018614785101
Q126996621	6000000018667975131
Q126996622	6000000018700010010
Q126996624	6000000018812565531
Q126996631	6000000018825421989
Q126996632	6000000018828201123
Q126996638	6000000018835016383
Q126996640	6000000018835309023
Q126996642	6000000018843368609
Q126996644	6000000018843964352
Q126996645	6000000018909993085
Q126996647	6000000018975620472
Q126996648	6000000019028112270
Q126996650	6000000019029593200
Q126996652	6000000019041775766
Q126996653	6000000019107273937
Q126996655	6000000019112372947
Q126996657	6000000019146854737
Q126996658	6000000019148968796
Q126996660	6000000019156414713
Q126996661	6000000019157366346
Q126996663	6000000019181837324
Q126996665	6000000019205141910
Q126996667	6000000019206702338
Q126996669	6000000019207049041
Q126996670	6000000019209755064
Q126996672	6000000019220719302
Q126996674	6000000019257805922
Q126996675	6000000019303807782
Q126996677	6000000019317022062
Q126996678	6000000019317080121
Q126996680	6000000019317144057
Q126996682	6000000019322819196
Q126996683	6000000019349356015
Q126996685	6000000019349889326
Q126996687	6000000019349959261
Q126996688	6000000019394662747
Q126996690	6000000019481794639
Q126996692	6000000019528887120
Q126996694	6000000019548555116
Q126996696	6000000019554289959
Q126996698	6000000019554382730
Q126996699	6000000019588097289
Q126996701	6000000019592096202
Q126996702	6000000019593646001
Q126996704	6000000019667660130
Q126996706	6000000019795593986
Q126996708	6000000019816728292
Q126996710	6000000019858038992
Q126996712	6000000019881794696
Q126996713	6000000019893356433
Q126996715	6000000019893390522
Q126996717	6000000019920130254
Q126996718	6000000019990606529
Q126996720	6000000019990715403
Q126996721	6000000020028802688
Q126996723	6000000020103688238
Q126996725	6000000020168968348
Q126996726	6000000020169000721
Q126996728	6000000020207812323
Q126996730	6000000020238761859
Q126996732	6000000020242942857
Q126996734	6000000020261876890
Q126996736	6000000020262856914
Q126996738	6000000020306531393
Q126996740	6000000020315905414
Q126996741	6000000020320027233
Q126996743	6000000020327727047
Q126996745	6000000020328720106
Q126996746	6000000020340002070
Q126996748	6000000020382235169
Q126996750	6000000020388477937
Q126996751	6000000020433987222
Q126996753	6000000020437113357
Q126996755	6000000020459850676
Q126996757	6000000020491035479
Q126996759	6000000020494251413
Q126996761	6000000020496837104
Q126996763	6000000020511155684
Q126996764	6000000020529182894
Q126996771	6000000020530194659
Q126996774	6000000020543782088
Q126996780	6000000020602868321
Q126996782	6000000020611177620
Q126996784	6000000020612339208
Q126996787	6000000020945939241
Q126996789	6000000020958831417
Q126996790	6000000020958852380
Q126996792	6000000020958891311
Q126996794	6000000020977367481
Q126996796	6000000020985676049
Q126996798	6000000020988794464
Q126996800	6000000021027019220
Q126996802	6000000021059223181
Q126996804	6000000021077511238
Q126996806	6000000021077620081
Q126996808	6000000021092071603
Q126996810	6000000021185316602
Q126996812	6000000021185505545
Q126996814	6000000021189747637
Q126996816	6000000021189899270
Q126996820	6000000021191026825
Q126996821	6000000021193055893
Q126996823	6000000021236679762
Q126996825	6000000021268776722
Q126996827	6000000021272764687
Q126996828	6000000021272853922
Q126996829	6000000021274983556
Q126996830	6000000021275273225
Q126996833	6000000021332157773
Q126996834	6000000021357498625
Q126996836	6000000021357776943
Q126996838	6000000021391005630
Q126996840	6000000021476848229
Q126996842	6000000021546253413
Q126996844	6000000021546535991
Q126996846	6000000021568844268
Q126996847	6000000021579986154
Q126996849	6000000021580313025
Q126996851	6000000021582566661
Q126996852	6000000021584402936
Q126996854	6000000021585878006
Q126996856	6000000021603677389
Q126996858	6000000021603703356
Q126996859	6000000021609650855
Q126996861	6000000021612847435
Q126996863	6000000021649278140
Q126996865	6000000021694694879
Q126996867	6000000021694862060
Q126996870	6000000021700602610
Q126996872	6000000021705998195
Q126996873	6000000021722328103
Q126996874	6000000021727400140
Q126996881	6000000021746490120
Q126996887	6000000021796623657
Q126996889	6000000021796807034
Q126996890	6000000021815000620
Q126996892	6000000021817750526
Q126996894	6000000021921860723
Q126996897	6000000022041651283
Q126996899	6000000022072498472
Q126996900	6000000022158873387
Q126996903	6000000022189148619
Q126996905	6000000022189295345
Q126996906	6000000022189319379
Q126996908	6000000022202292856
Q126996910	6000000022212438918
Q126996911	6000000022229829488
Q126996913	6000000022278841227
Q126996915	6000000022279035234
Q126996917	6000000022361811645
Q126996919	6000000022361910607
Q126996920	6000000022362076115
Q126996922	6000000022363688332
Q126996925	6000000022407546475
Q126996930	6000000022411692382
Q126996932	6000000022459770283
Q126996938	6000000022464491734
Q126996940	6000000022483345767
Q126996941	6000000022513847932
Q126996943	6000000022524569330
Q126996945	6000000022566981447
Q126996948	6000000022628325787
Q126996950	6000000022658441367
Q126996953	6000000022701426629
Q126996955	6000000022811448829
Q126996957	6000000022953368314
Q126996958	6000000022969157070
Q126996960	6000000022986840198
Q126996962	6000000023034854886
Q126996964	6000000023050559866
Q126996966	6000000023068273459
Q126996967	6000000023083474842
Q126996969	6000000023132529930
Q126996971	6000000023149097201
Q126996973	6000000023156574120
Q126996974	6000000023156628117
Q126996976	6000000023156928400
Q126996978	6000000023262814014
Q126996979	6000000023278007975
Q126996982	6000000023321234040
Q126996984	6000000023402654196
Q126996986	6000000023405308174
Q126996987	6000000023429946108
Q126996990	6000000023434645995
Q126996991	6000000023482645321
Q126996993	6000000023523978475
Q126996995	6000000023557607331
Q126996996	6000000023635015372
Q126996999	6000000023697367553
Q126997005	6000000023698081298
Q126997008	6000000023735551145
Q126997010	6000000023746215545
Q126997011	6000000023746268167
Q126997013	6000000023794586213
Q126997015	6000000023794661448
Q126997016	6000000023853242925
Q126997018	6000000023866857078
Q126997020	6000000023896170122
Q126997022	6000000023908871003
Q126997024	6000000023935502363
Q126997025	6000000024018516144
Q126997027	6000000024034681960
Q126997028	6000000024107147871
Q126997030	6000000024121793473
Q126997032	6000000024123162307
Q126997034	6000000024206240223
Q126997035	6000000024241927725
Q126997037	6000000024250371506
Q126997039	6000000024251586854
Q126997040	6000000024261360031
Q126997042	6000000024265240834
Q126997044	6000000024269701862
Q126997045	6000000024318401138
Q126997047	6000000024361840586
Q126997049	6000000024379643166
Q126997050	6000000024380102467
Q126997052	6000000024388033246
Q126997054	6000000024389014111
Q126997055	6000000024415939906
Q126997061	6000000024421772727
Q126997063	6000000018515905935
Q126997064	6000000024422079375
Q126997070	6000000024462659575
Q126997072	6000000024486450841
Q126997074	6000000024502457980
Q126997075	6000000024511750223
Q126997077	6000000024513597009
Q126997079	6000000024525961255
Q126997081	6000000024539956831
Q126997083	6000000024569522000
Q126997085	6000000024583871959
Q126997087	6000000024584006845
Q126997088	6000000024586499655
Q126997091	6000000024586743084
Q126997093	6000000024591830104
Q126997094	6000000024592088262
Q126997096	6000000024594572691
Q126997122	6000000024596990342
Q126997138	6000000024597164582
Q126997140	6000000024597720780
Q126997142	6000000024598088329
Q126997145	6000000024613909384
Q126997146	6000000024614090117
Q126997148	6000000024626590930
Q126997152	6000000024642423962
Q126997153	6000000024651479178
Q126997155	6000000024652168494
Q126997158	6000000024666017331
Q126997161	6000000024668323647
Q126997163	6000000024669393266
Q126997165	6000000024669451177
Q126997166	6000000024725955197
Q126997168	6000000024726657944
Q126997170	6000000024735889374
Q126997172	6000000024738746951
Q126997173	6000000024740295169
Q126997175	6000000024740500356
Q126997176	6000000024759514910
Q126997178	6000000024760428085
Q126997180	6000000024760985066
Q126997181	6000000024771965927
Q126997183	6000000024774608653
Q126997185	6000000024774922870
Q126997187	6000000024775018752
Q126997188	6000000024779457024
Q126997190	6000000024779476113
Q126997192	6000000024786752549
Q126997193	6000000024787100609
Q126997195	6000000024788050904
Q126997197	6000000024800379531
Q126997198	6000000024802426988
Q126997200	6000000024806359824
Q126997202	6000000024893547165
Q126997203	6000000024901730153
Q126997205	6000000024903170711
Q126997207	6000000024903382496
Q126997209	6000000024914332161
Q126997210	6000000024958218646
Q126997212	6000000024984389090
Q126997214	6000000024987695129
Q126997215	6000000025016827877
Q126997217	6000000025031320094
Q126997218	6000000025031626858
Q126997220	6000000025034571842
Q126997222	6000000025067146085
Q126997224	6000000025067513046
Q126997225	6000000025102992461
Q126997227	6000000025109117979
Q126997229	6000000025155129192
Q126997229	6000000167564152893
Q126997231	6000000025156952079
Q126997232	6000000025230451481
Q126997234	6000000025230638672
Q126997235	6000000025238309845
Q126997237	6000000025243574051
Q126997239	6000000025261216087
Q126997241	6000000025279734209
Q126997242	6000000025292790108
Q126997244	6000000025308181156
Q126997250	6000000025308498008
Q126997257	6000000025308592835
Q126997264	6000000025309557575
Q126997265	6000000025334756820
Q126997267	6000000025341155835
Q126997269	6000000025348252568
Q126997270	6000000025357669229
Q126997272	6000000025358971750
Q126997273	6000000025359146668
Q126997275	6000000025371524691
Q126997277	6000000025372028869
Q126997278	6000000025372159066
Q126997280	6000000025415113966
Q126997282	6000000025500238478
Q126997284	6000000025500578852
Q126997286	6000000025582922022
Q126997288	6000000025591803084
Q126997290	6000000025592927478
Q126997296	6000000025597204609
Q126997298	6000000025599539655
Q126997300	6000000025605575311
Q126997302	6000000025620957877
Q126997304	6000000025634134416
Q126997305	6000000025643314808
Q126997309	6000000025644833433
Q126997310	6000000025648126036
Q126997312	6000000025653229638
Q126997313	6000000025657018295
Q126997315	6000000025658423079
Q126997317	6000000025658482314
Q126997319	6000000025660447058
Q126997320	6000000025689445007
Q126997323	6000000025691724483
Q126997324	6000000025696474490
Q126997326	6000000025705628039
Q126997328	6000000025713182515
Q126997329	6000000025718248445
Q126997331	6000000025752821797
Q126997332	6000000025753092263
Q126997333	6000000025753555107
Q126997335	6000000025765732500
Q126997337	6000000025766205051
Q126997339	6000000025768014642
Q126997340	6000000025768784766
Q126997342	6000000025769085077
Q126997344	6000000025781696853
Q126997345	6000000025793035825
Q126997347	6000000025803764410
Q126997349	6000000025804010415
Q126997351	6000000025830989110
Q126997352	6000000025832013916
Q126997354	6000000025833301027
Q126997355	6000000025834102404
Q126997357	6000000025834475095
Q126997359	6000000025836984730
Q126997360	6000000025847625565
Q126997363	6000000025863592025
Q126997365	6000000025875515642
Q126997366	6000000025888170851
Q126997368	6000000025899755558
Q126997370	6000000025901565657
Q126997372	6000000025902507480
Q126997378	6000000025929124696
Q126997379	6000000025930215695
Q126997381	6000000025944012638
Q126997382	6000000025966935231
Q126997387	6000000025988933723
Q126997388	6000000026039558950
Q126997390	6000000026040133312
Q126997392	6000000026051758008
Q126997399	6000000026056339717
Q126997400	6000000026062617148
Q126997402	6000000026089796114
Q126997409	6000000026109689359
Q126997410	6000000026120841028
Q126997412	6000000026120894938
Q126997414	6000000026130937473
Q126997415	6000000026146845069
Q126997417	6000000026175040731
Q126997419	6000000026176853456
Q126997420	6000000026177792937
Q126997422	6000000026189860761
Q126997428	6000000026190816916
Q126997430	6000000026190905961
Q126997432	6000000026221733808
Q126997434	6000000026335541193
Q126997436	6000000026353910095
Q126997438	6000000026381393103
Q126997439	6000000026381551182
Q126997442	6000000026381883864
Q126997443	6000000026423890857
Q126997445	6000000026435630568
Q126997446	6000000026507398439
Q126997448	6000000026588540402
Q126997450	6000000026618087329
Q126997451	6000000026653966679
Q126997453	6000000026694841737
Q126997455	6000000026730071867
Q126997457	6000000026746483789
Q126997459	6000000026775367965
Q126997461	6000000026808899104
Q126997462	6000000026830962421
Q126997464	6000000026834208268
Q126997465	6000000026912458012
Q126997467	6000000027291561643
Q126997469	6000000027630040034
Q126997471	6000000027635464436
Q126997472	6000000027780894934
Q126997474	6000000027993876789
Q126997476	6000000028000115079
Q126997478	6000000028193505907
Q126997480	6000000028223343710
Q126997482	6000000028242456521
Q126997483	6000000028262956236
Q126997485	6000000028275931888
Q126997486	6000000028392229238
Q126997488	6000000028474391153
Q126997490	6000000028476651891
Q126997491	6000000028477285655
Q126997493	6000000028522412374
Q126997496	6000000028529298292
Q126997497	6000000028531268035
Q126997499	6000000028598684696
Q126997501	6000000028625911283
Q126997503	6000000028636221892
Q126997510	6000000028636368262
Q126997512	6000000028702168859
Q126997514	6000000028788792213
Q126997515	6000000028842212636
Q126997517	6000000028849181034
Q126997519	6000000028849977745
Q126997520	6000000028850705389
Q126997522	6000000028936260785
Q126997528	6000000028936421523
Q126997530	6000000028936509381
Q126997531	6000000028939546335
Q126997538	6000000028953363351
Q126997539	6000000028954835958
Q126997541	6000000028958251303
Q126997543	6000000028958404257
Q126997544	6000000028970833926
Q126997546	6000000028971649051
Q126997549	6000000028987656628
Q126997551	6000000029014407961
Q126997556	6000000029031477116
Q126997558	6000000029031900641
Q126997560	6000000029045999010
Q126997562	6000000029051053851
Q126997564	6000000029051516259
Q126997566	6000000029072077720
Q126997568	6000000029135418708
Q126997569	6000000029135463041
Q126997570	6000000029137848365
Q126997573	6000000029178144247
Q126997575	6000000029264578520
Q126997577	6000000029264771547
Q126997578	6000000029265724237
Q126997579	6000000029329285551
Q126997581	6000000029405104856
Q126997583	6000000029450444119
Q126997585	6000000029576397028
Q126997587	6000000029674935877
Q126997588	6000000029797477091
Q126997590	6000000029839940131
Q126997592	6000000029841537441
Q126997593	6000000029841986045
Q126997595	6000000029902495379
Q126997597	6000000029902705815
Q126997599	6000000029992670778
Q126997600	6000000030001049363
Q126997601	6000000030001439874
Q126997603	6000000030001990537
Q126997605	6000000030185973421
Q126997606	6000000030225230908
Q126997608	6000000030398651123
Q126997612	6000000030574563277
Q126997614	6000000030628778729
Q126997615	6000000030746503609
Q126997617	6000000030770209935
Q126997619	6000000030814946940
Q126997621	6000000030820496016
Q126997622	6000000030876455089
Q126997623	6000000030984535044
Q126997625	6000000031044965600
Q126997631	6000000031045722839
Q126997633	6000000031069226868
Q126997639	6000000031081803233
Q126997641	6000000031154418937
Q126997647	6000000031156657181
Q126997650	6000000031283349430
Q126997652	6000000031306532375
Q126997653	6000000031367477362
Q126997655	6000000031374966445
Q126997657	6000000031538402024
Q126997659	6000000031572569062
Q126997660	6000000031850559806
Q126997662	6000000031882912615
Q126997664	6000000031898874477
Q126997665	6000000032084104630
Q126997667	6000000032135353856
Q126997669	6000000032449984597
Q126997671	6000000032501970694
Q126997672	6000000032530979221
Q126997673	6000000032543079392
Q126997675	6000000032550275373
Q126997676	6000000032819225039
Q126997678	6000000032890433728
Q126997680	6000000033067983561
Q126997682	6000000033212399548
Q126997684	6000000033330448821
Q126997685	6000000033331494892
Q126997687	6000000033355233432
Q126997689	6000000033544019095
Q126997691	6000000033723800916
Q126997693	6000000033940133098
Q126997694	6000000033953313893
Q126997695	6000000033978748568
Q126997697	6000000033978844633
Q126997698	6000000033979735396
Q126997701	6000000033979961296
Q126997702	6000000033984362215
Q126997705	6000000034069485108
Q126997707	6000000034071574991
Q126997709	6000000034188335875
Q126997710	6000000034188497983
Q126997712	6000000034345575995
Q126997714	6000000034435256692
Q126997715	6000000034659957215
Q126997717	6000000034849373283
Q126997719	6000000034910053038
Q126997721	6000000034912946045
Q126997722	6000000034914516620
Q126997724	6000000035043726399
Q126997726	6000000035045002360
Q126997728	6000000035065783858
Q126997729	6000000035068324140
Q126997731	6000000035068522895
Q126997733	6000000035068692829
Q126997735	6000000035108397706
Q126997736	6000000035142178664
Q126997737	6000000035152276585
Q126997738	6000000035152793889
Q126997740	6000000035156790066
Q126997742	6000000035184242884
Q126997744	6000000035286209898
Q126997746	6000000035323372760
Q126997747	6000000035374190314
Q126997749	6000000035439341546
Q126997751	6000000035439653872
Q126997753	6000000035540242469
Q126997755	6000000035816465071
Q126997756	6000000035816780788
Q126997758	6000000035830525892
Q126997759	6000000035920256756
Q126997760	6000000035920762076
Q126997762	6000000036131807965
Q126997764	6000000036466886203
Q126997765	6000000036486388446
Q126997767	6000000036490222340
Q126997769	6000000036580995290
Q126997770	6000000036715408768
Q126997772	6000000036715851455
Q126997774	6000000036721663894
Q126997775	6000000036818748235
Q126997781	6000000036920250008
Q126997788	6000000037036284943
Q126997790	6000000037130547674
Q126997791	6000000037512813434
Q126997792	6000000037535983343
Q126997799	6000000037536216037
Q126997801	6000000037548455105
Q126997803	6000000037626553409
Q126997805	6000000037690683110
Q126997807	6000000037694117622
Q126997808	6000000037782137833
Q126997810	6000000037784688265
Q126997811	6000000037787083923
Q126997813	6000000037815176701
Q126997815	6000000037989965788
Q126997816	6000000037997175446
Q126997818	6000000037997223588
Q126997826	6000000038065867982
Q126997827	6000000038066474877
Q126997830	6000000038094824832
Q126997831	6000000038124037959
Q126997833	6000000038135053477
Q126997835	6000000038164287158
Q126997837	6000000038363795539
Q126997838	6000000038547599096
Q126997840	6000000038765721773
Q126997842	6000000038766533439
Q126997844	6000000038767082974
Q126997845	6000000038828023951
Q126997846	6000000038870639894
Q126997848	6000000038973980412
Q126997850	6000000039070958898
Q126997852	6000000039074631789
Q126997854	6000000039074785506
Q126997856	6000000039096088544
Q126997858	6000000039177457168
Q126997860	6000000039194103326
Q126997861	6000000039202126114
Q126997863	6000000039304834314
Q126997865	6000000039352265396
Q126997867	6000000039352303108
Q126997868	6000000039358783872
Q126997869	6000000039435177542
Q126997871	6000000039451397062
Q126997873	6000000039452166120
Q126997875	6000000039452559411
Q126997877	6000000039466047944
Q126997878	6000000039673301909
Q126997880	6000000039699619082
Q126997882	6000000039700548310
Q126997884	6000000039738068050
Q126997885	6000000039738116021
Q126997887	6000000039739766512
Q126997889	6000000039751241351
Q126997890	6000000039752992415
Q126997892	6000000039755068421
Q126997894	6000000039755334827
Q126997896	6000000039893085805
Q126997904	6000000040026782656
Q126997909	6000000040026969191
Q126997913	6000000018515915516
Q126997916	6000000040051831917
Q126997918	6000000040178350846
Q126997920	6000000040230292422
Q126997921	6000000040308462020
Q126997923	6000000040308814040
Q126997925	6000000040311387123
Q126997926	6000000040311442934
Q126997928	6000000040337267757
Q126997930	6000000040339052849
Q126997931	6000000040340462893
Q126997933	6000000040360229202
Q126997935	6000000040360233821
Q126997937	6000000040360397821
Q126997938	6000000040363370868
Q126997939	6000000040387551439
Q126997941	6000000040389733791
Q126997943	6000000040407474233
Q126997944	6000000040453961833
Q126997946	6000000040582493688
Q126997948	6000000040584729233
Q126997950	6000000040749496258
Q126997952	6000000040759026723
Q126997954	6000000040874915301
Q126997956	6000000040947989095
Q126997957	6000000040977426154
Q126997959	6000000040980191194
Q126997961	6000000041046693302
Q126997962	6000000041276673362
Q126997964	6000000041386380527
Q126997965	6000000041442249255
Q126997967	6000000041513417202
Q126997969	6000000041905689608
Q126997970	6000000042085589545
Q126997972	6000000042108531776
Q126997974	6000000042186860033
Q126997976	6000000042187097944
Q126997978	6000000042187207871
Q126997979	6000000042234458425
Q126997981	6000000042235322954
Q126997983	6000000042261923840
Q126997985	6000000042262438803
Q126997987	6000000042329694650
Q126997989	6000000042329971218
Q126997990	6000000042351970043
Q126997993	6000000042353709997
Q126997994	6000000042355170410
Q126997996	6000000042397021719
Q126997998	6000000042438504239
Q126998000	6000000042463692787
Q126998001	6000000042576503955
Q126998003	6000000042578845576
Q126998005	6000000042674004406
Q126998006	6000000042753145803
Q126998008	6000000042919281928
Q126998010	6000000042919536991
Q126998012	6000000043146396533
Q126998013	6000000043171581089
Q126998015	6000000043327667176
Q126998017	6000000043390485323
Q126998018	6000000043390812368
Q126998020	6000000043497801904
Q126998022	6000000043605781061
Q126998024	6000000043606249913
Q126998026	6000000044204547258
Q126998027	6000000044205558999
Q126998029	6000000044257584066
Q126998031	6000000044269326057
Q126998033	6000000044279180866
Q126998040	6000000044303973584
Q126998045	6000000044460468947
Q126998052	6000000044583340316
Q126998053	6000000045152458284
Q126998061	6000000045548258245
Q126998062	6000000045631219073
Q126998064	6000000046074835136
Q126998066	6000000046183408968
Q126998067	6000000046456558900
Q126998069	6000000046513380038
Q126998071	6000000046606038858
Q126998073	6000000046795908071
Q126998075	6000000046803690842
Q126998082	6000000046804464843
Q126998084	6000000046852497293
Q126998085	6000000046973457825
Q126998087	6000000047128178979
Q126998089	6000000048067199897
Q126998091	6000000048068126887
Q126998092	6000000048258995863
Q126998094	6000000048606750846
Q126998095	6000000049699665872
Q126998097	6000000049699698937
Q126998099	6000000049734706887
Q126998100	6000000050027552829
Q126998102	6000000050461277864
Q126998104	6000000050473091154
Q126998105	6000000050974022189
Q126998107	6000000051219474965
Q126998109	6000000051928845019
Q126998111	6000000051939723890
Q126998112	6000000051940360846
Q126998114	6000000052803216004
Q126998115	6000000053039221829
Q126998117	6000000053092146096
Q126998119	6000000053387087833
Q126998121	6000000053882284841
Q126998123	6000000053896058821
Q126998125	6000000054015235886
Q126998126	6000000054170448981
Q126998128	6000000054240172423
Q126998130	6000000055007118057
Q126998132	6000000055393152070
Q126998133	6000000055466170872
Q126998135	6000000055574978293
Q126998137	6000000055577401170
Q126998138	6000000055627206148
Q126998140	6000000055627506025
Q126998141	6000000056117893821
Q126998143	6000000056118186821
Q126998145	6000000056429687885
Q126998146	6000000056935147826
Q126998148	6000000057015385379
Q126998149	6000000057055586910
Q126998156	6000000057336061821
Q126998158	6000000057618151943
Q126998159	6000000057855273351
Q126998161	6000000058194010894
Q126998163	6000000058399586878
Q126998164	6000000058590955029
Q126998166	6000000058591019821
Q126998167	6000000058814773866
Q126998170	6000000058874171998
Q126998172	6000000063357270920
Q126998174	6000000063439940849
Q126998176	6000000064155703891
Q126998177	6000000064623750846
Q126998179	6000000065576118904
Q126998181	6000000066822480833
Q126998183	6000000067239799023
Q126998185	6000000067387238933
Q126998186	6000000067819754838
Q126998193	6000000067820058827
Q126998195	6000000067840887156
Q126998197	6000000068642208037
Q126998199	6000000069207949509
Q126998200	6000000069208761188
Q126998202	6000000069657414833
Q126998203	6000000070176606952
Q126998205	6000000070186459712
Q126998207	6000000070198189832
Q126998209	6000000071228994996
Q126998211	6000000071422998389
Q126998212	6000000072091394855
Q126998214	6000000072100379216
Q126998215	6000000073010197843
Q126998217	6000000073372100911
Q126998219	6000000073496450036
Q126998221	6000000073558183849
Q126998222	6000000073559308926
Q126998224	6000000073712883168
Q126998226	6000000076682125957
Q126998227	6000000076719090011
Q126998229	6000000076771347234
Q126998231	6000000076801508799
Q126998233	6000000077121108302
Q126998235	6000000077156047032
Q126998236	6000000077227119841
Q126998238	6000000077248143623
Q126998239	6000000077333027056
Q126998241	6000000077358929828
Q126998243	6000000077407443232
Q126998245	6000000077428950506
Q126998246	6000000077433155906
Q126998248	6000000077433315844
Q126998250	6000000077448172925
Q126998252	6000000077465185921
Q126998253	6000000077489545080
Q126998255	6000000077589530277
Q126998256	6000000077590600112
Q126998258	6000000077596017390
Q126998260	6000000077610337931
Q126998261	6000000077621339085
Q126998263	6000000077621532405
Q126998265	6000000077980072134
Q126998266	6000000077980157002
Q126998268	6000000078046038976
Q126998270	6000000078058694381
Q126998271	6000000078071467821
Q126998273	6000000078166336235
Q126998275	6000000078426118611
Q126998277	6000000078427054950
Q126998278	6000000078757781586
Q126998280	6000000079068506286
Q126998282	6000000079299320673
Q126998284	6000000079311962995
Q126998285	6000000081050057855
Q126998287	6000000081726138584
Q126998293	6000000081787801945
Q126998301	6000000082409954293
Q126998303	6000000082416398830
Q126998305	6000000082423091003
Q126998307	6000000082604556163
Q126998308	6000000082604959174
Q126998310	6000000082605152845
Q126998311	6000000082606539933
Q126998313	6000000082953865940
Q126998315	6000000083078395945
Q126998317	6000000084426724877
Q126998323	6000000084498517892
Q126998325	6000000084615055933
Q126998326	6000000084663949890
Q126998328	6000000084728636454
Q126998330	6000000084730357160
Q126998332	6000000086033397855
Q126998334	6000000086919666872
Q126998335	6000000087096675913
Q126998342	6000000087360966064
Q126998344	6000000088319477207
Q126998346	6000000088628624033
Q126998347	6000000089666501833
Q126998349	6000000090218297058
Q126998350	6000000093711857898
Q126998352	6000000095353374388
Q126998353	6000000095926281831
Q126998354	6000000095930441821
Q126998356	6000000096441413835
Q126998358	6000000098371901839
Q126998361	6000000099769389906
Q126998362	6000000099769415865
Q126998364	6000000101142152821
Q126998366	6000000101378018952
Q126998368	6000000102751804022
Q126998370	6000000103847359325
Q126998371	6000000103868171861
Q126998373	6000000104932929039
Q126998375	6000000106242937923
Q126998376	6000000106990734951
Q126998377	6000000107052932919
Q126998379	6000000107298208864
Q126998381	6000000108083602821
Q126998383	6000000108090029840
Q126998385	6000000108715416939
Q126998387	6000000109741492453
Q126998389	6000000109873658883
Q126998391	6000000110231023879
Q126998393	6000000110851282853
Q126998395	6000000114457996981
Q126998396	6000000114596769940
Q126998397	6000000114737975843
Q126998399	6000000117781041833
Q126998401	6000000118611369848
Q126998402	6000000118831544859
Q126998404	6000000119111894837
Q126998406	6000000120526482299
Q126998408	6000000125196717932
Q126998410	6000000125196791878
Q126998412	6000000125397963833
Q126998413	6000000126269867914
Q126998415	6000000127538029105
Q126998416	6000000128653292856
Q126998418	6000000129558983938
Q126998420	6000000143788985074
Q126998422	6000000145894718821
Q126998423	6000000145923002086
Q126998426	6000000147693840889
Q126998428	6000000147840508958
Q126998429	6000000149655206827
Q126998431	6000000149979680868
Q126998433	6000000150841111841
Q126998434	6000000151370291864
Q126998436	6000000164905923999
Q126998437	6000000164906359959
Q126998439	6000000167624918173
Q126998441	6000000167626961832
Q126998442	6000000171868899971
Q126998444	6000000172034240869
Q126998445	6000000172185185904
Q126998447	6000000172224023877
Q126998454	6000000172331611158
Q126998456	6000000173186127941
Q126998457	6000000174224567998
Q126998458	6000000174250532224
Q126998460	6000000174679983821
Q126998462	6000000176240686827
Q126998463	6000000177014178821
Q126998465	6000000178149382845
Q126998467	6000000178172352901
Q126998469	6000000178509486971
Q126998470	6000000178511886828
Q126998476	6000000178549003855
Q126998478	6000000178573329853
Q126998479	6000000178594625852
Q126998481	6000000178788231923
Q126998483	6000000180032546829
Q126998484	6000000180901559823
Q126998490	6000000181667332822
Q126998492	6000000181947415834
Q126998496	6000000182343795070
Q126998498	6000000182592281849
Q126998501	6000000182683199827
Q126998503	6000000183159645821
Q126998504	6000000184607370948
Q126998505	6000000184608731828
Q126998508	6000000184714312823
Q126998510	6000000184753439833
Q126998512	6000000184940770825
Q126998514	6000000184941167821
Q126998516	6000000185135964858
Q126998518	6000000185158930898
Q126998520	6000000185905781846
Q126998522	6000000185908372829
Q126998523	6000000186778506829
Q126998524	6000000187668321908
Q126998526	6000000188751384823
Q126998528	6000000189014215834
Q126998530	6000000189115055839
Q126998531	6000000189501425826
Q126998533	6000000191179557823
Q126998535	6000000192208316835
Q126998536	6000000194060840989
Q126998538	6000000194582751846
Q126998540	6000000195181759825
Q126998542	6000000195925636826
Q126998544	6000000196011671881
Q126998546	6000000196011688854
Q126998547	6000000196048421832
Q126998549	6000000179661477828
Q126998549	6000000196229746824
Q126998550	6000000196880968832
Q126998552	6000000196945310856
Q126998553	6000000196945878829
Q126998555	6000000196945952864
Q126998557	6000000197153208898
Q126998559	6000000197265746919
Q126998561	6000000197266697854
Q126998563	6000000199160081839
Q126998565	6000000199160690837
Q126998566	6000000199281838841
Q126998568	6000000199376516851
Q126998574	6000000201590298821
Q126998576	6000000201639906842
Q126998583	6000000201640644821
Q126998584	6000000201643196823
Q126998585	6000000202619367850
Q126998587	6000000205029163884
Q126998588	6000000205030466821
Q126998590	6000000205289651833
Q126998592	6000000205901267867
Q126998594	6000000206237259842
Q126998596	6000000206250123832
Q126998597	6000000206250123851
Q126998599	6000000206541177825
Q127003796	6000000002300420992
Q127003797	6000000002300431314
Q127003801	6000000002511038415
Q127003804	6000000002815323170
Q127003806	6000000002815360415
Q127003810	6000000002890288344
Q127003812	6000000002913322094
Q127003814	6000000002925669005
Q127003816	6000000003048915678
Q127003817	6000000003081807335
Q127003820	6000000003081854255
Q127003822	6000000003083315368
Q127003824	6000000003092933279
Q127003826	6000000003171119184
Q127003828	6000000003791951943
Q127003830	6000000003792124709
Q127003836	6000000004054077954
Q127003838	6000000004096493359
Q127003841	6000000005035802751
Q127003844	6000000005035974463
Q127003846	6000000005035974646
Q127003848	6000000005229872585
Q127003850	6000000005774368432
Q127003852	6000000005940319948
Q127003855	6000000006317432016
Q127003857	6000000006426154014
Q127003860	6000000006444595239
Q127003863	6000000006775259858
Q127003865	6000000006775660242
Q127003867	6000000006775899517
Q127003868	6000000007023242341
Q127003870	6000000007023623128
Q127003883	6000000007180287223
Q127003884	6000000007230371322
Q127003886	6000000007294252273
Q127003888	6000000007313774459
Q127003890	6000000007415397536
Q127003891	6000000007481958263
Q127003895	6000000007533297107
Q127003897	6000000007560903896
Q127003898	6000000007616138618
Q127003900	6000000007659826633
Q127003902	6000000007660224500
Q127003905	6000000007936182583
Q127003909	6000000007959075453
Q127003911	6000000007964060579
Q127003916	6000000007978557592
Q127003918	6000000007978686263
Q127003927	6000000008148475888
Q127003929	6000000008242794531
Q127003930	6000000008329278844
Q127003933	6000000008338352983
Q127003935	6000000008341353763
Q127003944	6000000008428026115
Q127003946	6000000008444466086
Q127003948	6000000008465878178
Q127003950	6000000008613644513
Q127003952	6000000008627513984
Q127003953	6000000008661094684
Q127003955	6000000008680637326
Q127003958	6000000008680689402
Q127003959	6000000008696595808
Q127003962	6000000008734490633
Q127003964	6000000008751830175
Q127003965	6000000008862029267
Q127003968	6000000008870546719
Q127003970	6000000008913904688
Q127003971	6000000008913947625
Q127003973	6000000008914102069
Q127003976	6000000009007395693
Q127003978	6000000009134458577
Q127003979	6000000009376907979
Q127003981	6000000009382650329
Q127003983	6000000009414964082
Q127003985	6000000009509521090
Q127003986	6000000009626017570
Q127003995	6000000009770221477
Q127003996	6000000009803568285
Q127003998	6000000009950040377
Q127003999	6000000010018389839
Q127004001	6000000010042750855
Q127004003	6000000010236209186
Q127004004	6000000010310806822
Q127004006	6000000010311110281
Q127004008	6000000010370771771
Q127004010	6000000010372281253
Q127004011	6000000010391084474
Q127004013	6000000010392734871
Q127004015	6000000010392828002
Q127004016	6000000010398674695
Q127004018	6000000010399404777
Q127004020	6000000010401767779
Q127004023	6000000010426696367
Q127004024	6000000010443087374
Q127004026	6000000010484028273
Q127004028	6000000010665546665
Q127004029	6000000010667308591
Q127004031	6000000010669280395
Q127004032	6000000010673481519
Q127004035	6000000011006358493
Q127004037	6000000011302280823
Q127004039	6000000011319146147
Q127004042	6000000011319772515
Q127004043	6000000011320020166
Q127004045	6000000011330365347
Q127004047	6000000011371555851
Q127004049	6000000011371753570
Q127004051	6000000011379276513
Q127004053	6000000011410928866
Q127004063	6000000011424997720
Q127004064	6000000011425459801
Q127004066	6000000011447265224
Q127004068	6000000011447622913
Q127004070	6000000011448532410
Q127004071	6000000011448670459
Q127004073	6000000011451249259
Q127004075	6000000011469253404
Q127004077	6000000011469307309
Q127004079	6000000011471469217
Q127004083	6000000011477919181
Q127004085	6000000011478697392
Q127004087	6000000011493506953
Q127004088	6000000011510736280
Q127004090	6000000011514606311
Q127004092	6000000011546277305
Q127004093	6000000011548200580
Q127004095	6000000011549351112
Q127004097	6000000011553337668
Q127004099	6000000011560159732
Q127004100	6000000011566360280
Q127004102	6000000011582787215
Q127004104	6000000011582835236
Q127004108	6000000011595792115
Q127004109	6000000011634020057
Q127004111	6000000011648010407
Q127004114	6000000011657060234
Q127004116	6000000011657089243
Q127004118	6000000011668045362
Q127004121	6000000011743253054
Q127004123	6000000011777908344
Q127004125	6000000011853450542
Q127004127	6000000011857915664
Q127004129	6000000011907172934
Q127004130	6000000011947572947
Q127004136	6000000011959247010
Q127004138	6000000011972293440
Q127004139	6000000011981108862
Q127004141	6000000012043376818
Q127004143	6000000012083902657
Q127004146	6000000012103853328
Q127004147	6000000012225031164
Q127004149	6000000012225229347
Q127004151	6000000012381305720
Q127004153	6000000012391278072
Q127004155	6000000012391905774
Q127004166	6000000012409418884
Q127004167	6000000012420520460
Q127004170	6000000012482862744
Q127004171	6000000012483007264
Q127004173	6000000012483923376
Q127004175	6000000012503433569
Q127004177	6000000012503452279
Q127004179	6000000012503692571
Q127004180	6000000012508703027
Q127004188	6000000012509415209
Q127004189	6000000012626761818
Q127004191	6000000012722200933
Q127004193	6000000012735777229
Q127004195	6000000012772773216
Q127004196	6000000012777673157
Q127004198	6000000012777703287
Q127004200	6000000012778827291
Q127004201	6000000012780204614
Q127004203	6000000012796719389
Q127004204	6000000012796769416
Q127004206	6000000012797240834
Q127004209	6000000012965857481
Q127004211	6000000012996162228
Q127004214	6000000012996193345
Q127004216	6000000012996303203
Q127004218	6000000013051377605
Q127004219	6000000013056841573
Q127004221	6000000013057128957
Q127004222	6000000013071017617
Q127004224	6000000013095249017
Q127004225	6000000013157188065
Q127004227	6000000013193147831
Q127004229	6000000013238453825
Q127004231	6000000013244080271
Q127004233	6000000013451785074
Q127004235	6000000013489354137
Q127004240	6000000013489691082
Q127004241	6000000013504705660
Q127004243	6000000013504813488
Q127004245	6000000013591051889
Q127004247	6000000013609686465
Q127004263	6000000013677046308
Q127004267	6000000013685831772
Q127004269	6000000013686318323
Q127004271	6000000013687537633
Q127004274	6000000013702071490
Q127004275	6000000013703691000
Q127004276	6000000013870613213
Q127004279	6000000013876488335
Q127004281	6000000013970076981
Q127004283	6000000014054324159
Q127004285	6000000014064839178
Q127004286	6000000014065683172
Q127004288	6000000014067849417
Q127004290	6000000014120769657
Q127004293	6000000014209939018
Q127004304	6000000014210256295
Q127004307	6000000014274161053
Q127004311	6000000014274171270
Q127004313	6000000014311352649
Q127004316	6000000014315580722
Q127004319	6000000014319069526
Q127004322	6000000014319272572
Q127004328	6000000014481799841
Q127004329	6000000014483477177
Q127004331	6000000014554076696
Q127004333	6000000014554842647
Q127004336	6000000014615917382
Q127004338	6000000014616460807
Q127004343	6000000014617613129
Q127004345	6000000014664137008
Q127004347	6000000014665752937
Q127004352	6000000014674831396
Q127004354	6000000014783186369
Q127004359	6000000014804496508
Q127004360	6000000014884946280
Q127004362	6000000014884980321
Q127004363	6000000014885068449
Q127004365	6000000015015536757
Q127004366	6000000015064020415
Q127004368	6000000015087663894
Q127004370	6000000015104914264
Q127004372	6000000015117351944
Q127004373	6000000015157438822
Q127004376	6000000015237629335
Q127004377	6000000015332716167
Q127004379	6000000015360156030
Q127004381	6000000015363280681
Q127004391	6000000015372784363
Q127004393	6000000015393186295
Q127004394	6000000015403783991
Q127004396	6000000015413879111
Q127004398	6000000015422858352
Q127004400	6000000015451231943
Q127004402	6000000015482326601
Q127004403	6000000015520985755
Q127004405	6000000015521302472
Q127004407	6000000015521370562
Q127004408	6000000015521704013
Q127004410	6000000015522623573
Q127004412	6000000015524112730
Q127004415	6000000015529255194
Q127004417	6000000015540528373
Q127004418	6000000015540964781
Q127004421	6000000015540997267
Q127004424	6000000015541091374
Q127004427	6000000015647236538
Q127004429	6000000015683713441
Q127004431	6000000015700709015
Q127004432	6000000015743661655
Q127004434	6000000015744083041
Q127004436	6000000015749198672
Q127004437	6000000015749245541
Q127004439	6000000015774312062
Q127004443	6000000015820368588
Q127004445	6000000015842112203
Q127004447	6000000015863540378
Q127004459	6000000015863713048
Q127004461	6000000015877123598
Q127004462	6000000015877241259
Q127004464	6000000015896282585
Q127004466	6000000015898159539
Q127004467	6000000015906152031
Q127004470	6000000015989725568
Q127004471	6000000016011550655
Q127004473	6000000016011773434
Q127004475	6000000016066703682
Q127004477	6000000016067909373
Q127004479	6000000016067912506
Q127004481	6000000016068824156
Q127004483	6000000016115476421
Q127004484	6000000016117165478
Q127004486	6000000016164933991
Q127004487	6000000016165308389
Q127004489	6000000016289560713
Q127004491	6000000016289770064
Q127004493	6000000016290194410
Q127004494	6000000016291484591
Q127004496	6000000016291600189
Q127004498	6000000016411910259
Q127004499	6000000016413283971
Q127004502	6000000016413318703
Q127004504	6000000016413388610
Q127004514	6000000016413510019
Q127004515	6000000016518517605
Q127004517	6000000016518698004
Q127004519	6000000016696175317
Q127004520	6000000016696635432
Q127004522	6000000016804137369
Q127004525	6000000016925078996
Q127004527	6000000017002118811
Q127004531	6000000017005069425
Q127004533	6000000017073442651
Q127004534	6000000017079168445
Q127004536	6000000017132890630
Q127004537	6000000017136467566
Q127004542	6000000017237180160
Q127004543	6000000017265044374
Q127004545	6000000017281758887
Q127004547	6000000017360747391
Q127004549	6000000017383434046
Q127004550	6000000017463703688
Q127004553	6000000017469508311
Q127004554	6000000017496258128
Q127004556	6000000017496260202
Q127004557	6000000017496733897
Q127004559	6000000017497282625
Q127004560	6000000017512675752
Q127004562	6000000017576325300
Q127004564	6000000017584024869
Q127004568	6000000017623637275
Q127004570	6000000017624106450
Q127004572	6000000017625162861
Q127004582	6000000017625200497
Q127004584	6000000017625470315
Q127004586	6000000017626268110
Q127004587	6000000017727892565
Q127004589	6000000017728766958
Q127004590	6000000017729274224
Q127004592	6000000017736893676
Q127004594	6000000017744280685
Q127004596	6000000017746994356
Q127004597	6000000017747400964
Q127004599	6000000017763755727
Q127004601	6000000017770748906
Q127004612	6000000017783378415
Q127004615	6000000017785213940
Q127004616	6000000017785318088
Q127004620	6000000017786382543
Q127004621	6000000017790032705
Q127004622	6000000017793322427
Q127004624	6000000017793664275
Q127004625	6000000017793683319
Q127004627	6000000017834213563
Q127004629	6000000017834422174
Q127004631	6000000017834437260
Q127004632	6000000017893505136
Q127004635	6000000017932149383
Q127004640	6000000017983659462
Q127004642	6000000017988915149
Q127004645	6000000017992858429
Q127004647	6000000017992955172
Q127004649	6000000018000250211
Q127004651	6000000018007744334
Q127004652	6000000018040158085
Q127004666	6000000018040392305
Q127004667	6000000018049030505
Q127004669	6000000018067911262
Q127004671	6000000018067990519
Q127004676	6000000018070358020
Q127004681	6000000018075006541
Q127004683	6000000018075441342
Q127004684	6000000018076554225
Q127004686	6000000018078020966
Q127004687	6000000018096816560
Q127004689	6000000018097108792
Q127004691	6000000018097323472
Q127004696	6000000018097682198
Q127004698	6000000018097718139
Q127004702	6000000018101772475
Q127004703	6000000018102192630
Q127004705	6000000018103199744
Q127004707	6000000018106950901
Q127004709	6000000018107055945
Q127004711	6000000018113043634
Q127004713	6000000018113882097
Q127004716	6000000018113913560
Q127004718	6000000018116779779
Q127004723	6000000018118208199
Q127004725	6000000018118281441
Q127004726	6000000018127361402
Q127004727	6000000018134030887
Q127004729	6000000018134756981
Q127004730	6000000018134802253
Q127004741	6000000018135232494
Q127004742	6000000018135641080
Q127004744	6000000018136499536
Q127004747	6000000018145500915
Q127004748	6000000018181490793
Q127004749	6000000018181692939
Q127004752	6000000018182315411
Q127004755	6000000018184330105
Q127004757	6000000018188825888
Q127004759	6000000018190415757
Q127004761	6000000018204108068
Q127004763	6000000018204520357
Q127004765	6000000018214881582
Q127004766	6000000018217304095
Q127004769	6000000018236866093
Q127004772	6000000018236866364
Q127004781	6000000018238704109
Q127004783	6000000018238710075
Q127004785	6000000018239742897
Q127004787	6000000018240250505
Q127004789	6000000018240735738
Q127004791	6000000018240911948
Q127004793	6000000018241877531
Q127004795	6000000018241895530
Q127004797	6000000018241903028
Q127004799	6000000018242165208
Q127004801	6000000018242181231
Q127004805	6000000018242255450
Q127004807	6000000018242418504
Q127004808	6000000018242456138
Q127004812	6000000018242483268
Q127004814	6000000018257582896
Q127004816	6000000018258005114
Q127004819	6000000018270350914
Q127004820	6000000018271113081
Q127004821	6000000018275925198
Q127004823	6000000018290421708
Q127004825	6000000018299412900
Q127004827	6000000018300187223
Q127004838	6000000018307789382
Q127004842	6000000018316222792
Q127004845	6000000018322518561
Q127004847	6000000018327190522
Q127004850	6000000018327729993
Q127004851	6000000018328085637
Q127004853	6000000018329381501
Q127004855	6000000018329572069
Q127004857	6000000018329739134
Q127004858	6000000018337674441
Q127004860	6000000018338332822
Q127004867	6000000018338620504
Q127004870	6000000018338637323
Q127004871	6000000018338702639
Q127004873	6000000018338927101
Q127004876	6000000018347114821
Q127004878	6000000018347617410
Q127004880	6000000018347850482
Q127004882	6000000018348813299
Q127004884	6000000018348889845
Q127004887	6000000018359294071
Q127004888	6000000018359643434
Q127004893	6000000018359745453
Q127004896	6000000018359751413
Q127004898	6000000018359760980
Q127004900	6000000018359833092
Q127004902	6000000018359834839
Q127004905	6000000018367240565
Q127004907	6000000018367885685
Q127004908	6000000018368150951
Q127004910	6000000018368610189
Q127004912	6000000018368810312
Q127004913	6000000018368829793
Q127004915	6000000018370565649
Q127004917	6000000018371068039
Q127004919	6000000018377191385
Q127004921	6000000018377223812
Q127004922	6000000018378575780
Q127004925	6000000018384773905
Q127004927	6000000018386256646
Q127004929	6000000018387014411
Q127004930	6000000018387544563
Q127004932	6000000018388835005
Q127004934	6000000018393826096
Q127004935	6000000018393977335
Q127004936	6000000018397091907
Q127004939	6000000018397120604
Q127004941	6000000018405844966
Q127004943	6000000018406610196
Q127004946	6000000018406771491
Q127004948	6000000018407043699
Q127004950	6000000018407073372
Q127004952	6000000018407564035
Q127004962	6000000018415366394
Q127004964	6000000018415920470
Q127004966	6000000018416340742
Q127004969	6000000018416613541
Q127004971	6000000018424456470
Q127004972	6000000018424848199
Q127004974	6000000018425295480
Q127004976	6000000018425925016
Q127004977	6000000018426317249
Q127004979	6000000018461243723
Q127004980	6000000018461570138
Q127004983	6000000018463799789
Q127004985	6000000018463866532
Q127004987	6000000018463986519
Q127004990	6000000018471761834
Q127004991	6000000018475260010
Q127004994	6000000018481706746
Q127004996	6000000018490304048
Q127005000	6000000018498679899
Q127005001	6000000018499426167
Q127005003	6000000018499681236
Q127005005	6000000018500488292
Q127005007	6000000018500913581
Q127005010	6000000018501367384
Q127005011	6000000018516866560
Q127005013	6000000018516909798
Q127005016	6000000018517128375
Q127005018	6000000018517276687
Q127005021	6000000018528767983
Q127005023	6000000018543045532
Q127005026	6000000018546240362
Q127005028	6000000018557178248
Q127005032	6000000018557232932
Q127005035	6000000018557498399
Q127005037	6000000018566936836
Q127005039	6000000018569754005
Q127005041	6000000018575514955
Q127005043	6000000018575536999
Q127005050	6000000018576825046
Q127005052	6000000018577486365
Q127005054	6000000018579320337
Q127005056	6000000018580210968
Q127005058	6000000018580799860
Q127005059	6000000018581039837
Q127005061	6000000018581305327
Q127005064	6000000018594005026
Q127005066	6000000018594550060
Q127005067	6000000018604363100
Q127005069	6000000018604637767
Q127005071	6000000018604865951
Q127005072	6000000018605177362
Q127005074	6000000018605188937
Q127005076	6000000018605770307
Q127005079	6000000018610414332
Q127005082	6000000018610563194
Q127005087	6000000018615363647
Q127005089	6000000018615554353
Q127005090	6000000018615686271
Q127005092	6000000018625258808
Q127005093	6000000018626946470
Q127005095	6000000018626984637
Q127005096	6000000018626993051
Q127005098	6000000018627166706
Q127005100	6000000018630141951
Q127005103	6000000018631274306
Q127005105	6000000018631322322
Q127005109	6000000018634751288
Q127005112	6000000018636376036
Q127005114	6000000018636406216
Q127005116	6000000018636570279
Q127005119	6000000018636655091
Q127005120	6000000018637140936
Q127005122	6000000018637748111
Q127005125	6000000018637849175
Q127005127	6000000018637927030
Q127005128	6000000018671483646
Q127005130	6000000018671522739
Q127005131	6000000018985752616
Q127005133	6000000019011618007
Q127005135	6000000019012547504
Q127005137	6000000019023399416
Q127005138	6000000019027661285
Q127005140	6000000019108822869
Q127005142	6000000019160115250
Q127005143	6000000019237226899
Q127005145	6000000019237320678
Q127005147	6000000019336868165
Q127005149	6000000019337293146
Q127005150	6000000019341555166
Q127005152	6000000019341564627
Q127005154	6000000019341602233
Q127005156	6000000019348120739
Q127005158	6000000019348324352
Q127005159	6000000019348388119
Q127005161	6000000019395248567
Q127005166	6000000019414006286
Q127005168	6000000019414155038
Q127005172	6000000019423470435
Q127005175	6000000019423586986
Q127005177	6000000019424246164
Q127005179	6000000019425336324
Q127005181	6000000019528615096
Q127005182	6000000019553977376
Q127005184	6000000019632999667
Q127005185	6000000019732403046
Q127005191	6000000019756420285
Q127005197	6000000038788682091
Q127005202	6000000019818915060
Q127005204	6000000019842359353
Q127005206	6000000019842902717
Q127005208	6000000019858386563
Q127005210	6000000019904955440
Q127005211	6000000019979777600
Q127005213	6000000019991930716
Q127005215	6000000020204776163
Q127005217	6000000020208191153
Q127005220	6000000020251736050
Q127005221	6000000020264931477
Q127005224	6000000020265367827
Q127005225	6000000020265388142
Q127005227	6000000020265520880
Q127005230	6000000020280392155
Q127005231	6000000020280490852
Q127005233	6000000020280568850
Q127005235	6000000020293045897
Q127005237	6000000020306002267
Q127005239	6000000020306402710
Q127005242	6000000020310148041
Q127005243	6000000020315501933
Q127005245	6000000020315583215
Q127005247	6000000020326168877
Q127005249	6000000020328276402
Q127005251	6000000020328435561
Q127005252	6000000020328440545
Q127005254	6000000020328511632
Q127005255	6000000020330374397
Q127005258	6000000020330523624
Q127005260	6000000020330548751
Q127005261	6000000020330570333
Q127005263	6000000020330584903
Q127005264	6000000020355843391
Q127005268	6000000020358877362
Q127005273	6000000020358927230
Q127005275	6000000020368471132
Q127005277	6000000020376830273
Q127005278	6000000020386947960
Q127005280	6000000020389686502
Q127005282	6000000020421106033
Q127005284	6000000020421130460
Q127005286	6000000020421228205
Q127005288	6000000020421349034
Q127005290	6000000020447240249
Q127005292	6000000020447323208
Q127005295	6000000020447407913
Q127005297	6000000020448580004
Q127005298	6000000020505759641
Q127005300	6000000020515811400
Q127005302	6000000020516065350
Q127005305	6000000020516174073
Q127005306	6000000020531193476
Q127005308	6000000020545904788
Q127005310	6000000020555977494
Q127005312	6000000020603154052
Q127005314	6000000020612159896
Q127005321	6000000020623603255
Q127005322	6000000020664568872
Q127005324	6000000020667733796
Q127005326	6000000020672762082
Q127005328	6000000020693542264
Q127005329	6000000020759130776
Q127005332	6000000020879870327
Q127005333	6000000020973194846
Q127005336	6000000020986705852
Q127005338	6000000021059744186
Q127005342	6000000021077679827
Q127005344	6000000021088434702
Q127005346	6000000021089049825
Q127005348	6000000021108166865
Q127005350	6000000021115778265
Q127005354	6000000021143384460
Q127005356	6000000021156541904
Q127005359	6000000021173555923
Q127005369	6000000021186028969
Q127005371	6000000021212767685
Q127005373	6000000021213727247
Q127005375	6000000021236279932
Q127005376	6000000021238108416
Q127005378	6000000021249457848
Q127005379	6000000021249460965
Q127005381	6000000021260017106
Q127005383	6000000021260613698
Q127005385	6000000021260720234
Q127005387	6000000021260836047
Q127005389	6000000021441825416
Q127005390	6000000021442426063
Q127005393	6000000021450222335
Q127005395	6000000021519506836
Q127005397	6000000021570357571
Q127005398	6000000021578865817
Q127005400	6000000021637468512
Q127005402	6000000021648423287
Q127005404	6000000021648750751
Q127005405	6000000021649022930
Q127005410	6000000021660320655
Q127005411	6000000021701278677
Q127005414	6000000021766719736
Q127005416	6000000021767453016
Q127005417	6000000021768533751
Q127005420	6000000021768608071
Q127005424	6000000021934345642
Q127005426	6000000021976420021
Q127005428	6000000022019620643
Q127005429	6000000022072779352
Q127005432	6000000022072828187
Q127005434	6000000022073848063
Q127005435	6000000022100876656
Q127005437	6000000022102654464
Q127005439	6000000022103755972
Q127005440	6000000022145762136
Q127005442	6000000022159161810
Q127005444	6000000022197708015
Q127005446	6000000022199297276
Q127005452	6000000022200746173
Q127005454	6000000022201541164
Q127005455	6000000022214960229
Q127005457	6000000022216220116
Q127005459	6000000022217354395
Q127005461	6000000022248300709
Q127005463	6000000022248311671
Q127005465	6000000022248416882
Q127005467	6000000022248518580
Q127005468	6000000022248549226
Q127005470	6000000022249383877
Q127005472	6000000022249394055
Q127005474	6000000022254111433
Q127005476	6000000022257556283
Q127005489	6000000022289781226
Q127005492	6000000022308788527
Q127005495	6000000022309896263
Q127005496	6000000022315164003
Q127005498	6000000022317909167
Q127005500	6000000022317988273
Q127005502	6000000022319005436
Q127005505	6000000022319702578
Q127005508	6000000022332431990
Q127005510	6000000022347103423
Q127005513	6000000022358441420
Q127005514	6000000022468427135
Q127005516	6000000022499356209
Q127005518	6000000022502917073
Q127005520	6000000022510494201
Q127005522	6000000022527569548
Q127005523	6000000022588353798
Q127005525	6000000022588502195
Q127005526	6000000022628680240
Q127005528	6000000022674955948
Q127005531	6000000022798269601
Q127005533	6000000022798727193
Q127005534	6000000022802179201
Q127005536	6000000022802186114
Q127005538	6000000022935390071
Q127005541	6000000023069429860
Q127005543	6000000023071903867
Q127005545	6000000023083380162
Q127005546	6000000023087412868
Q127005548	6000000023092764885
Q127005550	6000000023129700387
Q127005552	6000000023251554736
Q127005554	6000000023267835832
Q127005555	6000000023272641570
Q127005557	6000000023288528159
Q127005559	6000000023288904508
Q127005560	6000000023306435621
Q127005562	6000000023306925402
Q127005565	6000000023386007074
Q127005567	6000000023402569203
Q127005569	6000000023437836924
Q127005571	6000000023451120653
Q127005573	6000000023482219802
Q127005574	6000000023527424945
Q127005576	6000000023540625346
Q127005577	6000000023541655092
Q127005579	6000000023550078965
Q127005581	6000000023550670821
Q127005583	6000000023734712474
Q127005584	6000000023770334488
Q127005586	6000000023852157044
Q127005588	6000000023880550725
Q127005590	6000000023909243989
Q127005596	6000000023909688728
Q127005598	6000000023910443096
Q127005602	6000000023910537211
Q127005616	6000000023911199389
Q127005617	6000000023911217619
Q127005619	6000000023965036212
Q127005623	6000000023967364396
Q127005630	6000000023968494133
Q127005632	6000000023970641482
Q127005634	6000000024006541597
Q127005645	6000000024018528843
Q127005646	6000000024018671891
Q127005648	6000000024034756058
Q127005652	6000000024034943780
Q127005654	6000000024035504828
Q127005656	6000000024035550057
Q127005658	6000000024035644861
Q127005660	6000000024048974834
Q127005662	6000000024130166096
Q127005663	6000000024193028691
Q127005665	6000000024205720961
Q127005667	6000000024233872637
Q127005668	6000000024247648374
Q127005670	6000000024277029131
Q127005672	6000000024278908786
Q127005673	6000000024280397421
Q127005676	6000000024293271789
Q127005678	6000000024312351271
Q127005680	6000000024358585529
Q127005682	6000000024366225716
Q127005684	6000000024366304950
Q127005686	6000000024366357915
Q127005687	6000000024373651829
Q127005689	6000000024374702131
Q127005690	6000000024387555612
Q127005692	6000000024418370756
Q127005703	6000000024419830960
Q127005705	6000000024424843366
Q127005706	6000000024434748846
Q127005708	6000000024474249458
Q127005710	6000000024474650981
Q127005719	6000000024475624022
Q127005721	6000000024486357428
Q127005723	6000000024499753187
Q127005725	6000000024501370597
Q127005727	6000000024501551726
Q127005729	6000000024501590064
Q127005730	6000000024501902015
Q127005732	6000000024513694531
Q127005734	6000000024513815753
Q127005735	6000000024514533998
Q127005737	6000000024537395058
Q127005739	6000000024537663431
Q127005743	6000000024543243383
Q127005745	6000000024566315530
Q127005747	6000000024566461984
Q127005749	6000000024572589070
Q127005750	6000000024578796688
Q127005752	6000000024582585695
Q127005754	6000000024582943861
Q127005756	6000000024583831084
Q127005757	6000000024592511847
Q127005759	6000000024594672390
Q127005761	6000000024595524653
Q127005773	6000000024595839214
Q127005775	6000000024598075756
Q127005784	6000000024610642929
Q127005786	6000000024610688903
Q127005787	6000000024610710943
Q127005789	6000000024610765923
Q127005791	6000000024625692608
Q127005793	6000000024628165983
Q127005795	6000000024628451863
Q127005796	6000000024642287932
Q127005798	6000000024642314869
Q127005799	6000000024650406868
Q127005801	6000000024651710057
Q127005803	6000000024655046960
Q127005804	6000000024656160182
Q127005806	6000000024656744882
Q127005808	6000000024659413331
Q127005809	6000000024668483536
Q127005811	6000000024669568259
Q127005815	6000000024681482946
Q127005816	6000000024683136612
Q127005818	6000000024695149133
Q127005820	6000000024710192166
Q127005821	6000000024710307041
Q127005823	6000000024750110287
Q127005825	6000000024774142947
Q127005827	6000000024774152357
Q127005837	6000000024801617976
Q127005839	6000000024802752058
Q127005841	6000000024806232833
Q127005842	6000000024810960764
Q127005844	6000000024846065587
Q127005846	6000000024847230177
Q127005848	6000000024886558824
Q127005849	6000000024890118576
Q127005851	6000000024901272964
Q127005853	6000000024901288920
Q127005855	6000000024942612264
Q127005856	6000000024957741554
Q127005858	6000000025013824140
Q127005860	6000000025018043461
Q127005861	6000000025018163852
Q127005863	6000000025082714863
Q127005864	6000000025095490911
Q127005866	6000000025095761939
Q127005870	6000000025155509983
Q127005871	6000000025158722010
Q127005873	6000000025212869142
Q127005875	6000000025223246273
Q127005877	6000000025226603190
Q127005878	6000000025252223001
Q127005880	6000000025259152130
Q127005894	6000000025259753585
Q127005895	6000000025299216702
Q127005904	6000000025301624017
Q127005906	6000000025309910944
Q127005913	6000000025327384822
Q127005915	6000000025328388638
Q127005916	6000000025329250364
Q127005918	6000000025358564181
Q127005922	6000000025361966957
Q127005924	6000000025385843033
Q127005926	6000000025445959637
Q127005932	6000000025512890675
Q127005934	6000000025513044251
Q127005936	6000000025540974192
Q127005939	6000000025581115230
Q127005941	6000000025631919146
Q127005942	6000000025644574405
Q127005944	6000000025657453170
Q127005949	6000000025661520509
Q127005952	6000000025663717304
Q127005954	6000000025664066122
Q127005960	6000000025669880486
Q127005962	6000000025673199891
Q127005964	6000000025690133028
Q127005966	6000000025692146280
Q127005968	6000000025704007685
Q127005970	6000000025706201373
Q127005971	6000000025706736850
Q127005973	6000000025717377073
Q127005974	6000000025717807538
Q127005976	6000000025718149299
Q127005978	6000000025719037825
Q127005980	6000000025719619067
Q127005981	6000000025724348617
Q127005984	6000000025737377476
Q127005986	6000000025741503675
Q127005987	6000000025741881130
Q127005989	6000000025742564182
Q127005991	6000000025754151346
Q127005992	6000000025754451164
Q127005994	6000000025754511849
Q127006003	6000000025764994246
Q127006005	6000000025766015763
Q127006007	6000000025766635119
Q127006008	6000000025766658066
Q127006010	6000000025767952668
Q127006013	6000000025767968740
Q127006014	6000000025768224197
Q127006016	6000000025768388120
Q127006018	6000000025785028950
Q127006020	6000000025804004323
Q127006022	6000000025804111257
Q127006024	6000000025804396088
Q127006025	6000000025804473742
Q127006027	6000000025805797730
Q127006028	6000000025806341788
Q127006030	6000000025810366382
Q127006032	6000000025818079798
Q127006034	6000000025818217321
Q127006036	6000000025819947566
Q127006037	6000000025831940744
Q127006039	6000000025834752052
Q127006041	6000000025846001062
Q127006043	6000000025846250333
Q127006045	6000000025847569464
Q127006046	6000000025847838566
Q127006048	6000000025855395662
Q127006049	6000000025858372986
Q127006051	6000000025860853025
Q127006054	6000000025862533291
Q127006056	6000000025873622050
Q127006057	6000000025876546390
Q127006059	6000000025876618546
Q127006061	6000000025877986839
Q127006063	6000000025889219928
Q127006065	6000000025902572780
Q127006067	6000000025902688549
Q127006072	6000000025902870029
Q127006073	6000000025903008316
Q127006075	6000000025914290470
Q127006078	6000000025914376315
Q127006082	6000000025914389252
Q127006085	6000000025915245205
Q127006088	6000000025929376031
Q127006089	6000000025956078387
Q127006093	6000000025956398013
Q127006096	6000000025957478992
Q127006098	6000000025966487209
Q127006099	6000000025967005479
Q127006106	6000000025967716888
Q127006108	6000000025970545077
Q127006109	6000000025984417023
Q127006112	6000000025985507298
Q127006114	6000000025985640141
Q127006115	6000000025987077830
Q127006117	6000000025989518476
Q127006120	6000000025989839280
Q127006122	6000000025996121265
Q127006124	6000000025996164947
Q127006125	6000000025996438190
Q127006126	6000000026001828735
Q127006129	6000000026001835682
Q127006132	6000000026001956812
Q127006138	6000000026002673112
Q127006140	6000000026002695919
Q127006151	6000000026009136579
Q127006154	6000000026010199021
Q127006156	6000000026013418551
Q127006158	6000000026026045370
Q127006160	6000000026027205656
Q127006161	6000000026036556268
Q127006163	6000000026036906268
Q127006164	6000000026039185790
Q127006166	6000000026051689241
Q127006170	6000000026051945970
Q127006171	6000000026051980854
Q127006173	6000000026052032640
Q127006175	6000000026062666458
Q127006177	6000000026063655946
Q127006190	6000000026063936957
Q127006193	6000000026065117216
Q127006195	6000000026067254053
Q127006197	6000000026067305238
Q127006198	6000000026067548244
Q127006199	6000000026077535394
Q127006201	6000000026077609323
Q127006203	6000000026079947013
Q127006204	6000000026102178379
Q127006206	6000000026102345985
Q127006208	6000000026104338312
Q127006210	6000000026104765835
Q127006212	6000000026116205803
Q127006214	6000000026117966534
Q127006216	6000000026335562540
Q127006219	6000000026335654747
Q127006220	6000000026335711285
Q127006221	6000000026344122265
Q127006223	6000000026364364494
Q127006225	6000000026367024749
Q127006227	6000000026370630884
Q127006228	6000000026381654438
Q127006230	6000000026392223048
Q127006233	6000000026392430546
Q127006237	6000000026406578422
Q127006238	6000000026434031815
Q127006239	6000000026435907112
Q127006241	6000000026466041859
Q127006243	6000000026507205377
Q127006245	6000000026517795052
Q127006247	6000000026632404564
Q127006249	6000000026632544455
Q127006251	6000000026647440835
Q127006252	6000000026660872328
Q127006254	6000000026692853771
Q127006256	6000000026696401783
Q127006258	6000000026697347019
Q127006259	6000000026810210870
Q127006261	6000000026830903780
Q127006263	6000000026831290940
Q127006265	6000000026831452934
Q127006267	6000000027013808557
Q127006268	6000000027014301483
Q127006272	6000000027040605003
Q127006274	6000000027359199572
Q127006275	6000000027685740495
Q127006277	6000000027919020470
Q127006278	6000000028002268827
Q127006281	6000000028005654098
Q127006283	6000000028260983820
Q127006285	6000000028261588099
Q127006286	6000000028392734770
Q127006298	6000000028636133091
Q127006300	6000000028729982717
Q127006301	6000000028958652915
Q127006304	6000000029010386004
Q127006306	6000000029048221326
Q127006327	6000000029048914252
Q127006329	6000000029098380951
Q127006330	6000000029127150438
Q127006332	6000000029128348631
Q127006334	6000000029128365018
Q127006338	6000000029137813919
Q127006340	6000000029138039348
Q127006342	6000000029175334246
Q127006344	6000000029203919852
Q127006345	6000000029224494824
Q127006346	6000000029246509423
Q127006348	6000000029265139554
Q127006351	6000000029445266356
Q127006353	6000000029445421412
Q127006355	6000000029448135326
Q127006356	6000000029491539746
Q127006358	6000000029514374875
Q127006360	6000000029515310821
Q127006362	6000000029575731215
Q127006364	6000000029619124679
Q127006366	6000000029620903835
Q127006368	6000000029621106942
Q127006370	6000000029626303395
Q127006372	6000000029626644873
Q127006373	6000000029694894634
Q127006374	6000000029699114939
Q127006376	6000000029761714938
Q127006377	6000000029817898226
Q127006379	6000000029983278943
Q127006380	6000000030084533202
Q127006382	6000000030084712995
Q127006384	6000000030124657865
Q127006386	6000000030164245032
Q127006389	6000000030171188658
Q127006391	6000000030189990940
Q127006393	6000000030207482161
Q127006395	6000000030245459112
Q127006396	6000000030326045798
Q127006398	6000000030473713835
Q127006404	6000000030474108039
Q127006406	6000000030594807662
Q127006408	6000000030732881519
Q127006409	6000000030749595706
Q127006411	6000000030749626037
Q127006412	6000000030844456247
Q127006414	6000000031084437021
Q127006422	6000000031264477959
Q127006424	6000000031272484456
Q127006426	6000000031361412110
Q127006427	6000000031444378480
Q127006429	6000000031853590499
Q127006437	6000000031877372659
Q127006444	6000000031899437978
Q127006446	6000000032065414153
Q127006452	6000000032137495010
Q127006453	6000000032339776080
Q127006455	6000000032340027093
Q127006456	6000000032340094897
Q127006458	6000000032544631968
Q127006460	6000000032572455785
Q127006470	6000000032597226606
Q127006471	6000000032660699436
Q127006473	6000000032661720934
Q127006475	6000000032664405898
Q127006477	6000000032664808090
Q127006479	6000000032671195598
Q127006491	6000000032676553449
Q127006493	6000000032838792911
Q127006495	6000000033067368882
Q127006497	6000000033189896628
Q127006498	6000000033307566146
Q127006499	6000000033327379316
Q127006501	6000000033863686569
Q127006503	6000000033889878003
Q127006505	6000000033984665187
Q127006507	6000000034004174995
Q127006508	6000000034038460296
Q127006510	6000000034047065821
Q127006515	6000000034048065092
Q127006517	6000000034049152993
Q127006519	6000000034114600990
Q127006521	6000000034167053343
Q127006523	6000000034225706713
Q127006524	6000000034226960969
Q127006526	6000000034366284981
Q127006528	6000000034366975008
Q127006529	6000000034376400873
Q127006531	6000000034406847122
Q127006532	6000000034407100906
Q127006534	6000000034435396629
Q127006536	6000000034440253812
Q127006538	6000000034442373821
Q127006539	6000000034447239698
Q127006541	6000000034471173813
Q127006543	6000000034472159987
Q127006544	6000000034475757018
Q127006546	6000000034513028884
Q127006548	6000000034517133768
Q127006550	6000000034518082941
Q127006551	6000000034594114137
Q127006553	6000000034595115106
Q127006555	6000000034659795515
Q127006556	6000000034665283406
Q127006558	6000000034716919018
Q127006560	6000000034956177593
Q127006561	6000000034959259266
Q127006563	6000000034960963847
Q127006565	6000000035044559701
Q127006566	6000000035046710046
Q127006573	6000000035059065501
Q127006575	6000000035062613968
Q127006576	6000000035068100537
Q127006578	6000000035068990063
Q127006579	6000000175277998840
Q127006581	6000000035069156010
Q127006583	6000000035108633993
Q127006585	6000000035108759058
Q127006586	6000000035110312071
Q127006596	6000000035129817230
Q127006599	6000000035129974433
Q127006600	6000000035130657988
Q127006603	6000000035132578611
Q127006605	6000000035143339274
Q127006606	6000000035152040294
Q127006608	6000000035152365277
Q127006614	6000000035157732130
Q127006616	6000000035279674671
Q127006618	6000000035362580875
Q127006619	6000000035415469234
Q127006621	6000000035488826258
Q127006623	6000000035693866990
Q127006624	6000000035768667914
Q127006626	6000000035770382681
Q127006628	6000000035816521124
Q127006630	6000000035937039298
Q127006632	6000000035993122415
Q127006634	6000000036001352382
Q127006637	6000000036269654477
Q127006639	6000000036361458201
Q127006641	6000000036388922897
Q127006647	6000000036507338402
Q127006649	6000000036744570276
Q127006651	6000000036845551843
Q127006652	6000000037013557554
Q127006654	6000000037014153087
Q127006656	6000000037084518716
Q127006657	6000000037172856433
Q127006659	6000000037259938829
Q127006661	6000000037429469331
Q127006662	6000000037455784808
Q127006664	6000000037493872314
Q127006666	6000000037515478423
Q127006668	6000000037516035666
Q127006670	6000000037519183922
Q127006672	6000000037562380115
Q127006676	6000000037574370138
Q127006677	6000000037597402644
Q127006679	6000000037597567656
Q127006680	6000000037624490525
Q127006682	6000000037626475373
Q127006683	6000000037646224972
Q127006685	6000000037670435287
Q127006687	6000000037672909891
Q127006689	6000000037714095368
Q127006691	6000000037716595852
Q127006693	6000000037720462559
Q127006702	6000000037721489118
Q127006704	6000000037772679877
Q127006706	6000000037810721392
Q127006716	6000000037812455795
Q127006718	6000000037817316185
Q127006719	6000000037835568562
Q127006721	6000000037839474179
Q127006722	6000000037840381829
Q127006724	6000000037856826945
Q127006725	6000000037881584032
Q127006727	6000000037881652143
Q127006728	6000000037883978040
Q127006730	6000000037885585854
Q127006732	6000000037944346926
Q127006734	6000000037961276407
Q127006736	6000000038006236837
Q127006737	6000000038042530817
Q127006739	6000000038048278865
Q127006745	6000000038066176114
Q127006747	6000000038170759610
Q127006750	6000000038270878170
Q127006753	6000000038276785399
Q127006755	6000000038293110210
Q127006757	6000000038303199916
Q127006758	6000000038340665239
Q127006765	6000000038382463988
Q127006768	6000000038392977649
Q127006770	6000000038403791123
Q127006771	6000000038405954588
Q127006774	6000000038409046821
Q127006775	6000000038491366068
Q127006778	6000000038492967872
Q127006780	6000000038529009929
Q127006781	6000000038548291940
Q127006782	6000000038572783465
Q127006784	6000000038572997499
Q127006786	6000000038580898687
Q127006788	6000000038709902195
Q127006790	6000000038766163943
Q127006791	6000000038786011959
Q127006793	6000000038787696202
Q127006795	6000000038795811855
Q127006797	6000000038807187870
Q127006798	6000000038849214371
Q127006800	6000000038870453617
Q127006801	6000000038943851088
Q127006803	6000000038991654415
Q127006804	6000000038999808564
Q127006805	6000000039080174995
Q127006807	6000000039080205659
Q127006810	6000000039129047615
Q127006812	6000000039175005433
Q127006814	6000000039206915123
Q127006815	6000000039251002094
Q127006817	6000000039281055242
Q127006824	6000000039299122107
Q127006834	6000000039306078962
Q127006836	6000000039307032081
Q127006838	6000000039331011067
Q127006840	6000000039355228075
Q127006841	6000000039376173094
Q127006843	6000000039415318794
Q127006845	6000000039444535929
Q127006847	6000000039504799187
Q127006849	6000000039506310937
Q127006850	6000000039584931089
Q127006852	6000000039621259492
Q127006853	6000000039644626031
Q127006855	6000000039724396847
Q127006856	6000000039727403015
Q127006858	6000000039731997934
Q127006860	6000000039734166003
Q127006862	6000000039765901026
Q127006864	6000000039766368442
Q127006866	6000000039766501090
Q127006868	6000000039766510452
Q127006870	6000000039766512562
Q127006872	6000000039784513911
Q127006873	6000000039784525911
Q127006874	6000000039841968778
Q127006881	6000000039907985447
Q127006883	6000000039913403824
Q127006884	6000000039940219615
Q127006886	6000000039940317642
Q127006888	6000000039940484295
Q127006889	6000000039975687859
Q127006890	6000000040149234830
Q127006892	6000000040149239928
Q127006894	6000000040156629279
Q127006896	6000000040157110707
Q127006897	6000000040207224228
Q127006899	6000000040225025019
Q127006900	6000000040227410495
Q127006902	6000000040228605038
Q127006904	6000000040277569898
Q127006906	6000000040277998236
Q127006907	6000000040285273347
Q127006909	6000000040285973239
Q127006911	6000000040286033964
Q127006912	6000000040310444946
Q127006913	6000000040398044014
Q127006916	6000000040442560337
Q127006919	6000000040460548370
Q127006922	6000000040468830914
Q127006924	6000000040469057916
Q127006926	6000000040485876093
Q127006929	6000000040500592095
Q127006930	6000000040507939654
Q127006932	6000000040515532280
Q127006935	6000000040515996937
Q127006937	6000000040531109961
Q127006939	6000000040533454280
Q127006941	6000000040533464798
Q127006942	6000000040533507252
Q127006944	6000000040533639279
Q127006945	6000000040534128209
Q127006947	6000000040534610209
Q127006950	6000000040537324230
Q127006951	6000000040537593124
Q127006952	6000000040537809938
Q127006954	6000000040559246860
Q127006961	6000000040562507927
Q127006967	6000000040579670064
Q127006968	6000000040579762828
Q127006970	6000000040582680799
Q127006972	6000000040583027913
Q127006973	6000000040727933481
Q127006975	6000000040728833072
Q127006977	6000000040845974914
Q127006978	6000000040867213225
Q127006980	6000000040900704477
Q127006982	6000000040900810914
Q127006983	6000000040908222823
Q127006985	6000000040979722090
Q127006987	6000000041036005683
Q127006988	6000000041053540434
Q127006990	6000000041115614829
Q127006992	6000000041250898208
Q127006994	6000000041297263341
Q127006996	6000000041321709960
Q127006997	6000000041366172471
Q127006999	6000000041407584157
Q127007001	6000000041446917706
Q127007003	6000000041543659531
Q127007004	6000000041583924623
Q127007011	6000000041609769740
Q127007012	6000000041719972185
Q127007014	6000000042200431923
Q127007015	6000000023232462867
Q127007017	6000000042288809418
Q127007018	6000000042302675985
Q127007020	6000000042328024706
Q127007021	6000000042351547960
Q127007023	6000000042443476992
Q127007026	6000000042459388510
Q127007028	6000000042483458553
Q127007030	6000000042511531617
Q127007031	6000000042513325936
Q127007033	6000000042557548926
Q127007035	6000000042631880111
Q127007036	6000000042701304496
Q127007038	6000000042701482239
Q127007039	6000000042765158184
Q127007046	6000000042947523262
Q127007048	6000000042949237685
Q127007049	6000000042950771486
Q127007051	6000000042951014970
Q127007053	6000000042974366260
Q127007055	6000000043104318383
Q127007057	6000000043124839443
Q127007058	6000000043197010226
Q127007060	6000000043310209402
Q127007064	6000000043352898786
Q127007066	6000000043424351498
Q127007077	6000000043489400130
Q127007079	6000000043556951218
Q127007080	6000000043602528599
Q127007087	6000000043681779540
Q127007089	6000000043689274835
Q127007091	6000000043796695977
Q127007093	6000000044281215319
Q127007094	6000000044300901891
Q127007096	6000000044459134292
Q127007097	6000000044460050105
Q127007099	6000000044519168821
Q127007102	6000000044526536978
Q127007104	6000000044599101858
Q127007105	6000000044817424252
Q127007107	6000000045274466921
Q127007108	6000000045279370153
Q127007110	6000000045728915383
Q127007112	6000000045993075229
Q127007113	6000000046058140580
Q127007115	6000000046058489972
Q127007117	6000000046185984824
Q127007119	6000000046334509045
Q127007120	6000000046376355307
Q127007122	6000000046410428175
Q127007124	6000000046462742859
Q127007126	6000000046464403885
Q127007128	6000000046852120475
Q127007130	6000000047128141240
Q127007132	6000000047591944040
Q127007134	6000000047629175119
Q127007135	6000000047629899856
Q127007136	6000000047630332181
Q127007138	6000000047763309821
Q127007140	6000000048161156891
Q127007141	6000000048237077141
Q127007143	6000000048512128133
Q127007144	6000000048558775875
Q127007147	6000000048790008896
Q127007149	6000000048874866857
Q127007151	6000000049185373834
Q127007162	6000000049228303975
Q127007164	6000000049646355500
Q127007167	6000000049700690906
Q127007169	6000000049825401836
Q127007172	6000000049867117822
Q127007173	6000000049897066365
Q127007175	6000000049923177427
Q127007177	6000000050022395127
Q127007178	6000000050022616118
Q127007181	6000000050030677868
Q127007183	6000000050092886865
Q127007192	6000000050108309874
Q127007194	6000000050130363168
Q127007195	6000000050603179573
Q127007197	6000000050638221910
Q127007198	6000000051342507827
Q127007209	6000000051436791215
Q127007210	6000000051442802913
Q127007212	6000000051443158016
Q127007214	6000000051630316855
Q127007216	6000000051885970955
Q127007217	6000000052155676850
Q127007221	6000000053308347951
Q127007222	6000000053595382042
Q127007224	6000000053724281044
Q127007226	6000000053738711956
Q127007228	6000000053847931987
Q127007230	6000000053893045893
Q127007231	6000000053964955948
Q127007233	6000000053972643088
Q127007236	6000000053973056852
Q127007238	6000000054022404847
Q127007247	6000000054234005092
Q127007249	6000000054325322853
Q127007250	6000000054653821821
Q127007252	6000000054998905016
Q127007253	6000000055013296852
Q127007255	6000000055389582937
Q127007257	6000000055514529860
Q127007259	6000000055518164907
Q127007261	6000000055663041215
Q127007263	6000000055967869861
Q127007264	6000000056051655169
Q127007266	6000000056148652927
Q127007268	6000000056367710068
Q127007270	6000000056432758895
Q127007272	6000000056818768926
Q127007274	6000000057077362929
Q127007275	6000000057095419007
Q127007277	6000000057195588860
Q127007279	6000000057247400881
Q127007281	6000000057439608017
Q127007283	6000000057723837879
Q127007285	6000000057960501868
Q127007287	6000000057998414835
Q127007289	6000000058007903876
Q127007291	6000000058041760905
Q127007292	6000000058162517821
Q127007294	6000000058307207832
Q127007295	6000000058678759302
Q1270073	6000000074728592849
Q127007304	6000000058747085157
Q127007311	6000000059173389297
Q127007314	6000000059475494452
Q127007315	6000000059835495878
Q127007317	6000000059839227870
Q127007319	6000000059841858842
Q127007324	6000000059847680859
Q127007326	6000000059866702043
Q127007328	6000000059899326205
Q127007329	6000000060173469114
Q127007331	6000000060173762859
Q127007333	6000000060181616870
Q127007335	6000000060312033895
Q127007337	6000000060501321109
Q127007339	6000000062015826291
Q127007341	6000000063540866886
Q127007342	6000000064295921874
Q127007344	6000000064627462102
Q127007346	6000000064764401948
Q127007348	6000000064846594915
Q127007351	6000000065648370846
Q127007352	6000000066288319845
Q127007354	6000000066546864865
Q127007356	6000000066758304975
Q127007357	6000000067176845847
Q127007359	6000000068025024046
Q127007360	6000000068536342909
Q127007362	6000000068552742836
Q127007364	6000000068569101876
Q127007365	6000000068867791964
Q127007367	6000000068894599046
Q127007369	6000000069257431074
Q127007376	6000000069588926884
Q127007378	6000000069589057880
Q127007379	6000000069900924859
Q127007381	6000000069948789883
Q127007382	6000000069955224859
Q127007384	6000000070568308985
Q127007388	6000000070732483257
Q127007390	6000000070996325847
Q127007391	6000000071146252354
Q127007393	6000000071308337036
Q127007395	6000000071308680821
Q127007396	6000000072237864341
Q127007398	6000000072238258185
Q127007424	6000000072238323914
Q127007426	6000000072376535821
Q127007428	6000000072385287060
Q127007429	6000000072424512055
Q127007431	6000000072571329612
Q127007432	6000000072571607174
Q127007434	6000000072628043133
Q127007436	6000000072630797977
Q127007438	6000000072700117821
Q127007440	6000000072718065053
Q127007442	6000000073184038086
Q127007444	6000000073220142331
Q127007447	6000000073221388153
Q127007451	6000000073221832905
Q127007452	6000000073496576558
Q127007454	6000000073507348939
Q127007456	6000000073507376875
Q127007458	6000000073590574960
Q127007459	6000000073626155350
Q127007462	6000000073719617124
Q127007464	6000000073726394023
Q127007466	6000000074722955217
Q127007468	6000000075227646216
Q127007469	6000000075228013893
Q127007471	6000000075592913884
Q127007473	6000000075983634836
Q127007475	6000000076172991882
Q127007476	6000000076173555833
Q127007478	6000000076262347878
Q127007481	6000000076655507968
Q127007483	6000000076727695844
Q127007485	6000000076774575827
Q127007487	6000000076804483942
Q127007489	6000000076804554276
Q127007490	6000000076888659677
Q127007492	6000000076962144982
Q127007494	6000000077192710654
Q127007496	6000000077319751855
Q127007497	6000000077370730821
Q127007499	6000000077430774942
Q127007500	6000000077431010276
Q127007502	6000000077444972013
Q127007504	6000000077446599031
Q127007506	6000000077617855995
Q127007507	6000000077841515086
Q127007509	6000000077894608832
Q127007511	6000000078038546104
Q127007513	6000000078056340109
Q127007514	6000000078140769447
Q127007516	6000000078245482910
Q127007518	6000000078671929002
Q127007520	6000000078840997688
Q127007522	6000000078957264537
Q127007524	6000000078957318309
Q127007526	6000000079150007889
Q127007529	6000000079264742488
Q127007531	6000000079444789599
Q127007532	6000000079769419827
Q127007534	6000000080609760287
Q127007536	6000000080765635998
Q127007539	6000000080827888492
Q127007541	6000000080883205933
Q127007542	6000000080960621881
Q127007544	6000000081073533849
Q127007546	6000000081073644823
Q127007548	6000000081104768032
Q127007550	6000000081703000834
Q127007552	6000000081991592051
Q127007553	6000000082340641931
Q127007555	6000000083274327170
Q127007557	6000000083352531094
Q127007559	6000000083942597468
Q127007561	6000000084236570197
Q127007562	6000000084259538030
Q127007564	6000000084390710915
Q127007565	6000000084522712156
Q127007568	6000000084525530838
Q127007570	6000000084528032883
Q127007572	6000000084667771950
Q127007573	6000000084689026653
Q127007583	6000000084693645858
Q127007585	6000000084737468866
Q127007587	6000000085119628975
Q127007588	6000000085763909891
Q127007590	6000000086639482831
Q127007593	6000000086768073836
Q127007595	6000000086977848949
Q127007597	6000000087491182912
Q127007599	6000000088776463893
Q127007600	6000000089301879821
Q127007602	6000000089506503829
Q127007604	6000000089543267039
Q127007606	6000000090342833916
Q127007607	6000000090404759294
Q127007609	6000000090501960272
Q127007611	6000000090505462356
Q127007612	6000000090506608928
Q127007614	6000000090509594136
Q127007617	6000000090715733313
Q127007618	6000000091009349393
Q127007620	6000000091719676838
Q127007622	6000000091838641403
Q127007624	6000000091847412966
Q127007626	6000000091847643871
Q127007627	6000000094618371827
Q127007629	6000000095242273017
Q127007631	6000000095368610953
Q127007632	6000000097155985854
Q127007634	6000000097351627822
Q127007635	6000000098176609258
Q127007637	6000000098874819871
Q127007639	6000000099317325821
Q127007640	6000000099430194833
Q127007642	6000000101282348889
Q127007644	6000000102369508889
Q127007646	6000000102370918823
Q127007647	6000000103408554940
Q127007649	6000000103977608926
Q127007651	6000000104166255854
Q127007652	6000000104721572835
Q127007654	6000000105472142906
Q127007655	6000000106231834314
Q127007657	6000000106417234847
Q127007659	6000000107541052846
Q127007661	6000000107700367897
Q127007663	6000000107869005821
Q127007664	6000000108105388907
Q127007666	6000000108549551989
Q127007668	6000000108716804954
Q127007671	6000000108903421837
Q127007673	6000000109039430953
Q127007676	6000000109509837258
Q127007677	6000000109742863893
Q127007679	6000000110654772850
Q127007681	6000000110977189833
Q127007683	6000000111052784870
Q127007685	6000000113067227969
Q127007686	6000000114128246156
Q127007866	6000000114331336029
Q127007868	6000000114332658919
Q127007874	6000000114344179888
Q127007876	6000000114345321834
Q127007878	6000000114451009882
Q127007880	6000000115006480954
Q127007882	6000000115810291888
Q127007883	6000000120107722945
Q127007885	6000000120858742821
Q127007887	6000000124111373892
Q127007889	6000000124623774061
Q127007890	6000000124981180028
Q127007892	6000000125014638893
Q127007894	6000000125196690364
Q127007895	6000000126260254154
Q127007898	6000000126764452833
Q127007900	6000000127036550866
Q127007902	6000000127416074836
Q127007904	6000000127542003966
Q127007905	6000000127884623821
Q127007907	6000000128083654837
Q127007913	6000000131024948846
Q127007915	6000000131070095833
Q127007918	6000000131160363821
Q127007920	6000000131362248839
Q127007921	6000000131717974964
Q127007923	6000000134825991949
Q127007925	6000000136330050829
Q127007928	6000000137038207859
Q127007929	6000000138132465946
Q127007930	6000000138286098821
Q127007932	6000000138484267821
Q127007933	6000000139447986933
Q127007935	6000000139916414845
Q127007936	6000000143815679843
Q127007938	6000000144758258899
Q127007941	6000000144817531876
Q127007942	6000000147621151855
Q127007944	6000000154153790821
Q127007946	6000000156391238821
Q127007948	6000000157904235835
Q127007950	6000000164293728512
Q127007951	6000000166432413973
Q127007953	6000000168911543889
Q127007954	6000000169745261896
Q127007956	6000000170061169948
Q127007958	6000000170306445922
Q127007959	6000000171667846853
Q127007962	6000000171797390236
Q127007963	6000000172684706876
Q127007970	6000000173017336828
Q127007972	6000000173144244798
Q127007973	6000000173193254824
Q127007975	6000000173471045222
Q127007977	6000000173539763305
Q127007979	6000000173541229852
Q127007986	6000000173618021745
Q127007987	6000000173683166841
Q127007988	6000000173937964891
Q127007990	6000000174881765020
Q127007997	6000000174946490736
Q127007999	6000000174950310687
Q127008000	6000000174955190243
Q127008002	6000000174956331289
Q127008003	6000000175190612110
Q127008005	6000000175191206020
Q127008006	6000000175286118824
Q127008008	6000000175547333848
Q127008010	6000000176469584902
Q127008012	6000000176470923911
Q127008014	6000000177314455821
Q127008015	6000000177710126833
Q127008017	6000000178150393825
Q127008020	6000000178395049831
Q127008022	6000000178417157865
Q127008023	6000000178421948885
Q127008025	6000000178468471926
Q127008026	6000000178484985839
Q127008028	6000000178516436821
Q127008030	6000000178609524909
Q127008032	6000000178631115897
Q127008035	6000000178786382838
Q127008037	6000000178814350834
Q127008044	6000000178815282830
Q127008048	6000000179146593827
Q127008051	6000000179168734901
Q127008052	6000000179174561834
Q127008054	6000000179203465854
Q127008055	6000000179258855835
Q127008058	6000000179455809861
Q127008060	6000000179458069878
Q127008062	6000000179577548833
Q127008063	6000000179700573830
Q127008064	6000000179768960838
Q127008066	6000000179790361886
Q127008068	6000000179942286869
Q127008070	6000000179944004822
Q127008072	6000000180020796823
Q127008073	6000000180037304830
Q127008075	6000000180090718836
Q127008076	6000000180093758870
Q127008079	6000000180094170832
Q127008081	6000000180094221834
Q127008083	6000000180101352845
Q127008084	6000000180106177865
Q127008085	6000000180107161821
Q127008087	6000000180107375835
Q127008088	6000000180149738827
Q127008091	6000000180272215842
Q127008098	6000000180290513821
Q127008104	6000000180425430886
Q127008105	6000000180548487909
Q127008106	6000000180549533854
Q127008108	6000000180670759846
Q127008110	6000000180671054864
Q127008112	6000000180671923823
Q127008114	6000000180702206870
Q127008115	6000000180703507825
Q127008117	6000000180703677832
Q127008123	6000000180787672985
Q127008125	6000000180981438840
Q127008127	6000000181483145983
Q127008129	6000000181506910828
Q127008130	6000000181564137947
Q127008132	6000000181985907825
Q127008134	6000000181990713885
Q127008136	6000000181992135833
Q127008138	6000000181992829828
Q127008140	6000000182060065842
Q127008142	6000000182096238837
Q127008143	6000000182256446831
Q127008145	6000000182269407842
Q127008148	6000000182287602875
Q127008149	6000000182325305821
Q127008151	6000000182375160840
Q127008152	6000000182387141942
Q127008154	6000000182389209839
Q127008156	6000000182705054841
Q127008159	6000000182719163828
Q127008165	6000000182719470823
Q127008167	6000000182988176911
Q127008169	6000000183050797944
Q127008170	6000000183051031822
Q127008172	6000000183344953821
Q127008174	6000000183377456845
Q127008176	6000000183390040871
Q127008177	6000000183392294847
Q127008179	6000000183416508858
Q127008181	6000000183416724870
Q127008183	6000000183509558848
Q127008185	6000000183535419837
Q127008186	6000000183584870832
Q127008188	6000000183585523861
Q127008189	6000000184229595869
Q127008192	6000000184286308858
Q127008194	6000000184303884821
Q127008195	6000000184305034880
Q127008197	6000000184983009852
Q127008199	6000000185167810826
Q127008200	6000000185168699821
Q127008202	6000000186333220885
Q127008204	6000000186731132869
Q127008206	6000000187469777821
Q127008209	6000000189049331832
Q127008210	6000000189051371842
Q127008212	6000000189057966841
Q127008214	6000000189145227838
Q127008220	6000000189175625872
Q127008223	6000000189177023855
Q127008225	6000000189177343822
Q127008226	6000000189177603836
Q127008228	6000000189200510869
Q127008230	6000000189201345829
Q127008232	6000000189203558821
Q127008233	6000000189204096821
Q127008235	6000000189232261824
Q127008237	6000000189233103824
Q127008238	6000000189247960823
Q127008240	6000000189314441870
Q127008242	6000000189615679885
Q127008243	6000000189634177836
Q127008246	6000000190341660843
Q127008248	6000000190341954821
Q127008249	6000000190504210868
Q127008251	6000000190605119828
Q127008252	6000000190886152929
Q127008259	6000000191204047834
Q127008261	6000000191517232835
Q127008262	6000000191622990831
Q127008264	6000000192133579863
Q127008265	6000000192308113825
Q127008267	6000000192410022848
Q127008269	6000000192444417848
Q127008270	6000000192482343841
Q127008272	6000000192588940824
Q127008274	6000000193404459832
Q127008276	6000000194235356865
Q127008277	6000000194235418840
Q127008279	6000000194521552828
Q127008281	6000000194569357858
Q127008283	6000000194618673832
Q127008284	6000000194628172862
Q127008287	6000000194815034857
Q127008289	6000000194844226821
Q127008291	6000000195056455823
Q127008292	6000000195056506821
Q127008298	6000000195396275828
Q1270083	6000000074728416910
Q127008300	6000000196220409848
Q127008302	6000000196416919858
Q127008303	6000000196880866827
Q127008304	6000000196893641859
Q127008306	6000000197588442822
Q127008308	6000000198003003824
Q127008310	6000000198141719843
Q127008312	6000000198847693836
Q127008314	6000000198848290821
Q127008316	6000000199376493883
Q127008317	6000000199378690821
Q127008319	6000000201266954844
Q127008321	6000000201469337829
Q127008322	6000000201504669832
Q127008324	6000000201642047821
Q127008326	6000000201810126829
Q127008327	6000000201810413821
Q127008328	6000000205026884841
Q127008330	6000000205034482857
Q127008332	6000000205173902847
Q127008334	6000000205216764961
Q127008336	6000000205323735849
Q127008338	6000000205535183866
Q127008340	6000000206127045867
Q127008341	6000000206127658842
Q127008343	6000000206162708881
Q127008344	6000000206227135842
Q127008346	6000000206321187881
Q127008359	6000000206322919834
Q127008360	6000000206463323893
Q127008361	6000000206464784854
Q127008363	6000000206532959822
Q127008365	6000000206872252879
Q127010	6000000017122020005
Q127010780	6000000174496722097
Q127011238	6000000082684095051
Q127011508	6000000174427145912
Q127011924	6000000207022792853
Q127011964	6000000005036515932
Q127012844	6000000144685688987
Q127013026	6000000007234517320
Q127013269	6000000072165847903
Q127014795	6000000017756422174
Q127015399	6000000207078805822
Q1270169	6000000071369893821
Q1270178	6000000017845995702
Q12702	6000000010470125572
Q12702002	6000000004062948247
Q12702170	6000000136891085821
Q1270264	6000000026201481634
Q1270283	6000000027363368911
Q1270381	6000000013414514622
Q127038624	6000000038347932933
Q127038630	6000000046721889637
Q127038633	6000000024824149381
Q127038633	6000000046722105491
Q127038743	6000000024824474352
Q127038745	6000000024824139417
Q127038747	6000000011710956172
Q127038747	6000000024824362338
Q127038748	6000000024823791646
Q127038838	6000000038357509005
Q127038839	6000000024823825569
Q127041963	6000000034629411985
Q1270420	6000000007637321321
Q127042387	6000000033243643654
Q127042390	6000000033243635941
Q127042711	6000000033244129035
Q127043250	6000000033243733000
Q127043254	6000000033243646091
Q127043256	6000000206447020842
Q127043285	6000000090934227949
Q127043374	6000000206446096904
Q127043429	6000000033243329619
Q127043430	6000000033243613185
Q127043434	6000000000945056818
Q127043434	6000000033243712085
Q127043522	6000000033243303392
Q127043616	6000000063061186829
Q127043850	6000000063062897821
Q127043989	6000000063202442038
Q1270441	6000000013229793971
Q127046948	6000000037745368858
Q127052090	6000000008246483385
Q127059551	6000000027391791096
Q1270599	6000000018525488814
Q12706	6000000015336861810
Q127071872	6000000030809876912
Q1270776	6000000042608918289
Q127078129	6000000081034508990
Q127080	6000000016422735408
Q1270819	6000000008018440905
Q127089320	6000000066160402032
Q12709604	6000000068707455821
Q127096417	6000000007622068411
Q12709862	6000000002581727119
Q127099	6000000010274111703
Q1270995	6000000025942777656
Q1271	6000000010262632554
Q127104956	6000000014192601505
Q1271100	6000000015562746129
Q127113	6000000076108865892
Q127114722	6000000024947559649
Q127116223	6000000016150737066
Q12711937	6000000013376769383
Q12712	6000000075055809836
Q127120990	6000000022875484292
Q127122	6000000127720654108
Q127124387	6000000043007016593
Q127124578	6000000019776422665
Q127126045	6000000185051469850
Q127127758	6000000022518292859
Q127129931	6000000041150180427
Q12713072	6000000059328178930
Q1271317	6000000026188798857
Q12713202	6000000106220287865
Q12713234	6000000022565781415
Q1271327	6000000003588470132
Q12713325	6000000172753756822
Q12713334	6000000038771405999
Q12713412	6000000026746739199
Q12713414	6000000014767514736
Q12713416	6000000040861499212
Q12713419	6000000012590019349
Q12713420	6000000044361628986
Q12713421	6000000028357713106
Q12713469	6000000044086035227
Q12713502	6000000007425455073
Q12713515	6000000011539254922
Q12713553	6000000024666385523
Q12713575	6000000028580453744
Q12713728	6000000021685232274
Q12713732	6000000014871897672
Q12713797	6000000107951620959
Q12714002	6000000011635256590
Q12714009	6000000017810456801
Q12714015	6000000031914708263
Q127140320	6000000177690071874
Q12714040	6000000082390567154
Q12714042	6000000014244804213
Q12714045	6000000005618073761
Q12714047	6000000008265489533
Q12714049	6000000013113280238
Q12714056	6000000021109687410
Q12714078	6000000173788816893
Q12714094	6000000011910583268
Q12714129	6000000018961660365
Q12714130	6000000012401034084
Q12714235	6000000002773306045
Q127143126	6000000174873108135
Q127143680	6000000174873417975
Q12714392	6000000036570994172
Q12714470	6000000014027251164
Q12714494	6000000019595929653
Q12714506	6000000017183987258
Q12714530	6000000025930084802
Q12714534	6000000008725732263
Q127145541	6000000176893118830
Q12714580	6000000006435854448
Q12714624	6000000069588998840
Q127147297	6000000175805230836
Q127147626	6000000175805045836
Q12714777	6000000011623368882
Q12714778	6000000028581809383
Q12714781	6000000012945182828
Q12714784	6000000006931787589
Q12714791	6000000004568471140
Q12714808	6000000026685320504
Q127149047	6000000119938829821
Q12714978	6000000002735007377
Q12715060	6000000011306206803
Q12715065	6000000009336303250
Q12715068	6000000173553596402
Q12715069	6000000009572349225
Q12715203	6000000014451494066
Q12715207	6000000037701693582
Q12715208	6000000000137581025
Q12715212	6000000010618347311
Q12715245	6000000004533150205
Q12715254	6000000041158241828
Q127152589	6000000207081655827
Q127152779	6000000028317510432
Q12715290	6000000005192934002
Q12715292	6000000012812771372
Q12715293	6000000003352702808
Q12715298	6000000007584573773
Q12715306	6000000132304107876
Q12715411	6000000025205004007
Q12715414	6000000020209806978
Q12715419	6000000008548437879
Q12715421	6000000006859152836
Q12715488	6000000019258271299
Q127156359	6000000042889885450
Q12715678	6000000020459124950
Q12715719	6000000001833280335
Q12715748	6000000173062867433
Q12715777	6000000069588786018
Q12715794	6000000181933677861
Q12715796	6000000007511152450
Q12715797	6000000053975616886
Q12715799	6000000023005324904
Q12715806	6000000021399307970
Q12715827	6000000010639643529
Q12715830	6000000001655551742
Q12715834	6000000042022313330
Q12715839	6000000014441443758
Q12715841	6000000009403476518
Q12715842	6000000028223321316
Q12715845	6000000013933995716
Q12715850	6000000000782768581
Q12715859	6000000003835823281
Q12715861	6000000015494718373
Q12715871	6000000023282749872
Q12715876	5594316050020074261
Q12715879	6000000011358311073
Q12715889	6000000025831672338
Q12715890	6000000002954044864
Q12715928	6000000006327211966
Q12715929	6000000021731288673
Q12715942	6000000042761476881
Q12715943	6000000008549417299
Q12715956	6000000029958189725
Q12716032	6000000178848213821
Q12716035	6000000011413790694
Q12716038	6000000006925783396
Q12716048	6000000001827628056
Q127161	6000000039766619938
Q12716102	6000000009848782460
Q127161197	5379552171650079341
Q127161540	6000000014274089356
Q12716166	6000000010510861027
Q127161668	6000000002612282037
Q127161674	6000000004873092279
Q12716168	6000000183442344841
Q12716169	6000000011770096383
Q127162027	6000000004873165458
Q127162478	6000000015565516207
Q127162522	4823493199140061383
Q127162680	6000000039946607999
Q127162695	6000000001915446800
Q127162751	6000000073126682055
Q127162933	6000000020601471357
Q1271632	6000000008186041311
Q127163592	6000000056470699911
Q127163653	6000000016457671885
Q127163711	6000000001074362022
Q12716378	6000000047552798653
Q127163851	6000000025606026997
Q127163878	6000000001074545324
Q127163974	6000000023711000892
Q127163990	6000000070311149552
Q127163993	6000000001074194405
Q127164270	6000000066094984975
Q12716429	6000000003232690704
Q12716436	6000000018689534201
Q127164369	6000000001074162729
Q12716437	6000000020339977799
Q127164387	6000000177271799905
Q12716440	6000000005002972232
Q127164416	6000000007133138439
Q127164474	6000000081201909186
Q12716453	6000000030191369095
Q127164628	6000000174870354099
Q127164644	6000000076320577324
Q127164668	6000000010711849125
Q12716475	6000000030834464079
Q127164789	6000000076321193087
Q12716479	6000000011456707905
Q127164951	6000000015782745102
Q127164960	6000000011469100854
Q127165078	6000000015337968954
Q127165179	6000000025414103312
Q127165309	6000000019090383289
Q127165311	6000000019090756213
Q127165375	6000000014339752721
Q127165377	6000000024221174006
Q127165380	6000000024220961531
Q127165382	6000000024221197074
Q127165383	6000000032412105256
Q127165384	6000000010012127328
Q127165394	4506520157670038579
Q127165506	6000000004873049374
Q127165523	6000000157953557821
Q127165538	6000000198941244830
Q127165710	6000000004882414835
Q127165723	6000000004882480779
Q127165744	6000000022539717052
Q127165757	6000000011717095313
Q127165771	6000000011162739371
Q127165785	6000000001220032588
Q127165799	6000000022539479439
Q127165813	6000000057909802856
Q127165826	6000000009831873889
Q127165862	6000000011716991046
Q127165876	6000000015832936365
Q127165890	6000000015809666195
Q12716594	6000000018359263213
Q12716595	5014342820800057904
Q127165985	6000000121943898010
Q127165998	6000000003001584803
Q127166011	6000000006444052930
Q127166072	6000000009831731693
Q127166092	6000000000172083649
Q127166233	6000000021932474020
Q127166306	6000000047588241247
Q127166378	6000000003940375169
Q127166840	5116368836480072126
Q127166853	5116383312130129965
Q127166900	290104927340003146
Q127167271	6000000000182369704
Q127167285	6000000007268776997
Q127167299	6000000003177587980
Q127167299	6000000204237378834
Q12716744	6000000011435553660
Q12716758	6000000013953636425
Q12716774	6000000016429402760
Q12716790	6000000017114743040
Q12716864	6000000000265496051
Q12716868	6000000011171354037
Q12716873	6000000069584084921
Q12716888	6000000006794676848
Q12716907	6000000010944573428
Q12716939	6000000011555566058
Q127171	6000000011887113464
Q127171465	6000000199793202837
Q12717194	6000000007075727039
Q12717195	6000000004248529674
Q12717198	6000000019657677167
Q12717200	6000000069203700978
Q12717212	6000000005745132777
Q12717217	6000000030487369894
Q12717219	6000000013970637171
Q12717235	6000000076890181053
Q12717406	6000000011578007767
Q12717408	6000000038370197983
Q12717410	6000000008073153488
Q1271742	6000000028788616048
Q12717425	6000000005817411001
Q12717430	6000000026107783947
Q12717431	6000000019312104152
Q12717432	6000000003352843979
Q12717433	6000000011493320096
Q12717436	6000000017708797015
Q12717443	6000000173683946728
Q12717452	6000000000905972232
Q12717459	6000000013538787745
Q12717460	6000000011823393341
Q12717462	6000000006435725795
Q12717466	6000000020329499487
Q12717469	6000000011927562160
Q12717470	6000000005441292831
Q12717473	6000000025703380446
Q12717478	6000000008279269417
Q127174808	6000000004506596003
Q12717493	6000000014853737912
Q12717562	6000000019036255594
Q127175699	6000000004508252003
Q12717581	6000000023970021967
Q12717584	6000000018361418354
Q12717649	6000000008707450180
Q1271765	6000000013900658608
Q12717653	6000000011614270225
Q12717655	6000000018973029703
Q12717659	6000000061247583825
Q12717699	6000000035629994488
Q12717701	6000000015634401545
Q12717706	6000000006212673261
Q12717766	6000000014431175352
Q12717767	6000000053887155861
Q12717867	6000000010627533415
Q12717899	6000000010848093183
Q12717901	6000000008888212596
Q12717989	6000000015711450870
Q12718	6000000043206062873
Q127180	6000000183358022841
Q12718025	6000000009056819123
Q1271803	6000000057393679833
Q12718269	6000000040870764270
Q12718276	6000000004647650177
Q12718325	6000000005745083562
Q127184538	6000000208607884908
Q12718536	6000000220019582852
Q12718634	6000000006568170454
Q1271876	6000000056161259957
Q12718844	6000000010422657555
Q12718868	6000000005441116931
Q12718870	6000000080850107836
Q12718977	6000000007176600534
Q12718979	6000000015842602525
Q12718980	6000000075557556137
Q12718988	6000000007434193255
Q1271901	6000000020602011484
Q12719041	6000000012735177520
Q12719064	6000000040553799062
Q12719070	6000000008758694048
Q12719074	6000000008725839483
Q12719088	6000000091037265826
Q12719149	6000000009366668798
Q12719240	6000000013906634601
Q12719242	6000000010722321422
Q12719244	6000000034654375927
Q127193034	6000000011304386867
Q12719534	6000000007076545906
Q127197913	6000000018424550180
Q127200179	6000000020529458324
Q12720020	6000000088771568852
Q12720274	6000000008146505290
Q127203299	6000000003111411846
Q127203313	6000000003111434131
Q127203488	6000000002860855799
Q127203488	6000000032435874025
Q12720411	6000000076698240088
Q12720587	6000000003960740461
Q127206399	6000000045773784104
Q127206900	6000000005005864126
Q127206951	6000000002799053441
Q127206964	6000000016906708053
Q127207107	6000000001958940975
Q127208649	6000000012712284202
Q127208673	6000000012720537466
Q127208788	6000000156770499828
Q12720965	6000000176755430937
Q127211103	6000000017480039903
Q12721534	6000000007924028207
Q12721590	6000000063127050829
Q127219867	6000000032146217104
Q127219881	6000000032145772796
Q127219896	6000000024616967250
Q127219909	6000000022377282833
Q127220378	6000000045692109362
Q127220379	6000000045694356941
Q127220380	6000000045693420966
Q127220381	6000000005598174758
Q127220383	6000000001450605547
Q127220384	6000000003177147442
Q127220392	6000000070085672075
Q127220572	6000000139534780835
Q127220597	6000000006038749001
Q127220620	6000000021911152173
Q127220645	6000000030368038797
Q127220648	6000000075373689834
Q127221153	6000000018032175064
Q127223451	6000000077157662750
Q127224136	6000000008961191855
Q127224579	6000000012759741041
Q127224904	6000000008817543399
Q127224967	6000000009755625352
Q127225063	6000000009906661192
Q127225064	6000000004948472260
Q127225073	6000000004948475472
Q127225080	6000000031160385964
Q127225111	6000000187674737898
Q1272294	6000000007369639642
Q1272299	6000000012824316959
Q127231493	6000000015086837622
Q127231496	6000000015087026187
Q127232022	6000000018067081330
Q127232049	6000000018067006268
Q12723271	6000000002226292210
Q127233510	6000000174500195845
Q127234	6000000000393674365
Q127235078	6000000172095270430
Q127236265	6000000174535250242
Q127236597	6000000178590597828
Q127237378	6000000177270733945
Q1272374	6000000019108802049
Q12723758	6000000183382061833
Q127237865	6000000174495821089
Q127238865	6000000035027673140
Q127238949	6000000003967789592
Q127238967	6000000007650305312
Q127238983	6000000193848896821
Q127239560	6000000003988116882
Q127239571	6000000080704295369
Q127239580	6000000080704853440
Q127239725	6000000080705958852
Q127239827	6000000084903339601
Q127239842	6000000084903511644
Q127239855	6000000023481834979
Q127239867	6000000008115049323
Q127239884	6000000005092908542
Q127240410	6000000040703227807
Q127240608	6000000040474862034
Q127240628	6000000040474553435
Q127240643	6000000040480897980
Q127240659	6000000040479350447
Q127240675	6000000008114961225
Q127240689	6000000041102867739
Q127240705	6000000002939322125
Q127241052	6000000015180484461
Q127241067	4393974918260035319
Q127241085	6000000001301887991
Q1272422	6000000002978065882
Q1272459	6000000006939564159
Q1272462	6000000016371601225
Q127246223	6000000093846777929
Q127247279	6000000025983464525
Q1272491	6000000027815980239
Q127251685	6000000021252396004
Q127254	4419858038520054927
Q127256205	6000000204954852869
Q127256649	6000000001749567053
Q127256664	6000000085918921853
Q127256711	6000000082363362844
Q127257473	6000000016097409215
Q127258001	6000000021501989442
Q127258286	6000000184459021826
Q12725838	6000000030147235421
Q127258817	6000000207558857858
Q12725898	6000000141038820842
Q127259352	6000000092170988224
Q127260155	6000000019885426448
Q127260184	6000000019885482407
Q127260363	6000000044792634835
Q1272612	6000000183983402893
Q127263946	6000000014959121812
Q127265400	6000000014959172730
Q127265425	6000000014958959608
Q12726697	6000000002419039883
Q12726701	6000000020839223319
Q127269012	6000000014723518603
Q127269048	6000000206364154852
Q127269347	6000000018853462505
Q127270	6000000084835351084
Q12727000	6000000010583125086
Q127270038	6000000008680577720
Q127270040	6000000001885848688
Q127270049	5047998825050060709
Q127270068	6000000002324429220
Q127270096	6000000001885902600
Q127270128	6000000007790053093
Q127270137	6000000003812085627
Q127270212	6000000007292446402
Q127270395	6000000006952749886
Q127270408	6000000000100752971
Q127270409	6000000031214237289
Q127270410	6000000001208221034
Q127270411	6000000000831550831
Q127270412	6000000009341371764
Q127270413	6000000013255266207
Q127270414	6000000011470419681
Q127270415	6000000002971306242
Q127270416	6000000011625697523
Q127270428	6000000011625802312
Q127270457	6000000010079553151
Q127270459	6000000008532820145
Q127270568	6000000011942786281
Q127270617	6000000024876457079
Q127270630	6000000017592150349
Q127270631	6000000006127601491
Q127270633	6000000013302393657
Q127270634	6000000013290228093
Q127270976	6000000066683572863
Q127271085	6000000207168238831
Q127271154	6000000190924926861
Q127271156	6000000006351632007
Q127271269	6000000006351595037
Q127272280	6000000181131717821
Q127273082	6000000024831739070
Q127273094	6000000024831829915
Q127273300	6000000190457589991
Q127273301	6000000190457589987
Q127274043	6000000033684407308
Q1272741	6000000041492800224
Q12727415	6000000008058861141
Q127274408	6000000002004705912
Q12727524	6000000182185033823
Q12727536	6000000180625410873
Q12727564	6000000008824249501
Q12727574	6000000009747794072
Q1272779	6000000002398817341
Q12727831	6000000034771287834
Q12727914	6000000089385878085
Q12728262	6000000125933991859
Q1272832	6000000019117500396
Q127283250	6000000008199737493
Q127283336	6000000008657291329
Q12728386	6000000181407955821
Q12728575	6000000016283570310
Q12728951	6000000008445832403
Q1272905	6000000017691970544
Q12729107	6000000003598431017
Q127291270	6000000020181851733
Q12729195	4704724075080077179
Q12729775	6000000177629434829
Q1272982	6000000004644062137
Q12729940	6000000001354408036
Q12730665	6000000134431742823
Q1273067	6000000015838892600
Q12730670	6000000083013567057
Q1273078	6000000008716478722
Q1273122	6000000076990015742
Q1273140	6000000058122228481
Q12731423	6000000026616515877
Q12731601	6000000026523073826
Q127318	6000000003091034586
Q12731961	6000000008800496882
Q127321	6000000180455054822
Q12732176	6000000002018953475
Q127324818	6000000022290572281
Q127324830	6000000009880905913
Q127325022	6000000007264886902
Q127325158	6000000044791383834
Q127325168	6000000014068826236
Q127325175	6000000014067937624
Q127325175	6000000015405646016
Q1273265	6000000183937201824
Q127327324	6000000014068470224
Q127327324	6000000018441512732
Q127327332	6000000014068719494
Q127327335	6000000014068592346
Q127327340	6000000014068554747
Q127327340	6000000044790893146
Q127327343	6000000034286644695
Q127327383	6000000014068793728
Q127327408	6000000014069285181
Q127327608	6000000034030930072
Q127327762	6000000014069039358
Q127327834	6000000014068877177
Q127327838	6000000014069285307
Q127327874	6000000039893106462
Q127327926	6000000035129293474
Q127328	6000000008221162676
Q127328357	6000000020388547848
Q127328358	6000000000560113938
Q127328362	6000000019215361732
Q127328366	6000000003075743162
Q127328512	6000000020205443922
Q127328554	6000000000855192141
Q127328564	6000000032881927325
Q127328565	6000000025497381643
Q127328567	6000000000855185329
Q127328568	6000000000855167296
Q127328570	6000000000855133963
Q127328572	6000000054085639828
Q127328634	6000000015683388818
Q127328639	6000000106708938912
Q127328640	6000000020205646073
Q127328680	6000000033330159874
Q127328681	6000000094651325184
Q127328683	6000000094652611822
Q127328686	6000000094652611850
Q127328726	6000000009523400083
Q127328727	6000000038476979565
Q127328728	6000000003680221482
Q127328728	6000000143191661152
Q127328740	6000000019253920881
Q127328742	6000000003539495310
Q127328742	6000000019254490127
Q127328802	6000000000249722146
Q127328809	6000000000249722996
Q127328813	6000000008260594740
Q127328818	6000000005415323403
Q127328834	6000000036753289868
Q127328835	6000000002066226982
Q127328835	6000000003635253881
Q127328849	6000000002066222281
Q127328851	6000000003133082375
Q127328853	6000000003133126671
Q127328917	6000000003137015088
Q127328918	6000000006894172050
Q127328919	6000000006894225019
Q127328921	6000000003940665595
Q127328952	6000000000250147119
Q127328952	6000000026338315459
Q127328955	6000000000250143170
Q127328958	6000000003128296872
Q127328959	6000000003940577485
Q127328961	4834881401570025962
Q127328993	6000000191771637822
Q127329006	6000000007329781374
Q127329137	6000000175429927387
Q127329141	6000000122527910289
Q127329330	6000000174873554932
Q127329598	6000000018556746337
Q127330	6000000010010528760
Q127330212	6000000017844106756
Q127331478	6000000177691528822
Q1273317	6000000017222579295
Q127331793	6000000177690729887
Q1273438	6000000003208132241
Q127345	6000000015864632687
Q12734603	6000000003685933372
Q12734700	6000000089487998857
Q12734829	6000000008710298432
Q12734839	6000000179979338850
Q127349	6000000014515631096
Q1273492	6000000067751027865
Q12735	6000000081057892186
Q12735108	6000000008367221370
Q12735168	6000000006774407110
Q1273525	6000000027925493506
Q12735318	6000000029139706307
Q12735358	6000000166685193821
Q1273537	6000000026963884956
Q12735489	6000000180625280847
Q1273552	6000000065068628069
Q1273556	6000000002764082210
Q12735640	6000000001023295874
Q1273572	6000000029797140608
Q127357623	6000000026150616808
Q1273590	6000000074692649941
Q1273621	6000000028959570348
Q1273653	6000000016540161696
Q12736605	6000000011094567952
Q12736670	6000000180877175822
Q12736678	6000000065777410916
Q1273668	6000000094902436616
Q12736693	6000000028429129205
Q12736747	6000000008317402903
Q1273676	6000000067002105945
Q127368301	6000000045960898049
Q12737072	4699068404260034111
Q127375328	6000000014068861845
Q127375369	6000000000583425256
Q127375474	6000000014068924632
Q127377498	6000000014068275824
Q127377536	6000000014069385108
Q127377538	6000000014068844410
Q12737810	6000000084239748849
Q127378225	6000000021504045525
Q127378285	6000000026150976167
Q127378297	6000000026150044683
Q127378298	6000000098996930871
Q127378301	6000000098996453958
Q127378305	6000000083805114102
Q127378323	6000000014069467211
Q127378330	6000000004837889668
Q127378349	6000000207232284841
Q127378424	6000000014068531515
Q127379	6000000008377046197
Q12738005	6000000014037053113
Q127381	6000000011760795285
Q127384816	6000000078214996361
Q127385077	6000000014083592668
Q127385316	6000000207247248859
Q1273857	6000000027911147658
Q127386068	6000000073358105882
Q12738763	6000000034286678834
Q127388315	6000000004102926112
Q127388561	6000000206641519846
Q127388563	6000000206620554905
Q12738987	6000000008927776094
Q12739011	6000000008247367568
Q127393075	6000000041252775326
Q12739491	6000000180449634877
Q12739668	341264969280005417
Q1273998	6000000028814272388
Q127400091	6000000133395099823
Q12740286	6000000009858283271
Q127403288	6000000014070814119
Q127406	6000000010553456016
Q127407369	6000000207266761878
Q127408483	6000000190925949823
Q127409723	6000000182478866842
Q12741129	6000000003950856136
Q127412920	6000000007496011772
Q127412950	6000000007497089224
Q127412961	6000000007496025645
Q127413098	6000000007497006748
Q127413743	6000000003939987312
Q127413744	6000000003939959142
Q127413748	6000000002930995185
Q127413754	6000000041048411498
Q127413995	6000000207273217828
Q127414099	6000000207273266827
Q127414293	6000000174602191892
Q127414347	6000000002765065600
Q127414358	6000000002765065594
Q1274149	6000000038843355821
Q127415	6000000141062305843
Q1274154	6000000129552021963
Q127415691	6000000028046654702
Q127416272	6000000055546205860
Q127416544	6000000008268896938
Q127417	6000000006788777078
Q127417205	6000000000774784779
Q127417444	6000000004868779930
Q12741788	6000000149600137876
Q127418063	6000000017973053177
Q1274181	6000000018947607616
Q127418164	6000000015518806208
Q127418553	6000000214937902828
Q127418886	6000000023783485493
Q1274194	6000000051806162866
Q127420105	6000000038291268021
Q127420215	6000000001360673470
Q127420312	6000000207298790883
Q127423	6000000041658612402
Q127423932	6000000202294152880
Q127423933	6000000056052314849
Q127423934	6000000187616479915
Q127423936	6000000144730063042
Q127423937	6000000024279487855
Q127423940	6000000173847984405
Q127423942	6000000041204329005
Q127423943	6000000025847645995
Q127423950	6000000018954345737
Q127424017	6000000000454792109
Q127424018	6000000010465643302
Q127424019	6000000012380804319
Q127424020	6000000014670892894
Q127424021	6000000014671598497
Q127424022	6000000015904500508
Q127424023	6000000016398970636
Q127424024	6000000016501135005
Q127424025	6000000016501944643
Q127424026	6000000016512198947
Q127424027	6000000018573244649
Q127424028	6000000020549411570
Q127424029	6000000021747178650
Q127424030	6000000022738070334
Q127424031	6000000023234925920
Q127424032	6000000023374085376
Q127424033	6000000024091161556
Q127424034	6000000024291022221
Q127424035	6000000025933042770
Q127424036	6000000026175839720
Q127424037	6000000026492816659
Q127424038	6000000037181277599
Q127424039	6000000038940092528
Q127424040	6000000039476991014
Q127424041	6000000041016729859
Q127424042	6000000042419072142
Q127424043	6000000042419095082
Q127424045	6000000073430116833
Q127424046	6000000084388762173
Q127424047	6000000090583836826
Q127424048	6000000104344495841
Q127424049	6000000125358025867
Q127424050	6000000155261438835
Q127424051	6000000161026379821
Q127424052	6000000167564140859
Q127424053	6000000167564149924
Q127424054	6000000167620915229
Q127424055	6000000184943210846
Q127424056	6000000187589849851
Q127424057	6000000207177721830
Q127424058	6000000207297934850
Q127424059	6000000207302943945
Q12742412	6000000062007737988
Q127424547	6000000031834414079
Q127424586	6000000174456282866
Q127424597	6000000010799671952
Q127424607	6000000035753567272
Q127424622	6000000186019560898
Q127424651	6000000081594953940
Q127424658	6000000174455356817
Q127424673	6000000174424023823
Q127424682	6000000002765050051
Q127424764	6000000008277595101
Q127425041	6000000001212855747
Q127425045	6000000003186689235
Q127425051	6000000002677698571
Q127425142	6000000064479385574
Q127425156	6000000020243840576
Q127425355	6000000018475222932
Q127425885	6000000164476747986
Q127425964	6000000012377937942
Q127425991	6000000002802996584
Q127426117	6000000207378777850
Q127426149	6000000051133932863
Q127426172	6000000015775670203
Q127426250	6000000053847943029
Q127426276	6000000177274261839
Q127426388	6000000057357834858
Q127426482	6000000026694166206
Q127426511	6000000015063904072
Q127426614	6000000017263605460
Q127426617	6000000024449953379
Q127426677	6000000038768486039
Q127426686	6000000038768170395
Q127426713	6000000191414210904
Q127426826	6000000023386419994
Q127426882	6000000041016016501
Q127426887	6000000207800285828
Q127426966	6000000073338141205
Q127427140	6000000054093383824
Q127427146	6000000040454863133
Q127427148	6000000208387184871
Q127427162	6000000040453928104
Q127427212	6000000008278128423
Q127427231	6000000008277815164
Q127427296	6000000002589268983
Q127427296	6000000050242742906
Q127427361	6000000000688993451
Q127427366	6000000002684904141
Q127427370	6000000033794652588
Q127427379	6000000008291291164
Q127427425	6000000002765045475
Q127427451	6000000002684904135
Q127427452	340831591320012766
Q127427454	6000000000688975002
Q127427458	6000000000688957218
Q127427462	6000000000907730721
Q127427467	6000000174873490468
Q127427519	6000000013204594165
Q127427520	6000000013204220080
Q127427522	6000000004008669735
Q127427523	6000000193587020866
Q127427524	6000000027690165256
Q127427525	6000000000907730547
Q127427539	6000000051287408186
Q127427540	6000000021163801899
Q127427543	6000000027690278921
Q127427544	6000000027689805554
Q127427556	6000000202921487858
Q127427577	6000000202921723854
Q127427579	6000000202921761824
Q127427580	6000000202920656013
Q127427581	6000000023473852879
Q127427584	6000000002677789895
Q127427586	6000000002677789876
Q127427642	6000000002766441517
Q127427644	6000000000569458761
Q127427651	6000000006955455227
Q127427652	6000000002766441969
Q127427659	6000000046298139926
Q127427667	6000000003151465184
Q127428339	6000000188101678824
Q1274287	6000000029781354254
Q127428771	6000000188101616829
Q127428820	6000000016104230618
Q127428821	6000000026064401859
Q127428822	6000000024474409563
Q127428825	6000000026063942145
Q127428826	6000000002354625612
Q127428828	6000000021107132657
Q127428978	6000000010808065858
Q127428991	6000000017703092200
Q12742906	6000000000765783402
Q127429526	6000000006596062911
Q127432027	6000000016701039427
Q127432996	6000000001686060161
Q1274343	6000000096236885074
Q127437	6000000013750018161
Q127439708	6000000174873041901
Q127440051	6000000018901937163
Q127440302	6000000176599247834
Q127440569	6000000176596711985
Q127440712	6000000005769966834
Q127442	6000000064580473984
Q12744332	6000000171757454940
Q127443478	6000000021430236070
Q127444152	6000000016457683606
Q127445436	6000000005404186334
Q127446141	6000000006127899112
Q12744654	6000000136550181970
Q1274473	6000000018603734101
Q12744890	6000000075502535923
Q127450402	6000000016457796271
Q127450420	6000000016457668456
Q127452967	6000000019926571911
Q127453136	6000000018501266785
Q127453341	6000000006128061574
Q127453640	6000000019926984253
Q127455588	6000000017641328149
Q127460140	6000000207348169823
Q1274607	5309745058140133342
Q127461309	6000000078215699170
Q127461449	6000000019190964055
Q127461582	6000000019190854084
Q127462630	6000000207348786821
Q127462646	6000000019190927086
Q127462943	6000000017809585711
Q1274636	6000000073834242892
Q127463741	6000000024527559336
Q127463990	6000000185334902885
Q127464346	6000000024527541022
Q127464425	6000000014562176212
Q127464800	6000000185334439906
Q127465074	6000000185335144822
Q127465475	6000000010860328612
Q127466928	6000000014560744849
Q127467530	6000000141175490821
Q12746814	6000000068356085269
Q127468755	6000000043793485983
Q127468910	6000000008172589482
Q127469323	6000000144805724954
Q127470677	6000000013656794604
Q127471	6000000022644561780
Q1274711	6000000025607703743
Q127472153	6000000014561404340
Q12747560	6000000067427028833
Q12747568	6000000014728501649
Q1274770	6000000122480383071
Q12747735	6000000036567082496
Q12747773	6000000002815197292
Q1274807	6000000006828529778
Q12748219	6000000066058622851
Q127484123	6000000203251416822
Q12748836	6000000053087325857
Q1274903	6000000119350240821
Q1274909	6000000018434837898
Q12749332	5273757040640084964
Q1274954	6000000084772610913
Q12749608	6000000002148945304
Q12749761	6000000132941964825
Q12749941	6000000008915908844
Q12749963	6000000065174581824
Q1275	6000000014122936752
Q127500509	6000000014713599600
Q127500511	6000000024948213103
Q127500590	6000000019092856322
Q127500610	6000000020690612845
Q127500648	6000000015052963113
Q127500730	6000000019828047591
Q127500736	6000000019828419175
Q127500817	6000000007444661378
Q12750167	5381000209020042534
Q127502053	6000000048595743914
Q127502352	6000000019777487404
Q127502475	6000000019924348870
Q127502899	6000000195246199888
Q127503094	6000000178680715827
Q127503120	6000000178680805823
Q127503480	6000000015865178118
Q127503485	6000000014068869434
Q127503571	6000000005011201478
Q127503801	4416558372670126494
Q127503805	4416462295740085908
Q127503808	6000000001574853389
Q127503817	6000000000181862199
Q127503870	6000000000834463543
Q127503873	6000000000907730975
Q127503991	6000000029717611642
Q127503996	6000000012737453341
Q127504124	6000000005011309159
Q127504124	6000000199221686826
Q127504128	6000000005011306385
Q12750554	6000000030819888167
Q127505772	6000000000074064639
Q127505775	6000000109730131058
Q127505841	6000000015652665281
Q12750616	6000000035794844388
Q127506261	6000000174874036202
Q127506416	6000000176169319038
Q127507173	6000000013651216493
Q127507321	6000000013651220222
Q127507364	6000000177272018919
Q127507499	6000000033812727284
Q127507638	6000000010155344848
Q127507753	6000000174873755926
Q127507826	6000000174873856019
Q127507949	6000000174426089367
Q127508049	6000000174426905974
Q127508433	6000000013656762785
Q127508460	6000000015390760976
Q127508520	6000000009427334163
Q127508630	6000000000934296045
Q127508835	347743949550013521
Q12750890	6000000066892445821
Q127509153	6000000196176924852
Q127509245	6000000176171533957
Q127509728	6000000177689867856
Q127509924	6000000174590982644
Q127510013	6000000007122861657
Q127510058	6000000010789623788
Q127510070	6000000174495266619
Q127510189	6000000010119926794
Q127511650	6000000016559550273
Q127512580	6000000076403239821
Q127512708	6000000042042442308
Q127513060	6000000003286697331
Q127513153	6000000019645312507
Q127513179	6000000019430376741
Q127513255	6000000207325190839
Q127513292	6000000007181826245
Q127513316	6000000005255244652
Q127513321	6000000019645295254
Q127513596	6000000013152760440
Q127513599	6000000014070178499
Q127513653	6000000055979492938
Q127513698	6000000081268122502
Q127513730	6000000023164971867
Q127513741	6000000012898291457
Q127513805	6000000016034752885
Q127513929	6000000020907993211
Q127513955	6000000206687873831
Q127513978	6000000014069543215
Q127514511	6000000019152391054
Q127514594	6000000044360830885
Q127514594	6000000084383896987
Q127514760	6000000018647898521
Q127514808	6000000018648113290
Q127514812	6000000036758210165
Q127514850	6000000023996671928
Q127514858	6000000031261022287
Q127514868	6000000018647857572
Q127514884	6000000024988413045
Q127514884	6000000085099493941
Q127515121	6000000010389640279
Q127515123	6000000016749928676
Q127515159	6000000023376798135
Q127515259	6000000016750323003
Q12751582	6000000042973881253
Q127517027	6000000084384679839
Q1275176	6000000018059614447
Q127518486	6000000016749668629
Q127518496	6000000016750159540
Q127518496	6000000038236765721
Q127519396	6000000010818054329
Q127520208	6000000055626199257
Q127520223	6000000055626833833
Q127520241	6000000055629479965
Q127520353	6000000054803172850
Q127520367	6000000010741993966
Q127520383	6000000003946120814
Q127520397	6000000001959183347
Q127520414	6000000001959708627
Q127520426	6000000000409423820
Q127520481	5136101055370046215
Q127520550	6000000003076343977
Q127520623	6000000001959200897
Q127520638	6000000002860689186
Q127520659	6000000005574285410
Q127520778	6000000082787433399
Q127520823	6000000010741818006
Q127520840	6000000054889136018
Q127520853	6000000000654232860
Q127520868	6000000000517787416
Q127520936	6000000000535956557
Q127520944	6000000000654490499
Q127520948	6000000001212883577
Q127521008	6000000054803098829
Q127521023	6000000039876499243
Q127521036	6000000039874494700
Q127521120	6000000040414252811
Q127521152	6000000001915705663
Q127521206	6000000008369950103
Q127521222	6000000001916038468
Q127521347	6000000000978272550
Q127521372	6000000012072778843
Q127521589	6000000054887402736
Q127521604	6000000002918441773
Q127521620	6000000035499838959
Q127521634	838812
Q127521649	6000000002447016779
Q127521740	6000000022526094669
Q127521756	6000000000658143164
Q127521807	6000000003177815169
Q127521993	6000000002713801317
Q127522013	6000000002266024738
Q127522029	6000000002279724155
Q127522056	6000000008392584742
Q127522082	6000000001334017304
Q127522281	6000000001333795588
Q127522468	6000000007280605401
Q127524	6000000020387379397
Q1275257	6000000014443727902
Q127531	6000000090983162853
Q1275321	6000000074731805857
Q1275332	6000000075406323838
Q1275350	6000000074785507107
Q1275350	6000000074785721968
Q127539	6000000089681288900
Q127540	6000000105738977881
Q127541235	6000000012029957910
Q127544874	6000000028789731038
Q127548	6000000010061847496
Q1275480	6000000041303734510
Q12755452	6000000000628855281
Q12755477	6000000065564741297
Q12755525	6000000078502741177
Q12755544	6000000085354271926
Q12755577	6000000065444240997
Q12755586	6000000073578735916
Q12755667	6000000065600275186
Q127559885	6000000010933516312
Q12756226	6000000142611053823
Q12756251	5310618296590025389
Q127564	6000000009820194719
Q12756932	6000000080322842193
Q127570362	6000000016399366084
Q1275705	6000000047978629902
Q1275708	6000000074692284027
Q1275709	6000000016680408893
Q127573087	6000000197361361859
Q127573283	6000000032177753186
Q127573462	6000000017184184039
Q127573844	6000000038745545822
Q127573846	6000000042792592633
Q1275756	6000000075328495924
Q1275768	6000000015884131833
Q12758097	6000000005389020496
Q127581798	2706255
Q127582412	6000000039669799650
Q127583029	6000000006128010598
Q12758478	6000000016694500398
Q12758812	6000000065444547845
Q127591095	6000000025844749135
Q127591387	6000000019761105151
Q127591629	6000000019759670776
Q127591852	6000000019760315767
Q127593541	6000000054539026927
Q127593787	6000000054539057886
Q1275943	6000000073177368906
Q127594423	6000000054475407311
Q127594710	6000000041481817286
Q12759631	6000000029683728394
Q127596429	6000000079879389833
Q12759670	6000000069237968003
Q127596771	6000000079879243872
Q127597	6000000000409781005
Q127597287	6000000078453244044
Q127597652	6000000177690925871
Q127598283	6000000177310603939
Q127598305	6000000180816514832
Q127598420	6000000007122521030
Q127598426	6000000007122974239
Q127598463	6000000002598298740
Q127598467	6000000002598519099
Q127598480	6000000002598234929
Q127598578	6000000194483766831
Q127598579	6000000012214604305
Q127598691	6000000002598494022
Q127598706	6000000002598421298
Q127598719	6000000057196866011
Q127598724	6000000002598213689
Q127598726	6000000194483018893
Q127598737	6000000174872048140
Q127599050	6000000020745620453
Q127599512	6000000207437673823
Q127599574	6000000017231505508
Q127599826	6000000003747097561
Q127599833	6000000007280381698
Q127599858	6000000000287553955
Q1276	6000000015760916783
Q127600087	6000000082800973861
Q127600101	6000000048804465261
Q127600102	6000000048804902065
Q127600197	6000000174494823547
Q127600221	6000000040474774436
Q127600226	6000000095201242822
Q127600231	6000000040475076903
Q127600232	6000000004095252058
Q127600234	6000000007250857574
Q127600236	6000000006944068882
Q127600246	6000000033642160233
Q127600282	6000000010847472327
Q127600399	6000000175401750741
Q127600465	6000000175402957997
Q12760072	4047196945880078951
Q127600997	6000000014865701417
Q1276018	6000000005572474733
Q127601908	6000000028279689461
Q127602	6000000159279509929
Q127603234	6000000177274147827
Q127603239	6000000184430542900
Q127603240	6000000177274617828
Q127603336	6000000011422597142
Q127603336	6000000018171189155
Q127603692	6000000173394878948
Q127603759	6000000019113652473
Q127603790	6000000173394878975
Q127604351	6000000010712361473
Q127604370	6000000010712466413
Q127604390	6000000174496892888
Q127604401	6000000177293285881
Q127604421	6000000177294198863
Q127604463	6000000178853256906
Q127604867	6000000056863866008
Q127605731	6000000042649774101
Q127606	6000000015106594372
Q127606207	6000000003040462046
Q127606209	6000000018201608481
Q127606210	6000000010687123224
Q127606222	6000000003940832949
Q127606232	758975
Q127606245	6000000057147504916
Q12760643	6000000042319784915
Q12760671	6000000153224625869
Q127607475	6000000004869510028
Q127608234	6000000076058668040
Q127608236	6000000000784153566
Q127608237	6000000000484730054
Q127608239	6000000000784253306
Q127608240	5658210637250030585
Q127608241	5658223723630085879
Q127608248	5597378189380046713
Q127608249	6000000005048110027
Q127608250	6000000005047804359
Q127608264	6000000005047584741
Q127608266	6000000005047821389
Q127608267	6000000035086101547
Q127608823	6000000002802988696
Q127608843	6000000047141095936
Q127608853	6000000047141408993
Q127608872	6000000203619956879
Q127614764	6000000076939230995
Q127616954	6000000022954659999
Q127616969	6000000002790173645
Q127617096	1774307
Q127617110	1774351
Q1276177	6000000019855817231
Q12761861	6000000082799751980
Q12761863	6000000169078258824
Q12761903	6000000064114494927
Q12762100	6000000075253164852
Q12762111	6000000075119936946
Q12762114	6000000014239204242
Q12762131	6000000178421448870
Q12762280	6000000043291035075
Q12762308	6000000129083409926
Q12762447	6000000005749168233
Q12762464	6000000040724290187
Q12762714	6000000074905582158
Q12762736	6000000075252195055
Q12763	6000000034337364662
Q12763010	6000000007946319646
Q127631071	6000000006822909279
Q12763451	6000000020008988760
Q12763572	6000000064596730917
Q1276376	6000000032009317211
Q1276382	6000000068562104821
Q127638994	6000000061855077879
Q127640204	6000000122022713842
Q127640406	6000000044466829380
Q127640421	6000000044466976141
Q127640436	6000000000287538789
Q127640499	6000000044466766742
Q127640530	6000000089049441904
Q127640754	6000000122023325896
Q1276408	6000000015723566240
Q127641	6000000006892103185
Q1276415	6000000016407348410
Q1276427	6000000143822952875
Q12764279	6000000079774963553
Q12764329	6000000064155686837
Q12764340	4706411561760124277
Q12764371	6000000064155137002
Q12764517	6000000006250511472
Q127647596	6000000019226045678
Q1276498	6000000007316925428
Q12765023	6000000078038250968
Q127650501	6000000016258812167
Q12765135	6000000032553350289
Q12765154	6000000007706712810
Q12765155	6000000034624714966
Q12765164	6000000075281843847
Q12765270	6000000064156141249
Q12765279	6000000034603339989
Q12765281	6000000034582169000
Q12765320	6000000158568966965
Q12765342	6000000073301562990
Q12765445	6000000064156432979
Q12765520	6000000074905424266
Q12765612	330366646880007603
Q1276563	6000000176589674832
Q1276568	6000000012991794631
Q127657465	6000000179603232830
Q12765767	6000000007368216859
Q1276579	6000000017729603748
Q1276598	6000000000393789485
Q1276598	6000000014260599007
Q127662042	6000000143172596834
Q12766532	6000000039428385280
Q1276660	6000000126691404310
Q12766683	6000000084147947199
Q12766755	6000000043580452989
Q12766815	6000000043456749277
Q127670384	6000000014224543305
Q127670605	6000000014224693925
Q12767375	6000000087098199821
Q12767384	6000000073114435234
Q12767388	6000000034626354021
Q12767396	6000000058593500018
Q1276741	6000000143187114451
Q127674250	6000000013031055140
Q12767443	6000000067527352027
Q12767459	6000000015463085487
Q1276763	4306382
Q12767676	6000000074907166841
Q12767691	6000000077998905656
Q12767789	4611407607980036369
Q12768009	6000000071681060986
Q12768071	6000000007280323460
Q12768173	5089300892800053573
Q12768215	6000000087098262835
Q12768254	6000000039429089328
Q12768343	6000000027775831047
Q127683769	6000000015146242494
Q127683821	6000000024915300871
Q12768421	343563254350004648
Q127684365	6000000007774461161
Q12768445	6000000074992848233
Q127684463	6000000015948169958
Q127684478	6000000026575609747
Q127684486	6000000077155765347
Q127684495	6000000077153621047
Q127684497	6000000007454405371
Q127684499	6000000000250549123
Q127684500	6000000000250541816
Q127684501	6000000001915500457
Q127684502	6000000007454406083
Q127684503	6000000000250549138
Q127684506	6000000000250541145
Q127684507	6000000001915880217
Q127684508	6000000000250549093
Q127684509	6000000001915873724
Q127684510	6000000008707308239
Q127684515	6000000000664297412
Q127684516	355189731730007797
Q127684524	6000000007454405576
Q127684525	6000000007454405579
Q127684526	6000000017610619380
Q127684527	316333344700008179
Q127684527	6000000194936220026
Q127684528	6000000006444334553
Q127684531	6000000001876131697
Q127684534	6000000006089931187
Q127684542	316332754240002959
Q127684543	6000000006442770344
Q127684544	6000000001915500486
Q127684545	6000000000682232752
Q127684547	6000000009378166242
Q127684553	6000000026575546301
Q127684567	6000000004848555301
Q127684568	6000000006597075251
Q127684572	6000000006596909444
Q127684574	6000000015595096837
Q127684578	6000000015595079529
Q127684579	6000000015606166892
Q127684592	5350480617500048426
Q127684593	5350464048940131321
Q127684677	6000000047582253100
Q127684684	6000000003942983414
Q12768488	6000000041033214510
Q127684995	6000000006127057923
Q127684998	6000000080412826904
Q127685029	6000000008266714593
Q127685052	6000000011686395371
Q12768526	6000000123012753848
Q127685561	6000000008266718735
Q12768590	6000000036246335883
Q12768593	315947726590001699
Q12768610	6000000034647959047
Q12768631	6000000001430516639
Q12768655	6000000058659220868
Q127686724	6000000014824420624
Q12768679	6000000064114436941
Q127686964	6000000011624743307
Q127687010	6000000079903061871
Q127687057	6000000002023802694
Q127687058	6000000007249855642
Q127687059	297100576850004955
Q127687060	6000000003626039145
Q127687061	6000000000503270595
Q127687114	6000000007514127444
Q12768715	6000000039400582622
Q127687212	6000000017310058612
Q12768737	6000000014528172143
Q12768750	6000000094104696827
Q12768752	6000000033231541958
Q12768754	6000000037410844017
Q127688	6000000007691782067
Q127688113	6000000011641613326
Q12768909	6000000079447640907
Q12768910	6000000020050303095
Q12768924	6000000036246648513
Q12768930	6000000073119523989
Q12768950	6000000047965131806
Q12768953	6000000077427029071
Q127689574	6000000014224584031
Q12768961	6000000176723877829
Q127689678	6000000013031056899
Q12768971	6000000064114928873
Q12768975	6000000175023203828
Q127689800	6000000207384255829
Q127689900	6000000006128111261
Q12768992	6000000176684575835
Q127690985	6000000096068734031
Q127690993	6000000041406294006
Q127691068	6000000006127206138
Q127691084	6000000009439240512
Q127691105	6000000176736712822
Q127691397	6000000152204583904
Q127691431	6000000186019584889
Q127691443	6000000186019414918
Q127691778	6000000043949879924
Q1276918	6000000006946005513
Q127691906	6000000010846837182
Q127692205	6000000080108435841
Q127692276	6000000015129205970
Q127692599	310751553220005746
Q127692613	6000000010690859539
Q127692634	6000000174454579249
Q127692641	6000000174454868052
Q127692942	6000000038236853226
Q127692951	6000000038237292103
Q127692989	6000000032809213306
Q127693021	4672564353500039368
Q127693022	6000000014589655872
Q127693028	6000000014467780025
Q127693093	4526003
Q127693155	6000000022606012918
Q127693555	6000000003943132496
Q127693592	6000000003943132488
Q127693688	6000000207388513823
Q12769490	6000000075280922067
Q1276954	6000000008120417207
Q1276956	6000000162945938849
Q127695847	6000000014224718225
Q127695847	6000000021426450788
Q127695900	6000000026781021107
Q127696242	6000000014224737364
Q127697870	6000000204976837833
Q127697874	6000000204976918828
Q127697919	6000000204977020823
Q127697942	6000000204976987844
Q127698113	6000000033296153188
Q127698552	6000000015346711164
Q127698933	6000000015761904004
Q127699636	307043389080007153
Q127699676	6000000007234380366
Q127699720	6000000174872878439
Q127699784	6000000175804825884
Q127699811	6000000175805898823
Q127699840	6000000010211810192
Q127699988	6000000018171606355
Q127700019	6000000042501244164
Q127700093	6000000033795229932
Q127700156	6000000018171620353
Q127700158	6000000018171650269
Q127700159	6000000018171610843
Q127700160	6000000018171690169
Q127700161	6000000018171621666
Q127700194	6000000015842511465
Q127700202	6000000015842774150
Q127700203	6000000015842773119
Q127700206	6000000002339177823
Q127700244	6000000175610489934
Q127700246	6000000085674826838
Q127700249	6000000023416402977
Q127700365	6000000174872642578
Q1277004	4407844685590024477
Q127700464	6000000051980329968
Q127700479	6000000000278186585
Q127700493	6000000002665475221
Q127700503	6000000003747409330
Q127700773	6000000006078693474
Q127700783	6000000009814101986
Q127700889	6000000018171740139
Q127700890	6000000018171708145
Q12770093	6000000182957129840
Q127700937	6000000029669418070
Q1277014	6000000163741544509
Q1277018	6000000018038791722
Q1277029	6000000010103750241
Q127702925	6000000180840829834
Q127702940	6000000180841337821
Q127702953	6000000018253205389
Q127702967	6000000003108841474
Q127702981	6000000003469964186
Q127702995	4814474334240052119
Q127703051	6000000014877353493
Q127703523	6000000006516401422
Q127703623	6000000013073460757
Q127703637	6000000003943144233
Q127703665	6000000003943144196
Q127703675	6000000004641838288
Q127703690	6000000003139231296
Q1277039	6000000012549164018
Q1277041	6000000032319030844
Q127704446	6000000024362815324
Q12770641	6000000008309216510
Q1277066	6000000058998525158
Q127707	6000000042829515650
Q12770996	6000000014662326073
Q127710899	6000000002803002165
Q127711198	6000000003943132544
Q12771122	6000000034581716988
Q1277115	6000000078427238922
Q12771202	6000000001347481412
Q12771208	6000000004353931267
Q127713318	6000000002765065640
Q127713864	6000000007281974593
Q127714151	6000000010723982280
Q127714436	6000000057334811963
Q127714770	6000000174456876994
Q12771497	6000000179049660866
Q1277151	6000000018589485358
Q12771520	6000000026310004472
Q127715320	6000000174871938498
Q127715557	6000000174873741912
Q127715679	6000000102761940836
Q127715928	6000000175404117868
Q1277163	6000000020456064800
Q127716376	6000000002765045498
Q12771649	6000000021224614634
Q12771655	6000000079776626866
Q12771682	6000000036246821046
Q12771692	5541942703540063380
Q1277170	6000000011042390367
Q127717060	6000000196432225823
Q12771734	6000000034582585095
Q12771765	6000000094068829883
Q127718188	6000000094268119821
Q127719223	6000000094268529821
Q127719223	6000000182739339821
Q1277193	6000000020171015251
Q127720675	6000000092947581848
Q12772181	6000000037562864837
Q12772194	6000000039427706575
Q1277245	6000000013630104136
Q1277298	6000000051660318199
Q127730	6000000015768774686
Q12773156	6000000084842947843
Q12773165	6000000020628880650
Q12773484	6000000048059068027
Q12773493	6000000008199757530
Q12773536	6000000089754399851
Q12773580	6000000039429141049
Q12773727	6000000078402784455
Q12773729	6000000075281923961
Q12773739	6000000034645196617
Q12773777	6000000064115450869
Q1277411	6000000096404160824
Q1277451	6000000012430979305
Q1277453	6000000013651792044
Q1277471	6000000020404781316
Q1277480	6000000033377806204
Q1277484	6000000028796191972
Q12775551	6000000041125960071
Q12775555	6000000034578927406
Q12775558	6000000015512430190
Q12775562	6000000012928774879
Q12775567	4150533192300039462
Q12775681	6000000014662254111
Q12775686	6000000121602025822
Q1277577	6000000020905294091
Q12775823	6000000087101184886
Q1277590	6000000022147716555
Q1277596	6000000006734511062
Q127766	6000000026829140835
Q12776645	6000000000240513715
Q12777047	6000000078017896131
Q127771203	6000000032373781384
Q12777245	6000000027173397028
Q127773663	6000000032373878395
Q12777513	6000000077125996321
Q127775186	6000000177691356821
Q127775534	6000000177691598830
Q127776842	6000000172096057916
Q127779061	6000000172095880191
Q127781	6000000010424218006
Q1277810	6000000084110945262
Q127781023	6000000095075795935
Q1277820	6000000035375015764
Q127783230	6000000039889121531
Q127783259	6000000021418494213
Q12778333	6000000075131314901
Q127784206	6000000002764447883
Q127784228	6000000010712428674
Q127784365	6000000174495842467
Q127784394	6000000001947121996
Q127784401	6000000174874062947
Q12778491	6000000064114411021
Q127785026	6000000174872634985
Q127785029	6000000001198292245
Q127785067	6000000010935078445
Q12778521	6000000001297263452
Q127785335	6000000050370458841
Q127785347	6000000041049827362
Q127786	6000000147615768830
Q12778617	6000000078052374138
Q12778619	6000000166389331976
Q12778627	6000000008199757406
Q127786480	6000000006322857207
Q12778655	6000000034646794467
Q127786574	6000000013313802093
Q1277872	6000000064232281828
Q127789194	6000000018301019272
Q127789194	6000000022552621976
Q127791466	6000000014059348199
Q12779503	6000000036313995772
Q127797	6000000176323665822
Q1277973	6000000028063334920
Q127797495	6000000041176439426
Q1277991	6000000013686075377
Q12779994	5327063365870073890
Q1278008	6000000173716837281
Q12780122	6000000037384554090
Q1278025	6000000041217429865
Q127805481	6000000178591764821
Q127805797	6000000178592092822
Q127806510	6000000010693944551
Q127807337	6000000178589525822
Q127807678	6000000035623295555
Q127808109	6000000176171341015
Q127808578	6000000175612591841
Q12780872	6000000064155440996
Q127808898	6000000025371319291
Q127808958	6000000006128046932
Q127808958	6000000193579550856
Q127809655	6000000177295021823
Q127810344	6000000114779308823
Q127810702	6000000177690449878
Q127811022	6000000015583761050
Q127811059	6000000015583796085
Q127811124	6000000015684333336
Q127811131	6000000014570414237
Q127811401	6000000178589950821
Q127811827	6000000178589771878
Q127811962	6000000015583448692
Q127814818	6000000178589332864
Q12781507	6000000034582125965
Q127815388	6000000010723832493
Q127815474	6000000014569578827
Q127815700	6000000010723757979
Q127816332	6000000187611760844
Q127816545	6000000187611717843
Q12781696	6000000085345673887
Q127816970	6000000174874957882
Q127817201	6000000174874001161
Q127817611	6000000006860055058
Q127818085	6000000174455538984
Q127818528	6000000174456538822
Q127819	6000000054067865858
Q12781990	6000000087118904162
Q12781996	6000000034603776854
Q127820085	6000000002803002590
Q127820380	6000000002765074065
Q127820771	6000000002764778698
Q127821167	6000000002802686507
Q127822268	6000000021400949460
Q127823164	6000000012432113859
Q127826320	6000000207611370822
Q1278282	6000000061258340017
Q127829411	6000000007070680149
Q127829960	6000000034885277155
Q127829972	6000000007122565908
Q127830890	6000000207612327953
Q127831623	6000000002764860154
Q127832018	6000000002764860160
Q1278330	4592968203820064992
Q12783935	6000000075976571845
Q12783945	6000000176565138826
Q12783955	6000000081283629731
Q12783988	6000000010448266327
Q12783999	6000000167111328823
Q12784039	6000000173444356197
Q1278407	6000000077119428704
Q12784118	6000000078129247917
Q12784128	6000000052534769863
Q12784140	6000000059041576923
Q12784147	6000000172506862902
Q12784151	6000000177516748860
Q12784155	6000000177657143838
Q12784193	6000000139300584853
Q12784217	6000000177705373852
Q12784218	6000000054944226855
Q12784237	6000000076934283870
Q12784277	6000000072245719954
Q12784293	6000000177973683827
Q12784297	6000000177374478833
Q12784298	6000000092724789177
Q12784300	6000000024761377977
Q12784301	6000000030904122622
Q12784310	6000000024820389037
Q12784328	6000000174999648720
Q12784366	6000000172579410198
Q12784375	6000000172655410227
Q12784390	6000000172717712821
Q12784397	6000000094608019288
Q12784400	6000000032353278431
Q12784402	6000000120871712918
Q12784415	6000000024169238237
Q12784422	6000000090368362222
Q12784423	6000000177210587835
Q12784436	6000000173414663975
Q12784446	6000000163445156121
Q12784455	6000000103902603085
Q12784483	6000000032533842398
Q12784486	6000000151654286196
Q12784497	6000000060610130025
Q12784520	6000000131674262852
Q12784524	6000000026466425660
Q12784535	6000000177375428845
Q12784538	6000000178302047849
Q12784543	6000000087776181833
Q12784552	6000000094461036314
Q12784561	6000000039791928336
Q12784575	6000000115141897324
Q12784585	6000000076520271894
Q12784610	6000000091011720826
Q12784612	6000000076787383408
Q12784613	6000000094440076934
Q12784615	6000000059939885932
Q12784618	6000000173190637135
Q12784641	6000000174127868445
Q12784672	6000000051520329161
Q12784674	6000000173020666908
Q12784683	6000000178003351842
Q1278472	6000000006114132364
Q12784730	6000000053176665824
Q12784748	6000000178324043852
Q12784751	6000000178350863837
Q12784754	6000000001608156533
Q12784755	6000000056582728204
Q12784763	6000000166008286965
Q12784771	6000000079181892417
Q12784774	6000000131536528975
Q12784775	6000000121112021973
Q12784776	6000000088067053844
Q12784784	6000000030039404872
Q12784795	6000000076728194906
Q12784800	6000000059453805937
Q12784806	6000000086752150147
Q12784807	6000000078112146334
Q12784814	6000000083379596050
Q12784815	6000000057313426867
Q12784818	6000000078873815972
Q12784825	6000000114757932992
Q12784826	6000000049565608043
Q12784828	6000000000827500877
Q12784842	6000000120283105892
Q12784861	6000000068855516867
Q12784867	6000000052535410348
Q12784874	6000000177209968837
Q12784882	6000000084709396238
Q12784884	6000000033118818984
Q12784911	6000000173353830030
Q12784912	6000000089592181969
Q12784915	6000000029128002900
Q12784917	6000000090907614822
Q12784928	6000000100337874822
Q12784934	6000000135525360821
Q12784936	6000000030938315120
Q12784941	6000000013216548507
Q1278495	6000000024238834256
Q12785123	6000000004519867026
Q12785144	6000000017071132475
Q12785164	6000000007538543105
Q12785165	6000000148660280855
Q12785284	6000000076954632260
Q12785290	6000000041016339837
Q12785295	6000000169715832861
Q12785300	6000000072244739880
Q12785430	6000000051566953057
Q12785462	6000000033684044699
Q12785472	6000000055957027869
Q12785507	6000000066776648919
Q127855694	4027728284450031504
Q1278559	6000000075421275050
Q12785772	6000000036474704601
Q12785781	6000000076729136872
Q12785792	6000000134923417294
Q12785795	6000000011566447022
Q1278580	6000000177049299821
Q1278583	6000000119025439824
Q1278585	6000000039108587918
Q12785979	6000000166008377875
Q12785980	6000000111814370883
Q12785981	6000000002997384024
Q12786000	6000000056962842143
Q12786037	6000000080621362932
Q12786042	6000000002997314786
Q12786056	6000000009200761760
Q12786066	6000000177517251830
Q12786071	6000000033684925088
Q12786086	6000000064383078822
Q12786157	326856309810006006
Q12786173	6000000072332182902
Q12786175	6000000043431073869
Q12786196	6000000077861963326
Q12786197	6000000030597163220
Q1278625	6000000002542133845
Q12786290	6000000054966193904
Q12786301	6000000007369667459
Q12786317	6000000131325860092
Q1278633	6000000011494475654
Q12786330	6000000030794453660
Q12786335	6000000028334403993
Q1278634	6000000017396762778
Q12786349	6000000011981278799
Q12786354	6000000062170240883
Q12786376	6000000077928655821
Q1278641	6000000024526165472
Q12786414	6000000134988646899
Q1278643	6000000033242469726
Q1278649	6000000017141294488
Q1278650	6000000008594462527
Q1278655	6000000021248900716
Q12786559	6000000079891924188
Q1278659	6000000023771912614
Q12786632	6000000030856077811
Q1278664	4009083206330126711
Q1278666	6000000177316855831
Q1278667	6000000007283418178
Q12786696	6000000156878418071
Q1278673	6000000009314426152
Q127867514	6000000023726573755
Q1278676	6000000068025535908
Q12786762	6000000083161415163
Q127867692	6000000012419154281
Q1278677	6000000017208627830
Q127867765	5414628041210121583
Q127867770	6000000006128046631
Q127867790	6000000023164085905
Q127867859	6000000031118178236
Q127867879	6000000014184508140
Q127867938	6000000014570650108
Q127867945	6000000015583388664
Q127867947	6000000015583336825
Q127867963	6000000015583657249
Q127867964	6000000015583809196
Q127867966	6000000015583649578
Q127867967	6000000015583462694
Q127867968	6000000015583805198
Q127868129	6000000019658421806
Q1278684	6000000008130239487
Q127868458	6000000003549663354
Q127868505	6000000015583685514
Q127868506	6000000015583550467
Q127868543	6000000015623380281
Q127868557	6000000080759703633
Q127868559	6000000015583267912
Q127868634	6000000015583441665
Q127868635	6000000015583687736
Q127868665	6000000105956406834
Q127868686	6000000121076120940
Q127868734	6000000086038949894
Q127868808	5154519519400074475
Q127868837	6000000002802999339
Q127868866	6000000002765050814
Q127868875	6000000014570673052
Q127868875	6000000027157378917
Q127868920	6000000008267465604
Q127868933	6000000015128590196
Q127868942	6000000025086298771
Q127868990	6000000020960017874
Q127869084	6000000207632692847
Q127869419	6000000036641917839
Q127869453	6000000008804960945
Q127869462	6000000007152050372
Q127869481	6000000002096221300
Q127869495	6000000007240385516
Q127869518	6000000186069588857
Q127869573	6000000108288780835
Q127869623	6000000198278970849
Q127869637	6000000002765045565
Q127869692	6000000027556492285
Q127869694	6000000004647529746
Q127869751	6000000008871761499
Q127869778	6000000207637763822
Q127869779	6000000025155911627
Q127870	6000000053741629998
Q12787019	6000000174789453320
Q12787033	6000000100337042840
Q127870485	6000000001462095039
Q1278705	6000000023203828276
Q12787059	6000000175317393044
Q12787083	6000000017154290024
Q12787098	6000000011834336068
Q12787104	6000000008747304930
Q12787183	6000000009202407292
Q12787262	6000000079182161414
Q12787297	6000000086121359863
Q12787300	6000000061092925161
Q12787306	6000000173193153854
Q12787333	6000000149009915862
Q12787390	6000000006845233040
Q12787391	6000000053557905850
Q12787392	6000000041598392828
Q12787483	6000000018124440748
Q12787486	6000000104564943217
Q1278756	6000000015786542408
Q1278760	6000000002598312728
Q12787688	6000000094610964859
Q12787759	6000000001585243721
Q12787813	6000000077015250891
Q12787818	6000000007336712382
Q12787822	6000000003800788852
Q12787824	6000000062100740029
Q12787837	6000000057894093694
Q12787855	6000000037934652147
Q12787857	6000000020746661787
Q12788051	6000000011023694619
Q12788055	6000000050687770419
Q12788061	6000000019614028997
Q12788074	6000000012629605337
Q12788085	6000000055056938962
Q12788198	6000000178170293925
Q12788210	6000000135524554021
Q12788220	6000000073517842041
Q12788221	6000000020787668007
Q12788223	6000000011662571915
Q12788325	6000000080604039087
Q12788327	6000000076704430311
Q12788331	6000000060255567190
Q12788334	6000000175127178276
Q12788344	6000000172824981082
Q12788346	6000000055259123216
Q12788349	6000000107528885831
Q12788352	6000000177331211842
Q1278837	6000000025385257091
Q1278844	6000000172520496752
Q12788452	6000000033363680912
Q12788491	6000000083734413670
Q12788511	6000000079144223829
Q12788524	6000000006781628713
Q12788548	6000000028482443804
Q12788568	6000000066453465971
Q12788621	6000000021227239073
Q12788632	6000000178163293821
Q12788651	6000000000694019899
Q1278870	6000000016599911709
Q12788809	4062223694800059316
Q12788831	6000000030893760079
Q12788878	6000000178165583891
Q12788880	6000000051554683821
Q12788887	6000000048529275456
Q1278894	6000000194443562857
Q12788982	6000000172505480897
Q12788996	6000000047016394293
Q12788997	6000000103016555963
Q12788999	6000000002997314769
Q12789003	6000000086734335844
Q12789007	6000000012629023347
Q12789010	6000000062580182867
Q12789013	6000000131439481151
Q12789014	6000000137538582821
Q12789016	6000000076639060839
Q12789031	6000000147116113869
Q1278904	6000000017198493779
Q12789043	6000000172655103024
Q12789060	6000000112222233030
Q12789063	6000000112222792837
Q12789067	6000000014703643736
Q12789070	6000000076188724873
Q12789096	6000000078905062465
Q12789105	6000000076376192976
Q12789118	6000000068263739032
Q12789151	6000000176400831833
Q12789152	6000000049289050898
Q12789154	6000000020572682589
Q12789159	6000000176538039869
Q12789196	6000000056428651132
Q12789210	6000000064784358374
Q12789221	6000000115296209030
Q1278923	6000000020009220370
Q12789230	6000000172779800599
Q12789239	6000000041272406110
Q12789244	6000000078874942882
Q12789247	6000000003021127570
Q12789260	6000000006104575412
Q12789263	6000000009200634459
Q12789286	6000000018541098541
Q12789294	6000000030613595095
Q12789295	6000000009182632914
Q12789321	6000000001299981056
Q12789323	6000000173016259368
Q12789325	6000000172538464164
Q12789336	6000000088078609916
Q12789340	6000000177874325821
Q12789346	6000000173385623035
Q1278935	6000000062310722159
Q12789374	6000000046033158821
Q12789431	6000000028139448617
Q12789460	6000000152200567889
Q12789507	5620424237860077256
Q12789525	6000000053173437821
Q12789632	6000000086705833823
Q12789740	6000000073370033840
Q12789806	6000000014893131751
Q12789811	6000000038756523115
Q12789855	6000000143117582853
Q12789903	6000000006874639239
Q12789909	6000000173611875188
Q12789913	6000000176512579854
Q12789918	6000000156805465852
Q12789919	6000000077100454152
Q12789921	6000000002141492205
Q12789923	6000000182783270841
Q1279007	6000000027553196009
Q1279014	6000000018910925437
Q1279015	6000000023214198602
Q12790403	6000000104494075090
Q12790438	6000000016841476042
Q12790531	6000000072279390856
Q12790532	6000000011791142332
Q12790533	6000000007629330681
Q12790575	6000000027418767598
Q1279060	6000000178083395853
Q12790725	6000000011256202200
Q1279076	6000000031726977407
Q12790767	6000000015848722845
Q12790844	6000000180325947946
Q12790897	6000000019309929511
Q127909192	6000000180814793847
Q127909368	6000000180814560857
Q12790984	6000000011093277700
Q127909930	6000000023537472047
Q1279100	6000000004063629739
Q12791002	6000000029587388954
Q127910198	6000000008595115135
Q1279107	6000000028429304213
Q12791168	6000000008618195243
Q12791172	6000000052049154353
Q12791176	6000000080375654821
Q12791177	6000000002188412335
Q12791242	6000000173876008731
Q12791252	6000000174749795562
Q12791262	6000000175353751104
Q12791263	6000000178789246831
Q12791267	6000000076852600056
Q1279127	6000000015874905692
Q12791272	6000000091139895929
Q127912934	6000000024976849955
Q12791311	6000000065553685327
Q12791328	6000000020746874869
Q1279147	6000000037495224469
Q127914841	6000000007240156091
Q12791502	6000000178278753853
Q12791503	6000000178323207931
Q12791514	6000000002935613013
Q12791521	6000000172255256420
Q12791530	3046533
Q12791531	6000000084477185287
Q12791533	6000000109763278967
Q12791552	6000000002216677857
Q12791574	6000000174789936930
Q12791582	6000000174965515837
Q12791586	6000000104556134520
Q12791587	6000000194727574863
Q12791588	6000000181135064880
Q12791601	6000000080367635997
Q12791603	6000000022130410430
Q12791604	6000000176120340839
Q12791607	6000000176168044837
Q12791614	6000000077290294154
Q12791629	6000000065109024055
Q12791633	6000000038111467908
Q12791635	6000000020652265821
Q12791642	6000000106167909957
Q12791659	6000000140242701906
Q12791664	6000000066366195821
Q12791666	6000000077210692831
Q12791686	6000000077640739108
Q12791689	6000000056964183866
Q12791691	6000000133903533908
Q12791710	6000000177489416829
Q12791735	6000000000575227973
Q12791776	6000000077241205883
Q127917933	6000000002765047803
Q127918351	6000000002765047810
Q12791861	6000000052475314837
Q12791872	6000000183089531843
Q12791873	6000000037763536981
Q12791876	6000000115003071854
Q12791879	6000000007522162756
Q12791886	6000000062586428036
Q12791887	6000000059039131057
Q12791889	6000000173226256000
Q12791897	6000000172932312859
Q12791923	6000000012677151425
Q12791956	6000000059547694883
Q12791961	6000000029686483936
Q12791966	6000000178165831834
Q12791979	6000000033752936301
Q12791983	6000000100724655084
Q12791985	6000000013728441267
Q12792035	6000000041266340848
Q1279204	6000000028318708255
Q12792046	6000000166664285821
Q12792051	6000000059455245880
Q12792060	6000000175900655863
Q12792068	6000000007322856376
Q12792072	6000000037520067512
Q12792076	6000000022772206510
Q12792080	6000000025537345612
Q12792082	6000000140122621853
Q12792107	6000000115146410973
Q12792115	6000000174545261876
Q12792120	6000000008971680571
Q12792127	6000000077244895726
Q12792129	6000000047130519238
Q12792138	6000000077581201108
Q1279215	6000000069325378941
Q12792164	6000000005559295961
Q12792184	6000000094607169137
Q12792185	6000000010780187816
Q12792186	6000000086529294021
Q12792187	6000000076481108187
Q12792216	6000000077262710903
Q1279229	6000000002091894107
Q12792346	6000000080368211887
Q1279237	6000000051034536022
Q12792386	6000000172280488169
Q12792396	6000000184894025822
Q12792397	6000000145267619822
Q12792400	6000000059454058887
Q12792402	6000000014047664417
Q12792408	6000000104421374824
Q12792414	6000000079258093321
Q12792417	6000000054943072004
Q12792511	6000000045143283865
Q127925274	6000000198248962947
Q12792528	6000000033842444010
Q12792532	6000000034525367958
Q127925623	6000000186075745699
Q127926018	6000000186078149977
Q12792617	6000000055274876848
Q12792622	6000000039166558309
Q12792627	6000000176838511822
Q127926362	6000000008109138437
Q12792653	6000000005424242411
Q12792659	6000000040851229982
Q12792660	6000000012597456179
Q12792664	6000000178324498862
Q127926691	6000000008108852186
Q12792681	6000000094609103839
Q12792682	6000000046102396021
Q12792683	6000000009473574693
Q12792702	6000000173847337340
Q12792706	6000000174304101664
Q127927062	6000000186030518959
Q12792707	6000000100971145139
Q12792708	6000000174999594839
Q12792710	6000000056427800883
Q12792711	6000000020745303939
Q12792715	6000000083527539450
Q12792720	6000000012652820625
Q12792724	6000000057731651380
Q12792725	6000000177212121828
Q12792734	6000000056667658822
Q12792741	6000000073501960829
Q127927428	6000000186030221979
Q12792744	6000000150360673084
Q12792747	6000000108357592917
Q12792750	6000000077862850901
Q127927745	6000000058011403174
Q12792785	6000000178280547822
Q12792816	6000000049837327331
Q12792821	6000000101838385831
Q12792822	6000000007881240383
Q127928230	6000000008109087084
Q12792825	6000000171898432490
Q12792843	6000000174614329050
Q12792847	6000000178602685849
Q12792863	6000000007520724165
Q12792873	6000000176446929886
Q12792889	6000000072397443918
Q12792912	6000000177920487873
Q12792964	6000000014047674121
Q127929661	6000000021048252758
Q12792981	6000000091697903394
Q12792988	6000000039064420525
Q1279300	6000000175311291839
Q12793011	6000000172581066192
Q1279302	6000000013932487380
Q12793068	6000000047543883917
Q12793072	6000000091216069242
Q12793119	6000000037934622042
Q12793121	6000000081519216006
Q12793122	6000000116867893860
Q12793130	6000000016963224592
Q12793144	6000000006781394372
Q12793168	6000000041748320274
Q12793181	6000000086730245889
Q12793208	6000000071949099929
Q1279337	6000000003976858422
Q127933978	6000000002095993836
Q12793406	6000000018117698089
Q12793409	6000000178301038851
Q12793416	6000000022956990417
Q12793421	6000000077289038448
Q12793429	6000000037903025162
Q12793431	377966965700012799
Q12793435	6000000177304665968
Q12793436	6000000042232510862
Q12793439	6000000176491623843
Q12793447	6000000016259475341
Q12793448	6000000078253914130
Q127934493	6000000007250279913
Q12793458	6000000178443416877
Q12793471	6000000034712738409
Q12793473	6000000020809940240
Q12793484	6000000174342860351
Q127935045	6000000002765041127
Q12793536	6000000112218686138
Q12793613	6000000017071789502
Q127938461	4586811475130011966
Q1279389	6000000009388388824
Q12794066	6000000002997294495
Q127941747	6000000002765041115
Q1279420	6000000040979356960
Q127942124	6000000031021030329
Q127942602	6000000011573068729
Q127943013	6000000011572960570
Q127943015	6000000207657295914
Q12794320	6000000064712490899
Q12794354	6000000078904977428
Q127944	6000000003858478940
Q12794563	6000000108867044822
Q1279460	6000000084317356055
Q127946032	6000000001749658070
Q127946046	6000000003040451684
Q127946061	6000000003040451729
Q127946092	6000000003040451675
Q127946182	6000000023808208453
Q12794632	6000000076705693083
Q127946537	6000000006439664614
Q127946619	6000000207659563843
Q127946622	6000000036570711001
Q127946691	6000000207660006833
Q127946714	6000000006128046963
Q127946749	6000000207660962846
Q127946764	6000000039154964492
Q127946770	6000000039151029653
Q127946872	6000000207661529852
Q127946927	6000000167374658391
Q127947181	6000000021470617332
Q12794733	6000000002997351570
Q12794735	6000000113158599926
Q12794737	6000000114756258161
Q127947554	6000000014767758728
Q12794757	6000000014122349812
Q12794760	6000000173158801953
Q12794776	6000000030816580147
Q12794779	6000000046570057931
Q127948219	4800008479870031600
Q127948228	4800008362830080808
Q1279483	6000000071952970524
Q12794838	5476357682140038909
Q12794859	6000000175190273583
Q12794864	6000000011566501720
Q12794959	6000000021173107371
Q12795	6000000078250750861
Q12795022	6000000002260771789
Q12795027	6000000077210128933
Q12795079	6000000025635468313
Q12795093	6000000030951853962
Q12795095	6000000056238443994
Q127952034	6000000195209993821
Q127952034	6000000210468380844
Q12795204	6000000086358005860
Q12795293	6000000109105196049
Q12795307	6000000049295441918
Q12795319	6000000050785735842
Q12795322	6000000173223418822
Q12795364	6000000013101855469
Q127954129	6000000045380203822
Q127954154	6000000206335889837
Q1279545	6000000003111021533
Q1279545	6000000020721434161
Q127954553	6000000195209935829
Q127954553	6000000210468368892
Q12795464	6000000036237519823
Q12795500	6000000057249044906
Q12795502	6000000079397032977
Q127955055	6000000008389416624
Q12795506	6000000143126007917
Q127955091	6000000009080970590
Q127955105	6000000002701381938
Q127955118	6000000003275892981
Q12795515	6000000113494719823
Q12795516	6000000052534394894
Q1279554	6000000020491854174
Q1279555	6000000022251870961
Q127955643	6000000010797416788
Q127955973	6000000010797720612
Q127956292	6000000010797781460
Q1279563	6000000179816675892
Q12795638	6000000009285196573
Q12795659	6000000173878986918
Q127956637	6000000186029258857
Q12795675	6000000003006543617
Q127956849	6000000186030126821
Q12795693	6000000078400176937
Q12795727	6000000177351523829
Q12795753	6000000072317016886
Q12795778	6000000112220366849
Q12795779	6000000113547888841
Q127957973	6000000018055852094
Q12795814	6000000101462403036
Q12795815	6000000000720392279
Q12795819	6000000182947065856
Q12795826	6000000077780388926
Q12795829	6000000134646346827
Q12795838	6000000014909954031
Q12795843	6000000174684868978
Q12795849	6000000174793231856
Q12795864	6000000032540975706
Q12795871	6000000072198502835
Q12795872	6000000001876218390
Q12795909	6000000056057244051
Q12795915	6000000174553097918
Q12795919	6000000081698149342
Q12795923	6000000083324868235
Q12795977	6000000078552833623
Q12795983	6000000120547423985
Q12795988	6000000074817448183
Q12795997	6000000114758251896
Q12796035	6000000129599473828
Q12796043	6000000025498100561
Q12796060	6000000140125986833
Q12796074	6000000026343077108
Q1279609	6000000062603392913
Q1279610	6000000055875267833
Q12796112	6000000084477222822
Q127961141	6000000178593536845
Q12796115	6000000173645627973
Q12796118	6000000143124718006
Q12796125	6000000108343277880
Q1279613	6000000033349644297
Q12796138	6000000056237985024
Q1279619	6000000172922996847
Q127962488	6000000139887125037
Q127962996	6000000139887549887
Q12796316	6000000068471595055
Q127963280	6000000007679531646
Q12796339	6000000068632699821
Q1279634	6000000173745721535
Q127963429	6000000014562778583
Q127963855	6000000181438268868
Q12796399	6000000086658546973
Q12796419	6000000086121487856
Q12796424	6000000054183122857
Q12796428	6000000076978460147
Q12796430	6000000032156989044
Q1279644	6000000031181817946
Q127964445	6000000139887746907
Q12796460	6000000078129784002
Q12796476	6000000002997407317
Q12796504	6000000178260249883
Q12796508	6000000078846425297
Q12796513	6000000120515199833
Q1279652	6000000020338705410
Q12796520	6000000115145806822
Q12796583	6000000054915012939
Q12796598	6000000032493623980
Q12796635	6000000075556366950
Q12796638	6000000131327683878
Q12796647	6000000002142250297
Q12796666	6000000183082246828
Q12796686	6000000042125001125
Q12796697	6000000030596918519
Q12796704	6000000178325931849
Q12796719	6000000060610304934
Q12796721	6000000012629615342
Q12796722	6000000007945677132
Q12796771	6000000012629500905
Q12796790	6000000175612611827
Q12796793	6000000172472895971
Q12796804	6000000008023043668
Q12796825	6000000176563053834
Q12796839	6000000177657116839
Q12796844	6000000086487658253
Q12796845	6000000086753026911
Q12796873	6000000002997314403
Q12796878	6000000033815923060
Q1279691	6000000033983161132
Q1279705	6000000150908231836
Q12797213	6000000038304171128
Q12797216	6000000030213949843
Q12797219	6000000077239588757
Q12797228	6000000135524238178
Q127972592	6000000139888499836
Q12797282	6000000057894695193
Q12797330	6000000077314618959
Q127973496	6000000025371407911
Q12797382	6000000016839941217
Q12797457	6000000019682537965
Q12797479	6000000103972066961
Q12797499	6000000041733760274
Q1279756	6000000016126262521
Q12797562	6000000091691795862
Q127975627	6000000002765050193
Q12797576	6000000014563315613
Q127975998	6000000030213994586
Q127976204	6000000018055670194
Q1279767	6000000022076375846
Q127976944	6000000018767999791
Q127977186	6000000018768066619
Q127978135	6000000013217627020
Q12798043	6000000092794212378
Q12798046	5226224223850055119
Q12798053	6000000033045293828
Q12798128	6000000015830601607
Q1279832	6000000000296110642
Q12798418	6000000033619196963
Q12798420	6000000180616622834
Q12798423	6000000079396452982
Q12798427	6000000174125090931
Q12798428	6000000012459980861
Q12798430	6000000177284922841
Q12798437	6000000006939512389
Q12798441	6000000149010218917
Q12798461	6000000056964186822
Q127984727	6000000015115461555
Q127985268	6000000002802999578
Q127985723	6000000196448484827
Q127985968	6000000008268021259
Q12798614	6000000164250184822
Q12798615	6000000024761813152
Q12798621	6000000009241462224
Q12798625	6000000174372176046
Q127986305	6000000002802999564
Q12798634	6000000124349110876
Q127986656	6000000008268001354
Q12798678	6000000113128042841
Q127987298	6000000008280782554
Q12798745	6000000079476079165
Q12798751	6000000176307545908
Q12798795	6000000171310851857
Q127988477	6000000024849106562
Q127988862	6000000175404747989
Q12799104	6000000001257946830
Q12799529	6000000085382798889
Q12799753	6000000172628655038
Q12799763	6000000032668800450
Q12799766	6000000056415451110
Q12799789	6000000128974767940
Q12799790	6000000021226606689
Q12799808	6000000178282236821
Q12799811	6000000008795772700
Q12799818	6000000026013012640
Q12799874	6000000040736136456
Q12799883	6000000013049155013
Q1280012	6000000017214427607
Q1280015	6000000007453204814
Q12800203	6000000033078191416
Q1280021	6000000008971402822
Q1280022	6000000054238635869
Q1280026	6000000029630621961
Q12800272	6000000023773863031
Q12800279	6000000173848611135
Q12800300	6000000070975156978
Q12800323	6000000156802725822
Q12800355	6000000075982968969
Q128004015	387722960270011567
Q12800533	6000000172112841340
Q12800554	6000000106007769980
Q12800615	6000000175095563729
Q128006266	6000000004169790694
Q128006315	375047441580012506
Q12800736	6000000003232594399
Q12800767	6000000131327806854
Q12800786	6000000078292008368
Q128010054	375027900400011411
Q128010805	374179317120011813
Q128011176	6000000004858150430
Q128011318	6000000000661296748
Q128011566	6000000017914852059
Q128011933	374185011530004394
Q128011950	6000000000735554252
Q128012247	374170871910012298
Q128012793	6000000009626173406
Q128012848	6000000061478465914
Q128013298	6000000000844323216
Q128013652	6000000019800487422
Q128013740	6000000019801075001
Q1280148	6000000074730495842
Q128016605	6000000009669711305
Q128016708	6000000004593345531
Q128019	6000000079289560352
Q1280214	6000000031136712799
Q128024681	374218528300007122
Q1280247	6000000013138103668
Q128024871	374219151460002598
Q12802644	6000000107613999852
Q12802680	6000000134646440836
Q12802697	6000000174308343912
Q1280270	6000000011293113683
Q12802715	6000000158791903839
Q12802723	6000000101022210227
Q12802727	6000000076955086066
Q12802728	6000000002997389184
Q1280278	6000000065985495974
Q1280288	6000000039771810480
Q12802885	6000000153039795848
Q12802887	6000000055958915897
Q12802907	6000000135524148223
Q128031260	376964574810011148
Q128031270	6000000009659321697
Q1280314	6000000173812485913
Q12803144	6000000024169976225
Q128031883	6000000046208397830
Q128031886	6000000171703963005
Q1280319	6000000017478318974
Q128032081	6000000014570937881
Q128032110	6000000014569793935
Q128032111	6000000014570476564
Q128032142	6000000015684511121
Q12803297	6000000172963300054
Q12803303	6000000056236754437
Q12803306	6000000164300766077
Q12803330	6000000174720120267
Q12803338	6000000076605688985
Q12803347	6000000173906119409
Q12803360	6000000176166381912
Q12803367	6000000020121495349
Q12803368	6000000070315991114
Q12803396	6000000084546730294
Q12803402	6000000011777046699
Q12803415	6000000041792524976
Q12803417	6000000078746477722
Q12803429	6000000177875784839
Q128034945	6000000021317048544
Q128034987	6000000008152802098
Q128035594	6000000105269427881
Q128035612	6000000105197550968
Q128035662	6000000014883388609
Q128035681	6000000014883378722
Q128035691	6000000008267135414
Q128035760	6000000008267038670
Q128036880	6000000007070967052
Q128037412	6000000007122858878
Q12803807	6000000020542846477
Q128038721	6000000186094248926
Q12803932	4618873485840026904
Q12803941	6000000082987319921
Q12804087	6000000011175736942
Q128041607	6000000180790952846
Q1280419	6000000065546697352
Q128042403	6000000022513335701
Q128042409	6000000077841661969
Q128042410	6000000046511895130
Q128042412	6000000000019912246
Q128042414	6000000000037140093
Q128042416	6000000000052458442
Q128042418	6000000000102366345
Q128042420	6000000000128811346
Q128042500	6000000027024403454
Q12804281	6000000110228327593
Q12804284	6000000082987531836
Q128043005	6000000007419257314
Q1280431	6000000084250144871
Q128043117	6000000000128851384
Q128043119	6000000000128851400
Q128043121	6000000000128851418
Q128043125	6000000000142954358
Q128043126	6000000000182254517
Q128043131	6000000000182392005
Q128043134	6000000000185308802
Q128043135	6000000000185640320
Q128043138	6000000000211276903
Q128043140	6000000000365889173
Q128043151	6000000000445163031
Q128043158	6000000000511647789
Q128043159	6000000000630991092
Q128043161	6000000000631671020
Q128043166	6000000000649068883
Q128043170	6000000000701212112
Q128043172	6000000000728700847
Q128043174	6000000000728803549
Q128043177	6000000000856163282
Q128043179	6000000000856237072
Q128043184	6000000000909355030
Q128043185	6000000000933810064
Q128043188	6000000000946703048
Q128043190	6000000001044513163
Q128043191	6000000001127161759
Q128043193	6000000001128700229
Q128043194	6000000001195027139
Q128043196	6000000001216864610
Q128043200	6000000001271887757
Q128043201	6000000001272002522
Q128043203	6000000001272002615
Q128043205	6000000001272026245
Q128043208	6000000001272056228
Q128043213	6000000001342013593
Q128043215	6000000001389326149
Q128043217	6000000001389338349
Q128043220	6000000001431682098
Q128043222	6000000001431793191
Q128043224	6000000001431799102
Q128043226	6000000001504343227
Q128043227	6000000001525357410
Q128043230	6000000001525488760
Q128043232	6000000001548612069
Q128043234	6000000001657871475
Q128043236	6000000001657876120
Q128043238	6000000001669392350
Q128043239	6000000001700702301
Q128043241	6000000001702702674
Q128043243	6000000001827504600
Q128043246	6000000001856349001
Q128043252	6000000002141555614
Q128043254	6000000002180474075
Q128043255	6000000002189216157
Q128043257	6000000002300415433
Q128043259	6000000002350772080
Q128043262	6000000002408907982
Q128043269	6000000002461382641
Q128043271	6000000002486039026
Q128043273	6000000002489533286
Q128043275	6000000002551832127
Q128043276	6000000002569737693
Q128043278	6000000002577352491
Q128043280	6000000002610724340
Q128043281	6000000002626758723
Q128043288	6000000002713303574
Q128043297	6000000002737501379
Q128043301	6000000002745070362
Q128043304	6000000002745207957
Q128043306	6000000002747717921
Q128043308	6000000002749751451
Q128043310	6000000002766426735
Q128043311	6000000002775793933
Q128043315	6000000002775793977
Q128043317	6000000002787797477
Q128043318	6000000002810328886
Q128043321	6000000002814962419
Q128043323	6000000002815058435
Q128043324	6000000002815206569
Q128043326	6000000002815310595
Q128043327	6000000002835876788
Q128043329	6000000002846823072
Q128043331	6000000002912071711
Q128043332	6000000002954949183
Q128043334	6000000002967412994
Q128043336	6000000002985939968
Q128043339	6000000002986542210
Q128043341	6000000002989751323
Q128043344	6000000003024779608
Q128043346	6000000003037455797
Q128043348	6000000003037518503
Q128043349	6000000003069793499
Q128043351	6000000003070068704
Q128043353	6000000003070381993
Q128043354	6000000003070578101
Q128043357	6000000003070748388
Q128043359	6000000003080868174
Q128043360	6000000003080991170
Q128043363	6000000003081326276
Q128043367	6000000003081636018
Q128043369	6000000003082704012
Q128043371	6000000003093351137
Q128043373	6000000003094817682
Q128043374	6000000003112197947
Q128043376	6000000003116573381
Q128043382	6000000003141148615
Q128043384	6000000003141235897
Q128043385	6000000003141327037
Q128043387	6000000003141404347
Q128043397	6000000003163863655
Q128043398	6000000003163910294
Q128043400	6000000003164169976
Q128043403	6000000003192820596
Q128043405	6000000003193955259
Q128043408	6000000003216071652
Q128043410	6000000003216071680
Q128043412	6000000003222665048
Q128043414	6000000003264166790
Q128043417	6000000003282109085
Q128043419	6000000003291763189
Q128043423	6000000003365089617
Q128043425	6000000003365199076
Q128043429	6000000003400989040
Q128043431	6000000003410186449
Q128043433	6000000003443609846
Q128043438	6000000003578215031
Q128043445	6000000003768832938
Q128043447	6000000003781256097
Q128043448	6000000003791839898
Q128043450	6000000003792051918
Q128043453	6000000003817923374
Q128043455	6000000003827470719
Q128043457	6000000003829523810
Q128043460	6000000003885935169
Q128043462	6000000003886462143
Q128043467	6000000003914714112
Q128043469	6000000003915715153
Q128043473	6000000004077232515
Q128043475	6000000004104775080
Q128043476	6000000004156344203
Q128043478	6000000004158729912
Q128043480	6000000004159646477
Q128043481	6000000004160672418
Q128043483	6000000004170188991
Q128043485	6000000004185594122
Q128043486	6000000004226256320
Q128043488	6000000004226363385
Q128043491	6000000004227133227
Q128043494	6000000004234329383
Q128043496	6000000004302664734
Q128043500	6000000004319869310
Q128043506	6000000004326007965
Q128043508	6000000004326132587
Q128043511	6000000004333161922
Q128043512	6000000004333205320
Q128043514	6000000004333215371
Q128043516	6000000004333233428
Q128043517	6000000004333356609
Q128043519	6000000004398645407
Q128043521	6000000004398749027
Q128043522	6000000004399493346
Q128043524	6000000004399922735
Q128043531	6000000004633425630
Q128043534	6000000004641988717
Q128043536	6000000004642236065
Q128043538	6000000004642252734
Q128043539	6000000004661688054
Q128043541	6000000004667492600
Q128043542	6000000004849051268
Q128043544	6000000004860581116
Q128043545	6000000004867458177
Q128043547	6000000004880529483
Q128043554	6000000005014845618
Q128043560	6000000005035802251
Q128043562	6000000005035802266
Q128043563	6000000005035802281
Q128043565	6000000005035802296
Q128043567	6000000005035802532
Q128043568	6000000005035802567
Q128043570	6000000005035802632
Q128043572	6000000005035802672
Q128043573	6000000005035802682
Q128043575	6000000005035974422
Q128043578	6000000005035974468
Q128043580	6000000005035974483
Q128043581	6000000005035974528
Q128043584	6000000005035974626
Q128043586	6000000005046087700
Q128043588	6000000005092254275
Q128043589	6000000005096537060
Q128043591	6000000005135443002
Q128043592	6000000005136498002
Q128043595	6000000005136956007
Q128043599	6000000005221313732
Q128043601	6000000005229643085
Q128043607	6000000005242265304
Q128043609	6000000005401455202
Q128043610	6000000005549130014
Q128043611	6000000005549355004
Q128043613	6000000005550645001
Q128043614	6000000005551970001
Q128043616	6000000005552367002
Q128043618	6000000005553194313
Q128043621	6000000005554989109
Q128043622	6000000005555975004
Q128043625	6000000005557802011
Q128043629	6000000005558299008
Q128043631	6000000005562194798
Q128043634	6000000005562314514
Q128043642	6000000005562510258
Q128043643	6000000005562600903
Q128043644	6000000005562606236
Q128043647	6000000005563037267
Q128043649	6000000005563087711
Q128043651	6000000005563218140
Q128043653	6000000005563223637
Q128043656	6000000005563257061
Q128043658	6000000005563313449
Q128043659	6000000005608081329
Q128043661	6000000005622391270
Q128043662	6000000005736964297
Q128043666	6000000005741452350
Q128043668	6000000005741458342
Q128043670	6000000005742469028
Q128043671	6000000005918125124
Q128043673	6000000005952945697
Q128043674	6000000005968415121
Q128043679	6000000006127120463
Q128043685	6000000006127607210
Q128043687	6000000006127621733
Q128043689	6000000006127651432
Q128043690	6000000006127713998
Q128043692	6000000006127769329
Q128043696	6000000006128152160
Q128043699	6000000006128299021
Q128043703	6000000006148094669
Q128043707	6000000006182149118
Q128043712	6000000006192711061
Q128043716	6000000006204663459
Q128043720	6000000006299019482
Q128043722	6000000006299289085
Q128043724	6000000006300397459
Q128043727	6000000006307205001
Q128043729	6000000006312544003
Q128043730	6000000006351508310
Q128043732	6000000006351700103
Q128043735	6000000006360868768
Q128043737	6000000006361154577
Q128043738	6000000006361363494
Q128043739	6000000006362525020
Q128043740	6000000006420331001
Q128043741	6000000006426143010
Q128043742	6000000006444138837
Q128043744	6000000006448690008
Q128043746	6000000006493579001
Q128043747	6000000006494460143
Q128043749	6000000006567410002
Q128043755	6000000006581088359
Q128043757	6000000006595731416
Q128043758	6000000006608560265
Q128043778	6000000006775324819
Q128043780	6000000006775337733
Q128043781	6000000006775619197
Q128043793	6000000006790944363
Q128043795	6000000006824747117
Q128043797	6000000006870153850
Q128043798	6000000006882212862
Q128043800	6000000006882439383
Q128043802	6000000006882571374
Q128043803	6000000006882711085
Q128043805	6000000006892218369
Q128043808	6000000006909049287
Q128043810	6000000006937642108
Q128043812	6000000006952845668
Q128043814	6000000006985356929
Q128043815	6000000006987430009
Q128043817	6000000007023256985
Q128043818	6000000007040564432
Q128043820	6000000007040598320
Q128043823	6000000007088413622
Q128043825	6000000007088605407
Q128043829	6000000007102532670
Q128043831	6000000007107496420
Q128043833	6000000007107785367
Q128043835	6000000007112048675
Q128043837	6000000007121559713
Q128043839	6000000007121915563
Q128043841	6000000007122170596
Q128043842	6000000007122184312
Q128043845	6000000007158092630
Q128043847	6000000007168668940
Q128043849	6000000007169563261
Q128043853	6000000007188589392
Q128043854	6000000015443671122
Q128043856	6000000007189616224
Q128043857	6000000007209667347
Q128043859	6000000007214842364
Q128043861	6000000007229638088
Q128043862	6000000007232307287
Q128043864	6000000007237713262
Q128043866	6000000007249918768
Q128043868	6000000007250053346
Q128043870	6000000007280179496
Q128043871	6000000007285235669
Q128043880	6000000007292727699
Q128043883	6000000007292730007
Q128043886	6000000007296801240
Q128043889	6000000007320788639
Q128043891	6000000007328082218
Q128043895	6000000007337933670
Q128043896	6000000007369940773
Q128043901	6000000007372337638
Q128043902	6000000007372509359
Q128043904	6000000007372543221
Q128043906	6000000007372544252
Q128043913	6000000007376365582
Q128043916	6000000007376611322
Q128043926	6000000007378894239
Q128043928	6000000007385319867
Q128043930	6000000007386451646
Q128043931	6000000007397511984
Q128043933	6000000007397873557
Q128043934	6000000007398108755
Q128043936	6000000007398281294
Q128043942	6000000007398451390
Q128043947	6000000007398664955
Q128043949	6000000007400120933
Q128043951	6000000007400461602
Q128043954	6000000007402222546
Q128043956	6000000007426638752
Q128043973	6000000007453668653
Q128043975	6000000007474038880
Q128043977	6000000007474039883
Q128043979	6000000007474570546
Q128043983	6000000007498861065
Q128043984	6000000007511182467
Q128043986	6000000007511822881
Q128043989	6000000007511974535
Q128043991	6000000007512044290
Q128043992	6000000007527804481
Q128043994	6000000007555005762
Q128043995	6000000007560822943
Q128043997	6000000007564069351
Q128043998	6000000007575854019
Q128044000	6000000007616575682
Q128044002	6000000007631664540
Q128044004	6000000007649051918
Q128044006	6000000007649222830
Q128044009	6000000007651729340
Q128044011	6000000007673855233
Q128044013	6000000007679075200
Q128044014	6000000007691007254
Q128044016	6000000007691141949
Q128044017	6000000007707156921
Q128044019	6000000007707498318
Q128044020	6000000007707589305
Q128044022	6000000007708026665
Q128044024	6000000007708064697
Q128044026	6000000007744783939
Q128044029	6000000007744895666
Q128044030	6000000007745152426
Q128044032	6000000007745921322
Q128044034	6000000007746019526
Q128044035	6000000007757808191
Q128044037	6000000007758182909
Q128044039	6000000007758321740
Q128044040	6000000007758321960
Q128044042	6000000007758492255
Q128044043	6000000007759188450
Q128044045	6000000007759223545
Q128044047	6000000007771818053
Q128044050	6000000007772308324
Q128044052	6000000007773985740
Q128044053	6000000007774060605
Q128044055	6000000007774128538
Q128044057	6000000007774437311
Q128044061	6000000007774843298
Q128044062	6000000007801867628
Q128044064	6000000007819518827
Q128044065	6000000007835839121
Q128044067	6000000007848885006
Q128044069	6000000007849033860
Q128044071	6000000007849194329
Q128044074	6000000007858995868
Q128044076	6000000007900473438
Q128044078	6000000007919357491
Q128044080	6000000007919498278
Q128044081	6000000007919552245
Q128044083	6000000007977776863
Q128044085	6000000007979757933
Q128044086	6000000007979938500
Q128044089	6000000007980604343
Q128044090	6000000007991725741
Q128044092	6000000007991851691
Q128044094	6000000007993521250
Q128044098	6000000008020730810
Q128044099	6000000008020857965
Q128044101	6000000008020903380
Q128044104	6000000008062280598
Q128044106	6000000008088848265
Q128044107	6000000008111259969
Q128044109	6000000008115182862
Q128044111	6000000008115260010
Q128044113	6000000008115517254
Q128044115	6000000008135165491
Q128044117	6000000008135192763
Q128044119	6000000008135509968
Q128044120	6000000008148699591
Q128044122	6000000008148998608
Q128044123	6000000008172300953
Q128044125	6000000008178887221
Q128044126	6000000008180820724
Q128044128	6000000008180834741
Q128044130	6000000008180840357
Q128044131	6000000008186240655
Q128044133	6000000008186343052
Q128044134	6000000008186523540
Q128044136	6000000008188224774
Q128044142	6000000008188613472
Q128044144	6000000008188702902
Q128044146	6000000008190931501
Q128044148	6000000008193332828
Q128044150	6000000008217767748
Q128044152	6000000008228830107
Q128044158	6000000008228901691
Q128044160	6000000008228901903
Q128044162	6000000008228932485
Q128044167	6000000008249787679
Q128044171	6000000008272210735
Q128044173	6000000008272311594
Q128044174	6000000008272576670
Q128044178	6000000008285577937
Q128044180	6000000008285644238
Q128044182	6000000008286110833
Q128044191	6000000008302845785
Q128044192	6000000008305992921
Q128044194	6000000008310276471
Q128044196	6000000008323516492
Q128044197	6000000008326975012
Q128044199	6000000008336007969
Q128044202	6000000008337357656
Q128044204	6000000008339501561
Q128044206	6000000008348765308
Q128044208	6000000008375531656
Q128044210	6000000008377794381
Q128044211	6000000008377867438
Q128044215	6000000008381939738
Q128044217	6000000008394580036
Q128044219	6000000008417237898
Q128044222	6000000008452702897
Q128044224	6000000008452858590
Q128044226	6000000008466388618
Q128044227	6000000008466998358
Q128044229	6000000008469373805
Q128044230	6000000008469525446
Q128044232	6000000008469575737
Q128044233	6000000008470830183
Q128044235	6000000008470849388
Q128044236	6000000008471053585
Q128044238	6000000008473715525
Q128044242	6000000008479847275
Q128044243	6000000008479898476
Q128044245	6000000008481209137
Q128044247	6000000008481452409
Q128044249	6000000008481498509
Q128044252	6000000008481725361
Q128044253	6000000008488262490
Q128044255	6000000008488390680
Q128044257	6000000008488452394
Q128044258	6000000008488462149
Q128044266	6000000008494026311
Q128044267	6000000008499707627
Q128044269	6000000008499762390
Q128044270	6000000008499805023
Q128044274	6000000008501032218
Q128044281	6000000008506355216
Q128044282	6000000008509033554
Q128044284	6000000008509316250
Q128044290	6000000008536489112
Q128044291	6000000008538463055
Q128044293	6000000008538826196
Q128044297	6000000008539387292
Q128044299	6000000008541033905
Q128044301	6000000008541658924
Q128044303	6000000008547641992
Q128044304	6000000008571314000
Q128044306	6000000008572881459
Q128044308	6000000008580089689
Q128044312	6000000008586634547
Q128044314	6000000008588238666
Q128044316	6000000008589783803
Q128044327	6000000008592560402
Q128044330	6000000008602045696
Q128044332	6000000008602055318
Q128044334	6000000008602159302
Q128044338	6000000008603599467
Q128044341	6000000008603870069
Q128044343	6000000008604243423
Q128044344	6000000008605310955
Q128044347	6000000008608798110
Q128044349	6000000008615077629
Q128044350	6000000008615172810
Q128044352	6000000008615423870
Q128044355	6000000008615907269
Q128044358	6000000008626571134
Q128044360	6000000008626827071
Q128044362	6000000008626843586
Q128044363	6000000008626929209
Q128044366	6000000008627454900
Q128044368	6000000008627673537
Q128044373	6000000008639840040
Q128044375	6000000008643235928
Q128044376	6000000008643664246
Q128044378	6000000008643701288
Q128044380	6000000008643754736
Q128044382	6000000008643769552
Q128044385	6000000008650861756
Q128044387	6000000008653447149
Q128044394	6000000008653727452
Q128044396	6000000008659863671
Q128044398	6000000008659973819
Q128044401	6000000008661130532
Q128044403	6000000008683213047
Q128044416	6000000008696198191
Q128044418	6000000008696525532
Q128044420	6000000008706750194
Q128044422	6000000008708620144
Q128044425	6000000008716971001
Q128044427	6000000008717024385
Q128044428	6000000008717049545
Q128044430	6000000008717071628
Q128044432	6000000008721125097
Q128044433	6000000008724101648
Q128044435	6000000008724668063
Q128044437	6000000008733659527
Q128044438	6000000008744742686
Q128044440	6000000008746232970
Q128044442	6000000008746401858
Q128044443	6000000008752284765
Q128044445	6000000008752478165
Q128044455	6000000008765971545
Q128044457	6000000008766036646
Q128044458	6000000008766262376
Q128044460	6000000008766520748
Q128044474	6000000008770694782
Q128044477	6000000008771471320
Q128044479	6000000008777366502
Q128044482	6000000008777587209
Q128044484	6000000008777642044
Q128044486	6000000008777871839
Q128044489	6000000008777885468
Q128044494	6000000008779339912
Q128044496	6000000008779471519
Q128044497	6000000008779483701
Q128044499	6000000008779645799
Q128044501	6000000008779941832
Q128044502	6000000008782072472
Q128044504	6000000008784178370
Q128044508	6000000008805797334
Q128044511	6000000008814573692
Q128044514	6000000008814735951
Q128044516	6000000008831011421
Q128044518	6000000008831013582
Q128044519	6000000008831597892
Q128044526	6000000008836889694
Q128044528	6000000008841330558
Q128044530	6000000008844852323
Q128044533	6000000008857726323
Q128044537	6000000008860087798
Q128044539	6000000008860776932
Q128044540	6000000008860874098
Q128044542	6000000008860948106
Q128044546	6000000008861486265
Q128044547	6000000008861955549
Q128044549	6000000008862028566
Q128044551	6000000008862089709
Q128044552	6000000008870864585
Q128044554	6000000008870994193
Q128044556	6000000008871000383
Q128044557	6000000008871272481
Q128044559	6000000008873457234
Q128044561	6000000008879307965
Q128044568	6000000008891293885
Q128044569	6000000008897733061
Q128044571	6000000008899957960
Q128044573	6000000008901026732
Q128044575	6000000008901130730
Q128044577	6000000008901244267
Q128044579	6000000008901288225
Q128044580	6000000008901719942
Q128044582	6000000008902355549
Q128044585	6000000008903470393
Q128044587	6000000008907307600
Q128044589	6000000008907549253
Q128044591	6000000008907907880
Q128044592	6000000008907951774
Q128044594	6000000008908305448
Q128044597	6000000008913323622
Q128044599	6000000008913476982
Q128044600	6000000008922631116
Q128044602	6000000008923825682
Q128044604	6000000008923882640
Q128044606	6000000008933210603
Q128044607	6000000008935064105
Q128044609	6000000008951048740
Q128044611	6000000008951924882
Q128044612	6000000008952125739
Q128044614	6000000008952311466
Q128044616	6000000008952429645
Q128044618	6000000008952513029
Q128044620	6000000008959927547
Q128044621	6000000008960310292
Q128044623	6000000008960659949
Q128044625	6000000008960710066
Q128044626	6000000008960722238
Q128044629	6000000008961313501
Q128044631	6000000008961403522
Q128044632	6000000008961697629
Q128044634	6000000008964982821
Q128044637	6000000008968179129
Q128044639	6000000008968184381
Q128044641	6000000008968415893
Q128044643	6000000008968492880
Q128044644	6000000008969764100
Q128044648	6000000008972375401
Q128044650	6000000008975811015
Q128044652	6000000008976231468
Q128044653	6000000008977012611
Q128044655	6000000008977062241
Q128044657	6000000008977084393
Q128044658	6000000008977093036
Q128044660	6000000008977143308
Q128044665	6000000008977318548
Q128044668	6000000008977396904
Q128044669	6000000008977535625
Q128044671	6000000008977622342
Q128044674	6000000008984241998
Q128044682	6000000008988285080
Q128044684	6000000009005555625
Q128044686	6000000009006384415
Q128044690	6000000009014497802
Q128044693	6000000009025691203
Q128044694	6000000009028813783
Q128044696	6000000009034698620
Q128044697	6000000180791797840
Q128044699	6000000009035694902
Q128044700	6000000009036068530
Q128044702	6000000009036079422
Q128044704	6000000009043014155
Q128044706	6000000009051727152
Q128044708	6000000009052392709
Q128044710	6000000009052720876
Q128044712	6000000009054052145
Q128044714	6000000009054446677
Q128044715	6000000009054477087
Q128044717	6000000009054853851
Q128044719	6000000009056610424
Q128044720	6000000009064029064
Q128044722	6000000009064248481
Q128044723	6000000009065597258
Q128044726	6000000009072743735
Q128044727	6000000009092672114
Q128044729	6000000009092722113
Q128044731	6000000009092970735
Q128044733	6000000009093048480
Q128044735	6000000009093287353
Q128044736	6000000009093316280
Q128044738	6000000009116694342
Q128044740	6000000009127593139
Q128044741	6000000009127608283
Q128044750	6000000009127741878
Q128044751	6000000009135338026
Q128044755	6000000009135784794
Q128044759	6000000009144959263
Q128044761	6000000009151965605
Q128044764	6000000009152903833
Q128044766	6000000009152970533
Q128044768	6000000009153058819
Q128044770	6000000009153199863
Q128044771	6000000009153286055
Q128044775	6000000009153483585
Q128044777	6000000009153580361
Q128044779	6000000009153622355
Q128044784	6000000009166972639
Q128044788	6000000009168736644
Q128044793	6000000009172539135
Q128044795	6000000009178723045
Q128044797	6000000009179411354
Q128044799	6000000009180066328
Q128044801	6000000009185297146
Q128044802	6000000009186062654
Q128044806	6000000009186918337
Q128044812	6000000009187169438
Q128044815	6000000009188866316
Q128044816	6000000009188866510
Q128044819	6000000009190265076
Q128044821	6000000009224555510
Q128044823	6000000009232638549
Q128044825	6000000009235372201
Q128044826	6000000009237929557
Q128044828	6000000009239056520
Q128044830	6000000009262729533
Q128044831	6000000009295120429
Q128044833	6000000009295674544
Q128044835	6000000009305490696
Q128044836	6000000009305579720
Q128044838	6000000009305603998
Q128044839	6000000009306287841
Q128044841	6000000009306339557
Q128044843	6000000009306523264
Q128044844	6000000009306531637
Q128044851	6000000009325135872
Q128044853	6000000009341699403
Q128044854	6000000009341865086
Q128044856	6000000009350495607
Q128044858	6000000009350662325
Q128044860	6000000009357889919
Q128044861	6000000009358444597
Q128044863	6000000009366314954
Q128044864	6000000009366397830
Q128044866	6000000009366428597
Q128044868	6000000009367685293
Q128044870	6000000009371488933
Q128044871	6000000009374573203
Q128044873	6000000009375107860
Q128044876	6000000009376075221
Q128044878	6000000009385746140
Q128044879	6000000009385903741
Q128044883	6000000009403245179
Q128044884	6000000009404421098
Q128044886	6000000009404882265
Q128044888	6000000009411614952
Q128044890	6000000009411748598
Q128044891	6000000009411982854
Q128044893	6000000009412062411
Q128044895	6000000009412121646
Q128044897	6000000009412215509
Q128044899	6000000009412760034
Q128044901	6000000009414982006
Q128044903	6000000009415014857
Q128044905	6000000009415069118
Q128044907	6000000009415242115
Q128044909	6000000009415253668
Q128044910	6000000009415429339
Q128044912	6000000009428135981
Q128044914	6000000009429279271
Q128044917	6000000009437631950
Q128044919	6000000009439873956
Q128044923	6000000009447578650
Q128044925	6000000009447578745
Q128044927	6000000009468171450
Q128044929	6000000009477960454
Q128044930	6000000009491025807
Q128044932	6000000009508507757
Q128044934	6000000009526806631
Q128044936	6000000009557486474
Q128044938	6000000009580863900
Q128044940	6000000009598022671
Q128044941	6000000009598290120
Q128044943	6000000009626804234
Q128044945	6000000009627810082
Q128044947	6000000009628115896
Q128044948	6000000009637234927
Q128044950	6000000009637338639
Q128044952	6000000009637632129
Q128044953	6000000009637875502
Q128044963	6000000009649702608
Q128044965	6000000009663417427
Q128044967	6000000009678298114
Q128044969	6000000009717974575
Q128044975	6000000009744621286
Q128044977	6000000009744635225
Q128044981	6000000009753586175
Q128044983	6000000009757136032
Q128044984	6000000009757186368
Q128044986	6000000009764331070
Q128044988	6000000009764404267
Q128044990	6000000009764408492
Q128044992	6000000009770147286
Q128044994	6000000009770162228
Q128044996	6000000009770432683
Q128044997	6000000009770885994
Q128044999	6000000009770918838
Q128045001	6000000009771079379
Q128045003	6000000009771895174
Q128045004	6000000009772585329
Q128045007	6000000009772643864
Q128045008	6000000009772705321
Q128045010	6000000009772777584
Q128045011	6000000009772908659
Q128045013	6000000009772926510
Q128045015	6000000009773133281
Q128045017	6000000009773173386
Q128045019	6000000009787099434
Q128045020	6000000009789480602
Q128045024	6000000009790343275
Q128045026	6000000009792341133
Q128045027	6000000009793597391
Q128045029	6000000009793690489
Q128045031	6000000009793963059
Q128045032	6000000009801852029
Q128045033	6000000009802645209
Q128045035	6000000009806730906
Q128045037	6000000009806757667
Q128045039	6000000009806812398
Q128045041	6000000009813968503
Q128045043	6000000009814527779
Q128045045	6000000009817371203
Q128045047	6000000009821272479
Q128045049	6000000009821276342
Q128045052	6000000009827415952
Q128045055	6000000009827967240
Q128045057	6000000009828999169
Q128045058	6000000009829017996
Q128045060	6000000009829275961
Q128045062	6000000009830181869
Q128045063	6000000009831876511
Q128045065	6000000009837319331
Q128045067	6000000009846419108
Q128045068	6000000009846762289
Q128045070	6000000009847022298
Q128045073	6000000009847377275
Q128045074	6000000009847381711
Q128045075	6000000009847412995
Q128045079	6000000009852459187
Q128045081	6000000009855155302
Q128045082	6000000009855178775
Q128045085	6000000009855183101
Q128045087	6000000009861449578
Q128045091	6000000009875404277
Q128045093	6000000009876238925
Q128045100	6000000009883097349
Q128045102	6000000009886169186
Q128045110	6000000009886589649
Q128045114	6000000009886862963
Q128045117	6000000009889909815
Q128045118	6000000009889996086
Q128045120	6000000009890142103
Q128045121	6000000009896757734
Q128045123	6000000009899411767
Q128045124	6000000009900614484
Q128045127	6000000009912846179
Q128045129	6000000009913361511
Q128045131	6000000009913386839
Q128045133	6000000009913410418
Q128045135	6000000009913430780
Q128045137	6000000009913561398
Q128045138	6000000009915103442
Q128045140	6000000009917059394
Q128045142	6000000009917108488
Q128045143	6000000009917155342
Q128045145	6000000009935359652
Q128045147	6000000009935646146
Q128045148	6000000009944145250
Q128045151	6000000009944160456
Q128045153	6000000009944166882
Q128045156	6000000009944855917
Q128045158	6000000009944898896
Q128045159	6000000009944999621
Q128045161	6000000009945025125
Q128045163	6000000009945055098
Q128045165	6000000009945301678
Q128045167	6000000009945416307
Q128045168	6000000009945460569
Q128045170	6000000009945476209
Q128045171	6000000009945659156
Q128045173	6000000009946090935
Q128045176	6000000009946168228
Q128045177	6000000009956539559
Q128045179	6000000009956794650
Q128045180	6000000009963726323
Q128045182	6000000009964265792
Q128045184	6000000009966356687
Q128045185	6000000009974069526
Q128045189	6000000009977197339
Q128045190	6000000009987200211
Q128045192	6000000009987845312
Q128045195	6000000009997269434
Q128045197	6000000010001589077
Q128045199	6000000010008667830
Q128045201	6000000010010190016
Q128045202	6000000010010380356
Q128045204	6000000010041795730
Q128045206	6000000010044807526
Q128045208	6000000010061326642
Q128045209	6000000010061365530
Q128045211	6000000010068556814
Q128045212	6000000010069202185
Q128045214	6000000010069237036
Q128045216	6000000010069633251
Q128045217	6000000010069648558
Q128045219	6000000010069676822
Q128045220	6000000010069706894
Q128045223	6000000010069820302
Q128045226	6000000010078672224
Q128045228	6000000010078825102
Q128045230	6000000010079471264
Q128045231	6000000010080470552
Q128045234	6000000010080869002
Q128045242	6000000010085459930
Q128045247	6000000010086443797
Q128045249	6000000010087347374
Q128045252	6000000010087445414
Q128045254	6000000010091028593
Q128045256	6000000010091559282
Q128045260	6000000010096041800
Q128045261	6000000010100205675
Q128045263	6000000010100547390
Q128045265	6000000010101884245
Q128045268	6000000010110775048
Q128045270	6000000010111139330
Q128045272	6000000010111190407
Q128045273	6000000010113896268
Q128045276	6000000010116129844
Q128045278	6000000010119078784
Q128045282	6000000010119277746
Q128045284	6000000010119381641
Q128045285	6000000010119412842
Q128045287	6000000010120653232
Q128045289	6000000010130977715
Q128045291	6000000010131665470
Q128045294	6000000010141187307
Q128045299	6000000010141806246
Q128045300	6000000010161533434
Q128045302	6000000010170565066
Q128045304	6000000010170618868
Q128045306	6000000010181126555
Q128045307	6000000010187490188
Q128045312	6000000010188791889
Q128045314	6000000010190108214
Q128045316	6000000010200094436
Q128045317	6000000010209800137
Q128045320	6000000010218418423
Q128045323	6000000010224151862
Q128045325	6000000010228525757
Q128045326	6000000010228742406
Q128045328	6000000010228929278
Q128045331	6000000010229512892
Q128045333	6000000010229949231
Q128045336	6000000010229972999
Q128045339	6000000010240849447
Q128045341	6000000010244731055
Q128045342	6000000010260404129
Q128045344	6000000010260684736
Q128045346	6000000010260714916
Q128045348	6000000010264381558
Q128045350	6000000010264659195
Q128045351	6000000010265376315
Q128045353	6000000010265458281
Q128045354	6000000010266478887
Q128045362	6000000010306629117
Q128045364	6000000010309179699
Q128045368	6000000010309190147
Q128045371	6000000010309619403
Q128045374	6000000010311326676
Q128045375	6000000010318640564
Q128045377	6000000010319388590
Q128045378	6000000010320365616
Q128045380	6000000010326455589
Q128045381	6000000010326642618
Q128045387	6000000010340157209
Q128045388	6000000010341293452
Q128045390	6000000010362229248
Q128045397	6000000010370924058
Q128045406	6000000010372312441
Q128045407	6000000010372349912
Q128045409	6000000010372377691
Q128045411	6000000010372545544
Q128045419	6000000010373076060
Q128045421	6000000010374129842
Q128045427	6000000010383186077
Q128045428	6000000010383910550
Q128045430	6000000010401577010
Q128045432	6000000010401703994
Q128045434	6000000010401797650
Q128045436	6000000010404022959
Q128045437	6000000010404771792
Q128045439	6000000010409187015
Q128045440	6000000010409757257
Q128045442	6000000010411448308
Q128045445	6000000010412356588
Q128045447	6000000010421827188
Q128045449	6000000010422123022
Q128045451	6000000010422397990
Q128045452	6000000010425074166
Q128045454	6000000010428866883
Q128045459	6000000186030065871
Q128045460	6000000010464882751
Q128045461	6000000010465781026
Q128045463	6000000010466236185
Q128045467	6000000010483294842
Q128045469	6000000010484997433
Q128045471	6000000010493334506
Q128045473	6000000010494637514
Q128045475	6000000010495032946
Q128045476	6000000010510773380
Q128045477	6000000010523098213
Q128045479	6000000010523423789
Q128045481	6000000010523645924
Q128045484	6000000010539340768
Q128045485	6000000010539493643
Q128045487	6000000010539892396
Q128045488	6000000010539970374
Q128045495	6000000010540019708
Q128045499	6000000010542095706
Q128045505	6000000010542551566
Q128045506	6000000010551654995
Q128045508	6000000010552607563
Q128045510	6000000010561623860
Q128045512	6000000010562742490
Q128045514	6000000010572033364
Q128045516	6000000010591021077
Q128045517	6000000010626127398
Q128045519	6000000010628421345
Q128045521	6000000010628486257
Q128045522	6000000010628511900
Q128045524	6000000010639749271
Q128045528	6000000010639777417
Q128045536	6000000010648677825
Q128045538	6000000010648678692
Q128045540	6000000010648810566
Q128045542	6000000010648920348
Q128045544	6000000010648976371
Q128045546	6000000010649019385
Q128045548	6000000010666600017
Q128045550	6000000010667542636
Q128045552	6000000010672853990
Q128045553	6000000010684869360
Q128045555	6000000010693450422
Q128045556	6000000010693980748
Q128045558	6000000010694948306
Q128045560	6000000010695141016
Q128045563	6000000010695330058
Q128045564	6000000010703524302
Q128045566	6000000010703580280
Q128045570	6000000010707007484
Q128045572	6000000010707069678
Q128045574	6000000010707174243
Q128045576	6000000010723179802
Q128045578	6000000010723256513
Q128045579	6000000010723407224
Q128045583	6000000010755471159
Q128045589	6000000010772534187
Q128045591	6000000010789249514
Q128045593	6000000010799122512
Q128045595	6000000010806828505
Q128045596	6000000010807021848
Q128045598	6000000010807063285
Q128045602	6000000010849029122
Q128045605	6000000010933716478
Q128045607	6000000010934018876
Q128045610	6000000010934254325
Q128045612	6000000010959471290
Q128045615	6000000010967627411
Q128045619	6000000010975133686
Q128045620	6000000010983156190
Q128045622	6000000011003423023
Q128045624	6000000011003841127
Q128045625	6000000011004694386
Q128045627	6000000011006458888
Q128045629	6000000011016565849
Q128045631	6000000011025914860
Q128045634	6000000011026025890
Q128045635	6000000011026219818
Q128045637	6000000011026242072
Q128045639	6000000011040659169
Q128045640	6000000011048210582
Q128045643	6000000011081572890
Q128045644	6000000011084084167
Q128045646	6000000011086642038
Q128045648	6000000011087189819
Q128045650	6000000011087569072
Q128045651	6000000011087584779
Q128045653	6000000011087877352
Q128045655	6000000011087889872
Q128045659	6000000011089169938
Q128045661	6000000011090548097
Q128045663	6000000011090624748
Q128045665	6000000011090788663
Q128045667	6000000011090853306
Q128045668	6000000011090882237
Q128045670	6000000011090883287
Q128045672	6000000011091046256
Q128045674	6000000011091728219
Q128045675	6000000011092455858
Q128045677	6000000011092797454
Q128045679	6000000011092814350
Q128045680	6000000011126969704
Q128045683	6000000011147566929
Q128045686	6000000011185897979
Q128045691	6000000011195446182
Q128045692	6000000011195786769
Q128045696	6000000011213155625
Q128045698	6000000011220410897
Q128045699	6000000011224006030
Q128045700	6000000011229939873
Q128045702	6000000011230204516
Q128045704	6000000011230212462
Q128045706	6000000011231250941
Q128045708	6000000011231326492
Q128045709	6000000011234861110
Q128045711	6000000011237062130
Q128045712	6000000011250914425
Q128045714	6000000011251964299
Q128045715	6000000011254178202
Q128045717	6000000011256765440
Q128045719	6000000011299105758
Q128045721	6000000011302089014
Q128045722	6000000011302212486
Q128045724	6000000011304927809
Q128045726	6000000011305647607
Q128045727	6000000011322229283
Q128045729	6000000011328830524
Q128045731	6000000011329163199
Q128045732	6000000011329327543
Q128045734	6000000011329405499
Q128045736	6000000011330174233
Q128045737	6000000011330270327
Q128045739	6000000011333741354
Q128045745	6000000011333997258
Q128045747	6000000011334038266
Q128045750	6000000011334085439
Q128045751	6000000011334177295
Q128045760	6000000011338901836
Q128045762	6000000011342935194
Q128045764	6000000011343367291
Q128045765	6000000011343578417
Q128045767	6000000011344242132
Q128045769	6000000011344253045
Q128045777	6000000011350446451
Q128045782	6000000011353832226
Q128045787	6000000011368616044
Q128045788	6000000011368711016
Q128045791	6000000011368803882
Q128045793	6000000011368942293
Q128045795	6000000011370996690
Q128045796	6000000011371325443
Q128045800	6000000011386515989
Q128045802	6000000011386559038
Q128045806	6000000011387141012
Q128045807	6000000011389712153
Q128045809	6000000011390596873
Q128045810	6000000011394974975
Q128045812	6000000011395820288
Q128045814	6000000011397672198
Q128045816	6000000011398219217
Q128045817	6000000011398234402
Q128045819	6000000011398538001
Q128045821	6000000011398811194
Q128045823	6000000011399665780
Q128045824	6000000011399692608
Q128045826	6000000011399757969
Q128045828	6000000011399808691
Q128045831	6000000011399931375
Q128045833	6000000011404007582
Q128045835	6000000011404500151
Q128045837	6000000011409922812
Q128045839	6000000011410797870
Q128045841	6000000011410860750
Q128045843	6000000011410899187
Q128045844	6000000011410969131
Q128045846	6000000011410977023
Q128045848	6000000011422328842
Q128045849	6000000011423337373
Q128045851	6000000011424208104
Q128045853	6000000011424469415
Q128045856	6000000011426314294
Q128045857	6000000011431784403
Q128045859	6000000011436374795
Q128045861	6000000011437158278
Q128045863	6000000011437512851
Q128045865	6000000011438987326
Q128045867	6000000011439043800
Q128045869	6000000011446395635
Q128045871	6000000011446541262
Q128045872	6000000011446802655
Q128045874	6000000011446843932
Q128045876	6000000011446924885
Q128045877	6000000011447010921
Q128045879	6000000011447132814
Q128045880	6000000011447185242
Q128045882	6000000011447215103
Q128045884	6000000011447579604
Q128045885	6000000011448006799
Q128045887	6000000011448125601
Q128045889	6000000011449621360
Q128045891	6000000011451259247
Q128045892	6000000011454632521
Q128045894	6000000011466593255
Q128045896	6000000011470406714
Q128045898	6000000011471095627
Q128045899	6000000011471102857
Q128045901	6000000011471204707
Q128045902	6000000011471354625
Q128045904	6000000011471477570
Q128045905	6000000011471636556
Q128045907	6000000011478540064
Q128045909	6000000011478655693
Q128045911	6000000011479701668
Q128045913	6000000011481182202
Q128045914	6000000011487938705
Q128045916	6000000011488579840
Q128045918	6000000011488756443
Q128045921	6000000011489127695
Q128045922	6000000011489859099
Q128045924	6000000011490315835
Q128045925	6000000011490618533
Q128045927	6000000011493391395
Q128045929	6000000011502451617
Q128045931	6000000011503143259
Q128045935	6000000011503963834
Q128045939	6000000011504325108
Q128045940	6000000011504705654
Q128045942	6000000011504705758
Q128045945	6000000011504943186
Q128045946	6000000011504944690
Q128045948	6000000011505300215
Q128045950	6000000011505646672
Q128045951	6000000011508259035
Q128045954	6000000011513562042
Q128045956	6000000011513680380
Q128045957	6000000011513801763
Q128045959	6000000011514051468
Q128045961	6000000011514129285
Q128045962	6000000011514131904
Q128045964	6000000011514366968
Q128045966	6000000011515229410
Q128045967	6000000011516324874
Q128045969	6000000011516574331
Q128045970	6000000011516689237
Q128045972	6000000011516828390
Q128045978	6000000011519308080
Q128045980	6000000011524963043
Q128045981	6000000011526797127
Q128045983	6000000011526831793
Q128045987	6000000011530285927
Q128045989	6000000011530475058
Q128045992	6000000011531345686
Q128045993	6000000011532533575
Q128045998	6000000011532639394
Q128046000	6000000011532726873
Q128046001	6000000011532733342
Q128046007	6000000011537819532
Q128046010	6000000011545290397
Q128046011	6000000011545858234
Q128046013	6000000011546959615
Q128046015	6000000011548136216
Q128046018	6000000011548422488
Q128046019	6000000011548446552
Q128046021	6000000011548484253
Q128046023	6000000011549667898
Q128046025	6000000011549795071
Q128046026	6000000011549954226
Q128046028	6000000011550482307
Q128046030	6000000011551285390
Q128046035	6000000011554121409
Q128046038	6000000011554236727
Q128046039	6000000011556153058
Q128046041	6000000011557546417
Q128046043	6000000011558083838
Q128046044	6000000011558493857
Q128046046	6000000011558636453
Q128046048	6000000011558765442
Q128046051	6000000011559428972
Q128046054	6000000011565616417
Q128046056	6000000011565999038
Q128046058	6000000011566197680
Q128046059	6000000011566459354
Q128046061	6000000011566512057
Q128046062	6000000011566599717
Q128046064	6000000011566707155
Q128046066	6000000011566829510
Q128046068	6000000011566887256
Q128046070	6000000011567034478
Q128046072	6000000011567808492
Q128046073	6000000011568376892
Q128046075	6000000011569323202
Q128046078	6000000011569401252
Q128046080	6000000011570085211
Q128046081	6000000011574178035
Q128046083	6000000011574908884
Q128046086	6000000011578910463
Q128046088	6000000011579059864
Q128046090	6000000011579436860
Q128046092	6000000011579631744
Q128046094	6000000011581057906
Q128046095	6000000011581074738
Q128046097	6000000011582722937
Q128046098	6000000011583097492
Q128046101	6000000011584017980
Q128046102	6000000011586600136
Q128046104	6000000011591360140
Q128046105	6000000011591441954
Q128046107	6000000011591473167
Q128046109	6000000011591676856
Q128046112	6000000011591772693
Q128046113	6000000011591980554
Q128046115	6000000011592606397
Q128046117	6000000011594791162
Q128046118	6000000011613327514
Q128046120	6000000011620232392
Q128046121	6000000011622636692
Q128046123	6000000011622878647
Q128046125	6000000011623029636
Q128046126	6000000011623500997
Q128046128	6000000011623515883
Q128046130	6000000011623894591
Q128046132	6000000011623963429
Q128046133	6000000011624016584
Q128046135	6000000011624103706
Q128046137	6000000011624145660
Q128046141	6000000011629601658
Q128046142	6000000011631550514
Q128046144	6000000011632139372
Q128046146	6000000011632220678
Q128046147	6000000011633766657
Q128046149	6000000011634053492
Q128046151	6000000011634653932
Q128046154	6000000011642499796
Q128046157	6000000011644564376
Q128046158	6000000011647293279
Q128046160	6000000011656494594
Q128046163	6000000011669378511
Q128046165	6000000011686330003
Q128046167	6000000011686782692
Q128046169	6000000011692166591
Q128046170	6000000011692351162
Q128046172	6000000011697031689
Q128046174	6000000011713478087
Q128046178	6000000011717684299
Q128046181	6000000011720065008
Q128046183	6000000011724979743
Q128046185	6000000011725464356
Q128046186	6000000011725630253
Q128046188	6000000011733653541
Q128046190	6000000011733744969
Q128046192	6000000011733793913
Q128046193	6000000011734002460
Q128046195	6000000011734581768
Q128046197	6000000011734612795
Q128046198	6000000011734703446
Q128046200	6000000011734710255
Q128046202	6000000011743358380
Q128046204	6000000011743910456
Q128046206	6000000011744175407
Q128046207	6000000180792231822
Q128046209	6000000011747383449
Q128046211	6000000011755938093
Q128046212	6000000011757675900
Q128046214	6000000011758212913
Q128046216	6000000011758398557
Q128046217	6000000011771958182
Q128046219	6000000011772203716
Q128046220	6000000011777897211
Q128046222	6000000011789698711
Q128046223	6000000011789995227
Q128046227	6000000011830643096
Q128046228	6000000011849128293
Q128046230	6000000011853347942
Q128046232	6000000011853459479
Q128046234	6000000011853685539
Q128046235	6000000011854919186
Q128046237	6000000011855325601
Q128046239	6000000011855328656
Q128046241	6000000011856008003
Q128046243	6000000011856015016
Q128046244	6000000011857022623
Q128046246	6000000011857265373
Q128046248	6000000011864487925
Q128046250	6000000011880204706
Q128046254	6000000011893127010
Q128046255	6000000011908264527
Q128046257	6000000011923430446
Q128046259	6000000011966396709
Q128046260	6000000011971572030
Q128046262	6000000011977529609
Q128046264	6000000011982739589
Q128046265	6000000012007841762
Q128046268	6000000012013566318
Q128046269	6000000012028273919
Q128046271	6000000012028841311
Q128046274	6000000012081975993
Q128046276	6000000012082268007
Q128046280	6000000012086939811
Q128046281	6000000012087517888
Q128046283	6000000012087586466
Q128046285	6000000012087601826
Q128046286	6000000012087736834
Q128046289	6000000012088431348
Q128046291	6000000012094865954
Q128046292	6000000012103163263
Q128046294	6000000012119404570
Q128046296	6000000012132191113
Q128046298	6000000012132470214
Q128046300	6000000012149774531
Q128046302	6000000012163446202
Q128046304	6000000012180469736
Q128046307	6000000012200711176
Q128046309	6000000012201414732
Q128046311	6000000012209588771
Q128046313	6000000012209894250
Q128046315	6000000012210392406
Q128046316	6000000012210435364
Q128046321	6000000012228760318
Q128046323	6000000012228893235
Q128046324	6000000012285115189
Q128046326	6000000012286331929
Q128046328	6000000012330374703
Q128046332	6000000012348322175
Q128046333	6000000012348512175
Q128046335	6000000012374835879
Q128046336	6000000012375011999
Q128046338	6000000012375749897
Q128046339	6000000012377392990
Q128046341	6000000012377768287
Q128046344	6000000012377938339
Q128046346	6000000012380575148
Q128046349	6000000012380725022
Q128046350	6000000012380903371
Q128046353	6000000012381169946
Q128046357	6000000012393068505
Q128046358	6000000012402039636
Q128046360	6000000012402204356
Q128046363	6000000012406035015
Q128046364	6000000012407280217
Q128046366	6000000012419299906
Q128046368	6000000012419943279
Q128046370	6000000012467429411
Q128046372	6000000012471570244
Q128046374	6000000012473024100
Q128046376	6000000012473428815
Q128046378	6000000012502329790
Q128046379	6000000012502384123
Q128046383	6000000012502696549
Q128046384	6000000012502812304
Q128046386	6000000012503499462
Q128046387	6000000012503637459
Q128046390	6000000012503691529
Q128046391	6000000012508393377
Q128046393	6000000012508464641
Q128046395	6000000012508685319
Q128046396	6000000012508744893
Q128046399	6000000012508897477
Q128046401	6000000012514238657
Q128046404	6000000012514444760
Q128046407	6000000012514611334
Q128046414	6000000012533175192
Q128046416	6000000012587903839
Q128046419	6000000012611549573
Q128046421	6000000012627392282
Q128046422	6000000012678919998
Q128046426	6000000012698852077
Q128046428	6000000012706965253
Q128046430	6000000012721831021
Q128046431	6000000012725719164
Q128046433	6000000012726408032
Q128046435	6000000012738893923
Q128046439	6000000012748336097
Q128046443	6000000012750896711
Q128046444	6000000012751232227
Q128046446	6000000012751597897
Q128046449	6000000012753730648
Q128046450	6000000012755227553
Q128046456	6000000012764488207
Q128046457	6000000012765710204
Q128046459	6000000012769323798
Q128046461	6000000012772827367
Q128046462	6000000012797091887
Q128046464	6000000012797549392
Q128046466	6000000012797959365
Q128046467	6000000012797966695
Q128046469	6000000012798027295
Q128046471	6000000012798259464
Q128046472	6000000012862755114
Q128046474	6000000012871434664
Q128046476	6000000012888685209
Q128046478	6000000012892879346
Q128046480	6000000012962081115
Q128046482	6000000012962145920
Q128046483	6000000012973957929
Q128046485	6000000012975228159
Q128046487	6000000012984624096
Q128046488	6000000012996151913
Q128046490	6000000013003476668
Q128046492	6000000013003476678
Q128046494	6000000013003593486
Q128046495	6000000013003748560
Q128046497	6000000013016529367
Q128046499	6000000013017081985
Q128046501	6000000013017597009
Q128046503	6000000013021704337
Q128046504	6000000013033944101
Q128046506	6000000013035647461
Q128046508	6000000013035736535
Q128046509	6000000013035841430
Q128046511	6000000013048416963
Q128046512	6000000013048519509
Q128046514	6000000013048545287
Q128046516	6000000013049703630
Q128046518	6000000013051698652
Q128046520	6000000013057242773
Q128046521	6000000013058959022
Q128046523	6000000013059016056
Q128046524	6000000013059049001
Q128046528	6000000013059991742
Q128046530	6000000013060251935
Q128046531	6000000013060649326
Q128046533	6000000013068624497
Q128046535	6000000013068721433
Q128046538	6000000013070932076
Q128046540	6000000013071012314
Q128046542	6000000013071015786
Q128046546	6000000013071029339
Q128046551	6000000013071170151
Q128046553	6000000013071385709
Q128046555	6000000013071439110
Q128046556	6000000013071511865
Q128046558	6000000013075011538
Q128046564	6000000013087754358
Q128046567	6000000013088262585
Q128046571	6000000013088999696
Q128046573	6000000013089114319
Q128046576	6000000013089219273
Q128046579	6000000013089314531
Q128046581	6000000013089413229
Q128046583	6000000013089551201
Q128046585	6000000013114376498
Q128046587	6000000013143591867
Q128046589	6000000013143872686
Q128046590	6000000013143887960
Q128046592	6000000013192784808
Q128046593	6000000013192853720
Q128046595	6000000013218095288
Q128046597	6000000013218106270
Q128046600	6000000013224914162
Q128046602	6000000013241647099
Q128046603	6000000013265176607
Q128046611	6000000013302393452
Q128046613	6000000013302516521
Q128046615	6000000013312137471
Q128046618	6000000013332387378
Q128046620	6000000013332411151
Q128046622	6000000013332467618
Q128046623	6000000013332553233
Q128046625	6000000013356108753
Q128046627	6000000013363932920
Q128046629	6000000013364047003
Q128046630	6000000013402682055
Q128046632	6000000013430514636
Q128046634	6000000013437236606
Q128046637	6000000013461904970
Q128046639	6000000013467001754
Q128046640	6000000013467375214
Q128046642	6000000013467480353
Q128046644	6000000013467492222
Q128046646	6000000013477633478
Q128046649	6000000013477701105
Q128046650	6000000013477810052
Q128046652	6000000013484969973
Q128046653	6000000013485274899
Q128046655	6000000013485449035
Q128046659	6000000013493183848
Q128046660	6000000013499398576
Q128046662	6000000013505035710
Q128046663	6000000013505088785
Q128046665	6000000013505204363
Q128046669	6000000013505598036
Q128046671	6000000013505609571
Q128046672	6000000013505826661
Q128046676	6000000013523659909
Q128046679	6000000013536123394
Q128046681	6000000013548207546
Q128046684	6000000013548567331
Q128046685	6000000013573404964
Q128046687	6000000013574612636
Q128046688	6000000013578087845
Q128046690	6000000013578417047
Q128046692	6000000013589651910
Q128046694	6000000013590011513
Q128046695	6000000013600895942
Q128046697	6000000013601008043
Q128046698	6000000013609289647
Q128046700	6000000013609321213
Q128046702	6000000013630617480
Q128046704	6000000013630631233
Q128046705	6000000013631147207
Q128046707	6000000013640433482
Q128046709	6000000013640526122
Q128046710	6000000013640618103
Q128046712	6000000013641016424
Q128046713	6000000013641071439
Q128046715	6000000013641192818
Q128046717	6000000013641283381
Q128046719	6000000013676884372
Q128046720	6000000013676974407
Q128046722	6000000013677238037
Q128046724	6000000013684224179
Q128046726	6000000013685821617
Q128046728	6000000013686171945
Q128046729	6000000013687529735
Q128046731	6000000013694959156
Q128046733	6000000013701382275
Q128046735	6000000013701454563
Q128046737	6000000013701896520
Q128046739	6000000013702826462
Q128046742	6000000013710925168
Q128046745	6000000013723869468
Q128046747	6000000013723952406
Q128046749	6000000013724016720
Q128046751	6000000013724041171
Q128046753	6000000013724075585
Q128046754	6000000013724404507
Q128046756	6000000013724727011
Q128046758	6000000013734723308
Q128046759	6000000013736354679
Q128046761	6000000013751596836
Q128046762	6000000013751627992
Q128046764	6000000013751639430
Q128046766	6000000013751883003
Q128046768	6000000013751999871
Q128046770	6000000013752041129
Q128046772	6000000013762268579
Q128046774	6000000013762451099
Q128046775	6000000013775671927
Q128046777	6000000013781196819
Q128046779	6000000013791626282
Q128046780	6000000013804959846
Q128046782	6000000013805556131
Q128046783	6000000013828926250
Q128046785	6000000013837046854
Q128046787	6000000013899082091
Q128046795	6000000014013685080
Q128046798	6000000014019884776
Q128046805	6000000014021312328
Q128046811	6000000014024534105
Q128046817	6000000014025437621
Q128046818	6000000014025500618
Q128046820	6000000014025658107
Q128046822	6000000014025726695
Q128046828	6000000014025783824
Q128046830	6000000014026185346
Q128046832	6000000014026271124
Q128046833	6000000014033848289
Q128046834	6000000014034156558
Q128046836	6000000014034187013
Q128046838	6000000014034359750
Q128046839	6000000014034495841
Q128046842	6000000014034503212
Q128046843	6000000014044793811
Q128046845	6000000014045062959
Q128046847	6000000014045108874
Q128046849	6000000014045125567
Q128046850	6000000014045135426
Q128046852	6000000014045250049
Q128046854	6000000014045709224
Q128046862	6000000014064838846
Q128046863	6000000014069900211
Q128046868	6000000014099407035
Q128046870	6000000014104831054
Q128046873	6000000014115423810
Q128046875	6000000014149878363
Q128046876	6000000014150453330
Q128046877	6000000014150483636
Q128046880	6000000014193127811
Q128046882	6000000014193449295
Q128046884	6000000014193617162
Q128046887	6000000014210185695
Q128046889	6000000014210365188
Q128046892	6000000014224627143
Q128046894	6000000014243441190
Q128046896	6000000014243478779
Q128046897	6000000014253081352
Q128046898	6000000014310417493
Q128046900	6000000014313146529
Q128046902	6000000014319194112
Q128046904	6000000014320481527
Q128046905	6000000014321377024
Q128046910	6000000014367582549
Q128046912	6000000014379806085
Q128046915	6000000014384435565
Q128046917	6000000014429121686
Q128046921	6000000014429385528
Q128046928	6000000014430200354
Q128046930	6000000014439659181
Q128046937	6000000014462952709
Q128046938	6000000014463294728
Q128046944	6000000014513179611
Q128046946	6000000014524399267
Q128046950	6000000014526300040
Q128046952	6000000014534336998
Q128046956	6000000014541421933
Q128046957	6000000014542448081
Q128046959	6000000014542575605
Q128046961	6000000014542577573
Q128046963	6000000014542682104
Q128046965	6000000014551963641
Q128046967	6000000014554357019
Q128046968	6000000014564183140
Q128046970	6000000014567150832
Q128046972	6000000014571749257
Q128046974	6000000014571760453
Q128046975	6000000014575605468
Q128046977	6000000014585129893
Q128046979	6000000014593212110
Q128046980	6000000014601488687
Q128046982	6000000014612600902
Q128046984	6000000014613210795
Q128046986	6000000014613904411
Q128046988	6000000014618537120
Q128046990	6000000014618923016
Q128046991	6000000014638981286
Q128046993	6000000014641886497
Q128046995	6000000014641943951
Q128046996	6000000014643179025
Q128046998	6000000014643247830
Q128047000	6000000014663422942
Q128047002	6000000014666029346
Q128047006	6000000014684498859
Q128047008	6000000014684606924
Q128047009	6000000014704179829
Q128047011	6000000014704400791
Q128047012	6000000014704425755
Q128047014	6000000014704470274
Q128047018	6000000014704509381
Q128047020	6000000014754525228
Q128047021	6000000014754590393
Q128047023	6000000014754604185
Q128047025	6000000014761758360
Q128047027	6000000014762003096
Q128047028	6000000014763630109
Q128047031	6000000014764840341
Q128047033	6000000014764855849
Q128047035	6000000014788346217
Q128047037	6000000014794702446
Q128047039	6000000014796439794
Q128047041	6000000014803741466
Q128047044	6000000014814613898
Q128047047	6000000014851563909
Q128047050	6000000014883470169
Q128047052	6000000014890061973
Q128047054	6000000014913400595
Q128047056	6000000014913409990
Q128047057	6000000014936451242
Q128047059	6000000014961151914
Q128047061	6000000014961232401
Q128047063	6000000015103183967
Q128047064	6000000015103807043
Q128047068	6000000015129936737
Q128047071	6000000015145258674
Q128047073	6000000015145805963
Q128047075	6000000015146242488
Q128047077	6000000015160066339
Q128047079	6000000015160363747
Q128047080	6000000015160581497
Q128047082	6000000015160581714
Q128047084	6000000015160728170
Q128047085	6000000015177209034
Q128047087	6000000015180074343
Q128047089	6000000015180371397
Q128047093	6000000015190491775
Q128047094	6000000015190523766
Q128047096	6000000015200248279
Q128047098	6000000015210790378
Q128047099	6000000015238997895
Q128047102	6000000015282358966
Q128047104	6000000015290976108
Q128047106	6000000015305105112
Q128047107	6000000015305144509
Q128047109	6000000015305170288
Q128047111	6000000015305186039
Q128047113	6000000015309069182
Q128047116	6000000015310489614
Q128047118	6000000015336256971
Q128047122	6000000015340010202
Q128047123	6000000015361470153
Q128047125	6000000015372920005
Q128047127	6000000015383412146
Q128047128	6000000015384233508
Q128047130	6000000015386590501
Q128047132	6000000015386658873
Q128047133	6000000015386683227
Q128047135	6000000015388443757
Q128047137	6000000015392351868
Q128047139	6000000015392596093
Q128047140	6000000015392850044
Q128047142	6000000015393430664
Q128047144	6000000015393666265
Q128047145	6000000015393824047
Q128047147	6000000015412041022
Q128047149	6000000015413688573
Q128047150	6000000015440170138
Q128047152	6000000015440180453
Q128047153	6000000015440269174
Q128047155	6000000015440697423
Q128047157	6000000015442764713
Q128047158	6000000180792089840
Q128047160	6000000015444022054
Q128047163	6000000015450158358
Q128047165	6000000015455710960
Q128047167	6000000015465458405
Q128047168	6000000015478364957
Q128047170	6000000015495037077
Q128047172	6000000015511189456
Q128047173	6000000015516801918
Q128047174	6000000015529294093
Q128047176	6000000015540711481
Q128047177	6000000015540772041
Q128047179	6000000015546598754
Q128047182	6000000015547075103
Q128047184	6000000015549104391
Q128047186	6000000015590607749
Q128047188	6000000015594189792
Q128047189	6000000015596434908
Q128047191	6000000015596507437
Q128047193	6000000015596629596
Q128047195	6000000015632714336
Q128047196	6000000015632743139
Q128047198	6000000015632754043
Q128047199	6000000015632803832
Q128047201	6000000015636082888
Q128047203	6000000015636834128
Q128047205	6000000015637687473
Q128047207	6000000015638005450
Q128047209	6000000015638699183
Q128047211	6000000015641921026
Q128047213	6000000015642206332
Q128047214	6000000015644711423
Q128047221	6000000015653851962
Q128047223	6000000015663927317
Q128047224	6000000015669568489
Q128047226	6000000015669627441
Q128047228	6000000015669752393
Q128047229	6000000015669883829
Q128047231	6000000015670009408
Q128047233	6000000015670347981
Q128047235	6000000015670950231
Q128047237	6000000015672300365
Q128047239	6000000015672515735
Q128047242	6000000015673162488
Q128047244	6000000015673341140
Q128047246	6000000015674778641
Q128047247	6000000015677054950
Q128047249	6000000015677324830
Q128047251	6000000015677936811
Q128047253	6000000015677951327
Q128047254	6000000015677957176
Q128047255	6000000015678168230
Q128047257	6000000015678230143
Q128047259	6000000015678327551
Q128047261	6000000015678337559
Q128047262	6000000015678361948
Q128047264	6000000015678368007
Q128047265	6000000015680847012
Q128047267	6000000015687092786
Q128047269	6000000015689843623
Q128047270	6000000015690635684
Q128047272	6000000015690997954
Q128047274	6000000015692724311
Q128047276	6000000015701184450
Q128047279	6000000015711858982
Q128047281	6000000015711930357
Q128047282	6000000015728068364
Q128047284	6000000015728104217
Q128047285	6000000015728929528
Q128047287	6000000015728932596
Q128047289	6000000015744724394
Q128047291	6000000015746306964
Q128047293	6000000015750051941
Q128047294	6000000015751044152
Q128047296	6000000015774215122
Q128047298	6000000015801087126
Q128047299	6000000015813773966
Q1280473	6000000011571503273
Q128047301	6000000015825547109
Q128047303	6000000015826529170
Q128047305	6000000015830201616
Q128047308	6000000015850305598
Q128047310	6000000015859043616
Q128047312	6000000015859814422
Q128047313	6000000015865807410
Q128047315	6000000015867775320
Q128047317	6000000015867841346
Q128047319	6000000015868213178
Q128047322	6000000015874580351
Q128047324	6000000015874706966
Q128047326	6000000015874724819
Q128047327	6000000015874735230
Q128047329	6000000015874865438
Q128047331	6000000015876017553
Q128047333	6000000015876053185
Q128047334	6000000015876058652
Q128047336	6000000015876749673
Q128047338	6000000015877159934
Q128047340	6000000015877168227
Q128047342	6000000015877308662
Q128047343	6000000015877321626
Q128047345	6000000015877364673
Q128047346	6000000015877463645
Q128047348	6000000015877473620
Q128047350	6000000015877541057
Q128047352	6000000015877589656
Q128047354	6000000015877595413
Q128047357	6000000015880664695
Q128047358	6000000015880788581
Q128047360	6000000015881620366
Q128047363	6000000015881839035
Q128047364	6000000015884382958
Q128047366	6000000015889162574
Q128047369	6000000015906207454
Q128047370	6000000015912507052
Q128047372	6000000015926045086
Q128047374	6000000015927249682
Q128047376	6000000015928393570
Q128047377	6000000015928676310
Q128047379	6000000015932651422
Q128047382	6000000015933766694
Q128047384	6000000015934282444
Q128047386	6000000015934623327
Q128047388	6000000015934995922
Q128047389	6000000015935590850
Q128047391	6000000015936634302
Q128047393	6000000015937612832
Q128047395	6000000015937941119
Q128047396	6000000015943368503
Q128047398	6000000015944987138
Q128047400	6000000015947354016
Q128047402	6000000015947783250
Q128047403	6000000015956712189
Q128047405	6000000015960744726
Q128047408	6000000015974548918
Q128047410	6000000015974753615
Q128047411	6000000015974999090
Q128047413	6000000015976232020
Q128047415	6000000015985857477
Q128047417	6000000015986126447
Q128047418	6000000015986482602
Q128047419	6000000015990978339
Q128047421	6000000015993067577
Q128047423	6000000015993181008
Q128047425	6000000015997049518
Q128047426	6000000015997285407
Q128047430	6000000016023178912
Q128047431	6000000016023185804
Q128047433	6000000016023381919
Q128047434	6000000016023480846
Q128047436	6000000016023514532
Q128047437	6000000016023516665
Q128047439	6000000016023562114
Q128047441	6000000016023596394
Q128047444	6000000016028009733
Q128047446	6000000016028014346
Q128047448	6000000016033516654
Q128047450	6000000016034441418
Q128047451	6000000016034673020
Q128047453	6000000016035884211
Q128047455	6000000016042654246
Q128047456	6000000016043341735
Q128047458	6000000016057669913
Q128047460	6000000016059158590
Q128047461	6000000016068205439
Q128047463	6000000016068703001
Q128047465	6000000016079350638
Q128047467	6000000016079355998
Q128047469	6000000016103324464
Q128047471	6000000016103655179
Q128047473	6000000016103663063
Q128047475	6000000016104193197
Q128047476	6000000016104260104
Q128047478	6000000016109165260
Q128047481	6000000016111350171
Q128047482	6000000016111396754
Q128047484	6000000016111460594
Q128047486	6000000016111658471
Q128047487	6000000016111892662
Q128047490	6000000016113268978
Q128047492	6000000016115762163
Q128047494	6000000016115767686
Q128047495	6000000016115995277
Q128047497	6000000016116299117
Q128047498	6000000016116302119
Q128047500	6000000016116559553
Q128047501	6000000016124418455
Q128047503	6000000016124495151
Q128047505	6000000016125850435
Q128047506	6000000016125872202
Q128047508	6000000016126082456
Q128047510	6000000016126090779
Q128047511	6000000016126539026
Q128047513	6000000016126858368
Q128047515	6000000016126928651
Q128047517	6000000016170020523
Q128047520	6000000016184809560
Q128047523	6000000016187876536
Q128047525	6000000016190133430
Q128047526	6000000016190280424
Q128047529	6000000016190412993
Q128047530	6000000016190633722
Q128047532	6000000016203727785
Q128047534	6000000016211223366
Q128047536	6000000016223170744
Q128047541	6000000016238893014
Q128047543	6000000016243076825
Q128047545	6000000016263775963
Q128047547	6000000016266046341
Q128047550	6000000016270357275
Q128047551	6000000016270866337
Q128047553	6000000016282092339
Q128047555	6000000016282173055
Q128047557	6000000016282460957
Q128047559	6000000016290080677
Q128047560	6000000016301985886
Q128047563	6000000016309138163
Q128047565	6000000016311299603
Q128047567	6000000016312345888
Q128047569	6000000016314132030
Q128047570	6000000016325217210
Q128047572	6000000016325629711
Q128047573	6000000016332610885
Q128047575	6000000016338579013
Q128047577	6000000016347176724
Q128047578	6000000016347341357
Q128047580	6000000016348443470
Q128047581	6000000016360468246
Q128047583	6000000016361343140
Q128047585	6000000016411857663
Q128047586	6000000016413616321
Q128047588	6000000016420933546
Q128047593	6000000016450160451
Q128047596	6000000016457790542
Q128047597	6000000016458171788
Q128047600	6000000016458609017
Q128047602	6000000016466072664
Q128047603	6000000016498845172
Q128047605	6000000016501838921
Q128047607	6000000016512815064
Q128047609	6000000016513639100
Q128047612	6000000016521605761
Q128047613	6000000016543078464
Q128047615	6000000016543452597
Q128047620	6000000016596079425
Q128047622	6000000016602149041
Q128047624	6000000016616341783
Q128047625	6000000016624373631
Q128047627	6000000016631830455
Q128047629	6000000016638811791
Q128047630	6000000016663112857
Q128047631	6000000016663545816
Q128047633	6000000016682107977
Q128047635	6000000016698772472
Q128047640	6000000016735399111
Q128047642	6000000016736889755
Q128047644	6000000016747791733
Q128047645	6000000016748089403
Q128047647	6000000016748326158
Q128047649	6000000016768059972
Q128047650	6000000016770433081
Q128047652	6000000016771365227
Q128047653	6000000016771519215
Q128047655	6000000016777141860
Q128047657	6000000016777288849
Q128047660	6000000016783949580
Q128047661	6000000016787111456
Q128047663	6000000016787265142
Q128047666	6000000016791987490
Q128047667	6000000016828941048
Q128047669	6000000016829528819
Q128047673	6000000016879937224
Q128047674	6000000016925305269
Q128047676	6000000016962552520
Q128047678	6000000016963504212
Q128047680	6000000016963529985
Q128047682	6000000016964763939
Q128047685	6000000016976650798
Q128047686	6000000016979695609
Q128047688	6000000016986408988
Q128047692	6000000016987555693
Q128047693	6000000017002286795
Q128047695	6000000017002286830
Q128047696	6000000017004132724
Q128047698	6000000017004489324
Q128047700	6000000017004705276
Q128047701	6000000017017409622
Q128047703	6000000017017776116
Q128047704	6000000017021860404
Q128047706	6000000017022159228
Q128047708	6000000017025025511
Q128047710	6000000017025901689
Q128047711	6000000017026044125
Q128047713	6000000017026486368
Q128047715	6000000017026815100
Q128047716	6000000017054843502
Q128047719	6000000017072199969
Q128047720	6000000017073442514
Q128047722	6000000017081782914
Q128047725	6000000017082716208
Q128047731	6000000017111267202
Q128047732	6000000017111339152
Q128047736	6000000017111339689
Q128047737	6000000017111378428
Q128047739	6000000017111393026
Q128047741	6000000017111436456
Q128047744	6000000017143981678
Q128047746	6000000017144010106
Q128047747	6000000017165765776
Q128047749	6000000017166052638
Q128047751	6000000017190920144
Q128047752	6000000017191028493
Q128047754	6000000017198626819
Q128047757	6000000017198908432
Q128047758	6000000017199025718
Q128047760	6000000017221452169
Q128047763	6000000017227142976
Q128047766	6000000017227319886
Q128047767	6000000017227597984
Q128047769	6000000017227639792
Q128047770	6000000017235093445
Q128047772	6000000017236105314
Q128047774	6000000017236232070
Q128047775	6000000017237156595
Q128047777	6000000017258946375
Q128047778	6000000017259022698
Q128047780	6000000017262925699
Q128047782	6000000017263450627
Q128047783	6000000017263730189
Q128047785	6000000017263836663
Q128047787	6000000017263889824
Q128047789	6000000017264142142
Q128047790	6000000017264216227
Q128047792	6000000017264252926
Q128047794	6000000017264377101
Q128047795	6000000017264583063
Q128047797	6000000017264687355
Q128047798	6000000017265392380
Q128047800	6000000017265397614
Q128047802	6000000017265448886
Q128047804	6000000017265467326
Q128047807	6000000017266689311
Q128047808	6000000017273802526
Q128047810	6000000017285489436
Q128047812	6000000017286218083
Q128047813	6000000017289749366
Q128047815	6000000017289871152
Q128047816	6000000017298881734
Q128047818	6000000017299143730
Q128047820	6000000017299153360
Q128047821	6000000017311245925
Q128047823	6000000017313728066
Q128047824	6000000017314121675
Q128047826	6000000017314129598
Q128047829	6000000017314214580
Q128047831	6000000017314265534
Q128047833	6000000017314373221
Q128047834	6000000017325603770
Q128047836	6000000017342137047
Q128047838	6000000017357030312
Q128047839	6000000017360176133
Q128047841	6000000017360445169
Q128047843	6000000017360626204
Q128047844	6000000015180434591
Q128047844	6000000017365531059
Q128047846	6000000017368361694
Q128047848	6000000017378823124
Q128047850	6000000017384451765
Q128047851	6000000017385178970
Q128047853	6000000017386348175
Q128047855	6000000017386596536
Q128047858	6000000017396482297
Q128047859	6000000017399705892
Q128047861	6000000017400542168
Q128047862	6000000017405615838
Q128047864	6000000017405966565
Q128047866	6000000017409266683
Q128047867	6000000017410364510
Q128047870	6000000017412333225
Q128047872	6000000017415938449
Q128047874	6000000017430983668
Q128047876	6000000017460159213
Q128047878	6000000017466297288
Q128047881	6000000017469062688
Q128047882	6000000017470958231
Q128047884	6000000017471054676
Q128047887	6000000017474282850
Q128047889	6000000017481186863
Q128047890	6000000017483265000
Q128047893	6000000017483270777
Q128047894	6000000017487796672
Q128047896	6000000017495954425
Q128047898	6000000017514919198
Q128047899	6000000017517517378
Q128047901	6000000017517540413
Q128047904	6000000017526679598
Q128047905	6000000017527080746
Q128047908	6000000017551920001
Q128047910	6000000017553245240
Q128047912	6000000017557119667
Q128047915	6000000017573278249
Q128047917	6000000017575854678
Q128047918	6000000017576319001
Q128047920	6000000017576405063
Q128047924	6000000017604211277
Q128047925	6000000017622183853
Q128047927	6000000017623345275
Q128047928	6000000017624256317
Q128047930	6000000017624685197
Q128047932	6000000017624947022
Q128047934	6000000017636163460
Q128047935	6000000017636458472
Q128047936	6000000017636636025
Q128047938	6000000017637471652
Q128047939	6000000017640991338
Q128047943	6000000017641040162
Q128047944	6000000017644100786
Q128047946	6000000017645432981
Q128047948	6000000017652094019
Q128047954	6000000017667842153
Q128047956	6000000017678203766
Q128047958	6000000017678558903
Q128047959	6000000017679948966
Q128047962	6000000017702832845
Q128047963	6000000017709390902
Q128047965	6000000017710345906
Q128047967	6000000017714393524
Q128047969	6000000017714785031
Q128047970	6000000017715057113
Q128047972	6000000017719615674
Q128047974	6000000017719959589
Q128047976	6000000017727017854
Q128047977	6000000017727070995
Q128047979	6000000017738056675
Q128047981	6000000017740407949
Q128047982	6000000017740518777
Q128047983	6000000017740577773
Q128047985	6000000017741397662
Q128047988	6000000017741845598
Q128047989	6000000017741931760
Q128047991	6000000017742258215
Q128047993	6000000017742278742
Q128047994	6000000017744552201
Q128047996	6000000017745723981
Q128047998	6000000017746103192
Q128047999	6000000017747137434
Q128048001	6000000017747233818
Q128048002	6000000017747492119
Q128048004	6000000017747658126
Q128048006	6000000017754758284
Q128048007	6000000017756325267
Q128048009	6000000017756332304
Q128048010	6000000017756934666
Q128048012	6000000017757022438
Q128048014	6000000017757300326
Q128048015	6000000017757340238
Q128048017	6000000017759178850
Q128048020	6000000017763997531
Q128048027	6000000017764762045
Q128048029	6000000017774833006
Q128048031	6000000017776261516
Q128048033	6000000017776452089
Q128048034	6000000017785489412
Q128048036	6000000017785864452
Q128048038	6000000017786404427
Q128048040	6000000017786514402
Q128048041	6000000017791089873
Q128048043	6000000017793500315
Q128048044	6000000017793503508
Q128048046	6000000017793675323
Q128048047	6000000017793733039
Q128048049	6000000017794012976
Q128048051	6000000017794019937
Q128048053	6000000017794234185
Q128048054	6000000017794319735
Q128048055	6000000017794918860
Q128048056	6000000017796665094
Q128048060	6000000017823880808
Q128048062	6000000017825604087
Q128048064	6000000017825614707
Q128048066	6000000017835044995
Q128048069	6000000017835150584
Q128048070	6000000017835512882
Q128048072	6000000017835513143
Q128048074	6000000017835535796
Q128048076	6000000017835576161
Q128048077	6000000017835662735
Q128048078	6000000017835724296
Q128048079	6000000017835779526
Q128048081	6000000017835832876
Q128048083	6000000017835851056
Q128048084	6000000017835912003
Q128048086	6000000017836047737
Q128048088	6000000017836165327
Q128048089	6000000017837065959
Q128048091	6000000017837099162
Q128048093	6000000017837099340
Q128048095	6000000017837103389
Q128048097	6000000017837370378
Q128048100	6000000017844999757
Q128048101	6000000017845725475
Q128048103	6000000017845799072
Q128048105	6000000017891152868
Q128048106	6000000017893133956
Q128048108	6000000017917833648
Q128048110	6000000017928993800
Q128048115	6000000017946305372
Q128048117	6000000017946364424
Q128048118	6000000017971741093
Q128048120	6000000017981594230
Q128048122	6000000017993133961
Q128048125	6000000017993609508
Q128048130	6000000018002344731
Q128048132	6000000018006419417
Q128048134	6000000018021651998
Q128048136	6000000018021726823
Q128048137	6000000018022284277
Q128048139	6000000018022568464
Q128048141	6000000018030436965
Q128048143	6000000018033932679
Q128048145	6000000018039931347
Q128048146	6000000018040494066
Q128048147	6000000018046709563
Q128048148	6000000018048259239
Q128048150	6000000018048698145
Q128048151	6000000018049671147
Q128048153	6000000018059843072
Q128048155	6000000018066665611
Q128048160	6000000018067374999
Q128048161	6000000018068477911
Q128048163	6000000018069207559
Q128048165	6000000018069268283
Q128048168	6000000018069962348
Q128048171	6000000018070139108
Q128048172	6000000018070209249
Q128048173	6000000018071536275
Q128048175	6000000018076090690
Q128048178	6000000018082679086
Q128048180	6000000018082878847
Q128048182	6000000018083251899
Q128048183	6000000018083649063
Q128048185	6000000018083659148
Q128048187	6000000018085332278
Q128048189	6000000018089447323
Q128048191	6000000018094552317
Q128048192	6000000018094701300
Q128048195	6000000018096888818
Q128048197	6000000018097750241
Q128048199	6000000018104176017
Q128048201	6000000018107040035
Q128048203	6000000018112653510
Q128048204	6000000018113436152
Q128048206	6000000018113714440
Q128048208	6000000018114223095
Q128048210	6000000018117897217
Q128048212	6000000018118040377
Q128048213	6000000018118444227
Q128048215	6000000018122460803
Q128048217	6000000018122902309
Q128048219	6000000018130298177
Q128048220	6000000018131184968
Q128048222	6000000018133902619
Q128048224	6000000018134846066
Q128048228	6000000018138978886
Q128048229	6000000018146444114
Q128048233	6000000018150856282
Q128048234	6000000018151117755
Q128048235	6000000018151774049
Q128048237	6000000018153034434
Q128048238	6000000018163728060
Q128048240	6000000018168537393
Q128048242	6000000018170477068
Q128048245	6000000018171605254
Q128048247	6000000018181192984
Q128048249	6000000018182491862
Q128048250	6000000018182934690
Q128048252	6000000018183803682
Q128048254	6000000018183913910
Q128048256	6000000018184104014
Q128048257	6000000018191377665
Q128048258	6000000018193842375
Q128048261	6000000018203083811
Q128048263	6000000018204519296
Q128048267	6000000018219652929
Q128048269	6000000018220459730
Q128048271	6000000018220698720
Q128048272	6000000018220850622
Q128048274	6000000018224198319
Q128048276	6000000018228755321
Q128048278	6000000018229470174
Q128048279	6000000018229470617
Q128048280	6000000018230204493
Q128048282	6000000018230295076
Q128048283	6000000018230456996
Q128048285	6000000018230527496
Q128048287	6000000018230590622
Q128048289	6000000018230725115
Q128048291	6000000018230739596
Q128048293	6000000018230749748
Q128048294	6000000018230840039
Q128048296	6000000018231162540
Q128048298	6000000018231328916
Q128048300	6000000018232396385
Q128048301	6000000018232403120
Q128048302	6000000018232794098
Q128048304	6000000018237247598
Q128048305	6000000018241321115
Q128048307	6000000018241438091
Q128048308	6000000018241730652
Q128048310	6000000018241742412
Q128048312	6000000018242047779
Q128048313	6000000018242225458
Q128048315	6000000018244128523
Q128048317	6000000018244496291
Q128048318	6000000018244651778
Q128048320	6000000018244928072
Q128048322	6000000018255906757
Q128048324	6000000018256045781
Q128048325	6000000018256359922
Q128048327	6000000018269413991
Q128048329	6000000018269810261
Q128048331	6000000018270118122
Q128048332	6000000018270295514
Q128048334	6000000018270368328
Q128048339	6000000018270549031
Q128048340	6000000018270698430
Q128048343	6000000018270729145
Q128048345	6000000018270750377
Q128048347	6000000018271122245
Q128048348	6000000018271716381
Q128048349	6000000018271734133
Q128048351	6000000018273875919
Q128048352	6000000018275938592
Q128048354	6000000018279372901
Q128048356	6000000018283422180
Q128048358	6000000018283445242
Q128048360	6000000018286174388
Q128048362	6000000018286930864
Q128048363	6000000018287605401
Q128048368	6000000018300136528
Q128048369	6000000018307750940
Q128048370	6000000018308072452
Q128048371	6000000018308221168
Q128048373	6000000018308782292
Q128048375	6000000018309138477
Q128048376	6000000018317035519
Q128048378	6000000018317512611
Q128048380	6000000018317860925
Q128048382	6000000018326995225
Q128048383	6000000018329124486
Q128048385	6000000018329248639
Q128048387	6000000018329344033
Q128048388	6000000018330007045
Q128048390	6000000018336412877
Q128048393	6000000018336864690
Q128048394	6000000018337074944
Q128048396	6000000018337220822
Q128048398	6000000018338876090
Q128048400	6000000018344742711
Q128048401	6000000018348303754
Q128048403	6000000018348873911
Q128048406	6000000018359713775
Q128048410	6000000018366528696
Q128048412	6000000018367154885
Q128048413	6000000018367363788
Q128048415	6000000018367548058
Q128048417	6000000018368211956
Q128048418	6000000018377502175
Q128048420	6000000018379539010
Q128048424	6000000018384993645
Q128048427	6000000018387346216
Q128048428	6000000018387439961
Q128048430	6000000018387697911
Q128048432	6000000018395649322
Q128048433	6000000018397740490
Q128048434	6000000018397770740
Q128048434	6000000114703904002
Q128048434	6000000118832682855
Q128048436	6000000018400226735
Q128048438	6000000018405316834
Q128048439	6000000018405676062
Q128048442	6000000018406326488
Q128048443	6000000018406414853
Q128048446	6000000018406889252
Q128048448	6000000018406972449
Q128048450	6000000018407061138
Q128048452	6000000018407250887
Q128048454	6000000018415364556
Q128048455	6000000018415375931
Q128048456	6000000018415443215
Q128048458	6000000018415929073
Q128048459	6000000018416362303
Q128048461	6000000018416497232
Q128048463	6000000018416537140
Q128048464	6000000018423635761
Q128048470	6000000018461547393
Q128048471	6000000018461611207
Q128048473	6000000018461627734
Q128048477	6000000018463102350
Q128048478	6000000018463430817
Q128048480	6000000018463882197
Q128048481	6000000018466705810
Q128048483	6000000018467402578
Q128048485	6000000018467531251
Q128048486	6000000018470316458
Q128048488	6000000018470811443
Q128048489	6000000018470968150
Q128048491	6000000018471278118
Q128048493	6000000018471816312
Q128048495	6000000018474140650
Q128048500	6000000018474622091
Q128048502	6000000018476077334
Q128048504	6000000018480611862
Q128048507	6000000018481411149
Q128048509	6000000018484212764
Q128048511	6000000018499492214
Q128048513	6000000018500327998
Q128048514	6000000018501448504
Q128048516	6000000018502020766
Q128048518	6000000018502096472
Q128048520	6000000018508803068
Q128048521	6000000018514207962
Q128048523	6000000018516883174
Q128048526	6000000018526592006
Q128048527	6000000018526867020
Q128048531	6000000018529023170
Q128048532	6000000018529895493
Q128048534	6000000018539391284
Q128048536	6000000018555573591
Q128048538	6000000018569000743
Q128048539	6000000018569271980
Q128048541	6000000018569401669
Q128048544	6000000018575931473
Q128048545	6000000018579255828
Q128048547	6000000018581114704
Q128048549	6000000018586732341
Q128048551	6000000018593943106
Q128048553	6000000018595213925
Q128048554	6000000018595602589
Q128048557	6000000018598882258
Q128048558	6000000018598972172
Q128048560	6000000018604727295
Q128048562	6000000018606310789
Q128048564	6000000018606620844
Q128048567	6000000018607937796
Q128048569	6000000018608226316
Q128048570	6000000018608407996
Q128048574	6000000018608500469
Q128048575	6000000018608733266
Q128048577	6000000018608879159
Q128048578	6000000018614594458
Q128048582	6000000018615018153
Q128048584	6000000018615837388
Q128048586	6000000018636273289
Q128048587	6000000018637617561
Q128048590	6000000018644982205
Q128048592	6000000018658377232
Q128048594	6000000018667819585
Q128048596	6000000018671444951
Q128048597	6000000018672113281
Q128048599	6000000018682891965
Q128048600	6000000018699189496
Q128048604	6000000018714280344
Q128048607	6000000018721384623
Q128048611	6000000018783602215
Q128048612	6000000018796828993
Q128048618	6000000018812375553
Q128048619	6000000018812430591
Q128048621	6000000018812563186
Q128048623	6000000018813453999
Q128048624	6000000018814111408
Q128048626	6000000018815386874
Q128048628	6000000018835303164
Q128048630	6000000018835350324
Q128048633	6000000018844626236
Q128048635	6000000018845088427
Q128048636	6000000018874136342
Q128048638	6000000018889056753
Q128048641	6000000018939892427
Q128048643	6000000018942543265
Q128048645	6000000018944183062
Q128048646	6000000018954699729
Q128048648	6000000018954801329
Q128048649	6000000018971749858
Q128048651	6000000018972137287
Q128048654	6000000018985499514
Q128048657	6000000019005010938
Q128048658	6000000019007238239
Q128048660	6000000019007777195
Q128048664	6000000019027486001
Q128048666	6000000019028056119
Q128048667	6000000019028076051
Q128048669	6000000019028194052
Q128048670	6000000019033434345
Q128048672	6000000019039246667
Q128048676	6000000019040509889
Q128048678	6000000019042163814
Q128048680	6000000019053548168
Q128048682	6000000019053716988
Q128048684	6000000019054978164
Q128048686	6000000019056794669
Q128048688	6000000019057116177
Q128048690	6000000019057241089
Q128048691	6000000019084179453
Q128048693	6000000019096709607
Q128048695	6000000019125048299
Q128048697	6000000019125437575
Q128048698	6000000019125601872
Q128048700	6000000019125676204
Q128048702	6000000019125709392
Q128048703	6000000019125757114
Q128048706	6000000019125786291
Q128048707	6000000019135573321
Q128048710	6000000019141072924
Q128048712	6000000019141960677
Q128048714	6000000019156518952
Q128048716	6000000019156755404
Q128048718	6000000019161104173
Q128048720	6000000019181152674
Q128048721	6000000019181381608
Q128048722	6000000019181441906
Q128048724	6000000019181488903
Q128048726	6000000019181623269
Q128048727	6000000019181626516
Q128048729	6000000019181847427
Q128048731	6000000019182145260
Q128048732	6000000019192271174
Q128048734	6000000019193324957
Q128048736	6000000019193758963
Q128048738	6000000019205692571
Q128048741	6000000019206258259
Q128048743	6000000019206805648
Q128048744	6000000019206997107
Q128048746	6000000019207896231
Q128048748	6000000019208582923
Q128048749	6000000019210530738
Q128048750	6000000019210591334
Q128048752	6000000019210698120
Q128048753	6000000019210705763
Q128048755	6000000019210811016
Q128048757	6000000019210893316
Q128048758	6000000019230550552
Q128048761	6000000019231903000
Q128048763	6000000019233450807
Q128048765	6000000019258106686
Q128048767	6000000019262523879
Q128048769	6000000019262543491
Q128048772	6000000019267144784
Q128048773	6000000019278494469
Q128048775	6000000019304468631
Q128048779	6000000019308716230
Q128048781	6000000019317032473
Q128048782	6000000019317113369
Q128048784	6000000019317125088
Q128048786	6000000019317242605
Q128048787	6000000019317454057
Q128048789	6000000019317722194
Q128048791	6000000019317725323
Q128048792	6000000019334958140
Q128048793	6000000019335667258
Q128048795	6000000019336747389
Q128048797	6000000019337904509
Q128048798	6000000019337934428
Q128048800	6000000019338359108
Q128048802	6000000019338432117
Q128048804	6000000019346221288
Q128048806	6000000019348326208
Q128048808	6000000019354302332
Q128048809	6000000019361110017
Q128048811	6000000019364080825
Q128048813	6000000019409510358
Q128048814	6000000019414135211
Q128048816	6000000019414415181
Q128048818	6000000019422464508
Q128048820	6000000019424246077
Q128048821	6000000019424501018
Q128048823	6000000019440199626
Q128048825	6000000019440492801
Q128048826	6000000019482520046
Q128048828	6000000019492039792
Q128048831	6000000019495336275
Q128048832	6000000019496818161
Q128048834	6000000019526346185
Q128048835	6000000019527811271
Q128048837	6000000019539791974
Q128048838	6000000019540761596
Q128048840	6000000019543595292
Q128048841	6000000019547189373
Q128048843	6000000019548111940
Q128048845	6000000019548766269
Q128048846	6000000019548775069
Q128048848	6000000019568423404
Q128048850	6000000019568542115
Q128048851	6000000019574954868
Q128048853	6000000019575770228
Q128048855	6000000019578244808
Q128048856	6000000019578831596
Q128048858	6000000019579852269
Q128048860	6000000019587938972
Q128048861	6000000019588330781
Q128048862	6000000019588529222
Q128048864	6000000019590889928
Q128048866	6000000019593774126
Q128048868	6000000019597307894
Q128048870	6000000019599936520
Q128048872	6000000019600011899
Q128048873	6000000019600668161
Q128048875	6000000019600961986
Q128048877	6000000019601111761
Q128048878	6000000019601469552
Q128048880	6000000019601545068
Q128048882	6000000019601713663
Q128048884	6000000019607871499
Q128048885	6000000019608033477
Q128048886	6000000019619055770
Q128048889	6000000019619561979
Q128048890	6000000019620357437
Q128048892	6000000019620641352
Q128048894	6000000019620711110
Q128048897	6000000019620774349
Q128048898	6000000019621920003
Q128048900	6000000019623016412
Q128048903	6000000019692886763
Q128048905	6000000019695273461
Q128048907	6000000019696892162
Q128048908	6000000019704318198
Q128048909	6000000019723808864
Q128048911	6000000019724472485
Q128048913	6000000019724491976
Q128048915	6000000019725116106
Q128048917	6000000019725153095
Q128048918	6000000019725507176
Q128048920	6000000019731256271
Q128048922	6000000019731402826
Q128048923	6000000019732278104
Q128048925	6000000019748183268
Q128048926	6000000019754560418
Q128048928	6000000019771530609
Q128048930	6000000019771862262
Q128048931	6000000019772221582
Q128048933	6000000019775310754
Q128048935	6000000019796127116
Q128048937	6000000019796309003
Q128048938	6000000019810753410
Q128048941	6000000019811281181
Q128048942	6000000019811534324
Q128048949	6000000019811675451
Q128048951	6000000019812019665
Q128048953	6000000019812249013
Q128048955	6000000019812667226
Q128048957	6000000019813310259
Q128048958	6000000019814461066
Q128048960	6000000019814507037
Q128048962	6000000019815581867
Q128048965	6000000019816570141
Q128048967	6000000019816728522
Q128048968	6000000019816854364
Q128048970	6000000019816949032
Q128048972	6000000019842977210
Q128048973	6000000019853337109
Q128048977	6000000019860713101
Q128048979	6000000019869161736
Q128048981	6000000019869302457
Q128048982	6000000019869517433
Q128048984	6000000019876275034
Q128048986	6000000019882037276
Q128048988	6000000019893695956
Q128048990	6000000019922970447
Q128048992	6000000019936952291
Q128048993	6000000018454177839
Q128048993	6000000019937975575
Q128048995	6000000019940547103
Q128048997	6000000019950791303
Q128049002	6000000019956658028
Q128049006	6000000019956838397
Q128049007	6000000019957097076
Q128049009	6000000019963648474
Q128049011	6000000019975803423
Q128049012	6000000019976931497
Q128049014	6000000020007418164
Q128049017	6000000020008292621
Q128049018	6000000020008604727
Q128049020	6000000020020951469
Q128049022	6000000020023689548
Q128049024	6000000020024158153
Q128049025	6000000020053093009
Q128049027	6000000020054721003
Q128049028	6000000020055234544
Q128049031	6000000020066236252
Q128049033	6000000020082489064
Q128049034	6000000020091898903
Q128049035	6000000020092573920
Q128049037	6000000020093371539
Q128049039	6000000020102113901
Q128049041	6000000020112679831
Q128049045	6000000020165807459
Q128049046	6000000020166976430
Q128049048	6000000020181520806
Q128049050	6000000020194038875
Q128049051	6000000020207847265
Q128049053	6000000020209697142
Q128049056	6000000020236731971
Q128049057	6000000020237005663
Q128049063	6000000020248490801
Q128049064	6000000020248557801
Q128049068	6000000020262837951
Q128049070	6000000020267892760
Q128049071	6000000020270540119
Q128049073	6000000020271830378
Q128049075	6000000020276424966
Q128049076	6000000020279202579
Q128049078	6000000020305607498
Q128049079	6000000020308721704
Q128049081	6000000020309967807
Q128049082	6000000020315554313
Q128049084	6000000020315630019
Q128049086	6000000020319151397
Q128049088	6000000020319174559
Q128049089	6000000020319420475
Q128049091	6000000020319464115
Q128049093	6000000020319504530
Q128049094	6000000020319728524
Q128049096	6000000020322440745
Q128049098	6000000020322468139
Q128049099	6000000020322977948
Q128049101	6000000020326162300
Q128049103	6000000020327269841
Q128049105	6000000020329182676
Q128049106	6000000020330000755
Q128049108	6000000020330665632
Q128049110	6000000020330762002
Q128049112	6000000020330765021
Q128049113	6000000020330915779
Q128049115	6000000020330980244
Q128049116	6000000020335152118
Q128049118	6000000020336328917
Q128049121	6000000020337770979
Q128049122	6000000020339834250
Q128049124	6000000020339975197
Q128049126	6000000020339997184
Q128049128	6000000020340196515
Q128049130	6000000020340569802
Q128049131	6000000020342607934
Q128049135	6000000020353951325
Q128049136	6000000020354302521
Q128049138	6000000020355596229
Q128049139	6000000020357284177
Q128049141	6000000020376617253
Q128049143	6000000020386654824
Q128049144	6000000020386671929
Q128049146	6000000020388053319
Q128049148	6000000020388723323
Q128049150	6000000020406514389
Q128049151	6000000020406670871
Q128049153	6000000020420416942
Q128049155	6000000020435119596
Q128049156	6000000020435492011
Q128049160	6000000020459995718
Q128049161	6000000020460184228
Q128049163	6000000020463036752
Q128049164	6000000020474587357
Q128049165	6000000020482627554
Q128049167	6000000020482749322
Q128049169	6000000020485701482
Q128049171	6000000020487829954
Q128049172	6000000020492136625
Q128049175	6000000020492145498
Q128049176	6000000020493535477
Q128049178	6000000020498864615
Q128049180	6000000020503081434
Q128049181	6000000020503576899
Q128049183	6000000020514982660
Q128049185	6000000020515761086
Q128049186	6000000020516101071
Q128049188	6000000020516102352
Q128049189	6000000020518315958
Q128049191	6000000020520463292
Q128049193	6000000020520582472
Q128049195	6000000020529026219
Q128049196	6000000020529208565
Q128049198	6000000020529430726
Q128049199	6000000020529495917
Q128049201	6000000020543850270
Q128049202	6000000020545263857
Q128049204	6000000020585626353
Q128049207	6000000020585684466
Q128049209	6000000020586078398
Q128049210	6000000020587650499
Q128049212	6000000020587766825
Q128049213	6000000020595665639
Q128049215	6000000020600503207
Q128049216	6000000020600577653
Q128049218	6000000020601619568
Q128049220	6000000020603253769
Q128049221	6000000020603400161
Q128049223	6000000020611549422
Q128049226	6000000020623736926
Q128049229	6000000020660845683
Q128049231	6000000020661476515
Q128049233	6000000020664186802
Q128049234	6000000020665732565
Q128049236	6000000020669757711
Q128049238	6000000020689966701
Q128049239	6000000020759422623
Q128049242	6000000020759573652
Q128049244	6000000020759854879
Q128049246	6000000020763390333
Q128049248	6000000020799779034
Q128049251	6000000020817218080
Q128049253	6000000020820958262
Q128049254	6000000020821072244
Q128049256	6000000020824696494
Q128049258	6000000020824723639
Q128049260	6000000020824892115
Q128049261	6000000020824893222
Q128049263	6000000020824915003
Q128049265	6000000020832785606
Q128049268	6000000020845128283
Q128049272	6000000020958778513
Q128049274	6000000020959522581
Q128049276	6000000020972924236
Q128049280	6000000021013060018
Q128049281	6000000021013238872
Q128049285	6000000021017866777
Q128049286	6000000021022584092
Q128049288	6000000021027705242
Q128049290	6000000021047409440
Q128049291	6000000021049940054
Q128049293	6000000021051608714
Q128049295	6000000021056219941
Q128049296	6000000021056328616
Q128049298	6000000021058664088
Q128049299	6000000021059036223
Q128049301	6000000021061880160
Q128049303	6000000021064688342
Q128049305	6000000021088849520
Q128049306	6000000021096011763
Q128049308	6000000021101739604
Q128049309	6000000021106761288
Q128049311	6000000021107587674
Q128049313	6000000021110096604
Q128049314	6000000021114593213
Q128049316	6000000021119728736
Q128049319	6000000021153220025
Q128049321	6000000021156617903
Q128049322	6000000021173096189
Q128049324	6000000021173218055
Q128049326	6000000021173428678
Q128049328	6000000021173694082
Q128049330	6000000021183764030
Q128049331	6000000021183804849
Q128049333	6000000021193316467
Q128049334	6000000021199949066
Q128049336	6000000021209671440
Q128049338	6000000021214128863
Q128049340	6000000021249219522
Q128049341	6000000021255134382
Q128049343	6000000021272828379
Q128049344	6000000021272998837
Q128049346	6000000021274366001
Q128049348	6000000021274387028
Q128049350	6000000021276299919
Q128049352	6000000021276383870
Q128049354	6000000021289691562
Q128049355	6000000021303552750
Q128049357	6000000021318733043
Q128049359	6000000021331687367
Q128049361	6000000021331729728
Q128049363	6000000021332539232
Q128049367	6000000021357179596
Q128049369	6000000021357705163
Q128049371	6000000021357888188
Q128049373	6000000021359457537
Q128049374	6000000021390527798
Q128049377	6000000021442702060
Q128049379	6000000021476033130
Q128049380	6000000021479243413
Q128049382	6000000021490125451
Q128049384	6000000021494411317
Q128049387	6000000021503006225
Q128049389	6000000021518503210
Q128049391	6000000021519335097
Q128049393	6000000021532543514
Q128049395	6000000021533247867
Q128049396	6000000021567127256
Q128049398	6000000021568978894
Q128049399	6000000021579644486
Q128049401	6000000021584381900
Q128049403	6000000021585509511
Q128049404	6000000021586049122
Q128049407	6000000021587404132
Q128049408	6000000021587716907
Q128049410	6000000021588517302
Q128049412	6000000021589284899
Q128049413	6000000021609115132
Q128049415	6000000021615344612
Q128049417	6000000021649105799
Q128049419	6000000021649261865
Q128049420	6000000021649297274
Q128049422	6000000021649356259
Q128049424	6000000021649363068
Q128049425	6000000021649465006
Q128049427	6000000021662385483
Q128049431	6000000021665464482
Q128049435	6000000021668122469
Q128049437	6000000021668181449
Q128049439	6000000021668210284
Q128049441	6000000021670850901
Q128049444	6000000021673784807
Q128049445	6000000021688535112
Q128049447	6000000021692105484
Q128049448	6000000021700122814
Q128049450	6000000021700425569
Q128049453	6000000021700533213
Q128049455	6000000021700758017
Q128049457	6000000021701130806
Q128049459	6000000021717020398
Q128049461	6000000021720036801
Q128049462	6000000021720639995
Q128049464	6000000021730592993
Q128049467	6000000021815113498
Q128049469	6000000021817714466
Q128049472	6000000021836274477
Q128049473	6000000021836298363
Q128049475	6000000021836461137
Q128049476	6000000021836468504
Q128049478	6000000021836499355
Q128049480	6000000021845394210
Q128049482	6000000021856782777
Q128049483	6000000021885341216
Q128049485	6000000021889489975
Q128049487	6000000021889572834
Q128049488	6000000021902769448
Q128049490	6000000021956614921
Q128049492	6000000021956640327
Q128049494	6000000021976587858
Q128049495	6000000022012320019
Q128049497	6000000022018615336
Q128049498	6000000022019343070
Q128049500	6000000022019454417
Q128049502	6000000022019756905
Q128049505	6000000022074247924
Q128049506	6000000022074318858
Q128049508	6000000022075241490
Q128049509	6000000022075776733
Q128049511	6000000022075887640
Q128049513	6000000022077366057
Q128049514	6000000022100445990
Q128049516	6000000022101084344
Q128049517	6000000022102364675
Q128049519	6000000022103199578
Q128049521	6000000022131137733
Q128049524	6000000022136141564
Q128049526	6000000022144563810
Q128049528	6000000022146698036
Q128049530	6000000022159280483
Q128049531	6000000022167984216
Q128049533	6000000022172706946
Q128049535	6000000022172708032
Q128049536	6000000022189231239
Q128049538	6000000022189895038
Q128049540	6000000022194092509
Q128049541	6000000022201541307
Q128049543	6000000022212620619
Q128049545	6000000022226587033
Q128049546	6000000022237190517
Q128049549	6000000022243588124
Q128049550	6000000022243598271
Q128049552	6000000022243861633
Q128049553	6000000022244241954
Q128049555	6000000022246416028
Q128049557	6000000022248556068
Q128049559	6000000022248781064
Q128049561	6000000022249447015
Q128049562	6000000022259900018
Q128049564	6000000022259987734
Q128049566	6000000022266333725
Q128049567	6000000022274527342
Q128049569	6000000022274676821
Q128049571	6000000022309336224
Q128049572	6000000022309447276
Q128049574	6000000022309691063
Q128049575	6000000022309890027
Q128049577	6000000022314766391
Q128049580	6000000022320546556
Q128049584	6000000022351137696
Q128049586	6000000022353013492
Q128049588	6000000022361249247
Q128049589	6000000022362725215
Q128049591	6000000022362884848
Q128049592	6000000022382107420
Q128049595	6000000022389820289
Q128049597	6000000022403250069
Q128049599	6000000022422415387
Q128049600	6000000022425548986
Q128049601	6000000022450200343
Q128049603	6000000022461350018
Q128049605	6000000022465463896
Q128049606	6000000022481886917
Q128049608	6000000022483825179
Q128049610	6000000022494969816
Q128049611	6000000022496848407
Q128049613	6000000022498510170
Q128049615	6000000022513855527
Q128049616	6000000022516496560
Q128049618	6000000022518042940
Q128049620	6000000022554700706
Q128049622	6000000022567470299
Q128049623	6000000022591325540
Q128049624	6000000022621687289
Q128049626	6000000022628350639
Q128049628	6000000022629841264
Q128049629	6000000022641170918
Q128049631	6000000022641211902
Q128049633	6000000022646333291
Q128049634	6000000022667201093
Q128049636	6000000022672385043
Q128049638	6000000022674686646
Q128049640	6000000022674801241
Q128049641	6000000022677746991
Q128049643	6000000022688059450
Q128049645	6000000022701763618
Q128049646	6000000022701933325
Q128049648	6000000022701975185
Q128049649	6000000022702013108
Q128049651	6000000022702057441
Q128049652	6000000022702061385
Q128049654	6000000022702161104
Q128049658	6000000022732981266
Q128049661	6000000022747948225
Q128049664	6000000022772403475
Q128049666	6000000022772878520
Q128049669	6000000022772969706
Q128049670	6000000022778802517
Q128049672	6000000022780447889
Q128049674	6000000022798961451
Q128049675	6000000022799743626
Q128049677	6000000022806538709
Q128049679	6000000022816280533
Q128049682	6000000022848967321
Q128049684	6000000022861048888
Q128049686	6000000022871799030
Q128049688	6000000022875250273
Q128049689	6000000022888956601
Q128049691	6000000022907066985
Q128049692	6000000022907123993
Q128049694	6000000022924424778
Q128049696	6000000022925116267
Q128049697	6000000022973825575
Q128049699	6000000022973925831
Q128049701	6000000023003428885
Q128049703	6000000023013944837
Q128049704	6000000023014694013
Q128049706	6000000023016950112
Q128049707	6000000023045228039
Q128049709	6000000023045309133
Q128049711	6000000023045567824
Q128049713	6000000023055833311
Q128049714	6000000023078847617
Q128049716	6000000023089192845
Q128049718	6000000023093433259
Q128049719	6000000023110273599
Q128049721	6000000023123268213
Q128049723	6000000023123593998
Q128049724	6000000023132668210
Q128049726	6000000023156428993
Q128049728	6000000023156495297
Q128049729	6000000023156525180
Q128049731	6000000023156525310
Q128049733	6000000023156872242
Q128049734	6000000023156948384
Q128049736	6000000023180016165
Q128049737	6000000023180068420
Q128049739	6000000023180841929
Q128049740	6000000023187808961
Q128049742	6000000023193346185
Q128049744	6000000023201027610
Q128049746	6000000023217604236
Q128049747	6000000023234621172
Q128049749	6000000023235492157
Q128049751	6000000023249389170
Q128049752	6000000023249507590
Q128049754	6000000023249595545
Q128049756	6000000023249604297
Q128049758	6000000023251396344
Q128049761	6000000023251781153
Q128049763	6000000023259164348
Q128049764	6000000023260546017
Q128049766	6000000023260582111
Q128049768	6000000023263040872
Q128049769	6000000023266269505
Q128049770	6000000023266274079
Q128049772	6000000023275133661
Q128049774	6000000023277774002
Q128049776	6000000023280680322
Q128049778	6000000023298623497
Q128049781	6000000023299962388
Q128049783	6000000023307740156
Q128049784	6000000023308021008
Q128049786	6000000023313158062
Q128049787	6000000023314263824
Q128049788	6000000023341352961
Q128049790	6000000023348266316
Q128049791	6000000023350157220
Q128049792	6000000023350253056
Q128049794	6000000023354492542
Q128049796	6000000023355900001
Q128049798	6000000023358756095
Q128049800	6000000023358952095
Q128049802	6000000023361852169
Q128049803	6000000023374840826
Q128049805	6000000023381794310
Q128049807	6000000023385949965
Q128049808	6000000023403197036
Q128049810	6000000023403777349
Q128049812	6000000023405565192
Q128049813	6000000023430131015
Q128049815	6000000023430169701
Q128049817	6000000023430172763
Q128049819	6000000023431458053
Q128049821	6000000023442191813
Q128049823	6000000023442440846
Q128049825	6000000023444974957
Q128049827	6000000023445211096
Q128049829	6000000023446054843
Q128049830	6000000023466781900
Q128049832	6000000023474610248
Q128049833	6000000023474875203
Q128049835	6000000023482257403
Q128049837	6000000023482946465
Q128049841	6000000023513478066
Q128049844	6000000023517370243
Q128049846	6000000023518755981
Q128049848	6000000023518769120
Q128049850	6000000023520932303
Q128049851	6000000023522428837
Q128049854	6000000023539871707
Q128049856	6000000023547167929
Q128049857	6000000023550056822
Q128049859	6000000023582239407
Q128049860	6000000023582571599
Q128049861	6000000023588308552
Q128049863	6000000023637416593
Q128049865	6000000023642739531
Q128049867	6000000023643299454
Q128049868	6000000023643301722
Q128049870	6000000023680869395
Q128049872	6000000023681886198
Q128049874	6000000023684557983
Q128049876	6000000023695203554
Q128049878	6000000023698036557
Q128049879	6000000023698397942
Q128049880	6000000023698542838
Q128049882	6000000023699072967
Q128049883	6000000023699219971
Q128049885	6000000023699655973
Q128049887	6000000023702379077
Q128049888	6000000023709143157
Q128049890	6000000023709449298
Q128049892	6000000023709561894
Q128049894	6000000023709586962
Q128049896	6000000023709589024
Q128049897	6000000023711081334
Q128049899	6000000023729179971
Q128049901	6000000023738345288
Q128049903	6000000023745747456
Q128049904	6000000023746066363
Q128049906	6000000023746131099
Q128049908	6000000023746380006
Q128049910	6000000023756947980
Q128049912	6000000023770490486
Q128049914	6000000023770713485
Q128049916	6000000023771126062
Q128049917	6000000023782861679
Q128049919	6000000023783520821
Q128049920	6000000023783569986
Q128049923	6000000023783858011
Q128049924	6000000023795613645
Q128049926	6000000023796071822
Q128049929	6000000023796153686
Q128049930	6000000023796422821
Q128049932	6000000023796518893
Q128049934	6000000023796674921
Q128049936	6000000023800150728
Q128049938	6000000023809286765
Q128049940	6000000023813252153
Q128049942	6000000023828309859
Q128049944	6000000023833687519
Q128049946	6000000023835250119
Q128049948	6000000023848869731
Q128049952	6000000023851285990
Q128049953	6000000023851330717
Q128049955	6000000023851330804
Q128049957	6000000023852555153
Q128049959	6000000023858738031
Q128049961	6000000023868006494
Q128049962	6000000023880086721
Q128049964	6000000023880487517
Q128049966	6000000023880654127
Q128049967	6000000023881210674
Q128049969	6000000023886253647
Q128049971	6000000023895096978
Q128049973	6000000023896886097
Q128049975	6000000023896981962
Q128049977	6000000023897164237
Q128049978	6000000023897836869
Q128049980	6000000023907159078
Q128049982	6000000023907555059
Q128049983	6000000023907577137
Q128049985	6000000023907661046
Q128049987	6000000023908092523
Q128049989	6000000023908219780
Q128049992	6000000023908475312
Q128049995	6000000023909123496
Q128049997	6000000023909163458
Q128049999	6000000023909168399
Q128050001	6000000023909637068
Q128050003	6000000023910630983
Q128050005	6000000023911541199
Q128050007	6000000023935828526
Q128050008	6000000023936025064
Q128050010	6000000023936174688
Q128050011	6000000023937657824
Q128050013	6000000023938137689
Q128050015	6000000023938586441
Q128050017	6000000023941768316
Q128050018	6000000023965001637
Q128050020	6000000023965058744
Q128050022	6000000023965087516
Q128050024	6000000023965136770
Q128050026	6000000023968679784
Q128050029	6000000023968736838
Q128050033	6000000023977704875
Q128050035	6000000023979103821
Q128050037	6000000023979711226
Q128050039	6000000023980473807
Q128050040	6000000023980900668
Q128050042	6000000024006078376
Q128050044	6000000024007447859
Q128050045	6000000024029596906
Q128050048	6000000024051921319
Q128050050	6000000024060144739
Q128050051	6000000024061327710
Q128050053	6000000024076030464
Q128050055	6000000024090420109
Q128050057	6000000024102419782
Q128050059	6000000024102808988
Q128050061	6000000024103232610
Q128050063	6000000024104653674
Q128050065	6000000024105271841
Q128050066	6000000024106911489
Q128050068	6000000024112878002
Q128050069	6000000024114366554
Q128050072	6000000024116618978
Q128050074	6000000024116764477
Q128050076	6000000024128101362
Q128050079	6000000024128214112
Q128050083	6000000024140437414
Q128050085	6000000024153196118
Q128050086	6000000024167248867
Q128050087	6000000024168388708
Q128050089	6000000024168651382
Q128050093	6000000024172168635
Q128050096	6000000024173028136
Q128050101	6000000024173274981
Q128050103	6000000024173290907
Q128050104	6000000024182572726
Q128050106	6000000024193014876
Q128050107	6000000024196653406
Q128050109	6000000024199322225
Q128050111	6000000024206266537
Q128050113	6000000024206567476
Q128050115	6000000024208555260
Q128050117	6000000024209031855
Q128050119	6000000024209153962
Q128050120	6000000024210217865
Q128050122	6000000024213635933
Q128050126	6000000024222485688
Q128050127	6000000024222943410
Q128050129	6000000024227272092
Q128050131	6000000024233241427
Q128050132	6000000024233329252
Q128050135	6000000024233643376
Q128050136	6000000024235537306
Q128050138	6000000024235673877
Q128050140	6000000024236539104
Q128050142	6000000024237002688
Q128050144	6000000024237091430
Q128050146	6000000024237520968
Q128050147	6000000024237955420
Q128050149	6000000024238022193
Q128050150	6000000024243792549
Q128050152	6000000024244522405
Q128050154	6000000024244881284
Q128050155	6000000024247154455
Q128050157	6000000024247443451
Q128050159	6000000024248250987
Q128050160	6000000024249819755
Q128050162	6000000024250463410
Q128050164	6000000024250782944
Q128050166	6000000024250787512
Q128050168	6000000024250932055
Q128050169	6000000024252174011
Q128050171	6000000024252247840
Q128050173	6000000024261339993
Q128050174	6000000024265120245
Q128050176	6000000024265256367
Q128050178	6000000024267321880
Q128050180	6000000024267384038
Q128050182	6000000024278422609
Q128050184	6000000024278657415
Q128050186	6000000024279468810
Q128050187	6000000024279938305
Q128050189	6000000024280221969
Q128050192	6000000024280405023
Q128050193	6000000024280838825
Q128050195	6000000024280939488
Q128050197	6000000024285674488
Q128050198	6000000024289818883
Q128050200	6000000024290050757
Q128050202	6000000024291044859
Q128050204	6000000024292328841
Q128050206	6000000024303234533
Q128050208	6000000024303708160
Q128050209	6000000024306159586
Q128050211	6000000024306598779
Q128050213	6000000024310308697
Q128050215	6000000024325603244
Q128050216	6000000024331538829
Q128050218	6000000024338382131
Q128050220	6000000024345674029
Q128050222	6000000024347532880
Q128050224	6000000024359469249
Q128050227	6000000024361792644
Q128050229	6000000024365838809
Q128050231	6000000024373018576
Q128050232	6000000024373127706
Q128050234	6000000024373348831
Q128050235	6000000024374542427
Q128050237	6000000024374543463
Q128050239	6000000024374653132
Q128050240	6000000024374770020
Q128050242	6000000024374836943
Q128050244	6000000024375540459
Q128050245	6000000024375564340
Q128050247	6000000024375759825
Q128050249	6000000024379541200
Q128050250	6000000024379829938
Q128050252	6000000024389227423
Q128050254	6000000024389957883
Q128050255	6000000024390199384
Q128050257	6000000024392224135
Q128050258	6000000024397385337
Q128050260	6000000024405634888
Q128050262	6000000024407916739
Q128050265	6000000024422502725
Q128050266	6000000024429852837
Q128050270	6000000024431524980
Q128050272	6000000024434007885
Q128050273	6000000024434357893
Q128050275	6000000024437081997
Q128050277	6000000024444489245
Q128050278	6000000024445131297
Q128050280	6000000024445173551
Q128050281	6000000024446664063
Q128050283	6000000024448063940
Q128050285	6000000024448338119
Q128050287	6000000024448457885
Q128050291	6000000024460969804
Q128050292	6000000024461261219
Q128050295	6000000024463546105
Q128050296	6000000024463728024
Q128050299	6000000024472197869
Q128050300	6000000024473944820
Q128050309	6000000024474382274
Q128050310	6000000024485430786
Q128050312	6000000024489305586
Q128050317	6000000024501432329
Q128050318	6000000024502503483
Q128050320	6000000024505222409
Q128050321	6000000024509963790
Q128050325	6000000024511155237
Q128050327	6000000024512113121
Q128050328	6000000024518691650
Q128050330	6000000024518827906
Q128050331	6000000024524668691
Q128050333	6000000024525925904
Q128050335	6000000024526168848
Q128050337	6000000024528146857
Q128050339	6000000024528280231
Q128050340	6000000024531172622
Q128050344	6000000024531528193
Q128050345	6000000024532200958
Q128050347	6000000024533300114
Q128050349	6000000024533473307
Q128050350	6000000024534545292
Q128050354	6000000024536774838
Q128050355	6000000024537292474
Q128050357	6000000024539963021
Q128050359	6000000024552598321
Q128050361	6000000024556941174
Q128050362	6000000024567477790
Q128050364	6000000024568851637
Q128050365	6000000024568945372
Q128050367	6000000024569079688
Q128050369	6000000024569441485
Q128050370	6000000024570099387
Q128050372	6000000024570127927
Q128050374	6000000024572805916
Q128050375	6000000024582073859
Q128050377	6000000024583175876
Q128050378	6000000024594973933
Q128050380	6000000024595165823
Q128050382	6000000024598210910
Q128050383	6000000024610321971
Q128050385	6000000024610354257
Q128050386	6000000024610769903
Q128050388	6000000024610857388
Q128050390	6000000024610860248
Q128050392	6000000024613405685
Q128050394	6000000024615286759
Q128050395	6000000024615468035
Q128050397	6000000024617358797
Q128050399	6000000024618016678
Q128050400	6000000024618242553
Q128050402	6000000024620143951
Q128050404	6000000024626251408
Q128050405	6000000024626279032
Q128050407	6000000024626578076
Q128050409	6000000024639331152
Q128050410	6000000024641670003
Q128050412	6000000024641772223
Q128050414	6000000024641908269
Q128050416	6000000024641951357
Q128050418	6000000024642159569
Q128050420	6000000024643178440
Q128050422	6000000024643267274
Q128050424	6000000024655662533
Q128050425	6000000024655817988
Q128050427	6000000024655895077
Q128050429	6000000024656005606
Q128050430	6000000024656236954
Q128050432	6000000024656254889
Q128050438	6000000024666084018
Q128050439	6000000024681776495
Q128050441	6000000024707247156
Q128050442	6000000024707636001
Q128050446	6000000024742141941
Q128050448	6000000024744656966
Q128050449	6000000024756885851
Q128050451	6000000024757935123
Q128050453	6000000024758076906
Q128050454	6000000024761324837
Q128050456	6000000024761639642
Q128050458	6000000024773652421
Q128050459	6000000024774166691
Q128050461	6000000024789046684
Q128050463	6000000024801902173
Q128050464	6000000024801913601
Q128050465	6000000024801964311
Q128050467	6000000024802492033
Q128050468	6000000024805590092
Q128050471	6000000024815254912
Q128050472	6000000024823109786
Q128050474	6000000024834816860
Q128050476	6000000024835078877
Q128050479	6000000024835133848
Q128050481	6000000024859732712
Q128050482	6000000024861701842
Q128050484	6000000024862835622
Q128050486	6000000024863259897
Q128050487	6000000024866917976
Q128050489	6000000024874275790
Q128050490	6000000024876104571
Q128050492	6000000024887147318
Q128050494	6000000024893349080
Q128050496	6000000024899845296
Q128050497	6000000024901172565
Q128050499	6000000024901193998
Q128050501	6000000024901299732
Q128050502	6000000024903294124
Q128050504	6000000024913843805
Q128050505	6000000024916497324
Q128050508	6000000024928614925
Q128050511	6000000024928835462
Q128050512	6000000024931125166
Q128050513	6000000024931191601
Q128050514	6000000024931898215
Q128050516	6000000024931907986
Q128050518	6000000024931987044
Q128050520	6000000024932012851
Q128050522	6000000024954798429
Q128050525	6000000024957816025
Q128050528	6000000024969626639
Q128050529	6000000024970252970
Q128050531	6000000024974996750
Q128050532	6000000024975737800
Q128050534	6000000024985123207
Q128050535	6000000024990139832
Q128050537	6000000024991167011
Q128050538	6000000024997212054
Q128050539	6000000024997339670
Q128050541	6000000024997547585
Q128050545	6000000024998499116
Q128050549	6000000024999305904
Q128050550	6000000025014953410
Q128050552	6000000025015478839
Q128050555	6000000025039701931
Q128050557	6000000025049285947
Q128050558	6000000025049379946
Q128050560	6000000025049651835
Q128050561	6000000025050487208
Q128050563	6000000025052904865
Q128050565	6000000025053039838
Q128050567	6000000025053202847
Q128050571	6000000025057640277
Q128050573	6000000025057724842
Q128050575	6000000025057726154
Q128050576	6000000025058925625
Q128050578	6000000025065765847
Q128050580	6000000025066908132
Q128050581	6000000025066998424
Q128050582	6000000025067160914
Q128050584	6000000025067426857
Q128050586	6000000025068040859
Q128050588	6000000025071849697
Q128050592	6000000025073542743
Q128050594	6000000025080148286
Q128050595	6000000025084135424
Q128050597	6000000025098165127
Q128050599	6000000025098444464
Q128050601	6000000025103496108
Q128050602	6000000025104429026
Q128050603	6000000025107768023
Q128050605	6000000025154616443
Q128050606	6000000025154989813
Q128050608	6000000025155718275
Q128050610	6000000025158807871
Q128050612	6000000025169442346
Q128050614	6000000025169907000
Q128050616	6000000025205979716
Q128050617	6000000025212955885
Q128050619	6000000025217852036
Q128050621	6000000025228847767
Q128050623	6000000025229624387
Q128050624	6000000025231181011
Q128050626	6000000025234060882
Q128050627	6000000025238539891
Q128050628	6000000025243146153
Q128050629	6000000025243181345
Q128050631	6000000025244356286
Q128050633	6000000025246416223
Q128050635	6000000025246635920
Q128050637	6000000025259251432
Q128050638	6000000025259394289
Q128050640	6000000025262137822
Q128050642	6000000025263779947
Q128050644	6000000025263817515
Q128050645	6000000025265186666
Q128050647	6000000025273951173
Q128050650	6000000025281301149
Q128050651	6000000025286318892
Q128050652	6000000025296468786
Q128050653	6000000025296515948
Q128050655	6000000025297063766
Q128050657	6000000025309582846
Q128050659	6000000025310432090
Q128050660	6000000025327051848
Q128050662	6000000025331282991
Q128050665	6000000025333433523
Q128050667	6000000025334512301
Q128050668	6000000025337461111
Q128050670	6000000025337541162
Q128050673	6000000025343901228
Q128050674	6000000025345982070
Q128050675	6000000025347682024
Q128050676	6000000025358945500
Q128050678	6000000025361474981
Q128050679	6000000025365026460
Q128050681	6000000025375825477
Q128050683	6000000025376240036
Q128050685	6000000025378355613
Q128050687	6000000025379478889
Q128050689	6000000025380293910
Q128050690	6000000025380854339
Q128050692	6000000025385090364
Q128050694	6000000025385326696
Q128050695	6000000025385705569
Q128050697	6000000025386752238
Q128050698	6000000025397273514
Q128050699	6000000025397460684
Q128050700	6000000025399887834
Q128050702	6000000025411857860
Q128050704	6000000025415659873
Q128050706	6000000025428106920
Q128050708	6000000025428484915
Q128050710	6000000025428514822
Q128050711	6000000025455425182
Q128050713	6000000025455584319
Q128050715	6000000025484598478
Q128050718	6000000025527118805
Q128050719	6000000025527737852
Q128050721	6000000025541288221
Q128050722	6000000025583059083
Q128050725	6000000025595444192
Q128050726	6000000025605418731
Q128050728	6000000025605998910
Q128050730	6000000025612168842
Q128050732	6000000025632551783
Q128050733	6000000025632725294
Q128050735	6000000025632929088
Q128050737	6000000025632933094
Q128050739	6000000025633060849
Q128050740	6000000025633859529
Q128050741	6000000025637552856
Q128050742	6000000025643817992
Q128050744	6000000025644052505
Q128050745	6000000025644905953
Q128050748	6000000025646030062
Q128050751	6000000025646674499
Q128050759	6000000025646679269
Q128050760	6000000025646793989
Q128050762	6000000025647571186
Q128050763	6000000025648117291
Q128050766	6000000025649496945
Q128050767	6000000025649671964
Q128050769	6000000025649685879
Q128050771	6000000025663375043
Q128050772	6000000025663577486
Q128050774	6000000025663884406
Q128050776	6000000025673362542
Q128050778	6000000025674407676
Q128050779	6000000025674429912
Q128050781	6000000025676387146
Q128050782	6000000025676499652
Q128050783	6000000025677157272
Q128050785	6000000025677925984
Q128050786	6000000025688465360
Q128050789	6000000025690664120
Q128050791	6000000025696528335
Q128050793	6000000025696637234
Q128050797	6000000025702054014
Q128050799	6000000025703773741
Q128050801	6000000025704352434
Q128050802	6000000025704530488
Q128050804	6000000025717418893
Q128050806	6000000025717498833
Q128050807	6000000025719611826
Q128050808	6000000025719934408
Q128050809	6000000025719954533
Q128050811	6000000025721024561
Q128050813	6000000025721222307
Q128050815	6000000025721228816
Q128050817	6000000025721335994
Q128050819	6000000025722752590
Q128050821	6000000025724299364
Q128050823	6000000025724846854
Q128050824	6000000025725549876
Q128050826	6000000025737957931
Q128050828	6000000025741451399
Q128050829	6000000025742558226
Q128050830	6000000025744143629
Q128050831	6000000025745040783
Q128050833	6000000025745441802
Q128050835	6000000025745869573
Q128050838	6000000025752260386
Q128050839	6000000025752396962
Q128050841	6000000025752494580
Q128050843	6000000025752518075
Q128050844	6000000025752940100
Q128050846	6000000025753354728
Q128050848	6000000025753527725
Q128050849	6000000025753958530
Q128050851	6000000025754273801
Q128050853	6000000025755082775
Q128050854	6000000025755139350
Q128050855	6000000025755293642
Q128050856	6000000025755436179
Q128050858	6000000025765077362
Q128050860	6000000025765649396
Q128050861	6000000025766506660
Q128050863	6000000025767075414
Q128050867	6000000025767478932
Q128050869	6000000025767508519
Q128050871	6000000025767779515
Q128050872	6000000025767805493
Q128050874	6000000025767988542
Q128050876	6000000025767999047
Q128050877	6000000025768177087
Q128050878	6000000025768205997
Q128050879	6000000025768848700
Q128050881	6000000025777944513
Q128050883	6000000025778865937
Q128050884	6000000025778888913
Q128050888	6000000025779684096
Q128050890	6000000025780940685
Q128050891	6000000025781095448
Q128050893	6000000025781412375
Q128050896	6000000025785065678
Q128050897	6000000025785292392
Q128050899	6000000025785354924
Q128050900	6000000025791517782
Q128050901	6000000025791947144
Q128050903	6000000025792814413
Q128050905	6000000025793014797
Q128050906	6000000025793411403
Q128050908	6000000025793414264
Q128050912	6000000025793914667
Q128050914	6000000025794094439
Q128050916	6000000025794122939
Q128050919	6000000025794201893
Q128050920	6000000025794267045
Q128050921	6000000025794281060
Q128050923	6000000025794352991
Q128050925	6000000025803431010
Q128050926	6000000025805995034
Q128050928	6000000025806263479
Q128050930	6000000025807392230
Q128050932	6000000025807582932
Q128050933	6000000025810072584
Q128050940	6000000025832836403
Q128050942	6000000025833500013
Q128050944	6000000025833958098
Q128050946	6000000025837358516
Q128050949	6000000025837594380
Q128050951	6000000025845725356
Q128050953	6000000025846426894
Q128050955	6000000025846567056
Q128050956	6000000025846894614
Q128050958	6000000025847019089
Q128050959	6000000025847132257
Q128050960	6000000025847607244
Q128050961	6000000025847627102
Q128050963	6000000025860269014
Q128050965	6000000025861722131
Q128050967	6000000025862763963
Q128050969	6000000025862794836
Q128050970	6000000025863389298
Q128050972	6000000025873784089
Q128050974	6000000025873786862
Q128050976	6000000025874778778
Q128050978	6000000025874872221
Q128050979	6000000025875111501
Q128050981	6000000025875350928
Q128050982	6000000025875714415
Q128050983	6000000025875810049
Q128050984	6000000025876556524
Q128050986	6000000025876558530
Q128050989	6000000025876620688
Q128050991	6000000025876769160
Q128050993	6000000025876810296
Q128050995	6000000025877163549
Q128050996	6000000025877435404
Q128050999	6000000025877460462
Q128051000	6000000025877606832
Q128051002	6000000025887717768
Q128051004	6000000025888071831
Q128051006	6000000025888448095
Q128051007	6000000025888806842
Q128051010	6000000025888992315
Q128051012	6000000025889687461
Q128051014	6000000025890281573
Q128051016	6000000025890748429
Q128051017	6000000025900233214
Q128051019	6000000025900871986
Q128051021	6000000025901141221
Q128051023	6000000025901188529
Q128051025	6000000025902820307
Q128051026	6000000025903021004
Q128051027	6000000025903134153
Q128051029	6000000025903200882
Q128051031	6000000025903245001
Q128051033	6000000025927214269
Q128051034	6000000025927261794
Q128051036	6000000025927403740
Q128051038	6000000025927443424
Q128051040	6000000025927562137
Q128051042	6000000025927881336
Q128051044	6000000025927910147
Q128051047	6000000025927917490
Q128051049	6000000025929387144
Q128051050	6000000025929808940
Q128051052	6000000025937605893
Q128051055	6000000025939877602
Q128051056	6000000025942023337
Q128051058	6000000025946395343
Q128051061	6000000025951955944
Q128051063	6000000025952884158
Q128051066	6000000025953330662
Q128051068	6000000025953469068
Q128051070	6000000025953533061
Q128051071	6000000025953659226
Q128051073	6000000025953801211
Q128051074	6000000025953925044
Q128051076	6000000025953937184
Q128051077	6000000025954587822
Q128051079	6000000025954773789
Q128051081	6000000025954792346
Q128051082	6000000025954884830
Q128051084	6000000025954900073
Q128051086	6000000025954935709
Q128051089	6000000025955022144
Q128051091	6000000025955236124
Q128051092	6000000025955927164
Q128051094	6000000025956484881
Q128051096	6000000025957119799
Q128051098	6000000025957124057
Q128051099	6000000025957179472
Q128051100	6000000025960161812
Q128051102	6000000025966149889
Q128051104	6000000025967889034
Q128051107	6000000025969831468
Q128051109	6000000025970604279
Q128051110	6000000025970935862
Q128051112	6000000025971083903
Q128051114	6000000025971149852
Q128051116	6000000025971750912
Q128051118	6000000025972617917
Q128051120	6000000025972973829
Q128051121	6000000025975928936
Q128051122	6000000025983189771
Q128051123	6000000025984534503
Q128051125	6000000025985174787
Q128051126	6000000025985765013
Q128051128	6000000025987126021
Q128051130	6000000025988987648
Q128051131	6000000025989208577
Q128051133	6000000025989611576
Q128051135	6000000025989747427
Q128051137	6000000025995985821
Q128051139	6000000025996068895
Q128051141	6000000025997906275
Q128051143	6000000025999097545
Q128051144	6000000026008736072
Q128051145	6000000026008894503
Q128051147	6000000026008980023
Q128051155	6000000026009535411
Q128051158	6000000026010058866
Q128051159	6000000026013239938
Q128051160	6000000026013538459
Q128051162	6000000026013875981
Q128051163	6000000026025695513
Q128051165	6000000026026160467
Q128051167	6000000026028601705
Q128051169	6000000026029736156
Q128051170	6000000026029857012
Q128051172	6000000026032359087
Q128051174	6000000026036842082
Q128051176	6000000026037289187
Q128051178	6000000026037460372
Q128051180	6000000026037877130
Q128051181	6000000026038614448
Q128051182	6000000026039039980
Q128051184	6000000026039651706
Q128051186	6000000026039731264
Q128051187	6000000026039812262
Q128051189	6000000026040372108
Q128051191	6000000026040517121
Q128051193	6000000026040596841
Q128051194	6000000026040745961
Q128051196	6000000026049190533
Q128051198	6000000026050786644
Q128051199	6000000026051288690
Q128051201	6000000026051919386
Q128051203	6000000026055871812
Q128051204	6000000026055906213
Q128051205	6000000026056192757
Q128051207	6000000026056235685
Q128051209	6000000026056248555
Q128051210	6000000026056353696
Q128051212	6000000026056399987
Q128051214	6000000026056420221
Q128051216	6000000026056589310
Q128051217	6000000026062563446
Q128051219	6000000026062585774
Q128051221	6000000026062606978
Q128051223	6000000026062734207
Q128051225	6000000026062747598
Q128051226	6000000026062761806
Q128051227	6000000026062945751
Q128051229	6000000026062953693
Q128051231	6000000026063366389
Q128051232	6000000026063436690
Q128051235	6000000026065814077
Q128051237	6000000026067030857
Q128051239	6000000026067287871
Q128051242	6000000026067358917
Q128051244	6000000026076839862
Q128051245	6000000026077296423
Q128051247	6000000026077489511
Q128051249	6000000026077765897
Q128051250	6000000026081970738
Q128051252	6000000026090628666
Q128051254	6000000026095061688
Q128051255	6000000026102240962
Q128051256	6000000026104630177
Q128051258	6000000026104905543
Q128051259	6000000026105803048
Q128051261	6000000026109870025
Q128051263	6000000026116993933
Q128051265	6000000026117791421
Q128051267	6000000026119866696
Q128051268	6000000026119883143
Q128051270	6000000026134555807
Q128051272	6000000026135637966
Q128051273	6000000026135793028
Q128051275	6000000026135802147
Q128051277	6000000026149297988
Q128051278	6000000026149491131
Q128051279	6000000026161916903
Q128051281	6000000026163980044
Q128051283	6000000026174660265
Q128051286	6000000026174684777
Q128051288	6000000026174954664
Q128051289	6000000026177697861
Q128051291	6000000026187067466
Q128051292	6000000026189450309
Q128051295	6000000026189571103
Q128051297	6000000026190266156
Q128051298	6000000026190727953
Q128051299	6000000026212958336
Q128051300	6000000026213648232
Q128051302	6000000026213843961
Q128051304	6000000026216564707
Q128051305	6000000026226582024
Q128051307	6000000026245540155
Q128051310	6000000026245577275
Q128051312	6000000026274064629
Q128051314	6000000026281535629
Q128051316	6000000026298361685
Q128051318	6000000026298397464
Q128051319	6000000026298623660
Q128051321	6000000026298792941
Q128051322	6000000026299253950
Q128051323	6000000026299311907
Q128051325	6000000026299377020
Q128051334	6000000026299461249
Q128051336	6000000026299859263
Q128051337	6000000026309693473
Q128051338	6000000026309860920
Q128051339	6000000026311084391
Q128051341	6000000026311483594
Q128051343	6000000026311552663
Q128051344	6000000026322812153
Q128051346	6000000026323030876
Q128051348	6000000026323900573
Q128051351	6000000026325050571
Q128051353	6000000026325703897
Q128051355	6000000026325864098
Q128051356	6000000026325866936
Q128051358	6000000026325955868
Q128051359	6000000026353585776
Q128051361	6000000026354740844
Q128051362	6000000026366100187
Q128051364	6000000026366156089
Q128051366	6000000026366963173
Q128051367	6000000026367224684
Q128051369	6000000026367594893
Q128051371	6000000026380833775
Q128051372	6000000026380929351
Q128051374	6000000026381310474
Q128051376	6000000026381543998
Q128051377	6000000026392020726
Q128051379	6000000026392057024
Q128051381	6000000026392116411
Q128051383	6000000026396842351
Q128051385	6000000026406404108
Q128051387	6000000026408246532
Q128051388	6000000026408919607
Q128051390	6000000026409112246
Q128051392	6000000026409309868
Q128051395	6000000026411485647
Q128051396	6000000026422976837
Q128051398	6000000026423691140
Q128051400	6000000026423819872
Q128051402	6000000026423857186
Q128051403	6000000026435841212
Q128051405	6000000026435915105
Q128051406	6000000026437429362
Q128051407	6000000026438066023
Q128051409	6000000026448428232
Q128051410	6000000026451479560
Q128051412	6000000026461044928
Q128051414	6000000026461145007
Q128051415	6000000026463983807
Q128051417	6000000026464563133
Q128051418	6000000026464701060
Q128051420	6000000026465737997
Q128051422	6000000026480138066
Q128051423	6000000026480680978
Q128051425	6000000026480716912
Q128051427	6000000026505820521
Q128051429	6000000026506688704
Q128051430	6000000026507224192
Q128051431	6000000026507638279
Q128051433	6000000026521955950
Q128051434	6000000026532326338
Q128051436	6000000026546616910
Q128051438	6000000026546638921
Q128051439	6000000026546661846
Q128051441	6000000026548105395
Q128051443	6000000026548893125
Q128051444	6000000026551720703
Q128051446	6000000026551964223
Q128051448	6000000026552236524
Q128051449	6000000026552403853
Q128051463	6000000026561704934
Q128051464	6000000026575860751
Q128051471	6000000026576400193
Q128051473	6000000026576553487
Q128051475	6000000026587591661
Q128051477	6000000026588560183
Q128051479	6000000026594381153
Q128051480	6000000026602106043
Q128051481	6000000026619695048
Q128051483	6000000026622248454
Q128051487	6000000026629011196
Q128051492	6000000026695104249
Q128051493	6000000026698043007
Q128051495	6000000026727414880
Q128051497	6000000026729594279
Q128051499	6000000026745565255
Q128051501	6000000026756426441
Q128051502	6000000026759132311
Q128051503	6000000026779233684
Q128051505	6000000026783605218
Q128051507	6000000026826497919
Q128051509	6000000026853422429
Q128051511	6000000026853788039
Q128051512	6000000026909782152
Q128051513	6000000026931960900
Q128051515	6000000026944644809
Q128051516	6000000026944687553
Q128051518	6000000026944727075
Q128051520	6000000026944754785
Q128051522	6000000026949925841
Q128051524	6000000026958761073
Q128051525	6000000026971082769
Q128051526	6000000026974113398
Q128051528	6000000027004402550
Q128051530	6000000027039810742
Q128051532	6000000027107546918
Q128051533	6000000027107931981
Q128051535	6000000027110003620
Q128051537	6000000027110291431
Q128051539	6000000027110395272
Q128051541	6000000027110450983
Q128051543	6000000027110503257
Q128051545	6000000027126054655
Q128051549	6000000027151758007
Q128051550	6000000027151946897
Q128051551	6000000027154430993
Q128051553	6000000027156989619
Q128051555	6000000027157631276
Q128051557	6000000027168490415
Q128051558	6000000027169740159
Q128051560	6000000027198716703
Q128051561	6000000027199107648
Q128051563	6000000027215008067
Q128051565	6000000027231436468
Q128051567	6000000027235580707
Q128051569	6000000027240607690
Q128051571	6000000027241964277
Q128051573	6000000027302156294
Q128051574	6000000027327606376
Q128051576	6000000027327757392
Q128051578	6000000027347751584
Q128051579	6000000027348209505
Q128051581	6000000027360465212
Q128051583	6000000027398453172
Q128051584	6000000027427410584
Q128051586	6000000027428223792
Q128051587	6000000027430764908
Q128051589	6000000027432579182
Q128051595	6000000027434264971
Q128051601	6000000027434819385
Q128051603	6000000027486103652
Q128051609	6000000027487059058
Q128051611	6000000027487168862
Q128051612	6000000027520770618
Q128051622	6000000027593952038
Q128051623	6000000027594011871
Q128051625	6000000027629038276
Q128051626	6000000027635474437
Q128051628	6000000027682230887
Q128051629	6000000027723135000
Q128051631	6000000027794980374
Q128051633	6000000027806284049
Q128051634	6000000027833165830
Q128051636	6000000027913979049
Q128051638	6000000027937424742
Q128051639	6000000027971696662
Q128051643	6000000028092105240
Q128051645	6000000028110375965
Q128051646	6000000028143141547
Q128051648	6000000028166218132
Q128051649	6000000028170895086
Q128051651	6000000028191201769
Q128051652	6000000028193057337
Q128051654	6000000028222258160
Q128051656	6000000028222274343
Q128051657	6000000028224413873
Q128051659	6000000028229488168
Q128051661	6000000028241611696
Q128051663	6000000028241899607
Q128051664	6000000028242392439
Q128051666	6000000028242424016
Q128051667	6000000028246764629
Q128051669	6000000028260785539
Q128051670	6000000028261269591
Q128051672	6000000028263137251
Q128051674	6000000028277324877
Q128051675	6000000028277495925
Q128051678	6000000028278020714
Q128051679	6000000028278103818
Q128051681	6000000028278109243
Q128051683	6000000028278259061
Q128051685	6000000028278281353
Q128051687	6000000028278316809
Q128051688	6000000028278598845
Q128051690	6000000028278651339
Q128051692	6000000028279271561
Q128051694	6000000028279501426
Q128051695	6000000028279618946
Q128051697	6000000028279655044
Q128051699	6000000028295799280
Q128051700	6000000028298498206
Q128051701	6000000028298627925
Q128051704	6000000028316374679
Q128051706	6000000028375142486
Q128051707	6000000028375490073
Q128051709	6000000028375875115
Q128051711	6000000028392338245
Q128051713	6000000028394302521
Q128051716	6000000028394344388
Q128051722	6000000028410321338
Q128051724	6000000028411479818
Q128051726	6000000028411600534
Q128051728	6000000028413995850
Q128051739	6000000028429757706
Q128051764	6000000028434170194
Q128051766	6000000028452248775
Q128051768	6000000028476092374
Q128051771	6000000028476491066
Q128051780	6000000028476865884
Q128051783	6000000028477085965
Q128051784	6000000028479673118
Q128051787	6000000028481145088
Q128051788	6000000028485833855
Q128051790	6000000028489316217
Q128051792	6000000028496215569
Q128051795	6000000028503301898
Q128051796	6000000028503325113
Q128051799	6000000028512930517
Q128051800	6000000028517166086
Q128051803	6000000028593473202
Q128051806	6000000028597419094
Q128051807	6000000028603006979
Q128051810	6000000028617910930
Q128051812	6000000028624421638
Q128051814	6000000028624815073
Q128051817	6000000028625130603
Q128051818	6000000028631512993
Q128051819	6000000028758234093
Q128051821	6000000028772330847
Q128051823	6000000028786832904
Q128051824	6000000028789831885
Q128051826	6000000028790215084
Q128051827	6000000028790285320
Q128051829	6000000028811913931
Q128051830	6000000028812241836
Q128051832	6000000028834252785
Q128051833	6000000028837516039
Q128051835	6000000028843950999
Q128051837	6000000028852041836
Q128051839	6000000028936315093
Q128051841	6000000028936504060
Q128051842	6000000028975214964
Q128051844	6000000028975911935
Q128051846	6000000028976228229
Q128051849	6000000028976924106
Q128051851	6000000028977615876
Q128051853	6000000028981895770
Q128051855	6000000028991771094
Q128051858	6000000029013652812
Q128051860	6000000029015030577
Q128051861	6000000029015044849
Q128051863	6000000029015078180
Q128051865	6000000029030747191
Q128051866	6000000029031301511
Q128051868	6000000029051699722
Q128051869	6000000029055892467
Q128051871	6000000029056201120
Q128051873	6000000029058822153
Q128051875	6000000029085818224
Q128051876	6000000029085997092
Q128051878	6000000029099460981
Q128051880	6000000029118583442
Q128051882	6000000029123375702
Q128051883	6000000029134061989
Q128051884	6000000029134638825
Q128051886	6000000029135961730
Q128051888	6000000029136223966
Q128051889	6000000029137231352
Q128051890	6000000029137533591
Q128051892	6000000029137690470
Q128051894	6000000029141228305
Q128051895	6000000029141434914
Q128051901	6000000029156519959
Q128051903	6000000029175765879
Q128051909	6000000029178119124
Q128051911	6000000029182055542
Q128051913	6000000029204691916
Q128051915	6000000029209544207
Q128051918	6000000029221635141
Q128051919	6000000029225545178
Q128051921	6000000029242805116
Q128051922	6000000029263648722
Q128051924	6000000029264755604
Q128051926	6000000029265500728
Q128051932	6000000029285725658
Q128051934	6000000029286171642
Q128051935	6000000029286246774
Q128051937	6000000029286333315
Q128051939	6000000029286479788
Q128051940	6000000029286697211
Q128051942	6000000029286708678
Q128051943	6000000029291393873
Q128051945	6000000029303441915
Q128051947	6000000029331299662
Q128051948	6000000029342136370
Q128051950	6000000029343629878
Q128051952	6000000029344508570
Q128051953	6000000029344583485
Q128051955	6000000029344884937
Q128051956	6000000029344902092
Q128051958	6000000029345597466
Q128051959	6000000029345742532
Q128051961	6000000029346640019
Q128051962	6000000029411061421
Q128051964	6000000029433214809
Q128051966	6000000029439723977
Q128051968	6000000029446954339
Q128051969	6000000029448147420
Q128051971	6000000029448419179
Q128051973	6000000029474859518
Q128051975	6000000029480174886
Q128051976	6000000029488686687
Q128051978	6000000029531843379
Q128051979	6000000029532630859
Q128051981	6000000029532673129
Q128051982	6000000029532848790
Q128051984	6000000029562103210
Q128051986	6000000029572355544
Q128051987	6000000029573013244
Q128051989	6000000029573864391
Q128051991	6000000029574347149
Q128051992	6000000029574506801
Q128051994	6000000029574878082
Q128051996	6000000029576350235
Q128051997	6000000029576413350
Q128051999	6000000029578164889
Q128052000	6000000029578385032
Q128052002	6000000029619356056
Q128052005	6000000029674930878
Q128052007	6000000029675667049
Q128052009	6000000029675713606
Q128052010	6000000029694347669
Q128052012	6000000029694643526
Q128052014	6000000029697772213
Q128052016	6000000029698664318
Q128052017	6000000029700480646
Q128052019	6000000029704903414
Q128052022	6000000029705359626
Q128052023	6000000029716407123
Q128052025	6000000029748593384
Q128052026	6000000029757230987
Q128052028	6000000029760961584
Q128052029	6000000029762333296
Q128052031	6000000029778417676
Q128052038	6000000029801833922
Q128052039	6000000029824570897
Q128052041	6000000029839436178
Q128052045	6000000029839461102
Q128052047	6000000029839605867
Q128052050	6000000029840104739
Q128052052	6000000029840161484
Q128052053	6000000029840517701
Q128052059	6000000029840591504
Q128052061	6000000029840768387
Q128052062	6000000029851636283
Q128052068	6000000029851767979
Q128052070	6000000029854389417
Q128052072	6000000029855320897
Q128052073	6000000029858883392
Q128052075	6000000029884540596
Q128052076	6000000029900996482
Q128052078	6000000029902937367
Q128052080	6000000029917646030
Q128052081	6000000029919416161
Q128052083	6000000029963110997
Q128052084	6000000029981816353
Q128052086	6000000029986248232
Q128052088	6000000030023495756
Q128052090	6000000030023958884
Q128052091	6000000030044567949
Q128052092	6000000030066448933
Q128052094	6000000030089409181
Q128052096	6000000030125516537
Q128052097	6000000030165200114
Q128052099	6000000030166412989
Q128052100	6000000030167011926
Q128052103	6000000030190129967
Q128052105	6000000030194697140
Q128052106	6000000030203799811
Q128052108	6000000030243709228
Q12805211	6000000030223894291
Q128052110	6000000030266668131
Q128052113	6000000030289408069
Q128052116	6000000030331789924
Q128052118	6000000030332112135
Q128052119	6000000030344224989
Q128052121	6000000030429282912
Q128052123	6000000030429466407
Q128052125	6000000030473958987
Q128052127	6000000030476518852
Q128052129	6000000030480014977
Q128052131	6000000030534995113
Q128052133	6000000030535005267
Q128052134	6000000030536005218
Q128052136	6000000030593031290
Q128052137	6000000030598359198
Q128052139	6000000030598847487
Q12805214	6000000177973590845
Q128052141	6000000030599630184
Q128052142	6000000030600246747
Q128052144	6000000030600615076
Q128052146	6000000030619658706
Q128052147	6000000030622245283
Q128052149	6000000030623149253
Q128052150	6000000030623182347
Q128052152	6000000030623513162
Q128052154	6000000030634502341
Q128052157	6000000030642341769
Q128052159	6000000030643529093
Q128052162	6000000030710305736
Q128052169	6000000030711172912
Q12805217	6000000166243191822
Q128052171	6000000030713083271
Q128052177	6000000030733352402
Q128052179	6000000030746615062
Q128052180	6000000030768193667
Q128052182	6000000030768318552
Q128052188	6000000030768357591
Q128052189	6000000030786577103
Q128052196	6000000030786641141
Q128052197	6000000030786665023
Q12805220	6000000174373762879
Q128052200	6000000030787084894
Q128052202	6000000030787206978
Q128052203	6000000030793833380
Q128052205	6000000030817041849
Q128052207	6000000030820574193
Q128052209	6000000030823017996
Q128052210	6000000030823355085
Q128052212	6000000030829412165
Q128052213	6000000030829644529
Q128052215	6000000030831996446
Q128052217	6000000030844140024
Q128052219	6000000030920739531
Q128052220	6000000030937661393
Q128052222	6000000030937720345
Q128052223	6000000030937986694
Q128052225	6000000030938197926
Q128052227	6000000030938297310
Q128052228	6000000030938330947
Q128052230	6000000030957701832
Q128052232	6000000030967486928
Q128052234	6000000030984026278
Q128052235	6000000030993376607
Q128052237	6000000030994241910
Q128052238	6000000031004723847
Q128052240	6000000031010319558
Q128052242	6000000031022036873
Q128052243	6000000031026717914
Q128052245	6000000031036130721
Q128052247	6000000031037841893
Q128052248	6000000031042712477
Q128052250	6000000031044150048
Q128052251	6000000031046554821
Q128052253	6000000031046972133
Q128052255	6000000031051117492
Q128052257	6000000031068444668
Q128052258	6000000031068491532
Q128052260	6000000031068973085
Q128052261	6000000031069061272
Q128052263	6000000031071218698
Q128052265	6000000031071390600
Q128052266	6000000031084748175
Q128052268	6000000031089331912
Q128052269	6000000031093945776
Q128052271	6000000031094239202
Q128052274	6000000031103364671
Q128052276	6000000031103724434
Q128052278	6000000031103970018
Q128052279	6000000031123833821
Q128052281	6000000031136885815
Q128052283	6000000031153141127
Q128052284	6000000031156832254
Q128052286	6000000031172071786
Q128052288	6000000031172566159
Q128052289	6000000031189086308
Q128052291	6000000031201682902
Q128052297	6000000031205415277
Q128052299	6000000031216493092
Q128052306	6000000031222357948
Q128052308	6000000031251919640
Q12805301	6000000041598356844
Q1280533	6000000003513703479
Q12805557	6000000177656281821
Q12805565	6000000173417718896
Q12805568	6000000003238400994
Q12805572	6000000072316718184
Q12805641	6000000077289189214
Q12805644	6000000009284804808
Q12805647	6000000002054344107
Q12805674	6000000003973548308
Q12805678	6000000032118668317
Q12805683	6000000002997310308
Q12805685	6000000080462241047
Q12805694	6000000031080817515
Q12805697	6000000091013826997
Q12805726	6000000124278633070
Q12805736	6000000030893176929
Q12805737	6000000072317023929
Q12805739	6000000178347169918
Q12805740	6000000011831757594
Q12805771	6000000174308333229
Q12805777	6000000078514877945
Q12805898	6000000134789432849
Q12805904	6000000135612921915
Q12805911	6000000174792601018
Q12805916	6000000094606778246
Q12805920	6000000176117185876
Q12805922	6000000036425084234
Q12805929	6000000041732440413
Q12805930	6000000002408727257
Q12805932	6000000009200666534
Q12805968	6000000112219975938
Q12805995	6000000066372932846
Q1280606	6000000143309530828
Q12806087	6000000052287044918
Q12806213	6000000041792065456
Q12806236	6000000007130076306
Q12806239	6000000000367370541
Q12806266	6000000010883308250
Q12806303	6000000065539605897
Q12806363	6000000009607702336
Q12806579	6000000149004065827
Q128066288	6000000003666416400
Q128066290	6000000003696743888
Q128066293	6000000003719820387
Q128066295	6000000003726749055
Q128066297	6000000003744992152
Q128066298	6000000003756045006
Q128066301	6000000003845771955
Q128066304	6000000016224210781
Q128066306	6000000016238592820
Q128066307	6000000016255640883
Q128066309	6000000016270329137
Q128066311	6000000017763343482
Q128066312	6000000018078464069
Q128066314	6000000018078800853
Q128066315	6000000018079066607
Q128066317	6000000018083569122
Q128066319	6000000018084555446
Q128066320	6000000019772419037
Q128066322	6000000019811091151
Q128066325	6000000022702049203
Q128066327	6000000022702171922
Q128066328	6000000022702182878
Q128066330	6000000022735379624
Q128066332	6000000022737272955
Q128066333	6000000023067020897
Q128066335	6000000023079472821
Q128066336	6000000023130685921
Q128066338	6000000023909170301
Q128066340	6000000025455665366
Q128066341	6000000025457382393
Q128066343	6000000025496968339
Q128066345	6000000025513375395
Q128066346	6000000025523324183
Q128066348	6000000025793473991
Q128066349	6000000025793700538
Q128066351	6000000025793751175
Q128066353	6000000025793895559
Q128066354	6000000025793897656
Q128066356	6000000025793927468
Q128066357	6000000025793957453
Q128066359	6000000025794018003
Q128066360	6000000026245817129
Q128066362	6000000026273855720
Q128066364	6000000026274571838
Q128066365	6000000026297948150
Q1280671	6000000054869579981
Q12806721	6000000003341319138
Q128067220	6000000031252142493
Q128067221	6000000031252441954
Q128067223	6000000031260480858
Q128067225	6000000031262693713
Q128067226	6000000031263356429
Q128067228	6000000031265295900
Q128067230	6000000031269086907
Q128067231	6000000031272819593
Q128067233	6000000031273150251
Q128067234	6000000031273279386
Q128067238	6000000031297944704
Q128067239	6000000031306492247
Q128067241	6000000031306950976
Q128067243	6000000031306980004
Q128067244	6000000031307234823
Q128067246	6000000031307833315
Q128067248	6000000031325185852
Q128067249	6000000031336114036
Q128067251	6000000031409104691
Q128067253	6000000031409327738
Q128067255	6000000031409582073
Q128067257	6000000031444196647
Q128067260	6000000031478641461
Q128067262	6000000031487210453
Q128067264	6000000031512012270
Q128067266	6000000031622824015
Q128067267	6000000031707325339
Q128067269	6000000031707655887
Q128067271	6000000031720553805
Q128067272	6000000031721458930
Q128067274	6000000031847335152
Q128067284	6000000031850912215
Q128067286	6000000031851081292
Q128067287	6000000031853989954
Q128067289	6000000031861633927
Q128067291	6000000031871287663
Q128067293	6000000031877398177
Q128067295	6000000031898769797
Q128067296	6000000031899210127
Q128067297	6000000031983631934
Q128067299	6000000032053936611
Q128067300	6000000032055879874
Q128067302	6000000032056113621
Q128067304	6000000032064731764
Q128067305	6000000032066758817
Q128067307	6000000032066903656
Q128067309	6000000032080103569
Q128067310	6000000032102596661
Q128067312	6000000032124093504
Q128067314	6000000032124618788
Q128067316	6000000032136344638
Q128067318	6000000032147812565
Q128067319	6000000032162369703
Q128067320	6000000032166122853
Q128067322	6000000032168699414
Q128067324	6000000032173856885
Q128067326	6000000032174052087
Q128067328	6000000032227285906
Q128067329	6000000032257770121
Q128067331	6000000032263925184
Q128067332	6000000032320490155
Q128067334	6000000032322565929
Q128067336	6000000032339332332
Q128067338	6000000032367689271
Q128067339	6000000032403367537
Q128067341	6000000032482622159
Q128067342	6000000032483396891
Q128067345	6000000032490200174
Q128067346	6000000032490361884
Q128067348	6000000032503507791
Q128067350	6000000032504530819
Q128067351	6000000032505240855
Q128067353	6000000032505368067
Q128067355	6000000032505751369
Q128067356	6000000032505954622
Q128067358	6000000032506100167
Q128067359	6000000032506153984
Q128067361	6000000032506224488
Q128067363	6000000032506273241
Q128067364	6000000032512038547
Q128067366	6000000032530991267
Q128067367	6000000032531417879
Q128067369	6000000032542851292
Q128067372	6000000032543725030
Q128067374	6000000032543767126
Q128067376	6000000032544285117
Q128067377	6000000032549374951
Q128067379	6000000032550014257
Q128067380	6000000032550219270
Q128067382	6000000032589032220
Q128067384	6000000032620191552
Q128067386	6000000032629913990
Q128067387	6000000032661281197
Q128067389	6000000032665122904
Q128067390	6000000032688501960
Q128067391	6000000032693335697
Q128067393	6000000032693350583
Q128067395	6000000032693825893
Q128067397	6000000032709495539
Q128067399	6000000032723228479
Q128067400	6000000032751823821
Q128067402	6000000032767433762
Q128067403	6000000032793522835
Q128067405	6000000032818759135
Q128067406	6000000032838257887
Q128067408	6000000032841505255
Q128067410	6000000032842553491
Q128067412	6000000032876161547
Q128067413	6000000032897672387
Q128067416	6000000032949886671
Q128067417	6000000032991132558
Q128067419	6000000033002779570
Q128067421	6000000033027775990
Q128067423	6000000033068137961
Q128067424	6000000033075073469
Q128067426	6000000033076155623
Q128067429	6000000033096437254
Q128067430	6000000033116102123
Q128067435	6000000033357382924
Q128067437	6000000033381822011
Q128067438	6000000033397881626
Q128067440	6000000033501714821
Q128067442	6000000033543548814
Q128067444	6000000033549012974
Q128067445	6000000033657144596
Q128067447	6000000033711994552
Q128067449	6000000033713625414
Q128067450	6000000033765779311
Q128067452	6000000033786179819
Q128067454	6000000033786786308
Q128067455	6000000033786982983
Q128067456	6000000033797411058
Q128067458	6000000033797607885
Q128067459	6000000033835762209
Q128067461	6000000033864141576
Q128067464	6000000033878803062
Q128067466	6000000033945792146
Q128067467	6000000033978885218
Q128067469	6000000033979023058
Q128067471	6000000033979222939
Q128067472	6000000033982430277
Q128067474	6000000033982551656
Q128067476	6000000033982729950
Q128067477	6000000033982971832
Q128067478	6000000033983175035
Q128067480	6000000033983660065
Q128067482	6000000033993157990
Q128067483	6000000034003648847
Q128067485	6000000034023095709
Q128067487	6000000034044832174
Q128067489	6000000034048314859
Q128067490	6000000034052493118
Q128067493	6000000034069549879
Q128067495	6000000034107182384
Q128067496	6000000034126015477
Q128067498	6000000034226454072
Q128067500	6000000034243449008
Q128067501	6000000034250194718
Q128067502	6000000034343263989
Q128067504	6000000034352683419
Q128067505	6000000034364010009
Q128067508	6000000034364589034
Q128067510	6000000034368243177
Q128067512	6000000034369265023
Q128067514	6000000034369838126
Q128067515	6000000034370762859
Q128067517	6000000034375556370
Q128067518	6000000034387136640
Q128067520	6000000034432700974
Q128067522	6000000034434890993
Q128067524	6000000034435417600
Q128067525	6000000034435677296
Q128067526	6000000034442901821
Q128067528	6000000034443090880
Q128067529	6000000034452058928
Q128067531	6000000034455283361
Q128067532	6000000034471699409
Q128067534	6000000034472540850
Q128067537	6000000034472842434
Q128067539	6000000034493169141
Q128067540	6000000034493783672
Q128067542	6000000034499293049
Q128067543	6000000034514553482
Q128067545	6000000034516194492
Q128067547	6000000034556363936
Q128067549	6000000034571559691
Q128067550	6000000034571623658
Q128067558	6000000034648736579
Q128067560	6000000034649072145
Q128067561	6000000034649111174
Q128067563	6000000034689810167
Q128067565	6000000034722509702
Q128067566	6000000034728039305
Q128067567	6000000034728536200
Q128067569	6000000034733154382
Q128067570	6000000034810105063
Q128067572	6000000034839397059
Q128067574	6000000034843863849
Q128067576	6000000034844684479
Q128067577	6000000034844870233
Q128067579	6000000034845147163
Q128067580	6000000034865576477
Q128067582	6000000034867140678
Q128067586	6000000034868133954
Q128067588	6000000034868261604
Q128067589	6000000034884911363
Q128067589	6000000108712594891
Q128067590	6000000034885648894
Q128067592	6000000034891039505
Q128067593	6000000034893589825
Q128067595	6000000034895014286
Q128067597	6000000034896792892
Q128067598	6000000034913580869
Q128067600	6000000034915301584
Q128067602	6000000034915965494
Q128067603	6000000034951077074
Q128067605	6000000034956579358
Q128067607	6000000034975290819
Q128067608	6000000034976962774
Q128067610	6000000034977408437
Q128067612	6000000034977629943
Q128067614	6000000034980982346
Q128067615	6000000034983239425
Q128067617	6000000035025152095
Q128067618	6000000035026936689
Q128067620	6000000035027242878
Q128067622	6000000035027716874
Q128067624	6000000035029380929
Q128067625	6000000035042571338
Q128067627	6000000035044410120
Q128067629	6000000035044951010
Q128067630	6000000035045076086
Q128067632	6000000035047650037
Q128067634	6000000035056886649
Q128067636	6000000035057520264
Q128067637	6000000035058975709
Q128067638	6000000035060519836
Q128067640	6000000035064437401
Q128067641	6000000035064849156
Q128067643	6000000035065746491
Q128067645	6000000035067561366
Q128067647	6000000035067769943
Q128067648	6000000035068107909
Q128067650	6000000035068270439
Q128067651	6000000035068432897
Q128067653	6000000035068602061
Q128067655	6000000035068625894
Q128067657	6000000035068694981
Q128067659	6000000035068913192
Q128067660	6000000035077842248
Q128067661	6000000035078076768
Q128067663	6000000035078526828
Q128067665	6000000035078751977
Q128067666	6000000035088667185
Q128067668	6000000035089735523
Q128067670	6000000035090001451
Q128067672	6000000035090097218
Q128067673	6000000035090347358
Q128067675	6000000035090361323
Q128067677	6000000035090413974
Q128067678	6000000035090622098
Q128067680	6000000035090662030
Q128067681	6000000035091522108
Q128067683	6000000035108571949
Q128067684	6000000035109445274
Q128067686	6000000035129742339
Q128067687	6000000035130309043
Q128067689	6000000035133817142
Q128067691	6000000035134606853
Q128067693	6000000035142134660
Q128067694	6000000035153517480
Q128067696	6000000035175607376
Q128067697	6000000035183690868
Q128067699	6000000035190532046
Q12806770	6000000017622767974
Q128067701	6000000035238961881
Q128067702	6000000035259288865
Q128067704	6000000035274350534
Q128067709	6000000035524754614
Q128067717	6000000035582882250
Q128067718	6000000035771204000
Q12806772	6000000046102560837
Q128067720	6000000035919763942
Q128067722	6000000035928178702
Q128067724	6000000035936898018
Q128067725	6000000035943665042
Q128067727	6000000035990223698
Q128067729	6000000035992129817
Q128067730	6000000035993256090
Q128067732	6000000035993648030
Q128067733	6000000036004479835
Q128067735	6000000036039789799
Q128067737	6000000036057384821
Q128067739	6000000036154311985
Q12806774	6000000175094731733
Q128067740	6000000036168508672
Q128067742	6000000036246206282
Q128067743	6000000036246504951
Q128067745	6000000036257903638
Q128067747	6000000036259612700
Q128067748	6000000036260952051
Q128067750	6000000036318339965
Q128067753	6000000036359389510
Q128067755	6000000036484462868
Q128067757	6000000036486866307
Q128067758	6000000036487033366
Q128067760	6000000036487240027
Q128067762	6000000036487304392
Q128067763	6000000036487887821
Q128067765	6000000036488555246
Q128067766	6000000036499639127
Q128067768	6000000036626367418
Q128067770	6000000036626420371
Q128067771	6000000036674175008
Q128067773	6000000036711566239
Q128067775	6000000036711923100
Q128067777	6000000036719892109
Q128067778	6000000036720002106
Q128067780	6000000036722696204
Q128067782	6000000036722780873
Q128067784	6000000036722787067
Q128067786	6000000036743744697
Q128067787	6000000036818976225
Q128067789	6000000036836573161
Q128067790	6000000036884557093
Q128067792	6000000036884779224
Q128067794	6000000036900566146
Q128067795	6000000036904551070
Q128067797	6000000036919374563
Q128067799	6000000036950070416
Q1280678	6000000004659837114
Q128067800	6000000036966707063
Q128067802	6000000037030704887
Q128067804	6000000037034707086
Q128067805	6000000037035402622
Q128067807	6000000037035407453
Q128067809	6000000037047462894
Q128067810	6000000037076164382
Q128067811	6000000037136086877
Q128067813	6000000037186990331
Q128067815	6000000037193431905
Q128067816	6000000037258756263
Q128067818	6000000037259204526
Q12806782	6000000047887802763
Q128067820	6000000037259444041
Q128067821	6000000037261420851
Q128067823	6000000037288052412
Q128067824	6000000037354708427
Q128067826	6000000037355443108
Q128067828	6000000037381483951
Q128067829	6000000037381508046
Q128067831	6000000037382352136
Q128067833	6000000037406494719
Q128067834	6000000037421127713
Q128067836	6000000037425537359
Q128067837	6000000037425849049
Q128067839	6000000037425896023
Q128067842	6000000037429166320
Q128067844	6000000037446786317
Q128067845	6000000037453051435
Q128067847	6000000037453652080
Q128067849	6000000037456026275
Q128067851	6000000037468804124
Q128067853	6000000037472308941
Q128067854	6000000037480225302
Q128067856	6000000037485965908
Q128067857	6000000037494403900
Q128067859	6000000037514932623
Q128067860	6000000037516205354
Q128067861	6000000037516366021
Q128067863	6000000037517641981
Q128067869	6000000037687270920
Q128067871	6000000037719172769
Q128067873	6000000037729672888
Q128067874	6000000037733355909
Q128067876	6000000037782812226
Q128067878	6000000037785326887
Q128067879	6000000037812610672
Q128067881	6000000037813559418
Q128067882	6000000037815721293
Q128067884	6000000037885824499
Q128067886	6000000037888972696
Q128067887	6000000037889443982
Q128067891	6000000037909224133
Q128067893	6000000037916767836
Q128067894	6000000037917133096
Q128067896	6000000037937537815
Q128067898	6000000038008194752
Q128067899	6000000038032218508
Q128067901	6000000038034118904
Q128067904	6000000038048233974
Q128067906	6000000038093088363
Q128067907	6000000038093263267
Q128067909	6000000038094563048
Q128067911	6000000038101890197
Q128067913	6000000038102439934
Q128067915	6000000038124118894
Q128067917	6000000038124123847
Q128067919	6000000038124945717
Q128067920	6000000038125487524
Q128067922	6000000038127191045
Q128067923	6000000038127571222
Q128067925	6000000038142433060
Q128067926	6000000038143138483
Q128067928	6000000038143215367
Q128067930	6000000038148575114
Q128067932	6000000038156620169
Q128067933	6000000038162926245
Q128067935	6000000038171069067
Q128067937	6000000038172246424
Q128067938	6000000038193133190
Q128067940	6000000038195871857
Q128067942	6000000038202870284
Q128067943	6000000038203305947
Q128067945	6000000038220405613
Q128067946	6000000038231323147
Q128067948	6000000038233763856
Q128067949	6000000038267425311
Q128067951	6000000038268801314
Q128067953	6000000038276510364
Q128067954	6000000038289292042
Q128067956	6000000038293655004
Q128067958	6000000038302973139
Q128067961	6000000038318640727
Q128067963	6000000038318865647
Q128067965	6000000038319314666
Q128067966	6000000038340454282
Q128067968	6000000038340787850
Q128067969	6000000038361370171
Q128067971	6000000038361432155
Q128067972	6000000038364280136
Q128067974	6000000038369039421
Q128067975	6000000038370189434
Q128067977	6000000038384406438
Q128067979	6000000038393344142
Q128067980	6000000038408331251
Q128067982	6000000038409026696
Q128067984	6000000038424419062
Q128067986	6000000038424820438
Q128067989	6000000038455211123
Q128067991	6000000038458442249
Q128067992	6000000038472766477
Q128067993	6000000038472974362
Q128067995	6000000038473313777
Q128067996	6000000038474878894
Q128067998	6000000038487512482
Q128068000	6000000038495977846
Q128068002	6000000038497524268
Q128068004	6000000038505005033
Q128068005	6000000038514581418
Q128068007	6000000038518071916
Q128068009	6000000038537903201
Q128068010	6000000038547705065
Q128068012	6000000038576769988
Q128068013	6000000038581168047
Q128068015	6000000038582127828
Q128068016	6000000038595088845
Q128068020	6000000038879378110
Q128068022	6000000038888835666
Q128068024	6000000038892022228
Q128068025	6000000038892075316
Q128068027	6000000038913816227
Q128068029	6000000038914492185
Q128068031	6000000038916064301
Q128068033	6000000038916290267
Q128068034	6000000038918274916
Q128068036	6000000038939667961
Q128068037	6000000038940580643
Q128068039	6000000038940592935
Q128068040	6000000038940722562
Q128068042	6000000038941080826
Q128068044	6000000038942369789
Q128068046	6000000038943438171
Q128068047	6000000038970538582
Q128068049	6000000038971273073
Q128068051	6000000038973526051
Q128068053	6000000038974536111
Q128068054	6000000038975969176
Q128068056	6000000038991576192
Q128068057	6000000038995241368
Q128068058	6000000039040707382
Q128068060	6000000039044954289
Q128068062	6000000039046332821
Q128068063	6000000039072134211
Q128068065	6000000039079906712
Q128068067	6000000039082788014
Q128068069	6000000039101708653
Q128068070	6000000039214450058
Q128068072	6000000039225568725
Q128068074	6000000039226626843
Q128068076	6000000039257910252
Q128068077	6000000039258477504
Q128068079	6000000039276962163
Q128068080	6000000039323274962
Q128068082	6000000039349734064
Q128068083	6000000039350214007
Q128068085	6000000039356029225
Q128068087	6000000039356451027
Q128068089	6000000039359025954
Q128068091	6000000039375583989
Q128068092	6000000039376652250
Q128068094	6000000039377591789
Q128068096	6000000039399407846
Q128068099	6000000039416169260
Q128068100	6000000039416712723
Q128068102	6000000039423628016
Q128068103	6000000039423690910
Q128068105	6000000039433317873
Q128068106	6000000039434749324
Q128068108	6000000039437822910
Q128068109	6000000039441459559
Q128068111	6000000039452191208
Q128068113	6000000039452484474
Q128068115	6000000039453027871
Q128068116	6000000039455387844
Q128068118	6000000039457569310
Q128068120	6000000039457707953
Q128068121	6000000039466267739
Q128068123	6000000039466588867
Q128068125	6000000039474093474
Q128068128	6000000039482969830
Q128068129	6000000039483248501
Q128068130	6000000039569202181
Q128068132	6000000039573269082
Q128068134	6000000039586998863
Q128068136	6000000039644393117
Q128068138	6000000039644750946
Q128068139	6000000039645559973
Q128068141	6000000039647714422
Q128068143	6000000039648699830
Q128068145	6000000039662706001
Q128068146	6000000039668606831
Q128068148	6000000039669085921
Q128068149	6000000039672516141
Q128068151	6000000039703660112
Q128068152	6000000039706028529
Q128068154	6000000039706943197
Q128068156	6000000039707068902
Q128068158	6000000039709028891
Q128068160	6000000039709167381
Q128068161	6000000039709302395
Q128068163	6000000039729006855
Q128068165	6000000039733373453
Q128068166	6000000039733619226
Q128068168	6000000039733731962
Q128068170	6000000039735227675
Q128068171	6000000039756184755
Q128068179	6000000039756678838
Q128068181	6000000039766565791
Q128068183	6000000039767457822
Q128068185	6000000039767469831
Q128068186	6000000039785506947
Q128068189	6000000039791441908
Q128068190	6000000039821020556
Q128068192	6000000039835593890
Q128068193	6000000039912444695
Q128068195	6000000039940764370
Q128068197	6000000039940847942
Q128068199	6000000039981665180
Q128068200	6000000039981923967
Q128068202	6000000039988233867
Q128068203	6000000039992817081
Q128068205	6000000039992966908
Q128068207	6000000039993194983
Q128068208	6000000039993268874
Q128068210	6000000039993270849
Q128068211	6000000040009202229
Q128068213	6000000040026522879
Q128068214	6000000040036485048
Q128068216	6000000040048340682
Q128068218	6000000040150699783
Q128068219	6000000040150959106
Q128068221	6000000040178901421
Q128068223	6000000040178953335
Q128068226	6000000040179502966
Q128068227	6000000040204428329
Q128068229	6000000040224227334
Q128068231	6000000040252899384
Q128068232	6000000040260509947
Q128068234	6000000040260860446
Q128068235	6000000040277962302
Q128068237	6000000040286880469
Q128068239	6000000040318178410
Q128068240	6000000040330947580
Q128068242	6000000040360150257
Q128068244	6000000040387521550
Q128068245	6000000040414983051
Q128068247	6000000040442920965
Q128068248	6000000040456872851
Q128068250	6000000040469101903
Q128068252	6000000040469614739
Q128068253	6000000040500390322
Q128068255	6000000040507737312
Q128068256	6000000040507878213
Q128068258	6000000040516032842
Q128068259	6000000040524729186
Q128068261	6000000040537705843
Q128068263	6000000040539833345
Q128068264	6000000040540010930
Q128068266	6000000040540231148
Q128068268	6000000040562095841
Q128068270	6000000040563254007
Q128068271	6000000040656324427
Q128068273	6000000040701435302
Q128068275	6000000040728054132
Q128068276	6000000040729205883
Q128068278	6000000040798226126
Q128068279	6000000040853355374
Q128068281	6000000040866874163
Q128068282	6000000040875228826
Q128068284	6000000040878107287
Q128068286	6000000040878878333
Q128068287	6000000040886991137
Q128068289	6000000040887108316
Q128068290	6000000040911555218
Q128068292	6000000040911923937
Q128068294	6000000040925623474
Q128068296	6000000040926621788
Q128068297	6000000040933396980
Q128068299	6000000040946831551
Q128068300	6000000040971635027
Q128068302	6000000040980343903
Q128068303	6000000041035847560
Q128068305	6000000041036620228
Q128068306	6000000041042901732
Q128068308	6000000041045946342
Q128068310	6000000041051309592
Q128068311	6000000041095177474
Q128068313	6000000041174969838
Q128068315	6000000041176144514
Q128068316	6000000041180185262
Q128068318	6000000041340088341
Q128068320	6000000041386050852
Q128068321	6000000041424128501
Q128068323	6000000041427146276
Q128068325	6000000041446608548
Q128068326	6000000041446654054
Q128068330	6000000041685054976
Q128068338	6000000041690809831
Q128068340	6000000041716535878
Q128068341	6000000041719585853
Q128068343	6000000041719954469
Q128068345	6000000041719970225
Q128068347	6000000041720066246
Q128068348	6000000041733704247
Q128068350	6000000041737111125
Q128068352	6000000041737217885
Q128068354	6000000041739816329
Q128068355	6000000041834034561
Q128068357	6000000041850250071
Q128068358	6000000041889442803
Q128068360	6000000041890049943
Q128068362	6000000041891195276
Q128068363	6000000041914910695
Q128068365	6000000041951450096
Q128068367	6000000041956774501
Q128068370	6000000041980520381
Q128068371	6000000041989675921
Q128068373	6000000041991803456
Q128068375	6000000041994149623
Q128068377	6000000042030349057
Q128068378	6000000042030664887
Q128068380	6000000042045925103
Q128068382	6000000042056711873
Q128068383	6000000042057880950
Q128068385	6000000042084350390
Q128068386	6000000042086566930
Q128068388	6000000042142610449
Q128068390	6000000042188497229
Q128068391	6000000042209660516
Q128068393	6000000042254004697
Q128068395	6000000042255072763
Q128068396	6000000042260055174
Q128068398	6000000042311653451
Q128068400	6000000042336732037
Q128068402	6000000042351740287
Q128068403	6000000042352105074
Q128068405	6000000042357194930
Q128068407	6000000042359229066
Q128068409	6000000042365230277
Q128068411	6000000042378623478
Q128068412	6000000042379758902
Q128068414	6000000042379986029
Q128068415	6000000042417389114
Q128068417	6000000042419568567
Q128068419	6000000042421246782
Q128068421	6000000042430701211
Q128068423	6000000042437702074
Q128068425	6000000042438111980
Q128068426	6000000042441489986
Q128068428	6000000042445347815
Q128068430	6000000042449787354
Q128068431	6000000042451923374
Q128068433	6000000042451967529
Q128068434	6000000042452257109
Q128068436	6000000042452322379
Q128068437	6000000042452406088
Q128068439	6000000042452476933
Q128068441	6000000042460115453
Q128068442	6000000042460408282
Q128068444	6000000042460965860
Q128068446	6000000042461266087
Q128068448	6000000042466215730
Q128068450	6000000042484996971
Q128068452	6000000042495662949
Q128068453	6000000042511077237
Q128068455	6000000042511998029
Q128068456	6000000042551839825
Q128068458	6000000042569442716
Q128068460	6000000042612015125
Q128068461	6000000042624731172
Q128068463	6000000042650034433
Q128068464	6000000042670922871
Q128068466	6000000042675474712
Q128068468	6000000042681505089
Q128068470	6000000042755845377
Q128068471	6000000042760596997
Q128068474	6000000042813479432
Q128068476	6000000042848322945
Q128068478	6000000042891072210
Q128068479	6000000042919318931
Q128068481	6000000042934145026
Q128068482	6000000042945231312
Q128068484	6000000042947574048
Q128068486	6000000043021220271
Q128068487	6000000043044814684
Q128068491	6000000043352215218
Q128068493	6000000043385910086
Q128068495	6000000043401507812
Q128068497	6000000043405581170
Q128068499	6000000043440517602
Q128068501	6000000043557370048
Q128068503	6000000043558658963
Q128068505	6000000043600079991
Q128068507	6000000043653266897
Q128068509	6000000043664435022
Q128068510	6000000043666816999
Q128068512	6000000043681057276
Q128068514	6000000043685285087
Q128068515	6000000043710797077
Q128068517	6000000043820914410
Q128068519	6000000043884759731
Q128068521	6000000043886954935
Q128068522	6000000043887828425
Q128068523	6000000043913820042
Q128068525	6000000043954518459
Q128068527	6000000043955193213
Q128068528	6000000043969871804
Q128068530	6000000043992180892
Q128068532	6000000044062121821
Q128068533	6000000044075373821
Q128068535	6000000044075859821
Q128068537	6000000044188210092
Q128068539	6000000044202147235
Q128068541	6000000044217810966
Q128068542	6000000044257648829
Q128068544	6000000044257775851
Q128068545	6000000044270510918
Q128068547	6000000044276634855
Q128068548	6000000044280274756
Q128068550	6000000044285998182
Q128068552	6000000044290561902
Q128068554	6000000044301165448
Q128068555	6000000044301487124
Q128068557	6000000044360939008
Q128068559	6000000044362032385
Q128068560	6000000044373310986
Q128068562	6000000044458547757
Q128068565	6000000044485165044
Q128068567	6000000044517192758
Q128068568	6000000044525983084
Q128068570	6000000044526412837
Q128068571	6000000044549938845
Q128068573	6000000044552284126
Q128068575	6000000044564305309
Q128068576	6000000044583088813
Q128068578	6000000044585415856
Q128068580	6000000044623857835
Q128068581	6000000044626346861
Q128068583	6000000044636443986
Q128068585	6000000044655331836
Q128068587	6000000044659575074
Q128068588	6000000044727109895
Q128068590	6000000044727620960
Q128068591	6000000044741176830
Q128068593	6000000044870326821
Q128068594	6000000044945328964
Q128068597	6000000044951207831
Q128068599	6000000045033971866
Q128068600	6000000045057742994
Q128068602	6000000045069845971
Q128068604	6000000045089692824
Q128068607	6000000045144795976
Q128068609	6000000045150295877
Q128068610	6000000045156900969
Q128068612	6000000045279051883
Q128068614	6000000045279738855
Q128068615	6000000045283461313
Q128068616	6000000045287332044
Q128068618	6000000045336744178
Q128068620	6000000045344423821
Q128068622	6000000045345000825
Q128068623	6000000045416562855
Q128068626	6000000045588770120
Q128068628	6000000045599403906
Q128068630	6000000045674523958
Q128068631	6000000045748733564
Q128068633	6000000045751433928
Q128068634	6000000045751667667
Q128068636	6000000045805360048
Q128068637	6000000045865512462
Q128068639	6000000045866257878
Q128068641	6000000045998726237
Q128068643	6000000046010831921
Q128068644	6000000046048662830
Q128068646	6000000046058838883
Q128068648	6000000046072469215
Q128068649	6000000046073924981
Q128068651	6000000046075867964
Q128068653	6000000046124419164
Q128068660	6000000046133993861
Q128068662	6000000046140075034
Q128068664	6000000046170468017
Q128068666	6000000046182304337
Q128068667	6000000046192163114
Q128068669	6000000046242602094
Q128068670	6000000046243538272
Q128068672	6000000046282620869
Q128068674	6000000046341877884
Q128068675	6000000046344125226
Q128068677	6000000046375981380
Q128068680	6000000046410041958
Q128068682	6000000046410453095
Q128068683	6000000046410568259
Q128068685	6000000046410694821
Q128068687	6000000046461531944
Q128068690	6000000046464166826
Q128068692	6000000046502355373
Q128068693	6000000046512508085
Q128068695	6000000046514185426
Q128068697	6000000046514925952
Q128068698	6000000046594275333
Q128068700	6000000046599534997
Q128068701	6000000046604844120
Q128068703	6000000046670797138
Q128068705	6000000046726132208
Q128068707	6000000046845811137
Q128068708	6000000046846187997
Q128068710	6000000046846441903
Q128068712	6000000046847839890
Q128068713	6000000046871996047
Q128068715	6000000046878021168
Q128068716	6000000046890088826
Q128068718	6000000046891232921
Q128068719	6000000046891360822
Q128068721	6000000046892767865
Q128068722	6000000046892791916
Q128068724	6000000047223296849
Q128068726	6000000047227303012
Q128068728	6000000047228240905
Q128068729	6000000047305221956
Q128068731	6000000047317663821
Q128068736	6000000047320795999
Q128068738	6000000047341664033
Q128068739	6000000047365186660
Q128068741	6000000047401753842
Q128068742	6000000047407039012
Q128068744	6000000047409018939
Q128068745	6000000047409740074
Q128068748	6000000047445136335
Q128068749	6000000047453180860
Q128068751	6000000047454043210
Q128068753	6000000047463644995
Q128068755	6000000047495671919
Q128068756	6000000047516692183
Q128068758	6000000047537004969
Q128068760	6000000047592290849
Q128068762	6000000047614687022
Q128068763	6000000047659786866
Q128068765	6000000047760180089
Q128068766	6000000047762906909
Q128068768	6000000047857386829
Q128068769	6000000047871004009
Q128068771	6000000047873139839
Q128068773	6000000047873971855
Q128068775	6000000047879764849
Q128068777	6000000047879884898
Q128068779	6000000047885898380
Q128068780	6000000047892399456
Q128068782	6000000047922865889
Q128068784	6000000047935610096
Q128068785	6000000047966672844
Q128068787	6000000047974228912
Q128068789	6000000047987284869
Q128068790	6000000048011122858
Q128068791	6000000048022407945
Q128068793	6000000048146835189
Q128068795	6000000048147217985
Q128068796	6000000048147349962
Q128068798	6000000048147408008
Q128068799	6000000048164555409
Q128068801	6000000048193474886
Q128068803	6000000048267874941
Q128068805	6000000048290239095
Q128068806	6000000048290335877
Q128068808	6000000048327614288
Q128068810	6000000048327758416
Q128068813	6000000048650910821
Q128068815	6000000049090444297
Q128068817	6000000049090954088
Q128068818	6000000049117142955
Q128068820	6000000049132904941
Q128068823	6000000049136823941
Q128068825	6000000049181518321
Q128068827	6000000049184080636
Q128068828	6000000049186121879
Q128068830	6000000049186769888
Q128068832	6000000049186991949
Q128068833	6000000049224145860
Q128068835	6000000049225395942
Q128068836	6000000049227831182
Q128068838	6000000049230731978
Q128068840	6000000049235550481
Q128068841	6000000049388396642
Q128068843	6000000049401739821
Q128068845	6000000049696759923
Q128068846	6000000049698998122
Q128068848	6000000049701279057
Q128068850	6000000049701606116
Q128068852	6000000049709439972
Q128068853	6000000049736108883
Q128068855	6000000049785387839
Q128068856	6000000049787691882
Q128068858	6000000049846451431
Q128068859	6000000049853489849
Q128068861	6000000049884644893
Q128068862	6000000049887093856
Q128068864	6000000049890841947
Q128068866	6000000050011245969
Q128068867	6000000050020034353
Q128068869	6000000050020803922
Q128068871	6000000050021293831
Q128068873	6000000050024482864
Q128068876	6000000050036076908
Q128068877	6000000050037436862
Q128068879	6000000050083025938
Q128068880	6000000050090222978
Q128068882	6000000050091452859
Q128068883	6000000050091770832
Q128068885	6000000050092157845
Q128068887	6000000050092241955
Q128068889	6000000050092460861
Q128068890	6000000050092885904
Q128068892	6000000050169128856
Q128068894	6000000050211431379
Q128068896	6000000050258173119
Q128068897	6000000050259678218
Q128068905	6000000050261115045
Q128068906	6000000050261593843
Q128068908	6000000050268487093
Q128068910	6000000050268710954
Q128068912	6000000050302609859
Q128068914	6000000050303032872
Q128068915	6000000050303683876
Q128068917	6000000050303759826
Q128068918	6000000050304891828
Q128068920	6000000050305049836
Q128068922	6000000050315100299
Q128068923	6000000050331903037
Q128068925	6000000050333761931
Q128068927	6000000050351265043
Q128068928	6000000050461018058
Q128068930	6000000050476790990
Q128068932	6000000050552757948
Q128068934	6000000050552903051
Q128068936	6000000050589589915
Q128068937	6000000050628023079
Q128068939	6000000050735701056
Q128068940	6000000050997540553
Q128068942	6000000051013892833
Q128068943	6000000051016246977
Q128068945	6000000051019378978
Q128068946	6000000051077512957
Q128068948	6000000051082893905
Q128068950	6000000051086498144
Q128068952	6000000051135241001
Q128068954	6000000051434715476
Q128068956	6000000051436993874
Q128068957	6000000051454117478
Q128068959	6000000051555860120
Q128068960	6000000051573658821
Q128068962	6000000051607065404
Q128068963	6000000051608051934
Q128068965	6000000051614750132
Q128068966	6000000051631142898
Q128068968	6000000051725629834
Q128068970	6000000051819956854
Q128068971	6000000051888737974
Q128068973	6000000051913151077
Q128068975	6000000051945052961
Q128068976	6000000051958015024
Q128068978	6000000051960958917
Q128068980	6000000051962170999
Q128068981	6000000052109881834
Q128068983	6000000052117053174
Q128068984	6000000052121295994
Q128068986	6000000052131947847
Q128068987	6000000052174222984
Q128068989	6000000052304507821
Q128068991	6000000052485080893
Q128068993	6000000052489111282
Q128068995	6000000052501420850
Q128068997	6000000052510905854
Q128068999	6000000052513466858
Q128069001	6000000052528298407
Q128069002	6000000052531155984
Q128069004	6000000052542070427
Q128069005	6000000052542557547
Q128069007	6000000052542764248
Q128069008	6000000052542807178
Q128069010	6000000052542875418
Q128069012	6000000052542930839
Q128069014	6000000052543586880
Q128069015	6000000052543677899
Q128069017	6000000052575160155
Q128069019	6000000052583311860
Q128069021	6000000052590647844
Q128069022	6000000052612935836
Q128069024	6000000052618943913
Q128069026	6000000052647051842
Q128069028	6000000052663988932
Q128069029	6000000052667454829
Q128069031	6000000052746139821
Q128069032	6000000052756347088
Q128069034	6000000052904947907
Q128069035	6000000052945993915
Q128069037	6000000052946060880
Q128069038	6000000052984529038
Q128069040	6000000052985010545
Q128069042	6000000052985397859
Q128069043	6000000052998212844
Q128069045	6000000053036028882
Q128069047	6000000053036431863
Q128069049	6000000053043974821
Q128069050	6000000053047611940
Q128069052	6000000053049527835
Q128069053	6000000053052788868
Q128069062	6000000053262304211
Q128069063	6000000053263613973
Q128069065	6000000053264071235
Q128069068	6000000053307720962
Q128069069	6000000053325458823
Q128069071	6000000053336685840
Q128069072	6000000053341369042
Q128069074	6000000053344354021
Q128069075	6000000053356475840
Q128069077	6000000053390340897
Q128069078	6000000053543788930
Q128069080	6000000053594515840
Q128069081	6000000053645725981
Q128069084	6000000053648855867
Q128069086	6000000053655705091
Q128069087	6000000053657184108
Q128069089	6000000053737461052
Q128069091	6000000053738540904
Q128069093	6000000053738594838
Q128069094	6000000053752640981
Q128069096	6000000053797091916
Q128069099	6000000053887378025
Q128069100	6000000053898615199
Q128069102	6000000053898641269
Q128069103	6000000053973973062
Q128069105	6000000053974071005
Q128069107	6000000054017323826
Q128069108	6000000054022484903
Q128069111	6000000054072747934
Q128069113	6000000054079061903
Q128069115	6000000054080053338
Q128069116	6000000054081257896
Q128069118	6000000054233937970
Q128069119	6000000054233951112
Q128069121	6000000054234219854
Q128069122	6000000054318030128
Q128069124	6000000054318331846
Q128069125	6000000054334272844
Q128069127	6000000054343090823
Q128069128	6000000054419125158
Q128069130	6000000054423199590
Q128069132	6000000054469492883
Q128069134	6000000054511319861
Q128069135	6000000054596544847
Q128069137	6000000054603583986
Q128069139	6000000054607576888
Q128069140	6000000054620895956
Q128069142	6000000054621173977
Q128069144	6000000054634223010
Q128069145	6000000054699578875
Q128069146	6000000054875547039
Q128069148	6000000054903410999
Q128069150	6000000054913632208
Q128069151	6000000055090072837
Q128069153	6000000055135950120
Q128069155	6000000055148086849
Q128069156	6000000055154961296
Q128069158	6000000055253196114
Q128069160	6000000055294314056
Q128069162	6000000055303847319
Q128069163	6000000055366868215
Q128069165	6000000055372472913
Q128069166	6000000055388372128
Q128069168	6000000055389010841
Q128069169	6000000055454244454
Q128069171	6000000055462733980
Q128069172	6000000055525942893
Q128069176	6000000055562646899
Q128069178	6000000055568179196
Q128069179	6000000055568237043
Q128069181	6000000055569004879
Q128069183	6000000055569532834
Q128069184	6000000055575393107
Q128069186	6000000055575696163
Q128069188	6000000055582406511
Q128069189	6000000055584989072
Q128069191	6000000055585154824
Q128069192	6000000055599355849
Q128069195	6000000055625256220
Q128069196	6000000055627614830
Q128069198	6000000055663284911
Q128069199	6000000055717447833
Q128069201	6000000055718266287
Q128069203	6000000055718899911
Q128069204	6000000055770013438
Q128069206	6000000055770569028
Q128069208	6000000055804209824
Q128069210	6000000055899481171
Q128069221	6000000056431976292
Q128069223	6000000056444555823
Q128069225	6000000056467398087
Q128069226	6000000056872670108
Q128069228	6000000056977326957
Q128069229	6000000056986069068
Q128069231	6000000056986082218
Q128069232	6000000057012947883
Q128069234	6000000057077236018
Q128069237	6000000057249192821
Q128069238	6000000057263198267
Q128069240	6000000057286806073
Q128069242	6000000057294221829
Q128069243	6000000057322626077
Q128069245	6000000057331002043
Q128069247	6000000057331862891
Q128069248	6000000057376106899
Q128069250	6000000057376367882
Q128069252	6000000057425457864
Q128069256	6000000057452209971
Q128069257	6000000057461759976
Q128069259	6000000057511166896
Q128069260	6000000057544649194
Q128069262	6000000057570106821
Q128069264	6000000057572750912
Q128069265	6000000057618109905
Q128069267	6000000057618313928
Q128069269	6000000057738118921
Q128069270	6000000057854702853
Q128069272	6000000057997961137
Q128069274	6000000058154963250
Q128069275	6000000058193551203
Q128069277	6000000058193579456
Q128069278	6000000058225954838
Q128069280	6000000058264197108
Q128069282	6000000058269734932
Q128069283	6000000058288430881
Q128069285	6000000058301683863
Q128069287	6000000058319274882
Q128069288	6000000058326234837
Q128069290	6000000058330723953
Q128069292	6000000058344219312
Q128069294	6000000058346852871
Q128069296	6000000058375524577
Q128069298	6000000058504242022
Q128069299	6000000058507001982
Q128069301	6000000058509405262
Q128069302	6000000058539121458
Q128069304	6000000058591185916
Q128069305	6000000058595303066
Q128069307	6000000058607497023
Q128069309	6000000058652403012
Q128069310	6000000058670251876
Q128069312	6000000058670411953
Q128069314	6000000058670413135
Q128069315	6000000058701871949
Q128069317	6000000058753195884
Q128069319	6000000058807641091
Q128069321	6000000058818437849
Q128069322	6000000058866533882
Q128069324	6000000058874139855
Q128069325	6000000058938669821
Q128069327	6000000059038793001
Q128069328	6000000059041487919
Q128069330	6000000059041577955
Q128069332	6000000059100915287
Q128069334	6000000059102410892
Q128069335	6000000059137894869
Q128069337	6000000059158068864
Q128069339	6000000059173463166
Q128069340	6000000059183776835
Q128069342	6000000059188750098
Q128069343	6000000059216589023
Q128069345	6000000059220496887
Q128069346	6000000059222867201
Q128069348	6000000059228960925
Q128069349	6000000059242057929
Q128069351	6000000059255719547
Q128069352	6000000059258715908
Q128069354	6000000059374947857
Q128069356	6000000059384211841
Q128069358	6000000059422956153
Q128069359	6000000059475733159
Q128069361	6000000059516080036
Q128069363	6000000059599470298
Q128069365	6000000059612227985
Q128069366	6000000059617493362
Q128069367	6000000059617592914
Q128069369	6000000059618289862
Q128069374	6000000060124527031
Q128069376	6000000060180905821
Q128069378	6000000060218565974
Q128069379	6000000060312628853
Q128069381	6000000060313190883
Q128069383	6000000060316824976
Q128069384	6000000060317774990
Q128069386	6000000060382628910
Q128069387	6000000060384466827
Q128069389	6000000060483037897
Q128069391	6000000060501903838
Q128069392	6000000060895647057
Q128069395	6000000061217998883
Q128069396	6000000061218007835
Q128069398	6000000061248739841
Q128069400	6000000061817845999
Q128069408	6000000062271604845
Q128069409	6000000062614748907
Q128069411	6000000062616779846
Q128069413	6000000062648582878
Q128069414	6000000062654349940
Q128069416	6000000062654838470
Q128069418	6000000062655595889
Q128069419	6000000062701285008
Q128069421	6000000062737096114
Q128069422	6000000062916223911
Q128069424	6000000062919814062
Q128069425	6000000063016489843
Q128069427	6000000063020202898
Q128069428	6000000063116573849
Q128069430	6000000063117201340
Q128069431	6000000063127351864
Q128069433	6000000063129170012
Q128069435	6000000063137201960
Q128069436	6000000063137524824
Q128069438	6000000063167148827
Q128069439	6000000063172753084
Q128069441	6000000063210309185
Q128069443	6000000063210533229
Q128069445	6000000063210563286
Q128069446	6000000063212652878
Q128069448	6000000063221349893
Q128069450	6000000063333656064
Q128069451	6000000063348691088
Q128069453	6000000063434634942
Q128069454	6000000063435339849
Q128069456	6000000063437488855
Q128069459	6000000064078779826
Q128069461	6000000064108341935
Q128069462	6000000064155080178
Q128069464	6000000064155609821
Q128069468	6000000064299134218
Q128069470	6000000064403084935
Q128069471	6000000064579035905
Q128069473	6000000064787213870
Q128069474	6000000064800421914
Q128069476	6000000064839389908
Q128069477	6000000064848438945
Q128069479	6000000065017476426
Q128069481	6000000065027815831
Q128069482	6000000065098019501
Q128069484	6000000065105800868
Q128069485	6000000065895748830
Q128069487	6000000066163515936
Q128069490	6000000066278506867
Q128069492	6000000066283668858
Q128069494	6000000066364443856
Q128069495	6000000066382377060
Q128069497	6000000066635319851
Q128069498	6000000066635640821
Q128069500	6000000066636346894
Q128069503	6000000066648078842
Q128069504	6000000066678034261
Q128069506	6000000066766998957
Q128069507	6000000066861190862
Q128069509	6000000067000617030
Q128069510	6000000067075703924
Q128069512	6000000067128408926
Q128069516	6000000067158085230
Q128069517	6000000067352680849
Q128069519	6000000067477895216
Q128069520	6000000067740092113
Q128069525	6000000067777907846
Q128069527	6000000067837314087
Q128069528	6000000067838041826
Q128069530	6000000068215897850
Q128069532	6000000068215905849
Q128069533	6000000068380759845
Q128069535	6000000068459334899
Q128069536	6000000068461113851
Q128069539	6000000068472855841
Q128069540	6000000068553121821
Q128069542	6000000068729102978
Q128069544	6000000068894725089
Q128069545	6000000068966104052
Q128069547	6000000068979954169
Q128069548	6000000069098603837
Q128069550	6000000069128976950
Q128069551	6000000069472262960
Q128069553	6000000069528198979
Q128069559	6000000070181363043
Q128069561	6000000070184128072
Q128069562	6000000070425252167
Q128069564	6000000070474076188
Q128069565	6000000070623422918
Q128069574	6000000070718641102
Q128069575	6000000070721046855
Q128069577	6000000070732165959
Q128069578	6000000070733392963
Q128069580	6000000070738742002
Q128069581	6000000070864534844
Q128069583	6000000071183385830
Q128069585	6000000071222692870
Q128069588	6000000071223575971
Q128069589	6000000071233536910
Q128069591	6000000071234496043
Q128069593	6000000071235814022
Q128069595	6000000071236511062
Q128069596	6000000071277583844
Q128069598	6000000071281031075
Q128069599	6000000071374743514
Q128069601	6000000071433232080
Q128069603	6000000071456034021
Q128069604	6000000071473800873
Q128069606	6000000071623411121
Q128069609	6000000071718531367
Q128069611	6000000072077285888
Q128069612	6000000072142042849
Q128069614	6000000072233034121
Q128069616	6000000072234792133
Q128069618	6000000072236399050
Q128069620	6000000072240859993
Q128069621	6000000072241004884
Q128069623	6000000072274073839
Q128069624	6000000072322374858
Q128069625	6000000072401456043
Q128069627	6000000072432398080
Q128069629	6000000072625686152
Q128069630	6000000072626448056
Q128069632	6000000072630070913
Q128069634	6000000072715609976
Q128069635	6000000072717244891
Q128069637	6000000072717645395
Q128069638	6000000072718662095
Q128069640	6000000072799945106
Q128069642	6000000072803379110
Q128069644	6000000072967426877
Q128069645	6000000072972765087
Q128069647	6000000072972805837
Q128069648	6000000072973390270
Q128069650	6000000072973827834
Q128069651	6000000072973946077
Q128069653	6000000072977930893
Q128069654	6000000073048137986
Q128069656	6000000073052480581
Q128069657	6000000073237207049
Q128069659	6000000073338533079
Q128069660	6000000073347701871
Q128069662	6000000073429867886
Q128069664	6000000073497224755
Q128069666	6000000073504962094
Q128069668	6000000073510819061
Q128069669	6000000073512211842
Q128069671	6000000073618685037
Q128069672	6000000073730417843
Q128069673	6000000073849308926
Q128069675	6000000074245309849
Q128069677	6000000074245705840
Q128069678	6000000074263494831
Q128069681	6000000074584620924
Q128069683	6000000074718199155
Q128069684	6000000074719239861
Q128069686	6000000074719529013
Q128069688	6000000074752444937
Q128069691	6000000074788389721
Q128069692	6000000075122351895
Q128069694	6000000075125384862
Q128069695	6000000075278614052
Q128069697	6000000075398722925
Q128069699	6000000075556095947
Q128069701	6000000075652930872
Q128069703	6000000075654618971
Q128069704	6000000075664717244
Q128069706	6000000075679393842
Q128069708	6000000075679609145
Q128069709	6000000075895230338
Q128069711	6000000075926787549
Q128069712	6000000075927673062
Q128069715	6000000076240662907
Q128069716	6000000076261438945
Q128069718	6000000076303991062
Q128069719	6000000076304005118
Q128069721	6000000076340650129
Q128069726	6000000076984877931
Q128069728	6000000077124303028
Q128069730	6000000077137446342
Q128069731	6000000077137489544
Q128069733	6000000077140847660
Q128069735	6000000077141464978
Q128069737	6000000077190676177
Q128069738	6000000077231988070
Q128069740	6000000077277780015
Q128069741	6000000077328278733
Q128069743	6000000077328441475
Q128069745	6000000077328518635
Q128069746	6000000077329634345
Q128069748	6000000077329775073
Q128069756	6000000077329919877
Q128069757	6000000077331176227
Q128069759	6000000077331716211
Q128069761	6000000077331872749
Q128069762	6000000077332058659
Q128069764	6000000077332892128
Q128069766	6000000077358276822
Q128069767	6000000077367118173
Q128069769	6000000077370384886
Q128069771	6000000077371019917
Q128069772	6000000077371679837
Q128069774	6000000077375890840
Q128069776	6000000077402084983
Q128069777	6000000077402794851
Q128069779	6000000077407569188
Q128069780	6000000077408200830
Q128069782	6000000077428895690
Q128069783	6000000077429485313
Q128069785	6000000077429496534
Q128069787	6000000077430377105
Q128069788	6000000077446870953
Q128069790	6000000077447553372
Q128069791	6000000077447987214
Q128069794	6000000077449060940
Q128069796	6000000077451982939
Q128069797	6000000077465127162
Q128069799	6000000077486402918
Q128069800	6000000077488347507
Q128069802	6000000077509126082
Q128069803	6000000077547321320
Q128069805	6000000077547905968
Q128069806	6000000077548678920
Q128069808	6000000077549952841
Q128069810	6000000077552249053
Q128069811	6000000077552674981
Q128069813	6000000077552887374
Q128069815	6000000077555031085
Q128069817	6000000077581473088
Q128069818	6000000077581535019
Q128069820	6000000077585784340
Q128069822	6000000077597117955
Q128069823	6000000077607800379
Q128069825	6000000077608585833
Q128069826	6000000077610629053
Q128069828	6000000077621822830
Q128069829	6000000077641100112
Q128069831	6000000077641378990
Q128069832	6000000077660713496
Q128069835	6000000077737381514
Q128069836	6000000077794331902
Q128069838	6000000077796559782
Q128069840	6000000077818492798
Q128069842	6000000077818705001
Q128069843	6000000077818755649
Q128069845	6000000077819300597
Q128069847	6000000077839424575
Q128069848	6000000077841646016
Q128069850	6000000077841697891
Q128069851	6000000077841928827
Q128069853	6000000077846471455
Q128069854	6000000077846816575
Q128069856	6000000077856524996
Q128069857	6000000077882902581
Q128069859	6000000077912650926
Q128069861	6000000077920298855
Q128069862	6000000077966999835
Q128069864	6000000077976928821
Q128069866	6000000077977281841
Q128069868	6000000077979816513
Q128069871	6000000077980957577
Q128069872	6000000077984026627
Q128069874	6000000078038547478
Q128069875	6000000078039640258
Q128069877	6000000078045905037
Q128069878	6000000078076697164
Q128069880	6000000078141335299
Q128069882	6000000078158019834
Q128069883	6000000078162677186
Q128069885	6000000078202589158
Q128069886	6000000078216535150
Q128069888	6000000078310421877
Q128069891	6000000078365714147
Q128069893	6000000078409974959
Q128069894	6000000078451517842
Q128069897	6000000078558320486
Q128069898	6000000078564808991
Q128069900	6000000078566007869
Q128069902	6000000078569168222
Q128069905	6000000078729208286
Q128069926	6000000079152148838
Q128069928	6000000079210468538
Q128069931	6000000079212533164
Q128069932	6000000079213049245
Q128069935	6000000079255679843
Q128069936	6000000079265382049
Q128069938	6000000079300119250
Q128069940	6000000079310737546
Q128069942	6000000079312768854
Q128069943	6000000079444787503
Q128069945	6000000079479897051
Q128069946	6000000079479974919
Q128069950	6000000079728468429
Q128069951	6000000079797575259
Q128069953	6000000079835431854
Q128069955	6000000079883614115
Q128069956	6000000080000646282
Q128069958	6000000080447084832
Q128069959	6000000080450005821
Q128069961	6000000080450955892
Q128069963	6000000080460024892
Q128069965	6000000080460814294
Q128069967	6000000080461855988
Q128069968	6000000080541439253
Q128069969	6000000080562035203
Q128069971	6000000080582965862
Q128069973	6000000080591824267
Q128069974	6000000080602727057
Q128069975	6000000080604956043
Q128069977	6000000080610311173
Q128069979	6000000080638764534
Q128069980	6000000080651546184
Q128069982	6000000080653358970
Q128069984	6000000080683278828
Q128069985	6000000080744096147
Q128069987	6000000080752407507
Q128069989	6000000080753216879
Q128069991	6000000080769177872
Q128069992	6000000080829981960
Q128069994	6000000081050129989
Q128069995	6000000081075193934
Q128069997	6000000081076247913
Q128069999	6000000081140777076
Q12807	6000000076678562219
Q128070000	6000000081185953231
Q128070002	6000000081250802924
Q128070004	6000000081297972337
Q128070007	6000000081388877864
Q128070009	6000000081428215255
Q128070010	6000000081490282101
Q128070012	6000000081494815385
Q128070014	6000000081509876114
Q128070015	6000000081556772212
Q128070017	6000000081722770561
Q128070018	6000000081740724605
Q128070020	6000000081741244057
Q128070024	6000000081751579024
Q128070025	6000000081758218112
Q128070027	6000000081760042844
Q128070029	6000000081762159235
Q128070030	6000000081847561163
Q128070032	6000000081957023840
Q128070034	6000000081961282981
Q128070036	6000000081978164160
Q128070037	6000000082306163822
Q128070039	6000000082312955941
Q128070041	6000000082318614837
Q128070042	6000000082334500927
Q128070044	6000000082347116565
Q128070045	6000000082385345376
Q128070047	6000000082385875988
Q128070049	6000000082418662969
Q128070050	6000000082420249995
Q128070052	6000000082420298871
Q128070053	6000000082423237821
Q128070055	6000000082423620838
Q128070057	6000000082423680821
Q128070058	6000000082440354684
Q128070060	6000000082442444003
Q128070062	6000000082448308836
Q128070064	6000000082485224601
Q128070065	6000000082486430995
Q128070067	6000000082513753221
Q128070068	6000000082514084913
Q128070070	6000000082741397980
Q128070071	6000000082747524879
Q128070073	6000000082774668345
Q128070075	6000000082774723116
Q128070076	6000000082891832002
Q128070081	6000000083256377845
Q128070084	6000000083621854659
Q128070085	6000000083737037076
Q128070087	6000000083752197860
Q128070089	6000000083942453838
Q128070090	6000000084045426604
Q128070092	6000000084046054154
Q128070094	6000000084072966997
Q128070095	6000000084076342098
Q128070097	6000000084076634084
Q128070101	6000000084114002150
Q128070102	6000000084142261324
Q128070104	6000000084190417965
Q128070106	6000000084245903891
Q128070108	6000000084349059302
Q128070109	6000000084349153063
Q128070111	6000000084388172619
Q128070112	6000000084425726000
Q128070114	6000000084496835308
Q128070116	6000000084497057456
Q128070117	6000000084525423898
Q128070119	6000000084578985273
Q128070121	6000000084614882117
Q128070122	6000000084662366992
Q128070124	6000000084669338433
Q128070126	6000000084669676131
Q128070128	6000000084671293895
Q128070129	6000000084687296451
Q128070130	6000000084688149916
Q128070132	6000000084694119205
Q128070133	6000000084695008959
Q128070135	6000000084719992146
Q128070137	6000000084720133912
Q128070139	6000000084736282532
Q128070140	6000000084744199865
Q128070142	6000000084744449866
Q128070143	6000000084759237928
Q128070145	6000000084792717249
Q128070147	6000000084824613865
Q128070149	6000000085130471087
Q128070150	6000000085138197821
Q128070152	6000000085138489945
Q128070154	6000000085262673859
Q128070155	6000000085329670484
Q128070157	6000000085355345902
Q128070158	6000000085361346038
Q128070160	6000000085380100907
Q128070162	6000000085380418825
Q128070163	6000000085383105039
Q128070165	6000000085384614849
Q128070167	6000000085398224932
Q128070168	6000000085420607420
Q128070170	6000000085435870465
Q128070172	6000000085549564052
Q128070174	6000000085553717973
Q128070175	6000000085568605828
Q128070177	6000000085571680975
Q128070178	6000000085831994169
Q128070180	6000000085841187412
Q128070181	6000000085882181871
Q128070183	6000000086126291179
Q128070185	6000000086248303206
Q128070186	6000000086249261892
Q128070188	6000000086261232947
Q128070190	6000000086261508875
Q128070192	6000000086262316960
Q128070193	6000000086264201821
Q128070195	6000000086266425827
Q128070197	6000000086450891836
Q128070198	6000000086713654187
Q128070200	6000000086714180836
Q128070201	6000000086715316117
Q128070203	6000000086715708006
Q128070204	6000000086715940001
Q128070206	6000000086718396184
Q128070208	6000000086718449997
Q128070209	6000000086719790867
Q128070211	6000000086720304831
Q128070212	6000000086723239985
Q128070214	6000000086735799858
Q128070216	6000000086735880821
Q128070217	6000000086759340838
Q128070219	6000000086761781169
Q128070222	6000000086765184938
Q128070223	6000000086852554072
Q128070225	6000000086853300833
Q128070226	6000000086853414878
Q128070228	6000000086853627877
Q128070229	6000000086860234940
Q128070233	6000000087260091821
Q128070236	6000000088364386979
Q128070238	6000000088365076892
Q128070239	6000000088369633821
Q128070241	6000000088391650960
Q128070243	6000000088629583879
Q128070244	6000000088885950982
Q128070246	6000000089082618083
Q128070248	6000000089177142852
Q128070250	6000000089301386935
Q128070251	6000000089370011328
Q128070253	6000000089500461112
Q128070255	6000000089506162872
Q128070256	6000000089513624905
Q128070258	6000000089513883836
Q128070260	6000000089724090900
Q128070262	6000000089933134707
Q128070263	6000000089989099897
Q128070265	6000000090126719893
Q128070266	6000000090148556999
Q128070268	6000000090217486834
Q128070271	6000000090218231834
Q128070272	6000000090338745356
Q128070274	6000000090348062931
Q128070275	6000000090405995037
Q128070277	6000000090439937968
Q128070279	6000000090504158848
Q128070280	6000000090504354321
Q128070282	6000000090560189973
Q128070284	6000000090569777890
Q128070286	6000000090615847879
Q128070287	6000000090678873886
Q128070289	6000000090739815866
Q128070290	6000000090773616825
Q128070292	6000000090892394095
Q128070293	6000000090892652973
Q128070301	6000000090951496996
Q128070303	6000000091000569834
Q128070305	6000000091010106909
Q128070306	6000000091242592887
Q128070308	6000000091345284936
Q128070309	6000000091404798925
Q128070311	6000000091421780982
Q128070312	6000000091470094828
Q128070314	6000000091499764165
Q128070315	6000000091561755821
Q128070317	6000000091617139821
Q128070319	6000000091627099999
Q128070320	6000000091666913166
Q128070322	6000000091692071223
Q128070324	6000000091719612334
Q128070325	6000000091728610969
Q128070327	6000000091883940821
Q128070329	6000000091990325055
Q128070330	6000000092124241238
Q128070332	6000000092124702030
Q128070333	6000000092129141853
Q128070335	6000000092256373984
Q128070336	6000000092266018041
Q128070338	6000000092300689946
Q128070340	6000000092328467029
Q128070341	6000000092724374856
Q128070343	6000000092727471834
Q128070344	6000000092727739970
Q128070346	6000000093554938824
Q128070348	6000000093563453158
Q128070349	6000000093568630278
Q128070351	6000000093569490937
Q128070353	6000000093618164821
Q128070354	6000000093746385845
Q128070356	6000000093861144005
Q128070357	6000000093933443031
Q128070359	6000000093933942841
Q128070361	6000000093936700106
Q128070363	6000000093937414061
Q128070364	6000000093939421099
Q128070366	6000000094156614352
Q128070367	6000000094174148129
Q128070369	6000000094187160055
Q128070371	6000000094191527918
Q128070373	6000000094191802008
Q128070374	6000000094214838823
Q128070376	6000000094327960839
Q128070377	6000000095391133224
Q128070379	6000000095487981717
Q128070380	6000000095492616046
Q128070382	6000000095493800957
Q128070383	6000000095725545942
Q128070385	6000000095910594885
Q128070387	6000000096300208218
Q128070388	6000000096300690226
Q128070390	6000000096301192035
Q128070392	6000000096357420826
Q128070394	6000000096545734002
Q128070395	6000000096559247938
Q128070398	6000000096845254942
Q128070400	6000000097193956837
Q128070401	6000000097350174844
Q128070403	6000000097519874212
Q128070404	6000000097701758858
Q128070406	6000000097713503889
Q128070407	6000000098284924923
Q128070409	6000000098534278834
Q128070410	6000000098674343945
Q128070412	6000000098702780821
Q128070414	6000000098706380822
Q128070415	6000000098719900854
Q128070417	6000000098815203990
Q128070419	6000000098818177871
Q128070421	6000000098818263030
Q128070422	6000000098819068821
Q128070424	6000000098819203985
Q128070425	6000000098819491029
Q128070427	6000000098819887822
Q128070428	6000000098821442821
Q128070430	6000000098821701828
Q128070432	6000000098824577886
Q128070435	6000000099436468881
Q128070437	6000000100562541842
Q128070438	6000000100710770246
Q128070440	6000000100726300821
Q128070441	6000000100763294039
Q128070443	6000000100866679832
Q128070445	6000000101112613845
Q128070447	6000000101141339878
Q128070452	6000000103772878034
Q128070454	6000000103889525953
Q128070456	6000000103912540864
Q128070457	6000000103952051176
Q128070459	6000000104054189831
Q128070462	6000000104149562247
Q128070464	6000000104488218915
Q128070465	6000000104617109901
Q128070467	6000000104627389869
Q128070468	6000000104687805824
Q128070470	6000000104883619889
Q128070471	6000000105076001844
Q128070473	6000000105198872887
Q128070475	6000000105504054901
Q128070476	6000000105514411504
Q128070481	6000000105735802069
Q128070483	6000000105832094821
Q128070484	6000000105978865083
Q128070486	6000000106228726124
Q128070488	6000000106229762872
Q128070489	6000000106296639821
Q128070491	6000000106505448862
Q128070492	6000000106662197280
Q128070494	6000000106695611869
Q128070496	6000000106722160821
Q128070498	6000000107084322921
Q128070499	6000000107290417885
Q128070501	6000000107297902923
Q128070502	6000000107423444833
Q128070504	6000000107541052834
Q128070506	6000000107543598846
Q128070508	6000000107547669972
Q128070510	6000000107622958845
Q128070511	6000000107710933906
Q128070512	6000000108361535946
Q128070514	6000000108528297080
Q128070516	6000000108535923953
Q128070520	6000000108715846832
Q128070522	6000000108738992832
Q128070524	6000000108760220831
Q128070526	6000000109040125310
Q128070527	6000000109290385937
Q128070529	6000000109506748854
Q128070531	6000000109728460821
Q128070533	6000000109742863862
Q128070534	6000000109825325886
Q128070536	6000000109920145030
Q128070537	6000000109944506832
Q128070539	6000000110275339956
Q128070540	6000000110442944852
Q128070542	6000000110513488971
Q128070544	6000000111006491071
Q128070545	6000000111099099994
Q128070547	6000000111238476836
Q128070548	6000000111560051901
Q128070550	6000000111655661821
Q128070552	6000000111749150918
Q128070555	6000000111928839855
Q128070557	6000000112475443867
Q128070558	6000000112673819849
Q128070560	6000000112897752953
Q128070561	6000000112904693858
Q128070563	6000000112929390830
Q128070564	6000000113150348842
Q128070566	6000000113178554843
Q128070568	6000000113195121918
Q128070570	6000000113326841132
Q128070571	6000000113528828845
Q128070573	6000000113529226913
Q128070574	6000000113944667833
Q128070576	6000000114262274858
Q128070578	6000000114291845835
Q128070581	6000000114330300966
Q128070583	6000000114330437840
Q128070585	6000000114458135878
Q128070587	6000000114461060902
Q128070588	6000000114728924821
Q128070590	6000000114791560064
Q128070592	6000000114795338856
Q128070593	6000000114861583928
Q128070594	6000000115438947824
Q128070596	6000000116263427889
Q128070598	6000000116265228846
Q128070600	6000000116937380834
Q128070602	6000000117375581867
Q128070605	6000000121138802837
Q128070607	6000000121925486937
Q128070609	6000000122003195231
Q128070610	6000000122023991965
Q128070612	6000000122551708856
Q128070614	6000000122575358240
Q128070615	6000000123475109948
Q128070617	6000000123902141865
Q128070619	6000000123912453872
Q128070621	6000000123956452866
Q128070622	6000000124242850893
Q128070624	6000000124262334239
Q128070626	6000000124302423823
Q128070627	6000000124303156822
Q128070629	6000000124371906938
Q128070630	6000000124481050945
Q128070633	6000000124501710845
Q128070636	6000000124729632832
Q128070638	6000000124781501903
Q128070639	6000000124951109956
Q128070641	6000000124967706917
Q128070643	6000000125195686832
Q128070645	6000000125198689999
Q128070647	6000000125336712905
Q128070648	6000000125672209826
Q128070656	6000000125998655857
Q128070657	6000000126017579991
Q128070659	6000000126260618989
Q128070661	6000000126261106046
Q128070662	6000000126464523835
Q128070664	6000000126647632956
Q128070666	6000000126719987913
Q128070667	6000000126729212838
Q128070669	6000000126759547827
Q128070670	6000000126792362020
Q128070672	6000000127341727234
Q128070673	6000000127539001836
Q128070675	6000000127594063902
Q128070677	6000000127637509836
Q128070678	6000000128083919839
Q128070680	6000000128127520839
Q128070682	6000000128683904137
Q128070683	6000000128686244834
Q128070685	6000000129090344054
Q128070687	6000000129281311758
Q128070688	6000000129306982992
Q128070690	6000000129314354990
Q128070691	6000000129462903857
Q128070693	6000000129462913922
Q128070695	6000000129537945977
Q128070696	6000000129595754934
Q128070698	6000000129602615833
Q128070699	6000000129619962847
Q128070701	6000000129631746961
Q128070702	6000000129633869946
Q128070704	6000000130305279822
Q128070706	6000000130310756883
Q128070708	6000000130342692874
Q128070709	6000000130484165821
Q128070711	6000000130507336883
Q128070712	6000000130799446037
Q128070714	6000000130810846825
Q128070716	6000000130969872825
Q128070717	6000000131011801875
Q128070719	6000000131075203821
Q128070721	6000000131654212821
Q128070722	6000000131664757001
Q128070724	6000000131667909821
Q128070726	6000000131717008048
Q128070727	6000000131732068193
Q128070730	6000000131758910881
Q128070732	6000000131774998857
Q128070734	6000000132281863879
Q128070735	6000000132402579608
Q128070737	6000000132408576875
Q128070740	6000000132412511022
Q128070741	6000000132412729026
Q128070743	6000000132413119825
Q128070745	6000000132511232002
Q128070746	6000000132513405837
Q128070748	6000000132574568886
Q128070750	6000000132818540821
Q128070751	6000000132844026093
Q128070753	6000000133145544869
Q128070755	6000000133377796931
Q128070756	6000000133378408856
Q128070758	6000000133438454849
Q128070759	6000000133891899895
Q128070761	6000000134092436924
Q128070763	6000000134093884972
Q128070764	6000000134534453053
Q128070766	6000000134800169878
Q128070767	6000000135075172901
Q128070769	6000000135274000821
Q128070771	6000000135502095821
Q128070772	6000000135614063874
Q128070774	6000000136022686338
Q128070778	6000000136971019883
Q128070780	6000000136973705916
Q128070781	6000000137144604886
Q128070783	6000000137622150855
Q128070784	6000000137800736897
Q128070786	6000000137979649240
Q128070787	6000000138131606879
Q128070789	6000000138150506827
Q128070791	6000000138888958938
Q128070792	6000000138934580251
Q128070794	6000000139177589841
Q128070796	6000000139530494930
Q128070798	6000000139887155042
Q128070799	6000000140112861884
Q128070801	6000000140450431846
Q128070803	6000000141020173846
Q128070807	6000000143823189947
Q128070810	6000000145347501835
Q128070812	6000000147166200986
Q128070813	6000000147338520220
Q128070815	6000000147341723863
Q128070816	6000000147726177821
Q128070818	6000000147739512928
Q128070821	6000000147745565369
Q128070823	6000000147840422991
Q128070824	6000000148104060845
Q128070826	6000000148589695906
Q128070827	6000000148764496146
Q128070829	6000000148775376832
Q128070831	6000000149094882833
Q128070832	6000000149547852883
Q128070834	6000000149621696884
Q128070835	6000000149690012822
Q128070837	6000000149943035924
Q128070839	6000000150610589863
Q128070840	6000000150830096914
Q128070842	6000000150832753903
Q128070844	6000000150908556823
Q128070846	6000000151020140821
Q128070847	6000000151133041157
Q128070849	6000000151363503137
Q128070850	6000000151670843851
Q128070852	6000000151671109070
Q128070853	6000000151831452831
Q128070855	6000000153000993821
Q128070856	6000000153759467868
Q128070858	6000000154736919918
Q128070860	6000000155024444821
Q128070862	6000000156996374827
Q128070864	6000000157269776856
Q128070865	6000000157506880861
Q128070867	6000000157805007821
Q128070869	6000000157911075909
Q128070870	6000000158958979829
Q128070872	6000000160793467836
Q128070873	6000000160793638821
Q128070875	6000000160795107827
Q128070877	6000000161227834824
Q128070878	6000000161501621849
Q128070880	6000000161502755821
Q128070881	6000000161505316120
Q128070883	6000000161505967872
Q128070884	6000000161507050842
Q128070886	6000000161508571874
Q128070888	6000000162027734841
Q128070890	6000000163375235858
Q128070892	6000000164295033980
Q128070893	6000000164962412844
Q128070894	6000000165977478867
Q128070896	6000000166380722030
Q128070897	6000000166431402317
Q128070899	6000000166667076908
Q128070901	6000000166799873867
Q128070902	6000000167073136012
Q128070904	6000000167129684822
Q128070906	6000000167251438892
Q128070907	6000000167561483833
Q128070909	6000000167568833032
Q128070910	6000000167623132897
Q128070912	6000000167798528901
Q128070914	6000000168138001237
Q128070916	6000000168194792960
Q128070917	6000000168913300863
Q128070919	6000000168961361843
Q128070920	6000000169629354882
Q128070922	6000000169700647994
Q128070923	6000000169723550956
Q128070925	6000000169744515877
Q128070926	6000000169744822882
Q128070928	6000000170027280905
Q128070930	6000000170306754028
Q128070931	6000000170446827872
Q128070933	6000000171767539833
Q128070935	6000000171984514340
Q128070937	6000000172032844176
Q128070939	6000000172038632995
Q128070941	6000000172083657175
Q128070942	6000000172083938125
Q128070944	6000000172096711300
Q128070945	6000000172211933053
Q128070947	6000000172216207002
Q128070949	6000000172223913954
Q128070950	6000000172280008912
Q128070952	6000000172300135633
Q128070954	6000000172300306339
Q128070955	6000000172320343822
Q128070960	6000000172777443822
Q128070962	6000000172969085953
Q128070965	6000000173145898156
Q128070967	6000000173169750892
Q128070968	6000000173176605343
Q128070970	6000000173203867083
Q128070972	6000000173307554893
Q128070973	6000000173419655880
Q128070975	6000000173448262947
Q128070977	6000000173452408933
Q128070979	6000000173540464946
Q128070980	6000000173548545103
Q128070982	6000000173646841935
Q128070983	6000000173663721468
Q128070985	6000000173679126937
Q128070986	6000000173684939290
Q128070988	6000000173786947102
Q128070990	6000000173798734169
Q128070992	6000000173805124865
Q128070993	6000000173952573483
Q128070995	6000000174164162915
Q128071000	6000000174177099388
Q128071002	6000000174177541488
Q128071004	6000000174178230286
Q128071005	6000000174210875681
Q128071007	6000000174239184832
Q128071008	6000000174251806912
Q128071010	6000000174283030308
Q128071012	6000000174323855618
Q128071013	6000000174374473196
Q128071015	6000000174448348827
Q128071017	6000000174448531998
Q128071018	6000000174645083890
Q128071020	6000000174646997099
Q128071021	6000000174677830819
Q128071023	6000000174704390060
Q128071025	6000000174924365927
Q128071027	6000000174982725038
Q128071028	6000000174984324213
Q128071031	6000000175136457167
Q128071032	6000000175136951850
Q128071034	6000000175137740112
Q128071036	6000000175199457874
Q128071037	6000000175360651189
Q128071039	6000000175429642037
Q128071040	6000000175463195850
Q128071042	6000000175463639834
Q128071043	6000000175464896990
Q128071045	6000000175537424870
Q128071047	6000000175560439840
Q128071048	6000000175781197873
Q128071050	6000000175882064894
Q128071052	6000000175932294821
Q128071054	6000000176193561828
Q128071055	6000000176243785848
Q128071057	6000000176371709892
Q128071059	6000000176470553835
Q128071060	6000000176917387850
Q128071062	6000000177098765926
Q128071063	6000000177101210840
Q128071065	6000000177159540845
Q128071068	6000000177282048898
Q128071071	6000000177290499890
Q128071072	6000000177406841837
Q128071075	6000000177426418830
Q128071079	6000000177707736947
Q128071081	6000000177709262843
Q128071082	6000000177709786855
Q128071084	6000000177845175901
Q128071086	6000000178044865830
Q128071087	6000000178133312852
Q128071089	6000000178244143826
Q128071090	6000000178309084821
Q128071092	6000000178321036826
Q128071094	6000000178346935831
Q128071095	6000000178369736868
Q128071097	6000000178399538831
Q128071099	6000000178417455843
Q128071100	6000000178422364843
Q128071102	6000000178484927826
Q128071104	6000000178499906942
Q128071105	6000000178504193821
Q128071107	6000000178512226824
Q128071108	6000000178516936821
Q128071110	6000000178555998015
Q128071112	6000000178564704858
Q128071114	6000000178580817962
Q128071117	6000000178631658836
Q128071125	6000000178705989823
Q128071126	6000000178768845822
Q128071128	6000000178784930857
Q128071130	6000000178787315924
Q128071131	6000000178788939823
Q128071134	6000000178814182831
Q128071136	6000000178835488915
Q128071138	6000000178948241876
Q128071139	6000000178965141847
Q128071141	6000000179092297841
Q128071142	6000000179144565919
Q128071144	6000000179148314872
Q128071145	6000000179179341891
Q128071147	6000000179179592821
Q128071148	6000000179180376831
Q128071150	6000000179195744913
Q128071152	6000000179196191824
Q128071153	6000000179223452832
Q128071155	6000000179258767829
Q128071157	6000000179271072832
Q128071158	6000000179303591857
Q128071160	6000000179305023823
Q128071162	6000000179305689895
Q128071163	6000000179348206825
Q128071165	6000000179348633826
Q128071166	6000000179354914898
Q128071168	6000000179355788825
Q128071170	6000000179384559829
Q128071171	6000000179387384867
Q128071175	6000000179401007846
Q128071176	6000000179438445880
Q128071178	6000000179492736846
Q128071180	6000000179517616861
Q128071182	6000000179544700888
Q128071183	6000000179562512840
Q128071185	6000000019770560491
Q128071185	6000000179562775845
Q128071187	6000000179590085887
Q128071188	6000000179645870830
Q128071191	6000000179698812858
Q128071193	6000000179701156849
Q128071194	6000000179817003856
Q128071196	6000000179825820834
Q128071197	6000000179894902900
Q128071199	6000000179917464821
Q128071202	6000000179921040862
Q128071203	6000000179921300829
Q128071205	6000000179925354832
Q128071207	6000000179930636871
Q128071208	6000000179940628916
Q128071210	6000000179946168826
Q128071211	6000000180020744822
Q128071213	6000000180037566833
Q128071214	6000000180068566869
Q128071216	6000000180093531910
Q128071218	6000000180094056828
Q128071219	6000000180094457845
Q128071221	6000000180104126824
Q128071223	6000000180124204867
Q128071224	6000000180129703836
Q128071226	6000000180136167862
Q128071227	6000000180136712840
Q128071229	6000000180149690822
Q128071231	6000000180265787833
Q128071232	6000000180271172847
Q128071234	6000000180271414868
Q128071235	6000000180277456912
Q128071237	6000000180278507821
Q128071238	6000000180306169825
Q128071240	6000000180398884858
Q128071248	6000000180405391834
Q128071249	6000000180422011917
Q128071253	6000000180426094830
Q128071255	6000000180446653827
Q128071256	6000000180448079823
Q128071258	6000000180451873929
Q128071260	6000000180453310847
Q128071261	6000000180501368822
Q128071263	6000000180547394919
Q128071264	6000000180619207822
Q128071266	6000000180620402833
Q128071268	6000000180623446821
Q128071269	6000000180671564839
Q128071271	6000000180702102898
Q128071272	6000000180702873860
Q128071274	6000000180714507853
Q128071275	6000000180717580833
Q128071277	6000000180738544821
Q128071278	6000000180761574885
Q128071280	6000000180779777833
Q128071282	6000000180785698070
Q128071283	6000000180789302831
Q128071285	6000000180850364829
Q128071287	6000000180891592829
Q128071288	6000000180901360826
Q128071290	6000000180901360879
Q128071291	6000000180902189840
Q128071293	6000000180925664881
Q128071295	6000000180927385822
Q128071296	6000000180931904868
Q128071298	6000000180938711821
Q128071300	6000000180961853881
Q128071301	6000000180968469823
Q128071303	6000000180980517862
Q128071304	6000000180982946874
Q128071306	6000000180983879832
Q128071308	6000000180989712821
Q128071309	6000000181021463846
Q128071311	6000000181021943821
Q128071313	6000000181046997850
Q128071314	6000000181059034832
Q128071316	6000000181061320846
Q128071317	6000000181112648848
Q128071319	6000000181115076891
Q128071321	6000000181116480835
Q128071322	6000000181122269851
Q128071324	6000000181122682828
Q128071325	6000000181122703850
Q128071327	6000000181122753826
Q128071330	6000000181130418851
Q128071331	6000000181131903821
Q128071333	6000000181247193849
Q128071335	6000000181258457940
Q128071336	6000000181264738851
Q128071338	6000000181482288829
Q128071340	6000000181484106853
Q128071341	6000000181505712823
Q128071344	6000000181539739827
Q128071345	6000000181557337832
Q128071347	6000000181557642833
Q128071349	6000000181570242828
Q128071350	6000000181749094824
Q128071352	6000000181778154844
Q128071354	6000000181962508842
Q128071355	6000000181964682843
Q128071357	6000000181968401822
Q128071358	6000000181968964878
Q128071360	6000000181970088829
Q128071362	6000000181985386823
Q128071364	6000000181992220825
Q128071365	6000000181992552824
Q128071367	6000000181996207888
Q128071368	6000000182022485821
Q128071370	6000000182052022021
Q128071372	6000000182054112825
Q128071373	6000000182054949903
Q128071375	6000000182064561831
Q128071376	6000000182078658873
Q128071378	6000000182079909825
Q128071379	6000000182084990872
Q128071381	6000000182095753827
Q128071383	6000000182181512902
Q128071385	6000000182182884828
Q128071386	6000000182183167833
Q128071388	6000000182183595844
Q128071389	6000000182234275920
Q128071391	6000000182235689821
Q128071392	6000000182291645853
Q128071394	6000000182312817947
Q128071395	6000000182324618822
Q128071405	6000000182389369836
Q128071407	6000000182389709842
Q128071409	6000000182389938872
Q128071410	6000000182390118821
Q128071412	6000000182390425824
Q128071413	6000000182408013921
Q128071415	6000000182409285861
Q128071416	6000000182410794841
Q128071418	6000000182410854852
Q128071420	6000000182411210827
Q128071421	6000000182411922859
Q128071423	6000000182412568825
Q128071425	6000000182414274880
Q128071426	6000000182442787866
Q128071428	6000000182605121831
Q128071430	6000000182647687832
Q128071431	6000000182649589828
Q128071433	6000000182654907845
Q128071434	6000000182656695850
Q128071436	6000000182657731821
Q128071438	6000000182657733925
Q128071439	6000000182680404848
Q128071441	6000000182680911824
Q128071442	6000000182681114832
Q128071444	6000000182683056821
Q128071446	6000000182683395828
Q128071447	6000000182683579821
Q128071449	6000000182684860900
Q128071450	6000000182685672821
Q128071452	6000000182718098858
Q128071455	6000000182718288829
Q128071457	6000000182718554871
Q128071458	6000000182727672826
Q128071460	6000000182742092824
Q128071462	6000000182942696836
Q128071463	6000000183112553824
Q128071465	6000000183186133821
Q128071466	6000000183248586825
Q128071468	6000000183283934863
Q128071470	6000000183342757895
Q128071471	6000000183352907821
Q128071473	6000000183358043858
Q128071474	6000000183530047847
Q128071476	6000000183748639837
Q128071478	6000000183913963832
Q128071479	6000000183915264821
Q128071481	6000000183928209831
Q128071483	6000000184130827822
Q128071484	6000000184297955872
Q128071486	6000000184304989862
Q128071487	6000000184347870869
Q128071489	6000000184560239891
Q128071490	6000000184677784943
Q128071492	6000000184678809821
Q128071493	6000000184769548892
Q128071495	6000000184774136824
Q128071497	6000000184788629827
Q128071500	6000000184940109876
Q128071501	6000000184940173883
Q128071503	6000000184940842840
Q128071504	6000000184958404823
Q128071506	6000000185009912886
Q128071507	6000000185010643839
Q128071509	6000000185022455821
Q128071511	6000000185057965894
Q128071512	6000000185060489821
Q128071514	6000000185137981834
Q128071515	6000000185168111825
Q128071517	6000000185170007821
Q128071519	6000000185271517875
Q128071521	6000000185305365885
Q128071522	6000000185320667825
Q128071524	6000000185330948875
Q128071525	6000000185331280865
Q128071527	6000000185331380855
Q128071528	6000000185341117083
Q128071530	6000000185341793998
Q128071531	6000000185342796054
Q128071533	6000000185342982867
Q128071535	6000000185345165998
Q128071537	6000000185346146902
Q128071538	6000000185348795848
Q128071540	6000000185463408869
Q128071542	6000000185463749833
Q128071543	6000000185464265844
Q128071545	6000000185500989937
Q128071546	6000000185527043810
Q128071548	6000000185587078144
Q128071550	6000000185762080951
Q128071557	6000000187305627821
Q128071558	6000000187401013825
Q128071566	6000000187453037821
Q128071568	6000000187569205830
Q128071569	6000000187823294829
Q128071571	6000000187823350843
Q128071574	6000000187949377899
Q128071576	6000000187963259850
Q128071577	6000000188092593916
Q128071579	6000000188749748821
Q128071580	6000000188987312828
Q128071582	6000000189013025913
Q128071583	6000000189013172866
Q128071585	6000000189013297881
Q128071586	6000000189013298855
Q128071590	6000000189013926823
Q128071591	6000000189014417909
Q128071593	6000000189014872884
Q128071595	6000000189015258861
Q128071596	6000000189015718855
Q128071598	6000000189016426862
Q128071599	6000000189016574822
Q128071601	6000000189016727821
Q128071603	6000000189026178823
Q128071604	6000000189051794828
Q128071606	6000000189054777827
Q128071607	6000000189056872914
Q128071609	6000000189058239856
Q128071611	6000000189058268835
Q128071614	6000000189116063869
Q128071615	6000000189116474839
Q128071617	6000000189116871821
Q128071619	6000000189117433867
Q128071620	6000000189121127822
Q128071622	6000000189135194824
Q128071623	6000000189135207827
Q128071625	6000000189135331899
Q128071626	6000000189135343821
Q128071628	6000000189135423826
Q128071629	6000000189136611883
Q128071631	6000000189137073831
Q128071633	6000000189137526844
Q128071634	6000000189137827825
Q128071636	6000000189138274841
Q128071638	6000000189139708847
Q128071639	6000000189139991838
Q128071642	6000000189140223821
Q128071643	6000000189140357825
Q128071645	6000000189140997867
Q128071647	6000000189141175848
Q128071648	6000000189141731833
Q128071650	6000000189141743822
Q128071651	6000000189145241851
Q128071652	6000000189145308824
Q128071654	6000000189177212840
Q128071656	6000000189177524823
Q128071659	6000000189438604845
Q128071661	6000000189533277824
Q128071663	6000000189533534823
Q128071664	6000000189631063829
Q128071666	6000000189755982858
Q128071668	6000000189893715827
Q128071669	6000000189930897833
Q128071671	6000000190272072840
Q128071673	6000000190339566857
Q128071674	6000000190763481889
Q128071675	6000000190925406832
Q128071677	6000000190952462824
Q128071679	6000000190964867845
Q128071680	6000000190982812826
Q128071682	6000000191184586824
Q128071684	6000000191213706862
Q128071685	6000000191216091837
Q128071687	6000000191366064911
Q128071688	6000000191417287093
Q128071690	6000000191527239848
Q128071692	6000000191632508835
Q128071693	6000000192035905907
Q128071695	6000000192249200832
Q128071697	6000000192276989821
Q128071698	6000000192316029821
Q128071700	6000000192320763824
Q128071701	6000000192334784839
Q128071703	6000000192341046836
Q128071705	6000000192341535849
Q128071708	6000000192370022827
Q128071709	6000000192406542826
Q128071711	6000000192406793821
Q128071717	6000000194167421831
Q128071718	6000000194167535822
Q128071720	6000000194516974822
Q128071722	6000000194521823844
Q128071723	6000000194545874911
Q128071725	6000000194546289839
Q128071727	6000000194546423822
Q128071728	6000000194562582840
Q128071730	6000000194570943840
Q128071732	6000000194627899921
Q128071733	6000000194628903822
Q128071735	6000000194684407826
Q128071736	6000000194791175839
Q128071738	6000000194845907835
Q128071739	6000000194846216825
Q128071741	6000000194985121896
Q128071743	6000000195023471866
Q128071744	6000000195113860843
Q128071746	6000000195120778843
Q128071748	6000000195140074882
Q128071749	6000000195140099821
Q128071751	6000000195140223873
Q128071753	6000000195140232833
Q128071755	6000000195140496894
Q128071757	6000000195140502855
Q128071759	6000000195140538896
Q128071760	6000000195140651913
Q128071762	6000000195140681832
Q128071763	6000000195140763880
Q128071765	6000000195141268831
Q128071766	6000000195141322832
Q128071768	6000000195141393851
Q128071770	6000000195141772827
Q128071771	6000000195143370909
Q128071773	6000000195144684821
Q128071774	6000000195144874821
Q128071776	6000000195149272845
Q128071778	6000000195182151821
Q128071780	6000000195207567834
Q128071781	6000000195208201834
Q128071783	6000000195217604827
Q128071784	6000000195228248825
Q128071786	6000000195294412830
Q128071788	6000000195319782865
Q128071789	6000000195320011847
Q128071791	6000000195320530822
Q128071793	6000000195433018821
Q128071794	6000000195444839832
Q128071796	6000000195444949829
Q128071798	6000000195614865835
Q128071800	6000000195691590822
Q128071801	6000000195799463928
Q128071803	6000000195872550864
Q128071805	6000000195873305836
Q128071806	6000000195873383821
Q128071808	6000000195874404861
Q128071809	6000000195896705824
Q128071811	6000000195941653902
Q128071813	6000000195963620821
Q128071814	6000000196011950838
Q128071816	6000000196077939839
Q128071818	6000000196086417857
Q128071819	6000000196103234822
Q128071821	6000000196216397909
Q128071823	6000000196218520842
Q128071824	6000000196261833831
Q128071826	6000000196391785869
Q128071828	6000000196413203833
Q128071829	6000000196416915850
Q128071831	6000000196487514829
Q128071832	6000000196742406836
Q128071834	6000000196747449856
Q128071835	6000000196748326872
Q128071837	6000000196881311821
Q128071838	6000000196881518821
Q128071840	6000000196881554914
Q128071841	6000000196893549826
Q128071843	6000000196893718821
Q128071845	6000000196985829885
Q128071847	6000000197110931835
Q128071848	6000000197152560832
Q128071850	6000000197213875823
Q128071852	6000000197231679881
Q128071853	6000000197231750912
Q128071855	6000000197257290893
Q128071856	6000000197264661853
Q128071858	6000000197268170850
Q128071859	6000000197330446823
Q128071861	6000000197330889854
Q128071869	6000000197331224834
Q128071870	6000000197404426826
Q128071872	6000000197588083833
Q128071873	6000000197588391838
Q128071875	6000000197588416850
Q128071877	6000000197589001823
Q128071879	6000000197753830823
Q128071880	6000000198073669824
Q128071882	6000000198111396849
Q128071884	6000000198264233821
Q128071885	6000000198282178956
Q128071887	6000000198402571828
Q128071889	6000000198567465858
Q128071890	6000000198567769825
Q128071892	6000000198809318881
Q128071893	6000000198813397826
Q128071895	6000000198813528902
Q128071897	6000000198830143863
Q128071898	6000000198832669833
Q128071900	6000000198855394952
Q128071903	6000000198926219827
Q128071905	6000000198926372827
Q128071906	6000000198926420841
Q128071908	6000000198934053839
Q128071910	6000000198944162900
Q128071912	6000000198944515831
Q128071914	6000000198978286832
Q128071915	6000000199098047855
Q128071917	6000000199098341864
Q128071919	6000000199158167843
Q128071920	6000000199312537850
Q128071922	6000000199320647821
Q128071923	6000000199346781825
Q128071925	6000000199346973821
Q128071927	6000000199346993821
Q128071929	6000000199376729822
Q128071930	6000000199378364902
Q128071932	6000000199389621822
Q128071934	6000000199883618821
Q128071935	6000000200063340835
Q128071937	6000000201010241849
Q128071939	6000000201010289822
Q128071940	6000000201010340826
Q128071942	6000000201010341841
Q128071944	6000000201011772845
Q128071946	6000000201041761837
Q128071949	6000000201041861827
Q128071950	6000000201045648826
Q128071952	6000000201303611866
Q128071954	6000000201304618828
Q128071956	6000000201396464938
Q128071958	6000000201396546879
Q128071960	6000000201603177821
Q128071962	6000000201629007835
Q128071963	6000000201632754871
Q128071965	6000000201634198822
Q128071967	6000000201640849823
Q128071969	6000000201710530824
Q128071970	6000000201726498821
Q128071972	6000000201738729842
Q128071973	6000000201782253841
Q128071975	6000000201805578844
Q128071976	6000000201807858821
Q128071978	6000000201809932870
Q128071980	6000000201814856822
Q128071981	6000000201962222831
Q128071983	6000000202042222852
Q128071985	6000000202132094849
Q128071988	6000000202132415828
Q128071990	6000000202133008839
Q128071992	6000000202239670822
Q128071993	6000000202377491867
Q128071996	6000000202483347865
Q128071998	6000000203674978826
Q128072000	6000000204062467821
Q128072001	6000000204062947837
Q128072004	6000000204063268828
Q128072005	6000000204067897828
Q128072007	6000000204068650827
Q128072010	6000000204163296832
Q128072012	6000000204204317873
Q128072013	6000000204805274832
Q128072015	6000000204821402911
Q128072017	6000000205001928835
Q128072018	6000000059620420970
Q128072018	6000000205007255828
Q128072020	6000000205029993899
Q128072022	6000000205030533907
Q128072023	6000000205044891833
Q128072025	6000000205211713857
Q128072026	6000000205363359832
Q128072031	6000000206130973828
Q128072036	6000000206447766873
Q128072038	6000000206448097835
Q128072040	6000000206463178828
Q128072042	6000000206464235842
Q128072044	6000000206464312830
Q128072046	6000000206464822841
Q128072047	6000000206467729868
Q128072049	6000000206467913870
Q128072051	6000000206469095892
Q128072054	6000000206469458832
Q128072055	6000000206497062857
Q128072057	6000000206527744866
Q128072059	6000000206532866855
Q128072060	6000000206534279827
Q128072062	6000000206535755825
Q128072063	6000000206541568880
Q128072065	6000000206662451856
Q128072067	6000000206663928872
Q128072068	6000000206664175825
Q128072070	6000000206695997959
Q128072071	6000000206829701845
Q128072073	6000000206829777821
Q128072075	6000000206967102842
Q128072077	6000000207176681878
Q128072079	6000000207176870825
Q128072080	6000000207176903844
Q128072082	6000000207176975844
Q128072084	6000000207177544833
Q128072086	6000000207177633831
Q128072088	6000000207177646822
Q128072090	6000000207177676825
Q128072091	6000000207177700830
Q128072093	6000000207177756865
Q128072094	6000000207303034840
Q128072096	6000000207362215859
Q128072246	6000000033116302882
Q128072248	6000000033125927490
Q128072250	6000000033193401681
Q128072251	6000000033212327416
Q128072253	6000000033251886012
Q128072254	6000000033258495854
Q128072256	6000000033267964902
Q128072257	6000000033301473295
Q128072259	6000000033307521256
Q128072261	6000000033329973137
Q128072263	6000000033330059835
Q128072264	6000000033330206403
Q128072266	6000000033331189234
Q128072268	6000000033476728868
Q128072269	6000000033600689468
Q128072271	6000000033835908842
Q128072273	6000000033864615075
Q128072275	6000000033939237028
Q128072277	6000000034071156590
Q128072278	6000000035276005555
Q128072280	6000000035304688830
Q128072282	6000000035324079882
Q128072283	6000000035364804184
Q128072285	6000000035371864570
Q128072287	6000000035379394304
Q128072288	6000000035394965153
Q128072290	6000000035414427888
Q128072292	6000000035457108632
Q128072293	6000000035478077469
Q128072295	6000000035484767822
Q128072297	6000000035489029129
Q128072298	6000000037517760503
Q128072300	6000000037555053778
Q128072303	6000000037586481848
Q128072304	6000000037597619645
Q128072307	6000000037598186302
Q128072308	6000000037600740920
Q128072310	6000000037628481133
Q128072312	6000000037649734788
Q128072313	6000000037649909159
Q128072315	6000000037650390014
Q128072317	6000000037732014282
Q128072319	6000000037916690150
Q128072320	6000000038598344971
Q128072322	6000000038599426632
Q128072323	6000000038709969008
Q128072325	6000000038796388333
Q128072326	6000000038806246868
Q128072328	6000000038827578446
Q128072329	6000000038866076357
Q128072333	6000000038894805864
Q128072334	6000000039206855368
Q128072336	6000000039256895823
Q128072338	6000000039303733114
Q128072339	6000000039740159898
Q128072341	6000000041473231352
Q128072343	6000000041496340928
Q128072344	6000000041575242210
Q128072346	6000000041610424094
Q128072350	6000000041630761225
Q128072351	6000000041682916204
Q128072353	6000000041683027340
Q128072354	6000000041683253028
Q128072356	6000000043082095156
Q128072358	6000000043099158143
Q128072360	6000000043099205007
Q128072362	6000000043139394880
Q128072363	6000000043227744045
Q128072365	6000000043260248195
Q128072367	6000000043321994284
Q128072368	6000000043338329059
Q128072370	6000000043402019871
Q128072372	6000000043412675560
Q128072374	6000000043434652275
Q128072375	6000000043781709040
Q128072377	6000000048327976875
Q128072378	6000000048339166848
Q128072380	6000000048491671989
Q128072392	6000000059868044954
Q128072394	6000000067838123854
Q128072397	6000000068479442861
Q128072398	6000000069488175562
Q128072400	6000000069579046873
Q128072402	6000000069657678039
Q128072403	6000000069658373827
Q128072405	6000000069658748826
Q128072407	6000000069777673448
Q128072408	6000000069853324848
Q128072410	6000000069891663228
Q128072411	6000000069893878913
Q128072413	6000000069900799978
Q128072415	6000000069950589845
Q128072416	6000000069950726908
Q128072418	6000000070151376561
Q128072420	6000000070164142877
Q128072422	6000000076486385308
Q128072424	6000000076573793821
Q128072426	6000000076674636952
Q128072427	6000000076676339995
Q128072429	6000000076682396022
Q128072430	6000000076687719991
Q128072432	6000000076698245837
Q128072433	6000000076717767298
Q128072435	6000000076719435833
Q128072437	6000000076742776221
Q128072438	6000000076769906254
Q128072440	6000000076795497363
Q128072442	6000000076803133029
Q128072443	6000000076805201206
Q128072445	6000000076920011275
Q128072448	6000000077103381066
Q128072450	6000000077144370936
Q128072451	6000000077230718504
Q128072453	6000000077245232259
Q128072454	6000000077314910625
Q128072456	6000000078602752821
Q128072459	6000000078735251244
Q128072461	6000000078756777820
Q128072463	6000000078768115174
Q128072464	6000000078811930997
Q128072466	6000000078830141937
Q128072468	6000000078842000830
Q128072471	6000000078958146885
Q128072472	6000000078998876488
Q128072475	6000000078999179393
Q128072477	6000000079000511856
Q128072478	6000000082943931390
Q128072479	6000000082953833995
Q128072481	6000000083071326099
Q128072483	6000000083071386907
Q128072485	6000000083081509154
Q128072486	6000000083139592116
Q128072489	6000000083167624519
Q128072491	6000000083186283951
Q128072493	6000000083248650968
Q128072495	6000000083254160962
Q128072496	6000000083300515991
Q128072498	6000000083300729410
Q128072499	6000000083390332707
Q128072501	6000000083821580151
Q128072502	6000000084072260936
Q128072504	6000000084175523801
Q128072505	6000000086904567853
Q128072507	6000000086907565093
Q128072509	6000000086915880163
Q128072511	6000000087018451842
Q128072512	6000000087180030103
Q128072514	6000000087491865832
Q128072516	6000000087552242857
Q128072517	6000000087924539947
Q128072520	6000000088554402958
Q128072522	6000000088969260993
Q128072524	6000000089158059031
Q128072525	6000000089260092945
Q128072527	6000000089513929822
Q128072529	6000000089547227896
Q128072530	6000000089942850178
Q128072532	6000000090214710617
Q128072534	6000000101242801827
Q128072535	6000000101283470837
Q128072537	6000000101298841434
Q128072538	6000000101406554943
Q128072546	6000000101444954338
Q128072548	6000000101446237695
Q128072549	6000000102020567853
Q128072551	6000000102197722900
Q128072553	6000000102371832857
Q128072554	6000000102542344872
Q128072556	6000000102683186347
Q128072558	6000000102754193098
Q128072559	6000000103204062181
Q128072561	6000000103212756874
Q128072562	6000000103677288919
Q128072564	6000000103717282958
Q128072565	6000000103737202275
Q128072567	6000000103866382845
Q128072569	6000000117729364049
Q128072570	6000000118015308824
Q128072572	6000000118605628850
Q128072574	6000000118637111903
Q128072583	6000000119730382905
Q128072585	6000000120121159844
Q128072586	6000000120617313823
Q128072588	6000000121207515826
Q128072590	6000000121979456896
Q128072591	6000000122233537870
Q128072593	6000000123911712926
Q128072595	6000000141153285832
Q128072597	6000000141154427909
Q128072598	6000000141154821871
Q128072600	6000000141575234885
Q128072602	6000000141850364121
Q128072603	6000000142887943999
Q128072604	6000000143297671862
Q128072606	6000000143298763915
Q128072608	6000000143815109943
Q128072609	6000000144686322849
Q128072611	6000000144829288877
Q128072613	6000000145342592006
Q128072615	6000000170092924865
Q128072617	6000000171842708242
Q128072619	6000000172320755838
Q128072621	6000000172347785007
Q128072622	6000000172491697069
Q128072624	6000000172520832491
Q128072626	6000000172521657683
Q128072627	6000000172658455694
Q128072629	6000000172839953130
Q128072630	6000000172964441142
Q128072632	6000000172965146263
Q128072634	6000000173054802440
Q128072635	6000000173203981851
Q128072637	6000000173420478791
Q128072639	6000000173539476115
Q128072640	6000000174281996840
Q128072642	6000000174313493035
Q128072644	6000000178565733831
Q128072645	6000000178568461008
Q128072647	6000000178578241861
Q128072650	6000000178595175843
Q128072652	6000000178601537821
Q128072654	6000000178610419821
Q128072656	6000000182347637824
Q128072658	6000000182349353826
Q128072660	6000000182353612823
Q128072662	6000000182353697852
Q128072663	6000000182354306829
Q128072665	6000000182387653945
Q128072666	6000000182389000875
Q128072668	6000000182389074898
Q128072669	6000000185634028305
Q128072671	6000000185634941983
Q128072673	6000000185754507822
Q128072674	6000000185772596865
Q128072676	6000000185986461052
Q128072677	6000000186064056821
Q128072679	6000000186149085450
Q128072681	6000000186248696452
Q128072682	6000000186382241825
Q128072684	6000000186421694823
Q128072686	6000000186472985850
Q128072687	6000000186557444829
Q128072689	6000000186754286938
Q128072691	6000000186754532829
Q128072692	6000000186784824878
Q128072694	6000000186958304852
Q128072695	6000000186979659878
Q128072697	6000000186982660822
Q128072700	6000000187138183834
Q128072701	6000000187142592853
Q128072703	6000000187218649833
Q128072706	6000000192341565881
Q128072708	6000000192345399824
Q128072710	6000000192345550821
Q128072711	6000000192348036822
Q128072713	6000000192369723865
Q128072715	6000000192405380857
Q128072716	6000000192435552855
Q128072717	6000000192561804860
Q128072719	6000000192813999853
Q128072721	6000000193444578862
Q128072722	6000000193490626839
Q128072724	6000000193490850832
Q128072725	6000000193501672838
Q128072727	6000000194066435827
Q128072729	6000000194110734841
Q128072734	6000000201336787848
Q128072735	6000000201641875823
Q128072737	6000000201814582821
Q128072739	6000000205162379891
Q128072740	6000000205216357986
Q128072742	6000000205362243826
Q128072743	6000000205367077875
Q128072745	6000000205416399832
Q128072746	6000000205537025835
Q128072748	6000000205873180893
Q128072750	6000000205891765824
Q128072751	6000000206023158832
Q128072753	6000000206126790823
Q128072755	6000000206126793825
Q128072758	6000000206130240853
Q128072759	6000000206130267824
Q128072761	6000000206242818952
Q128072763	6000000206251398839
Q128072764	6000000206446717881
Q128072765	6000000206462571928
Q128072767	6000000206467982821
Q12807331	6000000166009573831
Q12807364	6000000034751797014
Q12807367	6000000134990346908
Q128074576	6000000048491972841
Q128074578	6000000048492125029
Q128074580	6000000048497770874
Q128074581	6000000048513606485
Q128074583	6000000048570396909
Q128074585	6000000048649261832
Q128074586	6000000049085756415
Q128074588	6000000049089938173
Q128074590	6000000053091723312
Q128074593	6000000055868916182
Q128074594	6000000055968152853
Q128074596	6000000056019347957
Q128074597	6000000056094603159
Q128074599	6000000056099087860
Q128074601	6000000056103076976
Q128074602	6000000056153652981
Q128074604	6000000056169183873
Q128074605	6000000056179058888
Q128074607	6000000056283019978
Q128074608	6000000056367378087
Q128074610	6000000056367717350
Q128074613	6000000056389772057
Q128074614	6000000056423896855
Q128074616	6000000056431473019
Q128074617	6000000059645242828
Q128074619	6000000059646054902
Q128074621	6000000059646618724
Q128074624	6000000059646773865
Q128074625	6000000059647861914
Q128074627	6000000059839477936
Q128074628	6000000059847482018
Q128074630	6000000059847703008
Q128074632	6000000059864589085
Q128074633	6000000059889797296
Q128074635	6000000060112360821
Q128074636	6000000068866377995
Q128074638	6000000069579730182
Q128074639	6000000069658041952
Q128074641	6000000069992302849
Q128074644	6000000194116776860
Q128074646	6000000194164579840
Q128074647	6000000194164896899
Q128074649	6000000194165139845
Q128074650	6000000194167056823
Q128074652	6000000194513367873
Q128074654	6000000194545718871
Q128074655	6000000194846238846
Q128074657	6000000200943147934
Q128074658	6000000201011718849
Q128074660	6000000201041584821
Q128074662	6000000201605560838
Q128074663	6000000201639890842
Q128074665	6000000205849259823
Q128074666	6000000206127388880
Q128074668	6000000206276436854
Q128075196	6000000186884620867
Q128076	6000000013837414558
Q1280760	6000000027875483535
Q12807664	6000000172538637018
Q1280772	6000000005755715101
Q1280790	6000000058367612884
Q128081174	6000000210077095835
Q128081693	6000000066984265889
Q12808445	6000000177085298921
Q128085	6000000029040263231
Q12808644	6000000176995811823
Q1280886	6000000015738176007
Q1280924	6000000033307350005
Q1280939	6000000022561779448
Q1280940	6000000125337574824
Q1280942	6000000184369571919
Q12809532	6000000177203594822
Q1280999	6000000045826999059
Q128100779	6000000179723357860
Q128101017	6000000179724851821
Q128101461	6000000179723440889
Q1281017	6000000013298711551
Q128101706	6000000179724803836
Q1281022	6000000010505368613
Q128104989	6000000014514217361
Q128105833	6000000002802782591
Q128106707	6000000080421274849
Q128107212	6000000002765045071
Q1281080	6000000057858669875
Q1281084	6000000042292160753
Q12810953	6000000177211941834
Q1281112	6000000026865175118
Q1281119	6000000020907894764
Q128113701	6000000083079931285
Q1281193	6000000018205361799
Q1281204	6000000022046432334
Q128121	6000000000783987004
Q1281212	6000000014294030025
Q1281228	6000000190251770013
Q128123321	6000000002765045220
Q128123338	6000000002765045228
Q128123350	6000000002764763717
Q128123867	6000000010279603634
Q128126	6000000010132478115
Q128126187	6000000014883640336
Q128126479	6000000014883286961
Q1281281	6000000068742524986
Q128129319	6000000020182377960
Q128129872	6000000008369931596
Q128130419	6000000004947417224
Q128130552	6000000006442642827
Q128130566	6000000005747467254
Q128130874	6000000020934147221
Q128131018	6000000009639307456
Q128131266	6000000002228252070
Q128131283	6000000002228250936
Q128131299	6000000006441075741
Q128131331	4454720445330011478
Q128131588	6000000002317219621
Q128131601	378072442110005795
Q128132163	6000000011936883279
Q128132342	6000000006864217676
Q128132466	374220349640013537
Q128132483	6000000041110896335
Q128132500	6000000041137947054
Q128132540	6000000019800184443
Q1281335	6000000057894161859
Q128134540	6000000024947554792
Q128134540	6000000179216819829
Q1281346	6000000019103502037
Q12813502	6000000102031577085
Q128135294	6000000207744825831
Q128135627	6000000000477923273
Q128135855	5544237147370053385
Q1281362	6000000001596017989
Q12813743	6000000016922162902
Q12813747	6000000040252531474
Q128137668	6000000179217127833
Q12813846	6000000016141250888
Q1281385	6000000039671371715
Q12813865	6000000001469203255
Q12813968	6000000016562319596
Q1281414	6000000037008191847
Q12814422	6000000034115687421
Q12814448	6000000180580800824
Q12814548	6000000010930618544
Q12814628	6000000006741810693
Q12814643	6000000010610449826
Q12814647	6000000068517504840
Q1281473	6000000001402642118
Q12814760	6000000018893167711
Q12815017	6000000088551379826
Q128150382	6000000068325776991
Q12815248	6000000059893004154
Q12815251	6000000138330140853
Q12815259	6000000109714793932
Q12815317	6000000010134325404
Q12815321	6000000055587591888
Q12815548	6000000020813982066
Q12815575	6000000022171143351
Q1281563	6000000085010422247
Q128156860	6000000009945550309
Q128156862	6000000024626161167
Q128156863	6000000029153969034
Q128156865	6000000000038151922
Q128156867	6000000000075157886
Q128156869	6000000000121485526
Q128156870	6000000000142958283
Q128156872	6000000000186056805
Q128156874	6000000000234011950
Q128156875	6000000000334715998
Q128156877	6000000000335249407
Q128156882	6000000000913429048
Q128156884	6000000000933598388
Q128156886	6000000001009217466
Q128156888	6000000001009217584
Q128156889	6000000001094344288
Q128156891	6000000001128445963
Q128156893	6000000001128572407
Q128156894	6000000001128615083
Q128156896	6000000001272028380
Q128156898	6000000001272069207
Q128156899	6000000001340564459
Q1281569	6000000150995365847
Q128156901	6000000001504230920
Q128156902	6000000001515149488
Q128156904	6000000001700413869
Q128156906	6000000001798350981
Q128156909	6000000002003070957
Q128156910	6000000002039748889
Q128156912	6000000002066179056
Q128156914	6000000002299798679
Q128156915	6000000002300415546
Q128156917	6000000002300415637
Q128156920	6000000002300420105
Q128156922	6000000002300423006
Q128156923	6000000002409142920
Q128156925	6000000002423314917
Q128156926	6000000002432968345
Q128156928	6000000002453029871
Q128156931	6000000002733650668
Q128156934	6000000002745150298
Q128156940	6000000002745178678
Q128156941	6000000002745203217
Q128156943	6000000002802727683
Q128156945	6000000002802727774
Q128156947	6000000002906143450
Q128156949	6000000002912093813
Q128156954	6000000002912096976
Q128156956	6000000002967177529
Q128156963	6000000003001652352
Q128156965	6000000003070095748
Q128156967	6000000003071324202
Q128156968	6000000003071572698
Q128156970	6000000003071838253
Q128156971	6000000003080904648
Q128156975	6000000003082360021
Q128156976	6000000003083025722
Q128156978	6000000003093208089
Q128156984	6000000003112304177
Q128156985	6000000003164209382
Q128156987	6000000003164242726
Q128156988	6000000003264527301
Q128156990	6000000003291201236
Q128156994	6000000003362962506
Q128156996	6000000003396211915
Q128156997	6000000003400238386
Q128157000	6000000003443837035
Q128157002	6000000003569413674
Q128157004	6000000003570370680
Q128157010	6000000003621674230
Q128157011	6000000003644981982
Q128157013	6000000003657483449
Q128157014	6000000003781915209
Q128157017	6000000003789362925
Q128157021	6000000003830362055
Q128157024	6000000003844192802
Q128157026	6000000003846819490
Q128157028	6000000003859441731
Q128157029	6000000003859465321
Q128157031	6000000003875185979
Q128157032	6000000003913825981
Q128157034	6000000003914433727
Q128157036	6000000003915044447
Q128157037	6000000003996121962
Q128157039	6000000003996473497
Q128157040	6000000004035492756
Q128157044	6000000004160717448
Q128157045	6000000004217099245
Q128157047	6000000004267293159
Q128157053	6000000004321281856
Q128157056	6000000004326277021
Q128157057	6000000004326429865
Q128157061	6000000004399669157
Q128157062	6000000004399669920
Q128157064	6000000004399760754
Q128157066	6000000004400129240
Q128157067	6000000004402308027
Q128157069	6000000004513511017
Q128157082	6000000004681528405
Q128157091	6000000004880232790
Q128157098	6000000004880389283
Q128157100	6000000004951748884
Q128157102	6000000004952010959
Q128157103	6000000004952029760
Q128157105	6000000005014948862
Q128157107	6000000005035802746
Q128157109	6000000005045380140
Q128157111	6000000005045418759
Q128157112	6000000005045610074
Q128157114	6000000005045674163
Q128157115	6000000005092281527
Q12815712	6000000022889509291
Q128157120	6000000005106060533
Q128157121	6000000005185207064
Q128157123	6000000005229339574
Q128157125	6000000005229849423
Q128157126	6000000005229939143
Q128157130	6000000005231045508
Q128157131	6000000005242025639
Q128157134	6000000005244216059
Q128157136	6000000005547142432
Q128157137	6000000005549005006
Q128157139	6000000005549463008
Q128157145	6000000005552197010
Q128157147	6000000005553327001
Q128157148	6000000005553496023
Q128157150	6000000005555637001
Q128157152	6000000005558131002
Q128157155	6000000005562070779
Q128157156	6000000005562194906
Q128157158	6000000005562321913
Q128157160	6000000005562559415
Q128157161	6000000005563129763
Q128157163	6000000005563162425
Q128157166	6000000005736746996
Q128157172	6000000006127417872
Q128157174	6000000006127446387
Q128157176	6000000006127523485
Q128157177	6000000006127570953
Q128157179	6000000006127578361
Q128157181	6000000006127705886
Q128157183	6000000006127817444
Q128157188	6000000006128097838
Q128157190	6000000006128291948
Q128157192	6000000006128299945
Q128157194	6000000006191660439
Q128157196	6000000006201943819
Q128157198	6000000006202245523
Q128157199	6000000006263496242
Q128157201	6000000006296566278
Q128157203	6000000006296849038
Q128157204	6000000006298560410
Q128157206	6000000006299019489
Q128157208	6000000006299109496
Q128157209	6000000006300397465
Q128157211	6000000006301585467
Q128157212	6000000006305874001
Q128157214	6000000006306911017
Q128157216	6000000006351325370
Q128157217	6000000006361264500
Q128157219	6000000006362493057
Q128157221	6000000006362579019
Q128157228	6000000006380768444
Q128157230	6000000006405031247
Q128157232	6000000006417935754
Q128157234	6000000006419905838
Q128157235	6000000006420260128
Q128157237	6000000006420265168
Q128157238	6000000006444595245
Q128157242	6000000006444925322
Q128157243	6000000006447747299
Q128157245	6000000006600424182
Q128157247	6000000006713113434
Q128157249	6000000006724847307
Q128157251	6000000006760616485
Q128157258	6000000006775270649
Q128157259	6000000006775394587
Q128157261	6000000006802249335
Q128157263	6000000006802448384
Q128157264	6000000006802738522
Q128157266	6000000006802793283
Q128157268	6000000006824519404
Q128157270	6000000006824697211
Q128157271	6000000006828598757
Q128157273	6000000006979678067
Q128157275	6000000006987024644
Q128157276	6000000006998972359
Q128157278	6000000007017797170
Q128157280	6000000007097095259
Q128157282	6000000007102555987
Q128157283	6000000007102891452
Q12815729	6000000010513321051
Q128157290	6000000007108105353
Q128157293	6000000007111954934
Q128157294	6000000007112332286
Q128157296	6000000007175057190
Q128157298	6000000007188169433
Q128157299	6000000007188303272
Q12815730	6000000017000588815
Q128157301	6000000007199670460
Q128157302	6000000007199887399
Q128157304	6000000007214094491
Q128157306	6000000007216924080
Q128157308	6000000007230165391
Q128157309	6000000007234368341
Q128157311	6000000007247895597
Q128157313	6000000007292637155
Q128157316	6000000007293413798
Q128157317	6000000007296825867
Q128157319	6000000007296825876
Q128157321	6000000007296825903
Q128157322	6000000007300449563
Q128157324	6000000007309639201
Q128157326	6000000007321096139
Q128157327	6000000007372151558
Q128157330	6000000007376593442
Q128157332	6000000007385441317
Q128157339	6000000007433791704
Q128157341	6000000007446557348
Q128157343	6000000007451361769
Q128157344	6000000007453584216
Q128157352	6000000007464210928
Q128157353	6000000007473384155
Q128157355	6000000007474665576
Q128157358	6000000007479424279
Q128157359	6000000007482432812
Q128157361	6000000007523204750
Q128157362	6000000007523685270
Q128157364	6000000007530542208
Q128157365	6000000007533434335
Q128157367	6000000007549694208
Q128157369	6000000007551304073
Q128157370	6000000007574157030
Q128157372	6000000007575316233
Q128157373	6000000007616606216
Q128157375	6000000007631868127
Q128157376	6000000007652763629
Q128157378	6000000007652764723
Q128157380	6000000007658327715
Q128157381	6000000007658501263
Q128157383	6000000007658506208
Q128157384	6000000007659195854
Q128157388	6000000007659503229
Q128157389	6000000007660535037
Q128157391	6000000007660544372
Q128157392	6000000007660866659
Q128157394	6000000007693095068
Q128157396	6000000007706922112
Q128157397	6000000007707150133
Q128157399	6000000007707361500
Q128157400	6000000007707582610
Q128157402	6000000007744971131
Q128157404	6000000007745907312
Q128157405	6000000007758854058
Q128157407	6000000007759448549
Q128157409	6000000007759663655
Q128157410	6000000007789949181
Q128157413	6000000007801897314
Q128157414	6000000007819339053
Q128157416	6000000007849181644
Q128157418	6000000007907830382
Q128157419	6000000007949723739
Q128157421	6000000007977891704
Q128157422	6000000007978512465
Q128157424	6000000007979777730
Q128157425	6000000007980885022
Q128157427	6000000007984602911
Q128157429	6000000007991821133
Q128157430	6000000007992007299
Q128157432	6000000007992061332
Q128157439	6000000007992130839
Q128157440	6000000007992467930
Q128157447	6000000007992847538
Q128157450	6000000007993186384
Q128157452	6000000008020911398
Q128157454	6000000008037902006
Q128157456	6000000008040656144
Q128157457	6000000008062362542
Q128157460	6000000008074839800
Q128157461	6000000008088757480
Q128157463	6000000008100034782
Q128157465	6000000008113016114
Q128157466	6000000008115225264
Q128157468	6000000008135181704
Q128157470	6000000008136547593
Q128157472	6000000008148377825
Q128157473	6000000008175637783
Q128157475	6000000008176219817
Q128157477	6000000008176462576
Q128157478	6000000008180723953
Q128157480	6000000008180750568
Q128157481	6000000008181041679
Q128157483	6000000008182025043
Q128157485	6000000008188493326
Q128157486	6000000008188835250
Q128157488	6000000008190862782
Q128157490	6000000008192795620
Q128157492	6000000008217763622
Q128157494	6000000008249736625
Q128157496	6000000008285081306
Q128157498	6000000008285632336
Q128157504	6000000008285737764
Q128157506	6000000008285999658
Q128157509	6000000008338383877
Q128157516	6000000008341512751
Q128157518	6000000008341837286
Q128157520	6000000008377695450
Q128157526	6000000008380443226
Q128157528	6000000008394749512
Q128157529	6000000008394770996
Q128157530	6000000008428465980
Q128157532	6000000008456286899
Q128157534	6000000008456286904
Q128157540	6000000008466985290
Q128157542	6000000008466990243
Q128157544	6000000008466993317
Q128157545	6000000008469169945
Q128157547	6000000008469616130
Q128157548	6000000008479364135
Q128157550	6000000008481549805
Q128157552	6000000008487818065
Q128157553	6000000008488452400
Q128157555	6000000008529894173
Q128157557	6000000008530500246
Q128157559	6000000008534190954
Q128157561	6000000008537519855
Q128157565	6000000008540862193
Q128157567	6000000008541076970
Q128157568	6000000008546642768
Q128157569	6000000008572155989
Q128157571	6000000008591929758
Q128157575	6000000008601962619
Q128157576	6000000008603678605
Q128157580	6000000008613383468
Q128157581	6000000008613483488
Q128157583	6000000008613564656
Q128157584	6000000008615754419
Q128157586	6000000008627447153
Q128157587	6000000008627454906
Q128157589	6000000008634961612
Q128157591	6000000008643671854
Q128157592	6000000008643701294
Q128157594	6000000008644008314
Q128157595	6000000008659740661
Q128157597	6000000008659984453
Q128157600	6000000008678317418
Q128157602	6000000008679167755
Q128157604	6000000008679500927
Q128157605	6000000008680661369
Q128157607	6000000008708620149
Q128157608	6000000008717059472
Q128157610	6000000008724147381
Q128157612	6000000008733398916
Q128157615	6000000008771737599
Q128157616	6000000008777650539
Q128157618	6000000008814560607
Q128157620	6000000008814704814
Q128157621	6000000008830909942
Q128157623	6000000008833364109
Q128157624	6000000008834812698
Q128157626	6000000008836889700
Q128157627	6000000008841379135
Q128157629	6000000008855741231
Q128157630	6000000008857181708
Q128157638	6000000008859967079
Q128157639	6000000008860204147
Q128157641	6000000008860992943
Q128157642	6000000008861243544
Q128157644	6000000008861618552
Q128157646	6000000008862019685
Q128157647	6000000008891293891
Q128157649	6000000008905638584
Q128157650	6000000008907516615
Q128157652	6000000008913129351
Q128157654	6000000008913664251
Q128157658	6000000008913778969
Q128157659	6000000008923882645
Q128157661	6000000008927048129
Q128157664	6000000008931950564
Q128157666	6000000008960549941
Q128157667	6000000008960644220
Q128157669	6000000008962166899
Q128157671	6000000008964982826
Q128157676	6000000008975833539
Q128157678	6000000008976047545
Q128157679	6000000008977060616
Q128157680	6000000008988784667
Q128157687	6000000009027137098
Q128157688	6000000009029801505
Q128157693	6000000009048574180
Q128157695	6000000009056620793
Q128157696	6000000009065597263
Q128157697	6000000009076781973
Q128157699	6000000009116242113
Q128157701	6000000009116643956
Q128157703	6000000009127230847
Q128157704	6000000009135744937
Q128157708	6000000009162099464
Q128157709	6000000009169192262
Q128157711	6000000009186296490
Q128157712	6000000009186899552
Q128157714	6000000009188822552
Q128157716	6000000009217059544
Q128157717	6000000009227921440
Q128157719	6000000009235361371
Q128157720	6000000009235373272
Q128157722	6000000009235544503
Q128157724	6000000009235874321
Q128157726	6000000009237937737
Q128157727	6000000009239838823
Q128157729	6000000009295120435
Q128157731	6000000009296162477
Q128157732	6000000009297203898
Q128157734	6000000009297331602
Q128157735	6000000009297372315
Q128157737	6000000009325121122
Q128157739	6000000009341941295
Q128157740	6000000009342822362
Q128157742	6000000009354715342
Q128157743	6000000009358447488
Q128157745	6000000009366314960
Q128157747	6000000009374397847
Q128157749	6000000009374573208
Q128157751	6000000009375393449
Q128157752	6000000009385948005
Q128157754	6000000009387360088
Q128157756	6000000009415429344
Q128157757	6000000009428976157
Q128157759	6000000009439750543
Q128157761	6000000009490321655
Q128157762	6000000009540518295
Q128157764	6000000009580869380
Q128157766	6000000009580886376
Q128157767	6000000009625901094
Q128157769	6000000009637632134
Q128157770	6000000009663229034
Q128157772	6000000009716861405
Q128157777	6000000009770797390
Q128157783	6000000009771271239
Q128157785	6000000009772208087
Q128157786	6000000009772577600
Q128157788	6000000009772764236
Q128157790	6000000009772856666
Q128157791	6000000009772903303
Q128157793	6000000009773128535
Q128157795	6000000009773799533
Q128157796	6000000009775322208
Q128157798	6000000009783985545
Q128157799	6000000009787116455
Q128157801	6000000009791423998
Q128157803	6000000009792425701
Q128157804	6000000009806128969
Q128157807	6000000009806216056
Q128157813	6000000009806730911
Q128157815	6000000009816650141
Q128157816	6000000009824106650
Q128157818	6000000009824573282
Q128157819	6000000009824811577
Q128157828	6000000009827785236
Q128157829	6000000009889909820
Q128157831	6000000009896738228
Q128157832	6000000009916903252
Q128157834	6000000009926364543
Q128157836	6000000009935538813
Q128157837	6000000009943873761
Q128157839	6000000009943972372
Q128157840	6000000009944138405
Q128157842	6000000009944140378
Q128157843	6000000009944224625
Q128157845	6000000009944308213
Q128157847	6000000009944643799
Q128157848	6000000009944839420
Q128157850	6000000009945428559
Q128157852	6000000009945555210
Q128157854	6000000009956530629
Q128157859	6000000009956578668
Q128157861	6000000009956632279
Q128157863	6000000009956987392
Q128157864	6000000009963240944
Q128157866	6000000009965541368
Q128157867	6000000009975167461
Q128157869	6000000009975940662
Q128157871	6000000009977225364
Q128157872	6000000009977879405
Q128157874	6000000009987845317
Q128157875	6000000010008187390
Q128157877	6000000010042060697
Q128157878	6000000010042458662
Q128157880	6000000010042936738
Q128157881	6000000010043428788
Q128157883	6000000010044692055
Q128157885	6000000010044864580
Q128157886	6000000010061291966
Q128157888	6000000010069564658
Q128157890	6000000010069676459
Q128157893	6000000010079621888
Q128157895	6000000010079763762
Q128157896	6000000010080582121
Q128157898	6000000010080744950
Q128157901	6000000010090737160
Q128157902	6000000010091559287
Q128157904	6000000010110774736
Q128157905	6000000010113388929
Q128157907	6000000010113875402
Q128157909	6000000010113905351
Q128157910	6000000010119067813
Q128157912	6000000010129511928
Q128157914	6000000010131054515
Q128157921	6000000010139990466
Q128157922	6000000010140873761
Q128157925	6000000010161234641
Q128157927	6000000010181654960
Q128157933	6000000010210401353
Q128157935	6000000010218498372
Q128157936	6000000010228489441
Q128157938	6000000010228693156
Q128157939	6000000010230071327
Q128157941	6000000010240790983
Q128157944	6000000010264659200
Q128157952	6000000010265216370
Q128157953	6000000010268293678
Q128157955	6000000010299277286
Q128157956	6000000010305263397
Q128157958	6000000010306098344
Q128157965	6000000010309190152
Q128157967	6000000010309383130
Q128157969	6000000010309424695
Q128157970	6000000010309638268
Q128157978	6000000010311917927
Q128157981	6000000010318429557
Q128157982	6000000010372093956
Q128157984	6000000010372439203
Q128157986	6000000010382611196
Q128157988	6000000010383565374
Q128157990	6000000010391174606
Q128158000	6000000010398750681
Q128158002	6000000010408402441
Q128158004	6000000010409014861
Q128158005	6000000010409315378
Q128158007	6000000010411048054
Q128158009	6000000010411631925
Q128158010	6000000010411981787
Q128158012	6000000010412349709
Q128158014	6000000010426453649
Q128158015	6000000010482927349
Q128158017	6000000010485050485
Q128158019	6000000010495694209
Q128158020	6000000010510494771
Q128158022	6000000010510591249
Q128158025	6000000010540962211
Q128158027	6000000010551655087
Q128158029	6000000010552188997
Q128158030	6000000010572361776
Q128158032	6000000010578381580
Q128158033	6000000010579832057
Q128158034	6000000010579847587
Q128158036	6000000010599098847
Q128158040	6000000010628485269
Q128158041	6000000010630146504
Q128158043	6000000010639651536
Q128158045	6000000010648948650
Q128158046	6000000010657888633
Q128158048	6000000010665798799
Q128158049	6000000010667346134
Q128158052	6000000010667372085
Q128158054	6000000010667569359
Q128158055	6000000010669746457
Q128158057	6000000010693060863
Q128158058	6000000010693091603
Q128158062	6000000010695367149
Q128158063	6000000010707052160
Q128158065	6000000010762790447
Q128158067	6000000010762977210
Q128158070	6000000010772007410
Q128158072	6000000010777015446
Q128158073	6000000010797335569
Q128158075	6000000010797361902
Q128158076	6000000010820286725
Q128158078	6000000010828169031
Q128158085	6000000010932990820
Q128158086	6000000010933304695
Q128158089	6000000010933737529
Q128158091	6000000010934077289
Q128158092	6000000010975199497
Q128158093	6000000011006875807
Q128158101	6000000011013511587
Q128158103	6000000011026420384
Q128158105	6000000011033949810
Q128158107	6000000011041796628
Q128158108	6000000011055831279
Q128158110	6000000011087164378
Q128158112	6000000011089360000
Q128158113	6000000011092715955
Q128158115	6000000011092771904
Q128158117	6000000011092865263
Q128158119	6000000011208364764
Q128158121	6000000011209466913
Q128158123	6000000011229664200
Q128158124	6000000011230180502
Q128158127	6000000011237811278
Q128158129	6000000011238516746
Q128158131	6000000011239888198
Q128158133	6000000011240963977
Q128158134	6000000011254102468
Q128158136	6000000011254111863
Q128158137	6000000011298938440
Q128158139	6000000011302798835
Q128158141	6000000011311988512
Q128158142	6000000011320372446
Q128158144	6000000011320666907
Q128158145	6000000011320941608
Q128158147	6000000011322209405
Q128158149	6000000011327711036
Q128158153	6000000011350992594
Q128158154	6000000011356773266
Q128158155	6000000011357186352
Q128158156	6000000011368184032
Q128158157	6000000011368329804
Q128158159	6000000011368567112
Q128158162	6000000011369228539
Q128158164	6000000011384853104
Q128158166	6000000011385083948
Q128158168	6000000011385365911
Q128158169	6000000011391111039
Q128158172	6000000011391258489
Q128158173	6000000011394395865
Q128158175	6000000011398968401
Q128158177	6000000011399217630
Q128158180	6000000011399483670
Q128158182	6000000011400252214
Q128158183	6000000011401310600
Q128158184	6000000011410791709
Q128158185	6000000011410977028
Q128158186	6000000011411149486
Q128158188	6000000011411286084
Q128158190	6000000011411344045
Q128158192	6000000011437439516
Q128158194	6000000011438969446
Q128158196	6000000011447301347
Q128158197	6000000011459754973
Q128158200	6000000011467563723
Q128158202	6000000011469793293
Q128158204	6000000011471427435
Q128158205	6000000011477354358
Q128158207	6000000011478627806
Q128158208	6000000011489239574
Q128158211	6000000011490166690
Q128158213	6000000011490518951
Q128158220	6000000011490534183
Q128158221	6000000011502909574
Q128158224	6000000011505010923
Q128158225	6000000011514097623
Q128158226	6000000011514632218
Q128158232	6000000011514661833
Q128158234	6000000011515229415
Q128158239	6000000011525065821
Q128158245	6000000011530500517
Q128158246	6000000011535082737
Q128158247	6000000011545168546
Q128158249	6000000011545404510
Q128158251	6000000011545837381
Q128158258	6000000011547772441
Q128158260	6000000011549945338
Q128158263	6000000011556476674
Q128158264	6000000011556477719
Q128158266	6000000011556864806
Q128158268	6000000011557168755
Q128158270	6000000011557348398
Q128158276	6000000011559215710
Q128158278	6000000011559428672
Q128158280	6000000011559509741
Q128158281	6000000011565596497
Q128158283	6000000011566125830
Q128158285	6000000011566414771
Q128158287	6000000011566512061
Q128158289	6000000011566734392
Q128158290	6000000011567126904
Q128158291	6000000011568851193
Q128158293	6000000011568877553
Q128158294	6000000011569352887
Q128158296	6000000011569923249
Q128158298	6000000011577449476
Q128158300	6000000011577770616
Q128158301	6000000011578910468
Q128158304	6000000011579502134
Q128158305	6000000011581998046
Q128158307	6000000011591251307
Q128158309	6000000011591604788
Q128158311	6000000011591818934
Q128158312	6000000011591853903
Q128158314	6000000011591919297
Q128158315	6000000011593032012
Q128158316	6000000011593098723
Q128158318	6000000011593234349
Q128158320	6000000011593346264
Q128158321	6000000011593884917
Q128158323	6000000011597896341
Q128158324	6000000011621509666
Q128158326	6000000011623191162
Q128158328	6000000011623794698
Q128158329	6000000011624611625
Q128158333	6000000011625293663
Q128158334	6000000011625557252
Q128158340	6000000011632124221
Q128158342	6000000011632146349
Q128158344	6000000011632386564
Q128158345	6000000011632398233
Q128158347	6000000011632779967
Q128158349	6000000011633006681
Q128158356	6000000011633940382
Q128158358	6000000011633973867
Q128158359	6000000011633987510
Q128158361	6000000011634025405
Q128158368	6000000011634581642
Q128158370	6000000011634690728
Q128158371	6000000011636689467
Q128158373	6000000011646804657
Q128158374	6000000011646963781
Q128158376	6000000011647217552
Q128158378	6000000011647567431
Q128158379	6000000011657142490
Q128158381	6000000011667527062
Q128158383	6000000011686307037
Q128158385	6000000011686330009
Q128158390	6000000011692047885
Q128158392	6000000011692536250
Q128158395	6000000011726475851
Q128158396	6000000011726546513
Q128158398	6000000011733613566
Q128158400	6000000011733978524
Q128158401	6000000011743843771
Q128158407	6000000011743876784
Q128158409	6000000011744413413
Q128158411	6000000011744446711
Q128158412	6000000011768229463
Q128158414	6000000011772093577
Q128158416	6000000011777802803
Q128158418	6000000011799260979
Q128158419	6000000011821181393
Q128158421	6000000011845661705
Q128158422	6000000011851942791
Q128158423	6000000011853532413
Q128158425	6000000011856008177
Q128158427	6000000011857791223
Q128158428	6000000011858765389
Q128158430	6000000011894240240
Q128158431	6000000011907138475
Q128158433	6000000011923408252
Q128158435	6000000011923462358
Q128158437	6000000011961180398
Q128158438	6000000011999081170
Q128158440	6000000012028273925
Q128158443	6000000012028782416
Q128158444	6000000012044274246
Q128158446	6000000012066074964
Q128158447	6000000012071020244
Q128158448	6000000012071426581
Q128158450	6000000012071811573
Q128158452	6000000012072184982
Q128158453	6000000012092479579
Q128158455	6000000012095115653
Q128158457	6000000012105725223
Q128158458	6000000012131325704
Q128158460	6000000012180477822
Q128158461	6000000012209964686
Q128158469	6000000012210488302
Q128158470	6000000012210545296
Q128158472	6000000012227640076
Q128158474	6000000012228847059
Q128158476	6000000012256595675
Q128158480	6000000012315994272
Q128158481	6000000012330513193
Q128158483	6000000012343328912
Q128158485	6000000012345460838
Q128158487	6000000012348732374
Q12815849	6000000062689636252
Q128158490	6000000012349026469
Q128158491	6000000012370555922
Q128158493	6000000012380827512
Q128158494	6000000012381319795
Q128158496	6000000012384319631
Q128158497	6000000012391769809
Q128158499	6000000012391951353
Q128158508	6000000012431292459
Q128158510	6000000012462872894
Q128158511	6000000012502458409
Q128158519	6000000012502477135
Q128158521	6000000012502540812
Q128158523	6000000012508417848
Q128158524	6000000012508464646
Q128158528	6000000012509369270
Q128158531	6000000012514432420
Q128158533	6000000012518176545
Q128158535	6000000012533331421
Q128158537	6000000012547487186
Q128158538	6000000012547658361
Q128158540	6000000012552435021
Q128158546	6000000012566137324
Q128158548	6000000012587371939
Q128158549	6000000012587932708
Q128158551	6000000012606685930
Q128158553	6000000012627371245
Q128158555	6000000012627711228
Q128158556	6000000012632839656
Q128158558	6000000012642623997
Q128158560	6000000012684972365
Q128158562	6000000012706432422
Q128158563	6000000012706524535
Q128158565	6000000012720917435
Q128158569	6000000012720997644
Q128158571	6000000012721052243
Q128158573	6000000012722045641
Q128158574	6000000012722890142
Q128158576	6000000012726629516
Q128158577	6000000012738576619
Q128158579	6000000012746092231
Q128158581	6000000012746757896
Q128158583	6000000012748245302
Q128158584	6000000012748593468
Q128158585	6000000012751591273
Q128158588	6000000012752059229
Q128158589	6000000012752102254
Q128158591	6000000012754644554
Q128158593	6000000012755295099
Q128158594	6000000012764157830
Q128158596	6000000012764483090
Q128158598	6000000012768218201
Q128158599	6000000012772602568
Q128158601	6000000012778601661
Q128158605	6000000012780196709
Q128158606	6000000012780414969
Q128158608	6000000012796856297
Q128158610	6000000012797091892
Q128158612	6000000012798217054
Q128158613	6000000012798506465
Q128158615	6000000012815102950
Q128158624	6000000012827643258
Q128158625	6000000012869239272
Q128158628	6000000012962763269
Q128158636	6000000012974961071
Q128158638	6000000012975070884
Q128158639	6000000012975282861
Q128158647	6000000012984624101
Q128158648	6000000012984695093
Q128158655	6000000012985288717
Q128158657	6000000012985526957
Q128158658	6000000012996020398
Q128158660	6000000012996197422
Q128158662	6000000013003740363
Q128158664	6000000013015980077
Q128158665	6000000013025565117
Q128158667	6000000013035817676
Q128158673	6000000013049570903
Q128158675	6000000013049834151
Q128158677	6000000013057324821
Q128158679	6000000013058028388
Q128158681	6000000013059049010
Q128158682	6000000013059954015
Q128158684	6000000013059992139
Q128158686	6000000013060152517
Q128158688	6000000013060338469
Q128158689	6000000013062239590
Q128158692	6000000013062257973
Q128158694	6000000013070980440
Q128158695	6000000013078905890
Q128158696	6000000013080599862
Q128158698	6000000013088813092
Q128158699	6000000013089361363
Q128158701	6000000013114428778
Q128158703	6000000013114461351
Q128158705	6000000013190831250
Q128158706	6000000013193215301
Q128158708	6000000013217080065
Q128158710	6000000013219694332
Q128158712	6000000013234118448
Q128158713	6000000013319665562
Q128158715	6000000013330716440
Q128158717	6000000013332485617
Q128158720	6000000013343318703
Q128158722	6000000013355268737
Q128158723	6000000013356277298
Q128158725	6000000013383489797
Q128158727	6000000013399027015
Q128158729	6000000013406050760
Q128158731	6000000013406118902
Q128158732	6000000013477328970
Q128158734	6000000013477715016
Q128158735	6000000013489068949
Q128158737	6000000013489267264
Q128158739	6000000013489704055
Q128158741	6000000013504885904
Q128158743	6000000013504931318
Q128158744	6000000013505472085
Q128158746	6000000013505889011
Q128158757	6000000013537744189
Q128158759	6000000013548255580
Q128158760	6000000013548422610
Q128158761	6000000013548705162
Q128158763	6000000013577927178
Q128158764	6000000013578044030
Q128158766	6000000013578203387
Q128158769	6000000013580233870
Q128158771	6000000013580326639
Q128158774	6000000013590080020
Q128158775	6000000013591070028
Q128158777	6000000013600975730
Q128158778	6000000013609017900
Q128158780	6000000013609452273
Q128158781	6000000013609636479
Q128158783	6000000013609965357
Q128158785	6000000013630906295
Q128158786	6000000013630930583
Q128158787	6000000013640252905
Q128158789	6000000013641012988
Q128158790	6000000013641028609
Q128158792	6000000013641192823
Q128158797	6000000013677167392
Q128158799	6000000013684139014
Q128158801	6000000013685455672
Q128158802	6000000013685774810
Q128158804	6000000013686189145
Q128158806	6000000013694839699
Q128158807	6000000013701524492
Q128158809	6000000013703257114
Q128158812	6000000013710383307
Q128158813	6000000013710925174
Q128158815	6000000013726800376
Q128158817	6000000013734847488
Q128158818	6000000013736456904
Q128158820	6000000013751714177
Q128158822	6000000013779644610
Q128158823	6000000013806279484
Q128158825	6000000013806375759
Q128158827	6000000013809542847
Q128158828	6000000013879330198
Q128158830	6000000013882846787
Q128158832	6000000013944163657
Q128158833	6000000013944680436
Q128158835	6000000013969114679
Q128158836	6000000014025720447
Q128158838	6000000014025795662
Q128158840	6000000014026049228
Q128158841	6000000014026432722
Q128158845	6000000014034122688
Q128158846	6000000014035247661
Q128158848	6000000014044933595
Q128158850	6000000014045122567
Q128158852	6000000014045269936
Q128158853	6000000014045791282
Q128158857	6000000014054195383
Q128158859	6000000014054232228
Q128158861	6000000014054355299
Q128158869	6000000014054356388
Q128158870	6000000014054422304
Q128158872	6000000014058024810
Q128158873	6000000014063103403
Q128158875	6000000014064123021
Q128158877	6000000014065067868
Q128158878	6000000014065244357
Q128158880	6000000014065578159
Q128158881	6000000014065593023
Q128158883	6000000014067544881
Q128158885	6000000014069385485
Q128158886	6000000014069439033
Q128158888	6000000014070187477
Q128158891	6000000014070680125
Q128158893	6000000014092639497
Q128158894	6000000014099083438
Q128158895	6000000014150406480
Q128158897	6000000014150453336
Q128158899	6000000014150510464
Q128158901	6000000014193127815
Q128158902	6000000014194581044
Q128158904	6000000014210772487
Q128158906	6000000014232739904
Q128158907	6000000014264023232
Q128158909	6000000014310182606
Q128158912	6000000014311055836
Q128158913	6000000014311541179
Q128158915	6000000014311735975
Q128158917	6000000014319039710
Q128158918	6000000014319364270
Q128158921	6000000014319477407
Q128158928	6000000014319881831
Q128158929	6000000014358707027
Q128158931	6000000014384628193
Q128158933	6000000014390931100
Q128158941	6000000014408169382
Q128158942	6000000014408238743
Q128158944	6000000014417756044
Q128158945	6000000014430226111
Q128158947	6000000014439631179
Q128158949	6000000014461482505
Q128158951	6000000014463856453
Q128158952	6000000014481793746
Q128158953	6000000014483270596
Q128158955	6000000014483385275
Q128158956	6000000014483446466
Q128158958	6000000014483519761
Q128158960	6000000014504586333
Q128158963	6000000014524530223
Q128158965	6000000014542074422
Q128158967	6000000014542325567
Q128158968	6000000014542479208
Q128158970	6000000014546166164
Q128158977	6000000014567614744
Q128158978	6000000014583657154
Q128158980	6000000014593044911
Q128158981	6000000014594684023
Q128158983	6000000014613381055
Q128158985	6000000014618342709
Q128158986	6000000014618843493
Q128158989	6000000014641610893
Q128158990	6000000014652458239
Q128158992	6000000014663363474
Q128158994	6000000014663497386
Q128158995	6000000014663691389
Q128158998	6000000014671605271
Q128158999	6000000014674221734
Q128159000	6000000014704091672
Q128159002	6000000014754315379
Q128159004	6000000014754465262
Q128159013	6000000014763078772
Q128159014	6000000014764797510
Q128159015	6000000014782807698
Q128159017	6000000014783032833
Q128159019	6000000014794817406
Q128159021	6000000014794865209
Q128159023	6000000014805470555
Q128159025	6000000014825776060
Q128159026	6000000014883037780
Q128159028	6000000014883217995
Q128159030	6000000014883356536
Q128159031	6000000014884589820
Q128159033	6000000014961121408
Q128159035	6000000014961308151
Q128159037	6000000014961379101
Q128159039	6000000015068936095
Q128159040	6000000015096487110
Q128159042	6000000015103385548
Q128159043	6000000015103591566
Q128159045	6000000015117328971
Q128159052	6000000015124741854
Q128159054	6000000015124750765
Q128159055	6000000015124969458
Q128159057	6000000015124974369
Q128159058	6000000015125060848
Q128159067	6000000015125132349
Q128159068	6000000015125403219
Q128159070	6000000015125572702
Q128159071	6000000015125743042
Q128159073	6000000015127501948
Q128159075	6000000015127697586
Q128159076	6000000015127757576
Q128159078	6000000015127861138
Q128159079	6000000015144924964
Q128159081	6000000015145805968
Q128159083	6000000015146250476
Q128159085	6000000015160618029
Q128159093	6000000015177064394
Q128159095	6000000015180196952
Q128159096	6000000015180371402
Q128159098	6000000015184684952
Q128159100	6000000015190072886
Q128159102	6000000015191241697
Q128159109	6000000015229581929
Q128159110	6000000015230196325
Q128159111	6000000015237574818
Q128159113	6000000015237585974
Q128159114	6000000015238515918
Q128159116	6000000015256002393
Q128159117	6000000015279640330
Q128159119	6000000015279951208
Q128159121	6000000015290624414
Q128159122	6000000015290762820
Q128159124	6000000015309911833
Q128159126	6000000015310625454
Q128159127	6000000015310651473
Q128159129	6000000015336326794
Q128159131	6000000015358083907
Q128159132	6000000015362164555
Q128159134	6000000015383216740
Q128159135	6000000015383305896
Q128159137	6000000015388492534
Q128159139	6000000015392850050
Q128159140	6000000015393663235
Q128159142	6000000015401771995
Q128159144	6000000015402595342
Q128159150	6000000015402619559
Q128159152	6000000015411903539
Q128159153	6000000015440282102
Q128159155	6000000015444603325
Q128159157	6000000015447031797
Q128159159	6000000015465333317
Q128159161	6000000015465482216
Q128159162	6000000015510276434
Q128159164	6000000015522085247
Q128159165	6000000015540634538
Q128159167	6000000015593722613
Q128159169	6000000015594266425
Q128159171	6000000015596438881
Q128159172	6000000015620847798
Q128159173	6000000015632229853
Q128159175	6000000015632606802
Q128159177	6000000015639033092
Q128159178	6000000015642340481
Q128159180	6000000015644569167
Q128159182	6000000015644706260
Q128159184	6000000015653668632
Q128159185	6000000015661406547
Q128159187	6000000015663783338
Q128159188	6000000015666735248
Q128159190	6000000015669752399
Q128159192	6000000015669755762
Q128159194	6000000015671859913
Q128159200	6000000015675051398
Q128159201	6000000015678350809
Q128159203	6000000015692054985
Q128159209	6000000015711586648
Q128159211	6000000015711815787
Q128159213	6000000015711925356
Q128159215	6000000015711951285
Q128159216	6000000015727894812
Q128159218	6000000015728097202
Q128159220	6000000015728159247
Q128159223	6000000015812904821
Q128159225	6000000015813151950
Q128159226	6000000015813444445
Q128159228	6000000015813464068
Q128159229	6000000015813785511
Q128159232	6000000015813814285
Q128159234	6000000015816850817
Q128159236	6000000015816954228
Q128159238	6000000015817064103
Q128159239	6000000015817485317
Q12815924	6000000147834488081
Q128159241	6000000015817724378
Q128159242	6000000015820969342
Q128159245	6000000015821101120
Q128159246	6000000015822877895
Q128159248	6000000015826403569
Q128159249	6000000015827672117
Q128159251	6000000015828431857
Q128159252	6000000015830746816
Q128159254	6000000015838269783
Q128159255	6000000015838870278
Q128159257	6000000015859558577
Q128159259	6000000015863675819
Q128159260	6000000015864253822
Q128159262	6000000015868271443
Q128159264	6000000015871039283
Q128159265	6000000015871935294
Q128159267	6000000015874445720
Q128159268	6000000015874636040
Q128159270	6000000015875859099
Q128159272	6000000015875908812
Q128159273	6000000015876870512
Q128159275	6000000015876927601
Q128159276	6000000015877156382
Q128159279	6000000015877344280
Q128159281	6000000015877666241
Q128159282	6000000015896246628
Q128159284	6000000015896314745
Q128159286	6000000015896575183
Q128159288	6000000015900079593
Q128159289	6000000015900448060
Q128159291	6000000015901961385
Q128159293	6000000015902184541
Q128159294	6000000015906049269
Q128159296	6000000015906192443
Q128159297	6000000015911998275
Q128159299	6000000015912272460
Q128159300	6000000015934629831
Q128159302	6000000015934797481
Q128159303	6000000015935184789
Q128159305	6000000015935317773
Q128159307	6000000015960780335
Q128159308	6000000015960898074
Q128159310	6000000015973134020
Q128159312	6000000015974927009
Q128159313	6000000015976165053
Q128159314	6000000015992959433
Q128159316	6000000016011484516
Q128159318	6000000016011623532
Q128159320	6000000016019345999
Q128159321	6000000016042737706
Q128159322	6000000016051271583
Q128159324	6000000016051604025
Q128159326	6000000016051632142
Q128159327	6000000016059285453
Q128159329	6000000016066687785
Q128159331	6000000016067887512
Q128159332	6000000016067990962
Q128159334	6000000016069025122
Q128159335	6000000016070091635
Q128159337	6000000016079504676
Q128159339	6000000016103332782
Q128159340	6000000016103509901
Q128159342	6000000016103655185
Q128159344	6000000016103982790
Q128159345	6000000016104067497
Q128159346	6000000016111374205
Q128159348	6000000016111774840
Q128159349	6000000016112106541
Q128159351	6000000016113918648
Q128159353	6000000016116298102
Q128159354	6000000016116479577
Q128159356	6000000016117242165
Q128159362	6000000016314478102
Q128159364	6000000016325750081
Q128159366	6000000016344140571
Q128159368	6000000016372750354
Q128159369	6000000016373018068
Q128159371	6000000016399181209
Q128159373	6000000016413318609
Q128159375	6000000016466048316
Q128159376	6000000016484521737
Q128159378	6000000016485208411
Q128159379	6000000016499635080
Q128159381	6000000016549867202
Q128159383	6000000016624312250
Q128159385	6000000016626402366
Q128159387	6000000016650251913
Q128159389	6000000016663542242
Q128159390	6000000016664089292
Q128159392	6000000016669589275
Q128159393	6000000016669795347
Q128159395	6000000016669804273
Q128159396	6000000016736905957
Q128159398	6000000016748039508
Q128159400	6000000016748477071
Q128159401	6000000016780053022
Q128159403	6000000016786306684
Q128159405	6000000016786882107
Q128159406	6000000016787166351
Q128159408	6000000016802487802
Q128159409	6000000016802494251
Q128159411	6000000016802795095
Q128159412	6000000016803064293
Q128159414	6000000016803182575
Q128159415	6000000016826107368
Q128159417	6000000016826468121
Q128159418	6000000016826951059
Q128159420	6000000016828668710
Q128159422	6000000016841541959
Q128159424	6000000016891958052
Q128159425	6000000016946888383
Q128159427	6000000016964422530
Q128159429	6000000016975419330
Q128159431	6000000017001806895
Q128159432	6000000017002337379
Q128159434	6000000017017310465
Q128159435	6000000017022117565
Q128159437	6000000017025901695
Q128159438	6000000017026044131
Q128159440	6000000017036503484
Q128159441	6000000017036560025
Q128159443	6000000017036624019
Q128159445	6000000017044664206
Q128159453	6000000017073079826
Q128159454	6000000017083816460
Q128159456	6000000017165220442
Q128159457	6000000017166256817
Q128159459	6000000017166259370
Q128159461	6000000017190894276
Q128159463	6000000017198750702
Q128159465	6000000017228051088
Q128159466	6000000017234983818
Q128159468	6000000017236011480
Q128159469	6000000017236033159
Q128159471	6000000017236232077
Q128159472	6000000017256005037
Q128159474	6000000017258958205
Q128159475	6000000017259053057
Q128159477	6000000017259772760
Q128159479	6000000017262981692
Q128159480	6000000017263601428
Q128159482	6000000017263698293
Q128159483	6000000017264206589
Q128159485	6000000017264570302
Q128159487	6000000017264652115
Q128159489	6000000017265040259
Q128159490	6000000017266089562
Q128159492	6000000017266531545
Q128159494	6000000017266693594
Q128159495	6000000017266813091
Q128159496	6000000017285279456
Q128159498	6000000017298839602
Q128159500	6000000017298965359
Q128159502	6000000017298998344
Q128159503	6000000017299026494
Q128159505	6000000017299341796
Q128159507	6000000017299469298
Q128159509	6000000017358447729
Q128159511	6000000017360027889
Q128159512	6000000017363830440
Q128159514	6000000017365682006
Q128159515	6000000017386385426
Q128159517	6000000017386601965
Q128159519	6000000017406012585
Q128159520	6000000017410077404
Q128159522	6000000017410658040
Q128159523	6000000017468988528
Q128159525	6000000017469305642
Q128159527	6000000017469419415
Q128159528	6000000017473648647
Q128159529	6000000017477661547
Q128159531	6000000017478763052
Q128159533	6000000017481447846
Q128159536	6000000017481717378
Q128159538	6000000017496040595
Q128159539	6000000017496754405
Q128159541	6000000017518199382
Q128159543	6000000017518204090
Q128159544	6000000017527004766
Q128159546	6000000017533703075
Q128159549	6000000017575816364
Q128159550	6000000017576349091
Q128159552	6000000017585273478
Q128159554	6000000017604645504
Q128159556	6000000017604684502
Q128159557	6000000017623249169
Q128159559	6000000017623601433
Q128159562	6000000017624370260
Q128159563	6000000017625934361
Q128159565	6000000017627667783
Q128159567	6000000017636462288
Q128159568	6000000017637056184
Q128159570	6000000017644042983
Q128159571	6000000017662783012
Q128159573	6000000017663087007
Q128159574	6000000017681927915
Q128159576	6000000017698891853
Q128159577	6000000017710117614
Q128159579	6000000017715255095
Q12815958	6000000148997329897
Q128159581	6000000017727181193
Q128159583	6000000017734354144
Q128159584	6000000017737244796
Q128159586	6000000017738284460
Q128159589	6000000017739120025
Q128159590	6000000017741845564
Q128159592	6000000017742150445
Q128159593	6000000017743949780
Q128159595	6000000017747072732
Q128159597	6000000017747287398
Q128159598	6000000017747287453
Q128159600	6000000017747583463
Q128159601	6000000017756163919
Q128159607	6000000017776062627
Q128159610	6000000017776632068
Q128159611	6000000017785069004
Q128159613	6000000017785333523
Q128159615	6000000017791768091
Q128159617	6000000017792707520
Q128159618	6000000017793353170
Q128159619	6000000017793655439
Q128159622	6000000017794019069
Q128159624	6000000017796524741
Q128159626	6000000017825445161
Q128159628	6000000017825672141
Q128159630	6000000017832846908
Q128159631	6000000017832875826
Q128159633	6000000017835871216
Q128159634	6000000017836939607
Q128159636	6000000017839843074
Q128159637	6000000017847157549
Q128159639	6000000017852390426
Q128159640	6000000017863700866
Q128159642	6000000017874402282
Q128159643	6000000017884057995
Q128159645	6000000017884256531
Q128159647	6000000017891040580
Q128159650	6000000017893797724
Q128159652	6000000017894119362
Q128159658	6000000017894487785
Q128159660	6000000017894974498
Q128159662	6000000017894988447
Q128159663	6000000017895032220
Q128159665	6000000017918752535
Q128159667	6000000017925775450
Q128159669	6000000017926160194
Q128159672	6000000017932518265
Q128159674	6000000017932817134
Q128159676	6000000017935144451
Q128159678	6000000017966625606
Q128159679	6000000017969619933
Q128159681	6000000017970332404
Q128159683	6000000017973308382
Q128159684	6000000017974566994
Q128159685	6000000017981449863
Q128159687	6000000017984159699
Q128159689	6000000018000211123
Q128159691	6000000018003236707
Q128159692	6000000018005419794
Q128159694	6000000018010320317
Q128159695	6000000018021998514
Q128159697	6000000018022210490
Q128159699	6000000018022330218
Q1281597	6000000018669308037
Q128159700	6000000018022379887
Q128159701	6000000018038916727
Q128159703	6000000018039073417
Q128159704	6000000018044968276
Q128159706	6000000018048441852
Q128159708	6000000018068425774
Q128159709	6000000018069210129
Q128159710	6000000018069263327
Q128159712	6000000018069432196
Q128159714	6000000018069943365
Q128159716	6000000018076037943
Q128159717	6000000018078041622
Q128159719	6000000018078195050
Q128159721	6000000018079487123
Q128159722	6000000018094642980
Q128159724	6000000018095666535
Q128159725	6000000018098125078
Q128159727	6000000018103362698
Q128159728	6000000018103568206
Q128159731	6000000018113373776
Q128159732	6000000018113704352
Q128159734	6000000018113831121
Q128159735	6000000018116979337
Q128159737	6000000018117213970
Q128159739	6000000018117311501
Q128159741	6000000018117504969
Q128159743	6000000018118037916
Q128159745	6000000018118213837
Q128159746	6000000018118250097
Q128159748	6000000018118260299
Q128159749	6000000018118290391
Q128159751	6000000018124948314
Q128159753	6000000018126130774
Q128159755	6000000018128451453
Q128159757	6000000018134849305
Q128159758	6000000018146042818
Q128159759	6000000018146723233
Q128159761	6000000018150517393
Q128159763	6000000018150700403
Q128159764	6000000018152848776
Q128159766	6000000018171010964
Q128159768	6000000018176497876
Q128159771	6000000018181719126
Q128159773	6000000018182274935
Q128159774	6000000018183855997
Q128159778	6000000018214611778
Q128159779	6000000018230010360
Q128159781	6000000018230642382
Q128159782	6000000018230647683
Q128159784	6000000018231123456
Q128159788	6000000018231168889
Q128159789	6000000018232135971
Q128159791	6000000018232340452
Q128159793	6000000018232399344
Q128159795	6000000018239787607
Q128159796	6000000018241110060
Q128159797	6000000018241438097
Q128159799	6000000018241930075
Q128159801	6000000018242717157
Q128159802	6000000018244443582
Q128159804	6000000018244467392
Q128159806	6000000018244699976
Q128159807	6000000018258439554
Q128159810	6000000018271157817
Q128159817	6000000018336675819
Q128159819	6000000018337306075
Q128159821	6000000018338720172
Q128159822	6000000018339417186
Q128159824	6000000018339450078
Q128159825	6000000018339551400
Q128159826	6000000018346213373
Q128159828	6000000018348602763
Q128159830	6000000018359867032
Q128159832	6000000018368181645
Q128159833	6000000018368983896
Q128159835	6000000018369455115
Q128159837	6000000018369524292
Q128159840	6000000018374851027
Q128159841	6000000018378104917
Q128159843	6000000018378151822
Q128159844	6000000018378204599
Q128159846	6000000018378247098
Q128159847	6000000018378433552
Q128159854	6000000018378669478
Q128159857	6000000018378872925
Q128159860	6000000018379148067
Q128159862	6000000018382756217
Q128159864	6000000018384409666
Q128159866	6000000018385040448
Q128159868	6000000018386629776
Q128159870	6000000018387158803
Q128159872	6000000018387627078
Q128159873	6000000018388774048
Q128159877	6000000018391860004
Q128159883	6000000018394269569
Q128159884	6000000018395989235
Q128159887	6000000018396025934
Q128159889	6000000018397822905
Q128159890	6000000018406119120
Q128159894	6000000018415568974
Q128159896	6000000018415586103
Q128159898	6000000018415749128
Q128159900	6000000018415760447
Q128159901	6000000018416670262
Q128159904	6000000018417247757
Q128159906	6000000018417290709
Q128159909	6000000018418080354
Q128159910	6000000018423889068
Q128159912	6000000018424924031
Q128159913	6000000018424933001
Q128159916	6000000018425115192
Q128159919	6000000018425142312
Q128159920	6000000018425295486
Q128159923	6000000018425714523
Q128159924	6000000018425949364
Q128159927	6000000018426070697
Q128159928	6000000018426280076
Q128159930	6000000018460461949
Q128159932	6000000018461794205
Q128159934	6000000018462838520
Q128159936	6000000018463054072
Q128159938	6000000018463303753
Q128159940	6000000018463733480
Q128159943	6000000018471145673
Q128159945	6000000018475299086
Q128159947	6000000018475339172
Q128159951	6000000018496476084
Q128159952	6000000018497497947
Q128159955	6000000018514998505
Q128159956	6000000018517083597
Q128159959	6000000018525915252
Q128159961	6000000018526559329
Q128159963	6000000018528448650
Q128159964	6000000018555584292
Q128159966	6000000018557112210
Q128159968	6000000018557202781
Q128159970	6000000018558917333
Q128159972	6000000018567509944
Q128159974	6000000018567719470
Q128159976	6000000018569287138
Q128159981	6000000018569863680
Q128159982	6000000018576700228
Q128159984	6000000018579255656
Q128159986	6000000018579355039
Q128159988	6000000018579365030
Q128159989	6000000018590917234
Q128159991	6000000018593600710
Q128159993	6000000018595294956
Q128159995	6000000018599415669
Q128159998	6000000018602472387
Q128160000	6000000018603169134
Q128160004	6000000018627353109
Q128160006	6000000018627428958
Q128160008	6000000018634768925
Q128160010	6000000018636148253
Q128160012	6000000018667906310
Q128160014	6000000018667978116
Q128160017	6000000018695636723
Q128160018	6000000018713800739
Q128160028	6000000018713859191
Q128160031	6000000018798217379
Q128160033	6000000018809107454
Q128160034	6000000018812196521
Q128160036	6000000018835261150
Q128160037	6000000018850576409
Q128160039	6000000018851646570
Q128160040	6000000018889523773
Q128160043	6000000018889732410
Q128160044	6000000018891641691
Q128160046	6000000018891724647
Q128160049	6000000018894674780
Q128160052	6000000018895021004
Q128160053	6000000018895481250
Q128160055	6000000018895539422
Q128160057	6000000018895723165
Q128160058	6000000018895793533
Q128160060	6000000018898301606
Q128160061	6000000018898715080
Q128160063	6000000018898813015
Q128160065	6000000018905337353
Q128160067	6000000018907087325
Q128160070	6000000018921945543
Q128160071	6000000018934578717
Q128160073	6000000018942952937
Q128160075	6000000018944136120
Q128160077	6000000018954403739
Q128160078	6000000018957668040
Q128160080	6000000018985494332
Q128160081	6000000019002321023
Q128160083	6000000019007509045
Q128160084	6000000019008150067
Q128160087	6000000019008687844
Q128160088	6000000019023338331
Q128160090	6000000019028126119
Q128160091	6000000019053454098
Q128160093	6000000019058187343
Q128160095	6000000019110444067
Q128160097	6000000019114685395
Q128160099	6000000019124942422
Q128160101	6000000019125308492
Q128160102	6000000019125660152
Q128160104	6000000019139589368
Q128160106	6000000019141902394
Q128160107	6000000019161260294
Q128160109	6000000019181881116
Q128160110	6000000019208138465
Q128160112	6000000019208142743
Q128160114	6000000019210591340
Q128160115	6000000019210705757
Q128160117	6000000019212256249
Q128160119	6000000019256846325
Q128160121	6000000019317186466
Q128160123	6000000019323237385
Q128160124	6000000019323889138
Q128160126	6000000019334922219
Q128160128	6000000019337582498
Q128160129	6000000019341459740
Q128160131	6000000019341581451
Q128160132	6000000019341892589
Q128160134	6000000019344873694
Q128160136	6000000019347371612
Q128160137	6000000019347503163
Q128160139	6000000019352722246
Q128160140	6000000019360545600
Q128160141	6000000019399026123
Q128160143	6000000019414212255
Q128160145	6000000019429516033
Q128160147	6000000019433847337
Q128160148	6000000019434256020
Q128160150	6000000019443183615
Q128160153	6000000019453851639
Q128160154	6000000019464260361
Q128160156	6000000019470818378
Q128160161	6000000019553839763
Q128160162	6000000019580052715
Q128160164	6000000019588595022
Q128160165	6000000019593634163
Q128160167	6000000019600612293
Q128160169	6000000019620787785
Q128160171	6000000019621476177
Q128160173	6000000019622412307
Q128160175	6000000019622547288
Q128160177	6000000019685017062
Q128160178	6000000019693593101
Q128160180	6000000019695423777
Q128160181	6000000019747346834
Q128160188	6000000019956226287
Q128160189	6000000019963582250
Q128160191	6000000019963632387
Q128160193	6000000019975923571
Q128160195	6000000019977989740
Q128160196	6000000019978814431
Q128160198	6000000020023954498
Q128160206	6000000020053064048
Q128160208	6000000020082336336
Q128160210	6000000020102551716
Q128160211	6000000020164221062
Q128160213	6000000020201215839
Q128160215	6000000020210357178
Q128160217	6000000020210373883
Q128160218	6000000020234881113
Q128160220	6000000020245463457
Q128160221	6000000020249433067
Q128160223	6000000020263084815
Q128160225	6000000020271425292
Q128160227	6000000020285163690
Q128160228	6000000020307127897
Q128160230	6000000020309097333
Q128160232	6000000020309765304
Q128160233	6000000020310194888
Q128160235	6000000020315683854
Q128160237	6000000020315817563
Q128160238	6000000020316217464
Q128160240	6000000020323238622
Q128160241	6000000020328296286
Q128160244	6000000020328583643
Q128160245	6000000020330477945
Q128160247	6000000020330503822
Q128160249	6000000020334657471
Q128160250	6000000020334797065
Q128160252	6000000020334797503
Q128160253	6000000020336830175
Q128160255	6000000020337093867
Q128160257	6000000020337549123
Q128160259	6000000020338135276
Q128160261	6000000020338238761
Q128160263	6000000020339510331
Q128160265	6000000020340210234
Q128160266	6000000020340239363
Q128160268	6000000020340357562
Q128160269	6000000020340516784
Q128160271	6000000020340582289
Q128160273	6000000020349729560
Q128160274	6000000020349756593
Q128160275	6000000020354894309
Q128160277	6000000020355375744
Q128160279	6000000020357711811
Q128160280	6000000020358790525
Q128160282	6000000020377121902
Q128160284	6000000020382380792
Q128160285	6000000020387264110
Q128160287	6000000020387754143
Q128160289	6000000020406644863
Q128160290	6000000020409778243
Q128160292	6000000020420064520
Q128160293	6000000020421018801
Q128160295	6000000020447314565
Q128160296	6000000020448714812
Q128160299	6000000020457408692
Q128160300	6000000020459965436
Q128160302	6000000020460193971
Q128160304	6000000020468617494
Q128160305	6000000020482817984
Q128160307	6000000020491284097
Q128160308	6000000020496774657
Q128160310	6000000020506903297
Q128160312	6000000020515009210
Q128160314	6000000020515613279
Q128160315	6000000020515701469
Q128160317	6000000020516032270
Q128160318	6000000020516057363
Q128160320	6000000020517966446
Q128160321	6000000020518057625
Q128160323	6000000020520383254
Q128160324	6000000020520519347
Q128160326	6000000020520754879
Q128160327	6000000020527732121
Q128160329	6000000020529337665
Q128160331	6000000020529895984
Q128160332	6000000020530224371
Q128160334	6000000020530305974
Q128160338	6000000020530439657
Q128160339	6000000020530527356
Q128160341	6000000020531303915
Q128160342	6000000020555777785
Q128160345	6000000020587777347
Q128160347	6000000020587992828
Q128160348	6000000020602439622
Q128160350	6000000020603406134
Q128160351	6000000020611427003
Q128160353	6000000020611427019
Q128160355	6000000020612303372
Q128160357	6000000020612320692
Q128160367	6000000020663234409
Q128160370	6000000020664248284
Q128160372	6000000020669130265
Q128160373	6000000020690106347
Q128160375	6000000020690161200
Q128160377	6000000020690458958
Q128160380	6000000020691075191
Q128160381	6000000020730057107
Q128160382	6000000020744081153
Q128160384	6000000020759536585
Q128160386	6000000020763791132
Q128160387	6000000020785596205
Q128160389	6000000020785709042
Q128160390	6000000020845014014
Q128160393	6000000020845232833
Q128160395	6000000020845249277
Q128160396	6000000020845273229
Q128160399	6000000020845769948
Q1281604	6000000122785606924
Q128160400	6000000020867157893
Q128160402	6000000020879851721
Q128160404	6000000020993904730
Q128160406	6000000020999239366
Q128160407	6000000020999518365
Q128160409	6000000020999660261
Q128160410	6000000021013199957
Q128160412	6000000021051673920
Q128160413	6000000021077477509
Q128160415	6000000021077563731
Q128160416	6000000021077653537
Q128160418	6000000021107654417
Q128160420	6000000021112004219
Q128160422	6000000021147312696
Q128160423	6000000021183532880
Q128160425	6000000021183646876
Q128160427	6000000021185375453
Q128160429	6000000021185740046
Q128160431	6000000021188878385
Q128160433	6000000021191853828
Q128160435	6000000021213854400
Q128160436	6000000021254543783
Q128160439	6000000021254645285
Q128160443	6000000021260045964
Q128160444	6000000021272849422
Q128160445	6000000021273202674
Q128160449	6000000021275918159
Q128160451	6000000021276042915
Q128160454	6000000021289819188
Q128160455	6000000021304108926
Q128160457	6000000021306654438
Q128160459	6000000021329335765
Q128160462	6000000021329435762
Q128160463	6000000021329470298
Q128160465	6000000021329578359
Q128160467	6000000021331886625
Q128160469	6000000021332209399
Q128160471	6000000021332758366
Q128160472	6000000021333159821
Q128160473	6000000021354765062
Q128160475	6000000021357705440
Q128160477	6000000021357804717
Q128160478	6000000021359290408
Q128160480	6000000021386111263
Q128160482	6000000021391580911
Q128160485	6000000021398921659
Q128160487	6000000021399185871
Q128160489	6000000021404550603
Q128160494	6000000021415413073
Q128160497	6000000021416914633
Q128160498	6000000021472408690
Q128160501	6000000021476656660
Q128160502	6000000021477520961
Q128160504	6000000021478414580
Q128160505	6000000021489879289
Q128160508	6000000021503132908
Q128160510	6000000021533359847
Q128160511	6000000021545435436
Q128160513	6000000021546341852
Q128160515	6000000021553395955
Q128160517	6000000021567981989
Q128160518	6000000021567988305
Q128160520	6000000021568702732
Q128160521	6000000021568734228
Q128160523	6000000021570676020
Q12816103	6000000005504501014
Q12816208	6000000145858028977
Q128162328	6000000016124524238
Q128162329	6000000016176687336
Q128162331	6000000016184597792
Q128162333	6000000016210228593
Q128162334	6000000016214549261
Q128162336	6000000016238748494
Q128162337	6000000016246109594
Q128162339	6000000016266046336
Q128162340	6000000016270447548
Q128162342	6000000016281906358
Q128162343	6000000016282157101
Q128162345	6000000016287666844
Q128162347	6000000016289616324
Q128162348	6000000016308965506
Q128162350	6000000016314717162
Q128162352	6000000016316089208
Q128162353	6000000016352821308
Q128162355	6000000016464478050
Q128162357	6000000016485000600
Q128162358	6000000016518322858
Q128162360	6000000016964157906
Q128162361	6000000016975394047
Q128162363	6000000017026634559
Q128162365	6000000017512789834
Q128162367	6000000017756422180
Q128162369	6000000017756499875
Q128162370	6000000017756920327
Q128162372	6000000017757179095
Q128162374	6000000017761639113
Q128162375	6000000017762285143
Q128162377	6000000017763741140
Q128162380	6000000017764046364
Q128162381	6000000017769418560
Q128162383	6000000017770042698
Q128162384	6000000017772385347
Q128162386	6000000017776127912
Q128162388	6000000017776481550
Q128162389	6000000017783780568
Q128162391	6000000018171439668
Q128162392	6000000018171565345
Q128162394	6000000018181523775
Q128162396	6000000018184037085
Q128162397	6000000018270080063
Q128162399	6000000018271497848
Q128162400	6000000018271637495
Q128162402	6000000018271701028
Q128162404	6000000018287475906
Q128162405	6000000018308072457
Q128162408	6000000018311790276
Q128162409	6000000018311793170
Q128162411	6000000018319421216
Q128162415	6000000018322662371
Q128162416	6000000018328791218
Q128162417	6000000018335538847
Q128162419	6000000018336506200
Q128162421	6000000018337220113
Q128162422	6000000018337222757
Q128162424	6000000018359655060
Q128162425	6000000018368275823
Q128162427	6000000018377627157
Q128162429	6000000018602494346
Q128162430	6000000018604692384
Q128162432	6000000018604914898
Q128162434	6000000018605214515
Q128162435	6000000018634106923
Q128162437	6000000018636126020
Q128162438	6000000018889724408
Q128162440	6000000019621539166
Q128162441	6000000019694982698
Q128162443	6000000019747442938
Q128162445	6000000019755965617
Q128162446	6000000019772056311
Q128162448	6000000019795229306
Q128162450	6000000019796257116
Q128162451	6000000019814415159
Q128162453	6000000019824215361
Q128162454	6000000019828188950
Q128162456	6000000019868890760
Q128162457	6000000019896698266
Q128162459	6000000019904287944
Q128162460	6000000019904565665
Q128162463	6000000019906630759
Q128162465	6000000019919635939
Q128162466	6000000019922956599
Q128162468	6000000019930957017
Q128162470	6000000019938109443
Q128162471	6000000020570610376
Q128162473	6000000020583642943
Q128162474	6000000020585586517
Q128162909	6000000020585649428
Q128162911	6000000020585652564
Q128162912	6000000020611571699
Q128162914	6000000020612341303
Q128162916	6000000020616236794
Q128162917	6000000020637769321
Q128162919	6000000020662140507
Q12816297	6000000001731685951
Q128163590	6000000021578007307
Q128163591	6000000021579343157
Q128163593	6000000021584573619
Q128163595	6000000021584614547
Q128163596	6000000021585543569
Q128163598	6000000021585849407
Q128163599	6000000021587260145
Q128163601	6000000021587937767
Q128163603	6000000021588009674
Q128163605	6000000021604606996
Q128163607	6000000021605821453
Q128163609	6000000021609074338
Q128163611	6000000021609114205
Q128163612	6000000021609442176
Q128163614	6000000021611690529
Q128163615	6000000021615854085
Q128163617	6000000021634663428
Q128163619	6000000021648567369
Q128163620	6000000021648750926
Q128163621	6000000021649075642
Q128163623	6000000021649502847
Q128163625	6000000021652531394
Q128163626	6000000021662089014
Q128163628	6000000021674105447
Q128163630	6000000021687971695
Q128163631	6000000021692836020
Q128163633	6000000021693684809
Q128163635	6000000021694657877
Q128163636	6000000021695791950
Q128163638	6000000021695792939
Q128163640	6000000021700945819
Q128163641	6000000021707451597
Q128163643	6000000021717151188
Q128163644	6000000021767693289
Q128163646	6000000021769493098
Q128163647	6000000021809671440
Q128163649	6000000021809753576
Q128163651	6000000021809873984
Q128163652	6000000021809940397
Q128163654	6000000021810067966
Q128163656	6000000021814875481
Q128163658	6000000021815327131
Q128163660	6000000021816319978
Q128163662	6000000021818525770
Q128163663	6000000021819015946
Q128163665	6000000021819461985
Q128163668	6000000021919270983
Q128163671	6000000021928141527
Q128163673	6000000021956509655
Q128163674	6000000021975953273
Q128163676	6000000021976242190
Q128163678	6000000021976416654
Q128163679	6000000022018756873
Q128163681	6000000022066910518
Q128163683	6000000022072811423
Q128163684	6000000022074108284
Q128163686	6000000022075402915
Q128163687	6000000022075747739
Q128163689	6000000022076173499
Q128163691	6000000022076880131
Q128163692	6000000022127880535
Q128163693	6000000022131728187
Q128163695	6000000022131808971
Q128163699	6000000022145918631
Q128163700	6000000022146584112
Q128163702	6000000022158283338
Q128163704	6000000022172483467
Q128163705	6000000022187494380
Q128163707	6000000022189034068
Q128163708	6000000022189270172
Q128163710	6000000022189669783
Q128163713	6000000022189854375
Q128163714	6000000022190017827
Q128163716	6000000022190138220
Q128163717	6000000022191956713
Q128163719	6000000022195859779
Q128163720	6000000022196647641
Q128163722	6000000022197232100
Q128163725	6000000022199303773
Q128163726	6000000022201150847
Q128163728	6000000022214191858
Q128163729	6000000022214605784
Q128163731	6000000022214958095
Q128163733	6000000022214975234
Q128163734	6000000022215275036
Q128163736	6000000022217292557
Q128163738	6000000022220649984
Q128163744	6000000022309596407
Q128163746	6000000022320699066
Q128163747	6000000022326875754
Q128163749	6000000022347646672
Q128163757	6000000022347660258
Q128163760	6000000022358418686
Q128163762	6000000022359684395
Q128163763	6000000022360164271
Q128163765	6000000022376612210
Q128163768	6000000022379671205
Q128163769	6000000022388017736
Q128163771	6000000022390297981
Q128163774	6000000022406983301
Q128163775	6000000022406986806
Q128163778	6000000022408955078
Q128163780	6000000022418331212
Q128163781	6000000022421835899
Q128163783	6000000022422492362
Q128163785	6000000022422572149
Q128163786	6000000022440005015
Q128163788	6000000022452632937
Q128163789	6000000022452800878
Q128163791	6000000022465331236
Q128163793	6000000022466096025
Q128163794	6000000022466754345
Q128163796	6000000022466800766
Q128163797	6000000022466823438
Q128163799	6000000022467508556
Q128163800	6000000022481743437
Q128163802	6000000022481771487
Q128163803	6000000022483286708
Q128163805	6000000022483328706
Q128163807	6000000022483417558
Q128163809	6000000022492030178
Q128163810	6000000022493033220
Q128163812	6000000022495175904
Q128163813	6000000022496059008
Q128163817	6000000022496870228
Q128163818	6000000022498396567
Q128163820	6000000022499463453
Q128163821	6000000022510739943
Q128163823	6000000022516496412
Q128163824	6000000022517589365
Q128163826	6000000022524542768
Q128163827	6000000022524761046
Q128163829	6000000022538535988
Q128163831	6000000022558884356
Q128163832	6000000022559340628
Q128163834	6000000022629001860
Q128163836	6000000022629746201
Q128163837	6000000022629884878
Q128163839	6000000022638839312
Q128163841	6000000022657875586
Q128163842	6000000022658021312
Q128163844	6000000022674358792
Q128163846	6000000022674728164
Q128163847	6000000022674812153
Q128163848	6000000022675030759
Q128163850	6000000022677881933
Q128163852	6000000022685567643
Q128163854	6000000022686592093
Q128163855	6000000022688117129
Q128163857	6000000022701659679
Q128163859	6000000022701783610
Q128163862	6000000022778851419
Q128163863	6000000022785657477
Q128163865	6000000022802051121
Q128163867	6000000022808749898
Q128163868	6000000022840471982
Q128163869	6000000022850682229
Q128163871	6000000022870670416
Q128163873	6000000022873703678
Q128163874	6000000022935663054
Q128163876	6000000022937021957
Q128163878	6000000023035217331
Q128163879	6000000023035437380
Q128163881	6000000023035970824
Q128163883	6000000023042022948
Q128163884	6000000023042077882
Q128163886	6000000023043357927
Q128163887	6000000023044635651
Q128163889	6000000023045608900
Q128163891	6000000023050600830
Q128163892	6000000023067019016
Q128163893	6000000023070428108
Q128163895	6000000023072352936
Q128163896	6000000023087603576
Q128163898	6000000023092669122
Q128163900	6000000023093403109
Q128163902	6000000023123627135
Q128163904	6000000023149130408
Q128163916	6000000023294778654
Q128163918	6000000023295180031
Q128163919	6000000023295401389
Q128163921	6000000023309095870
Q128163924	6000000023321004974
Q128163925	6000000023349522327
Q128163927	6000000023352498963
Q128163928	6000000023354480392
Q128163930	6000000023354841881
Q128163931	6000000023374591626
Q128163933	6000000023380647155
Q128163935	6000000023382873010
Q128163937	6000000023401652992
Q128163938	6000000023403136196
Q128163940	6000000023405581271
Q128163942	6000000023437807917
Q128163943	6000000023444105267
Q128163945	6000000023444541235
Q128163947	6000000023444683966
Q128163948	6000000023466780329
Q128163950	6000000023474705502
Q128163951	6000000023474841077
Q128163953	6000000023475030028
Q128163954	6000000023482807972
Q128163956	6000000023482859455
Q128163958	6000000023484794593
Q128163959	6000000023489650141
Q128163964	6000000023514492997
Q128163966	6000000023524377432
Q128163967	6000000023547165074
Q128163969	6000000023582577231
Q128163971	6000000023649120255
Q128163972	6000000023664055999
Q128163974	6000000023664111047
Q128163975	6000000023682891174
Q128163977	6000000023683153953
Q128163978	6000000023692732980
Q128163979	6000000023697742720
Q128163981	6000000023697853875
Q128163983	6000000023698071498
Q128163985	6000000023698252431
Q128163987	6000000023698372356
Q128163990	6000000023699341628
Q128163992	6000000023709145167
Q128163993	6000000023713109762
Q128163995	6000000023713463735
Q128163997	6000000023731164385
Q128163998	6000000023781547607
Q1281640	6000000097625364833
Q128164000	6000000023796038010
Q128164001	6000000023830737640
Q128164003	6000000023835445938
Q128164005	6000000023835544727
Q128164006	6000000023835622587
Q128164008	6000000023838964927
Q128164010	6000000023839016897
Q128164011	6000000023839322311
Q128164013	6000000023839352724
Q128164014	6000000023839362406
Q128164016	6000000023852189950
Q128164017	6000000023852569106
Q128164019	6000000023854307033
Q128164020	6000000023894977801
Q128164022	6000000023895126730
Q128164023	6000000023895774962
Q128164025	6000000023896739714
Q128164027	6000000023897378136
Q128164028	6000000023899794541
Q128164031	6000000023900157269
Q128164034	6000000023900157419
Q128164036	6000000023900688409
Q128164037	6000000023906474892
Q128164039	6000000023907181835
Q128164041	6000000023907259975
Q128164042	6000000023908495251
Q128164044	6000000023909029641
Q128164046	6000000023909280716
Q128164047	6000000023909424559
Q128164048	6000000023910537568
Q128164050	6000000023910729200
Q128164052	6000000023911501306
Q128164053	6000000023924288242
Q128164055	6000000023931222520
Q128164058	6000000023936308224
Q128164060	6000000023938715086
Q128164062	6000000023953239010
Q128164064	6000000023953264043
Q128164068	6000000024006238677
Q128164070	6000000024021746257
Q128164072	6000000024034735986
Q128164073	6000000024061667950
Q128164075	6000000024077056500
Q128164077	6000000024090678013
Q128164078	6000000024100785045
Q128164080	6000000024107171682
Q128164090	6000000024112921949
Q128164092	6000000024114363293
Q128164094	6000000024116048722
Q128164096	6000000024116593980
Q128164097	6000000024128174240
Q128164099	6000000024182399238
Q128164101	6000000024190959222
Q128164103	6000000024193427851
Q128164106	6000000024196558397
Q128164108	6000000024196725502
Q128164109	6000000024219667193
Q128164111	6000000024222559563
Q128164113	6000000024222666301
Q128164115	6000000024222698806
Q128164116	6000000024222767504
Q128164118	6000000024222956615
Q128164119	6000000024225361977
Q128164121	6000000024225465956
Q128164122	6000000024233023585
Q128164124	6000000024234269086
Q128164126	6000000024234607052
Q128164128	6000000024236336279
Q128164130	6000000024237917675
Q128164131	6000000024238131981
Q128164133	6000000024240871763
Q128164134	6000000024248378364
Q128164137	6000000024248684731
Q128164139	6000000024250114276
Q128164140	6000000024250702949
Q128164142	6000000024252292517
Q128164143	6000000024252544152
Q128164145	6000000024255405575
Q128164147	6000000024258728299
Q128164148	6000000024261381186
Q128164150	6000000024261397038
Q128164152	6000000024265109240
Q128164153	6000000024265185984
Q128164155	6000000024265216944
Q128164156	6000000024267173059
Q128164158	6000000024271567403
Q128164160	6000000024276698626
Q128164161	6000000024279216862
Q128164163	6000000024279378149
Q128164165	6000000024279792268
Q128164166	6000000024280161827
Q128164168	6000000024280198273
Q128164170	6000000024280198821
Q128164171	6000000024280319157
Q128164172	6000000024280448454
Q128164174	6000000024281095162
Q128164176	6000000024290498814
Q128164177	6000000024290580166
Q128164179	6000000024290672669
Q128164180	6000000024290685079
Q128164182	6000000024290838077
Q128164184	6000000024291921843
Q128164186	6000000024291951651
Q128164187	6000000024298625964
Q128164189	6000000024301440237
Q128164190	6000000024303136628
Q128164192	6000000024303227594
Q128164194	6000000024306859139
Q128164195	6000000024306908796
Q128164197	6000000024307515075
Q128164198	6000000024307672017
Q128164200	6000000024310426740
Q128164202	6000000024317128672
Q128164203	6000000024317373491
Q128164204	6000000024318055279
Q128164206	6000000024318115851
Q128164208	6000000024319118420
Q128164210	6000000024319261925
Q128164211	6000000024319856949
Q128164213	6000000024334821243
Q128164214	6000000024335461889
Q128164216	6000000024338531155
Q128164218	6000000024345399148
Q128164219	6000000024347109693
Q128164220	6000000024347606021
Q128164222	6000000024359289503
Q128164224	6000000024361712632
Q128164225	6000000024361749308
Q128164227	6000000024361818065
Q128164228	6000000024365906617
Q128164230	6000000024366304860
Q128164231	6000000024366409832
Q128164234	6000000024372912621
Q128164235	6000000024373314562
Q128164237	6000000024373361018
Q128164241	6000000024389968590
Q128164243	6000000024415031009
Q128164245	6000000024415966304
Q128164246	6000000024416177249
Q128164248	6000000024416199136
Q128164250	6000000024419857876
Q128164252	6000000024434836789
Q128164260	6000000024438056064
Q128164261	6000000024449983262
Q128164263	6000000024461593270
Q128164264	6000000024466351232
Q128164267	6000000024466499918
Q128164268	6000000024467654204
Q128164270	6000000024473294822
Q128164272	6000000024474250275
Q128164273	6000000024474408109
Q128164275	6000000024475297037
Q128164277	6000000024475324057
Q128164278	6000000024475509443
Q128164280	6000000024475856966
Q128164281	6000000024482636439
Q128164283	6000000024485689791
Q128164284	6000000024486198162
Q128164286	6000000024499930310
Q128164288	6000000024501408607
Q128164290	6000000024501855066
Q128164291	6000000024502460519
Q128164293	6000000024502562111
Q128164294	6000000024505647867
Q128164296	6000000024511155072
Q128164298	6000000024511984975
Q128164299	6000000024512042157
Q128164300	6000000024512143759
Q128164302	6000000024518221636
Q128164304	6000000024518482434
Q128164306	6000000024518828608
Q128164307	6000000024525796119
Q128164309	6000000024526115894
Q128164310	6000000024526367911
Q128164312	6000000024527127562
Q128164314	6000000024531134649
Q128164316	6000000024532524792
Q128164317	6000000024533570357
Q128164319	6000000024534699068
Q128164321	6000000024535561056
Q128164322	6000000024535946263
Q128164324	6000000024536208129
Q128164325	6000000024537407958
Q128164327	6000000024537534552
Q128164329	6000000024540295094
Q128164330	6000000024540322831
Q128164332	6000000024542387284
Q128164334	6000000024543324424
Q128164335	6000000024552061731
Q128164337	6000000024552112060
Q128164339	6000000024556142821
Q128164340	6000000024556907120
Q128164342	6000000024566515438
Q128164344	6000000024568002678
Q128164345	6000000024568132124
Q128164346	6000000024569145613
Q128164348	6000000024569164979
Q128164351	6000000024570629854
Q128164352	6000000024572149799
Q128164354	6000000024572900968
Q128164356	6000000024581365777
Q128164358	6000000024581744543
Q128164359	6000000024586662512
Q128164361	6000000024586812876
Q128164363	6000000024591423911
Q128164364	6000000024591998883
Q128164366	6000000024594634898
Q128164367	6000000024594647466
Q128164369	6000000024594863713
Q128164371	6000000024597890528
Q128164372	6000000024597895905
Q128164374	6000000024597984285
Q128164375	6000000024598133030
Q128164377	6000000024598249035
Q128164378	6000000024598290906
Q128164380	6000000024607646854
Q128164382	6000000024609937361
Q128164384	6000000024610607220
Q128164385	6000000024610614331
Q128164387	6000000024610838890
Q128164389	6000000024613164470
Q128164390	6000000024613580147
Q128164392	6000000024615601789
Q128164393	6000000024615744590
Q128164395	6000000024618176538
Q128164396	6000000024623527134
Q128164398	6000000024624223937
Q12816440	6000000001518630119
Q128164400	6000000024626178624
Q128164402	6000000024626337485
Q128164404	6000000024626601063
Q128164406	6000000024626852612
Q128164408	6000000024628442936
Q128164416	6000000024638241067
Q128164418	6000000024639457468
Q128164420	6000000024641766635
Q128164422	6000000024642828205
Q128164424	6000000024645589507
Q128164426	6000000024645589702
Q128164427	6000000024651557899
Q128164429	6000000024654330531
Q128164430	6000000024654688245
Q128164432	6000000024655988330
Q128164433	6000000024656094626
Q128164435	6000000024668906890
Q128164437	6000000024693621128
Q128164438	6000000024696663189
Q128164440	6000000024707613189
Q128164442	6000000024710221161
Q128164443	6000000024711182951
Q128164445	6000000024724950788
Q128164447	6000000024725641336
Q128164448	6000000024736365998
Q128164450	6000000024738711283
Q128164451	6000000024739120918
Q128164454	6000000024739702662
Q128164455	6000000024740239659
Q128164457	6000000024742160111
Q128164458	6000000024744172891
Q128164460	6000000024744236983
Q128164462	6000000024750091139
Q128164463	6000000024756454840
Q128164464	6000000024761615611
Q128164466	6000000024772090881
Q128164468	6000000024772688411
Q128164469	6000000024773445883
Q128164471	6000000024773698479
Q128164473	6000000024773844636
Q128164475	6000000024775119612
Q128164476	6000000024775468524
Q128164478	6000000024780255047
Q128164480	6000000024786965169
Q128164481	6000000024787332610
Q128164482	6000000024787553474
Q128164484	6000000024788032912
Q128164486	6000000024788416200
Q128164487	6000000024788914886
Q128164489	6000000024789316435
Q128164491	6000000024801883885
Q128164492	6000000024801902167
Q128164494	6000000024805161868
Q128164496	6000000024805526273
Q128164497	6000000024815247924
Q128164499	6000000024819763877
Q128164501	6000000024823592633
Q128164502	6000000024824194501
Q128164503	6000000024830295823
Q128164505	6000000024833021655
Q128164507	6000000024833163913
Q128164509	6000000024833597005
Q128164510	6000000024834234033
Q128164511	6000000024834802836
Q128164513	6000000024859446339
Q128164515	6000000024863576366
Q128164516	6000000024873501422
Q128164518	6000000024875991315
Q128164520	6000000024879958104
Q128164522	6000000024887113784
Q128164523	6000000024899917500
Q128164525	6000000024901215200
Q128164526	6000000024901592802
Q128164528	6000000024902604534
Q128164529	6000000024914511696
Q128164531	6000000024927866422
Q128164533	6000000024928638666
Q128164534	6000000024931896282
Q128164535	6000000024931907058
Q128164537	6000000024931927186
Q128164539	6000000024954842758
Q128164541	6000000024957344734
Q128164543	6000000024957437061
Q128164544	6000000024959908148
Q128164546	6000000024969626424
Q128164548	6000000024973936950
Q128164549	6000000024989466476
Q128164550	6000000024990898447
Q128164552	6000000024997093468
Q128164554	6000000024997151137
Q128164555	6000000024997248530
Q128164557	6000000024999233342
Q128164558	6000000025002183934
Q128164560	6000000025012774789
Q128164562	6000000025014674625
Q128164569	6000000025084844833
Q128164571	6000000025098022706
Q128164573	6000000025122214091
Q128164574	6000000025124907232
Q128164576	6000000025155183329
Q128164577	6000000025215501865
Q128164579	6000000025218225985
Q128164581	6000000025223014379
Q128164583	6000000025223536582
Q128164585	6000000025225283760
Q128164586	6000000025227165334
Q128164588	6000000025230322006
Q128164589	6000000025237901100
Q128164591	6000000025242131001
Q128164592	6000000025243888900
Q128164594	6000000025244254208
Q128164596	6000000025245639585
Q128164597	6000000025259207475
Q128164599	6000000025259909926
Q128164600	6000000025260268144
Q128164602	6000000025260491951
Q128164604	6000000025260624798
Q128164606	6000000025263780920
Q128164607	6000000025272996528
Q128164609	6000000025274059258
Q128164611	6000000025277997631
Q128164612	6000000025280010069
Q128164613	6000000025293089919
Q128164615	6000000025293182872
Q128164617	6000000025297023191
Q128164619	6000000025297145296
Q128164620	6000000025297449899
Q128164622	6000000025299669411
Q128164623	6000000025299734494
Q128164625	6000000025299768181
Q128164627	6000000025306351172
Q128164629	6000000025307604877
Q128164631	6000000025308693006
Q128164632	6000000025331335089
Q128164634	6000000025334587602
Q128164635	6000000025344344062
Q128164637	6000000025358604644
Q128164639	6000000025358702238
Q128164640	6000000025358737488
Q128164642	6000000025358938675
Q128164643	6000000025361685358
Q128164645	6000000025371289647
Q128164647	6000000025371404762
Q128164649	6000000025375740346
Q128164650	6000000025376117022
Q128164652	6000000025376350834
Q128164654	6000000025376381826
Q128164655	6000000025382741914
Q128164657	6000000025398389825
Q128164658	6000000025399846821
Q128164661	6000000025440161474
Q128164663	6000000025441070291
Q128164664	6000000025471378117
Q128164672	6000000025499004489
Q128164673	6000000025500406047
Q128164675	6000000025500498986
Q128164677	6000000025540966571
Q128164678	6000000025541128827
Q128164680	6000000025541275902
Q128164682	6000000025582623232
Q128164688	6000000025591804818
Q128164690	6000000025592515382
Q128164693	6000000025593889316
Q128164696	6000000025598868925
Q128164698	6000000025605899164
Q128164700	6000000025606197424
Q128164706	6000000025613293280
Q128164708	6000000025620690500
Q128164715	6000000025620856286
Q128164717	6000000025621078014
Q128164719	6000000025630599999
Q128164720	6000000025631246634
Q128164722	6000000025632933088
Q128164724	6000000025644486896
Q128164725	6000000025644645184
Q128164727	6000000025644824361
Q128164728	6000000025648087547
Q128164730	6000000025649550895
Q128164731	6000000025649661978
Q128164733	6000000025649864847
Q128164735	6000000025661095454
Q128164736	6000000025661279203
Q128164738	6000000025673014152
Q12816474	6000000042396018006
Q128164740	6000000025673238058
Q128164741	6000000025673958176
Q128164743	6000000025674160071
Q128164744	6000000025674301911
Q128164750	6000000025674407669
Q128164752	6000000025676798456
Q128164753	6000000025677296261
Q128164755	6000000025677340888
Q128164757	6000000025677764159
Q128164759	6000000025688124408
Q128164760	6000000025690750033
Q128164762	6000000025691312981
Q128164764	6000000025691539407
Q128164765	6000000025692003377
Q128164767	6000000025692082427
Q128164768	6000000025692361385
Q128164770	6000000025700400958
Q128164771	6000000025702466953
Q128164773	6000000025702671492
Q128164775	6000000025703039301
Q128164777	6000000025703255893
Q128164780	6000000025707113999
Q128164781	6000000025707120194
Q128164783	6000000025707866959
Q128164784	6000000025718167823
Q128164786	6000000025718489331
Q128164787	6000000025719054035
Q128164789	6000000025720050808
Q128164790	6000000025720354186
Q128164792	6000000025721098732
Q128164793	6000000025723602071
Q128164800	6000000025724111954
Q128164801	6000000025724126010
Q128164803	6000000025724533452
Q128164804	6000000025725076292
Q128164806	6000000025728956613
Q128164808	6000000025735403831
Q128164809	6000000025737612966
Q128164811	6000000025741102137
Q128164817	6000000025741750088
Q128164819	6000000025742248116
Q128164820	6000000025752319089
Q128164823	6000000025754702781
Q128164825	6000000025754719803
Q128164826	6000000025754900058
Q128164827	6000000025755400969
Q128164829	6000000025755541835
Q128164831	6000000025755605827
Q128164832	6000000025755682876
Q128164834	6000000025755720167
Q128164836	6000000025755968931
Q128164837	6000000025755999255
Q128164839	6000000025765319622
Q128164841	6000000025765473258
Q128164842	6000000025766409415
Q128164847	6000000025766687246
Q128164849	6000000025766812442
Q128164850	6000000025767515076
Q128164852	6000000025768575808
Q128164854	6000000025768885110
Q128164858	6000000025769037096
Q128164860	6000000025769286851
Q128164861	6000000025769324913
Q128164863	6000000025777969109
Q128164864	6000000025779386643
Q128164866	6000000025781200346
Q128164868	6000000025782053147
Q128164869	6000000025784929431
Q128164871	6000000025793178350
Q128164872	6000000025793547788
Q128164874	6000000025805672052
Q128164876	6000000025805998219
Q128164877	6000000025807096633
Q128164879	6000000025810307921
Q128164880	6000000025810555995
Q128164883	6000000025818833144
Q128164887	6000000025833984564
Q128164888	6000000025834032002
Q128164890	6000000025834034268
Q128164891	6000000025847444061
Q128164893	6000000025848011494
Q128164895	6000000025861373045
Q128164897	6000000025861462454
Q128164898	6000000025862209441
Q128164900	6000000025873241445
Q128164902	6000000025875123505
Q128164903	6000000025876801599
Q128164905	6000000025876837610
Q128164907	6000000025876948072
Q128164908	6000000025877308228
Q128164910	6000000025877609902
Q128164911	6000000025887460803
Q128164913	6000000025888864818
Q128164915	6000000025889798047
Q128164916	6000000025890241539
Q128164919	6000000025890698935
Q128164920	6000000025890978973
Q128164922	6000000025891495327
Q128164923	6000000025891617373
Q128164925	6000000025900801192
Q128164926	6000000025902075258
Q128164928	6000000025903398005
Q128164929	6000000025914112808
Q128164931	6000000025914387317
Q128164934	6000000025914443230
Q128164935	6000000025929005709
Q128164937	6000000025929391856
Q128164939	6000000025929421734
Q128164941	6000000025929570155
Q128164942	6000000025929634044
Q128164944	6000000025929932972
Q128164946	6000000025930667842
Q128164947	6000000025935250243
Q128164950	6000000025935784249
Q128164952	6000000025941129596
Q128164954	6000000025942115134
Q128164955	6000000025943726475
Q128164957	6000000025952855498
Q128164959	6000000025954164684
Q128164960	6000000025954537907
Q128164966	6000000025954909410
Q128164968	6000000025955212902
Q128164969	6000000025955330027
Q128164971	6000000025955536849
Q128164972	6000000025955653360
Q128164974	6000000025956054008
Q128164975	6000000025956352147
Q128164977	6000000025956531826
Q128164978	6000000025958828618
Q128164980	6000000025966985101
Q128164981	6000000025968850466
Q128164983	6000000025969875776
Q128164985	6000000025970237880
Q128164986	6000000025970277712
Q128164988	6000000025970493603
Q128164990	6000000025970628793
Q128164992	6000000025970679545
Q128164993	6000000025970843438
Q128164994	6000000025971439892
Q128164996	6000000025971711990
Q128164997	6000000025971785853
Q128164999	6000000025984147745
Q128165001	6000000025984292255
Q128165002	6000000025984326527
Q128165004	6000000025984462067
Q128165006	6000000025984768866
Q128165012	6000000025985280834
Q128165014	6000000025986711868
Q128165015	6000000025988731187
Q128165017	6000000025988992510
Q128165018	6000000025989976598
Q128165020	6000000025990210591
Q128165022	6000000025991515582
Q128165023	6000000025996167903
Q128165025	6000000025996606465
Q128165027	6000000025996738047
Q128165029	6000000025998567997
Q128165030	6000000026012794114
Q128165036	6000000026013195755
Q128165038	6000000026013878978
Q128165039	6000000026013938936
Q128165041	6000000026014080951
Q128165043	6000000026023395690
Q128165044	6000000026024189679
Q128165046	6000000026024217311
Q128165048	6000000026025414837
Q128165049	6000000026027030222
Q128165052	6000000026030198055
Q128165053	6000000026033651986
Q128165055	6000000026035808387
Q128165057	6000000026036257215
Q128165059	6000000026036441087
Q128165061	6000000026037061842
Q128165063	6000000026037442720
Q128165064	6000000026037553025
Q128165066	6000000026037558267
Q128165068	6000000026037892867
Q128165069	6000000026038571333
Q128165071	6000000026039093812
Q128165073	6000000026039257514
Q128165074	6000000026039365170
Q128165077	6000000026039629242
Q128165078	6000000026051859161
Q128165080	6000000026052137695
Q128165081	6000000026053361346
Q128165089	6000000026055748739
Q128165091	6000000026056924591
Q128165092	6000000026059931992
Q128165094	6000000026062685166
Q128165095	6000000026063169690
Q128165097	6000000026065076669
Q128165098	6000000026066268964
Q128165106	6000000026066384067
Q128165108	6000000026067230170
Q128165109	6000000026067310264
Q128165110	6000000026067326016
Q128165112	6000000026073167494
Q128165114	6000000026076753200
Q128165115	6000000026077954911
Q128165118	6000000026077979220
Q128165119	6000000026077985831
Q128165121	6000000026079141727
Q128165123	6000000026079781397
Q128165125	6000000026080038160
Q128165129	6000000026089512454
Q128165130	6000000026091259448
Q128165132	6000000026091418049
Q128165133	6000000026092192711
Q128165135	6000000026095443984
Q128165137	6000000026098336228
Q128165138	6000000026105122802
Q128165141	6000000026108923033
Q128165142	6000000026109008976
Q128165149	6000000026116897375
Q128165151	6000000026119563353
Q128165153	6000000026121111195
Q128165155	6000000026121461982
Q128165156	6000000026131057996
Q128165158	6000000026132566180
Q128165159	6000000026135740253
Q128165161	6000000026137998646
Q128165163	6000000026148884448
Q128165164	6000000026162154626
Q128165167	6000000026174881342
Q128165169	6000000026175420727
Q128165171	6000000026175832262
Q128165172	6000000026177298083
Q128165174	6000000026177583063
Q128165175	6000000026186841667
Q128165177	6000000026189231544
Q128165183	6000000026189628245
Q128165185	6000000026203082433
Q128165187	6000000026203194470
Q128165188	6000000026213725023
Q128165190	6000000026223383591
Q128165191	6000000026226020289
Q128165193	6000000026233610681
Q128165194	6000000026233835636
Q128165196	6000000026245470326
Q128165198	6000000026245499926
Q128165199	6000000026245747829
Q128165201	6000000026246366933
Q128165202	6000000026269887614
Q128165204	6000000026270058345
Q128165206	6000000026274960924
Q128165208	6000000026281508593
Q128165210	6000000026282843835
Q128165212	6000000026298648697
Q128165213	6000000026298923253
Q128165215	6000000026299038620
Q128165217	6000000026299072653
Q128165218	6000000026299395645
Q128165220	6000000026311015759
Q128165222	6000000026311593960
Q128165224	6000000026311691071
Q128165231	6000000026322406180
Q128165232	6000000026322467344
Q128165234	6000000026322801869
Q128165236	6000000026324414715
Q128165237	6000000026325123778
Q128165239	6000000026325537092
Q128165240	6000000026325859886
Q128165242	6000000026326069904
Q128165243	6000000026338349164
Q128165243	6000000177446746824
Q128165245	6000000026353350752
Q128165248	6000000026353432682
Q128165249	6000000026353985529
Q128165251	6000000026365862719
Q128165252	6000000026380923438
Q128165254	6000000026381304774
Q128165255	6000000026381460222
Q128165257	6000000026381513847
Q128165259	6000000026381548288
Q128165260	6000000026381578150
Q128165262	6000000026381782822
Q128165263	6000000026409262889
Q128165266	6000000026422939940
Q128165268	6000000026435043950
Q128165270	6000000026435773758
Q128165272	6000000026435880248
Q128165273	6000000026435887497
Q128165275	6000000026435968849
Q128165276	6000000026436209155
Q128165278	6000000026437863227
Q128165285	6000000026441221451
Q128165292	6000000026444050842
Q128165293	6000000026448916119
Q128165295	6000000026449089315
Q128165296	6000000026449479099
Q128165298	6000000026451627132
Q128165300	6000000026462835908
Q128165301	6000000026470307050
Q128165303	6000000026481476611
Q128165305	6000000026506679777
Q128165307	6000000026506892621
Q128165308	6000000026507248138
Q128165315	6000000026507294395
Q128165316	6000000026507438340
Q128165318	6000000026507482869
Q128165320	6000000026507542154
Q128165321	6000000026521272573
Q128165323	6000000026551964216
Q128165325	6000000026561451629
Q128165326	6000000026575736643
Q128165328	6000000026576335799
Q128165329	6000000026576717913
Q128165331	6000000026576755042
Q128165333	6000000026587209880
Q128165334	6000000026600531123
Q128165336	6000000026602238238
Q128165337	6000000026617842738
Q128165339	6000000026618281906
Q128165340	6000000026619564199
Q128165342	6000000026632160186
Q128165344	6000000026632306548
Q128165346	6000000026634330087
Q128165347	6000000026634609768
Q128165349	6000000026635198990
Q128165350	6000000026648432236
Q128165352	6000000026669348244
Q128165353	6000000026670450957
Q128165355	6000000026694149080
Q128165356	6000000026695240329
Q128165358	6000000026696327915
Q128165359	6000000026697008194
Q128165366	6000000026697028432
Q128165367	6000000026709498439
Q128165369	6000000026725222610
Q128165371	6000000026725439680
Q128165372	6000000026726336350
Q128165374	6000000026729628137
Q128165375	6000000026764261829
Q128165377	6000000026776512532
Q128165379	6000000026779233690
Q128165380	6000000026780866480
Q128165382	6000000026799343848
Q128165388	6000000026831071402
Q128165390	6000000026853305603
Q128165392	6000000026853698813
Q128165393	6000000026925850932
Q128165395	6000000026944246750
Q128165396	6000000026945492974
Q128165398	6000000026946997499
Q128165400	6000000026948299075
Q128165402	6000000026955360253
Q128165403	6000000026955449232
Q128165405	6000000026958569755
Q128165407	6000000027018528495
Q128165408	6000000027067239828
Q128165410	6000000027095723566
Q128165411	6000000027110022454
Q128165413	6000000027127640918
Q128165415	6000000027128804242
Q128165416	6000000027135996334
Q128165418	6000000027138359108
Q128165422	6000000027151261881
Q128165426	6000000027152153041
Q128165428	6000000027214933287
Q128165429	6000000027215389787
Q128165430	6000000027231604795
Q128165432	6000000027291605067
Q128165434	6000000027296916712
Q128165436	6000000027297695548
Q128165438	6000000027309702870
Q128165440	6000000027323414466
Q128165441	6000000027323505238
Q128165443	6000000027323564217
Q128165445	6000000027348317137
Q128165446	6000000027360518111
Q128165452	6000000027434672494
Q128165454	6000000027435135952
Q128165456	6000000027448660715
Q128165458	6000000027486103646
Q128165459	6000000027486587515
Q128165461	6000000027503414885
Q128165462	6000000027534102958
Q128165464	6000000027581608812
Q128165465	6000000027593466709
Q128165468	6000000027597599856
Q128165469	6000000027629977131
Q128165471	6000000027630258329
Q128165472	6000000027686315982
Q128165474	6000000027706633355
Q128165476	6000000027745281817
Q128165477	6000000027834477142
Q128165479	6000000027937658509
Q128165481	6000000027939776238
Q128165483	6000000027950359241
Q128165485	6000000027950615951
Q128165487	6000000028031251083
Q128165488	6000000028043935627
Q128165490	6000000028063134101
Q128165491	6000000028109345538
Q128165493	6000000028110927822
Q128165495	6000000028110977363
Q128165496	6000000028143325069
Q128165498	6000000028144033106
Q128165499	6000000028155117122
Q128165501	6000000028158853248
Q128165503	6000000028165780572
Q128165508	6000000028165919180
Q128165510	6000000028170812776
Q128165512	6000000028170961051
Q128165514	6000000028180412246
Q128165515	6000000028191420322
Q128165517	6000000028200327287
Q128165519	6000000028201325256
Q128165524	6000000028204862693
Q128165526	6000000028204946620
Q128165528	6000000028242070568
Q128165529	6000000028246699524
Q128165531	6000000028260618614
Q128165532	6000000028261205773
Q128165534	6000000028261617079
Q128165536	6000000028261618277
Q128165537	6000000028263199959
Q128165539	6000000028266362128
Q128165541	6000000028268121133
Q128165544	6000000028268837325
Q128165545	6000000028271036916
Q128165547	6000000028277188781
Q128165549	6000000028295985010
Q128165550	6000000028317045182
Q128165552	6000000028375262766
Q128165553	6000000028375723071
Q128165555	6000000028375940287
Q128165557	6000000028380088722
Q128165559	6000000028382007218
Q128165560	6000000028392251101
Q128165563	6000000028392538874
Q128165565	6000000028394550846
Q128165567	6000000028394669196
Q128165569	6000000028442327438
Q128165577	6000000028444416381
Q128165579	6000000028453224937
Q128165582	6000000028475891410
Q128165583	6000000028476742978
Q128165585	6000000028476938831
Q128165587	6000000028479130695
Q128165593	6000000028479687914
Q128165595	6000000028486023890
Q128165596	6000000028486113448
Q128165598	6000000028495653934
Q128165600	6000000028496215564
Q128165601	6000000028499769946
Q128165603	6000000028503243131
Q128165605	6000000028503260906
Q128165606	6000000028503995066
Q128165608	6000000028504073963
Q128165616	6000000028517199821
Q128165618	6000000028529202902
Q128165620	6000000028538379857
Q128165628	6000000028602043434
Q128165631	6000000028625299867
Q128165633	6000000028637391061
Q128165634	6000000028648907551
Q128165636	6000000028656513657
Q128165637	6000000028661203494
Q128165639	6000000028728154981
Q128165641	6000000028729328706
Q128165643	6000000028729897849
Q128165644	6000000028748894726
Q128165646	6000000028756950251
Q128165648	6000000028759358011
Q128165649	6000000028789585646
Q128165650	6000000028790078101
Q128165652	6000000028811919501
Q128165653	6000000028812284838
Q128165655	6000000028818651732
Q128165657	6000000028843638089
Q128165663	6000000028849229907
Q128165666	6000000028868470947
Q128165667	6000000028896898239
Q128165668	6000000028953125376
Q128165678	6000000028953311403
Q128165680	6000000028953497289
Q128165681	6000000028954467827
Q128165683	6000000028958328265
Q128165685	6000000028958459342
Q128165687	6000000028958464084
Q128165688	6000000028971470433
Q128165689	6000000028972035048
Q128165691	6000000028973369010
Q128165700	6000000028974977282
Q128165701	6000000028976089371
Q128165703	6000000028977295312
Q128165704	6000000028991857009
Q128165705	6000000028992649283
Q128165706	6000000029014132101
Q128165708	6000000029014895496
Q128165710	6000000029015104203
Q128165712	6000000029015108908
Q128165713	6000000029021412694
Q128165715	6000000029027787305
Q128165721	6000000029027888990
Q128165728	6000000029031733811
Q128165734	6000000029033959437
Q128165736	6000000029051084965
Q128165738	6000000029058089197
Q128165745	6000000029063617389
Q128165746	6000000029065609003
Q128165747	6000000029084851642
Q128165749	6000000029084853606
Q128165750	6000000029130645411
Q128165752	6000000029132379994
Q128165754	6000000029133796744
Q128165756	6000000029135947072
Q128165757	6000000029136708736
Q128165759	6000000029137727234
Q128165761	6000000029139524050
Q128165767	6000000029139860487
Q128165769	6000000029141220978
Q128165777	6000000029141505654
Q128165779	6000000029141626885
Q128165787	6000000029153515957
Q128165794	6000000029153544975
Q128165805	6000000029176599448
Q128165807	6000000029181813906
Q128165808	6000000029183183539
Q128165810	6000000029183623137
Q128165812	6000000029209317527
Q128165813	6000000029263708107
Q128165815	6000000029263802907
Q128165816	6000000029286427661
Q128165818	6000000029286527453
Q128165820	6000000029286708411
Q128165822	6000000029286819145
Q128165823	6000000029303262599
Q128165825	6000000029322805268
Q128165827	6000000029329978369
Q128165828	6000000029331435684
Q128165829	6000000029331983955
Q128165830	6000000029364630387
Q128165832	6000000029392019410
Q128165834	6000000029392043092
Q128165837	6000000029392343869
Q128165839	6000000029392389821
Q128165840	6000000029405166246
Q128165842	6000000029405300873
Q128165844	6000000029438701330
Q128165846	6000000029440405982
Q128165847	6000000029443557916
Q128165849	6000000029445266338
Q128165850	6000000029450043466
Q128165851	6000000029466266185
Q128165853	6000000029469095438
Q128165854	6000000029469195566
Q128165856	6000000029469363185
Q128165858	6000000029477801998
Q128165860	6000000029489552830
Q128165862	6000000029509077869
Q128165863	6000000029514174392
Q128165865	6000000029515298774
Q128165867	6000000029515321034
Q128165869	6000000029520883668
Q128165870	6000000029522302104
Q128165872	6000000029522693063
Q128165873	6000000029530571897
Q128165875	6000000029554038100
Q128165876	6000000029576072434
Q12816588	6000000010609982841
Q128165883	6000000029674921958
Q128165885	6000000029679100249
Q128165886	6000000029680304026
Q128165888	6000000029697414425
Q128165889	6000000029697817024
Q128165890	6000000029698431423
Q128165893	6000000029698890244
Q128165895	6000000029704969294
Q128165896	6000000029715053333
Q128165898	6000000029717922368
Q128165900	6000000029747930853
Q128165906	6000000029757217326
Q128165908	6000000029760464120
Q128165909	6000000029761481178
Q128165911	6000000029762401878
Q128165913	6000000029780393716
Q128165915	6000000029839473662
Q128165916	6000000029839589883
Q128165918	6000000029840002803
Q128165920	6000000029840428544
Q128165921	6000000029840565854
Q128165923	6000000029840716971
Q128165925	6000000029841197806
Q128165926	6000000029841274812
Q128165928	6000000029841527557
Q128165930	6000000029841686475
Q128165931	6000000029841803030
Q128165933	6000000029850908054
Q128165935	6000000029851195328
Q128165936	6000000029853185826
Q128165938	6000000029854925358
Q128165940	6000000029855104186
Q128165941	6000000029856540516
Q128165948	6000000029860218488
Q128165950	6000000029860583906
Q128165952	6000000029867707593
Q128165959	6000000029882078887
Q128165961	6000000029884566147
Q128165962	6000000029902995983
Q128165963	6000000029903038564
Q128165970	6000000029903066288
Q128165972	6000000029980340319
Q128165974	6000000029980598337
Q128165975	6000000029980694944
Q128165977	6000000029980786974
Q128165978	6000000029997937570
Q128165979	6000000029998304920
Q128165981	6000000029998684047
Q128165983	6000000029998846833
Q128165984	6000000030022178851
Q128165986	6000000030160686180
Q128165987	6000000030163257746
Q128165989	6000000030164863553
Q128165991	6000000030165317913
Q128165992	6000000030165396017
Q128165994	6000000030166325237
Q128165996	6000000030167640932
Q128165997	6000000030201581697
Q128165999	6000000030246031512
Q128166001	6000000030246589875
Q128166002	6000000030286561396
Q128166003	6000000030331976003
Q128166005	6000000030332165994
Q128166007	6000000030368593458
Q128166008	6000000030368967008
Q128166010	6000000030369032922
Q128166012	6000000030410450345
Q128166013	6000000030411218574
Q128166015	6000000030477018188
Q128166017	6000000030478832384
Q128166019	6000000030525950844
Q128166021	6000000030534805692
Q128166022	6000000030535373261
Q128166024	6000000030573239242
Q128166025	6000000030585657055
Q128166026	6000000030593188465
Q128166028	6000000030598071529
Q128166029	6000000030598082760
Q128166031	6000000030598259818
Q128166034	6000000030598312961
Q128166036	6000000030610658028
Q128166038	6000000030621516576
Q128166039	6000000030621615016
Q128166041	6000000030623512044
Q128166042	6000000030713119866
Q128166049	6000000030747016386
Q128166051	6000000030766586656
Q128166058	6000000030768293388
Q128166059	6000000030768465069
Q128166060	6000000030768780918
Q128166061	6000000030785487696
Q128166063	6000000030796493875
Q128166065	6000000030809760113
Q128166066	6000000030811202706
Q128166068	6000000030811317329
Q128166070	6000000030817489932
Q128166071	6000000030844218971
Q128166073	6000000030908469589
Q128166075	6000000030913708757
Q128166077	6000000030916445762
Q128166079	6000000030916556521
Q128166080	6000000030937862082
Q128166082	6000000030938137961
Q128166083	6000000030938318981
Q128166084	6000000030940943854
Q128166085	6000000030984023337
Q128166087	6000000030984253908
Q128166089	6000000031002231834
Q128166090	6000000031010434647
Q128166092	6000000031026370200
Q128166094	6000000031028373374
Q128166096	6000000031050933600
Q128166097	6000000031068424504
Q128166099	6000000031068825428
Q128166101	6000000031071430075
Q128166103	6000000031123708112
Q128166104	6000000031166186570
Q128166106	6000000031167806280
Q128166107	6000000031201153570
Q128166108	6000000031216049522
Q128166110	6000000031216509986
Q128166111	6000000031216520050
Q128166113	6000000031220692675
Q128166114	6000000031222600969
Q128166116	6000000031223274844
Q128166118	6000000031230071945
Q128166119	6000000031245086833
Q128166121	6000000031252442870
Q128166123	6000000031261968821
Q128166124	6000000031267807548
Q128166126	6000000031306124605
Q128166128	6000000031306949952
Q128166129	6000000031329477035
Q128166131	6000000031330251218
Q128166132	6000000031330294365
Q128166133	6000000031345897231
Q128166135	6000000031364046869
Q128166136	6000000031377101705
Q128166138	6000000031390609871
Q128166140	6000000031438561988
Q128166147	6000000031444204680
Q128166148	6000000031478686259
Q128166149	6000000031585392223
Q128166151	6000000031588264844
Q128166152	6000000031604263925
Q128166154	6000000031720876966
Q128166155	6000000031721190919
Q128166157	6000000031828788884
Q128166159	6000000031883168246
Q128166161	6000000031928942353
Q128166163	6000000031954903728
Q128166165	6000000031979707986
Q128166166	6000000032024893720
Q128166168	6000000032045278154
Q128166170	6000000032052274740
Q128166171	6000000032056892998
Q128166173	6000000032058676058
Q128166174	6000000032064771462
Q128166176	6000000032084432089
Q128166177	6000000032128320412
Q128166179	6000000032128629944
Q128166180	6000000032136511335
Q128166182	6000000032141158259
Q128166184	6000000032161376311
Q128166186	6000000032213727760
Q128166187	6000000032257899558
Q128166189	6000000032258411222
Q128166191	6000000032324463095
Q128166197	6000000032338908875
Q128166199	6000000032339146382
Q128166205	6000000032449672976
Q128166206	6000000032502029162
Q128166208	6000000032504733350
Q128166210	6000000032505538800
Q128166211	6000000032506233850
Q128166213	6000000032506280191
Q128166215	6000000032506553895
Q128166216	6000000032530971488
Q128166218	6000000032542603738
Q128166220	6000000032542694821
Q128166227	6000000032542791815
Q128166228	6000000032542856734
Q128166230	6000000032543060027
Q128166232	6000000032544361952
Q128166233	6000000032597220515
Q128166235	6000000032664404930
Q128166237	6000000032664454844
Q128166239	6000000032665210930
Q128166240	6000000032751172815
Q128166243	6000000032751840888
Q128166245	6000000032769580076
Q128166246	6000000032838066386
Q128166247	6000000033068043992
Q128166259	6000000033075438630
Q128166260	6000000033075541115
Q128166264	6000000033287880764
Q128166265	6000000033330044949
Q128166267	6000000033330822299
Q128166269	6000000033353072916
Q128166270	6000000033353637181
Q128166272	6000000033355251778
Q128166274	6000000033355338927
Q128166275	6000000033355412313
Q128166277	6000000033476742063
Q128166278	6000000033543773370
Q128166279	6000000033544363016
Q128166281	6000000033595694111
Q128166282	6000000033645257347
Q128166284	6000000033711791751
Q128166285	6000000033711892259
Q128166287	6000000033712589842
Q128166289	6000000033717566423
Q128166290	6000000033730794856
Q128166292	6000000033738651554
Q128166294	6000000033738775590
Q128166295	6000000033738924087
Q128166297	6000000033738957039
Q128166299	6000000033765803432
Q128166301	6000000033770893997
Q128166302	6000000033786608306
Q128166303	6000000033789338055
Q128166305	6000000033849837071
Q128166306	6000000033850816992
Q128166308	6000000033863608605
Q128166310	6000000033864823183
Q128166311	6000000033889045605
Q128166313	6000000033889507501
Q128166315	6000000033940279020
Q128166320	6000000033950954130
Q128166322	6000000033952443047
Q128166329	6000000033977056148
Q128166335	6000000033983517145
Q128166337	6000000033983649077
Q128166338	6000000033985004208
Q128166340	6000000033985676284
Q128166342	6000000034001622132
Q128166343	6000000034030881936
Q128166345	6000000034031247044
Q128166347	6000000034037563620
Q128166348	6000000034037814792
Q128166350	6000000034037971720
Q128166351	6000000034048286864
Q128166353	6000000034069720893
Q128166354	6000000034086597746
Q128166356	6000000034112628255
Q128166357	6000000034114517921
Q128166359	6000000034127662782
Q128166361	6000000034128044040
Q128166362	6000000034128217920
Q128166364	6000000034175608488
Q128166366	6000000034187908290
Q128166368	6000000034188105620
Q128166369	6000000034188992004
Q128166371	6000000034198836583
Q128166373	6000000034242488296
Q128166374	6000000034262146645
Q128166375	6000000034361219395
Q128166383	6000000034363850380
Q128166384	6000000034364643078
Q128166386	6000000034365701401
Q128166388	6000000034366084290
Q128166389	6000000034368790544
Q128166390	6000000034369526893
Q128166392	6000000034370632348
Q128166394	6000000034389120110
Q128166395	6000000034390529145
Q1281664	6000000059784246839
Q128166403	6000000034391302868
Q128166404	6000000034432798877
Q128166405	6000000034436081981
Q128166407	6000000034436096928
Q128166409	6000000034436300121
Q128166410	6000000034441710037
Q128166412	6000000034442182826
Q128166414	6000000034442524330
Q128166415	6000000034442869887
Q128166417	6000000034444307883
Q128166419	6000000034455453291
Q128166421	6000000034473049768
Q128166422	6000000034476002872
Q128166424	6000000034483779741
Q128166426	6000000034485246311
Q128166427	6000000034493783627
Q128166429	6000000034494186961
Q128166431	6000000034499343958
Q128166432	6000000034518564975
Q128166434	6000000034547301427
Q128166436	6000000034579436122
Q128166438	6000000034660072110
Q128166439	6000000034665689845
Q128166441	6000000034666048095
Q128166443	6000000034666316120
Q128166448	6000000034666594943
Q128166455	6000000034695722134
Q128166457	6000000034728235212
Q128166458	6000000034842984657
Q128166459	6000000034844491814
Q128166461	6000000034845074191
Q128166462	6000000034867680368
Q128166464	6000000034868039000
Q128166465	6000000034886130391
Q128166467	6000000034886827867
Q128166469	6000000034888174192
Q128166470	6000000034896472114
Q128166472	6000000034909025325
Q128166478	6000000034909373913
Q128166480	6000000034913301120
Q128166481	6000000034914680221
Q128166483	6000000034916029629
Q128166484	6000000034950604346
Q128166486	6000000034956265489
Q128166488	6000000034990238094
Q128166490	6000000034991669262
Q128166491	6000000035001680418
Q128166492	6000000035025202055
Q128166494	6000000035029135452
Q128166496	6000000035042957013
Q128166498	6000000035043155775
Q128166499	6000000035043674152
Q128166500	6000000035044133742
Q128166502	6000000035044337285
Q128166503	6000000035044639634
Q128166505	6000000035045449936
Q128166507	6000000035058823375
Q128166508	6000000035059805447
Q128166510	6000000035061155031
Q128166512	6000000035061222067
Q128166514	6000000035062791849
Q128166515	6000000035063127911
Q128166516	6000000035065324695
Q128166518	6000000035067601089
Q128166520	6000000035068119431
Q128166522	6000000035068654248
Q128166523	6000000035069015246
Q128166524	6000000035069059004
Q128166526	6000000035069162835
Q128166532	6000000035069166024
Q128166533	6000000035080903897
Q128166535	6000000035090316387
Q128166537	6000000035107758449
Q128166539	6000000035109863706
Q128166540	6000000035110007608
Q128166541	6000000035110204023
Q128166543	6000000035113077990
Q128166545	6000000035130345089
Q128166546	6000000035130588642
Q128166548	6000000035133451382
Q128166550	6000000035133613870
Q128166551	6000000035133625300
Q128166553	6000000035135251979
Q128166555	6000000035151595138
Q128166556	6000000035151926818
Q128166557	6000000035152666093
Q128166559	6000000035152934223
Q128166560	6000000035153670552
Q128166562	6000000035156406432
Q128166564	6000000035156881954
Q128166565	6000000035157701270
Q128166567	6000000035157716034
Q128166568	6000000035157780911
Q128166570	6000000035157949917
Q128166572	6000000035176071834
Q128166578	6000000035330526011
Q128166580	6000000035363819506
Q128166581	6000000035363900092
Q128166582	6000000035365359935
Q128166588	6000000035366556494
Q128166590	6000000035372265729
Q128166591	6000000035372977897
Q128166592	6000000035374079199
Q128166594	6000000035374079793
Q128166596	6000000035374368440
Q128166597	6000000035657889110
Q128166599	6000000035701657840
Q128166600	6000000035743042435
Q128166602	6000000035766857838
Q128166603	6000000035768415092
Q128166605	6000000035884375316
Q128166612	6000000035916593295
Q128166614	6000000035920725174
Q128166620	6000000035929004425
Q128166622	6000000035929626271
Q128166623	6000000035992426990
Q128166625	6000000035992481917
Q128166626	6000000035992978085
Q128166628	6000000036040683161
Q128166630	6000000036041007454
Q128166631	6000000036057219049
Q128166633	6000000036108414166
Q128166635	6000000036111436057
Q128166637	6000000036157816071
Q128166638	6000000036170247491
Q128166640	6000000036239713171
Q128166642	6000000036273457561
Q128166644	6000000036317615719
Q128166645	6000000036319906701
Q128166646	6000000036385676612
Q128166648	6000000036470890178
Q128166650	6000000036483134646
Q128166652	6000000036488480147
Q128166653	6000000036501400095
Q128166654	6000000036621410969
Q128166656	6000000036624006947
Q128166663	6000000036624170021
Q128166665	6000000036627444838
Q128166666	6000000036629281882
Q128166668	6000000036673196052
Q128166669	6000000036710661456
Q128166671	6000000036711726150
Q128166673	6000000036722671359
Q128166674	6000000036729369076
Q128166676	6000000036744243821
Q128166678	6000000036746654843
Q128166679	6000000036801154919
Q128166681	6000000036844787601
Q128166683	6000000036845072500
Q128166684	6000000036882870464
Q128166685	6000000036900463250
Q128166687	6000000036900840209
Q128166689	6000000037001088004
Q128166690	6000000037012525992
Q128166692	6000000037013933337
Q128166693	6000000037130676280
Q128166695	6000000037172219199
Q128166697	6000000037178826708
Q128166698	6000000037186161156
Q128166700	6000000037326565093
Q128166702	6000000037447278202
Q128166708	6000000037472135126
Q128166709	6000000037489321717
Q128166711	6000000037493815984
Q128166713	6000000037494065550
Q128166714	6000000037516493902
Q128166716	6000000037517690955
Q128166718	6000000037517718913
Q128166719	6000000037555174691
Q12816672	6000000079872342899
Q128166721	6000000037576229270
Q128166723	6000000037576590598
Q128166724	6000000037582424013
Q128166725	6000000037582514087
Q128166727	6000000037586476987
Q128166734	6000000037597189065
Q128166735	6000000037597406792
Q128166741	6000000037598274214
Q128166743	6000000037598590896
Q128166749	6000000037600579340
Q128166751	6000000037604504473
Q128166753	6000000037621968110
Q128166755	6000000037646057046
Q128166756	6000000037646064976
Q128166758	6000000037646419546
Q128166759	6000000037651134839
Q128166761	6000000037666836191
Q128166762	6000000037669197258
Q128166764	6000000037673519512
Q128166766	6000000037688460933
Q128166767	6000000037694585056
Q128166769	6000000037744616243
Q128166771	6000000037745397884
Q128166772	6000000037771892973
Q128166774	6000000037772495977
Q128166776	6000000037780758790
Q128166777	6000000037782951866
Q128166779	6000000037783328683
Q128166780	6000000037784647097
Q128166782	6000000037812853265
Q128166783	6000000037813036929
Q128166789	6000000037832382027
Q128166791	6000000037839678193
Q128166794	6000000037840853982
Q128166795	6000000037841615288
Q128166797	6000000037851011002
Q128166798	6000000037857881846
Q128166799	6000000037881207793
Q128166801	6000000037881592032
Q128166803	6000000037884009894
Q128166805	6000000037885766952
Q128166806	6000000037886462043
Q128166808	6000000037908427357
Q128166810	6000000037909335000
Q128166811	6000000037945867876
Q128166813	6000000037965487374
Q128166814	6000000038014453230
Q128166817	6000000038021402906
Q128166818	6000000038022714901
Q128166820	6000000038034097967
Q128166822	6000000038043175821
Q128166823	6000000038048155077
Q128166824	6000000038048448840
Q128166826	6000000038102483870
Q128166828	6000000038113789652
Q128166830	6000000038125123570
Q128166831	6000000038125753062
Q128166833	6000000038127422503
Q128166839	6000000038149799587
Q128166840	6000000038161608859
Q128166841	6000000038164521215
Q128166843	6000000038166424829
Q128166845	6000000038196068010
Q128166846	6000000038233058150
Q128166848	6000000038242399782
Q128166850	6000000038262864981
Q128166855	6000000038266735625
Q128166857	6000000038270414515
Q128166858	6000000038270848164
Q128166860	6000000038275791136
Q128166861	6000000038280302050
Q128166863	6000000038281482970
Q128166865	6000000038284614113
Q128166867	6000000038289525838
Q128166868	6000000038314371647
Q128166870	6000000038329918852
Q128166872	6000000038332154546
Q128166873	6000000038340433362
Q128166875	6000000038340619941
Q128166876	6000000038359873801
Q128166878	6000000038361135235
Q128166880	6000000038362939092
Q128166881	6000000038364253947
Q128166882	6000000038364463004
Q128166883	6000000038364646006
Q128166885	6000000038369437834
Q128166887	6000000038370538231
Q128166889	6000000038383852932
Q128166891	6000000038385191918
Q128166892	6000000038404029115
Q128166894	6000000038406180351
Q128166896	6000000038406294700
Q128166897	6000000038414906196
Q128166899	6000000038424173061
Q128166900	6000000038424258705
Q128166902	6000000038425969821
Q128166904	6000000038446955875
Q128166905	6000000038455702937
Q128166907	6000000038458300479
Q128166909	6000000038473491156
Q128166911	6000000038489018529
Q128166912	6000000038497155075
Q128166914	6000000038517029270
Q128166916	6000000038545711956
Q128166917	6000000038548128059
Q128166919	6000000038580971605
Q12816692	6000000008762005480
Q128166921	6000000038581048306
Q128166922	6000000038599442086
Q128166924	6000000038605141277
Q128166925	6000000038631217448
Q128166927	6000000038709719268
Q128166929	6000000038709968051
Q128166930	6000000038719525928
Q128166931	6000000038765471582
Q128166938	6000000038766005847
Q128166939	6000000038842679687
Q128166941	6000000038849282303
Q128166944	6000000038858130895
Q128166946	6000000038862645197
Q128166947	6000000038864103951
Q128166948	6000000038865828081
Q128166950	6000000038866072954
Q128166951	6000000038866514455
Q128166953	6000000038870604369
Q128166955	6000000038878836456
Q128166957	6000000038879111884
Q128166958	6000000038879550943
Q128166960	6000000038879856158
Q128166962	6000000038883342406
Q128166963	6000000038887844466
Q128166964	6000000038889077007
Q128166966	6000000038889170007
Q128166969	6000000038915914451
Q128166971	6000000038916146545
Q128166972	6000000038916591875
Q128166973	6000000038917151339
Q128166975	6000000038929227704
Q128166976	6000000038932009982
Q128166979	6000000038939532847
Q128166980	6000000038941736994
Q128166988	6000000038942777072
Q128166990	6000000038943531060
Q128166991	6000000038954568882
Q128166993	6000000038954570874
Q128166995	6000000038970920199
Q128166997	6000000038974710912
Q128167004	6000000038981411296
Q128167005	6000000038987717851
Q128167012	6000000039043347129
Q128167018	6000000039059164005
Q128167019	6000000039068502717
Q128167021	6000000039070603000
Q128167023	6000000039101923951
Q128167025	6000000039122987086
Q128167030	6000000039174900290
Q128167032	6000000039179393750
Q128167034	6000000039183082811
Q128167036	6000000039206897320
Q128167037	6000000039206897363
Q128167039	6000000039214079607
Q128167041	6000000039217012331
Q128167043	6000000039225402748
Q128167044	6000000039226306329
Q128167045	6000000039238850230
Q128167047	6000000039256527276
Q128167049	6000000039257598801
Q128167051	6000000039258976704
Q128167052	6000000039277197913
Q128167053	6000000039302751772
Q128167055	6000000039319330388
Q128167056	6000000039319404343
Q128167063	6000000039324268238
Q128167065	6000000039327781618
Q128167067	6000000039330808569
Q128167068	6000000039333001437
Q128167069	6000000039349279085
Q128167070	6000000039349795175
Q128167072	6000000039355799508
Q128167074	6000000039357612754
Q128167076	6000000039358134027
Q128167078	6000000039358784312
Q128167079	6000000039375494101
Q128167081	6000000039376627405
Q128167083	6000000039416627421
Q128167084	6000000039419969853
Q128167086	6000000039423936832
Q128167087	6000000039425773940
Q128167089	6000000039426739140
Q128167091	6000000039446409207
Q128167092	6000000039447429014
Q128167093	6000000039451731710
Q128167095	6000000039452556113
Q128167097	6000000039455376113
Q128167098	6000000039457117887
Q128167100	6000000039457244342
Q128167103	6000000039464435976
Q128167104	6000000039466299218
Q128167106	6000000039506406076
Q128167108	6000000039515088472
Q128167109	6000000039556884863
Q128167111	6000000039585158900
Q128167112	6000000039585252996
Q128167114	6000000039613125254
Q128167115	6000000039614864286
Q128167122	6000000039618803213
Q128167124	6000000039621169517
Q128167125	6000000039621774119
Q128167131	6000000039621969580
Q128167133	6000000039639786679
Q128167139	6000000039644416362
Q128167141	6000000039648764150
Q128167144	6000000039667849991
Q128167145	6000000039669182934
Q128167153	6000000039705005833
Q128167159	6000000039706594314
Q128167160	6000000039711335933
Q128167162	6000000039721113868
Q128167165	6000000039728615355
Q128167167	6000000039733681001
Q128167168	6000000039734524548
Q128167169	6000000039735992242
Q128167171	6000000039748767422
Q128167172	6000000039749758076
Q128167174	6000000039765674078
Q128167176	6000000039765721918
Q128167177	6000000039766390054
Q128167178	6000000039766516526
Q128167180	6000000039766641828
Q128167181	6000000039767026967
Q128167183	6000000039784290286
Q128167184	6000000039784481976
Q128167186	6000000039785194561
Q128167188	6000000039834157391
Q128167190	6000000039842561851
Q128167192	6000000039848136242
Q128167193	6000000039888086563
Q128167194	6000000039912443095
Q128167196	6000000039912514130
Q128167198	6000000039913094009
Q128167200	6000000039919213939
Q128167201	6000000039940260548
Q128167202	6000000039940545038
Q128167204	6000000039940549357
Q128167205	6000000039940671887
Q128167207	6000000039974919350
Q128167209	6000000039985326485
Q128167210	6000000040008042080
Q128167212	6000000040013174896
Q128167215	6000000040019305129
Q128167216	6000000040026512885
Q128167218	6000000040026845234
Q128167219	6000000040036408155
Q128167221	6000000040049322417
Q128167223	6000000040051565498
Q128167224	6000000040150743809
Q128167225	6000000040151094860
Q128167227	6000000040157230157
Q128167229	6000000040175535733
Q128167231	6000000040179157899
Q128167233	6000000040229912453
Q128167235	6000000040230132060
Q128167236	6000000040253008916
Q128167238	6000000040285009305
Q1281674	6000000053594636138
Q128167558	6000000022225635200
Q128167561	6000000022229464813
Q128167562	6000000022230139386
Q128167564	6000000022231003943
Q128167566	6000000022231101223
Q128167567	6000000022241695172
Q128167569	6000000022247978511
Q128167571	6000000022248005753
Q128167572	6000000022248429519
Q128167575	6000000022249055945
Q128167576	6000000022251755296
Q128167578	6000000022258084492
Q128167579	6000000022274649422
Q128167581	6000000022275039207
Q128167582	6000000022292654233
Q128167584	6000000022292654691
Q128167585	6000000022292707827
Q128167592	6000000022314800161
Q128167593	6000000022320728053
Q128167595	6000000023149153034
Q128167597	6000000023179843137
Q128167599	6000000023188978412
Q128167600	6000000023189005315
Q128167601	6000000023189082665
Q128167606	6000000023198339358
Q128167608	6000000023198353059
Q128167610	6000000023200711646
Q128167615	6000000023251844901
Q128167622	6000000023260608289
Q128167623	6000000023276680905
Q128167625	6000000023285975955
Q128167627	6000000023287098519
Q128167629	6000000023963456669
Q128167631	6000000023964303980
Q128167632	6000000023965386243
Q128167634	6000000023965403159
Q128167636	6000000023965449926
Q128167637	6000000023980360176
Q128167639	6000000023980368156
Q128167641	6000000023988367127
Q128167643	6000000023994082570
Q128167644	6000000024004955231
Q128167646	6000000024005133300
Q128167648	6000000024006953649
Q128167649	6000000024010153641
Q128167651	6000000024010641653
Q128167652	6000000024035657062
Q128167654	6000000024374381560
Q128167655	6000000024375517947
Q128167657	6000000024375554333
Q128167659	6000000024375666299
Q128167661	6000000024379325278
Q128167662	6000000024379570249
Q128167664	6000000024379686146
Q128167666	6000000024379990429
Q128167668	6000000024380145234
Q128167669	6000000024382509044
Q128167671	6000000024389516422
Q128167673	6000000024401084591
Q128167674	6000000024401437325
Q128167675	6000000024407941629
Q128167678	6000000024415972598
Q128167680	6000000024431946119
Q128167681	6000000024437075061
Q128167683	6000000024629017235
Q128167684	6000000024629086519
Q128167686	6000000024638150922
Q128167688	6000000025013392557
Q128167689	6000000025016354627
Q128167691	6000000025017560827
Q128167693	6000000025018688958
Q128167694	6000000025019492854
Q128167696	6000000025039704911
Q128167698	6000000025048648803
Q128167699	6000000025049245100
Q128167700	6000000025049288163
Q128167702	6000000025049292997
Q128167703	6000000025049581059
Q128167705	6000000025057295219
Q128167707	6000000025059193491
Q128167708	6000000025065663914
Q128167711	6000000025065726918
Q128167713	6000000025066527466
Q128167714	6000000025067194915
Q128167716	6000000025068016880
Q128167718	6000000025079938117
Q128167720	6000000025080971939
Q128167722	6000000025101745409
Q128167723	6000000025145315162
Q12816802	6000000010422156587
Q12816806	6000000015812607193
Q1281693	6000000011626905263
Q12816983	6000000003894073543
Q1281712	6000000037533689146
Q1281716	6000000181994642829
Q1281731	6000000008550788392
Q1281738	6000000073507863072
Q1281750	6000000016944121013
Q1281772	6000000009486157548
Q128188597	6000000007980851538
Q128190	6000000010090871191
Q1281904	6000000003524597662
Q128190744	6000000011755808020
Q128190757	6000000037960765970
Q128191599	6000000011953053360
Q128191701	6000000011953202494
Q128191712	6000000012043788389
Q128192340	6000000037960053353
Q1281925	6000000015830018764
Q1281943	6000000036724894967
Q128194432	6000000040287088047
Q128194434	6000000040287112949
Q128194436	6000000040338084579
Q128194437	6000000040338976950
Q128194439	6000000040360236071
Q128194440	6000000040360346630
Q128194442	6000000040362692853
Q128194444	6000000040365383828
Q128194445	6000000040387185591
Q128194447	6000000040394093341
Q128194449	6000000040397672026
Q128194451	6000000040409461768
Q128194452	6000000040410627478
Q128194454	6000000040414135497
Q128194456	6000000040436218678
Q128194458	6000000040445638998
Q128194460	6000000040454201611
Q128194462	6000000040461037429
Q128194464	6000000040484561339
Q128194466	6000000040484789114
Q128194467	6000000040485336435
Q128194470	6000000040485889556
Q128194471	6000000040485926110
Q128194473	6000000040486721144
Q128194475	6000000040493657033
Q128194476	6000000040500409205
Q128194484	6000000040500807874
Q128194485	6000000040506643630
Q128194492	6000000040506732796
Q128194493	6000000040507369707
Q128194499	6000000040507784196
Q1281945	6000000027911613692
Q128194501	6000000040508053936
Q128194503	6000000040514547907
Q128194504	6000000040516010897
Q128194506	6000000040525131946
Q128194508	6000000040539829194
Q128194509	6000000040556879907
Q128194511	6000000040561084997
Q128194512	6000000040582853386
Q128194514	6000000040679199632
Q128194517	6000000040740166029
Q128194519	6000000040776173467
Q128194520	6000000040778232189
Q128194522	6000000040798682955
Q128194524	6000000040844801974
Q128194526	6000000040845971051
Q128194528	6000000040863354741
Q128194534	6000000040866504942
Q128194536	6000000040878062290
Q128194537	6000000040887955948
Q128194539	6000000040904255978
Q128194541	6000000040947619625
Q128194542	6000000040976396107
Q128194544	6000000040980346090
Q128194546	6000000041014385368
Q128194552	6000000041016934912
Q128194560	6000000041033035881
Q128194562	6000000041053054735
Q128194563	6000000041055572882
Q128194565	6000000041088199747
Q128194567	6000000041088705086
Q128194568	6000000041099806618
Q128194570	6000000041146462367
Q128194571	6000000041150661012
Q128194573	6000000041220828080
Q128194575	6000000041255594596
Q128194576	6000000041423162259
Q128194578	6000000041445497866
Q128194580	6000000041446914676
Q128194582	6000000041473392048
Q128194585	6000000041473698826
Q128194586	6000000041559161855
Q128194589	6000000041578527887
Q128194590	6000000041582150368
Q128194592	6000000041584475055
Q128194593	6000000041588902440
Q128194595	6000000041590905566
Q128194604	6000000041716438988
Q128194607	6000000041720268928
Q128194613	6000000041737168951
Q128194615	6000000041834070404
Q128194621	6000000041850030712
Q128194623	6000000041850317936
Q128194625	6000000041857807563
Q128194626	6000000041892533387
Q128194628	6000000041897885000
Q128194630	6000000041956740511
Q128194632	6000000041977126151
Q128194634	6000000042010118791
Q128194635	6000000042038797671
Q128194637	6000000042085746198
Q128194639	6000000042085911843
Q128194641	6000000042086070589
Q128194642	6000000042115334855
Q128194644	6000000042126614505
Q128194646	6000000042148148270
Q128194647	6000000042149627993
Q128194649	6000000042188166644
Q128194650	6000000042209829955
Q128194656	6000000042209838884
Q128194658	6000000042231810095
Q128194659	6000000042231933487
Q128194661	6000000042233119366
Q128194663	6000000042248486598
Q128194664	6000000042249012513
Q128194666	6000000042249013558
Q128194668	6000000042252673611
Q128194675	6000000042261366003
Q128194677	6000000042299659732
Q128194678	6000000042299660699
Q128194680	6000000042331665297
Q128194681	6000000042331852289
Q128194683	6000000042347458192
Q128194685	6000000042350801418
Q128194686	6000000042351621822
Q128194689	6000000042351688701
Q128194691	6000000042353216688
Q128194693	6000000042365319723
Q128194694	6000000042367688925
Q128194696	6000000042371515870
Q128194697	6000000042371841837
Q128194699	6000000042373595327
Q128194701	6000000042374716425
Q128194703	6000000042377130234
Q128194705	6000000042378137963
Q128194706	6000000042380056896
Q128194708	6000000042398048433
Q128194710	6000000042399909063
Q128194711	6000000042420845024
Q128194713	6000000042421963789
Q128194714	6000000042430329604
Q128194716	6000000042430824142
Q128194717	6000000042437324327
Q128194719	6000000042437747033
Q128194721	6000000042437794999
Q128194722	6000000042445833834
Q128194724	6000000042459417693
Q128194727	6000000042460107357
Q128194728	6000000042472570939
Q128194730	6000000042484947959
Q128194731	6000000042489975512
Q128194733	6000000042498535967
Q128194734	6000000042508760784
Q128194736	6000000042511434490
Q128194738	6000000042513201656
Q128194741	6000000042513267883
Q128194743	6000000042581245932
Q128194745	6000000042611339032
Q128194746	6000000042651259534
Q128194748	6000000042653373144
Q128194750	6000000042656144853
Q128194756	6000000042672518435
Q128194757	6000000042681491445
Q128194759	6000000042701529279
Q128194764	6000000042706827558
Q128194766	6000000042706919254
Q128194767	6000000042728837281
Q128194769	6000000042740578362
Q128194770	6000000042745059489
Q128194772	6000000042760244708
Q128194774	6000000042813327591
Q128194775	6000000042862245974
Q128194777	6000000042947437187
Q128194779	6000000042969914633
Q128194780	6000000042979967486
Q128194782	6000000042981210936
Q128194784	6000000042991985019
Q128194785	6000000043052721725
Q128194787	6000000043125253971
Q128194788	6000000043128162988
Q128194790	6000000043181862712
Q128194792	6000000043307336557
Q128194793	6000000043350329302
Q128194795	6000000043352093360
Q128194796	6000000043353807857
Q128194798	6000000043354501881
Q128194800	6000000043354964971
Q128194809	6000000043355368718
Q128194810	6000000043356578972
Q128194812	6000000043385514284
Q128194813	6000000043386846035
Q128194815	6000000043405714957
Q128194817	6000000043434414566
Q128194818	6000000043461422203
Q128194820	6000000043556583625
Q128194826	6000000043556757438
Q128194827	6000000043558541999
Q128194829	6000000043558580982
Q128194831	6000000043602482264
Q128194832	6000000043605078487
Q128194834	6000000043781651960
Q128194835	6000000043796021229
Q128194837	6000000043819421035
Q128194839	6000000043823418859
Q128194840	6000000043858661983
Q128194842	6000000043882861882
Q128194843	6000000043913867915
Q128194845	6000000043952851822
Q128194846	6000000043955415160
Q128194848	6000000043992508076
Q128194850	6000000044063035867
Q128194852	6000000044075277858
Q128194853	6000000044098455976
Q128194855	6000000044187826599
Q128194857	6000000044257076471
Q128194859	6000000044257311346
Q128194860	6000000044270231236
Q128194862	6000000044291951521
Q128194864	6000000044302232902
Q128194865	6000000044318172067
Q128194867	6000000044340533856
Q128194869	6000000044365882939
Q128194870	6000000044459638872
Q128194877	6000000044460053035
Q128194879	6000000044463283021
Q128194880	6000000044485310105
Q128194882	6000000044547483373
Q128194883	6000000044552370093
Q128194891	6000000044556768664
Q128194894	6000000044597353858
Q128194895	6000000044627979851
Q128194897	6000000044637037890
Q128194898	6000000044727001990
Q128194900	6000000044847884869
Q128194901	6000000044851119298
Q128194903	6000000044857363050
Q128194905	6000000044963536076
Q128194906	6000000045034212843
Q128194908	6000000045056600951
Q128194910	6000000045070251828
Q128194912	6000000045089660844
Q128194913	6000000045261428944
Q128194915	6000000045282685988
Q128194917	6000000045284277821
Q128194918	6000000045287826821
Q128194920	6000000045342282985
Q128194921	6000000045344015866
Q128194923	6000000045347291822
Q128194924	6000000045369551890
Q128194926	6000000045370396881
Q128194928	6000000045545995843
Q128194929	6000000045664733997
Q128194931	6000000045728670960
Q128194933	6000000045729444856
Q128194934	6000000045752438121
Q128194940	6000000045762125989
Q128194942	6000000045766555911
Q128194944	6000000045815262993
Q128194945	6000000045824647848
Q128194947	6000000045931870044
Q128194948	6000000045935213853
Q128194950	6000000046003636077
Q128194957	6000000046034904231
Q128194958	6000000046058884980
Q128194960	6000000046072597988
Q128194961	6000000046077909116
Q128194963	6000000046170741931
Q128194964	6000000046196292931
Q128194967	6000000046197172917
Q128194969	6000000046226466887
Q128194970	6000000046236517907
Q128194972	6000000046241354074
Q128194974	6000000046282531978
Q128194975	6000000046286070453
Q128194977	6000000046329343196
Q128194985	6000000046332264205
Q128194986	6000000046401776962
Q128194988	6000000046463964861
Q128194990	6000000046474924114
Q128194991	6000000046503890429
Q128194993	6000000046672413861
Q128194994	6000000046693668701
Q128194997	6000000046795647821
Q128194998	6000000046801826897
Q128195000	6000000046804048912
Q128195002	6000000046804341082
Q128195003	6000000046804591081
Q128195010	6000000047060033904
Q128195011	6000000047177838974
Q128195013	6000000047223244856
Q128195014	6000000047264985958
Q128195022	6000000047316466461
Q128195030	6000000047320883024
Q128195031	6000000047355900947
Q128195033	6000000047356050922
Q128195035	6000000047367924186
Q128195036	6000000047387544052
Q128195038	6000000047394153890
Q128195039	6000000047409918986
Q128195041	6000000047410014908
Q128195042	6000000047446137927
Q128195044	6000000047538923993
Q128195046	6000000047563535851
Q128195047	6000000047592084096
Q128195049	6000000047659025464
Q128195050	6000000047762878918
Q128195052	6000000047840501964
Q128195054	6000000047843843925
Q128195055	6000000047877585323
Q128195057	6000000047885944503
Q128195059	6000000047978136836
Q128195066	6000000047986874206
Q128195068	6000000048147030008
Q128195069	6000000048147469838
Q128195071	6000000048147523916
Q128195073	6000000048162927942
Q128195074	6000000048266747094
Q128195076	6000000048327256758
Q128195078	6000000048518598022
Q128195080	6000000048534194130
Q128195081	6000000048649138976
Q128195083	6000000048651218979
Q128195084	6000000048748736126
Q128195086	6000000048850564049
Q128195087	6000000048874103088
Q128195094	6000000048896123848
Q128195096	6000000048949611834
Q128195097	6000000049086502910
Q128195099	6000000049090218051
Q128195101	6000000049102831915
Q128195102	6000000049118514889
Q128195104	6000000049119857977
Q128195105	6000000049131831883
Q128195107	6000000049132612045
Q128195113	6000000049185658821
Q128195115	6000000049186193866
Q128195116	6000000049186250821
Q128195118	6000000049220694861
Q128195119	6000000049230709007
Q128195121	6000000049423177824
Q128195123	6000000049645967334
Q128195124	6000000049701587870
Q128195126	6000000049732739831
Q128195128	6000000049734778853
Q128195129	6000000049784280053
Q128195131	6000000049886888846
Q128195133	6000000049890443035
Q128195134	6000000049919715632
Q128195136	6000000050037395912
Q128195137	6000000050090382927
Q128195139	6000000050140107156
Q128195140	6000000050243464114
Q128195142	6000000050261080939
Q128195143	6000000050261857835
Q128195145	6000000050303363414
Q128195151	6000000050304723937
Q128195152	6000000050417548049
Q128195154	6000000050629777943
Q128195161	6000000050630059430
Q128195162	6000000050630785962
Q128195164	6000000050853760961
Q128195166	6000000051016366903
Q128195168	6000000051055202885
Q128195169	6000000051085484958
Q128195171	6000000051257522789
Q128195172	6000000051263170436
Q128195174	6000000051330713862
Q128195175	6000000051436455090
Q128195177	6000000051442073918
Q128195178	6000000051553461901
Q128195180	6000000051819738195
Q128195182	6000000051887714908
Q128195183	6000000051910318830
Q128195185	6000000051929740060
Q128195186	6000000052100278827
Q128195188	6000000052100369995
Q128195189	6000000052301823153
Q128195196	6000000052466770857
Q128195198	6000000052512924985
Q128195200	6000000052514929862
Q128195201	6000000052529860156
Q128195203	6000000052542813206
Q128195204	6000000052543646949
Q128195206	6000000052543733839
Q128195208	6000000052575346905
Q128195209	6000000052590541937
Q128195216	6000000052619362223
Q128195217	6000000052759470945
Q128195219	6000000052832439099
Q128195225	6000000052985409833
Q128195226	6000000053262011949
Q128195228	6000000053262765868
Q128195230	6000000053262766877
Q128195231	6000000053262842821
Q128195233	6000000053263854836
Q128195234	6000000053325181965
Q128195237	6000000053335584013
Q128195239	6000000053357374959
Q128195240	6000000053383850198
Q128195242	6000000053387527873
Q128195244	6000000053442909823
Q128195245	6000000053590231880
Q128195247	6000000053656627959
Q128195249	6000000053656642019
Q128195250	6000000053735825005
Q128195252	6000000053737560977
Q128195253	6000000053737704831
Q128195255	6000000053797252827
Q128195257	6000000053828570918
Q128195258	6000000053841434002
Q128195260	6000000053888598892
Q128195262	6000000054016887012
Q128195264	6000000054078866326
Q128195270	6000000054079916395
Q128195272	6000000054394253855
Q128195273	6000000054465883039
Q128195275	6000000054466048127
Q128195277	6000000054605107828
Q128195278	6000000054618342896
Q128195280	6000000054623953918
Q128195282	6000000054627528865
Q128195283	6000000054635639219
Q128195285	6000000054875867833
Q128195292	6000000054988641839
Q128195293	6000000054997134895
Q128195295	6000000055018917843
Q128195296	6000000055135908821
Q128195298	6000000055187896832
Q128195300	6000000055256949979
Q128195301	6000000055304383837
Q128195303	6000000055343561982
Q128195304	6000000055366868834
Q128195306	6000000055366966161
Q128195308	6000000055387062161
Q128195309	6000000055451538610
Q128195311	6000000055519450067
Q128195312	6000000055526791531
Q128195315	6000000055527396019
Q128195317	6000000055534985218
Q128195318	6000000055568331364
Q128195320	6000000055568728877
Q128195322	6000000055569109055
Q128195323	6000000055598211965
Q128195325	6000000055598563914
Q128195327	6000000055619781869
Q128195329	6000000055663266901
Q128195330	6000000055719478838
Q128195332	6000000055803861844
Q128195334	6000000055810392428
Q128195335	6000000055869215871
Q128195337	6000000055934457839
Q128195338	6000000056052197821
Q128195340	6000000056095295864
Q128195342	6000000056116728872
Q128195343	6000000056153220846
Q128195345	6000000056168256976
Q128195346	6000000056423764914
Q128195348	6000000056432217892
Q128195354	6000000056906612829
Q128195356	6000000056978192853
Q128195357	6000000057076620197
Q128195364	6000000057191301178
Q128195365	6000000057193972864
Q128195367	6000000057247836540
Q128195369	6000000057293793004
Q128195371	6000000057367748096
Q128195372	6000000057376187842
Q128195374	6000000057393104827
Q128195376	6000000057400087821
Q128195377	6000000057421568937
Q128195379	6000000057450048821
Q128195381	6000000057461832896
Q128195382	6000000057479357946
Q128195384	6000000057480126850
Q128195386	6000000057567880821
Q128195388	6000000057569050912
Q128195390	6000000057571270984
Q128195391	6000000057571646583
Q128195393	6000000057742902061
Q128195395	6000000057824901096
Q128195397	6000000057825083944
Q128195399	6000000057854180121
Q128195401	6000000057854815870
Q128195402	6000000057921022821
Q128195411	6000000057961828110
Q128195412	6000000057962013963
Q128195414	6000000058110280864
Q128195416	6000000058172115462
Q128195418	6000000058284782905
Q128195420	6000000058287726841
Q128195422	6000000058319060841
Q128195423	6000000058319848090
Q128195425	6000000058323832164
Q128195426	6000000058370570879
Q128195428	6000000058428258891
Q128195431	6000000058453962140
Q128195432	6000000058454268057
Q128195434	6000000058467584061
Q128195436	6000000058467762984
Q128195437	6000000058503400852
Q128195439	6000000058509970831
Q128195441	6000000058590758018
Q128195442	6000000058654882150
Q128195444	6000000058701857958
Q128195446	6000000058804073015
Q128195447	6000000058818266970
Q128195449	6000000058866097321
Q128195450	6000000058883253896
Q128195452	6000000059173690903
Q128195453	6000000059380322937
Q128195455	6000000059570790888
Q128195458	6000000059613760867
Q128195459	6000000059645900961
Q128195461	6000000059838611058
Q128195463	6000000059860783906
Q128195464	6000000059893018846
Q128195466	6000000059901911944
Q128195468	6000000060170793143
Q128195469	6000000060221198821
Q128195471	6000000060306725990
Q128195472	6000000060314177857
Q128195474	6000000060316062949
Q128195476	6000000060317324852
Q128195477	6000000060383676976
Q128195479	6000000060387445890
Q128195481	6000000060499759830
Q128195482	6000000060616280903
Q128195489	6000000060617023067
Q128195490	6000000060722004893
Q128195498	6000000060740073871
Q128195500	6000000061205703015
Q128195501	6000000061206464256
Q128195503	6000000061223574005
Q128195504	6000000061223780891
Q128195506	6000000061226564832
Q128195512	6000000062278424836
Q128195514	6000000062646242293
Q128195516	6000000062704494080
Q128195517	6000000062903937912
Q128195519	6000000062921808844
Q128195520	6000000062925903923
Q128195522	6000000063127246872
Q128195524	6000000063167304926
Q128195525	6000000063167333821
Q128195527	6000000063214223892
Q128195529	6000000063215126835
Q128195530	6000000063331559078
Q128195532	6000000063331773867
Q128195534	6000000063348298908
Q128195535	6000000063437219880
Q128195543	6000000063555010885
Q128195545	6000000063555998852
Q128195546	6000000063944897382
Q128195548	6000000064295451953
Q128195550	6000000064670769180
Q128195551	6000000064686578879
Q128195553	6000000064800484482
Q128195555	6000000064803153830
Q128195556	6000000064849545824
Q128195558	6000000065027586019
Q128195566	6000000065193609866
Q128195567	6000000065490014968
Q128195568	6000000065517826851
Q128195570	6000000066278996828
Q128195572	6000000066282220862
Q128195573	6000000066635757903
Q128195575	6000000066636115912
Q128195578	6000000066636259879
Q128195579	6000000066678965821
Q128195581	6000000066983317848
Q128195583	6000000067013068852
Q128195585	6000000067114427020
Q128195586	6000000067115636868
Q128195588	6000000067237084371
Q128195589	6000000067239610836
Q128195591	6000000067240682229
Q128195593	6000000067380344895
Q128195595	6000000067509187852
Q128195597	6000000067727778863
Q128195598	6000000067819053264
Q128195601	6000000067837528092
Q128195603	6000000068480641907
Q128195604	6000000068494653871
Q128195607	6000000068555789833
Q128195608	6000000068867058991
Q128195610	6000000068867357833
Q128195611	6000000068868111832
Q128195613	6000000069099008821
Q128195615	6000000069126798821
Q128195616	6000000069427846088
Q128195618	6000000069462496155
Q128195619	6000000069489390993
Q128195621	6000000069578673953
Q128195628	6000000069658178874
Q128195630	6000000069658185055
Q128195631	6000000069892736837
Q128195633	6000000069894836245
Q128195634	6000000069950393059
Q128195636	6000000069953758089
Q128195637	6000000069966621421
Q128195644	6000000069985331166
Q128195646	6000000069987348864
Q128195647	6000000069992286872
Q128195649	6000000069994720856
Q128195650	6000000070076840845
Q128195652	6000000070184014045
Q128195654	6000000070257321833
Q128195655	6000000070385409862
Q128195657	6000000070394812465
Q128195659	6000000070474604994
Q128195661	6000000070520502939
Q128195664	6000000070561627987
Q128195667	6000000070694015380
Q128195669	6000000070732658896
Q128195670	6000000070733274078
Q128195677	6000000071046327821
Q128195685	6000000071131410840
Q128195686	6000000071235204263
Q128195692	6000000071235240821
Q128195694	6000000071236051898
Q128195696	6000000071300870920
Q128195701	6000000071308346847
Q128195703	6000000071425618257
Q128195705	6000000071718852151
Q128195707	6000000071775578071
Q128195709	6000000072379337926
Q128195711	6000000072672632847
Q128195713	6000000072697250821
Q128195716	6000000072710479239
Q128195717	6000000072715547020
Q128195719	6000000072721360860
Q128195721	6000000072722103440
Q128195723	6000000072724714029
Q128195725	6000000072888636908
Q128195726	6000000072971899645
Q128195728	6000000072978427232
Q128195730	6000000073020844851
Q128195733	6000000073047063258
Q128195735	6000000073051218849
Q128195736	6000000073430005871
Q128195738	6000000073496675305
Q128195740	6000000073498002049
Q128195741	6000000073501346887
Q128195743	6000000073505323104
Q128195744	6000000073617918378
Q128195746	6000000073618820857
Q128195748	6000000073626359253
Q128195755	6000000073751597870
Q128195757	6000000073853728973
Q128195758	6000000073891021833
Q128195759	6000000074273145038
Q128195761	6000000074453930960
Q128195763	6000000074789027112
Q128195764	6000000074919816891
Q128195766	6000000074990800874
Q128195773	6000000075278959896
Q128195774	6000000075408898939
Q128195776	6000000075593306075
Q128195777	6000000075653962192
Q128195779	6000000075654413980
Q128195780	6000000075654733839
Q128195782	6000000075679315946
Q128195784	6000000075691879110
Q128195786	6000000075788460821
Q128195787	6000000075927396906
Q128195789	6000000075927753029
Q128195791	6000000075978448987
Q128195792	6000000076043792930
Q128195794	6000000076052772868
Q128195797	6000000076230794846
Q128195799	6000000076446890780
Q128195805	6000000076486711886
Q128195807	6000000076655913075
Q128195808	6000000076682850852
Q128195810	6000000076687167083
Q128195812	6000000076691825624
Q128195813	6000000076694880571
Q128195815	6000000076699811249
Q128195816	6000000076700549443
Q128195818	6000000076719536027
Q128195820	6000000076743847859
Q128195822	6000000076772621785
Q128195824	6000000076774506880
Q128195829	6000000076774926079
Q128195831	6000000076803327001
Q128195833	6000000076804449668
Q128195835	6000000076847408093
Q128195836	6000000076920429821
Q128195843	6000000076937057839
Q128195844	6000000077138100950
Q128195846	6000000077141234167
Q128195848	6000000077142273884
Q128195849	6000000077161140440
Q128195851	6000000077198076202
Q128195852	6000000077328576680
Q128195854	6000000077330486669
Q128195856	6000000077331751065
Q128195857	6000000077370286878
Q128195859	6000000077428191392
Q128195861	6000000077429396355
Q128195862	6000000077444868031
Q128195864	6000000077444968061
Q128195866	6000000077445716312
Q128195867	6000000077446668168
Q128195869	6000000077446886956
Q128195871	6000000077466376231
Q128195872	6000000077466609007
Q128195873	6000000077466810876
Q128195875	6000000077486036368
Q128195877	6000000077508736364
Q128195878	6000000077509026171
Q128195880	6000000077509761346
Q128195886	6000000077510960568
Q128195888	6000000077547904851
Q128195890	6000000077548941362
Q128195891	6000000077549449031
Q128195893	6000000077549768969
Q128195895	6000000077550644874
Q128195896	6000000077552242962
Q128195904	6000000077575686864
Q128195906	6000000077575831821
Q128195907	6000000077581310070
Q128195909	6000000077583305023
Q128195910	6000000077585144762
Q128195912	6000000077585785297
Q128195914	6000000077585838554
Q128195915	6000000077597772924
Q128195917	6000000077610728855
Q128195919	6000000077666969391
Q128195920	6000000077796785355
Q128195922	6000000077802570973
Q128195924	6000000077815766823
Q128195925	6000000077816736301
Q128195932	6000000077818658454
Q128195934	6000000077818856908
Q128195940	6000000077820610826
Q128195942	6000000077822581886
Q128195943	6000000077840047128
Q128195950	6000000077840750057
Q128195951	6000000077845509628
Q128195953	6000000077846903350
Q128195959	6000000077846949438
Q128195965	6000000077855316574
Q128195967	6000000077967022823
Q128195969	6000000077982799852
Q128195970	6000000077984026632
Q128195972	6000000078034928907
Q128195974	6000000078038686331
Q128195976	6000000078052559963
Q128195978	6000000078098052856
Q128195980	6000000078141331347
Q128195981	6000000078141935928
Q128195983	6000000078162820969
Q128195985	6000000078314676455
Q128195986	6000000078366914260
Q128195987	6000000078451959932
Q128195989	6000000078517254195
Q128195991	6000000078517598136
Q128195992	6000000078558919069
Q128195994	6000000078563037513
Q128195996	6000000078637638233
Q128195997	6000000078734594339
Q128195999	6000000078808680327
Q128196001	6000000078814436857
Q128196002	6000000078842590834
Q128196004	6000000078891045035
Q128196005	6000000079100105855
Q128196007	6000000079144838754
Q128196009	6000000079211867496
Q128196010	6000000079299625626
Q128196011	6000000079300608120
Q128196013	6000000079445183357
Q128196015	6000000079483062970
Q128196021	6000000079612729915
Q128196023	6000000079614703867
Q128196024	6000000079651237970
Q128196026	6000000079937148931
Q128196027	6000000079939736086
Q128196029	6000000079940365869
Q128196032	6000000080000781174
Q128196033	6000000080059452097
Q128196035	6000000080348650097
Q128196037	6000000080354688934
Q128196038	6000000080389154980
Q128196040	6000000080448544848
Q128196042	6000000080461875070
Q128196043	6000000080461952158
Q128196045	6000000080564438279
Q128196047	6000000080565423147
Q128196048	6000000080565451886
Q128196050	6000000080597625994
Q128196052	6000000080602432873
Q128196060	6000000080610274957
Q128196062	6000000080648669302
Q128196063	6000000080650124970
Q128196065	6000000080661346137
Q128196067	6000000080752722353
Q128196068	6000000080779048921
Q128196070	6000000080993199842
Q128196071	6000000081049009945
Q128196073	6000000081072742231
Q128196075	6000000081072770150
Q128196077	6000000081073693046
Q128196079	6000000081074154875
Q128196081	6000000081075434057
Q128196083	6000000081080305911
Q128196085	6000000081134775924
Q128196086	6000000081230250837
Q128196088	6000000081369971978
Q128196090	6000000081380252821
Q128196091	6000000081388932852
Q128196093	6000000081502203801
Q128196094	6000000081741238217
Q128196096	6000000081759320110
Q128196097	6000000081920635965
Q128196099	6000000081974991016
Q128196101	6000000082299440312
Q128196102	6000000082334535836
Q128196104	6000000082373235948
Q128196105	6000000082385793118
Q128196107	6000000082409905107
Q128196111	6000000082416518959
Q128196112	6000000082420228972
Q128196114	6000000082422775001
Q128196116	6000000082423069932
Q128196117	6000000082439994637
Q128196119	6000000082442362912
Q128196121	6000000082445708885
Q128196123	6000000082466669824
Q128196124	6000000082485647521
Q128196126	6000000082486739834
Q128196127	6000000082495118944
Q128196129	6000000082602818144
Q128196131	6000000082753054963
Q128196132	6000000082944493030
Q128196134	6000000082949058324
Q128196135	6000000083047864387
Q128196137	6000000083123806639
Q128196140	6000000083139434984
Q128196141	6000000083167829417
Q128196143	6000000083255848683
Q128196145	6000000083265186931
Q128196146	6000000083297704510
Q128196148	6000000083301006083
Q128196149	6000000083352391386
Q128196151	6000000083356497240
Q128196152	6000000083392320262
Q128196154	6000000083622393173
Q128196156	6000000083765389138
Q128196157	6000000083767737989
Q128196159	6000000083768753838
Q128196160	6000000083875162064
Q128196162	6000000083900621258
Q128196164	6000000083942404376
Q128196165	6000000084045449350
Q128196172	6000000084046854863
Q128196174	6000000084054029129
Q128196176	6000000084072291151
Q128196177	6000000084072707014
Q128196179	6000000084076104332
Q128196180	6000000084076696128
Q128196182	6000000084141891681
Q128196183	6000000084159561492
Q128196185	6000000084160705900
Q128196187	6000000084177082511
Q128196188	6000000084190769878
Q128196190	6000000084191191882
Q128196192	6000000084245970870
Q128196193	6000000084267887018
Q128196195	6000000084268620869
Q128196196	6000000084349505837
Q128196203	6000000084425904859
Q128196204	6000000084426206888
Q128196206	6000000084474046886
Q128196207	6000000084498377944
Q128196210	6000000084523432839
Q128196212	6000000084525686838
Q128196213	6000000084527876981
Q128196215	6000000084530656385
Q128196217	6000000084542341354
Q128196218	6000000084548599073
Q128196219	6000000084552574107
Q128196222	6000000084564218847
Q128196223	6000000084579732829
Q128196225	6000000084615336937
Q128196227	6000000084649695821
Q128196228	6000000084656310120
Q128196230	6000000084661453440
Q128196232	6000000084662014239
Q128196238	6000000084662064337
Q128196244	6000000084663420190
Q128196246	6000000084668720823
Q128196248	6000000084687923956
Q128196249	6000000084688255013
Q128196251	6000000084689023908
Q128196252	6000000084695049024
Q128196254	6000000084717489945
Q128196256	6000000084719318468
Q128196258	6000000084744518884
Q128196260	6000000084880158922
Q128196261	6000000085078125420
Q128196263	6000000085079655951
Q128196265	6000000085107906956
Q128196267	6000000085108462849
Q128196269	6000000085130657999
Q128196270	6000000085262763878
Q128196272	6000000085362163012
Q128196273	6000000085379321122
Q128196275	6000000085380239898
Q128196277	6000000085427661846
Q128196278	6000000085437288128
Q128196280	6000000085549446893
Q128196282	6000000085553540258
Q128196284	6000000085561480133
Q128196285	6000000085568310853
Q128196287	6000000085579365337
Q128196289	6000000085763141173
Q128196290	6000000085824166870
Q128196292	6000000085927376884
Q128196293	6000000086263143868
Q128196295	6000000086266489841
Q128196296	6000000086405597821
Q128196298	6000000086646417864
Q128196306	6000000086806171083
Q128196307	6000000086849629968
Q128196309	6000000086860334863
Q128196310	6000000086909146873
Q128196312	6000000086909423356
Q128196314	6000000086916474902
Q128196315	6000000087093529855
Q128196317	6000000087180753011
Q128196319	6000000087180830821
Q128196320	6000000087432569897
Q128196322	6000000087491253876
Q128196323	6000000087551318970
Q128196325	6000000087901531093
Q128196327	6000000087930998888
Q128196328	6000000088859880970
Q128196335	6000000088883826888
Q128196337	6000000088969156983
Q128196339	6000000089045928821
Q128196345	6000000089074753866
Q128196347	6000000089108806889
Q128196348	6000000089147323864
Q128196351	6000000089192524137
Q128196353	6000000089513929867
Q128196355	6000000089989099903
Q128196357	6000000090149373833
Q128196359	6000000090212315354
Q128196364	6000000090217321924
Q128196367	6000000090217674024
Q128196368	6000000090385934861
Q128196370	6000000090466415893
Q128196371	6000000090503175859
Q128196373	6000000090560683902
Q128196374	6000000090616024857
Q128196376	6000000090678595982
Q128196378	6000000091000069065
Q128196379	6000000091235970180
Q128196381	6000000091404977891
Q128196382	6000000091506112065
Q128196384	6000000091551769833
Q128196386	6000000091554296855
Q128196387	6000000091561650838
Q128196389	6000000091667701109
Q128196390	6000000091691206036
Q128196392	6000000091691429857
Q128196394	6000000091693910146
Q128196396	6000000091730469923
Q128196397	6000000091976686936
Q128196399	6000000092128473950
Q128196401	6000000092194209981
Q128196402	6000000092225559821
Q128196404	6000000092327926888
Q128196406	6000000092484332869
Q128196408	6000000092913136043
Q128196409	6000000093365415944
Q128196411	6000000093711637854
Q128196412	6000000093745189871
Q128196414	6000000093854678825
Q128196416	6000000093932486287
Q128196417	6000000093937851978
Q128196419	6000000093938798828
Q128196420	6000000094152805930
Q128196422	6000000094158000059
Q128196424	6000000094175077999
Q128196425	6000000094179172871
Q128196427	6000000094188071115
Q128196429	6000000096343200875
Q128196430	6000000096345235322
Q128196432	6000000096679687831
Q128196433	6000000096681863981
Q128196435	6000000096837184891
Q128196443	6000000096845630902
Q128196445	6000000096994289213
Q128196447	6000000097350174822
Q128196448	6000000097524736311
Q128196450	6000000097694836903
Q128196452	6000000097718080824
Q128196453	6000000098049011889
Q128196455	6000000098099993840
Q128196457	6000000098116199943
Q128196458	6000000098180176896
Q128196460	6000000098315605007
Q128196461	6000000098661408009
Q128196463	6000000098853822866
Q128196465	6000000099423009935
Q128196466	6000000100799141182
Q128196474	6000000101112549909
Q128196475	6000000101275534004
Q128196477	6000000101301090894
Q128196483	6000000101481575845
Q128196489	6000000102372067826
Q128196491	6000000102518731053
Q128196492	6000000102560071880
Q128196494	6000000102560789840
Q128196500	6000000102561061827
Q128196508	6000000102766023864
Q128196509	6000000103164967029
Q128196511	6000000103244864382
Q128196514	6000000103276511975
Q128196516	6000000103771578864
Q128196517	6000000103773385935
Q128196519	6000000103865354914
Q128196521	6000000104021130844
Q128196522	6000000104488540870
Q128196524	6000000104610163098
Q128196526	6000000104688009829
Q128196527	6000000104725767863
Q128196529	6000000104846021836
Q128196530	6000000104865022237
Q128196532	6000000105076112838
Q128196534	6000000105468707071
Q128196536	6000000105522224965
Q128196537	6000000105522710863
Q128196539	6000000105530892147
Q128196541	6000000105699876998
Q128196542	6000000105806987117
Q128196544	6000000105832104828
Q128196545	6000000105876198974
Q128196547	6000000105991483894
Q128196549	6000000106228003081
Q128196551	6000000106234570885
Q128196552	6000000106416377836
Q128196554	6000000106416860880
Q128196555	6000000106505884840
Q128196557	6000000106691767564
Q128196562	6000000106694597064
Q128196564	6000000106718405976
Q128196567	6000000106731713846
Q128196568	6000000106763114857
Q128196570	6000000107088137821
Q128196572	6000000107282986864
Q128196574	6000000107297749892
Q128196576	6000000107298171930
Q128196578	6000000107498013891
Q128196580	6000000107499109844
Q128196581	6000000107545266854
Q128196583	6000000107571745821
Q128196584	6000000107699209872
Q128196587	6000000107718019136
Q128196588	6000000107779435009
Q128196590	6000000107790981920
Q128196591	6000000108527151934
Q128196593	6000000108528965858
Q128196594	6000000108714060274
Q128196596	6000000108714579198
Q128196599	6000000108870156824
Q128196601	6000000109506883884
Q128196602	6000000109511633836
Q128196604	6000000109727518914
Q128196605	6000000109727879871
Q128196607	6000000109764443059
Q128196614	6000000109766078092
Q128196616	6000000109925413893
Q128196622	6000000109959379835
Q128196623	6000000110071852860
Q128196625	6000000110230362043
Q128196627	6000000110654174035
Q128196629	6000000111045178046
Q128196635	6000000111562074821
Q128196637	6000000111944374970
Q128196639	6000000112470201845
Q128196640	6000000112475405952
Q128196641	6000000112676667401
Q128196643	6000000112916570122
Q128196644	6000000113141996018
Q128196646	6000000113145391275
Q128196648	6000000113178544864
Q128196650	6000000113892085821
Q128196652	6000000114029425310
Q128196654	6000000114448185198
Q128196656	6000000114458262885
Q128196658	6000000114576167248
Q128196659	6000000114984955130
Q128196661	6000000115200636861
Q128196662	6000000115312368916
Q128196664	6000000115438810821
Q128196665	6000000115659316885
Q128196668	6000000115676761845
Q128196675	6000000116265385853
Q128196676	6000000116265499821
Q128196678	6000000116271328821
Q128196680	6000000116271335821
Q128196682	6000000118461235829
Q128196684	6000000118832697839
Q128196685	6000000119528217864
Q128196686	6000000120121411041
Q128196688	6000000120619341872
Q128196690	6000000121855712969
Q128196692	6000000122039036833
Q128196694	6000000122429077852
Q128196695	6000000122566123928
Q128196697	6000000122574993315
Q128196699	6000000122742775020
Q128196700	6000000123474607110
Q128196702	6000000123912224884
Q128196703	6000000124451654868
Q128196705	6000000124503028027
Q128196706	6000000124781738827
Q128196708	6000000124951060969
Q128196709	6000000125198680918
Q128196711	6000000125267002835
Q128196712	6000000125351624897
Q128196714	6000000125430301845
Q128196716	6000000125672056832
Q128196717	6000000125709198028
Q128196719	6000000126017580001
Q128196721	6000000126028016821
Q128196722	6000000126028854835
Q128196724	6000000126038630920
Q128196726	6000000126261750877
Q128196728	6000000126495267888
Q128196729	6000000127077910187
Q128196730	6000000127078767005
Q128196732	6000000127079536860
Q128196733	6000000127539019833
Q128196734	6000000127884230823
Q128196736	6000000128127663835
Q128196738	6000000129289718917
Q128196739	6000000129340749969
Q128196741	6000000129341671856
Q128196743	6000000129602414859
Q128196749	6000000129620782860
Q128196757	6000000129621782932
Q128196759	6000000129633902859
Q128196760	6000000129634289821
Q128196767	6000000130213878877
Q128196773	6000000130222878940
Q128196774	6000000130342692879
Q128196776	6000000130483381833
Q128196779	6000000130662028031
Q128196781	6000000130738781833
Q128196782	6000000130813614946
Q128196784	6000000130845442847
Q128196786	6000000130933851823
Q128196788	6000000130944454836
Q128196790	6000000130977230822
Q128196791	6000000131008037960
Q128196793	6000000131074575838
Q128196794	6000000131291408890
Q128196796	6000000131664647935
Q128196797	6000000131758943867
Q128196799	6000000131776353830
Q128196806	6000000131932088839
Q128196807	6000000132075568822
Q128196809	6000000132282150917
Q128196810	6000000132343266904
Q128196812	6000000132413223981
Q128196813	6000000132421442881
Q128196815	6000000132424395822
Q128196816	6000000132805855536
Q128196818	6000000133376434016
Q128196820	6000000133377816957
Q128196822	6000000134806806865
Q128196824	6000000134807070857
Q128196825	6000000134819999903
Q128196828	6000000135258665017
Q128196831	6000000135259831974
Q128196832	6000000135621992846
Q128196834	6000000136023601022
Q128196836	6000000136741246822
Q128196837	6000000136745792836
Q128196839	6000000136748786821
Q128196841	6000000136751218821
Q128196842	6000000137147935865
Q128196844	6000000138064449836
Q128196846	6000000138065962833
Q128196848	6000000138089907140
Q128196850	6000000138123013821
Q128196852	6000000138631888130
Q128196853	6000000139179021895
Q128196855	6000000139448854837
Q128196856	6000000139886189073
Q128196858	6000000140124698839
Q128196859	6000000140164651052
Q128196861	6000000141342401114
Q128196863	6000000141367869821
Q128196866	6000000142068897828
Q128196868	6000000143254880833
Q128196869	6000000143950905035
Q128196871	6000000143969190000
Q128196874	6000000144411799830
Q128196881	6000000144671020055
Q128196883	6000000145346708860
Q128196885	6000000147739147000
Q128196888	6000000147747513026
Q128196889	6000000147749003846
Q128196891	6000000147754383839
Q128196893	6000000148104130826
Q128196895	6000000148344467923
Q128196900	6000000148608133847
Q128196902	6000000148667363861
Q128196905	6000000148765335020
Q128196906	6000000149462799066
Q128196908	6000000149492591827
Q128196910	6000000149589803299
Q128196912	6000000149945723955
Q128196913	6000000150832468016
Q128196915	6000000150908466924
Q128196916	6000000151674367849
Q128196918	6000000154740704922
Q128196919	6000000155023999953
Q128196921	6000000160327291841
Q128196923	6000000161025521844
Q128196924	6000000162713076825
Q128196926	6000000163372528121
Q128196928	6000000163375482871
Q128196930	6000000163380652856
Q128196932	6000000163439815113
Q128196934	6000000163449169859
Q128196939	6000000164021932222
Q128196941	6000000164027684822
Q128196943	6000000164027684877
Q128196945	6000000164962492833
Q128196946	6000000165050043319
Q128196948	6000000165632078835
Q128196950	6000000165975198095
Q128196951	6000000165977661827
Q128196952	6000000166206241853
Q128196954	6000000166656596064
Q128196955	6000000167065088066
Q128196957	6000000167318347923
Q128196959	6000000167562972464
Q128196961	6000000167621709010
Q128196962	6000000167623446823
Q128196964	6000000167624179036
Q128196966	6000000167672991826
Q128196968	6000000167806394830
Q128196969	6000000168197845865
Q128196971	6000000168954360153
Q128196973	6000000169603583835
Q128196974	6000000169626239162
Q128196975	6000000169700616901
Q128196977	6000000171667293931
Q128196978	6000000171669075874
Q128196980	6000000171961129850
Q128196981	6000000171987389838
Q128196983	6000000172033111103
Q128196985	6000000172033693032
Q128196987	6000000172035830887
Q128196989	6000000172036201838
Q128196990	6000000172097987862
Q128196992	6000000172097989857
Q128196993	6000000172182846103
Q128196995	6000000172278823774
Q128196997	6000000172304384111
Q128196998	6000000172319748131
Q128196999	6000000172320374838
Q128197001	6000000172347042229
Q128197002	6000000172490572755
Q128197004	6000000172490769741
Q128197005	6000000172520781228
Q128197007	6000000172624693857
Q128197009	6000000172658774550
Q128197011	6000000172775348128
Q128197018	6000000172776861979
Q128197020	6000000172839505821
Q128197027	6000000173144552535
Q128197029	6000000173146478931
Q128197030	6000000173146809866
Q128197036	6000000173162130559
Q128197037	6000000173165496821
Q128197043	6000000173191946393
Q128197044	6000000173202769822
Q128197046	6000000173328142833
Q128197047	6000000173330789878
Q128197050	6000000173443948981
Q128197053	6000000173474627145
Q128197055	6000000173554172047
Q128197056	6000000173607461237
Q128197058	6000000173609064913
Q128197060	6000000173619855942
Q128197062	6000000173636023272
Q128197064	6000000173636582937
Q128197070	6000000173686810300
Q128197073	6000000173706979389
Q128197074	6000000173715435272
Q128197076	6000000173848770821
Q128197078	6000000173935112985
Q128197079	6000000173935268828
Q128197081	6000000174169169875
Q128197082	6000000174236746821
Q128197084	6000000174238375913
Q128197085	6000000174251665030
Q128197086	6000000174260826862
Q128197088	6000000174269627510
Q128197090	6000000174280515591
Q128197092	6000000174281286147
Q128197094	6000000174303524976
Q128197095	6000000174344427134
Q128197097	6000000174373662687
Q128197099	6000000174432868861
Q128197101	6000000174439451505
Q128197103	6000000174445914148
Q128197104	6000000174447643286
Q128197106	6000000174977532526
Q128197107	6000000174982244244
Q128197108	6000000175135463573
Q128197110	6000000175160593137
Q128197112	6000000175211069022
Q128197114	6000000175284741257
Q128197116	6000000175292640365
Q128197117	6000000175317512250
Q128197119	6000000175339270000
Q128197121	6000000175537369871
Q128197123	6000000175560619831
Q128197124	6000000175597987823
Q128197126	6000000175621754821
Q128197127	6000000175750126908
Q128197129	6000000175796882851
Q128197130	6000000176016792833
Q128197132	6000000176238433903
Q128197134	6000000176239154849
Q128197136	6000000176264871827
Q128197137	6000000176265036831
Q128197139	6000000176374622831
Q128197141	6000000176374635831
Q128197146	6000000176390655832
Q128197148	6000000177211404890
Q128197149	6000000177285013874
Q128197157	6000000177286115856
Q128197159	6000000177512135824
Q128197165	6000000177709806821
Q128197172	6000000177885791088
Q128197174	6000000177888838833
Q128197175	6000000177893997822
Q128197177	6000000177897746947
Q128197179	6000000178031922901
Q128197181	6000000178099809959
Q128197183	6000000178100662848
Q128197185	6000000178149894830
Q128197186	6000000178197726833
Q128197189	6000000178240174892
Q128197191	6000000178264265849
Q128197192	6000000178286287861
Q128197194	6000000178338919861
Q128197195	6000000178347007830
Q128197197	6000000178399586829
Q128197198	6000000178414481038
Q128197200	6000000178417284836
Q128197202	6000000178422016874
Q128197204	6000000178422518823
Q128197205	6000000178422768847
Q128197207	6000000178484877834
Q128197209	6000000178486878926
Q128197215	6000000178487887822
Q128197216	6000000178516470821
Q128197218	6000000178564753863
Q128197219	6000000178568830037
Q128197221	6000000178572874856
Q128197222	6000000178573121860
Q128197223	6000000178579524826
Q128197224	6000000178601398821
Q128197225	6000000178601648822
Q128197226	6000000178631589860
Q128197227	6000000178634497852
Q128197228	6000000178684461004
Q128197229	6000000178690014840
Q128197231	6000000178703462954
Q128197233	6000000178705606836
Q128197236	6000000178719402827
Q128197238	6000000178768796845
Q128197239	6000000178769137821
Q128197241	6000000178786039838
Q128197243	6000000178787420900
Q128197245	6000000178813792860
Q128197247	6000000178868072822
Q128197249	6000000179147725893
Q128197250	6000000179148633821
Q128197251	6000000179180884822
Q128197252	6000000179181535847
Q128197253	6000000179195959879
Q128197255	6000000179279066898
Q128197257	6000000179304064906
Q128197259	6000000179304790825
Q128197261	6000000179305668990
Q128197262	6000000179337058840
Q128197264	6000000179345940831
Q128197266	6000000179347816860
Q128197268	6000000179347948821
Q128197270	6000000179348992832
Q128197271	6000000179358999871
Q128197274	6000000179397182823
Q128197275	6000000179421988844
Q128197276	6000000179452540856
Q128197277	6000000179546791833
Q128197278	6000000019770583155
Q128197278	6000000179563101825
Q128197279	6000000179571686836
Q128197290	6000000179572843824
Q128197295	6000000179619885821
Q128197303	6000000179645736840
Q128197304	6000000179650078828
Q128197305	6000000179699317849
Q128197306	6000000179766282965
Q128197307	6000000179791778821
Q128197308	6000000179796024859
Q128197309	6000000179814630828
Q128197310	6000000179816204860
Q128197311	6000000179825921835
Q128197312	6000000179826129844
Q128197313	6000000179895474867
Q128197314	6000000179924325938
Q128197315	6000000179925030859
Q128197316	6000000179930670878
Q128197317	6000000179940859919
Q128197318	6000000180020593832
Q128197319	6000000180029612846
Q128197321	6000000180092235955
Q128197322	6000000180093910841
Q128197323	6000000180094653887
Q128197324	6000000180095510825
Q128197325	6000000180095673824
Q128197326	6000000180096605828
Q128197327	6000000180101260821
Q128197328	6000000180124670845
Q128197329	6000000180127841916
Q128197330	6000000180129853835
Q128197331	6000000180137908839
Q128197332	6000000180147920855
Q128197333	6000000180265041887
Q128197334	6000000180266003842
Q128197335	6000000180271277829
Q128197336	6000000180277227872
Q128197337	6000000180286944852
Q128197338	6000000180304231853
Q128197339	6000000180306336825
Q128197340	6000000180320232855
Q128197341	6000000180397479926
Q128197342	6000000180453139852
Q128197343	6000000180501200827
Q128197344	6000000180549434852
Q128197345	6000000180550194821
Q128197346	6000000180620437835
Q128197347	6000000180620580828
Q128197348	6000000180671587830
Q128197349	6000000180680476873
Q128197350	6000000180691044843
Q128197351	6000000180691361903
Q128197352	6000000180703322827
Q128197353	6000000180704567822
Q128197354	6000000180753561823
Q128197355	6000000180763128822
Q128197356	6000000180780339849
Q128197357	6000000180788350866
Q128197358	6000000180788593870
Q128197359	6000000180926046867
Q128197360	6000000180926206830
Q128197361	6000000180968435836
Q128197362	6000000180995019848
Q128197363	6000000181021752835
Q128197364	6000000181061392848
Q128197365	6000000181122522846
Q128197374	6000000181131373849
Q128197376	6000000181140276869
Q128197378	6000000181478663831
Q128197379	6000000181485203824
Q128197380	6000000181504118837
Q128197381	6000000181539250853
Q128197382	6000000181557306857
Q128197383	6000000181557422836
Q128197387	6000000181776874896
Q128197389	6000000181777659832
Q128197391	6000000181809153856
Q128197394	6000000181809162833
Q128197396	6000000181984557822
Q128197398	6000000181986810856
Q128197400	6000000181991247821
Q128197401	6000000181997178839
Q128197402	6000000181997881855
Q128197403	6000000181998743821
Q128197404	6000000181998754823
Q128197412	6000000182050952856
Q128197414	6000000182056273845
Q128197416	6000000182056316852
Q128197417	6000000182057222827
Q128197418	6000000182079836862
Q128197419	6000000182082824865
Q128197420	6000000182084500875
Q128197422	6000000182084575826
Q128197423	6000000182085109829
Q128197425	6000000182092851935
Q128197427	6000000182106092828
Q128197428	6000000182182284831
Q128197430	6000000182182337835
Q128197433	6000000182182991867
Q128197435	6000000182183844860
Q128197436	6000000182183940849
Q128197439	6000000182223222823
Q128197441	6000000182235022839
Q128197442	6000000182235286860
Q128197443	6000000182262324823
Q128197444	6000000182264805865
Q128197445	6000000182265125829
Q128197447	6000000182265189821
Q128197449	6000000182288173831
Q128197451	6000000182316017838
Q128197458	6000000182348845822
Q128197459	6000000182387404858
Q128197460	6000000182387818826
Q128197463	6000000182389020839
Q128197465	6000000182409928853
Q128197466	6000000182410332847
Q128197468	6000000182412424821
Q128197473	6000000182412787821
Q128197475	6000000182414961822
Q128197480	6000000182440916913
Q128197483	6000000182458220828
Q128197489	6000000182591257889
Q128197491	6000000182604483843
Q128197493	6000000182647703839
Q128197498	6000000182647944844
Q128197500	6000000182648023844
Q128197502	6000000182653150887
Q128197503	6000000182677910877
Q128197504	6000000182680336830
Q128197505	6000000182682371900
Q128197507	6000000182682878840
Q128197509	6000000182718965824
Q128197511	6000000182719410833
Q128197513	6000000182726258854
Q128197514	6000000182741970822
Q128197516	6000000182778862830
Q128197518	6000000182779468831
Q128197519	6000000182875062886
Q128197521	6000000182875483926
Q128197528	6000000182892698830
Q128197530	6000000183083840840
Q128197531	6000000183112648822
Q128197533	6000000183249003826
Q128197535	6000000183460327898
Q128197537	6000000183508088823
Q128197539	6000000183582858849
Q128197541	6000000183804134839
Q128197542	6000000183949113845
Q128197543	6000000183957381847
Q128197545	6000000184129723859
Q128197547	6000000184165189821
Q128197549	6000000184299135829
Q128197550	6000000184327440831
Q128197552	6000000184732252823
Q128197553	6000000116502366892
Q128197553	6000000184788198840
Q128197555	6000000184957789821
Q128197557	6000000184982437842
Q128197559	6000000185009823895
Q128197561	6000000185169293841
Q128197563	6000000185330335879
Q128197566	6000000185331525822
Q128197567	6000000185341910128
Q128197568	6000000185342831959
Q128197571	6000000185343417900
Q128197573	6000000185381974830
Q128197578	6000000185463751833
Q128197580	6000000185585970492
Q128197582	6000000186032958393
Q128197584	6000000186053146858
Q128197585	6000000186196114844
Q128197587	6000000186329381569
Q128197588	6000000186421006874
Q128197590	6000000186435185821
Q128197591	6000000186475786825
Q128197593	6000000186652892859
Q128197602	6000000186754776831
Q128197603	6000000187058656821
Q128197605	6000000187142633845
Q128197606	6000000187144384850
Q128197607	6000000187247376833
Q128197609	6000000187248023822
Q128197611	6000000187590558828
Q128197613	6000000187593181842
Q128197621	6000000187604311858
Q128197630	6000000187616843850
Q128197632	6000000187690335600
Q128197634	6000000187822606917
Q128197636	6000000187963363827
Q128197639	6000000188118961840
Q128197641	6000000188969587836
Q128197643	6000000188987323824
Q128197644	6000000189013521839
Q128197645	6000000189013934822
Q128197646	6000000189015551821
Q128197649	6000000189049286827
Q128197651	6000000189052415826
Q128197652	6000000189054141859
Q128197654	6000000189054371867
Q128197655	6000000189057115902
Q128197657	6000000189057221884
Q128197658	6000000189057919860
Q128197660	6000000189058762821
Q128197662	6000000189115491855
Q128197663	6000000189116909889
Q128197666	6000000189116932863
Q128197668	6000000189135553823
Q128197669	6000000189141159859
Q128197671	6000000189516349835
Q128197673	6000000189691355829
Q128197675	6000000189746325825
Q128197677	6000000189856609878
Q128197679	6000000189870047821
Q128197681	6000000189894734834
Q128197683	6000000189931391822
Q128197686	6000000190096913838
Q128197688	6000000190129890865
Q128197690	6000000190271784852
Q128197692	6000000190337748829
Q128197694	6000000190401280874
Q128197696	6000000190504579821
Q128197698	6000000190586384827
Q128197699	6000000190792422838
Q128197701	6000000190823094823
Q128197703	6000000190953275835
Q128197705	6000000191077183845
Q128197707	6000000191205223830
Q128197709	6000000191208536822
Q128197711	6000000191418736843
Q128197713	6000000192315265832
Q128197715	6000000192370122840
Q128197717	6000000192406701821
Q128197718	6000000193900782878
Q128197720	6000000194116751864
Q128197721	6000000194167020821
Q128197723	6000000194171741834
Q128197724	6000000194293105890
Q128197726	6000000194513966832
Q128197728	6000000194582595847
Q128197729	6000000194586559867
Q128197732	6000000194610585821
Q128197734	6000000194619870843
Q128197735	6000000194628386873
Q128197737	6000000194684784822
Q128197739	6000000194700260899
Q128197741	6000000194763183822
Q128197743	6000000195140141850
Q128197744	6000000195140473843
Q128197745	6000000195144353831
Q128197747	6000000195144691826
Q128197748	6000000195147129831
Q128197757	6000000195147969864
Q128197758	6000000195148148835
Q128197760	6000000195149211842
Q128197761	6000000195149593830
Q128197767	6000000195150117824
Q128197769	6000000195157685823
Q128197771	6000000195217499862
Q128197774	6000000195318952827
Q128197776	6000000195319171821
Q128197778	6000000195359954901
Q128197780	6000000195444287885
Q128197781	6000000195616608822
Q128197788	6000000195629877821
Q128197789	6000000195644544822
Q128197791	6000000195649772876
Q128197792	6000000195853849860
Q128197794	6000000195925175891
Q128197796	6000000195962578870
Q128197797	6000000196086579872
Q128197799	6000000196086689826
Q128197801	6000000196219230844
Q128197802	6000000196261666859
Q128197804	6000000196416865865
Q128197806	6000000196447451823
Q128197808	6000000196512566859
Q128197809	6000000196860968877
Q128197817	6000000196880768976
Q128197819	6000000196880881821
Q128197822	6000000196882177827
Q128197823	6000000196893200888
Q128197826	6000000196893430856
Q128197828	6000000197049658829
Q128197830	6000000197049874823
Q128197831	6000000197267496906
Q128197832	6000000197267796855
Q128197834	6000000197268063836
Q128197836	6000000197268225829
Q128197838	6000000197268259829
Q128197840	6000000197329451824
Q128197843	6000000197330386874
Q128197845	6000000197588280830
Q128197846	6000000197588874834
Q128197848	6000000197588893849
Q128197851	6000000197753586845
Q128197853	6000000198073668854
Q128197854	6000000198073799822
Q128197858	6000000198111589829
Q128197859	6000000198127108893
Q128197861	6000000198283338830
Q128197862	6000000198402556824
Q128197864	6000000198944572839
Q128197871	6000000199105176821
Q128197872	6000000199378368851
Q128197874	6000000199378734831
Q128197875	6000000199388917854
Q128197877	6000000199389417849
Q128197879	6000000201010418821
Q128197881	6000000201041073969
Q128197888	6000000201044864899
Q128197890	6000000201045097823
Q128197891	6000000201045159872
Q128197892	6000000201140112564
Q128197894	6000000201266931839
Q128197895	6000000201282751843
Q128197898	6000000201286321881
Q128197900	6000000201304445823
Q128197901	6000000201343108857
Q128197903	6000000201396544887
Q128197904	6000000201396744834
Q128197906	6000000201397117848
Q128197908	6000000201604552939
Q128197910	6000000201641756864
Q128197911	6000000201641867822
Q128197913	6000000201641958861
Q128197914	6000000201643372871
Q128197916	6000000201710230880
Q128197917	6000000201710298879
Q128197919	6000000201726212847
Q128197921	6000000201738077879
Q128197928	6000000201805802825
Q128197929	6000000201807603844
Q128197931	6000000201810334821
Q128197932	6000000201814033897
Q128197934	6000000201846580831
Q128197935	6000000201962313821
Q128197936	6000000202132238839
Q128197938	6000000202134946821
Q128197940	6000000202377837828
Q128197941	6000000202483520857
Q128197943	6000000204063091822
Q128197944	6000000204067879830
Q128197947	6000000204204618822
Q128197948	6000000205034811824
Q128197951	6000000205163329840
Q128197952	6000000205178486942
Q128197954	6000000205215804859
Q128197955	6000000205216682941
Q128197957	6000000205276888856
Q128197958	6000000205322164903
Q128197960	6000000205622084882
Q128197961	6000000205849234849
Q128197963	6000000205849521833
Q128197965	6000000205849533858
Q128197966	6000000205849700882
Q128197968	6000000205873412845
Q128197969	6000000205889980833
Q128197971	6000000205890148875
Q128197972	6000000205890908838
Q128197974	6000000205891359849
Q128197976	6000000206097389846
Q128197977	6000000206127412840
Q128197979	6000000206141964871
Q128197980	6000000206227094855
Q128197982	6000000206251447838
Q128197983	6000000206276436929
Q128197985	6000000206276725822
Q128197987	6000000206446688824
Q128197989	6000000206446762834
Q128197990	6000000206447947836
Q128197992	6000000206448001908
Q128197993	6000000206448088835
Q128197995	6000000206448898837
Q128197998	6000000206463581834
Q128197999	6000000206463867934
Q128198001	6000000206464277835
Q128198002	6000000206466011831
Q128198004	6000000206469499821
Q128198010	6000000206487009852
Q128198012	6000000206488207866
Q128198014	6000000206497093823
Q128198015	6000000206497213835
Q128198017	6000000206527797849
Q128198018	6000000206533044821
Q128198020	6000000206534168861
Q128198021	6000000206535708850
Q128198028	6000000206535714848
Q128198034	6000000206602836843
Q128198036	6000000206662501844
Q128198037	6000000206664146835
Q128198039	6000000206696145879
Q128198041	6000000206818804839
Q128198042	6000000206819733879
Q128198049	6000000206829779832
Q128198050	6000000206907673878
Q128198052	6000000206967087840
Q128198059	6000000207052416825
Q128198060	6000000207116753890
Q128198061	6000000207176732898
Q128198063	6000000207176941821
Q128198065	6000000207298079872
Q128198067	6000000207303087845
Q128198068	6000000207362241865
Q128198070	6000000207362371835
Q1281998	6000000042540073823
Q1282007	6000000026213495243
Q128202640	6000000017072051100
Q128203131	6000000011756459233
Q1282034	6000000011986762569
Q128203437	6000000012043834555
Q128203443	6000000012042762125
Q128203447	6000000012043666812
Q128204801	6000000012043543878
Q1282062	6000000096592957165
Q128207248	6000000011502571855
Q128208176	6000000011952947153
Q128208179	6000000011953135844
Q128208696	6000000198279478926
Q128209205	6000000010782348343
Q128209696	6000000000435519721
Q128209710	6000000008011458581
Q128210085	6000000002354791199
Q128210086	6000000004189346535
Q128210177	6000000007709362246
Q128210181	6000000046619948006
Q128210182	6000000007709688495
Q128210185	6000000015183677643
Q128210186	6000000032580381201
Q1282102	6000000021967929844
Q128210234	6000000032580589928
Q128210234	6000000176734243852
Q128210348	6000000007498332765
Q128210366	6000000033568642712
Q128210367	6000000029001504921
Q128210381	6000000023810991212
Q128210382	6000000023810826482
Q128210383	6000000006770393031
Q128210392	6000000006770347140
Q128210424	6000000001722385427
Q128210426	6000000010463488366
Q128210428	6000000000796874827
Q128210430	6000000001722386759
Q128210439	6000000001722385376
Q128210453	6000000000796878194
Q128210454	6000000006906919774
Q128210455	6000000001722386830
Q128210458	6000000000630306936
Q128210460	6000000005577397063
Q128210478	6000000002801287153
Q128210480	6000000111210576837
Q128210482	6000000098094383878
Q128210482	6000000111209261823
Q128210489	6000000052593930832
Q128210490	6000000012900502611
Q128210491	6000000003940110768
Q128210492	6000000003938241828
Q128210494	6000000006439937066
Q128210495	6000000003563363114
Q128210496	6000000000250104022
Q128210521	6000000018164265753
Q128210523	6000000074290865068
Q128210524	6000000074291169885
Q128210525	6000000074291231841
Q128210527	6000000074290783233
Q128210528	6000000074291127992
Q128210531	6000000003939476864
Q128210532	6000000002614632358
Q128210535	6000000000426651131
Q128210546	6000000001828129409
Q128210548	6000000024557337037
Q128210548	6000000126974109098
Q128211048	6000000108458521821
Q128211096	6000000049827327229
Q128211104	6000000108458594823
Q128212117	6000000014764427387
Q128212195	6000000207801378832
Q128212314	6000000007949571782
Q128212329	6000000002482531404
Q128212453	6000000011976643290
Q128214639	6000000003122372920
Q128214709	6000000177759630899
Q128215133	6000000024824362379
Q128215133	6000000053596199455
Q128215150	6000000037019198447
Q128215150	6000000041525668947
Q1282202	6000000000750492291
Q128221	6000000012640996275
Q128222132	6000000002765065697
Q128222361	6000000002765065691
Q128223321	6000000002765065705
Q128223589	6000000002765065711
Q128223937	6000000002765065765
Q128224186	6000000002765065771
Q128224727	6000000002765065779
Q128225086	6000000002765065787
Q1282270	6000000115814260857
Q128227627	6000000002765047856
Q128228069	6000000002764770893
Q1282285	6000000041932893334
Q1282299	6000000026588167774
Q1282344	6000000009388421863
Q1282349	6000000015735394064
Q128236894	6000000192954599843
Q128236901	6000000024582095959
Q128236902	6000000075124050035
Q128236963	6000000067019099923
Q128236982	6000000006403799596
Q128237211	6000000192955075833
Q128237220	6000000003088337923
Q128237443	6000000014767568766
Q128237844	6000000035175078936
Q128238187	6000000211472654835
Q128238187	6000000214436962859
Q128238218	6000000021076661805
Q128238347	6000000131680147830
Q1282384	6000000112683443833
Q128238598	6000000037736718242
Q128238647	6000000031119675048
Q128238654	6000000050142651862
Q128238705	6000000023235591252
Q1282411	6000000027738407219
Q128241446	6000000075062605850
Q128241476	6000000022495290881
Q1282427	6000000002951277424
Q128242872	6000000035400177075
Q128244418	6000000002765074436
Q128245	6000000008735105389
Q1282450	6000000041811005849
Q128247040	6000000207801942824
Q1282473	6000000166778983835
Q1282477	6000000036818668843
Q128247855	6000000042561661599
Q128248265	6000000107617768864
Q1282487	6000000029407101367
Q1282493	6000000033771608274
Q128249621	6000000183445405828
Q128249809	6000000040547928005
Q128250259	6000000007602275083
Q128250721	6000000207635847844
Q128250859	6000000011330197054
Q128250994	6000000022656169202
Q128251111	6000000019814875735
Q128251118	6000000017717936113
Q128251562	6000000060189812945
Q128252306	6000000029760730265
Q128252319	6000000029760422345
Q128252337	6000000004693222763
Q128252350	6000000028187712338
Q128252364	6000000039947637006
Q128252398	6000000039947402419
Q128252434	6000000029760585709
Q128253360	6000000188488007843
Q128253591	6000000002764498927
Q128254328	6000000002871393577
Q128254342	6000000041055979552
Q128254358	6000000001354328512
Q128254387	6000000002801481168
Q128254415	6000000041055979545
Q128254457	6000000002836317832
Q128254496	6000000002765224496
Q128254723	6000000016729684181
Q128254737	6000000159598064826
Q128254831	6000000207802708854
Q128254854	6000000002765224457
Q128254882	6000000012091418979
Q128254921	6000000028203120014
Q128254938	6000000019230644099
Q128254955	6000000003424904767
Q128254971	6000000003424904759
Q128255085	6000000028203002358
Q128255121	6000000016420740559
Q128255136	6000000003424904787
Q128255151	4162542884980010281
Q128255219	6000000003424904797
Q128255527	6000000001355801474
Q128255554	4240395170880060816
Q128255566	6000000001355530426
Q128255777	6000000009316787624
Q128255796	6000000007502316466
Q128255812	6000000002512453891
Q128255861	6000000006507867002
Q128256371	6000000002801531528
Q128256387	6000000000730552093
Q128256400	6000000000741541095
Q128256574	6000000010621219942
Q128256590	6000000002801561582
Q128256606	6000000007651494301
Q128256620	5190241926940051252
Q128256634	6000000000485090142
Q128256707	6000000002764770184
Q1282569	6000000054009956937
Q128258481	6000000083052813987
Q1282607	6000000172576052833
Q1282610	6000000013647699982
Q1282622	6000000038891647037
Q128265171	6000000042355242757
Q128267	6000000000795044663
Q1282676	6000000076911090539
Q1282721	6000000002616808978
Q1282739	6000000013632621064
Q1282833	6000000002188464876
Q1282852	6000000079078691759
Q1282873	6000000065487416188
Q1282874	6000000008708854413
Q1282901	6000000029320282273
Q1282910	6000000106423843855
Q1282940	5113057464260055354
Q1282952	6000000114698442905
Q1282960	6000000009956601103
Q128297	6000000010323521690
Q12830	5615161571240106498
Q128302245	6000000002765050124
Q128302580	6000000115288528965
Q128303475	6000000002765047531
Q128303478	6000000002765047537
Q128303493	6000000002765047554
Q128303509	6000000002765047560
Q128303521	6000000002802996369
Q128303752	6000000041944237166
Q128305730	6000000002765065734
Q128305758	6000000002765065717
Q128305958	6000000021578065180
Q1283127	6000000178979331824
Q128314028	6000000003723203870
Q1283162	6000000024155993548
Q128317575	6000000207826816832
Q12831920	6000000206068857832
Q128320310	6000000004059498335
Q12832543	6000000211933526822
Q1283268	6000000002711235718
Q1283301	6000000005921807035
Q128332	6000000060907752938
Q128333	6000000003455173698
Q128336	6000000003243518081
Q128337494	6000000047817321853
Q128339439	6000000021688852201
Q128339847	6000000047817238959
Q128341	6000000007324845227
Q128341138	6000000038287589205
Q128343	6000000001356253464
Q128348369	6000000023513281651
Q1283507	6000000039266215302
Q128351780	6000000012140889896
Q128351959	6000000015653588093
Q128358	6000000080087777104
Q1283653	6000000127833427881
Q1283663	6000000024846457471
Q128366348	6000000013031269297
Q1283682	6000000065173691859
Q1283683	6000000016485935125
Q128369719	6000000014224282280
Q128370022	6000000003288068278
Q128370040	6000000003288068255
Q128370057	6000000003288058881
Q128370076	6000000003398716240
Q128370093	6000000003398122437
Q128370112	6000000005152288001
Q1283703	6000000023880550148
Q1283716	6000000011302466881
Q1283728	6000000036649569201
Q128373472	6000000025013766092
Q128373492	6000000024954813254
Q128373492	6000000089214862922
Q1283735	6000000179233914907
Q128373799	6000000022419071211
Q128373821	6000000000944089330
Q128373971	6000000023996153845
Q128373971	6000000025165259657
Q1283742	6000000012735389563
Q128374242	6000000002762154466
Q128374261	6000000003490619607
Q128374296	6000000018196336611
Q128374319	6000000002175451072
Q128374533	6000000000320658737
Q128374551	6000000000320658719
Q128374551	6000000056839626977
Q128374835	6000000008995711480
Q128374853	6000000003075816112
Q128374941	6000000002304075734
Q128375191	6000000041526673136
Q128375209	6000000201345878828
Q128375226	6000000205431986863
Q128375244	6000000205431658827
Q128375261	6000000001058899181
Q128375939	6000000014360971318
Q128375955	6000000030186797920
Q128375972	6000000030188209861
Q128375987	6000000000494713991
Q128376002	6000000001574731057
Q128376018	6000000021036720043
Q128376059	6000000039286826326
Q128376481	6000000014360960106
Q128376496	6000000014360996064
Q128376512	6000000001316402615
Q128376527	6000000006442341337
Q128376542	6000000006442341638
Q128376982	6000000003288618308
Q128376998	6000000005151076428
Q1283773	6000000003823923911
Q128379	6000000165345647904
Q128379433	6000000195680279844
Q1283803	6000000076961787118
Q128381637	6000000195680647824
Q1283822	6000000019000624046
Q1283840	6000000019572691928
Q1283842	6000000035899381041
Q128387165	6000000015510047155
Q128388919	6000000074764233063
Q128390384	6000000042351209992
Q1283913	6000000000328517378
Q1283916	6000000029221295913
Q128391741	6000000016812833959
Q1283936	6000000040436106356
Q1283938	6000000145767538891
Q1283941	6000000074874565821
Q128394922	6000000042356087078
Q128395099	6000000076039066085
Q128395442	6000000076039204875
Q128395696	6000000076037798659
Q128395863	6000000076039044006
Q128396804	6000000007979298454
Q128397073	6000000015670978375
Q1283997	6000000026378358219
Q1284004	6000000036573742369
Q1284012	5255408163930035724
Q1284023	6000000002148303202
Q128402719	6000000002765050648
Q1284046	6000000113205421894
Q1284048	6000000038899688367
Q128405112	6000000076495020983
Q128405140	6000000007992064089
Q128405148	6000000004338625443
Q128405204	6000000002006205322
Q128405252	6000000076495234899
Q1284054	6000000048250390882
Q128405405	6000000012224160569
Q128405428	6000000001579472801
Q1284055	6000000074755890979
Q128405875	6000000003076705756
Q128405900	6000000042355788453
Q1284076	6000000002187639527
Q1284122	6000000073844613829
Q128412567	6000000207851179826
Q1284131	6000000045889675903
Q1284135	6000000039861013923
Q128414811	6000000199919593824
Q128414832	6000000207851196826
Q1284178	6000000018423634837
Q128418380	6000000013453758048
Q128418963	6000000207852501883
Q128421	6000000001452724047
Q1284218	6000000018175559588
Q1284220	6000000027253307150
Q1284250	6000000020111216039
Q1284252	6000000018714829790
Q128425371	6000000014778176782
Q128425598	6000000015152255129
Q1284259	6000000018714701154
Q1284260	6000000065565094885
Q128428303	6000000022149739032
Q1284303	6000000080363057848
Q1284319	6000000175033483895
Q1284320	6000000038803459365
Q128432372	6000000001360673748
Q1284332	6000000037520087343
Q128434907	6000000014224243775
Q1284410	6000000026899337552
Q128441467	6000000012937158331
Q1284468	6000000065761341821
Q128448422	6000000013434082258
Q128450670	6000000012618774941
Q128450684	6000000012618829518
Q128450697	6000000041768266651
Q128450710	6000000017115375757
Q128450724	6000000017115508249
Q128450724	6000000179419088822
Q128454545	6000000000499762877
Q1284551	6000000026715413067
Q1284564	6000000012578358324
Q1284580	6000000001841664149
Q128458242	6000000022954203828
Q1284584	6000000041909125834
Q1284596	310869269060003876
Q128460	6000000025031514437
Q1284632	6000000075337928837
Q128464145	6000000013484405475
Q128464160	6000000013484372736
Q128464187	6000000013484696238
Q128464509	6000000000582870722
Q128464522	5583017032330056949
Q128464537	6000000002930919758
Q128464552	6000000002930809056
Q128464567	6000000002930809091
Q128464595	6000000001783458507
Q128464609	6000000001783452473
Q128464666	284426513190002503
Q128464680	6000000017264275432
Q12847121	6000000090794088868
Q128471560	6000000015152210758
Q128471583	6000000015152187918
Q128471865	6000000013155002546
Q128473	6000000022543517941
Q128474499	6000000008290339260
Q1284831	6000000088597107850
Q128483551	6000000011716540854
Q128483571	6000000076388695117
Q128487203	6000000024675421165
Q128487358	6000000019494388721
Q128489146	6000000032052423709
Q128489911	6000000032055432799
Q128490965	6000000032418241952
Q1284912	6000000090944780934
Q128491635	6000000009978277537
Q128491983	6000000085514171980
Q128492221	6000000036140739975
Q128492476	6000000034459177958
Q128494512	6000000186094795823
Q128494737	6000000186093947873
Q128495459	6000000186094699849
Q128495654	6000000002766672932
Q128495668	6000000186094084905
Q128495963	6000000186094105939
Q128496173	6000000022292333169
Q128496190	6000000001057614753
Q128496205	6000000001057766583
Q128496284	6000000186094683880
Q128496952	6000000000438316198
Q128496968	5597409785970115980
Q128496982	6000000000141062489
Q128497168	6000000002641575984
Q128497196	6000000002641591403
Q1284974	6000000036041341902
Q128497421	6000000011775728407
Q128497435	6000000001637087789
Q1284975	6000000022205218294
Q128498160	6000000017628198858
Q128498174	6000000011733607076
Q12849827	4827591311320028705
Q1284985	6000000011694041846
Q128500543	6000000002765065938
Q128500583	6000000002803002449
Q128500949	6000000020534469626
Q128500951	6000000084012792127
Q128500953	6000000003149874023
Q128500957	6000000003149272990
Q128500959	370057468100006045
Q128500963	308523298170007082
Q128500989	6000000003149881037
Q128500991	6000000084776271926
Q128500995	6000000084012792133
Q128501085	6000000002663199443
Q128501468	6000000174455173821
Q128502751	6000000002957696524
Q128502764	6000000002957696815
Q128502793	6000000014727962791
Q128502807	6000000000489251262
Q1285032	6000000010749795537
Q128503877	6000000004018550257
Q128503892	6000000019780165418
Q1285043	380379761380004077
Q128504656	6000000000715360911
Q1285049	6000000136557831831
Q1285062	6000000048929195089
Q1285064	6000000039558955165
Q128506413	6000000193607566822
Q128506550	6000000007234538392
Q128506927	6000000035519740274
Q128507314	6000000035520625783
Q128507520	6000000035521268061
Q128507778	6000000186093680988
Q128508046	6000000186094424926
Q128508586	6000000207879224822
Q1285086	6000000002802355993
Q128509075	6000000002765074096
Q128511303	6000000115289200839
Q128511748	6000000177295195821
Q128512675	6000000115289092845
Q128513492	6000000042396522545
Q128514429	6000000048972529838
Q128514502	6000000207903318829
Q1285153	6000000184070449843
Q1285173	6000000058900847833
Q128518087	6000000012935946145
Q1285182	6000000009446843283
Q128519452	6000000090463810720
Q128519452	6000000094265824821
Q128521381	6000000002659223030
Q128521474	6000000002659221342
Q1285219	6000000222531104899
Q1285224	6000000080837004815
Q1285234	6000000162401351341
Q1285259	6000000011005823672
Q128529	6000000018581099601
Q128530018	6000000013031199281
Q128530797	6000000013031128485
Q128532	2489895
Q128534	6000000011411306476
Q128538026	6000000013031028962
Q128543	6000000009844776712
Q128544112	6000000014224708341
Q1285464	6000000022766976597
Q1285539	6000000014230829526
Q128554	6000000023079587197
Q1285550	6000000005478941636
Q1285562	6000000017268674384
Q128560	6000000005420763855
Q1285613	6000000034547683376
Q1285626	6000000041091646179
Q128563	6000000011820425677
Q1285631	6000000055618125832
Q1285645	6000000133589043842
Q1285663	6000000002914534546
Q128568	6000000034981555135
Q1285707	6000000185044520872
Q1285718	6000000181182908865
Q128574	6000000039643413948
Q1285746	6000000080937275030
Q128576	6000000005685216001
Q1285773	6000000020602142901
Q1285774	6000000011424969149
Q1285805	6000000011388807023
Q1285811	6000000011684031615
Q128581294	6000000090759198906
Q128581509	6000000090758890963
Q1285854	6000000041605984748
Q128585433	6000000017710055287
Q12858646	6000000053987210620
Q12858648	4927455348330049108
Q12858662	6000000007900411050
Q128587	6000000005582717322
Q1285879	6000000082647632900
Q1285898	6000000007179428927
Q12858987	6000000138192968821
Q12859078	6000000059912169956
Q128593804	6000000008188898412
Q128594462	6000000194902959869
Q128594748	6000000194903393834
Q128595193	6000000198280372875
Q1285960	6000000003233891076
Q1285964	6000000004294056294
Q128598195	6000000027760854859
Q128598242	6000000090608945880
Q1285985	6000000055472920924
Q128598739	6000000002894419575
Q128599083	6000000079422643088
Q128599379	6000000020705009606
Q128599382	6000000011457876522
Q128599389	6000000011457394185
Q128599447	6000000012645279930
Q128599574	6000000007998255614
Q128599720	6000000004047214090
Q128599757	6000000011834121399
Q128599913	6000000022629789071
Q128599943	6000000022540048299
Q12860	6000000001599855039
Q128600115	6000000022540026749
Q128600263	6000000014723280389
Q128600266	6000000022540144965
Q128600412	6000000015107366095
Q128600415	6000000000630310887
Q128600651	6000000046784883828
Q128600694	6000000046784190920
Q128600794	6000000082496907402
Q1286009	6000000074802652826
Q128600924	6000000002765065286
Q12860141	6000000021865744789
Q128602343	6000000022813832871
Q128602651	6000000024976817141
Q128602689	6000000010781879792
Q128602731	6000000002764860438
Q128603142	6000000014118912852
Q128603531	6000000002802782861
Q128603848	6000000002765126943
Q128604	6000000013153107331
Q128605101	6000000121398385866
Q128605237	6000000197703950831
Q128605310	6000000121398332837
Q128605374	6000000121397568920
Q1286054	6000000024958410626
Q1286061	6000000024750110369
Q128607785	6000000010693756068
Q1286091	6000000022698465918
Q1286094	6000000176252442831
Q1286097	6000000066781331840
Q128614	6000000011811641008
Q1286148	6000000017622551995
Q1286155	6000000041510643942
Q12861563	6000000206073181883
Q128620046	6000000067652231069
Q1286201	6000000028090711874
Q128620521	6000000038738861927
Q1286211	6000000048690748997
Q128622354	6000000010843924648
Q128622872	6000000017810354109
Q128623	6000000195439539852
Q128623663	6000000003640624239
Q128623979	6000000010839948929
Q128624360	6000000002020942819
Q128624651	6000000002020988429
Q128625423	6000000002764860252
Q128626	6000000006583514333
Q128626437	6000000002765045771
Q128626854	6000000010714603260
Q1286270	6000000004096145872
Q128627417	6000000010781942464
Q1286277	6000000079003233545
Q128627751	6000000010691306894
Q128628068	6000000207927346828
Q1286285	6000000081792074430
Q1286289	6000000014272832909
Q1286319	6000000008459875589
Q128632352	6000000006796507295
Q128633	6000000017744316893
Q128633191	6000000008231329012
Q128633401	6000000001840123835
Q128633415	6000000008231421869
Q128633431	6000000008231421873
Q128633431	6000000008369853247
Q128633515	6000000008369845161
Q128633740	6000000006405827179
Q1286338	6000000080912034028
Q128633817	6000000008369853237
Q128633830	6000000001727078477
Q1286340	6000000056083775884
Q128634287	6000000029976833064
Q128634303	6000000000602567504
Q128634316	6000000000591360592
Q128634330	6000000000591783043
Q128634343	6000000000602929654
Q128634669	6000000009441541221
Q128636768	6000000032013913429
Q128637758	6000000001169082792
Q128637763	6000000002765050968
Q1286382	6000000026013418005
Q128638247	6000000010847770846
Q1286383	6000000015917855147
Q128638528	6000000128942437887
Q128639051	6000000014557685285
Q128641	6000000008377933123
Q128641486	6000000049112671914
Q128641610	6000000002765050522
Q1286425	6000000007335850365
Q128643263	6000000009066582684
Q128643396	6000000009066602665
Q128643649	6000000003263317671
Q128643735	6000000024341597153
Q128643909	6000000001801008381
Q128644950	6000000004099015568
Q128645	6000000039082438181
Q128645018	6000000030007222161
Q128645223	6000000089605188849
Q12864523	6000000080462530821
Q128645444	6000000114712770020
Q1286456	5224453595000054473
Q1286457	6000000076039350857
Q128646644	6000000030005775661
Q1286476	6000000025299102265
Q1286521	6000000009825536125
Q128652431	6000000019736538685
Q128655	6000000003177817444
Q1286594	6000000043975080600
Q128664	6000000015603808794
Q1286645	6000000021706910399
Q12866499	6000000042224288060
Q1286655	6000000008267550324
Q1286660	6000000034504763625
Q128667	6000000059438319281
Q1286673	6000000001578969622
Q1286691	6000000087645613842
Q128669309	6000000029914058899
Q128669349	6000000029355496022
Q1286695	6000000043328472715
Q128670211	6000000021428440458
Q128670694	6000000020931174762
Q128670874	6000000028355016023
Q1286715	6000000006348449694
Q128672	5399552135320112312
Q1286720	6000000025330911094
Q1286733	6000000047814033182
Q1286745	6000000031159811033
Q1286750	6000000026888415899
Q1286762	6000000053066292022
Q128677	6000000011780550051
Q1286771	6000000001915977868
Q128681977	6000000002765126655
Q1286823	6000000011087896256
Q128682364	6000000002765126662
Q1286825	6000000100301811752
Q1286833	6000000084521711284
Q128684046	6000000009858438765
Q128686	6000000015603526486
Q1286864	6000000000796850865
Q1286891	6000000002765851190
Q1286905	6000000057363177906
Q1286924	6000000165158662941
Q128693261	6000000021107221273
Q128693276	6000000053403566194
Q128693622	6000000003939468496
Q128693751	6000000001915228713
Q128693751	6000000080834192744
Q128693776	6000000001915707685
Q128693778	6000000008369949413
Q128693779	6000000003940598490
Q128693780	6000000003938265943
Q128693911	6000000002931199827
Q128693912	6000000003431466825
Q128693913	6000000002931201286
Q128693915	6000000004237682435
Q128693916	6000000004237758356
Q128693922	6000000004181956851
Q128693923	6000000008268435213
Q128694008	6000000002931014105
Q128694360	6000000012044019452
Q128694366	6000000017837250139
Q128694367	6000000004593191126
Q128694395	6000000012044082410
Q128694396	6000000012043014164
Q1286944	6000000015973015451
Q128694581	6000000048292561849
Q128694582	6000000003941583076
Q128694591	6000000013841554101
Q128694602	6000000004077520117
Q128694657	6000000013854900227
Q128694676	6000000009163298457
Q128694682	6000000006174980960
Q128694683	6000000006175032461
Q128694684	6000000008479350421
Q128694685	6000000007310996475
Q128694691	6000000024931810703
Q128694700	6000000024932901898
Q128694707	6000000199627115823
Q128694709	6000000001221091546
Q128694710	6000000011823558775
Q128694712	4654492
Q128694735	6000000010459974486
Q128694747	6000000004048534505
Q128694748	6000000004043814959
Q128694749	6000000004005153776
Q128694750	6000000004055904106
Q128694753	6000000003075778190
Q128694762	6000000007225436610
Q128694766	6000000002447369260
Q128694769	6000000002447369246
Q128694771	6000000002447369232
Q128694772	6000000029264302491
Q128694774	6000000016643382345
Q128694779	6000000001322403549
Q128694782	6000000002764778094
Q128694784	6000000001322403518
Q128694790	6000000004005153842
Q128694816	6000000002764447983
Q128695088	6000000010430220743
Q128695102	6000000043926781100
Q128695117	6000000017228275921
Q128696	6000000015583503339
Q128696461	6000000088611724839
Q128697140	6000000207959593822
Q128698995	6000000018733503639
Q128699231	6000000077989063656
Q128699515	6000000077989633045
Q128699529	6000000077989246553
Q1286996	6000000154956525823
Q128699738	6000000001180356109
Q128699751	6000000001180129189
Q12870051	6000000037148793801
Q128701982	6000000207986609905
Q128702	6000000002492041978
Q128702312	6000000022602160415
Q1287036	6000000167357431967
Q1287042	6000000024628542042
Q1287044	6000000069800722143
Q128705032	6000000222650086871
Q1287051	6000000050891913923
Q1287058	6000000014895000436
Q1287072	6000000048110044772
Q128708	6000000015581754739
Q1287084	6000000003011055905
Q1287086	6000000010404461191
Q1287091	6000000126142849822
Q128712079	6000000012665933653
Q1287122	6000000076792214943
Q1287127	6000000004838908624
Q128714	6000000076071236853
Q12871620	6000000003638149456
Q1287174	6000000078884048637
Q1287176	6000000136771965901
Q1287240	6000000166467798911
Q128731199	6000000007948081756
Q1287322	6000000029621139092
Q1287333	6000000008403731882
Q1287336	6000000013839131194
Q128736	6000000015703047456
Q12873613	6000000010951963901
Q1287403	6000000171961746882
Q1287406	6000000027921264305
Q128743	6000000021546532410
Q1287433	6000000166796193823
Q1287442	6000000024653280236
Q128746	6000000013425209436
Q1287474	6000000008711513470
Q128750343	6000000026561100391
Q128750651	6000000002765045709
Q1287512	6000000017211499024
Q1287517	6000000003792571011
Q1287554	6000000015334092428
Q1287564	6000000065489687834
Q1287577	6000000017493509794
Q128759	6000000090968768875
Q128759893	6000000080494278400
Q1287604	6000000178263389935
Q1287635	6000000050565785349
Q1287651	6000000012346495293
Q128767016	6000000001200355963
Q128767029	6000000001200449412
Q128767043	6000000004850981243
Q128767057	4057697113940039927
Q1287678	6000000001831649511
Q1287694	6000000023132363618
Q128769437	6000000009581684084
Q128769622	6000000076242563948
Q1287700	6000000006876916623
Q1287707	6000000001937973776
Q128771787	6000000018621909276
Q128772122	6000000013808356390
Q12877343	6000000001824529181
Q128774232	6000000002802339693
Q128774607	6000000002802359296
Q128774681	6000000013744136338
Q128775158	6000000002802988612
Q128775544	6000000002765045087
Q128776352	6000000182142121831
Q128777	6000000002376167676
Q128777179	6000000012387125767
Q128777607	6000000204220534831
Q128778108	6000000008266763594
Q128778204	6000000010593043491
Q128778380	6000000008266386080
Q128778834	6000000014024207835
Q128779041	6000000002765065329
Q128779120	6000000085824555221
Q128779127	6000000085824626959
Q128779681	6000000085824992821
Q128779720	6000000085824341083
Q128779728	6000000014024194526
Q12878	6000000007510127025
Q128780541	6000000011446857488
Q1287807	6000000064163628998
Q128781024	6000000013744172651
Q128782075	6000000020446667714
Q128782089	6000000173801637001
Q128782103	6000000034263601602
Q128782122	6000000034263391504
Q128782138	6000000003937943478
Q128782156	6000000003077289412
Q128782382	6000000012881168386
Q128782396	6000000023373098026
Q128782409	6000000023373430048
Q128782423	6000000012880718968
Q128782436	6000000007329874748
Q128782449	6000000002304425121
Q128782476	6000000000602678653
Q128782489	6000000000606292107
Q128782504	6000000000606247310
Q128782519	6000000003077289349
Q128782530	6000000000293441908
Q128782689	6000000000284191167
Q128782705	6000000003940500082
Q128782722	6000000000284202634
Q128782725	6000000013750278807
Q12878281	6000000085856661848
Q128782836	6000000000284193604
Q128782850	6000000005404501940
Q128782864	6000000005404445412
Q128782884	6000000008736779126
Q1287829	6000000018808726912
Q128782927	6000000008736759109
Q128783515	6000000010144954295
Q128783528	6000000010143303896
Q128783829	6000000188347059829
Q1287852	6000000080622730938
Q128786625	6000000003677161841
Q1287886	6000000017700318045
Q128788861	6000000013838401840
Q128789109	6000000024451996350
Q128789353	6000000207987584847
Q128789529	6000000019737246197
Q128789536	6000000084596177889
Q128789566	6000000019737173300
Q128789663	6000000019737301142
Q128789785	6000000019737256109
Q128789799	6000000207988376829
Q128789877	6000000100855104236
Q128789971	6000000027468432327
Q128790	6000000026108584633
Q128790203	6000000026408456309
Q128790289	373918127140004351
Q128790295	6000000185509142894
Q128790533	6000000014015927509
Q128790708	6000000029866169368
Q128790804	6000000017137957122
Q128790839	6000000017678358020
Q128790862	6000000012046612638
Q128790903	6000000025277061486
Q1287912	6000000179242984823
Q128791268	6000000023910202973
Q128791285	6000000023909676631
Q128791676	6000000018343554134
Q128791779	6000000016259220258
Q128791809	6000000015510241693
Q128791824	6000000198280284823
Q128791832	6000000198279949855
Q128791916	6000000008109055052
Q128791918	6000000015510234816
Q128791967	6000000010008977091
Q128791974	6000000002764454618
Q128791995	6000000002764454671
Q128792009	6000000015934044215
Q128792024	6000000002764454741
Q128792066	6000000025372079611
Q128792088	6000000192132084834
Q128792100	6000000013494174009
Q128792126	6000000011157191512
Q128792132	6000000188349775821
Q128792148	6000000175053283391
Q128792369	6000000006891231223
Q128793386	6000000010592854396
Q128793558	6000000194025630825
Q1287943	6000000017001935120
Q128795106	4783033406470081034
Q128795525	6000000014138821060
Q128795754	6000000196112663821
Q128795762	6000000009309676791
Q128795940	6000000177274629843
Q128795956	6000000002764860394
Q128795990	6000000208011840839
Q128796174	6000000208012857835
Q128796177	6000000007543827264
Q128796178	6000000007542519109
Q128796179	6000000007392136217
Q128796182	6000000001354335073
Q128796526	6000000208013623827
Q128796664	6000000208014563822
Q128796725	6000000208040176837
Q128796746	6000000041451092534
Q128797384	332484761660003342
Q128797560	6000000001744182210
Q128797561	6000000001744186085
Q128797563	6000000186385602799
Q128797564	6000000005434491918
Q128797569	6000000002976603169
Q128797570	6000000002988850273
Q128797576	6000000021151537994
Q128797577	6000000021151585844
Q128797578	6000000004121818869
Q128797580	6000000004121795276
Q128797581	6000000006838700495
Q128797582	6000000006839009030
Q128797583	6000000003704589157
Q128797585	6000000021151378325
Q128797586	6000000021151425197
Q128797587	6000000034121844145
Q128797588	6000000010792374382
Q128797589	6000000003391503175
Q128797592	6000000022148695378
Q128797600	6000000007690874486
Q128797601	6000000007690648791
Q128797602	6000000004121789440
Q128797603	6000000002785939897
Q128797605	6000000018319338346
Q128797606	6000000020019696264
Q128797607	6000000020019860185
Q128797608	6000000020019897117
Q128797609	6000000004121828645
Q128797610	6000000037108193892
Q128797611	6000000027561573082
Q128797612	6000000003704592281
Q128797613	6000000003721641188
Q128797614	6000000002627619234
Q128797621	6000000015625008398
Q128797723	6000000007097557029
Q128797724	6000000023909905381
Q128797725	6000000004642252551
Q128797726	6000000012825677767
Q128797728	6000000003464103632
Q128797730	6000000013060103312
Q128797731	6000000007633462740
Q128797732	6000000001189217095
Q128797733	6000000002627577781
Q128797798	6000000205712696955
Q128797865	6000000024682609894
Q1287990	6000000025307319625
Q128799110	6000000003163470301
Q128799112	6000000021701706833
Q128799115	6000000004294945062
Q128799132	6000000015739467424
Q128799135	6000000027114059444
Q128799319	6000000019127292783
Q128799376	6000000033975640207
Q128799390	6000000001816766359
Q128799392	6000000030006919926
Q128799393	6000000008415557596
Q128799395	6000000008415181086
Q128799458	6000000105865511822
Q128799564	6000000116088701848
Q128799607	6000000045385036869
Q1288000	6000000030552742458
Q1288004	6000000009065492373
Q128800682	6000000113147769902
Q128800683	6000000113147375930
Q128800684	6000000113147561832
Q128800686	6000000113147228908
Q128800689	6000000024738767883
Q128800903	6000000073521503970
Q128800921	6000000010028836895
Q128800922	6000000009706332331
Q128800924	6000000000742290621
Q128800925	6000000000742290645
Q128800926	6000000008466021751
Q1288013	6000000029781830883
Q128801377	6000000000216058891
Q128801414	6000000002663183851
Q128801420	6000000009191410470
Q128801431	4992456861650134140
Q128801501	6000000009036638897
Q128801507	6000000009036748041
Q128801512	4994533772380127604
Q128801541	5167639157100047550
Q128801543	6000000002172553068
Q128801544	6000000002931141809
Q128801556	6000000013471974966
Q128801559	6000000103938818849
Q128801560	6000000001475125130
Q128801561	6000000006444411594
Q128801567	6000000007042763674
Q128801593	6000000009977685931
Q128801595	6000000003243433205
Q128801602	6000000002447361234
Q128801604	6000000002409814502
Q128801632	6000000041019581648
Q128801633	6000000003558995662
Q128801636	6000000007526205743
Q128801639	6000000001415518755
Q128801674	6000000002930908832
Q128801732	6000000021897266491
Q128801734	6000000021897234740
Q128801734	6000000021917876128
Q128801736	6000000003918432968
Q128801738	6000000004284360570
Q128801743	6000000002303437693
Q128801751	6000000008369935690
Q128801756	6000000004284360540
Q128801792	6000000002491511263
Q128801806	6000000011263570649
Q128801807	6000000000834269041
Q128801814	6000000003939400570
Q128801834	6000000006705245429
Q128801836	6000000003200414243
Q128801839	6000000006436660501
Q128801841	6000000006436952101
Q128801852	6000000006705071908
Q128801854	6000000003077229905
Q128801856	6000000003077229863
Q128801906	6000000029857519917
Q128801909	6000000029857410159
Q128801912	6000000014782588853
Q128801912	6000000029857297322
Q128801916	6000000010704993696
Q128801920	6000000007418006578
Q128801922	6000000001733663856
Q128801923	6000000006821987486
Q128801928	6000000012621452257
Q128801930	6000000008138729556
Q128801932	6000000000966160891
Q128801936	6000000010843172108
Q128801943	6000000010844803386
Q128801970	6000000024872438870
Q128802016	6000000186069341944
Q128802742	6000000208041220843
Q128802755	6000000034120304881
Q128803099	6000000206425527913
Q128803276	6000000001376879311
Q128803286	6000000000858414003
Q128803297	6000000000834687006
Q128803304	6000000021341387346
Q128803307	6000000000628517355
Q128803319	6000000031810080626
Q128803320	6000000031810265532
Q128803321	6000000014675501110
Q128803322	6000000005415532952
Q128803323	6000000005415486558
Q128803330	6000000031810329100
Q128803332	6000000193557842838
Q128803333	6000000012442720777
Q128803336	5172574200150074880
Q128803338	6000000000007293295
Q128803339	6000000009618470274
Q128803341	6000000032326441148
Q128803342	6000000032326302318
Q128803344	6000000007052836247
Q128803348	6000000003949753043
Q128803351	6000000003949703375
Q128803353	6000000000426770220
Q128803660	6000000016487636102
Q128803926	6000000013254486879
Q128803932	6000000171668491489
Q128803933	6000000171670102072
Q128803951	6000000002269317146
Q128804014	6000000016648439313
Q128804028	6000000021187061511
Q128804030	380964172090013301
Q128804031	380964701680012191
Q128804183	6000000018670328416
Q128806621	6000000031810281949
Q128806624	6000000031810129168
Q128806633	6000000031810167068
Q128806644	4147956493260035603
Q128806673	6000000000141945309
Q128806684	6000000000600107316
Q1288070	6000000023103157013
Q12880704	6000000040249516018
Q12880737	6000000083102677896
Q128807530	6000000030289719896
Q1288076	6000000034882008265
Q128807832	5306018831570088541
Q128807908	6000000186693501856
Q128807909	6000000005783668413
Q128807946	6000000004047740635
Q128807947	6000000007928752495
Q128807948	6000000007929089347
Q128807955	6000000000954628238
Q128807956	6000000000600116503
Q128807958	6000000000600116466
Q128807984	6000000004549582488
Q128807993	6000000002889355152
Q128807996	6000000007182794053
Q128807998	6000000004549577433
Q128808000	6000000000954543187
Q128808416	6000000019584329041
Q128808417	6000000019584088517
Q128808418	6000000019583855943
Q128808424	6000000162923006181
Q128808425	6000000000600127281
Q128808822	6000000020276473461
Q128809124	6000000039234254773
Q128809125	6000000013322193627
Q128809127	6000000039173271198
Q128809130	6000000013064478502
Q128809141	6000000013064348735
Q128809142	6000000013064459697
Q128809143	6000000003868286237
Q128809145	6000000008505547679
Q128809147	6000000039225527659
Q128809149	6000000000965960168
Q128809163	6000000003835090340
Q128809164	6000000003147190719
Q128809165	6000000000251840050
Q128809168	6000000000251835965
Q128809169	6000000003147190730
Q128809171	6000000000251835615
Q128809217	6000000009832628616
Q128809223	6000000021718800473
Q128809225	6000000001402435439
Q128809236	6000000021718696230
Q128809237	6000000022162944017
Q128809240	4131616332060059888
Q128809244	4131616363770010518
Q128809247	6000000001579475197
Q128809251	4132157209750010541
Q128809253	6000000002870175176
Q128809256	6000000022162899150
Q128809259	6000000022969090898
Q128809260	6000000022969110886
Q128809261	6000000003668329365
Q128809262	6000000000688966574
Q128809269	6000000022969052916
Q128809270	6000000022969054914
Q128809273	6000000010010263350
Q128809274	6000000000216081306
Q128809277	6000000010010124438
Q128809278	6000000008873031641
Q128809280	6000000000942879401
Q128809282	6000000025619003732
Q128809287	6000000005017352764
Q128809292	6000000001316272191
Q128809293	6000000004069261555
Q128809297	4067569428320010238
Q128809299	6000000003938265329
Q128809309	377881830190013798
Q128809365	6000000011071226878
Q128809405	6000000010750227307
Q128809527	6000000015361704283
Q1288098	6000000029679934124
Q128810354	6000000016773094267
Q128810408	6000000039257204506
Q128810431	4368100693100029358
Q128810433	4536717531230052039
Q128810435	6000000042039148034
Q128810436	6000000030679757945
Q128810438	6000000000522711841
Q128810441	6000000017134849035
Q128811330	6000000016557819371
Q128812202	6000000013166723215
Q1288128	6000000010708219391
Q1288132	6000000198705288835
Q1288136	6000000068360182928
Q128814166	6000000017324702001
Q1288162	6000000015738050314
Q12881811	6000000182194253840
Q12881840	6000000008097199069
Q12882032	6000000056845446843
Q128821	6000000076184173879
Q128823	6000000024036266521
Q1288241	6000000122596315890
Q1288242	6000000002842316225
Q1288264	6000000181465338831
Q1288268	6000000014583173953
Q1288281	6000000037634008253
Q128829	6000000184224442823
Q1288293	6000000046633344896
Q1288295	6000000047237690291
Q1288334	6000000086692434841
Q128833422	6000000002765045240
Q128833981	6000000002765045269
Q128834378	6000000002803005798
Q128834609	6000000013839152674
Q128834660	6000000002764983409
Q1288365	6000000018114085193
Q128837072	6000000008965617623
Q128837356	6000000024337091610
Q128837371	6000000024337344192
Q128837387	6000000024338013444
Q128837400	6000000002288901417
Q128837447	6000000002288901388
Q128837463	327303969750007963
Q128837476	6000000005415586084
Q128837495	6000000000180748280
Q128837676	6000000015226756864
Q128837693	6000000024337475650
Q128837709	6000000039136352848
Q128837930	6000000024337552570
Q128838017	6000000024337685563
Q128838269	6000000015630279519
Q1288383	6000000057454766993
Q128838559	6000000024327122112
Q128838574	6000000024332320295
Q128838829	6000000006838627006
Q128838845	6000000006838542063
Q128838863	6000000006838682118
Q1288389	6000000166549484516
Q128841939	6000000208073490879
Q128843323	6000000023970746962
Q128844860	6000000000804616950
Q128844885	6000000000804643135
Q1288454	6000000028855994056
Q12884567	6000000007377730572
Q128846501	6000000208074713823
Q1288467	6000000111784153087
Q1288492	6000000022783132030
Q1288494	6000000054291509851
Q1288521	6000000008897367106
Q128853240	6000000097744170907
Q1288551	6000000007324606750
Q1288575	6000000085076173165
Q128858240	6000000016239022501
Q1288587	6000000004096097878
Q128859151	6000000032060001511
Q1288592	6000000025608091060
Q1288608	6000000008882561514
Q128861935	6000000016240479386
Q1288620	6000000074727514845
Q128863645	6000000017298714590
Q1288640	6000000184254151864
Q1288644	6000000052176809931
Q128865228	6000000014824514884
Q1288670	6000000053645308121
Q1288672	6000000178632677835
Q1288681	6000000176223707894
Q1288724	6000000009705054591
Q1288731	6000000018031294731
Q1288736	6000000030552604660
Q1288782	6000000076112343946
Q1288824	4051329741710058811
Q128888	6000000041130286115
Q1288905	6000000032636917871
Q1288915	6000000032636776830
Q12889381	328735577460005609
Q128894	6000000177103170883
Q128898068	6000000070500893840
Q128899793	6000000015754585921
Q128902	5196252519760031054
Q1289021	6000000057161212821
Q128902208	6000000017546685120
Q128904096	6000000013791002816
Q128904113	6000000013743048331
Q1289054	6000000009519054686
Q128906	6000000004869028636
Q1289066	6000000114111594857
Q1289071	6000000023485851491
Q128909355	6000000177771594844
Q128909864	6000000041108294675
Q128909868	6000000057949894840
Q128909979	6000000021466861739
Q1289101	6000000022132296554
Q128910129	6000000003941597973
Q128910257	6000000180815590830
Q128910411	344342060480012718
Q128910479	6000000031093341014
Q128910512	4847616156570073981
Q128911	386085761430005676
Q128912658	6000000012001476842
Q128913721	6000000028974205575
Q1289139	6000000009450252836
Q128914721	6000000180815583828
Q128914971	6000000180815762821
Q1289157	6000000012410028810
Q128915703	6000000092209344870
Q128916673	6000000004076083873
Q128918850	6000000014016277204
Q1289199	6000000024961882196
Q1289231	6000000025180430928
Q1289278	6000000022471403873
Q1289293	6000000008052455858
Q128929686	6000000014016486076
Q128930675	6000000014016087067
Q128931332	6000000208102367857
Q128934258	6000000016308814304
Q128937199	6000000008862144407
Q1289373	5240992365900128959
Q128937615	6000000000348864348
Q12893770	6000000007241278418
Q12893797	6000000009804831745
Q128938195	6000000021317506023
Q128938952	6000000034195762961
Q128939236	6000000034195547250
Q128939944	6000000009396340669
Q1289415	6000000030725482875
Q128944	6000000009700035314
Q1289441	6000000011645009078
Q128947998	6000000032733071908
Q1289483	6000000039862162856
Q1289531	6000000020970491841
Q1289535	6000000184042227822
Q128954	6000000020307762553
Q1289551	6000000126260564917
Q1289556	6000000015644682435
Q128956	6000000002070171406
Q1289573	6000000006444758671
Q1289613	6000000023956501016
Q1289661	6000000042604518007
Q1289663	6000000157594062833
Q128967	6000000011824422312
Q1289674	6000000001504201004
Q1289688	6000000025496503105
Q12897	6000000016681139458
Q1289726	6000000004097910043
Q128976	6000000006444764859
Q1289769	6000000209347290846
Q1289805	6000000023784350435
Q128982449	6000000074661067930
Q128982697	6000000013166624455
Q128983	6000000027212991616
Q1289834	6000000024212155727
Q1289845	6000000000720008266
Q128985	6000000000082962047
Q1289861	6000000024140416626
Q128986341	6000000139888992880
Q128986857	6000000139888170009
Q1289874	6000000025180271309
Q128987780	6000000010683377301
Q1289880	6000000025608329915
Q1289889	6000000043311264453
Q1289901	6000000050201906977
Q128990132	6000000033970884289
Q12899198	6000000045194868883
Q1289927	6000000026953688766
Q12899323	6000000140307547005
Q128995	6000000006100947440
Q128995586	6000000078453373938
Q128996889	6000000002764860369
Q128996921	6000000002764860363
Q128996964	6000000208123724828
Q128997005	6000000002765050891
Q128997041	6000000151848468249
Q128997105	6000000151874562821
Q128997168	6000000151874267830
Q128997180	6000000021013092032
Q1289984	6000000024797681175
Q12899847	6000000169354801871
Q128999	6000000002011506049
Q12899973	6000000060255642854
Q1289999	6000000018225761737
Q1290	6000000022277785255
Q129000558	6000000020514465387
Q1290009	6000000007014414297
Q12900166	6000000056427089009
Q129003538	6000000040415366102
Q129003547	6000000078455092100
Q129004106	6000000099940362961
Q12900493	6000000003216068993
Q129005831	6000000025108039754
Q129006	6000000013589178151
Q12900731	6000000100088444062
Q1290074	6000000174184517158
Q129008266	6000000002802999939
Q129008535	6000000002802999946
Q12900893	6000000022769008758
Q1290115	6000000009427087029
Q1290129	6000000006566914235
Q1290133	6000000144775988862
Q129013752	6000000036137533861
Q1290161	6000000026208772312
Q1290163	6000000088319752949
Q129016629	6000000002802996161
Q1290168	6000000036859660706
Q129017183	6000000002765041139
Q1290183	6000000016372186247
Q129018305	6000000012378349488
Q1290187	6000000025467970063
Q129018826	6000000012378106860
Q129019136	6000000012378010636
Q1290248	6000000181173959880
Q129027	6000000050218772058
Q12902747	6000000090684034900
Q12902757	6000000014738116591
Q1290293	6000000056076979925
Q1290311	6000000007754074384
Q1290370	6000000080175691974
Q1290378	6000000013185418483
Q1290386	6000000008220891922
Q1290396	6000000017779818474
Q1290398	6000000010129666833
Q129041	6000000111043430079
Q1290421	6000000008799002582
Q1290428	6000000082553437240
Q1290476	6000000166568776857
Q1290480	6000000108686840869
Q129050297	6000000007158117542
Q1290528	6000000006044152001
Q1290536	6000000130331628840
Q1290551	6000000015563714301
Q1290553	6000000041220386347
Q1290561	6000000190617897876
Q1290580	6000000042259989084
Q1290582	6000000065897785899
Q129059791	6000000181438830823
Q129060182	6000000008705125169
Q129060534	6000000002803002531
Q1290609	6000000178636381828
Q1290620	6000000020250385107
Q129062939	6000000002802999542
Q12906318	6000000110065069848
Q129063231	6000000002765065016
Q1290639	6000000007456336938
Q1290648	6000000145248911833
Q1290658	6000000027669092593
Q129066377	6000000040416098838
Q1290675	322975210440007614
Q1290676	6000000174653321524
Q1290680	6000000126651963067
Q1290692	6000000002802359967
Q129069834	6000000034391773129
Q129070173	6000000198251869824
Q1290708	6000000015444256292
Q129071476	6000000035063212389
Q129072093	6000000172096764272
Q1290727	6000000174949894602
Q129073061	6000000025235034390
Q1290741	6000000004152709343
Q1290744	6000000017214702427
Q1290761	6000000124424365016
Q1290763	6000000013343446451
Q1290765	6000000074750247887
Q1290765	6000000074750360935
Q1290771	6000000178289860944
Q129079	6000000041698725853
Q129079085	6000000035365709001
Q129079863	6000000008864998858
Q129079951	6000000023532940660
Q12908	6000000017823750593
Q129080404	6000000033749911787
Q1290816	6000000021917320095
Q1290835	6000000055530009896
Q1290835	6000000074758485075
Q129084755	6000000075974750861
Q129084886	6000000114847848928
Q129084923	6000000186027833979
Q129084948	6000000186028008962
Q129084967	6000000186027052226
Q129084985	6000000186028529862
Q129085141	6000000000348864327
Q129086942	6000000041168327014
Q129087	6000000015558754840
Q1290893	6000000019705108084
Q129090262	6000000006023250002
Q129091407	6000000072183289412
Q129092260	6000000204482062834
Q129093955	6000000208158745831
Q1290961	6000000002322818079
Q1290967	6000000090827396862
Q129096719	6000000208159611874
Q129097911	6000000181439399822
Q129098	6000000145873498869
Q129098284	6000000181439276827
Q129099358	6000000024595948932
Q129099898	6000000010691636413
Q129100074	6000000208161266840
Q129100238	6000000010691862968
Q129100984	6000000002765045157
Q129101345	6000000002765045171
Q129101807	6000000002764778057
Q129102333	6000000004588054730
Q129103268	6000000185977923823
Q1291035	6000000042488333379
Q1291038	6000000042374272315
Q1291065	6000000011777894407
Q1291067	6000000087031862822
Q1291104	4036172295410128230
Q129113	6000000015064834428
Q1291222	6000000015519967032
Q1291224	6000000002945438597
Q12912891	6000000011184645554
Q1291308	4295150054050067693
Q1291309	6000000019353182480
Q1291317	6000000013375217011
Q1291322	6000000024061262329
Q1291331	6000000011439931611
Q1291349	6000000005940289110
Q1291381	6000000030025453279
Q1291390	6000000008959335808
Q1291403	6000000022771418801
Q1291409	6000000062620397979
Q1291441	6000000011222973794
Q129145827	6000000008277623545
Q129145994	6000000008277671994
Q129146232	6000000023533009620
Q129146572	6000000023536207508
Q1291471	6000000179027812884
Q129147310	4317819610700044218
Q129147683	6000000014610771528
Q129147935	4316968824770031380
Q129148323	6000000186093906934
Q1291502	6000000075402211023
Q129151560	6000000008594987790
Q129152283	6000000008595139862
Q1291524	6000000086136681088
Q129152493	6000000031349782113
Q129152769	6000000031349444786
Q129153195	6000000031834378205
Q129153638	6000000041078799333
Q1291544	6000000047009822124
Q129155	6000000014620292382
Q1291574	6000000058754500142
Q1291577	6000000078921222527
Q1291586	6000000144283232823
Q1291594	6000000026402223001
Q1291600	6000000038407964474
Q129160455	6000000002598298740
Q129160962	6000000061164865980
Q129160984	6000000002598355961
Q1291633	6000000004591140752
Q129163345	6000000061164715184
Q129163351	6000000061164841965
Q129164102	6000000061164866941
Q129164315	6000000008266809554
Q129164885	6000000008266720630
Q129166918	6000000002765126919
Q129166944	6000000002803063454
Q1291670	6000000002228250314
Q129167054	6000000208179195886
Q129167304	6000000015346568950
Q129167426	6000000044502779980
Q129167483	6000000015346549925
Q129167518	6000000015346654310
Q129167911	6000000046286625837
Q129168421	6000000018973175763
Q129168422	6000000018972928816
Q129168426	6000000018973415070
Q129168518	6000000002556020377
Q129168519	6000000005639372002
Q129168520	6000000079240008625
Q129168537	6000000008213203355
Q129168690	6000000136040197903
Q129168752	6000000078247851861
Q129168794	6000000178708264854
Q129168830	6000000165986283456
Q129168893	6000000178707155902
Q129169295	6000000208186944823
Q129169348	6000000010683526871
Q129169366	6000000056677799958
Q129169379	6000000023533012638
Q129169431	6000000208186972947
Q129169435	6000000010799809473
Q129169460	6000000029264009021
Q129169481	6000000028061404388
Q129169504	6000000198954846827
Q129169547	6000000062843769026
Q129169904	6000000208207546864
Q1291701	1767111
Q129173	6000000014560181987
Q129175289	6000000203085958844
Q129175990	6000000024538005822
Q1291760	6000000013046549008
Q129176016	6000000014661855335
Q129176089	6000000082771416144
Q129176327	6000000014777086841
Q129176328	6000000014776967928
Q129176464	6000000022875573402
Q129176984	6000000025230186475
Q1291771	6000000024557876744
Q129177556	6000000016457657586
Q1291776	6000000016866292999
Q1291778	6000000002425852285
Q1291787	6000000154644605864
Q129178723	6000000006733320397
Q129178740	6000000000357302621
Q129178754	6000000007321550645
Q129178769	6000000008799930071
Q129178780	6000000000357404084
Q129178794	6000000000696999829
Q129178866	5436598763280077077
Q129178880	6000000001080327675
Q1291790	6000000009335086262
Q1291808	6000000182899402864
Q1291812	6000000022462460511
Q129182052	6000000036369908044
Q129182733	6000000208208262871
Q129184146	6000000040440742255
Q129185791	6000000007577896654
Q129185865	6000000007577956748
Q1291864	6000000004169788777
Q129187	6000000014652692833
Q129187979	6000000001087962081
Q129188143	6000000122440132843
Q129188156	6000000122147770821
Q129188177	6000000119486231821
Q129188192	1650370
Q129188205	6000000029302418674
Q129188212	6000000045940861911
Q129188220	6000000000155799326
Q129188233	367970853290011192
Q129188263	5702575164750041179
Q129188299	6000000029302653357
Q129188313	6000000006441552829
Q129188697	6000000006441528918
Q129188711	6000000003135506628
Q129190321	6000000122146508853
Q129190342	6000000033725803297
Q129190357	6000000033763757899
Q129190371	6000000029402685513
Q129190385	6000000006441519804
Q129190426	6000000003505734107
Q129190732	6000000000987210328
Q129191321	6000000013926726292
Q129191335	6000000008979499155
Q129191343	6000000110606861866
Q1291914	6000000007121363049
Q129191530	6000000001354372255
Q129191543	6000000007418307471
Q129191657	6000000084904635015
Q129191669	6000000005877588008
Q129191684	6000000007244343281
Q129191699	6000000000952862558
Q129191793	6000000002869009936
Q129191809	6000000024213039780
Q129191881	6000000024631107870
Q129191884	6000000004561341750
Q129191899	4162808217610089747
Q129191913	6000000003210254537
Q129191928	6000000003210249542
Q129191942	6000000000383877041
Q1291920	6000000002774184529
Q129192276	6000000001826875442
Q129192291	6000000006777727088
Q129192305	6000000002742840674
Q129192319	6000000003376491925
Q129192333	6000000002352588615
Q129192872	6000000005762723621
Q129192887	6000000005764262019
Q129192902	6000000005764268024
Q129192915	6000000019673588471
Q129192931	6000000027134497145
Q129192945	6000000003123652063
Q129193763	6000000019411267032
Q129193838	6000000014058581667
Q129194063	6000000000405449960
Q129194160	6000000038990767061
Q1291942	6000000031423164641
Q129194343	6000000041636579547
Q129194383	6000000031922974342
Q129194412	6000000041636398404
Q1291947	6000000017698344206
Q129194860	6000000020407646127
Q129194873	6000000041636934065
Q129195026	6000000006404108251
Q129195042	6000000005736497329
Q129195056	6000000003937817610
Q129195086	6000000003937817618
Q129195099	6000000000350816241
Q129195148	6000000003937817326
Q129195162	6000000003937817284
Q129195191	6000000005707976001
Q129195259	6000000002603383919
Q129195432	6000000041636346552
Q129196245	6000000025647561730
Q129196258	6000000010696356152
Q129196506	6000000010290695631
Q129196521	6000000003693233331
Q129196534	6000000003693242052
Q129196550	6000000002247912348
Q1291966	6000000071159017220
Q129196669	6000000012088417722
Q129196684	6000000041782645198
Q129196699	6000000002674249608
Q129196716	6000000022275724234
Q129196733	6000000066477127832
Q129196922	6000000002689516224
Q129197086	6000000125356917830
Q1291971	6000000179698175903
Q129197100	6000000081508840824
Q129197114	6000000002485870196
Q129197128	6000000011402879033
Q129197140	6000000006434759203
Q129197161	6000000006642476001
Q129197179	6000000002930907310
Q129197210	6000000002485721215
Q129197223	356077725080013376
Q1291975	6000000017377066247
Q129198005	6000000088720602855
Q1291986	6000000049803633050
Q129199	6000000029439954691
Q129199246	6000000023539695184
Q1291997	6000000035801677029
Q129199732	6000000208214047826
Q129199778	6000000186027422131
Q129200217	6000000186026360411
Q129200820	6000000015184458044
Q129202141	6000000198954639850
Q1292034	6000000032376232227
Q1292039	6000000077608490985
Q1292048	6000000001383071347
Q1292062	6000000000893184597
Q1292068	6000000077221735154
Q1292110	6000000005913890126
Q129212618	6000000190448294808
Q1292139	6000000026355779492
Q1292150	6000000166748527001
Q1292151	6000000017340909421
Q1292160	6000000028084531093
Q1292161	6000000006598437107
Q1292166	6000000070749062053
Q129218151	6000000029698944653
Q1292190	6000000033907828218
Q1292211	6000000003857318678
Q129221948	6000000148776488952
Q1292230	6000000013631399939
Q1292269	6000000003485187612
Q1292284	6000000002480530169
Q1292301	6000000007760722259
Q129232151	6000000031923207133
Q12923704	6000000012820936608
Q1292420	6000000019539491853
Q1292423	6000000031417827834
Q1292437	6000000016360927016
Q1292438	6000000022251467757
Q1292439	6000000000828737034
Q1292441	6000000008342892002
Q129247033	6000000025253251266
Q1292477	288239404190002611
Q1292482	6000000062810214093
Q1292483	6000000075303977177
Q1292504	6000000007227055174
Q1292518	6000000011162035360
Q129252021	6000000048187717755
Q129252034	6000000015645557260
Q129252195	6000000055826576821
Q129252210	6000000007605219952
Q129252225	6000000000966160793
Q1292523	6000000013340899406
Q129254457	6000000024887174270
Q129254545	6000000002659213917
Q129254556	6000000024320898859
Q129254610	6000000002659223193
Q129254681	6000000024975992705
Q129254710	6000000024321048048
Q129254711	6000000008862033389
Q129254725	6000000002659221580
Q129254795	6000000113532709835
Q129254884	6000000020788654931
Q129254903	6000000014890111208
Q129254927	6000000002765050232
Q129254938	6000000020788573242
Q129255308	6000000016044694739
Q129255317	6000000016045186219
Q129255319	6000000016044946722
Q129255441	6000000085540705897
Q129255441	6000000174743558191
Q129255451	6000000186276272568
Q129255590	6000000208231612831
Q129255623	6000000020865042391
Q129255627	6000000020865071211
Q129255630	6000000003940439588
Q129255635	6000000006820946088
Q129255640	6000000030390662607
Q129255643	6000000031821249816
Q129255807	6000000208232495824
Q1292563	6000000032791290000
Q129256664	6000000040441586889
Q129257057	6000000038994212986
Q129257097	6000000040441963007
Q129257168	6000000039091445984
Q129257173	6000000013489606131
Q129257306	6000000020945914622
Q129257332	6000000208238154822
Q129257529	6000000026944736472
Q1292576	6000000001257560581
Q1292577	6000000052163536078
Q129257877	6000000208239726831
Q129257994	6000000002218268479
Q129257995	6000000022793979117
Q129258	6000000018447562794
Q129258026	6000000020445133128
Q129258027	6000000000670127437
Q129258955	6000000017624672189
Q129260238	6000000184520492839
Q1292605	6000000029085643331
Q129260640	6000000028109832919
Q129260656	6000000028109754004
Q129260659	6000000028109594486
Q129260668	6000000028109773190
Q129260688	6000000039283483161
Q1292607	6000000021249458775
Q129260803	6000000028109621633
Q129260804	6000000028109767008
Q129260805	6000000026308966463
Q129260806	6000000028109772121
Q129260816	6000000028109636274
Q129260912	6000000030839300473
Q129260980	6000000002799102308
Q129260999	6000000001180346529
Q129261366	6000000003937590300
Q129261376	6000000003941200475
Q129261385	6000000003941200375
Q129261387	6000000003936901399
Q129261390	6000000003940577422
Q129261399	6000000003941200498
Q129261401	6000000003941200515
Q129261402	6000000003937590043
Q129261404	6000000191604392893
Q129261443	6000000001382707980
Q129261444	6000000003054723357
Q129261445	6000000009234167686
Q129261451	6000000001382750065
Q129261452	6000000000319821952
Q129261454	6000000003938231319
Q129261457	6000000000250197464
Q129261471	6000000013915101903
Q129261484	6000000007212231206
Q129261486	6000000002447154683
Q129261558	6000000000250155187
Q129261582	6000000003681565627
Q129261584	4330700255400057954
Q129261716	6000000019277206799
Q129261972	6000000078595098929
Q129261973	6000000078678562336
Q129261975	6000000078681045859
Q129261976	6000000078850845119
Q129261977	6000000078852387980
Q129261979	6000000194897873911
Q129261983	321395650490006360
Q129261985	6000000004069237063
Q129261990	6000000000426739607
Q129261991	6000000001199074504
Q129261993	4025838009750010874
Q129261995	6000000003221740336
Q129262093	6000000017624322629
Q129262113	6000000047600696622
Q129262249	6000000000293485675
Q129262250	6000000017624941267
Q129262251	6000000006439937091
Q129262253	6000000000426770229
Q129262380	6000000004558381367
Q129262386	6000000004558400657
Q129262388	6000000001507969161
Q129262391	4649072566620014008
Q129262402	6000000017622008446
Q129262461	6000000001450700316
Q129262462	6000000001450284856
Q129262479	6000000000240036360
Q129262494	6000000007710366400
Q129262495	6000000005924753033
Q129262502	6000000005924724073
Q1292633	6000000041296325723
Q1292634	6000000064938008989
Q1292656	6000000072475904893
Q1292667	6000000000463308516
Q129268202	6000000005063869003
Q1292684	6000000005438507335
Q1292706	6000000003004621671
Q1292713	6000000002188470991
Q1292714	6000000088660914020
Q129274041	6000000017622314238
Q1292752	6000000035361769971
Q1292756	6000000179131641850
Q1292757	6000000018750570046
Q1292785	6000000017554073794
Q129279411	6000000008682813294
Q129280229	6000000014546708696
Q129281007	6000000014486394478
Q1292826	6000000026268205890
Q1292835	6000000035938780456
Q1292841	6000000052297179833
Q1292894	6000000179136888011
Q1292913	6000000006990486812
Q1292927	6000000002188466606
Q1292928	6000000024487336960
Q1292944	6000000079466880881
Q129298	6000000041718675860
Q1292988	6000000178363764833
Q1292996	6000000009468487769
Q1293005	6000000013306179600
Q1293019	6000000101335270025
Q1293026	6000000014358133462
Q129303	6000000036535109282
Q1293032	6000000042418096038
Q129305	6000000033438023826
Q1293051	6000000012786915311
Q1293124	6000000006155170783
Q1293126	6000000143162926963
Q1293143	6000000016341579093
Q1293200	6000000062197188901
Q1293205	6000000011929663777
Q1293207	6000000016343404121
Q1293222	6000000026977485226
Q1293239	6000000007423887817
Q1293272	6000000006348361749
Q129328791	6000000006078492413
Q1293297	6000000003124715898
Q129331	6000000000885990400
Q129334396	6000000009968562002
Q129334412	6000000011983281300
Q129334508	6000000000834625386
Q1293378	6000000050132664988
Q1293391	6000000013924213952
Q129340656	6000000011070576664
Q129341603	6000000024387836483
Q1293435	6000000044062930317
Q1293447	6000000016844779477
Q129344709	6000000208300486850
Q1293460	6000000025055151710
Q1293478	6000000023661189419
Q1293483	6000000028318624471
Q1293498	372682142740003475
Q129349819	6000000090014933925
Q12935	6000000156624436828
Q1293506	6000000009318166429
Q1293515	6000000033650300126
Q129352391	6000000208303770882
Q129358562	6000000208305567830
Q1293596	6000000081750464025
Q1293602	6000000003806580377
Q1293610	6000000041783897841
Q1293625	6000000023092654942
Q1293629	6000000078278037109
Q129363504	6000000208313687853
Q129363638	6000000051078562862
Q129364	6000000025124598108
Q129364755	6000000216650231879
Q129368	6000000082344353208
Q1293695	6000000018778200910
Q129369575	6000000051166995043
Q1293703	368719815910012182
Q1293704	6000000050841588880
Q1293711	6000000001255925330
Q1293728	6000000058217269870
Q1293730	6000000004016043175
Q1293748	6000000009065772886
Q129375091	6000000107754466837
Q1293755	6000000012223020386
Q1293761	6000000010252890007
Q1293795	6000000017177713739
Q1293800	4528287090040089451
Q1293812	6000000051453325284
Q1293841	6000000007601819466
Q1293842	6000000019569636300
Q1293854	6000000013192801421
Q129386	6000000025555456345
Q1293865	6000000034352115124
Q1293868	6000000014551242163
Q129388581	6000000009264237568
Q129389565	6000000043112428859
Q1293905	6000000039947401407
Q1293946	6000000015341367121
Q1293950	6000000036227980333
Q1293975	6000000015129692466
Q1293987	6000000007564460873
Q1293995	6000000064132774072
Q1294	5391377121120024790
Q1294013	6000000024959026964
Q1294027	368229787570013953
Q1294037	6000000161753753821
Q1294039	6000000007370333052
Q1294079	6000000041607822065
Q1294098	6000000023211741271
Q129410096	6000000004315728173
Q1294110	6000000013403563643
Q129412	6000000020706149614
Q1294151	6000000034233947185
Q129415464	6000000002803002330
Q129416248	6000000036140767929
Q129417365	6000000003977314302
Q129417579	6000000003859071880
Q129417584	6000000003758063317
Q129417599	321965552960005137
Q129418353	6000000003352607658
Q129418809	6000000020380099680
Q129418822	6000000020380288259
Q129418835	6000000017378565827
Q129418849	6000000002132321701
Q1294190	6000000038000385857
Q129419684	6000000060235933068
Q129419699	6000000012965440376
Q129419699	6000000060236660846
Q129419810	6000000060236704845
Q129420	6000000012399067856
Q129421023	6000000029264528170
Q129421720	6000000174463154468
Q129422092	6000000000896781563
Q129422265	6000000179725291857
Q129422748	6000000182063532832
Q129423110	6000000011713256119
Q1294237	6000000077051907380
Q129426305	6000000021261873354
Q129426319	6000000004056327626
Q129427387	6000000006176080808
Q1294276	6000000042751273613
Q129427931	6000000000426747026
Q129427937	6000000006444364327
Q129428651	6000000042889329761
Q129429	6000000008680439676
Q129430	6000000029815070799
Q1294301	6000000026423983151
Q1294312	6000000021559587105
Q1294327	6000000021559385177
Q129434346	6000000208331409823
Q129434984	6000000010339826811
Q129435907	6000000022532638310
Q129437635	6000000178727177970
Q1294379	6000000002895100137
Q1294394	6000000013496928808
Q1294395	6000000003649412111
Q129439567	6000000026922143366
Q1294396	6000000040346815349
Q129439841	6000000026922316910
Q129440	6000000072570077007
Q1294403	6000000013124524303
Q1294412	6000000020555790543
Q129442	6000000004047453906
Q1294423	6000000003050246523
Q1294425	6000000077316172888
Q129443742	6000000015152315495
Q129444276	6000000051181421328
Q1294443	6000000186189924967
Q129445	6000000026239335125
Q1294480	6000000090257177211
Q1294489	6000000019226910134
Q1294524	6000000076933659984
Q1294534	6000000043070959960
Q1294546	6000000170005031913
Q1294570	6000000018869734050
Q1294598	6000000013578539042
Q12946	6000000043591990041
Q1294603	6000000000632086465
Q1294606	6000000013224933854
Q1294650	6000000002188416273
Q129473	6000000034844125914
Q1294778	6000000024819887149
Q1294785	4522605214500048987
Q1294808	6000000010599650847
Q1294810	6000000010592374434
Q1294815	6000000010592428598
Q1294818	6000000010592475526
Q1294820	6000000040189472422
Q129485041	6000000125831579821
Q129485145	1544216
Q1294853	6000000074740422821
Q129487573	6000000020560822755
Q129487602	6000000020560975374
Q129487694	6000000024999269770
Q129487943	6000000077806970125
Q129488441	6000000077806790185
Q129489046	6000000010712360439
Q1294893	6000000004304060033
Q129489303	6000000010712542234
Q129492186	6000000195676444835
Q1294931	6000000073307449947
Q129493810	6000000017267867525
Q129493830	6000000017267818940
Q129493856	6000000030905410486
Q129494023	6000000128970947839
Q129494050	6000000125056212903
Q129494124	6000000041076188481
Q129494145	6000000007604627087
Q129494166	6000000001540695614
Q129494219	6000000076376254951
Q1294947	6000000016302862238
Q129495911	6000000007290954450
Q129496195	6000000003468522335
Q129496442	6000000007980009424
Q129496466	6000000007980131997
Q129497029	6000000042538752775
Q129497045	6000000141943834928
Q129497137	6000000042539138019
Q129497159	6000000002441203912
Q129497467	6000000061100731846
Q129497481	6000000061100541953
Q129497496	6000000041135017711
Q129498694	6000000004689761889
Q129498709	6000000004558381465
Q129498981	6000000004558400748
Q129499340	6000000018473008271
Q129499355	6000000002908922543
Q129499369	6000000002908922515
Q129499414	6000000053084209995
Q129499445	6000000006376578681
Q129499608	6000000003017894081
Q129499623	6000000002908907553
Q129499864	6000000010878271784
Q129501365	6000000002882714449
Q129502498	6000000007417998072
Q129502512	6000000004285956114
Q129502527	6000000007417429879
Q129502673	6000000139907073866
Q129502688	6000000139907073852
Q129502708	6000000076969869831
Q129504	6000000007066849080
Q129504502	6000000000115340195
Q129505767	6000000009821848246
Q1295059	6000000082938590279
Q129505919	6000000009821848242
Q129506525	6000000009821282974
Q129506535	6000000009821087046
Q129506676	6000000078906375428
Q129506693	6000000009544974039
Q129507419	6000000006890694996
Q129507663	333958636030011977
Q129508115	333958127910004560
Q129508788	6000000052953183836
Q129508841	6000000052953751885
Q129509003	6000000052952960833
Q129509020	6000000017918903958
Q129509034	6000000017909369539
Q129509186	6000000008713226310
Q129509208	6000000023718870923
Q129509390	6000000011157131974
Q129509493	6000000055368495774
Q129509925	6000000050702115902
Q129510082	6000000092446044843
Q12951038	6000000141071989931
Q129510427	6000000092444983150
Q129510518	6000000167782476195
Q1295106	6000000041388694185
Q129510928	6000000208257664867
Q129510982	6000000204916170823
Q129511289	6000000029745362929
Q129511294	6000000008230854059
Q129511300	6000000008231097678
Q129511307	6000000029779414875
Q1295155	6000000109686772889
Q129515556	6000000006890965726
Q12951620	6000000091209462798
Q129516309	6000000052932882122
Q129517024	6000000140422697833
Q1295171	6000000076899199206
Q129517373	6000000003949643097
Q129517530	6000000096190049841
Q129518190	6000000007703469987
Q1295207	6000000006127996009
Q129524458	6000000137336448227
Q129527086	6000000010592185314
Q1295283	6000000100544976916
Q129529016	6000000016534100736
Q1295310	6000000018095837389
Q129531243	6000000029370274785
Q1295318	6000000014497689487
Q1295332	6000000001826382365
Q129535267	6000000205092508859
Q1295438	6000000029101943153
Q12954454	6000000011771856748
Q1295446	6000000011757145028
Q1295475	6000000010188008437
Q12954833	6000000167125274828
Q129549673	6000000036141429429
Q12955031	6000000166186354187
Q12955833	6000000183215295881
Q12955994	6000000145517340893
Q12956029	6000000024890794049
Q1295611	6000000025914666613
Q1295613	6000000006271032335
Q1295623	6000000025397451606
Q1295628	6000000025397747835
Q1295630	6000000025397481977
Q1295634	6000000025396905286
Q129565959	6000000018181103408
Q129566	6000000000682876028
Q129566022	6000000134561249146
Q129566071	6000000017884259240
Q129566119	6000000016554829802
Q12956655	6000000008177427680
Q129567247	6000000208377775882
Q12956738	6000000012224690083
Q129568125	6000000071427183879
Q129568437	6000000009447864604
Q1295690	6000000158616514858
Q12956902	6000000043239360480
Q12957	6000000005222474890
Q1295703	6000000020316975832
Q129570996	6000000016104931885
Q129571432	6000000018716371620
Q129571459	6000000030161410092
Q129571515	6000000167786760939
Q129571516	6000000092445991895
Q129571524	6000000092446064887
Q129571525	6000000092444804071
Q129571534	6000000167785244121
Q129571585	6000000003014842631
Q129571647	6000000070769758992
Q129571687	6000000030161530888
Q12957694	6000000028960482168
Q129580356	6000000028964655863
Q12958192	6000000027486319098
Q1295843	6000000043392217249
Q1295870	6000000040031090400
Q12959	6000000048435791835
Q129590467	6000000007964335393
Q129591	6000000010083168017
Q129591109	6000000024479099278
Q12959117	6000000003694766393
Q129598	6000000009414575476
Q12960005	6000000127173859284
Q129605322	6000000020096848064
Q1296133	6000000099635965821
Q1296135	6000000174377972921
Q1296146	6000000001504212285
Q1296156	6000000000501809841
Q129617	6000000043809028266
Q1296186	6000000024788931453
Q1296236	6000000007387419292
Q12962523	6000000005408187278
Q129628329	6000000017022237154
Q129632745	6000000020758456547
Q129633369	6000000034030282957
Q12963471	6000000003802695701
Q12963710	6000000005408224307
Q129637615	6000000025254044031
Q12963808	6000000064043286821
Q129638402	6000000010686438156
Q12964011	2103326
Q129640487	340239767970012894
Q129641628	6000000025496689326
Q12964194	6000000004314773141
Q1296459	6000000141980846835
Q1296492	6000000001108847328
Q129651678	6000000208406995827
Q129652315	340240336460012543
Q129652338	6000000012527086443
Q129652339	6000000000902232045
Q129652402	6000000013462522285
Q129652403	6000000001198459212
Q129652426	6000000000484485750
Q129653994	6000000001840108868
Q12965408	6000000182744018822
Q129654141	6000000024683312439
Q129654291	6000000000250528918
Q129654307	6000000000250528720
Q129654352	6000000000250529006
Q129654367	6000000001578800048
Q12965441	6000000145940544849
Q1296559	6000000003510112568
Q12967	6000000002004156074
Q1296706	6000000027240453984
Q129674	6000000016031167548
Q129674868	6000000006972486707
Q1296749	6000000145004512971
Q129675355	6000000011424365736
Q129675567	6000000012985231372
Q129675722	6000000016571004451
Q129675881	6000000007120544519
Q129675937	6000000017950583978
Q129676	5584189391190110491
Q129676137	6000000002649930015
Q129676311	6000000002677772001
Q129676313	6000000026857929606
Q129676314	6000000003743427580
Q129676317	6000000003743534038
Q129676319	6000000003743408993
Q129676327	6000000002838562470
Q129676328	389263451790003341
Q129676329	6000000002185188035
Q129676330	6000000003939180593
Q129676339	6000000026860817381
Q129676340	6000000026862425888
Q129676340	6000000029858116481
Q129676346	6000000030754882871
Q129676347	6000000025057798828
Q129676544	6000000011951702268
Q129676549	6000000202057735909
Q129676550	6000000000941290510
Q129676583	6000000196329914839
Q129676702	6000000178969768884
Q129676705	6000000077915807827
Q129676735	6000000177889063854
Q129676737	6000000186887483821
Q129676740	6000000177961034005
Q129676742	6000000013763385228
Q129676931	6000000174709249933
Q129676931	6000000224022342876
Q129677128	6000000001080393111
Q129677131	5139550709450022156
Q129677132	6000000016262485178
Q129677147	6000000007760585295
Q129677150	6000000007900539283
Q129677151	6000000007826467252
Q129677152	6000000002766877769
Q129677207	6000000020187539302
Q129677217	6000000009544318857
Q129677219	6000000020381346070
Q129677227	6000000019692518184
Q129677231	6000000016681435770
Q129677244	6000000115015582851
Q129677281	6000000036543933392
Q129677343	6000000014883249026
Q129677366	6000000008595988613
Q129677368	6000000008595978339
Q129677370	6000000008596018238
Q129677377	6000000020344277390
Q129677443	6000000004592999594
Q129677447	6000000004592999582
Q129679	6000000016460715377
Q129679014	6000000002513372991
Q129679028	6000000002207374896
Q129679057	6000000002204902877
Q129679071	6000000000688977759
Q129679084	6000000002208184162
Q129679120	6000000003939312700
Q129679135	6000000000485022652
Q129679148	6000000000484929206
Q129679534	6000000000271564337
Q129679535	6000000000271574499
Q129679538	6000000000271564146
Q129679719	6000000000271564396
Q129679953	6000000000271568517
Q129679966	6000000026620445763
Q129681136	6000000014734944253
Q129681521	6000000008076204395
Q129681535	6000000004237711362
Q129681571	6000000002930899684
Q129682114	6000000024728484421
Q129682129	6000000001384323871
Q129682170	6000000010883486335
Q129682184	6000000000875522338
Q129682199	6000000002665481008
Q129682229	6000000000875522327
Q129682318	6000000001384323864
Q129682437	6000000000287557105
Q129682532	6000000027125762793
Q129682564	6000000000682072952
Q1296826	6000000083956190021
Q129683049	6000000003054450967
Q129683065	6000000022908203025
Q129683079	3933064456730028523
Q129683095	6000000001391783810
Q129683095	6000000013839996692
Q129683448	6000000003939362439
Q129683464	6000000017806731402
Q129683479	6000000017806935010
Q129683494	6000000000878728096
Q129683508	6000000006253001497
Q129683567	6000000006838476398
Q129683581	6000000001391720402
Q129683597	6000000001391834652
Q129683666	6000000205247255836
Q129683667	6000000014816306365
Q129683671	6000000014470968243
Q129683675	6000000014816042579
Q129683676	6000000003693299123
Q129683682	6000000002580624340
Q129683683	6000000052766485022
Q129684526	6000000000524867710
Q129684571	6000000000524855898
Q1296854	6000000017629913523
Q129686178	6000000004159258138
Q129687618	6000000024683346587
Q1296891	6000000090343161027
Q1296902	6000000071462853358
Q1296905	6000000137763473821
Q129690556	6000000008369918120
Q129690744	6000000019950665641
Q129690758	6000000008369918111
Q129690890	6000000019951175257
Q12969523	6000000010573387730
Q1296953	6000000039861132883
Q12969659	6000000187977770848
Q129696795	6000000017585819426
Q129700	6000000083820414064
Q1297016	6000000018906541090
Q12970167	6000000142208454959
Q1297041	6000000033647288534
Q129704495	6000000016690805055
Q129704588	6000000017924611143
Q1297087	6000000056076787202
Q12971	6000000002004033627
Q129710	6000000029786500948
Q1297100	6000000028972061999
Q129711005	6000000014224454053
Q129712932	6000000014224266915
Q1297154	6000000033010690858
Q1297156	6000000022781830617
Q12971771	6000000006169591114
Q129720024	6000000010934651828
Q129722819	6000000061146515988
Q129725	6000000013478248851
Q1297258	299462582060002732
Q129730359	6000000006878954122
Q1297308	6000000066478000857
Q129732	6000000148514703364
Q129733789	6000000029938446941
Q129734068	6000000029937452891
Q12973443	6000000098756083823
Q129734780	6000000082496814175
Q1297349	6000000026354684877
Q129736712	6000000010440624591
Q129736726	6000000003941146878
Q129736726	6000000010440569713
Q129736741	6000000090000126821
Q129737	6000000009475387379
Q129737244	6000000020132502042
Q129737464	6000000020132043542
Q129737477	6000000003941124956
Q129737503	6000000003939959717
Q129737817	6000000003604836934
Q129737824	6000000003941124964
Q1297391	6000000010693680632
Q129741	6000000010946142502
Q129743284	6000000018635535629
Q129743912	6000000067463094897
Q129746982	6000000008605796586
Q129747691	6000000067462507237
Q129748076	5256965183520071528
Q129750478	6000000008962088597
Q129751051	6000000017719414999
Q129751657	6000000084958629392
Q129751927	6000000084958420759
Q129752033	6000000191741445834
Q129753459	6000000024582658053
Q129756	6000000041505901825
Q129756051	6000000050179518940
Q129757293	6000000131664639821
Q1297575	6000000014347628576
Q129757929	6000000204295368852
Q129758326	6000000027129981664
Q129760374	6000000041748194598
Q129760670	6000000004047459332
Q129760684	6000000004047459315
Q129761448	6000000041559585121
Q129762090	6000000027103247364
Q129762289	6000000104792062298
Q129762998	6000000027117321862
Q1297644	6000000203823538828
Q129764583	6000000008084703996
Q129764795	6000000003107933481
Q129766832	6000000002881961017
Q129766912	6000000007929013452
Q129767208	6000000002734308348
Q129767248	6000000021136270597
Q129768277	6000000061014900070
Q129768532	6000000061013797120
Q129768609	6000000004047135593
Q129768625	6000000006413019942
Q129769162	6000000004047110384
Q129769600	6000000007979812034
Q129769795	6000000001956914234
Q129769812	6000000001959320143
Q129769828	6000000007980253468
Q129770293	6000000006412883753
Q129770293	6000000177080552835
Q129770685	6000000006412875490
Q1297714	6000000041683167159
Q129772	6000000017464949232
Q1297741	6000000068348127822
Q129774979	6000000045033083898
Q129775324	6000000022379804198
Q129776083	6000000027150460728
Q129776262	6000000189174245822
Q129777850	6000000001499296783
Q129778137	6000000006927201953
Q129778141	6000000027150459525
Q129778192	6000000044311189310
Q1297866	6000000157292234866
Q1297871	6000000084329704077
Q129788	6000000125476496821
Q1297893	6000000013469603189
Q1297949	6000000062716543877
Q1298	6000000000751170905
Q1298040	6000000012300465575
Q1298043	6000000099961725821
Q129804362	6000000029074125509
Q129808697	6000000032487248551
Q129808744	6000000208478826832
Q1298099	6000000116522107373
Q129811491	6000000076402724079
Q129811756	6000000015729129831
Q1298119	6000000034272489099
Q12981308	6000000014748160802
Q129817	6000000010774636901
Q1298183	6000000006964026981
Q129818673	6000000037559455947
Q12981959	6000000094159170858
Q1298209	6000000033397987919
Q1298228	6000000026068976793
Q129824803	6000000022367692602
Q1298299	6000000032633758542
Q12983	6000000013027731135
Q129831	6000000011223256575
Q1298311	6000000151405094895
Q129836196	6000000026130776932
Q129836868	6000000022216603629
Q129836886	6000000012698139242
Q129836907	6000000007346177207
Q129837	6000000002188370858
Q1298389	6000000029861068492
Q129839196	6000000007223563214
Q129839213	6000000007223452352
Q129839231	6000000007223329331
Q129839384	6000000000951143708
Q129839403	6000000002020341236
Q129839460	6000000002020445007
Q129839878	6000000007256588355
Q129839894	6000000009224583485
Q129839913	334088700280005477
Q129839977	6000000017470581275
Q129839980	6000000006727980673
Q129840050	334087415430014494
Q129840107	6000000008436478707
Q129840123	6000000003938168546
Q129840158	6000000005597939096
Q129840313	5427856112230032147
Q129840350	5427848950780123046
Q129840367	6000000004868816051
Q129840427	5427856124780032153
Q129840469	6000000000497529483
Q129841216	6000000197864046837
Q129841481	6000000197864168821
Q1298417	6000000017199752256
Q129841833	6000000202627917849
Q129842231	6000000002764969919
Q1298425	6000000100127409519
Q1298427	6000000100129557924
Q129843099	6000000001923241515
Q1298431	6000000100129695846
Q129843144	6000000007140753788
Q129843280	6000000000329669558
Q129843296	6000000006348746558
Q129843329	6000000009457282840
Q129843481	6000000016820874683
Q129843481	6000000079146214823
Q129843648	6000000006348621258
Q129843786	6000000006444044075
Q129845628	6000000179455402826
Q1298466	6000000064626194833
Q1298467	6000000002764618543
Q129847804	6000000002764969908
Q129847975	6000000094257109821
Q1298483	6000000024907056315
Q129848400	6000000013166446803
Q1298486	6000000048144666840
Q129848692	6000000208497067822
Q1298490	6000000040658016796
Q129849015	6000000015231055832
Q129849982	3934349393600104772
Q129850106	6000000178589158888
Q1298519	6000000012192233346
Q129852343	6000000017924661020
Q1298525	6000000038316210627
Q1298544	6000000041208595942
Q1298545	6000000042402210474
Q1298548	6000000008538754744
Q129857	4695498
Q1298571	6000000023369285835
Q129857263	6000000023422365827
Q129857960	6000000025412111667
Q129858206	6000000049240294966
Q1298607	6000000071622966881
Q1298613	6000000015130685998
Q1298628	6000000032742539344
Q129863854	6000000017924683102
Q1298644	6000000027328613608
Q1298660	6000000027985979163
Q1298685	6000000034694242009
Q1298692	6000000176738384821
Q1298757	6000000036942289706
Q1298823	6000000015580111026
Q1298828	6000000106609772229
Q1298843	6000000039367252297
Q1298856	6000000028649094843
Q129885683	6000000208478928822
Q129885806	6000000208478878835
Q1298905	6000000182964633873
Q1298911	6000000153004293896
Q1298932	6000000167314440855
Q12989594	6000000052095269005
Q12989603	6000000007053849368
Q12989610	6000000049493187851
Q1298971	6000000024761657020
Q1298974	6000000018145912797
Q1298975	6000000010373699247
Q1299007	6000000082629759771
Q129901	6000000020310891490
Q1299032	6000000071806571693
Q129904243	6000000028239495864
Q1299050	6000000029959966958
Q12990834	6000000015799758424
Q129909899	6000000002765074508
Q129910	6000000027347511707
Q129910240	6000000002765074516
Q129910252	6000000105215961843
Q129910266	6000000205775161825
Q129910281	6000000000453283702
Q129910296	6000000000453461222
Q129910311	6000000001923241292
Q129910324	6000000001923237717
Q129910730	6000000001923241357
Q129910745	6000000006971507657
Q129911290	6000000007273335529
Q129911595	6000000020360554661
Q129911614	6000000042221288008
Q129911859	6000000003942867908
Q129912371	6000000206832571846
Q129913616	6000000178589995849
Q129914641	6000000001923237702
Q129914706	6000000022540179974
Q129914787	6000000026189488983
Q129914799	6000000026189487044
Q129914809	6000000010807427707
Q129914823	6000000011116910722
Q129914856	6000000010807546725
Q129914873	6000000010807506492
Q129915148	6000000015177223436
Q129915163	6000000015177354344
Q129915178	6000000039654126901
Q129915191	6000000031012195127
Q129915206	6000000031012094888
Q129915220	6000000034345755109
Q129915262	6000000017162548166
Q129915276	6000000031011535309
Q129915469	6000000019337893862
Q129915484	6000000024629249833
Q129915510	6000000019337936330
Q129915538	6000000023699980350
Q129915553	6000000080894474960
Q129915693	6000000006110720869
Q129915707	6000000001373685438
Q129915721	6000000002275726905
Q129916283	6000000015107109598
Q129916295	6000000001384268062
Q129916310	6000000002447381176
Q129918271	6000000125884036821
Q129918275	6000000021566549241
Q129918829	6000000051095782821
Q129918833	6000000006348430976
Q129918836	6000000001727286047
Q129918877	6000000000494633232
Q129918897	6000000002006113210
Q129918917	4386350373000057107
Q129918938	4234484155750035644
Q129921731	6000000033654284350
Q1299218	6000000170426306040
Q129921912	6000000021467377206
Q129922479	6000000033769346895
Q129922479	6000000217988131826
Q129922599	6000000033769238991
Q129924192	6000000018724697133
Q129924207	6000000013837253774
Q129924222	6000000002106239305
Q129924237	6000000008558478782
Q129924467	6000000090588351999
Q129924685	6000000020012892254
Q129925068	6000000008439467116
Q129925081	6000000008439475216
Q129925102	6000000008439466826
Q129925147	6000000003796649666
Q129925147	6000000008439599909
Q129925201	6000000002531472422
Q129925205	6000000024760188714
Q129925700	6000000003410997052
Q129925715	6000000003413065008
Q129925798	6000000003412916358
Q129925811	6000000034314765148
Q129925825	6000000000559785932
Q129926243	6000000034314885132
Q129926258	6000000000561660123
Q129926258	6000000193332705894
Q129926314	6000000003939897269
Q129926314	6000000193333036849
Q129926368	6000000010690907615
Q1299264	6000000043409852554
Q129926469	6000000000561570263
Q129926620	6000000006826946602
Q129927072	6000000040805830002
Q1299287	6000000020641108501
Q129929008	6000000208526942828
Q129930	6000000140027718843
Q129933238	6000000208528269858
Q1299336	6000000062010038978
Q129934766	6000000025970913016
Q129935893	6000000208528882836
Q1299378	6000000093863321975
Q129938425	6000000052843475930
Q129940352	6000000188957322843
Q129943	6000000061930360821
Q1299451	6000000029265195465
Q129947787	6000000010461775275
Q129947900	6000000041668573073
Q1299484	6000000009689229566
Q129948532	6000000003526917262
Q129948841	6000000015886708104
Q129948959	6000000058341303859
Q129949599	6000000010599995673
Q129951163	6000000026751616084
Q1299596	6000000062444607821
Q1299616	6000000026339285256
Q129962143	6000000028239362177
Q1299664	3931043267950040764
Q1299719	6000000017756597127
Q1299753	6000000032874310425
Q129976134	6000000006590052490
Q129976596	6000000042372068474
Q129977303	6000000006594575444
Q129978	6000000070402430897
Q129978423	6000000006595562650
Q129978635	6000000006590036503
Q129978667	6000000006590036786
Q129978795	6000000002466862493
Q129978825	6000000002466717406
Q129978825	6000000035399509164
Q12998	6000000000554205909
Q1299805	6000000050844998938
Q129981711	6000000016465237554
Q129982548	6000000008968183407
Q129983531	6000000014000347866
Q129984096	6000000016486809848
Q129987190	6000000016473135786
Q1299926	6000000042809525210
Q1299933	6000000026392720523
Q129995291	6000000114769597853
Q129995598	6000000002765065214
Q129997217	6000000025430744848
Q129997386	6000000039151617220
Q1300	6000000001433039673
Q130002220	6000000010546031669
Q130002281	6000000004075069933
Q130002603	6000000006412967101
Q130002636	6000000008312468537
Q130002676	6000000004075250372
Q130002765	6000000016738940915
Q1300029	6000000003537374046
Q1300031	6000000025169393489
Q130003135	6000000003245697317
Q130003166	6000000003199338158
Q130003606	6000000006413044343
Q130003622	6000000008517481742
Q130003639	6000000021472374907
Q130003846	6000000002918754314
Q130003846	6000000195379175857
Q130004250	6000000006413021936
Q130004647	6000000031984661264
Q130004715	6000000001817640910
Q130005301	6000000026903313933
Q130005328	6000000026903130007
Q130005422	6000000010722945900
Q130005714	6000000015528052813
Q130005750	6000000055750254933
Q1300065	6000000037906897913
Q130006574	6000000003615138782
Q1300066	6000000037883832011
Q130006601	6000000002824558225
Q130006629	6000000159758724826
Q130006882	6000000029530048002
Q130007183	6000000006595562642
Q130007368	6000000015355782289
Q130007851	6000000024914728024
Q130008447	6000000008594788912
Q130008705	6000000208556669877
Q130008782	6000000025552188542
Q130008880	6000000010683728239
Q130009287	6000000006590052706
Q130009693	6000000195379437829
Q130010006	6000000010712356586
Q130010029	6000000208557072822
Q130010160	6000000010711937132
Q130011116	6000000010844565487
Q130011182	6000000208557882827
Q130011233	6000000014950666159
Q130011687	6000000108286945137
Q130011970	6000000031763748928
Q130012369	6000000035293468833
Q130012524	6000000179318900878
Q130013396	6000000015128341053
Q130014115	6000000017107353003
Q130014361	6000000015057812337
Q130014375	6000000046015134050
Q130014388	6000000047758952133
Q130014403	6000000003942570969
Q130014522	6000000001843182850
Q130015279	6000000017315609550
Q130015513	6000000027954303154
Q130015854	6000000018924577113
Q130015857	6000000017263826820
Q130015868	6000000015130598251
Q130015957	6000000030638375930
Q130016280	6000000011170936361
Q130017292	4854356700580094925
Q130017308	4854315780960095197
Q130017322	4854278892750030444
Q130017337	6000000003098240677
Q130017351	6000000002725018103
Q130017494	6000000003230820051
Q130017510	6000000003230456217
Q130017524	6000000012974608394
Q130017539	6000000001713422833
Q130017614	6000000004630835290
Q130018109	6000000014844213102
Q130018125	6000000024887790130
Q130018140	6000000003455965180
Q130018151	377590212530013795
Q130019988	6000000015357064585
Q130024	6000000027760552349
Q1300255	6000000010260515262
Q130026155	6000000015355618858
Q130026691	6000000015355704395
Q130027778	6000000015355778400
Q130028790	6000000022940759892
Q13003	6000000015687820559
Q1300302	6000000169856276822
Q1300310	6000000174049953832
Q1300347	6000000012304655388
Q130043702	6000000174423362827
Q130048578	6000000016501329051
Q1300519	6000000073743691821
Q130053033	6000000015781553369
Q130055449	6000000207754728903
Q130055711	6000000002802996668
Q130056027	6000000002802362390
Q1300575	6000000037975303476
Q130058136	6000000010843781923
Q130058477	6000000008269030635
Q130059	6000000014484901550
Q1300612	6000000039540441412
Q1300620	6000000174887313333
Q1300641	6000000085757374842
Q1300656	6000000023855121832
Q1300674	6000000074092114396
Q130068336	4317544557020054515
Q130068902	6000000014890818168
Q130069231	6000000014890133638
Q130069703	6000000014889979448
Q13007	6000000015386019176
Q130070324	6000000014890217765
Q130071161	6000000010834670119
Q130071442	6000000010835743253
Q130071979	6000000182093849926
Q130072258	6000000182095261839
Q130072592	6000000182095463821
Q130073228	6000000182095439821
Q130075548	6000000044420712873
Q130075649	6000000044423542209
Q130080578	6000000090005802913
Q1300807	6000000006323724954
Q130088	6000000029018659851
Q1300929	6000000177062512855
Q130094476	6000000033000714640
Q130094497	6000000008439675979
Q130094497	6000000206780488867
Q130094511	6000000008439091362
Q130094516	6000000033001064493
Q130094548	6000000014406310193
Q130094562	6000000206776403899
Q130094632	6000000001579385474
Q130094645	6000000003006517558
Q130094660	6000000003006514652
Q130094770	6000000001579385500
Q130094785	6000000026668750432
Q130094800	4111898624060078767
Q130094850	6000000002946661221
Q130094966	6000000020917920109
Q130094978	6000000001712284561
Q130095023	6000000003867150596
Q130095302	6000000165975850915
Q130096174	6000000041107460568
Q1300982	6000000030877648861
Q130098233	6000000008809309202
Q130098233	6000000206776449828
Q1300983	6000000030876522027
Q130098655	6000000006822746655
Q1301059	2028652
Q130113	6000000001440430948
Q130117	6000000195528268830
Q130118232	6000000017542715277
Q130118530	6000000003122384462
Q130118642	6000000179348640823
Q130119	6000000001319727529
Q13012	6000000038974464524
Q130120021	6000000046899443920
Q130123027	6000000010331433793
Q1301239	6000000017124765548
Q130124177	6000000178703976991
Q130124480	6000000178708485863
Q130125369	6000000174871174857
Q130125611	6000000016486499941
Q130126251	6000000003437950456
Q130126534	6000000186030208915
Q130127622	6000000015729340243
Q1301338	6000000078568747339
Q130133933	6000000186030007874
Q130134130	6000000186029508878
Q130134718	6000000209876144846
Q130135654	6000000010310095588
Q130136046	6000000010310065809
Q130136880	6000000176948726942
Q1301372	6000000089736721836
Q1301414	6000000040663406084
Q130142823	6000000016559844927
Q130145305	6000000007387447521
Q130145320	6000000034323374466
Q130145335	6000000019499869525
Q130145349	6000000001749561258
Q130145363	6000000000998686196
Q130145380	6000000000642046249
Q130145437	6000000034323407262
Q130145451	6000000026605228069
Q130145465	6000000026605086073
Q130145620	359427663260003114
Q130145635	359423546360007381
Q130152300	6000000034301527112
Q130152314	6000000179280229822
Q130152327	6000000179282063828
Q130152346	6000000006093122734
Q130152520	6000000000180773117
Q130152535	6000000006446043527
Q130152710	6000000001565378263
Q1301533	3926740382580120578
Q130153606	6000000067346320822
Q1301542	6000000037150792538
Q130156021	6000000175565964923
Q130158205	6000000014984662574
Q130159054	6000000014984432566
Q130159054	6000000043443506962
Q130159392	6000000014984107898
Q130159824	6000000074690483832
Q130164	6000000027720736373
Q1301653	6000000019884934688
Q1301698	6000000009180523072
Q1301739	6000000008507188870
Q13017734	6000000177622458821
Q1301825	6000000015727204440
Q1301857	6000000059757373940
Q1301898	6000000015355576776
Q1301899	6000000007351519673
Q130191804	6000000015356594131
Q130191843	6000000071437529934
Q130191847	6000000009754129036
Q130191850	6000000016786432514
Q130191877	6000000013805697559
Q130191880	6000000071437588911
Q130191889	6000000020720015794
Q130192207	6000000072060357821
Q130193041	360099515000003246
Q130193057	6000000002994746304
Q130193070	6000000002860668376
Q130193084	6000000003940827658
Q130193099	6000000000517852165
Q130193125	6000000003873681718
Q130193163	6000000003940827666
Q130193185	4501080248320020465
Q130193282	6000000002860668368
Q130193285	360070581010013113
Q130193310	6000000006110885814
Q130193328	6000000002860636937
Q1301941	6000000012430679909
Q130194890	6000000029606658597
Q130194935	6000000002860636911
Q130195053	6000000019463937179
Q1301953	6000000016771298760
Q130195424	6000000003940729760
Q130195437	6000000003940729744
Q130195453	6000000002247989697
Q130195469	6000000002247908130
Q130195622	6000000003940758817
Q130195635	6000000014003013298
Q130195649	6000000003940729465
Q130195682	6000000003940758719
Q130195721	6000000001384132102
Q130195736	6000000003301749462
Q130195751	6000000003075927556
Q130195777	6000000001356967966
Q130195802	6000000002280159834
Q130195844	6000000002280159813
Q130195857	6000000001383839572
Q130195872	6000000000603088100
Q130195908	6000000001383839761
Q130195949	6000000002275759179
Q1301969	6000000015357518134
Q13020	6000000017824500049
Q130200208	6000000001588444583
Q130200384	6000000006727985991
Q130200637	6000000015159207430
Q130200690	6000000015158854913
Q130203809	6000000033388455835
Q130204851	6000000011026165939
Q1302055	6000000157544369889
Q130205827	6000000010934847268
Q1302073	6000000177337091827
Q130207814	6000000015729537701
Q1302087	6000000027837822333
Q1302090	6000000194311296834
Q130209822	6000000033399516192
Q130209823	6000000033399427301
Q130209837	6000000206080142857
Q130209854	6000000005035974850
Q130210397	6000000006586019041
Q130210402	6000000007803101569
Q130210403	6000000015995535064
Q130210404	6000000006585060222
Q130210415	6000000002315676639
Q130210417	6000000002315676646
Q130210432	6000000026830149552
Q130210434	6000000000550103404
Q130210435	6000000000550103466
Q130210437	4950556949820089559
Q130210455	6000000003942646401
Q130210460	6000000112270512873
Q130210461	6000000003942646549
Q130210533	6000000006576859157
Q130210536	6000000002803002324
Q130210551	6000000000770982655
Q130210563	6000000003858687000
Q130210564	6000000002908492553
Q130210575	6000000003221209141
Q130210654	6000000002765045326
Q130210688	6000000018390806019
Q130210793	6000000006453245224
Q130210857	6000000018048965568
Q130211246	6000000006453323309
Q130211253	6000000020468124134
Q130211331	6000000082670787265
Q130212476	6000000036470597779
Q130213472	6000000008109210817
Q130213477	6000000008109285842
Q130213493	6000000029938116730
Q130213523	6000000090609145821
Q130213534	6000000015128610126
Q130213618	6000000008266654121
Q130213625	6000000002765047648
Q130213625	6000000008266872409
Q130213784	6000000002765050371
Q130214131	6000000071433914849
Q130214238	6000000025068163666
Q130214542	6000000002765050305
Q130214548	6000000002765050313
Q130214557	6000000089177542205
Q130214570	6000000186030209851
Q130214580	6000000010341562702
Q130214590	6000000002765126668
Q130214594	6000000002765126886
Q130214604	6000000179317898892
Q130214610	6000000179318216903
Q130214812	6000000207754710821
Q130214837	6000000003942861910
Q130214837	6000000166015825342
Q130214838	6000000003942861903
Q130214838	6000000166017974843
Q130214861	6000000207754625852
Q130214913	6000000010341760401
Q130214920	6000000006601233497
Q130214921	6000000020934150117
Q130214959	6000000044420377930
Q130214962	6000000044420765919
Q130214962	6000000077634057708
Q130214964	6000000044420659924
Q130214964	6000000170034165065
Q130214982	343007187210011065
Q130214983	6000000003077554466
Q130214988	6000000006439950661
Q130214991	343009533830012160
Q130214992	6000000024279241323
Q130214994	6000000006442127476
Q130215020	6000000017351370732
Q130215021	5000348631710031812
Q130215022	5000271327220071030
Q130215023	4994531207260054240
Q130215027	5000281130720031341
Q130215082	6000000006092121078
Q130215083	6000000006103076126
Q130215084	6000000025415982870
Q130215085	6000000006102569561
Q130215085	6000000034703587799
Q130215087	6000000000185911420
Q130215087	6000000006103032131
Q130215102	6000000010221870229
Q130215107	6000000006340093227
Q130215109	6000000006339903480
Q130215109	6000000006412879059
Q130215122	6000000006412961857
Q130215417	6000000008816710621
Q130215436	6000000034510708907
Q130215490	6000000002772272631
Q130215491	6000000021315695407
Q130215493	6000000208667356871
Q130215496	6000000021315667341
Q130215520	6000000002765047764
Q130215522	6000000013144996387
Q130215532	6000000002802996290
Q130215560	6000000002803002596
Q130215656	6000000178706303872
Q130215677	6000000178703020054
Q130215696	6000000186030066915
Q130215719	6000000007145742550
Q130215751	6000000003275236601
Q130215760	6000000016055922503
Q130215936	6000000020344346004
Q130216006	6000000020344016405
Q130216077	346732447960013789
Q130216132	6000000009306598795
Q130216149	6000000009306719910
Q130217023	6000000041413451751
Q130217148	6000000018104216114
Q130219413	6000000006412883920
Q130219823	6000000001383023846
Q130219867	6000000001382976474
Q130219872	6000000001382976540
Q130219893	6000000001382976562
Q130219906	6000000001382976512
Q130219917	6000000001382976526
Q130219931	6000000001382973874
Q130220175	6000000178705616917
Q130220180	6000000025372380961
Q130220192	6000000178703620989
Q130220733	6000000194908584841
Q130220855	6000000006706617368
Q130221176	6000000082702834473
Q130221746	6000000176991230309
Q130221820	6000000176991826856
Q130222067	6000000176991942953
Q130222080	6000000041413890571
Q130222091	6000000176991943136
Q130222944	6000000172097057993
Q130222999	6000000178704505942
Q130223056	6000000007234378785
Q130223075	6000000172094821410
Q130223194	6000000180815482836
Q130223263	6000000180815102859
Q130223310	6000000002803002608
Q130223388	6000000207754608824
Q130223409	6000000207754596828
Q130223411	6000000008725182412
Q130223484	3903477
Q130223536	6000000015127327715
Q130223572	6000000186066807347
Q130223610	6000000183009012866
Q130223672	6000000017881476622
Q130223738	6000000002765045058
Q130223773	6000000084837097839
Q130223848	6000000198251745829
Q130223856	6000000034531273038
Q130223874	6000000008278068790
Q130223903	6000000008277906101
Q130223921	6000000008278039777
Q130225160	3859523
Q130226105	6000000012922468196
Q130226134	6000000012922664283
Q130226190	6000000020323858003
Q130226218	6000000020324737005
Q130226245	6000000022333212742
Q130226260	6000000193382018821
Q130228355	6000000016006481875
Q1302309	6000000100940546863
Q130231429	6000000010849866067
Q130231524	6000000004561226291
Q1302318	6000000030908253539
Q130232347	6000000010850267241
Q1302327	6000000011539310722
Q130232775	317724929610008516
Q130232777	6000000001771429372
Q13023278	6000000028765062786
Q130232780	317726815410002319
Q130232782	6000000028879317541
Q130232787	6000000003279617331
Q130233	6000000051259716035
Q13023300	6000000028774870517
Q130233012	6000000060768923453
Q130233035	346720033890012305
Q130233601	6000000008268460549
Q130233611	6000000008268367999
Q130233697	6000000002765065351
Q130233707	6000000186068659897
Q130233796	6000000011710613185
Q130233816	6000000178706154821
Q130233817	6000000024987943909
Q130233823	6000000024987559346
Q130233824	6000000024987412744
Q130233982	6000000011716691244
Q130234250	6000000177273718833
Q130234394	6000000049828082221
Q130234508	6000000057140811847
Q130234595	6000000049827871113
Q130234682	6000000015988277378
Q130234725	6000000120149254845
Q130234744	6000000010800259416
Q130234841	6000000002765050424
Q130234855	6000000062843847835
Q130234901	6000000002765047915
Q130235106	6000000186029267829
Q130235115	6000000186029060879
Q130235152	6000000186026137485
Q130235165	6000000186026620432
Q130235193	6000000179724221844
Q130235207	6000000179724566824
Q130235256	6000000002765050451
Q130235279	6000000002803002010
Q130235280	373898704810012015
Q130235335	6000000002765065499
Q130235387	6000000021492747173
Q130235595	6000000172734888539
Q130235721	6000000023414869015
Q130235725	6000000017270274021
Q130235732	6000000027877226832
Q130235756	6000000008277456805
Q130235935	6000000002765065505
Q130235956	6000000002765065511
Q130235990	6000000002765074496
Q130236103	6000000013836970535
Q130236153	6000000025496694679
Q130236154	6000000010144326551
Q130236155	6000000010453040661
Q130236156	6000000022479804623
Q130236157	6000000010144144166
Q130236198	6000000023451305863
Q130236199	6000000002932580425
Q130236200	6000000003699134515
Q130236383	6000000012362003887
Q130236493	6000000007122540892
Q1302365	6000000104935155848
Q130236503	6000000024983801923
Q130236518	6000000012332866733
Q130236520	6000000186068593976
Q130236534	6000000023539550935
Q130236546	6000000023539566878
Q130236612	6000000198279507852
Q130236628	6000000198280372824
Q130236655	6000000078890063278
Q130237004	6000000017611205363
Q130237164	6000000202631526822
Q130237207	6000000202630564853
Q130237221	6000000051360704033
Q130237230	6000000016685111902
Q130238359	6000000029331276579
Q1302384	6000000054107850916
Q130239099	6000000005767663039
Q130239227	6000000012921816984
Q130239797	344408425670013548
Q130239850	344407955440012744
Q130239885	6000000050959138917
Q130239908	6000000010532689951
Q130239954	346718930360012264
Q130240017	6000000022387035365
Q130240155	6000000015591725522
Q130240269	6000000010859918403
Q130240548	6000000015509335973
Q130240625	6000000044789934942
Q130240628	6000000044789440273
Q130240662	6000000036307267907
Q130240704	6000000013931469207
Q130240973	6000000024931983357
Q130241102	6000000023017398866
Q130241404	6000000007006547540
Q130241453	6000000013223773959
Q130241553	6000000008152778356
Q130241592	6000000180815248862
Q130241609	6000000178705971834
Q130241624	6000000178704118911
Q130241639	6000000174497712382
Q130241661	6000000172746557065
Q130241779	6000000174097730008
Q130242095	6000000002659225109
Q130242560	6000000020380195316
Q130242613	6000000013792283230
Q130242943	6000000058014792969
Q130243801	6000000009755004016
Q130243833	6000000073710666821
Q130243854	6000000073710396897
Q130244394	6000000207141876841
Q130245023	6000000202627542864
Q130245053	6000000007289008098
Q130245064	6000000007289100822
Q130245103	6000000008266869974
Q130245114	6000000008266607878
Q130245171	6000000033871344490
Q130245210	6000000008109264262
Q130245224	6000000198252430836
Q130245236	6000000198252472828
Q130245249	6000000002765050218
Q130245268	6000000002765050226
Q130245291	6000000002765065622
Q130245490	6000000090609361864
Q130245883	6000000220582507822
Q130245990	6000000003313450500
Q130245992	6000000003325639640
Q130246528	6000000002659225016
Q130246792	6000000035260485917
Q130246965	6000000037314703603
Q13024707	6000000007637530264
Q130247311	6000000037315301445
Q130247615	5502507486520105187
Q130247799	6000000000005787959
Q1302479	6000000172476227781
Q130247996	6000000019493974706
Q130249860	6000000020131401419
Q130249861	6000000019223711120
Q130250018	6000000018021990317
Q130250025	6000000041534953023
Q130250026	6000000041535024145
Q130250055	6000000008882905825
Q130250056	6000000010415055598
Q130250058	6000000018021969247
Q130250079	6000000008882809728
Q130250127	6000000130744884834
Q130250169	6000000005415288670
Q130250170	6000000005415130450
Q130250171	6000000000953563917
Q130250187	6000000181109951826
Q130250412	6000000178704641883
Q130250428	6000000178704358911
Q130250576	6000000186030214857
Q130250602	6000000186029933892
Q130250616	6000000186029287913
Q130250728	6000000084691563279
Q130250732	6000000084692184013
Q130250742	6000000084692295969
Q130251143	6000000198278021912
Q130251166	6000000025269653042
Q130251167	6000000018105997848
Q130251168	6000000198278876824
Q130251175	6000000198278906821
Q130251200	6000000055761630857
Q130251206	6000000017350980955
Q130251223	6000000017843959074
Q130251229	6000000020344034558
Q130251307	6000000020343579726
Q130251404	6000000042209226772
Q130251414	6000000040663591669
Q130251442	6000000019110809266
Q130251457	6000000020343459789
Q130251746	6000000024948058513
Q130251751	6000000024948297284
Q130252002	6000000019470324474
Q130252005	6000000024947965170
Q130252005	6000000025412563275
Q130252006	6000000224022294835
Q130252007	6000000003177845937
Q130252009	6000000000133562314
Q130252014	6000000024947912072
Q130252021	6000000024846822033
Q130252050	6000000136041697829
Q130252079	6000000078722251811
Q130252165	6000000077947049554
Q130252191	6000000010800378150
Q130252208	6000000010800187000
Q130252232	6000000002765045338
Q130252259	6000000198280440909
Q130252629	6000000078104689918
Q130252675	6000000019717092055
Q130252676	6000000008369926773
Q130252678	6000000008369905667
Q130252680	6000000002930853622
Q130252699	6000000002131655059
Q130252703	6000000002094164692
Q130252721	6000000008369905673
Q130252722	6000000175294431877
Q130252724	6000000031262683068
Q130252728	6000000007454714656
Q130252729	6000000006445888197
Q130252804	6000000000557911910
Q130252806	6000000033027066307
Q130252807	6000000019465299620
Q130252809	6000000001574842456
Q130252891	6000000009180496724
Q130252928	6000000000554204276
Q130252930	4787022141440019253
Q130252932	6000000007218519939
Q130252933	6000000007218078422
Q130252934	6000000003939402594
Q130252936	6000000002930841288
Q130252937	6000000002665559580
Q130252947	6000000000525215305
Q130252948	6000000012414548661
Q130252985	4787022058650075815
Q130252996	4787025373350081575
Q130253005	6000000000426567240
Q130253015	6000000002975948104
Q130253025	6000000002966735700
Q130253033	6000000002459866601
Q130253036	6000000001431184529
Q130253110	6000000000426503953
Q130253111	6000000000421512307
Q130253113	6000000018898336314
Q130253120	6000000003490631675
Q130253123	6000000000421512293
Q130253131	6000000015501273436
Q130253137	6000000000421512486
Q130253140	6000000006444247680
Q130253141	6000000003490621778
Q130253143	6000000000421538493
Q130253144	6000000006732892978
Q130253145	6000000000426519336
Q130253147	6000000000693178363
Q130253148	6000000007218300475
Q130253149	5528975223840034480
Q130253151	378536948780013202
Q130253152	6000000006441989131
Q130253154	6000000006441989301
Q130253156	6000000005922006369
Q130253157	6000000006444392109
Q130253159	6000000000693389019
Q130253160	6000000003163459237
Q130253161	5528929790940119094
Q130253162	6000000000426519243
Q130253164	6000000003490631688
Q130253165	362962488450001215
Q130253166	6000000000421512709
Q130253167	6000000004089627184
Q130253410	4787025397760019256
Q130253412	6000000025592597276
Q130253421	5485234500060021597
Q130253426	6000000002289689270
Q130253453	4818573936200026999
Q130253461	6000000000795188286
Q130253465	6000000000795184802
Q130253484	6000000000795050727
Q130253488	6000000001649248760
Q130253505	6000000000077654085
Q130253553	6000000007217964783
Q130253561	6000000004192466027
Q130253567	6000000006188379511
Q130253575	6000000003148563380
Q130253598	6000000003390537361
Q130253717	6000000002930841195
Q130253972	6000000000742128686
Q130254189	6000000009085064731
Q130254196	6000000008880713641
Q130254219	6000000000742136796
Q130254689	6000000003215262379
Q130254725	6000000003940375567
Q130254761	6000000001193624004
Q130254994	6000000037559706160
Q130255006	6000000027562076573
Q130255023	6000000026902928976
Q130255026	6000000026902467995
Q130255028	6000000030769572093
Q130255045	6000000030769733882
Q130255048	6000000041011910738
Q130255052	6000000003938340866
Q130255063	6000000041012128224
Q130255064	5296009226930060063
Q130255086	6000000089008480851
Q130255093	6000000010654994433
Q130255100	6000000028524952112
Q130255106	6000000035009384965
Q130255110	6000000022571096948
Q130255574	6000000000742128765
Q130255680	6000000003163464191
Q130255849	6000000090893723853
Q130255854	6000000000229535211
Q130255860	6000000006441950670
Q130257931	6000000000730355994
Q130258271	6000000027579399535
Q130258272	6000000027579352605
Q130258274	6000000027579445292
Q130258276	6000000024333838044
Q130258277	6000000000742128799
Q130258289	6000000000426735879
Q130258298	6000000023275427327
Q1302589	6000000042393376419
Q130259002	6000000187398015885
Q130259030	6000000025371396075
Q130259040	6000000031479543684
Q130259056	6000000025372449084
Q130259081	6000000025371560948
Q130259095	6000000015026645566
Q130259128	6000000204665841862
Q130259203	6000000172111607802
Q130259220	6000000172113181168
Q130259243	6000000010683364598
Q130259538	6000000009662518380
Q130259720	6000000020344116586
Q130259730	6000000032105744454
Q130259810	6000000032157700884
Q130259991	6000000017045303112
Q130259995	6000000017045272410
Q130259999	6000000000426652854
Q130260	6000000077951383945
Q130260116	6000000014883361093
Q130260116	6000000224021657081
Q130260136	6000000000426652870
Q130260138	6000000000426612892
Q130260161	6000000020292872855
Q130260165	6000000005443734838
Q130260168	362941061920001209
Q130260173	362942042340001214
Q130260177	362957158700013247
Q130260202	362968206400011347
Q130260204	363502538920011559
Q130260206	6000000003490621982
Q130260208	6000000003490625054
Q130260221	6000000015613036307
Q130260222	6000000003490625002
Q130260237	285721580080005092
Q130260239	6000000000426771758
Q130260241	6000000001184537028
Q130260254	6000000002218977088
Q130260257	6000000003747458709
Q130260259	6000000001189340776
Q130260261	5095509450270070654
Q130260262	6000000003607938517
Q130260265	6000000003615056009
Q130260267	6000000003186704103
Q130260273	6000000006290123301
Q130260411	6000000001316192117
Q130260413	6000000002172667874
Q130260417	6000000001316206145
Q130260431	6000000000490927035
Q130260451	6000000000491154664
Q130260452	6000000002006202128
Q130260456	6000000024119358499
Q130260457	6000000022232628895
Q130260459	6000000022232655846
Q130260460	351006678280006274
Q130260461	351012976340003008
Q130260466	6000000001338602663
Q130260470	6000000040260548568
Q130260475	6000000006418462276
Q130260491	6000000049743193934
Q130260494	6000000000401063838
Q130260510	6000000157974328974
Q130260512	6000000023519043917
Q130260514	6000000023516714753
Q130261	6000000018232957883
Q1302611	6000000046719689234
Q130261201	6000000002802362404
Q130261256	6000000050239025855
Q130261284	6000000023073425820
Q130261286	6000000002354556370
Q130261287	6000000005792130912
Q130261289	5273692438010084760
Q130261295	6000000002354496898
Q130261360	6000000020423392571
Q130261361	6000000002742083200
Q130261362	6000000013887360767
Q130261363	6000000002742083048
Q130261364	6000000004092351695
Q130261366	6000000002742083243
Q130261370	6000000020423662967
Q130261373	6000000036992458896
Q130261376	6000000013887360852
Q130261433	6000000003940299655
Q130261435	6000000007937691533
Q130261437	6000000000490901867
Q130261446	6000000003940301101
Q130261447	6000000003940299664
Q130261471	6000000007418192249
Q130261472	6000000007418092912
Q130261473	6000000007418098721
Q130261474	6000000007418098993
Q130261476	6000000050238210864
Q130261477	6000000007418099068
Q130261479	6000000002955686156
Q130261482	6000000000426706490
Q130261485	6000000007418098976
Q130261490	6000000007418058866
Q130261494	6000000003241847075
Q130261495	6000000004307796355
Q130261522	6000000000640162677
Q130261533	6000000019718067547
Q130261534	6000000000464210259
Q130261535	6000000000640153322
Q130261536	6000000009214713770
Q130261551	6000000012396227826
Q130261553	6000000022930762914
Q130261554	6000000000229573243
Q130261555	6000000003941643795
Q130261557	6000000003040502627
Q130261569	6000000022929039166
Q130261572	6000000028105879080
Q130261573	6000000000229609188
Q130261655	6000000019427193280
Q130261761	6000000022642313237
Q130261905	6000000010556775463
Q130261941	6000000208860715837
Q130261960	323038431390004229
Q130261964	323040035280006433
Q130261965	6000000003006507156
Q130261966	6000000000469141305
Q130261971	6000000004818848660
Q130261972	6000000004818181335
Q130261973	6000000004818209089
Q130262035	6000000067821370017
Q130262065	6000000008021034488
Q130262082	6000000097965467833
Q130262628	6000000206969480096
Q130262671	6000000019275108569
Q130263283	6000000003910878199
Q130264032	6000000001276300829
Q130264797	6000000023941712970
Q130265315	6000000014059025469
Q130265446	6000000020947498314
Q130265825	6000000007289291654
Q1302659	6000000072442618851
Q130266293	6000000002765050402
Q130266357	6000000014058036000
Q130266368	6000000060129975930
Q130266429	6000000208889605837
Q130266510	6000000018451033078
Q130266561	6000000007443247353
Q130266600	6000000020784837923
Q130267025	6000000031111813307
Q130267076	6000000096183547119
Q130267126	6000000043587813444
Q130267187	6000000063434917063
Q130267265	6000000193453981872
Q130268083	6000000002765045510
Q130268110	6000000002765045516
Q130268190	6000000007234732535
Q1302682	6000000013559665110
Q130268480	6000000002302154462
Q130268488	6000000201705732831
Q130268513	6000000201705880822
Q130268698	6000000030726322649
Q1302689	6000000007456973268
Q130269588	6000000011635075716
Q130269732	6000000109055776060
Q130269732	6000000109120021954
Q130270128	6000000017131092209
Q130270447	6000000114213074883
Q130271036	6000000046125791821
Q130271079	6000000031755234347
Q130271126	6000000038357569336
Q130271127	6000000038357291613
Q130271127	6000000046211216009
Q130271485	6000000002653976481
Q130271976	4990051236260062175
Q130272315	6000000002764969949
Q130272339	6000000002764969960
Q130272359	6000000002764969943
Q130272387	6000000002802900449
Q130272409	6000000002803044706
Q130272445	6000000198251561877
Q130272470	6000000024401945936
Q130272988	6000000208916906825
Q130273002	6000000180535297838
Q130273016	6000000033779545002
Q130273021	6000000021869039356
Q130273022	356852175440002105
Q130273026	6000000002765065977
Q130273029	6000000010860190755
Q130273030	6000000003177827400
Q130273058	356760004940011492
Q130273059	356761410620011522
Q130273062	356759714560013521
Q130273079	356761688850003499
Q130273092	6000000003322292514
Q130273094	6000000000602560449
Q130273096	6000000003177891482
Q130273096	6000000217062956181
Q130273105	6000000040961428150
Q130273106	6000000040961882847
Q130273107	6000000040961974874
Q130273126	6000000001410778968
Q130273127	6000000010847458423
Q130273136	6000000001316245267
Q130273137	6000000003939872217
Q130273151	6000000000934713859
Q130273155	6000000023728826662
Q130273164	6000000182094624827
Q130273165	6000000003177891325
Q130273173	6000000002440622460
Q130273175	6000000002440620699
Q130273176	6000000007179406179
Q130273190	6000000003221207780
Q130273192	6000000000632105055
Q130273270	6000000208919735829
Q130273420	6000000003811088245
Q130273423	6000000008737559505
Q130273427	6000000004747589005
Q130273432	6000000004993905632
Q130273523	6000000008043307532
Q1302754	6000000088814419366
Q130278596	6000000164082558522
Q130278716	6000000014984063644
Q130278914	6000000018955706463
Q130278936	6000000180791524868
Q130278957	6000000180791927847
Q130278998	6000000026888695866
Q130279051	6000000026888650858
Q130279498	6000000016281076508
Q130279498	6000000038239593163
Q130279571	6000000016281105308
Q13027990	6000000025945664977
Q13027994	6000000014067526687
Q13027997	6000000022942577853
Q130280150	6000000038239649084
Q130280153	6000000038239858851
Q130280154	6000000014883219217
Q13028033	6000000014995901833
Q13028053	6000000009372714732
Q130280616	6000000010683634355
Q130280635	6000000010683264062
Q130280697	6000000198278644879
Q130280722	6000000023539541895
Q130280775	6000000029944440985
Q130280818	6000000186029583925
Q130280833	6000000027008490929
Q130280884	6000000186028997891
Q130281010	6000000026522953033
Q130281024	6000000034196039891
Q130281062	6000000002765050155
Q130281086	6000000010847445585
Q130281089	6000000027292945905
Q130281130	6000000009405345882
Q130281134	6000000017717399740
Q130281135	6000000026038403605
Q130281136	6000000010132209397
Q130281142	6000000068589387910
Q130281163	6000000186094583913
Q130281414	6000000208944518832
Q130281720	6000000010722584473
Q130281753	6000000112278338859
Q130281765	6000000008266889188
Q130281859	6000000002765050463
Q130281882	6000000001335743948
Q130281907	6000000002764860189
Q13028193	6000000084563616938
Q130281936	6000000010932746220
Q130282018	6000000002765050116
Q130282087	6000000204314728821
Q130282142	6000000186150205904
Q130282762	6000000053008110911
Q130282763	6000000053085131821
Q130283085	6000000020351588315
Q130283086	6000000032120296714
Q130283134	6000000014777479156
Q130283152	6000000014069264108
Q130283167	6000000032120428716
Q130283172	6000000032120616280
Q130283173	6000000032120930170
Q130283182	6000000026392951320
Q130283264	6000000014066830534
Q130283264	6000000032120911171
Q130283323	6000000014066921973
Q130283323	6000000032120902095
Q130283488	6000000014066944998
Q130283488	6000000032120912137
Q130283553	6000000014066959404
Q130283553	6000000032119884801
Q13028358	6000000086347496843
Q13028362	6000000022671638046
Q130283706	6000000008267040242
Q13028374	6000000094084980904
Q130284170	6000000032120737386
Q130284280	6000000032120731229
Q130284281	6000000032120168778
Q13028446	6000000018443490815
Q13028456	6000000003523354151
Q13028456	6000000022875250616
Q13028463	6000000039919774121
Q13028463	6000000053550152908
Q13028480	6000000003515913636
Q130284804	6000000083357933111
Q13028482	6000000017199428925
Q130284823	6000000113734442098
Q13028484	6000000011157098831
Q13028484	6000000211748941821
Q13028485	6000000017757146780
Q1302851	6000000021450554504
Q130285144	6000000012704722724
Q130285649	6000000018416925417
Q130285664	6000000010695668744
Q13028568	6000000022941942010
Q13028583	6000000016045400584
Q13028617	6000000043799641767
Q130286646	6000000168660163848
Q130286688	6000000208974150846
Q130286727	6000000006601986544
Q1302878	6000000115366132821
Q130288059	6000000034142941931
Q13028844	6000000189484894845
Q130288485	6000000015059627244
Q130289235	6000000037207801732
Q13028945	6000000209240074909
Q13029028	6000000014944700716
Q130292900	6000000203479677829
Q130292916	6000000203473118848
Q130293201	6000000152529900847
Q130293264	6000000140749727018
Q130293315	6000000063631858874
Q130293543	6000000049987980897
Q130293554	6000000178332247821
Q130293656	6000000049988654303
Q130294081	6000000076943191234
Q130294212	6000000019421422977
Q13029424	6000000080911519879
Q130294360	6000000192173272887
Q130294363	6000000007297037567
Q130294364	6000000013739587687
Q130294365	6000000007296592187
Q130294366	6000000005539071001
Q130294368	6000000005538760002
Q130294373	6000000013740097622
Q130294545	6000000204075267822
Q130294547	6000000204074928865
Q130294548	6000000204075208849
Q130294549	6000000013740130796
Q130294766	6000000209001686886
Q130294783	6000000184433421876
Q130294785	6000000184434712847
Q130295467	6000000184434496857
Q130295469	6000000143021947821
Q130295497	6000000209002139821
Q130295581	6000000176617062873
Q130295616	6000000163765399875
Q130295916	6000000100853392315
Q130296131	6000000026213715408
Q130297306	6000000208697434832
Q130297636	6000000073709516975
Q130297657	6000000016793566486
Q130297929	6000000091125794069
Q130298087	6000000024362786361
Q130298548	6000000083514322065
Q130299005	6000000190450528266
Q130299017	6000000019703031344
Q130299049	6000000021658937654
Q130299049	6000000190450528245
Q130299210	6000000018530015402
Q130299358	6000000209029286827
Q130299438	6000000192869996878
Q130299505	6000000209030539822
Q130299730	6000000019080740651
Q130300738	6000000002237675656
Q130300874	6000000002764921883
Q130300876	6000000049685074920
Q130300924	6000000011046722619
Q130301530	6000000030777979295
Q130301531	6000000194776261842
Q130301533	6000000194776852826
Q130301535	6000000011231659946
Q130301536	6000000011250429363
Q130301541	6000000010563622563
Q130301542	6000000010563673455
Q130301545	6000000019859748395
Q130301546	6000000012734836858
Q130301547	6000000000875546782
Q130301688	6000000013375246707
Q130301690	6000000025086211111
Q130301693	6000000014071986723
Q130301694	6000000047554550886
Q130301705	5505239554640086204
Q130301707	6000000000748993036
Q130301715	6000000202669594859
Q130301716	6000000036604561656
Q130301717	6000000001754739247
Q130301725	6000000036604826454
Q130301843	6000000120660452181
Q130301883	6000000013503768554
Q130301888	6000000035329068364
Q130301889	6000000035329525927
Q130301890	6000000000282031293
Q130301892	6000000057518175823
Q130302215	6000000020041315519
Q130302220	6000000020041549193
Q130302226	6000000041609049995
Q130302231	6000000000900471372
Q130302246	6000000003940752092
Q130302250	6000000003940748900
Q130302255	6000000003940748915
Q13030245	6000000021661227581
Q130302472	6000000067750420851
Q130302516	6000000000900471362
Q130302518	6000000010123639800
Q130302519	6000000006756976138
Q130302520	6000000000900471382
Q130302522	6000000000351000364
Q130302524	6000000007454453533
Q130302525	6000000007454348064
Q130302527	6000000007454316457
Q130302528	6000000007454307126
Q130302532	6000000002903633220
Q130302552	6000000000186783099
Q130302661	6000000009240993652
Q130302721	6000000111803536883
Q130302722	6000000006972758166
Q130302723	6000000000966190822
Q130302725	6000000002802889717
Q130302726	6000000019796371017
Q130302729	6000000001363861023
Q130302730	6000000006444357420
Q130302732	6000000019779496743
Q130302734	6000000019781102220
Q130302737	6000000019780309820
Q130302739	6000000019779788803
Q130302744	6000000012987407367
Q130302748	6000000003938400924
Q130302759	6000000020071871728
Q130302760	6000000020076965105
Q130302761	6000000085485859944
Q130302762	6000000006444242917
Q130302764	6000000006444037085
Q130302765	6000000006444037191
Q130302832	6000000018397759808
Q130302970	6000000128857985898
Q130302976	6000000128856467975
Q130302977	6000000007605220027
Q130302978	6000000013548046851
Q130302982	6000000128857072875
Q130302983	6000000002288779890
Q130302985	6000000002288779854
Q130302992	6000000001563179501
Q130302993	6000000013384359268
Q130303011	6000000003075815144
Q130303013	3346652
Q130303035	6000000006727540240
Q130303053	6000000045962873907
Q130303054	6000000009114964527
Q130303055	6000000045963375824
Q130303061	6000000020650280404
Q130303063	6000000020254820980
Q130303064	6000000002577050113
Q130303066	6000000000310351682
Q130303141	6000000000306392466
Q130303143	6000000008231115017
Q130303156	6000000000062580217
Q130303157	6000000004089172542
Q130303158	6000000000930172261
Q130303161	6000000000062372999
Q130303162	6000000012997330392
Q130303163	6000000012997037955
Q130303175	6000000000062585319
Q130303177	6000000004089049720
Q130303247	6000000000336233668
Q130303248	6000000034276693026
Q130303266	6000000206802348896
Q130303291	6000000043554160951
Q130303302	6000000034277912821
Q130303487	6000000003113562277
Q13030358	6000000014194108387
Q130303602	6000000034035111741
Q130303688	6000000033485501204
Q13030376	6000000014192630591
Q130303904	6000000001126468730
Q130304113	6000000001126471021
Q13030415	6000000039574954945
Q13030416	6000000024779435475
Q13030416	6000000028265935701
Q13030419	6000000015423072312
Q130304251	6000000023497475177
Q1303044	6000000002309460162
Q130304431	6000000013302431293
Q13030444	6000000015395136852
Q130304845	6000000006165960997
Q130304870	6000000001126511551
Q130304886	6000000001126448585
Q130305009	6000000014405096854
Q130305015	6000000022722395245
Q130305017	6000000022722143198
Q130305018	6000000002378691557
Q130305019	6000000005091893279
Q130305021	6000000006444427830
Q130305022	5485958875780021590
Q130305023	6000000001169210010
Q130305024	5486288281900045644
Q130305025	6000000022722116547
Q130305027	6000000015750187520
Q130305029	6000000005437603306
Q130305030	5485949066090072717
Q130305031	6000000005091893353
Q130305032	6000000003329425944
Q130305033	6000000000050332118
Q130305034	6000000000050138895
Q130305036	6000000000050104989
Q130305226	6000000041071472996
Q130305249	6000000041071472970
Q130305286	6000000075126528992
Q13030549	6000000016776251930
Q13030549	6000000191155470849
Q130305570	6000000011424519398
Q130305636	6000000001382823337
Q130305638	6000000042331044033
Q130305639	6000000001058897009
Q130305641	6000000042330933961
Q130305644	6000000020470666282
Q130305672	6000000003242748984
Q130305677	6000000026076837662
Q130305685	6000000007961859281
Q130305686	6000000002315690539
Q130305693	6000000015875934434
Q130305700	6000000019415713220
Q130305701	6000000008506843252
Q130305701	6000000019415335741
Q130305711	6000000003681233018
Q130305712	6000000004120067368
Q130305713	6000000003681229884
Q130305714	6000000006591573177
Q130305715	6000000003229991761
Q130305716	6000000006441412401
Q130305719	6000000015875597824
Q130305721	6000000003681233056
Q130305723	6000000003077063224
Q130305724	6000000003940093625
Q130305729	6000000008501498843
Q130305729	6000000019415255598
Q130305744	6000000008501231799
Q130305746	6000000023545321896
Q130305747	6000000004538850699
Q130307191	6000000017939820657
Q130307208	6000000018104769047
Q13030737	6000000015664732096
Q130307375	6000000013800274302
Q130307850	6000000005781303491
Q130307851	6000000017983071151
Q130308447	6000000006603545389
Q130308447	6000000215427008824
Q13030856	6000000102166883974
Q1303087	6000000089412341926
Q13030916	6000000014569109587
Q13030925	6000000003712844167
Q13030976	6000000038239704902
Q13031003	6000000028596661843
Q13031016	6000000014569209061
Q130311	6000000015085691564
Q13031147	6000000015152044877
Q13031148	6000000011716923426
Q1303115	6000000041152707501
Q13031152	6000000202187613821
Q13031211	6000000024948474283
Q13031211	6000000220953082833
Q13031211	6000000224022562849
Q13031216	6000000025875163844
Q13031216	6000000219768699967
Q130312418	6000000005781302482
Q130312593	6000000013549511016
Q130312607	6000000002158012534
Q130312626	6000000000584038848
Q130312652	6000000009828713074
Q130312683	6000000014852306735
Q13031272	6000000044350536010
Q130312813	6000000002881435733
Q13031288	6000000078483165990
Q130312885	6000000177504335832
Q130312925	6000000034300526879
Q130312927	6000000034300413032
Q130312928	6000000034300302030
Q130312929	6000000001727100338
Q130312931	6000000002244373290
Q130312933	6000000003940795276
Q130312935	6000000006442717399
Q130312937	6000000000725918735
Q130312943	6000000002046135828
Q130312952	6000000003006514658
Q130312953	6000000002766741812
Q130312955	6000000003513697431
Q130313013	4733445930230061690
Q130313014	6000000016736176248
Q130313055	6000000022905727382
Q130313056	6000000022905860392
Q130313057	6000000071766360240
Q13031380	6000000014943972960
Q1303140	6000000026650603709
Q13031408	6000000010762821061
Q13031410	6000000043454840201
Q13031410	6000000083821666970
Q13031411	6000000040415934025
Q13031411	6000000055622508831
Q130314624	6000000062576713980
Q130314625	6000000062576702053
Q130314650	6000000025916231198
Q130314655	6000000000213291346
Q130314656	6000000003040502715
Q130314675	6000000034323550803
Q130314676	6000000003941655726
Q130314677	6000000015480720078
Q130314680	6000000000479126530
Q130314690	6000000015778709175
Q130314715	6000000006725716878
Q130314717	6000000006726075445
Q130315019	6000000027762431599
Q13031545	6000000017193737108
Q13031551	6000000015151339423
Q130315672	6000000004933423008
Q130315709	6000000007950817049
Q130315823	6000000019933318700
Q130315861	6000000019933520797
Q130315928	6000000016937103585
Q13031639	6000000025619997895
Q13031640	6000000190457541868
Q13031641	6000000023770664294
Q13031642	6000000044359557082
Q13031644	6000000031819192279
Q13031650	6000000037303833777
Q13031733	6000000001404145236
Q130317453	6000000039350749301
Q130317454	6000000039350785462
Q130317474	6000000016937235587
Q130317504	6000000019934094040
Q130317619	6000000009356228466
Q130317627	6000000009365599571
Q130317627	6000000019934091079
Q130318019	6000000081140946167
Q130318358	6000000001463219299
Q1303185	6000000070146783002
Q130319497	6000000221407777922
Q130320131	6000000178503912841
Q130320401	6000000001169204330
Q130320407	6000000003645908755
Q130320412	6000000003645672881
Q130320413	6000000009305082875
Q130320417	6000000003645672860
Q130320499	6000000017962925474
Q130320501	6000000000316575776
Q130320522	6000000007950874260
Q130320537	6000000007950928724
Q130320538	6000000007951111266
Q130320539	6000000007951083277
Q130320540	6000000005036255656
Q130320541	6000000007950992568
Q130320548	6000000056732101828
Q130320551	6000000008307981828
Q130320877	6000000001356967076
Q13032092	6000000016682313016
Q130320954	6000000205811092456
Q130321099	6000000075652983848
Q130321353	6000000018069686537
Q130321572	6000000008537431656
Q130322581	6000000033769438865
Q130322641	6000000018069677513
Q130323031	6000000013321378285
Q130323032	6000000013321399284
Q130323034	6000000013321267913
Q130323211	6000000018948832233
Q130323224	6000000018948131636
Q130323311	6000000019775490034
Q130323315	6000000019864398650
Q130323453	6000000200493250278
Q130323460	6000000200472353285
Q130323465	6000000018069474830
Q130323469	6000000018069204778
Q130323474	6000000200472353264
Q130323491	6000000018069315887
Q130323504	6000000018667861485
Q13032415	6000000041191681823
Q13032415	6000000042841491337
Q130324192	6000000066873242829
Q130324193	4642303
Q130324278	6000000001126425704
Q130324279	6000000000441536673
Q130324280	6000000001126395660
Q13032429	6000000011157271698
Q130324291	6000000041071473003
Q130324292	383309559830006575
Q130324293	4952134075180077527
Q130324294	5195773008780134323
Q130324297	6000000007602243478
Q130324500	6000000067879669827
Q130324635	6000000019775118292
Q13032479	6000000010762386010
Q13032479	6000000148754536351
Q130324848	6000000176056104844
Q13032491	6000000222403051831
Q130325075	6000000018069738222
Q130325131	6000000018069612909
Q130325151	6000000015924065626
Q13032545	6000000085035694979
Q130325486	6000000211020158821
Q130325547	6000000013806794964
Q130325578	6000000019483815027
Q130325598	6000000022322145944
Q130325599	6000000013791408441
Q130325747	6000000173378651885
Q130326354	6000000220315172836
Q130326390	6000000114770719979
Q130326456	6000000009136337869
Q13032670	6000000024987610795
Q130326826	6000000009134573944
Q130326914	6000000009134781825
Q130327	6000000017196301464
Q130327058	6000000009134246113
Q130327896	6000000013808055251
Q13032797	6000000039673139435
Q130328086	6000000019644014087
Q13032849	6000000039633014620
Q130328606	6000000019643923470
Q130328791	6000000013807795694
Q130330544	6000000052982485097
Q130331385	6000000053031401475
Q130331710	6000000172122381844
Q130331990	6000000052617913968
Q130332228	6000000144782791845
Q130332273	6000000144782791876
Q13033251	6000000011635468628
Q130332648	6000000017200758431
Q130332649	6000000008473703709
Q130332650	6000000003302013871
Q130332656	6000000017200585574
Q130332660	6000000014471397074
Q130332669	6000000144782791864
Q130332672	6000000186269234875
Q130332673	6000000186264481997
Q130332674	6000000035950765960
Q130332689	6000000021754359964
Q130332690	6000000021754303243
Q130332692	6000000005394405345
Q130332694	6000000005402417669
Q130333114	6000000016940347653
Q130333819	6000000017409288324
Q130333859	6000000017408676447
Q130333870	6000000022665172854
Q130333871	6000000022665170872
Q130333872	6000000022663996351
Q130333876	6000000017410852088
Q130333878	6000000022616906767
Q130333879	6000000025465853917
Q130333885	6000000025460949603
Q130333886	6000000025461419438
Q130333887	6000000063251467823
Q130333896	6000000019062764208
Q130333897	6000000006455573127
Q130333898	6000000019062985109
Q130334310	6000000077778479983
Q130334312	6000000026247666223
Q130334553	6000000033009552858
Q130334566	6000000022812273598
Q13033459	6000000014058423575
Q13033464	6000000087363117946
Q13033468	6000000014273925945
Q130334782	6000000019042439902
Q130334783	6000000018781339017
Q130334806	6000000019042841185
Q130334839	6000000022664350264
Q130335161	6000000018178084751
Q13033527	6000000184576096885
Q130335368	6000000164075560888
Q13033541	6000000013931453250
Q13033544	6000000015388475473
Q13033545	6000000014560141402
Q130335532	6000000032824355094
Q13033575	6000000044440182943
Q13033580	6000000209240449878
Q13033585	6000000015150748070
Q13033589	6000000016957651171
Q13033589	6000000085422027945
Q13033590	6000000043151146530
Q13033591	6000000084883039421
Q130336095	6000000016629078107
Q130336110	6000000015498766821
Q130336111	6000000051444758926
Q130336167	6000000029997681756
Q13033628	6000000028646687051
Q130336731	6000000024007338317
Q130336732	6000000015445630197
Q130336733	6000000015445491367
Q130336737	6000000008726998010
Q130336969	6000000016786828380
Q130336996	6000000153201775878
Q130337460	6000000015762111475
Q130337470	6000000015762109409
Q130337471	6000000015815517435
Q130337478	6000000016787224391
Q130337498	6000000022277980570
Q130337499	6000000022278130954
Q130337503	6000000022278116139
Q130337508	6000000040798037334
Q130337511	6000000010372573069
Q130337514	6000000010372272725
Q130337555	6000000008946659894
Q130337651	6000000077251726045
Q130337698	6000000077250772567
Q130337852	6000000017803645149
Q130337873	6000000208799150878
Q130338320	6000000082935784822
Q130338321	6000000082933112783
Q130339297	6000000000796830109
Q130339301	6000000006438953159
Q130339596	6000000209450259826
Q130339698	6000000002497430125
Q130339712	6000000006294507103
Q130339763	6000000020329922486
Q130339764	6000000020330413901
Q130339786	6000000051602403919
Q130340045	6000000191802169851
Q130340047	6000000191802461828
Q130340048	6000000029877702750
Q130340183	6000000191801608918
Q130340192	6000000191802410841
Q130340193	6000000191802199853
Q130340570	6000000016382148895
Q130340572	6000000003216083021
Q130340578	6000000003216083818
Q130340580	6000000213242830860
Q130340951	6000000001180197422
Q130341374	6000000001180262606
Q130341376	6000000006330049507
Q130341424	6000000006733857946
Q130341427	6000000004104760312
Q130341435	6000000201058904837
Q130341443	6000000015699504594
Q130341550	6000000006946090942
Q130341554	6000000015651409525
Q130341596	6000000015650747971
Q130341607	6000000015651304102
Q130341616	6000000001093046145
Q130341635	6000000001085175523
Q130341641	6000000015651308702
Q130341733	6000000000083719662
Q130341734	6000000000083482980
Q130342223	6000000001584457053
Q13034273	6000000017790519432
Q13034279	6000000004079679945
Q130343494	6000000173095923099
Q130343511	6000000077118332230
Q130343578	6000000064821586867
Q130343657	6000000035760404498
Q130343680	6000000091914333822
Q130343681	6000000091941060821
Q130343682	6000000091940706821
Q130343694	6000000006330049524
Q130343697	6000000006330053072
Q130343725	6000000007178223527
Q130344219	6000000015435224574
Q130344230	6000000012644786423
Q130344574	6000000075653149821
Q130345	6000000012414203040
Q130345238	6000000003109561031
Q130345239	6000000001812854006
Q130345421	6000000018513962987
Q130348215	6000000108865694842
Q130348258	6000000005020907135
Q130348259	6000000016787056631
Q130348261	6000000003771217887
Q130348265	6000000003771032187
Q130348275	6000000004155757647
Q130348332	6000000011770576580
Q130348341	6000000014058271502
Q13034939	6000000014532173074
Q130349464	6000000014023031954
Q130349493	6000000153201488845
Q130349571	6000000016786920777
Q130349767	6000000010121636173
Q13035040	6000000008117931369
Q13035073	6000000021578684308
Q130350969	6000000000980290412
Q130350969	6000000017614705460
Q130353550	6000000084648190012
Q130354182	6000000008379534904
Q130354184	6000000008379533191
Q13035427	6000000017191011351
Q130354612	6000000029577083447
Q130354615	6000000029577287877
Q130354622	6000000034009457011
Q130354661	6000000077454156199
Q130355097	6000000012975905988
Q130355591	6000000034361462096
Q130355689	6000000012742894853
Q130355987	6000000010278121323
Q130355988	6000000010277541603
Q130356003	6000000005022792914
Q130356004	6000000005023024495
Q130356008	6000000005023169266
Q130356009	6000000005022937943
Q130356027	6000000018715350787
Q130356029	6000000018715756359
Q130356030	6000000030730697268
Q130356031	6000000005023294027
Q130356032	6000000003113374101
Q130356034	6000000003113333404
Q130356042	6000000003196811754
Q130356046	6000000197625632869
Q130356320	6000000015651291111
Q130356342	6000000001092923739
Q130356433	5255637265850029649
Q130356468	6000000177473826880
Q13035764	6000000023771267269
Q1303579	6000000023253174486
Q130358194	6000000015545874965
Q130358195	6000000015545637909
Q130358267	6000000008248491701
Q130358268	6000000003505683801
Q130358271	6000000002811413736
Q130358272	6000000002106335945
Q130358273	6000000007281345551
Q130358496	6000000012152604415
Q130358859	6000000011811016158
Q130358861	6000000039891724355
Q130358865	6000000184818587833
Q130359542	6000000004388944466
Q130359655	6000000004969805043
Q130359697	6000000018481403187
Q130359744	6000000039971672073
Q13035993	6000000035539777146
Q130359939	6000000060822665821
Q130360056	6000000006249859314
Q130360063	6000000010657406571
Q130360064	6000000010657323639
Q130360065	6000000010656710190
Q130360067	6000000010657436389
Q130360072	6000000010656928989
Q130360074	6000000008560456298
Q130360077	6000000010656742086
Q130360094	6000000008560438520
Q130360144	6000000006250014191
Q130360215	6000000008560428358
Q130360572	6000000172250694993
Q130360606	6000000176990631866
Q130360613	6000000003114675457
Q130360622	6000000003193718280
Q130360637	6000000003108664935
Q130360641	6000000003152384443
Q130360648	6000000149540928938
Q130360650	6000000005035602063
Q130360654	6000000002364626686
Q130360681	6000000002364818292
Q130360874	6000000014877579231
Q130360899	6000000014266032486
Q130360918	6000000014877597763
Q130360977	6000000206560284846
Q130360978	6000000014714747213
Q130361002	6000000039892138062
Q130361003	6000000039891757514
Q130361052	6000000042058715163
Q130361056	6000000039891757509
Q130361065	6000000042057481099
Q130361075	6000000042078137139
Q130361146	6000000131990849529
Q1303615	6000000017072154875
Q130362720	6000000030914381267
Q130362798	6000000010954705954
Q130362897	6000000013982722419
Q130362898	6000000062737641189
Q130362899	6000000018765712176
Q130362972	6000000074989643842
Q130362988	6000000039224685744
Q130363438	6000000018120235253
Q130363443	6000000013147986276
Q130363536	6000000024821850204
Q130363539	6000000003306052638
Q130363634	6000000009561927358
Q130363701	6000000046860800020
Q130363711	6000000003275889711
Q130364083	6000000018097626888
Q130364290	6000000016215862782
Q130364293	6000000015491565724
Q130364402	6000000013321807470
Q130364402	6000000184735972821
Q13036468	6000000048484642873
Q13036476	6000000048484376099
Q130364832	6000000209338684826
Q130364840	6000000024789257205
Q130364840	6000000184735927821
Q130365021	6000000038608775044
Q130365024	6000000038608341320
Q130365025	6000000038608238343
Q130365029	6000000038608380205
Q130365032	6000000005800641115
Q130365035	6000000038609004368
Q130365037	6000000012772710566
Q130365039	6000000012772779316
Q130365040	6000000001529200340
Q130365044	6000000005800852022
Q130365060	6000000002315247480
Q130365064	6000000087119013473
Q130365066	6000000087120471830
Q130365068	6000000010859494851
Q130365070	6000000087120951867
Q130365072	6000000003118879313
Q130365073	6000000003118879442
Q130365076	6000000003076820568
Q130365079	6000000006738528646
Q130365124	6000000038441804197
Q130365275	6000000012224284929
Q130365280	6000000009426158267
Q130365704	6000000013838154911
Q130365847	6000000057698948834
Q130365915	6000000209347369851
Q130365920	6000000077372000048
Q130365924	6000000053308146025
Q130366038	6000000009276875577
Q130366399	3774973
Q130367680	6000000005441387357
Q130368441	6000000003075171378
Q130368537	6000000001035210263
Q130368538	6000000002775852667
Q130368542	6000000002767427035
Q130368587	6000000002362459065
Q130368655	6000000014710801963
Q130368657	6000000014711285092
Q130368913	6000000020241400584
Q130369145	6000000004853186986
Q130369505	6000000018408224070
Q1303706	6000000150787487857
Q130371241	6000000154802893823
Q130371305	6000000154785083822
Q130371562	6000000057697996076
Q130371833	6000000090931867836
Q130371839	6000000090936593827
Q130372553	6000000017988463316
Q130372656	6000000206421484821
Q130373612	6000000082460963045
Q130373647	6000000209716212861
Q130373689	6000000082460908037
Q130373824	6000000006624306001
Q130374296	6000000011232046773
Q130374343	6000000019058330387
Q130374354	6000000003756686736
Q130374356	6000000004079820808
Q130374357	6000000023936219898
Q130374358	6000000023936687779
Q130374362	6000000023936219905
Q130374363	6000000007498520629
Q130374364	6000000004079820814
Q130374365	6000000012883748927
Q130374375	6000000016395697852
Q130374486	6000000122087637837
Q130374499	6000000122086390929
Q130374524	6000000208537208826
Q1303746	6000000023477322840
Q130374654	5252904940650106135
Q130375355	6000000017188555208
Q130375909	6000000029032516155
Q130375912	6000000076793421126
Q130375922	6000000124128376905
Q130375967	6000000076793557368
Q130376056	6000000029020069843
Q130376190	6000000003923106783
Q130376714	6000000067341087855
Q130376763	6000000040779191038
Q130376779	6000000043683537854
Q130376785	6000000043683537848
Q130376819	6000000016663673599
Q130376882	6000000010442662622
Q130376919	6000000009975359836
Q130377515	6000000078089999945
Q130378668	6000000015698037739
Q130378691	6000000126672299248
Q130378705	6000000010330711661
Q130378748	6000000091334611866
Q130379465	6000000025860334488
Q130379643	6000000041172935310
Q130379718	6000000018181909271
Q130379722	6000000014925504237
Q130379725	6000000015877125986
Q130379741	6000000061251831843
Q130379961	6000000016054617716
Q130380460	6000000003559776656
Q130380462	6000000116865346830
Q130380464	6000000023768706331
Q130380704	6000000000038903114
Q130380719	6000000202300294822
Q130382599	6000000008762176265
Q130382978	6000000050957684022
Q130383100	6000000006770002185
Q130383101	6000000006769866524
Q130383478	6000000010040158587
Q130383580	6000000010039517874
Q130383637	6000000006769712692
Q130383689	6000000010039756160
Q130383745	6000000010038956037
Q1303842	6000000013461826333
Q130384256	6000000034720274947
Q130384277	6000000034720158893
Q130384280	6000000016734031127
Q130384285	6000000003939846297
Q130384343	6000000012030392586
Q130384472	6000000019337517322
Q130384484	6000000019337799353
Q130384487	6000000019337420880
Q130384489	6000000019337212724
Q130384530	6000000019524284355
Q130384601	6000000010944817860
Q130384606	6000000015855362025
Q130384684	6000000015855126678
Q130384707	6000000010535467136
Q130386120	6000000044364201846
Q130386939	341057859140010721
Q130387	6000000019104932549
Q130387152	6000000021623879565
Q130387448	6000000079835112885
Q130387535	6000000008355097589
Q130387591	6000000013025543774
Q130387673	6000000019642430570
Q130387736	6000000021623991332
Q130387737	6000000019615873011
Q130387744	6000000006710584020
Q130387755	6000000006710084254
Q130387771	6000000007322126655
Q130387841	6000000008355132375
Q130387915	6000000008765068173
Q130388173	6000000011642630796
Q130388268	6000000011708610452
Q130388395	6000000036414898855
Q130388501	6000000024942485916
Q130389200	6000000066109992951
Q130389398	6000000197624249751
Q130390125	6000000034492543367
Q130390573	6000000026130613227
Q130391125	4913715144540073987
Q130391181	6000000056081118841
Q130391254	6000000032534318622
Q130391401	6000000209510491840
Q130391619	6000000120394246857
Q130392	6000000040049335897
Q1303923	6000000008269699466
Q130392516	6000000016240447451
Q130394123	6000000024102243461
Q130394384	6000000090933597831
Q130394384	6000000206988407828
Q130394436	6000000046285892883
Q130394438	6000000206965422856
Q130394439	6000000206957347824
Q130394440	6000000206956495837
Q130394752	6000000046285839964
Q130394770	6000000207020211850
Q130394784	6000000207020575821
Q130394881	6000000010336594266
Q130394904	6000000046285673830
Q130394906	6000000206464016879
Q130394964	6000000046285443155
Q130394965	6000000046285716016
Q130394966	6000000046285500232
Q130394967	6000000046285154412
Q130394977	6000000046285359043
Q130394978	6000000016457689530
Q130394978	6000000046285440102
Q130395076	6000000046285796936
Q130395177	6000000165960008933
Q130395181	6000000024814287921
Q130395364	6000000016486564943
Q130395471	6000000046285041583
Q130395509	6000000046285412159
Q130395510	6000000046285238359
Q130395674	6000000046285571023
Q130396201	6000000033324169276
Q130396535	6000000029278083247
Q130397026	6000000058878796836
Q130397109	6000000017807160030
Q130397299	6000000040904909135
Q130397846	6000000075081988850
Q130400	6000000172330154931
Q130401097	6000000008702013687
Q130401102	6000000008702175655
Q130401119	6000000008702762499
Q130401121	6000000114883150823
Q130402378	6000000010330875311
Q130403644	6000000010269952145
Q130403846	6000000086464983952
Q130403993	6000000016749502194
Q130404305	6000000087366802951
Q1304045	6000000016526886876
Q1304048	6000000005441211112
Q130405487	6000000007681990796
Q130405991	6000000025513109377
Q130406128	6000000035974595158
Q1304066	6000000050509083993
Q1304079	6000000007076690036
Q130407907	6000000130412186081
Q130408	4208879
Q1304084	6000000036051944471
Q1304089	6000000069561077876
Q1304102	6000000041944751683
Q130410260	6000000026364489847
Q130412001	6000000184057416870
Q1304124	6000000008606644961
Q130413	6000000002101366128
Q130415638	6000000001719886206
Q130415948	6000000024824150492
Q130415948	6000000184824602852
Q130415951	6000000024824438143
Q130415952	6000000024824503048
Q130415953	6000000024824300128
Q130415954	6000000177988214827
Q130416266	6000000024947778864
Q130416267	6000000024947520646
Q130416285	6000000024825751864
Q130416355	6000000002878582743
Q130416358	6000000014661687284
Q130416617	6000000145455260821
Q130416713	6000000022875535994
Q130416727	6000000014661494389
Q130416730	6000000014661641229
Q130416733	6000000022875370773
Q130417	6000000033798919116
Q130417403	6000000086471065914
Q130417404	6000000086471136903
Q130417667	6000000038367211616
Q130418306	6000000086473100853
Q130418307	6000000086473830885
Q1304191	6000000041932855029
Q130419148	6000000134682548907
Q1304204	6000000002765685542
Q130420726	6000000017124648345
Q130421593	6000000002543097185
Q1304232	6000000039803153821
Q130424959	6000000001068541236
Q130425364	6000000010591364158
Q1304255	6000000013030066180
Q130425537	6000000005575697309
Q130425612	6000000018308500016
Q130425624	6000000085256110828
Q130425681	6000000026063463655
Q130425706	6000000026063710599
Q130427416	6000000024118878563
Q130427534	6000000017018281103
Q130427630	6000000011077064046
Q130427680	6000000021710365505
Q130435694	6000000023727041857
Q130435938	6000000035961155328
Q130435946	6000000024807745611
Q130436003	6000000032588561070
Q130436059	6000000032588654826
Q130436182	6000000040768587845
Q130436196	6000000007097710963
Q130436204	6000000007097403012
Q130436281	6000000006146184090
Q1304365	6000000177912418848
Q130436522	6000000085678807988
Q130436988	6000000020172419911
Q130437232	6000000020203271946
Q130437439	6000000008343106586
Q130442135	6000000022419801105
Q130442357	6000000009755144248
Q130443184	6000000014277859903
Q1304433	6000000016180761779
Q130443523	6000000210920638829
Q130444056	6000000008227281557
Q130445517	6000000042969877311
Q130446899	6000000042970004271
Q130446899	6000000206560316865
Q130447	6000000008530112190
Q130447000	6000000042969804188
Q130448010	6000000009550502248
Q1304482	6000000060901200825
Q130453710	6000000197409642847
Q130456689	6000000038368258935
Q130456691	6000000086425315016
Q130456765	6000000016585369006
Q130456793	6000000038367756308
Q130456793	6000000046208684692
Q130456794	6000000038367633259
Q130456794	6000000046209070104
Q130457036	6000000004106674471
Q130457036	6000000086474168978
Q130457039	6000000038367759675
Q130457039	6000000210468834822
Q130457225	6000000024758131930
Q130457231	6000000038368134441
Q130457231	6000000086472259872
Q130457232	6000000086473411127
Q130457234	6000000038367658804
Q130457432	6000000029433252686
Q130457474	6000000010532999127
Q130457773	6000000046015950494
Q130458056	6000000012213287378
Q130458411	6000000072729743869
Q130461685	6000000027688304183
Q130462044	6000000011270435971
Q130462609	6000000086178598057
Q130464315	6000000069303803043
Q130464801	6000000007097779991
Q130465446	6000000025374782363
Q130465664	6000000079624953444
Q130465824	6000000025498585979
Q130465941	6000000025753107184
Q130466079	6000000025752985709
Q130466083	6000000022195443623
Q130466124	6000000087366813949
Q130466186	6000000048188718141
Q130466319	6000000046252161933
Q130466399	6000000004335797229
Q130466467	6000000036772680113
Q130466537	6000000218032531853
Q130466538	6000000115285541887
Q130466651	6000000082545880286
Q130466768	6000000009394330090
Q130467870	6000000016230971326
Q130468035	6000000015152137983
Q130468609	6000000192728316896
Q130468776	6000000011553210757
Q130468804	6000000011554414815
Q130468949	6000000209714501822
Q130469262	6000000209715605845
Q130470057	6000000012440043432
Q130470205	6000000107040556948
Q130470964	6000000042272572971
Q130471343	6000000041337596902
Q130471358	6000000016514907217
Q130472303	6000000033691046881
Q130472615	6000000001294625227
Q130473150	6000000184415071821
Q130473521	6000000182711406832
Q130474814	6000000013765853798
Q1304754	6000000012567958255
Q130476043	6000000007186908432
Q130476095	6000000014913380965
Q130476103	6000000014913647923
Q130476105	6000000014913583513
Q130476107	6000000027879160926
Q130478446	6000000054874787895
Q130478446	6000000217495172821
Q130478664	6000000057036256821
Q130478664	6000000217496058822
Q130478683	6000000011102943869
Q130478697	6000000130502779822
Q130478795	6000000087667922840
Q130478807	6000000036601998946
Q130478912	6000000054872423924
Q130478914	6000000053792351423
Q130479029	6000000171702493473
Q130479337	6000000027130264210
Q130479366	6000000030549000206
Q1304797	6000000048295066145
Q130479764	6000000005724786611
Q130480092	6000000079462476952
Q130481234	6000000115064089858
Q130481455	5588904954780085638
Q130481667	3995319
Q130481715	6000000000136901107
Q130481774	3883234
Q130481796	6000000092290242852
Q130481797	3995707
Q1304824	6000000079281894826
Q1304832	6000000016332327662
Q13048326	6000000015967763379
Q130483280	6000000002859139355
Q130483484	6000000001588882160
Q130484090	6000000033243868688
Q130484159	6000000003018496053
Q130484336	6000000046281092331
Q130484415	6000000046281250133
Q130484523	6000000014692399834
Q130485098	6000000033243968776
Q130485123	6000000016457530714
Q130485123	6000000029497030162
Q130485371	6000000007335966284
Q130485481	6000000033254262871
Q130485753	6000000033262187833
Q130485947	6000000033254392237
Q130485990	6000000046253429987
Q130485992	6000000046253444021
Q130485994	6000000033261853117
Q130485997	6000000033254651927
Q130485999	6000000033254638988
Q130485999	6000000046253501971
Q130486129	6000000046281359893
Q130486245	6000000046281159005
Q130486247	6000000046281308854
Q130486248	6000000046280895199
Q130486250	6000000046281368821
Q130486474	6000000033254539989
Q130486479	6000000033254517164
Q130486585	6000000028998833117
Q13048689	6000000015967510809
Q130488966	6000000072333947007
Q130491918	6000000053642633373
Q130491941	6000000053618393213
Q13049240	6000000013163534341
Q130493177	6000000017351666158
Q130493680	6000000016245651405
Q130493807	6000000022333207182
Q130493856	6000000022333100287
Q130493875	6000000022332970783
Q130493946	6000000071720485412
Q130494259	6000000020880195175
Q1304952	6000000093312235847
Q1304972	6000000017104551512
Q130498052	6000000053618957892
Q130498579	6000000074283841992
Q130499559	6000000025606485304
Q130499695	6000000025606523805
Q130506079	6000000022939828909
Q130506949	6000000008009982383
Q130514473	6000000008870463152
Q130514516	6000000006590654139
Q130515917	6000000006851983342
Q130516184	6000000013457015686
Q130516301	6000000077609820867
Q130516950	6000000025581885992
Q130518140	6000000041471662412
Q130518233	6000000133416965855
Q130518426	6000000018834751375
Q130518443	6000000034405022125
Q130518527	6000000209224529829
Q130519	6000000018525841161
Q130519291	6000000043508685510
Q130519489	6000000027211977592
Q130519958	6000000039846941337
Q130520166	6000000039847982085
Q130521789	6000000082252808980
Q130523696	6000000006851272882
Q130524209	6000000008517617681
Q130524410	2757165
Q1305247	6000000028180866426
Q130524777	6000000009036068586
Q130525067	6000000052517667112
Q130525280	6000000019277171185
Q130526059	6000000209860269874
Q130526172	6000000058117592835
Q1305263	6000000012463127524
Q130526439	6000000011545632668
Q130526486	6000000018208777117
Q130526530	6000000007352142881
Q130526556	6000000019994659452
Q130526683	6000000072202490075
Q130527446	6000000112536167836
Q130527625	6000000062101296992
Q130527641	6000000062013326140
Q130529630	6000000002817970484
Q130530498	6000000013837470170
Q130530701	6000000014777448163
Q130530705	6000000016457830374
Q130530741	6000000026037585901
Q130530752	6000000022332079468
Q130530839	6000000019045411907
Q130530859	6000000019046266404
Q130531470	6000000173286290822
Q130532370	6000000016114910144
Q130532528	6000000014925671790
Q130533319	6000000010657808136
Q130534379	6000000023388140183
Q1305347	6000000151345852933
Q130535139	6000000014878542329
Q130535171	6000000206315718821
Q130535173	6000000206315361864
Q130535181	6000000206316496822
Q130535182	6000000206317904835
Q130535230	6000000014824411772
Q130535233	6000000016457644686
Q130535791	6000000016457784569
Q130537040	6000000024268695535
Q130537567	6000000029303181091
Q13053757	6000000017356520567
Q130538119	6000000197122557828
Q130538252	6000000007635968650
Q1305398	6000000004096259889
Q130540423	6000000026191778420
Q130540482	6000000019930700226
Q130541312	6000000193660229891
Q130541583	6000000039889265244
Q130541584	6000000039888812230
Q130541618	6000000014947504521
Q130541733	6000000039436735870
Q130541735	6000000039436202730
Q130541854	6000000021638858439
Q130542111	6000000133417789059
Q130542119	6000000133418324849
Q130542679	6000000021288488086
Q130542682	6000000021288506946
Q130543078	6000000189379472847
Q130543084	6000000041502220051
Q130543086	6000000189379715821
Q130543089	6000000014981751620
Q130543385	6000000039893106457
Q130543386	6000000039893060631
Q130543625	6000000035285565151
Q130543675	6000000029550075917
Q130543719	6000000011000125945
Q130544054	6000000029550057167
Q130544300	6000000174971786926
Q130544376	6000000008913590949
Q130544519	6000000173655705337
Q130544528	6000000029321308041
Q130545198	6000000028909195943
Q130545513	4381442506790055798
Q130546816	6000000144837288854
Q130547214	6000000039893500163
Q130547415	6000000039893500137
Q130547479	6000000021331401513
Q130547479	6000000039893500158
Q130547479	6000000053550002918
Q130547510	6000000039893500153
Q130547549	6000000039893500143
Q13054796	6000000012083004894
Q130548	6000000051301170888
Q130548055	6000000080985410364
Q130548106	6000000041479083449
Q130548161	6000000039891756802
Q130548162	6000000039893003129
Q130548287	6000000039892291958
Q130548288	6000000048123779929
Q130548289	6000000048123863877
Q130548496	6000000048123800969
Q130548697	6000000014685828496
Q130548787	6000000039892291964
Q130549055	6000000210077067853
Q130549884	6000000077369748607
Q130549909	6000000004593705263
Q130549963	6000000047240001477
Q130549976	6000000183033960914
Q130550399	6000000031680369216
Q13055043	6000000004366922581
Q130550908	6000000008540888870
Q130551123	6000000014818512971
Q130551967	6000000039888987953
Q130552067	6000000039892980319
Q130552068	6000000039893241974
Q130552087	6000000039892980329
Q130552089	6000000039892980324
Q130552092	6000000039892980334
Q130552094	6000000039893241979
Q130552217	6000000039894506833
Q130552219	6000000039894506838
Q130552312	6000000041177901060
Q130552387	6000000004097311562
Q130552472	6000000016552646426
Q130552540	6000000048123886978
Q1305526	6000000075795103092
Q130552675	6000000018647889383
Q130552836	6000000010336862284
Q130552912	6000000048124572947
Q130552915	6000000013102737819
Q130552957	6000000023978544462
Q130553114	6000000023978598467
Q130553172	6000000017853928682
Q130553180	6000000048123931952
Q130553183	6000000048123966957
Q130553189	6000000030161573886
Q130553715	6000000041479088280
Q130553777	6000000018647679331
Q130553981	6000000043110761861
Q1305542	6000000029562443681
Q130554913	6000000007426514098
Q1305570	6000000006828522566
Q130557611	6000000057911805827
Q130558059	6000000013494091468
Q130558161	4491311244670120367
Q130558213	6000000055699649000
Q130560882	6000000013583221476
Q130563637	6000000014960633819
Q130563875	6000000130754821831
Q130564091	6000000015153126937
Q130564091	6000000019777504038
Q130564565	6000000015153420543
Q130564570	6000000015582398341
Q130565113	6000000014882664930
Q130565113	6000000027126521954
Q130565120	6000000014883238977
Q130565674	6000000010543744201
Q130565907	6000000111433344834
Q130565913	6000000141162965829
Q130566927	6000000014883009479
Q130567328	6000000174710680886
Q130569536	6000000085592491828
Q130569575	6000000032519381918
Q130569622	6000000013168009719
Q130569676	6000000015354326708
Q130569676	6000000040811680510
Q130569743	6000000015354188879
Q130569743	6000000040812077198
Q130570161	6000000080108243928
Q130570161	6000000105269482894
Q130570309	6000000005165325001
Q130570684	6000000013057699368
Q130570728	6000000037325435037
Q130570828	6000000020830187596
Q130570875	6000000009723580633
Q130572489	6000000003943016635
Q130572519	6000000162348237827
Q130572957	6000000012717686484
Q130573060	6000000010053184613
Q130573313	6000000013743197344
Q130573350	6000000008425647265
Q130573421	6000000008403190876
Q130573422	6000000002659223985
Q130573422	6000000033770497114
Q130574365	6000000016479982150
Q130574434	6000000030883378944
Q130574434	6000000030883386969
Q130575171	6000000016477085089
Q130576026	6000000027125666164
Q130576116	6000000017494549089
Q130576500	6000000027126071902
Q130577739	6000000021913045915
Q130578144	6000000013616906513
Q130581104	6000000040105772923
Q130581424	6000000016430441282
Q130582238	6000000016422992297
Q130583144	6000000080986140870
Q1305832	6000000031365882597
Q130583208	6000000014946903707
Q1305835	6000000041827578146
Q130583897	6000000024756943837
Q130585363	6000000013168949459
Q1305855	6000000029305019217
Q130586	4137986493320052463
Q1305873	6000000077143840923
Q130589250	6000000015594488189
Q1305901	6000000003205700932
Q1305908	4534072958990039827
Q130591271	6000000040023573813
Q1305914	6000000004191582947
Q1305920	6000000012449604162
Q1305923	6000000008111075722
Q1305925	6000000017482899266
Q1305929	6000000011502425104
Q1305934	6000000074710604857
Q1305940	6000000014825276574
Q130595389	6000000003221236635
Q130595679	6000000003185387263
Q130596563	6000000006801012121
Q130596575	6000000006801119010
Q130596577	6000000054194106828
Q130596581	6000000006776271928
Q130596583	6000000006799186796
Q1305967	6000000002169684314
Q130596877	6000000006801121025
Q130597694	6000000010592349289
Q130598551	6000000001826115715
Q130599356	6000000084624638127
Q130601	6000000017547922757
Q130601001	6000000039889288030
Q130601002	6000000039894862961
Q130601121	6000000039888765046
Q130601145	6000000052257150821
Q130601580	6000000018948065135
Q130601670	6000000016513065507
Q130601736	6000000012976488809
Q130601821	6000000017986445526
Q130602614	6000000078843871057
Q130602615	6000000078843594187
Q130602671	6000000018948288102
Q130602910	6000000000607332115
Q130602934	6000000078859442885
Q130602935	6000000078859488888
Q130602962	6000000025645501303
Q130603079	6000000025645959234
Q130603467	6000000007939022501
Q1306040	6000000008914000379
Q130604080	6000000178511446822
Q130604370	6000000010009578825
Q130604413	6000000010541292507
Q130604548	6000000010541379353
Q130605307	6000000016071637129
Q130606279	6000000078959420966
Q130607921	6000000004047512052
Q130607921	6000000174196683129
Q130608958	6000000017046468806
Q130609502	6000000173314978317
Q130609538	6000000010366254186
Q130609864	6000000010929348022
Q130611777	6000000022671668162
Q130611777	6000000041177786350
Q130611792	6000000019890563149
Q130611792	6000000022671644025
Q130611792	6000000174720156358
Q130611802	6000000041943910575
Q130612501	6000000104763833835
Q130612504	6000000055006976022
Q130612742	6000000014265687448
Q130613130	6000000015796668823
Q130613157	6000000089112095890
Q130613302	6000000038380560693
Q130613308	6000000015123880392
Q130613344	6000000089112044857
Q130613842	6000000006101401601
Q130613888	6000000074684850995
Q130613961	6000000210184398837
Q130614141	6000000003076870441
Q130614183	6000000001132615623
Q130614196	6000000010858254495
Q130614420	6000000059077339850
Q130615700	6000000000870357275
Q1306158	6000000220599538921
Q130615801	6000000036339206631
Q130615840	6000000014113110739
Q130615890	6000000028635865285
Q130616376	6000000177537281861
Q130616564	6000000011036153114
Q130616654	6000000043660397106
Q130616722	6000000018394256111
Q130616793	6000000003041026611
Q130616823	6000000011578476039
Q130616843	6000000011983788665
Q130617018	6000000017852764897
Q130617458	6000000043660167828
Q130617458	6000000053550091944
Q130617535	6000000016325727313
Q130617667	6000000013734946443
Q130618013	6000000053597203840
Q130618013	6000000086650479841
Q130618016	6000000086647394984
Q130618281	6000000016414321971
Q130619369	6000000053597174906
Q130619556	6000000007360166120
Q130619559	6000000024947681786
Q130619559	6000000052256693938
Q130619561	6000000024947495525
Q130619564	6000000024947505492
Q130619564	6000000053593349251
Q130619582	6000000016373330521
Q130624256	6000000019630963794
Q130624823	6000000059317274821
Q130624872	6000000023982324020
Q130626653	6000000059366660217
Q130631	6000000066452984966
Q1306313	6000000163574759822
Q130632279	6000000043660139517
Q130632359	6000000043660151057
Q130632360	6000000001407870042
Q130632653	6000000016600967407
Q130632854	6000000215231210821
Q130632865	6000000096269210847
Q130632979	6000000004103542329
Q130633027	6000000016801608680
Q130633108	6000000040081481962
Q130633110	6000000040081380148
Q130633264	6000000104794445080
Q130633310	6000000111115366906
Q130633882	6000000020359405347
Q130633884	6000000009119559345
Q130633886	6000000009119695204
Q130633889	6000000003275673908
Q130633890	6000000022534078186
Q130633892	6000000002799049515
Q130633906	6000000022534444260
Q130633909	6000000003275677985
Q130633910	6000000003746993187
Q130633981	6000000079330584843
Q130633989	6000000020359703752
Q130633991	6000000079330590852
Q130633996	6000000079330537870
Q130634074	323226016760004275
Q130634085	323230283770002580
Q130634107	6000000079329312357
Q130634110	6000000015717954260
Q130634110	6000000079330486929
Q130634122	6000000015717555432
Q130634122	6000000079330098130
Q130634137	6000000007386028717
Q130634138	6000000003937787346
Q130634141	6000000002518239407
Q130634157	6000000001562945710
Q130634163	6000000001579300681
Q130634188	6000000025358469722
Q130634480	6000000000499451621
Q130634786	6000000015592002306
Q130634787	6000000056964304848
Q130634844	6000000005244155012
Q130634857	6000000008686886799
Q130634858	6000000008686912709
Q1306352	6000000014540416326
Q130637776	6000000015243996551
Q130638132	6000000015244098995
Q1306382	6000000035781527325
Q130638288	6000000015243004507
Q130638593	6000000016485868655
Q130638611	6000000113753196221
Q130638629	6000000178511657822
Q130638688	6000000034002650687
Q130638840	6000000018458795770
Q130638874	6000000038287726028
Q130638880	6000000032743385188
Q130640519	6000000001399868983
Q130640641	6000000010341848437
Q1306411	6000000023190536380
Q130641662	6000000206273491822
Q130641694	6000000001481093529
Q130642331	6000000087814624959
Q130642512	6000000003917884770
Q130642752	6000000018155731228
Q130642760	6000000018155693892
Q130642781	6000000029038789061
Q130642789	6000000029038546276
Q130643469	6000000097785835829
Q130643475	6000000011003391142
Q130643484	6000000038578048855
Q130643516	351776494780011823
Q130643523	6000000003164333214
Q130643546	6000000003892713481
Q130643565	352153584040012928
Q130643568	352154566600013873
Q130643571	6000000077251457353
Q130643572	6000000031172375059
Q130643582	6000000041562376571
Q130643586	6000000020387944099
Q130643610	6000000006933390035
Q130643614	6000000006933121155
Q130643616	6000000000485186705
Q130643632	6000000020388016138
Q130643634	6000000020009058635
Q130643634	6000000177802189827
Q130643663	6000000006933428009
Q130643672	6000000077250892294
Q130643672	6000000141592738883
Q130643676	6000000019844284198
Q130643677	6000000044054685037
Q130643689	6000000006598467007
Q130643691	6000000006598866973
Q130643695	6000000027312132635
Q1306437	6000000013279692330
Q130643717	6000000013741900626
Q130643718	6000000013741239896
Q130643720	6000000001564819556
Q130643743	6000000006606137950
Q130643751	6000000002800639819
Q130643754	6000000002800595586
Q130643781	6000000006777852750
Q130643783	6000000011970660662
Q130643785	6000000000180766199
Q130643786	6000000000438217056
Q130643791	6000000003897339614
Q130643796	6000000000180738230
Q130643839	6000000028176800709
Q130643926	6000000012450502483
Q1306440	6000000076940771397
Q130644321	6000000071922289614
Q130644400	6000000027286083344
Q130647249	6000000140770150927
Q130647262	6000000140442169141
Q130647264	6000000140443484821
Q130647838	6000000071654460840
Q130647839	6000000002067702491
Q130647840	6000000001372320394
Q130648332	6000000082477916357
Q130648448	6000000092288930263
Q130648449	6000000000786087068
Q130648450	6000000092288957271
Q130648477	6000000037405748100
Q130648507	4484517807740022378
Q130648508	6000000007158846344
Q130648509	6000000005417954378
Q130648539	6000000019391845214
Q130649389	6000000018000892138
Q130649394	6000000017999840914
Q130649396	6000000005585016243
Q130649408	6000000000805568184
Q130649410	6000000003221090977
Q130649415	6000000001959249435
Q130649433	6000000028336127906
Q130649434	6000000000329676542
Q130649435	6000000007159155428
Q130649437	6000000000329683977
Q130649439	6000000000329683960
Q130649450	6000000004590984568
Q130650	6000000041107619064
Q130650155	6000000004591178486
Q130650158	6000000004593014862
Q130650159	387635927290007387
Q130650167	387630622530003170
Q130650171	6000000004594246764
Q130650172	6000000007993794512
Q130650173	387636050460006274
Q130650182	6000000004591137240
Q130650208	6000000007993799474
Q130650209	6000000014445618578
Q130651072	6000000019701238467
Q130651086	6000000004590516700
Q130651106	6000000036563162002
Q130651107	6000000029508969878
Q130651115	6000000195351034833
Q130651120	6000000041316352010
Q1306516	6000000048295600953
Q1306518	6000000143328872853
Q1306532	6000000010514326388
Q130653257	6000000083274511143
Q130655692	6000000017381234395
Q130656577	6000000056397305821
Q130657009	6000000056397288872
Q130658088	4053599928640045831
Q130658122	4053544356310079146
Q130658362	6000000189193422418
Q130660389	6000000021852271248
Q130660407	6000000010830227692
Q130660424	6000000010831676162
Q130660439	6000000002994122499
Q130660468	6000000004590532748
Q130660483	6000000080596346451
Q130660498	6000000007159086488
Q130660848	6000000036152787701
Q130660864	6000000036163401180
Q130660879	6000000036560932062
Q130661021	6000000001915330824
Q130661038	6000000001433381230
Q130661076	6000000198309285822
Q130661188	6000000007289774423
Q130661189	6000000007289720851
Q130661191	6000000001916063745
Q130661266	6000000001916048699
Q130661343	6000000002907899850
Q130661355	6000000002907891479
Q130661370	6000000002908425055
Q130661450	6000000002722901284
Q130662821	6000000041996482623
Q130663535	6000000016318229542
Q1306666	6000000002662308768
Q130671883	6000000028724219996
Q130672655	6000000019944275001
Q1306766	5183325294700050080
Q130677922	6000000032606199312
Q130678099	6000000015392142510
Q130678330	6000000015392251165
Q130680244	6000000030613555483
Q130680349	6000000011669228401
Q130680440	6000000010044807531
Q130680460	6000000010044692050
Q130681918	6000000024959260150
Q130681919	6000000023908035551
Q130681950	6000000039989338700
Q130681951	6000000039989409406
Q130681958	6000000032890130497
Q130681959	6000000213537426834
Q130682034	6000000037396395936
Q130682035	6000000037031897140
Q130682036	6000000037031821198
Q130682126	6000000207145391854
Q130682127	6000000019054311285
Q130682128	6000000019053440133
Q1306824	6000000001745168429
Q130682409	6000000007463905399
Q130682470	6000000019324359039
Q130682802	6000000058984692187
Q130682804	6000000058985352833
Q130683305	6000000001504366639
Q130683312	6000000023254386944
Q130683458	6000000083565991302
Q130683471	6000000024838488626
Q130683476	6000000104556018904
Q130683478	6000000024845828033
Q130683719	6000000084802846016
Q130683720	6000000084802846021
Q130683766	6000000032625946877
Q130684601	6000000036516368566
Q1306868	6000000019648521115
Q1306931	6000000008290727594
Q130693282	6000000068010226062
Q130695274	6000000050302559831
Q130696254	6000000107039813073
Q1306964	6000000033238775164
Q130696693	6000000017845281795
Q1306989	6000000024224221320
Q130703526	6000000047049764241
Q1307036	6000000177140984836
Q130706095	6000000065680581838
Q130706297	6000000190751322854
Q130706315	6000000016500473783
Q130707007	6000000081644585903
Q130707342	6000000008285299763
Q130707528	6000000196740369832
Q130707913	6000000042024125325
Q130708087	6000000196739931899
Q130708138	6000000022654352885
Q130708279	6000000020663484336
Q130708386	6000000020663595009
Q130708647	6000000020663227755
Q130709	6000000075731800934
Q130709749	6000000143840195908
Q130709801	6000000015933169055
Q130709801	6000000143848332852
Q130709898	6000000011309078837
Q130709902	6000000079028668701
Q130709911	6000000186245126121
Q130710105	6000000006031683004
Q130710123	6000000178225612821
Q130710634	6000000038336904069
Q130710644	6000000037399484053
Q130710644	6000000053604475002
Q130710834	6000000019258711234
Q130710976	6000000040079321787
Q130711073	6000000040079326808
Q130711169	6000000040079501567
Q130711408	6000000040079810954
Q130711532	6000000006705004486
Q130711783	6000000006704897469
Q130711783	6000000190176730838
Q130711805	6000000016944511682
Q130712491	6000000005058328022
Q130712511	6000000190149238833
Q130714656	6000000190149311841
Q130715	6000000015129453828
Q130717	6000000014740730166
Q130717305	6000000008208758692
Q130717579	6000000007388173285
Q130717678	6000000015014939011
Q130717680	6000000003140284504
Q130717727	6000000019661179897
Q130717730	6000000006329374364
Q130717732	6000000001703830759
Q130717770	6000000027854468206
Q130717771	6000000011324008865
Q130717783	6000000003345338742
Q130717785	6000000016542088080
Q130717810	6000000008628081201
Q130717811	6000000008627940408
Q130717813	6000000007369046537
Q130717817	6000000001148185265
Q130717819	6000000003938625110
Q130717821	266740
Q130717841	6000000004189344670
Q130717865	6000000012362386151
Q130717866	6000000011371822303
Q130717866	6000000187808622948
Q130717869	6000000024447204247
Q130717869	6000000187808622954
Q130717903	5393739959960054028
Q130717905	6000000008517737704
Q130717915	6000000003013709305
Q130717943	4485518215630035878
Q130717950	6000000038219206628
Q130717952	6000000037379574900
Q130717964	6000000016734373082
Q130718118	6000000197229610825
Q130718204	6000000038819926249
Q130718903	6000000013015513589
Q130719095	6000000007235302408
Q130719279	6000000000029025592
Q130719618	6000000013302046321
Q130720062	4111504221110055449
Q130720072	6000000011287575048
Q130722064	6000000092325449128
Q130722887	6000000040079497489
Q130723020	6000000040079701247
Q130723031	6000000040079648292
Q130723133	6000000040079333682
Q130723878	6000000002056473013
Q130724075	6000000015369778031
Q130724104	6000000001518958015
Q130724130	6000000004148691647
Q130724147	5465447711520117627
Q130724173	6000000201220324832
Q130724274	6000000011743260576
Q130724295	6000000177042640900
Q130724334	6000000139455261928
Q130724825	6000000010723447440
Q130724830	6000000004138578393
Q130724832	6000000004138705356
Q130726107	6000000023884038419
Q130726114	6000000016278111732
Q130728282	6000000016046470892
Q130728310	6000000039738642952
Q130728428	6000000008231455267
Q130728602	6000000025442611154
Q130728603	6000000025442741884
Q130728660	6000000009468321628
Q1307288	6000000049727091833
Q130728897	6000000014914158002
Q130728903	6000000014914020316
Q130728904	6000000010866886032
Q130728910	6000000012288621761
Q130728911	6000000002870175182
Q130728931	6000000001562912399
Q130728933	6000000000834376187
Q130728936	6000000000688983746
Q130728939	6000000001562912681
Q130728941	6000000008700886009
Q130728943	6000000008692059484
Q130728945	6000000000834378245
Q130728979	6000000000491014483
Q130729001	6000000006439823841
Q130729006	6000000006439788566
Q130729006	6000000178484911870
Q130729029	6000000000770636785
Q130729030	6000000000485022592
Q130729071	6000000001820032107
Q130729072	6000000024785580197
Q130729074	6000000001820034373
Q130729076	6000000000181158739
Q130729078	6000000000181158719
Q130729081	6000000000181168907
Q130729082	6000000006442377519
Q130729422	6000000000911124555
Q130729514	6000000023738368640
Q130729860	6000000003058779641
Q1307310	6000000015490659841
Q130731441	6000000014785404613
Q130732442	6000000049188079226
Q130732574	6000000179372138161
Q130732627	6000000044786151131
Q130732710	6000000039322298885
Q130732710	6000000044763876914
Q130732758	6000000011376865268
Q130732759	6000000003000018737
Q130733956	6000000135065962901
Q130733968	6000000022820676592
Q130734	4215182257130053771
Q130734039	6000000048724922871
Q130734098	6000000018346166299
Q130734183	6000000022337017747
Q130734283	6000000016924492755
Q130734341	6000000200321491951
Q130736002	6000000097637848911
Q130736038	6000000007757484989
Q130736131	6000000007926526330
Q130736572	6000000029821579343
Q130736762	6000000004370403064
Q130736789	6000000022835467716
Q130736790	6000000004883025476
Q130736814	6000000000421518428
Q130736821	6000000001563106242
Q130736824	6000000001579487796
Q130736828	6000000003639240989
Q130736839	6000000006919677090
Q130736840	5258808019780138721
Q130736841	6000000000491153453
Q130736842	6000000000796897529
Q130736850	6000000005415870212
Q130736851	6000000002872034615
Q130736877	6000000007803445398
Q130736880	6000000007803215791
Q130736882	6000000007803405465
Q130736905	6000000008549169839
Q130736906	6000000190563591915
Q130736908	6000000000497353703
Q130736918	6000000011668724734
Q130736927	6000000095686128340
Q130736994	6000000025731020609
Q130737071	6000000013789161055
Q130737073	6000000013789014844
Q130737076	6000000015394380274
Q130737644	6000000055336062877
Q130738068	6000000006127636139
Q130738103	6000000035200664844
Q130738111	6000000018319238326
Q130738163	6000000000603217259
Q130738178	6000000006525807319
Q130738224	6000000019852722564
Q130738510	6000000210456163825
Q130739021	6000000073723364364
Q130739146	6000000019076935853
Q130739173	6000000000574605312
Q130739273	6000000021503227369
Q130739517	6000000007511816589
Q130740485	6000000013316981856
Q130740492	6000000013316259805
Q130741217	6000000202295974821
Q130741276	6000000030039156511
Q130741277	6000000085824132821
Q130741329	6000000008538525166
Q130741337	6000000010169737473
Q130741345	6000000034691668882
Q130741354	6000000034694797550
Q130741423	6000000041050552870
Q130741439	6000000041050496106
Q130741550	6000000039916503160
Q130741562	6000000009374585809
Q130741724	6000000041050170666
Q130741876	6000000040207876808
Q130742	6000000003869956064
Q130742022	6000000078845648214
Q130742027	6000000075995108074
Q130742035	6000000036644504963
Q130742176	6000000039798312624
Q130742176	6000000153185774821
Q130742178	6000000153188069827
Q130742330	6000000016477022860
Q130742466	6000000016676833919
Q130742541	6000000002799133696
Q130742542	317834868900003570
Q130742555	317832419010006597
Q130742567	5443848285470078374
Q130742629	6000000002955650518
Q130742635	317837500410003609
Q130742681	6000000002799133829
Q130742682	6000000010745088783
Q130742685	6000000006720909868
Q130742876	6000000002760899133
Q130742880	6000000005234685007
Q130742904	6000000053405351923
Q130742910	6000000024715830534
Q130742914	6000000006348729902
Q130742915	6000000006348729897
Q130742916	6000000006348729889
Q130742921	6000000005218086751
Q130742964	6000000099185549860
Q130742970	6000000003468388177
Q130743506	6000000016681089250
Q130743813	6000000051144088821
Q130743823	6000000022616032340
Q130743829	6000000022616092959
Q130743831	6000000024807638253
Q130743852	6000000172414888065
Q130743894	6000000008320674943
Q130743908	6000000008439650272
Q130743913	6000000005415496578
Q130743922	6000000010831531218
Q130743945	6000000008439856751
Q130743946	6000000008439552224
Q130743969	6000000032588520950
Q130743970	6000000004558468679
Q130743979	6000000004558468668
Q130743985	6000000000437747213
Q130744025	6000000006579895321
Q130744039	6000000008439798334
Q130744040	6000000002728136122
Q130744427	6000000197410878853
Q130744428	6000000001843080647
Q130744495	6000000001843017191
Q130744521	6000000020422343129
Q130744539	6000000197411778823
Q130744540	6000000027930442379
Q130744543	6000000006119844331
Q130744736	6000000005415329460
Q130744738	6000000005415122965
Q130744740	6000000003221099670
Q130744743	6000000003076498287
Q130744788	6000000093400623866
Q130744799	6000000008327624711
Q130744800	6000000011457728746
Q130744803	6000000008345454221
Q130744804	6000000013650899881
Q130744837	6000000037584146206
Q130744839	6000000037584334315
Q130744841	6000000001869909341
Q130744843	6000000002850940069
Q130744848	6000000002134142809
Q130744892	6000000006573865064
Q130744915	6000000141051177011
Q130744948	6000000000311847639
Q130744957	390313219610006589
Q130745282	6000000003756143542
Q130745284	6000000008630882505
Q130745285	1911826
Q130745286	6000000005394117103
Q130745357	6000000021578013000
Q130745433	6000000021624716877
Q130745439	6000000021454479492
Q130745440	6000000007899501781
Q130745443	6000000003938250118
Q130745446	6000000003938250100
Q130745455	6000000021623436647
Q130745456	6000000077983221442
Q130745458	6000000006597332378
Q130745459	6000000003103049541
Q130745460	6000000003681233042
Q130745469	6000000103490377857
Q130745471	6000000007179413789
Q130745942	5551819470910081426
Q130745949	6000000019402944365
Q1307463	6000000024030993335
Q1307470	6000000025176107469
Q130747396	6000000071064353894
Q130747419	6000000071063153276
Q130747424	6000000071062996929
Q130747438	6000000071062504179
Q130748133	6000000017126014163
Q130748135	6000000017125898367
Q130748136	6000000070421888941
Q130748166	6000000193993680962
Q130748509	6000000013735272634
Q130748682	6000000012770852334
Q130748758	6000000017832979461
Q130748881	6000000215597468822
Q130748908	6000000082242794839
Q130748948	6000000016487092985
Q130749194	6000000016642510534
Q130749196	6000000016642548145
Q130749203	6000000016642180631
Q130749461	6000000014715482074
Q130749462	6000000014715493084
Q130749586	6000000089754481969
Q130750627	6000000124462450875
Q130750863	6000000010826581479
Q130750880	6000000011621736626
Q130751219	6000000038380770009
Q130751285	6000000021329163431
Q130751299	6000000089757008044
Q130751363	6000000025516204582
Q130751391	6000000021147126489
Q130751397	6000000001383103163
Q130751403	6000000001383105811
Q130751597	6000000016373460094
Q130751623	6000000016373423270
Q130751799	6000000070727774004
Q130751981	6000000048114910927
Q130752	6000000003219749417
Q130752377	6000000070728263837
Q130752391	4029800
Q130753308	6000000207953607823
Q130753314	6000000001357831631
Q130753532	6000000014777127112
Q130753650	6000000001382987850
Q130753765	6000000032979396197
Q130753991	6000000025400940176
Q130753992	6000000009806833280
Q130753995	6000000025400877315
Q130754420	6000000040482939839
Q130754963	6000000015933728053
Q130755058	6000000016677069267
Q130756042	6000000094296493832
Q130756043	6000000094296418886
Q130756076	6000000067812749980
Q1307585	6000000017575464577
Q130758879	6000000013404224284
Q130758912	6000000024269560317
Q130758915	6000000020945516398
Q130758921	6000000021917018712
Q130758947	6000000077651455747
Q130758982	6000000002429179349
Q130758985	6000000002441097349
Q130758986	375621080800005780
Q130758987	375595777120012610
Q130758988	375596802870012634
Q130758992	6000000002441096129
Q130758993	6000000002441102053
Q130758997	6000000003076573988
Q130758998	6000000003316268960
Q130759	6000000015788520251
Q130759046	6000000002441097780
Q130759074	375621312950013175
Q130759078	375633646830012564
Q130759081	6000000002586368281
Q130759082	6000000073636104870
Q130759083	6000000006597108839
Q130759095	6000000003617602295
Q130759109	6000000002441097446
Q130759110	6000000017223272573
Q130759116	6000000002017246626
Q130759118	6000000000497566730
Q130759122	6000000002441097497
Q130759125	6000000002441097284
Q130759126	6000000002441097302
Q130759128	6000000003490650880
Q130759129	6000000000491123484
Q130759131	6000000001637079962
Q130759149	6000000008717028585
Q130759155	6000000002441097278
Q130759169	6000000001983674158
Q130759181	6000000002963629932
Q130759182	6000000003076573925
Q130759184	6000000001363784602
Q130759190	6000000029321964508
Q130759207	6000000001540817234
Q130759227	6000000004956119755
Q130759228	6000000004237813239
Q130759229	6000000003311879313
Q130759284	6000000025170028032
Q130759319	6000000014109347762
Q130759327	6000000171979044340
Q130759330	6000000014109274807
Q130759332	6000000014109285410
Q130759333	6000000014109227242
Q130759335	6000000014109296649
Q130759337	6000000014109371427
Q130759340	6000000021265466014
Q130759341	6000000014720509763
Q130759344	6000000000834247809
Q130759350	6000000000834247945
Q130759355	6000000014108200917
Q130759356	6000000014109240306
Q130759361	6000000005232463001
Q130759366	6000000021265487003
Q130759368	6000000000485567494
Q130759369	6000000007964633201
Q130759375	6000000012836942223
Q130759378	6000000003075747085
Q130759379	6000000002801559060
Q130759381	6000000000600270629
Q130759383	6000000002801296994
Q130759399	6000000028125022713
Q130759400	6000000001212780385
Q130759435	6000000017963337710
Q130759491	6000000017963533496
Q130759528	6000000010091172574
Q130759887	6000000168012332821
Q130759889	6000000009216799566
Q130759891	6000000009216757589
Q130759892	6000000168009128827
Q130759894	6000000098754932830
Q130759895	6000000041696340654
Q130759897	6000000041696667199
Q130759901	6000000006252151644
Q130760006	6000000002441097504
Q130760008	6000000026831675237
Q130760010	6000000002441097605
Q130760087	4226066406260024441
Q130760089	6000000003001542857
Q130760095	6000000001363783396
Q130760096	6000000006907062477
Q130760108	6000000000485022572
Q130760113	6000000001653802506
Q130760116	6000000001309870382
Q130760184	6000000020275683680
Q130760188	6000000020275600631
Q130760190	6000000020276150946
Q130760195	6000000020276169908
Q130760206	6000000000484739718
Q130760214	6000000005016633193
Q130760220	6000000000383617061
Q130760234	6000000020276107853
Q130760279	6000000017396279470
Q130760282	6000000024957496676
Q130760284	6000000017396331129
Q130760288	6000000017396135124
Q130760291	6000000018128436137
Q130760293	6000000024957496671
Q130760294	6000000001531553595
Q130760299	6000000004630808070
Q130760304	6000000001363805187
Q130760331	6000000001383929165
Q130760333	6000000001383929904
Q130760335	6000000006801144985
Q130760339	6000000007850324317
Q130760340	6000000007820396786
Q130760368	6000000013366595805
Q130760370	6000000001878933795
Q130760373	6000000004537952854
Q130761286	6000000045996042957
Q130768178	6000000002343336114
Q130768182	6000000003938315534
Q130768199	6000000003939521352
Q130768220	6000000003938331357
Q130768372	6000000003939521264
Q130768390	6000000003938521253
Q130770244	6000000183476223874
Q130770264	6000000129373375898
Q130770276	6000000075341281082
Q130770296	6000000001783458056
Q130772118	6000000000325910681
Q130772119	6000000091840275498
Q130772130	6000000000484728440
Q130772131	6000000023756750437
Q130772134	6000000008307392138
Q130772135	334112481300005454
Q130772137	6000000023756843231
Q130772138	6000000000951137597
Q130772177	6000000000424995851
Q130772196	6000000031576105993
Q130772202	6000000031576246932
Q130772379	6000000001668383062
Q130772380	6000000000610000745
Q130772390	6000000068756323530
Q130772391	6000000068757116859
Q130772392	6000000037207515202
Q130772394	6000000037211271146
Q130772395	6000000041100264556
Q130772396	6000000022161066129
Q130772411	6000000022161052104
Q130772412	6000000033603979583
Q130772414	6000000008953921523
Q130772417	6000000033603896811
Q130772418	6000000002116744088
Q130772419	5249583872640117979
Q130772424	6000000124970706875
Q130772425	6000000020112414732
Q130772426	6000000002219291723
Q130772428	6000000001422021486
Q130772431	6000000005415522517
Q130772433	6000000005415503174
Q130772435	6000000008268444031
Q130772437	6000000005415503102
Q130772439	6000000005415486521
Q130772440	6000000001690059865
Q130772456	6000000014428462708
Q130772458	6000000003522679152
Q130772459	6000000003522605874
Q130772461	6000000002219291540
Q13077259	329839119120006184
Q1307735	6000000015350188259
Q130775061	6000000178705551891
Q130777857	6000000018529344597
Q130781139	6000000002774361183
Q130782969	6000000156448112876
Q130783638	6000000000001499643
Q130783704	6000000044411273057
Q1307857	6000000157579082046
Q130786	6000000152238852822
Q130789104	6000000015582548122
Q130789130	6000000015582123663
Q130789542	6000000014560268839
Q1307897	6000000069706705135
Q130791759	6000000029801655323
Q130793265	6000000032413475358
Q1307942	6000000222557383894
Q130795620	6000000014824425695
Q130798	6000000026190764085
Q130799	6000000015349363643
Q1308012	6000000022573018319
Q130805	6000000017824487111
Q13080831	6000000139307140058
Q130809049	6000000023159823910
Q13080924	2749324
Q130809609	6000000008704413094
Q130811211	6000000002373294762
Q130812	6000000003285472970
Q130815089	6000000022541897705
Q130817019	6000000029621847204
Q1308188	6000000036932241955
Q130818973	6000000008981010361
Q130819295	6000000140017345856
Q130822	4137989648200126749
Q1308299	6000000014096800699
Q130830420	6000000015795826676
Q130834	6000000000717738539
Q130840193	6000000197389770851
Q1308448	6000000166406732933
Q1308467	6000000174047945870
Q1308468	6000000081037861301
Q13084693	6000000026107630403
Q1308493	6000000184335755822
Q130850757	6000000002529415705
Q1308517	6000000039612779859
Q130852048	6000000056349925879
Q130853	352076031880006503
Q1308545	6000000014905787024
Q1308553	6000000020971731825
Q130858081	6000000024867047171
Q130867415	6000000028783489975
Q1308691	6000000009117960010
Q130869943	6000000123743590917
Q130870	3372473
Q130873	6000000002044923801
Q1308730	6000000017914720196
Q130876970	6000000002765582502
Q130876974	6000000013217434795
Q130877182	6000000002765585436
Q130877301	6000000118224933964
Q130877506	6000000013217490666
Q1308782	6000000041080152032
Q130878510	6000000174710672910
Q1308802	6000000027422081367
Q130883	6000000179486514821
Q130883896	6000000038165475024
Q130885409	6000000014882880868
Q130885441	6000000014883025056
Q130886264	6000000210634798829
Q130887436	6000000174710041015
Q1308896	6000000037884214251
Q130895928	6000000026521292329
Q130899880	6000000016829686738
Q130900207	6000000009134769054
Q130900209	6000000050136688833
Q130900903	6000000039322131197
Q130900909	6000000039320571835
Q130900909	6000000044763587902
Q130901690	6000000050137460853
Q130901710	6000000050136768940
Q130901712	6000000050136965870
Q130901714	6000000050136839915
Q130901715	6000000050136471031
Q130901948	6000000044786248835
Q130902210	6000000010542585723
Q130906	6000000033748344359
Q1309073	6000000061204261024
Q13091119	6000000002765241333
Q1309154	6000000016361953892
Q1309192	6000000000309432818
Q130919823	6000000008980992908
Q130919840	6000000001416061018
Q130919857	6000000009570552567
Q130919920	6000000008981030449
Q130919940	6000000008981135218
Q130919959	6000000003523918306
Q130920014	6000000008981437655
Q130920025	6000000002209242970
Q130920068	6000000003791635380
Q130920091	6000000013540111606
Q130921206	6000000041945316082
Q130921211	6000000052954061993
Q130921219	5467945799250137057
Q130921232	6000000041944896533
Q130921245	6000000041945210157
Q130921255	6000000049048227972
Q130927957	6000000022348795681
Q130936170	6000000011471432617
Q130944668	6000000219874558878
Q1309447	6000000017945426400
Q130946603	6000000002989156000
Q130946645	6000000011436774233
Q1309502	6000000021418431313
Q130955429	6000000029359847182
Q1309566	6000000005788420392
Q130956913	6000000029345945419
Q1309598	6000000062014284195
Q130967010	6000000050136245939
Q130968	6000000077062793322
Q13096807	6000000015150375560
Q1309704	6000000014222287907
Q130970934	6000000016374284450
Q130972534	6000000050136067999
Q130973	6000000025783881934
Q130974030	6000000003002318653
Q130974040	6000000103754364083
Q130974047	6000000003002436413
Q130974059	6000000011058820483
Q130975	6000000000393266849
Q130978325	6000000008257785571
Q130983515	6000000065012097833
Q130986	6000000015957567276
Q130986909	6000000003160436981
Q130986926	6000000003160632874
Q130986940	6000000043760859053
Q130986959	6000000003133089108
Q130987051	6000000043760835059
Q130987072	6000000006440705821
Q130987089	6000000015283890919
Q130987135	6000000003490605179
Q130987588	6000000003160811552
Q130987630	6000000000630282222
Q130987646	6000000002174818193
Q130987656	6000000003388974154
Q130988609	6000000000166369813
Q1309895	6000000031941154097
Q1309947	6000000014696423504
Q13099572	6000000055409857870
Q13099865	6000000077976844821
Q13099920	6000000039793244853
Q1310018	6000000034283137036
Q131002082	6000000006290096748
Q131002590	6000000021326623234
Q131004	6000000074659926836
Q131005347	6000000207888665863
Q131006867	6000000016651003259
Q131006996	6000000006796455320
Q131007156	6000000054194695880
Q131007158	6000000054193937150
Q131007696	6000000015262521682
Q131007815	6000000034760008085
Q131007816	6000000034760344858
Q131007955	6000000016192812039
Q131008068	6000000003504727604
Q131008076	6000000001727266136
Q131008082	6000000001727262565
Q131008087	6000000001727212360
Q131008100	6000000006436745082
Q131008111	6000000000436387798
Q131008142	6000000003501395703
Q131008151	6000000003501431786
Q131008191	6000000007098086831
Q131008235	6000000008439263434
Q131008241	6000000008439553191
Q131008252	6000000000770134471
Q131008252	6000000006795243716
Q131008742	6000000004169038424
Q131008915	6000000014653197680
Q131010	6000000022336819024
Q131010205	6000000208854141840
Q131010614	6000000025514514466
Q131010621	6000000023215672366
Q131010624	6000000019070501189
Q131010626	6000000032775490761
Q131010628	6000000002456911600
Q131010629	6000000000768129061
Q131010630	6000000003077529288
Q131010633	6000000003077531003
Q131010638	6000000032775624397
Q131010645	6000000019070490088
Q131010648	6000000011105212120
Q131010650	6000000001384116060
Q131010666	6000000019996484792
Q131010668	6000000012811658391
Q131010671	6000000000556932604
Q131010684	6000000006253039693
Q131010695	6000000001567981433
Q131010697	6000000008024351872
Q131010698	4506846835960037986
Q131011005	6000000117883937833
Q131012448	6000000182283436838
Q13101472	6000000067010419867
Q13101521	6000000019805665524
Q1310161	6000000018757828875
Q131018	6000000065795426841
Q13102094	6000000178311668823
Q13102136	6000000058597768830
Q131023756	6000000002855879174
Q131029127	6000000003499990560
Q131029163	6000000013155027664
Q1310294	6000000153534948824
Q1310298	6000000065014981824
Q13102981	6000000014225904596
Q13103339	6000000017214107970
Q131036306	6000000010535887004
Q13104347	6000000023119277233
Q131045	299644224350007981
Q131048298	6000000074280839829
Q13104837	6000000035841240954
Q131048373	6000000018837047497
Q131048390	6000000215231215846
Q131056202	6000000015366028217
Q131056331	6000000196112610827
Q131056379	6000000019494955164
Q131056622	6000000017265234095
Q131056710	6000000041998373903
Q131056781	6000000015933247482
Q131056806	6000000027118849471
Q131056816	6000000027118113464
Q131057037	6000000014961067610
Q131057047	6000000037976958529
Q131059085	6000000014660798874
Q131059255	6000000062552286937
Q131059883	6000000094489774938
Q131062325	6000000039039440356
Q131062325	6000000186183820072
Q131062331	6000000186184360838
Q1310627	6000000096689870862
Q1310669	6000000012481426139
Q1310676	6000000094496403034
Q1310687	6000000069063101854
Q1310699	6000000176952433822
Q131070758	6000000107040704904
Q131070766	6000000061766733833
Q131070796	6000000034805872254
Q13107341	6000000013583064564
Q131073453	5173915135870111505
Q13107451	6000000103229007837
Q1310792	6000000017146247481
Q1310807	6000000059142303840
Q131083603	6000000077611138494
Q131083779	6000000189058708883
Q131084085	6000000011368103243
Q131084158	6000000039436607032
Q131084939	6000000039437138829
Q131084951	6000000039436966180
Q131085246	6000000039436125798
Q131085251	6000000039436361334
Q131085251	6000000077611247427
Q131085252	6000000039436662857
Q131085258	6000000039436181587
Q131085292	6000000198966015149
Q131085294	6000000039438026744
Q131085298	6000000039438620828
Q131085300	6000000039434270756
Q131085331	6000000107090890030
Q131085346	6000000014877049769
Q131085373	6000000011367809003
Q131085389	6000000077611484962
Q131085392	6000000077611384260
Q131085392	6000000077611470975
Q131085395	6000000077610683708
Q131085395	6000000077611399212
Q131085397	6000000039437349182
Q131085397	6000000077611171410
Q131087351	6000000011252172638
Q131087443	6000000096408421859
Q131087444	6000000096408855837
Q131087445	6000000096407350035
Q131087446	6000000096408910828
Q131087484	6000000186057809175
Q1310890	6000000011645851846
Q1310912	6000000181656069851
Q1310939	6000000025632405078
Q131100430	6000000014385517101
Q131100534	6000000082704494888
Q131100569	6000000082703725254
Q131101196	6000000014947041593
Q13110123	6000000000414453782
Q131101409	6000000039437500610
Q131101419	6000000039437342235
Q131101515	6000000039437140361
Q131101522	6000000017546339965
Q131101573	6000000013806440437
Q131101615	6000000039437146552
Q1311041	6000000016358311268
Q131105143	6000000014877190531
Q131105146	6000000014877299204
Q131105151	6000000014877277147
Q131105596	6000000031876677695
Q131105627	6000000123194341871
Q131105635	6000000123194341866
Q131105641	6000000014949319193
Q131105752	6000000014949162642
Q131105755	6000000014949186599
Q131105837	6000000039438502033
Q131105966	6000000021503443134
Q131105969	6000000039438174614
Q131106029	6000000022771642416
Q131106090	6000000022771586523
Q131106262	6000000082887817945
Q131106404	6000000039436811000
Q131106546	6000000079666875757
Q131106774	6000000011448832630
Q131106818	6000000018369184758
Q131107153	6000000173181469043
Q131107206	824291
Q131107710	6000000193394748835
Q131107921	6000000030815685381
Q1311082	6000000014221403085
Q131108955	6000000014936894273
Q131109019	6000000082449637921
Q131112	4199747467390047792
Q131112826	6000000005438481784
Q131117	6000000024196160830
Q131119502	6000000037859176393
Q131120	6000000043469102860
Q131122334	6000000019749947477
Q131122907	6000000014129906567
Q131123980	6000000017614354231
Q131123981	6000000002493799158
Q131123983	6000000197377371843
Q131123985	6000000017889147167
Q131123989	6000000017614640912
Q1311247	6000000066643734053
Q131125098	6000000039436840328
Q131126528	6000000015697639654
Q131129069	6000000015697647286
Q131129821	6000000058371477234
Q131129831	6000000058372106867
Q131129964	6000000005035931878
Q131129965	6000000003209070444
Q131130080	6000000016727283244
Q131130713	6000000003139763737
Q131130739	6000000003139859356
Q131130948	6000000000726454020
Q131131118	6000000015698070026
Q131132076	6000000016251340140
Q131134281	6000000015698018156
Q131134732	6000000016251068672
Q131135420	6000000016727039019
Q131135935	6000000014560207796
Q131136337	6000000028104369533
Q131137492	6000000006428779690
Q131137773	6000000027116595479
Q131137774	6000000027068962780
Q131137775	6000000027068760783
Q131137776	6000000027117995898
Q131137806	6000000027034672263
Q131137819	6000000007271949414
Q131138452	6000000013392931017
Q131139601	6000000070421298089
Q131140297	6000000041874741045
Q131142045	6000000015167796006
Q131142059	6000000013217030966
Q131142099	6000000010459026556
Q131142391	6000000025633537238
Q131142577	6000000017659564687
Q131142979	6000000055421986876
Q131143060	6000000012999348806
Q131143396	6000000013217251227
Q131144220	6000000000612739182
Q131144981	6000000014653091277
Q131145190	6000000030398257936
Q131145199	6000000017554463677
Q131145206	6000000029395375825
Q131145352	6000000011534705515
Q131145504	6000000003108738706
Q131147104	6000000076361763893
Q131147190	6000000076829626599
Q131147200	6000000053123395184
Q131147214	6000000053123908929
Q131147396	6000000018221670329
Q131148054	6000000021765154064
Q131148299	6000000028646589113
Q131148851	6000000010143142602
Q131149	6000000002454989974
Q131149096	6000000016251237742
Q131149313	6000000060395303856
Q1311499	6000000004592999656
Q131150176	6000000003704066608
Q131150196	6000000024726440163
Q131150966	6000000017697422337
Q131152702	6000000187640180825
Q131153084	6000000015842244113
Q131153559	6000000025584863401
Q131154290	6000000007709514653
Q131154304	6000000036023997080
Q131154311	6000000036023613430
Q131154315	6000000001384708986
Q131154323	6000000036023624186
Q131154346	6000000020390865856
Q131154347	6000000003617809563
Q131154348	6000000019102733522
Q131154350	6000000019102231983
Q131154352	6000000020390907813
Q131154355	6000000020390367813
Q131154356	6000000020390340833
Q131154360	6000000020390270932
Q131154361	6000000003937759131
Q131154369	4007876416490073261
Q131154373	6000000005800243634
Q131154569	6000000000770629322
Q131154595	6000000028648735822
Q131154598	6000000028648622140
Q131154599	6000000003490605083
Q131154601	6000000003490605025
Q131154623	6000000028649104857
Q131154624	6000000012152162320
Q131154626	6000000005415130886
Q131154633	4173599964420032203
Q131154928	6000000040327869713
Q131154956	6000000000619348538
Q131155216	6000000134326728833
Q131155230	6000000015842367770
Q131155338	6000000013971960514
Q131155375	6000000011087856415
Q131155403	6000000021545820210
Q131155433	6000000021545617415
Q131155435	6000000029153747642
Q131155442	6000000021471153469
Q131155462	6000000186226548005
Q1311559	6000000013461978010
Q131156139	6000000018345789752
Q131156213	6000000017852525319
Q131156284	6000000020878127228
Q131156290	6000000002499317753
Q131156508	6000000016572535837
Q131157045	6000000019271263560
Q131157051	6000000192239232821
Q131157487	6000000038359405755
Q131157616	6000000116758735131
Q131158184	6000000090340111267
Q131159978	6000000003108794026
Q131159984	6000000002456767035
Q131159990	6000000002402697062
Q131159994	6000000002065927094
Q131160481	6000000028221929867
Q131160549	6000000018345231556
Q131160555	6000000024970757087
Q131160559	6000000024970110614
Q1311606	6000000015343555990
Q131160626	6000000001276453350
Q131160631	6000000018138340411
Q131160637	6000000018138255992
Q131160648	6000000002187989259
Q131160655	6000000002187930903
Q131160696	6000000018138558375
Q131160705	6000000033373565979
Q131160707	6000000017928920414
Q131160755	4800014620140125049
Q131160757	4800026329990051822
Q131160849	6000000028221577387
Q131161041	6000000172075799259
Q131161055	6000000013155937893
Q131161079	6000000024970844918
Q131161079	6000000086324067003
Q131161081	6000000014121552815
Q131161081	6000000024970700324
Q131161081	6000000082418149859
Q131161084	6000000024970745003
Q131161117	6000000083719265416
Q131161201	6000000018345866437
Q131161360	6000000086324923839
Q131161418	6000000018345920307
Q131161462	6000000086324690890
Q131161589	6000000002218059698
Q131161632	6000000002218059916
Q131161635	6000000002218059208
Q131161642	6000000010581378976
Q131161649	6000000012194259442
Q131161659	6000000006446006183
Q131161674	6000000006446083088
Q131161685	6000000007006124465
Q131162192	6000000186225311055
Q131162440	6000000186226600838
Q131162444	6000000017078680793
Q131162453	6000000028284478956
Q131163826	6000000082418070926
Q131163826	6000000224601671847
Q131164080	6000000004084819487
Q131164143	6000000014121795337
Q131164707	6000000017852741562
Q131164789	6000000013384880587
Q131164795	6000000021240117435
Q131164797	6000000021240112412
Q131164801	6000000021240000456
Q131165214	6000000018346054168
Q131165970	6000000026149840246
Q131166588	6000000008763274562
Q131166767	6000000034323845813
Q131166788	6000000002908948694
Q131166799	6000000002908948637
Q131166807	6000000011638015413
Q131166817	6000000003938050860
Q131166828	6000000000141455365
Q131166872	6000000011638048439
Q131166881	6000000000742148726
Q131167905	6000000016531919447
Q131169953	6000000013807441734
Q1311700	6000000041492263600
Q131170073	6000000040306623848
Q131170285	6000000029640562347
Q131170328	6000000024251869969
Q131170378	6000000015932651814
Q131170563	6000000017924579037
Q131170565	6000000077611494742
Q131170565	6000000080757482241
Q131170615	6000000019505490040
Q131170841	6000000013792240241
Q131171043	6000000052566283883
Q131171362	6000000013792080660
Q131173584	6000000014763328602
Q1311758	6000000030443094686
Q131176010	6000000206532284836
Q131176572	6000000012641197660
Q131176623	6000000000123023571
Q131176666	6000000018511494485
Q131176924	6000000034373642597
Q131177262	6000000072801939840
Q131177532	6000000024970566691
Q131177887	6000000024969570736
Q131178371	6000000028189758203
Q131178473	6000000016372653117
Q131178704	6000000024970691077
Q131178707	6000000028189935038
Q131178708	6000000028189923698
Q131178714	6000000028189846215
Q131178716	6000000028189761199
Q131178837	6000000007945653315
Q131179266	6000000010725224183
Q131179498	6000000009005823319
Q131179523	6000000019567967507
Q131179525	6000000002713314169
Q131179526	6000000001433385257
Q131179528	6000000000112140857
Q131179532	6000000019568014310
Q131179532	6000000173937538492
Q131179546	6000000016575934747
Q131179562	6000000003939149641
Q131179568	6000000034313155598
Q131179776	6000000205764553919
Q131179777	6000000205782698825
Q131179780	6000000084222651950
Q131179782	6000000013592121479
Q131179795	6000000013592025917
Q131179798	6000000001422298771
Q131179800	6000000084222981845
Q131179801	6000000001588535243
Q131179805	6000000000953381198
Q131179806	6000000000965359206
Q131179826	6000000017064290126
Q131179828	6000000003212909730
Q131179847	6000000003213593901
Q131179859	6000000003213377764
Q131180100	6000000039434535460
Q131180713	6000000022147886047
Q131181457	5276195134380074403
Q131183121	6000000211106293831
Q131183737	6000000209446514636
Q131184738	6000000205675196245
Q131189671	6000000072606269840
Q1311899	6000000179008682827
Q131190784	6000000211119496832
Q131190864	6000000199645979867
Q131191472	1334477
Q131191486	6000000018388730058
Q131191517	6000000028184842667
Q131191550	6000000017180304133
Q131191610	6000000024970681120
Q131191615	6000000024969631633
Q131191616	6000000024970557600
Q131191639	6000000016502519616
Q131191765	6000000018116715300
Q131191773	6000000014661698003
Q131191782	6000000014661362771
Q131191786	6000000152619121874
Q131192364	6000000023360566637
Q131192924	6000000211135123856
Q131192988	6000000211135489834
Q131193015	6000000211136350827
Q131193735	6000000039205483649
Q131193754	6000000042419359771
Q131194109	6000000030829208250
Q131194547	6000000013154758315
Q131194582	6000000010980430223
Q131194656	6000000219334131873
Q131195044	6000000013366108776
Q131195137	6000000013366243146
Q131196342	6000000026591337821
Q131196697	6000000000029426640
Q131198321	6000000007121678664
Q131199064	6000000019202163588
Q1311999	6000000115570509823
Q1312047	6000000039595352847
Q131207555	6000000018966296638
Q131207638	6000000006727980588
Q131207730	6000000018965830020
Q131207771	6000000018965510390
Q131207888	6000000009367150782
Q131207987	6000000018965925041
Q131208127	6000000018965345525
Q1312137	6000000057091846981
Q131215996	6000000205893400862
Q1312186	6000000008326688792
Q1312215	6000000032194078582
Q131222262	6000000009194054123
Q131222701	6000000175201366632
Q13122526	6000000202603770821
Q131225725	6000000034645344106
Q131226593	6000000032673520520
Q131226605	6000000000068946311
Q131226703	6000000003516555026
Q131226707	6000000004400504484
Q131226710	6000000003516538637
Q131226717	6000000182818621917
Q131226718	6000000013082433724
Q131226727	6000000002666425150
Q131226740	6000000033969295881
Q131226741	6000000001394917331
Q131226744	6000000004400786629
Q131226745	6000000000475167836
Q131226750	6000000000475167325
Q131226751	6000000000475167306
Q131227639	6000000034317332373
Q131228483	6000000006198810087
Q131228484	6000000006198749217
Q131228681	6000000001413919798
Q1312341	6000000016106894594
Q131237	6000000016829705939
Q131243987	6000000010561653124
Q131245282	6000000020467287016
Q1312460	6000000018544797620
Q131247208	6000000020465286685
Q131255845	6000000089664485840
Q131256092	6000000025068804641
Q131257115	6000000010866780707
Q131262076	6000000018104172215
Q131262398	6000000156764180821
Q131270550	6000000011000591496
Q131270840	6000000186728857823
Q131273447	6000000011000436699
Q131273870	6000000024488798587
Q131273908	6000000021384749261
Q131274329	6000000026205876854
Q131276102	6000000021381061811
Q13127814	6000000091005031979
Q131279451	6000000186728858824
Q131279452	6000000006917049373
Q131279453	6000000008052656830
Q131279455	6000000008036408259
Q131279480	6000000000652026658
Q131279483	6000000002135135388
Q131279499	6000000171730881026
Q131279499	6000000182063665821
Q131279625	6000000171730598237
Q131279629	6000000024957293844
Q131279641	6000000024864152495
Q131279643	6000000025049468249
Q131279646	6000000024864198619
Q131279648	6000000008752679069
Q131279654	6000000024864633873
Q131279656	6000000024864482314
Q131279669	6000000015754829692
Q131279670	6000000098828774824
Q131279831	6000000042019116874
Q131279832	6000000028673151175
Q131279852	6000000024489124106
Q131279853	6000000024489124125
Q131279895	6000000024489124131
Q131279912	6000000024489124113
Q131280093	6000000008752453263
Q131280130	6000000001275560911
Q131280139	6000000001359450203
Q131280146	6000000013207239236
Q131280240	6000000001359494412
Q131280251	6000000004979992461
Q131280260	6000000002964418264
Q131280360	6000000000448346246
Q1312804	6000000024886679371
Q131281359	6000000002435356422
Q131281361	6000000016529711164
Q131281363	6000000002435227111
Q131281432	6000000025510051889
Q1312817	6000000033032538902
Q131282012	6000000014934429228
Q1312821	6000000068411976821
Q131282106	6000000022235531848
Q131283024	6000000152209582911
Q131283489	6000000186728906828
Q131283671	6000000042012669874
Q1312843	6000000016259877432
Q131285	6000000017805721516
Q131286098	6000000007171813349
Q131286134	6000000015689018273
Q1312870	6000000024683947538
Q1312882	6000000071538253079
Q1312884	6000000025440742920
Q131289060	6000000201243633821
Q131289336	6000000028666171107
Q131289337	6000000017945683417
Q131289338	6000000028651633293
Q131289339	6000000000578374640
Q131289340	6000000000578339693
Q131289341	6000000003041034033
Q131289407	6000000020370899040
Q131289408	6000000002965759011
Q131289410	6000000002965705014
Q131289411	6000000002964536130
Q131289420	6000000039180205904
Q131289421	6000000003076343888
Q131289423	6000000003076343690
Q131289424	6000000003693249747
Q131289826	6000000197092498895
Q131290102	6000000017762450392
Q131290520	6000000015698806226
Q1312914	6000000004977935002
Q131291862	6000000005763427632
Q131291864	6000000005237984262
Q131292210	6000000001735637168
Q1312926	6000000098693607826
Q13129276	6000000006101312184
Q13129281	6000000003159356357
Q131292811	6000000026603958829
Q131292847	6000000026603586609
Q131293114	6000000013494018349
Q131293179	6000000082919416859
Q131293687	6000000028615665028
Q131293703	6000000028615368582
Q131294114	6000000016124216649
Q131294115	6000000006329530032
Q131294116	6000000006110942155
Q131294119	6000000016124399821
Q131294120	6000000017299769365
Q131294121	6000000006579859954
Q131294158	6000000155684161869
Q131294159	6000000155679697859
Q131294161	6000000155675919865
Q131294162	6000000003799509080
Q131294164	6000000000664817954
Q131294603	6000000001220143167
Q131294605	6000000003938803635
Q131294606	6000000003938789570
Q131294634	6000000001947704952
Q131294636	6000000003937861239
Q131294637	6000000003938789358
Q131294639	6000000003076198989
Q131294646	6000000020426281910
Q131294647	6000000020426024221
Q131294648	6000000054972587885
Q131294650	6000000003939060765
Q131294652	6000000003937855512
Q131294653	6000000002665639428
Q131294657	6000000003938291651
Q131294663	6000000003939060744
Q131294665	6000000003939057895
Q131294672	6000000006816813625
Q131294695	6000000003937866152
Q131294698	6000000002928599844
Q131294874	6000000011168825132
Q131295283	6000000017097246556
Q131295526	6000000035864691077
Q131295672	6000000019359941636
Q131296104	6000000030648026535
Q131296168	6000000030646313317
Q131296281	6000000012675056212
Q131296557	6000000017411641267
Q131296579	6000000030452705073
Q131296606	6000000030471806821
Q131296638	6000000017964951693
Q131296670	6000000017964908720
Q131296674	6000000017964830760
Q131296691	6000000030633656058
Q131296716	6000000030633820949
Q131296722	6000000030633789296
Q131296898	6000000019466355701
Q131296899	6000000001333981798
Q131296900	6000000001333981734
Q131297096	6000000001333981762
Q131297123	6000000017411970100
Q131297719	6000000019325561657
Q131297841	6000000019325747032
Q1312979	6000000002475069768
Q131297905	6000000019325732090
Q131297982	6000000006354140361
Q131298010	6000000019325587438
Q131298027	6000000019325950378
Q131298029	6000000019325477451
Q131298044	6000000019325938057
Q131298060	6000000019325860104
Q131298062	6000000019325914294
Q131298070	6000000019325923104
Q131298073	6000000182347213845
Q131298103	6000000022526475216
Q131298120	6000000022539824135
Q131298138	6000000028122750172
Q131298212	6000000182346345848
Q131298247	6000000001333972348
Q131298288	6000000017964599772
Q131298289	6000000017964849879
Q131298411	6000000001333981769
Q131298434	6000000027778239954
Q131298435	6000000027778042122
Q131298468	6000000048418304906
Q131299944	6000000036810542600
Q131299963	6000000028123022844
Q131299965	6000000121580185183
Q131299966	6000000019118289321
Q131299967	6000000002258606385
Q131299970	6000000019117861744
Q131299971	6000000028122531264
Q131299975	367240837010007218
Q131299976	6000000028123025917
Q131299979	6000000006878378666
Q131299985	6000000028122927261
Q131299988	6000000003942790377
Q131300007	6000000013604295004
Q131300008	6000000010122441503
Q131300011	6000000002346863393
Q131300012	6000000003352457693
Q131300121	6000000096324871419
Q131300124	6000000009570581945
Q131300128	6000000009570234736
Q131300129	6000000009570449361
Q131300131	6000000009571118967
Q131300134	6000000009571195039
Q131300137	6000000037559669882
Q131300138	6000000000618948268
Q131300142	6000000000618884737
Q131300146	6000000037559401202
Q131300152	6000000037536894473
Q131300155	6000000008212564698
Q131300159	6000000007651022320
Q131300160	6000000000826209211
Q131300164	6000000000826152274
Q131300166	6000000008212336157
Q131300359	6000000071047964992
Q131301271	6000000000569466501
Q131301334	6000000031580485752
Q131301446	6000000026437201477
Q131301586	6000000122576171853
Q131301809	6000000016723450575
Q131302274	6000000083872573679
Q131302350	6000000002076652854
Q131302419	6000000002357796970
Q131302455	6000000048414616492
Q131302718	6000000036956119030
Q131302816	6000000028221829706
Q131302818	6000000014193036195
Q131303368	6000000014950601555
Q131303371	6000000014950606642
Q131303452	6000000014192909691
Q131303496	6000000014193066018
Q131303498	6000000014192770896
Q131303754	6000000030524076589
Q131303772	6000000114234606910
Q131303843	6000000014192982797
Q131303844	6000000021344948709
Q131303847	6000000013267850023
Q131303920	6000000024971883722
Q131303928	6000000031349319351
Q131305744	6000000013488566001
Q131307549	6000000118201648998
Q1313078	6000000178710251857
Q131308827	6000000180555916844
Q131308828	6000000003147049483
Q131308861	6000000180556616824
Q131309019	6000000179903705861
Q131309020	6000000179903017840
Q131309022	6000000039398729637
Q131309023	6000000040883243978
Q131309044	6000000030052533477
Q131309125	6000000014023072619
Q131309145	6000000014023748717
Q131309150	6000000014023156585
Q131309184	6000000014023582923
Q131309216	6000000006821988564
Q131309237	6000000006824444223
Q131309249	6000000006808603879
Q131309268	6000000001319712360
Q131309273	6000000020456160112
Q131309277	6000000016126779070
Q131309279	6000000017015875711
Q131309280	6000000017016100144
Q131309284	6000000005955442390
Q131309286	6000000040827319429
Q131309295	6000000001402458138
Q131309296	6000000040876544915
Q131309334	6000000001753015547
Q131309373	6000000014023156589
Q131309450	6000000012306907972
Q131309451	6000000021450458711
Q131309452	6000000034880305852
Q131309453	6000000000240330674
Q131309455	6000000035921570014
Q131309457	6000000029743017848
Q131309459	6000000029742935326
Q131309460	6000000029742708313
Q131309561	6000000013602003185
Q131309564	292930299680001465
Q131309629	6000000004101867068
Q131309631	6000000002182130325
Q131309633	6000000002181838951
Q131309634	6000000002182052310
Q131309636	6000000023110459479
Q131309637	6000000001164085285
Q131309638	6000000004148795224
Q131309639	4106796254410067554
Q131309643	6000000001163947405
Q131309644	6000000002323096679
Q131309648	6000000002323315021
Q131309652	6000000020502853943
Q131309653	6000000004148798189
Q131309654	6000000007370936345
Q131309658	6000000007648459229
Q131309660	6000000001139374762
Q131309892	6000000013195414052
Q131309895	6000000013195491496
Q131309895	6000000069198252905
Q131309930	6000000069172912944
Q131309948	6000000017370688230
Q131309951	6000000017370519340
Q131310168	6000000209434142847
Q131310368	6000000015915847377
Q131310370	6000000015915647942
Q131310380	6000000003444579512
Q131310383	6000000009850829265
Q131310385	6000000006768496649
Q131310386	6000000003444597092
Q131310389	6000000082356626306
Q131310390	6000000082356680329
Q1313104	6000000001384215234
Q131310402	6000000020307556238
Q131310405	6000000003868166215
Q131310406	6000000003296716307
Q131310431	6000000014878012158
Q131310435	6000000003941540131
Q131310436	6000000003941540052
Q131310438	6000000003941524844
Q131310439	6000000003941524787
Q131310440	6000000003940775770
Q131310444	6000000003939807976
Q131310445	6000000003938168170
Q131310451	6000000052605665908
Q131310452	6000000052604489986
Q131310454	6000000003941450494
Q131310455	6000000003939903321
Q131310456	6000000000497522376
Q131310457	6000000002331334622
Q131310460	6000000003941320883
Q131310464	6000000022435003163
Q131310465	6000000014877805736
Q131310496	6000000052604140007
Q131310497	6000000007424137237
Q131310499	6000000003210712521
Q131310508	6000000041064385862
Q131310520	6000000003210717989
Q131310530	6000000052606693893
Q131310531	6000000052606571860
Q131310577	6000000015749891791
Q131310579	6000000015750199510
Q131310580	6000000021555738054
Q131310583	6000000021555746728
Q131310584	6000000021555903605
Q131310586	6000000002603614298
Q131310589	6000000002603581830
Q131310591	6000000001171982061
Q131310594	6000000002603582731
Q131310676	6000000007418429007
Q131310677	6000000007418058809
Q131310678	6000000007418058787
Q131310682	6000000002950551299
Q131311032	6000000001817623623
Q131311032	6000000208252581822
Q131311135	6000000001817623629
Q131311136	6000000001817623595
Q131311143	6000000000700831218
Q131311147	6000000000823668418
Q131311150	6000000003484275746
Q131311153	6000000003484271992
Q131311161	6000000001197698765
Q131311162	6000000001197699109
Q131311165	6000000001197648656
Q131311177	6000000003112620765
Q131311182	6000000001315451791
Q131311183	6000000004630645786
Q131311184	6000000027399285793
Q131311185	6000000007731049423
Q131311193	6000000002759462024
Q131311194	6000000002759462007
Q131311195	6000000006444432748
Q131311196	6000000006444432758
Q131311197	6000000051179504972
Q131311198	6000000075572469876
Q131311199	6000000075572047084
Q131311200	6000000018377724237
Q131311201	6000000136986168444
Q131311202	6000000003943200763
Q131311204	6000000002377209522
Q131311206	6000000011792277661
Q131311207	6000000013375104808
Q131311208	6000000013375211765
Q131311210	6000000013375255316
Q131311211	6000000013375026133
Q131311212	6000000003928550235
Q131311214	6000000003928544713
Q131311216	6000000006579880692
Q131311222	6000000006579895275
Q131311237	6000000002132247528
Q131311266	6000000018162454621
Q131311271	6000000018162049419
Q131311272	6000000018156010449
Q131311342	6000000002331706424
Q131311343	6000000000462315503
Q131311346	6000000000462585146
Q131311348	6000000000462531626
Q131311353	6000000001715491646
Q131311354	6000000001715491568
Q131311381	6000000019567938878
Q131311388	6000000019567017280
Q131311390	6000000019568291261
Q131311391	6000000004593717491
Q131311392	6000000004593181315
Q131311394	6000000026939789473
Q131311396	6000000004593181308
Q131311426	6000000047401309334
Q131311427	6000000190007216837
Q131311428	6000000004838399164
Q131311481	6000000070314897021
Q131311513	6000000107446997834
Q131311519	6000000107445212952
Q1313116	6000000007372444663
Q131312369	6000000011634462502
Q131312678	6000000015346238188
Q131313431	6000000031364693702
Q131313445	6000000031364724310
Q131313552	6000000200204940851
Q131313554	6000000045505130961
Q131313717	6000000071117167868
Q131313769	6000000046415097987
Q131313773	6000000006253676086
Q131313775	6000000000260783796
Q131313776	6000000006286522472
Q131313779	6000000023117809120
Q131313780	6000000007593345544
Q131313781	6000000003040615339
Q131313783	6000000003040615331
Q131313784	6000000071343043836
Q131313785	6000000012412284739
Q131313960	6000000018542991413
Q131314005	6000000036601104160
Q131314006	6000000003221097399
Q131314025	6000000038657361832
Q131314040	6000000000770685079
Q131314041	6000000001915965311
Q131314045	6000000001916048990
Q131314047	6000000006445999213
Q131314204	6000000036035556198
Q131314794	6000000039321235005
Q131314883	6000000006441973054
Q131314894	6000000014407460446
Q131314895	6000000006110873263
Q131314896	6000000006110873258
Q131314897	6000000006608832985
Q131314898	6000000002362138407
Q131314905	6000000004827750802
Q131314907	6000000011760196234
Q131314911	1683590
Q131314912	6000000014477793522
Q131314920	1683591
Q131314921	6000000003795851389
Q131314922	6000000004547847596
Q131314923	5468551770910043560
Q131314930	6000000003171844328
Q131314932	6000000005417595819
Q131314933	5468707606860128711
Q131314940	6000000001923241506
Q131314941	6000000015095663467
Q131314943	6000000004630737213
Q131314980	6000000003848017686
Q131315042	6000000029740397223
Q131315044	6000000002761886434
Q131315046	6000000000658888910
Q131315048	6000000003940795738
Q131315051	6000000003940795745
Q131315055	6000000002761947008
Q131315056	6000000000658889071
Q131315068	6000000190421208832
Q131315071	6000000190421662823
Q131315075	6000000190421625832
Q131315077	6000000190421597832
Q131315078	6000000096338778846
Q131315079	6000000006111079638
Q131315081	6000000006110858648
Q131315083	6000000008981043004
Q131315084	6000000004548131400
Q131315086	6000000003076436218
Q131315092	6000000072646885605
Q131315094	6000000173980631132
Q131315095	6000000173980630973
Q131315097	6000000003940399465
Q131315156	6000000073337427834
Q131315568	6000000035248556440
Q131315621	6000000024708672887
Q131315683	6000000039203774349
Q131315784	6000000069078781909
Q131315921	6000000013155670406
Q131316074	6000000015740739562
Q131316261	6000000004548131849
Q131316263	6000000006111079633
Q131316274	6000000006111079930
Q131316279	6000000001959766011
Q131316280	6000000002861048196
Q131316282	867800
Q131316304	6000000013200538159
Q131316307	6000000013202316579
Q131316328	6000000005415186581
Q131316329	6000000005415114382
Q131316476	6000000047598470220
Q131316477	4341075400870052227
Q131316572	6000000020732607527
Q131316574	6000000000784215184
Q131316649	6000000034137737255
Q131316718	6000000078275771981
Q131316764	6000000015623428818
Q131316809	6000000084652853910
Q131316820	6000000015623696061
Q131316862	6000000084652607033
Q1313174	6000000011361216186
Q131318	6000000014629955088
Q1313182	6000000135721513204
Q13131846	6000000018955100293
Q131319198	6000000184142094829
Q131319266	6000000180480654871
Q131319278	6000000030919302127
Q131319281	6000000030919280986
Q131319285	6000000026933674730
Q131319286	6000000030919627927
Q131319340	6000000026935691277
Q131319344	6000000026932530743
Q131319685	6000000023359132005
Q131319697	6000000186133687846
Q131319746	6000000000592162534
Q131319770	6000000024972335177
Q131320889	6000000041479220956
Q131321433	6000000039481504872
Q131321437	6000000014981340462
Q131321605	6000000003915299678
Q1313217	6000000010802194159
Q131322118	6000000005394719816
Q131322359	6000000016070069363
Q131322575	6000000089859305895
Q131322576	6000000003814397400
Q131322593	6000000089859269892
Q131322594	6000000053540206912
Q131322595	6000000024989797912
Q131322605	6000000089857380355
Q131322607	6000000084928080867
Q131322608	6000000006348706631
Q131322614	6000000012874174648
Q131322616	6000000003942570604
Q131322619	6000000006795870302
Q131322620	6000000006795701783
Q131322621	6000000006795852439
Q131322702	6000000007408583273
Q131322704	6000000020650220145
Q131322705	6000000039286414259
Q131324	6000000000782676092
Q131324038	6000000019226081680
Q131324065	6000000004691687345
Q131324100	6000000011423272077
Q131324222	6000000024808726468
Q131324661	6000000045906635996
Q131324662	6000000045906626024
Q131324668	6000000045906145356
Q131325264	6000000039481956949
Q131325318	6000000039481481804
Q131325318	6000000039481741156
Q131326775	6000000030387067930
Q13132805	6000000014072278364
Q13132828	6000000011706755341
Q13132828	6000000024948115346
Q13132830	6000000014945293029
Q13132890	6000000016729919293
Q131329048	6000000021715238070
Q131329049	6000000024249675900
Q131329053	6000000028227373157
Q131329124	6000000001715491804
Q13133	6000000001736763489
Q131331690	6000000005929088014
Q131331723	6000000012443294705
Q131331731	6000000001213473577
Q131331753	6000000002603767357
Q131331843	6000000006444441017
Q131331853	6000000003468213088
Q131331883	6000000007088873219
Q131331888	6000000026423200981
Q131331891	6000000007088665367
Q131331892	6000000002925761906
Q131331893	6000000003197087163
Q131331944	6000000000484730975
Q131332	6000000007636309266
Q131332997	6000000073626622034
Q131333	6000000012865820226
Q131333006	6000000030905198671
Q131333013	6000000030905400633
Q131333023	6000000030905706028
Q131333035	6000000030905337703
Q131333185	6000000074416643828
Q131333185	6000000110969991856
Q131333296	6000000074413928833
Q131333304	6000000074412439838
Q131333314	6000000000664442873
Q131333332	4225381821770057059
Q131333610	4415787768560126811
Q131333634	4234443452650058639
Q1313351	6000000011460698258
Q131335899	6000000197491287822
Q13133747	6000000038239544159
Q13133749	6000000015186369332
Q13133749	6000000190455000327
Q13133753	6000000004094646075
Q13133757	6000000015184576159
Q1313376	6000000039351968901
Q13133772	6000000024758078117
Q131338525	6000000211654281822
Q131338607	6000000069817217181
Q131338618	6000000013925233080
Q131338627	6000000199514428821
Q131338796	6000000069817504191
Q131338805	6000000069817470875
Q131338843	6000000069817953835
Q1313389	6000000077953238120
Q131339018	6000000025374654838
Q131339448	6000000015137999921
Q13133948	6000000022671593055
Q131339545	6000000007017799597
Q131339617	6000000025372780981
Q131339671	6000000212833483827
Q131340702	6000000037402727051
Q131340732	6000000037402326459
Q131340808	6000000015152503183
Q131340959	6000000024988253210
Q131340960	6000000024988248627
Q131341291	6000000017756993380
Q131341509	6000000084747987948
Q131341510	6000000084748392836
Q131341511	6000000030290621427
Q131341512	6000000013396238161
Q131341513	6000000009300215779
Q131341516	6000000190458546373
Q131341518	6000000084748114954
Q131341520	6000000072066161148
Q131341521	6000000001357818789
Q131341528	6000000001713312308
Q131341531	6000000003221090701
Q131341532	6000000007058036316
Q131341622	6000000072066212194
Q131341623	6000000020934954962
Q131341624	6000000008560330618
Q131341825	6000000002906092366
Q131341830	6000000027467529133
Q131341834	6000000027467209795
Q131341836	6000000001247170691
Q131341843	6000000006321941007
Q131341845	6000000006517861415
Q131341906	6000000000490925210
Q131341907	6000000003940018251
Q131341910	6000000003939027702
Q131341914	6000000003940018243
Q131341937	1878588
Q131341938	1878737
Q131341940	6000000111628799899
Q131341941	6000000111626221843
Q131341942	6000000138304936822
Q131341943	6000000029701925833
Q131341944	6000000011472842998
Q131341981	6000000003938659251
Q131341986	6000000023868050540
Q131341998	6000000003634754251
Q131341999	6000000002994120068
Q131342006	6000000003409644833
Q131342130	6000000023738566931
Q131342132	6000000023738382298
Q131342147	6000000023738383330
Q131342149	6000000023738617258
Q131342151	6000000001481353707
Q131342151	6000000023738325397
Q131342160	6000000004358395531
Q131342176	6000000037358869172
Q131342177	6000000001481346750
Q131342179	6000000001481346722
Q131342180	6000000003150217821
Q131342241	4875313807160032311
Q131342679	6000000005962719723
Q131343234	6000000017219423886
Q131343474	6000000048817712942
Q131343522	6000000045283958004
Q13134368	6000000021239700323
Q13134371	6000000041724779153
Q13134372	6000000040081361101
Q131343754	6000000031096966852
Q13134394	6000000011734277949
Q13134403	6000000069492858864
Q13134404	6000000114106104861
Q13134443	6000000017486662402
Q131344623	6000000016308511023
Q131345036	6000000017349629654
Q131345074	6000000038722229050
Q131345075	6000000130990776912
Q131345277	6000000130992922847
Q131345283	6000000130997062848
Q131345413	6000000185559748990
Q13134677	6000000018002957366
Q13134683	6000000020007392766
Q1313472	6000000177037566834
Q131347718	6000000003797364028
Q131347754	6000000001212896855
Q131347782	6000000003897343644
Q13134788	6000000015587211452
Q1313479	6000000002215916682
Q131348172	328314040650004721
Q131348186	6000000001219608038
Q131348186	6000000148339395942
Q131348598	6000000001210051388
Q131348662	6000000001219587014
Q131348663	6000000001219454633
Q131348664	6000000027490322470
Q131348725	6000000003938265428
Q131348765	6000000070647620853
Q131348771	6000000070647025589
Q131348772	6000000070646679768
Q131348775	6000000070647891822
Q131348776	6000000070647262545
Q131348777	6000000003811035298
Q131348796	6000000001210948165
Q131348798	6000000004851357996
Q131348858	6000000002684676391
Q131348860	6000000002677612430
Q131348861	6000000001980946990
Q131348865	6000000001980946972
Q131348866	6000000003150290924
Q131348887	6000000206321109867
Q131348948	6000000018639456239
Q131348950	6000000027471843522
Q131348951	6000000026730667333
Q131348952	6000000003147013753
Q131348958	6000000003147013745
Q131348965	6000000013561188514
Q131348967	6000000003940589410
Q131348992	6000000000250526527
Q131349009	378473297010013034
Q131349023	6000000002930836851
Q131349064	6000000003938098219
Q131349104	6000000013821619914
Q131349119	6000000013821853163
Q131349120	6000000014471644126
Q131349257	6000000074857784897
Q131349382	6000000074858941822
Q131349433	6000000006725980346
Q131349445	373323088690013266
Q131349447	6000000002799100664
Q131349455	6000000074881413832
Q131349618	6000000074892658821
Q131350071	6000000211736579830
Q131350096	6000000017350564270
Q131350097	6000000211736407843
Q131350107	6000000017350563463
Q131350134	6000000036534934559
Q131350312	6000000016811429257
Q13135055	6000000017313800001
Q131350552	6000000114310368823
Q13135073	6000000014223425161
Q131351695	6000000012536371155
Q131351697	6000000012536250652
Q131352019	6000000016373483061
Q131352264	6000000093833110192
Q13135336	6000000091138047789
Q131353752	6000000038142046700
Q131353759	6000000038141922953
Q131353805	6000000038142169396
Q131354357	6000000092462468837
Q131354582	6000000000020136286
Q131354585	6000000000020201025
Q131354587	6000000000020082489
Q131354587	6000000014349682149
Q131354770	6000000005757535688
Q131354772	6000000000538017382
Q131354832	6000000119535950924
Q131354833	6000000119537441876
Q131354834	6000000003940827115
Q131354835	6000000003940827085
Q131354839	6000000013394302861
Q131354840	6000000000485184478
Q131354849	6000000002969967328
Q131354851	6000000003939694436
Q13135492	6000000026009732964
Q131355355	6000000008112811608
Q131355411	6000000000661738064
Q131355449	6000000003858793605
Q131355561	6000000004349214217
Q131355562	6000000001690255139
Q131355858	6000000026177958051
Q131355863	6000000026177983066
Q131355863	6000000221648329284
Q131355876	6000000013103203712
Q131355877	6000000003149691721
Q131355878	6000000041442859937
Q131355880	6000000002889382302
Q131355882	6000000006802855868
Q131355885	6000000008382498527
Q131355888	6000000001737666308
Q131355890	6000000013103424782
Q131355893	6000000008340011402
Q131355894	6000000003942731267
Q131355902	6000000003490614872
Q131355904	6000000003937222660
Q131355911	6000000003490596145
Q131355912	6000000003490596122
Q131355929	3100509
Q131355939	3100495
Q131355976	6000000006166496108
Q131355981	6000000006166973256
Q131355982	6000000000966131564
Q131356017	6000000001364228031
Q131356556	6000000006444468751
Q131356589	6000000013103227784
Q131356590	6000000003149703477
Q131356592	6000000010008187985
Q131356594	6000000024600102055
Q131356598	6000000003077229476
Q131356613	6000000020956645414
Q131356614	317832358440005084
Q131356616	6000000002742060517
Q131356617	6000000002742060495
Q131356618	6000000002742060447
Q131356620	6000000000618905567
Q131356636	6000000002742060503
Q131356638	4964664608470052465
Q131356640	4964664658030052472
Q131356643	6000000003187710649
Q131356648	6000000012225365642
Q131356655	6000000012225584676
Q131356656	6000000002349645283
Q131356672	6000000001828275134
Q131356681	317830147000003565
Q131356683	309929896070004605
Q131356685	309926496820001419
Q131356689	309924396530008217
Q131356780	6000000011403160643
Q131356791	6000000003938400918
Q131357104	6000000008959420195
Q131357112	6000000008959649265
Q131357143	6000000018163500325
Q1313582	6000000009638628472
Q13135820	6000000020131687181
Q13135823	6000000018853595571
Q131358483	6000000006382280181
Q131358542	6000000023386589443
Q131358543	6000000015903992773
Q131358627	6000000002531302903
Q131358628	6000000002531572245
Q131358629	6000000002531407550
Q131358630	6000000004079484425
Q131358645	6000000002460069480
Q131358646	6000000002460069501
Q131358647	6000000003040502189
Q13135867	6000000068566758912
Q131359128	6000000030949897912
Q131359137	6000000001781837044
Q131359144	6000000005582526354
Q131359152	6000000001727091043
Q131359153	6000000030967395564
Q131359154	6000000030949874373
Q131359156	6000000028105447972
Q131359160	6000000021786455928
Q131359162	6000000021786374091
Q131359163	6000000021785762499
Q131359165	5443480068280052153
Q131359166	5443472420690089808
Q131359172	6000000029762090983
Q131359173	6000000003987474965
Q131359174	6000000003987474954
Q131359176	6000000003987474943
Q131359184	6000000000867353171
Q131359237	6000000010627347215
Q131359260	6000000010627242348
Q131359270	6000000015292343774
Q131359648	6000000017735559779
Q131359652	6000000017736294136
Q131359680	6000000041457584633
Q131359740	6000000041457727397
Q131359752	6000000041478784688
Q131359759	6000000041479101479
Q131359900	6000000179041228821
Q13135992	6000000021572257204
Q131359965	6000000041478649489
Q131359966	6000000041468320166
Q131359969	6000000041468033482
Q131360033	1840056
Q131360038	6000000002576397901
Q131360122	6000000041468453069
Q131360163	6000000002766369584
Q131360164	6000000002946652891
Q131360165	6000000002946652821
Q131360167	6000000013020935758
Q131360170	6000000004993311152
Q131360171	6000000002946680220
Q131360172	6000000025527866338
Q131360188	6000000002766344781
Q131360189	6000000002627265220
Q131360252	6000000133624154821
Q131360304	6000000035160358867
Q131360326	6000000041457229001
Q131360354	6000000112861127960
Q131360368	6000000024987553817
Q13136047	6000000025765796142
Q131360695	6000000003607939889
Q131360699	6000000003607964690
Q131360701	6000000002992110558
Q131360703	6000000003607950760
Q131360704	6000000003607961522
Q131360706	6000000003607950712
Q131360723	6000000003607938812
Q131360726	6000000003615056850
Q131360728	6000000003607945260
Q131360985	6000000215412104823
Q131361171	6000000025676304369
Q131361173	6000000025676269099
Q131361238	6000000025675687786
Q131361277	6000000212006698833
Q131361287	6000000041492520426
Q131361290	6000000041492127014
Q131361353	6000000041492631473
Q131361356	6000000041492832984
Q131361359	6000000041492329829
Q131361360	6000000041491677150
Q131361477	6000000025676166440
Q131361481	6000000025675157671
Q131361483	6000000025675831507
Q131361625	6000000036507591231
Q131361763	4065051370630020588
Q131362287	6000000025676491506
Q131362288	6000000192397706824
Q131362397	6000000192397856865
Q131362430	6000000018715573842
Q131362665	6000000036909057768
Q131362719	6000000192398382823
Q131362738	6000000018715955082
Q131363348	6000000036888554261
Q131363349	6000000036882398973
Q13136341	6000000017963548079
Q131363465	6000000036888671097
Q131363467	6000000038015712188
Q13136368	6000000105780069259
Q131363717	6000000041479081638
Q131364103	6000000003866230070
Q13136434	6000000025657008259
Q131364502	6000000014196603628
Q131364503	6000000014196923145
Q131364504	6000000014196778498
Q131364505	6000000014196820190
Q131364506	6000000014197110102
Q131364508	6000000000688951177
Q131364509	6000000003939915321
Q131364510	6000000000689020699
Q131364512	6000000014197110131
Q131364513	6000000000958222426
Q131364519	6000000004237775481
Q131364534	4847343716880092706
Q131364535	4847331268660086279
Q131364536	4847322232710024918
Q131364537	6000000000613806544
Q131364538	6000000000613806660
Q131364543	6000000005415323422
Q131364545	6000000005015195911
Q131364546	345232910950006753
Q131364551	345232087430011772
Q131364552	6000000002073826734
Q131364553	6000000002174816685
Q131364564	4847347215560139452
Q131364566	6000000003681533879
Q131364567	6000000003681533890
Q131364583	6000000006823680524
Q131364588	6000000005909463209
Q131364592	6000000003524485281
Q131364595	6000000003524485162
Q131364596	6000000015839432567
Q131364597	6000000033694854889
Q131364598	6000000001869878975
Q131364599	6000000006573862682
Q131364601	6000000005382168165
Q131364602	6000000002695649169
Q131364603	6000000005382108230
Q131364631	6000000012923066384
Q131364637	6000000209139943904
Q131364638	6000000006413092476
Q131364639	6000000000618797013
Q131364640	6000000000682021884
Q131364645	6000000000619004525
Q131364646	6000000002252437265
Q131364648	6000000000619075405
Q131364649	6000000018694652333
Q131364650	6000000001445413517
Q131364651	2516951
Q131364653	6000000004284474216
Q131364654	6000000000618807976
Q131364657	6000000209139893862
Q131364658	6000000079217665902
Q131364659	6000000176180922821
Q131364659	6000000187309434907
Q131364660	6000000007372247342
Q131364660	6000000176180790827
Q13136476	6000000029820898057
Q13136501	6000000020182151259
Q1313665	6000000084348901821
Q131366530	6000000109917266844
Q131366749	6000000008269049997
Q131366815	6000000122222948915
Q131366822	6000000021736272981
Q131366845	6000000018379425426
Q131366941	6000000013782808334
Q131366942	6000000018478572275
Q131366944	6000000008308008928
Q131366945	6000000018478684706
Q131366949	6000000018478555471
Q131366950	6000000051601485916
Q131366953	6000000051601785833
Q131366954	6000000051601692856
Q131366955	6000000008630882939
Q131366956	6000000002766650483
Q131366957	6000000018478862249
Q131366958	6000000018955117769
Q131366959	5685875895260076645
Q131366961	5685889327400034359
Q131366963	6000000018954952726
Q131366965	6000000000484621562
Q131366966	378235234860007711
Q131366968	6000000008653393568
Q131366972	6000000017333401901
Q131366973	6000000000284237424
Q131366975	6000000000260089332
Q131366976	4416087
Q131366978	6000000000250537126
Q131366981	6000000008630882488
Q131366982	6000000008630882949
Q131366988	6000000009806760313
Q131366989	6000000014441485522
Q131366990	6000000022700118691
Q131366991	4472743702410022860
Q131366993	6000000005233361345
Q131366998	6000000005233554026
Q131367018	6000000026381572341
Q131367019	6000000026382084146
Q131367031	6000000007405944488
Q131367033	6000000007406472212
Q131367039	6000000045872860986
Q131367040	6000000045873385845
Q131367041	6000000005929162776
Q131367045	6000000008726130781
Q131367046	6000000006719662721
Q131367047	6000000001540878625
Q131367059	6000000011199229461
Q131367064	6000000006719662073
Q131367125	6000000106891295864
Q131367135	6000000008300642579
Q131367136	6000000008300642826
Q131367137	4701677451810024124
Q131367138	6000000013254584405
Q131367139	6000000006578952979
Q131367184	6000000041457289855
Q131367192	6000000041456880541
Q131367299	6000000010424068201
Q131367303	6000000010423389657
Q131367307	6000000003077502555
Q131367312	6000000003077515564
Q131367316	6000000002531327731
Q131367389	6000000012685253429
Q131367423	6000000008300553009
Q131367431	6000000012685323220
Q131367437	6000000098740510969
Q131367440	6000000008230770394
Q131367444	6000000008652699939
Q131367446	6000000005378291014
Q131367455	6000000021689278481
Q131367459	6000000014753422992
Q131367465	6000000003939165859
Q131367467	6000000008300552997
Q131367472	6000000006446064005
Q131367473	6000000006446008226
Q131367474	6000000003490657502
Q131367477	6000000001727213090
Q131367478	6000000001727212641
Q131367480	6000000001880278170
Q131367481	6000000008300591207
Q131367482	6000000001727212259
Q131367484	6000000002046145731
Q131367485	6000000000155664672
Q131367509	6000000000770184193
Q131367513	5514360319400023541
Q131367514	6000000002677627251
Q131367520	6000000000770191797
Q131367548	6000000003938040392
Q131367550	6000000003938040352
Q131367553	6000000003939165464
Q131367558	6000000003939726173
Q131367559	6000000003040845810
Q131367561	6000000003040845779
Q131367562	6000000002954571423
Q131367564	6000000095604164821
Q131367566	6000000003128018318
Q131367567	6000000002889751282
Q131367572	6000000003128006140
Q131367573	6000000017846201960
Q131367575	6000000003940341329
Q131367577	6000000003938132375
Q131367578	6000000003938132347
Q131367580	6000000002684737912
Q131367582	6000000003940341308
Q131367584	6000000008300369886
Q131367587	6000000008300552980
Q131367589	6000000008300566514
Q131367590	6000000003938080978
Q131367592	6000000002006056796
Q131367603	6000000076453836856
Q131367610	6000000029853279289
Q131367618	6000000029854801854
Q131367632	6000000029854645010
Q131367641	6000000029853610179
Q131367677	6000000013924376876
Q131367753	6000000010384677143
Q131367754	340422409040013982
Q131367763	6000000010385053521
Q131367787	6000000084460473324
Q131367791	6000000210022873825
Q131367808	6000000210022591831
Q131367816	6000000019327278376
Q131367817	6000000001384096738
Q131367820	6000000004577418833
Q131367824	6000000010385193503
Q131367825	6000000005577274680
Q131367826	6000000005577238492
Q131367829	6000000210024061847
Q131367835	6000000049442423946
Q131367837	6000000028103104124
Q131367838	6000000006440304571
Q131367846	6000000210022335822
Q131367850	6000000082475154657
Q131367851	6000000082476354275
Q131367866	6000000004852736759
Q131367903	6000000000475175878
Q131367907	6000000012837629741
Q131367913	6000000049442385918
Q131367915	6000000049442761904
Q131367916	6000000007059623701
Q131367919	6000000039057414117
Q131367920	6000000006870665527
Q131367922	6000000001363876563
Q131367925	6000000003077097397
Q131367927	6000000015642132459
Q131367961	6000000007966431506
Q131367974	6000000001503966235
Q131367975	6000000002930995782
Q131368045	6000000040569780857
Q131368049	6000000003938684497
Q131368050	6000000013396893157
Q131368056	6000000041724785283
Q131368060	6000000064201412027
Q131368062	6000000006446047154
Q131368139	6000000015354124417
Q131368140	6000000015346807024
Q131369043	6000000008605375576
Q131369213	6000000038142792127
Q131369246	6000000030904327108
Q131369247	6000000030905299689
Q131369250	6000000030905290777
Q131369253	6000000030905316620
Q131369259	6000000041724578530
Q131369306	6000000006947418196
Q131369309	6000000002736747543
Q131369310	6000000004355326093
Q131369313	6000000041479249951
Q131369314	6000000004994103445
Q131369329	6000000041478857619
Q131369346	6000000041479038313
Q131369420	6000000041480172225
Q131369446	6000000041480440932
Q131369450	6000000041480347965
Q131369453	6000000041480171364
Q131369458	6000000002447346503
Q131369460	6000000002965126836
Q131369462	6000000002447233199
Q131369468	6000000002965135927
Q131369469	6000000002447424132
Q131369470	6000000004017504605
Q131369471	6000000004017572331
Q131369473	6000000002447424140
Q131369474	6000000008439175841
Q131369507	6000000176979625837
Q131369508	6000000006801717634
Q131369508	6000000176979373849
Q131369528	6000000006801667433
Q131369529	6000000002796883337
Q131369530	6000000002796873911
Q131369532	6000000002677630881
Q131369534	6000000002796915548
Q131369535	6000000002043298976
Q131369542	6000000206956145833
Q131369544	6000000206953089837
Q131369571	6000000020320274149
Q131369573	6000000020320416854
Q131369575	6000000020320065670
Q131369578	6000000005415565522
Q131369580	6000000005415175397
Q131369585	6000000003526768978
Q131369587	6000000005415134660
Q131369591	6000000022835137946
Q131369646	6000000019599540303
Q131369647	6000000021749983909
Q131369648	6000000021747612411
Q131369649	6000000002905089807
Q131369652	349768161110013535
Q131369695	6000000023385742007
Q131369708	6000000047241407300
Q131369709	6000000042280815331
Q131369722	6000000043235942058
Q131369731	6000000005920547217
Q131369765	6000000007321907287
Q131369955	6000000162117930821
Q131369956	6000000078249222549
Q131370004	6000000033792942046
Q131370014	6000000033433199422
Q131370018	6000000165243001830
Q131370067	6000000196605311828
Q131370075	6000000040080985910
Q131370095	6000000040080979096
Q131370107	6000000004153418663
Q13137034	6000000020008298889
Q131370347	6000000051802455897
Q131370348	6000000051801896264
Q13137039	6000000018069941326
Q131370601	6000000163186258867
Q131370606	6000000112492233999
Q131370606	6000000209415459836
Q131370607	4014730
Q131370608	4014735
Q131370610	6000000003811192997
Q131370611	6000000001410785824
Q131370616	6000000001410928687
Q131370617	6000000002314985941
Q131370618	6000000020999322567
Q131370618	6000000209415233855
Q131370625	6000000062922040892
Q131370627	6000000001601194977
Q131370630	6000000000835644147
Q131370633	6000000003224087060
Q131370786	6000000018379398708
Q13137079	6000000026033456326
Q131370831	6000000030753774381
Q131372959	6000000033003851065
Q131373294	6000000176025845822
Q131373336	6000000039258044437
Q131374	6000000018595092025
Q131374449	6000000014931335810
Q131374637	6000000039493891083
Q1313749	6000000031758544260
Q131375039	6000000074458700958
Q131375040	6000000074459091900
Q131375357	6000000039563118407
Q131375358	6000000039563628843
Q131375396	6000000039563536145
Q131375397	6000000039563677157
Q131375453	6000000007051700118
Q131375454	6000000007051564110
Q131375456	6000000006871313556
Q131375561	6000000022486253717
Q131375604	6000000032606648234
Q131375817	6000000027125878711
Q131375817	6000000038900880856
Q131376066	6000000120284119912
Q131376226	6000000014548413296
Q131376245	6000000002288832882
Q131376259	6000000010807713678
Q131376319	6000000106877546556
Q131376353	6000000029040844408
Q131376543	6000000032606610453
Q131376544	6000000067814815065
Q131376545	6000000067817613858
Q131376546	6000000067817536922
Q131376547	6000000067817578969
Q131376747	6000000032606848480
Q131376785	6000000071546446160
Q131376851	6000000071546784884
Q131376869	6000000032606743403
Q131376963	6000000177116960844
Q131377011	6000000029470510021
Q131377012	6000000205526539846
Q131377022	6000000067817747822
Q131377030	6000000012644174586
Q131377068	6000000067817739821
Q131377084	6000000067822110953
Q131377116	6000000067755291852
Q131377127	6000000080492818059
Q131377136	6000000002835611593
Q131377140	6000000015261159783
Q131377185	6000000080493009919
Q131377188	6000000002871926078
Q131377198	6000000067917764821
Q131377199	6000000003522903599
Q13137737	6000000002802756472
Q131377564	6000000067817531955
Q131377880	6000000029605283805
Q1313779	6000000072436817923
Q131377900	6000000067817613862
Q131377958	6000000080492530219
Q131377971	6000000067821877046
Q131377978	6000000067817550847
Q131377995	6000000032606759116
Q131378024	6000000007280645749
Q131378095	6000000051805165420
Q131378125	6000000077950890044
Q131378167	6000000003552818139
Q131378168	6000000003551757199
Q131378822	6000000015153545172
Q131378911	6000000130851091821
Q131379042	6000000032606819097
Q131379231	6000000005393987008
Q131379316	6000000080491219263
Q131379374	6000000111420670913
Q131379379	6000000169027013939
Q131379495	6000000047103063872
Q131379663	6000000015521203666
Q131379664	6000000015521925117
Q131379696	6000000015521774121
Q131379722	6000000015518633472
Q131379755	6000000015518725064
Q131379756	6000000202682461842
Q131379760	6000000015518631731
Q131379786	6000000015521590059
Q131379832	6000000059441965521
Q131379835	6000000068981677875
Q131379882	6000000068981550888
Q131379898	6000000068981418884
Q1313799	6000000023924552080
Q131379917	6000000015521147957
Q131379923	6000000211942345826
Q131379929	6000000095230577889
Q131379930	6000000060993725243
Q131379965	6000000060994336821
Q131379976	6000000060993995996
Q131380	6000000007024940303
Q131380009	6000000014933635651
Q131380074	6000000211933596831
Q131380082	6000000060993991965
Q131380087	6000000075110709828
Q131380156	6000000211942465823
Q131380250	6000000060993867150
Q131380251	6000000060994152929
Q131380293	6000000060994201963
Q131380304	6000000060994407821
Q131380683	6000000063114588836
Q131380766	6000000124823098853
Q131380780	6000000063114008888
Q131380832	6000000063114171008
Q131380836	6000000063113977028
Q131380882	6000000063114431891
Q131380895	6000000063114223064
Q131380929	6000000063114377898
Q131380933	6000000021618128855
Q131380937	6000000097141698325
Q131381069	6000000015216658243
Q1313811	6000000016337928336
Q131381421	6000000036355193008
Q131381523	6000000027740184216
Q131381591	6000000040263152137
Q131381606	6000000020085927559
Q131381660	6000000211942497838
Q131381860	6000000124958330879
Q131381873	6000000071769436089
Q131381963	6000000071769599071
Q13138197	6000000018423189599
Q131382007	6000000006775630341
Q131382080	6000000022905487598
Q131382130	6000000071767019859
Q131382172	6000000036083210184
Q131382175	6000000026352935048
Q131382188	6000000018769938445
Q131382191	6000000001456568561
Q131382216	6000000036083615841
Q131382244	6000000036084083821
Q131382264	6000000031814182230
Q131382288	6000000008960076573
Q131382337	6000000036068539348
Q131382346	6000000036084369933
Q131382378	6000000039102348579
Q131382382	6000000036084134004
Q131382393	6000000007464146460
Q131382676	6000000063114246920
Q131382683	6000000075112387821
Q131382692	6000000171512325898
Q131382770	6000000001665870795
Q131382929	6000000019060772293
Q13138352	6000000019091433455
Q131384027	6000000032606884259
Q131384117	6000000057269585845
Q131384181	6000000013211824861
Q131384206	6000000130749718821
Q131384210	6000000121952213854
Q131384337	6000000080995683934
Q131384345	6000000032606967177
Q131384346	6000000032607013109
Q131384506	6000000032606969116
Q131384508	6000000032606876298
Q131384519	6000000032606701536
Q131384520	6000000032607054020
Q131384538	6000000032606818582
Q131384541	6000000032607133950
Q131384551	6000000032607082012
Q131384552	6000000032607095280
Q131384809	6000000032606771607
Q131384834	6000000032606876287
Q131384853	6000000032606725797
Q131384883	6000000032606874944
Q131384892	6000000032606845064
Q131385024	6000000198082881831
Q131385036	6000000198743675840
Q131385041	6000000198743673842
Q131385089	6000000177116968831
Q131385186	6000000056237546001
Q131385221	6000000032606939862
Q131385233	6000000032606581720
Q131385239	6000000032606857116
Q131385244	6000000032606929914
Q131385249	6000000032606410811
Q131385255	6000000032606639287
Q131385264	6000000032606960896
Q131385273	6000000032606593558
Q131385278	6000000032606535776
Q131385295	6000000032606934993
Q131385305	6000000032606701331
Q131385459	6000000001180189972
Q131385468	6000000001180193103
Q131385470	6000000006597187017
Q131385481	6000000001180104592
Q131385484	6000000000948703856
Q131385485	6000000000948864270
Q131385490	6000000006762361448
Q131385491	6000000008851854406
Q131385497	6000000001180233187
Q131385499	6000000001180228117
Q131385563	6000000086346587854
Q131385563	6000000119183927902
Q131385615	6000000050415028821
Q131385852	6000000032607068914
Q131386314	6000000026746140273
Q131386382	6000000003680009061
Q131386448	6000000179724348824
Q131386449	6000000094491256835
Q131386464	6000000205525685821
Q131386469	6000000205525546892
Q131386472	6000000205526635844
Q131386475	6000000205526437821
Q131386526	6000000026746117189
Q131386558	6000000002452448094
Q131386560	6000000018385514210
Q131386596	6000000017768434720
Q13138673	6000000014428348255
Q131386778	6000000037304654154
Q131386778	6000000160092070832
Q131387464	6000000005932565669
Q131388193	6000000021194281437
Q131389688	6000000012467441196
Q131389689	6000000004047819919
Q131389694	6000000000498131565
Q131389697	6000000002649930640
Q1313897	6000000007316930136
Q131389720	6000000000498131547
Q131389747	6000000003075765896
Q131389778	362679024210011285
Q131389779	6000000002649930562
Q131389781	6000000012468188207
Q131389782	6000000109507604973
Q131389792	6000000003772718808
Q131389798	362592039400004395
Q131389799	6000000006449561844
Q1313900	6000000003342845873
Q131390407	6000000019980455235
Q131391729	6000000130754770847
Q131391838	6000000016429652696
Q131391948	6000000015153301650
Q131391990	6000000016364582447
Q131392097	6000000015153505166
Q131392134	6000000030065499163
Q131392254	6000000010331281588
Q131393970	6000000067107117859
Q131394	385221196670012744
Q1313940	6000000177151052895
Q131394348	6000000013765865356
Q131394360	6000000013341323466
Q131395011	6000000090936428828
Q131395027	6000000015150977936
Q131395054	6000000015103767782
Q131395156	5602098939050126406
Q131395206	6000000006353467489
Q131395226	6000000006353776665
Q131395259	6000000003681536186
Q131395260	6000000019831079006
Q131395261	6000000008356528873
Q1313954	6000000016395865710
Q131395888	6000000005533971001
Q131395889	6000000002447366885
Q131395891	6000000002447366901
Q131395893	6000000002447366916
Q131395894	6000000005533088079
Q131395895	6000000005533101003
Q131395898	6000000001804184354
Q131395900	6000000002673640175
Q131396318	6000000019547289492
Q131397282	6000000014773813610
Q131397355	6000000067106908890
Q131397396	6000000067107207835
Q131397454	6000000013103664398
Q131397480	6000000191498929823
Q131398548	6000000001937474568
Q131398839	6000000048543045953
Q131398979	6000000048543448927
Q131399229	6000000048542377699
Q131399279	6000000022936694953
Q131399280	6000000022936743959
Q131399344	6000000013375435340
Q131399345	6000000007454312176
Q131399345	6000000018399489873
Q131399349	6000000000596053102
Q131399350	4925099135210066874
Q131399352	6000000003271686183
Q131399353	6000000003271390812
Q131399355	6000000003271352776
Q131399398	6000000054462201845
Q131399399	6000000054462037868
Q131399400	6000000034293018262
Q131399401	6000000034607019901
Q131399403	6000000000953545701
Q131399405	6000000054461543852
Q131399407	6000000043693128245
Q131399408	6000000054463517840
Q131399410	6000000003524040000
Q131399411	6000000054473157922
Q131399412	6000000043693041457
Q131399413	6000000092562432880
Q131399414	6000000017106750845
Q131399415	6000000000497495065
Q131399427	6000000074678087842
Q131399428	6000000059394107132
Q131399429	6000000002911422333
Q131399432	6000000000071179040
Q131399452	6000000047865612452
Q131399464	6000000083028206838
Q131399483	6000000015783461063
Q131399488	6000000008176403342
Q131399489	6000000015783497085
Q131399491	6000000015795919159
Q131399496	6000000000784574155
Q131399720	6000000208853795845
Q131399766	6000000007191457311
Q131399768	6000000015062511391
Q131399769	6000000017707319043
Q131399771	5684122103060106861
Q131399773	4641547882700064851
Q131399775	6000000001405599223
Q131399776	315179396000002668
Q131399779	6000000015062066826
Q131399780	6000000018262378223
Q131399781	6000000002684893373
Q131399782	6000000005417595889
Q131400514	6000000209112659858
Q131400632	6000000023855996314
Q131400657	6000000002732927491
Q131400680	6000000000413272947
Q131400704	6000000010372799473
Q131400793	6000000024543575064
Q131400796	6000000000603007702
Q131400797	6000000001562903735
Q131400814	6000000001843182171
Q131400816	6000000016348243857
Q131400818	6000000001410778919
Q131401011	6000000035003729449
Q131401012	6000000081064191388
Q131401017	6000000035004323928
Q131401025	6000000061604578907
Q131401049	6000000092616876939
Q131401057	6000000092615861976
Q131401060	6000000018525293764
Q131401063	6000000018525918598
Q131401071	6000000018525569825
Q131401072	6000000000618925283
Q131401077	6000000001962220814
Q131401086	6000000018525672811
Q131401094	6000000023853636249
Q131401125	6000000032512407920
Q131401127	6000000075407816949
Q131401130	6000000000875259306
Q131401169	6000000176723041871
Q131401172	6000000081064518265
Q131401206	6000000017690556107
Q131401208	6000000017690576192
Q131401209	6000000017690480615
Q131401222	6000000010421436116
Q131401251	6000000011150480978
Q131401253	6000000011150411480
Q131401264	4259356555280064900
Q131401279	6000000007048354771
Q131401280	6000000121951671830
Q131401284	6000000003858910545
Q131401286	6000000000770142890
Q131401290	6000000003146907121
Q131401291	4259341556300020016
Q131401296	6000000000770142728
Q131401346	6000000119024133988
Q131401349	6000000018390328982
Q131401350	6000000018390566467
Q131401351	6000000018390562523
Q131401354	6000000000229589097
Q131401368	6000000018390645081
Q131401370	6000000004548156016
Q131401374	6000000013708347402
Q131401377	6000000003940678588
Q131401389	6000000015338756566
Q131401390	6000000013707954827
Q131401391	6000000000426582132
Q131401528	6000000173273206137
Q131401532	6000000023753238844
Q131401540	6000000190317927840
Q131401541	6000000001723175757
Q131401542	6000000001805495640
Q131401557	6000000001221093802
Q131401558	6000000005609902382
Q131401566	6000000023753161821
Q131401567	6000000003481728438
Q131401568	6000000001221100117
Q131401582	6000000003481728721
Q131401583	6000000005393646029
Q131401584	6000000003122404221
Q131401585	6000000001221108144
Q131401586	6000000005393426838
Q131401591	6000000008350976200
Q1314016	6000000057894371951
Q131402124	6000000077001890848
Q131403461	6000000017235188508
Q1314042	6000000027234230762
Q131404220	6000000008649076440
Q131404258	6000000010341480019
Q131404260	6000000008649212212
Q131404308	6000000071611961337
Q131404309	6000000036605604821
Q131404311	6000000036601299011
Q131404324	6000000008648956919
Q131404335	6000000008648964019
Q131404337	6000000046017828841
Q131404338	6000000031419739958
Q131404339	6000000031419463645
Q131404340	6000000003147028378
Q131404342	6000000031419424437
Q131404344	6000000008963453043
Q131404346	6000000006444252293
Q131404351	6000000008963443441
Q131404353	6000000000484675625
Q131404358	6000000006444478313
Q131404359	6000000000435540663
Q131404360	6000000008648768775
Q131404436	6000000004593106001
Q131404437	6000000018022026479
Q131404438	6000000003200292826
Q131404441	6000000006442001656
Q131404442	6000000003470085493
Q131404443	6000000003702589019
Q131404444	6000000003702630120
Q131404445	6000000003702531618
Q131404446	6000000000485332466
Q131404499	6000000028998562293
Q131404509	6000000007741633135
Q131404749	6000000005597939441
Q131404750	6000000008353791597
Q131404751	6000000008353979219
Q131404752	6000000008353789009
Q131404757	6000000008353785088
Q131404758	6000000003747395309
Q131404760	6000000001031748494
Q131404761	6000000008353899345
Q131404767	6000000012840258378
Q131404774	6000000001660629245
Q131404775	6000000001614269146
Q131404776	6000000001660741183
Q131404777	6000000006441379342
Q131405	6000000018117864575
Q131405085	6000000042865224022
Q131405087	6000000151502980128
Q131406239	6000000018786509908
Q131406518	6000000020468167999
Q131406597	6000000011808292498
Q131406609	6000000020468043352
Q131406613	6000000023912433621
Q131406616	6000000000664439412
Q131406617	6000000013184147936
Q131406630	6000000013333071168
Q131406632	6000000002665471894
Q131406635	6000000002930925665
Q131406648	6000000001915115723
Q131406650	6000000001915846855
Q131406714	6000000002893775400
Q131406765	6000000000955313722
Q131406769	6000000000955359058
Q131406773	6000000006838838540
Q131406796	5243666747960104252
Q131406798	6000000014360423593
Q131406800	5332850962590068039
Q131406808	6000000001985917082
Q131406809	6000000002111950072
Q131406811	6000000008263140308
Q131406828	6000000217826306741
Q131406900	6000000109812799852
Q131406901	6000000109811597202
Q131406902	6000000001959424444
Q131406919	5424584836560068321
Q131406920	6000000016180470197
Q131406924	6000000001088710002
Q131406926	6000000001088675174
Q131406928	6000000003940137999
Q131406931	6000000001080423677
Q131406932	6000000004327424249
Q131406934	6000000001107760279
Q131406941	6000000001382713164
Q131406943	6000000004327811271
Q131406944	6000000012442056713
Q131406948	6000000003940144082
Q131406949	6000000001959126827
Q131406950	6000000001588394434
Q131406951	6000000001088674164
Q131406952	6000000001382713882
Q131406959	6000000024901181137
Q131406970	6000000014459720283
Q131406971	6000000014459488472
Q131406972	6000000035289652512
Q131406973	6000000012760208144
Q131406983	6000000000642039656
Q131407060	6000000012749336579
Q131407064	6000000012749077503
Q131407068	6000000000394246980
Q131407204	6000000217826306698
Q131407206	6000000038103509282
Q131407413	6000000217826306776
Q131407902	6000000188898816828
Q131408103	6000000015260581338
Q131408615	6000000050648904833
Q131409237	6000000006380759327
Q131409437	6000000006380768226
Q131410428	6000000061246556924
Q131411511	4000740663780021641
Q131412261	6000000121089367850
Q131412384	6000000008176489530
Q131412504	6000000049983702867
Q131412809	5410330071510057132
Q131412810	6000000010375960931
Q131412812	6000000010376418880
Q131412816	6000000000559995128
Q131412817	6000000028817448289
Q131412826	6000000118812234045
Q131412828	6000000002576578356
Q131412830	6000000003468251320
Q131412842	6000000010376926237
Q131412845	6000000002824544729
Q131412847	6000000003221418375
Q131412880	6000000148329067015
Q131412895	6000000035540567739
Q131412920	6000000049997979059
Q131412923	6000000001727281482
Q131412924	6000000050900785831
Q131412925	6000000003076314588
Q131412926	6000000003146907108
Q131412927	6000000004273942893
Q131412929	6000000003147175176
Q131412961	6000000016010904030
Q131412980	6000000016010837045
Q131412981	6000000001596804589
Q131412983	6000000007369214247
Q131413355	6000000001980532095
Q131413357	6000000016073346530
Q131413364	6000000001980245346
Q131413369	6000000041038068506
Q131413370	6000000041038068607
Q131413371	6000000001391393678
Q131413375	6000000041038068614
Q131413376	6000000025457695267
Q131413378	6000000004287524252
Q131413381	6000000025457423420
Q131413385	6000000011957678233
Q131413406	6000000033646827046
Q131413408	6000000027198086397
Q131413441	6000000025469264084
Q131413442	6000000084066571935
Q131413448	6000000200994942830
Q131413449	6000000026779154894
Q131413451	6000000003490697048
Q131413478	6000000004019523478
Q131413480	6000000003298585736
Q131413484	6000000003827357041
Q131413488	6000000019201884842
Q131413490	6000000001481351794
Q131413496	6000000006979440632
Q131413497	6000000019720953724
Q131413506	6000000001481351724
Q131413523	6000000027292059075
Q131413528	6000000000807107629
Q131413530	2739249
Q131413532	6000000002598711222
Q131413544	6000000003938638447
Q131413547	6000000003937855066
Q131413548	6000000003937855029
Q131413559	6000000003299515563
Q131413560	6000000001690026668
Q131413569	6000000001690026572
Q131413571	6000000004630458508
Q131413588	6000000068838078893
Q131413590	6000000068838055895
Q131413597	6000000005396569558
Q131413602	6000000001840206026
Q131413641	6000000000112738003
Q131413643	6000000005396345124
Q131413671	374643247760011872
Q131413715	6000000003811319200
Q131413741	6000000046044105208
Q131413749	6000000006402584126
Q131413822	6000000043614860050
Q131414057	6000000015710253451
Q131414137	6000000197662316842
Q131415106	6000000186191429912
Q131415170	6000000015152204788
Q1314154	6000000040975464313
Q131415464	6000000025901245845
Q1314160	6000000131574981847
Q131416674	6000000008581133666
Q1314169	5694599973180027900
Q131417071	6000000011905970774
Q131417254	6000000000617146448
Q131417273	6000000030504392920
Q131417412	6000000000277935259
Q131417585	6000000010336342509
Q1314184	6000000016512529985
Q131418606	6000000003581900758
Q131418609	6000000015261012585
Q131418622	6000000008972193321
Q131418628	6000000034081886417
Q131418629	6000000003274486219
Q131418649	6000000006331674880
Q131418650	6000000021554478866
Q131418651	6000000006287036782
Q131418688	6000000006287029533
Q131418689	6000000003274300243
Q1314187	6000000151792329823
Q131419031	6000000040387189718
Q131419089	5529230025510040013
Q131419148	6000000006659420007
Q131419508	6000000010780989368
Q131419509	6000000010780637854
Q131419510	6000000029093891552
Q131419512	6000000077026599970
Q131419514	6000000077026717141
Q131419515	6000000002950457361
Q131419516	6000000002931107280
Q131419517	6000000003524142669
Q131419522	6000000024696024548
Q131419530	6000000029094874140
Q131419686	6000000027511246974
Q131419701	6000000002527061815
Q131419871	6000000093982481922
Q131419876	6000000038359708424
Q131419893	6000000079185118737
Q1314204	6000000028713990093
Q131420947	6000000125060635954
Q1314210	6000000009443051849
Q131421208	6000000021002064844
Q131421430	6000000052042762834
Q131422701	6000000002919139604
Q131422823	6000000018808377796
Q131423147	6000000041345872187
Q131423790	6000000092444755256
Q13142429	6000000007489489261
Q131424933	6000000015593576076
Q131425008	6000000015593637067
Q131425907	6000000002813974698
Q131425911	6000000003075961717
Q131425931	6000000006412899378
Q131425938	6000000002813706758
Q131425939	6000000002603638558
Q131425944	6000000003076573896
Q131426031	6000000002924058021
Q131426032	803864
Q131426063	6000000000697212492
Q131426064	6000000000742142094
Q131426065	6000000000697213367
Q131426066	6000000000697213458
Q131426068	6000000003163450212
Q131426071	5578944072980138972
Q131426073	6000000000438409312
Q131426078	6000000000697213379
Q131426080	6000000002459917708
Q131426084	6000000019275385027
Q131426091	6000000000742142101
Q131426092	6000000000697213735
Q131426093	6000000002196176008
Q131426096	6000000002195606881
Q131426097	6000000000697212508
Q131426099	6000000019274536011
Q131426100	6000000008138206869
Q131426104	6000000019274037849
Q131426105	6000000008652955554
Q131426106	6000000010371615425
Q131426429	6000000020420666903
Q131426431	6000000006442403718
Q131426433	6000000017955318872
Q131426434	6000000002931045603
Q131426448	6000000002459033883
Q131426449	6000000002459730033
Q131426460	6000000030988431529
Q131426467	6000000009288962012
Q131426471	6000000009289058821
Q131426476	6000000006442403736
Q131426477	6000000007227156501
Q131426478	6000000042467225464
Q131426480	6000000006569930279
Q131426482	6000000003075678659
Q131426519	6000000007036319029
Q131426528	6000000190452520914
Q131426529	6000000190452520941
Q131426530	6000000190452520925
Q131426549	6000000020848724163
Q131426550	6000000000550063451
Q131426551	6000000003942807173
Q131426552	6000000003938150669
Q131426691	6000000009085032904
Q131426692	6000000002448984220
Q131426696	6000000002614907641
Q131426697	6000000000599819488
Q131426698	6000000000599339483
Q131426700	6000000000599838533
Q131426701	6000000000044544668
Q131426722	6000000012092537795
Q131426723	6000000058144920213
Q131426724	6000000058144808474
Q131426725	6000000075368612833
Q131426726	6000000036319010935
Q131426764	6000000002963321009
Q131426776	6000000011196660886
Q131426778	6000000001386748422
Q131426859	6000000001747869924
Q131426860	6000000004867416653
Q131426861	6000000002860717539
Q131426862	6000000002946576009
Q131426863	6000000000084517921
Q131426864	6000000000084514226
Q131426883	6000000013442977455
Q131426884	6000000197922179873
Q131426886	6000000197920605870
Q131426887	6000000003221740227
Q131426888	6000000001937881620
Q131426926	6000000173355236040
Q131426957	6000000001180341506
Q131427002	6000000024131806007
Q131427022	6000000001586568421
Q131427056	6000000052880507866
Q131427057	6000000052964229407
Q131427067	6000000056605100461
Q131427078	6000000003940185536
Q131427080	6000000008917422494
Q131427080	6000000049285710952
Q131427088	6000000006444665234
Q131427089	6000000007818353355
Q131427091	6000000006295798950
Q131427092	6000000006295798887
Q131427096	6000000006295818634
Q131427097	6000000004018663895
Q131427098	6000000019377948815
Q131427099	6000000008605285259
Q131427107	6000000056605272405
Q131427108	6000000109895935425
Q131427130	6000000090279638059
Q131427178	6000000084384007936
Q131427219	6000000084384078977
Q131427312	6000000057026078851
Q131427332	6000000016371747399
Q131427374	6000000049172424822
Q131427494	6000000011878997553
Q131427605	6000000045454108263
Q131427616	6000000031522980311
Q131427634	6000000196771329495
Q131427688	6000000212129163826
Q131427733	6000000052461057846
Q131428190	6000000028017122914
Q131428335	6000000016476819356
Q1314285	6000000001189145148
Q131428845	6000000014059604052
Q131428848	6000000014058814375
Q131428849	6000000001685776053
Q131428910	6000000206052830821
Q131428932	6000000025006534517
Q131429053	6000000019136345603
Q131429100	6000000206052649894
Q131429108	6000000015186244786
Q131429135	6000000029600850906
Q131429417	6000000176440146897
Q131429572	6000000035500589958
Q131429621	6000000015186915302
Q13142995	6000000174091841233
Q131430192	6000000008868123432
Q131430192	6000000014949340182
Q131430349	6000000009938182523
Q131430358	6000000000943581090
Q131430360	6000000007268096429
Q131430367	6000000000943605929
Q131430368	6000000000943532509
Q131430369	6000000000943691527
Q131430370	6000000000943528049
Q131430427	6000000000943537993
Q131430428	6000000000943664673
Q131430432	6000000000943720327
Q131430433	6000000010811315852
Q131430513	6000000012214873633
Q131430514	6000000007848605911
Q131430515	6000000006376620093
Q131430572	6000000004169776228
Q131430606	6000000000943537171
Q131430608	6000000000943537145
Q131430640	6000000042514097190
Q131430642	6000000042514012347
Q131430657	6000000006442064820
Q131430661	6000000014402208637
Q131430861	6000000015390551746
Q131430895	6000000003937817672
Q131430915	6000000003937817747
Q131430934	6000000004593128284
Q131430935	6000000011810183499
Q131430935	6000000012342408984
Q131430936	6000000007553722819
Q131430940	6000000007554030409
Q131430957	6000000007554416642
Q131430989	6000000013063031283
Q131430991	6000000009496691763
Q131430992	6000000010890376486
Q131430993	308556342760004349
Q131431021	6000000008176489536
Q131431069	6000000024193138073
Q131431096	6000000013104340375
Q131431108	6000000071611419821
Q131431118	6000000071611008333
Q131431176	6000000028624423811
Q131431177	6000000011602661527
Q131431179	6000000002305480008
Q131431180	6000000002305403719
Q131431368	6000000003617005611
Q131431369	6000000003617231913
Q131431376	6000000003617449959
Q131431398	6000000036381718354
Q131431399	4430466
Q131431400	6000000002079583101
Q131431425	6000000010841278592
Q131431427	6000000007537633260
Q131431429	6000000000907728345
Q131431430	6000000003939312258
Q131431431	6000000006080879263
Q131431434	6000000000907728328
Q131431445	6000000003939312185
Q131431447	6000000003939209680
Q131431448	6000000004279806317
Q131431451	6000000003939312273
Q131431452	6000000001484967918
Q131431462	6000000007537557431
Q131431464	6000000000907733835
Q131431466	6000000001069471493
Q131431467	6000000000642054220
Q131431470	6000000001069471500
Q131431471	6000000000641975718
Q131431487	6000000000025312197
Q131431495	6000000000025268951
Q131431496	6000000058674018888
Q131431499	6000000015784921039
Q131431502	6000000058166395821
Q131431503	6000000023728922342
Q131431515	6000000015784741068
Q131431521	4132189935140026817
Q131431524	6000000002580627695
Q131431525	6000000003942639018
Q131431528	6000000057531465839
Q131431531	6000000003941691203
Q131431534	6000000003941670796
Q131431628	6000000014947432921
Q131432081	6000000024948392351
Q1314321	6000000071399954009
Q131432379	6000000016750263711
Q131432596	6000000221910326878
Q131432596	6000000225836040822
Q131432639	6000000221910239917
Q131432639	6000000225836905821
Q131432840	6000000083060640805
Q131433	6000000003869841449
Q131433032	6000000155108020337
Q131433524	6000000001354010506
Q131433565	6000000076891311449
Q131433843	6000000017744806535
Q131436039	344031497570011511
Q131436061	344031336870011401
Q131436216	6000000175775856889
Q131436269	6000000206528115822
Q131436276	6000000029847783862
Q131436422	305806022100003878
Q131436508	5590295758990027551
Q131436549	6000000016278007291
Q131436565	6000000016277919966
Q131436799	6000000012343300325
Q131436804	6000000086239915862
Q131436806	6000000086237938265
Q131436837	6000000086239493926
Q131436845	6000000086238942056
Q1314369	6000000166179083890
Q131436909	6000000013765576500
Q131437607	6000000016490603767
Q131437703	6000000008581283258
Q131438259	6000000014784486249
Q1314383	6000000070758119853
Q131438409	6000000014785172161
Q131438632	6000000013791675637
Q131438772	6000000002209887122
Q1314389	6000000173977858170
Q131439093	6000000037715860191
Q131439115	6000000190372026835
Q131439122	6000000066659009844
Q131439158	6000000025593078251
Q131439274	6000000003602609773
Q131439288	6000000001781668324
Q131439288	6000000195744449829
Q131439289	6000000001069553646
Q131439289	6000000001781668338
Q131439299	6000000003858651824
Q131439316	6000000021554462647
Q131439362	6000000041305495210
Q131439395	6000000006989959508
Q131439398	6000000006796090130
Q131439400	6000000003974461668
Q131439472	6000000004533817286
Q131439474	6000000001544453512
Q131439489	6000000050373776258
Q131439490	6000000035243926368
Q131439491	6000000035243735486
Q131439492	6000000021995546272
Q131439493	6000000000966158609
Q131439494	6000000006252656090
Q131439496	6000000002866663053
Q131439497	6000000050403193384
Q131439498	6000000080356955960
Q131439499	6000000003030698303
Q131439500	6000000000088689517
Q131439501	6000000010374028474
Q131439510	6000000030145562032
Q131439511	6000000030145527746
Q131439531	6000000019559763550
Q131439532	6000000008248491303
Q131439535	6000000012300310994
Q131439540	1349900
Q131439564	6000000018452081320
Q131439572	6000000082961271870
Q131439575	6000000008381517525
Q131439585	6000000007394225863
Q131439611	6000000015282066088
Q131439644	6000000003244517888
Q1314399	6000000178163063890
Q131440516	6000000019093217109
Q131440574	6000000015395164338
Q131440574	6000000167312580235
Q131440612	6000000039483994301
Q131440735	6000000034919822975
Q131441008	6000000010976551644
Q131441103	6000000012091714560
Q131441105	6000000012091341090
Q131441106	6000000012091769699
Q131441190	6000000078079912937
Q1314412	6000000011256131122
Q131441361	4369667202460123692
Q131441493	6000000021753566365
Q131441494	6000000003183709500
Q131441498	6000000004993289702
Q131441499	6000000002603437446
Q131441505	6000000001844263392
Q131441513	6000000032011191839
Q131441514	6000000018454411124
Q131441516	6000000032011024948
Q131441517	6000000009159504478
Q131441520	6000000002776789247
Q131441522	6000000002776921015
Q131441525	6000000002776645989
Q131441526	6000000001733671954
Q131441531	6000000003681056360
Q131441532	351554294540001373
Q131441532	6000000033078464003
Q131441536	6000000033078190537
Q131441537	6000000002867536004
Q131441582	6000000027809283891
Q131441583	6000000027808941115
Q131441584	6000000027808011383
Q131441797	6000000040779778583
Q131441798	6000000019225865013
Q131441799	6000000034007580957
Q131441803	6000000019225651329
Q131441804	6000000004319315683
Q131441805	6000000004319402858
Q131441831	6000000012785027214
Q131441833	6000000012785145468
Q131441834	6000000012785190920
Q131441840	6000000012785042540
Q131441868	6000000023598267886
Q131441880	6000000130184484272
Q131441897	6000000081665189889
Q131442070	4397876489710024662
Q131442170	6000000032954618457
Q131442246	6000000006442326427
Q131442248	6000000006442326604
Q131442249	6000000003075188280
Q131442250	6000000003074974973
Q131442260	6000000026066603375
Q131442261	6000000003076892685
Q131442263	6000000006110942227
Q131442264	6000000006110942196
Q131442266	6000000011591417851
Q131442267	6000000011591883446
Q131442353	6000000112967973829
Q131442354	5710274934750128327
Q131442373	6000000012794656256
Q131442376	6000000008251057357
Q131442383	6000000212377234828
Q131442429	6000000002855879062
Q131442499	6000000037716457957
Q131442598	6000000017173580759
Q131442617	6000000167124679837
Q131442651	6000000010336077537
Q131442854	6000000017851499852
Q131442871	6000000107992530821
Q131442883	325358264360007137
Q131442884	6000000006450570554
Q131442885	325358455440005627
Q131442889	6000000006450626263
Q131442902	6000000003231853772
Q131443701	6000000172903962894
Q131443703	6000000043358891305
Q131443704	6000000000229601985
Q131443708	6000000001239153513
Q131443709	6000000010123747825
Q131443713	6000000006854924427
Q131443715	6000000003419834118
Q131443757	6000000166387058986
Q131443781	6000000011232440219
Q131443797	6000000000400921855
Q131443798	6000000003617656349
Q131443806	6000000012000173412
Q131443807	6000000001302486255
Q131443830	6000000017250739550
Q131443832	6000000004537141307
Q131443833	6000000004536673787
Q131443834	6000000005908389813
Q131443837	6000000004537287127
Q1314439	6000000061393229860
Q131444189	6000000007773454071
Q131444223	6000000007788639340
Q131444224	6000000007788657313
Q131444235	6000000011986682535
Q131444246	6000000007773503899
Q131444263	6000000007788491740
Q131444270	6000000007788417184
Q131444462	6000000000241749184
Q131444465	6000000001316204661
Q131444466	6000000002106326347
Q131444467	6000000006419034322
Q131444469	6000000000966141978
Q131444470	6000000000241746918
Q131444473	6000000003941597499
Q131444476	6000000001316204672
Q131444478	6000000005018074674
Q131444526	6000000008247859580
Q131444528	6000000004356897977
Q131444550	6000000023680222886
Q131444552	6000000023680011004
Q131444554	6000000017350583688
Q131444575	6000000076831032144
Q131444579	6000000005944526065
Q131444580	6000000000618899163
Q131444607	6000000017477572538
Q131444656	6000000004593983026
Q131444659	6000000021039429098
Q131444700	6000000041070303618
Q131444701	6000000077319477849
Q131444767	6000000003053815993
Q131444789	6000000004014090281
Q131444992	6000000010046433677
Q131445041	6000000015632547323
Q131445352	6000000015632742023
Q131445375	6000000043558782947
Q131445459	6000000015260708243
Q131445476	6000000022205432997
Q131445646	6000000038924815129
Q131445685	6000000015831019721
Q131445931	6000000015831019717
Q131446253	6000000015831134798
Q131446280	6000000011988103952
Q131446288	6000000011987604040
Q131446358	6000000011988484822
Q131446409	6000000017280837131
Q131446411	6000000017643816897
Q131446413	6000000046383939009
Q131446414	6000000007543046677
Q131446423	6000000000073520807
Q131446425	6000000000073484622
Q131446426	6000000012886952431
Q131446427	6000000012887317673
Q131446428	6000000000073672160
Q131446471	6000000008686909872
Q131446476	6000000008857294694
Q131446477	6000000023296810844
Q131446558	6000000076166049837
Q131446559	6000000188964457834
Q131446838	6000000000751675265
Q131446841	6000000000751636320
Q131446842	6000000086456877405
Q131446843	6000000086458327075
Q131446844	6000000007423493222
Q131446846	6000000097554317822
Q131446847	6000000000974593003
Q131446850	6000000001880175380
Q131446851	6000000050608657359
Q131446852	6000000001880074183
Q131446854	6000000003938220012
Q131446925	6000000030167266869
Q131447001	6000000036448736381
Q131447009	6000000054177827062
Q131447011	6000000036449273937
Q131447012	6000000054179636946
Q131447014	6000000054178943700
Q131447015	6000000002889550789
Q131447045	6000000023685511123
Q131447046	6000000013872843956
Q131447047	6000000001958914954
Q131447048	6000000013872814756
Q131447049	6000000013873074020
Q131447056	6000000172200556641
Q131447057	6000000003621804229
Q131447058	6000000010103812830
Q131447059	6000000003621846918
Q131447061	6000000001212860670
Q131447062	6000000006733320187
Q131447066	6000000006445913426
Q131447487	297037422010007974
Q131447488	6000000016497911218
Q131447489	6000000002293704400
Q131447490	6000000002589532076
Q131447501	6000000002293672805
Q131447505	6000000002047567625
Q131447506	6000000002081899522
Q131447507	6000000000426664626
Q131447518	6000000013515463164
Q131447664	6000000041961946322
Q131447975	6000000003422170434
Q131447976	6000000003422060188
Q131447977	6000000003421134642
Q131447981	6000000003422345218
Q131447983	6000000001771451062
Q131447988	6000000001771454002
Q131448031	6000000012772280250
Q131448034	6000000004129772210
Q131448038	6000000004129730128
Q131448039	6000000003185165600
Q131448046	6000000004163409508
Q131448048	6000000004237711946
Q131448153	6000000006597118982
Q131448155	6000000002665611322
Q131448199	6000000183713440827
Q131448200	6000000077985724320
Q131448201	6000000026464846508
Q131448202	6000000003111580287
Q131448204	6000000003111580292
Q131448205	6000000003111580298
Q131448206	6000000021466828693
Q131448274	6000000071760182160
Q131448275	6000000001384552638
Q131448277	6000000025328308079
Q131448278	6000000002288851258
Q131448280	6000000003938331511
Q131448281	6000000003937943869
Q131448288	6000000002328799367
Q1314483	6000000106737084838
Q131448301	6000000003558699169
Q131448302	6000000011158799941
Q131448306	6000000002666156682
Q131448311	6000000002666169587
Q131448312	6000000000484637874
Q131448316	6000000006442115328
Q131448351	6000000036772493402
Q131448353	6000000036772430691
Q131448361	6000000018241546486
Q131448522	6000000039868838680
Q131448551	6000000032501552220
Q131448833	6000000033740458498
Q131448880	331772842170001630
Q131448940	6000000033740443341
Q131449335	6000000119329443284
Q131449336	6000000119329443160
Q131449339	6000000000582882061
Q131449398	6000000013545950666
Q131449398	6000000041118781966
Q131449407	6000000073307097880
Q131449418	6000000002427572720
Q131449424	6000000002427545992
Q131449426	6000000002426053709
Q131449436	6000000003941524542
Q131449437	6000000028852718166
Q131449453	6000000008380692491
Q131449456	6000000029594605246
Q131449458	6000000000337374517
Q131449463	6000000002908236064
Q131449484	6000000002426153690
Q131449487	6000000002428212523
Q131449496	6000000191652394840
Q131449505	6000000002428325786
Q131449610	6000000003904081420
Q131449631	6000000035945274659
Q131449632	6000000002568726016
Q131449633	6000000002568640305
Q131449639	6000000001355614825
Q131449716	6000000032403235398
Q131449717	6000000032402605769
Q131449722	6000000004975473562
Q131449723	6000000004975473570
Q131449725	6000000009299742471
Q131449727	6000000009299849395
Q131449731	6000000003666175295
Q131449735	6000000002677622356
Q131449765	6000000058111235067
Q131449819	6000000042304081431
Q131449824	6000000035718455887
Q131449920	6000000042304277160
Q131449922	6000000042304895362
Q131449923	6000000004548368713
Q131449968	6000000002777188488
Q131449971	6000000000484635569
Q131449974	320589130790006366
Q131449975	6000000004990928327
Q131450280	6000000182578753822
Q131450575	6000000038762831945
Q131450629	6000000002315984508
Q131450640	6000000027778773966
Q131450895	6000000025579069425
Q131451416	6000000013341772142
Q131451419	6000000013341864973
Q131451445	319040431200004771
Q131451452	319037720610002538
Q131451736	6000000055678462166
Q131451787	6000000010459367857
Q131452395	6000000039321364829
Q131452396	6000000039321398852
Q131453663	6000000013548413565
Q131453754	6000000030471866442
Q131454221	6000000177431631835
Q131454359	6000000055929412971
Q131454891	6000000060858234866
Q131455160	6000000019591205996
Q131455401	6000000123660749910
Q131455406	6000000052648989827
Q131455629	6000000015263864830
Q131455638	6000000015263921257
Q131456266	6000000205977540848
Q131456941	6000000002478454440
Q131456943	6000000026066849147
Q1314573	6000000000484648144
Q131457409	6000000015833527620
Q131459314	6000000052649357830
Q131459359	6000000052649376824
Q131459409	6000000009641650010
Q131459798	6000000045363530983
Q131459917	6000000083762577997
Q131460503	6000000006348586032
Q131460504	6000000006348580203
Q131460517	6000000000181187228
Q131460518	6000000000941987712
Q131460519	6000000002824538440
Q131460558	6000000039226440971
Q131460564	6000000015263602667
Q131460565	6000000042328007052
Q131460566	6000000002801592850
Q131460567	6000000006420170183
Q131460573	6000000017566953330
Q131460576	6000000016725016592
Q131460579	6000000042327535578
Q131460580	6000000002801481640
Q131460581	6000000034498993403
Q131460585	6000000005890239001
Q131460595	6000000005884957008
Q131460621	6000000049581920869
Q131460624	6000000014280134310
Q131460625	6000000028973431612
Q131460632	6000000131316360916
Q131460633	6000000028973962064
Q131460635	6000000028974069895
Q131460636	6000000028973744535
Q131460638	6000000026520488877
Q131460642	6000000002352563271
Q131460644	6000000002352563054
Q131460648	6000000014862028070
Q131460666	6000000028973731185
Q131460675	6000000001245045134
Q131460683	6000000001242123921
Q131460710	6000000002478700041
Q131460712	6000000000987225875
Q131460714	6000000000987225789
Q131460716	6000000002975116091
Q131460726	6000000002478705137
Q131460727	6000000002352481933
Q131460729	6000000002352481925
Q131460732	6000000003093283059
Q131460733	6000000006421817700
Q131460826	6000000206256361850
Q131460830	6000000025594248974
Q131460856	6000000019820247508
Q131460884	6000000003528891943
Q131460886	6000000003528891895
Q131460888	6000000003529225189
Q131460892	6000000008795765078
Q131460895	6000000086752023930
Q131460896	6000000086596306147
Q131461073	6000000010618953764
Q131461314	6000000014191570842
Q131461341	6000000039481740326
Q131461341	6000000044499818866
Q131462032	6000000002300492678
Q131463	6000000057327773067
Q1314631	6000000020131090728
Q131463432	6000000027925916131
Q131463493	6000000001827534668
Q131463625	6000000085289114936
Q131463657	6000000187452576831
Q131463667	6000000001904743364
Q1314638	6000000180432704845
Q131464977	6000000006864860371
Q131465000	6000000014981510205
Q131465002	6000000014981350676
Q131465003	6000000014981505095
Q131465077	6000000014981418669
Q131465101	6000000014981355993
Q131465104	6000000014980887863
Q131465163	6000000014981452218
Q131465214	6000000014981422388
Q131465215	6000000014981302399
Q131465466	6000000014981393502
Q131465501	6000000003529148943
Q131465504	6000000179500441854
Q131465594	6000000078204561148
Q131465961	6000000021582133542
Q131465995	6000000030051038026
Q131466260	6000000012501334591
Q131466816	6000000018337185238
Q131466983	6000000060823391206
Q131469097	6000000075329158131
Q131469284	6000000028971913479
Q131469285	6000000003510499452
Q131469704	6000000001798244622
Q131470050	6000000000675321376
Q1314704	6000000002856880826
Q131470536	6000000176025767828
Q131470536	6000000211856568835
Q131470538	6000000176025767834
Q131470538	6000000211856568830
Q131470553	6000000038064925052
Q131470554	6000000038065088840
Q131470559	6000000026903314499
Q131470560	6000000003938993381
Q131470563	6000000025066840158
Q131470570	6000000015252629726
Q131470571	6000000000426530202
Q131470584	6000000002482707919
Q131470585	6000000007418025024
Q131470586	6000000007417749956
Q131470588	6000000001134342763
Q131470589	6000000007417502626
Q131470592	6000000007417750027
Q131470593	6000000006442368205
Q131470595	6000000007418025029
Q131470596	6000000003978674834
Q131470599	6000000006441119039
Q131470601	6000000002684741155
Q131470606	6000000006440959054
Q131470716	6000000012091704024
Q131470717	4292616588600030130
Q131470726	6000000001353727965
Q131470728	6000000001354372756
Q131470737	6000000011232223755
Q131470740	6000000000368620416
Q131470741	6000000007609796642
Q131470763	6000000029700295931
Q131470819	6000000029901102114
Q131470989	6000000028360949264
Q131470990	6000000028360728646
Q1314714	6000000029530608588
Q131471400	6000000006668259171
Q131471448	6000000015831019712
Q131471450	6000000015831342277
Q131471452	6000000016383666791
Q131471453	6000000006441151184
Q131471458	6000000016383924819
Q1314721	6000000023117670834
Q1314745	6000000027412965059
Q131474546	6000000039214381318
Q131475936	6000000042201473844
Q131477053	6000000039845286162
Q131478875	6000000039866962834
Q1314789	6000000174101572887
Q131479325	6000000032281000869
Q131480078	6000000032296369991
Q131480096	6000000084385922962
Q131480109	6000000130737087039
Q131480144	6000000103644359832
Q131480246	6000000016105106761
Q131480253	6000000016105070241
Q13148030	6000000015880282868
Q131480314	6000000216532894892
Q131480367	6000000016614696823
Q131481205	6000000022795500658
Q131481213	6000000013824306612
Q131481230	6000000022795415393
Q131481302	6000000000952907018
Q131481305	6000000003140231356
Q131481307	6000000032252625094
Q131481329	6000000030185558999
Q131481522	6000000048508000043
Q131487	6000000014561605769
Q131492006	6000000009542715117
Q131492860	6000000028361081047
Q1314987	6000000016252982747
Q131506056	6000000026749903130
Q131513733	6000000013824369748
Q131513741	6000000022795440585
Q131513750	6000000003445396029
Q131515574	6000000003510466586
Q131515598	6000000003510470381
Q131517313	6000000186001811040
Q131519273	6000000039917873012
Q131519606	6000000015345810893
Q131519716	6000000185008109829
Q131520110	6000000180956868830
Q131521269	6000000182324392823
Q131521307	6000000007709347406
Q131521682	6000000012362819769
Q131521868	6000000015090333566
Q131522099	6000000001504532770
Q131522264	6000000028655923884
Q131522482	6000000017703331554
Q131522485	6000000032230461846
Q131522486	6000000006442555659
Q131522487	6000000006441724759
Q131522540	6000000014578730540
Q131522542	6000000012345725544
Q131522608	6000000013115680225
Q131522609	6000000001384058095
Q131522611	6000000003940700425
Q131522613	6000000000287550410
Q131522616	6000000001384052111
Q131522624	6000000001384058080
Q131522625	6000000000982103058
Q131522626	6000000016473757103
Q131522633	6000000006762247492
Q131522636	6000000006762184624
Q131522638	6000000002930878735
Q131522640	6000000001486580447
Q131522644	6000000004576983568
Q131522645	6000000002677665935
Q131522646	6000000002520181044
Q131522650	6000000002684732892
Q131522655	6000000003937309787
Q131522656	6000000003147170810
Q131522657	6000000004056333976
Q131522659	6000000037345911863
Q131522660	6000000004056192787
Q131522661	4906702889820064311
Q131522662	6000000006519061031
Q131522666	6000000041618103212
Q131522668	6000000003937309794
Q131522669	6000000029122586705
Q131522670	6000000001623837692
Q131522717	6000000043017880889
Q131522918	6000000071818879843
Q131522919	6000000071857639193
Q131522920	6000000001563114569
Q131522921	6000000187609439888
Q131522923	6000000010600456642
Q131522925	6000000023842576633
Q1315265	6000000086543514987
Q1315266	6000000086312794874
Q1315300	6000000046737987099
Q131530899	6000000156599562866
Q131531092	6000000059585993856
Q131531513	6000000026284633856
Q131531682	6000000034648888146
Q131534592	6000000063371132007
Q131534596	6000000008630596375
Q131534598	6000000008630302860
Q131534599	6000000008630302617
Q131534762	6000000198970663860
Q131534763	6000000092267066826
Q131534765	6000000007240422042
Q131534766	6000000007240768610
Q131534767	6000000007240841722
Q131534768	6000000007240711062
Q131534769	6000000007241379128
Q131534771	6000000007240496982
Q131534779	6000000027314762459
Q131534780	6000000027309697259
Q131534781	6000000027310024150
Q131534782	6000000027309857436
Q131534959	6000000095628471934
Q131535006	6000000004566519342
Q131535023	6000000008448539467
Q131535036	6000000035216488149
Q131535037	6000000019200181711
Q131535049	6000000004566419596
Q131535081	6000000017360688054
Q131535133	6000000141844845192
Q131535150	6000000044381533876
Q131535165	6000000013414302072
Q131535170	6000000013414755995
Q131535181	6000000005387616474
Q131535183	6000000005387971074
Q131535185	6000000034626923161
Q131535186	6000000005929149775
Q131535187	6000000001167449489
Q131535216	6000000001167432561
Q131535217	6000000002908384692
Q131535219	3933333065640028517
Q131535220	6000000000640022166
Q131535240	6000000005387105553
Q131535242	6000000005387678399
Q131535246	6000000003939867992
Q131535248	6000000003937829278
Q131535250	6000000077199033347
Q131535251	6000000003937822266
Q131535256	6000000012771410360
Q131535258	6000000005800586723
Q131535259	6000000002588594260
Q131535260	6000000002337920574
Q131535268	6000000005956098117
Q131535269	6000000002860682740
Q131535275	6000000000770098523
Q131535276	6000000003077416928
Q131535279	6000000001544493974
Q131535288	6000000001588447074
Q131535319	6000000034627062056
Q131535319	6000000209117526827
Q131535320	6000000201908736841
Q131535325	6000000059263129317
Q131535327	6000000006442001471
Q131535328	6000000004094443477
Q131535329	6000000004094636445
Q131535336	6000000002343351712
Q131535337	6000000006789805046
Q131535339	6000000005027396052
Q131535342	6000000000490937119
Q131535348	4656281500120026031
Q131535352	6000000046244276328
Q131537833	6000000009781286457
Q131537847	6000000012442510225
Q131537849	6000000141845747907
Q131538029	6000000011872292653
Q131538061	6000000141844643873
Q1315384	6000000001745444288
Q131538405	6000000028222697918
Q131538407	6000000003940127873
Q131538408	6000000003939927014
Q131538411	6000000000908440498
Q131538417	6000000008176821132
Q131538426	6000000003939927005
Q131538429	6000000003940127645
Q131538577	6000000077138508185
Q131538583	6000000125857875821
Q131538678	6000000048201154908
Q131538680	4423617789510030051
Q131538682	6000000048202037868
Q131538683	6000000048202249851
Q131538684	6000000002979900115
Q131538705	6000000003937791601
Q131538707	6000000002766653425
Q131538716	6000000048202101858
Q131538718	6000000083935895071
Q131538721	4423617850070013196
Q131538722	6000000048207789131
Q131538725	6000000048201005033
Q131538727	6000000004229669229
Q131538735	6000000000293447465
Q131538773	4157203647790027741
Q131538773	6000000034626613397
Q131538776	6000000007258915973
Q131538854	351356672750006356
Q131539071	6000000111760779836
Q131539073	6000000111877043066
Q131539075	6000000004287524240
Q131539086	6000000007058083233
Q131539101	6000000000336559720
Q131539104	6000000002980202594
Q131539107	6000000017947536876
Q131539116	6000000060779608821
Q131539119	6000000060778905302
Q131539120	6000000011123638884
Q131539121	6000000011123939495
Q131539123	6000000011124044294
Q131539251	6000000023799462035
Q131539253	6000000023730870821
Q131539312	6000000009781148780
Q131539351	6000000016661574078
Q131539538	6000000034632595810
Q131539577	6000000017776990403
Q131539592	6000000008413327643
Q131539608	6000000196971908861
Q131539724	6000000014110151539
Q131539771	6000000008865282515
Q131540046	6000000184015361825
Q131540079	6000000184014576858
Q131540143	6000000011483527292
Q131540151	6000000011483479289
Q131541561	6000000169013760893
Q131541977	6000000001197700179
Q131543003	6000000185431957823
Q131543055	6000000185431310891
Q131543101	6000000023246626250
Q131543258	6000000023247122263
Q131543305	6000000012597202313
Q131543315	6000000179212163051
Q131543316	6000000185429378062
Q131543317	6000000185432027834
Q131543320	6000000185431961829
Q131543323	6000000012597249496
Q131543348	6000000012597326398
Q131543458	6000000203822543840
Q131543764	6000000203824714835
Q131544123	6000000002836249769
Q131544195	6000000039838746313
Q131544630	6000000098376617990
Q131545	6000000010801549516
Q131545458	6000000098376617984
Q1315456	6000000134938956953
Q131545802	6000000002855879044
Q131545807	6000000015354290457
Q131546031	6000000021251349180
Q131546033	6000000153323942821
Q131546314	6000000006127830687
Q131546409	6000000094083219157
Q131546615	6000000025411211780
Q131546618	6000000025412563147
Q131546643	6000000122853473881
Q131546883	6000000004829301174
Q131547390	6000000003489479188
Q131547457	6000000003342718872
Q131547459	6000000193738013830
Q131547467	6000000003342891509
Q131547478	6000000003343002213
Q131547682	6000000003342796401
Q131547706	6000000003210269110
Q131547722	6000000123709983900
Q131547733	6000000003210292302
Q131547749	6000000036655030000
Q131547784	6000000036654781363
Q131547896	6000000041116417385
Q131547911	6000000041116369552
Q131547992	6000000193738396826
Q131548000	6000000014706309711
Q131548008	6000000202330058823
Q131548019	6000000003210269451
Q131548020	6000000003210416958
Q131548530	6000000017504521976
Q131548533	6000000120593145314
Q131548535	6000000019456550118
Q131548569	6000000011701413753
Q131548575	6000000003366311844
Q131548581	6000000000331391758
Q131548827	6000000009456194562
Q131548993	6000000044381490964
Q131549	6000000014709854395
Q131549323	6000000029361851980
Q131549326	6000000002420294539
Q131549354	6000000028633218148
Q131550171	6000000012462283246
Q131550406	6000000007224702217
Q131550412	6000000010734022444
Q131550640	6000000179200909838
Q131550642	6000000179201634822
Q131550643	6000000179201736821
Q131550644	6000000002441542956
Q131550645	6000000003858585608
Q131550649	6000000003858782315
Q131550775	6000000018094555544
Q131550817	6000000008428304827
Q131550883	6000000008725497357
Q131550979	6000000174755231069
Q131551001	6000000094131245833
Q131551191	6000000094134633834
Q131551928	6000000007264645962
Q131552665	1805034
Q131552668	1805033
Q131552986	6000000012943160333
Q131553092	6000000018823135383
Q131553210	6000000004593994425
Q131553218	6000000004593994418
Q131553221	6000000004086373368
Q131553226	6000000005961763834
Q131553310	6000000080741132108
Q131553835	6000000044381025390
Q131553846	3601909
Q131553869	6000000014054608701
Q131553869	6000000027648884665
Q131553889	6000000008752179964
Q131553975	6000000000788064656
Q131553976	6000000000799306739
Q131554139	6000000018060792126
Q131554143	365931419160012210
Q131554200	6000000005963482344
Q131554203	6000000006232145809
Q131554212	6000000005963657052
Q131554215	4719747
Q131554216	3913315
Q131554218	6000000007378552801
Q131554219	6000000001694283859
Q131554224	5678684761390060899
Q131554226	4064827
Q131554227	6000000004089661349
Q131555158	6000000079077499861
Q131557162	6000000080058800900
Q131559008	6000000010204498092
Q131559282	6000000019595427287
Q1315596	6000000038195432865
Q131560493	6000000022077838256
Q131560497	6000000022077588805
Q131560533	6000000020227106935
Q131560533	6000000036557480985
Q131560594	6000000009787099439
Q131560606	6000000009958473862
Q131560743	6000000036818511201
Q131560945	6000000195108838840
Q131561004	6000000022260151920
Q131562233	6000000193392553873
Q131562323	6000000038608935894
Q131562324	6000000038608473628
Q131562372	6000000014710493840
Q131562385	6000000184874329826
Q131562399	6000000038236557077
Q131562399	6000000184874354821
Q131562402	6000000038236302425
Q131562402	6000000184874364821
Q131562531	6000000109652298328
Q131562532	6000000109652298028
Q131562535	6000000023497683824
Q131562539	6000000023498551582
Q131562544	6000000011162944322
Q131562573	6000000034624842366
Q131562599	6000000025363749461
Q131562601	6000000013352395696
Q131562629	6000000025363909127
Q131562632	6000000025364043231
Q131562698	6000000009563214484
Q131562704	6000000072895271215
Q131562929	6000000038918201941
Q131563063	6000000176885322831
Q131563421	6000000035373351163
Q131563445	6000000026964533803
Q1315641	6000000167612507834
Q131564241	6000000177169439823
Q131564556	6000000222882308005
Q131564563	6000000222882565842
Q131564699	6000000211792595821
Q131566789	6000000009370885992
Q131566834	6000000042306556000
Q131566847	6000000036556874806
Q131566922	6000000022697080698
Q131566946	6000000007274744502
Q131568844	6000000049927053023
Q131571166	6000000027949666694
Q131571536	6000000196970807916
Q131571576	6000000027912928724
Q131572232	6000000027937557608
Q131572344	6000000027949995153
Q131572405	6000000001035677160
Q131572472	6000000214156420839
Q131572491	6000000017025817299
Q131572501	6000000187710582905
Q131572507	6000000049926526121
Q131572631	6000000017081107737
Q131572727	6000000004414535005
Q131572740	6000000004414421001
Q131572744	6000000005743361042
Q131572794	6000000010980721669
Q131572799	6000000176995396838
Q131572812	6000000176996277840
Q131573290	6000000038500666520
Q131573423	6000000018552767237
Q131573549	6000000172320275830
Q131573752	6000000021791175080
Q131573753	6000000006017356001
Q131573795	6000000006011973388
Q131573887	6000000001382765165
Q131573889	6000000006446059602
Q131573910	6000000005049864110
Q131573995	6000000205260692858
Q131574089	6000000024386927855
Q131574090	6000000024386221814
Q131574091	6000000024386034718
Q131574092	6000000024386232543
Q131574094	6000000024388084232
Q131574097	6000000024388290006
Q131574113	6000000214156702825
Q131574231	6000000017945700367
Q131575117	6000000028265361277
Q131575117	6000000184850211894
Q13157581	6000000088645735848
Q13157611	6000000020090901329
Q131577043	6000000004047834427
Q131577418	6000000025330972387
Q131577420	6000000008616379227
Q131577421	6000000001322492903
Q131577433	6000000035959753900
Q131577568	6000000043440102548
Q131578884	6000000132373591893
Q131578925	6000000108558751225
Q131578952	6000000108557691366
Q131578963	6000000108560732821
Q131578970	6000000108560318862
Q131579	6000000002375565387
Q131579084	6000000015320982250
Q131579085	6000000015321101067
Q131579087	6000000015321049099
Q131579088	6000000015321057052
Q131579090	5596989571240125055
Q131579093	6000000008415857504
Q131579117	6000000003937842966
Q131579118	6000000003937836356
Q131579124	6000000003937850305
Q131579716	6000000006414611066
Q131579720	6000000005415353751
Q131579741	6000000090556727884
Q131579742	6000000132373384978
Q131579797	6000000057769686103
Q131579859	6000000027937386443
Q131579936	6000000027936844763
Q131579939	6000000003490614965
Q131579941	6000000003490665448
Q131579942	6000000003490665369
Q131579943	6000000002183064245
Q131579947	6000000003490621333
Q131579973	6000000006017839005
Q131579977	6000000021145533582
Q131580030	6000000021146613230
Q131580109	6000000014745963615
Q131580131	6000000051256763944
Q131580218	6000000019405049736
Q131580383	6000000020226806680
Q131580383	6000000036557427952
Q131580394	6000000010251433559
Q131580407	6000000036556929673
Q131580781	6000000020007118431
Q131580786	6000000039660107881
Q131581	6000000000307258007
Q131581115	6000000036558347866
Q131581462	6000000036557318155
Q131581462	6000000046620409828
Q131582138	6000000034985577048
Q131582225	6000000004957537034
Q131582261	6000000011038718936
Q131582264	6000000019831067047
Q131582265	6000000006720468087
Q131582267	349267950560002271
Q131582270	6000000009065162200
Q131582272	6000000008651387952
Q131582274	6000000009083238096
Q131582340	6000000004948301976
Q131582414	6000000036343997984
Q131582415	6000000036344147847
Q131582416	6000000036343898182
Q131582474	6000000025429050186
Q131582478	6000000034787030707
Q131582483	6000000067666366860
Q131582484	6000000043731459145
Q131582485	6000000022719596452
Q131582486	6000000028103866310
Q131582489	6000000028104047156
Q131582493	329173307430007448
Q131582501	6000000025431786462
Q131582511	6000000184873618856
Q131582518	6000000014630231250
Q131582519	6000000003522985626
Q131582521	6000000003939198648
Q131582526	6000000006930554482
Q131582528	6000000006931129045
Q131582529	6000000022163637816
Q131582539	6000000006931134052
Q131582540	6000000062737200146
Q131582541	6000000000250398732
Q131582542	5254778068380066204
Q131582550	6000000202405968845
Q131582593	6000000014729148398
Q131582664	6000000039673088191
Q131583172	6000000041179278307
Q131583176	6000000010996043904
Q131583213	6000000015184858739
Q131583213	6000000015346705442
Q131583213	6000000024948271270
Q131583633	6000000014960881000
Q131584006	6000000022186752304
Q131584007	6000000011872863330
Q131584008	6000000006861151396
Q131584010	6000000011863161457
Q131584123	6000000014931210571
Q131584137	6000000008761569873
Q131584139	6000000024048400631
Q131584165	6000000024048484788
Q131584167	6000000008330977560
Q131584168	6000000002250695250
Q131584187	6000000099000532857
Q131584215	6000000099000532916
Q131584227	6000000006120644983
Q1315843	6000000007169353467
Q131584470	6000000020802471135
Q131584472	6000000015714692687
Q131584474	6000000003937586108
Q131584475	6000000017133011944
Q131584477	6000000017133383791
Q131584479	6000000003484275782
Q131584493	6000000207399771832
Q131584514	6000000018445476705
Q131584522	6000000003357425723
Q131584524	6000000003357425703
Q131584526	6000000003943026662
Q131584527	6000000003940255191
Q131584528	6000000003940243042
Q131584752	6000000003940255278
Q131584754	6000000003942790971
Q131584757	6000000000138036580
Q131584761	753746
Q131584766	6000000005380083556
Q131584775	6000000003942790978
Q131584778	6000000006196218219
Q131584822	6000000003943016085
Q131584837	664871
Q131584893	6000000010585257102
Q131584895	6000000010585487727
Q131584897	6000000003357428042
Q131584899	6000000003357428082
Q131584902	6000000003357432387
Q131584903	6000000002904668028
Q131584907	6000000145588247821
Q131584940	6000000010587505261
Q131584945	6000000010587104605
Q131584949	6000000003357457087
Q131584979	6000000025862653364
Q131584983	6000000046391712869
Q131584989	6000000016205106035
Q131584998	6000000003357457189
Q131585003	6000000003940725106
Q131585005	6000000013193218397
Q131585013	6000000143753823852
Q131585016	6000000001562931776
Q131585027	6000000001562912563
Q131585032	6000000001038005785
Q131585037	6000000003747116403
Q131585040	6000000002684826341
Q1315851	6000000007169353461
Q131585152	6000000207400246823
Q131585352	6000000005591337268
Q131585375	6000000030938432730
Q131585624	6000000005077223040
Q131586280	6000000023090888879
Q131587617	6000000043554505707
Q1315891	6000000084546445867
Q1315952	6000000017483372977
Q131595403	6000000008199550098
Q131597037	6000000021543296835
Q131597097	6000000009226467321
Q1315971	6000000024186334492
Q131597107	6000000009226449406
Q131597192	6000000213071597823
Q131597251	6000000213071673836
Q131597307	6000000008659487478
Q131597424	6000000013165233327
Q131597435	6000000036703546493
Q131597439	6000000036704083950
Q131597480	6000000000819095707
Q131597502	6000000018182369855
Q131597576	6000000018182598085
Q131598098	6000000211792608822
Q131598122	6000000211792756823
Q131598519	6000000024205969492
Q131598520	6000000205962204860
Q131598536	6000000036290190911
Q131599045	6000000089743095143
Q131599065	6000000089743160852
Q131599877	6000000025308506160
Q1316	6000000040682786862
Q131602712	6000000018378772212
Q131603620	6000000020533019936
Q131603630	6000000022459913505
Q131603632	6000000020529467126
Q131603912	6000000020533576984
Q131603991	6000000020588811385
Q131603994	6000000020599679588
Q131604088	6000000028012374803
Q131604097	6000000020504759105
Q131604119	6000000006951638159
Q131604244	6000000020530572375
Q131605114	6000000218226378880
Q131605174	6000000218226378860
Q131605274	6000000082751541829
Q131605732	6000000015458646537
Q131605994	6000000006128168377
Q1316061	6000000059892979922
Q131606104	6000000067736020984
Q131606130	6000000087668071851
Q131606491	6000000019104414098
Q131606511	6000000178511836850
Q131606566	6000000019104064702
Q131606852	6000000024948545532
Q131606857	6000000024948200544
Q131606900	6000000018036966532
Q131607064	6000000160124103828
Q131607107	6000000030883278380
Q131607147	6000000022551980305
Q131607312	6000000207400003863
Q131607435	6000000218226022838
Q131607810	6000000030667015711
Q131607898	6000000030666987349
Q131608006	2039166
Q131608102	6000000030667015731
Q131608411	6000000174797161843
Q131609302	6000000013489195001
Q1316097	6000000010242389847
Q131610191	6000000115133284913
Q131610694	6000000036324160682
Q131610971	6000000039673492963
Q131611019	6000000036610905437
Q131611031	6000000036610743730
Q131611070	6000000021948125520
Q131611372	6000000078901923991
Q131611619	6000000026338719469
Q131611631	6000000026338702360
Q131611654	6000000004003194212
Q131611656	6000000026339102909
Q131611679	6000000008124817893
Q131611964	6000000188513449851
Q131611981	6000000002641570609
Q131611983	6000000002641562016
Q131611985	6000000053687197161
Q131611986	6000000024728822233
Q131611987	6000000022176539402
Q131611989	6000000000941642706
Q131611993	6000000048076907486
Q131611995	6000000044438766326
Q131611996	6000000000141948570
Q131611997	6000000000141947841
Q131612000	6000000000141947871
Q131612002	6000000002907331450
Q131612004	6000000003714166535
Q131612005	5470308488840083095
Q131612007	6000000003714166752
Q131612009	6000000003077275605
Q131612016	6000000000141948556
Q131612017	6000000048302449879
Q131612020	315905727440004805
Q131612236	6000000012956309229
Q131612253	6000000025770305497
Q131612791	6000000011707744774
Q131612792	6000000078219936651
Q131612794	6000000050359976051
Q131612795	6000000024295450836
Q131612797	6000000102035619918
Q131612801	6000000000099044730
Q131613231	6000000011422452315
Q131613429	6000000004259675809
Q131613459	6000000006127529831
Q131613501	6000000050246800906
Q131614559	6000000024713946366
Q1316156	6000000179279266889
Q131616203	6000000043035811677
Q131616278	6000000012153053690
Q131616445	6000000015419813488
Q131616866	6000000010800800326
Q131617076	6000000016128374777
Q131617385	6000000009906796571
Q131617512	6000000187810382840
Q131617832	6000000004957335380
Q131618102	6000000028892269064
Q131618283	6000000006174798843
Q131618313	6000000027645440653
Q131618330	6000000027644592904
Q131618348	6000000027642943740
Q131618352	6000000027643409322
Q131618376	6000000012419121001
Q131618819	6000000010903473364
Q131618842	6000000018270039188
Q1316189	6000000043257142132
Q131618905	6000000085540666835
Q131618940	6000000085379501861
Q131619019	6000000025307903714
Q131619019	6000000085540682833
Q131619697	6000000021632873062
Q131619732	6000000134601051983
Q131619746	6000000128634435831
Q131619819	6000000128633053881
Q131619832	6000000022664477882
Q131619832	6000000052262228880
Q131619841	6000000022663633356
Q131619887	6000000014945246259
Q131619887	6000000053783390030
Q131619895	6000000035651167905
Q131619916	6000000039717195175
Q131619924	6000000035650462204
Q131619948	6000000122031206305
Q131620012	6000000025889492787
Q131620016	6000000205508204305
Q131620018	6000000008542116165
Q131620019	6000000010113905788
Q131620023	6000000036879660875
Q131620068	6000000015119377041
Q131620122	6000000128633056909
Q131620142	6000000006128168562
Q131620189	6000000019403733408
Q1316202	6000000040730528938
Q131620216	6000000006970372039
Q131620249	6000000031453779015
Q131620264	6000000031453889851
Q131620294	6000000145861537004
Q131620474	6000000201394163842
Q131620900	6000000085738824205
Q131620962	6000000040051300479
Q131620999	6000000025583643454
Q131621000	5676724098720048869
Q131621035	6000000085755589981
Q131621076	6000000010113343792
Q131621078	6000000010113343032
Q131621080	6000000010113456214
Q131621082	6000000006580165308
Q131621085	6000000006580154572
Q131621086	6000000003075681832
Q131621088	6000000003938525502
Q131621090	6000000007939169733
Q131621099	6000000003075678947
Q131621127	6000000014913575448
Q131621269	6000000014913573393
Q131621302	6000000010564882784
Q131621303	6000000000628876642
Q131621310	6000000004058478283
Q131621504	6000000075641086983
Q131621505	6000000003940064527
Q131621509	6000000007393831732
Q131621511	6000000000875483440
Q131621548	6000000069839816983
Q131621618	6000000098026630906
Q131622123	6000000038845713570
Q131622277	6000000007431552464
Q131622279	3018150
Q131622282	6000000056862982558
Q131622453	6000000164961228894
Q1316237	6000000156956436837
Q131624398	6000000000682184069
Q131625006	6000000098364492852
Q131625045	6000000111801188948
Q131625087	6000000111803019829
Q131625199	6000000111802434080
Q131625284	6000000111800616833
Q131625343	6000000111801384840
Q131626106	5210455307510110192
Q131626118	6000000002898015997
Q131626121	6000000001220425736
Q131626213	6000000045751661148
Q131626214	6000000119411193832
Q131626253	6000000003940656437
Q131626257	6000000003938278119
Q131626260	6000000007079885122
Q131626276	6000000003940656444
Q131626277	6000000003939893557
Q131626280	6000000002305692069
Q131626287	6000000003939893564
Q131626290	6000000000834822009
Q131626483	6000000005904630801
Q131626484	6000000005907640507
Q131626495	6000000007225820243
Q131626496	6000000179871361877
Q131626497	6000000000834240668
Q131626501	6000000000834326052
Q131626554	6000000081317557017
Q131626571	6000000025473993896
Q131626575	6000000051905685000
Q131626580	6000000013126125346
Q131626582	6000000013101115435
Q131626583	6000000013063378307
Q131626589	6000000013063223972
Q131626636	6000000025473594308
Q131626638	6000000012900663874
Q131626639	6000000038628786376
Q131626641	6000000038629025992
Q131626645	6000000002951507264
Q131626653	6000000001969361238
Q131626654	6000000003147440939
Q131626680	6000000025931061343
Q131626682	6000000028276683132
Q131626683	6000000028276778035
Q131626685	6000000004169842759
Q131626686	6000000004169842744
Q131626687	6000000000321938309
Q131626689	6000000002108756853
Q131626690	6000000004819696018
Q131626698	6000000025930962807
Q131626699	6000000001921956001
Q131626700	6000000028276022416
Q131626701	6000000028275585523
Q131626704	6000000020398076600
Q131626705	6000000028275542085
Q131626726	6000000028275983871
Q131626727	6000000020112526199
Q131626752	6000000020398346957
Q131626757	6000000028276042681
Q131626761	6000000000629748974
Q131626785	387977281510003147
Q131626790	387967830790003179
Q131626791	388078843850003175
Q131626794	6000000006290270001
Q131626805	6000000001921918118
Q131626807	6000000011482853285
Q131626809	6000000011481134078
Q131626812	6000000028276108616
Q131626815	310018891860002398
Q131626818	6000000011481067762
Q131626823	6000000011404410024
Q131626829	6000000002132527142
Q131626832	6000000011404448860
Q131626835	6000000011404520479
Q131627361	6000000023386856070
Q131628501	5662847506430026038
Q131629985	6000000070121803821
Q131630068	6000000010201120544
Q131630102	6000000070083130086
Q131630198	6000000007098692461
Q131630420	6000000042805249943
Q131630421	6000000037827578889
Q131630424	6000000004658326012
Q131630445	6000000017766779617
Q131630529	6000000001574355717
Q131630530	6000000013356814321
Q131630534	6000000013356632808
Q131630534	6000000157734150821
Q131630536	6000000003937210213
Q131630536	6000000013356237022
Q131630537	6000000003940243738
Q131630537	6000000013356192196
Q131630540	6000000007258141997
Q131630541	6000000003186704090
Q131630542	6000000030598788821
Q131630544	6000000005618083063
Q131630545	6000000005617526710
Q131630547	6000000005618465577
Q131630549	6000000005618884475
Q131630552	6000000000906941664
Q131630553	6000000004630765393
Q131630555	6000000007258225419
Q131630556	6000000001637085214
Q131630557	6000000003937905427
Q131630604	6000000006353442100
Q131630645	6000000069127839939
Q131630663	6000000003524082049
Q131630715	6000000023758157182
Q131630717	6000000023758046543
Q131630718	6000000023758371993
Q131630719	6000000023758406864
Q131630720	6000000023758347063
Q131630722	6000000012133515386
Q131630740	6000000003319977026
Q131630741	6000000003320199096
Q131630742	6000000041852895352
Q131630775	6000000008262563256
Q131630789	6000000005415059287
Q131630792	6000000006376393543
Q131630793	6000000006376330211
Q131630799	6000000006376224401
Q131630812	6000000002073518904
Q131630814	6000000000618768635
Q131630816	6000000006414561866
Q131631068	6000000083791810034
Q131631081	6000000083791908865
Q131631093	6000000083791630084
Q131631189	6000000008506350291
Q131631394	6000000014016717623
Q131631540	6000000003444248017
Q131631544	6000000004437971002
Q131631608	6000000046276655909
Q131631679	6000000067822987893
Q1316318	6000000000491611688
Q131632212	6000000005919525160
Q131632303	6000000182568795874
Q131632976	6000000019920041256
Q131633065	6000000019919824632
Q131633071	6000000019919388574
Q1316355	6000000023197510522
Q131636130	6000000007661898014
Q131636218	6000000007661883947
Q1316374	6000000065364716859
Q131637597	6000000006598900278
Q131640663	6000000114897073821
Q131640830	6000000028187033701
Q1316420	6000000014282792365
Q131642875	6000000077433989889
Q13164393	6000000006365219505
Q131646059	6000000002764502659
Q131646316	6000000024308041799
Q131646739	6000000094130616919
Q131648401	6000000086976436862
Q131649381	6000000041669341159
Q1316502	6000000078166822084
Q131650589	6000000053841718371
Q131650628	6000000079360605500
Q131651414	6000000177060117858
Q1316528	6000000006719674684
Q1316530	6000000056512270919
Q131653675	6000000213369708862
Q1316586	6000000077549358884
Q1316650	6000000050689781278
Q1316686	6000000011156312021
Q131670587	6000000053348116018
Q1316719	6000000032204062192
Q13167271	6000000074705543930
Q131673067	364525773500002461
Q131673273	5587714155420027674
Q131673274	6000000003040502299
Q131673302	6000000041458855496
Q131673304	6000000041458966117
Q131673319	6000000016808336463
Q131673321	6000000053506429956
Q131673323	6000000052232852502
Q131673324	6000000007602957860
Q131673325	6000000007602677609
Q131673326	6000000006349968057
Q131673327	6000000000600107203
Q131673328	6000000004058331333
Q131673331	6000000006349951068
Q131673332	6000000003076016080
Q131673643	6000000015346841832
Q131673814	6000000053842413951
Q131674577	6000000199133104864
Q131674637	6000000126228906853
Q131674946	6000000029100606965
Q1316751	6000000166643973555
Q131675604	6000000213407878822
Q131675645	6000000213407547865
Q131675646	6000000213407624848
Q131675656	6000000213408008821
Q131675661	6000000213407982824
Q131675663	6000000213408079823
Q131675735	6000000080757022310
Q131677554	6000000038849603304
Q131677703	6000000002802407156
Q131679225	6000000025913915096
Q131681140	6000000008640669373
Q131681166	6000000008640669399
Q131681185	6000000008640669471
Q131681188	6000000008630894450
Q131681189	6000000003772750741
Q131683097	6000000014074280305
Q131684405	6000000012546647061
Q131684493	6000000059766262845
Q1316846	6000000178141903973
Q131685	6000000015110640638
Q131685576	6000000002183178273
Q131685777	6000000039717384875
Q1316858	6000000021513926642
Q131686008	6000000000194123752
Q131686678	6000000030021026826
Q131686699	6000000014503134144
Q131686700	6000000030021925219
Q131686829	6000000037803183281
Q131686876	6000000014503457118
Q131686896	6000000025581969902
Q131687530	6000000082339888999
Q131689728	6000000003772585082
Q131689994	6000000020179468738
Q131690087	6000000013321888547
Q131690133	6000000141565071845
Q131690146	6000000141565149825
Q131690151	6000000056102124077
Q131690196	6000000211075771887
Q131690240	6000000013041958650
Q131690253	6000000011634772312
Q1316903	6000000013601733078
Q131690465	6000000013041777050
Q131690672	6000000020560683129
Q131690723	6000000035178359199
Q131690743	6000000044367887825
Q131690764	6000000004969812471
Q131690795	6000000211074819853
Q131690885	6000000119393604835
Q131690935	6000000119396660828
Q131691	6000000003219768232
Q131691043	6000000119398172821
Q131691190	6000000141564262856
Q1316917	6000000013483556043
Q131692959	6000000183642554824
Q131693006	6000000004972811321
Q131693123	6000000004972707149
Q131693131	6000000004972811340
Q131693350	6000000183640575927
Q131693470	4886136397990047774
Q131693471	4065109261070048361
Q131693657	6000000025892686661
Q131693703	6000000018556055402
Q131693728	6000000026586939540
Q131693770	6000000023801267030
Q131693809	6000000024554334840
Q131693838	6000000004541765418
Q131693839	6000000023168180875
Q131693841	6000000013641431443
Q131693855	6000000018555736743
Q131693941	6000000016960292325
Q131694048	6000000015592075877
Q131694767	6000000173640487817
Q131694790	6000000010696105587
Q131695029	6000000016397050793
Q131695031	6000000000284238928
Q131695043	6000000001929518198
Q131695045	6000000000284257004
Q131695369	6000000031026404510
Q131695435	6000000031026465527
Q131695805	6000000034492310142
Q131695806	6000000034492422967
Q131695807	6000000012441403218
Q131695827	6000000006442206931
Q131695828	6000000004237689016
Q131695839	6000000006442206807
Q131695840	6000000006582819120
Q131695929	6000000032995623960
Q131695940	6000000032995625109
Q131695941	6000000011550001375
Q131695943	6000000012334742868
Q131695949	6000000001728301194
Q131695955	6000000006437499536
Q131695959	6000000008324370828
Q131695967	6000000006907024117
Q131695975	6000000077316285829
Q131695977	6000000056979633243
Q131695981	6000000006437505447
Q131695992	6000000006437490124
Q131695993	6000000006443365568
Q131695995	6000000006437488202
Q131695996	6000000006576916075
Q131695999	6000000006437484119
Q131696055	6000000019113745399
Q131696056	6000000005415156651
Q131696058	6000000005415156637
Q131696060	5590953396390123722
Q131696061	5590662980220030574
Q131696064	5591380366330111481
Q131696065	6000000000696726427
Q131696068	6000000005415134920
Q131696078	6000000082028294821
Q131696081	6000000162347023821
Q131696086	6000000002908942113
Q131696088	6000000006830755035
Q131696090	6000000002928621678
Q131696143	6000000006830848014
Q131696144	6000000006252929613
Q131696148	6000000003634485308
Q131696158	6000000000600227074
Q131696173	6000000006839022039
Q131696280	3018133
Q131696283	6000000001959112645
Q131696284	6000000001959112578
Q131696298	6000000001749580084
Q131696307	6000000000664494505
Q131696310	6000000003939521255
Q131696518	6000000046751331093
Q131696530	6000000044163639273
Q131696540	6000000046751324064
Q131696549	6000000109813487926
Q131696576	6000000000703946864
Q131696590	6000000004972811156
Q131696614	6000000011624293325
Q131696619	6000000011853877065
Q131696623	6000000004837960755
Q131696627	6000000004630998072
Q131696631	6000000004641795390
Q131696715	6000000011854495808
Q131696717	6000000011623414218
Q131696719	6000000011623411274
Q131696923	6000000009358768641
Q131697300	6000000014016029743
Q131698386	6000000190448258036
Q131698487	6000000000703951904
Q131698494	6000000004972695546
Q131699328	298853848070005545
Q131699376	298696465460005531
Q131699982	6000000054751835829
Q1317	6000000012473592298
Q131700131	6000000054755321821
Q131700157	6000000054755593832
Q131700557	6000000011281884210
Q131701278	6000000054755809821
Q131701326	5304223508080060854
Q131701441	6000000011371169260
Q131701450	6000000023552307852
Q131702140	6000000000211279760
Q131702224	6000000019227072020
Q131702614	6000000054755724826
Q131703603	6000000022948186224
Q131703605	6000000022948691955
Q131703961	334431192420014523
Q131703965	6000000038606943965
Q131703968	6000000038607330307
Q131703970	6000000000306760358
Q131703973	6000000008365612658
Q131703975	6000000008177355566
Q131704083	6000000004079775943
Q131704086	6000000004079775918
Q131704087	6000000004079775869
Q131704088	6000000002898063464
Q131704091	6000000004079534476
Q131704148	6000000004079775924
Q131704149	6000000143194689860
Q131704151	6000000021801232966
Q131704152	6000000021790152146
Q131704153	6000000003943055614
Q131704156	6000000007562117558
Q131704157	6000000003054810858
Q131704158	6000000003943055605
Q131704159	6000000006197321190
Q131704167	6000000143194699850
Q131704169	6000000017160232545
Q131704170	6000000020975891909
Q131704173	6000000009619154909
Q131704175	6000000009619494697
Q131704177	6000000020975459546
Q131704179	6000000017161093690
Q131704180	6000000004849849920
Q131704193	6000000015841015388
Q131704194	6000000015840797737
Q131704214	6000000006323072126
Q131704520	6000000012925486035
Q131704621	6000000028045876429
Q131704622	6000000028046063942
Q131704625	6000000028045750641
Q131704647	6000000028045719342
Q131704653	6000000031833209517
Q131704657	6000000000944030541
Q131704660	6000000001842979823
Q131704664	6000000028046012261
Q131704667	4179557875410125091
Q131704723	6000000004047439892
Q131704724	350692919410001178
Q131705054	6000000084390252396
Q131705073	6000000083256317731
Q131705075	6000000028044473165
Q131705151	6000000008759696979
Q131705282	6000000100170286859
Q131706	6000000004140456997
Q131708506	6000000171389967822
Q131708582	6000000000211155074
Q131708927	6000000091791260898
Q131709054	6000000011540263387
Q131709113	6000000011540268039
Q131709115	6000000011540352770
Q131709118	6000000011540274025
Q131709126	6000000011540271809
Q131711217	6000000024823952664
Q131712158	6000000011545914534
Q1317158	6000000087286270854
Q131716563	6000000011545629863
Q131716564	6000000011546050306
Q131716565	6000000011545982701
Q131716566	6000000011545835813
Q131716567	6000000011545597051
Q131716604	6000000011545918929
Q131716608	6000000011545570799
Q131716609	6000000011545163772
Q131716765	6000000003772757626
Q131716766	6000000003772757364
Q131716768	6000000008630894438
Q131716816	6000000028045794644
Q131716817	6000000028046753009
Q131716839	6000000191028564889
Q131716841	6000000050425557821
Q131716849	6000000050425409946
Q131716869	6000000016457619914
Q131716884	6000000034611713312
Q131716886	6000000034611389660
Q131716929	6000000003938538304
Q131716935	6000000000475167967
Q131716946	6000000000497485715
Q131716947	6000000000497485577
Q131716954	6000000050419279007
Q131716955	6000000003712095829
Q131716957	6000000003711883598
Q131716958	6000000001384052129
Q131716963	6000000000770281178
Q131716964	6000000000770281138
Q131716966	4188631407930041798
Q131716971	6000000003937939115
Q131716973	6000000000875556934
Q131716990	6000000001384312995
Q131716990	6000000003712044176
Q131717044	6000000003772750289
Q131717045	6000000003772750021
Q131717047	6000000003772747980
Q131717156	6000000051018854843
Q131717311	6000000051018601014
Q1317174	6000000024349686173
Q131717537	6000000006110858505
Q131717539	6000000006110653041
Q131717543	6000000002337134052
Q131718321	6000000003865889522
Q131718722	6000000035690043784
Q131718728	1395485
Q131718876	1382318
Q131719153	6000000040703261849
Q131719216	6000000020032706337
Q131719647	6000000023293861077
Q131719823	6000000016110339674
Q131720315	6000000053840879824
Q131720426	6000000091791174918
Q131720522	6000000054755650838
Q131720541	6000000053840593087
Q131720637	6000000053841345845
Q131720713	6000000041340526145
Q1317209	6000000074568383876
Q131721	6000000007425381086
Q131721974	6000000051017325961
Q131722012	6000000076004360981
Q131722177	6000000074288711831
Q131722180	6000000051017182009
Q131722230	6000000051018977018
Q131722344	6000000051019332873
Q131722360	6000000016055188035
Q131722372	6000000001433331430
Q131722390	6000000002246979594
Q131722396	6000000031497518359
Q131722403	6000000022180404247
Q131722536	6000000003501657609
Q131722674	6000000184851521833
Q1317231	6000000000999491120
Q131723430	4825986067620026413
Q131723514	6000000014723181783
Q131723536	6000000011545575951
Q131723604	6000000053429464904
Q131723654	6000000053427974696
Q131723672	6000000011545768489
Q131723673	6000000011545856387
Q131724698	4825988025330026415
Q1317247	6000000086370497320
Q131724770	6000000018766108049
Q131724908	6000000139614141883
Q131724964	6000000079820250297
Q131725	6000000010484938524
Q131725120	6000000020312403172
Q131725148	4611550328660026772
Q131725384	6000000008452354965
Q131725536	6000000011545915222
Q131725608	6000000068215917126
Q131725709	6000000166588731821
Q131725711	6000000013951484209
Q131725712	6000000013951452434
Q131725713	6000000019139564770
Q131725714	6000000013951444174
Q131725740	6000000003783104867
Q131725741	6000000003783104874
Q131725742	6000000011873382473
Q131725743	6000000006420680038
Q131725744	6000000006420183880
Q131725745	6000000006427062663
Q131725777	6000000019057404493
Q131725778	6000000012899135850
Q131725779	6000000018857101827
Q131725780	6000000009846409068
Q131725782	6000000009846080967
Q131725783	6000000009845692393
Q131725788	6000000019469008658
Q131725789	6000000003062913564
Q131725790	6000000003062996342
Q131725851	6000000008100848775
Q131725853	6000000004653598930
Q131725871	6000000000658680031
Q131725979	6000000013951368775
Q131725980	6000000013951376520
Q131726032	6000000018492905539
Q131726112	6000000030644659546
Q131726135	6000000091012701832
Q131726136	6000000030644744505
Q131726156	6000000075500876840
Q131726280	6000000022436724137
Q131726338	6000000013401960220
Q131726352	6000000013289190946
Q131726432	6000000023059179913
Q131726443	6000000014660321974
Q131726553	6000000115826768821
Q131726554	6000000115826487959
Q131726555	6000000115826493919
Q131726556	6000000115826691929
Q131726557	6000000115826663916
Q131726725	6000000115825464396
Q131726726	6000000115827014821
Q131726727	6000000115826953860
Q131726728	6000000115826334111
Q131726933	6000000016561332602
Q131727095	6000000006127141609
Q131727215	6000000003051767585
Q131727344	6000000024182572719
Q131727500	6000000052650103851
Q131727523	6000000052649887969
Q131727537	6000000052649875821
Q131727546	6000000052649427935
Q131727547	6000000003522645571
Q131727549	6000000014554811878
Q131727558	6000000052651363929
Q131727730	6000000033672703265
Q131727995	6000000016390579796
Q1317285	6000000052931222004
Q131729	6000000014057946751
Q131729332	6000000016481831730
Q131729771	6000000017212260269
Q131729829	6000000021076312714
Q131729855	6000000180272304822
Q131729856	6000000180220178874
Q131729900	6000000014310654525
Q131729901	6000000014310349754
Q131729941	6000000011852122395
Q131729948	6000000030312835882
Q131729949	6000000023024017065
Q131729950	6000000023024198911
Q131729951	6000000024352033608
Q131729964	6000000010887870735
Q131729966	6000000010888193282
Q131729970	6000000011499459543
Q131729974	6000000006594780481
Q131729988	6000000030385135386
Q131729990	6000000030421981832
Q131730106	6000000002765160630
Q131730119	6000000016968046648
Q131730137	6000000132558994861
Q131730138	6000000132558827887
Q131730139	6000000132558482017
Q131730140	6000000132558953897
Q131730149	6000000008851772767
Q131730346	6000000019981998873
Q131730428	6000000014005634742
Q131730429	6000000013639918354
Q131730430	6000000013639918359
Q131730431	6000000017681559202
Q131730432	6000000017856445642
Q131730433	6000000014005723513
Q131730434	6000000017762767087
Q131730435	6000000017871777438
Q131730443	6000000075576905985
Q131730670	6000000051896318173
Q131730793	6000000020379754913
Q131730811	6000000016568954039
Q131730865	6000000019309041782
Q131730972	6000000079753596891
Q131730986	6000000086706093049
Q131731020	6000000042505383847
Q131731144	6000000026617811862
Q131731145	6000000044424958377
Q131731146	6000000044424979929
Q131731147	6000000044424702043
Q131731148	6000000080961507821
Q131731149	6000000022392067110
Q131731150	6000000044424375519
Q131731193	6000000022248623016
Q131731194	6000000022248705221
Q131731215	6000000000027711946
Q131731296	6000000016726336790
Q131731297	6000000016977139282
Q131731298	6000000016977058355
Q131731299	6000000016977197533
Q131731389	6000000027936969324
Q131731490	6000000017198670462
Q131731491	6000000018039697559
Q131731493	6000000017476323598
Q131731584	6000000023996889864
Q131731689	6000000022961523651
Q131731696	6000000026147715035
Q131731997	6000000029166220137
Q131732192	6000000023712971144
Q131732193	6000000023713051547
Q131732224	6000000016463487911
Q131732229	6000000016490832030
Q131732234	6000000014786390177
Q131732306	6000000047102069924
Q131732310	6000000047102456862
Q131732311	6000000047102282911
Q131732631	6000000026864344749
Q131732770	6000000016627332714
Q131732993	6000000050144693008
Q131733	6000000010954917752
Q131733004	6000000042508808235
Q131733006	6000000042508525646
Q131733058	6000000184824949822
Q131733061	6000000184824133869
Q131733790	6000000016749626271
Q131733790	6000000184824809822
Q1317344	6000000077820863853
Q131737399	6000000076361800965
Q131737930	6000000018823324394
Q131738429	6000000011114953653
Q1317386	6000000163317930121
Q131739053	6000000202010678853
Q131739710	6000000199293505824
Q131740239	6000000042628552856
Q131740467	6000000042628334127
Q131740491	6000000013867302711
Q131740502	6000000186291156199
Q131740717	6000000005440887343
Q131740759	6000000038142344264
Q131740761	6000000032109265912
Q131740762	6000000037698212688
Q131740780	6000000011071406338
Q131740783	6000000013791872972
Q131740785	6000000016439375605
Q131740786	6000000016439910071
Q131740789	6000000003437783138
Q131740799	6000000013354469833
Q131740804	6000000013354370746
Q131740805	6000000013354473880
Q131740806	6000000015106676990
Q131740807	6000000016823116230
Q131740825	6000000015698072108
Q131740827	6000000015797191635
Q131740828	6000000014735257023
Q131740829	6000000014735210143
Q131740831	6000000010048372347
Q131740895	6000000010801492484
Q131740896	6000000013322395495
Q131740897	6000000013326781056
Q131740898	6000000006127598499
Q131740899	6000000000404615384
Q131740954	6000000105700448218
Q131740970	6000000083314605524
Q131741140	6000000044367144067
Q131741141	6000000044367299175
Q131741142	6000000044367199549
Q131741143	6000000044367345181
Q131741144	6000000044366723773
Q131741200	6000000049335353963
Q131741572	6000000091633546879
Q131741579	6000000044372369850
Q131742164	6000000069882128596
Q131742717	6000000028336259957
Q131742794	6000000028336296925
Q131742904	6000000029877960789
Q131743000	6000000208601465832
Q131743139	6000000196851956890
Q131743164	6000000196844882872
Q13174334	6000000066653210984
Q131743507	6000000014961125423
Q131743742	6000000011755943279
Q131743744	6000000011511101537
Q131743745	6000000025180983034
Q131743813	6000000031673318685
Q131743819	6000000032952576169
Q131743822	6000000032952190810
Q131743823	6000000016726410772
Q131743824	6000000032951118728
Q131743847	6000000014910433196
Q131743848	6000000014909796895
Q131743849	6000000014910824353
Q131743850	6000000014910346467
Q131743859	6000000031110179174
Q131743860	6000000031109966600
Q131743863	6000000031208126658
Q131743865	6000000016747525369
Q131743868	6000000031208532326
Q131743906	6000000015631519839
Q131743909	6000000014912643225
Q131743912	6000000015631672200
Q131743914	6000000031751593833
Q131743916	6000000023223573317
Q131743918	6000000015631300883
Q131743921	6000000015631310859
Q131743922	6000000016747760270
Q131743924	6000000015256979382
Q131743926	6000000015256939383
Q131743934	6000000015257212159
Q131743935	6000000015632101140
Q131744194	6000000003249272489
Q131744226	6000000011613525809
Q131744275	6000000016292893753
Q131744486	6000000011037863158
Q131744987	6000000010789107198
Q131745052	6000000035003887472
Q131745166	6000000002799049286
Q131745224	6000000005006076021
Q131745234	6000000043934803215
Q131745379	6000000043606392417
Q131745451	6000000008202660691
Q131745625	6000000043606532400
Q131746093	6000000002518151184
Q131746426	6000000073194682870
Q131746441	6000000015277868615
Q131746479	6000000039875098058
Q131746486	6000000018443466791
Q131746492	6000000040266919327
Q131746513	6000000008393439265
Q131746619	6000000015702138802
Q131746646	6000000013310872679
Q131746849	6000000015761443742
Q131747101	6000000003769845054
Q131747152	6000000003769749544
Q131747187	6000000003769741970
Q131747206	6000000188577564832
Q131747285	6000000119178720860
Q131747286	6000000119181269847
Q131747287	6000000079042317844
Q131747325	6000000191082177821
Q131747326	6000000079036999147
Q131747391	6000000015741099330
Q131747400	6000000015741436135
Q131747413	6000000015741440121
Q131747433	6000000019328884154
Q131747482	6000000119183939826
Q1317476	6000000113308463019
Q131747680	6000000019381618461
Q131747858	6000000119177922851
Q131747861	6000000119178199821
Q131747906	6000000086346731866
Q131747906	6000000189483893824
Q131747910	6000000086346013002
Q131747910	6000000189483970821
Q131747917	6000000086346713962
Q131747974	6000000010319722386
Q131748077	6000000010482858401
Q1317482	6000000067101560083
Q131748272	6000000062822979998
Q131748284	6000000018020588804
Q131748299	6000000018020830459
Q131748944	6000000028336276058
Q131749178	6000000062282069899
Q131749201	6000000003649321017
Q131749279	6000000015620371922
Q131749279	6000000213052921313
Q131749565	1825311
Q131750062	6000000062562342942
Q131750063	6000000007585235815
Q1317501	6000000002188445370
Q131750198	6000000220866735833
Q131750497	6000000174242723981
Q131750942	6000000021121157407
Q131751020	6000000021121047068
Q131751027	6000000018514871730
Q131751028	6000000018515017410
Q131751415	6000000077141132978
Q131751423	6000000010468281544
Q131751520	6000000013577767439
Q131751546	6000000186369452939
Q131751548	6000000186370058860
Q131751568	6000000035814559731
Q131751610	6000000014945600489
Q131751665	6000000086346702942
Q131751679	6000000188826181830
Q131751686	6000000188802234832
Q131751904	6000000035816240966
Q131752181	6000000019496293186
Q131752184	6000000086346878986
Q131752186	6000000086347135897
Q131752519	6000000097040419033
Q131752738	6000000086347476844
Q131752741	6000000119222152825
Q131752742	6000000013451390021
Q131752769	6000000014016085121
Q131753236	6000000039652375143
Q131753533	6000000031252567316
Q131754016	6000000207398846850
Q131754027	6000000014555070510
Q131754028	6000000014555280568
Q131754029	6000000006232290805
Q131754031	6000000001382856232
Q131754032	6000000001382841952
Q131754033	6000000014452022509
Q131754035	6000000003942908791
Q131754036	6000000014525571132
Q131754039	6000000000496557890
Q131754067	6000000001382856209
Q131754069	6000000006110795615
Q131754071	6000000003939978531
Q131754073	6000000002883119381
Q131754110	6000000001382856683
Q131754114	6000000008439642331
Q131754115	6000000003615554272
Q131754185	6000000003976903778
Q131754186	6000000003940741735
Q131754192	6000000003940741822
Q131754200	6000000006094087002
Q131754362	6000000007602901131
Q131754363	6000000038639687146
Q131754423	6000000021120982593
Q131754429	6000000028148459353
Q131754430	6000000008680126330
Q131754431	6000000000250448028
Q131754437	6000000001382707729
Q131754445	6000000001382707753
Q131754447	6000000008680014635
Q131754694	6000000072192251218
Q131754701	6000000072192497026
Q131754707	6000000003635124430
Q131754814	6000000002774381173
Q131754890	6000000000426618981
Q131756363	6000000097115317989
Q131756746	6000000000957801129
Q131756778	6000000006797071401
Q131756778	6000000206069734745
Q131756824	6000000004229597593
Q131756881	6000000012209874534
Q131756889	6000000003940068938
Q131756945	6000000023222682099
Q131757060	6000000020788142143
Q131757116	6000000020758933477
Q131757118	6000000002799102368
Q131757245	6000000002678032492
Q131757297	6000000005575214871
Q131757425	6000000119223905821
Q131757426	6000000119224039831
Q131757480	6000000097068807830
Q131757484	6000000025880888131
Q131757739	6000000019805772845
Q131757810	6000000019805767715
Q131757885	6000000019805766980
Q131758024	6000000018016731993
Q131758348	6000000000947318222
Q131758661	6000000004011832343
Q131758741	6000000004593128671
Q131758765	6000000004970087395
Q131758773	6000000004970158069
Q131758787	6000000001713400373
Q131758788	6000000003938013904
Q131758789	6000000003938086219
Q131758796	6000000003938013895
Q131758797	6000000000115680549
Q131758800	6000000002665559220
Q131759438	6000000005575155857
Q131759439	6000000091166965548
Q131759441	6000000008574320845
Q131759442	6000000005912970079
Q131759450	382842856800013347
Q131759453	6000000003940068631
Q131759504	6000000008574320851
Q131759576	6000000091170157845
Q131759578	6000000058260157880
Q131759580	4424961162370068108
Q131759581	6000000002908277275
Q131759609	6000000000957667503
Q131759611	6000000006437286290
Q131759612	6000000015396067375
Q131759614	6000000000958064938
Q131759624	6000000000786926382
Q131759625	6000000006769539124
Q131759629	6000000007645847732
Q131759637	6000000000077837695
Q131759639	6000000009581663427
Q131759661	6000000003233329394
Q131759663	6000000003940068746
Q131759667	6000000000638540088
Q131759668	6000000000077837123
Q131759670	6000000000077837138
Q131759673	6000000000077837951
Q131759680	6000000006369890672
Q131759695	6000000006804468061
Q131759697	6000000003940068714
Q131759699	6000000001080393180
Q131759702	6000000006243286001
Q131759703	6000000006804456066
Q131759706	6000000008640850526
Q131759732	6000000003940068784
Q131759736	6000000003940068799
Q131759752	6000000002678132119
Q131759754	6000000002678682096
Q131759757	6000000023160660025
Q131759760	6000000002678132031
Q131759764	6000000002580380913
Q131759775	6000000000647551120
Q131759799	6000000068147021969
Q131759823	6000000014235875360
Q131759923	6000000008891187900
Q131759997	6000000008178531323
Q131759999	6000000008178532337
Q131760001	6000000008178492573
Q131760004	6000000008178537225
Q131760008	6000000004229659046
Q131760011	6000000000424741273
Q131760012	6000000001397251138
Q131760026	6000000005598601277
Q131760030	6000000003943132630
Q131760048	6000000004229649965
Q131760062	6000000003940068639
Q131760064	6000000001080393656
Q131760067	6000000003147071957
Q131760068	6000000004229552794
Q131760071	6000000008178325889
Q131760083	6000000008178274872
Q131760084	6000000001590395229
Q131760086	6000000001605890343
Q131760088	6000000001605839305
Q131760093	6000000001590074883
Q131760094	6000000001578927337
Q131760095	6000000000954429306
Q131760114	6000000019128454470
Q131760115	6000000019128247392
Q131760118	6000000006252409158
Q131760124	6000000006854815819
Q131760125	6000000023485515892
Q131760126	6000000008500090055
Q131760127	6000000002824544974
Q131760129	4786341771110123117
Q131760130	6000000003636460136
Q131760146	6000000087120213485
Q131760193	6000000087119388769
Q131760277	6000000026592038894
Q131760281	1381038
Q131760293	6000000087121403927
Q131760318	6000000015375323054
Q131760327	6000000004947767108
Q131760333	6000000037496389886
Q131760334	6000000005943152469
Q131760335	6000000004947237996
Q131760338	6000000000550546945
Q131760343	6000000004548304608
Q131760350	6000000041996705430
Q131760358	6000000004229564470
Q131760360	6000000003940263627
Q131760361	6000000002969930058
Q131760365	6000000002905206545
Q131760378	6000000020377470383
Q131760381	6000000000661319932
Q131760382	6000000000661481281
Q131760395	6000000000661509107
Q131760396	6000000002143523125
Q131760397	6000000000619060904
Q131760400	6000000041996862274
Q131760403	6000000000954429442
Q131760406	6000000002143523107
Q131760408	6000000006252043471
Q131760411	6000000000654635321
Q131760415	6000000000445786589
Q131760416	6000000001713447182
Q131760424	6000000006129878767
Q131760425	353468373920012036
Q131760427	6000000000619043280
Q131760501	6000000177077865822
Q131760503	6000000000668316510
Q131760504	6000000000834257880
Q131760506	6000000008518501933
Q131760512	6000000006103919294
Q131760516	6000000006103939343
Q131760517	6000000006104030333
Q131760522	6000000006104216082
Q131760524	6000000020816294426
Q131760528	6000000006104010512
Q131760531	6000000020816284535
Q131760532	6000000020816517033
Q131760534	6000000182424362862
Q131760544	6000000100113970828
Q131760545	6000000100113970840
Q131760546	6000000111760232204
Q131760547	6000000003940072111
Q131760548	6000000003940068661
Q131760550	6000000100113970834
Q131760551	6000000000559544435
Q131760552	6000000000559523292
Q131760554	6000000100114050834
Q131760555	6000000000426593121
Q131760556	6000000007227945201
Q131760557	6000000008980976394
Q131760559	6000000008980885626
Q131760562	6000000002665353170
Q131760563	6000000000115603248
Q131760569	6000000006439920869
Q131760571	6000000194272395941
Q131760572	6000000017138968666
Q131760574	6000000017139188685
Q131760575	6000000003937491219
Q131760576	6000000016336377753
Q131760584	6000000006439920848
Q131760586	6000000006439920805
Q131760609	6000000001588561421
Q131760613	6000000003937483560
Q131760620	6000000017139270296
Q131760621	6000000003937680291
Q131760622	6000000026025673395
Q131760637	6000000025877988906
Q131760640	6000000025877350276
Q131760641	6000000025877258301
Q131760642	6000000000770112513
Q131760644	6000000003077419919
Q131760655	6000000006439788108
Q131760656	6000000041996759340
Q131760658	6000000006441307782
Q131760719	6000000041996942039
Q131760906	6000000029841282724
Q131761	311493484840008249
Q131761082	6000000188279496833
Q131761471	6000000180791327018
Q131761710	6000000188280346853
Q131761901	6000000171902075839
Q131761996	6000000028228692537
Q1317620	6000000006755862824
Q131762040	6000000020660794772
Q131762088	6000000040736276065
Q131762103	6000000014243941089
Q131762180	6000000000250118528
Q131762209	6000000171900770188
Q131762336	6000000031890068188
Q1317628	6000000081132474834
Q131762908	6000000031436436909
Q131762921	6000000029675754600
Q131762925	6000000029676074382
Q131762928	6000000029675798360
Q131762932	6000000029676019084
Q131762941	6000000142652905912
Q131762985	6000000013411951885
Q131763005	6000000090934227849
Q131763068	6000000202603434829
Q131763255	6000000175838245837
Q131763281	6000000007330319835
Q131763347	6000000186469103844
Q131763712	6000000076549824965
Q131763743	6000000193412922925
Q131763844	6000000027157393363
Q131763884	6000000038446067533
Q1317640	6000000008697701747
Q131764265	6000000206511165844
Q131764266	6000000206531212821
Q131764269	6000000206531293844
Q131764271	6000000206531379823
Q131764384	6000000021612967442
Q131764573	6000000206494453823
Q131764575	6000000174150669201
Q131764646	6000000007292697881
Q131764726	6000000004847409699
Q131764771	6000000186468147883
Q131764780	6000000186467688939
Q131764787	4326713317070045523
Q131764793	6000000175838701861
Q131764812	6000000184340675854
Q131764814	6000000042374822465
Q131764815	6000000042374913113
Q131764817	6000000006962125227
Q131764818	6000000175838929869
Q131764821	6000000003938015845
Q131764829	6000000003938015838
Q131764834	6000000003939075287
Q131764846	6000000006961601765
Q131764892	6000000000661303535
Q131764894	6000000000661309913
Q131764896	6000000004558381298
Q131764900	6000000004558400581
Q131764970	6000000017557886099
Q131765023	6000000174151722058
Q131765024	6000000174151941970
Q131765341	6000000179251553898
Q131765343	6000000004229564783
Q131765344	6000000004229557902
Q131765346	6000000002329269035
Q131765348	6000000003940068841
Q131765350	6000000005588296095
Q131765371	6000000179368279847
Q131765382	6000000179364627903
Q131765383	6000000001226994538
Q131765384	6000000001226994464
Q131765387	6000000001226997132
Q131765388	6000000003940072300
Q131765389	6000000003940052257
Q131765390	6000000003940052239
Q131765610	6000000012814156509
Q131765617	6000000012814345209
Q131765618	6000000004229597039
Q131765621	6000000005747294088
Q131765633	6000000005747106306
Q131765677	6000000001489804320
Q131765682	6000000001489806682
Q131765693	355701316410005672
Q131765705	6000000006796992504
Q131765707	6000000006797141264
Q131765708	6000000006764358881
Q131765710	6000000007633960168
Q131765730	6000000012771254364
Q131765732	6000000003937499954
Q131765735	6000000012771308276
Q131765737	6000000008175143282
Q131765746	5088604476440062917
Q131765752	6000000039382709343
Q131765768	6000000178702042849
Q131765769	6000000073125350990
Q131765772	6000000003221644907
Q131765773	6000000108725817860
Q131765776	6000000003940656740
Q131765782	4510754343280034966
Q131765785	6000000001958976546
Q131765786	6000000000658903489
Q131765787	6000000006442760920
Q131765791	6000000001959132736
Q131765792	4514280643710089779
Q131765793	6000000005965394557
Q131765794	6000000002908245463
Q131765796	6000000002908245636
Q131765806	6000000007418640238
Q131765808	6000000007417749684
Q131765809	6000000007417749750
Q131765811	6000000007418635387
Q131765812	6000000007418011502
Q131765816	6000000007004469636
Q131765818	6000000007003557967
Q131765827	6000000003221693611
Q131765828	6000000004549679601
Q131765863	6000000000396526762
Q131765881	4008980
Q131765883	6000000001783364651
Q131765944	4510745956540035141
Q131765979	6000000006854814633
Q1317660	6000000015228723632
Q131766034	6000000011801872190
Q131766042	6000000029496730594
Q131766058	6000000029496628633
Q131766284	6000000020137794039
Q131766312	6000000021632307988
Q131766521	6000000010486934032
Q131766537	6000000003352385541
Q131766778	6000000007709119745
Q131766784	6000000012339540361
Q131766843	6000000007711699451
Q1317675	6000000010572348293
Q131767911	6000000101379721874
Q131768213	6000000020796525978
Q131768417	6000000185648679883
Q131768467	6000000016304119801
Q131768477	6000000020899497621
Q131768502	6000000185645282050
Q131768518	6000000054814547172
Q131768546	6000000020897163715
Q131768629	6000000020795669517
Q131768922	6000000214156173854
Q1317693	6000000016176212428
Q1317695	6000000016512000918
Q131769799	6000000076964168620
Q1317699	6000000016717468851
Q131770108	6000000016304242252
Q1317702	6000000017854271107
Q131771431	6000000059812079890
Q131771568	6000000011750474310
Q1317717	5319405473240126411
Q1317724	6000000009863995559
Q1317727	6000000016717634446
Q1317757	6000000178895015840
Q131777004	6000000090934227853
Q1317790	6000000034880732437
Q131779219	6000000000947228395
Q131781482	6000000020182120064
Q131781513	6000000020183282454
Q131782203	6000000000947161610
Q131782369	6000000202603202823
Q131782423	6000000202603600823
Q131782425	6000000202603637821
Q131782494	6000000027822825151
Q131782617	6000000027129853692
Q131782618	6000000024948318188
Q131782618	6000000027130524856
Q131782619	6000000024948118533
Q131783161	6000000002046092842
Q131783163	6000000001328052007
Q131783165	6000000003040502685
Q131783172	6000000077202633827
Q131783308	6000000024948485856
Q131783334	6000000024948211367
Q131783441	6000000002304344305
Q131783444	6000000002304344317
Q131783463	6000000002304344323
Q131783534	6000000000438436089
Q131783565	362754196250004816
Q131783572	6000000000378183044
Q131783587	6000000052081762829
Q131783673	6000000015807882752
Q131783752	5333159765650023147
Q131783755	6000000003031299620
Q131783756	6000000004579326634
Q131783758	6000000004579621376
Q131783770	6000000000494637460
Q131783774	6000000000449292584
Q131783776	6000000000448141682
Q131783991	6000000020150980093
Q131784080	6000000040916857862
Q131784174	6000000007511974230
Q131784178	6000000007511974301
Q131784180	6000000004457114006
Q131784263	6000000018915611084
Q131784267	6000000101375225945
Q131784270	6000000019057120253
Q131784387	6000000206950342841
Q131784413	6000000005597281085
Q131784489	6000000206950103826
Q131784503	6000000005597442285
Q131784529	6000000096324629900
Q131784636	6000000029701285616
Q131784643	6000000032189539048
Q131784916	6000000009787049233
Q131784956	6000000008092202791
Q131785054	6000000124360887282
Q131785357	6000000184672134937
Q131785358	6000000184673392838
Q131785393	6000000194363461365
Q131785473	6000000184672808930
Q131785578	6000000021617876785
Q131785765	6000000193790919939
Q131785784	6000000021618002719
Q131785925	6000000035635523859
Q131786468	6000000015818457560
Q131786469	6000000015818879543
Q131786470	6000000015819023014
Q131786868	6000000005400352107
Q131786869	6000000011494834829
Q131786870	6000000001611673773
Q131786872	6000000024046335616
Q131786873	6000000005597199165
Q131786874	6000000002459885270
Q131786875	6000000002288731272
Q131786876	6000000002459856635
Q131786879	6000000000908888257
Q131786894	6000000194561620888
Q131786896	6000000194562628831
Q131786897	6000000194562294842
Q131786898	6000000194563107855
Q1317869	6000000040267213706
Q131786900	6000000096317703982
Q131786901	6000000096318543848
Q131786902	356084454680012370
Q131786906	6000000002931204670
Q131786919	6000000003022168087
Q131786963	6000000003288506056
Q131786964	6000000205706727536
Q131786971	6000000205706727560
Q13178720	6000000143370074827
Q131787295	6000000018021121808
Q131787328	6000000005597270543
Q131787329	6000000006412894173
Q131787330	6000000005597455979
Q131787339	6000000023403961859
Q131787353	6000000013225650900
Q131787353	6000000027857270302
Q131787378	6000000005597442224
Q131787380	6000000005597442232
Q131787381	6000000048192226788
Q131787382	6000000048282162085
Q131787463	6000000006970370764
Q131787464	6000000013281142440
Q131787465	6000000005597226409
Q131787467	6000000000426751190
Q131787481	6000000003938265758
Q131787482	6000000003938265694
Q131787485	6000000032968679853
Q131787487	4372073
Q131787488	6000000010569098003
Q131787489	6000000007710340452
Q131787492	6000000002665512973
Q131787493	4371882
Q131787494	4372187
Q131787499	6000000032967607390
Q131787501	6000000172829875243
Q131787504	6000000000602609725
Q131787506	6000000007761419566
Q131787511	6000000020637632943
Q131787513	6000000009368956319
Q131787516	6000000007346640516
Q131787519	6000000009368561962
Q131787520	6000000002351083532
Q131787521	6000000175518382824
Q131787522	6000000002516417742
Q131787523	6000000002351123160
Q131787524	6000000002174874268
Q131787539	6000000074752734896
Q131787541	6000000016303756282
Q131787543	6000000000588121383
Q131787547	6000000003940586576
Q131787548	6000000013091730713
Q131787549	4506863357740124366
Q131787624	6000000016303685452
Q131787626	6000000000951172983
Q131787630	6000000005597270980
Q131787630	6000000016303600592
Q131787639	6000000000951173000
Q131787639	6000000095394618951
Q131791340	6000000002684782814
Q131791397	6000000006252112914
Q131791489	6000000032374639136
Q131791502	6000000032374382066
Q131791516	6000000032374201418
Q131791529	6000000004094608407
Q131791609	6000000008936121681
Q131791623	6000000012664137657
Q131791623	6000000118646304821
Q131792498	6000000008680039096
Q131792620	6000000008936079849
Q131792636	6000000006674861001
Q131792651	6000000003897377453
Q131792664	4381551630040034389
Q131792700	6000000008260594498
Q131792712	6000000003894687177
Q131793667	6000000001337063571
Q131793672	6000000001337063448
Q131793684	6000000003221820446
Q131793701	6000000004639410688
Q131793716	6000000003221636149
Q131793731	6000000003221636159
Q131793767	6000000003221636172
Q131794343	6000000010578586296
Q131794368	6000000013048990676
Q131794418	6000000010576396139
Q131795177	6000000013374997220
Q131795191	6000000007203206840
Q131795207	6000000007203013731
Q131795220	6000000002337134793
Q131795814	6000000029797862562
Q131795943	1338714
Q131795983	6000000059269901839
Q131795997	6000000012838202273
Q131796013	6000000002603698934
Q1317969	6000000008630814558
Q131799193	6000000029496816526
Q1318009	6000000017132785260
Q131801223	6000000029696069089
Q131801239	6000000202967805859
Q131801256	6000000202968413821
Q131801269	6000000202967606875
Q131801287	6000000105586845846
Q131801299	6000000032925030185
Q131801312	6000000001579106190
Q131801346	6000000006081660309
Q131801359	361780999810012000
Q131801416	6000000009379580312
Q131801894	296247511540007020
Q131801905	296246607100001241
Q131801919	6000000000438441755
Q131801979	6000000000110523636
Q131802253	6000000041932312568
Q131802316	6000000022819571302
Q131802352	6000000022819555277
Q1318034	6000000172251468827
Q131804664	6000000029497149959
Q131804672	6000000029497052230
Q131804672	6000000050134398841
Q131804684	6000000029496656811
Q131805	6000000009619415387
Q131805147	6000000003221871174
Q131805165	6000000003221867365
Q131805178	6000000003221865280
Q131805193	6000000003221865253
Q131805205	6000000001101696005
Q131805218	6000000002861025182
Q131805305	6000000005922006659
Q131805319	6000000000770098085
Q131805356	6000000003221871180
Q131805373	6000000017703869284
Q131805387	6000000078513566739
Q131805795	6000000003221613749
Q131805811	6000000003221636320
Q131805825	6000000003221636342
Q131805872	6000000003221863459
Q131805885	6000000003221644957
Q131807930	6000000131333769902
Q131808267	6000000029496880516
Q131808267	6000000029497153119
Q131808800	6000000012070768264
Q131810019	6000000025563502040
Q131814	6000000012925309224
Q1318147	6000000007512630341
Q131819228	6000000029496980282
Q131819228	6000000043454588394
Q131819628	6000000029497032388
Q131819683	6000000029496950281
Q131819766	6000000018021316069
Q131819906	6000000018021224261
Q131819909	6000000003288502966
Q131819910	4294868058410067487
Q131819911	4294845566390067323
Q131819912	6000000003288511080
Q131819914	6000000006441344874
Q131819924	6000000088979078017
Q131819927	6000000003288651972
Q1318206	6000000037185659405
Q131822100	6000000176117184909
Q131822194	6000000185424368937
Q131822344	6000000002946508735
Q131822345	6000000020059268957
Q131822348	6000000011439104619
Q131822349	6000000002946644159
Q131822350	6000000149249872868
Q131822351	6000000009658563790
Q131822352	6000000000521810681
Q131822423	6000000096019223821
Q131822438	6000000096026599833
Q131822462	6000000096146140043
Q131822548	6000000207384477992
Q131822695	6000000193319352824
Q131822747	6000000192518869845
Q131822750	6000000192516445874
Q131823606	6000000014805397056
Q131823635	6000000088876338866
Q131823637	6000000088876338910
Q131823640	6000000088876338938
Q131823641	6000000001529130497
Q131823642	6000000001529109357
Q131823644	6000000003075743135
Q131824288	6000000000841479479
Q131824958	2249027
Q1318251	6000000091376497837
Q131825208	2248999
Q131825554	6000000051316836935
Q131825828	6000000071653590854
Q131825861	6000000071653619837
Q131825901	6000000032456794861
Q131825929	6000000071653032315
Q131826307	6000000074721658389
Q131826372	6000000043813685076
Q131826511	6000000045583048551
Q131826512	6000000045583985943
Q131826958	6000000002441102031
Q131826958	6000000213540665823
Q131827487	6000000026477861011
Q131827690	6000000058481498972
Q131827722	6000000007977379682
Q131827729	6000000031202341825
Q131827730	6000000006348478426
Q131827752	6000000057646698631
Q131827767	6000000152012030821
Q131827773	6000000021300286843
Q131827799	6000000053266004828
Q131827821	6000000002539092393
Q131827822	6000000002539209455
Q131827823	6000000002539344159
Q131827995	6000000008034069870
Q131828111	6000000002224109180
Q131828605	6000000064109341011
Q131830052	6000000019078254549
Q131830053	6000000048345975838
Q131830054	6000000007513889227
Q131830058	6000000018061157306
Q131830059	6000000004593253842
Q131830413	6000000014713703063
Q131830805	6000000001090836626
Q131830806	6000000001090693643
Q131830808	6000000001090654571
Q131830810	6000000001090812025
Q131830811	6000000002923035172
Q131830892	6000000014273056208
Q131830895	6000000014273049080
Q131830899	6000000014272916615
Q131830904	6000000006811222421
Q131830906	6000000006811021597
Q131830911	6000000029388531646
Q131830917	6000000003300516746
Q131831008	6000000024948414851
Q1318312	6000000156996448848
Q131831297	6000000003124404660
Q131831298	6000000003124411479
Q131831299	2396394
Q131831301	6000000003124463168
Q131831302	6000000003124443089
Q131832296	6000000003858983213
Q131832303	6000000003122415733
Q131832310	6000000008328683363
Q131832311	6000000008328445982
Q131832371	6000000027396529959
Q131832451	6000000024697368400
Q131832453	6000000024697614849
Q131832916	5077901074600104091
Q131833139	6000000075140174836
Q131833296	6000000075140279087
Q131834355	6000000075209138859
Q131836949	6000000011928715402
Q131836955	6000000051946413068
Q131836971	6000000018399615183
Q131837040	6000000053277594908
Q131837596	6000000010319910800
Q131837601	6000000042895811892
Q131837604	6000000003796035011
Q131838255	6000000022630127903
Q131838268	6000000038682452079
Q131838926	6000000210407531829
Q131838931	6000000208207843821
Q131838969	6000000208207489846
Q131838993	6000000043793410965
Q131839369	6000000014713848214
Q131839648	6000000193052309965
Q131839649	6000000193053178829
Q131840167	6000000014883344105
Q131841115	6000000000952284883
Q131841125	6000000000946493122
Q131841129	6000000000946128829
Q131841140	6000000000951407153
Q131841166	6000000002178389953
Q131841170	6000000002550167239
Q131841171	6000000007979450923
Q131841206	6000000000952465273
Q131841210	6000000000952379556
Q131841213	6000000176874490859
Q131841241	6000000001840212912
Q131841253	6000000001840212838
Q131841260	6000000015346841670
Q131841281	6000000008342171892
Q131841287	6000000002534823948
Q131841294	6000000002575917326
Q131841314	6000000012120097965
Q131841315	6000000002534635095
Q131841360	6000000006981041155
Q131841362	6000000006570371086
Q131841430	6000000001959183390
Q131841435	6000000000682221928
Q131841436	6000000003177813047
Q131841456	5145193569590073640
Q131841473	6000000001840268698
Q131841477	6000000015347256553
Q131841962	6000000024828818185
Q131842331	6000000000530520990
Q131842332	6000000000795033820
Q131842333	6000000017498870856
Q131842335	6000000003075732554
Q131842338	6000000035571195917
Q131842344	6000000024567123589
Q131842346	6000000024566899668
Q131842394	6000000210976818834
Q131842528	6000000032041484322
Q131842533	6000000032041778951
Q131842535	6000000140131059881
Q131842691	6000000173479920865
Q131843693	5350279113390087154
Q131843792	5350282621810069859
Q131844058	363657061160004058
Q131844090	362105618240004743
Q131844385	6000000011717052681
Q131844786	6000000014705510155
Q131845021	6000000190299770821
Q131845060	6000000019282415997
Q131845083	6000000190299771821
Q131845195	6000000190299980844
Q131845215	6000000190300112821
Q131845252	6000000190300115831
Q131846553	6000000042982099297
Q131846626	6000000140756395821
Q131846768	6000000019275805687
Q131849354	6000000042040886131
Q131849758	6000000216269658825
Q131849847	6000000000755222576
Q131850235	6000000011716622777
Q131850906	6000000014515808827
Q131850931	6000000020227037876
Q131850964	6000000029572273285
Q131851128	4699249
Q131851201	6000000015898847217
Q131851203	6000000003940840371
Q131852104	6000000013841216298
Q131852895	6000000001780452185
Q131853119	6000000086019878247
Q131853587	6000000006979090001
Q131853673	6000000001225099813
Q131853742	6000000001225413954
Q131853810	6000000001255104721
Q131855682	6000000035937566735
Q131855693	6000000008340744981
Q1318557	6000000082701732843
Q131855704	6000000008340700951
Q131855715	6000000008340956944
Q131855727	6000000007250640711
Q131855746	6000000008290662377
Q131856040	6000000002801269202
Q131856088	6000000002801311023
Q131856098	6000000078133680440
Q131856110	6000000078134852915
Q131856123	6000000078146093691
Q131856134	6000000078149765995
Q131856141	6000000002801251131
Q131856146	6000000078149749973
Q131856159	6000000012270194326
Q131856170	6000000007393426794
Q131856182	6000000013280871885
Q131856196	6000000003692212086
Q131856201	6000000020894505917
Q131856208	1953221
Q131856239	6000000007891712556
Q131856277	6000000012254847718
Q131856718	6000000006446059658
Q131856763	6000000000470535178
Q131858237	6000000006598320915
Q131858237	6000000125326716917
Q131858283	6000000019805287370
Q131859176	6000000149677707827
Q131859380	6000000014694734401
Q131859495	6000000185705881914
Q131859508	6000000192296882824
Q131860894	6000000001177986858
Q131860921	6000000017266427170
Q131861023	6000000000551474741
Q131861078	6000000004229630068
Q131861157	6000000012925008698
Q131861180	6000000022074424187
Q131861181	6000000033603558098
Q131861184	6000000033618771908
Q131861185	6000000141099174836
Q131861186	6000000036602725123
Q131861188	6000000054291691881
Q131861189	6000000033603130437
Q131861195	6000000033603715085
Q131861204	6000000033603426750
Q131861213	6000000033603571808
Q131861219	6000000034255446014
Q131861456	6000000011771262287
Q131861463	6000000024931222196
Q131861468	6000000114300679821
Q131861469	6000000018177357558
Q131861472	6000000114255940899
Q131861474	6000000024931118407
Q131862167	6000000024931149070
Q131862228	6000000024931261705
Q131862548	6000000002856330261
Q131863231	6000000005061221418
Q131863268	6000000005061287529
Q131863392	6000000005061110482
Q131863447	6000000005061106972
Q131863715	6000000093060739908
Q131864054	6000000027993686546
Q131864060	6000000041089019061
Q131864682	6000000007778088331
Q1318649	6000000023067083303
Q131864981	6000000186206925916
Q1318653	6000000023067453848
Q131865734	6000000075653728030
Q131866	6000000001864289138
Q131866027	6000000013269472128
Q131866027	6000000207930032891
Q131866605	6000000011833347484
Q131869346	6000000033897905338
Q131869347	6000000014662284120
Q131869428	6000000029496624771
Q131869431	6000000029496960134
Q131869710	6000000087121564858
Q131869851	6000000199254897821
Q131869928	6000000029497140939
Q131870176	6000000029496772662
Q131870257	6000000029497076473
Q131870257	6000000050134244923
Q131870270	6000000218447647863
Q131870344	6000000029497195879
Q131870346	6000000029497046336
Q131870773	6000000193089860920
Q131870867	6000000193090775836
Q131870880	6000000193090100892
Q131871585	6000000029496934364
Q131871603	6000000029496792539
Q131871997	6000000003076099888
Q131872098	6000000003076099764
Q131872162	6000000006441918618
Q131872183	6000000006441918626
Q131872189	6000000029496904240
Q131872190	6000000003076099733
Q131872191	6000000029496819333
Q131872193	6000000029496614680
Q131872194	6000000006441918642
Q131872199	6000000006439950147
Q131872202	6000000006441918650
Q131872318	6000000012102982910
Q131872364	6000000000746332683
Q131872685	6000000039974456884
Q131873368	6000000177593968861
Q131873594	6000000177593877828
Q131874101	6000000177591963901
Q131874745	6000000177593870829
Q131875051	6000000177594091825
Q131875972	6000000177593916844
Q131876153	351703471270001386
Q131876698	6000000011359439817
Q1318777	6000000002765014221
Q131877782	6000000177593415846
Q131879667	6000000177593473856
Q13188265	6000000001354252068
Q13188298	6000000083947632503
Q131884474	6000000004584713832
Q131888689	6000000069375494864
Q131888691	6000000069375293057
Q13188872	6000000007683196269
Q131889534	6000000177593580857
Q1318901	6000000018667777632
Q13189017	330734844600001888
Q131890956	6000000069375314848
Q131890958	6000000069375261839
Q1318973	6000000025297201316
Q1318976	6000000114491935876
Q131897733	6000000080807187119
Q131898512	6000000209451336871
Q1319	6000000000153488657
Q131900102	6000000015270585338
Q131900103	6000000001959638331
Q131900105	6000000017496863159
Q131900108	6000000001959638337
Q131900109	6000000022906620405
Q131900111	6000000022906688901
Q131900707	6000000016182163655
Q131905	6000000003178002586
Q131905136	6000000003077333502
Q131905144	6000000030486039202
Q131909609	6000000003041610153
Q131909677	6000000003041682658
Q131909704	6000000005415059190
Q131909713	1825310
Q131909716	6000000002980210825
Q131909880	6000000049000386042
Q131910298	6000000003154069452
Q131910305	6000000009846693772
Q131910464	6000000006101163021
Q131910571	6000000204862456851
Q131910579	6000000049000637910
Q131910615	6000000183022070825
Q131910629	6000000048999903866
Q131910631	6000000020159741616
Q131910633	6000000123929330900
Q131910654	6000000060714132060
Q131910657	6000000018338821445
Q131910746	6000000001384058239
Q131910829	6000000176006167864
Q131910865	6000000139854581821
Q131910907	6000000003147444215
Q131911832	6000000082451191427
Q131914	6000000176079131836
Q131914391	6000000076901852973
Q131914856	6000000207996962896
Q131915239	6000000000509491277
Q131915285	6000000007763152381
Q131916741	5469506532620128617
Q131917114	6000000076899518797
Q131917123	6000000205890110969
Q131917126	6000000208452513942
Q131917205	5658085467020124930
Q131917207	5657891186000072796
Q131917209	6000000012609579527
Q131917211	6000000001588401850
Q131918250	6000000000445193697
Q131919316	6000000003523250004
Q131919577	6000000014066944608
Q131920012	6000000011810336964
Q131920013	6000000153195507835
Q131920014	6000000153194359094
Q131920775	6000000010640229806
Q131920778	6000000000555525766
Q1319217	6000000014740044403
Q1319223	6000000004097643213
Q131922756	6000000001335116101
Q131922763	6000000020894427951
Q131922769	6000000002946670023
Q131922770	6000000007759728139
Q131922784	6000000140847643828
Q131922787	6000000140817279011
Q131922788	6000000140817279018
Q131922804	6000000003617788051
Q131922807	6000000082409685904
Q131922951	6000000029830510219
Q131922959	6000000186069288821
Q131923029	6000000186069289821
Q131923038	6000000009395362203
Q131923048	6000000186069433828
Q131923049	6000000186069304828
Q131923417	6000000011558838408
Q131923437	6000000008638635002
Q131923503	6000000213180292828
Q131924086	6000000068848633864
Q131924156	6000000012600599205
Q131924637	6000000004906445002
Q131926267	6000000026562227166
Q131926356	6000000018533407848
Q131927054	6000000001212921504
Q131927260	6000000003210513439
Q131927268	6000000043859148855
Q131927275	6000000037571117320
Q131927583	6000000003637097911
Q131927637	6000000003222442246
Q131927745	6000000003937228537
Q131927752	6000000003937228530
Q131927793	6000000028102222220
Q131927823	6000000001020524040
Q131927952	6000000014274563660
Q131929	6000000013704887528
Q131929364	6000000018627780327
Q131929413	6000000018628063096
Q131929561	6000000178473074891
Q131929580	6000000018627420774
Q131929773	6000000027992945315
Q131929775	6000000000486723085
Q131929802	349778792360011677
Q131929803	6000000008260471632
Q131929923	6000000087485612830
Q131929923	6000000186821096902
Q131929942	6000000005475984001
Q131929967	6000000017901990596
Q131930434	6000000137114912831
Q1319307	6000000034330020539
Q131931284	6000000017312588570
Q131931298	6000000012600507466
Q131931316	6000000017546386438
Q131931457	6000000017311417807
Q131931914	6000000088522229880
Q131932970	6000000018533909108
Q131933050	6000000018533442989
Q131933169	351663575230013783
Q131933171	6000000034627092821
Q131933184	6000000021948558295
Q131933187	351265134900012840
Q131933189	350740237760010703
Q131933217	6000000044831843040
Q131933303	6000000000485007785
Q131933304	6000000027372861159
Q131933306	6000000027371435742
Q131933310	6000000007603500411
Q131933337	5012032507330074606
Q131933346	6000000002919255866
Q131933596	6000000010505819559
Q131933651	6000000139837318833
Q131933726	6000000001996257177
Q131933734	6000000001995938784
Q1319341	6000000145340652142
Q1319342	6000000000736941720
Q131934560	6000000020159726144
Q131934561	6000000023158392309
Q131934569	6000000018338799033
Q131934570	6000000010475677696
Q131934573	6000000003942142988
Q131934574	6000000002952244047
Q131934575	6000000002931204008
Q131934578	6000000002931204231
Q131934664	6000000006444478334
Q131934673	6000000006444478393
Q131934782	6000000062315995083
Q131934964	6000000012934225098
Q131934973	6000000012934225103
Q131935321	6000000008594757350
Q131935369	6000000057531534860
Q131935417	6000000049127303849
Q131935422	6000000159528904821
Q131935437	6000000002056192175
Q131935458	6000000029600750566
Q131935464	6000000205735358893
Q131935516	6000000049127486890
Q131935558	6000000049288113832
Q131935561	6000000049287247648
Q131936606	381228830730013278
Q131938292	6000000003523400096
Q131938293	6000000014067589779
Q1319384	6000000186226414127
Q131938800	6000000003263232154
Q131939560	6000000029246786269
Q131941212	6000000218092311829
Q131942019	6000000008871045521
Q131942920	6000000008871085377
Q1319463	6000000025413777189
Q1319487	6000000029880162083
Q131949847	6000000008021539496
Q131954958	6000000186291378925
Q1319582	6000000021622615501
Q1319593	6000000043747903860
Q1319600	6000000003505236507
Q131960627	6000000186681880828
Q131961045	6000000016330463449
Q131961083	6000000016329605656
Q131961099	6000000000320769297
Q131961679	6000000006440705953
Q13196200	6000000142739985821
Q131962811	6000000083767780866
Q131963763	6000000003249613213
Q1319646	6000000074768145234
Q1319679	6000000024506179847
Q1319717	6000000003196759666
Q1319744	6000000018336505363
Q1319762	6000000153890706821
Q131978282	6000000011768317414
Q131979461	6000000038550038280
Q131979983	6000000034092852363
Q131981	4555899
Q1319810	6000000100200486042
Q131981372	6000000020351583130
Q131983631	6000000088595351959
Q131986606	6000000017313126765
Q131986922	362104844640004811
Q131986932	363650126010005839
Q131986935	363636831420005931
Q131986936	363630207370012343
Q131986977	5426972588580086427
Q131986978	6000000003110319198
Q131986979	6000000003110319906
Q131986984	6000000007776987571
Q131986987	6000000007777696564
Q131986988	6000000004036285294
Q131986992	6000000001579339119
Q131986993	4840608792600064697
Q131986994	6000000000323075933
Q131986996	6000000001579339133
Q131987066	6000000047803296509
Q131987154	292724242580005941
Q131987547	6000000013945981823
Q1319882	6000000179213202844
Q131990365	6000000017312782859
Q131991	6000000093035196238
Q131991019	6000000038524888040
Q1319913	6000000075907580858
Q131993	6000000055680320282
Q131993356	6000000191648786823
Q1319934	6000000002802899475
Q131993525	6000000017312733329
Q131993596	6000000017313413247
Q131993930	6000000018030377256
Q1319943	6000000035802586887
Q131994317	6000000002860867695
Q131994327	6000000006110873416
Q131994329	6000000024518802848
Q131994368	6000000212438239639
Q131994770	6000000010208117419
Q131994821	6000000009650136318
Q131995017	6000000021417836352
Q131997164	6000000029862130864
Q131997939	6000000015550695807
Q1319981	6000000015739507962
Q132000349	6000000017988608720
Q1320107	6000000166031120834
Q132016637	6000000039362370484
Q1320170	6000000124132743668
Q1320198	6000000052102733905
Q1320269	6000000006905360755
Q132030002	6000000060745534189
Q132032961	6000000091499864829
Q132033689	6000000091500115029
Q132033973	6000000186676416854
Q132034959	6000000138124168089
Q132035135	6000000138125075824
Q132035691	6000000186677148833
Q132035942	6000000186676715862
Q132036163	6000000186676653847
Q1320382	6000000048123680858
Q1320392	6000000018452909051
Q132041147	6000000177301132862
Q132041250	6000000043439552337
Q132041256	6000000043439665116
Q132041294	6000000027239470915
Q1320452	6000000017846848365
Q1320494	6000000008506643271
Q1320512	6000000178153174846
Q1320524	6000000019172017966
Q132056128	6000000012375956515
Q1320562	6000000016347434808
Q132056343	6000000014293741902
Q1320567	6000000016347408552
Q1320573	6000000183304128822
Q1320578	6000000012896619255
Q132058033	6000000170408083881
Q1320586	6000000015638987983
Q132059231	6000000010648823985
Q1320597	6000000137577383824
Q132061063	6000000186833482822
Q132061237	6000000186833447845
Q1320616	6000000021851736572
Q132061815	6000000020676607754
Q1320651	6000000014883224689
Q1320655	6000000012424108988
Q132065843	6000000020599222719
Q1320661	6000000012363470097
Q132066839	6000000025742415212
Q132067643	6000000020599323224
Q13206818	6000000086907906821
Q1320682	6000000040130230265
Q132071	6000000039847278107
Q1320724	6000000015589189008
Q1320755	4684552577550020349
Q1320783	6000000019580250618
Q1320815	6000000146830294055
Q132085720	6000000020171457742
Q132086035	6000000211068110822
Q132086113	6000000020599246496
Q132086820	6000000186519176838
Q132087057	6000000156911318837
Q132090	6000000001088903096
Q132091319	6000000020599519534
Q1320918	6000000016862750096
Q132095	6000000025124850146
Q1321005	6000000077002840827
Q132105642	6000000044347379854
Q132105970	6000000045915565070
Q132106335	6000000045915805837
Q132106644	6000000037412750170
Q132106804	6000000031526393909
Q132107287	6000000175179400167
Q132115156	6000000199095768080
Q1321159	6000000026679378077
Q1321179	6000000175553667833
Q1321188	6000000091691655910
Q1321200	6000000036247996146
Q132122158	6000000177303757837
Q1321225	6000000016012157780
Q1321227	6000000007705103340
Q132124573	6000000002264548021
Q132125481	6000000013950066474
Q1321259	6000000029276764277
Q132125930	6000000017497815348
Q132125969	6000000006485619948
Q132126997	6000000014440395276
Q1321276	6000000177496307853
Q132127694	6000000005058515501
Q132128642	6000000088026854165
Q132129531	6000000193762008862
Q132129558	6000000049581831829
Q132130891	6000000024194765806
Q132130939	6000000010389402511
Q132130943	6000000032854186146
Q132131363	6000000009204937290
Q132131439	6000000019920981183
Q132131561	6000000017946015140
Q132131566	6000000032845193571
Q132131690	6000000014826991346
Q132131723	6000000022130612595
Q132131822	6000000063657964957
Q132132137	6000000142663012884
Q132132142	6000000142661159026
Q132132144	6000000142661823861
Q132132146	6000000142663249848
Q132132181	6000000039362595251
Q132132182	6000000039362714965
Q132132183	6000000068138454909
Q132132184	6000000068137758274
Q132132186	6000000002302202626
Q132132194	6000000007123634668
Q132132196	6000000002302319891
Q132132208	6000000019524168023
Q132132211	6000000005417577635
Q132132213	6000000008378455488
Q132132293	6000000046283628977
Q1321323	6000000007681523159
Q132132319	6000000206173096822
Q132132326	6000000020681103567
Q132132327	4949086608240051724
Q132132331	4949086623440051730
Q132132332	6000000006345214433
Q132132333	6000000006345214449
Q132132334	6000000007417430131
Q132132338	5167489775920074817
Q132132339	6000000006348199836
Q132132756	6000000003274712324
Q132132772	6000000023203585647
Q132132774	6000000001563214933
Q132132951	6000000051953710184
Q132134008	6000000064822319822
Q132134030	6000000092725666128
Q132134753	6000000063150643908
Q132134833	6000000063148088841
Q1321350	6000000027756657656
Q132135230	6000000221106470142
Q132135808	6000000011534989216
Q132135953	3761441
Q132138443	6000000078209010603
Q132138923	6000000078211262920
Q132142	6000000001835922857
Q132142859	6000000026981263743
Q132142882	6000000083767232938
Q132142962	6000000078514135610
Q132143245	6000000002463773136
Q132144346	6000000202253982890
Q132144522	6000000028285029713
Q132145481	6000000015186337090
Q132145483	6000000016334530553
Q132145487	6000000016333827978
Q132145488	6000000015186299036
Q132145488	6000000086325327848
Q132145490	6000000015185850564
Q132145492	6000000015186396016
Q132146447	6000000008391612204
Q132146502	6000000184824153883
Q132146503	6000000184824957822
Q132147339	6000000014110259253
Q132147355	6000000036370676970
Q132147625	6000000036370286630
Q1321481	6000000031514237927
Q1321483	6000000001453212692
Q1321485	6000000015885090856
Q1321497	6000000018720602377
Q132151083	6000000032811348180
Q132151228	6000000040565058909
Q132151229	6000000040564754860
Q132151431	6000000040564679609
Q132151573	6000000186773978871
Q132151616	6000000212393487821
Q132151617	6000000049968351934
Q132151619	6000000212393548821
Q132151623	6000000083766460875
Q132151630	6000000072442482937
Q132151633	6000000079946009132
Q132151640	6000000177326691821
Q132151675	6000000079945542055
Q132151783	6000000186710183821
Q132151831	6000000036384911429
Q132152068	6000000005063482478
Q132152158	6000000005063530352
Q132152188	6000000024805515871
Q132152228	6000000039156691209
Q132152454	6000000022356844712
Q132152895	6000000006127576400
Q132152901	6000000005063143323
Q132152926	6000000024805546854
Q132152942	6000000061541182901
Q132152955	6000000015110107681
Q132153222	6000000083778461005
Q132153237	6000000138122822868
Q132153414	6000000209241088867
Q132153476	6000000209241179829
Q132153880	6000000037258313835
Q132153916	6000000019057479669
Q132154031	6000000030024004990
Q132154153	6000000007135809396
Q132154421	6000000026269651273
Q132154434	6000000026270399223
Q132154440	6000000026241730834
Q132155929	6000000012645069407
Q132155931	6000000095214707840
Q132155933	6000000065581906835
Q132155934	6000000027524097626
Q132155936	6000000005610268314
Q132155937	6000000000426608568
Q132155954	6000000002930988405
Q132156036	6000000013412422868
Q132156043	6000000013413000347
Q132156044	6000000007417420830
Q132156053	6000000007418163797
Q132156055	6000000007418099183
Q132156056	6000000007200840234
Q132156059	4370457396200122977
Q132156060	6000000007418152072
Q132156061	6000000006598320487
Q132156067	6000000007052906688
Q132156071	6000000007418112642
Q132156087	6000000007200610856
Q132156088	6000000002175606367
Q132156186	6000000034783146417
Q132156190	6000000007135784382
Q132156192	6000000087588110137
Q132156193	6000000000689032211
Q132156194	6000000001913123416
Q132156195	6000000015552268490
Q1321562	6000000088963123107
Q132156218	6000000007273347962
Q132156222	6000000002844094957
Q132156256	6000000007135618309
Q132156258	6000000174767404093
Q132156259	6000000000057217929
Q132156268	6000000005059195840
Q132156408	6000000181500768825
Q132156459	6000000181500800836
Q132156469	6000000054632817821
Q132156472	6000000054632832835
Q132156476	6000000054632382027
Q132156484	6000000002106165086
Q132156485	6000000000966305511
Q132156545	6000000096808420841
Q132156548	6000000212428823831
Q132156550	6000000037524167864
Q132156552	6000000003806965866
Q132156556	6000000003807098835
Q132156558	6000000003806978086
Q132156561	6000000007792693878
Q132156575	6000000012955758740
Q132156735	6000000006781935960
Q132156743	6000000000953762467
Q132156758	6000000000426702143
Q132156766	6000000000953979257
Q132156812	6000000000696728666
Q132156827	4369638131950123453
Q132156852	6000000000550071887
Q132156856	6000000000552446633
Q132156858	6000000000180752633
Q132156881	6000000000475123172
Q132156885	6000000181500260851
Q132156891	6000000079443681479
Q132156900	6000000006439823687
Q132156901	6000000006439823657
Q132156902	6000000006439823601
Q132156904	6000000006439823587
Q132156907	6000000006439725616
Q132156913	6000000006439920468
Q132156914	6000000003108841001
Q132156916	6000000001476798390
Q132156923	6000000006439823594
Q132156924	6000000006439950131
Q132156925	6000000006439950213
Q132156927	6000000001481572868
Q132156936	6000000006439950143
Q132156937	6000000003198745292
Q132156941	6000000006439950225
Q132156942	6000000006439950235
Q132156943	6000000001363884273
Q132156947	6000000002728513317
Q132156954	6000000028853409673
Q132156983	6000000176330547825
Q132156984	6000000176330966844
Q132156985	6000000006100523217
Q132156987	6000000016163411709
Q132156989	6000000013365750902
Q132157003	6000000176330944839
Q132157004	6000000006100517588
Q132157006	6000000006100517543
Q132157011	6000000019484182773
Q132157013	6000000007048315148
Q132157032	6000000013365950248
Q132157033	6000000016362149293
Q132157034	6000000005077104613
Q132157040	6000000013365752988
Q132157042	6000000016333538679
Q132157043	6000000000438054410
Q132157049	6000000011333133869
Q132157051	6000000175776854828
Q132157052	6000000128062242826
Q132157054	6000000006963310429
Q132157067	6000000000140064401
Q132157079	6000000175775806881
Q132157082	6000000002654099089
Q132157090	6000000029326854056
Q132157167	6000000006100517752
Q132157210	6000000020918956784
Q132157266	6000000136299112855
Q132157267	6000000036348602907
Q132157273	6000000026394176686
Q132157274	6000000011705970315
Q132157275	6000000002603417143
Q132157277	6000000002006056113
Q132157279	6000000011842931526
Q132157281	6000000000677651771
Q132157283	6000000003243520692
Q132157286	6000000000677842051
Q132157296	6000000012817970356
Q132157302	6000000017998941499
Q132157326	6000000033454668872
Q132157377	3774335
Q132157378	6000000014374827355
Q132157381	6000000002766331229
Q132157384	6000000025059197131
Q132157386	6000000013778829790
Q132157388	341096578130011577
Q132157389	6000000000965951997
Q132157392	6000000002766331560
Q132157394	6000000002580503569
Q132157397	6000000002766331499
Q132157398	3031753
Q132157399	6000000001657796674
Q132157412	6000000026763677918
Q132157415	6000000002766331240
Q132157416	6000000002766331848
Q132157417	6000000002766331989
Q132157418	6000000002766333169
Q132157421	6000000003490949820
Q132157425	6000000002766333177
Q132157428	6000000011724606204
Q132157429	6000000008290785043
Q132157481	6000000043431608058
Q132157500	6000000016013321282
Q132157506	6000000016013262745
Q132157507	6000000003040615302
Q132157508	6000000003040615316
Q132157525	6000000027324127538
Q132157567	6000000010534212668
Q132157568	6000000003938203469
Q132157570	6000000003938203435
Q132157572	6000000003938203455
Q132157576	6000000003938203428
Q132157579	6000000010533464006
Q132157580	6000000010533991171
Q132157583	6000000007408597052
Q132157586	6000000003467478258
Q132157587	6000000071951457991
Q132157591	6000000006444711844
Q132157592	6000000003467156708
Q132157711	6000000051953745134
Q132158132	6000000026763543066
Q132158506	6000000015356323303
Q132158658	6000000036785348688
Q132159409	6000000186660588013
Q132159416	6000000203464190936
Q132159422	6000000020854878102
Q132159423	6000000203807295073
Q1321628	6000000186048121923
Q132165685	6000000007135820317
Q132165826	6000000007135704362
Q132166069	6000000004684516199
Q132166070	6000000018084354802
Q132166857	6000000016281121146
Q132167150	6000000013300563212
Q132167178	6000000018501258164
Q132167180	6000000018469162852
Q132167182	6000000000658882109
Q132167185	6000000002969927935
Q132167186	6000000018554655360
Q132167201	6000000017817906411
Q132168536	6000000007240719074
Q132168619	6000000007241145338
Q132168684	6000000018555158092
Q132171191	6000000054444653838
Q132171206	6000000027154689904
Q132171274	6000000054444519857
Q132171283	6000000003615797547
Q132171392	6000000015067782759
Q132171405	6000000051985351914
Q132171439	6000000052660008949
Q132171461	6000000054444831836
Q132171531	6000000052660560877
Q132171706	6000000005016531618
Q132171850	6000000147789033905
Q132172336	6000000006908552810
Q132172919	6000000007776104899
Q132173683	6000000210067660673
Q13217369	6000000174582133877
Q132173833	6000000018049117790
Q132173978	6000000018444298560
Q13217417	6000000016294245362
Q132174242	6000000018050026264
Q132174381	6000000017954491545
Q132174574	6000000018050045182
Q132174853	6000000018049125805
Q132175427	6000000053113265998
Q132175430	6000000039479212399
Q132175440	6000000015353034057
Q132175460	6000000015352958530
Q132175530	6000000039479457241
Q132175601	6000000039479265561
Q132175632	6000000039479542275
Q132175741	6000000039479432134
Q132175775	6000000019327403582
Q132175809	6000000039479645997
Q132175861	6000000019327346411
Q132175884	6000000039479549386
Q132175975	6000000020135755898
Q132176053	6000000179430363838
Q132176085	6000000193992754836
Q132176212	6000000082322689066
Q13217635	6000000099000779821
Q13217636	6000000145995872903
Q132176405	6000000112941524148
Q132176482	6000000007135630361
Q13217650	6000000011336075790
Q132176581	6000000018084752154
Q13217662	6000000075507467990
Q132176658	6000000023643073158
Q132176678	6000000001504585969
Q132176859	6000000019011386358
Q132176873	6000000021063250222
Q132176992	6000000023550007114
Q132177511	6000000039479549155
Q132177511	6000000193969116875
Q132177512	6000000039479654943
Q132177512	6000000193969414837
Q132177513	6000000039479593144
Q132177513	6000000193876192841
Q132177583	6000000063201499221
Q132177881	6000000008141099221
Q132178138	6000000080807149353
Q132178365	6000000083768732973
Q132178411	6000000078514862917
Q132178623	6000000006802470685
Q132178984	6000000017737661309
Q132178989	6000000208207775821
Q132179003	6000000039156509197
Q132179017	6000000004593181517
Q132179018	6000000033085920230
Q132179021	6000000083235230403
Q132179022	6000000004593181498
Q132179023	6000000004593181487
Q132179024	6000000007273395788
Q132179026	6000000007273510542
Q132179033	6000000004181671497
Q132179034	6000000011301118376
Q132179040	6000000006597957107
Q132179042	6000000004098874067
Q132179043	318027952940002474
Q132179139	6000000024774077820
Q132179190	6000000120944654821
Q132179201	6000000120944949914
Q132179205	6000000112557353118
Q132179237	6000000039156546154
Q132179286	6000000067027013871
Q132179287	6000000003017297232
Q132179292	6000000035240689940
Q132179296	6000000035240139382
Q132179297	6000000086024681885
Q132179298	6000000086023508078
Q132179300	6000000086065626088
Q132179301	6000000027230930526
Q132179303	6000000007278719764
Q132179304	6000000003017355423
Q132179306	6000000003791765303
Q132179312	6000000014178284157
Q132179313	6000000014178614476
Q132179314	6000000014179066184
Q132179317	6000000010373615821
Q132179319	6000000003017355004
Q132179320	6000000039161091928
Q132179326	5497862308140084969
Q132179328	6000000003937850039
Q132179338	6000000003937850018
Q132179339	6000000013185527151
Q132179357	6000000003937850009
Q132179370	6000000039479466356
Q132179370	6000000193995091821
Q132179375	6000000082521025697
Q132179390	6000000013485719104
Q132179400	6000000012649784420
Q132179437	6000000039479174575
Q132179500	6000000039479602169
Q132179957	6000000039479214745
Q132179957	6000000193876109846
Q132180109	6000000011656438800
Q132180123	6000000039479257511
Q132180123	6000000193969243898
Q132180124	6000000039479741876
Q132180124	6000000193875985862
Q132180127	6000000039479485342
Q132180127	6000000193969391833
Q132180161	6000000044740419007
Q132180180	6000000021723969983
Q13218034	6000000125006553833
Q1321804	350377219550001155
Q13218062	6000000041338127540
Q13218108	6000000186096200034
Q13218111	6000000010528742970
Q132181139	6000000193876227834
Q132181140	6000000193969638851
Q13218125	6000000026241764128
Q13218156	6000000002661045128
Q132181634	6000000039480227034
Q132181635	6000000039480151981
Q13218166	6000000003139260398
Q13218168	6000000005035862949
Q132181882	6000000039478764672
Q132181884	6000000039479518872
Q132183090	6000000003028700967
Q132183104	6000000042650029478
Q132183117	6000000003028753428
Q132183150	6000000003028717249
Q132183158	6000000004593331895
Q132183164	6000000033180054197
Q132183182	6000000007345937416
Q132183218	6000000003028604951
Q132183239	6000000004318852915
Q132183250	6000000007336134494
Q132183258	6000000007336087469
Q132183332	6000000014058163130
Q132183403	6000000037106490903
Q132183653	6000000186442562830
Q132184620	6000000054632630898
Q132184628	6000000054632406931
Q132185	6000000015096552467
Q132185246	6000000013384396145
Q132185616	6000000009995939580
Q13218667	6000000039167492913
Q132186911	6000000179430417830
Q132187350	6000000083768559038
Q132187372	6000000083768212319
Q132187382	6000000083768609061
Q132187419	6000000083770200334
Q132187442	6000000083773135846
Q132188056	6000000006181238051
Q13218812	6000000136276662833
Q132188343	314485277910003896
Q132188414	6000000086487105841
Q13218860	6000000012857068402
Q13218861	314160619070006999
Q132188625	6000000046208727581
Q132188631	6000000038368138008
Q132188631	6000000046211572879
Q132188631	6000000046212083839
Q132188737	6000000218346403861
Q132188821	6000000018647748707
Q132188830	6000000018647661862
Q132188830	6000000018648115181
Q132188831	6000000018647900520
Q132189022	6000000029786710552
Q132189364	6000000018648076801
Q132189365	6000000018647991829
Q132189596	6000000018127938128
Q132189630	6000000018647777995
Q132189631	6000000018648209016
Q132189633	6000000018648048334
Q132190789	6000000180874214831
Q13219079	6000000022103688452
Q132190880	6000000180872343880
Q13219089	6000000009561353366
Q13219094	6000000010560661565
Q132190985	6000000018911082474
Q13219120	6000000031026828024
Q132191564	6000000069370567052
Q13219161	6000000037809814821
Q132191612	6000000000633348250
Q13219167	6000000038555140136
Q13219181	6000000027450891162
Q132191863	6000000017954786567
Q132192068	6000000017954786560
Q132192311	6000000021345373000
Q132192331	6000000021344912570
Q132192430	6000000006436579731
Q13219302	6000000031875183215
Q132193477	6000000120687362869
Q132194873	6000000014877510056
Q132195445	6000000032845209461
Q13219559	6000000036117400460
Q1321956	6000000040992926454
Q13219561	6000000104378422905
Q13219562	6000000103745424023
Q132195664	6000000016280966392
Q132195735	6000000016600012647
Q13219582	6000000107002512076
Q13219588	6000000067757925985
Q132195904	6000000016280933997
Q132195909	6000000016280953828
Q13219595	6000000006598654859
Q132195999	6000000209240985827
Q13219602	6000000104262573821
Q13219612	6000000138107532923
Q13219622	6000000103926791022
Q132196375	6000000016281112278
Q13219640	6000000104611300837
Q13219651	6000000043974051824
Q13219655	6000000018581024311
Q13219668	6000000107521587982
Q13219695	6000000014118323546
Q1321970	5166431733850020357
Q132197022	6000000018647507956
Q13219704	6000000000592882411
Q13219710	6000000026519612989
Q132197133	6000000079185324611
Q132197151	6000000018648113666
Q132197170	6000000016316864844
Q132197236	6000000108098415000
Q132197237	6000000000485138844
Q132197238	6000000007524700353
Q13219725	6000000028049661385
Q132197288	6000000001579259686
Q132197289	6000000001563111950
Q132197290	6000000000958076087
Q132197296	6000000000834263614
Q132197298	6000000001563114291
Q132197308	6000000045886993840
Q132197309	6000000045886512040
Q132197382	6000000198014312070
Q132197389	6000000013641173949
Q132197390	6000000013641064776
Q132197393	6000000011799459102
Q132197394	6000000007500738518
Q132197395	6000000011658096817
Q132197397	6000000007529082014
Q13219752	6000000046899333917
Q13219766	6000000033196705383
Q13219787	6000000080207617044
Q132197921	6000000017460226792
Q132197926	6000000000137978467
Q132197927	6000000006827670183
Q132197928	6000000006802822750
Q13219794	6000000106211726823
Q132198007	6000000006802846621
Q132198009	6000000024289731206
Q132198031	6000000006826169878
Q13219823	6000000077377546506
Q132198312	6000000019454142157
Q13219835	6000000035502155298
Q13219837	6000000107287686865
Q13219838	6000000024861243290
Q13219844	6000000083254073060
Q13219845	6000000000621825419
Q132198476	6000000016585294813
Q13219855	6000000179254252824
Q13219856	6000000039392130307
Q132198596	6000000019454315468
Q13219865	6000000106593733821
Q13219870	6000000064647228914
Q132198717	6000000025582888900
Q132199354	6000000042584463917
Q132199589	6000000015665131812
Q13219989	6000000024431735750
Q1322	6000000008590857767
Q13220094	6000000011657203483
Q132201255	6000000007234926795
Q132201791	6000000174058333154
Q132201807	6000000179817847822
Q132201901	6000000015877071286
Q132202092	6000000017145949392
Q132202134	6000000065174087822
Q132202280	6000000000675784473
Q132203430	6000000007980605058
Q132203495	6000000003050672106
Q132203534	6000000027949392020
Q132205179	6000000025970541168
Q132205233	6000000025970654277
Q132205249	6000000132354851987
Q132205253	6000000132355303108
Q1322053	6000000048788314854
Q13220621	6000000034147832171
Q1322066	6000000024611083849
Q13220759	6000000023449813773
Q13220782	6000000027896915678
Q132209066	6000000004096792373
Q132211657	6000000004097377431
Q132217	6000000177615870833
Q1322184	6000000083116066867
Q132219279	6000000018752064228
Q1322195	6000000016427803747
Q132220608	6000000043052641821
Q132222290	6000000016329797511
Q132222594	6000000016330475357
Q132222831	6000000016330430471
Q132222888	6000000014877114848
Q132224441	6000000014877433373
Q132224443	6000000014877328751
Q132224633	6000000018647765309
Q132224634	6000000018647612577
Q132224640	6000000018647902184
Q132225286	5683149189280077323
Q132225908	6000000018646998643
Q132225908	6000000214947793831
Q132225909	6000000018647876768
Q132227472	6000000017469525086
Q132227473	6000000017469416407
Q132227479	6000000078557443263
Q132227629	6000000016638991569
Q132227636	6000000008442587375
Q132228346	6000000052635563836
Q1322292	6000000077028788894
Q132229267	6000000059259298238
Q132230004	1319192
Q1322301	6000000184342838847
Q13223054	6000000000460903015
Q132232	6000000015806359976
Q132233310	6000000045916284900
Q1322345	6000000042152997970
Q1322353	6000000065569255826
Q132235606	6000000125326729950
Q13223620	6000000007511823068
Q13223627	6000000007511823054
Q13223693	6000000053373819913
Q132238239	6000000048661938924
Q13223865	5093843718370071085
Q132239299	6000000082740269854
Q13223984	6000000048574235900
Q132239896	6000000082739723384
Q132239981	6000000053438824919
Q132240368	6000000180956101859
Q1322443	6000000040470759943
Q1322465	6000000180093675821
Q1322539	6000000002218247817
Q1322576	6000000039707041331
Q13226117	6000000015722718860
Q13226122	6000000042016037877
Q1322660	6000000034076528597
Q132266522	6000000019884101179
Q132266754	6000000012877720277
Q1322693	6000000183954426837
Q13227038	6000000031421016694
Q132271621	6000000016012926836
Q1322745	6000000010772616628
Q132274985	6000000014983734290
Q132277012	6000000001121710081
Q132277035	6000000172119506617
Q132277630	6000000002918168033
Q132277969	6000000019035916197
Q1322819	6000000008800491240
Q1322829	6000000001782319045
Q132287528	6000000019871451109
Q132287879	6000000018647953393
Q1322887	6000000032043253317
Q132289752	6000000018647923588
Q132289856	6000000018647924399
Q1322899	6000000028316795415
Q132290	6000000009597854980
Q132290631	6000000018647695820
Q132291034	6000000018647924519
Q132291207	6000000018647837705
Q132291243	6000000018647908435
Q132291351	6000000006127564283
Q132291361	6000000018647923899
Q132291393	6000000002931201333
Q132291410	6000000002931201421
Q132291412	6000000004237690104
Q132291413	6000000003210252608
Q132291415	6000000028691964480
Q132291416	6000000073188888219
Q132291417	6000000018719930021
Q132291418	6000000000284240799
Q132291419	6000000003938223787
Q132291469	6000000019404980846
Q132292	6000000100961879838
Q132292004	6000000019092158741
Q1322946	6000000085509913850
Q132296281	6000000037402747012
Q13230	313673242210002816
Q132303765	3327749
Q132305	6000000012922803383
Q1323090	6000000003781879954
Q132312423	6000000017955667404
Q132313738	6000000021706451838
Q132314042	6000000017955651202
Q132314938	6000000019327273819
Q132315748	6000000003924119280
Q132315975	6000000027364050306
Q1323163	6000000007014371042
Q13231718	6000000035690253890
Q1323196	6000000036324492585
Q1323207	6000000180709878827
Q132321080	6000000048834120274
Q1323213	6000000116914847115
Q1323220	6000000007453768855
Q132322802	6000000088595233978
Q1323255	6000000013203478410
Q1323265	6000000021713622554
Q1323290	6000000030330061530
Q132329135	6000000010556868748
Q1323324	6000000026086657903
Q132334147	6000000187503637940
Q1323348	6000000057095216065
Q13233531	6000000019112814711
Q132336122	6000000002907000465
Q132337441	6000000093520691898
Q13234	6000000090555575905
Q1323408	6000000141554229968
Q13234348	6000000023124031128
Q132345	6000000041535895061
Q132345095	6000000037976627795
Q1323452	6000000079009334239
Q132347333	6000000007891527467
Q13234758	6000000011891177960
Q132348167	6000000007891408285
Q132348222	6000000018647774566
Q132348487	6000000020446819624
Q132348488	6000000183271691822
Q132348491	6000000029157256447
Q132348493	6000000003940093990
Q132348495	6000000007695836638
Q132348624	6000000018647844661
Q132348626	6000000018648115274
Q132348627	6000000018647843467
Q132349188	6000000018647806896
Q132349499	6000000167312314560
Q132349556	6000000007157265217
Q1323551	6000000024294186581
Q132360565	6000000013190420065
Q132360603	6000000013727824236
Q132363584	6000000042449554380
Q132363604	6000000004229533566
Q132363633	6000000083641428539
Q1323640	6000000030658323223
Q132364068	6000000013868505089
Q132364107	6000000025862882884
Q132364181	6000000025866821806
Q132364564	6000000025874186836
Q132366039	6000000005441777602
Q132366456	6000000041346687652
Q132368404	6000000004111219630
Q1323685	5509868906870123265
Q132369728	6000000169590474850
Q132369867	6000000027127209358
Q13237	5162259122670047717
Q132378883	6000000025582465742
Q132382744	6000000019466171445
Q132382748	6000000007388938212
Q132382825	6000000019466594163
Q132383265	6000000057220132821
Q1323843	6000000031654510794
Q132387	6000000068081827074
Q132388	6000000020971999052
Q132396345	6000000084383839029
Q132396592	6000000176557222879
Q132397114	6000000006440156568
Q132397118	6000000006439799626
Q132398	6000000006595400495
Q132398046	6000000006440179645
Q132398048	6000000019562280672
Q132398059	6000000003398130405
Q132398060	6000000006439788275
Q132398218	6000000003939362337
Q132398219	6000000004058459008
Q132398221	6000000004058459077
Q132398779	6000000121786395843
Q132398780	6000000006598954314
Q132398781	6000000003940685245
Q132398781	6000000008198184996
Q132398790	6000000003041083437
Q132398794	6000000006589434969
Q132398796	6000000006589444034
Q132398807	6000000025259992558
Q132399571	6000000041145869791
Q132399911	6000000004075245408
Q1324	6000000005403912192
Q1324002	6000000027817697031
Q1324008	6000000028136133669
Q132401616	6000000181986082821
Q132402889	6000000079143030099
Q132404522	6000000050084158071
Q132406683	6000000002834915909
Q132408537	6000000183904099833
Q1324097	6000000017669834475
Q132410799	6000000176486417888
Q132416288	6000000010975566250
Q132417224	6000000010975351704
Q132418356	6000000018618513255
Q132418724	6000000018618545149
Q13241972	6000000003160833894
Q132420801	6000000209994524895
Q132420824	6000000209994722849
Q132422708	6000000018651220773
Q132423066	6000000017411453287
Q132423071	6000000020256311549
Q132423116	6000000006794433300
Q132423668	6000000000980414057
Q132423766	6000000000229394763
Q132423828	6000000000980136376
Q132425795	6000000024064547407
Q1324258	6000000078768237846
Q132426989	6000000119342262825
Q1324286	6000000010027286574
Q1324303	6000000024638275873
Q132431410	6000000042334366814
Q132431545	6000000020256501222
Q132431864	6000000042334150364
Q132438799	6000000008438753470
Q132439003	6000000020256316551
Q132439179	6000000019325961181
Q132440	5145210727590105956
Q132441224	6000000027573883900
Q132441366	6000000019466441984
Q132441991	6000000017411832493
Q132442118	6000000045274342953
Q132442302	6000000082671632965
Q132442375	6000000045274163193
Q132442375	6000000045423630166
Q132442783	6000000022526414571
Q132443602	6000000215331038824
Q132444055	6000000046454145139
Q132444083	6000000082555116048
Q132444584	6000000032301291221
Q132444919	6000000046229257176
Q132444919	6000000082671663941
Q132444923	6000000046209163897
Q132445187	6000000079645117001
Q132446093	6000000037547263713
Q132446776	6000000007310802886
Q132446776	6000000010899797866
Q132446776	6000000209928850836
Q132447128	6000000002593506210
Q132448185	6000000006595380110
Q132448215	6000000006595421087
Q132448231	6000000082669782651
Q132448403	6000000011577418543
Q132448418	6000000007483447245
Q132449598	6000000019682594631
Q132449603	6000000019683511644
Q132450693	6000000019682619804
Q132450752	6000000183078389822
Q132450788	6000000007984899904
Q132450882	6000000014121704892
Q132450973	6000000018626279052
Q132451227	6000000082555484015
Q132452336	6000000014121525932
Q132452344	6000000014121704899
Q132452882	6000000001360687168
Q132454829	6000000002562426839
Q132454947	6000000001540684543
Q132454987	4429917078170056603
Q132457225	6000000019898357367
Q132459706	6000000069489411906
Q132460429	6000000009783875616
Q1324605	6000000008463914560
Q132462006	6000000050001809039
Q132466161	6000000085782263872
Q132468394	6000000022636416401
Q132470134	6000000007374711443
Q132470991	6000000059178580908
Q132470998	6000000085780960249
Q1324710	6000000009816814502
Q132471032	6000000147142080885
Q132471045	6000000024265126279
Q132471046	6000000007463027368
Q132471472	6000000032376850277
Q132471476	6000000032377050911
Q132472614	6000000019911157843
Q132472713	6000000014069112285
Q132472806	5221986981420063571
Q132472843	6000000103286050843
Q132472890	6000000033510096879
Q132472924	6000000056976169861
Q132472996	6000000007462667013
Q132473006	6000000002677604819
Q132473022	6000000082808969837
Q132473141	6000000021866395358
Q132473337	6000000024651927439
Q132473383	6000000013353131433
Q132473410	5221966013730026370
Q132473458	6000000057804885821
Q132473480	6000000206324562851
Q132473656	6000000009084359342
Q132473733	6000000011545171460
Q132475015	6000000033135606614
Q132475952	6000000024847806921
Q132476463	6000000035082709531
Q1324795	6000000019995247072
Q132480866	6000000023173862737
Q132481103	6000000023174363873
Q132481404	6000000023174368055
Q132481498	6000000000677521804
Q132481510	6000000006911051714
Q132481530	6000000012774771717
Q132481545	6000000007963789665
Q132481577	6000000007964118219
Q132481594	6000000012774804292
Q132481601	6000000082668693020
Q132481604	6000000082668222283
Q132481607	6000000082668758063
Q132481609	6000000003827173614
Q132481619	6000000029883912658
Q132481629	6000000000491057171
Q132481661	6000000003827835840
Q1324820	6000000035796312413
Q132485572	6000000088687765077
Q132485578	6000000088688274946
Q1324877	6000000169056342847
Q132493168	6000000041581579411
Q1324942	6000000004657702590
Q132496896	6000000083768404941
Q132497285	6000000024493292091
Q132497608	6000000047884080155
Q132498331	6000000007271347694
Q132499515	6000000083768038183
Q1325	6000000010192091153
Q132503039	6000000193707587930
Q132503863	6000000001333972424
Q132503957	6000000001333972153
Q132505735	6000000006127557900
Q132508410	6000000003866767386
Q132508590	6000000082824103588
Q132508641	6000000018289265691
Q132510279	6000000018289636057
Q132513510	6000000093892705885
Q1325139	6000000056884075826
Q1325171	6000000014734637285
Q132524	6000000013498202722
Q1325249	6000000122865306835
Q132525870	6000000027040082686
Q132527057	6000000034210238871
Q132527195	6000000034206685971
Q132527198	6000000034208788474
Q132527392	6000000017226927673
Q132527507	5672202635090060860
Q132528105	6000000008901845646
Q1325282	6000000007229331817
Q132528333	6000000051345431848
Q132528498	6000000003147126994
Q132528500	6000000002435915740
Q132528518	6000000003796046992
Q132528526	6000000003795949928
Q132528530	6000000007454764056
Q132528532	6000000008537221412
Q132528537	6000000008536932843
Q132528662	6000000003275238468
Q132528666	6000000003275238500
Q132528670	6000000003275232536
Q132528725	6000000017376664380
Q132528735	6000000018967041679
Q132528739	6000000008220749548
Q132528742	6000000002339192970
Q132528841	6000000024064979936
Q132528843	6000000024064672507
Q132528864	6000000001687295137
Q132528865	6000000000601172334
Q132528868	328953410150002255
Q132528870	6000000003937814383
Q132528878	6000000003937814377
Q132528888	6000000048031948053
Q132528902	6000000003978253517
Q132528905	6000000003978253493
Q132528929	6000000042333458593
Q132528930	6000000042333965658
Q132528932	6000000008631966263
Q132528933	6000000002230475002
Q132528934	4566356198040046491
Q132528940	6000000042334555931
Q132529062	6000000003681572107
Q132529114	6000000201129453893
Q132530590	6000000003274579295
Q1325324	6000000039645256232
Q132533556	6000000038974508082
Q132533565	6000000186700528836
Q132533567	6000000014561404629
Q132533567	6000000041437274375
Q132533596	6000000014562232024
Q132533599	6000000014561648564
Q132533640	6000000001519646729
Q132533696	6000000014561971106
Q132533697	6000000014560516908
Q132533698	6000000014562135111
Q132533791	6000000014883959129
Q132534087	6000000001519694229
Q132535813	6000000014561664570
Q132535814	6000000014562214030
Q132535817	6000000014562197115
Q132535826	6000000014561921380
Q132537	6000000010965119908
Q132537225	6000000014561664615
Q132537227	6000000014562275077
Q132537229	6000000014561830657
Q132537233	6000000014561833586
Q132537236	6000000014562131197
Q132537829	6000000021023708971
Q1325381	6000000056630744987
Q132538975	6000000014559765002
Q132538997	6000000024822928703
Q1325393	6000000043569452043
Q132540368	6000000019709751762
Q132540391	6000000006595611887
Q132540469	6000000021737548708
Q132540594	6000000029496697278
Q132540598	6000000012213099044
Q132540601	6000000014559681337
Q1325411	6000000019942251889
Q132541454	6000000021737620537
Q132543032	6000000014559681203
Q132543040	6000000014559804008
Q132543040	6000000080965418837
Q132543971	6000000019711950220
Q132544647	6000000014561453271
Q132544647	6000000080964796896
Q132544663	6000000080963833960
Q132544665	6000000080966130839
Q132544665	6000000080966950853
Q132544666	6000000014946063591
Q132544667	6000000014946510934
Q132545	6000000001841472088
Q132545735	336751145590003050
Q132546518	6000000016288374703
Q132548	6000000003232545902
Q132548663	6000000014559781101
Q132548668	6000000014559541871
Q132549649	6000000019325905053
Q132549793	6000000019325917061
Q132549859	6000000019326129058
Q132550139	6000000014559662820
Q1325518	6000000020585573033
Q132555388	6000000014559677211
Q132555394	6000000014559610851
Q132555396	6000000014559769049
Q132555399	6000000014559742055
Q132555402	6000000014559645787
Q132555405	6000000014559790028
Q132556087	6000000002115894847
Q132556302	6000000019419585180
Q132559357	6000000000682160190
Q132559389	6000000002624757982
Q132559397	6000000178151638826
Q132559445	6000000000223570259
Q132559448	6000000113297580059
Q132559449	6000000000223527172
Q132559450	6000000000222173779
Q132559453	345474015980011824
Q132559454	345474829310011809
Q132559556	6000000019925455497
Q132559576	6000000000880424367
Q132559601	6000000000880479156
Q1325598	6000000183956685839
Q132559833	6000000211472514826
Q132559833	6000000214412702844
Q132559900	6000000211473140839
Q132559900	6000000214448370839
Q132559903	6000000214449301830
Q132559906	6000000214451351839
Q132559907	6000000214449368833
Q132559908	6000000214451664832
Q132560915	6000000070669263232
Q132560941	6000000010849208511
Q132560954	6000000024495293001
Q132560968	6000000007885493665
Q132561000	6000000053569849080
Q132561038	6000000002593511139
Q132561053	6000000006257140615
Q132561058	6000000017947711972
Q132561065	6000000000285768454
Q132561069	6000000003167890993
Q132561096	6000000006279884001
Q132561137	6000000007310985245
Q132561145	6000000018138368929
Q132561151	6000000003080322690
Q132561154	6000000018011809816
Q132561372	6000000014559780085
Q132561373	6000000014559760359
Q132561408	6000000014559539765
Q132561409	6000000014559357949
Q132561439	6000000014559578550
Q132561479	6000000014561072553
Q132561531	6000000015162702000
Q132561534	6000000014559319887
Q132561538	6000000014559663401
Q132561538	6000000014559674233
Q132561573	6000000002584631217
Q132561590	6000000094119566701
Q132561983	6000000210469466821
Q132562014	6000000001983369163
Q132562280	6000000002748407738
Q132562284	6000000002748415484
Q132562304	6000000014559539903
Q132562305	6000000014559616683
Q132562306	6000000014559792164
Q132562307	6000000014559668787
Q132562308	6000000014559603821
Q132562309	6000000014559664399
Q132562652	6000000014560556854
Q1325628	6000000041809775249
Q132563547	6000000052730520842
Q132563558	6000000052730166846
Q132563586	6000000019376949987
Q132563603	6000000005404435386
Q132566871	6000000014559788089
Q132566909	6000000014561870158
Q132569174	6000000014877301369
Q132569174	6000000024823760932
Q132570081	6000000182910698858
Q132570093	6000000021580381396
Q132570145	6000000031553267592
Q132570156	6000000031553451320
Q132570177	6000000002293704784
Q132570226	5001439999670128067
Q132570262	6000000031553158683
Q132570280	6000000013483317294
Q132570321	6000000002046121150
Q132570336	6000000013483350335
Q132570373	6000000125463919836
Q132570386	6000000087815082854
Q132570397	6000000011813281823
Q132570490	6000000182909250909
Q132570493	6000000021580563962
Q132570503	5461223926850063881
Q132570514	5373933917930062988
Q132570526	6000000003939045387
Q132570539	367083471420012423
Q132570573	6000000003939045428
Q1325708	6000000024196443213
Q132570842	6000000099301339141
Q132570854	6000000028428229996
Q132570865	6000000021478219302
Q132570878	6000000001376805053
Q132570888	6000000021478105208
Q132570984	6000000010512049885
Q132570996	6000000001212883283
Q132571006	6000000001316351861
Q132571230	6000000007820312716
Q132571323	6000000001481351806
Q132571333	6000000003077333699
Q132571384	6000000003076228010
Q132572056	6000000022669167899
Q132572056	6000000022671438176
Q132572745	6000000003150067938
Q132572757	6000000015178865184
Q132572769	6000000003938025612
Q132572782	6000000003939075708
Q132572794	6000000003937822642
Q132572904	6000000003939075630
Q132572988	6000000003938025561
Q132573208	6000000013080744255
Q132573223	6000000005800852763
Q132573235	6000000002665440322
Q132573354	6000000000490985159
Q132573471	6000000006444507661
Q132573568	6000000002336752005
Q1325739	6000000017573583097
Q13257440	6000000007027794326
Q1325746	6000000077229172916
Q132575915	6000000014527661031
Q1325762	6000000015325157579
Q132578272	6000000175926259842
Q132578948	6000000022246344125
Q1325792	6000000016518075031
Q132579399	6000000022246328179
Q132579713	6000000142717819831
Q132580091	6000000007800364943
Q132581692	6000000049069645843
Q132582140	6000000162896502834
Q132585375	6000000010975488556
Q132585634	6000000010975371894
Q132585682	6000000112565965850
Q132585705	6000000019584729851
Q132585707	6000000180536895827
Q132588465	6000000003126542901
Q132589	6000000014720577019
Q132594120	6000000033136684228
Q1325993	6000000002298185510
Q1326	5426209259910119080
Q1326039	6000000039099550387
Q1326042	6000000020361761678
Q1326046	6000000020362044178
Q132612185	6000000010685143939
Q132616	4029237741240074009
Q1326199	6000000076347437004
Q132632875	6000000019055781817
Q132643652	6000000059280840241
Q132643698	6000000003525918416
Q1326481	6000000077532582030
Q1326496	6000000008708824512
Q132649800	6000000100536770161
Q132652562	6000000000477668059
Q132655480	6000000135260370043
Q132655629	6000000036683713638
Q132655861	6000000012503228789
Q132657627	6000000039207527584
Q1326598	6000000009508114366
Q132661314	6000000018020845496
Q132662475	6000000018020748130
Q1326630	6000000179167998822
Q132664350	6000000018028494793
Q132664978	6000000084861382139
Q132665525	6000000018021327111
Q132666212	6000000065430557825
Q132666340	6000000217585003821
Q132667586	6000000167313113843
Q132672061	6000000078808797826
Q132673414	6000000180536523850
Q132673435	6000000016473333153
Q132673901	6000000180536835823
Q132673917	6000000180534906910
Q132674012	6000000023390751865
Q132674919	6000000037581860955
Q1326750	6000000041410638107
Q1326764	6000000065859905263
Q132679237	6000000115589023866
Q132680367	6000000183591032837
Q132681069	6000000154830314914
Q132681075	6000000017206659660
Q132681165	6000000154829838967
Q132681225	6000000154830014892
Q132681459	6000000154832766824
Q132682	6000000015697079204
Q132684	6000000014631658061
Q132685794	6000000044364036840
Q132685854	6000000044364167858
Q132689241	371580162530012173
Q132692	6000000010282572099
Q132695	6000000014653422480
Q132699668	6000000150117082822
Q1327	6000000001721015594
Q132701	6000000014725287007
Q1327021	6000000008484619968
Q1327026	6000000001389486187
Q132705794	6000000130307592834
Q132705860	6000000041329058138
Q132705876	4517215023250089876
Q132705913	6000000017206722348
Q132705938	6000000210731548841
Q132705940	6000000087974456994
Q132705997	6000000210731573831
Q132706003	6000000219178233822
Q132706289	6000000018244299946
Q1327093	6000000033737959300
Q132711	6000000014163865408
Q1327133	6000000166411549401
Q132716	6000000001143919155
Q132717239	6000000001691136745
Q132717772	6000000020349910415
Q132717773	6000000103780713880
Q132717838	6000000020386356181
Q132717963	6000000208909169885
Q132718176	6000000039314745069
Q132718185	6000000039315002826
Q132718976	6000000071425437032
Q132719214	6000000134060265821
Q132719591	6000000018094102996
Q132719599	6000000003688487154
Q132720338	6000000024418330914
Q132723	6000000007416002278
Q132723162	6000000178642140880
Q132723167	6000000178640811883
Q132723565	6000000178610536880
Q132723854	6000000019536254196
Q132724257	6000000019535961288
Q132731110	6000000003525918433
Q132731243	6000000071151529999
Q132731354	6000000059281149047
Q132731410	6000000017961675263
Q132731552	6000000018171726233
Q132731862	6000000009609902326
Q132732218	6000000005729319007
Q132732411	6000000142711273827
Q132732586	6000000017706672134
Q132732645	6000000046924809040
Q132732682	6000000028068677239
Q132732996	6000000007243858028
Q132733748	6000000024140359206
Q132733824	6000000018763573173
Q132734024	6000000205261608854
Q132734076	6000000070620390112
Q132734210	6000000007472649184
Q132734288	6000000035158729904
Q132734383	6000000003017180945
Q132734547	6000000080182276169
Q132734635	6000000046924678076
Q132734638	6000000175334776945
Q132734647	6000000053261965835
Q132734672	6000000210388958210
Q132734690	6000000022315697643
Q132734716	6000000008979876051
Q132734730	6000000006127928054
Q132734773	6000000018919146272
Q132735333	6000000005729953008
Q132739317	6000000207872777823
Q132739339	6000000019386515030
Q132739612	6000000048210660953
Q132739895	6000000168990547185
Q132739908	6000000210864518422
Q132739930	6000000036366613624
Q132740360	6000000120140612888
Q132740889	6000000185941516594
Q1327430	6000000025260666591
Q1327440	6000000177869020889
Q132744357	6000000083094699137
Q132744397	6000000037423550871
Q132744399	6000000037423504035
Q132744426	6000000083295627827
Q132744640	6000000017199211523
Q132744641	6000000004993074970
Q132744659	6000000024572300211
Q132744662	6000000017204972112
Q132744665	6000000017205104098
Q132744669	3991326540680020346
Q132744678	6000000017198950492
Q132744685	6000000006514002220
Q132744687	6000000002288727309
Q132744688	6000000000750903733
Q132744765	6000000002577166207
Q132744766	6000000000211080852
Q132744767	6000000000211080968
Q132744769	6000000109092938833
Q132744771	6000000001486894448
Q132744824	6000000021272678005
Q132744945	6000000023338010389
Q132745120	6000000023338134925
Q132745121	6000000034733435002
Q132745298	6000000021273330367
Q132745446	6000000018076341838
Q132745495	6000000019509306732
Q132745684	6000000016575011540
Q132745719	6000000018070053232
Q132745720	6000000018077755087
Q132745721	6000000021273674523
Q132745762	6000000040389092909
Q132745768	6000000016515661440
Q132745777	6000000029665799458
Q132745908	6000000029666969449
Q132746130	6000000014301421965
Q132746163	6000000067490279825
Q132746347	6000000014301421960
Q132746627	6000000168438976827
Q132746628	6000000003796035079
Q1327520	6000000013707252508
Q1327567	6000000003031336032
Q132757200	6000000003688487190
Q1327583	6000000008545209822
Q1327614	6000000074790906878
Q132762721	6000000015047335914
Q132762749	6000000189092457822
Q132762755	6000000143365223834
Q132762756	6000000143365223865
Q132767209	6000000001236182060
Q132767371	6000000037154929937
Q132767445	6000000012621735324
Q132767613	6000000056902764027
Q132768923	6000000056907281862
Q132769069	6000000180679485825
Q132770008	6000000056908438834
Q1327707	6000000034602666904
Q132772181	6000000056910916882
Q132772772	6000000028068403746
Q132773676	6000000015153431334
Q132773677	6000000056912094821
Q132773902	6000000056915199094
Q132774132	6000000016316902457
Q132774280	6000000083295351093
Q132774364	6000000164894042104
Q132774631	6000000004086566409
Q132774756	6000000002134588760
Q132775004	6000000002860912811
Q132775006	6000000185987518934
Q132775007	6000000002860747430
Q132775010	6000000004487880001
Q132775011	6000000003523002390
Q132775013	6000000002860810617
Q132775014	6000000002860810263
Q132775015	6000000002860899964
Q132775016	323777418650002759
Q132775018	6000000002860810256
Q132775019	6000000003938750369
Q132775022	6000000002043375384
Q132775027	6000000000035267551
Q132775282	6000000012600119760
Q1327759	6000000021509130993
Q132776142	6000000012732845759
Q132778512	6000000058897288848
Q132778593	6000000058897136885
Q132779243	6000000026796887055
Q132781215	6000000037573937852
Q132781248	6000000011956681419
Q132781935	1547459
Q132783146	6000000215276437841
Q132783273	6000000017698446023
Q1327867	6000000069985053013
Q132789374	6000000021672603852
Q132789621	6000000029675912147
Q132790457	6000000046513909069
Q132791267	6000000037154032381
Q132791965	6000000037153885603
Q132793543	6000000037154411932
Q132794678	6000000012299881863
Q132794833	6000000000348876077
Q132795380	6000000077907716875
Q132795774	6000000018077440586
Q132796487	6000000018077739111
Q132796630	6000000018077415633
Q132796666	6000000018077877660
Q132798245	6000000039322228252
Q132798349	6000000012887736361
Q132798423	6000000093052865863
Q132798517	6000000012887780302
Q132798894	6000000094778432862
Q132798929	6000000094778194906
Q1328	6000000000751132319
Q132800221	6000000006604224673
Q1328007	6000000007272043464
Q132800778	6000000017955812155
Q132800989	6000000017955769158
Q132801090	6000000031652649414
Q1328019	6000000025460131608
Q1328026	6000000002764440140
Q1328044	6000000016283418924
Q132805	6000000015019778405
Q132805443	6000000024207789910
Q1328070	6000000037384883518
Q132807551	6000000014589154254
Q1328078	6000000025429435003
Q1328108	6000000018792323720
Q1328111	6000000008578625358
Q1328142	6000000019285416522
Q132816015	6000000027378252244
Q1328170	6000000008576901027
Q132817173	6000000039638403907
Q132817394	6000000039637463899
Q132817438	6000000039636779233
Q132817732	6000000217160379856
Q1328180	6000000013655238931
Q132818046	6000000038415973555
Q132818088	6000000014405731733
Q132819149	6000000020878954953
Q1328195	6000000008578411766
Q1328207	6000000016562279576
Q132822537	6000000071036985136
Q132823024	6000000015961808978
Q1328240	6000000014150277312
Q132824923	6000000017955935164
Q1328266	6000000182819517840
Q1328273	6000000017710372135
Q132827587	6000000010119814103
Q1328284	6000000000281469837
Q132830299	6000000003480207558
Q132830696	6000000085355550881
Q132830727	6000000014424286223
Q132830729	6000000011301976036
Q132831259	6000000007374918209
Q132841214	6000000000507975759
Q132841276	6000000015343193892
Q132845	6000000031245956269
Q1328480	6000000075402521844
Q132851216	6000000010425010287
Q132851268	6000000012347967258
Q132851283	6000000012349970608
Q132851426	6000000012418578562
Q132851658	6000000015450748465
Q132851659	6000000015728155918
Q132851680	6000000079667638322
Q132851965	6000000010995280794
Q132852492	6000000011502011525
Q132852758	6000000017546359052
Q132852888	6000000080882464846
Q132853186	6000000012462990984
Q132853318	6000000030379792378
Q132853590	6000000128650181921
Q132853594	6000000128650553881
Q132854208	6000000103677395970
Q132855503	6000000103674156794
Q132855529	6000000000509679425
Q132855531	6000000000474922098
Q132855532	6000000002435291769
Q132855533	6000000000475139238
Q132855538	6000000000475025238
Q132855539	6000000006198231320
Q132855540	6000000003077229737
Q132855582	6000000128650708869
Q132855583	6000000128650885836
Q132855584	6000000128650772850
Q132855589	6000000020533737229
Q132855716	6000000011303371029
Q132855850	6000000077428977612
Q132855866	6000000060804364098
Q132855869	6000000016468122097
Q132855872	6000000016467684462
Q132855875	6000000000110840836
Q132855876	6000000002447342810
Q132855878	6000000012453689500
Q132855887	6000000001579398674
Q132855888	6000000000438454957
Q132855891	6000000001578767533
Q132855916	6000000028375003580
Q1328567	6000000159313282838
Q132858059	6000000039024184752
Q132858125	6000000128649435277
Q132858133	6000000183564063822
Q132858230	6000000183564064281
Q132858310	6000000017955997142
Q132858364	6000000183564064293
Q132858660	6000000001382660095
Q132858666	6000000001382449195
Q132858682	6000000006667921792
Q132858920	6000000003639094185
Q132858954	6000000006439712503
Q132858986	6000000006668403771
Q132858987	6000000004630613484
Q132858988	6000000004630687395
Q132858991	6000000006668403818
Q132859035	6000000003558809585
Q132859104	6000000027511824525
Q132859147	6000000009292286395
Q132859151	6000000009291468554
Q132859368	6000000014073836702
Q132859379	6000000014073411781
Q132859380	6000000005019191723
Q132859395	6000000018231799388
Q132859396	6000000018231803312
Q132859397	6000000190451641608
Q132859458	6000000028068158438
Q132859465	6000000092327081227
Q132859606	6000000018231755611
Q132859727	6000000188649303833
Q132859730	6000000004086736714
Q132859731	6000000039088401344
Q132859732	6000000001999373105
Q132859755	6000000188649349824
Q132859758	6000000171506862821
Q132859761	6000000001574676906
Q132859762	6000000001574672838
Q132859849	6000000084487506640
Q132860317	6000000128648455392
Q132860318	6000000128649399202
Q132860319	6000000128650955038
Q132861594	6000000008231328677
Q132861611	6000000034369127404
Q132861994	4135761680440052272
Q132862117	6000000147722478971
Q132862126	6000000006936420364
Q132862129	6000000009074350560
Q132862163	6000000147722478965
Q132862165	6000000147723263888
Q132862235	6000000077368704185
Q132862476	6000000024947554782
Q132862498	6000000024948383973
Q132862534	6000000027346338836
Q132862534	6000000135098065874
Q132862659	6000000087357354987
Q132862838	6000000081995925973
Q132862871	6000000037655902460
Q132862947	6000000063674643836
Q132862987	6000000066478040920
Q132862992	6000000066478003873
Q132863086	6000000084967056119
Q132863280	6000000006667921566
Q132863327	6000000042016670664
Q132863587	6000000011279749565
Q1328647	6000000036290861039
Q132868960	6000000188873659837
Q132870561	6000000188873055833
Q1328710	6000000082409846884
Q132874289	6000000000689147971
Q132874365	6000000006439788869
Q1328780	6000000026763031145
Q1328820	6000000015259558715
Q1328831	6000000062587323913
Q1328837	6000000015226692161
Q132885690	6000000017905957314
Q1328857	6000000028277392528
Q132886170	6000000172742699421
Q132886226	6000000039672527494
Q132886656	6000000022808215038
Q132886827	6000000084487390481
Q1328873	6000000003635286666
Q1328875	6000000013035366893
Q132887574	6000000023024908766
Q132887610	6000000023025809868
Q132887889	6000000039659063191
Q132887890	6000000039658594749
Q132887891	6000000039659250034
Q132887894	6000000039659249309
Q132888096	6000000039659264021
Q132888098	6000000039659216184
Q132888367	6000000039659423057
Q132888368	6000000039659452946
Q132888369	6000000039659721826
Q132888411	6000000011032592443
Q132888434	6000000011032606419
Q132888608	6000000011334277357
Q132888838	6000000011334211350
Q132888952	6000000011334247442
Q132889231	6000000039659700854
Q132889457	6000000011334183412
Q132889479	6000000007276378052
Q132889571	6000000025361100050
Q132889642	6000000008545620346
Q132889807	6000000033563953325
Q132889877	6000000023437853839
Q132890068	6000000039659984914
Q132890077	6000000039659843141
Q132890083	6000000039659392568
Q132890087	6000000039660248827
Q132890093	6000000039660004086
Q132890455	6000000039659304677
Q132890663	6000000039659849821
Q132890670	6000000039659722949
Q132891075	6000000020333559432
Q1328923	6000000001813163940
Q132899	6000000031934954537
Q1329	5372979897980063207
Q1329001	6000000008597192305
Q1329019	6000000000699926912
Q1329025	6000000003987390567
Q1329026	6000000010112891155
Q1329038	6000000003795876799
Q1329058	6000000017263818731
Q1329117	6000000001843182862
Q1329130	6000000095881331822
Q1329182	6000000000505220130
Q132920035	6000000019556684946
Q132920195	6000000216914109822
Q132922195	6000000007014458976
Q1329224	6000000167809245073
Q132924887	6000000039659499288
Q132924954	6000000039659564534
Q132925055	6000000039659195714
Q132929635	6000000039659789038
Q132929638	6000000039659682248
Q1329308	6000000010851975121
Q1329314	6000000010769421446
Q132931691	6000000034837816930
Q1329343	6000000034457171988
Q1329346	6000000034990660114
Q1329352	6000000048498085943
Q1329376	6000000003941080404
Q132938378	6000000018022639166
Q1329398	6000000013428018670
Q132940051	6000000025928967285
Q132940073	6000000039632805756
Q1329401	6000000066847323111
Q1329419	6000000184665647822
Q1329430	6000000016290581388
Q1329431	6000000003398678123
Q132944194	6000000133419075007
Q1329448	6000000138000310996
Q1329454	6000000000890494313
Q1329488	5216775740160079001
Q1329490	6000000020669554270
Q1329519	6000000141853479838
Q132952	6000000014120835716
Q1329533	6000000006704859552
Q132954380	6000000039631234923
Q132954412	6000000039630800756
Q1329553	6000000047123577242
Q1329566	6000000140202553943
Q132957837	6000000039631028357
Q1329607	6000000004630841096
Q1329617	6000000055696412368
Q1329618	6000000042292828945
Q1329629	6000000008231252709
Q132964	6000000018031351959
Q132966134	6000000192275289822
Q132966492	6000000026392956064
Q1329676	6000000013548459907
Q132968278	6000000130558442993
Q132968325	6000000074280836904
Q132968653	6000000010780234616
Q132971940	6000000005576598182
Q132971949	6000000006127381313
Q132972569	4491062310560061403
Q132974135	6000000003744953631
Q132975283	6000000039649313844
Q132975917	6000000008127920203
Q132975978	6000000007723659386
Q132976288	6000000008852010024
Q1329773	6000000002781009306
Q132978788	6000000001382639009
Q132978801	6000000003938999181
Q132978852	6000000003518305568
Q132978885	6000000000426556361
Q132978893	6000000002336780149
Q1329791	6000000084275623945
Q1329816	6000000084613956582
Q1329823	6000000075503926396
Q1329824	6000000171932180838
Q132983341	6000000006667921697
Q132983376	6000000003639711822
Q132984	6000000015943129729
Q1329893	6000000022698603650
Q1329898	6000000022166511436
Q1329931	6000000088910363871
Q1329965	6000000009286813347
Q1329968	6000000025848437161
Q132999324	6000000222314678975
Q1330	6000000009120297968
Q1330005	6000000019344803825
Q133001	6000000001142363908
Q1330013	6000000176371556872
Q1330028	6000000178190991871
Q1330040	6000000014309964490
Q1330079	6000000084208989180
Q1330082	6000000058718070867
Q133009	6000000011078003591
Q1330103	6000000007882073748
Q1330129	6000000022365576615
Q1330130	6000000013530316081
Q1330141	6000000038030883235
Q1330179	6000000013364101213
Q133018889	6000000017223153082
Q133023641	6000000025294540933
Q133028	6000000003408828513
Q133030048	6000000039648662916
Q133030155	6000000039481490162
Q133030156	6000000039481656989
Q1330305	6000000179098991830
Q133030577	6000000039481603182
Q133030578	6000000039481268621
Q133030580	6000000039481407400
Q133030582	6000000039481712939
Q133030860	6000000039659036334
Q133030957	6000000039481564207
Q133031186	6000000039658538590
Q133031590	6000000039649084036
Q133031600	6000000039658592870
Q133031604	6000000039658179531
Q133031610	6000000039658053538
Q133031627	6000000039658308379
Q133031642	6000000039658538065
Q1330319	6000000118243719858
Q133032122	6000000039481450336
Q133032130	6000000039649035900
Q133032135	6000000039648894269
Q133032139	6000000039648968106
Q133032140	6000000039648915189
Q133032145	6000000039648817330
Q133032156	6000000039648747564
Q133032158	6000000039649031112
Q133033321	6000000021208953047
Q133033347	6000000039658241503
Q133033372	6000000021209017025
Q133033376	6000000017131357722
Q133033723	6000000039658783963
Q133033743	6000000039658844850
Q133034066	6000000021208873167
Q133034146	6000000021208791771
Q133034148	6000000021234639890
Q133034150	6000000021234367690
Q133034154	6000000021234329688
Q133034643	6000000021234296672
Q1330348	6000000058923637933
Q133034849	6000000021208944986
Q133038845	6000000039645999846
Q133038864	6000000039645584783
Q133040	6000000174544928899
Q1330412	6000000006727790883
Q133042128	6000000002497436401
Q133042254	6000000006590063801
Q133042304	6000000039644540207
Q133042305	6000000039644630066
Q133042323	6000000039644077818
Q133042365	6000000039644584275
Q133042391	6000000039644695081
Q1330431	6000000003827435927
Q1330434	6000000163847241822
Q1330439	6000000003827535965
Q133045637	6000000002650334347
Q1330460	6000000014300962963
Q1330463	6000000026441422380
Q133046657	6000000041829796950
Q1330491	6000000006727770910
Q133050	6000000003987792267
Q1330519	6000000016257621880
Q133054	6000000008771449718
Q133054828	6000000064490035023
Q133054907	6000000021660858196
Q133055001	6000000015744332694
Q133055005	6000000021660515374
Q133055008	6000000033998202561
Q133055027	6000000021660635271
Q133055130	6000000085603805837
Q133055316	6000000051195855963
Q133055336	6000000051195891902
Q133055376	6000000040803816821
Q133055416	6000000006127564256
Q1330561	6000000199512309822
Q133056449	6000000096178056023
Q1330596	6000000100958697850
Q1330625	6000000024801975006
Q133062696	6000000039644841997
Q133062705	6000000039644807066
Q133062712	6000000039645569222
Q1330633	6000000061726119162
Q133063543	6000000039645645125
Q133063554	6000000039645404689
Q1330639	6000000036921893739
Q133064065	6000000039644834876
Q133064075	6000000039644889882
Q133064080	6000000039644345719
Q133064806	6000000039643737707
Q133065172	6000000039639840884
Q1330653	6000000021411768612
Q133065536	6000000039639804018
Q133065715	6000000039640925192
Q133066458	6000000006127170934
Q133069065	6000000039641112842
Q133069066	6000000039644397182
Q133069069	6000000039644588977
Q133069948	6000000015512909897
Q133070407	6000000029200132011
Q1330711	6000000118214672051
Q1330714	6000000057325304836
Q1330715	6000000008190799695
Q1330716	6000000020037229124
Q1330718	6000000028282401105
Q133072308	6000000011323442244
Q133072308	6000000039644269316
Q133072331	6000000039644075747
Q133072331	6000000042963963034
Q133072342	6000000039644620821
Q1330727	6000000003017377085
Q1330730	6000000023166722892
Q1330735	6000000023165913621
Q133073550	6000000015740085834
Q1330738	6000000002318561838
Q1330750	6000000012723205406
Q133075639	6000000015511671407
Q133077825	2171911
Q133078604	6000000002790756937
Q133078616	6000000002790863634
Q133078696	6000000020945807371
Q133078796	6000000012154950339
Q133078799	6000000012154080725
Q133078819	6000000028201677129
Q133078831	6000000028201777986
Q133078843	6000000028201777939
Q133078855	6000000004094449904
Q133078891	6000000003938993011
Q133079060	6000000002790911247
Q133079071	6000000002790828949
Q133079092	6000000002922477599
Q133079104	6000000020838575993
Q133079115	6000000020798890127
Q133079129	6000000000888978609
Q133079214	6000000020959844963
Q133079365	6000000036205085741
Q133079375	6000000028201408618
Q133079386	6000000002456916010
Q133079430	6000000009666547741
Q133079881	6000000052733837113
Q133080112	6000000020945971634
Q133082052	6000000127660581855
Q133082485	6000000002790976007
Q133082503	6000000012154031135
Q133082705	6000000008300642939
Q133082717	5029379734510050970
Q133082736	5029399354480040916
Q133082755	6000000002329144725
Q133082777	6000000003301699083
Q133082865	6000000000600222210
Q133082883	5029435049120115589
Q133082924	6000000000600222262
Q133082943	6000000007275243479
Q133083048	6000000003797164025
Q133083196	6000000008300642917
Q133083216	6000000008300642889
Q133083398	6000000003200418682
Q1330834	6000000022214992817
Q133083589	6000000092178274938
Q133083883	6000000003126068782
Q133083902	6000000028200917293
Q133083919	6000000028201101101
Q133083937	6000000028200733575
Q133083950	6000000024019174228
Q133084444	6000000018194188463
Q1330858	6000000039509047594
Q133089089	6000000193633203824
Q133089497	6000000092178274847
Q133094547	6000000002848303123
Q133096362	6000000053290670821
Q133097601	6000000026814207548
Q133099684	6000000000089672841
Q1331	4931856762370087935
Q133100	6000000020013489270
Q133105484	6000000124475851918
Q133105526	6000000035324104408
Q133105622	6000000015911885475
Q133107577	6000000006578659743
Q133108	6000000016426352456
Q1331123	6000000022960340127
Q1331174	6000000148759240827
Q1331194	6000000013955608706
Q1331206	6000000048227149297
Q133121	6000000012449602209
Q1331221	6000000006567044209
Q1331228	6000000015634419208
Q133126056	6000000011081569648
Q1331285	6000000015643860893
Q1331289	5260667805940067559
Q1331290	6000000004881613023
Q1331295	6000000025928878272
Q133130237	6000000051823653246
Q133130688	6000000085077855955
Q1331315	6000000019336930113
Q1331334	6000000008691760646
Q1331340	4400447621990051652
Q1331367	6000000003147038092
Q1331436	6000000032573871060
Q1331443	6000000004109488171
Q1331448	6000000003146930329
Q133151	6000000015086011436
Q133157322	6000000002026989091
Q133158529	6000000012359471719
Q133158912	6000000092561165864
Q1331595	6000000023922437412
Q133159962	6000000012418815885
Q133160667	6000000012785261234
Q133160964	6000000045956865951
Q133162144	6000000006713051561
Q133162351	6000000006713140306
Q1331624	6000000008136344233
Q133163891	6000000017956775902
Q133168	361244072740011666
Q1331681	6000000010725858348
Q1331809	6000000029557482897
Q133181149	6000000205772982845
Q1331815	6000000011913264723
Q1331833	6000000002976339087
Q133184521	6000000081876299288
Q133186829	6000000046282321955
Q1331873	4733980
Q133187662	6000000055520275973
Q133187703	6000000083999236085
Q133187971	6000000004702054002
Q133188542	6000000014160561184
Q133188729	6000000223995683864
Q133189089	6000000017483722474
Q133189257	6000000153781778822
Q133189281	6000000046282471954
Q133189721	6000000046281442941
Q133191694	6000000182428428823
Q133191716	6000000037832978481
Q133191765	6000000042097744412
Q133200748	6000000181914053832
Q133201423	6000000008651822126
Q1332062	6000000001563421943
Q133206793	6000000014654056411
Q133207046	6000000018607492998
Q133209477	6000000011504102405
Q133210025	6000000171720558575
Q133210148	6000000024198635636
Q133210668	6000000024198839407
Q133211403	6000000024199009149
Q1332115	6000000010274164404
Q133212636	6000000023842337032
Q133213238	6000000024199014348
Q133213269	6000000059947366845
Q133214503	6000000056443221849
Q133214577	6000000056441773821
Q133214706	6000000004162050285
Q133217640	6000000046281950789
Q133218076	6000000046282655916
Q133220805	6000000046282721937
Q133221296	6000000046281088025
Q133222	6000000029938080689
Q133223452	4998827886720063143
Q1332243	6000000017827316321
Q1332244	6000000014144580726
Q1332253	6000000127250938114
Q133225411	6000000183826488830
Q133225992	6000000022996347019
Q133226279	6000000087045041022
Q133226319	6000000087045041042
Q133232	6000000008570359867
Q133233598	6000000019334999320
Q1332336	6000000013235438076
Q1332337	6000000020993459838
Q1332385	6000000108738374835
Q1332391	6000000003219231804
Q1332396	6000000019597766470
Q133239789	6000000034845539937
Q133241037	6000000034849433076
Q133241645	6000000025967887856
Q133241849	6000000096180216233
Q133241872	6000000102755066220
Q1332423	6000000115247753076
Q133242488	6000000027412976078
Q133242998	6000000018845058171
Q133243013	6000000013143345796
Q133243024	6000000013143394528
Q133243039	6000000013143418509
Q133243051	6000000040585255875
Q133243065	6000000006900923239
Q133243112	6000000002908642002
Q133243122	6000000002006145348
Q133243131	6000000002908642795
Q133243227	6000000030328958850
Q133243239	6000000022615605349
Q133243250	6000000022615613746
Q133243289	6000000022615509754
Q133243329	6000000022615837225
Q133243340	6000000000689051256
Q133243477	6000000030329052870
Q133243484	6000000007297359711
Q133243494	6000000000484635505
Q133243663	6000000035285887145
Q133243786	6000000024199086211
Q133243795	6000000001744662606
Q133243805	6000000001744565469
Q133243814	4853331273610025719
Q133243921	6000000004994082926
Q133243932	6000000004993593028
Q133246424	6000000129385879876
Q133246435	6000000027453360553
Q133246784	6000000011082404317
Q133247386	6000000023126206021
Q1332475	6000000012431671269
Q1332476	6000000015272134694
Q133247619	6000000008594517586
Q133248019	6000000001114991494
Q133248473	6000000191381760828
Q133249103	6000000171906832034
Q133249104	6000000171906880975
Q133249260	6000000193537331836
Q133249297	6000000016280902085
Q133249367	6000000086325398869
Q1332495	6000000000741669262
Q133249555	6000000127384910857
Q133251346	6000000172974295930
Q133251580	6000000016280793616
Q133251860	6000000016280654889
Q133251879	6000000016280931412
Q133252032	6000000032670672605
Q133252039	6000000172866184989
Q133252374	6000000001115007614
Q133252545	6000000003495148235
Q133252611	6000000148738439436
Q133252648	6000000172731469979
Q133252916	6000000031130408898
Q1332532	6000000015206579640
Q133253309	6000000007324339462
Q133253490	6000000001843182797
Q133253492	6000000001843182785
Q133253493	6000000001843182773
Q133253494	6000000001843182767
Q133253495	6000000084010872679
Q133253498	6000000084012464917
Q133253600	6000000010697813023
Q133253602	6000000018173325432
Q133253605	6000000058195188884
Q133253607	6000000020040925030
Q133253611	6000000006165159944
Q133253613	6000000002649865137
Q1332537	6000000026214238682
Q133253998	6000000037441609254
Q133254035	6000000017936745482
Q133254086	6000000014065319519
Q1332543	6000000033196576933
Q133254394	6000000189429661836
Q133254651	6000000018695481799
Q133254958	6000000192641155888
Q133255271	6000000080112179247
Q1332556	6000000028045942058
Q1332557	6000000032240821052
Q133255792	6000000039971201040
Q133256083	6000000216577650834
Q133256174	6000000016280792791
Q133256203	6000000015793537686
Q133256208	6000000181111166984
Q133256302	6000000017339791434
Q1332564	6000000110971722913
Q133256750	6000000016281080781
Q133256777	6000000018047634688
Q133256786	6000000017340180456
Q133256831	6000000080356170201
Q133256836	6000000016149739698
Q133257519	6000000014148054038
Q133257553	6000000014147919551
Q133258439	6000000018047211604
Q133258639	6000000011081595392
Q1332590	6000000143217593930
Q133259174	6000000018047181237
Q133259227	6000000019078122366
Q133259258	6000000018047643664
Q1332601	6000000184100810825
Q133260270	375421115460013083
Q133260372	375420614550012597
Q133260443	6000000152609890875
Q133261351	6000000018778958520
Q133261446	6000000018777637764
Q133261878	6000000008139993053
Q1332619	6000000013745939571
Q133262235	6000000014532178902
Q133262396	6000000083156426872
Q133262435	6000000026365364924
Q133262667	6000000021379683521
Q133263167	6000000027506525152
Q133263493	6000000003937855770
Q133263736	6000000026365133629
Q133263737	6000000026367943856
Q133263872	6000000016675707470
Q133263943	6000000051799613018
Q133264129	6000000026405034161
Q133264131	6000000041254556495
Q133264155	6000000004086754219
Q133264443	6000000038681306905
Q133264444	6000000024430574024
Q133264467	6000000016668737553
Q133265033	6000000014360971552
Q133265136	6000000021675692758
Q133265234	6000000014523513112
Q133265372	6000000014529217417
Q133266236	6000000014525559101
Q133266529	6000000014525511262
Q133267	6000000001601081031
Q1332676	6000000042193033359
Q133268148	6000000036033741959
Q133268516	6000000016500384508
Q133269356	6000000054616509981
Q133269828	6000000206005366841
Q133269829	6000000206005314853
Q133269831	6000000206005314847
Q133269833	6000000206005358834
Q133269834	6000000206005300873
Q133269840	6000000024830766897
Q133269908	6000000017905613756
Q133270082	6000000206005390900
Q133270115	6000000206005395838
Q1332714	6000000173639707688
Q133271446	6000000190728048909
Q133271779	6000000021581932987
Q133271781	6000000139497602842
Q133271790	6000000054129782821
Q133271791	6000000054128730217
Q133272087	6000000024998543746
Q133272187	6000000132358571961
Q133272191	6000000132358945901
Q133272494	6000000014523424073
Q133272530	6000000016500787366
Q133272679	6000000014524832542
Q133272751	6000000014524928010
Q133273149	6000000017905270960
Q133273188	6000000017905248624
Q133273188	6000000017905744317
Q133273267	6000000009916054763
Q133274249	6000000001163321930
Q133274332	6000000001261691926
Q133274338	6000000001261762740
Q133274348	6000000001261920342
Q133274350	6000000001262931067
Q133274366	6000000001261772972
Q133274435	6000000206005368857
Q133274591	6000000001261831789
Q133274724	6000000017603633011
Q133275257	6000000011539920225
Q133275257	6000000090932922834
Q133275315	6000000017964975464
Q133275379	6000000017964905324
Q133275473	6000000019471169007
Q133275909	6000000011544774399
Q133275911	6000000011544753560
Q133275911	6000000011545022311
Q133275911	6000000024830666132
Q133275911	6000000090932922826
Q133276047	6000000014532458022
Q133276048	6000000014531335775
Q133276085	6000000011544488604
Q133276086	6000000011544702312
Q133276087	6000000011544598295
Q133276088	6000000011544346709
Q133276089	6000000011544780474
Q133276089	6000000024830577064
Q133276634	6000000011543811561
Q133276646	6000000011544740532
Q133276829	6000000011544540397
Q1332769	6000000068365677907
Q133277022	6000000011543251683
Q133277023	6000000011544905292
Q133277025	6000000011544159912
Q133277025	6000000024830716128
Q133277026	6000000011543875161
Q133277238	6000000136945428888
Q133277440	6000000011544073200
Q133277513	6000000011544185986
Q133277593	6000000011544718397
Q133277595	6000000011544598325
Q133277677	6000000011544715268
Q133277697	6000000013009630853
Q133277702	6000000013009544063
Q133277705	6000000013010512854
Q133277758	6000000049344881049
Q133277762	6000000048114671958
Q133277779	6000000049344773946
Q133277782	6000000049345274842
Q133277785	6000000049345503862
Q133277805	6000000048109980883
Q133277843	6000000048114106838
Q133277848	6000000048113952978
Q133277856	6000000048112942883
Q133277859	6000000088757731162
Q133277873	6000000048066615005
Q1332779	6000000017144679688
Q133277936	6000000034298989194
Q133277937	6000000171849477949
Q133277945	6000000171849752023
Q133277988	6000000216725476830
Q133277995	6000000014532541307
Q1332782	6000000007425593304
Q133278203	6000000024999543094
Q133278204	6000000024998891575
Q133278210	6000000014529408194
Q133278271	6000000057572129902
Q133278359	6000000014532958631
Q133278360	6000000011536659751
Q133278361	6000000011536659992
Q133278362	6000000011536947453
Q133278363	6000000011536985450
Q133278411	6000000037610003551
Q133278434	6000000021675250166
Q133278466	6000000019155932085
Q133278504	6000000029596193272
Q133279211	6000000027030082205
Q133279345	6000000204684296821
Q133280017	6000000014524593517
Q133280073	6000000051342867941
Q133280162	6000000039788536865
Q133280399	6000000000583083874
Q133280444	6000000017542564643
Q133280486	6000000027030557930
Q133280595	6000000013985563281
Q133280663	6000000013985463817
Q133280718	6000000027030450080
Q133280739	6000000031518290119
Q133280762	6000000042249332893
Q133280776	6000000049744068922
Q133281365	6000000176989404821
Q133281375	6000000020990648899
Q133281387	6000000027030233602
Q133281429	6000000019150466611
Q133281439	6000000020560614387
Q133281445	6000000011636696539
Q133281447	6000000011634691500
Q133281448	6000000015753260681
Q133281449	6000000015753636147
Q133281450	6000000020560677294
Q133281464	6000000015856640266
Q133281508	6000000018099424915
Q133281509	6000000018098964862
Q133281519	6000000013869518938
Q133281568	6000000013874075544
Q133281569	6000000046633748958
Q133281574	6000000030776375052
Q133281575	6000000008483003579
Q133281580	6000000028795231001
Q133281583	6000000028794688493
Q133281711	6000000013883274708
Q133281803	6000000029287615974
Q133281829	6000000041339864410
Q133281830	6000000013985759056
Q133281881	6000000018371086860
Q133281905	6000000016997937443
Q133281906	6000000013985584979
Q133282112	6000000006975381552
Q133282125	6000000019532152630
Q133282152	6000000006975381585
Q133282153	6000000006976170012
Q133282163	6000000004174850532
Q133282389	6000000043461983404
Q1332825	6000000007885272128
Q133282729	6000000058097896886
Q133282792	6000000036576001578
Q133282795	6000000036580283379
Q133282800	6000000007508956031
Q133282808	6000000008449491206
Q133282826	6000000068392928927
Q133282839	6000000038613933793
Q133282841	6000000038614322440
Q133282842	6000000038614965826
Q133282843	6000000019529662099
Q133282845	6000000000250153568
Q133282846	6000000003940559637
Q133282847	6000000000250104297
Q133282850	6000000019529455466
Q133282851	6000000019529959504
Q133282854	6000000003938250534
Q133282856	6000000000250153300
Q133282861	6000000000250114978
Q133282908	6000000018688704768
Q133282965	6000000023870971367
Q133282966	6000000000856906039
Q133282973	6000000023870699463
Q133282975	6000000011170691800
Q133282985	6000000014189877138
Q133282993	6000000014189670490
Q133283005	6000000014189898135
Q133283047	6000000011193504564
Q133283055	6000000014189902239
Q133283056	6000000011056185937
Q133283098	6000000016710556474
Q133283183	6000000015554639958
Q133283453	6000000018911337100
Q133283461	6000000015555516214
Q133283501	6000000015555250579
Q133283558	6000000015555075946
Q133283585	6000000015555498626
Q133283622	6000000015556316091
Q133283758	6000000003307310727
Q133283761	6000000006859423426
Q133283763	6000000003307835457
Q133283764	6000000007349648627
Q133284286	6000000039675786353
Q133284287	6000000039676051078
Q133284326	6000000037918997840
Q133284328	6000000017241702105
Q133284362	6000000017702306597
Q133284363	6000000070730670368
Q133284364	6000000009368880650
Q133284366	6000000009383381356
Q133284367	6000000009384428001
Q133284375	6000000009383525210
Q133284376	6000000009382447676
Q133284378	6000000018953026730
Q133284385	6000000027267879284
Q133284686	6000000201014395839
Q133284687	6000000052493490214
Q133284688	6000000052833014991
Q133284692	6000000041328460540
Q133284693	6000000041329139829
Q133284763	6000000013986016176
Q133284893	6000000014949016707
Q133284929	6000000014949071808
Q133284929	6000000077609273117
Q133284978	6000000038251424297
Q133285007	6000000011770722253
Q133285016	6000000018426226012
Q133285077	6000000018426054964
Q133285087	6000000041329087096
Q133285088	6000000041329116969
Q133285109	6000000007705484371
Q133285139	6000000020950108738
Q133285396	6000000121207300822
Q1332856	6000000021826579745
Q133285607	6000000014949192907
Q133285608	6000000014949330179
Q133285742	6000000017931611449
Q133286568	6000000084134152922
Q133286668	6000000011871216815
Q133286669	6000000011853259579
Q133286671	6000000010047726517
Q133286791	6000000000037397698
Q133286896	6000000000037382637
Q133286897	6000000009793482399
Q133286899	6000000017314934346
Q133287685	6000000070497849892
Q133287704	6000000003665343981
Q133287711	6000000003665304585
Q133287720	6000000009782586698
Q133287721	6000000012689064662
Q133287722	6000000008368891941
Q133287724	6000000006969243221
Q133287725	6000000001496549544
Q133287728	6000000006968937884
Q133287729	6000000002517213513
Q133287751	6000000009264032813
Q133287812	6000000011715474632
Q133287814	6000000012966899736
Q133287818	6000000012966864711
Q133287820	6000000012462251076
Q133287823	6000000004186316592
Q133287824	6000000002512236887
Q133287826	6000000001169157872
Q133288162	6000000017561436280
Q133288476	6000000019077816254
Q133288481	6000000011344217483
Q133288660	6000000018299338137
Q133288745	6000000018001299399
Q133288773	6000000026352413655
Q133288777	6000000018299466037
Q133288791	6000000018299364199
Q133288827	6000000100748790821
Q133288848	6000000069261936064
Q133288916	6000000019151331773
Q133288918	6000000019168620789
Q133288927	6000000019168515284
Q133288929	6000000019169667364
Q133288933	6000000019169807009
Q133288936	6000000019169442525
Q133288937	6000000019169610564
Q133288945	6000000019169597871
Q133288947	6000000019169407274
Q133288950	6000000019169807220
Q133288952	6000000019169859072
Q133288959	6000000019169429357
Q133288982	6000000032198907540
Q133289108	6000000017780467841
Q133289162	6000000170298519831
Q133289164	6000000170298112955
Q133289204	6000000088758102897
Q133289207	6000000215944866892
Q133289252	6000000019169445690
Q133289253	6000000019169998388
Q133289268	6000000019151156550
Q133289271	6000000045221849839
Q133289274	6000000045222400834
Q133289277	6000000045221889853
Q133289278	6000000045221947876
Q133289281	6000000045222474823
Q133289290	6000000171746111906
Q133289304	6000000051480511866
Q133289320	6000000157528009834
Q133289321	6000000045013310824
Q133289335	6000000045223328895
Q133289336	6000000045013158901
Q133289341	6000000177476207857
Q133289345	6000000177475992875
Q133289346	6000000177476277840
Q133289361	6000000011324958917
Q133289365	6000000011325363950
Q133289386	6000000083376913259
Q133289411	6000000083376706361
Q133289419	6000000142611044821
Q133289420	6000000142610765834
Q133289426	6000000050838355067
Q133289617	6000000044394129066
Q133289707	6000000215943947828
Q133289710	6000000215943794840
Q133289726	6000000215943895822
Q133289745	6000000172295113837
Q133289746	6000000178360426866
Q133289747	6000000215941729825
Q133289858	6000000215941691821
Q133289910	6000000215941702821
Q133289911	6000000215941588829
Q133289934	6000000044394067003
Q133289935	6000000044394153890
Q133289964	6000000047825669731
Q133290010	6000000044379102464
Q133290013	6000000044379249264
Q133290029	6000000044379482951
Q133290030	6000000044379187319
Q133290032	6000000044379416022
Q133290034	6000000044379132523
Q133290071	6000000044378095024
Q133290074	6000000044378534233
Q133290078	6000000044378558256
Q133290080	6000000044378738355
Q133290081	6000000044378740377
Q133290099	6000000050749365281
Q133290102	6000000050750233867
Q133290123	6000000050750178845
Q133290184	6000000051515370832
Q133290195	6000000019146437745
Q133290197	6000000019146700312
Q133290201	6000000019146295878
Q133290204	6000000019146632239
Q133290210	6000000019146373989
Q133290211	6000000019146434844
Q133290213	6000000019146715330
Q133290215	6000000019146681534
Q133290216	6000000019146650288
Q133290217	6000000019146651568
Q133290218	6000000019145997935
Q133290219	6000000019145995893
Q133290594	6000000019150167880
Q133290609	6000000019147811806
Q1332927	6000000177689136821
Q133293953	6000000014948278450
Q1332940	6000000080007522498
Q1332941	6000000016497113753
Q133295735	6000000002803925175
Q133295806	6000000029513867560
Q133296025	6000000178782555896
Q133296054	6000000071305491831
Q133296273	6000000195791120828
Q133296936	6000000132350846036
Q133296991	6000000132351525880
Q133297178	6000000020299173911
Q133298883	6000000011536678981
Q133299088	6000000011537048397
Q133299684	6000000011536857920
Q133299685	6000000011536830851
Q1333	6000000000759410744
Q133300349	6000000011536719827
Q133300390	6000000011540350609
Q133300391	6000000011536604940
Q1333005	6000000071715920057
Q133300524	6000000011540371522
Q133300526	6000000011540370091
Q1333006	6000000060122964846
Q1333013	4948285482110111981
Q133302753	6000000028931281763
Q1333031	6000000037592571045
Q133304850	6000000011536864229
Q133304866	6000000011536735523
Q133305169	6000000011544966066
Q133305305	6000000011451168161
Q133305411	6000000011451285481
Q133305539	6000000176397667838
Q133305585	6000000176397660840
Q1333056	6000000044862624856
Q133305635	6000000011460893602
Q133305636	6000000011452468645
Q133305653	6000000215987859837
Q133305656	6000000215987956821
Q133305699	6000000176379284837
Q133305760	6000000215945297821
Q133305762	6000000018366271355
Q133306029	6000000155775881963
Q133306063	6000000011367607215
Q133306097	6000000003424904779
Q133306244	6000000002005359179
Q133306544	6000000019176890180
Q133306548	6000000019176759736
Q133306549	6000000044394487943
Q133306589	6000000013197442804
Q133306705	6000000130562196838
Q133307385	6000000034430702978
Q133307901	314501435030005328
Q133307935	6000000024169433759
Q133308016	6000000070608817896
Q133308251	6000000045037918644
Q133308251	6000000166002238154
Q133308426	6000000179972234906
Q133309062	6000000019482704516
Q133309153	6000000023250604518
Q133309168	6000000020104796336
Q133309183	6000000186290731933
Q133309226	6000000004180440806
Q133309309	6000000018930892371
Q133309575	6000000023288242229
Q133309631	6000000022483358809
Q133309636	6000000073810672890
Q133309691	6000000073810756830
Q133309695	6000000017625530098
Q133309704	6000000017625124551
Q133309716	6000000022483622902
Q133309822	4377308
Q133309833	6000000024787845534
Q133309875	6000000012526712541
Q133310086	6000000057166869928
Q133310258	6000000077251161561
Q133310666	6000000024788031877
Q133310666	6000000029236249833
Q133310704	6000000024788112831
Q133310797	6000000024787772352
Q133310797	6000000029235460074
Q133310848	6000000037146841298
Q133310873	6000000029235162206
Q133310873	6000000216326880831
Q133311237	6000000018047941685
Q1333118	6000000065940920825
Q1333126	6000000166020635859
Q133313	6000000008620036422
Q133313557	6000000141563758983
Q133313567	6000000141563577984
Q133313587	6000000164656920014
Q133313643	6000000164656180132
Q133314861	6000000029232724466
Q133317259	6000000218345089829
Q133318558	6000000018636005144
Q133318876	6000000018634419691
Q133319700	6000000034090803970
Q133319943	6000000034091152831
Q133319989	6000000034088504411
Q133320561	6000000200969701821
Q133320583	6000000003897410576
Q133321587	6000000029595601074
Q133322372	6000000018175599165
Q133322438	6000000018175484228
Q133322610	6000000051826276268
Q133322617	6000000019154079875
Q133323587	6000000014112859553
Q133324000	6000000173758081590
Q133324035	6000000173370642879
Q133324042	6000000173379732821
Q133324050	6000000173378948098
Q133324060	6000000174636917997
Q133324069	6000000174637118931
Q133324076	6000000174635482666
Q133324204	6000000173758430451
Q133324484	6000000132359811835
Q133324536	6000000135674033822
Q133324544	6000000135673375892
Q133324749	6000000050046650828
Q133324758	6000000050046548901
Q133324849	6000000205228073875
Q133326220	6000000014878282166
Q1333269	6000000001389004066
Q133327235	6000000017245814285
Q1333287	6000000025631521913
Q133331997	6000000029234692104
Q133332218	6000000018830875208
Q133334916	6000000172507237879
Q133336031	6000000042631091160
Q133337	6000000024206139934
Q1333385	4916683150970058665
Q1333386	6000000173217743910
Q1333398	6000000150909929859
Q1333404	6000000012343516234
Q133340477	6000000045038709832
Q1333425	6000000002923035636
Q1333440	6000000206165020287
Q1333547	6000000070206532946
Q1333575	6000000084624063829
Q1333577	6000000035914366354
Q1333582	6000000018687311373
Q133359031	6000000003516559967
Q133359039	6000000002905071017
Q133359041	6000000000689115707
Q1333600	6000000023883875596
Q1333635	6000000006080930502
Q1333636	6000000002764717462
Q1333643	6000000020611427015
Q1333648	6000000029937946577
Q1333649	6000000007014351357
Q133365174	6000000174717303093
Q133366125	6000000007014463721
Q133366682	6000000014194628720
Q1333668	6000000022940456810
Q1333671	6000000026524775391
Q1333684	6000000007562140718
Q1333687	6000000016191143950
Q1333697	6000000112295403822
Q133370416	6000000032492555462
Q133372	6000000000307280186
Q1333735	6000000073192606688
Q1333742	6000000026188766879
Q1333752	6000000054616280319
Q133375857	6000000014948825917
Q1333772	6000000023159399927
Q1333772	6000000025740686990
Q133379	6000000119434409833
Q133384209	6000000132406278273
Q133386	6000000017100212708
Q133386309	6000000001051993554
Q133387183	6000000184834235823
Q133387835	6000000092178274946
Q133392759	6000000030997833007
Q1333928	6000000008520034983
Q133393242	6000000039917414703
Q1333939	6000000027629967015
Q1333961	6000000012813501577
Q133396681	6000000039917685227
Q133398	6000000013000534512
Q133399928	6000000210165334832
Q1334012	6000000002498849985
Q133401236	6000000020094726802
Q133403103	6000000132469693922
Q133403917	6000000019265902881
Q133404363	6000000210265865822
Q1334047	6000000166013419671
Q1334054	6000000018120774772
Q133405920	6000000007014390826
Q133409352	6000000026781602614
Q1334102	6000000009663833992
Q1334115	6000000018153295649
Q133412425	6000000020059251391
Q133412452	6000000020059473231
Q1334150	6000000173608124833
Q133415200	6000000195859666844
Q133415457	6000000002802693493
Q133415490	6000000015591765219
Q1334171	6000000200117696833
Q133423506	6000000146221768886
Q1334252	6000000062734030861
Q1334282	6000000023870033822
Q1334295	6000000001660535247
Q1334312	6000000024077748945
Q1334384	6000000060750607837
Q133441314	6000000001972849319
Q133441314	6000000207117502821
Q133441348	6000000001983434281
Q1334428	6000000019000363915
Q1334440	6000000034249274014
Q133444038	6000000052589703821
Q1334444	6000000007225255753
Q133444410	6000000007444306641
Q133444853	6000000178889198911
Q133444856	6000000139302643835
Q133445407	6000000006127325400
Q133445408	6000000006127148734
Q133445409	6000000007634301480
Q133445410	6000000008348777747
Q1334461	6000000024400679716
Q1334470	6000000035886790055
Q133448049	6000000146209549001
Q133448053	6000000146208093450
Q133448081	6000000146209831955
Q1334483	6000000026539945334
Q1334493	6000000030069172094
Q133449615	6000000014925937119
Q133449948	6000000150605131834
Q133450087	6000000012156557559
Q133450087	6000000041632233438
Q133450438	6000000003088516569
Q1334513	6000000004015763383
Q133453891	6000000186457997856
Q133454307	6000000039917044940
Q133454400	6000000150605124821
Q133454583	6000000039917843446
Q133454584	6000000039917829422
Q133454585	6000000053262430936
Q133454586	6000000039917652780
Q133454850	6000000082555006516
Q133454985	6000000007272371622
Q133454991	6000000007104822463
Q133455047	6000000027580627077
Q133455118	6000000002463622956
Q133455140	6000000134994586025
Q133455157	6000000002453882427
Q133455217	6000000002463751840
Q133455570	6000000019633200232
Q1334556	6000000023692978006
Q133457100	6000000007370865515
Q133457101	6000000007385030861
Q133457216	6000000006443555474
Q1334576	6000000011611546228
Q1334578	6000000009897479026
Q133457804	6000000041326701021
Q133457865	6000000045969617046
Q133457918	6000000083672740719
Q133458335	6000000020320320166
Q133458557	6000000010433326297
Q133458585	6000000020338716043
Q133458590	6000000010433339598
Q133458594	6000000010433412518
Q133458663	6000000158048090830
Q133458676	6000000024915763037
Q133458676	6000000158047524874
Q133458686	6000000024915472139
Q133458687	6000000011253674061
Q133458688	6000000010113270449
Q133458696	6000000011253792479
Q133458701	6000000001384089264
Q133458702	6000000024915348318
Q133458703	6000000062024222940
Q133458930	6000000044283572943
Q133459707	6000000001389309354
Q133459714	6000000112873508959
Q133459715	6000000002324341770
Q133460078	6000000115253276955
Q1334601	6000000175805630859
Q1334602	6000000020421014430
Q133460206	6000000059547908881
Q133460220	6000000173905397992
Q133460249	6000000061516412898
Q133460263	6000000061515398947
Q133460480	6000000050835446919
Q133461449	6000000085826391893
Q1334617	6000000001903060010
Q133461717	6000000011295745356
Q133461990	6000000001389332318
Q133461994	6000000034175002807
Q133462173	6000000009116319527
Q1334632	6000000013596070806
Q133463694	6000000045457216975
Q133463694	6000000206165020281
Q1334637	6000000181952199833
Q133463893	6000000045457440836
Q133463948	6000000179642921894
Q133464247	6000000206165020062
Q133464518	6000000019478361230
Q133464529	6000000019469646619
Q133465	6000000015993085088
Q133465107	6000000009466110898
Q133465131	6000000076160266844
Q133465143	6000000115253357002
Q133465288	6000000016699893409
Q133465291	6000000016699772286
Q133465292	6000000016699699994
Q1334654	6000000040787511038
Q133465450	6000000077841325086
Q133465474	6000000077842021070
Q133465481	6000000077841595156
Q133465752	6000000011302661061
Q133465757	6000000011303232627
Q133465765	6000000011295823458
Q133465781	6000000109776158824
Q133465782	6000000002463890360
Q133465785	6000000004589356058
Q133465870	6000000037031722355
Q133465883	6000000024512282579
Q1334677	6000000107454145002
Q1334679	6000000099071628822
Q133468260	6000000103879774929
Q1334685	6000000012472999314
Q1334696	6000000014763405617
Q1334704	6000000111924581975
Q133470907	6000000016229207105
Q1334710	6000000057424635901
Q1334712	6000000013215205695
Q133471572	6000000016233505463
Q1334727	6000000021479342689
Q133473424	6000000025308037890
Q1334750	6000000013020181997
Q133475799	6000000072072358989
Q1334764	6000000043878672848
Q1334775	6000000015210902313
Q133477508	6000000018766187069
Q133478324	6000000019498466444
Q133478341	6000000019498337555
Q133478365	6000000019497792975
Q133478388	6000000019498473587
Q133478405	6000000019496665756
Q133478424	6000000019496386406
Q133478809	6000000071416471163
Q133478829	6000000071416461134
Q133478843	6000000026937819473
Q133478878	6000000026937618646
Q133478895	6000000026938070829
Q133478917	6000000026938619577
Q133478934	6000000026938999098
Q133478953	6000000026938740408
Q133478975	6000000026938557576
Q133478994	6000000026938837395
Q133479015	6000000026938778153
Q133479076	6000000026938525765
Q133479096	6000000019496470585
Q133479425	6000000071416647951
Q133479442	6000000071416414107
Q133479461	6000000071416239242
Q133479479	6000000071416732856
Q133479496	6000000071416417008
Q133479658	6000000050051630268
Q133479674	6000000050051771229
Q133481055	6000000019640710693
Q1334812	6000000072178354987
Q1334822	6000000008521586514
Q1334830	6000000028102411358
Q133484028	6000000005944481321
Q133484192	6000000005944542189
Q133484214	6000000005944568066
Q133484234	6000000004069266375
Q133484272	6000000002106376533
Q133484460	6000000005956033001
Q133484492	6000000005955638272
Q133484579	6000000005955983061
Q133484612	6000000003076410238
Q133484648	6000000003076417563
Q133484997	6000000014358148282
Q133485014	6000000014358271137
Q133485258	6000000006341210953
Q133485280	6000000002802748631
Q133485354	6000000000552077152
Q133485588	6000000007454339064
Q133485609	6000000000351000856
Q1334872	6000000145814359841
Q1334877	6000000029199789043
Q133489562	6000000048111610914
Q1334901	6000000140227007802
Q1334914	6000000079321451017
Q133492376	6000000079593790532
Q133497483	6000000085980123822
Q133497700	6000000000430886808
Q133497783	6000000022866463183
Q133497844	3724750
Q133499732	6000000024143887647
Q133499984	6000000124240106821
Q133500016	6000000016060467728
Q133500017	6000000016060352631
Q133500376	6000000206165020000
Q133501719	6000000016711734977
Q1335019	6000000043553671179
Q133502059	6000000042845052913
Q133502060	6000000014715171951
Q133502062	6000000014722904662
Q133502404	6000000014723455134
Q133502405	6000000014723375345
Q133502525	6000000021613092233
Q1335026	6000000009959090521
Q133502642	6000000014984365967
Q133502682	6000000081312558145
Q133502796	6000000012973947747
Q133502817	6000000205160339883
Q133502861	6000000015129480542
Q133502886	6000000015129584001
Q133502931	6000000015130030158
Q133503024	6000000011314195203
Q1335034	6000000016729418583
Q133503400	6000000024788885660
Q133504354	6000000008298914994
Q133504614	6000000156211630878
Q133505049	6000000114840213821
Q1335077	6000000176134136983
Q1335084	6000000089793784003
Q133511847	6000000218318034875
Q1335121	6000000014071536225
Q133513693	6000000011225344089
Q1335140	6000000032115522112
Q133514526	6000000215700167825
Q133514527	6000000014724206222
Q133514527	6000000215700256824
Q133514659	6000000014723968991
Q133514659	6000000215700724821
Q133514691	6000000024789183459
Q133514691	6000000184736241831
Q133514691	6000000215700638865
Q133514777	6000000078421044613
Q133514778	6000000066289751833
Q133514789	6000000068319851075
Q133514971	6000000078421721861
Q1335154	6000000022954209601
Q133516864	6000000022853262483
Q1335169	6000000006281044442
Q133517785	6000000010336239072
Q133517977	6000000023867944530
Q133519447	6000000018606513473
Q133519589	6000000150915498852
Q133519647	6000000018606292840
Q133519661	6000000013805927762
Q133519979	6000000027589643414
Q133520046	6000000084327933030
Q133520136	6000000014724060365
Q133520624	6000000107544104902
Q1335207	6000000065061573229
Q1335209	5295162894440050775
Q1335213	6000000014128911827
Q133521582	6000000107546243848
Q133521595	6000000107545619930
Q133521600	6000000107544415835
Q133521874	6000000013103352636
Q133521875	6000000013103046788
Q133521881	6000000013103407757
Q133521897	6000000011336761443
Q133521904	6000000011336672019
Q133521905	6000000138894194016
Q133521907	6000000138903235978
Q133521910	6000000138902211161
Q133521911	6000000133652134823
Q133522000	6000000012375796720
Q133522006	6000000011518628137
Q133522016	6000000014321149162
Q133522018	6000000012375576692
Q133522020	6000000011326849204
Q133522035	6000000011350205750
Q133522037	6000000011350035039
Q133522039	6000000019114452558
Q133522073	6000000011589634737
Q133522079	6000000044783632824
Q133522085	6000000157273626823
Q133522091	6000000011590064055
Q133522092	6000000011589896689
Q133522104	6000000012990231524
Q133522105	6000000012990552376
Q133522107	6000000041761869903
Q133522108	6000000041761836966
Q133522236	6000000024159067472
Q133522304	6000000014194513550
Q133523215	6000000044229415176
Q1335233	6000000024406500189
Q1335257	6000000036054699771
Q133527811	6000000217070639823
Q133528078	6000000187647862932
Q133528805	6000000017928855130
Q1335292	6000000136772097828
Q133529427	6000000057736716988
Q133529743	6000000017928895101
Q133531567	1957909
Q1335335	6000000002408001198
Q1335349	5353537626970087997
Q1335371	6000000019023301074
Q133538760	6000000039477451457
Q133538761	6000000039853691271
Q133539104	6000000034296665493
Q133539109	6000000039480336162
Q133539109	6000000215425633862
Q133539337	6000000033500700282
Q133539965	6000000020351388542
Q133539967	6000000024832577128
Q1335407	6000000020679327956
Q133543495	6000000019085426068
Q133544	6000000021751350023
Q1335443	6000000003949543426
Q133546858	6000000038556587008
Q1335536	6000000000774278887
Q1335544	384294857470006607
Q133556	6000000051286206860
Q133556245	6000000039466139078
Q1335618	6000000020277236195
Q1335620	6000000165994569301
Q1335632	6000000017619266534
Q133563303	6000000021248042047
Q133564030	6000000018405414598
Q133564969	6000000011725244419
Q133565988	6000000044502870999
Q133565989	6000000044503061970
Q133566080	6000000017633955957
Q133566080	6000000215785477849
Q133566081	6000000017633992272
Q133566985	6000000215785540828
Q133569032	6000000008779198701
Q133569488	6000000007462910565
Q133569489	6000000011298268914
Q133569497	6000000011298313424
Q133569498	6000000010836570683
Q133569508	6000000028765436734
Q133569522	6000000007294267170
Q133569638	6000000009246073884
Q133569655	6000000007416843363
Q133569668	6000000007416545407
Q133569676	6000000010830456535
Q133569712	6000000007416217870
Q133569716	6000000010830174765
Q133569720	6000000010830356585
Q133569723	6000000010829685228
Q133569739	6000000007498511368
Q133569754	6000000010830498655
Q133569766	6000000207100535822
Q133569780	6000000010830580511
Q133569891	6000000008342437926
Q133569907	6000000011851751423
Q133570182	6000000015215628981
Q133570640	6000000052937922094
Q133570959	6000000023376364158
Q133571982	6000000189038617875
Q1335728	6000000004005145520
Q133573006	6000000017449704539
Q133573930	6000000044502707931
Q133573930	6000000050134241886
Q133574001	6000000029497067081
Q133574123	6000000050134342855
Q133574123	6000000133418719838
Q133574192	6000000006127174973
Q133574200	6000000006127177233
Q133574383	6000000006127177253
Q133574661	6000000044499489653
Q133575247	6000000085099895844
Q133575501	6000000015375859965
Q133575710	6000000024657376650
Q133575712	6000000022953261908
Q133575713	6000000022953077221
Q133575777	6000000014191784266
Q133575873	6000000044498977567
Q133576387	6000000017964609125
Q133576418	6000000018233501027
Q133576881	6000000175967998920
Q133577081	6000000044500171420
Q133577868	6000000072717384500
Q133578	6000000056223332991
Q1335782	6000000083152974289
Q133578398	6000000185570845836
Q1335786	6000000025665749170
Q133578675	6000000011530146544
Q133578822	6000000044500628945
Q1335793	6000000113332178833
Q133579308	6000000192810739831
Q133579748	6000000013158970309
Q1335798	6000000029284521253
Q133580512	6000000009127305886
Q1335808	6000000067110835856
Q133581070	6000000044499583657
Q133582163	6000000013513353341
Q133583302	6000000013234910917
Q133584544	6000000041388820934
Q133585365	6000000080837871655
Q1335876	6000000003146861604
Q13358836	6000000084249167832
Q1335886	6000000202872869827
Q133588991	6000000007210432692
Q133590378	6000000002278454550
Q133591801	6000000029344215848
Q133593025	6000000023996136655
Q133593052	6000000019371701927
Q13359415	6000000176787199867
Q1335952	6000000162037571972
Q1335955	6000000031089129559
Q13359612	6000000004326529669
Q1335971	6000000039761081734
Q133597702	6000000020842431189
Q13359989	6000000075791719821
Q1336001	6000000031022755622
Q1336006	6000000027260668221
Q1336009	6000000055310850821
Q13360123	6000000002188601218
Q133602176	6000000043664508049
Q1336023	6000000000007426189
Q1336024	6000000028503451283
Q1336025	6000000026452138319
Q133602871	6000000031873378597
Q133603649	6000000086126633942
Q1336043	6000000029980642653
Q13360556	6000000086172811871
Q1336057	6000000017259647102
Q1336059	6000000006951028003
Q13360633	6000000012360766383
Q13360635	6000000003611906685
Q13360755	6000000204551962170
Q13360775	6000000033316528127
Q13360805	6000000050124296997
Q13360807	6000000020239030583
Q1336084	6000000014441101195
Q133609198	6000000206973393822
Q1336114	6000000004934114772
Q133611524	6000000014677459958
Q1336122	6000000129055102828
Q1336128	6000000032482457250
Q1336138	6000000140693002196
Q133614	6000000015540992420
Q13361427	6000000076976430721
Q1336144	6000000058946493379
Q133614787	6000000006909947181
Q1336159	6000000065744020986
Q1336181	6000000025845689355
Q1336197	6000000028583625924
Q1336216	6000000011516563285
Q1336218	6000000023069412250
Q133622	6000000000877331166
Q13362204	6000000012360926072
Q133622065	6000000021928687852
Q1336253	6000000009027469357
Q13362657	6000000018070730572
Q1336268	6000000019398233553
Q1336279	6000000185625663881
Q133628450	376434937320005820
Q1336285	6000000015084851003
Q133628842	6000000215364201829
Q133629696	6000000026965109951
Q1336298	6000000026121170049
Q1336307	6000000022450917834
Q133631	6000000084405451532
Q1336319	6000000029029648506
Q133632358	6000000006096599647
Q1336325	6000000001741747716
Q133632992	6000000029665135946
Q133633472	6000000014067552759
Q1336362	6000000039763017822
Q133636632	6000000020042317086
Q1336375	6000000017068852727
Q1336380	6000000001782411211
Q1336386	6000000083700190020
Q133640527	6000000037670098980
Q133641138	6000000030971866185
Q1336433	6000000024787631366
Q1336445	6000000010629576762
Q1336447	6000000034498366427
Q1336463	6000000020289687661
Q133647273	6000000012798027300
Q133648927	6000000019743569511
Q1336492	6000000000454700059
Q133649272	6000000190454720601
Q1336497	6000000174166953864
Q1336501	6000000178578758827
Q133650110	6000000009797461615
Q133650130	6000000011165867546
Q133650150	6000000011164503044
Q1336515	6000000069985741406
Q1336520	6000000037598639930
Q133652102	6000000013060251940
Q1336531	6000000179259672885
Q133657	6000000006595324450
Q13365718	6000000084318609838
Q1336572	6000000013623601654
Q13365742	6000000168139420840
Q133658051	6000000031879205526
Q1336597	6000000083220520883
Q133661416	6000000004535309284
Q1336627	6000000069471765856
Q1336641	6000000031728476186
Q1336655	6000000119320823934
Q1336659	6000000059991693047
Q1336678	6000000062911365929
Q1336680	6000000035503963130
Q133669966	6000000004990535625
Q1336716	6000000050238253898
Q1336717	6000000073137804955
Q1336726	6000000014895389043
Q133672669	6000000180096650850
Q1336727	6000000019060614981
Q1336730	6000000177354293852
Q1336734	6000000007515895380
Q133675836	6000000011876347084
Q133676492	6000000007013958064
Q1336770	6000000032325601821
Q133678293	6000000059228054951
Q1336784	6000000039203126969
Q133682	6000000049600870371
Q13368230	6000000075252957952
Q13368256	6000000031043572275
Q133682784	6000000008419569477
Q1336837	6000000027206105106
Q1336853	320479569550002277
Q1336856	6000000007014376677
Q1336862	6000000019540648732
Q1336883	6000000019441874001
Q1336900	6000000017641181566
Q133690668	6000000008673141555
Q133690786	6000000068742838904
Q133690808	6000000068742969922
Q133690894	6000000019151621506
Q1336909	6000000009362620838
Q133693419	6000000000701543806
Q1336936	6000000022510822579
Q133693842	6000000019152088020
Q133693864	6000000019151658925
Q133693888	6000000019152062123
Q1336939	6000000079105124356
Q133693984	6000000050096439863
Q1336951	6000000013752146439
Q133695164	6000000068783246846
Q133695183	6000000068783235846
Q133695205	6000000068783185920
Q133695225	6000000068783246874
Q133695714	6000000045620305876
Q133695733	6000000068783161822
Q133695942	6000000068744776854
Q133696084	6000000071435667243
Q133696085	6000000039998280756
Q133696090	6000000092706580183
Q133696092	6000000022572219262
Q133696106	6000000019151953482
Q133696110	6000000019151775300
Q133696141	6000000019151532918
Q133696146	6000000019152005204
Q133696208	6000000019152211221
Q133696249	6000000019151662730
Q133696261	6000000068898904920
Q133696265	6000000068899105837
Q133696268	6000000068897545630
Q133696298	6000000068899103887
Q133696317	6000000068898330043
Q133696321	6000000068898598896
Q133696325	6000000068898118118
Q133696342	6000000068899286896
Q133696381	6000000040034284959
Q133696382	6000000040034104240
Q133696383	6000000040034257936
Q133696385	6000000040034247949
Q133696386	6000000040034145165
Q1336964	6000000084530834007
Q133697494	6000000177319875861
Q133697523	6000000177319094869
Q133697524	6000000177319958821
Q133697525	6000000013049206698
Q133697547	6000000177319384883
Q133697551	6000000177320261847
Q133697604	6000000014144902454
Q133697620	6000000107040482953
Q133697621	6000000107040775833
Q133697623	6000000107039534105
Q133697624	6000000107040722842
Q133697625	6000000107040238963
Q133697626	6000000107040703821
Q133697629	6000000107040313913
Q133697632	6000000107040187919
Q133697635	6000000107040454841
Q133697637	6000000107040473842
Q133697640	6000000107040392833
Q133697641	6000000107039881922
Q133697643	6000000107040070858
Q133697644	6000000107037339339
Q133697645	6000000107040007857
Q133697646	6000000107039713898
Q133697649	6000000107038636045
Q133697651	6000000107039662859
Q133697653	6000000107039775825
Q133697654	6000000107039619871
Q133697657	6000000107039228880
Q133697658	6000000107038990998
Q133697661	6000000107038884954
Q133697662	6000000107039116982
Q133697664	6000000107039353886
Q133697668	6000000107039037938
Q133697674	6000000107039514846
Q133697677	6000000107039568826
Q133697678	6000000107038921910
Q133697682	6000000107039348843
Q133697684	6000000107038533994
Q133697685	6000000107039261866
Q133697725	6000000107039398858
Q133697726	6000000107038635041
Q133697729	6000000107038864839
Q133697730	6000000107037172225
Q133697904	6000000052834374919
Q133698015	6000000000548287878
Q1336982	6000000076634567829
Q133698296	6000000019372118457
Q133698497	6000000001995102200
Q133698567	6000000041722106844
Q13369882	6000000002900607143
Q1336993	6000000030064325043
Q1336998	6000000142904164906
Q1337002	6000000093239936823
Q1337005	6000000014893023706
Q1337037	6000000021776490926
Q1337040	6000000029996843807
Q1337068	6000000027252148140
Q1337080	6000000123267235889
Q1337088	6000000011962803410
Q1337091	6000000056022391834
Q133709146	6000000027988193615
Q1337092	6000000079322262170
Q1337094	6000000030728183839
Q1337095	6000000006444144401
Q1337096	6000000005599001308
Q1337104	6000000012941293216
Q13371047	6000000008210929981
Q13371078	283934314630007217
Q1337113	6000000041255482122
Q13371164	6000000077999255073
Q1337123	6000000023851372563
Q1337125	6000000077225865787
Q1337127	6000000054620484969
Q1337129	6000000041518348058
Q1337152	6000000017207410515
Q133715521	6000000010031760234
Q133715532	6000000010031605985
Q133715757	6000000012507272509
Q1337159	6000000040632496107
Q1337168	6000000178915895826
Q13371708	6000000034647051189
Q133720	6000000006783081300
Q1337219	6000000182774307827
Q1337236	6000000025595039834
Q1337278	6000000015634596164
Q1337281	6000000019024737377
Q133728492	6000000003827497731
Q133728932	5542197998920127129
Q133729005	6000000009477157325
Q133729067	6000000018709560117
Q133729079	6000000200126070821
Q133729098	6000000018709365219
Q133729347	6000000018708786653
Q133729948	6000000018708397885
Q133730	6000000003088207806
Q133730070	6000000000250159207
Q133730072	6000000002302226089
Q133730081	6000000002073404097
Q133730084	6000000004058500253
Q133730172	5542177730730115488
Q133730176	6000000103427681053
Q133730231	5542177710550115482
Q133730377	6000000141843017428
Q133730393	6000000039465284938
Q133730493	6000000010695205234
Q133730499	6000000001842993179
Q1337305	6000000008435352008
Q133730500	6000000010051434829
Q133730502	6000000010051678295
Q133730508	6000000010694530152
Q133730509	6000000003937800062
Q133730511	6000000003937800049
Q133730656	6000000007522162658
Q133730659	6000000010001701417
Q133730665	6000000010695308283
Q133730728	6000000029664252495
Q133730735	6000000029664360187
Q133730759	6000000010810743267
Q133730927	6000000037381500316
Q133731102	6000000044364588890
Q133731103	6000000044364625872
Q133731104	6000000044364083390
Q133731107	6000000044364336106
Q133731108	6000000019169699586
Q133731239	6000000019385340060
Q133731247	6000000013929547449
Q133731250	6000000013929444442
Q133731629	6000000024972097227
Q133732186	6000000071883513065
Q133732196	3738947
Q133732211	6000000071881469828
Q1337324	6000000011029304343
Q1337326	6000000036645641025
Q133732948	6000000008531704277
Q133733097	6000000187487551913
Q1337332	6000000175676287858
Q133733501	6000000019372089318
Q133734338	6000000043438712284
Q1337360	6000000041539076345
Q1337361	6000000021568173441
Q133737	6000000072425993055
Q1337389	6000000001481810190
Q13374059	341203311820012890
Q1337406	6000000136977891876
Q1337422	6000000173897155788
Q1337425	6000000078505768048
Q133742763	6000000000307730333
Q13374403	6000000114838319823
Q1337459	6000000047588138851
Q1337460	6000000036711912085
Q1337465	6000000143244061843
Q133747	6000000014058025212
Q1337475	6000000008688235564
Q133747997	6000000215821417821
Q13374811	6000000064155546036
Q133748820	6000000023418484802
Q133749424	6000000216830659841
Q1337499	6000000024049389541
Q133750861	6000000016485975714
Q133752	6000000002188456951
Q133752206	6000000218067591821
Q13375224	6000000128591871835
Q133753092	6000000032709440040
Q133753191	6000000014979933788
Q133755161	6000000020378016365
Q133756460	6000000031276490940
Q133756470	6000000044500173847
Q133756507	6000000044499509556
Q133756507	6000000045907012235
Q133756641	6000000018708584844
Q133756661	6000000062309643007
Q133756676	6000000062440021916
Q133756944	6000000070669767533
Q133757010	6000000018708309918
Q133757153	6000000030329485425
Q133757531	6000000031960857937
Q13375806	6000000006314391002
Q1337584	6000000015661513640
Q133758988	6000000015185223933
Q133759062	6000000010592455215
Q133759514	6000000002300482581
Q133759574	6000000215821724821
Q133759724	4587106338860032053
Q133759789	4595460720290043001
Q133759809	6000000044500063967
Q133759935	6000000002419393382
Q13375996	6000000005560027000
Q133760161	6000000000094826780
Q13376018	6000000019230955347
Q1337605	6000000059408747919
Q1337607	6000000032215565158
Q1337618	6000000011260774304
Q133762115	6000000032995524718
Q133762700	6000000024971803461
Q133762849	6000000207812615844
Q1337629	6000000054110877877
Q1337635	6000000136522748887
Q1337643	6000000015140789201
Q133764856	6000000036555102795
Q133765504	6000000018707284704
Q133765756	6000000018709315534
Q1337696	6000000006127719480
Q133770329	6000000019371698974
Q133771696	6000000021707265104
Q1337721	6000000116516732026
Q1337725	6000000013601668605
Q13377277	6000000003197535521
Q1337730	6000000156257396821
Q1337741	4085506086730125361
Q133776079	6000000036948331623
Q1337761	6000000080738851061
Q1337762	6000000032411027088
Q133777206	6000000073350988887
Q1337775	6000000019072746841
Q13377797	6000000040445135821
Q13377803	6000000012090685244
Q1337814	6000000060835457840
Q1337832	6000000181285768821
Q1337848	6000000026337600762
Q133787	6000000136845566044
Q1337877	6000000026053957843
Q1337935	6000000174197849980
Q133794314	6000000217581630856
Q133794487	6000000215821417838
Q1337948	6000000086234862010
Q1337954	6000000007846177746
Q1337955	6000000024074648854
Q133796188	6000000089699764838
Q133796224	6000000208890250853
Q133796318	6000000208890512847
Q133796335	6000000208911206821
Q133796430	6000000000266176253
Q133796431	6000000003209182073
Q133796433	6000000003209107789
Q133796445	3128066
Q133796446	3128084
Q133796450	3137573
Q133796451	3137588
Q133796453	3137599
Q133796460	6000000014608225777
Q133796469	6000000208990562823
Q133796486	6000000208990555837
Q133796628	6000000213083830826
Q133796756	6000000017659365698
Q133797074	6000000000832778576
Q133797127	6000000010982770347
Q133797128	6000000015365839426
Q133797129	6000000015365894774
Q133797166	6000000018981296897
Q133797168	6000000018982505341
Q133797169	6000000018994129801
Q133797170	6000000018992623791
Q133797171	6000000018982698160
Q133797172	6000000016052059818
Q133797173	6000000030850268527
Q133797174	6000000011569906842
Q133797175	6000000031562284863
Q1337974	6000000014607327181
Q133797561	6000000071228871942
Q133798391	6000000185383407946
Q1337989	6000000178271313849
Q133800748	6000000019371990790
Q133802164	6000000010764193145
Q133802610	6000000014877267224
Q133802612	6000000014877266252
Q133802613	6000000014877320303
Q133803021	6000000185383841957
Q133803620	6000000014084178526
Q1338039	6000000022309878617
Q133804338	6000000014539682430
Q133804390	6000000017515395040
Q133804420	6000000074763757069
Q13380449	6000000137611610264
Q133804751	6000000010421492020
Q133804775	6000000010421142582
Q133804800	6000000004974690165
Q133804836	6000000010421205810
Q133805182	6000000017670605785
Q133805183	6000000038627298692
Q133805185	6000000003940733723
Q133805298	6000000020560718509
Q133805301	6000000011637848003
Q133805308	6000000011635382178
Q133805373	6000000018013893004
Q133805406	6000000020560873011
Q133805464	6000000018013856520
Q133805466	6000000011634508793
Q133806311	6000000220644929854
Q133806608	6000000213462414821
Q133806613	6000000220637014850
Q133807458	6000000019276831471
Q133807654	6000000019276808060
Q133807734	6000000021418858253
Q133808	6000000006277496997
Q133808142	6000000014058060768
Q133809078	6000000015507688032
Q133809315	6000000026449522567
Q133809361	6000000195220071893
Q133809382	6000000018777000855
Q133809401	6000000015854316123
Q133809404	6000000018013624187
Q133809430	6000000016142167885
Q133809441	6000000019458980057
Q133809448	6000000019458804535
Q133809477	6000000019452802650
Q133809478	6000000011335596151
Q133809489	6000000019458734783
Q133809507	6000000142091047871
Q133809513	6000000142090626918
Q133809516	6000000148719853836
Q133809525	6000000011726384061
Q133809527	6000000011333251539
Q133809532	6000000013331150324
Q133809534	6000000011333347477
Q133809558	6000000011727159189
Q133809559	6000000011727361498
Q133809562	6000000142089257113
Q133809567	6000000011727371826
Q133809579	6000000018606019745
Q133809607	6000000019384513294
Q133809608	6000000019372199268
Q133809658	6000000011361169212
Q133809728	6000000001179989730
Q133809962	6000000044800824900
Q133810162	6000000185383657912
Q1338103	6000000000466382966
Q1338104	6000000010722669036
Q133812489	6000000025753504161
Q133812494	6000000019106232741
Q133812497	6000000025753351780
Q133812498	6000000018014323684
Q1338128	6000000024694723103
Q133813090	6000000026449838448
Q133813156	6000000026449637613
Q133813593	6000000054764286833
Q133813606	6000000171744626249
Q133813619	6000000171745936081
Q133813632	6000000171746300143
Q133813646	6000000171744909252
Q133813660	6000000171745688217
Q133813674	6000000171746790851
Q133813929	6000000054781164825
Q133813943	6000000054781282823
Q133813986	6000000054781379828
Q133815062	6000000010431991614
Q133815132	6000000014979843657
Q133815132	6000000212948325823
Q133815187	6000000019205935857
Q133815431	6000000077067978081
Q133816097	6000000057052419868
Q133816480	6000000028377209239
Q1338170	6000000007289279905
Q133819566	6000000007282577525
Q133819624	6000000091634130947
Q133819628	6000000054764286822
Q133820	6000000049096477155
Q133820313	6000000058482089077
Q133820431	6000000081495400223
Q133820530	6000000022389769559
Q133820691	6000000204426662856
Q1338208	6000000008007184385
Q133821196	6000000055188241067
Q1338212	6000000111865834848
Q133821599	6000000019412097812
Q133821612	6000000019412097817
Q1338219	6000000015843185243
Q133821934	6000000017625895353
Q13382231	6000000010414759940
Q133822791	6000000036136996403
Q1338231	6000000017757726092
Q133823222	6000000141033595335
Q133823500	286782918940001734
Q133823619	286782629720006076
Q133823632	6000000176832835824
Q133823680	6000000001831231189
Q133823809	6000000006127542837
Q133824466	6000000022670137660
Q133824478	6000000014943606908
Q133824482	6000000018707173963
Q133824484	6000000022670396681
Q133824532	6000000177169377843
Q133824545	6000000018457642135
Q133824554	6000000212987997823
Q133824578	6000000037477689466
Q133824605	6000000188053889838
Q133824627	6000000016749526289
Q133824638	6000000019152038483
Q133824654	6000000214158195823
Q133824736	6000000022670505195
Q133824778	6000000022670526384
Q133824779	6000000022670642945
Q133824861	6000000015399092017
Q133824877	6000000024949923001
Q133825112	6000000022670607141
Q133825154	6000000002149671094
Q1338252	6000000002739518102
Q133825207	6000000003352561399
Q133825219	6000000017190582943
Q133825276	6000000008788618801
Q133825281	6000000022670614120
Q133825282	6000000022670170796
Q133825330	6000000022670608273
Q133825331	6000000022670215720
Q133825332	6000000022670217756
Q133825433	6000000041340307016
Q133825602	6000000006265012082
Q133825607	6000000006264987188
Q133825802	6000000050796221883
Q133826031	6000000026203168116
Q133826033	6000000026203029151
Q133826823	6000000014777524563
Q133826824	6000000203783566821
Q133826986	6000000211068100830
Q133827040	6000000211068055823
Q133827052	6000000211068082828
Q133827200	6000000079285913946
Q1338273	6000000054029221903
Q13382831	6000000061825532888
Q133828549	6000000003827708868
Q1338287	6000000025954874504
Q133829634	6000000019774798942
Q133829817	6000000023047794149
Q13382989	6000000003872928299
Q133829958	6000000022555183352
Q133830	6000000010573292553
Q133830455	6000000147314269829
Q133830463	6000000147313604853
Q133830502	6000000013029578971
Q133830611	6000000013029616578
Q13383097	6000000002188601757
Q133831057	6000000036485282898
Q133831954	6000000014912982806
Q133832	6000000007025180059
Q13383288	6000000003873026263
Q133833424	6000000053596130971
Q133833474	6000000053596615893
Q133833492	6000000053594322247
Q13383454	6000000054200918962
Q13383465	6000000014604630693
Q133834834	6000000053596184025
Q133835229	6000000013029655502
Q133835243	6000000078591547995
Q133835439	6000000034913392029
Q133835654	474420
Q133835661	6000000024830612100
Q133835664	6000000024830599215
Q133835705	6000000041556755965
Q133835706	6000000019777763510
Q133835762	6000000184870835865
Q133836	6000000024261884821
Q133836145	6000000003170399807
Q133836460	6000000015495561102
Q133836463	6000000187639602880
Q133836924	6000000018024294436
Q133837301	6000000015437439759
Q1338374	6000000007621323102
Q133837432	6000000054383086821
Q13383751	6000000040728242271
Q133837526	6000000063114840973
Q133837844	6000000063114826927
Q133838166	6000000200308031851
Q1338409	5449304147690035760
Q133842378	6000000013734755787
Q133842407	6000000006802748484
Q133842427	6000000187630893828
Q13384259	6000000002188601780
Q133842741	6000000217584944823
Q133842767	6000000217584963826
Q133842768	6000000217584966831
Q133842782	6000000217585030823
Q133842933	6000000048887204839
Q133843424	6000000085334088845
Q1338438	6000000050453856845
Q1338445	6000000023879877661
Q13384450	6000000009600876035
Q13384560	6000000006953784181
Q1338457	6000000172479345989
Q133846	6000000005061899433
Q13384606	6000000014604778000
Q133846408	6000000019455457409
Q133846420	6000000034894194021
Q133846562	6000000199102733832
Q133846745	6000000003040511244
Q133846827	6000000003040511239
Q13384734	6000000023067696220
Q133847914	6000000004642262109
Q133847964	6000000001094176634
Q133849176	6000000026351733835
Q133850541	6000000012389640310
Q133850559	6000000012462433550
Q133851114	6000000051094621821
Q133851330	6000000034894258859
Q133851364	6000000034895327633
Q1338519	6000000021931491050
Q133852049	6000000057351158893
Q133852243	6000000001094176616
Q133852563	6000000001920481133
Q13385336	6000000010678716143
Q133853573	6000000022105254097
Q133854711	3960829851690077701
Q133854755	6000000002390045596
Q133854897	6000000021239541555
Q133855	6000000019670692602
Q133855100	6000000016750975272
Q13385563	6000000014548292960
Q133856408	6000000049972511948
Q133856851	6000000027516193916
Q133857012	6000000070010010830
Q133857028	6000000079508160902
Q133857086	6000000021890525966
Q133857122	6000000050335628916
Q133857154	6000000010172646348
Q133857171	6000000028336755323
Q133857186	6000000024636276931
Q133857335	6000000028594705173
Q133857410	6000000030628463122
Q13385776	6000000014698867382
Q133858003	6000000028588092257
Q133858011	6000000028376091669
Q133858104	6000000211073715821
Q133858105	6000000211073604832
Q133858108	6000000186832511914
Q133858113	6000000211073629834
Q133858152	6000000186519057867
Q133858153	6000000186519247821
Q133858154	6000000186518957854
Q133858156	6000000186518190828
Q133858160	6000000186519147889
Q133858180	6000000186519212823
Q133858185	6000000019169662587
Q133858356	6000000008894576821
Q133858362	6000000069711318825
Q133858389	6000000019089574341
Q133858399	6000000019114423139
Q133858980	6000000019866908230
Q133858992	6000000034623780362
Q133859004	6000000179228309849
Q133859074	6000000179228917822
Q133859153	6000000179229117827
Q133859298	6000000007884319379
Q133859328	6000000021030764280
Q133859527	6000000000169005409
Q133859621	6000000018794901418
Q13386060	6000000014217680122
Q133861067	6000000013434453772
Q133861236	6000000021049732500
Q133861237	6000000018022404266
Q133861240	6000000018022342078
Q133861243	6000000018022344369
Q133861245	6000000021260957953
Q133861246	6000000021260957959
Q133861247	6000000021260536739
Q133861248	6000000018021858929
Q133861249	6000000018022342084
Q133861250	6000000021049710601
Q133861261	6000000018022416041
Q133861262	6000000022915295550
Q133861263	6000000018050520818
Q133861264	6000000018050583300
Q133861282	6000000021260940003
Q133861284	6000000021260725531
Q133861449	6000000031775845332
Q133861582	6000000031775846130
Q133861583	6000000181621886827
Q133861584	6000000031775298637
Q133861603	6000000000112339149
Q133861613	6000000000572409607
Q133861614	6000000000370083051
Q133861619	6000000013460485415
Q133861620	6000000013460581103
Q133861622	6000000000380824455
Q133861623	6000000000370101128
Q133861624	6000000002927375671
Q133861626	6000000001389319450
Q133861630	6000000013460254765
Q133861871	6000000016156446688
Q133862443	6000000014677636076
Q133862444	6000000014677625076
Q133862487	6000000014677621065
Q133862503	6000000014677446352
Q133863157	6000000010972165848
Q133863175	6000000073596563339
Q1338635	6000000003084532244
Q133863553	6000000038358912941
Q133863562	6000000038357823597
Q133863591	6000000018915182135
Q133863846	6000000018568361863
Q133863945	6000000017983843669
Q133864009	6000000021029706681
Q133864669	6000000026203109086
Q133864671	6000000016767432616
Q133864680	6000000016767514295
Q133864682	6000000021274398763
Q133864683	6000000025528693632
Q133864684	6000000035244857197
Q133864685	6000000003085781792
Q133864687	6000000000888063376
Q1338647	6000000023695119755
Q133864858	6000000002688899838
Q133864872	6000000175999342855
Q133865728	6000000018968356272
Q133865810	6000000042495967475
Q133865814	6000000093940443953
Q133865817	6000000042496257108
Q133865819	6000000205199045849
Q133865827	6000000012890492808
Q133865836	6000000020748843081
Q133865843	6000000020748694742
Q133865847	6000000020748816228
Q133865891	6000000087828760210
Q133865897	6000000049920787835
Q133865934	6000000049897133935
Q133865945	6000000049897654829
Q1338660	6000000024224227305
Q133866198	6000000000658152390
Q133866329	6000000034319392102
Q133867391	6000000009630080980
Q133867398	6000000009630080977
Q133868492	6000000019704316020
Q133868596	6000000193039900826
Q133868884	6000000026341762351
Q133869017	6000000015506446044
Q133869026	6000000031775936857
Q133869035	6000000043113514852
Q133869041	6000000043120737259
Q1338693	6000000034219059348
Q133869470	6000000011040325991
Q133869472	6000000017406152575
Q133869473	6000000017406417832
Q133869477	6000000010750272246
Q133869524	6000000078307397848
Q133869949	6000000076898216936
Q133870	6000000000018512053
Q133870248	6000000117745777856
Q1338709	6000000021345357431
Q133871029	6000000018608771653
Q133871079	6000000027937714382
Q133871372	6000000031276167973
Q133871426	6000000084965473899
Q133871531	6000000018610613752
Q133871635	6000000017405615650
Q133871705	6000000041180011003
Q133872079	6000000014876905877
Q1338730	6000000017300253528
Q133873601	6000000002911543162
Q133873670	6000000002141660347
Q133874160	6000000014885228368
Q1338744	6000000000007451168
Q133874537	6000000033278022899
Q133874544	6000000033277793863
Q133874636	6000000027540572061
Q133874916	6000000009838073531
Q133875466	6000000009837457685
Q133876008	6000000020599454130
Q133876138	6000000020599168649
Q1338763	6000000183400069175
Q133876551	6000000021721979872
Q133876570	6000000056967375906
Q133876688	6000000020922652603
Q133876816	6000000017964692601
Q133876889	6000000006017432002
Q133876932	6000000017405410794
Q133877	6000000019020238495
Q133877498	6000000030994426956
Q133877550	6000000025165669052
Q133877738	6000000017399795916
Q133878305	6000000029012267405
Q133878820	6000000019664388599
Q133879065	6000000032624507977
Q133879074	6000000032624566931
Q133879547	6000000209873884838
Q133879856	6000000034624039754
Q1338802	6000000008091508804
Q133880225	6000000014927600091
Q133880389	6000000080760591821
Q133880389	6000000191400533839
Q133880506	6000000032624991878
Q133881098	6000000015754692194
Q133883081	6000000021836400794
Q133883142	6000000018822714757
Q133883205	6000000039096398025
Q133883373	6000000031834098939
Q133883388	6000000031834150837
Q133883458	6000000011790399804
Q133883475	6000000037776326652
Q133883495	6000000025417456995
Q133883523	6000000053127179133
Q133883533	6000000017405450904
Q1338858	6000000048872150890
Q133885971	6000000006127598258
Q133886183	6000000012320849625
Q133886364	6000000030797978082
Q133886365	6000000030797664537
Q133886406	6000000016748908994
Q133886415	6000000015591700792
Q133886752	6000000036325262033
Q133886921	6000000118402904821
Q133888020	6000000079288108898
Q133888042	6000000114711970874
Q133888049	6000000079306185339
Q133888078	6000000175655764830
Q13388825	6000000008425372799
Q133889027	6000000010373070935
Q133889222	6000000025689265283
Q1338906	6000000042188008248
Q1338912	6000000032211801348
Q133891257	6000000001474262967
Q133891316	6000000159225321903
Q133891449	6000000002677753972
Q133892058	6000000031776416156
Q133892282	6000000045865186907
Q133893351	6000000020467459362
Q13389338	6000000013743975434
Q133893569	6000000031816415998
Q133893574	6000000031817028295
Q1338940	6000000037080264592
Q133894021	6000000018964888010
Q133894081	6000000017890495548
Q133894556	6000000014980257038
Q133894630	6000000028068635455
Q133894815	6000000014979979681
Q133894973	6000000050701147117
Q133894978	6000000009103150727
Q13389513	6000000190649280822
Q133895218	6000000022105289162
Q133895270	6000000031251744645
Q133895328	6000000031390621071
Q133895367	6000000031412359084
Q133895400	6000000031412468380
Q133895462	6000000219171478046
Q133895642	6000000040844752849
Q133895678	6000000040844714842
Q1338965	6000000024092744872
Q13389658	6000000014663402815
Q133896752	6000000001782356056
Q133896988	6000000036623475888
Q133897025	6000000014441036015
Q1338972	6000000111739338973
Q1338975	6000000016465954441
Q133897706	6000000008591504955
Q133897835	6000000014058360477
Q13389803	6000000021110261544
Q133898077	6000000008592024705
Q1338981	6000000053389001843
Q13389817	6000000006589195190
Q1338987	6000000023410810994
Q1338991	6000000039617973078
Q1338996	6000000040209848890
Q1339	6000000008174402366
Q13390004	6000000145017910943
Q1339001	6000000066490667851
Q13390027	6000000016422458961
Q1339020	6000000026188324666
Q1339022	6000000085539423257
Q133903	6000000183959388857
Q13390410	6000000000903584076
Q133905765	6000000004097649780
Q133905775	6000000016563647735
Q1339072	6000000025169899244
Q133912	6000000042712628829
Q1339153	6000000000622706447
Q13392128	6000000015219798141
Q13392281	6000000020574465881
Q13392511	6000000002188444779
Q133926631	6000000010349360199
Q133928651	6000000041842004230
Q133928760	6000000006147524910
Q13392912	6000000002188468376
Q133930626	6000000019872897501
Q133930671	6000000040610998001
Q133931043	6000000114488635822
Q13393127	6000000061536221891
Q133932397	6000000013929894435
Q133932587	6000000013932842908
Q133932756	6000000077550967983
Q133933196	6000000167085205849
Q133933509	6000000167107937994
Q133934240	6000000167116963821
Q133934369	6000000015652029049
Q1339344	6000000056231168874
Q133934594	6000000040610872583
Q133934617	6000000078483967687
Q133934798	6000000027377298062
Q133934857	6000000027377261268
Q133934876	6000000027376721658
Q133934912	6000000049184882090
Q133934917	6000000145251267855
Q1339380	6000000070714470202
Q1339382	6000000028546459463
Q1339383	6000000003293925133
Q1339411	6000000057127517914
Q133946548	6000000017282401202
Q133947	6000000041367661991
Q13394928	6000000013184910497
Q1339500	6000000049824769288
Q1339509	6000000102698320825
Q133954161	6000000149623306923
Q133956934	6000000014912812637
Q133956937	6000000036363285003
Q1339597	6000000002991154847
Q133960280	6000000012212684679
Q133963001	6000000012546748768
Q133963054	6000000014945434133
Q133963054	6000000174720152845
Q133963182	6000000014945406052
Q133963186	6000000014945222101
Q13396367	6000000114748458927
Q133963761	6000000031133589661
Q13396536	6000000039314558835
Q1339670	6000000040363028862
Q1339678	6000000014100033843
Q133968419	6000000018059300455
Q133968442	6000000018059261504
Q133968443	6000000014913068236
Q133968674	6000000022909470372
Q133968846	6000000052237886443
Q133968848	6000000014913002336
Q133971672	6000000211681654827
Q13397267	6000000035241490810
Q1339739	6000000019433389520
Q1339780	6000000026134622902
Q1339785	6000000009402509636
Q133979892	6000000114489908863
Q133980677	6000000012201077593
Q1339825	6000000013184240321
Q1339829	6000000006330729212
Q133988889	6000000016360833490
Q1339917	6000000184006165886
Q1339934	6000000112999041823
Q133994212	6000000015152284464
Q133994879	6000000021160303400
Q1339962	6000000000969208589
Q133996839	6000000015582412204
Q13399938	6000000120985299857
Q1340	6000000015711234347
Q1340006	6000000075686916921
Q1340008	6000000182865900867
Q134001096	6000000018118539197
Q134006115	6000000000207099107
Q134006119	6000000006330645621
Q134006130	6000000007552866253
Q134006165	6000000000814487324
Q134006216	6000000019774935666
Q134006499	3489658
Q134006977	6000000014361651371
Q134007300	6000000017555395258
Q134007504	6000000011803610960
Q134007697	6000000015545959698
Q134007712	6000000015545874867
Q134008277	6000000024867268111
Q1340083	6000000054208097821
Q134008708	6000000002524479068
Q13400877	6000000082846559885
Q134008822	6000000021790452175
Q134009542	6000000021790390189
Q134015448	6000000186184610109
Q1340156	6000000013608850229
Q134015643	6000000186185547828
Q1340159	6000000029242333827
Q1340161	6000000009419045612
Q1340201	6000000008477040583
Q134020256	6000000081359557954
Q1340213	6000000013430805703
Q134021632	6000000014861801912
Q134024	6000000016019654631
Q13402508	6000000036258191569
Q1340268	6000000036300579303
Q134027641	6000000021140899235
Q1340277	6000000017593409415
Q1340281	6000000021915200098
Q134028389	6000000017138858171
Q134028921	6000000013514004486
Q134028922	6000000025170142460
Q134029325	6000000013982252881
Q1340295	6000000031278178568
Q1340310	6000000017600230997
Q1340315	6000000008692615950
Q134034875	4838861607960037400
Q134035	6000000047283258829
Q134036341	6000000013514051162
Q13403701	6000000054745986832
Q1340378	6000000039682803425
Q134038025	6000000017921499777
Q13403814	6000000003276101320
Q134038273	6000000022420230669
Q13404040	6000000083951892826
Q134041154	6000000012516934029
Q1340419	6000000022220647862
Q1340443	6000000018675162362
Q134044722	6000000028204915082
Q134044749	6000000008331113577
Q1340524	6000000064576702821
Q134052908	6000000029205597151
Q134052916	6000000081292811822
Q134053063	6000000017106698320
Q13405336	6000000009593580544
Q13405340	6000000009593580541
Q134053452	6000000211881835822
Q134053458	6000000030265708260
Q134053536	4186523453190041588
Q134053566	4186154766000030452
Q1340536	6000000015590995762
Q134053769	6000000029324694723
Q134053832	6000000019150401756
Q134054116	6000000103891834918
Q134054333	6000000178512003862
Q134054703	6000000079056039453
Q134054748	6000000036327464841
Q134054750	6000000036327467900
Q134054806	6000000017138090869
Q134054949	6000000016930284462
Q134055225	6000000025612334846
Q1340559	6000000166765016834
Q134057715	6000000079047443910
Q134057738	6000000132367588917
Q134057757	6000000079048222996
Q134057771	6000000017138100673
Q134057791	6000000079049263888
Q13405937	6000000015592002730
Q13406073	6000000039277220915
Q134061525	6000000079052013118
Q134062849	6000000004564020520
Q13406319	6000000090678465959
Q13406331	6000000039234231962
Q134064025	6000000073706335821
Q134064027	6000000073707056821
Q134065036	6000000014120128201
Q134065043	6000000014120141236
Q134065989	6000000018436082340
Q134065991	6000000027375912337
Q134067254	6000000050502187004
Q134067639	6000000050037583025
Q134067662	6000000050036673705
Q1340677	6000000053877627821
Q134068723	6000000008771753755
Q13406979	6000000039378286119
Q1340699	6000000069247263911
Q1340704	6000000032696099756
Q134070482	6000000036359269830
Q13407130	6000000091264947929
Q134072350	6000000000075439058
Q13407392	6000000010140711370
Q13407398	6000000128268394042
Q1340750	6000000005610295641
Q134075260	6000000014138390784
Q134076706	6000000010060477282
Q134077	6000000015102193127
Q134077529	6000000018241604993
Q134077567	6000000114790414860
Q134077616	6000000008771848488
Q134077617	6000000008771988235
Q1340783	6000000031479030081
Q13407942	6000000013186307616
Q134079573	6000000079786646347
Q13407963	6000000074710158000
Q13407964	6000000074561953894
Q134079989	6000000177503442843
Q134080044	6000000031549760997
Q134080063	6000000177812813823
Q134080094	6000000029164071396
Q134080098	6000000029164120017
Q134080108	6000000029164492142
Q134080110	6000000029164050625
Q134080115	6000000029164365322
Q13408024	6000000013569764714
Q134080294	6000000031990209973
Q134080298	6000000029185457839
Q134080299	6000000029185280358
Q13408030	6000000019757548292
Q134080345	6000000050037023942
Q134080347	6000000050037108903
Q134080348	6000000031975231827
Q134080350	6000000031961319992
Q134080353	6000000031974768380
Q134080364	6000000031960071976
Q134080403	6000000067681550832
Q134080492	6000000049922601854
Q134080498	6000000022318449540
Q134080525	6000000000123279116
Q13408074	285499305800001393
Q134080904	6000000114790530858
Q134080969	6000000021754003035
Q134081042	6000000141353722167
Q134081047	6000000141354044925
Q134081054	6000000210125018821
Q134081065	6000000011333300309
Q134081145	6000000049686384008
Q134081298	6000000190584769821
Q1340818	4776252009960066209
Q134082102	6000000060134563478
Q134082113	6000000012663803288
Q134082162	6000000055529903946
Q134082164	6000000055529891935
Q134082168	6000000055530124924
Q134082170	6000000055530294826
Q134082175	6000000027364808301
Q134082177	6000000027364627811
Q134082178	6000000036361215637
Q134082236	6000000055530265236
Q134082239	6000000055530653855
Q134082288	6000000014192350388
Q134082289	6000000014192446372
Q134082381	6000000018389990445
Q134082522	6000000018389903847
Q134082523	6000000018389840563
Q13408259	6000000180772343832
Q134082678	6000000018389825420
Q134082694	6000000018389875403
Q134082800	6000000008428066435
Q134082802	6000000004367697308
Q13408285	6000000183436195861
Q134082879	6000000033102382404
Q13408289	6000000004137666041
Q134083730	6000000027364880149
Q134084131	6000000027364137677
Q134084132	6000000018506231953
Q134085	6000000027879074318
Q13408523	6000000096518595943
Q134086527	6000000014201426153
Q134086570	6000000219171806948
Q134086589	6000000013051642818
Q134086590	6000000001384052161
Q134086596	6000000013030863354
Q134086598	6000000013051889928
Q134086611	6000000031548550551
Q134086623	5218925859470054113
Q134086626	6000000006720220160
Q134086629	6000000001384274171
Q134086634	6000000001384282521
Q134086636	6000000202074622605
Q134086654	6000000000287553987
Q134086664	6000000031138889446
Q134086665	6000000071799837031
Q134086736	6000000032836476611
Q134086825	6000000015701092054
Q134086875	6000000000754054175
Q134086900	6000000000123353390
Q13408702	6000000018846708733
Q134087051	6000000099923977058
Q134087226	6000000038866810789
Q134087245	6000000038909226048
Q134087263	6000000038908500594
Q134087309	6000000038911962592
Q134087374	6000000039676124181
Q134087466	6000000174346044043
Q134087490	6000000114789199969
Q134087620	6000000039675911878
Q1340877	6000000018045787703
Q134087766	6000000189445773136
Q1340885	4455468019550088510
Q13408853	6000000036314180534
Q13408856	6000000078052948325
Q13408857	6000000017595014774
Q13408858	6000000075281079872
Q13408879	6000000075111389840
Q134088848	6000000099920579231
Q13408886	6000000009507769719
Q134088962	6000000021489989032
Q134089184	6000000022630297980
Q1340897	6000000028166069139
Q1340915	5119808961390045088
Q13409170	6000000000346929335
Q13409183	6000000039400909748
Q134092209	6000000052162239923
Q13409302	6000000043800286637
Q13409383	6000000025955384240
Q13409402	6000000010921882403
Q13409406	6000000010919869776
Q134095816	6000000004214727107
Q13409595	6000000011569916154
Q134096306	6000000004214727119
Q134096474	6000000004211701685
Q13409673	6000000010922273778
Q134097014	6000000031139054210
Q134097054	5217851408980032291
Q134097059	6000000003013025281
Q134097069	6000000079787185937
Q134097077	6000000079788143019
Q134097087	6000000000493638171
Q134097110	6000000000437782832
Q134097263	6000000017541410800
Q134097332	6000000179948823837
Q134097334	6000000186190904930
Q1340978	6000000021948752807
Q134097925	6000000009848612207
Q134097955	6000000014320874712
Q134097956	6000000014322315140
Q134097962	6000000009850200010
Q134097967	6000000009850140802
Q134097969	6000000009826623560
Q134099259	6000000016749782890
Q134100000	6000000024088097037
Q134100078	6000000004097145384
Q134100189	6000000006603583053
Q134100806	6000000038573547067
Q134100810	4135661
Q134100867	6000000009110652319
Q134100951	6000000023294051766
Q1341018	6000000012212249403
Q134101920	6000000008415879652
Q134102120	6000000008415759826
Q134102367	6000000008415626764
Q134102507	6000000013330934654
Q134102706	6000000008416000404
Q134102827	6000000032211732731
Q134103300	6000000133894511821
Q134103873	6000000037112544594
Q134103884	6000000022572060791
Q13410430	6000000047940896104
Q134105077	6000000007425889621
Q134105223	6000000071707531004
Q134105294	6000000071690861193
Q134105768	6000000050048076264
Q134106095	6000000045271067173
Q134106190	6000000013217412400
Q134106334	6000000014192591866
Q134106345	6000000140734489581
Q134106664	6000000024683119545
Q134106813	6000000001827235551
Q134106957	6000000024694120500
Q134107148	6000000016577117149
Q134107229	6000000016577291826
Q134108071	6000000003942790527
Q134108079	6000000003942790497
Q134108086	6000000022289527094
Q134109523	6000000024046612101
Q134109632	6000000024087901760
Q134109907	6000000210752148831
Q134112675	6000000036058376182
Q134113151	6000000039676257002
Q134113439	6000000010385241537
Q134114195	6000000009154939300
Q1341142	6000000084730576132
Q13411646	6000000056498808821
Q134118	6000000064041369844
Q13411886	6000000012668431153
Q134119915	6000000018101880146
Q134119922	6000000053759762792
Q13412128	6000000027679736221
Q134123	6000000002188416033
Q134123203	6000000041367249918
Q134123661	6000000041367116182
Q134124682	6000000107775333131
Q134125183	6000000009765924177
Q134125430	6000000071707705865
Q134125432	6000000045294533360
Q134125451	6000000024087860347
Q134125681	6000000024141963883
Q134126015	6000000137323499876
Q134126173	6000000115163550970
Q134126568	6000000014724899254
Q134126677	6000000186080452919
Q134127283	6000000016346771192
Q134127625	6000000021362689902
Q134127627	6000000021362147113
Q134127630	6000000020990321359
Q134127653	6000000014026302382
Q134128699	6000000152835802841
Q134129308	6000000152835802832
Q1341315	6000000009773574631
Q1341342	6000000024570953820
Q1341343	6000000184583102108
Q134135765	6000000080331715853
Q1341361	6000000039088230343
Q1341370	6000000017499651485
Q134137355	6000000021663869053
Q134140730	6000000029595725907
Q1341436	6000000047843305991
Q13414870	6000000042779855028
Q134150	6000000006181775092
Q13415124	6000000177618102991
Q134153208	6000000029621131150
Q134153215	6000000029594953943
Q13415350	6000000010886599886
Q134153508	6000000029601082986
Q134153571	6000000019155913178
Q1341544	6000000007398708317
Q134156011	6000000110263297385
Q134156161	6000000142412182877
Q134156176	6000000142412432835
Q134156191	6000000018300709038
Q134156229	6000000018300484985
Q134156363	6000000142412331896
Q134156467	6000000016465433261
Q134156719	6000000016465603339
Q134160	6000000000489696122
Q13416016	6000000024186144759
Q134161020	6000000120399423860
Q134161030	6000000120400178823
Q134161302	6000000068741200120
Q134161304	6000000045621210916
Q1341627	6000000085382381875
Q134163092	6000000036410096072
Q134164659	6000000014724806135
Q134165	6000000015173393282
Q134166158	6000000014724806140
Q134166206	6000000028253561871
Q13416725	6000000028246987270
Q134167326	6000000017916045190
Q13416839	6000000150786514875
Q13416915	6000000026807893146
Q134169189	6000000021541037058
Q134169209	6000000057193955851
Q13416964	6000000021023809843
Q13416964	6000000055398882128
Q134169735	6000000015988168718
Q134169840	6000000008879071556
Q134170710	6000000010364170502
Q1341723	6000000013601922695
Q13417402	5299000162410123388
Q13417499	6000000087435424967
Q13417585	6000000027652851952
Q134176913	6000000176831283919
Q134176918	6000000176832188835
Q134176947	6000000176832292841
Q134179680	6000000022975795057
Q134180	6000000009562402919
Q1341808	6000000013717476665
Q13418177	6000000181568771821
Q134183	6000000007966046282
Q134186451	6000000003481738991
Q134186598	6000000003834009443
Q1341869	6000000089504455911
Q1341885	387761701300006259
Q1341891	6000000075274969825
Q134190423	6000000003481741072
Q13419098	6000000157610465863
Q134192455	6000000003481741124
Q134192680	6000000140736202996
Q134193340	6000000140736449880
Q134193912	6000000003481741130
Q134193962	6000000197297332822
Q13419518	6000000058343389859
Q1341962	6000000000236060724
Q13419658	6000000183481306823
Q13419671	6000000036246700015
Q13419680	6000000075285740316
Q13419682	6000000058592217276
Q13419686	6000000076904300979
Q1341970	6000000015772542631
Q1341986	6000000019753066992
Q134198797	6000000013271976666
Q1341989	6000000051873339888
Q1341992	6000000049437769823
Q1341996	6000000076713627620
Q13420049	6000000040778644674
Q13420124	6000000035516925346
Q13420137	6000000007499542773
Q1342016	6000000107652097833
Q134201669	6000000013272189344
Q13420229	6000000025376141280
Q13420231	6000000013581036275
Q13420433	6000000145073828862
Q13420586	6000000014959060644
Q134206436	6000000154701117856
Q134207314	6000000003481741022
Q1342080	6000000023894513551
Q13420879	6000000074906003964
Q13420890	6000000029154581277
Q13420894	6000000035857547030
Q13420950	6000000015930332666
Q13420968	6000000041299861511
Q13421193	6000000030849086303
Q13421212	6000000073119302902
Q13421214	6000000034625837191
Q13421218	6000000064112961129
Q13421223	6000000034647704821
Q13421226	6000000087101032979
Q13421228	6000000076671678501
Q13421254	6000000027104981104
Q13421329	6000000010374593345
Q13421349	6000000075321595907
Q13421380	6000000004103548280
Q13421396	6000000096031076875
Q13421405	6000000008198140005
Q13421439	6000000034648443831
Q13421461	6000000034582220838
Q13421470	6000000039401308010
Q13421493	6000000017595625338
Q13421530	6000000037126879330
Q13421560	6000000083784823999
Q13421563	6000000087102257827
Q13421860	6000000075112362821
Q134220490	6000000018116524109
Q13422084	6000000150674835053
Q13422290	6000000053463063878
Q13422470	6000000000637332118
Q13422517	6000000010793244689
Q13422622	6000000039877446603
Q134226279	6000000029959186435
Q13422637	6000000060200333018
Q13422672	6000000028025128106
Q134227860	6000000037835896224
Q134229326	6000000029958993439
Q13423136	6000000018703088186
Q13423148	6000000009536026985
Q13423405	5610383993470118853
Q134234770	6000000021159839192
Q134235036	6000000018232051440
Q134237600	6000000015405143942
Q134238030	6000000014925885255
Q134238038	6000000014925302958
Q134238041	6000000015394658433
Q134238046	6000000024130853208
Q134238468	6000000015405229879
Q134238469	6000000015405053740
Q134238469	6000000039439021891
Q13423853	6000000072189324228
Q13423870	6000000059650619403
Q134238917	6000000079280506585
Q134239014	6000000070077223882
Q134239112	6000000079280483591
Q13424148	6000000027661942829
Q13424159	6000000030520647362
Q13424269	6000000024694557286
Q1342427	6000000015050878168
Q13424271	6000000028606878664
Q13424289	6000000026482619154
Q13424634	6000000127448183872
Q134247877	6000000044791169914
Q134248485	6000000008471112424
Q13424958	6000000013091561544
Q134250196	6000000024988479910
Q134250202	6000000024988501851
Q134250278	6000000015051901914
Q13425240	6000000001042192196
Q13425241	6000000011830785322
Q13425753	6000000002991707284
Q13425761	6000000076904679927
Q13425965	6000000101129299949
Q13425974	6000000057611482842
Q13426124	6000000017132956564
Q13426137	6000000014984290450
Q13426168	6000000002396662061
Q13426177	6000000002353267065
Q134262	6000000010046824279
Q13426228	6000000025251282395
Q13426377	6000000017275574264
Q134263821	6000000029164212205
Q134264697	6000000172295209840
Q1342647	6000000006420662080
Q134265139	6000000051856858924
Q134265142	6000000048110257058
Q1342652	6000000038065074108
Q134265288	6000000051863774914
Q1342656	6000000008008310310
Q134266368	6000000147145754834
Q134266600	6000000048110377843
Q13426673	6000000037666411970
Q13426679	6000000054314643848
Q13426681	6000000011480841833
Q13426699	6000000175145083912
Q13426707	6000000006252257091
Q134267229	6000000215944686822
Q134267232	6000000006348465956
Q134267233	6000000013293036665
Q134267250	6000000088757834891
Q134267256	6000000215944678834
Q134267260	6000000078162783693
Q134267269	6000000215989900846
Q134267294	6000000215988279821
Q134267302	6000000088706135831
Q13426743	6000000032763250056
Q134267631	6000000079036009850
Q134267712	6000000013294621009
Q13426775	6000000021320013271
Q134267838	6000000013294587914
Q13426785	6000000065424235823
Q134267926	6000000172044392935
Q134267927	6000000172044444971
Q134267929	6000000172044667827
Q134267930	6000000186625090846
Q134267940	6000000186556232838
Q134267942	6000000186624623840
Q134267953	6000000186556248851
Q13426796	6000000025710367605
Q134267960	6000000019835690098
Q134267961	6000000186556268853
Q134267977	6000000186528788829
Q13426798	6000000182585882856
Q134267981	6000000186601739832
Q134268003	6000000186528936869
Q134268009	6000000071162700112
Q134268037	6000000071162396243
Q134268039	6000000071162685046
Q134268092	6000000186702899847
Q134268301	6000000188054374890
Q134268303	6000000188054586824
Q134268306	6000000031921661938
Q13426850	6000000033421275133
Q13426917	6000000024421563615
Q13426918	6000000109754745902
Q134269360	6000000019496520334
Q134269364	6000000013807514210
Q134269368	6000000015933260094
Q134269371	6000000013145488906
Q134269442	6000000014693485612
Q134269506	6000000008779412850
Q134269511	6000000008933150928
Q134269512	6000000010305614439
Q134269513	6000000008933478442
Q134269596	6000000013295015266
Q134269883	6000000013294621009
Q13427032	6000000217012144871
Q134270938	6000000030665316589
Q134271233	6000000014877902526
Q134271482	6000000017871713383
Q13427201	6000000088785367865
Q13427223	6000000129086285913
Q13427227	6000000010726502231
Q13427234	6000000016272943333
Q134273075	6000000036347054308
Q134273085	6000000036347831001
Q13427328	6000000173853443186
Q134274039	292723729690003090
Q134276478	6000000006907989748
Q134276507	6000000008419451953
Q134276513	6000000007226754506
Q134276703	6000000001360687393
Q134276764	4488075175850129429
Q134276768	6000000006408819403
Q134276772	6000000006418935711
Q134276809	6000000005730049001
Q134276813	6000000003899175245
Q134276816	6000000007743338245
Q134276891	6000000005431403508
Q134276895	6000000005431403550
Q134277561	6000000003273414284
Q134277759	6000000204585833830
Q134278204	6000000014926037397
Q134280555	6000000043110405110
Q134283268	6000000050306567977
Q134283292	6000000021526114957
Q1342840	6000000074598201882
Q13428400	6000000019661659844
Q13428406	6000000018923709261
Q134284340	6000000023422261945
Q134284488	6000000007690682260
Q134285184	6000000080741468101
Q134285203	6000000080741206002
Q134285456	6000000038473373155
Q134286018	6000000041138043786
Q134286039	6000000081291584491
Q134286128	6000000014685326401
Q134286805	6000000019623175059
Q134287112	6000000026933541679
Q134287287	6000000005739355307
Q134287301	6000000012376329326
Q134287388	6000000017255784111
Q134287389	6000000017256091004
Q134288081	6000000002033444026
Q134288083	6000000022665160861
Q134288198	6000000022664494113
Q134288198	6000000022670953981
Q134288198	6000000053781536912
Q134288298	6000000008858254509
Q134288323	6000000188879554112
Q134288832	6000000013900624559
Q134289000	6000000039429417897
Q13428917	6000000013642439673
Q13428933	6000000021134598936
Q13428938	6000000030083283820
Q1342895	6000000021264510554
Q134289791	6000000076184188844
Q134289806	6000000076184146863
Q13428981	6000000003042355849
Q134290001	6000000016213374887
Q134290006	6000000016163678964
Q134290007	6000000016213843892
Q134290044	6000000021153251813
Q134290061	6000000020441980837
Q134290088	6000000025181907693
Q134290089	6000000083449020254
Q13429043	6000000021787045062
Q134290473	6000000075281113916
Q134290732	6000000027914882898
Q134290735	6000000027914492818
Q134290744	6000000009796946854
Q134290758	6000000171647501821
Q134290774	6000000018947989438
Q134290774	6000000022669070146
Q134290775	6000000022669225980
Q134290775	6000000022671618914
Q134290779	6000000140105019221
Q134290781	6000000009831861068
Q134290794	6000000008858368339
Q134290796	6000000171647454821
Q134290873	6000000009822002288
Q134290878	6000000009821666865
Q134290885	6000000079224558859
Q134290886	6000000039620467907
Q134290887	6000000137116867821
Q1342909	6000000058334578144
Q134290902	6000000138542760821
Q134290904	6000000138542713821
Q134290908	6000000039619887667
Q134290911	6000000014945694274
Q134290911	6000000022664540154
Q134290915	6000000013342367637
Q134291037	6000000015126214083
Q134291043	6000000003867500782
Q134291044	6000000003867675231
Q134291045	6000000003867585470
Q134291047	6000000003867124989
Q134291063	6000000010974194094
Q134291095	6000000000118844054
Q134291104	6000000067120260874
Q134291114	6000000143173021858
Q134291115	6000000143173099869
Q134291118	6000000143171423148
Q134291275	6000000004149674253
Q134291304	6000000018116166316
Q134291879	6000000118605572901
Q134292184	292531111340007529
Q134292225	6000000026240468641
Q134292364	292528217310004860
Q134292775	6000000175358319356
Q134292873	6000000001945910078
Q134292954	6000000181984924832
Q134292971	6000000007622658469
Q134293000	6000000181984202829
Q134293336	6000000079228799838
Q134293337	6000000079229102821
Q134293625	6000000134014415466
Q134293645	6000000134017485866
Q134294561	6000000016190957830
Q134294725	6000000012341881268
Q134294761	6000000007171632229
Q134294774	5190241972050051258
Q134295799	6000000016192386406
Q1342958	6000000002746326164
Q13429587	6000000051287349871
Q134296473	6000000016456995942
Q134298602	6000000080704934302
Q13429887	6000000021579833254
Q13429915	6000000019447886013
Q134300322	6000000018044847756
Q134300333	6000000014686118657
Q1343009	6000000024551895185
Q134301076	6000000010628475744
Q134301254	6000000013296886589
Q134301294	6000000013297031287
Q134301388	6000000202202254821
Q134301393	6000000016971569272
Q134301396	6000000006127401081
Q1343015	6000000130243985821
Q134301542	6000000003273396881
Q134301849	6000000002971416043
Q134303032	6000000024891260576
Q134303484	6000000009623128793
Q13430351	6000000184031085896
Q134303746	6000000014944887730
Q134303759	6000000014945350234
Q134303922	6000000125372817868
Q134303959	6000000022229579474
Q134304051	6000000014944919650
Q134304052	6000000014944630607
Q134304460	6000000014945362694
Q134305025	6000000003040621364
Q134305125	6000000013071061468
Q134305137	6000000013070527104
Q134305143	4755459244600029916
Q134305504	6000000009412482375
Q13430600	6000000156534248963
Q134306538	6000000135260087160
Q134307425	6000000045297289339
Q134307426	6000000014947674280
Q134307491	6000000014025846666
Q1343075	6000000007952077043
Q134307533	6000000014026327286
Q1343083	6000000018677506287
Q134308695	6000000025793781744
Q134309	6000000000307280059
Q134309260	292720898610006850
Q13431017	6000000014970939012
Q134310232	6000000018044524228
Q134310652	6000000019674649630
Q134311096	6000000080757145702
Q1343117	6000000014160578186
Q134312425	6000000020294098329
Q134313155	6000000014927430206
Q134313161	6000000014927299539
Q1343134	6000000057698927854
Q134314317	72920
Q1343144	6000000036001030697
Q134315252	6000000019665923798
Q134315258	6000000170244351080
Q134315271	6000000018991232775
Q134316113	6000000000095296256
Q1343162	6000000181084972848
Q1343169	6000000012881212937
Q134316912	6000000018642753232
Q134317003	6000000150886794837
Q134317940	6000000022957627952
Q134318393	6000000000616139524
Q134318516	6000000031812715889
Q134318692	6000000002574375055
Q134318782	6000000000074705003
Q134319032	4768491460260025951
Q1343198	6000000075929252892
Q134321228	6000000036361560197
Q134321665	6000000035324184157
Q1343248	6000000143316903827
Q1343251	6000000150861483972
Q134325860	6000000010998152794
Q134326683	6000000019420629312
Q134327695	6000000027062830298
Q134327725	6000000019420760025
Q1343289	6000000005427690051
Q1343301	6000000007604909029
Q1343307	6000000007202920818
Q134333	6000000013124269685
Q1343360	6000000178270623882
Q134337	6000000080494838180
Q13433934	6000000193304835821
Q13434144	6000000008597031088
Q1343417	6000000183973843834
Q134342414	6000000024868855851
Q134342810	6000000024878506273
Q1343443	6000000025098363446
Q13434433	6000000007339964664
Q13434466	6000000026016832875
Q13434523	6000000053560042881
Q13434533	6000000063728730858
Q1343461	4294608420480067656
Q134346502	6000000002068120126
Q134346665	6000000019124125122
Q134346692	6000000079228458881
Q134346758	6000000000429057250
Q134346779	6000000000074537470
Q134346798	6000000006102952040
Q134348112	6000000134981189868
Q134349322	6000000058178578847
Q134350081	6000000031917710950
Q134350082	6000000031917088693
Q134350208	6000000006848547258
Q1343505	6000000049758748894
Q134350531	6000000085188392259
Q134350606	6000000084141195216
Q1343508	6000000000286982860
Q134351513	6000000031917775868
Q134351561	6000000043688685967
Q1343523	6000000018954903263
Q1343524	6000000011556582688
Q1343526	6000000007556606316
Q134353507	5253300849790036108
Q1343537	6000000018564870375
Q134353833	6000000005436913770
Q13435483	6000000196771697823
Q134355627	6000000087793476884
Q134355634	6000000022699095848
Q134355683	6000000123553026821
Q134355805	6000000217173880835
Q134355940	6000000009935421793
Q1343564	6000000019495903619
Q1343565	6000000181967841822
Q13435675	6000000009646368622
Q134359281	6000000001008553150
Q134359471	6000000001504596127
Q134359630	6000000085305889223
Q134359802	6000000085307100907
Q134359804	6000000085306623993
Q134360205	6000000085312629896
Q1343604	6000000009917613431
Q134360740	6000000020514462828
Q1343611	6000000013513225049
Q1343648	6000000002790258031
Q1343649	6000000024020591307
Q1343650	6000000103673698920
Q134365000	6000000001818106372
Q134365194	6000000003114409756
Q134365418	6000000003153241712
Q134365509	6000000003152960712
Q134365992	6000000005036155262
Q134365993	6000000005036019221
Q134365997	6000000005036094359
Q134366301	6000000006446986122
Q134366309	6000000003108789658
Q1343665	6000000113126270984
Q134366705	6000000003481741029
Q134366714	6000000031898656999
Q134367165	6000000048750932227
Q1343692	6000000062866208821
Q134369921	6000000038238466102
Q134370683	6000000172216817273
Q1343716	6000000140486740021
Q134372165	6000000007376453664
Q1343728	6000000010030124014
Q134374655	6000000079253717895
Q134374769	6000000025032374648
Q1343752	6000000163750342491
Q134376300	6000000003484264204
Q134376858	6000000055735457883
Q134377172	6000000051413563873
Q134377733	6000000085331545929
Q134377742	6000000085331626848
Q134377745	6000000085331498948
Q134378632	6000000033182269134
Q134379011	6000000000307017332
Q1343804	6000000032724978775
Q1343809	6000000151449133971
Q1343817	6000000150855327229
Q134382	6000000007115680676
Q134382089	6000000007358697229
Q134382220	6000000077023899954
Q1343823	6000000078559014955
Q134382415	6000000003481741014
Q1343825	6000000017785464743
Q1343831	6000000178996550843
Q134383186	6000000004630841983
Q1343834	6000000005013479452
Q1343841	6000000143254977836
Q134384111	6000000008763051502
Q134384131	6000000003092675971
Q134384394	6000000006454122230
Q1343848	6000000016065237240
Q134385203	6000000019063299591
Q1343855	6000000004829301057
Q1343858	6000000140719670426
Q134385966	6000000183194995833
Q1343866	6000000005609261221
Q134386927	6000000085189116039
Q134386952	6000000179337937942
Q134386962	6000000085189880962
Q1343873	6000000137844498821
Q1343877	6000000002167701381
Q134388630	6000000018594592548
Q13438866	6000000211211619823
Q1343887	6000000004054433052
Q134389495	6000000015185599130
Q134389584	6000000018224173882
Q134389974	6000000018595118026
Q134390061	6000000220377744846
Q134390179	6000000015424347030
Q134390353	6000000001920493274
Q134390602	6000000085331104280
Q134390609	6000000085331863882
Q134391260	6000000010130627212
Q134391715	6000000016009177585
Q134391889	6000000004880847404
Q13439216	6000000077582627926
Q134392209	6000000013030093538
Q134392911	6000000004969795430
Q1343934	6000000000702046140
Q134393407	6000000020817011263
Q134393461	6000000009743946649
Q134393547	6000000040481695438
Q134393699	6000000018641693774
Q134393960	6000000006933438279
Q134394184	6000000026919810917
Q134394727	6000000018091082060
Q134394870	6000000015672694318
Q134395045	6000000021919138455
Q134395193	6000000062685235969
Q134395240	6000000062685743852
Q134395314	6000000038236818643
Q134395531	6000000217174061825
Q134395824	6000000007006380591
Q134395847	6000000017626850781
Q134396039	6000000008950542819
Q134397053	6000000218365739839
Q134397058	6000000218365690853
Q134398235	6000000213517586826
Q134398539	6000000213518624823
Q134399584	6000000009248565625
Q134399892	6000000003328843917
Q134400123	6000000006861007504
Q134400276	6000000000204284722
Q134400397	6000000083676564863
Q134400576	6000000172216222775
Q134401405	6000000003941239554
Q134401410	6000000011301946777
Q134401421	6000000003941239469
Q134401453	6000000014722744961
Q134401454	6000000028671303218
Q134401456	6000000002860946919
Q134401459	6000000019593584135
Q134401511	6000000019429332731
Q134401519	6000000003941239415
Q134401658	6000000004213106319
Q1344028	6000000048480753181
Q134403184	6000000004297696841
Q1344032	6000000011881374454
Q134403278	6000000016826490724
Q1344035	6000000030412947570
Q1344057	6000000008198713810
Q1344071	6000000003123354093
Q1344073	6000000172359562859
Q134408536	6000000014420985235
Q134409458	6000000038677593393
Q134409460	6000000038677709083
Q134409488	6000000179956773825
Q134409489	6000000038289688776
Q134409492	6000000038290653928
Q134409577	6000000038289948321
Q134409580	6000000038290363332
Q134409583	6000000038290508274
Q134409608	6000000038265812556
Q134409613	6000000038290134024
Q134409636	6000000021955203956
Q134409678	6000000006253354305
Q134409679	6000000002172603256
Q134409682	6000000001745140297
Q134409684	6000000006253205167
Q134409688	6000000004664177218
Q134409692	6000000001702356667
Q134409717	6000000002172603597
Q134409719	6000000002172603760
Q134409721	6000000018516255398
Q134410031	6000000019642891020
Q134410834	6000000012092064429
Q134410933	6000000007707858339
Q134411910	6000000002659223274
Q134412297	6000000213937843841
Q1344125	6000000026232176655
Q13441340	6000000023275962451
Q1344139	6000000151129894272
Q134414133	6000000132636854331
Q13441419	3968570301830079089
Q134414407	6000000046327167865
Q134414430	6000000132648429080
Q134414893	6000000002012037361
Q134414978	6000000003182781651
Q13441525	6000000020197556820
Q1344155	6000000007256384286
Q134417664	6000000020615124235
Q1344181	6000000075909866850
Q1344185	6000000003011823396
Q1344188	6000000010907746696
Q1344200	6000000044399031713
Q1344213	6000000015877309498
Q134422233	6000000027292295353
Q1344225	6000000191144679850
Q134423154	6000000010006409939
Q13442375	6000000012609083374
Q134424510	6000000014325413298
Q134424930	6000000041925534402
Q134424955	6000000016918214250
Q1344250	6000000034459278035
Q134425020	6000000019626124552
Q134425401	6000000086832152822
Q134425428	6000000015520782184
Q1344259	6000000024093827543
Q134427008	6000000012525249638
Q134427155	6000000012524558942
Q134427390	6000000017832910568
Q134427486	6000000007336535133
Q1344275	6000000042362140901
Q134427619	6000000006127346347
Q134427714	6000000017833646033
Q134427864	6000000012567540297
Q134428301	6000000218367409827
Q134428371	6000000218367412824
Q134428627	6000000089463081981
Q134428727	6000000218368560821
Q134428743	6000000218368336831
Q134428962	6000000071948016084
Q134429786	6000000054133948093
Q1344299	6000000005438494217
Q134431359	6000000016291820189
Q134431774	6000000002599980233
Q1344323	6000000028394246106
Q1344336	6000000013113088822
Q13443427	6000000020680605846
Q134434783	6000000009691171220
Q134434811	6000000001234964541
Q134435132	6000000025719151310
Q134435210	6000000024772413071
Q134435216	6000000083682525994
Q134435359	6000000022347303148
Q134435639	6000000001074075272
Q134435668	6000000078876411999
Q134435886	6000000007635545790
Q134436013	6000000199520580734
Q134436722	6000000001334882056
Q134436981	6000000012398132930
Q134437417	6000000218937014855
Q134437755	6000000017198457440
Q134437795	6000000001777579020
Q134438122	6000000008391884234
Q13443814	6000000029503508874
Q134438582	6000000016576110618
Q134439832	6000000083930738823
Q134439899	6000000085331950821
Q134439899	6000000189126945862
Q134439902	6000000085331785888
Q134439902	6000000189127105835
Q134440243	6000000007227269856
Q1344408	6000000033137043966
Q134441888	6000000054184461083
Q134442857	6000000080102370939
Q134442874	6000000024760362071
Q134442897	6000000085332380836
Q134442955	6000000016457796308
Q134442955	6000000046284887545
Q134443291	6000000009744632331
Q1344435	6000000036788245228
Q134443525	6000000009744523990
Q134443819	6000000006445031249
Q134443860	6000000017582151067
Q134444191	6000000014325117445
Q134444538	6000000035140724353
Q134444569	6000000174809813865
Q134444572	6000000057354463970
Q134444576	6000000057355964848
Q134444692	6000000011017921743
Q134444707	6000000004834462435
Q134444708	6000000049048136824
Q134444767	6000000012278546020
Q134444840	6000000197122098859
Q13444503	6000000030959861077
Q134445265	6000000018359103409
Q134445266	6000000174810314834
Q134445270	6000000133889024879
Q134445548	6000000133889660824
Q134446069	6000000010772489662
Q134446829	6000000006590561165
Q134447624	6000000012339630386
Q134447701	6000000024918432303
Q134448357	6000000029919256926
Q134448362	6000000054184009240
Q134449007	6000000029919236938
Q1344495	4189145
Q134449950	6000000003087000863
Q134449963	6000000028246072485
Q134450032	6000000187728125927
Q1344502	6000000018022752391
Q134450502	6000000028321105429
Q134451044	6000000085340306858
Q134451060	6000000085374791501
Q134451436	6000000021947144375
Q134452	6000000042350330642
Q134452321	6000000016715884340
Q134452345	6000000016715948044
Q134452911	6000000044797453836
Q134453179	6000000048124834886
Q1344534	6000000008452119033
Q134454409	6000000021947172977
Q134454422	6000000048124652048
Q134455042	6000000021947317101
Q134455160	6000000001889588449
Q134455255	6000000000555454186
Q134455271	6000000010651226607
Q134455281	6000000132405179296
Q134455310	6000000024309177586
Q134455551	6000000085331807902
Q134455567	6000000085331960869
Q134455687	6000000085331710020
Q134455898	6000000096429214847
Q134456089	6000000002149145131
Q134456102	6000000002149019604
Q134456346	6000000017238357645
Q134456356	6000000017238613778
Q134458646	6000000015975786882
Q134458898	3101478
Q134459924	6000000210459012875
Q134459925	6000000210459282823
Q134461852	6000000014417904782
Q134461881	6000000180581101883
Q1344625	6000000012391948756
Q134463314	6000000003053620393
Q134463421	6000000001690084798
Q134463433	6000000001690709227
Q134463438	6000000001690709326
Q134463495	6000000083207623835
Q134464267	6000000042953060821
Q134465704	6000000163834592983
Q134465821	6000000020254603801
Q134465850	6000000004047352052
Q134465895	6000000163836013828
Q134466067	6000000031974515580
Q134466103	6000000038151911891
Q134467098	6000000002475608550
Q134467479	6000000011139289709
Q134467690	6000000003196585775
Q134467691	6000000003114346558
Q134467709	6000000002363932507
Q134468291	6000000035181759078
Q134468400	6000000016023161375
Q134468490	6000000023327318828
Q134468517	6000000000850838482
Q134468665	6000000015049462641
Q134468873	6000000021918990924
Q134468893	6000000018071274198
Q134468897	6000000021918752449
Q1344689	6000000065010515963
Q134468905	6000000087706375824
Q134469058	6000000021918890550
Q134469259	6000000062601345880
Q134469266	6000000062601113831
Q134469298	6000000080100869362
Q134469299	6000000080101438084
Q134469369	6000000026667261174
Q134470039	6000000085311434115
Q1344707	6000000027543767101
Q134470734	6000000085310561538
Q134470781	6000000085311052881
Q1344716	6000000089129105969
Q134471606	6000000003668079080
Q134472880	6000000019279868294
Q134473080	6000000030742435028
Q1344743	6000000036363538484
Q134474460	6000000007329736865
Q134474718	6000000210459245844
Q134475113	6000000003113408870
Q1344755	6000000036677382887
Q134475558	6000000141114670898
Q134475656	6000000012639925361
Q134475719	6000000021092969912
Q134475907	6000000018579704042
Q1344765	6000000067875822874
Q1344767	6000000010422083272
Q134477	6000000014623019487
Q134481004	6000000206794142821
Q134483127	6000000000914099232
Q134484798	6000000034011546490
Q134484900	6000000176901358848
Q134484901	6000000085311413873
Q134486297	6000000036379127555
Q134486795	6000000050559519400
Q134486839	6000000172944250857
Q134487071	6000000025805069158
Q134487089	6000000000833023124
Q134487097	6000000009075615476
Q134487391	6000000010132435473
Q1344875	6000000001984454456
Q134487582	6000000025049212195
Q134487780	6000000051248738908
Q134488101	6000000051166812127
Q134488136	6000000032294321777
Q134488141	6000000051167042834
Q134488225	6000000051248905146
Q134488315	6000000051249300914
Q134488333	6000000011343624803
Q134488344	6000000011344007054
Q134489616	6000000174440880018
Q134490819	6000000062205771885
Q134491023	6000000062175440200
Q1344911	6000000012412026996
Q134491519	6000000006329733018
Q13449167	6000000003574693022
Q134491902	6000000114613826129
Q134492008	6000000205544031680
Q134492914	6000000065501771896
Q134494213	6000000011851206482
Q134494493	6000000011964465625
Q134495807	6000000075790909824
Q134495876	6000000027256158338
Q134496259	6000000196879395833
Q134497090	6000000076428507976
Q13449745	6000000003973989461
Q134497582	6000000007012642794
Q134498051	6000000083726991924
Q134498180	6000000176901308866
Q134498181	6000000176898258835
Q134498183	6000000176896785856
Q134498185	6000000083707172145
Q134498186	6000000176897300871
Q134498244	6000000000406104281
Q1344985	6000000025663929816
Q134498606	6000000176901685838
Q134498644	6000000176895923884
Q134498947	6000000000406232488
Q134498953	6000000015582413425
Q134498984	6000000176897540866
Q134499099	6000000017667712221
Q1344992	6000000018972356951
Q134499297	6000000027110461926
Q1344993	6000000004670545533
Q134499340	6000000000682074117
Q134499412	6000000001517064725
Q134499413	6000000000207090791
Q134499476	6000000001425085524
Q134499477	6000000003076193132
Q134499479	6000000017291355792
Q134499486	6000000000682222182
Q134499488	6000000029097063622
Q134499514	6000000017387344456
Q134499515	6000000013272922867
Q13449956	6000000074906279825
Q134499569	6000000021532100800
Q13450007	6000000075251284934
Q1345002	6000000084035811009
Q1345021	6000000111278907986
Q134503429	6000000176723854842
Q134503494	6000000176893275027
Q134503496	6000000177609688822
Q134504764	6000000012852189488
Q134505271	6000000002649954052
Q134505281	6000000019734115030
Q13450533	6000000041628692935
Q1345061	6000000043385701231
Q134506291	6000000089169511937
Q134506553	6000000014283281645
Q134506822	6000000010162295646
Q134508895	6000000016159343063
Q134509117	6000000152146728822
Q134509145	6000000033051162863
Q134509240	6000000017402316583
Q1345095	6000000023524263484
Q1345099	6000000001269400035
Q134510416	6000000018576186451
Q134511210	6000000141810862823
Q134511245	5019535918860138563
Q1345146	6000000086943147856
Q134514943	6000000013153450874
Q134515507	6000000087561961826
Q134515661	6000000006340272032
Q134515840	6000000089169511941
Q134516656	6000000000759035277
Q134516819	6000000002870141405
Q134516873	6000000000757990053
Q134516875	6000000034903325196
Q134516876	6000000002207176156
Q134516904	6000000179072810830
Q1345170	6000000003061984071
Q134517030	6000000019642092355
Q134517033	6000000124659977854
Q134517344	6000000108458033821
Q134517345	6000000108514108856
Q134517372	6000000059910353105
Q134517583	6000000008516769029
Q134517879	6000000019021922322
Q134517904	6000000055067732064
Q134518272	6000000142600487828
Q1345186	6000000033761193543
Q134519118	6000000006946514057
Q134519149	6000000208303055849
Q134519286	6000000067864936899
Q1345201	6000000007130038771
Q134520693	6000000006101049527
Q134520840	6000000003233117935
Q134520877	6000000135578588821
Q1345209	6000000004402456173
Q134521159	6000000032388993048
Q134522402	6000000019629980025
Q134522604	6000000042379327024
Q134522610	6000000074677246206
Q134523025	6000000007321470655
Q134523236	6000000004328746085
Q134523898	6000000080101424264
Q134524093	6000000019818083598
Q134524554	6000000008155806304
Q134524638	6000000024960265575
Q134527487	6000000193190317843
Q134527506	6000000017231094971
Q134527517	6000000005610926444
Q1345302	320389428450004739
Q134530653	6000000203812029826
Q134530691	6000000015820704156
Q134530818	6000000022347383601
Q134531283	6000000001915837901
Q134531298	6000000001915936989
Q134531919	6000000048496328101
Q134531920	6000000048499285926
Q134532211	6000000056549973111
Q134532241	5366962014470023505
Q134532245	6000000008221616127
Q134532253	5366954499360062281
Q134532258	6000000001043252118
Q134532262	6000000003938701625
Q134532267	6000000007240624045
Q134532323	6000000000504348010
Q134532324	6000000000504313042
Q134532339	5168645213860119774
Q134532340	6000000197968625821
Q134532341	6000000024278047604
Q134532342	6000000003937766015
Q134532343	6000000024978655159
Q134532345	6000000006290081160
Q134533076	6000000038893630825
Q1345333	6000000183052788914
Q1345338	6000000076990271257
Q13453389	6000000037110974090
Q13453442	6000000028494840855
Q134534920	6000000036670755039
Q1345358	6000000007635311694
Q134536760	6000000000952915530
Q1345371	6000000015930247859
Q1345383	6000000002764440806
Q1345386	6000000030581814746
Q134538684	6000000019045020125
Q134538782	6000000001353743601
Q134538943	6000000208303055853
Q134539034	6000000005911007149
Q134539205	6000000018384718778
Q134539379	6000000008921998664
Q134539403	6000000024307724157
Q134539412	6000000024999998120
Q134539445	6000000012827522403
Q134539983	6000000088919665905
Q134540428	6000000211415752823
Q134540884	286257286810004587
Q134542287	6000000034346633881
Q134542297	6000000054196823892
Q134542300	6000000211327854849
Q134543039	6000000195141039844
Q134543606	6000000027780719374
Q134544725	6000000021546244070
Q134545336	6000000029672866098
Q134545541	6000000006809136235
Q134545548	380386279180013180
Q134546451	6000000051143395134
Q134546555	6000000058414527822
Q134546693	6000000011077336742
Q134547184	6000000083403553473
Q134547203	6000000083404208911
Q1345474	6000000164302448866
Q134547433	6000000014480125249
Q134547793	6000000003829879748
Q134548376	6000000024512257844
Q134548650	6000000037490085253
Q134549	6000000003098294979
Q13454937	6000000000237416364
Q134549498	6000000003473873780
Q134549509	6000000003474612274
Q134549733	6000000002251904559
Q134549984	6000000007300613257
Q134550719	6000000084446937326
Q134550793	6000000001386896289
Q1345514	6000000008550090613
Q134551646	6000000008714716823
Q134552137	6000000114365905824
Q1345535	6000000010453063753
Q1345537	5541332891410062610
Q1345552	6000000023328758835
Q1345556	6000000021847483644
Q13455587	6000000021302824664
Q1345578	6000000009143668987
Q1345590	6000000144741627910
Q1345595	6000000024446679893
Q134560083	6000000009584182160
Q134560095	6000000006290096755
Q134561114	6000000001386977019
Q134561116	6000000001388734444
Q134561121	6000000031613506249
Q134561648	6000000043358183561
Q134561753	6000000114368111834
Q134561838	6000000022681328834
Q134561879	6000000032105089829
Q134561885	6000000063433636843
Q134561913	342319417700005695
Q134561928	6000000000889205296
Q134561930	6000000002603480161
Q134561932	6000000021808637772
Q134561933	6000000003495159270
Q134562020	6000000012225848218
Q134562024	6000000012225989286
Q134562026	6000000012225944398
Q134562041	6000000211328196821
Q1345621	6000000157513517856
Q13456220	6000000024581665030
Q134562338	6000000218297690834
Q1345631	6000000000310634498
Q134563213	6000000026452110598
Q134564273	6000000075605767007
Q1345669	5100192863880101422
Q134567164	6000000019452558776
Q134567222	6000000099609540886
Q134567237	6000000023137734896
Q134567247	6000000021672109098
Q134567336	6000000029820150282
Q134567492	6000000018644722696
Q134567510	6000000018644901420
Q134568925	6000000029542445888
Q134568936	6000000029542377878
Q134569213	6000000001818152401
Q134569387	6000000001445210057
Q1345694	6000000081066321885
Q134569881	6000000004974655344
Q134569908	6000000053586274973
Q134570237	6000000013752380592
Q134570269	6000000013752236939
Q134570283	6000000017991963701
Q134570300	6000000013752480628
Q134570586	6000000112932204145
Q1345708	6000000014573963430
Q134571456	6000000022133857446
Q1345715	6000000014335994733
Q134571502	6000000008779014370
Q134571720	6000000079499843287
Q134572174	6000000035223698969
Q134573143	6000000010571245963
Q134573144	6000000010571409748
Q134574145	6000000071477803904
Q134576608	6000000218837266825
Q134576629	6000000081804105748
Q134576725	6000000175013496994
Q134576744	6000000000496977117
Q134577128	6000000038979080693
Q1345775	6000000155337249823
Q134578191	6000000000526402842
Q134578208	6000000185845742856
Q13457821	6000000186966063830
Q134578259	6000000185845668825
Q13457830	6000000074363227955
Q134578369	6000000094791988845
Q134578990	6000000011631651956
Q1345794	6000000166437399338
Q134580099	6000000030623149744
Q134581120	6000000002803959911
Q134581691	6000000048808110868
Q134581788	6000000022665140134
Q134581789	6000000022664520159
Q134582081	6000000006912112668
Q134582083	6000000175451037223
Q134582201	6000000074905925821
Q134582225	6000000043570191844
Q134582268	6000000080107978871
Q134582278	6000000014948041317
Q134582350	6000000052129796827
Q134582477	6000000148665948979
Q134582655	6000000034118559102
Q134583654	6000000021372637762
Q134583817	6000000013363191111
Q1345868	6000000011394276048
Q134586847	6000000017055707861
Q134586850	6000000017055785766
Q134586855	6000000017055696902
Q134586859	6000000017055458769
Q134586865	6000000017055877041
Q134587126	4341850
Q1345872	6000000019206769622
Q1345876	6000000014278274740
Q134588	6000000022945004064
Q134588269	6000000026453065231
Q134588285	6000000026453088939
Q13458893	6000000027786799029
Q134589029	6000000008003520972
Q134589634	6000000012226165201
Q134589636	6000000003941215957
Q134589640	6000000032380267922
Q134589657	6000000012226089333
Q134589689	6000000003941215948
Q134589690	6000000003941215897
Q134589692	6000000002073404976
Q134589708	6000000002908603811
Q134589723	6000000172011217470
Q134589725	6000000172012084004
Q134589750	6000000150806547834
Q134589751	6000000186272822118
Q134589753	6000000081111827088
Q134589769	6000000017154972626
Q134589772	6000000017155152722
Q134589773	354454455320007689
Q134589777	6000000017154887951
Q134589780	6000000017155085168
Q134589814	6000000043570381868
Q134589815	6000000005597789322
Q134589816	6000000079947108928
Q134591448	6000000022669402138
Q134591448	6000000080963031875
Q134591495	6000000014945718066
Q134591537	6000000014945708168
Q134591635	6000000080964970821
Q134591835	6000000022525983557
Q134591991	6000000016164134019
Q13459244	4315104647330021028
Q134593262	6000000022526241284
Q134593906	6000000020758658083
Q134593917	6000000020758717964
Q134593927	6000000044306365247
Q134593934	6000000008172772000
Q134593961	6000000018074592500
Q1345943	6000000042151352940
Q1345946	6000000007632719315
Q134599293	6000000047466412140
Q134600471	6000000026300568036
Q134600482	6000000086485490882
Q134601026	6000000078344046975
Q134601891	6000000010132727932
Q13460338	6000000182429224843
Q134605136	6000000184874275845
Q134605165	6000000043152831141
Q134605170	6000000043152724310
Q1346052	6000000103746831300
Q134605209	6000000184873980827
Q1346059	6000000037497806111
Q134605908	6000000016730477053
Q134606140	6000000028299789247
Q134606191	6000000028299626772
Q13460633	6000000025358451067
Q134606401	6000000009266969542
Q134606510	6000000028299902363
Q134606753	6000000015185579099
Q13460684	6000000009190000152
Q134606862	6000000017038822137
Q134607284	6000000028300056862
Q134607343	6000000028299979318
Q1346077	6000000041759007289
Q134607715	6000000030551275788
Q134607775	6000000167352238874
Q134607781	6000000000427238280
Q134608342	6000000021366710708
Q134608374	6000000218936714069
Q134608662	4490577283520047642
Q134608809	6000000014682549550
Q1346097	6000000143373588729
Q13460979	6000000010459636078
Q134610003	6000000018489605761
Q134610635	6000000041596458048
Q134611272	6000000014311592748
Q1346113	6000000031480880124
Q1346115	6000000145784148854
Q134611520	6000000002303785646
Q134611522	6000000038916819449
Q134611559	6000000007121559719
Q134611566	6000000028227344255
Q134611577	6000000114364055833
Q134611659	6000000002912055437
Q134611700	6000000009016968241
Q134611841	6000000084100936111
Q134611933	6000000084046425922
Q134612094	6000000039676762062
Q1346123	6000000007742501102
Q134612380	6000000214651591829
Q134612531	6000000016416907150
Q134612714	6000000022658656582
Q134612827	6000000209216399833
Q134613278	6000000041305662155
Q134613397	6000000054415898929
Q134613503	6000000002765005407
Q134613740	6000000008959545200
Q134613758	6000000057419580925
Q134613823	6000000101088086524
Q134614206	6000000006298989289
Q1346145	6000000156870204821
Q1346146	6000000081330048006
Q134614895	6000000002352563035
Q134614921	6000000002352563041
Q134614965	6000000014984073489
Q134614965	6000000022671217430
Q134614978	6000000001106062219
Q134615017	6000000006429249107
Q134615242	6000000000110171106
Q134615848	6000000010801330202
Q134617083	6000000004045245774
Q134617176	6000000024792146014
Q1346177	6000000011031326696
Q13461808	6000000062759991824
Q134619403	6000000001553644947
Q134619473	6000000004834242619
Q1346198	6000000102902814828
Q134619810	6000000010801223413
Q134619831	6000000010814352754
Q134619853	376448965790012909
Q1346201	6000000069637567848
Q134620174	6000000014312231817
Q134620212	6000000014981880246
Q134620216	6000000014981797859
Q134620633	6000000010885438403
Q134621063	6000000048258781845
Q134621265	6000000041503646382
Q134621425	6000000014949494988
Q1346216	6000000011646635903
Q134621738	6000000015941992783
Q134621758	6000000012973485905
Q134621759	6000000012973020850
Q134621760	6000000012973664212
Q134621761	6000000000490917210
Q134622034	6000000080582117209
Q134622572	6000000077250181330
Q1346226	6000000012119718365
Q134622610	6000000080964908848
Q134622796	6000000014950489173
Q1346228	365605498280012062
Q134622834	6000000014950235439
Q134622899	6000000046228333872
Q134622947	6000000014958957841
Q1346239	6000000202246139823
Q1346246	366337246580011841
Q134624980	6000000049235666113
Q1346257	6000000002832184672
Q134627285	6000000014984525863
Q1346291	6000000041208978297
Q13462978	6000000078165917529
Q1346298	6000000015737330039
Q1346303	6000000180380488889
Q13463041	6000000220451824965
Q134630477	6000000014984434887
Q1346306	6000000002904142798
Q134632659	6000000149849065189
Q1346359	6000000163839933537
Q134636396	6000000014984753234
Q134636635	6000000014984860006
Q134636677	6000000014984850019
Q1346393	6000000003264324141
Q1346403	6000000012535212932
Q1346406	6000000024712883861
Q134641	6000000014586497962
Q1346413	6000000017317956314
Q134644	6000000014664012346
Q134645997	6000000010410909164
Q134648683	6000000024758853825
Q1346488	6000000001555697158
Q1346515	6000000010214051471
Q1346521	6000000028579448877
Q1346538	6000000012653261797
Q1346539	6000000104759702112
Q1346577	6000000001127752046
Q1346580	6000000041001378272
Q134658070	6000000219000860939
Q1346593	6000000005386578121
Q1346595	6000000003252446747
Q134661	6000000017535200794
Q1346613	6000000000598736673
Q1346621	6000000015889195038
Q1346624	6000000014159658510
Q1346627	6000000158538822832
Q134665190	6000000025917628693
Q134665284	6000000001703256365
Q134665686	6000000001703188501
Q1346664	6000000081041676066
Q1346696	6000000027942520260
Q1346697	6000000021859563210
Q1346706	6000000006445048335
Q1346720	6000000028621577615
Q134675384	6000000071380651029
Q134677592	6000000071381859821
Q1346804	6000000000882640081
Q134680420	6000000085414726842
Q1346808	6000000015282889105
Q1346812	6000000018171654774
Q1346814	6000000002764566705
Q1346827	6000000005440416135
Q1346834	6000000027894629474
Q1346840	4292932513360065655
Q1346849	6000000008691417866
Q134687257	6000000010780698155
Q1346883	6000000032529150131
Q134690525	6000000048124573160
Q134691481	6000000013620837817
Q134691487	6000000001843180175
Q134691488	6000000001579513235
Q134691510	6000000027756232720
Q134691511	6000000029517026426
Q134691512	6000000042195282086
Q134691514	6000000010573907361
Q134691530	6000000029517520325
Q134691536	6000000175806694834
Q134691539	6000000175807172821
Q134691541	6000000186859770830
Q134691542	6000000186859513892
Q134691543	6000000007417626119
Q134691544	6000000007418450707
Q134691548	6000000002677712329
Q134691556	6000000006290291507
Q134691573	6000000054941486860
Q134691577	6000000054942638889
Q134691580	6000000079550693259
Q134691582	6000000079550508462
Q134691612	6000000007343071205
Q134691806	6000000025429195207
Q134692414	6000000019025882969
Q134692965	6000000017934893909
Q134692992	6000000007244410718
Q134693026	6000000009402933179
Q1346939	6000000019880852084
Q134694202	6000000212347448833
Q134694220	6000000052257511908
Q134694229	6000000037972356129
Q134694367	6000000080967066821
Q134694400	6000000008540234437
Q134695008	6000000012765795222
Q134695058	6000000012768218201
Q134695143	6000000001353812664
Q1346960	6000000029958493184
Q134696314	6000000017025510357
Q134696484	6000000001410924355
Q1346968	6000000039615388934
Q134698043	6000000019835210564
Q134698178	6000000004556357633
Q134698194	6000000005564252716
Q134698300	6000000020312580940
Q1346990	6000000029780018341
Q134699416	6000000043720057764
Q134699471	6000000016682143775
Q134699923	6000000028409345131
Q134700560	6000000004067608600
Q134700865	6000000001116919389
Q134701167	6000000017567455128
Q134701794	6000000016226473078
Q134703044	6000000014428699208
Q134703068	6000000014428699213
Q134703089	6000000019465953142
Q134703123	6000000018705835084
Q134703135	6000000017618383777
Q134703166	6000000017618355497
Q134703176	6000000017618180612
Q134703189	6000000021089278330
Q134703514	6000000017668300143
Q134704644	6000000006705633090
Q134704769	6000000009814855345
Q134704834	6000000022875331324
Q134704835	6000000022875713624
Q134704981	6000000014841870477
Q1347053	6000000027152642888
Q134705427	6000000050813025643
Q134705446	6000000049856389231
Q134705450	6000000044394140961
Q134705483	6000000040035321898
Q134705487	6000000040034978470
Q134705489	6000000040035302886
Q1347056	6000000018975196428
Q134705825	6000000029598984853
Q134705872	6000000020182139543
Q134705928	6000000173401210875
Q134705981	6000000026592433071
Q134705985	6000000021829182813
Q1347060	6000000020335851403
Q134707605	6000000158152085827
Q1347080	6000000182532310823
Q134708201	6000000037403703737
Q1347095	6000000077295003130
Q134710199	6000000017081928046
Q134710202	6000000006338787518
Q1347106	6000000007437059070
Q134710972	6000000009056328500
Q134711204	6000000039038961279
Q134711367	6000000017667344452
Q13471183	6000000022590573501
Q13471214	6000000022590752473
Q13471243	6000000022779661088
Q134713581	6000000018217724187
Q134713707	6000000027036137649
Q134713755	6000000000818586134
Q134713833	6000000105269453895
Q1347140	6000000053011653839
Q1347143	6000000122235664833
Q134715720	6000000028751974958
Q13471647	6000000059766708932
Q134716519	6000000041860580837
Q134716522	6000000013137018257
Q134716551	6000000003940843515
Q134716566	6000000013136956475
Q134716567	6000000013136899560
Q134716914	6000000177629863881
Q134716973	6000000013047286566
Q134717125	6000000014694951317
Q134717195	6000000002985557577
Q134718853	6000000107042750830
Q134718924	6000000017406192353
Q134718949	6000000184946175832
Q134718957	6000000032345821326
Q134719183	6000000013719951155
Q1347193	6000000013993683955
Q134719371	6000000006712881302
Q134719737	6000000214708118836
Q134719737	6000000215458685828
Q134720038	6000000048124846912
Q1347211	6000000003750318013
Q1347215	6000000014240967352
Q134721501	6000000107043476827
Q134721678	6000000107045282908
Q134721767	6000000007923502738
Q134721809	6000000006962729195
Q134721991	6000000002809420445
Q134722108	6000000160104896821
Q134723035	6000000011634817860
Q134723049	6000000020560618558
Q134723052	6000000020560724416
Q134723065	6000000020560541779
Q134723106	6000000021041802462
Q134723109	6000000038641966888
Q134726012	6000000027343696970
Q134726125	6000000024760308412
Q134726127	6000000024760349140
Q1347262	283176055150004832
Q1347264	6000000082240469840
Q134726894	6000000001818075778
Q134726960	6000000018409670149
Q134726962	6000000018409912045
Q134726963	6000000018409614766
Q134726964	6000000018457537132
Q134727415	6000000203974804822
Q134728177	6000000132358768244
Q134728692	6000000094295302184
Q134728830	6000000044339896702
Q134729025	6000000002373424197
Q134729767	6000000018109427465
Q134729792	6000000024760602934
Q134729793	6000000024760627890
Q134730302	6000000024758466046
Q13473119	6000000054913518226
Q1347318	6000000075799958821
Q134731990	6000000037010163861
Q134731990	6000000219153441885
Q134732168	6000000057067730860
Q134732217	6000000173850779284
Q134732246	6000000080986253975
Q1347324	6000000004176944447
Q134732448	6000000033602488948
Q134732453	6000000033602447859
Q1347335	6000000140431097900
Q1347338	6000000176565596846
Q134734302	6000000013009266523
Q134734541	6000000014946944495
Q134734599	6000000080984329135
Q134734600	6000000014947225623
Q134734601	6000000014950640591
Q134734602	6000000014947141645
Q1347356	6000000012361326994
Q1347358	4985529782020127225
Q1347360	6000000056631644008
Q134736979	6000000081333131373
Q134736992	6000000015186193731
Q134737177	6000000173429228994
Q134737178	6000000190293575853
Q134737179	6000000190293268834
Q134737207	6000000031974537683
Q134737209	6000000031974554519
Q1347373	6000000036557087943
Q134737623	6000000133890408823
Q134737646	6000000172733780855
Q134737649	6000000172733510024
Q134737952	6000000219156472831
Q134737986	6000000180567905867
Q134737993	6000000039647413213
Q134738222	6000000209446556822
Q13473838	6000000011726196606
Q134739743	4139946804060043258
Q1347398	6000000003209131788
Q1347401	6000000029617838874
Q134740406	6000000085414548955
Q134740412	6000000020368923893
Q134740642	6000000017972584671
Q134740797	6000000002398774057
Q134740941	6000000002410745028
Q134741	6000000007033306200
Q1347414	6000000022346376361
Q134742446	6000000171793136222
Q1347454	6000000008980238314
Q13474828	6000000002447381572
Q13474862	6000000018788760545
Q134750946	6000000000490894633
Q13475216	6000000007442259960
Q13475514	6000000023007455102
Q134761256	6000000016179123394
Q13476148	6000000019300908648
Q13476154	6000000002188374228
Q134761822	6000000173399929424
Q1347622	6000000187449411836
Q13476260	6000000089634420874
Q13476272	6000000014417086387
Q134762785	6000000006637492001
Q134763278	6000000087924384821
Q134763771	6000000087924338854
Q1347657	6000000040598550399
Q1347695	6000000029450035868
Q1347698	6000000071611972907
Q1347723	6000000008427121936
Q134772972	6000000017763003166
Q1347757	6000000051382268973
Q134776141	6000000054444659852
Q134776811	6000000088347850837
Q134776950	6000000033200029397
Q134777405	6000000174351358882
Q134778106	6000000211588507823
Q134778523	6000000019155670514
Q134778544	6000000139437647085
Q134778545	6000000139438532825
Q134778597	6000000219194791822
Q134778608	6000000206098490836
Q134782409	6000000017762283241
Q134782714	6000000037450958473
Q134782909	6000000017762312173
Q1347832	6000000078578562230
Q134783640	6000000033199868718
Q1347844	6000000014130157423
Q134784847	6000000010520113395
Q13478492	6000000081027536928
Q13478512	6000000009179092613
Q13478519	6000000009178834861
Q1347859	6000000006046622002
Q1347862	6000000033895638680
Q13478640	6000000003858676682
Q134786983	6000000054645897905
Q1347928	6000000091772670173
Q1347934	6000000021348888416
Q1347962	6000000001147513851
Q1347971	6000000014720742235
Q1348024	6000000015683098618
Q134802934	6000000098823107103
Q1348041	6000000143258469845
Q1348076	6000000024459369831
Q1348093	6000000069971383909
Q134809410	6000000218954289822
Q1348096	6000000060824251868
Q1348101	6000000036247022241
Q1348110	6000000034368288755
Q134812829	6000000132411430843
Q134812947	6000000132360078952
Q134812965	6000000132411475862
Q134812982	6000000132410984042
Q134812999	6000000132410579135
Q134813481	6000000071269223337
Q134813502	6000000071270088468
Q134813519	6000000071270618904
Q134813537	6000000132411365824
Q134813554	6000000132409583234
Q134813573	6000000132410205060
Q134813590	6000000034354708081
Q134813608	6000000132410649006
Q134813626	6000000132411462822
Q1348138	6000000014578500193
Q1348153	6000000065548737920
Q134815417	6000000019264514321
Q134815435	6000000019264607019
Q134815450	6000000019264421661
Q134816111	6000000048484218916
Q134816127	6000000019265638818
Q134816142	6000000019265758328
Q134816228	6000000019265578303
Q134816247	6000000019264767216
Q1348163	6000000010056312971
Q134817	385275387360011103
Q1348176	6000000019814832315
Q134817786	6000000071236185643
Q134818898	6000000034353158194
Q134818916	6000000019265807273
Q134819717	6000000034351271083
Q134819734	6000000034351390915
Q134819751	6000000034350465388
Q134819769	6000000034350672149
Q134820033	6000000034352655743
Q134820046	6000000034352764449
Q134820059	6000000034351208218
Q134820601	6000000034353094519
Q1348214	6000000002326556826
Q134822006	6000000214653124838
Q134822773	6000000079098607133
Q134822774	6000000008807370936
Q134822818	6000000002614101435
Q134822860	6000000041375117071
Q134822861	6000000049044887940
Q134822948	6000000020227882352
Q134822950	6000000020237563452
Q134822992	6000000020470734830
Q134823007	6000000013009168914
Q134823016	6000000138110061836
Q134823031	6000000012432686827
Q134823065	6000000036480228173
Q134823068	6000000009857095958
Q134823069	6000000024644264015
Q134823076	6000000024644183243
Q134823077	6000000003938265596
Q134823079	6000000003938265550
Q134823083	6000000001637082044
Q1348231	6000000028029712452
Q134823250	6000000014488221872
Q134823253	6000000014488353160
Q134823255	6000000013052329072
Q134823292	6000000147165181854
Q134823293	6000000132597781871
Q134823294	6000000132599066835
Q1348235	6000000141063665966
Q134824073	6000000024729259593
Q134825218	6000000026886700365
Q134825232	6000000026937274001
Q134825249	6000000026937728345
Q1348255	6000000003891971508
Q13482828	6000000007097564226
Q1348290	6000000095889220023
Q13483020	6000000003403583312
Q1348309	6000000018879610757
Q1348320	6000000014925238408
Q134833966	6000000038658606848
Q134834558	6000000039673015240
Q134835229	6000000050886411105
Q134835998	6000000050886065833
Q134836674	6000000001715504177
Q134836689	6000000001715504202
Q134836968	6000000009405037141
Q134837734	6000000027103009799
Q134837734	6000000215258367821
Q1348381	6000000177603409875
Q134839044	6000000041196809567
Q134839217	6000000041197081122
Q1348425	6000000035481898683
Q1348458	6000000034523826948
Q1348460	6000000017602266950
Q1348506	6000000145063857836
Q1348509	6000000072411408945
Q1348531	6000000184000357843
Q1348598	6000000015401384949
Q134860218	6000000035478670637
Q13486110	6000000050551609830
Q13486199	5578331122150045273
Q134862190	6000000210565469824
Q1348649	6000000018389337071
Q1348727	6000000026762397266
Q134873777	6000000210565286837
Q134873783	6000000067755858871
Q134873784	6000000067755880876
Q134873953	6000000028317748607
Q1348747	6000000001845853175
Q1348751	6000000020809065668
Q134876581	6000000205577400825
Q134876584	6000000205577132885
Q134877021	6000000067756955839
Q134877580	6000000038237323852
Q134877873	6000000038236013361
Q134878893	6000000003516506546
Q134879900	6000000214707702850
Q134879907	6000000038018295874
Q134879961	6000000038017124345
Q134880103	6000000215458640837
Q134880253	6000000014417917306
Q134880420	6000000014417974493
Q134880421	6000000018442927403
Q134880433	6000000015185488788
Q134880512	6000000000144205984
Q134880516	6000000002985575831
Q134880520	6000000018436014345
Q134880813	6000000014418093132
Q134880957	6000000007633050092
Q1348810	6000000030571877231
Q134881148	6000000008369908012
Q134881162	6000000020348332505
Q134881218	6000000038326418821
Q134881571	6000000183654249825
Q134882071	6000000010532709249
Q134882222	6000000198276013822
Q134882387	6000000002599741041
Q134882388	6000000002599736972
Q134882390	6000000002174842352
Q134882393	6000000000484728149
Q134882394	6000000006445913984
Q134882545	6000000017658020294
Q134882692	6000000205612508850
Q134882701	6000000025050044591
Q134882739	6000000165561740007
Q134882801	6000000165562186835
Q134882941	6000000008421329352
Q1348831	6000000052982165103
Q134883245	6000000216593526882
Q134883589	6000000010982420935
Q134883633	6000000083964805148
Q134883634	6000000050754164901
Q134883733	6000000019255427824
Q1348839	6000000177319590829
Q1348842	6000000036988328897
Q134884359	6000000013451555540
Q134884575	322818527630005234
Q1348848	6000000046659863178
Q134884956	6000000042816144432
Q134884958	6000000042815760496
Q134884961	6000000019458467259
Q134884964	6000000003938020027
Q134884965	6000000003939075867
Q134884967	6000000003938020035
Q134884968	6000000000977248057
Q134884969	6000000004296565789
Q134885212	6000000020894304137
Q134885365	6000000210452668831
Q1348854	6000000041944343127
Q134885433	6000000013338446427
Q134885529	6000000020690903887
Q134885576	6000000009475492328
Q134885604	6000000006127170643
Q1348857	6000000009986070235
Q134885850	6000000009715541488
Q134887386	6000000018231970142
Q134887540	6000000018232062445
Q134887637	6000000014719851791
Q134887638	6000000018231164946
Q134887644	6000000040546894889
Q134887644	6000000087354920849
Q134887646	6000000040546796905
Q134887646	6000000087358194886
Q1348881	6000000008996900258
Q134888278	6000000010152259228
Q134888318	6000000018232437532
Q134888342	6000000018232396712
Q134888343	6000000018237748270
Q134888397	6000000018237789518
Q134888800	6000000009554059356
Q134889120	6000000010351496798
Q1348892	6000000166886724046
Q134889228	6000000009413254203
Q134889233	6000000009413208699
Q1348897	6000000074830970012
Q134890304	6000000002686684416
Q134890375	6000000008110278870
Q134890383	6000000008698277407
Q134890394	6000000014417829955
Q134890403	6000000006127752118
Q134890430	6000000194717237832
Q134890442	6000000014417543844
Q134890443	6000000014417580295
Q134890444	6000000014417588956
Q13489125	6000000120547557876
Q134891294	6000000208690324828
Q13489143	5112402753050137240
Q134892182	6000000024566090718
Q134892183	6000000014418044390
Q134892470	6000000054209463862
Q134893292	6000000014279889382
Q134893608	696837
Q134893662	6000000001979038313
Q134893780	6000000004038434003
Q134893945	4731760068610061121
Q134893995	696701
Q134895	6000000009785811441
Q1348950	6000000013975822970
Q134895060	696758
Q134895171	739394
Q134895405	6000000198617885870
Q134895484	6000000063342330942
Q134895536	6000000027542390055
Q134895575	6000000017199021702
Q134895818	6000000134536666031
Q134897170	6000000012163723265
Q1348975	6000000010783351390
Q13489848	6000000020612085748
Q134898659	6000000024598389869
Q134899713	6000000016054197420
Q13490065	6000000011624625931
Q1349020	6000000014338066500
Q13490265	6000000072197637837
Q1349038	6000000017215660614
Q1349042	6000000017854728893
Q1349049	6000000002718036511
Q134905157	6000000008303102412
Q134905549	6000000011566459359
Q134906178	6000000019039862431
Q134906297	6000000015876279359
Q1349123	6000000016104077719
Q1349142	6000000011896794264
Q1349144	6000000047646971939
Q134915779	6000000000875502086
Q1349175	6000000013269651881
Q134918021	6000000029342012304
Q1349184	6000000125821935830
Q134921774	6000000003679584651
Q1349232	6000000012047354369
Q1349235	6000000086849823014
Q1349245	6000000006937034086
Q134925016	6000000006987275159
Q1349252	6000000019419421116
Q1349257	6000000011297911990
Q1349284	6000000034653667828
Q1349298	6000000034234559161
Q134930668	6000000014281736291
Q134930748	6000000007860704569
Q134930765	6000000074834812051
Q134930768	6000000003958840385
Q134930785	6000000014281209834
Q134930786	6000000074830725061
Q134930787	6000000014281627636
Q134930788	6000000074833476663
Q134931194	6000000005406172241
Q134931203	6000000074830725929
Q134931326	6000000082141410924
Q134931334	6000000074835177083
Q134931817	6000000082141648964
Q134931979	6000000147110119229
Q1349324	6000000084729252633
Q134932708	6000000014283240808
Q134932709	6000000014625250443
Q134932796	6000000017423480943
Q13493406	6000000060225756156
Q1349352	6000000145544933827
Q134935470	6000000017426088203
Q134936058	6000000011733463582
Q134936296	6000000014822127337
Q134937078	6000000011562840055
Q13493813	6000000016455461781
Q134938698	6000000010411981784
Q13493870	6000000016520084014
Q13493904	6000000076144939855
Q134939118	6000000017425120963
Q13493942	6000000004953413800
Q13493989	6000000007043621031
Q134940029	6000000014221590033
Q13494068	6000000024585728789
Q13494127	6000000010774569103
Q1349419	6000000013175547941
Q134942	6000000011110205231
Q134942245	6000000044551884066
Q134943135	6000000190091929821
Q1349455	6000000005741439166
Q1349478	6000000026018631146
Q1349488	6000000021700625508
Q1349502	6000000009536639725
Q134951194	6000000117771808885
Q1349514	6000000015619515038
Q134953023	6000000013642250700
Q134953033	6000000013642775471
Q1349536	6000000018231086341
Q134953644	6000000007910030232
Q134953653	6000000011211450237
Q134953900	6000000007408805252
Q134954041	6000000007319688519
Q134954042	6000000007319767231
Q134954816	6000000007319640845
Q1349550	6000000061093121840
Q134955081	6000000206193016896
Q134955122	6000000007319710543
Q134955130	6000000013494219318
Q134955186	6000000133417879890
Q134955327	6000000006720673342
Q13495690	6000000017429425392
Q1349573	6000000021891093900
Q134957847	6000000003896785831
Q134958	6000000044482212140
Q134958346	6000000006282124522
Q134958517	6000000007319665808
Q134958545	6000000186581273842
Q134958742	6000000020311111837
Q134958786	6000000026664530831
Q134958787	6000000024262514381
Q134958788	6000000028973650767
Q134958789	6000000053032377487
Q134958790	6000000075774145821
Q134958792	6000000040727324210
Q134958794	6000000015521452212
Q134958795	6000000020358613057
Q134958796	6000000009515267319
Q134958862	6000000022045856338
Q134959024	6000000009437299828
Q134959118	6000000211119508822
Q134959189	6000000029600006064
Q134959192	6000000190289755823
Q134959199	6000000029595944978
Q134959201	6000000190261900892
Q134959228	6000000006429598307
Q134959261	6000000190262947824
Q134959290	6000000029600094857
Q134959295	6000000029600002310
Q134959310	6000000007320276992
Q134959311	6000000014281724198
Q134959596	6000000031973850521
Q134959600	6000000031961371307
Q134959703	6000000004641958349
Q134959888	334179886950004501
Q1349606	6000000145235317040
Q134960666	6000000042516284152
Q134960700	6000000218345055850
Q1349610	6000000010780393799
Q134961054	6000000042516157431
Q134961118	6000000042516304040
Q134961149	6000000037571861746
Q134961403	6000000066823224821
Q134961405	6000000022435365978
Q134961428	6000000051461750295
Q134961479	6000000062451086902
Q134961537	6000000020922632846
Q134961543	6000000017960753020
Q134961566	6000000182345271850
Q134961741	540780
Q134961742	4845270297910018316
Q134961743	4028525948480011148
Q134961744	5544907046190116523
Q134961745	3906468
Q134961746	5544889437250080794
Q134961747	5544875447080042634
Q134961748	5639546131890129008
Q134961749	5078797964600134896
Q134961750	5551137737120064880
Q134961751	327473857540004484
Q134961752	350715815350001165
Q134961753	362309614780012158
Q134961754	4488743347400061668
Q134961755	343548108380013107
Q134961759	355388997210012218
Q134961760	337536598870005439
Q134961761	5551462245620079939
Q134961762	327471091640007928
Q134961763	327473226260001951
Q134961764	5079164949190117071
Q134961765	5041623468520027412
Q134961766	343547556680013103
Q134961767	4681839
Q1349618	6000000017727762202
Q134961895	6000000032600573609
Q134962019	6000000000695481498
Q134962020	6000000004977123892
Q134962021	6000000006358129563
Q134962022	6000000011368841230
Q134962023	6000000013798594425
Q134962024	6000000014073823680
Q134962025	6000000016780784301
Q134962026	6000000017909186053
Q134962027	6000000018237962106
Q134962028	6000000018367050885
Q134962029	6000000018529819757
Q134962030	6000000019592071937
Q134962031	6000000022213435320
Q134962032	6000000025067408055
Q134962033	6000000025400243750
Q134962034	6000000029968421074
Q134962035	6000000030919933514
Q134962036	6000000032596829353
Q134962037	6000000047547300964
Q134962038	6000000048599739111
Q134962039	6000000053302583855
Q134962040	6000000060315534830
Q134962042	6000000077636435047
Q134962043	6000000084044436281
Q134962044	6000000106727424869
Q134962045	6000000172780443000
Q134962046	6000000184915610838
Q134962047	6000000187041352854
Q134962048	6000000189513035824
Q134962049	6000000194318325865
Q134962050	6000000195498581911
Q134962051	6000000198701562851
Q134962052	6000000204853361821
Q134962053	6000000205933780825
Q134962054	6000000207734130821
Q134962055	6000000207776303832
Q134962056	6000000209708254830
Q134962057	6000000214184658821
Q134962058	6000000218995252829
Q134962059	6000000219079572823
Q134962060	6000000219148035855
Q134962106	6000000010540143269
Q134962107	6000000022116949760
Q134962108	6000000025916577021
Q134962109	6000000029916370238
Q134962110	6000000035155064951
Q134962111	6000000044866306885
Q134962112	6000000046998166909
Q134962113	6000000057106061296
Q134962114	6000000183140780859
Q134962116	6000000194661844829
Q134962117	6000000205783663875
Q134962118	6000000218995171876
Q134962119	6000000219306337829
Q134962145	6000000001888722966
Q134962146	6000000005049745239
Q134962147	6000000006950143312
Q134962148	6000000007377671634
Q134962149	6000000007621235545
Q134962150	6000000007935993158
Q134962151	6000000007957585755
Q134962152	6000000009065226922
Q134962153	6000000009645469125
Q134962154	6000000009821750053
Q134962155	6000000009822294880
Q134962156	6000000009822551056
Q134962157	6000000009923345092
Q134962158	6000000010511794451
Q134962159	6000000011643779725
Q134962160	6000000012181773014
Q134962161	6000000014784788351
Q134962162	6000000017166526429
Q134962163	6000000017166621179
Q134962164	6000000019326843212
Q134962165	6000000019624533687
Q134962166	6000000020327407490
Q134962167	6000000020908300599
Q134962168	6000000021060847098
Q134962169	6000000022671739926
Q134962170	6000000024581804712
Q134962171	6000000025032650888
Q134962172	6000000026015748049
Q134962173	6000000026147271393
Q134962174	6000000026201776223
Q134962175	6000000029598456620
Q134962176	6000000029699968091
Q134962177	6000000029707429898
Q134962178	6000000031117220950
Q134962179	6000000033236124612
Q134962180	6000000033889858935
Q134962181	6000000035476060389
Q134962182	6000000036626565332
Q134962183	6000000039647568487
Q134962184	6000000039889888854
Q134962185	6000000044941211839
Q134962186	6000000046748319182
Q134962187	6000000056165683852
Q134962188	6000000072043184156
Q134962189	6000000072933660821
Q134962190	6000000077822865431
Q134962191	6000000078140511112
Q134962192	6000000082433316987
Q134962193	6000000082705135858
Q134962194	6000000106700907868
Q134962195	6000000110580184897
Q134962196	6000000120515235904
Q134962197	6000000123942235856
Q134962198	6000000137577348860
Q134962199	6000000138667612883
Q134962200	6000000139609943189
Q134962201	6000000140128101857
Q134962202	6000000156116749925
Q134962203	6000000172722567072
Q134962204	6000000175647544854
Q134962205	6000000177183016823
Q134962206	6000000178654354868
Q134962207	6000000183028007836
Q134962208	6000000188293504880
Q134962209	6000000191514177826
Q134962210	6000000196327763824
Q134962211	6000000198581255855
Q134962212	6000000198583142863
Q134962213	6000000202022929824
Q134962214	6000000202698474827
Q134962215	6000000204927925866
Q134962216	6000000205335991871
Q134962217	6000000207291307838
Q134962218	6000000207683648887
Q134962219	6000000208102304836
Q134962220	6000000210049373870
Q134962221	6000000215229265843
Q134962222	6000000219134643881
Q134962223	6000000219190010877
Q134962224	6000000219197853849
Q134962539	6000000218973039824
Q134962550	6000000218973066836
Q134962746	6000000008108766316
Q134962961	6000000004216952175
Q134963055	6000000003992395202
Q134963084	6000000015442989625
Q134963503	6000000008924110777
Q134963628	6000000217172001837
Q134963898	6000000037399297197
Q1349639	6000000006823754264
Q134964293	6000000015729999966
Q134965868	6000000008466413540
Q134965880	6000000000806928061
Q134965984	6000000008341499502
Q134966130	6000000019835228278
Q134966446	6000000025917519289
Q1349666	6000000011307142430
Q1349686	6000000008499151883
Q134969278	6000000024760448153
Q1349712	6000000104309308822
Q134971984	6000000001285547872
Q134972004	6000000008740096268
Q134972060	6000000015536690399
Q134972137	6000000082681973842
Q134972276	6000000191782345897
Q134972349	6000000007906923577
Q134972503	6000000007028356005
Q1349729	6000000030525290845
Q134973088	6000000017920665776
Q134973254	6000000019702956999
Q134973311	6000000074450950821
Q134973317	6000000184873400900
Q134973323	6000000029214768569
Q134973328	6000000080102281843
Q134974439	6000000150838406093
Q134974469	6000000024948334662
Q134974470	6000000024948446048
Q1349753	6000000008616312018
Q13497602	6000000018027631763
Q13497603	6000000018776847545
Q13497607	6000000017483799776
Q134977250	6000000187581584825
Q134977900	6000000175993595823
Q134978171	6000000071233402995
Q134978210	6000000056316160137
Q134979253	6000000006575813263
Q134979633	4232537
Q134980535	6000000142923753868
Q1349806	6000000019474311160
Q134980679	6000000041117049998
Q134980741	6000000014745893111
Q134980885	6000000010189339399
Q134982	6000000009514228690
Q134982608	6000000022018694501
Q134982699	6000000041173822067
Q134982734	316971043190003537
Q134982734	6000000211396046839
Q134982775	6000000045380442938
Q134983186	6000000014745958040
Q134983197	6000000031276133385
Q134983200	6000000022018719499
Q134983205	6000000031276273283
Q134983246	6000000024971782775
Q134983311	6000000000754243399
Q134983320	6000000048339559597
Q134983326	6000000000754243172
Q134983356	6000000023437865838
Q134983578	6000000023287268151
Q134983600	6000000211636277832
Q134983612	6000000019411468671
Q134983835	6000000039315130179
Q134983865	6000000009237485688
Q134983867	6000000001212900143
Q134983904	6000000023437725911
Q1349840	6000000023133585428
Q134984019	6000000021040666030
Q134984071	6000000218369187826
Q134984073	6000000218369094903
Q134984075	6000000218369394825
Q134984081	6000000001353743452
Q134984238	6000000030938844073
Q134984256	6000000030941542248
Q134984331	6000000025308814036
Q134984360	6000000024758102000
Q134984399	6000000025308628004
Q134984400	6000000000981036456
Q134984569	6000000016560398185
Q134984694	6000000031275808053
Q134984786	6000000031275768311
Q134984868	6000000008415158030
Q134984881	6000000008415275112
Q134984938	6000000078103998093
Q134985220	6000000025865796160
Q134985307	6000000201286736822
Q134985492	6000000045878509000
Q134985574	6000000041261318344
Q1349858	6000000015746537287
Q134986549	6000000026228666335
Q1349866	6000000035543795615
Q134986829	6000000008763823532
Q134987013	6000000016407732138
Q134987015	6000000018403140329
Q134987104	6000000007472539391
Q134987138	6000000007602656518
Q134987138	6000000211393108752
Q134987187	6000000078655285009
Q134987213	6000000009645845580
Q134987354	6000000018346555794
Q1349879	6000000088594249023
Q134988202	6000000116607836912
Q134988574	6000000040483013940
Q134988684	6000000001294104345
Q134989748	6000000025901534260
Q134989978	6000000014473947378
Q134990519	6000000014472748494
Q134991295	6000000014005451912
Q134992221	6000000007320753032
Q134992223	6000000016363000124
Q13499227	6000000163668579830
Q134992424	6000000007321136376
Q134992479	6000000014960280273
Q134992741	6000000002137878234
Q134992744	6000000010932292701
Q134992888	6000000078279645015
Q1349942	6000000050358562924
Q1349950	6000000058026168221
Q134995873	6000000002419508122
Q134995901	6000000002419575141
Q134996173	6000000085239700887
Q134996404	6000000085853225943
Q134996572	6000000011577931959
Q134996589	6000000011757845489
Q134996849	6000000033100152821
Q134998182	6000000031975592185
Q134998220	6000000045775688844
Q134998222	6000000045774724274
Q134998224	6000000031975924854
Q134998283	6000000028106112620
Q134998385	6000000006444659604
Q134998702	6000000002760948540
Q134998728	6000000009056438053
Q134998932	6000000006896569691
Q134999430	6000000218298702667
Q134999770	6000000043102967491
Q134999770	6000000211393108795
Q134999831	6000000008016953870
Q134999843	6000000007074899308
Q134999888	6000000030939056839
Q135000393	6000000008568800662
Q135000417	5232289097210079871
Q135000596	6000000007949542427
Q135002018	6000000212485279878
Q135002044	6000000133996793900
Q135002241	6000000045271813879
Q135003318	6000000016362694805
Q135003415	6000000011284964017
Q135003418	6000000078015200850
Q135003436	6000000014273753699
Q135003441	6000000165407083856
Q135003549	6000000004840469111
Q135003673	6000000186396130821
Q135003982	6000000024760169355
Q135004016	6000000008113665217
Q135004129	6000000143883328974
Q13500447	6000000011888264435
Q135004845	6000000025308239713
Q135005084	6000000011285853606
Q135005236	6000000082733722699
Q13500573	6000000040638858634
Q13500580	6000000034097802356
Q135006096	6000000023967371980
Q135006097	6000000023967581844
Q135006098	6000000001578829004
Q135006108	6000000007202816204
Q135006304	6000000008114425297
Q135006327	6000000007466440215
Q135006331	6000000019975756302
Q135006388	6000000008657451926
Q135006389	6000000165391468922
Q135006548	6000000006712748942
Q135007443	6000000062547662855
Q135007694	6000000062614871162
Q135008917	6000000048793248119
Q135009140	6000000068817668183
Q135009167	6000000084419570389
Q135009251	6000000002801592913
Q135009273	6000000001016298675
Q135009663	6000000052565650910
Q135009682	6000000034316571763
Q135009704	6000000006608838173
Q135009850	6000000217084745821
Q135009947	6000000207505784829
Q135010423	6000000044443269978
Q135010423	6000000053703795089
Q135010498	6000000038609237441
Q135010791	6000000090466415839
Q135011165	6000000003918600386
Q135012025	6000000090497540445
Q135012151	6000000006609820008
Q135012222	6000000039041313180
Q135012328	6000000057366899135
Q135012330	6000000009822606114
Q135012343	6000000027103196138
Q135012343	6000000215258446822
Q135012476	6000000007978716070
Q135012492	6000000007978822963
Q135012513	6000000062814603836
Q135012653	6000000034211561553
Q13501330	6000000011261654936
Q135013439	6000000020186124696
Q135013683	6000000001318515768
Q135013706	6000000006608524373
Q135014128	6000000105876876871
Q13501471	6000000021411352973
Q1350149	6000000012186578258
Q1350150	6000000063110754922
Q135015885	6000000032120701439
Q135016311	6000000005414613666
Q135016792	6000000079562084023
Q135016827	6000000024114157839
Q135016845	6000000006374661987
Q135016914	6000000015259885667
Q1350174	4274767751160068841
Q135019501	6000000019744724060
Q1350196	6000000010510862885
Q135019793	6000000024249571972
Q135020931	6000000024248403777
Q1350215	6000000003043384007
Q135022021	6000000010556317995
Q135022984	6000000027120037411
Q135023006	6000000027120161218
Q135023769	6000000035067005182
Q135024698	6000000028258191964
Q135025146	6000000216328186823
Q1350253	6000000007560789332
Q1350256	6000000145224817823
Q135026411	6000000003126559312
Q135027471	6000000035539389520
Q13502830	6000000005678669003
Q135028351	6000000031833954092
Q1350286	6000000017543522826
Q1350330	6000000046386878361
Q135033365	6000000007896590631
Q135033793	6000000007885085225
Q135034686	6000000021377618086
Q135035277	6000000186876881956
Q135035388	6000000008389224299
Q135035396	6000000012881040020
Q135035546	6000000164113296216
Q135035796	6000000014993772584
Q1350367	6000000015462752027
Q135036934	6000000037946013701
Q135037500	6000000015915558826
Q135037506	6000000165391872821
Q135037507	6000000165391032833
Q135037514	6000000015915929089
Q135037520	6000000015937964510
Q135037521	6000000077625189026
Q135037592	6000000015915877512
Q135037643	6000000015915378737
Q1350383	6000000096707580821
Q1350388	6000000002889219501
Q135039488	6000000000008762785
Q135040791	1338261
Q135040812	6000000000008805463
Q135040884	6000000000008820474
Q135040897	6000000066766967852
Q135041186	6000000066767049821
Q135041717	6000000015936657300
Q135041739	6000000015936571468
Q135041755	6000000010561384379
Q135041763	6000000011581483370
Q135045314	6000000165395914821
Q135046766	6000000048646307016
Q135048225	6000000048646380092
Q1350489	6000000010342194448
Q135049022	6000000165964964910
Q135049023	6000000165397353847
Q1350492	6000000024865582001
Q1350509	6000000069640490093
Q135051195	6000000165966567864
Q1350527	6000000034828478185
Q1350541	6000000077376237954
Q135054679	6000000002236275455
Q1350556	6000000092790844214
Q135059325	6000000015395099769
Q1350623	6000000009745403651
Q1350633	6000000213865471823
Q135064277	6000000080101593005
Q135064913	6000000005072627323
Q1350654	6000000028142044392
Q135067284	6000000014267462264
Q135067331	6000000150839107904
Q135067332	6000000150839676821
Q135067464	6000000003273391190
Q135067503	6000000007511796497
Q135067788	6000000165398327880
Q135067789	6000000178745910934
Q135067805	6000000009929782591
Q135067896	6000000174228596316
Q135067913	6000000165405429823
Q135067914	6000000042834110115
Q135067922	6000000185553640971
Q135068059	6000000185446760867
Q135068062	6000000143546313894
Q135068195	6000000192035602863
Q135068272	6000000012314531008
Q135068637	6000000193258482830
Q135068638	6000000197920482900
Q135068639	6000000165421629824
Q135068663	6000000021148504390
Q135068678	6000000015346711871
Q135068737	6000000015627380690
Q135068744	6000000066287044875
Q1350692	4085704
Q135069909	6000000105180648500
Q1350705	6000000003491482294
Q135070921	6000000002510361727
Q135070974	6000000008548472201
Q135070994	6000000008250853007
Q135070999	6000000003277106863
Q135071	6000000002188470846
Q13507107	6000000036906518892
Q1350717	6000000011060713545
Q1350728	6000000035820252989
Q135074121	6000000165412810821
Q135074986	6000000036859748248
Q1350763	6000000181931303836
Q1350771	6000000032100306226
Q1350810	6000000036962997540
Q135081404	6000000190578385821
Q135082266	6000000068074312821
Q1350827	6000000016414865883
Q135084564	6000000008137352586
Q13508458	6000000021501659323
Q135084701	6000000001814732883
Q135085106	6000000186422919894
Q135085108	6000000041049586292
Q135085224	6000000003273320659
Q135085295	6000000186248774885
Q135085327	6000000041051271443
Q13508548	6000000150942518878
Q135086	6000000078998959038
Q1350863	6000000010683269054
Q135087	5057318322780060394
Q135087331	6000000041050918398
Q135087348	6000000041050899343
Q135087911	6000000008986829620
Q135088113	6000000011716921041
Q135088114	6000000011717538306
Q135088115	6000000011717324886
Q135088116	6000000011717454950
Q135088117	6000000011717410686
Q135088163	6000000008744479403
Q135088168	6000000007163842474
Q135088214	6000000036860420866
Q135088232	6000000174646523962
Q135088237	6000000186244144898
Q135088251	6000000041051231574
Q135088297	6000000077277743522
Q135088298	6000000077277777385
Q135088349	6000000174646597002
Q135088734	6000000003900013387
Q135088775	6000000034839610017
Q135088783	6000000009200911829
Q135088801	6000000018384687064
Q135088979	6000000034840814144
Q135089370	6000000027005661823
Q135089371	6000000027005455006
Q1350895	6000000000840020579
Q135091394	6000000008649576625
Q135091586	6000000073360354540
Q135091719	6000000018393061326
Q135092	6000000048131587826
Q135092042	6000000014570709032
Q135092042	6000000027156984679
Q135092615	6000000014122514786
Q135093590	6000000113137828837
Q135093695	6000000037379309785
Q135094025	6000000156195946856
Q135094417	6000000163413232477
Q135094719	6000000032032285864
Q1350959	6000000003137069469
Q135096905	6000000002771201803
Q135097172	6000000185070242827
Q135097420	6000000088228832950
Q135099140	6000000140123632132
Q135099236	6000000192095641829
Q135099475	6000000010495846420
Q135099662	6000000140125793921
Q135099672	6000000140123854344
Q135102463	6000000035817912369
Q135102465	6000000035817530468
Q135102468	6000000035816718603
Q135102691	6000000016976718351
Q135102850	6000000000583646225
Q135102958	6000000186466580040
Q135103586	6000000218561755831
Q135103748	6000000013362670674
Q135103787	6000000014570462271
Q135104059	6000000029220134817
Q1351047	6000000026077008868
Q135104879	6000000019714112336
Q135104887	6000000002081655431
Q135104894	6000000006936056064
Q135105006	6000000044199745129
Q135105108	6000000018337629830
Q1351052	6000000013502758154
Q135105300	6000000080101403213
Q135105310	6000000080102169022
Q135105352	6000000080101403207
Q135105376	6000000080102449898
Q1351055	6000000017347454979
Q1351057	6000000013765261488
Q135106745	6000000005445680003
Q135106755	6000000012471417085
Q135107221	6000000219324635826
Q135107236	6000000042213556100
Q135107244	6000000219324635826
Q135107247	6000000219324635826
Q135107434	6000000219324635826
Q135107514	6000000219324635826
Q135107714	6000000015904861831
Q135108543	6000000015346303719
Q135109072	3925362922700042790
Q135109114	6000000050361969929
Q135109118	6000000001743734755
Q135109198	6000000050360870542
Q1351096	6000000027825112708
Q1351098	6000000163569026837
Q135110074	6000000124292722952
Q135110104	6000000058538691822
Q135110211	6000000011466150965
Q1351103	6000000010800028537
Q135110340	6000000112962386847
Q135110344	6000000019861464386
Q1351104	6000000179959296828
Q135110428	6000000001959187141
Q135110429	6000000000459169919
Q135110477	6000000124292425051
Q135110693	6000000077454392920
Q135110693	6000000077609198179
Q135110707	6000000000664541535
Q135110710	6000000010411569130
Q135111	6000000002188470739
Q135111887	6000000179590050876
Q135111906	6000000039148802622
Q135111974	6000000094291143392
Q1351125	6000000038408511007
Q135112550	6000000039151368914
Q135112772	6000000000876505055
Q135112777	6000000018193392786
Q135112778	6000000000876410416
Q135112785	6000000015414087331
Q135112788	6000000002275132267
Q135112796	6000000007126941243
Q135112855	6000000046349067027
Q135112920	6000000041842323971
Q135112923	6000000027293697337
Q135113025	6000000003868148874
Q135113028	6000000003868304463
Q135113130	6000000018338051021
Q135113186	6000000179591414821
Q135113259	6000000046348960850
Q135113263	6000000028337391390
Q135113264	6000000003006514490
Q135113265	6000000003006514483
Q135113270	6000000028337297312
Q135113271	6000000028337349366
Q135113273	6000000027490282869
Q135113274	6000000007651440210
Q135113279	6000000046348755046
Q135113283	6000000041111448543
Q135113285	6000000001383804220
Q135113286	6000000014587199328
Q1351133	6000000051490600093
Q135113311	6000000000310351788
Q135113315	6000000000874412033
Q135113319	5649710357660071537
Q135113336	6000000018337300849
Q135113490	6000000040572197361
Q135113514	6000000037581465179
Q135113580	6000000179946034825
Q135113587	6000000014587209470
Q135113608	6000000011493470489
Q135113639	6000000040727789647
Q135113650	6000000017562622159
Q135113650	6000000037129239411
Q135113969	6000000012752090846
Q135114136	6000000018376954321
Q135114280	6000000134917015942
Q135114566	6000000016749644602
Q135114651	6000000013791600674
Q135114670	6000000018338097168
Q135114821	6000000018338019688
Q135114824	6000000080741419054
Q135114892	6000000019994246670
Q135116327	2275096
Q135116411	6000000056115603825
Q135116577	6000000018133896441
Q135116652	6000000082419819874
Q135116659	6000000082419683864
Q135116781	6000000016363806952
Q135116837	6000000038168377138
Q135116875	6000000025201187354
Q1351171	6000000027194756458
Q135117162	6000000050215446458
Q135117163	6000000016364068851
Q135117164	6000000024101608492
Q135117177	6000000019858153226
Q135117201	6000000019842185435
Q135117250	6000000023312631224
Q1351180	6000000095898287130
Q13511919	6000000014036904216
Q135121491	6000000002589492367
Q1351220	6000000002447355545
Q1351224	6000000004156055223
Q1351228	6000000054084327073
Q1351247	6000000004018381674
Q1351259	6000000018787531029
Q1351262	6000000030987095592
Q13512775	6000000006127170776
Q13512781	6000000128973713756
Q13512793	6000000007045130191
Q13512831	6000000009526856105
Q13512858	6000000011876577008
Q13512866	6000000022150344836
Q13512883	6000000004096792366
Q13512888	6000000151345627939
Q13512894	6000000007296183055
Q13513	6000000014143302156
Q13513044	6000000048833267999
Q13513070	6000000010592860307
Q13513077	6000000034493261120
Q1351320	6000000099030152837
Q1351341	6000000007653841825
Q1351386	6000000015312012179
Q135139	6000000014308746336
Q135139523	6000000007549194338
Q1351401	6000000044100331935
Q1351410	6000000195428078857
Q1351454	6000000040929956843
Q1351464	6000000183306856706
Q1351481	6000000140302685894
Q1351482	6000000003003264255
Q1351492	6000000010763320549
Q135150064	6000000191983019829
Q135150501	6000000191982966826
Q135150788	6000000016364021101
Q135150846	5697649057030124147
Q135151036	6000000019087708514
Q1351511	6000000009710774604
Q135151219	6000000016033303474
Q135152	6000000000769939369
Q135152161	6000000035316589442
Q135153320	6000000031275809496
Q135153357	6000000189957266828
Q135153388	6000000189957166829
Q135153488	6000000211792716824
Q1351536	6000000015742508430
Q135154	6000000014197329677
Q1351543	6000000141113848129
Q135156264	6000000071808966956
Q135156283	6000000071809251821
Q135156310	6000000071809025968
Q135156422	6000000014745838168
Q1351575	6000000055189664052
Q1351577	6000000023852292202
Q1351579	6000000120271829035
Q1351583	6000000164479179837
Q1351589	6000000109123477822
Q13516799	6000000137914667968
Q13516801	6000000043807551867
Q13516841	6000000001972050272
Q1351697	325232927240001638
Q1351700	6000000032618120304
Q135171	6000000014232927528
Q1351718	6000000143255473844
Q135179072	6000000010401956389
Q135179560	6000000061753531900
Q135179566	6000000061854877821
Q135179606	6000000061753562890
Q135179701	6000000091121346023
Q135180308	6000000019381316086
Q135180438	6000000007320887985
Q135180669	6000000019264941449
Q135180697	6000000066779143836
Q135180734	6000000018308153690
Q135180928	6000000014607870865
Q135181273	6000000036905383297
Q135181386	6000000016363674460
Q135181432	6000000016363844104
Q1351820	6000000011403123725
Q1351821	6000000040416995178
Q135184432	6000000016937592126
Q135184466	6000000080058110631
Q135184474	6000000009325400587
Q135184519	6000000198660026852
Q135184669	6000000165562217870
Q135184714	6000000007434692173
Q135184748	6000000007434883126
Q13518806	6000000000954650929
Q135188074	6000000037592230020
Q13518824	6000000014902611126
Q135188338	6000000002759389794
Q1351891	6000000006781162544
Q135189153	6000000090654123138
Q13518965	6000000003721633694
Q13519005	6000000018408643491
Q135190179	6000000036790189863
Q13519081	6000000027725328106
Q135190982	6000000002475180382
Q135190984	6000000002765596035
Q135191104	6000000032064148863
Q135191105	6000000032066384016
Q135191108	6000000000110341569
Q135191109	6000000000306867817
Q135191113	6000000052054932068
Q135191115	6000000052055082829
Q135191117	6000000002766440947
Q135191122	6000000003149619316
Q135191123	6000000000109957439
Q135191126	6000000000953536666
Q135191269	6000000075714894853
Q135191391	6000000007819882684
Q135191682	5725923977760021465
Q135191715	6000000013115084442
Q13519176	6000000021990175960
Q135192094	6000000009532185696
Q135192136	6000000007022235849
Q135192620	6000000013715448844
Q1351930	6000000007044996255
Q135193253	6000000217808247910
Q135193830	6000000003516369921
Q135193834	6000000004058437725
Q135193875	6000000015273507302
Q135194462	6000000090014332461
Q135194506	6000000076959680745
Q13519484	6000000022817686441
Q135195052	6000000010695184082
Q135195130	6000000010790102300
Q135195986	6000000006211017168
Q135195988	6000000000436283622
Q135195993	6000000019845947981
Q135196007	6000000006210990383
Q135196009	6000000008065412413
Q135196012	6000000001255041485
Q135196017	6000000007911464930
Q135196019	6000000002134588920
Q135196027	6000000007911582682
Q135196029	6000000001255038854
Q135196030	6000000001255038823
Q135196041	6000000001255038837
Q135196043	6000000001255041024
Q135196048	6000000006795479872
Q135196135	6000000000428447056
Q135196138	6000000010540559730
Q135196144	6000000001197646037
Q135196152	6000000019845529179
Q135196153	6000000019845860063
Q135196156	6000000019846829279
Q135196157	6000000004593203051
Q135196158	6000000004169780937
Q135196159	378103047920013933
Q135196164	378117102130012950
Q135196165	6000000000626650487
Q135196169	6000000000626724093
Q135196170	6000000000312760638
Q135196171	6000000008177114989
Q135196192	6000000019846623749
Q135196196	6000000002799057485
Q135196197	6000000063659148853
Q135196230	6000000001816730841
Q135196268	6000000006828503652
Q135196283	6000000019842402189
Q135196285	6000000019845650147
Q135196290	6000000002005901241
Q135196293	6000000019847121003
Q135196299	6000000002006209707
Q135196303	6000000006795243518
Q135196309	6000000003858645083
Q135196395	6000000080739749097
Q135196552	6000000027822617618
Q1351970	6000000073195601018
Q1351974	6000000008127078473
Q135197766	6000000071807622878
Q135197792	6000000071807404963
Q13519813	6000000003216080384
Q1351983	6000000000552622052
Q1351984	4983832859880108259
Q13519874	6000000016126947421
Q1351990	6000000002765654525
Q13519929	6000000180096078874
Q1351994	6000000006420190274
Q1352001	6000000030193687700
Q1352013	6000000036216751563
Q13520199	6000000212281329837
Q1352025	6000000002764681447
Q135204951	6000000185508649834
Q135205752	6000000025538542173
Q135205830	6000000195338386827
Q135205985	6000000010289859186
Q135205994	6000000008111974758
Q135206019	6000000034253607099
Q135206381	6000000029672970647
Q135206499	6000000034253277425
Q135206506	6000000034252388135
Q135206553	6000000012042137886
Q135208071	6000000052965255020
Q135208085	6000000110585827913
Q135208235	6000000059563707852
Q135208347	6000000076886223547
Q135208364	6000000055521870966
Q135208390	6000000055521661202
Q135208676	6000000186423396879
Q135208882	6000000008418686364
Q135209259	6000000013166488956
Q135209307	6000000020959909180
Q135209510	6000000020959832387
Q135210282	6000000015230035111
Q135210386	6000000032996496181
Q135211516	6000000219171478052
Q135211866	6000000219171478058
Q1352120	6000000018713037238
Q1352122	6000000179358354830
Q135212358	6000000187924464905
Q135212651	6000000187200083839
Q135213007	6000000013715960999
Q135213111	6000000043736320821
Q135214244	6000000219797263909
Q135214416	6000000044886990054
Q135215329	6000000148646529008
Q1352155	6000000030179964437
Q135215520	6000000008489581192
Q135215715	6000000011424133973
Q135215725	6000000007271649483
Q135216388	6000000001675952758
Q135216558	6000000190335491822
Q135216689	6000000006732729516
Q135216764	6000000007094511711
Q135216815	6000000012437881860
Q135216997	6000000129372483361
Q135217015	6000000014768717126
Q135217023	6000000006206249858
Q135218173	6000000145956364848
Q135218180	6000000008221208645
Q135218585	6000000007919961622
Q1352186	6000000011623844439
Q13521874	6000000026215008211
Q1352190	6000000013000520331
Q13521905	6000000023486432024
Q13521908	6000000007424381515
Q135219322	6000000102735552066
Q1352201	6000000023527511568
Q135220130	6000000040767378798
Q135220134	6000000016962194780
Q1352204	6000000059477732821
Q1352205	6000000145334385919
Q135221284	6000000037454021056
Q135221359	6000000003364818416
Q135221666	6000000175997483981
Q135222058	6000000038866746789
Q135222134	6000000038909443895
Q135222152	6000000066602730235
Q1352222	6000000001531536333
Q135222468	6000000021389552800
Q135223828	6000000015788561288
Q13522432	6000000021248327808
Q13522459	6000000000688986016
Q135224598	6000000003493384067
Q135224671	6000000011238565643
Q13522470	6000000002115920654
Q135224701	6000000031159090089
Q135224719	6000000031181572123
Q135224720	6000000015959538585
Q135224736	6000000031181259800
Q135224753	6000000031365840846
Q135224769	6000000034101044921
Q135224782	6000000034120816918
Q135224797	6000000034142102959
Q135224817	6000000034207009044
Q13522484	6000000015095793281
Q13522485	6000000011255313923
Q13522489	6000000034338442904
Q13522492	6000000130212557906
Q135224964	6000000040768024921
Q13522499	6000000013680759439
Q135225129	6000000021048961409
Q135225314	6000000005577802470
Q135225332	6000000008418111731
Q13522544	6000000014413197239
Q135225596	6000000031529764924
Q135226007	6000000007999084481
Q135227242	6000000037788543938
Q1352279	6000000084210146140
Q135228760	6000000084711047920
Q135228785	6000000085844173919
Q135228804	6000000007506901305
Q135228993	6000000037716026868
Q1352294	6000000007928526828
Q135230130	6000000014389566247
Q135232990	6000000071746185981
Q135233142	6000000021394168407
Q135233428	6000000203849549831
Q135233469	6000000203849090828
Q135233585	6000000206221574850
Q135233672	6000000018709727241
Q135233786	6000000018707139864
Q135233787	6000000013408406895
Q1352339	6000000034216688738
Q135234147	6000000015519038573
Q135234451	6000000019554039230
Q135235060	6000000080202558060
Q135235105	6000000079300451715
Q135235122	6000000080058807052
Q135235153	6000000080202109505
Q135235209	6000000080203079946
Q135235212	6000000080203677826
Q135235215	6000000080202691400
Q135235222	6000000025624131869
Q135235224	6000000025959330702
Q135236460	6000000151377050821
Q135236543	6000000151376518020
Q135236739	6000000151376037889
Q135236754	6000000219797309842
Q1352372	6000000013549107083
Q135237640	6000000219797492822
Q1352384	6000000049172030932
Q135238617	6000000011285630219
Q1352397	6000000009460877624
Q1352410	6000000018481394984
Q1352421	6000000018135398842
Q135244330	6000000186423940859
Q135244913	6000000164155291833
Q135244938	6000000005162199010
Q1352451	6000000125041790844
Q1352468	6000000014298506311
Q1352475	6000000177620649824
Q1352511	6000000099086290821
Q1352514	6000000166733848834
Q1352518	6000000024110299911
Q1352525	6000000013819225490
Q1352529	6000000014340142149
Q135254078	6000000017214398573
Q1352541	6000000030615360388
Q1352542	6000000049402316909
Q1352544	6000000015069328253
Q1352562	6000000040807175508
Q1352575	6000000029883979264
Q135258697	6000000187659129895
Q135258730	6000000187659457868
Q135259361	6000000171900700069
Q135259704	4899114879500033104
Q13526	6000000012518519091
Q135261007	6000000023441563074
Q135261033	6000000010421109500
Q135261140	6000000008840313809
Q135261171	6000000040143433822
Q135261249	6000000016190746202
Q135261283	6000000015724266621
Q135261333	6000000015724248344
Q135261420	6000000011318278113
Q135261491	6000000016709292495
Q135261568	6000000004667129862
Q135262051	6000000009494020130
Q135263787	6000000008731595413
Q135264070	6000000012381020034
Q135264589	6000000012380993719
Q135264639	6000000022231418554
Q135264653	6000000107399401821
Q1352648	6000000032600839992
Q135264868	6000000013072950277
Q135265393	6000000148385433821
Q135265493	6000000186424244828
Q135265497	6000000005239820040
Q1352656	6000000005956575093
Q135267160	6000000010683245534
Q1352678	6000000180200025823
Q1352683	6000000006409510824
Q135268330	6000000009432856669
Q135268350	6000000007949796983
Q135269715	6000000008107227701
Q135269910	6000000126692323402
Q135271275	6000000072895553086
Q135271375	6000000076216763016
Q135271479	6000000131058906833
Q135271636	6000000069963185953
Q135271700	6000000069961629587
Q135271803	6000000009498804132
Q135272171	6000000072896094893
Q135272297	6000000076216094136
Q135272398	6000000021885337266
Q1352728	6000000180460966914
Q135273046	6000000007497972792
Q135273222	6000000015714012593
Q135273271	6000000015714251390
Q1352736	6000000030101585803
Q135273668	6000000188745126836
Q135273707	6000000024948423928
Q135273711	6000000005940689595
Q135273827	6000000025083678255
Q135273838	6000000017917919323
Q135273910	6000000006285645094
Q1352741	6000000026063961891
Q135274176	6000000038363570084
Q135274181	6000000005789601973
Q135274185	6000000005790380114
Q135274190	6000000002030523596
Q135274197	6000000002603587713
Q135274231	6000000046705398101
Q135274237	6000000002030511461
Q135274241	6000000002030506536
Q135274273	6000000009553433703
Q135274274	6000000009553810376
Q135274280	6000000000474966055
Q135274300	6000000006441962834
Q135274307	6000000002603587085
Q135274332	6000000002531447511
Q135274333	6000000004162222890
Q135274335	6000000004162371355
Q135274337	6000000001156644762
Q135274372	6000000015428628382
Q135274374	4447426639710058113
Q135274375	6000000008872586180
Q135274377	6000000008873036878
Q135274378	6000000002965485180
Q135274383	6000000014339971350
Q135274388	6000000152437340833
Q135274390	6000000194186226906
Q135274391	308327000960004383
Q135274398	4447373828450046457
Q135274418	4411531967030038361
Q135274420	6000000004223509002
Q135274421	6000000001583379180
Q135274422	6000000000148973136
Q135274424	6000000007463453639
Q135274428	6000000019036133360
Q135274429	6000000018605594173
Q135274430	6000000001583370975
Q135274450	6000000004223664460
Q135274455	6000000032439163371
Q135274456	4769780138620074428
Q135274457	4769773974070081019
Q135274458	4526450054430123696
Q135274459	4526427961990040274
Q135274462	6000000003937946548
Q135274664	6000000040481531325
Q1352749	6000000097334981870
Q135275365	6000000038370069809
Q1352757	6000000105264636882
Q135276119	6000000001180101097
Q135276157	6000000015788616152
Q135276784	6000000013072779618
Q1352769	6000000028012244909
Q135277080	6000000013072910560
Q1352772	6000000018943297137
Q1352776	6000000022957328664
Q135277844	6000000104643615140
Q135278251	6000000021910909363
Q1352783	6000000009626595536
Q135278375	6000000001424045078
Q135278377	6000000011579624694
Q135278395	6000000056964288848
Q135278411	6000000018453045609
Q135278463	6000000019870655408
Q135278556	6000000012316697886
Q135278557	6000000013486679497
Q135278559	6000000004791187018
Q135278602	6000000062309614927
Q135278610	6000000041525948501
Q135278617	6000000041525669245
Q135278626	6000000041525977853
Q135278629	6000000041525951852
Q135278630	6000000041525830946
Q135278659	6000000041525871898
Q135278682	6000000007337702125
Q135278959	6000000010545896832
Q135278961	6000000006817206696
Q135278980	6000000006901400022
Q13527930	6000000136808403012
Q1352797	6000000088235889887
Q1352802	6000000077715805621
Q135280427	6000000011956287903
Q135280633	6000000019176836017
Q135280701	6000000006817289864
Q135280742	6000000003133117274
Q1352816	6000000018091851913
Q1352818	6000000012419052119
Q1352820	6000000069911408213
Q135283932	6000000003938268240
Q135284226	6000000022569769258
Q135284261	6000000022569580579
Q135284416	6000000022569974016
Q135284515	6000000022569787495
Q135284647	6000000013502131297
Q135284651	6000000185431348872
Q135284653	6000000034643632235
Q135284654	6000000185431840847
Q135284656	4517565638420077367
Q135284658	6000000006728017737
Q135284755	6000000018512574623
Q135285038	6000000015596511498
Q135285153	6000000034042839850
Q135285162	6000000025839523155
Q135285163	6000000003795921427
Q135285164	6000000025840463495
Q135285165	6000000025842815944
Q135285218	6000000006802907418
Q135285224	6000000003938141722
Q135285226	6000000003938865675
Q135285229	6000000006802794140
Q135285249	6000000006445929557
Q135285507	6000000035788818411
Q135285509	6000000002205446836
Q135285512	6000000001356826189
Q135285513	6000000035790551827
Q135285516	6000000013268312471
Q135285517	6000000006444229456
Q135285518	5494660138350031193
Q135285599	6000000002928630151
Q135285600	6000000004107337430
Q135285606	6000000006444704175
Q135285727	6000000016442054033
Q135285732	6000000000484728046
Q135285734	6000000000869432177
Q135285922	6000000006290735647
Q135285929	6000000006252368907
Q135285933	6000000003490596281
Q135285953	6000000000260513641
Q135286042	6000000003075845863
Q135286046	6000000000181161436
Q135286061	6000000018708366851
Q135286125	6000000018707299674
Q135286162	6000000018709086389
Q135286358	6000000003529269189
Q135286359	6000000000112131768
Q135286362	6000000000112126536
Q135286366	6000000005739219523
Q135286372	4161106
Q135286377	6000000002054710062
Q135286398	6000000003150101096
Q1352864	6000000026134329811
Q135286410	370057590040006063
Q135286413	6000000000112117079
Q135286429	6000000013603969522
Q135286431	6000000013603983485
Q135286433	6000000000426765934
Q135286459	6000000004980047768
Q135286463	6000000025528969344
Q135286466	6000000025738645347
Q135286468	6000000010762145835
Q135286484	6000000001564811341
Q135286509	6000000006444727040
Q135286512	6000000026118266643
Q135287091	6000000016811103298
Q135287097	6000000018202970889
Q135287099	6000000018202987285
Q135287197	6000000024626466689
Q1352872	305134155590002514
Q135288336	6000000039031044600
Q1352885	6000000177096422834
Q1352920	6000000179359228822
Q135292530	6000000014851929132
Q135294118	6000000182074373840
Q135294189	6000000192873674837
Q135294191	6000000192873321844
Q135294192	6000000000484746708
Q135294193	6000000019025459727
Q135294252	6000000025622938353
Q135294308	6000000002447388121
Q135294371	6000000003939254553
Q135294378	6000000003939254511
Q135294386	6000000000670612852
Q135294433	6000000003937835059
Q135294827	6000000000664526435
Q135295158	6000000006590052903
Q135295161	6000000009580477988
Q135295172	6000000012433666311
Q135295269	6000000003525436660
Q135295272	6000000014793206196
Q135295284	6000000008077440635
Q1352964	6000000078003251561
Q135296525	6000000003938315895
Q135296533	6000000003150241969
Q135296542	6000000003636361362
Q135296580	6000000001384555931
Q1352966	6000000078764242881
Q135297014	6000000001069499855
Q135297579	6000000185070149821
Q135297627	6000000003493392191
Q135297636	6000000082854301439
Q135297641	6000000003617212364
Q135297643	6000000003493392173
Q135297680	6000000051564090069
Q135297684	6000000000772847016
Q135297695	6000000021108755521
Q135297697	6000000006348584195
Q135297710	6000000036605901889
Q135297713	5617190514370088703
Q135297802	6000000087357627983
Q135297826	6000000111428807894
Q13529783	6000000000307274084
Q135297833	6000000024815834962
Q135298095	6000000014883229273
Q13529854	6000000022323287161
Q13529858	6000000024495122246
Q13529861	6000000039728057948
Q13529862	6000000069525139879
Q13529864	6000000040047903203
Q135298691	6000000219748733854
Q1352987	6000000110488462821
Q13529872	6000000002188475332
Q13529877	6000000012858474541
Q13529891	6000000044711458864
Q13529892	6000000073520245138
Q13529894	6000000038005025771
Q135298954	6000000018682053281
Q13529896	6000000025219262049
Q135299009	6000000145407166127
Q13529901	6000000067820820037
Q135299010	6000000017265456137
Q135299010	6000000027120036945
Q135299034	6000000191840559242
Q135299052	6000000221221909821
Q13529906	6000000011131174610
Q13529909	6000000027146223844
Q135299092	6000000217422866823
Q13529921	6000000021594360889
Q13529922	6000000050517803904
Q13529927	6000000002188517106
Q13529930	6000000000814483983
Q13529937	6000000002188383739
Q13529938	6000000005598981000
Q135299419	6000000041048011565
Q135299433	6000000041048011572
Q13529950	6000000009924770507
Q13529955	6000000015290392437
Q13529962	6000000028643912481
Q13529968	6000000011399025346
Q135299682	6000000015393645514
Q135299728	6000000041048027955
Q13529974	6000000011361795363
Q13529976	6000000013288080959
Q135299775	6000000150348509821
Q13529978	6000000009729155543
Q135299783	6000000038202075934
Q13529979	6000000016529674135
Q13529997	6000000039100863176
Q13529998	6000000036249668616
Q13529999	6000000038391651175
Q13530002	6000000030092382878
Q13530004	6000000014129284012
Q13530007	6000000012978879585
Q13530009	6000000016688986124
Q13530013	6000000012418064890
Q13530021	6000000023731289761
Q13530024	6000000036888713020
Q13530025	6000000024324424432
Q13530034	6000000002802596950
Q13530066	6000000010360682219
Q13530073	6000000015209458843
Q13530078	6000000026326356838
Q135301104	6000000039524199165
Q135301256	6000000088013766862
Q135301532	6000000005918668726
Q1353016	6000000140328673922
Q13530272	6000000017857336668
Q13530274	6000000016054764293
Q135302987	6000000150348324867
Q13530344	6000000002831295307
Q13530347	6000000014046336425
Q13530485	6000000022754873850
Q135305245	6000000008714253869
Q13530621	6000000014826640965
Q13530655	6000000071436006033
Q1353080	6000000166874691137
Q135308531	6000000040502135058
Q1353091	6000000156184117976
Q135312134	6000000052262399852
Q135312139	6000000052262335884
Q1353122	6000000104687615913
Q135313226	6000000012118724506
Q135313370	6000000013288108606
Q135314419	6000000038529326428
Q135314475	6000000164321757942
Q135315010	6000000014098620854
Q135315103	6000000014104355805
Q135315376	6000000015372223198
Q1353157	6000000000767772123
Q135315812	6000000052999029835
Q135315911	6000000061239681390
Q135316140	6000000026216552203
Q1353173	6000000163419563865
Q13531799	6000000003239274547
Q135318809	6000000015638362623
Q135318824	6000000015638773946
Q135319575	6000000008337725013
Q135319943	6000000198619471850
Q13532	6000000018103602775
Q135320252	6000000029473088116
Q135320278	6000000198618896914
Q135320412	6000000185070988854
Q135320477	6000000185071245838
Q135320547	6000000003275312558
Q135320792	6000000174479522145
Q135321095	6000000028190400056
Q135321115	6000000028189758699
Q135321127	6000000003495155887
Q135321235	6000000028189972627
Q135321249	6000000003495155954
Q135321382	6000000004558400629
Q135321420	6000000014882168559
Q135321431	6000000024170205371
Q1353229	6000000078346619946
Q1353238	6000000166897931875
Q135329	6000000008635302502
Q135330865	6000000192204262914
Q135331389	6000000017121954163
Q135332762	6000000011580604325
Q13533346	6000000141074143917
Q13533391	6000000007287290073
Q135334200	6000000099935264122
Q135334247	6000000034586244089
Q135334252	6000000009906276936
Q13533445	6000000046085507975
Q135334880	6000000018708286913
Q135334891	6000000012494636538
Q135334925	6000000018709670067
Q13533500	6000000017681305701
Q135335132	6000000116351906947
Q135335192	6000000048841101036
Q135335395	6000000041048028329
Q13533554	6000000007311945406
Q1353356	6000000067742551118
Q135335679	6000000014024871547
Q135336397	6000000011532732783
Q135336454	6000000002251230056
Q135336462	6000000082640038922
Q135336493	6000000004169827183
Q135336671	6000000000510449640
Q135336683	6000000000510681027
Q135337	6000000027376680640
Q135337196	6000000014147482820
Q135337379	6000000014147717497
Q135337519	6000000009975760954
Q135337657	6000000120600140905
Q135337677	6000000004052444796
Q135337955	6000000009887157577
Q1353383	6000000005231284318
Q135338832	6000000048548419972
Q135338841	6000000048547330270
Q135338849	6000000048463054917
Q135338854	6000000021673417590
Q135338903	6000000081374485860
Q135339091	6000000082640098920
Q135339277	6000000019685768079
Q135339546	6000000002580517356
Q135339560	6000000191441633839
Q135341782	6000000003493392196
Q135342326	6000000003493392201
Q13534321	6000000175101580449
Q13534333	4065332097840047994
Q13534367	6000000022613939753
Q13534383	6000000176756798831
Q135344924	6000000071735079904
Q1353450	6000000013679338057
Q13534528	3919080058660049439
Q13534542	6000000037809268182
Q13534548	6000000004087960992
Q13534575	309429127580001409
Q13534616	6000000008135823098
Q13534649	6000000011133791253
Q135347963	6000000000339964326
Q135349188	6000000024630372848
Q135349400	6000000022510773753
Q135350023	6000000032985542478
Q135350115	6000000016681616002
Q1353502	6000000032751294387
Q135350613	6000000156039258821
Q135350668	6000000048462984003
Q135350689	6000000034817565972
Q1353516	6000000016821778049
Q135354470	6000000187659316912
Q1353546	6000000009297713709
Q1353556	6000000152583792833
Q1353573	6000000019138417477
Q1353592	6000000072050086399
Q1353601	6000000062608534861
Q1353608	6000000082746939729
Q1353623	6000000016330737010
Q13537162	6000000023497689835
Q13537178	6000000045162450833
Q1353724	6000000073109511822
Q135373	6000000002224172102
Q1353736	6000000037363575836
Q1353767	6000000016997616412
Q13537858	6000000075211351989
Q1353787	6000000166892110908
Q13537876	6000000022301180511
Q1353791	6000000096695110899
Q13537990	5568815031080071920
Q13538012	6000000014218021942
Q13538023	6000000074904009856
Q13538025	6000000075280251046
Q13538122	6000000074089819017
Q1353818	6000000006870126654
Q13538189	6000000009080878594
Q13538201	6000000074091815101
Q13538227	6000000031045547188
Q1353824	6000000013218737875
Q1353835	6000000181948290822
Q1353845	6000000032197383645
Q1353856	6000000079677541499
Q1353863	4566486341840120420
Q1353875	6000000007484479921
Q13538875	6000000034582715946
Q13538888	6000000058592825863
Q13538894	6000000126266779825
Q1353897	6000000000832945192
Q135390356	6000000032426354046
Q135390370	6000000008174202253
Q135391575	6000000031465585660
Q135392780	6000000013091440996
Q13539295	6000000211091920832
Q135393076	6000000076886425869
Q1353934	6000000020471243967
Q135393460	6000000018377518106
Q135393533	6000000032121017196
Q135393693	6000000053316224821
Q135394823	6000000022953019798
Q135394847	6000000022953312304
Q135395061	6000000002149418687
Q135395099	6000000002149501333
Q135395285	6000000118019927978
Q135395417	6000000057245407977
Q135395478	6000000002174648008
Q135395489	6000000009525368344
Q135395572	6000000026344944353
Q135395574	6000000017735305769
Q135396038	6000000191676334883
Q135396267	6000000010707812606
Q135396319	6000000191693727832
Q135396359	6000000002275723783
Q135396376	4842413828170023239
Q135396382	6000000186641146834
Q135396385	6000000026548064392
Q135396405	6000000115026969821
Q135396475	6000000028813227975
Q135396569	6000000021239919355
Q135396576	6000000076402258328
Q1353969	6000000103707895007
Q135396981	6000000036711913789
Q1353972	6000000202719182828
Q135398937	6000000016698633890
Q135398969	6000000037866379638
Q135399224	6000000015644788283
Q135399941	6000000083385099186
Q135400058	6000000018688704762
Q1354004	6000000066585702055
Q1354007	6000000086469769970
Q1354012	6000000007415013237
Q1354020	6000000020109631433
Q135403736	6000000017355214697
Q135403773	6000000003868199909
Q135403805	6000000003868299530
Q135403818	6000000062451106906
Q135403822	6000000017355214704
Q135403827	6000000034958225586
Q135403849	6000000003868154492
Q135403861	6000000185479689063
Q135403877	6000000177196053822
Q135403891	6000000032790783522
Q135403900	6000000036619652386
Q135403902	6000000177193862926
Q135403939	6000000039766880571
Q135403949	6000000003868199945
Q135403963	6000000018689350247
Q135403973	6000000003868199923
Q135403991	6000000003868309441
Q135403993	6000000018018421833
Q135404082	6000000003868194322
Q1354041	6000000006240846639
Q135404128	6000000177196847821
Q135404217	6000000177196346823
Q135404273	6000000003868144596
Q135404398	6000000005394191170
Q1354044	6000000081847205907
Q135404453	6000000011568345125
Q135407478	6000000025906095267
Q135407522	6000000034807992010
Q135407543	6000000034807569167
Q135407557	6000000034807337480
Q135407589	6000000034807651420
Q135407789	6000000010511250674
Q135407880	6000000025906095261
Q135407908	6000000078355514135
Q1354081	1159848
Q135408102	6000000025905531249
Q135409254	6000000029899959986
Q135409334	6000000048706851219
Q135409380	6000000017198524100
Q135409446	6000000019113984466
Q135409454	6000000021540665565
Q135409458	6000000014419704042
Q135409462	6000000014419551987
Q135409912	6000000008646516301
Q135409941	6000000194860042841
Q135409977	6000000002612912428
Q135410055	6000000084402132823
Q135410238	6000000084348990142
Q135410550	6000000011259182648
Q1354126	6000000125982458050
Q135412647	6000000003907068134
Q1354138	6000000030055521823
Q135414640	6000000011906202779
Q135414673	5410441174060138744
Q135414677	6000000000461633685
Q135414678	6000000032169921978
Q135414679	6000000001733952929
Q1354155	6000000037463306374
Q1354156	6000000010098517777
Q135415670	6000000134978371964
Q1354159	6000000115168843991
Q135416187	6000000175113560130
Q1354164	6000000000484656306
Q135416557	6000000050815669621
Q135416558	6000000071443863962
Q135416572	6000000013326762161
Q135416611	6000000013327219881
Q135416639	6000000012472621186
Q135416649	6000000019021514298
Q135416658	6000000013327181586
Q1354169	6000000020894629115
Q135417875	6000000008777615280
Q135417889	6000000008775972148
Q135418266	6000000210468406825
Q135418313	6000000080101931883
Q135418314	6000000080100704361
Q135418400	6000000049265373234
Q135418532	6000000080100903123
Q135418560	6000000080102379838
Q135419059	6000000080102089931
Q1354192	6000000173486937966
Q135419202	6000000080204656835
Q1354195	286026394910004065
Q1354198	6000000009596815349
Q1354206	6000000181631265858
Q1354225	6000000012655725518
Q1354247	6000000002870638934
Q1354261	6000000003351961403
Q135426214	6000000078119374153
Q1354263	6000000011578862693
Q135426566	6000000094264087833
Q135426577	6000000094264653822
Q135426683	6000000094263726860
Q135426831	6000000094296863929
Q135426836	6000000094296938857
Q135426842	6000000082363584036
Q135427327	6000000061766487850
Q135427652	6000000214687113828
Q135427656	6000000000533829037
Q135427728	6000000202568820821
Q135427785	6000000086771491265
Q135427826	6000000000808103088
Q135427866	6000000031643049844
Q135427867	6000000002907131698
Q135427868	6000000187446725833
Q135427869	6000000143877811910
Q135427870	6000000080602751386
Q135427884	6000000002907131685
Q135427897	6000000044495534012
Q135427960	6000000002760532534
Q1354287	6000000003601019014
Q1354302	6000000020395211359
Q135431170	6000000029660724718
Q1354324	6000000025328260473
Q1354328	6000000017465801127
Q135435005	6000000018441939922
Q135435142	6000000014816379111
Q135435159	6000000003098108086
Q135435819	6000000021732359886
Q135435868	6000000021732359881
Q135435895	6000000174062604242
Q135435924	6000000174063096044
Q135435970	6000000143343428941
Q135436027	6000000026121799095
Q1354363	6000000026463257871
Q135437087	6000000065095181981
Q135437137	6000000190734939868
Q135437169	6000000019064456494
Q135437212	6000000080132527025
Q135437240	6000000012810395666
Q135437268	6000000022875056313
Q135437269	6000000040657124575
Q1354373	6000000002314188169
Q135437411	6000000049268121837
Q135437533	6000000174499315864
Q135437546	6000000174498460314
Q135437555	6000000174490696548
Q135437603	6000000082639569224
Q135437623	6000000021130861302
Q135437655	6000000015818874661
Q135438102	6000000037218634314
Q135438122	6000000037429865243
Q135438136	6000000037672455193
Q135438170	6000000015606412789
Q135438220	6000000000510016959
Q135438235	6000000000510145829
Q135438304	6000000002764969760
Q135438348	6000000000348829573
Q135438383	6000000008849037901
Q135438394	6000000008869105255
Q1354384	6000000023430975941
Q135438414	6000000041048028764
Q135438478	6000000002764509828
Q135438789	6000000037813683220
Q135438793	6000000035140656479
Q135439126	6000000002765595251
Q135439185	6000000211453564822
Q135439202	6000000211453460842
Q135439251	6000000211453764821
Q135439296	6000000211453690822
Q135439706	6000000036290222883
Q13543992	4290981886310064421
Q135439972	6000000005929088398
Q13544	6000000016317432655
Q135440010	304056003600002343
Q135440017	6000000002398294154
Q135440020	6000000007454720848
Q135440028	304061643790002321
Q135440033	6000000012305354874
Q135440052	6000000011297232905
Q135440086	6000000014784286941
Q135440087	6000000086916002042
Q135440101	6000000003617323028
Q135440103	6000000003617467228
Q135440106	6000000032256908058
Q135440110	6000000091763221447
Q135440112	6000000002737439401
Q135440117	6000000001915783802
Q135440119	6000000006441084469
Q135440121	6000000000596053147
Q135440123	6000000007226168975
Q135440132	6000000177222981857
Q135440158	6000000016717713137
Q135440280	6000000017001379730
Q135440281	6000000015074033031
Q135440282	6000000003940715478
Q135440288	6000000024746822439
Q135440305	6000000007451261561
Q135440374	6000000215044365821
Q135440391	6000000215044212848
Q135440398	6000000215044458823
Q135440410	6000000200959873862
Q135440412	6000000190584826828
Q135440415	6000000030572223321
Q135440428	6000000000633520236
Q135440435	6000000005415337577
Q135440438	6000000005415337444
Q135440454	6000000023540591037
Q135440457	6000000023540314662
Q135440460	6000000023540370532
Q135440461	6000000072974522931
Q135440463	6000000215049759827
Q135440476	6000000036505777046
Q135440479	6000000003941670677
Q135440480	6000000003539786551
Q135440481	6000000002350731665
Q135440483	6000000003941670684
Q135440484	6000000092680909017
Q135440486	6000000003941670546
Q135440493	6000000036504712641
Q135440494	6000000003943174393
Q135440495	6000000006175764406
Q135440496	6000000003940277896
Q135440499	6000000003940277649
Q135440584	6000000008753847051
Q135440759	6000000047170949877
Q135440988	6000000065094915249
Q135441105	6000000065095584882
Q135441115	6000000003082173156
Q135441138	6000000065096284882
Q135441143	6000000017378675247
Q135441169	6000000047169978883
Q135441625	6000000047167290883
Q135441912	6000000191017467848
Q135441946	6000000019555732257
Q135441952	6000000019555921042
Q13544196	6000000003655798002
Q135442167	6000000037813082018
Q135442169	6000000037812665378
Q135442171	6000000037813285908
Q135442198	6000000011569179833
Q135442486	6000000002665273203
Q135443021	6000000024746301592
Q135443052	6000000024746679364
Q135443068	6000000012811620024
Q135443364	6000000090673721908
Q135443420	6000000090726774888
Q135444745	6000000022915112571
Q135444760	6000000024914535892
Q135444798	6000000019544111171
Q135444804	6000000011818919405
Q135444806	6000000001360681441
Q135444808	6000000001360681449
Q135444811	6000000022916259571
Q135444824	6000000021260961147
Q135444970	6000000019908184985
Q135445016	6000000024724897087
Q13544596	6000000074732640865
Q135446389	6000000020351388299
Q135446459	6000000085398648824
Q135446861	6000000003146738385
Q135446872	6000000001238794700
Q135447202	6000000004696052408
Q135447307	6000000031075925563
Q135447310	6000000187642810896
Q135447362	6000000185492958862
Q135447516	6000000185568415834
Q135447539	6000000195405340833
Q135447635	6000000185490273958
Q13544767	6000000029918239784
Q135447917	6000000072443025830
Q135448279	6000000105858971840
Q135448382	6000000004401915392
Q135448403	6000000037796840867
Q135448416	6000000193789333894
Q135448426	6000000193781727829
Q135448434	6000000083826389848
Q135448455	6000000018507340927
Q135448818	6000000092178274834
Q135448823	294473319920002569
Q135448833	6000000009483611620
Q135448907	6000000011248866638
Q135449208	6000000040784681693
Q135449236	6000000110066826854
Q135450342	6000000028003604991
Q1354504	6000000042133013903
Q135450447	6000000140222171965
Q135450460	6000000140222171960
Q135450490	6000000140221964078
Q135450578	6000000140221964083
Q135450691	6000000021557441921
Q135450723	6000000021557155512
Q135450742	6000000033742955909
Q135450747	6000000024746849300
Q135451569	6000000054918684963
Q1354525	6000000031474516371
Q135453069	6000000018661824432
Q1354533	6000000104936791942
Q135454294	6000000137553144005
Q135454335	6000000000019001238
Q135454526	6000000031275267972
Q135454550	6000000031275603215
Q135454613	3144024
Q135454637	3144492
Q135454679	6000000001947563854
Q135454692	6000000009075527808
Q135454709	6000000006110694733
Q135454738	6000000006252348538
Q135454764	6000000025777502376
Q135454857	6000000023264157483
Q135454859	6000000009794563219
Q135454860	6000000009816551654
Q135454861	6000000009816722418
Q135454885	6000000008647939366
Q135454886	6000000008647962001
Q135454938	6000000008647909408
Q135455355	6000000080204381018
Q135455370	6000000080576722868
Q135455424	6000000080576000149
Q135455425	6000000084575182003
Q135455427	6000000080575230716
Q135455455	6000000052117627038
Q135455464	6000000185094132833
Q135455480	6000000186317821076
Q135455495	6000000084575390015
Q135455503	6000000187370697858
Q135455946	6000000080201865618
Q135456045	6000000191983497862
Q135456055	6000000191983585835
Q135456180	6000000007164092233
Q135456185	6000000007604428213
Q135456544	6000000011821165706
Q135457470	6000000056727135131
Q1354575	6000000009935419012
Q135457988	6000000037814334893
Q135457989	6000000037814919948
Q135457990	6000000037812932089
Q135457991	6000000037814486488
Q135457992	6000000037814445661
Q135457993	6000000037814623244
Q135457994	6000000037814677363
Q135457995	6000000037814486710
Q135457996	6000000037814957891
Q135458011	6000000025777962001
Q135458039	6000000006292864531
Q135458042	6000000001320660275
Q135458043	6000000001276661238
Q135458044	6000000014676560347
Q135458045	6000000001324172525
Q135458054	6000000001324096082
Q135458055	6000000000497535215
Q135458056	6000000014676480193
Q135458057	6000000001323946724
Q135458067	6000000001276370846
Q135458132	6000000007104771898
Q135458139	6000000007105169392
Q135458154	6000000003692225937
Q135458163	6000000003692328557
Q135458191	6000000002802585021
Q135458262	6000000095469371792
Q135458273	6000000008537743124
Q135458410	6000000071882185338
Q135458605	6000000010181318408
Q135458744	6000000187796733861
Q135458771	6000000187797023832
Q135458823	6000000108390929886
Q1354601	6000000046369751121
Q1354627	6000000025490567458
Q135466165	6000000035938098426
Q135466232	6000000035938742953
Q135466253	6000000200641938851
Q135466260	6000000202254509841
Q135466372	6000000000947426841
Q135466372	6000000012738700537
Q135466382	6000000002303895582
Q135466421	6000000120651720929
Q135466476	6000000174189616964
Q135466527	6000000185201925837
Q135466557	6000000057196668933
Q135466575	6000000183692253931
Q135466652	6000000179523934837
Q1354695	6000000015758090628
Q135470975	6000000015477614489
Q135471011	6000000195872904695
Q1354711	6000000145618343822
Q135471154	6000000012280870018
Q135471195	6000000053358194195
Q135471212	6000000028693002056
Q135471236	6000000122209261929
Q135471362	6000000051662300821
Q135471376	6000000009494359733
Q135471594	6000000043774935125
Q135471867	6000000043773588469
Q135471937	6000000036983944001
Q135472014	6000000143343943890
Q135472033	6000000143342757123
Q135472049	6000000143342801135
Q135472080	6000000143343024064
Q135472104	6000000143343755869
Q135472112	6000000143344131846
Q135472168	6000000143344272822
Q135472284	6000000036983993868
Q135472299	6000000018776098686
Q135472537	6000000003868270207
Q135472555	6000000079616895477
Q135472622	6000000010132258665
Q135472664	6000000008799931373
Q135472677	6000000020194432682
Q135472794	6000000004240800125
Q1354728	6000000025590635333
Q135472819	4381503003590080113
Q135472824	6000000021319380504
Q135472834	6000000021319636669
Q135472851	6000000021320819932
Q135472929	6000000010132361309
Q135472986	6000000006598447935
Q135472991	6000000017746705569
Q135473299	6000000079312661110
Q135473311	6000000028775458006
Q135473399	6000000039074567045
Q135473399	6000000101292950049
Q135473419	6000000028775461078
Q135473519	6000000028695110698
Q135473536	6000000179877625836
Q135474823	6000000024725791094
Q135474926	6000000027234397744
Q135474926	6000000181444155829
Q135475001	6000000007927613132
Q135475013	6000000016585691635
Q135475018	6000000010703896327
Q135475021	6000000016585224520
Q135475037	6000000022820161586
Q135475047	380745409460005809
Q135475073	6000000076966652461
Q135476047	6000000002106421406
Q135476877	6000000075948271969
Q135476896	6000000025428659667
Q135477005	6000000052825067016
Q135477570	6000000022641092951
Q135477629	6000000022640727096
Q135477662	6000000022640914364
Q135477800	6000000031144305384
Q135477917	6000000078280651331
Q135478345	6000000040755899966
Q135478346	4120435301710058984
Q135478515	6000000001753009861
Q135478725	6000000017514022074
Q135478800	6000000015380081478
Q135478962	6000000039137210019
Q135478964	6000000032210455915
Q135478967	6000000051293123645
Q135478970	6000000051294202934
Q135478992	6000000036113055876
Q135478997	6000000006272717220
Q135479013	6000000000074185351
Q135479042	6000000045868241010
Q135479045	6000000006243223698
Q135479290	6000000013005958833
Q135479331	6000000029322522672
Q135479369	6000000006589193633
Q135479571	6000000022422445990
Q135479600	6000000007927456984
Q135479698	6000000007952418457
Q135479699	6000000007511668551
Q135479701	6000000003783111683
Q135479860	6000000000242037873
Q135479878	6000000000242008852
Q135480131	6000000000468686432
Q135480164	6000000029622781874
Q135480175	6000000006986775370
Q135481342	6000000010654955754
Q135481420	6000000070657503860
Q135481456	6000000012371779748
Q135481475	6000000017839701426
Q135481517	6000000030481390248
Q135481529	6000000048574871388
Q135481646	6000000070065154821
Q135482050	6000000074102081153
Q135483451	6000000039535043866
Q135483871	6000000002879448840
Q135484029	6000000000538039326
Q135484273	6000000015915264766
Q1354843	6000000051997414404
Q13548448	6000000166734172076
Q135484751	4005605594880125740
Q135485309	6000000012740239675
Q135485637	6000000037863011930
Q135485659	6000000037814037972
Q135485661	6000000035140518565
Q135485662	6000000037813745530
Q135485664	6000000037813742651
Q135485665	6000000037813910372
Q135485666	6000000037814287821
Q135485668	6000000037814110925
Q135488029	6000000080202718222
Q135488032	6000000080202061540
Q135488034	6000000080202542167
Q135488036	6000000013316967184
Q135488053	6000000080200839633
Q135488055	6000000080202047489
Q135488056	6000000080202432346
Q135488267	6000000011778587495
Q135488514	6000000080204019181
Q135488516	6000000080204367072
Q135488555	6000000080576154192
Q135488567	6000000080576202093
Q135488571	6000000080575726316
Q135488572	6000000080576375029
Q135488575	6000000080576193226
Q135488810	6000000002462992834
Q135488874	6000000033938215925
Q135489648	6000000080576165235
Q135490121	6000000088596715859
Q135490198	6000000142082920913
Q1354905	6000000002447361026
Q135492162	6000000025550375125
Q135492914	6000000016023893108
Q135492936	6000000044034538086
Q135493004	6000000059228439929
Q135493206	6000000009617701831
Q135493221	6000000008844160092
Q135493594	6000000001504875323
Q135493605	6000000006198976074
Q135493810	6000000082639680043
Q135493843	6000000082640236836
Q135493870	6000000082640121943
Q135494408	6000000012060221618
Q135494746	6000000067600010966
Q135494852	5029031944140036778
Q135495213	6000000016394862493
Q135495538	6000000003158118271
Q135495563	378177730970013914
Q135495595	6000000024210453928
Q135495601	6000000024210334934
Q135495872	6000000015801022046
Q135495936	6000000011255580352
Q135496040	6000000021884681735
Q135496074	6000000014888102094
Q135496130	6000000165346230322
Q135496268	6000000015110802442
Q135496279	6000000072889212904
Q135496308	6000000072891079951
Q135496390	6000000185479873914
Q135497492	6000000010933140099
Q1354978	6000000000510036815
Q135499801	6000000013879741899
Q135500193	6000000057994008880
Q135502492	6000000072105677624
Q135502572	6000000072106505891
Q135503	6000000002437569232
Q135503195	6000000215610091854
Q1355040	6000000009945576379
Q135504017	6000000001147664704
Q1355058	6000000156191647822
Q135506177	6000000001990996090
Q135506182	4140615750690066463
Q135506187	6000000001634125538
Q1355081	6000000209635475833
Q135508807	6000000036555678849
Q135508998	6000000027877354224
Q135509009	6000000027877128106
Q135509042	6000000039767852184
Q135509582	6000000076901515860
Q135510567	6000000064924037165
Q135511161	6000000011345928655
Q135511739	6000000023655550049
Q135511775	6000000006444441760
Q135511788	6000000006444441755
Q135511796	6000000014843009137
Q1355118	6000000127564836284
Q135512328	6000000001147745051
Q135512393	6000000014149779008
Q135513404	6000000026092005226
Q1355148	6000000021212136890
Q1355169	6000000015066705626
Q1355182	6000000015031787446
Q135518505	6000000052889286137
Q135521385	6000000018201367842
Q13552164	6000000029012037690
Q135521771	5214025203150023599
Q135522310	5214014874510079445
Q135522494	6000000040323429766
Q1355238	6000000193176458843
Q1355246	6000000080182405088
Q135524636	6000000001135970000
Q135524649	339423141980007802
Q135524670	6000000006932060209
Q135524690	6000000019612045412
Q135524951	6000000006891858120
Q135524956	6000000055716533887
Q135524959	6000000002044652764
Q135524964	6000000004094984905
Q135525014	6000000008640399533
Q135525016	6000000054979656434
Q135525017	6000000034987076257
Q135525018	6000000002663145152
Q135525020	6000000004094984861
Q135525039	6000000002905073235
Q135525041	6000000003949557219
Q135525268	6000000017316694319
Q135525714	6000000032057112925
Q135525929	6000000215070223821
Q135526058	6000000029496061465
Q135526084	6000000002126375493
Q135526166	6000000027150957237
Q135526604	6000000025538118281
Q135526908	6000000020212947826
Q1355274	6000000023248826870
Q135527473	6000000021324060851
Q1355276	6000000007408868303
Q135527642	6000000008416314243
Q135527804	6000000008060425479
Q135527954	6000000011223422211
Q135527961	6000000011223261158
Q135527972	6000000012730136417
Q135527975	6000000012730316241
Q135527994	6000000017559633545
Q135528073	6000000017561461033
Q135528089	6000000019250673492
Q135528104	6000000025498206359
Q135528110	6000000012304455958
Q135528236	6000000009626266727
Q135528252	6000000055204075872
Q135528359	6000000012304369305
Q135528369	6000000015905122426
Q135528838	6000000018625539921
Q135528839	6000000018625899405
Q135528841	6000000020722957094
Q135528843	6000000020035279649
Q135528844	6000000031915822554
Q135528845	6000000010722279479
Q135528846	6000000011887169109
Q135528847	6000000010222435661
Q135528849	6000000011700894127
Q135528851	6000000000793449457
Q135528854	6000000011889823608
Q135528857	6000000009893669465
Q135528858	6000000009893450918
Q135528860	6000000009893922265
Q135528926	6000000007692423610
Q135529034	6000000015985230642
Q135529135	6000000001886850943
Q135529137	6000000010222371759
Q135529139	6000000010222371826
Q135529140	6000000006802499812
Q135529141	6000000003242540341
Q135529142	6000000003242376844
Q135529147	5391951014750081402
Q135529150	6000000003242498183
Q135529159	6000000010222416372
Q135529161	6000000008248250074
Q135529173	304489124000005682
Q135529174	304491884260007107
Q135529178	3119955
Q135529188	3119993
Q135529195	3120040
Q135529196	3120072
Q135529219	6000000010222371833
Q135529220	6000000010222371843
Q135529234	6000000003214937261
Q135529235	6000000001169229531
Q135529250	6000000010222371854
Q135529251	6000000006906447284
Q135529279	6000000016252588412
Q135529421	6000000059543969945
Q135531040	6000000006292864492
Q135531191	6000000006110871929
Q135531224	6000000007076551916
Q135531570	6000000006292864415
Q135531863	6000000022439042976
Q13553216	6000000003253547391
Q135532313	6000000036952117371
Q135532399	6000000006292858412
Q1355326	6000000000350871654
Q135534892	6000000005441933389
Q1355353	6000000116389287850
Q13553647	6000000051323765155
Q13553955	6000000020178695701
Q13553957	6000000034975611910
Q1355408	6000000020315810682
Q13554485	6000000002898158872
Q1355449	6000000052232811124
Q1355479	6000000000733063587
Q1355484	6000000016025111519
Q135550674	6000000007343186837
Q135550959	6000000036811149205
Q135551039	6000000021323667930
Q135551060	6000000021331977511
Q135551135	6000000004644272676
Q135551137	6000000021331648713
Q135551238	6000000008239590629
Q135551256	6000000008239631511
Q135551337	6000000036853250505
Q135551456	6000000188212576844
Q135551502	6000000016528583659
Q135551618	6000000008864497116
Q135551723	6000000004642447245
Q135551769	6000000202363545861
Q135551822	6000000027151317823
Q135551919	6000000001407017468
Q135552157	6000000000527045213
Q135552533	6000000032831615005
Q135552870	6000000032827333039
Q135552978	6000000002849303448
Q135552980	6000000003120173567
Q135553139	6000000025597966017
Q135553151	6000000014670202620
Q135553153	6000000014674848694
Q135553216	6000000016669543871
Q135553221	6000000026380450905
Q135553222	6000000035153707406
Q135553224	6000000018175181934
Q135553240	6000000071235432878
Q135553248	6000000071235469877
Q135553402	6000000008428930889
Q135553451	6000000025597966010
Q135553599	6000000025597700404
Q135553610	6000000001199721096
Q135553616	6000000186460509839
Q135554358	6000000015812626623
Q135554709	6000000187478193865
Q135554765	6000000004379307827
Q135555116	6000000015812771483
Q135555380	6000000021804835575
Q135555708	6000000015812626629
Q1355574	4472594353190128399
Q135558234	6000000001827509672
Q135561217	6000000014199866669
Q1355622	6000000013666451105
Q135562561	6000000017777272777
Q1355628	6000000008868228925
Q135562899	6000000041343835425
Q1355630	6000000008480723933
Q135565682	6000000075680528097
Q135567311	6000000018146006166
Q135567966	6000000220369870867
Q13557546	6000000002188383451
Q13557570	6000000027397071670
Q135577694	6000000008873116831
Q135579804	6000000029033298296
Q135579805	6000000012664170376
Q135579813	6000000007977690594
Q135580308	6000000038201995424
Q135580494	6000000080576186112
Q135580499	6000000080576071261
Q135580505	6000000032834218810
Q135580506	6000000025597691998
Q135581025	6000000035198211014
Q135581026	6000000035198060153
Q135581051	6000000080059903897
Q135581052	6000000080059446077
Q135581098	6000000043882450922
Q135581099	6000000043882378906
Q135581100	6000000043769301822
Q135581114	6000000057830097858
Q135581169	6000000080204588907
Q135581368	6000000080203884211
Q135581369	6000000080575935264
Q135581409	6000000080204248050
Q135581410	6000000080576787844
Q135581494	6000000080204119399
Q135581500	6000000035197695262
Q135581730	6000000004148656591
Q135581732	6000000008323522149
Q135581736	6000000020842070567
Q1355820	6000000141037108999
Q135582426	6000000214158300829
Q135582894	6000000018691608787
Q135582897	6000000001118024046
Q135582984	6000000006634362013
Q135583600	6000000001316267763
Q135583606	6000000000426770238
Q135583612	6000000175684069921
Q135583615	6000000024206739393
Q135583617	6000000023211770867
Q135583618	6000000002175601826
Q135583620	6000000013292218521
Q135583623	6000000023211797907
Q135583624	6000000003419575690
Q135583649	6000000003040835367
Q135583650	6000000003309639720
Q135583730	6000000094295502118
Q135583733	6000000049317688888
Q135583829	6000000008872693456
Q1355840	6000000081003959930
Q135585434	6000000023387426151
Q1355895	6000000014982871011
Q135594448	6000000019935773047
Q135594470	6000000019945399842
Q135594489	6000000008872795143
Q135594501	6000000028238943394
Q135594943	6000000009498003132
Q135595024	6000000008872898371
Q1355965	6000000011207971257
Q1355975	4398388365600024695
Q1355998	6000000013512912016
Q1356002	6000000047016431072
Q13560027	6000000064020896943
Q1356009	6000000189034173827
Q13560283	6000000041833346285
Q13560318	6000000084623866198
Q13560358	6000000107473924821
Q13560368	6000000017220258084
Q13560378	6000000025503392338
Q13560387	6000000013926367941
Q13560408	6000000105074866821
Q13560423	6000000021648402204
Q13560449	6000000138736703937
Q1356049	6000000056611058899
Q135605137	6000000009835268477
Q13560546	6000000032078702329
Q1356055	6000000045542590842
Q13560553	6000000006810502038
Q13560554	6000000067032621833
Q13560560	6000000089580424850
Q1356058	6000000007014468482
Q13560585	6000000009710664334
Q13560645	6000000008997981800
Q13560682	6000000018788669669
Q13560700	6000000177401054991
Q13560703	6000000000808033221
Q13560706	6000000035098624270
Q13560725	6000000040431062839
Q13560754	6000000060387453918
Q13560768	6000000010574027580
Q13560893	6000000015239940082
Q13560902	6000000050037723834
Q13560930	6000000095656867913
Q13560997	6000000073058457159
Q13560999	6000000003375583775
Q1356105	6000000007176602542
Q1356109	6000000026042907486
Q1356117	6000000002423028719
Q13561207	6000000010546307403
Q1356135	6000000046230818226
Q1356137	6000000041069282929
Q135615317	6000000001379415909
Q135615352	6000000008872513987
Q135615353	6000000005242645976
Q135615354	6000000013334510285
Q135615355	6000000013334459304
Q135615358	6000000009858602968
Q135615360	6000000003077390842
Q135615361	6000000005242923388
Q135615362	6000000012689732746
Q135615364	6000000000552413624
Q135615365	6000000006442437430
Q135615366	6000000008872583846
Q135615367	6000000003221207876
Q135615372	6000000000632177528
Q135615373	6000000027740532868
Q135615374	6000000013363684840
Q135615379	6000000008872627357
Q135615380	6000000008872769995
Q135615381	6000000013186710369
Q135615382	6000000002902755629
Q135615390	6000000008872758182
Q135615390	6000000008873135875
Q135615391	6000000049968626310
Q135615392	6000000003938400954
Q135615396	6000000008873011992
Q135615433	6000000002903080040
Q135615434	6000000004235608487
Q135615437	6000000002872048424
Q135615440	6000000008872591897
Q135615441	5561512356620111895
Q135615442	6000000000029019025
Q135615443	6000000008406545757
Q135615444	6000000008407415367
Q135615761	6000000035198350098
Q135615762	6000000035198600845
Q135615899	6000000179678701853
Q13561593	6000000015976518469
Q135615981	6000000061766482876
Q135615983	6000000036642929400
Q13561614	6000000037087258908
Q13561622	6000000031891819861
Q13561624	6000000041917862467
Q13561633	6000000012756809412
Q135616351	6000000036642945274
Q135616477	6000000011399876779
Q13561656	6000000177360961836
Q13561666	6000000041074723492
Q135616744	6000000014254300667
Q135616927	6000000020765119342
Q135616941	4776836090430075754
Q135616941	6000000012044738254
Q13561697	6000000023723333991
Q135616972	6000000020768911840
Q135616998	6000000004666656031
Q135617167	6000000006127526389
Q135617174	6000000033090143123
Q135617217	5644614869410070404
Q135617399	5644610396830065330
Q135617402	6000000005442266691
Q135617422	5633224806920123396
Q135617435	5633184922470070179
Q135617479	6000000019115639064
Q135617495	6000000201053955848
Q135617544	6000000009375779639
Q135617549	6000000009215716723
Q135617655	6000000042679927712
Q135617660	6000000107016484407
Q135617663	6000000001349154182
Q135617890	6000000004680196252
Q135617999	6000000194282747827
Q135618000	6000000009349108399
Q135618003	6000000009384338273
Q135618005	6000000048881225939
Q135618093	6000000008823532701
Q1356183	6000000078995485911
Q1356187	6000000015270670949
Q135618910	6000000000006946034
Q135618981	6000000185489913161
Q135619117	6000000191164707822
Q13561997	6000000001173543277
Q1356202	6000000016933678021
Q135622284	6000000001289813927
Q13562257	6000000057430581086
Q13562350	6000000020220474542
Q13562386	6000000034606927142
Q1356240	6000000020912042759
Q135624733	6000000076946191837
Q13562502	6000000018044827590
Q13562542	6000000041931843905
Q13562608	6000000020396440782
Q1356274	4821075787260081754
Q13562966	6000000035558283986
Q13562974	6000000028633859977
Q13563	6000000003194116112
Q13563024	6000000058207242838
Q13563038	6000000017575562726
Q1356304	6000000176049635931
Q13563061	6000000008863701134
Q13563065	6000000028204414729
Q1356309	6000000040300540850
Q13563097	6000000010463128844
Q135631	376466138230007911
Q13563114	6000000026920517291
Q13563123	6000000016940142085
Q13563125	6000000026607682625
Q13563148	6000000001151057078
Q13563155	6000000147792470955
Q13563162	6000000042040472581
Q13563197	6000000013166775350
Q1356321	6000000076218575839
Q13563229	6000000029426630561
Q1356328	6000000002116015454
Q13563280	6000000005954682002
Q13563339	6000000014777802414
Q1356342	6000000045087768834
Q1356359	6000000000491235281
Q1356368	6000000000766563116
Q1356373	6000000029797855323
Q1356379	6000000012966584576
Q1356381	6000000012407028527
Q1356390	6000000023582520616
Q135639529	6000000005441248057
Q135639547	6000000001164688190
Q135639576	6000000005441275648
Q135639580	6000000004533589350
Q1356396	6000000014170423250
Q135639600	6000000003515651619
Q135639602	6000000003515767012
Q135639645	6000000004533589293
Q135639653	6000000004533589318
Q135639660	6000000007482079601
Q135639674	6000000010868443709
Q135639676	6000000005441171832
Q135639677	6000000005441171621
Q135639678	6000000007757858315
Q135639679	6000000001753123235
Q135639682	6000000002893545805
Q135639697	5499391610160031477
Q135639714	6000000006573464089
Q135639717	6000000004091982801
Q135639725	6000000004093033025
Q135639737	6000000002646517565
Q135639738	6000000009512273143
Q135639745	6000000009512962261
Q135639748	6000000019222275253
Q135639750	6000000015664141093
Q135639754	6000000007473526372
Q135639769	6000000002860666998
Q135639770	6000000002860885859
Q135639774	6000000003520719902
Q135639780	6000000008582015548
Q135639781	6000000008581910625
Q135639785	6000000007452177595
Q135639791	6000000015072422840
Q135639793	6000000007224548505
Q135639795	6000000000113843803
Q135639804	6000000006409411097
Q135639806	6000000015072210387
Q135639816	6000000015072712772
Q135639826	6000000002736720137
Q135639829	6000000002860653702
Q135639832	6000000007224733254
Q135639852	6000000005431361299
Q135639855	6000000012972676965
Q135639871	6000000012413091082
Q135639877	6000000011822404488
Q135639878	6000000016565256233
Q135639884	6000000000820410448
Q135639885	6000000001373555759
Q135639887	6000000015514930777
Q135639896	6000000001414350625
Q135639899	6000000167581784829
Q135639901	6000000012723899564
Q135640614	6000000184474361839
Q135640617	6000000184473740847
Q1356407	6000000005412059116
Q135641130	6000000000785786199
Q1356412	6000000012699541852
Q135641252	6000000036854711943
Q135641412	343682680760001861
Q135641414	6000000018762543031
Q135641417	6000000036854364270
Q135641418	6000000018762419457
Q135641420	6000000013487561357
Q135641447	6000000015835468003
Q135641449	6000000015835079468
Q135641450	6000000015835265216
Q135641451	6000000015835314138
Q13564152	6000000026301571839
Q135641539	6000000003421331775
Q135641540	6000000007723905781
Q135641581	6000000004337086111
Q135641584	6000000004335838101
Q135641586	6000000004336942316
Q135641700	6000000057805775900
Q135641723	6000000021424724946
Q135641724	6000000021424676978
Q13564180	6000000021687846482
Q135642291	6000000035197510365
Q135642292	6000000035198012858
Q135642293	6000000035198059828
Q135642294	6000000035198053900
Q1356423	6000000034605628082
Q135642498	6000000007900138401
Q135642499	6000000030746167348
Q135642513	6000000030230103175
Q1356426	6000000029597865024
Q1356427	6000000030024920165
Q135642751	6000000174118742290
Q135642822	6000000187022663822
Q135642913	6000000186374545826
Q135642965	6000000163757576044
Q1356434	6000000162707876837
Q135644337	6000000017638973577
Q135644346	6000000004952984076
Q1356448	4168521620070023164
Q13564485	6000000003694530436
Q135645	6000000001085178439
Q1356455	6000000071300319940
Q135645834	6000000035197541192
Q135645878	6000000031207193882
Q135646005	6000000035197625487
Q1356461	6000000039785710821
Q135646280	6000000044786506983
Q135646334	6000000022734639316
Q135646351	6000000021287097309
Q135646550	6000000172219835782
Q135646759	6000000174499457020
Q135646760	6000000042567146136
Q135646761	6000000028650822320
Q135646762	6000000019057524683
Q135647416	5606159921710027928
Q135647913	6000000038893681413
Q135647916	4322495
Q135647940	6000000038893896009
Q135647982	6000000008787589889
Q135648364	6000000015835481042
Q135648373	6000000005441922319
Q135648425	6000000021721661353
Q135648430	6000000130558503821
Q135648500	6000000036983513889
Q135648501	6000000022616455192
Q135648531	6000000021721487146
Q135648554	6000000020757065025
Q135648629	6000000018117208506
Q1356487	6000000027294037504
Q1356488	6000000018960789806
Q135649060	6000000001551438035
Q135649086	6000000007158568216
Q135649105	6000000021605703788
Q135649334	6000000018117054472
Q135649335	6000000018117075465
Q135649354	6000000019925477712
Q135649363	6000000007413649598
Q1356495	6000000041477763396
Q135649659	6000000006329524586
Q135649662	6000000006329544991
Q135649663	6000000006329612023
Q135649665	6000000076050210931
Q135649670	6000000076237799241
Q135649672	6000000076252310933
Q135649673	6000000076268563404
Q135649703	6000000011250009242
Q135649747	4891865221000128634
Q135649751	6000000140312365079
Q135649773	6000000003147013818
Q135649783	6000000018426200837
Q135649827	6000000156220236823
Q135649840	6000000156050597827
Q135649908	6000000003150085213
Q135649912	6000000003150085201
Q135649916	6000000003150085188
Q135649917	6000000003150085176
Q135649924	6000000000426640584
Q135649927	6000000003937680031
Q135649953	6000000039486905638
Q135649983	6000000020752772779
Q135650002	6000000017547867061
Q135650010	6000000026227100248
Q135650010	6000000214687039843
Q1356502	6000000020611379148
Q135650207	6000000020756941186
Q13565035	6000000020209308787
Q13565053	6000000147226638879
Q135650569	6000000198956903826
Q135650668	6000000086530990144
Q1356507	4533442351210033671
Q135650707	6000000198959152821
Q135650741	6000000186866870884
Q135650975	6000000198958278830
Q135651030	6000000198956939841
Q135651104	6000000198956801835
Q1356512	6000000003484270947
Q135651461	6000000003507982619
Q1356515	5603825707410074777
Q1356518	6000000035068405992
Q13565189	6000000006127886891
Q1356520	6000000028669958022
Q135652195	6000000006787750187
Q135652262	6000000020599572945
Q135652460	6000000012344800672
Q135652467	6000000032573301063
Q135652508	6000000083633351100
Q135652556	6000000041815864625
Q135652561	6000000015834948984
Q135652575	6000000174172255111
Q135652592	6000000006787732174
Q1356526	5124346700150064648
Q135652617	6000000015835757208
Q135652644	6000000015835056516
Q135652645	6000000015835734122
Q135652718	6000000004191859855
Q135652724	6000000006787772187
Q135652804	6000000197109576932
Q135652807	6000000075992041641
Q135652919	6000000040156474093
Q135652935	6000000002911023901
Q135653504	6000000135725408001
Q135653524	6000000023083461103
Q135653573	6000000018853331454
Q1356542	6000000006954496667
Q135654892	6000000004154148419
Q135654914	6000000059426617391
Q135654954	6000000125327131886
Q135655025	6000000191245747830
Q135655100	6000000187539625828
Q135655140	6000000023545269360
Q1356552	6000000000259621632
Q135655246	6000000023545254449
Q135655261	6000000023545287201
Q135655274	6000000023545891956
Q135655290	6000000023545272192
Q135655361	6000000201121068834
Q135655767	6000000033966225128
Q135656037	6000000007776416924
Q135656243	6000000027434081802
Q135656251	6000000018152249490
Q135656256	6000000017964709413
Q135656392	6000000012372790240
Q1356567	6000000020096616336
Q135657430	6000000027019653721
Q135657441	6000000018152253361
Q135657453	6000000027019653715
Q135657822	6000000188696633845
Q135657856	6000000186712720840
Q135658160	6000000068366118843
Q135658275	6000000179875842833
Q135658368	6000000015797507899
Q135658385	6000000042331845207
Q135658441	6000000017956080272
Q135658497	6000000019307065281
Q1356586	6000000010492861568
Q135658689	6000000031847855873
Q135658731	6000000018687874321
Q135658985	6000000015581863809
Q135659009	6000000018687176371
Q135659090	6000000015153520108
Q135659122	6000000026496886494
Q135659457	6000000018013411245
Q1356596	6000000002847089785
Q135659804	6000000019310723930
Q135659804	6000000041056438614
Q135660376	6000000018687087014
Q135660499	6000000018468296678
Q1356607	365178215570007824
Q135660790	6000000021146604549
Q135660798	6000000015152612011
Q1356608	6000000125150822821
Q135661253	6000000007343472247
Q135661263	6000000008889910732
Q135661270	6000000003012320533
Q135661276	6000000002633907411
Q135661280	6000000003012314399
Q135661281	6000000002843820554
Q135661282	6000000002843878352
Q135661331	6000000008449734287
Q135661332	6000000004966388784
Q135661333	6000000011336488140
Q135661336	6000000008330153902
Q135661338	6000000000952378627
Q135661344	6000000007234802585
Q135661345	6000000008330432734
Q135661349	6000000006331682170
Q135661351	6000000007234758907
Q135661352	6000000007980472636
Q135661353	6000000185176823836
Q135661354	6000000008952784473
Q135661355	6000000007980472631
Q135661362	6000000007235093208
Q135661363	6000000013471888746
Q135661366	6000000008366539114
Q135661370	6000000005564252726
Q135661371	6000000008368904259
Q135661372	6000000008798184920
Q135661531	6000000006333578250
Q135661539	6000000006869071092
Q135661564	6000000186681047834
Q135661621	6000000008449677746
Q135661639	6000000007925140465
Q135661653	6000000007924961866
Q135661666	6000000007924777624
Q1356617	6000000114530325474
Q135661838	6000000011336175964
Q13566188	6000000041271856823
Q135662021	6000000003502433945
Q135662080	6000000006165987204
Q13566227	6000000070297612829
Q135662464	6000000001240570063
Q135662655	5699145640410052585
Q135662656	4394005094610050347
Q135662658	4393985481650024176
Q135662817	6000000005621504311
Q135662963	6000000000694224907
Q135662972	6000000000694222501
Q135663084	6000000014754110931
Q135663090	6000000011438749239
Q135663094	6000000000694347613
Q135663097	6000000001753113988
Q135663111	6000000001753114022
Q135663117	6000000001753114001
Q13566327	6000000155848659907
Q13566336	6000000060610531826
Q135663396	6000000011127559053
Q135663401	6000000022569224074
Q135663406	6000000155084661823
Q135663412	6000000003699074271
Q135664000	6000000079855899983
Q13566407	6000000076955299930
Q1356648	6000000021450122488
Q135665329	6000000023320210284
Q135665350	6000000000037396752
Q135665366	6000000000037387642
Q135665394	6000000000113370711
Q135665396	6000000006127393290
Q135665412	5502192278860069219
Q135665416	6000000016221183935
Q135665423	6000000014135495093
Q135665870	6000000025927864601
Q135665873	6000000006127393321
Q135665949	6000000006784816423
Q135666190	6000000079836510680
Q135666191	6000000079838355001
Q135666192	6000000079837672484
Q135668995	6000000041964999307
Q135668997	6000000010114546955
Q135668998	6000000081291960998
Q135668999	6000000081274663349
Q1356690	6000000139316825843
Q135669000	6000000007337860931
Q135669001	6000000128870607878
Q135669002	6000000128867917838
Q135669003	6000000081291024881
Q135669004	6000000007337924389
Q135669007	6000000038376438909
Q135669008	6000000011399326972
Q135669009	6000000005051932388
Q135669013	6000000004120571060
Q135669022	6000000011683754490
Q135669670	6000000015582397628
Q135669671	6000000015582333109
Q135669735	6000000075679258882
Q135669744	6000000075678982389
Q13566996	6000000007536546086
Q135670180	6000000079710504831
Q135670316	6000000039039402363
Q135670650	6000000007014406088
Q135670829	6000000006799715309
Q135670830	6000000006798113924
Q135670890	6000000174473447803
Q135670985	6000000007288084840
Q1356710	6000000141017828832
Q135671000	6000000006787868010
Q135671184	6000000017355977336
Q135671186	6000000015107640948
Q135671188	6000000015107608362
Q135671189	6000000015136226075
Q135671190	6000000015136065466
Q135671191	6000000015107640977
Q135671193	6000000015107786356
Q135671283	6000000026996466574
Q135671615	6000000189672192876
Q135671621	6000000000668641967
Q135671674	6000000006787753121
Q135671789	5305657505990132549
Q135671791	6000000002671371907
Q135671793	6000000003148563426
Q135671807	6000000000693943648
Q135671821	6000000001078123313
Q13567236	6000000017969935457
Q135672586	6000000015804838202
Q1356730	6000000026589890814
Q135673050	6000000028464869318
Q135673563	6000000206110358905
Q135673679	6000000004593214041
Q135673870	6000000028051473223
Q135674544	6000000004086775586
Q135674673	6000000001199760435
Q135674698	6000000044786578013
Q135674833	6000000018981730226
Q135675605	6000000028337346252
Q13567561	6000000068354097916
Q135675682	6000000042190507325
Q135675910	6000000028337361235
Q135675911	6000000024276387949
Q1356765	6000000140688134459
Q135677178	6000000027216557104
Q135677194	6000000027216534088
Q135678097	6000000033303439023
Q135678118	6000000033302814796
Q135678137	6000000008239559135
Q1356786	6000000006276720398
Q1356789	6000000000907542644
Q1356794	6000000100253068033
Q1356799	6000000004097361821
Q135679936	6000000002420464170
Q135680126	6000000003855149389
Q135680134	6000000000254887686
Q135680346	6000000002420364652
Q135680367	6000000085988425861
Q135680371	6000000007237059310
Q135680376	6000000006299435192
Q135680403	6000000021324208984
Q135680418	6000000015982928394
Q135680424	6000000011571898270
Q135680427	6000000011573717860
Q135680441	6000000011571704043
Q135680478	6000000021322050402
Q135680560	6000000020612201296
Q135680564	6000000014694551002
Q135680591	6000000038573547298
Q135680624	6000000133419539831
Q135680664	6000000073840921821
Q1356820	6000000070728097958
Q135682327	6000000024275911547
Q135682328	6000000067156042914
Q135682406	6000000048849445857
Q135682493	6000000021251316371
Q135682715	6000000004541842323
Q135682716	6000000021251334646
Q135682845	6000000008310416845
Q135682854	6000000017307841346
Q135682857	6000000017307802451
Q1356829	6000000014086616510
Q135683463	6000000037743529822
Q135683513	6000000037743135196
Q135683788	6000000002641630043
Q135683863	6000000013955839705
Q135684082	6000000219797211864
Q1356841	6000000181932814824
Q135684243	6000000017650647666
Q135684302	6000000005972840002
Q135684303	6000000005960342226
Q135684304	6000000048926414113
Q135684410	6000000018869613287
Q135684492	6000000212990148821
Q135684558	6000000074670207841
Q135684575	6000000000153801889
Q135684644	6000000017897092204
Q135684675	6000000024762385972
Q135684810	6000000180718862973
Q135684849	6000000017896825653
Q135685059	5645550687900070635
Q135685090	6000000148379428842
Q1356852	6000000011207204204
Q135686051	6000000018328368975
Q135686051	6000000204182513844
Q135686054	6000000018328479194
Q135686127	6000000004650465165
Q135686555	6000000000687253008
Q135686583	6000000021321732053
Q135686588	6000000001147656865
Q135686593	6000000021322021924
Q135686766	6000000009542506996
Q135687	6000000007638281237
Q135687129	6000000043426148924
Q135687294	6000000007014440454
Q1356879	256221
Q135687914	6000000007014397301
Q135689068	6000000015814115761
Q135689149	6000000015814894035
Q1356897	6000000032198320952
Q1356901	6000000036842149025
Q1356911	5314572223890032005
Q1356915	6000000006578442294
Q1356920	6000000032848361616
Q1356927	6000000181589146891
Q135695760	6000000027857837386
Q135695994	6000000208444521897
Q1356964	6000000076188768938
Q13569677	6000000110613705874
Q13569763	6000000040804225235
Q13569891	6000000043136935850
Q13569892	6000000006242343688
Q13569909	6000000018448156168
Q1356994	6000000019687313360
Q135699604	6000000208502187860
Q135700004	6000000015030409453
Q1357002	6000000025020495902
Q1357003	6000000002207697503
Q13570092	6000000002370679385
Q135702	6000000019898351791
Q135703354	6000000034390241479
Q135703493	6000000034384443475
Q135703604	6000000034390188803
Q135703702	6000000010523056268
Q135703704	6000000010523031282
Q135703705	6000000010522854583
Q135703707	4301936058610055844
Q135703708	6000000001170178548
Q135703714	6000000026343580256
Q135703715	6000000028045835912
Q135703716	6000000028045653675
Q135703717	6000000028045772016
Q135703719	6000000028045727249
Q135703721	6000000044882079036
Q135703722	6000000044882423844
Q135703723	6000000006273748612
Q135703724	6000000006996683046
Q135703736	6000000050463970859
Q135703737	6000000050464014908
Q135703743	6000000050464334837
Q135703744	6000000050464388845
Q135703745	6000000029445084693
Q135703746	6000000029077911054
Q135703748	6000000022573681813
Q135703749	6000000028770337928
Q135703763	6000000011012622442
Q135703764	6000000007849367737
Q135703765	4301936071660037515
Q135703772	6000000019114864094
Q135703784	6000000010522601781
Q135703785	6000000016433310338
Q135703787	6000000012483668461
Q135703822	6000000011248476643
Q135703824	6000000017477677282
Q135703826	6000000009166840778
Q135703827	6000000007040407999
Q1357057	6000000019704956177
Q135706232	6000000028188320017
Q135706234	6000000010522323113
Q135706236	6000000026947652222
Q135706237	6000000007617301393
Q135706239	6000000004106229186
Q135706240	6000000003102546597
Q135706247	6000000004106261979
Q135706248	6000000002504866898
Q135706527	6000000015063055506
Q13571048	6000000020745638279
Q13571054	6000000017842781992
Q135711446	6000000004045452778
Q135711448	6000000001926368197
Q135711455	6000000002801530479
Q135711456	6000000003424911461
Q135711457	6000000001463116405
Q135711458	6000000003060158010
Q135711756	6000000002512624570
Q135711777	6000000001354369905
Q135712119	6000000029760325148
Q135712123	6000000029392361012
Q135712126	6000000001796072146
Q135712129	6000000016023532032
Q135712131	6000000001354367373
Q135712157	4146237071340067003
Q135712160	6000000002352606597
Q135712312	6000000001796047213
Q135712323	6000000001476127948
Q135712324	6000000007076305466
Q135712325	542597
Q135712341	6000000001475875810
Q135712345	6000000029392170120
Q135712346	6000000001354372877
Q135712358	6000000001354365204
Q135712363	6000000001355606825
Q135712402	6000000029390209644
Q135712405	6000000003109077071
Q135712414	6000000003109077081
Q135712434	6000000003109041103
Q135712613	6000000017669797250
Q135712614	6000000000879042252
Q135712617	6000000017671918779
Q135712618	6000000003618991711
Q135712620	6000000007328891587
Q135712623	6000000017669703864
Q135712624	6000000017671287323
Q135712626	6000000005921919174
Q135712628	6000000000391966037
Q135712629	6000000003109035590
Q135712714	6000000017671316286
Q135712720	6000000009554050351
Q135712724	6000000003193932033
Q135712728	6000000011071693626
Q1357129	6000000017277841197
Q1357130	6000000141994082834
Q135713069	6000000017669685972
Q135713088	6000000028007522967
Q135713128	6000000000952915513
Q135713141	6000000002742840277
Q135713158	6000000002742694702
Q135713243	6000000013155042807
Q135713245	6000000003695046147
Q135713247	6000000002286714566
Q1357154	6000000012313876482
Q135715722	6000000039408037243
Q135717122	6000000200925628921
Q135717591	6000000195119182922
Q135717994	6000000006566893008
Q135719205	6000000045477429847
Q135720565	6000000020679461963
Q135721610	6000000212463642825
Q1357221	6000000087121336821
Q1357250	6000000004591180303
Q135725757	6000000010151517116
Q135725778	6000000017291648486
Q135725812	6000000017291826281
Q135725835	6000000062365126836
Q135725903	6000000196739037821
Q135726193	6000000013035257628
Q135726200	6000000013033944105
Q135726225	6000000017891223978
Q135726241	6000000035771758658
Q135726243	6000000031789097849
Q135726279	6000000031779618714
Q135726400	6000000045743370394
Q135726478	6000000021722031853
Q135726492	6000000021721958040
Q135726531	6000000067466136867
Q135726540	6000000021721638422
Q135726562	6000000021721844473
Q135726569	6000000031781194130
Q135726573	6000000031781528135
Q135726608	6000000008667013497
Q13572728	6000000031789697071
Q135728102	6000000007452708699
Q135728247	6000000000046143658
Q1357297	6000000009149849825
Q135732285	6000000014188936257
Q135732306	6000000008307981448
Q135732888	6000000007489408406
Q1357329	6000000002410580955
Q135733299	6000000002043386590
Q135733302	6000000011503160316
Q135733549	6000000007919589473
Q135733601	4088696570880049992
Q135733732	6000000014188952671
Q135733890	6000000004548360308
Q135734007	6000000011989135267
Q1357341	6000000000369382176
Q135734294	6000000026117493172
Q1357343	340770538460013025
Q135734564	6000000073043168830
Q135734859	6000000073042657140
Q135734863	6000000073035339825
Q135734904	6000000016299578321
Q135734906	6000000016300354616
Q135734915	6000000019429338077
Q135734932	6000000029259239708
Q135734937	6000000143124940984
Q135734964	6000000028204111988
Q1357350	6000000022863410139
Q135735068	6000000001984683283
Q135735194	6000000001092086693
Q13573539	6000000039229936691
Q1357368	6000000010640255320
Q135736886	6000000023311000237
Q135736979	6000000027840669750
Q135737042	6000000023311172013
Q13573760	6000000003598550457
Q1357392	6000000029001690531
Q1357393	6000000011684178433
Q135739918	6000000008689286234
Q1357402	6000000013154173764
Q1357410	6000000024957451759
Q1357411	6000000077243662903
Q1357418	6000000077944228271
Q13574217	6000000026828233978
Q135742383	6000000015333370210
Q135742388	6000000001053456741
Q135742419	6000000003276532472
Q135742458	6000000007307033664
Q135742974	6000000012553098486
Q1357437	6000000132355097822
Q1357456	6000000034338883172
Q135746309	6000000003031056187
Q135746311	6000000003031054371
Q135746319	6000000011988873160
Q1357465	6000000178112714861
Q135746978	6000000084297805022
Q1357471	6000000119319983156
Q135747115	6000000034866732407
Q135747603	6000000039803121886
Q135747609	6000000057104069048
Q135747643	6000000018239547083
Q135747667	6000000018239036891
Q1357477	6000000048198201941
Q135747747	6000000080026951821
Q135747755	6000000074829863105
Q135747763	6000000074829855042
Q135747770	6000000018239101658
Q135747782	6000000024975845487
Q135748000	6000000017185539657
Q135748019	6000000052210703499
Q135748030	6000000013414136532
Q135748036	6000000037672197905
Q135748041	6000000050072694821
Q13575	6000000020610943438
Q135750381	6000000188696591856
Q135750395	6000000189854118835
Q135750412	6000000186830765850
Q135750432	6000000219405691832
Q13575092	3355159
Q1357519	6000000085101783046
Q1357521	6000000015017026486
Q135752591	6000000073306498013
Q135753212	6000000084832677762
Q13575349	6000000174617127828
Q1357539	6000000018232229711
Q13575399	6000000024905356804
Q1357554	6000000031044733774
Q1357561	6000000112488677860
Q135756363	6000000007178349201
Q1357570	6000000042768071974
Q1357579	323910305940006400
Q1357595	6000000024403829968
Q1357611	6000000017747811053
Q135761636	6000000027842706851
Q135761639	6000000027842466334
Q135761640	6000000027842673904
Q135761998	6000000027842548318
Q135762048	6000000027842645005
Q135762049	6000000027842548523
Q135762050	6000000027842622283
Q135762051	6000000027842476286
Q1357640	6000000049760120989
Q13576445	4127321333650031692
Q135770905	6000000008726892248
Q135771412	6000000019643142216
Q135772959	6000000001930895997
Q1357733	6000000025605814379
Q1357743	6000000020156640860
Q1357747	6000000025524293314
Q1357750	6000000024515218767
Q1357753	6000000017908872809
Q1357772	6000000015980241687
Q1357773	6000000024225659812
Q135778346	6000000009440403181
Q135778351	6000000207585844823
Q1357789	6000000013659228822
Q1357794	6000000064314834552
Q135779407	6000000018567188881
Q135779566	6000000030452813174
Q135780792	6000000043569549879
Q1357811	6000000172838927427
Q135781173	6000000045744256878
Q135781174	6000000045743594621
Q135781298	6000000024261524723
Q135781447	6000000017971676202
Q135781989	354455460280001831
Q135782173	6000000004172316813
Q1357828	6000000014052619605
Q135783051	6000000025725214918
Q1357841	6000000015163518786
Q13578482	6000000007802572294
Q1357854	6000000023895697362
Q1357862	6000000018703096656
Q13578908	6000000027153634474
Q1357893	5534731037070024492
Q1357899	6000000080701695963
Q135790596	6000000025431622608
Q135791089	6000000025432374511
Q135792343	6000000014101220782
Q135792345	6000000014101080765
Q135792349	6000000003401359312
Q135792699	6000000107971712822
Q135792700	6000000165580312882
Q135792889	6000000036534148206
Q135793000	6000000013039079098
Q135793003	6000000013039188000
Q13579301	6000000016779192832
Q135794932	6000000027840987936
Q135795039	6000000133406834075
Q135795047	6000000027841055824
Q135795235	6000000019866002286
Q135795777	6000000027840582857
Q1357958	6000000011323136049
Q135796644	6000000019865431670
Q1357972	6000000100894167839
Q1357983	6000000006807819571
Q1357987	6000000117715355844
Q13579880	6000000075499609947
Q1357992	6000000029776334106
Q1358005	6000000011670986578
Q1358029	6000000087770893832
Q135803484	6000000002526302241
Q13580596	6000000009908321120
Q1358075	6000000023851932310
Q1358080	6000000041168536070
Q1358090	6000000058429490836
Q1358095	6000000107314327833
Q135809774	6000000018204138309
Q1358102	6000000016215737933
Q13581034	6000000049511670821
Q13581085	6000000019759310171
Q13581086	6000000011205945495
Q13581087	6000000056119058911
Q135811167	6000000200254272900
Q1358118	6000000029285067236
Q13581225	6000000083334111940
Q1358123	6000000002830131774
Q1358124	6000000004102524499
Q13581243	6000000061258577068
Q135813307	6000000003299296597
Q1358145	6000000013239788632
Q1358149	6000000013154005536
Q135815418	6000000151348127848
Q135815601	6000000080005174904
Q1358158	6000000103706798995
Q135815852	6000000011536088883
Q135816169	6000000017487538167
Q1358165	6000000001809538134
Q1358169	6000000062443103960
Q135817064	6000000017487498285
Q1358179	6000000105337971134
Q1358180	6000000015503140375
Q1358182	6000000021305671219
Q135818827	6000000043925467015
Q135818912	6000000177168098896
Q135818917	6000000177169544821
Q135818921	6000000177169382838
Q135818927	6000000177169438829
Q135818953	6000000212988930832
Q135818958	6000000020210631848
Q135818961	6000000213283488826
Q135818968	6000000213283488834
Q135818969	6000000021677829433
Q135818976	6000000020210631854
Q135818984	6000000213283488830
Q135818991	6000000213278699822
Q135819007	6000000021698811855
Q135819011	6000000213283488838
Q135819013	6000000021698811890
Q135819018	6000000015773624241
Q135819028	6000000014566317101
Q135819033	6000000027451105959
Q135819035	6000000027451105953
Q135819090	6000000021698832467
Q135819621	6000000015913843581
Q1358207	6000000000398979638
Q135820761	6000000019334808031
Q1358212	6000000037187695405
Q135822306	6000000025582198789
Q135824387	6000000002300492605
Q13582463	6000000038091275925
Q13582496	6000000038330946014
Q13582499	6000000003406178031
Q1358250	6000000035131571843
Q13582500	6000000005599105185
Q135825125	6000000002300492621
Q135825155	6000000028084432843
Q135825195	6000000072162579011
Q135825277	6000000072101045849
Q13582536	6000000006782623073
Q1358259	6000000050359848122
Q1358261	6000000001017735122
Q135826284	6000000072100728088
Q135826311	6000000055392916953
Q135826340	6000000076885786325
Q135826347	6000000040797298025
Q135826358	6000000072333773841
Q135826387	6000000072247694891
Q135826446	6000000072319246370
Q13582651	6000000010241427692
Q135826562	6000000015582462207
Q135826563	6000000009389686067
Q135826618	6000000187042400821
Q135826619	6000000098903913841
Q13582672	6000000004978685992
Q1358281	477061
Q135829160	6000000072184835171
Q1358294	6000000051762122112
Q1358306	6000000172878767227
Q135830749	6000000081358317258
Q135831236	6000000074282242922
Q135831589	6000000027840606860
Q135831591	6000000074280309855
Q135831592	6000000027840359423
Q135831684	6000000150158069832
Q135831687	6000000027840529339
Q13583169	6000000176561720842
Q135831701	6000000027840521296
Q1358326	6000000011853280043
Q1358328	6000000029025076344
Q13583323	6000000017369844074
Q1358349	6000000126167468930
Q13583548	6000000017939068926
Q13583575	6000000049685056188
Q135835924	6000000027822778014
Q135837334	6000000027822761084
Q135837348	6000000027822326482
Q1358376	6000000173992359947
Q1358381	6000000004097627721
Q135838160	6000000025435447119
Q135838189	6000000027822676263
Q13583836	6000000016329434240
Q1358384	6000000009715686299
Q1358391	6000000082303429960
Q135840025	6000000003903212958
Q1358401	6000000039300778729
Q135840105	6000000006127159448
Q135840313	6000000008977012617
Q1358406	6000000134678422866
Q135841093	6000000006802269378
Q135841161	6000000012225556907
Q135841167	6000000026117198438
Q135841174	6000000003747409232
Q135841178	6000000001395908307
Q135841184	6000000002580334265
Q135841185	6000000000696726686
Q135841186	6000000008583098916
Q135841190	6000000048575413111
Q1358412	6000000025996272650
Q135841201	6000000007307033659
Q135841203	6000000006838681816
Q135841211	6000000003276532480
Q135841236	6000000010311290183
Q135841239	6000000010311281799
Q135841239	6000000054177352148
Q135841246	6000000004172491206
Q135841266	6000000025723598077
Q135841282	6000000175013497398
Q135841283	6000000005059171043
Q135841285	6000000027822607241
Q135841294	6000000127159505940
Q135841296	6000000016785897127
Q135841357	6000000032534690784
Q135841358	6000000000770881364
Q135841359	6000000003232359426
Q135841361	6000000008307981482
Q135841370	6000000012778708280
Q135841371	6000000000912148884
Q135841373	6000000000912297786
Q135841375	6000000008260314835
Q135841385	6000000010878103024
Q135841386	6000000003868282918
Q135841393	6000000000452297209
Q135841431	6000000027822596267
Q135841481	6000000141603177927
Q1358421	6000000016775454646
Q135843272	6000000076885776000
Q13584501	6000000015815616452
Q1358456	6000000006854121006
Q1358473	6000000005086425244
Q1358475	6000000000891943354
Q135847633	6000000040213820176
Q135847754	6000000040215487389
Q1358482	6000000124336072832
Q135848670	6000000040214077119
Q135849725	6000000020918974351
Q135849732	6000000019373187170
Q1358507	6000000026093813080
Q13585112	6000000018059537158
Q1358516	6000000086974693861
Q1358518	6000000014641218224
Q135852759	6000000012082710165
Q135853005	6000000016117313751
Q135853010	6000000017408072706
Q135853017	6000000017408179790
Q135853055	6000000017408609428
Q135853158	6000000006606682588
Q135854263	6000000024935268454
Q135854362	6000000024936699849
Q135854596	6000000016785215361
Q1358546	6000000008441280103
Q135854786	6000000016786717983
Q135854844	6000000016793773246
Q135854856	6000000063143434856
Q135854872	6000000012084265421
Q135854882	6000000017408072712
Q135854885	6000000020311063110
Q135854902	6000000012082710170
Q135854971	6000000017410077121
Q135855023	6000000017410221073
Q135855085	6000000020310844687
Q135855094	6000000204080569881
Q135855096	6000000203999462835
Q135855158	6000000031574028950
Q135855159	6000000031598286722
Q135855295	6000000072184803221
Q135855363	6000000185571368564
Q135855367	6000000205320566833
Q135855368	6000000205386461865
Q135855390	6000000009036066570
Q135855394	6000000008626921289
Q135855395	6000000008626738945
Q135855397	6000000008626929214
Q135855399	6000000008626941209
Q135855623	6000000034895601792
Q135855640	6000000030416276393
Q135855667	6000000009438476492
Q135855671	6000000008912721418
Q135855689	6000000008897457533
Q135855692	6000000007452091711
Q135855693	6000000007452038651
Q135855775	6000000182051793861
Q135855815	6000000021736274409
Q1358565	6000000215870171835
Q135857637	6000000029732900041
Q1358585	292508223060005940
Q13586011	6000000000100924018
Q1358609	6000000082527811975
Q1358651	6000000039407227327
Q13586538	6000000034605654860
Q13586553	6000000034605387211
Q135865549	6000000208470628457
Q135865622	6000000003784261302
Q135866464	6000000014543492809
Q135866736	6000000014543464995
Q1358671	6000000029552549824
Q1358685	5692920087540111855
Q1358688	6000000023695567938
Q135869767	6000000006720479033
Q1358714	6000000180026714824
Q1358733	6000000011516187429
Q135874167	6000000025581927491
Q135874628	6000000013663337423
Q135875320	6000000027821934698
Q135875322	6000000027821891750
Q135875332	6000000017045172501
Q135876587	6000000021828748590
Q135880404	6000000097026913180
Q135880413	6000000219052068846
Q135880416	6000000027822429078
Q135880935	6000000012262436819
Q135881399	6000000017045279050
Q1358815	6000000088690389097
Q1358816	6000000020005430005
Q135882199	6000000034658128306
Q135882509	6000000007646506569
Q135882511	6000000011823399350
Q1358829	6000000012825445958
Q1358852	6000000002325581800
Q1358857	6000000068738967932
Q1358862	6000000040027781558
Q1358867	6000000007279415767
Q1358871	6000000182796345821
Q135887297	6000000006705887469
Q135888575	6000000185588938421
Q135889375	6000000187530489841
Q135889460	6000000186332422391
Q135889751	6000000082966936806
Q135891005	6000000028087769026
Q1358911	6000000008613282782
Q1358912	6000000016352716673
Q135891973	6000000003579985658
Q135892205	6000000003579955592
Q1358923	6000000019026257425
Q1358924	6000000095888397259
Q1358926	6000000016352833065
Q135893060	6000000013918523030
Q135894750	6000000003275729614
Q135894793	6000000189481706249
Q1358961	6000000012441814496
Q135896376	6000000072170623160
Q1358964	6000000024552759135
Q135896412	6000000001749639139
Q1358972	6000000179914058826
Q1358975	6000000004242180091
Q1358975	6000000067023911127
Q135898659	6000000001597995529
Q135898672	6000000011797197204
Q135898795	6000000210678695834
Q135898842	6000000022542877688
Q135898851	6000000077157134321
Q135898858	6000000022542956233
Q1358994	6000000010531564993
Q135899478	6000000003845845147
Q135899751	6000000041675144468
Q135900155	6000000046456453821
Q135900242	6000000077550095615
Q135900466	6000000012307273222
Q135900504	6000000071010678138
Q135900505	6000000174136040241
Q135900682	6000000012306304090
Q135900770	6000000018544462344
Q135900805	6000000019703068257
Q135900811	6000000051130943823
Q135900828	6000000006513669001
Q135900930	6000000015720801419
Q135901700	6000000025956348766
Q135901703	6000000001540837586
Q135901704	6000000025957027961
Q135901706	356890787010010215
Q135901708	6000000001540915234
Q135901710	6000000000469879336
Q135901715	6000000001540941325
Q135901716	6000000008260482848
Q135901718	6000000008260462635
Q135901721	6000000006725732278
Q135901724	356891996720007056
Q135901811	6000000000342617682
Q135901813	6000000006442166906
Q135901848	6000000003617053997
Q135901850	6000000006444037125
Q135901851	6000000033304300360
Q135901852	6000000006444037169
Q135901853	6000000006444411735
Q135901882	6000000033304275807
Q135901892	6000000043761818059
Q135901903	6000000043761580600
Q135901904	6000000043762432232
Q135901907	6000000043762022342
Q135901910	6000000018472692136
Q135901912	6000000000688957633
Q135901912	6000000151634944840
Q135901918	6000000045931050049
Q135901918	6000000046748277086
Q135901919	6000000174574238428
Q135902191	6000000200921521823
Q135902307	6000000185154135885
Q135902599	6000000006599094242
Q135902619	6000000006596978121
Q135902632	6000000006599182045
Q135902654	6000000011140354884
Q135902704	6000000011140487458
Q135902854	6000000015750372971
Q1359032	6000000178807736865
Q13590412	6000000021632971183
Q135904427	6000000008387296656
Q1359046	6000000012336365558
Q1359047	6000000037409263957
Q135905341	6000000071010874943
Q135905374	6000000012307083072
Q135905375	6000000039432060933
Q135905810	6000000221045951858
Q135906461	6000000019420307022
Q135906708	6000000027254033512
Q135906831	6000000002729999172
Q135906859	6000000078140245213
Q135906993	6000000078140595136
Q135907005	6000000078201138994
Q135907031	6000000019057269628
Q135907039	6000000033786950452
Q135907087	6000000019057815247
Q135907123	6000000017875296229
Q135907131	6000000012303317540
Q135907232	6000000142117502018
Q135907420	6000000041172527014
Q135907465	6000000033787454062
Q135907502	6000000068319811999
Q135907897	6000000033802458715
Q135908271	6000000010346144713
Q135908420	6000000016332035381
Q135908862	6000000038679757297
Q135909038	6000000012278784333
Q135910004	6000000011435688487
Q1359106	296937825800001911
Q135910720	6000000023942278329
Q135910764	6000000023827598305
Q1359116	6000000078228049869
Q135911859	6000000016698941154
Q135912067	6000000013516431085
Q135912106	6000000013895714836
Q135912354	6000000006100983113
Q135912884	6000000053657453500
Q135913059	6000000013295473392
Q135913183	6000000096562508832
Q135913211	6000000018100624265
Q135913273	6000000023768706670
Q1359135	6000000031226203688
Q135913541	6000000003032151814
Q135913790	6000000031618625919
Q135913854	6000000018100912215
Q135914070	6000000018715834408
Q135914110	6000000018715903355
Q135914110	6000000220461991821
Q135914335	6000000082823480236
Q135914756	6000000000401128198
Q135915040	6000000019057952401
Q135915042	6000000021286967331
Q135915088	6000000007454875706
Q135915090	6000000007454660995
Q135915092	6000000003747529283
Q135915093	6000000003698049170
Q135915094	6000000001566305076
Q135915156	6000000003650667508
Q135915165	6000000001566383003
Q135915174	6000000003076679639
Q135915190	6000000000835546129
Q135915252	6000000000491019006
Q135915266	6000000006439895195
Q135915267	6000000006439895201
Q135915268	6000000000491011314
Q135915270	6000000012698229497
Q135915276	6000000000250114722
Q135915277	6000000006928372609
Q135915279	6000000040518811986
Q135915282	6000000000491082094
Q135915285	6000000013516342648
Q135915287	6000000025634767957
Q135915295	6000000033838473926
Q135915297	6000000009085076054
Q135915299	6000000000689001957
Q135915301	6000000002735904819
Q135915303	6000000002665565641
Q135915305	6000000010760691329
Q135915365	6000000177522989821
Q135915591	6000000001881480439
Q135915603	6000000001882341192
Q135915607	6000000001882276737
Q135915611	6000000002082748213
Q135915613	6000000028204382116
Q135915614	6000000009668323280
Q135915618	6000000028204383610
Q135915620	6000000016662124396
Q135915628	6000000016662423586
Q135915640	6000000001882225551
Q135915681	6000000001882413044
Q1359157	6000000013745443235
Q135915725	6000000022366691780
Q1359158	6000000180556248853
Q135915812	6000000001383858551
Q135915814	6000000003005486977
Q135915821	6000000016071981680
Q135915896	6000000079116173037
Q135915910	6000000002882661464
Q135915912	6000000016152220412
Q135915915	6000000002882812195
Q135916042	6000000079038826081
Q135916263	6000000033479522473
Q135916323	6000000207339631824
Q135916667	6000000039949595161
Q135916678	6000000032452323940
Q135916709	6000000002360974348
Q135916776	6000000002603743194
Q135916787	6000000016499202440
Q135916835	6000000063506039822
Q135916862	6000000062629882840
Q135916862	6000000185062327831
Q135916944	6000000000890121115
Q135916966	387957562230010453
Q135917005	6000000005961748552
Q135917056	6000000217537139893
Q135917153	6000000006241447126
Q1359172	6000000031125483491
Q135917351	6000000003053567778
Q135917366	6000000216095248827
Q135917558	6000000001389315233
Q135917608	6000000023168221173
Q1359178	6000000098213604904
Q1359181	6000000156450492946
Q135918348	6000000020351169530
Q1359184	6000000080863532077
Q135918720	6000000221055897823
Q135918752	6000000023171622030
Q135918975	6000000018716001093
Q1359190	6000000080863434826
Q13591902	6000000121574213874
Q135919101	6000000009383133952
Q135919133	6000000013895604343
Q135919347	6000000041062170501
Q135919350	6000000070387404821
Q135919352	6000000002859005066
Q135919385	6000000013896342342
Q1359195	6000000013270856907
Q135919513	6000000002955696963
Q135919589	6000000173849372822
Q13591959	6000000006327258546
Q135919612	6000000020934905445
Q135919790	6000000005228982376
Q135920138	6000000018716938333
Q135920168	6000000005228911957
Q135920203	6000000018281573147
Q135920265	6000000046809853833
Q135920271	6000000004089146464
Q135920290	6000000004089151089
Q135920291	6000000005249744809
Q135920305	6000000010486957467
Q135920313	6000000024306518068
Q135920314	6000000024306483249
Q135920316	6000000024306445391
Q135920318	6000000004202152687
Q135920343	6000000032794208823
Q135920383	6000000005385507157
Q135920423	6000000200926562829
Q135920532	6000000187475297836
Q135920842	6000000187530416861
Q135921185	6000000031798025711
Q135921297	6000000017659336992
Q135921325	6000000182445356821
Q135921329	6000000150854164917
Q135921342	6000000008701970615
Q135921347	6000000116997946891
Q135921367	6000000150854613885
Q135921385	6000000007408362911
Q135921396	6000000017896928692
Q135921398	6000000025903682864
Q135921403	6000000024295927289
Q135922918	6000000186062571196
Q135923387	6000000015720863096
Q135923390	6000000019390410976
Q135923409	6000000015720630883
Q135923481	6000000015720779538
Q135924687	6000000017238344789
Q135924724	6000000004954592495
Q135925171	6000000203133643891
Q135925357	6000000191042424887
Q135925420	6000000074271472821
Q135925647	6000000030938599676
Q135925651	6000000030938587669
Q135925663	6000000030939023951
Q135926202	6000000201736728827
Q135926534	6000000187142933829
Q135926730	6000000174444327868
Q135926759	6000000094805541849
Q135926854	6000000144677857111
Q135926859	6000000055967702999
Q135926861	316952566530008404
Q135926959	6000000043712138386
Q135927212	6000000022899704026
Q135927272	6000000174201043822
Q135927376	6000000023283909402
Q1359274	6000000024746197783
Q135927412	6000000043712487429
Q135927418	6000000023284822988
Q135927436	6000000043712782147
Q135927445	6000000023284899956
Q135927462	6000000021273674517
Q135927491	6000000017853992529
Q1359275	6000000045914449914
Q135927871	6000000043724827871
Q135928093	6000000172065478558
Q135928152	6000000035005588948
Q135928157	6000000009101197883
Q135928160	6000000035005315160
Q135928164	6000000033793618531
Q135928346	6000000043741757969
Q135928366	6000000028669950110
Q135928429	6000000014300605689
Q135928631	6000000017533969133
Q135928699	6000000028670324937
Q1359312	6000000015208587960
Q1359322	6000000004018768752
Q1359325	6000000094462207863
Q135932837	6000000034816965601
Q135932842	6000000034820019249
Q135932848	6000000043796204119
Q135933359	6000000022853824892
Q135933497	6000000198673031824
Q135933504	6000000027404697543
Q135933531	6000000027405173026
Q135933539	6000000021567923776
Q135933564	6000000021558814769
Q135933568	6000000021559044608
Q135933572	6000000021559396149
Q135933581	6000000027404267284
Q135933648	6000000040918715948
Q135933653	6000000040916606631
Q135933654	6000000024501038148
Q135933662	6000000031999122224
Q135933667	6000000040904900882
Q135933684	6000000018035221088
Q135933687	6000000048032221123
Q135933703	6000000048033050029
Q135933706	6000000019099531775
Q135933747	6000000018032705797
Q135933749	6000000086473729887
Q135933752	6000000086473433905
Q135933757	6000000086472995955
Q135933800	6000000189143834848
Q135933813	6000000189143735822
Q135933825	6000000028419250374
Q135933835	6000000028418348754
Q135934013	6000000042037367982
Q135934021	6000000043748289874
Q135934138	6000000189143746846
Q1359343	6000000024789007056
Q135934540	6000000183901787827
Q135934565	6000000210342873990
Q135934744	6000000017869359120
Q135934903	6000000182768831858
Q135935460	6000000092108124467
Q135935473	6000000092110102930
Q135935500	6000000091982407844
Q135935809	6000000020544586782
Q135935822	6000000026903368923
Q1359361	6000000094481960831
Q135936100	6000000026904420516
Q135936997	6000000020587433623
Q135937072	6000000019391690906
Q135938009	6000000032723258797
Q13593983	6000000057034812113
Q13594013	5282112430310085775
Q1359414	6000000038404907150
Q135941677	5597967851760031143
Q135941678	5597975798720100900
Q135941680	6000000001827596988
Q135941683	6000000017840489235
Q135941709	6000000002512340270
Q135941717	6000000000512526574
Q135941749	6000000000512732154
Q135941750	6000000002512279484
Q135941752	6000000006802626827
Q135941754	6000000006443358628
Q135941774	6000000000521346145
Q135941801	6000000005736753581
Q135941804	6000000005736853122
Q135941807	6000000005736583564
Q135941838	6000000030840478828
Q135941904	6000000005736734421
Q135941906	6000000001613759071
Q135941940	6000000000292339120
Q135941945	6000000000292317333
Q135942023	6000000006443498305
Q135942038	6000000006443745028
Q135942083	6000000005441261594
Q135942097	6000000029421748106
Q135942103	4733210
Q135942120	6000000005440887260
Q135942150	6000000005440887214
Q135942212	6000000002512279492
Q135942274	6000000047416608821
Q135942511	6000000019858218362
Q135942517	6000000040178440853
Q1359426	6000000198503983834
Q135942874	6000000130538563851
Q135942878	6000000108283915366
Q135942885	6000000020897437764
Q135942997	6000000009101554360
Q1359431	6000000070300109115
Q135943116	6000000210877516831
Q1359434	6000000036577009412
Q135944839	6000000023283818374
Q135944855	6000000015276010274
Q135944968	6000000023840200636
Q1359451	6000000002097950202
Q1359453	6000000000463452283
Q1359457	6000000025644318039
Q135946297	6000000013745773270
Q135948830	6000000013745583812
Q135949178	6000000013745315975
Q135950543	6000000013746011059
Q135951054	6000000185571613625
Q135951057	6000000023840723107
Q135951749	6000000017747693279
Q135951787	6000000015437828510
Q135951810	6000000029456462179
Q135951838	6000000015438138215
Q1359519	6000000038466842446
Q135952047	6000000030855084323
Q135952089	6000000020907076854
Q1359527	6000000018229804486
Q13595311	6000000028412204445
Q135953316	6000000019390352040
Q135953391	6000000019390932228
Q135953421	6000000019390609458
Q135953748	6000000019389885874
Q13595531	6000000028412449907
Q135956123	6000000018554798259
Q1359565	6000000018428526255
Q1359567	6000000182207419836
Q135957704	6000000037011364959
Q135957711	6000000014877360135
Q135957717	6000000028788747612
Q135957732	6000000024757965970
Q135957756	6000000024756121408
Q135957774	6000000024756435821
Q135958041	6000000014877070765
Q135958161	6000000019559989500
Q135959272	6000000032723879822
Q135959275	6000000020250973024
Q1359618	6000000057247373991
Q135962989	6000000016832332279
Q135963018	6000000042003330839
Q135963123	6000000054011027011
Q135963148	6000000083865640110
Q135963413	6000000016832291499
Q135963470	6000000009834958201
Q135963512	6000000031852754973
Q135963553	6000000031852415729
Q135963576	6000000007114753340
Q135963683	6000000165655829869
Q135963738	6000000040564407126
Q13596436	6000000076682840956
Q135965238	6000000000658127562
Q13596550	6000000076680834722
Q135965992	6000000017747540193
Q135966143	6000000021874782563
Q135966229	6000000014224627148
Q1359669	6000000008268269419
Q135966900	6000000019390038820
Q135967084	6000000019390352412
Q1359672	6000000019124122449
Q135967338	6000000000456759292
Q135967600	6000000185044413825
Q135967718	6000000195119862853
Q135968076	6000000200926103989
Q135968433	6000000030430623622
Q135969428	6000000017681267652
Q135970212	6000000019978494436
Q135970761	6000000005116328031
Q135971110	6000000019870850040
Q135971398	6000000138422323842
Q135971430	6000000036533293467
Q135971477	6000000006919696441
Q135971490	6000000218260624826
Q135971512	6000000138421855821
Q135971588	6000000179735890824
Q135971631	6000000138428696822
Q1359737	6000000014273559501
Q1359743	6000000127580667847
Q135975736	6000000014273583824
Q135975743	6000000014273774112
Q135975746	6000000014273559754
Q135975748	6000000014273771105
Q135975755	6000000002659225053
Q135976040	6000000078551576182
Q135976161	6000000012556007143
Q135976488	6000000007362055858
Q1359765	6000000032736316861
Q135976810	6000000004089188496
Q1359770	6000000015335640771
Q135977627	6000000036086282983
Q135977652	6000000179731156854
Q135977670	6000000003541224283
Q1359777	6000000011193201625
Q135977799	6000000028334938504
Q135977850	6000000024552533729
Q135977871	6000000003541224278
Q135978193	6000000002752958136
Q135978295	6000000003007091291
Q135978824	6000000031860760851
Q135978832	6000000031105271196
Q135978839	6000000031106212894
Q135978889	6000000031150660919
Q1359790	6000000025996030498
Q135979149	6000000031867866416
Q135979242	6000000031882811839
Q135979751	6000000031104796948
Q135979765	6000000023767609388
Q135979830	6000000019229060888
Q135979916	6000000033064639419
Q135980148	1399608
Q135980156	6000000017962503660
Q1359806	6000000034629655824
Q1359812	6000000184181252845
Q135982433	6000000017874439575
Q135982951	6000000028260206562
Q135983700	6000000198251752101
Q135983820	6000000010040578571
Q135984026	6000000017921872184
Q135984144	6000000006781155495
Q135984181	6000000222417278969
Q135984203	6000000005035443271
Q1359847	6000000031305812477
Q1359849	6000000004096306061
Q135985044	6000000026534440137
Q135986513	6000000030667095847
Q1359866	6000000075029777835
Q13598688	6000000043274165564
Q1359882	6000000023937362693
Q135989075	6000000003308653257
Q1359893	6000000003318311220
Q135989457	6000000153226924903
Q135989527	6000000077319577317
Q135989821	6000000185217310831
Q135989919	6000000026616612854
Q135989942	6000000003388414848
Q135989992	6000000020515294684
Q135990213	6000000017619490347
Q135990397	6000000206444795821
Q135990399	6000000206444951848
Q135990408	6000000206582020822
Q135990470	6000000206424434821
Q1359912	6000000057960715916
Q135992890	6000000006587374953
Q135992892	6000000034212413630
Q135992896	6000000006599348303
Q135992899	6000000026828787852
Q135993042	6000000021931640035
Q135993048	6000000048675349881
Q135993055	6000000042999710935
Q135993106	6000000042999723931
Q135993199	6000000021079242108
Q1359932	6000000002802596282
Q1359940	6000000041518405505
Q135995347	6000000191767263828
Q135995591	6000000116634180940
Q1359957	6000000076590900824
Q135995715	6000000184873171858
Q135995793	6000000184873651843
Q135995793	6000000215691596837
Q135995848	6000000047218666941
Q135995872	6000000025308693328
Q135996249	6000000025308416305
Q135996637	6000000184873078872
Q135996928	6000000040482320056
Q135996930	6000000075278812954
Q135997222	6000000006782424391
Q1359982	6000000014559605118
Q1359986	6000000021908738762
Q1359993	6000000013202434687
Q1360004	6000000050580377848
Q1360009	6000000158200697821
Q136000963	6000000206485935821
Q136000964	6000000206486169895
Q136000970	6000000206619760842
Q136001043	6000000046998165002
Q136001059	6000000206611311822
Q136001074	6000000046998081914
Q136001133	6000000206277510843
Q136001145	6000000113092084822
Q136001228	6000000221120665836
Q136001441	6000000023531806749
Q136001699	6000000206878802833
Q136001990	6000000181546924826
Q1360030	6000000002806259196
Q136003998	6000000208887804834
Q136004107	6000000208878241822
Q136004238	6000000206495240821
Q136004341	6000000009179504315
Q136004342	6000000009179337798
Q136004462	6000000039453161075
Q136004642	6000000037384302934
Q136004645	6000000037401605795
Q136004793	6000000206487865874
Q136005583	6000000082814726935
Q136005584	6000000049849049133
Q136005946	6000000017874551025
Q136005953	6000000017165042097
Q136005987	6000000017180119230
Q136005992	6000000017180252482
Q136006132	6000000017073009179
Q136006134	6000000016550604743
Q136006265	6000000010047887889
Q136006306	6000000014725471996
Q136006314	6000000206746359821
Q136006471	6000000206845534846
Q136006473	6000000206845495867
Q136006574	6000000205753720830
Q136006744	6000000022483710918
Q136006746	6000000022665313120
Q136006754	6000000022483714999
Q1360069	6000000021665567261
Q13600718	6000000027487324780
Q136007908	6000000040116454874
Q136007935	6000000020126022006
Q136007936	6000000003112362239
Q136007944	6000000003112238612
Q136007947	6000000017835952564
Q136007950	6000000038529081136
Q136007951	6000000038529685857
Q136007952	6000000038529645964
Q136007953	6000000003140754536
Q136007954	6000000024956982966
Q136008014	6000000028439393763
Q136008271	6000000014223009617
Q136008272	6000000014223009622
Q136008307	6000000078013336711
Q136008454	6000000022929702896
Q136008510	6000000022581177355
Q136008604	6000000023684669937
Q136008605	6000000023684627967
Q136008622	6000000221149700876
Q136008850	6000000029098480103
Q136010943	6000000014191212412
Q136011273	6000000019212789776
Q136011279	6000000017958933490
Q136011282	6000000019058386059
Q136011284	6000000019058314329
Q1360159	6000000105064512821
Q13601718	6000000030431410541
Q1360180	6000000012386518128
Q1360194	6000000011648607637
Q1360206	6000000023964279998
Q1360208	6000000019426336065
Q1360218	6000000149841485921
Q136023745	6000000169466523821
Q1360240	6000000175853069821
Q1360244	6000000075430650870
Q1360247	6000000002775793128
Q1360248	6000000103867070847
Q136026616	6000000021476508574
Q136026682	6000000002752965041
Q136026684	6000000002399000557
Q136026713	6000000106224431846
Q136027414	6000000002616295523
Q136027461	6000000018011604595
Q136027463	6000000018054507813
Q136027492	6000000002616164852
Q136027572	6000000000190059572
Q1360278	6000000079089215330
Q136027891	6000000002553086029
Q136027893	6000000054359401049
Q136027894	6000000054359543873
Q136027895	6000000017515476355
Q136027992	6000000103428576837
Q136028298	6000000012333012378
Q136028299	6000000014130019456
Q1360283	6000000145922331898
Q136028310	6000000007980796320
Q136028311	6000000001297343406
Q136028314	6000000011685449590
Q136028598	6000000092250333842
Q1360286	6000000156626737911
Q136028661	6000000046282281559
Q136028686	6000000046282839128
Q136028690	6000000205793280829
Q136028830	6000000013676164154
Q136028966	6000000014192919344
Q136028968	6000000014069594433
Q136028980	6000000015102750063
Q136029075	6000000002421515894
Q136029076	6000000097082630907
Q136029078	6000000002421485630
Q136029080	6000000009048544350
Q136029103	6000000068017722852
Q136029112	6000000010622622471
Q136029611	6000000014033709880
Q136029627	6000000206496085840
Q136029874	6000000206496157859
Q136029959	6000000028162166405
Q136030167	6000000028162187282
Q136030587	6000000057055601998
Q136030594	6000000024116386836
Q136030595	6000000030266887781
Q136030596	6000000025106967014
Q136030699	6000000099073704821
Q136030977	6000000190094971884
Q136031010	6000000007362264475
Q136031104	6000000013676254595
Q136031204	6000000016554212281
Q136031217	6000000026603946134
Q136031220	6000000068756639436
Q136031222	6000000051447383124
Q136031225	6000000068756336194
Q136031227	6000000024334388569
Q136031234	6000000026519887255
Q136031282	6000000022670141294
Q136031292	6000000013676400231
Q136031298	6000000206485716876
Q1360314	6000000015893834978
Q136031528	6000000207501496821
Q136031533	6000000011544729374
Q136031817	6000000202366622822
Q136031902	6000000206614206890
Q136032023	6000000011718302608
Q136032404	6000000008072835456
Q136032598	6000000044946093885
Q136032750	6000000097532697980
Q136033369	6000000023340828615
Q1360335	6000000196090256827
Q136033527	6000000163200309911
Q1360343	6000000095881528860
Q1360346	6000000043830664286
Q136035567	6000000042405290976
Q136035604	6000000042404842775
Q136035613	6000000042405537891
Q136035861	6000000017939060793
Q136036308	6000000210456265880
Q136036316	6000000204035004883
Q136036393	6000000038368590900
Q136036560	6000000015042628311
Q136036560	6000000215231177831
Q136036651	6000000222314913913
Q136036689	6000000208407152824
Q136036865	6000000084448875903
Q1360373	6000000113528661950
Q136038779	6000000012721892274
Q136039092	311979575500004629
Q136039288	6000000185228101833
Q136039304	6000000210565319821
Q136039411	6000000015865008511
Q136039428	6000000079423323966
Q136039909	6000000000445506466
Q136039951	6000000000456766226
Q136040018	6000000019390162550
Q136040020	6000000000456751405
Q136040050	6000000000480989247
Q136040094	6000000000456711330
Q136040274	6000000226718697862
Q136040476	6000000198414380835
Q1360417	6000000056881554021
Q136041872	6000000019336086492
Q136041872	6000000136964617712
Q13604231	6000000009007081594
Q136043396	6000000090931105822
Q1360434	6000000014320835415
Q136045356	6000000206612537822
Q13604563	6000000083199081416
Q13604656	6000000024364436271
Q1360473	6000000022792710368
Q13604752	6000000019641079583
Q13604753	6000000075506025915
Q136047786	6000000003090868758
Q136048094	6000000041285493116
Q136048286	6000000221056229918
Q1360487	6000000180545372841
Q1360488	6000000032799402536
Q1360490	6000000015922441360
Q1360495	327192833800001972
Q1360496	6000000100583936821
Q13605008	6000000001754807950
Q1360504	333934594950004570
Q13605295	6000000012503379262
Q1360544	6000000019207557225
Q136054629	6000000010598379609
Q136055206	6000000007376207806
Q136055353	6000000177570565912
Q136055445	6000000010597985313
Q136055446	6000000218311357822
Q1360559	6000000034433384070
Q13605596	6000000083360238380
Q1360567	6000000038185707199
Q13605720	6000000005899299012
Q13605731	6000000044558428232
Q136057356	6000000096358727187
Q136057369	6000000024960472118
Q136058061	6000000010599991754
Q136058786	6000000002193600543
Q1360588	6000000067157884892
Q13605911	6000000000773189822
Q1360593	6000000153303626982
Q13605975	6000000182996242830
Q1360603	6000000178268315822
Q1360618	6000000010532911871
Q136064691	6000000003221858869
Q136065318	6000000003652690179
Q136065435	6000000104713710179
Q136065441	6000000104715850958
Q136065456	6000000188467067821
Q1360663	6000000010398413501
Q1360665	6000000019722922874
Q136067864	6000000038356929010
Q1360680	6000000001980001584
Q1360681	6000000027327939318
Q1360684	6000000025168923086
Q136070157	6000000002780555545
Q136070595	6000000191769101821
Q136071258	6000000191768470821
Q136071823	6000000191768364824
Q136071930	6000000069981927909
Q1360726	6000000029161659949
Q1360730	6000000021720514224
Q1360738	6000000035127048061
Q13607397	6000000041001238416
Q1360749	6000000012418078748
Q1360753	6000000070744395881
Q136076022	6000000184870703915
Q136076045	6000000184872097830
Q136076545	6000000011022944565
Q13607705	6000000032214108648
Q1360771	6000000180822232839
Q1360772	6000000026916326294
Q13607723	6000000025661441070
Q1360776	6000000019725116184
Q1360779	6000000071370945462
Q136078065	6000000023267940382
Q136078269	6000000040546711236
Q1360797	6000000091825738017
Q1360799	6000000027327482504
Q136080241	6000000040546961905
Q1360809	6000000168134659806
Q136081075	6000000040546890986
Q1360811	6000000153214182831
Q1360813	6000000127842533821
Q1360816	6000000074758854874
Q1360818	6000000013898518923
Q1360820	6000000026866822295
Q1360833	6000000127603539840
Q136083591	6000000014694741491
Q136083592	6000000191767841862
Q136083643	6000000193054563857
Q136083728	6000000090042330972
Q136083740	6000000026066786307
Q136083820	6000000030734924720
Q136083851	6000000003113969035
Q1360839	6000000035987342107
Q136083962	6000000000522233389
Q136084191	6000000023992924329
Q136084484	6000000019301295408
Q1360845	6000000137500827833
Q136084597	6000000002237628553
Q136084762	6000000006201749414
Q1360848	6000000013581060532
Q136085040	6000000221056279852
Q136085075	6000000018729156295
Q136085076	6000000221055904952
Q136085090	6000000206639924825
Q136085092	6000000206640013821
Q1360851	6000000027234879865
Q136085100	6000000221056218875
Q136085121	6000000221056220959
Q136085124	6000000090929073822
Q136085158	6000000221056202963
Q1360852	6000000026109415396
Q136085229	6000000221056350002
Q136085273	6000000221056547994
Q136085280	6000000181748968821
Q136085299	6000000007178449289
Q1360858	6000000138929079016
Q136086833	6000000024414996429
Q1360869	6000000041338564014
Q136086969	6000000193054925830
Q136087024	6000000019416559007
Q136087181	6000000191766936837
Q136087484	6000000184871852904
Q136087649	6000000051211182944
Q136087711	6000000028992721207
Q1360879	6000000002764436028
Q136088022	6000000210565878821
Q136088108	6000000027648851250
Q136088109	6000000027649198077
Q136088190	6000000027649144169
Q136088199	6000000156866760833
Q136088309	6000000011277989448
Q1360884	6000000030485014925
Q136088468	6000000210565822827
Q136088469	6000000210565869822
Q136088550	6000000025606623083
Q136088638	6000000063540909944
Q136088653	6000000063180261824
Q136088699	6000000014778074882
Q136088782	6000000007362361530
Q136088795	6000000014694855890
Q136088905	6000000006080462090
Q1360890	6000000015386015227
Q136089044	6000000035339462021
Q136089059	6000000003789932069
Q1360891	6000000088512878893
Q136089149	6000000002677848753
Q136089151	6000000002684967740
Q136089153	6000000002790799078
Q136089156	6000000008772739087
Q136089194	6000000008518904859
Q136089195	6000000006232290788
Q136089196	6000000001382827100
Q136089197	6000000003077419379
Q136089198	6000000000770098773
Q136089199	6000000206664502871
Q136089200	6000000206669189837
Q136089203	6000000206670058827
Q136089238	6000000001363797729
Q136089240	6000000007334745990
Q136089243	6000000006764409324
Q136089248	6000000013372854452
Q136089252	6000000022097673033
Q136089254	6000000013372772717
Q136089261	6000000013495655967
Q136089262	6000000010734808351
Q136089268	6000000013496793913
Q136089310	6000000002977105487
Q136089311	6000000002977105554
Q136089313	6000000021932456036
Q136089317	6000000006871669468
Q136089320	6000000006110885517
Q136089324	6000000007362113625
Q136089841	6000000006098503077
Q136090066	6000000090927798832
Q136090071	6000000090927798837
Q1360902	6000000036825644687
Q136090265	6000000190976965855
Q1360907	6000000082747954315
Q136090895	6000000006973147723
Q136090899	6000000011908532616
Q136090914	6000000011806990449
Q136090977	6000000011807571258
Q136091015	6000000011807391719
Q136091440	6000000005228904766
Q1360916	6000000177617231840
Q136091688	333245841370011276
Q136091711	333258816330011469
Q136091712	6000000005228925661
Q136091720	6000000216233269841
Q136091733	6000000000033168060
Q136091773	6000000005632886003
Q136091786	6000000016292650262
Q136091796	6000000016292675262
Q1360918	6000000000658145235
Q136091852	6000000077056035329
Q136091861	6000000060623532944
Q136092015	6000000014714459734
Q136092016	6000000014694780357
Q136092035	6000000029160666571
Q136092082	6000000085379069921
Q1360921	6000000131345623852
Q136092135	6000000006973194432
Q136092237	6000000097966131833
Q136092266	6000000025564493595
Q136092284	6000000019079564294
Q136092308	6000000019647767792
Q136092390	6000000006973509208
Q1360924	6000000002764509999
Q136092511	6000000006971256864
Q136092703	6000000079472302863
Q136092921	6000000054420465854
Q136093074	6000000205371475855
Q1360932	6000000022360101117
Q1360932	6000000056373472987
Q1360934	6000000023896834803
Q1360935	6000000024863620936
Q136093790	6000000000403384822
Q136093794	6000000003855149306
Q1360938	6000000120147708822
Q136093800	6000000219620276839
Q136093831	6000000006908779032
Q136093849	6000000006908839013
Q136093855	6000000009583283503
Q136093878	6000000028277548977
Q136093984	6000000042833845628
Q136094027	6000000028888618628
Q136094133	6000000221090751822
Q136094241	6000000010541603164
Q136094529	6000000020599197158
Q136094533	6000000019336494118
Q136094533	6000000219220177570
Q136094553	6000000219220177585
Q136094555	6000000019385553405
Q1360946	6000000006341218688
Q136094611	6000000013537284101
Q136094613	6000000090934228085
Q136094692	6000000206277641832
Q136094720	6000000006079186272
Q1360949	6000000062557344839
Q1360950	6000000053306602860
Q1360952	6000000026338973429
Q136095207	6000000048077625330
Q136095328	6000000198269504843
Q136095348	6000000221093753901
Q136095678	6000000176463094833
Q136095922	6000000045700745840
Q136095987	6000000011334973727
Q1360966	6000000095721656554
Q1360968	6000000133481712864
Q136098173	6000000134918881828
Q136098680	6000000001337721424
Q136099180	6000000054969296948
Q136099343	6000000018384153850
Q136099943	5044620730490131016
Q136100390	6000000009447688454
Q136100447	6000000021552819456
Q136100478	6000000206439476821
Q136100750	6000000193054823821
Q136101014	6000000040373931825
Q136101079	6000000043857382823
Q136101197	6000000040480486516
Q136101200	6000000040480747507
Q136101276	6000000046351668444
Q136101289	6000000040482891860
Q136101319	6000000008288620638
Q136101370	6000000001432663914
Q13610154	6000000007587036352
Q136101641	6000000008278875736
Q136101675	6000000040554498238
Q136101697	6000000070392393212
Q136101768	6000000070392791837
Q136101828	6000000070392529510
Q136101852	6000000070393131254
Q136102030	6000000063644543961
Q136102162	6000000008814459555
Q136102900	6000000045695135956
Q136102944	6000000021411479630
Q1361032	6000000003184403710
Q136104957	6000000046252603866
Q136104957	6000000206349099837
Q1361050	5215809746330032363
Q1361059	6000000016258551253
Q136107682	6000000206364965835
Q136108393	6000000008265560767
Q136108711	6000000000291776785
Q136108720	6000000018948513390
Q136108760	6000000000175785551
Q136108764	6000000008879839497
Q1361091	6000000006929719237
Q136109109	6000000014838965755
Q136109184	6000000020174607513
Q136109569	6000000021675720366
Q136109624	6000000016834187361
Q136109691	6000000024918324045
Q1361117	6000000001555697351
Q13611173	6000000001169186884
Q136115540	6000000207177041821
Q1361175	6000000026366071505
Q1361176	6000000177296222837
Q136117662	6000000083794790548
Q136117686	6000000055312152825
Q136117735	6000000020309164059
Q136117992	6000000206370418821
Q1361189	6000000012900825629
Q1361191	6000000002613329751
Q1361200	6000000176981984936
Q136121285	6000000011831638039
Q136121503	6000000011585763891
Q136121504	6000000017489401098
Q136121505	6000000006587542688
Q136121506	6000000006587525937
Q136121507	6000000006587575616
Q136121508	6000000006592352269
Q136121509	6000000031956001884
Q136121512	6000000008651953314
Q136121513	6000000008651524174
Q136121514	6000000008651709095
Q136121515	6000000011584800875
Q136121516	6000000011585308916
Q136121527	6000000011584595984
Q136121528	6000000011585535195
Q136121529	6000000011585829674
Q136121677	6000000058190364035
Q136121818	6000000022436939522
Q136121819	6000000022437264913
Q136121841	6000000022436847629
Q136122226	6000000018438146418
Q136125962	4203656485290063750
Q136125967	6000000006443802933
Q136125968	6000000008285981150
Q136125975	6000000008286576365
Q136125979	6000000010383922050
Q1361260	6000000007315587720
Q136126138	6000000000352554216
Q136126205	6000000002649873300
Q136126218	6000000002649873266
Q136126222	6000000004593695523
Q136126321	6000000046252381092
Q136126321	6000000206348863825
Q136126389	6000000018023716814
Q136126404	6000000018023774433
Q136126871	6000000206349996823
Q136126875	6000000206349296843
Q136126879	6000000206274144832
Q136126880	6000000206350027825
Q136126882	6000000206350033845
Q136126883	6000000206350041845
Q1361286	6000000020173186972
Q136128778	6000000029758591903
Q136128789	6000000206363926823
Q136128802	6000000030529538282
Q136128815	6000000030529795595
Q136129561	6000000050561858913
Q136129898	6000000078577810129
Q136131673	6000000013639804877
Q136131710	6000000018639001297
Q136131712	6000000016700057027
Q136131713	6000000018638857388
Q1361332	6000000012737666308
Q136133836	6000000008401556289
Q136135385	6000000186831027825
Q136135730	6000000024789025358
Q1361358	6000000054881321825
Q136136595	6000000018399632458
Q1361390	6000000206570984898
Q136140312	6000000042276127604
Q136140580	6000000176464928876
Q136141750	6000000019872231742
Q136141757	6000000019872417627
Q136142163	6000000007463986365
Q136142185	6000000002764365507
Q136142187	6000000017166496283
Q136142190	6000000017166560387
Q136142199	6000000017166510316
Q136142210	6000000002765163672
Q136142211	6000000002764365456
Q136142212	6000000002765163650
Q136142301	6000000009657071695
Q136142303	6000000008988591730
Q136142304	6000000008636011504
Q136142306	6000000011299873364
Q136142310	6000000010856987463
Q1361426	6000000015814657823
Q136143588	6000000017866898948
Q136144587	6000000000648992637
Q136145059	6000000000112864187
Q136146016	6000000027754661809
Q136146059	6000000193228091857
Q136146506	6000000193229485826
Q136147305	6000000003848518348
Q136147335	6000000003016384408
Q136147343	6000000067332161822
Q136147379	6000000000638633553
Q136147671	6000000006201749414
Q136148043	6000000192290807838
Q136148144	6000000221139382825
Q136148201	6000000039310125612
Q136148210	6000000152046943824
Q136148232	6000000019963438144
Q136148334	6000000152043199821
Q136148565	6000000000941285393
Q136148601	6000000000849016311
Q136148607	6000000022378866968
Q136148813	6000000009008372780
Q136148882	6000000192858629412
Q136149045	6000000021552802319
Q136149134	6000000019118246663
Q136149157	6000000120978258824
Q1361539	6000000009721894599
Q136154125	6000000018400160366
Q1361553	6000000197103958827
Q136158717	6000000067331603996
Q136158742	6000000024987982461
Q136158744	6000000024988270702
Q136158799	6000000040556727888
Q136159384	6000000210565261832
Q136159992	6000000001043158189
Q136160266	6000000015387730550
Q136160272	6000000001764121232
Q136160462	6000000033212372025
Q136160467	6000000041926262896
Q136161350	6000000052004784646
Q1361614	4909375204130033346
Q136161988	6000000033210731757
Q136162680	6000000025603715007
Q136162894	6000000014695449004
Q136162895	6000000025604527862
Q136162897	6000000025604595916
Q136162974	6000000015389052433
Q136162976	6000000025603511916
Q136163011	6000000033021684513
Q136163031	6000000025603600118
Q136163032	6000000025604341882
Q136163083	6000000221149973943
Q1361631	6000000029140176032
Q136163139	6000000221149758135
Q136163352	6000000051962050921
Q1361637	6000000181926196953
Q136164226	6000000035457222332
Q136164228	6000000052004234695
Q136164229	6000000025604498871
Q136164231	6000000025603619949
Q136165094	6000000193176934902
Q136165098	6000000017025286265
Q136165116	6000000193175880931
Q136165178	6000000221151079886
Q136165282	6000000025298709082
Q136165283	6000000016282343459
Q136165291	6000000000181160090
Q136165300	6000000003942667483
Q136165304	6000000011136196384
Q136165308	6000000000426546192
Q136166130	6000000221152257848
Q1361667	6000000071407434956
Q136166789	6000000015998412388
Q136167068	6000000018376801074
Q136167070	6000000018376539998
Q136167975	6000000001590621124
Q136168047	6000000015949282401
Q136168094	6000000017284655550
Q136168096	6000000017285462116
Q136168105	6000000017285584257
Q136168107	6000000017284929487
Q136169026	6000000043424345083
Q136169437	6000000006797182220
Q136170451	6000000003980375540
Q136171335	6000000033292743159
Q136171338	6000000014207981188
Q136171349	6000000033292390646
Q136171647	6000000033025284098
Q13617180	6000000009152283890
Q136171848	6000000033022112205
Q136172001	6000000221155716836
Q136172120	6000000040701164706
Q136172180	6000000033293365111
Q136172214	6000000033293391889
Q136172245	6000000033021454475
Q1361730	6000000142448282821
Q136174671	6000000046217252037
Q136174882	6000000177074783841
Q136174924	6000000019118044100
Q1361763	6000000042337627132
Q136178804	6000000193177206831
Q136178933	6000000193176932822
Q1361809	6000000135671173841
Q1361810	6000000027507618704
Q1361819	6000000016550152368
Q1361838	6000000015863322572
Q1361841	6000000020707962515
Q136185478	6000000120973733821
Q1361857	6000000013265719258
Q136185817	6000000040476677835
Q136185836	6000000193054039940
Q136186124	6000000040476428193
Q136186144	6000000185187490949
Q136186146	6000000185190286831
Q136186158	6000000185190522827
Q136186177	6000000185240668861
Q136186178	6000000185240852824
Q136186179	6000000185240443857
Q136186181	6000000185240141871
Q136186249	6000000193055173852
Q136186605	6000000022873271632
Q136186905	6000000193055092838
Q136186906	6000000193055065832
Q136186908	6000000193055045858
Q136190216	6000000024935236753
Q1361905	6000000127145589860
Q136190660	6000000024935430063
Q136190769	6000000214361568824
Q136191253	6000000214361678823
Q136191989	6000000023285072915
Q136192207	6000000021135746253
Q136192287	6000000214361745822
Q136192831	5053788845940089559
Q136193162	6000000000589541967
Q136193167	6000000000589625880
Q136193168	6000000003923365325
Q136193169	6000000000698462264
Q136193170	6000000000572506161
Q136193171	6000000000698230995
Q136193172	6000000000325081185
Q136193175	6000000003923035879
Q136193177	6000000000855401191
Q136193178	6000000000325079779
Q136193184	6000000008138523723
Q136193185	6000000007350371209
Q136193189	378291291070005823
Q136193190	378293097170011341
Q136193205	6000000000855586098
Q136193207	6000000007361347831
Q136193211	6000000013082703568
Q136193390	6000000046846316962
Q136193461	6000000002359555384
Q136193525	6000000067331932895
Q136193564	6000000000209523305
Q1361956	6000000101682657896
Q136198167	6000000006598553169
Q136198442	6000000006405442003
Q136198542	6000000026983136027
Q136198545	6000000026982143700
Q136198559	6000000026982971302
Q1361986	6000000014123595648
Q1362010	6000000026780192350
Q136202476	6000000024024357381
Q136202933	6000000178235309842
Q136202982	6000000181027387854
Q136203122	6000000017206668096
Q136203923	6000000009225065747
Q1362049	6000000011714425501
Q1362052	6000000017095780815
Q136205213	6000000003403196084
Q136205434	6000000056413867079
Q136206094	6000000039123103908
Q136206355	6000000109629603950
Q136207071	6000000028710095448
Q136207720	6000000067001646174
Q136207853	6000000003300334726
Q136208463	6000000009207166658
Q136209	6000000057750882048
Q1362097	6000000018788881076
Q1362101	6000000015414129094
Q136210570	6000000009207113158
Q1362106	6000000009277587991
Q136210789	6000000013579489434
Q136210975	6000000020186665519
Q1362112	6000000021476735184
Q1362119	6000000018089871419
Q136213172	6000000001292907489
Q136213173	6000000001081255589
Q136213249	6000000221195501824
Q1362135	6000000007602750523
Q136213620	6000000029176514365
Q136213632	6000000029176468532
Q136213635	6000000012302578308
Q136213693	6000000216075092840
Q136213808	6000000056107600322
Q136213899	6000000009207403299
Q136214396	6000000014253042533
Q136216023	6000000221195501834
Q136218726	6000000004681486107
Q136218731	6000000182914693821
Q136218749	6000000214846907821
Q1362206	6000000184988925852
Q136220679	6000000010801883509
Q136220682	6000000010040405343
Q136220702	6000000024487434366
Q136221046	2113846
Q136221092	6000000003419576351
Q136221111	6000000164338479821
Q136221196	309181074960002746
Q136221238	6000000040789502423
Q136221290	6000000040789379780
Q136221302	6000000161548835976
Q136221308	6000000040789554175
Q136221341	6000000032862151945
Q136221496	6000000017033767805
Q136221497	6000000015225611224
Q136221524	6000000010860006463
Q136221534	6000000016570962800
Q136221539	6000000014824548553
Q136221552	6000000016830991400
Q136221568	6000000014824067687
Q136221572	6000000010487801917
Q136221586	6000000015815552172
Q136221587	6000000016239734031
Q136221677	6000000046824292964
Q136221679	6000000025152400553
Q136221680	6000000025151841639
Q136221699	6000000076460527281
Q136221700	6000000046824778913
Q136222427	6000000112960982890
Q136222463	6000000093439620976
Q1362229	6000000028417114536
Q136222914	6000000221356298042
Q136222936	6000000007280577893
Q136223059	6000000003858470940
Q136223097	6000000007280161321
Q136224262	6000000195616808899
Q1362244	6000000003182596026
Q136225642	6000000041513923706
Q136225906	6000000015116184536
Q136226068	6000000172994991232
Q136226254	6000000003313721330
Q136226390	6000000030398244926
Q136228556	6000000013494004460
Q136230009	6000000015798014579
Q136230708	6000000208877858851
Q136230906	6000000208877904841
Q136230947	6000000009583734355
Q136231159	6000000072030761906
Q136231277	6000000025512121203
Q136231361	6000000012135576619
Q136231384	6000000007536211588
Q136231403	6000000220567144834
Q136231410	6000000220567107880
Q136231415	6000000220567314870
Q136231441	6000000029128800917
Q136231485	6000000020790719598
Q136231549	6000000221356715858
Q136231831	6000000081129496580
Q136231844	6000000006596535008
Q136231865	6000000006596299517
Q136231916	6000000208887899822
Q136232604	6000000093436546736
Q1362347	6000000008200428379
Q136234724	4188960715770051749
Q136235036	6000000000083286021
Q136235680	4976482163690029574
Q136235724	4976562240340039749
Q136235794	4188993442270030757
Q136235811	6000000015216011403
Q136235828	6000000015461321289
Q136235842	6000000015461357104
Q136235940	6000000030776552118
Q136236595	6000000002603700125
Q136236733	6000000004592908377
Q136236836	6000000015517079066
Q136237078	6000000216241767823
Q136238259	6000000219623757829
Q136238300	6000000006785286767
Q136239106	6000000015122952518
Q136239164	6000000053463009828
Q136239254	6000000150823783822
Q136239254	6000000151080871838
Q136239333	6000000016145416514
Q1362413	6000000027309060172
Q136241331	6000000020044350636
Q1362425	6000000060794972048
Q136242832	6000000015891101301
Q136243119	6000000122967291837
Q136243237	6000000015212800853
Q1362433	6000000068321769845
Q136243421	6000000037917290643
Q136246870	6000000051072829030
Q136246874	6000000051073139059
Q1362474	6000000015110924081
Q1362528	2979079
Q136257113	6000000020571982615
Q136257116	6000000020572038128
Q136258005	6000000072097124206
Q1362597	6000000040102783784
Q136259748	6000000103327182883
Q136259789	6000000016601492571
Q136259811	6000000036597236852
Q136259821	6000000015578849389
Q136259890	6000000221231400837
Q136259920	6000000203066044438
Q136259999	6000000203066044442
Q136260133	6000000015939024704
Q136260134	6000000221231394896
Q136260220	6000000017979208177
Q136260229	6000000020460724846
Q136260230	6000000020439396758
Q136260265	6000000221231687837
Q136260292	6000000221231576860
Q136260309	6000000009287921935
Q136260313	6000000008146126240
Q136261816	6000000221356999864
Q1362619	6000000103196146902
Q136261971	6000000024491568968
Q1362620	6000000035678512964
Q136262385	6000000221356204955
Q136262458	6000000019208301400
Q136262676	6000000201275177867
Q136262967	6000000201275420822
Q136264381	6000000016228887907
Q136264803	6000000209015429328
Q136265223	6000000021041848943
Q136265224	6000000021041328210
Q136265225	6000000021041358368
Q136265226	6000000021067306699
Q136265227	6000000021067828185
Q136265228	6000000021067933590
Q136265229	6000000021067984689
Q136265230	6000000021067434566
Q1362656	6000000056742497871
Q1362658	6000000007382704446
Q1362662	6000000020253501682
Q136275235	6000000050829477925
Q13627534	6000000020367718317
Q136275752	6000000138742940833
Q136277815	6000000013723022917
Q1362785	314628304830008863
Q136281652	6000000024526169698
Q136281653	6000000024526231630
Q136281654	6000000009363950352
Q136281666	6000000001421488453
Q136281667	6000000001421471767
Q136281668	6000000009363086484
Q136281669	6000000014443200377
Q136281671	6000000014442858974
Q136281673	6000000009363080407
Q136281676	6000000009362470718
Q136281678	6000000009361968164
Q136281788	6000000210004678821
Q136281864	6000000210007347823
Q136283483	6000000029324810797
Q1362851	6000000039903238127
Q13628723	6000000013187475552
Q1362880	6000000030110632144
Q136288667	6000000002824608411
Q136288721	6000000002666920877
Q136289538	5308489478760023636
Q136289539	6000000005436379520
Q136289545	5308486668760076297
Q136289546	5308467014120100788
Q136289547	5307143678580049780
Q136289548	6000000002056902490
Q136289549	6000000002056833410
Q136289553	5308473709990060922
Q136289587	6000000008285269555
Q136289588	6000000005442236652
Q136289599	6000000013482300475
Q136289600	6000000002063545517
Q136289601	6000000011011844571
Q136289613	6000000002063490182
Q136289619	6000000008100589475
Q136289621	6000000033194551981
Q136289667	6000000011011819757
Q136289675	6000000009420858320
Q136289851	6000000221356337822
Q136289866	6000000183836744822
Q136289869	6000000183836744838
Q136290228	6000000195043904860
Q136290528	6000000007928526437
Q136291410	6000000041179583994
Q13629171	6000000166198246899
Q136291764	6000000124429824917
Q13629303	6000000017359647377
Q136293903	6000000022670080586
Q1362941	6000000008094006319
Q136294451	6000000002765694736
Q136294536	6000000017921739813
Q13629577	6000000083329565140
Q136295887	6000000186848146821
Q136296250	6000000008145905312
Q136296251	6000000008145809057
Q136296540	6000000006573752873
Q136296551	6000000034518653859
Q13629678	6000000030266693649
Q136296963	6000000034517844400
Q1362972	6000000132401219902
Q136297776	6000000076223650659
Q136297777	6000000076224281944
Q136297926	6000000028072005104
Q1362985	6000000142662778841
Q136298885	6000000011530417876
Q136300259	6000000110590238836
Q136301659	6000000009834385092
Q13630276	6000000077049771847
Q136302812	6000000013639911353
Q1363029	6000000006742133223
Q136303533	6000000031091860969
Q136303713	6000000008798101227
Q136304117	6000000035350836856
Q136304675	6000000019348833392
Q136304794	6000000221374901922
Q136304801	6000000002189946387
Q136305068	6000000096826424899
Q136305070	6000000096825383918
Q136305101	6000000096826553833
Q136305102	6000000021109645345
Q136305225	6000000006078611791
Q136305618	6000000039126041924
Q136305620	6000000039125919147
Q136305628	6000000008864340444
Q136305682	6000000001795647273
Q136305830	6000000001795759680
Q136306285	6000000149989584828
Q136306385	6000000076225563066
Q136306947	6000000007928251154
Q136306978	6000000152250992828
Q136307404	6000000035524568813
Q136307475	6000000008353527238
Q136307530	6000000058406956930
Q1363079	6000000010780561949
Q136308123	3571012
Q136308157	6000000056108146860
Q136309108	6000000007895101446
Q136309110	6000000008160912358
Q136309114	6000000006918367319
Q136309116	6000000007282196744
Q136309118	6000000008731917481
Q136309333	6000000053908563884
Q136309334	6000000053907974015
Q136309362	6000000026192854184
Q136309565	6000000222602925821
Q136309683	6000000082544887984
Q1363097	6000000040341421421
Q136309704	6000000024275817375
Q136310509	6000000012598416812
Q136310530	6000000008427573446
Q136310536	6000000000034336781
Q136310574	6000000032377371165
Q136310669	6000000024800521778
Q136310774	6000000016973681033
Q136310789	6000000006439906833
Q1363109	6000000068798403558
Q136310942	6000000014101696407
Q136311023	3989176472980125753
Q136311061	6000000000026483986
Q136311083	6000000000026512817
Q136311098	6000000007392116557
Q136311371	6000000001679847627
Q136311810	6000000221294892826
Q136311989	6000000221294817824
Q136312273	6000000007014463769
Q136312286	6000000015865769813
Q136312385	6000000029701025060
Q136314050	6000000023642322507
Q136314337	6000000221360518893
Q13631527	6000000085570996311
Q13631668	6000000076808166115
Q1363173	6000000025309610177
Q1363181	6000000118014080824
Q13632030	6000000017370698443
Q1363221	6000000145338693846
Q1363226	6000000066268076339
Q13632286	6000000028914205966
Q136323645	6000000008649439978
Q136323656	6000000008649473270
Q136323691	6000000001679907492
Q136323715	6000000008648598300
Q136323931	6000000031509886056
Q136324045	6000000006196527297
Q136324052	6000000218562746831
Q136324257	6000000047730164864
Q136324278	6000000047713279974
Q136324289	6000000046000734000
Q136325152	6000000013796902549
Q1363253	1014153
Q136325345	6000000039083023128
Q136325387	6000000002641524031
Q136325440	6000000017615996801
Q136325599	6000000001947654805
Q136325621	6000000015592341020
Q136325893	6000000013796933281
Q136325944	6000000001716240797
Q136325945	5303276350920119834
Q136326531	6000000017517322143
Q136326537	6000000017517322149
Q136326642	6000000012797650400
Q136326721	6000000204285032845
Q136326748	6000000024277149840
Q136326869	6000000175219239050
Q136326948	6000000041094246880
Q136326954	6000000050643314883
Q136326961	6000000043951757398
Q136327045	6000000016327469823
Q136327054	6000000154575727937
Q136327389	6000000024406370970
Q136327568	6000000010882930437
Q136327696	6000000200982172825
Q136327781	6000000053572466062
Q136327784	6000000026027899018
Q136327788	6000000081525074477
Q136328056	6000000151745092828
Q13632831	6000000013212387259
Q13632848	6000000079292605133
Q136330159	6000000016484587720
Q136330259	6000000018083874288
Q136330820	6000000011401823309
Q136332309	6000000013367101341
Q136332655	6000000038728376832
Q136332809	6000000001376266259
Q136332858	6000000000140934681
Q136333339	6000000050128665930
Q136333470	6000000002247916637
Q136333530	6000000108128235012
Q136333953	6000000017871774247
Q136334000	6000000017868052924
Q136334209	6000000018776965485
Q136334258	6000000025001786416
Q136334264	6000000014223423099
Q136334269	6000000018080634396
Q136334445	6000000016484730052
Q1363345	6000000021185389143
Q136334518	6000000016485897148
Q136334533	6000000016484175648
Q136334849	6000000157769062827
Q136335219	6000000199209734859
Q136335773	6000000019627019919
Q136335774	6000000019626869903
Q136335775	6000000019626850186
Q136335776	6000000019627414215
Q136335782	6000000017415152884
Q136335792	6000000019627209995
Q136335932	6000000018054052524
Q136335933	6000000019212545729
Q136335934	6000000042280446612
Q136335936	6000000042280609427
Q136335938	6000000019880637647
Q136335989	6000000018216825242
Q136335990	6000000018217200091
Q136336681	6000000015357332898
Q1363372	6000000021971344074
Q1363375	6000000053513833165
Q136337833	6000000035258981101
Q136337862	6000000024172512740
Q136337912	6000000000140934640
Q136337929	6000000000140934784
Q136337952	6000000000140934838
Q136338105	6000000008977561647
Q136338157	6000000008889127727
Q136338177	6000000010113668498
Q136338315	6000000032102442599
Q136338473	6000000018461250971
Q136338481	6000000031293281526
Q136338682	6000000015477025983
Q136339286	6000000024276444910
Q136339300	6000000016744766232
Q136339509	6000000029453979243
Q136339521	6000000037743135217
Q136339642	6000000021893110533
Q136339646	6000000021892988512
Q136339851	6000000018308205203
Q136339937	6000000119291687922
Q136339978	6000000182404419830
Q136339989	6000000182401972980
Q136340050	6000000019641746011
Q1363401	6000000032275124948
Q136340179	6000000041849101093
Q1363402	6000000031439172559
Q136340389	6000000020847121925
Q136340402	6000000113486800039
Q136340692	6000000020774689258
Q136340705	6000000018032781723
Q136340713	6000000041865559415
Q136340720	6000000024309039724
Q136340723	6000000018050717379
Q136340724	6000000018031656883
Q136340890	6000000214689661832
Q136341607	6000000050088967906
Q1363419	6000000142903955034
Q136342602	6000000184850911848
Q136342603	6000000184849994909
Q136342623	6000000184851523828
Q136342624	6000000184871675821
Q136342637	6000000184851835822
Q136342655	6000000184850933871
Q1363427	6000000177329664865
Q136342765	6000000184851939825
Q136342820	6000000184851771824
Q136342821	6000000184851509840
Q136342822	6000000184873038841
Q136342879	6000000184851613867
Q136342883	6000000184851658831
Q136343311	6000000184850628897
Q136343431	6000000184851496836
Q136343444	6000000184851270862
Q136343456	6000000184851797834
Q136343459	6000000184851067880
Q136343460	6000000184852185823
Q136343482	6000000003819699724
Q136343489	6000000003820112238
Q136343494	6000000184849976922
Q136343503	6000000014548960459
Q136343540	6000000024594632136
Q136343569	6000000003817956406
Q136343706	6000000060312807821
Q136343719	6000000140126163972
Q13634415	6000000038107263155
Q136344717	6000000221355593839
Q136344767	6000000019209429038
Q136344812	6000000024181224181
Q136344820	6000000221355274920
Q136344843	6000000221355017130
Q136345190	6000000221356232898
Q136345257	6000000025551166754
Q136345258	6000000011253360472
Q136345259	6000000011253386395
Q136345260	6000000026451484098
Q136345261	6000000026451556978
Q136345262	6000000011253305595
Q136345263	6000000011253254724
Q136345314	6000000072306091825
Q136345315	6000000025551529080
Q136345316	6000000022709884306
Q136345475	6000000221357170875
Q136345536	6000000221357460837
Q136345603	6000000037359606916
Q136345609	6000000037402818399
Q136345618	6000000037452500394
Q136346397	6000000183270239944
Q136346432	6000000221361537917
Q136346442	6000000221361498040
Q136346603	6000000017681886792
Q136346612	6000000213808395827
Q136346614	6000000017679575148
Q136346641	6000000017682185476
Q136346726	6000000213808768826
Q1363468	6000000003250718980
Q1363480	6000000035584781409
Q13634814	6000000040887638272
Q136348680	6000000013876416847
Q1363487	6000000034523701231
Q13634873	6000000014360915557
Q13634925	6000000040893953923
Q1363501	6000000000150655001
Q136350117	6000000000083230330
Q136350159	4976611821040117808
Q136350171	4976611888750117814
Q136350294	6000000003691990884
Q13635057	6000000011033054452
Q136350669	5698308364650041139
Q136350813	6000000021568482757
Q136351160	6000000008907596233
Q136351191	6000000221375619869
Q136351200	6000000178744620862
Q136351227	6000000221375712858
Q1363514	6000000016237686518
Q1363515	6000000019203626083
Q136351555	6000000013049956491
Q136352111	6000000010667392446
Q136352215	6000000025753882305
Q136352433	6000000092937546042
Q136353102	6000000017678895969
Q136353124	6000000007848509352
Q136353128	6000000010809574928
Q136353133	6000000019261517383
Q136353136	6000000008175481949
Q136353137	6000000019261332409
Q136353179	6000000218899493898
Q136353217	6000000024234995958
Q136353819	6000000183373066821
Q136353828	6000000183371415914
Q136353838	6000000001389306000
Q136353847	6000000001389314525
Q136353848	6000000052568977089
Q13635577	6000000170809543171
Q1363558	6000000175811512856
Q13635625	6000000023602131896
Q136356449	6000000023075518482
Q1363572	6000000015020794216
Q136357428	6000000092462112893
Q1363575	6000000026956779449
Q136357517	6000000006581400072
Q13635761	6000000015036346049
Q136357645	5700300018410052448
Q136357803	6000000000217147253
Q136357819	6000000000217325081
Q136357847	6000000000217050648
Q136357861	6000000000217262205
Q136357863	6000000006589193874
Q136357871	6000000000217011729
Q136357889	6000000000217065539
Q136357898	6000000000217403008
Q136357902	6000000071299339270
Q136357910	6000000000217293297
Q136357958	6000000000217040947
Q136357976	6000000000217250835
Q13635801	6000000121607489001
Q136358503	6000000026163495134
Q136359046	6000000004593014111
Q136359050	6000000009008373781
Q136359052	6000000004592936530
Q136359078	4854275426340094412
Q136359079	6000000002732929358
Q13635916	6000000003913728502
Q136359175	788793
Q136359272	6000000002641523622
Q136359350	6000000113795978852
Q136359392	6000000001047241391
Q136359415	6000000039759526293
Q136360384	6000000200466135827
Q136361265	6000000010182857202
Q136361265	6000000107696906865
Q136361390	6000000041100790170
Q136361501	6000000080769112546
Q136361503	6000000080769197355
Q136361535	6000000002689508415
Q136361592	6000000115008257821
Q136361594	6000000080772026041
Q136361613	6000000115008113839
Q136361645	6000000115008074980
Q136361924	6000000021077450416
Q136361926	6000000000628427593
Q136361928	6000000000628427677
Q136361937	3930787221510040892
Q136361939	6000000017689807496
Q136361950	6000000021077481313
Q1363620	6000000022974079821
Q136362005	6000000181608481842
Q136362039	6000000028429317262
Q136362041	6000000010253230819
Q136362045	6000000005832963003
Q136362046	6000000007321708492
Q136362048	6000000000834538600
Q136362050	6000000002804036728
Q136362070	6000000019116993870
Q136362073	6000000019117260749
Q136362077	6000000019117839618
Q136362091	6000000019116471994
Q136362093	6000000021632057191
Q136362096	6000000022932621232
Q136362120	6000000001590312854
Q136362121	6000000019118400049
Q136362124	6000000021623011381
Q136362125	6000000021648365043
Q136362406	6000000004879111580
Q1363631	6000000024157929866
Q136363148	6000000025032994112
Q136363151	6000000025032683148
Q136363164	6000000010994093016
Q136363199	6000000001364606068
Q136363254	6000000034518628926
Q136363296	6000000027253361584
Q136363298	6000000002132225575
Q136363345	6000000034518475857
Q136363349	6000000018214379277
Q136363476	6000000016200367416
Q136363477	6000000021568942194
Q136363478	6000000021569017913
Q136363480	6000000021569063848
Q136363481	6000000023174825613
Q136363484	6000000023174837103
Q136363488	6000000021568729566
Q136363489	6000000025674663205
Q136363490	6000000025674949930
Q136363501	6000000018264825121
Q136363519	6000000018953218291
Q1363638	6000000042305604175
Q1363642	6000000018284548486
Q1363650	6000000016316847864
Q1363654	6000000181946799823
Q136366005	6000000041106652985
Q136366086	6000000017494039618
Q136366429	6000000220891787590
Q136366470	6000000214571586665
Q13636681	6000000012558015302
Q136367945	6000000054567819009
Q1363683	6000000141119991884
Q136368505	6000000000426640155
Q136368707	6000000006598406906
Q136368766	6000000006598406901
Q136368981	6000000004630838680
Q136368986	6000000004630832367
Q136368997	6000000004630629854
Q136368999	6000000004630635236
Q136369022	6000000004630635226
Q136369027	6000000004630629651
Q136369034	6000000006721320337
Q136369081	6000000018390513918
Q136369082	6000000006945704007
Q136369085	6000000003553319306
Q1363692	6000000010967169602
Q136370046	6000000182478927832
Q1363701	6000000034954761326
Q136371218	6000000184146867855
Q1363713	6000000038844346986
Q136372189	6000000033722928352
Q136373470	6000000001617595920
Q136373497	6000000030334597459
Q136373551	6000000014833035965
Q136373595	6000000220938232870
Q136373683	6000000030334644788
Q136373695	6000000030334367718
Q136373742	6000000008649156895
Q136373751	6000000008649377346
Q136373775	6000000008648334522
Q136373796	6000000055026184905
Q136373840	6000000182808077826
Q136373858	6000000006905913369
Q136373862	6000000215063944824
Q136373915	6000000016523778299
Q136374024	6000000006434147177
Q136374245	6000000003219690672
Q136374747	6000000007801172814
Q1363751	6000000037938945791
Q136375430	6000000001220086227
Q136375676	6000000009873995397
Q136375836	6000000005021699890
Q136375894	6000000163322201890
Q136375910	342041689300007071
Q136375913	6000000006127529658
Q136375916	6000000006127529649
Q136375918	342041954500004311
Q136375933	6000000006127441772
Q136375935	6000000006127441356
Q136375941	6000000024932078041
Q136375949	6000000006127170969
Q136375950	6000000019923340317
Q136375953	6000000006127239972
Q136375954	6000000009745510356
Q136375957	6000000008021448975
Q136375959	6000000006127713565
Q136375980	6000000163322697874
Q136375983	6000000006128152914
Q136375986	6000000018871610697
Q136375987	6000000019054140538
Q136375990	6000000007622333466
Q136376013	6000000013229966742
Q136376014	6000000008022400163
Q136376016	6000000006127464899
Q136376036	6000000006127464889
Q136376039	6000000004456897015
Q136376053	6000000002553286620
Q136376078	6000000014338994426
Q136376083	6000000013502992391
Q136376095	6000000013287185438
Q136376098	6000000007103493969
Q13637611	6000000038287792145
Q136376159	6000000007335135064
Q136376206	6000000001606338248
Q136376208	6000000006127529419
Q136376312	6000000163322681821
Q136376405	6000000013482919275
Q136376421	6000000038690555234
Q136376499	6000000074748881399
Q136376676	6000000007323387263
Q136376686	6000000014192905472
Q136376687	6000000003506129453
Q136376692	6000000003693299293
Q136376693	6000000041233834675
Q136376755	6000000087337827116
Q136376761	6000000015137922111
Q136376804	6000000011800629774
Q13637691	6000000008260796295
Q136377052	6000000026022998075
Q136377074	6000000019323967868
Q136377117	6000000026022998082
Q136377521	6000000040313929487
Q136377564	6000000024254855845
Q13637777	6000000024154116996
Q136377979	6000000175686536965
Q136378400	6000000011800628930
Q136378402	365173521440013963
Q136378409	6000000027881657737
Q136378439	6000000012362557069
Q136378453	6000000015988975742
Q136378511	6000000025720260621
Q136378535	6000000015988859927
Q136378554	6000000015989233674
Q136378586	6000000012255994666
Q136379046	6000000078222207176
Q136379160	6000000000083080420
Q136379432	6000000200478439822
Q136379553	6000000003067435759
Q136379659	6000000041317931043
Q136379815	6000000039903668189
Q136379852	6000000024434377844
Q136380252	6000000051346370018
Q1363811	6000000177572703822
Q1363814	6000000002159588079
Q136382886	6000000041039329895
Q136383650	6000000025359124211
Q136383650	6000000028265403114
Q136383686	6000000025359231249
Q136383796	6000000009153622360
Q136383833	6000000221436998888
Q136383907	6000000008021511898
Q136383908	6000000008021420765
Q136383909	6000000006127713586
Q136383915	4322086
Q136383916	6000000001038487110
Q136383938	4189032820600030877
Q136383946	6000000013494582172
Q136383948	6000000009677327597
Q136383950	6000000010674800323
Q136383953	6000000010114003807
Q136383956	6000000019866708324
Q136383960	6000000015618875131
Q136383961	6000000008915251443
Q136383962	6000000008916098527
Q136383963	6000000009677516511
Q136383976	6000000008915419018
Q136383977	6000000008915409408
Q136383981	6000000012623580919
Q136383982	6000000009127604651
Q136383983	6000000008915515203
Q136383984	6000000016354866511
Q136383985	6000000016354975883
Q136384450	6000000011172524330
Q136384584	6000000021465152172
Q136384766	6000000219495212842
Q136384838	6000000002678421038
Q136384923	6000000016263012040
Q136385022	6000000221420734962
Q136385411	6000000019077865943
Q136385481	6000000000552119986
Q136385508	6000000002797455249
Q136385731	6000000092730167880
Q136385733	6000000010047028054
Q136385737	6000000092729905004
Q136385738	6000000024576952489
Q136385823	6000000008078787931
Q136385844	6000000207387710821
Q136386561	6000000007532485581
Q136386572	6000000043949695905
Q136386578	6000000006590053011
Q136386634	6000000020882538150
Q136386660	4140700
Q136386662	6000000000446794995
Q136386663	6000000003816722038
Q136386688	6000000025157698141
Q136386692	6000000000447025467
Q136386693	6000000009821739246
Q136386701	6000000007775249292
Q136386731	6000000007775323664
Q136386732	6000000007775429371
Q136386733	6000000013255658696
Q136386750	788717
Q136386784	6000000006127206664
Q136386863	6000000012759581292
Q136386893	6000000000670436758
Q136386904	6000000007652232321
Q136387104	6000000003835334928
Q13638711	4127331583990031696
Q136387157	6000000006127859977
Q136387158	6000000013322486446
Q136387160	6000000008506554940
Q136387172	6000000013401023386
Q136387174	6000000008920559394
Q136387179	6000000007460273829
Q136387185	6000000007460870648
Q136387195	6000000003178251724
Q136387200	6000000003178355035
Q136387208	6000000007227621490
Q136387209	6000000004301173429
Q136387250	6000000017223251390
Q136387251	6000000017223184692
Q136387253	6000000131298714030
Q136387281	6000000024695773808
Q136387344	6000000114165537835
Q136387617	6000000226691973119
Q136387668	6000000028961755212
Q136387676	6000000043580841040
Q136387721	6000000021465325024
Q136387866	6000000025939572542
Q136388346	3721895
Q136388458	6000000207899359863
Q136388468	6000000002641528140
Q136388609	6000000006348539604
Q136388620	6000000003243028232
Q136388628	6000000003242836124
Q136388634	6000000002641528186
Q136388641	6000000002641528192
Q136388662	6000000006411521157
Q136388672	788756
Q136388841	6000000046182192970
Q136388853	6000000019347078690
Q136388854	6000000071775709971
Q136389129	6000000090936364101
Q136389130	6000000003894905625
Q136389329	6000000020322357970
Q1363897	6000000083732830083
Q136389813	6000000015672299781
Q136390246	6000000062548013887
Q136390740	6000000010849731195
Q136390861	6000000070390175821
Q136390876	6000000012941213848
Q136391076	6000000012941066811
Q136391103	6000000002764728834
Q136393560	6000000040543856975
Q136393623	6000000008246034943
Q136393631	6000000207248781821
Q136393640	6000000044192083251
Q136393664	6000000221400443851
Q136393668	6000000003012941260
Q136393670	6000000003013554560
Q136393671	6000000053957983373
Q136393692	6000000011159352181
Q136393714	6000000011138647787
Q136393718	6000000006814656597
Q136393722	6000000006811637212
Q136393739	6000000011159868293
Q136393749	6000000011159708901
Q136393880	6000000011759238023
Q136393883	6000000008176766722
Q136393919	6000000011759797606
Q136393962	6000000183097953854
Q136393967	6000000183098711834
Q136393969	6000000019538978002
Q136393972	6000000019538773190
Q136393978	6000000019538313710
Q136393982	6000000048163864069
Q136393990	6000000003262081621
Q136394008	6000000022100333554
Q136394037	6000000006411174851
Q136394068	6000000006411317708
Q136394085	788734
Q136394120	6000000001504571780
Q136394123	6000000006118965272
Q136394124	6000000052546979854
Q136394125	6000000006118897704
Q136394126	6000000006097757111
Q136394127	6000000006097131264
Q136394136	6000000001504570623
Q136394144	6000000037208341319
Q136394146	6000000020362153516
Q136394151	6000000006815400029
Q136394154	6000000000786118004
Q136394176	6000000007652881179
Q136394177	6000000007652693421
Q136394235	6000000012835294331
Q136394288	4820216983890079284
Q136394289	4820311912070015355
Q136394290	6000000003264892541
Q136394306	6000000000128799744
Q136394308	6000000002764502605
Q136394328	6000000014023756368
Q136394329	6000000007652592148
Q136394333	6000000014023217565
Q136394342	6000000011138842632
Q136394368	6000000020956728870
Q136394373	6000000010793536251
Q136394376	6000000005092187341
Q136394401	6000000012481955205
Q136394403	6000000020457188657
Q136394451	6000000013886595457
Q136394480	6000000003137038727
Q136394482	6000000040093199956
Q136394547	6000000031055980636
Q136394550	6000000216512468845
Q136394557	6000000035458384343
Q136394558	6000000015268929232
Q136394559	6000000015268840737
Q136394612	6000000020534562016
Q136394636	6000000042851311156
Q136394746	6000000024206272579
Q136394807	6000000011493029245
Q1363955	6000000037010966942
Q13639595	6000000019209697673
Q13639610	6000000020472162910
Q136396363	6000000218899561848
Q136396774	6000000195435343831
Q136397147	6000000181608799834
Q136398828	6000000014512058115
Q13640005	6000000054913737929
Q136400344	6000000015723010460
Q136400484	6000000029370190370
Q136400560	6000000161653285872
Q136400562	6000000161655324831
Q136400564	6000000208322177840
Q136400565	6000000003264770379
Q136400574	6000000000128799256
Q13640066	6000000052977860837
Q136400666	6000000001671528971
Q136400719	6000000029905137847
Q136400781	6000000000456706346
Q13640107	6000000042353054866
Q136401578	6000000009393416144
Q136401579	6000000007454426729
Q136401581	6000000010458171279
Q136401586	6000000012556843556
Q136401743	6000000013135130946
Q136401748	6000000013135876891
Q136401785	6000000013135847642
Q136402225	6000000010102257515
Q136402244	6000000011079934031
Q136402490	6000000204907748829
Q136402566	6000000204907413888
Q136402750	6000000075707482821
Q136402774	6000000075788300957
Q136402822	6000000069466375021
Q136402832	6000000075787748262
Q1364031	6000000038869755962
Q136403223	6000000009995111979
Q136403225	6000000009995076909
Q136403319	6000000016557251538
Q1364039	6000000109360551848
Q136404680	6000000008752678612
Q13640476	6000000040183436629
Q136405195	6000000083670953948
Q136405210	6000000083670608567
Q136405298	6000000017848962678
Q136405438	6000000017849146088
Q136405454	6000000013857330674
Q136405483	6000000013493464960
Q136405794	6000000022443361278
Q136407411	6000000001220086984
Q136407605	6000000026929515697
Q136407760	6000000018405360209
Q136407813	6000000044750761888
Q136408161	6000000011079799047
Q136408333	6000000010893807165
Q136408863	6000000015204765158
Q136408955	6000000041979661540
Q136409298	6000000004150333398
Q136409343	6000000021701246952
Q136409449	6000000027894740410
Q136409475	6000000002649906939
Q1364095	6000000038968043975
Q136409504	6000000013583350485
Q136409506	6000000006578570849
Q136409508	6000000006578892103
Q136409510	6000000002924156839
Q136409512	6000000002924944124
Q136409516	6000000004654517810
Q136409549	6000000064761329077
Q136409667	6000000015532010666
Q136409668	6000000027720963539
Q136409669	6000000016238772668
Q136409670	6000000023388764438
Q136409675	6000000021062232210
Q136409676	6000000090556337896
Q136409703	6000000022812644147
Q136410171	6000000017557397983
Q136410172	6000000002262673222
Q136410173	6000000000870414933
Q136410253	6000000013924438599
Q136410255	6000000012534421498
Q136410256	6000000096540569885
Q136410258	6000000001978437595
Q136410259	6000000010703323916
Q136410260	6000000008021576665
Q136410262	6000000000870425124
Q136410263	6000000000870340417
Q136410268	6000000011810991692
Q136410271	6000000010664317806
Q136410272	4880216824720020399
Q136410273	4187900368680064724
Q136410276	6000000004315580740
Q136410278	6000000009644550776
Q136410280	6000000004315682107
Q136410282	4086663657610124981
Q136410536	6000000006988385033
Q136410574	5121511362230115364
Q136410676	5121492157960035634
Q136410680	6000000019427391277
Q136410681	6000000008062295176
Q136410692	6000000010220461901
Q136410694	6000000010220320120
Q136410696	6000000000984055019
Q136410697	6000000000078042110
Q136410706	6000000014321159125
Q136410710	6000000019297372062
Q136410715	6000000014320518991
Q136410726	6000000006724784855
Q136410728	6000000019675085193
Q136410741	6000000023389344945
Q136410742	6000000023389034974
Q136410758	6000000006118808961
Q136410760	6000000001504831860
Q1364108	6000000002860715582
Q13641107	6000000026561385473
Q136411163	6000000029542520182
Q136411178	6000000011470962091
Q136411200	6000000006119352175
Q136411202	6000000010382567264
Q136411215	4967788102120028980
Q136411223	4967733136710039343
Q136411308	6000000010112435908
Q136411310	6000000072330270025
Q136411313	6000000015308397954
Q136411315	6000000002827371596
Q136411541	6000000001504855819
Q136411544	6000000028482398061
Q136411593	6000000006845795001
Q136411619	4154751176600121753
Q136411620	4154739545220046556
Q136411660	6000000009534598915
Q136411669	6000000007980728239
Q136411672	6000000012198494299
Q136411683	6000000003342208599
Q136411712	5614862918450032742
Q136412231	6000000034793830745
Q136412232	6000000034794719050
Q136412240	6000000024093075587
Q136412242	6000000034792359170
Q136412243	6000000034772902671
Q136412246	6000000034773734990
Q136412262	6000000013332884168
Q136412267	6000000019748676645
Q136412298	6000000006977191388
Q136412300	6000000009404572645
Q136412416	6000000001920479454
Q136412569	6000000009015621264
Q136412570	6000000009404573660
Q136412571	6000000009404648607
Q136412585	6000000013332909180
Q136412596	6000000009404570385
Q136412597	6000000009404258925
Q136412849	342024414890006938
Q136412865	6000000177830385976
Q136412885	6000000208391466836
Q136412886	6000000003657108100
Q136412894	6000000002276497914
Q136412895	6000000000237290448
Q136412896	6000000000325079685
Q136412899	6000000000855402648
Q136412914	6000000000855473724
Q13641295	6000000031344097190
Q136413239	6000000014685661700
Q136413845	6000000020319584052
Q1364144	6000000140788306858
Q136416273	6000000002272458268
Q136416277	6000000004592924912
Q1364163	6000000090248629879
Q136416349	6000000138060902969
Q136416350	6000000138061391862
Q136416352	6000000138061738826
Q136416353	6000000138061965821
Q1364165	6000000022202747193
Q1364166	6000000008170043187
Q136416643	6000000027757048529
Q136416654	6000000027896804862
Q13641673	6000000013118070141
Q136416754	6000000006668311067
Q136416759	6000000002623553849
Q136416760	6000000010443164300
Q136416764	356662916410013489
Q136416779	6000000001760684115
Q136416860	6000000002115156369
Q136416958	6000000027897757512
Q136416976	6000000027898109727
Q136417028	5724266968930044808
Q13641704	6000000021540567114
Q136417082	6000000197254749890
Q136417142	6000000118821911582
Q136417245	6000000183169402822
Q136417692	6000000014786474108
Q136418237	6000000025663273059
Q136418268	6000000008609235182
Q136418403	6000000133395294830
Q136418422	6000000014664894602
Q136418470	6000000135740552876
Q136418628	6000000015901180397
Q1364187	6000000156474653822
Q136418780	6000000015901482662
Q136419387	6000000003182782554
Q136419395	6000000003182742467
Q136419397	6000000003182891136
Q136419402	6000000003182793476
Q136419403	6000000003182803590
Q1364197	6000000075897333868
Q1364205	6000000001149743765
Q136421571	6000000138905426308
Q1364233	6000000019719917351
Q13642497	6000000017546000039
Q136425073	6000000024277475028
Q136425176	6000000024278738823
Q136425281	6000000024277453238
Q1364258	6000000015747661527
Q136426388	6000000024275701056
Q136428412	6000000010290300904
Q136428418	6000000007858174559
Q136428463	6000000007857755098
Q136428469	6000000007858174637
Q136428533	6000000015725190641
Q1364300	6000000023445974855
Q1364301	6000000129588336822
Q136430441	6000000021345328581
Q136431136	6000000008961705022
Q136431143	6000000011569512103
Q136431168	6000000014335199666
Q136432410	6000000098263364976
Q136432506	6000000098264453862
Q136432809	6000000013123159288
Q136432888	6000000046698762380
Q136432974	6000000026395049038
Q136433011	6000000051271838289
Q136433012	6000000051274161345
Q136433089	6000000048206616829
Q136433127	6000000048206610974
Q136433236	6000000048209374059
Q136433331	6000000108356093821
Q1364334	6000000009649333252
Q136433719	6000000043569928821
Q136433719	6000000043572001847
Q136433733	6000000209412386844
Q136434135	6000000173018952080
Q136434331	6000000026710882844
Q136434359	6000000201963960874
Q136434477	6000000028995543661
Q136434506	6000000053845951887
Q136434513	6000000087111754950
Q136434521	6000000011237193804
Q136434855	6000000008275749883
Q13643654	6000000053638878879
Q136436623	6000000014912086026
Q136436697	6000000078082400221
Q136437285	6000000007464898337
Q136437439	6000000065095320900
Q136437484	6000000011473393025
Q136437655	6000000018593859362
Q136437668	6000000018593859322
Q136437834	6000000220757216886
Q136438032	6000000042939871568
Q136438136	6000000030690563682
Q136438514	6000000003654206978
Q136438519	6000000012335989731
Q136438525	6000000053351291961
Q136438531	6000000079567690373
Q136438538	6000000079568356897
Q136438665	6000000011447888697
Q136438870	6000000195775157341
Q1364389	6000000171803257328
Q136439062	6000000081006445453
Q136439212	6000000012941372267
Q136439649	6000000015893979742
Q136439816	6000000221576072861
Q136439875	6000000221561370853
Q136439879	6000000173941291903
Q1364400	6000000022794313184
Q136440169	6000000014451515191
Q136440362	6000000221574789829
Q136440390	6000000221574995856
Q136440466	6000000221575438852
Q136440524	6000000011839667265
Q136440532	6000000023361812386
Q136440561	6000000221575870858
Q136440580	6000000011839186261
Q136440587	6000000011841127717
Q136440595	6000000221576220858
Q136440614	6000000165805312987
Q136440659	6000000016322278855
Q136441318	6000000016440782134
Q136441370	6000000020731976901
Q136441426	6000000033300598989
Q136441765	6000000020322306411
Q136442045	5700444625350134730
Q136442103	5700444695760134736
Q136442213	5700484537930028839
Q136442237	6000000012913971120
Q136442530	6000000076169167850
Q136442533	6000000010769433224
Q1364426	6000000182051608822
Q136442632	6000000186272098115
Q136442636	6000000186273005882
Q136442645	6000000033574738766
Q136443150	6000000050206418888
Q136443282	6000000050206561822
Q136443358	6000000172274470215
Q136443644	6000000010382900579
Q136443785	6000000000083514422
Q136443795	6000000195354544821
Q1364438	6000000017214636169
Q136443974	6000000011287996473
Q136444139	6000000011821627665
Q136445121	6000000108126842827
Q136445139	6000000031261389855
Q136445451	6000000035500339217
Q136445467	6000000076157217899
Q136445487	6000000007484664782
Q136446315	6000000011821764398
Q136446412	6000000072859503821
Q136446459	6000000000465894962
Q136446490	6000000072859867843
Q136447208	6000000025374703760
Q13644754	6000000023265172876
Q136447567	6000000010769382550
Q136448065	6000000014283843401
Q136448785	6000000004556399977
Q1364488	364819186870011223
Q136449768	6000000017584009145
Q136449779	6000000017845844615
Q1364500	6000000127154774849
Q136450122	6000000008642226404
Q136450123	6000000010555133208
Q136450124	6000000012462492345
Q136450126	6000000011656875162
Q136450131	6000000008642260277
Q136450150	6000000008642086671
Q136450265	6000000057995474850
Q136450784	6000000010382651673
Q136450851	6000000080608283957
Q136451342	6000000021545608998
Q136451363	6000000017232756545
Q136451645	6000000023021868730
Q136451672	6000000022833731835
Q136451789	6000000023024354870
Q136452572	6000000175899016832
Q136453017	6000000019995313225
Q1364561	6000000068585528917
Q136458032	6000000018142146552
Q136458231	6000000187704798874
Q136458335	6000000081712508866
Q136458862	6000000186172667880
Q136459751	6000000085516646823
Q136459753	6000000085515795020
Q136459924	364405226420007654
Q136461145	6000000015975089702
Q136461175	6000000030850740403
Q136461251	6000000025228251044
Q13646227	6000000018837045615
Q136462878	6000000018465896533
Q136462984	6000000018465720705
Q136463222	6000000015040291679
Q136463257	6000000025188044937
Q136463488	6000000010373181663
Q136463735	6000000023663972906
Q136464170	6000000013167573141
Q136464221	6000000013240075869
Q136464230	6000000128933976848
Q136464605	6000000174650234070
Q1364647	349399856020005071
Q136464934	6000000171713561921
Q136465013	6000000018817120835
Q136465111	6000000056331282919
Q136465242	6000000027359215388
Q136465318	6000000017585035531
Q136465323	6000000017846420207
Q136465328	6000000017853426947
Q136465448	6000000027287019380
Q136465452	6000000026631954878
Q136466115	6000000198537785875
Q136466230	6000000017012288478
Q136466243	6000000007611121342
Q136466271	6000000026885130929
Q136466295	6000000193012304836
Q1364664	6000000021583466135
Q136466764	6000000011634804624
Q136467093	6000000018070300136
Q136467180	6000000022629659425
Q13646786	6000000040438506283
Q136469556	6000000011270468711
Q136469727	6000000032246983562
Q1364698	6000000003203175708
Q136469816	6000000011270298763
Q136470704	6000000096558595990
Q136470782	6000000024324452123
Q136471417	5594487091760074055
Q136471649	6000000007300759353
Q136471741	6000000007300912215
Q136471932	6000000012609979270
Q136472786	6000000025754956204
Q136472847	6000000003952460301
Q136472855	6000000001388904193
Q136473085	6000000000792305606
Q136473270	6000000010522432575
Q136473293	6000000010522095993
Q136473312	6000000010522514331
Q136473334	6000000010521883984
Q1364747	6000000001735965882
Q136475035	6000000029606247981
Q136475400	6000000014927535838
Q1364768	6000000016841628079
Q1364794	6000000002325795845
Q136480114	6000000027167659357
Q136480134	6000000024645620711
Q136480140	6000000015131908100
Q136480158	6000000146013462831
Q1364802	6000000013144176566
Q136480345	6000000000121430203
Q136480435	6000000041137680127
Q136480640	6000000080693339845
Q136480660	6000000056104915217
Q136480697	6000000015552082949
Q136481175	6000000059278058389
Q136481295	6000000002678238243
Q136481299	6000000002678183439
Q1364813	6000000149000286979
Q136481362	6000000005029345751
Q136481710	6000000011451527933
Q1364819	6000000009360572002
Q136482267	6000000181314741824
Q136482341	6000000018645902314
Q136482429	6000000059258372222
Q136483293	6000000016749632537
Q136483861	6000000014560516887
Q136483862	6000000024823694291
Q136483946	6000000014559242897
Q136484147	6000000024823459353
Q136484233	6000000073523544180
Q1364848	6000000007651824606
Q136486591	6000000011546812164
Q136486599	6000000011568863527
Q136486976	6000000017836422641
Q13648762	6000000016511466997
Q136488508	6000000037809591468
Q13648923	6000000021090586003
Q136490069	6000000013609986477
Q136491201	6000000176033990868
Q136491211	6000000148552674821
Q136491216	6000000007839020418
Q136491223	6000000007835391441
Q136491237	6000000013711987438
Q1364913	5342689961770104808
Q13649273	6000000020612543739
Q1364929	6000000001504367299
Q13649321	6000000031917619029
Q1364933	6000000080200872176
Q1364967	6000000015421835213
Q13649752	6000000012653452151
Q136497867	6000000085421722212
Q136497906	6000000015842551750
Q136497999	6000000173053296042
Q136498084	6000000010404553741
Q1364981	6000000002892996740
Q13649810	6000000012653490153
Q13649832	6000000012653563767
Q136498483	6000000018999006322
Q13649851	6000000012653331652
Q136498600	6000000010423393474
Q13649880	6000000012653640357
Q13649896	6000000012653561620
Q13649909	6000000012653564373
Q136499147	6000000065560081132
Q1364992	6000000069951713900
Q13649922	6000000012653650204
Q136499250	6000000024568096833
Q136499484	6000000000427317433
Q136499659	6000000090442595128
Q13649970	6000000012653484438
Q136500028	6000000008670314963
Q1365001	6000000094932406824
Q136500109	6000000002621579209
Q136500183	6000000017782848040
Q136500197	6000000028191152060
Q136500427	6000000019401780052
Q136500444	6000000008670287642
Q136500447	6000000007278494620
Q136500452	6000000014325241110
Q136500462	6000000008670400136
Q136500492	6000000008670339601
Q136500499	6000000213954797822
Q136500564	4370637923120022783
Q1365011	6000000012437752571
Q13650176	6000000012653433408
Q136502651	6000000019540173167
Q136502850	6000000008670454650
Q136502856	6000000008673061874
Q136502870	6000000008673084628
Q13650437	6000000076322288887
Q136504626	6000000024823879145
Q13650520	6000000074688078918
Q136505491	6000000220574589879
Q13650565	6000000074718008974
Q136506069	6000000002743119496
Q136506146	6000000001360681292
Q136506153	6000000010625154421
Q136506193	6000000012914310847
Q136506194	6000000002742998325
Q136506441	6000000000217278848
Q136508097	5581077601650027761
Q136509328	6000000023838888116
Q136509345	6000000019189257502
Q136509449	6000000001360683762
Q136509489	6000000022671152618
Q136509889	6000000000554168406
Q13651098	6000000026561225637
Q136511453	6000000010777617358
Q136512743	6000000013512918553
Q136512861	6000000024363115857
Q136513037	6000000022671254723
Q136513037	6000000022671739882
Q136513049	6000000016429409711
Q136513122	6000000022671574830
Q136513681	6000000016557069828
Q13651374	6000000011626644012
Q136514023	6000000006901445147
Q136514076	6000000044036433846
Q136514211	6000000090662818237
Q136514231	6000000044040606882
Q136514261	5632608913060122995
Q1365144	6000000041336870732
Q136514622	6000000090661073846
Q13651466	6000000011626614727
Q136515015	6000000220479841835
Q136515523	6000000006845841322
Q13651561	6000000011626742401
Q13651635	6000000044612023242
Q13651668	6000000011626279771
Q13651734	6000000008873460193
Q136517622	6000000022078159064
Q136517765	6000000022078133911
Q136517823	6000000009648524417
Q136517867	6000000148352942894
Q13651807	6000000048072183841
Q13651839	6000000048072101899
Q136521392	6000000070964593226
Q136521540	6000000015735265782
Q136522672	6000000034867222892
Q136522678	6000000034866630706
Q136522827	6000000152276171902
Q136523235	6000000028092451866
Q136523658	6000000012812013852
Q136523721	6000000012914170890
Q136523729	6000000012914085065
Q136523735	6000000012914582392
Q136523751	6000000039871355068
Q136523764	6000000039871461021
Q136523776	6000000040056065318
Q136523788	6000000039870888216
Q136523810	6000000015634058350
Q136523855	6000000014745924931
Q136523917	5542339313880116490
Q136524214	6000000014746180642
Q136524227	6000000031821730905
Q136524257	6000000140123868253
Q136524266	6000000075340013821
Q136524289	6000000220898370835
Q136524293	6000000018924101362
Q136524364	6000000141161982991
Q136524387	6000000020472975024
Q136524468	6000000084205476028
Q136524524	6000000027802611009
Q136524534	6000000103733087930
Q136524554	6000000039815556002
Q136524606	6000000002988740099
Q136524868	6000000014131051181
Q136524900	6000000149829277822
Q136525350	6000000190450401846
Q136525357	6000000000285039542
Q136525361	6000000043915904990
Q136525715	6000000014502586434
Q136526373	6000000003588772355
Q136527363	6000000032151727875
Q136527386	6000000014560301647
Q136527391	6000000221574547822
Q136527443	6000000082675740859
Q136527467	6000000028092449837
Q136527870	6000000002667301636
Q136527874	6000000002667326277
Q136527910	6000000025912193029
Q136527998	6000000015902174349
Q136528145	6000000024976889544
Q136528929	6000000013525860237
Q136529502	6000000014745840019
Q136529542	6000000014745257917
Q1365298	309488077770003889
Q136530173	6000000017583850131
Q136530223	6000000000113856053
Q136530308	6000000007361184342
Q136530310	6000000006879430692
Q136530343	6000000080592656859
Q136530654	6000000005441200954
Q136531515	6000000008682497024
Q136531753	6000000022650690944
Q136531805	6000000100726496902
Q136531834	6000000022650685922
Q136531953	6000000013917358228
Q136532015	6000000000236570971
Q136532018	351723093730013802
Q136532021	6000000020829103774
Q136532022	6000000010113571242
Q136532025	6000000006733966041
Q136532047	6000000036320216869
Q136532151	6000000012462047756
Q136532364	6000000038313877031
Q136532411	6000000077415688226
Q136532621	6000000027014043992
Q136532627	6000000031916428662
Q136532702	6000000003572641287
Q136532810	6000000007304410654
Q136533394	6000000140140794888
Q136533915	6000000024632104129
Q136534453	6000000007960724509
Q136535025	6000000004833092294
Q136535302	6000000219763344832
Q136535370	6000000011392988620
Q136535644	6000000011393026740
Q13653602	6000000210881249822
Q136536209	6000000025361587201
Q136536239	6000000051194176110
Q136536305	6000000017689251767
Q136536315	6000000045863307111
Q136536359	6000000017681469585
Q136536364	6000000026042365686
Q136536454	6000000026437280230
Q136536518	6000000022279939198
Q136536582	6000000026437378016
Q136536666	6000000022279854307
Q136537298	6000000111457125842
Q136537554	6000000198965560851
Q136537562	6000000019815364449
Q136538211	6000000016047153779
Q136538350	6000000012120599911
Q136538372	6000000016047208854
Q136538377	6000000028763542053
Q136538388	6000000006588474956
Q136539355	6000000024599735728
Q136539384	6000000032951377159
Q136539403	6000000104733905862
Q136539428	6000000002657653890
Q136539429	6000000002658108417
Q136539431	6000000002658180297
Q136539880	6000000104734108907
Q136539924	6000000055203013821
Q136539977	6000000017762982053
Q136539982	6000000005086382194
Q136539985	6000000017762442328
Q136539988	6000000040923394380
Q136540546	6000000064016480829
Q136540564	6000000196001811902
Q136540577	6000000074284435356
Q136541269	6000000178689906835
Q136542026	6000000002957696826
Q136542029	6000000014728064659
Q136542034	6000000005741140307
Q136542045	6000000005741231022
Q136542056	6000000005741140291
Q136542066	6000000009599846404
Q136542077	6000000005740822654
Q136542125	6000000001465585279
Q136542196	6000000037654744981
Q136542291	6000000017774337041
Q136542306	6000000017774211464
Q136542529	6000000016483605751
Q136542579	1544217
Q136542786	6000000221831051007
Q136542800	6000000022969654078
Q136542813	6000000073806775840
Q136542935	6000000041689142620
Q1365430	6000000027473824838
Q136543089	6000000041689034603
Q136543091	6000000041698557768
Q136543098	6000000043179889084
Q136543118	6000000041689648821
Q136543163	6000000049132480078
Q136543169	6000000003937961418
Q136543179	6000000003939819877
Q136543187	6000000003939819902
Q136543198	6000000003941878389
Q136543268	6000000010320395866
Q136543271	6000000010467822890
Q136543287	6000000023992891048
Q136543297	6000000010161918376
Q136543316	6000000023992454442
Q136543349	6000000079092596268
Q136543359	6000000081069963921
Q136543365	6000000187997404905
Q136543374	6000000081069494903
Q136543425	6000000017285537152
Q136543439	6000000016878899980
Q136543834	6000000028762789302
Q136544275	6000000025751845310
Q136544362	6000000024263111235
Q1365446	6000000020168598063
Q136544806	6000000025781509183
Q1365458	6000000188952671838
Q136545990	6000000081069844029
Q136546005	6000000027888267026
Q136546020	6000000011490262257
Q136546161	6000000011490294201
Q1365463	6000000007452859436
Q136546992	6000000173187323858
Q136547776	6000000184347264831
Q136547869	6000000184346645856
Q136547966	6000000184345743917
Q136547997	6000000184347032857
Q136548189	6000000032508683094
Q136548237	6000000001263442080
Q136548245	6000000001263340373
Q136548260	6000000001270419380
Q136548267	6000000219215147887
Q136548316	6000000061498223907
Q136548347	6000000076365712145
Q136548358	298526371360001200
Q1365484	6000000003503726237
Q136548400	6000000220198708883
Q136548423	6000000040992077446
Q136548436	6000000054874071856
Q136548609	6000000012985852655
Q136549090	6000000010650382715
Q136549231	6000000100912061867
Q136549328	6000000053607253001
Q136549367	6000000010650680225
Q136549389	6000000018045608218
Q136549434	6000000021530337391
Q136549463	6000000001440624438
Q136549466	6000000046955109919
Q136549537	6000000024334072144
Q136549578	317590208250001407
Q136549691	6000000027287379837
Q136550013	6000000000715003612
Q136551277	6000000004096504070
Q136552621	6000000073984210936
Q136553254	6000000024651502155
Q1365533	6000000142682077835
Q136553377	6000000030282307381
Q1365536	6000000037151242149
Q136554252	4819339316050041809
Q136554628	6000000002296809794
Q136555503	6000000003006984181
Q136555703	6000000019380614816
Q136555705	6000000075271211132
Q136555780	6000000043188026294
Q136555866	6000000007096357577
Q136555867	6000000027287344524
Q136555870	6000000027287380029
Q136555892	6000000027287396904
Q136556072	6000000004097512039
Q136557594	6000000021540574110
Q136557659	6000000021540532079
Q136557873	6000000021220616824
Q136558252	6000000021178888965
Q136558685	6000000136850505865
Q136559051	6000000009968683469
Q136559535	6000000187116517850
Q136560001	4066417802140048402
Q136560011	4066864815850071006
Q13656168	6000000075503036298
Q136562924	6000000215160555825
Q136562928	6000000024835105979
Q136562929	6000000039477240956
Q136562938	6000000022822447924
Q136562968	6000000022014280641
Q136563022	6000000024835094849
Q136563025	6000000173793383270
Q136563135	6000000028538384953
Q136563263	6000000106750776857
Q1365633	6000000021978142842
Q136563349	6000000016352417189
Q136563370	6000000022348503847
Q136563707	6000000009755140110
Q136563749	6000000004047459494
Q136564214	6000000101477913878
Q136564275	6000000030941648131
Q136564716	6000000001324966694
Q136564766	6000000003075859793
Q136564785	6000000006597116587
Q136564796	6000000006778112553
Q136564908	6000000000209545323
Q136564921	6000000025621150748
Q136565201	6000000143124941013
Q136565324	6000000025619116616
Q136566041	6000000003939825732
Q136566044	6000000003939825759
Q136566054	6000000005736487353
Q136566076	6000000025618941230
Q136566141	6000000025619084001
Q136566487	6000000003937796842
Q136566827	6000000006796833051
Q1365675	6000000013967363935
Q136568260	6000000029186809288
Q136568260	6000000076974887172
Q136568432	6000000007158117550
Q1365699	6000000037423707344
Q1365701	6000000042819593963
Q136571763	6000000059778810083
Q1365729	6000000026052095303
Q136573021	6000000013270407540
Q1365736	6000000013489865704
Q1365766	6000000041544938783
Q1365780	6000000032166628080
Q1365783	6000000014780484092
Q1365787	6000000027737773234
Q1365791	6000000014706309706
Q1365811	6000000144460114877
Q1365838	6000000017212692628
Q1365842	6000000019090655999
Q1365844	6000000166013594823
Q1365847	5453842453650041585
Q1365881	6000000019920778399
Q13658946	6000000012544257451
Q1365896	6000000020843611908
Q136592583	6000000017186041477
Q136592588	6000000017282302203
Q136592750	6000000008304144066
Q136593084	6000000015302823978
Q136593287	6000000046461073846
Q136593317	6000000081070397910
Q136593451	6000000016046829727
Q136593479	6000000016046212762
Q136593567	6000000016046371424
Q136593569	6000000211418813836
Q136593574	6000000211418960821
Q136593581	6000000016046369369
Q136593582	6000000008736261467
Q136593619	6000000211415834827
Q136593620	6000000211415722836
Q136596	6000000034193260373
Q136599667	6000000000112122395
Q136599804	6000000001013062270
Q136599939	6000000000112110307
Q13660101	6000000025928772712
Q1366041	6000000012046764219
Q136609148	334276660820012781
Q136613754	6000000106208558884
Q13661943	6000000015613378545
Q1366195	6000000012766545945
Q136619655	6000000079268643931
Q136625382	6000000010200247515
Q1366296	4455991772000029452
Q136631339	6000000034506037594
Q136632	6000000051439419910
Q136632905	6000000034508074856
Q1366335	6000000022551954115
Q136634522	6000000067707169821
Q136634912	6000000015349589144
Q1366357	6000000019103448223
Q136637086	6000000006935160117
Q136637355	6000000025996291222
Q136638928	6000000015339306668
Q136640338	6000000024939718623
Q136640995	6000000012409038065
Q136641355	6000000105316125888
Q136642083	6000000040042010080
Q136643683	6000000021557240377
Q136644546	6000000044414884989
Q136644560	6000000127066094029
Q136645120	6000000042809643587
Q136645156	6000000025188606128
Q136645163	6000000031562285224
Q136645168	6000000025188168480
Q136645349	6000000026270873140
Q136645386	6000000005441705522
Q136645476	6000000160012130844
Q136645507	6000000025374908005
Q136645523	6000000024559087347
Q136645539	6000000016388370835
Q136646	6000000013633116646
Q136646159	6000000006100610116
Q136646212	6000000001753015842
Q136646221	365975334060007012
Q136646237	6000000189186012892
Q136646273	6000000205799548841
Q136646300	6000000008190490722
Q136646339	6000000205799377897
Q136646361	6000000205799234882
Q136646420	6000000205797743904
Q136646447	6000000092926063822
Q136646490	6000000006127509523
Q136646930	6000000019608430094
Q136647074	6000000009129318085
Q136647154	6000000026352350767
Q136647167	6000000017415898085
Q136647333	6000000032397794198
Q136647338	6000000018098377150
Q136647339	6000000091378000115
Q136647471	6000000001636155998
Q136647755	6000000006127509489
Q136648241	6000000017777054577
Q136648927	6000000020612185436
Q1366491	6000000004446297008
Q136649515	6000000014571302287
Q136649524	6000000014571324226
Q136649528	6000000002002459684
Q136650135	6000000018091598213
Q136650672	6000000083697214988
Q136650686	6000000083696203417
Q136650698	6000000083699355037
Q136651435	6000000020206984006
Q136651442	6000000021025375906
Q136651667	6000000029365097088
Q136651704	6000000007520906251
Q136651721	6000000007520911209
Q136652013	6000000028425267816
Q136652065	6000000054853727926
Q136652083	6000000029364730443
Q136652088	6000000029364886395
Q136652669	6000000174340575962
Q136652702	6000000083670622888
Q136653359	6000000023637295279
Q136653581	6000000016691596469
Q136653651	6000000036713543912
Q136654455	6000000085877534821
Q136654504	6000000030791946923
Q136654510	6000000076822228044
Q136654529	6000000022735620435
Q136654534	6000000030791344259
Q136654556	6000000015797046890
Q136654592	6000000139505459926
Q136654598	6000000060532453831
Q136654656	6000000066917820967
Q136654662	6000000022735837229
Q136654704	6000000017863248825
Q1366554	6000000028015839853
Q136655423	6000000072503701984
Q136655480	6000000188363442847
Q136655488	6000000188363347871
Q136655492	6000000188364385870
Q136656372	6000000054801816833
Q136656759	6000000196862071963
Q136657075	6000000215195165985
Q136658176	6000000016239345223
Q136658309	6000000208237697837
Q136658333	6000000023876739095
Q136659379	6000000068234661903
Q1366605	6000000024458511443
Q136661537	6000000009315989844
Q136661765	6000000008714582603
Q136661769	6000000012285626999
Q136661775	6000000202193225855
Q136661963	6000000016429373604
Q1366620	6000000035963432501
Q136662045	6000000051921469828
Q1366633	6000000017207090024
Q1366645	6000000018797723755
Q136664541	6000000014841168030
Q136664552	6000000006199115412
Q136664605	6000000096324908318
Q136665079	6000000037068422928
Q136665098	6000000026727526728
Q136665106	6000000010618308231
Q136665116	6000000051570306937
Q136665479	6000000014002603481
Q13666556	6000000008542423391
Q136665690	6000000061770642885
Q1366669	6000000210567567858
Q136668325	6000000016967258112
Q136669502	6000000021974430599
Q136670182	6000000017380760312
Q136670717	6000000061503722872
Q136670734	6000000012553520235
Q136670905	6000000010253608561
Q136670906	6000000000774063002
Q136671123	6000000019029454245
Q136672420	6000000008355122420
Q1366728	6000000032941757835
Q136672921	6000000210313367821
Q136672973	6000000206243390864
Q136672978	6000000206243390832
Q136672979	6000000206243390856
Q136673986	6000000025098807014
Q136674002	6000000025098336344
Q136674019	6000000012552814199
Q136674414	6000000021279064164
Q136674581	6000000023875284202
Q136674825	6000000076126135927
Q136674826	6000000034624039198
Q136675100	6000000010550853201
Q136675390	6000000009753418088
Q136675485	6000000022376019946
Q136675719	6000000003206125088
Q136675750	6000000003741201531
Q136675752	6000000027195403858
Q136675870	6000000074766591919
Q136675955	6000000004300120277
Q136676289	6000000222001371875
Q136676474	6000000070393822035
Q136676498	6000000020008729759
Q136676542	6000000070394029988
Q136676696	6000000025274642249
Q1366768	6000000166756490847
Q136676808	6000000142312076821
Q136676913	6000000170701869921
Q136676927	6000000079649123025
Q136676971	6000000170701294944
Q136677298	6000000004416135072
Q136677453	6000000190449470596
Q136678	6000000176755748841
Q136678038	6000000025434897009
Q136678057	6000000025436264879
Q136678150	6000000021652130138
Q136678458	6000000016788151459
Q136678543	6000000009755107013
Q13667927	6000000022572200128
Q136679364	6000000015203516764
Q136679520	6000000020428098935
Q13667964	6000000075604277838
Q136679819	6000000039868400112
Q136679831	6000000120929181870
Q136679943	6000000016982105931
Q136680132	6000000006489136001
Q13668015	6000000020989556168
Q13668025	6000000022572095433
Q136680250	6000000006488128005
Q136680318	6000000022364532779
Q13668037	6000000020988976326
Q136680374	6000000179338373959
Q136680448	6000000177040000890
Q136680480	6000000081042947862
Q13668052	6000000020989361295
Q136680602	6000000222017204913
Q136680620	6000000222016921981
Q136680623	6000000006868601434
Q13668070	6000000075607006875
Q136680707	6000000006859125561
Q136680784	6000000034806754123
Q136680907	6000000138507985821
Q136681089	6000000016787810500
Q13668137	6000000025129006419
Q13668160	6000000048073382159
Q13668217	6000000046149649487
Q13668232	6000000072179744276
Q136682366	6000000023342282772
Q13668252	6000000142202592821
Q136682775	6000000136787225844
Q13668285	6000000024998965614
Q136682862	6000000180005516822
Q136682970	6000000016796933836
Q136683274	6000000079580035860
Q136683430	6000000038801335919
Q136683442	6000000018011561444
Q136683547	6000000014959357072
Q13668372	6000000048072133930
Q136684176	6000000030941735974
Q136684230	6000000030941461360
Q136684656	6000000003778104565
Q136684887	6000000018343936060
Q136685259	6000000018341980675
Q1366862	6000000019740828182
Q136686616	6000000027601043984
Q136686822	6000000015422919285
Q136686826	6000000043761139076
Q136686847	6000000009419287124
Q136687024	6000000023022149577
Q136687042	6000000031641039971
Q136687086	6000000009419179603
Q136687321	6000000013404889812
Q136687385	6000000155354774828
Q136687397	6000000152737140906
Q136687399	6000000070271811195
Q13668742	6000000181067181834
Q136687422	6000000016624255806
Q136687424	6000000010608212535
Q1366875	6000000014242452476
Q13668757	6000000134423951822
Q13668762	6000000013049471364
Q13668769	6000000018389057944
Q136687814	6000000013294523635
Q136688157	6000000037864643229
Q136688175	6000000037864643237
Q136688230	6000000018424838039
Q136688246	6000000041388725376
Q136688250	6000000041388502614
Q136688297	6000000071242044006
Q136688298	6000000071241808184
Q136688774	6000000017833850488
Q136688859	6000000020894930131
Q136688861	6000000009676065075
Q136688899	6000000003938276829
Q136688904	6000000007079882242
Q136688930	6000000067181033872
Q136689031	6000000214121081829
Q136689102	6000000008914852192
Q136689205	6000000015653657734
Q136689260	6000000001856061375
Q136689271	6000000010311277953
Q136689273	6000000010311367638
Q136689276	6000000015062443001
Q136689295	6000000001623837640
Q136689297	6000000001623837732
Q13668968	6000000012967604168
Q136690212	6000000155358926825
Q136690341	6000000011958346669
Q136690347	6000000008541916036
Q136690355	6000000019035857533
Q13669039	6000000018389949672
Q136690607	6000000017274733680
Q136691454	6000000007498357749
Q136691518	6000000043079318017
Q136691541	6000000043079286369
Q136691669	6000000015385871847
Q136691719	6000000021515392261
Q136691734	6000000043079036123
Q136692127	6000000085033636073
Q136692130	6000000025308515093
Q136692131	6000000025308313369
Q136692416	6000000010757153076
Q136692417	6000000014570435843
Q136692517	6000000023019764874
Q136692616	6000000025553393056
Q1366942	6000000046525162283
Q136694235	6000000003914655881
Q136694685	6000000018729238107
Q136695706	6000000019398099270
Q13669627	6000000034220467106
Q13669663	6000000019201808053
Q136696922	6000000001878185221
Q136697600	6000000029676612115
Q136698414	6000000092334482003
Q136698920	6000000164374336821
Q136698988	6000000081042250245
Q136699372	6000000025021486603
Q136699754	6000000222094521920
Q136700470	6000000196862071976
Q136700517	6000000003380687213
Q136700520	6000000004047228609
Q136700550	6000000017628027252
Q136700587	6000000002649860774
Q136700711	6000000028236880413
Q136700718	6000000011450888494
Q136700773	6000000020521562623
Q136700852	6000000012104875410
Q136700923	6000000012716268183
Q136700933	6000000014981542834
Q136700953	6000000003653143351
Q136700983	6000000024779503175
Q136701568	6000000026920069087
Q136701711	6000000066437227821
Q1367020	6000000033423573217
Q136703200	6000000105473596766
Q136703506	340706
Q136703532	6000000190454677089
Q136703532	6000000190456085911
Q136703769	6000000019480895461
Q136703794	6000000000293535556
Q136703844	6000000023022555487
Q136703900	6000000011905882015
Q136703965	6000000024947898755
Q136704040	6000000188212346864
Q136705332	6000000003249164362
Q136705439	6000000014638329250
Q136705531	6000000011457533417
Q136705568	6000000036132952928
Q136705572	6000000017603389604
Q136705884	6000000016669151099
Q136706051	6000000221494814277
Q136706183	6000000080385921700
Q1367062	6000000008507208771
Q136707722	6000000001026031397
Q136708018	6000000222095246873
Q136708059	6000000222095379857
Q136708292	6000000056110784827
Q136708313	6000000012533113529
Q136708322	6000000011194728680
Q136708345	6000000012531672957
Q136708355	6000000012532326288
Q136708394	6000000012532949584
Q136708412	6000000025733790319
Q136708433	6000000030350387963
Q136708456	6000000012535123182
Q136708837	6000000004834876867
Q136708959	6000000023020654014
Q136709027	6000000015394291149
Q136709236	6000000012552874024
Q136709464	6000000130760024862
Q136709753	6000000078784363066
Q1367116	6000000009609198036
Q136712547	6000000013562231589
Q1367135	6000000031819243001
Q136714128	6000000011204734466
Q136714356	6000000190455686618
Q136716016	6000000219782874927
Q136716029	6000000219783308850
Q136716109	6000000085802060987
Q136717785	6000000083047978328
Q136718919	6000000188823612851
Q136719028	6000000105475556389
Q136719033	6000000016165962648
Q136719045	328305581790007178
Q136719178	6000000081042947857
Q136719597	6000000103850984869
Q136719766	6000000103913793351
Q136719934	6000000103849891242
Q136719957	6000000029895410538
Q136719979	6000000017955941924
Q136720031	6000000142312666821
Q136720289	6000000142311180821
Q136720386	6000000002663933969
Q136720418	6000000142307214828
Q136720421	6000000084369040165
Q136720441	6000000142305905821
Q136720501	6000000017728346216
Q136720641	6000000142241595871
Q136720667	6000000017728450004
Q136720675	6000000021401092592
Q136720808	6000000017727614264
Q136721109	6000000043664824823
Q136721223	6000000043664567138
Q136721535	6000000017956060040
Q136721542	6000000043180204679
Q136721636	6000000013722201814
Q136721640	6000000018045743678
Q136721648	6000000013723237026
Q136721781	6000000005658239138
Q136721781	6000000196101941824
Q136721781	6000000217068611825
Q136721938	6000000072726242486
Q136721972	6000000014145070392
Q136722625	6000000010049788649
Q136723362	6000000056103049003
Q136724043	6000000056545506917
Q136724101	6000000056110680924
Q136724341	6000000016762688959
Q136724372	6000000167311765592
Q136724583	6000000017267970404
Q136724617	6000000012532822558
Q136724628	6000000030156371347
Q136724670	6000000021553238798
Q136724676	6000000021554983475
Q136724783	6000000017267876990
Q136724786	6000000017268053378
Q136724788	6000000004094872622
Q13672615	5328176247620085505
Q1367272	6000000000902254384
Q1367274	6000000000907502596
Q13672901	6000000057333810143
Q13672927	6000000057333446918
Q136729311	6000000136029424821
Q1367305	6000000008582833926
Q136731638	6000000004997923244
Q136734096	6000000009591903444
Q136734294	6000000002564123256
Q136734297	6000000011370464565
Q1367343	6000000002446471135
Q136734335	6000000002564178014
Q136734340	1030037
Q136734348	1028927
Q136734353	6000000056110167101
Q136734367	964619
Q136734379	6000000189357423849
Q136734383	964621
Q136734385	964754
Q136734390	964755
Q136734391	964946
Q136734426	6000000011033427029
Q136734582	6000000018352000527
Q136734591	6000000189173714841
Q136734596	6000000189173564850
Q136734609	6000000189172991884
Q136734648	6000000022396778072
Q136734673	6000000003499913300
Q136734674	6000000007320525371
Q136734740	6000000021342586337
Q136734757	6000000021342725951
Q136734794	6000000014653381037
Q136734825	6000000044034057056
Q136734834	6000000062911151851
Q136734867	6000000003500035109
Q136734881	6000000044033807089
Q136734899	6000000207045615827
Q136734913	6000000061157134993
Q136734929	6000000041993533374
Q136734939	6000000039054092455
Q136734952	6000000035174616802
Q136734966	6000000206727392840
Q136735001	6000000055407676848
Q136735021	6000000025308317534
Q136735041	6000000056458652914
Q136735053	6000000064609320093
Q136735098	6000000011276855844
Q136735125	6000000046635537904
Q136735129	6000000046635485910
Q136735168	6000000002216986408
Q136735205	6000000002652028007
Q136735397	6000000077856313546
Q136735399	6000000077856757344
Q136735437	6000000003556573099
Q136735480	6000000041286540983
Q136735534	6000000024207965983
Q136735553	6000000003556232436
Q136735582	6000000078804387808
Q136735587	6000000042751607131
Q136735606	6000000027816436246
Q136736016	6000000038918821883
Q136736070	6000000010608421727
Q136736077	6000000023075239196
Q136736083	6000000010608421732
Q136736090	6000000038195135062
Q136736114	6000000003556344491
Q136736127	6000000003572410043
Q136736132	6000000172707987913
Q136736137	6000000023101933830
Q136736142	6000000172707105211
Q136736179	6000000007293601571
Q136736185	6000000010627443735
Q1367362	6000000002278258025
Q136736222	6000000040361992073
Q136736225	6000000010600707336
Q136736233	6000000010600494720
Q136736365	6000000010602745685
Q136736389	6000000006577394069
Q136736429	6000000006577123268
Q136737472	6000000022781008807
Q136738811	6000000002164873774
Q1367397	6000000072415590209
Q136742466	6000000012934573003
Q136742857	6000000007450958753
Q136744328	6000000189172998858
Q136744357	6000000079579363179
Q136744678	6000000157769062838
Q136744748	6000000052376267084
Q136744765	6000000018308616262
Q136744890	6000000164022100091
Q136744900	6000000026683768415
Q136745111	6000000164022202089
Q136745201	6000000001540734280
Q136745209	6000000002078938114
Q136745460	6000000018989468305
Q136745507	6000000002436343579
Q136745567	6000000010453040606
Q136745663	6000000019624417049
Q136745730	6000000062452757035
Q136745738	6000000019734751294
Q136745802	6000000019733772922
Q136745837	6000000193026924825
Q136745909	6000000011590678772
Q136745936	6000000023153486966
Q136746001	6000000084989583481
Q136746059	6000000084990773825
Q1367464	6000000042979317835
Q136746400	6000000012545373813
Q136746508	6000000011744207476
Q136746615	6000000011744130749
Q136746970	6000000157762759892
Q136747008	6000000157762697872
Q136747031	6000000003937961579
Q136747210	6000000008615087024
Q136747569	6000000027136170006
Q136747585	6000000027136056410
Q136747596	6000000172221468897
Q136747711	6000000015805325940
Q1367478	6000000006426256161
Q136747810	6000000010601239485
Q136747841	6000000020361714831
Q136748076	6000000014350112471
Q136748192	6000000028170502824
Q136748208	6000000038290795392
Q136748298	6000000057429292127
Q136748965	6000000019546040641
Q1367490	6000000008641838105
Q136749656	6000000138638827901
Q136749703	6000000040569579804
Q136749737	6000000221390417876
Q136749738	6000000164728264856
Q136749826	6000000036972306925
Q136749943	6000000016987216254
Q136750164	6000000077323050479
Q136750289	6000000014569602955
Q136750290	6000000014570650719
Q136750545	6000000014883584634
Q136750546	6000000014883788494
Q136750895	6000000029015667129
Q1367511	6000000136800382014
Q1367518	6000000021437063612
Q136752692	6000000101087101928
Q136752882	6000000001389338527
Q136752921	6000000025441140249
Q1367532	6000000017764344982
Q1367535	6000000035939239061
Q1367549	6000000011387603929
Q136754987	6000000037776675596
Q1367561	6000000122663342053
Q136756119	6000000202694382861
Q136756121	6000000202695628821
Q1367562	6000000003492083393
Q1367568	6000000019721018244
Q136757463	6000000082335844102
Q136757560	6000000006724884364
Q136757676	6000000019185509450
Q1367581	6000000001420967851
Q136758325	6000000042581625938
Q136758345	6000000042581503361
Q136758407	6000000022542806556
Q136758754	6000000192204466833
Q136758763	6000000222182882834
Q136758781	6000000222182893861
Q136758796	6000000182082158846
Q136758915	6000000184160808868
Q136759703	6000000014054710032
Q136759705	6000000014054710038
Q136759707	6000000214715668835
Q136759708	6000000214715697835
Q136759713	6000000214715664822
Q136759714	6000000214715729821
Q1367615	6000000042666513883
Q1367620	6000000038192699107
Q1367623	6000000001866456777
Q136762699	6000000222193616872
Q136763063	6000000072982952940
Q136764151	6000000082317133152
Q1367643	6000000012085870548
Q136764399	6000000008685906542
Q136764979	6000000222056108865
Q136766137	6000000014195831035
Q136766158	6000000050426551020
Q136766190	6000000002179417579
Q136766853	6000000018284259804
Q136767987	6000000050383501896
Q136768038	6000000014159856975
Q136768581	6000000018474178766
Q136769230	6000000039214476885
Q136769313	6000000039038678518
Q136769364	6000000012691857407
Q136769367	6000000006870182533
Q136769412	6000000011396109161
Q136769540	6000000221314670925
Q136769568	6000000188240738849
Q136769720	6000000032113103944
Q136769734	6000000032112751625
Q136769765	6000000027483788291
Q136771565	6000000015356787539
Q136771793	6000000035973452311
Q136771953	6000000013475414192
Q1367730	6000000025768492867
Q136773212	6000000006127726615
Q136773239	6000000008510050046
Q1367734	6000000020870406317
Q136773602	6000000008351834315
Q136774505	6000000173755719917
Q136775204	6000000084008353887
Q1367762	6000000023341182995
Q136776237	6000000061085402825
Q136776498	6000000173754168557
Q136776524	6000000023153098359
Q136778184	6000000025154534727
Q136779630	4603722750490015299
Q136779768	6000000180612081873
Q136779998	6000000050027642526
Q136784593	6000000018705475943
Q136784847	6000000010331236687
Q136785030	6000000099290069838
Q136785038	6000000016572726057
Q136785050	6000000222520044956
Q136785194	6000000016572741189
Q136786183	6000000011828443143
Q136786243	6000000008259891733
Q136786253	6000000002081480982
Q1367863	6000000136902348822
Q136786371	6000000151129611016
Q136786379	6000000151129731083
Q136786734	6000000004097311554
Q136786739	6000000073870295313
Q136786748	6000000135674880881
Q136786790	6000000004097311101
Q136786862	6000000011092194993
Q136786985	6000000022516557703
Q1367870	6000000182601458851
Q136787100	6000000023019961821
Q136787134	6000000026010528958
Q136787193	6000000026008944188
Q136787215	6000000026010133868
Q136787530	6000000026010792854
Q136787551	6000000024542464137
Q136787565	6000000017198128500
Q136787574	6000000018859357741
Q136787730	6000000004630835202
Q136787830	6000000022520166022
Q136787863	6000000020802426790
Q136787893	6000000010048179452
Q136787998	6000000003288496356
Q136788161	6000000025758479077
Q136788324	6000000003288496630
Q136788541	6000000010581276092
Q136788600	6000000014734652766
Q136790	6000000002047023867
Q136792184	6000000001749591233
Q136792818	6000000003288496362
Q1367933	6000000001688730786
Q136793772	6000000106249525856
Q136794246	6000000014405400595
Q136794251	6000000009107476319
Q136794561	6000000009106695179
Q136794972	6000000015274450315
Q1367952	6000000006712109764
Q1367954	6000000007474464305
Q1367955	6000000026784005749
Q136795535	6000000018526783099
Q1367961	6000000000307262160
Q136796645	6000000032446274584
Q136796647	6000000000834348671
Q136796689	6000000000886907358
Q136796692	6000000000484645088
Q136797137	6000000006443535749
Q1367986	6000000020543514532
Q136798876	6000000209240344846
Q136799212	6000000010053184608
Q136799327	6000000010052884914
Q136799453	6000000005484880001
Q136799879	6000000017839691690
Q136800472	6000000008342972461
Q136800486	6000000026589605066
Q136800517	6000000021079150291
Q136800526	6000000021079242114
Q136800533	6000000021079150297
Q136800543	6000000016596459502
Q136800544	6000000016596551363
Q136800546	6000000001402408731
Q136800547	6000000002293675287
Q136800549	6000000002293672451
Q136800552	4320668544480054167
Q136800554	6000000012136354251
Q136800557	6000000012333123230
Q136800558	6000000032350320608
Q136800560	6000000012332471188
Q136800561	6000000008439506864
Q136800567	6000000000306752023
Q136800568	6000000012820629810
Q136800570	6000000004150070097
Q136800571	6000000012821016796
Q136800572	6000000011186031775
Q136800574	6000000008604212705
Q136800583	6000000028771012921
Q136800585	6000000015747856336
Q136800586	6000000034007680775
Q136800587	6000000021079383893
Q136800591	6000000015747302433
Q136800592	6000000015747857328
Q136800602	6000000008448534598
Q136800603	6000000221396809294
Q136800604	6000000221396907882
Q136800607	6000000170710982996
Q136800609	6000000076744285176
Q136800610	6000000006103758227
Q136800611	6000000069765346302
Q136800613	6000000004128455490
Q136800621	6000000043645977859
Q136800636	6000000004008290692
Q136800637	6000000004005553902
Q136800640	6000000003430436084
Q136800643	6000000003430520001
Q136800658	6000000090315217963
Q136800695	6000000003987241177
Q136800697	6000000041655960092
Q136800699	6000000006604090073
Q136800700	6000000000112102690
Q136800702	6000000000112120299
Q136800703	6000000003536581955
Q136800706	6000000001689772685
Q136800716	6000000003465212545
Q136800717	6000000003501878886
Q136800752	6000000023019748862
Q136800777	6000000023021716750
Q136801236	6000000003275870197
Q136801509	6000000003275870059
Q136801816	6000000001827509530
Q136801856	6000000001827509542
Q136801878	6000000001827509553
Q136801920	6000000014200338772
Q136801925	6000000103851232117
Q136801928	6000000014200338767
Q136801966	6000000001827509631
Q136802197	6000000183679244001
Q136802200	6000000026182328168
Q136802213	6000000080203531853
Q136802319	6000000026180984235
Q136802331	6000000140090941854
Q136802939	6000000009136129694
Q136802941	6000000009135752035
Q136803056	6000000028991627854
Q136803070	6000000004187438913
Q136803071	6000000021785459798
Q136803072	6000000009016378518
Q136803073	6000000002054882743
Q136803076	6000000003943055541
Q136803077	6000000003943055514
Q136803078	6000000125779132821
Q136803080	6000000004187551012
Q136803081	6000000006348736273
Q136803083	6000000006348736259
Q136803091	6000000004187570043
Q136803153	6000000018479327851
Q136803166	6000000018479888524
Q136803183	6000000214132669852
Q136803184	6000000192533087832
Q136803185	6000000003937791790
Q1368035	6000000001872289552
Q136803528	6000000013316365055
Q136803532	6000000013316085652
Q136803797	6000000022870650463
Q136803989	6000000025623774255
Q136804005	6000000025623852234
Q136804170	6000000003941583632
Q136804171	6000000013214905823
Q136804172	6000000006348497681
Q136804175	6000000003942583240
Q136804176	6000000032397557438
Q136804187	868678
Q136804188	6000000009403715333
Q136804203	6000000001075575318
Q136804533	6000000025516374675
Q136805053	6000000006931455928
Q136805835	6000000023264481387
Q136805968	6000000009375878031
Q136805980	6000000174751829152
Q136805994	6000000024729330069
Q136806044	6000000044156643821
Q136806239	6000000014570645925
Q136806374	6000000084644401945
Q136806377	6000000084643662410
Q136806739	6000000006947476716
Q136806867	6000000001367267942
Q136806886	6000000010942657233
Q136807407	6000000024332696098
Q136807756	6000000012888319238
Q136807772	6000000000935513458
Q136807793	6000000042378796825
Q136807854	6000000009805360275
Q136807865	6000000038439676524
Q1368087	6000000018319195388
Q136810878	6000000043079546154
Q1368113	6000000178062768822
Q136811309	6000000008942487720
Q136811912	342901001180012160
Q136812375	6000000008592871034
Q136812823	6000000038440007209
Q136812836	6000000032425698060
Q136812848	6000000015284496874
Q136814463	6000000021209493977
Q136814513	6000000031637183276
Q136814514	6000000042375652381
Q136814525	6000000107855354877
Q136814526	342896746780013009
Q136814532	6000000076367503296
Q136814957	6000000010289863708
Q136814960	6000000016730140323
Q136815195	6000000076374608065
Q136815206	6000000004969805634
Q136815233	6000000033027095290
Q136815510	6000000001356359012
Q136815518	6000000001356354639
Q1368156	6000000211395377832
Q136815609	6000000030716602833
Q136815625	6000000033141681292
Q136815638	6000000003859391449
Q136815650	6000000033026231773
Q136816	6000000060749400888
Q136816034	6000000030716314948
Q136816166	6000000032791661146
Q136816397	6000000046617017922
Q136817480	6000000024124176986
Q136821314	6000000018142851452
Q136821402	6000000016730510043
Q136821813	6000000017685086388
Q136821818	6000000017684564173
Q136821875	6000000017960003921
Q136821905	6000000031830439543
Q136821930	6000000017960320313
Q136821983	6000000032852030959
Q136822109	6000000033453297550
Q136822155	6000000017960483084
Q136822182	6000000017960474230
Q136822227	6000000017960181529
Q136822287	6000000026437854678
Q136822535	6000000015284496874
Q136823162	6000000008762993939
Q136825041	6000000196946243856
Q136825230	6000000218529072892
Q136825401	6000000042133260706
Q136825643	6000000017309389554
Q136825996	6000000008390712044
Q136826789	6000000023019723839
Q136826867	6000000017113465651
Q136826988	6000000017118154928
Q136827637	6000000003493061262
Q136827640	6000000023022877367
Q136827665	6000000018452865652
Q136827853	6000000015225653399
Q136827906	6000000092267122109
Q136827924	6000000062729296191
Q136827932	6000000062729648856
Q1368292	6000000012228266098
Q13682987	6000000026561507537
Q1368300	6000000051871927667
Q136831417	337839883030006097
Q136831419	6000000010017482974
Q136831428	6000000081257955433
Q1368315	6000000038025930669
Q136833456	6000000031830580064
Q136833729	6000000031830435208
Q136834064	6000000028907613276
Q1368351	6000000041115559403
Q1368374	6000000013165130719
Q136838946	6000000010541249936
Q136839121	6000000000203366256
Q1368394	6000000062115867953
Q1368400	6000000007550650438
Q13684027	6000000024008529112
Q13684044	6000000034535221105
Q1368405	6000000016279838318
Q136841380	6000000026667452884
Q1368416	6000000020322083579
Q1368417	6000000057381000079
Q136841734	6000000046128877848
Q136842065	6000000026667460870
Q136842223	6000000003017394915
Q136842224	6000000003017430014
Q136842224	6000000202418388843
Q136842302	6000000008979028020
Q136842303	6000000008260594593
Q136842305	6000000000229102054
Q136842375	3785662
Q136842376	6000000008872606703
Q136842377	6000000003877744662
Q136842389	6000000008260594601
Q136842443	6000000150828182851
Q1368437	6000000002885556833
Q1368439	6000000045748603879
Q1368460	6000000037885912873
Q136847	6000000204017902844
Q136849209	6000000080751671909
Q136849516	6000000007961941536
Q136849547	6000000003155079495
Q136849712	6000000198651617842
Q136849995	6000000016492741387
Q1368537	6000000005435216206
Q136855979	6000000039355029061
Q1368613	6000000037351651299
Q136862060	6000000188942431367
Q1368645	6000000017669380720
Q136864651	6000000012123351806
Q1368664	6000000034723647128
Q136868475	6000000021503104514
Q136868776	6000000027608694176
Q136868783	6000000058808278829
Q136868849	6000000013751918339
Q136869264	6000000012558635366
Q1368730	6000000098195012824
Q1368757	6000000010657802047
Q1368769	6000000009471743592
Q1368773	6000000013414593557
Q13687946	6000000074792923841
Q1368800	6000000016619967269
Q136881162	6000000083658285853
Q136881299	6000000024948310482
Q136881300	6000000024948445999
Q136881725	6000000014663709726
Q136881740	6000000071245630093
Q136881748	6000000094778337188
Q1368820	6000000007502976408
Q1368852	6000000008572142909
Q136886977	6000000010961610834
Q1368887	6000000134605594967
Q136889332	6000000005059021315
Q136890565	6000000024143052585
Q136890972	6000000017173576259
Q136890986	6000000015365876436
Q1368910	6000000145236717846
Q136892228	6000000016642525774
Q136892872	6000000003367354575
Q136892987	6000000013790370256
Q1368935	6000000005428728524
Q1368948	6000000027848069102
Q1368959	6000000026160952252
Q136897754	6000000071687197296
Q13689812	6000000075610442020
Q1368988	6000000140314697542
Q1368995	6000000026875153674
Q136899703	4462750063780044575
Q13690443	6000000015866777625
Q136905045	6000000024948558273
Q136905123	6000000017544588544
Q1369055	6000000159428794822
Q13690559	6000000011977848646
Q136906115	6000000015394897525
Q136906518	6000000167316908832
Q136906528	6000000167317026822
Q136906596	6000000015467445054
Q1369073	6000000005440649954
Q136907324	6000000014255423296
Q1369084	6000000019284403951
Q136908716	6000000222368968841
Q1369088	6000000092152162023
Q136910519	6000000025513372242
Q136910525	6000000094777193298
Q136910567	6000000025513622954
Q136910578	6000000033960180401
Q136910665	6000000006487966002
Q136910885	6000000017967334312
Q136910916	6000000027611351013
Q136910957	6000000068974295847
Q136910990	6000000017575167313
Q136910995	6000000027610943641
Q136911743	6000000012558762405
Q136911943	6000000002081491377
Q136911987	6000000002081488292
Q136912128	6000000002081551281
Q136912191	6000000011890119080
Q136912711	6000000001827504600
Q136913347	5716647458270038308
Q136913372	6000000022348591792
Q136913396	6000000043857038969
Q136914902	6000000002188240464
Q136914917	6000000002188240537
Q136916864	6000000015221747210
Q136917600	6000000023020689919
Q136918	6000000006786644873
Q1369183	6000000069147373009
Q136919654	6000000221705246840
Q1369213	4238776041950124449
Q1369216	6000000006884504346
Q1369218	6000000014218263776
Q136922044	6000000013790446005
Q1369224	6000000096562260897
Q1369246	6000000003229885942
Q1369254	6000000018060351979
Q136926546	6000000016025990159
Q136926935	6000000016025906881
Q136927399	6000000012042028521
Q136927597	6000000008325778309
Q136927697	6000000003805020977
Q136928138	6000000008325826073
Q136928770	6000000006783096468
Q136928890	6000000207938648835
Q136929144	6000000219915215842
Q136929162	6000000013789881771
Q136929167	6000000201930875914
Q136929173	5045997222220111114
Q136929866	6000000004399633861
Q136929953	6000000053348444857
Q136931345	6000000012922855402
Q1369319	6000000090676751960
Q136932013	6000000008814579877
Q136933475	6000000011569772620
Q136933537	6000000011569767590
Q136933770	6000000003603024090
Q136933774	6000000011624785047
Q136933780	6000000003603024097
Q136933786	6000000010442627026
Q136934265	6000000032497397087
Q136934275	6000000001959132861
Q136934277	6000000007234191949
Q136934282	6000000001727300653
Q136934288	6000000001959132869
Q136934289	6000000000664315547
Q136934292	6000000000664325598
Q136934375	6000000057771168897
Q136934384	6000000016361392625
Q136934637	6000000078452520255
Q136937214	6000000032497444155
Q136937220	6000000039793818331
Q136937224	6000000174683033868
Q136937234	6000000039761888890
Q136937251	6000000084007953853
Q136937259	6000000039761923832
Q136937465	6000000094779371854
Q136937528	6000000215845022835
Q1369406	6000000089390978058
Q1369433	6000000062736659982
Q1369437	6000000026589048527
Q1369447	6000000078745093396
Q1369449	6000000134609083007
Q136945834	6000000010953381381
Q136946021	6000000000733049960
Q136946041	6000000008491155656
Q136946051	6000000006187436886
Q136946085	6000000032396354097
Q1369467	6000000179112702822
Q136949248	6000000001199765001
Q1369494	6000000007329806658
Q1369497	6000000008395875230
Q136949795	6000000030414019106
Q136949970	6000000010222814144
Q1369507	6000000178247328826
Q1369509	6000000037476652217
Q1369516	6000000178042760842
Q136953721	6000000044790985053
Q136953721	6000000049985895826
Q136955326	6000000068323747203
Q136956090	6000000004867392361
Q136956318	6000000086534723028
Q136956319	6000000086529025996
Q136956321	6000000011266498566
Q136956323	6000000011266514073
Q136956327	6000000012871017243
Q136956330	6000000012940675900
Q136956347	6000000178661118822
Q136956348	6000000012154515321
Q136956350	6000000005415130923
Q136956387	6000000080622716821
Q136956388	6000000008518493306
Q136956389	6000000008518501673
Q136956391	6000000008518482120
Q136956429	6000000036340302028
Q136956434	6000000026919927206
Q136956770	6000000080622501973
Q136956964	6000000013326629855
Q136957043	6000000049364956107
Q136957148	6000000185376644856
Q136959	6000000145551661875
Q1369599	6000000014721336296
Q1369625	6000000005739417731
Q1369703	6000000150858626964
Q136975730	6000000026297456171
Q136983966	6000000032125515932
Q136986	6000000035020242878
Q1369875	6000000003588663970
Q1369909	6000000024486916045
Q136992348	6000000077960833823
Q1369928	6000000038915165616
Q136995553	6000000001353677817
Q136995638	6000000015614385220
Q136996331	6000000000733105784
Q136996460	6000000000426612764
Q136996462	6000000015392100604
Q136996531	6000000024032305729
Q136996543	6000000032345647176
Q136996556	6000000035767049239
Q136998160	6000000021441283370
Q1369994	6000000007630388732
Q1370012	6000000037414266091
Q1370025	6000000004079779453
Q137003713	6000000093034512864
Q1370039	6000000001362771963
Q137003911	6000000013664456704
Q1370058	6000000012632326325
Q137006019	6000000024156402504
Q1370061	6000000121563862016
Q1370069	6000000024390900608
Q1370100	6000000171493019246
Q1370117	6000000014093929491
Q1370139	6000000179856010822
Q1370140	6000000029718792132
Q137014347	6000000024350136153
Q1370149	6000000001171445616
Q1370166	6000000000238090086
Q1370177	6000000038855519536
Q1370193	6000000015446404873
Q137026804	6000000009895189518
Q1370307	6000000029616348020
Q137031255	6000000090934136923
Q1370317	6000000077819438309
Q1370325	6000000019103828278
Q137033968	6000000178596552846
Q137035732	6000000025967627466
Q137036023	6000000027855647283
Q137037089	6000000015864314438
Q137039220	6000000006290373005
Q137039226	6000000013172632877
Q137039228	6000000000426512400
Q137039231	6000000000426652304
Q137039235	6000000000426776071
Q137039239	6000000014971785372
Q137039379	6000000045814312248
Q137040475	6000000050881816168
Q137040554	6000000050881946150
Q137040617	6000000021632360985
Q137040746	6000000017622273964
Q137041108	6000000184552413830
Q137041520	6000000021146943311
Q137042	6000000008339022423
Q137044792	6000000005659502017
Q137044923	6000000090935654836
Q137045098	6000000197743810845
Q137045138	6000000041158623821
Q137045544	6000000184717412844
Q137047519	6000000013371496510
Q137047564	6000000013371811265
Q137047582	6000000090935156929
Q137048843	6000000013092168719
Q137048913	6000000090935156938
Q137048915	6000000090933228878
Q137048936	6000000068323312963
Q137048949	6000000090935156933
Q137048952	6000000090935156943
Q137049254	6000000010775693803
Q137049537	6000000014959094687
Q137049712	6000000046283695607
Q137049714	6000000046284101201
Q1370522	6000000041573075029
Q137053429	6000000222477331961
Q137053473	6000000222477357919
Q137053499	6000000008651337572
Q137058756	6000000010132533962
Q1370601	6000000017277251482
Q1370624	6000000003819175795
Q1370632	6000000027900365503
Q1370671	6000000013649378248
Q1370679	6000000000027062219
Q1370701	6000000179723683859
Q1370728	6000000079104179331
Q1370756	6000000026587172158
Q1370757	6000000027341433365
Q1370802	6000000042143147637
Q1370804	6000000145239262924
Q1370807	6000000015191363709
Q1370815	6000000179153479827
Q137082375	6000000037252666358
Q137082618	6000000035214442661
Q1370842	6000000017907459443
Q1370871	6000000008448023883
Q1370873	6000000013414169342
Q1370892	6000000041262849246
Q1370901	6000000007131792282
Q1370931	6000000046413895107
Q1370937	6000000019301651607
Q1370965	6000000020328455113
Q1370968	6000000047768577834
Q1370974	6000000009406412287
Q13709919	6000000019105780983
Q13709982	6000000019106218659
Q13710031	6000000019106434090
Q13710086	6000000019106452120
Q1371015	6000000010487334088
Q1371024	6000000033822148883
Q13710303	6000000018395217423
Q13710355	6000000018395014993
Q137103665	6000000046284411821
Q137103666	6000000046284372880
Q137103671	6000000090931946822
Q1371051	6000000015243284022
Q13710548	6000000073630490920
Q1371055	6000000000501466583
Q13710586	6000000073631377837
Q137106172	6000000010849700859
Q137106202	6000000079363942651
Q137106468	6000000004034603429
Q13710777	6000000015760021727
Q1371083	6000000000661397772
Q1371087	6000000003932930378
Q137110342	6000000222557805015
Q13711269	6000000054764286828
Q13711312	6000000054781164821
Q1371134	6000000138736695914
Q1371136	6000000034145726930
Q1371153	6000000011049179542
Q1371160	6000000012224859380
Q137117762	6000000035215045100
Q1371192	6000000010291069983
Q1371212	6000000000911181860
Q1371229	6000000079268959193
Q137123366	6000000020450180204
Q137124044	6000000004543796453
Q137124122	6000000222492362841
Q137124146	6000000020449703047
Q137124149	6000000222491924959
Q137124617	6000000008774162292
Q137125163	6000000036318540447
Q137125206	6000000036318710155
Q137125226	6000000218597747141
Q137125247	6000000013911995292
Q137125300	6000000117772804903
Q137126375	6000000010018283814
Q137126876	6000000010018390792
Q137126879	6000000023342656040
Q137126920	6000000124606425983
Q137126958	6000000095954424833
Q1371272	6000000006912177559
Q137127505	6000000000452114807
Q1371308	6000000015500936950
Q137131211	6000000012430439710
Q1371323	6000000074700393821
Q137132541	6000000008539292569
Q1371329	6000000015731071035
Q1371351	6000000014372682328
Q1371363	6000000132279640121
Q1371409	6000000007762733865
Q1371413	6000000081649124087
Q1371424	6000000140323638869
Q1371430	6000000067664668963
Q1371471	6000000032299100651
Q1371471	6000000076666317873
Q1371472	6000000124670345822
Q13714722	6000000018337256920
Q13714788	6000000019169775101
Q1371497	6000000021461866600
Q1371498	6000000012837412242
Q1371508	6000000029792154298
Q1371532	6000000081113077879
Q1371549	6000000009700245061
Q137156039	6000000178779534916
Q137156486	6000000021647848055
Q137156507	6000000012797964320
Q137156758	6000000129504559885
Q137156867	6000000007122110345
Q137159036	6000000046276452012
Q137159106	6000000190451104481
Q137159107	6000000190451104477
Q137160200	6000000002892857650
Q137161478	293332907740001358
Q137162122	6000000007273254287
Q137162262	6000000010627311670
Q137162496	6000000029981339017
Q137162928	6000000009610211244
Q137163194	6000000017623548260
Q137164040	6000000032817386794
Q137164055	6000000030366541145
Q137164871	6000000037255020052
Q1371649	6000000016516102842
Q137165564	6000000009753568694
Q137165662	6000000174708291970
Q137165695	6000000006734643702
Q137167293	6000000003147154301
Q137167294	6000000003147154313
Q137167297	6000000111427111858
Q137167931	6000000025330019349
Q13716830	6000000019151099595
Q137168364	6000000007320579887
Q137168366	6000000021855778900
Q137168368	6000000021855624768
Q137168370	6000000010842550844
Q137168377	6000000007234860408
Q137168378	6000000000682307531
Q137168555	6000000222521152880
Q137168592	6000000000321382857
Q137168592	6000000021855809883
Q137168619	6000000003939458996
Q137168622	6000000003938220331
Q137168629	6000000000141018456
Q137168635	6000000000140992636
Q137168643	6000000000200124272
Q137168694	6000000188783912906
Q137168729	6000000188785292835
Q137168733	6000000003939394605
Q137168821	6000000030868881823
Q137168824	6000000015363926624
Q137168828	6000000013105939711
Q137168846	6000000015363953894
Q137168850	6000000030867223542
Q137168852	6000000030868584825
Q137168855	6000000003221740364
Q137168933	6000000044200429115
Q137169266	6000000013029959097
Q137169308	4311635417290038182
Q137169321	4311628417630030268
Q137169453	6000000054568461047
Q137169458	6000000221896979916
Q137169477	6000000030952123031
Q137169512	6000000087701078066
Q137169545	6000000018155310417
Q137169550	6000000076854652865
Q137169738	6000000044296750991
Q137169755	6000000044295335008
Q137169760	6000000059806135898
Q137169768	6000000107824285999
Q137169782	6000000107824890905
Q137169938	6000000123325379821
Q137170377	6000000031053321678
Q137170446	6000000013591839130
Q137170459	6000000006719946611
Q137170586	6000000003386457207
Q137170667	6000000030949184160
Q137170748	6000000191141385832
Q137170764	6000000075690378850
Q137170812	6000000030968700174
Q137171010	6000000082395653940
Q1371711	6000000006900192265
Q137171200	6000000054109058984
Q137171674	6000000148402985827
Q137171690	6000000037625542930
Q137171856	6000000001504666829
Q137175250	6000000000612056522
Q137176196	6000000043998389887
Q137176832	6000000052124937830
Q1371770	6000000048461703030
Q137177180	6000000050563702068
Q137178464	6000000093421196133
Q137178482	6000000093419218460
Q137178532	6000000059257455995
Q137178535	6000000059256332387
Q137178538	4862038512020087603
Q137178542	6000000058701862154
Q137178548	6000000058702309078
Q137178550	6000000058702621867
Q137178553	6000000058702686823
Q137178557	6000000058702635912
Q137178572	6000000059256663250
Q137179295	6000000060792305366
Q137179576	6000000130753257821
Q1371805	6000000007324188923
Q137180932	6000000078122103990
Q1371822	6000000009785932482
Q137182503	6000000040941922664
Q137182514	6000000190856876825
Q137182518	6000000190732225831
Q137182551	6000000190826813824
Q1371833	6000000023870053103
Q137184205	6000000003278235852
Q1371855	6000000155879190847
Q137185506	6000000092246943832
Q137186606	6000000130752192891
Q137187109	6000000010092333108
Q1371873	6000000109509872909
Q137187753	6000000071675096217
Q1371880	6000000046719469221
Q137188052	6000000052840110869
Q1371881	6000000156681364890
Q137188199	6000000084006907855
Q137188200	6000000142212869112
Q137188201	6000000059806271821
Q137188370	6000000015319436249
Q1371884	6000000177838979834
Q137188669	6000000125379929841
Q1371887	6000000145517419864
Q1371889	6000000043383019152
Q137188968	6000000179744168896
Q137188986	6000000052843961855
Q1371893	6000000003578292190
Q137189918	6000000012954308372
Q1371907	6000000150923531825
Q1371928	6000000182204089837
Q137194726	6000000081089760821
Q137194748	6000000205282495830
Q137194900	6000000025385976974
Q137194987	6000000026667046099
Q137195819	6000000071411459875
Q137195877	6000000071410324917
Q137195987	6000000046284159121
Q137196090	6000000046284093100
Q1371964	6000000013302240732
Q137197657	6000000013743102106
Q137204801	6000000130745253823
Q137205047	6000000022478540953
Q137205100	6000000027273261018
Q137205205	6000000030919862705
Q137205230	6000000014754115936
Q137205453	6000000086167902826
Q137205568	6000000203068836833
Q137208755	6000000021124847588
Q137210525	6000000015063553931
Q137210544	6000000009468016534
Q137210546	6000000015064040479
Q137210592	6000000078738792276
Q137210596	6000000066863598901
Q137210597	6000000176993147850
Q137211700	6000000142208615903
Q137211777	6000000142209264823
Q137212009	4776615889610023202
Q137212013	6000000120388843989
Q1372141	6000000015360398667
Q137214144	6000000084593975927
Q137214146	6000000060539072824
Q137214387	6000000089641145869
Q137214604	6000000059805547028
Q1372155	6000000012288116068
Q137215628	6000000084005104835
Q137215888	6000000084005051913
Q137215900	6000000084004967938
Q137215903	6000000040590654054
Q137216022	6000000003343464589
Q137216074	6000000062364347914
Q137216248	6000000062365132906
Q137216262	6000000038295882203
Q137216274	6000000062616800688
Q137216643	6000000021368338267
Q1372167	6000000050006270612
Q137216747	6000000033813201222
Q137217500	6000000059163887853
Q1372180	6000000029729377784
Q137218073	6000000025754281476
Q137218083	6000000025753951458
Q137218172	390627746110012723
Q137218177	6000000003506750529
Q137218193	6000000037534947669
Q137218194	6000000000652225638
Q137218195	6000000002447154720
Q137218246	439904
Q137218248	6000000002046134780
Q137218250	6000000002046134771
Q137218251	6000000002515300226
Q137218253	6000000003617737761
Q137218713	6000000013270370769
Q137218718	6000000005383631219
Q137218774	6000000081438148271
Q137218776	6000000003939897297
Q137218779	6000000020482815557
Q137218784	6000000079217027743
Q137218786	6000000079217686312
Q137218787	6000000003221207123
Q137218789	6000000079218420023
Q137218790	6000000003670082865
Q1372194	6000000046712309837
Q137219508	6000000018069967918
Q137219814	6000000018316708584
Q1372199	6000000071003642949
Q1372204	6000000180864145849
Q1372206	6000000034340012011
Q1372210	6000000014498181792
Q137222238	6000000008863712811
Q137222240	6000000010290797485
Q137222241	6000000008863241164
Q137222242	6000000002677691837
Q137222243	6000000008863685536
Q137222244	6000000037006194297
Q137222249	6000000037006330434
Q137222254	6000000008681064155
Q137222282	6000000003357457383
Q137222289	6000000037006271481
Q137222298	6000000003077227406
Q137222299	6000000002603460634
Q137222317	6000000003859223035
Q137222362	6000000022043423648
Q137222364	6000000023144210097
Q137222365	6000000054818099987
Q137222366	6000000000203234740
Q137222457	6000000164020628367
Q137222458	345647399290011839
Q137222459	361871659840010312
Q137222468	315905462870008075
Q137222523	6000000003512180712
Q1372280	6000000003197451030
Q137232705	6000000000251823389
Q137232734	6000000006727984703
Q137232996	6000000043836577895
Q137233010	6000000087932251831
Q137233023	6000000129618226367
Q137233038	6000000033526459170
Q137233800	6000000026402220383
Q1372341	6000000176958768869
Q1372349	6000000019334901040
Q137236269	6000000077322894672
Q137236520	6000000077319713720
Q137236523	6000000000770723210
Q137236645	6000000000770723132
Q137236649	6000000000770717638
Q137236668	6000000005052711274
Q137236712	6000000001869818949
Q13723678	6000000188745188835
Q137236864	6000000000770723094
Q137236888	6000000000293464732
Q137236979	6000000076701902066
Q137237008	6000000003937680471
Q137237011	6000000003939819780
Q137237024	6000000003937810501
Q137237076	6000000003939819857
Q137237089	6000000001376185191
Q137237784	6000000003288074509
Q137237798	6000000001867097289
Q137237812	6000000006441313193
Q137237845	6000000003287905265
Q137237992	6000000002316905834
Q137238005	6000000025142803382
Q137238131	6000000004630832609
Q137238249	6000000196737852908
Q137239542	6000000027754788349
Q1372410	6000000184996918854
Q1372413	6000000072081588099
Q137241825	6000000021792694369
Q137242158	6000000001188941575
Q137242431	6000000079091213014
Q1372428	6000000091242453953
Q137242820	6000000001912085598
Q1372429	6000000012753631212
Q137243246	6000000012768950402
Q137243682	6000000022937544542
Q137243825	6000000022937780309
Q137243840	6000000207785091821
Q137243854	6000000003513746916
Q1372439	6000000078764845821
Q137244045	6000000012587779199
Q137244695	6000000025227289914
Q137245058	6000000012543547843
Q13724622	6000000083024107699
Q137246525	6000000011400917222
Q137246759	6000000011387510234
Q137247300	6000000058356426882
Q137247621	6000000011400722700
Q1372480	6000000054544158880
Q1372481	6000000029773838476
Q137249399	6000000051139121903
Q1372514	6000000090668955853
Q1372520	6000000029223613825
Q1372521	6000000013432258889
Q13725306	6000000024375052763
Q1372533	6000000003421840187
Q1372544	6000000014582240147
Q137255463	6000000024240615524
Q1372556	6000000014177603650
Q1372558	6000000171293082860
Q1372561	6000000048072205848
Q137256784	6000000013952366303
Q137256840	6000000024942664456
Q1372573	6000000038123682624
Q137258436	6000000027821319549
Q137258442	6000000027756838758
Q137258862	6000000000251823125
Q137258863	6000000000251875589
Q137259062	6000000010429608684
Q137259065	6000000003180793211
Q137259167	6000000002085828866
Q137259259	6000000026461130129
Q137259298	6000000026462340345
Q137259302	6000000001172461474
Q137259655	6000000018809813858
Q137260301	6000000106210334921
Q137260638	6000000147258726842
Q137260965	6000000057088437952
Q1372616	6000000007820478729
Q1372618	6000000166378971322
Q137261920	6000000018377976797
Q137262810	6000000042467067307
Q1372630	6000000152606018964
Q137263627	6000000008462650915
Q137263879	6000000000842568339
Q137263959	6000000114801487024
Q137264072	6000000038079410928
Q137264157	6000000032007456063
Q137264588	6000000204342099860
Q137264706	6000000019428336013
Q137264707	6000000019427310883
Q137264871	6000000007277626271
Q137265	6000000129618177088
Q137265211	6000000002795125422
Q137265457	6000000034748781308
Q137265710	6000000028838311264
Q137265763	6000000102783109005
Q137265923	6000000013734392659
Q137265959	6000000015807803777
Q1372660	6000000013432202894
Q1372663	6000000051698781821
Q137266471	6000000112958833864
Q137266595	6000000112958833857
Q137266737	6000000019028161022
Q137267040	6000000011735795454
Q137267234	6000000012345297756
Q1372680	6000000012912006360
Q1372687	6000000047499357961
Q1372698	5017598378230118738
Q137270603	6000000015812615654
Q1372709	6000000013433592233
Q137271683	6000000027421997774
Q137271730	6000000028839446879
Q137271827	6000000076103056840
Q137271828	6000000076102941855
Q137272109	6000000007471576793
Q137272129	6000000009077333004
Q137272134	6000000009077217456
Q137272238	6000000094204419192
Q1372724	5076439918400081077
Q137272600	6000000015808087254
Q137272607	6000000002793123941
Q137272609	6000000178179090878
Q137272699	6000000015805027002
Q137272700	6000000015830548222
Q137272787	6000000014777251549
Q137273243	6000000003137123873
Q137273254	6000000105733590985
Q137273317	6000000017874473433
Q137273354	6000000021417302807
Q137273442	6000000011026190319
Q137273632	6000000174034802847
Q137273762	6000000030755685194
Q137273892	6000000085451036879
Q137274796	6000000017539690563
Q1372753	6000000029479946852
Q1372821	6000000023896173047
Q1372825	6000000039202262847
Q137283493	6000000002802707424
Q137284038	6000000220056514245
Q137285406	6000000220056514233
Q137285430	6000000019125011531
Q137285434	6000000003208647791
Q137285436	6000000006354250098
Q137285561	1942708
Q137285562	6000000012997477077
Q137285563	6000000000394105548
Q137285564	6000000193839280854
Q137285810	6000000016743760608
Q137285873	6000000182407210821
Q137286083	6000000177160544896
Q137288650	6000000035968945050
Q137288704	6000000001504897912
Q137288855	6000000037172738270
Q13728893	6000000017913100551
Q137290111	6000000024930463405
Q137290242	6000000089860517830
Q137291962	6000000008816271151
Q1372922	6000000040704719507
Q137292333	6000000024848442516
Q137292491	6000000013145003236
Q137293040	6000000008701720050
Q137293506	6000000025621915986
Q137293805	6000000190997547409
Q137293885	6000000008592131449
Q137294042	6000000045236304967
Q1372945	6000000008447327075
Q137294504	6000000010836277859
Q137294637	6000000050801764157
Q137294672	6000000082161477847
Q137294689	6000000185840419847
Q137294741	6000000185840564860
Q1372953	6000000014181123715
Q137295633	6000000008472746686
Q1372961	6000000052302817844
Q137298379	6000000073028541850
Q137298425	6000000023022360480
Q137298559	6000000007625494724
Q137298677	6000000029684334028
Q137298889	6000000029684177349
Q137299178	6000000010458484710
Q137299279	6000000012213331481
Q1372994	6000000027346071554
Q137299469	6000000023031311974
Q1372995	6000000092023350823
Q137299606	6000000017618743577
Q137299637	6000000013930733675
Q137299638	6000000013931016444
Q1372998	6000000057312532960
Q137300363	6000000001386401053
Q1373005	6000000087355868006
Q137300631	6000000016739019807
Q1373008	6000000013433580837
Q1373015	6000000027066598441
Q1373017	6000000026039455138
Q1373020	6000000032464356073
Q137302139	6000000017101278421
Q137302175	6000000016693291576
Q137302228	6000000017102570048
Q1373023	6000000054616168930
Q1373024	6000000041663156699
Q137302579	6000000017106031432
Q137302764	6000000017725632368
Q137303546	6000000205654520840
Q1373041	6000000043465771942
Q1373091	6000000016180819131
Q1373107	6000000025484693803
Q1373117	6000000086121873828
Q1373151	6000000028130409789
Q1373159	6000000177113095823
Q1373166	6000000084426818857
Q1373167	6000000007158661351
Q1373171	6000000015771857805
Q1373174	6000000000412484196
Q1373175	367746677440013754
Q137317571	6000000172904791009
Q1373177	6000000015354635828
Q1373188	6000000015772853470
Q1373189	6000000013630042364
Q137320580	6000000092747904065
Q137320768	6000000092749281842
Q1373208	6000000071107573928
Q137322932	6000000025085987370
Q13732401	6000000005584650880
Q137324317	6000000014927308628
Q137324319	6000000167808172831
Q137326681	6000000198330701860
Q1373297	6000000145517021849
Q1373302	6000000002662303126
Q137332204	6000000051991146917
Q1373354	6000000001959554152
Q1373357	6000000009977974673
Q1373367	6000000019102287826
Q137336777	6000000079638984170
Q137338004	6000000009163305525
Q137339265	6000000006198502165
Q1373397	6000000054309843177
Q137341791	6000000043233426780
Q137342162	6000000009955199100
Q137342499	6000000002883267647
Q137342520	6000000006127346993
Q137342546	6000000084340449011
Q1373428	6000000008756508721
Q1373431	6000000017072964343
Q137343155	6000000017338417467
Q137343431	6000000020446119817
Q1373441	6000000093245760214
Q1373480	6000000177234832972
Q1373516	6000000021427155155
Q13735252	6000000016163273138
Q1373534	6000000007604834204
Q13735345	6000000040361796199
Q1373546	6000000002765877550
Q1373548	6000000042404690129
Q13735990	6000000015107711406
Q13736024	6000000017364750365
Q137360837	6000000221653062798
Q137361009	6000000032395820044
Q137361016	6000000011646937415
Q137361084	6000000080648312206
Q13736160	6000000006822286557
Q13736180	6000000202956674821
Q137361806	6000000099815246840
Q137361875	6000000057470818084
Q137361923	6000000028830861336
Q137361925	6000000028830861331
Q137362174	6000000047407693920
Q137362413	6000000018243626062
Q137362782	6000000147384319821
Q1373633	6000000156183588825
Q137363620	6000000071146934928
Q137364	6000000187473561822
Q137364069	6000000176774662923
Q1373642	6000000150143567844
Q13736441	6000000020253405497
Q1373662	6000000001159005296
Q137367084	6000000020556021282
Q13736737	6000000017999709096
Q1373674	6000000027541029034
Q137367834	6000000011735756736
Q137367949	6000000008870921247
Q137368543	6000000016552628209
Q137368635	6000000036624655289
Q137369177	6000000058756808906
Q137369792	6000000017884305041
Q137370536	6000000003940265176
Q137370802	6000000025904074842
Q137371073	6000000117771772092
Q137371424	6000000221836716826
Q137373964	6000000011737233863
Q137374	6000000042351027253
Q1373742	6000000039351658004
Q13737441	6000000017110470415
Q137374653	6000000023430011574
Q137374687	6000000203753485834
Q137374736	6000000086829565021
Q137374867	6000000042311475621
Q137374879	6000000039260937217
Q137375129	6000000008870777666
Q137375138	6000000008870696972
Q137375142	6000000008870801280
Q1373759	6000000007814111630
Q13737786	6000000017439289833
Q137379813	6000000017662996123
Q137379921	6000000011087567529
Q137380162	6000000024170498343
Q137380278	6000000024942593311
Q137380293	6000000021419217238
Q137380295	6000000021417451443
Q137380296	6000000021418341609
Q137380302	6000000018182360690
Q137380304	6000000008652887162
Q137380306	6000000002577522377
Q137380475	6000000011087517307
Q137380555	6000000019980445927
Q137380654	6000000004273942233
Q137380661	6000000008420795348
Q137380662	6000000001404486533
Q137380710	6000000001404459815
Q137380713	6000000002164999329
Q137380720	6000000003076892502
Q137380726	6000000021120665626
Q137380735	6000000002799053854
Q137380739	6000000002799053869
Q13738074	6000000020813939637
Q137380740	6000000002649884777
Q137380816	366499853380012317
Q13738082	6000000021196778358
Q137380830	6000000057471206827
Q137380831	6000000023186641187
Q137380919	6000000030020612213
Q137380973	6000000002006505755
Q137381013	6000000019469133059
Q137381391	6000000080654963898
Q137381417	6000000015346582432
Q137381549	6000000084384448910
Q137381552	6000000196395117854
Q1373816	6000000011191597165
Q137382182	6000000020072529246
Q137382194	6000000015580761405
Q137382195	6000000006988332843
Q137382202	6000000076191345836
Q137382217	6000000044973406903
Q137382222	6000000016165674245
Q137382235	6000000084650096012
Q137382239	6000000003937839398
Q137382240	6000000003937839371
Q137382242	6000000003939509529
Q137382243	6000000018447110914
Q137382246	6000000003938106627
Q137382247	5087693526450128097
Q137382249	6000000003937839365
Q137382250	6000000003938789208
Q137382251	6000000000646882769
Q137382266	6000000013328308218
Q137382270	4223000877510120793
Q137382271	4223064751740023225
Q137382273	6000000002383341503
Q137382275	6000000008334169450
Q137382313	6000000036370339757
Q137382317	6000000054815729883
Q137382954	6000000125896344966
Q137383036	6000000019217884720
Q137383046	6000000019217918211
Q137383092	6000000015813225721
Q137383107	6000000178311622821
Q137383114	6000000178308505011
Q137383247	6000000064632494102
Q1373834	6000000015125392422
Q137383580	6000000005931474928
Q137383613	6000000006079475919
Q137384315	6000000028300944286
Q137384795	6000000215173738824
Q137384894	6000000023193060451
Q137385032	6000000023194194231
Q137385065	6000000182088226824
Q137385093	6000000182087791841
Q137385185	6000000041571991471
Q137385191	6000000040877272522
Q137385197	6000000052527524902
Q137385207	6000000053687707821
Q137385334	6000000043233323760
Q137385368	6000000194046015823
Q137385739	6000000019556710891
Q1373859	6000000003128812596
Q137386010	6000000016117277607
Q137386192	6000000019556903496
Q137386259	6000000015855879715
Q137386289	6000000019556944446
Q137386312	6000000019871586733
Q137386316	6000000042126457696
Q137386318	6000000005077062072
Q137386330	6000000000239988257
Q137386335	6000000000239988618
Q137386338	6000000036370117251
Q137386403	6000000197098619862
Q137387039	6000000016851435884
Q13739210	6000000019911655201
Q137392477	6000000053261944048
Q13739258	6000000033428679838
Q137392696	6000000015724847533
Q137392753	6000000015667888669
Q1373928	6000000002799137988
Q137392943	6000000014753573974
Q137392971	6000000015739806364
Q137393025	6000000042265738095
Q137393546	309194880820003843
Q137393607	6000000033701778662
Q137394738	6000000017196751850
Q137395003	6000000000789745506
Q137395358	6000000042466186566
Q137395369	6000000042466227484
Q137395970	6000000020885233673
Q137395976	6000000006127576698
Q137395980	6000000026523724092
Q137397208	6000000040789510148
Q137397219	6000000040789591175
Q137397330	6000000007103336677
Q137397453	6000000000863198006
Q13739817	6000000016863213391
Q137398992	6000000032134965920
Q137399108	6000000035329254751
Q137399112	6000000003023672409
Q137399113	6000000003023775420
Q137399114	6000000003010387551
Q137399117	6000000002834938621
Q137399218	6000000032134798609
Q137399420	6000000179929667821
Q13739958	6000000035316185892
Q137399701	6000000012714687220
Q137400863	6000000030964958928
Q137401138	6000000028953079567
Q137401570	6000000026353902392
Q1374031	6000000008744380623
Q137407741	6000000086321836861
Q1374083	6000000005220139155
Q137409770	6000000086321517913
Q137409806	6000000022756456663
Q137410925	6000000120389276033
Q137410957	6000000004932728002
Q137410959	6000000114212501821
Q137410971	6000000114212331821
Q1374127	6000000089104064043
Q1374136	6000000091336632895
Q1374183	6000000023723919621
Q1374215	6000000027847823011
Q13742178	6000000051020446869
Q1374241	6000000181932592901
Q13742432	6000000111153545965
Q13742473	6000000017279408341
Q137424949	6000000022396408024
Q137425225	6000000079259793109
Q137426274	6000000066858899915
Q137426275	6000000066858528927
Q137426923	6000000020309150848
Q137427000	6000000066857185889
Q137427393	6000000014263098300
Q1374280	6000000017523713122
Q137428565	6000000190403965899
Q137428572	6000000117406108948
Q1374289	6000000019310318002
Q137429860	6000000020300146810
Q137430130	5315555373620040546
Q137430154	6000000029115968265
Q1374309	6000000080948154003
Q1374312	6000000068365759821
Q137431518	6000000030883524875
Q137431519	6000000024948366748
Q137431536	6000000080412923432
Q137435451	6000000079252873278
Q1374361	6000000005060996476
Q1374387	6000000033354906048
Q137439045	6000000024544154296
Q137439241	6000000199235134821
Q137439862	6000000002466173963
Q137439863	6000000005791119992
Q137439865	6000000007980389728
Q137439867	6000000007980389777
Q137439868	6000000007980389785
Q137439912	6000000000799760533
Q1374400	6000000004987695419
Q1374405	6000000038211039401
Q137440739	6000000021702802751
Q137441611	6000000023910605986
Q137441650	6000000117405386973
Q137442000	6000000117405239843
Q137442100	6000000033288557926
Q1374430	6000000159275859852
Q1374436	6000000132259746146
Q137443855	6000000021767962098
Q1374446	6000000007633946307
Q1374474	6000000016334070190
Q1374481	6000000029840445094
Q137451247	6000000015119612184
Q1374517	6000000018796649539
Q1374536	6000000008391285738
Q1374545	6000000010037028671
Q137455145	6000000007304598967
Q137455577	6000000040789353588
Q137456093	6000000015346613069
Q1374578	6000000029839467409
Q137458892	6000000017585769541
Q13745902	6000000006589195345
Q137459239	6000000026933682596
Q137459313	6000000007335185335
Q137462691	6000000013406658421
Q137463120	6000000013388898751
Q137463276	6000000013389657474
Q137463800	6000000013651304294
Q137463878	6000000013401525459
Q1374645	6000000000876302020
Q137465443	6000000016749974629
Q137465445	6000000030837318284
Q137466217	6000000018164122888
Q1374668	6000000023190495087
Q1374710	343162772130004564
Q137471046	6000000018164642322
Q1374720	6000000017077643840
Q1374745	6000000025752136832
Q137474546	6000000015620356471
Q13747470	6000000025281828379
Q137476354	6000000004593203694
Q137476584	6000000079448098206
Q137476592	6000000071232804890
Q137476625	6000000025456675053
Q137476746	6000000033287508564
Q137476747	6000000033288217914
Q137476767	6000000033289386495
Q137476999	6000000033288685134
Q137477000	6000000041014948934
Q137477018	6000000010563277381
Q137477026	6000000042234381655
Q137477077	6000000033287705907
Q137477125	6000000134979991031
Q137477219	6000000042234741011
Q137477485	6000000038767324367
Q1374807	6000000071108015965
Q1374817	6000000018490601856
Q1374840	6000000010793011123
Q137484858	6000000064763871851
Q137485031	6000000126177985870
Q137485046	6000000000863243003
Q137485053	6000000000862809991
Q137485055	6000000000863099285
Q137485056	6000000000882965453
Q137485057	6000000000882529835
Q137485080	6000000003077480571
Q137485088	6000000000882832515
Q137485791	6000000018612840016
Q137485864	6000000025456693075
Q137486205	6000000077979988653
Q137487376	6000000039223644270
Q137489547	6000000008298377533
Q1374905	6000000007886758384
Q137491521	6000000072387070133
Q13749183	6000000003422589166
Q13749327	3355356
Q1374938	6000000007390925436
Q137493810	6000000048517502163
Q137494019	6000000013448347502
Q1374941	6000000021951625520
Q1374981	6000000029339840044
Q1374999	6000000034076583459
Q1375019	6000000070730426852
Q1375050	6000000006110380067
Q137505454	6000000000863099158
Q137505596	6000000000885625723
Q137505598	6000000000904665495
Q137505600	6000000000904782209
Q137505607	6000000000904863785
Q137505627	6000000000885570851
Q137505629	6000000000885478775
Q137505630	6000000000885806210
Q137505638	6000000000885664917
Q137505653	6000000000885782313
Q137505655	6000000000894306039
Q137505656	6000000000894327088
Q1375059	6000000013355053560
Q137505920	6000000000904779401
Q137505936	6000000000904774552
Q137505956	6000000011920208370
Q137505973	6000000006252942810
Q137505996	6000000003940429170
Q137506070	6000000000904901430
Q137506081	6000000000904795944
Q137506230	6000000006516576948
Q137506266	6000000077605929292
Q137506784	6000000002014405577
Q137507321	6000000011137020543
Q137507321	6000000190484210821
Q137507767	6000000028789376988
Q1375078	6000000167321345317
Q137509364	6000000001435434339
Q1375094	6000000008241005638
Q137509942	6000000024543889700
Q137509949	6000000024544296905
Q137509953	6000000033174081677
Q137510051	6000000036239501312
Q137510116	6000000011136991093
Q137510167	6000000027377551844
Q137511813	6000000066934943822
Q1375119	6000000000898734277
Q137512401	6000000222857646841
Q137512700	6000000017681916340
Q137512752	6000000054186245217
Q137512825	6000000054185600357
Q137512969	6000000064579587986
Q137512971	6000000215173811821
Q137513840	6000000007589791298
Q137514056	6000000016486591946
Q137515430	6000000015332902738
Q137515489	6000000011615939919
Q137515993	6000000031814427987
Q137515998	6000000016486624445
Q137516005	6000000029470675944
Q137516112	6000000017884002370
Q137516120	6000000032459156036
Q137516137	6000000011640686203
Q137516149	6000000113561857859
Q137516175	6000000017883823983
Q137516206	6000000113580284989
Q1375186	6000000027252182424
Q137519795	6000000030020437430
Q137522419	6000000013888181186
Q137523607	6000000031225216060
Q137523845	6000000038883035161
Q137523860	6000000013888203474
Q137523905	6000000111105839826
Q137523919	6000000094214228830
Q137524370	6000000031954666387
Q137525365	6000000014820591528
Q1375257	6000000179221414879
Q137526516	6000000022436130852
Q137526516	6000000044496965712
Q137527129	6000000015687581084
Q137527175	6000000097832243852
Q137527572	6000000015515377444
Q137527597	6000000031276526953
Q137527794	6000000031276532925
Q137528024	6000000172378020825
Q137528128	6000000034892014992
Q1375304	6000000035988971775
Q137531039	6000000086174593840
Q1375319	6000000021344644050
Q137532996	6000000064762084067
Q137533006	6000000064763512893
Q137533007	6000000064763185872
Q137533222	6000000064763194246
Q137534	6000000031060723864
Q1375341	6000000018820423953
Q137534336	6000000016538887534
Q1375345	6000000000518465422
Q137536530	6000000006951241596
Q137536565	6000000016102046815
Q137538029	6000000000695010335
Q1375381	6000000007435373512
Q137538724	6000000030899322945
Q137542546	6000000034580674069
Q137542589	6000000048004648357
Q137542777	6000000048005462131
Q137542793	6000000048005186915
Q137543064	6000000076926339199
Q137543087	6000000017864875891
Q137543135	6000000017867429568
Q137543155	6000000017867656017
Q137543212	6000000030920385834
Q137543238	6000000017867562311
Q137543280	6000000017867377727
Q137543366	6000000017867025572
Q137543470	6000000029139087809
Q137544913	6000000059587601970
Q137545011	6000000189199877852
Q137545540	6000000207343183870
Q137547781	6000000011579741323
Q137547825	6000000011578976060
Q137548074	6000000041891928881
Q137548264	6000000034869461490
Q1375483	6000000019506794951
Q137548592	6000000008519631982
Q1375506	6000000012423613225
Q137551308	6000000110838427821
Q1375519	6000000005059021663
Q137552221	6000000085090343204
Q137553924	6000000169813813936
Q137554109	6000000029115893675
Q137554202	6000000032312630908
Q137554237	6000000032312683858
Q137554387	6000000020280921837
Q137554844	6000000020283166746
Q137554923	6000000040870117325
Q137555316	6000000021969450397
Q137555452	6000000021969227795
Q137555637	6000000041048011302
Q137555727	6000000021969564047
Q137556114	6000000041048011309
Q1375563	6000000099949249858
Q137556916	6000000040737067048
Q1375583	6000000019135513141
Q1375585	6000000037139108778
Q137559774	4376349961100066565
Q137559908	6000000039121069935
Q137560059	6000000039119983817
Q137561528	6000000015829920869
Q1375642	6000000010744159420
Q137564683	6000000022990040856
Q137565168	6000000000536574713
Q137565204	6000000189720617891
Q137565569	6000000006928969353
Q137565592	6000000006452187515
Q1375663	6000000107632214889
Q137566777	6000000028832634845
Q137566778	6000000198332052826
Q137566779	6000000028830959470
Q137566791	6000000036766914821
Q137567123	6000000012317401224
Q137567851	6000000018608215575
Q137569359	6000000007450827592
Q137569633	6000000068654620875
Q137569810	6000000024971955516
Q137569905	6000000008870560830
Q137569957	6000000037852620389
Q137570001	6000000205481889824
Q137570002	6000000068654537906
Q137570341	6000000205840493829
Q1375704	6000000017328301012
Q137570959	6000000019910602761
Q137571	6000000015679268903
Q137571179	6000000020363177631
Q1375712	6000000036919551839
Q137571325	6000000018916194618
Q1375718	6000000023724095374
Q1375719	6000000000588262794
Q137573535	6000000038642672414
Q137573676	6000000088808878318
Q1375738	6000000137326687956
Q137575136	6000000073183569002
Q1375758	6000000042803434137
Q137575891	6000000013704578711
Q137575901	6000000013704524546
Q1375770	6000000005021048420
Q1375794	4487125860550129305
Q1375794	6000000017634147987
Q137580206	6000000002204051011
Q137580820	6000000213845517822
Q137580881	6000000213845470821
Q1375830	6000000039708187379
Q137583333	6000000109772403824
Q137583334	6000000188911423916
Q137583335	6000000092332875308
Q137583423	6000000007207719524
Q137583662	6000000020309109072
Q137583705	6000000020360941286
Q137584002	6000000019250956427
Q137584131	6000000020355462580
Q137584230	6000000017762096255
Q137584284	6000000036942849640
Q137584671	6000000002635444360
Q1375856	6000000184779697849
Q137585693	6000000024799387750
Q137585709	6000000012343891692
Q137585755	6000000024803451992
Q137585796	6000000024799752943
Q137585826	6000000012375123557
Q137585900	6000000030020279793
Q137586569	6000000216679998870
Q1375875	4440584996610129620
Q137587658	6000000213845434821
Q137587689	6000000196175023838
Q137587746	6000000213845313836
Q1375881	6000000178297184846
Q137588919	6000000018235091351
Q137589765	4116301360820057548
Q137589784	6000000026356194423
Q137589816	6000000026356106367
Q137592717	6000000017897663011
Q137592735	6000000017897659167
Q137592741	6000000017897356516
Q137592748	6000000017896760631
Q1375928	6000000125277310035
Q137592811	6000000036171252877
Q137592827	6000000036171196945
Q137592857	6000000034989552705
Q137592865	6000000049761415821
Q137592889	6000000057571739103
Q137592898	6000000017897655099
Q137592907	6000000073842429838
Q137592997	6000000029469987836
Q137593049	6000000029465892820
Q137593126	6000000029469640251
Q137593132	6000000127718462276
Q137593211	6000000012644042961
Q137593286	6000000096231861147
Q137593346	6000000091381385822
Q137595002	6000000124546898036
Q137595230	6000000024062325134
Q137595406	6000000006290115594
Q137595446	6000000019218003012
Q137595756	6000000012587585046
Q137595790	6000000012643929100
Q137595801	6000000006603888330
Q137595964	6000000018406100216
Q137596017	6000000192689891847
Q137596040	6000000001917256683
Q137596910	6000000017883727991
Q137596931	6000000017884164203
Q137596964	6000000125830783260
Q137597016	6000000133914388848
Q137597430	6000000083888042970
Q137598162	6000000003937912870
Q137598164	6000000003388985510
Q137598306	6000000085091071019
Q137599005	6000000006127732070
Q137599147	6000000019319290038
Q137599151	6000000005596854334
Q137599318	6000000006078388583
Q137599571	6000000083028881289
Q137599647	6000000011276125481
Q137601573	6000000007097873219
Q137601574	364698435570013837
Q137601600	6000000086174219968
Q137601602	6000000000350996250
Q137601603	6000000006442259061
Q137601606	6000000007964063516
Q137601612	6000000006863504234
Q137601613	6000000003419347182
Q137602557	6000000015183986254
Q1376029	6000000016199555472
Q137603150	6000000006290115578
Q137603238	4191876242480065703
Q137603239	6000000000293481365
Q137603244	6000000003938274128
Q137603245	6000000000293478374
Q137603249	6000000003942680144
Q137603255	6000000000293481349
Q137603257	6000000006719655689
Q137603259	6000000003938754796
Q137603271	6000000006719655214
Q137603274	6000000003937829834
Q137603287	6000000004237866914
Q137603292	6000000005566378484
Q137603296	6000000004237866884
Q137603470	6000000028831649822
Q137603648	6000000015183995112
Q137603753	6000000011199181951
Q137603762	6000000011199308894
Q137603764	6000000001562893092
Q137603823	6000000028831649837
Q137604014	6000000046849273899
Q137604076	6000000046847191932
Q137604177	6000000046846988955
Q137604301	6000000002855879335
Q137604327	6000000000128175352
Q137604347	6000000000128175343
Q137604567	6000000193442242846
Q1376050	6000000010788538403
Q137605081	6000000019217837107
Q1376055	6000000083762157014
Q137606191	6000000020703797794
Q137606393	6000000015354226642
Q1376064	6000000027611069720
Q137606618	6000000105842653958
Q137607044	379099249360002707
Q1376074	6000000145851352947
Q137609241	6000000050035087973
Q137610765	6000000193982062837
Q137611469	6000000215783804826
Q137612216	6000000077944373128
Q137612674	6000000008771011433
Q137612676	6000000029322359382
Q1376133	6000000014176972461
Q137613350	6000000004225347260
Q137613362	6000000004225418219
Q137613432	6000000205847551879
Q137613442	6000000093571633821
Q137613535	6000000046845144093
Q137613536	6000000046858301026
Q137613537	6000000046845781018
Q137613538	6000000046848663245
Q137613540	6000000046847198821
Q137613679	6000000057295750840
Q137613679	6000000205847919834
Q137613807	6000000011055995966
Q1376143	6000000015158182795
Q1376159	6000000015013737207
Q1376165	6000000017695823862
Q1376194	6000000186236089852
Q1376227	304802783420002961
Q1376243	6000000103479240857
Q1376248	6000000145786600962
Q137625338	6000000016730483020
Q137625631	6000000183600116172
Q137628172	6000000007633096617
Q137628540	6000000006412974994
Q137628547	6000000012018945042
Q137628551	6000000021136219739
Q1376310	6000000025057188880
Q1376335	6000000023880446734
Q137634764	6000000037724206362
Q137635690	6000000028996382835
Q137635744	6000000013355671664
Q137635800	6000000152285055823
Q137635955	6000000000664408238
Q137635956	6000000016493312001
Q137637268	6000000181870195852
Q137637306	6000000008455446892
Q137637337	6000000035891733434
Q137637460	6000000148136465876
Q137637499	6000000044796980180
Q137637595	6000000085099387953
Q137637639	6000000085100466918
Q137637641	6000000085100516937
Q137637818	6000000028829355376
Q137637889	6000000219194865928
Q137638402	6000000015346298123
Q137640883	6000000004650794449
Q137641112	6000000007353401880
Q1376418	6000000053705277978
Q137642056	6000000004996782157
Q137642331	6000000002802585720
Q1376440	6000000076395137246
Q137645200	6000000019818392537
Q137645275	6000000021789286425
Q137645427	6000000010200601709
Q137645818	6000000027315899802
Q137645868	4118862760480082069
Q137646096	6000000015476126083
Q1376466	6000000004076987723
Q137646828	6000000073752162333
Q137646835	6000000024974186316
Q137646846	6000000073753241961
Q1376473	6000000006238269508
Q137647576	6000000001144086249
Q137647700	6000000001046941079
Q137647786	6000000000975878090
Q137650370	6000000007708731985
Q137650668	6000000042235972066
Q137652155	4977204254290117436
Q137652306	6000000024875780905
Q137652314	6000000009649197384
Q137652333	6000000183600116438
Q137652340	6000000022700232477
Q137652383	6000000022700331413
Q137652433	6000000083079892095
Q137655839	383315812910012408
Q137656465	6000000007435668232
Q137656499	6000000007435641418
Q137657405	6000000021789429241
Q137659501	6000000024789305637
Q137659551	6000000086533193292
Q137659558	6000000024776229986
Q137659652	6000000033647239580
Q137659759	6000000028391966805
Q137660370	6000000007454802224
Q1376604	6000000011170979476
Q137660401	6000000026281291957
Q137660709	6000000026281195942
Q137660711	6000000026281132966
Q137660712	6000000176106862941
Q137660713	6000000003941450847
Q137660714	6000000003941450904
Q137660716	6000000003940014192
Q137660725	6000000007454798178
Q137660730	6000000007454785208
Q137660731	6000000007454769426
Q137660732	6000000006907062090
Q137660798	6000000008550511508
Q137660802	6000000006518050461
Q137660803	6000000195732265857
Q137660804	6000000007454764145
Q137660945	6000000022226793141
Q137661326	6000000033647349474
Q137661666	6000000039289481627
Q137661764	6000000022966948891
Q137662023	6000000038046500473
Q1376632	6000000018672770309
Q137663506	6000000049764324847
Q137663545	6000000049763217880
Q137663642	6000000049757516128
Q137663815	6000000006592228106
Q137663982	6000000020134170164
Q137664131	6000000020134122169
Q1376646	6000000193859452827
Q137664898	6000000009753658422
Q1376667	6000000002028486602
Q137666858	6000000009753907379
Q1376676	6000000002842260018
Q137667713	6000000009753526830
Q137667727	6000000015772792843
Q137667786	6000000009755209579
Q137667863	6000000021789492932
Q137667894	6000000034445014057
Q137668093	6000000007454854290
Q137668304	6000000009753668175
Q137668430	6000000010575359758
Q137668621	6000000018650045565
Q137668626	6000000168670913894
Q137668630	6000000186222165333
Q1376689	6000000176024200016
Q137671474	6000000013494944183
Q1376717	6000000016810842013
Q137672643	6000000008961697252
Q137673779	6000000017764817658
Q137674244	6000000020235499272
Q137674304	6000000004316153009
Q137674307	6000000004315930487
Q137674686	6000000015644377810
Q1376775	6000000043585992089
Q1376784	6000000032885053894
Q137679	6000000012954328054
Q137679645	6000000223109896868
Q137679674	6000000030019142572
Q137680	6000000041251797780
Q1376806	6000000019651776067
Q137681034	6000000001384608566
Q137681161	6000000010648417377
Q1376821	6000000020327880702
Q137682364	6000000163799952823
Q137682409	6000000007204572596
Q137682452	6000000007192577819
Q137682519	6000000081995712847
Q137682833	6000000062293436108
Q137683	6000000012978449802
Q137684703	6000000021526122786
Q137684715	6000000187472455836
Q137684729	6000000043281854302
Q137684730	6000000043281873227
Q137686044	6000000018400429017
Q137686054	6000000018400229505
Q137686283	6000000004391471504
Q137688280	6000000040993114044
Q1376938	6000000003827455175
Q137695130	6000000212149466822
Q137697576	6000000039214649053
Q137697640	6000000002539717236
Q137697653	6000000021398644516
Q137697756	6000000008342725355
Q137697933	6000000017619337522
Q137698704	6000000019583934024
Q137698721	6000000015190638740
Q137698730	6000000019583724523
Q137698758	6000000180216742832
Q1376991	5097336981410062719
Q137700323	6000000086132825920
Q1377004	6000000012677964454
Q137700616	6000000004391294872
Q137700617	6000000013639495848
Q137701247	6000000083048126290
Q137701258	6000000011209484327
Q137701265	6000000015355743874
Q1377013	5130472232780137877
Q137701391	6000000056109533959
Q137701404	6000000056103082906
Q137701427	6000000049594849835
Q137702887	6000000188281083892
Q1377037	6000000134026599977
Q137704184	6000000037864142837
Q137704188	6000000021913627955
Q137704198	6000000006454428368
Q1377043	6000000004575892183
Q137704768	6000000181261615821
Q1377048	6000000032410045924
Q137704961	6000000023370947850
Q1377067	6000000077771284964
Q137707440	6000000037101177383
Q137708618	6000000050620950877
Q137709078	6000000013639470967
Q137709079	6000000079056114984
Q137709418	6000000014946541763
Q137709418	6000000021638326582
Q137709451	6000000037082011900
Q137709557	6000000195732751822
Q137712117	6000000002390907112
Q137712144	6000000187449429848
Q1377143	6000000069986762860
Q1377159	6000000020629967857
Q137716913	6000000043181671654
Q1377174	6000000140786051850
Q137718001	6000000020628223117
Q137719504	6000000036270307968
Q137719778	6000000011786414590
Q137719879	6000000185356021832
Q137719942	6000000141020173840
Q137719947	6000000180855825866
Q1377208	6000000028102872808
Q137721191	6000000025784258431
Q137723063	6000000002918912122
Q137723082	6000000002918912312
Q1377253	6000000026053011899
Q137725593	6000000187448977899
Q137727	6000000012517182256
Q137727329	6000000001316135511
Q1377287	6000000090960698254
Q137730554	6000000113606886828
Q137730571	6000000029616767668
Q137730715	6000000007601685400
Q137730845	6000000015805629853
Q137730847	6000000015805629858
Q137730863	6000000015806731163
Q137730870	6000000015806731169
Q137730893	6000000078963128923
Q137730900	6000000078969911959
Q137730906	6000000078961989968
Q137730915	6000000078959910821
Q137730938	6000000015809118399
Q137731111	6000000020148120050
Q1377317	6000000147249357822
Q137732	6000000007242658393
Q137732328	6000000058007916850
Q137732725	6000000007385638322
Q137732838	6000000011392008932
Q137733993	6000000026353681437
Q137734082	6000000006998436525
Q137734181	6000000078198856552
Q137734184	6000000021808637638
Q137734187	6000000127873996950
Q137734249	6000000000321427361
Q137734265	6000000029639845148
Q137734722	6000000026116959236
Q137734992	6000000018318153007
Q137734993	6000000018317652370
Q137735854	6000000015186012689
Q137736022	6000000008581614951
Q137736147	6000000010754515856
Q137737392	6000000023935289431
Q137737459	6000000008268719078
Q137737495	6000000000141041231
Q137737500	6000000038556295653
Q137737510	6000000158557530843
Q137737567	6000000008518056447
Q137738456	6000000005147825027
Q137738627	6000000036340437910
Q137738755	6000000026354182853
Q137739	6000000159728432829
Q1377426	6000000006754259948
Q137745	6000000032382672978
Q1377468	6000000020269535930
Q1377478	6000000017199292053
Q137752651	6000000142250764885
Q137753134	6000000022652250694
Q137753429	6000000040540002866
Q137753435	6000000040539710354
Q137753448	6000000017737566546
Q137753456	6000000033167297447
Q137753461	6000000042190498526
Q137753475	6000000201511256860
Q137753478	6000000201511366837
Q137753568	6000000010002100732
Q137753713	6000000006944560350
Q137753745	6000000027338777139
Q137754800	6000000145390190824
Q137755356	6000000015354991098
Q137755482	6000000036896600134
Q137755534	6000000018871489510
Q137755690	6000000033304433328
Q1377569	6000000041970520094
Q137757063	6000000025342666805
Q137757194	6000000086713174831
Q137757233	6000000002441097462
Q137757243	6000000002441097358
Q137757265	6000000037141029745
Q137757266	6000000210725642832
Q137757267	6000000001842987176
Q137757499	6000000021418684274
Q137757522	6000000026056190123
Q137757779	6000000041879607142
Q137757807	6000000041879255452
Q137758019	6000000050030596403
Q137758668	6000000016571864495
Q137759020	6000000223261560826
Q137759272	6000000010984013164
Q137759393	6000000012209091762
Q137759406	6000000015630322363
Q137759507	6000000025538147334
Q1377596	6000000001874313121
Q1377596	6000000015313398270
Q137759662	6000000168178262978
Q137759848	6000000009169997032
Q137759989	6000000061700910856
Q137760214	6000000086323050873
Q137761474	6000000018885458502
Q137761676	6000000114310006859
Q137761695	6000000114684530834
Q137761824	6000000008893341753
Q137761861	6000000017257961030
Q137761905	6000000009090671631
Q137761950	6000000126246902998
Q137762403	6000000011002498672
Q137763249	6000000041802231290
Q1377635	6000000093446517934
Q137764099	6000000075523804822
Q137765872	6000000082873087351
Q137766708	6000000026149836203
Q137766716	6000000181130218822
Q137766722	6000000015163699130
Q137767091	6000000066843349981
Q137767353	6000000056278834275
Q137767368	6000000034218608265
Q137767569	6000000012628530453
Q137767984	6000000012148223275
Q137768077	6000000009467308005
Q137768101	6000000128940172875
Q137768104	6000000081191806020
Q137768114	6000000133693837826
Q137768117	6000000133693625892
Q137768303	6000000013173632346
Q1377686	6000000049672024848
Q1377687	6000000039748580918
Q137770487	6000000170818446665
Q137770581	6000000185978212268
Q1377706	6000000050475633917
Q1377708	6000000071019565188
Q137770807	6000000008439942522
Q137770837	6000000039673233053
Q137770982	6000000193039878828
Q137771090	6000000033007716655
Q137771159	6000000181035902842
Q137771229	6000000205044796826
Q1377717	6000000032428597072
Q137773410	6000000010259875816
Q137773420	6000000010260169440
Q137773531	6000000007590734250
Q137773545	6000000007590709218
Q137774046	6000000007319060271
Q137774238	6000000002765870136
Q137774245	6000000013333442226
Q137774257	6000000012013087303
Q137774311	6000000009562229079
Q137774328	6000000010489570630
Q137774338	6000000002903185066
Q137775419	6000000038546177829
Q137775590	6000000010208651747
Q137776602	6000000007345611147
Q137776912	6000000024902988146
Q137776930	6000000030460490973
Q137777123	6000000038569442830
Q137777159	6000000024672971107
Q137777593	6000000218190838850
Q137777673	6000000099455308924
Q137777707	6000000008395435788
Q137777852	6000000015394990546
Q137778144	6000000038729829935
Q1377789	6000000017088015192
Q137779876	6000000011236619204
Q137779964	6000000015770652110
Q137779978	6000000015770483767
Q137779993	6000000021111562248
Q137780091	6000000015770073894
Q137780100	6000000015770683184
Q137780101	6000000015770627448
Q137780102	6000000015770807329
Q137781769	6000000217278639821
Q137782395	6000000035883251012
Q137783409	6000000006173848639
Q137783579	6000000008312607497
Q137784765	6000000195174474828
Q1377854	6000000002116061351
Q137785666	6000000061173998979
Q137786669	6000000008109804619
Q137786717	6000000121886315860
Q137786717	6000000130748954821
Q137786725	6000000025919126276
Q137787167	6000000003516238014
Q1377901	6000000012988306552
Q137790344	6000000171729716961
Q137791355	6000000027702719967
Q137791634	6000000012161220557
Q1377923	6000000010466776471
Q137794356	6000000046570766821
Q137794390	6000000015062015344
Q137794422	6000000015061910522
Q137794439	6000000014656619721
Q137795332	6000000221032573822
Q137795633	6000000057321997329
Q137796275	6000000032777238954
Q137796500	6000000133457751087
Q137796666	6000000033913735617
Q137796932	6000000001634165614
Q137797093	6000000007376852770
Q1377975	6000000023782080892
Q137797784	6000000017926178828
Q1377988	6000000010000414028
Q137798954	6000000010110983898
Q137798966	6000000040064473172
Q137799111	6000000040064471090
Q137799299	6000000023008202705
Q137799547	6000000006127570768
Q137800015	6000000084861214105
Q137800015	6000000087359231064
Q137800016	6000000084860716041
Q137800094	6000000094085086850
Q137800165	6000000045906235682
Q1378019	6000000020931737062
Q1378023	6000000018434706342
Q137802597	6000000023923638396
Q137803383	6000000066663155933
Q137803974	6000000037426689917
Q137804250	6000000033912712718
Q137804838	6000000022319895665
Q137804864	6000000022319813752
Q137804884	6000000022319889739
Q137805098	6000000005767870319
Q1378052	6000000015191825001
Q137805262	6000000017025970776
Q137805770	6000000026725074244
Q137805826	6000000050325656829
Q137805827	6000000050325475992
Q137805828	6000000219356541901
Q137805830	6000000003938159153
Q137805840	6000000050325564125
Q137805842	6000000012412668568
Q137805844	6000000001363784031
Q137805846	6000000006444052882
Q1378059	6000000028873125870
Q137805926	6000000007158972699
Q137805950	6000000185116284837
Q137806081	6000000012412142157
Q137806338	6000000013271202374
Q137806498	6000000029639600379
Q137806500	6000000021185650091
Q137806520	6000000001608913355
Q137806521	6000000007280620559
Q137806522	6000000008386607464
Q137806543	6000000029639873123
Q137806544	6000000008818781384
Q137806546	6000000002908907526
Q137806547	6000000002459877506
Q137806551	6000000008818725520
Q137806552	6000000000424825447
Q137806553	6000000037101468995
Q137806555	6000000003858554939
Q137806559	6000000008385820935
Q137806601	6000000086713337874
Q137806602	6000000007454381786
Q137806605	6000000007454381735
Q137806609	6000000000198037655
Q1378067	6000000074791885821
Q137808	6000000010959327383
Q137808020	6000000023111217038
Q137808021	6000000015842555597
Q137808027	6000000023111371964
Q137808051	6000000020841391831
Q137808053	6000000009430293252
Q137808054	6000000001230674012
Q137808112	6000000082831498061
Q137808114	6000000221136526835
Q137808115	6000000001940267984
Q137808721	6000000024988275267
Q137808723	6000000024988355221
Q137808772	6000000035150163163
Q137809011	6000000010361641443
Q137809663	6000000008495367869
Q137809793	6000000016690181215
Q1378117	6000000044097344534
Q1378118	6000000082014498058
Q137813394	6000000019454266212
Q137813535	6000000015592797862
Q137814333	6000000041235258783
Q1378167	6000000015153000004
Q1378170	6000000013025868596
Q137818682	6000000220315313870
Q1378188	6000000023540562577
Q137819383	6000000016263138277
Q1378213	6000000014199910106
Q137821492	6000000002245634360
Q137821528	6000000097544105827
Q137821537	6000000097544013918
Q137821742	6000000010513313054
Q1378223	6000000081065971917
Q137822361	6000000015346654020
Q137822458	6000000172623058064
Q137822494	6000000015346506960
Q137822524	6000000014961004891
Q137822525	6000000014961461166
Q137822634	6000000002650785319
Q137822649	6000000004302716542
Q137822799	6000000007140067834
Q137822867	6000000012252636850
Q137823047	6000000024158796477
Q137823075	6000000021786661775
Q137823228	6000000050129992834
Q137823252	6000000011857117623
Q137823361	6000000016581721647
Q137823493	6000000003378901289
Q137823582	6000000012557559069
Q137823632	6000000023921178058
Q137823658	6000000106632888869
Q137823779	6000000003938169601
Q137823783	6000000003938169523
Q137823786	6000000008439798346
Q137823805	6000000008439847843
Q137823821	6000000185977968137
Q137823824	6000000185973472497
Q137823825	6000000009543121598
Q137823826	6000000000229536577
Q137823831	6000000000229551564
Q137823832	6000000004094968883
Q137823837	6000000006356908588
Q137823840	6000000006356974310
Q137823841	6000000001274924024
Q137824365	6000000085738480192
Q137824365	6000000085787495276
Q137824365	6000000202374272827
Q137824368	6000000085739185918
Q137824368	6000000085788017321
Q137824429	6000000084433928238
Q137824564	6000000026365246054
Q137824604	6000000021191128802
Q137824649	6000000053391245900
Q137824655	6000000053390739196
Q137824770	6000000022147703647
Q137824777	6000000022147789188
Q137824786	6000000022147851040
Q137824807	6000000063691224835
Q137824810	6000000022147624604
Q137824865	6000000012131540779
Q137825120	6000000018008992382
Q137825126	6000000018009217367
Q137825128	6000000077516031112
Q137825133	6000000018009003997
Q137825142	6000000077514941543
Q137825145	6000000018009862928
Q137825158	6000000048334765840
Q137825162	6000000048334801873
Q137825167	6000000014360037199
Q137825198	6000000043301778502
Q137825207	6000000043301982079
Q137826362	6000000018379097671
Q137826672	6000000197120869905
Q137826680	6000000038134661206
Q137826970	6000000197122205862
Q137827185	6000000011811782441
Q137827232	6000000008449444095
Q137827259	6000000197122170890
Q137827305	6000000197122558837
Q137827348	6000000004219083638
Q137827377	6000000008693142538
Q137827379	6000000197122309868
Q137827380	6000000197121633878
Q1378274	6000000022163599285
Q137827401	6000000008693162560
Q137828146	6000000008549075207
Q137828244	6000000009955740555
Q137828421	6000000087904051885
Q137828601	6000000006978630303
Q137828823	6000000026561706157
Q137829	6000000141078026106
Q137829052	6000000039195550447
Q137829096	6000000024047743835
Q1378295	6000000002229563766
Q1378325	6000000003213712007
Q1378365	6000000083656104956
Q1378371	6000000145522473846
Q1378383	6000000014054498507
Q137838773	6000000024288529122
Q137838898	6000000009578269790
Q1378389	6000000010150091230
Q137838984	6000000008518196667
Q1378396	6000000145516795868
Q137840082	6000000038170846493
Q137840224	6000000032504132664
Q137840281	6000000032504418049
Q137840478	6000000033877370920
Q137840619	6000000016605602061
Q137840869	6000000217150695767
Q137840896	6000000025512818234
Q137840910	6000000011974492400
Q137840974	6000000007874514892
Q137841103	6000000009343047304
Q137841272	6000000024949332048
Q137841803	6000000223450688821
Q137841804	6000000038169100439
Q137842135	6000000175796873829
Q137842222	6000000035891774566
Q137842299	6000000012314528216
Q137842300	6000000020895298649
Q137842320	6000000021387766004
Q137842519	6000000058357715919
Q137842539	6000000007283021694
Q137842555	6000000072323468196
Q137842561	6000000058357856834
Q137842648	6000000064008315166
Q137842662	6000000064008628090
Q137842669	6000000064008558089
Q137842682	6000000001778216988
Q137842683	6000000001778216967
Q137842684	6000000008500754240
Q137842688	6000000009707512344
Q137842697	6000000064008795884
Q137842706	6000000079200586888
Q137842716	6000000058358908926
Q1378428	6000000044456134969
Q137843069	6000000181336050880
Q1378442	6000000027508681137
Q137844300	6000000202165754845
Q137844770	6000000189569550848
Q137845022	6000000187477805828
Q137845140	6000000189561349835
Q137845193	6000000013111639527
Q137845288	6000000187465694976
Q137847297	6000000012397514475
Q137847320	6000000009816602006
Q137847560	6000000034666338146
Q137847589	6000000024537413426
Q137847598	6000000020665445360
Q137847639	6000000026532146707
Q137847802	6000000006782514172
Q137847838	6000000054572578837
Q137847966	6000000016144745125
Q137848140	6000000014070607163
Q137848172	6000000014068781964
Q137848187	6000000014070882311
Q137848218	6000000014071317147
Q137848294	6000000020985344015
Q137848300	6000000014450506870
Q137848344	6000000016483532705
Q137848456	6000000016186546152
Q137848474	6000000016227042385
Q137848484	6000000016565720450
Q137848527	6000000010524273258
Q137848555	6000000016234455295
Q137848684	6000000013246719267
Q137848774	6000000017044440070
Q137848835	6000000013246546093
Q137848903	6000000007426114890
Q1378509	6000000040425544469
Q1378544	6000000007305249193
Q1378548	6000000013855247528
Q137855938	6000000033267372060
Q137855999	6000000034540822908
Q1378560	6000000119023367821
Q137856120	6000000013255671843
Q137856185	5680499405040133055
Q137856493	6000000018567876028
Q137856767	6000000038764783477
Q137857091	6000000024386955869
Q137857176	6000000024386052777
Q137857403	6000000019434580410
Q137857439	6000000022921148337
Q137857449	6000000034867453891
Q137857481	6000000022921079018
Q137857549	6000000016320321496
Q137857702	6000000016320302645
Q137857953	6000000007183668793
Q137858	6000000001180350064
Q137858039	6000000009065920486
Q137858060	6000000035347957086
Q137858279	6000000004178341727
Q137858294	6000000010348830001
Q137858327	6000000007352596465
Q137858334	6000000007522829744
Q137858398	6000000030357048652
Q137858670	6000000004954043575
Q137858687	6000000034732984993
Q1378587	6000000015228403772
Q137858709	6000000129605898821
Q137858747	6000000010239779797
Q137858749	6000000028022677826
Q137858775	6000000026886696087
Q137859089	6000000087870290836
Q137859116	6000000087870428822
Q137859192	6000000030918403385
Q137860153	6000000185114650857
Q1378606	6000000208961480884
Q137860719	6000000014450322898
Q137860720	6000000002494834005
Q137860911	6000000013175778342
Q137861261	6000000016786581609
Q137861271	6000000016793671464
Q137861282	6000000019990300936
Q1378614	6000000109129021861
Q137861538	6000000016762871632
Q137861541	6000000074313298123
Q137861554	6000000016762697648
Q137861582	6000000017930938467
Q1378618	6000000026716311335
Q137861893	6000000020180676550
Q137862150	6000000019965636798
Q137862252	6000000019966043113
Q137862442	6000000019989266292
Q137862454	6000000019989567524
Q137862467	6000000024406285575
Q137862570	6000000037619863605
Q137862648	6000000016155203005
Q137862733	6000000016110843063
Q137862792	6000000017174889460
Q137862817	6000000016615401729
Q137862833	6000000029362828442
Q137863046	6000000016155219762
Q137863837	6000000012188716437
Q137864065	4820316846520061680
Q137864167	4820320964660028049
Q137864290	4553005902440023700
Q137864298	4553005902490023701
Q137865040	4482296042500129067
Q137865412	4475277828200023749
Q137865803	6000000019024380283
Q137866044	4837128641010028642
Q137866199	4837128673420021849
Q1378662	6000000143242336202
Q1378676	6000000009468223458
Q137867778	6000000009577211662
Q137867849	6000000008079109679
Q137868574	6000000033759368822
Q1378690	6000000071407112198
Q137869123	6000000027916306407
Q1378698	6000000004593226188
Q137871979	6000000011123993096
Q137872170	6000000011682786626
Q137872372	6000000008190797758
Q137872762	6000000029710052082
Q137872835	6000000007328454422
Q137872852	6000000022306815389
Q137872888	6000000022307245824
Q137873049	6000000007160811436
Q1378735	6000000011028324895
Q137878728	6000000076961828219
Q137880254	6000000020316104830
Q137881649	6000000083205796015
Q137882994	6000000016144526342
Q137883025	6000000016487042123
Q137883049	6000000016483169484
Q137883078	6000000016104768888
Q137883301	6000000112647863832
Q1378835	6000000021913617379
Q137883630	6000000022483918193
Q137883636	6000000009783379450
Q137883649	6000000011090279776
Q137883680	6000000026274645444
Q137883734	6000000016235220506
Q137883745	6000000016787213821
Q137883793	6000000016235760040
Q137883800	6000000016803360702
Q137883808	6000000016803226942
Q137884029	6000000016910706719
Q1378842	6000000058376834943
Q137884232	6000000078735555136
Q137884307	6000000011088863132
Q1378847	6000000007408457003
Q137885066	6000000008615244837
Q137885133	6000000014372603009
Q137885487	6000000018116826300
Q137885520	6000000016563734275
Q137885584	6000000003483799713
Q137885625	6000000018368565543
Q137885628	6000000003483893496
Q137885682	6000000019702082201
Q137885700	6000000016793099986
Q137885787	6000000025513587320
Q1378858	6000000011605128343
Q137885849	6000000009331365899
Q137885884	6000000028203570151
Q137886385	4080324156760025935
Q137886467	6000000036747637959
Q137886470	6000000042005656836
Q137886487	6000000124477268881
Q137886505	6000000105369384973
Q137886612	6000000183781357444
Q137886614	6000000027705438160
Q137886616	6000000203955498835
Q137886620	6000000203955735822
Q137886998	6000000019935375989
Q137887324	6000000019934223818
Q137887332	6000000019934212954
Q137887418	6000000019938030060
Q137887426	6000000019911193966
Q137887489	6000000002553519149
Q1378879	6000000009440991288
Q137889928	6000000022714131286
Q137893512	6000000022714130749
Q137893516	6000000022713988523
Q137895261	6000000022713939635
Q137895273	6000000022714075673
Q137895881	6000000031969462259
Q137895915	6000000031971302127
Q137895916	6000000022714374156
Q137895917	6000000031969863685
Q137895918	6000000022714424504
Q137895919	6000000038143499451
Q137896041	6000000031971257125
Q137896060	6000000015184355136
Q137896062	6000000031971559875
Q137896089	6000000022713965464
Q1378961	6000000015155397860
Q137896521	6000000014120909333
Q137896893	6000000022714425917
Q137897355	6000000031970492539
Q137897359	6000000022714501848
Q137897363	6000000031970292609
Q137897367	6000000024061771007
Q1378995	4142189
Q1379	6000000002969918626
Q1379000	6000000005334691006
Q137900139	6000000031970492492
Q137900175	6000000024061693967
Q137900188	6000000031970051702
Q137900207	6000000036692841165
Q137900208	6000000031969863444
Q137900210	6000000198287987832
Q137900213	6000000022722123628
Q137900299	6000000022714319432
Q1379005	6000000002764484743
Q137900587	6000000203512244890
Q137900597	6000000007835015363
Q137900626	6000000027056071839
Q137900643	6000000027055651889
Q137900706	6000000010096153592
Q137900717	6000000006595343378
Q137900850	6000000007313236590
Q137900861	6000000027192173751
Q137900870	6000000029369999078
Q137900884	6000000009457395523
Q137900903	6000000002347166612
Q137900944	6000000012044630208
Q137901008	6000000028429452636
Q137901010	6000000051021431957
Q137901013	6000000001360677355
Q137901027	6000000012723800032
Q137901028	6000000001360677362
Q137901073	6000000016652819476
Q137901080	6000000012909173460
Q137901082	6000000013682032928
Q137901083	5611678334570060027
Q137901102	6000000013818767836
Q137901245	6000000108666174030
Q137901323	6000000108667413821
Q137901554	6000000080697896889
Q137901566	6000000080697702959
Q137902263	6000000048065191850
Q137902265	6000000015738197178
Q1379029	6000000021250279590
Q137903136	6000000224923275893
Q1379052	6000000003649663347
Q137906	4229916861440069622
Q1379066	6000000033737744855
Q137907299	6000000002764501766
Q137907305	6000000027273188862
Q137907309	6000000002764501776
Q137907353	6000000027274284924
Q137907358	6000000002399877934
Q137907404	6000000002400191827
Q137907465	6000000013408546839
Q137907478	6000000024449348880
Q137907676	6000000189865700854
Q137907712	6000000023387814934
Q137907727	6000000016509766202
Q137907738	6000000016519002067
Q137907760	6000000019910900753
Q137907767	6000000019911470155
Q137908420	6000000031283528105
Q137908561	6000000017289400291
Q137908659	6000000019701599473
Q137908669	6000000016762592391
Q137908711	6000000019994449293
Q137908715	6000000019990261852
Q137908742	6000000026724645692
Q137908751	6000000017088010236
Q137908762	6000000017088066110
Q137908776	6000000026726217950
Q137908792	6000000016765242213
Q137908815	6000000026726177832
Q137908830	6000000017088180711
Q137908839	6000000017088957099
Q137908871	6000000019990241439
Q137908910	6000000024346015923
Q137908956	6000000017934850690
Q137908961	6000000017934663876
Q137908965	6000000016793671475
Q137909028	6000000016805533978
Q137909032	6000000016787241089
Q137909050	6000000016110884528
Q137909118	6000000012715070315
Q137909144	6000000011648896780
Q137909259	6000000017039436386
Q137909265	6000000016988994487
Q137909298	6000000016142121513
Q137909433	6000000016148633322
Q137909449	6000000042830877137
Q137909454	6000000016144752350
Q137909465	6000000018357658205
Q137909507	6000000016144102155
Q137909639	6000000016483800505
Q137909645	6000000013708443698
Q137909666	6000000081869692167
Q137909686	6000000010522567111
Q137909713	6000000016217066162
Q137909753	6000000016311007324
Q137909781	6000000013704877974
Q137909876	6000000019989412697
Q137909885	6000000016310439302
Q137910007	6000000016348800626
Q137910025	6000000016348664721
Q137910038	6000000016608414357
Q137910048	6000000016607640904
Q137910067	6000000016608319653
Q137910103	6000000016348552518
Q137910119	6000000002659217312
Q137910221	6000000010984633306
Q137910265	6000000203318610838
Q137910268	6000000008678444310
Q137910493	6000000007096347488
Q137910612	6000000083095954147
Q137910905	6000000008426813358
Q137911381	6000000022247893443
Q1379119	6000000035542311126
Q137916827	6000000019950507686
Q137916845	6000000024669969966
Q137916878	6000000026064547738
Q137916917	6000000026064897022
Q137916931	6000000055398507951
Q137917229	6000000016484381496
Q137917451	6000000016186481483
Q137917503	6000000017681336482
Q137917514	6000000017682647631
Q137917526	6000000187445218828
Q137917552	6000000017682912833
Q137917768	6000000187428813861
Q137917778	6000000025203648267
Q137917789	6000000025203625339
Q137917794	6000000016663633559
Q137918072	6000000025182828116
Q137918102	6000000027972207044
Q137918731	6000000008842277564
Q137918759	6000000003963250995
Q1379189	6000000017857612680
Q137918997	6000000202254347850
Q137919314	6000000006959353420
Q137919375	6000000033963191803
Q137919549	6000000013581051218
Q137919668	6000000006935687733
Q137920052	6000000122520217868
Q137920178	6000000095696560009
Q137920348	6000000025308651174
Q137920349	6000000025308611129
Q137920400	6000000025308870893
Q137920405	6000000025308042666
Q137921087	6000000051025958839
Q1379214	6000000059154875880
Q137921413	6000000010111978994
Q137921655	6000000174789589957
Q137921934	6000000037168920317
Q137921946	6000000083748896076
Q137921963	6000000021618786755
Q137922035	6000000018722922770
Q137922310	6000000017198064092
Q1379233	6000000179166487871
Q137923855	6000000007879576541
Q137923926	6000000017680007334
Q137923932	6000000007891455214
Q137923946	6000000018057632566
Q137924003	6000000012044005454
Q137924112	6000000018057677747
Q137924132	6000000183866923822
Q137924146	6000000221226577006
Q137924152	6000000012044068775
Q137924155	6000000012044068789
Q137924234	6000000032811418128
Q137924249	6000000018638221247
Q137924287	6000000017762309196
Q137924303	6000000021528268006
Q137924309	6000000222205704868
Q137924325	6000000011573703652
Q137924332	6000000008889785348
Q137924344	6000000018057299533
Q137924362	6000000074796390852
Q137924383	6000000074795938090
Q137924422	6000000185954330840
Q137924474	6000000014562707128
Q137924583	6000000014562641415
Q137924698	6000000102659835068
Q1379250	6000000208175608823
Q137925252	6000000002541570857
Q137925345	6000000014451053229
Q137925353	6000000014451104042
Q137925368	6000000018058462288
Q137925408	6000000073755654209
Q137925454	6000000014451106093
Q137925484	6000000024462992146
Q137925493	6000000023741460630
Q137925500	6000000009083555687
Q137925502	6000000023697725324
Q137925556	6000000009083613594
Q137925610	6000000005125354007
Q137925783	6000000036980313051
Q137925808	6000000025780832834
Q137925824	6000000036977084862
Q137925825	6000000036976749324
Q137925828	6000000076886461001
Q137925845	6000000024465739992
Q137925858	6000000076886758909
Q137925861	6000000023697468669
Q1379260	6000000014313147656
Q137926001	6000000023741375525
Q137926221	6000000026648027143
Q137926445	6000000010627578820
Q137926458	6000000055400351964
Q137926566	6000000073191157058
Q137926583	6000000052843053880
Q137926697	6000000057593535900
Q1379269	6000000012238470283
Q1379277	6000000090964012882
Q1379281	6000000024449533296
Q1379282	6000000025385055797
Q1379287	6000000030993698243
Q1379320	6000000114249311857
Q1379402	6000000000852895131
Q137940648	6000000016352645340
Q137940718	6000000112295369121
Q137940797	6000000006775749172
Q137940907	6000000016552104763
Q137940923	6000000016281089355
Q137940979	6000000038367728763
Q137942640	6000000083602537128
Q137942735	6000000007891656608
Q137942750	6000000175248636068
Q137943036	6000000015708349974
Q137943075	6000000032128544276
Q137943195	6000000028864144567
Q137943300	6000000007924854799
Q137943302	6000000006889827486
Q137943312	6000000003399611677
Q1379435	6000000025446103796
Q1379441	6000000011242909449
Q137944654	6000000017726298530
Q137945067	6000000064222915162
Q137945213	6000000082517061712
Q1379454	6000000013823609895
Q137945768	6000000001823989089
Q137945818	5587253170120057731
Q137945978	6000000219171295072
Q137946040	6000000219171295066
Q137946046	6000000023254357752
Q137946149	6000000008541231276
Q137946202	6000000190856939823
Q137946212	6000000012344619659
Q137946220	6000000012344748682
Q137946268	6000000012512373731
Q137946272	6000000016727201326
Q137946777	6000000039089327067
Q137946781	6000000039088801724
Q137947218	6000000218191119832
Q137947285	6000000013114044527
Q1379473	6000000007014406874
Q137947357	6000000031434900350
Q137947365	6000000031434652713
Q137947374	6000000031456388350
Q137947388	6000000031456549132
Q137947406	6000000031476803208
Q137947418	6000000031497262826
Q137947427	6000000031496814548
Q137947448	6000000031521493381
Q137947453	6000000031521792842
Q137947464	6000000031548672025
Q137947502	6000000011735481131
Q137947531	6000000011527943591
Q137947556	6000000011735917366
Q137947566	6000000019569493576
Q137947598	6000000026066285347
Q1379477	6000000048924143890
Q137947744	6000000026065522762
Q137947826	6000000069917579821
Q137947854	6000000011735625425
Q137948270	6000000058023691684
Q1379495	6000000114602345821
Q137951357	6000000018168083305
Q137951737	6000000009936119550
Q1379524	6000000008662658256
Q137955004	6000000009935993198
Q1379562	6000000081190554962
Q1379575	6000000001504816640
Q137957923	6000000025052387841
Q137958714	6000000096978801884
Q137958818	6000000037740862519
Q1379589	6000000145230368926
Q137959030	6000000025410420403
Q137959616	6000000037503277215
Q137959619	6000000037741583093
Q1379602	6000000150809374832
Q1379609	6000000090015694331
Q137960919	6000000037741577967
Q137961106	6000000196940913886
Q1379615	6000000011395007044
Q1379631	6000000017926361321
Q1379643	6000000007954206367
Q1379647	6000000026763294859
Q1379650	6000000019223390569
Q137969312	6000000021636912877
Q137969374	6000000054185241021
Q137969386	6000000223634583980
Q137969391	6000000223634662901
Q137969402	6000000018593353720
Q137969713	6000000023649027778
Q137969762	6000000018779937356
Q137969952	6000000072744686918
Q137970456	6000000008625194373
Q137970716	6000000050883063833
Q137971000	6000000028280518637
Q137971075	6000000028262365199
Q137971188	6000000043151847233
Q137971235	6000000020183621204
Q137971247	6000000003781123456
Q137971330	6000000003781034899
Q137971331	3346882
Q137971362	6000000042916680417
Q137971363	6000000042916565405
Q137971366	6000000000435399317
Q137971367	6000000017389049425
Q137971370	6000000006252050309
Q137971372	6000000003076070684
Q137971373	6000000001737662380
Q137971375	6000000001737785706
Q137971377	6000000001555950204
Q137971382	6000000000435401096
Q137971387	6000000006110947276
Q137971520	6000000003076032154
Q137971521	6000000003938278846
Q137971595	3155363
Q137971657	6000000003076908953
Q137972057	6000000018501266506
Q137972082	6000000018501626147
Q137972106	6000000017545390115
Q137972172	6000000029361365135
Q137972360	6000000222063442823
Q137972615	6000000008560804190
Q137972657	6000000008560985204
Q137972675	6000000035541001004
Q137972811	6000000018473181076
Q137972818	6000000015803478060
Q137973068	6000000158557113905
Q137973318	6000000017934592195
Q1379751	6000000052821267946
Q1379792	6000000157544281834
Q1379822	6000000041032457413
Q137983	6000000153725904833
Q1379844	6000000001308901905
Q1379876	6000000026507982429
Q137988408	6000000168144413991
Q137988411	6000000022568466271
Q137988473	6000000016173910061
Q137989050	6000000224256284858
Q1379895	6000000178915480835
Q1379919	6000000157607577898
Q1379926	6000000009717760685
Q137993859	6000000120389661821
Q137993860	6000000122760811093
Q137994250	6000000053775237960
Q137994615	6000000096533545955
Q137995000	6000000186226062213
Q137995001	6000000186225234252
Q137995185	6000000011863107877
Q137995333	6000000052541855821
Q137995499	6000000022657528655
Q137995530	6000000017884880160
Q137995550	6000000022657599281
Q137995578	6000000009335683086
Q137995582	6000000009335868750
Q137995583	6000000022657601188
Q137995585	6000000012196999535
Q137995598	6000000012196884382
Q137995602	6000000003111580235
Q137995609	6000000175234622891
Q137995627	6000000175235156838
Q137995637	6000000041975211673
Q137995665	6000000175243660144
Q137996322	6000000105911695323
Q137996398	6000000109876565851
Q137996501	6000000109491799850
Q137996531	6000000109491698911
Q137996547	6000000109491945898
Q137996589	6000000073188617221
Q137996623	6000000175246706849
Q137996705	6000000086913774198
Q137996745	6000000086914608844
Q137996778	6000000034150708932
Q137996793	6000000086914205015
Q137996851	6000000017564904020
Q137996862	6000000017564566741
Q137996870	6000000034150638996
Q137996896	6000000043440408091
Q137996900	6000000043676804856
Q137996908	6000000017564461886
Q137996952	6000000086914589845
Q137997256	6000000055156321012
Q137997520	6000000015638507756
Q1379980	4662550
Q137999526	6000000003122325028
Q137999556	6000000001554283214
Q138000163	6000000006589193307
Q138000167	6000000006589193314
Q138000171	6000000003353193351
Q138000172	3810353
Q138000175	6000000006589193696
Q138000177	6000000004305179702
Q138000179	6000000004175606706
Q138000181	6000000004305016211
Q138000558	6000000009403689219
Q138000723	6000000057544649144
Q138000724	6000000057545494877
Q138000960	6000000025861594345
Q138002051	6000000026957086711
Q138002052	6000000026958925461
Q138002053	6000000034246346860
Q138002055	6000000006768171954
Q138002066	6000000026958943577
Q138002067	6000000007031949526
Q138002070	6000000000944802036
Q138002128	6000000000336260143
Q138002130	6000000000336249899
Q138002131	6000000000336260623
Q138002149	6000000000336249881
Q138002175	6000000004058495524
Q138002246	6000000006935952324
Q138002252	6000000006935479712
Q138002255	6000000021593841924
Q138002259	6000000001064971701
Q138002262	6000000011612897532
Q138002264	6000000021594147149
Q138002265	6000000021594082773
Q138002274	6000000010211834817
Q138002276	6000000014527584828
Q138002281	6000000047620552007
Q138002289	6000000030257541428
Q138002301	6000000037737479026
Q138002311	6000000029361287421
Q1380024	6000000037870879034
Q138003635	6000000006734388464
Q138004975	6000000017123681310
Q138004994	6000000207679416822
Q138005	6000000029285559836
Q138005004	6000000031189169316
Q138005018	6000000049746898861
Q138005037	6000000031798575892
Q138005054	6000000017992213298
Q138005460	6000000031190163843
Q138005464	6000000031189828314
Q138006182	6000000024987592814
Q138007225	6000000017962632717
Q138007247	6000000017963661431
Q138007257	6000000017964067321
Q138007272	6000000017992244464
Q138007378	6000000134665767903
Q138007387	6000000134665089051
Q138007437	6000000064796699006
Q138007452	6000000016372128158
Q138007453	6000000059102401377
Q138007463	6000000031798348929
Q138007601	6000000016313745197
Q138007619	6000000016593821823
Q138007687	6000000086853676979
Q1380079	6000000016474882952
Q138008298	6000000006918191307
Q138008566	6000000016508490281
Q138008652	6000000134785748929
Q138009599	6000000037017126025
Q138009702	6000000024278990757
Q138009727	6000000005083132788
Q1380098	6000000091844725860
Q138009850	6000000042311341836
Q138010424	6000000011368016805
Q138010765	6000000049172633832
Q138011203	6000000083398549129
Q138011324	6000000084953939108
Q138011403	6000000034677879173
Q138011742	6000000215454660867
Q138012031	6000000091874547900
Q138012331	6000000027702573384
Q138012452	6000000030178215032
Q138012599	6000000210468358835
Q138012873	6000000034849326759
Q1380129	6000000004666712344
Q138012981	6000000024047140899
Q138013146	6000000210396870822
Q138014009	6000000008478971936
Q138016297	5676627548030033712
Q138016424	6000000008429490577
Q138016455	6000000016976471310
Q138016456	6000000042808481505
Q138016485	6000000026384335780
Q138016560	6000000012123560453
Q138016566	6000000012123367725
Q138016585	6000000011535538360
Q138016587	6000000011558722297
Q138016942	6000000034729133205
Q138017057	6000000034730586891
Q1380171	6000000144177389997
Q138017429	6000000000006983499
Q138017895	6000000121088210171
Q138017978	6000000024902671357
Q138017981	6000000010361535557
Q138017998	6000000072072681856
Q138018002	6000000072072588978
Q138018007	6000000010848992493
Q138018046	6000000173520821877
Q138018359	6000000031885860391
Q138018401	6000000190104105823
Q138018428	6000000024612619893
Q138018444	6000000036977244472
Q138018555	6000000024447151213
Q138020162	6000000014662429733
Q138020225	6000000045558054900
Q138020272	6000000002152536769
Q1380238	6000000006146016186
Q138024077	6000000173470233036
Q138024079	6000000119213669829
Q138024789	6000000081359583083
Q138025312	6000000084142603548
Q138025757	6000000037131238633
Q138026024	6000000084662307958
Q138026642	6000000204857844983
Q138026644	6000000204858361842
Q138026646	6000000204858122824
Q138026647	6000000022762545317
Q138027113	6000000009637783160
Q138027150	6000000025524396840
Q138027367	6000000015364179392
Q138028800	6000000012089662452
Q138029622	6000000008559739276
Q138029654	6000000017897521064
Q138029667	6000000008075194300
Q138029680	6000000010525499124
Q138029692	6000000007454480727
Q138029697	6000000009957010237
Q138029752	6000000007594961715
Q138029818	6000000178222251857
Q138029903	6000000014639808593
Q138029910	6000000014582393660
Q138029919	6000000022875532711
Q138029925	6000000008079175803
Q138030853	6000000003719262075
Q138031421	6000000039983434610
Q138031451	6000000005250579057
Q138031804	6000000012089587678
Q138032142	6000000018199029204
Q138033498	6000000025524332147
Q138033509	6000000069656373996
Q138033510	6000000029279421795
Q138033513	6000000069656458978
Q138033521	6000000007511102862
Q138034464	6000000008598342893
Q138035002	6000000025524451847
Q138035029	6000000022471418158
Q138035037	6000000022471154218
Q138035055	6000000022471599959
Q138035300	6000000022199113316
Q138035318	6000000015162059254
Q138035421	6000000180581585848
Q138035456	6000000031085877145
Q138035501	6000000017962547920
Q138035569	6000000036348785065
Q138035917	6000000029308814487
Q138036365	6000000052562506005
Q138036381	6000000007279799739
Q138038064	6000000000196405659
Q138040388	6000000029787181128
Q138040400	6000000020691540306
Q138040444	6000000020691540313
Q138040726	6000000014593751688
Q138040762	6000000014594107368
Q138041379	6000000008592131455
Q138041447	6000000032147585623
Q1380425	6000000151480027831
Q1380436	6000000091904553866
Q1380457	6000000006617787005
Q138048050	6000000021679420226
Q138048494	6000000025645159882
Q138048758	6000000019328982913
Q138048779	6000000019329329083
Q138048814	6000000039011350780
Q138048964	6000000064659626859
Q1380490	6000000048137691870
Q138049082	6000000004128365031
Q1380497	6000000143118855135
Q138049730	6000000010752002933
Q138049897	6000000001419867380
Q138049948	6000000024180322657
Q138050002	6000000084366988137
Q138050016	6000000084367527206
Q138050023	6000000094775774122
Q138050026	6000000094776317997
Q138050895	6000000150221553832
Q138050922	6000000015129427688
Q138050928	6000000016457573781
Q1380516	6000000114738540865
Q138053	6000000027587821022
Q1380534	6000000046250238860
Q1380592	6000000174263624513
Q138060206	6000000033140698256
Q13806339	6000000007169400860
Q1380645	6000000004540538210
Q138065937	6000000011489483260
Q138065963	6000000011490297199
Q138066212	6000000005406522443
Q138066325	6000000011615917762
Q138066349	6000000094084954851
Q1380695	6000000007084038034
Q138073	6000000125475894834
Q1380734	6000000019259227870
Q138076	6000000090022300842
Q1380765	6000000157024849847
Q1380772	6000000000261477848
Q138078667	6000000010927675385
Q1380793	6000000026729663531
Q138081705	6000000206529201861
Q138081718	6000000033140894849
Q138081725	6000000018513798554
Q138081776	6000000033141067184
Q138081777	6000000067497502843
Q1380819	6000000081116973032
Q138083531	6000000026311701195
Q138084364	6000000018869113304
Q138084526	6000000026311095621
Q138084993	6000000023234034837
Q13808714	6000000012546045635
Q138088200	6000000067471367955
Q138089227	6000000013475443906
Q1380904	6000000024319849958
Q138090470	6000000013468041496
Q138092116	6000000019012530084
Q138094547	6000000009893559457
Q138094850	6000000006429785063
Q1380966	6000000006125448136
Q138097314	6000000009900860526
Q138097778	6000000013468377152
Q138097783	6000000016172070642
Q1381	6000000036177153286
Q138100900	6000000016171716446
Q138101556	6000000022305898845
Q1381018	6000000083361534968
Q138101979	6000000020704956763
Q138103000	6000000013469926506
Q138105	6000000013267278496
Q1381060	6000000000985004386
Q138106799	6000000083936630055
Q138107778	6000000049496928232
Q138109159	6000000205201817829
Q138109217	6000000205185197825
Q138109253	6000000205206352874
Q138109556	6000000065449606937
Q138110549	6000000210007609822
Q138111502	6000000013475283096
Q138112221	6000000021528112870
Q138112446	6000000018470898427
Q138112449	6000000027574073701
Q1381136	6000000082850645159
Q138115455	6000000037324249557
Q138115648	6000000024946908596
Q1381228	6000000006567159446
Q1381327	6000000016488779898
Q138138782	6000000024386786181
Q1381389	6000000008915561074
Q138139929	6000000081039837176
Q138140352	6000000024387256417
Q1381411	6000000040535252595
Q138141157	6000000013416788374
Q138141564	6000000017714418794
Q138141735	6000000050685365406
Q138141775	6000000008725793825
Q138141847	6000000030980212613
Q138141895	6000000015521457885
Q138142467	6000000024387257106
Q138143811	6000000003679121566
Q138143879	6000000004105167764
Q138144428	6000000031246793022
Q138144449	6000000014036919565
Q1381448	6000000166931775835
Q1381480	6000000001442951093
Q1381512	6000000019734734388
Q13815194	6000000016681909153
Q138152161	6000000215691686822
Q138152179	6000000215691854835
Q138153168	6000000017689571176
Q138153249	6000000007943858557
Q138153278	6000000174813615948
Q13815388	6000000036672560995
Q138154646	6000000013474921866
Q138155	6000000006127668009
Q138155226	6000000024848984520
Q138155230	6000000025006174378
Q138155234	6000000024848980704
Q138155311	6000000028503775553
Q138155353	6000000013206516447
Q138155390	6000000070710604880
Q138155511	6000000050940423286
Q138155542	6000000013206565262
Q138155783	6000000008996524554
Q138156	6000000009875906389
Q138156552	6000000007749605409
Q138156898	6000000013486535715
Q13815743	6000000016164290035
Q138158	6000000019429764615
Q13815873	6000000070666640109
Q138161794	6000000131179646879
Q138162677	6000000105432832939
Q138162679	6000000013632054822
Q1381628	6000000031446768464
Q138165202	6000000012297824847
Q1381657	6000000000889183368
Q138165700	6000000131172943821
Q1381661	6000000042326552327
Q138166185	6000000160106550874
Q138166696	6000000080741748821
Q138168406	6000000009092089188
Q138168454	6000000008501802287
Q1381689	6000000009140512575
Q1381692	6000000020152728690
Q1381694	6000000016661160732
Q1381701	6000000010028095839
Q1381703	6000000031001257230
Q1381715	6000000037849272938
Q138171880	6000000015403285234
Q13817203	6000000036846275039
Q1381724	6000000045534067822
Q1381744	6000000090979751885
Q1381783	6000000022940808400
Q1381825	6000000000496551635
Q1381834	6000000173881283013
Q138185	6000000047193086996
Q138185280	6000000222741586867
Q1381853	6000000024331162023
Q138185878	6000000017443176922
Q138186046	6000000012999655015
Q1381872	6000000009414128300
Q138187643	6000000009975176546
Q138189506	6000000011643834043
Q138190	6000000017775689743
Q138192232	6000000025359379971
Q138193409	6000000096334094890
Q138194200	6000000105440678897
Q138194553	6000000105438594386
Q13819600	6000000017366092170
Q138196137	6000000068138385924
Q13819633	6000000013689825243
Q1381971	6000000054019266830
Q138197115	6000000021177616034
Q138197145	6000000020788537339
Q1381974	6000000069268326038
Q138197909	6000000215284169821
Q138197910	6000000215283945822
Q138198079	6000000070866394821
Q1381985	6000000148586744886
Q1381986	6000000022874459530
Q1381991	6000000025965464338
Q138199477	6000000214607199830
Q13819949	6000000002678623573
Q138199515	6000000215285191835
Q138199634	6000000214607577821
Q138199637	6000000215284944825
Q138199641	6000000215284800851
Q138199645	6000000214607467824
Q1382002	6000000035723340360
Q138200556	6000000178395896828
Q138200598	6000000048500158215
Q1382008	6000000112515537770
Q138201617	6000000178395768858
Q138201689	6000000214132849834
Q138201700	6000000041411427847
Q138201701	6000000039944569398
Q1382024	6000000037076007618
Q138202670	6000000025421202957
Q138202682	6000000015809074435
Q138202682	6000000223784289135
Q138202692	6000000214195396821
Q138202703	6000000025417568489
Q138202712	6000000015823952821
Q138202712	6000000223790745937
Q138203776	6000000002644992118
Q138205340	6000000025928088926
Q138205454	6000000000678887227
Q138205541	6000000015805395139
Q138205716	6000000009979472187
Q1382058	6000000065600603886
Q138206485	6000000014981169240
Q1382065	6000000000720008711
Q138208401	6000000021662739182
Q138208667	6000000006595632301
Q138209121	6000000154339726856
Q138209163	6000000014032748916
Q1382113	6000000027268459595
Q1382139	6000000020708365340
Q1382160	6000000148176818821
Q1382171	6000000018866290082
Q1382180	6000000001851045506
Q1382187	6000000023527983288
Q138221833	6000000013482327927
Q138222216	6000000013482560061
Q138222813	6000000007432363239
Q138223365	6000000013482283050
Q138225857	6000000000667785396
Q138226176	6000000185725859043
Q138226685	6000000002100099149
Q138227449	6000000015594250443
Q1382278	6000000017666416875
Q1382281	6000000006125609239
Q1382297	6000000017917153081
Q1382306	6000000022659808607
Q1382316	6000000024331193815
Q1382326	6000000035720476986
Q1382368	6000000043544789090
Q1382402	6000000026076589438
Q1382471	6000000029805265727
Q1382474	6000000017272348844
Q1382501	6000000017398333159
Q138251841	6000000202979033042
Q1382524	6000000035842139812
Q1382555	6000000040853499766
Q1382570	6000000049921544243
Q1382576	6000000002523755004
Q1382624	6000000018742529413
Q1382626	6000000017424910643
Q1382633	6000000059827330921
Q138264304	6000000046845351954
Q1382650	6000000013105420633
Q1382670	6000000018593480885
Q1382690	6000000017347743548
Q1382719	6000000184271279854
Q1382720	6000000010411399700
Q138273083	6000000215832435826
Q1382756	6000000032373048067
Q138275821	6000000075653934922
Q138277796	6000000008705641974
Q138280986	6000000010572357340
Q1382825	6000000178999549824
Q138283077	6000000009915643042
Q138283769	6000000015987340037
Q138284531	6000000005440660980
Q138284542	6000000014629021529
Q138284555	6000000012688523328
Q1382850	6000000064924041826
Q138285793	6000000009806860708
Q138286941	6000000007399047422
Q138286979	6000000016502139165
Q1382872	5160155351310084961
Q138287655	6000000010411190084
Q138288778	6000000009726537280
Q138289320	6000000035383629554
Q1382895	6000000163589041051
Q13829144	6000000031750556416
Q138291685	6000000010411792248
Q1382923	6000000071057569971
Q1382927	6000000009551331143
Q138295260	6000000019776919382
Q1382960	6000000030046153844
Q138296405	6000000008572554610
Q138296492	6000000000180351078
Q138296516	6000000037348110849
Q138296543	6000000036958838135
Q138296543	6000000074669820940
Q138296546	6000000182803015825
Q138296575	6000000006127523785
Q138296578	6000000010175287648
Q138296580	6000000027630143229
Q138296629	6000000006590057036
Q138296675	6000000008123702100
Q138296705	6000000001430127616
Q138296729	6000000027892126184
Q138296735	6000000080767069380
Q138296737	6000000084369938115
Q138296755	6000000008123746939
Q138297063	4332858856660057610
Q138297455	6000000022305984275
Q138297503	6000000022305926621
Q138297563	6000000030398236381
Q138297594	6000000081320445121
Q138297680	6000000016997087589
Q138297698	6000000017640214024
Q138297706	6000000006861989727
Q138297797	6000000201641958861
Q1382978	6000000103373387912
Q138297830	6000000039054126280
Q1382981	6000000020600377130
Q138298113	6000000072093097233
Q138298113	6000000160090515836
Q138298976	6000000207402255924
Q138299005	6000000069245735911
Q138299096	6000000144430436916
Q138299155	6000000084348882988
Q138299848	6000000068533138927
Q138300003	6000000007680087174
Q138300059	6000000024513419047
Q138300132	6000000029762376476
Q138300143	6000000173630621822
Q138300163	6000000010539144270
Q1383002	6000000013093030350
Q1383012	6000000058325999871
Q138301238	6000000027913506721
Q138301827	6000000029149905875
Q138302185	6000000025308626335
Q138302354	6000000044204291878
Q138302524	6000000114817091228
Q138302547	6000000024948481030
Q138302648	6000000207400401822
Q138302685	6000000007384015535
Q138302707	6000000120570804049
Q138302725	6000000080769520855
Q138302745	6000000160108752821
Q1383034	6000000020391520029
Q138303896	6000000017881147094
Q138304014	6000000041340198044
Q138304115	6000000178786446826
Q1383046	6000000166008067831
Q138305671	6000000025740293197
Q138306625	6000000010353646360
Q138306625	6000000014927579675
Q138306793	6000000015514797055
Q138306850	6000000037333753596
Q138306979	6000000084119909236
Q138307243	6000000033855038485
Q138307277	6000000017882540793
Q138307286	6000000017883221603
Q138307297	6000000017879507849
Q138307551	6000000015346642252
Q138307602	6000000024948452381
Q138307640	6000000208964559833
Q138307967	6000000008391514450
Q138308038	6000000015343207007
Q138308066	6000000008328970649
Q138308067	6000000010549021487
Q138308083	6000000028375445180
Q138308096	6000000007846154631
Q138309734	6000000024526553060
Q138311010	6000000077196468478
Q138311041	6000000025450305192
Q138311054	6000000014026098062
Q138311087	6000000080757008585
Q138311906	6000000171407892822
Q138311998	6000000019225288060
Q138312012	6000000111974394843
Q138312074	6000000191970547850
Q138312081	6000000043107125902
Q138312288	6000000015052711607
Q138312677	6000000016949377642
Q138312761	6000000014425238080
Q138312788	6000000016494899517
Q138312844	6000000006790138007
Q138312919	6000000030085135888
Q138313537	6000000032841648038
Q138313547	6000000191970748824
Q138313551	6000000075917947205
Q138313587	6000000076320037072
Q138313640	6000000018557043848
Q138313687	6000000018557200533
Q138313884	6000000003939615644
Q138313887	6000000023440301267
Q138313953	6000000018142026450
Q138313958	6000000018144225289
Q138313972	6000000021732699080
Q138313997	6000000068082783903
Q138314001	6000000033026100982
Q138314019	6000000032300010208
Q138314257	6000000063547211861
Q138314269	6000000063175059872
Q138314272	6000000019036756605
Q138314277	6000000218494819822
Q138314298	6000000218504093853
Q138314300	6000000054204869974
Q138314313	6000000020887171711
Q1383147	6000000021384743507
Q138314975	6000000002659223569
Q138315001	6000000062574502963
Q138315044	6000000030193860415
Q138316662	6000000002036383404
Q138316801	6000000030141573451
Q138317101	6000000078737251024
Q138317175	6000000109737887835
Q138317253	6000000043037523691
Q138317294	6000000205422546899
Q138317344	6000000053286334974
Q138317534	6000000009886557460
Q138317635	6000000063175209821
Q138317711	6000000063175401833
Q138317742	6000000018833544383
Q138317743	6000000030883445108
Q138317769	6000000177093828872
Q138317774	6000000177094867834
Q138317797	6000000063175286832
Q138318184	6000000189127511826
Q138318193	6000000018471598490
Q138318216	6000000010706931901
Q138318311	6000000009975164731
Q138318404	6000000103675895039
Q138318550	6000000189127639821
Q138318570	6000000177095051832
Q138319005	6000000132309104893
Q138319592	6000000221985537640
Q138319722	6000000221985537654
Q138319859	6000000221985537633
Q138319947	6000000007949713962
Q138320433	6000000007537473844
Q138320461	6000000013899082097
Q138320471	6000000029510432408
Q138320581	6000000008460228555
Q138320929	6000000086127239868
Q138323940	6000000013908349361
Q138324046	6000000121180568096
Q138324863	6000000031435787430
Q138324985	6000000077315645886
Q138326276	6000000024947617800
Q138326302	6000000024947993028
Q138326303	6000000024948303365
Q138326658	6000000024948366776
Q138326725	6000000019851515655
Q138326938	6000000024947483553
Q138328752	6000000182362063866
Q138329443	6000000022939245852
Q138329446	6000000224180749857
Q1383295	6000000085191862870
Q138329626	6000000017634061212
Q138329628	6000000017633617343
Q138330487	6000000007051747581
Q138330567	6000000031752581083
Q138330734	6000000010875923093
Q138330953	6000000020795714513
Q138330988	6000000020794574742
Q138331014	6000000020794486788
Q138331030	6000000017956222332
Q138331066	6000000020866505814
Q138331106	6000000017956282427
Q138331151	6000000017956312307
Q138331397	6000000017958243447
Q138331492	6000000017956816595
Q138331904	6000000038527427911
Q138331963	6000000017958787607
Q138331972	6000000017958428611
Q138332004	6000000022291280014
Q138332011	6000000034209345382
Q138332155	6000000033878449169
Q138332220	6000000038526982714
Q138332457	6000000140753510945
Q138332808	6000000020308726133
Q138332854	6000000009725269442
Q138333008	6000000011704154209
Q138333028	6000000014149803499
Q138335352	6000000013907904023
Q1383354	6000000071762090517
Q1383355	6000000071005819962
Q138336200	6000000054208650911
Q138336399	6000000020889762924
Q138336637	6000000014777482063
Q138336666	6000000054209811821
Q138336900	6000000020888584847
Q138337756	6000000187385127822
Q138338000	6000000187384697864
Q138338075	6000000008165722821
Q138338086	6000000046726122935
Q138338359	6000000007201584780
Q138339181	6000000037324167538
Q138339182	6000000075860957997
Q138339206	6000000074667917051
Q138339334	6000000076234368899
Q138339417	6000000037304654632
Q138339704	6000000030549310209
Q138339927	6000000011575501276
Q138340194	6000000187649979838
Q138340236	6000000038787928769
Q138340688	6000000017432330090
Q138340708	6000000016644116589
Q138340747	6000000016644327387
Q138341131	6000000005229920104
Q138341406	6000000025133222927
Q138341426	6000000009956618429
Q138341441	6000000003437677492
Q138341464	6000000015730109680
Q138341469	6000000015360879202
Q138341476	6000000019395512055
Q138341485	6000000009956366741
Q138341487	6000000019391329663
Q138341549	6000000010339970062
Q138341566	6000000015360702283
Q138341606	6000000014550352130
Q138341686	6000000069297428311
Q138341688	6000000037131487872
Q138341701	6000000073376658900
Q138341711	6000000180209926833
Q1383422	6000000072031632380
Q138342460	6000000177091190930
Q138342562	6000000177095944840
Q1383476	6000000018978170261
Q138348057	6000000187112385829
Q138348276	6000000007304512733
Q138348312	6000000187112403822
Q138348364	6000000187112346828
Q138348397	6000000187084809842
Q138348433	6000000009062812875
Q138348461	6000000019644950816
Q138349094	6000000026977161165
Q1383491	6000000050035935207
Q138349106	6000000081040477322
Q138349411	6000000036442792110
Q1383495	6000000031798783959
Q138349756	6000000205468443841
Q138349769	6000000046278897205
Q138349769	6000000149924737932
Q138349818	6000000022131741481
Q138349843	6000000033353369904
Q1383499	6000000023745735155
Q138350534	6000000027387076827
Q138350570	6000000015593201239
Q138350633	6000000015550380529
Q138351131	6000000017762759257
Q138351145	6000000017762979592
Q138351388	6000000011550472787
Q138351539	6000000033279059932
Q138351717	6000000036448642667
Q138351766	6000000012001758145
Q138351831	6000000036449339071
Q138352724	6000000007449235320
Q138352976	5398106012140043901
Q138354286	6000000058940546018
Q138354595	6000000173441440267
Q138354607	6000000012934228501
Q138354608	6000000025571533992
Q138354723	6000000027516590751
Q138354728	6000000027516590757
Q1383548	6000000137128516937
Q138354860	6000000014455386157
Q138354863	6000000010993576060
Q138354878	6000000006565930017
Q138354903	6000000008897394482
Q138354906	6000000036005318487
Q138354926	6000000018464473816
Q138354938	6000000009507920777
Q138354974	6000000014817894458
Q138354993	6000000007235980546
Q138354995	6000000008310055561
Q138355004	6000000077800845146
Q138355036	6000000011623988076
Q138355099	6000000002893896436
Q138355117	6000000019083689338
Q138355121	6000000001504525871
Q138355127	6000000013736155823
Q138355130	6000000021350334328
Q138355135	6000000013054276116
Q138355138	6000000010975152456
Q138355147	6000000021767596055
Q138355153	6000000016263299003
Q138355158	6000000005895923003
Q138355173	6000000009907919269
Q138355180	6000000011249893277
Q138355189	6000000014115423473
Q138355191	6000000165060457892
Q138355193	6000000065636787843
Q138355198	6000000012068518613
Q138355199	6000000011321605326
Q138355201	6000000018829618701
Q138355216	6000000005716790007
Q138355221	6000000013113230404
Q138355261	6000000003011757758
Q138355264	6000000014487851763
Q138355267	4854221343840066836
Q138355291	6000000004053964261
Q138355292	6000000030393050508
Q138355297	6000000000133672907
Q138355305	6000000025619120518
Q138355307	6000000016559278445
Q138355311	6000000082015734106
Q138355317	6000000020999840290
Q138355318	6000000019455702111
Q138355319	6000000006889277829
Q138355321	6000000018983956637
Q138355324	6000000020367274560
Q138355326	6000000019987115548
Q138355329	6000000005441211500
Q138355334	6000000006829230182
Q138355342	6000000045416566849
Q138355343	6000000025467817513
Q138355350	6000000019257147816
Q138355352	6000000014687211188
Q138355365	6000000019170207740
Q138355374	6000000028029626205
Q138355375	6000000077144694543
Q138355377	6000000007980472599
Q138355383	6000000001083141483
Q138355387	6000000006335742326
Q138355390	6000000011904299298
Q138355393	6000000004406991195
Q138355402	6000000014638644046
Q138355403	5645594420980043844
Q138355406	6000000012103347449
Q138355426	6000000012663833759
Q138355430	6000000009366312007
Q138355461	6000000080707400191
Q138355462	6000000011902357422
Q138355465	6000000030864922646
Q138355473	6000000012441439246
Q138355485	6000000002278389031
Q138355496	6000000015151420603
Q138355502	6000000081241647103
Q138355509	6000000021122699340
Q138355515	6000000107952257852
Q138355541	4855533829240025498
Q138355545	6000000008419563956
Q138355553	6000000111921320891
Q138355592	6000000012391032443
Q138355626	6000000030879259536
Q138355631	6000000023866504345
Q138355653	6000000009833389118
Q138355661	6000000032828492605
Q138355683	6000000006137649001
Q138355707	6000000178732153827
Q138355733	6000000022943409839
Q138355735	6000000020908142555
Q138355739	6000000000767415570
Q138355744	6000000025013698726
Q138355747	6000000031709924921
Q138355775	6000000009023752576
Q138355814	6000000013487160216
Q138355885	6000000006203426136
Q138355934	6000000026232133735
Q138356027	6000000006442546893
Q138356148	6000000003219750130
Q138356158	6000000004244951099
Q138356246	6000000023074586913
Q138356317	6000000011852699787
Q138356351	6000000002032809161
Q138356364	6000000016492245381
Q138356442	6000000087660482873
Q138356456	6000000069561866577
Q138356472	6000000087660775852
Q138357395	6000000187384556859
Q138357453	6000000019818952109
Q138359121	6000000026116624271
Q138359143	6000000143764932917
Q138359144	6000000143766161869
Q138359145	6000000011722942910
Q138359152	6000000143931023903
Q138359158	6000000003263806084
Q138359188	6000000027657684327
Q138359189	6000000027662146876
Q138359214	6000000020663227345
Q138359215	6000000020663291603
Q138359216	6000000029968486923
Q138359217	6000000020663474948
Q138359270	6000000027663979121
Q138359271	6000000027662932635
Q138359273	6000000027663332243
Q138359280	6000000027660616266
Q138359281	6000000027804696743
Q138359282	6000000027804309581
Q138359307	6000000002598225114
Q138359317	6000000038084083842
Q138359318	6000000038084730725
Q138359346	6000000067656216923
Q138359348	6000000009442204376
Q138359356	6000000020651893706
Q138359357	6000000020652071985
Q138359358	6000000020652113911
Q138359397	6000000018768868819
Q138359408	330182219800007574
Q138359429	6000000019259662602
Q138359430	6000000011702914487
Q138359438	6000000160664266877
Q138359450	6000000207994131915
Q138359450	6000000218788776892
Q138359451	6000000218787656858
Q138359452	6000000207994707828
Q138359471	6000000014653544929
Q138359479	6000000010513073475
Q138359480	6000000012655947005
Q138359495	6000000048706154997
Q138359496	6000000041831027863
Q138359533	6000000010849255379
Q138359582	6000000031509797893
Q138359959	6000000001298440572
Q138360547	6000000039031184888
Q138360584	6000000020704117270
Q138360585	6000000020704329830
Q138360586	6000000020703780560
Q138360587	6000000020703996493
Q138360588	6000000221294922970
Q138360589	6000000020696778476
Q138360940	6000000196465066887
Q138360941	6000000057409632131
Q138360974	6000000090168239863
Q138360975	6000000090168239879
Q138360976	6000000090168239887
Q138360977	6000000003777396198
Q138360978	6000000143768569926
Q138360980	6000000118370053134
Q138360981	6000000118371417853
Q138360982	6000000143763959944
Q138360983	6000000143769278858
Q138360984	6000000143763228991
Q138360985	6000000118372423840
Q138360986	6000000095915551849
Q138361001	6000000224588345968
Q138361002	6000000224588580863
Q138361022	6000000011580711038
Q138361063	6000000020720279051
Q138361398	6000000223431536836
Q138361411	6000000083628020733
Q138361412	6000000014685836136
Q138361413	6000000030838965195
Q138361414	6000000020652473848
Q138361923	6000000165356969834
Q138361925	6000000033067157015
Q138361927	6000000165530206900
Q138361929	6000000165246257821
Q138361938	6000000020652700979
Q138361940	6000000165530301011
Q138361942	6000000020652245752
Q138361946	6000000165540172889
Q138361948	6000000165539450242
Q138361950	6000000033067123989
Q138361952	6000000165356271128
Q138361954	6000000165357224893
Q138361956	6000000165531062880
Q138361960	6000000165529384307
Q138362225	6000000026492888578
Q138362226	6000000038792241502
Q138362263	6000000000212108764
Q1383623	6000000018653163382
Q138362727	6000000011559832280
Q138362731	6000000076984156640
Q138363228	6000000039031070100
Q1383645	6000000070879450824
Q138364593	6000000020652266673
Q1383646	6000000000698877842
Q138364970	6000000076403073891
Q138364971	6000000076402939911
Q138365531	6000000149236709120
Q138365533	6000000024434788992
Q138365535	6000000024429961567
Q138365536	6000000024434771957
Q138365702	6000000075331456009
Q138365705	6000000075333985927
Q138365785	6000000105446458878
Q138366699	6000000222154060918
Q138366899	6000000005440760913
Q1383679	6000000032007304740
Q138368513	6000000070263375148
Q1383691	6000000031704333855
Q138369331	6000000002043569481
Q138370046	6000000010731304853
Q138370670	6000000020662231196
Q138370797	6000000037762692494
Q138371028	6000000024430158998
Q138371306	6000000023992760354
Q1383714	332249732670003632
Q138372411	6000000143572619821
Q1383725	6000000012334042423
Q138373393	6000000017200594098
Q138373409	6000000138326682883
Q138373497	6000000017200548072
Q138373903	6000000007122472323
Q138374176	6000000019209283634
Q138374866	6000000028887855390
Q138374881	6000000015128626213
Q138375076	6000000016937572535
Q138375090	6000000012314799814
Q138376	6000000022873257354
Q138376118	6000000161653737834
Q138376119	6000000210932734857
Q138377140	6000000018530038564
Q138378534	6000000003218266659
Q138378803	6000000000527047117
Q138378888	6000000016437116182
Q138378899	6000000016362376514
Q138379599	6000000032608162752
Q138380992	6000000018515557607
Q138381032	6000000018515461281
Q138381099	6000000022197743442
Q138381139	6000000006816052478
Q138381437	6000000026023577379
Q138381532	6000000019227019254
Q138381564	6000000017459460983
Q138381596	6000000017469443355
Q138381666	6000000024180853586
Q138381703	6000000024297153216
Q138381745	6000000024181869773
Q138381751	6000000023132422071
Q138381759	6000000208341978852
Q138381760	6000000208341995867
Q138382152	6000000017894653320
Q138382241	6000000017894710357
Q138382705	6000000021747935918
Q138382931	6000000017894923009
Q138383092	6000000017892820517
Q138385331	6000000017894923003
Q138386979	6000000017895048422
Q138387078	6000000037763566327
Q138387166	6000000080806920435
Q138387527	6000000187384786864
Q138387532	6000000017123131099
Q138387830	6000000000456792315
Q138388028	6000000000481236166
Q138388185	6000000187385415826
Q138388509	6000000016437215021
Q138388871	6000000207399993867
Q138388894	6000000207400109848
Q138388913	6000000018154353610
Q138389000	6000000018154504502
Q138389021	6000000024359920174
Q138389028	6000000024359944684
Q138389037	6000000019034506487
Q138389094	6000000024359993711
Q138389141	6000000021465720159
Q138389168	6000000024360557921
Q138389217	6000000047945124063
Q138389269	6000000190144322850
Q138389718	6000000172983446870
Q138390009	6000000186831099821
Q138390032	6000000002658802624
Q138390267	6000000172984130227
Q138390301	6000000188697417837
Q138390779	6000000024360386623
Q138390794	6000000021465220255
Q138391245	6000000016362459254
Q138391289	6000000017753204472
Q138391304	6000000017753198392
Q138391306	6000000014570240330
Q138391319	6000000017145623461
Q138391341	6000000021788618766
Q138391687	6000000080462033929
Q138391687	6000000205837708924
Q1383917	6000000006147548139
Q138391712	6000000180690551840
Q138391826	6000000215268150822
Q138391847	6000000161969550835
Q138391885	6000000035221318855
Q138391888	6000000016362416537
Q138391889	2247294
Q138391903	6000000021989750038
Q138391906	6000000021989970783
Q138391909	6000000196553158843
Q138391917	6000000021990080947
Q138391946	6000000002837388167
Q138392771	6000000002662958633
Q138393451	6000000029282939758
Q138393464	6000000002663133007
Q1383935	6000000007167131936
Q138394473	6000000002663065148
Q138395594	6000000049394008898
Q1383957	6000000015030405305
Q138396293	6000000138313983834
Q138396460	6000000024800966072
Q138396474	6000000114038290908
Q138397987	6000000015886652359
Q138398169	6000000172985511833
Q138398360	6000000015886623257
Q138398787	6000000172985471954
Q138399934	6000000037599400243
Q138400447	6000000040366852018
Q138402018	6000000027822910852
Q1384021	6000000013032046990
Q1384033	6000000021065237163
Q138404034	6000000114038290902
Q1384046	6000000184209418827
Q1384056	6000000002661383675
Q1384068	6000000028545278881
Q138407550	6000000017894351729
Q1384083	6000000031945670330
Q138409	6000000006444768619
Q138409017	6000000017894351722
Q1384103	6000000000865448037
Q138410587	6000000021660822910
Q138410593	6000000030877213162
Q138410605	6000000009086072799
Q138410687	6000000013304129598
Q138410691	6000000109174304841
Q138410706	6000000021747935912
Q138410723	6000000000321124061
Q138410786	6000000007937186997
Q138410787	6000000007950853366
Q138410858	6000000072241727140
Q138411469	6000000048343450832
Q138411478	6000000017377316388
Q138411492	6000000038554249944
Q138411511	6000000027822709251
Q138411519	6000000027822704436
Q138411623	6000000028006002257
Q138411630	6000000028006082259
Q138411697	6000000187385151823
Q138411710	6000000182602727855
Q138411783	6000000032608398950
Q138411793	6000000067590781899
Q138411810	6000000067590725886
Q138411817	6000000067590632033
Q138411833	6000000067590542060
Q138411843	6000000009683131672
Q138411859	5543109439100135759
Q138411874	6000000015521026858
Q138411911	6000000015494279822
Q138411917	6000000067590741961
Q138411933	6000000004225949118
Q138411934	6000000067590665932
Q138411942	6000000013254785075
Q138411953	6000000013254785075
Q138411967	6000000007762326282
Q138412187	6000000155780999821
Q138412281	6000000014129660683
Q138412442	6000000004084982199
Q138412474	6000000187384983824
Q138412566	6000000035961480845
Q138412888	6000000017652006089
Q138412900	6000000017652104085
Q138412957	6000000015816595927
Q138413108	6000000024652980841
Q138413122	6000000087667779903
Q138413387	6000000000685235572
Q138413563	6000000063635617844
Q138413568	6000000063635427901
Q138413571	6000000027822679213
Q138413574	6000000027822869994
Q138413596	6000000016079262446
Q138413632	6000000024516375937
Q138413664	6000000024516159201
Q138413891	6000000024904743137
Q138414003	6000000004084853357
Q138414020	6000000184322488909
Q138414083	6000000004084717806
Q138414134	6000000014783832792
Q138414140	6000000014783779431
Q138414211	6000000004075948175
Q138414234	6000000014783484640
Q138415339	6000000014895328167
Q138416814	6000000014338104197
Q138416879	6000000187659412848
Q138417217	6000000015725036999
Q1384181	6000000015656402032
Q1384236	6000000150824007823
Q138424828	6000000083528919986
Q138424872	6000000067743623874
Q138424933	6000000004402363796
Q138424939	6000000004402308886
Q138424960	6000000000456760275
Q138424977	6000000039138186947
Q138425112	6000000084384758614
Q138425113	6000000084385540159
Q138425114	6000000084385867989
Q1384253	6000000030193626917
Q138425605	6000000018789786552
Q138426532	6000000082971757021
Q138426722	6000000018637373606
Q138427218	6000000017044496532
Q138427252	6000000017160387155
Q138427295	6000000017156127910
Q138427309	6000000018130054366
Q138427316	6000000022304298521
Q138427330	6000000018129619801
Q138427350	6000000017157578329
Q138427368	6000000017152951388
Q138427410	6000000017044259753
Q138428038	6000000018512754242
Q1384285	6000000063678334826
Q1384293	6000000070868304821
Q138429374	6000000041318458339
Q1384317	6000000004293400223
Q1384329	6000000022767849820
Q1384366	6000000007278072299
Q138437224	6000000024195265813
Q138437282	6000000001634109131
Q138437381	6000000190459992847
Q138437415	6000000015354079376
Q138437495	6000000024194984880
Q138438096	6000000024199445884
Q138438625	6000000019357908637
Q138438884	6000000019360582905
Q138438977	6000000196297214823
Q138439038	6000000019360737626
Q1384392	6000000039214751611
Q138441087	6000000047755567039
Q1384411	6000000040517861250
Q138442253	6000000005099407433
Q138442449	6000000003093404067
Q138442602	6000000016363013863
Q138447721	6000000024195244033
Q138447838	6000000012235917217
Q138447860	6000000012162606930
Q138447971	6000000021862633275
Q138448027	6000000125831247059
Q138448189	6000000049261943043
Q1384513	6000000015181257719
Q138452252	6000000012288462790
Q138452342	6000000002642779373
Q138453368	6000000053127387846
Q138453385	6000000008705350649
Q138453574	6000000010562605067
Q138454225	6000000017061337572
Q138454444	6000000017809581529
Q138454501	6000000016362327373
Q138454551	6000000047407700277
Q138454581	6000000047407323858
Q138454947	6000000017859499016
Q138455391	6000000017325353797
Q138455439	6000000017325961062
Q138455470	6000000126024362844
Q1384560	6000000127825072868
Q138456412	6000000080940100103
Q138456558	6000000003706362118
Q138456582	6000000003711513046
Q138456594	6000000003711227756
Q138456727	6000000006568055090
Q138457875	6000000051953435445
Q138457935	6000000045947150186
Q138458103	6000000047407702876
Q138458257	6000000033600225576
Q138460315	6000000150211794821
Q138461311	6000000011866693181
Q138461363	6000000032929269502
Q138461370	6000000032954408315
Q138461387	6000000017737870931
Q138461390	6000000039278761315
Q138461391	6000000039278971862
Q138461439	6000000017738059673
Q138461440	6000000017738494286
Q138461807	6000000017867360151
Q138462364	6000000017883126181
Q138462633	6000000017867296352
Q1384632	6000000007388631573
Q138463334	6000000198414495829
Q138463734	6000000015815066982
Q138463884	6000000016290317486
Q138463892	6000000016309696540
Q138463894	6000000016311387554
Q138463931	6000000017882544173
Q138463938	6000000020704475681
Q138463945	6000000017882315351
Q138463984	6000000025067047958
Q138464006	6000000025067018170
Q138464037	6000000025696216329
Q138464087	6000000025066991018
Q138464125	6000000060195518183
Q138464295	6000000011861620438
Q138464296	6000000011288203500
Q138464300	6000000084308723965
Q138464301	6000000084309247882
Q138464329	6000000018733922451
Q138464337	6000000015758142174
Q138464345	6000000104940912911
Q138464353	6000000019645131639
Q138464357	6000000015757793931
Q138464377	6000000015757865653
Q138464778	6000000018287602356
Q138464807	6000000018287641406
Q138464918	338406850040012815
Q138464982	337538604310004996
Q138465079	6000000008988852818
Q1384654	6000000009571068360
Q138465450	6000000075558192917
Q138465460	6000000075557181399
Q1384655	6000000006824420199
Q138465568	6000000076400588031
Q138465627	6000000088478844997
Q138465811	6000000015552304492
Q138466045	6000000021193619964
Q1384661	6000000015683762061
Q138466595	6000000021193555073
Q138467773	6000000211349047821
Q138467988	6000000211349026822
Q138468058	6000000020998411158
Q138468079	6000000020998164531
Q138468169	6000000036156703809
Q138468343	6000000036166137646
Q138469798	6000000163181729826
Q138470519	6000000084308894976
Q138470819	6000000121886241821
Q138471075	6000000121886031851
Q138471075	6000000130745822833
Q1384730	6000000083630991927
Q1384732	6000000023683351125
Q138473290	6000000025694856033
Q138473375	6000000015072164964
Q138473425	6000000004111073411
Q138473439	6000000084317741269
Q138473443	5421077366940105337
Q138473454	6000000008257429997
Q138473455	6000000003500976289
Q138473458	6000000017672377142
Q138473464	6000000036045539936
Q138473470	6000000007121949781
Q138473473	6000000016343552536
Q138473482	6000000016026537687
Q138473496	6000000013111783557
Q138473538	6000000056890520855
Q138473540	6000000041158107138
Q138473545	6000000019019184911
Q138473569	6000000005441200597
Q138473605	6000000025368595993
Q138473627	6000000014559115636
Q138473673	6000000009033457648
Q138473674	6000000019459063857
Q138473680	6000000015786763079
Q138473717	6000000014420833455
Q138473752	6000000021716983082
Q138473771	6000000039391920979
Q138473779	6000000008341609287
Q138473781	6000000024512252195
Q138473784	6000000019699160181
Q1384738	6000000124488782201
Q138473818	6000000166764756862
Q138473874	6000000064186423852
Q138473881	6000000007598582994
Q138473891	6000000210526235841
Q138473892	6000000008356412633
Q138473908	6000000012545602180
Q138473921	6000000075889345920
Q138473934	6000000008894280336
Q138473953	6000000010821344569
Q138473957	6000000011994885393
Q138473963	6000000013987589737
Q138474004	6000000006917197593
Q138474022	6000000011491289855
Q138474072	6000000008643652471
Q138474082	6000000016464530963
Q138474083	6000000016383178230
Q138474106	6000000000852855049
Q138474160	6000000007562062553
Q138474169	6000000013383897750
Q138474207	6000000001462340118
Q138474208	6000000032041275210
Q138474219	6000000034603178568
Q138474220	6000000013970474435
Q138474226	6000000024446836069
Q138474229	6000000014191482437
Q138474266	6000000074309723031
Q138474276	6000000218145833851
Q138474277	6000000015970198637
Q13847488	6000000020376285235
Q13847646	6000000083134729177
Q13847673	6000000041300642388
Q1384769	6000000003986577616
Q138478749	6000000018695019792
Q138478914	6000000203451954822
Q138479152	6000000021580022889
Q138479813	6000000084955098994
Q13848151	6000000022917877291
Q1384822	6000000039893123875
Q1384858	6000000000161250017
Q138486577	6000000014140728284
Q138486577	6000000204355689396
Q138487	6000000007443533960
Q13848843	6000000082447105022
Q1384903	6000000026439847249
Q138492089	6000000014140728279
Q138492089	6000000133802796836
Q138492375	6000000133802796850
Q138494525	6000000053559209984
Q1384951	6000000156800920933
Q138495367	6000000202094412879
Q138495369	6000000055715116833
Q138495423	6000000053558246821
Q138495575	6000000036602273142
Q138495579	6000000036556245154
Q138496101	6000000084348681203
Q138496102	6000000046304065921
Q138496102	6000000110741367826
Q138496127	6000000133802796858
Q138496382	6000000014420815915
Q138496391	6000000003940296415
Q138496436	6000000014420819850
Q138498044	6000000001462339469
Q138498121	6000000001462339922
Q138498733	6000000027489775876
Q138498756	6000000027489740948
Q138498763	6000000084363048240
Q138498794	6000000026462109821
Q138498846	6000000018417859745
Q138498856	6000000011948599663
Q138498867	6000000018709850109
Q138498882	6000000010421362370
Q138498924	6000000008176934493
Q138498935	6000000008177059370
Q138498961	6000000006265074148
Q138498966	6000000006264994174
Q138499616	6000000083365863375
Q1385000	6000000024033181573
Q138500233	6000000002659772281
Q138500277	6000000017817774265
Q138500663	6000000084348843956
Q138500663	6000000084385998990
Q138500779	6000000023369788880
Q138501209	6000000084349202337
Q138501210	6000000013329205083
Q138501239	6000000171407558821
Q138501515	6000000166812135821
Q138501534	6000000143751333933
Q138501546	6000000207399611900
Q138501875	6000000028809729593
Q138501884	6000000028810297036
Q138501894	6000000028810265370
Q138502155	6000000028810526842
Q1385023	6000000000495977487
Q138502487	6000000028809842639
Q138502526	6000000028810371179
Q138502530	6000000057435323830
Q138502698	6000000020957913533
Q138502711	6000000020957980195
Q138503786	6000000030883286566
Q138504020	6000000046854935983
Q1385045	6000000002207373348
Q138504539	6000000014745371366
Q138504556	6000000014745268993
Q138504563	6000000014745392123
Q138504572	6000000014745356382
Q138504606	6000000014745369750
Q138504659	6000000016830436158
Q138504674	6000000138500697821
Q138504677	6000000016830426857
Q138504705	6000000141847954959
Q138504713	6000000026161809979
Q138504950	6000000207398621886
Q138504971	6000000014144039468
Q138504983	6000000014144867550
Q138505000	6000000014143143986
Q138505009	6000000014145262145
Q138505015	6000000092757429878
Q1385051	6000000000506682486
Q138505173	6000000215640214830
Q138505188	6000000018516717448
Q138505681	6000000003502081364
Q1385061	6000000000515177387
Q138506105	6000000160110430826
Q138506481	6000000160120518821
Q138506752	6000000007597116748
Q138506850	6000000017817731254
Q138507151	6000000034961205365
Q138507354	6000000034606342104
Q138507497	6000000026562144712
Q138507564	6000000026562274057
Q138508709	6000000006606191443
Q138508723	6000000045224464136
Q1385088	6000000074991541066
Q138508815	6000000006439571790
Q138508820	6000000006606173984
Q138508828	6000000000034815840
Q138508972	6000000002533250628
Q138509000	6000000017817648620
Q138509005	6000000014163336666
Q138509162	6000000022187520503
Q138509284	6000000009305579726
Q138509336	6000000179746062876
Q138509667	6000000179746249849
Q138510121	6000000061006102902
Q138510142	6000000017792531206
Q138510400	6000000061004393570
Q1385110	6000000006725818129
Q138511213	6000000027433188466
Q138511303	6000000026451664398
Q138511584	6000000027377311807
Q138511587	6000000121886710833
Q138511698	6000000027376967760
Q138511704	6000000027396085565
Q138511747	6000000003527324815
Q138511818	6000000012182067651
Q138511882	6000000080741052446
Q138511992	6000000081755084615
Q138511993	6000000018557756850
Q138511994	6000000018558336764
Q138511995	6000000006441084772
Q138511999	6000000000334410621
Q138512000	6000000003937754984
Q138512001	6000000081755738482
Q138512003	6000000034501937230
Q138512005	6000000003938772111
Q138512006	6000000003939640410
Q138512007	6000000000250105034
Q138512009	6000000003937957053
Q138512012	6000000000250197523
Q138512020	6000000003938772061
Q138512031	6000000024248365071
Q138512036	6000000024248378326
Q138512037	6000000024248541113
Q138512037	6000000042966606319
Q138512039	6000000024248349397
Q138512039	6000000042966744093
Q138512056	6000000022990016630
Q138512059	6000000010890744567
Q138512061	6000000003977709479
Q138512062	6000000005063912348
Q138512066	6000000003939971014
Q138512067	6000000003938423354
Q138512068	6000000008338298868
Q138512069	6000000004575036461
Q1385128	6000000002686229623
Q138514423	6000000074667535821
Q138514424	6000000074670131831
Q1385145	6000000014525690633
Q138514530	6000000000212234132
Q138514666	6000000036855185176
Q138514755	6000000187385020821
Q138514763	6000000002790594988
Q138514766	6000000000456747357
Q138515231	6000000010840749335
Q138515559	6000000002174440411
Q138515641	6000000012943828199
Q138515880	6000000057874115839
Q138515885	6000000022334760468
Q138515898	6000000016366433826
Q138515910	6000000016694712539
Q138515914	6000000019508182563
Q1385188	6000000134045773984
Q1385196	6000000172475344951
Q138521817	6000000080733518896
Q138521837	6000000080734452822
Q138521838	6000000080734939832
Q1385220	6000000114587432834
Q1385228	6000000037752834163
Q1385239	6000000010923552262
Q1385250	6000000181931872843
Q138526748	6000000026546217375
Q138527055	6000000212754547822
Q138527891	6000000006252027318
Q138527894	6000000006252027235
Q138527897	6000000006252018569
Q138527898	6000000006252573841
Q138527900	6000000006252573803
Q138528025	6000000052624596845
Q138528480	6000000002622435047
Q138528634	6000000020155848311
Q138528753	6000000039227284388
Q138528993	6000000130747383833
Q138529387	6000000020166931992
Q138529422	6000000015441424930
Q138529495	6000000003635413006
Q138529498	6000000003939971039
Q138529503	6000000003937957388
Q138529509	6000000003939971005
Q138529511	6000000030717038401
Q138529513	6000000008260468366
Q138529521	6000000006340887130
Q138529546	6000000020554024765
Q138529548	6000000074288177134
Q138529549	6000000037775821576
Q138529552	6000000002580362450
Q138529554	6000000037775496510
Q138529556	6000000001737644358
Q138529621	6000000015375152277
Q138529622	6000000015375138708
Q138529633	6000000080741514967
Q138529636	6000000011834784291
Q138529639	6000000011834741423
Q138529642	6000000081438421117
Q138529695	6000000186182616185
Q138529701	6000000160104933837
Q138529704	6000000186179751597
Q138529705	6000000186183674952
Q138529707	6000000186183674975
Q138529708	6000000186184352846
Q138529711	6000000220479715839
Q138529718	6000000130992063109
Q138529719	6000000215248837823
Q138529723	6000000008781861739
Q138529726	6000000002447361160
Q138529727	6000000001903439995
Q138529728	6000000001946705173
Q138529730	6000000001959107622
Q138529732	6000000001973506371
Q138529733	6000000001985996047
Q138529735	6000000000013037098
Q138529736	6000000002447361106
Q138529738	6000000001985925935
Q138529744	6000000001986122046
Q138529785	6000000019658961358
Q138529788	6000000036539767368
Q138529789	6000000029565988201
Q138529790	6000000029567883901
Q138529792	6000000006790437595
Q138529793	6000000006794627685
Q138529879	6000000163180319968
Q138531089	6000000014783947722
Q138531101	6000000014784378198
Q1385325	6000000017733732389
Q1385339	6000000041517436851
Q1385379	6000000146040480909
Q1385382	6000000201672140855
Q1385393	6000000066387325001
Q1385396	6000000023794102570
Q1385418	6000000014948971779
Q138541964	6000000057426441903
Q138541984	6000000101451857921
Q138543778	6000000032841269835
Q138545144	6000000129558704099
Q138545193	6000000003656684080
Q138545269	6000000008796291948
Q138545296	6000000047453262917
Q138545533	6000000047453730843
Q138545607	6000000008790607780
Q138545642	6000000187659650871
Q1385460	6000000037509351172
Q138546232	6000000048706262930
Q138546640	6000000008790335101
Q138546836	6000000012503597746
Q138546847	6000000012953847702
Q138546869	6000000009083328888
Q138546885	6000000071432554497
Q138547214	6000000096371166890
Q138547782	6000000047007448874
Q138548549	6000000030604893573
Q138548564	6000000030327789913
Q138548569	6000000027325064205
Q138548619	6000000030327608690
Q138548698	6000000030327713656
Q138548776	6000000030327106625
Q138548832	6000000207399851821
Q138549132	6000000037324162773
Q138549132	6000000075279250158
Q138549134	6000000008781861734
Q138549166	6000000008782138557
Q138549294	6000000008806082570
Q1385494	6000000015069908708
Q138549456	6000000008806082564
Q1385500	6000000015157937043
Q138550382	6000000036223405913
Q138554918	6000000008816025220
Q138559	6000000000921429440
Q138559740	6000000030118173842
Q138560021	6000000028810017881
Q138560214	6000000028810424836
Q138560570	6000000030117035063
Q138561082	6000000042419052281
Q138561282	6000000042419340843
Q138561423	6000000028810338943
Q138561762	6000000030116149467
Q138561846	6000000028818438548
Q138561851	6000000079092628821
Q138561856	6000000079092468873
Q138561862	6000000030117485837
Q138563343	6000000009306538831
Q13856482	6000000184984918839
Q1385654	6000000033498395862
Q138565642	6000000040887615977
Q138565667	6000000040887377976
Q138565750	6000000040887030504
Q138565758	6000000040887376939
Q138565883	6000000209310519823
Q138566369	6000000010130346393
Q138566397	6000000010130301773
Q138566425	6000000051092453919
Q138566428	6000000010130432839
Q138566477	6000000000456740216
Q138567339	6000000072182622016
Q1385674	6000000000632249424
Q138567415	6000000110817287872
Q138567492	6000000072232752179
Q138567574	6000000008783693261
Q138567592	6000000007512650258
Q138567672	6000000008470783186
Q138567683	6000000003026209829
Q138567852	6000000028809968900
Q138567867	6000000000224421901
Q138567895	6000000020886584405
Q138568373	6000000000527047163
Q138569225	6000000001025774545
Q138569299	6000000008333341974
Q1385693	6000000006578975589
Q138571520	6000000024168652625
Q138571527	6000000024168744538
Q138571539	6000000024168643814
Q138571971	6000000017825803098
Q1385724	6000000179673109823
Q1385728	6000000212515087824
Q1385729	6000000008405744955
Q1385740	6000000001656202672
Q138574300	6000000009033268603
Q138574380	6000000043297862944
Q138574387	6000000001754462417
Q138574638	6000000007071968328
Q1385747	6000000027143861607
Q138574772	6000000018029669969
Q138574808	6000000001372350633
Q138574825	6000000012208957474
Q138574859	6000000017228158596
Q138574861	6000000178516820828
Q138574864	6000000031951876143
Q138574878	6000000010421787568
Q138575	6000000020543069971
Q1385758	6000000025066714211
Q138576	6000000009602780889
Q138576497	6000000028849632435
Q138576655	6000000027913668175
Q138576895	6000000195983425829
Q138576910	6000000195983257851
Q1385771	6000000019099378848
Q1385780	6000000006809124795
Q1385799	6000000008279171626
Q138581701	6000000225088377831
Q1385820	6000000006100539063
Q1385836	6000000002307526818
Q1385854	6000000007858398563
Q138586065	6000000019981513062
Q138586341	6000000002094843626
Q138586355	6000000050634595891
Q138586561	6000000010199641732
Q138586674	6000000010339281787
Q138587304	6000000009926364593
Q1385877	6000000020006111074
Q1385886	6000000143060182821
Q1385887	6000000033253216525
Q1385893	4360425164300044161
Q13858957	6000000012544082606
Q138590208	6000000003648117469
Q1385913	6000000004592967833
Q1385916	6000000011864038133
Q138593	6000000002315945454
Q138595172	6000000030467501122
Q1385970	6000000185397023962
Q1385973	6000000010210325284
Q1385975	3096838
Q138597726	6000000025982775402
Q138597757	6000000025982896561
Q138597847	6000000025971819850
Q138598246	6000000014720119654
Q1385983	6000000020379749453
Q138598339	6000000038240408068
Q1385984	6000000060623923821
Q138598400	6000000038239863649
Q138598773	307951922790006426
Q1385988	6000000041909365875
Q1385989	6000000003611574800
Q1385992	6000000007315691429
Q1385998	6000000004237813104
Q1386000	6000000027434931249
Q1386001	6000000006933569020
Q1386011	6000000021832067550
Q1386012	6000000017704219747
Q138601784	6000000003940296371
Q138601793	6000000000426791821
Q138601803	6000000003076443832
Q138601828	6000000003938772922
Q138601895	6000000003502193367
Q1386019	6000000102063121821
Q138601910	6000000003502291153
Q138603133	6000000188942431426
Q138603516	6000000150176065843
Q138603549	6000000029873942301
Q138603739	6000000018773100373
Q138603749	6000000018773347977
Q138603755	6000000018772978499
Q138603769	6000000018773080923
Q138603803	6000000017117817909
Q138603908	6000000023356604207
Q1386049	6000000023321267080
Q1386051	6000000001558798023
Q1386053	6000000014417742027
Q138605337	6000000190456096890
Q138605626	6000000017841303390
Q1386057	6000000002060461609
Q138606001	6000000016335536376
Q138606012	6000000012665306878
Q138606013	6000000000988683667
Q138606015	330031541210006111
Q138606019	6000000007417538534
Q138606028	6000000000988683681
Q138606030	6000000003098403743
Q138606032	6000000000112117503
Q138606033	5316131338290113104
Q138606035	6000000002576707611
Q138606036	327469957530006002
Q138606037	327472095080001944
Q138606043	327471747780006962
Q138606044	4173723938880010890
Q138606047	6000000007179405374
Q138606055	327471789340007938
Q138606057	327472373330001939
Q138606065	327471099710004532
Q138606066	6000000002576627821
Q138606069	6000000002576642140
Q138606074	6000000003937995605
Q138606097	331499003980001522
Q138606098	327251753980006960
Q138606099	6000000004548010108
Q138606102	6000000000250575895
Q138606323	6000000009117464894
Q138606518	6000000012668258636
Q138606519	6000000039872805019
Q1386067	6000000042308216889
Q138606777	6000000014687030017
Q138606778	6000000080811534862
Q138606779	6000000201495700845
Q138606780	6000000081253510996
Q138606781	6000000020662287261
Q138606782	6000000030761361550
Q138606784	6000000014686904971
Q138606785	6000000003355312104
Q138606789	6000000014696068643
Q138606790	6000000026744777564
Q138606793	6000000083626345825
Q138606795	6000000012271995345
Q138606796	6000000026079804616
Q138606797	6000000026744810407
Q138606800	6000000028770089188
Q138606803	6000000002215929433
Q138606807	6000000081253914974
Q138606810	6000000002215936243
Q138606813	6000000008489312429
Q138606819	6000000207994322840
Q138606820	6000000075315467826
Q138606824	6000000188678163822
Q138606825	6000000021776424618
Q138606826	6000000075319258000
Q138606827	6000000052370896898
Q138606829	6000000062593774848
Q138606832	6000000015871278414
Q138606834	6000000005014006700
Q138606838	6000000039488767961
Q138606841	6000000191982797868
Q138606842	6000000023047050874
Q138606843	6000000008415564810
Q138606844	6000000030916065058
Q138606848	6000000057718768821
Q138606853	6000000003050368144
Q138606854	6000000195093694906
Q138606858	6000000056721817154
Q138606863	6000000167381309119
Q138606866	6000000038483252996
Q138606877	6000000059849876895
Q138606878	6000000020703751562
Q138606882	6000000003072119455
Q138606883	6000000000756986231
Q138606884	6000000101025948926
Q138606886	6000000020704075168
Q138606888	6000000077673986774
Q138606890	6000000008488780138
Q138606892	6000000020748816627
Q138606893	6000000049999453874
Q138606896	6000000039030304119
Q138606897	6000000055620348012
Q138606899	6000000030914837575
Q138606899	6000000030915959318
Q138606900	6000000181049787871
Q138606909	6000000175118749210
Q138606915	6000000082496629958
Q138606916	6000000054351820840
Q138606917	6000000027658858365
Q138606921	6000000070263509161
Q138606922	6000000173101202993
Q138606928	6000000161617474899
Q138606929	6000000008429337732
Q138606932	6000000004688980193
Q138606934	6000000077694432594
Q138606937	6000000042839745660
Q138606941	6000000161617025902
Q138606943	6000000007769629548
Q138606946	6000000180067026822
Q138606958	6000000027659620295
Q138606960	6000000052370839952
Q138606962	6000000073357971147
Q138606964	6000000016542000491
Q138606970	6000000144425317835
Q138606972	6000000077680815881
Q138606982	6000000175120894014
Q138606985	6000000026632302799
Q138606986	6000000027660860305
Q138606988	6000000092929652097
Q138606989	6000000214653058837
Q138606994	6000000015796528789
Q138606995	6000000071413725839
Q138606996	6000000000603786716
Q138606997	6000000077701191880
Q138606998	6000000006452483564
Q138607000	6000000019685309642
Q138607004	6000000081253383137
Q138607013	6000000017345724190
Q138607018	6000000026998388730
Q138607020	6000000008488946669
Q138607026	6000000020671540686
Q138607030	6000000020680166907
Q138607033	6000000000601196603
Q138607038	6000000081253116251
Q138607042	6000000008489241208
Q138607044	6000000020663417880
Q138607053	6000000218729432833
Q138607058	6000000027658380602
Q138607060	6000000199588233822
Q138607066	6000000014744763899
Q138607067	6000000015500093201
Q138607068	6000000007769496498
Q138607078	6000000020666018474
Q138607078	6000000223431477874
Q138607082	6000000215179015840
Q138607083	6000000002497133168
Q138607093	6000000204055236821
Q138607110	6000000020666039425
Q138607111	6000000020663251109
Q138607116	6000000178686952860
Q138607119	6000000030915045689
Q138607126	6000000011904705804
Q138607129	6000000165357197835
Q138607136	6000000207994559846
Q138607140	6000000182681127841
Q138607161	6000000033073272171
Q138607166	6000000027654340759
Q138607172	6000000030916131934
Q138607178	6000000024434715013
Q138607185	6000000023046021587
Q138607190	6000000188672599853
Q138607191	6000000020663273590
Q138607192	6000000081252880055
Q138607193	6000000052096400879
Q138607198	6000000020652448341
Q138607203	6000000049898224098
Q138607208	6000000075320481939
Q138607210	6000000185924718835
Q138607214	6000000030916012301
Q138607217	6000000071478902129
Q138607220	6000000040409919237
Q138607241	6000000020663181219
Q138607244	6000000165056692875
Q138607258	6000000030915867453
Q138607268	6000000009310862758
Q138607274	6000000207994662825
Q138607278	6000000027662122374
Q138607279	6000000075315824125
Q138607286	6000000071479160019
Q138607294	6000000077695296457
Q138607298	6000000008489152419
Q138607307	6000000222154062861
Q138607314	6000000030915982360
Q138607318	6000000015871215047
Q138607319	6000000003562301938
Q138607325	6000000020652603313
Q138607328	6000000075317351832
Q138607335	6000000009310294994
Q138607345	6000000039747051210
Q138607351	6000000012926219243
Q138607359	6000000040401965028
Q138607363	6000000165061868848
Q138607368	6000000027661938297
Q138607373	6000000075324560828
Q138607376	6000000111842544821
Q138607380	6000000015870324877
Q138607382	6000000165062178822
Q138607395	6000000077695965356
Q138607396	6000000180065299908
Q138607398	6000000052371021931
Q138607414	6000000008467856207
Q138607422	6000000075327362994
Q138607423	6000000057718868847
Q138607425	6000000020704341513
Q138607429	6000000077701288904
Q138607430	6000000020225247438
Q138607443	6000000185925034821
Q138607446	6000000015871227101
Q138607447	6000000008415662341
Q138607452	6000000191896060835
Q138607469	6000000165061278895
Q138607479	6000000025568976935
Q138607484	6000000181050493821
Q138607491	6000000020225012734
Q138607501	6000000033073282226
Q138607505	6000000013389670687
Q138607509	6000000012926136326
Q138607513	6000000027749273207
Q138607538	6000000008467862576
Q138607542	6000000181067154833
Q138607544	6000000019085426090
Q138607556	6000000034967252895
Q138607562	6000000015871215054
Q138607563	6000000039747240893
Q138607566	6000000057718159962
Q138607575	6000000077700842899
Q138607577	6000000027661543069
Q138607580	6000000077698244242
Q138607587	6000000025567639744
Q138607588	6000000003058479102
Q138607589	6000000030917473911
Q138607597	6000000020225173526
Q138607598	6000000173576445889
Q138607599	6000000217731764855
Q138607617	6000000027661930019
Q138607621	6000000030224596255
Q138607637	6000000188677302831
Q138607643	6000000143908557880
Q138607650	6000000054351907853
Q138607656	6000000037879898161
Q138607658	6000000003071605956
Q138607668	6000000027660048227
Q138607674	6000000008493063092
Q138607677	6000000016602940403
Q138607683	6000000015871052431
Q138607695	6000000000604889809
Q138607704	6000000188944444859
Q138607706	6000000073357913162
Q138607711	6000000037880102381
Q138607716	6000000101022927763
Q138607719	6000000016603136041
Q138607726	6000000027661596924
Q138607729	6000000000604364029
Q138607730	6000000075311236971
Q138607731	6000000020673569340
Q138607733	6000000020675458013
Q138607736	6000000008493476801
Q138607737	6000000000604274049
Q138607738	6000000027661560881
Q138607746	6000000075311392836
Q138607749	6000000020674329323
Q138607750	6000000073357754338
Q138607752	6000000185925557863
Q138607755	6000000075322666850
Q138607756	6000000009310107136
Q138607757	6000000008488840977
Q138607758	6000000132975191833
Q138607760	6000000057718603896
Q138607761	6000000111842685823
Q138607762	6000000181067681821
Q138607763	6000000057717592134
Q138607764	6000000207994759850
Q138607766	6000000165058586842
Q138607812	6000000040128790972
Q138607844	6000000193352122821
Q138607888	6000000056921994890
Q138607889	6000000051313320595
Q138607891	6000000016352287644
Q138607897	6000000016336315316
Q138607898	6000000013548722212
Q138607934	6000000016336358049
Q1386087	6000000163494533832
Q138608770	6000000024845911147
Q1386090	6000000028005070860
Q138609062	4156839066460049958
Q138609161	6000000038223052527
Q138609171	6000000000456700316
Q138609175	6000000000445490349
Q138609187	6000000000445490359
Q138609201	6000000000445537247
Q138609217	6000000000445615505
Q138609252	6000000012689218218
Q138609253	6000000007324360247
Q138609255	6000000006127177259
Q138609296	6000000012687748403
Q138609304	6000000006603283737
Q138609385	6000000012687593799
Q138609392	6000000012687848867
Q138609528	6000000016336669397
Q1386097	6000000001132922212
Q138609888	6000000000445594456
Q138610047	6000000000445592354
Q138610188	6000000042085581885
Q138610242	6000000178307819826
Q138610250	6000000178307489827
Q138610275	6000000178303249972
Q138610406	6000000209662387826
Q138610418	6000000178306806833
Q138610470	6000000184206169837
Q1386105	6000000179755206836
Q138610508	6000000004148786261
Q138610712	6000000014535066179
Q138611170	6000000017763450109
Q138611265	6000000018275730458
Q138611335	6000000003386150320
Q138611455	6000000192846030935
Q138611458	347874449610010265
Q138611483	6000000000550016835
Q138611500	6000000018798167440
Q138611507	6000000018798162209
Q138611513	6000000053262055069
Q138611523	6000000018500928174
Q138611527	6000000018500891132
Q138611534	6000000008488034560
Q138611537	6000000031687720906
Q138611881	6000000026365756735
Q138611953	6000000008813815184
Q138611979	6000000009101735572
Q138612002	6000000014473890691
Q1386123	6000000005099407421
Q138612521	6000000018128473030
Q1386131	6000000084841818020
Q138615250	6000000014516266742
Q138615477	6000000016336789174
Q138616010	6000000011308147353
Q1386165	6000000010506294640
Q138616560	6000000138536532010
Q138616686	6000000186700812849
Q138617086	6000000014519147569
Q138617278	6000000013100841983
Q1386199	6000000000320093864
Q138620818	6000000022483926334
Q138621739	6000000009738554229
Q1386243	6000000004857575246
Q138624313	6000000002300482682
Q138624829	6000000002300482689
Q138625530	6000000145539555942
Q138625772	6000000019263388556
Q13862598	6000000025705248367
Q138626376	6000000019325045439
Q138626768	6000000002300482697
Q138626944	6000000002300482705
Q138627359	6000000019300086585
Q138627403	6000000074567985110
Q138627507	6000000019300757395
Q138627886	6000000002300482729
Q1386279	6000000042780454730
Q138628090	6000000002300482737
Q138628468	6000000019286304674
Q138628619	6000000019286946675
Q138629123	6000000019286938377
Q138629316	6000000019287063129
Q138629696	6000000002300482745
Q138630184	6000000002300482713
Q138630403	6000000002300482721
Q138630626	6000000019300552529
Q138630970	6000000210273401882
Q138631261	6000000008410412024
Q138631338	6000000008410435914
Q138631472	6000000209648639868
Q138631578	6000000008409336188
Q138631728	6000000008412840724
Q138631830	6000000008412840734
Q138631980	6000000008414356473
Q138631995	6000000008414488245
Q138632017	6000000008413602269
Q138632039	6000000008413031630
Q138632062	6000000056964991856
Q138632077	6000000025741532112
Q138632084	6000000025740935408
Q138632114	6000000008415368442
Q138632182	6000000030938749594
Q138632228	6000000030938964035
Q138632531	6000000080703501312
Q138632537	6000000017111462358
Q138632563	6000000017573938929
Q138632568	6000000098841687899
Q138632578	6000000098841848021
Q138632776	6000000012077184481
Q138632792	6000000038169631577
Q138632923	6000000016632792057
Q138632933	6000000016687211215
Q138632946	6000000016686830870
Q138632961	6000000017574901298
Q138633010	6000000017576297216
Q138633034	6000000017584868486
Q138633045	6000000017576297222
Q138633390	6000000015424762472
Q138633878	6000000021273831534
Q138633999	6000000030040958952
Q138634174	6000000017383465655
Q138634239	6000000000580529618
Q1386353	6000000007513090205
Q1386358	6000000056341403963
Q1386369	6000000026271282374
Q1386372	6000000014339096683
Q138637313	6000000023423003812
Q138637734	6000000030593302172
Q138637914	6000000022485145282
Q138637964	6000000008413883200
Q138637972	6000000008414470305
Q138637985	6000000008411153761
Q138637991	6000000008411836611
Q138638022	6000000008412524438
Q138638033	6000000008412002264
Q138638037	6000000008410570043
Q138638050	6000000008410426984
Q138638060	6000000008410960785
Q138638086	6000000072971595074
Q138638104	6000000131057639832
Q138638118	6000000131054027828
Q138638136	6000000131038906845
Q138638146	6000000076217386830
Q138638165	6000000034625095971
Q138638260	6000000021458174034
Q138638284	6000000009480428755
Q138638295	6000000009481489460
Q138638619	6000000001586131031
Q138638645	6000000001586198187
Q138638915	6000000014515339654
Q138638953	6000000037517175462
Q138639013	6000000131189240928
Q138639014	6000000002293704891
Q138639017	6000000002412141127
Q138639025	6000000011739168452
Q138639026	6000000002293698720
Q138639028	6000000006419104805
Q138639033	6000000000658942287
Q138639051	6000000037517063018
Q138639155	6000000198414020871
Q138639198	6000000020154692098
Q138639257	6000000224179393946
Q1386411	6000000005931218518
Q1386416	6000000141851265156
Q1386420	6000000001185982335
Q1386439	6000000018155874053
Q138645179	6000000037001805155
Q138645186	6000000025981556175
Q13864562	6000000139686251900
Q138645774	6000000001853130459
Q138645896	6000000006907133588
Q138645916	6000000000211099915
Q138645917	6000000000658885484
Q138645919	6000000006907024912
Q138645926	6000000012651738281
Q1386460	6000000057431835199
Q138646016	6000000009327342029
Q138646017	6000000009327598500
Q138646018	6000000013147613462
Q138646020	6000000009327598504
Q138646021	6000000004149227737
Q138646022	6000000002766650411
Q138646032	6000000053096181838
Q138646033	6000000003939509609
Q138646034	6000000003939509556
Q138646036	6000000003939509536
Q138646037	6000000003937997092
Q138646039	6000000000490989824
Q138646074	6000000011301064400
Q138646076	6000000011301050506
Q138646077	6000000011300342102
Q138646078	6000000010310653166
Q138646254	6000000025983425317
Q138646273	6000000048756959904
Q138646349	6000000001585991618
Q138646423	6000000213083933827
Q138646543	6000000015043050047
Q138646543	6000000086402445827
Q138646554	6000000014017798963
Q138649327	6000000000497541677
Q138649588	6000000018305390993
Q138649604	6000000076811845542
Q138649905	6000000178634836841
Q138650	6000000001744971531
Q138650453	6000000210813433821
Q138650693	6000000040701307506
Q1386511	6000000016569443364
Q138651270	6000000013516454023
Q138651821	6000000032377109828
Q138653287	6000000017499735013
Q1386535	6000000033255550911
Q138653614	6000000048290821996
Q138654340	6000000188453545924
Q138654420	6000000028073815127
Q138654428	6000000002716376704
Q138654429	6000000041852021089
Q138654430	6000000003160786310
Q138654431	6000000002652129422
Q138654433	6000000003522605513
Q138654441	6000000003938259892
Q138654444	6000000041851871387
Q138654457	6000000028073193410
Q138654468	6000000085517356908
Q138654471	6000000028073124569
Q138654475	6000000011637893882
Q138654476	6000000000161483423
Q138654512	6000000002712439129
Q138654550	6000000000250594382
Q138654569	6000000003388985665
Q138654584	6000000003388985783
Q138654595	6000000007454453799
Q138654596	6000000007454453694
Q138654598	6000000007454355229
Q138654600	6000000001913201064
Q138654602	6000000003693233509
Q138654603	6000000000484733152
Q138654604	6000000001913032457
Q138654606	6000000011494026293
Q138654607	6000000003693242301
Q138654702	6000000014727940326
Q138654705	6000000194130144847
Q138654743	6000000008439454818
Q138654745	6000000192925881829
Q138654748	6000000004680268343
Q138654749	6000000004680167979
Q1386549	6000000029422059268
Q138655370	6000000136351005843
Q138656593	6000000018871130165
Q138656746	6000000136351948833
Q1386569	6000000017433943139
Q138657130	6000000030246781942
Q138657530	6000000090132386451
Q138658	6000000016828900278
Q1386580	6000000040954699074
Q138658770	6000000071881076927
Q138658774	6000000071884283821
Q138658779	6000000012513895448
Q138658787	6000000012512539225
Q138658794	6000000012513737001
Q138658844	6000000027949623715
Q138658891	6000000012859236486
Q1386589	6000000173688808180
Q138658900	6000000024987345094
Q138658921	6000000027873208256
Q138658932	6000000198044592915
Q138658954	6000000033083347907
Q138658963	6000000033083269458
Q138658977	6000000012512387042
Q138658987	6000000006953236345
Q138659018	6000000000083171140
Q138659023	6000000000083132349
Q138659027	6000000000083028551
Q138659032	6000000014621147126
Q138659040	6000000000082961704
Q138659054	6000000000093472113
Q138659071	6000000006715403527
Q138659076	6000000075398934262
Q138659099	6000000000093466058
Q138659163	6000000011570222463
Q138659169	6000000020154019131
Q138659179	6000000022615918000
Q138659185	6000000022615897241
Q138659426	6000000024958078385
Q138659635	6000000075406503953
Q138659731	6000000075406593843
Q138659763	6000000075406517866
Q138659948	6000000014620687716
Q138660272	6000000075405176050
Q138660401	6000000201452629842
Q138660415	6000000014745630525
Q138660433	6000000014745648621
Q138660441	6000000014745591800
Q138660791	6000000076171201954
Q138660793	6000000076171395888
Q138661827	6000000025359056561
Q138664064	6000000011942913660
Q138664320	6000000090238884959
Q138664490	5034582288150050687
Q138664521	6000000023344945012
Q138664522	6000000002908907711
Q138664527	4668044359160127760
Q138664559	6000000022438116966
Q138664561	6000000022438080926
Q138664565	6000000000555150912
Q138664568	6000000000555547795
Q138664578	6000000002275735685
Q138664596	6000000003938113539
Q138664598	6000000000490985895
Q138664962	6000000007865108044
Q138665207	6000000017901069427
Q138665224	4553137284230074849
Q138665308	6000000188697316828
Q138665450	6000000011814860412
Q138665654	6000000008472362538
Q138665664	6000000000608835860
Q138665669	6000000000608924796
Q138665670	6000000008779019453
Q138665682	6000000008186980560
Q138665692	6000000002909110612
Q138665721	6000000000113903141
Q138665728	6000000002244359079
Q138665738	6000000001402288043
Q138665739	6000000000894053141
Q138665741	6000000080119793084
Q138665742	299572184800003629
Q138665748	6000000000676664943
Q138666120	6000000188710935885
Q138666240	6000000203956258851
Q138666338	6000000198414413842
Q138666375	6000000007413623019
Q138666568	6000000033066307411
Q138666636	6000000022922525965
Q138666668	6000000015515807062
Q138666691	6000000007936056396
Q138666733	6000000008436392384
Q138666821	6000000010626550850
Q138667138	6000000002954953915
Q138667278	6000000002955190090
Q138667589	6000000018568852575
Q138667631	6000000018568672959
Q138667704	6000000048479200899
Q1386691	6000000013122930712
Q1386709	6000000027289569064
Q1386727	6000000143236896849
Q138672814	6000000010199043458
Q138672818	6000000013210499239
Q138672820	6000000011394895429
Q138673023	6000000027359119067
Q138673163	6000000003882342109
Q138673298	6000000009919900856
Q138673683	6000000004309339196
Q138673684	6000000004309339129
Q138673685	6000000021477344104
Q138673766	6000000000443283982
Q138673770	312627908120006436
Q1386741	4161906175390054778
Q138674290	6000000078544745874
Q138674300	6000000018568581941
Q138674924	6000000028295757591
Q138674928	6000000028296012376
Q138674934	6000000028295800814
Q138675058	6000000017579262088
Q1386753	6000000040293685918
Q138676060	6000000028295960256
Q138676072	6000000000289853864
Q138676161	6000000028296390826
Q138676176	6000000017113384313
Q138676179	6000000028296199245
Q1386767	6000000147252356967
Q1386773	6000000021353129694
Q138678454	6000000020893623784
Q138678456	6000000004337874215
Q138678538	6000000005390076552
Q138678563	6000000082436476568
Q138678628	6000000017042001200
Q138678658	6000000007615850530
Q138678686	6000000012211594102
Q138679018	6000000028296282864
Q138679028	6000000028295599584
Q138679170	6000000022748037043
Q138679468	6000000014067869107
Q138679543	6000000007361187300
Q138680401	6000000028056650454
Q138680506	6000000014340766336
Q138682444	6000000188869104832
Q138683027	6000000037254822850
Q138683090	6000000079839986672
Q138683203	6000000025660785451
Q1386836	6000000015084389491
Q138683794	6000000217318405834
Q138684646	6000000007777206693
Q138684805	6000000008841334789
Q138684938	6000000022129185111
Q138684987	6000000119319000893
Q138685003	6000000027151096789
Q138685055	6000000015828030202
Q138685121	6000000103366921009
Q138685128	6000000002423540120
Q138685220	6000000007360793208
Q138685274	6000000003610292168
Q138685963	6000000090949399832
Q138685985	6000000063020883872
Q138686009	6000000090949596848
Q138686031	6000000090949747967
Q138686052	6000000090951127911
Q138686065	6000000003667199070
Q138686205	6000000029776426031
Q138686274	6000000013804616032
Q138686283	6000000018933872144
Q138686331	6000000084915037429
Q138686366	6000000193570504825
Q138686473	6000000025662800127
Q138686509	6000000138328989124
Q138686510	6000000071813977006
Q138686538	6000000083559040099
Q138686894	6000000050970333871
Q138686895	6000000054351537850
Q138687063	6000000073357945086
Q138687321	6000000045610431821
Q138687323	6000000008415705592
Q138687456	6000000008489095967
Q138687475	6000000002549207015
Q138687649	6000000025141826208
Q138687685	6000000042839979475
Q138687730	6000000085378330869
Q138687731	6000000085378225826
Q1386899	6000000042380177127
Q138690	6000000008828391356
Q1386906	6000000015863793135
Q138690830	6000000035682491081
Q138690868	6000000061855666821
Q138690879	6000000061855850858
Q138690991	6000000061856177821
Q138691007	6000000061857348824
Q138691013	6000000061857598822
Q138691020	6000000035682618826
Q138691121	6000000026135300475
Q138691125	6000000013408239867
Q138691141	6000000013408434932
Q138691155	6000000110429380930
Q138691160	6000000013408013110
Q138691391	6000000085026759004
Q138691394	6000000085027000915
Q138691473	6000000042215524324
Q138691734	6000000003058584193
Q138691737	6000000003050374086
Q138691739	6000000003058045870
Q138691806	6000000112062095013
Q138691959	6000000030851772420
Q138691961	6000000006958330209
Q138691973	6000000027660034695
Q138692050	6000000075309530345
Q138692053	6000000075319520899
Q138692199	6000000008437117102
Q138692432	6000000008530342853
Q138692636	6000000020673344591
Q138692638	6000000029968160511
Q138692734	6000000177589542873
Q138692755	6000000209645907833
Q138692805	6000000199606408840
Q138692865	6000000006885396415
Q138692957	6000000033073351007
Q138692959	6000000033073197253
Q138693170	6000000036484581934
Q138693240	6000000033111581162
Q138693516	6000000011115335294
Q138693654	6000000032909211877
Q138693686	6000000126847322821
Q138693705	6000000083002068532
Q138693707	6000000148119341833
Q138693935	6000000008488874195
Q138694149	6000000017345709544
Q138694150	6000000017345730195
Q138694189	6000000207994659876
Q138694220	6000000137618299891
Q138694324	6000000005086914360
Q1386944	6000000012449183935
Q138694475	6000000002651154130
Q138694643	6000000111923016922
Q138694989	6000000038143501400
Q138695376	6000000020652474120
Q138695379	6000000020660607804
Q138695421	6000000011095563694
Q138695509	6000000077698943099
Q138695510	6000000077701504866
Q138695713	6000000204130827827
Q138696257	6000000067832659927
Q138696647	6000000224527394844
Q138696784	6000000043099231003
Q138696815	6000000039747187857
Q138696817	6000000030761077985
Q138696994	6000000039038773094
Q138697009	6000000180065429876
Q138697016	6000000064299242978
Q138697068	6000000201488186889
Q138697219	6000000003777017702
Q138697315	6000000006885547100
Q138697318	6000000054751430020
Q138697341	6000000003877516215
Q138698046	6000000028707480651
Q138698123	6000000014955936350
Q1386991	6000000009038144922
Q138699178	6000000003866460095
Q138699294	6000000002886758810
Q138699391	6000000018115511853
Q138699499	6000000006851776023
Q138699503	6000000052371004902
Q138699734	6000000223904622001
Q138699840	6000000070643758021
Q138700026	6000000180066421843
Q138700105	6000000056196487851
Q138700227	6000000011070270676
Q138700273	6000000057718786851
Q138700275	6000000057718477832
Q138700305	6000000214653155821
Q138700382	6000000162666594846
Q138700383	6000000162666998915
Q138700426	6000000218820807601
Q138700464	6000000073357874257
Q138700606	6000000004688772957
Q138700632	6000000052892173866
Q138701818	6000000061020506891
Q138702318	6000000090934136906
Q138702432	6000000185649519868
Q138702441	5535915489040062582
Q138702528	6000000064575719859
Q138702734	6000000025148737167
Q1387035	6000000156646997821
Q1387038	6000000012223489077
Q138704236	6000000008470370738
Q138704430	309066866540003877
Q1387059	6000000010009617963
Q138706293	6000000019614438764
Q138706318	6000000043113247483
Q138706383	6000000004010689967
Q138706447	6000000001311639537
Q138706840	6000000097796605852
Q138706890	6000000020039601317
Q138707819	6000000018163356321
Q138708442	6000000024408074350
Q138708445	6000000015633265874
Q138709333	6000000016142078004
Q138709590	6000000207594311822
Q138709594	6000000000604345003
Q138710015	6000000004094794204
Q1387102	6000000008415958180
Q138710345	6000000007692032086
Q138710543	6000000179369886822
Q138710744	6000000026791593283
Q138710799	6000000088503728934
Q138711410	6000000119100552906
Q138711425	6000000009928022888
Q138711542	6000000077114762906
Q138711578	6000000077117805162
Q138712	6000000031178604962
Q138713965	6000000219319449907
Q138714503	6000000204005270827
Q138714545	6000000007014361257
Q138714635	6000000019036989459
Q138714653	6000000026861713948
Q138714922	6000000043856283457
Q138715050	6000000045473628171
Q138715205	6000000223835192883
Q138715232	6000000013715878452
Q138715250	6000000018092428682
Q138715276	6000000008138656405
Q138715704	6000000010974490264
Q138715765	6000000027721049352
Q138715779	6000000022692709274
Q138715784	6000000007012504181
Q138715820	6000000017875795697
Q1387164	6000000017917440778
Q138717363	6000000038833493965
Q138717481	6000000193056861821
Q138717533	6000000017209400848
Q138717542	6000000204004806882
Q138717565	6000000031124310019
Q138717910	6000000031337743341
Q138718119	6000000031160914834
Q138718141	6000000038710148937
Q138718278	6000000046280445895
Q138719444	6000000031921129188
Q138719450	6000000025038847846
Q138719874	6000000038709002001
Q138719886	6000000038731571977
Q138719957	6000000039433611912
Q138719969	6000000084155114111
Q138719981	6000000183483486824
Q138720002	6000000161618597822
Q138720332	6000000005049618054
Q138720342	6000000032458306843
Q138720500	6000000222127170855
Q138720686	6000000044818939419
Q1387224	6000000030817194367
Q138722665	6000000001481283593
Q1387234	6000000023809179298
Q1387262	6000000022806366884
Q138727223	6000000027707764999
Q138727491	6000000009500575546
Q138728100	6000000015995929721
Q138728451	6000000009232540454
Q138728707	6000000026544606101
Q138729222	356055158770003393
Q1387300	6000000167062436974
Q138730080	6000000021528260983
Q138730291	6000000222205770909
Q138730450	6000000004217348643
Q138730462	6000000222263961845
Q138730583	6000000222264163823
Q138730633	6000000008126416818
Q138730741	6000000222247874861
Q138730789	6000000003900349686
Q138730880	6000000029425757156
Q138730987	6000000014240973925
Q138731100	6000000004087477339
Q138731202	6000000028361490258
Q1387316	6000000071026349020
Q138732142	6000000008267327220
Q138732194	6000000221974698828
Q138732203	6000000221974589830
Q138732209	6000000165659928825
Q138732230	6000000015714280729
Q138732243	6000000015714472011
Q138732449	6000000179507728880
Q138732975	6000000161624335870
Q138733012	6000000017926191348
Q138733077	6000000039435525210
Q138733117	6000000038708249603
Q138733132	6000000023034229263
Q1387332	6000000015216207851
Q138733981	6000000085587360990
Q138735605	6000000042135758137
Q138736288	6000000014586382500
Q138736302	6000000014586538019
Q138736324	6000000029820106554
Q1387401	6000000076772406141
Q138744966	6000000025632178854
Q138745	6000000041877827101
Q138745258	6000000028810467889
Q138745300	6000000015714151368
Q138745315	6000000015713948619
Q138745334	6000000189445773142
Q138745532	6000000014132202382
Q138745535	6000000014132099795
Q138745661	6000000070389864105
Q138745732	6000000029488004994
Q138745737	6000000029488146474
Q138745930	6000000016123469260
Q138745943	6000000010420722040
Q138745961	6000000006265028183
Q138745967	6000000006265092272
Q138746026	6000000010521242198
Q138746035	6000000010521287176
Q138746042	6000000014831162845
Q138746812	4492591947550061994
Q138747276	6000000008326918536
Q138747287	6000000007471475742
Q138747291	6000000008302677611
Q138747295	6000000007936294204
Q138747299	6000000019087808654
Q138747304	6000000012566690260
Q138747366	6000000015524923432
Q138747474	6000000032433592000
Q138747516	6000000010800258827
Q138747553	6000000010373708813
Q138747609	6000000200505622860
Q138747620	6000000030793896050
Q138747631	6000000008649943041
Q138747642	6000000006974672549
Q138747650	6000000004128001863
Q138747660	6000000010607782079
Q138747676	6000000014198383354
Q138747684	6000000001730472586
Q138747760	6000000011284559381
Q138747771	6000000001688165576
Q138748601	6000000204005236828
Q138748952	6000000102846006981
Q138748968	6000000020798613690
Q138748991	6000000178512586836
Q1387492	6000000005598808464
Q138749637	6000000029819131965
Q138749693	6000000152485292864
Q138749709	6000000001382987871
Q138749709	6000000152485375856
Q138749710	6000000152484959843
Q138749730	6000000029157341941
Q138750239	6000000108546527107
Q138750356	6000000152486004837
Q138750379	6000000029157264231
Q138750383	6000000191094784833
Q138750425	6000000191094520855
Q138750433	5426010137880046989
Q138750435	6000000082012102832
Q138750441	6000000191094761832
Q138750455	6000000191094567860
Q138750473	6000000014132183248
Q138750479	6000000014132187492
Q138750496	6000000033523496133
Q138750508	6000000030918187749
Q138750533	5449403436390108651
Q138750551	6000000007407666414
Q138750559	6000000001382987878
Q138750574	6000000030855418082
Q138750606	6000000056962608300
Q138750637	6000000055522053858
Q138750647	6000000126935388843
Q13875096	6000000036857240070
Q138751175	6000000025308534306
Q138751255	6000000025308209316
Q138751301	6000000143941583856
Q138751513	6000000015997821372
Q138751779	6000000015997788401
Q138751783	6000000015997233986
Q1387518	6000000007602743663
Q1387519	6000000179128355825
Q138751922	6000000212881293823
Q138752073	6000000016685876880
Q138752090	6000000031048234487
Q138752109	6000000012774155364
Q138752119	6000000009060597821
Q138752131	6000000008538822530
Q138752169	6000000027297691412
Q138752237	6000000008798076193
Q138752311	6000000006720236139
Q138752340	6000000104611835827
Q138752358	6000000104657309885
Q138752395	338314572470012778
Q138752409	6000000010899431274
Q138752525	6000000042014980109
Q138752533	6000000198683021855
Q138752544	6000000015720705494
Q138752557	6000000015720619903
Q138752607	6000000008211628139
Q138752608	6000000030385541496
Q138752609	6000000188750725884
Q138752649	6000000204005350827
Q138752684	6000000007872398629
Q138752715	6000000162663177822
Q138753482	5426010124980046983
Q138753993	6000000001382987843
Q138754390	6000000058654210923
Q138755058	6000000048506887255
Q138755090	6000000006123228079
Q138756027	6000000006123228085
Q138756123	6000000048506199821
Q138756212	6000000048506554951
Q138756793	6000000036205256916
Q138756841	4757122816390063954
Q1387569	6000000029814093193
Q138757358	6000000018373360166
Q138757444	6000000087813623892
Q138757606	6000000064825524030
Q138757744	6000000007500160756
Q1387579	6000000019024982165
Q138758001	6000000012448555484
Q138758689	5631392717880082098
Q138759185	6000000021791067267
Q138759939	6000000009053752306
Q138760136	6000000010340740622
Q138760832	6000000008809824142
Q138761862	6000000031250297418
Q138762341	6000000029236877104
Q138762374	6000000029344368450
Q138762405	6000000008648340599
Q138762456	6000000020867499506
Q138762468	6000000007425920644
Q138762552	6000000008061343538
Q138762840	6000000003747429939
Q138763089	6000000025755815178
Q138763135	6000000006996600423
Q138763534	6000000025308779949
Q138763535	6000000224183389915
Q138763834	6000000029818982739
Q138763912	6000000028992418265
Q138763917	6000000028992577056
Q138763964	6000000029819102994
Q1387641	6000000086650331290
Q138764197	6000000184555946877
Q138764219	6000000071271157012
Q1387643	6000000023450779512
Q1387647	6000000040478591427
Q138766496	6000000009876063236
Q138767294	6000000000110178356
Q138768005	6000000002178780161
Q138768302	6000000038066264495
Q138769	6000000016533586869
Q138770345	6000000190447560104
Q138770379	6000000190458995452
Q1387704	6000000179564217833
Q138771615	6000000006726729489
Q138771736	6000000008357892323
Q138772121	6000000008173741565
Q138772298	6000000007242652491
Q1387723	6000000042741437976
Q138772337	6000000008656856400
Q138772371	6000000007242796285
Q138772379	6000000025427622873
Q138772412	6000000007242681691
Q138772413	6000000007931634232
Q138772642	6000000007242787483
Q138772722	6000000011122370184
Q138772761	6000000007352748659
Q138772787	6000000010381088439
Q138772839	6000000008018707253
Q1387731	6000000028313911971
Q138773686	6000000085738423848
Q138773689	6000000085789048890
Q1387747	6000000019091862269
Q1387749	6000000017964981370
Q1387751	6000000078523845351
Q1387766	6000000011837107593
Q1387785	6000000014486770236
Q138778737	6000000018924652284
Q138780179	6000000008714049548
Q138780185	6000000006165960950
Q138780197	6000000009777307443
Q13878026	6000000026745059080
Q138780354	6000000176087769860
Q138780405	6000000008397724028
Q138780426	6000000012193550136
Q138780549	6000000132261753917
Q138780551	6000000019412316043
Q138780561	6000000184962491821
Q138780564	6000000031760724986
Q138780598	6000000008251243077
Q138780709	6000000009336750755
Q138780852	6000000006442362392
Q138780859	771836
Q138780937	6000000002196412429
Q138781097	6000000200882132824
Q138781100	6000000013406519222
Q138781125	6000000015043001110
Q138781313	6000000200881389879
Q1387814	6000000022196759431
Q138781638	6000000026506355511
Q138781768	6000000010556920247
Q138781777	6000000010556857321
Q138781848	6000000189853593850
Q138781942	6000000085375419061
Q1387821	6000000033135997519
Q138782594	6000000018717433764
Q1387828	6000000182722889846
Q138783435	6000000014775461888
Q1387836	6000000040525278860
Q1387837	6000000033433189098
Q1387853	6000000007176295289
Q138786797	6000000037330663870
Q1387868	6000000043279568885
Q138786878	6000000007313342578
Q138786928	6000000006449465255
Q138786960	6000000017961865560
Q138786988	6000000224559976871
Q1387875	6000000079096078441
Q138787775	6000000020433768657
Q138787799	6000000018810813231
Q138787855	6000000025265124777
Q138787898	6000000008943250022
Q138787924	6000000009199033170
Q138787992	6000000008871035862
Q138788029	6000000023783659780
Q138788032	6000000008291297079
Q138788043	6000000008538226919
Q138788086	6000000023784334897
Q138788141	6000000009859154147
Q138788176	6000000030047008572
Q138788179	6000000000954429406
Q138788188	6000000006363904652
Q138788193	6000000011560203902
Q138788195	6000000009838326558
Q138788197	6000000008799846210
Q138788198	6000000007314839288
Q138788235	6000000009358695149
Q138788237	6000000009358834188
Q138788239	6000000009358860791
Q138788241	6000000009358744962
Q138788243	6000000038766884320
Q138788244	6000000039135707531
Q138788246	6000000001647771120
Q138788247	6000000000770982856
Q138788367	6000000072420635731
Q138788367	6000000200872499847
Q138788383	6000000147506031821
Q138788390	6000000174511097907
Q138788608	6000000180577961948
Q138788765	6000000178979515826
Q138789447	6000000204322280831
Q138790169	6000000139949204821
Q1387911	6000000003524741441
Q138791271	6000000018096199604
Q138791404	6000000025283969041
Q1387918	6000000073973856847
Q138793902	6000000026606549622
Q138793937	6000000086139312003
Q138794045	6000000008409330053
Q138794052	6000000008409706749
Q138794074	5472874177860038355
Q138794075	6000000021010492713
Q138794093	6000000008426518945
Q138794098	6000000220478792849
Q138794112	6000000021010490796
Q138794125	6000000008799492756
Q138794132	6000000003613968368
Q138794137	6000000131666437821
Q138794166	6000000008799624607
Q138794176	6000000003613968459
Q138794194	6000000048245818842
Q138794235	6000000008799715698
Q138794253	6000000008799731377
Q138794291	6000000010939157865
Q1387945	6000000018104947435
Q138794624	6000000007398135516
Q138794650	6000000007309378329
Q138794693	6000000009317042030
Q138794734	6000000007984932889
Q138794767	6000000013330414710
Q138794843	6000000008329967293
Q138794856	6000000008777934602
Q138794885	6000000007386146140
Q138794909	6000000007371220169
Q138794929	6000000007989310932
Q138795073	6000000004217928855
Q138795311	6000000041605958311
Q138795317	6000000032374466898
Q138795392	6000000015896784137
Q138795450	6000000018670543109
Q1387957	6000000059394614948
Q138796693	6000000017151000093
Q138796866	6000000059139461823
Q1387970	6000000031868565204
Q1387981	6000000017478014253
Q1387994	6000000037888409362
Q138800934	6000000010648507392
Q1388010	6000000034875511113
Q138801045	6000000033739292858
Q138801113	6000000033738970518
Q138801671	6000000085922680899
Q138803737	6000000001358375342
Q138804011	6000000034185369776
Q138804728	6000000013524582018
Q138804802	6000000009162012007
Q138804833	6000000008110423451
Q138805897	6000000011704804366
Q138806070	6000000043673430264
Q138806097	6000000224595642881
Q138806111	6000000043675352998
Q138806126	6000000014025091116
Q138806514	6000000010398610348
Q138806599	6000000012022869450
Q138806655	6000000011545353314
Q138806753	6000000010673603392
Q138806870	6000000224560106852
Q138806883	6000000224568836827
Q138806902	6000000049051504217
Q138806919	6000000018044329179
Q138806947	6000000062697454905
Q138806974	6000000185839863825
Q138806975	6000000058148363016
Q138807139	6000000071807128344
Q138807161	6000000000217337437
Q138807171	6000000012914603654
Q138807187	6000000012914681043
Q138807195	6000000012914819245
Q138807213	6000000012914567093
Q138807221	6000000000217144581
Q138807250	6000000000510775229
Q138807359	6000000160092124821
Q138808208	6000000026761274430
Q138808994	6000000036448297874
Q1388109	6000000009602641774
Q13881221	6000000033790089002
Q1388169	6000000002333758129
Q138817087	6000000160097790843
Q138817465	6000000039137893252
Q138817467	6000000039138437038
Q1388181	6000000008174466264
Q138818381	6000000118381048909
Q138818867	6000000008386159822
Q138818917	6000000019079684313
Q138818971	6000000032836377866
Q138819105	6000000014048935492
Q138819141	6000000006603754466
Q138819166	6000000012149136927
Q138819196	6000000017600757478
Q138819208	6000000003549357326
Q138819267	6000000011204517340
Q138819279	6000000039137812934
Q138819280	6000000008240943021
Q138819281	6000000039137581079
Q138819333	6000000007969897399
Q138819376	6000000003766892271
Q138819429	6000000028690645946
Q138819445	6000000012282937418
Q138819628	6000000039138813613
Q138819628	6000000185565360496
Q138819673	6000000180580536821
Q1388198	6000000124120596857
Q138819912	6000000014570076938
Q138820371	6000000058664047353
Q138820922	6000000028707763404
Q138820942	6000000054320273009
Q138820943	6000000014955897115
Q138820945	6000000002838647300
Q138820947	6000000002838637977
Q138820948	6000000006201447244
Q138820955	6000000002958086501
Q138820957	6000000002958132055
Q138821070	6000000003918444014
Q138821073	6000000003918458371
Q138821074	6000000004079484436
Q138821077	6000000003918441074
Q138821078	6000000004035305105
Q138821083	6000000169806005988
Q138821087	6000000040936357723
Q138821089	6000000001959302624
Q138821092	6000000003918441091
Q138821093	6000000004095014754
Q138821100	6000000003090864675
Q138821101	6000000001080356622
Q138821102	6000000001080356300
Q138821105	6000000001080361584
Q138821132	4492535607900047726
Q138821134	4491836338280077597
Q138821136	4491816442460120263
Q138821476	6000000008824578468
Q138821478	6000000034433975066
Q138821481	6000000002172626077
Q138821518	6000000002955128069
Q138821519	6000000002955124186
Q138821523	6000000002955069821
Q138821524	6000000001498781060
Q138821525	6000000001498359723
Q138821526	6000000000597149116
Q138821529	6000000002953871195
Q138821550	6000000041922215822
Q138821560	6000000041921831083
Q138821562	6000000041919877795
Q138821708	6000000003882543479
Q138821709	6000000091024390882
Q138821713	6000000097216488822
Q138821796	5426047960060068937
Q138821797	6000000002677769356
Q138821798	6000000000518023935
Q138821799	6000000002860685205
Q138821802	5426047896150068931
Q138821803	6000000000517852976
Q138821804	6000000004047076769
Q138821813	6000000002677769259
Q138821817	6000000003940367545
Q138821818	4388423805640120285
Q138821820	6000000000517765336
Q138821828	6000000000517765326
Q13882197	6000000031851222429
Q138822044	6000000014158807508
Q138822058	6000000169646834857
Q138822066	6000000043263815380
Q138822080	6000000043263979235
Q138822083	326702317700007775
Q138822121	6000000070681322821
Q138822157	6000000070708264933
Q138822167	6000000043263752773
Q138822182	6000000043263942563
Q138822196	6000000043264364012
Q138822217	6000000193549334831
Q138822224	6000000193549226852
Q138822231	6000000193549187859
Q138822236	6000000193549446821
Q138822246	6000000193549375832
Q138822258	6000000023726573748
Q138822282	6000000017611179623
Q138822286	6000000013043145396
Q138822287	6000000001959269648
Q138822288	6000000001959389097
Q1388223	6000000179077633829
Q138822301	6000000001959389091
Q138822303	6000000004078074110
Q138822317	6000000003182367982
Q138822318	6000000003182514512
Q138822321	6000000215476692821
Q138822323	6000000000769855589
Q138822334	6000000000769855611
Q138822353	6000000084385532261
Q138822399	6000000006727971960
Q138823483	6000000003508341229
Q138823495	6000000032932196065
Q138823508	6000000033071577300
Q138823543	6000000033089641950
Q138824071	6000000033117821413
Q138824079	6000000017638677407
Q138824410	6000000009118476731
Q138824556	6000000024074523914
Q138824569	6000000010566307014
Q1388246	6000000022190094842
Q138824602	6000000008402377740
Q138824639	6000000006971397081
Q138827520	6000000182140600852
Q138827545	6000000085339702975
Q138827869	6000000178512036858
Q138827994	6000000180579856876
Q138829330	6000000184556522822
Q138832	6000000140445662902
Q1388348	6000000151675939054
Q138835679	6000000006898738477
Q1388365	6000000124993390833
Q138836637	6000000011882924424
Q138836726	6000000174871971297
Q138836729	6000000007761713392
Q138836747	6000000102675996839
Q138836758	6000000048530195213
Q138836902	6000000001815089863
Q138836919	6000000004838413594
Q138836934	6000000029175807090
Q138836941	6000000002174945992
Q138836943	6000000006165964679
Q138836950	6000000006895150466
Q138836963	6000000007638502794
Q138837016	6000000006727971938
Q138837022	6000000076854879485
Q138837048	6000000027502007163
Q138837053	6000000000834356613
Q138837056	6000000006442362372
Q138837058	6000000000702403171
Q138837060	6000000000702432112
Q138837066	6000000017648922777
Q138837073	6000000001525522654
Q138837131	6000000001713036571
Q138837134	6000000188476878830
Q138837135	6000000002335214271
Q138837139	6000000007007235249
Q138837140	6000000000311507516
Q138837349	6000000008291244473
Q138838201	6000000180580525825
Q138838633	6000000085589022930
Q138838706	6000000200871775842
Q138838708	6000000200870769822
Q138838760	6000000085587435014
Q138838764	6000000085587751910
Q1388396	6000000151134262022
Q138839825	6000000052378693906
Q138840244	6000000179383808866
Q138843466	6000000021532732017
Q138843489	6000000208220830832
Q138843499	6000000006099189806
Q138843515	6000000021532442240
Q138843567	6000000009214658927
Q138843675	6000000053167395848
Q138843697	6000000016731405395
Q138843858	6000000058665027866
Q138843865	5059246031290132993
Q138843918	6000000022415918026
Q138844642	6000000224652943877
Q138844672	6000000224653138826
Q138844777	6000000009644612672
Q138844812	6000000025427017658
Q138844870	6000000008138958253
Q138844952	6000000030590910919
Q138845171	6000000025086729067
Q138845274	6000000015413716196
Q138845314	6000000052944512993
Q138845412	6000000145880229939
Q138846	6000000014497789935
Q138846510	6000000190948829829
Q138848461	6000000038604057953
Q138848474	6000000038603781171
Q138848643	6000000038602334468
Q138848660	6000000038601809515
Q138848668	6000000016352437368
Q138848928	6000000075252084821
Q138848959	6000000073394143106
Q138850	6000000024695000648
Q138850002	6000000034099775106
Q138850092	6000000010408581712
Q138850248	6000000006559112012
Q1388503	6000000000506001540
Q138850360	6000000085540746087
Q1388514	6000000003298781096
Q1388518	6000000030795048029
Q1388522	6000000002919036906
Q1388530	6000000025259479642
Q1388550	6000000089463050846
Q138855610	6000000029780800283
Q1388558	379118373970012450
Q1388565	6000000031768587245
Q138857068	6000000189854050884
Q138857170	6000000024552327728
Q138857185	6000000004955000695
Q138857225	6000000010618433337
Q138857301	6000000007612387281
Q138857310	6000000030599187236
Q138857318	6000000010858834689
Q138857328	6000000008232393456
Q138857370	6000000008425226056
Q138857453	6000000147133268950
Q138857468	6000000028181230713
Q138857476	6000000007208245352
Q138857492	6000000008237399513
Q138857755	6000000018402213440
Q138857919	6000000019170234891
Q138857963	6000000033635068632
Q138857997	6000000033635468357
Q138858020	6000000068325893844
Q138858118	6000000002240524191
Q138858168	6000000217979857859
Q138858429	6000000006767428073
Q138858481	6000000002240493311
Q138858587	6000000224707094825
Q138858621	6000000024185031095
Q138858665	6000000024184968311
Q138858697	6000000024171997031
Q138858711	6000000024171939336
Q138858761	6000000024171866262
Q138858771	6000000024172030994
Q1388588	6000000025610976203
Q138858826	6000000008705743933
Q138858893	6000000020436482411
Q138858970	6000000008123591432
Q138859102	6000000008840954323
Q138859165	5592191386190030612
Q138859525	6000000021121711035
Q138860057	6000000030840612541
Q1388604	6000000172576384103
Q138861091	6000000003868162702
Q138862133	6000000046341765895
Q138862162	6000000213493455822
Q138862167	6000000034670303468
Q138862318	6000000074675464132
Q138862703	6000000080587917167
Q1388628	6000000077900680026
Q138863138	6000000190347070824
Q138863472	6000000021908902094
Q138863490	6000000017548852642
Q138863661	5592191407610030618
Q138864044	6000000015788277761
Q138864080	6000000015788482933
Q138864195	6000000015788589157
Q138864236	6000000019152483535
Q138864254	6000000105730600833
Q138864287	6000000193251092821
Q138864319	6000000021477448054
Q138864333	6000000023825941789
Q138864339	6000000007346835703
Q138864452	6000000010607178431
Q138864466	6000000008195292657
Q138865868	6000000103445584910
Q138865896	6000000003645115757
Q138866002	6000000024642102911
Q13886603	4898204797270063741
Q138866128	6000000017324577154
Q1388664	6000000021135695192
Q138866475	6000000008922936733
Q138866697	6000000008109699399
Q138866964	6000000013313416955
Q138867056	6000000022425205009
Q138867083	6000000007296695782
Q138867092	6000000185709687821
Q138867095	6000000015709124901
Q138867102	6000000003083008369
Q138868335	6000000025711366632
Q138868350	6000000180134853932
Q138870995	6000000081077022860
Q1388723	6000000008889775972
Q138872463	6000000223653276878
Q138872681	6000000000336251670
Q138872748	6000000002316884931
Q138872838	6000000030072474043
Q138872871	6000000002684582937
Q138872873	6000000008307950795
Q138872926	6000000025080573722
Q138872930	6000000004883050543
Q138872947	6000000007804504624
Q138873154	6000000100832202943
Q138874453	365065263160006216
Q138874519	6000000008712590485
Q138874559	6000000004825976318
Q1388746	6000000020573374026
Q138875883	6000000001372835982
Q138875950	6000000025861435660
Q138877910	6000000014245822611
Q138877913	6000000014960580505
Q138877915	6000000024513059207
Q138877924	6000000099225461870
Q138877927	6000000101689933894
Q138879462	6000000090589793603
Q13888	6000000015395890591
Q1388800	6000000184884884824
Q138881067	6000000008230676756
Q138881156	6000000192712459827
Q138881520	6000000011670635228
Q138881546	6000000000129327286
Q138881550	6000000000129334543
Q138882378	6000000002624034525
Q138882986	6000000001823788949
Q1388833	4791274
Q138884885	6000000021629717682
Q138885153	6000000102352093130
Q1388853	6000000177655430823
Q1388865	6000000019870678010
Q1388867	6000000008496933748
Q1388872	6000000077230058464
Q1388885	6000000007343790063
Q1388908	6000000004630238223
Q13889249	6000000023756903629
Q1388934	6000000029654803305
Q138896864	6000000185648841871
Q138896879	6000000185739995837
Q138897005	6000000016304191425
Q1388971	6000000024048967766
Q138897354	6000000025585099057
Q138897459	6000000010040339615
Q138897463	6000000028026443846
Q138897517	6000000010038103816
Q138897539	6000000028026443852
Q138897569	4093099
Q138897574	6000000024694625487
Q138897578	6000000002917614584
Q138897582	6000000006442284562
Q138897622	6000000024695005241
Q138897627	6000000003868327565
Q138897638	6000000122540808444
Q138897774	6000000054427348947
Q138897779	6000000054427490128
Q138897784	6000000003937778825
Q138897800	6000000054427452892
Q138897833	6000000003937778831
Q138897838	6000000006821163368
Q138897852	6000000054427310954
Q138897858	6000000092678425280
Q138897873	6000000070500384954
Q138898550	6000000024375757554
Q138898563	6000000002577127448
Q138898622	2113869
Q138898826	6000000043953381961
Q138899334	6000000020177613732
Q1389040	6000000016882046550
Q1389049	6000000019382540352
Q1389056	6000000053706571093
Q1389068	6000000075572965886
Q1389078	6000000018674581244
Q1389083	6000000016153822264
Q1389085	6000000010806655226
Q1389090	6000000031769472843
Q1389093	6000000007509021951
Q1389098	6000000054650048415
Q1389102	6000000027522924675
Q138910361	6000000192248885606
Q138910365	6000000118396997077
Q138910371	6000000003079443619
Q138910765	6000000006264469044
Q138910806	6000000006265089319
Q138910808	6000000010422177625
Q138910810	6000000010420867134
Q138910813	6000000010422259550
Q138910814	6000000010421584730
Q138910872	6000000006328578124
Q13891091	6000000139446124875
Q138911001	6000000012179485365
Q13891109	6000000015642519972
Q138911097	6000000006441770028
Q138911109	6000000008578253532
Q138911711	6000000007644241158
Q138911737	6000000007168032213
Q138911781	6000000033117818945
Q138911983	6000000081683226854
Q138912097	6000000015478617650
Q1389121	6000000181929570993
Q138912397	6000000006918957429
Q138914298	6000000019350036068
Q138914484	6000000010495810460
Q138914779	6000000017641571360
Q138915090	6000000015983805030
Q138915437	6000000008413108931
Q138916904	6000000025694184508
Q1389258	6000000018714454047
Q1389266	6000000008731665539
Q138928989	6000000004557197087
Q138929055	6000000014154866220
Q138929643	6000000002765740711
Q138929713	6000000004846631705
Q138929719	6000000001758170369
Q138929927	6000000014115928008
Q138929948	6000000009571556310
Q138930026	6000000009571030138
Q138930036	6000000009614350379
Q138930159	6000000007962262314
Q138930165	6000000084420108224
Q138930172	6000000017793564633
Q138930181	6000000006589243352
Q138930187	6000000003003712038
Q138930194	6000000006589171396
Q138930200	6000000006589171410
Q138930281	6000000007231448962
Q1389332	4263603049460053829
Q138933887	6000000075606160842
Q138937124	6000000015015639413
Q138937130	6000000015015640468
Q138937291	6000000006299629019
Q138937299	6000000006299539097
Q138937448	6000000014736931515
Q138937450	6000000009571574980
Q138937459	6000000008420747768
Q138937500	6000000014737189146
Q138937506	6000000006146676226
Q138937511	6000000018048310193
Q138937525	6000000018047703914
Q138937529	6000000011252860209
Q1389376	6000000014311631092
Q138937623	6000000018047703909
Q138937692	6000000011252986210
Q138937698	6000000018047963743
Q138937880	6000000014015564081
Q138937956	6000000002115897106
Q138938982	6000000008418972818
Q138939094	6000000008419800256
Q138939278	6000000023983545974
Q138939418	6000000084521674432
Q1389396	6000000011398714112
Q13894	6000000010541700950
Q138942	6000000021012710124
Q138944995	6000000109070356004
Q138945189	6000000028804729540
Q138945285	6000000001912502533
Q138945940	6000000022757122404
Q138946346	6000000084522183126
Q138946553	6000000014092969054
Q138946925	6000000020257834685
Q138946932	6000000001573969601
Q138947020	382192023390011434
Q138947160	6000000001585873980
Q138947251	6000000001537907691
Q138947312	6000000188786371826
Q138947379	6000000004849669191
Q138947453	6000000224773856052
Q138947519	6000000024683299446
Q138947542	6000000010752587278
Q138947558	6000000000445572363
Q138947911	6000000024683584175
Q1389485	6000000013381380774
Q138949268	6000000022145730239
Q138949478	6000000085594712915
Q138949628	6000000031228559362
Q138949771	6000000085588740931
Q138949911	6000000021540783558
Q138949975	6000000016236924374
Q1389552	3989326981230020187
Q1389569	6000000021694822576
Q1389602	6000000048941184266
Q1389603	6000000025181960309
Q1389656	5386471009150042581
Q138966928	6000000015734759844
Q138967001	6000000001504576368
Q138967288	6000000203828753842
Q138968329	6000000006346800075
Q138968357	6000000006346814607
Q1389698	6000000077911758094
Q138971833	6000000063528648254
Q138971834	6000000007384666206
Q138971836	6000000186870281892
Q138972981	6000000024035872748
Q138973174	6000000081299400117
Q138973235	6000000081321005994
Q138974476	6000000013345569652
Q1389746	6000000056341766964
Q1389748	6000000007980783734
Q138975011	6000000172490002736
Q138975718	6000000029240891914
Q138976328	6000000016178951927
Q138976843	6000000002187468735
Q138977407	6000000158395233855
Q138977542	6000000021328283886
Q138977934	6000000224795495830
Q138978238	6000000004649114016
Q138978241	6000000007632275745
Q138978274	6000000007632275745
Q138978288	6000000026819300696
Q138978304	6000000029473202226
Q138978967	6000000205560365821
Q138979071	6000000012764599457
Q138979093	6000000007031707367
Q138979285	6000000070138286821
Q1389796	6000000015310109898
Q13898	6000000010450482099
Q138995022	6000000035445195114
Q138996803	6000000225120536884
Q138996884	6000000083026314438
Q1390003	6000000022991329998
Q139000384	6000000010655110489
Q139007465	6000000011513673378
Q139007686	6000000016372083531
Q139007843	6000000011511865496
Q139007892	6000000011513379127
Q139008323	345477617460012958
Q1390084	6000000031052850655
Q13900927	6000000073611782854
Q1390105	6000000020680750042
Q1390108	6000000193207650823
Q139012480	6000000032373036977
Q139016069	6000000015646697004
Q1390195	6000000105387850826
Q139019537	6000000096172718027
Q139019805	6000000002924460749
Q139019854	6000000011513921314
Q139019959	6000000020984795312
Q139020371	6000000010212944490
Q139020742	6000000009893909484
Q139021166	6000000051250047090
Q139021657	6000000009739568661
Q139021714	6000000077119384963
Q1390228	376540483230012942
Q139024759	6000000006335315111
Q1390268	6000000011723192112
Q139026858	6000000008660115132
Q139027465	6000000007805571467
Q139028596	6000000013377430946
Q139029704	6000000014221209571
Q139030688	6000000009767176460
Q139031000	6000000006997542393
Q139031858	6000000008996510875
Q139032184	6000000038817287003
Q139033448	6000000012641197457
Q139033715	6000000006127612646
Q1390340	6000000011744561669
Q139035297	6000000011812326804
Q1390353	6000000008861751994
Q139035622	6000000085588066833
Q139037807	6000000015404047472
Q139037912	6000000002734588479
Q1390390	6000000006349629366
Q139039023	6000000001924860916
Q139040906	6000000006998879420
Q139040988	6000000040477516852
Q139041031	6000000012133864072
Q139041115	6000000020250748346
Q139041206	6000000033011496155
Q1390443	6000000006421063543
Q1390451	6000000003149759390
Q139046841	6000000049542888882
Q139047034	6000000049542888882
Q139047455	6000000005598027905
Q139047460	6000000076032178947
Q1390484	6000000044073301692
Q1390488	6000000021666097372
Q1390515	6000000137020638834
Q139052	6000000104959190821
Q1390532	6000000007694965231
Q1390544	6000000212665616825
Q139055	6000000134063410938
Q1390563	6000000157936647827
Q1390571	6000000142692244836
Q1390581	6000000010600992974
Q1390594	6000000014233005241
Q1390598	6000000033276698269
Q1390599	6000000004108519116
Q1390604	6000000071402601174
Q1390614	6000000003880261576
Q139062243	6000000018542786109
Q1390624	6000000101029446909
Q139062647	6000000018299647417
Q139063429	6000000012978553016
Q139064703	6000000006847488869
Q139065436	6000000006589193962
Q139069253	6000000004843034418
Q139069547	6000000005025053901
Q139069573	6000000008638206020
Q139069606	6000000007977778694
Q139069809	6000000013790447501
Q139070490	6000000008284090456
Q139070511	6000000026145772535
Q139070907	6000000011615489722
Q139071345	6000000020984145971
Q139071422	6000000000475033615
Q139071466	6000000057790697007
Q1390715	6000000009016560207
Q139071977	6000000079154953840
Q139072097	6000000010740647167
Q139072586	6000000004540395580
Q139073370	6000000057250602829
Q139073392	6000000009550843638
Q139074690	6000000172882746822
Q139082142	6000000095250190847
Q139082411	6000000095277913842
Q139082440	6000000095276801908
Q1390828	352293294070010734
Q1390828	6000000103768051026
Q1390829	6000000031815750933
Q139083322	6000000025013823996
Q139083451	6000000025012993648
Q139083581	4151766
Q139083635	6000000011400533347
Q139083650	6000000006617771002
Q139083749	6000000084965387959
Q139083776	6000000024889681706
Q1390838	6000000040214623032
Q1390839	6000000040128042487
Q1390865	6000000008682265329
Q13909	6000000002742902340
Q1390901	6000000008715765446
Q1390925	4102684512390054416
Q1390934	6000000026750952575
Q139094064	6000000014912454090
Q1390965	6000000072983456352
Q139098	6000000015774247253
Q1391004	6000000008309860086
Q139104261	6000000079253571324
Q139109566	6000000197383277821
Q139113830	6000000224845552839
Q139115928	6000000080702260111
Q139115928	6000000194817518822
Q1391199	6000000022749520572
Q139121	6000000032197937893
Q139121124	6000000217789285872
Q139129352	6000000053194070821
Q1391319	6000000016344279070
Q1391355	6000000010549168075
Q1391435	6000000043428919418
Q1391466	6000000175757649928
Q139146650	6000000077253827100
Q139146653	6000000021910084766
Q139146657	6000000032125394478
Q139146709	6000000021910055597
Q139146714	6000000056837529833
Q139146720	6000000056838439879
Q139148209	6000000007384492056
Q139148358	6000000007384562718
Q139148461	6000000008365716893
Q139148979	6000000001563213733
Q1391502	6000000000779982317
Q1391533	6000000014095105167
Q1391543	6000000013067955692
Q1391598	6000000001633592678
Q139160406	6000000013092735711
Q139160509	6000000013092027954
Q139160533	6000000000300478114
Q139161681	6000000001958438381
Q1391626	6000000005583510138
Q139164	6000000065131666898
Q139173315	6000000003070732171
Q139173316	6000000006822826214
Q139173511	6000000004045187117
Q139173513	6000000017809622955
Q139173530	6000000001660349027
Q1391758	6000000180433674943
Q139187234	6000000001944762995
Q139187686	6000000000250528855
Q1391913	6000000074699791831
Q1391980	6000000153709939853
Q1391996	6000000013195447497
Q139199711	6000000031180045377
Q139199714	6000000031180463960
Q1392013	6000000016916832750
Q139206338	6000000104694987840
Q139207111	6000000002764361609
Q1392079	6000000177462974825
Q1392118	6000000001188788604
Q1392121	6000000004968028991
Q139215295	6000000006245336720
Q139216053	6000000067724269821
Q139220127	6000000081123517871
Q139223	6000000040948081877
Q1392286	330786741110006157
Q1392289	6000000000176627184
Q1392324	6000000002842223075
Q139232478	6000000065993614879
Q1392340	6000000166669513894
Q1392358	6000000018917807176
Q139236722	6000000039157834970
Q1392368	6000000093422555925
Q1392377	6000000138386611824
Q139237789	6000000105027754841
Q139238678	6000000017884482376
Q1392402	6000000001379983026
Q1392402	6000000209563630822
Q139242519	6000000005598770959
Q139242680	6000000005598770971
Q1392445	6000000028317705273
Q1392478	6000000075129872351
Q1392483	6000000016542889342
Q139249480	6000000020169249869
Q139249481	6000000027471762187
Q139249482	6000000001180378979
Q139249509	6000000027471948066
Q139249510	6000000109687488163
Q139249512	6000000006348492273
Q139249515	6000000000966140019
Q139249521	6000000006348492279
Q139249523	6000000012360941327
Q139249533	6000000046406535354
Q139249534	6000000026312035552
Q1392499	6000000145526010865
Q139250151	6000000012914019184
Q139250152	6000000016395628894
Q139250153	6000000016395820050
Q139250158	6000000003938400596
Q139250184	6000000001363832425
Q139250186	6000000000600118589
Q139250190	6000000006444478838
Q139250215	6000000022078559811
Q139250224	6000000005275460008
Q139250225	6000000002918691454
Q139250228	6000000022078053125
Q139250230	6000000009648330670
Q139250261	6000000000658125250
Q139250264	6000000050161809924
Q139250269	6000000009648299900
Q139250275	6000000012225050996
Q139250340	6000000015447501298
Q139251060	6000000008038856547
Q139251122	6000000102703483917
Q139251269	6000000062922040942
Q139251293	6000000029248330280
Q139251316	6000000041640591008
Q139251319	6000000000484644672
Q139251329	6000000001744732484
Q139251358	6000000041640474111
Q139251365	6000000008307985209
Q139251387	6000000020369586211
Q139251402	6000000020369509398
Q139251404	6000000003352490285
Q1392515	6000000173849256825
Q1392523	4118605536680023366
Q1392550	6000000007328596157
Q139255231	6000000025175556073
Q139255300	6000000009171098440
Q139255376	6000000008189291285
Q139255488	6000000006576884443
Q1392556	6000000002225046286
Q139255773	6000000220240692855
Q139256009	6000000000007232866
Q139256169	6000000004217348964
Q1392562	6000000002666803110
Q139256219	6000000009897485926
Q139256271	6000000201898770858
Q139256313	6000000007833122032
Q139256621	6000000008517381202
Q139256786	6000000021604190199
Q1392583	6000000084132846059
Q1392595	6000000001177908360
Q1392598	6000000013658084670
Q1392618	6000000016313665268
Q1392629	6000000002666792619
Q139266075	6000000012351529586
Q1392676	6000000015517263193
Q139268172	6000000025794156511
Q139269306	6000000023422093204
Q139269496	6000000023421864512
Q139269503	6000000023421941356
Q139269650	6000000023422151002
Q139269960	6000000024758071007
Q139270668	6000000008352631954
Q139270700	6000000033762153280
Q139270729	6000000011306377017
Q139270759	6000000012298471096
Q139270785	6000000027430187640
Q139270842	6000000105943764838
Q139270919	6000000035417011590
Q1392717	6000000000289366488
Q139274340	6000000003678542476
Q139274872	6000000010871453939
Q139277124	6000000000700525224
Q139278123	6000000007870067155
Q139278604	6000000029202619327
Q1392830	6000000026190676310
Q139285678	6000000017116930912
Q139285849	6000000007984088824
Q1392867	6000000049092007962
Q139287183	6000000005585239403
Q139287914	3742273
Q139288121	6000000008072398767
Q139288646	6000000033940104282
Q139289320	6000000210034077822
Q139290216	6000000067845650888
Q139294960	6000000085375936907
Q139294962	6000000085376070851
Q1392981	6000000014705692424
Q139301049	6000000033936571288
Q139303557	6000000001584506847
Q139304386	6000000020265323143
Q139304451	6000000050805081952
Q139304493	6000000020265302936
Q139304510	6000000020265208138
Q139304659	6000000001623341526
Q139309130	6000000043179642202
Q139309231	6000000221358668851
Q1393103	6000000058901186833
Q1393117	6000000026091721762
Q1393163	6000000029077989038
Q139317303	6000000002637090742
Q139318095	6000000002154014858
Q139318702	362646184290013123
Q139318805	6000000007398987363
Q139319364	6000000024830396884
Q139319425	6000000024824231648
Q1393205	6000000037801641595
Q139321176	6000000034025942839
Q1393227	6000000006718066339
Q139322949	6000000011545221533
Q139322993	6000000114644024863
Q139323345	6000000003282731282
Q139323367	6000000007040325444
Q139323391	6000000010320670325
Q139323463	6000000002387960100
Q139323683	6000000029056392529
Q139323690	6000000055044831860
Q139323711	6000000024726337631
Q139323743	6000000039795828563
Q139323815	6000000009130516405
Q139323884	6000000224915820942
Q139324173	6000000224916113837
Q139324178	6000000027220643205
Q139324197	6000000014184377730
Q1393242	6000000013329318527
Q139324224	6000000027220643199
Q139324356	6000000014177097025
Q139325	6000000014535724653
Q1393256	6000000009469135100
Q139325753	6000000023923531035
Q139325789	6000000016255755003
Q139325842	6000000197394370267
Q139326179	6000000015754755202
Q139328206	6000000182355430824
Q139328421	6000000171718514487
Q1393285	6000000044793688878
Q1393295	6000000025753803886
Q139329501	6000000013302218009
Q139329776	6000000006729022700
Q139330	6000000025621075017
Q1393331	6000000122810106832
Q1393349	6000000176742372847
Q139339429	6000000046285155023
Q139340728	6000000046285110066
Q139340776	6000000046285223931
Q1393425	6000000180849543839
Q139343648	6000000046253315143
Q139344381	6000000046253152189
Q139344391	6000000046252966361
Q139344397	6000000046253495889
Q139344403	6000000046286034193
Q139346	6000000178830471826
Q139349866	6000000046253537861
Q139352679	6000000034701342716
Q139354751	6000000046252805450
Q1393598	6000000069805787272
Q1393629	6000000024915855275
Q139364	6000000021489322240
Q1393695	6000000019994958791
Q139373178	6000000024375484955
Q1393733	6000000001289653087
Q139373304	6000000073441918821
Q139373308	6000000018108468001
Q139373350	6000000169011986613
Q139373365	6000000169013247007
Q139373395	6000000173442034946
Q139373528	6000000022159879504
Q139373562	6000000022160041478
Q139373670	6000000075636748831
Q139373678	6000000008606560190
Q1393742	6000000006595913219
Q139374632	6000000040515146935
Q139374942	6000000009557285703
Q139374978	6000000034270071298
Q139375111	6000000018164804278
Q139375326	6000000041388554267
Q139375508	6000000027378619984
Q139376051	6000000010844092597
Q139376185	6000000046370032049
Q139376194	6000000000311668476
Q139376248	6000000004086446510
Q139376281	357479615040013736
Q139378958	6000000079505479843
Q139378958	6000000222723783982
Q139379093	6000000046251415599
Q139379094	6000000046251820351
Q139379097	6000000046251915165
Q139379099	6000000222722665766
Q139379100	6000000046252219841
Q139379181	6000000046251474523
Q139379325	6000000079505451919
Q139379325	6000000222756572821
Q139379663	6000000046252467849
Q139379829	6000000011163149621
Q139379833	6000000018211150136
Q139379902	6000000046252478842
Q1393800	6000000014118461047
Q139380153	6000000046252075184
Q139380156	6000000046252496855
Q139380157	6000000046251773685
Q139380915	6000000180009849919
Q139380930	6000000147148781956
Q139380964	6000000009078100743
Q139381215	6000000217269120865
Q139381216	6000000217269172834
Q139381276	6000000071717012457
Q139381397	6000000008923323640
Q139382113	6000000187260564842
Q139382129	6000000004086696814
Q139382187	6000000026983768038
Q139382361	6000000039119035074
Q139382387	6000000004005145014
Q139382429	6000000006836919573
Q139382459	6000000028689042276
Q139382487	6000000041806164334
Q139382526	6000000085678805123
Q139382634	6000000012748172101
Q139382760	6000000095433025848
Q139382833	6000000007277931549
Q139382849	6000000207848880828
Q139382890	6000000090663103936
Q139382892	6000000007511140795
Q139382927	6000000224589522828
Q139382935	6000000009006159694
Q139383001	6000000035284425454
Q139383043	6000000207846363822
Q139383061	6000000011029507278
Q139383593	6000000085592428839
Q139384222	6000000012274368467
Q1393843	6000000029760139123
Q139384329	6000000012274029731
Q139384432	6000000176587112830
Q139385718	6000000020447805445
Q139385760	6000000020447805440
Q139385773	6000000020446564235
Q139385796	6000000020446353409
Q139385828	6000000018077824121
Q139386179	6000000043179794981
Q139386304	6000000020447132316
Q139386395	6000000206194194839
Q139386458	6000000046252451915
Q1393865	6000000020779218887
Q139386519	6000000046252075152
Q139386611	6000000205794211858
Q139386866	6000000046282936153
Q139386940	6000000046283220821
Q139387116	6000000046283452467
Q139387270	6000000046253364973
Q139387306	6000000046253209158
Q1393879	6000000013630615132
Q1393911	6000000114138614907
Q1393912	6000000176710227848
Q139393080	6000000178100170864
Q139393149	6000000004086736626
Q139393155	6000000118032963866
Q139393227	6000000027816539886
Q1393935	6000000002588878993
Q139393535	6000000017864731727
Q139393545	6000000042650089863
Q139393596	6000000010068785334
Q139393676	6000000009236014207
Q139394476	6000000085592212882
Q139394610	6000000021213318233
Q139394690	6000000002776564045
Q139394717	6000000085739539893
Q139394752	6000000004642694239
Q139394774	6000000085434911962
Q139394799	6000000019240887532
Q139394837	6000000009697454121
Q139395450	6000000004330742684
Q139395880	6000000035676930372
Q139396299	6000000012556355175
Q1393964	6000000022347572945
Q1393972	6000000023811135391
Q139397590	6000000002336259617
Q139398010	6000000002336408368
Q139398774	6000000204248207090
Q139399053	6000000178492371872
Q139399053	6000000210925642828
Q139399676	6000000204248207061
Q1393997	6000000058150108970
Q1394	6000000010018573170
Q139401104	6000000183007405863
Q139401133	6000000183007484833
Q139403994	6000000085680604013
Q1394068	6000000063954898866
Q1394093	6000000009241219259
Q139410369	6000000085540377978
Q139410377	6000000085541462828
Q139410462	6000000085680257947
Q139410472	6000000069434962821
Q139410646	6000000046567612213
Q139410662	6000000008771820228
Q1394107	6000000030233047120
Q139411233	6000000021785832006
Q139411245	6000000021784756862
Q139411270	6000000029477221192
Q139411329	6000000021661697740
Q139411447	6000000015037482142
Q139411743	6000000012073682409
Q139411801	6000000007550735988
Q139411866	6000000031152113830
Q139412254	6000000224979045859
Q139412625	6000000177135410821
Q139412895	6000000085680929142
Q139413019	6000000008740430857
Q139413033	6000000008680683603
Q139413056	6000000008135728460
Q139413223	6000000017096602376
Q139413318	343229102720013941
Q139413436	6000000003228557635
Q139413494	6000000002542989270
Q139413536	6000000021720126853
Q139413626	6000000027556992342
Q139413632	6000000173738279471
Q139413698	6000000029694511927
Q139414	6000000025484512749
Q1394141	6000000156804820858
Q139414223	6000000010552433940
Q139414265	6000000024667032796
Q139414391	6000000018405611515
Q139414650	6000000179902721827
Q139414652	6000000179902533847
Q139417833	6000000001250713329
Q139418373	6000000208108117829
Q139418512	6000000190788617897
Q1394194	6000000178069617834
Q1394204	6000000010002255737
Q1394238	6000000120600429853
Q1394309	6000000014621949441
Q139431535	6000000013578075235
Q1394344	6000000017638045251
Q1394349	6000000015258789884
Q1394358	6000000011659683693
Q1394371	6000000065011309969
Q1394376	6000000174666402839
Q139438	6000000080417479934
Q139439244	6000000019225188069
Q139439252	6000000009807989312
Q139439310	6000000019105176039
Q139439311	6000000009777188707
Q139439361	6000000023524007016
Q139439373	6000000024713929246
Q139439375	6000000024713818353
Q139439396	6000000024714010492
Q139439411	6000000100801754822
Q139439413	6000000100801754872
Q139439429	6000000100801285988
Q139439431	6000000100801286603
Q139439433	6000000001928835113
Q139439442	6000000003043377276
Q139439506	6000000100801754894
Q1394411	6000000068369581966
Q139442144	6000000000295494044
Q1394448	366042735470013352
Q139448049	6000000026799422800
Q139448208	6000000034749806193
Q139449232	6000000008186183732
Q139449529	6000000007216714285
Q139449563	6000000085540538046
Q139450291	6000000146487444858
Q139450524	6000000016916080366
Q139451471	6000000016916214016
Q139451606	6000000047544566916
Q139452185	6000000032946098325
Q139452906	6000000146483349822
Q139453046	6000000037347720960
Q139453362	6000000146483289831
Q1394536	6000000027106389017
Q139453796	6000000003275202028
Q139453968	6000000011723218982
Q139454141	6000000011722589050
Q1394543	6000000007803749409
Q139454979	6000000011725115355
Q139455184	6000000011725132235
Q1394559	6000000017536344006
Q139456213	6000000089955722900
Q139456226	6000000089955034209
Q139456240	6000000089955783011
Q139456258	6000000006926968235
Q139456297	6000000089955774941
Q139456312	6000000029923212528
Q139456323	6000000007683751972
Q1394572	6000000185483363832
Q1394574	6000000181967633841
Q139458913	6000000014691811250
Q139458936	6000000004105839705
Q139459025	6000000018301499973
Q139459119	6000000017289371795
Q139459340	6000000008274950739
Q1394623	6000000145776623832
Q139462637	6000000009618382285
Q139463177	6000000146484295833
Q139463461	6000000146490250045
Q139463911	6000000007272702682
Q139464569	6000000009206619540
Q139465240	6000000009205819539
Q139465430	6000000009206292855
Q139465976	6000000013658356752
Q139466871	6000000030452369912
Q1394687	6000000069591784065
Q1394690	6000000036793094939
Q139469713	6000000001180349628
Q139469715	6000000009125474522
Q139469820	6000000008630356731
Q139469822	6000000004086589706
Q139469844	6000000004086446438
Q139469845	6000000018384272368
Q139469864	6000000001145263351
Q139469866	6000000004086358447
Q139469908	6000000004086736552
Q139469934	6000000008107202149
Q139469955	6000000004877371558
Q139470036	6000000023137515211
Q139470242	6000000030411507424
Q139470282	6000000010220475892
Q139470484	6000000068971733942
Q13947156	6000000069592881859
Q139471579	6000000008630666922
Q1394717	6000000024624345956
Q139472	6000000041911996728
Q139472258	6000000016738779057
Q1394726	6000000000726618128
Q1394730	6000000055555520992
Q139473148	4110589195280055410
Q139473162	6000000002364705448
Q139473230	6000000002364676960
Q139473244	6000000001500495138
Q139473474	6000000013302193766
Q139473477	6000000029246460193
Q139473479	6000000029246587898
Q139473493	6000000013546372709
Q139473514	6000000029246510162
Q139473515	6000000000605540364
Q139473517	370065000330006073
Q139473519	370081199940002114
Q139473586	6000000040514894260
Q139473589	6000000045776933118
Q139473596	6000000040515113917
Q139473622	6000000041388399681
Q139473654	6000000055965956931
Q139473658	6000000041055139758
Q139473661	6000000007950789422
Q139473930	6000000000274100980
Q139474054	6000000000424148389
Q1394744	6000000069381983856
Q1394747	6000000055168405130
Q139474701	6000000001679213329
Q1394760	6000000018019416844
Q139476144	6000000000498210922
Q139477089	6000000000498420455
Q1394780	6000000017823717511
Q139478158	6000000020529356824
Q139480344	6000000012156829830
Q139480463	6000000000238341327
Q1394805	6000000166455324829
Q139480713	6000000026158592877
Q139480720	6000000002068272470
Q1394839	6000000157510401838
Q1394857	358698155940010709
Q1394862	6000000035624132146
Q139487415	6000000040266039313
Q139487505	6000000040341159026
Q139487506	6000000019172782237
Q139488062	6000000000460694504
Q139488094	6000000008714374359
Q139488666	6000000001679098857
Q139488725	6000000000101260223
Q139488847	6000000001642437289
Q139492022	6000000007974457967
Q139492038	6000000009697571662
Q139492250	6000000045111925832
Q139492281	6000000010538036518
Q139492347	6000000045112594870
Q139492381	6000000043240090924
Q139492621	6000000078971639910
Q139492707	6000000034981633979
Q139492719	6000000015809383676
Q139492798	6000000078961176950
Q139492841	6000000001912546526
Q139492843	6000000001912588681
Q139492844	6000000001828897061
Q139492850	6000000001912289991
Q139492888	6000000017774856958
Q139492955	6000000017773927719
Q1394931	6000000151395706951
Q139493164	6000000017775289434
Q139493274	6000000024988423499
Q139493660	6000000225020102836
Q139493680	6000000028184813357
Q1394945	6000000050888974860
Q139494892	6000000002506326423
Q139496039	6000000180580076862
Q139497186	6000000010876290931
Q139497609	6000000041612973822
Q139497766	5446826319010078230
Q1394978	6000000085642073887
Q139497803	6000000009695438482
Q139497859	6000000010301752298
Q139498019	6000000073429393289
Q139498177	6000000016638872961
Q139498822	6000000193634915963
Q139498845	6000000055618065961
Q139499	6000000079077357309
Q1394990	6000000013343686897
Q139499114	6000000007286385325
Q139499163	6000000002338472332
Q139499172	6000000056433103072
Q139499365	4757471045640023905
Q1394999	6000000124415082894
Q1395000	6000000003290337403
Q139500638	4757476113640120247
Q139501111	6000000010494637939
Q139501119	6000000010494637934
Q139501122	6000000006944019179
Q139501126	6000000004345704348
Q139501539	5420804415340030438
Q139501604	6000000011254001301
Q139502159	6000000027650707705
Q139502530	6000000006568311051
Q139502697	6000000007024009542
Q139502759	6000000114031774821
Q139502844	6000000007945800786
Q139502978	6000000008590085508
Q139503029	6000000017407301183
Q139503044	6000000008016692314
Q139503059	6000000026534177258
Q139503083	6000000084966112948
Q139503084	6000000026536011303
Q139503088	6000000026535962158
Q139503092	6000000026535929253
Q139503095	6000000026535233759
Q139503116	6000000001564612519
Q139503130	6000000002931107102
Q139503133	6000000005597502136
Q139503138	6000000007834866821
Q139503149	6000000001783452856
Q1395037	6000000020298370655
Q139503875	6000000008658965862
Q139503899	6000000008659100459
Q139503991	6000000086714473908
Q139503994	6000000009162855072
Q139503997	6000000013516361286
Q139504114	6000000043729484502
Q139504193	6000000044387379918
Q139504213	6000000217692174824
Q139504227	6000000004883429939
Q139504243	6000000098105635961
Q139504302	6000000009753875654
Q139504363	6000000044387286093
Q139504387	6000000142642271994
Q139504404	6000000217692148838
Q139504425	6000000023214704418
Q139504533	6000000010372368739
Q1395097	6000000035174368891
Q1395104	6000000027934692932
Q1395112	6000000005615408512
Q1395121	6000000034237937871
Q1395154	6000000096426419852
Q139518499	6000000011829838715
Q139519152	6000000006128111104
Q139519385	6000000007782652322
Q139520	6000000002802829425
Q1395208	6000000030545503187
Q139523	4103652188440054338
Q139526635	6000000023823427842
Q139526781	6000000108551554837
Q139527531	6000000036618411384
Q139528	6000000042913134099
Q139528183	6000000036620401037
Q139531003	6000000184102565847
Q1395333	6000000000575699109
Q1395356	6000000014620028800
Q1395375	6000000212509157840
Q1395399	6000000037742889964
Q139540200	6000000071612253973
Q1395404	6000000023204039246
Q139541117	6000000030644840884
Q139541118	6000000082848611996
Q139541200	6000000010704125916
Q139545800	6000000181472096844
Q139545811	6000000181472521831
Q139546314	6000000116385100947
Q139547	6000000016299642140
Q139547348	6000000147005901088
Q139547461	6000000172921544167
Q139549	6000000008038680841
Q139549858	6000000008676282122
Q139550712	6000000009114967278
Q139550871	6000000009848084991
Q139550996	6000000002153991123
Q139551051	6000000186946002829
Q139551058	6000000040286512776
Q139551269	6000000043060670079
Q139551307	6000000008630356908
Q139551322	6000000008630356923
Q139551337	6000000008630356375
Q139551589	6000000062752758925
Q139551646	6000000020827760427
Q139551650	6000000007636015708
Q139551695	6000000008630356933
Q139551716	6000000008630356370
Q139551756	6000000008630347168
Q139551843	6000000225089222900
Q139551885	6000000225089279854
Q139552	6000000088928465994
Q1395520	6000000041078633223
Q139552019	6000000063347447073
Q139552023	6000000160123556825
Q139552338	6000000016545619180
Q139552490	6000000035742777559
Q139552536	6000000184174192823
Q1395527	6000000028591684846
Q139553510	6000000011844566390
Q139553642	6000000007258511258
Q139553643	6000000000961697986
Q139553654	6000000040293351056
Q139553662	6000000040292758603
Q139553663	6000000040293206936
Q139553664	4905062523860058018
Q139553692	6000000024463696121
Q139553697	6000000055709618117
Q139553698	6000000055641297105
Q139553700	6000000002765160419
Q139553706	6000000007874557494
Q139553710	6000000011944726542
Q139553711	6000000073076481051
Q139553712	6000000016023984181
Q139553713	6000000016023841849
Q139553714	6000000000757370040
Q139553715	6000000000739307353
Q139553720	6000000017823746767
Q139553721	6000000078942765902
Q139553734	6000000002993161595
Q139553964	6000000015620729311
Q139554080	6000000057629662106
Q139554098	6000000224972280902
Q139554103	6000000002368785729
Q139554122	6000000221612841822
Q139554140	6000000204003326114
Q139554158	6000000008249546868
Q139554332	6000000007314689319
Q139556013	6000000076119379998
Q139556020	6000000011991928194
Q139556044	6000000008724653018
Q139556051	6000000008032550620
Q139556159	6000000049181888681
Q139556162	6000000005947881106
Q139556504	6000000019198799417
Q139556537	6000000014748152877
Q139556671	6000000031293607152
Q139557010	6000000151460902027
Q1395572	6000000029010905097
Q1395573	6000000012453445591
Q139557522	6000000003221241164
Q139557634	6000000007631710853
Q139557727	6000000009350749494
Q139557735	6000000010514055474
Q139557824	6000000001897655526
Q139557942	6000000002728506791
Q139558002	6000000016730343363
Q139558240	6000000013554784875
Q139558253	6000000137134109990
Q139558382	6000000020573039307
Q139559078	6000000008924361594
Q139559398	6000000025022998487
Q139559457	6000000043554962914
Q139559614	6000000001916069386
Q139560	6000000071412182936
Q1395600	6000000166884339366
Q139560290	6000000029259799259
Q139561189	6000000096139307844
Q139561838	6000000020455111754
Q1395624	6000000043937192418
Q139562532	6000000010079318024
Q139562591	6000000009471606472
Q139562614	6000000008430506488
Q139562628	6000000019482992418
Q139562735	6000000008956026713
Q139562801	6000000038380756924
Q1395635	6000000023289369927
Q139563723	6000000037627333449
Q139563920	6000000025387208872
Q139564157	6000000022578428763
Q139564560	6000000008737691162
Q139564674	6000000007472730443
Q139564710	6000000008207393595
Q139564847	6000000025385772949
Q139564885	6000000025385204581
Q139564947	6000000025385523524
Q1395650	6000000007847684720
Q1395650	6000000009636704439
Q139565198	4410973348890072819
Q139565218	6000000008604160430
Q139565237	6000000009274823831
Q139565245	6000000001020181149
Q1395655	6000000014655951174
Q1395659	6000000019960866070
Q139566085	6000000000503290448
Q139566370	6000000007292408997
Q139566396	6000000015334062903
Q139566525	6000000003474479444
Q139567328	6000000024362295431
Q139567467	6000000008631917358
Q139567512	6000000225127131879
Q139567610	6000000217124542833
Q139567719	6000000007005287822
Q139567898	6000000000659727395
Q139568094	6000000069291919848
Q139568096	6000000039839301845
Q139568107	6000000027861537384
Q139568113	6000000015333713714
Q139568150	6000000042451964487
Q139568152	6000000042452615850
Q139568154	6000000042463225828
Q139568156	6000000042462924309
Q139568320	6000000023367516946
Q139568333	6000000023367275911
Q139568386	6000000023367282159
Q139568484	6000000172921415944
Q139568762	6000000057340727649
Q139569185	6000000137133644891
Q139570252	6000000008237835462
Q139570391	6000000010799976646
Q139570410	6000000008632959808
Q139570428	6000000005982796001
Q139570556	6000000005908423928
Q139571131	6000000008018242488
Q139571169	6000000008137871701
Q139571210	6000000009473646749
Q139571489	6000000008723287771
Q139571550	6000000020071870062
Q139572468	6000000007300548589
Q1395725	323644990590007777
Q139573293	6000000217123640842
Q139573628	6000000225145671823
Q139574560	6000000164961033027
Q139574730	6000000020879252895
Q139574785	6000000089664485822
Q139574859	6000000225146646931
Q139574911	6000000015405313355
Q139575085	6000000008477235513
Q139575127	6000000015351160757
Q1395757	6000000197829833840
Q139576120	6000000018780780182
Q139576129	6000000017858777798
Q1395773	6000000013815589684
Q139577644	6000000002421152017
Q139577779	6000000225163004832
Q1395791	6000000012452271761
Q1395796	6000000002802227205
Q139580003	6000000202694165923
Q139580006	6000000202693845897
Q139580009	6000000130558318836
Q139580098	6000000026233748754
Q139580254	6000000008934061572
Q139580324	6000000010109895397
Q139580355	6000000008324885815
Q139580366	6000000007549893256
Q139580384	6000000005096475202
Q139580541	6000000078528868859
Q139580549	6000000031058949279
Q139580643	6000000008070651279
Q139582355	6000000225166872957
Q139582376	6000000007141271074
Q139582447	6000000012534388877
Q139582493	6000000078169693450
Q139582494	6000000201898166823
Q139582566	6000000098041785864
Q139582991	6000000013078378872
Q139583147	6000000008434783426
Q139583167	6000000031823912774
Q139583186	6000000015405277662
Q139583215	6000000173165646546
Q139583233	6000000023211851108
Q139583250	6000000018963394090
Q139583293	6000000006939489104
Q139583366	6000000017001055234
Q139583465	6000000223874445849
Q139583509	6000000223887262837
Q139583546	6000000028907604313
Q139583563	6000000223851056843
Q139583567	6000000223719123840
Q139583622	6000000015115251573
Q139583739	6000000028907604307
Q139584042	6000000000429834888
Q139584067	6000000000413049194
Q139584383	6000000112282209840
Q139587303	6000000082435353967
Q1395874	6000000019633388042
Q139587421	6000000003591306795
Q139587908	6000000003216507474
Q139587970	5251301120090071628
Q139588031	6000000005492228011
Q139588090	6000000013194336843
Q139588123	6000000003814547620
Q139588137	6000000048859530889
Q139588550	6000000006291436452
Q139588584	6000000002296809433
Q139589351	6000000002297076143
Q139589358	6000000007481041325
Q139589372	6000000225184427827
Q139589377	6000000007442162329
Q139589433	6000000225184677831
Q139589499	6000000013612549651
Q139589515	6000000225184564827
Q139589562	6000000015937002400
Q139589579	6000000007912002976
Q139589586	6000000018907369225
Q139589597	6000000085376783925
Q1395896	6000000157718465836
Q139589604	6000000010078807694
Q139589607	6000000057242528862
Q139589611	6000000005796570635
Q139589615	6000000005788119110
Q139589616	6000000061634728827
Q139590755	6000000015730680809
Q139590934	6000000015675955804
Q139590943	6000000006591785543
Q139591272	4197282230740033858
Q139591286	6000000000510474204
Q139591316	6000000000829081031
Q1395915	6000000140737178167
Q139591696	6000000016750138255
Q139591711	4197301977190028656
Q139591713	6000000014980089559
Q139592	6000000027878227686
Q139592563	6000000021111218805
Q139592582	6000000071275858851
Q139592601	6000000028105042622
Q139592605	4742480
Q139592610	6000000009357820497
Q139592673	6000000008822808492
Q139592750	6000000026907731271
Q139592757	6000000027667026066
Q139592771	6000000027667104360
Q139592786	6000000027666885689
Q139592824	6000000007167864184
Q139592829	6000000008099221282
Q139593669	6000000220942141841
Q139593752	6000000220211662849
Q139594	6000000072537899831
Q139594061	6000000221716373832
Q139594264	6000000010664116495
Q139594578	6000000203883783855
Q139594618	6000000172697561919
Q139594682	6000000031694187221
Q139594809	6000000009569874296
Q1395951	6000000000448299235
Q1395952	6000000038664907532
Q139595614	6000000008337542247
Q139595973	6000000021825498805
Q139595995	6000000021826424719
Q139596047	6000000017265360066
Q139596051	6000000017326964008
Q139596074	6000000021826063998
Q1395961	6000000038723654853
Q139596204	6000000038236760987
Q139596222	6000000126078655821
Q139596244	6000000126110305093
Q139596251	6000000126109010543
Q139597057	6000000008698509522
Q139597089	6000000021552519141
Q139597131	6000000011344322749
Q1395992	6000000010420126943
Q139600983	6000000007880613069
Q139601006	6000000224813065936
Q139601346	6000000004086391495
Q139601906	6000000025003289009
Q139601951	6000000225217977865
Q139601996	6000000019775241292
Q139601999	6000000027648158935
Q139602030	6000000225219106847
Q139602040	6000000189267710837
Q139602055	6000000007874196757
Q139602127	6000000000648557531
Q139602148	6000000002851750377
Q139602167	6000000027647938900
Q139602179	6000000038364398608
Q139602182	6000000014798107350
Q139602359	6000000007905380827
Q139602390	6000000083831240848
Q139602411	6000000067407745998
Q139602422	6000000000648836067
Q139602571	6000000203824754826
Q139602637	6000000002973364091
Q139602675	6000000019967321211
Q139602685	6000000009515373723
Q139602713	6000000013494606331
Q139602742	6000000006715302970
Q139602758	6000000019966691740
Q139602769	6000000006715350960
Q139602783	6000000019966994243
Q139602792	6000000019967037795
Q139602801	6000000001709406833
Q139602828	6000000009515618320
Q139602890	6000000024788904537
Q139603	6000000021317478005
Q1396031	6000000183105288830
Q139603130	6000000040629862316
Q139603897	6000000012875511292
Q139603929	6000000021507089622
Q139603936	6000000032973159955
Q139603977	6000000085749761847
Q139603996	6000000020267534124
Q139604209	6000000036868506123
Q139604228	6000000205221853828
Q139604233	6000000205221921828
Q139604457	6000000019490558775
Q139604485	6000000189172473836
Q139604560	6000000011092301751
Q139604569	6000000002400282402
Q139604643	6000000017335315217
Q139604685	6000000024278142212
Q139605002	6000000224923457821
Q139605276	6000000003792256541
Q139605431	6000000004298430432
Q139605935	6000000004298280709
Q139606646	6000000025878292847
Q139607137	6000000008355316468
Q139607263	5308188954350049330
Q139607712	6000000003792241802
Q1396080	6000000133674104937
Q139608285	6000000009627377508
Q1396092	6000000145004572959
Q1396100	6000000150861759925
Q139610334	6000000007401097652
Q139611	6000000018641823424
Q139611360	6000000009025641656
Q1396117	6000000076459888154
Q139612	6000000003364373032
Q1396120	6000000001382912757
Q139612770	6000000206369636837
Q139612798	6000000206369719825
Q1396131	6000000009441943146
Q1396169	6000000016937197405
Q1396175	6000000090698422950
Q139617983	6000000002573624796
Q139618321	6000000007192052253
Q139618388	6000000002438805169
Q139618482	6000000001272214182
Q139618557	6000000010450393388
Q139618652	6000000078161537895
Q139618742	6000000039428372263
Q139618779	6000000039428248487
Q139618800	6000000064374520821
Q139618893	6000000029157656878
Q139618920	6000000013321558030
Q139618935	6000000009723613809
Q139618940	6000000000879949469
Q139619187	6000000008201836312
Q1396192	6000000011533347621
Q139619701	6000000018667547652
Q139619706	6000000017070769098
Q139619710	6000000017070338553
Q139619740	6000000084226239929
Q139619794	6000000007412864303
Q139619817	6000000007412633359
Q139620441	6000000027433200584
Q139620486	6000000019776838007
Q139620491	6000000019774927373
Q139620623	6000000020998656289
Q1396214	6000000029832840977
Q139621408	6000000009331773120
Q139621475	6000000017159567669
Q139621505	6000000013421782161
Q139621511	6000000035914322002
Q139621523	6000000001969585060
Q139621789	6000000113282659829
Q139621928	6000000067608532923
Q139621955	6000000067608099054
Q139622118	6000000007519216466
Q139622137	6000000009176318115
Q139622139	6000000009374733557
Q139622153	6000000010423359211
Q139622211	6000000007400207959
Q139622238	6000000008469668804
Q139622242	6000000011424552294
Q139622968	6000000210459494824
Q139623236	6000000009331880520
Q139623469	6000000205187915821
Q1396241	6000000068987744861
Q139624314	6000000022784146632
Q139624319	6000000022784298031
Q139624337	5483988375250139030
Q139624374	6000000030938927002
Q139624838	6000000002550990067
Q139624905	6000000003571816961
Q139625432	6000000022450839976
Q139625575	6000000077298990005
Q1396260	6000000209652103832
Q1396262	6000000003252205236
Q139626293	6000000031918790645
Q139626564	6000000011004811356
Q139627508	6000000074137094821
Q139627743	6000000013908319498
Q139629789	6000000017329369035
Q139630170	6000000000985363680
Q139630173	6000000017351052154
Q1396305	6000000070392450843
Q139630502	6000000035914784743
Q139631	6000000156350458821
Q1396316	6000000177443561847
Q139632209	6000000001360673547
Q1396326	6000000022245454005
Q139632715	6000000013685698271
Q1396333	6000000009984079988
Q1396334	6000000004098119382
Q139633563	6000000068733685826
Q139633607	6000000020853794878
Q139633693	6000000015626179574
Q1396340	6000000002052536959
Q139634380	6000000010249886935
Q139635079	6000000022499294921
Q139635277	6000000004074040834
Q139635496	6000000007297879732
Q139635527	6000000003562299075
Q139636795	6000000208659728827
Q139637	6000000015110711717
Q139637779	6000000042658188706
Q139638	6000000076933942124
Q139638154	6000000021687912594
Q139638532	6000000001862372201
Q139639780	6000000017047238124
Q139639806	6000000011790082377
Q139639889	6000000021300570086
Q139639968	6000000025930526146
Q139639996	6000000031918056873
Q139640009	6000000018528822147
Q139640037	6000000182062124849
Q139640044	6000000025024749465
Q139640045	6000000025029239887
Q139640317	6000000208963494854
Q139640481	6000000003111064090
Q139640854	6000000015755482547
Q139641595	6000000008489095964
Q139641791	6000000001008641218
Q139641797	6000000020660221776
Q139641824	6000000186175309079
Q139641825	6000000173102309090
Q139641839	6000000002855217791
Q139642	6000000177474999824
Q139642120	6000000019922382237
Q1396426	6000000209605927831
Q139642792	6000000019223043877
Q139643164	6000000003058582139
Q139643488	6000000031917932849
Q139643621	6000000031919027966
Q139643673	6000000019212853365
Q139644881	6000000173064425438
Q139644882	6000000006452745351
Q139644883	6000000006452868034
Q1396452	6000000006444762133
Q139645361	6000000036484975369
Q139645510	6000000006147794063
Q139645876	6000000009622851883
Q139646	6000000029575043019
Q139646165	6000000011248994554
Q139646170	6000000007297722780
Q139646418	6000000022162867031
Q139646861	5516588120420033254
Q139646878	6000000042302993742
Q139647012	6000000032637669035
Q1396471	6000000012632795560
Q139647193	6000000005441446568
Q1396477	6000000000718462909
Q1396481	6000000005599183898
Q139648275	6000000009602620903
Q139648875	6000000031918725542
Q1396491	6000000013951337449
Q139649827	6000000072643045686
Q139649914	6000000032167373610
Q1396509	6000000007132332934
Q1396519	6000000011331431321
Q1396524	6000000019372947132
Q139652400	6000000032930195633
Q139653341	6000000014725362704
Q1396551	3929770416590040491
Q139655527	6000000168937953951
Q139655609	6000000035929779367
Q1396557	6000000015844970787
Q139655926	6000000009667033314
Q139655979	4941041758980038607
Q139656	6000000007908876395
Q139656611	6000000011357422163
Q1396584	6000000008882982078
Q1396595	6000000008715164518
Q139660099	6000000019704139113
Q139660261	6000000181665993856
Q139660324	6000000036222824448
Q1396604	6000000049992872897
Q1396608	6000000136804906940
Q139661012	6000000032478680372
Q139661071	6000000069808298878
Q139661174	6000000199579308823
Q139661323	6000000008292211431
Q139661349	6000000089009328168
Q1396614	5507331345840022730
Q139661406	6000000058261666090
Q139661567	6000000056030605821
Q139661591	6000000009732812058
Q139661603	6000000028336027841
Q139661721	6000000011704887261
Q139661732	6000000000127507045
Q139661934	6000000003531257725
Q139661944	6000000011381207983
Q139662773	6000000045666629821
Q139662780	6000000045702022087
Q139664250	6000000007805532886
Q139664576	6000000054908246881
Q139665248	6000000011795689209
Q139665258	6000000009428362268
Q139665278	6000000007572880754
Q139665291	6000000007182690864
Q139665426	6000000005994829008
Q139665603	6000000019967392251
Q139665643	6000000003010160687
Q1396659	6000000007280316092
Q139665995	6000000001482507273
Q139667925	6000000128262018097
Q139667927	6000000002860836787
Q139667928	6000000002860836772
Q139667932	6000000002860836760
Q139667933	6000000128256318921
Q139667936	6000000030486039190
Q139667938	6000000033681853093
Q139667947	6000000018463396105
Q139667948	6000000004058219282
Q139667949	6000000002251484233
Q139667950	6000000003077407134
Q139667954	6000000004058172430
Q139667955	6000000004058333127
Q139667991	6000000188509544828
Q1396680	6000000166586406822
Q139668004	6000000188529297828
Q139668006	6000000188529603832
Q139668008	6000000177608435838
Q139668010	6000000002963609948
Q139668658	6000000021785019906
Q139668660	6000000000664376008
Q139668665	6000000177608139883
Q139668666	6000000188529764856
Q139668688	6000000007455971713
Q139668703	6000000000632196946
Q139668703	6000000003086766238
Q139668719	6000000000632197211
Q139668721	6000000000196409249
Q139668737	6000000003076139115
Q139668740	6000000003077570048
Q139668741	6000000001588579728
Q139668745	6000000006088943296
Q139668903	5572574759150072165
Q139668905	5572695692980137817
Q139668906	5572802770490126741
Q139668907	5572695716710137823
Q139668914	6000000000550710457
Q139668924	318829203750001414
Q139668925	6000000050220677169
Q139668926	6000000050221360883
Q139668927	6000000001000864284
Q139668929	6000000003506750486
Q139668933	6000000001000863320
Q139668934	6000000001000777073
Q139668946	6000000013548470257
Q139668961	6000000013548498407
Q1396691	6000000011042315990
Q139669597	6000000018427114973
Q139669598	6000000003262585214
Q139669606	6000000000915547254
Q1396697	6000000043877829125
Q139669708	6000000006110677154
Q139669739	6000000075257743062
Q139669743	6000000000931091878
Q139669759	5572574759040072164
Q139669760	5572674257780038786
Q139669763	6000000010810896634
Q139669765	6000000003937787724
Q139669796	6000000035686606111
Q139669798	6000000014065206389
Q139669801	6000000014065089675
Q139669803	6000000025261263029
Q1396701	6000000003495087173
Q139670245	6000000005384614629
Q139670247	6000000005384619726
Q139670268	6000000005384634999
Q139670316	6000000005384603878
Q139671214	6000000013523350190
Q139671238	6000000192712065827
Q139671285	6000000206575513861
Q139671314	6000000006579117669
Q139671340	6000000204317409822
Q139671356	6000000040824939088
Q139671366	6000000006596302658
Q139672564	6000000000583445139
Q139672993	6000000032986166844
Q139673668	6000000006099484703
Q139673696	6000000007678961572
Q139673739	6000000009886614114
Q139673965	6000000007849115920
Q139674	6000000014878147776
Q139674828	6000000005606167791
Q139674886	6000000024719527933
Q139674894	6000000024717978105
Q139674992	6000000014167594478
Q139675077	6000000004586053838
Q139675370	6000000009055811512
Q139675376	6000000010726816108
Q139675915	6000000014459328789
Q139675929	6000000223475969848
Q139675955	6000000020268133410
Q139675962	6000000019427360456
Q139676014	6000000024948683990
Q139676117	6000000083830944821
Q139676209	6000000011955716724
Q139676255	6000000008019851630
Q139676262	6000000003297799018
Q139677015	6000000002404745286
Q139677207	6000000110288292968
Q139677458	6000000173679660135
Q139677742	6000000008285498080
Q139677913	6000000017191379451
Q139678630	6000000086705646130
Q139678831	6000000010373654235
Q139679431	6000000224971996019
Q139679716	6000000007832535463
Q139679747	6000000019220281493
Q139679887	6000000000340485736
Q139679984	6000000008630346243
Q139679998	6000000002754297871
Q139680001	371663774980011311
Q139680115	6000000008630356973
Q139680129	4844120144990034028
Q139680609	6000000225316919828
Q139681378	6000000027704754802
Q139681563	6000000023696140915
Q139683894	6000000220954145849
Q139683926	6000000026146694435
Q139688967	6000000043291109815
Q139689718	6000000041766599898
Q139689732	6000000041766572921
Q1396898	6000000005952699289
Q139689811	6000000002997685703
Q139690038	6000000168486591834
Q1396908	6000000040389360839
Q139691436	6000000010638112677
Q139695305	6000000008869535191
Q139695345	6000000223825006905
Q139695399	6000000031694095599
Q139695402	6000000016634579031
Q139695539	6000000004828447285
Q139695550	6000000003649692911
Q139695551	6000000002335945791
Q139695971	6000000003492963280
Q139696317	6000000003492874406
Q139696356	6000000007602580688
Q139696927	6000000007602352423
Q1396992	6000000111806739833
Q139699953	6000000225341044980
Q139699966	6000000169009433210
Q139699986	6000000169008925391
Q139700006	6000000169008539551
Q139701395	6000000003091065028
Q1397018	6000000013577645665
Q1397070	4072951
Q1397075	6000000007642525625
Q139710174	6000000214170390830
Q139710702	6000000185632478923
Q139710927	6000000008159744509
Q139711004	6000000001028876894
Q139711153	6000000008118829675
Q1397114	6000000019732016648
Q139712	6000000014607352053
Q139713729	328551931840004723
Q139713730	6000000076990624671
Q139713816	6000000203413095823
Q139713828	6000000004592984215
Q139713878	6000000020533328111
Q139713950	6000000000748053199
Q139713985	6000000225360814885
Q139714285	6000000100817446950
Q139714486	6000000013426273201
Q139715267	6000000024119352146
Q1397162	6000000001220086209
Q139717973	6000000174721595933
Q139718003	6000000174721898848
Q139718068	6000000174720624458
Q139718290	6000000147877559871
Q139718333	6000000024303906971
Q139718342	6000000021430518632
Q139718350	6000000021430832190
Q139718372	6000000007104797081
Q139718373	6000000147878734844
Q139718382	6000000005911074276
Q139718407	6000000019703987315
Q139718429	6000000220141973829
Q139718484	6000000082651024142
Q139718496	6000000082650979038
Q139718539	6000000019704115253
Q139718575	321712063480004890
Q139718615	6000000019703940556
Q139718698	6000000019703925481
Q139718743	6000000055535569907
Q139719224	6000000076779449025
Q139719225	6000000076779041306
Q139719227	6000000019703752787
Q139719228	6000000076779025468
Q139719257	6000000010885140116
Q139719285	6000000010885078042
Q139719294	6000000010885338523
Q139719297	6000000211944389821
Q139719298	6000000211944352821
Q139719317	6000000010885174118
Q139719323	6000000211944275824
Q139719352	6000000089167907835
Q139719369	6000000190457568936
Q139719371	6000000190457568911
Q139719410	6000000019703791633
Q139719422	6000000114818503878
Q139719430	6000000022623094830
Q139719870	6000000213393095824
Q139719872	6000000028322522884
Q139719873	6000000007105376139
Q139719876	6000000007106061281
Q139719877	6000000004548187888
Q139719994	6000000014961084586
Q13972091	6000000005910092207
Q139721159	6000000002969916746
Q139721160	6000000002969920047
Q139721161	6000000005965908263
Q139721164	3816022
Q139721165	6000000013725197850
Q139721173	6000000004086696937
Q139721184	6000000026983981860
Q139721312	6000000007292612704
Q139721320	6000000007293305206
Q1397252	6000000025845990410
Q1397290	6000000047863748200
Q1397303	6000000036163493884
Q139730977	6000000222468228822
Q139731142	6000000169288923022
Q1397312	6000000016096162708
Q139731207	6000000021809987091
Q139731230	6000000021818348617
Q139731318	6000000021820114341
Q139731362	6000000177793102866
Q139731411	6000000035677017581
Q139731423	6000000021819976072
Q139731440	6000000016214521429
Q139731479	6000000021818703056
Q139731586	6000000016427153648
Q139731607	6000000015401778353
Q139731655	6000000007186012225
Q139731659	6000000015402121018
Q139731699	6000000019769895191
Q139732010	6000000009583425894
Q139732077	6000000009583317923
Q1397321	6000000001184318582
Q139732106	6000000014893541671
Q139732107	6000000030330491083
Q139732140	6000000008048762372
Q139732168	6000000009807223753
Q139732490	6000000017840195727
Q1397331	6000000046627909403
Q1397340	6000000079395976934
Q1397359	6000000043228447942
Q139735946	6000000079861196897
Q139735980	6000000008259843866
Q139735990	5304383788400100776
Q1397360	6000000147687034847
Q139736023	6000000022525858479
Q139736059	6000000012839829132
Q139736251	6000000014881804507
Q139736253	6000000014881639949
Q139736274	6000000013198834415
Q139736412	6000000011844534238
Q139736414	6000000011844491378
Q139736416	6000000011844473293
Q139736417	6000000006986389529
Q139736493	6000000013588802503
Q139736520	6000000011571109095
Q139736522	6000000000497373875
Q139736527	6000000001648473549
Q139736619	6000000029227505998
Q139736627	6000000001959501092
Q139736631	6000000010211388640
Q139736633	6000000008872649117
Q139736647	6000000014882158473
Q139736648	6000000013198309079
Q139736649	6000000013217342753
Q139736649	6000000041632456939
Q139736790	6000000001292885555
Q139736791	6000000001292967318
Q139736794	6000000001292955438
Q139736798	6000000036722704430
Q139736813	6000000001233569370
Q139736818	6000000001233650441
Q139736821	6000000002076933848
Q139736843	6000000025663717762
Q139736851	6000000014882228371
Q139736852	6000000013217611487
Q139736906	6000000225394478998
Q139736984	6000000010398149287
Q139737096	6000000215769047835
Q139737194	6000000014883753054
Q139737195	6000000014883584327
Q139737210	6000000014883789648
Q139737229	6000000014883688561
Q139737237	6000000014883891088
Q139737247	6000000014883787332
Q139737249	6000000014883820227
Q139737282	6000000006603682833
Q139737288	6000000029126162200
Q139737296	6000000014883798221
Q139737299	6000000002858628971
Q139737321	6000000014883895185
Q139737322	6000000014883393908
Q139737362	6000000014883643233
Q139737363	6000000014883273868
Q139737365	6000000014883513407
Q139737381	6000000014883716318
Q1397375	6000000012196910148
Q139737942	6000000088965246857
Q139737967	6000000037974304119
Q1397384	6000000016305034107
Q1397394	6000000023371507276
Q1397396	6000000074714048109
Q139740381	6000000010511679061
Q139740767	6000000187439594871
Q139740921	6000000013080650209
Q139740969	6000000021825992027
Q139740980	6000000021820252567
Q139741064	6000000215430201821
Q139741117	6000000010806691889
Q1397415	6000000009476628392
Q139741733	6000000202527343830
Q139741857	6000000001427869789
Q139742264	6000000004669537193
Q1397423	6000000069552917227
Q139744361	6000000013180643581
Q139744734	6000000013180064715
Q1397450	4057381872420022146
Q139745077	6000000006127705657
Q1397459	6000000079089794042
Q1397465	6000000064634530972
Q1397487	6000000001361249431
Q1397496	6000000030662294403
Q139749941	6000000024119223375
Q139749952	6000000021517819000
Q139749967	6000000021517807950
Q139749982	6000000021517654167
Q139750121	6000000014883451667
Q139750234	6000000001562972596
Q139750281	6000000021517836908
Q139750285	6000000021517662799
Q139750289	6000000021661276989
Q139750292	6000000006971869140
Q139750330	6000000006971876098
Q139750379	6000000021517679783
Q139750427	6000000014883798030
Q139750429	6000000014883839035
Q139750439	6000000014883660311
Q139750463	6000000024142580368
Q139750553	6000000012942467851
Q139750563	6000000004570593434
Q139750574	6000000006356965555
Q1397508	6000000024119027335
Q1397516	6000000096674447933
Q139751679	6000000053792193835
Q139751679	6000000140025274047
Q139751832	6000000021707705948
Q139751957	6000000053791952957
Q139751957	6000000139919677857
Q139752173	6000000082328170935
Q139752273	6000000014883745318
Q139752330	6000000014883745496
Q139752371	6000000014883870015
Q139752595	6000000014883739438
Q139752891	6000000014883457715
Q139752945	6000000033498782190
Q139753087	6000000015638657597
Q139754020	6000000014883534834
Q139754033	6000000023922047694
Q139754443	6000000013217689915
Q139754476	6000000013217737381
Q1397556	6000000042131302356
Q1397616	6000000006605154507
Q139763796	6000000186751315833
Q1397640	6000000011404055440
Q139764001	6000000050422962981
Q1397642	6000000149602500835
Q139764978	6000000024091046909
Q1397650	6000000013142939470
Q139765747	6000000003485426744
Q139766192	6000000207543701893
Q139766206	6000000207544592831
Q139766433	6000000082435794854
Q139766450	6000000207537009830
Q139766888	6000000003485245843
Q139769797	6000000011215788872
Q139770127	6000000220599130837
Q139770261	6000000219143513831
Q1397705	6000000001608935027
Q139770528	6000000000875651174
Q139770586	6000000042398864897
Q139770590	6000000070488648396
Q1397740	6000000040901426890
Q1397763	6000000019137237291
Q139780597	6000000013237297111
Q139782050	5157066210010074964
Q139782569	6000000079245928421
Q139783274	6000000015701954554
Q139783626	6000000041100790177
Q139785	6000000014808627802
Q139785267	6000000090588004092
Q1397873	6000000114227419834
Q1397888	6000000032518682877
Q1397895	2431517
Q139790168	6000000017585937669
Q139791277	344599312820013573
Q1397919	6000000080821508032
Q139793603	6000000003843852624
Q139793839	6000000003308649988
Q139794225	344600628220012768
Q139795059	6000000041424717895
Q1397964	6000000079113112932
Q139796505	6000000024785941969
Q139796750	6000000024785415042
Q1397968	6000000074695284924
Q139796840	6000000004674494510
Q139796859	6000000004674612137
Q139796901	6000000225465908861
Q139796909	6000000033768404821
Q139796922	6000000033768396911
Q1397983	6000000009201998181
Q139798761	6000000018756717850
Q139799326	6000000035502057460
Q1398	6000000012449738522
Q139800010	6000000222810435864
Q139800051	6000000109895929161
Q139800147	6000000050684621354
Q139800193	6000000050684039691
Q139800627	6000000021808038740
Q139800651	6000000213921665842
Q139800673	6000000040207599272
Q139800673	6000000127874745822
Q1398016	6000000022424238912
Q139801750	6000000021129203678
Q1398038	6000000014960928363
Q1398057	6000000006583310408
Q1398058	6000000056330971841
Q139806750	6000000002633238328
Q139806860	6000000010750250430
Q139807444	6000000009655620955
Q139807640	6000000081546757829
Q139807754	6000000021871003398
Q139807756	6000000021871018322
Q139807807	6000000188051060821
Q139807808	6000000188050520867
Q139807809	6000000188061470852
Q139807811	6000000188062026823
Q139807822	6000000021871029419
Q139807870	6000000225484379826
Q139807997	6000000010130851748
Q139809249	6000000011044268571
Q1398095	6000000100776002962
Q1398104	6000000083210529991
Q139813190	6000000007216913080
Q1398142	6000000185488604911
Q139814464	6000000034028494008
Q139816188	6000000005745159943
Q139816209	6000000013616656014
Q139816518	6000000010166542678
Q139816876	6000000006981602357
Q139817379	6000000002181692094
Q139817386	6000000084286357204
Q139818511	6000000222100054934
Q139819251	6000000006734857355
Q139820104	6000000225499533056
Q139820162	6000000004953437973
Q139820199	6000000200511192842
Q139820295	6000000225500661879
Q139820372	6000000048146865884
Q139820384	6000000029676443318
Q139820389	4189058263620026871
Q139820421	6000000225511898862
Q1398206	6000000036774645803
Q1398207	6000000002874198167
Q139820706	6000000004532603113
Q1398208	6000000007047219084
Q139820815	6000000017206583719
Q139821	6000000174275142523
Q1398218	6000000008630583060
Q139821853	6000000002802707599
Q139822234	6000000014027792491
Q139822252	6000000013726547866
Q139822263	6000000014027908176
Q139822361	6000000009130670737
Q139822393	6000000007919013777
Q139822530	6000000007918438667
Q139822663	6000000011408849356
Q139822703	6000000177775993928
Q139822947	6000000002019602122
Q139823055	6000000048574719237
Q139823075	6000000050650462013
Q139823413	6000000011951977460
Q139823461	6000000015822582553
Q139823526	6000000225512940897
Q139823677	6000000060540132822
Q139823704	6000000011788508438
Q139823778	6000000032603238584
Q139824275	6000000043371380848
Q139824394	6000000014447447071
Q139824411	6000000014446877906
Q139826167	6000000186308401982
Q139826928	6000000015938095614
Q139826961	6000000225518065922
Q139827055	6000000042223350005
Q139827106	6000000015603573407
Q139827117	6000000015603532636
Q139827121	6000000015603768450
Q139827130	6000000038846262526
Q139827137	6000000225519071880
Q139827176	6000000157535712826
Q139827599	6000000045459476520
Q139827705	6000000041650486903
Q139827791	6000000205901232841
Q139827948	6000000026982685220
Q1398286	6000000001549592846
Q139830266	6000000023726812886
Q139831262	6000000011384834521
Q139832193	6000000010463799073
Q139832245	6000000029981304570
Q139832250	6000000029981488456
Q139832340	6000000003192549648
Q139832550	6000000002765824396
Q139832565	6000000002765726709
Q139832833	6000000010132084676
Q139833	6000000005801889001
Q139833140	6000000018041570118
Q1398332	6000000009737611782
Q139833229	6000000004590137107
Q139833393	6000000010132132520
Q139833447	6000000022188513531
Q139833463	6000000002765824585
Q139833476	4755416485690129241
Q139833478	6000000041075415507
Q139833479	6000000041075562145
Q139833490	6000000041075182336
Q139833547	6000000041075488411
Q139833968	6000000029724100379
Q139835165	6000000216420056834
Q139835279	6000000090822682203
Q139835551	6000000187344713839
Q139835835	6000000011241324415
Q139835925	6000000022862960513
Q139835939	6000000022863310832
Q139835952	6000000022863122617
Q139836	6000000022308956547
Q139836016	6000000011255343596
Q139836017	4755323452740080020
Q139836021	6000000023195367894
Q139836043	6000000034954933611
Q139836045	6000000034955304961
Q139836051	6000000011205339623
Q139836067	6000000011241138064
Q139836369	6000000016348840197
Q139837726	6000000114866063912
Q1398378	6000000000337280718
Q139839	6000000134711091031
Q139839270	6000000204005212838
Q139839552	6000000013665249530
Q139841245	6000000140221037275
Q139841327	6000000140221037290
Q139841412	6000000140221089286
Q139841773	6000000140221089291
Q139842091	6000000140221825075
Q139842124	6000000140221825070
Q139842214	6000000140222224975
Q139842245	6000000140222224970
Q1398423	6000000015719885181
Q139843626	6000000040363159939
Q1398439	6000000106979007868
Q139844344	6000000142651446861
Q1398476	6000000016822629142
Q139849799	6000000039783578853
Q139850296	6000000018936895048
Q139850697	6000000036616724861
Q139850701	6000000003495099052
Q13985095	6000000018435477656
Q139851119	6000000004079735380
Q139851218	6000000014621325815
Q139851223	6000000015067557926
Q139851225	6000000011205215739
Q139851229	6000000015067378358
Q139851254	6000000011205408242
Q139851258	6000000035609237539
Q139851265	6000000011205310411
Q139851288	6000000011205462225
Q139851289	6000000011205208849
Q139851290	6000000189821656826
Q139851410	6000000044607660237
Q139851410	6000000216420102857
Q139851568	6000000180779371966
Q139851675	6000000022862373529
Q139851679	6000000022862345422
Q139851685	6000000022862466162
Q139851686	6000000022862509029
Q139851692	6000000022862137775
Q139851698	6000000025386112355
Q139851699	6000000007032267383
Q139851701	6000000022862296100
Q139851711	6000000022862370685
Q139851712	6000000022881086251
Q139851795	6000000022862489756
Q139851796	6000000029558691511
Q139851800	6000000038549259130
Q139851801	6000000026865928191
Q139851830	6000000084606161130
Q139851836	6000000021593590067
Q139851891	6000000006934565841
Q139852028	6000000006934703453
Q139852722	6000000034956053989
Q139852724	6000000034955960026
Q139852726	6000000011241168855
Q139852728	6000000011241424489
Q139852745	6000000023195338963
Q139852834	6000000194787291846
Q139852838	6000000194787547840
Q139853012	6000000059810768821
Q139853234	6000000035458772098
Q139853537	6000000018115576210
Q139853547	6000000018115586631
Q139853646	6000000087712356821
Q139853646	6000000088763253994
Q139853839	6000000018115399092
Q139853877	6000000018114507812
Q139853884	6000000114348747829
Q139853937	6000000028394362526
Q139853953	6000000028395008085
Q139853990	6000000028394791268
Q139854064	6000000036815930228
Q139854074	6000000034534706617
Q1398564	6000000151132622898
Q139856650	6000000026559997676
Q139856670	6000000114686000878
Q139856676	6000000114482949320
Q1398571	6000000035585926448
Q139857196	6000000031985455503
Q139858643	6000000013193883657
Q139858677	6000000013980584031
Q139859180	6000000074471162892
Q139860921	6000000011212240302
Q139860924	6000000011212112586
Q139860927	6000000011212242215
Q139861494	6000000003216099207
Q139862094	6000000006861477977
Q139862111	6000000030299410890
Q139862324	6000000188043896918
Q139862325	6000000188044708834
Q139862326	6000000188044504858
Q139862457	6000000188044887822
Q139862488	6000000008889520162
Q139862879	6000000069892359845
Q139863104	6000000038272655320
Q139863222	6000000038875689152
Q139863288	6000000030185428286
Q139863347	6000000030185336431
Q139863467	6000000002765826831
Q139863500	6000000007471067391
Q139863543	6000000010876741564
Q139863585	6000000001483055744
Q139863607	6000000030692565201
Q139863643	6000000001482606269
Q1398662	6000000006101459869
Q1398697	6000000020845078242
Q1398717	6000000021514749866
Q1398727	6000000010058668617
Q1398751	5389490877880119518
Q1398753	6000000007711417984
Q1398792	6000000020020419181
Q1398800	6000000010594140688
Q1398806	6000000015551804227
Q1398812	6000000007831015085
Q139881276	6000000052270799879
Q139881288	6000000030185636169
Q139881305	6000000030185430653
Q1398814	6000000016369134141
Q139881611	6000000008341389551
Q139881734	6000000008891055759
Q1398819	6000000019019829209
Q139882675	6000000049149226921
Q139884606	6000000008125895929
Q139884906	6000000022797154355
Q139885426	6000000001712085201
Q139885642	6000000175029052862
Q139885847	6000000188044010881
Q139885848	6000000188028113904
Q139885850	6000000188044543838
Q139885851	6000000188044711829
Q139885852	6000000188044373864
Q139885854	6000000188044453838
Q139885873	6000000007672145513
Q139886532	6000000008389428946
Q139886629	6000000178536126872
Q139886699	6000000062560313821
Q1398876	6000000054216249845
Q139887801	6000000001443981510
Q139888977	6000000013341035724
Q139889884	6000000008614391836
Q139889890	6000000007277517573
Q139889900	6000000006825674273
Q139889923	6000000010541951606
Q139889969	6000000005940683144
Q139890	6000000041194017012
Q139890009	6000000007361330482
Q139890060	6000000012388677824
Q139890373	6000000070898950822
Q139890382	6000000211347640823
Q139890640	370452490560012441
Q1398910	6000000004295299971
Q139891072	6000000010042829158
Q139891110	6000000002436798649
Q139891134	6000000001372063782
Q139891331	6000000211347227836
Q139891336	6000000211347424821
Q139891398	6000000211347430833
Q139891429	6000000211348747895
Q139891486	6000000010656664694
Q139891537	6000000027949870860
Q139891543	6000000027949607331
Q139891551	6000000027949481671
Q139891558	6000000027949851956
Q139891566	6000000027949782082
Q139891577	6000000027937798175
Q139891606	6000000214156764892
Q139891692	6000000085340036843
Q1398917	6000000018991603381
Q139891702	6000000085339308952
Q139891726	6000000027950282930
Q139891753	6000000027949880575
Q139891909	6000000011814322172
Q139891927	6000000025416796963
Q139892222	6000000062556440489
Q139892641	6000000114864918166
Q139892675	6000000111210225844
Q139892679	6000000111209727924
Q139892684	6000000007454307067
Q1398927	6000000182578632204
Q139892770	6000000004169780495
Q139892771	6000000002827583942
Q139892775	6000000002827542315
Q139892778	5063963382730089878
Q139892784	6000000004169780480
Q139892785	378074365920003298
Q139892786	6000000006864200511
Q139892790	6000000006864200995
Q139892799	378073301920012788
Q139892807	6000000223575920847
Q139892978	6000000042952628271
Q139893001	6000000078522014638
Q139893033	6000000087328407085
Q139893034	6000000087328844856
Q139893556	6000000087328938833
Q139893803	6000000025412580846
Q139893806	6000000025412415277
Q139894141	6000000224020558467
Q139894553	6000000001038188301
Q139894782	6000000224185697861
Q1398951	6000000000508913984
Q139895239	6000000124983761890
Q1398957	6000000000574307161
Q139897	6000000076192859000
Q139897218	6000000002802889676
Q139897251	6000000001753041552
Q139897358	6000000226461680883
Q139898541	6000000010114813302
Q1398992	6000000163743611058
Q1399	6000000010647971166
Q139900012	6000000017294710034
Q139900564	6000000010770477186
Q139901413	6000000029154072622
Q139901421	6000000002659221150
Q139901422	6000000002659221928
Q139901426	6000000025595847876
Q139901456	6000000002659223136
Q139901458	6000000002659225005
Q139901542	6000000010543501637
Q139901543	6000000002659221751
Q139901589	6000000007189166337
Q139901642	6000000185430733931
Q139901693	6000000029271372056
Q139901713	6000000002659225088
Q139901716	6000000002659217820
Q139901722	6000000002855879138
Q139902340	6000000026440444656
Q139902485	6000000199915714825
Q139902533	6000000020467411654
Q139902989	6000000169450897821
Q139905730	6000000041497119855
Q139905864	6000000002090092378
Q1399059	6000000035077339689
Q139905910	6000000065036049075
Q139906	6000000075911240898
Q1399060	6000000027421791793
Q139906077	6000000034957391514
Q139906081	6000000013155513414
Q139906086	6000000013154907156
Q139906218	6000000010494013170
Q139906269	6000000013113801853
Q139906270	6000000013155542602
Q139906316	6000000179675744857
Q139906382	6000000026462476856
Q139906399	6000000036643125298
Q139906429	6000000013113753927
Q139906429	6000000036643019201
Q139906432	6000000061816195821
Q139906432	6000000201681809889
Q139906448	6000000049926606095
Q139906504	6000000024366018456
Q139906530	6000000024365952684
Q139906568	6000000205298285831
Q139906763	6000000089718515871
Q139906765	6000000188030080851
Q139906823	6000000188030176824
Q139906848	6000000188029234924
Q139906851	6000000188029774856
Q139907209	6000000185429522996
Q139907211	6000000010556117135
Q139907296	6000000005572502638
Q139907502	313312746580007459
Q139907525	6000000008379260920
Q139907589	6000000007342899452
Q139907770	6000000152586852874
Q139907771	6000000152587433821
Q139907863	6000000007226897768
Q139907936	6000000010889443094
Q139908140	6000000054681595895
Q139908451	6000000213758679857
Q139908479	6000000034427823217
Q139908882	6000000018580935058
Q1399091	6000000017155245915
Q139911524	6000000014025713995
Q139912931	6000000036626697893
Q139912968	5592942975140108280
Q139912994	6000000008049262989
Q139913159	6000000081122293290
Q139913543	6000000036629458280
Q139913547	6000000201731843821
Q1399141	6000000134417439865
Q139914912	6000000014359561212
Q1399152	6000000019425867921
Q139915283	6000000075579391435
Q1399156	6000000015496272400
Q139915709	6000000009773810784
Q139915734	6000000012344922244
Q139915801	6000000008131412647
Q139915837	6000000006365036609
Q139916019	6000000011148135002
Q139916104	6000000007273203487
Q139916154	6000000010121133003
Q139916478	5592972289800109219
Q139918085	6000000001869733849
Q1399183	6000000054925042974
Q139918567	6000000007386146136
Q139918691	6000000008329039595
Q1399189	6000000009620817060
Q139919350	6000000071954072620
Q139919351	6000000124350780966
Q139919655	6000000016128303834
Q139919737	6000000215428556834
Q139920000	6000000071958869176
Q1399201	6000000030280218525
Q139920189	6000000011557610486
Q139920525	6000000014191873051
Q139922268	6000000213334278826
Q139922278	6000000202652869828
Q1399223	6000000006816029516
Q139923068	6000000183053672902
Q139925788	6000000134055304946
Q139925899	6000000171794996308
Q139925900	6000000009957589177
Q139926167	6000000007573839879
Q139926256	6000000008098429695
Q139926475	6000000017374825193
Q139926865	6000000008140078621
Q139926934	6000000013353518692
Q139926972	387594069620012354
Q139926989	6000000009336740197
Q1399280	6000000022656563078
Q1399284	6000000033364630771
Q1399298	6000000000017825061
Q139932656	6000000043378628764
Q139933	6000000033061136041
Q139933151	6000000033315961226
Q139933154	6000000015126086748
Q139935234	6000000196109635821
Q139935868	6000000025552202427
Q139936557	6000000190809534863
Q1399368	6000000145996511846
Q1399394	6000000032567046964
Q139941204	6000000019686086129
Q139941400	6000000066939365870
Q139941401	6000000066939232061
Q139942424	6000000066939161179
Q139942656	6000000024758134945
Q139942659	6000000024758009962
Q139942670	6000000024755679594
Q139942966	6000000224022493852
Q139942967	6000000224022343837
Q139943001	6000000224022446863
Q139943002	6000000224022642894
Q139943003	6000000224022841823
Q139943038	6000000008397700033
Q139943052	6000000011569915299
Q139944404	6000000037010707614
Q139944586	6000000006955287040
Q139944700	6000000006954920956
Q139944845	6000000008727457594
Q139944965	6000000001667140133
Q139945082	6000000038413863884
Q139945510	6000000115157196954
Q139945570	6000000007695276728
Q139945657	6000000051857853950
Q139945769	6000000053957006967
Q139946289	6000000018551547926
Q139946442	6000000019625739626
Q139946772	6000000186025427031
Q139947200	6000000066770607823
Q139947327	6000000222679878864
Q139947365	6000000010194261703
Q139947396	6000000036904554959
Q139947436	6000000183055060821
Q139947451	6000000027561189553
Q1399475	6000000000557430126
Q1399476	6000000015063779137
Q1399478	6000000009179592272
Q1399488	6000000034868477910
Q139948833	6000000222595280830
Q139948842	6000000222594783916
Q139948850	6000000222595156845
Q139949026	6000000002539360063
Q139949054	6000000022970067839
Q139949798	6000000013219991322
Q1399499	6000000062272558948
Q139950424	6000000066770231978
Q1399506	6000000175811252866
Q139951491	6000000033095324133
Q139951857	6000000008004316299
Q139954197	6000000020500059910
Q139954255	6000000221407804822
Q1399545	6000000008231439276
Q1399546	6000000038193685884
Q1399549	6000000071396733261
Q139955467	6000000001322410293
Q139955474	6000000075321277490
Q139955495	6000000003203879308
Q1399557	6000000076977413825
Q139961358	6000000021454095131
Q139961373	6000000035908334973
Q139961410	6000000010355720103
Q139961436	6000000030084553556
Q139961476	6000000009467445825
Q139961510	6000000009201741278
Q1399625	6000000089326872903
Q139962665	6000000031875826725
Q139962704	6000000007935602330
Q139962723	6000000035918103426
Q139962769	6000000015234872074
Q139962807	6000000028953222053
Q139962835	6000000028953209647
Q1399631	6000000021111178314
Q1399632	6000000021683537821
Q139963370	6000000179739419976
Q139963495	6000000016360541231
Q139963513	6000000056872293830
Q139963534	6000000012726505858
Q139963547	6000000116310516822
Q1399643	6000000001384274233
Q139964323	6000000014982591107
Q139964413	6000000036883579486
Q139964480	6000000036883490507
Q139964525	6000000036604800802
Q139964553	6000000222080626847
Q139964575	6000000040104445004
Q139964602	6000000036410804830
Q139964888	6000000020176457520
Q139964972	6000000196291403823
Q139964997	6000000013546253843
Q139965053	6000000003842456273
Q139965090	6000000031362020195
Q139965139	6000000008636800063
Q1399654	6000000080996791211
Q139967414	6000000020175603263
Q1399681	6000000004429730005
Q139968283	6000000080741751068
Q139968335	6000000221516815949
Q139968365	6000000020038843375
Q139968426	6000000017963198384
Q139968428	6000000017963198390
Q139968453	6000000036578516829
Q139969012	6000000032263774165
Q139970190	6000000017717972702
Q139970203	6000000022058154270
Q139970219	6000000017722004498
Q139970221	6000000017717500570
Q139970683	6000000012626682739
Q139970975	6000000007727165039
Q1399716	6000000043311141559
Q139972490	6000000017717048492
Q139972497	6000000017717737197
Q139972508	6000000017717967164
Q139972576	6000000011276073562
Q139972697	6000000035328735067
Q139973586	6000000217745111880
Q139973706	6000000032267689982
Q139973707	6000000066777195991
Q139973757	6000000026666925821
Q139973780	6000000034452051898
Q139973804	6000000002975395297
Q139973810	6000000009644012663
Q139973815	6000000008739711923
Q139973820	6000000010298302303
Q139973827	6000000031875888802
Q139973835	6000000010257618727
Q139973929	6000000020984127447
Q139973944	6000000017847760495
Q139973962	6000000200634195843
Q139973966	6000000030024247905
Q139973973	6000000030023447919
Q139973980	6000000010948926740
Q139974100	6000000052773986899
Q139974139	6000000076267861281
Q139974786	6000000030667751398
Q139974813	6000000021981856125
Q139976369	6000000220293582843
Q139976397	6000000006927799033
Q139976439	6000000013399757817
Q139976455	6000000012652868719
Q139976465	6000000059018984898
Q139976503	6000000011822311304
Q139976514	6000000036626323403
Q139976575	6000000076269381906
Q139976663	6000000017716216074
Q139976666	6000000046007339823
Q139976687	6000000210564483822
Q139976708	6000000174620769876
Q139976722	6000000010440540345
Q139976729	6000000007657406230
Q139976750	6000000007658166324
Q139976768	6000000046006166889
Q139976801	6000000046006458963
Q1399783	6000000032600151786
Q139978661	6000000213303215877
Q139978947	6000000225745512893
Q139979143	6000000151661835985
Q139979352	6000000117192204854
Q139979365	6000000036061523926
Q139979372	6000000019818489137
Q139979379	6000000051273211949
Q139980	6000000020353553479
Q1399800	6000000151449995839
Q139981367	6000000208275882821
Q139982537	6000000022889701821
Q1399829	6000000056051007821
Q139983198	6000000129741684965
Q1399837	6000000079209435822
Q1399855	6000000079100308311
Q139985555	6000000076268604964
Q139985558	6000000026602686957
Q139985586	6000000001959411331
Q139985623	6000000197001981841
Q139985631	6000000009128092037
Q139985833	6000000008771822319
Q139985857	6000000007848223441
Q139986038	6000000008478785976
Q139986275	6000000013112487707
Q139986557	6000000009215122572
Q139986564	6000000026452211662
Q139986568	6000000018986474493
Q139986581	6000000218249421884
Q139986586	6000000008479529209
Q139986595	6000000027308240199
Q139986599	6000000195200971822
Q139986608	6000000001667030238
Q139986668	6000000076264671114
Q139986670	6000000076268120259
Q139986738	6000000006847577617
Q139986752	6000000019718625256
Q139986761	6000000019718975080
Q139987193	6000000031086325616
Q139987239	6000000007595509668
Q139987277	6000000019250552388
Q139987343	6000000031942967952
Q139987362	6000000013016453974
Q139987383	6000000019718988030
Q139987604	6000000003503322180
Q139987619	6000000007711531536
Q139987623	6000000012697654430
Q139987641	6000000019609675654
Q139987658	6000000019625446194
Q139987672	6000000018893157709
Q139987686	6000000185635975485
Q139987696	6000000038126246061
Q139987789	6000000033738491546
Q139987794	6000000036991944939
Q139987802	6000000019732725447
Q139987805	6000000017061434098
Q139989123	6000000009352285036
Q139989126	6000000009352347827
Q139989136	6000000002890260777
Q139989138	6000000002890107863
Q139989165	6000000011820008449
Q139989174	6000000008770875298
Q139989175	6000000009014535546
Q139989180	6000000008592167316
Q139989182	6000000008825236718
Q139989227	6000000005948030006
Q139989240	6000000008752750443
Q139989242	6000000012826452620
Q139989247	6000000004217789232
Q139989248	6000000001074786581
Q139989249	6000000000936373453
Q139989250	6000000000114203474
Q139989259	6000000000474040381
Q139989261	6000000009300050064
Q139989272	6000000009300059124
Q139989273	6000000001839800025
Q139989274	6000000037547099397
Q139989275	6000000016451731494
Q139989463	6000000002756777074
Q139989467	349301170540011601
Q139989502	349303754490012661
Q139989686	6000000185778009845
Q139989696	6000000022132147601
Q139989700	6000000033273151400
Q139989706	6000000011569961233
Q139989736	6000000009892051991
Q139990009	6000000022015073139
Q139990202	6000000010122764348
Q1399904	6000000069583654047
Q1399905	6000000166891161870
Q1399927	6000000000486350231
Q139994371	6000000191409913857
Q139995005	6000000013421503215
Q139995256	6000000006100517115
Q139995920	6000000016980846253
Q139995927	6000000016976042883
Q139995953	6000000016981256464
Q139996160	6000000175882447827
Q139996166	6000000034136494827
Q139996169	6000000175882579822
Q139996334	6000000001194809538
Q139996349	6000000017963338391
Q139996358	6000000005048843705
Q139996929	6000000010239386546
Q139996956	6000000027626431915
Q139996982	6000000020039664128
Q139997187	6000000007297490279
Q139997527	6000000003855449351
Q139997537	6000000035938976449
Q139997584	6000000008817448282
Q139997649	6000000211358868832
Q139997654	5577049181650057145
Q139997799	6000000005933135286
Q139997932	6000000036235068996
Q139998155	6000000009607978300
Q140000809	6000000175882273107
Q140001180	6000000175882273098
Q140001191	6000000175882359822
Q140001194	6000000175882359840
Q140001203	6000000175882359854
Q140001204	6000000175882359860
Q1400013	6000000181563963983
Q140001331	6000000084965006029
Q140001544	6000000084550573871
Q140001556	6000000005932829392
Q140001578	6000000017250577316
Q140001693	6000000009307336648
Q140004301	6000000017552596143
Q140004322	6000000017551992356
Q140005136	6000000030689966838
Q140005538	6000000017915774464
Q140005681	6000000017915693294
Q140005717	6000000037054439397
Q140005740	6000000037054372549
Q140005922	6000000017915615500
Q140006070	4906915409170047895
Q140006076	4906897629490057724
Q140006084	4906906417380047481
Q140006117	4906887866940073260
Q140006123	4906842706120047767
Q140006132	6000000027793921566
Q140006143	6000000027794123859
Q140008267	6000000008968212897
Q140008307	6000000037771290920
Q1400084	6000000023361994247
Q1400094	6000000026412399731
Q140009778	6000000037779666077
Q140009808	6000000218422818824
Q140009810	6000000001410921466
Q140009811	6000000072071693110
Q140009814	6000000007281426825
Q140009816	6000000007281173051
Q140009817	6000000001384018054
Q140009825	6000000069968608184
Q140010060	6000000002764967611
Q140010703	6000000179071415824
Q1400111	6000000000311618690
Q140011778	6000000037770931321
Q140011787	6000000002428018018
Q140011790	6000000037771116963
Q140011797	6000000002427944172
Q140011799	4795833412890067716
Q140013779	6000000001877495702
Q140014054	6000000011734321620
Q140016694	6000000048627827444
Q140017	6000000029277996177
Q140018838	6000000039039028364
Q140018888	6000000076268582871
Q1400205	6000000019700876042
Q1400226	6000000079651181846
Q1400241	6000000002384534323
Q140027240	6000000217788595824
Q140027895	6000000180957070821
Q140027992	6000000014926929238
Q140029545	6000000042127496551
Q140029978	6000000042127865264
Q140030126	6000000029742375961
Q140030152	6000000032666792855
Q140030178	6000000006768953143
Q140030184	6000000018893102851
Q140030194	6000000056872879868
Q140030211	6000000019770760512
Q140030265	6000000034046550205
Q140030282	6000000176435672827
Q140030302	6000000007671646880
Q140030336	6000000030047455105
Q140030401	6000000222573887823
Q140030406	6000000020500050434
Q140030410	6000000032666180257
Q140030414	6000000094066912115
Q140030415	6000000076268547898
Q140030423	6000000017115954040
Q140030430	6000000087355474835
Q140030432	6000000017990701434
Q140030435	6000000018833881130
Q140030450	6000000004218770104
Q140030458	6000000036763825577
Q140030992	6000000006944380424
Q140031005	6000000055469210899
Q140031021	6000000029793934235
Q140031051	6000000008032603167
Q140031063	6000000034046521197
Q140031276	6000000008105911769
Q140031298	6000000029917723826
Q140031487	6000000085754735238
Q140031528	6000000008779269587
Q140031537	6000000007671646933
Q140031555	6000000007534973517
Q140031568	6000000012697674587
Q140031574	6000000012697710718
Q140031575	6000000032918914723
Q140031670	6000000009026672554
Q140031783	6000000032919583974
Q140031820	6000000032919487128
Q140031952	6000000032918926704
Q140032139	6000000000825440062
Q140032282	6000000014874204825
Q140032295	6000000149936198864
Q140032296	6000000149935495050
Q140032349	6000000015103124649
Q140032357	6000000006863276346
Q140032370	6000000172899579296
Q140032396	6000000029917506636
Q1400324	6000000086618460857
Q140032550	6000000031249622330
Q140032644	6000000029835548821
Q140032653	6000000030002748441
Q140032882	6000000007678226267
Q140032948	6000000022789314902
Q140032960	6000000205920240823
Q140032970	6000000206090795826
Q140032982	6000000005049497582
Q140032993	6000000213444406827
Q140033006	6000000104150912952
Q140033012	6000000013126538129
Q140033035	6000000029960653456
Q140033134	6000000029961390946
Q140033189	6000000018877832906
Q140033212	6000000018877884455
Q140033502	6000000157850204833
Q140033875	6000000218344878832
Q140034229	6000000055577574892
Q140034231	6000000055575897065
Q140034239	6000000014439973548
Q140034258	6000000025082568856
Q140034316	6000000054566786032
Q140034339	6000000007532189288
Q140034370	6000000021688625204
Q140034492	6000000021902184527
Q140034538	6000000031898318117
Q140034972	6000000111182174951
Q140035094	6000000019771609004
Q140035138	6000000020039140608
Q140035145	6000000020110794026
Q140035883	6000000006094005248
Q140036794	6000000177184429827
Q1400377	6000000012024253731
Q1400386	6000000018710718981
Q140041622	6000000012634728297
Q140041627	6000000000430989538
Q140041628	6000000007425770764
Q140041774	6000000010609122445
Q140042154	6000000085338661012
Q140042195	6000000085379411833
Q140042197	6000000085378945962
Q140042205	6000000008106035636
Q140042210	6000000008106410439
Q140042219	6000000031619649954
Q140042223	6000000085378203285
Q140042224	6000000085379439851
Q140042229	6000000223712683870
Q140042240	6000000018877807582
Q140042247	6000000085381562968
Q140042258	6000000017610485921
Q140042263	6000000037097853958
Q140042268	6000000177326966882
Q140042284	6000000036904338035
Q140042307	6000000038139556325
Q140042325	6000000085339397969
Q140042331	6000000015392039089
Q140042367	6000000034071730604
Q140042384	6000000036882050763
Q1400424	6000000007319816413
Q140042588	6000000085338878127
Q140042734	6000000085340623891
Q140042735	6000000014437401482
Q140042741	6000000014437997039
Q140042750	6000000015876370010
Q140042760	6000000029526037146
Q140042789	6000000056277205038
Q140042825	6000000013017139131
Q140042865	6000000013258669762
Q140042874	6000000022939390044
Q140042887	6000000009439656755
Q140042902	6000000003556288492
Q140042912	6000000021380924148
Q140042929	6000000014273328704
Q140042940	6000000036743718674
Q140042985	6000000085537409443
Q140042987	6000000085539848013
Q140043018	6000000085738957823
Q140043023	6000000187810182846
Q140043062	6000000085539015112
Q140043063	6000000085540707881
Q140043081	6000000186277646189
Q140043081	6000000187810207840
Q140043105	6000000021765139950
Q140043139	6000000085541579874
Q140043146	6000000011832107730
Q140043234	6000000022671752759
Q140043243	6000000085554698835
Q140043245	6000000085555044843
Q140043254	6000000004033232754
Q140043459	6000000023119904999
Q140043493	6000000006860555098
Q140043536	6000000223574153861
Q140043565	6000000006926456157
Q140043584	6000000010228521223
Q140043642	6000000002635316653
Q140043647	6000000002635413220
Q140044317	6000000008784145904
Q140044347	6000000216607420932
Q140044360	6000000180225015821
Q140044379	6000000033349721132
Q140044383	6000000020514945445
Q140044458	6000000012697823308
Q140044537	6000000224094486904
Q140044549	6000000017826343176
Q140044562	6000000220318599828
Q140044575	6000000018595592608
Q140044587	6000000011669072061
Q140044614	6000000021548532611
Q140044652	6000000053050871167
Q140044716	6000000051404626038
Q140044787	6000000011151905001
Q140044962	6000000037289297664
Q140044967	6000000037289296676
Q140044982	6000000015948289774
Q140045005	6000000033069660796
Q140045015	6000000007352511560
Q140045024	6000000019884393763
Q140045072	6000000009465679164
Q140045124	6000000030102764402
Q140045166	6000000030103104317
Q140045192	6000000174885318252
Q140045203	6000000174886343828
Q140045234	6000000005056303517
Q140045246	6000000173444386443
Q140045252	6000000025087263300
Q140045303	6000000180907043826
Q140045404	6000000019907971450
Q1400463	6000000163386963852
Q1400488	6000000001759075036
Q140050655	6000000056003013946
Q140050671	6000000004192442056
Q140050683	6000000189726214823
Q140050684	6000000085634321948
Q140050693	6000000085601445293
Q140050816	6000000003082219106
Q140050978	6000000189726301821
Q140050985	6000000202377463831
Q140051119	6000000056179331821
Q140051127	6000000178597524864
Q140051131	6000000207508904838
Q140051146	6000000007678329560
Q140051150	6000000007677832994
Q140051156	6000000024182139773
Q140051162	6000000024181991566
Q140051170	6000000020168255818
Q140051175	6000000020039026035
Q140051355	6000000213042490822
Q140051362	6000000202376939862
Q140051542	6000000085602623890
Q140051587	6000000187806524823
Q140051683	6000000085681246924
Q140051684	6000000085680575312
Q140051686	6000000085680902101
Q140051689	6000000085681448848
Q140051789	6000000028486165308
Q140051792	6000000085694884869
Q140051794	6000000028485886802
Q140051863	6000000028486887681
Q140051866	6000000028486145411
Q140052047	6000000007678318292
Q140052182	6000000019935531356
Q140052283	6000000011205614619
Q140052435	6000000010229276213
Q140052538	6000000031942384763
Q140052633	6000000014449629084
Q140052793	6000000218605101825
Q140052904	6000000168675541844
Q140052921	6000000006775272682
Q140052937	6000000085739033983
Q140052938	6000000085739345959
Q140052940	6000000085737268418
Q140052942	6000000202373594890
Q140053095	6000000021415330947
Q140053136	6000000085782715000
Q140053137	6000000210925358834
Q140053138	6000000210925443821
Q140053154	324213628700006382
Q140053307	6000000085743809943
Q140053336	6000000014121176969
Q140053352	6000000009486985429
Q140053369	6000000004217639437
Q140053400	6000000019627315196
Q140053416	6000000019626782506
Q140053426	6000000030087943605
Q140053436	6000000006862716436
Q140053449	6000000222677745838
Q140053468	6000000005022288024
Q140053492	6000000020168262188
Q140053502	6000000085755506671
Q140053561	6000000085755354964
Q140053562	6000000085755714854
Q140053566	6000000085755738847
Q140053697	6000000210926059824
Q140053701	6000000210926055823
Q140053719	6000000022623187884
Q140053844	6000000022623062868
Q140053849	6000000085752220903
Q140053936	6000000028185944220
Q140053939	6000000028186362010
Q140053940	6000000022623345970
Q1400549	6000000028487239248
Q1400564	6000000134593034828
Q1400609	6000000010243844006
Q140060976	6000000122709012841
Q140063367	6000000001667109274
Q140063533	6000000039178060320
Q140063842	6000000001667032454
Q140064061	6000000001666876931
Q140064088	6000000066952918001
Q140065612	6000000012315165021
Q140065773	6000000029576022702
Q1400658	6000000033324903213
Q140065892	6000000058825066929
Q140067571	6000000008933715128
Q140067575	6000000016270451151
Q140067596	6000000008188469065
Q140067607	6000000010101614655
Q140067616	6000000009168958266
Q140067865	6000000105974811030
Q140067926	6000000014025261427
Q140067970	6000000085739204231
Q140068082	6000000014121353544
Q140068084	6000000014121521185
Q140068109	6000000011526022939
Q140068110	6000000014121538073
Q140068111	6000000014121393824
Q140068128	6000000202374287830
Q140068200	6000000202374710821
Q140068202	6000000202374779821
Q140068265	6000000202374762832
Q140068267	6000000202374335857
Q140068269	6000000202374757845
Q140068271	6000000202374466858
Q140068329	6000000202375214868
Q140068332	6000000202375271836
Q140068334	6000000202375396822
Q140068361	6000000015583150578
Q140068363	6000000202375225844
Q140068365	6000000210863599821
Q140068375	6000000147658537948
Q140068409	6000000015583146467
Q140068429	6000000049051484265
Q140068441	6000000015583235131
Q140068443	6000000083530240369
Q140068464	6000000021240544404
Q140068466	6000000148206264821
Q140068470	6000000045525048907
Q140068492	6000000021241420955
Q140068493	6000000021241180073
Q140068495	6000000021241120123
Q140068538	372769314570012551
Q140068543	6000000021240787349
Q140068639	6000000045525242834
Q140068665	6000000015583062755
Q140068667	6000000015583022429
Q140068679	6000000045523702012
Q140068682	6000000015583269033
Q140068687	6000000015583171642
Q140068689	6000000021240267708
Q140068691	6000000015582928785
Q140068692	6000000021239903608
Q140068770	6000000015395228374
Q140068799	6000000083618322701
Q140068846	6000000008412536910
Q140068848	6000000206513305540
Q140068858	6000000144809004829
Q140068860	6000000210929106841
Q140068861	6000000210930286826
Q140068864	6000000193616450827
Q140068869	6000000002423570438
Q140068890	6000000003666990905
Q140068891	6000000003667114723
Q140069008	6000000209334792860
Q140069008	6000000210929214822
Q140069052	6000000144809004824
Q140069074	6000000193616483823
Q140069074	6000000209335123821
Q140069118	6000000173696134949
Q140069122	6000000183006576908
Q140069243	6000000202373823825
Q140069244	6000000202373907827
Q140069392	6000000202377234822
Q140069445	6000000210969153821
Q140069448	6000000210969119822
Q140069476	6000000020218894702
Q140069479	6000000016729710731
Q140069497	6000000189726505865
Q140069500	6000000040066958821
Q140069616	6000000202376994859
Q140069686	6000000202376853859
Q140069702	6000000202378204859
Q140069732	6000000020219018751
Q140069734	6000000210970095830
Q140069822	6000000016729500744
Q140069835	6000000040065654343
Q140069836	6000000021241215084
Q140069854	6000000202378272856
Q140069857	6000000015395087019
Q140069870	6000000007377508888
Q140071111	6000000070252037824
Q140071170	6000000016632365794
Q140071420	6000000080119320080
Q140071442	6000000038030586171
Q140072846	6000000027129930733
Q140074	6000000015653672395
Q1400749	6000000002954726509
Q140074955	6000000124811584162
Q140075283	6000000004851156211
Q140076331	6000000001840212561
Q140076628	6000000014927428568
Q140076642	6000000051333798232
Q1400767	6000000025386311229
Q140076986	6000000007299191722
Q1400771	6000000030327200899
Q140077116	6000000076891065950
Q140077369	6000000027130423009
Q140077897	6000000090938478024
Q140078	6000000038219231007
Q140078197	6000000031390253691
Q140078215	6000000032647935648
Q140078237	6000000032672828574
Q140078247	6000000032698190651
Q140078259	6000000032722670707
Q140078295	6000000032748671068
Q1400784	6000000076902028840
Q140078426	6000000092727790932
Q140078454	6000000002423524620
Q140078502	6000000018520040316
Q140078524	6000000024206479038
Q140078554	6000000021707174204
Q140078564	6000000198339870821
Q140078568	6000000198338978915
Q140078582	6000000211452854823
Q140078908	6000000094085319858
Q140079	6000000002957598198
Q140079038	6000000056967250935
Q140079182	6000000056967506821
Q140079475	6000000005563282309
Q140084455	6000000014103137078
Q140084842	6000000173863073643
Q1400872	6000000025943450882
Q140088791	6000000088293186840
Q140089572	6000000009688341511
Q140089821	6000000046211915828
Q140089831	6000000191027110825
Q140090062	6000000175882273164
Q140090067	6000000017070412730
Q140090081	6000000175882273194
Q1400901	6000000034628902659
Q140090819	6000000175882273082
Q140092022	6000000186842064821
Q140092148	6000000083214335089
Q140092170	6000000181113612876
Q140092263	6000000215173310821
Q140092505	6000000218369020883
Q140092522	6000000218537070834
Q140092541	6000000184266573503
Q140092563	6000000000987230199
Q140092582	6000000011173496368
Q140092843	6000000004122070740
Q140092861	6000000003358620384
Q140093280	6000000004122075564
Q140093416	6000000033276474278
Q140093690	6000000033276788826
Q140093706	6000000033277028546
Q140094862	6000000173864142956
Q140098316	6000000006969223908
Q140098388	6000000006969537550
Q140098613	6000000026053681755
Q140099081	6000000026054278364
Q140099172	6000000029163346740
Q140099345	6000000029163265537
Q1401	6000000012449106581
Q140100463	6000000187521936822
Q140101037	6000000024449623956
Q140101277	6000000012314117045
Q140101871	6000000012314012789
Q1401053	6000000001548194433
Q1401073	6000000010155229179
Q1401179	6000000008279118043
Q1401197	6000000011238366702
Q140121672	6000000176145019840
Q1401223	6000000027576723118
Q1401254	6000000013964655552
Q1401258	6000000032467142179
Q140128727	6000000143039739827
Q1401295	6000000000889571519
Q140129529	6000000000149731138
Q140132003	6000000019138060977
Q140132122	5088639018290062580
Q140132125	6000000002482800764
Q140132127	6000000003938999188
Q140132135	6000000006519061603
Q140132137	6000000003877750488
Q140132142	6000000000484556445
Q140132145	6000000014185339855
Q140132305	6000000016450180487
Q140132374	6000000015549954544
Q140132649	6000000005046929712
Q140132650	6000000000332440334
Q140132728	6000000221947984881
Q140132785	6000000040421226217
Q140132790	6000000200315182824
Q140132798	6000000040421329881
Q140132807	6000000040420847728
Q140132846	6000000018417528312
Q140132861	6000000018417488601
Q140132919	6000000197478472850
Q140132929	6000000021439850641
Q140132936	6000000021440155596
Q140133128	6000000003369238801
Q140133133	6000000006695319007
Q140134862	6000000177915049836
Q140134939	6000000134330003937
Q140136030	6000000022619049086
Q140136187	6000000020219574153
Q140136327	6000000020218970639
Q140136328	6000000020217987778
Q140136432	6000000085739155998
Q140136560	6000000021241120070
Q140136563	6000000021241494920
Q140136729	6000000187343240853
Q140136730	6000000210924862839
Q140136731	6000000210924972830
Q140137293	6000000025819534903
Q140137964	6000000014961168593
Q140138280	6000000024886327333
Q140139189	6000000074667466954
Q140139200	6000000075255452930
Q140141563	6000000192668249826
Q140142412	6000000013633598193
Q140142414	6000000034968998039
Q140142417	6000000013633792826
Q140142419	6000000011625953636
Q140142441	6000000013633832322
Q140142786	6000000009593804483
Q140143088	6000000038555523003
Q140143095	6000000186886974842
Q140143183	6000000005788843710
Q140143827	6000000023204951838
Q140143835	6000000023204771137
Q140143842	6000000023204701342
Q140143851	6000000006853637587
Q140143851	6000000023204533590
Q140149964	6000000084025026016
Q140150263	6000000009402458393
Q1401504	6000000140059382834
Q140152030	6000000010632645650
Q140152338	6000000009895334473
Q140157987	6000000037516540697
Q140158722	6000000016375409642
Q140158779	6000000130744637836
Q140158780	6000000130745984821
Q140159428	6000000096320187845
Q140165555	6000000050984172055
Q140165556	6000000050984623946
Q140166926	6000000155907761821
Q140167999	6000000028335192541
Q140168000	6000000028335856870
Q140168143	6000000028335484431
Q140169274	6000000189561635827
Q140169529	6000000175909936825
Q140169531	6000000175910096821
Q140172946	6000000036370564438
Q1401742	291026634180003195
Q140176127	6000000006356287082
Q1401775	6000000045163054018
Q140177836	6000000010018572125
Q140178786	6000000002664787616
Q140179517	6000000026633877743
Q140179533	6000000147753800926
Q140180847	6000000226028905880
Q1401809	6000000022647982297
Q140180994	6000000226029130864
Q140181	6000000049096263252
Q140181043	6000000226028912883
Q140181147	6000000226029174850
Q140181229	6000000226029146882
Q140181280	6000000226029420832
Q140181309	6000000226029568823
Q1401822	6000000000506248852
Q140183649	6000000011890786144
Q140183682	6000000026637897735
Q140183732	6000000034254444994
Q140184	6000000140893321821
Q140184460	6000000203550899966
Q140184466	6000000021278098986
Q140184500	6000000034423510478
Q1401847	325272309880001665
Q140184778	6000000034424924085
Q140184781	6000000002510201812
Q140184790	6000000034866565546
Q140184999	6000000038767601476
Q140185555	6000000038767169927
Q140185924	6000000038796154860
Q140186213	6000000005435193442
Q140186237	6000000000012108261
Q140187535	6000000005641485012
Q1401877	6000000029009436416
Q140187879	6000000011723288638
Q140188288	6000000024929028145
Q1401898	325273502770007015
Q1401900	6000000035088446811
Q1401906	325297165330007135
Q140190781	6000000030575300767
Q140190864	6000000006821777952
Q140191214	6000000193841752821
Q140191283	6000000019469461732
Q140192067	6000000026149695987
Q140192351	6000000001504778971
Q140192400	6000000030083460901
Q140192981	6000000019818513533
Q140192991	6000000030018701472
Q140193	6000000140739871841
Q140193006	6000000003304910966
Q140193015	6000000030019258040
Q140193220	6000000014435263619
Q140193700	6000000046250002011
Q1401938	6000000008529905993
Q140194204	6000000002065503462
Q140194571	6000000082008580246
Q140194772	6000000000216091741
Q140194903	6000000012942611876
Q140195407	6000000017738849617
Q140195678	6000000002855879133
Q140197165	6000000028810569116
Q140197316	6000000020555871810
Q140197357	6000000029295353846
Q140198169	6000000007998864278
Q140198353	6000000011832754605
Q1402	6000000012438622868
Q140201761	6000000205085134827
Q140203793	6000000042516113156
Q140204384	6000000221829886832
Q140204504	6000000205085247823
Q140205304	6000000193290060882
Q1402061	6000000191531013822
Q140206936	6000000019990155296
Q140207643	6000000019989843518
Q140207672	6000000221829592959
Q140208044	6000000020868953836
Q140208153	6000000020132973883
Q1402082	6000000068146303867
Q140210444	6000000002799102363
Q140211773	6000000080993992219
Q140212017	6000000020142429238
Q140212355	6000000081851395159
Q140214217	6000000173685646936
Q140214283	6000000020868716592
Q140214778	6000000020308804662
Q140214909	6000000020423528801
Q140214959	6000000020423119789
Q140214991	6000000020447157261
Q140215249	6000000017718585620
Q140215360	6000000017718349922
Q140215851	6000000017717304864
Q140217262	6000000017934624881
Q140217344	6000000017717528530
Q140217491	6000000017736984793
Q140217777	6000000071426430106
Q140218399	6000000008123658330
Q140218815	6000000007652975252
Q140218900	6000000007723818022
Q140219089	6000000003025566842
Q1402226	6000000004962174015
Q140223533	6000000091688035956
Q140224042	6000000071427033026
Q1402257	6000000032281953147
Q1402270	6000000009860493695
Q1402277	6000000180475023825
Q1402293	6000000029942935821
Q140230403	6000000007263880709
Q1402307	6000000021431083342
Q1402310	6000000094315912852
Q140231017	6000000028765691465
Q140231212	6000000016988966805
Q140231410	6000000016989100028
Q140231539	6000000207288986909
Q140232354	6000000020132314508
Q140232472	6000000020131830563
Q140232607	6000000020131671697
Q140232704	6000000020132724075
Q140232773	6000000020132625841
Q140232831	6000000020134473141
Q140233699	6000000017474984980
Q140235	6000000003455163079
Q1402351	6000000021867153681
Q140235187	6000000182144974830
Q140235189	6000000182145043847
Q140235237	6000000221465018871
Q140235285	6000000182146175821
Q140235287	6000000084751444938
Q140235299	6000000182145372848
Q140235728	6000000015180152085
Q140241057	6000000019989900562
Q140245555	6000000091688231993
Q140246719	6000000012747601646
Q140246892	6000000009877948380
Q140246934	6000000010121761468
Q140247863	6000000028160299439
Q140248102	6000000009581156828
Q140248493	6000000083536550283
Q140248700	6000000091689955882
Q140248788	6000000025720374008
Q140249014	6000000022914633023
Q140249078	6000000039718483985
Q140249802	6000000001664268629
Q140249848	6000000012255845271
Q140250222	6000000002359196635
Q140250673	6000000010026481734
Q140250811	6000000002349324098
Q140252752	6000000010735255999
Q140252790	6000000177651428840
Q140252945	6000000177582256886
Q140253223	6000000044547685019
Q140253406	6000000082147001996
Q1402556	6000000024143871963
Q140258237	6000000018870189548
Q140262455	6000000025720204296
Q140263629	6000000183590290858
Q140263791	6000000183588643901
Q140263942	6000000183591200821
Q140264013	6000000039694198075
Q140264035	6000000039691253313
Q140264102	6000000039691085387
Q140264104	6000000039926953626
Q140264107	6000000029657874378
Q140264110	6000000029658277027
Q140264110	6000000207359874821
Q140264115	6000000029658308956
Q140264147	6000000020531065050
Q140264380	6000000039691027620
Q140264382	6000000039691015489
Q140264390	6000000207359681851
Q140264394	6000000009684533129
Q1402645	6000000157313834866
Q140264828	6000000017027937028
Q140264864	6000000025053040226
Q1402650	6000000198707507871
Q140265033	6000000015395144608
Q140265078	6000000210467241838
Q140265366	6000000015395222477
Q140265373	6000000015395306156
Q140265374	6000000015395166600
Q140265374	6000000084563992840
Q140265374	6000000188518391825
Q140265447	6000000015395217650
Q140265532	6000000198191064830
Q140265536	6000000016045632828
Q140265538	6000000016045698164
Q140266888	6000000025720157509
Q140267088	6000000040269463155
Q140267387	6000000028878972992
Q140267629	6000000008945673862
Q140267831	6000000046278668168
Q140267853	6000000046278968896
Q140268738	6000000030030024969
Q140274707	6000000086734624839
Q140275621	6000000010476623090
Q140276011	6000000008118802780
Q140276012	6000000084559269294
Q140276061	6000000044540942909
Q140276062	6000000044537940665
Q140276088	6000000015395195867
Q140276115	6000000015394847649
Q140276116	6000000015394839740
Q140276117	6000000015395200235
Q140276118	6000000015395182649
Q140276119	6000000015395213603
Q140276120	6000000015395308181
Q140276170	6000000015395327132
Q140276172	6000000015395232575
Q140276233	6000000045032696988
Q140277038	6000000210463033858
Q140277078	6000000210463063846
Q140277080	6000000211748903825
Q1402771	6000000180578605660
Q1402775	6000000167117568833
Q140277779	6000000200631825827
Q140277779	6000000211748830859
Q140277807	6000000200631158925
Q140277814	6000000211748786822
Q140277818	6000000200631656831
Q140277879	6000000015394839487
Q140277880	6000000015395194055
Q140277882	6000000015395044581
Q140277883	6000000015394931765
Q140277884	6000000015395032547
Q140277940	6000000194130163830
Q140277967	6000000015583541243
Q140277971	6000000015583409163
Q140277972	6000000211748739822
Q140278026	6000000021785499207
Q140278110	6000000200631777830
Q140278157	6000000086682420975
Q140278165	6000000061812413087
Q140278168	6000000061811417200
Q140278170	6000000015583564070
Q140278278	6000000086683434848
Q140278375	6000000197136219849
Q140281040	6000000177360111836
Q140285442	6000000079771692833
Q140285536	6000000012027376915
Q140285588	6000000008026424745
Q140288003	6000000003708782153
Q140290986	6000000128586303822
Q140290995	6000000009644612660
Q140291101	6000000026478570291
Q140291156	6000000037577932912
Q140291652	6000000008968973731
Q1402924	6000000001596017703
Q1402955	6000000145218672392
Q1402968	6000000004985608672
Q140298418	6000000021210235369
Q140299316	6000000111034618123
Q140299317	6000000148749130866
Q140299321	6000000073357480985
Q140299368	376375259520003997
Q140299371	6000000037015529835
Q140299380	376375086120003004
Q140299381	376316895170013434
Q140299382	364573011410013741
Q140299414	6000000037015073408
Q140299417	6000000148754218925
Q140299418	6000000149919564870
Q140299419	6000000180313101108
Q140299548	6000000028429070144
Q140299549	6000000008213156024
Q140299552	6000000000890278014
Q140299560	6000000007224541503
Q140299568	6000000039128151980
Q140299569	6000000001288202092
Q140299570	6000000000269742539
Q140299616	6000000008213230087
Q140299620	6000000001288208077
Q140299627	6000000003356097052
Q140299628	6000000001150309183
Q1403	6000000014620081829
Q140301004	6000000018164122851
Q140301150	6000000078996455898
Q140301160	6000000010348775946
Q140301583	6000000023075072915
Q140301625	6000000120366460031
Q140301732	6000000011425225540
Q140301746	6000000011425346731
Q1403019	6000000024626652790
Q140302264	6000000015823357923
Q140302443	6000000014674738117
Q140302548	6000000066998425856
Q140302874	6000000016305698762
Q140302961	6000000014395488464
Q140303060	6000000025779010742
Q1403031	6000000010685071761
Q140303157	6000000025779529658
Q140303376	6000000018819102955
Q140303457	6000000018263293310
Q140303490	371426000100003193
Q1403036	6000000008995445143
Q14030389	6000000057427140877
Q1403041	6000000073002692874
Q140305377	6000000018501363758
Q140305423	6000000022578742707
Q140305426	6000000022578029334
Q140305428	6000000011359105641
Q140305446	6000000022580461239
Q140305489	6000000006110942902
Q140305957	6000000009955556469
Q140306101	6000000024668170156
Q140306112	6000000016765518512
Q140306234	6000000197272674826
Q140306557	6000000011212069638
Q140306605	6000000009762455110
Q140306607	6000000034790935991
Q140306698	3018172
Q140306955	6000000033427551876
Q140306966	6000000181812407863
Q140307054	6000000032723841065
Q140307061	6000000032723980841
Q140307605	6000000034269538033
Q140307828	6000000004966503952
Q140307904	6000000014696119366
Q140308030	4996403253980044753
Q140308718	5106431712260044684
Q140308951	6000000033687763066
Q140309010	5106442279220071478
Q140309199	5106431723100044690
Q140309242	6000000045947676041
Q140309245	6000000045947178061
Q140309245	6000000225836577821
Q140309281	6000000043025612003
Q140309317	6000000018220610876
Q140309465	6000000007598811093
Q140309700	5239989812050103721
Q140309879	6000000000051827964
Q1403108	6000000005796640873
Q1403109	6000000097319025022
Q140311672	6000000010249760108
Q140311710	6000000024788424634
Q1403120	6000000081838262186
Q140312000	4996334716000128476
Q1403124	6000000056740334313
Q140313075	6000000015251565168
Q140314874	6000000002624923711
Q140315339	6000000033334992272
Q140315341	6000000186201807389
Q140315342	6000000186202536378
Q140315343	6000000084602286363
Q140315345	6000000003017297783
Q140315348	6000000033334786611
Q140315349	6000000033334839475
Q140315351	6000000033334884299
Q140315352	6000000033334622695
Q140315354	6000000029574861462
Q140315358	6000000003490605318
Q140315363	6000000016578360296
Q140315365	6000000000640151473
Q140315367	6000000000491153784
Q140315384	6000000033334819281
Q140315385	6000000039351844283
Q140315387	6000000039351997250
Q140315389	6000000010451825290
Q140315946	6000000076854456974
Q140315951	6000000076854456981
Q140316261	6000000002661300306
Q1403169	6000000039491553826
Q140317424	6000000000162465012
Q140317430	5139106645810104033
Q140317617	6000000004158110511
Q140319510	6000000197136219845
Q140319511	6000000009083510286
Q140319514	6000000007377593943
Q140319516	6000000197136219841
Q140319516	6000000211747619873
Q140319518	6000000176304727840
Q140319552	6000000210463739822
Q140319554	6000000009083446358
Q140319557	6000000210463178825
Q140319557	6000000211747663858
Q140319558	6000000040061728094
Q140320072	6000000064642728427
Q140320335	6000000072040860652
Q140320387	6000000072040947548
Q140320541	6000000106641637105
Q140320555	6000000106642409964
Q140320653	6000000088109019861
Q140321594	6000000023186586055
Q140322383	4873739751350056910
Q140323642	6000000061271182857
Q140323777	4996447637100054715
Q1403241	6000000006447737085
Q140324726	6000000002215944817
Q140325266	6000000010685501673
Q140329276	6000000002683140220
Q140329635	4345373906840041355
Q140329884	6000000015394942677
Q140329993	6000000007377584633
Q1403300	6000000024730077772
Q140330063	6000000007377762374
Q140330169	6000000209907291858
Q140330170	6000000015395042085
Q140330248	6000000036915308042
Q140330274	6000000022910256143
Q1403307	6000000010792974231
Q140331168	6000000111095418864
Q140331615	6000000111095501841
Q140332063	6000000025309031948
Q140332064	6000000015395151750
Q140332065	6000000015395265520
Q140332079	6000000011538895380
Q140332182	6000000011538851444
Q1403322	6000000014533971392
Q140332471	6000000015395222720
Q140332471	6000000214402298830
Q140332472	6000000015395315192
Q140332476	6000000015395186999
Q140332479	6000000015395389010
Q140332793	6000000211472448828
Q140332793	6000000214402210833
Q140333547	6000000212286440824
Q140333547	6000000214414087822
Q140333551	6000000214412848831
Q140333785	6000000017734822309
Q1403338	6000000010426851943
Q140334144	6000000008191999251
Q1403343	6000000073966881874
Q140335391	6000000015395159496
Q140335391	6000000218245568859
Q140335414	6000000015395294437
Q140336210	6000000190451304655
Q1403366	6000000115664621843
Q140336644	6000000025928150928
Q140336665	6000000003802147123
Q140336670	6000000001453168469
Q140336683	6000000025927817557
Q140337327	6000000022305846223
Q140337446	6000000014073934101
Q140337658	6000000014073736866
Q140338168	6000000015395164409
Q140338169	6000000015395342265
Q140338481	6000000025056061976
Q140338481	6000000172426914671
Q140338483	6000000172427920005
Q140338484	6000000012248630374
Q140338512	6000000012230227445
Q140338595	6000000183561603897
Q140338614	6000000176177576897
Q1403390	6000000002802359187
Q140339205	6000000176178376846
Q140339215	6000000223145521839
Q140339217	6000000223144959905
Q140339232	6000000006827938873
Q140339846	6000000010581794832
Q140339857	6000000010677946193
Q140339919	6000000012247766022
Q140339934	6000000007096347220
Q140339948	6000000000518023870
Q140340208	6000000003288065313
Q140340230	6000000006441307678
Q140340233	6000000006441313144
Q140340326	6000000006441319926
Q140340355	6000000004172810132
Q1403406	6000000033860840887
Q1403412	6000000186528357892
Q1403419	6000000019798164224
Q140342624	6000000015518763286
Q140342712	6000000019469145132
Q140342784	6000000019469029321
Q140342793	6000000019468992791
Q1403428	6000000002764375233
Q140342804	6000000003937579587
Q140342807	6000000016277748349
Q140342817	6000000000647229839
Q140342845	6000000006258029372
Q140343054	6000000018782165247
Q140343197	6000000018040566431
Q140343201	6000000007097903297
Q140343204	6000000012893858645
Q140343207	6000000018040593702
Q140343208	6000000008389300316
Q140343214	6000000008388906072
Q140343215	6000000008388866140
Q140343227	6000000214418549821
Q140343228	6000000012893988518
Q140343241	6000000056340119825
Q140343242	6000000056339922848
Q140343244	6000000004017782662
Q140343245	6000000020330485501
Q140343246	5287886077320075381
Q140343247	6000000029583021787
Q140343252	6000000000846910751
Q140343253	6000000016947187584
Q140343255	6000000017146656304
Q140343256	6000000001892062687
Q140343257	6000000008003039013
Q140343260	6000000003807653170
Q140343261	6000000003807904367
Q140343264	6000000002336647840
Q140343265	6000000040801459047
Q140343285	6000000090544728903
Q140343286	6000000074665733946
Q140343287	6000000041155905395
Q140343385	6000000074665510010
Q140343393	6000000076978827855
Q1403434	6000000035278365955
Q140343405	6000000088580873935
Q140343439	6000000076978654018
Q140343442	6000000139168316024
Q140343455	6000000001531553719
Q140343620	4970841020280131114
Q140343629	4976736890810126767
Q140343636	6000000009276627866
Q140343648	6000000002946551496
Q140343662	6000000003241655845
Q140343669	6000000018262913465
Q140343679	6000000027416927994
Q140343691	6000000027417460546
Q140343693	6000000027417210098
Q140343704	6000000014028824899
Q140343709	6000000102781001299
Q140343714	6000000019468748956
Q140343720	6000000012696186377
Q140343721	6000000085804899823
Q140343722	6000000129506053834
Q140343723	6000000028969263658
Q140343724	6000000027672652026
Q140343745	6000000025154768796
Q140343746	6000000025155312868
Q140343788	6000000025155181005
Q140343789	6000000023498874434
Q140343791	6000000000068476707
Q140343818	6000000025155054222
Q140343819	6000000025155367927
Q140343821	6000000024349271897
Q140343824	6000000024349686533
Q140343849	6000000024350439063
Q140343873	6000000003320894614
Q140345008	6000000006788505587
Q140346489	6000000014361357753
Q1403472	6000000010394022581
Q1403482	6000000026054338652
Q1403489	6000000037155605324
Q1403490	6000000045599375007
Q1403507	6000000027661728102
Q1403515	6000000026865391664
Q1403521	6000000014529123878
Q140352816	6000000006951670181
Q140354200	5235586619610033822
Q140354201	5235586528780033816
Q140354397	6000000041177717466
Q140354399	6000000041177765283
Q140354614	6000000014777361917
Q140354615	6000000014777362278
Q140354901	6000000014777446066
Q140354952	6000000014777426259
Q140355355	4996451574110055040
Q140355400	6000000039716988395
Q140355403	6000000039716853704
Q140355476	6000000039717369907
Q140355560	5097945912770081749
Q140355746	6000000039717773930
Q140355749	6000000039717494769
Q140355850	6000000039717787488
Q140355851	6000000039718163173
Q140355851	6000000144429595921
Q140355853	6000000039718105321
Q140355854	6000000039717220118
Q140355897	6000000039717555775
Q140355912	6000000039717711697
Q140355912	6000000143753814586
Q140356535	6000000041683175653
Q140356634	6000000001220086971
Q140356657	6000000013071472329
Q140356660	6000000012941288349
Q140356661	6000000037404756438
Q140356662	6000000037404882064
Q140356665	6000000037388632170
Q140356668	6000000012705356572
Q140356669	6000000002978224698
Q140356719	5546457247720025656
Q140356727	6000000001219974153
Q140356728	6000000006598403318
Q140356734	6000000006598682197
Q140356736	6000000000628427517
Q140357221	6000000200732562851
Q140357248	6000000038079352962
Q1403573	6000000035914087883
Q140357785	6000000113458340115
Q140357982	6000000013261730761
Q1403580	6000000018846518808
Q140358299	6000000046643065882
Q140358301	6000000046642372056
Q140358605	6000000220781221821
Q1403591	6000000034251254052
Q140359446	6000000046617085961
Q140359806	6000000039729860932
Q140359935	6000000018089029229
Q140359937	6000000190453317346
Q1403600	6000000140735283880
Q140360548	6000000039717666054
Q140360555	6000000039717220161
Q140360610	6000000039717211112
Q140360906	6000000015388292096
Q140360907	6000000015388283099
Q140360910	6000000015387117825
Q140360911	6000000015388126611
Q140360912	6000000015387340491
Q140360918	6000000015388342944
Q140361161	6000000015388298521
Q140361347	6000000004325861426
Q140361475	6000000023370543809
Q140361718	6000000166881121413
Q140362905	6000000146289883919
Q140363113	6000000014716775073
Q140363114	6000000010839465908
Q140363527	6000000024903324215
Q140363528	6000000009277127220
Q140363546	6000000056775598861
Q140363547	6000000001959766226
Q140363557	6000000006442533072
Q140363559	6000000006442539350
Q140363562	6000000056775353110
Q140363563	6000000056775704095
Q140363564	6000000000082124775
Q140363570	6000000187577514821
Q140363571	6000000026712212295
Q140363576	6000000036125574997
Q140363579	6000000001959725126
Q140363596	6000000001193165790
Q140363597	6000000002677769417
Q140363598	6000000036123909564
Q140363638	6000000019184765250
Q140363639	6000000004537997216
Q140363640	6000000003940754556
Q140363643	6000000052630632951
Q140363644	6000000003013173411
Q140363648	6000000003012941870
Q140363649	6000000052631033833
Q140363651	6000000065868289830
Q140363652	6000000003940758581
Q140363653	6000000000664547780
Q140363656	6000000003940725245
Q140363657	6000000000062299474
Q140363664	6000000000062283659
Q140363675	6000000007462818840
Q140363678	6000000004074394357
Q140363679	6000000003938050071
Q140363681	6000000004074394415
Q140363682	6000000004074411144
Q140363684	6000000004538018804
Q140363685	4011059294720074266
Q140363688	6000000007178410522
Q140363689	6000000007178695349
Q140363691	6000000000696727658
Q140363693	6000000002677769445
Q140363695	6000000007178692249
Q140363696	6000000007178345411
Q140363701	6000000007178549481
Q140363702	6000000001608959109
Q140363705	6000000002094673020
Q140363706	6000000010668506029
Q140363708	6000000013546728740
Q140363716	6000000003649896834
Q140363728	6000000013546664655
Q140363729	6000000027377216646
Q140363730	6000000003243439007
Q140363733	6000000006441379489
Q140363746	6000000000181163318
Q140363760	6000000000318606443
Q140363768	4011069199470047986
Q140363769	6000000007758312459
Q140363770	6000000000306318074
Q140363772	6000000006990618076
Q140363780	6000000006981853014
Q140363782	6000000007758569852
Q140363783	6000000001648473644
Q140363786	6000000001648473651
Q1403638	6000000007375088498
Q140363827	6000000001382759987
Q140363840	318894879070006779
Q140363841	6000000011643233812
Q140363842	5468726224190119376
Q140363843	6000000003517560516
Q140363856	6000000082534295464
Q140363857	6000000000435740189
Q140363858	6000000001383092136
Q140363859	6000000001383105446
Q140363878	6000000003940966976
Q140363888	6000000007857832107
Q140363889	6000000002677769378
Q1403642	6000000123673817887
Q140365465	6000000017166111094
Q140366566	6000000176601878945
Q140366787	6000000193508517851
Q140366791	6000000193488921822
Q140366840	6000000020152817064
Q140367066	6000000051513875001
Q140367067	6000000137633699892
Q140367108	6000000017936521780
Q140367109	6000000017937049710
Q140367110	6000000017937026358
Q140367111	6000000017936998077
Q1403675	6000000007014351877
Q1403682	6000000001793303413
Q1403708	6000000018789522619
Q140371251	4223064721270056736
Q140371252	4223140495280023247
Q140371253	6000000020806285306
Q140371254	6000000006128097474
Q140371255	5154562905930058957
Q140371256	4223140418010068720
Q140371274	6000000000275330137
Q140371277	6000000009829779312
Q140371279	6000000030307760360
Q140371281	6000000030307354360
Q140371285	5586537774230073450
Q140371288	6000000003552134608
Q140371290	6000000013254383886
Q140371291	5121670414390083584
Q140371293	5139943096570138583
Q140371297	6000000009452059830
Q140371299	6000000006172960063
Q140371303	6000000011851740550
Q140371414	6000000032668713049
Q140371415	6000000033804866570
Q140371416	6000000007313695533
Q140371417	6000000020041222004
Q140371420	6000000007160438597
Q140371423	6000000006172299504
Q140371424	6000000007883615905
Q140371425	6000000007883864364
Q140371427	6000000011310782955
Q140371428	6000000005250698355
Q140371443	6000000007073964379
Q140371446	6000000007074277193
Q140371447	6000000007074848051
Q140371448	6000000006127131407
Q140371449	6000000007885093722
Q140371467	6000000002516646723
Q140371469	6000000013202864201
Q140371470	6000000001885610715
Q140371473	6000000013201529096
Q140371475	6000000007680253427
Q140371476	6000000006172460589
Q140371478	6000000001885701000
Q140371479	6000000006127434603
Q140371487	6000000006127334395
Q140371493	6000000006128072423
Q140371834	6000000007710998923
Q140371835	6000000007710923650
Q140371846	6000000016573354958
Q140371847	6000000006590036304
Q140371870	4583824
Q140371872	4583806
Q140371874	4583639
Q140371876	6000000006257517150
Q1403719	6000000073241214900
Q140371901	6000000011513785079
Q140371904	6000000006172712067
Q140371913	6000000001252931820
Q140371917	6000000013431492008
Q140371918	6000000013431884223
Q140371922	6000000001252899920
Q140371932	6000000013431587038
Q140371947	6000000012920907846
Q140371966	6000000013152625464
Q140371977	6000000003604838380
Q140371979	6000000007434974879
Q140371996	6000000007434855655
Q140372002	6000000005165255008
Q140372005	6000000005229676924
Q140372095	6000000035914980082
Q140372415	6000000201646489821
Q140372416	6000000067340472821
Q140372851	6000000046616253501
Q140372932	6000000044899591856
Q140372968	6000000044899440953
Q140373110	6000000046617153859
Q140373111	6000000046616168604
Q140373139	6000000079635810821
Q140373169	6000000020459832410
Q140373233	6000000071019847531
Q140373243	6000000076882386713
Q140373245	6000000076883547932
Q140373337	6000000071020323179
Q140373358	6000000018285572738
Q140373365	6000000018381274897
Q140373366	6000000076857517869
Q140373369	6000000053152524846
Q140373381	6000000053152516833
Q140373382	6000000053152866960
Q140373384	6000000001261783805
Q140373388	6000000009475388034
Q140373392	6000000013202440933
Q140373442	6000000016484806467
Q140373558	6000000006706874313
Q140373563	6000000006706623631
Q140373567	6000000006706704695
Q140373568	6000000013271552285
Q140373574	6000000003261287557
Q140373582	6000000001502480413
Q140373584	6000000001501519556
Q140373587	6000000000509758705
Q140373605	6000000007945938756
Q140373631	6000000000726066025
Q140373642	6000000003261197731
Q140373643	6000000003260927659
Q140373649	6000000008217572862
Q140373650	6000000008378658229
Q140373654	6000000008217806675
Q140373660	6000000008496933363
Q140373664	6000000008979453681
Q140373665	6000000000342451707
Q140373687	6000000008979721251
Q140373689	6000000006815664111
Q140373744	6000000022259948308
Q140373765	6000000186530848821
Q140373766	6000000186531584898
Q140373778	6000000046641125846
Q140373785	6000000018859206719
Q140373787	6000000008593545444
Q140373789	6000000018859619560
Q140373790	6000000007445451897
Q140373795	6000000001816498165
Q140373798	6000000004298056252
Q140373801	6000000001198294574
Q140373803	6000000011582933783
Q140373822	6000000059264327858
Q140373830	6000000095552887822
Q140373859	6000000012820051213
Q140373896	6000000006823241195
Q140373901	6000000006823137110
Q140374242	6000000001769293004
Q140376788	6000000009829510629
Q140377083	6000000022215610344
Q140377089	6000000010801949192
Q140377129	6000000006589243438
Q140377358	6000000014716679722
Q140377360	6000000014716612832
Q140377362	6000000014716703326
Q140377364	6000000014716260979
Q140377365	6000000010839493049
Q140377366	6000000019828146262
Q140377380	6000000014574664612
Q140377387	6000000014573879858
Q140377395	6000000018173426772
Q140377402	6000000019828495185
Q140377404	6000000010839357865
Q1403783	6000000093907345967
Q1403784	6000000014583187992
Q140380404	6000000026975735969
Q140380407	6000000026974977564
Q140380410	6000000026311003621
Q140380435	6000000020236545048
Q140380452	6000000035019285997
Q140380803	6000000001547462477
Q1403815	6000000032060874330
Q140381573	6000000011678613460
Q1403818	6000000024934669536
Q1403819	6000000175739461860
Q1403825	6000000103865577898
Q140383521	6000000015187191912
Q140383709	6000000002765105094
Q1403845	6000000189526164829
Q140384990	4560792289780034167
Q140385444	6000000047583454897
Q1403855	6000000002113676538
Q140385556	6000000047584391865
Q140385604	6000000047583486962
Q140385757	6000000092156988898
Q140385758	6000000214206825826
Q140386201	6000000047584093980
Q1403868	6000000028315718032
Q140386910	6000000047585567901
Q140386914	6000000047585617866
Q1403877	6000000020704730564
Q140387778	6000000047586081865
Q140387809	6000000092156857040
Q140387857	6000000092157456838
Q140387943	6000000005583598693
Q140388720	6000000026069103199
Q140388720	6000000221922242314
Q140388770	6000000026068995356
Q140388835	6000000035109889164
Q140388961	6000000009686925633
Q140388991	6000000035110270865
Q140389072	6000000018608879166
Q1403895	6000000000304855054
Q140389993	6000000024447784913
Q140390000	6000000021768764898
Q140390009	6000000021768411673
Q140390440	6000000007559676961
Q140391318	6000000014046090916
Q140391319	6000000014016704594
Q140391353	6000000038849820064
Q140391357	6000000014109019485
Q140391362	6000000038849859148
Q140391366	6000000014108980649
Q140391367	6000000038849646423
Q140391413	6000000014108456423
Q140391413	6000000212366867132
Q140391434	6000000014108247690
Q1403915	6000000000779802537
Q140391725	6000000018088628513
Q140391734	6000000018089082204
Q140391735	6000000018089072194
Q140391782	6000000194130073827
Q140391939	6000000177210754861
Q140391995	6000000177212011824
Q140392060	6000000015387973661
Q140392082	6000000015387700368
Q140392103	6000000015387555510
Q140392104	6000000015388146374
Q140392122	6000000194129595876
Q140392135	6000000206053337822
Q140392193	6000000011304829423
Q140392861	6000000013179960050
Q140392863	6000000008507151060
Q140392876	6000000009061762332
Q140392896	6000000006958757001
Q140392897	6000000007276858931
Q140392900	6000000005425426488
Q140392903	6000000001403302995
Q140392952	5399088177150137085
Q140392955	6000000020624990140
Q140392957	6000000030111648402
Q140392958	6000000001491691431
Q140392967	6000000001491872332
Q140392968	6000000001243028323
Q140392969	6000000006403279893
Q140393	6000000007322442540
Q1403930	6000000024303802390
Q140393014	6000000176759914843
Q140393015	6000000176904227845
Q140393016	6000000020838389259
Q1403933	6000000035233040691
Q1403936	6000000172210230942
Q1403945	6000000071479555084
Q140399695	6000000007301969739
Q1403997	6000000041055038001
Q140399827	6000000018443482851
Q140400938	6000000002764953185
Q140400941	6000000045727358253
Q140401169	6000000079480358868
Q140401899	6000000022373687051
Q140403277	6000000038941204630
Q140403280	6000000028051434165
Q140403297	6000000107305819917
Q140403412	6000000002651913899
Q140403701	6000000039732624182
Q140403711	6000000024730737459
Q140403712	6000000024730813810
Q140404002	6000000039732499440
Q140404616	6000000014273858238
Q1404047	6000000015034892465
Q140405824	6000000047939508102
Q140405856	6000000047939425010
Q140406017	6000000020515514878
Q140406050	6000000047940038895
Q140406078	6000000008114946436
Q140407117	6000000007158314241
Q140407183	6000000084230330050
Q140411651	6000000000246623112
Q140412	6000000010022705468
Q140413366	6000000025778771585
Q1404201	6000000015040861201
Q140420223	6000000094085205894
Q140420929	6000000017964834566
Q140421660	6000000037986821150
Q140422022	6000000129447789932
Q140422041	6000000011734634493
Q140422132	6000000175412423870
Q140424220	6000000017274921835
Q140424801	6000000011025674172
Q140425676	6000000019037915591
Q140425678	6000000006595562174
Q140425693	5440342941110052000
Q140425936	6000000025537312783
Q140425963	6000000005021830799
Q140425985	6000000008445345570
Q140425988	6000000006590082601
Q140425991	6000000006590052997
Q140425999	6000000008444994028
Q140426019	6000000073582606505
Q140426021	6000000005226934397
Q140426035	6000000090139735955
Q140426235	6000000013717836920
Q140426313	6000000073582290536
Q140426314	6000000000140466230
Q140426318	6000000008458595999
Q140426320	6000000008437832003
Q140426342	6000000010251914427
Q140426346	6000000011436558786
Q1404270	6000000006993866168
Q140428396	6000000002658614744
Q140428411	6000000026781606866
Q140428448	6000000107489466879
Q140428460	6000000132444990950
Q140428464	6000000132447252821
Q140428467	6000000132490827900
Q140428475	6000000011204864990
Q140428478	6000000019936774009
Q140428641	6000000012360802985
Q140428642	6000000012361624497
Q140428644	6000000006429025693
Q140428676	6000000007191627239
Q140428679	6000000006916368198
Q140428798	6000000006916048153
Q140428800	6000000006429237630
Q140428838	6000000007785220232
Q140428841	6000000007116263468
Q140428884	6000000003820772299
Q140429171	6000000012820965311
Q140429172	6000000004389982898
Q140429213	6000000008714921789
Q140429234	6000000007327962155
Q140429236	6000000007328035737
Q140429238	6000000008606777570
Q140429400	6000000012566421538
Q140429414	6000000007106244459
Q140429417	6000000006943057002
Q140429419	6000000006942820309
Q140429432	6000000007106330389
Q140429444	6000000007105687172
Q140429445	6000000012013141213
Q140429474	6000000006942912215
Q140429478	6000000006604169223
Q140429482	6000000006587738437
Q14043	6000000035888986954
Q140430153	6000000007388928744
Q140430165	6000000008475110760
Q140430168	6000000078169600900
Q140430172	6000000013126137244
Q140430176	6000000013125206571
Q140430179	6000000013124023909
Q140430185	6000000013123915730
Q140430204	6000000006590411636
Q140430207	6000000006590330679
Q140430412	6000000009224317390
Q140430472	6000000007804429357
Q140430810	6000000014645752405
Q140431164	6000000110245161821
Q140431342	6000000162315416821
Q140431401	6000000175553947884
Q140433303	6000000071302748084
Q140433344	6000000021572480225
Q140433352	6000000036081404832
Q140433360	6000000083956679541
Q140433373	6000000036080909349
Q1404345	6000000073050557450
Q140434669	6000000033069527484
Q140435053	6000000039566906243
Q140435055	6000000004997915379
Q140435057	5622172169550061474
Q140435059	6000000005247708564
Q140435061	6000000006801219295
Q140435083	6000000005247824321
Q140435321	6000000002764498816
Q140435355	6000000011724974436
Q140435357	6000000011725001069
Q140435405	6000000004252192971
Q140435410	6000000008260978585
Q140435412	6000000008260927649
Q140435418	6000000012403299352
Q140435432	6000000027931116943
Q140435435	6000000027930739497
Q140435455	6000000001862177585
Q140435486	6000000001862490081
Q140435697	6000000011199980146
Q140435715	6000000006299501211
Q140435737	6000000001504812286
Q140435740	6000000006299542500
Q140435780	6000000011685379665
Q140435782	6000000013006366881
Q140435800	6000000011127861563
Q140435813	6000000006139885001
Q140435861	6000000000905991544
Q140435865	6000000008594812755
Q140435897	6000000004155119014
Q140435912	6000000006356886021
Q140435915	6000000006380807544
Q140435920	6000000004154656300
Q140435923	6000000015062589870
Q140435950	6000000017629737712
Q140435952	6000000011171395442
Q140435958	6000000006853038221
Q140436004	6000000008596031474
Q140436005	6000000000759825230
Q140436021	6000000004003014509
Q140436028	6000000008649730626
Q140436030	6000000011372574556
Q140436052	6000000020367812880
Q140436053	6000000014834490036
Q140436066	6000000009610183205
Q140436067	6000000009610100426
Q140436124	6000000008418484016
Q140436125	6000000008418616545
Q140436202	6000000046211992840
Q140436474	6000000046211523151
Q140436500	6000000173745710978
Q140436666	6000000175535521847
Q140437003	6000000041410536821
Q140437201	6000000039944806928
Q140437212	6000000015664090647
Q140437236	6000000006718622602
Q140437342	6000000007737296310
Q140437367	6000000014511302313
Q140437370	6000000025246342171
Q140437464	6000000012469445579
Q140437466	6000000012445543450
Q140437468	6000000006573346104
Q140437507	6000000010860851954
Q140437510	6000000006802392607
Q140437512	6000000006802676172
Q140437514	6000000007834308946
Q140437522	6000000010916418530
Q140437547	334356645420005275
Q140437550	334358520810003377
Q140437551	6000000004542024380
Q140437576	6000000007098888216
Q140437587	6000000007098685448
Q140437593	6000000007098692431
Q140437595	6000000007098280813
Q140437609	6000000006282464538
Q140437610	6000000004831048423
Q1404381	6000000177092664942
Q140438761	6000000003232303588
Q140438822	6000000002732696288
Q140438826	6000000002827177903
Q140438882	6000000016263312873
Q140438886	6000000016263479438
Q140438936	6000000018857965068
Q140438942	6000000001539784498
Q140438944	6000000001539467892
Q140438946	6000000001539815148
Q140438948	6000000020182272013
Q140438955	6000000007791865309
Q140438993	6000000012684771889
Q140439069	6000000023511328622
Q140439096	6000000215174691835
Q140440041	6000000013012660902
Q140440052	6000000003520361373
Q140440068	6000000006914893379
Q140440070	6000000006913300880
Q140440082	6000000004974587190
Q140440084	6000000013953346441
Q140440109	6000000004974535217
Q140440118	6000000008582187710
Q140440122	6000000002278405850
Q140440123	6000000001806796027
Q140440124	6000000001806845117
Q140440147	6000000015988338099
Q140440150	6000000000759900017
Q140440152	6000000000759843422
Q140440227	6000000002858670304
Q140440235	5619004837160107363
Q140440254	6000000016366891357
Q140440266	6000000002517104386
Q140440268	6000000006805055774
Q140440277	6000000002517133281
Q140440278	5131571863040103622
Q140440299	6000000000905967664
Q140440304	6000000002859283333
Q140440314	5014312205150074003
Q140440396	6000000011237846140
Q140440442	6000000011779431288
Q140440463	6000000008962109805
Q140440466	6000000008896413735
Q140440473	6000000007123646294
Q140440481	6000000007123646314
Q140440483	6000000007123483303
Q140440535	6000000004877473344
Q140440586	5645331220910043274
Q140440598	6000000020340006501
Q140440616	5645324593030102124
Q140440618	6000000001753013776
Q140440636	5644807321380043810
Q140440652	6000000017635180343
Q140440655	6000000000905967872
Q140440760	6000000006068854001
Q1404415	6000000039201752256
Q140442121	6000000046849798850
Q140442122	6000000046849231276
Q140442520	6000000013190797363
Q140444524	6000000147680823164
Q140445450	6000000122532424894
Q140446957	6000000083103000968
Q140449757	6000000006068723003
Q140449760	6000000006069038005
Q140449762	6000000001908901223
Q140449929	6000000003308643263
Q140449932	6000000004035133585
Q140449935	6000000003980963072
Q14045	6000000002447366807
Q140450454	6000000004083364410
Q140450456	6000000016339601867
Q140450459	6000000002645979443
Q140450463	6000000012445150334
Q140450480	6000000008942358296
Q140450485	6000000004136097180
Q140450486	6000000003979570610
Q140450488	6000000003979650373
Q140450494	6000000003979582810
Q140450496	6000000024548549483
Q140450498	6000000004035037156
Q140450504	6000000002163077085
Q140450505	6000000004932283001
Q140450522	6000000006589243463
Q140450527	6000000004035129458
Q140450539	6000000006926849533
Q140450550	6000000000767578138
Q140450557	6000000006437206358
Q140450560	6000000011506255099
Q140450570	6000000006437082572
Q140450576	6000000007727213246
Q140450577	6000000005146150004
Q140450595	6000000010561496630
Q140450608	6000000010563713948
Q140450610	6000000004533762890
Q140450613	6000000005450305038
Q140450634	6000000001598004659
Q140450637	6000000004533169428
Q140450639	6000000001353347294
Q140450666	6000000004650529556
Q140450667	6000000004650821058
Q140450680	6000000000174950863
Q140450681	6000000005606858505
Q140450685	6000000004974312530
Q140450716	6000000007442480189
Q140450718	6000000021202256815
Q140450720	6000000021201001652
Q140450721	6000000005452684020
Q140450733	6000000002512241644
Q140450736	6000000005452937016
Q140450741	6000000005453029001
Q140450750	6000000002451109876
Q140450754	6000000002451149356
Q140450761	6000000017747650213
Q140450766	6000000002702355680
Q140451253	6000000215173520850
Q140451339	6000000215173531821
Q140451634	6000000041077245478
Q140451644	6000000007788508698
Q140451927	6000000020637040722
Q140451930	6000000059368078239
Q140451933	6000000008548204240
Q1404525	6000000021696113284
Q140454222	6000000017579134396
Q140454273	6000000209866968821
Q140454313	6000000017578789800
Q140454445	6000000002659213841
Q140455400	6000000002659221598
Q140455455	6000000052622896872
Q140455459	6000000190455364870
Q140455648	6000000190455364901
Q140455649	6000000190455364878
Q140455650	6000000190455364884
Q140455651	6000000190455364889
Q140455652	6000000190455364874
Q140455654	6000000190455364895
Q140455696	6000000017578979892
Q140455755	6000000190455364907
Q140456229	6000000015686620314
Q140456373	6000000220730175921
Q140456446	6000000054330649862
Q140456501	6000000018821073372
Q140456781	6000000007331970258
Q140456783	6000000002786870346
Q140456798	6000000010849058581
Q140456799	6000000010849249337
Q140456801	6000000009393791777
Q140456803	6000000009392446680
Q140456812	6000000000905956542
Q140456814	6000000001470360990
Q140456817	6000000001169257666
Q140456820	6000000015739995226
Q140456827	6000000013286309398
Q140456829	6000000004860260084
Q140456843	4065090235020071527
Q140456854	6000000015067802333
Q140456855	6000000015067718480
Q140456898	6000000005745986585
Q140456900	6000000005745911218
Q140456907	6000000005745247851
Q140456911	6000000005746327123
Q140456956	6000000005744602715
Q140456993	6000000010070556478
Q140457011	6000000013693314017
Q140457012	6000000013692953560
Q140457113	6000000017362638061
Q140457127	5420450296620073080
Q140457129	6000000033807421862
Q140457139	6000000033806178713
Q140457143	6000000004159547445
Q140457162	6000000004159327523
Q140457206	6000000033806268698
Q140457212	6000000004159185860
Q140457265	6000000033807425947
Q140457277	6000000009074971356
Q140457279	6000000009074996268
Q140457280	6000000004213982815
Q140457281	6000000003502102279
Q140457282	6000000001613848724
Q140457283	6000000007329806490
Q140457286	6000000001062387461
Q140457352	6000000006802698313
Q140457360	6000000023068235845
Q140457377	6000000014612361964
Q140457386	6000000014612163442
Q140457388	6000000003667719137
Q140457407	5500548628360032011
Q140457409	6000000038122071987
Q140457413	6000000000584129899
Q140457422	5500531063850031763
Q140457424	5500409698190085643
Q140457440	6000000009574741976
Q140457441	6000000008420543824
Q140458171	6000000016348676542
Q140458184	6000000016311994274
Q140458214	6000000035886022650
Q140458265	6000000016311382661
Q140458281	6000000016311446051
Q140458312	6000000016309854286
Q140458319	6000000016290127761
Q140458327	6000000096200805841
Q140458334	6000000015854385880
Q140458353	6000000015815188310
Q140458355	6000000018163567105
Q140458402	6000000016348907239
Q1404597	6000000163219889849
Q140461303	6000000041262576671
Q140461461	6000000039220862907
Q140461501	6000000039220925881
Q140461555	6000000039220931849
Q140462089	6000000061244328315
Q140462092	6000000015742142134
Q140462096	6000000061246244910
Q140462119	6000000065899471065
Q140462143	6000000015742012512
Q140462204	6000000016400270554
Q140462210	6000000107314987840
Q140462215	6000000190068848879
Q140462218	6000000211740363822
Q140463239	6000000024731548401
Q140463241	6000000024731525332
Q140463251	6000000039222892863
Q140463333	6000000039221637393
Q140463450	6000000024731341705
Q140463451	6000000014784353629
Q140463661	6000000190455364861
Q140463663	6000000174510977875
Q140463664	6000000174509962209
Q140463867	6000000190455364865
Q140463987	5412422103040056839
Q140463988	6000000005441228748
Q140464065	6000000024732647860
Q140464067	6000000024731479505
Q140464069	6000000182568228829
Q140464071	6000000182568958821
Q140464629	6000000011800545293
Q1404648	6000000026069736721
Q140465669	6000000000063084032
Q140465670	6000000007961365523
Q140465671	6000000003914167397
Q140465694	6000000007961790456
Q140465701	6000000008370490334
Q140465706	5260868462990120154
Q140465710	6000000007336238915
Q140465712	6000000007336505657
Q140465713	6000000007336395462
Q140465714	6000000007334555254
Q140465716	6000000001624198496
Q140465726	6000000014674900205
Q140465730	6000000008274828830
Q140465731	6000000008275067217
Q140465734	6000000008274604840
Q140465735	6000000007950042501
Q140465863	6000000047255388094
Q140465864	6000000022692714132
Q140465866	6000000027415956495
Q140465868	6000000027416186561
Q140465869	6000000006850402342
Q140465873	6000000006796543331
Q140465876	6000000009508327776
Q140465881	6000000001505992800
Q140465882	6000000009508221042
Q140465892	6000000012513038834
Q140465942	6000000004972275939
Q140465943	6000000014592420323
Q140465945	6000000005745825398
Q140465947	6000000006497189931
Q140465948	6000000004972494535
Q140465949	6000000004971490899
Q140465950	6000000006722214250
Q140465952	6000000002528986743
Q140465953	6000000007878512789
Q140465978	6000000027745071992
Q140465980	6000000027745003095
Q140465988	6000000002810367920
Q140465990	6000000002810367831
Q140465991	6000000006796355735
Q140465994	6000000002810367852
Q140466029	6000000025109258171
Q140466036	6000000001504773280
Q140466037	6000000006098020309
Q140466048	6000000009141495915
Q140466049	6000000010975484195
Q140466057	6000000010975402801
Q140466063	6000000010975537711
Q140466065	6000000002162104494
Q140466066	6000000084612754838
Q140466102	6000000002162158156
Q140466112	6000000002162238035
Q140466113	6000000032499440893
Q140466137	6000000013774683598
Q140466147	6000000010975852286
Q140466686	6000000026163170376
Q140466732	6000000035113038442
Q140467318	6000000037692526236
Q140469510	2444477
Q140469542	2444498
Q140469595	6000000039218891777
Q140469666	6000000039219775614
Q140469760	6000000182565936896
Q140469910	6000000038529905316
Q140469998	6000000039220588281
Q140470001	6000000039221137982
Q1404703	6000000036378657439
Q140470777	6000000039219848639
Q140471467	6000000040862658939
Q140471580	6000000024988455910
Q140472357	6000000031811876353
Q140472445	6000000031811841317
Q140473827	6000000187583060858
Q140473828	6000000052693323104
Q140473913	6000000034303944687
Q140473919	6000000157451476927
Q140473926	6000000034305201856
Q1404745	1764870
Q140479666	6000000034027148057
Q140479715	6000000025848733036
Q140479717	6000000025848605998
Q1404804	6000000155532188860
Q140480533	6000000083735498049
Q140481420	6000000212119767823
Q140483138	6000000187249432832
Q140486931	6000000215170631867
Q14049	6000000033395916613
Q1404914	6000000017593472862
Q1404963	6000000016696058093
Q140500267	6000000011271238458
Q140500269	6000000011271208714
Q140500355	6000000003421807242
Q140500365	6000000009083296817
Q140500371	6000000003352841842
Q140500372	6000000003412071837
Q140500381	6000000002881195819
Q140500383	6000000007038272459
Q140500385	6000000002881271825
Q140500387	6000000007245267116
Q140500388	6000000007245446283
Q140500389	6000000005441068057
Q140500463	6000000013219648931
Q140500467	6000000014747226986
Q140500468	6000000007925084235
Q140500499	6000000007924967611
Q140500500	6000000006845427847
Q140502546	6000000186712720840
Q140503158	6000000157402425821
Q140503367	6000000218086866850
Q140504513	6000000090140037162
Q1405059	6000000031581614825
Q1405066	6000000020281825688
Q1405070	6000000056131672824
Q140507206	6000000016730264249
Q140507209	6000000016730074758
Q1405076	6000000111027294828
Q140507735	6000000001264139804
Q140508507	6000000019995445497
Q140508510	6000000019995314703
Q140511038	6000000019924152745
Q140511162	6000000019924697127
Q1405115	6000000105531309109
Q140511861	6000000027135714489
Q140511874	6000000027135875674
Q140512043	6000000028994676305
Q140512115	6000000029521568777
Q140512194	6000000017274100677
Q140512195	6000000014583798819
Q140512196	6000000009287807726
Q140512238	6000000014583895735
Q140512240	6000000007245266848
Q140512665	6000000004664106461
Q140512671	6000000004664201388
Q140512882	6000000177389960833
Q1405145	6000000036832401267
Q1405148	6000000106743076891
Q140517727	6000000010100259600
Q140517801	6000000023137373201
Q140517802	6000000005441228841
Q140517812	6000000023401665975
Q140517816	6000000001388771523
Q140517818	6000000018110421350
Q140517819	6000000000593738894
Q140517833	6000000007980605031
Q140517866	6000000001388871108
Q140517885	370519332310013903
Q140517898	6000000008387454305
Q140517899	6000000008391010770
Q140517901	6000000005910468578
Q140517903	4110495001740027719
Q140518045	6000000124478582881
Q140518166	6000000103334563115
Q140518222	6000000027449519181
Q140518296	6000000016226536638
Q140518297	6000000011632139945
Q140518298	6000000002996792433
Q140518416	6000000011070771279
Q140518418	6000000011070371178
Q140518481	6000000013641044340
Q140518504	6000000019871743505
Q140518525	6000000015346900380
Q1405189	6000000071950274131
Q140519318	6000000011070488086
Q140519319	6000000007280152710
Q1405200	6000000076713784500
Q1405203	6000000172669400920
Q140520853	6000000001504652234
Q140520855	6000000001504296526
Q140520860	6000000051961754917
Q1405210	6000000036897015953
Q140521324	6000000046211402019
Q140521486	6000000001753790215
Q140521491	6000000015096335149
Q140521506	6000000009934468953
Q140521507	6000000009934653385
Q140521519	6000000009512594445
Q140521522	6000000009512272640
Q140521523	6000000009512443194
Q140521524	6000000009512257791
Q140521886	6000000013490211516
Q140521887	6000000015440229945
Q140521889	6000000006127401786
Q140521922	6000000006928455166
Q140521933	6000000002464385089
Q140521941	6000000004118273635
Q140521950	6000000025357589188
Q140521961	6000000002437579084
Q140521984	6000000021510809271
Q140521985	6000000026245042103
Q140522170	6000000011409962549
Q1405222	6000000002765728477
Q140522435	6000000011409869010
Q140522441	6000000019829276440
Q140522470	6000000027933548473
Q140522489	6000000020113124632
Q140522491	6000000020137960191
Q140522513	6000000011570759210
Q140522514	6000000006889622439
Q140522889	6000000034747397179
Q1405234	6000000174925153616
Q1405243	6000000178445948823
Q1405249	6000000064779424859
Q1405254	6000000037378683621
Q1405264	6000000021123489958
Q1405268	6000000133577667843
Q140528246	6000000005953939619
Q140528261	6000000009486491566
Q140528364	6000000008541763962
Q140528382	6000000007642870338
Q1405285	6000000010310088611
Q140528569	6000000005966222087
Q140529214	6000000020179569808
Q14053021	6000000010895378508
Q140531	4840054230680013082
Q1405326	6000000026827584282
Q140532715	6000000015156436882
Q1405331	6000000027084167307
Q1405332	6000000050457249998
Q140533410	6000000003133476954
Q140533414	6000000020724718124
Q140533416	6000000007935632666
Q140533422	6000000026631970199
Q140533580	6000000007894588817
Q140533599	6000000007894949286
Q140533633	6000000006987852939
Q140533659	6000000020374735293
Q140533660	6000000020369905053
Q140533661	6000000013683464619
Q140533662	6000000013689623513
Q140533680	6000000000136833181
Q140533689	6000000006589247607
Q140533697	6000000016392226066
Q140533699	6000000001801018474
Q140533702	6000000000715322413
Q140533715	6000000000106379016
Q140533744	6000000006111546003
Q140533745	6000000000106430294
Q140533747	6000000001801008291
Q140533749	6000000001801008308
Q140533750	6000000007935232104
Q140533758	6000000007549323007
Q140533760	6000000000112509005
Q140533765	6000000000106539007
Q140533988	6000000001801018642
Q140534018	6000000015670634582
Q140534233	6000000006823851397
Q140534554	6000000017817304128
Q140534584	6000000013683524382
Q140534634	6000000009845588878
Q140534641	6000000005441361202
Q140534656	6000000004054133107
Q140534678	6000000004054056092
Q140534707	6000000005441275627
Q140534709	6000000005441275612
Q140534719	6000000011599798516
Q140534752	6000000008661077748
Q140534753	6000000008661221562
Q140534754	6000000018856806883
Q1405367	6000000000491062385
Q1405382	6000000018766574834
Q1405389	6000000080417398914
Q1405394	6000000022266300166
Q1405442	6000000170014253926
Q140544603	6000000012560544993
Q1405451	6000000113227843829
Q1405458	6000000018808888566
Q1405460	6000000047499757877
Q1405464	6000000014290157364
Q1405491	6000000001952819061
Q140549517	389550202310010611
Q140549549	389549774940003305
Q140549558	6000000011867712758
Q140549652	6000000011872705811
Q1405513	6000000037406183974
Q140552086	6000000009710972659
Q140552838	6000000002508507222
Q140552839	6000000013000375903
Q140553050	6000000003080328073
Q140553678	6000000008260246838
Q140553731	6000000009665030269
Q140554048	6000000009665062281
Q140554318	5131789921610056549
Q140554330	5131769078880065185
Q140554535	6000000016495103155
Q1405552	6000000014595297098
Q1405553	4508352447690040146
Q1405559	6000000006987586885
Q140555969	6000000011872971835
Q140556194	6000000011876917289
Q1405562	6000000008995973219
Q140556332	6000000007329846214
Q140556369	6000000001927250789
Q140556370	6000000001380852514
Q140556673	6000000000262210965
Q140556714	6000000000262325607
Q140556901	6000000011877375044
Q140557116	6000000011878648724
Q140557575	6000000002511862292
Q1405576	6000000008446529450
Q140557625	6000000002513744206
Q140557628	6000000002871086108
Q140557638	6000000000262223918
Q140558855	6000000033170083603
Q1405593	6000000063693843844
Q140560401	6000000195723602897
Q1405611	6000000039131385463
Q140562058	6000000039312033701
Q140562622	6000000211586289131
Q140562939	6000000223612893933
Q1405632	6000000006347710991
Q1405639	6000000078771752083
Q1405650	6000000171729666854
Q1405658	6000000060737749843
Q1405663	6000000173362033826
Q140566549	6000000015325492943
Q140566564	6000000091344519875
Q140566568	6000000091344072931
Q140566571	6000000127202223830
Q140566627	6000000127192605821
Q140566703	6000000127191982970
Q140566775	6000000015953730954
Q140566780	6000000015953660911
Q140566790	6000000015953840468
Q1405675	6000000027474828768
Q1405681	6000000015128495401
Q140568838	6000000041329117826
Q140570927	6000000038180061974
Q140571851	6000000066833528926
Q140572540	6000000010129327338
Q1405741	6000000065791749826
Q1405749	6000000077266285003
Q1405826	6000000178083645847
Q1405833	6000000022874327679
Q1405847	6000000180051870828
Q140587433	6000000049316931121
Q1405880	6000000040414887147
Q140588209	6000000008369939211
Q140588691	6000000014321949343
Q140589194	6000000028649668838
Q140589453	6000000025673958333
Q1405910	6000000052230109963
Q1405916	6000000081796572952
Q1405924	6000000079864806834
Q140592507	6000000082006245245
Q140593722	6000000019351667404
Q1405939	6000000004097082495
Q1405945	6000000030103029285
Q1405951	6000000034727518795
Q1405953	6000000016312164899
Q1405958	6000000050931095030
Q1405961	6000000059182976260
Q1405968	6000000020936336584
Q1405969	6000000018826866382
Q1405970	6000000037793218578
Q140597063	6000000163378772821
Q140597141	6000000041146645268
Q140597162	6000000041146773997
Q1405973	6000000013468591819
Q1405975	6000000024289611633
Q1405979	6000000041282279908
Q140598471	6000000006899195308
Q1405988	6000000016273752999
Q1405989	6000000001504875053
Q1405996	6000000046202328827
Q1405999	6000000047816667104
Q14060	6000000010695503749
Q140600117	6000000174460675497
Q1406002	6000000060821955134
Q140600268	6000000034523784257
Q1406008	6000000121948963909
Q1406013	6000000016499049193
Q1406018	6000000020357442574
Q1406019	6000000082848307497
Q1406031	6000000082584256916
Q140603107	6000000226441321874
Q1406039	6000000022309840054
Q1406045	6000000008435458440
Q1406048	6000000049548796978
Q140605111	6000000204872918840
Q140605215	6000000015146885940
Q140609092	6000000017825771274
Q140609128	6000000093278392903
Q1406095	6000000137013260551
Q140610182	6000000101799448821
Q140610183	6000000101803472821
Q140610186	6000000101803361821
Q140610187	6000000101805560950
Q140610188	6000000000251799101
Q140610189	6000000003940490800
Q140610190	6000000003938276476
Q140610191	6000000082997513029
Q140610192	6000000010192397281
Q140610193	6000000001540878707
Q140610389	6000000205191610987
Q140610433	6000000015115630177
Q140611664	6000000024079237446
Q1406132	6000000023615736681
Q1406167	6000000018500349968
Q140619	6000000127584971980
Q140619695	6000000023510695308
Q140619810	6000000043642625057
Q140619881	6000000058185809898
Q140620415	6000000016175109138
Q140620426	6000000003057521969
Q140620948	6000000016049687515
Q140620950	6000000004354101328
Q140620951	6000000007234182415
Q140620952	6000000003122327426
Q140620953	4462683778550054943
Q140620959	6000000003122297198
Q140620960	6000000001392207297
Q140621051	6000000000804088523
Q140621052	4118877907180082565
Q140621068	6000000016074551628
Q140621069	6000000015983906702
Q140621075	6000000005828340018
Q140621084	6000000000187947657
Q140621111	6000000001827596078
Q140621112	6000000007392351765
Q140621113	6000000006908140692
Q140621118	6000000006887067041
Q140621124	6000000007392290792
Q140621127	6000000001827593896
Q140621131	6000000018795854020
Q140621133	6000000073306403011
Q140621143	6000000013630591902
Q140621470	6000000210168662840
Q140621496	6000000143316050457
Q140621497	6000000151185834833
Q140621509	6000000210061931831
Q140622747	6000000012631061372
Q1406251	6000000014604356732
Q140626445	6000000003990158736
Q1406289	6000000001447250323
Q1406293	6000000009428130635
Q140633053	6000000016830159251
Q140635289	6000000024789429883
Q140635313	6000000001360683233
Q140635318	6000000001360683224
Q140635319	6000000008260973360
Q140635322	6000000001360681976
Q140635323	6000000006382227493
Q140635330	6000000006380807532
Q140635336	6000000006411727354
Q140635359	6000000024789192167
Q140635458	6000000124213675104
Q140635501	6000000025070781142
Q140635502	6000000001360683277
Q140635559	6000000001360683306
Q140635571	6000000004966136482
Q140638832	6000000017159573285
Q1406396	6000000029957434244
Q140640574	6000000006442812496
Q140642467	6000000034747144162
Q140642626	6000000028624366992
Q140642657	6000000085288604133
Q140643200	6000000085288657035
Q140643202	6000000085289133895
Q140643809	6000000224477367898
Q140644016	6000000001193531493
Q140644646	6000000105401365886
Q140644671	6000000022329594164
Q1406447	6000000076557808902
Q140645053	6000000011524760383
Q140645248	6000000033026314555
Q140645253	6000000011447879697
Q140645266	6000000021438775306
Q140645267	6000000011439032586
Q140645269	6000000010762331464
Q140645270	6000000010763676733
Q140645275	6000000021413318779
Q140645282	6000000020044403180
Q140645283	6000000017443947612
Q140645284	6000000004543733935
Q140645287	6000000007924578374
Q140645288	6000000006575246804
Q140645293	6000000006575282791
Q140645295	6000000003352044229
Q140645328	6000000006162593689
Q140645329	6000000002516491073
Q140645344	6000000017443972522
Q140645345	6000000000972212035
Q140645346	6000000006575313369
Q140645355	6000000000971884322
Q140645356	6000000001507671944
Q140645357	6000000001507891287
Q140645372	6000000021413579909
Q140645380	6000000021411276139
Q140645383	6000000021411197821
Q140645389	6000000018080668551
Q140645390	6000000018080236695
Q140645408	6000000013040097501
Q140645409	6000000006821229395
Q140645528	6000000176819369821
Q140645611	6000000072038296988
Q140645893	6000000023795291902
Q140646130	6000000224582937827
Q140646144	6000000019525943039
Q1406493	6000000007647481351
Q1406497	6000000085330130210
Q140650119	6000000220041182841
Q140651085	6000000011877066556
Q140651090	6000000011877163409
Q140651097	6000000020112717134
Q140651111	6000000020112655234
Q1406520	6000000022757162245
Q140652292	6000000033047616821
Q140653749	6000000011872255603
Q140657275	6000000012917781917
Q1406617	6000000044221088699
Q1406620	6000000039768989050
Q140662579	6000000015346304956
Q140662579	6000000024948362363
Q140663261	6000000024948428146
Q140663298	6000000015346604581
Q140663298	6000000024948311267
Q1406637	6000000040209338691
Q140663786	6000000024948292140
Q140664604	6000000011669800632
Q140666005	6000000015346699174
Q140666057	6000000015346714523
Q140667970	6000000076093441957
Q140667971	6000000009584519883
Q140667972	6000000009571412423
Q140667974	6000000009571677226
Q140667978	6000000007347129578
Q140667984	6000000006342454112
Q140667985	6000000002512252060
Q140667988	6000000007981028142
Q140667991	6000000005727763297
Q140667992	6000000001899596381
Q140667996	6000000007805165171
Q140667998	6000000001529719200
Q140667999	292676277360004846
Q140668000	6000000006348971632
Q140668015	6000000009571593473
Q140668016	6000000006339212644
Q140668017	6000000006339176894
Q140668063	6000000082417459125
Q140668153	6000000009774502269
Q140668175	6000000005029577774
Q140668179	6000000009773737827
Q140668199	6000000003363258238
Q140668261	6000000082417814957
Q140668443	6000000082417880848
Q140668487	6000000023074770364
Q140668681	6000000017736411011
Q1406718	6000000075347404086
Q140673901	6000000011606298072
Q140674160	6000000179902535830
Q140674161	6000000179902854821
Q140676888	6000000054703579049
Q1406773	6000000008491409136
Q140677690	6000000130753233119
Q140677695	6000000130750582829
Q140677756	6000000088076924888
Q140678786	6000000019382040086
Q1406796	6000000081533866991
Q140681000	6000000173910980022
Q140681001	6000000173911213841
Q140681136	6000000016957757123
Q140681213	6000000018069327525
Q140681543	6000000173886967914
Q140681631	6000000006807281370
Q140681632	6000000018305419877
Q140681697	6000000013548665250
Q1406824	6000000008369853203
Q140683	6000000009151287311
Q140692	6000000016356102921
Q140692634	6000000002512241549
Q140692635	6000000002512279949
Q140692733	6000000012251649650
Q140692734	6000000014274564631
Q140692735	6000000026818491720
Q140692743	4942091987670125004
Q140692744	6000000002306727180
Q140692745	6000000001701639291
Q140692747	6000000001701573386
Q140692748	4086712921540049449
Q140692772	6000000008415127548
Q140692778	6000000000077997370
Q140692779	6000000008414468440
Q140692780	6000000008305575063
Q140692782	6000000008307176249
Q140692790	6000000008307176244
Q140692792	6000000008307066185
Q140692793	6000000003889597938
Q140692794	6000000008308045042
Q140692889	6000000212898602876
Q140692889	6000000216059537837
Q140692910	6000000215762366822
Q140692949	6000000008307646706
Q140692951	4180439918680035622
Q140692955	6000000008554473398
Q140692956	6000000003944846942
Q140692957	6000000000616462250
Q140692958	6000000008518056637
Q140692963	6000000000630137147
Q140692964	6000000008307670269
Q140692966	6000000124214807879
Q140692967	5100987533260109852
Q140692968	5100967718420113475
Q140692969	6000000000722209031
Q140692973	6000000014875134169
Q140692974	6000000000594988762
Q140692975	369280880690011498
Q140692976	6000000007980472551
Q140692979	5218504664540089806
Q140692984	6000000008308396316
Q140692989	6000000110583262868
Q140692991	6000000003444132187
Q140692992	6000000029198319657
Q140692993	6000000023682593464
Q140692994	6000000008833600040
Q140692997	6000000023682851216
Q140692998	6000000000452942350
Q140693016	6000000001504552703
Q140693018	6000000008461517966
Q140693019	6000000003638486446
Q140693024	6000000001504552711
Q140693025	6000000001504354459
Q140693027	6000000000114957300
Q140693028	6000000001504354023
Q140693034	6000000001504354045
Q140693035	6000000006098513561
Q140693038	6000000006098558498
Q140693073	6000000003220229043
Q140693077	6000000006934504325
Q140693080	6000000003633586584
Q140693220	6000000197657328840
Q140693225	6000000197656872851
Q140693230	6000000197658049822
Q140694	6000000014206891704
Q140694421	6000000021165579348
Q140694422	6000000012821514538
Q140694424	6000000014741091121
Q140694431	6000000018903201838
Q140694444	6000000014947260820
Q140694445	6000000003695342198
Q140694447	6000000014417328750
Q140694449	6000000005737773253
Q140694451	6000000005737675058
Q140694452	6000000013953745458
Q140694456	6000000005737132960
Q140694457	6000000013302159326
Q140694459	6000000000759579930
Q140694460	6000000000759535871
Q140694469	6000000000759710511
Q140694470	6000000007834308921
Q140694479	6000000009365433597
Q140694480	6000000007608522690
Q140694497	6000000002065590699
Q140694527	6000000033642519689
Q140694673	6000000022300928344
Q140694674	6000000022302079204
Q140694676	6000000006148986036
Q140694680	6000000022302073153
Q140694681	6000000020473814084
Q140694682	6000000020484478148
Q140694683	6000000013082004955
Q140694688	6000000013082009809
Q140694690	6000000001504835300
Q140694697	6000000013344044452
Q140694698	6000000012471977155
Q140694709	6000000013220365810
Q140694710	6000000006080525085
Q140694725	6000000219719312823
Q140694729	6000000001053504028
Q140694732	6000000001504844532
Q140694733	6000000015885370071
Q140694743	6000000000819084365
Q140694747	6000000004326150666
Q140694778	6000000014438898351
Q140694779	6000000007378373435
Q140694783	6000000014438758714
Q140694785	6000000006436441219
Q140694826	6000000019033423564
Q140694882	6000000000759446485
Q140694883	6000000000759459372
Q140694901	6000000016135514414
Q140694911	6000000000759430356
Q140694912	6000000000759430320
Q140694913	6000000000759439605
Q140694914	6000000020280821983
Q140694916	6000000024020232409
Q140694917	6000000020288936836
Q140694918	6000000008509288250
Q140694919	6000000006862146902
Q140694924	6000000006862429388
Q140694925	6000000012502050459
Q140694926	4517768413110020805
Q140694937	6000000000759428168
Q140694938	6000000014356720436
Q140694939	6000000014355865822
Q140694940	6000000002094991428
Q140694941	6000000006862437938
Q140694943	359289115780004227
Q140694980	6000000001504268339
Q140695025	6000000011635093453
Q140695028	6000000006030486001
Q140695039	6000000001504816325
Q140695040	6000000006121226708
Q140695041	6000000006121717052
Q140695165	6000000022793064746
Q140695166	6000000018986053562
Q140695168	6000000018985647571
Q140695169	6000000018985672268
Q140695170	6000000000564695052
Q140695171	6000000006910696583
Q140695172	5450790153680079347
Q140695174	5451027179910053225
Q140695175	5451488898100042212
Q140695184	6000000011222501054
Q140695200	6000000022538188345
Q140695201	6000000022538093468
Q140695204	6000000022538333989
Q140695205	6000000022538843334
Q140695210	6000000022538232020
Q140695225	6000000000999416536
Q140695234	380424812200003042
Q140695235	6000000000954366297
Q140695236	6000000000954223186
Q140695237	6000000000999329185
Q140695246	6000000037054367081
Q140695247	6000000012297629581
Q140695250	6000000003812290495
Q140695252	6000000003812369826
Q140695254	6000000003100953598
Q140695298	6000000037054570850
Q140695299	6000000001504938999
Q140695316	6000000001504296515
Q140695317	6000000001504838987
Q140695318	6000000001504844081
Q140695324	6000000001504844774
Q140695682	6000000022347602097
Q140695684	6000000012804386952
Q140695685	6000000014904253235
Q140695865	6000000012806257464
Q140695867	6000000012806199342
Q140695876	6000000026123159185
Q140695877	6000000015529210369
Q140695879	6000000010855057398
Q140695880	2207645
Q140695881	6000000012811089268
Q140695882	2209700
Q140695884	6000000022679054717
Q140695885	6000000011372940558
Q140695886	6000000004159334205
Q140695890	6000000004169051321
Q140695892	6000000011372463111
Q140695901	6000000001504691109
Q140695906	6000000011024302332
Q140695908	6000000001504691126
Q140695915	6000000007104822236
Q140695926	6000000003099053137
Q140695927	6000000003971656516
Q140695934	6000000024105765104
Q140695935	6000000010658050750
Q140695942	6000000011223129899
Q140695944	6000000011172009061
Q140695945	6000000011172212912
Q140695949	6000000011180771144
Q140696	6000000035028289766
Q140697597	6000000019750014258
Q140698565	6000000050074890962
Q140700163	6000000020113262565
Q140700178	6000000017641964857
Q140700192	6000000015733047997
Q140700293	6000000050073815121
Q140700726	6000000043045100051
Q140700998	6000000174105353222
Q140701140	6000000062454898107
Q140701199	6000000062455222992
Q140701201	6000000027033835951
Q140701547	4154125697380121552
Q140701556	5335593385340068742
Q140701572	6000000007287325947
Q140701573	6000000003687647108
Q140701574	5674799324390048949
Q140701575	4394087396210035233
Q140701578	5674822584290076472
Q140701579	4393951744560024119
Q140701580	6000000001142926048
Q140701583	6000000007289240352
Q140701653	4394257329550050844
Q140701654	6000000007292675266
Q140701655	6000000007292748340
Q140701656	6000000039684897849
Q140701657	6000000010190141156
Q140701664	6000000000840997095
Q140701665	6000000000840909315
Q140701666	6000000000842092951
Q140701729	6000000000842913124
Q140701730	6000000019118955425
Q140701736	6000000007292342130
Q140701737	6000000000841806485
Q140701752	6000000000842980104
Q140701753	6000000019119121423
Q140701754	6000000008523337846
Q140701755	6000000001029128087
Q140701771	6000000000842148367
Q140701772	6000000008517537933
Q140701773	4197564132030123666
Q140701774	366213479150007073
Q140701850	4393844603070064474
Q140701941	6000000006838539384
Q140702069	6000000000121511276
Q140702220	6000000020379568544
Q140702225	6000000013793677839
Q140702238	6000000016752530834
Q140702240	6000000027376480594
Q140702241	6000000017259313652
Q140702242	6000000009804076444
Q140702323	6000000027376460803
Q140702330	6000000003418425985
Q140702436	6000000001504259210
Q140702437	6000000002041399512
Q140702512	6000000004149005288
Q140702513	6000000006081005850
Q140702514	6000000006081237726
Q140702528	6000000006081321226
Q140702585	6000000006081547261
Q140702588	6000000002665524785
Q140702658	6000000004144391489
Q140702798	6000000011757874554
Q140702801	6000000002094957593
Q140702860	6000000012961281995
Q140702863	6000000001899516325
Q140702868	6000000001624111597
Q140702993	6000000001504748033
Q140702994	6000000001504748054
Q140703016	6000000014243896920
Q140703100	6000000001504552677
Q140703101	6000000050335826837
Q140703355	6000000004149279926
Q140703356	6000000010637496845
Q140703357	6000000004149432098
Q140703358	6000000004149444611
Q140703359	6000000001504552453
Q140703360	6000000012420757477
Q140703363	6000000001504741485
Q140703420	6000000001504741495
Q140703676	6000000007980604825
Q140703677	6000000004650708520
Q140703678	6000000007417240518
Q140703730	6000000000594454726
Q140703731	6000000007980605017
Q140703841	6000000021121776933
Q140703842	6000000021121791892
Q140703843	4738515187750070740
Q140703844	6000000000187763448
Q140703899	6000000009365234060
Q140703900	6000000009365661353
Q140703932	6000000011605569841
Q140703953	6000000011361187222
Q140719495	6000000062455916861
Q140721984	6000000049549370162
Q140722067	6000000044741424021
Q140722222	6000000062455453086
Q140723609	6000000019898280345
Q140723659	6000000018069455544
Q140729660	6000000006589193801
Q140733378	6000000062452981826
Q140733434	6000000062452351287
Q140734199	6000000062453415821
Q140735778	6000000024682092016
Q140736444	6000000062463017821
Q140736729	6000000175547513863
Q140737325	6000000010964875235
Q140737670	6000000007345751357
Q140737910	6000000023270229737
Q140738619	6000000018498695125
Q140739208	6000000020774669171
Q140739286	6000000224725237845
Q140739393	6000000024681855255
Q140739394	6000000178980172833
Q140739610	6000000185972978017
Q140739653	6000000185986782846
Q140741708	6000000113474159841
Q140742032	6000000012734447406
Q140743971	6000000019898498066
Q1407449	6000000021386219138
Q1407455	6000000156213876045
Q140751769	6000000036035498965
Q140753118	6000000038011852023
Q140753142	6000000036033009393
Q1407546	6000000131327122025
Q1407561	6000000029662646115
Q140756921	6000000011125788092
Q140757317	6000000056693103825
Q140757470	6000000007980453993
Q140757472	6000000007980466246
Q140757473	6000000004533931303
Q140757477	6000000007980453999
Q140757478	6000000007980487381
Q140757480	6000000002986483512
Q140757521	6000000008047685961
Q140757569	4254912246520040127
Q140757571	360106749010011385
Q140757573	5597307276990028363
Q140757584	4254845447270039248
Q140757626	6000000014101675157
Q140757627	6000000000607344440
Q140757628	6000000011083563881
Q140757629	6000000004533672813
Q140757636	360109574940006409
Q140757641	6000000029700919607
Q140757648	380104500150004939
Q140757649	380088769410012904
Q140757650	318254070970005264
Q140757654	361893936420006895
Q140757679	6000000001689272981
Q140757694	6000000008458876257
Q140757839	6000000010571996157
Q140757840	6000000014361170569
Q140757845	380094158160013946
Q140757849	6000000002094991203
Q140757850	6000000006880837006
Q140757854	6000000000252626914
Q140757856	4612338349330037055
Q140757878	318251042650003742
Q140757879	6000000000839172275
Q140757880	362495071340010761
Q140757890	6000000137801772834
Q140757891	6000000020342678487
Q140757897	6000000067176868884
Q140757932	383428017730005885
Q140757933	6000000000593005456
Q140757934	359283317640007385
Q140757984	6000000137801709874
Q140757987	6000000000442966331
Q140758009	6000000000445120045
Q140758012	3929095076120035743
Q140758018	3990456356360073985
Q140758055	4136091593260052393
Q140758062	6000000004533944579
Q140758495	6000000001504453318
Q140758502	6000000083071079423
Q140758508	6000000010893705032
Q140758512	6000000010894126031
Q140758783	6000000001504453397
Q140758865	6000000001504453605
Q140758922	6000000014309112088
Q140758933	6000000001504456063
Q140759390	6000000014779396104
Q140759394	6000000004221827464
Q140759400	6000000014139393744
Q140759406	6000000004221302415
Q140759419	6000000004221173130
Q140759425	6000000027590981093
Q140759454	6000000006581028007
Q140759459	6000000010107235855
Q140759513	6000000006575772025
Q140759514	6000000004533948017
Q140759555	6000000008854066037
Q140759561	6000000000454331243
Q140759567	6000000000454013705
Q140759771	6000000014779150201
Q140759786	6000000006371249521
Q140759793	6000000013438764634
Q140760419	6000000026713667723
Q1407606	6000000180008151849
Q1407612	6000000108050205822
Q140761389	6000000012441717793
Q140761450	6000000022796161313
Q140761451	6000000013019295204
Q140761453	6000000017224337586
Q140761455	6000000011517730854
Q140761481	6000000011518505270
Q140761484	6000000001504838673
Q140761567	6000000011517613865
Q140761592	6000000007352087376
Q140761598	6000000001504666400
Q140761600	2176856
Q140761601	782933
Q140761609	783135
Q140761615	6000000000872249347
Q140761634	6000000001504612481
Q140761663	6000000007981010016
Q140761697	6000000001504679231
Q140761721	6000000011577174702
Q140761728	6000000011594140380
Q140761743	6000000011653999837
Q140761744	6000000005633606011
Q140761749	6000000001504691593
Q140761756	6000000005633411019
Q140761764	6000000001504857171
Q140762305	6000000015346145776
Q14077	6000000013433600906
Q1407733	6000000006260761028
Q140773856	6000000012470340949
Q140774443	6000000005599639278
Q140774447	6000000005599580653
Q140774462	6000000010093343398
Q140774466	6000000006127221391
Q140774470	6000000010093229687
Q140774474	6000000015552392682
Q140774475	6000000015552482208
Q140774507	6000000001504251829
Q140774547	6000000001504875903
Q140774548	6000000014199632512
Q140774550	6000000010382100470
Q140774557	6000000006233880236
Q140774562	6000000000320459594
Q140774563	6000000014199494832
Q140774566	6000000008816766363
Q140774567	6000000008816297142
Q140774584	6000000008816615044
Q140774585	6000000008816731306
Q140774589	6000000011433389981
Q140774591	6000000011434053269
Q140774605	6000000008816697638
Q140774606	6000000001504646028
Q140774608	6000000001504652859
Q140774618	6000000008816677744
Q140774652	6000000022909141338
Q140774654	6000000022908829807
Q140774662	6000000001504838752
Q140774684	6000000006097309527
Q140774687	6000000006098001295
Q140774688	6000000008341483629
Q140774693	6000000006097348759
Q140774702	6000000216615368821
Q140774706	6000000011344784833
Q140774707	6000000001504773299
Q140774708	6000000006097895312
Q140774718	6000000011344888655
Q140774719	6000000011344755707
Q140774720	6000000011356095221
Q140774722	6000000011344731508
Q140774729	6000000007329774207
Q140774730	6000000011104432819
Q140774732	6000000011355234545
Q140775012	6000000023288209941
Q140775014	6000000023288257844
Q140775028	6000000023288058994
Q140775030	6000000023288272854
Q1407752	6000000016445495459
Q140782443	6000000219530585866
Q1407836	6000000086736106983
Q1407894	6000000139651102838
Q1407957	6000000181564671848
Q140796584	6000000226643000881
Q1407978	6000000009181421955
Q1407979	6000000035599036699
Q140799483	6000000020932267152
Q1408000	6000000005438458677
Q1408032	6000000018816992194
Q140805289	6000000025109300140
Q140805413	6000000005621052568
Q140805498	6000000005621509184
Q140805593	6000000004834983746
Q140805945	6000000005621759025
Q140805995	6000000002819018846
Q140806168	6000000003123249618
Q140806274	6000000002819203395
Q140806413	6000000011354785591
Q140806414	6000000017316410158
Q140806526	6000000010389129282
Q1408091	6000000021330824928
Q140810155	6000000002696947186
Q140810157	6000000002562086885
Q140810158	6000000010452918494
Q140811828	6000000006097768005
Q140811851	6000000067459762885
Q140811852	6000000017945834235
Q140811853	6000000006110381217
Q140811854	6000000006109871805
Q140811858	6000000019329987114
Q140811859	6000000018482440586
Q140811864	6000000012349629281
Q140811869	6000000012349669414
Q140811873	6000000012349477997
Q140811874	6000000002110096236
Q140811875	6000000006127523613
Q140811885	6000000012934587231
Q140811886	6000000007280090438
Q140811895	6000000026495837612
Q140811899	6000000000291893107
Q140811903	6000000191082528831
Q140811915	6000000013174274532
Q140811916	6000000019747489311
Q140811920	6000000001703490447
Q140812277	6000000003411152307
Q140812319	6000000001703466360
Q140812372	6000000025457476861
Q140812973	6000000114212698822
Q140814303	6000000013174200064
Q140814335	6000000011455634123
Q140814339	6000000033004638385
Q140814340	6000000021131450156
Q140814362	6000000072406963840
Q140814470	6000000014628646205
Q140814471	6000000025832718733
Q140814472	6000000025831322722
Q140814478	6000000015442392601
Q140814481	6000000011025658667
Q140814510	6000000002138315493
Q140814533	6000000025820393489
Q140814536	6000000004327479572
Q140814536	6000000219611216854
Q1408154	6000000031296602922
Q1408164	6000000018736995348
Q140818318	6000000001738715526
Q140818484	6000000024682099148
Q140818485	6000000015209502331
Q140818487	6000000001504528922
Q140818503	6000000026340875169
Q140818512	6000000015209008510
Q140818514	6000000023982227890
Q140818517	6000000009306531811
Q140818528	6000000019526564735
Q140818536	6000000009305501485
Q140818559	6000000011993356985
Q1408186	6000000122542868849
Q140818719	6000000016836495680
Q140818721	6000000022420417890
Q140818728	6000000015379936299
Q140818730	6000000022409099965
Q140818870	6000000032211921381
Q140818887	6000000032213065043
Q140818889	6000000011571238113
Q140818890	6000000011571401286
Q140818947	6000000022422316219
Q140818948	6000000022421480273
Q140819125	6000000008898062481
Q140819126	6000000008897927638
Q1408245	6000000111201001893
Q140827696	6000000010359371990
Q1408283	6000000014515773290
Q140829881	6000000009561815519
Q140830300	6000000024681972542
Q140835333	6000000024681065697
Q140838975	6000000006439920451
Q140839121	6000000033740473234
Q140839778	6000000031477187374
Q14084075	6000000021185027324
Q140842099	6000000031476375070
Q14084294	6000000007981762225
Q14084302	6000000007981465729
Q140843169	6000000218723964856
Q14084485	6000000017913151408
Q140848111	6000000030185511102
Q140848800	6000000030185511108
Q140849333	6000000030185292405
Q140851501	6000000030185643269
Q140852299	6000000017855801020
Q140852359	6000000016541582404
Q140852418	6000000018903281315
Q140852804	6000000016541262101
Q140852929	6000000019011425308
Q140852930	6000000019011482028
Q140854361	6000000018902226925
Q140856568	6000000030204783988
Q140856609	6000000019011496143
Q140856922	6000000174502587879
Q140857182	6000000060386434985
Q140857445	6000000060386920840
Q14086	6000000037388977183
Q1408608	6000000042037192268
Q140866286	6000000013267076051
Q140866349	6000000003772730403
Q140866555	6000000018901462885
Q140866629	6000000189101658837
Q140866794	6000000019011018680
Q140867210	6000000104328908821
Q1408673	6000000025140249196
Q140868863	6000000090988774825
Q140870099	6000000016540583097
Q140870279	6000000026919274002
Q1408703	6000000008605306970
Q140872501	6000000030185859008
Q140873258	6000000018435971929
Q140874874	6000000030204886858
Q1408787	6000000150911641850
Q140881750	6000000014026319051
Q140882726	6000000020047329035
Q1408864	6000000063230210848
Q140890293	6000000018381199266
Q1408904	6000000179642779826
Q140893367	6000000014003148446
Q1408965	6000000008606486739
Q1408984	6000000145340766139
Q14090208	6000000003309167142
Q1409049	6000000026840772068
Q1409074	6000000068420765824
Q140916458	6000000046977173110
Q140916898	6000000006845668641
Q1409218	6000000017055334004
Q1409241	6000000080200076821
Q140932592	6000000046979438936
Q140932854	6000000024268487586
Q140936682	6000000086321497906
Q1409372	6000000038677799058
Q140937575	6000000024681346254
Q140937600	6000000024681333345
Q140937904	6000000039352480954
Q14094285	6000000051448091260
Q14094500	6000000089393986854
Q1409562	6000000063781479025
Q1409571	6000000019762785918
Q1409655	6000000041638372296
Q1409777	6000000004969791146
Q1409832	6000000026001629566
Q1409940	6000000017483841959
Q14100	6000000002591466617
Q1410004	6000000015161269538
Q1410005	6000000050278647919
Q1410023	6000000022081240865
Q1410054	6000000169810523943
Q14100725	6000000034658411347
Q1410188	6000000037176309765
Q1410338	6000000008199416041
Q141037	6000000009465573818
Q1410478	6000000010709374409
Q1410559	4661683721070070818
Q1410588	6000000137413925821
Q1410644	6000000080288058891
Q1410824	6000000098089049074
Q1410924	6000000179105328825
Q1410926	6000000030430468337
Q1410929	6000000021604826289
Q1411012	6000000070406975881
Q1411070	6000000075169643836
Q1411100	6000000001177307228
Q1411112	6000000140905176825
Q1411160	6000000103372850107
Q1411163	6000000034434743087
Q1411448	6000000017705016362
Q141147	6000000021790613309
Q1411494	6000000000247543455
Q14116159	6000000009062668351
Q14116214	6000000015240898042
Q14116245	5457235535080127575
Q14116258	6000000003047855193
Q14116264	6000000003582227509
Q14116265	6000000025069946928
Q14116271	6000000062611087027
Q1411642	6000000029743493144
Q1411718	6000000016241617213
Q1411733	6000000002192071802
Q1411744	6000000019991739357
Q1411811	6000000000792839826
Q1411884	6000000017761438961
Q1412091	6000000024598100485
Q1412315	6000000034370775951
Q1412361	6000000176122405852
Q1412432	6000000074782461208
Q14124559	6000000012548926266
Q1412525	6000000018438591900
Q1412583	6000000063037194005
Q14126108	6000000022912834986
Q1412613	6000000006189043542
Q1412648	6000000111861673047
Q14127377	6000000012548681880
Q1412816	6000000014409209249
Q1412853	6000000178328226877
Q1412854	6000000026998666241
Q1412907	6000000008222690969
Q1412943	6000000061944977830
Q1412966	6000000091774212187
Q1413134	6000000145617387824
Q1413267	6000000044556910327
Q1413402	6000000017866746196
Q1413407	6000000011648380912
Q14134328	6000000011618942220
Q1413561	6000000081764323067
Q1413645	6000000014653666567
Q1413672	6000000180394283842
Q1413681	6000000009906771499
Q1413756	6000000017351591957
Q1413795	6000000015167249812
Q1413804	6000000179155674821
Q1413826	6000000177207330855
Q1413845	6000000144815401348
Q1413855	6000000024638247733
Q1413862	6000000179153517854
Q1413874	6000000012753674727
Q1413902	6000000000678726432
Q1413927	6000000167453529826
Q1414199	6000000022977980079
Q1414222	6000000009342917125
Q1414392	6000000013562514359
Q1414475	6000000002188453183
Q1414481	6000000076676623834
Q1414585	6000000002764440601
Q1414832	689131
Q1414927	6000000008310322943
Q1415010	6000000149946386019
Q1415159	6000000040921570438
Q1415189	6000000051137003847
Q1415218	6000000020972543088
Q1415227	6000000054372257856
Q1415243	6000000046931966206
Q1415266	6000000010598626585
Q1415329	6000000144692780952
Q1415365	6000000008766841253
Q141546	6000000035774471341
Q1415721	6000000002603511940
Q14157935	6000000060267123910
Q1415906	6000000089457865997
Q1415918	6000000025727221752
Q141592	6000000020869956618
Q14159939	6000000029078205048
Q1416057	6000000036254933274
Q14161599	6000000028938414199
Q14161602	6000000016076634102
Q1416210	6000000013093618572
Q14163086	6000000000262526235
Q1416351	6000000023884196728
Q1416397	6000000057622672828
Q1416490	6000000034571215093
Q1416591	6000000015782007414
Q1416594	6000000018866472749
Q1416629	6000000012459488745
Q1416776	6000000073225499364
Q14167926	6000000149588579020
Q1416793	6000000021093141025
Q141680	6000000015488866355
Q1416917	6000000058064939952
Q1417102	6000000019658099362
Q1417260	6000000020446569172
Q1417493	6000000011522438911
Q1417639	6000000073189333913
Q141775	6000000012621629276
Q1417855	6000000179155436913
Q1417975	6000000050573978877
Q1418172	6000000031044694666
Q14182436	6000000207607221861
Q1418288	6000000172755622924
Q1418289	6000000004096171481
Q1418298	6000000066954671949
Q14184011	4028211
Q14184057	6000000139010351879
Q14184155	6000000041981137595
Q14184164	6000000081751141050
Q1418573	6000000082312729303
Q1418581	6000000099453400833
Q1418586	6000000023996167554
Q1418705	6000000045219730886
Q1418856	6000000023515988068
Q1418864	495440
Q14189474	6000000074081692849
Q14189481	6000000074081039348
Q1419001	6000000081259487403
Q1419095	6000000017414188932
Q14190976	6000000008394930717
Q14191093	6000000036448557318
Q14191260	6000000013060524104
Q14191336	6000000017070742246
Q14191353	6000000012598509266
Q14191421	6000000005438507753
Q14191432	6000000039338329300
Q14191491	6000000027763326849
Q14191556	6000000104716433955
Q1419267	6000000076971323303
Q14192706	6000000081886535890
Q14192745	6000000012526555317
Q14192809	6000000012544221868
Q1419309	6000000007369272219
Q1419360	6000000074791677954
Q1419396	6000000016704839452
Q1419406	6000000096340134059
Q1419456	6000000026406702606
Q1419494	6000000181584334878
Q1419556	6000000024387101446
Q1419588	6000000073102632826
Q14195981	6000000007512023925
Q1419786	373670683450003831
Q1419801	6000000010382621897
Q1419918	6000000007812078327
Q1420076	6000000026078822820
Q1420255	6000000163413058860
Q1420309	6000000020387219246
Q1420398	6000000039514523023
Q1420400	6000000033986241171
Q142049	6000000018572850504
Q1420533	6000000011091324718
Q142059	6000000172535142223
Q1420592	6000000210075138822
Q1420593	6000000016683702600
Q1420595	6000000008761837182
Q1420596	6000000012001828378
Q1420599	6000000012001558772
Q1420603	6000000014016405023
Q1420606	6000000007551188253
Q1420647	6000000056609363069
Q1420695	6000000014199432252
Q1420728	6000000181068050839
Q1420730	5091847130150031540
Q1420762	6000000012774371308
Q1420766	6000000024514118988
Q142080	6000000006604598700
Q1420864	6000000116302907873
Q1421035	6000000078320498554
Q1421061	6000000055764926480
Q14210665	6000000001915064132
Q1421128	6000000027526368939
Q1421193	6000000141082662943
Q1421265	6000000028277552633
Q1421282	6000000012889647247
Q1421286	6000000003027490563
Q1421291	6000000089139259931
Q1421322	6000000004594029898
Q1421326	6000000145342608848
Q1421352	6000000041056360989
Q142141	6000000022214884854
Q1421465	6000000041767076096
Q1421481	6000000043375093087
Q1421616	6000000076905342456
Q1421647	5604954309240087415
Q1421780	6000000183991794874
Q14218268	6000000108373150833
Q1421860	6000000051658786079
Q1421938	6000000006884225207
Q1421970	6000000030915735031
Q1421977	6000000007289606535
Q142214	6000000031368320005
Q142215	6000000085764739879
Q1422266	6000000179604446872
Q1422340	6000000007872084616
Q1422360	6000000017438393531
Q1422376	6000000032161999934
Q1422415	6000000029388160209
Q14225352	6000000001402210087
Q1422559	6000000079694229853
Q1422570	6000000003329652268
Q1422635	6000000083645066147
Q1422651	6000000023977608659
Q1422810	6000000019706183951
Q1422920	6000000007863557617
Q1422946	6000000077792692205
Q1422997	6000000018496981999
Q142304	6000000001266070099
Q1423073	6000000034324844829
Q1423086	6000000073243583838
Q1423097	6000000053406365148
Q1423122	6000000108367000937
Q1423194	6000000023512904125
Q1423228	6000000013562031979
Q1423229	6000000007215199300
Q1423238	6000000000614742478
Q14233391	6000000090034948891
Q142339	6000000005417856467
Q1423408	6000000067361547957
Q1423497	6000000015479443159
Q1423535	6000000022379393050
Q14236301	6000000009667229819
Q1423687	6000000110072023828
Q1423728	6000000034453129947
Q1423747	6000000006127193607
Q1423839	6000000065866345018
Q1423890	6000000002188412523
Q1423893	6000000000712078092
Q1423896	6000000178729358872
Q1423918	6000000035731630833
Q1423975	6000000066960702951
Q1423980	6000000065084816926
Q1424006	6000000003006528871
Q14240714	6000000113477671969
Q1424080	6000000023109107649
Q1424120	6000000014415572836
Q1424149	6000000011154199199
Q1424170	6000000012629559017
Q1424248	6000000036209838119
Q1424299	6000000008135120382
Q1424397	6000000041636901199
Q1424404	6000000030594744768
Q142441	6000000007964975225
Q14244416	6000000034713138831
Q1424450	6000000151002624824
Q14244505	6000000008392476734
Q1424479	6000000071806937887
Q14244952	6000000008392419807
Q1424500	6000000023884111200
Q1424510	6000000005583875643
Q1424546	6000000017339768548
Q1424558	6000000034453743579
Q1424601	6000000022792834834
Q14246208	6000000007225517555
Q1424643	6000000020678007304
Q1424664	6000000023514693705
Q142472	6000000032008153608
Q1424854	6000000067662793824
Q1424869	6000000024181055032
Q1424876	6000000013218267276
Q1424893	6000000039351615743
Q14249324	6000000019870481903
Q1424943	6000000004639467467
Q1424964	6000000012421377522
Q1425001	6000000067180399353
Q1425008	6000000011402712023
Q142505	6000000026663149183
Q1425052	5289330701580086787
Q14251190	6000000005930540308
Q1425152	6000000002188425102
Q1425168	6000000017491095533
Q1425192	6000000054512133049
Q14252450	6000000024250848295
Q1425302	6000000183196937838
Q1425313	6000000023612703076
Q1425366	6000000031760591553
Q1425422	6000000011570098381
Q1425446	6000000000511127248
Q1425454	6000000012827391506
Q142546	6000000030263378847
Q1425485	6000000011581213965
Q14255130	6000000024636112154
Q1425551	6000000026037194276
Q1425586	6000000025766456489
Q1425595	6000000025620885064
Q142567	6000000036655531266
Q1425720	6000000025334660695
Q1425739	4647024134050022532
Q1425761	6000000012838302514
Q1425765	6000000035590059035
Q1426	6000000017358193926
Q1426047	6000000010217035952
Q1426056	6000000114638103972
Q142609	6000000010842659616
Q1426106	6000000019263718354
Q1426162	6000000030698211897
Q1426256	6000000007329608125
Q1426291	6000000023345840359
Q1426297	6000000047805860291
Q1426421	6000000000460306198
Q14264308	6000000006903437015
Q142644	6000000003616073730
Q1426465	6000000039598980354
Q1426480	6000000005946265209
Q1426510	6000000027789103190
Q14265195	6000000023106918951
Q1426547	6000000015146714227
Q1426606	6000000022567153064
Q1426734	6000000182962190822
Q1426776	6000000077844446524
Q142683	6000000074792375941
Q1426886	6000000088380708076
Q14271401	6000000008197669016
Q14271575	6000000177199300898
Q14273035	6000000038523154481
Q1427359	6000000180908382825
Q1427491	6000000155943944027
Q14274948	6000000192265912864
Q14277	6000000019469541523
Q1427710	6000000013331213043
Q1427729	6000000152809067854
Q14278	6000000017275813815
Q1427817	6000000028892242052
Q1427819	6000000090539902851
Q14279	6000000057034323966
Q142794	6000000019039302326
Q142798	294546073020007982
Q14281	6000000010708168579
Q14282	6000000069615132887
Q14282536	6000000016280809677
Q14282591	6000000042652195995
Q142833	6000000024875083772
Q1428416	6000000017884443857
Q1428445	6000000018977825498
Q1428699	6000000176026984841
Q1428837	6000000033682025346
Q1428860	6000000005966443043
Q1428924	6000000166244224893
Q1428952	6000000016372765161
Q1428980	6000000002651639180
Q1429132	6000000145546878822
Q14291954	6000000024091178962
Q1429239	6000000016163474656
Q1429243	6000000080207947858
Q1429262	6000000007086600097
Q1429267	6000000035263685040
Q1429346	6000000005712773003
Q1429359	6000000178276023851
Q1429360	6000000001878910502
Q1429376	6000000007330389772
Q1429381	6000000020235521270
Q1429384	6000000025154791974
Q1429421	295307086010006414
Q1429425	6000000022875965404
Q1429477	6000000016505505053
Q1429492	6000000005392752508
Q1429652	6000000075271097004
Q1429668	6000000036829712863
Q1429794	6000000036904292197
Q1429878	6000000012238256590
Q142988	6000000018012249601
Q1430100	6000000021944581021
Q1430112	6000000029009285746
Q1430171	6000000018919140241
Q1430182	6000000037833528500
Q1430193	6000000001495533802
Q1430261	6000000014953940232
Q143030	6000000071299233908
Q1430345	6000000009388173462
Q1430352	6000000009592587598
Q1430385	6000000102784356824
Q1430393	6000000065635956822
Q1430397	6000000014270180432
Q1430480	6000000000560840707
Q1430495	6000000018461700226
Q143059	6000000015180675961
Q1430751	6000000007372144203
Q1430834	6000000004047305090
Q143100	6000000015181117386
Q1431080	6000000019310403849
Q1431186	6000000056073477248
Q1431208	6000000001744730712
Q14313	6000000027105364694
Q1431452	6000000026163950695
Q1431726	350586055220001216
Q1431761	6000000043460462318
Q1431765	6000000078278434433
Q1431813	6000000076682729554
Q1431988	6000000104180834823
Q143205	6000000010406749667
Q1432055	6000000135075841141
Q1432056	6000000036876927844
Q14320785	6000000023741086102
Q1432319	6000000183934348864
Q1432333	6000000023868903186
Q1432340	6000000016353162265
Q1432347	6000000038260369439
Q1432382	6000000015311589708
Q14324569	6000000023680054208
Q14324789	6000000034125127878
Q14325351	6000000010655289738
Q1432551	6000000076685236243
Q14325751	6000000019965974285
Q1432598	6000000012365339070
Q14326769	6000000000979519103
Q1432677	6000000181314708925
Q1432688	6000000012304767720
Q1432713	6000000177919608822
Q1432745	307422006000008280
Q1432747	6000000049625093879
Q1432748	6000000029105221196
Q143279	6000000014262244064
Q14328093	6000000070652166403
Q14328104	6000000037796805183
Q1432813	6000000043481184945
Q14328834	6000000002188458072
Q1432937	6000000010734737731
Q1433056	6000000011036962960
Q1433073	6000000020558687079
Q1433098	6000000006348729438
Q1433162	6000000111864831906
Q143317	6000000003040462052
Q1433322	6000000018038297328
Q1433385	6000000061190909095
Q1433425	6000000049375877952
Q1433583	6000000008699209546
Q143369	6000000050701153130
Q1433799	6000000143556934868
Q1433887	6000000030899822055
Q1433911	6000000014142573183
Q1434014	6000000020311161553
Q14340339	6000000050240429841
Q1434093	6000000027382589696
Q1434213	6000000042004149848
Q143426	6000000082314459967
Q1434289	4350232642600065162
Q1434302	6000000099161475822
Q1434378	6000000002188445034
Q1434403	6000000011098406489
Q1434420	6000000011529665715
Q1434487	6000000037180006075
Q14345	6000000007076464220
Q1434600	6000000215445349822
Q14347136	6000000069655329275
Q1434714	6000000018455071923
Q1434828	6000000005073099167
Q1434839	6000000039804063297
Q1434912	6000000042744951019
Q1434917	6000000081835763863
Q143499	6000000004654981521
Q1435129	6000000038847037779
Q1435181	6000000019943158019
Q14351935	6000000003218141482
Q1435246	6000000016329318195
Q143533	6000000163457087952
Q143548	6000000011139532184
Q14356	6000000013355673919
Q1435680	6000000180481009881
Q1435709	6000000002961772666
Q1435759	6000000022819410454
Q14358136	6000000026177117657
Q1435905	6000000029724260941
Q1435926	6000000016119365059
Q14360575	6000000023084594851
Q1436390	6000000012333526341
Q143644	6000000019995608411
Q1436459	6000000177823640859
Q1436477	6000000020884078592
Q1436492	6000000003724301532
Q1436622	6000000017002182301
Q14366876	6000000028314652610
Q1436859	6000000022904751359
Q14368694	6000000012952450567
Q14368700	6000000012952542234
Q1436905	6000000145358851911
Q14369191	6000000172370580148
Q1437102	6000000174745526834
Q1437160	6000000025758678965
Q1437270	6000000022351347291
Q1437304	6000000026669506030
Q1437326	6000000008389343182
Q1437417	6000000178656512821
Q1437466	6000000071854978938
Q1437468	6000000024696145508
Q1437544	6000000009617425616
Q1437586	6000000026938543252
Q1437592	6000000083908775114
Q14375933	6000000083651904033
Q1437612	6000000115248614825
Q143763	6000000002188496316
Q14378770	6000000079564895838
Q1437881	6000000010132534143
Q1437915	6000000021317453297
Q1437962	6000000054773434025
Q1437976	6000000036921072601
Q14380257	4380623977660075535
Q1438187	6000000002188529404
Q1438212	6000000087909525453
Q1438226	6000000016348903782
Q1438622	6000000003940044732
Q143867	6000000010909722074
Q1438926	6000000004579132014
Q1438976	6000000157300827959
Q14390226	6000000011048625218
Q1439360	6000000021949125754
Q1439362	6000000141091329849
Q1439378	6000000000064372825
Q1439404	6000000078254304191
Q1439421	6000000046848686921
Q1439451	6000000038610703847
Q1439459	6000000010010994507
Q1439468	6000000001192423345
Q1439490	6000000019912137080
Q1439512	6000000007606719143
Q14396343	6000000013485706180
Q1439726	6000000059874640838
Q1439781	6000000019853431644
Q1439802	6000000027320173877
Q1439867	6000000019746480952
Q1439877	6000000016450127966
Q1439904	6000000016414705707
Q143993	6000000016173323945
Q1439961	6000000002282102261
Q1439976	6000000003934993090
Q1440	6000000006101317134
Q14400024	6000000008510813155
Q1440073	6000000113120225855
Q1440139	6000000014583173584
Q14401908	6000000127369873197
Q1440222	6000000010772481478
Q1440471	6000000025905786613
Q1440485	6000000175815268835
Q144050	6000000081299823036
Q1440568	6000000014453004251
Q1440641	6000000000490609212
Q1440666	6000000036071587253
Q1440717	6000000015169524737
Q1440808	6000000039990321958
Q1440816	6000000020866878513
Q1440889	6000000182784498826
Q1440892	6000000145779540925
Q1440895	6000000157327729847
Q1440946	6000000085607014865
Q1440962	6000000140706897982
Q1440982	6000000145521598932
Q1441020	6000000144812741881
Q1441052	6000000015670637637
Q1441073	6000000087847101835
Q1441083	6000000073190251490
Q1441086	6000000107930114233
Q1441104	6000000136353349850
Q14411149	6000000007323677470
Q14411151	6000000013955654631
Q1441123	6000000092029286833
Q1441126	6000000007363712305
Q1441142	6000000024671509758
Q1441157	6000000053597152078
Q1441176	6000000175436618949
Q1441192	6000000004096259200
Q1441194	6000000156859715039
Q1441197	6000000144811389831
Q1441199	6000000179692115858
Q1441235	6000000040258866094
Q1441240	6000000137213618833
Q1441268	6000000156806123871
Q1441287	6000000002764440146
Q1441293	732045
Q1441358	6000000018846066467
Q1441364	6000000006797256009
Q1441368	6000000077159110314
Q1441380	6000000103947698969
Q1441388	6000000007864046298
Q1441395	6000000070659718115
Q1441399	6000000044924691906
Q1441407	6000000090239154987
Q1441408	6000000033736898522
Q1441411	6000000028367047065
Q1441420	6000000007775844656
Q1441433	6000000007968826399
Q1441435	6000000017813802924
Q1441448	6000000014560379509
Q1441484	6000000005598904663
Q1441508	6000000022640451720
Q1441518	6000000062687203899
Q1441520	6000000014441546039
Q1441528	6000000011030782917
Q1441538	6000000005033528831
Q1441544	6000000003017524498
Q1441548	6000000013432143360
Q1441549	6000000006582468203
Q1441573	6000000000196125708
Q1441580	6000000077662104364
Q1441584	6000000017964574169
Q1441609	6000000015288397601
Q1441621	6000000042490696654
Q1441642	6000000011972508689
Q1441644	6000000001608920119
Q1441648	6000000057026003135
Q14416542	6000000001900546733
Q14416620	6000000076150900822
Q14416636	6000000165828862821
Q14416648	6000000003769643560
Q14416887	6000000181906288822
Q1441693	6000000035768543997
Q1441699	6000000002799049654
Q1441721	6000000033006315283
Q1441726	6000000006444790914
Q14417315	6000000064787153850
Q1441740	6000000013393633649
Q1441741	6000000028651688851
Q1441748	6000000086177138891
Q1441749	6000000034008199901
Q1441770	6000000020134539430
Q1441782	6000000024277776878
Q1441798	6000000025543099942
Q1441799	6000000021241830923
Q1441881	6000000036294424190
Q1441900	6000000000783719075
Q144191	6000000069592035082
Q1441945	6000000031462094528
Q1442058	6000000000366731907
Q1442069	6000000026936148815
Q1442116	6000000029229198616
Q1442140	6000000015590183149
Q1442161	6000000009959165313
Q1442192	6000000015971081332
Q1442231	6000000016585180300
Q1442301	6000000175726774914
Q1442347	6000000108280726039
Q1442356	6000000000319419087
Q14423677	6000000088230356034
Q1442368	6000000019169086108
Q1442374	6000000198517197828
Q1442377	6000000011421946300
Q1442386	6000000015773287210
Q1442389	6000000012489974309
Q1442398	6000000000009453623
Q1442420	6000000081487387839
Q1442445	6000000093226173964
Q1442456	6000000064939276860
Q1442504	6000000012263513619
Q1442510	6000000182709760845
Q1442523	6000000166204741839
Q1442537	6000000014642791248
Q14425570	6000000025298491069
Q1442560	6000000135744940906
Q1442566	6000000001779606873
Q1442587	6000000177618103002
Q1442595	6000000114600183834
Q1442617	6000000150668649836
Q1442620	6000000036256209085
Q1442648	6000000069488000821
Q1442669	6000000178259585840
Q1442676	6000000025328627225
Q1442695	6000000017755989301
Q1442709	6000000038145106744
Q1442719	6000000028634415050
Q1442732	6000000048765481833
Q1442779	6000000030020265920
Q1442854	6000000030408017658
Q14428732	6000000094607807061
Q1442887	6000000015063123428
Q14430	6000000008440279126
Q1443018	6000000015670069239
Q1443029	6000000002279431503
Q1443040	6000000069787463145
Q1443044	6000000015077669197
Q1443054	6000000017697183677
Q1443058	6000000024234631166
Q1443069	363385030700007301
Q1443085	6000000018050555719
Q1443095	6000000040665471904
Q1443099	6000000016534042672
Q144310	6000000080281288080
Q1443101	6000000043382645028
Q1443113	6000000053798906924
Q1443125	6000000009288294240
Q1443128	6000000163756662822
Q1443191	6000000000470691899
Q1443200	6000000103884221358
Q1443206	6000000120287026877
Q14432239	6000000013339612849
Q1443267	6000000017506652110
Q1443353	6000000021324803567
Q14433854	6000000016854547222
Q144339	6000000018086971529
Q1443394	6000000164271909087
Q14434125	6000000031885310183
Q1443422	6000000015422809622
Q1443435	6000000040320954689
Q1443445	6000000015289683390
Q1443506	6000000021516078682
Q1443531	6000000179069535896
Q14435419	6000000050916346826
Q14435573	6000000008635397439
Q1443627	6000000015077380206
Q1443635	6000000010229559344
Q1443658	6000000181602473848
Q1443662	6000000055284683865
Q14436716	6000000014424990633
Q14436762	6000000027327774832
Q14436764	333968108820003405
Q1443716	6000000034982591448
Q1443723	6000000091634773830
Q14437334	6000000173688185888
Q14437425	6000000017728569424
Q14437476	6000000018911088566
Q14437481	6000000008277313998
Q14437483	6000000010963262855
Q14437563	6000000008594899763
Q14437564	4940785956460028349
Q1443784	6000000015618724295
Q14437947	6000000174638687415
Q14437993	6000000019776923548
Q1443873	6000000030432138443
Q1443883	6000000033147876859
Q14439	6000000006079855136
Q1443922	6000000027829977121
Q1443954	6000000047815823017
Q1444034	6000000013581166087
Q1444036	6000000043482871279
Q1444043	6000000036583717349
Q1444058	6000000021039725655
Q14441	6000000000499087022
Q1444144	6000000181321581830
Q1444207	6000000013217628756
Q14442076	6000000183967367822
Q1444208	6000000002447374489
Q144422	6000000026678538671
Q1444294	6000000060600938966
Q14442983	6000000018230937158
Q1444299	6000000028261374058
Q144430	6000000013452336295
Q1444357	6000000007910555583
Q1444369	6000000017545917623
Q144439	366647611030013470
Q1444399	6000000026532340955
Q1444405	6000000022479032248
Q1444479	6000000085995082901
Q1444495	313691980010004815
Q1444608	6000000101408368888
Q1444652	6000000062106873985
Q1444704	6000000177619097882
Q1444752	6000000013728123754
Q144476	6000000006574566418
Q1444836	6000000013733454429
Q1445069	6000000114258654881
Q1445073	6000000012735426399
Q1445087	6000000026664006041
Q1445225	6000000036768753131
Q1445228	6000000015645189422
Q1445246	6000000015742165532
Q1445268	6000000019583653503
Q1445285	6000000046861283688
Q1445293	6000000021689663990
Q1445295	4769451548800033028
Q1445298	6000000004047690383
Q1445300	6000000000606800660
Q1445318	6000000177645068821
Q144535	6000000074827967118
Q1445377	6000000023433345777
Q1445397	6000000017530359013
Q1445406	6000000020651489450
Q1445408	6000000020651514711
Q1445442	6000000019670156107
Q1445443	6000000021702136191
Q1445449	6000000004365581942
Q1445460	6000000015843377329
Q1445489	6000000144731342999
Q1445513	6000000003126731575
Q1445557	6000000090885933255
Q1445568	6000000151360760826
Q1445586	6000000040185123280
Q1445598	6000000081299919924
Q1445612	6000000078546503851
Q1445617	6000000197463514839
Q1445681	6000000066662552848
Q1445703	6000000080176990074
Q1445713	6000000172613270846
Q1445724	6000000010270053017
Q1445737	6000000000054611435
Q1445787	6000000082511073477
Q144589	312102169410005006
Q1445971	6000000015272614440
Q1445976	6000000084761083821
Q1445999	6000000069574724122
Q1446007	6000000023600320930
Q1446013	6000000170032416833
Q1446021	6000000182122012832
Q1446034	6000000041324383744
Q1446045	6000000061153391898
Q1446077	6000000042516367883
Q1446098	6000000056087641997
Q1446099	6000000016502963817
Q1446105	6000000018182486376
Q144611	6000000017244058524
Q1446132	6000000031821350307
Q1446140	6000000084761291105
Q1446161	6000000210144586822
Q1446165	6000000017205996306
Q1446174	6000000074782279829
Q144622	6000000048935313923
Q1446344	6000000058010774982
Q1446345	6000000009073239163
Q1446347	6000000127138277095
Q1446358	6000000057831800417
Q1446380	6000000180852234897
Q1446395	6000000041898572117
Q1446440	6000000078452451478
Q1446443	6000000024434894161
Q1446456	6000000138626358386
Q1446465	6000000176261734846
Q1446468	6000000037835041840
Q1446475	6000000153038188909
Q1446476	6000000049335013879
Q1446486	6000000018534784848
Q1446494	6000000047229430497
Q1446569	6000000022783030646
Q1446573	6000000076910912979
Q1446583	6000000179820727822
Q14465865	6000000000634930422
Q1446613	6000000139660482933
Q1446638	6000000181689404917
Q144664	6000000071663414923
Q1446664	6000000070743030799
Q1446674	6000000184422992853
Q1446683	6000000142661972095
Q1446699	6000000104556235984
Q1446704	6000000097635478153
Q14467094	6000000100318575905
Q1446724	6000000020475041819
Q1446732	6000000047374139976
Q1446773	6000000201495599833
Q1446799	6000000009461591257
Q1446800	6000000016558540943
Q1446812	6000000004629214265
Q1446814	6000000128091394868
Q1446816	6000000048638770411
Q1446819	6000000002150015840
Q14468281	6000000001221952585
Q1446833	6000000179472865826
Q14468488	6000000177294561851
Q1446881	334055048430013393
Q1446888	6000000022795415558
Q1446902	6000000041493785957
Q1446904	6000000037939241232
Q1446917	6000000156170063937
Q1446972	6000000019941632851
Q1447051	6000000039481334641
Q1447052	6000000038764692099
Q1447060	6000000112074246821
Q1447077	6000000171547842904
Q1447087	6000000023951685106
Q1447121	6000000002764436984
Q1447135	3849522
Q1447159	6000000015624393522
Q1447168	6000000019098581221
Q1447203	6000000000720008418
Q1447210	6000000057016081909
Q1447223	6000000008019293093
Q1447238	6000000127049088822
Q1447270	6000000085669629821
Q144729	6000000040613212063
Q1447315	6000000021988797109
Q1447320	6000000002758631687
Q1447339	6000000014685667675
Q1447340	6000000170693969337
Q1447341	6000000039341231821
Q1447393	6000000010860611556
Q1447416	6000000051413954835
Q1447423	6000000116222353848
Q1447444	6000000137553220961
Q1447451	6000000054784984935
Q1447476	6000000182615950823
Q14474973	6000000009933203099
Q14475030	6000000002181610664
Q1447513	6000000013441436557
Q1447541	6000000002188374783
Q1447542	6000000029665529783
Q1447583	6000000044283855167
Q14475841	6000000011814437204
Q14475900	6000000100315557593
Q14475998	6000000002407276298
Q1447602	6000000012535990766
Q1447606	6000000136570383839
Q1447610	6000000017050042719
Q1447613	6000000016527893487
Q1447619	6000000214210638825
Q14476205	6000000015292731014
Q1447651	6000000002765843926
Q1447698	6000000013144870425
Q1447711	6000000028585293905
Q1447726	6000000027557416427
Q1447730	6000000016517736786
Q1447804	6000000014219926625
Q1447811	6000000061520091927
Q1447844	6000000177095120829
Q14478574	6000000013041199494
Q1447884	6000000004096011030
Q1447911	6000000087533049954
Q14479132	6000000102989362832
Q1447948	6000000018220874605
Q1447969	6000000025468041854
Q14479745	6000000074705046979
Q1447998	6000000029030403209
Q1448041	6000000170694450269
Q1448051	6000000081131492502
Q1448086	6000000079642538180
Q1448090	6000000176224775866
Q14480969	6000000003710668384
Q1448097	6000000002231442103
Q1448102	6000000030045045959
Q1448106	6000000016805533918
Q1448115	6000000016600048432
Q1448116	6000000019280693412
Q14481223	6000000011626570406
Q144813	6000000013677626758
Q1448158	6000000016530639305
Q1448171	6000000074998198848
Q1448178	6000000181605849886
Q1448182	6000000059835478017
Q1448229	6000000046908188821
Q1448232	6000000046907997892
Q1448277	6000000036117404151
Q1448279	6000000020960157066
Q1448289	6000000019751282019
Q1448305	6000000047426098091
Q1448343	6000000081763224115
Q1448346	6000000023833129038
Q14483665	6000000002510374074
Q1448394	6000000002936884858
Q1448439	6000000002764440753
Q1448446	6000000019938721959
Q1448449	6000000163423087058
Q1448472	6000000025430999384
Q1448517	6000000185077951903
Q1448553	6000000018284136515
Q1448613	6000000084041072419
Q1448624	6000000181643300821
Q1448626	6000000172753296946
Q14486414	6000000144896636821
Q1448647	6000000004095945128
Q1448654	6000000013217716595
Q1448664	6000000026600671902
Q1448669	6000000055076772909
Q144874	6000000178773882823
Q1448789	6000000129326299871
Q1448847	6000000087257699924
Q1448851	6000000009247034976
Q1448852	6000000095430013821
Q1448862	6000000018702672018
Q1448874	6000000003250949500
Q1448875	6000000037052704903
Q1448885	6000000014452902788
Q1448930	6000000033181121002
Q14489421	6000000014993415160
Q1448956	6000000005599170105
Q1448969	6000000040171081388
Q1448986	6000000037476769312
Q1449001	6000000019490315772
Q14490631	6000000023696317431
Q1449075	2359870
Q1449083	6000000009654243271
Q1449087	6000000043047588562
Q1449105	6000000023996129688
Q1449127	6000000112674526003
Q1449148	6000000013879630018
Q14491520	6000000001924726280
Q1449163	6000000007934996186
Q14491953	6000000046201819244
Q14492067	6000000042992733943
Q1449255	6000000035767095832
Q1449270	6000000021617271307
Q1449279	6000000040176434821
Q1449300	6000000023743869146
Q1449317	6000000047050723235
Q14493606	6000000017492700108
Q1449370	6000000002765160203
Q1449398	6000000039870679238
Q1449441	6000000001097813335
Q1449475	6000000058025923214
Q1449477	6000000092809077223
Q1449486	6000000091016475188
Q1449495	6000000019773532040
Q1449549	6000000136059398829
Q1449557	6000000038558354088
Q1449565	6000000007003139460
Q1449619	6000000019165885469
Q1449627	6000000086957811250
Q1449638	6000000004096355940
Q1449698	6000000084596175849
Q14497389	6000000050149730237
Q1449757	6000000004095828520
Q1449766	6000000016274993833
Q1449772	6000000001179355048
Q1449775	6000000110758156821
Q1449791	6000000037890466028
Q1449846	6000000016458234777
Q1449848	6000000016392136580
Q1449849	6000000016312317819
Q1449854	6000000106426455881
Q1449862	6000000090496118870
Q1449868	6000000047688896825
Q1449875	6000000082077037823
Q1449884	6000000019127744889
Q1449888	6000000027690602924
Q1449895	6000000016558105777
Q1449901	6000000081387677157
Q1449908	6000000048635162843
Q144994	6000000017906402044
Q1449949	6000000110804275916
Q1449951	6000000047126164928
Q1449953	6000000002802355594
Q1449954	6000000084320200170
Q1449959	6000000147762717832
Q1449975	6000000017928555734
Q1449980	6000000139450891878
Q1449986	6000000025111521231
Q1449993	6000000179056730891
Q1449998	6000000080778518860
Q1449999	6000000071677722235
Q1450	6000000024699683990
Q1450002	6000000030111552288
Q1450013	6000000061116232968
Q1450014	6000000002188502163
Q1450016	6000000014191235328
Q1450018	6000000024641935882
Q1450020	6000000016328383538
Q1450024	6000000097885144933
Q1450028	6000000134306145833
Q1450034	6000000000910686100
Q1450035	6000000000459565833
Q1450090	6000000010572159696
Q1450124	6000000044818828912
Q1450149	5645453517890102441
Q1450223	6000000006595811390
Q14503060	6000000007610062233
Q1450477	6000000048871957896
Q1450486	6000000134050914862
Q1450502	6000000016505523711
Q145051	6000000016313779581
Q14505387	6000000035459702983
Q14505942	6000000091240727196
Q14507131	6000000041307414297
Q14507226	6000000014874831274
Q14507760	6000000005441763528
Q14507972	6000000009471965286
Q1450904	6000000019937930776
Q14509047	6000000009364503293
Q1450912	6000000001602499589
Q1450966	6000000033228808003
Q1450975	6000000121179059023
Q1450985	6000000014156930670
Q1451039	6000000041908898105
Q1451045	6000000009405043606
Q14510995	6000000019297193764
Q1451131	6000000009570895909
Q1451167	6000000009785843400
Q1451172	6000000047341961148
Q1451173	6000000083360332272
Q1451244	6000000015749554969
Q14512449	6000000109007300869
Q14512476	6000000033182546284
Q1451253	6000000019608143868
Q1451275	6000000025620713048
Q14512762	6000000018530284281
Q1451318	6000000005013810483
Q145132	6000000013610927063
Q1451345	6000000003827590627
Q14513655	6000000018089233968
Q145140	6000000020194896116
Q1451409	6000000013502156110
Q1451435	6000000017145261030
Q14516314	6000000021096026694
Q145173	6000000015020112421
Q1451734	6000000169035317870
Q1451858	6000000002188458450
Q1451869	6000000000037785008
Q14519511	6000000018642580345
Q14519545	6000000037354917717
Q145200	4329460963020033431
Q14520012	6000000021864064714
Q14520207	6000000018378866154
Q14520235	6000000178316667829
Q1452201	6000000006211081350
Q1452234	6000000030985195817
Q1452238	6000000039199414835
Q1452264	6000000016378303970
Q1452293	6000000033290496915
Q1452307	6000000066710635854
Q1452317	6000000074878792821
Q1452336	6000000015150118649
Q1452350	6000000068679055823
Q1452351	6000000068740200859
Q1452358	6000000178834899825
Q14523631	6000000000704969473
Q1452383	6000000150607413912
Q14524	6000000177167700823
Q1452407	6000000065039472893
Q145241	6000000001317331213
Q1452412	6000000037478559837
Q1452519	6000000175842851828
Q14525387	6000000152499355921
Q1452550	6000000008390124887
Q1452562	6000000021641107153
Q1452576	6000000007353257141
Q145258	6000000070407972059
Q1452585	6000000005234821597
Q14526986	6000000178962533822
Q1452706	6000000018215036452
Q1452713	6000000013093015325
Q1452749	6000000001381843130
Q1452750	6000000027686049141
Q1452753	6000000080335661234
Q1452758	6000000026203920558
Q1452760	6000000032839818197
Q1452769	6000000029554528495
Q1452773	6000000037809963474
Q14527751	6000000014192860256
Q1452780	6000000000557505591
Q1452787	6000000116258028847
Q1452792	6000000004169788414
Q1452804	6000000057321961279
Q1452837	6000000028953290546
Q1452839	6000000216155848847
Q1452840	6000000209986856844
Q1452842	6000000036227322350
Q1452852	6000000025438300485
Q1452856	6000000002860833781
Q1452881	6000000037175800685
Q1452891	6000000028723915236
Q1452897	6000000025484568415
Q1452908	6000000006437885025
Q1452934	6000000013008556559
Q1452949	6000000015873840590
Q1452956	6000000002447358467
Q1452965	5243490489220027586
Q1452971	6000000002188670907
Q1452986	6000000004867878152
Q1452993	6000000015228689748
Q1452996	6000000001129533630
Q1453008	6000000020690392068
Q1453010	6000000019993000608
Q1453011	6000000020379287962
Q1453038	6000000127856467039
Q1453072	6000000076775250690
Q1453083	6000000010842526017
Q1453092	6000000017127446275
Q1453103	6000000024760177850
Q1453116	6000000016853234555
Q1453131	6000000018260483880
Q1453135	6000000009100419982
Q1453136	6000000012945252776
Q1453142	6000000013948517809
Q1453144	4276217860400057471
Q1453161	6000000022605354803
Q1453177	6000000000286138216
Q1453214	6000000174898541942
Q14532336	6000000025343132272
Q1453245	6000000019384742477
Q1453246	6000000003534612500
Q1453247	6000000034476825958
Q1453263	6000000012666872229
Q1453278	6000000009656025922
Q1453282	6000000027078385507
Q1453302	6000000009364143301
Q1453304	6000000034489372190
Q1453305	6000000070311244845
Q1453380	6000000012699352854
Q1453434	6000000016328664555
Q14535	6000000034118501682
Q14536	6000000007553245302
Q14536289	6000000179646558857
Q14536292	6000000179652414856
Q1453647	6000000015844053906
Q1453670	6000000178234226822
Q1453687	6000000001383023522
Q14537	6000000021731820187
Q14537892	6000000171708696191
Q1453819	6000000056391434045
Q14538310	6000000019557549004
Q1453850	6000000175603766856
Q14538747	6000000011157141310
Q14539	6000000015211150807
Q14539055	6000000024504612751
Q14539058	6000000021212257949
Q145392	6000000047190137018
Q14539373	6000000078363342902
Q14540	6000000029578754850
Q1454071	6000000019415885108
Q14541737	6000000090945956915
Q14541760	6000000087633270899
Q14541810	6000000135077433931
Q14541859	6000000017607159462
Q14541940	6000000020463938024
Q14542	6000000094123324967
Q14542197	6000000088065983032
Q1454229	6000000177617234822
Q14542327	6000000012431133946
Q14542328	6000000006928564062
Q14542344	6000000077329437104
Q14542347	6000000007925054726
Q14542357	6000000007615378512
Q14542359	6000000051259290878
Q14542485	6000000176692832866
Q14542489	6000000007365666682
Q14542628	6000000080929243843
Q14543072	6000000035634076906
Q14543342	6000000083735992851
Q14543433	6000000177100825860
Q14543464	6000000001504366716
Q1454360	6000000008516452529
Q1454471	6000000026557889236
Q14544964	6000000006231040821
Q145464	6000000009066248278
Q1454692	6000000021513573486
Q1454728	6000000016740470448
Q145480	6000000038854171354
Q14549266	6000000025286132682
Q14550101	6000000058980844853
Q1455114	6000000033608820641
Q145514	6000000016775602837
Q1455221	6000000139033365822
Q14552328	6000000010026990103
Q1455252	6000000013726145646
Q14552524	6000000027608521963
Q14552572	6000000019805177816
Q1455430	6000000000421158435
Q14554887	6000000071371557439
Q14554945	6000000050931739847
Q14554946	6000000010733073894
Q1455503	6000000020490533576
Q14555031	6000000009711429898
Q1455548	6000000008832104992
Q1455571	6000000002824837447
Q1455693	6000000106159874302
Q14558264	6000000006704094300
Q14558299	6000000007377863206
Q14558426	6000000006127307097
Q14558438	6000000008009236371
Q1455851	6000000056386354971
Q1455859	6000000079521592835
Q14559709	6000000021974649421
Q14559751	6000000023025941097
Q1456019	6000000013515230048
Q145609	4033453667340030515
Q1456134	6000000000639223311
Q1456232	6000000022736548230
Q145627	6000000075810079244
Q1456342	6000000014977594415
Q1456366	6000000116822925837
Q14564130	6000000048251259967
Q1456509	6000000042473735947
Q14565153	6000000003423430259
Q14565179	6000000002970069046
Q14565534	6000000177250206830
Q14565727	6000000012462017109
Q14566152	6000000002287340106
Q14566160	6000000020303721835
Q14566175	4400487837420051279
Q14566177	4401106427060071176
Q14566686	6000000025358626311
Q14566691	6000000007280934739
Q14566696	6000000078572330487
Q14566698	6000000017606827225
Q14566699	6000000169348466940
Q1456676	6000000017926608086
Q14566952	6000000045716314009
Q1456739	4190373630060030668
Q1456742	6000000047121644645
Q14567487	6000000009628170970
Q14567489	6000000027777921725
Q14567491	6000000040802198960
Q14567492	6000000007418170768
Q1456775	6000000163375820830
Q14567754	6000000015019951398
Q1456791	6000000053483280990
Q1456971	6000000007754125016
Q1457037	6000000006727746002
Q1457039	6000000061843091989
Q1457046	6000000022352683613
Q1457060	6000000015908007826
Q1457066	6000000015153450796
Q14571300	6000000012412055232
Q14573089	6000000022743212614
Q14573316	6000000173208862972
Q14574435	6000000006348486638
Q14574446	6000000076226500972
Q145746	6000000001045914430
Q14574898	6000000027364350850
Q14575174	6000000007593997884
Q14575222	6000000009877592143
Q14575225	6000000011301400098
Q14575506	6000000064926394952
Q1457613	6000000084527110213
Q1457701	6000000151470602940
Q1457722	6000000054767446934
Q1457743	6000000017219203250
Q1457759	6000000042060369248
Q1457772	6000000147269375963
Q1457785	6000000025943685387
Q1457834	4966586364610069359
Q1457898	6000000065146050822
Q1457984	6000000013546931998
Q1457992	6000000113530257949
Q1458016	6000000025296626311
Q1458019	6000000013332374395
Q1458065	6000000025098142949
Q1458072	6000000020486428268
Q1458091	6000000016314702930
Q1458110	6000000039674941865
Q1458132	6000000036825940996
Q1458152	6000000006623261001
Q1458162	6000000019045480193
Q1458178	6000000080659686958
Q1458215	6000000001713399703
Q1458218	6000000022465191993
Q1458228	6000000084500615821
Q145823	6000000009159435681
Q1458231	6000000026778680823
Q1458240	6000000024050088196
Q1458243	6000000023895911245
Q1458256	6000000184677224845
Q1458260	6000000013309194931
Q1458262	6000000103707072864
Q1458267	6000000084724294172
Q1458270	6000000046931289107
Q1458271	6000000041643395436
Q1458279	6000000026916456382
Q1458284	6000000022629069138
Q1458286	6000000006727741961
Q1458288	6000000107421230833
Q1458289	6000000013060233545
Q145829	6000000004594029998
Q1458299	6000000042272452361
Q1458313	6000000037722850183
Q1458345	6000000012418452785
Q1458384	6000000167838925166
Q1458392	6000000014582954457
Q1458395	6000000045998587839
Q1458413	6000000002764431751
Q1458432	6000000067954175856
Q14584321	6000000076216177988
Q14584331	6000000064938065877
Q1458434	6000000019572960933
Q1458469	6000000027231679716
Q1458487	6000000041517318984
Q1458546	6000000174302093821
Q1458563	6000000058717674154
Q14585645	6000000173705341034
Q14585646	6000000181272568826
Q14585985	6000000020088911352
Q14585993	6000000000975878197
Q1458635	6000000059618997867
Q1458643	6000000037633528952
Q1458665	6000000012941112390
Q1458670	6000000035898444135
Q1458672	6000000025468206084
Q1458681	6000000014704313377
Q1458696	6000000020744502229
Q1458704	3700780
Q1458715	6000000124319804963
Q1458734	6000000016898668773
Q1458748	6000000024771865833
Q14587613	6000000145536485824
Q1458772	6000000026846067418
Q1458780	6000000068909007874
Q1458791	6000000064677875910
Q1458825	6000000000006862535
Q1458901	317144265350008380
Q1458902	6000000180127958887
Q1458965	6000000011001169360
Q14589673	6000000032539254439
Q14589676	6000000032539341357
Q1458971	6000000002631128010
Q1458977	6000000022196657937
Q1458990	6000000057135443855
Q14589955	6000000073433084906
Q1459018	6000000128707744863
Q14590241	6000000019021931759
Q1459035	6000000019028076072
Q1459036	6000000001006563159
Q1459043	6000000178553999915
Q14590573	6000000013951368538
Q1459073	6000000178555875822
Q1459074	6000000072410569821
Q1459082	6000000053630918842
Q14590936	6000000033855950908
Q14590940	6000000012287818992
Q14591061	6000000033501594212
Q1459126	6000000014335802722
Q1459144	6000000041150136821
Q1459158	6000000019518617060
Q1459204	6000000013394214983
Q14592146	6000000025889488457
Q1459221	6000000031580338939
Q1459226	6000000019238468469
Q1459228	6000000002418759188
Q1459233	6000000034827104505
Q1459239	6000000019657543434
Q14592507	6000000056806008934
Q14592538	6000000084338473553
Q14592539	6000000015435320985
Q14592569	6000000002965534387
Q14592571	6000000016476911148
Q14592670	6000000016476587400
Q1459268	6000000030843682095
Q1459280	6000000034795665433
Q14592891	6000000001053199497
Q1459317	6000000054627386886
Q14593175	6000000073050150001
Q1459330	6000000108147433825
Q1459339	6000000039190689300
Q1459340	6000000076735250228
Q1459345	6000000173135357838
Q14593687	6000000008269070790
Q14593688	6000000011027294685
Q14593757	6000000008349721450
Q1459408	6000000008661042360
Q1459410	6000000124133514837
Q14594640	6000000069819987935
Q14594645	6000000015276757372
Q14594655	6000000047375696858
Q14594659	6000000007351248356
Q14594708	6000000000697997145
Q14594726	6000000000743314255
Q14594727	6000000082456489961
Q14594757	6000000013416148729
Q14594759	6000000036677820115
Q14594763	6000000022037653170
Q14594771	6000000016899992896
Q14594772	6000000000414625026
Q1459487	6000000113876311198
Q145952	6000000000653677604
Q1459521	6000000041539702908
Q1459575	6000000025274144404
Q1459608	6000000025411633963
Q1459614	6000000002263508151
Q1459623	6000000031774313867
Q1459647	6000000032107433189
Q1459670	6000000138923001034
Q1459671	6000000076678129892
Q1459687	6000000041514743286
Q1459695	6000000003340395324
Q1459705	6000000027315870248
Q1459713	6000000021489300437
Q1459715	6000000124868523061
Q1459716	331691861360011369
Q1459723	6000000022848387476
Q1459727	6000000178649541836
Q1459733	6000000182028728860
Q1459831	6000000176675402826
Q1459839	6000000097506712999
Q1459904	6000000010339342356
Q1459918	6000000031053013079
Q1459985	6000000076265913054
Q1460070	6000000023922516437
Q1460074	6000000027469694683
Q1460084	6000000183955112840
Q1460129	6000000024347544124
Q1460144	6000000012618922292
Q1460183	6000000007774265380
Q1460223	6000000069442420895
Q14602242	6000000063133277025
Q1460240	6000000021251765122
Q1460242	6000000024513664128
Q1460254	6000000023773943585
Q1460279	6000000025999856148
Q1460288	6000000003064576812
Q1460290	6000000006788708056
Q1460305	6000000029997510542
Q1460381	6000000088134505062
Q1460417	6000000101850649950
Q1460466	6000000136047991073
Q1460468	6000000030884624476
Q1460491	6000000024179502896
Q1460506	6000000009448160863
Q1460588	6000000088743201227
Q1460592	6000000109077980854
Q1460601	6000000062025921042
Q1460680	6000000084083070821
Q1460691	6000000019720986145
Q1460735	6000000004291310932
Q1460737	6000000180724424855
Q1460745	6000000058861015930
Q1460754	6000000019923128743
Q1460771	6000000173320456006
Q1460853	6000000034842020114
Q14608553	3641571
Q1460869	6000000023466656122
Q1460879	6000000018569802294
Q1460886	6000000178653005828
Q1460887	6000000023921038894
Q1460908	6000000041743483899
Q1460914	6000000013987924280
Q1460916	6000000041539481837
Q1460925	6000000019931468732
Q1460928	6000000081431449185
Q1460940	6000000020613845285
Q1460993	6000000179252122904
Q1460999	6000000151463325829
Q1461004	6000000013530250333
Q1461011	6000000102891324881
Q1461022	6000000025752261125
Q1461025	6000000077125087512
Q14610253	6000000075345642860
Q1461031	6000000151463156890
Q1461036	6000000019297325942
Q1461072	6000000051428306883
Q1461077	6000000054749561885
Q1461079	6000000016379184284
Q1461109	6000000063584782879
Q1461134	6000000008473694062
Q1461183	6000000009959643055
Q1461191	6000000119744861843
Q1461195	6000000007372529235
Q1461205	6000000074910279023
Q1461207	6000000030998400840
Q14612412	6000000103902788950
Q1461248	6000000024208979876
Q14612651	6000000152474853861
Q1461317	6000000105002865926
Q14613355	6000000178764972941
Q1461364	6000000047123375095
Q1461378	6000000073965722854
Q14613815	6000000180574415944
Q14613914	6000000145437781822
Q14614760	6000000035021120441
Q1461479	6000000125038722844
Q1461514	6000000023937616882
Q1461515	6000000019032828714
Q1461517	6000000014744279098
Q1461524	6000000017277622328
Q1461546	6000000124501816859
Q1461550	6000000021516624803
Q1461554	6000000175568759917
Q1461574	6000000138215668821
Q1461619	6000000107690730140
Q1461646	6000000071445589870
Q1461684	6000000011299129991
Q1461692	6000000067942511885
Q1461696	6000000010163641235
Q1461714	6000000020758740486
Q1461716	6000000016371302674
Q1461732	343733000230002200
Q1461739	6000000019667722100
Q1461743	6000000182887537862
Q14617486	6000000020351504681
Q1461771	6000000024004437381
Q1461788	6000000000719856644
Q1461800	6000000026049798643
Q1461801	6000000040586889371
Q1461809	6000000040586670583
Q14618472	6000000014568963381
Q1461857	6000000175879371847
Q1461884	6000000164249458829
Q1461919	6000000038265224064
Q1461926	6000000009385127942
Q1461927	6000000178252345850
Q1461932	6000000100780306879
Q1461942	6000000028353709330
Q1461955	6000000178605766822
Q14620281	6000000016024630083
Q1462040	6000000044456150896
Q14620819	6000000006329955400
Q1462089	6000000084027571910
Q1462094	6000000002004003001
Q1462127	6000000008224083649
Q1462138	6000000020705245365
Q1462140	6000000019810079506
Q1462157	6000000083042618662
Q14622338	6000000012047052727
Q14622467	6000000077731190948
Q14622473	6000000007394063661
Q1462269	6000000182526439822
Q1462275	6000000184310505822
Q14623198	6000000024773669848
Q1462322	6000000012297744476
Q1462325	6000000002365057144
Q14623348	6000000032873605528
Q1462336	6000000002802227958
Q14623385	6000000036729988857
Q14623389	6000000110442565877
Q14623440	6000000022890214661
Q14623456	6000000180409006903
Q14623494	6000000077100799792
Q14623563	6000000017036058845
Q14623603	6000000044077980833
Q14623604	6000000131539241866
Q14623606	6000000175913889989
Q14623608	6000000012637004723
Q14623609	6000000009929139973
Q14623611	6000000012644844459
Q14623614	6000000014355247036
Q14623617	6000000028651477841
Q14623621	6000000020952308689
Q14623622	6000000017121004021
Q14623623	6000000012709974317
Q14623625	6000000098860575821
Q14623626	6000000046472898056
Q14623629	6000000012731532054
Q14623637	6000000025096133659
Q14623638	6000000000494697158
Q14623649	6000000012998241265
Q14623651	6000000012792564739
Q14623652	6000000013382979138
Q14623655	5316135825580062097
Q14623656	6000000012934634730
Q14623658	6000000020340306655
Q14623660	6000000013007109327
Q1462367	6000000103913691828
Q1462375	6000000211030197825
Q1462380	6000000023474863147
Q14623822	6000000020253630849
Q1462384	6000000018394139195
Q1462424	6000000025293086336
Q1462444	6000000100801754898
Q14624931	6000000011535899565
Q14624955	6000000012838862879
Q14624956	6000000007689406718
Q14625009	6000000004221152833
Q1462513	6000000021001093656
Q1462546	6000000020154083665
Q14625496	6000000012952875703
Q14625538	6000000012968591788
Q1462566	6000000077101295851
Q1462599	6000000005563098492
Q1462646	6000000004095866272
Q1462648	6000000052956657366
Q1462659	6000000173835250058
Q1462664	6000000017626313185
Q14626850	6000000176891898822
Q1462698	6000000179805421837
Q1462703	6000000172715489837
Q1462719	6000000129100210866
Q14627299	6000000077628329214
Q1462739	6000000014448412071
Q1462756	6000000016252966306
Q1462789	6000000039982788942
Q1462805	6000000133693994833
Q1462840	6000000005599183297
Q1462841	6000000010119335599
Q14628916	6000000033526297894
Q1462898	6000000076672588766
Q1462916	6000000037693023859
Q1462917	6000000027293862867
Q1462929	6000000019614019273
Q14629362	6000000008320495144
Q14629363	6000000012516130011
Q14629364	6000000015239433435
Q14629365	6000000006341160044
Q14629450	6000000017411512324
Q14629453	6000000147465341865
Q14629456	6000000019112682372
Q14629571	6000000020200423088
Q1462970	6000000104696849982
Q14629730	6000000006726296446
Q14629730	6000000039492699364
Q1462983	6000000186004963368
Q1462986	6000000186004963457
Q1462993	6000000022669922943
Q1463	6000000002947209371
Q1463055	6000000025015701249
Q1463090	6000000078391494679
Q1463091	6000000087172339895
Q1463094	6000000026177582931
Q1463097	6000000026179955635
Q1463101	6000000024332232731
Q1463162	6000000025607721054
Q1463171	6000000086715583179
Q1463212	6000000011942191245
Q1463220	6000000175657291825
Q14632214	6000000031453879992
Q1463223	6000000031917016965
Q14632338	6000000014198069183
Q14632482	6000000180861646822
Q1463261	6000000033113125124
Q1463277	6000000014464204631
Q1463282	6000000012736115630
Q14632930	6000000030141621332
Q14632933	6000000180928423850
Q14632951	6000000018006031597
Q1463298	6000000042134590589
Q1463308	6000000020787653436
Q1463309	6000000175546437826
Q14633124	6000000005230970480
Q1463318	6000000027192843469
Q1463323	6000000000452115765
Q1463339	6000000018647379583
Q1463350	6000000071021506223
Q1463358	6000000028712277830
Q14633581	6000000150860364838
Q1463364	6000000015249236488
Q14633657	6000000166205881051
Q1463366	6000000180750142839
Q1463368	6000000039977722221
Q14633768	6000000011130400467
Q14633979	6000000008732511241
Q1463429	6000000177690921846
Q14634498	6000000070270027003
Q1463456	6000000170826665880
Q1463486	6000000037176490407
Q1463494	6000000046128397099
Q14635357	6000000014698303602
Q1463548	6000000001504293037
Q1463558	6000000009263225926
Q1463561	6000000005598770996
Q1463570	6000000123116660821
Q1463573	6000000003032068050
Q1463577	6000000024957767277
Q1463578	6000000024945795918
Q1463585	6000000180460422846
Q1463598	6000000002188416158
Q1463604	6000000085732349918
Q1463608	6000000072603464821
Q1463618	6000000002188466991
Q1463626	6000000149611793842
Q1463629	6000000040277591895
Q14636332	6000000165982506829
Q1463653	6000000013524053697
Q1463655	6000000069509274984
Q1463656	6000000024286493175
Q1463657	6000000123766336829
Q1463660	6000000024132493216
Q1463662	6000000025294223214
Q1463677	6000000083590292008
Q1463678	6000000140124664921
Q1463688	6000000031095853288
Q1463692	6000000022626708167
Q1463698	6000000139463136821
Q1463701	6000000032121549895
Q1463703	6000000109513783835
Q1463706	6000000178588430821
Q1463708	6000000025071325141
Q1463710	6000000013898623313
Q1463718	6000000019294624270
Q1463722	6000000067945674828
Q1463724	6000000002802407629
Q1463725	6000000002764698313
Q1463732	6000000032817895206
Q14637429	6000000140730869832
Q1463746	6000000177760980844
Q1463751	6000000021104481410
Q1463767	6000000047233092984
Q1463785	6000000035988136832
Q1463793	6000000024292047992
Q1463800	6000000140220205056
Q1463829	6000000032934209198
Q1463831	6000000094089882850
Q1463838	6000000098138604141
Q1463847	6000000180763066821
Q1463849	6000000018915016884
Q1463854	6000000019864209795
Q1463873	6000000086294103930
Q1463883	6000000014319440539
Q1463890	6000000031421369104
Q1463897	6000000088400092012
Q1463898	6000000032626548752
Q1463913	6000000019483705001
Q1463914	6000000077319175069
Q1463922	6000000097710165905
Q1463934	6000000147719439995
Q1463940	6000000025942298877
Q1463958	6000000032577694524
Q1463970	6000000001504723487
Q1463974	6000000039525733712
Q1463977	6000000007838703751
Q1463978	6000000090543731122
Q1463993	6000000069114118933
Q1464	6000000003192576971
Q1464002	6000000161368324845
Q1464020	6000000025945343673
Q1464028	6000000088609779920
Q1464032	6000000120605411836
Q1464037	6000000057349318837
Q1464038	6000000110296211821
Q14640411	6000000016691693961
Q14640411	6000000075401558321
Q1464042	6000000015664525147
Q1464051	6000000016329380108
Q1464061	6000000025373858517
Q1464073	6000000029330567679
Q1464083	6000000008469202150
Q1464096	6000000023713442919
Q1464104	2434100
Q1464105	6000000024207766243
Q1464109	6000000174637655967
Q1464112	6000000078330352878
Q1464119	6000000041107177195
Q1464123	6000000020625707584
Q1464126	6000000024102861047
Q1464128	6000000014215388498
Q1464182	6000000011227849901
Q1464229	6000000082428341936
Q14642576	6000000116144974821
Q1464278	6000000017463448961
Q1464282	6000000017463831362
Q1464325	6000000085370870193
Q1464328	6000000010600393138
Q146444	6000000082417620821
Q1464457	6000000008823993107
Q1464468	6000000019483715530
Q1464471	6000000016592370246
Q1464477	6000000006851663905
Q1464484	6000000017034256085
Q14646211	6000000027573890735
Q14646591	6000000006235762107
Q1464665	6000000166546881150
Q14646838	4294411396330054009
Q1464697	6000000047455624941
Q1464798	6000000003784344887
Q14648645	6000000183963720861
Q1464929	6000000030906743086
Q1464937	6000000013032789904
Q1464952	6000000024741302394
Q1465045	6000000012974836335
Q14650503	6000000000128937152
Q1465166	6000000015907870481
Q1465167	4207873585040074218
Q1465254	6000000044261764961
Q1465256	6000000070642722336
Q1465263	6000000041099291499
Q1465291	6000000015081577417
Q1465296	6000000039551246847
Q1465297	6000000009639520848
Q1465312	6000000169576907949
Q1465348	6000000009300977207
Q1465360	6000000020363654726
Q1465434	6000000035655214897
Q14654416	6000000004668205427
Q1465450	6000000030121004992
Q1465504	6000000001085240654
Q1465536	6000000177871502831
Q1465573	6000000104527249987
Q1465595	6000000162662189884
Q1465614	6000000056020342021
Q1465656	6000000179704886863
Q14656687	6000000002306727662
Q1465679	6000000013374996489
Q1465687	6000000061252526095
Q1465742	6000000000030447881
Q1465747	6000000034951760888
Q1465751	4697485
Q14657881	6000000103677605827
Q1465830	6000000030989571729
Q1465855	6000000002802245635
Q1465858	6000000015435693574
Q1465910	6000000077833923313
Q14659200	6000000013515392203
Q1465934	6000000075400615933
Q1465955	6000000092937678846
Q1465983	6000000009938844527
Q1465995	6000000103911857862
Q14660121	6000000030666255138
Q1466043	6000000112433297822
Q1466120	6000000088010531070
Q1466129	6000000123434980470
Q1466158	6000000030874311406
Q1466264	6000000060813967995
Q14663696	6000000024393371567
Q1466372	6000000163751488850
Q1466397	6000000157546955821
Q1466455	6000000173787488373
Q1466459	5216932605780089899
Q1466466	6000000001088764378
Q1466493	6000000008796943556
Q1466496	6000000113806114822
Q1466540	6000000008852686830
Q1466562	6000000010160864682
Q1466600	6000000016222733499
Q1466602	6000000179627780844
Q1466607	6000000179628602822
Q1466611	6000000024582867903
Q1466630	6000000002955241454
Q14666387	4250136545300049714
Q1466640	6000000075923705841
Q1466650	6000000023839325998
Q1466694	6000000173860398435
Q1466703	6000000190245917858
Q1466721	6000000191126715824
Q1466724	6000000041610353903
Q1466783	6000000106689147847
Q1466850	6000000007014376755
Q1466852	6000000068728945976
Q1466880	6000000011469292853
Q1466886	6000000065034795907
Q1466895	6000000056043413893
Q1466899	6000000058635986144
Q1466908	6000000069896953097
Q146691	6000000022478924381
Q1466912	6000000136772121846
Q1466915	6000000015152562319
Q1466929	6000000180529789857
Q1466954	6000000052311035217
Q1466989	6000000083677768852
Q1467055	6000000025438447216
Q1467135	6000000141004743927
Q1467224	6000000037518764547
Q1467228	6000000042157425449
Q1467233	6000000015165978358
Q1467238	6000000007225147758
Q146724	6000000008881281740
Q1467268	6000000018352058799
Q1467271	6000000017884292416
Q1467305	6000000021659315322
Q1467306	6000000013792002995
Q1467312	6000000003438021404
Q1467322	6000000007348250906
Q1467323	6000000010372779351
Q1467325	6000000027329826959
Q1467329	6000000016426872799
Q1467332	6000000016481962090
Q1467334	6000000016241091866
Q1467337	6000000062453341901
Q1467343	6000000013716330151
Q1467366	6000000020205103198
Q1467466	6000000039191762405
Q1467468	6000000083951453823
Q1467474	6000000002802416198
Q1467504	6000000018409205508
Q1467529	6000000054556544897
Q1467537	6000000079829549145
Q1467552	6000000104968037821
Q1467558	6000000038080792919
Q1467569	6000000036861207398
Q1467601	6000000037007182503
Q146763	6000000019240536174
Q1467630	6000000170410471824
Q1467634	6000000170409069052
Q1467636	6000000062347094987
Q1467641	6000000007276867710
Q1467735	6000000172874920959
Q14678	6000000012095457143
Q1467877	6000000036336859453
Q1467908	6000000056949919004
Q1467909	6000000084327028882
Q1467923	6000000013163561108
Q1467952	6000000087727689076
Q1467980	6000000003145017223
Q14680338	6000000176238825620
Q1468050	6000000091684650838
Q1468074	6000000023813468098
Q1468083	6000000079001219252
Q1468085	6000000013308942198
Q1468093	6000000025154491515
Q1468109	6000000081186446030
Q1468115	6000000062589333847
Q1468118	6000000092549778641
Q146812	6000000019872881707
Q1468121	6000000092552377931
Q1468152	6000000158590946821
Q1468156	6000000022986070021
Q14682165	6000000002587665595
Q1468244	6000000026444337338
Q1468303	6000000082823938925
Q1468371	6000000082466402914
Q1468435	6000000027214819396
Q1468456	6000000012516232101
Q1468469	6000000133723899633
Q1468476	6000000002765097321
Q1468510	6000000011868266894
Q1468554	6000000011467332414
Q1468888	6000000026587862484
Q146906	6000000000544838344
Q1469090	6000000181324777835
Q1469111	6000000015703195623
Q1469124	6000000043904292829
Q1469126	6000000027234237756
Q1469164	6000000031177250965
Q1469166	6000000011713451581
Q1469168	6000000012163289823
Q1469235	6000000075557181232
Q1469249	6000000146025782998
Q1469287	6000000015041081381
Q1469358	6000000007532648665
Q1469413	6000000024911872887
Q146948	6000000019722618212
Q1469483	6000000020095540048
Q1469544	6000000037840844241
Q1469672	6000000024795778636
Q1469764	6000000168494357436
Q1469787	6000000016287747027
Q14698727	6000000123021072930
Q1470	6000000014220021568
Q1470038	6000000056176430195
Q1470072	6000000010331158283
Q1470208	6000000006850254187
Q14702636	6000000114059382955
Q1470280	6000000045475508854
Q14703	6000000040399080626
Q1470341	6000000030121068785
Q1470487	6000000144044108867
Q14704968	6000000181908471861
Q14705019	6000000057960245928
Q14705369	6000000092830985850
Q14705683	6000000212342131821
Q14705742	6000000048768049870
Q1470575	6000000049820165891
Q14705755	6000000142199821834
Q14706	6000000087705886909
Q1470613	6000000010742588730
Q1470679	6000000015119090276
Q1470721	6000000002167320606
Q147077	6000000031123319260
Q1470885	6000000019469501341
Q1471076	6000000014212389678
Q1471086	6000000012016131343
Q14710946	6000000041923745370
Q14711384	6000000035677005789
Q14711622	6000000006964270496
Q14711657	6000000004018554175
Q14711662	6000000001383804866
Q14711761	6000000009297449706
Q14711845	2568423
Q14711859	6000000005054185368
Q14711874	3377850
Q1471201	6000000015365453640
Q14712487	6000000186204538986
Q1471413	6000000027739716283
Q1471491	6000000015407919351
Q1471558	6000000196417469828
Q14716057	6000000020600718290
Q1471619	6000000018048717246
Q14716549	6000000012472737079
Q1471750	6000000012197970918
Q1471783	6000000065178776848
Q14718	6000000022557879407
Q1471826	6000000069924794821
Q1471865	6000000008530210047
Q14718981	6000000016168848709
Q14719728	6000000023589216052
Q1472006	6000000002982843414
Q1472024	6000000127873236968
Q1472133	6000000160285975821
Q14721517	6000000059177298485
Q14722	6000000180530950825
Q147220	6000000075503749879
Q1472340	6000000130459381158
Q14723898	6000000027641619702
Q14724120	6000000003328385179
Q14725165	6000000026517943439
Q1472733	6000000008926180845
Q1472757	6000000182490102855
Q1472804	6000000067294396821
Q1472824	6000000072601263867
Q14729	6000000149526862821
Q1472983	6000000025400241260
Q1473162	6000000031306008419
Q1473169	6000000026552016409
Q1473194	6000000105910090929
Q1473196	6000000183263408857
Q1473453	6000000174756895834
Q1473713	6000000082846582885
Q1473880	6000000145758481213
Q1473897	6000000017587648512
Q1473923	6000000004335607075
Q1474137	6000000021458316263
Q1474328	6000000020388450431
Q1474336	6000000052521226239
Q1474523	6000000056613634826
Q1474570	6000000210075438831
Q1474675	6000000059062315879
Q1474678	6000000083689880149
Q14747	6000000003418637041
Q14747316	6000000030833402151
Q1474897	6000000182527276831
Q1474905	6000000002188445448
Q1474961	6000000000892683986
Q1475074	6000000015232389415
Q1475139	6000000022406991892
Q14752155	6000000071105933947
Q14752334	6000000107568631852
Q1475239	6000000022524824049
Q1475337	6000000035483351121
Q14753470	6000000012526576205
Q14753506	6000000012548754466
Q14753579	6000000012548849425
Q14753598	6000000012548909261
Q1475481	6000000071740304206
Q14754892	6000000014817362346
Q14754904	6000000011265421519
Q14754929	6000000049821700899
Q14755515	6000000112374679858
Q14757787	6000000009036008302
Q14757788	6000000007362793896
Q1475826	6000000024903760199
Q1475876	6000000015952327639
Q1476035	6000000027897688229
Q147608	6000000008439163741
Q1476123	6000000047499719838
Q14763365	3191024
Q14763378	4148553
Q147636	6000000143909975873
Q147663	6000000003085217960
Q147676	6000000050475981078
Q1476834	6000000023484684877
Q1476956	6000000181222888831
Q14769737	6000000041711998461
Q1477174	6000000002188429168
Q14772678	6000000015332556116
Q1477320	6000000000559752462
Q1477429	6000000023907696608
Q14774351	6000000017962634679
Q14775129	6000000011411594674
Q14775182	6000000167381710085
Q1477552	6000000019011480250
Q14776247	6000000024824698258
Q1477716	6000000071226089227
Q1477748	6000000015159407091
Q1477751	6000000010572658393
Q14777672	6000000015512256113
Q1477784	6000000138575574545
Q1477929	6000000080862216446
Q147810	6000000004208722360
Q1478181	6000000058309764361
Q1478198	6000000122760535830
Q1478312	6000000017913553249
Q1478372	6000000002765673059
Q1478388	6000000024430476693
Q1478431	6000000076675452855
Q14785676	6000000182748818844
Q1478648	6000000011593528607
Q1478722	6000000016538272287
Q1478828	6000000015380451866
Q14789401	6000000163448282859
Q14789411	6000000163749799964
Q14789417	6000000163750239889
Q14789708	6000000064130377855
Q14789747	6000000177885714893
Q14789819	6000000184606046873
Q14789915	6000000081132012036
Q14790929	6000000044374647821
Q14790934	6000000017127095460
Q1479154	6000000059039770017
Q1479296	6000000009282467019
Q1479311	6000000022336479017
Q1479336	6000000051053654976
Q1479362	6000000055192049044
Q1479410	6000000034956716134
Q1479431	6000000040572060711
Q1479844	6000000010726513172
Q147989	5176339130050107639
Q1479957	6000000015337067689
Q1480	6000000003251628867
Q1480173	6000000011473410506
Q14802483	6000000025620100713
Q1480364	6000000012504892481
Q14805954	6000000055293906443
Q14806035	6000000120156288821
Q14806082	6000000126472885825
Q14806084	6000000007014390282
Q14806231	6000000169825989880
Q14806260	5715366161980122451
Q14806281	6000000077909947308
Q14806399	6000000009624835463
Q14806417	6000000057179795878
Q148065	2886695
Q14806835	6000000163758442535
Q14807038	6000000004297235561
Q148075	6000000007453961680
Q1481034	6000000018477756898
Q148109	6000000018187468392
Q1481132	6000000020720028595
Q1481364	6000000095438614944
Q1481546	6000000039860894243
Q14815701	6000000007062598144
Q14815702	6000000002765714037
Q14816289	6000000002765714069
Q1481673	6000000027002750142
Q14818135	6000000053801368060
Q1481909	6000000080337592092
Q1481942	6000000037032647922
Q14821790	6000000061857468834
Q14823177	6000000023645393003
Q148234	6000000004118887836
Q14824538	6000000019757242819
Q14825556	6000000174411783463
Q1482617	6000000103915486611
Q1482862	6000000016793242385
Q14828703	6000000019210462044
Q1482876	6000000068149197857
Q1483084	6000000029773647646
Q1483104	6000000092323123856
Q1483338	6000000017875311246
Q14834039	6000000178448978846
Q1483568	6000000001820036558
Q1483678	6000000015643866529
Q14837	6000000010504566386
Q1484095	6000000007600266315
Q1484151	6000000028355354464
Q1484226	6000000010714656909
Q1484286	6000000032959847933
Q1484356	6000000011972771281
Q1484376	6000000000783559333
Q1484514	6000000002225773558
Q1484540	6000000017088667192
Q14846405	6000000014034252852
Q148475	6000000056866467103
Q14847940	6000000030502508950
Q1484829	6000000043082940140
Q14849242	6000000078484119148
Q14851338	6000000215286240834
Q14851827	6000000217708300944
Q14851855	6000000056538087866
Q14851856	6000000021945570930
Q14851914	6000000006444777802
Q1485195	6000000009647575758
Q1485298	6000000024512541263
Q1485344	6000000012943363778
Q14854105	6000000037362927821
Q14854118	6000000054409118113
Q1485451	6000000078080732047
Q1485592	6000000038239111013
Q14856637	6000000134987946873
Q14856987	6000000013482224453
Q1485701	6000000174806148965
Q1485765	6000000018094248265
Q1485817	6000000039208779851
Q14858650	6000000055330481105
Q14858651	6000000055331817894
Q14859022	6000000172421560894
Q1485915	6000000038123707692
Q1485922	6000000077251429823
Q1485947	6000000001341852025
Q1485991	6000000174731939890
Q1486004	6000000034433879622
Q1486044	6000000024196735848
Q14861091	6000000170691643496
Q14861532	6000000019301044768
Q14861533	6000000010503081870
Q1486154	6000000171751384158
Q1486181	6000000005909704484
Q1486209	6000000022886511087
Q14864324	6000000002898053411
Q1486453	6000000079271429125
Q1486457	6000000024475185330
Q14864677	6000000067078179913
Q1486508	6000000009958316235
Q1486612	6000000036355958011
Q148669	6000000017218000169
Q14867085	6000000001390440273
Q1486734	6000000046709508112
Q1486836	6000000003352447014
Q1486899	6000000066501862849
Q1486920	6000000081284338310
Q1486983	6000000184879571824
Q1486997	6000000157667736846
Q1487141	6000000008574686958
Q1487159	6000000004108776211
Q1487231	6000000016497143476
Q148732	320783923280006354
Q1487374	6000000157310331821
Q1487427	6000000125890943306
Q1487508	6000000032126155946
Q1487703	6000000083171942730
Q1487990	6000000035961207144
Q1488107	6000000163574774844
Q1488344	6000000184322506822
Q1488568	6000000155791797838
Q1488575	6000000082099272821
Q1488598	6000000037778895068
Q1488731	6000000026092097419
Q1488763	6000000036068552218
Q148878	6000000013471854111
Q148886	6000000034213779702
Q1488909	6000000008779611920
Q1488918	6000000000439855400
Q1489012	6000000007227285034
Q1489089	6000000013667965138
Q1489155	6000000023311983128
Q1489218	6000000056442664918
Q1489351	6000000078403745305
Q1489366	6000000001691976079
Q1489605	6000000030732660494
Q1489655	6000000014589168630
Q1489670	6000000154328922955
Q1489682	6000000015595281988
Q1489692	6000000027810373022
Q1489745	6000000004086391441
Q1489759	6000000036536485106
Q1489776	6000000026227696099
Q1489804	6000000052617336860
Q1490187	6000000170018875821
Q14903110	6000000007453814395
Q1490327	6000000021593618831
Q1490341	6000000001843012282
Q1490386	4853238105030087487
Q1490388	6000000014128982234
Q14905351	6000000016936584735
Q1490588	6000000012677030662
Q1490603	6000000032074525295
Q149062	6000000001956106720
Q1490644	6000000018192143361
Q149067	6000000077489692515
Q1490713	6000000053820245857
Q1490824	6000000048881800989
Q1490873	6000000182508293864
Q1490879	6000000005598776095
Q1490936	6000000024681192117
Q1490982	6000000014656639022
Q1491004	6000000038075471255
Q1491011	6000000150786796850
Q1491020	6000000077161359184
Q1491158	6000000123827790821
Q14912058	6000000163072450822
Q14912389	6000000095487203176
Q14912508	6000000159299981821
Q14912548	6000000061820041871
Q14912555	6000000016237224536
Q149127	6000000016112693571
Q14912721	6000000071773989068
Q14912943	6000000030507516913
Q1491351	6000000004868555939
Q14914898	6000000096195441936
Q14914979	6000000001411523327
Q14915279	6000000017626609721
Q14915522	6000000021259928469
Q14915583	6000000143184461168
Q14915645	6000000114610829193
Q14915998	6000000083435360005
Q14916048	6000000009680137944
Q1491634	6000000018985937353
Q14916367	4973359732780125895
Q14916626	6000000167975527845
Q14916816	6000000134677696833
Q14916831	6000000030400071161
Q14916968	6000000003622456082
Q14917061	6000000014947175796
Q14917145	6000000023907900773
Q14917205	6000000074955911821
Q14917223	6000000149945463853
Q14917375	6000000174435354881
Q14917404	6000000008114295256
Q14917468	6000000026181016884
Q14917587	6000000011893675528
Q14917756	6000000040814712840
Q14917862	6000000193901268825
Q14917922	6000000040103683874
Q14918079	6000000153440840821
Q14918080	6000000085600156847
Q14918127	6000000021450114435
Q14918195	6000000209200598846
Q14918253	6000000052535176889
Q14918429	6000000078447060912
Q1491847	6000000179222009890
Q14918495	6000000173291866948
Q14918515	6000000015563981126
Q14918576	6000000022858729814
Q14918610	6000000041749247930
Q14918712	6000000140185366864
Q149192	6000000008467548795
Q14920442	6000000078202428942
Q14920471	6000000022187365509
Q14920499	6000000007321342395
Q14920593	6000000026109393507
Q149210	6000000024088036096
Q14921951	6000000074734034079
Q1492338	6000000225586958855
Q14923561	6000000055504942892
Q14923841	6000000015464869451
Q14923852	6000000008211033219
Q1492403	6000000025503244200
Q14924487	6000000077513858957
Q14924803	6000000027434701532
Q14924804	6000000049740313821
Q14925748	6000000156495897834
Q1492669	6000000026441306678
Q14926800	6000000032175725118
Q1492731	6000000029009453392
Q1492732	6000000044102495244
Q1492758	6000000015182203161
Q1492856	6000000031423242927
Q14929346	6000000166798782834
Q1493001	6000000013524257106
Q1493065	6000000056385006065
Q1493106	6000000026762252520
Q1493114	6000000022175183570
Q1493160	6000000027380945551
Q1493163	326498872310004957
Q14931643	6000000092560499326
Q14931676	6000000133684470871
Q14932468	6000000151932317895
Q14932880	6000000145530310830
Q14932985	6000000022875602052
Q1493341	6000000038777740035
Q1493426	6000000016027253827
Q14934545	6000000018087925699
Q14935083	6000000005060146608
Q1493550	6000000026045461870
Q1493571	6000000000658129164
Q1493601	6000000080141925863
Q1493614	6000000050348803020
Q149363	5711516327860120035
Q14936444	5542288306940079506
Q14936497	6000000038235925712
Q1493885	6000000023809933411
Q149389	6000000006569103001
Q1493951	6000000023883358310
Q14940665	6000000184434938845
Q1494134	6000000016370965415
Q1494140	6000000176630979904
Q14941859	6000000017837234040
Q14941943	6000000007846762088
Q14942029	6000000017837202086
Q14942030	6000000022041038892
Q14942255	6000000024169673588
Q14942558	6000000086359894160
Q14942826	6000000006444665951
Q14942998	6000000201348689822
Q14943445	6000000002188412995
Q1494364	6000000030089533829
Q14943852	6000000011114983486
Q14943968	6000000010211645783
Q1494406	6000000127186057875
Q1494443	6000000019569383043
Q1494468	4922283295870102595
Q14945396	6000000000352453236
Q14945400	6000000004868229583
Q14945402	6000000031893728143
Q14945407	6000000026046674150
Q14945408	6000000013385200456
Q14945410	6000000011852096911
Q14945412	6000000005599105394
Q14945417	6000000011205198243
Q14945425	6000000026377801891
Q14945431	6000000005598962172
Q14945435	6000000021836290318
Q14945446	6000000125992945953
Q14945452	6000000012686698433
Q14945456	6000000046702007124
Q14945458	6000000038939678954
Q14945464	6000000083365851821
Q14945465	6000000009731139650
Q14945467	6000000024748496139
Q14945469	6000000002831290335
Q14945470	6000000098032501862
Q14945475	6000000056452406985
Q14945477	6000000011318131062
Q14945481	6000000016921081875
Q14945486	6000000000076298051
Q14945501	6000000026240476706
Q14945507	6000000008710380187
Q14945514	6000000020587517863
Q14945517	6000000078671803245
Q14945525	6000000002907032444
Q14945527	6000000005070574792
Q14945542	6000000012844148560
Q14945556	6000000045533405881
Q14945567	6000000010318194328
Q14945601	347989461430012682
Q14945607	6000000017986228059
Q14945621	6000000014764122264
Q14945623	6000000001715478974
Q14945669	6000000011481278175
Q14945699	6000000026093506415
Q14945712	6000000020930213727
Q14945751	6000000027561120235
Q14945753	6000000017107520869
Q14946627	6000000008640707067
Q14946758	6000000036409695850
Q14946810	6000000032134720821
Q14946819	6000000011932192951
Q14946823	6000000012195277208
Q14946825	6000000035819369791
Q14946844	6000000173517148175
Q14946870	6000000000632339625
Q14946877	6000000063737864834
Q14946890	6000000010447169575
Q14946898	5553674237150070153
Q14946919	6000000015348803892
Q14946958	6000000028272241075
Q14946961	6000000011624353928
Q1494756	6000000037154189346
Q14947639	6000000000459202298
Q1494826	6000000026078089093
Q1494832	6000000011533217567
Q1494843	6000000051798342539
Q1494847	6000000142192346911
Q1494852	6000000179295276845
Q14948546	6000000017138980952
Q14948662	6000000147461463909
Q14948685	5683215736640121027
Q14948686	6000000004229696850
Q14948705	6000000034478273831
Q14948762	3952355781310021205
Q14948778	6000000024374969421
Q14948782	6000000015842795167
Q14948833	6000000028066157651
Q14948881	4769190445980120581
Q14948896	6000000042003184963
Q14948905	6000000004172631438
Q14948910	6000000019389441159
Q14948912	6000000012914338398
Q14948939	6000000032438028838
Q14948960	6000000121255158821
Q14948972	6000000001160534911
Q14949032	6000000028786830086
Q14949040	6000000009468189540
Q14949102	6000000010588653220
Q14949114	6000000021567931464
Q1494912	6000000082630902923
Q14949133	6000000009799913466
Q14949148	6000000031541419939
Q1494930	6000000034565401886
Q1494931	6000000032933216415
Q14949310	6000000015213018616
Q14949382	6000000002116181273
Q14949384	6000000010030002751
Q1494939	6000000015251578328
Q14949392	6000000010051159615
Q14949395	6000000021580635201
Q14949397	6000000010977615760
Q14949400	6000000015851214024
Q14949450	6000000063336665821
Q14949472	6000000173681618600
Q1494951	6000000020932045822
Q14949544	6000000033002717594
Q14949547	6000000032087152769
Q14949609	6000000017640614732
Q14949618	6000000059150384959
Q14949622	6000000128961849405
Q14949625	6000000010353343826
Q14949644	6000000182851033828
Q14949648	6000000082948454565
Q14949676	6000000150855495030
Q14949744	6000000002617131417
Q14949745	6000000011340524917
Q14949767	6000000010849237945
Q1494998	6000000065336613831
Q14949982	6000000031055897860
Q14950154	6000000173692653193
Q14950379	6000000015478588657
Q14950420	6000000174528630892
Q14950447	6000000173470802055
Q14950469	6000000180919909888
Q14950655	6000000181855866822
Q14950693	6000000135787982180
Q14950697	6000000041686760303
Q149507	6000000006824210620
Q14950778	6000000004989193017
Q14950857	6000000012773809348
Q14950978	6000000008914441915
Q14951258	6000000003522659157
Q14951395	6000000177718710855
Q14951437	6000000176516391897
Q14951457	6000000056429790821
Q1495167	6000000165985181979
Q1495204	6000000134662744919
Q14952204	6000000024755742667
Q1495250	6000000026108626372
Q1495257	6000000125840174009
Q1495261	6000000030285652857
Q14952717	6000000009375562264
Q14952835	6000000009375472301
Q1495308	6000000181494183829
Q1495310	6000000126095223849
Q14954334	6000000009423792463
Q14954404	6000000017557426235
Q14954604	6000000003869327993
Q14954614	6000000120488634821
Q14954618	6000000020972170603
Q14954631	6000000043485773448
Q14954633	6000000006860056993
Q14954650	6000000000321420991
Q14954651	6000000180114378871
Q14954659	6000000180037806852
Q14954668	6000000032527644909
Q14954669	6000000136018205883
Q14954672	6000000180116529846
Q14954757	6000000018501652633
Q14954771	6000000062307436906
Q14954797	6000000020139191006
Q14954804	6000000173586060070
Q14954810	6000000033235760044
Q14954964	4299523018380067975
Q14955101	6000000140231488152
Q1495609	6000000178645913824
Q14956451	6000000003688249246
Q14956794	6000000070772771349
Q1495688	6000000012420032739
Q149582	6000000011169270459
Q1495841	6000000066970694835
Q1496126	6000000041969863797
Q14962	6000000007463949378
Q1496427	6000000005599062738
Q1496438	6000000029248585205
Q1496463	6000000151133360010
Q1496482	6000000062853362823
Q1496529	6000000063131651856
Q1496585	6000000009908504236
Q1496592	6000000075679429004
Q1496632	6000000017893050408
Q1496889	6000000036589811878
Q1496891	6000000180443217846
Q14969232	6000000002930954541
Q1496925	6000000140158678076
Q1496944	6000000014331002810
Q1496946	6000000019720156122
Q1496951	6000000032591854986
Q14969938	6000000032539906943
Q14970190	6000000015061804972
Q14970921	6000000011471082825
Q1497113	6000000015144098617
Q1497127	6000000022808065174
Q14971467	6000000062012591857
Q14972040	6000000014653621330
Q14972090	6000000071285893176
Q14972144	6000000056702912972
Q1497373	6000000069372897997
Q1497440	6000000033264684628
Q1497472	6000000013414766025
Q1497474	6000000166418210832
Q1497480	6000000083499226570
Q1497570	6000000021824325410
Q1497608	6000000085080923351
Q1497665	6000000000006875650
Q1497696	6000000007273961324
Q1497723	6000000000268794384
Q149798	6000000058451025870
Q1498048	6000000039971135363
Q1498104	6000000163823391934
Q1498123	6000000026163661403
Q14981692	6000000017671260813
Q1498182	6000000002140814970
Q1498311	6000000068738383871
Q1498483	6000000009955246438
Q1498498	6000000181335304825
Q1498691	6000000084551523336
Q1498819	6000000022328859042
Q1498825	6000000000988688239
Q14991570	6000000113609794846
Q1499197	6000000172619157653
Q1499275	6000000002516312561
Q1499394	6000000036536532525
Q1499475	6000000017453794703
Q1499564	6000000136844020000
Q14996	6000000027342799422
Q1499731	6000000082017319838
Q1499789	6000000016391361772
Q14998	6000000027503423440
Q1499824	6000000016031234110
Q1499914	6000000029017618850
Q149997	6000000006822991683
Q1500	6000000003219874928
Q1500052	6000000022884468621
Q1500135	6000000078775181107
Q1500180	6000000159691830833
Q1500208	6000000036218030914
Q1500259	6000000179114232826
Q1500306	6000000064926146882
Q1500329	6000000084386520426
Q1500699	5445891576130134502
Q15007897	6000000011633466639
Q15007935	6000000065062177821
Q15008021	6000000036236152560
Q150111	6000000017098914192
Q1501175	6000000075648047011
Q1501321	6000000016507133120
Q1501397	6000000021290631211
Q1501529	6000000001791759722
Q1501554	6000000020238610170
Q1501730	6000000026355539103
Q1501817	6000000045869615840
Q1501950	6000000019842305060
Q1502071	6000000020458976842
Q1502073	6000000002955061624
Q15020985	6000000125846476015
Q15021055	6000000012977225410
Q1502118	6000000024708919641
Q1502145	6000000012904396491
Q1502217	6000000012579726844
Q1502260	6000000021476474933
Q1502261	6000000071779143828
Q1502273	6000000011100346551
Q1502382	6000000049498058906
Q1502384	6000000013117576979
Q1502441	6000000121964672880
Q1502530	6000000075961120043
Q1502641	6000000083649502908
Q1502646	6000000084293783103
Q150272	6000000074658296042
Q15027327	5714754684250108738
Q15027569	6000000013006533184
Q15027630	6000000031914134153
Q15027704	6000000004097657658
Q15027757	6000000064158648839
Q1502788	6000000001310140807
Q150281	6000000014270190660
Q1502943	6000000003702841923
Q1502947	6000000008325794436
Q1502969	6000000026919084722
Q1502972	5211930790900023412
Q1502979	6000000010020022175
Q1503	6000000010580477823
Q15030043	6000000002422063684
Q1503011	6000000010793083903
Q15030452	6000000032523140925
Q1503047	6000000011105928494
Q1503056	6000000026240531359
Q1503067	6000000001501062846
Q1503076	6000000003225582765
Q15030947	6000000018380569424
Q1503095	6000000044139776329
Q15031	6000000018287948006
Q15031122	6000000042541613050
Q1503195	6000000015347710135
Q150320	6000000000717531158
Q1503363	6000000059307556231
Q1503371	6000000019875376523
Q1503418	6000000012046748231
Q1503424	6000000031176965941
Q1503487	6000000004107601158
Q1503491	6000000015503393780
Q1503500	6000000165382866822
Q1503520	6000000006727753968
Q1503521	6000000034450727858
Q1503527	6000000073049225983
Q1503553	6000000028428243440
Q1503563	6000000126029109908
Q1503583	6000000033739538970
Q1503584	6000000039509450889
Q1503586	6000000072319981529
Q1503592	6000000182535583828
Q1503593	6000000182533260106
Q1503602	6000000044424900171
Q1503672	6000000000350786737
Q1503685	6000000098672059852
Q1503736	6000000004654778165
Q1503740	6000000040179542191
Q1503747	6000000035111658695
Q1503759	6000000002764736512
Q1503779	6000000022226553923
Q1503795	6000000022783022041
Q1503808	6000000039543752901
Q1503843	6000000000613186974
Q1503887	6000000022697267933
Q1503893	6000000012241451572
Q1503897	6000000047978155892
Q1503922	6000000012720928669
Q1503930	6000000034190723381
Q1503944	6000000180430588906
Q1503961	6000000023637752235
Q1503964	6000000020799681013
Q1503973	6000000041756976984
Q1503979	6000000070262722950
Q1503981	6000000127352056929
Q15039896	6000000007188204705
Q15039899	6000000017272107768
Q15039902	6000000029967529465
Q15039906	6000000000352562663
Q15039910	6000000001069676726
Q15039927	6000000013326748286
Q15039929	6000000036032471190
Q15039944	6000000002273534274
Q15039950	6000000039876458972
Q15039951	6000000014213657507
Q15039956	6000000014059231400
Q15039960	6000000034535186557
Q15039961	6000000017478962260
Q15039972	6000000009729171328
Q15039977	6000000009021512111
Q15039978	6000000073859523940
Q15039986	6000000011276007388
Q15040023	6000000002317950098
Q1504019	6000000080206352627
Q1504037	6000000180431323888
Q1504052	6000000182709963832
Q1504053	6000000022394713532
Q15040563	6000000078932581110
Q15040594	6000000008871777333
Q15040601	6000000186196936198
Q15040615	6000000056699877907
Q15040623	6000000041059262999
Q15040852	6000000000516253417
Q1504087	6000000147261337950
Q15041021	6000000041034541209
Q15041197	6000000203760356882
Q1504147	6000000022494712762
Q1504153	6000000039892128180
Q1504160	6000000178456013842
Q1504162	6000000036351771238
Q1504163	6000000025306186480
Q15041719	6000000068369131943
Q1504175	6000000024970356222
Q1504197	6000000030400850003
Q1504198	6000000067906064850
Q15042027	6000000165589512869
Q1504208	6000000043331987630
Q1504249	6000000021470065294
Q1504251	6000000016501040102
Q1504255	6000000041736413109
Q15042556	6000000115137052241
Q1504259	6000000047016067131
Q15042696	6000000028625787107
Q1504279	6000000016669770838
Q1504282	6000000128569117924
Q1504294	6000000013154070885
Q1504295	6000000045341615880
Q15042963	6000000018707125660
Q15042999	6000000017506482856
Q15043018	6000000207266319821
Q1504305	6000000024638582018
Q1504310	6000000007984156832
Q1504350	6000000173511658925
Q1504366	6000000022777611242
Q1504369	6000000024971745421
Q1504370	6000000158658428822
Q15043735	6000000077068500244
Q1504377	6000000006078578204
Q1504382	6000000027257831313
Q1504383	6000000036091451191
Q1504395	6000000010945543858
Q15044028	6000000024388271953
Q15044060	6000000023783705459
Q1504418	6000000163742459836
Q150445	6000000015842157903
Q15044566	6000000000855629174
Q1504470	6000000015460904884
Q1504490	6000000047010354333
Q1504496	6000000034878970445
Q1504532	6000000081533548114
Q1504547	6000000033945855419
Q1504552	6000000059131194994
Q1504577	6000000167073577951
Q1504598	6000000121250931850
Q15046128	6000000056987901239
Q1504617	6000000016562457954
Q1504619	6000000174162163292
Q1504627	6000000029715598710
Q1504642	6000000083401719758
Q1504647	6000000008416016767
Q1504664	6000000022423618192
Q1504667	6000000023781612569
Q1504669	6000000003884373233
Q15046769	6000000112425834895
Q1504679	6000000182390081831
Q1504682	6000000083066929157
Q1504701	6000000077980846104
Q15047427	6000000084115651564
Q15047460	6000000036218713955
Q1504775	6000000021305714137
Q1504783	6000000017596178004
Q1504786	6000000015733110272
Q1504792	6000000008429635483
Q1504807	6000000015720669595
Q150482	6000000030837542200
Q1504840	6000000015216744697
Q1504848	6000000097508946849
Q1504862	6000000008667731386
Q1504866	6000000023069065933
Q1504882	6000000032911396645
Q1504885	6000000010995890098
Q1504886	6000000026888557526
Q1504898	6000000009896335829
Q1504907	6000000001712756281
Q1504912	6000000022697251306
Q1504915	6000000001504209827
Q150494	6000000001469318516
Q1504945	6000000128970234848
Q1504967	6000000080544434350
Q1505010	6000000033510626922
Q1505019	6000000017765183248
Q1505021	6000000024461059148
Q1505032	6000000010361712503
Q1505034	6000000020586786561
Q1505066	6000000028143294237
Q1505082	6000000002361930545
Q1505098	6000000002821004476
Q1505116	6000000180461892826
Q15051199	6000000031376929053
Q1505141	6000000001713398959
Q1505143	6000000017615651813
Q1505177	6000000001744818981
Q1505181	6000000085649848999
Q1505191	6000000001094366102
Q15052198	6000000001865986170
Q15052199	6000000018483147610
Q15052225	6000000014148041778
Q15052227	6000000008185725124
Q15052238	6000000047759024176
Q15052242	6000000008270511139
Q15052255	6000000045997851195
Q15052267	6000000018472639183
Q1505231	6000000034432693169
Q1505233	6000000014745538842
Q1505237	6000000066642922014
Q1505248	6000000013914685639
Q1505257	6000000024960326984
Q150526	6000000029779976701
Q1505262	6000000017551882178
Q1505273	6000000007301036589
Q1505300	6000000032027591962
Q1505310	6000000139328155953
Q15053813	6000000019775666596
Q15053816	6000000007529239523
Q15053824	6000000019196527569
Q15053832	6000000024550808009
Q1505386	6000000008108920867
Q1505397	6000000126111661821
Q1505399	6000000071063135860
Q15054130	6000000186126502873
Q15054186	6000000043128377877
Q15054188	6000000064405039869
Q15054195	6000000009669194726
Q15054203	6000000071968754564
Q15054237	6000000014872346146
Q150543	6000000094885590822
Q15054525	6000000039631421958
Q15054526	6000000000659166683
Q1505457	6000000075789334082
Q1505497	6000000071551600997
Q1505512	6000000005284124001
Q1505513	6000000012601309840
Q150552	6000000041149776364
Q1505528	6000000029980697075
Q15055333	6000000001782348452
Q1505536	6000000098552963834
Q15055406	6000000080771978614
Q15055459	6000000003232545142
Q1505550	6000000050686665950
Q15055580	6000000009627131581
Q15055597	6000000000637046188
Q15055703	6000000041173991994
Q15056045	6000000017757892258
Q15056049	6000000040564144230
Q1505605	6000000008341820350
Q15056174	6000000176801082829
Q1505628	6000000040164389058
Q1505629	6000000081807156716
Q1505636	6000000039054248337
Q1505637	6000000022471759910
Q15056837	6000000001289285355
Q15056849	6000000008392851061
Q1505712	6000000016315144408
Q1505717	6000000024977478717
Q15057197	6000000025726510103
Q15057396	6000000074172094254
Q150575	6000000007896893977
Q1505755	6000000075957134978
Q1505759	6000000109045833857
Q1505780	6000000036319979549
Q15057907	6000000078878687942
Q15057928	6000000014595113851
Q1505829	6000000060325578857
Q1505843	6000000003159077159
Q1505857	6000000037601175667
Q150586	6000000009009818489
Q1505866	6000000020690099444
Q15058787	6000000002765880228
Q15058811	6000000002765880635
Q15058819	6000000002765880642
Q15058826	6000000002643306324
Q1505883	6000000038238531832
Q15058864	6000000017141256750
Q15058880	6000000015764723062
Q15058897	6000000002802365831
Q1505891	6000000148886763933
Q15058927	6000000002643204523
Q1505894	6000000025084186010
Q15059107	6000000002765880257
Q15059113	6000000002802707510
Q15059119	6000000012588321831
Q15059122	6000000002765880235
Q15059137	6000000002802707471
Q15059140	6000000002764484720
Q15059141	6000000002765880292
Q15059142	6000000016976304743
Q15059149	6000000024479238678
Q15059153	6000000002764523541
Q15059214	6000000002765877542
Q15059341	6000000002765877250
Q15059352	6000000002765877532
Q15059380	6000000002765900663
Q15059490	6000000052394525958
Q1505958	6000000000750798555
Q1505968	6000000029093341064
Q15059812	6000000014890164576
Q150599	6000000001469287004
Q1505995	6000000126029935867
Q15059974	6000000071614726885
Q15059980	6000000141074397852
Q15060039	6000000002803167520
Q15060041	6000000002643696093
Q15060043	6000000002765746374
Q15060059	6000000005018733955
Q15060076	6000000010132103908
Q15060079	6000000002765884630
Q15060086	6000000002764484712
Q15060088	6000000002764484728
Q15060115	6000000013185230929
Q15060121	6000000002764677248
Q15060149	6000000002765877440
Q1506028	6000000073953500006
Q1506032	6000000183249813931
Q15060512	6000000007516855862
Q1506053	6000000026025737479
Q15060571	6000000074070757909
Q15060576	6000000013632302450
Q15060593	6000000209870274833
Q1506061	6000000135075841120
Q15060741	6000000008723953729
Q15060812	6000000194333605859
Q15060864	6000000100435283873
Q15060885	6000000023880089882
Q15060927	6000000040656634841
Q15060944	6000000017335357418
Q15060945	6000000021579463950
Q15060959	6000000196621863860
Q1506096	6000000070308871926
Q15060960	6000000008450026741
Q15060962	6000000081729530181
Q150611	376299759140013431
Q15061122	6000000088787543858
Q15061127	6000000007852249498
Q15061137	6000000017883274107
Q15061138	6000000017882873857
Q15061191	6000000124449237979
Q15061194	6000000041856133163
Q15061195	6000000014138509690
Q15061209	6000000087054983126
Q1506122	6000000088715905831
Q15061220	6000000175727657851
Q15061280	6000000196621468825
Q15061527	6000000196991446866
Q15061531	6000000015670929673
Q15061571	6000000026134129264
Q15061610	6000000018069620881
Q1506175	6000000049735988821
Q1506178	6000000042855249169
Q15061819	6000000031973592655
Q1506182	6000000015152608321
Q15061830	6000000007348328639
Q15061844	6000000121865109848
Q15062031	6000000017183463589
Q1506212	6000000015662343120
Q1506224	6000000051256211204
Q15062253	6000000074673217821
Q1506232	6000000025572190423
Q15062789	6000000017824416659
Q1506289	6000000024061453857
Q1506291	6000000032746623958
Q15062968	6000000080466719833
Q150630	6000000029779707098
Q15063115	6000000014294186168
Q15063130	6000000041936586711
Q15063135	6000000018232543322
Q15063183	6000000037143056089
Q15063256	6000000014664190569
Q1506328	6000000043481376981
Q15063420	6000000012666775309
Q1506348	6000000164085854975
Q1506356	6000000127090452822
Q15063587	6000000012687559314
Q15063594	6000000001472805744
Q1506369	6000000000720008680
Q15063867	6000000083602549953
Q1506392	6000000018236518472
Q15063922	6000000178991346824
Q15063981	6000000021411068209
Q1506401	6000000099963235857
Q15064025	6000000021409396765
Q15064057	6000000018308656552
Q1506407	6000000074100956037
Q15064092	6000000016715148036
Q1506410	6000000013484405773
Q15064105	6000000079926766992
Q15064119	6000000004576020360
Q15064126	6000000017285941623
Q15064159	6000000041344130002
Q150642	376469227150012924
Q15064232	6000000058162839137
Q15064238	6000000056154654172
Q15064263	6000000032069122830
Q15064294	6000000068984471833
Q1506430	6000000042981261476
Q15064310	6000000018435693347
Q15064312	6000000197755263825
Q15064354	6000000210184384844
Q15064376	6000000006971415987
Q15064377	6000000025563806463
Q15064401	6000000027403590649
Q1506444	6000000119762000821
Q15064490	6000000017443199068
Q15064522	6000000022915347826
Q15064567	6000000058463873906
Q15064673	6000000012201281223
Q15064679	6000000019796054325
Q15064679	6000000035088003180
Q15064682	6000000083791247928
Q15064687	6000000208351833899
Q15064695	6000000011892975244
Q15064715	6000000026229420920
Q15064717	6000000044036109224
Q15064722	6000000052583554145
Q15064737	6000000016867337283
Q15064746	6000000011317543455
Q15064776	6000000068082583821
Q15064781	6000000080323532378
Q15064806	6000000027794802164
Q15064853	6000000050079573155
Q15064874	6000000013184312296
Q15064910	6000000219227262822
Q15064912	6000000012941838420
Q15064943	6000000065055587953
Q150651	6000000027239873396
Q15065138	6000000025371370653
Q15065176	6000000025755637008
Q15065178	6000000017685550234
Q15065187	6000000024168885156
Q150652	4127866832950049628
Q15065274	6000000037053650748
Q15065300	6000000016712760265
Q15065317	6000000023389778076
Q15065366	6000000064777416055
Q1506540	6000000023474659669
Q15065409	6000000012932865137
Q15065411	6000000006706372708
Q15065413	6000000019346102315
Q15065416	6000000190043279058
Q15065417	6000000008262941290
Q15065421	6000000017964901358
Q15065422	6000000006944256780
Q15065423	6000000014091591464
Q15065425	6000000018235711453
Q15065435	6000000017617057228
Q15065456	6000000018579865487
Q15065462	6000000194846217826
Q1506547	6000000016220361116
Q15065484	6000000008874829243
Q15065484	6000000008875207376
Q1506550	6000000090504110164
Q15065506	6000000079074759825
Q1506551	6000000015018195073
Q15065521	6000000039274543760
Q15065547	6000000028584372928
Q1506555	6000000024987266056
Q1506563	6000000092669520900
Q1506565	6000000022643463918
Q15065654	6000000022554020402
Q15065665	6000000072166638826
Q1506569	6000000017653592400
Q15065696	6000000186095746103
Q15065749	6000000207185763850
Q15065780	6000000174314918906
Q15065784	6000000174393353893
Q15065788	6000000004573674666
Q1506581	6000000125881634831
Q1506582	6000000037788040566
Q1506583	6000000026576129583
Q1506585	6000000097743859833
Q15065850	6000000008708126127
Q1506590	6000000113135175962
Q15065910	6000000186610196871
Q15065951	6000000004149563019
Q15065953	4914175301610135929
Q15065956	6000000028863345493
Q15066018	6000000017657678100
Q1506606	6000000005599001402
Q1506607	6000000007624759246
Q15066114	6000000047059278481
Q15066118	6000000002743388715
Q1506613	6000000023883248161
Q1506620	6000000111949118150
Q1506621	6000000019627248440
Q1506622	6000000022900478363
Q15066224	6000000018682586733
Q1506624	6000000016303674016
Q1506626	6000000010042978599
Q1506640	6000000013025910597
Q15066445	311345248480006477
Q150665	6000000004170403499
Q1506652	6000000077139677174
Q1506654	6000000136791214845
Q15066572	6000000034583724317
Q15066574	6000000081554626056
Q15066592	6000000044502240511
Q1506661	6000000026866521393
Q1506664	6000000018411554722
Q1506667	6000000047124812970
Q15066713	6000000036718822900
Q15066738	6000000003502008796
Q15066746	6000000019888442840
Q15066748	6000000221056331989
Q15066792	6000000016497774519
Q15066816	6000000018133151001
Q1506682	6000000082555131832
Q1506692	6000000060300740996
Q15066940	6000000007359108351
Q15066942	6000000003524525522
Q15066958	6000000010329723591
Q15066979	6000000070479707205
Q15067031	6000000208228534835
Q15067047	6000000002188383596
Q15067069	6000000004103437281
Q1506709	6000000078060577106
Q15067095	6000000076252348924
Q15067147	6000000121948470158
Q1506715	6000000071807211187
Q1506717	6000000008093202935
Q15067175	6000000006257821073
Q15067177	6000000027826646566
Q15067179	6000000007871861192
Q1506718	6000000067533492882
Q1506721	6000000029009241585
Q15067243	6000000099592321229
Q1506726	6000000022420662176
Q1506737	6000000025997181085
Q15067380	6000000013061990090
Q1506740	6000000057434329915
Q1506747	6000000015240844858
Q15067658	6000000059102319938
Q15068046	6000000194993255824
Q1506805	6000000015227455959
Q1506806	6000000020387352921
Q1506810	5239480291980026130
Q1506815	6000000002205136131
Q15068233	6000000017123041542
Q1506831	6000000018657856663
Q15068358	6000000211643938835
Q1506837	6000000074937573037
Q1506842	6000000120612650840
Q15068519	6000000149633412951
Q15068544	6000000010522621470
Q15068556	6000000014548900942
Q1506858	6000000000426818957
Q15068594	6000000076891095234
Q1506863	6000000000034027233
Q1506864	6000000005695247001
Q15068680	6000000023095861275
Q1506870	6000000163824329041
Q15068753	6000000050593638835
Q15068756	6000000208174515917
Q1506879	6000000010176306431
Q150688	6000000015933417335
Q15068832	6000000025621030203
Q15068834	6000000023786621937
Q1506885	6000000015226624269
Q1506886	6000000023386922850
Q15068866	6000000185565311002
Q1506903	6000000021501833950
Q15069050	6000000012638116717
Q15069145	4517283392790061000
Q1506917	6000000000409575144
Q1506924	6000000008280207367
Q1506927	6000000029325695487
Q1506937	6000000172519210407
Q1506947	6000000040267083385
Q15069481	6000000049248352865
Q1506961	6000000057342040043
Q1506962	6000000031072116213
Q15069664	6000000018471284159
Q15069667	6000000018471507067
Q15069695	6000000009099725089
Q15069712	6000000011643752415
Q15069716	6000000008552668895
Q15069716	6000000190046853419
Q1506973	6000000013966980654
Q15069763	6000000080950189782
Q15069820	6000000002982707386
Q15069821	6000000070406687858
Q15069822	6000000070401817471
Q15069974	6000000017096293479
Q15069989	6000000177694886829
Q1507000	6000000032764141258
Q15070027	6000000037366470635
Q15070054	6000000007297254222
Q15070057	6000000040382961775
Q15070067	6000000007356226260
Q15070107	6000000016045042399
Q15070132	6000000172729513719
Q15070162	6000000002116048304
Q15070175	6000000025279316423
Q1507024	6000000012609955204
Q15070445	6000000035217421294
Q1507046	6000000125207392882
Q15070462	6000000085341505845
Q15070472	6000000180067105828
Q15070493	6000000179167461904
Q15070562	6000000117928150840
Q15070572	6000000008517175925
Q15070604	6000000194435567837
Q15070708	6000000070393397836
Q1507071	6000000040110476610
Q15070711	6000000013237190227
Q1507072	6000000049644980193
Q1507077	6000000012606900793
Q15070800	6000000008854492428
Q15070857	6000000011799349305
Q15070891	6000000216794671827
Q15070956	6000000031222374006
Q15071028	6000000018616795615
Q15071030	6000000201829587831
Q15071101	6000000012900903609
Q15071114	6000000024905305869
Q15071120	6000000190059954854
Q15071129	6000000017255765164
Q15071155	6000000017894795037
Q15071168	6000000035441764044
Q15071169	6000000006927031371
Q15071181	6000000025887527440
Q15071184	6000000016144134406
Q1507120	6000000035761840625
Q15071313	6000000188193468827
Q15071318	6000000213062020848
Q15071338	6000000028380203763
Q15071352	6000000052882793873
Q15071353	6000000020787347427
Q15071364	6000000110084067840
Q15071377	6000000163224289845
Q15071383	6000000086229340840
Q15071400	6000000008857288091
Q15071415	6000000153701586883
Q15071424	6000000022854131594
Q15071433	6000000006409443792
Q15071442	6000000021555110347
Q15071461	6000000047359117911
Q15071463	6000000089664317866
Q15071509	6000000023369665131
Q15071544	6000000194393136821
Q1507156	6000000071920064899
Q1507164	6000000009581480312
Q15071661	6000000017757480178
Q1507169	6000000022306942985
Q15071820	6000000110083441871
Q1507186	6000000035048947113
Q1507189	6000000008891666535
Q15071919	6000000077503380997
Q15071932	6000000218937717848
Q1507195	6000000047326970825
Q15072010	6000000060405341821
Q15072016	6000000011778605076
Q15072017	6000000011768188742
Q1507209	6000000107723251075
Q15072098	6000000195383236822
Q1507220	6000000020008805302
Q15072228	6000000009573591784
Q1507223	6000000007014432383
Q15072248	6000000023545894957
Q15072317	6000000041504030846
Q15072386	6000000028299486515
Q15072405	6000000008448585193
Q15072411	6000000020932962491
Q15072482	6000000024360021763
Q1507251	6000000019149883160
Q15072522	6000000047131194979
Q1507255	6000000051277662169
Q1507257	6000000085758366151
Q15072578	6000000004868239161
Q15072585	6000000015512414915
Q15072586	6000000026281415529
Q15072593	6000000026351001699
Q15072594	6000000056523198821
Q15072599	6000000003714066838
Q150726	6000000001896512676
Q1507260	6000000000664367852
Q15072607	6000000024093864323
Q15072613	6000000017864286182
Q15072623	6000000001591584922
Q15072629	6000000002188496213
Q15072630	6000000034445550294
Q15072648	6000000049872098637
Q15072658	6000000006953804692
Q15072659	6000000012607679433
Q15072680	6000000194737671849
Q15072789	6000000017229904015
Q15072931	6000000015844120595
Q15072975	6000000022396382010
Q15073019	6000000110884484821
Q15073082	6000000006404805809
Q1507318	6000000008258332137
Q1507320	6000000081557324052
Q1507326	6000000041790641836
Q15073265	4345092698880013781
Q15073268	6000000039678762167
Q1507329	6000000015073378987
Q1507332	6000000182294292825
Q1507337	6000000040410333531
Q1507341	6000000001679920304
Q1507342	6000000017699426727
Q1507346	6000000000769944614
Q15073500	6000000054195486052
Q15073501	6000000089131488553
Q1507363	6000000019986953659
Q1507369	6000000010940955020
Q15073715	6000000022172266558
Q1507373	6000000032157001167
Q1507386	6000000005940216173
Q1507398	6000000016483562910
Q15073995	6000000081806053095
Q1507405	6000000025398096352
Q1507407	6000000020906488088
Q1507410	6000000012459990407
Q15074117	6000000180997884926
Q1507412	6000000070748196958
Q15074216	6000000007549186018
Q15074249	6000000043051401536
Q15074256	6000000014301999874
Q1507429	6000000085266260880
Q1507431	6000000041665420602
Q1507434	4749388434430012592
Q1507439	6000000033170067795
Q15074414	6000000182710535906
Q15074478	6000000017875556879
Q15074479	6000000097320533026
Q15074480	6000000004391452763
Q15074481	6000000010290744244
Q15074489	6000000018132663232
Q1507456	6000000026202356754
Q1507460	6000000009620040307
Q1507462	6000000070766495150
Q15074634	6000000016363850886
Q15074688	6000000209787127847
Q150747	4695124
Q15074726	6000000215279556831
Q1507474	6000000020933503896
Q1507478	6000000023111313228
Q1507479	6000000024888488688
Q1507491	6000000000889394610
Q15074915	6000000133466594850
Q1507492	6000000014607951701
Q15074946	6000000027696393014
Q1507495	6000000030414262200
Q1507499	6000000158231719823
Q1507501	6000000004593128328
Q15075036	6000000187658514903
Q15075146	5666241073920027364
Q15075178	6000000083212615323
Q15075234	6000000014463968386
Q1507532	1704012
Q15075329	6000000047358773234
Q15075387	6000000097326397844
Q1507542	6000000043049253853
Q15075491	6000000021104634090
Q1507555	6000000037409641973
Q1507557	6000000083218261157
Q15075612	6000000026033292855
Q1507562	6000000167383136976
Q15075638	6000000124210999941
Q1507564	6000000026107107066
Q1507567	6000000000133556616
Q15075707	6000000007445025288
Q15075760	6000000001421209197
Q1507595	6000000026173802432
Q1507599	6000000096224673823
Q1507608	6000000038707949138
Q15076217	6000000017946023579
Q1507622	6000000026423302435
Q1507631	6000000099730569821
Q1507638	6000000002716343314
Q15076597	6000000078905708223
Q15076692	6000000017881334951
Q150767	6000000014533710202
Q1507671	6000000035099028189
Q1507678	6000000179830491857
Q1507692	6000000031299455718
Q15076920	6000000007085650718
Q15076942	6000000011980487057
Q15076986	6000000009764474129
Q1507705	6000000058155185827
Q15077050	6000000025711563432
Q15077062	6000000135283327856
Q15077209	6000000157269211856
Q15077232	6000000194732269865
Q15077257	6000000197035480843
Q15077286	6000000039799890012
Q15077288	6000000041772005640
Q15077325	6000000167341568222
Q1507741	6000000036498960841
Q15077445	6000000084148800931
Q15077551	6000000005229279787
Q1507758	6000000002765728459
Q15077599	6000000020614205920
Q15077856	6000000181690010831
Q15077860	6000000025416282288
Q1507809	6000000002649950590
Q1507814	6000000016337575125
Q1507818	6000000037403350895
Q15078183	6000000043349842877
Q150782	6000000002459854330
Q1507821	6000000026151149023
Q1507824	6000000089327028894
Q1507845	6000000041956088498
Q1507874	6000000011940282963
Q1507876	6000000011555368661
Q15078807	6000000143553205897
Q15078921	6000000004124548737
Q1507894	6000000043966526857
Q15078948	6000000014939882971
Q1507897	6000000123713729830
Q15079	6000000017935144534
Q15079005	6000000200855877831
Q15079045	6000000007363097624
Q15079125	6000000002250432380
Q15079141	6000000008176509969
Q15079271	6000000210412115831
Q1507930	6000000001937890656
Q15079311	6000000038608775379
Q15079375	6000000221311463885
Q1507964	6000000015747297792
Q15079700	6000000023131388055
Q15079782	6000000015062636582
Q1507984	6000000068879417933
Q1507996	6000000021066732714
Q1508011	6000000001260879016
Q1508015	6000000002188470967
Q1508018	6000000024004569204
Q15080210	6000000008653036312
Q15080212	6000000014073137450
Q15080224	6000000033584346505
Q1508042	6000000058604746984
Q1508047	6000000078085315950
Q15080578	6000000113456019862
Q1508078	6000000040395050331
Q1508079	6000000002801303019
Q1508082	6000000009718475800
Q1508089	6000000029103794148
Q15081012	6000000012643388041
Q15081014	6000000011810378685
Q15081017	6000000012342177188
Q15081018	6000000019775174712
Q15081018	6000000086237963873
Q15081019	6000000086707069919
Q15081023	6000000009440707478
Q1508106	6000000038625608107
Q15081079	6000000022098656985
Q1508111	6000000070777434876
Q15081217	6000000022494699315
Q1508145	6000000002787235749
Q1508173	6000000010424989858
Q15081740	6000000075804402998
Q1508191	6000000004590617885
Q1508196	6000000011540960468
Q1508204	6000000036629980821
Q1508207	6000000011106600762
Q1508211	6000000008270819064
Q1508219	6000000185116999860
Q1508224	6000000048614272919
Q15082274	6000000003523202766
Q15082283	6000000006706547915
Q15082283	6000000009204741480
Q15082337	6000000006706773498
Q15082341	6000000199590107847
Q15082370	6000000006706973060
Q15082382	6000000006706925180
Q1508278	6000000199721419829
Q1508283	6000000020867125931
Q150829	6000000037925370884
Q1508306	6000000034212903912
Q1508314	6000000013190940024
Q1508317	6000000003626456896
Q1508322	6000000020930915125
Q1508350	6000000081047571207
Q1508367	5709248578110079435
Q1508373	6000000014300301430
Q1508380	6000000003216142376
Q1508382	6000000031553028290
Q1508394	6000000038583421185
Q1508410	6000000022859399281
Q1508448	6000000016202975582
Q1508451	6000000016397056971
Q1508452	6000000024367504610
Q1508471	6000000019581779801
Q1508475	6000000037180987372
Q150851	6000000011792109528
Q1508536	6000000071865716678
Q1508539	6000000181708979845
Q1508542	6000000005965658202
Q1508545	6000000127432489821
Q1508546	6000000004593773650
Q1508552	6000000036830671144
Q15085544	6000000017970488370
Q1508555	6000000043359001233
Q1508559	6000000001672595809
Q1508560	6000000054804423842
Q1508563	6000000039486275938
Q1508572	6000000019326292091
Q1508574	1744921
Q1508593	6000000037148988803
Q1508597	6000000082040184366
Q1508600	6000000140311594935
Q1508602	4016166963240036182
Q1508607	6000000038293245509
Q1508608	4179344959200050834
Q1508619	6000000193733546822
Q150862	6000000001379265308
Q1508625	6000000079740493976
Q1508650	6000000018252054688
Q1508656	5667802598220123139
Q1508664	6000000040734746390
Q1508678	6000000040078810928
Q1508680	6000000029260069364
Q1508689	6000000004097614078
Q15086988	6000000031758674179
Q15087046	6000000006436583491
Q15087142	6000000008106556887
Q1508732	6000000006816140351
Q1508766	6000000011854704217
Q15087835	6000000040127943482
Q15087887	6000000148786984826
Q15088035	6000000190254634912
Q15088169	6000000083702093539
Q15088261	6000000082971439924
Q15088293	6000000030285547864
Q1508832	6000000006931018620
Q15088637	6000000028396670778
Q15088671	6000000015261643960
Q1508870	6000000067860682173
Q15088702	6000000024142636910
Q1508890	6000000017470283444
Q1508897	6000000046604175912
Q150894	6000000059309926857
Q15089536	6000000219251333905
Q15089622	6000000195068016857
Q1508974	6000000019653330923
Q1509000	6000000017477129417
Q1509029	6000000036921103387
Q1509041	6000000086450844824
Q15090680	6000000011418839165
Q15090682	6000000156513989970
Q15090737	6000000080495145916
Q15090923	6000000027915703391
Q15090931	6000000012956269729
Q15090990	6000000051329069931
Q15090998	6000000051327749035
Q150910	6000000022215479337
Q15091090	6000000008716390333
Q15091529	6000000019831359441
Q150916	6000000008701015434
Q1509164	6000000172301917879
Q15091757	6000000158278083855
Q1509299	6000000013207797610
Q15093081	6000000015735689119
Q1509334	6000000013660725757
Q1509351	6000000036340689421
Q15093618	6000000024566810448
Q150943	6000000008797336360
Q15094321	6000000083639772051
Q15094321	6000000214556978890
Q15094407	6000000021692827872
Q15094409	6000000138027206954
Q15094488	6000000007585731323
Q15094492	6000000077846035663
Q15094575	6000000080117151145
Q1509483	6000000184430596823
Q1509535	6000000017222828001
Q1509700	6000000020275254802
Q1509710	6000000012918647698
Q1509753	6000000017893924333
Q15097818	5666423928870059131
Q1509820	6000000012914669181
Q1509833	6000000019473337372
Q1509861	6000000017671359303
Q1509868	4359005376200044500
Q1509888	6000000024403637890
Q1509889	6000000014809029936
Q150989	4754318462110039906
Q1509908	6000000019484173237
Q1509990	6000000022701847039
Q1510007	6000000018223071719
Q15100084	6000000009368130600
Q15100579	6000000087971845826
Q1510080	6000000009085588502
Q1510095	6000000069468151124
Q1510114	6000000016126262505
Q1510187	6000000029602324992
Q15101934	6000000194194181927
Q1510209	6000000069450339911
Q15102392	6000000001353490396
Q15102581	6000000018856062147
Q1510302	6000000010351292340
Q1510375	6000000028067294245
Q15103956	6000000045701201145
Q15103958	6000000177583801822
Q15103994	6000000015824714648
Q151040	6000000013967275423
Q15104849	6000000002969920064
Q15104849	6000000031392159913
Q15105026	6000000009006491984
Q15105485	6000000072102334297
Q15105833	6000000016682019509
Q1510588	6000000016530367420
Q1510629	6000000002979923953
Q15106700	6000000017258480899
Q15107083	6000000002785372081
Q1510713	6000000010684257300
Q151075	5318257919690026486
Q1510784	6000000018677090487
Q15107942	6000000040362308833
Q15107944	6000000040362247225
Q151083	5068703666160126959
Q151087	6000000000350860879
Q1510936	6000000012135484248
Q1510941	6000000041826824928
Q15109496	6000000005033734978
Q15109562	6000000077281466533
Q15109573	6000000018444704331
Q15109621	6000000091023824882
Q151097	6000000002797806562
Q151098	6000000006210904436
Q1511	6000000010909768164
Q1511029	6000000183479579867
Q1511070	6000000013703745050
Q15110929	6000000108721372148
Q151113	6000000009935545213
Q1511130	6000000015495272499
Q15111559	6000000022478833580
Q15111563	6000000022478989316
Q15111588	6000000059203431190
Q151120	6000000001472398410
Q1511233	6000000040679616715
Q1511247	6000000076321351884
Q1511255	6000000031758551729
Q151126	6000000019670247754
Q1511264	6000000139375216847
Q151130	6000000006101264133
Q1511311	6000000017029330374
Q15113651	6000000004967022276
Q15113664	6000000022573455612
Q15113964	6000000009924743939
Q15114111	6000000011244838043
Q1511427	6000000022946550883
Q1511440	6000000022795191630
Q1511446	6000000001565697634
Q1511446	6000000213771321824
Q15114495	6000000026159056983
Q15114512	6000000026159310027
Q1511461	6000000024682842718
Q151149	6000000077897408055
Q1511496	6000000077136329472
Q15115519	6000000004097622890
Q151164	6000000026653353470
Q15116488	6000000023746439602
Q1511649	6000000017793681359
Q151165	1679646
Q15116614	6000000154058174508
Q1511698	6000000019907229107
Q151171	6000000013927202088
Q151173	6000000006101322556
Q1511740	6000000013353694136
Q15117684	6000000155884932839
Q1511788	6000000019210831001
Q151180	6000000002898226257
Q15118074	6000000021429338731
Q15118074	6000000076909857290
Q1511817	6000000012814888470
Q1511824	6000000004156213034
Q1511827	6000000023184004539
Q15118973	6000000049265973943
Q15119327	6000000024375378841
Q15119525	6000000006900902567
Q15119781	4264193000600065714
Q15119810	6000000123789515821
Q15119815	6000000123786954860
Q15119912	6000000006427131677
Q1512	6000000010450922046
Q15120146	6000000178407545834
Q15120204	6000000151185552926
Q1512038	6000000018660394068
Q1512048	6000000002955241705
Q151209	6000000013715432343
Q15120916	6000000045527324849
Q15120961	6000000128693001950
Q15120991	6000000002765156810
Q15121372	6000000019131051297
Q15122971	6000000110778689829
Q151231	6000000017670112370
Q1512315	6000000020298516433
Q15123180	6000000023780964356
Q15123677	6000000003202016187
Q15123834	5579979441630118692
Q15124033	6000000004097657925
Q15124054	6000000194873267847
Q15124101	6000000089454439934
Q15124169	6000000182329653823
Q1512474	6000000169031774880
Q1512486	6000000071639122911
Q1512517	6000000016998622915
Q1512530	6000000017099758974
Q1512554	6000000036341221415
Q15125792	6000000172974214267
Q15126293	6000000066662686921
Q15126326	6000000183406102914
Q15126384	6000000171730853218
Q15126432	6000000122906162824
Q15126506	6000000028561367635
Q15126624	6000000045995245037
Q15126735	6000000023470128541
Q15126783	6000000074324662316
Q15126927	6000000030535704310
Q15126945	6000000003370272631
Q15127382	6000000016522890587
Q15127477	6000000042287126827
Q15127678	6000000050896279853
Q1512775	6000000041190356329
Q1512826	6000000039131856910
Q151284	6000000016828699288
Q1512927	6000000179290323899
Q15129317	6000000037481920299
Q1512933	6000000032812770053
Q15129801	6000000016933651082
Q15129866	6000000001843099477
Q15129899	6000000022930983165
Q15129963	6000000019097842004
Q15129964	6000000035816050343
Q1513008	347187857800012563
Q15130138	6000000096233128111
Q1513018	6000000027559036493
Q15130358	6000000015882018061
Q15130478	6000000004086791713
Q15130496	6000000009735269643
Q151305	6000000003065659343
Q15130559	6000000031873748906
Q15130664	6000000052355324068
Q15130737	6000000071655718312
Q15130748	6000000050736373843
Q15130780	6000000082494985946
Q1513090	6000000041238079165
Q15131068	6000000021022925881
Q151312	4117966
Q15131274	6000000182709643864
Q15131526	6000000145341395936
Q15131874	6000000014407549109
Q15131993	6000000006733576195
Q151321	6000000000350830758
Q15132668	6000000078726023437
Q15133111	6000000164305457823
Q15133884	6000000032212036686
Q15134863	6000000018569311965
Q151352	6000000006444081137
Q15135345	6000000114714302032
Q15135400	6000000019437525522
Q15135514	6000000189473078821
Q15135518	6000000189473980821
Q15135723	6000000034536186986
Q15136093	6000000019657566208
Q15136127	6000000010336493278
Q151364	6000000003362875710
Q15137020	6000000181084503823
Q15137024	6000000004381493090
Q1513767	6000000013346272233
Q1513786	6000000083174610954
Q15138045	6000000036513439481
Q15138230	6000000038671184364
Q15138250	6000000151407437831
Q15138251	6000000145757180973
Q15138378	6000000015062747179
Q15138598	6000000032642099798
Q15138790	6000000003232538142
Q15139075	6000000040262861176
Q15139119	6000000028183427181
Q15139263	6000000036898001042
Q151394	6000000084372128032
Q1513958	6000000002456964259
Q1514	6000000002447388034
Q15140114	6000000097587308907
Q15140115	6000000038589952114
Q15140138	6000000070736684040
Q151403	6000000001396306062
Q15140796	6000000109844748086
Q15140825	6000000110414807823
Q15141071	6000000110407345829
Q15141287	6000000038030572377
Q15141308	6000000017497103346
Q151414	6000000010771690579
Q15141747	6000000136972652894
Q1514199	6000000017659351147
Q15142814	6000000180006731823
Q15142831	6000000163822909023
Q15143064	6000000017846711541
Q15143104	6000000140746787105
Q15143412	6000000023469966442
Q151435	6000000060822469872
Q1514385	6000000059773504851
Q15143894	6000000043409044296
Q15144248	5267598279930073244
Q15144287	6000000075892476915
Q15144954	6000000019927336637
Q15145	6000000001385793010
Q1514544	6000000137807151822
Q1514548	6000000156512688074
Q15145799	6000000182689254828
Q1514620	6000000004593191679
Q1514628	6000000013145061113
Q15146327	6000000043453113004
Q15146514	6000000180730749829
Q15146819	6000000111944382441
Q15146827	6000000166395730982
Q15147	6000000000704306174
Q15147181	6000000010289931663
Q1514742	6000000179077375843
Q1514743	6000000013630937916
Q15147440	6000000188680011728
Q1514752	6000000013694621545
Q151476	6000000180747151832
Q1514762	6000000032581480502
Q15147665	6000000016152360279
Q1514767	6000000014961410463
Q15147740	6000000070857065014
Q1514782	6000000072335166911
Q15147826	6000000006719529353
Q15147875	6000000198803467833
Q1514824	6000000030140776473
Q1514843	6000000069429269860
Q15148457	6000000050222718851
Q15148556	6000000128371069826
Q15148567	6000000206069093863
Q1514859	6000000048114998300
Q15148941	6000000024987521082
Q15148944	6000000145025215846
Q15149022	6000000017446708314
Q15149023	6000000030026068811
Q15149239	6000000040386044900
Q15149263	6000000018274085790
Q151494	385276296820013056
Q1514942	6000000002314813772
Q151500	385271991270012941
Q1515010	6000000023895281913
Q1515033	6000000017956636705
Q151509	6000000011163912267
Q1515216	6000000007176907484
Q151523	6000000025741760090
Q1515355	6000000036854656860
Q1515358	6000000028797205147
Q15154553	6000000014427623723
Q15155046	6000000020588785173
Q1515516	6000000029239501023
Q1515522	6000000057095951095
Q1515526	6000000010454078871
Q1515540	6000000033860701392
Q15155414	6000000069131731840
Q1515550	6000000042192498032
Q151556	6000000055038449834
Q1515576	6000000141103934945
Q1515592	6000000079298366981
Q1515593	6000000031732246988
Q1515596	6000000065075840033
Q1515604	6000000009592926829
Q151564	6000000013898953125
Q1515691	4391991723490048129
Q1515726	6000000020019630763
Q151573	6000000052614664878
Q1515733	6000000037414627115
Q1515745	6000000019124329704
Q1515768	6000000182809506821
Q151580	6000000010514211083
Q1515843	6000000089082924890
Q151593	6000000006835933204
Q1516005	6000000023398734643
Q1516037	6000000152325875833
Q151605	6000000020598914270
Q1516059	6000000026160816146
Q151608	6000000040691370227
Q151628	6000000003655670169
Q1516398	6000000048789831053
Q1516425	6000000025914351907
Q151644	6000000040320809508
Q151646	6000000016464864833
Q1516578	6000000030788713849
Q1516592	6000000002764937643
Q151667	5231789133530043293
Q1516726	6000000004934114608
Q1516734	6000000013088108690
Q151679	6000000029158517830
Q1516814	6000000040489777375
Q15168159	6000000008649761090
Q1516855	6000000060907349906
Q1516867	6000000006978894499
Q151691	6000000022450223641
Q1516973	6000000066099998821
Q1517240	6000000061260360083
Q151735	347790797110012671
Q151742	6000000003193382997
Q151746	6000000041160050952
Q151754	6000000003075188091
Q151759	6000000032125855880
Q151763	6000000006829231751
Q15176434	6000000003943200399
Q15176847	6000000166743245175
Q15176900	6000000038682085067
Q1517696	6000000000151672214
Q15177070	6000000014481819567
Q15177078	6000000004533796126
Q15177126	6000000014468132134
Q151773	6000000002886788191
Q15177751	6000000177062660822
Q15177761	6000000139619252903
Q1517834	6000000058342540944
Q1517859	6000000026451765637
Q151787	6000000007121692534
Q151789	6000000003628136249
Q151795	6000000219138937848
Q15179855	6000000029923366972
Q151803	6000000013461793411
Q1518077	6000000177067840822
Q151813	6000000003825032841
Q1518132	6000000067649386977
Q15183064	6000000010299625636
Q151833	6000000041158472295
Q151836	6000000031716523249
Q1518366	6000000057734843114
Q15184193	6000000008376476894
Q1518537	6000000007454594072
Q151856	6000000010877828819
Q151866	6000000045726764285
Q1518665	6000000004095722565
Q1518685	6000000012147968502
Q151869	6000000000954169394
Q151872	6000000003006216602
Q151874	6000000015219178640
Q151886	6000000178377838864
Q1518888	6000000019345449677
Q15189	6000000001449295063
Q151891	6000000036773812324
Q151892	6000000048910335821
Q151911	6000000003701093310
Q15192173	6000000003820980364
Q1519233	6000000013609142884
Q151929	6000000070482852830
Q15193	6000000001449427127
Q151932	6000000019948138463
Q151935	6000000002802961178
Q1519409	6000000035504735901
Q151953	6000000084955218899
Q15195763	6000000013558480290
Q15195850	6000000007375122264
Q1519671	6000000080837825889
Q151972	6000000011061363832
Q151973	6000000010103812916
Q15197320	6000000047358957859
Q151976	6000000169585894038
Q151983	6000000029391089981
Q1519933	6000000029402251674
Q151995	6000000002388712778
Q1520043	6000000088373407613
Q1520187	6000000097397762848
Q152019	296447164640001180
Q1520199	6000000013639037594
Q152025	6000000010742641374
Q1520407	6000000020956689942
Q15204736	6000000017316350306
Q15204851	6000000075401475152
Q15204981	6000000218374096846
Q15205035	6000000027361014641
Q15205058	6000000083277538986
Q15205078	6000000013293010681
Q15205099	6000000022449241256
Q15205117	4070415881350047879
Q15205154	6000000026269912636
Q1520541	6000000056468178827
Q15205768	6000000179189416879
Q15205823	6000000020029053409
Q15205838	6000000019731910035
Q15205860	6000000014803614922
Q15205868	6000000025711571310
Q15206036	6000000184883348822
Q15206054	5327768618990100952
Q15206171	6000000022351513492
Q15206432	6000000035394444071
Q1520652	6000000179156156840
Q15207457	6000000003230333806
Q15207663	6000000033724578685
Q15207961	6000000084818745172
Q15208	6000000001368045097
Q1520819	6000000015422727206
Q1520919	6000000030103373911
Q152094	6000000000703434259
Q1520967	6000000163566181821
Q152099	6000000001846817008
Q15210091	6000000002324659326
Q152101	6000000014653925120
Q15210307	6000000154051642831
Q15210884	6000000034189339452
Q15211102	6000000036878206079
Q1521146	4581293422620038844
Q152125	6000000017394918681
Q15212548	6000000152502581825
Q1521281	6000000001596019012
Q1521384	6000000047322976843
Q1521436	6000000038237557878
Q15214627	6000000177359656837
Q15215572	6000000103507030911
Q152157	6000000002240799339
Q15215836	5528853185690118773
Q15215840	6000000024942093107
Q1521637	6000000156634619898
Q15216438	6000000112871609991
Q152176	6000000021468016393
Q1521764	6000000180197119836
Q1521765	6000000013172489740
Q15217756	6000000016147609482
Q15218191	6000000020439335684
Q1521860	6000000159605598821
Q152187	6000000018337155591
Q1521908	4092280
Q1521950	6000000007014385295
Q1521971	6000000182409041851
Q1521979	6000000182407821857
Q1521986	6000000036176938936
Q1522032	6000000157380033990
Q15220379	6000000182717394875
Q15220437	6000000074187317055
Q15220534	6000000012137635399
Q15220566	6000000157501311879
Q15220632	6000000040879020795
Q152208	6000000009017955355
Q15220907	6000000010314130231
Q1522103	6000000148038773954
Q15221084	6000000006127223596
Q15221134	6000000021203239587
Q15221150	6000000022628980898
Q15221228	6000000011048167392
Q1522146	6000000101296884928
Q15221558	6000000006987536907
Q1522158	6000000069368821821
Q15221713	6000000053545640027
Q15221718	6000000069907812893
Q15221719	6000000069906033835
Q15221771	6000000013600116084
Q1522191	6000000008354387861
Q15222089	6000000028793706547
Q15222315	6000000118608182877
Q15222427	6000000015714651498
Q1522268	6000000142662054823
Q1522269	6000000015896566917
Q1522271	6000000000481814079
Q1522273	6000000140822667822
Q15222775	6000000037154268105
Q15222780	6000000009954653313
Q15222833	6000000041172150910
Q152229	6000000004178657304
Q1522291	6000000029939080156
Q15223058	6000000018386721394
Q1522306	6000000136535935953
Q15223205	6000000013806009317
Q15223223	6000000174436599621
Q1522367	6000000166386293954
Q1522389	6000000065008858139
Q152239	6000000003081589893
Q1522429	6000000156480564822
Q152245	6000000000697518124
Q1522470	6000000151266199828
Q1522516	6000000184212563876
Q152260	6000000003070981015
Q15226608	6000000026245341849
Q152272	6000000019670034199
Q152274	6000000023090892857
Q1522877	6000000129392181980
Q152293	6000000018503578488
Q15229595	6000000021110446702
Q15229618	6000000019520494586
Q15229631	6000000019519692781
Q15229685	6000000016734247938
Q1522975	6000000038384698940
Q152298	6000000084968070837
Q152301	6000000021160015338
Q15230282	6000000016391085796
Q1523033	6000000007729077860
Q152306	6000000008103088751
Q152308	4112056
Q1523106	322045439670007396
Q1523143	6000000012471577270
Q152316	6000000003075017807
Q1523240	5594756398310028221
Q152325	6000000079827256831
Q1523282	6000000006265484751
Q1523303	6000000025607993248
Q1523345	6000000181813871929
Q15233979	6000000079008165950
Q1523419	6000000029582457529
Q152347	294495189740006410
Q1523528	6000000041996851080
Q1523584	6000000027917451025
Q1523665	6000000028023548832
Q1523689	6000000064177212899
Q1523769	6000000022856594426
Q1523773	6000000013726591654
Q15238469	6000000142740589822
Q1523848	6000000078040767236
Q15238642	6000000057521467838
Q1523871	6000000001299393591
Q152393	6000000010501063184
Q1523969	6000000004571404674
Q1524001	6000000028025733386
Q1524004	6000000017807360392
Q15240265	6000000008371813437
Q1524074	6000000020134967008
Q15240746	6000000026902287223
Q15240751	6000000026903373099
Q15240775	6000000029239477443
Q15240777	6000000018358749694
Q15240790	6000000026903033921
Q1524089	6000000000077830346
Q15240964	6000000010384005438
Q15241382	6000000012632408449
Q15241677	6000000006127578076
Q1524227	6000000008218104029
Q1524263	6000000030454239001
Q1524274	6000000051702551949
Q152428	6000000013272969658
Q1524329	6000000011162278833
Q152437	6000000015488641424
Q15243776	6000000029922051493
Q15244085	6000000023110697081
Q152451	6000000017713972310
Q152452	6000000001312478616
Q1524607	6000000054634887329
Q152461	6000000045740783821
Q1524616	6000000034215316980
Q1524627	6000000028106014194
Q152463	6000000002614380860
Q1524638	6000000006870173432
Q1524650	6000000026215950047
Q152474	6000000021700878065
Q1524768	6000000002823092981
Q152479	6000000103283267883
Q152480	6000000000632019607
Q1524838	6000000021056495796
Q1524868	6000000027497785095
Q1524910	6000000039998003030
Q1524931	6000000059757972112
Q15249723	6000000078342790838
Q15249844	6000000179699199822
Q15249864	6000000032670601208
Q152505	6000000010685170541
Q1525082	6000000176958935838
Q1525090	6000000023728814110
Q1525100	6000000150857826858
Q152513	6000000000286188363
Q1525158	6000000019443222488
Q152520	4459244921790039047
Q152524	6000000029056262070
Q15253393	6000000045240668910
Q152534	6000000001515008822
Q1525346	6000000146512677189
Q1525425	6000000008107826155
Q1525437	6000000079316402821
Q1525438	6000000091183191837
Q1525470	6000000164251852867
Q15254779	6000000015791026334
Q152549	376340655760013373
Q1525500	6000000152211349013
Q1525522	6000000185488609825
Q1525531	6000000026812447104
Q1525603	6000000062914223882
Q1525679	6000000167339665233
Q15257	6000000012737863678
Q1525718	6000000156223482833
Q1525723	6000000012751328516
Q1525727	6000000157082231833
Q1525761	6000000178285805840
Q1525784	6000000157392208822
Q1525787	6000000145518280901
Q1525842	6000000067596971018
Q1525888	6000000166883829111
Q1525907	6000000116118360120
Q1525924	6000000015342758036
Q1525950	6000000145424948830
Q1525988	6000000102338126345
Q1525995	6000000163831101168
Q1525999	6000000003397188997
Q1526003	6000000151396561846
Q15260395	6000000024916704889
Q15260687	6000000011200624426
Q15260802	6000000006434624789
Q1526128	6000000045103087826
Q1526143	6000000027129651727
Q1526160	6000000019754599088
Q1526170	6000000002188510671
Q1526206	6000000182707969905
Q1526213	6000000020308155003
Q1526236	6000000134491441825
Q1526278	6000000109509487849
Q15262813	6000000003510585454
Q1526285	6000000166923245834
Q1526302	6000000023498663402
Q1526333	6000000166692933834
Q1526339	6000000158130084834
Q1526349	6000000004159313402
Q15263546	6000000018110949370
Q15263581	6000000038999939329
Q1526369	6000000038770007054
Q1526373	6000000129085295952
Q15263798	6000000019189405960
Q1526406	6000000137125297945
Q1526432	6000000141073096837
Q1526436	6000000020933374623
Q15264582	6000000042188015028
Q15264582	6000000062274026821
Q1526481	6000000140998043887
Q15265038	6000000022289791235
Q15266009	6000000086915684872
Q15266258	6000000081792804356
Q152666	6000000027899817276
Q1526791	6000000036878383130
Q15268879	6000000176010412874
Q15269154	6000000016283707303
Q15269194	6000000050858363861
Q1526928	6000000106614219989
Q15269820	6000000008565577591
Q1527010	6000000177922634953
Q15270266	6000000170421442959
Q1527060	6000000141008411316
Q1527067	6000000024114187880
Q152713	6000000031388583985
Q152717	6000000003858776789
Q1527176	6000000031754620562
Q1527178	6000000183548330822
Q1527193	6000000173411013822
Q1527199	6000000010191612779
Q1527201	6000000025899764012
Q15272011	5528881807000076679
Q1527206	6000000019731490329
Q15272179	6000000019654847434
Q1527270	6000000174638021824
Q1527281	6000000020879419033
Q15273331	6000000026683373105
Q15273498	6000000002759548002
Q1527525	6000000037019295799
Q152756	6000000001651577833
Q15275947	6000000022627710603
Q152760	6000000009784441033
Q1527667	6000000020387638149
Q152767	6000000112145930841
Q15276704	6000000018360188001
Q1527673	6000000065146446834
Q1527696	6000000008390619113
Q1527699	6000000025645435531
Q1527756	6000000043586152019
Q152776	6000000031815757533
Q152779	892470
Q152782	6000000000090846796
Q15278707	6000000005441275521
Q152788	359886423030012293
Q1527893	6000000150151780838
Q15278986	6000000173535092072
Q152793	6000000029186909670
Q15279429	6000000030303076802
Q1527968	6000000015644468470
Q152797	6000000034408276561
Q1527973	6000000015732873555
Q1527985	6000000145520326863
Q1527991	6000000166891483047
Q15280	6000000015065026239
Q1528036	6000000178602318901
Q1528059	6000000156546038006
Q1528063	6000000182784425822
Q15280709	6000000035757905335
Q15280817	6000000023835494781
Q15280920	6000000064925803897
Q1528099	6000000021146443234
Q1528102	6000000156495070822
Q15281133	6000000000628783459
Q1528123	6000000020669447301
Q1528124	6000000013530057218
Q1528133	4262983076910012491
Q1528147	6000000151117018327
Q1528163	6000000156940256823
Q1528172	6000000179112066872
Q1528185	6000000015810156421
Q1528189	6000000167971806038
Q1528195	6000000141060594898
Q1528208	6000000142885491051
Q1528224	6000000054372126903
Q1528234	6000000137614551939
Q152824	6000000006828391053
Q1528247	6000000177973737831
Q1528255	6000000041972086034
Q1528270	6000000151333583848
Q1528301	6000000015804004210
Q152832	6000000184222600871
Q1528327	6000000069453183829
Q1528329	6000000158044867837
Q15283343	6000000010533357544
Q15283380	6000000084022272821
Q1528372	6000000057959261046
Q15283798	80178
Q1528389	6000000023469422055
Q1528393	6000000023190527821
Q15284112	6000000024682616757
Q1528412	6000000145004072909
Q1528420	6000000006101404573
Q152843	6000000003209299520
Q1528444	6000000094007714832
Q15284464	6000000137326213839
Q15284598	6000000027274201769
Q15284724	6000000027274861886
Q1528475	6000000038126526831
Q152850	6000000013333388727
Q1528508	6000000123018212874
Q1528513	499299
Q1528533	6000000178329592829
Q1528563	6000000166075968824
Q1528580	6000000134090127927
Q1528587	6000000042114699101
Q1528609	6000000181639368821
Q1528626	6000000151357209865
Q1528653	6000000151466236078
Q1528676	6000000142889995054
Q15287149	6000000017552779080
Q1528748	6000000038163406891
Q1528754	6000000022343635898
Q1528774	6000000089076036855
Q152888	6000000027854739334
Q1528883	6000000023419935459
Q1528918	6000000006574993041
Q1528981	6000000079440671548
Q15290557	6000000165983357675
Q15290863	6000000121186883220
Q1529099	6000000004213499018
Q15291073	6000000000304449887
Q15291074	6000000000304594570
Q1529108	6000000004867857843
Q15292027	6000000140159877899
Q152923	6000000076696178669
Q15292821	6000000011328849326
Q15292843	6000000073070092852
Q15292894	6000000016727586063
Q152929	6000000000875595999
Q15292901	6000000017098682558
Q15293041	6000000017099254368
Q15293108	6000000017099409088
Q152935	6000000003193226761
Q1529354	6000000172922632119
Q152947	6000000029112771635
Q15295215	6000000004210722948
Q15296002	6000000023681270849
Q1529653	6000000003111688046
Q15296611	6000000171934463060
Q15296670	6000000038346784225
Q1529685	6000000002403896156
Q15296929	6000000025413053680
Q1529701	6000000023359274191
Q1529709	6000000000796860925
Q15297103	6000000021089078969
Q15297886	6000000033170654459
Q15298314	6000000010800513006
Q1529833	6000000003076761744
Q152988	6000000071678630549
Q1529885	6000000115259897054
Q1529940	6000000027484746102
Q15300084	6000000020205040697
Q153002	6000000136540924940
Q15300365	6000000000728605056
Q15300545	6000000045152568873
Q15300679	6000000166715323822
Q15300724	6000000016253248437
Q153008	6000000020131084513
Q1530083	330783461600006181
Q153018	6000000069049895909
Q1530192	6000000024638239097
Q1530199	5634471707430037047
Q15301994	6000000079819579132
Q153020	6000000003341005950
Q15302241	6000000006829368209
Q1530236	6000000021197981435
Q1530269	6000000007756777713
Q1530283	6000000008780404861
Q15302917	6000000048746931823
Q15302942	6000000008477462304
Q15303124	6000000012428483995
Q15303126	6000000023728650846
Q153032	6000000084899430244
Q153034	6000000017920933202
Q15303812	6000000002239096603
Q1530406	6000000041107092492
Q15304197	6000000001654437254
Q15304393	6000000172656160621
Q1530440	6000000028892198821
Q15304435	6000000035338050596
Q15304459	6000000028870915006
Q15304503	4434125442050075921
Q15304675	6000000007836206428
Q153047	6000000009743623938
Q15304713	6000000006497277473
Q1530497	6000000019081951594
Q1530557	6000000014959806983
Q1530559	6000000194383983889
Q1530579	6000000060404420826
Q15306529	6000000010465444021
Q1530734	6000000012712812375
Q1530739	6000000144720816114
Q1530754	4670852235510028930
Q1530758	6000000041100123064
Q1530778	6000000017175965849
Q1530794	6000000016390579515
Q1530802	6000000076927557892
Q1530826	6000000033529637105
Q1530835	6000000070999174381
Q15308941	6000000130448610872
Q15309596	6000000081545177740
Q1530966	6000000009618632777
Q1530989	6000000011100371503
Q153099	6000000006101459408
Q1531013	6000000030579414854
Q1531038	6000000037535813911
Q153104	6000000037650907358
Q1531071	6000000139317172801
Q1531081	6000000072436146870
Q1531083	6000000026651586214
Q1531118	6000000020037734574
Q1531120	6000000044124411322
Q15311487	6000000012183447818
Q15311495	6000000017433902715
Q15311692	6000000179430683825
Q153120	6000000011939463685
Q153125	6000000117640752862
Q1531264	6000000000686175262
Q153132	6000000012269121633
Q153141	6000000084240653988
Q1531447	6000000004097637646
Q1531480	6000000013515394192
Q15314881	6000000157613711851
Q153149	6000000008109205427
Q153153	6000000040517716724
Q1531562	6000000077302712113
Q1531577	6000000088659399970
Q153159	6000000023884699015
Q153160	6000000103707035829
Q153167	6000000022771952467
Q1531779	6000000077979950755
Q153178	6000000041277389446
Q1531797	2711934
Q1531803	6000000030708378073
Q1531825	6000000025055491940
Q153185	6000000042367524464
Q1531866	6000000053756456037
Q1531892	6000000020200168085
Q153194	6000000029939312356
Q1531962	6000000178056794907
Q1531988	6000000016844415128
Q153201	6000000030008006458
Q1532023	4933381133580037657
Q153210	6000000026295626765
Q1532143	6000000010135087481
Q1532174	6000000004042092880
Q1532224	6000000136948238909
Q153224	6000000040485537149
Q1532260	6000000042424574457
Q1532266	6000000046083006848
Q153232	6000000020611784956
Q1532331	6000000130816622822
Q1532346	6000000026762458154
Q1532358	6000000053194850015
Q153238	6000000024463728041
Q153243	6000000017681334847
Q153244	6000000024221732764
Q153248	6000000031884502941
Q1532514	6000000083866977238
Q1532586	6000000024207739062
Q153262	6000000086838540075
Q1532667	6000000141984305888
Q1532689	6000000040279338014
Q1532693	6000000085887969883
Q15327330	6000000003232563277
Q1532836	6000000017105610275
Q1532874	6000000076895260843
Q153288	6000000043353231462
Q1532935	6000000040535124791
Q1532951	6000000029619626267
Q1532992	6000000000412688093
Q1533012	6000000078746975250
Q1533089	6000000042131152735
Q15331279	6000000011574312362
Q1533183	6000000061843360866
Q1533214	6000000041743440858
Q153322	6000000204407005839
Q1533237	6000000077662989096
Q1533272	6000000031923008828
Q1533285	6000000020376222661
Q15332862	6000000069444150915
Q153330	6000000003075086647
Q153332	6000000029258909096
Q1533336	6000000009785834741
Q1533438	6000000017018274026
Q1533465	6000000019138256668
Q1533556	6000000001180345252
Q153358	6000000018866904566
Q1533641	6000000017705461416
Q1533808	6000000000475182088
Q153381	6000000126198108890
Q1533861	4985466555060100426
Q1533899	6000000007862536671
Q15339037	6000000016777299382
Q15340708	6000000153307006868
Q153408	6000000012261475973
Q1534082	6000000009806148325
Q1534145	6000000033007350937
Q15341596	6000000000773110940
Q153420	6000000015666664038
Q153421	6000000029934801181
Q1534214	6000000039031903058
Q153422	6000000083838338049
Q153425	6000000058085863857
Q1534254	6000000054174614883
Q1534260	6000000001504814300
Q1534284	6000000173905396309
Q1534319	6000000039744736956
Q1534428	6000000014208852699
Q1534433	297422331840006356
Q1534441	6000000020733209955
Q1534479	6000000075203964824
Q1534557	6000000020207845874
Q1534586	6000000014948581900
Q15346108	323399779060006439
Q153469	6000000040580188240
Q1534786	6000000003403186387
Q153481	6000000000517990252
Q15348802	6000000085523472997
Q1534988	6000000033971857969
Q1534990	6000000019239169216
Q153500	6000000010469086583
Q153501	6000000180694492839
Q1535061	6000000077954869950
Q153509	6000000001608286167
Q153513	6000000011837680680
Q1535162	6000000026285720531
Q153522	6000000016019181542
Q153527	6000000025917588728
Q1535309	6000000017894153694
Q15353557	6000000180060387856
Q153545	6000000009430132301
Q1535555	6000000041932678176
Q15356624	6000000044383495241
Q1535775	6000000178065935839
Q1535783	6000000018164272246
Q153579	6000000025414491717
Q1535819	6000000012939956348
Q15359377	6000000023968655929
Q15359553	6000000010383413217
Q153601	6000000001545622454
Q1536037	6000000030525329167
Q15360566	6000000019290060335
Q1536067	6000000019734918994
Q1536111	6000000024266292821
Q153612	6000000003249234214
Q1536134	6000000064490222827
Q1536140	6000000023996172472
Q1536185	6000000001276563799
Q1536200	6000000029636156721
Q1536324	6000000018221533885
Q1536349	6000000027062806536
Q1536363	6000000044854124085
Q153637	6000000079045835972
Q15363953	6000000008449750824
Q153640	6000000031099780902
Q1536430	6000000000154769058
Q1536517	6000000016147584126
Q153658	6000000010764310318
Q153670	6000000016493298832
Q1536729	6000000025996265405
Q153688	376453679620002754
Q153694	6000000076116605825
Q153696	6000000033026998744
Q1536967	6000000166874599142
Q153700	6000000046162697853
Q153707	6000000027042971888
Q1537073	6000000012707607910
Q153708	6000000068450019916
Q1537141	6000000007014454598
Q153717	6000000007178829263
Q1537194	6000000011067924123
Q15372374	6000000014515864695
Q153730	6000000000517595488
Q1537353	6000000016604489128
Q15373950	6000000014527566925
Q15373957	6000000173606949830
Q1537447	6000000014578730543
Q1537506	6000000008279512330
Q15375977	6000000001504519209
Q153761	6000000041947895192
Q15376256	6000000010687585515
Q15376289	6000000010687514339
Q1537650	6000000018475729226
Q1537667	6000000059037252940
Q1537669	6000000020744631198
Q15377915	6000000169825620920
Q15378700	6000000014874762061
Q153793	6000000094066437979
Q1538000	6000000179679677847
Q153801	6000000017394918646
Q153803	6000000003655365673
Q1538039	6000000077954336969
Q15380545	6000000099207710871
Q153810	6000000020210964864
Q1538120	6000000074695745838
Q1538127	6000000001384575188
Q153815	4033364832200075513
Q153819	6000000003484265294
Q15382384	6000000008439866652
Q1538262	6000000177119361860
Q1538269	6000000012362127939
Q153832	6000000068366407870
Q153850	6000000022137818350
Q1538588	6000000168135676915
Q1538656	6000000178495447839
Q1538663	6000000123545070825
Q1538715	6000000007775680435
Q1538820	6000000104977431828
Q15388414	6000000002709825759
Q1538848	6000000043030801367
Q153890	6000000012512719461
Q1538909	6000000023891104189
Q15389591	6000000129668439861
Q153899	6000000177031771884
Q153905	6000000004423766011
Q1539059	6000000040077955009
Q1539073	6000000007014401641
Q153909	6000000067748381877
Q1539105	6000000072720370997
Q153911	6000000019746372194
Q1539136	6000000177431061830
Q1539142	6000000016641417441
Q1539172	6000000151948612823
Q1539173	6000000073621483932
Q15391807	6000000018691148152
Q15391809	6000000007062966700
Q1539189	6000000083124270886
Q1539195	6000000018666243353
Q15391950	6000000035347596355
Q1539212	6000000015808077570
Q1539225	6000000178829436826
Q1539230	6000000095489853861
Q15392357	6000000015689418917
Q15392399	6000000017977554170
Q1539279	6000000011070484812
Q1539312	332495728370012445
Q15393338	6000000002746327726
Q1539340	6000000021562365577
Q1539343	6000000024473196521
Q1539348	6000000008526400320
Q1539384	6000000076673884841
Q153940	4103872
Q1539400	6000000171712624845
Q15394032	6000000129554540869
Q1539404	6000000102784014837
Q15394323	6000000098150448950
Q15394325	6000000098150551913
Q15394333	6000000019149555229
Q1539438	6000000091357032834
Q1539441	6000000024515739221
Q1539445	6000000118825536903
Q15394496	6000000041135507358
Q1539502	6000000040721004347
Q1539556	5534777738580134213
Q1539559	6000000175750945854
Q15395999	4489946655090120264
Q1539619	6000000019193556658
Q1539637	6000000022626251800
Q1539638	6000000080199079252
Q15396445	5287449340150069296
Q1539646	6000000017757324831
Q1539686	6000000023983456670
Q1539692	6000000142643176869
Q1539717	6000000046186167421
Q1539745	6000000007705860250
Q1539769	6000000018386745693
Q1539787	6000000003644924874
Q1539803	6000000028439026376
Q1539812	6000000178240501861
Q1539844	6000000020073415438
Q1539855	6000000039350717622
Q1539864	6000000062442512183
Q1539867	6000000004096070153
Q1539877	6000000035061235153
Q1539886	6000000017415934830
Q1539924	6000000073125297058
Q1539936	6000000097709532903
Q1539938	6000000182040242825
Q1539948	6000000023895374235
Q153996	6000000080236398851
Q1539969	6000000171493180968
Q1540001	6000000030915328796
Q1540018	6000000067936428021
Q1540068	6000000064942837897
Q154010	6000000011466694204
Q154014	6000000063719605889
Q15401534	6000000178595070860
Q15401553	6000000036251192025
Q15401554	6000000011046766785
Q15401594	6000000025397715395
Q15401878	6000000137408897824
Q1540195	6000000131529681023
Q15402451	6000000024580656420
Q15402642	6000000013249481892
Q15402999	6000000166784131822
Q1540307	6000000077944765745
Q1540317	6000000178579130829
Q1540367	6000000000594053170
Q154045	6000000006101264139
Q15404597	6000000216654853821
Q15405	6000000011170792824
Q15405912	6000000030031308092
Q15406798	6000000000083554452
Q15406959	6000000008950530344
Q15406991	6000000066542027859
Q15407116	6000000002171954503
Q15407129	6000000066696162971
Q15407235	6000000002965718349
Q15407250	6000000024792583058
Q15407301	6000000046979047028
Q15407328	6000000074749667833
Q15407334	6000000033242228894
Q15407411	6000000062268414028
Q15407451	6000000179443132832
Q15407602	4754996507090030221
Q15407689	6000000039575547370
Q15407959	6000000008449332099
Q15407991	6000000099744222531
Q15408076	6000000027434238222
Q154083	6000000022245327541
Q15408881	6000000181036310844
Q15409321	6000000065597640821
Q1541	6000000012715965782
Q15410	6000000002583987954
Q15410427	6000000141001373887
Q15410468	6000000018164346657
Q1541048	6000000025182055646
Q15410514	6000000002399886837
Q15410613	6000000143189555823
Q15410657	6000000006917963157
Q15410810	6000000034544537873
Q15410891	6000000185334616849
Q15411077	6000000017944327292
Q15411278	6000000011320946314
Q15411477	6000000166220799047
Q1541237	6000000011908142951
Q1541295	4301390296960031538
Q1541331	6000000022903255305
Q1541357	6000000017952430791
Q15414	6000000001094145915
Q154145	6000000044289269964
Q1541530	6000000038501066827
Q1541536	6000000080088024834
Q1541553	6000000036961946897
Q1541765	6000000155270246825
Q1541806	6000000035614775260
Q15418169	6000000002361749687
Q1541821	6000000024373535940
Q1541885	6000000080707492051
Q1541943	6000000015370252493
Q1541981	2145652
Q1542094	6000000001236079041
Q154211	6000000020298972087
Q1542141	6000000014883770526
Q1542145	6000000013472197895
Q154222	6000000166741266861
Q1542244	6000000021302779677
Q154232	6000000003138681853
Q154260	6000000024364520106
Q154269	6000000069319632205
Q15427343	6000000047857716900
Q15427407	6000000091848884844
Q15427574	6000000003811088116
Q15427592	6000000013601134306
Q15427643	6000000012154374629
Q15427919	6000000027830083695
Q1542805	6000000007322469891
Q15428075	6000000196114887884
Q154281	6000000010650612135
Q15428195	6000000021051209213
Q15428199	4018033061690120410
Q15428200	6000000103363586866
Q15428202	6000000010362392266
Q15428211	6000000103363816821
Q15428214	6000000013724773160
Q15428219	6000000117690775838
Q15428241	6000000118202053940
Q15428275	6000000047333236851
Q1542828	6000000048923253165
Q15428280	6000000025347477165
Q15428304	6000000026366880891
Q15428310	6000000127572303023
Q15428354	6000000038164274712
Q15428384	6000000012361608319
Q15428432	6000000018559142315
Q15428440	6000000071032685797
Q15428489	6000000011588682418
Q15428507	5477700527030129807
Q15428520	6000000017479823445
Q15428522	6000000018502016293
Q15428557	6000000052830436006
Q15428561	6000000030327476444
Q15428573	6000000022301190314
Q15428578	6000000009300749112
Q15428583	6000000018153678078
Q15428584	6000000011471554512
Q15428652	6000000078768781671
Q15428682	6000000001993526723
Q15428697	6000000034960559369
Q154287	6000000003276300643
Q15428702	6000000038513193933
Q15428714	6000000006802111708
Q15428729	6000000006444214285
Q15428765	6000000027495949138
Q15428777	6000000017413829426
Q15428785	6000000040632279861
Q15428787	6000000017551987687
Q15428797	6000000181017707838
Q15428824	6000000074318744168
Q15428826	6000000020528586053
Q15428894	6000000015664766254
Q15428896	6000000006444097428
Q15428937	6000000082028819925
Q15428942	6000000024290204237
Q15428942	6000000052755887878
Q15428948	6000000177585570917
Q15428951	6000000016103710654
Q15428954	6000000180779724826
Q15428983	6000000034191445284
Q15429004	6000000020250706846
Q1542901	6000000026188925210
Q15429013	6000000004590077487
Q15429060	6000000081061300988
Q15429080	6000000007057759272
Q15429099	6000000006348465861
Q15429150	6000000018021111568
Q15429151	6000000007389493824
Q15429168	6000000061212362587
Q15429261	6000000042422441973
Q15429268	6000000037750612967
Q15429285	6000000031410598396
Q15429306	6000000007461514130
Q15429349	6000000005598924273
Q15429390	6000000033181394684
Q15429402	6000000031803832013
Q1542943	6000000005599062832
Q15429441	6000000013836298206
Q15429447	6000000006257619351
Q15429462	6000000025552801081
Q15429503	6000000003157380531
Q15429521	6000000014650251465
Q15429545	6000000001335708339
Q15429555	6000000066549774997
Q15429570	6000000089866792441
Q15429611	6000000007454339142
Q15429612	6000000074598229852
Q15429614	6000000028109830973
Q15429618	6000000001356953748
Q15429621	6000000114135070839
Q15429631	6000000114135288857
Q15429660	6000000076320506946
Q15429667	6000000114133677003
Q15429698	6000000004993116242
Q15429707	6000000065533949059
Q15429711	6000000114489672844
Q15429728	6000000007290499560
Q15429895	6000000004296442175
Q15429918	6000000025582027620
Q15429921	6000000013896960483
Q15429931	6000000017690859942
Q15429934	6000000167316468877
Q15429972	6000000009047596429
Q15429977	6000000003524404746
Q15430045	6000000026825191161
Q15430086	6000000041344122089
Q15430099	6000000089485968893
Q15430103	6000000000021963539
Q15430125	6000000107446906013
Q15430133	6000000037031637516
Q15430137	6000000009370245314
Q15430147	6000000101119860036
Q15430177	6000000002764373680
Q15430219	6000000042857126878
Q15430238	6000000121892164454
Q15430263	6000000012876546102
Q15430279	6000000182412629823
Q15430300	6000000000316772614
Q15430309	6000000014440450327
Q15430340	6000000045294101228
Q15430347	6000000074784437407
Q15430379	6000000025953184393
Q15430414	6000000013176920396
Q15430417	6000000070112287919
Q15430421	6000000013899470194
Q15430449	6000000030421063096
Q15430450	6000000183993620836
Q15430465	6000000038973991461
Q15430496	6000000084176981175
Q15430531	6000000059617556154
Q15430589	6000000152866140823
Q15430593	6000000013896740387
Q15430625	6000000113879394943
Q15430629	6000000019875872048
Q15430670	6000000094843881867
Q15430672	6000000055661246212
Q15430673	6000000020269506484
Q1543071	6000000076696274528
Q15430730	6000000037459815418
Q15430761	6000000157324223822
Q15430804	6000000016932051436
Q15430824	6000000016093657096
Q15430905	351854166380002527
Q15430958	6000000138636165822
Q15430967	6000000002010502012
Q15430972	6000000058363571844
Q15430991	6000000008190121057
Q15431025	6000000018639286040
Q15431056	6000000025004248133
Q15431059	6000000010620822483
Q15431133	6000000094121995897
Q15431139	6000000007456929551
Q15431196	6000000096323488866
Q15431204	6000000039895145176
Q1543127	6000000010401736974
Q15431273	6000000017017738117
Q15431279	6000000016019148407
Q15431307	6000000120648864045
Q15431348	6000000015652685521
Q15431351	6000000013077328295
Q15431431	6000000174306580882
Q15431433	6000000025604529892
Q15431461	6000000009465391211
Q15431473	6000000038210779911
Q15431524	6000000139486724893
Q15431578	6000000169685204009
Q15431618	6000000011284213286
Q1543164	6000000070986809373
Q15431645	6000000011675232823
Q15431656	6000000176954390857
Q15431706	6000000041681577907
Q15431860	6000000061206584094
Q15431873	6000000082571676890
Q15431907	6000000014252477475
Q15431928	6000000055745304938
Q15431942	6000000026147389826
Q15431969	6000000037592927654
Q15431976	6000000038164978481
Q15431978	6000000003667650317
Q15431999	6000000014950177096
Q15432069	6000000091980138845
Q15432150	6000000059193812351
Q15432228	6000000019021692344
Q15432265	6000000049824153459
Q15432283	6000000053179264255
Q15432425	319993187680002230
Q15432432	6000000024023967894
Q15432435	6000000040460110755
Q15432494	6000000018138607168
Q154325	6000000018569590671
Q15432509	6000000055727808152
Q15432570	6000000021520463028
Q15432590	6000000031018682946
Q15432598	6000000077715039964
Q15432606	6000000069064871822
Q15432620	6000000151664020921
Q15432650	6000000032917286475
Q15432674	6000000014945812749
Q15432754	6000000001128961050
Q1543279	6000000004838212850
Q15432836	6000000174653884833
Q15432846	6000000085483656102
Q15432877	6000000084960506011
Q15432885	6000000022172389700
Q15432909	6000000059294066846
Q15432926	6000000199091719590
Q15433084	6000000026904511691
Q154331	6000000040672966087
Q15433233	6000000031851132779
Q15433241	6000000031851440038
Q15433266	6000000041130485702
Q15433318	6000000024292646911
Q15433333	6000000095361944834
Q15433336	6000000027234287523
Q15433351	6000000148988664900
Q1543338	6000000021660422881
Q15433397	5458628451660037166
Q15433516	3884085
Q15433547	6000000103941324228
Q15433561	6000000178213242876
Q15433604	6000000046617602054
Q15433629	6000000018649439283
Q15433698	6000000034250115944
Q15433722	6000000007249665835
Q15433816	6000000021795160498
Q15433864	6000000002911593907
Q15433949	6000000028378068512
Q154340	6000000016895976614
Q1543405	6000000014582240798
Q15434142	6000000017116011045
Q15434145	6000000024157603616
Q15434172	6000000025782701060
Q15434180	6000000037698024910
Q15434242	6000000025607265756
Q15434326	6000000026800158718
Q15434471	6000000016802192076
Q154345	6000000043201196679
Q15434500	6000000013112632455
Q15434527	6000000009919785511
Q15434581	6000000101855485889
Q15434587	6000000007235885282
Q15434589	6000000026215901110
Q15434597	6000000026215773482
Q154346	6000000218037533841
Q15434626	6000000022305641278
Q15434644	6000000079142624389
Q15434698	6000000063836537921
Q15434754	6000000010302179734
Q15434830	6000000043100824955
Q154349	6000000022525129135
Q15434947	6000000145548315895
Q15434990	6000000067953307975
Q15435001	6000000028297885081
Q15435032	6000000022568959650
Q15435057	6000000016829823755
Q15435108	6000000173298570358
Q15435147	6000000043173510053
Q15435163	6000000027420156092
Q15435225	6000000003891362673
Q15435276	6000000007217986260
Q15435284	6000000046617322393
Q15435286	6000000144812200119
Q154353	6000000043231879515
Q15435358	6000000009047732229
Q15435362	6000000021740814120
Q15435450	6000000028463725899
Q154356	6000000000327386379
Q15435611	6000000084317715877
Q15435668	6000000043049496399
Q15435676	6000000024632133538
Q15435872	6000000012239948834
Q15435918	6000000130228199859
Q15435933	6000000039191151539
Q15435942	6000000084068003007
Q15436019	6000000012673999732
Q15436069	6000000178484208151
Q15436098	6000000112295381841
Q15436107	6000000015702119538
Q15436126	6000000012941061977
Q15436164	6000000080395525110
Q15436168	6000000022973743218
Q15436184	6000000062563273421
Q15436184	6000000062584786863
Q15436190	6000000028648441969
Q15436214	6000000029597528329
Q15436221	6000000138360365858
Q15436228	6000000005224295484
Q15436235	6000000023809815128
Q15436292	6000000190614300843
Q15436365	324564761100002847
Q15436448	6000000007606972321
Q15436507	6000000006196258259
Q15436567	6000000079479689886
Q15436596	6000000058945815976
Q15436669	6000000038901711533
Q154367	6000000013331240741
Q1543671	6000000027833631556
Q15436751	6000000180093913871
Q15436798	6000000025358425354
Q15436822	6000000011199780303
Q15436988	6000000179812730863
Q15437003	6000000180627973829
Q15437204	6000000088073283878
Q15437209	6000000029939850823
Q15437235	6000000007764806605
Q15437298	6000000006705382469
Q15437404	6000000003076922073
Q15437476	6000000137589606834
Q15437482	6000000000263284005
Q15437494	6000000004096045112
Q15437496	6000000181620838821
Q15437499	6000000015529926247
Q15437555	6000000181712141853
Q15437556	6000000151354631887
Q15437595	6000000001915722317
Q15437614	6000000182568265842
Q15437621	6000000007454587856
Q1543769	6000000075845846888
Q15437705	6000000033458453864
Q15437884	6000000003076631116
Q15437887	6000000004228646417
Q15437955	6000000015799532798
Q15438022	6000000033511382983
Q15438026	6000000041715288361
Q1543805	6000000014635412423
Q15438104	6000000182578756825
Q15438183	6000000015731034576
Q15438187	6000000031198823690
Q15438191	6000000070593164918
Q154382	6000000002153421156
Q15438272	6000000023859900563
Q15438317	6000000010303273859
Q15438334	6000000071220280831
Q15438337	6000000089220887880
Q15438363	6000000033709541954
Q15438365	6000000084450054899
Q15438391	6000000071381296880
Q15438397	6000000012307232557
Q15438426	6000000007446689443
Q15438470	6000000036387146269
Q15438473	6000000041049774208
Q15438507	6000000016459190615
Q15438539	6000000023188127862
Q15438544	6000000062110305949
Q15438569	6000000037553994947
Q15438606	6000000015557241856
Q15438606	6000000036905113121
Q15438612	6000000019716346757
Q15438627	6000000023297295035
Q15438629	6000000006444780722
Q15438632	6000000022755268872
Q15438643	6000000015875907839
Q15438746	6000000032347586584
Q154388	4695063
Q15438804	6000000092275622270
Q15438829	6000000038513600302
Q15438883	6000000082703267961
Q15438897	6000000020769711993
Q15438920	6000000036270568356
Q15438928	6000000030062628060
Q1543893	6000000023546478500
Q15438988	6000000006444750565
Q15438993	6000000091690792835
Q15439026	6000000023769288957
Q15439151	6000000112663397392
Q15439192	6000000015975892227
Q15439273	6000000025610517105
Q15439280	6000000131815813893
Q15439301	6000000054145092824
Q15439307	6000000084615206108
Q15439328	6000000023414621385
Q15439374	6000000003076377531
Q15439440	6000000021622991709
Q15439470	6000000024974852882
Q15439560	6000000062267317933
Q15439881	6000000146836375833
Q154399	6000000112841073871
Q15439904	6000000052072373116
Q15439979	6000000002536499601
Q15439987	6000000026189950933
Q15439990	6000000063728730846
Q15440025	6000000025449855135
Q15440065	6000000028500283250
Q15440117	6000000012463676773
Q15440169	6000000013436731360
Q15440197	6000000024569854837
Q15440235	6000000079210681631
Q15440254	6000000039837644299
Q15440312	6000000000533293593
Q15440343	6000000020021255355
Q15440369	6000000102874134913
Q15440373	6000000032694864949
Q15440421	6000000070400346862
Q15440499	6000000067824247344
Q15440522	6000000174824997044
Q15440530	6000000002690604192
Q15440565	6000000111589007830
Q15440567	6000000137371742836
Q15440587	6000000018526210934
Q15440593	6000000076664606972
Q15440601	6000000123434286151
Q15440624	6000000001318184755
Q15440629	6000000114816224844
Q15440640	6000000023760619480
Q15440653	6000000141000532949
Q15440755	6000000135852029821
Q15440761	6000000008006711507
Q15440765	6000000057348024874
Q15440834	6000000002188524457
Q15440835	6000000009232597269
Q15440877	6000000008630249837
Q15440896	6000000025037369850
Q15440904	6000000002824210768
Q15440920	6000000027191921969
Q15440932	6000000035821468399
Q15440936	6000000006201086868
Q15440938	6000000077507062943
Q15440964	6000000021714100176
Q154410	6000000006295106349
Q15441009	6000000010559690906
Q15441017	6000000054572738135
Q15441072	6000000004575033750
Q15441115	6000000023796035871
Q15441129	6000000026400971095
Q15441148	6000000018596996598
Q15441201	6000000088326894964
Q15441221	6000000024972010470
Q15441286	6000000026441431366
Q15441405	6000000017468021728
Q15441418	6000000024387467286
Q15441489	6000000126119561831
Q1544170	6000000010636442781
Q15441712	6000000014385458547
Q154418	6000000010996378241
Q15441865	6000000003471607192
Q15441871	6000000063399006822
Q154421	6000000008682960308
Q15442163	6000000000301823326
Q15442229	6000000010994462559
Q15442290	6000000134994217955
Q154423	6000000002913649206
Q15442692	6000000042919031821
Q1544295	6000000030939491346
Q15442970	6000000027647819353
Q15443007	6000000013518947935
Q15443032	6000000038968578323
Q1544350	5308874848930049957
Q154438	6000000004960346915
Q15444291	6000000117159406930
Q15444297	6000000006598432582
Q15444307	6000000037131221516
Q15444356	6000000032916278346
Q15444360	6000000050632644447
Q154444	6000000000307240559
Q15444450	6000000025057589677
Q15444487	6000000031137155045
Q15444514	6000000140005413874
Q15444659	6000000069562626100
Q15444668	6000000026886211892
Q15444670	6000000083617286056
Q15444696	6000000018816718683
Q15444706	6000000032336619942
Q15444736	6000000024903724103
Q15444741	6000000076054369990
Q15444760	6000000184601715003
Q15444783	6000000028892975552
Q15444803	6000000026056210628
Q15444839	6000000021476415163
Q15444910	6000000025259755217
Q15444914	6000000068217387888
Q15445073	6000000030748782802
Q15445088	6000000002802414487
Q15445089	6000000172395713854
Q15445113	6000000025765815349
Q15445199	6000000037489121272
Q15445209	6000000082836471076
Q15445252	6000000004934114728
Q15445259	6000000022929729017
Q15445364	6000000000100824178
Q15445431	6000000019669059079
Q15445452	6000000069900472034
Q15445464	6000000176121870047
Q15445480	6000000070523392847
Q15445540	6000000013530148687
Q15445553	6000000067905586821
Q15445580	6000000025182372532
Q15445612	6000000012152711376
Q15445654	6000000145332146852
Q15445687	6000000023280787826
Q15445722	6000000020490803875
Q15445731	6000000029455095818
Q15445764	6000000129647587865
Q15445779	6000000025965468068
Q15445804	6000000109530422844
Q1544581	6000000004086736543
Q15445867	6000000035239230115
Q15445879	6000000179996318821
Q15445925	6000000057511020883
Q15445976	6000000021185541425
Q15445976	6000000028662655865
Q154460	4104123
Q15446196	6000000078214379099
Q15446205	6000000026025524769
Q15446230	6000000024610766910
Q15446237	6000000016188365571
Q15446352	6000000026861948285
Q15446365	6000000067157250035
Q15446388	6000000016281487096
Q15446408	6000000051917951269
Q15446442	6000000057960831989
Q15446563	6000000015243840146
Q15446586	6000000036698331980
Q1544665	6000000114179871830
Q15446657	6000000002914622269
Q15446659	6000000134011027829
Q15446727	6000000000398504368
Q15446754	6000000181046318863
Q15446771	6000000000484133629
Q15447055	6000000026351387113
Q15447152	6000000034250041183
Q15447176	6000000076931602817
Q15447230	6000000087141337020
Q15447267	6000000018841765610
Q15447270	6000000057200971138
Q15447273	6000000020705811373
Q15447358	6000000015214980008
Q15447391	6000000055311251822
Q15447402	6000000024115774455
Q15447416	6000000003525416490
Q15447486	6000000008430867432
Q15447565	6000000071262770842
Q15447594	6000000077276253915
Q15448387	6000000002577125268
Q1544844	6000000011648505068
Q15448516	6000000025620838218
Q15448550	6000000008571621097
Q15448648	6000000104963838854
Q15448682	6000000018013848432
Q15448697	6000000024402089575
Q15448860	6000000025972957879
Q15448898	6000000024061759168
Q154490	6000000176933325876
Q15449035	6000000024543553036
Q1544904	6000000019884635117
Q15449041	6000000027308634621
Q1544905	6000000096705358998
Q15449112	6000000012746969354
Q15449118	6000000024683972155
Q15449136	6000000075845632032
Q1544916	6000000089276755859
Q15449194	6000000082238544994
Q15449225	6000000028453628340
Q15449259	6000000024774750392
Q15449306	6000000079500181934
Q15449332	6000000056987241861
Q15449346	6000000013676859322
Q15449403	6000000145925602875
Q15449424	6000000023031875373
Q15449451	6000000022471023525
Q15449468	6000000069715670862
Q15449480	6000000180899867860
Q15449536	6000000017155981981
Q15449538	6000000022471219183
Q15449544	6000000025890273943
Q15449790	2352898
Q15449851	6000000180721892821
Q15449855	6000000026150943551
Q15449858	6000000032320704115
Q15449870	6000000084554145434
Q15449880	6000000048523883829
Q15449926	6000000104930241944
Q15449983	6000000038564167815
Q1545	6000000032721777920
Q15450007	6000000013429228820
Q15450025	6000000173394878899
Q15450094	6000000176489265822
Q15450101	6000000070288962378
Q15450157	6000000032345062418
Q15450165	6000000094832818908
Q15450202	6000000083668189316
Q15450221	6000000042726896338
Q1545023	6000000046679670508
Q1545025	6000000127713929825
Q1545031	4065584530800059947
Q15450358	6000000021054523521
Q15450379	6000000027293359260
Q1545038	6000000103816959892
Q15450392	6000000084652302864
Q15450480	6000000221151914827
Q15450584	6000000080618792004
Q15450649	6000000058025656892
Q15450659	6000000019457130049
Q1545066	6000000177966219821
Q1545072	6000000003732938577
Q15450737	6000000084011821143
Q15450739	6000000025160033350
Q15450790	6000000086865092891
Q15450876	6000000029302889465
Q15450888	6000000041425713854
Q1545109	6000000078452873247
Q1545111	6000000013734245868
Q15451144	6000000002387980732
Q15451234	6000000078074532016
Q15451295	6000000084726890843
Q15451321	6000000169817812987
Q1545133	6000000062442101020
Q15451369	6000000184910630850
Q15451429	6000000069061519833
Q1545145	6000000081986164278
Q15451460	6000000030723312216
Q15451473	6000000024903537078
Q15451516	6000000021918784115
Q15451545	6000000127047060090
Q1545168	6000000031891219911
Q15451694	6000000010562110393
Q15451696	6000000010112041465
Q15451699	6000000002775184741
Q15451707	6000000029119023974
Q15451724	6000000153965497846
Q15451728	6000000020379226631
Q15451730	6000000023247140668
Q15451755	6000000061016975843
Q15451760	6000000127745865887
Q15451775	5106866301090063221
Q15451779	6000000002465123336
Q15451782	6000000003605020923
Q15451789	6000000149062347837
Q15451792	6000000038546116850
Q15451841	6000000022859652877
Q15451850	6000000181399258822
Q154519	6000000007954803263
Q15452040	6000000057254927877
Q15452043	6000000006079586798
Q15452051	6000000049649238129
Q15452061	6000000000301703578
Q15452096	6000000015819045928
Q15452106	6000000028915972981
Q15452116	6000000085586746978
Q15452120	6000000171944681782
Q15452170	6000000002586006797
Q15452201	6000000024598279923
Q15452202	6000000055412351116
Q15452223	6000000083639028861
Q1545223	6000000077783644928
Q15452276	6000000024569388083
Q1545228	6000000039450299960
Q15452283	6000000004055813068
Q15452307	6000000006519090001
Q15452308	6000000023359241194
Q15452356	6000000110899086821
Q15452381	6000000122738024207
Q15452384	6000000025020729871
Q15452387	6000000001827603166
Q15452420	6000000008884954146
Q15452476	6000000010961054061
Q15452496	6000000003517889882
Q15452585	6000000003703351263
Q15452604	6000000100706728832
Q1545261	6000000173929269752
Q15452614	6000000012698856617
Q1545263	6000000157278852841
Q15452658	6000000036972289994
Q15452662	6000000034731598732
Q15452673	6000000087534461197
Q15452674	6000000002799133425
Q15452738	6000000009396558394
Q15452747	6000000114659536005
Q15452761	6000000014893353479
Q15452820	6000000104364616822
Q1545284	6000000010726078150
Q15452860	6000000020680929850
Q15452900	6000000023524353183
Q15452919	6000000008322026527
Q15452925	6000000038764634334
Q15452945	6000000013506515830
Q15452972	6000000020502579998
Q15452973	6000000010037033769
Q15452976	6000000033004295550
Q15452985	6000000151660000919
Q15453001	6000000040617184763
Q15453002	6000000024347654710
Q15453098	6000000018924019027
Q15453108	6000000009912360518
Q15453111	6000000081562247078
Q15453145	6000000163424555905
Q15453147	6000000016690543068
Q15453195	6000000018143533409
Q15453235	6000000086355988074
Q15453236	6000000182585204840
Q15453251	6000000013288421115
Q15453257	6000000065154601840
Q15453313	6000000033305104457
Q15453390	6000000126175120929
Q15453528	6000000082677373984
Q15453542	6000000056098845189
Q15453555	6000000166009226931
Q15453601	6000000004590078298
Q15453605	6000000022332642970
Q15453704	6000000087125200896
Q15453738	4751070197710071652
Q15453777	6000000082011499219
Q15453785	6000000015219513671
Q15453792	6000000023756762839
Q154538	6000000010300173229
Q15453852	6000000066638416081
Q1545391	6000000042215060733
Q15454099	6000000065073319319
Q15454104	6000000012295687972
Q15454112	6000000125874088975
Q15454129	6000000119807006821
Q15454174	6000000038503959205
Q15454202	6000000000303749434
Q1545423	6000000043312008047
Q15454326	6000000015333223052
Q15454334	6000000141979582323
Q15454344	6000000023006044915
Q15454363	6000000016596947651
Q15454385	6000000010463810765
Q15454388	6000000070885367856
Q15454392	6000000017712245824
Q15454440	6000000009450031832
Q15454452	6000000020951317001
Q15454486	5062682425740052525
Q154545	6000000021096457011
Q15454513	6000000082734567013
Q15454572	6000000127079088914
Q15454650	6000000018501153628
Q15454676	6000000096184981313
Q15454791	6000000020906006037
Q15454803	6000000177093024882
Q15454823	6000000024449823958
Q15454869	6000000030794022718
Q15454911	6000000038196115938
Q15454913	6000000023006037046
Q15454922	6000000022784715629
Q15454959	6000000040485744200
Q154550	6000000035803272326
Q15455015	4413295918070038200
Q15455021	6000000141063430893
Q15455023	6000000025579282311
Q15455100	6000000002188612718
Q15455137	6000000015077581817
Q15455185	6000000000878968898
Q15455214	6000000040563857179
Q15455230	6000000076805697325
Q15455273	6000000044034603051
Q15455294	6000000027886241974
Q15455307	6000000016793093958
Q15455323	6000000070727152144
Q15455326	6000000014413579613
Q15455453	6000000024180782031
Q15455460	6000000010976516312
Q15455487	6000000098169539846
Q15455495	6000000026079696530
Q15455496	6000000061475832848
Q15455536	6000000009129694815
Q15455578	6000000009859180428
Q15455586	6000000033929093214
Q154556	6000000178853830833
Q15455648	6000000004690648951
Q15455714	6000000017555056987
Q15455720	6000000030854306896
Q15455909	6000000003878645074
Q15455960	6000000023282947584
Q15455976	6000000015746332665
Q15456005	6000000024875599590
Q15456018	6000000067486653951
Q15456089	6000000026435286187
Q15456132	6000000010541750348
Q15456154	6000000026160225211
Q15456159	6000000085620928957
Q15456194	6000000022675098879
Q15456225	6000000015396779833
Q15456306	6000000011061175567
Q15456430	6000000047425742026
Q15456433	6000000019691614809
Q15456478	6000000051179137988
Q15456529	6000000019393343104
Q15456571	6000000147305565828
Q15456603	6000000215394720822
Q15456620	6000000091243441842
Q15456677	6000000011770616460
Q15456696	6000000054494352821
Q15456740	6000000002488950806
Q15456769	6000000106980378974
Q15457027	6000000027016823218
Q15457101	6000000057253039846
Q1545724	6000000012684631490
Q15457281	6000000010923522569
Q15457663	6000000078568163941
Q15457735	6000000013366144865
Q15457887	6000000009626184582
Q15457900	6000000085176232909
Q15457902	6000000013019749375
Q15457915	6000000024776214094
Q15458128	6000000049989730551
Q15458154	6000000024989724322
Q15458271	6000000076904380632
Q15458282	6000000131759378872
Q15458319	6000000010506604220
Q15458473	6000000019187119631
Q15458607	6000000044050861073
Q15458611	6000000037921073012
Q15458632	6000000004079779302
Q15458652	6000000017904357625
Q15458738	6000000046228839982
Q15458786	6000000029157549115
Q15459034	6000000117842424912
Q15459090	6000000176628143862
Q15459148	6000000000266360590
Q15459166	6000000032963592827
Q15459189	6000000014423485409
Q15459340	6000000018668775354
Q154594	6000000006581056087
Q1545944	6000000185783475830
Q15459449	6000000006444165231
Q1545956	6000000031444236363
Q1545959	6000000014160599130
Q15459616	6000000022304462705
Q15459674	6000000013077099461
Q15459771	6000000013325740430
Q15459782	6000000177304725837
Q1545989	6000000059225166852
Q154599	6000000066741370830
Q1545992	6000000086521220985
Q15460038	6000000018388032141
Q1546005	6000000057238765037
Q1546011	6000000007679006820
Q15460133	6000000035276414928
Q1546019	6000000022172499531
Q15460238	6000000041064897849
Q15460280	6000000076327954822
Q1546037	6000000010838215943
Q15460585	6000000104958626861
Q15460615	6000000016216659227
Q15460628	6000000044216217857
Q15460645	6000000020251822590
Q15460648	6000000015787025554
Q1546077	6000000080491253194
Q15460780	6000000012676975611
Q15460850	6000000001843231459
Q15460907	6000000002334532723
Q1546095	6000000094057062016
Q15461008	6000000185214820878
Q15461069	6000000002765809570
Q15461158	6000000000841479463
Q1546117	6000000002215956431
Q1546121	4882667049640020896
Q15461233	6000000002188468451
Q15461418	6000000005755708005
Q154617	6000000038382026556
Q15461714	6000000078021903872
Q15462	6000000007536688688
Q15462196	6000000157607840876
Q15462285	6000000080150820390
Q15462476	6000000024414544037
Q15462536	6000000020446708220
Q15462704	6000000000501404777
Q15462923	6000000185465538842
Q15462930	6000000041385986197
Q15462975	6000000014408293762
Q15463028	6000000001420220651
Q15463168	6000000013239882850
Q154632	6000000015485735160
Q15463333	6000000002806038194
Q15463489	6000000154381314845
Q15463625	6000000006705623822
Q1546466	6000000015842030689
Q1546565	6000000206256368835
Q1546593	6000000032752487088
Q15466	6000000020205421853
Q15469	6000000006593810246
Q154691	6000000002932891242
Q154707	6000000178511250842
Q1547087	6000000073969485841
Q1547091	6000000027252080963
Q1547208	6000000087401747842
Q154723	6000000020720637716
Q1547260	6000000046237941437
Q15473503	6000000030939784846
Q15473650	5260962526550120516
Q15473675	6000000079465816959
Q1547490	6000000077979489561
Q154751	6000000043212047488
Q1547558	6000000047945584999
Q154756	6000000068387612842
Q154759	6000000001352037461
Q15475922	6000000186931673827
Q15476102	5590818860100073608
Q154770	6000000002764344064
Q1547785	6000000019995568153
Q1547799	6000000076928234739
Q1547800	6000000007390797307
Q154784	6000000054711669005
Q15479286	6000000080106596856
Q15479551	6000000184210290823
Q15479620	6000000056326066922
Q15479665	6000000043199035954
Q15479811	6000000133995923859
Q15479959	6000000075896578898
Q15480115	6000000004096259265
Q15480145	6000000018910958132
Q15480213	6000000035242394105
Q1548024	6000000018290076790
Q1548042	6000000010721269304
Q1548061	6000000026229363327
Q154812	6000000023723657336
Q1548120	6000000124637711873
Q15481578	6000000014753685308
Q15482011	6000000068881731900
Q154824	6000000041494920340
Q1548242	6000000075508616854
Q15483338	6000000082005866579
Q15483428	6000000068881902823
Q15483637	6000000024226444233
Q154842	6000000010131808000
Q15485139	6000000000641074234
Q15485144	6000000023709803398
Q15485154	6000000010868071651
Q154852	6000000043374288010
Q15485201	6000000084115858104
Q15485266	6000000009728901687
Q15485300	4197720684090123513
Q15485413	6000000009772561249
Q15485447	6000000028158892021
Q15485450	6000000018733385942
Q15485487	6000000020008042053
Q154855	6000000015685329585
Q15485538	6000000004869500735
Q15485540	6000000032558531531
Q15485575	6000000008769871100
Q1548559	6000000017904200063
Q15485699	6000000002930827132
Q15485705	4136636642160041850
Q15485725	6000000023359747916
Q15485738	6000000076800121348
Q15485745	6000000077192110482
Q15485759	6000000002629444566
Q15485776	6000000016321561973
Q15485807	6000000090495760120
Q15485903	6000000081270666365
Q15485907	6000000011627071495
Q15485941	6000000044853037987
Q15485964	6000000035717837042
Q15485984	6000000063246852838
Q15486003	6000000039746611435
Q15486006	6000000065548516949
Q15486021	6000000010554354897
Q15486024	6000000056926737828
Q15486039	6000000001877544324
Q15486050	4606237
Q15486071	353140721380012009
Q15486184	6000000078898794509
Q15486539	6000000024928912823
Q15486580	6000000172228427136
Q15486689	6000000024087997435
Q15486933	6000000004593983059
Q15487031	6000000013403187692
Q15487100	6000000007711452985
Q15487115	6000000006444455800
Q15487146	5572559656280138495
Q15487491	6000000023703717258
Q15487717	6000000003784940754
Q15487857	6000000041034681119
Q15487954	6000000009885494494
Q1548798	6000000007159987231
Q15488059	6000000022674313989
Q15488068	6000000016564223726
Q15488118	4043147916750044581
Q1548816	6000000049523466068
Q15488345	6000000053652773859
Q1548836	6000000014877762276
Q15488435	6000000002545860925
Q1548852	6000000059184415823
Q15488625	6000000015797610165
Q15488682	6000000104304835944
Q15488719	6000000026077928221
Q15488831	6000000001228787287
Q15489158	6000000009190397644
Q15489344	6000000003858782688
Q15489366	6000000018106531531
Q1548937	6000000021699645703
Q154895	6000000054164275840
Q15489546	6000000021565924402
Q15489549	6000000179877705838
Q15489729	6000000000091967629
Q15489989	6000000157094284886
Q15490115	6000000072878177824
Q1549016	6000000103706737074
Q15490165	368004057730004125
Q15490414	6000000024514610285
Q15490617	6000000035095070502
Q15490678	6000000020349920064
Q15490687	6000000020978854449
Q15490793	6000000014533471283
Q15490884	6000000065496204940
Q15490909	6000000012942930849
Q15490918	6000000185199501823
Q15490936	6000000129379817898
Q15490964	6000000179463657832
Q15490972	6000000000544431957
Q15491047	6000000011392264572
Q15491077	6000000010029321889
Q15491084	6000000017689990409
Q15491120	6000000038336654921
Q15491130	6000000001817623644
Q15491153	6000000173755841825
Q154912	6000000001099000584
Q1549120	6000000181172850822
Q15491416	6000000183589712846
Q1549150	6000000027002373804
Q15491649	6000000006150852246
Q15491785	6000000185188562866
Q15491805	6000000008600372361
Q15492098	6000000002351711491
Q15492224	6000000029639024134
Q15492361	6000000002951463701
Q1549250	6000000013182404334
Q15492611	6000000027576444721
Q15492677	6000000000921309698
Q154927	6000000001651542115
Q1549279	6000000007787571633
Q15492905	6000000016229586654
Q15492929	6000000008369927073
Q15492951	6000000093942366999
Q15493141	6000000012786621724
Q15493334	6000000001383038290
Q15493488	6000000025718238405
Q15493617	6000000003197366649
Q15493657	6000000003938400423
Q15493771	6000000102772607569
Q154938	6000000013729926299
Q15493802	6000000178132291908
Q15493870	6000000026159648965
Q1549412	6000000037150228290
Q154946	4695172
Q154952	6000000003276428962
Q154959	6000000007159797265
Q15496843	6000000026272708957
Q15496855	5072285926610021238
Q15496866	6000000009326801453
Q15496954	6000000066157972873
Q15497028	6000000048436627012
Q154971	5231968728610070481
Q15497166	6000000018514650348
Q15497221	6000000015673835285
Q15497322	6000000074747609912
Q15497339	6000000012876656279
Q15497612	6000000007195475747
Q15497642	6000000023743937392
Q15497768	6000000003317195240
Q154978	6000000181142653832
Q15497952	6000000181914886843
Q1549818	6000000023921274422
Q1549836	6000000013271329855
Q15498515	6000000002824623949
Q1549896	6000000015752014455
Q1549911	6000000030788399470
Q154993	6000000003561796189
Q15499538	6000000177180541833
Q15499685	6000000049189539903
Q1549976	6000000015119138234
Q15499766	6000000115271990827
Q154998	4104411
Q15499823	6000000151750104845
Q15499969	6000000008996097918
Q15500099	6000000030985758961
Q15500145	6000000149618471860
Q155002	6000000000695737064
Q155004	6000000010983151777
Q15500444	6000000020489426877
Q15500465	6000000009729135795
Q15500615	6000000008428562162
Q15500658	6000000015622604470
Q1550072	6000000028258227453
Q1550080	6000000040678423621
Q15501017	6000000015519185719
Q1550104	6000000074719675477
Q15501174	6000000017692963846
Q15501218	6000000028474208799
Q155013	6000000026379698319
Q15501389	6000000023365163949
Q15501491	6000000027880477203
Q15501493	6000000009816550025
Q15501497	6000000027898646546
Q15501572	6000000012761761124
Q15501577	6000000002684836215
Q15501774	6000000019627111089
Q15501978	374315329920002637
Q15502096	6000000001464347073
Q15502156	6000000071567965863
Q155022	6000000015434046266
Q15502383	6000000016756175052
Q15502532	6000000037669176780
Q15502537	6000000026746194014
Q15502564	6000000183618075825
Q15502569	6000000183618553826
Q15502690	6000000170790942822
Q15502703	6000000086791520925
Q15502772	6000000048187985220
Q15502915	6000000007049026736
Q15502967	6000000084339325168
Q15503228	6000000042489670036
Q15503340	6000000019995812425
Q15503372	6000000018271497532
Q15503404	6000000012971465795
Q15503493	6000000008672036233
Q15503566	6000000012492204413
Q15503598	6000000017233335069
Q15503607	6000000002967075215
Q15503788	6000000014274206926
Q15503849	6000000011113384636
Q155041	6000000178223101821
Q15504160	6000000141887407961
Q15504167	6000000031386577056
Q15504232	6000000183408744824
Q15504361	6000000034472473837
Q15504466	2453881
Q1550453	6000000008114148523
Q15504689	6000000004087327836
Q15504725	4684552520140074688
Q15505083	6000000060709965327
Q15505091	6000000010792574918
Q15505278	6000000002898215867
Q15505516	6000000004018348364
Q15505598	6000000006348686646
Q155057	6000000015862263426
Q1550627	6000000000228907616
Q1550760	6000000007137208418
Q15507795	6000000177437655900
Q15507817	6000000007192539484
Q15507829	6000000085726374842
Q15507841	6000000116522107215
Q155079	6000000012629615242
Q1550838	6000000017661836869
Q1550864	6000000178033399831
Q155087	6000000003197631078
Q1550949	6000000018255092385
Q15509525	6000000002802960211
Q1550979	6000000013936684294
Q1551026	6000000008028917699
Q15510307	6000000009402879408
Q1551051	6000000027594573540
Q155112	6000000107094379113
Q1551158	6000000015091335919
Q155116	6000000029284875859
Q15511670	6000000104545015061
Q1551175	6000000014210291967
Q15511816	6000000056764296288
Q15511878	6000000006018017980
Q15511999	6000000003410905459
Q15512016	6000000019397328504
Q15512197	6000000047732315858
Q15512281	6000000015158308235
Q155124	6000000071240859048
Q1551253	6000000007357255235
Q155127	4591407
Q15512782	6000000000079591059
Q15512933	6000000000036181991
Q15513020	6000000026281680004
Q15513157	6000000075753081358
Q155136	6000000014313065736
Q15513823	6000000006454445759
Q15513960	6000000027743502405
Q15514016	6000000000630388896
Q15514023	6000000148963006834
Q15514368	6000000008142839831
Q15514569	6000000027358760836
Q15514594	6000000030017007700
Q1551460	6000000012298003710
Q15515034	6000000081914986180
Q15515099	6000000179795881834
Q15515140	6000000055078210916
Q1551517	6000000009253483870
Q1551529	6000000011037795001
Q15515321	6000000033651758898
Q15515625	6000000023221725860
Q15515699	6000000012367731248
Q15515717	6000000021573058556
Q15515802	6000000000911244227
Q15515916	6000000040736679234
Q15515974	6000000026574327696
Q15516012	6000000066980561989
Q1551603	6000000031228913969
Q15516052	6000000051491546298
Q155164	6000000002764686947
Q15516721	6000000018021324069
Q15516791	6000000027576765570
Q15516821	6000000004263857631
Q15516895	6000000010527389689
Q155173	316967917780003493
Q155177	6000000022989310483
Q155178	6000000001552709924
Q155183	6000000192023986827
Q155185	6000000000793539254
Q155202	6000000168959694853
Q15520830	6000000005438481872
Q15520887	6000000013957413524
Q15520939	6000000003133585489
Q15521010	6000000019072479507
Q15521030	6000000002188670995
Q15521352	6000000136327325845
Q15521450	6000000041032008247
Q15521469	6000000014770959760
Q15521507	6000000040538557685
Q15521588	6000000018687448107
Q15521618	6000000079179950936
Q15521688	6000000023680058270
Q15521711	6000000165814439939
Q15521717	6000000003357724343
Q15521785	6000000025049120087
Q1552207	6000000019763903005
Q15522089	6000000006580452154
Q15522382	6000000015945086644
Q15522418	6000000012300732325
Q155236	6000000011899730547
Q15524502	6000000069541986934
Q15524682	6000000027414043203
Q15524686	6000000110527325445
Q1552470	6000000018505358991
Q15524896	6000000003077108916
Q15524913	6000000035440892380
Q15524916	6000000017587009168
Q15524920	6000000047325913008
Q15524945	6000000026982666907
Q15524996	929285
Q15525010	6000000035865912689
Q15525023	6000000001534063694
Q15525083	6000000166181744863
Q15525356	373233509280012927
Q15525506	6000000000883215134
Q15525679	4491677185200033080
Q1552601	6000000008100699814
Q15526044	5477709423540100163
Q1552660	6000000024502363833
Q155270	6000000014095851291
Q155273	6000000054486906008
Q15527330	6000000011575594812
Q1552739	6000000024451734009
Q15527411	6000000109903696062
Q155279	6000000006805026049
Q15527976	6000000007691554828
Q1552800	6000000023711177982
Q15528399	6000000164662781907
Q1552865	6000000003559426495
Q15528987	6000000000510171184
Q15529521	6000000004869037950
Q1552953	6000000013976179196
Q15529659	6000000015589451327
Q155299	3922719619410127750
Q1553169	6000000105855801920
Q1553219	6000000033459474499
Q15532440	6000000037112641036
Q155325	6000000011545411984
Q155329	6000000014804687191
Q15533295	6000000205965555821
Q1553398	6000000137655096822
Q1553480	6000000016889860585
Q1553494	6000000018120226134
Q1553496	6000000175777071824
Q1553509	6000000178308975824
Q1553553	6000000009648943288
Q1553555	6000000143173561007
Q15535578	6000000136806333946
Q1553590	6000000062304089209
Q1553592	6000000013339482492
Q1553603	6000000056219367114
Q1553623	6000000140303056905
Q1553678	6000000000782025040
Q155371	6000000013155672020
Q1553714	6000000027635977338
Q155375	6000000010793272554
Q155378	6000000143869917487
Q155381	6000000007216572096
Q1553934	6000000046711363032
Q155394	6000000000715155460
Q1554018	6000000019034100308
Q1554021	6000000003956369907
Q1554054	6000000003795681754
Q1554056	6000000032564470116
Q155407	6000000023680744894
Q1554091	6000000080860939896
Q1554136	6000000065645889916
Q155415	6000000041494759884
Q1554170	6000000014850661788
Q155422	6000000006101264127
Q15542608	6000000008575128828
Q15543572	6000000051068321923
Q1554435	6000000099435257894
Q15544477	6000000023780518552
Q1554560	6000000000699260526
Q1554562	6000000016219154395
Q155457	6000000077989564915
Q15545999	6000000175261681007
Q15546	6000000134422201824
Q155463	6000000015954846642
Q1554709	6000000014812746207
Q1554716	6000000008217270759
Q1554722	6000000037904379044
Q1554739	6000000013547891302
Q1554741	6000000006589224538
Q1554742	6000000031871287604
Q1554759	6000000008996953755
Q1554761	6000000213235748841
Q1554769	6000000043481283135
Q1554772	6000000025042228835
Q1554778	6000000007393457860
Q1554784	6000000029752306918
Q15547968	6000000075481551024
Q1554797	6000000037425126841
Q1554806	6000000007298227049
Q15548656	6000000145845600821
Q15549233	6000000144749436867
Q1554929	6000000178561534084
Q1554953	6000000173296644368
Q1554984	6000000017244507846
Q15549928	6000000059935487008
Q15549973	6000000081182351128
Q15550099	6000000025069825112
Q15550102	6000000076784570603
Q15550118	6000000085105315923
Q1555016	6000000073199778393
Q15550853	6000000008177297119
Q15550926	6000000183937125844
Q1555113	6000000002188563523
Q1555142	6000000010801119334
Q1555144	6000000168149044059
Q155525	6000000029426057677
Q155529	6000000150950568822
Q1555314	6000000038947638693
Q1555315	6000000088417745847
Q1555323	6000000147700086845
Q1555331	6000000045869702856
Q1555348	6000000079461679216
Q1555393	6000000050708347140
Q1555399	6000000029939020003
Q155540	6000000010909674969
Q1555404	6000000001402779732
Q1555406	6000000018315705933
Q1555416	6000000002602429616
Q1555420	6000000004998076242
Q1555421	6000000006128269398
Q1555427	6000000011133833536
Q1555429	6000000008994658893
Q155545	6000000002388364458
Q155547	6000000026762435092
Q1555476	6000000039876697627
Q1555538	6000000016461983887
Q1555544	6000000014272907956
Q1555549	6000000030964255024
Q1555563	4828009306450028420
Q1555570	6000000002188466804
Q1555571	6000000089028333883
Q1555579	6000000014024246936
Q1555592	6000000017807480397
Q1555595	6000000022434953868
Q1555598	6000000067596971485
Q1555616	6000000129055506822
Q1555659	6000000031042647723
Q155566	6000000000703284437
Q1555663	6000000011424227659
Q1555686	6000000177565322914
Q1555709	6000000007014445057
Q1555719	6000000046895001190
Q1555729	6000000020351849839
Q1555735	6000000016641225594
Q1555748	6000000015243713076
Q1555772	5698177570870062529
Q1555789	6000000015887936798
Q15557931	6000000041886963062
Q1555809	6000000120956179857
Q15558137	6000000144811582090
Q1555838	6000000021146540056
Q1555842	6000000022798354601
Q155585	4232282854090034600
Q1555862	6000000025096372137
Q1555866	6000000181709587849
Q1555869	6000000088072747834
Q1555875	6000000022461753870
Q1555879	6000000178792098860
Q1555884	6000000019457002499
Q1555892	6000000012430431630
Q1555894	6000000012430685077
Q1555905	6000000088252649162
Q1555906	6000000081551070247
Q1555910	5198123177330135188
Q1555931	6000000168934531103
Q1555951	6000000002765668690
Q1555957	6000000148076280082
Q155596	6000000000846872251
Q1555970	6000000026665917472
Q1555980	6000000028622523215
Q1555987	6000000018852337051
Q1555992	6000000031728135425
Q1555993	6000000015242686733
Q1556012	6000000050275857136
Q1556023	6000000008321482214
Q1556026	6000000174992196835
Q1556027	6000000081519519843
Q1556031	6000000105427532885
Q1556035	6000000030002646926
Q1556060	6000000000766563224
Q1556060	6000000034168568516
Q1556063	6000000015584163037
Q1556065	6000000026353873592
Q1556071	6000000077596890154
Q1556072	6000000103283202855
Q1556074	6000000013308401149
Q155608	4111017144520032463
Q1556088	6000000088016053956
Q1556094	6000000076466649849
Q1556096	6000000036980188488
Q1556097	6000000000311195384
Q1556121	6000000026727617139
Q1556152	6000000050266963119
Q1556173	6000000025274836960
Q1556175	6000000090583909857
Q1556177	6000000017121205510
Q1556201	6000000076157125881
Q1556238	6000000027234314595
Q1556242	6000000073084638830
Q1556246	6000000013491512307
Q1556248	6000000024714021444
Q155626	6000000004005145799
Q1556267	6000000103225240906
Q1556276	6000000112119069822
Q1556297	6000000184178363851
Q1556309	6000000180850872848
Q1556310	6000000180846982005
Q1556316	6000000014306578895
Q1556324	6000000075053462018
Q1556337	6000000023542761860
Q1556379	6000000037104562130
Q1556395	6000000055544683869
Q1556401	6000000026441687260
Q1556409	6000000027572361316
Q1556427	6000000013343432154
Q1556430	6000000022407006008
Q1556433	6000000007014479624
Q1556446	6000000001829510153
Q1556460	6000000009341160662
Q1556471	6000000056109630004
Q155649	6000000018045755548
Q1556509	6000000132462358152
Q1556515	6000000027559397951
Q1556529	6000000170122161940
Q1556531	6000000020867502717
Q1556532	6000000043480269692
Q1556593	6000000078164648853
Q1556594	6000000041762920387
Q1556604	6000000054617160691
Q1556610	6000000016974587426
Q1556620	6000000027557397529
Q1556622	6000000024628341311
Q1556625	6000000037033749514
Q1556637	6000000064491745012
Q1556642	6000000024430129820
Q1556644	6000000078671535536
Q1556646	6000000059183629120
Q1556649	6000000068738406852
Q1556651	6000000007365179638
Q1556652	6000000024305663826
Q1556653	6000000005035713975
Q1556655	6000000001653598298
Q1556657	6000000095356008870
Q1556658	6000000038101963105
Q1556659	6000000024695473699
Q1556661	6000000031294218873
Q1556667	6000000042912668302
Q1556678	6000000024182979950
Q1556712	6000000009805961441
Q1556728	6000000151987398843
Q1556744	6000000011820623185
Q1556779	6000000155895918822
Q1556822	6000000026680435745
Q1556825	6000000180929401827
Q1556879	6000000072052548349
Q155691	6000000017104359018
Q155700	6000000008053520264
Q1557023	6000000079528569822
Q155712	6000000006823369403
Q1557224	6000000000348784692
Q1557233	6000000074920321137
Q1557336	6000000033584678500
Q155734	6000000013792504552
Q1557457	6000000016200739116
Q1557460	6000000022019502575
Q1557471	6000000023996453688
Q1557473	6000000015907099637
Q1557475	6000000012996222945
Q1557478	6000000128988388855
Q1557497	6000000174090036231
Q1557498	6000000215256889823
Q1557536	6000000014161786081
Q1557539	6000000003232693179
Q1557542	6000000016107027772
Q1557599	6000000098032940890
Q1557604	6000000034590276604
Q1557621	6000000073550314821
Q1557629	6000000110304437917
Q1557632	6000000019760718753
Q155764	6000000019104148878
Q1557675	6000000015662392810
Q155768	6000000006205660951
Q1557745	6000000011143501833
Q155775	6000000019404453244
Q1557767	5391978861750081737
Q155777	6000000029939265539
Q1557810	6000000001915956183
Q1557835	6000000070754729888
Q1557837	6000000006581038332
Q1557841	6000000001382882838
Q1557843	6000000018787380219
Q155786	6000000030002172342
Q155790	6000000003264677382
Q155794	6000000000468281361
Q1558008	6000000075242395854
Q1558035	6000000023896596912
Q15580959	6000000101620359898
Q155822	6000000001552688161
Q1558239	6000000024800361299
Q155824	6000000015511061239
Q15583160	6000000036146290960
Q1558387	6000000077714190195
Q1558519	6000000021475589018
Q155855	6000000161897470854
Q1558606	6000000174380717831
Q1558656	6000000029904055334
Q1558701	6000000006606085344
Q155871	6000000000142058999
Q1558765	6000000102870233867
Q155879	6000000177797863884
Q1558835	6000000069904362960
Q155887	6000000026179869537
Q1558927	6000000026380964172
Q1558934	381712374760012262
Q15589675	6000000035789470097
Q1559045	6000000040994172835
Q1559067	6000000003681351873
Q155907	6000000025755405384
Q1559075	6000000139354287859
Q1559081	6000000046090325973
Q1559137	6000000021000122749
Q1559143	6000000019035908118
Q1559208	6000000018940481152
Q1559256	6000000074571489883
Q1559273	6000000019127988137
Q155928	6000000014938561574
Q1559421	6000000079944237890
Q1559451	6000000094080889827
Q1559455	6000000028355937069
Q1559484	6000000030481401950
Q155956	6000000016524856961
Q1559621	6000000027667977230
Q1559673	6000000012975580343
Q1559680	6000000059051025896
Q1559751	6000000006290318085
Q155979	6000000055367165869
Q155985	6000000013899615619
Q1559877	6000000078486402916
Q15598840	6000000000045311893
Q1559914	6000000065081564833
Q15599188	6000000069389145902
Q1559935	6000000064819083980
Q1559991	6000000082414105829
Q1559995	6000000025347978283
Q1560135	6000000085680575275
Q1560169	6000000168940878946
Q156023	6000000002149446480
Q15603508	6000000006421013596
Q1560398	6000000026076589999
Q1560415	6000000001994837001
Q156048	6000000003230105861
Q1560503	6000000019413519953
Q1560509	6000000024862915683
Q156058	6000000001843182505
Q1560606	6000000073707546003
Q1560612	6000000029841658040
Q1560628	6000000041781661671
Q156070	6000000194864457836
Q1560776	6000000002217317523
Q1560813	6000000179429134900
Q15609102	6000000007242684426
Q1560926	6000000076933796327
Q1560980	6000000077076431824
Q1561103	6000000040521015239
Q1561122	6000000051925386994
Q1561322	6000000040901895219
Q15613390	6000000078018520941
Q15613412	6000000076678070881
Q1561350	6000000181944225863
Q15613720	6000000055928927837
Q15613837	6000000035799301052
Q15613843	6000000003778236190
Q15613959	6000000150859106288
Q1561398	6000000057379949902
Q15614333	6000000116923333989
Q15614786	6000000019252021399
Q1561487	6000000015833597124
Q15615041	6000000010062841354
Q15615329	6000000182405985823
Q15615592	6000000010440644937
Q15615596	6000000090531833903
Q15616177	6000000033729888892
Q15616339	6000000102796383844
Q15616354	6000000020089370024
Q15616524	6000000024462260283
Q1561663	6000000171673271898
Q15616693	6000000019259624590
Q15616739	6000000013751697683
Q15616826	6000000040997607001
Q15616840	4920095416520137248
Q1561685	6000000007067023091
Q15616886	6000000003542788744
Q1561690	4117405
Q15616954	6000000066548227873
Q15616957	6000000112946486049
Q15617173	6000000173906057010
Q1561764	6000000014416643973
Q1561767	6000000037153766112
Q156178	6000000038357884670
Q1561788	6000000075812896899
Q15617884	6000000054719657833
Q15617915	6000000011623104037
Q1561797	6000000034433791947
Q15618055	6000000029285051649
Q15618112	6000000009885557308
Q15618613	6000000143119982869
Q156187	4105251
Q1561874	6000000009405609736
Q156190	6000000002732735368
Q15619068	6000000002649841629
Q15619200	6000000018642379696
Q15619212	6000000022435958100
Q15619216	6000000041476131595
Q15619233	6000000014262370327
Q156193	6000000039202294978
Q15619484	6000000025386134081
Q1561960	6000000064867112861
Q1561968	6000000076717089831
Q1561979	6000000014328002425
Q156201	6000000065174192888
Q1562028	6000000040388509660
Q156205	6000000002332898459
Q15621236	6000000013257880195
Q156214	6000000002907695669
Q1562144	6000000037216732602
Q15621475	6000000023992317406
Q15621574	6000000007249449460
Q15621586	6000000026800615009
Q15621603	6000000049348951831
Q15622060	6000000031984286067
Q15622160	6000000014092072154
Q15622162	6000000023162265962
Q15622352	6000000136570699840
Q15622508	6000000003254161044
Q15623018	6000000021595817575
Q1562305	6000000125007858829
Q15623159	6000000002845089704
Q15623258	6000000056588151079
Q15623357	6000000166193847084
Q15623647	6000000009536700794
Q1562369	6000000000068989208
Q15623745	6000000005760729025
Q15623756	6000000005760414340
Q15623760	5396151379090082981
Q15623761	6000000002188670901
Q15623766	6000000002188674762
Q15623775	6000000013765198044
Q15623861	6000000008466964510
Q15623910	6000000075327065972
Q15623928	6000000006444790944
Q15623937	6000000002989959849
Q15623948	6000000012994795326
Q15624091	6000000003645906403
Q1562415	6000000075381145821
Q1562433	6000000093496936865
Q1562454	6000000075403363822
Q15624738	6000000016107788405
Q1562500	6000000075401795909
Q1562551	6000000029238449097
Q1562589	6000000013638567225
Q1562604	6000000002426689582
Q1562651	6000000002390065691
Q1562672	6000000051025617998
Q156268	6000000103424220960
Q1562685	6000000018380779469
Q15626916	6000000029328660830
Q15627074	6000000026281690563
Q15627074	6000000047865965991
Q15627167	6000000002551588949
Q15627277	6000000041009789213
Q15627302	6000000073753340826
Q15627351	6000000060804537853
Q15627483	6000000033138157221
Q15627492	6000000003894405272
Q15627499	6000000002449710370
Q15627628	6000000167692421822
Q156277	6000000082765939228
Q15627804	6000000032726620483
Q15627856	6000000013441220426
Q1562799	6000000024821120310
Q15627995	6000000007980816042
Q156280	6000000004648322598
Q1562861	6000000176173538825
Q15628853	6000000027608291374
Q15628854	6000000027607511805
Q15628855	6000000027607948780
Q15628856	6000000026920739441
Q15628864	6000000026914192910
Q15628880	6000000026244250719
Q15628884	6000000026243932776
Q15628885	6000000026245178968
Q15628886	6000000026245099922
Q15628899	6000000026328771931
Q15628915	6000000027252362439
Q15628916	6000000027250995407
Q15628919	6000000027240248959
Q15628921	6000000027233012593
Q15628922	6000000000969435779
Q15628945	6000000026566028694
Q15628947	6000000026562148689
Q15628948	6000000026914051175
Q15628969	6000000017125229037
Q15628972	6000000027190749895
Q15628987	6000000027474476545
Q15628994	6000000004593821611
Q15629016	6000000026229756057
Q15629020	6000000026229464146
Q15629028	6000000026229289653
Q15629043	6000000026742718290
Q15629111	6000000195488781821
Q15629132	6000000026865159361
Q15629138	6000000026875475771
Q15629139	6000000026881991310
Q15629140	6000000026901296144
Q15629147	6000000026905306953
Q15629148	6000000026905202203
Q15629157	6000000026909736223
Q15629162	6000000027070828163
Q15629163	6000000027143210845
Q15629164	6000000027072566062
Q15629165	6000000027082423376
Q15629169	6000000026700098395
Q15629222	6000000040632047297
Q15629272	6000000029364414070
Q15629275	1430762
Q15629345	6000000067858066821
Q1562980	6000000073311360134
Q156300	6000000071550470363
Q15630735	6000000178168817832
Q15630957	6000000008826024353
Q1563108	6000000028284178640
Q15631257	6000000008456975670
Q1563129	6000000014884684510
Q1563132	6000000127104204834
Q15631374	6000000013629923007
Q15631461	6000000023552424541
Q15631526	6000000024988467531
Q15631569	6000000012711468321
Q15631684	6000000064761291877
Q1563170	6000000008823569752
Q15631725	311228187860004539
Q15631736	6000000040531767044
Q1563180	6000000084418925056
Q15631945	6000000075756108056
Q1563198	6000000015737965669
Q15631982	6000000017132203571
Q156321	6000000164721597156
Q15632163	6000000197311589880
Q15632180	6000000008658388339
Q1563225	6000000023385627973
Q15632401	6000000026579730998
Q1563262	6000000170714447901
Q1563270	6000000073070975922
Q15632910	6000000075431089877
Q1563293	6000000007191143494
Q1563293	6000000037134158487
Q15633006	6000000003994660490
Q15633008	6000000006110009716
Q15633019	6000000007034181140
Q1563302	1690816
Q15633021	6000000011720743999
Q15633023	6000000031647422492
Q15633180	6000000021620484409
Q15633182	6000000087137330920
Q156333	6000000000030965639
Q15633303	6000000001483040509
Q1563365	6000000009025387070
Q1563384	6000000008863826976
Q15633885	6000000154095233822
Q1563408	6000000002188416233
Q15634114	6000000127566698824
Q15634212	6000000034076359839
Q15634217	6000000034076078006
Q156343	6000000007400348419
Q15634724	6000000056789602833
Q15634733	6000000007052580051
Q1563496	6000000082442338341
Q15634972	6000000007044994467
Q15635038	6000000012769650869
Q1563509	6000000068210464947
Q15635351	6000000180389227882
Q15635377	6000000012697541386
Q15635400	6000000021797070470
Q15635557	6000000018966264320
Q15635623	6000000014209664635
Q15635656	6000000026696026091
Q15635665	6000000021052887515
Q15635668	6000000076184872026
Q15635681	6000000039548829465
Q15635688	6000000076184107486
Q15636185	6000000151351753133
Q1563621	6000000020799626840
Q15636306	6000000084152606821
Q15636390	6000000158072518821
Q1563645	6000000002290268346
Q1563700	4577383
Q15637169	6000000084324935895
Q15637287	6000000182947602828
Q15637292	6000000078230296078
Q156373	6000000009505682471
Q1563758	6000000043603343665
Q15637657	6000000012903349283
Q15637690	6000000173663578226
Q15637748	6000000026423254222
Q1563783	6000000008899626212
Q15637869	6000000096848618881
Q1563818	6000000033201321603
Q15638333	6000000070241990847
Q15638378	6000000032790673434
Q15638502	6000000052046991204
Q15638508	6000000025311691821
Q1563851	6000000001731616676
Q1563859	6000000087544398933
Q15638620	6000000038202568106
Q15638664	6000000073720562837
Q15638745	6000000084309999955
Q15638807	6000000019720270689
Q15638892	6000000109688990939
Q15638991	6000000033674458086
Q156390	4112277
Q15639079	6000000009562349012
Q15639090	6000000196953853850
Q15639101	388544550280010551
Q1563911	6000000006727817864
Q15639127	6000000012771692492
Q15639203	6000000009434128306
Q15639430	6000000016160030283
Q1563946	6000000104874239823
Q15639591	6000000008630270126
Q1563964	6000000026653629742
Q156400	6000000001339014106
Q15640044	6000000173117250962
Q15640095	6000000002315056522
Q1564011	6000000172651048939
Q15640208	6000000123741644821
Q15640267	6000000107535614830
Q15640422	6000000010340121474
Q15640443	6000000010339873699
Q15640464	6000000017945593189
Q1564066	6000000124643154947
Q15640995	6000000114019293981
Q15641103	6000000184393462865
Q15641293	6000000002376441019
Q156413	6000000032052654702
Q15641430	6000000058922026966
Q1564227	6000000183033994835
Q15642626	6000000036372790610
Q1564264	6000000053140325303
Q1564273	6000000006444768852
Q1564279	6000000029619619875
Q15642825	6000000024038570684
Q15644704	6000000178189252831
Q15644776	6000000150767232868
Q1564512	6000000013668142175
Q15646062	6000000002802236324
Q1564628	6000000075337696213
Q15646836	6000000009649646382
Q1564685	6000000074698878376
Q156469	6000000008603752856
Q15646908	6000000011402490762
Q1564692	6000000075326954242
Q1564693	6000000023771236923
Q1564697	6000000075424561825
Q1564707	6000000074698681245
Q1564717	6000000057634818130
Q156472	4354549568970043482
Q156473	6000000084813587035
Q1564730	6000000074759194291
Q1564736	6000000061156898937
Q1564798	6000000018344576798
Q156480	1254168
Q15648135	6000000024931200218
Q1564825	6000000007561126751
Q1564827	6000000077874648577
Q1564832	6000000012058280321
Q156485	6000000031329832003
Q15648623	6000000005382543613
Q15648625	6000000029055763976
Q15649065	6000000015552620092
Q156491	6000000184384962821
Q1564917	6000000020968954856
Q156492	6000000014190120024
Q15649231	6000000107806203917
Q15649241	6000000007445066334
Q15649255	6000000143765400916
Q15649295	6000000108276536980
Q15649314	6000000017997269571
Q15649339	6000000073920090832
Q15649354	6000000003138240696
Q156494	6000000206265705822
Q1564949	6000000067457146831
Q1565005	6000000057588805023
Q156502	6000000191409962844
Q15650417	6000000010290653402
Q15650418	6000000002396397995
Q15650436	6000000017996788930
Q15650451	6000000017997397497
Q15650453	6000000114583852084
Q15650457	6000000017995680916
Q15650460	6000000017996968238
Q1565056	6000000008212111942
Q15650591	6000000073558667823
Q15650605	6000000074921654840
Q15650612	6000000074916661878
Q15650699	6000000012330741226
Q1565091	6000000096407235886
Q156511	6000000046796198203
Q15651247	6000000003508381780
Q1565145	6000000034694054466
Q15651593	5163679678190118758
Q15651899	6000000018454054501
Q15651962	6000000039748452092
Q1565201	6000000014611261349
Q156521	6000000000846601288
Q1565221	6000000066832788957
Q15652260	6000000016282749041
Q1565259	6000000149818073911
Q1565296	6000000081863957878
Q156531	5495575341940116659
Q156532	6000000001665254019
Q156535	6000000015892669927
Q1565466	6000000035000710298
Q1565470	6000000051524130027
Q1565499	6000000073772120821
Q1565506	6000000103324542842
Q156552	6000000008670515196
Q156567	6000000016949315434
Q1565682	4146242775670010533
Q1565704	6000000003177494052
Q156572	6000000002014597291
Q1565836	6000000037488364979
Q15658373	6000000065176089948
Q156585	6000000001597273004
Q15658709	6000000008816662699
Q1566059	6000000041758582824
Q15660885	6000000000583441911
Q1566130	6000000052073263996
Q156617	6000000002879557044
Q15661720	6000000008248183772
Q156622	6000000081106183004
Q1566276	6000000017214742318
Q1566335	6000000127651301867
Q1566366	6000000011670525577
Q1566398	6000000079791914190
Q1566402	6000000068256679906
Q1566430	6000000017286353126
Q1566435	6000000015837723343
Q15664445	6000000012960447803
Q1566523	5414343661260073258
Q156657	6000000001142154909
Q1566577	6000000041107909591
Q15665890	6000000009654040121
Q156659	6000000000350936287
Q1566610	6000000112409656003
Q1566651	6000000001108795049
Q1566718	6000000013674554259
Q1566750	6000000007982223439
Q15667840	6000000004682722163
Q1566889	6000000038273325841
Q1566909	6000000039429043838
Q1566974	6000000017602395219
Q1567027	6000000003411761612
Q1567040	6000000075346335829
Q1567072	6000000075337626962
Q1567127	6000000075397740506
Q1567139	6000000074747631833
Q1567146	6000000074734626257
Q1567156	6000000002957216943
Q1567177	6000000027175667257
Q1567179	6000000075344226950
Q1567186	6000000074734433863
Q156723	6000000001554295019
Q1567281	6000000020637008263
Q1567308	6000000177591574823
Q156731	6000000014613527129
Q15673492	6000000011414696266
Q156736	6000000040579874407
Q15673629	6000000006434755502
Q1567458	6000000067027084892
Q156749	6000000000839941745
Q15675309	6000000022305752855
Q1567568	6000000024505862799
Q1567611	6000000047935965138
Q15676256	6000000010695499264
Q1567636	6000000027398504200
Q156769	6000000140687111822
Q15676932	6000000074458535921
Q15677194	6000000074826595831
Q1567721	6000000025544205179
Q15677268	6000000085210341056
Q156774	6000000003424379813
Q15677872	6000000015761682759
Q15678075	6000000165965904011
Q156781	6000000092795389267
Q1567885	6000000012986316932
Q156796	6000000011343850183
Q156797	6000000002698875977
Q156799	6000000069442080827
Q15680046	6000000022520954900
Q15680129	6000000080772662917
Q1568020	6000000051573260873
Q156814	6000000001631818514
Q1568143	6000000012453172778
Q1568173	6000000078877138171
Q15682782	6000000056056425311
Q1568310	6000000075401222122
Q1568330	6000000074749113940
Q156844	6000000010553787492
Q1568444	5044713967260028073
Q15685761	6000000074521581821
Q1568653	6000000045427744829
Q15686796	6000000156412733871
Q1568681	6000000132161550925
Q15688969	6000000010450177413
Q1568907	6000000066544684911
Q156892	6000000027651571468
Q156896	6000000015828863565
Q1568974	6000000058281241146
Q156898	6000000008202544941
Q1568983	6000000034468600823
Q15690601	6000000000412499598
Q1569097	6000000008881260729
Q156910	6000000028284609818
Q15691318	6000000080106530862
Q15691328	6000000158159793823
Q15691360	6000000175967823834
Q156916	6000000161743617829
Q15692596	6000000000953357521
Q15692751	6000000074539705827
Q1569297	6000000002454870648
Q15693148	6000000013486208498
Q15693276	6000000016441135525
Q15693294	6000000084585083938
Q1569339	6000000005231955706
Q1569386	6000000087168791823
Q15693885	6000000011810887516
Q15693990	6000000002188520514
Q156941	6000000177168401858
Q15694171	6000000010475138251
Q156942	6000000043201875199
Q15694349	6000000000296560994
Q1569453	6000000071539397889
Q15694686	6000000180774345832
Q15694754	6000000000222790372
Q15694758	6000000023681924247
Q15694851	6000000027061949351
Q15694869	6000000122451093948
Q15694883	6000000011582144849
Q15694989	6000000181780099839
Q15695036	6000000023139693227
Q15695039	6000000019644184778
Q15695129	6000000006127557400
Q15695141	6000000140996570033
Q15695146	6000000009843993807
Q15695174	6000000154022743829
Q15695177	6000000013315647938
Q15695279	3989199880880020062
Q15695294	6000000026494302114
Q15695462	6000000002747685890
Q15695543	335831035400012574
Q15695981	6000000144816621835
Q15696013	6000000010049881246
Q15696223	6000000000143109032
Q1569644	6000000061128461839
Q15696586	6000000040652088894
Q1569782	6000000026186920165
Q15698809	6000000098321933883
Q15699090	6000000003515448465
Q15699155	6000000186779778835
Q15699683	6000000140762983982
Q15699697	6000000006999166480
Q15699749	6000000028376318436
Q15699836	6000000103826263914
Q157	6000000016227094213
Q1570010	6000000107786676872
Q157004	6000000012903158262
Q15700452	6000000104840786833
Q157009	4087038607800049893
Q1570092	6000000072105580930
Q15701306	6000000182965452822
Q15701352	6000000017276287624
Q1570201	6000000014668960748
Q15702868	6000000090367030842
Q1570300	6000000011874833424
Q15703141	6000000006565336168
Q15703457	375475450320003035
Q1570348	6000000012610497376
Q15703509	6000000005596993829
Q157040	6000000007211410416
Q157043	6000000024211734185
Q15704656	6000000114577293840
Q1570475	6000000009546508852
Q157054	6000000004583120384
Q157056	6000000032213557140
Q1570619	6000000037105536428
Q15706527	6000000171871860580
Q157068	6000000003221652435
Q1570695	6000000199325575845
Q157073	6000000001896459321
Q15707528	6000000008740277033
Q1570761	6000000021558901736
Q157077	6000000001095667515
Q15707788	6000000042607928605
Q1570815	6000000003977856355
Q15708339	6000000023853720024
Q15708583	6000000171062922040
Q157089	6000000000837916045
Q157092	6000000001378182701
Q15709603	5336763242260023723
Q15709618	6000000001169204750
Q157098	376298089210013354
Q15709807	6000000145229664903
Q15709911	6000000183959977834
Q15710031	6000000012860131083
Q15710220	6000000075205862013
Q15710225	6000000122772377925
Q15710233	6000000025580049114
Q15710241	6000000078886671886
Q157103	6000000003275334635
Q15710324	6000000140828195822
Q15710327	6000000173703771176
Q15710551	6000000044190701935
Q15711015	6000000005392477893
Q15711018	6000000136979303924
Q15711019	6000000182223106828
Q15711029	6000000145435431846
Q157112	6000000001521816731
Q15711231	6000000006835913982
Q15711415	6000000082337465931
Q15711644	6000000015870995653
Q15711689	6000000085840647897
Q15711774	6000000135680236075
Q15711778	6000000144745965847
Q15711789	6000000149243907821
Q1571180	6000000019347810458
Q1571198	6000000025112187104
Q15712006	6000000067342060048
Q15712121	6000000018378309660
Q15712330	6000000001383117277
Q15712352	6000000074791637387
Q15712357	6000000029599503490
Q1571238	6000000015310795350
Q15712430	6000000030859055067
Q15712657	6000000140212470902
Q15712659	6000000131753486847
Q15712723	6000000200062853213
Q1571281	6000000010745534979
Q15712837	6000000178258661843
Q15712923	6000000025875360083
Q157130	6000000003492710472
Q1571326	6000000016199708289
Q1571334	6000000023123042976
Q15713465	6000000060009012075
Q15713484	6000000019090880373
Q15713519	6000000060009273936
Q15713521	6000000026944687438
Q15713744	6000000015814363073
Q15713746	6000000074453677821
Q15713767	6000000000260635309
Q15713810	6000000006127423745
Q15713829	6000000008723607432
Q15713830	6000000036919249844
Q15713844	6000000176055283873
Q15713901	6000000057267184824
Q15713928	6000000039350621472
Q15713930	6000000039350574608
Q15713931	6000000009224433072
Q1571395	6000000031542852591
Q15714251	6000000002057700755
Q15714312	6000000178556921867
Q15714340	6000000157499572849
Q1571482	6000000001977414065
Q15715030	6000000175559696845
Q1571504	6000000021688001921
Q15715042	6000000086293213829
Q15715136	6000000009404790703
Q15715224	6000000058316627845
Q157155	6000000020777969950
Q1571554	6000000039256830911
Q15715678	6000000015023530215
Q157159	6000000015381082640
Q15715912	6000000020426572835
Q1571610	6000000017345604808
Q1571622	1997034
Q157176	6000000007122544473
Q15718105	6000000019911589194
Q1571813	6000000016276067210
Q157191	6000000014443852694
Q1571918	6000000006575266302
Q15719347	6000000019299990017
Q157194	6000000084246587114
Q15719849	6000000015856849986
Q15720229	6000000026949227981
Q15720272	6000000019052730693
Q15720277	6000000026437520397
Q15720323	6000000123243979873
Q15720355	5114215121360072662
Q157204	4522790399690061454
Q15720405	6000000017317157055
Q15720436	6000000186624279873
Q15720440	6000000080059255324
Q15720464	6000000042289884565
Q15720473	6000000006582025030
Q1572073	6000000036246749091
Q157208	6000000001593560062
Q157212	6000000013222167351
Q1572141	5543051983480079773
Q1572148	5542972092570064181
Q1572164	6000000087625234904
Q1572236	6000000082527686076
Q157224	6000000014304978459
Q1572296	6000000081540956098
Q1572340	6000000028360655795
Q157235	6000000150951882883
Q15723560	6000000050805858909
Q157239	6000000013773436306
Q157242	6000000013895007029
Q157245	6000000041944301723
Q1572471	6000000026012526567
Q157250	6000000014324416662
Q157255	6000000037306737468
Q15725509	6000000178155768839
Q15725514	6000000031524578613
Q15725516	6000000074748150421
Q1572555	6000000035333922503
Q15725559	6000000075499033274
Q15725570	6000000074787565844
Q15725641	6000000018881926034
Q15725642	6000000018881519979
Q15725713	6000000002188551482
Q157259	6000000002024142450
Q157262	6000000027815692857
Q15726239	6000000128596166912
Q15726370	302587093890004916
Q15726371	302590255830003710
Q15726476	6000000018444224733
Q15726648	6000000020817080346
Q15726670	6000000039672781243
Q15726720	6000000144179007877
Q15726789	6000000043099769926
Q157268	6000000041741952632
Q15726931	6000000181268337822
Q15726932	6000000179517750471
Q15726941	6000000178826341847
Q15726962	6000000027610960888
Q15726973	6000000008781628552
Q157271	6000000002765705035
Q15727194	6000000008953439222
Q15727499	6000000024914599329
Q15727503	6000000024914675634
Q15727910	6000000050123332890
Q15727931	6000000028102813533
Q15727937	6000000027314748804
Q157280	6000000163423073248
Q15728082	6000000008268651025
Q1572814	6000000071161103979
Q1572815	6000000175398898086
Q157282	6000000090424830826
Q15728229	6000000019109496578
Q15728524	6000000021488603372
Q15728534	6000000084323986922
Q15728656	6000000117745069889
Q15728683	6000000063119280962
Q15729042	6000000181115823343
Q1572915	6000000110302863839
Q15729324	6000000067822516824
Q15729560	6000000025914242868
Q157303	6000000003222865602
Q15730495	6000000024465337712
Q15730536	6000000049825601011
Q15730668	4443413
Q15730684	6000000006052960017
Q15730827	6000000145332081864
Q157309	6000000010650313367
Q15730933	6000000101497593831
Q15730956	6000000180184851867
Q15730983	6000000058023393230
Q15731605	6000000063164999911
Q15731637	6000000013991277476
Q15731754	6000000000954087865
Q15731756	6000000013530233998
Q15731771	6000000026491344921
Q15731799	6000000031042222893
Q157318	6000000081020470849
Q15731819	6000000173370006371
Q15731855	6000000011139569327
Q15732055	5379618431950024752
Q157321	6000000045393853863
Q157322	6000000007445607422
Q15732226	6000000072434349977
Q157324	6000000005389288058
Q1573240	6000000103357738944
Q15732520	6000000136877742822
Q157326	6000000015843645053
Q15732815	6000000028365585030
Q15733148	6000000003803770364
Q15733291	6000000181522881888
Q15733402	6000000012663285067
Q15733426	6000000007291117805
Q15733451	6000000025597854108
Q15733456	6000000025469367098
Q15733836	6000000058816224150
Q15734060	6000000067377771982
Q15734085	6000000034465456050
Q15734535	5120565236620115305
Q15734557	6000000045623232915
Q15734565	6000000039748373784
Q15734596	6000000027209153282
Q15734639	6000000032327766919
Q1573487	6000000033636784991
Q1573489	6000000078058867703
Q1573497	6000000030364310401
Q1573501	6000000011460119694
Q15735069	6000000024210419711
Q15735108	6000000015664496061
Q15735303	6000000113488164856
Q15735383	6000000001642171711
Q15735388	6000000193158273853
Q15735406	6000000127636245842
Q15735535	6000000028366348831
Q1573567	6000000057452063849
Q1573592	6000000054749914832
Q1573823	6000000128749238885
Q1573960	6000000060735048109
Q157400	6000000024889963803
Q1574056	6000000006090671495
Q1574074	6000000025014040879
Q1574095	6000000022019638034
Q1574104	6000000144412953835
Q15741514	6000000055558175846
Q1574157	6000000113764384310
Q1574205	6000000015160829407
Q1574207	6000000004096070231
Q15742604	6000000017433259923
Q1574317	6000000058039597880
Q1574329	6000000080074821848
Q1574416	6000000089820716898
Q157451	6000000062639586350
Q15746	6000000069635584911
Q1574706	6000000013076558940
Q1574779	6000000003479566831
Q1574853	6000000017639727292
Q1574869	6000000185215327828
Q157491	6000000002388399316
Q1574958	6000000049739055224
Q1575002	6000000013742724007
Q157501	6000000003216090058
Q1575024	6000000035133452595
Q1575206	6000000002802596464
Q157521	6000000006211004095
Q1575475	6000000007667416633
Q1575529	6000000041717470943
Q1575578	6000000012958870146
Q1575612	6000000001610730158
Q1575660	6000000031030984838
Q1575667	6000000180011609829
Q1575713	6000000064919300963
Q1575751	6000000015745938006
Q157578	6000000036795799635
Q1575792	6000000000769944327
Q1575845	6000000024860658139
Q1575917	6000000012943652636
Q1575925	6000000022066827799
Q157594	6000000018029276185
Q1575942	6000000018640532998
Q157610	6000000016102876680
Q1576153	6000000031820799157
Q1576188	6000000017199037358
Q1576207	6000000036422149784
Q157623	6000000007515357373
Q1576233	5217343345150113269
Q157632	6000000003569651464
Q1576415	6000000068846064025
Q157642	6000000040870982690
Q1576426	6000000030527807885
Q1576457	6000000041443724979
Q1576464	6000000039151873608
Q1576466	6000000042949605921
Q1576492	6000000036947301927
Q15764935	6000000178265315839
Q1576501	6000000026080117033
Q157651	6000000090906308871
Q1576520	6000000023952399852
Q1576532	6000000033956178598
Q1576556	6000000054333306821
Q1576625	6000000083431672036
Q1576675	6000000013192443194
Q1576676	6000000025968432067
Q1576701	6000000153272595821
Q1576708	6000000025260973241
Q157672	6000000015798379883
Q1576724	6000000041899376873
Q1576753	6000000056461405999
Q157691	6000000027574081295
Q15769548	6000000004567472679
Q15769686	6000000012360924504
Q157701	6000000013917343385
Q1577042	6000000180394430939
Q1577054	6000000051755462948
Q1577147	6000000027436107169
Q15772548	6000000054923441836
Q15772632	6000000033968280019
Q15772811	6000000174471706002
Q157730	6000000048847933887
Q15773545	6000000157670424905
Q1577390	6000000068019109860
Q1577410	6000000045966086003
Q1577449	6000000123492105822
Q1577472	6000000018434533012
Q1577526	6000000117679940875
Q1577533	6000000029491488201
Q1577727	6000000031769322269
Q1577761	6000000171940690993
Q157781	4532832
Q157785	6000000133421164844
Q1577875	6000000071021858982
Q157789	4104333
Q15779744	6000000022377334719
Q15781334	6000000038497341866
Q15781399	6000000026561240868
Q157814	6000000040699212018
Q15781438	6000000016713244499
Q15781445	6000000021357813858
Q15781724	6000000096158590610
Q15781756	6000000121179954912
Q15781766	6000000038312979336
Q157820	6000000075310876232
Q15782045	6000000014245323391
Q15782227	6000000037572783155
Q15782277	6000000148979623874
Q15782281	6000000042036768839
Q15782330	6000000083760117921
Q15782459	6000000071169252826
Q1578255	6000000148887990854
Q15782856	6000000010858853391
Q15783283	6000000169798215948
Q15783360	6000000009145440522
Q1578381	6000000175189259932
Q15784	6000000172536019880
Q15784011	6000000016300568924
Q15784021	6000000103215268828
Q15784029	6000000011212182168
Q15784120	6000000011819553334
Q15784124	6000000018413486296
Q15784132	6000000009205440522
Q1578424	6000000062449165980
Q1578425	6000000172531551985
Q1578426	6000000040058439901
Q1578431	6000000109300807868
Q1578434	6000000013331819955
Q15784562	6000000023484018906
Q15784564	6000000026134405069
Q15784573	6000000023652209992
Q15784582	6000000025308418463
Q15784610	6000000145964771935
Q1578488	6000000040256408927
Q1578496	6000000002538722704
Q1578500	6000000078486086835
Q1578508	6000000034830331967
Q1578517	6000000014178321689
Q1578535	6000000021793990358
Q1578564	6000000034030044866
Q1578588	6000000007044979222
Q1578610	6000000037673286277
Q1578631	6000000176762469826
Q15786459	6000000029941280163
Q157865	6000000079169890830
Q15786632	6000000002187538365
Q1578665	6000000017310171692
Q157867	6000000180951977829
Q1578694	6000000181933995824
Q1578707	6000000019968300668
Q1578742	6000000181048252822
Q1578753	6000000094164108214
Q15787669	6000000075282354192
Q15787679	6000000009422821346
Q15787969	6000000029304987657
Q15787977	6000000024452336622
Q1578821	6000000045613711839
Q157884	4104191
Q1578848	6000000018327886002
Q157888	6000000013125648744
Q1578906	6000000033147660198
Q1578907	6000000026888435981
Q1578922	6000000074992770004
Q1578924	6000000172755166829
Q1578932	6000000026868742267
Q1578950	6000000063988322821
Q1578951	6000000006494460639
Q1578955	6000000025790021136
Q1578957	6000000020319849259
Q1578970	6000000027233787747
Q1579001	6000000000430691436
Q1579010	3988833605460048374
Q1579025	6000000036354509215
Q1579032	6000000024193533593
Q1579050	6000000128844559845
Q15790519	6000000172924524846
Q1579068	6000000025080432964
Q1579070	6000000025790816945
Q15791023	6000000074566007905
Q15791024	6000000031255984504
Q15791039	6000000025261302185
Q15791041	6000000181823326825
Q15791098	6000000028997912184
Q15791150	6000000004649361736
Q1579116	6000000007485618728
Q15791407	6000000150920433829
Q1579145	6000000045166023181
Q15791548	6000000158165453834
Q15791560	6000000140735897020
Q15791603	6000000140768251879
Q15791604	6000000023162360261
Q15791684	6000000055339167872
Q157917	6000000021916725980
Q1579173	6000000018865843430
Q1579191	6000000029775465821
Q157921	6000000038745831895
Q1579237	6000000014745225681
Q1579239	6000000034761737964
Q1579258	6000000016300123804
Q15792768	6000000137004689935
Q157928	6000000002149594056
Q1579293	6000000011787631883
Q1579307	6000000023753298552
Q1579335	6000000011409914226
Q15793447	6000000014091870630
Q1579356	6000000212299887849
Q1579369	6000000032812509290
Q15793705	6000000006191858155
Q1579373	6000000007848360890
Q1579386	6000000016603378725
Q1579391	6000000018623734212
Q15793922	6000000010572737425
Q15793937	6000000074562542842
Q1579394	6000000021494513289
Q15793940	6000000074449333359
Q15794	6000000005415087428
Q15794190	6000000021584313750
Q15794215	6000000091508995045
Q15794246	6000000038673727922
Q15794268	6000000150913088822
Q15794269	6000000025169894261
Q15794335	6000000180085834821
Q1579434	6000000013094970918
Q1579444	6000000012448637123
Q1579481	6000000082420509935
Q1579490	6000000013762213810
Q1579499	6000000010917342743
Q1579507	6000000117626683829
Q1579558	6000000016278320733
Q1579580	6000000136534732937
Q1579592	6000000024180822461
Q1579601	6000000066263935127
Q1579607	6000000023696974497
Q15796577	6000000159902969822
Q15796617	6000000166440264822
Q15796640	6000000182429537916
Q157970	6000000191263047877
Q1579710	6000000018398929187
Q1579778	6000000023028284699
Q1579840	6000000114820622171
Q1579843	6000000010511896340
Q1579893	6000000140372659824
Q1579898	6000000018319921158
Q1579932	6000000177292782860
Q1579996	6000000019186052134
Q15800	6000000118018672294
Q1580010	6000000011550322405
Q1580052	6000000010781747644
Q1580064	6000000035091110059
Q1580091	6000000015422549390
Q1580092	6000000001504974545
Q1580111	6000000019250628908
Q1580115	6000000016043590372
Q158017	6000000000131951446
Q1580186	6000000033899440372
Q1580190	6000000020691928580
Q1580213	6000000121959485071
Q1580230	6000000041515153921
Q1580252	6000000037364452773
Q1580264	6000000009896551161
Q158027	6000000011369468538
Q1580280	6000000034430786522
Q15803	6000000004208533052
Q1580304	6000000017140015061
Q1580315	6000000012631276209
Q1580332	6000000013433667390
Q1580335	6000000070750191859
Q1580347	6000000020584678976
Q1580357	6000000006755984908
Q1580374	6000000067262096263
Q1580401	6000000014744904657
Q1580412	6000000033845607890
Q1580429	6000000039302178714
Q15804386	6000000089723651169
Q15804387	6000000027820894290
Q15804450	6000000179222675822
Q15804487	6000000180736249892
Q15804514	6000000000484621654
Q15804522	6000000006936287365
Q1580461	6000000087638973821
Q15804626	6000000004854669514
Q1580467	6000000144177552085
Q1580475	6000000096196008874
Q1580477	6000000038473139089
Q15804771	6000000026024683156
Q15804794	6000000074463692234
Q1580538	6000000049988759844
Q1580551	6000000093905713134
Q1580556	6000000076919668565
Q15805905	6000000024033113143
Q15805954	6000000000668645529
Q15805979	6000000035526780816
Q15806	6000000056414540835
Q158060	6000000026938139784
Q1580609	6000000179060556821
Q1580615	6000000015153848749
Q158062	6000000024020593875
Q1580645	6000000010917855363
Q15806473	6000000012477538420
Q158067	6000000039617197259
Q1580683	6000000015672600008
Q1580703	6000000020960212926
Q1580707	6000000034710381010
Q1580726	6000000020771172020
Q15807319	6000000078329790889
Q15807339	6000000076639152955
Q15807343	6000000084586010201
Q15807361	6000000013488996975
Q15807390	6000000001504807758
Q1580760	6000000057042624850
Q1580768	6000000071134987821
Q158078	6000000008771657436
Q1580784	6000000036980632028
Q15807922	6000000032126543837
Q1580793	6000000060203136019
Q15807953	6000000074988849022
Q15807957	6000000008595286110
Q15807984	6000000180558674825
Q15807986	6000000025579240767
Q158080	6000000021210027927
Q15808012	6000000131642145986
Q15808025	6000000035920859285
Q15808035	6000000017340278589
Q15808044	6000000082238807267
Q15808347	6000000058738478998
Q15808459	6000000016640378902
Q15808461	6000000181933297833
Q15808465	6000000039181160292
Q15808467	6000000180264427825
Q15808486	6000000074991505824
Q15808488	6000000010230279757
Q15808534	6000000082464631701
Q15808560	6000000023936867051
Q15808563	6000000173131117941
Q15808564	6000000066091705869
Q1580858	6000000065890156865
Q15808769	6000000047088831950
Q15808911	6000000043747894092
Q1580892	6000000086549206975
Q15809	6000000022674917305
Q1580905	6000000002764505430
Q158092	6000000052487716084
Q15809391	6000000159861470827
Q15809474	6000000031184726082
Q15809499	6000000016247009871
Q15809502	6000000097509906896
Q15809541	6000000073055306860
Q15809551	6000000020882212889
Q1580968	6000000022682939978
Q158097	6000000126201574837
Q158099	6000000039785185337
Q1581000	6000000024449213697
Q1581003	6000000026255355484
Q15810074	6000000017379914001
Q15810082	6000000016867287557
Q15810134	6000000015870402982
Q15810137	4127056970830063668
Q15810206	6000000016184421234
Q15810274	6000000023746125358
Q15810556	6000000051068747960
Q15810581	6000000017327234880
Q15810582	6000000036792003893
Q15810585	6000000056719472186
Q15810589	6000000172077758390
Q15810594	6000000181810888880
Q15810616	6000000092717501903
Q15810639	6000000026747170172
Q15810654	6000000181812791017
Q15810682	6000000024350148821
Q15810693	6000000043131924586
Q15810694	6000000057135424853
Q15810708	6000000087722627097
Q15810709	6000000027241338124
Q15810715	6000000016464959241
Q15810741	6000000041682108065
Q15810789	6000000047336336963
Q1581085	6000000011601091816
Q1581111	6000000021471671159
Q1581114	6000000018822480448
Q1581129	6000000024526987288
Q1581134	6000000106008758911
Q1581136	6000000137954595833
Q15811430	6000000014907335584
Q15811659	6000000042273761457
Q15811692	6000000165967439886
Q15811702	5364902694800062187
Q15811768	6000000009657612104
Q15811790	6000000100801286695
Q15811797	6000000061035584821
Q1581195	6000000023780761511
Q1581204	6000000000191978612
Q15812320	6000000110219237844
Q15812325	6000000153733586859
Q1581233	6000000036836525519
Q1581249	6000000024670994885
Q1581255	6000000028412993850
Q15812639	6000000051325592938
Q15812646	6000000030425658240
Q15812654	6000000083130589255
Q15812658	6000000032693937892
Q15813055	6000000011799275725
Q15813057	6000000003712737843
Q15813156	6000000033983855316
Q15813260	6000000022875374308
Q15813285	6000000027255298115
Q15813295	6000000019938216672
Q158133	6000000095474998021
Q15813609	6000000009689397189
Q15813746	6000000080740896533
Q15813747	6000000080739766551
Q15813838	6000000150858042830
Q158140	6000000000693790112
Q15814073	6000000027722641443
Q1581409	6000000079554204916
Q15814093	6000000140766306963
Q15814147	6000000002302605092
Q1581417	6000000035086848672
Q1581424	6000000026380928367
Q158143	6000000000714858288
Q1581431	6000000022943684167
Q1581473	6000000027724775263
Q15814770	6000000002607381870
Q158148	6000000006101264121
Q15814800	6000000021504005413
Q15814815	6000000015896091782
Q15814885	6000000051079540988
Q15814888	6000000015850755393
Q15814891	6000000067360447854
Q15814898	6000000026781396283
Q1581508	6000000025916093685
Q1581511	6000000045882566025
Q1581512	6000000023142034990
Q15815155	6000000031608298063
Q15815161	6000000013557153135
Q15815355	6000000027436090271
Q15815392	6000000014524647928
Q15815395	6000000020342689338
Q158154	6000000005968762401
Q1581548	6000000091547787865
Q1581550	6000000018221187351
Q15815565	6000000146795231825
Q1581604	6000000039307887035
Q15816057	6000000072318854877
Q15816127	6000000091404283958
Q15816150	6000000004883208149
Q15816153	6000000182644794892
Q15817276	6000000014515982219
Q158173	4108298
Q158175	6000000007749124298
Q1581791	6000000059828293903
Q15818099	6000000065597897979
Q15818151	6000000095882291121
Q15818268	6000000048305278923
Q1581827	6000000064348907184
Q1581834	6000000021570346959
Q15818649	6000000070996220091
Q15818658	6000000112929934833
Q15818669	6000000026863231937
Q15818695	6000000056138349870
Q1581877	6000000000700520932
Q15819237	6000000082640126144
Q15819262	6000000052865503895
Q15819348	6000000024488926069
Q15819364	6000000026888720438
Q15819370	6000000067517987980
Q15819378	6000000068693002831
Q15819389	6000000040254720595
Q15819408	6000000059942179069
Q15819425	6000000024065259367
Q15819432	6000000167826599914
Q15819499	6000000027128213911
Q1581952	6000000048841378853
Q15819542	6000000043970156340
Q15819583	6000000018694963426
Q15819586	6000000048838422909
Q15819590	6000000008733992973
Q15819827	6000000013014071452
Q15819901	6000000129455999822
Q1581995	6000000000720008439
Q1582013	6000000169033615822
Q1582033	6000000164957408499
Q1582042	6000000014997368553
Q15820422	6000000027986334258
Q15820471	6000000102659960862
Q1582054	6000000002802407850
Q15820620	6000000061089781987
Q1582066	6000000002531563056
Q15820706	6000000074457018327
Q15820714	6000000005740265253
Q15820742	6000000008631550572
Q15820765	6000000032621292451
Q1582079	6000000180546089262
Q1582083	6000000011909970559
Q1582093	6000000026016516023
Q1582094	6000000164888692834
Q15820987	6000000055091358836
Q15820994	6000000074565958193
Q15821044	6000000036355325989
Q15821053	6000000043051986881
Q1582106	6000000030026675702
Q15821064	6000000175755924860
Q15821076	6000000015551581984
Q15821183	6000000007499164735
Q15821215	6000000016692421956
Q15821233	6000000090739990851
Q15821253	6000000180714599838
Q15821259	6000000129622724125
Q15821261	6000000069047292821
Q15821287	6000000035940701225
Q15821295	6000000008485493757
Q15821310	6000000023712867932
Q15821312	6000000030120637410
Q15821337	6000000022201306171
Q15821346	6000000041785724922
Q15821416	6000000032368053084
Q15821437	6000000009206812698
Q15821520	6000000007043724324
Q15821521	6000000007456715546
Q15821522	6000000074574764035
Q15821529	6000000053801750976
Q15821582	6000000013072857379
Q15821591	6000000027721759319
Q15821594	6000000024582113684
Q15821722	6000000071861835366
Q15821819	6000000015719382467
Q15821837	6000000021262779624
Q15821915	6000000003864365236
Q15822010	6000000042464836225
Q1582202	6000000012965300209
Q15822045	6000000025689025100
Q15822047	6000000020616348617
Q1582222	327483345970002848
Q1582254	6000000056732788884
Q15822850	6000000025972755970
Q15822859	6000000097791967843
Q158229	6000000004183689136
Q15822936	6000000098520965847
Q15822937	6000000015876697883
Q15822958	6000000024153662535
Q15822965	6000000104372298821
Q15822976	6000000025057881054
Q15823015	6000000179927382821
Q15823038	6000000066588674888
Q15823044	6000000023125709976
Q15823063	6000000015928524341
Q15823075	6000000009470451937
Q15823076	6000000033351555284
Q158232	6000000006101312836
Q1582356	6000000029866621597
Q1582375	6000000085903518834
Q15823959	6000000036980083203
Q15824175	6000000051854027107
Q15824177	6000000037733341012
Q1582463	6000000136772155821
Q15824707	6000000031076936210
Q15824708	6000000137633983821
Q158250	6000000165056399962
Q158252	304430340510004215
Q1582522	6000000043402207126
Q1582536	6000000177765099929
Q158255	6000000038538636831
Q1582558	6000000058058464821
Q158256	6000000006436641118
Q15825621	6000000043155143626
Q15825662	6000000007095041894
Q15825666	6000000025579058532
Q15825677	6000000092793924891
Q1582570	6000000013442342274
Q15825752	6000000023250655016
Q15825786	6000000024570475944
Q158258	6000000003219470601
Q1582675	6000000150635639846
Q1582689	6000000035522130025
Q15827297	6000000073118184161
Q1582737	6000000073719306847
Q1582739	6000000009101995898
Q1582742	6000000066590530856
Q1582782	6000000033459674931
Q1582804	6000000070872194900
Q1582826	6000000096234097852
Q1582891	6000000015092674970
Q1582909	6000000179379705854
Q1582958	6000000011371285425
Q15829810	6000000054067185899
Q15829955	6000000021548025893
Q15830042	6000000019594343781
Q15830098	6000000014515558123
Q15830120	6000000052492960155
Q15830166	6000000033027189346
Q15830175	6000000057521935835
Q15830199	6000000172713971937
Q15830217	6000000193832923822
Q15830261	6000000080942890822
Q15830294	6000000122656720856
Q15830329	6000000100828586912
Q15830344	6000000053455628887
Q15830354	6000000068556922861
Q15830364	6000000180947999823
Q15830378	6000000152646816849
Q1583040	6000000008597045537
Q15830842	6000000022290681161
Q15830842	6000000032457632485
Q15830904	6000000025817005265
Q1583115	6000000027524263866
Q1583117	6000000022628267389
Q15831246	6000000081035018840
Q15831301	6000000000806962589
Q15831307	6000000111791173883
Q15831352	6000000079534127226
Q15831353	6000000210379825877
Q15831369	6000000101355568913
Q15831375	6000000050858826919
Q1583138	6000000026055830787
Q158314	6000000008260353871
Q1583142	6000000015519159034
Q15831425	6000000046745957108
Q1583145	6000000194995196826
Q15831664	6000000177922705846
Q1583176	6000000061602833300
Q1583185	6000000026699997262
Q15832745	6000000001983213403
Q15832769	6000000119547364923
Q15832854	4999920093430063148
Q15832892	6000000087650273846
Q15832901	6000000016744283131
Q15832902	6000000172769532888
Q15832905	6000000039514852037
Q15832935	6000000169012737822
Q15832993	6000000097404658825
Q15833068	6000000073763213041
Q1583351	6000000135256885038
Q15833537	6000000058071387864
Q1583354	6000000024276571821
Q1583355	6000000111231541881
Q1583362	6000000088371537914
Q1583369	6000000086149641220
Q1583373	6000000022202343977
Q1583381	6000000029658175037
Q15833893	6000000004178014875
Q15833919	6000000069117153859
Q15833993	6000000021725541301
Q1583410	6000000000159063399
Q1583412	6000000069157364851
Q1583414	6000000019262723334
Q15834154	6000000041149564478
Q15834164	6000000078830675821
Q15834171	6000000022908076939
Q15834179	6000000015404157839
Q1583418	6000000086048273821
Q1583420	6000000027546236404
Q15834213	6000000177141550831
Q15834220	6000000091620460864
Q1583423	6000000019488354374
Q15834246	6000000009627809826
Q1583434	6000000036946852135
Q1583438	6000000031478182455
Q15834476	6000000028317026755
Q1583448	6000000020604010740
Q15834488	6000000027576484708
Q15834506	6000000035242553821
Q1583451	6000000180942609840
Q15834520	6000000027691121896
Q15834529	6000000041230677921
Q15834565	6000000181306556821
Q15834569	2092245
Q15834572	6000000026468322979
Q15834577	6000000031077096897
Q15834592	6000000024144768137
Q1583481	6000000014454696253
Q1583483	6000000040954584490
Q1583486	6000000016911930503
Q15834992	6000000041220598899
Q1583502	6000000016314652684
Q15835061	6000000019299790377
Q1583507	6000000020331199324
Q1583511	6000000032819100510
Q1583513	6000000018309107722
Q1583519	6000000064783615868
Q15835257	6000000068201083821
Q158354	6000000008064752308
Q1583544	6000000020293533289
Q1583549	6000000063004017329
Q1583558	6000000010383955341
Q1583561	6000000022421096342
Q1583562	6000000023047541958
Q1583563	6000000142691804834
Q15835701	6000000010715789209
Q1583571	6000000017442864018
Q1583573	6000000033840112841
Q15836853	6000000221149923824
Q15836869	6000000175757630926
Q158370	6000000024581695592
Q15837782	6000000024075988824
Q15837873	6000000064122146846
Q15837938	6000000025847764856
Q15837953	6000000012965072675
Q15837959	6000000012986487436
Q15838249	6000000016490751980
Q15838261	6000000148185173821
Q15838517	6000000030626203544
Q15838520	6000000012254188840
Q15838531	6000000042121632893
Q15838691	6000000026272664258
Q15838705	6000000103486015842
Q15838902	6000000166466083822
Q158394	6000000082332984636
Q15839738	6000000024347648227
Q15839786	6000000021309531061
Q15839957	6000000074456439927
Q1584015	6000000011714788640
Q15840161	6000000175736603833
Q15840166	6000000129621727906
Q15840193	6000000013806447050
Q1584036	3156927
Q1584039	6000000178555075826
Q15840394	6000000038536636880
Q15840397	6000000055721657976
Q15840513	6000000032271413038
Q1584140	6000000007466585918
Q15841841	6000000074564418068
Q1584205	6000000090085613870
Q15842076	6000000180084938854
Q15842077	6000000016960672391
Q1584221	6000000014477376540
Q15842355	6000000002188508628
Q1584239	6000000174113392149
Q15842390	6000000013521789032
Q15842398	6000000013503592248
Q15842399	6000000100166871894
Q15842410	6000000038660169217
Q15842648	6000000189049296835
Q15842662	6000000017661719694
Q15842663	6000000007980590039
Q15842665	6000000006823680853
Q15842668	6000000164059870991
Q15842675	6000000005004130471
Q15842721	6000000170805117942
Q15842756	6000000092948767910
Q15842804	6000000158564315873
Q15842805	6000000058099631120
Q15843225	6000000038766736575
Q15843294	6000000065080192877
Q1584330	6000000009948741570
Q158436	6000000008202715993
Q15843829	6000000005020163981
Q15843903	6000000091366074883
Q15843911	6000000035937917912
Q15844617	6000000018751998218
Q15844683	6000000012167661279
Q15844708	6000000071026764017
Q15844750	6000000166770727858
Q15844892	6000000000973017137
Q1584511	6000000057337977123
Q1584516	6000000039924901404
Q15845287	6000000052699111837
Q15845309	6000000005585581174
Q1584531	6000000082855865237
Q15845314	6000000010530343428
Q15845321	6000000170028735922
Q15845327	6000000008202678585
Q1584533	6000000177237553866
Q15845332	6000000007741345913
Q15845353	6000000024304229590
Q15845354	6000000024304108684
Q15845361	6000000024304442396
Q15845361	6000000163794106821
Q15845368	6000000013228338305
Q15845378	6000000007681354750
Q15845382	6000000012673989722
Q15845391	6000000088159376987
Q15845409	6000000006128083313
Q15845412	6000000093560090960
Q15845523	6000000026149635379
Q15845525	6000000021390066869
Q15845530	6000000075133747855
Q15845565	6000000041678328695
Q15845581	6000000143187109892
Q15845780	6000000009534926797
Q15846179	4115869027360030433
Q15846409	6000000003615258474
Q15846463	6000000075422523187
Q1584674	6000000053841646031
Q1584740	6000000027345796726
Q15847698	6000000046617548797
Q1584778	6000000000592619639
Q1584789	6000000084838886141
Q1584834	346364649680012286
Q1584848	6000000024651568290
Q1584850	6000000031771275947
Q1584851	6000000180703662825
Q158486	6000000052887524998
Q1584860	6000000009592600512
Q15849	6000000016952505967
Q1584951	6000000178216583843
Q15849870	6000000001024705277
Q1585	6000000025862973604
Q1585021	6000000039303614138
Q1585061	6000000026423927151
Q15850636	6000000022852873734
Q15850642	6000000162288888867
Q15850741	6000000024320971266
Q15850796	6000000037723578217
Q1585118	6000000025360698365
Q15851399	6000000072969219954
Q15852005	6000000123699972867
Q15852012	6000000002311175175
Q1585209	5711096800020128267
Q15852386	6000000025279159271
Q1585244	6000000007445345465
Q15852822	6000000025943761929
Q1585304	6000000018768037847
Q15853054	6000000062026404202
Q1585323	6000000017696847925
Q15853267	6000000072971034279
Q15853588	6000000131523550884
Q158536	6000000052347299906
Q15853609	6000000076487467732
Q1585370	6000000010020944460
Q1585380	6000000076563218827
Q15854075	6000000051073399873
Q15854168	6000000048055293199
Q15854232	6000000159181247843
Q15854456	6000000028062697860
Q15854493	6000000028335121958
Q15854575	6000000016169932751
Q15854580	6000000044414370872
Q1585461	6000000151518097873
Q15854616	6000000039152639181
Q15854635	6000000073728329969
Q15854652	6000000031074943237
Q15854694	6000000013556219835
Q15854722	6000000069451281107
Q1585515	6000000154745205822
Q15855233	6000000039763830568
Q15855432	6000000080416068039
Q1585616	6000000018001152244
Q1585630	6000000013664052236
Q15856600	6000000180035487851
Q15856712	6000000181081917919
Q15856873	6000000111922048115
Q15857051	6000000100807743889
Q15857081	6000000015065754303
Q15857088	6000000004098042318
Q15857205	6000000038500561971
Q1585734	6000000014678189714
Q15857367	6000000049343442852
Q15857440	6000000020559665048
Q15857519	6000000065562046868
Q15857638	6000000010572385352
Q15857641	6000000057618392035
Q15857672	6000000004097190582
Q15857679	6000000096128249847
Q15857687	4999850767820070840
Q15857749	6000000023517408497
Q15857752	6000000026503657954
Q15857767	6000000078026130099
Q1585790	6000000031944221513
Q1585810	6000000022076157442
Q1585815	6000000012944786396
Q1585819	6000000008415110704
Q15858224	6000000074572687884
Q1585826	6000000050202901200
Q15858309	6000000012546701106
Q1585846	6000000084728903395
Q15858617	6000000048053190384
Q15858625	6000000067284196882
Q15858627	6000000064867640822
Q1585893	6000000001807381290
Q1585904	6000000040473889699
Q1585914	6000000024263203296
Q15859234	6000000022641214935
Q15859270	6000000003891989505
Q15859301	6000000057186253916
Q1585936	6000000043460030626
Q1585947	6000000138173923822
Q1586101	6000000028777570775
Q15861027	6000000015948718772
Q1586109	365519594420013176
Q1586116	6000000001805884295
Q1586145	4279229909900033732
Q1586150	6000000042465199091
Q1586154	6000000008299608511
Q1586159	6000000041632577690
Q15862049	6000000076775250507
Q1586255	6000000032296735767
Q1586265	6000000027791847163
Q1586268	6000000001591875150
Q1586271	6000000021321600326
Q1586362	6000000015260286836
Q1586366	6000000002764344974
Q1586395	6000000027313212568
Q1586454	6000000004259423749
Q1586459	6000000026189940386
Q158647	6000000040562440949
Q1586470	6000000014583514118
Q15864799	6000000019023375303
Q15864801	6000000000999533304
Q1586481	6000000015440055652
Q1586483	6000000061147128843
Q1586485	6000000020321878695
Q1586488	6000000010602126207
Q15864920	6000000212310961843
Q1586499	6000000003786233109
Q1586506	6000000033749200872
Q1586509	6000000007229088498
Q1586525	6000000002373796618
Q1586532	6000000001874343568
Q1586536	6000000014201262236
Q158654	6000000015704589190
Q1586540	6000000002416378817
Q1586561	6000000000110512971
Q1586577	6000000026255553006
Q158659	6000000001469323122
Q15865914	6000000026272333663
Q15866	6000000011481505274
Q158662	6000000000846802127
Q1586625	6000000016203463076
Q1586647	6000000184860228855
Q1586655	6000000040485379609
Q1586673	6000000128960680871
Q1586678	6000000026891187768
Q1586688	6000000016289682121
Q1586690	6000000007907751252
Q15866960	6000000059938544944
Q1586702	6000000078508308318
Q15867196	6000000011833775613
Q1586724	6000000158012926831
Q1586732	6000000001561581985
Q1586745	6000000025679218935
Q1586757	6000000015435339847
Q1586766	6000000022307385002
Q1586786	6000000023530889978
Q1586801	4749148487200128864
Q1586822	6000000014515330498
Q1586895	6000000046719741378
Q15869	6000000013320486105
Q1586902	6000000031771246868
Q1586907	6000000015898509403
Q15869294	6000000026203020017
Q15869372	6000000039788093343
Q15869857	6000000016145858338
Q15869867	6000000010173153540
Q15870005	6000000016146554327
Q15870049	6000000017253117513
Q15870055	6000000018798705810
Q1587043	6000000011639134428
Q158707	3956316359810077848
Q15871788	6000000002761504625
Q15872478	6000000018597790412
Q15872569	6000000172363665491
Q15872593	6000000021049772946
Q15872604	6000000016257354618
Q15872606	6000000032995802797
Q15872613	6000000013778806174
Q15872890	6000000093071076856
Q15873	6000000095490814856
Q1587324	6000000014693686063
Q1587325	6000000020616295726
Q15873685	6000000002188493448
Q1587393	6000000103461901890
Q15874025	6000000020658714358
Q15874060	6000000013653675873
Q15874067	6000000018199080272
Q15874068	6000000017727270354
Q15874218	6000000023462045353
Q15874219	6000000031001570800
Q1587432	6000000114113015823
Q15874543	6000000018018929859
Q1587475	6000000013175372280
Q15874780	6000000027953993750
Q15874869	6000000027059418938
Q15874883	6000000024983805710
Q158749	6000000016433016198
Q15875037	6000000021580416848
Q15875071	6000000023265938065
Q15875199	6000000048870248906
Q1587522	6000000014279932459
Q1587529	6000000018135212764
Q158753	6000000043048800164
Q15875380	6000000016257130673
Q15875383	6000000029259643724
Q15875385	6000000025752528756
Q15875397	6000000013653960350
Q15875402	6000000013653842491
Q15875412	6000000018125564573
Q15875413	6000000015689969477
Q15875414	6000000017843039164
Q15875442	6000000025501053956
Q15875591	6000000017229829535
Q15875629	6000000026201889570
Q1587564	6000000033992057054
Q1587581	6000000029406850707
Q1587582	6000000048851952283
Q15875969	6000000016382438056
Q15876168	6000000020693837169
Q15876190	6000000013653650351
Q15876191	6000000013653968330
Q15876194	6000000006597124859
Q15876195	6000000021559932282
Q15876232	6000000019666645417
Q15876243	6000000023288904210
Q15876248	6000000043059089354
Q15876267	6000000000128389242
Q15876360	6000000034541023179
Q158765	6000000010062583684
Q15876615	6000000036846516782
Q1587662	6000000036041341895
Q15876671	6000000002188612780
Q158768	6000000016430595100
Q15876800	6000000014293986153
Q15876808	6000000016199221034
Q15876827	6000000017135392328
Q15876850	6000000018416255615
Q15876852	6000000062320211854
Q15876882	6000000021797807136
Q15876957	6000000027937835400
Q15876981	6000000034541200883
Q15877053	6000000017989925271
Q15877070	6000000026187353994
Q15877087	6000000019050446973
Q15877096	6000000178743741912
Q15877174	6000000027942645886
Q15877176	360592846550011534
Q158772	6000000011395292692
Q15877343	6000000016615342511
Q15877458	6000000030924372684
Q15877736	6000000017950940390
Q158778	6000000021194103424
Q15878854	6000000021825144868
Q15878880	6000000115043112911
Q1587889	6000000026215758799
Q15878945	6000000024420704029
Q15878974	6000000020649417934
Q1587914	6000000021208288894
Q15879212	6000000021291439559
Q15879217	6000000018924043412
Q15879234	6000000054363855821
Q15879243	6000000016256652999
Q1587936	6000000076621609943
Q15879386	6000000017008924523
Q1587946	6000000184147765375
Q15879503	6000000178744506880
Q15879793	6000000013654347461
Q15879983	6000000090233011821
Q1588059	6000000007776879892
Q1588065	6000000007182030722
Q15880734	6000000017730666266
Q15880738	6000000025770780781
Q15881095	6000000018162660517
Q158813	6000000022876054229
Q1588161	6000000035845291077
Q15881647	6000000030247347576
Q1588192	6000000032081650634
Q15881931	6000000038213479838
Q1588213	6000000026765628223
Q1588231	6000000023993104233
Q15882344	6000000002188612772
Q15882842	6000000083155575063
Q15882930	6000000018002845222
Q158838	6000000014089222817
Q1588385	373704495690011705
Q15883997	6000000036851394404
Q158840	6000000016759896456
Q15884002	6000000017854135084
Q15884006	6000000019541775561
Q15884088	6000000006597111678
Q158850	6000000041494721218
Q1588526	6000000090856903878
Q15885399	6000000013715080987
Q158854	6000000008439018624
Q1588547	6000000163373021138
Q15885493	6000000037679726738
Q1588584	6000000022246548630
Q158861	6000000008036142006
Q1588662	6000000181039144835
Q1588690	6000000020961267479
Q158878	6000000177234425851
Q15888056	6000000001211392418
Q15888133	6000000182728500822
Q15888171	6000000181905658906
Q15888268	6000000155815842866
Q15888325	6000000025332498863
Q15888380	6000000025055802559
Q1588840	6000000008873175383
Q1588852	6000000004533048198
Q15888775	6000000019263655791
Q15888950	6000000032484523052
Q15889379	6000000029370304893
Q15889444	6000000075499438944
Q1588967	6000000018880893033
Q15889729	6000000008248183956
Q1589	6000000078519295190
Q15890229	6000000037911434861
Q15890338	6000000053266276867
Q15890997	6000000180381666821
Q15891026	6000000026105431714
Q15891192	6000000074705168137
Q15891292	6000000074705413825
Q15891296	6000000075498378227
Q15891403	6000000012653430740
Q1589146	6000000004706950027
Q15891657	6000000172969547945
Q15891731	6000000012653336457
Q15891836	6000000075425615012
Q1589192	6000000030907996198
Q1589201	6000000002149247261
Q15892227	6000000138584077852
Q15892365	6000000068217096010
Q15892829	6000000075058778822
Q1589304	6000000023969085295
Q1589312	6000000035627176893
Q1589319	6000000028001706157
Q1589331	6000000183604091846
Q15893645	6000000123929734859
Q15893756	6000000074705320890
Q15894008	6000000074785937454
Q1589403	6000000002799049662
Q15894126	6000000074751478956
Q15894382	6000000074745538336
Q1589440	6000000008381857399
Q15894428	6000000074792355061
Q15894629	6000000075480333385
Q15894861	6000000074746488842
Q15895033	6000000074728553978
Q15895282	6000000023124969878
Q15895306	6000000074705100914
Q15895360	6000000074746251838
Q15895365	6000000074699011826
Q15895402	6000000074727247944
Q15895504	6000000075326412059
Q15895638	6000000075407677948
Q15895756	6000000075485111830
Q15895892	6000000074790687176
Q15896078	6000000074791832173
Q15896173	6000000129966156841
Q15896589	6000000075501511895
Q15896608	6000000076988692988
Q15896916	6000000159902159846
Q15896922	6000000075423429846
Q15896989	6000000075488243886
Q15897	6000000013385748844
Q15897053	6000000074759680824
Q15897190	6000000074757623244
Q15897223	6000000075484574428
Q15897278	6000000074690805821
Q15897382	6000000074768225085
Q15897558	6000000074684570378
Q15897779	6000000074751620835
Q15897959	6000000074749155821
Q1589796	6000000179457997848
Q15898004	6000000012827084985
Q15898094	6000000014120152169
Q15898109	6000000017081124226
Q15898369	6000000029164055437
Q15898425	6000000029920250858
Q15898469	6000000213746177838
Q15898513	6000000010940492289
Q15898672	6000000050750405954
Q15898709	6000000039152376822
Q15898782	6000000001180387856
Q15898825	6000000074759078998
Q15898829	6000000074791500224
Q15898893	6000000074787343973
Q15898900	6000000074737137000
Q15898902	6000000075412308907
Q15898972	6000000075429553872
Q15898987	6000000029919678522
Q15899012	6000000074767716376
Q15899067	6000000075501555036
Q15899184	6000000075428359126
Q15899452	6000000075507704836
Q158997	6000000002907054238
Q1589975	6000000015425564687
Q15900278	6000000074767957226
Q15900531	6000000074705681884
Q15900599	6000000075487925014
Q15900781	6000000074726975173
Q15900873	6000000075401662845
Q15900888	6000000075497185068
Q15901001	6000000075501331835
Q15901074	6000000074787092012
Q15901099	6000000074685237872
Q15901190	3137665
Q15901396	6000000075430279884
Q15901692	6000000074691892853
Q15901707	6000000074716940901
Q15901762	6000000074771222840
Q15901763	6000000075429053099
Q15901802	6000000074792380025
Q15901919	6000000074750095053
Q15901940	6000000075504769927
Q15902025	6000000075421346915
Q15902030	6000000075505188226
Q15902122	6000000060812275925
Q15902136	6000000074792940944
Q15902141	6000000074747381022
Q15902365	6000000050750048905
Q15902407	6000000075424042889
Q15902456	6000000074792406910
Q15902501	6000000071016559030
Q15902610	6000000050752590927
Q15902634	6000000075505957975
Q15903102	6000000047089628871
Q15903397	6000000029920215921
Q15903604	6000000031974044990
Q15903648	6000000050047529037
Q15903845	6000000071015477988
Q15904009	6000000011325387124
Q1590405	6000000078058310585
Q15904505	6000000074725271304
Q15904558	6000000074733185073
Q15904619	6000000074732641848
Q15904930	6000000074727785933
Q15904979	6000000074792564057
Q15905196	6000000074691241102
Q15905219	6000000023809767430
Q15905238	6000000029299881030
Q15905247	6000000075345679045
Q15905299	6000000074792144086
Q15905448	6000000074733509845
Q15905726	6000000024538956472
Q15905866	6000000169569412300
Q15905906	6000000010981285909
Q15905912	6000000120122172833
Q15906268	6000000013216291815
Q15906373	6000000039162056632
Q15906389	6000000075490990941
Q15906393	6000000029163636812
Q1590652	6000000027030267673
Q15906704	6000000093738706823
Q15906767	6000000013970518594
Q15906773	6000000032361607896
Q1590682	6000000044883335298
Q15906821	6000000018360820695
Q15906824	6000000021788126276
Q15906826	6000000020793620306
Q15906884	6000000016199082329
Q15906936	6000000137125642004
Q1590695	6000000078573824870
Q15906958	6000000008572781208
Q15907002	6000000075327333003
Q15907021	6000000177583543846
Q15907122	6000000016493471428
Q159074	6000000006784025129
Q15907802	6000000075611658986
Q15908007	6000000020310998695
Q15908012	6000000074718851880
Q15908012	6000000074727663914
Q15908012	6000000074732855181
Q15908012	6000000074735511922
Q15908012	6000000074745715143
Q15908059	6000000050752584845
Q15908184	6000000074792449971
Q1590822	6000000016995701045
Q15908292	6000000075483017014
Q15908358	6000000075508929847
Q15908369	6000000074726165019
Q15908400	6000000075344734111
Q15908444	6000000074725967867
Q15908542	6000000142194409070
Q1590859	6000000000192001461
Q1590865	6000000020931132294
Q15908672	6000000051476719168
Q15908673	6000000139297311909
Q15909096	6000000071017517237
Q159092	6000000065639808159
Q15909555	6000000030646975572
Q15909613	6000000075507481971
Q15909669	6000000074753867943
Q15909844	6000000074792167066
Q15909851	6000000074729944141
Q15910005	6000000074737531920
Q15910058	6000000074688115235
Q15910168	6000000020794184979
Q15910283	6000000139658837864
Q15910286	6000000177593239876
Q15910768	6000000049234567825
Q15910881	6000000074733417916
Q15910888	6000000074791899877
Q15910904	6000000074789736860
Q15911406	6000000075509191827
Q15911533	6000000075486089956
Q15911685	6000000028745754185
Q15911711	6000000004406570004
Q15911899	6000000014531758800
Q15911906	6000000037132936498
Q15911968	6000000074710526864
Q15912358	6000000028794885886
Q15912634	6000000011627189201
Q15912835	6000000075508683962
Q15912974	6000000075506863084
Q15913225	6000000054754326823
Q15913275	6000000018366176677
Q15913357	6000000075611475220
Q15913391	6000000013205440332
Q15913401	6000000006582025015
Q15913465	6000000029957094860
Q15913545	6000000016698263786
Q15913553	6000000074730436850
Q15913576	6000000022293584987
Q15913743	6000000074745354905
Q15913746	6000000049127043212
Q15913874	6000000074791877051
Q15914117	6000000018571741874
Q15914619	6000000181222630844
Q15914619	6000000181286447901
Q15914694	6000000012652296895
Q15914700	6000000049895443549
Q15914742	6000000139657588849
Q15914743	6000000016698304643
Q15914766	6000000018360899237
Q15915040	6000000184364893940
Q15915195	6000000075419570833
Q15915243	6000000036327610895
Q15915350	6000000019265583708
Q15915375	6000000039542146133
Q1591547	6000000002188416249
Q15915547	6000000020181975645
Q15915660	6000000075509051875
Q15915661	6000000075508164280
Q1591582	6000000020420666928
Q15916215	6000000038241907018
Q15916249	6000000031974078945
Q15916261	6000000075503098418
Q15916283	6000000050851363966
Q15916332	6000000074737704862
Q1591635	6000000016193488410
Q15916446	6000000047172892328
Q15916448	6000000075490311983
Q15916456	6000000029164219002
Q15916460	6000000075504498995
Q15916622	6000000013936620958
Q15916645	6000000023773730072
Q15916653	6000000056196653906
Q15916679	6000000181534793854
Q15916782	6000000024998406529
Q15916878	6000000019510432928
Q15917005	6000000074791844067
Q15917035	6000000034280054388
Q1591712	6000000106993504358
Q15917249	6000000029885740240
Q15917318	6000000006444719659
Q15917426	6000000075337872925
Q15917430	6000000007101891221
Q15917521	6000000042355080346
Q15917614	6000000074716943311
Q15917630	6000000075505980983
Q15917660	6000000025208355783
Q15917660	6000000075554999873
Q15917744	6000000044346727647
Q1591784	6000000181933134859
Q15917880	6000000037095142088
Q15917894	6000000015742444585
Q15917907	6000000074792586921
Q15917976	6000000016836483067
Q15918029	6000000028889040660
Q15918053	6000000043383048891
Q15918071	6000000024319407451
Q15918078	6000000088056821988
Q15918149	6000000074744922013
Q15918150	6000000017432512436
Q15918157	6000000017073090569
Q15918172	6000000053747276004
Q15918274	6000000065145678839
Q15918402	6000000076905903008
Q15918536	6000000019155425688
Q15918616	6000000145230445880
Q15918667	6000000145971088832
Q1591887	6000000145362082829
Q15919186	6000000075406957143
Q15919407	4673108999860029576
Q15919438	6000000074688287089
Q15919605	6000000019909905321
Q15919660	6000000024999532056
Q15919941	6000000176744851835
Q15920082	6000000012653054519
Q15920128	6000000047826215890
Q15920161	6000000075508778919
Q15920243	6000000074792601838
Q15920271	6000000075049692958
Q15920387	6000000026190841329
Q15920460	6000000075373460821
Q15920539	6000000022865490276
Q15920586	6000000075508872897
Q15920645	6000000006043283464
Q15920690	6000000063343421225
Q15920705	6000000007564862412
Q15920865	6000000075554685822
Q15920922	6000000061101813877
Q15921080	6000000017128691627
Q15921143	6000000054751835823
Q15921143	6000000075611626021
Q15921154	6000000057048449055
Q15921160	6000000037667785418
Q15921464	6000000075508698826
Q15921534	6000000001180344163
Q15921553	6000000011572895592
Q15921553	6000000075509126842
Q15921642	6000000006582015956
Q15921676	6000000075506003985
Q15921838	6000000007326569262
Q15921854	6000000029786945166
Q15922023	6000000013331082326
Q15922027	6000000025457969913
Q15922281	6000000038242041869
Q15922438	6000000075399140877
Q159227	6000000014447309336
Q15924217	6000000045467750822
Q15924343	6000000025244275326
Q1592441	6000000007240358853
Q15924471	6000000030477022302
Q1592467	6000000000549908849
Q15924689	6000000075554373843
Q15924980	6000000046994848902
Q15924993	6000000075606955845
Q15925063	6000000075428794038
Q15925134	6000000074733424213
Q1592518	6000000056983246873
Q15925212	6000000016972794562
Q15925233	6000000002802612147
Q15925238	6000000045294474078
Q1592528	6000000100074742330
Q15925365	6000000074738277832
Q15925400	6000000075407667940
Q15925435	6000000019154983818
Q15925658	6000000020311260807
Q1592570	6000000035728454437
Q15925719	6000000075610887966
Q15925727	6000000211119633850
Q15925794	6000000011626675023
Q1592583	6000000027597524479
Q15925837	6000000013883463189
Q15925902	6000000075405011367
Q15925937	6000000044347094296
Q15925977	6000000075553067157
Q15926079	6000000032130035650
Q15926087	6000000046994188835
Q15926141	6000000057633209830
Q15926246	6000000031961396858
Q15926246	6000000075607122924
Q15926257	6000000074727812855
Q15926392	6000000075491277925
Q15926504	6000000032179930287
Q15926524	6000000003483958337
Q15926612	6000000075507909301
Q15926645	6000000186832942860
Q15926684	6000000147224501978
Q15926717	6000000074728217885
Q15926867	6000000139658739918
Q15927038	6000000075503135090
Q15927114	6000000023233396386
Q15927214	6000000181362243835
Q15927400	6000000075327076905
Q15927413	6000000059666284170
Q15927489	6000000074748547893
Q1592759	6000000004086366987
Q15927686	6000000074688221851
Q15927720	6000000075507266114
Q15927754	6000000075049068371
Q15927808	6000000075423322936
Q15927921	6000000074725619419
Q15927950	6000000029599955535
Q15928092	6000000031960812557
Q15928374	6000000013197520499
Q15928460	6000000033305208490
Q15928523	6000000175828961842
Q15928574	6000000075507665850
Q15928636	6000000074737740882
Q15928646	6000000011626915020
Q15928686	6000000075508739917
Q15928855	6000000044388506338
Q15928940	6000000068898516994
Q15929089	6000000075504003931
Q15929562	6000000074714363314
Q159297	6000000019625061238
Q15929761	6000000074745293881
Q15929767	6000000074710243148
Q15929815	6000000009833111232
Q15929945	6000000019499619113
Q15929946	6000000009368613194
Q15930128	6000000171849823850
Q15930287	6000000022205414056
Q1593034	6000000058379328833
Q15930615	6000000075506438874
Q1593065	6000000001886693300
Q15930684	6000000039003349325
Q15930776	6000000022572549834
Q15930776	6000000074792502154
Q15930778	6000000074737324976
Q1593081	6000000001459290517
Q15930928	6000000013070821735
Q1593098	6000000021316336077
Q1593109	6000000005090237674
Q15931099	6000000075508535976
Q15931110	6000000050749458194
Q15931116	6000000019643834022
Q15931117	6000000074692219112
Q15931221	6000000075503180219
Q15931255	6000000075509178836
Q1593139	6000000013333650941
Q15931432	6000000059584675958
Q15931510	6000000075337493078
Q15931520	6000000080697794166
Q15931531	6000000074758649477
Q15931601	6000000074728943835
Q15931690	6000000074753540949
Q15931704	6000000075607235899
Q15931739	6000000074685044850
Q15931760	6000000142897820991
Q15931786	6000000143117899900
Q15931854	6000000044379158615
Q15931871	6000000072339988571
Q15931900	6000000045928767319
Q15931964	6000000074734375920
Q15931993	6000000039081235524
Q15931995	6000000075406938844
Q15932008	6000000075612226898
Q15932036	6000000075491249911
Q15932087	6000000074751021128
Q15932145	6000000075407637861
Q15932258	6000000074787534138
Q15932262	6000000075507580963
Q15932321	6000000006174712091
Q1593249	6000000045555871844
Q15932617	6000000074688283197
Q15932740	6000000074738331884
Q1593276	6000000055112524992
Q15932959	6000000039151552475
Q15932962	6000000074736809176
Q15933159	6000000074736246915
Q15933242	6000000075505579900
Q1593326	6000000040204298394
Q15933270	6000000074688657913
Q15933289	6000000047502844343
Q15933502	6000000074727555330
Q15933577	6000000149535149332
Q1593360	6000000024167179327
Q1593375	6000000005598992804
Q15933792	6000000075406912879
Q15933871	6000000075429787845
Q15933956	6000000075554450045
Q15933975	6000000048072947882
Q1593410	6000000018940483129
Q1593412	6000000094007400863
Q1593415	6000000027183716954
Q15934160	6000000074726236912
Q15934172	6000000090002802856
Q1593421	6000000009100815252
Q1593422	6000000090485511946
Q15934242	6000000048997312989
Q15934288	6000000074727663966
Q1593429	6000000024747630078
Q1593430	6000000024914251585
Q1593431	6000000059054178830
Q15934322	6000000075506109880
Q1593436	6000000004097643221
Q15934399	6000000075345224901
Q15934408	6000000012985231320
Q1593441	6000000092276519095
Q1593452	6000000067741327823
Q15934548	6000000075507947176
Q15934560	6000000069854936822
Q15934593	6000000075420545992
Q15934617	6000000044220450377
Q15934637	6000000075426615021
Q159347	6000000001530965815
Q15934778	6000000074733352942
Q15934923	6000000011627059414
Q15934970	6000000074728020841
Q15935	6000000012369494320
Q15935209	6000000074704646082
Q15935359	6000000074728365863
Q15935402	6000000074718595117
Q15935475	6000000074746596885
Q15935485	6000000038980940838
Q15935606	6000000074687941082
Q15935641	6000000074792520944
Q15935653	6000000014547422758
Q15935726	6000000000100858015
Q15935736	6000000075343771367
Q15935746	6000000075610431872
Q15935748	6000000075612043886
Q15935788	6000000037677852292
Q15935845	6000000171849688843
Q15936003	6000000021829042956
Q15936038	6000000049896353990
Q15936169	6000000074791154501
Q15936365	6000000184002346826
Q15936378	6000000155518627822
Q15936397	6000000019106264555
Q15936402	6000000176509383834
Q15936468	6000000074785783884
Q15936491	6000000141006531653
Q15936503	6000000179039322876
Q15936507	6000000058101096991
Q15936513	6000000074792608881
Q1593671	6000000036813106857
Q15937086	6000000075049885951
Q15937160	6000000074381916822
Q15937652	6000000075492954979
Q15937771	6000000074728192924
Q15937988	6000000019156191017
Q15938097	6000000031942306522
Q15938101	6000000044388390067
Q15938142	6000000075507894854
Q15938146	6000000074684928882
Q15938164	6000000050048186383
Q15938164	6000000074792828966
Q15938315	6000000075612021069
Q15938346	6000000075049919856
Q15938368	6000000075506059847
Q1593841	6000000002624894400
Q15938456	6000000074745297039
Q15938728	6000000074758863242
Q15938817	6000000075329041879
Q15938830	6000000074750205869
Q15938844	6000000075607281023
Q15938899	6000000074749503970
Q15938920	6000000075481155383
Q15938957	6000000075610578821
Q15939320	6000000074750287176
Q159397	6000000002146719211
Q15939733	6000000090678005123
Q1593986	6000000142658158388
Q15940058	6000000006582015964
Q15940340	6000000074724810553
Q15940412	6000000037677694466
Q15940412	6000000074746999967
Q15940782	6000000074783160926
Q159409	6000000040689059882
Q15941062	6000000074791412280
Q15941077	6000000008330937848
Q15941139	6000000019509862338
Q15941140	6000000074792569872
Q15941193	6000000075502599862
Q15941205	6000000052625099856
Q15941348	6000000029723867548
Q15941419	6000000074706342876
Q15941441	6000000074792127903
Q15941442	6000000075405315821
Q15941504	6000000075492399922
Q15941515	6000000075344944384
Q15941767	6000000075610207222
Q15941807	6000000017055801243
Q15941816	6000000074687384845
Q15941891	6000000011573226485
Q15941897	6000000075334579859
Q15941902	6000000074770998968
Q15942035	6000000021410697632
Q15942114	6000000028694336006
Q1594223	6000000032273379847
Q15942258	6000000074705675932
Q15942345	6000000011627484550
Q15942370	6000000037911156223
Q1594245	6000000011393586481
Q15942472	6000000075502503997
Q15942599	6000000074792586997
Q15942600	6000000074791817994
Q15942617	6000000075430188837
Q15942741	6000000044009677016
Q15942786	6000000075429067821
Q15942801	6000000075421586891
Q15942806	6000000075327206850
Q15942916	6000000038131972555
Q15942938	6000000196366608824
Q15942969	6000000012627474302
Q159430	6000000081134506952
Q15943008	6000000018627906465
Q15943080	6000000014328506146
Q15943107	6000000075406146024
Q15943152	6000000031988244551
Q15943232	6000000135673727860
Q15943425	6000000021081947786
Q15943465	6000000020181592536
Q15943571	6000000017524851381
Q159436	6000000049097995827
Q15943662	6000000045775755888
Q1594388	6000000030802127173
Q15943975	6000000039001130876
Q15944047	6000000008679174242
Q15944059	6000000088139538843
Q15944070	6000000010802183185
Q15944146	6000000038195750049
Q15944149	6000000027175496493
Q15944153	5110619832160072161
Q15944212	4843945903560024014
Q15944233	6000000011238907977
Q15944240	6000000197858465935
Q15944242	6000000045963212991
Q15944250	6000000011429004111
Q15944258	6000000004148722730
Q15944260	6000000004148961609
Q15944804	6000000008124039729
Q15944827	6000000074747488087
Q15944829	6000000079807593082
Q15944935	6000000090320471052
Q15944956	6000000018571543630
Q15945004	6000000072341260899
Q15945034	6000000003961276282
Q15945064	6000000039690500592
Q15945080	6000000016964212481
Q15945214	6000000015106368879
Q15945354	6000000034277990268
Q15945617	6000000074726301899
Q15945757	6000000075508888912
Q15946138	6000000074687820828
Q15946395	6000000075133732098
Q1594647	6000000181948517822
Q15947253	6000000077366335097
Q159473	6000000064349573862
Q1594736	6000000006100685639
Q159475	6000000031880876098
Q159478	6000000027541046162
Q15948	6000000002765776705
Q159481	6000000010918426113
Q1594860	6000000016382641672
Q1594897	6000000012784341324
Q159491	6000000162939153821
Q15949335	6000000018435959940
Q1594934	6000000155099967901
Q1595000	6000000016266908887
Q15950644	6000000007874560022
Q15951063	6000000069420086832
Q15951258	6000000216047751834
Q15951465	6000000075505369943
Q15951492	6000000012860217219
Q15951565	6000000074792048925
Q1595192	6000000009017348207
Q15952010	6000000024460606256
Q15952572	6000000029741558967
Q15952765	6000000075507643868
Q15952839	6000000075423971873
Q15953	6000000001745703609
Q15953305	6000000074791843876
Q15953310	6000000074792072859
Q15953734	6000000075049750933
Q15953920	6000000074788769957
Q15954120	6000000075617024839
Q15954134	6000000074725733916
Q15954198	6000000017616216972
Q159542	6000000035428594327
Q15954405	6000000075414262924
Q15954569	6000000075506193539
Q15954893	6000000074731392943
Q15955088	6000000001504539456
Q159551	6000000015738371343
Q15955122	6000000014157668013
Q15955126	4956593955110130840
Q15955141	6000000014156801608
Q1595515	6000000026268683832
Q15955155	6000000011463730615
Q15955161	6000000012204678319
Q15955166	6000000010856578379
Q15955188	4956623564840101949
Q159552	6000000014628363066
Q15955206	6000000015116879648
Q15955207	6000000014156813639
Q15955210	6000000074783346888
Q15955216	6000000001753130630
Q15955227	6000000007235387349
Q15955265	6000000012191475715
Q15955386	6000000016123994954
Q15955419	6000000051917869501
Q1595543	6000000004860893167
Q15955816	6000000037677741285
Q15955830	6000000062104231845
Q15956138	6000000075507703894
Q15956180	6000000074745981908
Q15956338	6000000046994336373
Q15956380	6000000074735895970
Q15956404	6000000075506601165
Q15956417	6000000019384570554
Q15956437	6000000074688078005
Q159566	6000000041435789547
Q15956939	6000000058100363501
Q1595837	6000000023865966893
Q15958432	6000000156920041825
Q15958468	6000000182430083848
Q159585	6000000002003428853
Q1595877	6000000019840997190
Q15958774	6000000009027364072
Q15958810	6000000119009521902
Q159591	6000000003243840415
Q159592	6000000010346835620
Q1595933	6000000104869681246
Q15959334	6000000012629183135
Q15959511	6000000043443420498
Q159603	6000000061258510912
Q1596058	6000000014607557348
Q159606	6000000012558974345
Q159609	4695377
Q159612	6000000028857201008
Q15961710	6000000005585704107
Q15961765	6000000049508917849
Q15961869	6000000027434362638
Q159619	6000000039367669257
Q15961933	6000000039678296878
Q15961933	6000000184911100872
Q15961988	6000000150981228821
Q15962220	6000000039574847277
Q1596236	6000000003050663102
Q1596238	6000000017606769417
Q1596306	6000000018709202096
Q159632	6000000024233322256
Q1596320	6000000011002245519
Q1596321	6000000011647002438
Q1596326	6000000008457745205
Q159636	6000000008344523868
Q15963638	6000000088910949223
Q15963905	6000000015685791522
Q15963996	6000000035804399923
Q159642	6000000077312966099
Q15964353	6000000018317187327
Q159646	6000000003232532800
Q159648	6000000145783793822
Q15964800	6000000008388901558
Q1596504	6000000024434929385
Q1596508	6000000002906988008
Q159651	6000000000632004041
Q15965110	6000000076678316100
Q1596512	6000000022569748416
Q1596513	6000000066646994020
Q1596519	6000000039671782396
Q15965228	6000000007005565019
Q15965231	6000000178830147830
Q15965243	6000000006127872509
Q15965253	6000000006126938319
Q15965258	6000000007005445250
Q15965277	6000000021088167302
Q15965300	6000000006127193725
Q15965315	6000000083102964174
Q15965326	6000000006127473246
Q15965327	6000000000945043546
Q1596544	6000000212122689821
Q15965505	6000000014095154469
Q15965552	6000000145757527837
Q15965574	6000000182696116829
Q1596573	6000000015119005586
Q1596590	6000000014635477143
Q1596598	6000000022615215995
Q159660	6000000002756561323
Q15966050	6000000000174966364
Q1596608	6000000041280509752
Q15966102	6000000012442920756
Q15966200	6000000018567535657
Q1596633	6000000009154107012
Q15966503	6000000086907073260
Q1596651	6000000072084801822
Q15966593	6000000176440543916
Q15966610	6000000198047350822
Q15966633	6000000029648069445
Q15966641	6000000017688397928
Q15966653	6000000157306947847
Q1596678	6000000027611033061
Q1596681	6000000172536705933
Q15966933	6000000078767396258
Q159670	6000000003071101333
Q15967081	6000000000641011774
Q15967152	6000000015814865768
Q15967163	6000000018164011794
Q15967179	6000000011467141144
Q15967213	6000000095899881847
Q15967315	6000000077192445170
Q15967336	6000000071155771035
Q15967363	6000000017023196413
Q15967419	6000000021213712977
Q15967435	6000000027610950404
Q15967438	6000000077522079915
Q15967439	6000000015733684109
Q15967442	6000000021582460122
Q15967461	6000000029329830156
Q15967462	6000000027049270248
Q15967463	6000000027648857035
Q15967466	6000000078294831054
Q1596747	6000000083329472993
Q15967471	6000000044149916995
Q15967510	6000000021594147454
Q15967527	6000000008138681892
Q1596762	6000000074356608964
Q15967707	6000000003891024562
Q15967708	6000000012932901885
Q15967732	6000000025840415872
Q15967749	6000000006968837159
Q1596775	6000000011898561990
Q15967752	6000000008128868324
Q15967758	6000000013518736582
Q15967772	6000000019333402586
Q1596787	6000000183983366868
Q15967895	6000000032597334837
Q159679	6000000006727823544
Q15967964	6000000083070490005
Q15967972	6000000011819457682
Q15967974	6000000007402063742
Q15967985	6000000027379961345
Q15968032	6000000009752704200
Q1596804	6000000018923065960
Q15968045	6000000076254861867
Q15968053	6000000021558408067
Q159681	6000000084969615832
Q15968123	6000000010095640466
Q15968159	6000000001311437214
Q15968273	6000000051511821935
Q1596834	6000000001956959964
Q1596835	6000000080199715036
Q1596839	6000000174113240987
Q159684	6000000065606796977
Q15968609	6000000020774790061
Q1596863	6000000011171757132
Q15968683	6000000049854725500
Q15968690	6000000093465266831
Q15968693	6000000017113379593
Q15968726	3715521
Q15968801	6000000126719432021
Q15968820	6000000011935606261
Q15968822	6000000002188496680
Q15968839	6000000080767340356
Q1596885	6000000020708620102
Q15968853	6000000142201071849
Q1596888	6000000017206096055
Q1596893	6000000023937557070
Q15968962	6000000109851226827
Q15969	6000000028318875039
Q15969012	6000000084001587065
Q15969022	6000000088818447925
Q15969047	6000000026743923094
Q15969063	6000000019802740030
Q15969120	6000000051859685041
Q15969146	6000000044149906214
Q15969162	6000000002418544087
Q15969236	6000000010983577519
Q15969243	6000000012801041919
Q15969249	6000000004868768985
Q15969262	6000000073956478605
Q15969310	6000000070389857066
Q1596937	6000000171056343163
Q159694	6000000075845790018
Q15969405	6000000019769652740
Q1596942	6000000023524356002
Q15969482	6000000021081460620
Q15969483	6000000021081406742
Q1596952	6000000031513485833
Q15969562	6000000173573903274
Q1596959	6000000018952830076
Q15969609	6000000000940125047
Q15969655	6000000049242284028
Q15969677	6000000022613830985
Q15969720	6000000010667299126
Q15969721	6000000004884976136
Q1596973	6000000018240934304
Q15969779	6000000074393119836
Q1596981	6000000027572727587
Q1596983	6000000025186669260
Q15969838	6000000111002233918
Q15969863	6000000003403583307
Q15969997	6000000017077201811
Q15970047	6000000012628266558
Q15970101	3973214657400025018
Q1597012	6000000129466961989
Q15970146	6000000132657572842
Q15970152	6000000069460604251
Q15970156	6000000016976490183
Q1597017	6000000025413916731
Q15970180	6000000164477726521
Q15970294	6000000172278973150
Q15970383	6000000003273320690
Q15970535	6000000023822404217
Q1597054	6000000013349464551
Q15970583	6000000011193459283
Q15970672	6000000013838811482
Q15970689	6000000037694465845
Q15970727	6000000219250682883
Q1597078	6000000078715220830
Q15970845	6000000183693410901
Q15970849	6000000054473132821
Q15970853	6000000011288623271
Q15970982	6000000024446397528
Q15970983	6000000007095156180
Q15970999	6000000023373418452
Q15971027	6000000025385710659
Q15971066	6000000018840563333
Q1597109	6000000095486975235
Q1597112	6000000076779287914
Q15971122	6000000003216065383
Q1597113	6000000023956601836
Q15971130	6000000011124347370
Q15971153	6000000010371699881
Q15971199	6000000000352508187
Q15971202	6000000029080143830
Q15971209	6000000010381438966
Q15971227	6000000023079445316
Q1597123	6000000040409839391
Q15971243	6000000013552438937
Q15971275	6000000026011406640
Q15971329	6000000111843438934
Q1597136	6000000088829186420
Q15971366	6000000008129199351
Q15971370	6000000038945221021
Q15971386	6000000030813663599
Q15971665	6000000047126985075
Q15971699	6000000006577087040
Q1597173	6000000009129868563
Q15971745	6000000001666190483
Q15971748	6000000059528757821
Q15971770	6000000021570738144
Q15971771	6000000011789520973
Q15971837	6000000001702279304
Q1597189	6000000152633424824
Q15971893	6000000027467747707
Q15972021	6000000180597251856
Q1597207	6000000079215657871
Q15972090	6000000037583444856
Q15972091	6000000002765855268
Q15972259	5581402401200027708
Q159723	4101127931520043004
Q15972364	6000000019417049385
Q15972386	6000000028207466144
Q15972412	6000000083119040167
Q15972429	6000000007362637301
Q15972549	6000000043882560350
Q159726	6000000013152692367
Q1597266	6000000180635850853
Q15972671	6000000143174226959
Q15972775	6000000182711245846
Q1597288	6000000022849691071
Q15973031	6000000173192662277
Q1597324	6000000136638809832
Q15973449	6000000003393919994
Q15973497	6000000016436244246
Q15973578	6000000042373187677
Q15973689	6000000006774685368
Q1597369	6000000020503609180
Q1597371	6000000088325189929
Q15973764	6000000006195493990
Q1597387	6000000035358020052
Q15973872	6000000021153527891
Q15973957	6000000177696378836
Q1597396	6000000024430273526
Q15974071	6000000014297610968
Q15974086	6000000112671662137
Q15974100	6000000040618738115
Q15974120	6000000022750611383
Q1597413	6000000086547627839
Q1597419	6000000013083223042
Q15974209	6000000015863399230
Q15974221	6000000069453427902
Q15974244	6000000180641287860
Q1597437	6000000104938914880
Q1597441	6000000005553605001
Q1597456	6000000031480123360
Q1597483	6000000088252649138
Q1597491	6000000006727849456
Q15975	6000000014209036786
Q15975197	6000000005588605468
Q15975199	6000000005588646117
Q15975253	6000000150793044839
Q1597541	6000000001406770688
Q15975481	316543332520006486
Q15975485	6000000014374231866
Q15975519	6000000007014432097
Q15975646	6000000025034202326
Q1597568	6000000105286470890
Q15975694	6000000177001622892
Q159758	6000000027050012220
Q15975940	6000000006712148377
Q15975968	6000000021394288318
Q1597609	6000000029632881039
Q15976228	6000000036288832480
Q15976238	6000000013372274126
Q15976241	4810949390760023769
Q15976242	6000000042286565115
Q15976247	6000000027377710911
Q15976254	6000000148863333835
Q15976293	6000000016015405017
Q15976301	6000000176597527823
Q15976315	6000000070751802888
Q1597705	6000000026411772743
Q1597711	6000000082449496931
Q15977177	6000000006881820214
Q1597726	6000000004533205391
Q1597732	6000000000051972039
Q15977585	6000000025725264025
Q1597759	6000000056903881918
Q1597765	6000000047585286937
Q15977740	6000000017661624112
Q15977764	6000000007307271238
Q159778	6000000031035055957
Q15977943	6000000077015953056
Q15978278	6000000214656955829
Q15978278	6000000216851113856
Q1597838	6000000002187887090
Q15978525	6000000100316624048
Q1597860	6000000064622186193
Q15978964	6000000016650967373
Q1597904	6000000053142960850
Q1597916	6000000088938176912
Q15979417	6000000140735447846
Q1597943	6000000013489739847
Q15979457	6000000060815738161
Q15979458	6000000060816276910
Q15979725	6000000016804680138
Q15979779	6000000086945986944
Q1597982	6000000022464850355
Q1597990	6000000174999909245
Q1597994	6000000015908071875
Q15980110	6000000042279698032
Q15980336	6000000056263204076
Q15980376	6000000057313145049
Q15980398	6000000015997341765
Q15980426	6000000176470977858
Q15980442	6000000010663784894
Q15980501	6000000103746374066
Q15980505	6000000007014397897
Q15980566	6000000011275512806
Q1598058	6000000083174300095
Q1598060	6000000052545409857
Q1598070	6000000006589171436
Q1598072	6000000006589171431
Q1598095	6000000145277608860
Q1598097	6000000003859443342
Q15981048	6000000008730959637
Q15981108	6000000110399427821
Q15981158	6000000026668819709
Q15981161	6000000183032611862
Q1598134	6000000014512224735
Q15981458	6000000040439994811
Q1598164	6000000178699932875
Q1598168	6000000047978341166
Q159817	6000000001600066316
Q1598172	6000000023908907628
Q1598173	6000000014110286550
Q1598175	6000000036982833700
Q1598177	6000000031019740755
Q1598194	6000000090466656901
Q15982139	6000000003055632036
Q15982147	6000000010907185462
Q1598221	6000000014744001384
Q1598224	6000000038292684922
Q1598226	6000000020292224409
Q1598227	6000000023953203295
Q15982328	6000000001606448072
Q1598233	6000000078371030864
Q15982330	6000000004869150658
Q15982345	6000000001737249065
Q15982346	6000000003446686808
Q15982375	4327827316770055996
Q15982394	6000000000240303197
Q15982395	6000000001424529692
Q1598241	6000000021224703355
Q15982503	6000000017221577336
Q1598255	6000000085652845834
Q1598258	6000000040520558541
Q15982609	6000000176589230866
Q15982610	6000000002435356403
Q15982623	6000000097153022907
Q1598268	6000000077126164835
Q15982699	6000000009453133546
Q1598273	6000000071151051650
Q15982774	6000000005573709715
Q15982796	6000000171900637976
Q15982895	6000000082674821914
Q15983010	6000000008248363844
Q15983167	6000000151402863256
Q159832	6000000018715215535
Q1598324	6000000023897159188
Q15983364	6000000009183020578
Q1598360	6000000081555287996
Q15983707	6000000015152101749
Q15983728	6000000028245386219
Q15983732	6000000000973879296
Q15983755	6000000179221765863
Q1598379	6000000183166733838
Q15983817	6000000058334466131
Q15983869	6000000050550840978
Q15983871	6000000007941648831
Q15983877	6000000018274142523
Q15983883	6000000141111018015
Q15983929	6000000180295159825
Q15983941	6000000022655331936
Q15983956	6000000182610829889
Q15983967	6000000001856063591
Q15983977	6000000097775800822
Q15983994	6000000086228396829
Q159840	6000000018202734181
Q1598409	6000000177301403898
Q15984124	6000000014428942288
Q1598430	6000000001085279214
Q1598432	6000000061476911839
Q15984355	6000000009776321893
Q159844	6000000046714063341
Q1598451	6000000000658087176
Q1598452	6000000038292330245
Q1598454	6000000017383544551
Q15984691	6000000023433570274
Q1598470	6000000014967240410
Q15984853	6000000037510398004
Q15984855	6000000023418718970
Q15984970	6000000005219142472
Q1598506	6000000003456497001
Q1598508	6000000018646409781
Q1598513	6000000095334585169
Q15985147	6000000164252982976
Q15985262	6000000131606127841
Q15985288	6000000008648123872
Q1598542	6000000026829529060
Q1598570	6000000054013569821
Q15985701	6000000012439112072
Q15985974	6000000003490628931
Q1598629	6000000029979459446
Q1598633	6000000055260717115
Q15986348	6000000012439090539
Q1598684	6000000109078397896
Q1598690	6000000043055452845
Q15987053	6000000020703879466
Q1598707	6000000012419600775
Q15987152	5649293382650071497
Q15987239	6000000080462377007
Q15987242	6000000103357151914
Q1598734	6000000068373796835
Q1598737	6000000172755893822
Q15987519	6000000176991850827
Q15987616	6000000055299997821
Q15987640	6000000046811605351
Q15988	6000000002951830809
Q1598804	6000000007014397269
Q1598810	6000000032945332074
Q1598813	6000000038015164109
Q1598827	4600245110190024469
Q1598881	6000000057673858055
Q1598890	6000000024801548822
Q1598916	6000000013316148449
Q1598924	6000000057046289958
Q15989272	6000000148370051854
Q1598932	6000000066597961821
Q15989368	6000000175734897869
Q15989371	6000000177046339892
Q15989403	6000000184786799858
Q1598949	6000000002765635848
Q15989717	6000000183585010869
Q1598975	6000000088769104923
Q15989810	6000000034152745033
Q15989822	6000000005947976401
Q15989829	6000000020362435983
Q15989831	6000000037627584893
Q15989840	6000000001608900812
Q1598985	6000000031157556042
Q15989852	6000000014940963997
Q15989854	6000000010964751475
Q15989859	6000000019349874145
Q15989890	6000000013007078855
Q15989898	6000000024240588994
Q15989899	6000000005598819941
Q15989904	6000000002188670963
Q15989911	6000000002188502569
Q15989912	6000000007121645854
Q15989924	6000000031116888366
Q15989953	6000000141354340891
Q15989954	6000000002764373660
Q15989955	6000000030078178977
Q15989980	6000000011966256430
Q15989981	6000000004571290238
Q15990	6000000003218473743
Q15990010	6000000031300868937
Q15990015	6000000034732691372
Q15990025	6000000026178752345
Q15990054	6000000017914821330
Q15990103	6000000014584870239
Q15990113	6000000016844798078
Q15990114	6000000016844729302
Q15990120	6000000008393491410
Q15990122	6000000027418482190
Q15990136	6000000014862881716
Q15990138	6000000029627731118
Q15990139	6000000017116294609
Q15990144	6000000006581078338
Q15990151	6000000011668921705
Q15990157	6000000035423934431
Q15990173	6000000000706207927
Q15990177	6000000027745048649
Q15990179	6000000002115855908
Q15990184	6000000011160500030
Q15990205	6000000176106387858
Q15990209	6000000041009243385
Q15990212	6000000028702959520
Q15990239	6000000046979138989
Q15990240	6000000046973660265
Q15990241	6000000101466498193
Q15990248	6000000008630249720
Q15990273	6000000022232687333
Q15990274	6000000025982512724
Q1599029	6000000014926202099
Q15990304	6000000020563637587
Q15990305	6000000012380996598
Q15990309	6000000012713609467
Q1599031	6000000171710799821
Q15990314	6000000002281897844
Q1599032	6000000081983824861
Q15990322	6000000032323385864
Q15990326	6000000066451967912
Q15990331	6000000009774187220
Q15990332	6000000005438491990
Q15990334	6000000000076316525
Q15990341	6000000046469158828
Q15990355	6000000003645341560
Q15990357	6000000008604802727
Q15990370	6000000013718464904
Q15990379	6000000007666695551
Q15990390	6000000019135716971
Q15990427	6000000171972582508
Q15990519	6000000116526382927
Q15990634	6000000023048648303
Q15991242	6000000078051785270
Q15991452	6000000157681373894
Q15991628	6000000014213324466
Q15991655	6000000018345750863
Q159917	6000000113117311233
Q15991807	6000000003954530210
Q15992029	6000000008743612591
Q15992042	6000000026051067089
Q15992051	6000000036192501439
Q15992053	6000000017142572050
Q15992152	6000000030247618795
Q15992154	6000000032242066477
Q1599218	6000000017616715364
Q15992190	4733886892370038433
Q15992226	6000000097888384824
Q15992235	6000000075599266854
Q15992244	6000000000618324490
Q1599239	6000000008821627854
Q1599243	6000000001383763143
Q15992483	6000000015153548993
Q15992510	6000000177974646824
Q15992519	6000000163750772826
Q15992554	6000000150680872822
Q15992556	6000000069381392120
Q15992715	6000000022767322132
Q15992798	6000000005694939001
Q15992801	6000000023822362098
Q15992832	6000000121898548997
Q15992854	6000000074309205821
Q15992859	6000000027038082662
Q15992896	6000000010181547293
Q1599294	6000000066099652822
Q15992972	6000000009648977151
Q15993009	6000000161377874863
Q15993015	6000000021291030924
Q15993019	6000000029369081422
Q15993039	6000000151119454873
Q15993186	6000000073592573920
Q15993261	6000000184918671884
Q15993274	6000000073202260022
Q15993278	6000000091254809869
Q15993279	6000000052433941825
Q159933	6000000008447378849
Q15993315	6000000081556566857
Q15993342	285838432600004079
Q15993353	4724344234950126915
Q159934	6000000008519110553
Q15993455	6000000002054741755
Q15993550	5288761819180122524
Q15993577	6000000004109259173
Q15993598	6000000009323987247
Q15993599	6000000008935590169
Q1599365	6000000058744684863
Q15993710	6000000005961412186
Q15993809	6000000006998291498
Q1599395	6000000014361160296
Q1599400	6000000014215610815
Q15994013	6000000042146559222
Q1599402	6000000029937415426
Q1599416	6000000037185973865
Q15994275	6000000011933755224
Q15994280	6000000012265733398
Q15994290	6000000002024149310
Q15994303	6000000047960715046
Q15994315	6000000113499155953
Q15994323	6000000012386716911
Q15994342	6000000021745398929
Q15994366	6000000004132403680
Q15994377	6000000030841008407
Q15994383	6000000029343188220
Q15994409	6000000009554320010
Q15994412	6000000019264467007
Q15994423	6000000033933386483
Q1599449	6000000139511349823
Q15994507	6000000023475177563
Q15994508	6000000020727977831
Q15994513	6000000027127677662
Q15994560	6000000018576805670
Q15994564	6000000024806761795
Q1599458	6000000004097627399
Q159946	6000000080544813043
Q1599460	6000000028353563007
Q15994601	6000000021095405957
Q15994613	6000000024184437029
Q15994614	6000000022627835742
Q15994616	6000000001084239398
Q15994617	6000000029611177965
Q15994629	6000000080899177034
Q15994632	6000000069583987891
Q15994645	6000000014255074101
Q15994668	6000000004993728972
Q15994670	6000000007259567335
Q15994754	6000000025424626166
Q15994757	6000000014544741007
Q15994771	6000000021759752056
Q15994800	6000000073127985837
Q15994802	6000000015296323234
Q15994808	6000000010981084884
Q1599481	6000000091675865507
Q15994825	6000000024504151499
Q15994853	6000000030127781622
Q15994856	6000000039867733869
Q15994922	6000000125367120840
Q1599496	6000000077258248912
Q1599502	6000000026215907071
Q1599504	6000000058517210142
Q15995041	6000000030260844977
Q15995114	6000000023248528949
Q1599514	6000000058111691158
Q1599518	6000000013971717579
Q159952	6000000009308266021
Q1599521	6000000036862513872
Q15995241	6000000019001434401
Q1599541	6000000041281830686
Q15995452	6000000033358938155
Q15995467	6000000084812289829
Q15995542	6000000174205880241
Q15995566	6000000020653032998
Q15995588	6000000032457851938
Q1599566	6000000016490263034
Q15995660	6000000001070517187
Q15995714	6000000003216083973
Q15995741	6000000012676999911
Q15995750	6000000010308592348
Q15995764	6000000017697559388
Q15995768	6000000090083341950
Q15995780	6000000007365652459
Q15995791	6000000015431426799
Q15995796	6000000008631003572
Q15995811	6000000003652900400
Q15995817	6000000015732786308
Q15995841	6000000077978032951
Q15995842	6000000027252787740
Q15995849	6000000046701286421
Q15995873	6000000036310417556
Q15995879	6000000051332235905
Q15995897	6000000003218641598
Q15995899	6000000002765606368
Q1599590	6000000029776589219
Q15995915	6000000020301228951
Q15995917	6000000104542258096
Q15995918	6000000002702177219
Q15995933	6000000004079775842
Q15995935	6000000035309566802
Q15995942	6000000015960754506
Q15995968	6000000010028402641
Q15995988	6000000022487230372
Q15995995	6000000006712194707
Q15996000	6000000016115213813
Q15996033	6000000039867611550
Q15996051	6000000003761824402
Q15996072	6000000064235359823
Q15996078	6000000032086503651
Q15996093	6000000046616827936
Q15996098	6000000143972401833
Q15996100	6000000001462333731
Q15996106	6000000013417418021
Q1599611	6000000047123275118
Q15996119	6000000175792857822
Q15996123	6000000087598302970
Q15996127	6000000018879432612
Q1599614	6000000055809421994
Q15996143	6000000021053267576
Q15996154	6000000035379271759
Q15996156	6000000060028238823
Q15996162	6000000003221251805
Q15996171	6000000032398439957
Q15996177	6000000174321168042
Q1599618	6000000059915539930
Q15996184	6000000019595364596
Q15996185	6000000010057748197
Q15996186	6000000066978654996
Q15996193	6000000015528675781
Q15996215	6000000011376667312
Q15996219	6000000178670480823
Q15996234	6000000003403175244
Q15996235	6000000003772723323
Q15996259	6000000016206426030
Q15996277	6000000039703639240
Q15996283	6000000003756509456
Q15996301	6000000004993224849
Q15996328	6000000016477129404
Q1599633	6000000067945820875
Q15996334	6000000025072580615
Q15996335	6000000063151927991
Q15996348	6000000043290465189
Q1599635	6000000124792156967
Q15996355	6000000014417175766
Q15996373	6000000009679814774
Q1599638	6000000020181438831
Q15996390	6000000031848357006
Q1599640	6000000023756962804
Q1599641	6000000023757330843
Q15996410	6000000012452367244
Q1599642	6000000009777623092
Q15996421	6000000002648773985
Q15996445	6000000043351401278
Q15996450	6000000182260889830
Q15996461	6000000041002710846
Q15996466	6000000028648349467
Q15996496	6000000024337300842
Q1599650	6000000040025276055
Q15996528	6000000003093329976
Q15996530	6000000012439431930
Q1599656	6000000092305107838
Q1599661	6000000089042822134
Q1599671	6000000029908727105
Q1599672	6000000074587437855
Q1599681	6000000004097643026
Q15996853	6000000073177344854
Q1599686	6000000064305187918
Q15996880	6000000040074997935
Q15996924	6000000067938572062
Q15996952	6000000016367736494
Q15996958	6000000030907009364
Q15996993	331631272630002197
Q1599703	6000000007103673380
Q15997034	6000000011553034784
Q15997088	6000000014507123559
Q1599709	6000000025273673969
Q15997104	6000000042364333985
Q1599711	6000000014693635066
Q1599722	6000000031206282102
Q1599723	6000000013311081989
Q1599724	6000000174653650953
Q1599729	6000000109743853021
Q1599730	6000000015550628772
Q15997310	6000000071024800298
Q15997311	6000000017641623799
Q15997334	6000000051967637851
Q15997394	6000000021169256103
Q15997413	6000000020353609187
Q15997417	6000000009588529227
Q15997419	6000000015465641702
Q15997423	6000000003977760012
Q15997457	6000000120883453895
Q15997477	6000000010792954094
Q15997488	6000000018181189035
Q15997492	6000000071388066965
Q15997532	6000000015711872750
Q15997556	6000000035361872506
Q15997567	6000000119536899883
Q15997572	6000000009591560410
Q159976	6000000007801518302
Q15997600	6000000056477632132
Q15997603	6000000144816602894
Q1599761	6000000022873721932
Q15997619	6000000011658943981
Q15997634	6000000021594301980
Q15997638	6000000038634332351
Q15997697	6000000003221251510
Q15997707	6000000016498121571
Q15997736	6000000020150317623
Q15997753	6000000026364941025
Q15997764	324684511890002860
Q15997773	6000000021438308854
Q15997821	6000000007878638320
Q15997837	6000000127649370368
Q15997843	6000000024103347506
Q15997852	6000000026079130518
Q15997856	6000000041583509002
Q15997884	6000000052566775968
Q15997886	6000000011174182291
Q15997906	6000000014360706922
Q15997915	6000000013233548841
Q15997962	6000000184412300843
Q15997981	6000000020772808832
Q15997985	6000000006993867952
Q15998012	6000000022149994557
Q15998034	6000000015321082098
Q15998057	6000000182197802832
Q15998059	6000000000250172302
Q15998079	6000000040925620778
Q15998080	6000000074748328430
Q15998085	6000000082402262056
Q15998186	6000000105509636845
Q15998188	6000000017041730016
Q15998190	6000000010383351842
Q15998191	6000000034752276406
Q15998200	6000000029579938982
Q15998221	6000000002115859647
Q15998222	6000000021921937834
Q15998229	6000000035981574812
Q15998267	6000000039087617316
Q15998287	6000000019900577254
Q15998288	6000000009325513784
Q15998289	6000000037420371846
Q15998315	6000000026378729107
Q15998347	6000000023195490867
Q15998349	6000000012414324589
Q15998364	6000000028651331889
Q15998374	6000000004987933911
Q15998378	6000000032699153400
Q15998397	6000000005873696001
Q15998438	6000000024542415107
Q15998459	6000000183340215823
Q15998460	6000000008129887167
Q15998479	6000000029074493964
Q15998486	6000000149532920957
Q15998529	6000000065544980042
Q15998534	6000000079744723931
Q15998569	6000000026831480133
Q15998578	6000000186221967052
Q15998589	6000000009686369490
Q15998625	6000000042632680778
Q15998630	6000000039132749352
Q15998643	6000000013056300075
Q15998662	6000000000038768273
Q15998669	4952082053550077831
Q15998677	6000000006821828745
Q15998697	6000000016394704310
Q15998701	6000000005754252419
Q15998721	6000000038269635702
Q15998762	6000000037480851249
Q15998777	6000000071748898163
Q15998786	6000000039053905631
Q15998790	289103739270003823
Q15998801	6000000006442895756
Q15998804	6000000008009562264
Q15998813	6000000012554219721
Q15998836	6000000041636300532
Q15998837	6000000005570605642
Q15998848	6000000012431628008
Q15998861	6000000175898799860
Q15998871	6000000001552839235
Q15998885	6000000029443354814
Q15998888	6000000009396530900
Q15998911	6000000035267725082
Q15998924	6000000046329457124
Q15998948	6000000026506232766
Q15998975	6000000006587172710
Q15998984	6000000015486950234
Q15999006	6000000002526043633
Q15999008	6000000032551103866
Q15999036	6000000028359510002
Q15999062	6000000014311705602
Q15999141	6000000013218112189
Q15999163	6000000079361323858
Q15999179	6000000019682537622
Q15999187	6000000024796839311
Q15999206	6000000007379537201
Q15999211	6000000003682046592
Q15999212	6000000177550215859
Q15999213	6000000108931318868
Q1599925	6000000047567464909
Q15999257	6000000041176328889
Q15999261	6000000001501922136
Q15999278	5631864966770053943
Q15999282	6000000010913449232
Q15999321	6000000038964630189
Q15999332	6000000053546842846
Q15999349	6000000105434129841
Q15999366	6000000029859020815
Q15999379	6000000009108156475
Q1599938	6000000011658607623
Q15999395	6000000000076316310
Q15999397	6000000032619445051
Q15999410	6000000024119241871
Q15999411	6000000176116103955
Q15999418	6000000076057534198
Q15999427	6000000013321954021
Q15999432	6000000007683256820
Q15999456	6000000037475883832
Q15999473	6000000171063080961
Q15999486	6000000041134349741
Q15999502	6000000180131409834
Q15999521	6000000064327127360
Q15999526	6000000018081139070
Q15999527	6000000011204374210
Q15999534	6000000026832979904
Q15999535	6000000068386301123
Q15999556	6000000015985430771
Q15999558	6000000174172173320
Q15999561	6000000141038399857
Q15999565	6000000010503231087
Q15999567	6000000078311846597
Q15999578	4424456178660068843
Q15999610	6000000016270295080
Q15999645	6000000044298832257
Q15999657	6000000028380309609
Q15999659	6000000030404267966
Q15999682	6000000017619824080
Q15999689	6000000026151186859
Q15999716	6000000003054003005
Q15999766	6000000008660222140
Q15999775	6000000015087844587
Q15999792	6000000014050747070
Q15999804	6000000002188466733
Q15999828	6000000012850676424
Q15999847	6000000076901838019
Q1599997	6000000072573879813
Q15999970	6000000015430678725
Q15999980	6000000006563284542
Q15999988	6000000031320574083
Q16000000	6000000009323690702
Q160001	6000000000693703433
Q16000192	6000000027904159067
Q16000236	6000000006295534280
Q16000399	6000000001555697273
Q16000403	6000000176991962853
Q1600080	6000000041516102423
Q160009	6000000025822983957
Q16001157	6000000074725964358
Q16001397	6000000034271943053
Q16001447	6000000001940286281
Q16001875	6000000014057877171
Q1600202	6000000182386566882
Q160021	6000000105867162844
Q16002176	6000000074746720834
Q1600224	6000000097317059940
Q16002300	6000000049404677840
Q16002393	6000000143660437846
Q16002582	6000000075484609913
Q16002686	6000000011909473004
Q1600270	6000000006605175637
Q1600282	6000000133469453832
Q16002960	6000000070779051867
Q16002970	6000000082242293858
Q16002974	6000000014875000116
Q16002978	6000000051287451326
Q16002980	6000000040202576620
Q16003078	6000000001538423687
Q16003084	368718379910012116
Q16003092	6000000166070719826
Q16003194	6000000046369850889
Q16003195	335712230910013422
Q16003199	6000000032301183017
Q1600357	6000000036486373911
Q16003659	6000000020089945301
Q16003712	6000000019443096082
Q16003723	6000000025049229381
Q16003739	6000000119054987908
Q16003742	6000000028082965974
Q16003742	6000000136823960919
Q16003790	6000000045141644903
Q16003795	6000000021131740000
Q16003807	6000000043311528459
Q16003808	6000000044189481597
Q16003826	6000000020416060713
Q16003827	6000000184226735100
Q16003829	6000000001356748190
Q16003839	6000000062563066821
Q16003894	6000000012677277389
Q16003901	6000000010359924097
Q16003904	6000000041416059201
Q16003927	6000000015702419437
Q16003929	6000000176951128876
Q16003961	6000000078512854576
Q16003998	6000000002390496208
Q16004	6000000002960326411
Q16004000	6000000033742966044
Q16004001	6000000181920463851
Q16004009	6000000032310238879
Q16004019	6000000020637014236
Q16004021	6000000139713762829
Q16004023	6000000023116516598
Q16004062	6000000077442754406
Q16004078	6000000146730484834
Q16004081	6000000181303338867
Q16004103	333492963040014318
Q16004104	6000000013095314333
Q16004119	6000000015778779134
Q16005796	6000000044128945927
Q160058	6000000136322067854
Q16005805	6000000026298816159
Q16005807	6000000006327215780
Q16005811	6000000114805261830
Q16005816	6000000046915348889
Q16005866	6000000041307773868
Q16005868	6000000041346866052
Q16005887	6000000026791345875
Q16006181	6000000108679866839
Q16006182	6000000031801744863
Q16006185	6000000179537843849
Q16006244	6000000113117766152
Q160063	6000000126193759845
Q16006347	6000000071658783413
Q16006351	6000000178301405824
Q16006354	6000000025467629274
Q16006358	6000000043339226890
Q16006367	6000000114254692051
Q16006383	6000000057057027012
Q16006386	6000000006559268285
Q16006434	6000000013255981217
Q16006437	6000000179931133824
Q16006439	6000000100421858927
Q16006442	6000000022783759548
Q16006457	6000000177592040860
Q16006460	6000000184509626922
Q16006487	6000000045380707833
Q16006488	6000000176912786821
Q16006514	6000000059278488115
Q16006521	6000000077907466875
Q16006531	6000000012677190982
Q16006537	6000000014699375503
Q16006552	6000000184017500821
Q16006562	6000000059446165171
Q16006655	6000000115685629928
Q16006667	6000000012198804614
Q16006674	6000000009850075151
Q16006681	6000000007759410867
Q16006686	6000000014446216091
Q16006710	6000000075596287061
Q16006762	6000000006894354170
Q16006767	6000000011970328461
Q16006787	6000000053433375402
Q16006811	6000000009517983702
Q16006822	6000000016942969693
Q16006833	6000000022859807882
Q16006837	6000000017704121570
Q16006843	6000000014515582260
Q16006857	6000000027710755450
Q16006875	6000000005424547161
Q16006897	6000000034412998091
Q1600690	6000000009676627480
Q16006927	353435184270013078
Q16006931	6000000151376861849
Q16006942	6000000011183618957
Q16006956	6000000018587439968
Q16006976	324982025870001618
Q16006987	6000000199427597837
Q16007013	6000000114774032086
Q16007106	6000000008299755416
Q16007120	6000000041093410427
Q16007125	6000000000469208182
Q16007127	6000000075001082928
Q16007146	6000000009756865735
Q16007153	6000000046572923956
Q1600720	6000000077885955151
Q16007272	6000000024914328116
Q16007284	6000000056730795822
Q16007286	6000000056730726843
Q16007359	6000000073200181960
Q16007366	6000000012698139566
Q16007374	6000000179544838856
Q16007375	6000000044496691577
Q16007449	6000000011123640351
Q16007467	6000000009234174932
Q16007490	6000000064409684845
Q16007503	6000000042556126304
Q16007505	6000000013522212601
Q16007519	6000000002188468875
Q16007534	6000000065263460840
Q16007549	6000000082733959867
Q16007566	6000000020613929570
Q16007567	6000000020629268030
Q16007580	6000000171917899402
Q16007616	6000000027538624959
Q16007620	6000000180967247593
Q16007666	6000000041210522181
Q1600770	6000000015907812921
Q16007700	6000000052123867825
Q16007707	6000000001199898531
Q16007725	6000000023271286096
Q16007744	6000000012674098706
Q16007746	6000000032166960053
Q16007749	6000000001768511347
Q16007753	6000000017330688742
Q16007758	6000000177080321839
Q16007784	6000000179212327823
Q16007810	6000000023371836519
Q16007815	6000000033186104747
Q16007828	6000000042705942133
Q16007851	6000000062563108826
Q16007878	6000000175907599861
Q16007893	6000000013311621346
Q16007899	6000000013205666982
Q16007960	6000000024740574009
Q16007986	6000000061516715821
Q16007992	6000000022627664081
Q16007994	6000000016960420078
Q16007996	6000000110274889872
Q16008036	6000000024613410382
Q16008041	6000000028299360245
Q16008048	6000000152764186821
Q16008090	6000000008218880220
Q16008091	6000000011061438223
Q16008098	6000000001565371763
Q16008100	6000000042316055821
Q16008102	6000000002400271688
Q16008154	6000000014474038197
Q16008197	6000000174512804215
Q16008217	6000000067510597848
Q16008237	6000000077437406482
Q16008243	6000000005620155489
Q16008245	6000000063791314179
Q16008260	6000000163669753822
Q16008293	6000000021050684343
Q16008298	6000000031822379094
Q16008299	6000000035141564917
Q16008367	6000000015337452220
Q16008389	6000000177703783826
Q16008399	6000000005912347646
Q16008411	6000000077125799002
Q16008432	6000000016960343317
Q16008444	6000000041613823991
Q16008462	6000000041074091360
Q16008463	6000000011505287238
Q16008474	6000000024933861680
Q16008479	6000000075416181175
Q16008619	6000000114104658168
Q16008682	6000000075405191125
Q16008705	6000000025299534712
Q16008768	6000000011028305468
Q16008799	6000000020699599949
Q16008800	6000000015986226919
Q16008808	6000000026326293784
Q16008816	6000000009979952141
Q16008870	6000000022632167411
Q16008958	6000000027260516475
Q16009	6000000019414559916
Q16009188	6000000010446832627
Q16009221	6000000018476565219
Q16009257	6000000002031252889
Q16009295	6000000003086681796
Q16009346	6000000002880722577
Q16009352	6000000039269419541
Q16009519	6000000114661630821
Q16009530	6000000029879264160
Q16009545	6000000003249613414
Q16009592	6000000038358793116
Q16009599	6000000012632754213
Q16009621	6000000006327267534
Q1600963	6000000016301767466
Q16009633	6000000081322151891
Q16009685	6000000037366317618
Q16009710	6000000000808046107
Q16009894	6000000082818402903
Q16009905	6000000047447583181
Q16009921	6000000129670876016
Q16009930	6000000025169387821
Q16009932	6000000025456721713
Q16009948	6000000177050974821
Q16010008	6000000038529463367
Q16010079	6000000001474753438
Q1601008	6000000004227318959
Q16010090	6000000026013472647
Q1601010	6000000037150175416
Q16010156	6000000185022506833
Q16010216	6000000006665942250
Q16010259	6000000000112413763
Q16010269	6000000006902476182
Q16010290	6000000017739185242
Q16010304	6000000031679382426
Q16010336	6000000076229121129
Q16010358	6000000026605420897
Q16010376	6000000004661463528
Q16010403	6000000007370896807
Q16010418	6000000049656984196
Q16010453	6000000116312838864
Q16010508	6000000056753593864
Q16010690	6000000032302920448
Q1601076	4871698284660080314
Q16010921	6000000074902985880
Q16010924	6000000013392442333
Q16010942	6000000008452400161
Q16010967	6000000081529215581
Q16010996	6000000000043986801
Q16011028	6000000165591860863
Q16011031	6000000114719242828
Q16011051	6000000130991832827
Q16011079	6000000013354985413
Q16011148	6000000037769215526
Q16011185	6000000035739789099
Q16011186	6000000006824122235
Q16011208	6000000065990823899
Q16011312	6000000082696271368
Q16011313	6000000002717571262
Q16011363	6000000009559399254
Q16011468	6000000027162685401
Q16011480	6000000006568326962
Q16011484	6000000145778848854
Q16011617	6000000092030538827
Q16011624	6000000141144387836
Q16011641	6000000020165894360
Q16011643	6000000035064021308
Q16011650	6000000021411409825
Q16011668	6000000082582425064
Q16011669	6000000176501312837
Q16011683	6000000001555076879
Q16011791	6000000140291055873
Q16011795	6000000016023634704
Q16011832	6000000006817850437
Q16011858	6000000009791071020
Q16011901	6000000006769569641
Q16011904	6000000074307443999
Q16011914	6000000013304125308
Q16011936	6000000042035487649
Q16011944	6000000008341641374
Q16011982	6000000013658457929
Q16012014	6000000077715134403
Q16012039	6000000051289651025
Q16012053	6000000149565250896
Q16012062	6000000042867759897
Q1601207	6000000005942367443
Q16012082	6000000079058519993
Q16012137	6000000042068276245
Q16012145	6000000073303422055
Q16012162	6000000043066788130
Q16012167	6000000000836235907
Q1601220	6000000049183465944
Q16012228	6000000016553246677
Q16012297	6000000007033513565
Q16012299	6000000008275054078
Q1601237	6000000022228633240
Q16012374	6000000000632041259
Q16012387	6000000000468164759
Q16012439	6000000036930088329
Q16012463	6000000017835756450
Q16012471	6000000184125659823
Q16012497	6000000004539216701
Q16012514	6000000096564062827
Q16012568	6000000096137943825
Q16012575	6000000182414927841
Q16012596	6000000078162081491
Q16012597	6000000011178348258
Q16012613	6000000015884301264
Q16012616	6000000000034853863
Q16012635	6000000002992416885
Q16012654	6000000046188272073
Q16012670	6000000057419167090
Q16012682	6000000034628131100
Q16012698	6000000183938995172
Q16012729	6000000003441092480
Q16012753	6000000037479530301
Q16012777	6000000116383228911
Q16012781	6000000016356364856
Q16012790	6000000065609862070
Q16012794	356038192960012325
Q16012803	6000000003917637091
Q16012821	337160576810012816
Q16012903	6000000076907033644
Q16012922	6000000163577540865
Q16012958	6000000018298588078
Q16012981	6000000102166856264
Q16013029	6000000018775085277
Q16013081	6000000002768891239
Q16013141	6000000029538951963
Q16013215	6000000003231191717
Q16013259	6000000000825820749
Q16013265	4534917596840020701
Q16013266	6000000012953967937
Q16013290	6000000021733556377
Q16013296	6000000026462827679
Q16013335	6000000011813394267
Q16013366	6000000012086705656
Q16013368	6000000142219729836
Q16013418	6000000000921398366
Q16013425	6000000036178979125
Q16013480	6000000001436183499
Q16013514	6000000008604671995
Q16013566	6000000008500495778
Q16013574	6000000027375430459
Q16013611	6000000011133931286
Q16013638	6000000143567741955
Q16013641	6000000012609037942
Q16013644	6000000012925262524
Q16013652	6000000015939778113
Q16013660	6000000009616279144
Q16013664	6000000007105267558
Q16013672	6000000003329715641
Q16013690	6000000079607117969
Q16013702	6000000018370277378
Q16013705	6000000033623840396
Q16013750	6000000010345836353
Q16013759	6000000004096266329
Q16013776	6000000076842520695
Q16013826	6000000025744324507
Q16013832	6000000026452328928
Q16013862	6000000027899271514
Q16013891	6000000031851142157
Q16013935	6000000007258640292
Q16013936	6000000015777600317
Q16014013	6000000026576267368
Q16014033	6000000075139999331
Q16014037	6000000060235772888
Q16014056	6000000016960317811
Q16014093	6000000077147384087
Q160141	6000000002410150679
Q16014110	6000000067471178822
Q16014133	6000000010073257109
Q16014146	6000000032790955263
Q16014189	6000000030161915942
Q16014196	6000000009568937393
Q1601422	6000000039558749089
Q16014237	6000000007732276230
Q16014334	6000000176845946830
Q16014366	6000000169008619121
Q16014367	323685888490004442
Q16014422	6000000040762828153
Q16014427	6000000042716337074
Q16014455	6000000010942716860
Q16014458	6000000002898087439
Q16014459	6000000134991439837
Q16014846	6000000004357105281
Q16014847	6000000036868920225
Q16014856	6000000041922515961
Q160149	6000000009075690123
Q16014919	6000000051744862919
Q16014986	6000000010134547257
Q16015071	6000000077200355952
Q16015101	6000000154785727823
Q16015149	6000000214434409538
Q16015187	6000000011780061648
Q16015248	6000000003112423012
Q16015253	6000000000676588641
Q16015269	6000000050855387868
Q16015274	6000000051511073495
Q16015277	6000000149848397874
Q16015286	6000000029489971046
Q16015294	6000000018174923586
Q16015301	6000000029744171232
Q16015321	6000000009307090823
Q16015413	6000000042686804644
Q16015417	6000000016123761676
Q16015426	6000000006574556305
Q16015449	6000000015131563970
Q16015453	6000000009234539845
Q16015501	6000000096083552941
Q16015529	6000000046460687252
Q16015587	6000000022512688356
Q16015595	6000000024802040415
Q16015639	6000000001418009996
Q16015655	6000000022670239955
Q16015739	6000000032842007481
Q16015753	6000000003707738361
Q16015774	6000000015877563574
Q16015776	6000000019046266248
Q16015781	6000000056176753554
Q16015793	6000000047661626852
Q16015807	6000000011164382914
Q16015813	6000000101501397829
Q16015841	6000000002413601424
Q16015874	6000000177419602823
Q16015906	6000000078723858904
Q16015909	6000000181136871839
Q16016068	6000000193010074827
Q16016091	6000000037975021307
Q16016103	3922592785050041105
Q1601612	6000000041220897817
Q16016132	4373806735910023138
Q16016146	6000000011997295451
Q16016205	6000000035824659436
Q16016217	6000000045146808877
Q16016257	6000000141568294821
Q1601626	6000000008891246219
Q16016262	6000000027935964806
Q16016280	6000000003119772914
Q16016427	6000000023527355706
Q16016450	6000000079201208884
Q16016453	6000000000796573140
Q16016498	6000000011736417714
Q16016499	6000000000955910049
Q160165	6000000009534478649
Q16016509	6000000046702838069
Q16016605	6000000014387102140
Q16016629	6000000014130883043
Q1601720	6000000003294641135
Q16017374	6000000025113043538
Q16017428	6000000059452690101
Q16017478	6000000000832849569
Q16017505	6000000021947514315
Q16017527	6000000017252382495
Q16017551	6000000011055844512
Q16017552	6000000000366163027
Q16017585	6000000005391427952
Q16017602	6000000003141226100
Q16017617	6000000009319148950
Q16017763	352286956570013887
Q16017824	6000000000702686795
Q1601785	6000000016586491580
Q16017868	6000000010612152769
Q16017904	6000000007223985127
Q16017912	6000000002986743713
Q16017929	6000000017798681044
Q16017946	6000000012391532105
Q16018055	6000000019112823730
Q160181	6000000020692706593
Q16018109	6000000041721979256
Q1601813	6000000040099789509
Q16018152	6000000182667529842
Q1601816	6000000182819234822
Q16018170	6000000049581153019
Q16018181	6000000060728022209
Q16018256	6000000000321778102
Q16018263	6000000055315121861
Q16018283	6000000009551954602
Q16018298	6000000034737429223
Q16018343	3204031
Q16018406	6000000011503072753
Q16018420	6000000032884782069
Q16018437	6000000002665643489
Q16018454	6000000013554712431
Q16018496	6000000077480828868
Q16018500	6000000050325282031
Q16018501	6000000027106807075
Q16018537	6000000066658820897
Q16018544	6000000014300585761
Q16018578	6000000036206986928
Q16018584	6000000041169335924
Q16018586	6000000023709447277
Q16018631	6000000011360088023
Q1601865	6000000023968985394
Q16018662	6000000015254512612
Q1601867	325779814220004813
Q160187	5275543041990038793
Q16018709	6000000009292540116
Q1601874	6000000025377093142
Q1601877	6000000181714126821
Q16018782	6000000179549162836
Q1601879	6000000014032216614
Q16018803	6000000007951580228
Q16018831	6000000014516260689
Q16018837	6000000017162984850
Q16018906	6000000000456787915
Q16018916	6000000035966219135
Q16018921	6000000028809813440
Q1601898	6000000028054300701
Q16018987	39378
Q16018993	6000000029832282696
Q16018996	6000000097509844826
Q16019048	6000000030990544981
Q16019072	5710967946980110323
Q16019125	6000000182552535833
Q16019192	6000000084937792842
Q160192	6000000015352953689
Q16019206	6000000073798568020
Q16019297	6000000007380470046
Q16019389	6000000037385621352
Q16019401	6000000077796609675
Q1601945	6000000007132110408
Q16019459	6000000028168965859
Q1601951	6000000029341445113
Q16019510	6000000001369640065
Q16019523	6000000179323886854
Q160196	6000000177070998915
Q16019651	6000000140192328822
Q16019707	6000000032412707541
Q16019774	460842
Q1601979	6000000009619191560
Q16019816	6000000001714326946
Q16019820	6000000045829914166
Q16019823	6000000045621788900
Q16019953	6000000003937951467
Q1602004	6000000057960430139
Q1602007	6000000064495863853
Q1602014	6000000053812225906
Q160202	6000000013017479534
Q1602021	6000000057776505366
Q1602024	6000000000472518588
Q1602027	6000000003813126738
Q1602030	6000000016019879185
Q1602035	6000000163846635928
Q1602086	6000000001199603635
Q160219	6000000161767794821
Q160223	6000000020489199302
Q16022601	6000000026095855540
Q160227	6000000009534171762
Q16022834	6000000022201116133
Q16022871	6000000002188517903
Q16022903	6000000002188508237
Q16022933	6000000003540887671
Q16023194	6000000186013512173
Q16023199	6000000020803088041
Q16023209	6000000034817214001
Q1602321	6000000084510075884
Q16023213	6000000011217519911
Q16023226	6000000016534043275
Q16023254	6000000001768013943
Q16023259	6000000148065841878
Q16023273	6000000027616434858
Q16023281	6000000000555159603
Q16023286	6000000082950485231
Q16023302	6000000031998629050
Q16023303	6000000017603244042
Q16023307	6000000043570912781
Q16023312	6000000082900398888
Q16023383	6000000000875614018
Q16023397	6000000048021254921
Q16023400	6000000066689215993
Q16023405	6000000068831441842
Q16023411	6000000014874735040
Q16023420	6000000022187892225
Q16023453	6000000011153318731
Q16023455	6000000014090124140
Q16023467	6000000002115855372
Q16023472	6000000010862581907
Q1602408	6000000166655368855
Q16025041	6000000003097395088
Q16025065	6000000036199142743
Q16025132	6000000022023230990
Q16025137	6000000030954351446
Q16025144	6000000039681113756
Q16025185	6000000015325034496
Q16025191	6000000026535333049
Q160252	6000000016512559067
Q16025220	6000000013557764009
Q16025229	6000000048651887297
Q16025230	6000000039739923727
Q16025231	6000000043494170602
Q16025256	6000000083197006940
Q16025278	6000000041575922666
Q1602536	6000000081262169147
Q1602541	6000000051034924946
Q16025468	6000000013664314456
Q16025487	6000000028580829772
Q16025513	6000000016052172417
Q16025589	6000000138035837147
Q16025647	6000000051068208858
Q16025670	6000000173572882569
Q160257	6000000080674466821
Q16025942	6000000025810098219
Q16025957	6000000099417128821
Q16025986	6000000022516517702
Q16026008	6000000065918327875
Q16026031	6000000043256854261
Q16026037	6000000076192080821
Q16026118	6000000202903860843
Q16026150	6000000024946088971
Q16026174	6000000015452748561
Q16026175	6000000083186529967
Q16026185	6000000122598046974
Q16026207	6000000176842829881
Q16026223	6000000177883581885
Q16026230	6000000079237801785
Q16026236	6000000025889955379
Q16026238	6000000148357240018
Q16026281	6000000024317925357
Q16026283	6000000002441097485
Q160263	6000000010972542843
Q16026308	6000000007486855047
Q16026364	6000000014710768414
Q16026527	6000000138627360834
Q1602670	6000000008327161525
Q16026715	6000000090955472834
Q16026762	6000000036768217208
Q16026953	6000000055654807058
Q16026957	6000000048874365955
Q16026967	6000000001357052366
Q16026967	6000000074160446821
Q16026969	6000000177133905823
Q16026971	6000000010677842648
Q16026982	6000000045428894861
Q16026987	6000000071723117910
Q160270	6000000003761693284
Q16027010	6000000023404616824
Q16027135	6000000077641451141
Q16027136	6000000077641758865
Q16027143	6000000033967716005
Q16027157	336364613400014157
Q16027163	6000000026309300760
Q16027198	6000000006444140834
Q16027291	6000000164711265840
Q16027579	6000000166881480870
Q16027628	6000000009298639435
Q16027698	4395473133020018596
Q1602771	6000000135257688843
Q16027738	6000000065745827835
Q16027783	6000000181954847835
Q16027790	6000000023333578969
Q160278	6000000000270534263
Q16027805	6000000050747619855
Q16028001	6000000002739306176
Q1602806	6000000014685075080
Q16028087	6000000035385958617
Q16028106	6000000047291706973
Q16028157	6000000024682995865
Q16028162	6000000000875365857
Q16028206	6000000219250894825
Q1602828	6000000000387506388
Q1602833	6000000017756114772
Q16029101	6000000056011072833
Q16029154	6000000001500151028
Q16029158	6000000028125285864
Q16029170	6000000029431329967
Q16029178	6000000012977647806
Q16029194	6000000001264352052
Q16029208	6000000011157145940
Q16029216	6000000013230242918
Q16029231	6000000022670671281
Q16029247	6000000006003394021
Q16029250	1361998
Q16029282	6000000005598776163
Q16029285	6000000003940955501
Q16029290	6000000145677904822
Q16029305	6000000172510614585
Q16029310	6000000027897809550
Q16029314	6000000175842030830
Q16029320	6000000042994363012
Q16029332	6000000021955564933
Q16029340	6000000019549283076
Q16029353	6000000042507406826
Q1602936	6000000145277698835
Q16029363	6000000034440428850
Q16029383	6000000090325945939
Q16029388	6000000070707075932
Q16029424	6000000020862246093
Q16029426	6000000017737254628
Q16029480	6000000178228879838
Q16029498	6000000008155204724
Q16029508	6000000036788162994
Q16029509	6000000005582532535
Q16029562	6000000019770836021
Q1602966	6000000017259117410
Q16029902	6000000001640453157
Q16029932	6000000003811125184
Q16029934	6000000184141099891
Q16029963	6000000128543422821
Q16029972	6000000057901491267
Q16029975	6000000008630277253
Q16029987	6000000013292639368
Q16029991	6000000085013150518
Q16030039	5166587474060085528
Q16030062	6000000182260121841
Q16030063	6000000025259377637
Q16030071	6000000009234522824
Q1603008	6000000023935522246
Q16030085	6000000156882932893
Q16030086	6000000113056754106
Q16030093	6000000003796026107
Q16030093	6000000166810171835
Q16030110	6000000000113246510
Q16030113	6000000078455249868
Q16030125	6000000012668929280
Q16030126	6000000005250154845
Q16030143	6000000035252711495
Q16030164	6000000013852094892
Q16030171	6000000019496300284
Q16030180	6000000143171356951
Q16030181	6000000012657440939
Q16030182	6000000026027310490
Q16030202	6000000011205229402
Q16030228	6000000027810337796
Q16030255	6000000006101202750
Q16030260	6000000178878002827
Q16030275	6000000008978529975
Q1603028	6000000081552092149
Q16030280	6000000028104305251
Q1603031	6000000010383449369
Q16030330	1989350
Q16030340	6000000015917426080
Q16030341	6000000010354945794
Q16030354	6000000002173042764
Q16030355	6000000015623074285
Q16030363	6000000043696304318
Q16030366	6000000156806902834
Q16030383	6000000016773086365
Q16030391	6000000001021322436
Q16030402	6000000022147125751
Q16030437	6000000014771556199
Q16030463	6000000055299550198
Q16030484	6000000033843022755
Q16030511	6000000029647013842
Q16030519	6000000021049261580
Q16030549	6000000043265809916
Q16030560	6000000044469485605
Q16030570	6000000014874559665
Q16030580	6000000014804947094
Q16030598	6000000054261176866
Q16030599	6000000026448989885
Q16030607	6000000176847031827
Q16030608	6000000012762249435
Q16030631	6000000008130375208
Q16030640	6000000012591886924
Q16030652	6000000074069004896
Q16030669	6000000000677537355
Q16030682	1225242
Q16030687	6000000030067594240
Q16030705	6000000002173089994
Q16030710	6000000023881956868
Q16030721	6000000018891690236
Q16030724	6000000008462390271
Q16030761	6000000071421385079
Q16030784	6000000151127992832
Q16030797	6000000204573454859
Q16030809	6000000000769888713
Q16030827	6000000185238426822
Q16030830	6000000014878103458
Q16030860	382871653940002140
Q16030892	6000000043900037161
Q16030915	6000000013808293467
Q16030923	6000000090289162265
Q16030924	6000000041567478580
Q16030931	6000000047756298977
Q16030942	6000000023851721125
Q16030944	6000000108887098833
Q16030959	6000000036789005935
Q16030968	6000000065784112821
Q16030969	6000000013032341786
Q16030973	6000000015223471840
Q16030974	6000000011199903737
Q16030991	6000000021356538932
Q16031008	6000000011252391600
Q16031012	6000000026336274522
Q16031033	6000000037643636269
Q16031043	6000000000632202902
Q16031046	6000000100021387833
Q16031063	6000000022079028659
Q16031069	6000000037447595044
Q16031086	6000000012677176325
Q16031126	6000000175780260849
Q16031157	6000000010271680508
Q16031160	6000000030992892053
Q16031169	6000000150770114973
Q16031177	6000000023539172375
Q16031177	6000000109055820042
Q16031177	6000000109120421835
Q16031185	6000000035279039427
Q16031191	6000000002422550454
Q16031208	6000000012677133521
Q16031214	6000000025497034069
Q16031217	6000000022498057082
Q16031229	6000000004229195285
Q16031234	6000000028910364853
Q16031236	6000000016271685254
Q16031238	6000000010987546966
Q16031265	6000000015665059237
Q16031271	6000000020652770647
Q16031281	6000000037493644733
Q16031286	6000000001151073348
Q16031292	6000000015198430905
Q16031293	6000000002951401454
Q16031297	6000000003075735316
Q16031298	6000000047210026886
Q16031320	6000000002115855878
Q16031324	6000000111953265024
Q16031329	6000000003891421287
Q16031337	6000000061229088943
Q16031339	6000000026300243720
Q16031413	6000000178347664901
Q16031424	6000000018906839366
Q16031425	6000000027896093110
Q16031426	6000000051436034019
Q16031447	6000000184343729848
Q16031449	4844804881340044468
Q16031469	6000000080529538821
Q16031479	6000000026280738150
Q16031493	6000000016474497000
Q16031502	6000000012880770378
Q16031554	6000000172590255683
Q16031556	6000000011223281257
Q16031557	6000000026791661998
Q16031559	6000000074272015854
Q16031583	6000000014875055150
Q16031585	6000000059569502868
Q16031605	6000000094463303404
Q16031607	6000000070910159833
Q16031622	6000000015065909513
Q16031631	6000000025032522901
Q16031642	6000000002115953165
Q16031653	4559369
Q16031662	6000000012677148400
Q16031671	6000000176509998850
Q16031674	6000000002946644176
Q16031679	6000000030412124982
Q16031681	6000000013417402623
Q16031688	6000000041391459891
Q16031715	6000000043359701276
Q16031718	6000000016559206926
Q16031719	6000000163579761835
Q16031725	6000000018060417484
Q16031728	6000000064693330152
Q16031731	6000000158152283821
Q16031745	6000000033394393394
Q16031749	6000000086245718946
Q16031786	6000000175640159840
Q16031789	6000000176991962837
Q160318	6000000028694417085
Q16031819	6000000071679666054
Q16031821	6000000014767077605
Q16031842	6000000003682040506
Q16031856	6000000011937977221
Q16032080	6000000002141638265
Q160333	6000000078492348036
Q1603348	6000000046385127400
Q1603351	6000000127710598842
Q16033606	297050639680005406
Q160337	6000000000307256979
Q16034087	6000000027168472053
Q160341	5004605390570058208
Q16034141	6000000177094184825
Q16034154	6000000002765016794
Q16034261	6000000082438213847
Q16034263	6000000017414771882
Q16034264	6000000009617334941
Q16034305	4821075801340035226
Q1603480	6000000030142110570
Q160369	4259086
Q1603705	6000000078668254500
Q1603706	6000000070271850962
Q1603744	6000000076568890910
Q16037603	6000000080005838036
Q16037615	6000000033139140330
Q16037624	6000000015818191991
Q16037629	6000000141040659954
Q16037632	6000000179503052991
Q16037656	6000000023289211506
Q16037659	6000000023722412558
Q16037659	6000000183406089833
Q16037675	6000000015511400297
Q16037679	6000000011844652312
Q16037689	6000000025902359649
Q16037711	6000000095352834822
Q16037738	6000000003183677234
Q16037748	6000000015169233660
Q16037752	6000000111924245896
Q16037755	6000000010821953398
Q16037795	6000000078340520827
Q16037820	6000000015732791909
Q16037823	6000000002478426548
Q16037829	6000000180579645875
Q16037832	6000000015334259830
Q16037843	6000000013287428764
Q16037863	6000000001384557702
Q16037905	6000000002503576844
Q16037924	6000000034255450449
Q1603831	6000000136589575833
Q1603834	6000000049024676341
Q1603837	6000000001941927119
Q16038425	6000000136879370821
Q16038577	6000000182912275828
Q160390	6000000086627140938
Q16039171	6000000137803156904
Q16039214	6000000166563653967
Q16039227	6000000156266169841
Q1603944	6000000041345728368
Q1604069	6000000007381599909
Q160411	6000000044584559304
Q1604165	6000000175148500834
Q160422	6000000028491469664
Q160432	6000000015085871301
Q160433	6000000007362091324
Q16043386	6000000016442596663
Q16043408	6000000083679480100
Q16043415	6000000039915610114
Q16043420	6000000101124737821
Q16043423	6000000017512945091
Q16043426	6000000089092096938
Q16043440	6000000003305570065
Q16043441	6000000096311251828
Q16043442	6000000011205954316
Q16043443	6000000011543841610
Q16043469	6000000008100586323
Q16043474	6000000008231206227
Q16043479	6000000006437163520
Q16043495	6000000021342096728
Q160435	6000000017849954097
Q16043502	6000000012153875576
Q16043513	6000000178826438824
Q16043515	6000000007176960202
Q16043521	6000000079554920983
Q16043525	6000000024119785511
Q16043556	6000000166953665822
Q16043570	6000000044300701890
Q16043573	6000000071061127292
Q16043575	6000000029602763030
Q16043589	6000000022967134414
Q16043598	6000000019246556488
Q16043607	6000000021360028472
Q16043616	6000000037334340468
Q16043618	6000000001617251093
Q16043619	6000000022884390886
Q16043640	6000000135756020949
Q16043642	6000000009786660552
Q16043643	6000000033546735051
Q16043644	6000000023484775919
Q16043655	6000000026550249857
Q16043663	6000000019439665050
Q16043683	6000000014874759354
Q16043697	6000000071688257844
Q16043713	6000000181380439828
Q16043718	6000000032209414432
Q16043722	6000000167344128126
Q16043740	6000000025165693230
Q16043749	6000000004192459377
Q16043758	6000000176994643824
Q16043789	6000000017615677737
Q16043802	6000000156872359910
Q16043804	6000000018841861590
Q16043805	6000000037324171950
Q1604381	6000000076673451372
Q16043816	6000000174042963893
Q1604382	6000000037885270685
Q1604437	6000000034526336645
Q16044599	6000000013341521846
Q16044620	6000000196069244854
Q160448	6000000029878757900
Q1604480	6000000076791989204
Q160451	6000000002764344200
Q160456	6000000192122543841
Q160467	6000000001504612243
Q1604686	6000000022781704488
Q1604937	6000000019920077190
Q1604941	6000000034095955721
Q1604955	6000000046659851006
Q160499	4101394
Q1605001	6000000023414773986
Q1605020	6000000015401590322
Q1605021	6000000069790718935
Q1605025	6000000173720505995
Q1605029	6000000015224583977
Q1605048	6000000014428706209
Q1605110	6000000019193413978
Q1605126	6000000038596894709
Q160518	6000000007510052002
Q160522	6000000017203732865
Q1605231	6000000069187260938
Q1605242	6000000043252662808
Q1605262	6000000179288841845
Q1605272	6000000077603121262
Q160528	6000000013385848077
Q160534	6000000003870595813
Q1605340	6000000025902319675
Q160538	6000000011524732877
Q160539	6000000003622814126
Q160541	6000000000900601757
Q16054200	6000000027609844683
Q16054218	6000000020574758117
Q16054298	6000000001915420518
Q1605441	6000000023746132172
Q16054415	6000000179239990841
Q1605442	6000000077136301258
Q1605445	6000000002188468595
Q16054478	6000000015738852561
Q1605461	6000000024502266564
Q16054934	6000000004176157043
Q160554	3724849
Q1605571	6000000014054295902
Q160558	6000000000693498797
Q1605592	6000000008804327799
Q1605607	6000000001504768713
Q1605608	6000000077138260976
Q1605667	6000000023724728940
Q1605709	6000000030490398883
Q1605777	6000000016102968344
Q16057907	6000000077979139640
Q16058071	6000000174733792746
Q1605838	6000000018380454787
Q16058432	327340487250004538
Q16058446	6000000020422571238
Q16058472	6000000073738452881
Q16058473	6000000006588018262
Q16058475	6000000029983507288
Q16058489	6000000083350299928
Q16058491	6000000000821356650
Q16058519	6000000034829280857
Q16058525	6000000002951170914
Q16058534	6000000034851804308
Q16058540	6000000168256783821
Q16058649	6000000044551515411
Q16058653	6000000013157095198
Q16058660	6000000182711254836
Q16058670	6000000013580811971
Q16058689	6000000023182924204
Q16058693	6000000003658742157
Q16058724	6000000032127978380
Q16058737	6000000021484034883
Q16058743	6000000141070420861
Q16058755	6000000007470805354
Q16058786	6000000022015877113
Q16058803	6000000025222927210
Q16058809	6000000002188386893
Q16058830	6000000013043618132
Q16058843	6000000021121551847
Q16058849	6000000165980437212
Q16058858	6000000095933186058
Q16058862	6000000018060247357
Q16058874	6000000038039698332
Q1605890	6000000023131331997
Q16058976	6000000046036830936
Q16058981	6000000002799077826
Q16059017	6000000007329764642
Q16059018	6000000017096590773
Q16059030	6000000017652379882
Q16059031	6000000007219592717
Q16059043	6000000011600201306
Q16059046	6000000000987913269
Q16059051	6000000019388256918
Q16059059	6000000026754086522
Q16059066	6000000010050937138
Q16059072	6000000071662322888
Q16059075	6000000024292413610
Q16059080	6000000053747589079
Q16059083	6000000003869363545
Q16059092	6000000048188396943
Q16059093	6000000002860936717
Q16059099	6000000036409531876
Q16059115	6000000020053169312
Q16059116	6000000018725313455
Q16059117	6000000018326607698
Q16059120	6000000010144726425
Q16059136	6000000015220226458
Q16059138	6000000013806104632
Q16059178	6000000002174972801
Q16059181	6000000053908572885
Q16059182	6000000014298686163
Q16059196	6000000030915001358
Q16059215	6000000004544399348
Q16059218	6000000046664427346
Q16059228	6000000021400438761
Q16059287	6000000017912785459
Q16059294	6000000089706123860
Q16059299	6000000007033731732
Q16059303	6000000083235645713
Q16059316	6000000017490073756
Q16059318	6000000083326110870
Q16059340	6000000000234346098
Q16059418	6000000000065282911
Q16059419	6000000033168058276
Q16059423	6000000032039190312
Q16059424	6000000082704765881
Q16059434	6000000014874912951
Q16059446	6000000016597918329
Q16059465	6000000030753402911
Q1605948	6000000031818325382
Q16059492	6000000082238985956
Q16059495	6000000178271739831
Q16059517	6000000145517205069
Q16059518	6000000011831080358
Q16059525	6000000037185934739
Q16059535	6000000004108727240
Q16059558	6000000146232438964
Q16059565	6000000015509702354
Q16059657	6000000126019620852
Q16059669	6000000006605821242
Q16059671	6000000007497118519
Q16059674	6000000006207303558
Q16059680	6000000013613654912
Q16059685	6000000005923389715
Q16059690	6000000007412341331
Q16059696	6000000011626284360
Q16059698	6000000025083808376
Q16059725	6000000140187126827
Q16059741	6000000027104909231
Q16059782	6000000012256653800
Q16059785	6000000196036671863
Q16059790	6000000004012053956
Q16059799	6000000015592709255
Q16059802	6000000084887605052
Q16059807	6000000022952287959
Q16059819	6000000035333957861
Q16059826	6000000042153530443
Q16059885	6000000101798347825
Q16059895	6000000001500874011
Q16059941	6000000013165915738
Q16059942	6000000001942062114
Q16059944	6000000009796877207
Q16060040	6000000001580832476
Q16060054	6000000030022999891
Q16060080	6000000000489505876
Q16060085	6000000022202609073
Q1606016	6000000021169361832
Q1606021	6000000053961357966
Q1606039	6000000034569017855
Q1606071	6000000056690434928
Q1606090	6000000024236433867
Q1606106	6000000078063062222
Q16061180	6000000027430708547
Q1606129	6000000019894847208
Q1606138	6000000016928322349
Q1606143	6000000030629122165
Q1606153	6000000005598808133
Q1606160	6000000026476661932
Q1606165	6000000023739588996
Q1606172	6000000015622527735
Q1606196	6000000025429339856
Q1606197	6000000166441823856
Q1606202	6000000020020586861
Q1606214	6000000002192289102
Q16062196	6000000020610882449
Q16062203	6000000018925361444
Q16062211	6000000020694855549
Q16062221	6000000036697409028
Q16062225	6000000145086088821
Q16062247	6000000056532834875
Q1606227	6000000005621561173
Q16062271	6000000007373612147
Q16062273	6000000022652466456
Q16062279	6000000006899005674
Q16062291	6000000089845971831
Q16062294	6000000033258452275
Q16062299	6000000021196791282
Q16062308	6000000006706011109
Q16062319	6000000012723825331
Q16062324	6000000011846603402
Q16062328	6000000145004715822
Q16062332	6000000024832587875
Q16062338	6000000025522677332
Q16062340	6000000013313180934
Q16062437	6000000179741006844
Q16062441	6000000006340881002
Q16062442	6000000017719676765
Q16062446	6000000014683661530
Q16062449	6000000007808142861
Q16062459	6000000004645933384
Q1606247	6000000013933515393
Q16062473	6000000000521847923
Q16062475	6000000011321445527
Q16062481	6000000043246087859
Q16062491	6000000003147097252
Q16062502	6000000018869695032
Q16062504	6000000000165323833
Q1606251	6000000041345925880
Q16062515	6000000007302870295
Q16062531	6000000079144498208
Q16062537	6000000006720835793
Q16062538	6000000054377866038
Q16062542	6000000021880905147
Q16062571	6000000166885831910
Q16062575	6000000017266100670
Q16062579	6000000038608522182
Q16062599	6000000024467687088
Q16062601	6000000013515433542
Q16062612	6000000028413608009
Q16062612	6000000209123249855
Q16062618	6000000010553923737
Q16062619	6000000003412794495
Q16062620	6000000086994841853
Q16062645	6000000124981528991
Q16062650	6000000017643542484
Q16062663	6000000107186535907
Q16062669	6000000016625729267
Q1606267	6000000034007786233
Q16062677	6000000063332054852
Q16062682	6000000062358878833
Q16062695	6000000003123626302
Q16062696	6000000010040724526
Q160627	6000000031208532002
Q16062700	6000000011657180233
Q16062721	6000000014605497821
Q16062726	6000000173875268870
Q16062735	6000000110062557821
Q16062741	6000000005586103280
Q16062744	6000000172251745865
Q16062746	6000000109543548858
Q16062762	6000000007273219750
Q16062774	6000000008136107307
Q16062777	6000000140725216894
Q16062779	6000000001180225064
Q16062781	6000000006936869978
Q16062782	6000000004228866886
Q16062785	6000000012380713230
Q16062791	6000000179824942844
Q16062792	6000000007877960854
Q16062797	6000000018472508323
Q16062798	6000000009886910886
Q1606280	6000000003732527911
Q16062807	6000000014898059956
Q16062843	6000000172054043007
Q1606286	6000000013237359019
Q16062870	6000000006995600762
Q16062876	6000000047617535989
Q16062888	6000000067358274904
Q16062913	6000000087290077009
Q16062915	6000000007452273531
Q16062920	6000000012169031078
Q16062947	6000000013297096987
Q16062948	6000000058114421931
Q16062950	6000000021993572152
Q16062951	6000000022315732757
Q16062954	6000000178349090824
Q16062970	6000000172366113711
Q16062989	6000000156816091834
Q16062991	6000000131380197032
Q16062995	6000000010554230215
Q1606301	6000000021280800074
Q16063010	6000000144733465915
Q16063027	6000000000435094810
Q16063033	6000000008439904545
Q16063037	6000000013763611540
Q16063054	6000000028430401908
Q16063060	6000000065855614955
Q16063062	6000000075808392220
Q16063066	6000000019667936293
Q16063069	6000000012546581210
Q16063071	6000000015212118257
Q16063077	6000000029975659258
Q16063083	6000000015068583871
Q16063094	6000000019904287474
Q16063097	342818433090013951
Q16063099	6000000020781657496
Q16063105	6000000018105737106
Q16063113	6000000007464027227
Q16063121	6000000005598831280
Q16063122	6000000091745318929
Q16063126	6000000036795974195
Q16063133	6000000036722874386
Q16063138	6000000145268977849
Q16063150	6000000003811360583
Q16063165	6000000004671985691
Q16063177	6000000001958921069
Q16063193	6000000013834469734
Q16063198	6000000014416478175
Q16063205	6000000011373048273
Q16063209	6000000001504659594
Q16063211	6000000014263190688
Q16063214	6000000001753008472
Q16063232	6000000002166297186
Q16063257	6000000186815431838
Q16063276	6000000013820727118
Q16063290	6000000009663007731
Q16063304	6000000074007115821
Q16063308	6000000020986162378
Q16063309	6000000042762631659
Q16063317	6000000147113270175
Q16063324	6000000100986660832
Q16063326	6000000104364137822
Q16063332	6000000060403889869
Q16063336	6000000002188483719
Q1606335	6000000074672954146
Q16063351	6000000023921172501
Q16063356	6000000008231215614
Q16063358	6000000013953803665
Q16063365	6000000002188475208
Q16063370	6000000040658683878
Q16063395	6000000068241163944
Q16063396	6000000018575877603
Q16063397	6000000008443461973
Q16063398	6000000016965973988
Q16063401	6000000014893281878
Q16063404	6000000032465425964
Q16063409	6000000024657785257
Q1606341	6000000001073741448
Q16063415	6000000010793043269
Q16063416	6000000050689802993
Q1606342	6000000011057117939
Q16063429	6000000012077627225
Q16063430	4386080359710057137
Q16063431	6000000052527584839
Q16063435	6000000002300068993
Q16063462	6000000017375545457
Q16063466	6000000020414825081
Q16063468	6000000023431649920
Q16063480	6000000030982693646
Q16063481	6000000025542720687
Q16063492	6000000005438494196
Q16063499	6000000011372884537
Q16063503	6000000016498996552
Q16063504	6000000001710054942
Q16063523	6000000029653738175
Q16063526	6000000047652830892
Q16063527	6000000001504669220
Q16063534	6000000012010829323
Q16063535	6000000006597095426
Q16063538	6000000032906614212
Q16063544	6000000001504773064
Q16063549	4956557679640100720
Q16063576	6000000001504768803
Q16063589	6000000018964044630
Q16063593	6000000000769867833
Q16063597	6000000012380531436
Q16063606	6000000052102593175
Q16063613	6000000063713034821
Q16063616	6000000013356076141
Q16063619	6000000015908212716
Q16063624	6000000024503670190
Q16063631	6000000038210291987
Q16063633	6000000042538178244
Q16063642	6000000027817463731
Q16063644	6000000177785980854
Q16063647	6000000006198027819
Q16063669	6000000021850233119
Q16063682	6000000004145595702
Q16063706	6000000005638239320
Q16063724	340332972530004468
Q16063737	6000000004260054469
Q16063738	6000000002166403273
Q16063745	6000000001504669380
Q16063752	6000000021473056158
Q16063766	6000000022800354053
Q16063768	6000000000211397370
Q16063769	6000000012013316092
Q1606377	6000000168885426904
Q16063771	357364789940012594
Q16063772	6000000000320505296
Q16063793	6000000010553440858
Q16063795	6000000022662374253
Q16063798	6000000006146231437
Q16063812	6000000183353103845
Q16063831	6000000017585314466
Q16063833	6000000012576701279
Q16063838	6000000054106845885
Q16063846	6000000002649910931
Q16063848	6000000036348329129
Q16063848	6000000175869705847
Q16063850	6000000002810345341
Q16063852	6000000034773155532
Q16063856	6000000013793583733
Q16063857	6000000017210819200
Q16063864	6000000019312941864
Q16063867	6000000009143610406
Q16063881	6000000005645934001
Q16063896	4203708299950049529
Q16063900	6000000029078144089
Q16063913	6000000002299646345
Q16063924	6000000001368699647
Q16063927	6000000015396470360
Q16063929	6000000022968033834
Q16063941	6000000002448635271
Q16063943	6000000016670340050
Q16063945	6000000013505802053
Q16063955	6000000089463545077
Q16063963	6000000002092335714
Q16063966	6000000017616029526
Q16063975	6000000131693959848
Q16063992	6000000014924912556
Q160640	6000000002765731718
Q1606406	6000000001546386407
Q16064119	6000000075770857821
Q16064127	6000000120543974040
Q16064129	6000000008869540983
Q16064141	6000000032748340268
Q16064147	6000000027916005530
Q1606416	6000000181701149860
Q16064166	6000000008706990561
Q1606418	6000000001383105384
Q1606422	6000000023116761615
Q16064227	6000000021829960009
Q16064249	6000000076214683167
Q16064256	6000000002166027396
Q16064368	6000000181291955877
Q16064445	6000000022955477251
Q16064448	6000000023389250244
Q16064516	6000000187329670830
Q16064542	6000000048002275160
Q16064555	6000000071888704498
Q1606459	6000000012642215435
Q16064628	6000000050275551927
Q16064663	6000000017211037234
Q16064672	6000000018465898859
Q1606473	6000000032634484532
Q1606475	6000000020390990847
Q1606477	6000000002906004208
Q16064796	6000000011434006539
Q16064815	6000000016276079373
Q16064821	6000000008873501385
Q16064895	6000000017199337724
Q16064898	6000000011198830593
Q16064901	6000000006323018460
Q16064906	6000000002167766808
Q16064914	6000000012692259076
Q16064981	6000000016334105636
Q16064986	6000000001598005698
Q16065006	6000000218245296895
Q16065007	6000000003789691302
Q1606501	6000000005368557004
Q16065099	6000000000782776594
Q16065155	6000000011755236480
Q16065158	6000000016135308738
Q1606519	6000000013183709326
Q16065210	6000000067141254980
Q1606524	6000000045009072150
Q16065240	6000000089124069910
Q16065272	6000000026108942409
Q16065288	6000000016585967208
Q16065289	6000000004358989471
Q16065292	6000000122467181852
Q16065297	6000000019426236006
Q1606530	6000000012057863545
Q16065308	6000000013735281055
Q16065316	6000000016395329203
Q16065318	6000000012690298239
Q16065322	6000000015299388105
Q16065326	6000000049047942053
Q16065334	6000000122466474938
Q16065338	6000000018159953613
Q1606534	6000000018171649818
Q16065354	6000000017423652950
Q16065355	6000000048306320833
Q1606536	6000000001958947524
Q16065363	6000000011872465092
Q16065365	6000000026475718871
Q16065367	6000000019664260627
Q16065369	6000000018346420483
Q16065383	6000000029690936119
Q16065391	6000000034018243212
Q16065408	6000000019031182041
Q16065409	6000000014248880972
Q16065447	6000000016183629765
Q16065454	6000000065031626008
Q1606546	6000000008353935449
Q16065470	6000000012658042270
Q16065471	6000000017893691048
Q16065473	6000000031892528004
Q1606548	6000000000146369932
Q16065480	6000000026902779250
Q16065491	6000000013008113619
Q16065494	6000000006829191514
Q16065515	6000000013661389249
Q16065525	6000000066542681967
Q1606556	6000000015635009210
Q16065561	6000000027861816430
Q16065568	6000000029041028620
Q16065583	6000000003216083599
Q16065607	6000000002238528748
Q16065627	6000000010945287051
Q16065631	6000000045665390138
Q16065635	6000000007327819573
Q16065644	6000000012432351026
Q16065652	6000000010617555410
Q16065654	6000000002814752545
Q16065660	6000000043732233998
Q16065665	6000000183410056864
Q16065669	6000000000029801246
Q16065673	6000000007389687640
Q1606568	6000000016414765008
Q16065681	6000000077897012451
Q16065683	6000000030118253374
Q1606569	6000000007911734908
Q16065694	6000000000805417084
Q16065697	6000000092274571854
Q16065699	6000000078492379849
Q16065700	6000000022796182161
Q16065702	6000000018936434223
Q16065707	6000000026816533847
Q16065715	6000000084592065988
Q16065717	6000000109152294943
Q16065718	6000000028649494263
Q16065721	6000000033102109431
Q16065723	6000000073952378876
Q16065725	6000000028301234396
Q16065733	6000000001309003493
Q16065743	6000000027372941227
Q16065751	6000000004079619822
Q16065752	6000000010122147539
Q16065755	6000000008816125091
Q16065760	6000000015977631493
Q16065761	6000000001714901754
Q16065769	6000000025928324172
Q16065773	6000000009034665489
Q1606578	6000000007788557329
Q16065793	6000000000271568620
Q16065813	6000000012457738632
Q16065815	6000000018301737404
Q16065819	6000000014811286519
Q16065824	6000000011743778539
Q16065836	6000000003403210412
Q1606584	6000000011692601223
Q16065848	6000000015540586870
Q16065857	6000000002188483687
Q16065863	6000000048639875830
Q16065877	6000000029601718061
Q16065880	6000000107265590835
Q16065881	6000000106963545109
Q16065883	6000000017616386685
Q16065890	6000000006938653275
Q16065893	6000000001254405446
Q16065897	6000000009579913323
Q16065901	6000000034267649840
Q16065903	6000000008689897672
Q16065919	6000000000401084026
Q16065936	6000000030227783379
Q1606594	6000000005733929830
Q16065951	6000000015732789397
Q16065952	6000000031551096004
Q16065961	6000000010044580657
Q16065965	6000000004593983348
Q16065966	6000000077428555118
Q16065968	6000000000251293429
Q16065972	6000000003665414365
Q16065976	6000000017627266211
Q16065990	6000000011351063278
Q16065995	6000000024892189575
Q16066014	6000000021720393891
Q16066021	6000000011703238467
Q16066023	6000000048228442218
Q16066035	6000000021005316115
Q16066038	6000000026434978101
Q16066043	6000000007101370220
Q16066044	6000000018484996318
Q16066048	6000000012386032571
Q16066050	6000000013340739237
Q16066051	6000000001118019658
Q16066052	6000000010524399863
Q16066057	6000000004315564111
Q16066061	6000000017412527279
Q16066069	6000000011031302814
Q16066072	6000000190137479823
Q16066078	6000000003802354707
Q16066100	6000000003743487005
Q16066101	6000000001915560295
Q16066111	6000000002188466745
Q16066124	6000000010602244855
Q16066127	6000000008851450542
Q1606613	6000000012858226646
Q16066137	6000000041131786323
Q16066145	6000000030941143853
Q16066148	6000000012438749112
Q16066156	6000000077495516014
Q16066164	6000000011398355796
Q16066166	6000000006998393466
Q16066171	6000000010621914080
Q16066172	6000000006598949839
Q16066175	6000000050894457823
Q16066182	6000000011942799496
Q16066184	6000000006404630427
Q16066196	6000000034902550821
Q16066212	6000000025926567948
Q16066213	6000000007445565319
Q16066218	6000000017295887137
Q16066223	6000000007089498288
Q16066227	6000000028227540986
Q16066231	6000000017448004330
Q16066248	6000000002336332297
Q16066257	6000000018290101595
Q16066259	6000000005681388267
Q16066264	6000000036289276011
Q16066265	6000000019657521516
Q16066266	6000000173727612041
Q16066278	6000000011302076793
Q16066280	6000000074413994830
Q16066293	6000000025551592637
Q16066295	6000000013365538920
Q16066302	6000000004592953930
Q16066313	6000000039771512619
Q16066314	6000000004252613804
Q16066319	6000000174549986857
Q16066334	6000000013345241558
Q16066350	6000000156186308868
Q16066357	6000000001980362602
Q1606636	6000000026622522650
Q16066362	6000000000826031613
Q16066376	6000000015987790764
Q16066377	6000000002673336862
Q16066390	6000000141063345821
Q16066395	6000000040788769159
Q16066397	6000000029321214023
Q16066401	6000000080348598923
Q16066412	6000000041118093945
Q16066414	6000000002188475046
Q16066420	6000000009583872477
Q16066421	323160693110007626
Q16066423	6000000018841323306
Q16066438	6000000154557880129
Q1606644	6000000024595743857
Q16066471	6000000005598808842
Q16066481	6000000050136252963
Q16066486	6000000008887939974
Q16066494	6000000013015058355
Q16066506	6000000074910368968
Q16066547	6000000020449429662
Q1606663	6000000012439992907
Q16066633	6000000025555651109
Q16066646	6000000026284701916
Q16066660	6000000174937317210
Q1606669	6000000013270368780
Q16066745	6000000013384775095
Q1606684	6000000028665937836
Q16066856	6000000025416443079
Q16066885	6000000175355141340
Q1606695	6000000034274088344
Q16066977	6000000086738392900
Q16067009	6000000064632511890
Q1606701	6000000011188072908
Q16067010	6000000073878770890
Q1606714	6000000083867666052
Q1606718	6000000026133453419
Q1606720	6000000126400052089
Q1606739	6000000071662615060
Q1606751	5138671550970022945
Q1606752	6000000002188504409
Q1606761	6000000034471538161
Q1606763	6000000024918969881
Q16067661	6000000006999133223
Q1606789	6000000017284999108
Q16067943	6000000000728569253
Q16068019	6000000009543186183
Q1606803	6000000003265680802
Q1606804	6000000106924156965
Q1606809	4519561
Q160681	6000000177098905827
Q1606814	6000000001831649135
Q1606825	6000000050566623835
Q1606837	6000000009015912511
Q1606848	6000000004836879192
Q1606850	6000000010062460087
Q1606856	6000000069240848910
Q1606865	6000000171833936596
Q1606867	6000000022967238313
Q1606871	6000000029819008197
Q1606875	6000000089461232851
Q1606886	6000000029637811199
Q1606892	6000000040175835524
Q1606893	6000000021793309161
Q16068996	6000000018621108019
Q1606902	6000000025900577660
Q16069293	6000000016565489670
Q1606945	6000000011987250737
Q1606951	6000000010702442200
Q1606954	6000000011153636330
Q16069594	6000000038426417224
Q1606961	6000000038388541541
Q1606971	6000000008231272580
Q1606978	6000000076809673319
Q1606981	6000000001226788060
Q1606983	6000000006889010012
Q16070062	6000000012687245507
Q1607012	6000000023423211423
Q1607013	6000000124510966910
Q160702	6000000001555817376
Q16070256	6000000014344808562
Q16070261	6000000015014549379
Q160706	6000000065636769988
Q16070612	6000000033993897042
Q1607091	6000000080245547158
Q1607098	6000000038361704347
Q1607100	6000000002116346574
Q1607105	6000000066613722110
Q16071102	4295822496630030746
Q1607118	6000000012536393601
Q1607121	6000000013763621512
Q1607123	6000000050676988866
Q1607131	6000000037580190035
Q1607131	6000000190751426846
Q1607135	6000000077550921671
Q1607152	6000000085712622897
Q1607155	5329333445050101005
Q1607165	6000000014339436478
Q1607168	6000000178062958821
Q160717	6000000013248890840
Q1607175	6000000008439139709
Q1607180	341753290370013378
Q1607186	6000000039793135438
Q1607189	6000000028712286915
Q1607193	6000000134002130821
Q1607197	6000000017686924030
Q1607198	6000000026119110111
Q1607225	6000000035214219406
Q16072252	4836774560380078937
Q16072281	6000000018096126978
Q1607232	6000000000414666727
Q1607233	6000000021038474736
Q1607258	6000000039870385262
Q16072635	5616087309880050314
Q16072649	6000000070156022496
Q1607269	6000000070866653052
Q1607275	6000000000816738667
Q1607284	6000000023807795003
Q16072853	6000000075491315835
Q16073026	368106753970005211
Q1607313	6000000067880959898
Q1607320	6000000099797188821
Q1607332	6000000018223123030
Q1607334	6000000043360168965
Q16073348	6000000010238171882
Q1607349	6000000128569342931
Q1607357	6000000008344122140
Q1607386	6000000028121549177
Q1607389	6000000028788585196
Q1607403	6000000008190428426
Q1607404	6000000000695250767
Q1607419	6000000031791043923
Q1607437	6000000083844313936
Q1607441	6000000022293729097
Q1607444	6000000137486509826
Q1607476	6000000012155567568
Q1607488	6000000002950785271
Q1607503	6000000056279795822
Q16075047	324721337890005478
Q16075048	6000000004146006269
Q16075065	6000000048201067983
Q16075070	6000000192903759828
Q16075095	6000000199423366863
Q16075096	6000000124630399821
Q1607516	6000000028742211061
Q16075275	6000000074792246821
Q16075277	6000000074792075894
Q16075283	6000000075049404240
Q16075286	6000000074792061872
Q16075288	6000000074791488234
Q16075296	6000000075049516050
Q16075297	6000000075049804987
Q16075304	6000000075049960881
Q16075305	6000000074688158851
Q16075307	6000000075049529102
Q16075316	6000000074687575242
Q16075318	6000000075049795978
Q16075322	6000000074727717843
Q16075322	6000000075422116106
Q16075331	6000000075049036310
Q16075338	6000000074791945908
Q16075345	6000000074791684072
Q16075362	6000000075420311909
Q16075365	6000000075049909866
Q16075366	6000000075490983984
Q16075373	6000000075491103924
Q16075377	6000000075491512823
Q16075402	6000000075490962045
Q16075403	6000000075491329875
Q16075407	6000000075420504850
Q16075425	6000000074792221844
Q16075431	6000000074791722007
Q16075445	6000000074792075859
Q16075447	6000000074684963187
Q16075454	6000000075490696137
Q16075461	6000000074770862031
Q16075464	6000000074704206114
Q16075464	6000000074704248013
Q16075465	6000000074791931190
Q16075467	6000000039000753942
Q16075476	6000000074725924217
Q16075501	6000000074684505433
Q16075503	6000000038223324080
Q16075511	6000000074727388830
Q16075518	6000000074745656318
Q16075524	6000000075606232842
Q16075525	6000000074730155001
Q16075531	6000000074727761119
Q16075544	6000000074727805093
Q16075548	6000000058101267855
Q16075561	6000000074789454038
Q16075573	6000000075485095823
Q16075579	6000000074381834831
Q16075587	6000000074730403879
Q16075590	6000000074791706846
Q16075602	6000000074727260302
Q16075617	6000000074790879101
Q16075631	6000000074730317847
Q16075640	6000000074790945308
Q16075658	6000000075420395824
Q16075669	6000000075553829105
Q16075684	6000000074716907883
Q16075730	6000000074716965880
Q16075752	6000000074758975922
Q16075784	6000000074690575447
Q16075792	6000000074716803003
Q16075819	6000000075502102821
Q16075826	6000000075607284841
Q16075826	6000000142111538827
Q16075838	6000000074691564032
Q16075840	6000000074758254166
Q16075845	6000000074726291842
Q16075877	6000000075429089889
Q16075904	6000000074691707877
Q16075925	6000000075326760863
Q16075938	6000000074691690970
Q16075961	6000000037699843681
Q16075976	6000000038107442881
Q16075978	6000000074725837451
Q16076000	6000000075326750840
Q16076002	6000000074725739007
Q16076021	6000000074691425992
Q16076024	6000000074712047958
Q16076025	6000000009848332018
Q16076026	6000000074691352110
Q16076061	6000000069852938226
Q16076106	6000000074691378298
Q16076107	6000000074757786325
Q16076110	6000000074717498965
Q16076119	6000000075481502110
Q16076122	6000000075428709930
Q16076134	6000000013882934500
Q16076136	6000000075423763924
Q16076139	6000000074748280777
Q16076161	6000000039081348355
Q16076165	6000000074746383821
Q16076172	6000000075501141926
Q16076183	6000000074697951384
Q16076190	6000000075326812085
Q16076197	6000000074711943962
Q16076221	6000000071162786917
Q16076226	6000000074746987831
Q16076227	6000000074692122905
Q16076267	6000000075407064821
Q16076270	6000000075059856111
Q16076314	6000000072341161922
Q16076318	6000000074718176263
Q16076337	6000000074717046280
Q16076367	6000000074690543944
Q16076375	6000000075406346927
Q16076396	6000000074753458045
Q16076397	6000000074726991362
Q16076413	6000000074770656038
Q16076435	6000000018366021273
Q16076438	6000000074759831959
Q16076440	6000000074733952766
Q16076444	6000000074690697903
Q16076458	6000000075505989595
Q16076481	6000000031525165147
Q16076491	6000000075344848839
Q16076492	6000000075482949054
Q16076499	6000000013103388351
Q16076500	6000000074725099041
Q16076505	6000000075610512876
Q16076521	6000000018360629267
Q16076527	6000000074749234832
Q16076555	6000000074701425082
Q16076583	6000000074726172997
Q16076608	6000000010031605545
Q16076618	6000000074725496645
Q16076622	6000000074752894759
Q16076626	6000000075406151005
Q16076638	6000000074699089870
Q16076643	6000000075429785915
Q16076692	6000000075506248896
Q1607673	6000000003245348871
Q16076754	6000000019147851792
Q16076754	6000000075611527929
Q16076774	6000000074749240829
Q16076780	6000000071262955230
Q16076784	6000000074753008562
Q16076788	6000000074748960038
Q16076797	6000000074381782873
Q16076799	6000000074381788867
Q16076827	6000000075497564956
Q16076832	6000000074715254872
Q16076841	6000000074745627853
Q16076865	6000000074726628324
Q16076880	6000000047502756263
Q16076882	6000000074702058904
Q16076895	6000000074734358821
Q16076901	6000000138968391005
Q16076915	6000000074382117821
Q16076934	6000000074738036923
Q16076937	6000000046705570227
Q16076938	6000000074730404839
Q16076951	6000000074691692187
Q16076989	6000000009834530639
Q16076994	6000000074382101821
Q16076995	6000000074381655910
Q160770	6000000008480806912
Q16077019	6000000186224923846
Q16077037	6000000074792693886
Q16077038	6000000175827742905
Q16077051	6000000047503149147
Q16077059	6000000045271548023
Q16077062	6000000075060371012
Q16077063	6000000071157742210
Q16077075	6000000075062442930
Q16077099	6000000075603740835
Q16077100	6000000074748170348
Q16077119	6000000074792643872
Q16077121	6000000075421262930
Q16077127	6000000074753335957
Q16077134	6000000175829635827
Q16077138	6000000075610125045
Q16077184	6000000074727877043
Q16077188	6000000074692286956
Q16077191	6000000074728779832
Q16077193	6000000074726828618
Q16077208	6000000074759008577
Q16077213	6000000018607629448
Q16077214	6000000074692283902
Q16077227	6000000074758167883
Q16077251	6000000049584470900
Q16077275	6000000075406744425
Q16077275	6000000075507323831
Q16077306	6000000075421432934
Q16077310	6000000074705725851
Q16077317	6000000074704170937
Q16077364	6000000074705432092
Q16077366	6000000023502216852
Q16077374	6000000032130084996
Q16077394	6000000074758490201
Q16077395	6000000074705582822
Q16077398	6000000074745069292
Q16077399	6000000075505007870
Q16077400	6000000074705512833
Q16077408	6000000075418724827
Q16077412	6000000074705199821
Q16077414	6000000075420077039
Q16077415	6000000075611708112
Q16077416	6000000075419674822
Q16077420	6000000074704309456
Q16077441	6000000050851111182
Q16077444	6000000075407553870
Q16077451	6000000074709904846
Q16077452	6000000074736306846
Q16077468	6000000075607022936
Q16077475	6000000074726260965
Q16077481	6000000074759081944
Q16077484	6000000075421088871
Q16077486	6000000075050485836
Q16077489	6000000074718176126
Q16077497	6000000075420452906
Q16077500	6000000075507498069
Q16077502	6000000074726334918
Q16077506	6000000074705505877
Q16077528	6000000012653193103
Q16077533	6000000048072742109
Q16077535	6000000075507036108
Q16077546	6000000074705580851
Q16077564	6000000039255142241
Q16077569	6000000075507607935
Q16077623	6000000075507811939
Q16077626	6000000075326978875
Q16077638	6000000018366799725
Q16077679	6000000074758442377
Q16077684	6000000050750695161
Q1607769	6000000042399990873
Q16077932	6000000074727956124
Q16077933	6000000074688155839
Q16077967	6000000074728116034
Q16077975	6000000074727721897
Q16077979	6000000074687831120
Q16077981	6000000074787138001
Q16078017	6000000075412850282
Q16078035	6000000074691940855
Q16078102	6000000075049703034
Q16078132	6000000038107174901
Q16078140	6000000042925323610
Q16078171	6000000075490249244
Q16078218	6000000075429706859
Q16078261	6000000075503289150
Q16078299	6000000075491113001
Q16078309	6000000075429478927
Q16078345	6000000074716499962
Q16078357	6000000074685358874
Q16078366	6000000074786423866
Q16078378	6000000074746083821
Q16078378	6000000075426905940
Q16078400	6000000075402006326
Q16078411	6000000074792057946
Q16078417	6000000074792086833
Q1607842	6000000092799079060
Q16078430	6000000074791545282
Q16078439	6000000074792001932
Q1607844	6000000150688573822
Q16078458	6000000074687916030
Q16078463	6000000074791558104
Q16078500	6000000074791606913
Q16078526	6000000075426604832
Q1607860	6000000002188616843
Q16078652	6000000074747272822
Q16078655	6000000074792122847
Q16078664	6000000039151937649
Q1607877	6000000013639936478
Q16078788	6000000074684678130
Q16078795	6000000074791879973
Q16078822	6000000075614303829
Q16078824	6000000006579930051
Q16078844	6000000074791915978
Q16078845	6000000074790904384
Q16078905	6000000014515685059
Q1607896	6000000019078439785
Q16079053	6000000006764979093
Q16079057	6000000024364237487
Q16079695	6000000001289979034
Q1607994	6000000008700442441
Q160800	4027499018870031172
Q1608006	6000000028816324721
Q160802	6000000009212753394
Q1608028	6000000068370716823
Q1608067	6000000007466320569
Q16080922	6000000123040486822
Q1608107	6000000121653676858
Q1608126	6000000018195570222
Q1608149	6000000129376506941
Q16081574	6000000021328882621
Q160817	6000000036534555082
Q16082015	6000000061897830972
Q1608215	6000000152162845821
Q1608224	6000000182694520837
Q1608225	6000000084491479872
Q16082362	6000000040107798817
Q1608237	6000000182222929827
Q1608241	6000000150688563830
Q1608254	6000000080240538012
Q16082722	6000000019398343559
Q1608327	6000000069327036837
Q16083300	6000000031657342012
Q1608348	6000000015975137396
Q1608366	6000000024930061220
Q16083760	6000000038218675112
Q16083769	6000000041208591823
Q1608383	6000000035198169879
Q16083872	6000000179102232885
Q16083947	308794536100003886
Q16083970	6000000073365798698
Q1608413	6000000088151725239
Q1608445	6000000047517262821
Q160847	6000000185007540828
Q160852	6000000009205958805
Q16085244	6000000016611425319
Q16085870	6000000016610217752
Q1608589	6000000040839687022
Q1608601	6000000016800099734
Q1608635	6000000031042680537
Q16086586	5197943509870088650
Q16086743	6000000014593325311
Q16086876	6000000018350899080
Q160869	5079778197360127262
Q1608700	6000000002889707045
Q1608701	6000000039535295505
Q1608711	6000000099924462902
Q1608732	6000000054520706034
Q16087406	6000000005035437376
Q16088470	6000000036018392316
Q160888	6000000003833186986
Q16088848	6000000030316127342
Q16088946	6000000067356510111
Q16089058	6000000074444706918
Q16089076	6000000175624562853
Q16089666	6000000079049211480
Q16089697	6000000073068370840
Q16089724	6000000030694210530
Q16089754	6000000029138294923
Q16089769	6000000011161071727
Q16089894	6000000025819716101
Q16089898	6000000077929005861
Q16089903	6000000022569326212
Q16089956	6000000122034817524
Q16089965	6000000001499168199
Q16090001	5469619643260136537
Q16090008	6000000002859614839
Q16090012	6000000068873373892
Q16090034	4409275221290052252
Q16090119	6000000032167608356
Q16090127	6000000040107601584
Q16090129	6000000047177548255
Q16090232	6000000032506649359
Q16090275	6000000048424430910
Q16090480	6000000005039771646
Q16090504	6000000003423828731
Q16090516	6000000116592236821
Q16090574	6000000030180756007
Q16090601	6000000038616467904
Q16090769	4408834274130010834
Q16090867	6000000009965645179
Q16090951	6000000036059847320
Q16091144	6000000038206094422
Q16091298	6000000033671761544
Q16091354	6000000038212609604
Q16091426	6000000045232908353
Q1609144	6000000030381868083
Q16091620	6000000048122200006
Q16091714	6000000058751150382
Q16091757	6000000032575996651
Q16092724	6000000007053234120
Q1609294	6000000108287273834
Q16093011	6000000011028475393
Q1609302	6000000175827633881
Q1609304	6000000016802689701
Q1609331	6000000180927453877
Q16093392	6000000002017974776
Q16093542	6000000002250031306
Q1609356	6000000012597355740
Q16093585	6000000077438023436
Q1609363	6000000023682008088
Q16093633	6000000001522083816
Q1609373	6000000024874533355
Q1609460	6000000089884298942
Q160948	6000000003219712922
Q1609505	6000000024253374723
Q1609511	6000000021424590829
Q1609520	6000000124369830118
Q16095476	6000000026055950171
Q16095735	6000000004096514662
Q16095752	6000000183625777858
Q16095893	6000000008679345602
Q1609690	6000000018646295213
Q1609721	6000000020109722089
Q160984	304356297110003841
Q16098482	6000000017572266754
Q16098713	5330731338920058149
Q16098844	6000000070410604187
Q1609928	6000000006101404826
Q16099421	6000000065565107904
Q1609980	6000000172182141846
Q1610165	6000000151913546828
Q1610176	6000000006321964850
Q1610200	6000000166397515857
Q16102012	6000000176280696886
Q1610227	6000000048619408440
Q1610232	6000000089123286915
Q1610268	6000000017909191936
Q1610272	6000000003471580795
Q1610275	6000000002598123538
Q1610284	6000000000517967165
Q1610288	6000000090180354845
Q1610294	6000000004577042213
Q1610310	6000000024738781623
Q1610336	6000000015908176497
Q1610340	6000000024472174507
Q1610343	6000000003540023234
Q1610344	6000000002371275896
Q1610355	6000000001504889532
Q1610360	6000000012334022454
Q1610372	6000000163928320834
Q16104379	6000000182117546824
Q16104413	6000000178978452851
Q16104489	6000000178521729823
Q16104594	6000000011358237371
Q16104641	6000000042609285368
Q161048	6000000183320760823
Q16104819	6000000032173945244
Q16104844	6000000069971268185
Q1610507	6000000008940069578
Q16105101	6000000056341922905
Q16105137	6000000050232964250
Q16105196	6000000085041733005
Q1610524	6000000018603600803
Q16105266	6000000164611198829
Q16105332	6000000175886967845
Q16105483	6000000178404944841
Q1610553	6000000018923878069
Q16105536	6000000127204565849
Q1610558	6000000020469569902
Q16105794	6000000000839150154
Q161059	4105044
Q1610595	6000000029963371947
Q1610596	6000000114825731920
Q16106015	5131672349940083610
Q16106095	6000000014130783464
Q1610629	6000000024694957886
Q1610630	6000000199615493821
Q16106302	6000000011177762820
Q1610631	6000000008595803479
Q16106354	6000000038394265857
Q1610647	6000000004097657477
Q16106626	6000000033497692559
Q1610664	6000000024515329703
Q16106681	6000000040774819602
Q1610695	6000000029264815118
Q1610701	6000000173297645831
Q16107027	380547780600013237
Q16107220	6000000012401070692
Q16107242	6000000010781472185
Q1610737	6000000020351792961
Q16107377	6000000026590699167
Q16107520	6000000040239604556
Q161076	6000000047126980016
Q1610777	6000000077468464176
Q1610803	6000000034081602956
Q161084	6000000019138225494
Q1610852	6000000077228477708
Q1610853	6000000172840933834
Q1610872	6000000017917491234
Q1610874	6000000037406270031
Q1610883	6000000014157737623
Q1610905	6000000076716406047
Q16109689	6000000076608015859
Q16109746	6000000054258551013
Q1610987	6000000022734505090
Q16109904	6000000103724949838
Q1611050	6000000069050513181
Q161106	6000000006429292016
Q16110789	6000000128977929857
Q1611100	6000000055605943834
Q16111118	6000000170752057827
Q16111131	6000000007436805281
Q1611127	6000000021386129058
Q16111421	6000000012107524753
Q16111607	6000000007560840577
Q16111630	6000000028708710640
Q1611179	6000000140261316055
Q1611238	6000000024789033034
Q16112453	6000000059101442049
Q16112529	6000000059176059907
Q16112710	6000000183846044844
Q1611272	6000000086907349022
Q1611304	6000000035589441166
Q161131	311769067160005759
Q1611310	6000000056341859826
Q161133	6000000000698478151
Q16113420	6000000016433902309
Q1611349	6000000081921732951
Q16113498	6000000007646930317
Q1611359	6000000007014445692
Q161136	6000000006444272490
Q16114036	6000000013265396868
Q16114083	6000000175728061849
Q1611417	6000000022348741537
Q1611422	4844176412270054377
Q161143	6000000104169324983
Q1611436	6000000015741010262
Q16114513	386631993040002744
Q16114594	6000000072110949969
Q16114602	6000000038311310876
Q16114733	6000000103729595101
Q16114822	6000000015354671453
Q1611484	6000000057055257971
Q16114858	6000000039683010296
Q161149	6000000000648177790
Q16115170	6000000013540937840
Q1611523	6000000040887991685
Q16115239	6000000084678876927
Q161154	6000000025094995910
Q161154	6000000045235605601
Q16115445	6000000121048247821
Q1611548	6000000129471637894
Q16115525	6000000012561824080
Q1611553	340200764130001354
Q1611554	6000000077728843073
Q1611561	6000000094139582851
Q1611569	6000000020664080049
Q16115697	6000000037776931284
Q16115744	6000000041265989159
Q161159	6000000003891728922
Q16115994	6000000019446943202
Q1611619	6000000028413016550
Q1611633	6000000037605049020
Q161167	6000000001503528485
Q16116816	6000000014440537318
Q16116887	6000000008691472968
Q16117385	6000000096293409837
Q1611744	6000000128554669834
Q1611753	6000000176758124053
Q1611754	6000000077597709077
Q1611766	6000000124304146855
Q1611841	6000000038334072926
Q16118537	6000000005442096503
Q1611879	6000000034472711921
Q1611890	6000000175626879907
Q1611960	6000000180555313924
Q1611971	6000000033076930600
Q1611986	6000000095487120065
Q161199	6000000003232583853
Q1612000	6000000079986057862
Q1612017	6000000144787551883
Q1612018	6000000022784964149
Q1612053	6000000009224221898
Q1612073	6000000173153405000
Q161208	6000000022732702605
Q1612094	6000000180826383894
Q1612107	6000000009200749165
Q16121080	6000000054314475920
Q1612120	6000000007335983706
Q16121298	6000000156938195897
Q1612148	6000000069595712821
Q1612156	6000000068660887841
Q1612184	6000000082163440821
Q1612197	6000000004035259573
Q1612215	333613522990003254
Q1612254	5599072866290028519
Q1612287	6000000016396134248
Q1612335	6000000039870336257
Q1612377	6000000027404460122
Q1612423	6000000178336233830
Q1612442	6000000027256439581
Q1612466	6000000035795412988
Q161247	4307969389890042778
Q1612486	6000000044386939053
Q1612549	6000000002678643892
Q1612572	6000000016603387513
Q1612596	6000000179938424831
Q1612612	6000000038368535660
Q1612706	6000000019202284559
Q1612715	6000000004688757580
Q1612739	6000000003911814883
Q1612765	6000000035822033028
Q1612795	6000000180021485892
Q1612809	6000000029226872419
Q16128485	6000000007243451633
Q16128506	6000000075426823914
Q1612851	6000000041637262855
Q16128602	6000000005236993080
Q16128672	6000000015611683152
Q16128679	6000000010728334064
Q16128803	6000000182294154830
Q16128813	6000000048278703833
Q16128860	6000000010304276642
Q1612896	6000000021163451248
Q16129001	6000000007248741353
Q1612904	6000000019698745156
Q16129085	6000000015923640537
Q16129114	6000000007498862443
Q16129228	6000000169657645890
Q1612926	6000000006921321756
Q1612929	6000000041033062168
Q16129295	6000000011207664465
Q16129320	6000000001454500385
Q16129495	6000000018665155559
Q16129505	6000000005240754174
Q16129568	6000000004349135172
Q1612968	6000000029513115889
Q16129687	6000000002206804170
Q16129725	6000000172462836825
Q1612973	6000000031828722312
Q16129790	4405940808650084839
Q16129799	6000000041031618327
Q1612981	6000000040672734752
Q16130022	6000000051075618882
Q16130030	6000000143325412841
Q16130071	6000000018414800965
Q1613008	6000000088683770853
Q16130168	6000000025866847700
Q16130299	6000000064508925013
Q1613034	6000000021124563190
Q1613045	6000000060899503896
Q1613050	6000000025899905982
Q16130549	6000000004881148204
Q1613063	6000000182748353964
Q16130635	6000000036648280834
Q16130674	6000000002788907444
Q16130707	6000000086086871874
Q1613075	6000000035090395494
Q16130760	6000000007258505268
Q16130796	6000000019456487710
Q16130805	6000000005070757575
Q16130817	6000000071487169837
Q1613084	6000000018816958209
Q1613095	6000000002623687718
Q16130999	6000000006977002261
Q16131043	6000000173129557195
Q16131074	6000000000174062883
Q1613117	6000000052881995855
Q16131175	6000000002764519787
Q16131309	6000000006712259146
Q16131395	325347175320005626
Q16131409	6000000010554309622
Q1613151	6000000009526276243
Q1613154	6000000077140364833
Q1613158	6000000014894166268
Q1613161	6000000020057555576
Q1613168	6000000000140095350
Q1613173	6000000079418435480
Q1613176	6000000020758857962
Q16131816	6000000179876034886
Q1613182	6000000018554774210
Q16131821	6000000002764856065
Q1613189	6000000041344473028
Q161319	304366438390004252
Q1613194	6000000044268480887
Q1613208	6000000180041507822
Q1613210	6000000006127494916
Q16132132	6000000004883992656
Q1613215	6000000030896621906
Q161322	6000000001367849007
Q1613220	6000000022655805047
Q16132216	6000000002764498892
Q1613229	6000000022130529105
Q1613231	6000000128938963023
Q1613233	6000000019675415137
Q1613238	6000000046922905464
Q16132388	6000000010975284736
Q1613241	6000000049539479892
Q16132456	6000000175281702970
Q1613247	6000000023897212216
Q16132514	6000000016264228575
Q16132585	6000000127538720901
Q1613260	6000000016303644123
Q1613261	6000000084297325203
Q16132614	377698020790012473
Q16132626	6000000021923379537
Q1613265	6000000096188853001
Q1613269	6000000097334657939
Q1613271	6000000085072666033
Q16132715	6000000009608479895
Q16132736	4126032380540063634
Q1613276	6000000007365595347
Q161328	6000000018398396794
Q1613283	6000000031631557557
Q1613287	6000000082736937122
Q1613288	6000000111829952266
Q1613294	6000000057033730896
Q16132946	6000000039127029551
Q1613296	6000000010361873987
Q1613301	6000000109075993067
Q1613304	6000000028478400821
Q1613305	6000000014746253971
Q1613307	6000000019493837461
Q1613339	6000000031641832236
Q1613351	6000000049076146876
Q1613352	6000000014653124432
Q161336	6000000018279430142
Q1613407	6000000172474826175
Q1613443	6000000021248606549
Q1613488	6000000024376588305
Q161351	6000000001143966322
Q1613511	6000000118003265197
Q1613597	6000000002058898221
Q1613625	6000000020854769709
Q161363	6000000015603652277
Q1613677	6000000003369548197
Q161368	4269746091150055022
Q16137271	6000000075424301852
Q16138221	6000000075405314028
Q16138226	6000000074787583910
Q16138277	6000000076645179263
Q16138331	288831182790001674
Q16138405	6000000016128578825
Q161389	6000000015801260058
Q1613900	6000000149934597231
Q16139111	6000000217587340853
Q1614091	6000000082880513172
Q1614208	6000000178165589844
Q16142112	6000000166389995899
Q1614212	6000000178162817999
Q16142314	6000000018417019878
Q16142349	6000000008482367962
Q16142434	6000000080560782821
Q16142665	6000000020378855635
Q16142846	6000000135813986137
Q16142946	6000000010898337883
Q1614313	6000000009027342530
Q1614331	6000000018896105214
Q16143519	6000000078736732639
Q16143824	5157329914480067487
Q16144253	6000000028891769847
Q16144261	6000000023422171859
Q16144446	6000000161771113826
Q16144467	6000000002701462704
Q16144891	6000000171977679926
Q16144896	6000000001711726003
Q16144914	6000000016121301080
Q16144989	5641356846940125700
Q1614519	6000000020971674208
Q16145201	6000000032314732589
Q16145363	6000000016001796641
Q16145625	6000000024727531989
Q16145700	6000000112374864994
Q16145961	6000000010404154975
Q16146091	6000000010164546837
Q16146131	6000000001018967205
Q16146137	6000000026910221281
Q16146216	6000000094600713821
Q16146286	6000000003216093964
Q16146416	6000000002208742181
Q16146758	6000000003210308509
Q16146788	6000000053447492084
Q16146857	6000000003075671635
Q16146870	6000000049764384046
Q1614689	6000000028360318667
Q1614695	6000000023045207527
Q16147250	6000000017904507599
Q16147258	6000000007470476848
Q16147279	6000000042224066371
Q16147565	6000000017797557677
Q16147961	6000000068439377975
Q16148089	6000000010545161408
Q16148817	6000000065195377821
Q16148924	6000000049097339110
Q1614951	6000000039514886028
Q1614966	4260313
Q1615	6000000015876017258
Q16150043	6000000064304131943
Q16150122	6000000000167620243
Q1615033	6000000166771071828
Q16150356	6000000003940788406
Q16150518	5615775187420060000
Q1615052	6000000001902678409
Q16150537	6000000011770749460
Q16150568	6000000075405305849
Q16150637	6000000068787149851
Q16150746	6000000018030490788
Q16151025	6000000044807517862
Q16151066	6000000012436165068
Q1615120	6000000019320802766
Q16151251	6000000023514855790
Q16151451	6000000016830326471
Q1615196	6000000003701692643
Q16152012	6000000085694878013
Q16152055	6000000088705483315
Q16152062	6000000074792946949
Q16152306	6000000033784453967
Q1615241	6000000000660691287
Q16152505	6000000074839253076
Q16152750	6000000006444115279
Q1615276	6000000077425310502
Q1615286	6000000013619370633
Q1615304	6000000042683664577
Q16153180	6000000003615716525
Q16153211	6000000025155068840
Q16153254	6000000047304052960
Q16153406	6000000000815014072
Q161536	390367170400003450
Q16153693	6000000013461472578
Q16154082	6000000015947368560
Q16154173	6000000035633502114
Q16154310	6000000048903237874
Q1615440	6000000013083229892
Q16155835	6000000025616619900
Q16156252	6000000013271997205
Q1615631	6000000000394335107
Q16156312	6000000194399520858
Q16156426	6000000051532053996
Q16156545	6000000008231085571
Q16156608	6000000022655565647
Q16156854	6000000013394739440
Q16156972	6000000006444762158
Q16157024	6000000015771853701
Q16157034	6000000021626854065
Q161571	6000000184267024867
Q16157107	6000000018054831478
Q16157149	6000000022464218467
Q16157445	6000000010594055095
Q16157890	6000000081965291194
Q16157903	6000000028229523911
Q16157919	6000000136604632885
Q16158112	6000000002229160164
Q16158345	6000000192168338867
Q16158361	6000000192166728833
Q16158408	6000000011208548888
Q16158471	6000000029530660649
Q16158605	6000000071240984147
Q1615861	6000000025221798965
Q16158635	6000000006588305109
Q16158677	6000000177493026831
Q16158740	6000000002722996409
Q16158799	6000000010422309577
Q16158848	6000000024172714965
Q16158900	6000000003788261495
Q16158945	6000000038238813676
Q161590	6000000018953973078
Q16159019	6000000179031212825
Q16159073	6000000011679993316
Q16159243	6000000032367580778
Q16159331	6000000001991800071
Q16159439	6000000015405276956
Q16159469	6000000025590626821
Q16159483	6000000021244291053
Q16159538	6000000048950022828
Q16159640	6000000066269336939
Q16159673	6000000017513039975
Q16159712	6000000038111942268
Q16159740	6000000008273312988
Q16159835	6000000189027971855
Q16159874	6000000002722298465
Q16159881	6000000037133771032
Q16160085	6000000008106743455
Q16160099	6000000007495497629
Q16160136	6000000037484608641
Q16160201	6000000006951223160
Q1616021	6000000139460416192
Q16160246	6000000221247290880
Q16160330	6000000003158592101
Q16160461	6000000174893235684
Q16160563	6000000000555944780
Q16160579	6000000020528191596
Q16160593	6000000083099669406
Q16160629	6000000010580297752
Q16160630	6000000011450850621
Q16160671	6000000109927505059
Q16160759	6000000036626986169
Q1616078	6000000015073330908
Q16160903	6000000205766178822
Q16160937	6000000037885565297
Q16160967	6000000034413408309
Q16161076	6000000000104845851
Q16161116	6000000007830541258
Q16161158	6000000008490020157
Q16161175	6000000012118407164
Q16161191	6000000077748752839
Q16161206	6000000084118099876
Q16161217	6000000172681291874
Q16161242	6000000068528401836
Q1616131	6000000036363487757
Q16161375	6000000003493494495
Q16161488	6000000037255104473
Q16161589	6000000015805450865
Q16161718	6000000080741055398
Q16161730	6000000018117025889
Q16161905	6000000174569898790
Q16161907	6000000030325879063
Q16161917	6000000174571735866
Q16161944	6000000012819677325
Q16161971	6000000083035758224
Q16161980	6000000042057727920
Q16162001	6000000010963583085
Q1616202	6000000003492465104
Q16162137	6000000058516087010
Q16162138	6000000144686807923
Q16162185	6000000013481437525
Q16162214	6000000150855160135
Q16162273	6000000000568490336
Q16162290	6000000111815893910
Q16162313	6000000178877736011
Q16162593	6000000002774344984
Q16162603	6000000002787884952
Q16162618	6000000000839467419
Q16162743	6000000012630991053
Q16162908	6000000006994351026
Q16162976	6000000042635654942
Q1616306	6000000000587557307
Q16163083	6000000178574873851
Q16163104	6000000038677308941
Q16163134	6000000010325600733
Q16163140	6000000002854908757
Q16163199	4422956283520054929
Q16163375	6000000003599930326
Q16163482	6000000003854410538
Q16163517	6000000008119157320
Q16163535	6000000021163232030
Q16163578	6000000013583169981
Q16163735	6000000000060067547
Q16163751	6000000002897746285
Q16163763	6000000000703024632
Q1616378	6000000118052399856
Q16163789	6000000143192505822
Q16163871	6000000005570851167
Q16163962	4708082
Q1616413	6000000001483050467
Q16164283	6000000008260066484
Q16164310	6000000086906228488
Q16164438	6000000022895267836
Q16164606	6000000006590082895
Q16164621	6000000030364811697
Q16164705	6000000011050682504
Q16164766	6000000045957364943
Q16164914	6000000002831848888
Q16165023	6000000017799587503
Q16165034	6000000015887014283
Q16165043	6000000006589949189
Q16165213	6000000004878655700
Q16165350	6000000175625544825
Q1616538	6000000015467770795
Q16165411	6000000069195253833
Q16165517	6000000182696776831
Q16165518	6000000180409170881
Q16165522	6000000006127645662
Q16165579	6000000136585397824
Q16165580	6000000155521492923
Q16165593	6000000000646791344
Q16165629	6000000070289795436
Q16165638	6000000000231653317
Q16165739	6000000000487036379
Q16165826	6000000026972179647
Q16166024	6000000005954096759
Q16166057	6000000180410983822
Q16166122	6000000009725018170
Q16166175	6000000000411214747
Q16166186	6000000002115940280
Q16166189	6000000022352838020
Q16166192	6000000017925331170
Q16166247	6000000003219667942
Q16166279	6000000003399309316
Q16166396	6000000016674541728
Q16166401	4348267
Q16166424	6000000004134095146
Q16166439	6000000015520089592
Q16166523	6000000006602122122
Q16166589	6000000035625474821
Q16166621	6000000004143830565
Q16166722	6000000002897739522
Q16166792	6000000024517788776
Q16166794	4835084068900030655
Q16166837	353120705670012079
Q16166855	336017214960006089
Q16166937	6000000008860034673
Q16167016	6000000002027333268
Q16167053	6000000001407123031
Q16167187	6000000020195261989
Q16167290	6000000004135023777
Q16167356	6000000007363929779
Q16167359	6000000022566374020
Q16167438	6000000053481725223
Q16167530	6000000053281275940
Q1616763	6000000082673804817
Q16167725	6000000037213236095
Q16167757	6000000009432467903
Q16167771	6000000024816679871
Q16167784	6000000171885761834
Q16167935	6000000010724032834
Q16168005	6000000004158053483
Q16168060	6000000016263188491
Q16168155	6000000002496597867
Q16168228	6000000008861261746
Q16168320	6000000009605885822
Q16168338	6000000156410269050
Q16168478	6000000006579107268
Q16168523	6000000000033730738
Q16168583	6000000007264149952
Q16168592	4093173155560040658
Q16168652	6000000000127805300
Q16168683	6000000001790839304
Q16168757	6000000122710139847
Q16168956	6000000017779367826
Q16168998	6000000017633488641
Q16169012	6000000017669685918
Q16169133	6000000003518810616
Q16169161	6000000002376086404
Q16169208	6000000015068381040
Q16169283	6000000012530160488
Q16169299	6000000012528822193
Q16169303	6000000008696969096
Q16169317	6000000006815423736
Q16169444	6000000003809866091
Q16169530	6000000022693755338
Q16169734	6000000048703443947
Q16169814	6000000002188386806
Q16169890	6000000015802155337
Q16170098	6000000005013479447
Q16170155	6000000004253100005
Q16170251	6000000025586189209
Q16170257	6000000040418137841
Q1617037	6000000026066682934
Q16170389	6000000004137501757
Q1617040	6000000043426957063
Q1617043	6000000141065124821
Q16170445	6000000005962059432
Q16170475	6000000003779428036
Q16170827	6000000006987745504
Q16170892	6000000171078783956
Q16171061	6000000016034506388
Q1617108	6000000016414002413
Q16171190	6000000014496537767
Q16171253	6000000000399429756
Q16171280	6000000067028557941
Q16171328	6000000015351977032
Q16171350	6000000001504683535
Q16171453	5679518547820101443
Q16171668	6000000196829484872
Q16171792	6000000000657846522
Q16172079	6000000068326447821
Q16172127	6000000002648564841
Q16172202	4429447361480075306
Q16172348	6000000009934260831
Q16172547	6000000017433265253
Q1617305	4393826599760050213
Q16173053	6000000006624542356
Q16173152	6000000039074974240
Q16173434	6000000070631276821
Q1617371	6000000010323671631
Q16173723	6000000003147132729
Q16173809	6000000020449582413
Q16173819	6000000019771543477
Q161740	6000000003897531253
Q1617406	6000000053755974292
Q16174456	6000000156168612834
Q16174985	6000000072260706835
Q16175207	6000000011358188463
Q1617521	6000000003655447173
Q1617526	6000000085585578286
Q1617532	6000000031959568366
Q1617534	6000000031276814504
Q1617538	6000000005235067223
Q16175402	6000000015494577046
Q16175645	6000000005585261176
Q1617567	6000000021439282805
Q16175672	6000000007960069441
Q16175767	6000000002962642814
Q1617597	341653165950012786
Q1617605	6000000169391234070
Q16176071	6000000010363113237
Q16176080	6000000005100121179
Q16176311	6000000019578371601
Q16176470	6000000025123544143
Q16176482	6000000037898557776
Q16176589	6000000006579016757
Q16176597	6000000011483402281
Q16176747	6000000017758061483
Q16176769	6000000014381685300
Q16176799	6000000024753456123
Q16177015	6000000174582060905
Q16177231	6000000011438121230
Q16177263	5404528214960113676
Q16177657	6000000006928586377
Q16177690	6000000014972056039
Q1617771	6000000014452920688
Q16177778	6000000057214043836
Q16177830	6000000127176333892
Q1617808	6000000083601316061
Q16178310	6000000008780695701
Q1617832	6000000146789678960
Q16178465	6000000044103826489
Q16178494	6000000041411147994
Q16178788	6000000001762165145
Q16178942	6000000012705347416
Q16179268	6000000011308222910
Q16179516	6000000002974452381
Q16179618	6000000011176560852
Q1617962	6000000035836569103
Q16179645	6000000011324663749
Q16179682	6000000034865915936
Q16179921	6000000037406817870
Q1618	6000000015321918023
Q16180140	6000000002337700537
Q16180256	6000000001610572539
Q16180365	6000000009485356901
Q16180392	6000000011253924161
Q16180811	6000000005036605844
Q1618091	6000000057283254088
Q16181035	6000000000877374045
Q16181234	6000000017305043459
Q1618124	4135459103820075927
Q16181575	6000000000894845554
Q161817	6000000042531005300
Q16181797	6000000007319371850
Q16181811	6000000007319916382
Q1618184	6000000017199255024
Q161819	6000000012480050195
Q1618202	6000000072184712847
Q16182026	6000000002278454042
Q1618205	6000000049129729825
Q16182053	6000000000048054058
Q16182111	6000000059828127076
Q16182136	6000000032867178546
Q1618214	6000000017137336957
Q16182155	6000000021163231956
Q1618225	6000000023215696991
Q1618248	6000000167559676900
Q1618251	6000000180624650879
Q1618260	6000000107040466006
Q16182626	6000000024799665819
Q16183062	6000000141079693123
Q16183148	6000000002413526327
Q16183165	6000000002413578169
Q16183201	6000000177872191823
Q1618321	6000000137370418951
Q16183253	6000000008528270326
Q16183352	6000000018417564291
Q16183462	6000000030552492027
Q16183473	6000000086401280826
Q16183509	6000000047400064256
Q1618351	6000000024654039727
Q16183650	6000000011952074882
Q1618366	6000000180409160856
Q1618375	6000000016019066524
Q16183750	6000000008862034142
Q1618391	6000000016651381107
Q16184089	6000000016830116156
Q161841	6000000020583402943
Q161842	6000000002487028461
Q16184217	6000000002892903591
Q16184241	6000000009943943480
Q16184253	6000000014817307281
Q16184262	6000000008933200580
Q16184263	6000000082506565090
Q16184271	6000000014817782602
Q16184290	6000000008152554777
Q16184301	6000000003980077179
Q16184311	6000000003537965678
Q16184361	6000000010308251535
Q16184371	292413705680006862
Q1618475	6000000011370733830
Q16185070	6000000069501344977
Q16185209	6000000014137836714
Q16185594	6000000178545838915
Q16185668	6000000177799969868
Q16185721	6000000016642674818
Q161858	6000000007443755337
Q16185889	6000000014139118869
Q16185901	6000000021151657107
Q16185914	6000000021390642909
Q16185966	6000000003540574640
Q16185985	6000000051748703916
Q16186015	6000000092013965998
Q16186069	6000000044394502877
Q16186129	6000000021568801196
Q16186137	6000000018099089095
Q16186140	6000000036462474032
Q16186267	6000000050376068123
Q16186573	6000000038673088033
Q16186989	6000000163212697954
Q1618708	6000000064770601086
Q16187440	6000000001227377199
Q16187445	6000000003042604275
Q16187456	6000000012941208361
Q16187486	6000000174762255065
Q16187538	6000000100281761826
Q16187548	6000000026052027042
Q1618758	6000000010692672172
Q16187641	6000000029563891912
Q16187660	6000000006356839090
Q16187663	6000000003824564617
Q16187690	6000000028044342100
Q161877	6000000178448344838
Q16187714	6000000015204781777
Q16187783	6000000015140273884
Q1618794	6000000070387553956
Q16187949	6000000014862413315
Q16188058	6000000026830346182
Q16188062	5672165776720060217
Q16188157	6000000001397513701
Q16188175	6000000087911294832
Q16188311	6000000030982555909
Q16188548	6000000005611137048
Q1618856	6000000048387154913
Q1618862	6000000072705525853
Q1618863	6000000010310230066
Q16188992	380593718360003198
Q1618919	6000000082603148825
Q16189291	6000000046885801910
Q16189318	6000000041339273596
Q16189531	6000000046719211453
Q16189760	6000000005700833001
Q16189762	6000000014348133681
Q1618997	6000000016205778968
Q16190129	6000000030707412903
Q1619015	6000000012976526315
Q16190169	6000000003561229981
Q16190320	6000000077376592144
Q16190321	6000000028272711616
Q16190644	6000000081269055879
Q16190701	6000000028121651869
Q16190714	6000000001204482145
Q16191025	6000000043880560235
Q16191025	6000000112066267827
Q16191217	6000000013165676716
Q16191338	6000000003891182550
Q16191370	6000000015949542751
Q16191373	6000000012737458890
Q16191509	6000000021574486793
Q16191577	6000000047968763777
Q161916	6000000030510403855
Q1619220	6000000001900861147
Q16192221	6000000035026986077
Q16192508	6000000010877342597
Q16192730	6000000074763734822
Q16192895	6000000016973765579
Q16193095	6000000140796400867
Q16193124	6000000004558853046
Q161933	6000000064813777023
Q1619366	6000000034051879083
Q16194044	6000000020931267978
Q1619420	6000000114858081000
Q16194212	6000000040592892120
Q16194278	6000000060300687897
Q16194357	6000000048943916147
Q16194422	6000000082729444996
Q16194618	6000000207824367829
Q16194908	6000000055470840120
Q1619503	6000000002870377464
Q16195097	6000000038898514244
Q16195112	6000000042045813569
Q16195347	6000000086408556837
Q161955	6000000031550228679
Q16195548	6000000041687400062
Q16195684	6000000015975735336
Q1619587	6000000028144905861
Q16195871	6000000110632120973
Q16195966	6000000053440743899
Q1619607	6000000013545927518
Q16196203	6000000032726903267
Q1619671	6000000013741242484
Q16196710	6000000100763808251
Q161969	6000000124268431040
Q1619694	6000000052006421995
Q16197235	6000000183275648838
Q16197299	6000000015949517662
Q16197421	6000000042090830211
Q16197448	6000000017914549599
Q16197534	6000000006828960269
Q16197731	6000000004586536000
Q16197764	6000000020732320970
Q16197778	6000000036603934468
Q16197788	6000000020398298222
Q16197796	299241483040004362
Q16197832	378507597730005016
Q16197937	6000000006444452340
Q16197959	6000000106941830119
Q16198097	6000000003938734334
Q16198108	6000000053307993859
Q16198114	6000000026549072193
Q16198134	6000000011382603356
Q16198148	6000000156045799821
Q16198163	6000000031456230223
Q1619820	6000000145335421887
Q16198204	6000000046298174851
Q16198213	6000000020527783022
Q16198242	6000000007606311603
Q16198317	4566940603600026172
Q16198446	6000000031800664652
Q16198452	6000000181800097841
Q16198458	6000000002188536410
Q16198459	6000000053084679853
Q16198499	6000000003943200057
Q16198560	6000000000029998912
Q16198585	6000000063554344877
Q16198597	6000000079593026988
Q16198626	6000000037702533007
Q16198670	6000000017776038827
Q16198720	6000000178767656935
Q16198750	6000000134722413821
Q16198763	6000000000875366512
Q16198787	6000000010003667456
Q16198803	6000000028206278485
Q16198809	6000000038026857066
Q16198820	6000000015433207863
Q16198833	6000000010977546860
Q16198850	6000000066091381075
Q16198880	6000000145529209906
Q16198910	6000000027214813858
Q16198967	6000000075851672202
Q16198988	6000000177294599862
Q16199056	6000000015263915467
Q16199101	6000000156815104065
Q16199143	6000000014823115152
Q16199228	6000000003221194887
Q16199304	6000000051175521888
Q16199332	6000000200088547845
Q16199706	6000000018250778839
Q1620001	6000000004097614515
Q16200016	6000000014098100093
Q16200028	5062254769810089884
Q16200049	6000000043380260610
Q16200165	6000000022436276538
Q16200252	6000000001985355439
Q16200269	6000000025115785857
Q16200336	6000000015086403364
Q16200345	6000000006441268915
Q16200373	6000000086769784936
Q16200393	6000000026160341593
Q16200395	6000000012395994445
Q16200439	6000000157686302826
Q16200467	6000000018556630184
Q16200495	6000000006444050255
Q16200496	6000000016115216622
Q162005	6000000041078284254
Q16200514	6000000028145364319
Q16200722	6000000021580443575
Q16200748	6000000019367665518
Q16200751	6000000023496544340
Q16200771	6000000010725778298
Q16200843	6000000080751297915
Q16200854	6000000002822492661
Q16201001	6000000006265089034
Q1620107	6000000020386686779
Q16201161	6000000017104651471
Q1620119	6000000066458106861
Q16201254	6000000019336231358
Q16201299	6000000025557015643
Q1620131	6000000143784056906
Q16201390	6000000012622185327
Q16201392	6000000141710491828
Q16201484	4373124375770037522
Q16201865	6000000077108802785
Q16202069	6000000074698987312
Q16202129	6000000179236153850
Q16202469	6000000052080511915
Q16202473	6000000179807754822
Q16202530	6000000008873806429
Q16202598	6000000176805036885
Q1620261	6000000131375564834
Q16202984	6000000006788762957
Q16203028	6000000013385200453
Q16203056	6000000013373014635
Q1620312	6000000014984834443
Q16203166	6000000020530003160
Q16203178	6000000006430834192
Q16203246	6000000003217282794
Q16203270	6000000008428872656
Q1620337	6000000166650531992
Q16203371	6000000019664173563
Q1620338	6000000020733342631
Q1620342	6000000010611445179
Q1620347	6000000002361943595
Q16203498	6000000006442206119
Q16203547	6000000026107729067
Q16203583	6000000035363918629
Q1620363	6000000017460550202
Q16203667	6000000030088579896
Q16203954	6000000017602363867
Q16203978	6000000034494698888
Q16204031	6000000176436463829
Q16204035	1312632
Q16204167	6000000158315688834
Q16204172	6000000041273824127
Q16204233	6000000017719996338
Q162043	6000000017153108865
Q16204367	6000000011093183424
Q16204417	6000000026891595476
Q16204427	6000000026377586852
Q16204635	6000000000898637590
Q16204967	6000000080587159581
Q16204979	6000000017466797641
Q16204986	6000000023360857892
Q16205045	6000000024114711262
Q162051	5550617602070080994
Q16205175	6000000024875646515
Q16205351	6000000007193582215
Q16205359	6000000006100892109
Q16205465	6000000000117902042
Q1620547	6000000006444784083
Q16205527	6000000069558124941
Q16205546	6000000145149941834
Q16205558	6000000024569214234
Q16205564	6000000197315937836
Q16205589	6000000027128007977
Q16205594	6000000179106342821
Q16205672	6000000001322060343
Q16205680	6000000002766812516
Q16205713	6000000011335891607
Q16205788	6000000017413717990
Q1620584	6000000028201024342
Q16205998	6000000015736817205
Q16206037	6000000040287710780
Q16206237	6000000007730515928
Q16206266	6000000010423182376
Q16206289	6000000048902741045
Q16206318	306622930340004640
Q16206369	6000000076988496964
Q16206549	6000000147305857834
Q16206573	6000000006365016551
Q16206700	6000000017038636553
Q16206771	6000000028642684049
Q16206872	6000000003936824758
Q16206872	6000000041573289625
Q16206911	6000000118999149949
Q16206952	6000000069505743847
Q16207179	6000000025212113755
Q16207330	6000000004993494256
Q16207382	6000000047893829083
Q1620740	6000000151402162944
Q16207463	6000000000972133369
Q16207584	6000000056727133124
Q16207621	6000000029924005750
Q16207660	6000000006444493765
Q16207779	6000000069225847151
Q16207869	6000000024947770107
Q16207879	6000000174968462195
Q16207915	6000000085466780833
Q16208012	6000000080347726935
Q16208196	6000000167122055823
Q16208237	6000000128666816895
Q16208256	6000000178507366891
Q1620836	6000000019295584632
Q16208385	6000000049707868986
Q16208412	5289179959420050074
Q16208463	6000000014968962091
Q16208537	6000000076383113911
Q16208832	6000000090141504868
Q16208864	6000000003028834924
Q16208920	6000000020532959264
Q16209023	6000000001504347930
Q16209078	1806442
Q16209206	6000000008572293555
Q16209208	6000000000796830953
Q16209223	6000000002663162296
Q16209309	6000000004035143194
Q16209379	6000000008456516070
Q16209428	6000000077557714920
Q16209443	6000000023078800822
Q16209455	349752722750012664
Q16209458	6000000013096880282
Q16209459	6000000074716999916
Q16209528	6000000135747702217
Q16209581	6000000032584485541
Q16209597	6000000008607033422
Q16209703	6000000096272775833
Q16209772	6000000017529479829
Q16209841	6000000012286443518
Q16209940	6000000007964016670
Q16209981	6000000015580301884
Q16209994	6000000021597803051
Q16210155	6000000000953569168
Q16210238	6000000000618968654
Q1621025	6000000008671646482
Q16210335	6000000039785746568
Q16210342	6000000002115993491
Q16210441	1065141
Q16210464	6000000031574194011
Q16210481	6000000003940007208
Q162105	6000000104313866842
Q16210607	6000000006093864422
Q16210617	6000000013249760182
Q16210643	6000000003229910730
Q16210645	6000000061382918886
Q16210660	6000000010093859160
Q16210746	6000000016649403367
Q16210787	6000000174773819859
Q16210955	6000000000117692174
Q16210967	6000000001923237731
Q16211007	6000000035925558111
Q162112	381051629780011287
Q16211338	6000000013629851151
Q16211429	6000000071451057013
Q16211479	6000000037211711070
Q16211592	6000000051918519058
Q16211595	6000000007422414312
Q16211658	6000000001287595269
Q16211659	6000000020316960213
Q16211680	6000000015644375550
Q16211708	6000000105749936911
Q16211841	6000000046303139912
Q16212852	6000000000682027007
Q16212860	6000000009335279731
Q16212906	6000000006907083854
Q16213190	6000000064214787823
Q1621327	6000000032037706770
Q1621370	6000000215920361826
Q16213721	6000000002479153377
Q16213839	6000000035507361428
Q16213883	6000000174904179181
Q16213955	6000000009976286457
Q16213987	6000000038265402687
Q16214092	3212163
Q16214211	6000000166904382960
Q16214294	6000000021577690675
Q16214841	6000000163458193869
Q16214890	6000000042046284946
Q16215191	6000000055868222849
Q16215269	6000000000303458598
Q1621558	6000000025888800214
Q16215643	6000000067134905919
Q1621568	6000000007188662210
Q16215871	6000000028517105140
Q1621598	6000000018670581217
Q162160	6000000008672744279
Q16216341	6000000004321781426
Q1621641	6000000014797214832
Q16216462	6000000023486175390
Q16216539	6000000036835849816
Q16216923	6000000179023438828
Q16217145	6000000020880117605
Q162172	6000000050556364352
Q1621729	6000000080985358346
Q16217433	6000000030533026123
Q16217434	6000000075774123822
Q16217461	6000000060625872987
Q162177	6000000003193671502
Q16218066	6000000095498304832
Q16218079	6000000038525036395
Q16218101	6000000023723779036
Q16218474	6000000042335772804
Q1621912	6000000019272107308
Q16219156	6000000021593600958
Q16219203	6000000068846501932
Q16219233	6000000013217842308
Q16219244	6000000031466031004
Q16219276	6000000041019535183
Q16219301	6000000024824265604
Q16219326	6000000029223912181
Q16219348	6000000025676769269
Q16219367	6000000004873038286
Q16219386	6000000041538998267
Q1622009	6000000029762194648
Q162202	6000000015772116056
Q1622068	6000000005599052084
Q1622077	6000000001532426324
Q1622098	6000000178222413846
Q1622100	6000000144812698958
Q16221014	6000000175538506838
Q16221257	6000000042185595451
Q16221448	6000000053431151266
Q16221616	6000000012939600924
Q16221642	6000000000784539210
Q16221742	6000000052692498852
Q16222460	6000000036633368981
Q16222561	6000000179034983822
Q16222604	6000000007472192473
Q16222626	6000000019788073199
Q1622265	6000000002997571057
Q16222652	6000000028715550024
Q16222950	6000000076793557817
Q16223242	6000000008249850467
Q16223273	6000000179885360837
Q16223299	6000000026148949006
Q1622330	6000000015127879968
Q1622354	6000000000846186959
Q16223691	6000000042155325201
Q16223865	6000000008008050319
Q16223950	6000000002765747886
Q16224015	4726045341470126709
Q16224336	6000000001713298547
Q16224512	6000000043019070037
Q1622461	6000000080223259857
Q1622474	6000000015083300401
Q16225809	6000000047126564034
Q16225853	6000000011156907597
Q16225860	6000000013345681921
Q16226725	6000000141246242830
Q16226868	6000000094505591835
Q162269	6000000002143439128
Q16227333	6000000162674957948
Q16227387	6000000006907116396
Q16227563	6000000053805863987
Q16227642	6000000025298806019
Q16227743	6000000036838416851
Q16227776	6000000010353823262
Q16228022	6000000069715511198
Q16228024	6000000021514851814
Q16228157	6000000044923707844
Q16228391	6000000000307276361
Q16228393	6000000006603703204
Q16228526	6000000079869394250
Q16228553	6000000051920456861
Q16228805	6000000178153317832
Q16228807	6000000069911034821
Q16228875	6000000056346226821
Q16229368	371878434870012418
Q16229473	6000000043427749993
Q162296	6000000001877475032
Q162296	6000000039678272851
Q162296	6000000184911818821
Q162302	6000000002750948221
Q16230283	6000000009065455485
Q16230285	6000000037455166878
Q16230291	356769491270001214
Q16230322	6000000089971330957
Q16230330	6000000002188483044
Q16230338	6000000003734728946
Q16230349	6000000009937378257
Q16230352	6000000008231689376
Q16230362	6000000015114282182
Q16230364	6000000004969795357
Q16230370	6000000027502946729
Q16230382	6000000002188496885
Q16230400	6000000034812338776
Q16230434	6000000011709560296
Q16230439	6000000007372466238
Q16230454	6000000004547934216
Q16230466	6000000003940047703
Q16230472	1061005
Q16230474	6000000056685707855
Q16230476	6000000001484787522
Q16230483	6000000030184662896
Q16230489	6000000008851152190
Q16230496	6000000008659577783
Q16230500	6000000012439196734
Q16230506	6000000093646292860
Q16230509	6000000010495769691
Q16230518	6000000009774917594
Q16230539	6000000001385509449
Q162306	6000000024788445427
Q16230629	6000000006444211739
Q16230725	6000000040715620155
Q1623082	6000000176031571840
Q16231387	6000000026590611422
Q16231614	6000000026239846366
Q16231616	6000000026161294409
Q16232589	6000000004848744528
Q16232791	6000000049511132987
Q16232955	6000000036346235245
Q16233049	6000000008116239213
Q16233063	6000000079238360050
Q16233795	6000000041303572110
Q16233919	6000000033498923371
Q16233972	6000000183843457900
Q16234017	6000000075724748893
Q16234318	6000000011829037832
Q16234668	6000000037113576128
Q16234676	6000000060273330370
Q16235010	6000000183984434832
Q16235151	6000000032496308052
Q16235747	6000000150843235968
Q162360	6000000070998924243
Q1623622	6000000173707731212
Q162363	6000000024049639617
Q16236368	6000000143819603842
Q16236658	6000000053599998917
Q1623709	6000000013157838614
Q16237704	6000000091690389553
Q162389	6000000006787758785
Q16238975	6000000017853789589
Q1623898	6000000090484459160
Q16238990	6000000004868052697
Q16239044	6000000012403283607
Q16239047	6000000020177802802
Q16239056	6000000002442793317
Q16239253	6000000010172054072
Q16239281	6000000017237925993
Q16239372	6000000000959352556
Q16239393	6000000080118111337
Q16239402	6000000015211103267
Q16239404	6000000034537991880
Q16239448	6000000032309311479
Q16239452	6000000013400118688
Q16239459	6000000021701978291
Q16239486	6000000020959360846
Q16239527	6000000000351289468
Q16239532	6000000006720250449
Q16239546	6000000000757564553
Q16239571	6000000003458288855
Q16239638	6000000136334620837
Q16239683	6000000006727957046
Q16239685	6000000025042070931
Q16239703	6000000014854748065
Q16239745	6000000013998957506
Q16239749	6000000003770004055
Q16239785	6000000015090036082
Q16239808	6000000014981489124
Q16239863	2284308
Q16239905	6000000001877498069
Q16239985	6000000001018881263
Q16239995	6000000027325613319
Q16240009	6000000020009843035
Q16240039	6000000019359646161
Q16240070	6000000075430935914
Q16240092	6000000074734336877
Q16240152	6000000076986916832
Q16240216	6000000012524051668
Q16240222	6000000024747353447
Q16240234	6000000082777209976
Q16240242	6000000021722332362
Q16240258	6000000009878151870
Q16240309	6000000006444768038
Q16240310	6000000003771247747
Q16240391	6000000011828925583
Q16240546	6000000007980970788
Q16240598	6000000005056332649
Q16240603	6000000052438432821
Q1624068	6000000002963912175
Q16240887	6000000176241135957
Q16240988	374160215660012044
Q16240994	6000000039382118357
Q16241194	6000000008924975020
Q16241231	6000000193721256873
Q16241264	4146820290550069127
Q1624239	6000000023070254982
Q16242862	6000000001831033100
Q16243704	4240378223810035199
Q16243796	6000000059647893833
Q1624382	6000000170130274835
Q16244131	6000000015591750493
Q1624473	4880315912470047216
Q16245117	6000000009533825469
Q1624551	6000000094193418986
Q1624647	6000000043112943398
Q1624839	6000000018962872574
Q162492	6000000019059148348
Q162497	6000000015757670152
Q1624981	6000000016321176284
Q16249869	6000000010601867545
Q1625	6000000001674823040
Q1625016	6000000066664406953
Q16250326	6000000004287083548
Q1625052	6000000031336712348
Q1625275	6000000030863044955
Q16253055	6000000014454446007
Q1625315	6000000007255956897
Q162543	6000000008603456920
Q1625525	6000000080151647519
Q16257150	6000000092338766828
Q16257287	6000000007604438460
Q16257468	6000000009825686452
Q16257811	5038842879190027285
Q16258158	6000000002524158074
Q16258162	6000000003243285002
Q16258340	6000000014385996873
Q16258557	6000000003759119649
Q16258569	6000000003477179583
Q162590	6000000022899544099
Q1625923	6000000012365330845
Q16259294	6000000002805808194
Q16259835	6000000074687881193
Q16259838	6000000075491011924
Q16259840	6000000074726038269
Q16259842	6000000074692416936
Q16259868	6000000075424801256
Q16259892	6000000074790751842
Q16259902	6000000074692510949
Q16259903	6000000074699487857
Q16259904	6000000134237098939
Q16259916	6000000074691055287
Q16259938	6000000074726151895
Q16259943	6000000015751410871
Q16259974	6000000074691203113
Q16259988	6000000075505433832
Q16259989	6000000074729853114
Q16259996	6000000075502157848
Q16259998	6000000132357723887
Q16260006	6000000074783378861
Q16260012	6000000075425701966
Q16260013	6000000021828768369
Q16260016	6000000075507729825
Q16260035	6000000074688035826
Q1626006	6000000016290713031
Q16260068	6000000074790304400
Q16260083	6000000075483620961
Q16260089	6000000074787434895
Q1626009	6000000001690091784
Q16260096	6000000074701333298
Q16260114	6000000071263461942
Q16260115	6000000031975712065
Q1626012	6000000026176152019
Q16260146	6000000075611312837
Q16260159	6000000074731325878
Q16260160	6000000074705259836
Q16260165	6000000047094177421
Q16260166	6000000045467792951
Q16260168	6000000074792101873
Q16260169	6000000074790880591
Q16260178	6000000075428251343
Q16260185	6000000049897216841
Q16260213	6000000074745405963
Q16260214	6000000074749319966
Q16260246	6000000024999103206
Q1626025	6000000176423088828
Q16260261	6000000074791839937
Q16260265	6000000088928803050
Q16260274	6000000011627515537
Q16260282	6000000037591925937
Q1626029	6000000147719618825
Q16260292	6000000039744700900
Q1626032	6000000034563117978
Q16260339	6000000011632987122
Q1626035	6000000077943939826
Q16260365	6000000074734111842
Q16260374	6000000075430256934
Q16260375	6000000075430519821
Q16260383	6000000011626525115
Q16260392	6000000075421097908
Q16260410	6000000074792234831
Q16260411	6000000075430163838
Q16260421	6000000075577515168
Q16260428	6000000075501392878
Q16260451	6000000075060617034
Q16260466	6000000074705030186
Q16260485	6000000074725889949
Q16260495	6000000075426469892
Q16260517	6000000074791757010
Q16260525	6000000075499223935
Q16260544	6000000054980508826
Q16260544	6000000075503113297
Q16260561	6000000075610672835
Q16260562	6000000074735193129
Q16260565	6000000075481576100
Q16260566	6000000075431200821
Q16260573	6000000074727297225
Q16260601	6000000043383358851
Q16260602	6000000074748949050
Q16260607	6000000020182228810
Q16260608	6000000074705179955
Q16260613	6000000074733014020
Q16260619	6000000074745550884
Q16260622	6000000132359431821
Q16260638	6000000074712922868
Q16260641	6000000075324753318
Q16260653	6000000074726301858
Q16260656	6000000074697834439
Q16260657	6000000074769784633
Q16260669	6000000075481556023
Q16260672	6000000074791524171
Q16260673	6000000075481938842
Q16260675	6000000074698312934
Q16260681	6000000074691796860
Q16260682	6000000050750219821
Q16260684	6000000075613245994
Q16260697	6000000075414710822
Q16260698	6000000012675607792
Q16260699	6000000074727153023
Q16260737	6000000054972906844
Q16260743	6000000075428677000
Q16260768	6000000012653694312
Q16260786	6000000075429908825
Q16260790	6000000075481960823
Q16260792	6000000074791412293
Q16260796	6000000074787293913
Q16260800	6000000074792547977
Q16260843	6000000075429437978
Q16260909	6000000074726394898
Q16260921	6000000075481022499
Q16260943	6000000074687054055
Q16261850	6000000173916789910
Q1626202	6000000009365876403
Q162621	6000000002715861893
Q162624	6000000038980862936
Q16262732	6000000157517807838
Q16262782	6000000218045050845
Q16262871	6000000002173991186
Q162629	6000000008321962404
Q16262941	6000000063300142912
Q162651	6000000015969800318
Q1626587	5529629469110088011
Q1626617	6000000096052608870
Q16266578	6000000014185288413
Q16266601	6000000013332092446
Q16266631	6000000010337199241
Q162667	6000000036902267669
Q16266765	6000000022162748129
Q16266839	6000000000021933375
Q16266888	6000000021478235645
Q16267081	6000000024610280848
Q1626713	6000000013196148439
Q1626736	6000000087152541923
Q16267516	6000000020437317350
Q16267526	6000000185285888822
Q16268148	6000000159900363946
Q16268151	6000000151013398834
Q16268174	6000000178578782822
Q16268187	6000000156814082053
Q162682	6000000021452284857
Q16268206	6000000137586720939
Q16268220	6000000178298602822
Q16268301	6000000035137073748
Q16268343	6000000163496113860
Q16268417	6000000163495096824
Q16268420	6000000116699525849
Q16268422	6000000016268977685
Q16268424	6000000026547068129
Q16268427	6000000009431228101
Q16268437	6000000037754831549
Q16268441	6000000145757909006
Q16268457	6000000152195385891
Q16268472	6000000052325555895
Q16268513	6000000145347656965
Q16268537	6000000166445501023
Q16268571	4182119568440064136
Q16268615	6000000005916489414
Q16268621	6000000163561820031
Q16268643	6000000081800715614
Q16268645	6000000001919749153
Q16268648	6000000182717962825
Q16268697	6000000177620221864
Q16268737	6000000142901747834
Q16268759	6000000069450225279
Q162688	6000000103703239658
Q16268833	6000000151947839841
Q16268841	6000000136973187975
Q16268844	6000000140229320099
Q16268873	6000000156868163876
Q16268884	6000000166909761822
Q162689	6000000017286412101
Q16269066	6000000133940388826
Q16269077	6000000002065909222
Q16269109	6000000079214119936
Q16269354	6000000067125546974
Q1626986	6000000044441174841
Q1626989	6000000151119085906
Q162701	6000000074746111141
Q1627021	6000000012723590288
Q1627025	6000000006855513522
Q1627043	6000000001483031762
Q162708	6000000055865581117
Q16271386	6000000024859733674
Q1627208	6000000008548559011
Q16272684	6000000007673263526
Q16273016	6000000154573911823
Q1627383	6000000008114235213
Q1627405	6000000048195692133
Q1627406	6000000008114015758
Q162743	6000000078019601871
Q16274760	5555164145940136719
Q1627492	6000000000506594378
Q162753	6000000008491275535
Q1627666	6000000010122710497
Q1627671	6000000015136886300
Q1627710	6000000025143311393
Q1627715	6000000016575254941
Q1627859	6000000055210676917
Q1627862	6000000089424457845
Q1627868	6000000013175774083
Q1627872	6000000013185432029
Q1627880	6000000025635561555
Q1627897	6000000060023013841
Q1627901	6000000053745922833
Q1627911	6000000027635734735
Q1627913	5458746737760043023
Q162793	6000000012281302308
Q162798	6000000021001022504
Q1627984	6000000181920882848
Q1627985	6000000016124518266
Q1627999	6000000113501825304
Q1628	6000000001488106761
Q1628149	6000000010601454496
Q162819	4475169
Q162820	6000000017643529393
Q1628354	6000000005766346096
Q1628486	6000000018026808419
Q16285	6000000013940814560
Q1628525	6000000054880143085
Q1628646	6000000003579643325
Q1628658	6000000029836086621
Q1628686	6000000020270057392
Q1628725	6000000145371635842
Q1628842	6000000024286582545
Q162900	6000000029860012315
Q1629200	337521870350003164
Q16292634	6000000156644133873
Q16292848	6000000151267004823
Q1629359	4461060834970067739
Q1629415	381807
Q16294180	6000000033913881554
Q1629501	6000000008912014718
Q16295190	6000000001711361694
Q16295436	6000000078833610912
Q16295439	6000000076770953518
Q162959	6000000046146527011
Q16296	6000000010273468822
Q16297	6000000004357298703
Q1629733	6000000064880054828
Q16297362	6000000019509277178
Q16297721	6000000084818378492
Q16297876	6000000181013365823
Q16297946	6000000175197890007
Q16298140	6000000001851769121
Q16298157	6000000015465909515
Q16298237	6000000068332659164
Q16298335	6000000051855438909
Q16298364	6000000001884291560
Q16298380	6000000015170340291
Q16298534	6000000182709263863
Q16298565	6000000019594701310
Q16298624	6000000038999310586
Q1629877	6000000007512665420
Q16298893	6000000068972849909
Q16298988	6000000179394102835
Q16299127	6000000097308172590
Q16299151	6000000030651646889
Q16299167	6000000077449731380
Q16299208	6000000122538131857
Q16299224	6000000172096720162
Q16299230	6000000007336888859
Q16299271	6000000000295855329
Q16299308	6000000142021522833
Q16299512	6000000081918783252
Q16299560	6000000031135005954
Q16299702	6000000084753254150
Q16299863	6000000174403560918
Q16299875	6000000081500235771
Q16300041	6000000104143719993
Q16300076	6000000002648251431
Q16300115	6000000179383157885
Q16300117	6000000198281478832
Q16300884	6000000017699481918
Q163010	4117790
Q163011	6000000036231146919
Q1630117	6000000064810747849
Q16301283	6000000013443470013
Q163016	6000000083504415875
Q16301709	6000000163357616856
Q163019	6000000140213583978
Q16302576	6000000000802590008
Q16303176	6000000002493096672
Q1630327	6000000167431067822
Q1630331	6000000000284185289
Q16303350	6000000001712757381
Q16303366	6000000010192490557
Q1630352	6000000026549201839
Q16303911	6000000181342510861
Q163042	6000000027649447133
Q163043	6000000000843801203
Q16305354	288786662300004722
Q16305481	6000000057005826889
Q163057	6000000020224181891
Q1630570	6000000076993571885
Q1630583	6000000009583359943
Q163061	6000000057278993827
Q163080	6000000002881766122
Q16308149	6000000017594429128
Q1631	6000000010819801734
Q1631034	6000000016301722673
Q1631037	6000000011060716430
Q16310890	6000000004533725989
Q163118	6000000002374590374
Q163129	6000000016399149671
Q16313199	6000000003254826022
Q1631323	6000000016679764383
Q163134	6000000178603389832
Q16313415	6000000015691202352
Q1631400	6000000037715251345
Q16314140	6000000003716044066
Q1631452	6000000041180189862
Q1631516	6000000017445246872
Q1631627	6000000075908344118
Q163167	6000000011155885703
Q1631684	6000000172842789861
Q163171	6000000003076410002
Q1631715	6000000015320219818
Q1631728	6000000080412334020
Q1631753	6000000077302321056
Q1631754	6000000037857710738
Q163176	310710613690008205
Q1631764	6000000012844399303
Q1631771	6000000000250594730
Q1631780	310253072300008185
Q1631794	6000000017217378694
Q1631824	6000000015138694723
Q1631826	6000000015140701431
Q16318334	6000000182933097855
Q16318337	6000000025999269753
Q16318368	6000000022390709449
Q16318428	6000000164027684866
Q16318756	6000000023483591929
Q16318956	6000000018604814825
Q16319	6000000010895348309
Q16319012	6000000020339365095
Q16319052	6000000013170656813
Q1631928	6000000028336002142
Q1631939	6000000141823658087
Q16319397	6000000073533306876
Q1631941	6000000030145975223
Q16319413	6000000035130183141
Q16319435	6000000017193310750
Q16319436	6000000181770996821
Q16319573	6000000002802407168
Q16319593	6000000070492391943
Q16319599	6000000061518039956
Q16319602	6000000116546666828
Q16319641	6000000032624644063
Q16319643	6000000041138703132
Q1631977	6000000023513473836
Q16320150	6000000008968261929
Q16320162	6000000018030746105
Q16320490	6000000005852969001
Q16320570	6000000095929053823
Q16320571	6000000098405757904
Q16320572	6000000132410150532
Q16320592	6000000032842441802
Q16320736	6000000177360321829
Q16320737	6000000024750013324
Q16320783	6000000010894932311
Q16320998	6000000024480002622
Q16320998	6000000026381181525
Q16321095	6000000081433696435
Q163211	6000000016972529065
Q16321333	6000000169640819494
Q16321334	6000000021198507203
Q16321506	6000000074710220899
Q16321509	6000000074789797087
Q16321538	6000000074771433973
Q16322463	6000000069241251952
Q16322464	6000000024172608964
Q16322530	2932614
Q1632282	6000000014551300149
Q16323025	6000000003507952764
Q16323031	6000000015404931959
Q16323040	6000000015777799379
Q16323050	6000000044074353566
Q16323055	6000000158144405824
Q16323101	6000000009736522788
Q16323494	6000000007279119115
Q163235	6000000176679600841
Q16323592	6000000009988982287
Q16323881	6000000174242459822
Q16324015	6000000008658322074
Q16324036	6000000018725520837
Q16324045	6000000008448424475
Q16324049	6000000007006235266
Q16324348	6000000036622280104
Q1632482	6000000004139635278
Q163249	6000000016988463151
Q1632506	6000000014095684060
Q1632530	6000000000795217038
Q1632540	6000000008659690326
Q16326145	6000000017975115971
Q16326168	6000000000193142645
Q163263	6000000009467030652
Q16327372	6000000011436073563
Q1632769	6000000018438078207
Q163286	6000000008327538534
Q163292	6000000065079097873
Q1632943	6000000110565565856
Q1632950	6000000001085104166
Q1633053	6000000043404786094
Q1633061	6000000048519047821
Q163309	6000000004096259230
Q1633139	6000000017587733462
Q1633153	6000000064767158847
Q1633204	6000000030407312277
Q1633255	6000000080577321091
Q16332665	6000000182207491835
Q1633343	6000000022347284122
Q1633351	6000000018215805782
Q163338	6000000015043577917
Q16333816	6000000034964050985
Q16333904	6000000007415412730
Q16333922	6000000026780203944
Q16333923	6000000172374724985
Q16334090	6000000002397387216
Q1633411	6000000187047141852
Q16334124	6000000201356423854
Q16334588	6000000012618437322
Q16334623	6000000172863596890
Q1633463	6000000013477940061
Q16334682	6000000028709093555
Q16334687	6000000123228844864
Q16334797	6000000061212491934
Q16334810	6000000004127345692
Q16334837	6000000180035030822
Q16334868	6000000083618889163
Q16334880	6000000007966656499
Q16334881	6000000172335733326
Q16334965	6000000030719879693
Q1633503	6000000042060334717
Q16335115	6000000074819103972
Q1633520	6000000054266517874
Q16335392	6000000173826143637
Q16335429	6000000033220364760
Q1633555	6000000217292634840
Q16335664	6000000014434876612
Q16335693	6000000077648250891
Q16335760	6000000079277737540
Q1633597	6000000056275867027
Q16336217	6000000013940467292
Q16336227	6000000040703753845
Q16336665	6000000018462489642
Q16336669	6000000020023319454
Q16336676	6000000000192453855
Q16336730	6000000085785216934
Q16336785	6000000078784092890
Q16336816	6000000025931649478
Q16336874	6000000015262749240
Q16336887	6000000027552267753
Q16336888	6000000000797877574
Q16336915	6000000013734870909
Q16336945	6000000085779913890
Q16336946	6000000001152989441
Q16336987	6000000000219771873
Q16337021	6000000105957421117
Q16337074	6000000040703721926
Q16337111	6000000080208288922
Q16337209	6000000050773378825
Q16337258	6000000180168863864
Q16337536	6000000076371594489
Q16337543	6000000078766059895
Q16337710	6000000000963053069
Q16337807	6000000068339762821
Q16337864	6000000039998598245
Q16338140	6000000006263975467
Q16338147	6000000020051678206
Q16338288	6000000009117591999
Q16338290	6000000001721028001
Q16338326	6000000001453488993
Q16338422	6000000007785116260
Q16338632	6000000069863093528
Q16338666	6000000083979577886
Q16338871	6000000023743339884
Q16338932	6000000025081917263
Q16339972	6000000026751096204
Q16340657	6000000002662303368
Q1634079	6000000005788425028
Q16340933	6000000011439505961
Q163415	6000000013029995056
Q1634164	6000000025926191185
Q1634183	6000000026199868998
Q16341967	6000000001234941608
Q1634213	6000000096031563092
Q16342175	6000000172517052949
Q16342223	6000000003548774116
Q1634227	6000000084040559643
Q1634238	6000000184300819845
Q1634245	3972465557490031038
Q1634263	6000000013788675283
Q1634304	6000000036488058868
Q1634339	6000000039482952117
Q1634343	6000000003288372873
Q1634375	6000000025818901515
Q1634383	6000000035451361821
Q1634420	6000000010182362955
Q1634433	6000000011601874246
Q1634437	6000000001404076166
Q1634454	6000000016518385146
Q1634482	6000000036018560707
Q16345	6000000010608632240
Q1634507	6000000006891361810
Q1634511	6000000161508930845
Q1634544	6000000180523212821
Q1634567	6000000042042691233
Q1634568	6000000016487596452
Q1634692	6000000041251551664
Q1634693	6000000077653619998
Q1634713	6000000064336759133
Q1634772	4553702819520128681
Q1634779	6000000034651496151
Q1634793	6000000109185460826
Q16348006	6000000007992869298
Q1634892	6000000018205035883
Q16348958	6000000217982674894
Q16349	6000000010590984870
Q1634905	6000000090476059169
Q1634907	6000000002277268385
Q1634925	6000000013610836755
Q1634932	6000000077865907998
Q1634963	6000000061371521845
Q1634992	6000000089811447839
Q1635006	6000000109648691834
Q1635015	6000000183159448851
Q1635020	6000000001766823034
Q1635029	6000000070170630132
Q16350553	6000000024739092213
Q16350660	6000000006970624132
Q16350675	6000000030142796386
Q16350680	6000000024739085864
Q1635072	6000000011495938529
Q163508	6000000004122487229
Q1635080	6000000129052567900
Q16350851	6000000049847573828
Q16350883	6000000007341961370
Q16350900	6000000044552335994
Q16350918	6000000055085864834
Q16350918	6000000188751477821
Q16350934	6000000018346444325
Q16350963	6000000025590724230
Q16350996	6000000011367987205
Q1635104	6000000051021873821
Q1635114	6000000023953300954
Q16351176	6000000024734416364
Q1635127	3277239
Q1635132	6000000035134309614
Q16351322	6000000007581180877
Q16351327	6000000010200277422
Q16351336	6000000008669382623
Q1635147	6000000069443934854
Q1635151	6000000021702767807
Q16351560	6000000068562568874
Q16351561	6000000035108810347
Q1635159	6000000023056983007
Q1635165	6000000100353788694
Q16351686	6000000024900120782
Q16351686	6000000182726870900
Q16351744	6000000021590130275
Q1635178	6000000032288789652
Q16352041	6000000009437276414
Q16352097	6000000026380944545
Q16352484	6000000024738711832
Q1635271	6000000050080709821
Q16352836	6000000024739146855
Q16352864	6000000040411643928
Q1635300	6000000121179125896
Q1635323	6000000020987749199
Q16353287	6000000007168001692
Q1635341	6000000052957431014
Q1635351	6000000072420621920
Q16353639	6000000047843197824
Q16353659	6000000010356008766
Q16353661	6000000199049150888
Q16353759	6000000003350419664
Q1635433	6000000015905271840
Q16354452	6000000039765425270
Q16354565	6000000014085984666
Q1635461	6000000031747648830
Q1635466	6000000000720004639
Q1635481	6000000020370254740
Q16354830	6000000014086669891
Q16354832	6000000014684720695
Q16354834	6000000014684882983
Q16354835	6000000001977700576
Q16354844	6000000009638239152
Q16354853	6000000008667031455
Q16354867	6000000016226945728
Q16354870	6000000016226947614
Q163551	376303206500005821
Q16355122	6000000197286254829
Q16355455	6000000063116278974
Q1635556	6000000015272401161
Q1635563	6000000010828151153
Q16355686	6000000078448154861
Q16355708	6000000020975379812
Q1635578	6000000066647613896
Q16355864	6000000012651274954
Q16355902	6000000085763089920
Q16355919	6000000019893748054
Q16355923	6000000023953258599
Q16355931	6000000024997369993
Q16355953	6000000013238738080
Q16355956	6000000010465942672
Q16355968	6000000220468760840
Q16355975	6000000217298872829
Q16355991	6000000010200209718
Q16356070	6000000052300084822
Q16356080	6000000018165129215
Q16356097	6000000197998208823
Q16356127	6000000009956095001
Q16356267	6000000173274309991
Q16356282	6000000037126740616
Q16356299	6000000007751885706
Q16356309	6000000026121056869
Q1635633	6000000180677854830
Q1635636	6000000022638629211
Q16356460	6000000023738792601
Q16356553	6000000026040079199
Q1635660	6000000029721512916
Q1635661	6000000006985356796
Q16356713	6000000025691474152
Q16356943	6000000017604829453
Q16357074	6000000057823586821
Q16357138	6000000124843457835
Q16357153	6000000035046336725
Q16357179	6000000213182846824
Q16357183	6000000018105665653
Q16357183	6000000035152988856
Q16357187	6000000181767702859
Q1635728	6000000016213159168
Q1635730	6000000002447007844
Q1635735	6000000176304401830
Q16357367	6000000013685774805
Q16357388	6000000008859875433
Q16357504	6000000010808884811
Q16357570	6000000044460340151
Q16357582	6000000025607363035
Q16357635	6000000021589619053
Q16357870	6000000002206823482
Q1635789	6000000175452037496
Q16358086	6000000045940864881
Q16358091	6000000014704305975
Q16358331	6000000039447320949
Q1635851	6000000003330309547
Q16358547	6000000028263126533
Q1635855	6000000078624182848
Q16358550	6000000054699346939
Q16358568	6000000028615260558
Q16358571	6000000025308876949
Q16358584	6000000078758569926
Q16358587	6000000026506481817
Q16358589	6000000019893542675
Q16358677	6000000026233795741
Q16358736	6000000031046223054
Q16358751	6000000018097710967
Q16358794	6000000007658807037
Q16358876	6000000019038556635
Q1635895	6000000008426212220
Q16358967	6000000087191052037
Q1635909	6000000018788607062
Q1635911	6000000013068825572
Q16359231	6000000104132272165
Q16359255	6000000085492271046
Q16359267	6000000173043407028
Q16359271	6000000006888988318
Q163593	6000000016829819199
Q1635941	6000000118832228834
Q1635942	6000000128484423900
Q1635948	6000000092855072937
Q1635951	6000000031974932426
Q1635954	6000000030894728533
Q1635964	6000000067390768914
Q16359657	6000000025890652184
Q1635980	6000000023680543281
Q1635988	6000000073199659357
Q1635994	6000000004096150136
Q1636011	6000000061728049866
Q1636017	6000000070992291240
Q1636023	6000000037151180525
Q16360303	6000000026931786906
Q1636031	6000000145277737887
Q1636035	6000000041318023694
Q16360707	6000000170032686864
Q16360766	6000000052590660151
Q16360769	6000000031587359226
Q16360771	6000000024899886396
Q16360783	6000000076835717171
Q16360786	6000000013676822658
Q16360815	6000000006802570103
Q16360827	6000000006203658005
Q16360865	6000000024628488354
Q1636089	6000000015579415014
Q163612	6000000002173280976
Q1636161	6000000047589662845
Q16362366	6000000024735099173
Q16362742	6000000022806322320
Q1636275	6000000026761958954
Q16362759	6000000029136658420
Q16363126	6000000020214712888
Q16363201	6000000052589682711
Q16363205	6000000024307211042
Q16363221	6000000178996278835
Q16363241	6000000026781198801
Q16363263	6000000177540234886
Q16363282	6000000026179405162
Q16363289	6000000178255597869
Q16363313	6000000051897151948
Q16363323	6000000050499220143
Q16363325	6000000040958734654
Q16363336	6000000180721046923
Q16363404	6000000164911148086
Q16363423	6000000137838208823
Q16363679	6000000014273285774
Q16363772	6000000002115156564
Q16363864	6000000014704567079
Q16365245	6000000017903658607
Q1636593	6000000123493187005
Q163662	6000000029582260711
Q163666	6000000184225030839
Q1636744	6000000008231215829
Q1636757	6000000028562076184
Q16367595	6000000017356772519
Q1636973	6000000025348935006
Q16369848	6000000060747401823
Q16370401	6000000029981492715
Q16370431	6000000176109020833
Q163714	6000000019845789202
Q1637249	6000000013851788373
Q1637267	6000000058056508954
Q1637291	6000000075239433909
Q16372987	6000000029122874844
Q1637308	6000000017226130622
Q1637312	6000000015406049279
Q163747	6000000013293909034
Q163755	6000000016259229701
Q1637708	6000000178086376900
Q1637771	6000000175988373135
Q1637784	6000000023169641226
Q1637987	6000000012170606707
Q1637990	6000000000813630876
Q1638	6000000156548806884
Q1638041	6000000027254229706
Q1638070	6000000176501414821
Q1638139	6000000027570648562
Q163816	3928601779780051609
Q1638165	6000000015089092711
Q1638261	6000000023087069297
Q1638357	6000000016632533312
Q1638370	6000000136906016868
Q1638405	6000000207422225836
Q1638547	6000000081286986206
Q1638624	6000000046562053386
Q163863	6000000000632155382
Q16386576	6000000002766385915
Q1638816	6000000026902679525
Q1638850	6000000037003354863
Q16388696	6000000017356785160
Q16389063	6000000024433966958
Q16389288	6000000189247428836
Q1638934	6000000006612839007
Q163894	4355226921110013956
Q16389751	6000000090888481821
Q16389857	6000000003934869924
Q16390	6000000001727303301
Q163900	6000000002804268146
Q163908	6000000078723407864
Q1639184	6000000126095172900
Q1639201	6000000124999284881
Q163936	6000000000307276916
Q1639368	6000000056914286914
Q163938	6000000008840730581
Q1639438	6000000029261396920
Q163957	6000000010554852289
Q1639585	6000000013538531566
Q163964	6000000062913259822
Q1639662	6000000021863433367
Q16397	6000000012120740922
Q1639702	6000000088140348031
Q1639729	6000000017138363960
Q163974	6000000197974496885
Q163993	6000000206868033217
Q1639932	6000000076158909907
Q16400	6000000071491170886
Q1640029	6000000016455576392
Q164004	6000000014950128060
Q1640072	6000000010650982016
Q16402706	6000000037839021917
Q16402911	6000000004217099171
Q16402917	6000000007857395141
Q16402934	6000000040409995614
Q16402939	6000000024566459302
Q16402953	6000000086542797889
Q16402954	6000000023730511325
Q16402959	6000000009362086988
Q16402962	6000000023381768189
Q16402976	6000000213710718854
Q16402978	6000000007473385776
Q16402989	6000000014599982390
Q16402998	6000000027610072546
Q16403011	6000000016789489805
Q16403014	6000000019704555029
Q16403025	6000000006436745303
Q16403035	6000000193309615823
Q16403041	6000000008328161228
Q1640305	6000000140188125447
Q16403050	6000000006937075117
Q16403051	6000000026349900847
Q16403054	6000000007884890967
Q16403085	6000000003173941852
Q16403086	6000000009056634925
Q16403090	6000000007023947069
Q16403093	6000000003020210289
Q16403097	6000000008479308176
Q16403105	6000000039749369160
Q16403106	6000000015188134384
Q16403108	6000000007071494271
Q16403119	6000000009677845535
Q16403144	6000000017069381987
Q16403146	6000000011388722841
Q16403149	6000000006925612543
Q16403155	6000000013609017691
Q16403163	6000000006968911240
Q16403164	6000000015127428565
Q16403169	6000000023952581408
Q16403178	5126503049830083468
Q16403202	6000000018005978758
Q16403210	6000000014054410446
Q16403214	6000000014068836671
Q16403219	6000000023072040685
Q16403220	6000000014054226402
Q16403225	6000000018000004851
Q16403226	6000000011170044837
Q16403236	6000000014044957235
Q16403244	6000000020518024092
Q16403245	6000000013193321896
Q16403248	6000000020517988071
Q16403250	6000000009944061500
Q16403280	6000000021653941157
Q16403290	6000000004628681413
Q16403304	6000000006192662636
Q16403309	6000000001074145870
Q16403323	6000000107835416946
Q16403326	6000000023315826959
Q16403328	6000000009886382700
Q16403344	6000000024583051582
Q16403350	6000000079564818875
Q16403365	6000000026637783744
Q16403371	6000000006773841043
Q16403373	6000000009817427037
Q16403377	6000000008377278701
Q16403378	6000000009587908389
Q16403384	6000000003218107563
Q16403396	6000000011492609510
Q16403413	6000000019460739155
Q16403417	6000000018377803253
Q16403428	6000000018377450708
Q16403430	6000000018384509909
Q16403481	6000000011657184219
Q16403486	6000000011154786276
Q16403487	6000000015633253110
Q16403489	6000000003422302320
Q16403497	6000000044228544822
Q16403504	6000000086001056574
Q16403508	6000000007853217296
Q16403521	6000000016974110695
Q16403533	6000000006880931195
Q16403535	6000000005725276007
Q16403539	6000000005725330002
Q16403548	6000000007187959694
Q16403558	6000000034874529007
Q1640356	6000000018318695536
Q16403561	6000000046411081012
Q16403574	6000000043350423899
Q16403580	6000000043350276408
Q16403583	6000000016047128362
Q16403588	6000000016650647177
Q16403591	6000000015728479367
Q16403593	6000000009984941626
Q16403596	6000000205847750821
Q16403600	6000000157932176040
Q16403612	6000000018890220908
Q16403613	6000000024448794516
Q16403623	6000000018891521041
Q16403626	6000000008040735793
Q16403633	6000000023285602082
Q16403636	6000000015814549198
Q16403639	6000000004259565321
Q16403642	6000000022379751974
Q16403648	6000000008907236864
Q16403649	6000000040941327447
Q16403651	6000000011511013229
Q16403663	6000000021700984271
Q16403665	6000000002510008419
Q16403683	6000000022248855208
Q16403691	6000000015817321941
Q16403696	6000000008913573691
Q16403698	6000000010429829595
Q16403715	6000000024279218802
Q16403722	6000000024279912875
Q16403724	6000000018689990021
Q16403726	6000000001938531740
Q16403739	6000000010421930080
Q16403748	6000000016769962531
Q16403749	6000000028896971710
Q16403754	6000000015813847207
Q16403755	6000000039675232027
Q16403756	6000000010259964804
Q16403762	6000000026855819119
Q16403767	6000000022875676189
Q16403768	6000000017166069682
Q16403773	6000000008901059577
Q16403774	6000000009561957550
Q16403777	6000000010422224612
Q16403786	6000000007959688493
Q16403787	6000000008438031155
Q16403795	6000000001675005614
Q16403798	6000000071409248867
Q16403802	6000000006789198176
Q16403807	6000000008228239598
Q16403808	6000000016748314815
Q16403813	6000000016779900396
Q16403858	6000000003159462306
Q16403861	6000000013641390159
Q16403870	6000000039229720192
Q16403876	6000000028528390132
Q16403880	6000000017148484497
Q16403900	6000000006862128973
Q16403903	6000000018888903530
Q16403905	6000000001525093862
Q16403923	6000000014058017693
Q16403924	6000000013143179863
Q16403957	6000000001696183238
Q16403974	6000000009984743384
Q16403982	6000000009632978776
Q16404003	6000000007904819965
Q16404032	6000000002810862648
Q16404039	6000000022364555439
Q16404040	6000000018097452807
Q16404043	6000000010045507717
Q16404045	6000000005049373425
Q16404046	6000000003109062647
Q16404050	6000000007412215477
Q16404052	6000000009025938252
Q16404056	6000000009742820978
Q16404063	6000000023853297839
Q16404064	6000000031550174470
Q16404077	6000000007122561019
Q16404095	6000000024824180604
Q16404098	6000000008345663345
Q16404100	6000000005763663080
Q1640411	6000000145433762821
Q16404110	6000000032123529192
Q16404113	6000000034221216287
Q16404120	6000000008351711709
Q1640413	6000000015238785401
Q16404132	6000000010510352544
Q16404133	6000000008570733708
Q16404143	6000000012195270287
Q16404148	6000000006297046043
Q16404150	6000000013702017641
Q16404158	6000000007043310470
Q16404164	6000000028730074025
Q16404169	6000000009280451178
Q16404171	6000000018094298483
Q16404185	6000000018603193248
Q16404208	367453512540003814
Q16404214	6000000006783312451
Q16404225	6000000001656287384
Q16404236	6000000011333334343
Q16404241	6000000223207009938
Q16404245	6000000007530947770
Q16404250	6000000035158018929
Q16404252	6000000008661118003
Q16404269	6000000032963403847
Q16404270	6000000028932687219
Q16404272	6000000005570703126
Q16404273	6000000007956594264
Q16404294	6000000015611536434
Q16404298	6000000015601830010
Q16404308	6000000016108374142
Q16404313	6000000012747406983
Q16404315	6000000015256620962
Q16404324	6000000005099996931
Q16404332	6000000007285731384
Q16404334	6000000030596011331
Q16404338	6000000172506406987
Q16404340	6000000008960039830
Q16404350	6000000001174886008
Q16404352	6000000035698133892
Q16404357	6000000008934940865
Q16404358	6000000009944831733
Q16404360	6000000004117736608
Q16404369	6000000011214675335
Q16404374	6000000011577222481
Q16404381	6000000004217925014
Q16404382	6000000002664306871
Q16404389	6000000016520167185
Q16404400	6000000026889468172
Q16404406	6000000034837776032
Q16404420	6000000000658206511
Q16404442	6000000008857385856
Q16404446	6000000020134338268
Q16404449	6000000007085675812
Q16404451	6000000018224137533
Q16404455	6000000056263275006
Q16404457	6000000062706478878
Q16404462	6000000021478623468
Q16404471	6000000018039110997
Q16404481	6000000007643633621
Q16404488	3989522905050047565
Q16404495	6000000011421552213
Q16404502	6000000007652775102
Q16404519	6000000009046605198
Q16404522	6000000027214806807
Q16404524	6000000006443350572
Q16404530	6000000008126091745
Q16404532	6000000005045552080
Q16404541	6000000015905803950
Q16404547	6000000007921651381
Q16404548	6000000084688041903
Q16404553	6000000042551206712
Q16404565	6000000039177678869
Q16404580	6000000021261882649
Q16404581	6000000031363450040
Q16404597	6000000013514775600
Q16404606	6000000012119193477
Q16404625	6000000011425340572
Q16404643	6000000009896135728
Q16404648	6000000009629490852
Q16404652	6000000167666238822
Q16404655	6000000017198780976
Q16404656	6000000013846376620
Q16404657	6000000025303357133
Q16404664	6000000011994231936
Q16404674	6000000026280895497
Q16404678	6000000021903853287
Q16404693	6000000015822960697
Q164047	6000000024331481178
Q16404703	6000000009552112119
Q16404704	6000000004217309561
Q16404707	6000000011398844804
Q16404710	6000000018083720558
Q16404715	6000000007303651032
Q16404725	6000000032349746293
Q16404737	6000000018126268873
Q16404739	6000000107696061267
Q16404741	6000000015674537998
Q16404746	6000000017002337373
Q16404751	6000000023866899155
Q16404756	6000000017759734881
Q16404758	6000000006411887660
Q16404763	6000000002759211940
Q16404766	6000000010875715117
Q16404773	6000000004184614506
Q16404796	6000000017166109317
Q16404802	6000000002772882079
Q16404819	5545045108410080907
Q16404821	6000000026713835992
Q16404839	6000000084641374229
Q16404841	6000000012509322376
Q16404848	6000000076675610915
Q16404863	6000000024034330579
Q16404864	6000000009003428350
Q16404870	6000000011521281853
Q16404911	6000000030598202217
Q16404917	6000000014192598604
Q16404936	6000000001070695387
Q16404943	6000000025344055412
Q16404946	4267035942840021014
Q16404957	6000000017721996507
Q16404960	6000000003071371245
Q16404964	6000000002307920988
Q1640499	6000000002246223562
Q16404994	6000000008524304711
Q16404998	6000000064467171821
Q16405008	6000000015751368091
Q16405011	6000000017853789096
Q16405023	6000000008862453830
Q16405041	6000000065101212916
Q16405050	6000000008326727388
Q16405064	6000000006366782112
Q1640507	6000000120672111853
Q16405079	6000000009312149875
Q16405088	6000000024542546076
Q16405090	6000000010571052307
Q16405099	6000000007885253024
Q16405120	6000000013723561014
Q16405139	6000000010579994752
Q16405142	6000000008599594501
Q16405144	6000000020732262709
Q16405147	6000000022408940949
Q16405162	6000000008098912729
Q16405178	6000000078000285315
Q16405198	6000000019919754820
Q16405200	6000000017171760568
Q16405201	6000000180614517834
Q16405213	6000000020327781367
Q16405215	6000000039675582916
Q16405221	6000000001181439553
Q16405222	6000000018532775308
Q16405225	6000000013524711489
Q16405230	6000000023575722058
Q16405241	6000000007752699754
Q16405245	6000000015094314693
Q16405247	6000000010667160126
Q16405252	6000000022387328560
Q16405254	6000000008913007176
Q16405262	6000000004827334247
Q16405279	6000000010933425336
Q16405292	6000000007398424896
Q16405296	6000000013339463468
Q16405299	6000000008037828290
Q16405304	6000000181056981849
Q16405313	6000000008908079056
Q16405314	6000000181774082829
Q16405333	6000000018574571316
Q16405368	6000000007043464204
Q16405369	6000000012705762923
Q16405384	6000000000513417446
Q16405390	6000000009662699637
Q16405394	6000000010552261563
Q16405396	6000000021478798829
Q16405398	6000000009276179949
Q16405400	6000000002821812132
Q16405406	6000000024846507660
Q16405407	6000000011876515114
Q16405433	6000000012068524064
Q16405435	6000000026638751775
Q16405440	6000000017299066378
Q16405446	6000000028988746825
Q16405450	6000000078562068242
Q16405452	6000000012066239755
Q16405455	6000000010155806795
Q16405457	6000000012065684997
Q16405470	6000000006910161199
Q16405475	6000000008519622761
Q16405482	6000000011859700068
Q16405488	6000000015903796991
Q16405492	6000000002973371415
Q16405507	6000000013608880883
Q16405510	6000000006931787166
Q16405512	6000000202829547863
Q16405517	6000000009392943380
Q16405519	6000000064335740347
Q16405547	6000000038124936902
Q16405566	6000000010421922070
Q1640558	6000000010383497722
Q16405580	6000000025740703808
Q16405586	6000000047058408928
Q16405589	6000000014282543146
Q16405593	6000000008811582613
Q16405597	6000000195222628887
Q16405599	6000000005597048620
Q16405600	6000000011514392325
Q16405601	6000000006299131116
Q16405603	6000000069462936821
Q16405606	6000000003159507819
Q16405611	6000000026356433136
Q16405614	6000000026173752788
Q16405624	6000000007975325796
Q16405625	6000000174085758895
Q16405632	6000000001664939940
Q16405636	6000000018421744553
Q16405639	6000000007480957604
Q16405646	6000000020377646087
Q1640565	6000000083101864596
Q16405651	6000000025197363314
Q16405654	6000000001750262294
Q16405661	6000000027573716815
Q16405663	6000000015487640240
Q16405666	6000000008205469883
Q16405668	5104105299230129093
Q16405670	6000000021603800384
Q16405679	6000000009608662057
Q16405687	6000000015117759411
Q16405704	6000000024816534179
Q16405719	6000000002540828088
Q16405720	6000000024535637456
Q16405720	6000000183913906821
Q16405727	6000000183912145863
Q16405733	6000000007781254383
Q16405741	6000000028105065863
Q16405745	6000000007207870354
Q16405773	6000000020762851711
Q16405790	6000000011583235444
Q16405795	6000000011593179615
Q16405800	4279286935940057422
Q16405807	6000000011583311745
Q16405808	6000000000592602708
Q16405811	6000000011592837102
Q16405823	6000000020422912170
Q16405824	6000000064640452865
Q16405844	6000000007978227107
Q16405849	6000000019111486216
Q16405850	6000000007483180391
Q16405865	6000000008558157488
Q16405875	6000000010220523339
Q16405890	6000000002104370060
Q16405897	6000000009441541233
Q16405911	6000000007092587563
Q16405919	6000000009814784256
Q16405928	6000000010808486144
Q16405940	6000000073752529912
Q16405941	6000000009418898885
Q16405955	6000000018944052069
Q16405977	6000000007519814896
Q16405980	6000000010772435945
Q16405982	6000000009533780886
Q16405992	6000000007738010876
Q16405999	6000000007912892854
Q16406003	5248737509350129101
Q16406005	6000000043352472801
Q16406014	6000000009944076942
Q16406018	6000000015802738402
Q16406037	6000000015127858254
Q16406047	6000000022361287753
Q16406066	6000000007896759379
Q16406069	6000000007992516502
Q16406074	6000000007522609058
Q16406076	6000000008467857320
Q16406080	6000000008033111245
Q16406109	6000000013723710389
Q16406115	5195197956060118644
Q16406120	6000000003489696429
Q16406123	6000000008888389968
Q16406127	6000000018086344652
Q16406130	6000000011583131904
Q16406147	6000000008108809554
Q16406156	6000000007962966725
Q16406186	6000000007872643325
Q1640621	6000000039103063394
Q16406214	6000000001294430164
Q16406216	6000000012709628327
Q16406231	6000000001838551703
Q16406233	6000000024487617534
Q16406241	6000000008380744449
Q16406249	6000000007474109377
Q16406271	6000000018889285023
Q16406276	6000000005085889429
Q16406281	6000000002744721741
Q16406302	6000000025929606007
Q16406304	6000000006712712692
Q16406305	6000000009344945871
Q16406311	6000000017663048069
Q16406324	6000000011036648520
Q16406325	6000000011690188442
Q16406333	6000000007301909609
Q16406342	6000000003320499835
Q16406354	6000000006435144053
Q16406355	6000000136966506873
Q16406371	6000000000009787171
Q16406372	6000000021604175688
Q16406400	6000000006363072186
Q16406415	6000000008126273702
Q16406440	6000000011205416166
Q16406443	6000000037535666686
Q16406448	6000000019158288896
Q16406453	6000000019158683782
Q16406496	6000000003102325204
Q164065	6000000030769509318
Q16406503	6000000008106735954
Q16406511	5610838816820131495
Q16406523	6000000017480278357
Q16406555	6000000012706593298
Q16406557	6000000000369295822
Q16406578	6000000008539415820
Q16406580	6000000009305867268
Q16406587	6000000006184956267
Q16406610	6000000001507872882
Q16406613	6000000007413448439
Q16406628	6000000007658229781
Q16406649	6000000012182023474
Q16406665	6000000022012440440
Q16406683	6000000009589649649
Q16406687	6000000008112684355
Q16406712	6000000022658532893
Q16406727	6000000056429869138
Q16406728	6000000007086677578
Q16406730	6000000024945233948
Q16406737	6000000007809826804
Q16406740	6000000017782782526
Q16406744	6000000007482553683
Q16406760	6000000021442377614
Q16406762	6000000011327761415
Q16406766	6000000007705759230
Q16406767	6000000009534671852
Q16406769	6000000007335951406
Q16406775	6000000010706377100
Q16406777	6000000009119247680
Q16406778	6000000017906885186
Q16406789	6000000006778364901
Q16406801	6000000009604712547
Q16406819	6000000018889361322
Q16406827	6000000017166273250
Q16406832	6000000009824019441
Q16406835	6000000025874872239
Q16406836	6000000012013837822
Q16406838	6000000022146203546
Q16406846	6000000016342997269
Q16406847	6000000022499672928
Q16406854	6000000008572441700
Q16406856	6000000024834831829
Q16406862	6000000010673022858
Q16406866	6000000008708677270
Q16406869	5602824314780102618
Q16406880	6000000008658331156
Q16406881	6000000027323555212
Q16406883	6000000010483354093
Q16406888	6000000080200337317
Q16406891	6000000001702524323
Q164069	6000000057451055924
Q16406912	6000000008913754208
Q16406914	6000000069249247905
Q16406920	6000000012071829451
Q16406921	6000000004180414423
Q16406924	6000000012071261746
Q16406932	6000000032666693015
Q16406937	6000000022502882084
Q16406940	6000000021632221446
Q16406942	6000000020487099002
Q16406943	6000000015593781854
Q16406949	6000000012631969861
Q16406952	6000000025592361164
Q16406979	6000000007572633676
Q16406980	6000000010019434586
Q16407005	6000000001834023433
Q16407022	6000000003859542718
Q16407027	6000000019902964610
Q16407029	6000000008706268656
Q16407033	6000000007202109395
Q16407038	6000000008355411327
Q16407043	6000000004656685037
Q16407051	6000000007311300153
Q16407068	6000000010735781970
Q16407088	6000000007602405005
Q16407109	6000000015827944995
Q16407145	6000000007726771400
Q16407149	6000000007184635160
Q16407162	6000000013638592133
Q16407169	6000000009154433222
Q16407171	6000000017298990347
Q16407175	6000000008603551881
Q16407184	6000000016738114615
Q16407211	6000000008381075134
Q16407219	6000000008438721535
Q16407220	6000000026024431269
Q16407236	6000000009473652009
Q16407245	6000000017415179531
Q16407255	6000000007123238084
Q16407258	6000000007174560012
Q16407266	6000000009150627366
Q16407274	6000000008294885730
Q16407276	6000000011588130266
Q16407279	6000000075733420867
Q16407293	6000000016462667146
Q16407296	6000000008288785082
Q16407300	6000000009006757999
Q16407301	6000000011368154918
Q16407305	6000000035439140354
Q16407314	6000000028992753785
Q16407329	6000000007173790268
Q16407334	6000000011322370599
Q16407336	6000000009753435628
Q1640736	6000000015260488644
Q16407363	6000000011062345417
Q16407372	6000000007868546846
Q16407386	6000000009604928083
Q16407412	6000000009578059733
Q16407423	6000000079019542806
Q16407444	6000000007433788114
Q16407466	6000000020603364935
Q16407476	6000000008940932750
Q16407478	6000000004671443981
Q16407483	6000000008966299442
Q16407490	6000000003248374440
Q164075	6000000002447355581
Q16407501	6000000010679259129
Q16407504	6000000008365360719
Q16407506	6000000007797589719
Q16407515	6000000040868874980
Q16407523	6000000011398896971
Q16407530	6000000002673738989
Q16407541	6000000180095603859
Q16407544	6000000007199285024
Q16407564	6000000010421805967
Q16407573	6000000030047803881
Q16407579	6000000018690041179
Q16407580	6000000007881536193
Q16407599	6000000008111975041
Q16407609	6000000055884141892
Q16407628	6000000006421672814
Q16407629	6000000015977150104
Q16407636	6000000009944638597
Q16407638	6000000008891613448
Q16407660	6000000204852972862
Q16407666	6000000015822916166
Q16407676	6000000111101794868
Q16407680	6000000007606849442
Q16407682	6000000042165280686
Q16407686	6000000011271327314
Q16407693	6000000037583925013
Q16407696	6000000009944009171
Q16407698	6000000018322450330
Q16407707	6000000012315951357
Q16407719	6000000019747681682
Q16407721	6000000007872313398
Q16407728	6000000021567945413
Q16407756	5431057430350032954
Q16407768	6000000041017373854
Q16407774	6000000028910276388
Q16407778	6000000007789193467
Q16407781	6000000007520044524
Q16407792	6000000008354569861
Q16407795	6000000006426923154
Q16407806	6000000020420868947
Q16407809	6000000026133868933
Q16407810	6000000046455448012
Q16407831	6000000018894977539
Q16407840	6000000014573660158
Q16407845	6000000018081997851
Q16407848	6000000016826464161
Q16407849	6000000015898913902
Q16407855	6000000012408438017
Q16407864	6000000002411394624
Q16407874	6000000015900438137
Q16407882	6000000076247976939
Q16407894	6000000020829707446
Q16407896	6000000022677121457
Q16407898	6000000010628450567
Q16407910	6000000002745178671
Q16407933	6000000008591532104
Q16407944	6000000022319395169
Q16407951	6000000010399758410
Q16407957	6000000001889069993
Q16407958	6000000015127833414
Q16407967	6000000006977596439
Q16407982	6000000011583267202
Q16407994	6000000018384186211
Q16407996	6000000015816766675
Q16407998	6000000018392067295
Q16408000	6000000021185510080
Q16408002	6000000018898516737
Q16408011	6000000007472321379
Q16408018	6000000008146940606
Q16408023	6000000047222144824
Q16408042	6000000013640984644
Q16408047	6000000066436698821
Q16408068	6000000064787412834
Q16408080	6000000006292094860
Q16408095	3507218
Q16408106	6000000041881655837
Q16408125	362439046220012362
Q16408140	6000000009726425605
Q16408150	6000000011869235632
Q16408164	6000000010354909006
Q16408165	6000000007281072337
Q16408182	6000000008709194612
Q16408242	6000000029397976039
Q16408243	6000000015126136211
Q16408246	6000000010507621353
Q16408254	6000000007936243556
Q16408270	6000000007521505221
Q16408276	6000000027396208055
Q16408285	6000000008174644305
Q16408325	6000000041652904852
Q16408335	6000000024318361143
Q16408352	6000000008976407969
Q16408368	6000000003352813632
Q16408385	6000000084349258229
Q16408407	6000000026845006725
Q16408415	6000000012496078339
Q16408417	6000000011530559390
Q1640842	6000000026202939444
Q16408429	6000000008643419082
Q16408434	6000000024565926800
Q16408435	6000000024566362269
Q16408436	6000000022524596481
Q16408439	6000000012547425934
Q16408442	6000000013610934528
Q1640845	6000000025490021940
Q16408451	6000000018906909638
Q16408454	6000000017721218160
Q16408465	6000000131545212288
Q16408468	6000000114292336830
Q16408478	6000000008638613782
Q16408479	6000000011396667363
Q16408484	6000000064349879230
Q16408492	6000000011320438946
Q16408496	6000000023022415114
Q16408504	6000000006100170095
Q16408544	6000000041582503840
Q16408549	6000000007884532934
Q16409	6000000028892634544
Q1640946	6000000013084091642
Q164106	6000000016788368125
Q164117	6000000037009927022
Q1641189	6000000019667352310
Q164119	6000000008331014805
Q16412462	6000000022229978519
Q1641461	6000000009513474197
Q16415485	6000000022307403939
Q1641574	6000000027597734506
Q1641641	6000000005033581495
Q1641647	6000000022860774196
Q1641719	6000000006126927054
Q1641737	6000000002188445026
Q1641782	6000000016784090143
Q1641792	6000000139711307849
Q164180	6000000142964063829
Q1641805	6000000000166960898
Q16421105	6000000003645908760
Q16421316	3250004
Q1642150	6000000001461758468
Q16421859	304484484830006498
Q1642320	6000000062696905893
Q16423408	3120112
Q1642354	6000000140789048889
Q16423651	6000000016024421292
Q1642398	6000000022420583327
Q1642455	6000000015873795658
Q1642484	6000000029512871322
Q16425921	6000000054376059012
Q1642620	6000000017984229496
Q16426752	6000000010232249252
Q1642676	6000000007467806788
Q16426945	6000000001169157241
Q16427211	6000000019785089345
Q1642740	6000000027837835307
Q16428920	6000000028988820454
Q1642922	6000000084972564873
Q1642936	6000000068438352383
Q164294	5416397034490026906
Q1642981	6000000084972428972
Q1643070	6000000083688495094
Q164312	6000000009868360840
Q164328	6000000076809284238
Q16433592	6000000204235090837
Q1643416	6000000058979205224
Q164346	6000000008900940579
Q16434828	6000000105244935264
Q164351	6000000040632734915
Q1643533	6000000026829414047
Q164366	6000000026119689926
Q164369	6000000000516033188
Q164373	6000000039544262038
Q1643739	6000000115192776946
Q16437583	6000000042101977379
Q1643800	6000000012736445830
Q164384	6000000026103912567
Q1643853	6000000013514321679
Q16438759	6000000213645658825
Q16438884	6000000015270774648
Q164389	6000000012272084421
Q16438942	6000000025281340074
Q16438987	6000000002892598985
Q16439293	6000000012588627750
Q164396	6000000036043063023
Q16439647	6000000037813839375
Q1643972	6000000036825670509
Q164401	6000000004591091841
Q16440310	6000000034568008474
Q164404	6000000001504380241
Q164405	6000000000489482188
Q1644063	6000000022997480069
Q16440727	6000000008239201050
Q16440768	6000000024682273428
Q16440982	6000000024682059580
Q16440985	6000000024788119396
Q164425	6000000002802906875
Q1644253	6000000057654771871
Q16442755	6000000013516322830
Q16442756	6000000003499873810
Q16442760	6000000014567812284
Q164428	6000000000491017371
Q16442984	6000000173348626822
Q1644299	6000000007925992531
Q16443065	6000000208382332836
Q16443069	6000000006658932001
Q16443077	6000000013516390178
Q16443092	6000000016276964673
Q16443101	6000000052306978885
Q16443101	6000000086473131992
Q16443298	6000000083606545256
Q16443373	6000000046459748821
Q16443429	6000000013070879205
Q16443652	6000000039862322291
Q16443652	6000000048751360833
Q16443669	6000000038208301161
Q16443700	6000000011593735633
Q1644377	6000000132553877218
Q16443781	6000000022974600627
Q164438	6000000016397021857
Q16443822	6000000014110716855
Q16443823	6000000034781808947
Q16443855	6000000006724739555
Q1644386	6000000024957258039
Q16443874	6000000000390182992
Q16443932	6000000004073497464
Q16443948	6000000017627125136
Q16443968	6000000010081371061
Q16443978	6000000015164858357
Q16444044	6000000031008867967
Q16444071	6000000170713341823
Q16444764	6000000071943625089
Q1644482	6000000133959214840
Q16445656	6000000028480402843
Q16445661	6000000003571979655
Q16445994	6000000015728865207
Q1644646	6000000007329830154
Q1644655	6000000020500049989
Q164469	6000000021686931245
Q1644690	6000000007348386262
Q164475	6000000015740952708
Q1644786	6000000010362602463
Q1644862	6000000002764519656
Q164487	6000000006823501132
Q1644906	6000000124564072852
Q16449765	6000000084086342928
Q164498	6000000000703378021
Q1644995	6000000011667664915
Q164500	6000000000307239990
Q164504	6000000003616614004
Q16450422	6000000024679690847
Q16450594	6000000011907379416
Q16450866	6000000011570166733
Q16450867	6000000011572348325
Q16450885	6000000014778621147
Q164512	6000000003219792459
Q1645179	6000000176177695849
Q164521	6000000017658427330
Q1645240	6000000020880503806
Q16452559	6000000057185176054
Q16452577	6000000011594007206
Q16452584	6000000013220859213
Q1645266	6000000032412487414
Q16452747	6000000042806255851
Q16452968	6000000002623393672
Q16452972	6000000180775378822
Q16453036	6000000002659217938
Q16453239	6000000018638430325
Q16453379	6000000044347454903
Q16453395	6000000053607651825
Q16453427	6000000036397297918
Q16453488	6000000011580674619
Q16453500	6000000079777890952
Q16453512	6000000086964374868
Q16453609	6000000002320713331
Q16453622	6000000003621417131
Q1645364	6000000022733346641
Q16453651	6000000097044607949
Q16453690	6000000013162201714
Q16453745	6000000012213737475
Q16453781	6000000014877804833
Q16453906	6000000011571896761
Q16453907	6000000018969500402
Q16454001	6000000025580469605
Q16454178	6000000188030275830
Q16454180	6000000039052431230
Q16454194	6000000011580376594
Q16454195	6000000011569738651
Q16454196	6000000011580429948
Q16454390	6000000087519985954
Q16454423	6000000031846478330
Q1645447	306003470380003813
Q16454471	6000000013362402956
Q16454513	6000000003579000308
Q16454520	6000000039322679312
Q16454529	6000000014187918110
Q16454530	6000000015184391978
Q16454658	6000000176443230878
Q16454928	6000000067169874913
Q16454952	6000000041172842179
Q164552	6000000022514967046
Q1645523	6000000007287544311
Q16455846	6000000034856564236
Q16455918	6000000015184655053
Q16456083	6000000013677311419
Q164562	6000000068450400988
Q1645624	6000000019337904015
Q1645628	6000000185626989835
Q1645646	6000000028264169669
Q16456738	6000000071936185391
Q16456741	6000000039077626044
Q16456755	6000000000384538906
Q16457050	6000000002334135481
Q16457051	6000000018966177080
Q1645717	6000000011223564745
Q16457187	6000000014049277661
Q1645749	6000000017350775952
Q16458466	6000000025430120580
Q16458505	6000000025430527382
Q1645898	6000000156219337833
Q16459288	6000000013154781674
Q16459292	6000000034781354751
Q164593	6000000180104313907
Q16459872	6000000015388556278
Q1645998	6000000096997838274
Q1646	6000000014764402141
Q1646080	6000000151266706827
Q1646094	6000000078071979456
Q1646159	6000000009628894804
Q1646160	6000000178639126822
Q1646216	6000000047356021911
Q1646256	6000000030595440621
Q164626	6000000067041975001
Q1646308	6000000108560835828
Q1646391	6000000009697370327
Q1646397	6000000019000413588
Q16464107	6000000011503175206
Q1646449	6000000004593191413
Q16464605	6000000015163805418
Q16464606	6000000003572186496
Q1646468	6000000027688694436
Q16465107	6000000042802611940
Q16465117	6000000085033324861
Q16465121	6000000042802510906
Q16465129	6000000002623386448
Q16465130	6000000011869166825
Q16465131	6000000002643721853
Q16465150	6000000014660856949
Q16465151	6000000015165266077
Q16465152	6000000002233180209
Q1646528	6000000023950921771
Q16465295	6000000003500065840
Q1646575	6000000028181425174
Q16466028	6000000045897465953
Q16466366	6000000001911841081
Q16466640	6000000019020351388
Q1646667	6000000003745179602
Q16466679	6000000011050078736
Q16466734	323469581640005278
Q16466765	6000000035207580826
Q16466772	6000000008201215269
Q16467119	6000000032752871350
Q16467524	2614981
Q16467536	6000000024319115041
Q16467552	6000000009225906111
Q16467564	6000000149808940002
Q16467593	6000000165183357822
Q16467598	6000000009065475892
Q16467599	6000000133392875823
Q16467816	6000000078653736854
Q164683	6000000018667587916
Q1646835	6000000019001270399
Q1646853	6000000179317190966
Q164688	6000000011874991970
Q16469421	6000000176062192821
Q16469457	6000000014070792874
Q16469513	6000000173358494673
Q164699	6000000013548642491
Q16470033	6000000002104327959
Q16470077	6000000039089149973
Q16470081	6000000015152565310
Q1647010	6000000002765016680
Q1647123	6000000146303602038
Q16471328	6000000021082175023
Q16471653	6000000011836423861
Q16471783	6000000011837728225
Q16472	329029660910004004
Q164720	6000000001383103197
Q164723	6000000010600810568
Q16472662	6000000003712704532
Q16472859	6000000007227013527
Q1647287	6000000010820624526
Q16473	6000000009405011962
Q164730	6000000048901691962
Q1647301	6000000046984756075
Q16473079	6000000037911454245
Q16473082	6000000009370961105
Q16473101	6000000002564174377
Q16473103	6000000001389715469
Q16473115	6000000179846357834
Q16473116	6000000023270195461
Q16473124	6000000021111164145
Q1647313	6000000023680116828
Q16473254	6000000000681885482
Q16473363	6000000011580416921
Q164735	6000000002893316493
Q16473906	6000000017617050131
Q16474	6000000014845150993
Q16474067	6000000003579027210
Q16474191	6000000003499873862
Q16474622	6000000003858466398
Q1647467	301368975080001614
Q1647470	6000000166061258829
Q1647474	6000000028067137290
Q16474888	6000000034827794061
Q16474898	6000000085389816092
Q16475110	6000000039077211866
Q16475312	6000000018977056763
Q16475398	6000000017758244812
Q16475480	6000000208435646827
Q1647593	6000000008189475960
Q16476	6000000034238047910
Q16476190	6000000014695214410
Q164762	6000000002188434969
Q16476481	6000000036036601422
Q16476793	6000000030975361611
Q16476845	6000000000319494049
Q16476846	6000000000319448032
Q16476858	6000000018461278465
Q16476859	6000000011811555220
Q16476860	6000000011580340571
Q16477077	6000000006076944157
Q1647728	6000000005380177303
Q16477411	6000000015163096529
Q16477453	6000000013516027239
Q1647763	6000000139209899953
Q16477666	6000000113181532969
Q1647793	6000000014824235226
Q164782	6000000008051420226
Q16478232	6000000008447715866
Q164784	6000000000327234668
Q1647848	6000000145521332182
Q164790	6000000027590630475
Q1647934	6000000000843659274
Q164797	6000000077129363840
Q1647979	6000000025293979654
Q1647986	6000000026811502458
Q1648047	6000000026855904504
Q1648048	6000000082366750935
Q1648099	6000000000306750509
Q1648103	6000000181909066822
Q1648106	6000000019705548210
Q1648141	6000000008897593297
Q164823	6000000043283591994
Q1648259	6000000000190073564
Q16483680	6000000003422246125
Q1648376	6000000013450749560
Q16484626	6000000059276208072
Q1648467	6000000065759370875
Q1648472	6000000035198185113
Q1648491	6000000000292115029
Q16485749	6000000180410915849
Q16485772	6000000037975641102
Q16485784	6000000028954037262
Q1648579	6000000014745492043
Q16485801	6000000029778963338
Q1648600	6000000085836155936
Q16486368	6000000020961259763
Q1648677	6000000001861670703
Q16486885	4496083579740082750
Q1648691	6000000013827064436
Q16486948	6000000041988773761
Q16487059	6000000029899796243
Q16487241	6000000035245285110
Q16487305	6000000021646383970
Q16487333	6000000010010811414
Q164874	6000000031589857944
Q1648740	6000000026811612168
Q16487549	6000000047457907289
Q1648806	6000000023274427031
Q16488076	6000000001435499229
Q16488217	6000000023342934073
Q1648824	6000000018915518111
Q1648832	6000000012996586541
Q16488328	6000000076329270304
Q16488330	6000000011335969936
Q16488343	6000000059946649899
Q16488352	6000000003112338219
Q16488410	6000000148325697884
Q16488411	6000000031279218517
Q16488416	6000000054874900852
Q16488431	6000000182635461822
Q16488529	6000000025442041006
Q16488578	6000000015311952140
Q1648858	6000000068907435048
Q16488580	6000000010552465418
Q16488591	6000000017816747344
Q16488604	6000000038101219170
Q1648875	6000000145527672852
Q16488860	6000000043862320637
Q16488971	6000000068446448950
Q16488974	6000000068447379017
Q16489229	6000000040655263841
Q16489295	6000000044011154874
Q16489299	6000000028837416396
Q16489629	6000000113477977009
Q16489670	6000000016060544149
Q16489686	6000000013615595617
Q16489742	6000000007976069171
Q16489748	6000000025917943308
Q1648981	6000000008062117963
Q16489842	6000000094894283926
Q1648985	6000000171839715903
Q1648993	6000000035614106842
Q16489962	6000000056430498832
Q1649002	6000000150787008853
Q164902	6000000036315012301
Q16490266	6000000001759002065
Q16490267	6000000077905645880
Q16490274	6000000054186379880
Q16490296	6000000015115629326
Q16490318	6000000050156073840
Q16490460	6000000081933018150
Q16490662	6000000039527292513
Q164908	6000000069297000023
Q16490895	6000000016333274104
Q16491024	6000000016251969399
Q16491062	6000000028022263728
Q16491096	6000000182149068877
Q16491114	6000000023091410245
Q16491161	6000000015352369939
Q16491165	6000000027841182012
Q16491177	6000000025880972660
Q16491237	6000000178683464886
Q16491248	6000000002246904091
Q16491257	6000000006569399634
Q16491266	6000000026123005846
Q16491284	6000000098715575821
Q164913	6000000196505450848
Q16491309	6000000015462550195
Q16491314	6000000010511135832
Q16491337	6000000000850675497
Q16491346	6000000016413774515
Q16491356	6000000041676731248
Q16491363	6000000001245264120
Q16491385	6000000016060530942
Q16491387	6000000076038910920
Q16491480	6000000017079441703
Q16491493	6000000051218176823
Q16491549	6000000074794641863
Q16491579	6000000019683835795
Q1649161	6000000001743530338
Q16491612	6000000021606870575
Q16491636	6000000177782333837
Q16491669	6000000016169726004
Q16491679	6000000078595311863
Q16491724	6000000052321555023
Q16491743	6000000019968300651
Q16491750	6000000042059739053
Q16491782	6000000015116371818
Q16491797	6000000019966944078
Q16491866	6000000017587978346
Q16491896	6000000029926483316
Q16491921	6000000028374782342
Q16491953	6000000046413747963
Q16491983	6000000002722513494
Q16492008	6000000181331333822
Q16492013	6000000032802173997
Q16492018	6000000017148646978
Q16492024	6000000017147899764
Q16492040	6000000026796396348
Q16492048	6000000025678007436
Q16492076	6000000020573002266
Q16492080	6000000129586133268
Q16492121	6000000105311623465
Q16492174	6000000003197064763
Q16492186	6000000181465356848
Q16492214	6000000003122330192
Q16492218	6000000080566600247
Q16492236	6000000027590241031
Q16492273	6000000059945602992
Q16492304	6000000044944198870
Q16492309	6000000018606385532
Q16492362	6000000077824595865
Q16492402	6000000083598592951
Q16492436	6000000007564978557
Q16492469	6000000016787293250
Q16492480	6000000015673286435
Q16492486	6000000023997188117
Q16492491	6000000085240161206
Q164925	6000000001923674361
Q16492521	6000000017439369351
Q16492528	6000000029923060127
Q1649254	6000000019342346607
Q16492549	6000000036369621168
Q16492554	6000000041261605072
Q16492958	6000000077103441942
Q16493070	6000000011139724458
Q16493173	6000000030128665656
Q16493377	6000000003736910371
Q16493396	6000000002018250647
Q16493398	6000000002095771125
Q1649345	6000000123547623834
Q16493486	6000000012593078721
Q1649350	6000000181713662840
Q16493510	6000000063662985858
Q16493570	6000000006996095633
Q16493593	6000000141377709849
Q16493685	6000000002205749339
Q16493721	6000000018349081225
Q1649388	6000000049648962821
Q16493908	6000000021700270014
Q16493962	6000000019967088362
Q16493973	6000000175736245828
Q16493976	6000000003202117203
Q16493987	6000000029285256811
Q16493989	6000000019114104275
Q16494049	6000000032632619134
Q16494056	3042923
Q16494097	6000000001699537016
Q16494124	6000000015353756919
Q16494207	6000000075661454939
Q16494329	6000000075963624336
Q16494394	6000000040078575786
Q16494565	6000000091168850326
Q16494585	6000000082680458033
Q16494615	6000000143114261869
Q16494621	6000000017434187105
Q1649494	6000000009988372598
Q16495026	6000000004860327624
Q16495033	6000000040079156195
Q16495167	6000000023744303199
Q16495177	6000000021787845703
Q16495181	6000000180020728833
Q16495190	6000000028648041006
Q16495208	6000000083860968312
Q16495267	6000000080909398956
Q16495333	6000000149681657858
Q1649541	6000000168984204957
Q1649548	6000000046968784875
Q16495495	6000000009931319860
Q1649593	6000000025328539406
Q16496065	6000000012345289217
Q16496073	6000000040411943912
Q164961	6000000006951431083
Q1649628	6000000019777253247
Q16496335	6000000079217832544
Q16497034	6000000012598970718
Q16497103	6000000019754556073
Q16497131	6000000032584312424
Q16497302	6000000003591397306
Q1649745	6000000155349881865
Q16497467	6000000017836939347
Q16497564	6000000128875475823
Q1649757	6000000001510724472
Q16497667	6000000059454035997
Q16497742	6000000024333294930
Q16497826	6000000027006003415
Q16497844	6000000018098524376
Q16497872	6000000003801425278
Q16497896	6000000012522125506
Q164979	6000000004096138298
Q16497917	6000000012557081101
Q16497953	6000000024296229538
Q16497957	6000000024296914899
Q16497974	6000000000850678564
Q16497976	6000000017717529486
Q16497992	6000000017151115276
Q16498005	6000000020614793046
Q16498010	6000000151498608172
Q16498026	6000000028773587106
Q16498034	6000000059446339872
Q164985	6000000026714414445
Q16498501	391038366740012846
Q16498512	6000000004575255470
Q16499050	6000000132912000823
Q1649924	6000000013924946318
Q164997	6000000046570212064
Q16499734	6000000017266453008
Q16499785	6000000009334866428
Q16499792	6000000002248246665
Q16499803	6000000102938140821
Q16499817	6000000002316863106
Q16499834	6000000002034687380
Q16499836	6000000003885939885
Q16499866	6000000000769888777
Q165006	6000000026817576418
Q16501095	6000000004581004872
Q16501177	6000000009949870023
Q16501221	6000000089229819147
Q1650136	6000000009393811506
Q1650174	6000000032146349027
Q16501787	6000000078938746947
Q16501988	6000000080775480962
Q16502041	6000000002459322982
Q16502534	6000000019759594047
Q1650288	6000000021524006323
Q16503013	6000000099263072856
Q16503015	6000000019870110261
Q16503016	6000000170027162665
Q16503233	6000000023109991856
Q1650325	6000000025708927167
Q1650370	6000000019172029315
Q16503872	6000000006566029645
Q16503875	6000000006566157334
Q16503943	6000000020682451654
Q1650417	6000000015271482845
Q1650449	6000000016645354674
Q16505134	6000000070761348464
Q16505205	6000000001873629070
Q1650574	6000000017391212101
Q1650710	6000000133439134826
Q16507415	6000000010827639522
Q16507418	1468441
Q16507433	6000000022862232326
Q16507469	6000000032500298326
Q1650800	6000000026228678797
Q1650842	6000000024131119831
Q16508843	6000000027494060753
Q16508862	6000000027924644769
Q16508880	6000000076924332877
Q16508882	6000000007255826601
Q16508894	6000000187244155851
Q16508902	6000000000983636571
Q16508909	6000000053812669993
Q16508978	6000000084719819128
Q16508983	6000000196882285821
Q16509004	6000000024320935903
Q16509011	6000000026240585237
Q16509015	6000000072050755070
Q16509052	6000000015703158172
Q16509066	6000000094180102821
Q16509149	5000066138750063670
Q16509156	6000000076775820910
Q16509159	6000000024209885699
Q16509177	6000000033476882644
Q16509179	6000000039957648130
Q16509186	6000000178853360859
Q16509188	6000000074894139821
Q16509207	6000000027509096904
Q16509254	6000000006869857757
Q16509267	6000000074899534895
Q16509270	6000000012974962594
Q16509294	6000000022274519830
Q16509299	6000000025093850044
Q16509304	6000000181810465827
Q16509325	6000000089074424921
Q16509383	6000000091672806904
Q16509397	6000000082740973122
Q16509453	6000000073057097826
Q16509461	6000000023909129932
Q16509474	6000000016737374255
Q16509512	6000000010612074581
Q165096	6000000002936013635
Q165113	4534380
Q1651131	6000000030327619845
Q1651156	6000000142900513834
Q16511850	6000000021470425033
Q16511878	6000000003965718069
Q16512028	6000000020814027472
Q165121	6000000025607889400
Q1651229	6000000011692723588
Q1651240	6000000179832820839
Q16512491	6000000174563461654
Q16512591	6000000140693806972
Q1651285	6000000025072018105
Q16513913	6000000159287132849
Q16514915	6000000010311410053
Q1651497	6000000013038432946
Q16514979	6000000031850655556
Q16514994	6000000219961164846
Q16515258	6000000041833881771
Q16515464	6000000107497458883
Q16515480	6000000100227390852
Q16515604	6000000182896627832
Q16515780	6000000016369609550
Q16516365	6000000020276657458
Q16516444	5044002872070069802
Q16516912	6000000009298257331
Q16516959	6000000040249690054
Q16516962	6000000040250242554
Q16516965	6000000040250222596
Q16516968	6000000040250904945
Q1651702	6000000010755254741
Q16517257	6000000039428532959
Q1651729	6000000053074715915
Q1651756	6000000011772035789
Q16517565	6000000016561449006
Q16517753	6000000003252212148
Q1651798	6000000022524591264
Q16518052	6000000073355854012
Q16518057	6000000024774381021
Q1651860	6000000042045741546
Q1651867	6000000006847595060
Q16518685	6000000073122491838
Q16518893	6000000056324200830
Q16518950	6000000071463117031
Q16518953	6000000018666808041
Q16518958	6000000032014516407
Q16518968	6000000001472636764
Q16519341	6000000000924593004
Q16519459	6000000010210123612
Q16519465	6000000028869881887
Q16519621	6000000063393404821
Q16519819	6000000050076805975
Q16519850	6000000079776252907
Q16519901	6000000036314682961
Q16520036	6000000026009728858
Q16520038	6000000025652317310
Q16520043	6000000040237379258
Q1652018	6000000022302907274
Q16520190	6000000182564403944
Q16520194	6000000165970839849
Q16520235	6000000017870682958
Q16520352	6000000015375352271
Q16520440	6000000023911619444
Q16520444	6000000040206249740
Q16520499	6000000021990023548
Q16520562	6000000016504639161
Q16520918	6000000039587450617
Q16521100	6000000163845360832
Q16521235	6000000132532356821
Q16521269	5001440705810062912
Q1652128	6000000017138537039
Q16521394	6000000016388227591
Q16521537	6000000096373061185
Q16521710	6000000047173122218
Q16521747	6000000078071038950
Q16521780	6000000070268003952
Q165219	6000000007996975288
Q165220	6000000136813607888
Q16522296	5438009834070040276
Q16522479	6000000093965738296
Q16522592	6000000131450855939
Q16522610	6000000140115750023
Q16522697	6000000046110119830
Q16522706	6000000084658976930
Q16522761	6000000056748495285
Q16522905	6000000085292749858
Q16522917	6000000109253783870
Q16522921	6000000015798304309
Q16523029	6000000038194316602
Q16523154	6000000022685182984
Q16523155	6000000026271476831
Q16523157	6000000009367744400
Q1652320	6000000012679666392
Q16523248	6000000013104529830
Q16523252	6000000176919350828
Q16523257	6000000006718744718
Q16523428	6000000019447458608
Q16523746	6000000176272666824
Q16523747	6000000007288443887
Q16523779	6000000017852730509
Q16523780	6000000017852987079
Q16523782	6000000012185528286
Q1652382	6000000010571380542
Q16523871	6000000013239041577
Q16523872	6000000013109838442
Q16523873	6000000013110096537
Q16523888	6000000040251705623
Q16523938	6000000081846101080
Q16524089	6000000033793277878
Q165241	6000000000534888280
Q16524609	6000000156825822836
Q16524793	6000000145253938861
Q16524813	6000000144447979834
Q165249	304336581520006452
Q16525144	6000000114249361971
Q16525240	6000000119384442822
Q16525255	6000000182721846837
Q16525278	6000000184324776824
Q16525369	6000000177619154893
Q16525420	6000000144039316827
Q16525450	6000000157509811822
Q16525523	6000000150691841822
Q165257	6000000043238861221
Q1652602	6000000025564493928
Q16526126	6000000002765812705
Q16526283	6000000166717095822
Q16526324	6000000010374433550
Q16526360	6000000011393518870
Q16526389	6000000017758759203
Q16526446	6000000023981011312
Q1652650	6000000031150940836
Q16526532	6000000084529839878
Q16526563	6000000077559017943
Q16526751	6000000166396494898
Q16526817	6000000145444834825
Q16526831	6000000219845775834
Q16526911	6000000182715405913
Q16526921	6000000058358936927
Q16527039	6000000007356517250
Q16527114	6000000082803958159
Q1652727	6000000028260663139
Q16527314	6000000144927197834
Q16527332	6000000175965660822
Q16527346	6000000002557245465
Q16527347	6000000165579964999
Q16527374	6000000022354174909
Q16527407	6000000156258200822
Q16527449	6000000151451646825
Q16527494	6000000082150493840
Q165275	6000000014623537085
Q16527576	6000000109255126861
Q1652761	6000000024987072177
Q16527654	6000000047010099845
Q16527743	6000000150956806845
Q16527799	6000000157098007822
Q16527955	6000000053437303953
Q1652817	6000000005062164155
Q1652836	6000000177536811862
Q16528597	6000000027118951120
Q16528719	6000000023001407197
Q16528720	6000000008530353419
Q16528761	6000000004868944066
Q16528859	6000000040731271282
Q16528880	6000000023169441016
Q16528900	6000000178315942871
Q16528906	6000000054202433852
Q1652900	6000000001085032421
Q16529128	6000000179028537895
Q16529232	6000000012257926701
Q16529432	6000000183138000858
Q16529507	6000000011548231782
Q16529526	6000000015771856838
Q16529559	6000000051827022704
Q16529587	6000000004665669026
Q16529598	6000000064795215033
Q165296	6000000075731628876
Q16529616	6000000131257952903
Q16529631	6000000022656601874
Q16529677	6000000181712998832
Q16529714	6000000142925363936
Q16530144	6000000023770054078
Q16530269	6000000015081823385
Q16530345	6000000021451302995
Q16530438	6000000054406957977
Q1653112	6000000013547309254
Q16531250	6000000179072811015
Q1653167	6000000091372535107
Q16531900	6000000106432287838
Q16531914	6000000119919095869
Q16531963	5376629276290126795
Q16532056	6000000056223690072
Q1653235	6000000037522438407
Q1653243	6000000023039916874
Q16532805	6000000013052580440
Q16532816	6000000023488135973
Q16532879	6000000088786080822
Q1653296	6000000049470830007
Q16532985	6000000042965687060
Q16533086	6000000016204133934
Q16533266	6000000178599513840
Q16533610	6000000174544075837
Q16533636	6000000084996278128
Q1653403	6000000003963528273
Q1653431	6000000166759918133
Q1653457	6000000029962342523
Q16534762	6000000178091502932
Q1653478	6000000049041478840
Q16534875	6000000157103315822
Q165349	6000000003891739213
Q165355	6000000013271516465
Q165357	6000000017874701860
Q16536136	6000000007690450799
Q1653639	6000000015672722242
Q16536579	6000000019777384646
Q16536659	6000000092590724300
Q16537177	6000000015730320183
Q16537192	6000000072409207145
Q16537349	6000000004868330939
Q16537579	6000000019032526370
Q16537926	6000000000855468076
Q16538340	6000000060121385999
Q16538346	6000000052324829563
Q16538353	6000000023677570248
Q16538385	6000000011114305263
Q16538496	6000000073619387961
Q16538619	6000000075503061034
Q16538636	6000000179951078823
Q16538744	6000000137333922905
Q1653891	6000000178556840866
Q16539124	6000000025804471092
Q16539531	6000000029815587639
Q1653956	6000000140453311156
Q16539666	6000000096074335949
Q165397	6000000145787074885
Q16540100	6000000011436916311
Q1654032	6000000008596524292
Q16540376	6000000018011605010
Q1654107	6000000004593149410
Q1654116	6000000109343948032
Q1654148	6000000078569653402
Q165419	6000000010532533651
Q1654195	6000000170018576910
Q1654208	6000000173325875053
Q165421	6000000001167867500
Q1654212	6000000037681266178
Q16542360	6000000142887988911
Q1654256	6000000183149753840
Q1654266	6000000129553438868
Q16542841	6000000083925511960
Q16542864	4383901570650069592
Q16542915	6000000087058922902
Q16542929	6000000040046173185
Q16542949	380770571870013248
Q16542960	6000000037988148123
Q16543004	6000000011367559518
Q16543037	6000000049591235822
Q16543040	6000000087614047867
Q1654307	6000000011536446885
Q16543194	6000000061925896835
Q16543205	6000000002188502316
Q16543372	6000000036296695896
Q16543448	6000000034523355419
Q16543454	6000000022668814510
Q16543498	6000000024792130786
Q16543515	6000000027216512341
Q16543520	6000000039640466959
Q16543614	6000000122628690981
Q16543630	6000000029136350521
Q16543738	6000000013051538011
Q16543849	6000000044526362838
Q16543853	6000000179028297070
Q16543938	6000000182642707834
Q16544046	6000000056485248821
Q16544531	6000000060387371844
Q1654493	6000000060703386910
Q16544980	4074592394170021778
Q16545155	6000000156939879951
Q16545805	6000000002115864972
Q16545875	6000000011435327519
Q16545906	6000000089168415969
Q16545996	6000000015298103896
Q16546004	6000000011435201098
Q16546286	6000000179669955889
Q16546356	6000000089888327903
Q16546418	6000000015592699187
Q165465	6000000025863004914
Q16546677	6000000025734472146
Q16546693	4413592
Q16547111	6000000068774263833
Q16548593	6000000015152275345
Q16548781	6000000031476063086
Q16548822	6000000182717141852
Q16548869	6000000163391582833
Q1654905	6000000027021027076
Q16549371	6000000166234247822
Q16549473	6000000011335908523
Q16549623	6000000076728874386
Q16550357	6000000145360147901
Q16550409	6000000166567825823
Q16551315	6000000177508027874
Q16551333	6000000010664578938
Q16551515	6000000137537866984
Q16551716	6000000104516683839
Q16551798	6000000146296349863
Q165518	6000000013447630342
Q16551876	6000000178555068872
Q165519	6000000031230048911
Q16551944	6000000025219195860
Q16552064	6000000145331375867
Q16552088	6000000165983880830
Q16552122	6000000136880360838
Q16552134	6000000175352821823
Q16552167	6000000146045730830
Q16552184	6000000182737234870
Q165522	6000000005908138871
Q165524	6000000016998811817
Q165534	6000000140727705434
Q1655406	6000000020677696523
Q16554209	6000000027346974388
Q16554329	6000000010542700287
Q16554382	6000000036422023802
Q165544	6000000006348451166
Q16554578	6000000134416487821
Q16554647	6000000149975347892
Q1655480	6000000014199304423
Q16555070	6000000157507351861
Q1655520	6000000010028529250
Q16555365	6000000141141149965
Q1655550	6000000057024554917
Q16555665	6000000016243159752
Q165557	6000000003089506774
Q16555712	6000000157689780869
Q16555810	6000000072410811096
Q16555816	6000000140760968908
Q16555968	6000000019224522929
Q16556026	6000000182720275907
Q16556035	6000000136360142857
Q16556042	6000000141070882828
Q16556051	6000000021696413987
Q16556083	6000000006603177266
Q16556154	6000000007208719947
Q165568	6000000012734378784
Q16556925	6000000008061591097
Q16556941	6000000000138830708
Q16557008	6000000024503598646
Q16557053	6000000039952726407
Q16557139	6000000022875136342
Q16557231	6000000156860173950
Q16557241	6000000182772955871
Q16557243	5170320694950110714
Q16557252	6000000025632545430
Q16557269	6000000081617593848
Q165573	6000000025019351849
Q16557307	6000000038242359935
Q16557318	6000000182778420822
Q16557365	6000000080004370364
Q16557436	6000000013488171325
Q16557439	6000000022772964623
Q16557460	6000000039121479256
Q16557489	6000000024268432308
Q16557530	6000000168807306031
Q16557740	6000000157506838825
Q16557821	6000000082602321162
Q16557982	6000000011061376715
Q16558045	6000000022393618511
Q16558055	6000000008860534906
Q16558060	6000000015395239482
Q16558060	6000000190451304659
Q16558116	6000000019206839034
Q1655816	6000000163747803979
Q16558162	6000000133378134864
Q16558326	6000000182079149822
Q16558332	6000000163318769917
Q16558335	6000000125246465896
Q16558350	6000000134085135895
Q1655840	6000000033476096307
Q16558535	6000000159902390846
Q16558710	6000000019583023053
Q16558763	6000000004868808059
Q16558789	6000000016432446547
Q16558908	6000000156640165826
Q16558964	6000000145376670891
Q16559082	6000000015275325897
Q16559096	6000000166192782826
Q16559159	6000000137215206821
Q1655924	6000000002907255085
Q165593	6000000001264823464
Q16559401	6000000006711559807
Q16559404	6000000009375423346
Q16559412	6000000010392807545
Q16559427	6000000139476320139
Q16559436	6000000030581047835
Q16559451	6000000015388650215
Q16559451	6000000015388704022
Q16559456	6000000157405049822
Q16559472	6000000137639068824
Q16559480	6000000015891026310
Q16559492	6000000177018562822
Q16559511	6000000163188298821
Q16559612	6000000143330187006
Q16559652	6000000109268559878
Q16559781	6000000175277697349
Q16559888	6000000140725062936
Q16559898	6000000150907648408
Q16559929	6000000151402982945
Q16559932	6000000146288918822
Q16559950	6000000151124650831
Q16559955	6000000092115468077
Q16559995	6000000015146950340
Q16560009	6000000024131801118
Q16560023	6000000157841661944
Q16560068	6000000166795711822
Q16560071	6000000166437704907
Q16560085	6000000090832239125
Q16560091	6000000184021853850
Q16560108	6000000155817409871
Q16560133	6000000166924789822
Q16560333	6000000156205583856
Q16560336	6000000219818192831
Q16560347	6000000076441940836
Q16560378	6000000021147132092
Q16560379	6000000140760808848
Q16560503	6000000182866144835
Q16560602	6000000142927188933
Q16560698	6000000173774860835
Q16560817	6000000156413657834
Q16560834	6000000157569451905
Q16560931	4357581718150039340
Q16560948	6000000166674236834
Q16560974	6000000156411448978
Q16560999	6000000137337637872
Q16561023	6000000037867379032
Q16561043	6000000009263898553
Q16561047	4304030
Q16561064	6000000142991191853
Q16561065	5016669950370024927
Q16561080	6000000010409004506
Q16561088	6000000156220567865
Q16561089	6000000009402983149
Q16561091	6000000143557925842
Q16561107	6000000145360473876
Q16561132	6000000150664879822
Q16561135	390289856060011889
Q16561140	6000000044375939059
Q16561170	6000000011780263956
Q16561195	6000000141506687821
Q16561240	6000000002622456902
Q16561299	6000000151460196850
Q16561338	6000000017633777630
Q16561446	6000000076016469008
Q16561459	6000000023676446498
Q16561468	6000000081359520040
Q16561483	6000000015016427757
Q16561591	6000000078970686839
Q16561615	6000000016094226548
Q16561627	6000000066009786836
Q16561668	6000000053442617951
Q16561683	6000000105903861043
Q16561702	6000000014072828137
Q16561722	4345143965980052926
Q16561731	6000000018648123871
Q16561738	6000000179771449831
Q16561768	6000000014959053447
Q16561774	6000000051344876342
Q16561788	6000000003684694138
Q16561812	6000000177799631827
Q16561828	6000000105971161852
Q16561909	6000000155524441894
Q16562041	6000000008581420655
Q16562176	6000000014950548820
Q16562244	6000000001758812674
Q16562300	6000000156928018831
Q16562319	6000000150984112836
Q16562346	6000000065870942085
Q16562393	6000000140692386944
Q16562403	6000000156193346868
Q16562408	6000000178601791835
Q165625	6000000174873818111
Q16562503	6000000030898627529
Q16562511	6000000029219042502
Q16562571	6000000010263408258
Q16562687	6000000002026200319
Q1656270	6000000037690681457
Q16562746	6000000026481597072
Q16562793	6000000069528264029
Q16562796	6000000020648952848
Q16562880	6000000018497376195
Q16562974	6000000015582422316
Q16562977	6000000169009155959
Q16563047	6000000031047214942
Q16563055	6000000022757184114
Q16563273	6000000076053761128
Q16563274	6000000010502826904
Q16563333	6000000174225889814
Q1656358	6000000012769769292
Q16563802	6000000084753290014
Q16564048	6000000080741637022
Q16564076	6000000008666687426
Q16564079	6000000011526678482
Q16564090	6000000083535342378
Q16564145	6000000036685707182
Q16564209	6000000040572062627
Q16564222	6000000007830349837
Q16564259	6000000096823814920
Q16564267	6000000006927677042
Q16564347	6000000019398873755
Q16564375	6000000003503242019
Q16564396	6000000021209731011
Q16564426	6000000019206733539
Q16564447	6000000020337996968
Q16564705	6000000175573229923
Q1656472	6000000082466567493
Q16564765	6000000019894545004
Q165648	4752720750130080299
Q1656483	6000000020531764210
Q16564901	6000000054190524847
Q1656492	6000000039351644237
Q16565159	6000000169613316831
Q1656517	6000000029138177979
Q16565317	6000000181907400836
Q16565531	6000000024550707195
Q1656561	6000000018041405555
Q16565613	6000000011304879598
Q1656563	6000000027667359473
Q16565648	6000000036879329592
Q16565663	6000000019373228216
Q16565710	3046133
Q1656572	6000000132260218966
Q1656574	6000000071636289775
Q16565771	6000000115280794611
Q16565794	5539539559470052032
Q16565816	6000000026467711258
Q16566045	6000000085311693979
Q16566060	6000000100082442990
Q16566100	6000000085512890943
Q16566137	6000000018389111861
Q16566140	6000000111837653929
Q16566199	6000000183140442828
Q16566506	6000000174344622835
Q1656667	6000000168672742022
Q165667	6000000047224889888
Q16566794	6000000017718564495
Q16566795	3045881
Q16566796	6000000150919869946
Q16566879	6000000182764096910
Q16567071	6000000011964320730
Q165671	6000000061091593222
Q16567346	6000000179232280823
Q165674	6000000003219727932
Q16567633	6000000146474631828
Q165680	6000000007618667556
Q1656814	6000000005018028573
Q16568403	6000000055581558002
Q16568643	5332547480860046939
Q16568644	6000000007826003451
Q1656923	6000000033577457240
Q16569317	6000000017047196157
Q1656944	6000000001343141476
Q1656955	6000000002900597090
Q1656969	6000000036692601848
Q16569752	6000000009542777464
Q16569754	6000000014569833690
Q16569981	6000000173482883754
Q165706	6000000002744372265
Q16570755	6000000075503252922
Q16570767	6000000028543474958
Q16570777	6000000020628810224
Q165709	6000000003095841577
Q16570945	5391950997870081496
Q16571	6000000016300060756
Q16571234	6000000001983800628
Q16571352	6000000156413683906
Q16571426	6000000180235902833
Q16571429	6000000000504895542
Q16571435	6000000040320583234
Q16571455	6000000023267896262
Q16571471	6000000168180261852
Q16571513	6000000029759924650
Q16571534	6000000024186678464
Q16571615	6000000009380679852
Q16571823	6000000038337977486
Q16571837	6000000019136802863
Q1657190	6000000078152720229
Q16572055	6000000068365156205
Q16572066	6000000163329614825
Q165721	6000000021025019513
Q1657232	6000000064527437851
Q1657234	6000000013218108950
Q16572356	385026461040011821
Q16572359	6000000150852270506
Q1657250	6000000025415654259
Q16572800	6000000081779517896
Q1657297	6000000004682824741
Q16573043	6000000000865459151
Q1657306	6000000097187043968
Q16573097	6000000077691483562
Q16573125	6000000000351045913
Q16573168	6000000052760968657
Q1657319	6000000026174276759
Q16573308	6000000021502157688
Q16573310	6000000001699453627
Q16573313	6000000069705800953
Q16573359	6000000001670704759
Q16573381	6000000007225678274
Q16573551	6000000002562091999
Q16573751	6000000006651205007
Q16573757	6000000066009066058
Q16573811	6000000145230341063
Q1657389	6000000002802209647
Q16573911	6000000012935375023
Q16573948	6000000011535582857
Q16573962	6000000155126208830
Q16574	6000000012827207223
Q16574028	6000000145226202896
Q16574083	6000000031810470297
Q16574098	6000000179897402832
Q165741	6000000019525999936
Q16574141	3140001
Q16574157	6000000011018016110
Q1657417	6000000096324630160
Q16574193	6000000019207249014
Q16574196	6000000178579377825
Q16574228	6000000143117043875
Q16574339	6000000156885671847
Q16574352	6000000137552886886
Q16574361	6000000163824332066
Q16574371	6000000163843518821
Q16574385	6000000163412985634
Q16574442	6000000137612878186
Q1657452	6000000182616143862
Q16574591	6000000089389171872
Q16574591	6000000089390888822
Q1657466	6000000174862041840
Q1657476	6000000009895399434
Q16574772	6000000178117733822
Q16574779	6000000072332284155
Q1657478	6000000024852233554
Q16574794	6000000005278690002
Q1657483	6000000013791284201
Q165749	6000000076880452473
Q1657493	6000000060142690496
Q1657502	6000000008340308126
Q1657520	6000000070761970048
Q16575265	6000000181173318846
Q1657540	6000000040633016481
Q16575450	6000000144812814017
Q1657551	2656450
Q165756	6000000113298264968
Q1657566	6000000072642875060
Q1657569	6000000008403306754
Q1657571	6000000032207302980
Q1657606	6000000183974954831
Q16576085	6000000151402954971
Q16576111	6000000105686175364
Q16576167	6000000084326946168
Q16576275	6000000140759630238
Q16576347	6000000166774749921
Q16576403	6000000104583185282
Q16576476	6000000030898959737
Q16576514	6000000079553674919
Q16576556	6000000046140794897
Q16576599	6000000029589910630
Q16576620	6000000084983170886
Q16576644	6000000021932976626
Q16576655	6000000014074463487
Q16576678	6000000167312594128
Q16576702	6000000069467757022
Q16576721	6000000037174728567
Q1657675	6000000142045114822
Q1657682	6000000053821185847
Q16576823	6000000011955105854
Q16576829	6000000036911060275
Q1657687	6000000065904706898
Q1657691	6000000012474960627
Q16576916	6000000182734293840
Q16576995	6000000145378677823
Q165770	6000000001877472921
Q16577042	6000000109005939923
Q16577238	6000000017756078436
Q16577283	6000000005360618009
Q16577997	6000000080757863974
Q16578169	330163238830004113
Q16578287	6000000175710208828
Q165786	2110424
Q16578735	6000000030040210270
Q165792	6000000020625705416
Q16579983	6000000016487015460
Q1658008	6000000021519334836
Q1658011	6000000029676420615
Q16580286	6000000000161230827
Q165804	6000000000637333491
Q16580512	6000000000111044499
Q16580649	6000000000485441839
Q16581	6000000000407924327
Q1658118	6000000006809096064
Q16581457	6000000002802853640
Q16581488	6000000008698762187
Q16581541	6000000000371194610
Q1658201	6000000037996708888
Q1658224	6000000026173024840
Q16582242	4957568986790038033
Q16582354	6000000008290257792
Q16582426	6000000141075638878
Q16582449	5332513252400085073
Q16582599	6000000022686486447
Q1658281	6000000018907291013
Q16582814	6000000024239662338
Q16582817	6000000145627776821
Q16582902	6000000156825865836
Q16582953	6000000182494566848
Q1658309	6000000039258694838
Q1658336	6000000006590378024
Q16583416	6000000006764266404
Q1658357	4479315
Q1658365	4076801455430072222
Q16583881	6000000000644776099
Q16584132	6000000145760278865
Q16584367	6000000038198320252
Q16584696	6000000075740798821
Q16584697	6000000008078975853
Q165849	6000000018785858993
Q1658502	6000000013083325522
Q1658509	6000000084791154121
Q165854	6000000011286122790
Q1658552	6000000083272503864
Q16585834	6000000006641274001
Q16585837	6000000078412903629
Q1658606	6000000069281013934
Q16586111	6000000105340640438
Q165864	6000000072329685846
Q16586720	6000000014655970806
Q16586785	6000000183073705842
Q16586878	6000000141044116851
Q16587409	6000000030898536323
Q16587429	6000000155792880840
Q16588010	6000000020201923043
Q16588013	6000000002460337190
Q16588045	6000000019438585175
Q16588072	6000000004170233340
Q16588077	6000000068497264164
Q16588181	6000000017708810543
Q16588183	6000000013173856327
Q16588186	6000000017759075582
Q16588189	6000000014656128040
Q1658963	6000000041503247426
Q1658966	6000000019494609090
Q16589964	6000000011243025102
Q16590160	6000000007344631210
Q16590246	6000000073734095768
Q16590256	6000000145226010872
Q16590320	6000000149944905904
Q16590402	6000000155803113837
Q16590439	6000000022151565746
Q1659081	6000000015686278326
Q1659086	6000000009450147873
Q1659087	6000000091778191822
Q16590899	6000000177862634831
Q1659091	6000000062670067907
Q16590970	6000000041882928251
Q16590972	6000000029135109455
Q1659098	6000000021221362459
Q16590992	6000000012597125859
Q16590997	6000000009944170309
Q165910	6000000034406322372
Q1659117	6000000027368455132
Q1659119	6000000028767039980
Q16591298	6000000177039983828
Q16591523	4620823373900059328
Q1659170	6000000006871841042
Q16591845	6000000050257826861
Q16591850	6000000016963088475
Q16591869	6000000008438567873
Q1659191	6000000036947100942
Q16591991	6000000056294670905
Q16592006	6000000041815244014
Q16592020	6000000072242611092
Q1659223	6000000081103203870
Q16593022	6000000038101557960
Q16593026	6000000173141789095
Q16593294	6000000181427326821
Q1659349	6000000009954216544
Q1659364	6000000055092266273
Q1659375	6000000017877861354
Q1659394	6000000040499652306
Q16594065	6000000106943198986
Q16594068	6000000015762182829
Q16594084	6000000032493157984
Q1659410	6000000116162891821
Q16594159	6000000087793328919
Q16594258	6000000166455357821
Q16594463	5390498316400081840
Q16594471	6000000069876319874
Q16594475	6000000007248744357
Q16594477	5450443659870110895
Q16594556	6000000008425628120
Q16594560	6000000006127601380
Q16594608	6000000015683656266
Q16594621	6000000039243404013
Q16594644	6000000017980463804
Q16594649	6000000006127824600
Q16594694	6000000014630777823
Q16594706	6000000081839850045
Q1659471	6000000014866726132
Q16594740	6000000036599214181
Q16594758	335969911140011698
Q16594761	6000000013260154428
Q16594779	6000000019426608456
Q16594788	6000000002600678040
Q16594797	6000000019452533222
Q16594800	6000000006127732720
Q16594812	6000000002360631270
Q16594917	6000000159444433822
Q1659499	6000000032411914018
Q16595000	6000000008657166548
Q16595004	6000000006421034257
Q16595031	6000000035113004386
Q16595051	6000000088110084894
Q16595054	6000000010298895944
Q16595083	6000000039836961691
Q16595127	6000000041974691119
Q16595197	6000000003962022836
Q16595199	6000000018088567187
Q1659524	6000000018051661644
Q16595244	6000000012540862143
Q1659526	6000000011548463434
Q16595296	6000000018319327037
Q16595323	6000000023781675937
Q16595392	6000000006818330796
Q16595401	6000000026755877979
Q16595452	6000000002924789296
Q16595462	6000000006127255937
Q16595484	6000000030961691395
Q16595487	6000000052421409836
Q1659551	6000000020369522472
Q16595599	6000000013087949643
Q16595619	6000000020074713437
Q16595675	6000000036622368406
Q16595719	6000000002089665897
Q16595833	6000000041974557299
Q16595847	6000000022734732570
Q16595894	6000000006127564296
Q16595961	6000000026291139639
Q16595966	6000000037381080013
Q16595992	6000000021163101399
Q16596085	6000000010048831579
Q16596090	6000000052421479859
Q16596099	6000000024179468962
Q16596119	6000000048131769811
Q16596135	6000000011509967816
Q16596156	6000000000356344491
Q16596162	6000000004847620263
Q16596166	6000000003889029032
Q16596183	6000000018573249277
Q16596199	6000000012056862710
Q16596214	6000000012617279421
Q16596225	5335366355750074303
Q16596288	6000000003146090085
Q16596290	6000000039074542185
Q16596297	6000000012878424788
Q16596302	6000000076787298961
Q16596306	6000000014532557083
Q16596315	6000000149984421096
Q16596324	6000000019532384348
Q16596393	6000000003238844017
Q16596406	6000000002372371177
Q16596421	6000000067619820823
Q16596425	6000000026560787156
Q16596439	6000000082727578858
Q1659644	6000000015063202751
Q16596454	6000000025473882444
Q16596483	6000000006127373856
Q16596500	6000000093910374822
Q16596504	6000000014123480292
Q16596571	6000000024821082341
Q16596588	6000000129325357837
Q1659660	6000000011212266422
Q1659660	6000000015062662612
Q16596625	6000000056764463855
Q16596643	6000000035800375321
Q1659672	6000000001504889420
Q16596878	6000000009633382870
Q165969	6000000017180310834
Q16597	6000000068496521822
Q16597108	6000000082418082901
Q16597130	6000000026419434743
Q16597210	6000000178375746847
Q16598267	6000000079193006836
Q165983	385226639660012698
Q16598304	6000000143237680827
Q16598338	6000000173875019109
Q16598600	6000000016828802591
Q16598907	6000000078100405943
Q16599167	6000000173242833998
Q1659929	6000000035942182800
Q1659944	4721732038620069541
Q16599766	6000000166039621822
Q166000	6000000022161126153
Q16600211	6000000011680067415
Q16600317	6000000163233057893
Q1660081	6000000008248298661
Q16601216	6000000161453526822
Q16601523	6000000002188440267
Q16601551	6000000035313104006
Q166016	6000000004086650765
Q16601639	6000000010129177699
Q16601720	6000000150996948822
Q16602070	6000000094620997349
Q16602077	6000000079213780483
Q1660208	6000000166585958822
Q16602139	6000000174568965679
Q16602147	6000000005817625016
Q16602155	6000000000875078529
Q16602183	6000000071477660846
Q16602185	6000000008685616902
Q16602190	6000000057848062991
Q16602193	6000000019196956048
Q16602196	6000000011480107530
Q166023	6000000003403254598
Q1660236	6000000006938974436
Q166028	4134741994550032164
Q1660290	6000000006335707335
Q16603288	6000000074791825001
Q16603290	6000000074791731045
Q16603291	6000000074791859984
Q16603292	6000000074792280830
Q16603294	6000000012653572201
Q16603393	6000000022293542192
Q16603481	6000000037746619227
Q16603585	6000000075049912990
Q16603589	6000000036573958727
Q16603659	6000000075049517102
Q16603709	6000000075049666993
Q16603717	6000000074688352148
Q16603723	6000000038241897163
Q16603729	6000000075049972832
Q16603742	6000000075486611838
Q16603752	6000000075049877867
Q16604130	6000000032579890954
Q16604131	6000000049996350169
Q16604147	6000000008675879811
Q1660437	6000000180974569821
Q1660499	6000000182084740826
Q16605336	6000000008924658917
Q16605380	6000000010313220551
Q166056	6000000004309347122
Q16605842	6000000055205404846
Q16605929	6000000081869330113
Q16605971	6000000139683604821
Q16605974	6000000027609216095
Q16606070	6000000006706334818
Q16606073	6000000009707918620
Q16606107	6000000018496972902
Q16606148	6000000009035780312
Q16606202	6000000035962791762
Q16606227	6000000018648517189
Q16606240	6000000003273391760
Q16606262	6000000001142518049
Q16606270	6000000175876697824
Q16606338	6000000155257442846
Q16606713	6000000014070889076
Q16606729	6000000060778611051
Q16606753	6000000014083849243
Q16606801	6000000015754746440
Q16606813	6000000019819138398
Q16606816	4277684857540033796
Q16606822	6000000203812146825
Q16607258	6000000006129030633
Q1660876	6000000052574064872
Q16609009	6000000017672444879
Q166092	6000000029219977401
Q16609504	6000000069994625839
Q16609553	6000000076171273964
Q16609556	6000000078254340940
Q16610284	6000000016571314852
Q1661029	6000000031632090528
Q16610358	6000000019283750919
Q1661043	6000000002588976151
Q1661053	6000000009625454659
Q166106	6000000136773024829
Q16610899	6000000048132853079
Q16610908	6000000003386429191
Q1661130	6000000030351285982
Q16611544	6000000172702871410
Q16611559	6000000009561396980
Q1661236	6000000017729804418
Q16613035	6000000166560447846
Q16613232	6000000002764894177
Q1661359	6000000011302321591
Q16613741	6000000173604975838
Q16613953	6000000019777011539
Q1661398	6000000003560480870
Q16615103	6000000025238616473
Q16615274	6000000177807318864
Q16615661	6000000008597295997
Q166159	6000000120287965100
Q16615961	6000000174370700822
Q16616041	6000000178910223845
Q16616050	6000000004213760892
Q16616102	5465447759850117633
Q16616141	6000000007319821228
Q16616182	6000000156799796859
Q16616395	6000000004274346632
Q1661646	6000000002854292805
Q16616987	6000000028853640201
Q16617146	6000000006409590772
Q166172	6000000133389157861
Q16617486	358741419170012878
Q16617517	363687474730012334
Q16617532	6000000038369318144
Q16617618	6000000175068403443
Q1661762	6000000074748445366
Q16617695	6000000172399760821
Q16617857	6000000078668825088
Q1661786	6000000029517714826
Q1661801	6000000009693725898
Q16619057	6000000134062069003
Q16619231	6000000137333489202
Q16619534	435148
Q1661955	6000000166015739863
Q16619627	6000000016751139680
Q166197	6000000071031964910
Q166198	4127756260420026840
Q16619869	6000000010584710383
Q16619983	6000000102507165833
Q16620415	6000000047732901340
Q16620418	6000000080881501897
Q16620420	6000000169019608106
Q16620466	352076515160012956
Q16620596	6000000140443768062
Q16620634	6000000021736068879
Q16620667	6000000006630870012
Q16620670	6000000013446186950
Q16620671	6000000090878469127
Q16620696	6000000042596645994
Q16620699	6000000113574208914
Q16620731	6000000015578708362
Q1662099	6000000171666697321
Q166212	6000000027891028951
Q16621317	6000000023187273887
Q166216	6000000058819598922
Q16621800	6000000156473214865
Q16621884	6000000143563399407
Q16621954	6000000157398005822
Q1662245	6000000009152970257
Q16622470	6000000141026106948
Q1662249	6000000009412095610
Q16622992	6000000019277311136
Q1662316	6000000183166976862
Q16624136	6000000030816513215
Q16624308	6000000036938590397
Q16624312	6000000016568056119
Q16624327	6000000016810799775
Q166251	6000000056105849865
Q1662531	6000000019748733906
Q1662534	6000000026605736053
Q16625378	6000000014026938392
Q16625418	6000000176155843878
Q16625616	6000000017671754330
Q16625672	6000000173155893142
Q16626679	6000000026283077776
Q16626694	6000000204785178880
Q16626780	6000000006595264475
Q16627137	6000000004563679954
Q1662749	6000000061516077891
Q1662755	6000000026829959509
Q1662766	6000000007094395618
Q166277	6000000011198441446
Q16627890	6000000136541563849
Q16628057	6000000091231689856
Q16628064	6000000008190662970
Q16628261	6000000060384585933
Q1662842	6000000126940091845
Q1662891	6000000054306919301
Q16628910	6000000010290445635
Q16629116	6000000018514300584
Q16629202	6000000074669468999
Q1662945	6000000178058558842
Q1662949	6000000001541001870
Q166295	6000000013185122493
Q1663004	6000000000559509192
Q16630486	6000000013929850502
Q1663082	6000000032320600970
Q1663143	6000000016362042592
Q16631659	6000000006257613679
Q166318	6000000020771933808
Q1663271	6000000017886005147
Q16632855	6000000101637913897
Q16633050	6000000018726048510
Q16633133	6000000176993626847
Q16633191	6000000022973916132
Q16633216	6000000027703121755
Q16633252	6000000021848676869
Q1663335	6000000010715431323
Q16633374	6000000023098651412
Q16633564	6000000066975421051
Q1663394	6000000017336055440
Q1663420	331308613520013145
Q1663432	6000000181328236877
Q1663442	6000000008327027296
Q16634886	5207969760350053008
Q16634892	6000000206068851830
Q16634952	6000000003209102653
Q16635049	6000000003243191535
Q166351	6000000031918791094
Q16635350	6000000006767572645
Q16635386	6000000042611828596
Q16635932	6000000014571706468
Q16636021	6000000016943940460
Q16636058	6000000171519082870
Q16636476	6000000028791798093
Q16636479	6000000037495958923
Q16636657	6000000073306753876
Q16636984	6000000088731887821
Q16637049	6000000194666545822
Q16637077	6000000008093818429
Q16637121	6000000027761858074
Q16637158	6000000139474471685
Q16637337	6000000039735151564
Q16637447	6000000014286631611
Q16637483	6000000003354793264
Q16637490	6000000017961140565
Q16637503	6000000007891546377
Q16637521	6000000006095628011
Q16637534	6000000014131041071
Q16637681	6000000039599975687
Q166379	6000000001300564585
Q16638201	6000000109335773847
Q1663861	6000000084961673260
Q16638735	6000000018400214150
Q166389	6000000009352302187
Q16639559	6000000018946543649
Q16639861	6000000179616253821
Q16640097	6000000008177296942
Q16640387	6000000000142950427
Q1664054	6000000015907884463
Q1664078	6000000069443761415
Q16640890	6000000012887174903
Q1664142	6000000037405914442
Q1664153	6000000182012273823
Q16641573	6000000033198432405
Q16641646	6000000012668015559
Q166420	6000000020668376964
Q1664205	6000000020775525152
Q16642291	6000000016605952522
Q16642314	6000000081728693324
Q16642510	6000000003828228943
Q1664315	6000000009589671065
Q1664334	6000000015632868980
Q1664365	6000000002794854904
Q1664379	6000000040671302336
Q16643908	6000000089336645835
Q1664458	6000000012941199045
Q1664467	6000000026905362132
Q16644911	6000000197432436911
Q16645222	6000000018130007133
Q16645235	6000000013113795568
Q16645238	6000000016420139796
Q16645477	6000000178226444969
Q16646077	6000000065174121987
Q16646094	6000000036517407030
Q16646158	6000000009146975754
Q16646201	6000000020869043302
Q1664698	6000000055183986882
Q1664726	6000000048923890927
Q16647316	6000000073338755878
Q16647319	6000000183844061884
Q16647433	6000000001789381695
Q16647439	6000000033320275901
Q1664833	6000000178306723033
Q16649057	6000000098302098855
Q16649063	6000000011591117871
Q16649064	6000000006127409196
Q16649107	6000000071379985913
Q16649110	6000000052886152035
Q16649115	6000000002685092459
Q16649119	6000000008814677696
Q16649122	6000000014198536246
Q16649129	6000000018707330417
Q16649140	6000000030810559882
Q16649144	6000000019254682338
Q16649150	6000000025607428494
Q16649151	6000000027387788017
Q16649181	5549886545060053488
Q16649186	6000000006329418862
Q16649197	6000000036623793149
Q16649198	6000000019271127288
Q16649211	6000000066473512994
Q16649214	6000000014944312961
Q16649224	6000000048702180890
Q16649227	6000000011399383941
Q16649229	6000000001179870832
Q16649230	6000000029309166377
Q16649236	6000000031596549990
Q16649237	6000000006432065381
Q16649238	6000000074093283889
Q16649239	6000000116657107906
Q16649247	6000000020697067081
Q16649253	6000000007281865233
Q16649278	6000000000847531371
Q16649299	6000000019554388924
Q16649301	6000000002496613078
Q16649305	6000000018940816706
Q16649307	6000000008989121239
Q16649322	6000000021199325410
Q16649330	6000000027546468079
Q16649333	6000000019978326743
Q16649351	6000000006917382588
Q16649367	6000000079779946956
Q16649380	6000000021439124062
Q16649382	6000000011656937972
Q16649385	6000000019734642243
Q16649394	6000000018694555603
Q16649403	6000000007643596303
Q16649406	6000000014608899988
Q16649408	6000000034210477875
Q16649414	6000000076479337829
Q16649421	6000000000598165158
Q16649431	6000000005250785918
Q16649432	6000000005250785929
Q16649435	6000000034145161948
Q16649442	6000000022792451870
Q16649445	6000000044211068654
Q16649447	6000000019540148550
Q16649448	6000000067849440014
Q16649457	6000000029309429325
Q16649469	6000000001846212371
Q16649474	6000000001686278344
Q16649485	6000000003647097974
Q16649489	6000000001288114021
Q16649502	6000000007398596324
Q16649506	1382316
Q16649536	6000000175605798907
Q16649538	6000000063692683437
Q16649541	6000000019250140885
Q16649542	6000000001642280178
Q16649547	6000000009708310415
Q16649550	6000000003051809862
Q16649554	6000000028376718156
Q16649556	6000000111114929871
Q16649564	6000000011602369820
Q16649567	6000000019176840512
Q16649573	6000000026440075417
Q16649575	6000000012674961794
Q16649581	6000000037753975050
Q16649594	6000000002771985304
Q16649602	6000000006127401022
Q16649605	6000000006870625024
Q16649606	6000000010655103978
Q16649618	6000000182203042827
Q16649627	6000000015140637073
Q16649637	4592410796700031770
Q16649640	6000000000757944542
Q16649647	6000000030501263096
Q16649652	6000000006838561154
Q16649654	6000000006127846228
Q16649660	6000000019198558550
Q16649663	6000000006970079615
Q16649664	6000000020019980089
Q16649667	5535954532680035046
Q16649671	6000000102717278948
Q16649674	6000000097071620302
Q16649681	6000000069126745937
Q16649683	6000000181673914843
Q16649697	6000000030253116661
Q16649700	6000000180025865928
Q16649701	379885765180012924
Q16649703	3676118
Q16649707	6000000005436695804
Q16649713	4582420721710050642
Q16649715	6000000180227275861
Q16649722	6000000018203407314
Q16649725	6000000042693171415
Q16649728	6000000020663240735
Q16649729	6000000042559050283
Q16649748	6000000001541002866
Q16649750	6000000024140374291
Q16649757	6000000017262524404
Q16649760	6000000041055193606
Q16649763	6000000020153937086
Q16649765	6000000017980310815
Q16649772	6000000021731766883
Q16649774	6000000220528027841
Q16649778	6000000182506383853
Q16649780	5262328193020111110
Q16649800	6000000036442252995
Q16649806	6000000023127890284
Q16649814	6000000171296932924
Q16649816	6000000017201788666
Q16649820	6000000006945945257
Q16649824	6000000182710251842
Q16649825	6000000002447690092
Q16649831	6000000029981077844
Q16649833	5360674367490051013
Q16649838	6000000008767154516
Q16649846	6000000002600507733
Q16649848	6000000006823097257
Q16649850	6000000012470697403
Q16649852	6000000010039247171
Q16649853	6000000005231119915
Q16649857	6000000004638536092
Q16649867	6000000002553166797
Q1664987	6000000034483660980
Q16649871	6000000041931920958
Q16649873	6000000026875287005
Q16649875	6000000014934914202
Q16649881	6000000014168835964
Q16649883	6000000008963872279
Q16649889	6000000020948104695
Q16649903	6000000019253888473
Q16649906	6000000022783455189
Q16649915	6000000019266078834
Q16649916	6000000014443277798
Q16649917	6000000002577182776
Q16649918	6000000007514141348
Q16649919	6000000004847159981
Q16649927	6000000002196022166
Q16649928	6000000015988680092
Q1664995	6000000019699602294
Q16649951	6000000076920569665
Q16649952	6000000001094729592
Q16649953	6000000007463980367
Q16649956	6000000022731426403
Q16649958	6000000013020967973
Q16649959	6000000023266193791
Q16649960	311815313480004654
Q16649966	6000000022553158713
Q16649971	6000000006127174051
Q16649975	6000000019358972697
Q16649981	6000000204685928821
Q16649996	6000000012888538920
Q16650004	6000000015842967270
Q16650009	6000000009836945761
Q16650010	6000000019514921808
Q16650014	6000000019323249872
Q16650018	6000000001035706835
Q16650026	6000000036622657043
Q16650031	6000000007277927578
Q16650038	6000000006994708048
Q16650041	6000000002089685461
Q16650044	6000000017618971825
Q16650045	6000000002089828246
Q16650046	6000000013348681742
Q16650047	6000000020236933301
Q16650048	6000000024430942882
Q16650053	6000000008351178060
Q16650055	6000000011361323193
Q16650062	6000000024876338633
Q16650066	3776854
Q16650077	6000000006952952307
Q16650086	6000000080676991821
Q16650094	6000000011340198463
Q16650110	6000000027541396248
Q16650111	3047314
Q16650112	6000000025423536310
Q16650120	6000000041352727056
Q16650121	6000000002309876660
Q16650133	6000000013087903046
Q16650155	6000000009640498723
Q16650159	6000000087822910152
Q16650161	6000000022698794402
Q16650163	6000000001720825110
Q16650164	6000000012418706442
Q16650165	6000000041635107338
Q16650171	6000000023038375841
Q16650172	6000000023038401921
Q16650183	6000000012536285136
Q16650194	6000000079202519089
Q16650195	6000000079635028054
Q16650200	6000000023822805970
Q16650201	6000000023820617196
Q16650202	6000000006127453016
Q16650205	6000000019044426650
Q16650206	4461002
Q16650210	6000000000581202109
Q16650212	6000000042293853728
Q16650214	6000000017970673005
Q16650221	6000000063114204380
Q16650224	6000000006127529101
Q16650233	6000000009848985645
Q16650235	6000000042677249535
Q16650236	6000000025386216114
Q16650238	6000000040180239013
Q16650240	6000000012317342289
Q16650244	6000000010524332776
Q16650246	6000000004685033755
Q16650247	6000000003783225286
Q16650248	6000000003058779613
Q16650255	6000000013354826156
Q16650256	6000000011660317074
Q16650261	6000000117877535903
Q16650264	6000000011230105237
Q16650269	6000000072176520996
Q16650274	4989724415720070550
Q16650281	6000000132871130839
Q16650283	6000000034228817741
Q16650298	6000000005242025909
Q16650304	6000000106605131854
Q16650317	6000000001428655039
Q16650318	6000000013418211215
Q16650319	6000000015678351748
Q16650320	6000000014161181353
Q16650335	321248926590006355
Q16650339	6000000016640244102
Q16650342	6000000006136781032
Q16650356	6000000005242651377
Q16650357	6000000019196728444
Q16650360	6000000019532212634
Q16650362	6000000005219673175
Q16650367	6000000055777234927
Q16650368	6000000015168951145
Q16650374	6000000002722729989
Q16650379	6000000026437832648
Q16650397	355388040900005529
Q16650403	6000000046560620693
Q16650404	6000000006900170163
Q16650405	6000000014563583196
Q16650406	6000000048125282072
Q16650407	6000000012165270564
Q16650422	6000000022145227029
Q16650423	6000000023091645130
Q16650429	6000000019327213179
Q16650430	6000000014032409455
Q16650438	6000000019731807269
Q16650439	6000000178638914834
Q16650440	6000000178637976870
Q16650442	6000000016583896268
Q16650443	6000000015561978511
Q16650444	6000000015561930630
Q16650445	6000000035053841446
Q16650448	6000000005606935632
Q16650452	6000000025108824874
Q16650457	6000000176995984831
Q16650459	6000000006127682679
Q16650464	6000000177853846840
Q16650467	3047562
Q16650470	6000000026205747550
Q16650482	6000000079081488289
Q16650484	6000000060174547108
Q16650500	6000000029069080040
Q16650504	6000000074281148824
Q16650505	6000000006595648939
Q16650507	6000000033596250141
Q16650511	6000000176699530830
Q16650516	6000000008605117809
Q16650517	6000000008605294394
Q16650520	6000000008427686074
Q16650521	6000000010806187665
Q16650524	6000000091985268828
Q16650530	6000000077511966999
Q16650535	6000000005613277228
Q16650538	6000000066453503977
Q16650543	6000000006803630421
Q16650546	6000000013113213869
Q16650548	6000000039266949698
Q16650549	6000000013310975390
Q16650554	6000000020387152695
Q16650558	6000000002188468832
Q16650575	6000000019212742262
Q16650579	3954430825960064836
Q16650591	6000000055718388924
Q16650593	4536386
Q16650598	6000000020746718621
Q16650604	6000000029075670122
Q16650605	6000000061824468012
Q16650611	6000000096487362827
Q16650612	6000000019672518129
Q16650625	6000000019097758112
Q16650631	6000000126195886846
Q16650631	6000000138638183087
Q16650635	6000000202566277828
Q16650637	6000000017229615424
Q16650638	6000000017231130302
Q16650639	6000000138700523870
Q16650653	6000000018254901917
Q16650654	6000000010732362163
Q16650656	6000000011670274892
Q16650663	6000000044297729880
Q16650669	6000000018541756800
Q16650829	6000000072201206147
Q166517	6000000002572777512
Q16651842	6000000028031748818
Q16651856	6000000005732253006
Q16651950	6000000014620459208
Q16651991	6000000100708521008
Q16652310	6000000008277759278
Q16652406	5391921583590136706
Q16652425	5391978847630081731
Q16652447	6000000001169157255
Q1665245	6000000026884290347
Q16652509	3137656
Q16652512	6000000001169204180
Q1665332	6000000021631821012
Q166537	6000000020514456777
Q16653814	6000000058198833039
Q1665428	6000000010510875835
Q16654415	6000000013751529991
Q16654526	6000000014256407785
Q1665463	6000000021345055165
Q16654743	6000000008874153298
Q166548	6000000041315676481
Q16654975	6000000006835690850
Q1665539	6000000014220233156
Q16655509	368510249270012053
Q1665575	6000000068366471003
Q16656173	6000000174498746862
Q166562	6000000026550347455
Q1665679	6000000081239632526
Q16656986	6000000181358792846
Q16657131	6000000034441659264
Q16657152	6000000080076870978
Q16657247	6000000024361936988
Q16657287	6000000040507676176
Q16657292	6000000004212613060
Q16657357	6000000002188424964
Q16657359	6000000029412852145
Q16657429	6000000180013395875
Q16657499	6000000029732015177
Q16657546	6000000016298657087
Q16657550	6000000053138063162
Q16657785	6000000031202023836
Q16657837	6000000027573320936
Q16657888	6000000175983136822
Q16657911	6000000014254628494
Q16657918	6000000145360074939
Q16657962	6000000150691253894
Q16658056	6000000163793442822
Q16658094	6000000071462598885
Q16658247	6000000000238055705
Q16658250	6000000002421989190
Q16658266	6000000003623872297
Q16658267	5448424726590110770
Q16658270	6000000040017661161
Q16658304	6000000107445638967
Q16658308	6000000173445436899
Q16658322	6000000077289714508
Q16658324	6000000135524796962
Q16658327	6000000064158431837
Q16658335	6000000039546981267
Q16658336	6000000084918592946
Q16658337	6000000063538909200
Q16658338	6000000002512279937
Q16658341	6000000022377648058
Q16658342	6000000019024115842
Q16658344	6000000016861325203
Q16658362	6000000176960246835
Q16658426	6000000134948148021
Q166585	6000000020153732079
Q166598	6000000167803188005
Q1666	6000000004869150817
Q166604	6000000014043577396
Q166613	6000000019264773631
Q16661304	6000000094837146070
Q16661374	6000000019026337107
Q1666162	6000000002802245439
Q16661722	6000000180466510824
Q1666193	6000000180922201872
Q16661984	6000000006101317749
Q1666222	6000000003151867902
Q1666228	6000000069325561992
Q166623	6000000000874463600
Q1666271	6000000009578135442
Q16662963	6000000023104042039
Q16663075	6000000086465679871
Q166635	6000000010224567627
Q16663519	6000000045741673390
Q1666382	6000000000347014406
Q1666392	4368849555030040069
Q1666420	6000000014538072482
Q166646	6000000027968184648
Q16664772	6000000118429727687
Q1666479	6000000017298990357
Q1666505	6000000021967738637
Q16665393	6000000077648562974
Q166663	6000000010238148568
Q1666631	6000000076901446226
Q1666646	6000000063032781902
Q16666536	6000000215607132855
Q16667153	6000000036063868865
Q16667191	6000000018513908687
Q1666834	6000000034430809169
Q16668933	6000000053792878981
Q16668933	6000000217495208823
Q16668935	6000000027130425112
Q16668991	6000000206646434830
Q1666911	6000000180853792861
Q1666921	6000000077123856040
Q16669928	6000000008004986047
Q16669949	6000000022756378533
Q16670044	6000000007154719362
Q16670062	6000000069964060145
Q166701	6000000040699313241
Q16670886	6000000031059789485
Q16671180	6000000011558436832
Q16671296	6000000037085228057
Q166714	6000000009984565354
Q16671810	6000000006765782025
Q16672101	6000000017548065846
Q16672494	6000000011259192104
Q16672630	6000000008856331982
Q16672991	6000000079237512450
Q1667382	6000000006884283069
Q166741	6000000015122990915
Q16674190	6000000041784785975
Q16674462	6000000073305688374
Q16674602	6000000004148564853
Q16675577	6000000028789828904
Q1667568	6000000024902673698
Q1667626	6000000170405248483
Q16676492	6000000009129064305
Q166766	4047815039640039500
Q166768	6000000000717382308
Q16676931	6000000015163871041
Q16677217	6000000138121598017
Q16677501	6000000064765531821
Q16677788	4692574794550066534
Q1667808	6000000039349135297
Q16678653	6000000032791732011
Q16679083	6000000017616669877
Q166792	6000000018289594667
Q1667920	6000000027779169734
Q16679402	6000000133103906845
Q16679427	6000000215279528827
Q166799	6000000007402093731
Q16680018	6000000062267893047
Q16680273	6000000017933130537
Q16680906	6000000024405679173
Q16681167	6000000023200077188
Q1668192	6000000015581270542
Q16682200	6000000042982832337
Q1668221	6000000000572197486
Q1668252	6000000023935830871
Q16682585	6000000022581338307
Q16682586	6000000004541020865
Q16682588	6000000078623316958
Q16682590	6000000017992612372
Q16682842	6000000066453484908
Q1668292	6000000020372783985
Q16683084	6000000008231221421
Q1668336	6000000034978513652
Q16683667	6000000002764565003
Q1668375	6000000103429370031
Q16683763	6000000082534888039
Q1668498	6000000007722973696
Q16685166	6000000009055634353
Q1668522	6000000003822066456
Q1668568	6000000056741868185
Q1668569	6000000021522709428
Q1668575	6000000008564231789
Q16685828	6000000043019714193
Q1668583	6000000053136667867
Q16685995	6000000115430151861
Q16686319	6000000028746163959
Q16686837	6000000026695219113
Q16686913	6000000006579840442
Q1668704	6000000047372784821
Q1668825	6000000002765687599
Q16688540	6000000124271966853
Q16688725	4846381838080044410
Q166894	6000000016192055516
Q16689834	6000000002188402138
Q16690404	6000000015163760586
Q16690510	6000000011399757951
Q16690580	5044788900870077662
Q1669065	6000000020664098238
Q1669113	6000000023340734427
Q1669115	6000000028022852378
Q16691151	6000000019830249331
Q16691154	6000000057594159868
Q16691467	6000000010541026483
Q16691469	6000000038057600205
Q16691734	6000000156641754827
Q16691766	6000000018045810539
Q16691833	6000000077555026967
Q16691847	6000000010779859798
Q16691849	6000000086346228988
Q16691868	6000000065925753848
Q16691898	6000000001519814170
Q16691919	6000000035373181597
Q1669201	6000000152111625833
Q16692271	6000000008716362071
Q16692391	6000000015837125567
Q16692528	6000000026653311589
Q1669276	6000000013407368937
Q16692833	6000000064769605224
Q16692885	6000000086907129930
Q16693171	6000000078934435273
Q166932	6000000012136891986
Q1669326	6000000002801110570
Q1669336	6000000013248985359
Q16694017	6000000177120683842
Q1669437	6000000080574824946
Q1669457	6000000020827288376
Q1669469	6000000035382216618
Q1669473	6000000175625086829
Q1669524	6000000178065138974
Q16695451	6000000193546114831
Q1669554	6000000055591150879
Q1669593	6000000179142303910
Q1669614	6000000030430733976
Q1669655	6000000025807997232
Q16696713	6000000042842387532
Q16696767	6000000003827674234
Q1669682	6000000082902933400
Q1669696	6000000141025432010
Q1669708	6000000004910345016
Q16697106	6000000031239552891
Q16698801	6000000002188612381
Q16698925	6000000007495184325
Q16699563	6000000025183056772
Q16699617	6000000002683882268
Q16700037	6000000163197969877
Q1670005	6000000082407908411
Q16700396	6000000014190753614
Q16700586	6000000202354196833
Q16700657	6000000006741472980
Q1670081	6000000016255216923
Q16701210	6000000170693468075
Q1670125	6000000011592377719
Q16701731	6000000134078451825
Q1670203	6000000004163638620
Q167023	6000000027309550434
Q1670253	6000000019495161562
Q1670260	6000000036860156559
Q1670268	6000000021700885978
Q167028	6000000046720251961
Q16702915	6000000006653624529
Q1670292	6000000082733721838
Q1670302	6000000017799998405
Q1670303	6000000096122282915
Q16703496	6000000000339657826
Q16703573	6000000078364991995
Q1670362	6000000150985626825
Q16703621	6000000118221248887
Q16703639	6000000194735171849
Q16703669	5555766091180054218
Q16704341	6000000011545579447
Q1670449	6000000018751254108
Q1670468	6000000030771562750
Q16705322	6000000177736947857
Q16705424	6000000003064500897
Q16705535	6000000129668636852
Q1670592	6000000012975115636
Q16706008	6000000011591506220
Q1670606	6000000024100638634
Q16706431	6000000019783213489
Q1670668	6000000000136314251
Q16706987	6000000044368598122
Q16706995	6000000003273414278
Q16706997	6000000203489270868
Q16707223	6000000018615358203
Q167073	6000000005035587395
Q1670759	6000000020625215651
Q167076	6000000014858477825
Q16708005	6000000003941051557
Q16708326	6000000031850694458
Q16708401	6000000013321539260
Q16708406	6000000019819288805
Q1670847	6000000095389469872
Q16708656	6000000075745044123
Q16708662	6000000069522962014
Q16708925	6000000019776597291
Q1670893	6000000006451771001
Q1670898	6000000004645321051
Q1670911	6000000019090796212
Q16709922	6000000182978352821
Q16710065	6000000016457562159
Q1671041	6000000170046167898
Q16710422	6000000028746553153
Q16710426	6000000016556032308
Q16710475	6000000003390575247
Q16710574	6000000178897400821
Q16710679	6000000001387911843
Q167114	6000000022773381667
Q16711435	6000000079784458671
Q16711558	6000000017073088394
Q16711617	6000000023453001923
Q16711648	6000000019805728952
Q16712336	6000000172036803857
Q16712492	6000000149474673836
Q1671251	6000000014057954939
Q16712894	6000000013321115539
Q16713018	6000000084092551845
Q1671317	6000000037321013574
Q167132	6000000001939913635
Q167132	6000000030312284945
Q16714082	6000000019716452058
Q16714175	6000000012255306924
Q16714178	6000000013658509299
Q16714247	6000000013539132509
Q16714384	6000000015154462381
Q16714729	6000000018069722304
Q16714730	6000000018069633836
Q16715377	6000000014948891925
Q16715389	6000000027741816378
Q1671569	6000000178407378915
Q16715719	6000000019857652455
Q1671578	6000000137125887003
Q16716278	6000000072738114957
Q167167	6000000027896280387
Q16716895	6000000005921078800
Q16717166	6000000014980030649
Q16717791	6000000002978758265
Q16717799	6000000037836323158
Q16718189	6000000214092751837
Q16718389	6000000006741912528
Q16718469	6000000085355698865
Q16718541	6000000015550130380
Q1671870	6000000029097096057
Q16718813	6000000019805714876
Q16719200	6000000055616232005
Q16719644	6000000025905497082
Q16719648	6000000079142822158
Q16719652	6000000018231695706
Q16719654	6000000018231853487
Q16719656	6000000034574556840
Q16719758	6000000182097697829
Q1671994	6000000042208145642
Q16720164	6000000014405071777
Q16720252	6000000089146815846
Q16720569	6000000002802236286
Q16720867	6000000020988392989
Q16720957	6000000014065063008
Q167211	6000000091221093066
Q1672190	6000000068850708948
Q16722113	6000000007708018819
Q16722115	6000000018327115597
Q16722117	6000000039905171953
Q16722157	6000000002028508556
Q16722659	6000000130538298892
Q16722663	6000000019777130024
Q16722665	6000000130399171832
Q16722667	6000000002111481513
Q167227	6000000004630609192
Q1672282	6000000045879840167
Q1672315	6000000001357821506
Q1672326	6000000073815921833
Q167233	6000000021330134438
Q16723908	6000000038384945018
Q16723947	6000000014395731737
Q16724052	6000000012212372617
Q16724075	6000000007337650980
Q16724164	6000000017672171935
Q16724165	6000000016093606328
Q16724166	6000000016034420552
Q16724171	6000000008530170835
Q16724171	6000000209576125887
Q16724178	6000000020172670241
Q16724184	6000000125388222968
Q167242	6000000145777362837
Q1672420	6000000015640098295
Q16724241	6000000015346470952
Q16724241	6000000044502599862
Q16724241	6000000215784112832
Q16724423	6000000001767973249
Q1672460	6000000040800369986
Q1672465	6000000049576402831
Q1672502	6000000041912285310
Q1672512	6000000012095653723
Q1672562	6000000056491209837
Q16725710	6000000003904520047
Q1672586	6000000175915559826
Q16726249	6000000180037802883
Q1672657	6000000000917893852
Q167267	6000000007606229508
Q1672710	6000000045962363868
Q1672752	6000000080940263252
Q16727613	6000000056316566832
Q16728087	6000000039285497477
Q167281	6000000136537442018
Q16728123	6000000015087841312
Q16728476	6000000077870678840
Q16728498	6000000009666267806
Q1672868	6000000023852598024
Q16728739	6000000054719465850
Q16728867	6000000001351760995
Q16728989	6000000001169186866
Q1672912	6000000011024992549
Q16729143	6000000001169186893
Q16729217	6000000104558036115
Q16729311	6000000072454462876
Q16729386	6000000009802316945
Q16729486	6000000010441677619
Q16729500	6000000009377445909
Q1672964	6000000140838478821
Q16729668	6000000035608556400
Q1672970	6000000061176558833
Q16729733	6000000015483959324
Q16729844	6000000086967938048
Q16730063	6000000011738229398
Q16730126	6000000042445252708
Q1673022	6000000064783423845
Q16730265	6000000200243407821
Q1673029	6000000062364530101
Q1673056	6000000005003041240
Q167307	6000000017509181374
Q16730829	6000000041950915156
Q16730836	6000000051864020915
Q16730866	6000000206825489920
Q16731415	6000000079666639585
Q1673162	6000000018654610945
Q16731643	6000000039847031092
Q16731768	6000000035353923821
Q167318	6000000076883542327
Q16732031	6000000182694581833
Q16732185	6000000058667949840
Q16732492	6000000056329443858
Q1673264	6000000016999016292
Q1673265	6000000011425401746
Q1673282	6000000113489024825
Q1673289	6000000123476607884
Q1673294	6000000018489739327
Q1673303	6000000031328832171
Q1673308	6000000022411409439
Q16733285	6000000045929886954
Q1673350	6000000033175934910
Q1673355	6000000016032193122
Q1673360	6000000010667388687
Q1673361	6000000002528877900
Q1673364	6000000022201784422
Q1673374	6000000002799053280
Q1673379	6000000035890206935
Q1673382	6000000015606006143
Q1673389	6000000026053515260
Q1673393	6000000056542332891
Q1673396	6000000008251587590
Q1673408	6000000001051799668
Q1673413	6000000006598291272
Q1673416	6000000002764784268
Q1673417	6000000017231112506
Q1673420	6000000001180129025
Q1673422	6000000006121172574
Q1673429	6000000015343542926
Q1673431	6000000127044767903
Q1673434	6000000002802727265
Q1673435	6000000047582284954
Q1673436	6000000016974100161
Q1673442	6000000000387399083
Q16734453	6000000083309028177
Q1673447	6000000002453418457
Q1673451	6000000002228379417
Q16734645	6000000179036511839
Q1673467	6000000016092384590
Q1673475	6000000020610480232
Q1673476	6000000030167966366
Q1673483	6000000008822716713
Q1673508	6000000005026398028
Q16735538	6000000176442044846
Q167356	6000000002188514244
Q1673594	6000000016533869802
Q1673604	6000000119870758821
Q1673609	6000000056376655964
Q1673614	6000000002188489183
Q16736202	6000000007831375683
Q16736301	6000000004079835780
Q16736308	6000000024153208569
Q16736369	6000000082330281153
Q16736446	6000000078409722117
Q16736824	6000000168203897832
Q1673695	6000000022636186134
Q1673708	6000000066492318821
Q16737153	6000000070636902073
Q16737155	6000000011591329598
Q16737216	6000000040933573006
Q16737231	6000000013527382539
Q16737254	6000000020713297755
Q16737259	6000000062547814116
Q16737290	6000000007511816794
Q16737292	6000000000233923588
Q16737297	6000000019842157953
Q16737299	6000000002936135965
Q16737323	6000000000695165183
Q16737342	6000000056369501898
Q16737358	6000000175696510868
Q16737359	6000000001902085861
Q16737394	6000000024841076086
Q16737402	6000000115147142884
Q16737419	6000000008643754271
Q16737424	6000000005441228761
Q16737431	6000000081369594118
Q16737431	6000000082708869956
Q16737437	6000000006967828140
Q1673766	6000000022529605728
Q1673781	6000000008203054229
Q16738169	6000000002188424339
Q16738391	6000000006444130972
Q167384	6000000008378850008
Q16738406	6000000011725828554
Q16738461	6000000006256814018
Q16738468	6000000186180192847
Q16738479	6000000000307244512
Q16738488	5582190420530072604
Q16738492	6000000000426184744
Q16738495	6000000000470109451
Q16738498	6000000003714183110
Q16738499	6000000001180336178
Q16738507	329038216380002339
Q16738531	6000000018231336778
Q16738532	6000000001180267293
Q16738533	6000000020446012915
Q16738541	6000000006900944128
Q16738543	4810038900150033938
Q16738544	6000000002299378837
Q16738545	6000000000276147983
Q16738547	6000000012461726810
Q16738548	6000000010321929813
Q16738550	6000000023405607995
Q16738556	6000000015635870946
Q16738560	6000000036130626369
Q167386	6000000025397879030
Q16738674	6000000040389219090
Q167387	6000000001366288517
Q1673872	6000000015170253711
Q16738801	6000000083385814913
Q16739197	6000000124381668836
Q16739202	6000000013806056141
Q16739235	6000000175648049923
Q1673924	6000000006444412147
Q16739304	6000000178258201908
Q1673931	6000000176829502836
Q16739364	6000000000334974207
Q1673937	6000000011736835411
Q16739432	6000000025580693419
Q16739437	6000000086466839833
Q16739455	6000000151528188905
Q16739490	6000000011663050790
Q16739492	6000000020114953034
Q16739520	6000000018369371974
Q16739551	6000000039766338034
Q1673956	6000000140494670822
Q16739575	6000000013169671904
Q16739578	6000000024747874102
Q1673958	6000000006815664661
Q16739580	6000000013712706044
Q16739590	6000000177121274823
Q16739596	6000000002764440608
Q1673965	6000000034892073984
Q16739676	6000000001209968541
Q16739757	6000000019800078710
Q167399	6000000060313466041
Q16740016	6000000182839203832
Q16740021	6000000023083553640
Q16740174	6000000007889619387
Q16740236	6000000020092959160
Q16740274	6000000208311712828
Q167409	6000000011637991761
Q16740991	6000000170854663833
Q16741095	6000000147791766876
Q167414	6000000189810158871
Q1674146	6000000012892310763
Q16741816	6000000073415469983
Q16741817	6000000050084092032
Q16741818	6000000016145038046
Q16741823	6000000020986251866
Q16741829	6000000052046001909
Q16741831	6000000084425562957
Q16741836	6000000016253963037
Q16741839	6000000002188674042
Q16741842	6000000017473938994
Q16741845	6000000012672506955
Q16741846	6000000029309336352
Q16741853	6000000019896473492
Q167423	6000000013417009212
Q1674265	6000000007428771271
Q167433	4138652783200125692
Q1674356	376519596530012893
Q1674362	6000000000792839602
Q16743733	6000000020760367325
Q16743749	6000000024875788570
Q16743795	6000000024876247855
Q16743874	6000000007390827004
Q167439	6000000002188444318
Q16743965	6000000003637437046
Q16743969	6000000028266539042
Q1674403	6000000028541047165
Q1674465	6000000044264951253
Q16744671	6000000156644344853
Q16744680	6000000156173982822
Q16744851	6000000018953033632
Q16744907	6000000066656789964
Q16744979	6000000028627872192
Q16745061	6000000073192513999
Q16745066	6000000012534123261
Q1674510	6000000090466485092
Q16745615	6000000010956426292
Q16745647	6000000152606499966
Q16745662	6000000013553947097
Q16745685	6000000013664955477
Q16745698	6000000013548795583
Q16745785	6000000016875627534
Q1674594	358901879310012992
Q1674595	6000000001565983720
Q1674608	6000000039996500490
Q1674617	6000000000280208296
Q1674621	6000000002802400530
Q1674627	6000000109848645905
Q1674629	6000000000643746280
Q1674636	6000000066856904907
Q167464	6000000014534304451
Q16746546	6000000173900595948
Q1674674	6000000152220661946
Q16746956	326900965320007806
Q16747482	6000000182710100829
Q1674765	6000000177683622822
Q1674897	6000000006431756195
Q16749723	6000000018882500006
Q16749762	6000000077200785869
Q16749773	6000000018098316851
Q16749778	6000000014959900857
Q16749794	6000000010145598618
Q167498	6000000011263174490
Q16749844	6000000024283199388
Q16749865	6000000030728723316
Q16749875	6000000025985709002
Q16749891	6000000109637420873
Q16749912	6000000008276819215
Q16749948	6000000018894659090
Q16750243	6000000010954011493
Q16750442	6000000102691614072
Q16750458	6000000002687504793
Q16750546	6000000027898500382
Q1675056	6000000079450536371
Q16750585	6000000019880265204
Q16750624	6000000014959906583
Q16750804	6000000081999555229
Q16750815	6000000066853250842
Q1675101	6000000021058786996
Q167518	6000000105851934028
Q167520	6000000000785582106
Q1675206	6000000156417169947
Q167521	6000000017208737862
Q1675301	6000000035499698194
Q16753016	6000000014409049612
Q1675308	6000000015654381134
Q167535	6000000178298211826
Q1675364	6000000088332676834
Q1675434	6000000016352711506
Q167546	6000000079201167049
Q1675522	6000000187221275865
Q1675523	6000000006590082891
Q1675534	6000000054764597963
Q1675555	6000000074710206881
Q1675557	6000000001342271451
Q1675575	6000000030212626020
Q1675579	6000000006581045130
Q1675599	6000000004689115350
Q1675600	6000000120661929948
Q1675610	6000000130565159879
Q1675624	6000000013438112383
Q1675628	6000000009335059922
Q167564	6000000005598992314
Q1675675	6000000181272483821
Q1675679	6000000002350009244
Q1675681	6000000019644306540
Q1675683	6000000007067430427
Q167573	6000000024118655476
Q1675794	6000000006259370166
Q16758	6000000037410550062
Q1675801	6000000018103838095
Q1675824	6000000026410066001
Q1675840	6000000002129926047
Q1675849	6000000006951691302
Q1675894	6000000022644260992
Q16759	6000000046138211829
Q1675910	6000000024144419421
Q1675923	6000000018027015117
Q1675928	6000000022891194882
Q1675930	6000000045918130074
Q1675940	6000000017268361454
Q16760465	6000000025724202899
Q16760635	6000000010381418281
Q16760643	6000000014409234637
Q16760660	6000000015916757472
Q16760663	6000000035193969888
Q16760666	4826374776660083108
Q16760671	6000000069637706952
Q16760673	6000000030634892256
Q16760674	6000000024206195001
Q16760681	6000000015702472659
Q16760683	6000000011391976412
Q16760689	6000000023852798255
Q16760692	6000000005403819823
Q16760695	6000000019070293096
Q16760698	6000000085399644821
Q167607	6000000055765612134
Q16760707	6000000008418928066
Q16760710	6000000019126136507
Q16760711	6000000013580786348
Q16760716	6000000012506307316
Q16760717	6000000007980500236
Q16760718	6000000020019549723
Q16760719	6000000007075631107
Q16760720	6000000001712418419
Q16760724	6000000003150035288
Q16760729	6000000014832073376
Q16760731	6000000008718864143
Q16760732	6000000028242930967
Q16760736	6000000081369605007
Q16760739	6000000015558274151
Q16760740	6000000022146583303
Q16760748	6000000015036870981
Q16760750	6000000105416598113
Q16760753	6000000202902725821
Q16760759	6000000006146982472
Q16760762	6000000011137647461
Q16760772	6000000018165320895
Q16760773	6000000034796956887
Q16760781	6000000007449036223
Q16760791	6000000028242691365
Q16760796	6000000179411960822
Q16760804	6000000027873096716
Q16760812	6000000041466793744
Q16760815	6000000014922276001
Q16760821	6000000170853415863
Q16760823	6000000027487841693
Q16760824	6000000009315097783
Q16760825	6000000029098489924
Q16760828	6000000010596967499
Q16760829	6000000205600174894
Q16760830	6000000011919030904
Q16760832	6000000025297123729
Q16760840	6000000036955604785
Q16760842	6000000006443595453
Q16760843	6000000037884926916
Q16760844	6000000095344042076
Q16760847	6000000026399847062
Q16760849	6000000009416053685
Q16760852	6000000009415810597
Q16760853	6000000025755625806
Q16760854	6000000008591210293
Q16760859	6000000006408830518
Q16760860	6000000015201021030
Q16760862	6000000024255463586
Q16760864	6000000073967628821
Q16760866	6000000000159325320
Q16760869	6000000010695594670
Q16760873	6000000002512682028
Q16760875	6000000025457418378
Q16760878	6000000024320468120
Q16760881	6000000003040961997
Q16760882	6000000007223514479
Q16760883	6000000011503252293
Q16760884	6000000021673888905
Q16760886	6000000008312501810
Q16760887	6000000030877607827
Q16760894	6000000019176949330
Q16760895	6000000020179951181
Q16760897	6000000030466936990
Q16760899	6000000021716961176
Q16760923	6000000166002293977
Q16760931	6000000012812704467
Q16760936	6000000019114971550
Q16760938	6000000172249310690
Q16760942	6000000175429028537
Q16760946	6000000039815150511
Q1676097	6000000000488795728
Q16761048	6000000010779915053
Q16761510	6000000013927233065
Q1676256	6000000004045191328
Q1676304	6000000020165405079
Q1676316	6000000002277195579
Q1676327	6000000057303252953
Q1676348	6000000064755811673
Q1676349	6000000026090896320
Q167636	6000000044023495163
Q1676376	6000000007258740357
Q1676426	6000000002304406040
Q16765166	6000000169143629821
Q16765308	6000000012984560113
Q167654	6000000013240652603
Q16765407	6000000116925825573
Q16766095	6000000037165564821
Q16766132	6000000140338437866
Q1676620	6000000033307317566
Q1676624	6000000016288671803
Q16766331	6000000032049172983
Q16766341	6000000032047130836
Q1676748	6000000006836577255
Q1676750	6000000007300955016
Q1676758	6000000008021797110
Q1676762	6000000027121011022
Q1676764	6000000007245344712
Q1676768	6000000003843406788
Q1676769	6000000008377866312
Q1676771	6000000007570493226
Q1676783	6000000017535631052
Q1676839	6000000006348209282
Q1676846	6000000015060741269
Q1676886	6000000074895422920
Q16769069	6000000148766492896
Q167696	6000000048926111850
Q1676980	6000000045738610393
Q1676987	6000000021036097496
Q1676994	6000000031078861179
Q1676996	6000000015892179866
Q1677016	6000000044558207649
Q1677023	6000000163576092196
Q1677040	6000000050957115995
Q1677099	6000000029115483284
Q1677111	6000000002427111472
Q1677120	6000000074995501889
Q1677165	6000000053842766210
Q167717	6000000011649372759
Q1677170	6000000010725699281
Q1677192	6000000179776484833
Q1677193	6000000041924079443
Q1677203	6000000020732186124
Q1677205	6000000067081765202
Q1677226	6000000042629807649
Q1677232	6000000000613309394
Q1677249	6000000189735308857
Q1677271	6000000027856702693
Q16773511	6000000041283656645
Q16773606	6000000002188458893
Q16773613	6000000002188458858
Q16773614	6000000000521521239
Q1677363	6000000010123407986
Q1677382	6000000035889239060
Q1677403	6000000001715633050
Q1677408	6000000013399924289
Q1677409	6000000021024039699
Q1677417	6000000017022732905
Q16774181	6000000024514325566
Q1677420	6000000139197836988
Q1677423	6000000179687989836
Q1677426	6000000007923627795
Q1677427	6000000022303410952
Q1677431	6000000000894787044
Q1677436	6000000006734423293
Q1677447	6000000019176453265
Q1677457	6000000014814311533
Q1677464	6000000072438657936
Q1677473	6000000008951442911
Q1677477	6000000074299863965
Q1677480	6000000013461810113
Q1677481	6000000017647637062
Q1677485	6000000041743423945
Q1677488	6000000178199872046
Q1677501	6000000021250019368
Q1677519	6000000009022030773
Q167752	6000000077468002209
Q1677526	6000000053502060349
Q1677531	6000000107282181833
Q167754	6000000002152633069
Q1677549	6000000082493592338
Q1677550	6000000037633084348
Q1677555	6000000013195247647
Q1677564	6000000019001559088
Q1677572	6000000140159730925
Q1677576	6000000000649065330
Q1677577	6000000015344831728
Q1677584	6000000043198246916
Q1677588	6000000021971164097
Q1677589	6000000100873567166
Q1677593	6000000007589765283
Q1677622	6000000001091556609
Q1677636	6000000109739781908
Q1677652	6000000013897676578
Q1677658	6000000000119598616
Q1677663	6000000026145454370
Q1677666	6000000043328211397
Q1677667	6000000023952225105
Q1677669	6000000017627003459
Q167768	6000000011048267155
Q1677683	6000000150657242253
Q1677686	6000000025331675700
Q1677688	6000000022273248494
Q1677701	6000000079010541850
Q1677705	6000000022486504111
Q1677713	6000000002278665748
Q1677724	6000000013557586349
Q16777426	6000000002244214877
Q1677761	6000000040123690021
Q1677771	6000000025245927982
Q167778	6000000014929397703
Q1677785	6000000013366334984
Q1677803	6000000023870495146
Q1677854	6000000035388483277
Q167790	6000000163367360854
Q1677908	6000000014263821215
Q1677912	6000000022375764144
Q1677918	6000000207607296822
Q1677931	6000000006931292300
Q1677945	6000000028454487857
Q167795	6000000001180351729
Q1677997	6000000021177739886
Q1678088	6000000014118461043
Q1678122	6000000211419742843
Q167821	6000000002906265292
Q1678219	6000000039030834065
Q1678303	5581689696050117536
Q16783247	6000000013270077933
Q167837	6000000015736858573
Q1678456	6000000068436283129
Q1678515	6000000074725195041
Q167852	6000000013223561434
Q16785352	6000000007418237792
Q1678546	6000000005607295709
Q167855	6000000024375851019
Q167856	6000000008301329474
Q1678652	6000000010704992925
Q167867	6000000000628045236
Q1678735	6000000111881822865
Q1678766	6000000012590399453
Q1678817	6000000000907640987
Q1678822	6000000176421817849
Q1678873	6000000026960068480
Q1678881	6000000036085211162
Q1678912	6000000011338386200
Q1678939	6000000041280903103
Q1678953	6000000179305185848
Q1678955	6000000017776398647
Q1678991	6000000174005733001
Q1679024	6000000008925183536
Q1679037	6000000025398036537
Q1679058	6000000011891633722
Q1679062	6000000049136002991
Q1679090	6000000018924085150
Q1679096	6000000024787896483
Q1679122	6000000012031225784
Q1679127	6000000175446257904
Q1679148	6000000005037181998
Q1679167	6000000016812656176
Q1679200	6000000008239995808
Q1679203	6000000019264741681
Q1679208	6000000022470397081
Q1679209	6000000036342754976
Q1679216	6000000075293877899
Q1679296	6000000007398266540
Q1679306	4065900154650050261
Q1679324	6000000032460080888
Q1679331	6000000056026790863
Q1679332	6000000054915103919
Q1679347	6000000023094966537
Q167937	6000000042805389323
Q1679372	6000000008597792445
Q1679384	6000000025807611870
Q1679423	6000000036341861219
Q1679426	6000000027898173701
Q1679451	6000000017815678937
Q1679465	6000000010708765156
Q1679470	6000000039794603075
Q1679497	6000000036423686907
Q1679514	6000000039508937710
Q1679663	6000000013152875489
Q1679670	6000000079333842912
Q16796794	6000000006574502281
Q1679683	6000000036910267294
Q1679695	6000000026186828777
Q1679715	6000000006582761851
Q1679778	6000000036849797877
Q167981	6000000002149329100
Q16798198	6000000008731176537
Q16798428	6000000029266687807
Q16798441	6000000112948463992
Q16798491	6000000115137469996
Q167985	6000000023283606950
Q1679883	6000000121251815961
Q1679889	6000000010451815592
Q1679897	6000000026079476490
Q1679898	6000000055210829942
Q1679923	6000000025157733772
Q1679942	6000000012372801864
Q1679945	6000000081845482512
Q1679952	6000000181261578832
Q1679958	6000000003911168893
Q1679960	6000000000752538911
Q167997	6000000041810491204
Q1679973	6000000026352536053
Q1679982	6000000016483835173
Q1679990	6000000085361195427
Q1680003	6000000198942898821
Q1680018	6000000023045899216
Q1680019	6000000016357310777
Q1680029	6000000026104514698
Q168004	6000000012883938069
Q1680049	6000000016521083297
Q168005	6000000015120427669
Q1680056	5443856076240119103
Q1680070	6000000004086341614
Q16800701	6000000002684896544
Q1680072	6000000022739655416
Q1680077	6000000018777927991
Q1680080	6000000019000861446
Q1680084	6000000020583312049
Q1680094	6000000017687914117
Q1680108	6000000026504067270
Q1680115	6000000026370659457
Q1680122	6000000001001722825
Q1680124	6000000015729221294
Q1680158	6000000006821746780
Q1680159	6000000152335254142
Q1680164	6000000032599691463
Q1680168	6000000008630326664
Q1680180	6000000020775224199
Q1680183	6000000007605082109
Q16801904	6000000015829377259
Q16801918	6000000044349182152
Q16801946	6000000080713571826
Q16801959	6000000045137974485
Q16801960	6000000039113908949
Q16801979	6000000084711727106
Q16801988	6000000109278161833
Q16801993	6000000022890002072
Q1680205	6000000023235572075
Q1680209	6000000017298742530
Q1680212	6000000013888825476
Q1680214	6000000010910551029
Q1680224	6000000080892649476
Q1680234	6000000007484677541
Q1680235	6000000038220190508
Q1680239	6000000002001556555
Q1680243	6000000019585437082
Q1680245	6000000015157716316
Q1680248	6000000036725437568
Q1680285	6000000015302291099
Q1680288	6000000000500425597
Q1680289	6000000002116086748
Q1680291	6000000003876555042
Q1680292	6000000016574276023
Q1680303	6000000010282993311
Q1680320	6000000017050360273
Q1680329	6000000037155896833
Q1680336	6000000002666865390
Q1680342	6000000018693107853
Q1680343	6000000070631947203
Q1680348	6000000097841644926
Q1680349	6000000037975394694
Q168035	6000000197314911848
Q1680357	6000000041810181746
Q1680362	6000000009543819735
Q1680364	6000000016504079467
Q1680369	6000000004592908990
Q1680370	6000000004592936386
Q1680371	6000000026118334207
Q1680373	6000000027082588970
Q1680378	6000000022991612336
Q1680382	6000000017015913108
Q1680388	6000000013311561607
Q1680390	6000000012469033248
Q1680399	6000000013690275563
Q1680406	6000000003511792877
Q1680409	6000000028798166884
Q168041	6000000023090746194
Q1680421	6000000000986118615
Q1680423	6000000064921022143
Q1680466	6000000021806449921
Q1680480	6000000015158177727
Q1680481	6000000042133865943
Q1680484	6000000033101239030
Q168049	6000000015702702359
Q1680491	6000000010202546959
Q1680493	6000000073751604178
Q1680501	6000000013280320359
Q1680516	5260071237400138842
Q1680523	6000000174331944779
Q1680536	6000000044881943997
Q1680540	6000000004079835630
Q1680545	6000000057249222918
Q1680549	6000000078483605022
Q1680553	6000000057970540999
Q1680561	6000000003619097150
Q1680569	6000000024194830289
Q1680573	6000000011769790656
Q1680575	6000000008231121664
Q1680576	6000000029937195797
Q1680581	6000000106422287877
Q1680590	6000000013216432553
Q1680597	6000000004868778987
Q1680606	3976802104500045247
Q1680609	6000000013184611222
Q168061	6000000050992469894
Q1680610	6000000027084272792
Q1680613	6000000035936499948
Q1680615	6000000180455301845
Q1680626	6000000015307440945
Q1680627	6000000019570005492
Q1680634	6000000008139093046
Q1680635	6000000019583855022
Q1680659	6000000041060704036
Q1680660	6000000032597257092
Q1680689	6000000026215637320
Q1680699	6000000019507618395
Q16807	6000000016386067992
Q1680701	6000000142166257833
Q1680704	6000000003223032523
Q1680706	6000000157632496825
Q1680721	6000000024451536197
Q1680725	6000000011467284969
Q1680728	6000000021197994774
Q1680729	6000000016301778001
Q1680730	6000000029430877571
Q1680733	6000000032310276871
Q1680743	6000000007203423245
Q1680744	6000000020327481012
Q1680746	6000000114789194911
Q1680751	6000000034057672139
Q1680771	6000000027804649959
Q1680803	6000000015348113869
Q1680810	6000000021522047238
Q1680834	6000000013731678193
Q1680836	6000000019254976090
Q1680840	6000000017475967679
Q1680843	6000000012492055376
Q1680847	6000000008593279274
Q1680848	6000000074320638171
Q1680865	6000000006367945093
Q1680868	6000000029578417916
Q1680881	6000000000372172017
Q1680902	6000000015368253660
Q1680903	6000000073388388007
Q1680921	6000000013434458034
Q1680925	6000000012417893156
Q1680958	6000000012412432299
Q1680964	6000000016458212267
Q1680972	6000000026679955319
Q1680976	6000000026680095406
Q1680982	6000000000311229578
Q1680984	6000000005438491123
Q1680990	6000000110288625100
Q1680992	6000000084040241540
Q1681005	6000000184017480849
Q1681009	6000000181606505831
Q1681014	6000000181967847823
Q1681056	6000000015324533137
Q1681064	6000000017477801423
Q1681068	6000000015334633851
Q1681070	6000000008630356898
Q1681078	6000000011450473927
Q168109	6000000023451102479
Q1681090	6000000042257813390
Q1681092	6000000026134003856
Q1681142	6000000076905410448
Q1681144	6000000125841122904
Q1681156	6000000002497905169
Q1681160	6000000074749993042
Q1681164	6000000027833745518
Q1681178	6000000046709811957
Q1681179	6000000015050529622
Q1681185	6000000086989576140
Q1681186	6000000021436522199
Q1681188	6000000106611461992
Q1681192	6000000019367793807
Q1681195	6000000184383467827
Q1681199	6000000006709460218
Q1681213	6000000104755795861
Q1681214	6000000026382017506
Q1681250	6000000026202268966
Q1681255	6000000016484062822
Q1681266	6000000033051466768
Q1681267	6000000176490734855
Q1681277	6000000041586838871
Q1681284	6000000020406866014
Q1681287	6000000002529548777
Q1681295	6000000039543602174
Q1681312	6000000023418721033
Q1681320	6000000003635245452
Q1681321	6000000035025139568
Q1681327	6000000030191415282
Q1681328	6000000017895123197
Q1681333	6000000012526755053
Q168135	6000000026185427504
Q168149	6000000012599577365
Q168150	6000000011427262222
Q168151	6000000028519038439
Q1681562	6000000014005351447
Q1681573	6000000032677275134
Q1681580	6000000015605338775
Q168161	6000000047173859594
Q1681612	6000000080652722150
Q1681627	6000000019594426827
Q1681637	6000000015788164466
Q1681654	6000000000583456089
Q1681660	6000000179024831856
Q1681677	6000000002765237374
Q168168	6000000180043856844
Q1681687	6000000023740041938
Q1681690	6000000084225553626
Q1681694	6000000006822460247
Q1681698	6000000015745939020
Q1681702	6000000034313853672
Q1681712	6000000013695485364
Q1681728	6000000083229094157
Q1681733	6000000017871186108
Q1681738	6000000071675432869
Q1681773	6000000181927541991
Q1681777	6000000015741798283
Q1681783	6000000173035900383
Q1681826	6000000008542564065
Q1681835	6000000083383999745
Q1681876	6000000056392353821
Q1681879	6000000013640896151
Q1681882	6000000104599999822
Q1681899	6000000015833075586
Q1681910	6000000036816740512
Q1681919	6000000173036443075
Q1681922	6000000002894052784
Q1681931	6000000017433958330
Q1681966	6000000031098368350
Q1681971	6000000210455774055
Q1682006	6000000015672363671
Q1682019	6000000018074405312
Q1682028	6000000018972890492
Q1682037	6000000076023263844
Q16820701	6000000002188551830
Q1682076	6000000104309646884
Q1682078	6000000074078851943
Q1682080	6000000057740308884
Q1682101	6000000002802407857
Q1682109	6000000015891024862
Q1682124	6000000173757665074
Q1682161	6000000020073973037
Q16821733	6000000000517464520
Q1682174	6000000015689462085
Q1682176	6000000006789713218
Q1682178	6000000017204802076
Q1682187	6000000011852990335
Q16821927	6000000026573252220
Q16822005	6000000070207172938
Q1682205	6000000177426419822
Q16822099	6000000049236197065
Q1682227	6000000015390685563
Q1682235	6000000002842330270
Q1682241	3191121
Q16822411	6000000016191858075
Q1682295	6000000013690136109
Q16823052	6000000006091777039
Q1682319	6000000070884816853
Q1682334	6000000173319307358
Q1682340	6000000023016966073
Q1682341	6000000026089074832
Q1682354	6000000015612982991
Q1682375	6000000016632622394
Q1682383	6000000182903694821
Q1682387	6000000205769033203
Q16823915	6000000011157757531
Q16824005	6000000029245691115
Q16824010	6000000032163536804
Q1682418	6000000044520708830
Q1682419	6000000107820720822
Q1682422	6000000027126222235
Q1682424	6000000031380036595
Q1682436	6000000039944384278
Q1682443	6000000017606323800
Q16824833	6000000021101915177
Q16825004	6000000004539273091
Q16825300	6000000025607401274
Q16825314	6000000011769563528
Q16825393	6000000016170029177
Q16825625	6000000020799935544
Q1682573	6000000061906025861
Q16826009	6000000109013310887
Q16826186	6000000012389845588
Q16826248	6000000010140563001
Q1682625	6000000024954801128
Q16826331	6000000177080312832
Q16826410	6000000001631754680
Q1682642	6000000179816585836
Q16826518	6000000017633452083
Q168267	6000000009432053008
Q1682678	6000000009546993326
Q1682678	6000000082577998907
Q16827173	6000000001808317070
Q16827270	6000000002006095659
Q16827361	6000000006412924752
Q16827950	6000000002447146904
Q1682808	6000000005749168538
Q16828151	6000000024030360211
Q16828352	6000000013652572496
Q1682852	6000000062047608846
Q16828630	6000000021954744645
Q168287	6000000001864177750
Q1682880	6000000074103524935
Q16828800	6000000011336857205
Q16828807	6000000012380511584
Q16828807	6000000020382899470
Q16828870	6000000014577309678
Q16828955	6000000009729109125
Q1682933	6000000181703139976
Q16829347	6000000012984088322
Q1682952	6000000033250703329
Q16829521	6000000000435641916
Q1682992	6000000014751545160
Q16830024	6000000014230832285
Q16830028	6000000014230832206
Q16830032	6000000014230313981
Q16830036	6000000010333125340
Q16830090	6000000011204377605
Q16830120	6000000013371496990
Q16830136	6000000158051216837
Q16830138	6000000011005027160
Q16830284	6000000017506116573
Q1683039	6000000035224366663
Q1683042	6000000112075528462
Q16830517	6000000019298297052
Q16830613	6000000002860040997
Q16830624	6000000127005774821
Q16831062	6000000019320575843
Q16831100	6000000013132920486
Q16831207	6000000030327140871
Q16831266	6000000067902821821
Q1683134	6000000002802328947
Q16831341	6000000025330834699
Q16831347	6000000045498861388
Q16831415	6000000171920431374
Q16831731	6000000181576339826
Q16831735	6000000052048329870
Q16831742	6000000015139333923
Q16831784	6000000127384243862
Q16831920	6000000052214109866
Q16831921	6000000165159428174
Q16832037	6000000024715662537
Q16832044	4090196
Q16832221	6000000017267955903
Q16832223	6000000039849914636
Q16832298	6000000029379599477
Q16832305	6000000050110978821
Q16832364	6000000024296861436
Q16832370	6000000127151933016
Q16832384	6000000018394890018
Q16832428	6000000076099398887
Q16832605	6000000016811514079
Q16832660	6000000078252727897
Q16832665	6000000011622742678
Q16832822	6000000026066575440
Q1683310	6000000013013275709
Q1683317	6000000011457400519
Q16833199	6000000018021854701
Q16833204	6000000026938578871
Q1683335	6000000001294841189
Q16833570	6000000014723705368
Q16833610	6000000009047532794
Q16833647	6000000000112112674
Q16833879	6000000009771989978
Q16833892	6000000003440524838
Q1683468	6000000012827234812
Q1683484	6000000010723524947
Q16834878	6000000011364806207
Q1683506	6000000037010138057
Q16835108	6000000008680072434
Q16835113	6000000033708846338
Q1683516	6000000183232030843
Q1683523	6000000018982057256
Q1683538	6000000018172356668
Q168355	6000000078022725043
Q168356	340821498810006584
Q1683564	6000000171750080049
Q1683567	6000000003747340897
Q168357	6000000002188304506
Q1683578	6000000109272045167
Q1683586	6000000163838680076
Q168359	6000000066546885920
Q16835974	6000000026054448283
Q168362	6000000058738350968
Q16836243	5552800275010037443
Q16836263	6000000020626962634
Q16836373	6000000009532648448
Q1683642	6000000067164264911
Q1683647	6000000015262654737
Q16836605	6000000009766890472
Q16836617	6000000002188552058
Q16836620	6000000002188552070
Q16836628	6000000002188552099
Q16836633	6000000002188552123
Q16836641	6000000004566619088
Q16836841	6000000030689316031
Q1683685	6000000023016929929
Q1683739	6000000030550508821
Q16837393	6000000027952568847
Q16837573	6000000138737142833
Q1683759	6000000076337261860
Q16837641	6000000016187786217
Q1683770	6000000012952312560
Q16837810	6000000000240698852
Q16838323	6000000021532110612
Q16838327	6000000019666340052
Q1683837	6000000010985856339
Q16838500	6000000011336269051
Q16838659	6000000005437339840
Q16838667	6000000003890732691
Q1683879	6000000118999242031
Q1683880	6000000087250586841
Q16838803	6000000003931975756
Q1683881	6000000030391116539
Q16838883	6000000001623717001
Q16839029	6000000003649647198
Q1683905	6000000017506270131
Q1683946	6000000042470495907
Q16839556	6000000008113292114
Q16839579	6000000077281867879
Q16839995	6000000019402710728
Q168401	6000000000481660053
Q1684014	6000000034715862169
Q1684016	6000000035173160561
Q16840164	6000000001743336334
Q16840213	6000000009870721655
Q16840267	6000000003769829431
Q16840376	6000000003635740158
Q1684039	6000000012873614841
Q168405	6000000016973575350
Q16840525	6000000016300667336
Q1684077	6000000064922144831
Q16840954	6000000011372653072
Q16841007	4329119449280069039
Q16841350	6000000084011208246
Q16841406	6000000020037178915
Q16841552	6000000075678142924
Q16841561	6000000021690546617
Q168419	6000000000160553782
Q1684210	6000000031036765917
Q16842103	6000000006264010574
Q1684212	6000000030471644312
Q16842158	6000000000323425393
Q16842212	6000000083040940353
Q16842415	6000000015714302025
Q16842663	6000000023638799273
Q16842668	6000000030633248853
Q168431	6000000091841561955
Q1684313	6000000042067937536
Q16843165	6000000083813916953
Q16843203	3313678
Q16843296	6000000000210875720
Q16843321	6000000018990489792
Q16843467	6000000007424153389
Q1684362	6000000038628614762
Q1684369	6000000065620739279
Q168437	6000000025016184212
Q16843971	6000000006149276002
Q168440	6000000149674584822
Q16844007	6000000019326941950
Q16844034	6000000020263791058
Q16844065	6000000051980368926
Q1684410	6000000008352521450
Q16844103	6000000004079625267
Q16844117	6000000009336321958
Q16844250	6000000024799585096
Q16844322	6000000013341117804
Q16844561	6000000004227526187
Q16844715	6000000182844697823
Q16844729	6000000029362301048
Q1684487	6000000180861973879
Q16844912	6000000000969223602
Q1684495	6000000032166623323
Q16845276	6000000006450552260
Q16845296	6000000019177574735
Q16845395	6000000017864983565
Q16845409	6000000019831413226
Q16845421	6000000018215981183
Q16845446	6000000030457866006
Q16845627	6000000002905164762
Q16845632	6000000006444302860
Q16845643	6000000008630690793
Q16845675	6000000023839367832
Q16845698	6000000086030819265
Q16845988	6000000041125104093
Q168460	6000000002531348901
Q16846261	6000000021674717797
Q16846587	6000000025265145167
Q16846759	6000000039210297788
Q168468	6000000024295991499
Q1684696	6000000111271023833
Q16847056	6000000131058301822
Q16847221	6000000026902942545
Q16847367	6000000011757187136
Q16847443	6000000021252535420
Q16847568	6000000018991504622
Q16847704	6000000040082858847
Q16848165	6000000023499401287
Q168485	6000000141000070879
Q1684857	6000000046343468058
Q16848674	6000000002188383991
Q16848716	6000000019357918452
Q16848775	6000000002889123710
Q16848889	6000000013688410072
Q16848937	6000000063446802948
Q16849	6000000014016333426
Q16849101	6000000017061853036
Q16849120	6000000026273265700
Q16849413	6000000022860915241
Q16849431	6000000011336707901
Q1684957	6000000011247927559
Q168496	6000000140823256841
Q168497	6000000069488879911
Q16849832	6000000020093654509
Q16849886	6000000002447377458
Q16849924	6000000030225062378
Q16849948	6000000049045618025
Q16849977	6000000031901286674
Q1684999	6000000020091065109
Q16850053	6000000048540426821
Q16850394	6000000010317792086
Q16850458	6000000002188529513
Q16850543	6000000001783474478
Q16850609	6000000003219768111
Q16850744	6000000010463135470
Q16850795	6000000010563234022
Q1685080	6000000058101932915
Q16850830	387638579120002865
Q16850837	3293899
Q16850881	6000000009074171694
Q168509	6000000022924537885
Q16851501	6000000075990557963
Q16851845	6000000000967208372
Q16851864	6000000000816549702
Q16852332	6000000013328391658
Q16852461	6000000031725912063
Q16852543	6000000021315848302
Q16852543	6000000034599958895
Q1685268	6000000014280639959
Q16852682	6000000008924158727
Q1685274	6000000091355806834
Q1685294	6000000015905324846
Q1685311	6000000177097173828
Q1685326	6000000008288090297
Q16853327	6000000013614069730
Q168534	6000000039686151339
Q16853455	6000000008312638275
Q16853468	6000000034455053156
Q16853472	6000000001360681967
Q16853477	6000000032607117115
Q16853496	6000000007289551463
Q16853653	6000000014786936039
Q16853663	6000000006450673536
Q16853666	6000000011811063096
Q16853673	6000000002394933703
Q16853675	6000000039021690589
Q16853678	6000000007161220448
Q16853692	6000000005441261452
Q16853723	6000000217573055832
Q16853733	6000000002511039731
Q16853821	6000000053847652502
Q16853869	6000000000668627734
Q16853879	6000000014116618485
Q16853881	6000000017866409682
Q16853883	6000000002188409157
Q16853904	6000000005828690001
Q16853928	6000000038321424914
Q16853988	6000000000436807561
Q16853993	6000000175823285902
Q16854	6000000022579554854
Q16854005	6000000018203284176
Q16854008	6000000002930821820
Q16854008	6000000010122590295
Q16854013	6000000002824565430
Q1685402	6000000085755688904
Q16854048	6000000003942685191
Q16854049	6000000007273397785
Q16854050	6000000024091293353
Q16854052	6000000018840619846
Q16854092	6000000005380767801
Q16854129	6000000033331287107
Q16854130	6000000002621420637
Q16854140	351355624280011833
Q16854144	6000000012944120127
Q16854157	6000000007052520246
Q16854158	6000000001287532136
Q16854167	6000000029184163555
Q16854175	6000000002447361453
Q168542	6000000023404814968
Q16854219	6000000000712237220
Q16854221	6000000022162944075
Q16854223	6000000017196742582
Q16854226	6000000007273261697
Q16854327	4005209762340124002
Q16854422	6000000003827624202
Q16854431	6000000215636678838
Q16854441	6000000003526410234
Q16854447	6000000044346323425
Q16854448	6000000006437335224
Q16854735	6000000003540373768
Q16854922	6000000132892862864
Q16855	6000000183216333896
Q16855051	6000000076905881277
Q1685510	6000000017685808272
Q16855141	6000000012444358041
Q16855155	6000000133443456831
Q1685536	6000000026324830859
Q16855371	6000000039942138511
Q16855462	6000000173956182857
Q16855485	6000000181171548883
Q16855496	6000000181172272839
Q1685550	6000000019363234890
Q16855600	6000000039569993965
Q1685562	6000000180102270869
Q16855623	6000000073617435247
Q16855631	6000000182874247845
Q16855634	6000000171764761104
Q1685567	6000000001504319643
Q1685568	6000000006739646979
Q1685569	6000000065056786934
Q16855723	6000000021079739625
Q16855726	6000000018922339146
Q1685579	6000000012832416720
Q168558	6000000002043260623
Q16855818	6000000016777047602
Q1685583	6000000014159575840
Q16855856	6000000015931041973
Q16855938	6000000003736931491
Q16856024	6000000011134424028
Q16856049	6000000076263121007
Q16856104	6000000040289301047
Q16856264	6000000026536836022
Q16856376	6000000082640582096
Q16856428	6000000040524862937
Q16856458	6000000167243404933
Q16856471	6000000006348733149
Q1685649	6000000012934922736
Q16856522	6000000020694740361
Q1685654	6000000004241360018
Q16856542	6000000020168592439
Q16856545	6000000077444623855
Q16856552	6000000033170703333
Q1685659	6000000184969886836
Q16856628	6000000016126624577
Q16856662	6000000136040707848
Q16856685	349311240950013485
Q16856761	6000000033519714786
Q16856777	6000000183094350174
Q16856845	6000000019989322239
Q16856855	6000000044039192842
Q16856895	6000000013522494661
Q168569	6000000092834216863
Q16856916	6000000018397961895
Q16856930	6000000015701892934
Q16857101	6000000077915809834
Q16857121	6000000024254156005
Q16857139	6000000000123148836
Q16857139	6000000017924681685
Q16857145	6000000026810779778
Q16857156	6000000017212631757
Q16857162	6000000016553286219
Q16857191	6000000075498615877
Q16857206	6000000018885098185
Q16857218	6000000059559819138
Q16857243	6000000012380355091
Q16857245	6000000000461561384
Q16857248	6000000025899976189
Q1685726	6000000072408110964
Q16857302	6000000002860715989
Q16857313	6000000010430346058
Q16857321	6000000008232526673
Q1685742	6000000080204565841
Q1685758	6000000005404000025
Q1685759	6000000176932752845
Q16857622	6000000024156124728
Q16857624	6000000099196974830
Q16857646	6000000019616696828
Q16857665	6000000003616073648
Q16857674	6000000039228222517
Q16857688	6000000125830395057
Q16857707	6000000036332483928
Q16857709	6000000036332180990
Q1685772	6000000058173044985
Q16857728	6000000007013153136
Q16857734	6000000024962194268
Q16857740	4086352979350049812
Q16857741	6000000007014376916
Q16857742	6000000041194365288
Q16857750	6000000086113534043
Q16857772	6000000013085379085
Q1685778	6000000086716251854
Q16857784	6000000030899850521
Q16857791	6000000077621559362
Q16857815	6000000013782720380
Q16857839	6000000023923187863
Q16857842	6000000004721795006
Q1685789	6000000018702444797
Q16857899	6000000008630274257
Q16857903	6000000021661966801
Q16857906	6000000053955179839
Q16857922	6000000003677156623
Q16857933	6000000003335577146
Q16857965	6000000026067307270
Q16857969	6000000018650662107
Q16857983	6000000004086373800
Q16857987	6000000004580118522
Q16857989	5371473879790035896
Q16857992	6000000009507973214
Q16858006	6000000015117035459
Q16858030	6000000206463459838
Q16858033	6000000007470224481
Q16858034	6000000075055920050
Q16858050	5578165832890085281
Q16858079	6000000006757091847
Q16858094	6000000030711657476
Q16858094	6000000043810055388
Q16858125	6000000008630265225
Q16858134	6000000106393736959
Q16858136	6000000097674086035
Q16858153	6000000030655568734
Q16858174	6000000183146009824
Q16858179	6000000038584238959
Q16858182	6000000012362078343
Q1685819	6000000015742453563
Q16858202	6000000021328075613
Q16858206	6000000018077556952
Q16858225	6000000147722320050
Q1685823	6000000093470868878
Q16858230	6000000000413636097
Q16858244	6000000002440879724
Q16858265	334111386160011991
Q168587	6000000008288927936
Q1685871	6000000142209881825
Q16859045	6000000000677520870
Q16859086	6000000014487780536
Q16859089	6000000001842924072
Q16859100	6000000023049912127
Q16859103	6000000017138582468
Q16859106	6000000022277333256
Q16859107	371120227400006438
Q16859111	6000000010028822585
Q16859113	6000000017256065993
Q16859132	6000000000773677191
Q16859136	6000000023440751871
Q16859139	6000000016130980712
Q16859141	6000000014867028072
Q16859145	6000000026982438888
Q16859158	6000000079291805594
Q16859159	6000000003134298751
Q16859160	6000000006441301597
Q16859169	6000000028397191431
Q16859171	6000000038596002431
Q16859176	6000000009769153959
Q16859177	6000000009770269443
Q16859178	6000000066294903928
Q16859179	6000000019858339257
Q1685918	6000000001713382550
Q16859180	6000000015064966967
Q16859190	6000000007650438316
Q16859195	6000000018097432717
Q16859198	6000000086474121111
Q16859199	6000000011223692802
Q168592	6000000043482826932
Q16859209	6000000002288356478
Q16859215	6000000018277518960
Q16859218	6000000026909428493
Q16859222	6000000001177312434
Q16859230	6000000008890388943
Q16859235	6000000007980817357
Q16859247	6000000003942880090
Q16859248	6000000010310123815
Q16859258	6000000022880721595
Q16859264	6000000008021577723
Q16859267	6000000003966465817
Q16859270	6000000021967337699
Q16859294	6000000038054605967
Q16859298	4042321233520056930
Q16859315	6000000031977065155
Q16859326	6000000005906351002
Q16859327	6000000039596566982
Q16859348	6000000002666156533
Q16859354	6000000000898884208
Q16859358	6000000026903167231
Q16859368	6000000070265395827
Q16859370	6000000018835580677
Q16859378	6000000022056051666
Q16859387	6000000019188813896
Q16859389	6000000025457318576
Q16859390	6000000003885544427
Q16859399	6000000015500816062
Q16859401	6000000000969828419
Q16859406	6000000017062921160
Q16859411	6000000006442490261
Q16859419	6000000008325240703
Q16859430	6000000008630797216
Q16859434	6000000021848562063
Q16859438	6000000005611106069
Q16859443	6000000003796269930
Q16859451	6000000010941745955
Q16859468	6000000004957675654
Q16859469	6000000003513627364
Q16859482	6000000003938610061
Q16859490	6000000002504518385
Q16859500	6000000022499535864
Q16859510	6000000045202087845
Q16859512	6000000047961856058
Q16859513	6000000023049982873
Q16859515	6000000012333438639
Q16859523	6000000023033401196
Q16859528	6000000013574081651
Q16859537	6000000000769955313
Q1685954	6000000020370892374
Q16859540	6000000025262010154
Q16859543	6000000002188436354
Q16859550	6000000122583337905
Q16859552	6000000071785772410
Q16859556	6000000003693242328
Q16859558	6000000002188552616
Q16859567	6000000010050701415
Q16859579	6000000036520918838
Q16859581	6000000113052968666
Q16859583	6000000024227600419
Q16859586	6000000008062633319
Q16859589	6000000031215057886
Q16859590	6000000025665216190
Q16859592	6000000002188552206
Q16859597	6000000006443523554
Q16859600	6000000005760514299
Q16859606	6000000010294456452
Q16859614	6000000006882791046
Q16859627	6000000030128204304
Q16859631	6000000006582307070
Q16859634	6000000005767972543
Q16859637	325878924280006476
Q16859669	6000000021101898177
Q16859670	6000000003912442131
Q16859676	6000000010788774396
Q16859680	6000000000490930073
Q16859683	6000000094614337821
Q16859685	6000000003904573736
Q16859687	6000000019840767335
Q16859689	6000000000591589687
Q16859703	6000000013894065689
Q16859707	6000000008781702043
Q16859718	6000000017062992436
Q16859719	6000000006728633086
Q16859729	6000000010701666084
Q16859759	6000000003076742922
Q16859764	6000000006582372269
Q16859769	6000000004026063331
Q16859773	6000000016755484869
Q16859774	6000000003266341039
Q16859779	6000000010283570268
Q16859781	6000000062937663835
Q16859790	6000000029223535128
Q16859793	6000000007362636749
Q16859794	6000000003076859290
Q16859798	6000000013894007799
Q16859799	6000000013896913542
Q16859808	6000000002144907660
Q16859820	6000000004100611130
Q16859822	6000000021509252493
Q1685998	6000000018368282318
Q1685999	6000000035192916204
Q1686009	6000000063334313887
Q1686036	6000000066834499838
Q168610	6000000012479174009
Q1686101	6000000002019220388
Q1686117	6000000015598155912
Q1686137	6000000019593175152
Q16861447	3492690
Q16861519	6000000026130283663
Q1686158	298211530870003650
Q168616	6000000018060086182
Q1686205	6000000007471949947
Q16862755	6000000032102457976
Q1686295	6000000044123292784
Q16863358	6000000002447167153
Q16863364	6000000007153236299
Q16863369	6000000000351005168
Q16863383	6000000002603425887
Q16863401	6000000003221967968
Q16863405	6000000016585932939
Q16863453	6000000015799286233
Q16863466	6000000003509980798
Q16863476	6000000002116138010
Q16863480	6000000002400771959
Q16863484	6000000002116140375
Q16863492	6000000006444635467
Q16863496	6000000006728059043
Q16863501	6000000024908750761
Q16863509	6000000026592839051
Q16863515	6000000007922544781
Q16863531	6000000006444687858
Q16863556	6000000000550061103
Q16863560	6000000012403232356
Q16863607	6000000008286433329
Q16863635	6000000003613973222
Q16863661	6000000019292187325
Q16863670	6000000017701745971
Q16863680	6000000013430860868
Q16863683	6000000002188552189
Q16863698	6000000029303657368
Q16863718	6000000007848710458
Q16863737	6000000001851448339
Q16863742	6000000006444668119
Q16863753	6000000016762120956
Q16863765	6000000000951146967
Q16863776	6000000034562213996
Q16863788	6000000002288696247
Q16863804	6000000019658604894
Q16863806	6000000001170101143
Q16863810	6000000000306717636
Q16863810	6000000148895040843
Q16863816	6000000019953935616
Q16863822	6000000002917614621
Q16863824	6000000016756533618
Q16863835	6000000005638382005
Q16863842	6000000008051611667
Q16863860	6000000002928589186
Q16863866	6000000008443381681
Q16863869	6000000092695091864
Q16863873	6000000002999436002
Q16863877	6000000003937884384
Q16863878	6000000002889962048
Q16863883	6000000041047596086
Q16863903	6000000020583302474
Q16863912	6000000048148918884
Q16863915	6000000002764401724
Q16864	6000000020004720123
Q1686419	6000000078845100339
Q16864256	6000000021208783345
Q16864292	6000000057349216944
Q168643	6000000043511628917
Q16864303	6000000025379069898
Q1686435	6000000127909232831
Q16864466	6000000176447236830
Q1686466	6000000040060483296
Q1686512	6000000033115861847
Q168657	6000000000019716907
Q1686574	6000000020330299191
Q1686577	5001643245180071477
Q1686588	6000000101655543936
Q16865991	6000000002115859051
Q1686608	6000000035143807480
Q16866327	6000000002953059354
Q16866396	6000000140220116018
Q16866434	6000000022079464241
Q16866522	4155387961490047991
Q16866530	6000000029267836644
Q168667	4105298
Q16866710	6000000002850208512
Q16866740	6000000076781532218
Q1686678	6000000110548335878
Q16866860	6000000123788353821
Q16866862	6000000069804620055
Q16866940	6000000033815654559
Q16866953	6000000016311068581
Q1686697	6000000006999734095
Q16867	6000000001142451203
Q168671	6000000214640448875
Q16867112	6000000053577760975
Q16867370	6000000173679503968
Q168674	312479826640001569
Q1686742	6000000008461098180
Q16867612	6000000163797928822
Q16867616	6000000003123033317
Q16867617	6000000003170448607
Q16867823	6000000011383272702
Q16867826	6000000002831254700
Q16868057	6000000010016201272
Q16868109	6000000009663927225
Q1686848	6000000002188517323
Q1686868	6000000016370222461
Q1686878	6000000026171804987
Q16869077	6000000023696459775
Q168691	1354718
Q1686911	6000000053930467951
Q16869277	6000000068819599821
Q168693	6000000013338666683
Q1686994	6000000015421659754
Q1687013	6000000021147396825
Q1687019	6000000001095637360
Q1687032	6000000029010653933
Q168704	6000000027941436187
Q1687066	6000000083023556190
Q1687077	4083617496690072921
Q1687144	6000000032867890339
Q1687170	6000000014350470347
Q1687190	6000000180430209826
Q168721	6000000030776108545
Q1687239	6000000019925455732
Q168724	325232124900005467
Q168728	6000000005767685846
Q16873	6000000000334848254
Q16873009	6000000002188542122
Q16873038	6000000164831522821
Q16873040	6000000024656773710
Q16873053	6000000150648571829
Q16873057	6000000006582381532
Q16873074	6000000009385005033
Q1687317	6000000074572273935
Q1687328	6000000003218444373
Q16873368	6000000009542209576
Q1687344	6000000000982254134
Q16873449	6000000081698314965
Q1687346	6000000013776824344
Q1687508	6000000055076320084
Q16875115	6000000031488461469
Q1687517	6000000176218763847
Q16875197	6000000031488653017
Q168752	6000000145559190823
Q16875288	6000000030631217549
Q16875297	6000000068085760839
Q1687539	6000000009065844588
Q1687542	6000000003848201147
Q1687546	6000000019380776171
Q1687548	6000000000985884277
Q1687550	6000000070774565559
Q1687555	6000000019351695449
Q1687556	6000000027358383596
Q1687560	6000000035325637211
Q16875737	6000000156220951834
Q1687611	6000000078342794222
Q1687621	6000000036197489611
Q1687629	6000000028229815507
Q168763	6000000058113049982
Q1687630	6000000041909196119
Q1687639	6000000021146611289
Q168767	6000000164252425930
Q168769	385219596870013828
Q168769	6000000080109973875
Q1687727	6000000016337641417
Q1687736	6000000002497425618
Q168776	385243882920011002
Q1687792	6000000039181553576
Q1687824	6000000041427704570
Q1687830	6000000038157909120
Q16878527	6000000205599344054
Q1687860	6000000027342572573
Q1687881	6000000076945179079
Q16879366	6000000077508404868
Q168794	6000000004881039037
Q1687972	6000000002101162564
Q1687979	6000000123008818062
Q1688012	6000000009179833230
Q1688013	6000000012779190748
Q1688022	6000000010512160231
Q1688059	6000000043461515483
Q1688123	6000000024848568514
Q1688127	6000000107360491877
Q1688135	6000000127657030993
Q1688136	6000000029247281831
Q1688139	6000000036903885881
Q1688140	6000000001671536672
Q1688154	6000000006558225226
Q1688174	6000000017846093250
Q1688201	6000000000474869507
Q1688305	6000000003849159089
Q168832	6000000079077644080
Q1688366	6000000123274265869
Q1688406	6000000001292828099
Q168847	6000000041022611293
Q1688490	6000000026151316002
Q16885475	6000000001167334055
Q16885499	6000000019618490728
Q16885620	6000000000060206014
Q16885954	6000000002848954001
Q16886345	6000000016077358150
Q16886377	6000000036630539821
Q16886485	6000000020389889801
Q16886639	6000000013019535813
Q1688667	6000000116385388849
Q16886998	6000000008834752321
Q16887005	6000000009430456690
Q16887155	6000000185093132821
Q16887251	6000000003399048685
Q16887571	6000000178924885847
Q16887707	6000000009869555962
Q16887872	6000000052801677026
Q16887882	6000000035919193960
Q16887919	6000000004098021308
Q16887923	6000000024428731854
Q16887934	6000000027861285042
Q16887952	6000000029601398395
Q16888009	6000000048927797848
Q16888033	6000000096239181821
Q16888056	6000000067511993848
Q16888071	6000000015159056069
Q16888103	6000000031341601068
Q16888128	6000000120036407822
Q1688861	6000000037794061847
Q16888971	6000000012106397588
Q168890	6000000000359622737
Q1689012	6000000015060928326
Q16890241	6000000085109201180
Q16890260	6000000033307299035
Q16890271	6000000165817205865
Q16890291	6000000020703525514
Q1689033	6000000069552909874
Q1689048	6000000076173008960
Q1689050	6000000026162243857
Q16890688	6000000011155525191
Q1689111	6000000038766413905
Q1689133	6000000032192597171
Q1689138	6000000046491911826
Q1689140	6000000033048302501
Q1689168	6000000007536361272
Q1689229	6000000034693103037
Q1689312	6000000071129971897
Q1689331	6000000184223202873
Q1689346	6000000014197305750
Q1689350	6000000020985726885
Q1689405	6000000017211626052
Q168942	6000000016319744313
Q1689427	6000000153211530884
Q168946	6000000011193891278
Q1689479	6000000019327083124
Q168950	6000000007482234300
Q1689539	6000000154025541829
Q1689541	6000000105866451879
Q1689596	6000000009656375439
Q1689738	6000000002186106785
Q16897765	6000000000951042494
Q1689788	6000000035474048000
Q1689792	6000000025753087576
Q1689801	6000000200877154865
Q16898021	6000000000685125230
Q16898070	6000000179447341821
Q16898199	6000000002648383344
Q168982	6000000041274078065
Q1689826	6000000177466481823
Q1689831	6000000069286155006
Q1689832	6000000067077175864
Q16898394	6000000009145193210
Q16898538	6000000071274968865
Q16898660	6000000039870513846
Q16898691	6000000011922622762
Q16898739	6000000165599194992
Q1689877	6000000032130487430
Q16898803	6000000010581708054
Q16899018	6000000053756028440
Q1689909	6000000123092952822
Q16899129	6000000002464434863
Q168992	6000000007888678726
Q1689930	6000000076101390420
Q16899508	6000000029998448870
Q1689951	6000000133589043832
Q16899563	5172989483660106589
Q1689961	6000000031618468619
Q16899719	6000000023953470678
Q1689977	6000000019482965018
Q16899832	6000000010101114974
Q16899859	6000000015155059965
Q16899876	6000000193472179829
Q168999	6000000166390467945
Q16900038	6000000013749694049
Q1690015	6000000175756414843
Q16900287	6000000019257861803
Q16900291	6000000009290879639
Q1690046	6000000019210268919
Q1690060	6000000020190714960
Q1690074	6000000031801376021
Q1690080	6000000175754889910
Q1690093	6000000021147042585
Q169011	6000000002799077048
Q1690118	6000000017879008873
Q1690131	6000000169032713036
Q1690170	6000000009273963834
Q169020	6000000049574142837
Q1690206	6000000114233451865
Q169027	6000000193209769884
Q1690276	6000000126891061927
Q1690325	6000000080795651861
Q16903276	6000000009833499230
Q16903313	6000000074692399821
Q16903316	6000000075326119481
Q16903333	6000000051922460919
Q16903382	6000000021581748670
Q16903390	6000000039520818689
Q16903405	6000000074701463948
Q16903586	6000000011570680600
Q169036	6000000191001351907
Q16903735	6000000075326941837
Q1690374	6000000010657318078
Q16903761	6000000074783616027
Q16903764	6000000075326694996
Q16903773	6000000075406399924
Q169038	6000000105922591119
Q16903808	6000000074684848484
Q16903811	6000000037112384639
Q16903814	6000000075603667867
Q16903815	6000000074787266076
Q16903862	6000000074709425957
Q16903964	6000000038980784930
Q16903987	6000000074747137821
Q16903999	6000000075406158919
Q16904053	6000000074737720995
Q16904055	6000000071016864843
Q16904058	6000000075419192123
Q16904062	6000000074704759148
Q16904070	6000000037869944680
Q16904086	6000000074768784916
Q16904089	6000000074704976984
Q16904157	6000000074789141329
Q16904185	6000000074689798494
Q16904189	6000000075612151024
Q16904191	6000000074792912853
Q16904199	6000000050517788661
Q16904221	6000000075607004839
Q16904222	6000000021417970878
Q16904250	6000000075326865897
Q16904264	6000000074792069846
Q16904269	6000000075431157833
Q1690428	6000000031660929528
Q16904287	6000000014034280276
Q16904299	6000000075407692882
Q16904321	6000000074705985078
Q16904346	6000000074737566957
Q16904347	6000000074737912822
Q16904361	4148172
Q16904362	6000000075061939867
Q16904373	6000000075049950829
Q16904375	6000000075490657193
Q16904379	6000000074687609129
Q16904379	6000000074687964975
Q16904380	6000000074687156958
Q16904385	6000000074785776032
Q16904398	6000000074687574922
Q16904416	6000000074787791919
Q16904418	6000000074727607445
Q16904425	6000000075503699995
Q16904461	6000000074686821098
Q16904467	6000000075505121144
Q16904472	6000000074687713921
Q16904670	6000000074726117021
Q16904683	6000000074787703953
Q169047	6000000206292285823
Q16904762	6000000074703439516
Q16904851	6000000180074955830
Q16904914	6000000074717928821
Q16905184	6000000075508019092
Q16905314	6000000039542092343
Q1690532	6000000013632167715
Q1690547	6000000173732509833
Q16905658	6000000075406683010
Q16905661	6000000074771073970
Q16905692	6000000074747679892
Q16905693	6000000074701997964
Q1690581	6000000116942139859
Q1690582	6000000026888700309
Q16905904	6000000002561556022
Q16905917	6000000019924849092
Q16905923	6000000027896441527
Q1690601	6000000002802203969
Q16906010	6000000075503894958
Q16906046	6000000069322059910
Q16906054	6000000075420405056
Q16906161	6000000075419747180
Q16906192	6000000075414733842
Q16906197	6000000075421134133
Q1690621	6000000023441888862
Q1690623	6000000023854409006
Q1690624	6000000084765631867
Q1690627	6000000085350461885
Q1690635	6000000000505248734
Q16906366	6000000075421341867
Q16906376	6000000018250616433
Q1690644	6000000010563855767
Q1690650	6000000024319931967
Q1690652	6000000019279759519
Q1690653	6000000041898871153
Q16906566	6000000027359384021
Q169066	6000000032646377993
Q1690663	6000000004096259363
Q1690665	6000000028905878252
Q16906684	6000000074790087918
Q16906701	6000000071224218931
Q1690678	6000000040339343544
Q16906788	6000000074725271733
Q16906811	6000000037622400420
Q16906827	6000000075058617863
Q16906841	6000000074758988898
Q16906909	6000000058101323931
Q16906910	6000000036573922540
Q16906913	6000000074771253835
Q16906922	6000000019168621686
Q1690696	6000000004636161253
Q1690702	6000000014482442313
Q16907032	6000000075553180067
Q16907047	6000000074738499924
Q1690712	6000000072967028874
Q16907127	6000000074737931933
Q16907133	6000000074692483883
Q16907136	6000000074726545739
Q1690717	6000000082002162945
Q16907181	6000000075334205926
Q16907324	6000000075063506821
Q16907348	6000000075423071209
Q16907405	6000000135663140923
Q16907456	6000000074771516841
Q1690749	6000000013640226856
Q169075	6000000010781073506
Q16907552	6000000020239656559
Q16907564	6000000031961326013
Q169076	6000000212345907830
Q1690761	6000000019954464131
Q1690766	6000000017250943827
Q16907689	6000000074727075149
Q16907789	6000000016700116553
Q1690781	6000000017485442512
Q16907883	6000000074684685110
Q16907919	6000000074728487826
Q1690795	6000000018815156978
Q16907966	6000000074710610871
Q16907988	6000000001048102273
Q169080	6000000006727741160
Q1690802	6000000031574058884
Q16908042	6000000011367085997
Q16908087	6000000075328192358
Q16908137	6000000074768492043
Q16908148	6000000013707534077
Q16908207	6000000074745153960
Q1690822	6000000025219239046
Q16908274	6000000075612405827
Q16908331	6000000074753320961
Q16908377	6000000040347654043
Q1690875	6000000013294519967
Q16909093	6000000003848255956
Q169092	6000000090993241885
Q16909396	6000000001915263990
Q1690967	6000000175429589972
Q1690979	6000000017853801272
Q16910261	6000000046928977864
Q16910361	6000000111802205840
Q169104	6000000209379335839
Q16910595	6000000173587701199
Q16910596	6000000070180575105
Q16910600	6000000038043645936
Q16910839	6000000008343644625
Q1691087	6000000035088066399
Q16911231	6000000013742343186
Q1691166	6000000008890985537
Q169121	6000000025537628433
Q1691211	6000000026196029840
Q16912128	6000000220503586837
Q16912269	6000000019381055314
Q16912293	6000000028693811652
Q16912339	6000000175035613945
Q16912346	1544719
Q16912368	6000000006392656001
Q1691253	6000000181307182823
Q16912541	6000000150669450902
Q16912594	6000000150950662017
Q16912694	6000000002364370909
Q1691300	6000000083604197863
Q1691306	6000000027933617693
Q1691308	6000000035581157153
Q1691329	6000000011459725341
Q16913400	6000000169287359056
Q1691349	6000000023701325024
Q1691384	6000000128417594840
Q1691395	6000000034323197314
Q1691422	6000000084222670904
Q1691430	6000000071001927439
Q1691432	6000000019923551296
Q1691470	6000000027609766686
Q16914875	6000000141061884939
Q169150	5105915360290071629
Q1691516	6000000002392619009
Q1691528	6000000007980612633
Q1691534	6000000047625787970
Q1691552	6000000062669278877
Q1691603	6000000037716020671
Q16916348	6000000026564538259
Q16916354	6000000026564538248
Q16916431	6000000027611800225
Q16916466	6000000181110068849
Q16916479	6000000158322703851
Q16916480	6000000077591963548
Q1691693	6000000007896965041
Q1691715	6000000048350104117
Q1691721	6000000030251115483
Q1691722	6000000040348674903
Q1691731	6000000006299100339
Q1691740	6000000014837906468
Q1691752	6000000039173740362
Q1691757	6000000010496662037
Q1691758	6000000012717774773
Q16917733	6000000031342414153
Q16917737	6000000015510576739
Q16917743	6000000023940842468
Q16917754	6000000042809459386
Q16917756	6000000112951564822
Q16917772	6000000058774043470
Q16917787	6000000031872024489
Q16918252	6000000071281697017
Q1691865	6000000112300759339
Q1691899	6000000014452812062
Q1691912	6000000029197611147
Q1691913	6000000023747138676
Q1691914	6000000021770113050
Q16919148	6000000181907170822
Q1691915	6000000015976780469
Q16919154	6000000012999994801
Q1691931	2093306
Q1691941	6000000008393288255
Q1691942	6000000141018029846
Q1691964	6000000024848932059
Q1691964	6000000172118631900
Q1691968	6000000006354690202
Q1691973	6000000047897578849
Q1691977	6000000016118814367
Q1691981	6000000088107513331
Q1691982	6000000139722463867
Q1691983	6000000014346482903
Q1691991	6000000013452413371
Q1691998	6000000013640774632
Q1692005	6000000013632219258
Q1692011	6000000006588564186
Q1692014	6000000001963051350
Q1692015	6000000012056283649
Q1692027	6000000006836426333
Q1692032	6000000022975272454
Q1692035	6000000007622025865
Q1692040	6000000008792893751
Q1692041	6000000084648088044
Q1692044	6000000098500893188
Q1692045	6000000005621522291
Q1692048	6000000124968341890
Q16920497	6000000139890637096
Q1692053	6000000091730618842
Q1692060	6000000037245562908
Q1692061	6000000004379014672
Q16920623	6000000001092799382
Q1692077	6000000003263116803
Q1692080	6000000022405697308
Q1692086	6000000018164552067
Q16920893	6000000031117011140
Q1692091	6000000075673633889
Q1692098	6000000006805639522
Q1692100	6000000017526701895
Q1692102	6000000098335839868
Q1692109	6000000016553208765
Q16921247	6000000048066781916
Q16921259	6000000026013032669
Q16921317	6000000075508031822
Q16921512	6000000019154983927
Q1692166	6000000024402948906
Q16921756	6000000164274829006
Q16921793	6000000075506116908
Q16921794	6000000045422790826
Q16921886	6000000075507082960
Q16921891	6000000075605968312
Q16921902	6000000047847655283
Q1692195	6000000079298529391
Q16921978	6000000049126609461
Q16922009	6000000049233260827
Q16922015	6000000075326589858
Q1692204	6000000071698128924
Q16922121	6000000075503695196
Q16922183	6000000044379102637
Q16922183	6000000075610579336
Q16922196	6000000050750095910
Q16922203	6000000044394197853
Q16922207	6000000044379642993
Q16922248	6000000075502788434
Q16922263	6000000075506026833
Q16922341	6000000009833068429
Q1692245	6000000038494742082
Q1692252	6000000076843004401
Q16922631	6000000013103376469
Q1692264	6000000020348455936
Q1692273	6000000047849292919
Q1692287	6000000080674029951
Q1692294	6000000002491692151
Q1692299	6000000014536217601
Q1692303	6000000082820800694
Q169234	6000000013216351039
Q1692365	6000000045326724053
Q1692372	6000000032795617126
Q1692377	6000000015492555451
Q1692390	6000000090533442035
Q1692394	6000000015215647177
Q16924	6000000000347509723
Q1692405	6000000110670073147
Q1692408	6000000182092729822
Q1692414	6000000019436692973
Q1692416	6000000031619483025
Q1692430	6000000023824380235
Q1692433	6000000012877868304
Q1692436	6000000023859079634
Q1692454	6000000025503380001
Q1692457	6000000040102157087
Q169246	6000000019842069306
Q1692487	6000000139465167167
Q16924874	6000000210264359826
Q16925074	6000000075506329834
Q1692508	6000000059872987017
Q16925321	6000000074770386141
Q16925322	6000000074771218843
Q1692543	6000000004096338699
Q1692556	6000000018866747601
Q16925770	6000000056386452049
Q169258	6000000021559318614
Q1692616	6000000071806260757
Q1692618	6000000181038387825
Q169262	6000000172816372360
Q1692622	6000000014397828672
Q1692623	6000000014114520968
Q1692626	6000000172521425854
Q1692635	6000000001058651605
Q1692648	6000000073807137018
Q1692662	6000000045998167036
Q1692667	6000000028110014910
Q1692670	5000027721970055142
Q16926939	6000000073797236823
Q1692762	6000000075030809821
Q1692807	6000000015549300953
Q169281	6000000078674582012
Q1692812	6000000069956719179
Q1692832	6000000023685008873
Q16928355	6000000088067870827
Q1692852	6000000002779537491
Q1692858	4692113502020089897
Q1692860	6000000074418084821
Q1692884	6000000119535431206
Q1692886	6000000018095088159
Q1692901	6000000025747115040
Q1692904	6000000184224755837
Q1692938	6000000011171548817
Q1692953	6000000040151614088
Q16929566	6000000071868510863
Q1692962	6000000040101820625
Q1692972	6000000007137129424
Q16929732	6000000174468281629
Q16929738	6000000037717552544
Q16929861	6000000015327078851
Q16929907	6000000002073092279
Q16929919	6000000016380165919
Q16929928	6000000176065393858
Q16929948	6000000134797374991
Q16929957	6000000034454922361
Q1692997	6000000021404286615
Q16929979	6000000008736967827
Q16930001	6000000059961340856
Q16930013	6000000076042751185
Q16930019	6000000103673672991
Q16930025	6000000080285456954
Q16930049	6000000039402812648
Q16930057	6000000185786505868
Q16930063	6000000109314942859
Q16930065	6000000106987222853
Q16930071	6000000019835078705
Q16930077	6000000161434366892
Q16930078	6000000023563533322
Q16930102	6000000001337608570
Q16930108	6000000016266908524
Q16930109	6000000014109604580
Q16930112	6000000058168718843
Q16930115	6000000035710994697
Q16930117	6000000145518027869
Q16930126	6000000000409202844
Q16930146	6000000183111925829
Q16930147	6000000076273308863
Q16930158	6000000085771838212
Q16930159	326174797560005833
Q16930169	6000000081185423918
Q16930176	6000000036444661159
Q1693018	6000000184225658823
Q16930182	6000000075246758845
Q16930195	6000000179612607824
Q16930216	6000000043726332897
Q16930233	6000000002590542194
Q16930234	6000000052098198901
Q16930237	6000000180537634840
Q16930250	6000000023161629131
Q16930279	319765386280005932
Q16930283	6000000015521267509
Q16930296	6000000018417602486
Q169303	6000000041113355125
Q16930305	6000000030926061710
Q16930312	6000000178403779824
Q16930346	6000000034735167608
Q16930364	6000000126521564824
Q1693054	6000000061110594856
Q169306	6000000009729149722
Q1693060	6000000034331094895
Q1693062	6000000041875288893
Q169307	6000000019871867232
Q1693083	6000000140122527173
Q1693089	6000000001248223653
Q1693093	6000000074674826897
Q16930953	6000000002569127165
Q16930971	6000000032165347406
Q16930972	6000000032165008153
Q16930973	6000000032165980979
Q16931055	6000000002853159229
Q16931077	6000000010151259664
Q169311	6000000019669112211
Q16931101	6000000008603852416
Q1693120	6000000032785619947
Q16931227	6000000177041458888
Q16931258	6000000006788775959
Q1693127	6000000083125663653
Q16931271	6000000017798222710
Q16931294	6000000016324195924
Q1693135	6000000171855327834
Q1693151	6000000059872986996
Q1693156	6000000013547508432
Q1693162	6000000018817618005
Q16931629	6000000003940827622
Q1693175	6000000013093712791
Q1693181	6000000019669425176
Q1693190	6000000034517985123
Q1693199	6000000034378567087
Q16932087	6000000002665431565
Q16932089	6000000006282153860
Q16932101	6000000011581892602
Q1693213	6000000178376433868
Q16932205	6000000092486457865
Q16932428	6000000006444637011
Q1693246	6000000027029951583
Q1693247	6000000162148037821
Q1693248	6000000182847742825
Q16932687	6000000184458892840
Q1693290	6000000017238357216
Q16932903	6000000013295733213
Q169330	6000000029860626181
Q1693302	6000000021692427298
Q1693315	6000000030488996086
Q1693320	6000000016427684188
Q1693335	6000000023568909541
Q1693354	6000000020351085805
Q16933576	6000000007032296412
Q16933618	6000000002497788474
Q1693364	6000000026066886907
Q1693370	321920957850001879
Q16933735	5182747583550109199
Q1693377	6000000058353967906
Q1693386	6000000007362234207
Q169341	6000000047409853868
Q1693437	6000000015248263808
Q1693467	6000000002188464077
Q1693475	6000000068738016987
Q1693482	6000000079873421001
Q1693488	6000000086720200914
Q16934896	6000000182222325824
Q1693494	6000000023965547878
Q16934980	6000000044818387709
Q1693499	6000000032341458006
Q16934996	6000000042517003480
Q1693509	6000000132404042171
Q1693518	6000000025863039246
Q16935190	6000000017079353152
Q16935191	6000000016037481307
Q16935209	6000000018518393579
Q16935210	6000000112218204926
Q16935223	6000000172260446952
Q1693524	6000000019128028515
Q1693528	6000000184226043821
Q1693546	6000000010774896288
Q1693569	6000000014743683406
Q1693572	6000000162920157070
Q1693575	6000000045549758821
Q1693583	6000000171491408621
Q1693602	6000000016303916769
Q1693618	6000000073834205897
Q1693620	6000000170614222821
Q1693626	6000000000715803651
Q1693628	6000000026406477493
Q1693637	6000000040164482884
Q169366	6000000029936781335
Q1693682	6000000008416300169
Q1693705	6000000025093780836
Q1693708	6000000005598755957
Q1693713	6000000124504311988
Q16937166	6000000145815848823
Q1693727	6000000040733384856
Q16937367	6000000042837118581
Q16937411	6000000017405250320
Q16937425	6000000042621432471
Q1693748	6000000009015558259
Q16937590	6000000042104960960
Q16937604	6000000054873730156
Q16937615	6000000092292468966
Q16937670	6000000184501511838
Q16937688	6000000022906604326
Q16937704	6000000023601001392
Q16937716	6000000017234708745
Q16937723	6000000129330561515
Q16937729	6000000029134747910
Q16937730	6000000158655789822
Q16937733	6000000016387932989
Q16937735	6000000017841654057
Q16937737	6000000025605767795
Q16937810	6000000205213451901
Q1693783	6000000040587943986
Q16937848	6000000078775740210
Q16937861	6000000120966691878
Q16937867	6000000051549165908
Q16937873	6000000056976612409
Q16937874	6000000024192847298
Q16937915	6000000054903871080
Q16937920	6000000166007080919
Q16937921	6000000021677037982
Q1693794	6000000084500521865
Q16937944	6000000030166037106
Q16937952	6000000022476136960
Q16938119	6000000077285917149
Q1693812	6000000062339598851
Q1693833	6000000029659606466
Q1693835	6000000032876237021
Q16938478	6000000142678300907
Q1693853	6000000107635468824
Q1693894	6000000168178130923
Q1693906	6000000036876851011
Q1693908	6000000151972751821
Q1693915	6000000051394635013
Q1693917	6000000021560239284
Q1693918	6000000177212989826
Q16939316	6000000150860869909
Q16939515	6000000019008763742
Q16939612	6000000177156033850
Q16939626	6000000021620376945
Q16939688	6000000080208356870
Q16939692	6000000000796453268
Q16939703	6000000092646370835
Q16939774	4058917846960020292
Q16939839	6000000044821785836
Q1693986	6000000023453181905
Q1693992	6000000004096070120
Q16939939	6000000189368789821
Q1693994	6000000043173599991
Q16939950	6000000067401665848
Q16939952	6000000185628952845
Q1694002	6000000058922472052
Q16940132	6000000014302819246
Q1694014	6000000087904692290
Q16940158	6000000034735731916
Q16940184	6000000001576369027
Q16940187	6000000018262292711
Q1694020	6000000087331800850
Q1694021	6000000023723557183
Q1694028	6000000017352228166
Q16940365	4794213745410042379
Q16940376	6000000116525222116
Q16940413	6000000042145811263
Q1694072	6000000176840043823
Q16940783	6000000002614978823
Q16940784	6000000077739695346
Q16940794	6000000025257914033
Q16940798	6000000185454742083
Q16940839	6000000015311751953
Q16940847	6000000178423466821
Q16940865	6000000009369684901
Q16941043	6000000023500060070
Q16941059	6000000066755431936
Q16941108	6000000007409525559
Q1694125	6000000034368539129
Q1694126	6000000030994086085
Q16941264	6000000148751006180
Q1694134	6000000042192106847
Q1694137	6000000059729455098
Q1694138	6000000072973339985
Q1694150	6000000074173792562
Q1694158	6000000038970486217
Q16941609	6000000010371557912
Q16941674	6000000001369096099
Q16941677	6000000115752854822
Q1694169	6000000124503679823
Q16941703	6000000116835093889
Q1694191	6000000119585225934
Q16941911	6000000199665328834
Q16941973	6000000026908354345
Q16941985	351491104940012870
Q16942007	6000000010152420115
Q16942113	6000000095440139853
Q1694215	6000000010268059996
Q1694217	6000000024788631413
Q16942235	6000000038964537197
Q16942253	6000000050324105828
Q1694226	6000000019000437321
Q16942345	6000000014754646258
Q1694269	6000000183380988821
Q1694310	6000000062341230948
Q16943141	6000000036855736793
Q1694319	6000000056647721269
Q1694349	6000000041831709051
Q1694359	6000000013493539377
Q1694366	6000000070994081262
Q16943695	6000000075421080857
Q16943759	6000000008232442002
Q16943781	6000000172228607271
Q16943788	6000000019664911121
Q16943788	6000000059478006978
Q16943792	6000000003621790186
Q16943806	6000000048062439982
Q16943847	6000000026003981211
Q16943854	6000000019288397393
Q16943858	6000000036840529186
Q16943859	6000000002758485607
Q16943905	6000000024155752438
Q16943906	6000000040101697856
Q16943914	6000000023417044442
Q16943920	6000000021835362113
Q16943930	6000000009544351625
Q16943935	6000000053643398838
Q16943937	6000000002820778618
Q16943974	6000000082796271958
Q16944042	6000000043273954328
Q16944057	6000000005437480055
Q16944090	6000000021597242307
Q16944097	6000000000699374595
Q16944101	6000000009995537779
Q16944109	6000000175795211843
Q16944196	6000000156993413884
Q16944199	6000000019626642808
Q1694422	6000000009240966225
Q16944229	6000000055398378863
Q16944239	6000000005082495615
Q16944244	6000000020879437972
Q16944248	6000000012804889482
Q16944250	6000000006431703102
Q169445	6000000020306485000
Q1694454	6000000077328255883
Q1694466	6000000058499321974
Q1694468	6000000048107797059
Q1694471	6000000177687250825
Q169448	6000000001470050527
Q1694482	6000000072072632000
Q1694483	6000000177434364878
Q1694485	6000000024332100928
Q1694486	6000000083251193894
Q16944931	6000000049574558876
Q16944932	6000000174488516049
Q1694503	6000000067529412050
Q16945055	6000000003731974001
Q16945067	6000000011377124704
Q1694508	6000000000719896499
Q16945094	6000000021466607270
Q16945101	6000000000196206277
Q1694511	6000000033113408105
Q16945117	6000000006908959123
Q16945121	6000000010104495100
Q16945140	6000000019409868287
Q16945148	6000000006173557282
Q16945159	6000000017424989989
Q16945161	6000000024349931223
Q16945169	6000000138783072822
Q16945197	6000000021147937826
Q169452	6000000049409919886
Q16945217	6000000182575587881
Q1694522	6000000013084172310
Q16945234	6000000041512696434
Q16945280	6000000004009651359
Q16945313	6000000008303480456
Q16945315	6000000128502033831
Q16945324	6000000019893913549
Q1694533	6000000081427612992
Q16945331	6000000019904589183
Q16945333	6000000019903877877
Q1694534	6000000031090333276
Q16945367	6000000033345488624
Q1694537	6000000028267889023
Q16945389	6000000002997034558
Q16945404	6000000001950561785
Q1694542	6000000021707754016
Q16945427	6000000050866077297
Q16945429	6000000074314519031
Q1694543	6000000026843639453
Q16945431	6000000017735458580
Q16945437	6000000015405909096
Q16945465	6000000024290851477
Q16945475	6000000006127177884
Q16945477	6000000007433632615
Q1694548	6000000022628335066
Q16945518	6000000019295228025
Q16945530	6000000042556037824
Q16945547	6000000048149557664
Q16945549	6000000016558468771
Q1694555	6000000020091105567
Q16945550	6000000065487004821
Q1694563	6000000018127246609
Q1694566	6000000021354717017
Q1694569	6000000018817351455
Q1694572	6000000080241652140
Q1694574	6000000021786540275
Q1694584	6000000011006075326
Q1694587	6000000078208983457
Q16946235	6000000024375996701
Q16946250	6000000003602645868
Q16946271	6000000010471450042
Q16946276	6000000064810437270
Q16946278	6000000019658032139
Q16946303	6000000019881794554
Q16946322	6000000019584230199
Q16946324	6000000038797917945
Q16946340	6000000024304773399
Q16946372	6000000024349761402
Q16946414	6000000020920498352
Q16946439	6000000003731962110
Q16946459	6000000019910859861
Q16946474	6000000064017716834
Q169465	6000000155831206885
Q1694651	6000000144614148821
Q16946833	6000000016370087960
Q16947000	6000000082659549337
Q16947022	6000000065561772881
Q1694742	6000000017473070152
Q1694751	6000000008007804293
Q1694752	6000000211856928832
Q1694755	6000000007062125217
Q1694759	6000000026023389345
Q16947635	6000000006821066402
Q1694775	6000000006199955497
Q1694814	6000000014743740943
Q1694820	5531165340140061792
Q1694824	6000000029063095634
Q1694825	6000000020359189958
Q1694830	6000000077634778065
Q1694835	6000000078209147581
Q169484	6000000074183216964
Q1694864	6000000018815182966
Q1694903	6000000024787421244
Q1694910	6000000024492695911
Q1694936	6000000103863463841
Q1694948	6000000149243754423
Q1694961	6000000008912627665
Q1694962	6000000025272996397
Q1694968	6000000165541172951
Q1694975	6000000099301070029
Q1694983	6000000062341137868
Q169502	6000000016151751813
Q1695040	6000000013429565249
Q1695078	6000000011238196917
Q1695079	6000000010616780150
Q1695083	6000000178397143823
Q1695084	6000000027465665684
Q1695094	6000000017554928061
Q1695111	6000000165183637879
Q169512	6000000001470334293
Q1695158	6000000074814951988
Q1695174	6000000090842318888
Q1695181	6000000018910917406
Q1695253	6000000019391534350
Q1695258	6000000016479199908
Q1695280	6000000016680612688
Q1695308	6000000040834596199
Q1695317	6000000018822542088
Q1695325	6000000019074559513
Q1695343	6000000026392273078
Q1695346	6000000082862968716
Q169535	6000000012383976402
Q1695353	6000000072434105020
Q1695354	6000000029766284343
Q1695366	6000000020195013903
Q1695374	6000000033758096820
Q1695390	6000000016774016047
Q1695408	6000000060000249953
Q1695412	6000000041166034809
Q1695434	6000000134816730922
Q1695437	6000000017469409190
Q1695456	6000000083235331906
Q1695474	6000000017626314125
Q16954744	6000000057378737850
Q1695482	6000000015349025226
Q169549	6000000003978413223
Q1695491	6000000043455124665
Q1695498	6000000037972465513
Q169551	6000000121935042023
Q1695537	6000000024701209376
Q1695539	6000000029399703414
Q1695541	5262334824800022648
Q16956008	6000000088366221830
Q1695602	6000000004096351559
Q1695651	6000000017924601135
Q169566	6000000023265345825
Q1695665	6000000058680399883
Q16956661	6000000024941669041
Q16956665	6000000173215761952
Q1695675	6000000016416932568
Q1695676	6000000180853898829
Q1695698	6000000124327481136
Q1695726	6000000018593879750
Q1695738	6000000026305310914
Q1695759	6000000079048353512
Q1695763	6000000031758401881
Q1695765	6000000007336770706
Q1695766	6000000203210697823
Q169577	6000000013715534016
Q1695780	6000000059662228821
Q1695796	6000000084114634045
Q1695814	6000000167242889960
Q1695815	6000000042564545321
Q1695826	6000000002557216394
Q1695842	6000000079553731942
Q1695852	6000000037688433263
Q1695854	6000000013153733760
Q1695857	6000000002188615176
Q1695860	6000000026366721224
Q1695865	6000000019562267391
Q1695877	6000000171964309252
Q1695879	6000000017414907687
Q1695885	6000000024247781182
Q1695930	6000000031960177253
Q1695931	6000000186114821950
Q1695942	6000000084111672061
Q1695986	6000000047512131955
Q1696036	6000000026865683627
Q1696044	6000000070773754877
Q169613	6000000002736098166
Q1696212	6000000027817138683
Q1696243	6000000017284424363
Q1696254	6000000021699989202
Q1696290	6000000039989511002
Q16963164	6000000077535390952
Q1696319	6000000002764860426
Q1696343	6000000015540480721
Q1696357	6000000080786576821
Q1696360	6000000084040546111
Q1696369	6000000019002093875
Q1696381	6000000011163804698
Q1696382	6000000180901052846
Q1696387	6000000057342949823
Q1696389	6000000070680648906
Q1696422	6000000040407147779
Q1696423	6000000024625003224
Q1696424	4447423
Q1696425	6000000024624688752
Q1696451	6000000015185361519
Q1696468	6000000178708350946
Q1696482	6000000078005574697
Q1696487	6000000021560033244
Q1696495	6000000037105406024
Q1696529	6000000119823786821
Q1696531	6000000041598446983
Q1696540	6000000003220928810
Q1696555	6000000182054282982
Q1696570	6000000035130603285
Q1696576	6000000040280318001
Q1696582	6000000008597338317
Q1696585	6000000054633104858
Q1696597	6000000030616641403
Q1696616	6000000036204598179
Q1696627	6000000027511320462
Q1696635	6000000079043053797
Q1696645	6000000028584733646
Q1696647	6000000108770470897
Q1696679	6000000013492522461
Q1696686	6000000041431705304
Q1696690	6000000002418818283
Q1696712	6000000012524571461
Q1696729	6000000077017991592
Q1696742	6000000032851563867
Q1696749	6000000175470766099
Q1696755	6000000006426986940
Q1696785	6000000010827225717
Q1696805	6000000084106297147
Q1696806	6000000180921619876
Q1696807	6000000150664855863
Q1696815	6000000087861976867
Q1696820	6000000015406463562
Q1696838	6000000010046269326
Q1696860	6000000024247217949
Q16968962	6000000031342623838
Q1696905	6000000010405031519
Q1696937	6000000005608653081
Q1696957	6000000007090432564
Q1696989	6000000017250975629
Q1697038	6000000075246556963
Q1697059	6000000054427694887
Q169708	6000000150910235897
Q16971185	6000000107028741945
Q16971294	6000000042418036015
Q16971521	6000000015105356957
Q16971818	6000000098034823858
Q1697191	6000000088163169907
Q16971970	6000000021006623440
Q1697229	6000000015823694576
Q1697249	6000000016870845242
Q1697253	6000000076641155864
Q1697258	6000000183112179930
Q1697259	6000000022876947935
Q16972706	6000000082731638953
Q1697276	6000000216692525849
Q1697288	6000000024276921277
Q1697296	6000000020036155434
Q1697323	6000000014995202363
Q16973316	6000000002379442980
Q1697348	6000000013547348761
Q1697433	6000000021489253479
Q1697434	6000000068445279901
Q16974353	6000000020331179343
Q16974398	6000000042292874610
Q16974420	6000000021734385150
Q16974471	6000000013431417020
Q16975	6000000057959889971
Q16975188	6000000027987754170
Q1697548	6000000022756903681
Q1697554	6000000009837356528
Q16975742	6000000047453843326
Q16975892	6000000121443247913
Q1697618	6000000080983774161
Q16976253	6000000003523304879
Q1697631	6000000136046545834
Q16976405	6000000004079710248
Q1697644	6000000015451979458
Q16976558	6000000057212130925
Q1697663	6000000025563581024
Q1697676	6000000180755649884
Q1697683	6000000012176335297
Q1697684	6000000023039530973
Q16977	6000000068543684893
Q16977139	6000000019965542958
Q1697725	6000000041054744187
Q1697745	6000000091606712077
Q16977469	6000000020293528863
Q16977486	6000000166465815834
Q16977506	6000000084469759834
Q1697759	6000000006622810063
Q1697784	6000000000491032784
Q1697822	6000000008595892557
Q1697825	6000000018319166527
Q1697838	6000000083002040960
Q1697879	6000000070142374821
Q16979	6000000077480083440
Q1697979	6000000069635554927
Q16979824	6000000048114411178
Q1697992	6000000073631239933
Q1698	6000000008550054852
Q16980141	6000000054384490160
Q1698016	6000000024211264026
Q16980175	6000000047903992700
Q16980201	6000000014293919322
Q1698027	6000000026520728354
Q1698058	6000000031351649077
Q1698059	6000000025582415505
Q16980697	6000000049227724228
Q16980883	6000000014874982774
Q16980909	6000000181480223842
Q1698108	6000000071446515998
Q1698110	6000000078489863320
Q16981151	6000000016523952650
Q16981354	6000000103676715454
Q1698136	6000000082572371967
Q16981373	6000000183353188846
Q169814	6000000069686832821
Q16981439	6000000058883190848
Q1698149	6000000003338974581
Q1698178	6000000014272488355
Q16981941	6000000016957254884
Q1698197	6000000008751103067
Q1698243	6000000037052478159
Q16982565	6000000056162527910
Q1698277	6000000080198766181
Q16983	6000000001324939272
Q16983038	6000000066559325033
Q16983105	6000000011223721099
Q16983185	6000000006769829237
Q1698324	6000000007026113099
Q16983522	6000000205799866868
Q16983582	6000000023185604503
Q1698368	6000000070150460218
Q1698375	6000000033537750293
Q16983790	6000000055215059866
Q1698384	6000000030750791860
Q16984093	6000000006441268956
Q16984246	6000000003858749742
Q16984250	6000000078215152559
Q1698442	6000000020482946167
Q16984527	6000000080246189995
Q16984784	6000000032476919843
Q1698487	6000000020469033273
Q1698513	6000000027819283018
Q1698534	6000000002764509797
Q16985487	6000000203499296854
Q1698553	6000000070586687108
Q16985576	6000000088020790020
Q16985699	6000000066544301847
Q16986	6000000034175063910
Q1698621	6000000027876150099
Q1698635	6000000002175325479
Q16986436	6000000114789171909
Q16986521	6000000000667576439
Q16986748	6000000015580122423
Q1698693	6000000014220396464
Q1698698	6000000054232814333
Q1698702	6000000014332376242
Q1698717	6000000009794184686
Q1698733	6000000036339942672
Q1698738	6000000052989003841
Q1698753	6000000034368856928
Q16987629	6000000048949687954
Q1698763	6000000024916172025
Q16987638	6000000008849901722
Q16987651	6000000070405432077
Q16987980	6000000021451222587
Q16987992	6000000083114058094
Q16988	6000000026683398413
Q16988146	6000000006123171133
Q16988508	6000000056418054821
Q16988618	6000000035186323278
Q16988625	349768791840012651
Q16988821	6000000178412543833
Q16989027	6000000074902719994
Q16989067	6000000176895076825
Q16989433	6000000086680973036
Q16989438	6000000074598323846
Q16989498	6000000220145513835
Q16989516	6000000179335989903
Q16989568	6000000023341495147
Q16989641	6000000006802378361
Q16989725	6000000107293207911
Q16989814	6000000000645981202
Q16989862	6000000041778634298
Q16989869	6000000182861040823
Q16989888	6000000052152281832
Q16989902	6000000004689935966
Q16990097	6000000177363158881
Q16990184	6000000183411314831
Q169902	6000000003202364857
Q16990207	6000000063666999865
Q16990226	6000000038561618103
Q16990287	6000000020436481420
Q16990357	6000000068517671843
Q16990377	6000000011950646487
Q16990424	6000000160296118835
Q16990442	6000000174824490984
Q16990496	6000000083182125700
Q1699050	6000000019077276000
Q16990526	6000000034622540832
Q1699057	6000000034052640887
Q16990589	6000000009739915805
Q169906	6000000024350850190
Q16990643	6000000071281536431
Q16990720	6000000020692779625
Q1699073	6000000181605466931
Q1699074	6000000052114859830
Q1699075	6000000007417544289
Q1699078	6000000018390826670
Q1699078	6000000111082894016
Q1699080	6000000003617600570
Q16990810	6000000014016277446
Q16990896	6000000113574943960
Q1699094	6000000027418022560
Q16990999	6000000176706511822
Q169911	6000000007282646983
Q1699111	6000000020587400219
Q1699115	6000000077952174722
Q16991252	6000000052546972909
Q1699126	6000000043382224509
Q1699134	6000000151478279844
Q16991368	6000000157307753847
Q16991401	6000000009665002660
Q1699159	6000000023772154980
Q1699162	6000000013170958931
Q1699183	6000000111855244966
Q1699185	6000000031707593716
Q16991921	6000000039934388012
Q1699198	6000000002799102100
Q1699201	6000000000128574644
Q1699239	6000000014852098479
Q1699250	6000000004593191152
Q1699252	6000000031408886169
Q1699261	6000000022669575480
Q1699276	6000000034076175920
Q1699281	6000000015431511502
Q1699283	6000000034583359901
Q1699294	6000000006444209981
Q16992946	6000000005029527304
Q1699295	6000000002181960304
Q1699316	6000000010564027827
Q1699320	6000000032795548406
Q1699331	6000000055398189925
Q1699334	6000000015026818067
Q1699336	6000000018456140342
Q1699339	6000000013580126046
Q1699339	6000000189336158841
Q1699347	6000000010996196987
Q1699357	6000000018047906811
Q1699371	6000000009065632081
Q1699374	6000000010443503365
Q1699385	6000000040260097946
Q1699393	6000000008830802804
Q1699398	6000000042550439517
Q1699423	6000000034587808202
Q1699429	6000000029129588954
Q1699433	6000000067935624897
Q169946	6000000008574457842
Q1699467	6000000015154811439
Q1699470	6000000015759338048
Q16994753	6000000002143550377
Q1699479	6000000025109159303
Q1699493	6000000016012747603
Q1699496	6000000095175241283
Q1699503	6000000012937811394
Q1699509	6000000015040214972
Q1699512	6000000015312460151
Q1699519	6000000078502715050
Q1699529	6000000025751868339
Q1699533	6000000010564085381
Q1699568	6000000083541975319
Q1699569	6000000000735501600
Q1699584	6000000007273425557
Q1699594	6000000017623600018
Q1699602	6000000035872960133
Q1699606	6000000001075552722
Q1699615	6000000017549684667
Q1699621	6000000114698848853
Q1699623	6000000000351077065
Q1699626	6000000031047094594
Q1699640	1650357
Q1699660	6000000002183121039
Q1699675	6000000013124404903
Q1699681	6000000026606597677
Q1699693	6000000013859832227
Q1699696	6000000016543897395
Q16997149	6000000041055530574
Q1699720	6000000176526625822
Q1699722	6000000037211201862
Q1699723	6000000015421669939
Q1699735	6000000003074614519
Q1699759	6000000000161457931
Q1699761	6000000016126969497
Q1699774	6000000016830457993
Q1699775	6000000081554191986
Q16997795	6000000007979982325
Q1699808	6000000163745496848
Q169981	6000000004858441012
Q1699813	6000000009317538548
Q16998200	6000000003937884848
Q1699824	6000000040616205176
Q169984	6000000141116789838
Q1699840	6000000008369917925
Q1699846	6000000083648860497
Q1699862	6000000025999684382
Q1699876	6000000185384468749
Q1699879	6000000008403658751
Q1699886	6000000048451978863
Q1699893	6000000002228091073
Q1699908	6000000035325430713
Q1699911	6000000011802509991
Q1699940	6000000050992700832
Q1699948	6000000002188536422
Q1699957	6000000008618552080
Q1699971	6000000000629615964
Q1699977	6000000005432038978
Q1699979	6000000003453119792
Q1699991	4810949373510078710
Q1699992	6000000023494961127
Q1699993	6000000128981782881
Q1700005	6000000078394837428
Q1700011	6000000012695381733
Q1700012	6000000128555904830
Q1700031	6000000015095751039
Q1700039	6000000000874117586
Q1700069	6000000013664979428
Q1700079	6000000001440619342
Q17000922	6000000016266668808
Q1700095	6000000010273863227
Q1700099	6000000125832459041
Q1700105	6000000042552996342
Q1700106	6000000047892396915
Q1700111	6000000007219928202
Q1700116	6000000071953411130
Q1700120	6000000013648776039
Q17001201	6000000011175242746
Q17001209	6000000024171863900
Q1700130	6000000019028259822
Q17001501	6000000031990038065
Q1700152	6000000024864881990
Q1700157	6000000015261626782
Q1700159	6000000004593983289
Q170017	6000000114058195316
Q1700175	4199771141150123555
Q1700178	6000000114132666823
Q1700185	6000000007140949012
Q1700187	6000000069886556220
Q1700194	6000000007194297361
Q1700203	6000000008825715105
Q17002150	6000000074706189939
Q1700220	6000000096228920617
Q1700222	6000000056378399887
Q17002298	6000000074725968848
Q1700248	6000000040750027658
Q1700274	6000000181752416876
Q1700283	6000000055767645837
Q1700287	6000000019663892222
Q170029	6000000008427771378
Q1700299	6000000013281808230
Q1700330	6000000024786420808
Q1700335	6000000078843482440
Q1700345	6000000011792786757
Q1700349	6000000148815429830
Q1700354	6000000043360182030
Q1700356	6000000020965454725
Q1700359	6000000041391698566
Q1700376	6000000020369596579
Q17003855	4526963345620070257
Q1700386	6000000019568118541
Q1700393	6000000001578880910
Q1700405	6000000000535927058
Q17004191	6000000177204482822
Q170042	6000000014281056535
Q1700420	6000000037676376069
Q1700428	6000000033026057386
Q1700430	6000000019581621216
Q1700436	6000000039250042046
Q1700446	6000000008825750342
Q17004508	6000000008610575638
Q17004519	6000000008611446372
Q1700457	6000000019167428406
Q1700472	6000000017478099576
Q1700480	6000000000284237581
Q1700486	6000000016509163278
Q1700490	6000000012285023517
Q17004959	6000000006348619752
Q1700498	6000000015649700409
Q17005153	6000000031901958222
Q1700519	6000000014423832925
Q1700521	6000000020456938799
Q1700523	6000000016939109391
Q1700529	6000000105192860945
Q17005458	6000000014514669666
Q1700551	6000000017016255829
Q1700568	6000000043381979841
Q170057	6000000027216264561
Q1700577	6000000083100498930
Q1700585	6000000002799118635
Q170059	6000000017251540041
Q1700594	6000000000978437615
Q17006	6000000183030232849
Q1700603	6000000017146289042
Q1700610	6000000008630596677
Q1700619	6000000003615116441
Q1700644	6000000078844055409
Q17006533	6000000009387646842
Q1700658	6000000002716243481
Q1700671	6000000016048405846
Q17006737	6000000080008701822
Q1700675	6000000000678216452
Q170068	6000000006238534584
Q1700685	6000000013312786829
Q1700686	6000000041060348500
Q17006998	6000000074784436007
Q170071	6000000068498837833
Q1700758	6000000027876407666
Q1700763	6000000015324683631
Q1700765	6000000078549661473
Q1700767	6000000017478513251
Q170078	6000000035030462465
Q1700800	6000000028278970586
Q17008013	6000000074737590882
Q1700810	6000000044655091840
Q1700819	6000000009210788003
Q17008221	6000000016638540509
Q170083	6000000006110829200
Q1700837	6000000015613018484
Q1700856	6000000077999344767
Q1700872	6000000022205183866
Q1700875	6000000009716826206
Q17008751	6000000075407655877
Q1700877	6000000025468299161
Q17008876	6000000074751249975
Q17008883	6000000074751182987
Q17008887	6000000003942944140
Q1700890	6000000025999347796
Q1700896	6000000008231421493
Q1700914	6000000064127260734
Q1700920	6000000034392070195
Q1700922	6000000137130554872
Q17009317	6000000075398974955
Q1700932	6000000015161435873
Q1700934	6000000015257752309
Q17009429	6000000024031255905
Q17009442	6000000024729737962
Q1700948	6000000002658767523
Q1700949	6000000017219253268
Q17009498	6000000036951220294
Q170095	6000000032320365743
Q1700951	6000000027574471465
Q1700959	6000000019338395215
Q1700972	292831535070001465
Q1700981	6000000012846771408
Q1700984	6000000026364888966
Q1700990	6000000006960594346
Q1700999	6000000021519697184
Q17010107	6000000074706081864
Q1701028	6000000053351599879
Q17010338	6000000074706244888
Q1701043	6000000097021305828
Q17010451	6000000074737724091
Q1701052	6000000047538127717
Q1701054	6000000023388313224
Q1701058	6000000016498006053
Q1701065	6000000075948869894
Q1701067	6000000014577632224
Q1701073	6000000056341659827
Q1701095	6000000077265600065
Q1701101	6000000010422053597
Q1701104	6000000042538462979
Q1701109	6000000096465199833
Q1701116	6000000166442453152
Q1701119	6000000023151847000
Q1701123	6000000003605727787
Q1701131	6000000016957898210
Q1701134	6000000021425452285
Q1701142	6000000014254366778
Q1701151	6000000006082830643
Q1701165	6000000036315400548
Q17011681	6000000074731683889
Q17011792	6000000074787062328
Q17011835	6000000074787428904
Q17011866	6000000075398743836
Q17011885	6000000074786803325
Q17011897	6000000075404919965
Q1701195	6000000018481478099
Q1701201	6000000000690710517
Q1701201	6000000040596639981
Q1701207	6000000008034293435
Q1701213	6000000011022617659
Q1701218	6000000020304968317
Q17012265	6000000007681842878
Q1701232	6000000179250707834
Q1701240	6000000004592953426
Q1701251	6000000002567297291
Q1701254	6000000025155648304
Q1701264	6000000002188470924
Q1701279	6000000128080708020
Q1701285	6000000012996209770
Q1701298	6000000038708393330
Q1701305	6000000026490637260
Q1701320	6000000033500564346
Q1701323	6000000091974480020
Q1701325	6000000008231407682
Q1701327	6000000007386698880
Q1701337	6000000035155028180
Q1701344	6000000007201309431
Q1701353	6000000014437231401
Q17013538	6000000033359636678
Q17013602	6000000013389790069
Q1701362	6000000056024543915
Q1701364	6000000042045962461
Q1701384	6000000004592936570
Q1701385	6000000027806619763
Q17013915	6000000012380539549
Q17013960	6000000034283288128
Q1701412	6000000034324661844
Q1701417	301086905430001393
Q1701422	6000000008645092048
Q17014221	6000000030504176428
Q1701427	6000000006968424069
Q1701428	6000000035990179120
Q1701432	6000000119025341078
Q1701442	6000000004116556336
Q1701454	6000000035298734163
Q1701455	6000000041960390231
Q170147	6000000151262482822
Q17014891	6000000040652548570
Q1701495	6000000003043089494
Q1701503	6000000035562072376
Q1701504	6000000028337283901
Q1701509	6000000012675420878
Q1701525	6000000000816749670
Q1701530	6000000013120335850
Q1701532	6000000105859861863
Q1701538	6000000003043231896
Q1701540	6000000007097727497
Q1701548	6000000032602229971
Q1701549	6000000032601638076
Q1701561	6000000021451421384
Q17015704	6000000001714950945
Q17015746	6000000081518277087
Q1701580	6000000120335927942
Q1701598	6000000051064946853
Q1701603	6000000022526599073
Q1701606	6000000032350964911
Q17016090	6000000129383969900
Q1701612	6000000059377920040
Q1701614	6000000017704176081
Q1701616	6000000015170584986
Q1701620	6000000004745760031
Q1701622	6000000008631003511
Q1701631	6000000017210750288
Q1701638	6000000027791475090
Q1701641	6000000015733379466
Q17016444	6000000006048660011
Q1701655	6000000104997215878
Q1701696	6000000014723427399
Q1701703	6000000004133068295
Q1701707	6000000010667897459
Q1701718	6000000020893087201
Q1701721	6000000008851122940
Q1701724	6000000008891080318
Q1701732	6000000041813520930
Q1701734	6000000001177315326
Q1701740	6000000065131443192
Q1701747	6000000039951645950
Q1701759	6000000169765985834
Q1701770	6000000017132793544
Q1701775	6000000015519744505
Q1701777	6000000020853743925
Q1701788	6000000012254746136
Q1701789	6000000177809171835
Q170179	312468491750006446
Q1701790	6000000003275353285
Q1701800	6000000012221663067
Q1701806	6000000000595395035
Q1701807	6000000179958395822
Q1701809	6000000000162500345
Q170182	6000000015957292586
Q1701825	6000000002968690286
Q1701827	6000000002991797769
Q1701828	6000000005560006354
Q1701831	6000000003858686203
Q170184	6000000003148280269
Q1701845	6000000015348427292
Q1701854	6000000179698766875
Q170186	6000000004183001793
Q1701860	6000000017397896624
Q1701872	6000000022684982751
Q1701883	6000000041325344451
Q1701906	6000000008140176720
Q170191	6000000003152099422
Q1701913	6000000048355807861
Q1701928	6000000002116524237
Q1701936	6000000001892308480
Q1701944	6000000006444097853
Q1701946	4873193323250131235
Q170195	6000000004120140055
Q1701960	6000000012423569357
Q1701965	6000000018645481915
Q170197	6000000000632030828
Q1701970	6000000038531079989
Q1701975	6000000019025566852
Q1701978	5388385720090054154
Q1701986	6000000028645917834
Q1701992	6000000015449052009
Q1702000	6000000023705439507
Q1702008	6000000011835288560
Q1702009	6000000180533738859
Q1702023	6000000014217954779
Q1702045	6000000000943537236
Q1702046	542615
Q170205	6000000002188409591
Q1702068	6000000141154291930
Q1702080	6000000006912417157
Q17020812	6000000074700950877
Q1702088	6000000017114687740
Q170209	6000000015692676620
Q1702091	6000000019379421942
Q1702096	6000000021421359084
Q1702099	6000000026335045493
Q1702113	6000000018012355179
Q1702115	6000000016986967450
Q1702116	6000000029718238896
Q1702130	6000000002463145231
Q1702132	6000000012523605249
Q1702134	6000000022905768407
Q1702136	6000000023025571849
Q17021401	6000000008941321123
Q1702142	6000000000490445299
Q1702149	6000000058994265871
Q1702157	6000000028160948075
Q1702161	6000000027257497127
Q1702166	6000000005598904697
Q1702199	6000000009735285541
Q1702200	6000000000590697329
Q1702204	6000000183638852888
Q1702224	6000000151244618822
Q1702236	6000000005732045005
Q17022465	5242963424510137391
Q1702288	6000000007329887853
Q17022893	6000000000741305883
Q1702345	6000000105418625858
Q1702347	6000000016829719302
Q1702353	6000000086914324274
Q1702357	6000000176035443858
Q1702399	6000000051828593424
Q1702444	6000000145342472855
Q17025166	6000000075406351971
Q170256	6000000017307640382
Q170260	6000000027569319251
Q17026303	6000000074733294930
Q1702633	6000000001288422241
Q17026459	6000000074704978058
Q17026581	6000000074726039141
Q1702669	6000000012385861742
Q170267	6000000016999004315
Q17026705	6000000074768245073
Q17026984	6000000074717236038
Q170270	6000000019151603169
Q1702730	6000000022799316529
Q1702760	6000000048444454919
Q1702763	6000000024878840382
Q1702784	6000000172428101035
Q1702821	6000000130097584902
Q1702824	6000000105968561822
Q1702846	6000000002574111522
Q1702869	6000000157639952018
Q17028709	6000000074787562919
Q1702876	6000000046628044273
Q1702920	6000000015415987878
Q1702924	6000000021367970040
Q170293	4534342
Q1702941	6000000002765642804
Q17029678	6000000184735501849
Q17029723	6000000003937817889
Q1702985	6000000006871254012
Q17029853	6000000075406250868
Q17029861	6000000047504780838
Q17029870	6000000073523942919
Q1703013	6000000011613006897
Q17030133	6000000054251316854
Q1703018	6000000003206417877
Q1703019	6000000145226583853
Q17030298	6000000074737413947
Q17030300	6000000074737480901
Q17030302	6000000075430065979
Q17030309	6000000074737915823
Q1703031	6000000008744587691
Q17030325	6000000074711453119
Q17030675	6000000075488277845
Q1703092	6000000013146095780
Q1703099	6000000010552986326
Q170310	6000000015932862704
Q1703100	6000000010272713930
Q1703107	6000000001382827583
Q17031081	6000000074734372183
Q1703111	6000000000139025580
Q1703124	6000000015115329429
Q1703129	6000000015090456976
Q1703133	6000000164272445824
Q1703183	6000000001356823944
Q1703197	6000000047775492278
Q1703198	6000000013850172480
Q1703204	6000000002072107540
Q17032401	6000000074791818874
Q1703242	6000000013247706993
Q1703258	6000000072475782856
Q1703291	6000000018490461215
Q1703312	6000000184270415885
Q1703315	6000000011126443148
Q17033244	6000000017250273383
Q17033245	6000000074737627082
Q17033641	6000000074733917014
Q1703370	6000000069538137837
Q17033917	6000000075485243980
Q17033925	6000000075485359935
Q17033981	6000000075420550837
Q170340	6000000032058038849
Q17034012	6000000074737634975
Q17034129	6000000074759100856
Q170342	6000000008679400877
Q17034312	6000000074701328445
Q17034321	6000000073374624905
Q170345	6000000015960720561
Q17034543	6000000074749200466
Q17034569	6000000074685011944
Q1703462	6000000141556136951
Q1703473	6000000127203518835
Q170348	6000000007803906855
Q17034824	6000000022135989812
Q1703488	6000000210037246837
Q1703506	6000000011433138399
Q17035332	6000000074732583894
Q1703542	6000000002357534525
Q1703548	6000000021035382232
Q170356	6000000012481066824
Q1703564	6000000036294424278
Q170357	6000000032007597686
Q1703585	6000000043481474875
Q17035919	6000000074726100162
Q17035955	6000000074711879979
Q17035986	6000000075488729832
Q1703613	6000000021465594057
Q1703665	6000000122502217830
Q1703683	6000000011089032774
Q170373	6000000002116051425
Q17037439	6000000054719378937
Q17037798	6000000015494160992
Q17037991	6000000151362780822
Q1703813	6000000178175179828
Q1703840	6000000036300120856
Q1703852	6000000025564195242
Q1703857	6000000006908002698
Q1703875	6000000002892941494
Q170395	6000000009531683320
Q1703956	6000000000670540007
Q170396	6000000003171751091
Q170398	312473166720001563
Q1704015	6000000180211840834
Q1704047	6000000024548433941
Q1704058	6000000034007728943
Q170411	6000000038201255109
Q17041124	6000000012653244558
Q17041148	6000000074687973264
Q17041175	6000000074687326137
Q1704158	6000000064157150014
Q170419	6000000016394542390
Q1704209	6000000180851755822
Q1704253	6000000074782808916
Q170428	6000000010880136940
Q1704290	6000000131475389851
Q1704305	6000000020659627924
Q17043125	6000000035236532445
Q17043434	6000000079640136037
Q1704370	6000000004998762098
Q17043783	6000000014194046634
Q17043843	6000000018441855487
Q17043846	6000000039566600908
Q17043862	6000000015151386667
Q17043881	6000000019382037074
Q17043951	6000000016606073089
Q17043951	6000000083070859821
Q17043968	6000000016023933228
Q17044078	6000000012998018401
Q17044125	6000000018171185380
Q17044508	6000000124346846860
Q1704455	6000000169304286822
Q1704484	6000000180553232852
Q17044895	6000000013930768661
Q17044901	6000000164465610935
Q1704497	6000000125278723889
Q1704504	6000000039274317129
Q1704505	6000000180443298831
Q17045054	6000000024758295504
Q17045095	6000000083071518937
Q17045103	6000000173692087854
Q17045121	6000000038520536186
Q17045137	6000000021413719269
Q17045162	6000000033652447866
Q17045169	6000000070851606337
Q17045203	6000000014949176712
Q17045211	6000000010762487748
Q17045302	6000000016606020095
Q17045302	6000000083070960084
Q17045322	6000000016023824786
Q17045322	6000000083070598316
Q1704533	6000000181739751824
Q1704535	6000000083047906027
Q1704537	6000000038194938144
Q17045384	6000000083071338062
Q17045397	6000000083071096550
Q17045405	6000000083071280227
Q1704557	6000000075577562040
Q1704584	6000000047803297996
Q1704589	6000000101464162848
Q1704597	6000000017312367864
Q1704637	6000000022822660846
Q1704653	6000000015888020038
Q170467	5318340685370041549
Q1704697	6000000010343421830
Q1704711	6000000051036738821
Q1704721	6000000063230895879
Q1704763	6000000010078029482
Q1704770	6000000004097930433
Q1704785	6000000037547241409
Q17047957	6000000027987521244
Q1704799	6000000173791450995
Q1704810	6000000193734480516
Q17048974	6000000039912792595
Q1704907	6000000039326529041
Q1704926	6000000056705929097
Q1704958	6000000013715665097
Q1705005	6000000004271566789
Q1705015	6000000021210059417
Q1705023	6000000180661314822
Q1705028	6000000221561324860
Q1705029	6000000015517550886
Q1705032	6000000203843169831
Q170509	6000000017815405952
Q170510	6000000015062109555
Q1705116	6000000107354754825
Q1705119	6000000037511225009
Q17051242	6000000034223536214
Q1705132	6000000020627029496
Q170514	385248574080013973
Q1705143	6000000181205126855
Q170515	377235860360004034
Q1705180	6000000012458927086
Q1705200	6000000007952403397
Q1705206	6000000000452829500
Q1705232	6000000023377445230
Q170530	6000000007980591309
Q1705328	6000000050192839416
Q1705347	6000000011382550097
Q1705352	6000000026971191023
Q1705370	6000000075228718205
Q1705377	6000000081839283942
Q1705391	6000000051112639821
Q1705432	6000000017045383133
Q1705434	6000000122495733961
Q1705463	6000000072084634889
Q1705475	6000000032503780864
Q17054831	6000000037404852073
Q1705509	6000000175037143821
Q1705537	6000000025152650417
Q1705538	6000000035982833904
Q1705542	6000000009679815629
Q1705559	6000000017876703747
Q1705577	6000000019481034281
Q1705594	6000000009985231521
Q1705609	6000000166193058767
Q1705630	6000000009877332518
Q1705645	6000000026726801135
Q1705646	6000000007849913436
Q1705651	6000000107041957861
Q1705668	6000000019248058836
Q17056772	6000000144811608834
Q17056945	6000000006822780762
Q17056977	6000000150919774863
Q170572	6000000000282040867
Q17057251	6000000064597902910
Q17057374	6000000024511889683
Q170574	6000000015182857597
Q17057415	6000000009363749191
Q17057451	6000000094058048821
Q17057455	6000000179125567833
Q17057462	6000000011040103932
Q17057486	6000000023582627819
Q17057488	6000000020268779851
Q17057495	5172682395100085439
Q17057553	6000000198848207826
Q17057574	6000000006146714242
Q17057586	6000000004233021252
Q170576	6000000026091633842
Q17057601	6000000010945720323
Q17057625	6000000021119103446
Q17057645	6000000008276658934
Q17057664	6000000037333798932
Q17057756	6000000027600396756
Q17057796	6000000021592570947
Q17057797	6000000028243564105
Q17057818	6000000001666973636
Q17057826	6000000015872348276
Q17057877	364374144860013672
Q17057902	6000000200521103833
Q17057918	6000000007370651624
Q17057952	6000000020865051697
Q17057973	6000000022308487616
Q17058001	6000000084971063036
Q170581	6000000015198212561
Q17058110	6000000023130879320
Q17058141	6000000019390419567
Q17058145	6000000012980039635
Q17058150	6000000041384954556
Q1705820	6000000177971302839
Q17058214	6000000007343702128
Q17058232	6000000033106452789
Q17058238	6000000058375717857
Q17058273	6000000041700427951
Q17058407	6000000037950072194
Q1705841	6000000058286760821
Q17058470	6000000018625743338
Q170587	6000000017801176331
Q17058814	6000000008832523329
Q1705899	6000000180421775823
Q17059044	6000000056057241852
Q17059213	6000000075499892862
Q1705922	6000000203413946179
Q1705941	6000000179607133856
Q170596	6000000012996565741
Q1705960	6000000017225278718
Q1705972	6000000051794955860
Q17059825	6000000030400407211
Q1706000	6000000019044567554
Q17060125	6000000012653534288
Q1706029	6000000180813360843
Q1706031	1804687
Q1706033	6000000018003141765
Q170606	6000000027027697355
Q17060728	6000000040572248926
Q1706131	6000000000540541711
Q17061320	6000000007700558028
Q1706140	6000000033142705310
Q17061419	6000000015424709232
Q1706143	6000000083915280269
Q1706146	6000000066595337833
Q17061473	6000000000095632372
Q1706149	6000000014608289054
Q1706150	6000000092733755217
Q1706151	6000000178633195863
Q1706153	6000000009928773641
Q17061582	6000000001083178139
Q1706162	6000000020614886813
Q17061635	6000000026272617493
Q1706173	6000000002803049076
Q1706174	6000000059397280833
Q1706183	6000000080132875399
Q17061912	6000000027069566092
Q17062096	6000000032084858350
Q17062112	6000000079585178002
Q1706215	6000000023377374516
Q17062187	6000000002020092276
Q1706227	6000000015163587972
Q17062302	6000000075429985912
Q1706233	6000000049126824263
Q17062408	6000000075484817957
Q17062820	6000000025358948511
Q17062938	6000000019833284313
Q1706307	6000000075501493960
Q17063246	6000000036179189857
Q17063837	6000000001083782376
Q1706395	6000000079359486858
Q1706405	6000000007498806590
Q17064211	6000000044254919950
Q17064238	6000000024845871568
Q1706440	6000000001482576727
Q17064409	6000000003196658896
Q1706452	6000000010123378928
Q1706453	6000000041805980207
Q1706463	6000000021934634976
Q1706465	6000000008526448227
Q1706469	6000000047359422886
Q17064866	6000000074791391195
Q17064956	6000000010491060449
Q1706498	6000000002764509834
Q17065060	6000000040774634854
Q1706526	6000000163756822845
Q1706538	6000000179334183173
Q1706542	6000000084954832206
Q1706556	6000000013332762928
Q1706566	6000000036063431885
Q17065791	6000000025026023938
Q17065822	6000000012904373781
Q17065849	6000000127730804830
Q17065902	6000000074089688247
Q17065945	6000000023940273563
Q1706599	6000000088166639830
Q1706608	838840
Q17066084	6000000003827708844
Q1706615	6000000083939666980
Q1706624	6000000180371454844
Q1706627	6000000177232916821
Q17066329	6000000000088517988
Q17066343	6000000042787281918
Q1706646	6000000065110564172
Q1706650	6000000002987345052
Q1706659	6000000086414085967
Q1706661	6000000002814729007
Q1706668	6000000034294858009
Q1706673	6000000012526839137
Q1706674	6000000055459623848
Q17066748	6000000074704629827
Q17066771	6000000075431443960
Q1706681	6000000008231114399
Q17066892	6000000086595988877
Q1706694	6000000020149435321
Q1706709	6000000024129686059
Q1706715	6000000043329243352
Q1706740	6000000090967372822
Q1706744	6000000216420206864
Q1706748	6000000009669026153
Q1706764	6000000113227375821
Q1706766	6000000019316456798
Q1706814	6000000031672127056
Q1706870	6000000079106926903
Q1706891	6000000068971019895
Q1706901	6000000021119656485
Q1706916	6000000004098058329
Q1706921	6000000013316398855
Q1706954	6000000011323112211
Q1706969	6000000029852933945
Q1706970	6000000021934515102
Q1706973	6000000174836805911
Q1706986	6000000080239851411
Q1706992	6000000006606164035
Q17070090	6000000000904674481
Q1707031	6000000004097311661
Q1707040	6000000031940398717
Q1707044	6000000014746141853
Q1707047	6000000108387830848
Q170707	385260372670013985
Q1707088	6000000027431189729
Q1707096	6000000000071842445
Q1707152	6000000016303763375
Q1707165	6000000017866611840
Q1707179	6000000002765654027
Q1707184	6000000077120123529
Q1707210	6000000105865737001
Q17072485	6000000010956131978
Q1707256	6000000011335943616
Q170726	6000000010594082459
Q1707267	6000000020988929030
Q1707278	6000000066537495225
Q1707281	6000000012242940781
Q1707284	6000000007705676782
Q1707297	6000000018915363977
Q1707314	6000000045480078886
Q1707358	6000000004956897696
Q17073754	6000000012963862095
Q1707394	6000000025555507744
Q170741	6000000017206978311
Q1707429	6000000189172009864
Q1707449	6000000007775310102
Q1707460	6000000004969805676
Q1707466	6000000015207531829
Q17074728	6000000010955971395
Q1707473	6000000011635713813
Q1707475	6000000044845685173
Q1707481	6000000011164563730
Q1707533	6000000060331709878
Q1707550	6000000006155498935
Q1707579	6000000084590426881
Q1707603	6000000001543274072
Q1707608	6000000041388659021
Q1707698	289322960660003169
Q1707716	6000000010925987316
Q1707753	6000000085644995115
Q1707758	6000000078807918918
Q1707763	6000000015258503595
Q17077743	6000000004657729748
Q17077778	6000000013226984251
Q17077778	6000000096812262919
Q1707780	6000000082969326052
Q1707784	305133271890004302
Q1707798	6000000056710803863
Q1707800	6000000181306189837
Q1707825	6000000119320705917
Q1707853	6000000027739858193
Q1707859	6000000000580469722
Q1707863	6000000018180709731
Q1707873	6000000012412410062
Q17079185	6000000000336973798
Q1707922	6000000002666112670
Q1707930	6000000005222612594
Q1707941	6000000015788941733
Q1707942	6000000061726250104
Q1707966	6000000011139496485
Q1707971	6000000028626858658
Q1707991	6000000011123700530
Q1707994	6000000001098003025
Q170800	6000000015410976004
Q1708001	6000000204270330849
Q1708013	6000000059141920845
Q1708043	6000000190228516905
Q1708072	6000000003942001474
Q1708093	6000000014725523645
Q1708102	6000000022769520174
Q1708118	6000000015324902609
Q1708133	4172431680840123624
Q1708150	6000000023894616286
Q1708162	6000000017747913928
Q1708168	6000000023688968777
Q1708173	6000000000129325730
Q1708177	6000000017473697276
Q1708178	6000000042553048106
Q1708222	6000000008630232862
Q1708240	6000000010393036891
Q17082443	6000000009965881897
Q1708257	6000000103427946056
Q1708296	6000000015545760995
Q1708302	6000000037129725892
Q1708311	6000000013629067217
Q1708335	6000000066594504917
Q1708336	6000000056426444868
Q1708337	6000000008187761353
Q1708339	6000000004096541404
Q1708351	6000000097532486036
Q1708355	6000000078486598958
Q1708362	6000000108901595849
Q1708367	6000000056467198023
Q1708370	6000000066093581501
Q1708395	6000000010572232574
Q170846	340215485610011209
Q1708489	6000000069552504864
Q1708561	6000000004593128186
Q1708564	6000000020959037287
Q1708565	6000000030437512592
Q1708577	6000000097335042847
Q1708585	6000000015612726494
Q1708602	6000000013124474530
Q1708615	6000000026619333978
Q1708618	6000000003166714898
Q1708619	6000000006293081112
Q1708627	6000000013092222488
Q170863	6000000003122380695
Q1708633	6000000010899581370
Q17086369	6000000178614319841
Q1708637	6000000033977663415
Q1708654	6000000015252217944
Q1708655	6000000020705405888
Q1708657	6000000021687681557
Q1708662	6000000018518892860
Q1708678	6000000001504226302
Q1708680	6000000007280219559
Q1708686	6000000016675525767
Q1708710	6000000007397149826
Q1708717	6000000081520114843
Q1708723	6000000007305712221
Q1708731	6000000083508278195
Q1708747	6000000035851687694
Q17087605	6000000003000124336
Q1708769	340023399140012432
Q1708786	6000000030381222798
Q1708792	6000000069443664385
Q1708801	6000000017358821128
Q1708902	6000000116555296847
Q1708913	6000000001161459823
Q1708942	6000000012543437054
Q170899	6000000019557252663
Q17090	6000000132854367842
Q1709041	6000000010203094709
Q17091094	6000000010801017450
Q1709119	6000000177472689922
Q1709147	6000000103182733842
Q1709168	6000000057651025832
Q1709181	6000000033990048028
Q1709229	6000000083050132202
Q17093564	6000000023808555669
Q17093605	6000000013464598443
Q17093635	6000000209251778824
Q17094167	6000000008591038445
Q17094178	6000000054313991902
Q17094180	6000000005441407743
Q17094191	6000000008481204592
Q17094195	6000000002246674893
Q17094208	6000000015699021779
Q17094312	6000000005426725084
Q17094317	6000000003777656612
Q1709432	6000000019454842697
Q17094336	6000000041073875196
Q1709434	6000000184326113862
Q1709445	6000000078883269933
Q17094702	6000000014961204145
Q17094757	6000000018464695454
Q1709483	6000000032537824492
Q1709487	6000000000441010351
Q1709500	6000000175063894044
Q17095141	6000000011470932170
Q17095216	6000000168660306904
Q17095249	6000000019775046276
Q17095268	6000000014069429687
Q17095276	6000000006727556086
Q17095303	6000000049998255381
Q1709536	6000000050314916217
Q17095408	6000000019237080055
Q17095452	6000000021612971373
Q17095453	6000000021612840615
Q17095507	6000000003665304130
Q17095539	6000000019777116011
Q17095542	6000000014069503510
Q17095549	6000000086493926831
Q17095549	6000000206467379826
Q17095550	6000000090936237832
Q17095624	6000000016457660580
Q1709563	6000000022736105987
Q17095639	6000000084985529865
Q1709564	6000000005959971749
Q1709567	6000000000314377815
Q17095704	6000000019776439631
Q17095709	6000000024948684017
Q1709571	6000000065544344373
Q17095717	6000000011517124435
Q17095723	6000000009456946734
Q17095727	6000000083099090118
Q17095728	6000000174251463663
Q17095730	6000000086586582964
Q17095731	6000000009542438745
Q17095741	6000000046230531354
Q17095748	6000000192274965902
Q17095749	6000000053598427079
Q17095762	6000000016055885296
Q17095764	6000000019833668414
Q17095767	6000000006631209001
Q17095779	6000000086492027946
Q17095781	6000000019744712016
Q17095783	6000000016094117478
Q17095788	6000000011401163253
Q17095789	6000000111217215072
Q17095798	6000000080882193821
Q17095804	6000000011585955073
Q17095806	335988052840012631
Q17095815	6000000046285821946
Q17095816	6000000130806463845
Q17095818	6000000009295456224
Q17095820	6000000045048184063
Q17095836	6000000024786500767
Q1709585	6000000046293470034
Q17095859	6000000109290547887
Q17095863	6000000002659217384
Q17095870	6000000022930696103
Q17095872	6000000086597661954
Q17095873	6000000086490871843
Q17095890	6000000018229367180
Q17095891	6000000000557859466
Q17095893	6000000089360706064
Q17095894	6000000019801206501
Q17095895	6000000023268264316
Q17095899	6000000148403572821
Q17095900	6000000004102814444
Q17095919	6000000010780134754
Q17095926	6000000178680436840
Q17095933	6000000174152357864
Q17095960	6000000014715445640
Q17095965	6000000057523183903
Q17095966	6000000179337559901
Q17095967	6000000016457683529
Q17095979	6000000043051556700
Q17095980	6000000079554874968
Q17095981	6000000000947582999
Q17095982	6000000144927120821
Q17095989	6000000008390356371
Q17096012	6000000166757721043
Q17096015	6000000000947942111
Q17096030	6000000007419260270
Q17096031	6000000007419059543
Q17096035	6000000038240562164
Q17096038	6000000039630904313
Q17096040	6000000017672501159
Q17096042	6000000014715388731
Q17096043	6000000028264707663
Q17096050	6000000182728111823
Q17096055	6000000004103240634
Q17096060	6000000016750310436
Q17096089	6000000030798147928
Q17096096	6000000016749472191
Q17096131	6000000014193153692
Q17096143	6000000014194092077
Q17096242	6000000014061582410
Q1709627	6000000013218544384
Q17096406	6000000040832061957
Q17096505	6000000007456793386
Q17096555	6000000008063022305
Q1709663	6000000000505496856
Q17096650	6000000064174453821
Q17096676	6000000173589018661
Q17096682	6000000015707495938
Q17096759	6000000068891534957
Q17096763	6000000036004741387
Q17096820	6000000019166086769
Q1709686	6000000017775268258
Q17096897	6000000007451710451
Q17096924	6000000011733207850
Q17096942	6000000014607509497
Q17096949	6000000100944606830
Q17096957	6000000040426086823
Q17096981	6000000083494132781
Q17097014	6000000000986342835
Q17097047	6000000005091083475
Q17097090	6000000019332495046
Q17097098	6000000026780547069
Q17097100	6000000040930928969
Q1709713	6000000027633650082
Q17097150	6000000044945876882
Q17097165	6000000030851348705
Q17097182	6000000057190921860
Q1709724	6000000021556321935
Q1709725	6000000022172437010
Q17097614	6000000011515685819
Q1709763	6000000089570874964
Q1709770	6000000015653681722
Q17098327	6000000040912561322
Q17098349	6000000017596529508
Q17098915	6000000041446685997
Q1709913	6000000046348175471
Q1709956	6000000011249576282
Q17099602	6000000019776887281
Q17099609	6000000006272994672
Q17099696	6000000001499240083
Q17099719	6000000198380984823
Q1709972	374789622490006590
Q17099722	6000000013266842369
Q17099869	6000000002648115170
Q17099987	6000000024681097793
Q17100028	6000000160512137823
Q17100045	6000000028263075166
Q17100059	6000000180019171823
Q17100062	6000000014865878047
Q17100140	6000000015228507218
Q17100160	6000000001064823826
Q17100188	6000000005441428315
Q1710022	6000000023390706024
Q17100380	5609630438740103235
Q1710046	6000000056095841517
Q17100461	6000000083697750130
Q17100611	6000000040049627530
Q17100696	6000000009208067409
Q17100780	6000000024267282268
Q17100794	6000000008465838580
Q17100811	6000000011908851460
Q17100908	6000000135620479895
Q1710097	6000000169306726847
Q17101064	6000000039108661900
Q1710112	6000000059429576822
Q17101165	6000000191609466844
Q17101197	6000000031056683054
Q17101204	6000000030983875731
Q17101456	6000000036764165967
Q17101484	6000000035188159964
Q17101505	6000000022863975876
Q17101569	6000000043304030714
Q1710163	6000000111368014821
Q17101964	6000000001854712084
Q1710223	6000000020503830896
Q17102230	6000000002500365854
Q1710229	6000000035545252063
Q17102379	6000000006434679381
Q17102559	6000000001053363027
Q17102574	6000000005745181563
Q17102582	6000000007407572721
Q17102650	6000000083379924578
Q17102724	6000000000496030487
Q17102734	6000000019138826499
Q1710289	6000000070453762821
Q1710297	6000000078553632458
Q17103068	6000000053553546057
Q17103213	6000000033547337414
Q17103344	6000000037148244287
Q1710402	6000000034614288287
Q1710415	6000000095761407869
Q1710435	6000000001010329183
Q1710469	6000000020598306865
Q1710490	6000000032293268046
Q1710493	6000000148887869841
Q1710497	6000000012699706379
Q1710498	6000000000490480971
Q17105098	6000000009867434112
Q1710520	6000000185185560882
Q17105220	6000000090924186905
Q17105291	6000000027835548025
Q17105457	6000000174900363242
Q17105486	6000000177062089835
Q17105606	6000000025456904292
Q17105756	6000000006500255125
Q17105779	6000000011560020233
Q17105888	6000000040669578107
Q17106131	6000000002437080421
Q17106144	6000000041148469896
Q17106250	6000000176333281928
Q17106253	6000000015325159485
Q17106331	6000000027688486956
Q17106337	6000000006208556424
Q17106346	6000000016513365678
Q17106352	6000000198380553832
Q17106361	6000000016553644349
Q17106461	6000000020387149617
Q17106465	6000000013464501565
Q17106466	6000000013464584371
Q17106558	6000000029839793534
Q17106559	6000000087569090856
Q17106609	6000000015664173295
Q1710663	6000000056430127272
Q17106637	6000000026214858203
Q17106664	6000000018000194519
Q17106771	6000000013205953192
Q17106797	6000000020058497077
Q17106808	6000000036319510709
Q17106833	6000000017274136889
Q17106839	6000000003398153704
Q1710685	6000000047850262059
Q17106855	6000000014884228010
Q17106872	6000000036235297003
Q17106919	6000000008516974840
Q17106936	6000000046043557316
Q17106943	6000000018122639305
Q17107053	6000000015411873836
Q17107083	6000000018630207868
Q17107166	6000000025499315260
Q1710717	6000000000469685240
Q17107186	6000000153018676884
Q17107190	5222381715040042772
Q17107194	6000000017131745095
Q17107199	6000000034823420891
Q17107301	6000000051598257888
Q17107303	6000000074172676501
Q17107311	6000000008186120460
Q17107338	6000000010627457589
Q17107348	6000000001223009363
Q17107355	6000000020763270486
Q17107358	6000000024797566983
Q17107375	6000000178167201883
Q17107383	6000000006573974199
Q17107393	6000000019371295263
Q17107413	6000000029640012343
Q17107507	6000000018764399002
Q1710763	6000000046490409934
Q17107686	6000000028314445226
Q17107695	6000000028314045699
Q17107841	6000000078127562737
Q17108027	6000000006338460912
Q17108059	6000000021222597260
Q1710825	6000000018787571590
Q1710827	6000000009168784138
Q17108271	6000000092309684821
Q17108402	6000000045924509127
Q17108409	6000000035895014560
Q1710862	6000000016499306999
Q1710863	6000000009538686764
Q1710864	6000000016616686763
Q17108656	6000000019331511126
Q17108992	6000000014017334246
Q17109036	6000000012971209214
Q17109060	6000000044031806361
Q171091	6000000012748719973
Q17109118	6000000042583653578
Q17109160	6000000012485428396
Q1710921	6000000081087381841
Q17109298	6000000011357508901
Q17109380	6000000001418182086
Q17109417	6000000010327407242
Q17109549	6000000066703596881
Q17109921	6000000011459566827
Q17110492	6000000028837755978
Q17110646	6000000049884309945
Q1711147	6000000035799262358
Q17111566	6000000001499127952
Q17111665	6000000022133979374
Q17111706	6000000006263946015
Q17111972	6000000023294162073
Q17112281	6000000006374863227
Q17112439	6000000007343727214
Q17112516	6000000183616692822
Q1711259	6000000218819061887
Q171128	6000000009795678517
Q17112806	6000000102684442325
Q17113171	6000000021134111705
Q17113242	6000000012241042645
Q17113325	6000000013145038504
Q17113478	6000000052099456966
Q17113563	6000000011573506213
Q171136	6000000018001664573
Q17113601	6000000040749081988
Q17113628	6000000028757567548
Q17113634	6000000011036956582
Q17113635	6000000020289799584
Q17113667	6000000011474285472
Q17113732	6000000003353271211
Q17113757	6000000041997526100
Q17113803	6000000030287670438
Q17113808	6000000022567878476
Q17113813	6000000019007325930
Q17113830	6000000036583742634
Q17113839	6000000033896314461
Q17113851	6000000019127517641
Q17113915	6000000020704293006
Q17113928	6000000042483881896
Q17113977	6000000025457157982
Q17113999	6000000002736904240
Q17114050	6000000009309990139
Q17114058	6000000027896199820
Q17114239	6000000036103838041
Q17114246	6000000013986052003
Q17114248	6000000186063653616
Q17114268	6000000001053278074
Q1711434	6000000049267517821
Q17114401	6000000024823923779
Q17114483	6000000185489948859
Q17114521	6000000005255215010
Q1711520	6000000000999572228
Q1711542	6000000005954173059
Q1711556	6000000082920809828
Q1711607	6000000083845696237
Q1711613	6000000085769364829
Q1711646	6000000027741304889
Q1711647	6000000024336035638
Q171166	4865073821930089679
Q1711707	6000000001435434325
Q1711716	6000000001309514779
Q17117386	6000000053731334861
Q17117413	6000000042637040530
Q1711745	6000000010090911393
Q1711748	6000000024985782380
Q17118093	6000000029787309374
Q17118114	6000000013999730078
Q17118856	6000000035785972711
Q17118859	6000000026992622121
Q17119524	6000000000132117688
Q17119526	6000000081022286969
Q17119529	6000000007938229206
Q17119533	6000000005607082895
Q17119538	6000000007635968231
Q17119539	6000000006589179971
Q17119543	6000000008487760414
Q17119553	6000000105044529839
Q17119555	6000000014206530306
Q17119556	6000000014482397310
Q17119564	6000000020706251325
Q17119572	6000000011392245438
Q17119576	6000000008989497646
Q17119577	6000000081369580838
Q17119580	6000000083818400166
Q17119585	6000000008105838642
Q17119587	6000000011670208231
Q17119592	6000000024611840164
Q17119594	6000000025677259367
Q17119604	6000000015398633846
Q17119608	6000000043330058956
Q17119609	6000000024128780005
Q17119610	6000000011713838392
Q17119611	6000000088916597002
Q17119613	6000000037907664086
Q17119620	6000000037608976126
Q17119624	6000000014786995159
Q17119626	6000000017283707827
Q17119627	6000000041966247262
Q17119628	6000000051880508022
Q17119629	6000000046112396082
Q17119632	6000000081804651040
Q17119634	6000000019732377019
Q17119636	6000000013036425895
Q17119637	6000000000172154391
Q17119643	6000000039376109766
Q17119653	6000000018894669722
Q17119654	6000000007370780887
Q17119655	6000000002407681258
Q17119657	6000000020377904625
Q17119661	6000000105934376899
Q17119665	6000000007364132204
Q17119674	6000000012440789923
Q17119675	6000000010983009974
Q17119676	6000000025245534621
Q17119679	6000000010117802824
Q17119682	6000000011356418417
Q17119685	6000000205414839895
Q17119690	6000000182372573177
Q17119693	6000000003183267805
Q17119694	6000000178469343833
Q1711970	6000000006977838423
Q17119706	6000000055655133889
Q17119708	6000000008685719683
Q17119709	6000000002955914158
Q17119714	6000000088236574958
Q17119716	6000000032433807209
Q17119718	6000000025350996418
Q17119720	6000000014946980583
Q17119725	6000000010048468229
Q17119726	6000000072712310842
Q17119731	6000000206924761882
Q17119732	6000000006898905051
Q17119733	6000000006968682287
Q17119736	6000000011869616228
Q17119746	6000000005013705803
Q17119747	6000000012686329847
Q17119748	6000000013369717717
Q17119752	6000000028653030007
Q17119755	6000000000113846433
Q17119756	6000000013494018961
Q17119757	6000000011194169672
Q17119762	6000000011436400831
Q17119765	6000000010217966525
Q17119769	6000000012813107382
Q17119772	6000000020377716733
Q17119777	6000000007276848799
Q17119778	6000000006956934602
Q17119783	6000000001504070635
Q17119784	6000000012705835459
Q17119788	6000000010213115851
Q17119789	6000000025444085839
Q17119790	6000000016868854123
Q17119792	6000000001653387632
Q17119797	6000000027936076905
Q17119798	6000000222999363843
Q17119808	6000000004271191991
Q17119809	6000000000905994711
Q17119810	6000000027592307150
Q17119814	6000000169799903419
Q17119815	6000000012103409448
Q1711982	6000000015096278421
Q17119824	6000000011123653846
Q17119830	6000000013097481590
Q17119832	6000000006861400030
Q17119833	6000000038297044998
Q17119836	6000000023206346411
Q17119838	6000000023206288399
Q17119839	6000000012674583524
Q17119840	6000000006203663049
Q17119842	6000000001344455185
Q17119847	6000000092950517853
Q17119848	6000000092950529859
Q17119851	6000000014253179997
Q17119855	6000000031663124117
Q17119857	6000000007549194556
Q17119858	6000000006589193881
Q17119860	6000000023993678146
Q17119861	6000000009833485661
Q17119872	6000000014874732164
Q17119877	6000000011624268364
Q17119879	6000000005441336270
Q17119885	6000000061977317821
Q17119886	6000000018395928217
Q17119889	6000000013999763733
Q17119891	6000000003172390059
Q17119894	6000000019265221002
Q17119896	6000000048341698913
Q17119898	6000000012400451759
Q17119899	6000000013908146387
Q17119900	6000000004191499793
Q17119902	6000000000133782367
Q17119906	6000000000113843609
Q1711991	6000000139461646821
Q17119921	6000000011505336068
Q17119922	6000000002325788812
Q17119923	6000000006589243739
Q17119930	6000000029747296947
Q17119937	6000000011337114671
Q17119943	6000000023356857920
Q17119945	6000000009666887785
Q17119949	6000000026950051952
Q17119953	6000000008341344816
Q17119956	6000000011203019446
Q17119957	6000000020087640043
Q17119960	6000000009375775988
Q17119962	6000000007549179816
Q17119978	6000000011241992930
Q17119986	6000000078551722495
Q17119988	6000000026336505956
Q17120006	6000000006845715176
Q17120007	6000000016163580721
Q17120013	6000000004061755150
Q17120018	6000000015176466473
Q17120019	6000000035760567181
Q17120026	6000000069463637902
Q1712003	6000000026694586510
Q17120035	6000000175956578869
Q17120036	6000000037151097835
Q17120039	6000000000070860430
Q17120042	6000000029657779575
Q17120045	6000000002663157952
Q17120056	6000000071224869850
Q17120059	6000000007328790983
Q17120060	6000000066134143828
Q17120063	6000000001255216370
Q17120069	6000000178731894840
Q17120072	6000000017785958156
Q17120077	6000000017894321685
Q17120082	6000000090860146025
Q17120084	6000000018088523149
Q17120088	6000000000687421882
Q17120096	6000000062629049879
Q17120100	6000000006327239804
Q17120109	6000000057190113851
Q17120111	6000000020376111424
Q17120113	6000000001505875184
Q17120114	6000000020389368300
Q17120116	6000000019574722413
Q17120117	6000000023000855226
Q17120130	6000000017765686649
Q17120133	6000000003110975170
Q17120135	6000000009633969664
Q17120137	6000000082974425233
Q17120138	6000000006203426106
Q17120141	6000000001655578611
Q17120143	6000000012631255590
Q17120150	6000000119159381881
Q17120154	6000000003478272637
Q17120158	6000000025563208857
Q17120159	6000000022970749898
Q17120169	6000000018972868718
Q17120175	6000000018038358018
Q17120177	6000000011567286208
Q17120180	6000000007402818121
Q17120182	6000000006497277466
Q17120189	6000000032818006063
Q17120191	6000000007636015622
Q17120192	6000000011426002491
Q17120198	6000000030272608946
Q17120199	6000000031253275354
Q17120200	6000000010070028014
Q17120202	6000000030286139005
Q17120216	6000000000653120206
Q17120217	6000000025905648539
Q17120221	6000000014979325360
Q17120222	6000000006799735646
Q17120227	6000000005441954690
Q17120229	6000000061032579847
Q17120230	6000000001539840352
Q17120235	6000000025498805578
Q17120238	6000000008277414428
Q1712024	6000000195218345822
Q17120245	6000000019385089457
Q17120247	6000000004839277663
Q17120253	389548639830006475
Q17120254	6000000036703178546
Q17120256	6000000002834915939
Q17120259	6000000025499208163
Q17120260	6000000004953413768
Q17120262	6000000004953413745
Q17120263	6000000003051910372
Q17120264	6000000012363611515
Q17120268	6000000088693235952
Q17120277	6000000174641297957
Q1712028	6000000027208134015
Q17120281	6000000023483887348
Q17120284	6000000026717745265
Q17120286	6000000020570440792
Q17120294	6000000001462365674
Q17120296	6000000049393222980
Q17120299	6000000004009506154
Q17120305	6000000032499185844
Q17120313	6000000025652378541
Q17120314	6000000105954839988
Q17120325	6000000024197866180
Q17120326	6000000011228094284
Q17120337	6000000015074582882
Q17120339	6000000011461109420
Q17120348	6000000010829396732
Q17120362	6000000028939073725
Q17120376	6000000029452326498
Q17120397	6000000034846869878
Q17120411	6000000006925663497
Q17120418	6000000001287887258
Q17120424	6000000023820266068
Q17120430	6000000005244530055
Q17120432	6000000004966431222
Q17120435	6000000022862383386
Q17120436	6000000019482502811
Q17120438	6000000025594249040
Q17120448	6000000030560441737
Q17120451	6000000010432907976
Q17120461	6000000004614276005
Q17120464	6000000020908045966
Q17120470	6000000007326534216
Q17120472	6000000019283167077
Q17120475	6000000015982380821
Q17120476	6000000020504451245
Q17120480	6000000072800568038
Q17120483	6000000008172640338
Q17120491	6000000038232885291
Q17120496	6000000195217671420
Q17120503	6000000007319860368
Q17120504	6000000007343350795
Q17120510	5235020387300079935
Q17120512	6000000002512279929
Q17120522	6000000002306727459
Q17120523	6000000000113846029
Q17120526	6000000028750203094
Q17120529	6000000007773650209
Q17120532	6000000022862375114
Q17120536	6000000012401003569
Q17120539	6000000040450855941
Q17120548	6000000001360683240
Q17120554	6000000018104784415
Q17120557	6000000006916371025
Q17120558	6000000007633423488
Q17120559	6000000000352384040
Q17120561	6000000014027086542
Q17120564	6000000011746122425
Q17120565	6000000053604503927
Q17120566	6000000033056142728
Q17120567	6000000006211233302
Q17120568	6000000001765280263
Q17120571	6000000006335779838
Q17120572	6000000018840751505
Q17120573	6000000002783616955
Q17120574	6000000009128710460
Q17120575	6000000019922066205
Q17120585	6000000005049121801
Q17120588	6000000014380806964
Q17120591	6000000027488073557
Q17120594	6000000112474132829
Q17120596	6000000020081946148
Q1712066	6000000018253558696
Q1712106	6000000036080704066
Q1712153	6000000016810303457
Q1712154	6000000154358271887
Q1712161	6000000076198331944
Q1712169	6000000017192043308
Q1712173	6000000019436454131
Q17121745	6000000084348013965
Q1712177	6000000002764888743
Q17121936	6000000024092331824
Q1712210	6000000079044582032
Q17122148	6000000008259251278
Q17122155	6000000024272619235
Q17122157	6000000179981720825
Q1712216	6000000069897974005
Q17122228	6000000028428193547
Q1712232	5577213367150027799
Q17122332	6000000145769444828
Q17122334	6000000017316639273
Q17122345	6000000006131952062
Q17122347	6000000006978733334
Q17122350	6000000001901730759
Q17122354	6000000008319997884
Q17122357	6000000008177273827
Q17122365	6000000030259509058
Q17122437	6000000040995701459
Q171228	6000000065477507861
Q1712280	6000000012410193227
Q17122868	6000000117111518821
Q17122977	6000000027062836768
Q17123053	6000000129556946831
Q17123055	6000000015436096667
Q17123063	6000000012286932085
Q17123086	6000000144195878020
Q17123239	6000000018791483742
Q17123240	6000000045499238006
Q17123242	6000000014733064702
Q17123298	6000000021021770059
Q17123321	6000000040996085896
Q17123322	6000000067183308857
Q17123331	6000000020389880142
Q17123363	6000000033185168970
Q1712337	6000000005425835295
Q171235	6000000000651114102
Q17123572	6000000022657033922
Q17123576	6000000011622350046
Q17123579	6000000132396379122
Q17123597	6000000024989221317
Q1712360	6000000068969680884
Q17123604	6000000049209295901
Q17123610	6000000067740644843
Q1712371	6000000000292331006
Q17123791	6000000015424733738
Q17123991	6000000077073750368
Q17124001	6000000179876172824
Q17124006	6000000013175219354
Q1712411	6000000038332737593
Q17124170	6000000026335694675
Q17124252	6000000002802349884
Q17124253	6000000109748001874
Q171243	6000000034794284383
Q17124562	6000000128860773841
Q1712478	6000000007922044092
Q171248	6000000036508000865
Q1712483	6000000052415292845
Q17124851	6000000161307599821
Q1712495	6000000024285909477
Q1712498	6000000068215461878
Q17125034	6000000027307722932
Q17125046	6000000175744702829
Q1712505	6000000009117183417
Q1712522	6000000010967007687
Q1712527	6000000004589997986
Q1712558	6000000083437345304
Q1712561	6000000181142387892
Q17125625	6000000007549194442
Q17125670	6000000008734959161
Q17125673	6000000030815810962
Q17125679	6000000015946176487
Q17125682	6000000039566255132
Q17125688	6000000006409161571
Q17125690	6000000005440660973
Q17125691	6000000038296942540
Q17125692	6000000003002657044
Q17125693	6000000003560803938
Q17125695	6000000005014237357
Q17125697	6000000008221994201
Q17125700	6000000029957827030
Q17125702	6000000010753716294
Q17125703	6000000009571617952
Q17125705	6000000014962525087
Q17125710	6000000032777446202
Q17125713	6000000153705057884
Q17125720	6000000005441922296
Q17125721	6000000002009757695
Q17125722	6000000019995421684
Q17125725	6000000014350777692
Q17125726	6000000020376325342
Q17125727	6000000010178595905
Q17125728	6000000017758193482
Q17125730	6000000018857736322
Q17125732	6000000006882618278
Q17125736	6000000009494496544
Q17125745	6000000012311270529
Q17125749	6000000032732501184
Q17125753	6000000002892810771
Q1712581	6000000048948847904
Q1712584	6000000032342340881
Q1712594	6000000007137343372
Q17125965	6000000076654835924
Q1712627	6000000053009749835
Q1712637	6000000042057951070
Q17126496	6000000166756351857
Q1712653	6000000010459567976
Q17126540	6000000040996124982
Q17126573	6000000029840854711
Q17126582	6000000074352358974
Q17126596	1042014
Q17126599	6000000076156320898
Q1712661	6000000008897304075
Q1712662	6000000014429366360
Q17126620	6000000074361425024
Q17126621	6000000012272311728
Q17126634	6000000032557777160
Q17126635	6000000050270268840
Q17126657	6000000039375741104
Q1712667	6000000180661253849
Q17126701	6000000053623043930
Q1712678	6000000021496840654
Q1712678	6000000173258716007
Q1712681	6000000091671738018
Q1712682	6000000085888181839
Q1712683	6000000030230762642
Q1712692	6000000044729937058
Q1712704	6000000068065056825
Q1712705	6000000042954320831
Q1712706	6000000001658272158
Q1712745	6000000181863931823
Q1712750	6000000084740366279
Q1712752	6000000004097919274
Q1712755	6000000009414473568
Q1712759	6000000170074163418
Q1712767	6000000000431331364
Q1712777	6000000148051482145
Q1712784	6000000176765572857
Q1712788	6000000023952656979
Q1712790	6000000013331813568
Q17127900	6000000002772780875
Q1712795	6000000017214739015
Q1712797	6000000038163587121
Q1712810	6000000048073468994
Q1712816	6000000011765252817
Q17128185	6000000014496906952
Q1712821	6000000031212725340
Q1712829	6000000024403914579
Q1712830	6000000018096079244
Q1712832	6000000016675316399
Q1712834	6000000004095403493
Q1712847	6000000026791648374
Q1712850	6000000008462606865
Q1712854	6000000024600928081
Q1712864	6000000178955139856
Q1712868	6000000078255689930
Q1712882	6000000002802251640
Q1712884	6000000162920156972
Q1712885	6000000030008933567
Q1712887	6000000166874198999
Q1712891	6000000012734394516
Q1712896	6000000022902293205
Q1712921	6000000052194373853
Q1712923	6000000099924834861
Q1712928	6000000026043312244
Q1712937	6000000175857358962
Q1712951	6000000137011877961
Q1712954	6000000025819063851
Q1712956	6000000007014351484
Q1712958	6000000020115671125
Q1712963	6000000002764669478
Q1712976	6000000106656912830
Q1712984	6000000181697094841
Q1712991	6000000078747353272
Q1713000	6000000026379641618
Q1713009	6000000029364667217
Q1713010	6000000078498826042
Q1713039	6000000057586617838
Q1713045	6000000081287599865
Q1713047	6000000026177621200
Q1713052	6000000102878614826
Q1713074	6000000039645989911
Q1713080	6000000172675658749
Q17130819	6000000014483320419
Q17130821	6000000015875713385
Q17130826	6000000008217231969
Q17130828	6000000000905944346
Q17130831	6000000001169297888
Q17130839	6000000003349973637
Q17130841	6000000008320674705
Q17130846	6000000008211452239
Q17130849	6000000001360687512
Q17130856	6000000000925154032
Q17130859	6000000009406126389
Q1713086	6000000024594694246
Q17130866	6000000002713309361
Q17130867	6000000091214352035
Q17130868	6000000091212882112
Q17130877	6000000002658809102
Q17130881	6000000007941927965
Q17130887	6000000024451413885
Q17130888	6000000015487259010
Q17130889	6000000005441211787
Q17130892	6000000009237979240
Q17130893	6000000005992815002
Q17130895	6000000012578402441
Q17130897	6000000003095275244
Q17130899	6000000006807546002
Q17130905	6000000011024034240
Q17130919	6000000000905928085
Q17130936	6000000006589261706
Q17130947	6000000003185343944
Q17130952	6000000003638663376
Q17130976	6000000007981027430
Q1713098	6000000057313381823
Q17130982	6000000001179190273
Q17130983	6000000006807423188
Q1713100	6000000026352086412
Q1713101	6000000016651241931
Q17131011	6000000010389572289
Q17131015	6000000001669618233
Q1713102	6000000002802158283
Q1713109	6000000035243058182
Q1713113	6000000145874420873
Q1713115	6000000172375867143
Q1713116	6000000096144814129
Q1713117	6000000098810324821
Q1713119	6000000012071630330
Q171312	6000000017102668889
Q1713120	6000000003195835234
Q1713121	6000000033693251152
Q1713123	6000000176870350843
Q1713128	6000000023000618830
Q1713133	6000000020914835005
Q1713135	6000000008421578041
Q1713166	6000000002347017739
Q1713435	6000000001745096296
Q171344	6000000019369594661
Q171346	6000000021503137652
Q17136038	6000000014300298366
Q1713606	6000000056458869025
Q1713616	6000000013270134039
Q171363	6000000002447381489
Q17137885	6000000007980478403
Q171381	6000000012808393033
Q17138368	6000000040588155832
Q1713860	6000000181271001823
Q17138647	6000000000769902468
Q17138715	6000000002642745407
Q17138838	6000000165342234990
Q1713888	6000000023977678986
Q1713896	6000000015926005350
Q17138972	5503975656280058551
Q1713905	6000000017399229728
Q1713919	6000000006781436304
Q1713963	6000000002951794668
Q1713970	6000000057001653860
Q1714022	6000000017250424441
Q1714078	6000000169815166950
Q17141	6000000093979937828
Q171413	4596753317430086429
Q17141341	6000000011783242768
Q17141361	6000000020413072926
Q1714165	6000000044202555848
Q17142	4533621
Q171421	6000000013117537500
Q1714220	6000000078486436113
Q1714226	6000000057233974889
Q1714229	6000000161648711824
Q1714230	6000000013165743214
Q17142349	6000000003040462061
Q1714236	6000000014223145440
Q17142409	6000000019965817415
Q1714252	6000000067132699821
Q1714258	6000000027763050676
Q1714274	6000000005573895981
Q171428	6000000029120219666
Q1714282	6000000026518916320
Q17142943	6000000002621954248
Q17142978	6000000002621960601
Q17142985	6000000011682245825
Q17143000	6000000009373415839
Q171443	6000000037875700833
Q1714468	6000000025503315462
Q171447	6000000078780451051
Q1714490	6000000015414086821
Q1714493	6000000019000543735
Q171450	6000000017345427749
Q1714504	6000000008770528548
Q1714518	6000000080183076255
Q1714521	6000000032489227283
Q1714539	6000000003942926403
Q171454	6000000082807496853
Q1714550	6000000050129607937
Q1714555	6000000003051916176
Q1714558	6000000007081732087
Q17146105	6000000000608632541
Q17146298	6000000003206842263
Q171465	385238753630011996
Q171466	6000000028001958192
Q17146774	6000000090136671065
Q1714783	6000000075251353865
Q171480	6000000000350860902
Q1714807	6000000148887847937
Q1714808	6000000076958560148
Q17148592	6000000141576130914
Q17149352	6000000041804445107
Q1714950	6000000014034569627
Q17149879	6000000075982377847
Q1714991	6000000020960152270
Q1715052	6000000041370640657
Q17150812	6000000042637019784
Q1715093	6000000175915177888
Q17150957	6000000013356238446
Q1715100	6000000012485713194
Q1715102	6000000059233234946
Q1715107	6000000031184778549
Q1715134	6000000060187185976
Q171514	6000000033775963721
Q1715147	6000000024620604617
Q17151476	6000000073968701926
Q17151510	6000000059826113276
Q17151757	6000000076113046334
Q171519	6000000017121352764
Q17152105	6000000074702649974
Q1715301	6000000030971123167
Q17153020	6000000072063896380
Q17153067	6000000027120846103
Q17153107	6000000041516385450
Q171533	6000000144816289856
Q171535	6000000012988278127
Q17154040	6000000111266079988
Q17154117	6000000011604335459
Q17154391	6000000038030853825
Q1715455	6000000094212103886
Q17154672	6000000021424694871
Q17155054	6000000008836512507
Q17155241	6000000019411986571
Q17155383	6000000133097775894
Q1715553	6000000003591798215
Q17155576	6000000172882807030
Q171556	6000000014085550718
Q171557	6000000051686759182
Q17155884	6000000176641459852
Q17155931	6000000022057229389
Q171567	6000000050559435857
Q171568	6000000137018024840
Q1715691	6000000018369249342
Q17157067	6000000063790621934
Q171571	6000000046147910553
Q171577	6000000035899441828
Q171583	6000000045291807861
Q1716125	6000000015121885335
Q17161730	6000000075500995026
Q17161824	6000000074745752341
Q17161828	6000000074691696911
Q17161877	6000000074787529904
Q17161878	6000000075429568861
Q171619	6000000012746489361
Q171621	6000000016741702864
Q171622	6000000015350503911
Q17163	6000000016866996994
Q17163752	6000000074758429848
Q17163753	6000000074757768170
Q17163753	6000000075060048896
Q17163755	6000000074717609617
Q17163977	6000000075407035850
Q17164352	6000000075326579227
Q17164546	6000000074791910831
Q17165450	6000000027488143194
Q17165547	6000000006140068020
Q17165549	6000000007224294876
Q17165573	6000000012887912846
Q17165608	6000000006140493001
Q17165609	6000000001504319762
Q1716561	6000000195110032843
Q17165655	6000000071025355480
Q17165664	6000000027892260726
Q17165669	6000000019739090032
Q17165715	6000000011438671352
Q17165772	6000000173280058306
Q17165851	6000000006127899335
Q17166316	6000000021150311922
Q17166318	6000000127148395836
Q17166355	6000000075731473171
Q17166547	6000000077608915419
Q17166557	6000000057321649580
Q17166947	6000000178717969894
Q171672	6000000011841214149
Q1716747	6000000062687016313
Q17167542	6000000006829048018
Q171687	6000000150844287908
Q17169	6000000011217767722
Q1716923	6000000164022417046
Q1717033	6000000074799807836
Q17171	6000000068410034854
Q1717195	6000000030044713352
Q171722	6000000028243125637
Q171730	6000000001102919255
Q17173493	6000000042716239360
Q17173509	6000000010448085863
Q171736	6000000000265564284
Q1717368	6000000041260955508
Q171745	6000000014273616806
Q1717473	6000000024422202108
Q17174878	6000000055400459957
Q171749	6000000011576357301
Q1717563	6000000036018221873
Q171758	6000000009189324381
Q1717601	6000000144454922884
Q1717614	6000000085401638856
Q1717649	6000000147646046882
Q17176941	4756158412630020073
Q1717753	6000000065146527836
Q1717874	6000000025955548572
Q1717876	6000000029177639777
Q1717897	6000000002510361512
Q1717904	6000000003001701876
Q1717908	6000000008160285491
Q1717942	6000000179876908931
Q1717947	6000000011035790256
Q1717971	6000000000653137110
Q17180500	6000000021717668939
Q17180506	6000000003219867861
Q17180516	6000000023990434043
Q17180535	6000000031892125867
Q17180536	6000000036596454968
Q1718054	6000000084912866211
Q17180548	6000000199511313846
Q17180551	6000000029597415913
Q17180556	6000000031314184821
Q17180576	6000000011600557261
Q17180624	6000000048227548002
Q17180656	6000000017959525286
Q17180678	6000000005910468295
Q17180744	6000000020721181137
Q17180848	6000000025456191921
Q17180887	6000000011055612761
Q17180954	6000000015449940694
Q17180955	6000000021630764918
Q17180975	6000000001299298330
Q17180984	6000000026824278741
Q17181070	6000000023212089020
Q1718225	6000000131774103836
Q17182392	6000000033854129512
Q17182574	6000000002293675051
Q171826	6000000007571259984
Q17182733	6000000011070977867
Q17182882	6000000049471052829
Q1718292	6000000176269488850
Q17182951	6000000069661499964
Q17183083	6000000009664166498
Q17183234	6000000001220177586
Q17183308	6000000197235195845
Q171834	6000000007110752775
Q17183401	6000000007097472016
Q1718355	6000000061037863868
Q17183588	6000000010805689537
Q17183622	6000000022993540285
Q17183765	6000000027589764701
Q17183939	6000000006053741002
Q17183944	6000000003638493360
Q17184622	6000000007852492448
Q171848	6000000021147487461
Q1718569	6000000017478535873
Q1718605	6000000028083088469
Q1718666	6000000014846786088
Q1718715	6000000014128521275
Q17187250	6000000070689710862
Q1718785	6000000042885105877
Q171893	6000000035241903608
Q1718967	6000000031493787181
Q171905	6000000008700761171
Q1719051	6000000010589406163
Q1719083	6000000079185121235
Q1719314	6000000131237578921
Q171933	6000000151448179836
Q17194294	6000000116535860425
Q17194403	6000000010519363092
Q17194424	6000000182925899868
Q17194456	6000000024848019793
Q17194466	6000000016472793421
Q17194511	6000000166665228837
Q17194667	6000000007590276317
Q17194684	6000000001073415154
Q17194754	6000000023116203511
Q17194791	6000000060312003841
Q17194794	6000000011573925854
Q17195005	6000000127668822834
Q17195022	6000000009698005541
Q17195031	6000000029542009423
Q1719504	6000000002661681142
Q17195097	6000000006900698718
Q17195166	6000000010029912114
Q17195171	6000000056802822109
Q17195529	6000000012630919771
Q17195536	6000000013132801201
Q17195541	6000000017627167260
Q17195549	6000000001169297748
Q17195564	6000000084905090518
Q17195575	6000000011613066030
Q17195582	6000000016543877812
Q17195584	6000000041287610345
Q17195603	6000000014641127503
Q17195605	6000000017274269228
Q17195615	6000000211818678834
Q17195625	6000000006331582167
Q171958	6000000037132427921
Q171959	6000000025513868689
Q171963	6000000032782512961
Q171969	6000000029559543751
Q17197576	6000000125916536545
Q171976	6000000017220146727
Q17197601	6000000081303378556
Q17197609	6000000006339054007
Q17197630	6000000182962571024
Q17198117	6000000078404750236
Q17198291	6000000016956559526
Q17198340	6000000046081900065
Q17198747	6000000081914435475
Q17198825	6000000021281907776
Q17198848	6000000180703095848
Q17198866	6000000022073982080
Q17198885	6000000055614297838
Q171989	6000000015957861151
Q17198923	6000000013372760589
Q17199163	6000000010533115949
Q17199197	6000000001854729120
Q17199321	6000000217826306768
Q1719952	6000000017642223858
Q17199594	6000000017408786208
Q1719995	6000000079676530992
Q1720007	6000000040780481265
Q17200938	6000000082473044252
Q1720309	6000000011324486432
Q172035	6000000178059396821
Q1720360	6000000002188464510
Q172044	6000000007015512096
Q17204567	6000000162135569829
Q1720458	6000000157329092856
Q1720552	6000000000492711988
Q172056	385241831070012803
Q1720563	6000000181118187839
Q1720611	6000000040362520060
Q172065	6000000163483647855
Q1720656	6000000023783651272
Q1720672	6000000001069676617
Q172069	6000000137337378066
Q1720733	6000000099924902832
Q172083	6000000015323045617
Q1720847	6000000018071596627
Q1720966	6000000010607407790
Q172098	6000000026510412575
Q172100	6000000026325983148
Q172101	6000000022070902038
Q1721032	6000000156208686897
Q172116	6000000068884678835
Q172118	6000000003030934300
Q172119	6000000178216492867
Q17212776	6000000019478365262
Q1721340	6000000024638754537
Q172140	6000000017776989099
Q172155	6000000054264569860
Q1721559	6000000012662755235
Q172161	6000000002765717277
Q172165	6000000026518884614
Q17216564	5339246539940103445
Q1721698	6000000016244500189
Q172183	6000000006330387750
Q172185	6000000141026041969
Q17219999	6000000178065139208
Q17221059	6000000179489803821
Q172211	6000000184202033822
Q1722173	6000000007568272728
Q1722182	6000000017024589880
Q1722184	6000000017484905417
Q1722194	6000000026477953980
Q1722331	6000000016024355155
Q1722336	6000000016047256281
Q172234	6000000036870252915
Q1722349	4446546240810057701
Q172239	6000000025122503575
Q1722441	6000000121578837849
Q172249	6000000075961296957
Q1722527	6000000225040353296
Q172255	6000000058216904918
Q172261	6000000060308298322
Q17227444	6000000001119532195
Q17227624	6000000040926883042
Q1722774	6000000008751326007
Q1722784	6000000026617328829
Q17228135	6000000021550717419
Q17228849	6000000047501905443
Q172293	6000000017658333516
Q17230187	6000000086313460826
Q172305	6000000008305479965
Q1723056	6000000080939773005
Q1723071	6000000123447538057
Q17231196	6000000137951137822
Q172312	6000000025515213244
Q17231696	6000000170407015094
Q1723227	6000000019133391524
Q172326	6000000007510361598
Q17232842	6000000181497350822
Q1723292	6000000004098007480
Q17233182	6000000185183907825
Q17233194	6000000104130696946
Q1723341	6000000005221750328
Q17233434	6000000006867012351
Q172340	6000000025662337832
Q1723412	6000000008462461773
Q172345	6000000003645908765
Q1723463	6000000013093943272
Q1723653	6000000018871520113
Q1723694	6000000151448817865
Q172371	6000000094069032850
Q17238711	6000000074736439833
Q17239479	6000000074718115258
Q1723986	6000000115272428872
Q17239955	6000000074710898316
Q1724048	6000000037414179654
Q1724105	6000000010584624077
Q17241404	6000000061270853004
Q172427	6000000034595736821
Q172441	6000000026325982215
Q1724451	6000000024331238985
Q1724471	6000000064148536845
Q172460	6000000178996519857
Q1724604	6000000020019126117
Q1724653	6000000052162593829
Q172466	6000000025904870207
Q172472	6000000014275127046
Q172478	6000000013648919898
Q17249038	6000000072245016859
Q17249079	6000000036314628093
Q172492	6000000041611575465
Q1724949	6000000016914069765
Q1724978	6000000120604741259
Q17249803	6000000057199073904
Q172505	6000000009783660718
Q1725087	6000000003674016959
Q1725105	6000000080190540064
Q1725112	6000000000128799304
Q1725187	6000000034390054400
Q1725191	6000000136802997200
Q1725271	6000000033214335610
Q1725378	315239349120001597
Q172544	6000000046574213938
Q1725506	6000000024822294069
Q1725579	6000000016278547547
Q1725631	6000000179260584844
Q1725751	6000000082856168076
Q172584	6000000181299423834
Q172585	6000000018127745321
Q1725855	6000000053199567838
Q1725904	6000000007624149438
Q172592	6000000006741095086
Q172598	6000000057451999866
Q172599	6000000037743579958
Q17260763	6000000014965882745
Q1726164	6000000009297095463
Q1726175	6000000177742269849
Q1726211	6000000058897901972
Q17262333	6000000005562020443
Q17262336	4396702939510036822
Q1726250	6000000002188412485
Q172630	6000000077803446220
Q172632	6000000071779614835
Q172643	6000000001748913268
Q1726519	6000000037884872641
Q1726520	6000000033822153540
Q172653	6000000015131482433
Q17265621	6000000014123027360
Q17265638	6000000079834711872
Q17265650	6000000039738071948
Q17265705	6000000021869588926
Q17265707	6000000011509907458
Q17265733	6000000026166425398
Q17265754	6000000017698125837
Q17265757	6000000017698593542
Q17265768	6000000008697827748
Q17265769	6000000061168555836
Q17265771	6000000061168420072
Q17265776	6000000016895677672
Q17265812	6000000019640902285
Q17265835	6000000014515065612
Q17265882	6000000054434450834
Q17266017	6000000184324240840
Q17266049	6000000143201534330
Q17266207	6000000026353865934
Q17266227	6000000052508684975
Q17266626	6000000139559338825
Q17266690	6000000011475381693
Q17266725	6000000023286963426
Q17266736	6000000011467914482
Q17266742	6000000014073640668
Q17267241	6000000034962319140
Q172678	6000000039916455953
Q172684	6000000015020236830
Q1726890	6000000012787016432
Q1726897	6000000001608845214
Q1726940	6000000034057350606
Q1726968	6000000063532689876
Q1726992	6000000079005877292
Q17269977	6000000003996461707
Q17269996	6000000003996660224
Q17270042	6000000087134559829
Q17270045	6000000015917524892
Q1727149	6000000010840073240
Q172716	6000000038126196147
Q1727163	6000000048657289050
Q1727200	6000000000660101500
Q1727216	6000000001698820231
Q1727224	6000000007443953377
Q1727251	6000000016348383046
Q172728	6000000007464765809
Q1727339	6000000036982648297
Q1727412	6000000001759346502
Q17274477	6000000000631942766
Q17274480	4740437642340062380
Q17274587	6000000010322338045
Q17274702	6000000041768642412
Q1727474	6000000020816667127
Q17274877	6000000007614227189
Q17274880	6000000000820502148
Q17275314	6000000174100458843
Q17276430	6000000078618003072
Q17276486	6000000016312761602
Q17276545	4279779005760058605
Q1727705	6000000022820383872
Q17277138	6000000017165466318
Q17277707	6000000056764740032
Q17277800	307077088180003884
Q17277915	6000000011207764941
Q17278001	6000000014633385905
Q17278037	6000000199617015832
Q17278122	6000000003499816880
Q1727816	6000000020115098131
Q17278301	6000000044717655350
Q17278449	6000000020181572487
Q17278484	6000000018408564402
Q17278663	6000000036120463265
Q172788	6000000002249433043
Q17278935	6000000151354995975
Q17278940	6000000070177391068
Q17278951	6000000070194272913
Q17278953	6000000013097775415
Q1727912	6000000033964685508
Q17279150	6000000008604717987
Q17279155	6000000010539196735
Q17279164	6000000032166225846
Q17279198	6000000015025646371
Q17279218	6000000042702348288
Q17279227	6000000023080355878
Q17279229	6000000023080451855
Q17279230	6000000023028065599
Q17279300	6000000001179370017
Q17279379	6000000027470673278
Q172794	6000000077922738340
Q172796	6000000068321159011
Q172798	6000000172252372212
Q17279818	6000000182734505841
Q17279839	6000000177982064841
Q17279879	6000000137536728080
Q17279913	6000000150910179875
Q17279960	6000000155886658822
Q17279998	6000000219175901824
Q1728001	6000000004593191217
Q17280013	6000000068450352921
Q17280053	6000000001435344637
Q17280076	6000000129648410869
Q17280085	6000000019395607280
Q1728011	6000000031820058219
Q17280256	6000000166874670987
Q17280268	6000000021330999944
Q17280294	6000000030603943773
Q17280295	6000000026699967586
Q17280296	6000000017388792431
Q17280318	6000000183423036856
Q17280326	6000000024351023189
Q17280357	6000000107726019869
Q1728051	6000000013185465874
Q172808	6000000178145976845
Q17282311	6000000017001682872
Q17282325	6000000008962991588
Q17282396	6000000013432287662
Q17282398	6000000002188496513
Q1728267	6000000028024619884
Q172832	6000000142195197842
Q172838	6000000021503307482
Q172840	6000000028301079496
Q172842	6000000033501859847
Q172843	6000000028563573311
Q172844	6000000030065798372
Q172849	6000000075933413825
Q17284902	6000000143243684949
Q17284936	6000000181906890859
Q17284959	6000000152496411877
Q17284973	6000000151007240822
Q17285001	6000000072403476894
Q17285057	6000000026538887241
Q17285084	6000000142896707977
Q17285132	6000000155805139828
Q17285160	6000000055365338990
Q17285355	6000000178313547857
Q17285391	6000000080343418835
Q17285400	6000000009654603379
Q17285402	6000000002115894890
Q17285428	6000000141114194417
Q17285453	6000000163837252926
Q17285640	6000000010896745560
Q17285641	6000000008630277413
Q17285644	6000000016621141110
Q17285647	6000000010506677289
Q17285705	6000000006444745875
Q17285759	6000000181255109823
Q17285821	6000000146023970830
Q1728593	6000000045608584928
Q1728647	6000000050414215915
Q172877	6000000019690959023
Q1728808	6000000013484942240
Q1728820	6000000061030755833
Q172885	6000000021931894092
Q1728981	6000000181898648829
Q1729040	6000000180761540821
Q172911	6000000012284791198
Q1729143	6000000182489012951
Q1729146	6000000148767692851
Q1729151	6000000203245452821
Q1729154	6000000042101439934
Q1729158	6000000071232249844
Q1729166	6000000052541078959
Q1729174	6000000015290728734
Q1729180	6000000015302950707
Q1729190	6000000161897920846
Q1729214	6000000064191374889
Q17292530	6000000087080803825
Q17293	6000000010817523273
Q1729435	4416585627930025866
Q1729458	6000000000792839837
Q172954	6000000187372217823
Q1729542	6000000036500306636
Q17295720	6000000073441252878
Q17295747	6000000075284061060
Q172965	6000000013754708528
Q172970	6000000084582336953
Q17297094	6000000018091378300
Q17297238	6000000176408116969
Q1729772	6000000075895347837
Q17297737	6000000145339715287
Q1729776	6000000002188612626
Q17297764	6000000030874709485
Q172979	6000000016745213149
Q17297996	6000000073819603854
Q172983	6000000073298516147
Q1729888	3345763
Q1729901	6000000181107963833
Q17299740	6000000026095161877
Q17300055	6000000060180227987
Q173001	6000000025724083951
Q17300237	6000000179092953867
Q17300250	6000000018905838278
Q1730190	6000000068477883021
Q1730212	6000000054972146875
Q1730238	6000000004543609826
Q1730256	6000000092339236858
Q1730266	6000000027082704877
Q17302809	6000000182987208855
Q17302910	6000000182571380842
Q1730324	6000000068738765929
Q1730334	6000000181388057841
Q1730348	6000000091405101839
Q1730351	6000000032751562898
Q1730358	6000000027705342208
Q1730372	6000000055326773886
Q1730395	6000000050694346911
Q1730411	6000000015695562996
Q1730445	6000000112594861953
Q17304486	6000000172703894947
Q1730459	6000000033025578406
Q1730488	6000000177680675834
Q1730493	6000000019963308476
Q17305110	6000000076531741859
Q17305200	6000000001610572479
Q17305212	1195860
Q17305243	6000000006935227004
Q17305245	6000000025469292552
Q17305261	6000000007034627113
Q17305262	6000000021213151018
Q17305265	6000000006195009024
Q1730532	6000000061372197910
Q1730535	6000000067599243833
Q1730536	6000000080034791046
Q17305545	6000000000846220716
Q17305547	6000000043973976022
Q17305550	6000000084652159916
Q17305562	6000000005437667778
Q17305758	6000000001177936533
Q17305806	6000000185308152848
Q17306025	6000000010307542527
Q173061	6000000062331041840
Q1730637	6000000016349182820
Q1730654	6000000018375910126
Q17306569	6000000061252647833
Q1730664	6000000022381176183
Q1730669	6000000007833024380
Q17306883	6000000080652209143
Q17307142	6000000169683507941
Q1730799	6000000044337490158
Q1730812	6000000035026728075
Q1730816	6000000024116117877
Q1730819	6000000016023622006
Q1730824	6000000020760227866
Q1730826	6000000004870168942
Q1730827	6000000022629202465
Q1730829	6000000025115185534
Q1730852	6000000028186698881
Q173087	6000000136356001821
Q17308734	6000000180703091846
Q17308753	6000000015739822532
Q17308757	6000000017847888189
Q1730876	6000000026055147827
Q17308766	6000000004226795212
Q17308772	6000000017648168737
Q17308776	6000000032164181018
Q17308778	6000000032263690841
Q17308784	6000000002916920512
Q17308788	6000000013404276721
Q17308812	6000000008470492299
Q1730883	6000000132259686006
Q17308855	6000000036549443280
Q17308857	6000000001877470792
Q17308866	6000000002244955549
Q17308900	6000000029244465346
Q17308901	6000000002188520704
Q17308914	6000000015299259187
Q17308932	6000000017218945113
Q17308943	6000000016921082321
Q1730895	6000000084675924340
Q17308968	6000000003634557662
Q17308976	6000000017260516788
Q17308979	6000000020639511733
Q17308981	6000000034236097878
Q17308986	6000000007089991458
Q17308989	6000000008176852815
Q17308990	6000000003446247232
Q17309001	6000000016864767936
Q17309002	6000000001608964769
Q17309018	6000000024254003955
Q17309021	6000000021636657090
Q17309033	6000000004398910996
Q17309056	6000000040430445018
Q17309059	6000000018140370905
Q17309080	6000000155839701823
Q17309095	6000000003305743773
Q17309101	6000000014320672808
Q17309135	6000000018967041479
Q1730914	6000000022305890062
Q17309159	6000000046453021878
Q17309174	6000000026562678936
Q17309177	6000000027817006827
Q17309186	6000000027633160467
Q17309207	6000000010806272297
Q17309208	6000000010805098824
Q17309213	6000000018437098952
Q17309214	6000000018571573292
Q1730922	6000000004288736920
Q1730933	6000000026811992701
Q173094	6000000178146905829
Q1730950	6000000047498964497
Q1730997	6000000062931520907
Q17310053	6000000035946763309
Q17310147	6000000007601932476
Q17310167	6000000074364886957
Q1731017	6000000030111455933
Q17310173	6000000013344774563
Q17310188	6000000075542007821
Q17310210	6000000024272394489
Q17310214	6000000179576992858
Q17310286	6000000145433864828
Q17310290	6000000019188672931
Q17310326	6000000078083250840
Q17310327	6000000074989770825
Q17310354	6000000074344548402
Q17310373	6000000057320678096
Q17310378	6000000031439049844
Q1731041	6000000064022353822
Q17310461	6000000024864197867
Q1731048	6000000079145911432
Q1731050	6000000024915960814
Q17310649	6000000021712593870
Q1731066	6000000066542409924
Q17310719	6000000024199647441
Q17310724	6000000024275763864
Q1731074	6000000078496857999
Q17310753	6000000027985798927
Q17310802	6000000038276896584
Q17310829	6000000056104453957
Q1731088	6000000016660757996
Q1731104	6000000025694466870
Q1731115	6000000021478742221
Q1731121	6000000075491096950
Q1731130	6000000113598851087
Q1731130	6000000186031985543
Q1731132	6000000215039664852
Q1731146	6000000016019579298
Q173115	6000000140228730842
Q1731152	6000000025032163495
Q17311564	6000000109313959008
Q17311604	6000000018658302282
Q1731167	6000000001364529193
Q17311767	6000000193863410852
Q17311772	6000000057464961887
Q17311798	6000000054972624871
Q17311823	6000000009976567919
Q17311830	6000000017018409357
Q1731187	6000000002188425699
Q17312113	6000000001504617186
Q17312157	6000000012347503789
Q17312173	6000000116271461862
Q17312181	6000000010674855673
Q1731220	6000000013332488335
Q17312236	6000000027895389054
Q17312238	6000000029761334688
Q17312271	6000000010674570694
Q1731231	6000000039112526056
Q17312314	6000000004543550685
Q17312400	6000000020585036323
Q17312428	6000000026779201258
Q1731248	6000000019567698842
Q17312517	6000000024709714074
Q1731261	6000000010835317924
Q1731266	6000000125398215897
Q1731269	6000000180921973841
Q1731276	6000000094160499320
Q1731277	6000000030998049885
Q1731285	6000000125373343927
Q1731288	6000000013301049291
Q17312975	6000000023370900968
Q1731298	6000000024199733179
Q1731300	6000000072608807951
Q17313022	6000000002225055266
Q1731354	6000000090582909090
Q1731365	6000000048656810821
Q1731412	6000000017233269991
Q1731413	6000000022756172559
Q1731435	6000000018857105383
Q173144	6000000007352948835
Q173145	6000000032501667116
Q1731452	6000000013717512701
Q173147	6000000178968702999
Q1731480	6000000016315132696
Q1731485	6000000026516078503
Q1731514	6000000036223730428
Q1731515	6000000002955215980
Q1731536	6000000020584069947
Q17315589	6000000097046128898
Q1731560	6000000042248618511
Q17315654	6000000078709163043
Q173158	6000000056266807947
Q1731608	6000000175479675187
Q1731627	6000000060272629939
Q173168	6000000166018894877
Q173169	6000000009647887346
Q1731712	6000000176783704934
Q1731726	6000000058342507916
Q17317320	6000000071969105026
Q1731745	6000000171301947902
Q1731774	6000000109027144051
Q1731779	6000000000157528096
Q17317909	6000000179930892902
Q1731794	6000000030335747023
Q1731797	6000000028091372778
Q1731809	6000000084320312000
Q17318165	6000000058208271133
Q17318221	6000000132381495943
Q1731829	6000000062600049989
Q1731842	6000000002188461626
Q17318482	6000000007153398202
Q1731857	6000000009824098219
Q17318595	6000000012858467709
Q17318628	6000000030751621689
Q173188	6000000136788637835
Q17318802	6000000025874874177
Q17318806	6000000019293890041
Q17318852	6000000040020075303
Q17319025	6000000051801896043
Q17319093	6000000002499814815
Q1731952	6000000064405504844
Q1731978	6000000089018593272
Q1731980	6000000077585512478
Q17320100	6000000013896442584
Q1732017	6000000084092837892
Q173204	6000000016128716558
Q17320433	6000000013899179934
Q173205	6000000026380522687
Q1732105	6000000092606611856
Q17321093	6000000074314788214
Q17321118	6000000011123067168
Q17321119	6000000007274187837
Q17321122	6000000009850896639
Q1732114	6000000142076491834
Q1732123	6000000069117909939
Q17321259	6000000002835762622
Q17321269	6000000053088378024
Q17321353	6000000002802400905
Q17321359	5295495499330131769
Q17321360	6000000005740880007
Q17321361	6000000004096105568
Q173214	6000000026493600240
Q1732143	6000000078058277282
Q17321476	6000000001655238413
Q17321482	6000000019095953230
Q17321501	391234566960003523
Q17321504	6000000195021730823
Q1732152	6000000136136231827
Q17321534	6000000066472187281
Q17321571	6000000002178355473
Q1732159	6000000063647055084
Q17321623	6000000074343269961
Q17321626	6000000076324546821
Q17321631	6000000002188416537
Q17321708	6000000149592541883
Q17321775	6000000075402388019
Q1732178	6000000056637521096
Q17321782	6000000074277832904
Q17321829	6000000066361341009
Q17321897	6000000022813969697
Q17321911	6000000024404476595
Q17321935	6000000030167599921
Q1732200	6000000095731529275
Q17322034	6000000173297688871
Q17322037	6000000021609061825
Q17322108	6000000061128483892
Q17322112	6000000024289701737
Q17322123	6000000133074395826
Q17322135	6000000007635883482
Q1732218	6000000013732572642
Q17322188	6000000166728967843
Q17322202	6000000109505160909
Q17322234	6000000074315861162
Q17322236	6000000074413420899
Q17322250	6000000018245920301
Q173223	4854421696810121756
Q17322338	6000000075030586821
Q1732234	6000000002188466458
Q17322350	6000000002188416339
Q17322413	6000000004097649169
Q17322473	6000000010601987011
Q17322488	6000000006101202467
Q17322491	6000000187948983945
Q17322520	6000000098404756821
Q17322526	6000000065653966006
Q17322529	6000000007218402628
Q17322566	6000000091735437944
Q173226	6000000058515508290
Q17322604	6000000045498916146
Q17322611	6000000001413699384
Q17322612	6000000066942381178
Q17322618	6000000001610570459
Q17322766	6000000093540062822
Q17322768	6000000018891945336
Q173228	6000000012758107857
Q1732286	6000000032021402006
Q17322877	6000000089435321862
Q17322883	6000000181809264835
Q17323021	6000000024090364311
Q17323032	6000000018164554556
Q1732308	6000000062018170845
Q17323443	6000000030015417121
Q17323455	6000000179123602824
Q1732349	6000000019681045109
Q1732377	6000000077626037610
Q17323823	6000000004547719075
Q173246	6000000014175551501
Q17325291	6000000066560085074
Q1732530	6000000030229351396
Q1732537	6000000000840214421
Q1732541	386986980760012300
Q1732547	6000000021148436998
Q17325563	6000000074424880827
Q17325580	6000000084390567992
Q17325584	6000000016717282881
Q17325695	6000000078915242891
Q17325834	6000000074444664453
Q17325864	6000000018658313475
Q17325895	6000000024438099022
Q17325900	6000000010359854660
Q17325907	6000000066288667131
Q17325971	6000000035904170039
Q17325996	6000000079401674917
Q1732617	6000000078403303416
Q17326170	4910590603650058080
Q17326176	6000000122259796917
Q17326182	6000000007427909407
Q1732638	6000000069038658099
Q1732640	6000000006987892837
Q17326420	6000000023771262862
Q17326562	6000000066447695821
Q17326570	6000000066539155821
Q17326575	6000000021542991301
Q17326597	6000000017191543421
Q17326709	6000000025543376977
Q1732679	6000000026937882544
Q17327027	6000000066468622831
Q17327029	6000000074435312826
Q17327059	6000000178198444826
Q1732721	6000000182023223873
Q1732732	5229906958050070191
Q173275	6000000012699448119
Q173275	6000000221473460927
Q17327538	6000000020408965831
Q1732764	6000000084492734917
Q1732772	6000000041514647848
Q17327770	6000000143328021115
Q173280	6000000003777041472
Q1732828	6000000008952519893
Q1732835	6000000105375267876
Q173284	6000000041693071696
Q17328807	6000000041055428826
Q17328827	6000000156494844020
Q17328842	6000000163423952853
Q1732886	6000000000099886115
Q173289	6000000078551491907
Q17328906	6000000172653602864
Q1732900	6000000056241655960
Q17329022	6000000163369220840
Q1732910	6000000027233995354
Q17329138	6000000142666012947
Q17329151	6000000033307159042
Q173296	6000000150184757845
Q1732961	6000000023883896658
Q1733006	6000000002793301612
Q1733010	6000000084153573088
Q17330952	6000000014015710348
Q1733138	6000000060656973827
Q1733143	6000000080786672821
Q1733149	6000000076365776966
Q1733150	6000000071934605813
Q1733156	6000000165651038843
Q1733170	6000000133577667940
Q1733173	6000000124452630948
Q1733178	6000000002281325174
Q1733191	6000000215582141876
Q1733234	6000000016724619332
Q17332390	6000000007993366832
Q173325	6000000176679204833
Q17332507	6000000145710519822
Q1733256	6000000013091937269
Q1733274	6000000080435189012
Q1733333	6000000116826110827
Q17333351	6000000189471587832
Q1733347	6000000038514836058
Q17333517	6000000024499590399
Q17333520	6000000090804838312
Q173336	6000000008260498983
Q1733365	6000000171768591869
Q1733379	6000000128114473839
Q17333819	6000000003419038665
Q17333833	6000000150670107856
Q1733398	6000000026109466882
Q1733403	6000000042729601144
Q1733412	6000000171671542853
Q1733426	6000000026887369112
Q1733442	6000000018033013699
Q1733443	6000000016724462479
Q1733444	6000000128300074850
Q173347	6000000017434241207
Q1733486	6000000071003026868
Q17335104	6000000180183222831
Q1733511	6000000007850722784
Q17335132	6000000073511899958
Q17335154	6000000085750119897
Q17335154	6000000179970983822
Q1733526	6000000010500728507
Q17335312	6000000158803314835
Q1733542	6000000083718155878
Q1733550	6000000114819637863
Q1733560	6000000002188461732
Q1733563	6000000055891430538
Q1733564	6000000025388705574
Q1733572	6000000077136306915
Q1733573	6000000162397419833
Q1733581	6000000116717027324
Q1733587	6000000013523905520
Q1733592	6000000015312446607
Q1733594	6000000022901116879
Q1733595	6000000008421569923
Q1733596	6000000058111733897
Q1733597	6000000092842310842
Q1733601	6000000027201267731
Q1733604	6000000112073493977
Q1733605	6000000021104479481
Q1733606	6000000000051802543
Q1733611	6000000026174693861
Q1733613	6000000017122183224
Q1733618	6000000049493495821
Q1733621	6000000014971059250
Q1733623	6000000022292529791
Q1733628	6000000094075565102
Q1733631	6000000022848059219
Q1733632	6000000004097766437
Q1733640	6000000019934360765
Q1733646	6000000024181736638
Q1733649	6000000084374617266
Q1733656	6000000032971796995
Q1733663	6000000127061119324
Q1733665	6000000096548013825
Q1733667	6000000127185124869
Q1733669	6000000127182299897
Q1733670	6000000076209082845
Q1733671	6000000177001087825
Q1733677	6000000019413840043
Q1733679	6000000030264274150
Q1733687	6000000162009075821
Q1733695	6000000018307611172
Q1733699	6000000024250858564
Q1733705	6000000132565873109
Q1733711	6000000116767807995
Q1733713	6000000016296002215
Q1733714	6000000038293049673
Q1733716	6000000023498431466
Q1733718	6000000058156687208
Q1733736	6000000035677673204
Q1733740	6000000079398314666
Q1733790	6000000008630763945
Q1733818	6000000090365971946
Q17338737	6000000077362163890
Q1733942	6000000068392162003
Q173399	6000000114851239042
Q1734016	6000000018587092275
Q1734034	6000000006600856246
Q17341651	6000000000285336839
Q1734166	6000000015997409726
Q173417	6000000015806066573
Q1734173	6000000015996347896
Q173421	6000000176474531878
Q1734225	6000000014806849031
Q1734226	6000000023883434617
Q1734230	6000000002188470162
Q17342455	6000000161652188917
Q1734255	6000000002188510841
Q1734328	6000000047753399442
Q173442	6000000044180077865
Q17344308	6000000030697231897
Q17344382	6000000002334341535
Q17344390	6000000030695325246
Q17345033	6000000033523176054
Q1734572	6000000170431047821
Q173466	6000000026104955249
Q17347425	6000000010800649559
Q1734744	6000000133723898906
Q173481	6000000016107451236
Q17349279	6000000086120717156
Q1734956	6000000031571021939
Q1734957	6000000026621720782
Q17350014	6000000030852398231
Q17350016	6000000044059115856
Q17350021	6000000044079821037
Q17350029	6000000050813030046
Q17350089	6000000016210081064
Q17350195	6000000009776325568
Q1735027	6000000016522103371
Q17350308	6000000002765241362
Q17350424	6000000083248004888
Q17350627	6000000016962706646
Q17350644	6000000005665168797
Q17350663	6000000019870504950
Q1735071	6000000039781552135
Q17350795	6000000007599797481
Q1735093	6000000015222787574
Q17350989	6000000210352756828
Q17351041	6000000022908884474
Q17351052	6000000076787407411
Q17351167	6000000054915473838
Q17351181	6000000147827052834
Q17351182	6000000077113487208
Q17351185	6000000139385301860
Q17351189	6000000056583277822
Q17351191	6000000072242624068
Q17351265	6000000002247673354
Q17351267	6000000116820636024
Q1735130	6000000054757519850
Q17351305	6000000024613258123
Q1735131	6000000017440588815
Q17351329	6000000020599079287
Q17351343	6000000021090499955
Q17351347	6000000013951090843
Q17351348	6000000025140197634
Q1735135	6000000015349443244
Q17351355	6000000023111359033
Q17351370	6000000009500140807
Q17351418	6000000054355108978
Q17351456	6000000176944313829
Q17351460	6000000215072161829
Q17351463	6000000016562317186
Q17351467	6000000021357002289
Q17351468	6000000021357078510
Q17351469	6000000020515381708
Q17351488	6000000067014967991
Q17351489	6000000067012037017
Q17351490	6000000067010736821
Q1735170	6000000001941730731
Q1735175	6000000079807431296
Q17351870	6000000071220188266
Q17351887	6000000068376935964
Q17351891	6000000016620899937
Q17351939	6000000142885355128
Q17352048	6000000078876356963
Q17352078	6000000031732306579
Q17352110	6000000145814379823
Q17352229	6000000002805325490
Q17352234	6000000016776951000
Q17352237	6000000002188386462
Q17352253	6000000015754355550
Q17352292	1690023
Q17352294	6000000024724453036
Q17352447	6000000165175482914
Q17352586	6000000007009872768
Q17352665	6000000007009464697
Q17352671	6000000090486477065
Q17352672	6000000024182374471
Q17352682	6000000041763338630
Q17352691	6000000020990741795
Q17352698	6000000075240412046
Q17352714	6000000040248413093
Q17352763	6000000116716441870
Q17352768	6000000011828872380
Q17352769	6000000036081156179
Q17352770	6000000017248223332
Q17352771	6000000036081458881
Q17352842	6000000142693671843
Q17352876	6000000152524292016
Q17352912	6000000076051145906
Q17352932	6000000073188649856
Q17352951	6000000073221521035
Q17352960	6000000042930358744
Q17353069	6000000075219174873
Q17353098	6000000001504532217
Q17353126	6000000048073462027
Q17353173	6000000002577472469
Q17353179	6000000017086458309
Q17353271	6000000017582924354
Q17353566	6000000043280806994
Q17353969	6000000017223583386
Q173540	6000000002991049353
Q17354318	6000000030410367793
Q1735531	6000000046095876844
Q17355513	6000000073807466055
Q17355638	6000000008595939419
Q17355702	6000000181664667821
Q17355777	6000000029998410064
Q1735586	6000000031589792065
Q1735690	6000000143021981821
Q1735706	6000000024582574056
Q1735708	6000000078577717568
Q1735726	6000000023824202480
Q1735737	6000000199066008865
Q173585	6000000002804705867
Q1735854	6000000005744962115
Q1735926	6000000054417068090
Q1735971	6000000128101147892
Q1736006	6000000075219298028
Q1736024	6000000073397396892
Q1736030	6000000024317002111
Q1736037	6000000004115754060
Q1736039	6000000039672795047
Q1736057	6000000105190621910
Q17361654	6000000106651493828
Q17361701	6000000000096376721
Q17361704	6000000016252895871
Q17361771	6000000024957729727
Q17361804	6000000068146404843
Q1736189	6000000009163294218
Q17361905	6000000009307120895
Q17361906	6000000009392960925
Q17361908	6000000016438156711
Q17361909	6000000010768186462
Q17361924	6000000001740743436
Q17361925	6000000007241044179
Q17361928	6000000006820906053
Q17361940	6000000009334402151
Q17361943	6000000025485089433
Q17361986	6000000002831278625
Q17362096	6000000078591944148
Q17362110	6000000077865023387
Q17362113	6000000057628240854
Q17362193	6000000069277982848
Q17362197	6000000130139217930
Q17362204	6000000122026494922
Q17362206	6000000007761227325
Q17362220	6000000011006920443
Q17362233	6000000178464607826
Q17362276	6000000033811524151
Q17362290	6000000172436084353
Q17362313	6000000022475535005
Q17362328	6000000080284717097
Q17362335	6000000025402986597
Q17362338	6000000039103014174
Q17362354	6000000019338978754
Q17362374	6000000180572969841
Q17362393	6000000150942701823
Q1736241	6000000032983895907
Q17362416	6000000167372908894
Q1736242	6000000113514044938
Q17362422	6000000060063983892
Q17362446	4455139836940088716
Q17362451	6000000013573233865
Q17362455	6000000001300746606
Q17362499	6000000020292320171
Q17362500	6000000019138404923
Q17362507	6000000007679519164
Q17362510	6000000020271085272
Q17362515	6000000029223625675
Q17362517	6000000007679314883
Q17362519	6000000019128138319
Q17362527	6000000025292535949
Q17362530	6000000008264441437
Q17362620	6000000161570631891
Q1736270	6000000025293521591
Q17362771	6000000171493647904
Q17362794	6000000000076308327
Q17362804	6000000000076308420
Q17363684	6000000003446239274
Q173637	6000000016794797620
Q17363716	6000000011602034453
Q17363770	6000000001228746711
Q17363779	6000000006824272260
Q17364085	6000000052485232940
Q17364118	6000000040176987805
Q17364131	6000000073302023937
Q17364205	6000000008780843011
Q17364238	6000000033763656859
Q17364254	6000000029177174070
Q17364279	6000000001654464065
Q17364295	6000000000157366356
Q17364371	6000000043462001566
Q17364393	6000000013166488580
Q17364601	6000000146990983912
Q173654	6000000026392541017
Q1736547	6000000176998283822
Q1736644	6000000008832262757
Q1736741	6000000023475203469
Q1736751	6000000118485555839
Q1736752	6000000027002750196
Q17369705	6000000143111004987
Q17370389	6000000019387087163
Q17370390	6000000080548266859
Q17370391	6000000021911097351
Q17370394	6000000020957577868
Q17370405	6000000063159189887
Q17370571	6000000019149004883
Q17370722	6000000035021936551
Q173714	6000000029937708576
Q173717	6000000029857548116
Q1737249	6000000151927977843
Q17373243	6000000163587277829
Q1737375	6000000058517456853
Q1737381	6000000034590904866
Q173746	6000000000420793692
Q1737502	6000000011473618330
Q1737504	6000000067132712948
Q1737505	6000000181259800824
Q1737512	6000000003216071485
Q17375286	6000000059536009341
Q1737531	6000000097319943132
Q17375332	6000000151355667859
Q17375864	6000000060267546987
Q17375880	6000000023283670433
Q17375899	6000000067534246913
Q17375900	6000000019454642802
Q17375912	6000000066844346864
Q17375943	6000000181450146972
Q17376029	6000000000240859890
Q17376084	6000000014776895195
Q1737620	6000000182573246946
Q1737680	6000000029878535917
Q173780	6000000043331030780
Q17378022	6000000018725149308
Q17378023	6000000030350374122
Q17378082	6000000038626382747
Q17378794	6000000015836730615
Q17379050	6000000069955491090
Q1737908	6000000096679557833
Q173795	6000000020703908669
Q17379570	6000000172478926186
Q17379604	6000000074704240258
Q17379789	6000000021412829338
Q17379873	6000000006444764820
Q17379978	6000000055265800009
Q17379991	6000000003790515899
Q17380006	6000000000711398639
Q17380035	6000000006262863491
Q17380037	6000000004828702679
Q17380070	6000000008704590369
Q17380072	6000000000195659963
Q17380076	6000000024515021979
Q17380078	6000000040244509937
Q17380086	6000000010083998199
Q17380091	6000000000242524640
Q17380093	6000000012821381729
Q17380103	6000000012953689405
Q17380105	6000000181449016862
Q17380122	6000000156634815923
Q17380129	6000000038029066071
Q17380131	6000000038145733954
Q17380136	6000000040266606419
Q17380142	6000000000503627128
Q17380144	6000000001956309878
Q17380154	6000000023023022904
Q17380159	6000000026891733490
Q17380182	6000000026861711799
Q17380194	6000000004884050443
Q17380204	6000000034270554560
Q17380224	6000000018554957700
Q17380234	6000000007743433494
Q17380237	6000000021624239381
Q17380244	6000000084073370823
Q17380245	6000000008113476491
Q17380248	6000000006787681903
Q17380251	6000000003366881811
Q17380253	6000000006769424574
Q17380259	6000000010459277528
Q17380262	6000000011702989016
Q17380264	6000000022870270780
Q17380265	6000000021452392257
Q17380271	6000000002996859888
Q17380275	6000000003500144245
Q17380283	6000000039928670860
Q17380284	6000000004320046285
Q17380286	6000000010512986894
Q17380287	6000000005442266609
Q17380288	5568155541150071927
Q17380294	6000000003001760325
Q17380296	6000000003738884576
Q17380301	6000000007352739913
Q17380304	6000000003598451904
Q17380307	6000000007511750867
Q17380316	6000000002396403518
Q17380319	6000000017093103496
Q17380320	6000000020571063592
Q17380321	6000000002276241378
Q1738033	6000000038583486136
Q17380332	6000000001531994549
Q17380334	6000000027484950149
Q17380340	6000000005442972753
Q17380341	6000000001372431208
Q17380350	6000000008007347903
Q17380354	6000000002370568954
Q17380364	6000000050240981919
Q17380366	6000000015273471338
Q17380370	6000000002392159177
Q17380374	6000000003085875887
Q17380375	6000000000278606611
Q17380380	6000000001033741475
Q17380388	6000000003196672568
Q17380389	6000000008072373757
Q17380395	6000000045147474942
Q17380405	6000000008704277721
Q17380407	5308924190940051127
Q17380416	6000000056096856026
Q17380426	6000000068066922974
Q17380428	6000000003377264271
Q17380438	6000000001389319466
Q17380441	6000000005442298581
Q17380443	6000000020436391735
Q17380444	6000000021095971600
Q17380453	6000000016290974837
Q17380467	6000000138709897821
Q17380470	6000000077511473239
Q17380481	6000000054043474829
Q17380495	6000000066273883888
Q17380498	6000000157601763824
Q17380503	6000000089726910828
Q17380518	6000000012543834600
Q17380529	6000000000894199063
Q1738053	6000000009388032493
Q17380538	6000000013906306582
Q17380550	6000000008769578179
Q17380573	6000000059195615542
Q17380576	6000000001530159883
Q17380582	6000000021107160522
Q17380587	6000000109342148875
Q17380588	6000000050713618827
Q17380603	6000000022984176098
Q17380604	6000000004156550368
Q17380606	6000000043205398104
Q17380643	6000000172206699705
Q17380646	6000000029120728824
Q17380656	6000000147300182822
Q17380668	6000000142652347873
Q17380671	6000000024146894414
Q17380672	6000000019266606923
Q17380681	6000000010817212165
Q17380685	6000000008025051394
Q17380688	6000000020598931660
Q17380711	6000000004156947004
Q17380724	6000000002747563001
Q17380726	6000000002726328449
Q17380727	6000000000726636233
Q17380731	6000000000555898316
Q17380743	6000000007441353445
Q17380746	6000000011602249355
Q17380752	6000000018952407029
Q17380759	6000000009997990842
Q17380778	6000000077667680862
Q17380788	6000000128741938204
Q17380798	6000000007131555460
Q17380801	6000000004157443060
Q17380822	6000000166423479878
Q17380824	6000000008200844419
Q17380829	6000000007171686028
Q17380839	6000000004157894090
Q17380845	6000000006451166001
Q17380848	6000000022377807224
Q17380854	6000000025285741489
Q17380857	6000000032209133650
Q17380867	6000000004158519021
Q17380877	6000000008101468121
Q17380879	6000000000556299969
Q1738088	6000000008771528951
Q17380884	6000000008190652084
Q17380887	6000000025243725416
Q17380910	6000000005097460902
Q17380926	6000000008328764476
Q17380937	6000000076414065885
Q17380939	6000000075010077868
Q17380944	6000000024362694528
Q17380952	6000000036920794395
Q17380959	6000000038479801323
Q17380974	6000000037687217880
Q17380994	6000000121912548970
Q17380996	6000000032208259625
Q17381011	6000000002967182063
Q17381012	6000000080005050861
Q17381030	6000000014109287253
Q17381033	6000000055801694028
Q17381042	6000000011047470325
Q17381043	6000000075385940821
Q17381047	6000000003910906240
Q17381055	6000000008260305048
Q17381057	6000000031077520708
Q17381058	6000000025779471278
Q17381062	6000000144027157926
Q17381076	6000000017973533537
Q17381087	6000000142020234953
Q17381093	6000000002599266540
Q17381096	6000000002978374150
Q17381101	6000000000163494149
Q17381111	6000000145912807821
Q17381115	6000000003525161081
Q17381133	6000000178085532828
Q17381139	6000000007626182276
Q17381146	6000000024491169972
Q17381160	6000000017051713292
Q17381203	6000000078896902848
Q17381212	6000000003621516723
Q17381220	6000000029685869920
Q17381233	6000000037743850003
Q17381248	6000000037833423501
Q17381250	6000000025286351984
Q17381252	6000000040495251433
Q17381261	6000000004170180030
Q17381262	6000000038120126915
Q17381266	6000000003880078557
Q17381277	6000000057580066925
Q17381277	6000000090448310828
Q17381282	6000000082553584262
Q17381291	6000000140837784821
Q17381293	6000000067494789992
Q17381298	6000000082435440866
Q17381303	6000000045727546170
Q17381318	6000000123715160927
Q17381321	6000000016190789062
Q17381339	6000000028482063863
Q17381350	6000000000569066782
Q17381353	6000000007306208420
Q17381358	6000000037126730850
Q17381362	6000000022953798290
Q17381365	6000000176661322847
Q17381368	6000000002869456913
Q17381372	6000000052578434996
Q17381405	6000000083159825444
Q17381408	6000000069849274163
Q17381426	6000000008201090333
Q17381437	6000000079283406827
Q17381443	6000000134407909823
Q17381444	6000000019890796831
Q17381446	6000000079634089855
Q17381453	6000000046709616875
Q17381466	6000000077870977191
Q17381476	6000000150383753126
Q17381477	6000000108855333942
Q17381484	6000000001668763710
Q17381490	6000000027360272335
Q17381491	6000000038291085613
Q17381492	6000000021725339334
Q17381494	6000000008331521771
Q17381496	6000000076887469071
Q17381497	6000000097200869398
Q17381574	6000000068878274945
Q17381591	6000000039516722506
Q17381599	6000000007184767822
Q17381617	6000000039001788480
Q17381627	6000000037048150019
Q17381631	6000000000572742063
Q17381645	6000000058863436067
Q17381646	6000000034073490878
Q17381651	6000000026337525448
Q17381667	6000000031007039031
Q17381671	6000000029697163798
Q17381679	6000000004170735121
Q17381681	6000000019610144500
Q17381689	6000000011310191641
Q17381716	6000000020055208255
Q17381731	6000000059451746855
Q17381745	6000000173335741310
Q17381747	6000000087523264278
Q17381758	6000000097129572829
Q17381803	6000000151179376826
Q17381805	4756698976570129650
Q17381810	6000000000574307708
Q17381816	6000000017237292463
Q17381817	6000000007590230433
Q17381835	6000000000044272893
Q17381842	6000000051276273861
Q17381854	6000000040224988873
Q17381859	6000000054820533862
Q17381860	6000000000100923510
Q17381868	6000000000708789795
Q17381871	6000000003454883559
Q17381872	6000000003953500202
Q17381875	6000000024985614596
Q17381877	6000000090678887878
Q17381879	6000000005890770001
Q17381881	6000000006411735473
Q17381885	378253618130013012
Q17381889	6000000003527203051
Q17381906	6000000002998973936
Q17381911	6000000178992420867
Q17381913	6000000138131221850
Q17381921	6000000007583614708
Q17381930	6000000000252941968
Q17381937	6000000016834454212
Q17381945	6000000008668042806
Q17381950	6000000014815344589
Q17381952	6000000004064581744
Q17381955	6000000173284379876
Q17381956	6000000003351740128
Q17381963	6000000084976688839
Q17381964	6000000007444756355
Q17381977	6000000172619168947
Q17381983	6000000004288899930
Q17382002	6000000075125680023
Q17382010	6000000002819276356
Q17382012	6000000001502675350
Q17382017	6000000007150653273
Q17382019	6000000014094926319
Q17382035	6000000177088093887
Q17382038	6000000008882954898
Q17382051	6000000047315798830
Q17382053	6000000019161266197
Q17382056	6000000007188198478
Q17382083	6000000039028140853
Q17382085	6000000080964707862
Q17382106	6000000164573760827
Q17382109	6000000049046503105
Q17382111	6000000017859958292
Q17382112	6000000003846001943
Q17382114	6000000010403985192
Q17382116	6000000008230552859
Q17382123	6000000127598872896
Q17382130	6000000013791556688
Q17382133	6000000083497884599
Q17382141	6000000015538970142
Q17382147	6000000004179555236
Q17382149	6000000000583152931
Q17382159	6000000007802931664
Q17382160	6000000030716803215
Q17382172	6000000083998170508
Q17382174	6000000000165021377
Q17382180	6000000087215255120
Q17382182	6000000003599662419
Q17382185	6000000003479691111
Q17382188	6000000016206660451
Q17382189	6000000007141303214
Q17382192	6000000007131584518
Q17382193	6000000166453351852
Q17382203	6000000038359780042
Q17382214	6000000007311808944
Q17382233	6000000008579749969
Q17382237	6000000006578964511
Q17382239	6000000169294398821
Q17382245	6000000034098506926
Q17382246	6000000173811256473
Q17382252	6000000012476139393
Q17382256	6000000131047757503
Q17382269	6000000091846896835
Q17382272	6000000009027039044
Q17382280	6000000012523100982
Q17382283	6000000028411604514
Q17382296	6000000009503976453
Q17382299	6000000150227835822
Q17382302	6000000019161499246
Q17382321	6000000018435000310
Q17382330	6000000077764140939
Q17382332	6000000001378441236
Q17382349	6000000000588081936
Q17382355	6000000001525525529
Q17382361	6000000082429919835
Q17382363	6000000007385405870
Q17382377	6000000008413630652
Q17382403	5549805735920025838
Q17382412	6000000004183968733
Q17382416	6000000018986043533
Q17382424	6000000176492738878
Q17382437	6000000027723398364
Q17382445	365875255210013307
Q17382449	6000000178941353841
Q17382463	6000000172384442180
Q17382470	6000000158047965822
Q17382480	6000000178556161841
Q17382485	6000000010876978487
Q17382486	6000000158826534850
Q17382487	6000000000823232071
Q17382490	6000000064605414925
Q17382498	6000000150889854046
Q17382504	6000000086407612870
Q17382515	6000000017868792533
Q17382521	6000000043606760968
Q17382525	6000000149589108280
Q17382541	6000000026463970038
Q17382547	6000000090739508026
Q17382549	5543511669720116384
Q17382557	6000000000617418299
Q17382575	6000000041826798386
Q17382579	6000000007433844772
Q17382581	6000000003770083711
Q17382582	6000000000840645696
Q17382585	6000000007385489160
Q17382591	6000000002370638503
Q17382602	6000000012057998686
Q17382608	6000000069198118890
Q17382614	6000000002059850237
Q17382618	6000000006127719848
Q17382626	6000000065747847830
Q17382639	6000000026117302575
Q17382643	6000000009127969398
Q17382669	6000000055462142877
Q17382673	6000000120961872878
Q17382677	6000000127734040822
Q17382680	6000000052958263957
Q17382683	6000000045810461827
Q17382684	6000000073181386979
Q17382692	6000000002370687280
Q17382698	6000000009056103321
Q17382704	6000000059929407002
Q17382725	6000000024227523263
Q17382744	6000000004190777668
Q17382760	6000000015038967976
Q17382763	6000000018416924817
Q17382771	6000000040417118568
Q17382780	6000000049201224877
Q17382784	6000000006951626045
Q17382785	6000000030084701099
Q17382791	6000000024774705812
Q17382797	6000000011810327737
Q17382804	6000000040228799039
Q17382816	6000000000082553090
Q17382823	6000000011575743431
Q17382826	6000000018964667699
Q17382829	6000000026829391918
Q17382831	6000000008202791468
Q17382833	6000000000582675303
Q17382840	6000000128366362889
Q17382847	6000000024279056245
Q17382849	6000000018330674968
Q17382853	6000000180311397846
Q17382861	6000000006874426221
Q17382874	6000000084729708907
Q17382905	6000000007622629209
Q17382911	6000000078280348682
Q17382917	6000000013676273593
Q17382919	6000000029260529988
Q17382921	6000000101385962983
Q17382927	6000000027014534877
Q17382931	6000000085104896195
Q17382936	6000000026391931159
Q17382937	5587187585010073799
Q17382941	6000000016227263213
Q17382948	6000000004114146761
Q17382957	6000000062903719836
Q17382973	6000000000144506193
Q17382981	6000000007017892062
Q17382984	6000000018965134021
Q17382996	6000000007218342781
Q17383002	6000000171811874270
Q17383022	6000000036534802449
Q17383024	6000000038093903027
Q17383039	6000000022956812654
Q17383046	6000000007017816247
Q17383056	6000000000894262004
Q17383058	6000000100294334834
Q17383063	6000000037009316155
Q17383067	6000000007374874338
Q17383068	6000000036126828322
Q17383092	6000000038588251055
Q17383095	6000000016570040300
Q17383101	6000000025818671888
Q17383118	6000000024067545227
Q17383128	6000000024330712813
Q17383131	6000000079942003958
Q17383136	6000000023304920552
Q17383141	6000000169654728871
Q17383144	6000000173305992044
Q17383159	6000000061374992987
Q17383178	6000000001935097024
Q17383185	6000000009863674764
Q173832	6000000009859421675
Q17383205	5278018569630074493
Q17383210	6000000036810279870
Q17383215	6000000031387912636
Q17383228	6000000002964341123
Q17383249	6000000077983206345
Q17383252	6000000174165158018
Q17383253	6000000007964800389
Q17383265	6000000084549629897
Q17383268	6000000024278745629
Q17383271	6000000128753934822
Q17383280	6000000175164683204
Q17383283	6000000003533966739
Q17383284	6000000034294757063
Q17383289	6000000047737769837
Q17383294	6000000071621412534
Q17383296	6000000031103900341
Q17383303	6000000032533014127
Q17383307	6000000038677352590
Q17383318	6000000053259802821
Q17383338	6000000003596304549
Q17383341	6000000000237351295
Q17383344	3552884
Q17383347	6000000035349114662
Q17383351	6000000000280449509
Q17383354	6000000042703304884
Q17383369	6000000000876138398
Q17383394	6000000008129689688
Q17383407	6000000003623863116
Q17383409	6000000026311726824
Q17383410	6000000075920017058
Q17383414	6000000179372190841
Q17383418	6000000069498951967
Q17383420	6000000181656765821
Q17383422	6000000026669414139
Q17383424	6000000003868812751
Q17383426	6000000007964551545
Q17383432	6000000156801152824
Q17383445	6000000058808731968
Q17383467	6000000087108771821
Q17383469	6000000001343109236
Q17383472	6000000173814266151
Q17383473	6000000017866628483
Q17383476	6000000021825339071
Q17383483	6000000000569153279
Q17383494	6000000070778237884
Q17383506	6000000024046121563
Q17383514	6000000004415056007
Q17383534	6000000000540002220
Q17383543	6000000071897028027
Q17383560	6000000047134558917
Q17383562	6000000017636276719
Q17383568	6000000036823997290
Q17383577	6000000038763351815
Q17383581	6000000015466186382
Q17383584	6000000083859723034
Q17383615	6000000003252271346
Q17383626	6000000015393406616
Q17383646	6000000003571493632
Q17383666	6000000042352623687
Q17383673	6000000004040954378
Q17383690	6000000177668999876
Q17383699	6000000000041672819
Q17383702	5528391960160061555
Q17383705	6000000006167541330
Q17383708	6000000024984986718
Q17383733	6000000007393740548
Q17383740	6000000043207375019
Q17383744	5353371870910050332
Q17383746	6000000007415403576
Q17383754	6000000004391027872
Q17383759	6000000028778476048
Q17383785	6000000011934864582
Q17383795	6000000007228666284
Q17383802	6000000002907550592
Q17383808	6000000002588972629
Q17383816	6000000000572164870
Q17383835	6000000064986235821
Q17383860	6000000003586819779
Q17383863	6000000007692049437
Q17383871	6000000000650733153
Q17383873	6000000056311996150
Q17383883	6000000000519625360
Q17383886	6000000010542619926
Q17383887	6000000010093513334
Q17383893	6000000168656317883
Q173839	6000000042951636880
Q17383900	6000000082443041018
Q17383901	6000000007803330378
Q17383902	6000000036889760138
Q17383921	6000000109871773939
Q17383927	6000000021425800051
Q17383930	6000000012511493987
Q17383933	6000000026886629924
Q17383937	6000000011361763070
Q17383942	6000000085754473097
Q17383954	6000000086674669870
Q17383969	6000000002758379050
Q17383971	6000000007573601119
Q17383975	6000000002525586253
Q17383976	6000000009070198080
Q17383979	6000000040582680246
Q17383983	6000000000651052104
Q17383985	6000000000650991221
Q17383990	6000000006596648356
Q17383994	6000000030802444055
Q17384003	6000000000657695663
Q17384009	6000000001943440916
Q17384016	6000000000575211653
Q17384019	6000000009206114323
Q17384023	6000000004406320559
Q17384029	6000000006996555129
Q17384034	6000000007294925313
Q17384045	6000000017606508383
Q17384047	6000000102547734015
Q17384060	6000000002379598554
Q17384094	6000000046590199859
Q17384100	4513668236550021184
Q17384103	6000000000913433055
Q17384112	6000000179300117863
Q17384127	6000000152833743821
Q17384136	6000000020315628219
Q17384165	6000000003260829873
Q17384167	6000000009573639523
Q17384170	6000000002794868779
Q17384174	6000000073786341861
Q17384189	6000000080496936905
Q17384191	6000000014921477107
Q17384211	6000000019614385369
Q17384220	6000000004404904083
Q17384231	6000000000033834212
Q17384242	6000000000649843701
Q17384246	6000000007280471288
Q17384249	6000000080699967022
Q17384252	6000000001229885630
Q17384256	6000000002171599686
Q17384262	6000000014016436410
Q17384263	6000000094770269831
Q17384269	6000000022702163121
Q17384274	6000000148805115821
Q17384278	6000000063836563922
Q17384280	6000000036556600760
Q17384284	6000000041382317505
Q1738430	6000000032572916193
Q17384303	6000000079303832379
Q17384316	6000000071370709392
Q17384320	6000000055072747899
Q17384328	6000000172270426990
Q17384335	6000000003351965673
Q17384340	6000000011554262384
Q17384350	6000000089015792956
Q17384355	6000000101398781857
Q17384358	6000000098636721317
Q17384360	6000000000575206660
Q17384365	4029325483940011134
Q17384379	6000000008680409020
Q17384386	6000000005484427009
Q17384389	6000000177723556838
Q17384399	6000000023793822117
Q17384404	6000000000886167753
Q17384405	6000000008513225498
Q17384415	6000000007979847347
Q17384423	6000000006916831363
Q17384425	6000000017605079904
Q17384427	6000000001053381005
Q17384438	5543118834700128247
Q17384478	6000000086847728851
Q17384489	6000000038816220082
Q17384495	6000000031004107422
Q17384504	6000000024233192763
Q17384535	6000000070383386826
Q17384554	6000000040434079929
Q17384566	6000000158435004821
Q17384570	6000000183875174821
Q17384574	6000000018858437145
Q17384576	6000000003075424469
Q17384606	6000000046729310989
Q17384607	6000000046736776059
Q17384612	6000000008201399168
Q17384627	6000000023466796824
Q17384629	6000000019449723611
Q17384633	6000000036720549994
Q17384641	6000000140449487910
Q17384644	6000000052553842834
Q17384647	6000000115590990846
Q17384667	6000000149846970957
Q17384689	6000000035254079925
Q17384694	6000000051322676887
Q17384698	6000000009128195842
Q17384701	6000000050597362850
Q17384704	6000000008062579316
Q17384725	6000000087973294036
Q17384749	5299603326790050944
Q17384767	6000000025017918465
Q17384770	6000000028064265402
Q17384779	6000000031824797548
Q17384784	6000000000417416761
Q17384789	6000000015664705529
Q17384791	6000000079026722300
Q17384810	6000000000290095874
Q17384812	6000000000291180478
Q17384819	6000000007122060325
Q17384822	6000000003454408566
Q17384831	6000000026727394034
Q17384853	6000000038546339869
Q17384856	6000000007367797395
Q17384859	6000000002139585287
Q17384865	6000000153646685825
Q17384883	6000000000112351120
Q17384886	6000000000037375632
Q17384892	6000000000484083511
Q17384899	6000000038881015867
Q17384901	6000000024282750779
Q17384905	6000000031789144041
Q17384915	6000000006593561847
Q17384916	6000000182421241895
Q17384919	6000000103343344006
Q17384929	6000000034050099264
Q17384947	6000000056168162976
Q17384950	6000000000572233443
Q17384963	6000000001127173007
Q17384965	6000000003666794520
Q17384975	6000000003083883247
Q17384982	6000000028792493154
Q17384988	6000000000837447901
Q17384991	6000000016262765472
Q17384994	6000000000694975942
Q17385015	6000000025439063133
Q17385036	6000000010775433044
Q17385043	6000000001502135385
Q17385045	6000000017236867717
Q17385059	6000000002965941011
Q17385064	6000000010773257727
Q17385081	6000000037721929965
Q17385084	6000000015841667539
Q17385095	6000000077659809005
Q17385118	6000000009902697197
Q17385136	6000000039990262272
Q17385138	6000000007785224500
Q17385389	6000000002895442520
Q17385637	6000000142651347961
Q17385661	5408503827160083148
Q17385675	6000000129153745835
Q17385680	6000000136075685826
Q17385807	6000000050242835869
Q1738588	6000000019325853194
Q1738589	6000000103239714886
Q1738596	6000000016730255508
Q17386015	6000000072075750957
Q1738604	6000000096864279829
Q17386139	6000000066985227070
Q17386798	6000000013631484753
Q17386802	6000000013632158599
Q17386814	6000000014126797751
Q173869	309453131580002769
Q1738740	6000000036868307149
Q17388151	6000000017059362333
Q17388204	6000000014803956044
Q17388214	6000000015461706870
Q17388265	6000000035358835973
Q17388278	6000000013306860662
Q17388297	6000000044336073154
Q1738831	6000000010840668896
Q1738832	6000000037535552940
Q17388392	6000000112449803065
Q1738840	6000000111589795823
Q17388436	6000000029470545326
Q1738850	6000000012687202261
Q17388544	6000000034640910317
Q17388626	6000000010049334382
Q17388716	6000000145984807986
Q17388805	6000000009513893425
Q1738883	6000000006131602500
Q1738904	6000000034988406768
Q1738905	6000000071153508845
Q1738912	6000000062596443910
Q173893	6000000005961455029
Q173897	6000000156052145822
Q1739003	6000000013529600677
Q1739008	6000000175642375842
Q1739010	6000000020339258239
Q1739030	6000000079009728878
Q1739049	6000000014355563337
Q17391420	6000000052519837931
Q17391647	6000000002188479835
Q1739295	6000000003681283332
Q17393520	6000000211912273852
Q1739380	6000000053829225843
Q1739384	6000000031387096573
Q1739388	6000000195110283821
Q1739412	6000000076887587737
Q17394622	6000000013722701193
Q17394632	6000000013896719970
Q17394636	6000000013896834661
Q17394648	6000000013896833883
Q1739467	6000000002764784305
Q17394756	4754735
Q17394786	6000000178557629825
Q1739483	6000000131512787093
Q17395387	6000000023681245218
Q17395619	6000000012984233104
Q17395699	6000000080824491539
Q173972	6000000016867159168
Q1739754	6000000172412674095
Q17397746	6000000026104025460
Q17397747	6000000008471625476
Q173981	6000000033892037600
Q17398129	6000000081544964317
Q1739864	6000000010595949480
Q17399577	6000000166436122588
Q17399699	6000000061517187972
Q17399701	6000000035117955170
Q17399702	6000000087322553927
Q17399705	6000000082393907882
Q17399708	6000000111030058860
Q17399709	6000000056058298873
Q173998	6000000016316825619
Q1739986	6000000007475300632
Q17399981	6000000134774153823
Q17400376	6000000041343563563
Q17400528	6000000029530518962
Q1740088	6000000176107739857
Q1740191	6000000143410026851
Q1740206	6000000002894595274
Q17402218	6000000178166419834
Q17402228	6000000064726260855
Q17402229	6000000032285118947
Q17402264	6000000178260755832
Q17402278	6000000178259587906
Q17402290	6000000076978540180
Q17402296	6000000055399904854
Q17402305	6000000009200760437
Q17402334	6000000083175947331
Q17402373	6000000036225823989
Q17402395	6000000075961637888
Q1740242	6000000084435393056
Q1740243	6000000179461623860
Q17402435	6000000007374971444
Q17402436	958366
Q17402475	6000000024169686589
Q17402479	6000000041102724823
Q17402506	6000000079279651289
Q17402559	6000000172111283885
Q17402571	6000000172189874046
Q17402582	6000000172255483137
Q17402606	6000000082987078148
Q17402623	6000000038172751219
Q17402627	6000000008895579562
Q17402632	6000000172473264312
Q17402640	6000000172617826965
Q17402641	6000000172617039281
Q17402648	6000000094037878945
Q17402651	6000000172656490482
Q17402717	6000000029428535125
Q1740272	6000000079018686946
Q17403173	6000000004560145473
Q17403494	6000000009583265858
Q17403535	6000000002817530955
Q17403631	6000000018544391430
Q17403637	6000000065509538948
Q17403697	6000000019819792130
Q174037	6000000013428781205
Q17403718	6000000013819347039
Q17403855	6000000018416343872
Q17403861	6000000156579702822
Q17403862	6000000156579141839
Q17403874	6000000012577590740
Q17403881	6000000014808995907
Q17403900	6000000028392212074
Q17403907	6000000014726808044
Q17403912	6000000057785468846
Q17403917	6000000010165466329
Q17404044	6000000031745971309
Q1740668	6000000076852244018
Q17407670	6000000033078253382
Q174087	6000000111183102295
Q17410	6000000014191843155
Q17410013	6000000110228336859
Q17410321	6000000019187371901
Q17410405	6000000001261824029
Q1741062	6000000015208210603
Q17410878	6000000190130228825
Q1741100	6000000153205159850
Q17411170	6000000081727305821
Q17411355	6000000032889880117
Q17411466	6000000000583490305
Q17411801	6000000197398259860
Q17412339	6000000129648378884
Q17412353	6000000069954149950
Q17412707	6000000005381000615
Q1741276	6000000037833991293
Q1741280	6000000021391028776
Q17413080	6000000134373874821
Q17413190	6000000009949957622
Q17413363	4008503340920073288
Q17413433	6000000076881412124
Q17413795	6000000034480148192
Q17413798	6000000034350305996
Q17413800	6000000132403958242
Q17413808	6000000034456636464
Q17413811	6000000034457503366
Q17413825	6000000034957904604
Q17413834	6000000034523135761
Q17413835	6000000034544186855
Q17413843	6000000034669169590
Q17413845	6000000034678582812
Q17413854	6000000034978111012
Q17413855	6000000000867743363
Q17413859	6000000035155522314
Q17413872	6000000152673490884
Q17413873	6000000152676314875
Q17413883	6000000152658809869
Q17413892	6000000056430322077
Q17414118	6000000150635818886
Q17414119	6000000019859552489
Q17414124	6000000008478086827
Q17414280	6000000032600755872
Q17414281	6000000017394098236
Q17414318	6000000199975859821
Q1741456	6000000040058246369
Q1741474	6000000040320882865
Q17415589	6000000065331964843
Q174157	6000000024820984872
Q17415706	6000000077915413963
Q1741614	6000000073214155915
Q1741647	6000000173522702333
Q17416690	6000000032699489994
Q17417524	6000000089250961893
Q1741766	6000000212192864825
Q17417684	6000000211880123821
Q1741772	6000000013145187584
Q17417813	6000000050110217130
Q17417849	6000000026779184852
Q17417866	6000000002188461419
Q17417878	6000000024914373933
Q17417881	6000000025168792990
Q17417919	6000000062340200828
Q17417938	6000000021045535518
Q17417940	6000000000719876120
Q17417974	6000000028434069033
Q17418011	6000000044414577880
Q17418019	6000000207362493832
Q17418022	6000000013443534325
Q17418069	6000000139502965911
Q17418121	6000000042516265120
Q17418210	6000000018810319717
Q17418277	6000000008934642376
Q17418315	6000000113875829839
Q17418337	6000000013662330699
Q17418342	6000000079360405920
Q17418373	6000000036092615461
Q17418708	6000000109759630896
Q17419089	6000000023808368181
Q17419131	6000000023808687867
Q17419205	6000000021950618667
Q1741956	6000000163417960016
Q1742013	6000000024551890357
Q1742083	6000000026326062380
Q17420840	6000000166414778068
Q174210	6000000006712169036
Q1742104	6000000019858731735
Q17421282	6000000180727855828
Q17421310	6000000085683643889
Q17421330	6000000029904411933
Q17421352	6000000018620303534
Q17421360	6000000024336396134
Q17421394	6000000069778746670
Q174214	6000000010826905690
Q17421460	6000000080340109093
Q17421461	6000000179046934305
Q17421472	6000000022436117915
Q1742148	6000000010123436802
Q17421585	6000000055356940417
Q17421647	6000000046526381858
Q17421649	6000000021451980035
Q17421690	6000000145767326255
Q17421701	6000000026669609910
Q17421710	6000000061608045763
Q17421719	6000000041117860751
Q17421731	6000000015035581869
Q17421738	6000000073312647985
Q17421772	6000000020989172125
Q17421780	6000000179288917856
Q17421803	6000000073343056034
Q17421848	6000000016213544312
Q17421940	6000000124253200924
Q17421944	6000000002764956088
Q17421995	6000000069500893981
Q17422003	6000000022173245930
Q17422008	6000000015433099186
Q17422014	6000000017962504272
Q17422029	6000000019128006501
Q17422034	6000000122640484822
Q1742288	6000000090533684898
Q17423404	6000000012813386787
Q17423406	6000000030213915581
Q17423427	6000000077514098750
Q17423434	6000000026412274486
Q17423441	6000000006987647742
Q17423449	6000000003043377242
Q17423462	6000000009206366366
Q17423481	6000000000943611726
Q17423529	6000000004132198135
Q17423591	6000000165566151841
Q17423625	6000000030948665508
Q17423636	6000000013007543146
Q17423651	6000000046484300895
Q17423654	6000000025227815312
Q17423689	6000000026842781857
Q17423706	6000000043547726905
Q17423711	6000000026633913866
Q17423790	6000000015796006975
Q17423791	6000000057698800888
Q17423801	6000000015732751340
Q17423815	6000000032252557079
Q17423816	6000000010394140354
Q17423833	6000000003004078390
Q17423978	6000000019978219064
Q17424033	6000000022319137815
Q17424058	6000000013663631297
Q174242	6000000050420212072
Q17424960	6000000006444174760
Q17424964	6000000004571342547
Q17425185	6000000040899845216
Q17425292	6000000182567440944
Q17425335	6000000047763486890
Q17425372	6000000178300998833
Q17425374	6000000057283806958
Q17425392	6000000018122741712
Q17425397	6000000024185029288
Q17425400	6000000015907880727
Q17425417	6000000015908005716
Q1742544	6000000020359121770
Q1742548	6000000010439321913
Q17425681	320472685660005981
Q17425756	6000000000321420058
Q17425757	6000000020748442658
Q17425757	6000000071800595839
Q17425758	6000000029181586049
Q17425780	6000000044063047919
Q17426445	6000000076611077312
Q17426448	6000000019112637411
Q17426484	6000000011571359886
Q17426487	6000000011449582224
Q17426497	6000000082407110093
Q17426504	6000000078140988375
Q17426506	6000000111077267316
Q17426510	6000000012114309842
Q17426517	6000000036066906898
Q17426536	6000000114861055134
Q17426550	6000000038370540176
Q17426561	6000000079034643276
Q17426562	6000000012504571320
Q17426563	6000000014568887994
Q17426571	6000000080842055229
Q17426574	6000000019917865243
Q17426584	6000000036264067411
Q17426587	6000000027513591335
Q17426604	6000000025457438583
Q17426622	6000000001803484611
Q17426648	6000000182151729864
Q17426649	6000000012101396290
Q17426651	6000000011450904486
Q17426660	6000000019819442002
Q17426664	6000000004664773421
Q17426666	6000000030204566323
Q17426668	6000000024278930886
Q17426670	6000000016243300020
Q17426679	6000000028088444850
Q17426681	6000000008188987597
Q17426687	6000000036266387165
Q17426689	6000000007158843596
Q17426691	6000000115228128829
Q17426699	6000000011550503965
Q17426701	6000000019881845495
Q17426703	6000000076674921946
Q17426712	6000000038143669421
Q17426714	6000000042229087822
Q17426724	6000000020368443014
Q17427250	6000000019092891938
Q17427255	6000000006616778602
Q17427256	6000000008191120320
Q17427257	6000000018975546198
Q17427258	6000000008530269532
Q17427262	6000000019923879184
Q17427262	6000000041111859937
Q17427263	6000000195407260911
Q17427264	6000000019167853885
Q17427273	6000000018647507950
Q17427273	6000000193584442869
Q17427422	6000000008529981841
Q17427423	6000000008530301431
Q17427424	6000000086670118982
Q17427430	3917730387910056501
Q17427529	6000000007329642055
Q17427572	6000000007329641221
Q17427599	6000000042890372561
Q17427667	6000000208175372829
Q174277	6000000134751885822
Q17427855	6000000001830469827
Q17428048	6000000216940608824
Q17428273	6000000039424747207
Q17428290	6000000012363255677
Q17428437	6000000033843250713
Q17428663	6000000069954056431
Q17428941	6000000010652761616
Q1742896	6000000019895289437
Q17429013	6000000031644806218
Q17429022	6000000024755748920
Q17429602	6000000009081025194
Q17429767	6000000175864912937
Q17430019	6000000088066276949
Q17430030	6000000012944017861
Q17430500	6000000177011686993
Q17430731	6000000177185414842
Q1743095	4974759813320042681
Q174311	6000000000558881209
Q17431752	6000000177034906822
Q17431893	6000000133399001857
Q17432559	6000000018697281794
Q1743263	6000000013926502602
Q17432715	6000000020368483428
Q17432883	6000000044192949921
Q1743294	6000000026674951970
Q174330	6000000011055267509
Q1743303	6000000086061064899
Q1743381	6000000020096431035
Q1743522	6000000105853734846
Q1743645	6000000100325477826
Q1743647	6000000010353494229
Q17437626	6000000022191950272
Q17437673	6000000040471829048
Q1743928	6000000004262560878
Q1743936	6000000112894353907
Q17439596	6000000012384329227
Q17439636	6000000000279362748
Q17439640	6000000007533221204
Q1744	6000000002743726754
Q1744050	6000000035704989938
Q1744169	6000000076881018366
Q1744228	6000000019055665531
Q1744240	1957506
Q17442554	6000000014148540300
Q17442603	6000000145757303042
Q17443646	6000000013762656913
Q174438	6000000015517442132
Q1744415	6000000017340848106
Q1744423	6000000131315773976
Q1744481	6000000006892615278
Q1744490	6000000018600794440
Q17445606	6000000001156681211
Q17446700	6000000012941937837
Q17446712	6000000007436369600
Q17446715	6000000015117776161
Q17446718	6000000010722867083
Q17446731	6000000021478683295
Q17446738	6000000007923261230
Q17446740	6000000008269005256
Q17446747	6000000025672999533
Q17446749	6000000044282187872
Q17446754	6000000011590543991
Q17446755	6000000013018183876
Q17446759	6000000008775480976
Q17446761	6000000018379283249
Q17446841	6000000010099210259
Q17446843	6000000008240049989
Q17446853	6000000012060780661
Q17446857	6000000008120694714
Q17446878	6000000014096847621
Q17446883	6000000016108335790
Q17446918	6000000010159726386
Q17446935	6000000008017598231
Q17446938	6000000009433099555
Q17446947	4554464389570024827
Q17446958	6000000020265215426
Q17446960	6000000011520433174
Q17446969	6000000031636599877
Q17447001	6000000010002033741
Q17447003	6000000001618267681
Q17447009	6000000009324738921
Q17447012	6000000018656634676
Q17447048	6000000022935876947
Q17447072	6000000010890204274
Q17447098	6000000029320186956
Q17447102	6000000011469713372
Q17447106	6000000007263790273
Q17447108	6000000024569119868
Q17447112	6000000020210382097
Q17447113	6000000010328708192
Q17447122	6000000036043020999
Q17447132	6000000015360641324
Q17447139	6000000053585808999
Q17447142	6000000017259610787
Q17447146	6000000025226640081
Q17447149	6000000011591023367
Q17447153	6000000011391409362
Q17447160	6000000007978426779
Q17447163	6000000053586321882
Q17447167	6000000034350264876
Q17447173	6000000026150038903
Q17447177	6000000024902187611
Q17447188	6000000008132927476
Q1744719	6000000002447420166
Q17447208	6000000017635654221
Q17447233	6000000001742095462
Q17447248	6000000007303540373
Q17447265	6000000019979459059
Q17447292	6000000005368347014
Q17447376	6000000010984033584
Q17447408	6000000003514639061
Q1744787	6000000004874264902
Q17449890	6000000043443879910
Q17450265	6000000125404637876
Q17451535	6000000187372603821
Q17451617	6000000105080474833
Q1745171	6000000122678254822
Q17452403	6000000022999247028
Q17452516	6000000002324721346
Q17453057	6000000171716181342
Q17453067	6000000157606676036
Q17453085	6000000001483031685
Q17453104	6000000157285415825
Q17453130	6000000014409109795
Q17453182	6000000082323969284
Q17453218	6000000136912249915
Q17453227	6000000155572134842
Q1745358	6000000007327421987
Q17453648	4587083062840063735
Q1745380	6000000008999289435
Q17454460	5399524894310128645
Q174547	6000000054306678017
Q17455	6000000002591543079
Q17455062	6000000182218284956
Q1745512	6000000008583227954
Q1745533	6000000096544221967
Q1745691	6000000052410737003
Q17457	6000000040973344992
Q1745777	6000000023232326693
Q1745807	6000000020749521897
Q1745914	6000000002764436082
Q1745920	6000000069578626960
Q1745929	6000000079297087137
Q174597	6000000013713727249
Q174599	6000000037094806679
Q174606	6000000015730282906
Q1746093	6000000035088382214
Q17461053	6000000015608529782
Q174614	6000000134317615843
Q17462507	6000000000393322378
Q17464598	6000000003615940497
Q174655	6000000067939292327
Q17466129	6000000179428876938
Q174662	6000000007353647825
Q174664	6000000088312723898
Q1746666	6000000006451386432
Q17466753	6000000051919611187
Q17467128	6000000177024766942
Q1746751	6000000002764514035
Q17468306	6000000176997744867
Q174690	6000000037866671042
Q17469604	6000000057034922883
Q1747068	6000000030169877991
Q1747095	6000000006039153001
Q1747181	6000000022850736172
Q1747208	6000000010141260858
Q1747230	6000000003322679503
Q17472713	6000000019204382144
Q1747287	6000000013061909746
Q1747292	1302340
Q1747305	6000000036298814371
Q174743	6000000015471223032
Q1747477	6000000026189649778
Q1747592	6000000020843109773
Q174762	385243631930012754
Q1747637	6000000016271388360
Q17476633	6000000164022106892
Q1747666	6000000157291560839
Q1747688	6000000201169347837
Q174772	385270904990004605
Q174774	6000000004028089674
Q17477915	6000000007443202428
Q17478042	6000000008652865362
Q17478063	6000000001726345476
Q17478109	6000000000059443728
Q17478313	6000000002868951877
Q17478315	6000000067356012945
Q1747838	6000000096079027832
Q17478638	6000000018426500934
Q17478650	6000000002463046722
Q17478673	6000000179213057837
Q17478738	6000000006665105124
Q17478740	6000000006666611011
Q1747881	6000000021490051474
Q17479051	6000000029020185693
Q17479089	6000000021426983599
Q174791	385266110010011089
Q17479231	6000000142204989821
Q17479244	6000000060818648928
Q17479253	6000000008613191177
Q17479257	6000000025570697842
Q17479296	6000000006427489193
Q17479326	6000000016988687380
Q17479328	6000000022334900049
Q17479346	6000000013484405564
Q1747937	6000000004303029612
Q17479378	6000000011467389264
Q17479484	6000000006444097877
Q17479506	6000000019519343355
Q17479573	6000000011434337739
Q1747963	6000000011693800569
Q17479631	6000000056483165916
Q17479635	6000000078192412846
Q17479643	6000000022302098143
Q1748012	6000000145758697823
Q17480236	6000000002554548299
Q17480255	6000000006724627787
Q1748033	6000000076447732855
Q17480599	6000000207155774861
Q1748069	6000000163838738266
Q17480740	6000000164973260835
Q1748076	6000000002802409196
Q17480803	6000000078141902051
Q17480823	6000000128468950033
Q17480860	3772419
Q1748172	6000000032325344935
Q1748216	6000000005781886660
Q17482189	6000000013030379342
Q17482210	6000000027110292806
Q17482213	6000000001504844310
Q17482330	6000000001504259690
Q17482345	2174535
Q17482471	6000000026812884579
Q17482493	6000000038769736041
Q17482565	6000000013030360818
Q1748260	6000000003219176512
Q1748260	6000000101309920892
Q174827	6000000073315930851
Q1748298	6000000021439615640
Q1748303	6000000014241755319
Q1748386	6000000026394315221
Q1748394	6000000176321550834
Q17484055	6000000141115988876
Q17484106	6000000056033284098
Q174843	6000000010564815743
Q1748438	6000000021675223115
Q17484646	6000000001781668906
Q17484790	6000000006156874612
Q17484797	6000000001742271308
Q17484799	6000000013583266556
Q17484804	6000000008649623063
Q17485080	4475157008780075871
Q17485170	6000000002758937230
Q1748528	6000000025109326734
Q1748532	6000000053848418859
Q17485662	6000000012410653067
Q17485822	6000000001504367646
Q17485990	6000000169017142886
Q17486243	6000000078617434307
Q1748639	6000000088787253904
Q17486476	6000000102502484954
Q17486552	6000000057451073963
Q17486589	6000000002046607395
Q17486612	6000000143725978822
Q17486659	6000000182992956850
Q1748680	6000000010695642256
Q1748721	6000000008459509075
Q1748743	6000000095890301873
Q17487486	6000000027930911054
Q17487578	6000000014836682630
Q17487607	6000000065541239753
Q17487638	6000000037363586086
Q17487645	6000000021670457478
Q17487649	6000000008689998144
Q17487731	6000000084107136998
Q17487732	332519343820004960
Q17487763	6000000007472322202
Q174878	6000000030401179092
Q174880	6000000010182344030
Q1748804	6000000142669282870
Q17488132	6000000032288998029
Q17488878	6000000049544602350
Q17488953	6000000107028395893
Q17488955	6000000023810145095
Q17489407	6000000022650685917
Q17489423	6000000022303354879
Q17489527	6000000016294439735
Q17490056	6000000034500880904
Q17490075	6000000135503622821
Q17490237	6000000143250403967
Q17490240	6000000182508857869
Q17490244	6000000166387716964
Q17490267	6000000166392871959
Q17490271	6000000136816909831
Q17490277	6000000015438331425
Q17490296	6000000166073829840
Q17490304	6000000156471520898
Q17490316	6000000178260502822
Q1749089	6000000068374764941
Q1749152	6000000002331747107
Q1749164	6000000176991942922
Q1749182	6000000183620652837
Q17492707	6000000179431790826
Q1749281	6000000022890764248
Q174930	6000000027876879942
Q1749324	6000000032618606189
Q17493254	6000000188443320896
Q17493323	6000000084348121329
Q17493324	6000000083632664014
Q17493565	6000000181165020822
Q17493586	6000000181162261918
Q17493604	6000000181164303821
Q17493619	6000000002188402755
Q17493718	6000000029134793242
Q1749387	6000000166874114081
Q17494203	6000000037434641855
Q1749423	6000000006804727657
Q1749453	6000000016280476985
Q1749489	6000000166010713907
Q17495105	6000000035751182729
Q1749552	6000000015952260824
Q174957	6000000012633782368
Q1749611	6000000175747890895
Q1749616	6000000019717639919
Q1749626	6000000136520767362
Q17496617	6000000039746245575
Q1749663	6000000084110646769
Q17496706	6000000022078292103
Q1749672	6000000053027360864
Q17496748	6000000076976681789
Q17496750	6000000041483376356
Q17497029	6000000183264256828
Q1749745	6000000032489431111
Q1749756	6000000022496882173
Q174979	5661722986450058459
Q1749799	6000000100801286038
Q17498559	6000000074718213256
Q17498621	6000000074757978138
Q17498642	6000000074726120212
Q17498647	6000000074704646288
Q17498650	6000000074759372823
Q17498668	6000000074718095274
Q17498678	6000000075496864068
Q1749876	6000000179570142846
Q174998	6000000010301729449
Q17499951	6000000044009700013
Q17500138	6000000075429748925
Q17500139	6000000002188099754
Q17500183	6000000074782982299
Q17500217	6000000075501482985
Q17500454	6000000075345695821
Q1750101	6000000040414664494
Q17501140	6000000074749541925
Q1750117	5211398838060110793
Q1750172	6000000022772310308
Q17501739	6000000024295128379
Q17501956	6000000003872312141
Q17502039	6000000015728344670
Q17502451	6000000177984183937
Q1750346	6000000016897962390
Q1750396	6000000023030939194
Q17504610	6000000014040346102
Q17504615	6000000014039930350
Q17504741	6000000014069213677
Q1750491	6000000018879477569
Q17504935	6000000091995269899
Q17505091	6000000071266677863
Q17505205	6000000006788256743
Q17505243	6000000079321917940
Q1750541	6000000013261704655
Q17505733	365271532640012887
Q17505741	6000000180714133850
Q17505770	6000000209627599941
Q17505797	6000000116696070890
Q1750647	6000000005599165346
Q17507	6000000013322718933
Q1750774	272968
Q1750775	6000000032258154163
Q175078	6000000047241071822
Q17507967	4956689915380130680
Q17508468	6000000052825756973
Q175085	6000000035016866840
Q1750898	6000000015996672648
Q175090	6000000079077509143
Q1750940	6000000102197873854
Q17509422	6000000039870477952
Q1750960	6000000056483831884
Q17510095	6000000175076875009
Q17510953	6000000031921596229
Q1751230	6000000038406228268
Q17512528	6000000081746222821
Q17512902	6000000023108265939
Q17512938	6000000005437634492
Q175130	6000000011623444075
Q1751399	6000000013805991192
Q17514048	6000000006889378460
Q1751424	6000000015417439147
Q17514461	6000000007705571283
Q17515	100801
Q1751506	6000000178299601830
Q17515314	6000000018572698162
Q1751540	6000000035501558129
Q17515437	6000000007068107515
Q17515625	6000000002300518511
Q17516020	6000000069437702822
Q17516093	6000000176004130857
Q17516100	6000000017443360565
Q17516112	6000000019937854244
Q17516277	6000000011772440319
Q17516320	6000000017019945453
Q17517118	6000000055602986881
Q1751713	6000000021760481148
Q17517186	6000000093170959834
Q17517294	6000000010484173883
Q1751828	6000000022349584551
Q17518584	6000000011747579871
Q17518587	6000000011746896052
Q17518591	6000000011518014465
Q17518615	6000000061224340864
Q1751871	6000000035084863694
Q17518876	6000000059818195421
Q175195	6000000000783534066
Q1752075	6000000000915482940
Q17520853	6000000114273646847
Q17520908	6000000020513878312
Q17521087	6000000001782383576
Q17521158	6000000021584162449
Q17521310	6000000032373232318
Q17521368	6000000002882628130
Q17521610	6000000095751934040
Q1752162	6000000043481426023
Q17521685	6000000119991336824
Q1752172	353479885240011139
Q17521819	6000000100352782083
Q17522	6000000028579326083
Q1752209	6000000089226093905
Q17522104	6000000130227735943
Q17522120	6000000031762542995
Q17522243	6000000018938088469
Q17522922	6000000032170132125
Q1752310	6000000060606696949
Q17523640	6000000031928997115
Q17523756	6000000121016188821
Q17523757	6000000001324816048
Q17523834	6000000034164131904
Q175239	6000000025737734558
Q1752393	6000000034628236234
Q17524470	6000000183466000833
Q17524957	6000000069600933825
Q17524969	6000000078876196951
Q175250	6000000000197671407
Q1752529	6000000045967730034
Q1752623	6000000013678685173
Q1752748	6000000019288495593
Q1752786	6000000002188517269
Q175280	6000000015887082839
Q1752881	6000000033067083429
Q1752895	6000000013049396623
Q175294	6000000021005547059
Q175305	6000000027065385834
Q1753204	5371407770060126141
Q175321	6000000002018970514
Q1753288	6000000007910917753
Q1753301	6000000015741826906
Q1753383	6000000015628427319
Q1753411	6000000002024142443
Q1753435	6000000032372499694
Q1753485	6000000032423552946
Q1753523	6000000038157251957
Q1753600	6000000015627526516
Q1753609	6000000114456600026
Q175366	6000000010095073457
Q1753769	6000000078281797913
Q1753827	6000000026963670040
Q17538912	6000000031739399382
Q17538918	6000000042765868431
Q17539217	6000000076832005048
Q175395	6000000001429346663
Q1753956	6000000032752639398
Q17539798	6000000010069239380
Q17540036	6000000002952619476
Q17540095	6000000163750304987
Q1754015	6000000019417016973
Q17540173	6000000070275593853
Q175402	6000000000739415655
Q1754023	6000000031110047343
Q1754055	6000000181323220842
Q17540861	6000000006709302269
Q17540868	6000000026850381111
Q17540873	6000000028500507007
Q17541090	6000000016211847286
Q17541135	5052526006940100956
Q17541454	6000000080110856071
Q1754317	6000000019603455288
Q1754319	6000000002765855903
Q1754382	6000000013900191831
Q17544533	6000000011190636610
Q17544587	6000000150930416840
Q1754479	6000000001877472909
Q1754523	6000000015170811623
Q175457	6000000071473903862
Q175461	6000000079192784166
Q1754628	6000000023274416918
Q1754756	6000000088875569040
Q17547655	6000000036291163201
Q1754783	6000000103355209188
Q175498	6000000014041753736
Q1754984	6000000104657435855
Q1755024	6000000016361957820
Q17551716	6000000026603570267
Q1755186	6000000037384080613
Q1755191	5542245395180063482
Q17552195	6000000106237120845
Q17552198	6000000003273391804
Q17552203	6000000024047090994
Q17552220	6000000082555397118
Q17552247	6000000171703451161
Q17552266	6000000008530446027
Q17552288	6000000038126195920
Q17552292	6000000014660863813
Q17552309	6000000008530159922
Q17552313	6000000103390358151
Q17552348	6000000108885534875
Q17552350	6000000039843324265
Q17552395	6000000005254743437
Q17552398	6000000080768035123
Q17552401	6000000011821710756
Q17552435	6000000003794598020
Q17552458	6000000142414645833
Q17552472	6000000014677597757
Q17552496	6000000013621611752
Q17552544	6000000004094361670
Q17552544	6000000048751813897
Q17552551	6000000006795609564
Q17552573	6000000051339114823
Q17552604	6000000143040448821
Q17552618	6000000025309284345
Q17552669	6000000025619895898
Q17553260	6000000092717856977
Q175535	6000000007004866701
Q1755413	6000000014325809396
Q175544	6000000002188440323
Q175546	6000000012457072502
Q1755508	6000000020973491884
Q1755603	6000000080343296861
Q1755661	6000000010638501682
Q175571	6000000001911299821
Q1755768	6000000041613141389
Q1755813	6000000131699400899
Q17558634	6000000007192882278
Q1756086	6000000134317429839
Q1756090	6000000024680475934
Q17561137	6000000031814332350
Q17561236	6000000009275550955
Q17561288	6000000032495003312
Q17561386	6000000006127758705
Q17561417	6000000021453237097
Q17561446	6000000052989461216
Q175615	6000000021491679174
Q17561677	6000000000397138666
Q175620	6000000005599001513
Q17562199	6000000008614603384
Q1756245	6000000044457539095
Q17562622	6000000036696464054
Q17563060	6000000186088718927
Q17563078	6000000005231126055
Q1756382	6000000016592894398
Q17563947	6000000024046804714
Q1756398	6000000003263955155
Q1756517	6000000013083283795
Q17565243	6000000074715302833
Q17565511	6000000009019121366
Q1756588	6000000171964945156
Q17566342	6000000075923908003
Q175669	6000000017294597452
Q1756723	6000000087860737849
Q175690	6000000009753511869
Q1756918	6000000116123083838
Q1757066	6000000169024079897
Q175716	6000000030850438334
Q1757165	6000000014563179122
Q1757169	6000000157295972867
Q17572675	6000000010388105343
Q1757323	6000000136939522947
Q1757328	6000000013344043008
Q1757339	6000000001871290790
Q1757350	6000000021607428846
Q17573640	6000000087323291860
Q17573642	6000000008042379201
Q17573659	6000000016478814445
Q17573849	6000000006816113742
Q1757483	6000000019305839040
Q17575	6000000017103144072
Q1757500	6000000029274729421
Q1757508	6000000000639814954
Q17575190	6000000079796740566
Q17575301	6000000026452041743
Q175757	6000000003938859626
Q175759	6000000018909092666
Q17576294	6000000076848801093
Q17576416	6000000018309771707
Q1757682	6000000028302944109
Q17578033	6000000043808897821
Q17578391	6000000180772376887
Q175788	6000000024035587902
Q1757891	6000000131443484835
Q1757913	6000000014324847383
Q1757958	6000000179649030846
Q17579880	6000000011211343511
Q17580621	6000000042354522859
Q1758106	6000000044317759013
Q1758134	6000000173372148518
Q17581403	6000000077447877941
Q17581437	6000000073873859915
Q175829	6000000093204678630
Q1758382	6000000053412904339
Q175841	6000000015181481087
Q1758410	6000000048567771876
Q1758507	6000000043279188076
Q175852	6000000009624856457
Q1758535	6000000000307240733
Q1758631	6000000046898627298
Q1758653	6000000025474427754
Q1758691	6000000004662942148
Q1758717	6000000059286339179
Q17587206	6000000019115849615
Q175877	6000000008630347152
Q1758777	6000000038265328657
Q1758863	6000000008169417786
Q175899	368130886680002363
Q1758991	6000000007345764462
Q17590782	6000000009074383316
Q17590797	6000000001916093074
Q175908	6000000029909316228
Q175910	6000000020830067710
Q1759124	6000000006589261446
Q175913	6000000009004483878
Q1759142	6000000098970270879
Q1759149	6000000073324599171
Q17591681	6000000006802683374
Q1759179	6000000038506368968
Q17591959	6000000011955305435
Q17592278	6000000125494279833
Q17593102	6000000013629208485
Q1759313	6000000066290518916
Q1759327	6000000041176733660
Q17593705	6000000009410942899
Q17593801	6000000000094605338
Q1759575	6000000067867835966
Q175963	6000000042422523234
Q175971	6000000013343745392
Q17597634	6000000017584867167
Q175980	6000000198705329851
Q1759831	6000000000961693918
Q176003	6000000009562094053
Q17600864	6000000062774735839
Q17602917	6000000010381588068
Q17602937	6000000009748052648
Q17603079	6000000009748104354
Q17603117	6000000009747863975
Q17603739	6000000106927533871
Q176040	6000000081853989891
Q176041	6000000001777536029
Q176043	6000000030981699979
Q1760518	6000000035929772468
Q1760631	6000000153220893909
Q176071	6000000011633831295
Q1760743	6000000007336543589
Q17608454	6000000000114775658
Q1760986	6000000041384808985
Q1761009	6000000005285721009
Q17610854	6000000022699431032
Q17610870	6000000022699276014
Q17611230	6000000071420712261
Q17611234	6000000011423495698
Q17611264	6000000036266428092
Q17611270	6000000080284571540
Q17611284	6000000051341047900
Q17611297	6000000093304499821
Q17611298	6000000036266265239
Q176113	6000000047329342943
Q17611306	6000000036266616864
Q17611320	6000000039481484909
Q17611325	6000000039851712363
Q1761225	6000000010566292004
Q17612443	6000000032307852780
Q17612453	6000000036224263878
Q17612455	6000000012073866490
Q17612479	4768899
Q17612570	6000000065916554199
Q1761286	6000000047399346034
Q1761324	6000000025109187021
Q1761366	6000000007329715118
Q1761384	6000000005222966433
Q17614733	6000000163750650030
Q176156	6000000055466874826
Q176163	6000000192099264850
Q17617358	6000000154881585899
Q17617368	6000000163831648966
Q17617462	6000000055337087826
Q17617549	6000000036483469962
Q1761796	6000000040929411364
Q17619259	6000000018978022586
Q17619260	6000000018978022580
Q17619550	6000000221831583847
Q176206	6000000000165032632
Q17620830	6000000078876232157
Q17620850	6000000137990098174
Q17621531	6000000002802972624
Q17621531	6000000043730387831
Q17621706	6000000003722947133
Q17621853	6000000010552739900
Q17621918	6000000009146136694
Q176222	6000000017919847349
Q17622216	6000000011853009859
Q1762240	6000000043544853984
Q17623838	6000000157691744851
Q17624287	6000000007182841348
Q176250	6000000134608464919
Q176253	6000000001566391625
Q1762542	6000000012674583367
Q17626379	6000000021956920598
Q17626481	6000000013340840170
Q17626519	6000000015730953718
Q17626558	6000000043417830426
Q17626584	6000000013427560419
Q17626627	6000000015591842593
Q17626644	6000000028427471170
Q17626674	6000000016937007392
Q17626683	6000000033210891545
Q17626691	6000000073752742880
Q17626702	6000000020459832249
Q17626715	6000000001915892916
Q17626717	6000000180417874854
Q17626760	6000000202872812822
Q17626763	6000000013569779539
Q17626792	6000000096067045039
Q17626799	6000000018819316994
Q1762683	6000000077512252731
Q17626872	6000000014874509327
Q17626909	6000000082464973435
Q17626916	6000000036131654071
Q17626940	6000000013485708174
Q17626958	6000000028976979084
Q17626982	6000000042880953458
Q17626990	6000000036572425263
Q17626993	6000000028378826855
Q17627001	6000000174901873092
Q17627032	6000000032890497275
Q17627044	6000000019761465183
Q17627063	6000000050577863825
Q17627064	6000000027861949038
Q17627099	6000000015732725146
Q17627104	6000000154039229902
Q17627114	6000000016429752054
Q17627122	6000000079289871125
Q17627131	6000000004169838308
Q17627245	6000000070740868877
Q1762760	6000000145337017898
Q17627919	6000000081562351042
Q17628287	6000000144740290884
Q17628543	6000000037283452151
Q17628639	6000000015646275885
Q17628721	6000000125853993822
Q17628817	6000000227027567835
Q1762948	6000000001952071108
Q1762980	6000000023084178980
Q17630105	6000000157284901857
Q1763128	6000000007014434934
Q17631739	6000000146288385177
Q17631836	6000000163464004837
Q1763226	6000000003631650089
Q17632514	6000000017526978793
Q17632748	6000000004654890252
Q17633616	6000000006882977275
Q17633672	6000000012836759991
Q1763440	6000000012590611395
Q1763445	6000000128976994876
Q1763456	6000000006803775241
Q176346	6000000073857834271
Q1763476	6000000014563765513
Q176351	6000000002665877253
Q17635102	6000000025718714880
Q17635318	6000000178317613839
Q17635319	6000000027131213482
Q1763535	6000000023475004987
Q17635692	6000000001062703152
Q17635733	6000000005102576878
Q17635794	6000000013374398628
Q176361	6000000028088901181
Q17636261	6000000135695805864
Q1763647	6000000026827538374
Q17636623	6000000021198825651
Q1763675	6000000015469598301
Q1763678	6000000005614409106
Q1763686	6000000080123105424
Q1763773	6000000060998899462
Q1763808	6000000143231262823
Q17638372	6000000082820628833
Q17638620	6000000078876893824
Q1763892	6000000026602637016
Q1763905	6000000002159964455
Q1764017	6000000040411088528
Q1764061	6000000002907167613
Q176409	6000000039493726118
Q1764156	6000000011461334910
Q1764269	6000000116221460870
Q1764373	6000000048898681849
Q1764381	6000000008970113782
Q17644068	6000000006127996412
Q176455	6000000014120772823
Q1764552	6000000184686171958
Q1764604	6000000037150463204
Q1764693	5235342177990103054
Q1764706	6000000182459019849
Q176472	6000000024080507017
Q1764750	6000000054187273036
Q1764792	6000000061906612027
Q17648367	6000000018513736061
Q17649209	6000000048862235357
Q17649356	6000000179641064894
Q1764950	6000000004590262916
Q1764988	4198659
Q17650578	6000000078565006859
Q1765101	6000000029716110927
Q17652015	6000000157503442824
Q1765219	6000000017937096020
Q176524	6000000004664573979
Q176537	6000000016356479614
Q176551	6000000020407732857
Q1765525	6000000031277628849
Q1765589	6000000000158519467
Q1765596	6000000096229404551
Q176560	6000000029993695842
Q176562	6000000017461111378
Q176570	6000000011844008789
Q1765791	6000000013096374439
Q1765828	6000000026696617213
Q1765923	6000000094618050822
Q1765986	6000000016336196395
Q1766003	6000000018931084854
Q1766011	6000000014048916404
Q1766037	6000000019435661322
Q1766071	6000000022188061691
Q17663126	6000000024988452009
Q1766352	6000000180873028860
Q1766372	6000000033333376229
Q176643	6000000041843740885
Q1766441	6000000043940946186
Q1766523	6000000018055465021
Q176659	6000000000366866012
Q176662	6000000155798457854
Q1766722	6000000015136145902
Q1766769	6000000011345111142
Q1766860	6000000178693426841
Q1767023	6000000027208931657
Q1767109	6000000090011898001
Q1767209	6000000002106008592
Q1767254	6000000070059192821
Q176731	6000000028400524658
Q176736	6000000140691437077
Q1767361	6000000002802853299
Q1767521	6000000036018905866
Q1767535	6000000035239866387
Q17676	6000000009516757346
Q1767638	6000000125323427901
Q1767666	6000000097060630846
Q1767673	6000000021863983549
Q1767677	6000000036502784235
Q1768	6000000004569848355
Q1768069	6000000014542496179
Q1768249	6000000083987751168
Q176838	6000000178295903826
Q1768529	6000000020190705075
Q17685861	6000000215839013827
Q1768609	6000000008530505327
Q1768626	6000000042090619180
Q1768644	6000000025031179280
Q1768689	6000000023540204681
Q1768826	6000000053874400828
Q1768884	6000000026173261966
Q176909	6000000015041668643
Q1769096	6000000046295229988
Q1769196	6000000035795517827
Q1769220	6000000015060155649
Q1769254	6000000128842205016
Q1769261	6000000008670897986
Q1769271	6000000012669916537
Q1769293	370901325590012738
Q1769336	6000000216630001875
Q1769337	6000000009467140449
Q1769371	6000000039484584604
Q1769375	6000000019868565277
Q1769431	6000000028402193183
Q1769469	6000000030539661925
Q176948	6000000068368478007
Q1769483	6000000007142129804
Q1769495	6000000033531703324
Q1769510	6000000030482622100
Q1769519	6000000022573511132
Q1769527	6000000003243418196
Q1769541	6000000027380462336
Q1769547	6000000041039492000
Q1769598	6000000039891731670
Q1769613	6000000009245720650
Q1769652	6000000009848799572
Q1769710	6000000019289604151
Q1769734	6000000012577276319
Q1769765	6000000012948104909
Q1769768	6000000008462957226
Q1769799	6000000011995392289
Q1769813	6000000009385525520
Q1769819	6000000050717677821
Q1769822	6000000001539808984
Q1769833	6000000012850433668
Q1769844	6000000007103144766
Q1769847	6000000024530145391
Q1769854	6000000001053399950
Q1769878	6000000004829301147
Q1769883	6000000011126928247
Q1769887	6000000020091785273
Q1769952	6000000017387561998
Q1769966	6000000052111736199
Q1770031	6000000014429489825
Q1770033	6000000014700176492
Q1770235	6000000021674127854
Q1770250	6000000011011175210
Q1770251	6000000023784845736
Q1770373	6000000028230030019
Q17703881	6000000183834458866
Q1770390	6000000025514068085
Q1770396	6000000028149585813
Q1770405	6000000019555591275
Q1770431	6000000002894288158
Q1770468	6000000176861428856
Q1770593	6000000005060691062
Q1770637	304807204650004318
Q1770640	6000000185284847869
Q1770661	6000000000676367348
Q1770677	6000000003006578437
Q1770689	6000000014944751719
Q1770712	6000000011564162654
Q1770728	6000000059607823303
Q177074	6000000018766276535
Q1770797	6000000020583252741
Q1770817	6000000008496933664
Q1770846	6000000029089186876
Q1770862	6000000018843781493
Q17708661	6000000016044638785
Q17708663	6000000022875230641
Q17708664	6000000014717292665
Q17708665	6000000013194260854
Q17708666	6000000011822237563
Q17708676	6000000039231899561
Q17708676	6000000224022400845
Q1770879	6000000009571873593
Q1770883	6000000012630981259
Q1770885	6000000007635997400
Q1770894	4188266038610030497
Q17708992	6000000014042390203
Q17709134	6000000072695102825
Q17709145	6000000038270692630
Q177095	6000000000048658962
Q1770953	6000000008139795768
Q1770992	6000000000633960043
Q1771003	6000000006734793478
Q1771039	6000000019299459934
Q1771048	6000000025514156244
Q1771077	6000000077877689177
Q17711441	6000000008178222270
Q17711677	6000000017834281998
Q17711722	6000000007502783581
Q17711782	6000000176689311834
Q1771180	6000000141019516828
Q17711882	6000000029375824236
Q17711883	6000000029359437204
Q1771189	6000000015159403443
Q17711898	6000000012691694204
Q1771200	6000000003645908780
Q1771202	6000000026780276502
Q1771205	6000000007975092241
Q1771208	6000000007209926445
Q17712347	6000000006900236165
Q1771268	6000000176410248228
Q1771279	6000000000664658698
Q177134	6000000114113224855
Q1771349	6000000058303416850
Q1771362	6000000008046039596
Q1771375	6000000040493518220
Q1771386	6000000007005651629
Q1771395	6000000175033071833
Q17714	6000000015204885265
Q1771404	6000000019396905634
Q1771410	6000000023405016039
Q1771420	6000000008476809890
Q177150	6000000029345529556
Q1771504	6000000014814779668
Q1771524	6000000013194938184
Q1771574	6000000034315348542
Q1771598	6000000064847499838
Q1771608	6000000019096114974
Q177163	6000000002188456291
Q1771640	6000000014072469138
Q1771642	6000000001053316700
Q17717	6000000056985807847
Q1771707	6000000021353636925
Q1771712	6000000066651786844
Q1771779	6000000006861798350
Q1771793	6000000021381855230
Q1771795	6000000024533473118
Q177182	6000000005071236623
Q1771827	6000000007210892953
Q1771828	6000000016497538925
Q177186	6000000080643011850
Q1771874	6000000167287799972
Q1771906	6000000010483972326
Q1771939	6000000019911199955
Q1772014	6000000010665446135
Q1772055	6000000091722521978
Q1772113	6000000009869560611
Q17721472	6000000021766234618
Q17721903	6000000001594406003
Q1772281	6000000005615608463
Q1772300	6000000001205307042
Q177235	6000000011048065911
Q1772360	6000000004335421691
Q1772440	6000000029270519413
Q177248	6000000013743061412
Q1772523	6000000006444200071
Q17725358	6000000007703737726
Q177255	6000000142663687176
Q1772561	6000000114864597871
Q1772564	6000000076831091919
Q1772594	6000000003341415472
Q1772605	6000000004081783364
Q1772635	6000000010132280385
Q1772663	6000000059811949965
Q177270	6000000006444736413
Q1772724	6000000007443959683
Q1772760	6000000026604571708
Q1772795	6000000015738392347
Q1772804	6000000137586419101
Q1772833	6000000000523551913
Q1772862	6000000024905361409
Q1772866	6000000017766797057
Q1772882	6000000018894604044
Q1772896	6000000004219225209
Q1772913	6000000003362619573
Q1772951	6000000018452912165
Q1772952	6000000003875793721
Q1772979	6000000084381550016
Q1773008	6000000025543022785
Q1773023	6000000011541324690
Q1773040	6000000030967632334
Q177306	6000000028299813410
Q17730776	6000000018906270095
Q177310	6000000070604260054
Q177311	6000000017797200179
Q1773159	6000000033838356139
Q177320	6000000074791906833
Q1773269	6000000037624132341
Q177328	6000000134324182061
Q1773289	6000000019270226239
Q1773328	6000000024293671290
Q1773351	6000000024034610240
Q177339	6000000097900988886
Q1773397	6000000017443442764
Q1773438	6000000015404933165
Q1773451	6000000043861043857
Q177346	6000000018079682585
Q1773473	6000000020094969644
Q1773475	6000000006589269266
Q177350	6000000012663787770
Q1773520	6000000007087330166
Q1773578	6000000000437672748
Q1773610	6000000016271319332
Q1773633	6000000114655622295
Q1773640	6000000011955523425
Q1773648	6000000016166192767
Q1773653	6000000001332784378
Q1773663	6000000013999055091
Q1773696	6000000179217736837
Q1773729	6000000014361013694
Q17737310	6000000005380380545
Q1773735	6000000078456707957
Q1773750	6000000020214924221
Q1773793	6000000006603794465
Q1773849	6000000017023172093
Q1773901	381242930120012206
Q1774026	6000000016503167138
Q1774040	6000000049672555018
Q1774069	6000000011571005774
Q1774093	6000000008962502370
Q177427	6000000041147188123
Q17743984	6000000021582396623
Q1774399	6000000011612391130
Q17746495	6000000179098997834
Q1774711	6000000002325819644
Q1774719	6000000001120154644
Q17747277	6000000014017753938
Q1774743	6000000021607358424
Q1774749	6000000079090076026
Q1774757	6000000004143919006
Q17747715	6000000042221191600
Q17747745	6000000130471279855
Q17747991	6000000177936190837
Q17748264	6000000029427680383
Q17748279	6000000010262637657
Q17748390	6000000076307460667
Q1774879	6000000003574467764
Q1774948	6000000003634247386
Q1774966	6000000004966641118
Q177497	6000000012599903558
Q1775021	6000000085352950835
Q1775026	6000000003481816881
Q1775097	6000000105942432953
Q177514	6000000004097623000
Q1775218	6000000011298452167
Q1775236	6000000179785227821
Q1775298	6000000007954758442
Q1775347	6000000013829449516
Q1775388	6000000003605109599
Q1775423	6000000021110157421
Q1775491	6000000009897684623
Q1775527	6000000139628540843
Q177577	6000000075893667899
Q1775785	6000000039124623462
Q1775806	6000000180217816872
Q1775868	6000000013163601570
Q1775876	6000000080750240273
Q177588	6000000047088695888
Q17759342	6000000038731109505
Q17759463	6000000015336996251
Q1776	6000000006835236450
Q1776019	6000000006706122308
Q177610	6000000011163339306
Q177618	6000000148574926089
Q17762380	6000000042341599006
Q1776242	6000000014608734788
Q1776475	6000000013050169240
Q177650	6000000009894734388
Q1776544	6000000003242767210
Q1776648	6000000007980644011
Q1776675	6000000036013592514
Q1776709	6000000006928643337
Q1776720	6000000002600937359
Q1776740	6000000006128326162
Q1776790	6000000088750280898
Q177681	6000000009545810256
Q1776879	6000000022484484122
Q1776912	6000000175893696908
Q1776913	6000000145873455855
Q177692	6000000085271518843
Q17769358	6000000004888804029
Q1776954	6000000009439496972
Q1777	6000000002188327807
Q1777178	6000000021847553349
Q17771801	6000000032864785562
Q17771925	6000000011149546036
Q1777220	6000000045701014115
Q17772233	6000000026564325124
Q1777234	6000000021211604302
Q1777235	6000000016556215056
Q1777236	6000000001827628965
Q1777269	6000000025509781642
Q1777302	6000000009450001355
Q1777333	6000000026844938757
Q1777351	6000000186627229846
Q1777383	6000000017315637383
Q177745	6000000039800622630
Q1777514	6000000012121629971
Q1777518	6000000112606240821
Q1777531	6000000019626077379
Q1777566	6000000021867722050
Q1777577	6000000059200172007
Q1777585	6000000030504770938
Q1777590	6000000023771833674
Q1777597	6000000022251780790
Q1777607	6000000032488933017
Q1777630	6000000008314911426
Q177769	6000000002342855455
Q1777714	6000000005765277539
Q1777745	6000000000179574759
Q1777751	5275623354730046972
Q1777802	6000000006327215459
Q1777870	6000000004640454305
Q1777889	6000000024171346723
Q1778066	6000000014948366307
Q17781579	6000000072638531888
Q17781967	6000000010664770226
Q1778209	6000000150609851835
Q17782761	6000000006972101058
Q1778325	6000000006498919141
Q1778375	6000000014834390607
Q1778390	6000000007103875413
Q1778419	6000000003353173010
Q1778444	6000000009059248609
Q177845	6000000048748426247
Q1778475	6000000027822118560
Q177853	6000000040783857853
Q177854	6000000001063169161
Q1778562	6000000018209632061
Q1778564	6000000001950426020
Q1778583	6000000019217725032
Q1778588	6000000026102297466
Q1778596	6000000019244441997
Q1778602	6000000005615637299
Q1778715	6000000009072810602
Q177876	6000000163421507835
Q1778899	6000000183706993913
Q1778954	6000000089501224851
Q1779	6000000024414367306
Q17790	6000000019155600599
Q177901	6000000025426403600
Q177901	6000000076903765983
Q177901	6000000194173652840
Q1779020	6000000015083153963
Q1779050	6000000078204104937
Q1779055	6000000076101396985
Q1779089	6000000001360687385
Q1779121	6000000011500636362
Q1779161	6000000004880216458
Q177917	6000000043066316122
Q1779207	5207190221890042210
Q1779291	6000000168498627027
Q1779323	6000000040253940130
Q1779339	6000000007919646437
Q1779346	6000000005441954438
Q1779408	6000000019333721289
Q1779434	6000000005589586184
Q1779503	6000000031352106135
Q1779541	6000000001653356563
Q1779563	6000000015762582857
Q1779574	6000000034700611972
Q1779589	6000000006206045572
Q1779596	6000000014161187543
Q17796505	6000000021577231509
Q1779675	6000000014769191811
Q1779704	6000000184353419830
Q1779725	6000000173916064919
Q1779747	6000000009665275997
Q1779816	6000000033504351087
Q177984	6000000009429249423
Q177985	6000000072246578870
Q1779864	6000000014520491159
Q1779897	6000000050567314123
Q1779985	6000000043180262359
Q1780023	6000000012795496304
Q1780048	6000000020367127434
Q1780127	6000000001340276689
Q1780491	6000000056381182837
Q1780519	6000000001169179407
Q1780538	4863898583820045707
Q1780599	6000000148322516866
Q1780626	6000000031551114035
Q1780670	6000000011452348359
Q1780738	6000000036825993505
Q1780784	6000000062651199006
Q1780793	6000000003309816905
Q1780859	6000000022232594963
Q1780884	6000000020881713539
Q1780939	2206993
Q1780957	6000000074080237255
Q1780964	6000000006442064830
Q1780986	6000000012632310113
Q178103	6000000029940183053
Q1781101	6000000181343250860
Q1781119	6000000011262079695
Q1781129	6000000016437470761
Q1781212	6000000008787521718
Q1781235	6000000020018949559
Q1781249	6000000011790353475
Q1781286	6000000014288277907
Q1781307	6000000064618283915
Q1781355	6000000018925429506
Q1781375	6000000038507349772
Q1781417	6000000013602005034
Q1781435	6000000020935797658
Q1781489	6000000002422454131
Q178153	6000000002019741018
Q1781537	6000000004345372367
Q178166	6000000063297178838
Q1781808	6000000004674652113
Q1781916	6000000189873902848
Q17819231	6000000015443245190
Q1781950	6000000042913733484
Q1781991	6000000029601519031
Q1782001	6000000021146558556
Q1782026	6000000024755558948
Q1782064	6000000019372744179
Q1782085	6000000030760684690
Q1782209	6000000038982529025
Q1782218	6000000016585660878
Q1782219	6000000037833060276
Q1782242	6000000017236551121
Q1782247	6000000171805657113
Q1782260	6000000098512713049
Q1782273	6000000011347687664
Q1782398	6000000049935014913
Q1782441	6000000117792315837
Q1782472	6000000120616384878
Q1782494	6000000003480943187
Q1782521	6000000003996313678
Q1782539	6000000040704631821
Q1782541	6000000001200522521
Q1782570	6000000006587298264
Q1782618	6000000002325788789
Q1782639	6000000012016721802
Q1782661	6000000085732349922
Q1782714	6000000189916795840
Q1782723	6000000132453857966
Q1782758	6000000027608536388
Q1782775	6000000030046447034
Q178279	368610324190013039
Q1782800	6000000135520339857
Q1782810	6000000023794088374
Q1782811	6000000016135199047
Q1782823	6000000009512737050
Q1782834	6000000026843752811
Q1782850	6000000011278364976
Q1782868	6000000026651615052
Q1782904	6000000025121684888
Q1782911	6000000000903771555
Q1782989	6000000001244925037
Q1782995	6000000018886231062
Q1783000	6000000017098605240
Q1783022	6000000010049680232
Q1783071	6000000006346112341
Q1783076	6000000069324866053
Q178315	6000000142887250948
Q1783306	6000000018257987478
Q17833388	6000000002188425494
Q1783353	319526734990001934
Q1783372	6000000003591418588
Q178344	6000000029834572057
Q178348	6000000000785375270
Q1783562	6000000019222225378
Q178360	6000000035799955123
Q1783673	6000000008279218653
Q1783733	6000000013485698780
Q178412	6000000091766749981
Q17844792	6000000131674175941
Q1784507	6000000030553720681
Q178468	6000000130565384913
Q178478	6000000017434189942
Q1785	6000000082794990838
Q1785032	5146863613810036863
Q1785119	6000000185498707922
Q1785152	6000000019996620018
Q178517	6000000056982626914
Q1785182	6000000001389319814
Q1785241	6000000019456381174
Q1785260	5146898078500067057
Q1785273	6000000032009369039
Q178529	6000000059459128831
Q1785299	6000000004689538388
Q1785382	6000000004361717650
Q178552	6000000076470361862
Q1785574	6000000017478080397
Q1785623	6000000097094123907
Q1785722	6000000014339724102
Q178577	6000000000478006851
Q1785948	6000000059757174914
Q1786027	300605625700005391
Q1786027	6000000103384013875
Q1786051	6000000023183596345
Q1786150	6000000033261667158
Q17862166	6000000133477616821
Q1786221	315981748690002827
Q17862587	6000000014980631427
Q1786276	6000000066972598060
Q178628	6000000136544536851
Q1786317	6000000002306736546
Q1786371	6000000004229696758
Q17864512	6000000192813664857
Q17864521	6000000014418194957
Q17864526	6000000015793456659
Q17864532	6000000002428207974
Q17864536	6000000025161346092
Q1786546	6000000027014193880
Q178657	6000000181187710822
Q1786641	6000000018725385300
Q178698	6000000013529941480
Q178709	6000000081021521536
Q17871570	6000000027632033166
Q1787190	6000000009976825304
Q178726	6000000007863279855
Q178738	6000000015059683443
Q1787557	6000000059133321840
Q1787842	5619009783650076444
Q1787842	6000000016204481861
Q1787893	6000000003403831337
Q1787910	6000000017035611053
Q1787960	6000000021792764787
Q1787977	6000000012615820790
Q1787986	6000000009600471394
Q1787996	6000000013687280107
Q1788071	6000000172459219121
Q1788548	6000000095469537983
Q1788580	6000000023747096740
Q17887	6000000172222165071
Q1788701	6000000184269690830
Q1788713	6000000184462288861
Q1788745	6000000015887997922
Q1788790	6000000012014956506
Q1788795	6000000006444139978
Q1788801	6000000006444102697
Q178881	6000000004592999566
Q178882	6000000047330184889
Q1788825	6000000011872714843
Q17889	6000000014832829564
Q1789	6000000045707031824
Q178903	6000000005749671177
Q1789053	6000000007067980070
Q1789057	6000000057015548837
Q1789141	6000000009679336812
Q178916	6000000006127013037
Q178917	6000000074296997570
Q1789239	6000000142068132234
Q1789250	6000000090940705958
Q1789273	6000000078052181713
Q1789286	6000000029644284678
Q17893	6000000004099259195
Q1789301	6000000039996070217
Q1789311	5047409907790110397
Q1789320	6000000002218380078
Q1789337	6000000068337018907
Q1789343	6000000078142650902
Q1789358	6000000039647840003
Q1789375	6000000000781083040
Q1789381	6000000017710611828
Q1789397	6000000007313245668
Q1789405	6000000007327340332
Q1789414	6000000013552838797
Q1789420	6000000039510911710
Q178944	6000000142190883873
Q1789647	6000000001932682455
Q1789820	6000000011003344201
Q1789833	6000000005384964069
Q1789876	6000000016382760433
Q1789888	6000000007800097865
Q1789904	6000000024571194943
Q1789913	5234124758640128318
Q1789919	6000000010919852529
Q1789927	6000000016938151797
Q1789931	6000000003322771180
Q1789935	6000000048902604852
Q1789937	6000000177831300042
Q1790082	6000000002228252200
Q179025	6000000016237738359
Q1790258	6000000001900866939
Q1790296	238398
Q1790379	6000000007989188395
Q1790391	6000000003681553858
Q1790396	6000000000582920920
Q1790401	6000000015976348559
Q179041	6000000008165513407
Q1790472	6000000010456070246
Q17904824	6000000003649647674
Q1790503	6000000003462874369
Q179051	6000000051306276289
Q1790662	6000000006729015015
Q1790788	6000000029390794742
Q1790828	6000000016812588489
Q1790841	6000000004559687191
Q1790851	6000000002451588723
Q1790888	6000000076503417865
Q1790896	6000000031395747365
Q179090	6000000001362689529
Q17909236	6000000023921130791
Q1790932	6000000028225743596
Q1790939	6000000062468292870
Q1790968	367252150310002996
Q1790976	6000000039350850031
Q1791007	6000000016263010403
Q1791015	6000000039909969841
Q1791024	6000000006569354506
Q1791035	6000000015964712831
Q1791060	6000000025017776665
Q1791077	6000000007525733298
Q1791114	6000000008736794396
Q1791137	6000000028996527200
Q1791147	6000000008936579242
Q1791152	6000000026425291932
Q1791167	6000000022423827872
Q1791177	6000000078384756898
Q1791187	6000000042313861423
Q179120	6000000083327265951
Q1791206	6000000013723888551
Q1791210	6000000017564702632
Q1791215	6000000034588665451
Q1791241	6000000021848071400
Q1791248	6000000019859016986
Q179126	6000000012558811100
Q1791278	6000000000132341001
Q1791287	6000000078309818687
Q1791311	6000000017452916936
Q1791369	6000000003127640711
Q1791372	6000000062825790833
Q1791383	6000000023327247840
Q1791390	6000000084784426073
Q1791397	6000000001152919117
Q1791411	368605771490011413
Q1791416	6000000002917773421
Q1791421	6000000025057428272
Q1791426	6000000008113925676
Q1791430	6000000052863311875
Q1791437	6000000074093177836
Q1791449	6000000029594091631
Q179150	6000000003342475457
Q1791514	6000000014283385644
Q1791520	6000000026246546028
Q1791525	6000000017710883364
Q1791533	6000000017827926106
Q1791545	6000000176954561882
Q1791549	6000000181855872851
Q179156	6000000021495565718
Q179157	6000000012668303155
Q1791573	6000000027721653723
Q1791609	6000000014139640948
Q1791624	6000000004026766322
Q1791630	6000000004026655554
Q1791652	6000000037102647979
Q1791673	6000000008017337695
Q1791677	6000000008496460197
Q1791689	6000000004026807163
Q179169	6000000002896859760
Q17916972	6000000063557624908
Q17917725	6000000175788849013
Q17919	6000000006117063183
Q1792010	6000000012459195563
Q1792274	6000000097728148832
Q1792276	6000000024474172077
Q1792355	6000000026886600258
Q1792365	6000000023009274282
Q1792394	6000000011126767480
Q1792413	6000000007329415299
Q1792467	6000000007077325257
Q1792490	6000000021262085235
Q1792524	6000000002244355019
Q1792534	6000000007816891885
Q1792629	6000000011361267892
Q1792658	6000000008221539783
Q179266	6000000005223769481
Q1792689	6000000012457481826
Q179269	6000000088580338960
Q1792773	6000000041460347511
Q179282	6000000150944148038
Q1792874	6000000006711746044
Q1792911	6000000030313056553
Q1792973	6000000003232519653
Q179298	6000000018791350875
Q1792980	6000000002898099595
Q1792994	6000000054019770929
Q1793030	6000000036725063846
Q1793048	6000000002512264965
Q1793059	6000000030063752976
Q1793119	6000000005441428994
Q1793251	6000000012413265228
Q179327	6000000017601090866
Q1793339	6000000062754305826
Q1793357	6000000000719970378
Q1793371	6000000010037079054
Q1793397	6000000062568717986
Q1793401	6000000025080853320
Q1793405	6000000031459386086
Q1793457	6000000200008215887
Q1793590	6000000020164316954
Q1793593	6000000173153337052
Q1793627	6000000017345683312
Q1793637	6000000017434856135
Q1793659	6000000014697498367
Q179374	6000000004326362388
Q1793760	6000000049387121930
Q1793780	4760773638630030914
Q1793798	6000000135643341107
Q1793801	6000000012378320160
Q179382	6000000009045534281
Q1793842	6000000136772094920
Q1793865	6000000003686086311
Q179393	6000000000784363302
Q1793964	6000000074780866838
Q1794001	6000000022380971463
Q1794004	6000000057855481114
Q1794013	6000000010587361074
Q1794054	6000000035992154568
Q1794130	6000000021049139219
Q179414	6000000046132070206
Q1794164	6000000018270430322
Q1794169	6000000026549233468
Q1794172	6000000057754124822
Q1794177	6000000097904097923
Q1794178	6000000089249417884
Q1794197	6000000002531432292
Q1794226	6000000040411691059
Q1794243	6000000120376847866
Q1794269	6000000073413178034
Q1794304	6000000090979045870
Q1794307	6000000123832663884
Q1794320	6000000019568395612
Q1794321	6000000016315087060
Q1794327	6000000018819139650
Q1794329	6000000090146546535
Q1794503	6000000011335466969
Q1794516	6000000041095730268
Q1794545	6000000026800312845
Q1794570	6000000014472551332
Q1794594	6000000016494840393
Q1794607	6000000073933476823
Q1794700	5615981422510048402
Q1794781	6000000023293604491
Q1794815	6000000177765245821
Q179493	6000000025767967979
Q179496	6000000014583160522
Q179497	6000000048618545002
Q1795030	6000000011499138682
Q1795070	6000000083617991299
Q179516	6000000140787172948
Q1795226	6000000038415463335
Q1795439	6000000185008133865
Q1795486	6000000002280938970
Q1795520	6000000019433942344
Q1795535	6000000017511539878
Q1795536	6000000195561464831
Q1795552	6000000042756050925
Q1795555	6000000021628904907
Q1795558	6000000166411398156
Q179558	6000000037093719357
Q179581	6000000113459581013
Q179586	6000000023992056448
Q1796076	6000000005393095580
Q1796164	6000000004149557415
Q1796215	6000000027460409322
Q179631	6000000019136774784
Q1796317	6000000004378775480
Q1796318	6000000022171399878
Q1796368	6000000084872456225
Q179638	6000000003613673798
Q1796594	6000000015156222308
Q17966032	6000000023482900440
Q1796695	6000000017394763102
Q1796721	6000000071731977905
Q179680	6000000010210732596
Q179682	6000000007353330285
Q1796857	6000000007616426046
Q1796901	6000000016617732728
Q179694	6000000020691507231
Q1797092	6000000018099477107
Q1797137	6000000021040340038
Q1797149	6000000018263057452
Q1797155	6000000179849083823
Q1797172	6000000018040010825
Q1797183	6000000017946730928
Q1797190	6000000027593142776
Q1797197	4257487720350070528
Q1797202	6000000014313158096
Q1797212	5537565987650113806
Q1797215	6000000041372407467
Q1797226	6000000016950403280
Q1797231	6000000003772017362
Q1797253	341993614170013655
Q1797256	6000000016328490560
Q1797277	6000000011170579372
Q179728	6000000003477948715
Q1797286	6000000017546093088
Q1797294	6000000002377225259
Q1797303	3932775516190027898
Q1797318	314995586910002711
Q179732	6000000017199969524
Q17973240	6000000086592100910
Q1797348	6000000024420998217
Q179735	6000000064798208001
Q1797354	6000000037686147163
Q1797379	6000000102871792839
Q1797400	6000000179621460873
Q1797410	6000000003858266766
Q1797439	6000000027821028458
Q1797444	6000000020839051330
Q1797447	6000000020252383252
Q1797468	6000000031715073103
Q1797472	6000000017827724259
Q1797476	6000000078849136118
Q1797487	6000000020515432570
Q1797496	6000000019924401629
Q1797502	6000000033480226682
Q1797505	6000000047705435204
Q1797510	6000000016722720593
Q1797513	6000000020058502231
Q1797524	6000000085618686966
Q1797532	6000000034339426221
Q1797623	6000000011771231292
Q1797689	6000000017087704647
Q1797695	6000000013860748659
Q179770	6000000069624065868
Q1797707	6000000039332787360
Q17977110	6000000010608324896
Q17977125	6000000013318477169
Q17977127	6000000072443463176
Q17977134	6000000062223243841
Q17977148	6000000062618257267
Q1797721	4110506549210027387
Q179777	6000000013864312849
Q1797770	6000000020972362059
Q1797788	6000000111857398831
Q1797883	6000000028546938021
Q1797916	6000000019505441095
Q1797989	4119969
Q1797996	6000000007096232275
Q1798074	6000000001156677174
Q1798147	6000000077795180110
Q1798220	6000000008628224840
Q1798243	6000000020669241036
Q1798329	6000000094132337897
Q1798399	6000000006882817323
Q17984367	6000000001322083625
Q17984414	6000000010896078834
Q17984416	6000000029596533097
Q17984453	6000000006604666401
Q17984549	4817682624870041785
Q179854	6000000036448535038
Q17985458	6000000014318390070
Q1798564	6000000014023014178
Q17985662	6000000051027038881
Q17985721	6000000027895661004
Q179858	6000000011285570299
Q17985803	6000000003864611918
Q1798588	6000000075144894851
Q17986154	6000000003232538094
Q17986195	6000000023857759821
Q17986283	6000000008808618662
Q17986487	6000000011748164854
Q17986586	6000000062746991007
Q17986586	6000000145028836845
Q17986630	6000000138121552004
Q17986666	6000000018222126454
Q17986771	6000000183056093823
Q1798708	6000000003197921560
Q179871	6000000041535279642
Q1798737	6000000007014359597
Q17987394	6000000115418809874
Q1798787	6000000151377450863
Q179888	6000000021465034111
Q1798939	6000000025942494190
Q1798939	6000000200460439854
Q17989530	6000000015818429422
Q1798967	6000000023153797362
Q17989945	4644970955550032692
Q1799026	6000000060911418910
Q1799053	6000000021089241614
Q1799078	6000000011327814027
Q1799081	6000000009693837957
Q17990814	6000000075373416821
Q17990825	6000000075372486861
Q1799112	6000000003824090417
Q1799142	6000000020247517767
Q1799152	6000000008378207759
Q17991565	6000000075344447892
Q17991570	6000000075344542822
Q17992423	6000000093502114867
Q179925	6000000031403151047
Q1799368	6000000000908013726
Q1799370	6000000003424830435
Q1799420	6000000026160748199
Q1799553	6000000011795470733
Q1799576	6000000028239593186
Q1799587	6000000019880183625
Q179960	6000000007650290958
Q17996791	6000000000746840448
Q1799727	6000000015271246913
Q1799741	6000000064597338870
Q1799812	6000000023166252263
Q179982	6000000137218777833
Q17998297	6000000183981745853
Q1799867	6000000116369026886
Q17998788	6000000145762289848
Q1799886	6000000002902575191
Q1799965	6000000025239190646
Q1799985	6000000012264089346
Q18000286	6000000159569420100
Q1800032	6000000003327518166
Q1800036	6000000010209184165
Q180004	6000000008320958882
Q1800065	6000000021828524296
Q1800076	6000000013752362763
Q1800081	6000000013669082384
Q180010	6000000083823295824
Q1800157	6000000016203334903
Q1800163	6000000002889452236
Q1800181	6000000006815465514
Q18002375	6000000008652587707
Q18002680	6000000111714834822
Q18002693	6000000058757399868
Q18002842	6000000055139323212
Q18002844	6000000069428158017
Q18002864	6000000018397503208
Q18003079	6000000191379783823
Q1800361	6000000002014870461
Q1800396	6000000017101862567
Q1800438	6000000034788712822
Q1800486	6000000025259188072
Q1800489	6000000024971713487
Q1800501	6000000017276188138
Q1800510	6000000017213623994
Q18006515	6000000009256586750
Q1800702	6000000092269744127
Q1800718	6000000105268117822
Q180077	6000000012429009898
Q1800785	6000000011471605538
Q180079	6000000010974361152
Q1800817	5119880591260035690
Q18008958	6000000103218179974
Q18009055	6000000031639607779
Q18009078	6000000027292514880
Q18009111	6000000190404438822
Q18009116	6000000205683178822
Q18009341	6000000069497962822
Q18009504	6000000091626871888
Q180099	6000000033967206821
Q18009955	6000000044650349890
Q18010301	6000000021577559851
Q1801037	6000000001011946379
Q18011654	6000000200559068902
Q18011720	6000000016777185409
Q18011787	6000000012492008863
Q18011809	6000000042228153128
Q18011826	6000000111217835908
Q18011830	6000000046209004874
Q18011831	6000000021419791843
Q18011847	6000000030882927664
Q18011849	6000000012363711468
Q18011853	6000000027822596267
Q18011854	6000000014883310099
Q18011855	6000000094295026200
Q18011859	6000000141505319823
Q18011860	6000000021387611314
Q18011989	6000000010885713842
Q18012007	4461384607980022670
Q18012015	6000000073430278863
Q18012051	6000000019187332837
Q18012077	6000000010885840593
Q18012140	6000000085922620889
Q18012160	6000000078423535155
Q18012280	6000000017699508320
Q18012362	6000000020021647895
Q18012380	6000000006432014085
Q18012545	6000000017365468112
Q1801262	6000000024373879226
Q1801266	6000000019734662041
Q1801276	6000000013854352596
Q1801278	6000000037478661067
Q18012856	6000000008583351412
Q1801286	6000000024335747035
Q1801293	6000000019597016881
Q1801308	6000000025968539514
Q1801373	6000000033681957186
Q1801378	6000000102908177834
Q1801404	6000000084270043170
Q1801408	6000000119315187988
Q1801443	6000000058322800979
Q18015051	6000000152609793868
Q18015059	6000000050743442996
Q18015060	6000000003203183814
Q18015062	6000000012118212317
Q18015067	6000000075426730836
Q18015086	6000000128302224840
Q18016278	6000000012776254753
Q18016362	6000000009795978187
Q18016363	6000000009786833112
Q18016374	6000000012662260448
Q18016382	6000000014382945041
Q1801659	6000000026904042413
Q180167	6000000038218473346
Q18016920	6000000008053054372
Q1801814	6000000118383708835
Q18018156	6000000019041576586
Q1801816	6000000024346132923
Q1801823	6000000089975730176
Q18018260	6000000024262329930
Q18018288	6000000009844272206
Q18018321	6000000181997554857
Q18018415	6000000076945566107
Q18018517	6000000179847644938
Q1801886	6000000004143878686
Q18018915	6000000010339190014
Q18018978	6000000171960921143
Q18018983	6000000177097753989
Q18018984	6000000054693049897
Q18019041	6000000018309932094
Q18019043	6000000003582410519
Q18019046	6000000012921507955
Q18019095	6000000035137855562
Q18019150	6000000173756514120
Q180195	6000000166413138098
Q18019552	6000000013720450524
Q18019632	6000000020956551210
Q18019658	6000000076972917689
Q18019921	6000000004057527179
Q18019939	6000000023517211407
Q18019968	6000000068523790916
Q18020033	6000000023866259354
Q18020055	6000000024887668384
Q18020236	6000000014231900387
Q18020244	6000000145757594854
Q18020256	6000000151387896882
Q18020298	6000000041094377992
Q18020317	6000000173263780499
Q18020446	6000000042531078167
Q18020448	6000000180775224821
Q18020492	6000000069419567980
Q18020673	6000000182686749826
Q18020695	6000000025205154222
Q18020697	6000000065871900022
Q18020700	6000000031338864256
Q18020802	6000000181998813821
Q18020857	6000000002803019582
Q18020884	6000000091678572088
Q18020900	6000000114287929843
Q18021177	6000000026643881874
Q18021197	6000000026102351927
Q1802124	5105364854770082426
Q18021254	6000000012932415972
Q18021266	6000000007124748501
Q18021333	6000000024144430863
Q18021434	6000000114868373822
Q1802144	6000000000858551870
Q1802166	6000000072098145989
Q180217	6000000000414784753
Q18021757	6000000182993363842
Q1802197	6000000152211987886
Q180224	6000000008053054685
Q180232	6000000016830090471
Q18023202	6000000006568160025
Q1802471	6000000035893475129
Q18024939	6000000018221619273
Q180251	6000000073970941839
Q180252	6000000175374315151
Q18025673	6000000019750448403
Q18026184	6000000084049341967
Q18026618	6000000047641396952
Q18026624	6000000079799523546
Q180272	6000000003199841248
Q18027482	6000000023343219066
Q18027502	6000000013771770006
Q18027641	6000000023977761366
Q180278	6000000005391743406
Q180280	6000000177146446849
Q1802820	6000000185521233098
Q1802822	6000000174903576373
Q18028505	6000000082237932834
Q18028585	6000000049830377542
Q180288	6000000069135759093
Q18028886	6000000042895800226
Q180293	6000000007424801833
Q1802941	6000000019057455351
Q18029689	6000000013723413089
Q18029693	6000000176413342877
Q18029811	6000000019395151319
Q180299	6000000177938140840
Q18029986	6000000040176153571
Q1803014	6000000003891751166
Q1803028	6000000117130375900
Q1803038	6000000014037532682
Q1803043	6000000027175105885
Q1803048	6000000008680761714
Q1803058	6000000141014287216
Q1803090	6000000027937552787
Q180332	6000000007727408365
Q1803347	6000000026366650187
Q180336	6000000037336781140
Q180338	6000000015075023262
Q180350	6000000013029281890
Q18035577	6000000015462282220
Q18036063	6000000040548000859
Q1803668	6000000006970994211
Q1803739	6000000011310252149
Q180374	6000000002085533806
Q1803750	6000000015391663430
Q1803763	6000000041456942763
Q180377	6000000149062758839
Q180383	6000000008645325974
Q18038643	6000000010543124357
Q18038649	6000000088781959833
Q180398	5359618965860023001
Q180408	6000000173059242423
Q180409	6000000022914622434
Q1804121	6000000059737950877
Q1804147	6000000021553578549
Q18042407	6000000083669993491
Q18042427	6000000083989008847
Q18042474	6000000031559573234
Q18042505	6000000191410091823
Q18042586	6000000008835760962
Q18042615	6000000204551962122
Q18042711	6000000088719478018
Q18042724	6000000058613453478
Q18043158	6000000092903917881
Q18043465	6000000052073728181
Q18043556	6000000081069633115
Q18043561	6000000079004431904
Q18043579	6000000162676341917
Q18043587	6000000017875057476
Q18043610	6000000112857759846
Q18043621	6000000010683905798
Q18043758	6000000096342546036
Q18043776	6000000071446440061
Q18043812	6000000003502143018
Q18043974	6000000185286585858
Q18044015	6000000013060237642
Q1804404	4065371831520020645
Q180441	6000000010331147464
Q18044396	6000000036485799911
Q1804445	6000000084205551342
Q18044595	6000000018247628176
Q1804462	6000000019734953093
Q1804470	3838477
Q1804486	6000000006126959572
Q18045052	6000000040290001590
Q18045229	6000000138647420884
Q180453	6000000011595350419
Q180455	6000000007761170045
Q18045889	6000000043860099089
Q1804622	6000000017208335076
Q18046711	6000000076378759822
Q180468	6000000029301808788
Q1804701	6000000059407262839
Q18047187	6000000069277310978
Q1804720	6000000003219289512
Q1804736	6000000138514165821
Q1804816	6000000020408398913
Q1804845	6000000010745563696
Q18048611	6000000038702459519
Q1804894	6000000022712604653
Q18049029	6000000008725541807
Q1805034	6000000008258808023
Q180505	6000000002764734444
Q1805092	6000000038221655875
Q180513	6000000163740745986
Q1805174	6000000000246768773
Q18051835	6000000049827205273
Q1805194	6000000120894825862
Q1805326	6000000002764501840
Q180535	6000000077330439343
Q1805444	6000000003390227707
Q180545	6000000013377452759
Q1805473	6000000034962291066
Q1805476	6000000009583993876
Q1805538	6000000012697914834
Q180560	6000000024682471104
Q18056073	6000000004396616257
Q18056174	6000000015655899546
Q1805640	6000000005562363256
Q1805678	6000000010494280466
Q18057030	6000000130761769837
Q180574	6000000002188662237
Q18057585	6000000029047456001
Q1805791	6000000003052025310
Q180588	6000000064171487830
Q180589	6000000011177409367
Q1805893	6000000008502313065
Q1805897	6000000000136864452
Q1805898	6000000008134578877
Q1805926	6000000054836768961
Q1805943	6000000074720177822
Q1805958	6000000027684479467
Q1805976	6000000007325576019
Q1805994	6000000014450276938
Q1806030	6000000019585171359
Q1806038	6000000127143725231
Q1806040	6000000004177712936
Q1806047	6000000077805855081
Q180605	6000000166875187822
Q1806065	6000000017023125763
Q1806077	6000000109325521838
Q18060891	6000000011279127781
Q1806123	6000000002133205059
Q18061366	6000000069516911833
Q18061416	6000000048603713496
Q18061434	6000000069649841869
Q1806160	6000000024035208316
Q180619	6000000028207295043
Q1806201	6000000178818885860
Q1806208	6000000000694790532
Q1806216	6000000018960185727
Q18062224	6000000048587049821
Q1806229	6000000086769662892
Q1806230	6000000007452790610
Q18062444	4919473912480102300
Q180626	6000000020171479177
Q1806306	6000000005607119222
Q1806337	6000000056860675821
Q1806369	6000000001813250098
Q180639	6000000071654230005
Q1806411	1968787
Q180642	6000000023067225974
Q1806423	6000000020210969613
Q18064414	6000000022903152957
Q1806448	6000000028070075288
Q1806461	6000000026464781728
Q1806471	6000000058789851826
Q1806495	6000000123492139977
Q1806497	6000000177265244962
Q18065955	6000000049565286359
Q180661	6000000136545306843
Q180662	6000000002358983845
Q180665	6000000016292506189
Q1806663	6000000025460714365
Q18066887	6000000034061753233
Q1806729	6000000015129935575
Q18067546	6000000196321689846
Q18067589	6000000077653390600
Q18067629	6000000068865194865
Q18067647	6000000015639990742
Q18067655	6000000006201975410
Q18067683	6000000089451702833
Q18067684	6000000034734930407
Q18067696	6000000088672026897
Q18068307	6000000025328702845
Q18068312	6000000035739252988
Q1806908	6000000197298712844
Q18069531	6000000013301243958
Q1806966	6000000024569234235
Q1806985	6000000015085993394
Q1807063	6000000002425743186
Q18070757	6000000149682613821
Q1807081	6000000008889935401
Q1807087	6000000021957076511
Q1807090	6000000042107341371
Q180710	6000000026448873770
Q1807113	6000000176058993863
Q1807133	6000000030832258107
Q1807154	6000000004031814579
Q18071699	6000000019851780862
Q1807209	6000000035986605540
Q1807238	6000000017394918695
Q1807268	6000000000575435196
Q180727	6000000017629012919
Q1807299	6000000039528617108
Q180748	6000000016836106600
Q1807500	6000000017501684689
Q1807561	6000000032977391783
Q1807582	6000000086798045337
Q1807624	6000000159895710945
Q1807644	6000000010385307473
Q1807722	6000000009082698134
Q1807757	6000000072027918165
Q1807785	6000000022305709990
Q180780	6000000004177677983
Q1807877	6000000026889279525
Q1807897	6000000032535124693
Q18079590	6000000009991691772
Q1807972	6000000153576454821
Q1808022	6000000008459099700
Q1808024	6000000012402852000
Q1808028	6000000010131913286
Q1808039	6000000013631586080
Q1808076	6000000024805363917
Q180819	6000000004653495736
Q1808251	6000000021746494798
Q1808303	6000000003339782312
Q1808311	6000000004811102001
Q1808315	6000000025004196712
Q1808333	6000000030443811839
Q1808445	6000000174913270147
Q18084463	6000000060536675833
Q18084465	6000000030534187981
Q180850	6000000014476856568
Q18085389	6000000188679645913
Q18085420	6000000028088616559
Q18085467	6000000138608345089
Q18085491	6000000155646160831
Q18085632	6000000033722342268
Q18085649	6000000034102532962
Q18085759	6000000088708932840
Q18085988	6000000016156233919
Q18085998	6000000007313292323
Q18086040	6000000019864569796
Q18086073	6000000178725788863
Q180861	6000000015286822803
Q18086210	6000000157100919826
Q18086304	6000000057673511910
Q18086339	6000000150862138913
Q18086823	6000000023247227213
Q1808753	6000000003219652999
Q1808764	6000000017183803991
Q1808806	6000000012631898583
Q1808871	6000000016200382454
Q18088729	6000000017526374059
Q18088782	6000000000728605290
Q18088868	6000000011501763246
Q18088928	6000000089020426928
Q18089198	6000000182957058849
Q1808932	6000000002928722577
Q180896	4424761445740043332
Q1808965	6000000015153506816
Q18089665	6000000002908959932
Q18089665	6000000046072094852
Q18089669	6000000082556886949
Q1808967	6000000015210287976
Q180899	6000000096095202002
Q1809067	6000000035279725920
Q1809116	6000000008698718473
Q1809128	6000000149451816998
Q1809134	6000000015084699937
Q1809137	6000000028765580001
Q18091378	6000000020152403194
Q1809138	6000000042090992550
Q180914	6000000003163765803
Q1809148	6000000016342490849
Q1809151	6000000027823950790
Q1809167	6000000000152105220
Q1809178	6000000002370592459
Q1809188	6000000025154213941
Q180919	6000000006855422152
Q1809196	6000000075319064849
Q1809201	6000000065097821835
Q1809227	6000000006442284013
Q18092327	6000000080343461873
Q1809235	6000000012226639282
Q1809262	6000000123044749850
Q18092899	6000000023783688749
Q18092908	6000000017486729342
Q18093164	6000000036602844012
Q180932	6000000011877350534
Q18093379	6000000018441435630
Q18093381	6000000188219232825
Q18093445	6000000018119694534
Q18093474	6000000016194079672
Q18093540	6000000025720453421
Q18093775	6000000010335823270
Q180939	6000000153009820834
Q180942	6000000014304146404
Q1809430	6000000152804900838
Q1809435	6000000016569356819
Q1809438	6000000010964974913
Q1809504	6000000088793275445
Q1809511	6000000022409736272
Q1809524	4853515768410054894
Q1809542	6000000017832971552
Q1809560	6000000009362976698
Q1809582	6000000007171958203
Q180962	6000000005599052449
Q180966	6000000006487185005
Q18096648	6000000003493384763
Q1809673	6000000015116209477
Q180974	6000000078315192869
Q180975	6000000009255743180
Q18097962	6000000030332002962
Q18098209	6000000027032035327
Q18098211	6000000075798287863
Q18098252	6000000021314792171
Q1809836	6000000003084639535
Q18098392	6000000032669115280
Q1809850	6000000037570832089
Q1809867	6000000023515032039
Q18098681	6000000001342379566
Q1809888	6000000008207902307
Q180989	6000000011913272358
Q18099066	6000000105679740958
Q1809999	6000000143867004824
Q181	6000000080361749978
Q181006	6000000027883141470
Q1810089	6000000023454178393
Q1810115	6000000000698783839
Q1810121	6000000104493088845
Q18101458	6000000137331808872
Q181017	6000000020207796884
Q1810222	6000000071612395846
Q1810229	6000000002024105754
Q1810250	310944094990001504
Q1810276	6000000003491387634
Q1810317	6000000047884701907
Q18103242	6000000014653914197
Q18103260	6000000044188917407
Q18103618	6000000013279217499
Q1810364	6000000008652758950
Q18103687	6000000030908600976
Q1810374	6000000149513797821
Q18103797	6000000014159244881
Q18103995	6000000002976555605
Q1810407	6000000000961695064
Q1810423	6000000030867229380
Q1810503	6000000008700118210
Q1810538	6000000081270313824
Q18105444	6000000012369326666
Q1810553	6000000108166224822
Q18105639	388382743080005869
Q1810648	6000000193770811822
Q18106535	6000000014785535406
Q18106579	6000000014331459052
Q18106581	6000000017073248579
Q18106602	6000000080001307821
Q1810688	6000000003272779597
Q1810739	6000000179144203902
Q1810756	6000000179749467976
Q1810788	6000000179717840824
Q18107999	6000000016976210344
Q1810804	6000000015775329620
Q18108050	6000000016976320381
Q18108218	6000000016976312242
Q181083	6000000017473648793
Q18108306	6000000041126243712
Q18108349	6000000041126429462
Q1810850	6000000017651481874
Q1810851	6000000114335798832
Q18109014	6000000013053571563
Q18109024	6000000027290710881
Q18109072	6000000040337687253
Q18109082	6000000013521667703
Q18109124	6000000018355585124
Q18109200	6000000007668451244
Q18109216	6000000083649030347
Q18109235	6000000039031425189
Q18109261	6000000015545103879
Q1810975	6000000125654286865
Q18109767	6000000074788810578
Q18109775	6000000074685078024
Q18109913	6000000075612037106
Q18110133	6000000029598690304
Q18110186	6000000074704565755
Q18110192	6000000074751068855
Q18110198	6000000074705608866
Q18110319	6000000074744771449
Q18110553	6000000074791809894
Q1811082	6000000008922086105
Q18110840	6000000032261279949
Q18110861	6000000074789847821
Q18110971	6000000075345686821
Q18110985	6000000075345506013
Q18110988	6000000075345386985
Q18111327	6000000044134404440
Q18111444	6000000012967736423
Q18111629	6000000074791849864
Q181121	6000000000494645072
Q1811234	6000000001093951366
Q18112879	6000000050896069018
Q1811291	4255562
Q18113024	6000000019666104180
Q18113197	6000000003645734938
Q18113352	6000000016319540111
Q18113545	6000000006903320432
Q18113614	6000000008898923020
Q18113624	4298061
Q18113654	6000000008979498883
Q18113844	6000000025708858983
Q18113966	6000000083888812071
Q181140	6000000063820338861
Q1811424	6000000035011903644
Q18114424	6000000182732986855
Q181145	6000000038124218398
Q18114608	6000000196959901843
Q1811505	6000000013000528645
Q18115140	6000000114920827824
Q18115238	6000000004147633548
Q18115323	6000000047574077839
Q18115325	6000000035237386914
Q18115562	6000000014950015739
Q18115677	6000000016974143368
Q18115682	6000000145230002132
Q18115838	6000000073395583471
Q181162	6000000025445582451
Q1811631	6000000011725516719
Q18116724	6000000007033391285
Q1811681	6000000169837912863
Q18116817	6000000007032982448
Q1811690	6000000034145849209
Q1811707	6000000033975293882
Q1811775	6000000021037540711
Q18117924	6000000013385158789
Q18117953	6000000013968191583
Q18118106	6000000175324576206
Q1811844	6000000175153516565
Q18118591	6000000074770931940
Q18118838	6000000074705022027
Q1811907	6000000034856765042
Q18119219	6000000019146403868
Q18119420	6000000075326473976
Q1811951	6000000029426339404
Q18119599	6000000025636127765
Q1811960	6000000036058340778
Q1811970	6000000046716552821
Q1811977	6000000044926107836
Q18120405	5103660905140082685
Q18120775	316573034100003310
Q181208	6000000009428550248
Q18120837	6000000019356678780
Q18120873	6000000057771887079
Q18120894	6000000068940103869
Q18120934	6000000037894690760
Q1812124	6000000072231080932
Q1812128	6000000092939436942
Q1812129	6000000039394926576
Q1812135	6000000028481884229
Q18121470	6000000022701178442
Q18121523	6000000022701122079
Q18121528	6000000002188461565
Q18121714	6000000008115647336
Q18121722	6000000008298712084
Q18121727	6000000011137627234
Q18121735	6000000033252608106
Q1812176	6000000017864394062
Q18121898	6000000003827217649
Q1812196	6000000016605987284
Q1812209	6000000044593094895
Q1812225	6000000017313446215
Q1812284	6000000000880396413
Q181229	6000000178239161837
Q18122979	6000000106872282165
Q18123061	6000000041265419821
Q1812371	6000000032082602365
Q18123859	6000000032741277367
Q18123878	6000000176134461867
Q1812409	6000000001226232422
Q1812420	6000000057065987830
Q1812442	6000000076889962396
Q18124843	6000000074204698136
Q181249	6000000003418643487
Q18125309	6000000015325317760
Q1812538	6000000002447355778
Q1812574	6000000059377660904
Q18125798	6000000002889377562
Q181258	6000000020838654460
Q18125804	6000000009787602213
Q18126169	6000000031543456111
Q1812635	6000000020319409977
Q1812701	6000000006589243733
Q18127084	6000000003772381368
Q18127117	6000000010746985308
Q1812731	6000000018627041920
Q181282	6000000010433366792
Q18128789	6000000002529491630
Q18129036	6000000011667055395
Q1812921	6000000030735186900
Q18129650	6000000079360922320
Q1813000	6000000016870606616
Q1813030	6000000179193112883
Q1813039	6000000022552439189
Q18130550	6000000026025211386
Q1813074	6000000014252682611
Q1813217	6000000169751291825
Q1813292	6000000179164690840
Q181333	6000000008107038221
Q181334	6000000083430122625
Q1813369	6000000090307271884
Q1813389	6000000090358245316
Q1813409	6000000011686566949
Q1813557	6000000011361716592
Q181363	6000000030018140840
Q1813630	6000000017478182358
Q1813692	6000000177503838850
Q1813859	6000000021605754557
Q1813909	6000000029471289349
Q1813922	6000000184330430833
Q1813928	6000000046720196915
Q18140678	6000000001964403386
Q1814082	6000000180572220831
Q1814088	6000000034375058304
Q1814120	6000000017953496453
Q181413	6000000010443623581
Q1814182	6000000036666153480
Q1814186	6000000022569990040
Q1814210	6000000011635348484
Q1814297	6000000000047267273
Q1814305	6000000020506734022
Q181432	6000000021806833328
Q1814385	6000000017512865026
Q1814412	6000000047759323163
Q18145207	6000000069639523840
Q18145504	6000000090611823966
Q1814568	6000000050815852016
Q1814651	6000000011607263538
Q18146753	6000000016053864441
Q181474	6000000125162876923
Q1814746	6000000067146615991
Q1814763	6000000019164746973
Q18147815	6000000066750450943
Q18147994	6000000136978795948
Q1814817	6000000018156697389
Q18148194	6000000000250119420
Q18148459	6000000072189130721
Q18148573	6000000006986673899
Q18148695	6000000028355654356
Q181490	6000000018740169202
Q18149214	6000000002048334528
Q18149337	6000000009658003014
Q1814938	4793200691210042206
Q18149517	6000000046948514845
Q1814977	6000000011322959222
Q18149874	6000000060791705394
Q18149908	6000000003389251281
Q18150767	6000000003937884240
Q18151319	6000000039997725934
Q18151436	6000000003525898851
Q1815144	6000000010606499340
Q18151616	6000000050277073163
Q18151623	5242770295860065225
Q18151762	6000000001385462663
Q18152541	6000000074299829196
Q18152544	6000000040298605771
Q181529	6000000020773186224
Q181530	376474893600012956
Q18153192	6000000037323781210
Q18153261	6000000056934930875
Q18153557	6000000008066807154
Q18153925	6000000041813222628
Q18154294	6000000006252848889
Q18154659	5719518810390038317
Q18154838	6000000026177796099
Q181553	6000000005599082506
Q18155468	6000000001441012077
Q18155655	6000000008176750447
Q18155681	4665287227940038460
Q18155762	6000000006763614120
Q18155912	6000000018307641076
Q18155978	6000000003822613861
Q18156833	6000000000197525735
Q18156988	6000000004146120234
Q18157171	6000000040493411507
Q18157202	6000000022971618901
Q18157209	6000000000830290666
Q18157252	6000000185339311988
Q18157519	6000000067780075831
Q18157561	6000000012762482660
Q18157643	6000000002589843307
Q18157828	6000000022964169667
Q1815789	6000000054970560329
Q18158323	6000000000185455616
Q18158483	2071584
Q18158947	6000000198115490907
Q18159074	6000000050087720855
Q18159087	6000000018650536158
Q18159112	6000000026378270314
Q1815919	6000000064922854125
Q18159197	6000000046862759652
Q1815925	6000000015654028563
Q18159436	6000000017225819365
Q18159568	6000000004881930620
Q18159642	6000000113481696873
Q18159711	6000000059367878711
Q18159864	6000000048409118828
Q18160283	6000000015711572034
Q18160477	6000000027124434665
Q18160719	6000000135064248831
Q18160781	6000000004399254166
Q18160798	6000000049712408923
Q18161018	6000000026481982422
Q18161454	6000000024566082541
Q18161469	6000000024504487738
Q18161607	6000000002188489012
Q18161827	6000000171994591425
Q18162143	372413279020002979
Q181624	6000000024402880220
Q18162883	6000000121623722823
Q18162996	6000000004867686085
Q18163216	5245830026120065648
Q1816361	6000000077376353998
Q18163745	6000000119118376260
Q1816380	6000000026297743435
Q18164028	6000000081306573205
Q18164294	4845042024720139593
Q181643	6000000014936465132
Q18164454	4818364844810126322
Q18164975	6000000094615083889
Q18164988	6000000008200835646
Q18165040	6000000013057667278
Q18165114	6000000074759257245
Q18165133	6000000074715440840
Q18165134	6000000074715308877
Q18165157	6000000032129724574
Q181659	6000000010451125979
Q18165908	6000000012513125249
Q1816611	6000000000881261077
Q181662	6000000015907918507
Q181665	6000000014915032188
Q18166536	6000000042488022129
Q18166573	6000000033138110158
Q181667	6000000007776508092
Q1816685	6000000050838326055
Q18166963	6000000010781590487
Q18167060	6000000078136244081
Q18167283	6000000026177028807
Q1816737	6000000011841962040
Q1816759	6000000204960688828
Q181677	6000000081001962237
Q181678	6000000064776803857
Q18167805	6000000005087984820
Q18167845	6000000060403376827
Q18167846	6000000092665755183
Q18167858	6000000001087403029
Q18168033	6000000041066872507
Q18168476	6000000026377961545
Q181685	6000000016438950255
Q18168537	6000000121019196846
Q18168687	6000000057501851934
Q18168754	6000000017286896591
Q18169060	6000000068883725825
Q18169099	6000000156344957828
Q18169323	6000000016373428631
Q18169334	6000000014723527636
Q18169443	6000000006274579269
Q18169618	6000000011642160945
Q18169756	6000000087694840954
Q18169819	6000000175818842853
Q18169834	6000000006127824243
Q18169846	6000000007171145754
Q18169853	6000000017289386812
Q18169864	6000000000075956410
Q18169876	6000000017718751870
Q1816988	6000000216129095859
Q18170178	6000000166035874822
Q181707	6000000177078153823
Q18170757	6000000068651914149
Q18170953	6000000068810524944
Q181715	6000000017508524638
Q1817156	6000000021340219653
Q18171874	6000000052197105002
Q18171894	6000000176728625826
Q18172439	6000000061130833419
Q18172501	6000000105905057053
Q1817252	6000000038762647976
Q181727	6000000004593149808
Q181728	6000000014565475230
Q18172895	6000000192190046827
Q1817433	6000000144716721879
Q18175314	6000000003891557781
Q18175567	6000000005582279245
Q18175703	6000000174339167132
Q18175708	6000000040118195905
Q18175817	6000000052843349990
Q181763	6000000184462747823
Q18176766	6000000089007427126
Q18177069	6000000179878859831
Q1817726	6000000002764514793
Q181774	6000000014476639118
Q181786	6000000007324576600
Q181794	6000000068537435842
Q181799	6000000027634020614
Q1818044	6000000084502578004
Q1818054	6000000026050913702
Q1818057	6000000003186339044
Q181806	6000000016128930764
Q18180611	6000000018146247003
Q181814	6000000024156984172
Q181816	6000000001197423417
Q181819	6000000029257187832
Q1818206	6000000173113087538
Q18182603	6000000133390112932
Q181828	6000000019716454165
Q1818374	6000000071709450860
Q1818498	6000000021568914124
Q1818563	6000000002764501978
Q1818576	6000000097681106930
Q1818587	6000000059176533968
Q1818590	6000000081550611607
Q1818599	6000000052873591821
Q1818606	6000000007705257465
Q1818646	6000000022944046103
Q1818654	6000000019686131039
Q1818663	6000000002802365956
Q1818669	6000000177452816856
Q1818677	6000000134080859848
Q1818698	6000000168825530873
Q181870	6000000003146650582
Q18187055	6000000009385899071
Q1818718	6000000047864827837
Q1818729	6000000116744961850
Q1818740	6000000043331007073
Q181875	6000000006029142004
Q1818750	6000000038406604574
Q1818751	6000000031963967999
Q1818782	6000000037183491028
Q1818783	6000000041525648056
Q1818799	6000000179875456925
Q1818815	6000000014805308651
Q181885	6000000015793694040
Q1818859	6000000010094679364
Q1818869	6000000021048516856
Q181887	6000000009925575317
Q1818902	6000000111749473894
Q1818906	6000000041912682907
Q1818913	6000000020339087856
Q181894	6000000017548464747
Q1818941	6000000011715128823
Q1818968	6000000021968049349
Q1818972	6000000028390028560
Q1818973	6000000051100610821
Q1818980	6000000024146125265
Q1818983	6000000062999303836
Q181899	6000000019180564703
Q1818992	6000000010792446952
Q181900	6000000012877614872
Q1819011	6000000001413211182
Q18190130	6000000028242681488
Q1819021	6000000041640264697
Q18190443	6000000000821050051
Q1819079	6000000003915569300
Q1819083	6000000018098442633
Q1819087	6000000151332047849
Q18191222	6000000020044308336
Q18191257	6000000027917882464
Q1819131	6000000026053219335
Q18191317	6000000042576036095
Q181915	6000000001499208096
Q18191558	6000000001381487291
Q181917	6000000015133311583
Q1819178	6000000036220406554
Q1819181	6000000032795094874
Q1819192	6000000008548297183
Q181920	6000000026564803399
Q1819200	6000000027530537679
Q18192117	6000000007215531322
Q18192144	6000000009945399538
Q18192151	6000000061132593902
Q18192197	3999170242960035353
Q1819224	6000000009834443533
Q1819250	6000000024473606976
Q18192688	6000000003211872157
Q18192689	6000000003385245538
Q1819273	6000000096718315874
Q18192744	6000000016960254014
Q1819277	6000000109109548890
Q1819278	6000000114016246937
Q18193124	6000000070179882737
Q1819327	6000000057347721907
Q18193442	6000000017533703836
Q18193873	6000000209412153839
Q1819392	6000000031226542419
Q1819421	6000000070979621972
Q1819430	6000000023951692057
Q1819437	6000000001116441358
Q1819440	6000000083673072794
Q1819452	6000000142787403822
Q1819460	6000000011436381315
Q1819479	6000000001094625004
Q1819499	6000000017610814351
Q18195253	6000000011199562027
Q18195258	332565183970013466
Q18195259	6000000011205228382
Q181953	6000000020535286479
Q1819531	6000000037474990947
Q1819534	6000000045626147903
Q1819567	6000000011808947773
Q18195674	6000000012386415239
Q18195675	6000000002188508113
Q1819588	6000000173297645859
Q1819593	6000000071398407825
Q1819602	6000000020378608774
Q1819621	6000000181393432825
Q1819625	6000000007062966815
Q1819636	6000000077156223710
Q18196408	6000000023773518492
Q1819642	6000000067531140068
Q1819644	6000000053641002144
Q1819659	6000000018098592681
Q1819682	6000000020798826977
Q1819686	6000000041374600065
Q1819690	6000000004050697704
Q1819704	6000000009969073265
Q1819724	6000000008307184454
Q1819725	6000000175950326823
Q1819734	6000000009078228558
Q1819735	6000000009447354353
Q18197350	6000000015863466086
Q1819737	6000000014595129584
Q1819742	6000000048479226087
Q1819747	6000000019980084888
Q1819748	6000000037646037368
Q1819749	6000000008634350879
Q1819750	6000000021944581006
Q1819754	6000000082467796950
Q1819757	6000000046895505894
Q1819763	6000000015469227222
Q18197802	6000000082659083461
Q1819785	6000000036890404608
Q1819792	6000000004301415383
Q1819795	6000000009600828608
Q1819798	6000000026506823440
Q1819803	6000000037503073931
Q1819810	6000000011115857206
Q18198250	6000000074731247933
Q1819827	6000000190124327825
Q1819828	6000000027661996956
Q1819829	6000000027664259224
Q1819830	6000000002474291751
Q18198336	6000000016698354089
Q1819838	6000000007316928960
Q18198423	6000000075406311848
Q18198522	6000000075430563946
Q1819878	6000000060900689903
Q18198832	6000000076800426885
Q1819898	6000000023810031910
Q1819900	6000000178556226840
Q1819904	6000000016370162841
Q18199092	6000000027032846889
Q1819910	6000000041537277877
Q1819912	6000000099462008849
Q1819914	6000000015279735488
Q1819916	6000000073818427981
Q1819920	6000000117841107846
Q18199374	6000000006114089260
Q18199458	6000000014663871433
Q181995	6000000029359526873
Q18199529	6000000013669095082
Q18199715	6000000002764373404
Q18199896	6000000058251928307
Q1820013	6000000031569570094
Q1820026	6000000102667515925
Q18201421	6000000168183691357
Q18201526	6000000016464959260
Q182021	6000000000851442057
Q18202135	6000000002685537457
Q18202182	6000000057586943883
Q18202386	6000000198337606835
Q18202434	6000000006127928629
Q18202439	6000000006943450015
Q18202652	6000000017102782436
Q18202658	6000000002802601467
Q182028	6000000015628825667
Q182031	6000000041308122034
Q18203277	6000000000907497957
Q18203409	6000000017899038344
Q182035	6000000034317464834
Q18203720	6000000017199167270
Q18203721	6000000016529831134
Q18203735	6000000023406500354
Q18203937	6000000179202897868
Q1820399	6000000012826954759
Q1820417	6000000008745717125
Q18204273	6000000025169726861
Q182043	6000000030813077504
Q18204370	6000000036144319724
Q18204511	6000000017079441233
Q18204525	6000000014505675575
Q18204576	6000000090491698404
Q18204781	6000000040611908040
Q18204788	6000000032027307120
Q1820504	6000000014320889774
Q18205102	6000000007302939295
Q18205106	6000000008356210537
Q18205146	6000000068236715924
Q18205271	6000000042149479012
Q18205662	6000000000864066685
Q18205662	6000000033110710706
Q18205964	6000000009440231072
Q18206122	6000000027241725243
Q18206152	6000000029452282848
Q18206165	6000000003583024162
Q18206295	4872691896350057281
Q18206483	4665190234460070932
Q18206709	6000000116413798839
Q18206756	6000000083420818002
Q18206823	6000000054696251048
Q18206929	6000000001493290690
Q18207046	6000000042829022259
Q18207139	6000000002648490382
Q1820715	6000000016168503402
Q1820724	6000000159264510852
Q18207300	6000000075934011970
Q18207301	6000000076471478834
Q18207504	6000000079861708259
Q18207527	6000000076685074060
Q18207689	6000000030569461570
Q18207913	6000000040340304018
Q18208500	6000000114741138835
Q1820851	6000000033438467341
Q182086	6000000166886210867
Q18210157	6000000176474619841
Q182104	6000000013743706215
Q18211036	6000000176844866886
Q18211057	6000000042484466594
Q18211504	6000000007067952062
Q18211858	6000000096062062821
Q182123	6000000032972022151
Q182128	6000000015210319512
Q18214195	6000000000281235689
Q18214910	6000000026954681089
Q18215244	6000000197219986011
Q18215436	6000000007970092390
Q18216781	6000000017267935765
Q18216841	6000000167962875215
Q18216854	6000000028522887926
Q18216883	6000000024731350540
Q18216888	6000000015381270067
Q18216908	6000000015721650999
Q18217076	6000000050362559952
Q18217100	6000000037196439228
Q18217102	6000000081179706130
Q18217227	6000000081366715034
Q18217273	6000000056431748995
Q18217279	6000000002898215801
Q18217282	6000000019354550110
Q18217318	6000000019774498099
Q18217393	6000000047908384319
Q18217401	6000000094038096844
Q18217705	6000000060595538825
Q1821774	6000000001563222356
Q18218106	6000000140230574852
Q1821813	6000000008199294624
Q18218160	6000000009054120578
Q18218208	6000000000986717202
Q1821847	6000000075247903928
Q1821849	6000000006419272204
Q1821853	6000000078781255218
Q1821872	6000000001633520297
Q1821875	6000000078360691481
Q1821888	6000000018699989539
Q1821898	6000000010172720893
Q1821930	6000000005071241255
Q1821937	6000000007037307526
Q18219719	6000000083915650113
Q1822069	6000000009835360567
Q1822076	6000000022918273979
Q1822083	6000000013742993855
Q1822090	6000000042132842134
Q1822096	6000000015323750684
Q18221081	6000000019478387150
Q1822110	6000000116182689838
Q1822114	6000000042380798867
Q18221145	6000000022588595309
Q18221174	6000000096144580102
Q18221191	6000000112664070012
Q18221203	6000000027197743363
Q1822124	6000000019496738941
Q18221264	6000000034455668453
Q18221275	6000000124755229821
Q1822136	6000000179991626859
Q18221369	6000000002918144919
Q18221378	6000000029988620604
Q1822138	6000000009385442194
Q18221411	6000000030023667826
Q18221435	6000000010923720466
Q18221446	6000000040475262331
Q18221495	6000000066497372850
Q1822150	6000000003681236609
Q1822153	6000000013261419863
Q18221545	6000000034732795477
Q1822157	6000000009561024976
Q18221589	6000000078082236183
Q1822160	6000000019453773195
Q18221617	6000000073396539064
Q18221628	6000000086154027831
Q18221655	6000000048125569255
Q18221690	6000000123909638017
Q18221696	6000000048385631135
Q1822171	6000000002801529308
Q1822173	6000000103547642871
Q1822176	6000000029744513021
Q18221771	6000000011238712054
Q18221909	6000000010694380778
Q18221916	6000000090275832893
Q18221940	3907175
Q18221960	6000000156128636853
Q18221989	6000000168184186942
Q18221991	6000000024916180385
Q18222010	6000000069558168836
Q18222152	6000000014608237127
Q18222262	6000000020761140643
Q18222288	6000000015986095305
Q18222289	6000000003198274357
Q18222301	6000000052096583898
Q18222346	6000000141903849914
Q18222357	6000000017634444209
Q18222590	6000000016909062413
Q18222598	6000000027108092165
Q18222659	6000000028892825707
Q1822266	6000000041131177042
Q18222686	6000000166011708926
Q18222773	6000000003624255739
Q18222774	6000000145954705015
Q18222817	6000000071448935841
Q18222844	6000000008230821565
Q18222870	6000000015640096212
Q182229	6000000028691871222
Q18222932	6000000178406176899
Q18222974	6000000177620538848
Q18222978	6000000043440680021
Q18223052	6000000103275253306
Q18223070	6000000026814825977
Q18223143	6000000155794418869
Q18223164	6000000156217669821
Q18223206	6000000011485500771
Q18223247	6000000138901400618
Q18223254	6000000184614297942
Q18223265	6000000024887556807
Q18223313	6000000183367478841
Q18223345	6000000179589193878
Q18223386	6000000145236438991
Q18223418	6000000048151821301
Q18223445	6000000034088263232
Q18223458	6000000163787352822
Q18223469	6000000075798063996
Q18223480	6000000145246918034
Q18223520	6000000080501176927
Q18223536	6000000166671820828
Q18223564	6000000163832457849
Q18223617	6000000076670488268
Q18223619	6000000208817908858
Q18223781	6000000191706328832
Q18223807	6000000002188429007
Q18223880	6000000041146904877
Q18223910	6000000076669063660
Q18223979	6000000041410800947
Q18223984	6000000157397138823
Q18223991	6000000145404310827
Q18224039	6000000020998572004
Q18224058	6000000061834869331
Q18224079	6000000099952101828
Q18224101	6000000152499046911
Q18224143	6000000031154810804
Q18224226	6000000178579191827
Q18224251	6000000010955478761
Q18224262	6000000131558750928
Q18224293	6000000026186885957
Q18224485	6000000167358692093
Q18224487	4601044353220055819
Q18224677	6000000166462191823
Q18224780	6000000067729069027
Q18224790	6000000004588980072
Q18224896	6000000182710681844
Q182249	6000000001462339943
Q18224959	6000000005441428986
Q18225013	6000000019533408636
Q18225042	6000000012298988712
Q18225141	6000000006110275046
Q18225218	6000000005737711898
Q18225545	6000000055997854822
Q18225590	6000000001496185275
Q1822568	6000000074690458975
Q18225776	6000000038733201970
Q18225930	6000000040560551099
Q18225946	6000000014713292472
Q182260	6000000030831401471
Q18226077	6000000011158843336
Q18226094	6000000029419168662
Q18226106	6000000107625309248
Q18226140	6000000109020829957
Q18226161	6000000035532904672
Q18226163	6000000059258185907
Q1822625	6000000031015036695
Q18226277	6000000019167286876
Q18226287	6000000090934227985
Q18226341	6000000005738124179
Q18226567	6000000075344513850
Q18226570	6000000075343945130
Q18226861	6000000148988217997
Q1822742	6000000037622872042
Q182276	6000000013094426044
Q18228501	6000000000307249398
Q18228538	6000000143259840856
Q1822869	6000000039335701551
Q18228691	6000000001606231130
Q1822919	6000000002562469601
Q182292	6000000001658276905
Q1822921	6000000004646276636
Q18230662	6000000006079172500
Q1823082	6000000178995281849
Q18233222	6000000037623339989
Q18233258	6000000078702004099
Q18233302	6000000000348799039
Q18233310	6000000005737884546
Q18233377	6000000075425144827
Q18233485	6000000032009642601
Q18233538	6000000175829755834
Q18233687	6000000027528674471
Q18233704	6000000018529870712
Q18233755	6000000016750085790
Q18234730	6000000074749125949
Q18234735	6000000074748910102
Q18234742	6000000074749230891
Q18235152	6000000075343794214
Q18235426	6000000006127971055
Q18235635	6000000179719421822
Q18235811	6000000050749984907
Q182360	6000000030164179038
Q18236201	6000000075402035918
Q18236212	6000000074738972898
Q1823639	6000000000240783818
Q18236390	6000000075345491899
Q18236398	6000000075345161026
Q18236401	6000000075345906893
Q18236461	6000000037690086614
Q18236529	6000000023339184289
Q18236826	6000000176050078822
Q18237101	6000000018441196911
Q18237137	6000000088126449839
Q18237154	6000000021847843829
Q18237174	6000000027388702060
Q18237187	6000000033982693340
Q18237192	5464050896720064579
Q18237234	6000000029246326892
Q18237239	6000000053439871835
Q18237358	6000000019928138697
Q18237361	6000000184199255827
Q18237362	6000000027449167690
Q18237366	6000000027358970033
Q18237378	4072076307820021146
Q18237392	6000000037337760201
Q18237404	6000000171917244847
Q18237432	6000000018571281120
Q18237434	6000000035071848870
Q18237455	6000000017200999481
Q18237462	6000000019217013952
Q18237465	6000000025122483953
Q18237469	6000000015729938900
Q18237472	6000000019008456418
Q18237476	6000000025122193378
Q18237491	6000000007909569818
Q18237547	6000000018042664944
Q18237556	347671853840007050
Q18237558	6000000005441697451
Q18237561	6000000017835734512
Q18237606	6000000064165832867
Q18237610	297793861990005446
Q18237614	6000000013329540128
Q18237706	6000000024887265143
Q18237712	334697887040004405
Q18237772	6000000011587541731
Q18237779	6000000007706887235
Q18237783	6000000006590108939
Q18237846	4933837125870107552
Q18237847	6000000018834561053
Q18237920	6000000173167894058
Q18237929	6000000137612373957
Q18237972	6000000008897418003
Q18237983	6000000034415270504
Q18237984	6000000003647224445
Q18237989	6000000009034004152
Q18237993	6000000064639771251
Q18238021	6000000020529591737
Q18238024	6000000034810875571
Q18238085	5450460111070020091
Q18238092	6000000019147937370
Q18238099	6000000112089386827
Q18238102	6000000010762676675
Q18238113	6000000023820717363
Q18238139	6000000028139422507
Q18238164	6000000007191894051
Q18238178	6000000003624801311
Q18238204	6000000014513606033
Q18238215	6000000055674169843
Q18238225	6000000016251652680
Q18238243	6000000074904143843
Q18238257	6000000005951885355
Q18238310	6000000007395938799
Q18238379	6000000073830755031
Q18238418	6000000015677552643
Q18238465	6000000020414746237
Q1823850	6000000017504724377
Q18238508	6000000019276503228
Q18238513	6000000012667962939
Q18238518	6000000024889454881
Q18238520	4075305859650059762
Q18238546	6000000012620712180
Q18238551	6000000024317019518
Q18238554	6000000018607867278
Q18238575	6000000009242901788
Q18238586	6000000014536853399
Q18238605	6000000077326832171
Q18238650	6000000026369681304
Q18238679	6000000039139037363
Q18238701	6000000003305220986
Q18238716	6000000013162537850
Q18238737	6000000014466527982
Q18238784	6000000109542122832
Q18238788	6000000034438763073
Q18238936	6000000000074532895
Q18238991	6000000001238629448
Q18239001	6000000054416244956
Q18239125	6000000040651279047
Q18239134	6000000007231095738
Q18239179	6000000056801441286
Q1823970	6000000026433981296
Q1823989	6000000179167170836
Q1824118	6000000172044464226
Q1824124	6000000014272466120
Q18241522	6000000009724394407
Q18241964	6000000028847769084
Q18241974	6000000000781220109
Q18241989	6000000066833419937
Q18242	6000000054882606083
Q18242003	6000000036457201888
Q18242075	6000000009404972599
Q18242078	6000000036648883008
Q18242082	6000000000452340980
Q18242211	4843531014770086485
Q18242272	6000000008496904767
Q18242279	6000000007993762829
Q18242297	6000000194721875823
Q18242314	6000000042992697924
Q18242476	6000000006127484618
Q18242509	6000000000726791357
Q18242582	6000000010047593653
Q1824260	6000000008594758691
Q18242701	6000000038174730215
Q18242713	6000000109339729898
Q18242716	6000000018968444941
Q18242746	6000000196818132831
Q18242858	6000000008260785334
Q18242954	6000000011910191550
Q18243	6000000003282778014
Q18243015	6000000006970170321
Q182431	6000000010907010264
Q18243113	6000000117890682823
Q18243134	6000000006881493990
Q18243139	6000000014566647109
Q18243154	6000000008649623150
Q18243229	6000000017897104484
Q18243241	6000000080652573920
Q18243303	4793172560290067747
Q18243317	6000000017863083057
Q18243375	6000000014993280045
Q18243407	6000000056851515821
Q18243434	6000000039482654684
Q18243599	6000000039929008544
Q18243686	6000000023025001711
Q18243720	6000000010931006622
Q18243725	6000000031938823882
Q18243788	6000000092247481881
Q18243835	6000000015229099520
Q18244009	6000000023314272241
Q18244044	6000000011658534804
Q18244082	6000000031161510911
Q1824411	6000000013649731825
Q18244174	6000000031123463625
Q18244184	6000000081315077606
Q18244204	6000000005961232305
Q18244278	6000000173718704026
Q18244342	6000000001531702391
Q18244393	6000000017679575158
Q18244409	6000000012015084696
Q18244458	6000000008425044012
Q18244465	6000000018547201473
Q18244530	6000000057089423083
Q18244555	6000000020882809831
Q18244634	6000000195349528851
Q18244640	6000000023156258019
Q18244671	6000000023173876912
Q18244725	6000000008496908677
Q18244828	6000000170411948832
Q18244839	6000000107655145840
Q18244870	6000000066365645839
Q18244921	6000000001317734596
Q18244949	4393526801860123234
Q182450	6000000015920783466
Q18245091	6000000030564420534
Q182451	6000000136539386099
Q18245110	6000000008697945248
Q18245111	6000000151445880128
Q18245117	6000000021869700937
Q18245121	6000000008631992088
Q18245129	6000000026166806101
Q18245131	6000000105438536985
Q18245133	6000000021870911443
Q18245139	6000000023498638206
Q18245141	6000000016518309883
Q18245144	6000000016518289958
Q18245148	6000000021865804663
Q18245151	6000000006578994365
Q18245252	6000000011510360242
Q1824532	6000000014268219321
Q18245330	6000000020668017789
Q18245331	6000000000190381540
Q18245346	6000000079536997139
Q18245356	6000000010557030595
Q18245385	6000000011299280334
Q182454	6000000027256441901
Q18245411	6000000002450635288
Q18245414	6000000000170210434
Q18245481	6000000064681251833
Q182455	6000000012283459413
Q18245508	6000000006127453141
Q18245511	6000000006127473966
Q18245534	2340948
Q18245546	6000000018555191266
Q18245561	6000000007518249308
Q18245666	6000000127821721038
Q18245690	6000000031800467989
Q18245695	6000000193612254851
Q18245715	6000000032950059435
Q18245754	6000000015741762018
Q18245758	6000000015741675294
Q18245826	6000000036629520226
Q18245985	6000000011376549925
Q18245986	6000000018529782228
Q18246069	6000000001333706012
Q18246073	6000000001271803086
Q18246090	6000000014495916541
Q18246118	6000000007225624201
Q18246182	6000000008212227437
Q182462	6000000028012789773
Q18246228	6000000058811410098
Q18246289	6000000046341940526
Q18246320	6000000083231146573
Q18246367	6000000024594492256
Q18246375	6000000008862291381
Q18246402	6000000025791738327
Q18246406	6000000028704691558
Q18246408	6000000078843067061
Q18246424	6000000011690307257
Q18246442	6000000003673748157
Q1824645	6000000062392224902
Q18246497	6000000041168196293
Q18246507	1254169
Q18246541	6000000012866195808
Q18246582	6000000037885849954
Q18246670	6000000039197861310
Q18246687	6000000007959984785
Q18246691	6000000007523928357
Q18246749	6000000017896911743
Q18246912	6000000067085016848
Q18246915	6000000083674512758
Q1824724	6000000049609888247
Q182485	6000000013664212404
Q182486	6000000007681211304
Q18249300	6000000005855362009
Q18249355	6000000007008515471
Q18249392	6000000077368210355
Q18249401	6000000121930339001
Q18249424	6000000006198918223
Q18249513	6000000004097657764
Q1824953	6000000128638348146
Q18249571	6000000185513412034
Q1824962	6000000023526618374
Q18249743	6000000028256811364
Q1824980	6000000009394468698
Q1825004	6000000112952392973
Q1825044	6000000014191148016
Q1825060	6000000057184884851
Q182509	6000000014510958968
Q1825203	6000000062032158900
Q1825205	6000000014260078062
Q1825280	6000000037364667400
Q182543	6000000003939894697
Q182546	6000000010636990983
Q1825466	6000000107144760827
Q1825614	6000000031055529387
Q1825636	6000000039708296048
Q1825652	6000000018761559240
Q1825659	6000000078568637542
Q1825689	6000000014223365901
Q1825747	6000000043602042934
Q182580	6000000001433283018
Q1825813	6000000021303577036
Q1825821	6000000012666503478
Q1825849	6000000037914888390
Q1825872	6000000017477806669
Q182589	6000000012547480408
Q1825890	6000000037300007170
Q1825896	6000000007123015502
Q1826109	6000000064675903981
Q1826152	6000000173686853821
Q1826250	6000000020867874641
Q1826363	6000000034042014346
Q182637	6000000001465721422
Q1826388	6000000177998329822
Q182642	6000000015365631437
Q1826522	6000000183286517827
Q1826534	6000000002013408277
Q182655	6000000010602559408
Q182658	6000000017796873666
Q1826588	6000000017478859059
Q182663	6000000020267239314
Q182664	6000000011874357000
Q182665	6000000076626249381
Q1826785	6000000006762700134
Q1826849	6000000022424405663
Q1826885	6000000015916702592
Q1826895	6000000015181696644
Q1826958	6000000145381374882
Q1827000	6000000009743778857
Q182701	6000000039966889860
Q182715	4554169240110066619
Q1827206	6000000000823680272
Q1827227	6000000000235352286
Q1827235	6000000002653788881
Q1827236	6000000018984120151
Q1827244	6000000010934026250
Q182725	6000000012785282640
Q1827264	6000000011134135424
Q1827266	20596
Q1827287	6000000056867815266
Q182730	6000000012502050447
Q18274268	6000000005573763063
Q18274572	6000000019868276807
Q18274626	6000000009112734688
Q18274658	6000000052730630839
Q18274678	6000000076069529897
Q18274726	6000000040572113428
Q18274731	6000000036456503442
Q18274736	6000000016228816954
Q18274740	6000000021123131524
Q18274745	6000000017875239878
Q18274786	6000000012122008609
Q18274805	6000000021892153429
Q18274811	6000000021559362418
Q18274820	4533036295450039856
Q18274832	6000000172219997733
Q18274864	6000000022491447896
Q18274894	6000000002942243917
Q18274898	6000000010555321545
Q18274909	6000000024034967175
Q18274911	4628424634520010066
Q18274914	4626146496430038917
Q18274965	6000000035215115022
Q18274985	6000000006127607090
Q18274997	6000000132080188826
Q18275031	6000000016176464141
Q18275056	6000000057188098883
Q18275172	4402533456770040998
Q18275178	6000000008450399811
Q18275299	6000000015331492816
Q18275567	6000000007151099425
Q18276184	6000000034517470978
Q18276209	6000000034583495940
Q18276231	6000000039183103483
Q182763	6000000058542473041
Q18276331	6000000034720358805
Q18276333	6000000020329991339
Q18276432	6000000028183383448
Q18276586	6000000020247446315
Q18276627	6000000186087854206
Q18276659	6000000012229243729
Q18276730	6000000089133151862
Q18276739	6000000010895847493
Q18276810	6000000047670381907
Q1827704	6000000013131700138
Q1827729	6000000181015519831
Q18277495	6000000049287936971
Q18277548	6000000003426658154
Q1827758	6000000023911771244
Q18277809	6000000180285165884
Q182779	6000000006653861012
Q18277901	6000000003051267456
Q18277902	4487967036540047085
Q18278010	6000000194600013855
Q182781	6000000010269519914
Q182784	6000000117819571946
Q18278419	6000000019336084486
Q18278530	6000000006931339184
Q18278555	6000000025439359665
Q18278601	6000000024596646446
Q182788	6000000003272199864
Q1827902	6000000034236529480
Q1827917	323025972940001113
Q1827933	6000000008441537156
Q1827950	6000000001048565173
Q1827951	6000000020723680252
Q18279577	6000000223310483931
Q18279747	6000000035196825387
Q18279856	6000000152734353889
Q18280056	6000000068527709425
Q18280149	6000000018232215368
Q18280159	6000000036489741755
Q18280229	6000000024013974076
Q18280346	6000000041584101657
Q18280368	6000000022013810241
Q18280393	6000000024381500229
Q182804	4047843372390128042
Q18280442	6000000028399550769
Q18280505	6000000209742398840
Q18280562	6000000179883751822
Q18280580	6000000183976714017
Q18280669	6000000038219426383
Q18281095	6000000000386132715
Q1828224	6000000016331176610
Q182834	6000000001703376018
Q18284008	6000000019902371865
Q182847	6000000024589785860
Q18285	6000000012622610236
Q18285192	6000000021119859475
Q18286338	6000000131773558900
Q18286694	6000000001699438521
Q18286706	6000000000073447369
Q1828686	6000000060010074916
Q182870	6000000177236385834
Q1828731	6000000007950158572
Q18287937	6000000006817746007
Q18288013	6000000156221175833
Q182882	6000000012366233513
Q18289071	6000000023650545883
Q18289099	6000000088077910835
Q18289499	6000000180008153845
Q182904	6000000041453836060
Q182905	6000000035193074874
Q182907	6000000136771260944
Q1829148	6000000020908341182
Q182921	5474663705340111083
Q1829232	6000000016127414480
Q18294655	6000000024831783125
Q1829603	6000000013959492759
Q182964	6000000007634528768
Q182977	6000000019290653843
Q1830	6000000017547853360
Q183007	6000000021200739165
Q183031	6000000011914289355
Q1830351	6000000180606688848
Q183043	6000000064594705884
Q183059	6000000017474158212
Q1830716	6000000031880966987
Q183074	6000000030605071308
Q183085	6000000003231023850
Q183087	6000000015736819428
Q183092	6000000003480861847
Q183094	6000000015423748298
Q183099	6000000177025216823
Q183105	6000000003583622692
Q183108	6000000178602478835
Q183141	6000000028394182714
Q1831591	6000000024713354125
Q183167	6000000015531791894
Q1831686	6000000053258974967
Q183178	6000000013975858033
Q183181	6000000012512719467
Q183182	6000000004707085011
Q183187	6000000011174569309
Q1832126	6000000021035340390
Q183221	6000000011869058710
Q1832255	6000000027175471972
Q183226	6000000001841299775
Q1832274	6000000016005934821
Q1832279	6000000178627671825
Q1832327	6000000070477912345
Q18324185	6000000074770844080
Q183245	6000000013403602589
Q18324563	6000000009526898127
Q183246	6000000010103752231
Q18324601	6000000006582542971
Q18324628	6000000176082743934
Q18324767	6000000001955468241
Q183250	6000000151328069054
Q18325071	6000000040521398051
Q18325075	6000000002803005191
Q18325171	6000000056397661821
Q183253	6000000002958749754
Q18325581	6000000006418614804
Q18325587	6000000071374572915
Q18325706	6000000164236796844
Q18326036	6000000008899932260
Q18326058	6000000012641538298
Q18326066	6000000003274794856
Q18326113	6000000005230642398
Q18326118	6000000006351173172
Q183266	6000000012839179877
Q1832689	6000000007161952393
Q183274	6000000012975442486
Q18327563	6000000077852004908
Q18327576	6000000198185812834
Q18327580	6000000158913708821
Q18327734	6000000010996344398
Q18327785	6000000024144325185
Q183279	6000000041308279620
Q18328050	6000000078885867598
Q18328124	6000000001457787940
Q183297	6000000001845624978
Q18330804	6000000021010898088
Q1833081	6000000002929488279
Q18330884	6000000077987578269
Q18330933	6000000020528307276
Q18330935	6000000152618905833
Q18330944	6000000006595581714
Q18330952	6000000009392477991
Q18330960	6000000013433676731
Q18331069	6000000162315452861
Q18331084	6000000007444428391
Q18331097	6000000032421886116
Q18331143	6000000009481177755
Q18331145	6000000007366106280
Q18331176	6000000078589613946
Q18331279	6000000145766856852
Q18331358	6000000012597264491
Q18331546	6000000013727436333
Q18331564	6000000073903107821
Q18331587	6000000057076881036
Q18331599	6000000023196877379
Q18331740	6000000049238039969
Q18331870	6000000016624442856
Q18331958	6000000002802297617
Q18333062	6000000039671769561
Q18333148	6000000001862931791
Q18333233	6000000017198361489
Q18333367	6000000174142947527
Q18333590	6000000084956013948
Q183337	6000000013266267741
Q18333710	6000000010963578882
Q18333826	6000000035138492829
Q18333874	6000000011471431863
Q183340	6000000003316962749
Q18334021	6000000090372749985
Q18334452	6000000134668422901
Q18335039	6000000036659441913
Q18335074	6000000029134704423
Q18336409	6000000025415488308
Q18336419	6000000040256820377
Q1833663	6000000083764522932
Q183372	6000000043865308994
Q18337844	6000000011364806647
Q18337893	6000000015851100387
Q18337897	6000000006706289819
Q183382	6000000076688535534
Q18338222	6000000037661308912
Q18338434	6000000037844358701
Q1833845	6000000010103693526
Q183397	6000000089062774844
Q18339903	6000000000925188328
Q18340221	6000000068589779839
Q18340232	6000000041922782646
Q18340781	6000000045525125898
Q18341118	6000000174823319029
Q18341140	6000000105524647867
Q18341210	6000000037718153910
Q18341353	6000000012708635307
Q1834153	6000000021001200857
Q18341540	6000000001861757160
Q18341757	6000000014190705410
Q18341758	6000000014192503912
Q18342199	6000000105920612954
Q18342274	6000000026052797394
Q18342407	6000000090560253849
Q18342451	6000000146824118094
Q18342469	6000000065220589826
Q18343045	6000000031066884878
Q18343153	6000000019214375214
Q18343354	6000000004977044669
Q18343861	6000000020894972003
Q18343874	6000000002799049604
Q18343931	6000000037189085421
Q18343976	6000000021626803687
Q18344368	6000000009385672052
Q183451	6000000007424658312
Q18345927	6000000008138386056
Q18346139	6000000043438413791
Q18346640	6000000069541234142
Q18346731	6000000000567754205
Q18346732	6000000107460496895
Q183469	6000000031810163972
Q18346926	6000000075789021149
Q18347113	6000000006636594711
Q18347681	6000000024919374741
Q183478	6000000015159359752
Q18348051	6000000000307247082
Q18348569	6000000073734370344
Q183492	6000000065587077200
Q18350026	6000000055103294901
Q18350267	6000000015507894932
Q183509	6000000014200399780
Q18350966	6000000185598353151
Q18351695	797068
Q18351886	6000000000251527683
Q18352661	6000000035830952143
Q18352667	6000000141077815832
Q18352679	6000000048925648405
Q183528	6000000016034697420
Q18352954	6000000016071831220
Q183532	6000000010840767272
Q18353327	6000000012557038266
Q18353490	6000000039454626301
Q183541	6000000004142594282
Q183542	6000000008091742370
Q18354392	6000000077733655370
Q18354506	6000000113545740092
Q18354976	6000000067739857990
Q183550	6000000019603793812
Q18355383	6000000021659954178
Q18355615	6000000077665468874
Q18356049	6000000018513993999
Q18356055	6000000185066585833
Q18356217	6000000005428599831
Q18356328	6000000116383437823
Q18356530	6000000176069763831
Q1835663	6000000028960637037
Q183567	6000000046031611115
Q18357321	6000000003721917736
Q18357523	6000000007922596514
Q183577	6000000035198897686
Q18357775	6000000115262771821
Q183579	6000000006101459302
Q18358949	6000000035500048856
Q18359093	6000000042939575673
Q1835935	6000000015231187255
Q1836220	6000000179155241822
Q18363	6000000000699132870
Q183631	6000000029950637655
Q1836436	6000000018558301776
Q1836542	6000000027289193415
Q18365433	6000000158132438822
Q183655	6000000029961984466
Q1836717	6000000115414852153
Q183679	6000000029957408958
Q18370164	6000000006354659421
Q183703	5271476404650121693
Q1837116	6000000076014245844
Q183713	6000000017436711739
Q1837471	6000000006444755560
Q1837586	6000000017571995341
Q1837756	6000000179145777826
Q1837775	6000000003209213933
Q1837783	6000000025229704433
Q18378179	6000000010007383698
Q1837891	6000000014220500900
Q18378925	6000000071018635038
Q18379272	4451964256960088213
Q18379325	6000000016618720411
Q18379763	6000000022756256917
Q18379772	6000000002901226727
Q18379811	6000000002299031477
Q18379895	6000000013969615950
Q1838049	6000000222606763866
Q1838176	6000000015407767872
Q183848	6000000112398650822
Q18384895	6000000014918765799
Q18385367	6000000012441144903
Q18385383	6000000080648587191
Q18386171	6000000010113342444
Q18386864	6000000042707761883
Q18387409	6000000006412888028
Q1838748	6000000018423397422
Q18387831	6000000006994105273
Q18387943	6000000175805724851
Q18388195	6000000056178298850
Q18389210	6000000016596608462
Q18390175	6000000058878267892
Q18390345	6000000010492390359
Q18390731	6000000008863811304
Q18391	6000000002431535109
Q18391074	6000000029152938028
Q18391413	6000000013693395001
Q18391696	6000000075610335422
Q1839208	6000000021088506394
Q18392091	6000000008025646132
Q18392528	6000000008116172237
Q1839359	6000000019509821757
Q18394104	6000000016396040950
Q18394219	6000000028626197238
Q18394229	6000000002318299942
Q18394233	6000000050820590939
Q18394318	6000000039307415938
Q18394907	6000000017073022784
Q18394958	6000000029308826268
Q18394981	6000000041629593938
Q18394997	6000000000733247372
Q1839503	6000000151361264860
Q1839513	6000000020054719034
Q18396627	6000000020734012062
Q18396758	6000000079644784360
Q18396851	6000000068059338897
Q18396984	6000000007549189097
Q18397062	6000000015613452433
Q18397111	6000000005441387364
Q18397351	6000000085241660886
Q18397552	6000000151332988894
Q18397580	6000000069655843834
Q18397602	6000000069717061399
Q18397640	6000000017206775379
Q18397659	6000000014319364265
Q18397700	6000000039734916932
Q18397783	6000000135658104875
Q1839798	6000000015413720880
Q18398	6000000067851836880
Q18398037	6000000172075233135
Q18398076	6000000025374362257
Q18398279	6000000004079831348
Q18399143	6000000172209406987
Q1840011	6000000002626572312
Q18400114	6000000017945629052
Q1840016	6000000031430552059
Q18400588	6000000038251598792
Q1840073	6000000127760231887
Q184014	6000000029882727284
Q1840205	6000000049967768084
Q18402083	6000000209860461828
Q18402381	6000000027654075655
Q1840258	6000000020204304378
Q18402598	6000000024760936647
Q1840505	6000000042408664505
Q1840555	6000000028104285215
Q18405585	5105915372170071635
Q18405650	6000000018526391386
Q1840588	6000000035993679068
Q18407860	6000000083161802921
Q18408124	6000000191987850848
Q18408453	6000000214438696822
Q18409165	6000000058407801943
Q1840924	6000000137983336821
Q18410077	6000000081182769153
Q18410080	6000000013970794683
Q18410093	6000000181148949824
Q184103	6000000049096702987
Q18410456	6000000035137309696
Q18410564	6000000006727805980
Q18410701	6000000065340566111
Q18411040	6000000181998422832
Q18411045	6000000031473592415
Q18411122	6000000094842409965
Q18411218	6000000030643086491
Q1841142	6000000026148293263
Q18411492	6000000004097337969
Q18411500	6000000045771039881
Q18411516	6000000167361163185
Q18411703	6000000010996087800
Q18411737	6000000025208606056
Q18411816	6000000036899434796
Q18411818	6000000031965131571
Q1841189	6000000039435295036
Q18411901	6000000021566580562
Q18411943	6000000178729964829
Q18412252	6000000009413154021
Q18412314	6000000027007944816
Q18412506	6000000019718029646
Q1841254	6000000083962293982
Q18412922	6000000021918977029
Q18413207	6000000048767704033
Q18413212	6000000033250259209
Q18413229	6000000056836348910
Q18413385	6000000031435485470
Q1841457	6000000002188450064
Q1841487	6000000017512733694
Q18415036	6000000021098501415
Q18415311	6000000012709533616
Q1841539	6000000176214024841
Q18415467	6000000008115160369
Q18415597	6000000174582012346
Q18415610	6000000007980672718
Q18415934	6000000037647832129
Q18416532	6000000028949615468
Q18416831	6000000158132673821
Q18416836	6000000038030022188
Q18417096	6000000017985720330
Q184178	6000000007935130701
Q18417987	6000000019252423804
Q18417988	6000000152605272952
Q18417995	6000000069717352999
Q18418133	6000000004658492436
Q18418151	6000000183974410868
Q18418188	6000000006810444084
Q18418690	6000000103950131877
Q18418723	6000000114796480537
Q18419035	6000000151241445822
Q18419113	6000000032200253286
Q18419118	6000000056233785881
Q18419211	6000000030063670026
Q18419215	6000000157689125824
Q18419223	6000000011515926282
Q18419265	6000000151946280833
Q18419724	6000000156880161928
Q18419856	6000000024473479138
Q18420380	6000000069717300083
Q1842040	6000000025423957220
Q184205	6000000184530153835
Q18420872	6000000006882874073
Q184212	6000000031035141880
Q18421223	6000000072413105926
Q18421228	6000000145953998986
Q18421339	6000000042415574805
Q18421503	6000000135803731831
Q18421608	6000000221479216827
Q18421877	6000000184001655862
Q184219	6000000048934586925
Q184226	6000000177234577880
Q18423187	6000000094312035885
Q18423653	6000000172798803106
Q18424072	6000000182010208821
Q18424145	6000000013217672284
Q18424585	6000000021990339527
Q1842466	6000000070695740921
Q18424746	6000000087474871821
Q18425	6000000014181699378
Q18425178	6000000180015846838
Q18425601	6000000014059008113
Q18425633	6000000019775134553
Q18425686	6000000130752567826
Q18425776	6000000016000097404
Q18425779	4326776371180045512
Q18425889	6000000078172115502
Q18425901	6000000086961313865
Q18426094	6000000076851493599
Q184269	6000000076358363108
Q1842809	6000000042652196045
Q1842854	6000000004653479470
Q184286	6000000013098160124
Q18430	6000000001958349120
Q18430889	6000000021502132038
Q18430891	6000000014084186481
Q18430906	6000000002997539732
Q18431118	394312
Q18431224	6000000030416131155
Q18431510	6000000019465695357
Q18431514	6000000002515804904
Q18431802	6000000082007664163
Q18431843	6000000025862283173
Q18432102	6000000215544574821
Q18432729	6000000024672287538
Q18432733	6000000021727951037
Q18432746	6000000018455380119
Q18433500	6000000032046061092
Q18433517	6000000003196774249
Q18433672	6000000080656557698
Q184337	6000000000495626708
Q18433706	6000000035760170706
Q18433899	6000000009375251259
Q18434	6000000002310297464
Q18434308	6000000007549189122
Q18434356	6000000019612690057
Q18434457	6000000034787459755
Q18434480	3487613
Q18434484	6000000109264520896
Q18434536	6000000003002344936
Q18434567	6000000000947439294
Q18434567	6000000024948404896
Q18434711	6000000000701112372
Q18434763	6000000013443607272
Q1843500	6000000028402729177
Q18435421	6000000017640766982
Q18436268	6000000178215424836
Q1843646	6000000003122429896
Q184366	6000000010792504775
Q1843704	6000000016103993889
Q184378	6000000011661814034
Q1844266	6000000018217507197
Q18443	6000000014143761331
Q184433	6000000000504744541
Q184440	6000000015905597029
Q18446	6000000013762820307
Q18447	6000000001770351973
Q1844725	6000000019714118027
Q18448673	6000000022426351432
Q18448806	6000000002595236369
Q18449161	3681239
Q18449371	6000000010162049674
Q18449779	6000000048485379949
Q18449829	6000000017193466877
Q1844984	6000000021160506211
Q184499	6000000014540321751
Q18450	3938515
Q1845004	6000000026902276018
Q18450270	6000000008038941409
Q18450759	6000000026587012713
Q18451505	6000000156957851828
Q18452341	6000000079439728911
Q1845271	6000000023407889605
Q184530	6000000043237614146
Q184535	6000000017681295444
Q18453729	6000000008480260220
Q18453927	6000000003172243240
Q18454752	6000000021856717375
Q18454908	6000000059812131985
Q18454919	6000000044155693174
Q18454920	6000000009495617162
Q18454929	6000000029166698036
Q18455011	6000000009574423768
Q18456	6000000015491873869
Q184563	6000000029987978537
Q184565	6000000010289662423
Q184566	6000000013135480107
Q184571	6000000029955172027
Q184572	6000000007749947912
Q18457534	6000000016338416937
Q184577	6000000013030345627
Q184586	6000000015535835017
Q1845871	6000000114586090124
Q18458802	6000000009527758801
Q184592	6000000024060501074
Q18460031	6000000074729823107
Q1846029	6000000006886019349
Q18460292	6000000008933122450
Q1846157	6000000024615677607
Q184622	6000000065135237055
Q184623	6000000021594106662
Q184634	6000000003827309569
Q184650	6000000018604594544
Q184656	6000000015778420025
Q184659	6000000029344470045
Q184669	6000000016915756270
Q1846703	6000000131570742020
Q18467986	6000000178867471838
Q1847043	6000000069495623068
Q184735	6000000000414954750
Q1847399	6000000017513413006
Q1847459	6000000003772418479
Q184746	6000000010505349362
Q184750	6000000079872653121
Q184780	6000000016443421091
Q184785	6000000018390984858
Q18479173	4845950864930018442
Q1848011	6000000182721601108
Q1848022	6000000181453781821
Q184805	6000000020539551691
Q184841	6000000057844479821
Q18484779	6000000000627299104
Q18484783	6000000103989833863
Q184862	6000000019093587048
Q1848680	6000000026214685285
Q1848727	6000000003185762269
Q18487929	6000000077261459853
Q18487936	6000000076479881903
Q18487951	6000000176491301883
Q18487966	6000000101358828861
Q18487981	6000000184075046860
Q18488029	6000000024444539261
Q18488207	6000000032345334336
Q18488267	6000000122832005834
Q18488275	6000000056964158836
Q18488307	6000000146811495919
Q184885	6000000008630453876
Q1848877	6000000006207394051
Q1848888	6000000017108885907
Q1849002	6000000026726987497
Q18490271	6000000032446346081
Q184903	6000000047969691692
Q1849086	6000000163792614833
Q1849155	6000000017961671956
Q1849156	6000000042610224718
Q1849209	6000000151447044235
Q1849302	6000000006235414290
Q184933	6000000138318873885
Q184935	6000000206642614932
Q1849468	6000000059992857959
Q1849745	6000000038889057170
Q184980	6000000075411204908
Q1849894	6000000072171294082
Q1849913	6000000016511849586
Q184992	6000000011505304734
Q184999	6000000024254213900
Q185007	6000000017678800037
Q1850093	6000000014160550876
Q1850160	6000000040690327342
Q1850191	6000000018079538878
Q18502267	6000000057286516095
Q18502353	6000000077479594062
Q18502386	6000000174551822947
Q185024	6000000065466242958
Q185025	6000000003369626311
Q18502523	6000000048248393850
Q1850305	6000000008395779662
Q1850306	6000000137149092829
Q18503131	6000000007190022536
Q1850376	382875412000011406
Q1850473	6000000055299691915
Q1850509	6000000027702974532
Q185051	6000000020416570575
Q1850700	6000000004189090947
Q18507226	6000000041068543412
Q18507364	6000000109814839860
Q18507365	6000000110230878892
Q18507401	6000000176282993884
Q18507404	6000000176325567821
Q18507415	6000000165631321211
Q18507446	6000000106964042854
Q18507457	6000000173966384129
Q18507458	6000000041383364550
Q18507464	6000000121112337916
Q18507471	6000000020678331874
Q18507474	6000000025536981430
Q18507485	6000000095487509932
Q18507491	6000000021938443114
Q18507499	6000000184488989822
Q1850750	6000000010848327262
Q18507509	6000000181485106823
Q18507515	6000000087535473941
Q18507538	6000000090369163023
Q18507540	6000000177565484836
Q18507623	6000000029019097595
Q18507633	6000000178188366899
Q18507643	6000000143125738934
Q18507671	6000000040726973916
Q18507684	6000000014159865459
Q18507741	6000000062305233102
Q18507763	6000000151399997892
Q18507778	6000000024489422147
Q18507814	6000000028581853230
Q18507815	6000000034658759582
Q18507830	6000000107026386351
Q18507834	6000000080829234978
Q18507842	6000000003226207712
Q18507848	6000000080560705977
Q18507853	6000000079253802411
Q18507866	6000000077161243882
Q18507879	6000000048819158222
Q18507922	6000000007569890301
Q18507975	6000000017768865194
Q18508051	6000000171796918856
Q18508053	6000000094777443943
Q18508059	6000000074818123859
Q18508080	6000000176470861824
Q185081	6000000136771751964
Q18508128	6000000153012594821
Q18508136	6000000020331059147
Q18508144	6000000002659217580
Q18508155	6000000032745707537
Q18508175	6000000031575130876
Q18508191	6000000086912618864
Q18508273	6000000179378505906
Q18508283	6000000083329724936
Q18508284	6000000018909662018
Q18508286	6000000036408853781
Q18508309	6000000190178298829
Q18508318	6000000020504452438
Q18508336	6000000035351330611
Q1850834	6000000024374830852
Q18508370	6000000173937729556
Q18508416	6000000007034170587
Q185085	361133716160003463
Q18508507	6000000024850942745
Q18508597	6000000055078485839
Q18508632	6000000074604998833
Q18508649	6000000026811507725
Q18508654	6000000052475454878
Q18508661	6000000150174305826
Q18508736	6000000047559526873
Q18508950	6000000173513292672
Q18509123	6000000046063380002
Q1850983	6000000006598873313
Q185100	6000000215502691826
Q185105	6000000047374241901
Q18510600	6000000002304445208
Q18510641	6000000143786416887
Q185107	6000000000343263417
Q18510734	6000000027208540227
Q1851119	6000000012617676202
Q18511303	6000000084416741135
Q18511313	6000000020760066212
Q185115	6000000028035250144
Q1851153	6000000002893131748
Q18511543	6000000038334123862
Q18511564	6000000027738135944
Q18511567	6000000084327235985
Q18511594	6000000079104702903
Q18511601	6000000177342691914
Q18511674	6000000018338407673
Q18511675	6000000003779196613
Q18511678	6000000013289672374
Q18511681	6000000029033500936
Q18511686	6000000072623669821
Q18511770	6000000004408476075
Q1851179	6000000002576825865
Q18511817	6000000000424995925
Q18511889	6000000002044995134
Q185122	6000000007758582758
Q1851331	6000000010282532222
Q1851337	6000000201496367832
Q1851366	6000000084628782978
Q185147	6000000105731114936
Q1851487	6000000031906063134
Q185151	6000000035310009246
Q18516418	6000000145550415858
Q185165	6000000010582852974
Q18516564	6000000041776673221
Q18516715	6000000084617042327
Q18516772	6000000045827514999
Q18517269	6000000007037161220
Q18517270	6000000009203326767
Q18517274	6000000008378674923
Q18517277	6000000009204658235
Q18517279	6000000002764674377
Q18517282	6000000002802381223
Q18517293	6000000002765016316
Q18517297	6000000008238149297
Q18517298	6000000000223285560
Q18517305	6000000002765241309
Q1851763	6000000006374668325
Q185180	6000000222346331906
Q18518769	6000000031047244333
Q185188	6000000002412061249
Q18518879	6000000004656788111
Q1851934	6000000064587354007
Q18519804	6000000125263695953
Q18520243	6000000004279862721
Q1852035	6000000009421280614
Q185204	6000000116926774926
Q1852047	6000000026679412695
Q1852173	3288438
Q18521875	6000000073844697837
Q18521904	6000000023357427925
Q185236	6000000181948568826
Q18523958	6000000011298021402
Q18523997	6000000002104035485
Q18524014	6000000036809323140
Q18524144	6000000041265803561
Q18524232	6000000017159557417
Q18524233	6000000003633404818
Q18524234	6000000007608689237
Q18524235	6000000011200195999
Q18524276	6000000001710035775
Q18526216	6000000044085985946
Q18526290	6000000021526123655
Q18526291	6000000021527036383
Q18526315	6000000006602672053
Q18526333	6000000081636613224
Q18526334	6000000012555303864
Q18526339	6000000045038771893
Q18526371	6000000016637388766
Q18526388	6000000000512076896
Q18526400	6000000006771159022
Q18526428	6000000012555825946
Q18526435	6000000094053997926
Q18526464	6000000051280625139
Q18526476	6000000012657398970
Q18526481	6000000002774461638
Q18526488	6000000005438458613
Q18526490	6000000011649349034
Q18526501	6000000017236517530
Q18526520	6000000010029706158
Q18526537	6000000016322112605
Q18526547	6000000017713159056
Q18526549	6000000019233634308
Q18526613	6000000020901116320
Q18526617	6000000008959421649
Q18526619	6000000013403681960
Q18526620	6000000016897479973
Q18526640	6000000103642280861
Q18526712	6000000010452899106
Q18526725	6000000002188496738
Q18526746	6000000014514043581
Q18526799	6000000019276769472
Q18526803	6000000029263051106
Q18526804	6000000000352519544
Q18526810	6000000034018841935
Q18526819	6000000002188526076
Q18526834	6000000014102072474
Q18526841	6000000025767544556
Q18526849	6000000028917411520
Q18526855	6000000029150333917
Q18526866	6000000028646615005
Q1852690	4846470632520094086
Q18526925	6000000056769019089
Q18526926	6000000018807778931
Q18526956	6000000081481005300
Q18526998	6000000024248248620
Q18527003	6000000038175440135
Q18527031	6000000006367224252
Q18527050	6000000028648790936
Q18527067	6000000001153969159
Q18527076	6000000021675319065
Q18527086	6000000032798497289
Q18527150	6000000002803049224
Q18527160	350051273500001978
Q18527170	6000000026397811455
Q18527184	6000000053960414878
Q18527187	6000000045724376350
Q185272	6000000046712838372
Q18527217	6000000019095902547
Q18527229	6000000066689425880
Q18527243	6000000068339582865
Q18527260	6000000068911638849
Q18527272	6000000176139786859
Q18527327	6000000038325521011
Q18527355	6000000013344075202
Q18527379	6000000023414871269
Q18527413	6000000015323169213
Q18527444	6000000015655994023
Q18527470	6000000009663356934
Q18527477	6000000014254845484
Q18527502	6000000033047569407
Q18527505	6000000010659052237
Q18527535	6000000034066632247
Q18527559	6000000017498967908
Q18527565	6000000018872359671
Q18527571	6000000015668341968
Q18527593	6000000003827852678
Q18527611	6000000039699787958
Q18527633	6000000024616688564
Q18527655	6000000023145727218
Q18527667	6000000026589927256
Q18527680	6000000055428156859
Q18527681	6000000022990414606
Q18527687	6000000016166403337
Q18527735	6000000046696886889
Q18527740	6000000011999103258
Q18527744	6000000056417842456
Q18527751	6000000007890947024
Q18527752	6000000005250254644
Q18527788	6000000007022543458
Q18527799	6000000005005931550
Q18527814	6000000002114130232
Q18527841	6000000151131135824
Q18527868	5152108431310073554
Q18527885	6000000005437528588
Q18527914	3953496
Q18527930	6000000090117158945
Q18527938	6000000027804220807
Q18527969	6000000006450631137
Q18528008	6000000012453502212
Q18528020	6000000080060179944
Q18528024	6000000027573615086
Q18528069	6000000019802085190
Q18528071	6000000009776097621
Q18528074	6000000007003555006
Q18528088	6000000013645606179
Q18528093	6000000007265490911
Q18528106	6000000021841419306
Q18528107	6000000091757028988
Q18528115	6000000014157307993
Q18528117	6000000016951785933
Q18528157	6000000070670220891
Q18528166	6000000003128890790
Q18528175	6000000011931538870
Q18528187	6000000067719689873
Q18528191	6000000017805096993
Q18528203	6000000023089930069
Q18528223	6000000011361150079
Q18528251	6000000009369298566
Q18528266	6000000053110444891
Q18528292	6000000030801987104
Q18528294	6000000017712500577
Q18528329	6000000013028059838
Q18528369	6000000010880487791
Q18528384	6000000143567549828
Q18528418	6000000038139029339
Q18528428	6000000012104788739
Q18528457	6000000000856948488
Q18528459	6000000013424830890
Q18528460	6000000015864320452
Q18528467	6000000033754425664
Q18528477	6000000003097995962
Q18528509	6000000005912629285
Q18528526	6000000015323083756
Q18528534	6000000031999447825
Q18528542	6000000002188461604
Q18528570	6000000019049862822
Q18528574	6000000016953609182
Q18528581	6000000033926773113
Q18528598	6000000026080110424
Q18528638	6000000031467591096
Q18528686	6000000116383903874
Q18528690	6000000020678122474
Q18528700	6000000106882326049
Q18528709	6000000001231013168
Q18528721	6000000014211260690
Q18528731	6000000100805311852
Q18528775	6000000032917099764
Q18528778	6000000042514087250
Q18528835	289100749200005689
Q18528859	6000000025358474917
Q18528899	6000000013572952124
Q18528947	6000000020387426059
Q18528964	6000000008630254958
Q18529015	6000000009729172029
Q18529030	6000000014514216493
Q18529058	6000000009055748885
Q18529092	6000000012390229736
Q18529093	6000000006578599154
Q18529096	6000000003290387407
Q18529101	6000000018680397414
Q18529122	6000000000688986030
Q18529150	6000000016694331358
Q18529153	6000000020013942093
Q18529165	6000000091608026007
Q18529167	6000000002898237075
Q18529200	6000000115672651030
Q18529210	6000000077770797122
Q18529248	6000000047906842030
Q18529249	6000000006602621911
Q18529254	6000000017138659373
Q18529270	6000000006862336481
Q18529273	6000000025020501224
Q18529281	6000000015585000631
Q18529285	6000000003410617955
Q18529287	6000000100400048860
Q18529288	6000000020342560216
Q18529337	6000000079279786050
Q18529351	6000000119280028821
Q18529353	6000000007162600033
Q18529358	6000000170423214920
Q18529361	6000000068968182968
Q18529370	6000000173015638132
Q18529371	6000000077948021500
Q18529399	6000000081518725336
Q18529430	6000000176239806841
Q18529434	6000000176304890825
Q18529454	6000000177211880841
Q18529456	4860317491390067014
Q18529466	6000000173415838228
Q18529492	6000000076703681514
Q18529495	6000000100928240515
Q18529499	6000000177211635847
Q18529500	6000000060254878522
Q18529503	6000000026441315173
Q18529505	6000000072244469023
Q18529512	6000000029542258103
Q18529526	6000000044654112834
Q18529528	6000000081698027220
Q18529530	6000000100786896987
Q18529531	6000000012006607885
Q18529544	6000000038886107934
Q18529556	6000000029542373073
Q18529567	6000000172115042853
Q18529576	6000000024290290212
Q18529619	6000000036705764639
Q18529621	6000000079278632356
Q18529624	6000000114272678153
Q18529627	6000000059041869821
Q18529632	6000000101462587040
Q18529643	6000000079396853024
Q18529646	6000000174791089004
Q18529648	6000000175321124636
Q18529651	6000000057322344118
Q18529659	6000000068266997821
Q18529663	6000000022130157338
Q18529685	6000000064791687863
Q18529690	6000000050785350893
Q18529725	6000000080403190858
Q18529730	6000000166015316927
Q18529748	6000000001299786687
Q18529750	6000000174686009879
Q18529753	6000000000441485869
Q18529757	6000000113492674234
Q18529764	6000000077296319781
Q18529776	6000000028049682339
Q18529787	6000000014000745308
Q18529793	6000000058808302469
Q18529818	6000000003891909153
Q18529819	6000000011788192229
Q18529845	6000000019730483023
Q18529850	6000000024745897370
Q18529879	6000000041539711900
Q18529884	6000000002188088479
Q18529930	6000000044569116234
Q18529964	6000000058325365875
Q18529981	6000000008896057799
Q18529998	6000000011599965957
Q18530008	6000000039074880852
Q18530079	6000000048163741090
Q18530085	6000000007375258342
Q18530123	6000000027780872309
Q18530140	6000000024225976341
Q18530228	6000000001399271107
Q18530237	6000000082993512618
Q18530257	6000000021701012669
Q18530387	6000000014012926098
Q1853039	6000000019256834539
Q18530411	6000000014577082484
Q18530421	6000000191042900838
Q18530440	6000000014711261020
Q18530443	6000000035743124846
Q18530454	6000000063749944854
Q18530467	6000000019516045798
Q18530539	6000000056985946511
Q18530540	4821488773510053139
Q18530542	6000000036620872238
Q18530567	6000000005564285418
Q18530575	6000000029078707039
Q18530576	6000000009405309233
Q18530645	6000000010895965372
Q18530673	6000000027590207194
Q18530677	6000000030437490310
Q18530693	6000000029080429034
Q18530711	6000000107149999821
Q18530740	6000000000642025002
Q18530743	6000000006918459172
Q18530744	6000000076428515826
Q18530752	3346131
Q18530793	6000000014854518426
Q18530795	6000000056964158840
Q18530825	6000000003647429383
Q18530868	6000000001426230288
Q18530941	6000000137998070956
Q18530943	6000000022573307481
Q18530945	6000000042567693161
Q18530949	6000000023532475525
Q18530968	6000000040441938386
Q18530971	6000000010025597543
Q18530986	6000000114262409821
Q18530989	6000000018274052141
Q18530990	6000000102798022873
Q18531010	6000000022204687206
Q18531029	6000000034993810232
Q18531052	6000000012729185511
Q18531153	6000000038945697899
Q185312	6000000019164754378
Q18531302	6000000075499022903
Q18531434	6000000009284200456
Q18531434	6000000129190289295
Q18531468	6000000104340931876
Q18531530	6000000001608845534
Q18531536	6000000001608760613
Q18531594	6000000005965964102
Q18531638	6000000030854922798
Q18531749	6000000014334902131
Q1853186	6000000036343749734
Q1853217	6000000037764627249
Q185322	6000000022930298237
Q185324	6000000002128715521
Q18533320	6000000081045020963
Q18534097	6000000011515665291
Q18534127	6000000008959548343
Q18534129	6000000006721146549
Q18534153	6000000002188529582
Q18534168	6000000183347311944
Q18534176	6000000006864709119
Q18534207	6000000019073029237
Q18534235	6000000002116061361
Q185343	6000000009145257834
Q18534305	6000000084852044834
Q18534452	6000000192207888098
Q18534454	6000000052066284935
Q1853467	6000000009312823161
Q18534815	6000000039597025525
Q18534837	6000000001818984922
Q18534869	6000000007430860588
Q18534875	4128375945180059708
Q18534879	6000000103358712821
Q18534999	6000000004880716078
Q18535326	6000000024146164497
Q18535355	6000000016265656220
Q18535631	6000000097829578832
Q18536154	6000000015413223918
Q18536568	6000000002932821683
Q1853681	6000000096334665898
Q18536835	6000000017690338225
Q18536847	6000000026491552189
Q18537016	6000000007645171876
Q185375	6000000037899687032
Q18537637	6000000089387502969
Q18537650	6000000181407420840
Q18537817	6000000094834127840
Q18538087	6000000007643892606
Q185381	6000000015490798020
Q18538258	6000000106624675155
Q18538359	6000000019072306025
Q18538430	6000000003206605001
Q18538562	6000000008414411054
Q18539317	6000000039310042016
Q1853959	6000000010083381946
Q18539733	6000000021691694681
Q18539828	6000000025592825259
Q18540529	6000000028376190404
Q185406	6000000023653274869
Q18541130	6000000018409266023
Q18541216	6000000180272931830
Q18542013	6000000003049966549
Q18542088	6000000036937885595
Q18542830	6000000172427883822
Q18542836	6000000077891075898
Q18543224	6000000169343058881
Q18543226	6000000011570767524
Q1854324	6000000014109270790
Q18543341	6000000008251182082
Q18543380	6000000022935660873
Q18543406	6000000013529926792
Q18543481	6000000052472101896
Q18543550	6000000167051297999
Q18543582	6000000052577181597
Q18543595	6000000051655171878
Q18543612	6000000016959786129
Q18544127	6000000022338465125
Q18544731	6000000105305500822
Q18544929	6000000002116181162
Q18544937	6000000000352557933
Q18544940	6000000000352476834
Q18544951	6000000003764354882
Q18544965	6000000002116181192
Q18544980	6000000002116176057
Q18545011	6000000002116181223
Q18545020	6000000002116181201
Q18545069	6000000015739327793
Q18545157	6000000008613820399
Q1854523	6000000040392743442
Q18546022	6000000078117073875
Q18546093	6000000019195066083
Q18546104	6000000012750667673
Q18546122	6000000008201099608
Q18546140	6000000015760888491
Q18546170	6000000030164706507
Q18546196	6000000000675601572
Q18546402	6000000011263099098
Q18546413	6000000019730193196
Q18546499	6000000098122607867
Q18546662	6000000024195603812
Q18546666	6000000143021088821
Q18546678	6000000226871688897
Q18546717	6000000076905608518
Q18546718	6000000038203668025
Q18546754	6000000172986149976
Q18546928	6000000019215516429
Q18546955	6000000014576898779
Q18546960	6000000010453752959
Q18546965	6000000015125416325
Q18546966	6000000019477874252
Q1854719	6000000002447351602
Q18547544	6000000008927605023
Q18547546	6000000008929535477
Q18547547	6000000008767405111
Q185480	6000000145995973834
Q185481	6000000004393581062
Q18548236	6000000002396882627
Q18548823	6000000021052081126
Q185489	6000000042734553943
Q18549611	6000000143943208862
Q18549882	6000000082869458821
Q1855000	6000000007646598284
Q1855242	6000000150909357833
Q18553025	6000000026092096328
Q1855412	6000000003239281277
Q185551	6000000015956410402
Q185554	6000000007912670439
Q185560	6000000089738395189
Q1855602	6000000011507622722
Q1855705	6000000024583160214
Q18557627	6000000178043635834
Q1855840	6000000046095026017
Q18558450	6000000128396270821
Q18558481	6000000060179346885
Q18558484	6000000060178835985
Q1855856	6000000022568918731
Q185590	6000000043013061048
Q18559677	6000000006112858049
Q18559682	6000000022525201997
Q18559687	6000000029150129048
Q18559709	6000000010769443316
Q18559715	6000000010321602732
Q18559771	6000000035365104348
Q1855981	6000000017477959454
Q18559835	6000000006101391383
Q18559851	6000000011336819553
Q18559862	6000000002115883188
Q18559879	6000000019597504353
Q185599	6000000106987900952
Q18559956	6000000028551221834
Q18560511	6000000000348814217
Q18560530	6000000112248755868
Q1856220	6000000024171102910
Q18563079	6000000007787359992
Q18563121	6000000026153006488
Q18563221	6000000172320923766
Q18563278	6000000035155223535
Q18563281	6000000035153662583
Q1856350	6000000004318443980
Q18563876	6000000029478091245
Q18563877	6000000010262803271
Q18564442	6000000032882158964
Q18564475	6000000021531939647
Q18564485	6000000165630917126
Q185647	6000000018368851420
Q185654	6000000001257785872
Q18565539	6000000018799785004
Q1856567	6000000042785447926
Q18565756	6000000145251585951
Q18565761	6000000117831854874
Q18565767	6000000173190243737
Q18565769	6000000007877641251
Q18565771	6000000177541921821
Q18565773	6000000100336379930
Q18566023	6000000035504540620
Q18566050	6000000035504480701
Q1856633	6000000014927129058
Q185664	6000000026550822054
Q1856691	6000000045479980893
Q18567	6000000033434711847
Q18567234	6000000015346882426
Q18567240	6000000015346882193
Q18567317	6000000022773661044
Q18567484	6000000019775566040
Q18567509	6000000011437898528
Q18567917	6000000015346807769
Q18567946	6000000013194142577
Q18568296	6000000056741370051
Q1856908	6000000022494671725
Q185696	6000000002410619032
Q185701	6000000012456925814
Q1857045	1601664
Q1857141	6000000040162137711
Q18571481	6000000142888066874
Q18572013	6000000186288641163
Q18572167	5336349135430103441
Q18572170	6000000034860779710
Q18572180	6000000017063283038
Q18572240	6000000011193637147
Q18572245	6000000016925006386
Q18572296	6000000002115859220
Q18572320	6000000039162727113
Q18572320	6000000110679361891
Q18572389	6000000013677374537
Q185724	6000000034030751132
Q18572750	6000000131706358002
Q18572854	6000000039035021611
Q18572858	6000000039062814604
Q1857289	6000000017452660338
Q185739	6000000000231218859
Q18574260	6000000180252011826
Q18574858	6000000017921585624
Q18574983	6000000071743901252
Q18575081	6000000040430844311
Q18575158	6000000089870217885
Q18575202	6000000011657328238
Q18575260	6000000019907677430
Q18575751	6000000183965881825
Q18575800	6000000011585085011
Q18575906	6000000002980113342
Q18575934	6000000023982170200
Q18575935	6000000081760849242
Q18575952	6000000016144758586
Q18575954	6000000027056849797
Q18575958	6000000020372850745
Q18575980	6000000023680002405
Q18575996	6000000082002342944
Q18576013	6000000036531909944
Q18576019	6000000021677453032
Q18576053	6000000066652402381
Q18576060	6000000009153830083
Q18576109	6000000009066769307
Q18576121	6000000007122241220
Q18576132	6000000006444092290
Q18576147	6000000029723877393
Q18576151	6000000016048574410
Q18576205	6000000002764860036
Q18576227	6000000014022007526
Q18576340	6000000003961471673
Q18576389	6000000017532844324
Q18576397	6000000001655680768
Q18576427	6000000040938523749
Q18576439	6000000029979684094
Q18576549	6000000002872077995
Q18576572	6000000004079761959
Q18576586	6000000045000569844
Q18576619	6000000015271294672
Q18576643	6000000001722224244
Q18576644	6000000011902372767
Q18576664	6000000042325877424
Q18576706	6000000075339419307
Q18576711	6000000009397691982
Q18576718	6000000018026212639
Q18576730	6000000051513305038
Q18576739	6000000026233712740
Q18576762	6000000013046461176
Q18576771	6000000006916894900
Q18576777	6000000063749092821
Q18576828	6000000030759942946
Q18576830	6000000001353901032
Q18576831	6000000006727926155
Q18576839	6000000018285965348
Q18576840	6000000005437657703
Q18576847	6000000007036062077
Q18576854	6000000019844318482
Q18576860	6000000003421241907
Q18576893	6000000003910673802
Q18576926	6000000000352519074
Q18576959	6000000044090100759
Q18576989	6000000032768958058
Q18577000	6000000008859271639
Q18577014	6000000007151798802
Q18577032	6000000010037153308
Q18577038	6000000000076316071
Q18577039	6000000000076315939
Q18577040	6000000009934351817
Q18577041	6000000030951462960
Q18577086	6000000022347580168
Q18577114	6000000002850458824
Q18577125	6000000005598815464
Q18577170	6000000000748049191
Q18577220	6000000001353901043
Q18577229	6000000079292676192
Q18577251	6000000002134999298
Q18577260	6000000036713295436
Q18577347	6000000027329661282
Q18577528	6000000017506909496
Q1857765	6000000019563783001
Q185777	6000000029787045342
Q18577904	6000000001939760849
Q18577904	6000000030312258893
Q18578075	6000000008285531873
Q18578197	6000000157677708832
Q18578555	6000000015893544741
Q18578682	6000000145758647078
Q18578694	6000000085780439884
Q18579028	6000000018884971506
Q18579029	6000000018885150315
Q18579566	6000000183160000913
Q1858007	6000000002764401754
Q185801	6000000002659702917
Q1858024	6000000196567319844
Q1858040	6000000015680692094
Q1858041	6000000145873243999
Q1858065	6000000030018686369
Q185812	6000000006668437001
Q1858190	6000000157265307886
Q18582339	6000000180545798821
Q185832	6000000006713354346
Q1858404	6000000014823895036
Q18584162	6000000025619243062
Q1858488	6000000021933196395
Q1858519	6000000011233424913
Q18585245	6000000166466758824
Q1858607	6000000030620604971
Q1858650	6000000017913807715
Q1858653	6000000003520810736
Q18587097	6000000054904715835
Q18587105	6000000172280761949
Q18587106	6000000017492238775
Q18587120	6000000101358685883
Q18587160	6000000142651563586
Q18587162	6000000045906273231
Q18587180	6000000175418314440
Q18587197	6000000093704456960
Q18587220	6000000001767402214
Q18587278	6000000047591967880
Q18587280	6000000153889701821
Q18587281	6000000056964095853
Q18587292	6000000052287430821
Q18587293	6000000077608993304
Q185873	6000000004594537841
Q18587309	6000000116375177892
Q18587311	6000000077871800902
Q18587315	6000000015970376157
Q18587317	6000000172441915944
Q18587880	6000000007572536451
Q1858865	6000000075420502901
Q18588738	6000000004010151641
Q18588808	6000000179602035821
Q18588965	6000000004351833038
Q18588966	6000000037445189484
Q18589043	6000000009200057132
Q18589044	6000000181824695834
Q18589052	6000000026884827770
Q18589228	6000000057301066395
Q18589239	6000000024030956182
Q18589269	6000000151714380822
Q18589510	6000000041902329958
Q18589535	6000000182232269840
Q18589551	6000000011717573414
Q18589732	6000000040411148715
Q18589738	6000000026213061731
Q18589739	6000000016117116904
Q18589740	6000000016117030150
Q18590055	6000000166012405838
Q18590099	6000000146295534052
Q18590177	6000000141021582888
Q18590242	6000000036762638676
Q18590440	6000000018054305619
Q18590449	6000000202612319856
Q18590661	6000000000140757391
Q18590757	6000000007059191707
Q18590905	6000000191829830857
Q185920	6000000000408063965
Q1859204	6000000003882952597
Q18592394	6000000051352345912
Q185928	6000000009254698191
Q18592963	6000000120189914827
Q18593012	6000000007284143718
Q18593053	6000000032718649364
Q18593096	6000000035753133415
Q18593098	6000000010945597323
Q18593196	6000000199282309831
Q18593350	6000000027000263187
Q18593369	6000000025676180857
Q18593384	6000000012424748402
Q18593531	6000000012747568202
Q1859362	6000000078051852902
Q18594302	6000000211418696853
Q18594490	6000000007014359220
Q1859566	6000000014253154546
Q185971	6000000000241893370
Q185974	5390482090780081800
Q1859751	6000000088312812879
Q1859922	6000000028456194242
Q186	6000000013052829182
Q18600397	341439965950005466
Q18601277	6000000097068843839
Q18602657	6000000037494452866
Q18602801	6000000024694259204
Q18602861	351778815660013836
Q18603019	6000000024463289352
Q18603074	6000000021198658777
Q1860320	4517370661560020839
Q18603247	6000000070095006056
Q18603266	6000000031349022668
Q18603272	6000000030311774092
Q18603295	6000000211480953832
Q18603302	6000000025385454355
Q18603401	6000000038442931853
Q18603492	6000000106955149883
Q1860353	6000000105697422848
Q18603644	6000000012686002896
Q18603736	6000000174204829927
Q18603865	6000000103010691896
Q18603939	6000000145786709826
Q18604090	6000000083784706296
Q18604098	6000000086365182123
Q18604113	6000000120146197825
Q18604161	6000000101455846928
Q18604164	4518227710390077423
Q18604180	6000000076704861078
Q18604182	6000000002260432968
Q18604183	6000000086817478822
Q18604185	6000000165971024885
Q18604195	6000000022396648784
Q186042	6000000007466105316
Q18604200	6000000174341339844
Q18604214	6000000176445359825
Q18604215	6000000176466965854
Q18604218	6000000043099876879
Q18604220	6000000028636039122
Q18604223	6000000077638097560
Q18604228	6000000093356217392
Q18604232	6000000019931398345
Q18604234	6000000048437951338
Q1860424	6000000172044170829
Q18604240	6000000148663875937
Q18604246	6000000073047617297
Q18604259	6000000105278879981
Q18604262	6000000076784572923
Q18604295	6000000174753821829
Q18604313	6000000183319314039
Q18604341	6000000046853052115
Q18604350	6000000055959050888
Q18604363	6000000173057676098
Q18604381	6000000078746933165
Q18604383	6000000032127210808
Q18604388	6000000177207163946
Q18604391	6000000002499111437
Q18604399	6000000177822662932
Q18604404	6000000002997387844
Q18604406	6000000056964203821
Q18604410	6000000073502040855
Q18604428	6000000080278462076
Q18604484	4502384103730123099
Q18604672	6000000006127732693
Q1860471	6000000011478655878
Q18604730	6000000002188386490
Q1860524	6000000024034260998
Q18605646	6000000051603518037
Q18606028	6000000015397584195
Q18606682	6000000163319609834
Q1860711	6000000018440056034
Q1860735	6000000016882975964
Q18608079	6000000086657125957
Q18608407	6000000012165143686
Q18608482	6000000009364078141
Q18608489	6000000203261385822
Q18608625	6000000032816166983
Q18608629	6000000056660148836
Q18608630	6000000093372626085
Q18608633	6000000060010190971
Q18608644	6000000019112457197
Q18608649	6000000178281172841
Q18608650	6000000175095056587
Q18608652	6000000036588169529
Q18608653	6000000083379540412
Q18608654	6000000083527711610
Q18608658	6000000173877282577
Q18608659	6000000068264668955
Q18608675	6000000173385947436
Q18608676	6000000080367385067
Q18608694	6000000173811625989
Q18608695	6000000180853539878
Q18608706	6000000032447943387
Q18608715	6000000037520230188
Q18608718	6000000030892087071
Q18608735	6000000072270651826
Q18608740	6000000002053439198
Q18608812	6000000157745791824
Q18608847	6000000083200454823
Q186089	6000000026215281278
Q18608913	6000000194401683867
Q18609039	4783762838650052243
Q18609153	6000000007200973739
Q1861005	6000000027892964292
Q18610215	6000000038449449808
Q1861031	6000000114233909995
Q1861139	6000000002623155205
Q18611758	6000000015632277960
Q18611868	6000000045084114936
Q1861210	6000000010010283172
Q186123	6000000012291802631
Q18612426	6000000017894211772
Q18612459	6000000008355927886
Q18612466	6000000039536716105
Q18612643	4898332878000022528
Q18612648	6000000068455789849
Q18612815	6000000021052803507
Q18612866	6000000042002063034
Q18612930	6000000178306301828
Q18613006	6000000010555488972
Q18613018	6000000068777317914
Q18613038	6000000019541946587
Q18613048	6000000013165675376
Q18613308	6000000163832208980
Q18613331	6000000157677935886
Q18613392	6000000140328160968
Q18613487	6000000011797573630
Q18613568	6000000209485042841
Q1861382	6000000166759515156
Q18613847	6000000006093598028
Q1861540	6000000000961700331
Q18615534	6000000009865596699
Q1861565	6000000002928096753
Q1861583	6000000041858673885
Q18616075	6000000066170268989
Q18616162	6000000087419836963
Q18616217	6000000086160936840
Q18616359	6000000083548158170
Q18616416	6000000082529013047
Q18616461	6000000035090622790
Q18616465	6000000034714505401
Q18616472	6000000031117544955
Q1861648	6000000014065096808
Q18616644	6000000016058484313
Q18616680	6000000030461021400
Q18617572	6000000166438006988
Q18618629	5522331988320100444
Q18618700	6000000095674588879
Q18618827	6000000017614302649
Q18618829	6000000053541111908
Q18619003	6000000081916448322
Q18619043	6000000042487579464
Q1861908	6000000001354258035
Q18619117	5563712164200108665
Q1861930	6000000008870845536
Q18619351	6000000022938819576
Q18619427	6000000104931452154
Q18619451	6000000036797433953
Q18619569	6000000029324018920
Q18619586	6000000183637123876
Q18619923	6000000010303161251
Q18619924	6000000041539437865
Q18620037	6000000035439628451
Q18620075	6000000022046392990
Q18620108	6000000019089187552
Q18620117	6000000016489595195
Q18620156	6000000040679510439
Q186202	6000000011089407113
Q1862046	6000000093988703849
Q18620538	6000000000350786761
Q18620588	6000000114452359822
Q18620588	6000000167788080896
Q18620592	6000000159291559821
Q18620684	6000000195303843823
Q18620889	6000000178978661886
Q18620895	6000000031095776315
Q18620898	6000000084568236876
Q18620901	6000000013522405674
Q18620902	6000000096401410138
Q18620936	6000000014348265577
Q18621144	6000000024572907682
Q186215	6000000042634066264
Q18623116	6000000007436385675
Q18623154	6000000030123109385
Q18623275	6000000150858019276
Q18623308	6000000174549593891
Q18623329	6000000020219998081
Q18623347	6000000009543824646
Q18623369	6000000014724425316
Q18623398	6000000031634430890
Q18623576	6000000007574239095
Q18623879	6000000033602991841
Q1862395	6000000000872878006
Q18623965	6000000007398417603
Q18624046	6000000011554262392
Q18624064	6000000132884126892
Q18624080	6000000013495844919
Q18624084	6000000040804921621
Q18624317	6000000123767052895
Q18624322	6000000023875223098
Q18624479	6000000021478670806
Q18624481	6000000039429136892
Q18624487	6000000010381297259
Q186245	6000000062710582203
Q18624508	6000000059770379955
Q18624532	6000000010132069647
Q18624673	6000000087508227890
Q18624682	6000000035592331232
Q18624684	6000000035001963100
Q18624812	6000000007200758761
Q18624868	6000000038189197447
Q18625166	6000000043047063068
Q18625193	6000000019739712013
Q18625211	6000000022251778592
Q18625215	6000000037047407228
Q18625217	6000000066079751821
Q18625374	6000000016820735019
Q186256	6000000003231189183
Q18625640	6000000024525011645
Q1862565	6000000033635643035
Q18625763	6000000120049839821
Q1862580	6000000155849428832
Q18625800	6000000009774401474
Q18625802	6000000085350872837
Q18626060	6000000027893698873
Q18626068	6000000083065513689
Q186261	6000000006374846822
Q18626319	6000000085630346892
Q186264	6000000009211806851
Q18626410	6000000079440214403
Q18626637	6000000031291948709
Q18626778	6000000082010153934
Q1862725	6000000048849353830
Q18627257	6000000057527006955
Q18627463	6000000010298310544
Q1862750	6000000131454263056
Q18627600	6000000087131108226
Q18627605	6000000055466031232
Q18627610	6000000104421154821
Q18627663	6000000081698576002
Q18627685	6000000042650932623
Q18627700	6000000168827926198
Q18627701	6000000057327513955
Q18627730	6000000179197738837
Q18627742	6000000059185784031
Q18627743	6000000173878906109
Q18627757	6000000036364298322
Q18627759	6000000056416157863
Q18627765	6000000084659911923
Q18627766	6000000078211485896
Q18627767	6000000007021970494
Q18627774	6000000033215472909
Q186278	6000000002447361681
Q18628070	6000000039645605918
Q18628078	6000000016329724620
Q18628271	6000000083060629386
Q18628512	6000000140172210855
Q18628827	6000000082009755037
Q18628838	6000000021707354208
Q18628847	6000000046968651006
Q18628851	6000000177095559837
Q18628922	6000000057092202035
Q18629071	6000000180627985831
Q18629097	6000000003239017900
Q18629106	6000000014945434792
Q18629178	6000000035324917035
Q186292	6000000014887127675
Q18629217	6000000053545751119
Q1862935	6000000017667654291
Q18629635	6000000123770398842
Q18629636	6000000035093858445
Q18629637	6000000016331647089
Q18630034	6000000021577284445
Q18630117	6000000015632714389
Q18630193	6000000176129806830
Q18630237	6000000007754282660
Q18630358	6000000048519404841
Q186304	6000000011842078695
Q18630737	6000000041538933544
Q18630872	6000000010132085057
Q18631005	6000000090058510865
Q18631007	6000000025632668320
Q18631012	6000000165826893821
Q18631201	6000000002304441783
Q18631212	6000000078102562920
Q18631218	6000000047820618909
Q18631340	6000000010966619944
Q18631396	6000000017688045235
Q18631397	6000000036921464289
Q18631457	6000000061712571845
Q18631509	6000000071960880383
Q18631533	6000000045272361128
Q18631698	6000000107135929822
Q186317	6000000010942305916
Q18631739	6000000087508101915
Q18631796	6000000009160330292
Q18631808	6000000022220618971
Q18631814	6000000068656488878
Q18631838	6000000076774858971
Q18631876	6000000071018615834
Q18631952	6000000001433723842
Q18631978	6000000035194988473
Q18632018	6000000038779656004
Q18632026	6000000069492455136
Q186321	361298880640003460
Q18632138	6000000033849190884
Q18632243	6000000148573217873
Q1863225	6000000016296508559
Q18632268	6000000000228974533
Q18632318	6000000029163319260
Q18632322	6000000076219148326
Q18632337	6000000007630076836
Q18632351	6000000007265069710
Q18632375	6000000065026907880
Q18632379	5696077156070062127
Q18632396	6000000040556956784
Q18632429	6000000023899871698
Q18632440	6000000007461895423
Q18632453	6000000008425653767
Q18632464	6000000000510460316
Q18632469	6000000009422377500
Q18632475	6000000003002554855
Q18632510	6000000026762206567
Q18632606	6000000000469424804
Q18632607	6000000072076613118
Q18632621	6000000008445583385
Q18632636	6000000081260957853
Q18632639	6000000152651890012
Q18632644	6000000002309419690
Q18632650	6000000012975708136
Q18632661	6000000051614251897
Q18632667	6000000006816186183
Q18632672	6000000149817824048
Q186327	6000000026205220786
Q18632717	6000000038239712939
Q18632762	6000000031579008708
Q18632766	6000000044412623829
Q18632794	6000000037132276235
Q18632821	6000000068528547986
Q18632849	6000000079864203935
Q18632924	6000000106663439877
Q18632932	6000000148032021098
Q186330	6000000043417601900
Q18633027	6000000114599072094
Q18633050	6000000150137222185
Q18633117	6000000007184713694
Q18633236	6000000050413449821
Q18633247	6000000071185306866
Q18633258	6000000055003457851
Q18633310	6000000003086578617
Q18633339	6000000120621152235
Q18633351	6000000180267997833
Q18633470	6000000073058673851
Q18633492	6000000007050338107
Q186335	6000000021820744500
Q1863354	6000000011852023620
Q18633546	5587087952330139385
Q18633566	6000000024886066743
Q18633586	6000000077983520030
Q18633604	6000000081390420728
Q1863369	6000000032836950017
Q18633692	6000000000767328762
Q18633701	6000000008586917853
Q18633713	6000000029636798027
Q18633772	6000000010394395733
Q18633782	6000000000663855817
Q18633796	6000000004627986753
Q18633803	6000000029918054653
Q18633824	6000000008062157531
Q18633834	6000000102515217832
Q18633856	6000000020553072190
Q18633860	6000000000182238370
Q18633861	6000000014055385099
Q18633871	6000000071057474400
Q18634066	6000000003569651451
Q18634116	6000000219509448822
Q18634120	6000000011303286203
Q18634301	6000000026824427207
Q18634315	6000000040177990898
Q1863438	6000000012593431802
Q18634402	6000000041187675190
Q18634518	6000000060495771921
Q18634644	6000000008614560661
Q18634698	6000000006596793433
Q18634713	6000000177153032822
Q18634718	6000000031933668876
Q18635005	6000000017925502374
Q18635060	6000000174009870904
Q18635099	6000000221575211842
Q18635101	6000000221574935968
Q18635107	6000000011968424793
Q18635466	6000000029731959906
Q186359	6000000022910506078
Q18636955	5332488551840057989
Q18636972	6000000007304931585
Q186376	6000000145250228824
Q18637716	6000000045742546974
Q18638003	6000000078392967821
Q18638245	6000000027593620915
Q18638282	6000000023486914998
Q18638531	6000000037110763989
Q18638734	6000000063836761019
Q186391	6000000013562212378
Q18639148	6000000002188466673
Q18639149	323985650260001399
Q18639193	6000000052130815833
Q18639241	6000000016529780298
Q18639405	6000000008002076234
Q18639408	6000000020129100116
Q18639435	6000000001406557022
Q18639462	6000000145535664088
Q18639478	6000000001608785625
Q18639576	6000000030069567449
Q18639742	6000000045756994868
Q18639779	6000000008267993036
Q18639859	6000000010470624859
Q18639879	6000000173711569840
Q18639893	6000000012870028512
Q18639983	6000000030069823499
Q18640002	6000000037467824425
Q18640338	6000000044135072026
Q18640478	6000000125454713851
Q1864049	6000000017377740516
Q18640590	6000000143207698944
Q18640634	6000000184700793829
Q18640638	6000000091242343882
Q18640670	6000000026883900833
Q186420	6000000081064516806
Q18642364	6000000003108324167
Q18642533	6000000051282040962
Q18642679	6000000169594955902
Q18642984	6000000030893022255
Q18642986	6000000084177248960
Q18642998	341626842660010786
Q18643001	6000000054913871941
Q18643016	6000000011250443063
Q18643020	6000000174548345506
Q18643040	6000000054296602860
Q18643045	6000000010606523217
Q18643074	6000000028774964468
Q18643097	6000000077566559848
Q18643104	6000000000047621832
Q18643105	6000000060610409877
Q18643133	6000000182072174863
Q18643136	6000000000613070478
Q18643331	6000000038525006914
Q18643436	6000000007846898895
Q18643520	6000000034986084426
Q18643823	6000000016927215426
Q18644030	4848751995820034312
Q18644036	6000000079782419007
Q18644255	6000000018569916561
Q18644512	6000000175898841832
Q18644514	6000000176372065872
Q18644521	6000000175564662862
Q18644568	6000000113149656070
Q18644575	6000000009209419440
Q18644590	6000000094607596091
Q18644599	6000000011839333530
Q18644600	6000000177306476860
Q18644657	6000000173130332940
Q18644679	6000000030291090901
Q18644684	6000000036349160913
Q18644701	6000000014820956217
Q18644708	6000000032120951396
Q18644723	6000000183306529845
Q18644733	6000000177188431837
Q18644742	6000000064786475825
Q18644762	6000000172110850833
Q18644765	6000000112222555872
Q18644778	6000000084476194525
Q18644779	6000000177515295965
Q18644780	6000000056964056974
Q18644819	6000000002218296296
Q18644831	6000000138769291847
Q18644869	6000000018879929858
Q18644892	6000000090960327822
Q18644896	6000000080278440821
Q18644907	6000000178189729826
Q18644910	6000000080751940834
Q18644914	6000000059419686239
Q18644938	6000000091753667906
Q18644953	6000000108358086870
Q18645012	6000000036311120003
Q18645088	6000000056661195841
Q18645094	6000000007119323360
Q18645115	6000000011169283057
Q18645127	6000000017644390795
Q18645134	6000000068635266821
Q18645145	6000000003020881058
Q18645153	6000000018909829002
Q18645159	6000000037729162234
Q18645174	6000000174853116068
Q18645176	6000000036314126146
Q18645190	6000000076618503289
Q18645197	6000000007522237783
Q18645213	6000000038602540051
Q18645421	6000000076830666371
Q18645486	6000000072052177091
Q18645514	6000000177973795839
Q18645522	6000000174964917694
Q18645523	6000000031152323329
Q18645530	6000000056964066909
Q18645533	6000000173811469193
Q18645544	6000000032548705927
Q18645552	6000000174854339209
Q18645582	5569054847370101077
Q18645587	6000000007633927028
Q18645591	6000000000047573778
Q18645595	6000000106857538887
Q18645598	6000000106964236888
Q18645605	6000000019993161579
Q18645735	6000000009871924906
Q18645784	6000000026885892584
Q18645785	6000000026886099273
Q18645835	6000000023326677106
Q18645844	6000000165639216821
Q18645848	6000000180139755821
Q18645933	6000000175172982132
Q18645940	6000000002388554551
Q18645959	6000000014255385111
Q18645961	6000000005575315234
Q18645970	6000000024195542521
Q18645976	6000000132841531824
Q18646022	6000000018776429996
Q18646023	6000000018776938730
Q18646036	6000000002802307188
Q18646065	6000000010878585944
Q18646086	6000000145257303035
Q18646256	6000000069950304205
Q18646260	6000000034751816097
Q18646296	6000000076618649940
Q18646300	6000000111575738916
Q18646310	6000000077289509133
Q18646312	6000000167259104835
Q186465	6000000029988250736
Q18646500	6000000022766989407
Q18646978	6000000000043724563
Q18647045	6000000002184583538
Q18647082	347183121120004796
Q1864710	6000000013589511600
Q18647207	6000000087868722872
Q18647210	6000000090532888868
Q18647483	6000000113210238940
Q18647490	6000000008231874781
Q18647524	6000000007755609360
Q18647630	6000000019070723051
Q18647651	4385769
Q18647718	6000000015783617174
Q18647796	6000000022494798984
Q186478	6000000136773333086
Q18647888	6000000178117872895
Q186481	6000000041173621921
Q186485	6000000009159859754
Q1864909	6000000005770995437
Q186492	6000000020059933398
Q18649239	6000000001163771105
Q18649246	6000000009586874916
Q18649250	6000000009586444706
Q18649278	6000000017666551388
Q186497	6000000025968739433
Q1865106	6000000078616830328
Q18651545	6000000075326775884
Q18652031	6000000074791208256
Q18652150	6000000074791643971
Q18653037	6000000075345778102
Q18653149	6000000038336768984
Q18653188	6000000039744541317
Q18653294	6000000179888552822
Q18653571	6000000071237617076
Q1865421	6000000114588435048
Q18654413	6000000074791716913
Q18654595	6000000006145395922
Q18654600	6000000019283144479
Q1865467	6000000001025614267
Q18654729	6000000053258465030
Q186549	6000000002907724104
Q18655182	6000000020208588765
Q18655279	6000000025500153254
Q18655453	6000000010072921331
Q18655460	6000000081480654755
Q18655488	6000000139511677904
Q18655667	6000000011555534742
Q18655675	6000000011554228904
Q18655679	6000000011555538230
Q18655681	6000000003847759646
Q18655684	6000000011555516098
Q18655732	6000000157018045835
Q186561	6000000015735282881
Q186571	6000000015220985189
Q1865755	6000000023023637138
Q18658163	6000000071224156991
Q18658367	6000000075503875061
Q186585	6000000000824368235
Q186585	6000000011367172210
Q18658541	6000000018152119216
Q18658548	6000000076669376924
Q18658576	4048883542660079391
Q1865875	6000000014208513643
Q18659547	6000000037870507970
Q18660520	6000000000107068055
Q1866116	6000000086842811913
Q1866154	6000000017189171140
Q1866187	6000000017336147448
Q186630	6000000001198282013
Q18663126	6000000024862088479
Q1866328	6000000074687959894
Q18663453	6000000033961360042
Q18663469	6000000003045014409
Q18663486	6000000016196536666
Q18663494	6000000008594418636
Q18663496	6000000024344876033
Q18663497	3813970
Q18663501	6000000022826410904
Q18663524	6000000025765931351
Q1866512	6000000010391609013
Q186652	6000000014097419508
Q18666001	6000000004628259554
Q1866648	6000000060800084077
Q18667290	6000000012121447068
Q18668111	6000000079635092401
Q1866836	6000000025444304867
Q18668382	6000000011898573044
Q18668422	6000000015863733455
Q18668492	6000000011901405239
Q18668508	6000000178003928854
Q18668542	5232011647160029092
Q18668546	6000000000451199396
Q1866863	6000000172505083096
Q18668998	6000000074733467291
Q1866909	6000000001983347866
Q18669251	6000000037746229345
Q1866942	6000000056804353302
Q18669478	6000000054518897821
Q1866958	6000000003149616417
Q18669710	6000000087822520902
Q18669720	6000000002275746115
Q18669760	6000000026589752079
Q18669843	6000000185473393025
Q1866991	6000000009229408234
Q1867002	6000000031985101388
Q18670637	6000000022917819866
Q18670642	6000000003828413735
Q18670681	6000000003052702378
Q18670689	6000000017990641311
Q18670703	6000000017572144817
Q18670717	6000000006836986666
Q18670743	5337789363120024354
Q18670745	6000000001877544370
Q18670763	6000000013832330301
Q18670765	6000000014318422887
Q18670771	390301615380004482
Q18670819	6000000066976460838
Q18670835	6000000026423004837
Q18670846	6000000000667266297
Q18670865	6000000011361436155
Q18670867	6000000029924701267
Q18670881	6000000012800343117
Q18670887	6000000017585885197
Q18670910	6000000017472030469
Q18670918	6000000013651451683
Q18670933	6000000023481658929
Q18670945	6000000000871339705
Q18671035	6000000040048215870
Q18671052	6000000010041401724
Q18671053	6000000010041102983
Q18671064	6000000003243357990
Q18671153	6000000013250880593
Q18671175	6000000017121998854
Q18671176	6000000017122545461
Q18671189	6000000025347235577
Q18671195	6000000026116720878
Q18671202	6000000002898120160
Q18671214	6000000009079093315
Q18671222	6000000027561139629
Q18671223	6000000026050090067
Q18671234	6000000001333160103
Q18671239	6000000030934694845
Q18671285	6000000102034122848
Q18671289	6000000026145431288
Q18671296	6000000006164534799
Q18671323	6000000004129071221
Q18671329	6000000008270854391
Q18671334	6000000032437687964
Q18671358	6000000001220248857
Q18671371	6000000000628755682
Q18671375	6000000081078270087
Q18671392	6000000001781669656
Q18671396	6000000027855602881
Q18671401	6000000015405835434
Q18671417	6000000001443860173
Q18671434	6000000052253102839
Q18671460	6000000012536341793
Q18671482	6000000002419283064
Q18671516	6000000084026765898
Q18671542	6000000020917756402
Q18671616	6000000066543747046
Q18671621	6000000021832145870
Q18671673	6000000046707325649
Q18671704	6000000019113411166
Q18671733	6000000049239975844
Q18671745	6000000055629788002
Q18671753	6000000003714061109
Q18671768	6000000050961334106
Q18671826	6000000016640144314
Q18671867	6000000019846691498
Q18671889	6000000024392893702
Q18671928	6000000006450555077
Q18671961	6000000006098271886
Q18671962	6000000011389382959
Q18671965	6000000020279126821
Q18671989	6000000000770011303
Q18672002	6000000015864155487
Q18672017	6000000006705614854
Q18672027	4318886587780044323
Q18672144	6000000024170059378
Q18672156	6000000017786005057
Q18672208	6000000121019377875
Q18672225	6000000025550351966
Q18672231	6000000006444097280
Q18672250	6000000019068715051
Q18672253	6000000042701291985
Q18672308	6000000084023692003
Q18672410	6000000008262451246
Q18672412	6000000037977165174
Q18672459	6000000006444493441
Q18672544	6000000002740706774
Q18672574	6000000012524679989
Q18672601	6000000028720488364
Q18672602	6000000011312759151
Q18672615	6000000011720413043
Q1867265	6000000085290400872
Q18672655	6000000003280234985
Q18672663	6000000003432521244
Q18672691	6000000000641954098
Q18672729	6000000006444750979
Q18672737	6000000010936565943
Q18672763	6000000011386499723
Q18672778	6000000003877656949
Q18672794	6000000013394643189
Q1867280	6000000136539787000
Q18672848	6000000044134362526
Q18672868	6000000002980005811
Q18672899	6000000026280692944
Q18672924	6000000029145530115
Q18672938	6000000009527489322
Q18672947	6000000013078975168
Q18672983	6000000002603646586
Q18673943	6000000004570711955
Q18673953	6000000021437045806
Q18673961	6000000002115940336
Q18674006	6000000033093377735
Q18674060	6000000027574413131
Q18674089	6000000046473782883
Q18674090	6000000025454242298
Q18674121	6000000076750052075
Q18674140	6000000002799150039
Q18674142	6000000002916808954
Q18674150	6000000064581603977
Q18674167	6000000007869762525
Q18674173	6000000026531587179
Q18674187	5155943613040130444
Q18674270	5285071540800123102
Q18674316	6000000009385841947
Q18674335	6000000067485980831
Q18674357	6000000005236904297
Q18674368	6000000049844218838
Q18674376	6000000015221910817
Q1867442	6000000022916259577
Q18674433	6000000002603279524
Q18674443	6000000007754192099
Q18674697	6000000030785693279
Q186748	6000000012677174405
Q18674803	6000000014420557950
Q18674821	6000000008978121883
Q18674831	6000000014253621434
Q18674902	6000000006788999892
Q18674958	6000000002867285781
Q18675004	6000000017717517837
Q18675382	6000000025537287659
Q18675424	6000000052601913844
Q186757	6000000076892824649
Q18676875	6000000041367765659
Q18676899	6000000001699353209
Q1867714	6000000065091737885
Q18677204	6000000074733021887
Q18677354	6000000011490525999
Q18677377	6000000022789337309
Q18677412	6000000034920679963
Q1867743	6000000070475576193
Q186779	6000000173215050877
Q1867942	6000000032796031539
Q1868	6000000178283922846
Q1868086	6000000020603321908
Q18681	5389692596120118322
Q18681436	6000000071292465055
Q18681457	6000000076462396182
Q18681478	6000000010381009900
Q18681512	6000000008630245029
Q18681523	4821492399060082019
Q186816	6000000087138018888
Q18681634	6000000000144135098
Q1868249	6000000006707075306
Q18682859	6000000027341989532
Q18683228	6000000176413701851
Q18683234	6000000183054577854
Q1868387	6000000038819902110
Q18683978	6000000035583098077
Q18684027	6000000034952756175
Q18684029	6000000172221383563
Q18684125	6000000000782847811
Q18684222	6000000173963160888
Q18684270	6000000044904219039
Q18684323	6000000178582530852
Q18684672	6000000009954518288
Q18684717	6000000111500062828
Q18684838	6000000025374979369
Q18684853	6000000040051752801
Q18685133	6000000163823082854
Q18685474	6000000027545334562
Q1868549	6000000031368138085
Q18685584	6000000002115848777
Q18685595	6000000090273032822
Q1868563	6000000051125451860
Q18685700	6000000022146441844
Q18685707	6000000041156382856
Q18685775	6000000074189095119
Q1868595	6000000019642577174
Q18686454	6000000040239180664
Q1868648	6000000019339773823
Q1868677	6000000001537063401
Q1868688	6000000127956654822
Q18687829	6000000080361474047
Q1868795	6000000089455529971
Q1868814	6000000175327815104
Q1868827	6000000057777321026
Q18688420	6000000050499571852
Q18688426	6000000003038593769
Q18688428	6000000008245475384
Q18688452	6000000006840167245
Q1868847	6000000007258957455
Q18688471	6000000000565818596
Q18688473	6000000006904373785
Q18688477	6000000053325783872
Q18688479	6000000011622052193
Q18688490	6000000100533395824
Q18688500	6000000011949681411
Q18688504	6000000039886475120
Q18688510	6000000000325079867
Q18688518	6000000003229997509
Q18688569	6000000001990764068
Q18688604	6000000010152689643
Q18688614	6000000087261548850
Q18688620	6000000042689766413
Q18688621	6000000136536779971
Q18688646	6000000178934153864
Q18688655	6000000020500756958
Q18688658	6000000016571575126
Q18688659	6000000070311978978
Q18688663	6000000030000211344
Q18688664	4209346513620126540
Q18688667	6000000002859071095
Q18688669	6000000000584589799
Q18688673	6000000011169301853
Q1868959	6000000017357643904
Q186896	6000000018319255595
Q1869016	6000000179670215849
Q18690413	6000000042141859297
Q18690415	6000000005781318583
Q18690417	6000000037956472651
Q1869103	6000000022498886970
Q18691613	6000000178970557841
Q18691622	6000000168499607947
Q18691666	6000000168498013282
Q1869196	6000000008816025349
Q1869219	6000000019184723968
Q186924	6000000025742804230
Q1869281	6000000040205214804
Q18692970	6000000023661080177
Q18693092	6000000057097137010
Q18693140	6000000023828950817
Q18693141	6000000023835483238
Q18693198	6000000006402212840
Q18693200	6000000018832143603
Q18693205	6000000120661134875
Q18693226	1548889
Q18693764	6000000001831654586
Q18693765	6000000001831622478
Q18694145	6000000054070167821
Q1869432	6000000014555307149
Q1869442	6000000080078616035
Q18694650	6000000012816065609
Q18695634	6000000030893588833
Q18697565	6000000008199465593
Q1869797	6000000032068154831
Q18698397	6000000025954974144
Q1869845	6000000010123784332
Q1869870	6000000003714066849
Q1869897	6000000013716791113
Q1869986	6000000143909185049
Q1870027	6000000046187329940
Q1870051	6000000023795856943
Q1870154	6000000078846974904
Q187019	6000000025377003089
Q1870206	6000000020931368750
Q1870207	6000000026365749455
Q18702122	6000000003349829358
Q1870245	6000000163773063912
Q18702553	6000000163319937858
Q18702736	6000000070993578161
Q1870280	6000000003827368680
Q18703005	6000000027093918939
Q18703249	6000000026013588972
Q187033	6000000002447374366
Q1870347	6000000089951047889
Q1870351	6000000008195558125
Q187037	6000000040108120007
Q187038	6000000006577111303
Q18704008	6000000151405099864
Q18704080	6000000142890647853
Q18704309	6000000014883805813
Q18704645	6000000002903580756
Q18705007	6000000079249887354
Q18705729	6000000102689622831
Q18705834	6000000057475828014
Q18705848	6000000042268618053
Q18705891	6000000083749626921
Q18705916	6000000045021704969
Q18706030	6000000054982292272
Q1870652	6000000173757369561
Q18706729	6000000041497038077
Q1870701	6000000018762536298
Q18707066	6000000030573957791
Q18707532	6000000019163972183
Q18707695	6000000056518146172
Q18707754	6000000076376623895
Q18707764	6000000021718105095
Q18707767	6000000027633430742
Q1870779	6000000055750922904
Q18707826	6000000025622028906
Q18708252	6000000033993971182
Q1870830	6000000015887960808
Q18708378	6000000020128951193
Q18708388	6000000039276906699
Q1870857	6000000080778293045
Q18708614	6000000038588321124
Q18708625	6000000005024386263
Q18708636	6000000020785218173
Q18708640	6000000003250831127
Q18708642	6000000025818495268
Q18708646	4298414
Q18708656	6000000000702883249
Q18708681	6000000011139056148
Q1870961	6000000174071078475
Q18710375	6000000012164039546
Q1871061	6000000000658151506
Q18710757	6000000077521496053
Q1871079	6000000062824489844
Q18710915	6000000024694708409
Q18710916	6000000076922224831
Q18711058	6000000032301728911
Q18711141	6000000014245978519
Q187113	6000000172658365881
Q18711574	6000000177361361821
Q1871158	6000000002713527412
Q1871159	6000000068978522025
Q18711620	6000000014874582732
Q1871163	6000000093577534872
Q1871168	6000000180373050831
Q18711687	6000000015580045449
Q1871171	6000000059569201944
Q1871174	6000000019898652306
Q18711850	6000000115829644955
Q1871315	6000000007299059332
Q18713260	6000000018337995888
Q18713261	6000000017856466104
Q18713261	6000000190047298080
Q18713262	6000000017867523448
Q18713263	6000000017547683600
Q18713291	6000000121938146436
Q1871332	6000000015452797958
Q1871376	6000000000847128298
Q1871389	6000000026380476072
Q18713910	6000000019540202470
Q1871403	6000000000628796178
Q18714041	6000000177873776861
Q1871414	6000000026492212088
Q18714183	6000000000918899872
Q1871448	6000000070997376991
Q1871449	6000000173915447959
Q1871464	6000000094152774612
Q1871480	6000000002795053367
Q1871483	6000000002825036457
Q187149	6000000000632031531
Q1871523	6000000008563555747
Q18715463	6000000172837074292
Q1871547	6000000022549008351
Q18715522	6000000011173711901
Q1871553	6000000183445193867
Q18715578	6000000034781077054
Q18715613	6000000004868768942
Q18715645	6000000021586366921
Q18715694	6000000173011816833
Q18715724	6000000073063822831
Q18715728	6000000040024109358
Q18715741	6000000013966016968
Q18715744	6000000007995605409
Q18715747	6000000163742196867
Q18715749	6000000186096875103
Q1871575	6000000163741023921
Q18715759	6000000099584265913
Q18715802	6000000000652481073
Q1871582	6000000053950501838
Q18715839	6000000016814091057
Q18715842	6000000009231475477
Q18715845	6000000108509589960
Q1871585	6000000002845009180
Q18715850	6000000085114943057
Q18715851	6000000176934908821
Q18715888	6000000025999912651
Q18715895	6000000066373003946
Q18715914	6000000004158181434
Q18715931	6000000019625204115
Q18715947	6000000120428169846
Q18715964	6000000096713969846
Q18715965	6000000021662172331
Q18716012	6000000165163558821
Q18716014	6000000029979146588
Q18716050	6000000040468437158
Q18716076	6000000106696787180
Q18716078	6000000002494281350
Q18716085	6000000038805349138
Q18716087	359209918750013010
Q18716107	6000000033329564657
Q1871612	6000000181777169839
Q18716138	6000000150795026890
Q18716141	6000000031570002451
Q18716144	6000000017405005877
Q18716161	6000000048722133884
Q18716184	6000000015674221002
Q18716189	6000000111288591932
Q18716200	6000000012105641932
Q18716208	6000000017070447030
Q1871621	6000000056184609127
Q18716211	6000000158059679326
Q18716214	6000000033557858318
Q18716214	6000000042374716782
Q18716251	6000000025519145839
Q18716255	6000000003225570003
Q18716256	6000000007280875356
Q18716259	6000000000687225709
Q1871628	6000000002464391215
Q18716284	6000000010793090357
Q18716290	6000000001877508740
Q18716291	6000000060312690864
Q18716292	6000000024997541307
Q18716304	6000000007199333364
Q18716307	6000000039993295870
Q1871639	6000000012179483217
Q1871648	6000000027895055359
Q187165	6000000001805524576
Q1871674	4612388
Q1871710	6000000008294840695
Q1871716	6000000029471520119
Q1871777	6000000015797709766
Q1871791	6000000116620551965
Q1871824	6000000113219862861
Q1871826	6000000031820231419
Q18718626	6000000054365165844
Q18718715	6000000026477555495
Q18718770	6000000007323855236
Q18718799	6000000094061852885
Q1871910	6000000034314422134
Q18719116	6000000096513055891
Q18719178	6000000044635685330
Q187192	6000000016435664115
Q18719280	6000000004631731393
Q18719378	6000000065991881915
Q1871939	6000000051856435893
Q1871954	6000000034760712292
Q1871979	6000000035467079229
Q187198	6000000184174760827
Q187199	6000000030087102064
Q18720065	6000000000619414178
Q1872015	6000000002916074453
Q18720211	6000000129196389822
Q1872024	6000000014791160163
Q1872040	6000000037476797870
Q18720411	6000000015580044088
Q1872045	6000000086129914872
Q1872081	6000000017071478123
Q187210	6000000009389579311
Q1872103	6000000129892598822
Q1872114	6000000025426652937
Q1872159	6000000024685064128
Q187216	6000000076510934823
Q1872165	6000000002765714170
Q1872169	6000000070664338297
Q1872174	6000000008482471860
Q1872194	6000000029980640043
Q18721967	6000000010051853405
Q1872199	6000000030899245426
Q1872203	6000000028854189911
Q187224	6000000008745399327
Q187241	6000000078492701879
Q187258	6000000007677618258
Q1872630	6000000056337532029
Q187273	6000000177195645831
Q1872862	6000000002562469063
Q1872969	6000000135721212172
Q18729928	6000000004100639011
Q18729981	6000000059703563117
Q18730000	6000000031216626151
Q18730048	6000000009162218658
Q18730087	6000000008630254864
Q18730165	6000000004534564980
Q18730183	6000000019344142148
Q18730184	6000000002810367823
Q18730241	6000000000350936423
Q1873032	6000000007393108318
Q1873033	2169191
Q18730331	6000000003564922724
Q1873039	6000000072446122850
Q18730441	6000000000999335107
Q1873047	6000000083413493987
Q18730515	6000000009515540455
Q18730528	4872440463240032582
Q18730973	6000000054979439918
Q187310	6000000020238588011
Q18731064	6000000019004224126
Q18731151	6000000131678821844
Q187312	6000000000350903117
Q18731218	6000000016460146476
Q18731252	6000000002188477187
Q18731278	6000000026817230124
Q18731345	6000000000471587484
Q18731604	6000000028929949102
Q18732021	6000000009274067684
Q18732048	6000000016937418168
Q18732120	6000000002188385659
Q187325	6000000057994227932
Q18732690	6000000004570673190
Q18732690	6000000088399686662
Q18733021	6000000024771995279
Q1873317	6000000071250992005
Q18733244	6000000110288656848
Q1873330	6000000136879732831
Q1873332	6000000007571191644
Q1873339	6000000014548336425
Q1873349	6000000178602008920
Q187336	6000000001981437740
Q18733702	6000000040187499261
Q18733747	6000000022835021894
Q1873388	6000000000075674900
Q18733956	6000000025049203890
Q18734327	6000000010987467091
Q18734485	6000000004388693595
Q187345	6000000167271006830
Q18734519	6000000008312464521
Q18734534	6000000055703827911
Q18734607	6000000065447815822
Q1873461	310249326060008195
Q1873466	6000000015589055695
Q18735049	6000000191136663831
Q18735062	6000000080059908097
Q18735476	6000000003077377563
Q18735542	6000000032147313064
Q18735564	6000000006444364786
Q1873557	6000000043894360309
Q18735713	6000000002603651439
Q18735733	6000000016911270175
Q1873581	6000000011494732256
Q1873586	6000000145516277217
Q18736084	6000000010031902839
Q18736117	6000000002831295237
Q18736228	6000000015519798074
Q187364	6000000092216765920
Q1873662	6000000133462386878
Q18736829	6000000047936562023
Q1873708	6000000007463068128
Q1873725	6000000080732464880
Q18737252	6000000052683329830
Q18737260	6000000010765279916
Q1873757	6000000030228652717
Q1873761	6000000067095318902
Q1873783	6000000078673070895
Q18738629	6000000006056177019
Q18739203	6000000000081803097
Q1873929	6000000013166668622
Q18739420	6000000001915118986
Q1873944	6000000029664787223
Q18739636	6000000021970046470
Q18739658	6000000110640674837
Q18739681	6000000165177980982
Q18739704	6000000042491325108
Q18739722	6000000041037423173
Q18739747	6000000002759445064
Q1873978	6000000079300988934
Q1873978	6000000096152736251
Q18739844	6000000030967169827
Q1873990	6000000024488925033
Q18739934	6000000043998012463
Q1874008	6000000029103452116
Q18740184	6000000219219101840
Q1874031	6000000176397943827
Q1874037	6000000180931441826
Q1874069	6000000001504807369
Q1874085	6000000023177140139
Q1874123	6000000036884889971
Q187413	6000000001188335471
Q1874142	6000000167256376840
Q1874152	295441
Q1874190	6000000020291514775
Q1874218	6000000085511937908
Q1874230	6000000086907424832
Q1874249	6000000055760550827
Q1874268	6000000026904812223
Q1874278	6000000010693730232
Q1874315	6000000210715263822
Q1874347	6000000175300245163
Q1874356	6000000075800395008
Q1874375	6000000078051794939
Q1874378	6000000018388281264
Q1874380	6000000003863607904
Q1874383	6000000023895059901
Q1874391	6000000035133539052
Q1874392	6000000134942642844
Q1874397	6000000103318587833
Q1874402	6000000027405384024
Q1874404	6000000007091940597
Q1874406	6000000018691433539
Q1874413	6000000024597491113
Q1874446	6000000076777726857
Q1874450	6000000056397010066
Q187447	6000000011717030269
Q18744952	6000000022862386547
Q1874503	6000000014948506085
Q1874511	6000000094061940838
Q1874517	6000000013556301717
Q1874537	6000000011472901450
Q1874539	6000000058159753006
Q1874576	6000000039487177310
Q18745771	6000000165961667898
Q18745905	6000000006598444395
Q1874594	6000000182090023892
Q18745973	6000000015405984411
Q18745987	6000000004097657781
Q18746031	6000000051415076821
Q18746070	6000000069649554919
Q18746124	6000000122843682865
Q1874613	6000000035869082831
Q1874616	6000000000505278901
Q1874653	6000000000517900049
Q18746670	6000000010753619271
Q18746697	6000000013060736487
Q18746824	6000000021358754705
Q18746876	6000000061189912974
Q18747013	6000000114242939824
Q18747045	6000000181948253902
Q18747059	6000000114897471821
Q18747074	6000000150609102272
Q18747085	6000000039248867337
Q18747095	6000000003630158059
Q18747101	6000000022882465184
Q18747107	6000000071945217223
Q18747119	6000000023498657325
Q18747150	6000000018843656826
Q18747152	6000000026310755497
Q18747281	6000000029240727931
Q1874730	6000000037837370036
Q18747370	6000000080078869022
Q18747376	6000000110972342979
Q18747382	6000000025255102987
Q1874742	6000000057597166907
Q1874745	6000000014100364364
Q18747452	6000000146045714880
Q1874773	6000000023880175068
Q1874776	6000000024210712345
Q18747801	6000000023057380946
Q1874781	6000000135075840865
Q1874790	6000000030843406289
Q1874791	6000000008211661216
Q18748110	6000000033054074790
Q18748117	357413110580010470
Q1874821	6000000088010069185
Q1874826	6000000124994510843
Q1874849	6000000171727980731
Q1874869	6000000024566231509
Q18748736	6000000007709560393
Q1874874	6000000026885837729
Q1874878	6000000003209078180
Q18748980	6000000024277253239
Q18749081	6000000010722733898
Q18749205	6000000076116751828
Q1874921	6000000040863021398
Q1874924	6000000032907639499
Q18749289	6000000013442651283
Q1874935	6000000088174553353
Q18749572	6000000023516169908
Q18749592	6000000027237711701
Q18749736	6000000086135815860
Q1875000	6000000000725819387
Q18750082	6000000028869095937
Q18750168	6000000029962880944
Q18750181	6000000021988439430
Q1875021	6000000039303640805
Q1875031	6000000039879447544
Q1875043	6000000026904239337
Q187506	6000000026051471926
Q1875064	6000000073955177986
Q1875071	6000000031179787947
Q1875078	6000000039674881369
Q18750954	6000000000462540034
Q18751014	6000000002006070216
Q18751041	6000000030026530485
Q1875109	6000000039673081345
Q1875130	6000000029513102990
Q1875132	6000000010383196217
Q1875141	6000000022792902034
Q187516	6000000019609871630
Q1875172	6000000002802603811
Q18751737	6000000018465285172
Q1875176	6000000019455605212
Q187520	6000000013428466424
Q1875226	6000000025098405886
Q1875231	6000000107106897822
Q1875246	6000000023938796063
Q1875248	6000000023923213324
Q1875252	6000000004097622927
Q1875267	6000000014001701461
Q1875272	6000000011068995073
Q18752802	6000000018641194988
Q18752883	6000000111579025942
Q18752888	6000000010768153427
Q18752916	6000000006821074956
Q18752917	6000000009573608819
Q1875292	6000000072082311889
Q1875293	6000000096882249864
Q18752942	6000000033603942363
Q18752953	6000000096239737908
Q1875296	6000000007409141861
Q18752973	6000000170814504000
Q18753049	6000000003338345167
Q1875317	6000000035020981913
Q18753194	6000000009263543962
Q1875328	6000000182746314889
Q1875330	6000000064852023096
Q1875338	6000000025411071333
Q18753401	6000000007853961421
Q18753408	6000000054279384904
Q1875345	6000000056574846873
Q1875347	6000000001653262866
Q1875350	6000000046829374847
Q1875352	6000000025326010999
Q18753666	6000000052160555838
Q1875372	6000000015985230944
Q1875380	6000000025497685009
Q18753937	6000000134159313827
Q187548	6000000020960203154
Q1875484	6000000178554845872
Q1875489	6000000067468855931
Q18755260	6000000141165230897
Q18755294	6000000021457028899
Q1875530	6000000037730584923
Q18755666	6000000138901307872
Q18756030	6000000032442811808
Q18756034	6000000015096346349
Q18756041	6000000033421899923
Q18756047	6000000032445362520
Q18756048	6000000033423391308
Q18756049	6000000006983487049
Q18756050	6000000084262133886
Q18756051	6000000041231123221
Q18756053	6000000043099991821
Q18756065	6000000038134634426
Q18756068	6000000036323458712
Q18756071	6000000014403763996
Q18756074	4956649014020080168
Q18756079	6000000005441248083
Q18756083	6000000015462588179
Q18756563	6000000009035927856
Q18756589	6000000000334427013
Q18756614	6000000010234817277
Q18756628	6000000016432082686
Q18756632	6000000005598801643
Q18756645	6000000004289437678
Q18756713	6000000024406023606
Q18756715	6000000014684332084
Q18756758	6000000011410319884
Q18756763	6000000002413476277
Q18756766	6000000012640668440
Q18756768	6000000006444427679
Q18756776	6000000008773286259
Q18756780	6000000008488031966
Q18756800	6000000027824754606
Q18756927	6000000041305389761
Q18756935	6000000014533988777
Q18756948	6000000024514356180
Q18756961	6000000014533657670
Q18756973	6000000051843340833
Q18756992	6000000004671647428
Q18757021	6000000017572263832
Q18757029	6000000004868330138
Q18757054	6000000040239343124
Q18757060	6000000021527309971
Q18757085	6000000000445009989
Q18757212	6000000024406366199
Q18757225	6000000017268221174
Q18757244	6000000038825861904
Q18757249	6000000028742914675
Q18757263	6000000027103918101
Q18757266	6000000016939016481
Q18758118	6000000009896549346
Q1875821	6000000038992516304
Q18758518	6000000002188466189
Q18758520	6000000002188466196
Q18758530	6000000057999466859
Q18758531	6000000166411799267
Q18758543	6000000107605150835
Q18758545	6000000025959756614
Q18758556	6000000057034113907
Q18758573	6000000141062423824
Q18758601	6000000144816955931
Q18758603	6000000173897198880
Q18758609	6000000145528123047
Q18758610	6000000157387356842
Q18758615	6000000142744703822
Q18758623	6000000068365647979
Q18758625	6000000079501525080
Q18758653	6000000144751376895
Q18758654	6000000143248924831
Q18758659	6000000143125819830
Q18758664	6000000168505012910
Q18758669	6000000141037630066
Q18758672	6000000177619154931
Q18758676	6000000163455891012
Q18758746	6000000016830857849
Q1875906	6000000000591885706
Q18759121	6000000032675909257
Q18759123	6000000018667756360
Q18759172	6000000014117782679
Q18759193	6000000007326940265
Q18759237	6000000026391761229
Q18759250	6000000011904110268
Q18759256	6000000028641251058
Q18759265	6000000010575055252
Q18759272	6000000003290387415
Q18759282	6000000000352476893
Q18759294	6000000005582939934
Q18759320	6000000006444378820
Q18759352	6000000002497430172
Q18759360	6000000002831290017
Q18759364	6000000014140989114
Q18759365	6000000054470831946
Q1875937	6000000069458384955
Q18759379	6000000003370273735
Q18759423	6000000003625194307
Q18759431	6000000024295353453
Q18759456	6000000109282987272
Q1875953	332487250960013195
Q18759611	6000000024033196368
Q18759988	6000000062102479107
Q18760019	6000000036632938131
Q18760060	6000000039930585079
Q18760086	6000000042139669841
Q18760089	6000000025180231243
Q18760096	6000000028352618368
Q18760117	6000000024525271157
Q18760119	6000000001169825395
Q187602	6000000007808242270
Q18760657	6000000034728438924
Q1876086	6000000091021991822
Q1876108	6000000150917777002
Q1876111	6000000155821808928
Q1876144	6000000017926641106
Q18761482	6000000073601321370
Q1876157	6000000093437866038
Q1876179	6000000022642729524
Q18761849	6000000081761023828
Q18761901	6000000009076729938
Q18761920	6000000023085201871
Q18761957	6000000015975678055
Q18761975	6000000080061623988
Q1876202	6000000179887169843
Q18762022	6000000000352440347
Q18762032	6000000019773835761
Q18762052	6000000038261745098
Q18762113	6000000011171820471
Q1876212	6000000137601700270
Q18762124	6000000021185125705
Q18762128	6000000003525374777
Q18762167	6000000041133959933
Q1876218	6000000159435916848
Q1876222	6000000155952216834
Q1876226	6000000020178173954
Q1876230	6000000013828916410
Q18762369	6000000032704630281
Q18762412	6000000016777199976
Q18762429	6000000023441240264
Q1876253	6000000142785725831
Q1876266	6000000029187783003
Q1876307	6000000156176047827
Q18763524	6000000181054801832
Q1876364	6000000179127786850
Q18763643	6000000010424711239
Q1876374	6000000166765856047
Q18763787	6000000061720948980
Q18763988	6000000023265447865
Q18764086	6000000016117790569
Q18764191	6000000002878519802
Q1876513	6000000099952804865
Q187660	6000000040990896861
Q1876606	6000000008916010267
Q1876648	6000000057960415065
Q1876655	6000000022853473047
Q1876686	6000000049920574702
Q1876689	6000000001847287995
Q1876743	6000000030229047157
Q18768204	6000000056042794905
Q1876829	6000000011922696199
Q187690	6000000031873100943
Q187697	6000000011558885770
Q1876976	6000000150911471383
Q1877026	6000000012826065865
Q1877044	6000000131247147969
Q1877053	6000000001745074887
Q1877058	6000000015085884568
Q1877060	6000000011049789647
Q1877161	6000000022251973881
Q1877196	6000000016370064514
Q187720	6000000028125129287
Q187737	6000000033737524821
Q1877605	6000000031708743200
Q187761	6000000076982256417
Q187765	6000000065906297875
Q1877650	6000000182609180823
Q1877828	6000000001915399865
Q1877833	6000000001563424554
Q1877845	6000000038708201508
Q1877847	6000000010783989191
Q1877857	6000000181554344889
Q1877878	6000000019444911891
Q1877973	6000000068704397872
Q1878039	6000000037154011944
Q187814	6000000181111842824
Q187818	6000000000596932932
Q187822	6000000025499907278
Q1878224	6000000070857744201
Q1878240	6000000037334093312
Q187832	6000000015701805359
Q18783387	6000000123449304908
Q18783561	6000000010965480212
Q18783589	6000000046343883592
Q18783631	6000000022613873431
Q18783647	6000000081692070163
Q1878376	6000000026146552568
Q18783760	6000000078566189832
Q18783829	6000000008630274236
Q1878395	6000000059511443136
Q18783991	6000000175882390828
Q18784043	6000000020719922362
Q18784053	6000000135058004151
Q18784066	6000000002603670286
Q187844	6000000080116776885
Q1878441	6000000012013899278
Q18784995	6000000163281826949
Q187850	6000000020376410135
Q18785004	6000000056392032968
Q18785024	6000000028474256782
Q18785065	6000000011662062356
Q18785217	5057285507600089200
Q18785846	6000000042551969920
Q18785948	6000000182299805828
Q18785998	6000000127162732834
Q18786047	6000000057422094263
Q18786103	6000000182298898821
Q1878621	6000000015670388115
Q18786212	6000000040656038845
Q18786215	6000000016508985086
Q18786318	6000000176443665822
Q1878648	6000000017388831063
Q18786918	6000000172105327141
Q1878703	6000000016361235793
Q1878710	6000000020113804725
Q1878719	6000000026453539477
Q1878728	6000000006197061985
Q187884	6000000025222634880
Q1878874	6000000024327177168
Q187888	4517883609800058117
Q1879057	6000000009327292285
Q1879074	6000000065069461880
Q187912	6000000001843182825
Q187923	6000000002843623000
Q1879283	6000000200973460838
Q187930	6000000021394042380
Q187935	6000000002614303123
Q1879380	6000000013478016932
Q1879449	6000000075591469189
Q1879455	6000000133981549928
Q1879479	6000000007571712489
Q187948	6000000001010612326
Q1879596	6000000017192163468
Q187966	6000000078664495828
Q18798	6000000008703078207
Q1879810	6000000145777520935
Q187982	6000000011847151011
Q187983	6000000026189087330
Q1879870	6000000015892162353
Q187988	6000000019092963442
Q187998	6000000000350950665
Q1879981	6000000007005336084
Q1880019	6000000000154556617
Q1880099	6000000017505810449
Q188018	6000000038186581826
Q188039	6000000002447249697
Q1880718	6000000019058371263
Q18808293	6000000042483881902
Q1880833	6000000009925227400
Q18808363	6000000076496219850
Q18808370	6000000016044401621
Q18808371	6000000020694648461
Q18808760	6000000024566906448
Q18808763	6000000005250098710
Q18808767	6000000057303328164
Q18808794	6000000012533116755
Q18808797	6000000016565741638
Q18808806	6000000057640428880
Q18808859	6000000013748389988
Q18808896	6000000002170333055
Q18808931	6000000161529662028
Q188093	6000000009172181401
Q18809456	6000000176424492912
Q18810040	6000000000076318703
Q1881019	6000000015775613578
Q1881021	6000000014126995411
Q18810490	6000000107633650085
Q18810539	6000000039255959939
Q18810540	6000000015130581501
Q18810570	6000000013486351837
Q18810574	6000000146734346830
Q18810577	6000000115673523882
Q18810580	6000000002142289669
Q18810602	6000000015298840780
Q18810611	6000000002870176242
Q18810612	6000000006444072721
Q18810636	6000000044576579963
Q18810671	6000000011171679493
Q18810688	6000000107672459821
Q18810716	6000000108309377890
Q18810747	6000000016868481189
Q18810759	6000000044056144080
Q18810771	6000000005100241431
Q18810781	6000000019664772624
Q18810781	6000000064504307857
Q18810784	6000000000029293050
Q18810894	6000000019304542565
Q18810929	6000000004867826793
Q18810940	6000000066022044821
Q18810946	4325531
Q18810952	6000000012896120366
Q18811009	6000000010555778809
Q18811034	6000000055579119988
Q18811047	5295881318840030410
Q18811064	5051904534030028763
Q18811127	6000000007401213802
Q18811151	6000000144456859824
Q18811163	6000000001427670153
Q18811176	6000000015260581596
Q18811179	6000000000502430058
Q18811181	6000000007554616200
Q188113	6000000037309260525
Q18811324	6000000000792321627
Q18811357	6000000006444790028
Q18811431	6000000012535898051
Q18811499	6000000083821348949
Q18811738	6000000078704629151
Q18811779	6000000165582945907
Q18811841	6000000001483050701
Q18811869	6000000150977716079
Q18811880	6000000144812570036
Q18811889	6000000004533185468
Q18811959	5572253510990084583
Q18812015	6000000150846410869
Q18812022	6000000165984004150
Q18812029	6000000150977851845
Q18812110	6000000068447639966
Q18812190	6000000163491242832
Q18812194	6000000164466268989
Q188122	6000000057828219897
Q18812221	6000000150922902902
Q18812228	6000000137377811822
Q18812266	6000000165981266865
Q18812267	6000000082021140097
Q188128	6000000041315902266
Q18812879	6000000032906704617
Q18812990	6000000010708883650
Q18813143	6000000000530508066
Q18813199	6000000007663225453
Q18813209	6000000000973217223
Q18813266	6000000018983182591
Q18813411	6000000004533450985
Q18813645	6000000042857129980
Q188137	6000000016866312964
Q18814201	6000000036259041853
Q1881442	6000000055515923837
Q18814523	6000000102008915907
Q18814524	6000000017398887134
Q18814741	6000000163624174826
Q18814894	6000000007049864717
Q18814902	6000000176077485846
Q18814923	6000000043099955323
Q18814924	6000000154600552830
Q18814944	6000000034151347275
Q18814953	6000000021825517896
Q1881511	6000000021528272779
Q18816327	6000000041099875856
Q18816447	6000000019393877093
Q18816491	6000000024434779336
Q18816515	6000000034841218036
Q18816558	6000000003835977287
Q18816619	6000000006236565887
Q18816629	6000000054308354969
Q18816882	6000000081198668102
Q18817186	6000000024452464944
Q18817311	6000000040733329981
Q18817318	6000000033525189271
Q188176	6000000017776064759
Q18817632	6000000061498108345
Q18818125	6000000046675559895
Q18818562	6000000107633581887
Q18818690	6000000102024120867
Q18818923	372027783680013524
Q18818926	6000000018684568067
Q18819013	6000000006796072320
Q18819015	6000000017749095445
Q18819017	6000000000769993249
Q18819020	6000000053312308049
Q18819036	6000000014408470518
Q18819046	6000000017999040162
Q18819158	6000000031485206103
Q18819217	6000000166192622043
Q18819364	6000000132467436079
Q18819369	6000000027432157497
Q18819375	6000000015298727598
Q18819392	6000000018009822077
Q18819407	6000000002106220565
Q18819451	6000000024032694953
Q18819453	6000000035011204255
Q18819479	6000000053981137303
Q18819485	6000000040734273217
Q18819528	6000000111148198831
Q18819532	6000000018035513707
Q18819533	6000000011126137707
Q18819544	6000000009464326527
Q18819574	6000000011965946193
Q18819616	6000000004079705854
Q188197	6000000021916117727
Q18819734	6000000022448795066
Q18819738	6000000020305777913
Q18819752	6000000018141799753
Q18819811	6000000005442277198
Q18819812	6000000003257194650
Q18819839	6000000019976870102
Q18819840	6000000004534448042
Q188205	6000000002963947585
Q18821783	6000000018653702513
Q18821790	6000000003216108460
Q18821792	6000000005438494191
Q18821794	6000000015167088928
Q18821831	6000000115304753922
Q18821851	6000000003243537556
Q18821858	6000000019809157341
Q18821859	6000000007476049589
Q18821909	6000000010922871814
Q18821934	6000000001013078078
Q1882215	6000000037005512238
Q18822358	6000000022174203477
Q18822388	6000000002278375224
Q188225	6000000022809620735
Q1882292	6000000209743414849
Q1882308	6000000027045143461
Q188235	6000000106492993844
Q1882354	6000000042816763894
Q1882616	6000000013655817648
Q188263	6000000017096407923
Q1882632	6000000017951756492
Q188271	6000000030880528227
Q188280	6000000006811393006
Q188293	6000000020052610924
Q1882937	6000000035392654142
Q188309	6000000136912183881
Q18832	6000000031285055302
Q1883264	6000000077419341919
Q188327	6000000179605763834
Q1883291	6000000017171856598
Q1883296	6000000002386299423
Q1883392	6000000017240296047
Q188342	6000000031959533052
Q1883420	6000000011983839049
Q1883487	6000000002916252452
Q1883504	6000000003339966193
Q1883580	6000000001749560187
Q188361	6000000017471319415
Q188362	6000000004947579006
Q1883652	6000000032589123710
Q1883657	6000000035926466956
Q1883660	6000000151773351833
Q188369	6000000028261383086
Q1883763	6000000183748444844
Q1883834	6000000022311130336
Q1883840	6000000073861952950
Q188385	6000000011913295606
Q188386	4608706
Q188394	6000000181941439833
Q188398	6000000003939254653
Q1884242	6000000039128771575
Q188426	6000000012909541570
Q1884303	6000000020291528609
Q188432	6000000020373546443
Q1884396	6000000013646539527
Q18844140	6000000000625860163
Q18844143	6000000108726332866
Q18844144	6000000000437729060
Q18844163	3855427
Q1884530	6000000071161990236
Q1884567	6000000140334475823
Q1884568	6000000034570607626
Q1884586	6000000007549660465
Q188459	6000000004129554083
Q1884596	6000000006127021893
Q1884602	6000000019380321039
Q1884605	6000000049384253043
Q188461	6000000009352462329
Q1884735	6000000038377595387
Q1884776	6000000018644768539
Q1884788	6000000019233900487
Q188482	6000000014566962751
Q1884917	6000000037739386754
Q188492	6000000002790553181
Q1884937	6000000018807928392
Q188500	6000000046135171193
Q188502	6000000015745119852
Q18851358	6000000006565665048
Q18851367	6000000015510153593
Q188526	6000000217122751879
Q1885329	6000000016199235122
Q1885587	6000000175324677834
Q18855960	6000000075402300905
Q188569	6000000001953355218
Q188570	6000000009114742511
Q18857386	6000000013398383991
Q18857496	6000000006146982460
Q18857516	6000000013333017946
Q18857518	6000000008996616183
Q1885813	6000000085014487144
Q1885817	6000000050275891942
Q1885893	6000000038947672699
Q1885929	6000000005940817322
Q1886056	6000000034321549845
Q1886068	6000000036920844379
Q18862686	6000000004016070416
Q1886284	6000000001025369657
Q188634	370813395120004241
Q1886399	6000000015467145920
Q188648	6000000028787711125
Q1886536	6000000169997527107
Q1886542	6000000035914175619
Q1886600	6000000026215119935
Q1886607	6000000004024142424
Q1886668	6000000178315044850
Q188692	6000000011870297631
Q188696	6000000069497489844
Q188697	6000000019455926536
Q1886985	6000000019090736744
Q1887014	6000000033741466026
Q1887065	6000000068523340390
Q18870652	6000000024707298550
Q18871131	6000000075401843351
Q188726	6000000024715995922
Q18875434	6000000055714841052
Q18875627	6000000046286237229
Q18875679	6000000082914554989
Q18875715	6000000004867680858
Q18875755	6000000002412774057
Q18875788	6000000004225159489
Q18876341	6000000049189530915
Q18876560	6000000019292519666
Q18876709	6000000015747301068
Q18876869	6000000007746942315
Q188772	6000000025956622716
Q18877376	6000000002115809423
Q18877457	6000000013679246237
Q1887757	6000000021908976725
Q18877619	6000000019527838193
Q1887774	6000000043457414390
Q18877800	6000000015412104206
Q1887823	6000000014201036482
Q1887827	6000000007393643379
Q188783	5424460608490068899
Q18878510	6000000002809172715
Q1887904	6000000013819460307
Q1887907	6000000007014401552
Q188792	6000000018311803242
Q18879578	6000000025156529369
Q188798	6000000002245046502
Q18879904	4318775360150030669
Q18880091	6000000162886879832
Q18880201	6000000030552579494
Q18880224	6000000000038054588
Q18880250	6000000006444632100
Q18880257	6000000014511949723
Q18880275	6000000079057993952
Q18880296	6000000016857999888
Q188803	6000000010111917827
Q18880315	6000000013432775505
Q18880389	6000000003853772881
Q18881135	6000000049239989890
Q18881159	6000000011325660775
Q18881205	6000000002188483263
Q18881222	6000000002188517951
Q18881309	6000000002188517967
Q1888557	6000000052020043376
Q188859	6000000017025714637
Q1888602	6000000008046681192
Q188875	6000000003176720746
Q1888785	6000000021213817456
Q18888031	6000000027210978618
Q18888047	6000000089714280072
Q188891	6000000000121501618
Q1888972	6000000018485856362
Q1888989	6000000025692327905
Q1889152	6000000011559739630
Q1889237	6000000011901316300
Q1889242	6000000027664154078
Q188926	6000000001465827019
Q188929	6000000015212868172
Q1889343	6000000100956989892
Q188936	6000000002969916802
Q188939	6000000010571050479
Q1889400	6000000025273829439
Q1889453	6000000013718136502
Q1889527	6000000103836847208
Q188955	6000000009461267929
Q1889636	6000000059085143022
Q188965	6000000000628797052
Q188969	6000000033610431943
Q188971	6000000000677519691
Q188974	6000000000491035488
Q1889743	6000000015654034410
Q1889764	6000000022492666785
Q188980	6000000126298870823
Q188985	352487989110011921
Q1889868	6000000069582425425
Q188999	6000000008959538464
Q1890108	6000000177877102300
Q1890137	6000000025096538952
Q1890139	6000000056281366912
Q189015	6000000093856964978
Q1890240	6000000135047885207
Q1890299	6000000085371646325
Q1890467	6000000148128515854
Q1890518	6000000070059263833
Q18905231	6000000075402666103
Q18905344	6000000075346138032
Q18905369	6000000075398002860
Q18905447	6000000074771597896
Q18905466	6000000074787259168
Q18905473	6000000075502079856
Q18905488	6000000075502054858
Q18905505	6000000074702591034
Q18905525	6000000074705392842
Q18905529	6000000074731732877
Q1890561	6000000010019289668
Q18905627	6000000074747380958
Q18905654	6000000074747288026
Q18905661	6000000074747482901
Q18905665	6000000074747511842
Q18905695	6000000074733845179
Q18905711	6000000075400970730
Q18905728	6000000075499191117
Q18905775	6000000075398634954
Q18905785	6000000075400798321
Q18905889	6000000075401012242
Q18905896	6000000075405668829
Q18905927	6000000074704448377
Q18905961	6000000074711973125
Q18905971	6000000075405686895
Q18906039	6000000074712509860
Q18906059	6000000075346232913
Q18906089	6000000075405176034
Q18906129	6000000075345892013
Q18906145	6000000074729398206
Q18906164	6000000074729706921
Q18906173	6000000075369589821
Q18906175	6000000075346290880
Q18906243	6000000075346198961
Q18906267	6000000074729994883
Q18906277	6000000075501609858
Q18906288	6000000075346346915
Q1890641	6000000018935617146
Q1890642	6000000067834366092
Q18906490	6000000075346226953
Q18906532	6000000074746031216
Q18906562	6000000075401442028
Q18906592	6000000075344751071
Q18906627	6000000074749862891
Q18906636	6000000074716750251
Q18906640	6000000074716942238
Q18906675	6000000075401670871
Q18906698	6000000075426518992
Q18906699	6000000074727887197
Q189067	6000000007849589919
Q18906705	6000000074749098273
Q18906793	6000000075337698020
Q18906819	6000000075345227874
Q18906855	6000000075344891869
Q18906952	6000000043404400850
Q18906959	6000000074730414925
Q18906963	6000000075398837055
Q18906968	6000000074730091180
Q18906976	6000000074729903109
Q18906980	6000000074730642860
Q18907003	6000000074729906125
Q18907017	6000000074753656843
Q18907026	6000000075374492821
Q18907032	6000000074736402870
Q18907048	6000000075374576821
Q18907052	6000000074715329836
Q18907054	6000000075401778893
Q18907060	6000000075402634917
Q18907067	6000000075402408000
Q18907069	6000000074714294271
Q18907095	6000000074731603833
Q18907097	6000000075401079054
Q18907129	6000000075423893916
Q18907162	6000000074701692694
Q18907230	6000000075333145566
Q18907254	6000000074711177961
Q1890740	6000000012922534329
Q18907422	6000000149244111821
Q1890752	6000000066420746829
Q18907542	6000000175599990822
Q18907896	82276
Q189080	6000000020986512896
Q189081	6000000002447355588
Q18908195	6000000075346009054
Q18908208	6000000074748198953
Q18908212	6000000075397039641
Q18908241	6000000075327086750
Q18908396	6000000075412140970
Q18908415	6000000074746327901
Q18908441	6000000075423827877
Q18908473	6000000075374538834
Q18908529	6000000075344916929
Q18908549	6000000075398771821
Q18908584	6000000075344260038
Q18908671	6000000075402887058
Q18908684	6000000075403121917
Q18908684	6000000075403221822
Q18908738	6000000074703136297
Q18908744	6000000075345297840
Q18908748	6000000075345299843
Q18908787	6000000074710153891
Q18908886	6000000074759676131
Q18908945	6000000075337928854
Q18908964	6000000075333969072
Q18908990	6000000075326468173
Q18909028	6000000074759175168
Q18909041	6000000074759373959
Q18909054	6000000074759559975
Q18909101	6000000075500558345
Q18909170	6000000075405885184
Q1890922	6000000096290315828
Q18909264	6000000075397860908
Q18909327	6000000074732841935
Q1890943	6000000010732975932
Q18909469	6000000075405053038
Q18909568	6000000075403108915
Q18910275	6000000077808126042
Q18910295	6000000077323784107
Q18910440	6000000019456955251
Q18910464	6000000027729204462
Q18910470	6000000015519537065
Q18910476	6000000034647578762
Q18910498	6000000034236078747
Q18910512	6000000011024361724
Q18910530	6000000150039357822
Q18910566	5720304801100116000
Q18910588	6000000007038036148
Q18910618	6000000075606090872
Q18910672	6000000016293304433
Q18910689	6000000047925900998
Q18910691	6000000017178717879
Q18910710	6000000180417389832
Q18910714	6000000040030788036
Q18910721	6000000052256401821
Q18910738	6000000002404004501
Q18910748	6000000085569909830
Q18910787	6000000035353386821
Q18910824	6000000148410848860
Q18910843	6000000082694242965
Q18910873	6000000046017949914
Q18910922	6000000108575619937
Q18910943	6000000029555598301
Q18911023	6000000035972890300
Q18911045	6000000081111944607
Q18911088	6000000000715088347
Q18911114	6000000008370497662
Q18911248	6000000001727179242
Q18911299	6000000023307294850
Q18911302	6000000013292593539
Q18911329	6000000022334749432
Q18911354	6000000001452234780
Q18911356	6000000019078226782
Q18911367	6000000057049370046
Q18911385	6000000179048189823
Q18911396	6000000007362752643
Q18911410	6000000018973713706
Q18911415	6000000001608808196
Q18911429	6000000184115410861
Q18911439	6000000007417413995
Q18911456	6000000078638581823
Q18911472	6000000045494367928
Q18911482	6000000001727136908
Q18911486	6000000064102674821
Q18911521	6000000015863803610
Q18911528	6000000003292182900
Q18911531	6000000000466752643
Q18911574	6000000024312996856
Q18911588	6000000210646580830
Q18911603	6000000052636867277
Q18911606	6000000027050412318
Q189117	6000000002478188894
Q18911712	6000000176066001923
Q18911757	6000000012016074231
Q18911794	6000000124376324024
Q18911795	6000000046610214124
Q18911798	6000000006157518019
Q18911849	6000000084449619263
Q189119	6000000019373413056
Q18911985	6000000002208836888
Q18911988	5430051451820059684
Q18912060	6000000028704501698
Q18912080	6000000008011344268
Q18912108	6000000000029459770
Q18912150	6000000025930453833
Q18912151	6000000009560773672
Q18912164	6000000002803334302
Q18912167	6000000000424995672
Q18912184	6000000017555441625
Q18912192	6000000180415458875
Q18912203	6000000001069601173
Q18912282	6000000077435350609
Q1891239	6000000024157014431
Q18912406	6000000059609709933
Q18912419	6000000003481741035
Q18912434	6000000138035951935
Q18912449	6000000008891055797
Q18912471	6000000016037502411
Q18912480	6000000026199584419
Q18912558	6000000012772003332
Q1891257	6000000036742425948
Q18912602	6000000098243279656
Q18912613	6000000157195871822
Q18912649	6000000010355610482
Q18912722	6000000015713369415
Q18912741	6000000014677617068
Q18912747	6000000052024530961
Q18912754	6000000060024870903
Q18912765	6000000023155178950
Q18912804	6000000100745785869
Q18912862	6000000037695286213
Q18913032	6000000007543975209
Q18913057	6000000007548584288
Q18913272	6000000035191370121
Q18913358	6000000089564355871
Q1891338	6000000025295454988
Q18913621	6000000018252712097
Q18913622	6000000173182154892
Q189139	6000000001818397324
Q18913956	6000000071238421922
Q18913970	6000000026227900860
Q18914093	6000000027331361364
Q18914142	6000000063041163821
Q18914143	6000000032226912247
Q189145	6000000092355998834
Q189147	6000000001633550526
Q1891483	6000000030770004870
Q18915138	6000000066303247895
Q18915207	6000000108674173861
Q18915371	6000000015299386546
Q18915376	6000000007407821871
Q18915420	6000000078410921905
Q18915534	6000000048174353007
Q1891579	6000000090936606953
Q18915835	6000000076215705859
Q18916038	6000000019010633035
Q1891615	6000000011382309520
Q18916276	6000000077596627955
Q1891628	6000000007227221061
Q189164	6000000008448822776
Q1891654	6000000014949692429
Q18916594	6000000029978665235
Q18916635	6000000116767741259
Q18916652	6000000011242700577
Q18916689	6000000002802241377
Q18916698	6000000091767761961
Q18916743	6000000087862210879
Q18916754	6000000044549194895
Q18916774	6000000037601935492
Q18916785	6000000005773479221
Q18916787	6000000084546198065
Q18916800	6000000046923480937
Q18916819	6000000005608363698
Q18916823	6000000013331737307
Q18916829	6000000019255060368
Q18916845	6000000084512512872
Q18916850	6000000011629962958
Q18916855	6000000032129775353
Q18916859	6000000179239011836
Q18916871	6000000177094551825
Q18916880	6000000017107135747
Q18916919	6000000019131776260
Q18916924	6000000088671606986
Q18916925	6000000079440240577
Q18916935	6000000024772966783
Q18916940	6000000077289451309
Q18916947	4142921080000077867
Q18916958	6000000012422825237
Q18917002	6000000017516201079
Q18917153	6000000055668383540
Q1891716	6000000025708774582
Q18917184	6000000029857861514
Q18917198	6000000024280330716
Q18917221	6000000008752833940
Q18917258	6000000006757792208
Q18917268	6000000018003258091
Q18917314	6000000017499331262
Q18917351	6000000002491239216
Q18917370	6000000007863014384
Q18917372	6000000052364600895
Q18917379	6000000041967384857
Q18917413	6000000047995092494
Q18917444	6000000176991942893
Q18917476	6000000001891596714
Q18917484	6000000009914874109
Q18917516	6000000007152166233
Q18917540	6000000000595895449
Q18917569	6000000025260746146
Q18917572	6000000017268826617
Q18917575	6000000028580920810
Q18917577	6000000003209425332
Q18917590	6000000016357422115
Q18917645	6000000035581681471
Q18917662	6000000024682735477
Q18917692	6000000003118533387
Q18917711	6000000000703642066
Q1891772	6000000043333897483
Q18918008	6000000031536036020
Q18918593	6000000026866113737
Q18918598	6000000079827979900
Q189186	6000000028766475424
Q18918611	6000000045284330069
Q18918964	6000000081161350980
Q189197	5563459746190071230
Q18919731	6000000041002578469
Q18920298	6000000014092173269
Q18920520	6000000002802960004
Q18920691	6000000171730662997
Q18920898	6000000011724743701
Q18921120	6000000000379234768
Q18921121	6000000000379299566
Q18921139	6000000024499722293
Q18921198	6000000073195592270
Q18921388	6000000032382316365
Q18921416	6000000018572707146
Q18921514	6000000176175894825
Q18921603	6000000050456135943
Q18921667	6000000070683897847
Q18922068	6000000045038040323
Q18922075	387396955380003021
Q18922076	6000000091818774011
Q18922093	6000000011152261508
Q18922113	6000000001367469470
Q18922114	6000000123507658881
Q18922115	6000000013490717230
Q18922201	6000000030127946322
Q18922233	6000000051977783306
Q18922237	6000000003232486335
Q18922264	6000000009793962709
Q18922275	6000000051518974824
Q18922303	6000000003290387423
Q18922388	6000000012103814955
Q18922399	6000000004079799975
Q18922408	6000000037098099262
Q18922665	6000000162133074834
Q18923144	6000000018055946039
Q18923335	6000000004191400583
Q18923346	6000000002848013744
Q18923385	6000000012933164438
Q18923396	6000000076916409365
Q18923397	6000000007538082516
Q18923517	6000000002764979064
Q18923618	6000000150766409844
Q1892362	6000000145582464852
Q189240	6000000049405484964
Q18924258	6000000170300603822
Q18924955	6000000064934559839
Q18924956	6000000156260578853
Q1892514	6000000023357003177
Q1892522	6000000010763023855
Q18926526	6000000090463959862
Q18926742	6000000000315980109
Q18926769	6000000015522801547
Q18926908	6000000123910283868
Q18927075	6000000085632990821
Q18927079	6000000027278063513
Q18927120	6000000006801717436
Q1892714	6000000104202878864
Q1892727	6000000151119616822
Q18927360	6000000009939344774
Q1892814	6000000028187339814
Q1892842	6000000006348524045
Q18928647	6000000090532426848
Q1892932	6000000123929699822
Q1892935	6000000134088299943
Q1892948	6000000006282500259
Q1893008	6000000040517937371
Q189307	6000000156498154857
Q1893200	6000000107266985915
Q1893251	6000000002765648508
Q1893269	6000000013757429002
Q1893332	6000000141039885870
Q1893387	6000000041374434220
Q1893402	6000000099070371821
Q18934053	6000000023854867244
Q1893466	6000000002992110068
Q18934839	6000000014951232969
Q18934929	6000000002764431511
Q189351	6000000017606618406
Q18936037	6000000017572588600
Q18936058	6000000024411808790
Q18936067	6000000006455516064
Q18936086	6000000008201160318
Q18936098	6000000002425212359
Q18936103	6000000006445638014
Q18936128	6000000005598803736
Q18936140	6000000019340634003
Q18936294	6000000063338767833
Q18936474	6000000006843054916
Q189366	6000000003368592723
Q18937384	6000000151145394885
Q1893907	6000000073299368830
Q1893915	6000000178270955847
Q1893979	6000000085454136947
Q189400	5052825637220060728
Q1894021	6000000009359067532
Q1894037	6000000027966787386
Q189407	6000000024727920186
Q189408	6000000001022158675
Q1894088	6000000008289249246
Q18941123	6000000000727425144
Q1894116	6000000180749110850
Q1894164	6000000016293251882
Q1894190	6000000001504701763
Q18943302	5477603131050039361
Q1894344	6000000177434032885
Q189438	6000000051870537631
Q18944168	6000000021720404939
Q1894441	6000000032765386752
Q1894475	6000000080834160669
Q1894476	6000000015325011304
Q1894524	6000000048053432862
Q189453	6000000097623962941
Q189454	6000000014804697596
Q18945464	6000000011038640750
Q18945628	6000000108860957870
Q1894598	4263236840170041011
Q18946201	6000000019812986693
Q189465	6000000013204502237
Q189468	6000000020420522270
Q1894776	6000000021784597895
Q1894800	6000000027167573568
Q1894812	6000000107720829923
Q1894814	6000000010965245848
Q189485	6000000030628815583
Q189488	6000000027323585554
Q189489	6000000041834741838
Q189490	6000000019545055295
Q1894912	6000000166453069874
Q1894917	6000000007329607958
Q1894964	6000000056429288018
Q1895001	6000000077503576067
Q1895015	6000000080198720543
Q1895056	6000000006727855505
Q1895062	6000000018819492020
Q1895118	6000000165559999157
Q18951229	6000000012244238277
Q1895140	6000000023922570505
Q1895161	6000000031758122775
Q1895179	6000000022948276963
Q1895200	4893787581250134006
Q1895252	6000000156549135890
Q189526	6000000009506887340
Q1895285	6000000033549358618
Q18953	6000000042361672674
Q1895317	6000000074662022904
Q189534	6000000020516446475
Q1895343	6000000029038836027
Q1895371	6000000033967606244
Q18954256	6000000079229177883
Q18954334	6000000185454602640
Q18954358	6000000073495514257
Q18954370	6000000098231006822
Q189544	6000000115984890913
Q18954511	6000000082993490649
Q18954528	6000000002563777497
Q18954574	6000000030913417655
Q18954651	6000000019392349896
Q1895470	6000000177607213914
Q1895485	6000000003827650955
Q1895487	6000000007444320507
Q1895514	6000000058005145853
Q189552	6000000045346675857
Q1895548	6000000025005608238
Q1895633	6000000018883265711
Q189564	6000000039260621853
Q1895642	6000000015511100059
Q1895656	6000000016223167180
Q1895659	6000000004355535327
Q1895670	6000000079439892475
Q18957635	6000000002215936393
Q18957638	6000000106865205848
Q18957674	6000000006911449260
Q18957701	6000000002802209216
Q18957787	6000000163932107821
Q1895785	6000000005781845057
Q1895804	6000000034493080639
Q1895832	6000000004183285135
Q1895841	6000000016550050730
Q1895847	6000000016278609982
Q1895904	6000000031850616397
Q189599	6000000015086010892
Q18959978	6000000016745138734
Q1896015	6000000026451623947
Q1896166	6000000056334132991
Q1896195	6000000084500543040
Q1896228	6000000084420195108
Q1896252	6000000023511844328
Q1896325	6000000010193074086
Q1896400	6000000028427995987
Q18964089	6000000015938095622
Q18964091	6000000013925937987
Q18964114	6000000026039099271
Q18964125	6000000018297673326
Q18964134	6000000015444645605
Q18964157	6000000087559420867
Q18964184	6000000016943125472
Q18964282	6000000024682730433
Q1896431	6000000112603191828
Q1896499	6000000039407366346
Q1896515	6000000003828083401
Q1896519	6000000092170297882
Q1896522	6000000049007165928
Q1896530	6000000027484026334
Q189660	6000000089397893925
Q1896672	6000000047016945097
Q189678	6000000025398064507
Q1896790	6000000022787922158
Q189680	6000000077587613850
Q1896820	6000000026890227011
Q1896836	6000000097377575865
Q1896858	6000000018922120822
Q1896869	6000000023303728355
Q1896873	6000000075976229052
Q1896878	6000000039585307070
Q1896905	6000000017121079790
Q18970068	6000000030663279954
Q189716	6000000178606787829
Q1897238	6000000001504793300
Q1897249	6000000011570098384
Q189728	6000000087781247930
Q189729	6000000000817087543
Q1897298	6000000036837347875
Q1897303	6000000020879764056
Q1897311	6000000001504396506
Q1897340	296736264860008985
Q1897354	6000000052470268102
Q1897401	6000000052130226922
Q189741	6000000000544007876
Q1897438	6000000031190616821
Q1897453	6000000182071189858
Q1897454	6000000005572474740
Q1897513	6000000058174138910
Q1897520	6000000024543468209
Q1897541	6000000055309675913
Q1897558	6000000066119587839
Q1897569	6000000024376571342
Q189758	3930934667570041304
Q189762	6000000019756367632
Q1897634	6000000017229481210
Q189766	6000000015794594266
Q1897663	6000000036129285747
Q1897735	6000000009544023785
Q18977353	6000000017546016257
Q18977359	6000000079361111524
Q18977362	6000000101835093942
Q18977392	6000000022524895293
Q18977399	6000000183423601844
Q18977407	6000000078701748968
Q18977410	6000000010383326191
Q18977429	6000000093835420912
Q18977434	6000000070992346254
Q18977450	6000000067546776857
Q18977458	6000000013174926458
Q18977464	6000000016285093968
Q18977467	6000000006821478267
Q18977489	6000000017810980724
Q18977506	6000000175632171832
Q18977515	6000000118395725825
Q18977516	6000000009493746220
Q18977529	6000000020850886735
Q18977565	6000000094609470926
Q18977576	6000000001207695626
Q18977585	6000000019605740212
Q18977586	6000000041628921163
Q18977604	6000000016831028113
Q18977648	6000000176193544844
Q18977651	6000000033519243985
Q18977679	6000000006742185485
Q18977682	6000000040651615804
Q18977689	6000000168182623860
Q18977694	6000000053486221833
Q189779	4103142
Q18978	6000000068505852104
Q1897867	6000000006350831290
Q1897911	6000000177860493859
Q1897963	6000000002979996840
Q189797	3243827
Q189803	6000000013562476720
Q1898039	6000000002344432170
Q1898148	6000000177453092860
Q1898160	6000000183571529898
Q18982030	6000000036266663407
Q18982081	6000000036266422621
Q18982096	6000000036266569341
Q189827	6000000184224868824
Q18982718	6000000073829447105
Q18982939	6000000177264569862
Q18983782	6000000013394450935
Q18983897	6000000027212880222
Q18983937	6000000168907062942
Q189841	6000000022920530430
Q1898593	6000000054107766878
Q1898613	6000000144810825065
Q1898621	6000000150952648849
Q1898633	6000000075224613827
Q1898685	6000000163476916834
Q189869	6000000079782179006
Q1898700	6000000166874958919
Q1898756	6000000014993706421
Q18988084	56272
Q1898833	6000000070478485187
Q189895	6000000001730821530
Q1898971	2836410
Q1899000	6000000027874727515
Q1899002	6000000008394795498
Q1899009	6000000188116946842
Q1899038	6000000069401155833
Q1899123	6000000025108947069
Q1899130	6000000007644626820
Q1899136	6000000037835676163
Q1899144	6000000057377812692
Q1899192	6000000015883999876
Q1899235	379072768610012434
Q1899252	6000000018657315549
Q1899263	6000000014127249376
Q1899326	6000000137116447899
Q189936	6000000179208128861
Q189937	6000000000010594035
Q1899399	6000000034981366634
Q18994	6000000024335229224
Q189947	6000000012378015746
Q1899471	6000000000923181778
Q1899472	6000000040288173946
Q189950	6000000024666256147
Q1899518	6000000038588203652
Q1899771	6000000175915070980
Q1899808	6000000089519086926
Q1899855	6000000033128996974
Q189987	6000000030639254959
Q189992	6000000048903485007
Q1899952	5308159691340061030
Q189997	6000000041300365325
Q1899996	6000000011318835046
Q1900020	6000000015227786174
Q1900039	6000000015648069219
Q1900096	6000000076673518150
Q1900117	6000000010734515181
Q19001523	6000000055017804871
Q1900202	6000000008176810246
Q1900215	6000000083166633892
Q1900218	6000000215255499833
Q1900355	6000000046895961950
Q1900370	6000000018084850368
Q1900486	6000000032479918166
Q190051	6000000015064058888
Q19005516	6000000088339219063
Q190058	6000000003003872009
Q19006	6000000001488398899
Q19006992	6000000019388493673
Q190076	6000000030306770929
Q19007641	6000000151131176825
Q1900799	6000000026322776688
Q19008	6000000009402853859
Q1900828	6000000131439626902
Q1900859	6000000057266419057
Q1900896	6000000075959456502
Q19009	6000000013877160837
Q190094	6000000051082163947
Q1900978	6000000095702657443
Q19011392	6000000078599227902
Q19012248	6000000179288750941
Q1901235	6000000048595825848
Q1901266	6000000063440237827
Q1901366	6000000026187118028
Q1901370	6000000014823864177
Q190148	6000000140487009834
Q1901508	6000000024234798349
Q190151	6000000151000410821
Q190152	6000000016067804731
Q1901584	6000000017618735694
Q190162	6000000044434073973
Q1901656	6000000011145532442
Q19017024	6000000001681048413
Q1901816	6000000029977019411
Q1901818	6000000042220788937
Q1902034	6000000013332562307
Q1902047	6000000019136613007
Q1902106	6000000010561278927
Q190220	6000000025085196468
Q190231	6000000018379168351
Q190232	6000000017045181489
Q1902537	6000000003001142106
Q1902714	6000000014040828072
Q1902717	6000000104957393854
Q1902742	6000000018424724375
Q1902746	6000000009580426115
Q1902782	6000000159786882833
Q1902859	6000000029616110155
Q1902908	6000000013524828363
Q1902912	6000000007920102327
Q1902920	6000000003572587921
Q1902926	6000000008300902242
Q1902935	6000000007705334624
Q190302	6000000017249264744
Q1903026	6000000066933624902
Q1903029	6000000074811118047
Q1903042	6000000019556748071
Q1903099	6000000005561693840
Q19031	6000000076273751885
Q1903105	6000000072028096154
Q1903131	6000000027582681247
Q1903302	6000000177462913892
Q1903332	6000000186728855825
Q1903368	6000000017808289945
Q1903393	6000000020975340831
Q1903438	6000000002215936542
Q1903461	6000000007575472025
Q1903556	6000000111831408089
Q1903561	6000000023852361641
Q19035726	6000000006565713543
Q1903573	6000000015451785131
Q19036019	6000000006764682831
Q1903621	6000000037077193427
Q1903632	6000000036896929142
Q1903663	6000000021038342722
Q19036720	6000000022220671201
Q1903713	6000000019855250260
Q190373	6000000093535642887
Q19037386	6000000041175756047
Q1903781	6000000075548180821
Q19037919	6000000057183455325
Q19038193	6000000032214266911
Q1903824	6000000045996136025
Q19038419	6000000047337920935
Q1903849	6000000079421010249
Q190386	6000000015512020210
Q19039186	6000000015035855545
Q1903961	6000000010779296583
Q1903967	6000000023339848908
Q19039805	6000000041999855914
Q19039917	6000000088982978868
Q1904003	6000000017068582595
Q19040061	6000000050507611072
Q1904022	6000000041346008996
Q19040351	6000000002188517855
Q1904059	6000000011211474102
Q19041017	6000000003612667962
Q19041182	6000000010944981231
Q19041412	6000000024178451083
Q1904150	6000000026632404936
Q1904197	6000000123893375049
Q1904202	6000000000317023866
Q1904219	6000000029141876766
Q1904229	6000000013101316450
Q19042596	6000000171918661400
Q1904265	6000000019766406394
Q19043332	6000000000436892516
Q19043335	6000000011486664723
Q19043546	6000000047471734054
Q1904375	6000000004721212036
Q1904381	6000000018991747192
Q19044164	6000000004871881404
Q1904466	6000000006104649928
Q1904475	6000000087329769875
Q19046	6000000026843691343
Q1904636	6000000023895285627
Q1904638	6000000016414282909
Q1904667	6000000075281956110
Q1904674	6000000086854431587
Q19046792	6000000018458464972
Q1904725	6000000029878012658
Q1904799	6000000019012272300
Q1904834	6000000178354603908
Q190486	6000000013917541685
Q1904865	6000000033510657831
Q1904867	6000000024638954692
Q1904893	6000000116871817839
Q1904913	6000000029925478201
Q1904935	6000000026681326260
Q190495	6000000041237165919
Q190501	6000000029341498920
Q190503	805326
Q1905056	6000000076077894910
Q1905074	6000000151488428825
Q19050839	6000000072248107208
Q1905112	6000000181868935840
Q1905130	6000000065951815821
Q1905131	6000000016163308151
Q190519	6000000002801460818
Q1905224	6000000020761326856
Q190523	6000000015592744567
Q1905242	5551808233300120449
Q1905282	4188888774170041381
Q1905376	6000000145348620854
Q1905558	6000000017504313673
Q190568	6000000019269675857
Q190572	5213355229990023508
Q1905756	6000000017135692217
Q1905759	6000000217392895822
Q190576	6000000012227588217
Q1905796	6000000012254882012
Q19058477	6000000006850808774
Q1905851	6000000153698700850
Q19058668	6000000172778638857
Q19059	6000000156230619966
Q19059378	6000000044556211937
Q19059729	6000000079208553397
Q19059913	6000000210039837826
Q19059917	6000000012657993292
Q19059922	6000000029428472104
Q19059930	6000000153303626928
Q19059937	6000000153303626880
Q1905995	6000000000129400321
Q19060038	6000000179034445860
Q19060139	6000000041558465480
Q19060150	6000000028541034959
Q19060151	6000000025439915329
Q190602	6000000010443693848
Q19060212	6000000017641412578
Q19060220	6000000023135027280
Q19060225	6000000003085401950
Q19060230	6000000013803745261
Q1906026	6000000037793826265
Q19060434	6000000180534502831
Q19060501	6000000141084249840
Q1906053	6000000035360046486
Q1906110	6000000033432678516
Q19061118	6000000175950100822
Q1906150	6000000077893461466
Q1906186	6000000016747014746
Q1906238	6000000026029732555
Q190626	6000000014244100119
Q190628	296437335550004880
Q19063	6000000018100567994
Q1906327	6000000001849663081
Q1906383	6000000043004528122
Q1906390	6000000007033290327
Q1906391	6000000005561941593
Q1906403	6000000083299848131
Q1906506	6000000019842854117
Q1906509	6000000015619862958
Q1906593	6000000140409461822
Q1906597	6000000002301706030
Q1906999	6000000172736611835
Q190723	6000000017046020217
Q19074	6000000023657986209
Q190745	6000000023212685956
Q190756	6000000041298477190
Q1907585	6000000023300412674
Q1907598	6000000043206183197
Q1907604	6000000025501294821
Q1907642	6000000144753070821
Q190766	6000000030018120576
Q1907678	6000000161454977822
Q1907694	6000000182783431835
Q190770	6000000030636894841
Q1907702	6000000070077926861
Q190772	6000000000152184663
Q1907980	6000000034675203861
Q19080	6000000035311920266
Q1908171	6000000000003399714
Q1908347	6000000031397228896
Q1908406	6000000012462702745
Q1908439	6000000028392633450
Q1908581	6000000111013614075
Q1908698	6000000019696477544
Q1908707	6000000074186087948
Q1908714	6000000084439998868
Q1908724	6000000002531220373
Q1908737	6000000019137856559
Q1908739	6000000088073033010
Q1908741	6000000025272772084
Q1908746	6000000002188502125
Q1909095	6000000016200181472
Q1909483	6000000024914905945
Q1909518	6000000020317041437
Q1909523	6000000032639171821
Q1909527	6000000103779439865
Q1909554	6000000070761082525
Q1909566	6000000012569823421
Q1909599	6000000006444283441
Q1909661	6000000016114733123
Q1909795	6000000023867110308
Q1909798	6000000014245056753
Q190994	6000000014755127832
Q190998	323927100030004455
Q1910008	6000000033864815769
Q191004	6000000026269522234
Q191014	6000000002303533319
Q191016	6000000022380326526
Q1910180	6000000017459513604
Q191020	6000000029906254225
Q191021	6000000072979452193
Q1910214	6000000011837215800
Q191023	6000000013551959142
Q1910245	6000000047174463280
Q191026	6000000010800657202
Q191027	6000000009912737685
Q191029	6000000076519921837
Q191037	6000000014715323504
Q191045	6000000013239216812
Q1910451	6000000019051018526
Q191050	328014397620004638
Q1910505	6000000014674814953
Q1910541	6000000040677990214
Q1910628	6000000035864086272
Q1910631	6000000001917617729
Q191064	6000000006918976244
Q1910733	6000000018676072489
Q191084	6000000014557410102
Q191095	6000000014588810522
Q191103	6000000001045265093
Q191104	6000000016379646713
Q1911046	6000000054226088821
Q1911052	6000000177871699834
Q191107	6000000050645938841
Q19111956	6000000010492593994
Q191123	6000000010571647034
Q19112644	6000000010492764987
Q1911297	6000000124248279836
Q1911311	6000000051941763977
Q191132	6000000013622148342
Q1911332	6000000010479431776
Q1911358	6000000032833938066
Q191136	6000000184268103914
Q1911409	6000000140908791317
Q1911426	6000000027474667478
Q1911436	6000000142144282881
Q1911445	6000000026380450962
Q1911486	6000000013628495775
Q191151	6000000136540745827
Q1911545	6000000026024628396
Q1911573	6000000024252296819
Q1911576	6000000019791488162
Q1911599	6000000145603965822
Q1911618	6000000163439584103
Q19116192	6000000010383101297
Q1911638	6000000068422304862
Q1911710	6000000017515159301
Q1911719	6000000019137175916
Q19117268	6000000061480436062
Q1911921	6000000018990858011
Q1911926	6000000120866963827
Q19119508	6000000089971325072
Q1912089	6000000053120501873
Q1912150	6000000035097675844
Q1912161	6000000076112970803
Q1912173	6000000114881205968
Q1912240	6000000025483955877
Q1912248	6000000014130417382
Q1912273	6000000042305247623
Q1912281	6000000060623609875
Q191231	6000000001976884495
Q1912327	6000000083518924341
Q1912328	6000000037839387456
Q1912331	6000000084685138429
Q1912345	6000000036316209046
Q1912361	6000000011692533376
Q1912379	6000000049686426855
Q1912395	6000000178511860848
Q1912397	6000000052425604001
Q1912435	6000000009959089360
Q1912453	6000000013449982913
Q1912461	6000000071363815821
Q1912469	6000000138087272844
Q1912473	6000000078163921303
Q1912477	6000000033191331394
Q1912490	6000000003407136946
Q1912502	6000000013461909074
Q1912505	6000000038937376840
Q1912514	1540852
Q1912519	6000000177607365863
Q1912523	6000000020613913487
Q1912524	6000000015986985761
Q1912535	6000000020546650233
Q19125366	6000000041280978097
Q19125382	6000000007851864642
Q1912552	6000000031419784806
Q1912558	6000000011495692030
Q19125815	6000000173363238834
Q19125816	6000000017516174127
Q1912584	6000000003734613249
Q19125938	6000000024516817042
Q19125961	6000000015653046003
Q1912601	6000000030018356050
Q19126062	6000000181310347829
Q1912685	6000000013102723406
Q1912760	6000000022558662498
Q1912763	6000000069200970012
Q1912795	6000000033767920213
Q1912796	6000000010132237914
Q1912802	6000000036830705164
Q1912807	2015926
Q1912829	6000000018702329794
Q1912843	6000000014533766506
Q1912908	6000000003857092926
Q1912931	6000000017432500395
Q1912938	6000000037796334049
Q1912942	6000000029620550600
Q1912954	6000000001094786149
Q1912990	6000000181927785846
Q1912992	6000000017125355811
Q1912995	6000000073594176125
Q1913001	6000000038027524822
Q1913009	6000000080936176043
Q1913025	6000000024527590755
Q19130401	6000000009437324055
Q1913047	4427258823750043686
Q191311	6000000046572279167
Q1913116	6000000004055816563
Q1913120	6000000031754800961
Q1913124	6000000048195161434
Q19131400	6000000011145609581
Q191321	6000000016626760800
Q1913256	6000000073399198233
Q1913287	6000000000792850380
Q19132985	6000000018462091756
Q19133	6000000075505082377
Q1913307	6000000027388683561
Q1913309	6000000062307817098
Q1913332	6000000053243195866
Q1913340	6000000020923364341
Q1913348	6000000018193820244
Q1913407	6000000090943976384
Q1913492	388682361760004206
Q1913493	6000000011131676325
Q191350	6000000022161106326
Q1913514	6000000016219766001
Q1913527	6000000102753852243
Q191353	6000000016104176700
Q1913531	6000000054163718911
Q1913556	6000000021229127240
Q1913566	5154855373780067969
Q1913578	6000000062360302836
Q1913615	6000000050584492848
Q1913659	6000000006873114015
Q1913686	6000000091647694837
Q1913689	6000000050304536021
Q1913692	6000000070903643821
Q1913694	6000000022884907137
Q1913696	6000000010308333402
Q1913708	6000000026695803464
Q1913720	6000000022259845413
Q1913727	6000000023794352072
Q191375	56273
Q1913921	6000000019923439024
Q1913930	6000000064648844884
Q1913936	6000000019280611312
Q1913939	6000000001195030309
Q1913941	6000000004097604689
Q1913951	6000000128549894823
Q1913963	6000000067031844876
Q1913984	6000000097090556054
Q1913992	6000000025496733061
Q1913998	6000000007812109228
Q1914027	6000000183468705821
Q1914046	379349147510013714
Q1914056	6000000031159912040
Q1914060	6000000027341953046
Q1914075	6000000085823294083
Q191408	6000000003273401952
Q1914083	6000000179309862827
Q1914101	6000000015512223116
Q1914112	6000000183585566849
Q1914128	6000000004122276459
Q1914135	6000000004097614629
Q1914137	6000000019089088351
Q1914140	6000000055983622870
Q1914141	6000000075315786293
Q1914142	6000000080352589929
Q1914145	6000000019871504027
Q1914152	6000000088787842985
Q1914156	6000000081043676213
Q1914160	6000000169798215958
Q1914162	6000000031759845032
Q1914165	6000000003425319299
Q1914167	6000000025647736518
Q1914218	6000000015264403154
Q1914329	6000000038828189988
Q1914331	6000000003209377393
Q19143382	6000000017053343011
Q1914424	6000000074791154413
Q19145334	6000000023434316313
Q19145359	6000000013040675200
Q19145996	6000000047228808879
Q1914634	6000000049821849902
Q191479	6000000002751641929
Q191479	6000000217401031824
Q191480	6000000130766139847
Q191492	6000000044398831555
Q1914976	6000000018077890827
Q1915389	6000000049328214839
Q1915394	6000000176421940841
Q19154	6000000015085994335
Q1915480	6000000014442139986
Q19155	6000000006769679384
Q1915525	6000000150867924845
Q1915676	6000000003013595785
Q1915758	6000000018674712562
Q19158809	6000000017866593158
Q19158949	6000000072697735169
Q1915971	6000000020603449023
Q19159843	6000000021222200841
Q19159969	6000000021222324952
Q1916372	6000000020628474386
Q19167	6000000223504016839
Q1916755	5303344750760061208
Q1916775	6000000024656639982
Q1916833	6000000182056653824
Q1916881	6000000024238253978
Q191696	6000000005762061374
Q1916966	6000000006900904520
Q191702	6000000015592641603
Q191716	6000000007134835929
Q1917464	6000000015986355652
Q191748	6000000011436145955
Q1917484	6000000026407141237
Q19175	6000000016539956269
Q19176	6000000003655442870
Q1917701	6000000022863309548
Q1917727	6000000017297999122
Q191775	6000000151406340881
Q191798	6000000021593174427
Q191799	4829450483730129400
Q1917994	6000000025332132142
Q1918007	6000000091130489278
Q1918097	6000000036202900302
Q1918174	6000000037811917851
Q191819	6000000007255286205
Q1918196	6000000006278937912
Q1918214	6000000013482449510
Q1918253	6000000186316990189
Q191828	6000000015242589230
Q1918340	6000000020943471117
Q191842	6000000026467698025
Q19185	6000000001577395121
Q191850	6000000043232431314
Q19185644	6000000106652989840
Q19185696	4308407647350062040
Q1918641	6000000008868624301
Q1918656	6000000097125851939
Q19187872	6000000093240367821
Q191882	6000000059227554823
Q1918880	6000000053046269939
Q1918882	6000000021894932869
Q1918932	6000000008064983736
Q1918932	6000000021236919572
Q1918987	6000000000350946290
Q1918989	6000000039395416909
Q1919077	6000000029877745360
Q1919078	6000000012093705137
Q1919128	6000000009656216562
Q1919147	6000000134423564051
Q191917	6000000012230847886
Q1919186	6000000050178674906
Q191922	6000000025329709951
Q1919251	6000000020408685788
Q1919358	6000000006510524001
Q19193913	6000000077909141023
Q1919406	345089444080005245
Q1919438	6000000009405277897
Q19194784	6000000082646155387
Q191952	4186284629670041312
Q1919549	6000000020087513211
Q19195654	6000000124381073888
Q191957	6000000004681329836
Q1919579	6000000031095367233
Q19196074	6000000036485858517
Q19196223	6000000019386746987
Q19196268	6000000028506480361
Q191963	6000000134611864913
Q191966	6000000021302416258
Q1919721	6000000107012797228
Q19197226	6000000167886815821
Q19197253	6000000021579926274
Q19197266	6000000084806695131
Q19197380	6000000112850501843
Q191974	6000000016039949220
Q1919762	6000000033163050855
Q19197691	6000000007464095597
Q1919772	6000000001608781618
Q1919779	6000000005406853686
Q1919796	6000000045027199917
Q19198	5450850464990041768
Q191999	6000000015815824394
Q19199964	6000000032373254663
Q192	6000000025081902833
Q19201325	6000000027195873086
Q19201801	6000000019187722464
Q1920212	6000000008591558184
Q1920233	6000000078152917019
Q1920242	6000000028043064090
Q1920296	6000000002081121616
Q19202965	6000000046821575836
Q1920304	6000000100966972822
Q192041	6000000041272376997
Q19204860	6000000045505386184
Q19205097	6000000009066370160
Q19205124	6000000008961071013
Q192052	6000000076935100943
Q19205877	6000000083859887540
Q1920626	5307962079280051746
Q192069	6000000018098426153
Q1920742	6000000024234828876
Q1920783	6000000074782780312
Q19209137	6000000142644086822
Q19209653	6000000052321980852
Q19209706	6000000168136564572
Q1921026	6000000008825593080
Q192104	6000000006822543660
Q192106	6000000030065400314
Q19210625	6000000049735719828
Q1921072	6000000010868378899
Q19210810	6000000025702459821
Q19210948	6000000031850516399
Q19211014	6000000215039538822
Q19211017	6000000179734860832
Q19211024	6000000030531435414
Q192112	6000000041160959287
Q192114	6000000017207415398
Q1921239	6000000056104611002
Q19212436	6000000012240404180
Q192131	6000000144734888838
Q192133	6000000016401223288
Q19214030	6000000044190625856
Q19214102	6000000135076950835
Q19214136	6000000007076492141
Q19214424	6000000024318065961
Q192145	6000000013089349009
Q19214993	6000000010383540210
Q19215014	6000000104527102151
Q19215057	6000000056976519935
Q1921639	6000000042996082022
Q1921674	6000000070632963226
Q192171	6000000015042557764
Q19217977	6000000118831392005
Q19218294	6000000123608780822
Q192185	6000000020485628878
Q19218989	6000000122978802833
Q1922011	336702184640013450
Q1922032	6000000018530964789
Q1922058	6000000017494866096
Q192214	6000000093573261897
Q192217	6000000015962415172
Q192218	6000000008518640970
Q1922184	6000000007403801518
Q1922185	6000000015509058920
Q1922193	6000000035266737987
Q19222923	6000000010383155277
Q19223047	6000000011547450325
Q1922351	6000000039514199935
Q192236	6000000015777181231
Q19223659	6000000002952460202
Q1922402	6000000027917280227
Q192245	6000000009126877247
Q19225581	6000000015116649143
Q19225585	6000000042756020924
Q19226077	6000000084133849169
Q192264	6000000006568482568
Q1922657	6000000080347089367
Q192278	6000000033274999967
Q192279	6000000011358383549
Q192282	6000000000523198273
Q19230323	6000000173414973873
Q1923066	6000000002656267110
Q19231180	6000000179156992860
Q1923123	6000000041250588892
Q192348	6000000068365031967
Q19235121	6000000040680384032
Q1923522	6000000070182208157
Q1923556	6000000204042406843
Q192359	6000000004978052678
Q192361	6000000015794786466
Q19236821	6000000018215178050
Q192377	6000000017897253423
Q1923861	6000000015466974720
Q19238750	6000000178123075825
Q19238840	6000000097792606054
Q19242	6000000024984297696
Q19242002	6000000013896237818
Q19243075	6000000013896373986
Q19243156	6000000181620739832
Q19243787	6000000002829253691
Q19243832	6000000017954628744
Q19243987	6000000013896373369
Q19244588	6000000013896394057
Q19244842	6000000013896228057
Q19245495	6000000009655893014
Q192465	6000000172496233046
Q1924650	6000000024707689570
Q1924664	6000000041233349033
Q19247400	336835722530002651
Q1924847	6000000041837376373
Q1924855	6000000017387157452
Q19248974	6000000013898294973
Q1924909	6000000016182075936
Q1924914	6000000018024199571
Q192496	6000000006121139683
Q19249977	6000000003217277279
Q19250042	4542619033950031993
Q1925023	6000000026025850418
Q192506	6000000015687627799
Q19250889	6000000157852061030
Q1925286	6000000037350473455
Q192544	6000000015772089387
Q192552	6000000179671991821
Q19255231	6000000027578814739
Q192556	6000000041557568139
Q19257634	6000000019624970342
Q19257696	6000000150853475561
Q192577	6000000009395531907
Q19258118	6000000177119733957
Q19258485	6000000173153381885
Q19258831	6000000166647297191
Q19258883	6000000018702770436
Q192592	6000000019093318143
Q19259357	6000000024686956537
Q19259368	6000000022615783499
Q19259377	6000000011453263619
Q19259519	6000000078590976002
Q19259802	6000000025083902045
Q19259882	6000000024172874008
Q19259890	6000000087910785821
Q192603	6000000014301377917
Q19260847	6000000028704940092
Q192615	6000000015435495226
Q1926155	6000000097064552881
Q192618	6000000022498105141
Q1926267	6000000014715265670
Q1926334	6000000005091990224
Q1926337	6000000006996299067
Q192634	6000000177082219852
Q1926407	6000000022987258856
Q192643	6000000035567656715
Q1926505	6000000003640624818
Q192651	6000000021623140493
Q1926677	6000000024209654090
Q19266815	6000000007560919353
Q1926695	6000000003192605840
Q1926717	6000000004294100189
Q1926723	6000000002188586064
Q1926739	6000000154326559844
Q1926783	6000000011302488321
Q1926790	6000000026116614121
Q192682	6000000008052858257
Q19268342	6000000130224852858
Q192685	6000000041095187891
Q1926876	6000000008122844090
Q192688	6000000030009027971
Q192689	6000000041285908104
Q19269206	6000000016409410973
Q192695	6000000040891952575
Q1926999	6000000179165796844
Q1927029	6000000033946782654
Q192707	6000000049406403962
Q1927113	6000000057908567821
Q192712	6000000017206850460
Q192715	6000000030065738926
Q1927169	6000000038001516244
Q192718	6000000030433453606
Q192720	6000000017122417108
Q1927291	6000000032302158432
Q19273352	6000000014685896593
Q19273490	6000000065867993174
Q1927354	6000000015152772947
Q19274833	6000000153303626862
Q19274952	6000000008965493822
Q19275116	6000000024223456287
Q19275150	6000000043608019910
Q1927553	6000000108546411946
Q1927556	6000000014554690305
Q192762	6000000049836122877
Q19277138	6000000069542157827
Q19277151	6000000150854945197
Q19277275	6000000048109626821
Q1927731	6000000062341494857
Q19277376	6000000011549025703
Q19277406	6000000218632888889
Q1927760	6000000024479780448
Q19277689	6000000007703629206
Q19277788	6000000027896399263
Q192778	6000000008366325168
Q19277810	6000000004015569958
Q19277855	6000000000652549219
Q19277932	6000000069479884821
Q19277972	6000000025001057901
Q192780	4586391587580086677
Q19278006	6000000014745047946
Q19278406	6000000008441301659
Q19278821	6000000083961532893
Q19278836	6000000021715353917
Q192789	6000000034879909018
Q19279031	6000000000961693651
Q1927905	6000000077073593931
Q19279056	6000000070688517257
Q19279069	6000000183404149832
Q1927918	6000000033501889007
Q19279227	6000000027256175793
Q19279234	6000000033010161979
Q19279258	6000000067237919095
Q19279289	6000000037128969648
Q19279295	6000000179739780823
Q19279308	6000000014883800554
Q19279560	6000000040258803858
Q1927966	6000000010409381218
Q19279797	6000000038143140714
Q19279812	6000000095653754823
Q19279829	6000000017558632623
Q19280004	6000000008459024181
Q19280013	6000000141344855825
Q1928013	6000000182677058823
Q1928016	6000000032973935754
Q1928024	6000000056281210834
Q19281098	6000000020171745875
Q192812	6000000048925797666
Q1928124	6000000125650644849
Q19281447	6000000020377108388
Q19281662	6000000074580922866
Q19281672	6000000014181756204
Q19281746	6000000020585736054
Q19281795	6000000039324632572
Q192818	6000000068364007935
Q19281916	6000000185398703844
Q19282217	6000000007386031942
Q19282337	6000000012642156751
Q19282347	6000000019419821592
Q19282351	6000000073518984384
Q19282355	6000000003216071055
Q19282361	6000000030170864769
Q19282370	6000000078638068248
Q19282377	5213143519590032234
Q19282386	6000000025888660239
Q19282400	6000000012953216350
Q19282412	6000000009744369745
Q19282417	6000000000977420515
Q19282420	6000000015755812243
Q19282424	6000000000977429407
Q19282426	6000000070970470252
Q19282434	6000000015930289507
Q19282436	6000000028027881679
Q19282440	6000000149842706083
Q1928260	6000000077229039229
Q1928275	6000000010404729270
Q19282962	6000000013633730606
Q19283010	6000000013633455594
Q1928343	6000000018922275329
Q19283827	6000000123423137833
Q19283828	6000000181081547856
Q19283894	6000000033560184425
Q192839	6000000022491843893
Q1928399	6000000016288881649
Q192840	6000000184217121959
Q1928420	6000000026203522263
Q1928430	6000000019298181428
Q19284371	6000000109780225833
Q1928441	6000000171724302374
Q19284468	6000000051602720236
Q19284470	6000000124404844942
Q19284513	6000000075861217856
Q19284530	6000000099203194845
Q19284789	6000000028001172186
Q19284821	6000000045022849887
Q19284833	6000000136065457846
Q19284903	6000000127730177971
Q19284977	6000000130277457908
Q19285105	6000000077503756411
Q19285233	6000000121917130929
Q19285236	6000000011804175478
Q19285263	2156855
Q19285336	6000000082561380142
Q19285436	6000000031819831018
Q19285443	6000000173153460915
Q19285477	6000000010173991955
Q19285493	6000000073766968855
Q19285837	6000000043250640809
Q1928620	6000000089820649834
Q19286415	6000000070951430274
Q19286454	6000000052251396841
Q1928651	6000000069494847898
Q1928662	6000000113374311829
Q19286640	6000000060209964825
Q19286667	6000000037905845957
Q19286800	6000000116536126345
Q19286804	6000000179985550837
Q19286850	6000000055635454239
Q19286893	6000000067955140848
Q19286906	6000000049269092085
Q1928699	6000000008127016360
Q19287000	6000000021198881437
Q19287063	6000000004097643009
Q19287106	6000000056729760828
Q19287111	6000000187591568826
Q19287222	6000000087408441035
Q19287233	6000000040219137041
Q19287611	6000000046829889994
Q19287720	6000000013278872968
Q19287723	6000000127814784862
Q19287733	6000000040863337274
Q1928794	6000000007287694294
Q1928799	6000000033977393281
Q19288283	6000000004533823624
Q19288321	6000000008931542531
Q19288382	6000000039965128956
Q19288524	6000000049186251022
Q19288530	6000000009688934998
Q19288538	5549517934690118599
Q19288600	6000000001823733773
Q192887	6000000048937300088
Q19288732	6000000039470316285
Q19288863	6000000181684075824
Q19289076	6000000121414262859
Q19289120	6000000003758299505
Q19289160	6000000023440935175
Q192893	6000000022756586071
Q192894	6000000003413630935
Q1928942	6000000056824235278
Q1928983	6000000179298799823
Q19290243	6000000096837460920
Q1929042	6000000021293932410
Q192912	6000000015086154913
Q1929174	6000000095429568921
Q192927	6000000014038161249
Q1929407	6000000069973104591
Q19294423	6000000069550207876
Q192948	6000000070741880853
Q19294979	6000000059084895971
Q192950	6000000041126621110
Q19295018	6000000024683869985
Q19295019	6000000024683575306
Q1929502	6000000006776537158
Q19295066	6000000135663704924
Q19295070	6000000109141332841
Q19295151	6000000041149650255
Q1929519	6000000017817766831
Q1929533	6000000210339918829
Q192958	6000000032600433038
Q19295821	6000000166885951078
Q19296148	6000000000061319652
Q1929618	138104
Q19296335	6000000007926311872
Q1929643	6000000171893116480
Q1929672	6000000127907468131
Q19296721	6000000023881444164
Q1929752	6000000108170238850
Q19297734	6000000092475441840
Q19297745	6000000050043144193
Q19297748	6000000022810520006
Q19297770	6000000077126925018
Q19298287	6000000024359165391
Q19298290	6000000004324011125
Q19298333	6000000151990603843
Q1929834	6000000037205968275
Q1929848	6000000017255657429
Q19298523	6000000002953809668
Q192986	6000000008885212501
Q1929876	6000000008267493944
Q192990	6000000003220299351
Q1929933	6000000046923591897
Q19299349	6000000038897040895
Q19299440	6000000179950122057
Q19299463	6000000181081467858
Q19299470	6000000038164706418
Q1929966	6000000017256304059
Q1929979	6000000024400710587
Q19300018	6000000029060365751
Q193005	6000000140290430980
Q19300851	6000000015753471908
Q19300864	6000000015753922395
Q193009	6000000008427599314
Q19300969	6000000015753950303
Q1930109	6000000025582904861
Q19301185	6000000067496924906
Q19301510	6000000124443769073
Q19301743	6000000182816858474
Q193018	6000000069451223937
Q19301952	6000000209890199850
Q19301953	6000000209889993869
Q1930248	6000000013302004177
Q1930252	6000000017709499476
Q19302637	6000000006444075698
Q19302652	6000000007105237696
Q19302671	6000000000351049678
Q19302699	6000000000769872579
Q19302904	6000000006444521107
Q19302928	6000000007060178059
Q19303019	6000000006444585837
Q19303033	6000000006444585824
Q19303034	6000000006444585813
Q19303075	6000000001971690912
Q19303077	6000000007060937150
Q19303079	6000000007139813480
Q19303079	6000000029490155156
Q19303085	6000000003615408444
Q19303126	6000000003615408431
Q1930316	6000000018274364848
Q1930364	6000000193901814829
Q1930385	6000000022884219835
Q193052	6000000184158225900
Q19305544	6000000202011084824
Q193062	6000000002151253235
Q19306805	6000000043080566560
Q1930682	6000000078553519869
Q1930683	6000000021337472257
Q1930684	6000000000414914595
Q1930698	6000000036040214717
Q19307156	6000000138538308870
Q19308413	6000000044817459117
Q19308428	6000000031556516129
Q19308439	6000000169585527855
Q1930875	6000000029350449834
Q19308983	6000000060214214248
Q19309161	6000000009465332803
Q19309542	6000000016793545579
Q1930958	6000000122563215821
Q193102	6000000007190919828
Q19310207	6000000059517462009
Q19310339	6000000089038770968
Q1931046	6000000086073850857
Q193105	6000000031054020476
Q19310558	6000000057312815847
Q1931071	6000000155821372098
Q193108	6000000009467017806
Q1931081	6000000151400505821
Q19310926	6000000083361759399
Q193111	6000000009581031529
Q1931119	6000000145615389822
Q19311536	6000000075691129912
Q19311651	6000000023638139275
Q19311691	6000000181809773840
Q19311726	6000000081087371821
Q19311762	6000000011744423360
Q19311838	6000000023680765412
Q19311845	6000000031514174424
Q19311907	6000000022633008645
Q19312912	6000000008778928032
Q1931356	6000000029804314945
Q1931376	6000000179278898821
Q193146	6000000001650826571
Q19316514	6000000007118512238
Q1931654	6000000014111447533
Q19317165	6000000090709268861
Q19317361	6000000009224259933
Q19317431	6000000009224034819
Q193175	6000000195821204839
Q19317793	6000000017125511568
Q19317854	6000000017127408248
Q19318010	6000000018314874304
Q1931828	6000000019937672631
Q19318341	6000000007101641357
Q1931932	6000000002020693184
Q193212	6000000081717603859
Q1932165	6000000016092628609
Q1932173	6000000140894263821
Q19321781	6000000084837403855
Q19321843	6000000016271914454
Q1932211	6000000108385498955
Q193232	6000000010503422519
Q193236	6000000021579276397
Q19324929	6000000037510936465
Q19324968	6000000029154371110
Q19324976	6000000014818635087
Q19324994	6000000071558933845
Q19325021	6000000018212261086
Q19325075	6000000006727849612
Q19325084	322397145070005159
Q19325088	6000000008640464325
Q19325160	6000000024105074582
Q19325195	6000000013002484896
Q19325209	6000000011851874152
Q19325223	6000000027595932719
Q19325302	6000000017239414524
Q19325316	6000000015864360338
Q19325340	6000000013043758346
Q19325366	6000000025055584503
Q19325435	6000000019432547167
Q19325460	6000000021595891814
Q19325497	6000000002207511707
Q19325499	4554282304760055631
Q19325502	6000000026367444535
Q19325538	6000000022905108520
Q19325542	6000000010868038527
Q19325566	6000000143022047821
Q19325599	6000000004993462200
Q19325602	6000000067721098849
Q19325622	6000000011136763959
Q19325664	6000000019311484153
Q19325676	6000000015746795882
Q19325677	6000000006444128021
Q1932568	6000000010839903555
Q19325681	6000000078638351881
Q19325745	6000000029039292073
Q19325759	6000000009159175601
Q19325767	6000000017881528029
Q19325837	365373372940001808
Q19325866	6000000012452494232
Q1932588	6000000008880724751
Q19325890	6000000005382213603
Q19325910	6000000019866716974
Q19325948	6000000015198212235
Q19325950	6000000002801009806
Q19325950	6000000019090226600
Q19325957	6000000016444069558
Q19325964	6000000003886486903
Q19325969	6000000012536379608
Q19325979	6000000026699967936
Q19326000	6000000025891775202
Q1932654	6000000033822808696
Q19327042	6000000018314857730
Q19327100	6000000016633087162
Q193273	6000000012971126363
Q19327703	6000000001340373602
Q193278	6000000030253495973
Q1932828	6000000002365939538
Q193283	6000000004535122103
Q1932849	6000000009706103382
Q1932869	6000000008904533290
Q19329824	6000000009543733237
Q19329827	6000000095213396844
Q193338	6000000000138948278
Q1933451	6000000013997135511
Q193346	6000000007188094548
Q1933510	6000000054982979858
Q19335528	5270672458270073087
Q19335607	6000000011043558518
Q19335611	6000000053358314890
Q19335628	6000000032461764157
Q193357	6000000011364796967
Q19335942	6000000164960877892
Q19336118	6000000007808169344
Q19336209	6000000009025788146
Q1933646	6000000107513257151
Q19336768	6000000022872546884
Q193368	6000000006193069888
Q19337210	6000000017643794937
Q1933723	6000000000249464634
Q1933740	6000000105455600866
Q19337600	6000000006375785462
Q1933811	6000000006630053444
Q19338983	6000000032399162286
Q19339927	6000000003455229437
Q1933999	6000000070309895013
Q19340050	6000000016494495065
Q19340064	6000000016558721564
Q1934023	6000000031110718903
Q193405	6000000007050524794
Q193406	6000000005385138952
Q1934061	6000000021922643690
Q1934220	6000000071680840114
Q193426	6000000007179382026
Q1934261	6000000010964535844
Q19343981	6000000017401072639
Q19344658	6000000084199012494
Q19344677	6000000032964230893
Q19344699	6000000017400618577
Q19344849	6000000024772840979
Q19344865	6000000024772661751
Q19345088	6000000018001488167
Q193458	6000000046683293903
Q193459	6000000016522547984
Q19346151	6000000002958593461
Q1934624	6000000019854482607
Q1934628	6000000014915740717
Q1934657	6000000016287817957
Q19347164	6000000004293421232
Q19347174	5094759329150100566
Q1934724	6000000038069367424
Q1934977	6000000067170092914
Q193503	6000000024050577149
Q193509	6000000049094271925
Q193513	6000000068536472084
Q19351362	6000000016360248472
Q19351413	6000000000560073835
Q19351483	6000000031801824157
Q193517	6000000016275243528
Q19351777	6000000003217282587
Q1935194	6000000020583257969
Q1935232	6000000017488751794
Q19352898	6000000032533043991
Q19352976	6000000011180410374
Q19353101	6000000004147754735
Q19353532	6000000008306746598
Q19353662	6000000011657318352
Q1935376	6000000016918970373
Q19354207	6000000012273972514
Q19354545	6000000007209581885
Q19355048	6000000186844756824
Q1935518	6000000002188477254
Q19355441	6000000049332498910
Q193555	6000000127140307041
Q19356991	6000000058339852919
Q19357033	6000000052253472885
Q19357685	6000000007339844312
Q19357694	6000000038819833306
Q1935782	6000000041660283631
Q19357965	6000000156548839888
Q19358171	6000000136521003044
Q19358260	6000000133723355825
Q19358898	6000000027126831992
Q19358899	6000000027125984703
Q1935893	6000000078849602975
Q19358934	6000000035110632977
Q1935903	6000000015638394831
Q19359323	6000000002894337974
Q19359336	6000000003221246734
Q19359378	6000000079276961302
Q19359469	6000000077863086894
Q19359506	6000000046252640707
Q1935952	6000000001229527897
Q19359530	6000000042418700214
Q19359553	6000000001845182428
Q19359605	6000000034943840848
Q1936019	6000000003846648796
Q19360484	6000000001983708313
Q19360580	6000000042513663979
Q19360619	6000000177810526833
Q19360632	6000000079151461986
Q19360671	6000000024361092264
Q19360709	298183310170001736
Q193608	6000000008741810195
Q19360815	6000000017717651706
Q19360993	6000000077472416999
Q19361094	6000000081250121821
Q19361155	6000000029097164074
Q19361513	6000000009396416810
Q1936156	6000000008230156025
Q19361586	6000000003910415542
Q19361756	6000000151451731822
Q19361762	6000000157713246823
Q19361773	6000000158538704832
Q1936185	6000000210051185868
Q19361994	6000000032105286585
Q193628	6000000004581163524
Q1936287	6000000156350722836
Q19362870	6000000186005309840
Q193630	6000000041557412829
Q1936310	6000000141112699837
Q19363247	6000000002518425711
Q19363495	6000000020540927190
Q193635	6000000013497210587
Q193637	6000000048617969601
Q19364024	6000000022658022382
Q19364345	6000000015754036047
Q19364436	6000000176887777836
Q193645	6000000015200306934
Q19364786	6000000007210017267
Q193648	6000000079220371516
Q1936490	6000000017833026355
Q19365102	6000000020172483207
Q19365137	6000000013725391458
Q19365191	6000000060209791034
Q1936526	6000000014936397227
Q19365294	6000000041937532550
Q193653	6000000049517600931
Q19365309	6000000123687866885
Q19365391	6000000023680611441
Q19365482	6000000016483819317
Q19365490	6000000086024417869
Q193655	6000000017737813261
Q19365500	6000000026874850338
Q19365505	6000000084565576019
Q19365513	6000000057416535908
Q19365521	6000000033620424938
Q19365545	6000000041562990978
Q19365559	6000000002759619151
Q19365565	6000000006127108894
Q19365566	4223314792950121135
Q193656	6000000011405184524
Q1936608	6000000040726474685
Q19366103	6000000013578288140
Q1936614	6000000017349723124
Q19366281	6000000028048019844
Q19366307	6000000029086462920
Q19366316	6000000058022717288
Q19366466	6000000013112161546
Q19366496	6000000024696573600
Q19366512	6000000003264837413
Q19366517	6000000006444092560
Q19366970	4769399318600052490
Q193672	6000000000405709624
Q193673	6000000015795345060
Q1936730	6000000176704833869
Q19367392	6000000018378162955
Q193675	6000000021101725562
Q193676	6000000031903947615
Q1936768	6000000018442037201
Q193680	6000000018239370400
Q19368417	6000000010433483484
Q193687	6000000093335888886
Q19368922	6000000014784472320
Q19369149	6000000009092675337
Q19369200	6000000175928266901
Q19369322	6000000194810020823
Q19369329	6000000132957580835
Q1936933	6000000022604522613
Q193703	6000000011627151336
Q19370742	6000000134605481821
Q19370831	6000000063853197821
Q19371074	6000000076951980448
Q19371150	6000000032798345968
Q19371176	6000000007180520118
Q19371180	6000000011851536624
Q19371415	6000000007923686026
Q19371424	6000000007923543095
Q19371637	6000000007236370201
Q19371673	6000000011723143687
Q19371692	6000000002738195828
Q19371705	6000000006715556730
Q19371734	6000000020640081038
Q19371857	6000000077650914588
Q19371959	6000000005047856648
Q19371960	6000000019556047676
Q19371976	6000000014602006628
Q1937210	6000000198280721846
Q19372244	6000000018193306211
Q19372247	6000000003012249875
Q19372284	6000000007075478083
Q19372360	6000000173398791508
Q1937244	6000000002997314760
Q19372650	6000000006435137314
Q19372685	6000000000687431528
Q19372686	6000000022393066173
Q19372688	6000000019213098106
Q19372762	6000000018883282279
Q19372764	6000000021730064170
Q19372786	6000000001605647888
Q1937288	6000000019235430168
Q19372906	6000000179037314904
Q19372998	6000000008356095952
Q1937307	6000000009055532804
Q19373125	5500658971810069374
Q19373126	6000000026473581408
Q19373243	6000000031054278824
Q19373551	6000000012618256486
Q19373561	6000000012935080724
Q1937358	6000000007985815700
Q19373584	6000000007403086164
Q1937373	6000000012241084480
Q1937405	6000000007359884368
Q19374206	6000000024238151628
Q193744	6000000047714909838
Q1937440	6000000026578666195
Q19374420	6000000074912208848
Q19374698	6000000030063429163
Q19375134	6000000030063526037
Q19375627	6000000011228022630
Q1937583	6000000017343285210
Q19375984	6000000018456084368
Q19376019	6000000012934750195
Q19376027	6000000007834301937
Q19376210	6000000007885007040
Q19376343	6000000004677838168
Q19376344	6000000019247594821
Q19376360	6000000019557519095
Q19376371	6000000020377962925
Q1937666	6000000023513764610
Q19376978	6000000018895352512
Q19377501	6000000006567194995
Q19377632	6000000006567086692
Q1937783	6000000028914268150
Q1937877	6000000006715151371
Q1937917	6000000002188440688
Q19379517	6000000018914302619
Q1937978	5487563540530120551
Q19380257	6000000009644399287
Q193803	6000000025049315674
Q19380449	6000000006590015277
Q1938101	6000000177237778857
Q19381038	6000000065126060842
Q193815	6000000002115934280
Q1938236	6000000064010030131
Q1938259	6000000024622507124
Q19382946	6000000007236111374
Q19382991	6000000024985990857
Q1938430	6000000031587852977
Q19384391	5163005181600104673
Q19384487	6000000013495619888
Q19384488	6000000003902477587
Q19384497	6000000017813399130
Q19384951	6000000009644388262
Q19385182	6000000052284014821
Q193857	6000000019175333144
Q19386139	6000000042579661038
Q19386227	6000000051256839833
Q19386565	6000000019587884514
Q19386715	6000000023061961838
Q1938677	6000000179117081918
Q193871	6000000073482034821
Q193874	6000000004869028859
Q1938740	6000000006801993715
Q193876	6000000017275309342
Q19387900	6000000010046181627
Q1938816	6000000177640692865
Q1938893	6000000146824836822
Q1938939	6000000004831705236
Q19391043	6000000012083948868
Q1939139	6000000001948964359
Q19391546	6000000014221237385
Q19391653	6000000017952475697
Q19391702	6000000014945818375
Q19391954	6000000017952801946
Q19392383	6000000015696928041
Q19392414	6000000028300710342
Q19392420	6000000018153322053
Q19392764	6000000004533635453
Q19392787	6000000200795257830
Q19392813	6000000033475764277
Q19393698	6000000077115372837
Q1939373	6000000009397132861
Q19393962	6000000010769393596
Q1939469	6000000040004931110
Q1939475	6000000100366555841
Q19397139	6000000011169570980
Q193987	6000000002639732999
Q19398702	6000000000527045944
Q19398703	6000000012047049274
Q19398707	6000000013461331515
Q19398801	6000000187374809828
Q19398842	6000000169353690965
Q193992	5167659436330047938
Q19399803	6000000069639333975
Q194000	6000000004243073712
Q19400644	6000000040171141131
Q194008	6000000003828171615
Q19401833	2507534
Q19402295	6000000156763941832
Q19402711	6000000032607246897
Q19403107	6000000142748856831
Q1940327	6000000014255003115
Q19403273	6000000140309652833
Q19403283	6000000044362881000
Q19403344	6000000143111761857
Q19403398	6000000003932305626
Q1940363	6000000049825586874
Q19403632	6000000005599052942
Q19403830	6000000037201053309
Q19403924	6000000069642485846
Q1940399	6000000048793297824
Q19404158	6000000163417904014
Q194045	6000000058112684981
Q19404834	6000000006127284484
Q19406102	6000000075555004878
Q19407696	6000000064813772079
Q19407768	6000000134359246821
Q19407966	6000000028200129411
Q19408632	6000000031814213950
Q19408639	6000000172927158271
Q19408644	6000000013518686176
Q19409263	6000000178003859834
Q19409426	4181086219930036603
Q19409551	6000000044539134688
Q19410153	6000000177208741860
Q19410367	6000000142900034946
Q19411104	6000000208715840835
Q19411693	6000000178501133824
Q1941254	6000000038128933319
Q1941306	6000000035915617553
Q19413092	6000000140818016853
Q1941315	6000000014129882831
Q19413672	6000000136331348831
Q19414005	6000000001854579784
Q19414322	6000000010503318481
Q19414336	6000000002764475599
Q1941606	6000000112946234960
Q1941730	6000000019977463290
Q1941886	6000000003827424515
Q1941967	6000000008169177294
Q1942054	6000000024831930002
Q19420958	6000000000572202632
Q19421015	6000000006127366031
Q19421311	6000000178480889821
Q194214	6000000004884044177
Q19421656	6000000157651623864
Q19423580	6000000053314394973
Q19423672	6000000031161882833
Q19423692	6000000037833175998
Q19423767	6000000012694973301
Q19423783	6000000143803852884
Q19423832	6000000129074006846
Q19423834	6000000003481629804
Q19423839	6000000021262951172
Q19423873	6000000013153625554
Q19423875	6000000003221236717
Q19423918	6000000000026272025
Q19423926	6000000138905982889
Q19423971	6000000004086410826
Q19423984	6000000014254909500
Q1942498	6000000035733497316
Q19425	6000000050264837916
Q19427794	6000000059805565885
Q194280	6000000008076080196
Q194291	6000000200370057822
Q19432553	6000000051845861996
Q194333	6000000011239322576
Q194363	6000000055398673978
Q1943941	6000000015227907086
Q1943991	6000000015661535908
Q194402	6000000010701505792
Q194419	6000000015086195847
Q19443372	6000000017328764123
Q194436	6000000021557885574
Q1944545	6000000171805117218
Q1944630	6000000037009621279
Q1944667	6000000037118869024
Q1944800	6000000017644997329
Q1944867	6000000040509021393
Q1944912	6000000031547031062
Q1944936	6000000040467467000
Q1945201	6000000017502629568
Q1945204	6000000111748378859
Q1945207	6000000011673594205
Q1945387	6000000054607598853
Q194553	6000000079770568281
Q194559	6000000040414599821
Q1945661	6000000017370037555
Q19457170	6000000016536956496
Q1945758	6000000037840141057
Q1946172	6000000148330125826
Q1946200	6000000034129405548
Q1946287	6000000017402938270
Q19463622	6000000189192029829
Q19463630	6000000189192035836
Q194638	6000000089461913330
Q194647	6000000027562259858
Q1946470	6000000023406383692
Q1946489	6000000023672732752
Q194654	6000000024363648995
Q1946628	6000000018497500597
Q1946678	6000000027737574520
Q1946818	6000000083473759374
Q19469	6000000017963711495
Q1946940	6000000187001534893
Q1947096	6000000049312270823
Q1947119	6000000020799954500
Q19471223	6000000143185553943
Q19471824	6000000015895392285
Q19471856	6000000009006470426
Q1947242	6000000025005787412
Q194725	6000000026814131632
Q1947252	6000000046719917905
Q1947273	6000000016146515074
Q194735	6000000012318018462
Q1947390	6000000015434830469
Q1947391	6000000024848024166
Q194749	6000000004593106175
Q19475097	6000000181999374834
Q19476130	6000000020058489270
Q1947717	6000000025308181207
Q194773	6000000083560038646
Q1947756	6000000002927915949
Q1947768	6000000017718471732
Q1947827	6000000034152378218
Q1947856	6000000084152381858
Q1947858	6000000078160122876
Q1947864	6000000023908836298
Q1947870	6000000040539866868
Q1947882	6000000021637154777
Q1947886	6000000021229072518
Q1947900	6000000016346477743
Q1947906	6000000021541804821
Q1947917	6000000162936633861
Q1947924	6000000116673843938
Q1947948	6000000103404521948
Q194795	6000000024499846383
Q1947958	6000000076113051898
Q1947966	6000000113405181821
Q1947979	6000000064350729283
Q1947998	6000000038322103176
Q1948020	6000000202756380841
Q19480288	6000000005380226442
Q1948037	6000000010825272093
Q1948047	6000000180331448838
Q194805	6000000108543370846
Q1948052	6000000025648605920
Q1948070	6000000026888726204
Q1948074	6000000172668374021
Q1948086	6000000077655054104
Q1948108	6000000017125097525
Q1948114	6000000182178836894
Q1948119	6000000016233150486
Q1948138	6000000007935358350
Q1948141	6000000019817976398
Q1948441	6000000016291162270
Q1948453	6000000003433513467
Q19486126	6000000001199661428
Q1948686	6000000025753312323
Q1948702	6000000020976641984
Q1948738	6000000007031564012
Q1948752	6000000016333560031
Q194881	6000000086985007998
Q1948854	6000000011715512497
Q19489	6000000074791726952
Q1948937	6000000011943688786
Q1948944	6000000015906081715
Q194896	6000000002910877058
Q1948973	6000000026040426958
Q1948980	6000000047338112068
Q1949133	4436414
Q1949140	6000000003186065137
Q1949145	6000000047427831893
Q1949146	6000000016331487702
Q1949147	6000000075815903970
Q1949160	6000000007243107745
Q194917	6000000000583743073
Q1949182	6000000001219320697
Q1949189	3381870
Q1949195	6000000008249503265
Q1949202	6000000015606701173
Q1949227	6000000123283085900
Q1949233	6000000019995336297
Q194926	6000000022875748412
Q1949272	6000000015253063170
Q1949286	6000000137528049457
Q1949376	6000000050689549137
Q194996	6000000015317784484
Q1950	6000000136529710826
Q1950067	6000000062538582584
Q1950110	6000000021389382865
Q195013	6000000004079654753
Q19501884	6000000021193618514
Q19501900	6000000019551549921
Q19501901	6000000027538220525
Q19501917	6000000180813437879
Q19501976	6000000001334833719
Q19501998	6000000078759299058
Q19502003	6000000092351833863
Q19502022	6000000182696083834
Q19502029	6000000042705870603
Q19502075	6000000049738230895
Q19502076	6000000206386735922
Q19502096	6000000002266118347
Q19502127	6000000037703834784
Q19502130	6000000014639792409
Q19502155	6000000023843591381
Q19502199	6000000008048595437
Q195022	6000000083002355842
Q19502266	6000000011772387462
Q19502292	6000000017237814550
Q19502328	6000000023407676913
Q19502331	6000000013523719985
Q19502333	6000000006157231512
Q19502343	6000000014221898722
Q19502354	6000000090904907821
Q19502362	6000000020683043330
Q19502378	6000000015580183818
Q19502388	6000000035987942947
Q19502390	6000000053091390837
Q19502397	6000000008700631235
Q19502414	6000000044793038936
Q19502426	6000000145337827828
Q19502446	6000000038875525393
Q19502460	6000000184957339849
Q19502485	6000000023840177686
Q19502528	6000000003786188216
Q1950258	6000000021290506236
Q19502615	6000000073174445029
Q19504	6000000015690532290
Q195041	6000000152648813869
Q1950436	6000000116376065825
Q1950499	6000000013886889255
Q195057	6000000028376780759
Q19506624	6000000029301548026
Q19506694	6000000052263360834
Q19506795	6000000041175726620
Q19507278	6000000036032838411
Q19507377	6000000031929043821
Q19509427	6000000019977355532
Q1951013	6000000062605552059
Q1951089	6000000063822563974
Q195114	6000000016315171699
Q195129	6000000179570441864
Q19513286	6000000041176084080
Q19513322	6000000015661154908
Q19513327	6000000012428926638
Q19513350	6000000049736863821
Q19513415	6000000025852379640
Q19513569	6000000022627526095
Q19513579	6000000021747146631
Q19513617	6000000010373783212
Q19513701	6000000088593961980
Q19513719	6000000041162710101
Q19513732	6000000040752120588
Q19513828	6000000131475980859
Q19513868	6000000061719832597
Q19513871	6000000039300984851
Q19514514	6000000013135072383
Q1951663	6000000033739075211
Q19516850	6000000020309938733
Q19517147	6000000040320620849
Q19517296	6000000019308596787
Q19517648	6000000039754314888
Q19517682	6000000014551891588
Q19517727	6000000046879304872
Q19517871	6000000011524953681
Q19517922	6000000018201731684
Q19518077	6000000000814542466
Q19518082	6000000054241569864
Q19518121	6000000081764369873
Q19518161	6000000008369648669
Q19518242	6000000181121050824
Q1951828	3963066872430023703
Q19518726	6000000013543377430
Q19518822	6000000002411776290
Q19518876	6000000011736844792
Q1951898	6000000012473683201
Q1951900	6000000016203955890
Q19519145	6000000017839133989
Q19519171	6000000059062380037
Q19519295	6000000178469416836
Q19519501	6000000045917763968
Q19519507	6000000003510709349
Q19519527	6000000037009499192
Q19519753	6000000005454536815
Q19519789	6000000002732878458
Q19519854	6000000015795455995
Q19520162	6000000018088325186
Q19520337	6000000135743715382
Q19520376	6000000013721746506
Q19520908	6000000022639960511
Q19521102	6000000006127564375
Q19521127	6000000019582776543
Q19521698	6000000031831936119
Q195217	6000000015823802781
Q1952207	6000000020088108737
Q19522082	6000000034750856181
Q19522092	6000000022880018322
Q19522131	6000000192607225873
Q1952225	6000000037865683060
Q19522380	6000000001725276086
Q19522673	6000000019344114486
Q1952452	6000000181404925908
Q1952459	6000000015116840061
Q1952541	6000000039395155031
Q195255	6000000115315335885
Q19526	6000000011936550122
Q1952698	6000000009703197622
Q195277	6000000111847496929
Q195301	6000000170075088114
Q1953126	6000000007395174790
Q1953139	6000000015885857267
Q19532	6000000185986912176
Q1953218	6000000027510997703
Q19532419	6000000169616062854
Q195328	6000000013750857942
Q19532814	6000000071473664837
Q1953349	6000000046505611973
Q1953586	6000000022216030811
Q195367	6000000041688684843
Q1953672	6000000024449434101
Q195371	6000000004263115162
Q1953823	6000000016114733099
Q1953865	6000000113529232155
Q195390	6000000011211860583
Q1953978	6000000017318511001
Q195439	6000000089244505924
Q195443	6000000000499422580
Q19544661	6000000008667145777
Q19545149	6000000054363618850
Q19545291	6000000179013588824
Q1954578	6000000053609065193
Q19546082	6000000048757418895
Q19546094	6000000013932840821
Q19546183	6000000012157214232
Q19546183	6000000080760446894
Q19546206	6000000014058059731
Q19546239	6000000014193936745
Q19546867	6000000082350968897
Q19547000	6000000166232298122
Q1954907	6000000054240485052
Q1954970	6000000217992477886
Q1955174	6000000023118890070
Q195520	6000000194593032886
Q195527	6000000035266126130
Q1955282	6000000027325012019
Q1955794	6000000016167858926
Q19559812	6000000043280839981
Q19559884	6000000176417506028
Q19560030	6000000033264515130
Q19560107	6000000022022859224
Q19560165	6000000001831622932
Q19560166	6000000065584682151
Q19560169	6000000018011742079
Q19560276	6000000003493310132
Q19560293	6000000013048365449
Q19560297	6000000019372928854
Q1956039	6000000198924494833
Q19560432	6000000023474865467
Q19560490	6000000036835318058
Q19560548	6000000031861566208
Q19560551	6000000079238981821
Q19560553	6000000003219391781
Q19560562	6000000007097777819
Q19560621	6000000060904879095
Q19560688	6000000020328903851
Q19560768	6000000148035524852
Q1956081	6000000017388831042
Q19560865	6000000180065605823
Q19561031	6000000007677898246
Q19561058	6000000006883146566
Q19561131	6000000026089157611
Q19561211	6000000043303853650
Q1956123	6000000006419984125
Q19561248	6000000018028472374
Q19561499	6000000000211046130
Q19561500	6000000002062990464
Q19561532	6000000130439015853
Q19561601	6000000065848424821
Q1956192	6000000029051546302
Q19562010	6000000007394851872
Q195625	6000000008852373698
Q19564293	6000000004951743995
Q19564311	6000000015549005550
Q19564345	6000000011615899093
Q19564367	6000000041491393067
Q19564401	6000000000952837441
Q19564486	6000000052274884974
Q19565232	6000000018787474044
Q1956542	6000000021522041061
Q1956613	6000000077585422082
Q1956761	6000000017531787137
Q1956809	6000000005024880232
Q1956812	6000000173392736261
Q195691	6000000016795410720
Q195694	6000000014843835034
Q1956990	6000000026037098440
Q1957008	6000000009990508484
Q1957104	6000000173605371988
Q19571502	6000000041835564156
Q1957250	6000000016198967170
Q19573635	6000000048841912848
Q19574364	6000000048204635076
Q1957484	6000000010077915129
Q19574977	6000000166008414842
Q19575043	6000000019234136120
Q19575341	6000000181087904824
Q1957570	6000000095264628870
Q1957578	6000000017329109223
Q195768	6000000003216080343
Q19577314	6000000066484128966
Q195774	6000000019883536190
Q19577462	6000000028526018213
Q19577575	6000000005920414858
Q19577827	6000000007318319403
Q19578007	6000000019341522304
Q19578054	6000000019049023494
Q19578084	6000000016201342524
Q19578086	6000000029700727910
Q19578219	6000000002370577942
Q19578426	370283789770012327
Q19578427	6000000011980281605
Q19578726	6000000014697894836
Q1957978	6000000037430849968
Q19581018	6000000025589019163
Q195825	6000000002188005814
Q1958260	6000000054846237950
Q195828	6000000117992700911
Q19585751	6000000020333529971
Q19586285	6000000081879180050
Q195871	6000000034729254140
Q19587211	6000000004868787593
Q19587239	6000000015634122355
Q19587383	6000000035116484568
Q19587530	6000000000351903656
Q1958761	6000000174388397422
Q19587617	6000000036713799145
Q19587620	6000000184386851902
Q19587625	6000000017690106679
Q1958772	6000000205090945875
Q19587736	4760613683890014564
Q19587799	6000000037672080167
Q19587801	6000000013631558791
Q19587802	6000000000954204112
Q19587899	6000000036160717965
Q1958799	6000000116418496946
Q1958817	6000000030553880750
Q19588608	5507331364560022736
Q19588611	6000000029783887894
Q19588633	5360745575490112526
Q19588642	5360745575540112527
Q19588678	5507373529890068842
Q19589301	6000000021209141246
Q19589451	6000000021390702866
Q19589536	6000000021390309083
Q19589679	6000000025718226125
Q1958980	6000000006892011049
Q19589804	6000000021209046573
Q1959022	6000000006727856059
Q1959033	6000000003273404275
Q19590630	6000000030353958198
Q19591014	6000000069520513307
Q195911	6000000006100311534
Q1959125	6000000010617725203
Q19591311	6000000014551898295
Q1959132	6000000014657191355
Q19591604	6000000021390034456
Q19591830	6000000019057415481
Q19591937	6000000001137473059
Q19592181	6000000007351224261
Q19592505	6000000097045164871
Q195926	6000000006110566035
Q1959285	6000000063708773031
Q1959433	6000000144680485891
Q19594587	6000000046829318845
Q19594621	6000000005775905713
Q19594889	6000000000156961368
Q19594904	6000000022161693077
Q1959495	6000000002709191678
Q19594974	6000000031299667186
Q1959505	6000000034026099252
Q1959523	6000000015478955097
Q1959556	6000000050011108009
Q19596173	6000000210454512858
Q1959637	6000000014320321060
Q1959642	5335293216650069170
Q19596522	6000000070685148904
Q1959653	6000000002188468238
Q19596530	6000000048746028013
Q19596536	6000000038575772901
Q19596548	6000000008231139924
Q1959655	6000000009927064595
Q19596558	6000000010925659885
Q19596559	6000000040184585317
Q19596586	6000000001383080766
Q19596657	6000000047407272871
Q19596679	6000000062749526026
Q19596731	6000000028105026692
Q19596741	6000000139799698717
Q19596765	6000000000664597908
Q19596780	6000000017695778406
Q19596802	6000000003937966046
Q19597055	6000000043466550262
Q1959796	6000000001536676173
Q1959850	6000000114138521872
Q19598732	6000000151463728822
Q1959908	6000000060210574946
Q1959977	6000000002236612599
Q19600052	6000000027288193093
Q19600251	6000000072405395974
Q1960146	6000000063922011964
Q19601649	6000000048051948821
Q19601673	5239226729090079991
Q19601677	6000000035068168850
Q19601679	6000000005599219165
Q1960181	6000000017495030499
Q1960183	6000000011204372391
Q19601968	6000000048830662332
Q19602107	6000000067038260923
Q19602163	6000000057266597887
Q19602204	6000000014738076781
Q19602383	6000000015356494287
Q19602410	6000000095614219967
Q19602700	6000000050859317201
Q1960282	6000000029594690349
Q19602821	6000000048831077051
Q1960285	6000000000001223688
Q1960327	6000000181095971822
Q1960331	6000000065768220821
Q1960347	6000000003645908775
Q1960358	6000000179668893832
Q1960369	6000000009787202662
Q1960380	6000000017289959946
Q196039	6000000004272989579
Q1960412	6000000015400889587
Q19604230	6000000024519019944
Q1960442	6000000016565461923
Q19604476	6000000006573169393
Q196045	6000000032868071065
Q1960450	6000000017197757212
Q1960458	6000000006754827650
Q19604948	6000000004997711677
Q19605014	6000000011491614297
Q19605091	6000000144151307853
Q1960519	6000000031451494893
Q19605252	6000000041111626669
Q19605267	6000000016705847829
Q19605299	6000000017218675349
Q19605301	6000000018069919407
Q1960536	6000000084826954970
Q19605385	6000000007171496355
Q196055	6000000011667146567
Q1960565	312183187720005982
Q19605743	6000000002205452838
Q19605823	6000000011490744587
Q19606398	6000000042783757298
Q1960679	6000000023980340460
Q19606793	6000000012305352000
Q19606849	6000000040308381447
Q1960687	6000000058679124121
Q19606973	6000000016365837991
Q1960718	6000000224506348985
Q19607180	6000000157938845114
Q1960724	6000000014833114473
Q1960734	6000000083437727170
Q1960743	6000000013895631395
Q1960752	6000000008090549494
Q1960775	6000000008315883474
Q1960788	6000000059806847334
Q19607958	6000000040786632564
Q1960808	6000000027655002915
Q1960817	6000000020895659050
Q1960833	6000000009820272449
Q19609273	6000000014589727574
Q19609382	6000000016034466500
Q1960974	6000000006743030273
Q1960990	6000000028045426046
Q1961000	6000000078979128518
Q19610002	6000000012411462023
Q19610048	6000000011403881311
Q1961015	6000000040785297159
Q19610305	6000000017610924263
Q19610307	6000000023701021364
Q1961038	6000000006078824087
Q19610489	6000000177215463822
Q1961056	6000000006167558755
Q19611205	6000000181400252838
Q19611206	6000000177215159822
Q19611504	6000000177222353826
Q1961187	6000000057835317900
Q19611913	6000000010523350553
Q1961193	6000000071668241018
Q19612069	6000000177162993829
Q19612171	6000000177108541822
Q19612223	6000000177060085822
Q1961227	6000000019158662582
Q19612310	6000000176992843829
Q1961244	6000000018164472670
Q1961248	6000000006882400516
Q19612562	6000000176995084841
Q1961257	6000000024987930636
Q19613027	6000000177033310824
Q19613103	6000000177077254823
Q19613374	6000000218374079828
Q19613613	6000000158268043195
Q19614134	6000000032933372158
Q19614253	6000000133373651975
Q19614483	6000000122830137985
Q19614490	6000000018727213345
Q1961456	6000000037581696346
Q19614651	6000000000315668708
Q19614652	6000000003680768813
Q19614686	6000000008532789014
Q19614728	6000000179947863833
Q19614732	6000000178963936824
Q19614742	6000000166446742825
Q19614744	6000000157287046822
Q19614746	6000000147444834952
Q19614783	6000000036813226863
Q19614785	6000000156672939838
Q19614800	6000000178556432895
Q19614802	6000000174432771886
Q19614995	6000000008532754763
Q19615090	6000000008532673919
Q19615466	6000000196817721846
Q19615664	6000000003507878785
Q19616103	6000000040064422263
Q19616324	4779597391830081066
Q1961637	6000000025343811425
Q19616603	6000000002850357727
Q1961682	6000000069642922841
Q1961724	6000000066688244938
Q196185	6000000056987613254
Q19618834	6000000006127564890
Q19619178	6000000001306612132
Q19619237	6000000001320455225
Q1961967	6000000002187837836
Q1961974	6000000073043492007
Q19620364	6000000009593395536
Q1962089	6000000014245055211
Q1962101	6000000017497024411
Q19622395	6000000058127245830
Q19622566	6000000043409149710
Q1962270	6000000118775044823
Q1962332	6000000024585634265
Q19624056	6000000013408750905
Q196263	6000000020530639715
Q1962647	6000000010404816841
Q1962647	6000000202712565005
Q196267	6000000139884934858
Q19626719	6000000004399285195
Q19627618	6000000018570833577
Q19627689	6000000006835762945
Q19627733	6000000023169692932
Q19628017	6000000013500885567
Q19628044	6000000022818345213
Q19628147	6000000087080561003
Q19628202	6000000002188520015
Q19628297	6000000012995755996
Q19628396	6000000018088467211
Q19628478	6000000002808740683
Q19628516	4172503372710048904
Q19628668	6000000119032583153
Q196287	6000000000349635208
Q19628788	6000000014116401698
Q1962883	6000000023250614177
Q19629001	6000000185674830051
Q19629144	6000000006859990954
Q19629176	6000000179435100861
Q19629249	6000000090682002943
Q19629329	6000000016762588572
Q19629350	6000000003828248288
Q19629735	6000000121475900822
Q19629895	6000000008439133628
Q19629916	6000000001353812721
Q19630162	6000000048884395874
Q1963017	6000000067784801848
Q19630510	6000000181714151823
Q19630528	6000000016365772801
Q19630658	6000000002053468321
Q19630856	6000000003151513345
Q19631083	6000000089637177937
Q19631088	6000000015737506764
Q19631108	6000000071855706682
Q19631156	6000000001596017649
Q19631453	6000000134789734903
Q19631530	6000000025653375472
Q19631553	6000000013364949616
Q19631613	6000000025791485296
Q19631627	6000000077866789210
Q19631629	6000000031569615674
Q19631630	6000000012607318607
Q19631636	6000000116914855869
Q19631639	6000000006127381923
Q19632373	6000000078808439233
Q19632432	6000000064620250953
Q1963270	6000000010209689825
Q1963272	6000000036704056910
Q1963291	6000000158074858833
Q1963302	6000000029887196860
Q1963439	6000000002764839428
Q1963472	6000000018624820603
Q1963493	6000000070188530942
Q1963546	6000000014334944900
Q1963681	6000000025308634832
Q1963699	6000000026037875029
Q1963709	6000000078975949885
Q1963764	6000000000260106432
Q1963767	6000000015095892087
Q196401	6000000001046240063
Q19643526	6000000082416107831
Q1964499	6000000116892420853
Q1964518	6000000176541025828
Q19645225	6000000010454973404
Q1964578	6000000014310746114
Q19646080	6000000025818696499
Q19646197	6000000078083481052
Q1964628	6000000003137953543
Q1964661	6000000014147711843
Q1964668	6000000018889734002
Q1964706	6000000003481819455
Q1964709	6000000176252164882
Q1964746	6000000009753160007
Q1964748	6000000065332702835
Q1964761	6000000021593912346
Q1964802	6000000060736232908
Q19648130	6000000014505404539
Q1964821	6000000016296455616
Q19648958	6000000187357717855
Q1964949	6000000013224709449
Q1965159	6000000022062599595
Q1965172	6000000080281713524
Q1965220	6000000061086498867
Q19652597	6000000013486513127
Q1965275	6000000002844058315
Q19653698	6000000023486887116
Q19653699	6000000007988097415
Q19653701	6000000006438046363
Q19653821	6000000003039645253
Q19653862	6000000025817771353
Q19653889	6000000075424937233
Q19653935	6000000074705457858
Q19653959	6000000074687709915
Q19653961	6000000075060123892
Q19653962	6000000019555598218
Q1965442	6000000071293255369
Q19654684	6000000023486853051
Q19654867	6000000026105260330
Q19654922	6000000034369036212
Q19654960	6000000001357040956
Q19654964	6000000035008364465
Q19655022	6000000019907854247
Q19655243	6000000001224079329
Q1965554	6000000036846371174
Q19655846	6000000163838859363
Q19655847	6000000145787489913
Q19655873	6000000017824554953
Q196560	6000000027609021355
Q1965609	6000000010031055075
Q1965713	6000000022736952754
Q1965732	6000000006789818117
Q1965781	6000000020087485179
Q1965794	6000000015827700209
Q19658	6000000073055004898
Q1965942	6000000017944842154
Q19659530	6000000050317171037
Q19659973	6000000110263985825
Q1966002	6000000073725429836
Q1966080	6000000012291293441
Q19660898	6000000008863829180
Q19660949	6000000011164167227
Q19660953	6000000024755070863
Q19660979	6000000062931834821
Q19661013	6000000176799758823
Q19661092	6000000060424551841
Q19661303	6000000004275735044
Q19661449	6000000023937890623
Q19661456	6000000172913820060
Q19661630	6000000054967738033
Q19661707	6000000019047182592
Q1966182	6000000000527047074
Q19661830	6000000080163263900
Q19661920	6000000011039488916
Q1966200	6000000038440949185
Q1966210	6000000028403538066
Q19662310	6000000007705275819
Q19662421	6000000057199221857
Q19662519	6000000153269285838
Q19662591	6000000000544360758
Q19662629	6000000143115083280
Q19662856	6000000056828030899
Q19662892	6000000028665167050
Q1966290	6000000020629686553
Q19662957	6000000014066036212
Q19663045	345849140600011792
Q19663072	6000000042074558484
Q19663080	6000000024241613004
Q19663100	6000000009750181705
Q19663145	6000000015315169442
Q1966318	6000000119142751955
Q19663252	6000000003827737023
Q19663321	6000000011467622487
Q19663506	6000000000352360718
Q19663528	6000000025892961358
Q19663662	6000000053393844833
Q19663693	6000000017405257217
Q19663720	6000000001915834236
Q19663742	6000000018441128020
Q19663939	6000000178510749855
Q19663978	6000000002116376923
Q19664200	6000000025128514344
Q19664218	6000000057668129282
Q19664224	6000000026600959294
Q19664235	6000000062037275831
Q19664272	6000000019284916776
Q19664301	6000000001488272104
Q19664407	6000000173061456544
Q19664539	6000000018438119920
Q19664551	6000000029513608018
Q19664562	6000000027950919283
Q1966457	6000000005028406678
Q19664592	6000000081843000933
Q19664598	6000000012167563509
Q19664619	6000000005403300907
Q19664637	6000000008873809013
Q19664651	6000000001207842367
Q19664661	6000000005250012207
Q1966467	6000000015412863128
Q1966468	2800320
Q19664701	6000000012721169472
Q19664747	6000000040094917452
Q19664783	6000000001299298434
Q19664854	6000000017942769034
Q19664917	6000000007961119079
Q19664962	6000000019953925803
Q19665041	6000000006127131778
Q19665139	6000000057857919822
Q19665185	6000000007345615695
Q19665217	6000000026903103152
Q19665274	6000000006839271152
Q19665319	3280404
Q1966536	6000000001889463774
Q1966538	6000000005740074171
Q19665434	6000000034003824323
Q1966549	6000000182001631821
Q1966551	6000000026663219675
Q1966561	6000000014516020385
Q1966564	6000000026633283839
Q19665670	6000000003273999244
Q19665740	6000000177453464853
Q19665757	6000000000475182060
Q1966582	6000000198006773863
Q19665866	6000000031542779697
Q19666046	6000000009828430600
Q1966609	6000000030905737877
Q19666120	6000000028184477768
Q19666125	6000000182711912825
Q1966615	6000000056736531129
Q1966628	6000000002754236320
Q19666286	6000000048584023260
Q19666294	6000000081797041887
Q19666337	6000000002978979131
Q1966635	6000000003271711507
Q19666355	6000000020316919088
Q19666388	6000000174871391155
Q19666434	6000000016309838449
Q19666475	6000000070910521825
Q19666501	6000000178302039843
Q19666507	6000000023686911063
Q19666519	360027699480013218
Q19666549	6000000026601127157
Q19666699	6000000004079619960
Q19666717	6000000072975674160
Q19666721	6000000036636011078
Q19666840	6000000004079705997
Q19666843	6000000063219806870
Q1966689	6000000004592936356
Q1966705	6000000061707610908
Q19667068	6000000015936271326
Q1966707	6000000020378665232
Q19667104	6000000019281287195
Q1966712	6000000015276290898
Q1966714	6000000062944423821
Q19667157	6000000003028946942
Q1966716	6000000020379086866
Q19667176	6000000020147851482
Q1966724	6000000022670687557
Q19667257	6000000038856775885
Q19667275	6000000047379003906
Q19667280	6000000015380197856
Q19667299	6000000052644764885
Q1966730	6000000023821883109
Q19667320	6000000078492622918
Q19667322	6000000163422940694
Q19667324	6000000011072051767
Q19667351	6000000146343806847
Q1966740	6000000024873211542
Q19667411	6000000046298281855
Q19667467	6000000038895107883
Q19667493	6000000078535141864
Q1966754	6000000020380075109
Q19667594	6000000010568856154
Q19667633	6000000019619876326
Q19667638	6000000022733051500
Q19667664	6000000044188989830
Q19667711	6000000018626713558
Q19667717	6000000073063411033
Q1966777	6000000013152530285
Q19667795	6000000015549022370
Q19667830	6000000015759284200
Q19667865	6000000002860833149
Q1966788	6000000040124804970
Q19667921	6000000040613352864
Q19667926	6000000010923738660
Q19667934	6000000037744187030
Q1966794	6000000006348729254
Q19667982	6000000043711623839
Q19667998	6000000107940483963
Q19668026	6000000061608310173
Q19668044	6000000050895053954
Q1966806	6000000010122122840
Q19668106	6000000191084502822
Q19668116	6000000011516339287
Q19668216	6000000127093307167
Q19668217	6000000041757947266
Q19668228	6000000177403409861
Q19668237	6000000163834340835
Q19668260	6000000018547224733
Q19668308	6000000004594388547
Q19668313	6000000179838904842
Q19668319	6000000019939966732
Q19668340	6000000001002649119
Q19668356	6000000176292573826
Q19668384	6000000043408167320
Q19668386	6000000012981686843
Q19668452	6000000010886560950
Q19668467	6000000065857074836
Q19668497	6000000010263629838
Q19668654	6000000100403991914
Q19668723	6000000003335889173
Q19668775	6000000004047588210
Q19668794	6000000071894638836
Q19668803	6000000003352477315
Q19669234	6000000007045848098
Q1967000	6000000027198854324
Q1967035	6000000016738114331
Q1967093	6000000179535962854
Q19671607	6000000083819896873
Q19672012	5671329553720032474
Q1967282	6000000034076898872
Q19673	6000000003626809721
Q1967335	6000000173776729870
Q1967374	6000000023828281282
Q1967489	6000000053045977843
Q1967627	6000000088810190822
Q1967689	6000000170289053239
Q1967726	6000000105030072797
Q1967762	6000000006359714274
Q1967771	6000000002977414425
Q1967797	6000000026164073035
Q19678109	6000000007183140523
Q1967863	6000000137537162859
Q1968121	6000000015807732733
Q1968142	6000000001484678133
Q19683587	6000000209567148839
Q19683684	6000000003827674092
Q19683691	6000000014949022449
Q19683699	6000000003722701632
Q1968370	6000000071826519832
Q1968450	6000000006444086085
Q19685011	6000000152505147821
Q1968514	6000000011600021390
Q1968517	6000000076048188844
Q19685477	6000000015340325324
Q1968558	6000000000307278041
Q19685737	6000000004240827144
Q19685778	6000000004240720856
Q19685912	6000000013639651681
Q1968705	6000000087142430829
Q1968726	6000000015735577480
Q19687582	6000000014030439786
Q1968767	6000000009200709382
Q1968780	6000000089124827146
Q1968839	6000000014300957752
Q1968896	6000000103467605953
Q19689347	6000000007754092169
Q19689928	6000000019908358079
Q19689943	6000000007423825458
Q19689948	6000000007416355356
Q19689955	6000000003999855437
Q19690123	6000000080946345123
Q1969016	6000000019901260898
Q19690178	6000000178572667899
Q19690186	6000000139682521938
Q19690202	6000000020190318637
Q19690275	6000000030299980871
Q19690286	6000000170850164847
Q19690304	6000000075282891323
Q19690363	6000000078767238354
Q19690369	6000000170174226821
Q19690378	6000000079245864353
Q19690389	6000000014686920410
Q19690409	6000000019294828255
Q19690421	6000000022920458993
Q19690427	6000000011333333793
Q19690429	6000000084591579180
Q19690509	6000000024401793025
Q19690525	6000000024787220077
Q19690566	6000000105306741830
Q19690572	6000000035854613986
Q1969066	6000000195479159822
Q19690728	6000000016280241747
Q19691253	6000000038415934829
Q19691369	6000000007548326531
Q19691379	6000000172441925926
Q19691414	6000000126194831859
Q19691421	6000000006708285671
Q19691443	6000000012976048321
Q19691511	6000000003196658960
Q19691523	6000000111101587939
Q19691541	6000000087165467821
Q19691548	6000000119132519916
Q19691576	6000000099920662896
Q19691578	6000000147765302980
Q19691580	6000000147765302969
Q19691611	6000000015394953648
Q19691673	6000000081846135234
Q19691676	6000000053263567990
Q19691688	6000000013072244619
Q19692070	6000000179103604854
Q19692170	6000000034972603886
Q19692200	6000000174744899854
Q19692530	6000000076696726406
Q19692561	6000000178169935026
Q19692579	6000000017193345938
Q19692594	6000000026189911502
Q19692596	6000000008560476852
Q19692691	6000000002764918813
Q19692693	6000000040656390844
Q19692758	6000000020201247611
Q19692783	6000000164148327849
Q1969281	6000000006362360283
Q19692820	6000000024830994884
Q19692859	6000000016092655375
Q19692860	6000000207500841837
Q19692904	6000000011536828445
Q19692971	6000000000319396110
Q19693018	6000000008440612358
Q19693055	6000000018974847406
Q19693091	6000000012226107720
Q19693092	6000000185560298356
Q19693093	6000000165059768831
Q19693094	6000000124669888897
Q19693109	6000000180945592855
Q19693128	6000000019818666986
Q19693296	6000000005061110012
Q19693317	6000000025916100971
Q19693341	381627643790002293
Q19693355	6000000087130924875
Q1969343	6000000017167063872
Q1969352	6000000008591872140
Q1969367	6000000084057369529
Q1969402	6000000190904910901
Q19694608	6000000003363091618
Q1969461	6000000014130551718
Q19694614	6000000006127719384
Q19694622	5170259818940105204
Q19694623	6000000008807405787
Q1969467	6000000027156705012
Q1969502	6000000014230141064
Q1969627	6000000019395521600
Q1969780	6000000005336565001
Q19697892	6000000078453513578
Q19697917	6000000076227328093
Q19697948	6000000031122106818
Q19697974	6000000015538798156
Q19697995	6000000095491719652
Q19698039	6000000025524153090
Q19698539	6000000072387149547
Q1969888	6000000010524888469
Q1969892	6000000013651103172
Q1970015	6000000008490531965
Q1970026	6000000137558944840
Q1970072	6000000039708095891
Q1970147	6000000040885623829
Q1970201	6000000028627840493
Q1970219	6000000029744785165
Q19702682	6000000058128608023
Q19702744	6000000011601974785
Q19702782	6000000071708354462
Q1970375	6000000024669588638
Q1970462	6000000104667792836
Q19704638	6000000029310114150
Q1970615	6000000007097799715
Q19706170	6000000063126760087
Q1970649	6000000095086141907
Q1970710	6000000181800124848
Q1970735	6000000009466903453
Q19707609	6000000017370080130
Q1970860	6000000007452293284
Q19708656	6000000126089323968
Q19708811	6000000178879012833
Q1970882	6000000003095275207
Q19708863	6000000005885934015
Q1970920	6000000171952582428
Q1970934	6000000043456380621
Q19710215	6000000001106761813
Q19710445	6000000010321356465
Q19710510	6000000006952997505
Q1971146	6000000029874175848
Q19711978	6000000161400941822
Q1971278	6000000036273457461
Q1971288	6000000022139568431
Q1971322	6000000004440088008
Q1971369	6000000051566387281
Q1971417	6000000023909960982
Q1971445	6000000017876670418
Q19715025	6000000042579590026
Q1971524	6000000026280946140
Q197155	6000000011626475651
Q1971562	6000000050651751057
Q1971604	6000000052977051824
Q197162	6000000002536548527
Q197165	6000000075484399822
Q1971716	6000000009693171626
Q1971717	6000000013032106295
Q197172	6000000075406768904
Q1971737	6000000007408428226
Q19717482	6000000092114762252
Q1971791	6000000197078512859
Q1971879	6000000000320232971
Q1971885	6000000022878093631
Q1971889	6000000015962018216
Q19719034	6000000020546504479
Q19720209	6000000018262637529
Q19720538	6000000065922311843
Q19720839	6000000046224332214
Q19721024	6000000121828305194
Q19721037	6000000000895096061
Q1972109	6000000024681293440
Q19721097	6000000037051484689
Q19721105	6000000000006529960
Q19721112	6000000041299721822
Q19721178	6000000041564116266
Q19721180	6000000052176585379
Q19721217	6000000002309876767
Q19721222	6000000034429745089
Q19721223	6000000160707697825
Q19721274	6000000013919422697
Q19721281	6000000178073846825
Q19721428	6000000035412330029
Q19721429	6000000017207643051
Q19721452	6000000008096769474
Q19721690	6000000150976681822
Q1972195	6000000014937988047
Q19721991	6000000004654514949
Q19722033	6000000068881094052
Q1972307	6000000001168489071
Q1972318	6000000009107666144
Q1972325	6000000190492370826
Q19723432	6000000019684646623
Q1972360	6000000053093753977
Q19723896	6000000072112127003
Q1972390	6000000051306992140
Q19724179	6000000003455850762
Q1972477	6000000030508210364
Q19724826	6000000022968799957
Q1972544	6000000020502827828
Q19725769	6000000046669027842
Q1972589	6000000001069437500
Q19726604	6000000010103709990
Q19727808	6000000156664555871
Q19727851	6000000150764240863
Q19727853	6000000044788625839
Q19727857	6000000143789286849
Q19727868	6000000178265848855
Q19727870	6000000164478538217
Q19727872	6000000152608071888
Q19728278	6000000018182651246
Q1972860	6000000032995927957
Q1972861	6000000074078471854
Q1972889	6000000022878629268
Q19728927	6000000174436466042
Q1972935	6000000023769215945
Q197295	6000000075506967984
Q1972952	6000000080613792972
Q1972958	6000000016325469777
Q1973016	6000000014685362032
Q1973017	6000000043101606455
Q1973039	6000000017231810371
Q19730420	6000000021597575204
Q19730649	6000000061252441888
Q1973108	6000000002032833698
Q19731584	6000000007252355638
Q19731967	6000000001261857366
Q1973276	6000000027931909659
Q1973315	6000000000496638385
Q1973328	6000000025361908889
Q197338	6000000074729204626
Q197341	6000000075405961022
Q197344	6000000018409429876
Q19734409	6000000006330912563
Q1973453	6000000018328578217
Q1973462	6000000002882386891
Q19735225	6000000174106274350
Q197358	6000000014120310399
Q1973605	6000000044028854871
Q19737572	6000000001263471450
Q19737624	6000000177022744826
Q1973769	6000000017876064675
Q19737728	385449873550005397
Q19737919	6000000006863261014
Q1973878	6000000017817195307
Q19740372	6000000032867345280
Q19740386	6000000003111784928
Q19740481	6000000042058474468
Q1974051	6000000021190091046
Q19742786	6000000193078709821
Q1974292	6000000017267888429
Q1974311	6000000013630927308
Q1974313	6000000056391233019
Q1974329	6000000017727519426
Q1974390	6000000017492938517
Q19744150	6000000087218918821
Q1974515	6000000006673762001
Q19745520	6000000006934381098
Q1974558	6000000020294509972
Q197461	6000000012662837177
Q19746106	6000000010692783131
Q19746197	6000000009105752719
Q19746211	6000000019764181250
Q1974633	6000000179685455829
Q19746830	6000000010693830481
Q19746910	6000000042327252099
Q19747402	6000000018894576686
Q1974742	6000000039226317816
Q197478	6000000029741624920
Q197478	6000000050028488953
Q1974817	6000000017175417666
Q1974852	6000000046041782937
Q19748675	6000000100330809965
Q19748683	6000000003264119468
Q19749103	6000000006934532016
Q19749281	6000000023825969519
Q19749304	6000000002802703229
Q1974961	6000000180448605826
Q197498	6000000017462368069
Q19750449	6000000003017417872
Q19750490	6000000013224934575
Q1975065	6000000008415350866
Q19750816	6000000048211009194
Q19750959	6000000009985354348
Q19750971	6000000032673520871
Q1975139	6000000077160512200
Q19751753	6000000006127401682
Q1975184	6000000018084773203
Q1975207	6000000025296764143
Q19752868	6000000208489620886
Q19753633	6000000020210325122
Q19753761	6000000008788272744
Q19753775	6000000002802299745
Q1975383	6000000003219289500
Q19753834	6000000013130014829
Q19753843	6000000062576868083
Q19753857	6000000086846104137
Q19753878	6000000039821077843
Q1975389	6000000068146140018
Q19753893	6000000077989014524
Q19753899	6000000072330414992
Q197539	6000000012666939501
Q19753901	3977276596670122421
Q19753908	6000000132597793829
Q19753912	6000000053312723369
Q19753926	6000000019572870661
Q19753931	6000000039820906152
Q19753953	6000000002080315413
Q19753961	6000000020473374435
Q19753968	6000000090204432826
Q19753971	6000000050522216078
Q19753978	6000000021155956482
Q19753989	6000000073803317057
Q197540	6000000008700062424
Q19754004	6000000021155734228
Q19754010	6000000014906597452
Q19754043	6000000179994082865
Q19754058	6000000002765160717
Q19754066	6000000006323737040
Q19754097	6000000034296130888
Q19754108	6000000000752003489
Q19754145	6000000010600945338
Q19754280	6000000082712585075
Q19754392	6000000096819808967
Q19754398	6000000014195762214
Q1975441	6000000006765945007
Q19754416	6000000109068928883
Q19754418	6000000012112057692
Q19754497	6000000002373420082
Q1975452	6000000009214228099
Q19754694	6000000022738573738
Q19754704	6000000022646185894
Q19754727	6000000000211423845
Q19754743	6000000017799943517
Q19754746	6000000207010423852
Q19754848	6000000133165106842
Q19754887	308242381910007066
Q19755590	6000000157289283839
Q19755816	6000000015037208635
Q19756155	6000000019828495535
Q19756157	6000000008316693888
Q19756214	6000000017220079239
Q19756248	6000000035033455149
Q19756261	6000000104261928833
Q19756278	6000000024291450205
Q19756283	6000000018027980850
Q1975637	6000000071904265058
Q19756425	6000000076850826346
Q19756453	6000000175730099824
Q19756465	6000000024039119488
Q19756474	6000000105302896984
Q19756479	6000000064016091208
Q19756482	6000000030938746020
Q19756487	6000000059606089187
Q19756490	6000000078131273811
Q19756492	6000000007311685130
Q1975650	6000000171756829010
Q19756557	6000000056806167078
Q19757490	6000000072410367876
Q19757583	6000000054427455874
Q1975761	6000000024887988730
Q19758052	6000000078768728872
Q19758084	6000000079849003705
Q19758106	5544798614350116789
Q19758136	6000000063562731843
Q19758138	6000000041318841395
Q19758199	6000000000207693617
Q1975830	6000000011371534683
Q19758430	6000000183336631822
Q19758463	6000000076642918971
Q19758572	6000000004108343630
Q19758832	6000000012013035963
Q1975896	6000000010118774047
Q19759125	6000000000906019147
Q1975929	6000000070267330323
Q19759797	6000000021626856933
Q1975995	6000000014571395721
Q197602	6000000009747308444
Q19760360	6000000002799829359
Q19760380	6000000005391664950
Q19760453	6000000014962493578
Q19760540	6000000121931272821
Q1976061	6000000000682207033
Q1976101	6000000042423831331
Q1976134	6000000014893916715
Q197615	6000000082388751861
Q1976235	6000000003138605352
Q1976236	6000000017210006625
Q197627	6000000002265419214
Q1976345	6000000032946910457
Q1976412	6000000016186402186
Q1976461	6000000003495312813
Q19764775	6000000015393614723
Q1976483	6000000006608509193
Q1976542	6000000016747328338
Q1976588	6000000203688116823
Q19765914	6000000015506562105
Q19765932	6000000016976826164
Q19765934	6000000016976832186
Q1976614	6000000024874045748
Q19766223	6000000010375676563
Q19766246	6000000027647381821
Q19766250	6000000086503930040
Q19766264	6000000015464931060
Q19766281	6000000182540056830
Q1976679	6000000068647005855
Q1976680	6000000013462279433
Q1976690	6000000012699732367
Q1976750	6000000084232229825
Q19768318	6000000032014325132
Q19768344	6000000012336243996
Q1976971	328318968400006105
Q1976976	328318770110004756
Q1977037	6000000011834003973
Q1977043	6000000024684308475
Q19774961	6000000103242926848
Q19774964	6000000103243106825
Q1977575	6000000163393735823
Q19776211	6000000036369508629
Q1977625	6000000015798805710
Q19776525	6000000011201073305
Q19776546	6000000006969937752
Q1977656	6000000029994283253
Q19776563	6000000018002064920
Q19776572	6000000018001453329
Q19776700	6000000017992520956
Q197772	6000000202731876824
Q1977752	6000000022652710914
Q19778361	6000000019226830404
Q1977875	6000000012593311142
Q1977917	6000000103633560915
Q1977926	6000000031760943059
Q1977942	341757557130012887
Q1977978	6000000003418880168
Q1978158	6000000019898495391
Q197818	6000000075501246019
Q1978230	6000000016145598054
Q197825	6000000035193361577
Q1978328	6000000012224630317
Q1978366	6000000023753190838
Q1978440	6000000007644809964
Q1978453	6000000071108681954
Q1978620	6000000180758604841
Q1978660	6000000003139166214
Q1978670	6000000008317529982
Q19787262	6000000003216087312
Q19787263	6000000013413079192
Q1978730	6000000090239325889
Q19787773	6000000011071700402
Q19787776	6000000063038255920
Q19787859	6000000040150567231
Q19787861	6000000015688550845
Q19787876	6000000079042440841
Q19787887	308943801930007063
Q1978794	6000000017495968483
Q19788113	6000000012677425927
Q19788118	6000000167086358822
Q19788193	6000000157574904825
Q1978892	6000000015364193455
Q1979030	6000000009827502745
Q1979166	387746454710010455
Q1979201	6000000048227289926
Q19792224	6000000132123224051
Q1979234	6000000077412830846
Q19793515	6000000000628851107
Q19794	6000000008320986935
Q19795216	6000000140732323375
Q1979573	6000000017395632441
Q197958	6000000075405035970
Q19796	6000000019316492994
Q197962	6000000017917967811
Q19796671	6000000033490912048
Q19796713	6000000007087430012
Q19796747	5555632112950119419
Q197977	6000000084301162120
Q19798133	6000000012703809670
Q19798456	6000000066592360273
Q1979848	6000000214680674850
Q19798493	6000000023024831200
Q19798555	6000000176975213827
Q19799179	6000000011362682337
Q19799238	6000000007417970164
Q19799302	6000000173604955938
Q19799304	6000000011581375398
Q19799310	6000000020086539500
Q19799797	5093826887850054077
Q19799996	6000000034984650200
Q1980047	6000000017662734682
Q19800540	6000000039484882431
Q19800547	6000000002968615433
Q19800652	6000000014506012709
Q19800671	6000000078411220832
Q19800674	6000000014803925609
Q19800680	6000000185755218865
Q19801233	6000000003218341279
Q19801285	6000000207658247863
Q19801560	6000000063018850855
Q1980184	6000000144178186836
Q19801921	6000000025079910022
Q19801965	6000000075941398936
Q19801967	6000000018080347827
Q19802082	6000000014062447200
Q198021	6000000056401064935
Q19802269	6000000032137030521
Q19802399	6000000034516495866
Q19802421	6000000010152590032
Q19802749	6000000176294451122
Q19802834	6000000002199419629
Q19802850	6000000061617128302
Q1980296	6000000040115699862
Q19803172	372709031250003467
Q19803198	6000000015634717226
Q19803243	6000000114469818846
Q19803418	6000000019881868317
Q19803482	6000000007512621246
Q19803539	6000000011904787319
Q19803698	6000000001093772995
Q19803736	6000000001060517177
Q1980546	6000000026450451924
Q1980746	6000000071766599821
Q1980805	6000000051812461177
Q19810384	6000000032837293148
Q19810390	4646146084040074011
Q19810728	6000000057617834929
Q198109	6000000205736073826
Q1981100	6000000013295482583
Q1981110	6000000182797479841
Q1981144	6000000018103316281
Q1981216	6000000051384192858
Q19812241	6000000040459381562
Q1981230	6000000076940088402
Q19812768	6000000019187015830
Q1981308	6000000087793002873
Q1981314	6000000040047344184
Q1981354	6000000143120402842
Q1981469	6000000155434913823
Q1981562	6000000002818749340
Q1981575	6000000002153237456
Q198158	6000000088859795128
Q198161	6000000022822299999
Q19816384	6000000020051876912
Q19816416	6000000132622058822
Q19816595	6000000049507897859
Q19816730	6000000015368129829
Q19816773	6000000010460897149
Q19816779	6000000016243231188
Q19816835	6000000010000998376
Q19816846	6000000016219957683
Q19816853	6000000024666082773
Q19816890	6000000011551209004
Q19817060	6000000174016918920
Q19817300	6000000017601936202
Q19817380	6000000166265312826
Q19817388	6000000157579357828
Q19817403	6000000157267543868
Q19817418	6000000163839118908
Q19817438	6000000027947262084
Q19817635	6000000068965664821
Q198178	6000000043388445053
Q198179	366500678260003755
Q19817909	6000000015388319282
Q19817931	6000000011691450684
Q19817937	6000000150678310865
Q19817938	6000000150677880916
Q19817939	347208888690011140
Q19818054	6000000194720387832
Q19818107	6000000034649666851
Q19818286	6000000000696081037
Q19818417	6000000010000201000
Q19818436	6000000012948220064
Q19818464	6000000038843717472
Q19818470	6000000051966540163
Q19818475	6000000026618747047
Q19818616	6000000019070488111
Q19818618	6000000047329068877
Q19818706	6000000133413111160
Q19818785	6000000006185620440
Q198188	6000000074782994344
Q1981895	6000000027933555773
Q19819092	6000000084174697904
Q19819133	6000000175096415254
Q19819146	6000000178785777853
Q19819158	6000000018604147915
Q19819167	6000000011476781194
Q19819179	6000000167025874010
Q19819201	6000000070305092253
Q1981931	6000000020910306039
Q1981938	6000000048338835106
Q1981976	6000000137025618830
Q19819826	6000000008548625412
Q19819903	6000000001877544607
Q19820081	6000000021454023182
Q19820129	6000000008657117474
Q1982054	6000000038541172177
Q19820566	6000000027013759411
Q198211	6000000074783525994
Q1982239	6000000112077713959
Q1982244	6000000019221789912
Q19822583	6000000006119376962
Q19822661	6000000011716101677
Q19822664	6000000011715905060
Q19822726	6000000006127272134
Q1982288	6000000180617199823
Q19823493	6000000018010041371
Q19824292	6000000028123531201
Q19825012	6000000171786473549
Q19825086	6000000075406511932
Q19825266	6000000177320225848
Q19825272	6000000074699552964
Q19825346	6000000075337930172
Q19825348	6000000074705483853
Q19825397	6000000009023696674
Q19825410	6000000157528591850
Q19825421	6000000043329588866
Q19825422	6000000075480445381
Q1982544	6000000009235336233
Q19825521	6000000173854998862
Q19825543	6000000052303090894
Q19825565	6000000074791823909
Q19825566	6000000013441165667
Q19825567	6000000083377049447
Q19825601	6000000075507920884
Q19825611	6000000074785926827
Q19825624	6000000075481785511
Q19825635	6000000075611061479
Q19825769	6000000075338024851
Q19825779	6000000036574074467
Q19825806	6000000074687647836
Q19825807	6000000046886003354
Q19825808	6000000074687176177
Q19825810	6000000074687750869
Q19825972	6000000007625025339
Q19826093	6000000043429963018
Q1982624	6000000013640774577
Q19826266	6000000017699394935
Q19826365	6000000003047707725
Q19826409	6000000006127401961
Q1982642	6000000083819217023
Q1982660	6000000076329253847
Q19827941	6000000008089175857
Q19827984	6000000009886747875
Q19828084	6000000011399359898
Q19828095	6000000006127570365
Q19828164	6000000015409301514
Q19828335	6000000004969783305
Q19828337	6000000019265640736
Q1982844	6000000012866553674
Q19828473	6000000003665751502
Q19828646	6000000038056740020
Q19829079	6000000082725017821
Q19829439	6000000111050954917
Q19829621	6000000026765139418
Q19829644	6000000016705557442
Q19829952	6000000041929776700
Q19830164	6000000104163099857
Q19830182	6000000179796462844
Q1983067	6000000009700057662
Q19830702	6000000000379045547
Q19830708	6000000017671539011
Q19830764	6000000101521277006
Q1983112	6000000011233310573
Q19831446	6000000003872083778
Q19831832	6000000010792904049
Q19832243	6000000172601772469
Q19832370	6000000180503953832
Q19832388	6000000018930493700
Q19832428	6000000064134367151
Q19832503	6000000043866961237
Q19832658	6000000151467177822
Q19832678	6000000115407915045
Q19833220	6000000078055869933
Q19833295	6000000006197721764
Q19833410	6000000006127542966
Q1983356	6000000006444220989
Q19833864	6000000178398245834
Q19833868	6000000008118314346
Q1983389	6000000011852236605
Q1983404	6000000030829032912
Q19834197	6000000010483324934
Q19834369	6000000174538535051
Q19834390	6000000173365487850
Q19834569	6000000041114629725
Q19834653	6000000019037855310
Q19834675	6000000000261982257
Q19834712	6000000008217700058
Q19834854	6000000051742415061
Q19834941	6000000021458132663
Q19836247	6000000011233491568
Q19837	6000000011570707313
Q1983712	6000000087420158832
Q1983717	6000000031780245914
Q1983725	6000000015273540993
Q19837955	6000000166397005040
Q19838180	6000000001627763529
Q19838622	6000000001463803390
Q19838650	6000000012667740560
Q19838668	6000000001482578073
Q19838682	6000000153575889853
Q1983872	6000000037497201147
Q19839251	6000000032537637858
Q19839427	6000000003872607430
Q19839428	6000000003872596034
Q19839429	6000000003872584020
Q19839454	5709490397270106771
Q19839462	6000000032602039234
Q19839474	5707418516840042180
Q19840091	6000000017078283148
Q19840309	6000000038273881638
Q19840448	6000000063130738002
Q19840585	6000000187468081835
Q19840629	6000000027528345029
Q19840649	6000000131438576885
Q19840668	6000000007160954618
Q19840690	312360116330003928
Q19840691	6000000078739347367
Q19840730	6000000031893142940
Q19840820	6000000081252957059
Q19840880	6000000023145414690
Q19840882	6000000023145636286
Q1984101	6000000076753692870
Q19841276	6000000011645440200
Q19841277	4246295551780049320
Q19841327	6000000012786292053
Q198414	6000000049193453665
Q19841491	6000000035962645821
Q1984154	6000000023174161901
Q19841555	6000000130599593881
Q19841648	6000000002447249070
Q19841721	6000000007037730477
Q1984253	6000000029249970097
Q19842562	6000000000511553136
Q19842608	6000000075557418349
Q19842613	6000000011100738990
Q19842722	6000000035125899496
Q19842883	6000000032374696417
Q19842911	6000000027773539735
Q19843068	6000000031367148964
Q19843126	6000000083230675940
Q19843387	6000000051178949131
Q19843476	6000000032102574829
Q19843500	1733747
Q1984358	6000000003886622032
Q1984383	6000000070726207254
Q19843862	6000000163419797847
Q19844139	6000000046664414160
Q19844144	6000000103946495053
Q19844191	6000000000761870733
Q19844198	6000000001785659605
Q19844298	6000000037126165586
Q19844340	6000000091509626354
Q1984462	6000000023232380889
Q19844683	4527228901680021159
Q19844712	6000000148765696883
Q19844798	6000000172969576947
Q19844829	6000000000895037797
Q19845177	6000000059313287955
Q19845192	6000000162646633844
Q19845285	6000000011136564228
Q19845376	6000000026903702794
Q19845409	6000000014243610808
Q19845428	6000000084885005325
Q19845445	6000000157942128882
Q19845469	6000000040045107219
Q19845524	6000000008895041244
Q19845816	6000000012620392237
Q19845838	6000000002997374480
Q1984647	6000000017606323807
Q1984689	6000000018103274169
Q19847287	6000000031305543962
Q1984745	6000000067359052941
Q1984772	6000000145336496852
Q19848	6000000007723253626
Q19848638	6000000110567219418
Q19848824	6000000178964380827
Q19849060	6000000039976082503
Q19849209	6000000002251894336
Q19849300	6000000017671283557
Q19849455	6000000074717158832
Q1984984	6000000027863696697
Q19850025	6000000037420154090
Q19850063	6000000074687456005
Q19850067	6000000074686986308
Q19850069	6000000075492152152
Q1985012	6000000026978978942
Q1985012	6000000180793995868
Q1985028	6000000036990469866
Q1985029	6000000017233073105
Q1985034	6000000083787953980
Q19850401	6000000026763677925
Q19850531	6000000002809280994
Q19850597	6000000144460098886
Q1985072	6000000010679318874
Q19850975	6000000072030884865
Q19851862	6000000074791461186
Q19851913	6000000075919908043
Q19852319	6000000074790880540
Q1985246	6000000177973685823
Q19852545	6000000203974804827
Q19853434	6000000008538388813
Q19853653	6000000075504904846
Q19854255	6000000024821868324
Q1985433	6000000017483722581
Q19854374	6000000024974856206
Q19854395	6000000047088809180
Q19854616	6000000013513980336
Q19854617	6000000013489079434
Q1985488	6000000026152942637
Q19855072	6000000075345695826
Q19855074	6000000075345108144
Q19855076	6000000075345443965
Q19855078	6000000075345352067
Q19855097	6000000074746515823
Q19855237	6000000074791964896
Q19855351	6000000075345204910
Q19855479	6000000075344764164
Q19855599	6000000012967243028
Q19855922	6000000075591216112
Q19856125	6000000071687567877
Q19856897	6000000009507720537
Q19857144	6000000003583752895
Q19857444	6000000009119428795
Q19858033	6000000011003011969
Q19858099	6000000008885772536
Q1985838	6000000050276838877
Q19858578	6000000069268726985
Q19858982	6000000003481738983
Q19859262	6000000004339606826
Q19859320	6000000009263080097
Q1985942	6000000035292889449
Q1985982	6000000013362331095
Q1985999	6000000002106033844
Q1986006	6000000000632008925
Q19860634	6000000008805428784
Q19860635	6000000024331199823
Q19860752	6000000008650533822
Q1986151	6000000164082564947
Q19861518	6000000019985294887
Q19861543	6000000018738710134
Q1986188	6000000008630635752
Q1986189	6000000047888626939
Q1986192	6000000021891513012
Q1986198	6000000197315216853
Q19862832	6000000022056970736
Q1986289	6000000218451253939
Q19862997	5104448420030082245
Q19863122	6000000080412099333
Q19863797	6000000001806961768
Q198638	6000000083504196912
Q19863993	6000000057301026249
Q19864050	6000000071861199940
Q19864185	6000000048118493855
Q19864263	6000000128985776821
Q19864299	6000000036903813897
Q19864354	6000000182898353856
Q1986469	6000000015699880170
Q19864737	6000000043390257143
Q19864743	6000000012225989494
Q1986507	6000000009670613706
Q19865106	6000000033553246547
Q19865330	6000000038657713923
Q19865347	6000000009170660368
Q1986544	6000000002188445518
Q1986571	6000000002842401214
Q19865726	6000000054761167839
Q19866268	6000000037743939366
Q19866347	6000000120556540848
Q19866402	6000000150204093823
Q19866447	6000000071894316907
Q19866470	6000000042967027822
Q19866824	6000000006080086697
Q1986689	6000000006444768076
Q19866991	6000000002447346528
Q19867005	6000000032410917217
Q19867030	6000000006707329862
Q19867089	6000000035242692010
Q19867097	6000000021424069345
Q19867369	6000000006102950314
Q1986746	6000000163632776859
Q19868091	6000000076695753821
Q19868149	4178130
Q1986816	6000000026026408082
Q19868350	6000000180089566825
Q1986862	6000000019977310194
Q198691	6000000028380723875
Q19869143	6000000110527806020
Q19869257	6000000001959481706
Q19869276	6000000078021899284
Q19869281	6000000014972975917
Q1987004	6000000000174634160
Q1987035	6000000041569035202
Q1987047	6000000143908453837
Q19870800	340530322510002740
Q19870802	340529295100012888
Q1987085	6000000021764943138
Q19870982	6000000078911107878
Q19871133	6000000021277688649
Q19871194	6000000180846866888
Q1987142	6000000009204872313
Q19872196	6000000176902915841
Q19872221	6000000017582914325
Q19872223	6000000017582924391
Q19872310	6000000051539449001
Q19872317	6000000026553026235
Q1987236	6000000034946247983
Q19872489	6000000013000176729
Q19872594	6000000010763677135
Q19872758	6000000000664347786
Q19872954	6000000003122431215
Q19873050	6000000006290586183
Q19873052	6000000006290599156
Q19873055	6000000002116068310
Q19873058	6000000029321690427
Q19873096	6000000000947963711
Q19873354	6000000039213439975
Q19873366	6000000056820669045
Q19873496	933011
Q19873507	6000000003735358038
Q19873802	6000000001129434127
Q19873838	6000000009612182850
Q19874149	6000000001515562662
Q1987420	6000000061709156103
Q19874259	6000000159406240827
Q19874274	6000000070899508845
Q19874318	6000000019389383789
Q19874700	6000000006092190208
Q19874753	6000000117562531828
Q19874753	6000000120598176963
Q19874808	6000000007153084236
Q19874919	6000000011819594074
Q19874957	6000000020262937309
Q19875076	6000000006987963037
Q19875386	6000000032965552020
Q19875450	6000000011813876224
Q19875532	6000000020522422832
Q19876145	6000000003122436135
Q19876296	6000000183717781929
Q1987645	6000000002030965262
Q19876773	6000000056394858067
Q1987745	6000000008526441546
Q19877721	6000000041033459327
Q19877764	6000000096165921989
Q19877770	6000000073043978211
Q19877846	6000000003221224067
Q19877871	6000000018659928283
Q19878	6000000011605606926
Q19878214	6000000125171087253
Q19878332	6000000079539118932
Q19878670	6000000042379610458
Q19878776	6000000000117938846
Q19878958	6000000048644871203
Q19878995	6000000051853594900
Q19879250	6000000071635179192
Q1987947	6000000038118018047
Q19879628	6000000025902129265
Q1987990	6000000038442518931
Q19879914	6000000006791156184
Q19880117	6000000159712587821
Q1988024	6000000018765895058
Q19880332	6000000004366901212
Q19880998	6000000041098379443
Q19881187	6000000062821464879
Q1988121	6000000207384807822
Q19881500	6000000043431547233
Q19881594	6000000087157544875
Q19881615	6000000015849684187
Q19881661	6000000013095035488
Q19881819	6000000043282132983
Q19882152	6000000024115953722
Q1988232	6000000029597437688
Q19882832	6000000223599716042
Q19883433	6000000020460107081
Q19883664	6000000039281165390
Q19883978	6000000021790010345
Q1988403	3648611
Q1988523	6000000083784722965
Q19885255	6000000031125255883
Q19885556	6000000081062972170
Q19885558	6000000131726556935
Q19885734	6000000024120602288
Q19885744	6000000021371471156
Q19885748	6000000000766614291
Q19885751	6000000018675648353
Q19885758	6000000025620910676
Q19885759	6000000025621537023
Q19885765	6000000046063263084
Q19885770	6000000017337988273
Q19885771	6000000001027923001
Q19885779	6000000029281035954
Q19886248	6000000008538659224
Q19886266	6000000144703430873
Q1988666	6000000011427996787
Q19886687	6000000031054514967
Q1988697	6000000065052141992
Q19887415	6000000004079698866
Q19887453	6000000000261946440
Q19887478	6000000082322568877
Q19888496	6000000014852846570
Q19888520	6000000014852901949
Q1988914	6000000059251884850
Q1988981	6000000020958408649
Q1988994	6000000059232138969
Q1989039	6000000010649920587
Q1989190	6000000019175713448
Q19891974	6000000166799206824
Q19892481	6000000086719596866
Q19892552	6000000086717027853
Q19892592	6000000167684080963
Q19892871	388729422370005855
Q1989320	6000000112905929941
Q19893454	6000000008355908732
Q19893611	6000000017598776819
Q19893747	6000000015270402753
Q19893848	6000000012320015491
Q19893960	6000000004868967772
Q1989397	6000000027743117730
Q19893976	6000000006323876814
Q19893979	6000000012737926632
Q19894272	6000000003891015634
Q19894274	6000000009835115776
Q19894358	6000000018868414202
Q19894553	6000000076374179921
Q1989465	6000000018730613561
Q19894707	6000000041070397339
Q19894805	4932804646320067902
Q19894886	6000000023482323075
Q1989565	6000000020475730591
Q1989572	6000000013341052346
Q1989611	6000000017854569466
Q19896519	6000000054422487112
Q1989682	6000000003221251522
Q19896885	6000000000854117052
Q1989699	6000000037833393221
Q1989823	6000000024566219497
Q19898766	6000000006167093160
Q19898774	6000000015901184348
Q19898931	6000000024208031031
Q19898939	6000000017322808125
Q19899002	6000000018030089984
Q19899484	6000000009784391002
Q19899558	6000000013280216582
Q19899603	6000000040943363900
Q1989979	6000000021076312493
Q1990021	6000000208851676852
Q19900636	6000000026118947940
Q19900738	6000000167985182901
Q1990094	6000000069121078984
Q1990130	6000000161573068822
Q1990139	6000000110849992824
Q19901595	6000000003177806939
Q19901677	6000000008834525974
Q19901685	6000000100585142846
Q19901871	6000000019206592291
Q19902253	6000000015020829237
Q19902309	6000000029896221707
Q19902343	6000000006157956088
Q19902530	6000000016291832744
Q19902541	6000000016379881201
Q1990256	6000000027968783937
Q1990271	6000000068019989327
Q1990328	1099996
Q1990398	6000000172624474948
Q1990442	6000000114059661916
Q1990454	6000000018375614075
Q19904566	6000000005385555146
Q1990628	6000000052186025039
Q19906299	6000000010340478633
Q19906454	6000000193901607834
Q19906457	6000000178900813856
Q1990646	6000000003683967545
Q19906460	6000000024237322658
Q19906630	6000000007549755892
Q19906656	6000000025456138141
Q19906682	6000000073292501821
Q19906708	6000000010018134570
Q19906740	6000000206000660897
Q19906944	6000000200861110870
Q19907037	6000000020022304783
Q1990730	6000000110040579287
Q1990752	6000000076646825856
Q1990753	6000000030132909913
Q19907797	6000000006099835160
Q19908122	6000000194598292885
Q19908263	6000000058407360281
Q19908288	6000000180049527912
Q19908406	6000000076685025285
Q19908481	6000000052853931830
Q19908607	6000000070706294103
Q19908668	6000000020251030097
Q19908793	6000000053092574890
Q19908829	6000000194599039936
Q19908846	6000000015660191815
Q19908885	6000000103946577219
Q19908958	6000000096054159037
Q19908982	6000000189514132825
Q19909060	6000000035944042137
Q1990911	6000000034219806280
Q19909228	6000000043559113062
Q1990930	6000000019686378451
Q19909413	6000000206791969841
Q1990943	6000000029407458866
Q19909431	6000000036791985562
Q19909891	6000000028970883065
Q19910005	6000000064762563328
Q19910064	6000000064764931958
Q1991026	323833133310004380
Q19910369	6000000193221069861
Q19910629	6000000194599357905
Q19910660	6000000014084366034
Q19910674	6000000036482384834
Q19910704	6000000042944824122
Q1991083	6000000078554348955
Q19911302	6000000012676005911
Q19911729	6000000018087423735
Q19911974	6000000040410219181
Q19912646	6000000013218436804
Q1991286	6000000040181595197
Q1991301	6000000006916551166
Q19913656	6000000007231691520
Q1991388	6000000002912015373
Q1991453	6000000008415561124
Q1991523	6000000006453824052
Q19915414	6000000017265366362
Q19915530	6000000103886261839
Q1991571	6000000008530583551
Q1991580	6000000016318912610
Q19916014	6000000109532815823
Q19916143	6000000027376325282
Q19916154	6000000026449147821
Q19916166	6000000035260151235
Q1991619	6000000030260821451
Q19916195	6000000002188616854
Q1991623	6000000127046716874
Q1991627	6000000076855880326
Q19916363	6000000210454558851
Q19916576	6000000033071653416
Q19916619	6000000036421247571
Q1991664	6000000003745312427
Q19916830	6000000143202125840
Q1991719	6000000044103626860
Q1991734	6000000013353429039
Q19917924	6000000032127206423
Q19917967	6000000007242688523
Q19918082	4492391015080058186
Q19918089	6000000177136756826
Q1991817	6000000018656500932
Q19918284	6000000009639510528
Q19918324	6000000036973045713
Q19918350	6000000029130321316
Q19918353	6000000008456759487
Q19918355	6000000211690942863
Q19921238	6000000041977842812
Q1992128	6000000022125618450
Q19921434	6000000024999542509
Q19921469	5666431866590122870
Q19921590	6000000054916348932
Q19921876	5182360933020048255
Q19921942	6000000143303028857
Q1992197	6000000000883626680
Q1992243	6000000023589579983
Q1992260	6000000212142737823
Q1992288	6000000016572464925
Q1992294	6000000019872016276
Q1992307	6000000023155728971
Q1992316	6000000025553701981
Q1992327	6000000015564365906
Q1992348	6000000011367160695
Q1992380	6000000006836790143
Q1992390	6000000074698185088
Q19924067	6000000023868061152
Q19924076	6000000213285135845
Q1992420	6000000010573655819
Q1992436	6000000018676519365
Q1992440	6000000011640334129
Q1992475	6000000069869800095
Q1992551	6000000078973718821
Q19926267	6000000004304691698
Q19926375	6000000009263671445
Q19926377	6000000016307911628
Q19926378	6000000016324823166
Q1992638	6000000027125784687
Q19926390	6000000015503287377
Q1992753	6000000014419015436
Q1992770	6000000181002126821
Q19927887	6000000063447291870
Q19927892	6000000178236857926
Q1992960	4403200682080028705
Q1992967	6000000143413993822
Q19929954	6000000065607601828
Q19930898	6000000006990539537
Q1993120	6000000179179620008
Q1993141	6000000037770699123
Q1993147	6000000014335096228
Q1993153	6000000077373517099
Q19932311	6000000002831280452
Q19932501	6000000044063396082
Q19932522	6000000178190064842
Q19932555	6000000178211585865
Q19932700	6000000012606406260
Q19932701	6000000055273877886
Q19932931	6000000172110955913
Q19932955	6000000141005765891
Q19932967	6000000007026648310
Q19932979	6000000010866205531
Q19933037	6000000181002656824
Q19933130	6000000088898551359
Q19933156	6000000173017094549
Q19933191	6000000186601708882
Q19933210	6000000131537000874
Q19933211	6000000131536092030
Q19933232	6000000028763312253
Q19933271	6000000153171664821
Q19933295	6000000052098480974
Q19933342	6000000077839699978
Q19933487	6000000009579779198
Q19933668	6000000037968958125
Q19933766	6000000022789038241
Q19933799	6000000026551673505
Q19933831	6000000151475707824
Q19933886	6000000010895088407
Q19934148	6000000017518160366
Q19934202	6000000105045235223
Q19934268	6000000174030927343
Q19934425	6000000027650704082
Q1993444	6000000137615396139
Q19934630	6000000115147425984
Q19934657	6000000093056530824
Q19934671	6000000075976475911
Q19934726	6000000078101792077
Q19934824	6000000031261468953
Q19934897	6000000013016612457
Q19934927	6000000023058514440
Q19934964	6000000021038686891
Q19935043	6000000075017393294
Q19935288	6000000015857972592
Q19935313	6000000017028855526
Q19935375	6000000021137119692
Q19935415	6000000003052026975
Q19935442	6000000087532823995
Q1993568	6000000031338384765
Q19935839	6000000008976726960
Q19935872	6000000076853966195
Q19936005	6000000110061888050
Q19936132	6000000012979881077
Q19936135	6000000021000246554
Q19936161	6000000008840689098
Q19936250	6000000177211318823
Q19936251	6000000057735663043
Q19936281	6000000046927331252
Q19936312	4490914943530120381
Q19936321	6000000055205052824
Q19936336	6000000002625033839
Q19936501	6000000008683406277
Q1993661	6000000171810211306
Q19936898	379251232670011626
Q199369	6000000007891455232
Q1993705	6000000017687649626
Q19937071	6000000008102138391
Q19937312	6000000023941747294
Q19937703	6000000057729556053
Q19937718	6000000056411416858
Q19937783	6000000003827719423
Q19937827	6000000009938418609
Q1993783	6000000039792954313
Q19937833	6000000083792961015
Q19938051	6000000009676651287
Q19938263	6000000032239036261
Q19938433	6000000055469456942
Q19938515	6000000140301304079
Q19938557	6000000018796206359
Q19938836	6000000136849103825
Q1993906	6000000181712712852
Q1993987	6000000002764484780
Q1994077	6000000163635027822
Q19941583	6000000021135114375
Q199418	6000000008744157875
Q19941804	6000000134079762956
Q19941843	6000000123752396821
Q19942165	6000000030265336085
Q1994234	6000000070767357078
Q19943	6000000013239161370
Q1994309	6000000013147330195
Q1994397	6000000039213274145
Q19944600	6000000003219731110
Q19944820	6000000033708031058
Q19944827	6000000084559953929
Q19944828	6000000026882373845
Q19944840	6000000007026708277
Q19944861	6000000008809571501
Q19945137	6000000037607727377
Q19945237	6000000189828197854
Q19945326	6000000010252994463
Q19945349	6000000081303631294
Q19945526	6000000031513718416
Q19945691	6000000011209433849
Q1994616	6000000032501583827
Q19946168	6000000023213106536
Q19946294	6000000023778880022
Q19946359	6000000173326241833
Q19946421	6000000014433668517
Q19946430	6000000029726880177
Q19946434	6000000032851253316
Q19946455	6000000032642039267
Q19946471	6000000066975619960
Q19946479	5174687597440059538
Q19946545	6000000012408516520
Q19946726	6000000177141970901
Q1994700	6000000013735277791
Q1994708	6000000181666738822
Q19947095	6000000078930700413
Q19947332	6000000029841681233
Q1994740	6000000010281345579
Q199482	385253922050007007
Q1994850	6000000192227391838
Q1994898	6000000183999142822
Q1994930	6000000018762844872
Q1994957	6000000016187938438
Q19949991	6000000000832648838
Q19950312	6000000077918819149
Q1995035	5308194699830049442
Q1995049	6000000010049245751
Q19951947	6000000030990032533
Q1995281	6000000079625171322
Q1995340	6000000006808861440
Q19953482	6000000020346567213
Q19953494	2243510
Q19953616	6000000172283846959
Q19953701	6000000017866409297
Q19953738	6000000008250185088
Q19953785	6000000004336111629
Q19953786	6000000016786536721
Q19953797	6000000021605049256
Q19953805	6000000053438508937
Q1995506	6000000173390797269
Q1995592	6000000017307263313
Q19956046	6000000007417563481
Q19956121	6000000185001879822
Q19956347	6000000013823699421
Q19956382	6000000087232205957
Q19956550	6000000027018645033
Q19956627	6000000025797832567
Q19956977	6000000067917368836
Q19958102	6000000100300990831
Q19958322	6000000014126811340
Q19958398	6000000014127312017
Q1995843	6000000070950522949
Q19958577	6000000011205316437
Q19958627	6000000048699144148
Q19958710	6000000003122380974
Q199588	6000000090972632979
Q19958807	6000000031026238699
Q19958942	6000000049641842960
Q19958996	6000000015263095355
Q19959021	6000000069463163869
Q19959101	4146272419510044670
Q19959112	6000000019148569313
Q19959167	6000000006366476224
Q19959168	6000000006366122890
Q19959179	6000000000452943196
Q19959204	6000000065141948837
Q19959208	6000000016019129509
Q19959219	6000000022629573123
Q19959353	6000000004095774690
Q19959360	5584317636690138800
Q19959396	6000000014583175838
Q19959400	6000000067662993936
Q19959405	6000000030015580652
Q19959414	6000000150793643902
Q19959415	6000000150793532906
Q19959463	6000000070002101952
Q19959471	6000000070975061091
Q19959497	6000000017933133571
Q19959520	6000000039254274821
Q19959521	6000000039231240129
Q19959573	6000000038054133903
Q19959604	6000000135020998364
Q19959605	6000000134968645307
Q19959624	6000000019419438099
Q19959675	6000000150137241966
Q19959711	6000000012430251112
Q19959720	6000000070096629895
Q19959721	6000000070096529898
Q19959742	6000000002260222916
Q19959761	6000000182006240825
Q19959841	6000000015635371816
Q19959844	6000000083777434852
Q19959876	6000000075654084944
Q19959919	6000000018823064213
Q19960002	6000000026952517398
Q19960035	6000000047776437935
Q19960055	6000000125034376137
Q19960062	6000000077445952644
Q19960063	6000000011172618495
Q19960064	6000000013271898392
Q19960151	6000000034907079418
Q19960169	6000000131780415822
Q19960220	6000000009367018315
Q19960238	6000000087006466886
Q1996028	6000000057470267829
Q19960287	6000000088898031877
Q19960288	6000000020984867515
Q1996040	6000000001924773868
Q19960628	6000000015866093611
Q19960752	6000000014560273773
Q19960765	6000000006797010175
Q19961450	6000000022957289886
Q19961647	6000000003391979466
Q199617	6000000039703488190
Q1996187	6000000006870173633
Q1996191	6000000055399591050
Q199624	6000000010887306425
Q19962622	6000000007923353797
Q19962624	6000000007923346810
Q1996265	6000000100078532493
Q19962754	6000000093052668833
Q19962913	4843823210720024002
Q19962950	6000000057280115862
Q19963163	6000000081253350989
Q19963284	6000000105431250846
Q199633	6000000008603443712
Q19963330	6000000003743167851
Q19963338	6000000033116690918
Q19963352	6000000007417175270
Q19963402	6000000003086915046
Q19963477	6000000015282473296
Q19963490	6000000014785743354
Q19963511	6000000003406842881
Q19963571	6000000014784677398
Q19963641	6000000076290240020
Q19963941	6000000020448381372
Q19963949	6000000015793034596
Q19963964	6000000133591379832
Q199640	6000000007418856387
Q19964099	6000000035002549592
Q19964231	6000000103664234845
Q199644	6000000148317337886
Q19964413	6000000037494374406
Q19964707	6000000105925447924
Q19964845	6000000090527353139
Q19964954	6000000133534785822
Q19965181	6000000022225691347
Q199652	6000000029555231398
Q19965376	6000000013524978933
Q199654	6000000015652959076
Q19965480	6000000081426793828
Q1996553	6000000040657170418
Q199656	6000000010610071836
Q19965625	6000000177262351825
Q19965638	6000000025358512915
Q19965708	6000000012350963318
Q1996571	6000000015261116907
Q19965787	6000000019258980449
Q19965788	6000000051698233863
Q199660	385249814630002428
Q1996641	6000000017869233559
Q199666	6000000036746516987
Q19966915	6000000010359817366
Q199671	6000000015433032152
Q19967603	6000000076960031234
Q19967983	6000000140689700076
Q19968140	6000000000446249790
Q19968203	6000000140216067125
Q19968276	6000000003827611614
Q19968288	6000000003827928718
Q19969069	6000000177578471850
Q19969136	6000000007395617542
Q19969152	6000000015491777799
Q1996958	6000000025793032828
Q19969612	6000000198555393821
Q19969632	6000000093877632948
Q19969657	6000000059785790952
Q19969664	6000000007335652488
Q19969724	6000000060817047974
Q19969760	6000000040732485303
Q19969771	6000000024429698905
Q19969850	6000000026146363326
Q1997065	6000000010742654465
Q1997099	6000000054698511973
Q1997105	6000000032735566154
Q19971300	6000000122285823829
Q1997131	6000000039864631898
Q19971319	6000000024449030693
Q19971418	6000000032597476204
Q19971480	6000000008558357148
Q19971550	6000000180553554839
Q1997156	6000000014589050155
Q19971643	6000000021513497858
Q19971684	6000000077773144141
Q19971741	6000000171813588082
Q19971827	6000000091690615841
Q19971835	6000000164541660821
Q19972045	6000000010877529239
Q19972050	6000000026238125140
Q1997299	6000000021411993681
Q19973019	6000000187741488823
Q1997340	6000000069213315901
Q1997353	6000000015409278032
Q19973932	6000000093566809429
Q19974173	6000000018466099552
Q19974192	6000000010467203792
Q19974194	6000000019134249077
Q19974195	6000000104860353268
Q19974199	6000000000874480952
Q19974209	6000000000969220386
Q19974210	6000000023410528859
Q19974217	6000000075592254856
Q19974218	6000000027232420646
Q19974225	6000000082816493481
Q19974231	6000000000875606330
Q19974233	6000000009563154054
Q19974235	6000000016261989283
Q19974256	6000000001579252515
Q19974263	6000000001608968390
Q19974265	6000000002188536317
Q19974268	6000000019569169633
Q19974284	6000000007961010586
Q19974317	6000000042066829111
Q19974319	6000000034194520260
Q19974342	6000000023527349582
Q19974353	6000000036859832035
Q1997436	6000000009440987959
Q19974394	6000000170300531044
Q19974408	6000000019126883489
Q19974429	6000000028258298703
Q19974430	339714118980013677
Q19974493	6000000018107929208
Q19974509	6000000036773081316
Q19974521	6000000000516327618
Q1997454	6000000020051676559
Q19974545	6000000034295306294
Q19974549	6000000026314401907
Q19974551	6000000017433710464
Q19974557	6000000033554218931
Q19974566	6000000003352933510
Q19974589	6000000020895312037
Q19974605	6000000114331805823
Q19974639	4898140800180072536
Q19974644	6000000005562569503
Q19974662	6000000167684080990
Q19974669	6000000014927717320
Q19974681	6000000076442579982
Q1997472	6000000090128575843
Q19974732	6000000011048419177
Q19974744	6000000043711079834
Q19974757	6000000044087579882
Q19974819	6000000020472677397
Q19974841	6000000011301224457
Q19974882	6000000030432914218
Q19974948	6000000031851224954
Q19974950	6000000015595437404
Q19974969	5719130679260116406
Q19974981	6000000099101375822
Q19975023	6000000157564769822
Q19975034	6000000049317785821
Q19975037	6000000013114389339
Q19975049	6000000167352161867
Q1997507	6000000002099357903
Q19975070	6000000001383068293
Q19975077	6000000015711607955
Q19975080	6000000017897491067
Q19975093	6000000179474914822
Q19975103	6000000019170005439
Q19975131	6000000009196213139
Q19975156	6000000052178704047
Q19975198	6000000042447523954
Q19975231	6000000147730981908
Q1997527	6000000017117704631
Q19975277	6000000019940322113
Q19975284	6000000020563107746
Q19975285	6000000173797593295
Q19975290	6000000206267427861
Q19975292	6000000009514591057
Q19975298	6000000042207583708
Q19975303	6000000024447121325
Q19975305	6000000106003318836
Q19975323	6000000012040184233
Q19975339	6000000000658289300
Q19975355	6000000014677585203
Q19975358	6000000167684080981
Q19975420	6000000044564580312
Q19975421	6000000027327390511
Q19975449	6000000104982608863
Q19975454	6000000004086650877
Q19975462	6000000077282390809
Q19975491	6000000002030539421
Q19975607	6000000026664006196
Q19975608	6000000069497518079
Q19975609	6000000069497581039
Q19975705	6000000117633180875
Q19975719	6000000025155849941
Q19975808	6000000020706194571
Q19975809	6000000006725759038
Q19975889	6000000006127732174
Q19975895	6000000008650990889
Q19975898	6000000006309513002
Q19975900	6000000019301735477
Q19975909	6000000004692107052
Q19975913	6000000040540915825
Q19975934	6000000045584043921
Q19975941	6000000007753149459
Q19975942	6000000013537268974
Q19975944	6000000001853845201
Q19975958	6000000088891534842
Q19975961	6000000012282680856
Q19975971	6000000031249155259
Q19975981	6000000033437226310
Q19976012	378109533950002227
Q19976060	6000000071156178915
Q19976062	6000000070756924834
Q19976082	6000000135553083129
Q19976084	6000000016717596108
Q19976095	6000000136606012833
Q19976098	6000000040151184153
Q19976102	6000000116643873840
Q19976104	6000000014648178518
Q19976108	6000000035746406296
Q19976116	6000000016831561048
Q19976117	6000000012533610184
Q19976121	6000000023907442941
Q19976145	6000000025900612153
Q19976148	6000000008666435277
Q19976152	6000000001409931634
Q19976155	6000000017372006301
Q19976159	6000000043810424900
Q19976162	6000000003912541181
Q19976168	6000000024404100258
Q19976178	6000000001392751796
Q19976179	6000000038846270866
Q19976182	6000000014189335222
Q19976184	6000000173358213231
Q19976195	6000000073341989980
Q19976215	6000000039523736894
Q19976216	6000000060794375025
Q19976228	6000000015063973059
Q19976238	6000000178956845823
Q19976240	6000000021931137841
Q19976259	6000000022968765824
Q19976260	6000000001753019652
Q19976266	6000000042984324681
Q19976271	5172682406840085445
Q19976282	6000000043072788920
Q19976293	6000000138041208975
Q19976308	6000000164213315024
Q19976324	6000000016511466804
Q19976347	6000000029514791949
Q19976355	6000000010931618157
Q19976361	6000000001174185429
Q19976381	6000000019813822396
Q19976393	6000000024133338566
Q19976396	6000000107256116202
Q19976400	6000000002142697033
Q19976426	6000000008807922292
Q19976491	6000000022230026821
Q19976527	6000000008393491435
Q19976532	6000000011263869376
Q19976569	6000000014356736345
Q19976574	6000000001410283112
Q19976575	6000000006854238851
Q19976582	6000000006590107581
Q19976594	6000000110518782353
Q19976595	6000000000025353206
Q19976603	6000000021503282030
Q19976611	5207014729100089407
Q19976612	6000000017493019067
Q19976623	6000000007420595302
Q19976624	6000000007846081069
Q19976625	6000000032804495306
Q19976639	6000000016840028315
Q19976651	6000000029855775518
Q19976653	6000000025986764011
Q19976655	6000000020272455903
Q19976656	6000000043819752888
Q19976679	6000000008890203139
Q19976715	6000000018127210095
Q1997673	6000000009419096311
Q19976732	6000000173710414920
Q19976749	6000000010124773616
Q19976778	6000000040049738477
Q19976783	6000000180327621860
Q19976787	6000000039802955670
Q19976796	6000000040515331089
Q19976802	6000000017634074194
Q19976804	6000000187642322851
Q19976809	6000000067819328896
Q19976839	6000000185585205256
Q19976840	6000000025377574504
Q19976845	6000000005774368518
Q19976850	6000000011307560407
Q19976856	6000000024307339880
Q19976863	6000000034767281071
Q19976866	6000000018758779136
Q19976897	6000000034415224903
Q19976905	6000000006127494928
Q19976926	6000000012378686449
Q19976955	6000000018709344739
Q19976959	6000000019792123025
Q19976966	6000000001504412132
Q19976970	6000000001916424776
Q19976972	6000000006127346321
Q19976975	6000000040467391198
Q19976979	4427545568490068464
Q19976988	6000000183327979822
Q19976998	6000000018172207539
Q19976999	6000000018168300939
Q19977012	6000000010530228778
Q19977020	6000000007694937223
Q19977052	6000000034403486442
Q19977053	6000000041563377929
Q19977056	6000000032837324039
Q19977063	6000000181865195870
Q19977070	6000000011593773408
Q19977083	6000000013399766113
Q19977088	6000000020706101731
Q19977094	6000000019723698578
Q19977109	6000000182050718877
Q19977115	6000000016259242643
Q19977127	6000000013253893316
Q19977129	6000000009784822434
Q19977143	6000000033428189186
Q19977151	6000000057016558927
Q19977165	6000000128635742951
Q19977169	6000000128635166198
Q19977186	6000000016973493609
Q19977194	6000000016934710984
Q19977196	6000000021024138506
Q19977204	6000000031715698131
Q19977219	5123346225280022263
Q19977222	6000000197408907825
Q19977226	6000000006808101086
Q19977230	6000000002302216572
Q19977234	6000000050348717963
Q19977237	6000000019558399690
Q19977254	6000000009587421225
Q19977272	6000000012890005526
Q19977280	6000000029881029917
Q19977388	6000000036860050821
Q1997818	6000000078553335537
Q19979344	6000000194817040822
Q19979484	6000000021023117274
Q19979589	6000000009756497977
Q1998006	6000000000906792190
Q199801	6000000002790936840
Q1998128	6000000104021143840
Q1998197	6000000030944966971
Q1998209	6000000121310414824
Q19982457	6000000181010646863
Q1998260	6000000067590311028
Q199827	6000000040779269908
Q19984440	6000000166666424327
Q1998445	6000000187763468917
Q19984589	352347891360012899
Q19984594	6000000150971821828
Q19984619	6000000140568197825
Q19984628	6000000145875214876
Q19984635	6000000166884256874
Q19984672	6000000151344684864
Q19984692	6000000069615777859
Q19984697	6000000151914123885
Q19984702	6000000156801945824
Q19984752	6000000151362059051
Q19984798	6000000008804966344
Q19984806	6000000071617618850
Q19984952	6000000145076052822
Q19984966	6000000157099762821
Q19984995	6000000182718001825
Q19985032	6000000166787401843
Q19985058	6000000177945155840
Q19985104	6000000151243800822
Q19985179	6000000042412878615
Q19985185	6000000178556847830
Q19985207	6000000157674123822
Q19985318	6000000145232539849
Q199856	6000000079047499557
Q19986193	6000000174293809981
Q19986284	6000000016178957911
Q1998707	6000000003009540564
Q1998815	6000000035898997520
Q199884	6000000005350378009
Q19989065	6000000015703335110
Q19989066	6000000056583508823
Q1998924	6000000017229817247
Q199894	6000000008314161418
Q199896	6000000081019848835
Q19989831	6000000023178469415
Q1999131	4414296
Q19992646	6000000028830566112
Q1999271	6000000013111788317
Q1999289	6000000183657961851
Q19992945	6000000014063103398
Q1999298	6000000003428719128
Q199943	6000000068376554843
Q199945	6000000028693544395
Q1999512	6000000041370144546
Q19995171	6000000041121713371
Q1999570	6000000000264260469
Q1999587	6000000006026729522
Q1999622	6000000079281760447
Q1999640	6000000069138437928
Q1999656	6000000018968576439
Q1999692	4897711682040033534
Q1999719	6000000088645735880
Q19997503	6000000006860808453
Q19997567	6000000028316631122
Q19997577	6000000079036847880
Q19997656	6000000014015311729
Q1999768	6000000178907510828
Q19997693	6000000047758861120
Q1999773	6000000033210315840
Q19997764	6000000004189309741
Q19997803	6000000020343498778
Q19997911	6000000000211392643
Q19998023	6000000023415514869
Q19998146	6000000003827527028
Q19999223	6000000141075510871
Q19999881	6000000002764888738
Q2000098	6000000034989284031
Q2000103	6000000015104753468
Q2000116	6000000009366907933
Q20001224	6000000173842975845
Q20001460	6000000030819723480
Q20002124	6000000164721017009
Q20003591	6000000019348009869
Q20004444	6000000013477019182
Q20004557	6000000072817880849
Q20005283	6000000027274454181
Q2000532	6000000015231005983
Q20005320	6000000016736980709
Q20005322	6000000015826171633
Q20005337	6000000015825555616
Q20005410	6000000020208680551
Q20005478	6000000061139301851
Q20005857	6000000000260570606
Q2000654	6000000003484270304
Q20006564	5046579666520040811
Q20006729	6000000104591977878
Q20006755	6000000133403851885
Q20006764	6000000040874764508
Q2000681	6000000020824435798
Q20006881	6000000002837384026
Q20007127	6000000005100101153
Q20007131	6000000107978716848
Q20007170	6000000163414249991
Q20007478	6000000140764035857
Q20007496	6000000025608117903
Q2000767	6000000009729153877
Q2000805	6000000011288303288
Q200085	6000000056349090936
Q2000880	6000000030140244982
Q2001	6000000008155343053
Q200101	6000000015738226768
Q2001046	6000000178285180830
Q20011012	6000000017945268808
Q20011416	6000000008439804404
Q20011445	6000000043867587131
Q2001156	6000000171308480844
Q2001173	6000000136034871885
Q20011748	6000000041112137363
Q20011853	6000000008542492865
Q20012	6000000072979210943
Q2001201	6000000018787744362
Q20013025	6000000177404892841
Q200131	6000000002177066449
Q20013793	6000000028748217934
Q20013873	6000000004162819504
Q2001402	6000000013718207542
Q20014673	6000000003006232853
Q20015	6000000003249591181
Q20015543	6000000001606702046
Q20015606	6000000002097101341
Q20015646	6000000016326470924
Q20015685	6000000179675282933
Q20015691	6000000017452320652
Q20015697	6000000078255456556
Q20015762	4070699630100048044
Q20016175	6000000039540498610
Q20016390	6000000008303076240
Q20016430	6000000048129619156
Q20016454	6000000053038894850
Q20016546	6000000077519738781
Q20016561	6000000008744249750
Q20016620	6000000006815708540
Q20016633	6000000004654525095
Q2001666	6000000086399672821
Q20016663	6000000000347734356
Q20016690	6000000018447071486
Q20016943	6000000038310963088
Q20017163	6000000082234204917
Q2001721	6000000019071374329
Q20017566	6000000013895171665
Q20017573	6000000020023625159
Q20017582	6000000046294596012
Q20017594	6000000008300566231
Q20017594	6000000041108946759
Q20017662	6000000021662674434
Q20017699	6000000022861067854
Q20017811	6000000019290756284
Q20018	6000000022205223607
Q20018184	6000000010090279779
Q20018248	6000000000483746064
Q20018298	6000000033461624236
Q20018442	6000000181229127028
Q20018797	6000000009439282856
Q20019075	6000000063788303192
Q20019278	6000000006906376001
Q200194	6000000040059849073
Q2001947	6000000024414867757
Q2001973	6000000006597091264
Q20019994	6000000002159517719
Q2002044	6000000014348761114
Q20020462	6000000004398998711
Q20020515	6000000076910728168
Q20020609	6000000018458957560
Q20020731	6000000060746865821
Q2002273	6000000048799620933
Q20022765	6000000019830644912
Q20022769	4511041
Q200228	6000000014607723265
Q20023164	6000000036790308040
Q2002354	6000000182546961852
Q2002369	6000000181578287839
Q2002383	6000000008744809129
Q20024461	6000000075686861868
Q20024846	6000000012940999084
Q20024854	6000000019347439125
Q2002570	6000000184236245823
Q200261	6000000096044763208
Q20026116	6000000016338120455
Q20026424	6000000074748506555
Q20026585	6000000017783335898
Q20026648	6000000009487114803
Q20026726	6000000037054777460
Q20026745	6000000003657329648
Q20026826	6000000011503582649
Q2002684	6000000016865929916
Q2002715	6000000019120517253
Q20027497	6000000003301504320
Q2002765	6000000020857951977
Q20027687	6000000009457287406
Q20027946	6000000002930279293
Q20028183	6000000056995407986
Q20028199	6000000003882584236
Q20028372	6000000029247962246
Q20028397	6000000062071765821
Q20028467	6000000181618606874
Q20028509	6000000035314193637
Q20028617	6000000021001904928
Q20028658	6000000003232057924
Q20028755	6000000085444395821
Q20028801	6000000041772232883
Q2002889	6000000022069608436
Q20028890	6000000015943675118
Q20028933	6000000177343913847
Q20028946	6000000083784123374
Q2002897	6000000015600239666
Q20029072	6000000031222450043
Q20029165	6000000017501750744
Q20029257	6000000021146260150
Q20029439	6000000016068660490
Q20029578	6000000041965167892
Q20029878	6000000175550572874
Q20029927	6000000141182333835
Q2003010	6000000008744675315
Q20030368	6000000036738726002
Q20030386	665408
Q20030390	6000000006197906710
Q20030487	6000000008230605732
Q20030500	6000000077053813391
Q20030579	6000000028543794355
Q20030748	6000000048921653979
Q20030784	6000000152781270889
Q20030910	6000000079417118609
Q20031052	6000000083301291305
Q20031082	6000000022589432821
Q20031219	6000000174536323325
Q20031303	6000000029347476880
Q20031306	6000000024739722705
Q20031323	6000000054749877445
Q20031332	6000000013537880317
Q20031334	6000000078783077899
Q20031362	6000000176551750822
Q20031389	6000000024652828070
Q20031404	6000000015361665132
Q20031439	6000000015128107961
Q20031486	6000000075484915997
Q2003149	6000000021827885211
Q20031760	6000000017805853216
Q20031772	6000000046308106935
Q20031773	6000000015232444000
Q20031817	6000000020200105356
Q20031824	6000000013854592827
Q20031861	6000000038072177097
Q2003187	6000000020059871536
Q20031904	6000000013662330751
Q20031923	6000000025721119473
Q20031976	6000000030966998886
Q20032080	6000000016767217922
Q2003225	6000000003640167815
Q20033217	6000000024142436025
Q20033218	6000000021387555891
Q20033224	6000000017396328575
Q20033226	6000000017266995957
Q20033245	6000000061296652874
Q20033347	6000000001853626542
Q20033364	6000000040820138060
Q2003369	6000000012568092530
Q2003396	6000000041659239229
Q2003440	6000000056941020105
Q2003546	6000000008247661016
Q200355	6000000007325023715
Q20035818	6000000020185195565
Q20036554	6000000011459137180
Q20036814	6000000047717821895
Q2003697	6000000070475778821
Q2003775	6000000109510021836
Q2003803	5357680324620034326
Q2003869	6000000033820524281
Q2003880	6000000071261490086
Q200392	6000000088901247893
Q2003971	6000000089129361833
Q200405	6000000018101762186
Q20040953	6000000074749465165
Q2004105	6000000010010814876
Q2004187	6000000002937687386
Q2004188	6000000007859158845
Q2004203	6000000080416153345
Q2004409	6000000002447369138
Q2004418	6000000017089342947
Q2004448	6000000020837753937
Q20045586	6000000075319078843
Q20045591	6000000023744797274
Q20045605	6000000019224173731
Q20045784	6000000078080648090
Q20045905	6000000021136294499
Q20045977	6000000025808275171
Q20046082	6000000028358449346
Q2004689	6000000181932490839
Q200470	6000000014475141485
Q2004749	6000000134752703090
Q2004797	6000000025817586065
Q200480	6000000024346806831
Q20048004	6000000181108102100
Q2004801	6000000027472036271
Q20048205	6000000111181607822
Q20048270	6000000016252116091
Q2004836	6000000026077499913
Q20048454	6000000031524287906
Q2004859	6000000000481044998
Q2004865	6000000065097778821
Q20048884	6000000027128926408
Q20049021	6000000032180487168
Q200499	6000000000266833860
Q2004992	6000000091717280828
Q2004994	6000000088820441878
Q2005004	6000000163747896977
Q20050655	6000000003905630362
Q200509	6000000002997407326
Q20051390	6000000028744415138
Q200514	6000000018916194628
Q2005146	6000000028120626057
Q20051542	6000000003013325945
Q20051542	6000000100092974854
Q200516	6000000019592840281
Q20051697	6000000045829412961
Q2005170	6000000193501827822
Q2005194	6000000025959249755
Q200534	6000000017114369205
Q2005356	6000000030792988089
Q2005371	4532664
Q2005389	6000000150668156115
Q20053976	6000000021049593837
Q20053983	6000000007742351757
Q20054043	6000000007277495265
Q20054835	6000000016501074176
Q2005544	6000000024364280082
Q20055561	6000000185900249851
Q2005629	6000000058836488939
Q200564	6000000021268827790
Q20056491	5478336954900083543
Q20056540	6000000166078368829
Q20056562	6000000142924046847
Q20056576	6000000178959776980
Q20056578	6000000028999263889
Q20056581	6000000067127367162
Q200566	6000000033284335710
Q20056619	6000000134605716931
Q20056622	6000000197687790851
Q20056899	6000000009447168088
Q20056903	6000000123906792994
Q20056923	6000000009634745995
Q20056935	6000000065495215958
Q20056960	6000000026119098259
Q20056979	6000000088957978867
Q2005705	6000000007217419270
Q20057141	6000000016309247612
Q20057325	6000000078592661166
Q20057330	6000000015062355686
Q20057362	6000000049504780925
Q20057369	6000000182895608857
Q20057386	6000000015398658384
Q20057387	6000000084613340225
Q20057397	6000000013218259568
Q20057447	6000000181908803873
Q20057480	6000000056415945891
Q20057481	6000000056416086870
Q20057485	3196573
Q20057500	6000000016723552500
Q20057507	6000000073576152241
Q20057551	6000000109921988909
Q20057553	6000000124347487015
Q20057557	6000000089464136864
Q20057572	6000000069487289895
Q20057588	6000000020071769047
Q20057599	6000000108033414856
Q20057626	6000000072111567862
Q20057627	6000000015061983871
Q20057628	6000000037532906866
Q200577	6000000020678668219
Q20057728	6000000101425426877
Q20057743	6000000106582157824
Q20057750	6000000013185129069
Q20057751	6000000030001234549
Q20057924	6000000164662400012
Q20057926	6000000102503638017
Q20057928	6000000058941406921
Q20058039	6000000069071532066
Q20058058	6000000068058019928
Q20058135	6000000013432122669
Q2005820	6000000033698753076
Q20058201	6000000017002321520
Q20058264	6000000008297208461
Q20058292	6000000068894667907
Q20058336	6000000004304226263
Q200586	6000000048858344942
Q2005947	6000000025591990633
Q2005977	6000000143316132895
Q20060208	6000000149037136946
Q2006022	6000000057182390897
Q2006027	6000000166776216903
Q2006088	6000000011000776361
Q2006091	6000000008452388936
Q20061220	6000000017946267539
Q200617	6000000037180415048
Q2006223	6000000018902473184
Q20062373	6000000040807335955
Q20062469	6000000074746924106
Q20062514	6000000074727769836
Q20062546	6000000075419661257
Q20062552	6000000075337806896
Q20062730	6000000074704653918
Q20062738	6000000074734531857
Q20062756	6000000074726248865
Q20062759	6000000074727075600
Q20063138	6000000009136902937
Q2006321	6000000037492706855
Q20063222	6000000002188425562
Q20063699	6000000000051689832
Q20063703	6000000014746551011
Q20063740	6000000075481695191
Q20063869	6000000074704786311
Q200639	6000000021169370951
Q20064109	6000000019146617329
Q20064435	6000000042156543045
Q2006467	6000000037565823024
Q20064695	6000000020238498479
Q20064751	6000000126884400876
Q20064784	6000000171963917824
Q20065147	6000000021503126884
Q20065147	6000000074157942821
Q20065311	6000000007606691461
Q20065573	6000000177737829823
Q20065683	6000000109700181965
Q2006584	6000000016322849081
Q2006598	6000000016289382226
Q20066148	6000000042515162101
Q20066288	6000000032217825280
Q20066402	6000000221536046869
Q20066476	6000000058040115926
Q200666	6000000015126699164
Q2006702	6000000039183216795
Q20067150	6000000016204088627
Q20067198	6000000159684427824
Q20067398	6000000006603373915
Q20067738	6000000038446238866
Q200678	4587196820630031103
Q20067887	6000000000339714779
Q20067917	6000000003273414266
Q20068018	6000000020972209224
Q20068021	6000000027740412779
Q20068021	6000000205481435841
Q20068097	6000000014653194557
Q20068362	6000000002854250080
Q20068384	6000000173653318863
Q2006851	6000000013407102788
Q20068790	6000000014069709249
Q20068994	6000000116751508003
Q20068995	6000000168655964176
Q20069011	6000000079505434137
Q20069134	6000000078385214947
Q20069148	6000000079505270231
Q200692	6000000136794347907
Q20069341	6000000116750950145
Q2006963	6000000055602464871
Q20069719	6000000019776850397
Q20069719	6000000036867985844
Q20069720	6000000011545714813
Q20069721	6000000035845477115
Q20069724	6000000015142234942
Q20069738	6000000019791365044
Q20069739	6000000186211300046
Q20069917	6000000015643063452
Q20070084	6000000017533982018
Q20070087	6000000001407470095
Q20070089	6000000013321583692
Q20070134	6000000100549274864
Q20070153	6000000015352981376
Q20070419	6000000017756918748
Q20070421	6000000017756931709
Q20070520	6000000180254679877
Q20070623	6000000024304659850
Q20070657	6000000003656036671
Q20070736	6000000014959084754
Q2007083	6000000028142415576
Q2007084	6000000018077105882
Q20070979	6000000017201544322
Q20070981	6000000098862706821
Q2007127	6000000001722931772
Q20071732	6000000010579776694
Q200719	6000000017460236896
Q20075737	6000000003230944022
Q200760	6000000062573334115
Q200768	6000000011263170437
Q200776	6000000002350827181
Q2007801	6000000038216967031
Q200785	6000000026589004794
Q20078570	6000000021558063106
Q20078678	6000000036565218013
Q2007907	6000000070305744169
Q200806	6000000012921276345
Q20080836	6000000001142661698
Q200812	6000000014653752304
Q20081261	6000000015075057281
Q200817	6000000002364692984
Q2008176	6000000019199846727
Q2008186	6000000179604324888
Q2008225	6000000022979527866
Q2008283	6000000002188424283
Q20083242	6000000015771620959
Q2008329	6000000072091702954
Q20083829	6000000048030889158
Q2008444	6000000000321802760
Q200850	6000000078166447054
Q20085770	6000000034279673271
Q20085929	6000000016042683730
Q2008597	6000000017681556608
Q20086403	6000000018848875227
Q20086416	6000000100590887832
Q20086545	6000000021507188680
Q20086555	6000000021519509319
Q2008660	6000000015286663596
Q200867	6000000012533389417
Q20087098	6000000011000936689
Q2008712	6000000066684414837
Q2008749	6000000008058722518
Q20087536	6000000037778006034
Q20088228	6000000019798806793
Q200883	6000000016671593894
Q200884	6000000083073611298
Q20088946	6000000033438286003
Q20088979	6000000006273905843
Q20088980	343798677620011201
Q20089050	6000000072528250842
Q2008906	6000000025791233064
Q2008915	6000000001759642634
Q20089672	6000000033849017596
Q20089679	6000000006304210002
Q20089743	6000000031662806239
Q2008995	6000000002188615433
Q20090086	6000000046080657862
Q20090182	6000000046564333931
Q20090195	6000000078617125016
Q200902	6000000001713807287
Q20090484	6000000143211780051
Q20090517	6000000024713899131
Q2009106	6000000035402504019
Q2009145	6000000183960966859
Q2009201	6000000042490759377
Q200933	6000000137445493822
Q2009400	6000000016613445119
Q20095354	6000000000307283180
Q20095409	6000000010561013380
Q20095424	6000000176910552825
Q20095438	6000000007327585383
Q20095446	6000000011357742878
Q20095451	6000000011348467199
Q20095471	6000000078448564396
Q20095476	6000000019057426222
Q20095517	6000000180924117829
Q20095741	6000000022701252523
Q2009797	6000000012878360274
Q20098822	6000000016039891061
Q20098826	6000000016039814302
Q20098829	6000000016039877031
Q2009936	6000000008112025367
Q20100559	6000000010208834277
Q20100654	6000000028464724048
Q20100670	6000000053472731914
Q20100694	6000000044169175334
Q20100909	6000000178178358996
Q20101126	6000000003827464536
Q20101126	6000000009126264881
Q20101895	4636859629420041950
Q2010206	6000000003100401182
Q2010265	6000000003948378866
Q2010288	332415809350004911
Q2010331	4532691
Q2010332	6000000016529683993
Q201034	6000000006823607840
Q201041	5473882692080138743
Q2010462	6000000036666974691
Q2010606	6000000018098516529
Q2010688	6000000028015902454
Q2010690	6000000057734805938
Q20108379	6000000005599189481
Q20109778	6000000180549519821
Q20111482	6000000002764419693
Q20111547	6000000001605560496
Q20111747	6000000026950134997
Q201118	6000000021185963674
Q20111938	6000000054058517929
Q20113622	6000000161924111828
Q20113644	6000000059641133825
Q20113673	6000000018264826197
Q2011368	6000000051251478053
Q20113696	6000000018460486547
Q20113697	6000000016196568938
Q20113698	6000000016168284216
Q2011396	6000000138635774840
Q201143	6000000003219788977
Q2011474	6000000145340875012
Q201161	359147480560010725
Q201164	6000000014583115015
Q2011732	6000000118215072983
Q2011803	6000000112476635827
Q201181	6000000026890843593
Q2011821	6000000009036868243
Q2011824	6000000015110595465
Q201189	6000000038719616104
Q2011906	6000000017204499429
Q2011931	6000000010171532389
Q201200	6000000017425153612
Q201204	6000000015774834033
Q2012186	6000000041265719305
Q201221	4463392
Q20122289	6000000059895307860
Q2012308	6000000017547090284
Q2012405	6000000079349248822
Q201259	6000000011162685638
Q2012594	6000000136845069012
Q20127	6000000054763176878
Q2012723	6000000037786901068
Q20127371	6000000015952611674
Q20127378	6000000152642668955
Q20127395	6000000081728238977
Q2012766	6000000178638897821
Q201279	6000000020269209193
Q20128029	6000000025258870976
Q20128047	6000000025551465817
Q2012810	6000000029330911835
Q201282	6000000024052736087
Q2012945	6000000023373451653
Q2012990	6000000001504607000
Q20130236	6000000032656789707
Q20132875	6000000010512340241
Q2013292	6000000026062960753
Q2013367	6000000035551724420
Q2013690	6000000017194416105
Q2013721	6000000007315651241
Q2013838	6000000028395146264
Q2013878	6000000053831010944
Q2013887	6000000000769944230
Q201392	6000000134361749874
Q2013921	6000000001546686932
Q20140207	6000000163321226822
Q20140244	6000000015326268881
Q2014079	6000000036646477142
Q2014235	6000000013006608306
Q2014253	6000000026453423921
Q201430	6000000069525487301
Q201433	6000000025671794830
Q2014357	6000000015243589279
Q2014427	6000000016615100852
Q201452	6000000132416194848
Q2014547	6000000000782768983
Q2014562	6000000001503975620
Q2014626	6000000017866095887
Q2014639	6000000082230242367
Q2014678	6000000001505957897
Q201470	6000000041235073932
Q201477	6000000016944168424
Q2014784	6000000183099687845
Q20148	6000000014120152598
Q201484	6000000002116406145
Q201490	6000000112267105368
Q2014922	6000000175369174009
Q201494	6000000019198765602
Q201500	6000000040057826943
Q201506	6000000010450726010
Q20150902	6000000011828802509
Q201510	6000000057191703875
Q201513	6000000010868180999
Q201517	6000000016767461926
Q2015195	6000000043266586325
Q201538	6000000101687102904
Q2015454	6000000009717392118
Q201550	6000000000228136377
Q2015511	6000000015375022336
Q20155110	6000000017617023220
Q20155130	6000000015518577221
Q20155387	6000000023206989468
Q20155421	6000000032977399782
Q2015556	6000000020021811744
Q20155596	6000000013926816615
Q20155600	6000000010030531396
Q20155608	6000000011356801211
Q20156090	6000000007327464369
Q20156092	6000000003801530557
Q20156105	6000000039346515262
Q20156107	6000000088979512868
Q20156109	6000000124423266852
Q20156118	4698288446580089892
Q20156119	4698293276110089670
Q20156120	4698318405120024365
Q20156121	6000000034298657727
Q20156142	6000000057465966016
Q20156151	6000000007571157480
Q20156172	6000000006127899733
Q20156174	6000000006127141875
Q20156179	6000000026284559109
Q20156182	6000000034492706616
Q20156187	6000000004533796136
Q20156196	6000000005087448315
Q20156198	6000000009702703763
Q201562	6000000080466972869
Q20156203	6000000046561363970
Q20156206	6000000057630615879
Q20156214	6000000028951957300
Q20156215	6000000079446314732
Q20156216	6000000007571265475
Q20156224	6000000018466594553
Q20156274	6000000010432160703
Q2015750	6000000017193794496
Q2015769	6000000001118964495
Q201579	6000000013776971749
Q2015825	6000000017504475846
Q201589	6000000013239023072
Q201608	6000000007758482054
Q20160811	6000000033199723565
Q2016114	6000000018103248382
Q2016121	6000000002106002815
Q2016126	6000000001959355955
Q201617	6000000140185425922
Q2016245	6000000017833730249
Q20164353	6000000003939681483
Q20164372	6000000026549269923
Q20164433	6000000023853667826
Q201646	6000000006174980947
Q20164708	6000000026549089147
Q20164736	6000000024363872657
Q20164885	6000000014875655156
Q20165303	6000000021079998433
Q20165319	6000000008448037482
Q20165319	6000000190046840256
Q20166178	6000000002765016638
Q20167160	6000000050364926970
Q2016816	6000000024917315703
Q20169340	6000000009968350935
Q20169591	5260337053690119273
Q201699	6000000171895637653
Q20171059	6000000122874139834
Q20171158	6000000040804474454
Q20171210	6000000016621813089
Q2017125	6000000020211378625
Q20171337	6000000026406032112
Q20171386	6000000010686478765
Q20171448	6000000004571348945
Q20171567	6000000182268518896
Q20171683	6000000128134503835
Q20171688	3700814
Q20171995	6000000027610058539
Q20171998	6000000026504151978
Q20172001	6000000082318807429
Q20172004	6000000027338813588
Q20172008	6000000001504729647
Q20172111	6000000047436941850
Q20172171	6000000036170249152
Q20172230	6000000043970384324
Q20172457	6000000038030299636
Q2017253	6000000001505932054
Q2017259	6000000004335655961
Q20172858	6000000161853370853
Q201732	6000000007014397737
Q2017336	6000000066527762822
Q2017342	6000000006444750674
Q201739	6000000007981859306
Q201751	6000000015078085764
Q2017560	6000000052217976830
Q2017564	6000000013259153077
Q2017566	6000000013083311472
Q2017599	6000000091673556844
Q201763	6000000025095507138
Q20177077	6000000003033305252
Q20177093	6000000010061787238
Q20177225	6000000002218059707
Q20177345	6000000027756093071
Q20177659	6000000019059566090
Q20177684	6000000061749805083
Q20177863	6000000034487827992
Q20178	6000000176948982954
Q2017804	6000000017876415673
Q20178099	6000000022184463032
Q2017832	6000000097498235986
Q2017853	4152452810700030235
Q2017855	6000000025640666454
Q20178998	6000000034488168871
Q2017903	6000000040631303748
Q20179156	6000000034487472011
Q201795	6000000015654137610
Q2017976	6000000015472176545
Q20179903	6000000040386516962
Q20180659	6000000032646477952
Q20180699	6000000070160553901
Q20180734	6000000023224631884
Q20180737	6000000004678591397
Q20180811	6000000001561572250
Q20180839	6000000022323327870
Q20180922	6000000025273796680
Q20180928	6000000007648747736
Q20181005	6000000010618268336
Q20181012	6000000109104455764
Q2018118	6000000012162569224
Q2018155	6000000002433272586
Q2018174	6000000173693550384
Q2018189	6000000008448078541
Q20182022	6000000171103061840
Q2018214	6000000013676460170
Q20182229	6000000173906335300
Q20182257	6000000099651288862
Q20182347	6000000004096858809
Q20182360	6000000040022906824
Q2018272	6000000092284722842
Q20182783	6000000141553984857
Q20182821	6000000025286271551
Q2018283	6000000022712570779
Q20183672	6000000019259073188
Q2018380	6000000018022599685
Q2018445	6000000089980490825
Q20184545	6000000037687008209
Q201853	6000000041296438139
Q2018566	6000000044369639574
Q201858	6000000180819519823
Q201860	6000000025127970224
Q2018688	6000000027946483242
Q201893	6000000083759829537
Q20189372	6000000012950521794
Q2018952	6000000045701167032
Q2018981	6000000184676604961
Q2019000	6000000013267549156
Q20190366	6000000043722712150
Q20190584	6000000182726817902
Q20190641	6000000017797530196
Q201908	6000000014686204666
Q20191217	6000000081006845893
Q20191393	6000000042283733120
Q20191995	6000000029967552239
Q20192066	6000000081383899025
Q20192080	6000000033273188518
Q2019259	6000000019607589223
Q20192673	6000000015892541070
Q201927	6000000037792175963
Q2019385	6000000053486960239
Q20194418	6000000016943965248
Q2019499	6000000014230254207
Q2019530	6000000002590442021
Q20195993	6000000014126007726
Q20196146	6000000014126818469
Q2019618	6000000026039122196
Q20196984	6000000014163148287
Q20197874	6000000021076515462
Q201980	6000000023123247989
Q2019868	6000000178299253859
Q2019875	6000000036929537078
Q201994	6000000048927853136
Q2020073	6000000009737299636
Q20200815	6000000083906903846
Q202015	6000000082016338082
Q20201795	6000000015593903208
Q2020205	6000000013058301830
Q20202274	6000000171972698338
Q20202329	6000000015644024886
Q20202387	6000000030064946982
Q20202391	6000000030122881192
Q20202440	6000000007209199683
Q20202451	6000000035894569435
Q20202452	6000000035351498206
Q20202496	6000000026165244750
Q202025	6000000002188416225
Q20202676	6000000016168486676
Q20202699	6000000016168486681
Q20202796	6000000017573864155
Q20202813	6000000017573864160
Q20202857	6000000016168205240
Q20202861	6000000016163220579
Q20202873	6000000016168503407
Q20203330	6000000016388158985
Q20203406	6000000002188514154
Q20203410	6000000015501424550
Q20203413	6000000012657373874
Q2020344	6000000064132556103
Q20203471	6000000017478067816
Q20203483	6000000017478689550
Q20203521	6000000016181110749
Q20203524	6000000016181414403
Q20203708	6000000175595934823
Q20203787	6000000016181747325
Q2020382	6000000013003528806
Q20204155	6000000038058566073
Q20204263	6000000165166883881
Q20204268	6000000086290043985
Q20204269	6000000156506881843
Q20204302	6000000016553084696
Q2020455	6000000041931996391
Q202049	6000000041454432087
Q20204915	6000000047807324142
Q20205166	6000000056759931843
Q202056	6000000015183939417
Q2020596	6000000018975353634
Q2020625	6000000004097526104
Q2020964	6000000036127543526
Q2021046	6000000039935960631
Q202108	6000000031720716965
Q2021113	6000000078709755794
Q2021136	6000000007264733661
Q2021192	6000000017870532246
Q2021328	6000000012489268130
Q20213806	6000000017936096971
Q202140	6000000014427690317
Q20214178	6000000017937167339
Q202144	6000000027841249365
Q202146	6000000014424604771
Q202148	6000000016024232466
Q202149	6000000041307473781
Q20215092	6000000016174513572
Q20215551	6000000021850811219
Q2021556	6000000057131235840
Q2021576	6000000035978561907
Q202159	6000000014438228368
Q20216608	6000000021850812837
Q20216930	6000000021850710257
Q202171	6000000000446024387
Q202172	6000000029780889744
Q20217748	6000000021850811244
Q20218124	6000000021850811234
Q2021920	6000000002188495051
Q2022	6000000069631084829
Q20220026	6000000018435687204
Q20220050	6000000018435746348
Q20220054	6000000019087511195
Q20220063	6000000019085755984
Q20220082	6000000019087690069
Q20220091	6000000063786737901
Q20220100	6000000019086489886
Q20220111	6000000019087730062
Q20220117	6000000063786984822
Q20220139	6000000012501988380
Q20220270	6000000023110827612
Q202209	6000000046425810892
Q2022226	6000000059614752875
Q202237	6000000025125935479
Q2022408	6000000037441055457
Q2022437	6000000000794832014
Q202246	6000000009880044024
Q2022487	6000000014960871871
Q20225243	6000000007605234002
Q20225249	6000000009489859978
Q20225256	6000000001188838512
Q20225263	6000000014417360111
Q2022529	6000000179127476823
Q2022549	6000000017335944479
Q202276	6000000013170586225
Q202279	6000000013951744859
Q202281	6000000145231886202
Q202285	4269762257950054763
Q2022854	6000000050038334235
Q2022882	6000000026018756136
Q202289	6000000014176796264
Q2022918	6000000020864976439
Q2022932	6000000022627054862
Q202295	6000000060274019039
Q2022977	6000000019875278434
Q202304	6000000033283376428
Q2023061	6000000015343629784
Q202307	6000000014843359101
Q202313	6000000007577723826
Q202319	6000000028042573201
Q202323	6000000129373968898
Q2023241	6000000018128391452
Q2023243	6000000015878036210
Q2023393	6000000151219410822
Q20234040	6000000063787310878
Q2023434	6000000013272798996
Q20234577	6000000026214960598
Q20234918	6000000017933975473
Q202350	6000000034843124562
Q202354	6000000163654268822
Q202355	6000000029820476137
Q20235572	6000000021850811224
Q20236077	6000000088861848858
Q20236400	6000000016811872489
Q202365	6000000012922788703
Q2023708	6000000007274613630
Q2023710	6000000073766668392
Q202381	6000000008620194432
Q202382	6000000109261594822
Q202385	6000000017273586345
Q2023971	6000000001686451149
Q2024033	6000000125916248858
Q20240906	6000000021358393804
Q20240912	6000000155211652821
Q20240927	6000000026482784243
Q20241103	6000000009676020573
Q202420	6000000070402089208
Q20242617	6000000039766359971
Q20242786	6000000026150013695
Q20242789	6000000047843651821
Q20242818	6000000096201431854
Q20242841	6000000148756697095
Q20242871	6000000180855996825
Q20243143	6000000048745344857
Q20243244	6000000030908184102
Q20243292	6000000044224271003
Q20243294	6000000163152687827
Q20243302	6000000076662007962
Q20243308	6000000001362728814
Q20243317	6000000032820069661
Q20243996	6000000068740101821
Q2024445	6000000006582667240
Q2024474	6000000010314898491
Q202449	6000000018272555049
Q2024586	6000000204550115892
Q2024655	6000000003969091112
Q202475	6000000017834690022
Q2024760	6000000014136653147
Q2024762	6000000003086797966
Q2024801	6000000014418654788
Q2024820	6000000011579930558
Q2024883	6000000009710420089
Q202489	6000000017121822509
Q20249645	5673039724590115355
Q20249668	6000000000199725655
Q202497	6000000044469518619
Q20249763	6000000032050435907
Q20249777	6000000038631363863
Q20249790	6000000000623179644
Q20249837	6000000018386525790
Q20249848	6000000029659143466
Q20250065	6000000173967304884
Q20250292	6000000042774115813
Q20251283	6000000098668848896
Q20251304	6000000082714266911
Q20251351	6000000020434915129
Q20251356	6000000031595175276
Q20251370	6000000003642156873
Q20251377	6000000020827658854
Q20251422	6000000000147544134
Q20251538	6000000002552327009
Q20251573	6000000028817669809
Q2025160	6000000048442599976
Q20251614	6000000174431561944
Q2025182	6000000217239668836
Q20251858	6000000086540113868
Q20251869	6000000057335608965
Q20251911	6000000039595333894
Q20252023	6000000002297430388
Q20252096	6000000019994606701
Q20252128	6000000089384574864
Q20252216	6000000004164134617
Q20252246	6000000079229524919
Q20252439	6000000171972715158
Q20252464	6000000117391984891
Q20252709	6000000011310404292
Q20252781	6000000000626230807
Q20252784	6000000002370583674
Q20252786	5308522214090076878
Q2025282	6000000033497794029
Q20252882	6000000000574468293
Q20252886	6000000024184191937
Q20253034	6000000024090985278
Q20253094	6000000070871920993
Q20253142	6000000090599546863
Q20253188	6000000008367511395
Q20253194	6000000000269336415
Q20253372	6000000000037344435
Q20253379	6000000021233886273
Q20253444	6000000002731132568
Q2025349	6000000007324001187
Q2025370	6000000182062478879
Q2025375	6000000110066009874
Q20253875	6000000000510718030
Q20253885	6000000019609369230
Q20254012	6000000016573867907
Q20254052	6000000088226932133
Q20254084	5310446177210124995
Q20254159	6000000016694990438
Q20254169	6000000000951042209
Q20254171	6000000022656048953
Q20254188	6000000013247935697
Q20254250	346064264570007208
Q20254291	6000000004649426150
Q202546	6000000142694424822
Q2025462	6000000199691017881
Q2025499	6000000030183443148
Q202550	6000000018294187614
Q20255021	6000000020599080480
Q20255029	6000000006354437001
Q20255039	6000000032723588941
Q20255219	6000000086539529137
Q20255693	6000000107094009837
Q20255738	6000000007722015539
Q2025614	6000000046508380965
Q2025648	6000000184546880825
Q2025680	6000000001432287327
Q20256999	6000000004406202601
Q20257816	6000000012642230216
Q2025783	6000000019035873170
Q2025832	6000000000308841111
Q2025913	6000000036062584803
Q2026032	6000000010041954752
Q20261154	314481971720006226
Q20261295	6000000031731460876
Q20261313	6000000038853871604
Q20261837	6000000071937182175
Q20261929	6000000175530128917
Q20262067	6000000039025869693
Q202625	6000000128489736909
Q2026293	6000000037255063582
Q202631	6000000024049441539
Q20263530	6000000002379455698
Q2026370	6000000000106478298
Q2026510	6000000017510917048
Q202663	6000000008745828294
Q2026643	6000000005071207786
Q20266564	6000000043145414926
Q2026871	6000000022379718194
Q202693	6000000005564319782
Q2026947	6000000055398584897
Q2027005	6000000003782816017
Q2027234	6000000002744772209
Q2027235	6000000018022167999
Q202725	6000000006823469155
Q2027257	6000000036227182902
Q202729	6000000014199704715
Q202732	6000000031036308821
Q202733	6000000016971980381
Q20273391	6000000143316196924
Q202735	6000000000767400195
Q20273626	6000000009383930369
Q20273847	6000000002765743319
Q20273904	6000000017617823232
Q202749	3653470
Q2027578	6000000042150743244
Q202765	6000000015086232267
Q2027651	6000000173725928844
Q2027658	6000000013132994009
Q2027690	6000000015217546462
Q202770	6000000062451513764
Q2027759	6000000007921019621
Q20278332	6000000043355568259
Q202792	6000000046284047023
Q2028076	6000000185670126831
Q2028084	6000000009923867290
Q20281227	6000000026993686410
Q202815	6000000017027441633
Q20283799	6000000185574799142
Q2028437	6000000092562295563
Q2028475	6000000007923998115
Q202853	6000000091747622358
Q202854	6000000012461475625
Q2028705	6000000011102229838
Q2028720	6000000075288495283
Q2028738	6000000002612808761
Q202878	6000000011013144654
Q2028811	6000000010312643333
Q2028827	6000000002462774500
Q2029078	6000000026313610252
Q2029271	6000000054534615269
Q2029357	6000000056630721986
Q202937	6000000012739255150
Q202950	6000000015237530835
Q2029568	6000000000091101184
Q2029582	6000000026763458224
Q2029666	6000000176849223865
Q2029671	6000000192343353822
Q2029707	6000000094924659189
Q2029720	6000000024957046884
Q2029754	6000000074313605863
Q202979	6000000012921353890
Q20298402	6000000017418809794
Q2029967	6000000000979376261
Q2029985	6000000017370158297
Q203007	6000000002831280246
Q203011	6000000026325238251
Q2030176	6000000002172494611
Q2030240	6000000080056219699
Q203029	6000000020266411072
Q2030321	6000000017307679246
Q2030412	6000000022880058051
Q203047	6000000023481671138
Q2030508	6000000017709164473
Q2030586	4016892228500128400
Q2030764	6000000043007986011
Q2030814	6000000016135054323
Q2030850	6000000173638962206
Q20309306	6000000024951948993
Q2031	6000000145785258064
Q20310273	6000000203105560874
Q203106	6000000051942035344
Q2031097	6000000003687349337
Q20311044	6000000084111126153
Q20311045	6000000034406074986
Q2031124	6000000002410505943
Q2031143	6000000014946673511
Q2031145	6000000089778482152
Q2031160	6000000007529663536
Q2031177	6000000034121337019
Q20312022	6000000178559493916
Q20312170	6000000018382041828
Q20312202	6000000043925841995
Q2031248	6000000041840391293
Q20312660	6000000004591178423
Q203129	6000000007257456241
Q2031292	6000000111092891847
Q20313159	6000000165165591258
Q2031376	6000000179134622822
Q2031514	6000000044870041882
Q2031553	6000000015487693203
Q2031600	6000000002799593979
Q2031646	6000000006101344894
Q203165	6000000010707608636
Q2031667	6000000000123038957
Q203167	6000000016386233085
Q203205	6000000046459465843
Q203215	6000000007709471307
Q2032165	6000000115280917946
Q203219	6000000005250156612
Q203223	6000000010102609629
Q2032295	6000000022965232624
Q2032354	6000000166669971839
Q2032486	6000000045526888010
Q2032508	6000000070660487451
Q2032594	6000000038239557034
Q2032636	6000000006444735622
Q2032661	6000000020812756786
Q203268	6000000035504165264
Q2032684	6000000018701822766
Q2032692	6000000182512856882
Q2032705	6000000000355754411
Q2032710	6000000018144600702
Q2032721	6000000016496384559
Q2032744	6000000024511957466
Q2032767	6000000033009282147
Q2032777	6000000041597954931
Q2032793	6000000010832356342
Q2032813	6000000024679558007
Q2032858	6000000022262814429
Q2032860	6000000151981574848
Q2032868	6000000040542017885
Q2032893	6000000014684438992
Q2032921	6000000120879275962
Q2032938	6000000038818156742
Q2032967	6000000072716459331
Q2032986	6000000004393789706
Q2033012	6000000132467809316
Q2033023	6000000176736499821
Q2033174	6000000041236974920
Q2033205	6000000145243093908
Q203326	6000000002452968526
Q2033544	6000000058122199337
Q2033564	6000000025797431345
Q2033586	6000000023287908890
Q2033607	6000000080452264889
Q2033609	6000000179030878840
Q2033675	6000000112340994865
Q2033693	6000000001125382008
Q2033703	6000000023884325497
Q2033706	6000000080491620023
Q2033710	6000000082857809147
Q2033719	6000000064633027940
Q2033764	6000000093491738341
Q2033800	6000000019025277579
Q2033831	6000000071705556643
Q2033868	6000000002188489210
Q2033884	6000000035154413902
Q2033895	6000000143266995855
Q2033916	6000000057090382888
Q2033941	6000000165966951087
Q2033992	6000000007339101221
Q2033998	6000000084812180994
Q203401	6000000002530439696
Q2034058	6000000079281335047
Q2034076	6000000078937361866
Q2034143	6000000131367639840
Q2034144	6000000011321762573
Q2034146	6000000039844630303
Q2034160	6000000020669628494
Q203417	6000000028023006537
Q2034202	6000000009666495522
Q2034272	6000000078426359110
Q2034318	6000000058866530048
Q203433	6000000009958353873
Q2034367	6000000021080339206
Q2034576	6000000051298846145
Q2034582	6000000007898851549
Q203460	6000000036530014081
Q2034621	6000000002188504157
Q2034626	6000000002447085644
Q2034816	6000000001873934555
Q2035037	6000000011051231904
Q2035087	6000000028064154610
Q2035132	6000000024361008655
Q203514	6000000001869259003
Q203527	6000000029184744081
Q2035311	6000000002188615509
Q203533	6000000173223273266
Q2035406	6000000056339681144
Q203545	6000000030548073391
Q2035457	6000000007399606239
Q2035529	6000000166723089853
Q2035566	6000000010091192481
Q2035574	6000000144679251266
Q2035589	6000000010784628767
Q203559	6000000001188702183
Q2035786	6000000067657618825
Q203580	6000000003827587860
Q2035953	6000000036669777977
Q2036138	6000000003143344061
Q2036193	6000000137558468827
Q203623	6000000003482824044
Q2036248	6000000005090123245
Q2036278	6000000053487799226
Q203636	6000000102663202927
Q2036379	6000000118201818985
Q2036385	4025435516570079269
Q2036388	6000000115456430824
Q2036414	6000000164023314122
Q203643	6000000001927276083
Q203644	6000000083381621427
Q2036455	6000000018894646240
Q2036474	6000000011371163525
Q2036503	6000000020799000997
Q2036514	6000000024876241208
Q2036517	6000000033912445496
Q2036536	6000000033055025469
Q2036671	6000000017493103006
Q2036681	6000000016885425758
Q203674	6000000014657266053
Q2036760	6000000069179593860
Q2036773	6000000042729474346
Q2036883	6000000027361738587
Q203690	6000000010343364375
Q2036942	6000000018379378001
Q2037052	6000000024789090381
Q2037058	6000000163578864855
Q2037059	6000000026051778638
Q2037077	6000000008779009523
Q203708	6000000008570744069
Q2037246	6000000140692651222
Q2037491	6000000027636148286
Q2037500	6000000222368732879
Q203768	385273909170012939
Q2037737	6000000000098323151
Q2037740	6000000000611052153
Q2037848	6000000177803907858
Q2037856	6000000115720157821
Q20379079	6000000026353978871
Q2037919	6000000143805592031
Q2037927	6000000064425931864
Q203799	6000000007250021800
Q2038	6000000014684607948
Q2038000	6000000183436341857
Q2038012	6000000017104509711
Q203804	6000000076274799900
Q2038086	6000000000527035304
Q2038104	6000000040103319027
Q203819	6000000010707928538
Q2038237	6000000006763758472
Q2038241	6000000020895496301
Q2038298	6000000003605106953
Q2038332	6000000018809801103
Q2038363	6000000057447818040
Q2038385	6000000000814510857
Q2038387	6000000133958468152
Q203840	6000000008763866697
Q2038415	6000000100730226885
Q2038423	6000000197230079830
Q2038425	6000000003141363324
Q203843	6000000041537479376
Q2038492	6000000026846114983
Q2038589	6000000002803032585
Q2038593	6000000036947506850
Q2038596	6000000025579980560
Q203860	6000000017926795442
Q2038616	6000000125400497826
Q2038664	6000000015050289950
Q2038684	6000000024284860939
Q2038702	6000000108944880821
Q2038714	6000000036834002402
Q2038730	6000000023950009187
Q2038763	6000000012679461917
Q2038781	6000000017236542545
Q2038812	6000000022319228842
Q2038909	6000000016146830491
Q2038910	6000000077982724018
Q2038920	6000000040800816150
Q2038937	6000000048112694039
Q2038991	6000000029936519390
Q2039042	6000000053708109222
Q203906	6000000029203755077
Q2039073	6000000064771778837
Q2039099	6000000022380969706
Q2039110	6000000025498461650
Q203913	6000000075961751195
Q2039146	6000000005932128461
Q2039194	6000000008019450695
Q2039202	6000000004095875101
Q20392164	6000000020677530719
Q2039221	6000000022783736007
Q20392218	6000000014065051384
Q2039241	6000000050306721962
Q2039268	6000000182092982857
Q2039298	6000000004533205079
Q2039326	6000000007335955230
Q2039344	6000000009645116635
Q2039378	6000000166552173888
Q2039395	6000000012590449269
Q2039401	6000000169792280827
Q2039409	6000000135166656828
Q203941	6000000097486153821
Q2039410	6000000026866837369
Q2039439	6000000046269000030
Q2039445	6000000031848705474
Q2039461	6000000025817052089
Q2039492	6000000020389806372
Q2039521	6000000182567150823
Q2039554	6000000006443299084
Q2039594	6000000016027999724
Q203960	6000000017089527616
Q2039601	6000000153925781850
Q2039624	6000000017862395644
Q203966	6000000017432738090
Q2039683	6000000026518492283
Q2039719	6000000020977671780
Q2039746	6000000028353391930
Q2039755	6000000010139992968
Q203980	6000000000076300031
Q2039800	6000000072581653908
Q2039801	6000000061004782274
Q2039816	6000000001311688901
Q2039826	6000000218640731844
Q2039851	6000000180566838883
Q2039857	6000000033600694161
Q2039872	6000000071403913179
Q20399086	6000000015910829114
Q2039909	6000000001128660229
Q2039912	6000000003943109251
Q2039912	6000000072436006822
Q2039914	6000000011494588848
Q2039949	6000000008614071028
Q2039960	6000000013992398535
Q2039989	6000000030911105148
Q2039995	6000000042351079993
Q2040	6000000083983388836
Q204000	6000000024336197127
Q2040039	6000000017310247967
Q2040095	6000000002764903033
Q2040116	6000000069916869011
Q2040125	6000000025767771247
Q204013	6000000058611165975
Q204019	6000000028145514340
Q2040261	6000000007014532346
Q2040266	6000000081920777895
Q2040310	6000000015013478689
Q2040313	6000000140435741827
Q2040329	6000000048927936983
Q2040339	6000000020882162895
Q2040388	6000000022810516997
Q204042	6000000029284208718
Q2040458	6000000179457421839
Q2040514	6000000042893746900
Q2040517	6000000007989359396
Q2040538	6000000030175456869
Q2040573	6000000009699662083
Q2040599	6000000015521673019
Q2040636	6000000000329620749
Q2040665	6000000014128031368
Q2040704	6000000022190637725
Q2040731	6000000002764505958
Q2040739	6000000136293794938
Q2040746	6000000021623816330
Q2040752	6000000047940768348
Q2040756	6000000000301762846
Q204078	6000000021687518474
Q2040793	6000000006376020144
Q2040836	6000000035258540497
Q2040854	6000000016451411521
Q2040868	6000000018726894244
Q2040912	6000000176656971829
Q204093	5216913234510089978
Q2040954	6000000019203916660
Q2040996	6000000030908273897
Q2041041	6000000102826892931
Q2041044	6000000090936577831
Q2041046	6000000004660892717
Q2041053	6000000002802400543
Q204108	6000000147258956875
Q2041105	6000000022218763824
Q2041130	6000000002511430936
Q2041134	6000000078218612937
Q2041162	6000000181025505846
Q2041169	6000000014207237208
Q2041171	6000000029284705283
Q2041182	6000000135589172947
Q2041186	6000000025756014828
Q2041190	6000000026229404286
Q2041195	6000000020585607507
Q2041204	6000000180948997833
Q2041235	6000000022766091512
Q204124	6000000016386408013
Q2041240	6000000009305601691
Q2041253	6000000041433754959
Q2041256	6000000002764436185
Q2041263	6000000006100278524
Q2041274	6000000196971918823
Q2041278	6000000019949579883
Q2041280	6000000008404559779
Q2041285	6000000025862818609
Q2041308	6000000021289010651
Q2041316	6000000022309779503
Q204132	6000000009447953328
Q2041329	6000000088053040414
Q2041331	6000000032999191153
Q2041342	6000000000720008942
Q2041347	6000000106438124821
Q2041349	6000000016844537612
Q204135	6000000016776039759
Q2041353	6000000030160713540
Q2041356	6000000014218262710
Q2041359	6000000076557777026
Q204138	6000000023201495923
Q2041409	6000000015501061289
Q2041449	6000000090466656917
Q2041470	6000000182387302923
Q2041541	6000000024744459041
Q2041551	6000000018616069641
Q204162	6000000092684409318
Q2041772	6000000030761067130
Q2041781	6000000193500972934
Q2041967	6000000015249100202
Q2042	6000000010128871671
Q204205	6000000015540940745
Q20421286	6000000017557550340
Q204218	6000000010343392558
Q204233	6000000020985382264
Q204236	6000000018399875650
Q2042371	6000000143911236844
Q2042446	6000000175340969937
Q2042506	6000000026437430419
Q2042564	6000000156838400822
Q2042598	6000000014260384951
Q2042613	6000000023180045027
Q2042615	6000000017387157459
Q2042619	6000000003249613583
Q2042645	6000000027380548856
Q2042650	6000000015232167011
Q20426507	6000000195798780838
Q2042651	6000000165215673852
Q20426597	6000000059365094248
Q204267	6000000016241699876
Q20427832	6000000025609296721
Q20427849	6000000015321564930
Q20427874	6000000073602558674
Q204279	6000000015140079331
Q20427953	6000000111291249929
Q20427970	6000000008972298075
Q20427973	6000000080411962839
Q20428086	6000000081002751675
Q20428138	6000000034204512563
Q20428155	6000000011331306310
Q20428177	6000000082393376926
Q20428235	6000000138041000973
Q20428244	6000000067965467977
Q20428257	6000000179409664832
Q20428292	6000000007629353447
Q20428336	6000000076884637355
Q2042868	6000000025171688059
Q2042885	6000000010363287454
Q2042893	6000000169063346045
Q2042924	6000000011881997196
Q2042947	6000000177076422838
Q20430	6000000013475815200
Q20430389	6000000015883058564
Q2043093	6000000004189461662
Q2043108	6000000018393058179
Q2043169	6000000024281103136
Q20432175	6000000180805209829
Q2043318	6000000180735262873
Q20434611	6000000001318625289
Q20435055	6000000081797508889
Q20435112	6000000134758459979
Q20435374	6000000093053235089
Q20435416	6000000027611068367
Q20435417	6000000002776073813
Q20435483	6000000103659060861
Q20435556	6000000030004736142
Q20435610	6000000081794947941
Q20435649	6000000016460106304
Q20435655	6000000058037334828
Q20435703	325551771910002054
Q20435740	6000000121961057825
Q20435752	6000000152787618821
Q20435777	6000000072181730991
Q20435826	6000000006712065524
Q20435856	6000000015534714172
Q20435895	6000000002986830463
Q20435963	6000000059893367852
Q20436019	6000000183487917838
Q20436067	6000000015664248013
Q2043615	6000000122037391964
Q20436176	6000000069684779821
Q20436263	6000000013792146964
Q20436271	6000000016830927323
Q204363	6000000021518919237
Q20436358	6000000021412270618
Q20436416	6000000052946166918
Q20436486	6000000169090456824
Q20436643	6000000180259943858
Q20436665	6000000080997220832
Q20436741	6000000081105020856
Q20436860	6000000022568959769
Q20436865	6000000078052914336
Q20436951	6000000054405573821
Q20437087	6000000150678576821
Q20437091	6000000150678517855
Q20437100	6000000150678537821
Q20437193	6000000002821000422
Q20437320	6000000032731953472
Q20437389	6000000021586415984
Q20437393	6000000076679071935
Q20437426	6000000025377130278
Q20437448	6000000002907032220
Q20437485	6000000024985305314
Q20437491	6000000024642752066
Q204375	6000000029805785014
Q20437533	6000000080334765969
Q20437676	6000000067117280282
Q20437711	6000000028416690488
Q20437726	6000000044529646997
Q20437733	6000000044529239662
Q20437795	6000000013823914724
Q2043784	6000000063781040857
Q20437857	6000000052773421957
Q20437864	6000000030835303987
Q20437875	6000000029363919786
Q20437906	6000000178753987866
Q20437910	6000000034573965613
Q20438013	6000000048107218337
Q20438027	6000000048804099362
Q20438059	6000000179655470841
Q20438287	6000000009456161232
Q20438359	6000000178161108863
Q20438383	6000000096991510961
Q20438385	6000000138604488054
Q20438449	6000000080703330608
Q2043891	6000000027083170077
Q20439522	6000000022229748268
Q2044208	6000000017400752782
Q2044213	6000000113788889848
Q20444704	6000000074747059117
Q2044534	6000000163840438056
Q20445609	6000000057517051839
Q20445988	6000000024557032325
Q2044609	6000000038815129178
Q204473	6000000003891018587
Q20447337	6000000005247110300
Q2044739	6000000184383581839
Q2044885	6000000196794149858
Q2044997	6000000040066826995
Q2045019	6000000205959378822
Q2045040	6000000075501090834
Q2045127	331514873640011337
Q2045135	6000000013482347714
Q204517	375000968230012043
Q2045258	6000000015791725017
Q2045330	6000000016776046830
Q2045335	6000000019923975506
Q2045342	6000000077912623057
Q2045369	6000000000556926683
Q2045522	6000000065985217006
Q2045555	6000000048247578973
Q2045582	6000000175697670823
Q2045594	6000000136910953866
Q2045706	6000000048837220862
Q2045896	6000000019418778377
Q204590	6000000007775282928
Q2045976	6000000030402709905
Q204599	6000000054748780104
Q204600	6000000013760733826
Q2046002	5270740666240102353
Q2046086	6000000024775981601
Q204625	6000000064643373895
Q2046293	6000000019951260600
Q204630	6000000084478732828
Q204631	6000000019267685417
Q2046354	6000000001359672029
Q2046500	6000000184284277827
Q2046527	6000000025720961938
Q2046768	6000000014114852487
Q2046773	6000000014864305374
Q2046801	6000000041340924552
Q204685	6000000011278364980
Q2046879	6000000178117392851
Q20470987	6000000177029312871
Q2047138	6000000020130778874
Q20471989	6000000177124188839
Q2047324	6000000014344688137
Q204733	6000000018715805137
Q2047363	6000000000307243754
Q2047391	6000000002928355063
Q204750	6000000089054975855
Q204751	6000000186984914822
Q2047554	6000000049760762056
Q2047567	6000000017823446594
Q2047594	6000000028564190236
Q20477755	6000000072815176844
Q20477859	6000000075746281236
Q20477974	6000000039113557702
Q20477991	6000000024624209162
Q20478041	6000000011504892953
Q20478069	6000000176614951875
Q20478171	6000000065474522848
Q20478324	6000000022410099978
Q20478363	342329338800013693
Q20478367	6000000035957349300
Q20478474	6000000010059379826
Q20478517	6000000010481823045
Q20478617	6000000181533995822
Q20478636	6000000183257300868
Q20478671	6000000009275163085
Q20478679	6000000009298923397
Q20478700	6000000046554707973
Q20478756	6000000108598713848
Q2047886	6000000061199738940
Q20479025	6000000038039638028
Q20479292	6000000041436316613
Q20479399	6000000016727609640
Q20479447	6000000003793868398
Q20479469	6000000017613460690
Q20479533	6000000028051950352
Q20479573	6000000179099917831
Q20479802	6000000091144623877
Q20479965	6000000011157567521
Q20479966	6000000002986836811
Q20479994	6000000010958548736
Q20480001	6000000014696048208
Q204801	6000000002684517992
Q2048014	6000000069585181169
Q20480164	6000000051720516855
Q20480366	6000000038194798854
Q20480388	6000000007236310732
Q20480432	6000000007974328463
Q20480441	6000000000000821697
Q20480577	6000000022588427941
Q20480744	6000000000070862572
Q20480869	6000000045579795208
Q20480910	6000000019264574112
Q20480930	6000000169691751991
Q20480934	6000000051749494354
Q20480958	6000000008380757074
Q20481008	6000000178151559850
Q20481084	6000000000688726168
Q20481128	6000000077439093620
Q20481146	6000000039061954968
Q20481176	6000000075992021850
Q20481328	6000000047804846082
Q20481458	6000000013490596896
Q204815	6000000015753218608
Q20481543	6000000149665812821
Q20481568	6000000083998875903
Q20481601	6000000016248853003
Q20481606	6000000018638144565
Q20481673	6000000030428096203
Q20481731	6000000036314840333
Q20481745	6000000043257161187
Q20481752	6000000041854464610
Q20481762	6000000186669577899
Q20481803	6000000026856020048
Q20482070	6000000077319432434
Q20482072	6000000178949906821
Q20482098	6000000014598162286
Q20482158	6000000017577634729
Q20482173	6000000080343152041
Q20482201	6000000085226914286
Q2048239	6000000151428799878
Q2048310	6000000017286496024
Q2048390	6000000171049109843
Q2048455	6000000017983134844
Q204852	6000000012484186279
Q2048561	6000000058994540189
Q204859	6000000174158287084
Q204864	6000000003219721204
Q2048649	6000000058906821827
Q20486999	6000000036486758862
Q20487005	6000000024596267380
Q20487024	6000000009747359650
Q20487050	6000000095822949840
Q20487123	6000000062930696929
Q2048716	6000000000307282056
Q2048725	6000000015248558209
Q20487728	6000000019770150885
Q2048880	6000000009414623701
Q204891	6000000145078061822
Q2049096	6000000018701443854
Q2049135	6000000013832330498
Q2049192	6000000149230529833
Q2049200	6000000032356793068
Q20492502	6000000017896371025
Q20493175	6000000075250892832
Q20493241	6000000038179990895
Q204936	6000000164670904130
Q204943	5093356371790128380
Q204946	6000000004654514277
Q2049510	6000000095705463031
Q2049591	6000000175348701835
Q2049598	6000000129156401955
Q20496305	6000000003004431858
Q2049704	6000000069856537284
Q20497287	6000000006348524891
Q2049817	6000000226952700841
Q20498353	6000000172335232183
Q20499516	6000000003827451238
Q204996	6000000003743377648
Q2049973	6000000034076536877
Q204999	6000000020502096990
Q205000	6000000015911714128
Q205002	6000000086435919863
Q2050023	5337304438460122779
Q20500235	6000000002188559437
Q20500239	6000000003827305179
Q20501859	6000000008468582874
Q205019	6000000065988326044
Q20502000	6000000006417731179
Q20502012	6000000008896841050
Q20502209	6000000007425412342
Q20502333	6000000009196589544
Q20502517	6000000006918343697
Q20502560	6000000001344924748
Q20502614	4575055
Q20502636	6000000002642421421
Q20502689	6000000021962645039
Q20502760	6000000006712217172
Q20502819	6000000195314190849
Q2050282	6000000003072299716
Q20502890	6000000177281207840
Q20502906	334923478210014711
Q20502909	6000000002215964552
Q2050307	6000000013956223367
Q2050319	6000000068373235957
Q20503267	6000000002699094697
Q20503413	6000000020177480924
Q20503425	6000000174679357201
Q2050344	6000000166031848909
Q20504798	6000000019098792487
Q20506636	6000000017925346381
Q2050693	6000000024657374858
Q20508942	6000000091688089005
Q2050930	6000000013505568010
Q205111	6000000097091389879
Q2051128	6000000026091639385
Q2051137	6000000038767363672
Q20511401	6000000072392873862
Q20512309	6000000172405541871
Q2051285	6000000212451371823
Q2051340	6000000151748174836
Q20513841	6000000070124351858
Q205139	6000000022540067558
Q2051442	6000000035477621688
Q2051502	6000000085924839841
Q205162	6000000002764381542
Q2051725	6000000009618040648
Q2051791	6000000017493054585
Q2051811	6000000018856243814
Q205185	316670476240006520
Q20520834	6000000139381540138
Q20520956	6000000025543094175
Q20521033	6000000021181732929
Q20521037	6000000000949807206
Q20521193	6000000000633994289
Q2052126	6000000063230815890
Q20521329	6000000083594061164
Q20521334	6000000056415087899
Q20521350	6000000076874642878
Q20521435	6000000176120765825
Q20521727	6000000176238554824
Q20521797	6000000174792817854
Q20522433	6000000105757374873
Q20522790	6000000076880280444
Q2052323	6000000020956607056
Q20523452	6000000055433331995
Q20523455	6000000087775986087
Q20523629	6000000062008828039
Q20524046	6000000087130660837
Q20524059	6000000076257600872
Q20524656	6000000030224011490
Q20525012	6000000019494142535
Q20525087	993089
Q20525151	6000000178853486850
Q20525184	6000000077105398072
Q2052520	4008802617820034117
Q20525219	6000000077632739769
Q20525261	6000000068481842868
Q20525337	6000000008312232685
Q20525364	6000000087354724065
Q20525480	6000000040253735486
Q20525544	6000000133031464833
Q20525782	6000000057482627949
Q20525783	6000000104385365852
Q20525901	6000000038572764077
Q20525907	6000000171054453911
Q20525931	6000000081530881320
Q20525955	6000000037859768928
Q20526022	6000000067886923114
Q20526124	6000000006410993946
Q2052670	6000000029133429850
Q205269	6000000003681550194
Q205278	6000000049612059288
Q205282	6000000005761501718
Q20528256	6000000038122332446
Q20528261	6000000028586220703
Q20528266	6000000011833379745
Q20528269	6000000011833309679
Q20528279	6000000007895411231
Q20528295	6000000009956015553
Q20528299	6000000009367740207
Q20528311	6000000006851495568
Q20528325	6000000020936635700
Q20528333	6000000162912907849
Q20528335	6000000012121117615
Q20528346	6000000008482988945
Q20528352	6000000008256897553
Q20528364	6000000008604231396
Q20528366	6000000009569555560
Q20528376	6000000008500613577
Q20528400	6000000010939973659
Q20528407	6000000011438201320
Q20528443	6000000008221902107
Q20528476	6000000005917444683
Q20528478	6000000012479839209
Q20528506	6000000010873796275
Q20528515	6000000008326639545
Q20528522	6000000016821820720
Q20528538	6000000022892115431
Q20528546	6000000008226356523
Q20528558	6000000008614298353
Q20528559	6000000031230577389
Q20528572	6000000012813774517
Q20528597	6000000010501498565
Q20528599	6000000001709964720
Q20528626	6000000013062273721
Q20528648	6000000006603507313
Q20528650	6000000007216719968
Q20528672	6000000027042169004
Q20528703	6000000003579358827
Q20528707	6000000030522077201
Q20528778	6000000010771967462
Q20528782	6000000011002806326
Q2052882	6000000029737812862
Q20528821	6000000168661386846
Q20528838	6000000005229767289
Q20528850	6000000008505871560
Q20528866	6000000007400620541
Q20528886	6000000008125472194
Q20528917	6000000034981037307
Q20528929	6000000017743904202
Q20528931	6000000002705822038
Q20528945	6000000001604247532
Q20528946	6000000007693790495
Q20529001	6000000005104051202
Q2052901	6000000029347106210
Q2052930	6000000026051083822
Q205314	6000000006788221333
Q2053152	6000000013529091009
Q2053177	6000000010424105776
Q2053242	6000000060168478093
Q20532807	6000000003399038009
Q20532974	6000000078223320930
Q20533330	6000000056438468178
Q2053340	6000000020440571238
Q2053344	6000000180005784863
Q20533713	6000000186581283953
Q20533772	6000000157272038894
Q20533992	6000000016531060344
Q20533993	6000000080820465861
Q20534058	6000000069960232186
Q20534437	6000000015230779203
Q20534606	6000000180827932834
Q20534615	6000000115422456580
Q20535011	6000000005052139020
Q2053506	6000000007334921099
Q205353	6000000019871907461
Q20535596	6000000002586289674
Q20535978	6000000110994648838
Q20536001	6000000029574992010
Q2053618	6000000006804586797
Q2053635	6000000145225516928
Q2053636	6000000007151480776
Q205365	6000000007132709667
Q2053709	6000000001861878024
Q2053824	6000000007104849218
Q20538964	6000000007954673229
Q2053902	6000000002188429371
Q2053904	6000000159899564933
Q20539063	6000000007968929304
Q2053968	6000000017498388034
Q2054142	6000000001861843374
Q2054333	6000000003716610725
Q205435	6000000143875670438
Q2054406	6000000087200902870
Q2054475	6000000035939214271
Q2054524	6000000068128861826
Q205456	6000000021688276590
Q2054617	6000000029497904072
Q2054692	6000000137116217923
Q2054753	6000000018853656850
Q205485	6000000036113797412
Q2054874	6000000015605726194
Q2055040	6000000078319933100
Q2055117	6000000015201868368
Q20551774	4114706
Q20551778	6000000182115161892
Q2055290	6000000055967720854
Q2055423	6000000014201716942
Q205545	6000000078824127823
Q2055549	6000000034645797298
Q2055563	6000000000354732061
Q205561	6000000017856897301
Q20556690	6000000026978717387
Q2055700	6000000137582287157
Q20557061	6000000040690058783
Q20558108	6000000156488110895
Q20558248	6000000177710129825
Q20558817	6000000019855631860
Q20558913	6000000024731536814
Q20559120	6000000169639368722
Q20559295	6000000014074009649
Q20559641	6000000020576720125
Q20560071	6000000007438123351
Q20560126	6000000077124441095
Q20560681	6000000018317398189
Q20560892	6000000084374246182
Q20561460	6000000070154541879
Q2056147	6000000007312859354
Q20561810	6000000010584592662
Q20561842	6000000073496644919
Q20562064	6000000088726182952
Q20562076	6000000025397805148
Q20562089	6000000005793587774
Q20562375	6000000038528112493
Q20562487	6000000028392156367
Q20562533	6000000029140905804
Q20562547	6000000123932818883
Q20562895	6000000009797227456
Q20562924	6000000042653586776
Q20563338	6000000111958565822
Q20563543	6000000028418282500
Q20564151	6000000058108924973
Q20564185	6000000179888607844
Q20564274	6000000019396037210
Q20564534	6000000089784881954
Q20564566	6000000024739390794
Q20564910	6000000018104809445
Q20565205	6000000018247915031
Q2056533	6000000044189757157
Q20565370	6000000024595920415
Q20565451	6000000019990333514
Q2056555	6000000110425467929
Q20565577	6000000041139176896
Q20565741	6000000072079381857
Q20565782	6000000003680714023
Q20565833	6000000079057375882
Q20565988	6000000015772489698
Q20566046	6000000002026419543
Q20566075	6000000020151573074
Q20566091	6000000036997658946
Q20566091	6000000179339980865
Q20566166	6000000015163771299
Q20566183	6000000008260035642
Q20566200	6000000015042737755
Q20566285	6000000214707702832
Q20566301	6000000035157477144
Q2056633	6000000001924905698
Q20566380	6000000033294268994
Q20566394	6000000006801117053
Q20566419	6000000039483183761
Q20566432	6000000030838851851
Q20566438	6000000024771697930
Q20566438	6000000076693394962
Q20566507	6000000002855879189
Q20566507	6000000002855879199
Q20566644	6000000036997338271
Q20566672	6000000014926977825
Q205667	6000000029378755142
Q20566702	6000000014926748980
Q20566764	6000000027419759391
Q2056789	6000000037577728107
Q2056806	6000000000076315694
Q2056872	6000000178845347942
Q205688	6000000010462801159
Q2057033	6000000017109919954
Q205707	6000000014639750600
Q2057108	6000000022627402191
Q2057196	6000000128763310884
Q2057288	6000000123436073844
Q2057301	6000000214680018839
Q205739	6000000045936281340
Q2057461	6000000031875534871
Q2057476	6000000000187038793
Q2057483	6000000009599993650
Q2057567	6000000090709899298
Q2057607	6000000001613435898
Q2057665	6000000018234980668
Q2057691	6000000140219341936
Q2057707	6000000031049628887
Q205772	6000000025806200877
Q2057723	6000000036226713338
Q2057733	6000000025373478167
Q2057749	6000000033096644493
Q2057760	6000000031291510020
Q205777	6000000023475359585
Q2057791	6000000017260348609
Q2057809	6000000042536808476
Q2057825	6000000016252344335
Q205783	6000000075305481127
Q2057844	6000000011273668905
Q2057853	6000000006719691912
Q20578650	6000000001170794105
Q2057997	6000000020144222990
Q2058056	2434473
Q2058137	6000000028201600523
Q20583412	6000000000294391509
Q2058342	6000000079033844073
Q2058418	6000000015067317667
Q205850	6000000023759016411
Q205863	6000000011853450596
Q2058632	6000000014803991487
Q2058648	6000000001924878454
Q2058690	6000000019670588514
Q2058694	6000000180972923824
Q20587	6000000118013453856
Q2058721	6000000022848907009
Q2058726	6000000004098042442
Q2058741	6000000022840471649
Q20587828	6000000182816365888
Q2058794	6000000004097614140
Q2058802	6000000110774224824
Q2058825	6000000000029905394
Q2058838	6000000179693968845
Q2058853	6000000023077102765
Q205893	6000000145589348834
Q2058948	6000000026587523757
Q2059010	6000000055459151821
Q2059020	6000000161387884849
Q205904	6000000030686392967
Q2059120	6000000178165875893
Q2059151	6000000068010185821
Q2059198	6000000015590289963
Q2059226	6000000008201076555
Q2059229	6000000214782217835
Q205927	6000000029581796352
Q2059314	6000000078729946257
Q2059392	6000000001924981638
Q2059407	6000000003421105573
Q2059412	6000000012915695887
Q2059519	6000000010909482804
Q205954	6000000041315186903
Q2059553	6000000015761321173
Q2059559	6000000083716192816
Q2059573	6000000202642750829
Q205958	6000000093223291954
Q2059629	6000000191497042853
Q2059652	6000000142643753947
Q2059663	6000000007379961380
Q2059674	6000000018267276364
Q2059677	6000000022468194821
Q2059697	6000000034889229519
Q2059700	6000000097047300873
Q2059733	6000000011265909524
Q2059776	6000000084897949041
Q2059790	6000000110585980354
Q2059791	6000000080861954279
Q205981	6000000038100804885
Q2059817	6000000102034297360
Q2059849	6000000056385132117
Q2059870	6000000032720487601
Q2059942	6000000003583769912
Q2059945	6000000163568844923
Q2059958	6000000043854554939
Q2059974	6000000003219349884
Q206	6000000018568396117
Q2060028	6000000025184397425
Q2060081	6000000002765746348
Q2060112	6000000025703777024
Q2060120	6000000178702799989
Q2060128	6000000001407447222
Q2060140	6000000010459953606
Q2060151	6000000005017109020
Q2060171	6000000068217256874
Q2060180	6000000180721659858
Q2060191	6000000017947936109
Q2060211	6000000027487659949
Q2060226	6000000002764344465
Q2060227	1550873
Q2060249	6000000037154364732
Q20602673	6000000195717758836
Q2060287	6000000035893727179
Q2060313	6000000047220452831
Q20603878	6000000043175603051
Q20603890	6000000002713754180
Q2060396	6000000039718619838
Q20604030	6000000004079679855
Q2060406	6000000178236107821
Q20604071	6000000003825032805
Q2060413	6000000036986304692
Q2060421	6000000000307252008
Q20604345	6000000023802368833
Q2060486	6000000017050859322
Q2060529	6000000007014365744
Q2060543	6000000022225680901
Q20605617	6000000077397023862
Q2060581	6000000173859352842
Q2060611	6000000116120782835
Q2060646	6000000064371559833
Q2060650	6000000011707315317
Q20606555	6000000003420388708
Q20606923	6000000126774573822
Q20607202	6000000183802839889
Q2060744	6000000017449179788
Q20607474	6000000006712180049
Q20607495	6000000024712965958
Q20607516	6000000002244830111
Q20607561	6000000006796366478
Q20607603	6000000166557609918
Q2060765	6000000018164291944
Q20607668	6000000069174512935
Q20607671	6000000151471657840
Q20607768	6000000042363613340
Q2060793	6000000020458793937
Q20607973	6000000031762315052
Q20607980	6000000002591369492
Q2060804	6000000059782276165
Q20608060	6000000186523576822
Q2060828	6000000177406120928
Q2060831	6000000027021551008
Q2060842	6000000005961429948
Q20608491	6000000122513429838
Q20608569	6000000006712175685
Q2060862	6000000075243347476
Q20608631	6000000004087778008
Q20608656	6000000002683117532
Q20608664	6000000003707793068
Q2060878	6000000003603710081
Q20609007	6000000011177348312
Q2060906	6000000112296762831
Q2060908	6000000020960037224
Q20609262	6000000056548704009
Q20609279	6000000002626235192
Q2060939	6000000180282600860
Q20609490	6000000011476158794
Q20609692	6000000019849236322
Q20609762	6000000050460061125
Q20610128	6000000080635399227
Q2061023	6000000007271529181
Q20610233	6000000002215964411
Q2061062	6000000019134252251
Q2061088	6000000000348790369
Q2061101	6000000028410675021
Q2061103	6000000071147126418
Q206112	6000000008310700572
Q2061166	6000000018250651072
Q2061167	6000000105729851379
Q2061185	6000000025412240428
Q2061224	6000000067163218833
Q2061251	6000000002764435804
Q2061262	6000000009157213092
Q2061342	6000000112942354176
Q2061350	6000000003447331988
Q2061371	6000000010901029962
Q2061396	6000000026379908608
Q2061401	6000000022940739226
Q206141	6000000109445553822
Q2061494	6000000178354894918
Q2061496	6000000097120664900
Q2061526	6000000009813478148
Q20615262	6000000007953476834
Q2061552	6000000172899981243
Q2061583	6000000035326769383
Q2061586	6000000180200098838
Q2061613	6000000026734736664
Q2061698	6000000019557003423
Q2061728	6000000010152726147
Q2061781	6000000042283339108
Q2061793	6000000022159398358
Q20618	6000000184381252822
Q206181	6000000001445411325
Q206184	6000000003363191345
Q2061844	6000000025997313201
Q2061848	6000000038902327423
Q2061849	6000000048536728854
Q2061855	6000000145583102876
Q2061859	6000000035765737713
Q206191	6000000010340691844
Q2061941	6000000145012297859
Q2062009	6000000058956534833
Q2062043	6000000015210852615
Q2062049	6000000076562313328
Q20620580	6000000018009300947
Q206210	6000000010373083483
Q2062124	6000000008521456797
Q2062129	6000000026351974152
Q2062133	6000000067161628136
Q2062161	6000000087507560054
Q20621906	6000000034632115715
Q206223	6000000000495125002
Q2062297	6000000041236340593
Q2062312	6000000007444303459
Q2062341	6000000103235682342
Q2062365	6000000013592537599
Q206237	6000000184620159891
Q2062440	6000000014065230068
Q2062473	6000000072062056137
Q2062484	6000000028377713145
Q2062502	6000000116622361836
Q2062527	6000000009947226491
Q2062534	6000000159868688906
Q2062598	6000000123493262823
Q2062624	6000000021004011384
Q2062670	4318781024860021658
Q2062674	6000000039099653039
Q206269	6000000011302183111
Q2062697	6000000176042962417
Q206274	6000000015221965150
Q2062761	6000000019699331503
Q2062779	6000000017123993740
Q206278	6000000029229421030
Q2062859	6000000017416106996
Q2062879	6000000183201958862
Q2062907	6000000001656218571
Q2062910	6000000013968557194
Q2062921	6000000029858241208
Q2062926	6000000069693762821
Q2063014	6000000008064574213
Q20630331	6000000142886487957
Q206304	6000000027229094497
Q2063108	6000000094611604170
Q20631154	6000000028749065247
Q20631171	6000000073578164866
Q2063140	6000000039226674516
Q2063147	6000000016745212442
Q2063158	6000000007304512582
Q2063172	6000000016183683904
Q2063183	6000000008403051121
Q2063188	6000000025376231909
Q2063194	6000000077803330013
Q206327	6000000058712245882
Q2063303	6000000176368466945
Q2063349	6000000019743374864
Q2063379	6000000038513345084
Q2063381	6000000003939681519
Q2063396	6000000070981094061
Q2063398	6000000018820313466
Q2063405	6000000002764501783
Q2063418	6000000182360340861
Q2063424	6000000014350351665
Q2063427	6000000021147022310
Q2063431	6000000076793781332
Q2063433	6000000002922748097
Q2063469	6000000032578431177
Q2063476	6000000092582474228
Q2063480	6000000107343027823
Q2063488	6000000079682089986
Q20635253	6000000084783122855
Q2063536	6000000177619693943
Q2063554	6000000177163054831
Q2063561	6000000072035692087
Q2063607	6000000029718853142
Q2063613	6000000015580621330
Q2063615	6000000038190050925
Q2063618	6000000079322396475
Q206364	6000000017192694686
Q2063650	6000000076351849474
Q2063684	6000000084358010824
Q2063709	6000000012955276065
Q2063732	6000000070269419051
Q2063758	6000000004079692999
Q2063765	6000000002607384153
Q2063773	6000000014746327139
Q2063774	6000000079187838486
Q206379	6000000041314860865
Q2063792	6000000013583099743
Q20638286	6000000018530162617
Q2063830	6000000016554004007
Q206384	6000000012955905619
Q20638642	6000000006860973943
Q20638714	6000000017214398658
Q20638765	6000000003370273836
Q20638766	6000000003370194186
Q20638789	6000000033075477670
Q20638826	6000000011625967623
Q20638828	6000000000136020542
Q20638846	6000000030818226512
Q20638848	6000000014051010400
Q20638865	6000000157187585821
Q20638872	6000000008459561725
Q20638879	6000000053920653906
Q20638984	6000000038440351044
Q20639026	6000000019231858151
Q20639043	6000000034628062318
Q20639083	6000000147112356866
Q20639132	6000000024515976795
Q20639138	6000000006574296121
Q20639159	6000000006286605057
Q2063918	6000000009375734625
Q20639183	6000000076305299448
Q20639194	6000000005428744969
Q20639268	6000000022789310851
Q20639272	6000000005912356052
Q20639409	6000000019207557235
Q2063944	6000000058256705000
Q20639556	6000000008354887264
Q20639759	6000000075845980910
Q20639940	6000000040801711312
Q20640135	6000000040047066065
Q20640155	6000000171367010832
Q20640157	6000000171508493821
Q20640168	6000000020503629842
Q20640236	6000000012268698095
Q20640264	6000000058757931832
Q20640343	6000000083649038114
Q2064037	6000000035560672464
Q206405	6000000041296638244
Q20640694	6000000041341312225
Q20640850	6000000011360805842
Q2064128	6000000122777661826
Q2064259	338401710500004312
Q20642594	6000000037006534648
Q2064260	6000000018060056773
Q20642648	6000000044848916846
Q2064267	6000000077106199031
Q20643093	6000000007529082672
Q20643250	6000000046433338932
Q20643648	6000000016435949582
Q20643690	6000000016435848892
Q206439	6000000176520043849
Q2064396	6000000017429653888
Q20643973	6000000016932216702
Q206442	6000000143115705851
Q20644267	6000000046407328834
Q20644286	6000000002802122400
Q206446	6000000009774310392
Q20644751	6000000009084375339
Q20644930	6000000010896738962
Q2064563	6000000018264683612
Q20645673	6000000079378224835
Q206460	6000000000427031672
Q206462	6000000163620882822
Q2064640	6000000072502596382
Q206466	6000000044949899826
Q2064666	6000000211859984827
Q2064847	6000000185756662951
Q2064881	6000000049850525959
Q20649335	6000000016477359045
Q206499	6000000030638467821
Q20650	6000000184637104935
Q20650256	6000000103423325821
Q2065064	6000000007314199235
Q2065090	6000000085999579973
Q2065098	6000000041890715882
Q20651079	6000000077137679269
Q20651080	6000000082541035460
Q20651189	6000000010668187400
Q20651313	6000000008584030454
Q2065146	6000000012422526859
Q20652357	6000000015139849535
Q2065240	6000000021033138812
Q20652454	6000000183604860829
Q20652731	6000000001504271037
Q20652758	6000000045409463836
Q20652760	6000000023462433049
Q20652765	6000000059412635845
Q20652775	6000000006346112887
Q20652778	6000000006127752420
Q20652797	6000000030726602451
Q20652812	6000000000759461169
Q20652824	6000000017876197192
Q20652825	6000000008826920442
Q20652839	6000000054067258833
Q20652840	6000000019176701967
Q20652875	6000000003418884668
Q2065288	6000000037381523473
Q20652881	6000000001427726474
Q20652890	6000000000070766993
Q20652904	6000000011921927915
Q20652907	6000000015169685778
Q20652928	6000000025097618319
Q20652933	6000000025572052881
Q20652937	6000000006291716319
Q20652939	6000000010552817092
Q20653043	4658231618200037707
Q206534	6000000009647469422
Q20653575	6000000059524860077
Q20653642	6000000003099237527
Q20653716	6000000004170356938
Q20653720	6000000034074186924
Q2065381	6000000020943200485
Q206543	6000000000045183846
Q206548	6000000184201366824
Q20655513	6000000178309059848
Q20656285	6000000006257952017
Q20656299	6000000006257964132
Q20656491	6000000077407409795
Q20656625	6000000081392719255
Q20656751	6000000008671676545
Q20656772	6000000002705039774
Q20656778	6000000004086401650
Q20656787	6000000091009343633
Q20656794	6000000080539670926
Q20656862	6000000010172665074
Q20656865	6000000014337949324
Q20656880	6000000003681276746
Q20656889	6000000018120064955
Q20656891	6000000003681279300
Q20656914	588394
Q20657034	6000000005573320041
Q20657067	6000000018845415363
Q20657080	6000000021913262391
Q20657111	6000000049499222994
Q20657114	6000000041955567633
Q20657183	6000000002125491910
Q20657344	6000000048453871978
Q20657558	6000000000913122474
Q20657562	6000000191314224821
Q2065760	6000000015762773571
Q20657608	6000000057010250821
Q206581	6000000000278272697
Q2065812	6000000010111156665
Q2065836	6000000021073175954
Q20658415	6000000074750870860
Q20658456	6000000006347816102
Q2065868	6000000071709066049
Q2065874	6000000166463405854
Q2065879	6000000076932440661
Q2065897	6000000009387986379
Q20659219	6000000012944697335
Q2065985	6000000171678646001
Q20662277	6000000079834352143
Q2066250	6000000001316973904
Q2066325	6000000000461521809
Q20664276	6000000006257702522
Q20664280	6000000055821015958
Q20664308	6000000006274124731
Q2066437	6000000013986245398
Q20664511	6000000071923345181
Q2066520	6000000012979007637
Q2066523	6000000001484123989
Q20665608	6000000006257819092
Q20665611	6000000082601416932
Q2066582	6000000002722756269
Q2066588	6000000019399353195
Q20665885	6000000001210390728
Q206659	6000000026061533895
Q20666291	6000000083685317040
Q2066635	375646350450012642
Q20666509	6000000063012123976
Q20666606	6000000049440438821
Q20666684	6000000022148768047
Q206667	6000000008532819813
Q20666943	6000000039620880912
Q20667026	6000000057420855821
Q2066707	6000000018627653774
Q20667111	6000000006257436662
Q20667184	6000000006284372678
Q2066724	6000000028630530712
Q20667594	6000000043466842890
Q2066763	6000000025185456799
Q2066789	6000000006712178510
Q2066790	6000000139482586974
Q20668053	6000000006338438370
Q20668073	6000000006257584472
Q2066821	6000000043722136210
Q2066826	6000000053035996952
Q20668286	6000000157401503834
Q20668312	6000000018963420678
Q20668389	6000000006257841065
Q20668435	6000000006595421278
Q20668957	337309986780006136
Q20669138	6000000039450255056
Q206693	6000000025050369198
Q20669308	6000000006412911943
Q20669311	6000000047838322928
Q20669312	6000000111788194100
Q20669332	6000000003581570776
Q20669383	6000000000133832499
Q20669384	6000000039450601975
Q20669387	6000000039450179145
Q2066940	6000000145934078964
Q2066941	6000000038199807215
Q2066943	6000000086188284873
Q20669522	6000000006341725132
Q2066955	6000000024906861821
Q20669918	6000000022198325271
Q20670076	6000000014181815389
Q20670077	6000000003454244815
Q20670179	6000000143124853937
Q2067045	6000000019717071223
Q20670471	6000000011077247302
Q20670724	6000000047388262849
Q20670730	6000000045834520851
Q20670747	6000000018069677439
Q2067083	6000000014195202247
Q20670909	6000000023872860460
Q20670910	6000000065628656992
Q20670920	6000000008099204841
Q2067103	6000000016150038223
Q20671211	6000000017798322241
Q20671511	6000000136525152038
Q2067198	6000000026966209511
Q2067202	6000000007146840377
Q2067208	6000000007616824580
Q20672290	6000000068186002822
Q2067233	6000000000441692651
Q2067355	6000000021355549951
Q206737	6000000008958064207
Q20674138	6000000015270444039
Q20674903	6000000038240914081
Q20675235	6000000015050233966
Q20675433	6000000024822126395
Q20675440	6000000007445365410
Q20675496	6000000003118874173
Q20675512	6000000004086736773
Q20675512	6000000040110492239
Q20675515	6000000002074073004
Q20675635	6000000127033710008
Q20675653	6000000008326521548
Q20675728	6000000023707421619
Q20675737	6000000000760086577
Q20675767	6000000076945959843
Q20676053	6000000044797558972
Q20676087	6000000013489264568
Q2067627	6000000018099376957
Q20676357	6000000178244459946
Q2067648	6000000003714186666
Q2067715	6000000029897068108
Q2067726	6000000029515932562
Q206774	6000000007324231598
Q20678649	6000000009083109827
Q2067917	6000000014237281783
Q20679312	6000000154925829822
Q2067932	6000000019566610478
Q20679336	6000000104505548993
Q20679426	6000000009985369236
Q20679427	6000000019908532082
Q2067943	6000000000409191476
Q2067947	6000000003940096467
Q20679519	6000000151021711823
Q2067953	6000000003681345237
Q20679555	6000000006257700345
Q2067960	6000000001843022684
Q20679897	6000000011077098334
Q20680142	6000000015927060875
Q20680148	6000000025650813728
Q206802	6000000001819694091
Q2068113	6000000166880796086
Q20681595	6000000103763040941
Q20681671	6000000033871640548
Q206820	6000000007922507747
Q2068224	6000000012663442501
Q206832	6000000021616003967
Q206833	6000000007750123015
Q20683502	6000000006257613668
Q2068352	6000000070082254129
Q20684049	6000000019276718897
Q20684101	6000000038655678229
Q20684110	6000000017042857377
Q20684149	6000000036735952879
Q20684171	6000000008291034495
Q20684191	6000000012177967201
Q20684259	6000000025374792274
Q20684259	6000000083509041235
Q20684288	6000000049467304273
Q2068437	6000000017290945347
Q20684438	6000000018136121525
Q20684483	6000000030665581218
Q20684489	6000000145367113876
Q20684498	6000000017992173011
Q20684509	6000000089757912159
Q20684754	6000000079538036742
Q20684921	6000000040756625863
Q20684929	6000000010021126541
Q20684958	6000000079798427004
Q20685157	6000000018070381170
Q20685182	6000000001101303779
Q20685306	6000000027627503047
Q2068539	6000000205623087829
Q20685526	6000000005438470967
Q20685588	6000000134139636834
Q20685591	6000000132364198934
Q206856	6000000018702724231
Q20685646	6000000178596950867
Q20685667	6000000172425312839
Q20686575	6000000173363391822
Q20687510	6000000051504337853
Q20687528	6000000001691117778
Q20687601	6000000076971471107
Q20687608	4450423661960062980
Q20687621	6000000017042750899
Q20687748	6000000050518601911
Q20687916	6000000032447098476
Q20687918	6000000032130092855
Q20687938	6000000075345139969
Q20688014	6000000075345100965
Q20688015	6000000075345396833
Q20688418	6000000051476917850
Q20688420	6000000171746404075
Q20688421	6000000051485851822
Q2068846	6000000141114551916
Q20688622	6000000020182323178
Q2068877	6000000023977736434
Q2068893	6000000073118544333
Q20689052	6000000075327800116
Q20689146	6000000074786081896
Q20689181	6000000075610666015
Q20689199	6000000090365485845
Q20689314	6000000014301003439
Q2069	6000000009286536132
Q2069015	6000000078164533828
Q2069090	6000000019942951256
Q2069109	6000000001957224970
Q2069138	6000000039973684086
Q206922	6000000015065672335
Q2069221	6000000019665755549
Q2069245	6000000017817717205
Q2069250	6000000017854307108
Q2069257	6000000067737830020
Q2069305	6000000036605710423
Q206939	6000000177799247821
Q2069499	6000000040687433581
Q2069522	6000000037676800904
Q2069688	6000000184471762830
Q2069707	6000000042402434213
Q206972	6000000000159472144
Q2069774	6000000053640721102
Q2069856	6000000073057212993
Q2069885	2531545
Q2069907	6000000007466948450
Q207	6000000000516320779
Q2070040	6000000011705637655
Q2070174	6000000002911552216
Q2070194	6000000025902818748
Q2070202	6000000039083701889
Q2070228	6000000006047808004
Q2070238	6000000018710096050
Q2070252	6000000056341072188
Q2070265	6000000023822039992
Q2070278	6000000145784593821
Q2070298	6000000016493957047
Q2070314	6000000117848177827
Q2070319	6000000039323828333
Q2070321	6000000007472438392
Q207036	6000000028611892311
Q2070381	6000000008164761268
Q2070384	6000000016615160611
Q2070393	6000000018064363168
Q20704249	6000000026535638132
Q2070442	6000000010725786136
Q2070470	6000000033195606571
Q20706196	6000000004155038085
Q20706536	6000000103157301983
Q2070663	6000000028930726093
Q2070667	6000000016637506148
Q20706682	6000000041853825868
Q20706683	6000000015873471131
Q20706850	6000000010875002600
Q20706939	6000000027211468342
Q20706982	6000000013462538089
Q20707056	6000000023794944077
Q20707164	6000000038440619081
Q207073	6000000068441348997
Q207076	6000000182199462821
Q20707607	6000000006442815333
Q20707774	6000000050265464888
Q20707984	6000000026256964138
Q20708092	6000000046130983862
Q20708151	6000000017231196202
Q20708214	6000000035177663978
Q2070822	5560459742350026610
Q20708236	6000000013167322896
Q2070838	6000000163363618841
Q20708438	6000000051444813913
Q20708534	6000000053717675852
Q2070856	6000000063701715022
Q20708736	6000000128266530864
Q20708869	6000000082393352037
Q20709182	6000000044306676854
Q20709308	6000000001180346793
Q20709559	6000000010626866139
Q20709634	6000000172099180069
Q2070969	6000000015928369325
Q20709985	6000000010150183907
Q2071	6000000009544271749
Q20710	6000000029839223000
Q20710171	6000000037700054834
Q20710692	6000000011646521057
Q20711172	6000000053619564836
Q20711295	6000000008667624730
Q2071132	6000000024347713306
Q20711399	6000000008153755642
Q20711605	6000000019020267246
Q20711606	6000000142904954889
Q20711628	6000000021836671165
Q20712000	6000000002898111907
Q20712017	389524125560004335
Q20712162	6000000073435637939
Q20712433	6000000046840833960
Q2071257	6000000015434736033
Q20712579	6000000001109598154
Q20712776	6000000012641029292
Q20712782	6000000012640503798
Q20712786	6000000012640288046
Q20713064	5555802259860054707
Q20713225	6000000016300544348
Q207134	6000000028011112414
Q20713437	6000000142902260925
Q20713464	6000000026066897148
Q2071350	6000000016168573773
Q20713618	6000000034234777022
Q20713715	6000000021062183536
Q20713766	6000000003939033319
Q20713850	6000000019198284338
Q20713855	6000000006602618306
Q20713951	6000000006580123510
Q20714006	6000000021060089143
Q2071403	6000000059944854931
Q20714074	287568766180004302
Q20714109	6000000002188504788
Q2071418	6000000010293681287
Q20714194	6000000027538750898
Q20714207	6000000062694684822
Q207147	6000000054904254893
Q2071497	6000000006951212350
Q20715024	6000000003166029385
Q20715583	5262063818840138609
Q20715584	5262063799390138602
Q20715585	6000000015974069085
Q207160	6000000074091926066
Q2071617	6000000003076253949
Q2071669	6000000010982167445
Q20716837	6000000001912519854
Q2071733	6000000002188412411
Q2071744	6000000025537693265
Q2071757	6000000003659763159
Q20717590	6000000020691513505
Q207177	6000000179958738841
Q207179	6000000019057414562
Q207191	6000000002951820110
Q2071963	6000000002722050708
Q207197	6000000026811633543
Q20719880	6000000000769960770
Q20720173	6000000058753583960
Q20720196	6000000006268989159
Q20720200	6000000006257700305
Q2072023	6000000005402100184
Q207206	6000000011330373404
Q20721	6000000015796529785
Q2072123	6000000009325762125
Q20723006	6000000021201756699
Q20724054	6000000022263391337
Q2072420	6000000008731751859
Q20724332	6000000179444429919
Q2072451	6000000016849841789
Q20724663	6000000021853525386
Q20724871	6000000018819345003
Q20724904	3883675
Q2072512	6000000009436796423
Q2072531	6000000003670179064
Q20725445	6000000090810133261
Q20725501	6000000001069617003
Q20725516	6000000006274858406
Q20725556	6000000064633632241
Q20726288	6000000131790087995
Q20726327	6000000079586202929
Q2072633	6000000176653129876
Q20726507	6000000087141861669
Q20726537	6000000007755298826
Q2072654	6000000044282243037
Q20726564	4235091108140122945
Q2072661	6000000003887939111
Q2072665	6000000022144339838
Q20726678	6000000006257886084
Q20726682	6000000056328336901
Q2072689	6000000019300554430
Q207269	6000000067088975839
Q2072720	6000000018350604773
Q2072737	6000000016611543272
Q2072743	6000000030524762419
Q2072752	6000000065956467836
Q2072778	6000000000082265489
Q20728054	6000000018001165500
Q20728446	6000000020545299198
Q2072868	6000000015952429220
Q2072936	6000000100381207861
Q20729907	6000000007361193254
Q20730360	6000000019415310691
Q207307	6000000159693806822
Q20730799	6000000003491829473
Q20730841	6000000034724539356
Q20730849	6000000001147557827
Q20730853	6000000001147907379
Q20731090	6000000145560568822
Q20731245	6000000009744731091
Q2073148	6000000063156730925
Q2073153	6000000034698249299
Q2073155	6000000013122721634
Q20731671	6000000073112066050
Q20731709	6000000037949691235
Q20731748	6000000019538151257
Q20731822	6000000049318905937
Q20731827	6000000049319107860
Q20732055	6000000014950001861
Q20732077	6000000014949962272
Q20732081	6000000002802355677
Q20732235	6000000179289069825
Q20732285	6000000084259048714
Q20732299	6000000008630277851
Q20732320	6000000014950102030
Q20732331	6000000021108755316
Q2073263	6000000037975849010
Q20732679	6000000004129065692
Q20732703	6000000055608295124
Q2073275	6000000001317757615
Q20732854	6000000055758460882
Q2073303	6000000048112872854
Q20733049	6000000000749138870
Q20733050	6000000000587543209
Q20733065	6000000055758508865
Q2073316	6000000017161044906
Q2073326	6000000012298291495
Q20733473	6000000057252340994
Q20733574	6000000019855071070
Q20733585	6000000038789121839
Q20733744	6000000018122760530
Q20733763	6000000035068448323
Q20733783	6000000037153313268
Q20733810	6000000208386897821
Q20733826	6000000024237035343
Q20733894	6000000009822712915
Q2073414	6000000076714644972
Q20734142	6000000175635238922
Q2073425	6000000049130103000
Q20734305	6000000040122807384
Q20734353	6000000000369889045
Q20734521	6000000042280456595
Q20734524	6000000002236949861
Q20734529	6000000041155509130
Q20734633	6000000183153236848
Q20734716	6000000080062105746
Q20734810	6000000016202322068
Q20734819	6000000018038307412
Q20734826	6000000014982702519
Q20734827	6000000020203035623
Q2073483	6000000023301764203
Q20734844	6000000018006963267
Q20734845	6000000018022417015
Q20734850	6000000018058813483
Q20734898	367016650100004968
Q20734903	6000000042156602968
Q20734947	6000000016364709040
Q20734957	6000000012030964183
Q20734959	6000000015407951958
Q2073496	6000000050948383157
Q20734962	6000000016550949426
Q20734965	6000000015290800107
Q20735044	6000000150664880051
Q20735056	6000000016900140615
Q20735064	6000000069573662045
Q20735065	6000000010504950746
Q20735069	6000000010504824618
Q20735089	6000000007035016271
Q2073529	6000000010099132044
Q20735296	334519409630003362
Q20735310	6000000057839015882
Q20735316	6000000004069048046
Q20735379	6000000033395359486
Q207355	6000000030573831856
Q207356	6000000040605667985
Q207358	6000000045525210920
Q20735819	6000000002156313086
Q207359	6000000024351873252
Q20735911	6000000041524527380
Q20735995	6000000037949985184
Q20736095	6000000011570360173
Q20736115	6000000126019183780
Q20736181	6000000031190729035
Q2073627	6000000011340005000
Q20736650	6000000006951516112
Q20736656	6000000013247846512
Q20736657	6000000000100461242
Q20736658	6000000041914409478
Q20736660	6000000009128612215
Q20736661	6000000000082480904
Q20736669	6000000019160663249
Q20736676	6000000007748509349
Q20736683	6000000000515099236
Q20736684	6000000181669127833
Q20736709	6000000003582292992
Q20736720	6000000001644615022
Q2073673	6000000017198132093
Q20736745	6000000007800474412
Q20736748	6000000002054844397
Q20736762	6000000086641628828
Q20736794	5295103279620087363
Q20736796	6000000038605590836
Q20736799	5302083532540061298
Q20736804	6000000000106692717
Q20736832	6000000008205748800
Q2073687	6000000138533448116
Q2073699	6000000017434139909
Q2073712	6000000018491855079
Q2073728	6000000001340213001
Q20737326	6000000015116224728
Q20737382	6000000178208427859
Q2073745	6000000024318177864
Q20737508	6000000069200696479
Q20737529	6000000002207551663
Q2073761	6000000078508799506
Q20737660	6000000042896479209
Q20737683	6000000183377417826
Q20737691	6000000075298445904
Q20737721	6000000009094270286
Q20737816	6000000182624287841
Q20737933	6000000044632172156
Q2073796	6000000018389678410
Q207380	6000000012677737158
Q2073813	6000000003615282803
Q20738175	6000000048931945047
Q2073821	4008788134160074992
Q20738363	6000000013497579137
Q207384	6000000003421557399
Q20738443	6000000171068830856
Q2073846	6000000015063061726
Q2073861	6000000025510292182
Q20738616	6000000017740566616
Q20738626	6000000037014706046
Q20738659	6000000006852169166
Q2073867	6000000028200893391
Q20738766	6000000080913541826
Q20738930	6000000024666216981
Q207390	6000000064941125907
Q20739031	6000000095853766822
Q20739035	6000000004672481784
Q20739087	6000000028032028686
Q20739101	6000000070739983286
Q20739133	6000000013544932598
Q20739175	6000000035909103852
Q2073918	6000000016965699411
Q20739244	6000000070980950372
Q2073958	6000000064205305896
Q20739599	6000000069199573968
Q20739690	6000000004068842423
Q20739695	6000000007026604507
Q2073970	6000000137349066860
Q20739702	6000000079144253006
Q20739741	6000000021976993589
Q20739748	6000000011504965848
Q2073991	6000000033951642321
Q20740118	6000000036446271993
Q20740342	6000000084316907483
Q207405	6000000007323625365
Q2074067	6000000026327456012
Q20740735	6000000079510666012
Q20740797	6000000173174199744
Q20740877	6000000175372449922
Q2074101	6000000052214114271
Q2074110	6000000016166338188
Q20741107	6000000006167513438
Q20741153	6000000047047923071
Q20741183	6000000042397020855
Q20741185	6000000068749012070
Q20741209	6000000040755057956
Q20741535	6000000044111956827
Q20741538	6000000056214781953
Q20741541	6000000203126373828
Q20741560	6000000180597069821
Q20741565	6000000005091357230
Q20741586	6000000008988204239
Q20741608	6000000006794586243
Q20741621	6000000016283743878
Q20741891	5364502289480040378
Q20741904	6000000069189418821
Q20741907	6000000046015726890
Q2074192	6000000133929117884
Q20741955	6000000035091450529
Q20741957	6000000047180892056
Q20742134	6000000186369961844
Q20742172	6000000011028470809
Q20742236	6000000005438470976
Q20742241	6000000003107357283
Q20742243	6000000007025814366
Q20742379	6000000195351271842
Q20742385	6000000224709613845
Q20742426	6000000039051419995
Q20742452	6000000002713985700
Q20742485	6000000210413332822
Q20742684	6000000142077790856
Q20742692	6000000080933963458
Q20742756	6000000002301035689
Q2074282	6000000151134769071
Q2074289	6000000095419193045
Q20743205	6000000146819159989
Q20743280	6000000105937886821
Q2074329	6000000015666620761
Q20743313	6000000008447298133
Q20743595	6000000025455579973
Q20743693	6000000028854374406
Q2074392	6000000002464610066
Q2074400	6000000025827212000
Q20744094	6000000043329942830
Q20744110	6000000043325398982
Q20744397	6000000077519282870
Q20744430	6000000025633492112
Q20744462	6000000026024530501
Q2074465	6000000002009475009
Q20744680	6000000177860036893
Q20744711	6000000005767496887
Q20744735	6000000026423649981
Q20744872	6000000025607810013
Q2074500	6000000021459272901
Q2074506	6000000013267751523
Q2074516	6000000018842860803
Q2074545	6000000047458166838
Q207457	6000000184175363837
Q2074570	6000000029338560892
Q2074584	6000000044547832442
Q207459	6000000049970128339
Q2074596	6000000142660481838
Q20746048	6000000097842077833
Q2074623	6000000017876527271
Q20746769	328803851210001352
Q20746780	6000000181998309837
Q20746811	6000000068159425863
Q20746839	6000000017352196577
Q20746840	6000000115017084822
Q20746889	6000000000452943228
Q20746913	6000000024255053556
Q20746928	290283468210005000
Q2074694	6000000225477849890
Q20746953	6000000178111789867
Q20747029	5353036196950124337
Q20747372	6000000140294261896
Q2074738	6000000002464678129
Q2074765	6000000014596877541
Q20747853	6000000001504314233
Q20747858	6000000022162826750
Q20747868	6000000015173093844
Q20747949	6000000024489402924
Q20748026	6000000167066674865
Q2074829	6000000024185437726
Q20748301	6000000013293059205
Q20748320	6000000043262039868
Q20748330	6000000044108851785
Q20748835	6000000099921678828
Q20748856	6000000017018325232
Q20748969	6000000181799816838
Q20749137	6000000177586326821
Q20749150	6000000021912247644
Q20750462	6000000008595031433
Q207506	6000000174772526456
Q2075069	6000000015107185051
Q20751076	6000000035480801419
Q20751111	6000000035504229044
Q2075113	6000000006127523492
Q207515	6000000003370192805
Q20751625	6000000002477998098
Q20751670	6000000076832178728
Q20751827	6000000051667601187
Q20752000	6000000020113387884
Q20752064	6000000135800880861
Q20752077	6000000179930938936
Q20752085	6000000032325961513
Q20752115	6000000028147451913
Q20752178	6000000115539481013
Q20752213	6000000015612844562
Q20752231	4431863611940044730
Q20752235	6000000010320878382
Q20752240	6000000002764375153
Q20752242	6000000008192555551
Q20752248	6000000071158673925
Q20752354	6000000006103646890
Q20752358	6000000011413603247
Q2075239	6000000007343102782
Q20752398	6000000014252623288
Q20752404	6000000099916731929
Q2075243	6000000076769034996
Q20752463	6000000026013982334
Q20752485	6000000174722526075
Q20752491	6000000115298292924
Q20752510	6000000138552020851
Q20752586	6000000086807611994
Q20752626	6000000032081615915
Q20752663	6000000014369017430
Q20752712	6000000003827477170
Q20752735	6000000007188067481
Q20752760	6000000024347746402
Q20752804	6000000084953895460
Q20752823	6000000061213455527
Q20752832	6000000175005694083
Q20752860	6000000014974412458
Q20752868	6000000035390057497
Q20752873	6000000029944362908
Q20752904	6000000177466213908
Q20752937	6000000006964761251
Q20752971	6000000024680151443
Q20752979	6000000090486768246
Q2075300	6000000147136947924
Q20753006	6000000072571793177
Q20753015	6000000061262959858
Q20753036	6000000169818541072
Q20753043	6000000075558065029
Q20753064	6000000057199755821
Q20753067	6000000057855905933
Q20753074	6000000006113221130
Q20753090	6000000076813095011
Q20753137	6000000008446914069
Q20753177	6000000114075716944
Q207532	6000000150788649824
Q2075379	6000000042538689110
Q2075388	6000000008418009210
Q2075430	6000000018456640663
Q207544	6000000002193878384
Q20754973	6000000179163548821
Q20755085	6000000074650514846
Q2075509	6000000063833295821
Q20755158	6000000023724600056
Q20755162	6000000013006991448
Q20755178	6000000069419909856
Q20755180	6000000072796335828
Q20755191	6000000185981521839
Q20755200	6000000027897464643
Q20755202	6000000066594235936
Q2075521	6000000137852552854
Q20755228	6000000168136039881
Q20755259	6000000003248801631
Q20755260	6000000016490006432
Q20755285	6000000006592581548
Q20755319	6000000010826922503
Q2075533	6000000006501767163
Q20755377	6000000027537901079
Q20755382	6000000064043622831
Q20755511	6000000010423415274
Q20755517	6000000057736619999
Q20755530	6000000010481919826
Q20755536	6000000057733156952
Q20755537	6000000040386896136
Q20755550	6000000102537700313
Q20755554	6000000062556644432
Q20755558	6000000010996293289
Q20755599	6000000019290816418
Q20755610	6000000036757773258
Q2075564	6000000114059975909
Q20755707	6000000067341451852
Q20755913	6000000077807401348
Q2075603	6000000013270322447
Q2075652	6000000025017010933
Q2075679	6000000002764375283
Q2075695	6000000027721382114
Q20757003	6000000088138132460
Q2075715	6000000032788418327
Q20757392	6000000001504897726
Q20757455	6000000012618180299
Q20757530	6000000003491850290
Q2075774	6000000016924881347
Q20758140	6000000023026341320
Q20758142	6000000012836847277
Q20758164	5538927142960133899
Q20758182	6000000020376666238
Q20758189	6000000001388988267
Q2075844	6000000043858514865
Q2075851	6000000047159108978
Q2075919	6000000026941203687
Q207592	6000000025157107842
Q2075921	6000000182578463926
Q2075939	6000000016841033390
Q2075948	6000000004348487884
Q207596	4663012
Q2075970	6000000009908618649
Q207598	6000000011242922572
Q20760306	6000000003977739274
Q20760312	6000000001086688997
Q20760318	6000000002032335227
Q20760441	6000000081364246057
Q2076063	6000000031270409207
Q2076096	6000000001591382487
Q2076102	6000000033861627968
Q2076131	6000000042781395265
Q2076166	6000000181410264830
Q2076168	6000000014195575089
Q2076170	6000000036204350009
Q2076173	6000000079939381026
Q207631	6000000000445131438
Q2076321	6000000030574199831
Q20763301	6000000008630265723
Q20763339	6000000004571296877
Q2076371	6000000016171685387
Q2076405	6000000129052568131
Q2076471	6000000062682065034
Q2076561	6000000043492022172
Q2076588	6000000027020077995
Q207660	6000000018253925380
Q207667	6000000003938625579
Q207672	6000000011828378445
Q20767249	6000000017560133663
Q2076751	6000000033864684548
Q2076768	6000000002928985466
Q20767892	6000000001591203564
Q20767921	6000000000769956585
Q20767931	6000000003044154526
Q20767945	6000000001352492518
Q20767966	6000000001475010888
Q20767981	6000000000535670211
Q20767999	6000000003583754398
Q20768012	6000000004087728681
Q20768025	6000000002617478743
Q207682	6000000197287931843
Q2076922	6000000018857592455
Q2076924	6000000015839907985
Q20769459	6000000180596685869
Q2076971	6000000031901357612
Q20770027	6000000025107782204
Q20770032	6000000177877102008
Q2077015	6000000091876660871
Q2077023	6000000049171236948
Q20771090	6000000011657336252
Q2077150	6000000035762839841
Q2077157	6000000002459825578
Q20771621	6000000032100160385
Q20771689	6000000032100007596
Q20771699	6000000032100523923
Q207717	6000000015178823238
Q2077170	6000000032795049954
Q207718	6000000002057502298
Q207719	6000000041646459995
Q2077193	6000000143941277083
Q2077262	6000000016034745062
Q207727	6000000006953638614
Q20772959	6000000041989082410
Q207738	6000000014794816450
Q207739	6000000000845126944
Q2077445	6000000125423906079
Q2077461	6000000006863309064
Q2077469	6000000039423656885
Q20774714	6000000009605937507
Q20775040	6000000010762302441
Q2077508	6000000050415198911
Q2077571	6000000039213975673
Q20776057	5245739036660027026
Q2077718	6000000011397292480
Q2077740	6000000111796129050
Q2077809	6000000033185378147
Q2077819	6000000023603627097
Q2077904	6000000021887489817
Q2077999	6000000183286717835
Q2078084	6000000033617970848
Q2078120	6000000066637105951
Q2078204	6000000006445055841
Q2078235	6000000182451948874
Q207824	6000000036998422005
Q2078270	6000000012420776972
Q2078300	6000000018326623986
Q2078308	6000000008425310442
Q2078348	6000000017238108036
Q2078458	6000000083898957751
Q2078505	6000000032341783140
Q207852	6000000017527144388
Q2078636	6000000182215139842
Q2078651	6000000040802259810
Q207867	6000000093383246899
Q20786765	6000000013751626453
Q20787010	6000000155895022838
Q2078719	6000000002264817375
Q2078732	6000000163416398872
Q2078738	6000000001576302776
Q20788169	6000000007205078375
Q2078908	6000000025469787817
Q2078926	6000000034340377427
Q2078934	6000000020696778018
Q2078961	6000000054568201841
Q20789772	6000000075680885876
Q20789777	6000000219251075834
Q2078991	6000000031142249031
Q2079040	6000000014653717888
Q2079069	6000000000169922593
Q2079088	6000000033026377013
Q2079111	6000000030481681504
Q2079114	6000000037223125115
Q2079127	6000000029177221538
Q2079130	6000000024792607292
Q2079254	6000000079107144832
Q2079271	6000000017208161043
Q2079298	6000000191496347887
Q2079301	6000000113763977938
Q20793065	6000000084848018065
Q2079331	6000000002574589490
Q2079333	6000000083765307181
Q2079340	6000000055370129321
Q2079346	6000000037131142649
Q2079370	6000000097532729948
Q2079417	6000000017255473365
Q207947	6000000018180849058
Q20794913	6000000006257801278
Q2079507	6000000003114564649
Q207951	6000000015843560427
Q2079517	6000000003113284845
Q207955	6000000001843066537
Q207958	6000000021379576506
Q2079595	6000000017122579184
Q207960	6000000018055270004
Q20796082	4100883099380036035
Q207969	6000000004293532154
Q20796956	6000000220934510901
Q2079793	6000000016486953542
Q20798518	6000000008418741594
Q20798561	6000000009949257322
Q2079879	6000000007887648773
Q20798872	6000000099710630823
Q20798884	6000000095639699968
Q20799103	6000000033813504242
Q207992	6000000014222810664
Q20799304	6000000038334076918
Q2079956	6000000003904857168
Q2079957	6000000003276468522
Q20799910	6000000053385922206
Q2079996	6000000224186378826
Q20800073	6000000005643243004
Q2080016	6000000081318228222
Q208003	6000000022483285408
Q2080040	6000000192627270837
Q2080050	6000000017215262080
Q2080114	6000000029756478499
Q2080152	6000000017496312234
Q208026	6000000094120024045
Q20803934	6000000017313638711
Q20804457	6000000161768613828
Q20804531	6000000084786104804
Q2080462	6000000020839027239
Q2080470	6000000009203206344
Q2080473	6000000040051275963
Q20804756	6000000004965343232
Q20804796	6000000013209830087
Q2080499	6000000140219304911
Q208050	6000000145256997879
Q2080502	6000000071297498132
Q20806872	6000000080184235097
Q20806905	6000000000875475378
Q20806905	6000000221182451030
Q20806994	6000000080937853877
Q20807005	6000000020600858108
Q20807055	6000000006122275136
Q20807195	6000000001432618983
Q20807196	6000000151350006911
Q2080721	6000000011279121985
Q2080751	6000000011365595635
Q20807547	6000000003221236884
Q20807648	6000000177239297858
Q20807806	6000000023686139022
Q2080788	6000000133508034822
Q2080850	6000000071670079076
Q2080883	6000000026215746619
Q2080886	6000000056699302950
Q2080887	6000000018717046168
Q2080933	6000000029777388856
Q208100	6000000047337474106
Q208101	6000000058316081209
Q20810399	6000000180812047821
Q208104	6000000184201390864
Q20810412	6000000015906678224
Q20810444	6000000180962056877
Q20810494	6000000056535676821
Q20810496	6000000018418119054
Q20810497	6000000040305042885
Q20810498	6000000035742985375
Q20810540	6000000042550911322
Q20810556	6000000095454191892
Q20810597	6000000206812913821
Q2081060	6000000018460546607
Q20810605	6000000008678048706
Q20810611	6000000036122026263
Q20810614	6000000054505895861
Q20810628	6000000082636143278
Q20810671	6000000070631946048
Q20810691	6000000009339413637
Q20810711	6000000057021788050
Q20810721	6000000065987277887
Q2081074	6000000120414070835
Q20810769	6000000004079831158
Q20810826	6000000009580695482
Q20810840	6000000013232564131
Q20810883	6000000034134477842
Q20810895	6000000007287876758
Q20810911	6000000000336572118
Q20810921	6000000080477078876
Q20810988	6000000018620039411
Q20811006	6000000024637477105
Q20811018	6000000006450618764
Q20811019	6000000079138852178
Q20811022	6000000124639190873
Q20811023	6000000043616022058
Q20811054	6000000026026042234
Q20811066	6000000004570511590
Q20811075	6000000022723402767
Q20811101	6000000101419187905
Q20811130	6000000002280146482
Q20811156	4014925923230054305
Q208116	6000000014121270165
Q208124	6000000030973728463
Q2081340	6000000003674976054
Q2081358	6000000027126713507
Q2081404	6000000021134836571
Q2081474	6000000065887642883
Q2081525	6000000012815481866
Q20816104	6000000040873637958
Q20816115	6000000062269136739
Q2081618	6000000011250429814
Q20816750	6000000151669970919
Q20816949	6000000006257821174
Q20817283	6000000181418679842
Q20817288	6000000122767270864
Q20817294	6000000059043390821
Q20817313	6000000178161654869
Q2081735	6000000012635203278
Q20817360	6000000111830733285
Q20817364	6000000124617948834
Q20817373	6000000092684275866
Q20817481	6000000003362672148
Q2081886	6000000001993657357
Q2081916	6000000007494252343
Q20819720	4980979736280133004
Q20819983	6000000010572477525
Q20820030	6000000016483191488
Q2082014	6000000065641306907
Q208205	6000000029778793136
Q20820550	6000000090365147070
Q2082056	6000000014223166541
Q20820627	6000000035345915215
Q20820630	6000000014438669390
Q20820632	6000000014438398534
Q20821002	6000000110460262875
Q20821021	6000000039182374959
Q20821259	6000000007026839055
Q20821262	6000000007026893108
Q208214	6000000009129628867
Q20821456	6000000003990495162
Q2082207	6000000133577667925
Q20822967	6000000181025218831
Q208230	6000000085352620900
Q20823179	6000000028624207039
Q208236	6000000003221529961
Q20823719	6000000012380969761
Q20823744	6000000015664773500
Q20823986	6000000026699994421
Q2082427	6000000014004732745
Q20824803	6000000009165531577
Q2082569	5240451656930071108
Q208258	6000000029704369975
Q20826597	6000000037607511671
Q2082756	6000000091983978822
Q20827602	6000000027522817630
Q20827682	6000000011535013303
Q20827724	6000000156205349916
Q20828240	6000000021169309967
Q20828241	6000000021169451037
Q20828375	6000000016036354409
Q20828485	6000000014420346689
Q20828491	6000000014396260405
Q20828746	6000000003147479179
Q20829065	6000000011056550770
Q20829266	6000000007305745710
Q20829377	6000000001499149388
Q20829416	6000000033275268979
Q20829448	6000000038063384889
Q20829499	6000000006796785070
Q20829505	6000000009729049555
Q2082952	6000000071656214376
Q20829523	6000000010898898209
Q20829646	6000000183151170823
Q20829731	6000000156881396842
Q20829754	6000000056770191844
Q2083011	6000000002393496431
Q20830337	6000000164083029233
Q20830351	6000000015394639779
Q20830361	6000000105728166886
Q20830362	6000000003232153803
Q20830364	6000000011077021147
Q20830379	6000000016034452118
Q20830385	6000000019776743292
Q20830386	6000000017972766148
Q20830387	6000000025429284915
Q20830392	6000000011436523847
Q20830393	6000000021332837081
Q20830393	6000000215231366826
Q20830395	6000000014724417273
Q20830398	6000000012015398889
Q20830399	6000000104969605827
Q20830406	6000000085830682873
Q20830409	6000000017709761403
Q20830415	6000000017688967745
Q20830458	6000000083019666565
Q20830531	6000000083618669211
Q20830536	6000000003422154150
Q20830546	6000000183279530833
Q20830569	6000000001504570522
Q20830574	6000000001504570515
Q20830731	6000000103244740239
Q20830734	6000000004145895571
Q20830808	6000000136343821844
Q20830820	6000000082639299985
Q20830957	6000000142993370821
Q20831451	6000000144167678841
Q2083271	6000000008243714598
Q2083293	6000000027157883255
Q2083295	6000000014223081210
Q2083304	6000000016347381230
Q208338	6000000150994060822
Q2083381	6000000015997512313
Q208339	6000000032501143892
Q2083425	6000000008366519361
Q2083435	6000000000735848449
Q2083558	6000000041613379094
Q208356	6000000127365032955
Q208357	6000000010922857802
Q208359	6000000003506693240
Q2083643	6000000007806638692
Q2083665	6000000058597556919
Q208374	6000000030551347313
Q2083782	6000000033327577002
Q2083797	6000000001504410208
Q2083842	6000000008278849507
Q208408	6000000015631370958
Q2084242	6000000002074343810
Q208425	6000000026591252336
Q2084303	6000000008379157430
Q2084314	6000000002188434941
Q2084471	6000000032766135368
Q208448	6000000012525349234
Q2084556	4673039
Q2084610	6000000007455003021
Q208466	6000000009136526301
Q2084664	6000000018471895726
Q2084799	6000000222101554880
Q2084800	6000000012995133205
Q2084815	6000000008735375694
Q2084968	6000000006581615864
Q208497	6000000006077260217
Q20850503	6000000191178013829
Q20850504	6000000083714689905
Q20851009	6000000024640675874
Q2085102	6000000194337660875
Q20851046	6000000002188616259
Q20851088	6000000105308745918
Q20851118	6000000057510828008
Q20851121	6000000103361880989
Q20851143	6000000024205952159
Q20851149	6000000003108110090
Q20851151	6000000079798845004
Q20851164	6000000056470167089
Q20851274	6000000016457847622
Q2085146	6000000089799273214
Q20851476	6000000018816369134
Q20851583	6000000076757841858
Q20851697	6000000080861008912
Q208517	6000000139637148845
Q2085276	6000000121587184838
Q2085290	6000000011032936145
Q2085316	6000000003615721032
Q20853255	6000000129085918891
Q20853552	6000000016297257012
Q20853558	6000000003571112719
Q20853564	6000000026509810514
Q208537	6000000039613696953
Q20854584	6000000020113971591
Q20855591	6000000173976664912
Q20855649	6000000122803078017
Q208558	6000000006592182188
Q20855964	6000000016905421651
Q20856120	6000000124770982081
Q20856141	6000000018006449955
Q20856151	6000000020988785785
Q20856171	6000000016163533737
Q20856211	6000000018828900757
Q20856234	6000000010585293013
Q20856335	6000000179858697843
Q20856636	6000000139463559850
Q20857310	6000000016181683458
Q20857314	6000000017887346030
Q20857326	6000000017886142108
Q20857327	6000000016508197549
Q20857332	6000000051393257821
Q20857335	6000000029360962588
Q20857336	6000000018610578737
Q20857337	6000000021001110424
Q20857355	6000000018460970694
Q20857371	6000000027147321975
Q20857379	6000000024585612060
Q20857406	6000000180240401918
Q20857408	6000000081793498385
Q2085743	6000000033075898116
Q20857492	6000000007387379366
Q20857688	6000000005562020577
Q20857862	6000000148799690842
Q20857922	6000000140237251047
Q20858057	6000000052053348917
Q20858115	6000000004079668460
Q20858275	6000000013194324706
Q20858490	6000000014585887767
Q2085895	6000000172753439077
Q2085915	6000000025138723555
Q20859162	6000000011627563362
Q20859192	6000000037469594821
Q2085926	6000000022516409785
Q2085930	6000000013810337266
Q20859406	6000000031897047707
Q20859487	6000000145567264826
Q2086	6000000084002707912
Q2086032	6000000074746658049
Q2086071	6000000008630260870
Q20860929	6000000057298351939
Q20861263	6000000016232053840
Q2086128	6000000013602254472
Q208615	6000000002878651859
Q2086152	6000000053348336969
Q2086159	6000000155861340822
Q2086191	6000000012978702828
Q2086196	6000000024047511974
Q2086208	6000000000469968625
Q2086224	6000000030714364002
Q2086256	6000000000646972937
Q2086269	6000000007719678515
Q2086305	6000000013029738882
Q20863084	6000000023200287112
Q2086321	6000000163659926828
Q2086329	6000000179140291854
Q20863424	6000000034172921191
Q2086349	6000000004637781609
Q2086399	6000000084538255001
Q2086427	6000000012894042316
Q2086433	6000000142205592848
Q2086458	6000000009558003475
Q2086459	6000000012448403914
Q2086464	6000000079211377847
Q2086486	6000000023237354991
Q208649	6000000016293299071
Q2086490	6000000176814338824
Q2086496	6000000025823292807
Q2086497	6000000007209721579
Q2086513	6000000024279626857
Q2086566	6000000116884931028
Q2086575	6000000027241946488
Q208663	5196130934900104814
Q2086636	6000000026354537281
Q2086639	6000000076771736071
Q2086647	6000000026354325203
Q208665	6000000041484458078
Q2086651	6000000017408399567
Q208667	6000000009189582284
Q2086673	6000000042634215149
Q2086675	6000000025005980436
Q2086683	6000000005599052751
Q2086698	6000000020250767067
Q2086720	6000000133889819114
Q2086727	6000000025114117429
Q2086747	6000000037883923875
Q2086768	6000000027954051652
Q2086776	6000000007605391351
Q208681	6000000002905483846
Q2086841	6000000056263118608
Q208685	6000000013566804824
Q2086899	6000000008707450111
Q2086907	6000000071691058561
Q2086940	6000000025833552503
Q2086967	6000000002215936789
Q2086982	6000000008830985412
Q2086999	6000000011273691738
Q20870016	6000000002494866662
Q2087009	6000000027018489592
Q2087028	6000000197207914827
Q20870300	6000000026797043411
Q2087084	6000000026812893456
Q20871159	6000000151414862854
Q20871247	6000000043992067157
Q20871263	6000000079987051936
Q20871277	6000000028463644234
Q2087171	6000000009385072975
Q20871740	6000000019372121763
Q20871971	6000000016330055515
Q20872179	6000000100728609828
Q20872401	6000000170641327846
Q20872524	6000000036201718619
Q20872541	6000000063198596872
Q20872547	6000000001837061179
Q2087262	6000000184955828827
Q2087265	6000000058994945963
Q2087295	6000000004095875243
Q2087304	6000000171963815183
Q20873142	6000000002188612903
Q2087325	6000000047706844825
Q20873701	6000000027285086454
Q20873720	6000000009402239514
Q20873808	6000000079205777821
Q20873812	6000000079213144444
Q20873820	6000000177005502106
Q20873837	6000000036129621615
Q20873901	6000000057466848825
Q20874052	4982953466990061588
Q2087406	6000000181824162837
Q20874117	6000000010302465434
Q20874119	6000000010298303139
Q2087413	6000000023883912839
Q2087416	6000000017879340316
Q2087436	6000000065253253833
Q2087438	6000000003827438328
Q2087458	6000000006127441328
Q2087467	6000000074181994003
Q2087492	6000000000846751440
Q2087497	6000000000847158079
Q20875	6000000001651648070
Q2087529	6000000008230395690
Q208754	6000000003645870815
Q20875997	6000000025461654994
Q20876029	6000000035742714398
Q20876043	6000000019345960445
Q20876047	6000000007897750185
Q2087606	6000000004869049287
Q20876091	6000000007026781161
Q20876215	6000000019538313727
Q20876277	6000000025380880891
Q20876433	6000000014300952369
Q2087651	6000000031330833147
Q20876615	6000000026649318380
Q2087703	6000000024873801367
Q2087724	6000000065567090881
Q2087751	6000000020668611824
Q20877582	6000000011462030902
Q2087770	6000000021568024467
Q2087772	6000000017867412042
Q20877813	6000000019770068993
Q20877821	6000000015490979257
Q20878060	6000000089967004991
Q20878072	6000000000591564525
Q20878079	6000000035741091368
Q2087955	6000000013899384659
Q208797	6000000035334459503
Q20880443	6000000017507014347
Q20880614	6000000096326648936
Q20880621	6000000021014274067
Q20880798	6000000089961301979
Q20880823	6000000052150166933
Q20880915	6000000042025049865
Q208810	6000000001906202107
Q208815	6000000104895150014
Q208819	6000000009334119210
Q2088195	6000000029837164508
Q20882	6000000019897643926
Q208822	5579511057220138810
Q20882479	6000000052008667905
Q2088251	6000000025712372841
Q20882529	4180502356480063755
Q208834	6000000032436109802
Q2088355	6000000171950773861
Q2088365	6000000014569602301
Q2088366	6000000122244574071
Q2088405	6000000019715601040
Q20885504	6000000010686555512
Q208858	6000000001843182717
Q208861	6000000183169660821
Q208869	6000000008780759257
Q208871	6000000012925135622
Q2088774	6000000016282157718
Q2088840	6000000000459089931
Q20888561	6000000038270207667
Q20888563	6000000044942722993
Q20888868	6000000155813831826
Q208891	6000000089791583885
Q208894	6000000106612112851
Q2088975	6000000017972424182
Q20890211	6000000083015671897
Q20890552	6000000047216177094
Q20891046	6000000090901011848
Q2089112	6000000057002862002
Q20891237	6000000017946014189
Q20891257	6000000011811316613
Q20891848	6000000010145723360
Q20891912	6000000002574213472
Q2089192	6000000161846813048
Q2089198	6000000028452394297
Q2089213	6000000016171975409
Q208922	5579541552390039776
Q20894	6000000054389859986
Q20894003	6000000017758862120
Q20894014	6000000084904761927
Q20894015	6000000084905249924
Q20894018	5136281173900120327
Q20894525	6000000081336924941
Q20894538	6000000014260946725
Q20895050	6000000017090569432
Q208952	6000000019135522724
Q20895363	6000000004097643782
Q20895480	6000000047222488093
Q20895482	6000000019223637846
Q20895527	6000000021557828338
Q20895596	6000000002602370048
Q2089561	6000000013431596449
Q20895698	6000000034386185006
Q20895765	6000000030663387193
Q20895930	6000000000688592974
Q20895935	6000000000688618736
Q2089622	6000000015606099888
Q2089725	6000000003858579065
Q20897614	6000000010897239949
Q20897763	6000000009224193576
Q20897792	6000000002331494199
Q20897811	6000000002331453601
Q2089783	6000000073070172952
Q2089788	6000000059994618963
Q2089820	6000000033866276250
Q20898202	6000000024971392574
Q2089833	6000000026052689418
Q20898441	6000000030456498479
Q2089850	6000000140191269941
Q20898614	6000000042363818322
Q20899290	6000000014042023874
Q208993	6000000014418112663
Q20899368	6000000164073282934
Q2089967	6000000179709536823
Q209004	6000000034273696622
Q20900418	6000000006436826721
Q20900556	6000000015714979739
Q20900777	6000000004842925190
Q20901593	6000000021044116960
Q20901613	6000000022781699392
Q20901661	6000000032217859869
Q20901685	6000000063329139133
Q20901736	6000000073866750132
Q20901738	6000000050864268920
Q20901740	6000000023927797172
Q20901755	6000000013432234413
Q20901758	6000000107285522115
Q20901761	6000000041451536309
Q20901773	6000000035499599171
Q20901778	6000000032235143616
Q20901781	6000000094781330834
Q20902138	6000000000020942081
Q20902162	6000000008445232850
Q2090220	6000000067241030899
Q20902321	6000000005561983870
Q20902350	6000000031733015703
Q20902372	6000000014243668588
Q20902583	6000000103268387114
Q2090323	6000000000036871257
Q20903390	6000000007526080243
Q20904033	6000000024639118485
Q20904123	6000000024786001577
Q2090416	6000000004025227789
Q2090457	6000000029114422640
Q2090460	6000000210744007835
Q2090463	6000000017240855289
Q2090464	6000000012709264372
Q209050	6000000027486643340
Q2090572	6000000004671640885
Q2090610	6000000035581284804
Q2090633	59035
Q20906398	6000000103681713842
Q2090640	6000000103238427427
Q2090841	6000000033097175597
Q20908803	6000000008166745418
Q20909577	6000000014097372330
Q20909591	6000000014097741589
Q209098	6000000104627219856
Q20910124	6000000036120777546
Q2091045	6000000168967710995
Q2091245	6000000036602852821
Q20913128	6000000009574415813
Q20913197	6000000002334132054
Q2091327	6000000010780760128
Q2091351	6000000016850083495
Q20913520	6000000021363765027
Q20913732	6000000094872615896
Q20913751	6000000025359461439
Q20913752	6000000008529698854
Q209138	6000000003214979783
Q20913932	6000000029260723248
Q20914089	6000000024222469125
Q20914420	6000000073141199889
Q2091458	6000000014663505189
Q2091473	6000000165974336834
Q20914835	5644902344770043555
Q20914862	6000000002275962031
Q20914863	6000000039399768885
Q20914910	6000000129928069148
Q20914946	6000000177075146832
Q20915009	6000000137660597822
Q20915037	6000000090149060852
Q20915056	6000000033036626305
Q209152	6000000002221692911
Q20915415	6000000025805403954
Q20915663	6000000002139603981
Q2091579	6000000070194428822
Q2091657	6000000018307936533
Q209169	6000000001147907387
Q2091708	6000000085048938025
Q209175	6000000011348794972
Q2091892	6000000046375462887
Q2091905	6000000002927337140
Q2091917	6000000000510011855
Q20919662	6000000190977712832
Q2092087	6000000048329025878
Q20922000	6000000032869714551
Q20922009	6000000035477205936
Q20922184	6000000052161801836
Q2092249	6000000037136906271
Q2092391	6000000049511513821
Q20924224	6000000166866455859
Q20924950	6000000062919750821
Q20925010	6000000058361763085
Q20925368	6000000015040082974
Q20925382	6000000018003156383
Q20925424	6000000026506848456
Q20925696	6000000003493384169
Q20926511	6000000030019164822
Q2092681	6000000145783448917
Q2092733	6000000036740112793
Q2092744	6000000012407815580
Q2092779	6000000121092732831
Q2092785	6000000028376760476
Q209283	6000000051509886231
Q2092845	6000000016527336386
Q2092860	6000000103373363824
Q2092880	6000000179276545842
Q2092904	6000000091182430976
Q2092999	6000000070158870150
Q20931228	6000000003005168877
Q20931258	6000000015252850510
Q20931303	6000000013792979288
Q20931339	6000000003005339089
Q20931543	6000000020170318743
Q20931653	6000000002764681135
Q2093205	6000000003414560319
Q2093309	6000000140678595974
Q20933424	6000000008620335551
Q20933428	6000000005736853587
Q20933430	6000000012502521833
Q20933434	6000000009338089943
Q20933443	6000000024670106960
Q20933446	6000000183723781830
Q20933455	6000000080638560375
Q20933457	6000000016116090989
Q2093349	6000000017915562136
Q20933492	6000000022538306402
Q20933497	6000000014592752379
Q20933500	6000000005774334617
Q20933509	6000000089780742182
Q20933514	6000000041994776053
Q20933532	6000000010528390810
Q20933560	6000000058341003821
Q20933569	6000000047136960847
Q20933573	6000000020730095036
Q20933576	6000000008888308441
Q20933592	6000000011864408084
Q2093376	6000000177488969837
Q2093387	6000000021799151588
Q2093432	6000000175051925849
Q2093460	6000000030191185244
Q20934615	6000000003827455273
Q2093483	6000000184065140836
Q20935088	4209380
Q20935263	6000000007329673592
Q209353	5232261967330102641
Q2093537	6000000080065820990
Q20935376	6000000025228633393
Q2093627	6000000182422765822
Q2093662	6000000073320798200
Q20938724	6000000001758939549
Q2093874	6000000027897264204
Q20938743	6000000008023137337
Q2093889	6000000035389274952
Q2093908	6000000179711243824
Q2093953	6000000000984846337
Q2093961	6000000018231892034
Q2093967	6000000000984792587
Q2093971	6000000037423223596
Q2093986	6000000006012247015
Q2094026	6000000030160248280
Q2094034	6000000083069686598
Q2094078	6000000015188367438
Q2094124	6000000014466916678
Q2094169	6000000014326237957
Q209417	6000000000701830018
Q20942017	6000000133128816968
Q20942024	6000000033292955069
Q2094237	6000000012528368450
Q2094258	6000000028063816395
Q2094263	6000000004296546431
Q2094265	6000000069763197283
Q2094268	6000000014983274190
Q2094290	6000000149289242056
Q2094334	6000000009054232677
Q2094347	6000000035499448342
Q209435	6000000000626782747
Q2094362	6000000171674693001
Q2094389	6000000151118170861
Q209439	6000000001004969365
Q2094391	6000000172482072933
Q209441	6000000004361707693
Q2094429	6000000017374064149
Q2094465	6000000090851735841
Q209449	6000000004106409671
Q2094491	6000000015192488215
Q20945348	6000000074748024019
Q2094539	6000000141006142402
Q2094602	6000000003219727814
Q2094605	6000000163823974393
Q2094606	6000000040268616025
Q209471	6000000017673199754
Q2094728	6000000017777414231
Q2094739	6000000021367862435
Q2094847	6000000006419029464
Q20948877	6000000150786810868
Q20949665	6000000109254088822
Q20949732	6000000201451704977
Q20949799	6000000036302748318
Q20949937	6000000063221282885
Q20950089	6000000000664583749
Q20950094	6000000051451829362
Q209502	5232574568790079963
Q20950311	6000000001699475293
Q20950354	6000000083948224427
Q20950519	6000000014344528913
Q209535	6000000010503212851
Q20953674	6000000184322091840
Q20953704	6000000029341261263
Q20953719	6000000033247226885
Q20953743	6000000156222045836
Q20953747	6000000167116390891
Q2095378	6000000033330822453
Q20953827	6000000184088539925
Q20953836	6000000156998434848
Q20953844	6000000166048145822
Q2095509	6000000052218758127
Q2095607	6000000026256872706
Q2095811	6000000017936296432
Q2095821	6000000040208891152
Q20958371	6000000012735527516
Q209586	6000000018175664806
Q2095862	6000000165158054536
Q2095978	6000000071683132921
Q2096094	6000000157946978857
Q2096105	6000000140323102080
Q209611	6000000002834850269
Q209617	6000000001866992388
Q20961738	6000000124793387971
Q20962119	6000000009374850395
Q20962177	6000000024581643755
Q20962204	6000000017240951127
Q2096235	6000000057739840070
Q20962418	3280379
Q2096271	6000000042193495612
Q20962948	6000000026863235968
Q20963048	6000000011263682059
Q20963068	6000000210057939834
Q2096310	292720268390001473
Q2096328	6000000085405514964
Q20963420	6000000082707460072
Q209641	6000000030809849001
Q2096504	6000000014488255551
Q20965544	6000000137842550308
Q20965633	6000000176824284850
Q20965896	6000000020141606544
Q20965912	6000000021976338841
Q209662	6000000002921047652
Q2096683	6000000017253588996
Q2096694	6000000000405082831
Q20967007	6000000021042945484
Q20967144	6000000053074410822
Q20967188	6000000039358717028
Q2096732	6000000144508240838
Q20967498	6000000019469759480
Q20967560	6000000019469574840
Q2096791	6000000173095950172
Q20968044	6000000015151061439
Q20968069	6000000009164187045
Q20968069	6000000190046282637
Q2096807	6000000007901489571
Q20968081	6000000001707063424
Q20968081	6000000190046282631
Q20968324	6000000019037127867
Q209684	6000000015797016798
Q20968446	5680720035250076689
Q20968730	6000000006727741693
Q20968809	6000000039306295954
Q20968820	4754168585190128955
Q20968821	4754168605240023570
Q20968860	6000000151959095888
Q20968861	6000000079990192842
Q20968863	6000000100073676067
Q2097	6000000023175163384
Q20970024	6000000072118966942
Q20971281	6000000178191765849
Q20971449	6000000040630340084
Q20971574	6000000010090997371
Q2097185	6000000006783845249
Q20972014	6000000030686572561
Q2097213	6000000082703769615
Q20972176	6000000000193181757
Q20972984	6000000026394324844
Q20973002	6000000016279221045
Q20973117	6000000163449817090
Q2097323	6000000066024599821
Q2097329	6000000020441057921
Q20973304	6000000080321346868
Q20973338	6000000029105544886
Q20973371	6000000006357281174
Q20973445	6000000170403467904
Q20973595	6000000141954133845
Q20973618	6000000047173096169
Q20973718	6000000079862270038
Q20973742	6000000044924888899
Q2097375	6000000057408191025
Q20973952	6000000176805417858
Q20973956	6000000021303615684
Q20973961	6000000086188119942
Q20973965	6000000012987915977
Q2097400	6000000004096293982
Q20974000	6000000176804140908
Q20974047	6000000042281111408
Q20974095	6000000053570497133
Q20974152	6000000075405371917
Q20974262	6000000009136518999
Q2097451	6000000004670558897
Q2097552	6000000013645617624
Q20976998	6000000071784422150
Q20977008	6000000010385342704
Q2097768	6000000225774491916
Q20977791	6000000021866837118
Q2097780	6000000028838164845
Q20978135	6000000001920506593
Q20978259	6000000015119079161
Q20978378	6000000036687510251
Q20978439	6000000175791722013
Q20978449	6000000132699084146
Q20978823	6000000013897459634
Q20978865	6000000177312911994
Q2097888	6000000073047957932
Q20979231	6000000041134639887
Q20979245	6000000157286839020
Q20979248	6000000056930794975
Q20979269	6000000140693087692
Q20979364	6000000000079841173
Q20979413	6000000001550481892
Q20979449	6000000157707071841
Q20979635	6000000039816679846
Q20979636	6000000039816039611
Q20979697	6000000020617369520
Q20979698	6000000069071956835
Q20979711	6000000024119310769
Q20979718	6000000008670582705
Q20979719	6000000002764937648
Q20979847	6000000024933991944
Q20979864	6000000008354000503
Q20979902	6000000050125479862
Q20979945	6000000016301116068
Q20979950	6000000000128821038
Q20979971	6000000002186114737
Q20979983	358567620970007192
Q20979991	6000000110681571821
Q20980010	6000000005018259503
Q20980011	6000000002802339739
Q20980014	6000000005741424001
Q20980035	6000000185904548865
Q20980046	6000000016201189251
Q20980095	6000000060897711266
Q20980100	6000000167068336070
Q20980122	6000000004120044177
Q20980137	6000000028145382523
Q20980138	6000000171517587939
Q20980146	6000000005741337155
Q20980149	6000000007885733639
Q20980161	6000000040983024627
Q20980170	6000000027001347198
Q20980184	6000000178237502835
Q20980234	6000000016240343788
Q20980235	6000000024579620092
Q20980259	6000000012744607481
Q20980279	6000000000571408526
Q20980285	6000000025508344877
Q20980289	6000000003548513605
Q20980304	6000000024079305122
Q20980349	6000000002813288917
Q20980697	6000000002550256818
Q2098126	6000000018021764987
Q20981362	6000000073125928704
Q20981588	6000000185645929772
Q20981597	6000000109896089304
Q20981647	6000000048488669113
Q20981698	6000000083013907876
Q20981869	6000000175940175147
Q20981885	6000000165202010250
Q20981904	6000000077402497251
Q20982033	6000000064839513835
Q20982273	6000000182601285873
Q20982464	6000000056950377912
Q20983177	6000000079626473851
Q20983452	6000000004969291629
Q20983482	6000000001714604172
Q20983619	6000000011648781748
Q20983703	6000000011821026156
Q20984389	6000000088872188853
Q20984390	6000000008242088369
Q20984404	6000000005912356031
Q20984505	6000000086215329821
Q20984516	6000000002457886175
Q20984522	6000000159624575841
Q20984946	6000000105354547878
Q20985729	6000000143316080861
Q20985731	6000000143316194872
Q20986374	6000000086954932903
Q20986456	6000000027328695385
Q20986491	5203619510260088771
Q20986503	6000000023004573921
Q20986544	6000000000550715317
Q20986769	6000000017317685036
Q20986931	6000000078132540875
Q20987141	6000000169078621944
Q20987248	6000000014488768990
Q20987278	6000000017089308481
Q20987312	6000000021997501035
Q20987315	6000000010721933003
Q20987317	6000000008692354693
Q20987320	331779141540013386
Q20987321	6000000019756190890
Q20987355	6000000175161908165
Q20988081	6000000206598102827
Q20988116	6000000180093811888
Q2098846	6000000000592619172
Q2098860	6000000003023764392
Q20988670	6000000008905770283
Q20988924	6000000000921279845
Q20988977	6000000036272598510
Q20988992	6000000070867345840
Q20989118	6000000079057138017
Q20989132	6000000001715452334
Q20989136	6000000002144955525
Q2098936	6000000021088646992
Q20990145	6000000039818345524
Q209902	6000000172619020078
Q2099095	6000000018098723109
Q20991392	6000000001504226100
Q20991406	6000000022303480490
Q20991422	6000000016156181824
Q20991437	6000000037357519951
Q20991468	6000000026505374709
Q2099159	6000000064799397822
Q20991621	6000000014710758712
Q20991905	6000000007394986250
Q209921	6000000081019643835
Q2099215	6000000018358153694
Q20993605	6000000016044414177
Q209938	6000000140723319896
Q20993858	6000000003455410098
Q20993866	6000000016257544843
Q2099416	6000000067651052074
Q20994768	6000000035258445276
Q20994849	6000000026506420623
Q20994983	6000000029261308399
Q20995007	6000000002493094600
Q20995095	6000000026453406974
Q2099524	6000000191643561866
Q2099801	6000000081531334448
Q209982	6000000064668445429
Q209989	6000000009958750502
Q2099997	4127310997490031689
Q21000471	380377485920003050
Q21000521	6000000036761384444
Q21000537	6000000179629794839
Q21000664	6000000065578562864
Q21000789	6000000024770143908
Q21000836	6000000136858462906
Q21000943	6000000180879657848
Q21000950	6000000014058097095
Q21000954	6000000013930682869
Q21000974	6000000014057916727
Q21000974	6000000193992757879
Q21000976	6000000039479479075
Q21000976	6000000039479599082
Q21000976	6000000193969615826
Q21001070	6000000003827674068
Q21001144	6000000016581534072
Q21001159	6000000019482906229
Q21001202	6000000044132427829
Q21001258	6000000014071853174
Q21001300	6000000014071786362
Q21001327	6000000014949232959
Q21001374	6000000014071854236
Q21001416	6000000014071839190
Q21001435	6000000014070590971
Q21001494	6000000013931639397
Q21001541	6000000015852569733
Q21001582	6000000044166504884
Q2100161	6000000183136421870
Q21001621	6000000001399366593
Q2100203	6000000017513222018
Q21002070	6000000022590771240
Q21002256	6000000012777090496
Q21002496	6000000003964221970
Q2100362	6000000016200325722
Q21003773	6000000074790133948
Q21003793	6000000001264478431
Q21003842	6000000072890820079
Q21004187	6000000024988259861
Q21004350	6000000046503497377
Q2100446	6000000015282861395
Q21005558	6000000173207965643
Q21005673	6000000176153120822
Q2100634	6000000003418147329
Q2100644	6000000079671540372
Q21006576	6000000170637344832
Q21007307	6000000040097512610
Q21007308	6000000065382050829
Q21007316	6000000139691528929
Q21007543	6000000001850562498
Q21008003	6000000075306082494
Q21008400	6000000075506534892
Q21008953	6000000018965332167
Q21008965	6000000008493063088
Q21008988	6000000179428787847
Q2100916	6000000037646973039
Q2100921	6000000076279048859
Q21009763	6000000152132255822
Q21009868	6000000010353412968
Q21009910	6000000001737788093
Q21009915	4269545346180054704
Q21009917	6000000007070861570
Q21009919	6000000013931295280
Q21009930	6000000011925760956
Q21009985	6000000009204741289
Q21009998	6000000014058656378
Q210100	6000000020680869203
Q21010523	6000000001152207091
Q21010749	6000000015065345756
Q2101080	6000000112550860835
Q21010880	6000000026670465763
Q21010908	6000000000414304388
Q21011118	6000000082673372023
Q21011118	6000000193994924826
Q21011121	6000000082673530848
Q21011122	6000000082671793378
Q21011123	6000000082673496897
Q21011155	6000000007168942226
Q21011402	6000000093301304871
Q21011507	6000000031329077545
Q210120	6000000180040808838
Q21012302	6000000008761967270
Q21012343	6000000143182462133
Q21012431	6000000078003611842
Q21012436	6000000002764488107
Q21012471	6000000020763542355
Q21012476	6000000194956227825
Q21012511	6000000010600445058
Q21012558	6000000047050056821
Q21012563	6000000017073531064
Q210126	6000000036973181084
Q21012614	6000000044196217603
Q21012615	6000000043820310835
Q21012619	6000000006714004531
Q21012623	6000000003515818362
Q21012628	6000000006707127156
Q21012639	6000000024972767046
Q21012641	6000000024973241878
Q21012841	6000000080188684115
Q21013041	6000000020774012171
Q21013144	6000000018535120391
Q21013171	6000000159558735831
Q21013253	6000000017798619225
Q21013395	6000000030652824303
Q210134	6000000001643607001
Q21013402	6000000044180177551
Q21013403	6000000044179928426
Q21013614	6000000178266017823
Q21014259	6000000032054209988
Q21014464	6000000164292017033
Q21014486	6000000001186190552
Q21014512	6000000032884783603
Q21014535	6000000000609841582
Q21014560	6000000015486584109
Q21014581	6000000013028324729
Q210148	6000000000138884361
Q21014966	6000000037404907173
Q2101502	6000000019222308639
Q210158	6000000125427313826
Q2101598	6000000020841048430
Q21016608	6000000069909802912
Q21016650	5308898176450101296
Q21016669	6000000003798249107
Q21016771	6000000141594498853
Q21016788	6000000007591006486
Q2101679	6000000013924538501
Q21016812	6000000021451544021
Q21016880	6000000077162587856
Q21017023	6000000053352795836
Q21017076	6000000074787991822
Q210172	5485087142280101324
Q2101720	6000000033110495931
Q2101819	6000000069156546879
Q210200	6000000002447397918
Q21020085	6000000002073092287
Q2102021	6000000002116079709
Q21020274	6000000047188103021
Q21020299	6000000056518594942
Q21020325	6000000011477941761
Q21020327	6000000056519024839
Q210207	6000000006906447277
Q2102072	6000000019910041156
Q2102179	6000000031989402855
Q2102436	6000000026258713575
Q210268	6000000010524688686
Q21026916	6000000018094340905
Q21026942	6000000035285345278
Q21026989	6000000051384673545
Q2102702	6000000012662763624
Q21027156	6000000034842074118
Q2102738	6000000017496900598
Q2102754	6000000016976299341
Q21027608	6000000149854522940
Q21027993	1835459
Q21028344	6000000073315694873
Q21028348	6000000038661141456
Q21028365	6000000037610337254
Q21028474	6000000018011736808
Q21028933	6000000037906554459
Q21029009	6000000008176981279
Q21029389	6000000002764852574
Q21029510	6000000021558071170
Q21029628	6000000063443461946
Q21029634	6000000027019648934
Q21029646	6000000044322796879
Q21029647	6000000044322438885
Q21029650	6000000056465687996
Q21029652	6000000097465338821
Q21029661	6000000056465347881
Q21029662	6000000056467421886
Q21029665	6000000056467509092
Q21029675	6000000180774259843
Q21029678	6000000180775212821
Q21029729	6000000083095484886
Q2102974	6000000008849669200
Q21029763	6000000177818703989
Q21030218	6000000018464461543
Q21030230	6000000054735016876
Q21030273	6000000171937018505
Q21030343	6000000037668367879
Q21030376	6000000089300906206
Q21030534	6000000134611051821
Q21030544	6000000016706409042
Q21030563	6000000009635893737
Q210308	6000000018604054300
Q21030826	6000000001638927675
Q21030846	6000000004955321754
Q21031097	4854386559030054478
Q21031139	6000000001504907551
Q21031530	6000000021251377233
Q21031569	6000000081484490925
Q21031574	6000000010361950180
Q21031579	6000000033455940044
Q21031640	6000000076677756941
Q21031648	6000000015230589267
Q21031651	6000000022943627094
Q21031729	6000000073964778955
Q21031757	6000000009543729835
Q21031823	6000000090081630840
Q21031843	6000000132362479007
Q21031863	6000000131666985887
Q21031887	6000000017298983489
Q21031895	6000000024247189597
Q21031948	6000000083095484891
Q21031998	6000000011873174383
Q21032062	6000000020759161639
Q21032071	6000000007863819682
Q21032096	6000000020692710689
Q21032123	6000000034905376621
Q21032148	6000000009449902747
Q21032181	6000000044924208833
Q21032189	6000000038494369713
Q21032199	6000000022465033524
Q21032215	6000000021695806433
Q21032262	6000000020515416123
Q21032266	6000000179378101895
Q21032273	6000000019140601371
Q21032333	323471991430002528
Q21032401	6000000020972814069
Q21032806	6000000126247991851
Q21032850	6000000002802359209
Q210329	6000000011573123374
Q21033109	6000000036862080218
Q21033125	6000000029177251794
Q21033138	6000000000353481713
Q21033157	6000000018880012712
Q21033284	6000000022603473069
Q21033308	6000000011622011415
Q21033330	6000000041874856122
Q21033409	6000000001281392853
Q21033453	6000000003796269911
Q21033462	6000000034822641329
Q21033497	6000000024143521399
Q2103360	6000000052273475881
Q21033642	4663793623640028019
Q21033676	6000000086879608246
Q21033687	6000000002850945239
Q21033785	6000000022336564216
Q21033845	6000000103228306856
Q21033900	6000000179693207830
Q21033971	6000000077252983799
Q21034503	6000000002678385054
Q2103462	6000000156802604903
Q21034687	4820899263090025787
Q21034825	6000000136816087851
Q21034846	6000000040615289986
Q21034850	6000000037890418907
Q21034870	6000000069401811821
Q21034871	6000000056770218826
Q21034873	6000000027022549803
Q21034875	6000000098180243966
Q21034884	6000000172367902052
Q21034897	6000000016564221636
Q21034902	6000000057609994822
Q21034904	6000000081092200840
Q21034907	6000000012751694183
Q21034917	6000000084674980041
Q21035148	6000000009526248358
Q21035183	6000000131450053857
Q21035229	6000000011420045472
Q21035269	6000000032234568310
Q21035502	6000000019219865261
Q21035505	6000000097643864959
Q21035522	6000000018624842580
Q21035864	6000000079169922834
Q21035899	6000000012298589321
Q21035906	6000000061373754160
Q21035939	6000000056074730857
Q21035940	6000000054192619857
Q21035971	6000000184874555824
Q21035973	6000000020398277095
Q21035979	6000000015388517149
Q21035982	6000000018648103329
Q21036027	6000000008426893768
Q21036157	6000000037907132897
Q2103648	6000000029755862821
Q21036798	6000000012252001259
Q21037362	6000000011221620710
Q2103852	6000000038067721265
Q2103861	6000000094091963879
Q21039131	6000000082638610642
Q21039183	6000000005029335402
Q21039191	6000000001596017629
Q21039193	6000000053211459953
Q21039194	6000000083098524167
Q21039196	6000000093631510836
Q21039941	6000000053527981835
Q2104	6000000005598980757
Q21040202	6000000181192955931
Q21040250	6000000074733122854
Q21040312	6000000074711218965
Q21040337	6000000050753119910
Q21040338	6000000044391135016
Q21040362	6000000050097294222
Q21040364	6000000050097734852
Q21040426	6000000075607277834
Q21040476	6000000074732622937
Q2104132	6000000000519547675
Q210417	6000000004337864380
Q21041852	6000000022407061075
Q21042197	6000000206598057843
Q21042256	6000000008209478282
Q21042259	6000000008209329558
Q21042273	6000000008209406512
Q21042284	6000000008209471202
Q21042303	6000000008209474398
Q21042307	6000000008177136344
Q21042316	6000000008176950946
Q21042625	6000000151132712926
Q210428	6000000035312782095
Q21042847	6000000083278637127
Q21043043	6000000152192721022
Q21043073	6000000007938489258
Q21043082	6000000000855236514
Q21043083	4021730609570028521
Q21043373	6000000021330020043
Q2104339	6000000069967911130
Q2104344	6000000005783224501
Q210435	6000000013162891520
Q2104381	6000000046609322855
Q21043816	6000000028429315628
Q21043845	6000000003351740206
Q21043983	6000000014016457178
Q21044279	6000000025606838553
Q210447	6000000014836769451
Q21044838	6000000016839951476
Q21044875	6000000041073005114
Q2104492	6000000018206224770
Q21045333	6000000087092003985
Q2104538	6000000179444430849
Q2104625	6000000118267242822
Q21046584	6000000178849635887
Q21047343	6000000017591610274
Q2104774	6000000008671437658
Q2104883	6000000018595991346
Q21049177	6000000001816388707
Q2104961	6000000013693707671
Q2105	327170857480004485
Q2105027	6000000080764734767
Q2105065	6000000015085898684
Q2105066	6000000023759052781
Q2105071	6000000020182226910
Q2105073	6000000016414085996
Q2105280	6000000070665642095
Q2105390	6000000054567141843
Q2105456	6000000004994061767
Q2105464	6000000018647370197
Q210547	6000000040310099966
Q21055142	6000000005413134328
Q21055164	6000000002678061674
Q21055380	6000000024941233907
Q21055426	6000000015405921634
Q210555	6000000012427438541
Q21057379	6000000010039578431
Q2105807	6000000042190243213
Q2105956	6000000121160957824
Q21059590	5476686518900056415
Q21060408	6000000074746149837
Q21060912	6000000000128373555
Q21061220	6000000182783434864
Q21062007	6000000056309934269
Q2106201	6000000126950693838
Q21062046	6000000121860474832
Q21062054	6000000083073605022
Q21062139	6000000017724191390
Q21062229	6000000002447358141
Q21062266	6000000019398138559
Q21062276	6000000072030696464
Q21062323	6000000174379645050
Q21062445	6000000015580897328
Q21062504	6000000051514534966
Q21062906	6000000007228588622
Q21062988	6000000116141933821
Q21063134	6000000028876750351
Q21063745	6000000010283488713
Q21064035	6000000157639167921
Q21064769	4668078
Q21064783	6000000004229696543
Q21065102	6000000040357340151
Q21065176	6000000036947219946
Q21065195	6000000005415812777
Q21065343	6000000019567826846
Q21065549	6000000125376613064
Q2106584	6000000018400313463
Q21066155	6000000070867610110
Q210662	6000000020932846318
Q21066260	6000000013007469261
Q21066767	6000000032513755565
Q210669	6000000065870727864
Q21066996	6000000061906110844
Q21067033	6000000048396363842
Q21067205	6000000041685637194
Q2106724	6000000019131768003
Q2106732	6000000177112761864
Q21067457	6000000035197641708
Q2106753	6000000143357189905
Q21068854	6000000026902934044
Q21068856	6000000009469994842
Q21068857	6000000004570621496
Q21068858	6000000089485445147
Q21068883	6000000020597957258
Q21068922	6000000017347034531
Q21068924	6000000013345486413
Q21068928	6000000025379905041
Q21068940	6000000004348416833
Q21068965	6000000058770189845
Q21068991	6000000005013874357
Q21069010	6000000017429054983
Q21069079	6000000030096100895
Q21069419	6000000000580102004
Q21069432	6000000015465717166
Q21069455	6000000021785318590
Q21069457	6000000021011726099
Q21069458	6000000086049766894
Q21069459	6000000024785944295
Q21069479	6000000028859911929
Q21069481	6000000016280433824
Q21069482	6000000015280756110
Q21069486	6000000004630696124
Q21069503	6000000012364038099
Q21069512	6000000057890162252
Q21069538	6000000033959286243
Q21069555	6000000034519832991
Q21069597	6000000024644843096
Q21069708	6000000007068521731
Q21069753	6000000083415906059
Q21069777	6000000179201895900
Q21069808	6000000014423716958
Q21069847	6000000133693305875
Q21069885	6000000123661795857
Q21069901	6000000031607897037
Q21069908	6000000012287309055
Q21069954	6000000044987904835
Q21069955	6000000031972834669
Q21069983	6000000036667845843
Q21069988	6000000000954066598
Q21069997	6000000011140438280
Q21070010	6000000043833481859
Q21070014	6000000045389774909
Q21070095	6000000140694803078
Q21070097	6000000140255525045
Q21070216	6000000141139776135
Q21070228	6000000010791480994
Q21070280	6000000121859865152
Q21070318	6000000121860474880
Q21070336	5124251974070022875
Q21070356	6000000100231834886
Q21070361	4560429608500129236
Q21070363	6000000000118128758
Q21070374	6000000061607481917
Q21070378	6000000042580847919
Q21070387	6000000013186432678
Q21070433	6000000006444468427
Q21070433	6000000178251104844
Q21070468	6000000015490727405
Q21070791	6000000014159652065
Q210719	6000000024985900199
Q2107214	6000000015697731257
Q21072311	6000000017444325613
Q21072399	6000000013147147928
Q2107244	6000000011702458782
Q21073058	6000000085733354831
Q21073089	6000000017642241225
Q21073319	6000000181418891828
Q21073373	6000000033428585461
Q210735	6000000017664118272
Q21073976	6000000021884888865
Q210740	6000000007005948002
Q21074089	6000000012515746032
Q21074103	6000000104515991876
Q21074232	6000000054629307843
Q21074744	6000000020377982807
Q21075416	6000000000111193517
Q21075708	6000000016597813096
Q21075725	6000000002106429596
Q21076284	6000000014292783163
Q21076635	6000000013444414016
Q21076799	6000000157285907868
Q21076809	6000000165983604234
Q21076817	6000000173900579839
Q21076844	6000000136771147981
Q21076870	6000000003976277221
Q21076900	6000000024376224560
Q21077075	6000000154059381871
Q21077152	6000000009304951693
Q2107754	6000000062558461821
Q21077850	6000000013927243059
Q21077879	6000000003230397122
Q21077881	6000000001871479638
Q21078073	6000000180932842865
Q21078180	6000000057458343017
Q21078200	6000000008916913904
Q21078205	6000000179154431864
Q21078232	6000000036942618821
Q210783	6000000017166827645
Q21078449	6000000149624254830
Q21078506	6000000033337631611
Q21078517	6000000054249732852
Q2107855	6000000001655501485
Q2107856	6000000007168689313
Q210789	6000000019562569569
Q21079013	6000000002660699895
Q21079080	6000000075317679933
Q21079084	6000000040485523134
Q21079106	6000000022665144635
Q21079110	6000000010977908406
Q21079128	6000000041490427295
Q21079148	6000000008369964977
Q21079153	6000000013261631178
Q21079174	6000000000359614719
Q21079176	6000000010470980431
Q21079180	6000000184127765821
Q21079188	6000000001382991258
Q2107944	6000000007329774374
Q21079566	6000000026390010887
Q21079833	6000000009502146377
Q21079869	6000000005831332762
Q210803	6000000023264067144
Q21080492	6000000023158973919
Q210808	6000000019498120769
Q21081037	6000000003589950773
Q21081047	6000000003590106217
Q21081065	6000000028170798067
Q2108120	6000000066436136821
Q2108205	6000000012020270945
Q210823	6000000028991727866
Q2108245	6000000025764935494
Q21082579	6000000012266997485
Q21082733	6000000003526588051
Q2108282	6000000134802013858
Q21085905	6000000041477481580
Q2108630	6000000017548717097
Q2108752	6000000014991663230
Q21087728	6000000036801915301
Q21088056	6000000006143876001
Q21088095	6000000131705637981
Q21088480	6000000036842173542
Q21088550	6000000194201024847
Q21088598	6000000014763530894
Q21088731	6000000013267156447
Q2108878	6000000015258867566
Q21088843	6000000037910305162
Q21088868	6000000012342537850
Q21088880	6000000026653729689
Q21089077	6000000204169140827
Q2108911	6000000018698749180
Q21089110	6000000016150017396
Q21089110	6000000190047298056
Q21089172	6000000129634083084
Q21089177	6000000206768511863
Q21089209	6000000015976489247
Q21089258	6000000004564496001
Q2108971	6000000182168607877
Q210898	6000000145924123880
Q2109039	6000000026187996455
Q2109122	6000000041227204012
Q21091449	6000000024152586041
Q21091856	6000000207027514823
Q21091992	6000000009171439169
Q21092194	6000000040579186475
Q210922	6000000104307939837
Q2109245	6000000000125332924
Q21092535	6000000069567215925
Q21092692	6000000092327436927
Q2109286	6000000012631048596
Q2109336	6000000179114556833
Q21093427	6000000018094385900
Q21093498	6000000016271530653
Q21093520	6000000015793232551
Q21093966	6000000022491551389
Q21093975	6000000064207949838
Q21094389	6000000007260363490
Q21094446	6000000090985738899
Q21094447	6000000090985980843
Q21094558	6000000080202485658
Q21094813	6000000011021357513
Q21095000	6000000003802890146
Q21095469	6000000011046241702
Q21095625	6000000012122225788
Q21096001	6000000006592137717
Q210962	6000000121880259859
Q21096561	6000000019552547108
Q21096691	6000000006318820013
Q2109682	6000000005379901877
Q21096919	6000000207657888821
Q21097002	6000000062440868049
Q2109745	6000000002188424463
Q2109895	6000000047192980912
Q21099010	6000000019262505913
Q2109902	6000000025607145279
Q2109914	6000000074728945828
Q21099178	6000000078405194245
Q21099231	6000000092332805071
Q2109927	6000000074728688954
Q21099309	6000000018054375058
Q21099905	6000000060610722859
Q21100162	6000000090067825863
Q21101286	6000000025879679688
Q2110221	6000000009562578010
Q2110227	6000000022573381279
Q21102559	6000000052821052871
Q21102573	6000000105658551822
Q21102589	6000000012526744395
Q21102595	6000000015501184345
Q21102613	6000000040562711817
Q21102617	6000000017927623742
Q21102645	6000000003140889795
Q21102671	6000000003140977220
Q21102874	6000000091642809542
Q211029	6000000012889275978
Q211039	6000000011637998550
Q211040	6000000027344269640
Q211041	6000000040870888179
Q21104144	6000000001783805125
Q21104194	6000000001112165107
Q21104374	6000000190542326842
Q21104401	6000000078857646840
Q2110445	6000000078781233927
Q21104493	6000000068533018834
Q21104560	6000000016046794873
Q211048	6000000030726884146
Q21105537	6000000016364251206
Q21105615	6000000047907814212
Q2110571	6000000015467102017
Q2110644	6000000025874047961
Q21106771	6000000010330506572
Q2110776	6000000039938576040
Q2110799	6000000023266688335
Q211082	6000000184448901852
Q2110848	6000000017847226428
Q2110879	6000000027969701065
Q2110914	6000000003040609477
Q211094	6000000030399811499
Q211098	6000000041148900038
Q211100	387336780770003082
Q211103	6000000003194206412
Q2111100	6000000013259804415
Q21111037	6000000019468937110
Q211111	6000000017673119348
Q21111172	6000000173159723638
Q2111230	6000000028125307069
Q2111279	6000000102728279929
Q2111311	6000000023232250340
Q21113523	6000000030130430593
Q21113526	6000000017434008227
Q211136	6000000014282620432
Q21114740	6000000017433923582
Q21114839	6000000017589172366
Q21115192	6000000022260185919
Q21115338	6000000156674614826
Q21115649	6000000022191946696
Q2111574	6000000178580218841
Q21115969	5100503491990070406
Q2111705	6000000008814088757
Q21117339	6000000028166563123
Q21118156	6000000103863989837
Q21119	6000000084208885993
Q2111923	6000000071118852397
Q2111951	6000000163262441822
Q211196	6000000019789112180
Q21121859	6000000015195280965
Q2112258	6000000057915073938
Q211228	5416057408470084827
Q2112297	6000000080501873876
Q211239	6000000041553696082
Q2112391	6000000016182167030
Q21124233	6000000021412467475
Q2112549	6000000019871137455
Q2112630	6000000000241996649
Q2112630	6000000084534006213
Q2112728	6000000151142056876
Q21127430	6000000206005279822
Q21127488	6000000011551871860
Q211280	6000000051853390898
Q211290	6000000137582563929
Q21129703	6000000003911477408
Q21129796	6000000022785330413
Q21129873	6000000177305132822
Q21130194	6000000057571271225
Q21130472	6000000016291508399
Q21130534	6000000014924074768
Q21130766	6000000194598923831
Q21131314	6000000054206252975
Q211329	6000000066935027834
Q2113308	6000000070866131844
Q21133350	6000000026394826928
Q2113395	6000000027379980184
Q2113410	6000000018748018140
Q2113423	6000000039501543889
Q21134391	6000000109255269856
Q21134539	6000000221643854894
Q2113530	6000000004224947790
Q211356	6000000078998004113
Q2113902	6000000054033152034
Q211392	6000000012743000017
Q21139395	6000000193412428831
Q211396	6000000042028541045
Q21140000	6000000151927845844
Q21140855	6000000000978858298
Q211415	6000000013291847270
Q21141780	6000000023266269556
Q211421	6000000011508504240
Q2114370	6000000107557271910
Q21144153	5157244949760058314
Q21144837	6000000176158515822
Q21145496	6000000010735553248
Q2114567	6000000094196589821
Q211462	6000000008834581542
Q2114720	6000000000536277402
Q211482	6000000014423261085
Q21148498	6000000223806960873
Q21148653	6000000105798041894
Q2114867	6000000006777669447
Q21148832	6000000168918467865
Q21149144	6000000007416796384
Q2114922	6000000042487161113
Q21149247	6000000178748736948
Q21149249	6000000024914237859
Q21150732	6000000079259027320
Q21150779	6000000001430672056
Q21151032	6000000034132765586
Q211513	6000000015660371380
Q21151345	6000000022810991421
Q21151347	6000000002660865634
Q211514	6000000013639475780
Q21151438	6000000000820889923
Q21151513	6000000019309464820
Q21151609	6000000072801675932
Q21151689	6000000017962387372
Q21151732	6000000082532378914
Q21151765	6000000175356552879
Q21151814	6000000021463045368
Q211519	6000000002765685402
Q21152465	6000000044492879228
Q21152490	6000000002418422189
Q21152548	6000000023386467202
Q2115303	6000000185681061975
Q21153033	6000000048411059830
Q21153463	6000000016319789657
Q21153694	6000000186919974821
Q211539	6000000015116749571
Q21153947	6000000015636490492
Q21154109	6000000084153168847
Q21154128	6000000028356160321
Q211542	6000000009868205425
Q21154323	6000000037259506086
Q21154400	6000000010800786073
Q21154488	6000000075851845155
Q2115451	6000000006436225519
Q21154887	6000000024076385941
Q21155593	6000000007098527542
Q21155942	6000000023415070974
Q211566	6000000012686080472
Q21157038	6000000011051330631
Q2115737	6000000011461491303
Q2115741	6000000033122359674
Q2115783	6000000140259966039
Q21157845	6000000015993844163
Q21157910	4981342006410020600
Q21157946	6000000014320792936
Q211588	6000000100403035024
Q2115941	6000000038495365110
Q21159827	6000000006821973811
Q2115996	6000000002031598773
Q2116026	6000000011868382911
Q2116053	6000000038415988334
Q21162071	6000000024064644209
Q21162088	6000000014255425159
Q21162284	6000000024364662498
Q2116231	6000000182620299844
Q21163	6000000028797069159
Q21163383	6000000121582173894
Q211634	6000000172253214227
Q2116360	6000000148729673864
Q211642	6000000003790314508
Q2116421	6000000006729331459
Q2116421	6000000146311680894
Q21164978	6000000175034442087
Q21164989	6000000068367976836
Q21165016	6000000028215278346
Q21165024	6000000019370030774
Q21165032	6000000091673641865
Q21165033	6000000030535652251
Q21165035	6000000030887919577
Q21165075	6000000033208234151
Q21165087	6000000034668199290
Q21165105	6000000002907032502
Q21165164	6000000014898552601
Q21165165	6000000025845516956
Q21165183	6000000009562188566
Q21165198	6000000039235936594
Q21165209	6000000022848313454
Q21165223	6000000036674911105
Q21165227	6000000043437812384
Q21165245	6000000039068551587
Q21165263	6000000023286883126
Q21165267	6000000024483927884
Q21165293	6000000016308600345
Q21165297	6000000025612986332
Q21165300	6000000033607971228
Q21165302	6000000010640083435
Q21165315	6000000015859185574
Q21165319	6000000024428680845
Q2116532	6000000021430567315
Q21165327	6000000012452975743
Q21165334	6000000006582631118
Q21165336	6000000009552722510
Q21165343	6000000019681133534
Q21165351	6000000016093064574
Q21165362	6000000024226276503
Q21165368	6000000029470912159
Q21165376	6000000032368152981
Q21165395	6000000184342646830
Q21165401	6000000034688462390
Q21165442	6000000046241450899
Q21165469	6000000056417119187
Q21165486	6000000031708090386
Q21165491	6000000112281535633
Q21165507	6000000040856859789
Q21165519	6000000033933590412
Q21165524	6000000007289310286
Q21165539	6000000027588582400
Q21165545	6000000010213300438
Q21165561	6000000024935332210
Q21165569	6000000002116021098
Q21165569	6000000012434466187
Q21165574	6000000049528875225
Q21165587	6000000009296209728
Q21165592	6000000002116005281
Q21165594	6000000002499130336
Q21165595	6000000078081093009
Q21165606	6000000015861366479
Q21165607	6000000009455269405
Q21165612	6000000027094050342
Q21165646	6000000048553119102
Q21165660	6000000054978949255
Q21165666	6000000056432968875
Q21165679	6000000026011735774
Q21165696	6000000001299298506
Q21165714	6000000023231892871
Q21165726	6000000111145962200
Q21165739	6000000075863062153
Q21165784	6000000013427570591
Q21165810	6000000176070515882
Q21165827	6000000002115881622
Q21165839	6000000075498654034
Q21165853	6000000019151611454
Q21165857	6000000023440918310
Q21165881	6000000015851105757
Q21165947	6000000005436436952
Q21165960	6000000073822806568
Q21166015	6000000023622868735
Q21166034	6000000037621131032
Q21166036	6000000085570390972
Q21166040	6000000015511757014
Q21166058	6000000038958984948
Q21166075	6000000002689117648
Q21166076	6000000015052189916
Q21166080	6000000028682715708
Q21166097	6000000002491079697
Q21166134	6000000076231215975
Q21166135	6000000026544688985
Q21166150	6000000002116240802
Q21166168	6000000003687359050
Q21166194	6000000023133650912
Q21166195	6000000023375229640
Q21166204	6000000019130178045
Q21166224	6000000030560176194
Q21166233	6000000011249486936
Q21166240	6000000015655950122
Q21166249	6000000008719943664
Q21166250	6000000006891059774
Q21166257	6000000016228327271
Q21166272	6000000039313689171
Q21166281	6000000006919975675
Q21166293	6000000020263448911
Q21166300	6000000022924776290
Q21166308	6000000021690506578
Q21166313	6000000002447290128
Q21166315	6000000019412941075
Q21166327	6000000013109444293
Q21166334	6000000022995328011
Q21166382	6000000023406683605
Q21166397	6000000002740596213
Q21166401	6000000022231260987
Q21166412	6000000018232080359
Q21166472	6000000096034895828
Q21166483	6000000034998235961
Q21166493	6000000030202284753
Q21166511	6000000002115875590
Q21166515	6000000027122489623
Q21166517	6000000039896142878
Q21166520	6000000073824535943
Q21166521	6000000091461868842
Q21166536	6000000016950288906
Q21166566	6000000015760569261
Q21166573	6000000023359883769
Q21166581	6000000020464888537
Q21166593	6000000003086942512
Q21166632	6000000012429840071
Q21166638	6000000004883201652
Q21166639	6000000057595389033
Q21166645	6000000019003562104
Q21166649	6000000002831280387
Q21166670	6000000045380042915
Q21166713	6000000180895760843
Q21166721	6000000024240866935
Q21166733	6000000030537669853
Q21166749	6000000034094569926
Q21166766	6000000032860073946
Q21166782	6000000001299298280
Q21166802	6000000032401664557
Q21166814	6000000008630844427
Q21166824	6000000016299634691
Q21166846	6000000002946806884
Q21166857	6000000023231149080
Q21166869	6000000015421743906
Q21166872	6000000025454040000
Q211673	6000000003867000432
Q211681	6000000001573883013
Q21168972	6000000002959000152
Q21168997	6000000011024193626
Q2116915	6000000018009122053
Q21169298	6000000016712795565
Q211696	6000000093576191252
Q2116970	6000000016114733105
Q2116996	6000000013661596244
Q21170450	6000000029120550398
Q2117132	6000000002551814080
Q21171699	6000000011692500375
Q21171737	6000000011692470647
Q2117189	6000000176180033851
Q2117192	6000000024115908354
Q2117224	6000000010904940203
Q211731	6000000009544495783
Q2117318	6000000024690688859
Q21173191	6000000011627186452
Q21173286	6000000011627076891
Q21173390	6000000011627124876
Q21173465	6000000011627191525
Q2117396	6000000040557073350
Q21174842	6000000021847970126
Q211749	6000000001561806512
Q21175252	6000000178058767936
Q21175267	6000000008722109729
Q2117536	6000000017834491199
Q21175606	6000000021060098251
Q21175642	6000000011627283659
Q21176171	6000000005222833086
Q21176188	6000000019581832979
Q211763	6000000014813152301
Q21176335	6000000012385562288
Q21176376	6000000020673878295
Q21176486	6000000027669707110
Q2117649	6000000023701832258
Q21176492	6000000022411707550
Q21176573	6000000007208505427
Q21176577	6000000149629891895
Q21176608	6000000029466308971
Q21176669	6000000077773795875
Q21176728	6000000040787257921
Q2117674	6000000009617501007
Q21176746	6000000013823970951
Q21176771	6000000002373315071
Q21176799	6000000083830329822
Q21176827	6000000147445819850
Q21176831	6000000017212318531
Q21176832	6000000043932449980
Q21176855	6000000004593214652
Q21176868	6000000041304501064
Q21176884	6000000006442028731
Q21176911	6000000015385894331
Q21176921	6000000149623816935
Q21176939	6000000024805433878
Q21176949	6000000063539753893
Q21176951	6000000022450112666
Q21176962	6000000001434157026
Q21176969	6000000031606822081
Q2117697	6000000153693421821
Q21176978	6000000037560502891
Q21176979	6000000041677515036
Q21176989	6000000088958127821
Q21176992	6000000108737134020
Q21177010	6000000102219585844
Q21177020	357706548120004975
Q21177022	6000000017166792712
Q21177229	6000000011283344586
Q21177512	6000000020732070754
Q21177524	6000000029383863519
Q21177535	6000000019939836707
Q21177550	6000000011650023288
Q21177555	6000000016828742431
Q21177561	6000000048848439014
Q21177567	6000000084751589495
Q211776	6000000017737557120
Q21177995	6000000178469395341
Q2117824	6000000024484188029
Q211785	6000000028278892808
Q211787	6000000029788489098
Q2117878	305773446740006460
Q21179195	363625264060013419
Q2118101	6000000112994442859
Q21181280	6000000022767963271
Q21182071	6000000180095066830
Q2118239	6000000165983254719
Q21182510	6000000031360981574
Q21182526	6000000183836744846
Q21182531	6000000120419795831
Q2118269	6000000118268484871
Q21182761	6000000012410436757
Q21182772	6000000003077421678
Q21182809	6000000012708255066
Q21182858	6000000000914505397
Q21182878	6000000061181905106
Q21182886	6000000003408651111
Q21182976	6000000005077160509
Q21182991	6000000003615495412
Q211831	6000000015132528148
Q21183534	6000000008679167740
Q211840	6000000002713659661
Q211856	6000000026439172726
Q2118568	6000000083516598444
Q21185975	6000000015763531777
Q21186	6000000016694796358
Q211876	6000000060321904893
Q211890	6000000017800809067
Q2118931	6000000151356800918
Q2118968	6000000053198070821
Q21189946	6000000012913333230
Q21189951	4154117356510024508
Q21191280	6000000022768000192
Q21191324	6000000056923413915
Q2119154	6000000034208658723
Q21191691	6000000149533225822
Q21192027	6000000042147316860
Q21192221	6000000008521464515
Q21192227	6000000116875982883
Q21192305	6000000001727223579
Q21192309	6000000001727223568
Q21192391	5477593861470056627
Q21192421	6000000034967116236
Q211940	6000000041624351644
Q21196625	6000000077132595030
Q21196716	6000000058849481834
Q21196730	6000000027755731371
Q21196737	6000000163418697038
Q21196743	6000000112421269869
Q21196745	6000000145233932854
Q21196752	6000000069162690821
Q21196756	6000000069162295945
Q21196820	6000000069187693944
Q21196923	6000000052352311952
Q21196996	6000000031240654129
Q2119700	6000000208601376857
Q21197255	6000000019807199021
Q21197435	6000000001538266851
Q21197445	6000000009107961625
Q21197546	6000000050605719511
Q21197634	6000000077302110879
Q21197908	6000000025706344540
Q21197961	6000000008379447475
Q21198016	6000000079386324026
Q21198292	6000000011051202772
Q21198339	6000000011284230215
Q21198357	6000000061265195848
Q21198364	4110941077220078889
Q21198367	6000000011549272636
Q21198408	6000000019818937686
Q21198503	1198533
Q21198546	308597814930006476
Q21198561	6000000011871869897
Q2119859	6000000026076919293
Q211987	6000000012864227374
Q21199189	6000000127652673861
Q2119928	6000000003813325333
Q211998	6000000087660672045
Q2119983	6000000012418025086
Q212002	6000000029764125731
Q21200763	6000000024030437883
Q2120116	6000000039989844039
Q212015	6000000026205755839
Q2120248	6000000031948929068
Q212026	6000000076200945842
Q2120286	6000000008309718379
Q21203475	6000000077207997864
Q2120467	6000000070398376443
Q212048	6000000022016611760
Q21205479	6000000152696695119
Q2120626	6000000028220781640
Q212064	6000000018813145605
Q2120678	6000000043364437991
Q212068	6000000015762488215
Q21206990	6000000163582018919
Q21207283	6000000141039263863
Q21207325	6000000001802329845
Q21207347	6000000016282581127
Q21207371	6000000111089645879
Q21207392	6000000140689118868
Q21207402	6000000069651830342
Q21207492	6000000157323331859
Q21207497	6000000035191854528
Q21207565	6000000178373656934
Q21207569	6000000140797351822
Q21207577	6000000175309671790
Q2120765	6000000175539177864
Q21207656	6000000166200711845
Q21207827	6000000015164429018
Q21207877	6000000156210759845
Q21207886	6000000136813806953
Q21207926	6000000010565446265
Q21208010	6000000156204090436
Q21208046	6000000011079980862
Q21208093	6000000142893811863
Q212081	6000000002764975862
Q21208108	6000000136816966821
Q21208134	6000000145232967125
Q21208148	6000000009485603767
Q21208259	6000000163839948001
Q21208267	6000000177969954834
Q21208270	6000000140213386249
Q21208353	6000000071865944883
Q21208430	6000000145402290821
Q212085	6000000025614043927
Q21208625	6000000003262865740
Q21208662	6000000145519789869
Q21208691	6000000156862273970
Q21208742	6000000143822513822
Q21208788	6000000145525096003
Q21208798	4693746
Q21208811	6000000178260261829
Q21208837	6000000178260995828
Q21208848	6000000052652613885
Q21208851	6000000163456210822
Q21208934	6000000043932841223
Q21208975	6000000017362106660
Q21209	6000000012003611773
Q21209057	6000000011457602697
Q21209130	6000000144810440067
Q21209140	6000000163184736881
Q21209148	6000000053128404917
Q21209149	6000000089392242890
Q2120917	6000000147314106829
Q21209176	6000000184155101836
Q21209184	6000000144812635954
Q21209258	6000000060189166081
Q21209261	6000000044536471840
Q21209272	6000000015734895837
Q2120953	6000000148654824928
Q2120985	6000000078552947276
Q2120989	6000000011426379445
Q2121062	6000000036236911938
Q2121085	6000000114474935947
Q2121097	6000000010103805688
Q2121142	6000000025849832983
Q2121224	6000000003779455135
Q2121595	4434148464750034162
Q212163	6000000002101038767
Q212173	6000000020154755535
Q2121731	6000000166187604958
Q212178	6000000007042038279
Q2121910	6000000033584369364
Q21219809	6000000105043574821
Q212216	6000000020151593463
Q212224	6000000079712863835
Q212230	6000000017415035075
Q2122355	6000000180323156851
Q212236	6000000008708513204
Q212258	6000000042930553452
Q2122623	6000000005599165730
Q2122651	6000000018747521545
Q2122664	6000000025358609719
Q2122774	6000000049849455364
Q2122790	6000000063005979870
Q21228057	6000000011148064417
Q212286	6000000007882092093
Q2122924	6000000010008397119
Q2122951	6000000025916870635
Q212312	6000000082528800054
Q2123140	6000000019299797723
Q21231803	6000000037011999413
Q2123295	6000000017939023342
Q2123450	6000000007887596329
Q2123456	6000000025621886266
Q2123468	6000000043605737003
Q212353	6000000038629348965
Q212359	6000000019371296607
Q212359	6000000186280571960
Q21236181	6000000013143511308
Q2123643	6000000013640179964
Q2123813	6000000010682988926
Q2123845	6000000029822669362
Q2124	6000000014091153556
Q2124089	6000000038606470995
Q2124153	6000000084232171691
Q21242646	6000000002447361932
Q2124270	6000000017571558715
Q21242988	6000000012759461913
Q2124386	6000000059561456578
Q2124432	6000000009266976163
Q21245015	6000000010863409814
Q21245358	6000000003353049168
Q2124593	6000000017498116103
Q2124643	6000000198591228835
Q212466	6000000010443461651
Q2124690	6000000036234202445
Q2124740	6000000015742095957
Q2124841	6000000024434711290
Q212496	6000000104669000984
Q2124963	6000000001504571638
Q212499	6000000001209819106
Q2125	6000000025723318345
Q212506	6000000032116978135
Q21250746	6000000002740836238
Q2125168	6000000017474769417
Q212518	6000000009746808299
Q2125195	6000000012101909046
Q212523	6000000033447442168
Q212524	1472846
Q212531	6000000015085945953
Q212532	6000000058505743874
Q212535	6000000020471551300
Q212545	6000000008670445587
Q212550	6000000009697369361
Q2125619	6000000172663557494
Q2125629	6000000033387002187
Q21257887	6000000023026884643
Q21257985	6000000009988071887
Q21257990	6000000002931582892
Q2125811	6000000081838141827
Q21258137	6000000006733263273
Q2125886	6000000071898519024
Q212589	6000000007274115352
Q21259354	6000000017478528542
Q21259744	6000000086839957963
Q21259779	6000000019544278133
Q21259793	6000000017894232700
Q2126012	5685410413000076714
Q2126189	6000000037534807765
Q21262116	6000000006444402713
Q21262753	6000000073302549931
Q212632	6000000024860211658
Q212639	6000000054005720217
Q21263900	6000000044547739669
Q2126448	6000000067947259912
Q212648	6000000012599940319
Q212653	6000000081759504934
Q212657	6000000053196188890
Q2126571	6000000013246878390
Q212679	6000000023695117532
Q2126803	6000000001528687610
Q212692	6000000010129576405
Q2126964	6000000048648026864
Q2126987	6000000010584708225
Q212700	6000000017895050222
Q2127013	6000000033960167825
Q2127030	6000000093561731970
Q2127059	6000000194812555916
Q2127119	6000000017137957154
Q212719	6000000027510953826
Q21272287	6000000006727823308
Q212727	6000000002061701335
Q21272895	6000000005598815150
Q212730	6000000006446546032
Q212733	6000000011450736243
Q212738	6000000045704581606
Q2127409	6000000178094303829
Q21274944	6000000021041524925
Q21274948	328127947160004655
Q212751	6000000009853671351
Q212754	6000000095067677889
Q212762	6000000011451739838
Q2127706	6000000008700980371
Q2127710	383495183400013531
Q212772	6000000051274437859
Q2127759	6000000018212956675
Q2127807	6000000031283044138
Q2127831	6000000068013814951
Q2127872	6000000018579719178
Q212790	6000000063928352281
Q21279020	6000000006268432030
Q21279163	6000000009625121937
Q21279578	6000000003005087701
Q21280558	5145427783060073873
Q21280621	6000000008183447571
Q21280621	6000000094833997828
Q21280639	6000000020894996444
Q21280708	6000000039508779386
Q21281143	6000000011337452362
Q21281349	6000000030663554039
Q21282238	6000000065272213821
Q21282363	6000000031905797822
Q21282625	6000000010887077930
Q21282907	6000000019527326433
Q21282919	6000000021394623919
Q21283028	6000000012015243824
Q21283223	6000000168494119931
Q21283242	6000000034385132735
Q2128339	6000000032213501150
Q2128348	6000000016747416055
Q2128520	6000000055978744872
Q2128553	6000000010501622911
Q2128607	6000000006856267935
Q21286081	6000000016118053946
Q2128641	6000000015896727424
Q21286522	6000000145527133042
Q212873	6000000008549932164
Q21287881	6000000094505142821
Q212879	6000000015782324785
Q21288109	5483536900290067326
Q21288149	6000000120621675259
Q21288181	6000000179028297078
Q21288189	6000000183576207012
Q21288211	6000000018605801856
Q21288236	6000000000958505844
Q21288268	6000000018496685790
Q21288279	6000000151852415821
Q21288507	6000000080336931251
Q21288514	6000000070687244155
Q21288517	6000000016144738794
Q2128852	6000000017201451640
Q21288564	6000000070008495879
Q212886	6000000008210236882
Q21288630	6000000007417883861
Q21288660	6000000011010576381
Q21288815	6000000022701616970
Q21288852	6000000037815248582
Q21288904	6000000193012472824
Q21289037	6000000010961739869
Q21289106	6000000024687082004
Q21289176	6000000094493574939
Q21289180	6000000092732614041
Q21289185	6000000014324614956
Q21289299	6000000013756281935
Q21289439	6000000015541106140
Q21289557	6000000041776670072
Q2128966	6000000060178052137
Q21289661	6000000027563395455
Q212897	6000000003193718943
Q21289743	5027507141540050670
Q21289769	6000000073046725063
Q21289843	6000000029558219998
Q21290054	6000000011058538205
Q21290091	6000000019224593514
Q21290098	6000000019419950765
Q21290123	6000000001435502892
Q21290124	6000000021809981471
Q21290129	6000000060614427870
Q21290134	6000000087451912883
Q21290138	6000000137864113839
Q21290264	6000000017827130555
Q21290333	6000000205529186835
Q2129037	6000000091144062273
Q212906	6000000051012750953
Q21290605	6000000104713419861
Q21290650	6000000179627802827
Q21290770	6000000179956745848
Q21290794	6000000077754278993
Q21290850	6000000000626529665
Q21290875	6000000021007697927
Q2129109	6000000013267705219
Q2129135	6000000125195616884
Q2129154	4992828366890112117
Q21292854	6000000032842443412
Q2129318	6000000009216884548
Q2129325	6000000058001755938
Q21293279	6000000003647087388
Q21293346	6000000047142359838
Q21293352	6000000080626906133
Q21293405	6000000017534925781
Q2129346	5602819452830028312
Q21293770	6000000086197640935
Q2129446	6000000041449480354
Q21294667	6000000008115901504
Q21294694	6000000012612557501
Q2129476	6000000018604149761
Q21294823	6000000009988490056
Q2129508	6000000013702826398
Q2129510	6000000002188399282
Q212957	6000000018841958481
Q21296055	6000000047890515362
Q21296182	6000000070295210272
Q212963	6000000009412275379
Q21296536	6000000183169546821
Q2129660	6000000124278727833
Q2129674	6000000038764871878
Q21296938	5286696661850123094
Q2129706	6000000010806589276
Q2129731	6000000041449360840
Q21297494	6000000015354077339
Q2129780	6000000073629553884
Q2129787	6000000054427803919
Q212979	6000000015874863916
Q2129825	6000000087903864051
Q2129881	6000000026223665002
Q2129903	6000000006581822053
Q212993	6000000046189259838
Q213001	6000000008735786316
Q213004	6000000050134628951
Q213007	6000000136773027862
Q2130178	6000000189649602826
Q213027	6000000006376093098
Q2130317	6000000067376644964
Q2130407	6000000066682030834
Q2130514	6000000001366536713
Q2130610	6000000009936043844
Q2130664	6000000007724375520
Q2130722	6000000009611085592
Q21307560	6000000006973180022
Q213076	6000000017837291133
Q2130783	6000000046292579235
Q213082	6000000014212245157
Q2130921	6000000092806721980
Q21309227	6000000023210341030
Q2131117	6000000019859126311
Q213122	6000000003055334144
Q21312268	6000000157575890991
Q2131247	6000000080001206321
Q213125	6000000017316525022
Q2131264	6000000037631613973
Q2131266	6000000021359540682
Q2131273	6000000008459481093
Q2131313	6000000029063542114
Q2131329	6000000017201535702
Q2131405	6000000074445387827
Q2131415	6000000043109451886
Q2131468	6000000049956464824
Q213150	6000000036653392413
Q213163	6000000038866794722
Q2131670	6000000004543589118
Q213195	6000000002777315362
Q2132476	6000000179126041846
Q2132497	6000000070862607057
Q2132548	6000000080655763341
Q2132678	6000000008859042859
Q21328388	6000000147762532002
Q21328398	6000000028402087256
Q21328429	6000000062101869341
Q2132893	6000000055077893821
Q21329045	6000000113922369839
Q21329103	6000000181350946866
Q21329159	6000000141063330827
Q2132941	6000000006727867629
Q213302	6000000009919714130
Q21332482	6000000016113816058
Q2133313	6000000070764063412
Q2133371	6000000015852821054
Q2133393	6000000017470370173
Q213346	6000000008332914369
Q2133476	6000000079549921969
Q21334864	6000000073633896840
Q213355	6000000000941352288
Q213374	6000000017549480413
Q21337636	6000000066172369821
Q21337676	6000000187414324855
Q2133790	6000000018171710416
Q2133790	6000000176338400960
Q21338114	6000000201304129821
Q21338216	6000000031663280160
Q21338281	6000000013711534217
Q21338343	6000000039980263949
Q21338441	6000000036655144561
Q21338456	6000000039595723528
Q21338565	6000000008004504397
Q2133859	6000000005593015330
Q21338625	6000000194556310834
Q21338645	6000000026506998681
Q2133872	6000000080363024851
Q21339133	6000000000475182074
Q2133926	6000000015451493004
Q213393	6000000006596146064
Q21339496	6000000153877091824
Q21339649	6000000025847478259
Q21339784	6000000076369123615
Q2133979	6000000023250094029
Q21339817	6000000009544080737
Q21339928	6000000071140206878
Q2133994	6000000041994240451
Q21340018	6000000052248543853
Q2134004	6000000000307280970
Q2134007	6000000008319129989
Q2134012	6000000014119362709
Q21340188	6000000063790462826
Q21340353	6000000090057186836
Q21340599	6000000003046192512
Q2134060	6000000009984195965
Q2134062	6000000024892488983
Q2134064	6000000002070817363
Q21340725	6000000017895639244
Q21340749	6000000013416554457
Q21340758	6000000010400163726
Q21340976	6000000089664485867
Q21341086	6000000015224440897
Q2134114	6000000021049000278
Q2134139	6000000026176612821
Q21341532	6000000024278173869
Q21341562	6000000077436641991
Q21341616	6000000002817310589
Q21341748	6000000025742366477
Q21341980	5408822602280045015
Q2134235	6000000184305571825
Q213425	6000000014911340564
Q2134262	6000000001910802716
Q2134273	6000000003607547591
Q2134275	6000000144759835135
Q213430	6000000003633686731
Q2134319	6000000036183802324
Q2134447	6000000000667270560
Q213447	6000000005087270141
Q21344798	6000000019551027485
Q2134508	6000000010452026325
Q2134553	6000000057436584821
Q2134591	6000000033534192425
Q2134620	6000000017694533627
Q2134696	6000000009629229967
Q2134737	6000000069796211930
Q213482	6000000040579705382
Q2134925	6000000015962917334
Q213500	6000000033090541352
Q213504	6000000029304701942
Q213512	6000000008898913895
Q2135137	6000000012419417584
Q213518	6000000006870592057
Q213520	6000000024755758890
Q213521	6000000007888877308
Q213525	6000000014064011421
Q213526	6000000049032846955
Q213527	6000000003243691540
Q213530	6000000029100017951
Q213533	6000000002188420255
Q213535	6000000018398732997
Q213537	4596908065430022455
Q213538	6000000178426540822
Q213542	6000000019450460282
Q213545	6000000009367311187
Q213546	6000000136537801833
Q213547	6000000181102104897
Q213549	6000000036483640327
Q213550	6000000015742172128
Q213553	6000000181278591858
Q213558	379305623890012560
Q213567	6000000024131222502
Q213569	367939036400011143
Q213570	6000000038559653071
Q213573	6000000001546854033
Q213574	6000000004590916930
Q213579	6000000036577337039
Q2135793	6000000039665971879
Q213581	6000000015505945361
Q2135840	6000000082747135946
Q213585	6000000075499394821
Q213589	6000000032835444440
Q213592	6000000016960156429
Q213595	6000000039966960847
Q2135954	6000000008548581738
Q213596	6000000017116542866
Q213597	6000000001816775137
Q2135973	6000000009666863001
Q2135978	6000000028614545720
Q213601	6000000000632007349
Q213610	6000000004025620094
Q213611	6000000022256696125
Q213613	6000000023754616792
Q213618	6000000003446589646
Q213619	6000000006900787170
Q213620	6000000077853318125
Q2136222	6000000022756072599
Q213625	6000000000707451124
Q213626	6000000008593914494
Q213628	6000000000727445550
Q213630	6000000003580980639
Q213632	6000000053346586970
Q213635	6000000000645421453
Q213637	6000000029557269213
Q2136376	6000000040342231378
Q213645	6000000021494136164
Q213648	6000000042238184941
Q2136491	6000000013717357086
Q2136530	6000000020191327895
Q213658	6000000003219727296
Q213664	6000000054940123901
Q213667	6000000015393252134
Q213668	6000000033022299949
Q21366807	6000000019255328122
Q213671	6000000003219727725
Q213672	6000000008376405743
Q213674	6000000020814811770
Q213675	6000000113807044859
Q213677	6000000003446571597
Q213680	6000000011127127353
Q213681	6000000019843634447
Q213688	6000000017395265531
Q213690	6000000054074434984
Q213692	4760501467940073096
Q213693	6000000015937941767
Q213696	6000000001504306650
Q213698	4284798163470059518
Q213700	6000000077654660229
Q213701	6000000120131722860
Q213703	6000000165097823836
Q213706	6000000029577034051
Q213708	6000000000307247993
Q213709	3069548
Q21370981	6000000027946229227
Q213712	6000000179903952856
Q213715	6000000002188420371
Q213716	6000000003616696191
Q213720	4276914716400033853
Q213721	6000000015178149618
Q213722	6000000004097582457
Q213724	6000000011904707865
Q213726	6000000167073500841
Q2137291	6000000000701225534
Q213732	6000000019024353062
Q213735	6000000038238213498
Q213737	6000000016575424824
Q213742	6000000018398682469
Q213744	6000000016509568196
Q213745	6000000032159666154
Q2137451	6000000024281157863
Q213750	6000000004236083624
Q213751	6000000035444950393
Q213755	6000000026886981945
Q213756	6000000002188479778
Q213757	6000000013375248532
Q2137581	6000000015217157752
Q213759	6000000005598801953
Q213760	6000000012415365521
Q213764	6000000036875599691
Q2137646	6000000031368127285
Q213766	6000000016278804031
Q2137702	6000000024988866396
Q213772	6000000058762892894
Q213775	6000000011190538759
Q213778	6000000136825102891
Q213779	6000000029531050953
Q213781	6000000023794268195
Q213784	6000000010722960652
Q213786	6000000135659887971
Q213789	6000000022190409529
Q213793	6000000072179073298
Q2137932	6000000175657106884
Q213794	6000000016483959392
Q213795	6000000026617580386
Q2137958	6000000015974097473
Q2137968	6000000018000456780
Q213797	6000000002188399697
Q2137976	6000000039415576010
Q213799	6000000002764498450
Q2137993	6000000028021927922
Q2137995	6000000076280056997
Q2138025	6000000017184836857
Q213806	6000000011733251247
Q2138061	6000000014027662975
Q2138088	6000000017766354776
Q213811	6000000176492991831
Q213812	6000000012977177149
Q213815	6000000013270074795
Q21381620	6000000009253724054
Q213817	6000000004106310208
Q2138235	6000000178253032822
Q213828	6000000136529487823
Q213829	6000000026976899777
Q213835	6000000000006881327
Q21384884	6000000006902602056
Q213851	6000000011205674986
Q213852	6000000014675830725
Q213855	6000000080769105924
Q213859	6000000036354932437
Q213861	6000000042310287290
Q213864	6000000019914171734
Q213865	6000000177093520824
Q2138661	6000000018923824046
Q213869	6000000001599349223
Q213870	6000000173847335023
Q2138700	6000000021026479471
Q213871	333548762150012691
Q2138715	338595571000012861
Q2138720	6000000017182938471
Q21387488	6000000206760967824
Q21387666	6000000044665919821
Q21387770	6000000053031796991
Q2138787	6000000052259587039
Q213879	6000000045289128897
Q213880	6000000066488310922
Q2138819	6000000027269939456
Q21388265	6000000000278702580
Q21388331	6000000206633432823
Q21388426	6000000012699615810
Q21388518	6000000044424788395
Q213886	6000000125398159186
Q213888	6000000000632193262
Q213890	362848290280004787
Q213892	6000000038609211883
Q2138927	6000000013083291608
Q2138933	6000000020034097634
Q213894	6000000033748243837
Q213900	6000000013441877818
Q21390031	6000000125227900992
Q21390150	6000000208688820840
Q2139041	6000000115249807882
Q213905	6000000036130870156
Q21390508	6000000102620885900
Q21390538	6000000058317635535
Q21390656	6000000029226434840
Q213909	6000000081428354128
Q21391058	6000000068789375836
Q21391072	6000000024393905344
Q21391171	6000000000875606945
Q213913	6000000009639578394
Q213914	6000000000546752649
Q21391556	6000000008201973337
Q21391882	6000000206633259869
Q21392161	6000000066656795978
Q21392177	6000000016424759593
Q213922	6000000047479324968
Q21392229	6000000024448597406
Q213925	6000000050239069891
Q21392809	6000000031162027920
Q213931	6000000175035440143
Q21393144	6000000001752975125
Q213933	6000000058026212988
Q21393343	6000000077071658081
Q21393358	6000000038431649326
Q213937	6000000020912697658
Q213939	6000000030369282842
Q21393908	6000000002764431572
Q213943	6000000010361874487
Q2139434	6000000022770570578
Q21394349	6000000021915831966
Q213954	6000000024142300630
Q213955	6000000002192160410
Q213956	6000000007274394994
Q21395892	6000000017973058722
Q21395896	6000000003661187270
Q21395902	6000000085643967886
Q21395904	6000000070084441311
Q21396320	6000000008749746013
Q213964	6000000011634550989
Q213966	6000000094076528882
Q213969	6000000057916558998
Q213973	6000000033113363184
Q213976	6000000002802583422
Q213978	6000000019391679301
Q213981	6000000016147204399
Q213983	6000000038479170927
Q2139894	6000000046898737938
Q213990	6000000013102118055
Q213993	6000000031533626394
Q2139948	6000000017306484414
Q2139951	6000000084231743301
Q213996	6000000012910194534
Q214006	6000000032854774405
Q214008	6000000017443916377
Q214009	6000000012996797635
Q214010	6000000013042388438
Q2140106	6000000176755830128
Q2140119	6000000000769944509
Q214012	6000000087644206896
Q21401800	319572804350004177
Q21401815	6000000003579624644
Q2140182	6000000091842462878
Q21401822	6000000015073229670
Q2140187	6000000022277355769
Q21401958	6000000001490426332
Q21402010	6000000065667061848
Q21402340	6000000002890080664
Q214024	6000000084421718961
Q214029	6000000000575263477
Q21403361	6000000015315146269
Q21403371	6000000003403263500
Q21403394	6000000023110940159
Q214035	6000000180546516875
Q214040	6000000005599082488
Q214042	6000000019057769912
Q214043	6000000031378123415
Q2140439	6000000035153876655
Q214044	6000000002188470282
Q214050	6000000005598992716
Q21405712	6000000002713496261
Q214062	6000000093276625511
Q21406296	6000000123764594905
Q214063	6000000016027564969
Q214066	6000000012689485290
Q214068	6000000015906924247
Q214071	6000000026761272485
Q214073	6000000046623435109
Q214076	6000000002662955062
Q214076	6000000012420812114
Q21408244	6000000003940426947
Q2140826	6000000009963283417
Q214083	6000000020911007607
Q214085	327474676990005320
Q214087	6000000119022901969
Q2140932	6000000103225240858
Q21409336	6000000035707345856
Q214095	6000000031838278216
Q2140984	6000000101027369000
Q2141029	6000000051427223829
Q214106	6000000034900723118
Q214108	6000000009639606230
Q214110	6000000026711772871
Q2141137	6000000026921334978
Q214114	6000000002764431306
Q2141141	6000000016316712639
Q2141143	6000000026911192173
Q2141156	6000000019488815344
Q214116	6000000179217573825
Q214119	6000000145762322996
Q214120	6000000172076363207
Q2141234	6000000078487664043
Q214128	6000000010279482874
Q214129	6000000002765843950
Q214131	6000000162014229886
Q214133	6000000009375955986
Q2141353	6000000011494114305
Q214138	6000000007984244619
Q214141	5220280799490112716
Q214144	6000000025845308201
Q214147	6000000173153762873
Q214149	6000000068003412840
Q2141508	6000000010047885664
Q21415580	6000000018934663465
Q21415588	6000000020218875960
Q21415592	6000000014705116512
Q21415595	6000000019021236268
Q214156	6000000028334272246
Q21415620	6000000180861508852
Q21415670	6000000064869171824
Q21415821	4641506
Q21415838	6000000015560919522
Q21415853	6000000008918217091
Q21415865	6000000182223163863
Q21415873	6000000023234183856
Q21415907	4241666727730124024
Q21415969	6000000013965464902
Q21415972	6000000012241735477
Q21416027	6000000016455460529
Q2141610	6000000023937662043
Q21416100	6000000027528099741
Q21416124	6000000013492903136
Q2141618	6000000018118227247
Q2141639	6000000013649046814
Q21416512	6000000039929779499
Q214167	6000000037605713205
Q214171	6000000024959116577
Q214186	6000000002188402771
Q21418749	6000000081597619879
Q21418936	6000000047446378018
Q214191	6000000013529987245
Q2141930	6000000000171331365
Q2141938	6000000019360101369
Q214198	6000000009312500713
Q214202	6000000028318606383
Q214206	6000000003667977563
Q214207	6000000073201925915
Q2142083	6000000038309576118
Q214209	6000000029342804423
Q214210	6000000056808715921
Q2142124	6000000009028838314
Q21421315	6000000012107313425
Q2142133	6000000016881764004
Q21421335	6000000032165878537
Q2142140	6000000018967110736
Q214216	6000000004212631039
Q214217	6000000003425254200
Q214222	6000000002765848425
Q214223	6000000069289104009
Q214228	6000000000589128357
Q2142312	6000000008252018348
Q214235	6000000024874252237
Q2142370	6000000145594242847
Q214241	6000000002866734994
Q214243	6000000025861480877
Q214245	6000000076489006010
Q214247	6000000027689066847
Q214249	6000000181047655855
Q2142506	6000000020758141840
Q214256	6000000023411515895
Q214258	6000000030663603203
Q2142581	6000000083456737861
Q2142619	6000000066370795176
Q2142767	6000000017503174623
Q214277	6000000019413572352
Q214279	6000000002361917914
Q2142803	6000000079419024085
Q21428223	356728443230013469
Q2142823	6000000047192911237
Q214283	6000000018802953498
Q214285	6000000066371229830
Q214286	6000000005598932761
Q214289	6000000013116045506
Q2142943	6000000033421362173
Q2143050	6000000182710596840
Q2143075	6000000015208592146
Q2143077	6000000141014004030
Q214309	6000000011324059283
Q214310	6000000035989031032
Q214311	6000000020592921485
Q214312	6000000057451017927
Q214316	6000000033787185380
Q214317	6000000040689039803
Q2143172	6000000027867271389
Q214318	6000000051710743898
Q214321	6000000010958695716
Q214322	6000000030178690960
Q214324	6000000057412951862
Q2143292	6000000023250116315
Q214331	6000000017071056179
Q21433424	6000000128958089834
Q214335	6000000046892451861
Q2143377	6000000158828937821
Q2143379	6000000090740044881
Q214340	6000000016469459965
Q214345	6000000011388122653
Q214352	6000000002076485800
Q214359	6000000114263360831
Q214360	6000000002764344147
Q2143613	6000000180291482825
Q214367	6000000016034838803
Q2143720	4942709294960041989
Q2143746	6000000018689672121
Q214375	6000000085265803595
Q2143754	6000000010731899857
Q214381	6000000029879817093
Q214385	6000000002802128151
Q214391	6000000002764926373
Q214394	6000000006769616802
Q214397	6000000035972886550
Q2143976	6000000070195274852
Q214400	6000000015644172529
Q214406	6000000016064319098
Q2144102	6000000031769709275
Q214411	6000000001813511179
Q214413	6000000019842160238
Q214416	6000000021805090909
Q214424	6000000002188466020
Q214427	6000000014535173607
Q214431	6000000067390768910
Q214433	6000000181292328825
Q214438	6000000014608108762
Q2144399	6000000056542068157
Q2144427	6000000025068329446
Q2144449	6000000088483486823
Q2144468	6000000156881179111
Q214452	6000000034769998936
Q21445250	6000000017486668043
Q214454	323616944770005430
Q2144544	6000000001326283826
Q214461	6000000015578745969
Q21446277	6000000169007964839
Q214465	6000000035063808592
Q214466	6000000015701291293
Q214473	6000000022494415102
Q2144762	378955658110012388
Q214477	288521307580004522
Q21448164	6000000067818033875
Q214484	6000000135550397855
Q214487	6000000021930821996
Q2144892	6000000024076527747
Q21449299	6000000050502196950
Q214493	6000000007014475395
Q2144944	6000000033644149241
Q214497	6000000061827653021
Q214501	6000000012501753824
Q214511	6000000000153514885
Q214512	6000000180678802821
Q21451940	6000000013786826986
Q21452104	6000000018853405202
Q214525	6000000019832238221
Q2145272	6000000008187691460
Q21452841	6000000032472071418
Q21452986	6000000009887517885
Q214530	6000000017153815467
Q214531	6000000020320718674
Q214537	6000000118340598821
Q21454039	6000000030315338158
Q21454132	6000000138331078821
Q214545	6000000003186112065
Q214546	6000000173936368907
Q21454720	6000000000989294737
Q214548	6000000017864657014
Q214549	6000000000152401497
Q21454967	6000000019499749428
Q214550	6000000002713656740
Q21455025	6000000052242348055
Q21455055	6000000016386512373
Q21455131	6000000036675782237
Q21455270	6000000053797417987
Q21455346	6000000002188389170
Q21455412	6000000006999199464
Q21455418	6000000105273404850
Q21455613	6000000031109353918
Q214557	6000000020759900463
Q21455809	6000000014745201058
Q214560	6000000025141052744
Q21456004	6000000018040907623
Q21456278	6000000114804680883
Q214563	6000000020895721470
Q2145635	6000000050936824942
Q2145637	6000000028672832358
Q214564	6000000131530144037
Q214565	6000000009914602181
Q214566	6000000002764431651
Q21456761	6000000010878534206
Q214569	6000000031410766556
Q21457114	6000000034648207876
Q21457114	6000000041029303247
Q21457220	6000000027968137011
Q214576	6000000038852359703
Q21457698	6000000158234286821
Q21457766	6000000198965778861
Q21457821	6000000077282402082
Q21457838	6000000024832050451
Q214579	6000000173636051996
Q21457916	6000000044649142921
Q21458066	6000000026351081894
Q214581	6000000037150779733
Q214582	6000000014686370393
Q214583	6000000006569766481
Q21458321	6000000210103187829
Q21458510	6000000023253471710
Q214586	6000000025151787835
Q21458603	6000000048494987250
Q21458830	6000000023939958715
Q2145886	6000000041323909316
Q21458908	6000000034457759756
Q21459005	6000000156627623834
Q21459042	6000000008382360537
Q21459443	6000000001877508112
Q214595	6000000135638817861
Q2145950	6000000019935209008
Q21459559	6000000013217754330
Q21459682	6000000013340650875
Q21459810	6000000013283513973
Q21459886	6000000035504926260
Q21459913	6000000015857116980
Q21459928	6000000036438921094
Q21459945	6000000041426017631
Q21459984	6000000014147566288
Q21460038	6000000013096802303
Q214601	6000000018757093319
Q21460156	6000000035505064419
Q2146060	6000000020172748659
Q214608	6000000055460182075
Q21460819	6000000140040094451
Q21461036	6000000006563284494
Q214611	6000000019098718370
Q21461119	6000000037123720751
Q21461293	6000000027375579245
Q2146136	6000000040611416205
Q21461410	6000000018880081888
Q21461427	6000000018911675993
Q21461431	6000000014655347072
Q21461447	6000000063649253851
Q214617	6000000000453290578
Q2146176	6000000024363298549
Q2146201	6000000034644447610
Q214622	6000000024641630472
Q214623	6000000057126447148
Q21462317	6000000007068914499
Q21462404	6000000044288048996
Q21462432	6000000175755683828
Q21462457	6000000125976563134
Q21462622	6000000022809499474
Q2146314	6000000065616607997
Q21463184	6000000052517213860
Q21463242	6000000026701139615
Q21463256	6000000009915002113
Q2146333	6000000202956452826
Q21463828	6000000025596327917
Q214642	6000000010230069615
Q21464233	6000000111899165998
Q21464496	6000000005613956324
Q21464611	6000000029902422493
Q214647	6000000177471025096
Q21465111	6000000018432854746
Q21465149	6000000085760186059
Q214652	6000000027009983055
Q2146529	6000000027378243225
Q21465581	6000000050740245929
Q214656	6000000028413916116
Q2146563	6000000067077460942
Q21465886	6000000034647333132
Q21465886	6000000041029372194
Q21465892	4965907285420126058
Q21465982	6000000002764677427
Q21466086	6000000039797396693
Q21466236	6000000026040768124
Q21466313	6000000042003658316
Q21466419	6000000008849002066
Q214665	6000000068371049875
Q21466532	6000000042215220134
Q214666	6000000004398539523
Q214667	6000000007398990052
Q2146738	6000000027448410877
Q214676	6000000023494903913
Q214677	6000000016266515948
Q214682	6000000029830374161
Q21468290	6000000074867524821
Q21468429	6000000001972523008
Q214686	6000000013261817275
Q214697	6000000019668829116
Q21470247	6000000038865283722
Q21470247	6000000130169748823
Q21470300	6000000000065352982
Q214704	4112341
Q2147070	6000000001292190575
Q2147074	6000000000043491909
Q2147248	6000000031432319164
Q214727	6000000059270131035
Q21472854	6000000002248090948
Q21472857	6000000184681136906
Q214729	6000000052302000247
Q214730	6000000006843012238
Q21473178	6000000175182416333
Q21473257	6000000015139342919
Q21474	6000000013035758372
Q21474017	6000000013419519251
Q21474216	6000000175943653238
Q214747	6000000006910678230
Q2147538	6000000058051308876
Q214758	6000000014381850540
Q214760	6000000074905704836
Q21476378	6000000027085187350
Q2147709	6000000024255209728
Q214775	6000000018978804615
Q2147797	6000000056423149889
Q21478297	6000000077131773873
Q214791	6000000133449374855
Q214792	6000000114842231268
Q21479388	6000000037580635460
Q214794	6000000007452531797
Q21479720	6000000015139246598
Q21479724	6000000018111232381
Q21479734	6000000180010433861
Q21479758	6000000017439126675
Q21479906	6000000031940026673
Q214800	6000000038299529661
Q21480046	6000000038246097836
Q21480283	6000000024080737387
Q214805	6000000090906580822
Q21480512	6000000074833857926
Q21480574	6000000038172272127
Q21480639	6000000012507668248
Q21480741	6000000031759008937
Q21481022	6000000042789865704
Q214812	6000000021985827411
Q21481212	6000000007899398558
Q214813	6000000017151439389
Q2148133	6000000036123664824
Q214815	6000000010200880953
Q214816	6000000020603403074
Q21481708	6000000022941987312
Q21481805	6000000007549179759
Q21481812	6000000067460747385
Q21482	6000000017532824128
Q214822	6000000020676612542
Q214826	6000000022935708276
Q2148272	6000000178078711828
Q214828	6000000038335360476
Q21482838	6000000001152135539
Q214830	6000000034644155915
Q214831	6000000000185996397
Q2148341	6000000171043106098
Q214836	6000000019626219770
Q21483969	6000000022639665386
Q214840	6000000013123122787
Q21484063	6000000009846308207
Q214842	6000000203511316822
Q2148432	6000000007141777310
Q214847	6000000015251480173
Q214848	6000000009431821036
Q21484998	6000000039265555048
Q21484998	6000000224021679076
Q21485006	6000000011077021186
Q21485008	6000000011434383824
Q21485009	6000000185991150248
Q21485010	6000000014091399929
Q214851	6000000029787182196
Q214852	6000000020675627634
Q214853	6000000022569737304
Q214854	6000000137559144873
Q2148541	6000000100069366896
Q2148553	6000000021440135066
Q21486025	6000000002188674389
Q21486124	6000000003095275145
Q214870	6000000023415997569
Q2148785	6000000028621570930
Q2148803	6000000115305744823
Q2148853	6000000046860820042
Q214888	6000000008816674509
Q214896	6000000024303907732
Q214901	6000000132331294838
Q2149011	6000000002882801424
Q214905	6000000007183881318
Q21490502	6000000015906146247
Q21490714	6000000082601629854
Q2149072	6000000034838216905
Q21490752	6000000073115324823
Q2149095	6000000002332666251
Q214910	6000000006914002194
Q214911	6000000014583415400
Q2149123	6000000039508395817
Q2149145	6000000017015888752
Q214915	6000000006864860988
Q2149159	6000000004590001007
Q2149168	6000000177266618844
Q214918	6000000078246862647
Q2149196	6000000034339538071
Q2149197	6000000034920066236
Q2149223	6000000018963805534
Q2149230	6000000007976043890
Q2149238	6000000124225177821
Q2149242	6000000018135637982
Q214926	6000000052589674058
Q214927	6000000177945375821
Q2149276	6000000007049572223
Q214930	6000000180590240890
Q2149366	6000000074451714918
Q2149367	6000000013050925702
Q214937	6000000080604973171
Q2149407	6000000017443908873
Q2149430	6000000089667293052
Q2149437	6000000040470585283
Q214946	6000000097508742846
Q2149469	6000000144674743021
Q214947	6000000042049383925
Q214949	6000000011171532810
Q2149508	6000000023747774651
Q2149517	6000000019239794107
Q21495338	6000000008834728983
Q214957	6000000019199354146
Q214959	6000000011791733394
Q2149592	6000000019693566264
Q2149595	6000000075847751076
Q2149596	6000000019458581772
Q2149610	6000000028972699229
Q2149625	6000000004079705421
Q214965	6000000032612513391
Q214968	6000000014339221564
Q214969	6000000032295614861
Q2149704	6000000012418015534
Q214971	6000000024320912594
Q21497208	6000000019136828978
Q2149725	6000000014745150127
Q2149736	6000000043402777875
Q21497405	6000000006719893561
Q2149749	6000000041610914781
Q2149774	6000000152717739943
Q2149791	6000000057031998822
Q2149807	6000000010722142405
Q2149840	6000000020612178935
Q2149842	6000000108557850868
Q21498504	6000000018481214251
Q214986	6000000007037324535
Q21498659	6000000031885368331
Q2149870	4873588423430060186
Q2149883	6000000001384557583
Q2149888	6000000127850268832
Q214989	6000000028048391949
Q2149899	6000000004097501310
Q2149940	6000000001802738149
Q2149947	6000000009795927796
Q2149951	6000000006408985724
Q21499545	6000000078673375659
Q21499563	6000000027182192557
Q21499576	6000000020006083628
Q21499588	6000000113304573889
Q21499612	6000000021802302392
Q21499631	6000000039815596028
Q2149965	6000000035127182833
Q2149970	6000000063331824614
Q2149976	6000000164039140901
Q214999	6000000013526639792
Q2150043	6000000015746498527
Q2150052	6000000031581430457
Q215006	6000000002765848206
Q21500778	6000000001877498501
Q2150082	6000000010663682229
Q2150086	6000000000742534863
Q21500950	6000000015324267218
Q2150117	6000000179062386866
Q21501386	6000000025358483684
Q2150145	6000000001055771241
Q215019	6000000002188425685
Q2150197	6000000081968931244
Q2150201	6000000022188826867
Q2150206	6000000032368405052
Q215021	6000000014160565266
Q215022	6000000000554164739
Q21502226	6000000010651263091
Q2150234	6000000024698550075
Q2150237	6000000001747140523
Q2150254	6000000055358092920
Q215026	6000000105015658943
Q215027	6000000002605551502
Q2150277	6000000222203355825
Q2150288	6000000009437208658
Q21502934	6000000004655062955
Q2150321	6000000071802959135
Q2150324	6000000030696377930
Q2150336	6000000034434010658
Q21503468	6000000072408781448
Q21503579	6000000140444088970
Q215036	6000000017859087308
Q2150364	6000000011854967624
Q215037	6000000173814064386
Q21503718	6000000008679466037
Q2150403	6000000001366734404
Q2150425	6000000015260060878
Q215045	6000000016103123144
Q2150467	6000000001979780564
Q2150473	6000000002927955296
Q2150490	6000000054026129821
Q2150496	6000000140175414880
Q21504990	6000000137812839860
Q21505116	6000000002742083407
Q21505309	6000000089283451957
Q21505484	6000000005957245214
Q215057	6000000013852535158
Q21505882	6000000019115410893
Q21505975	6000000061153302108
Q21506088	6000000008459814886
Q21506178	6000000006910573699
Q215062	6000000002686579327
Q2150623	6000000072393339943
Q2150625	6000000081113128198
Q2150639	6000000007193780279
Q21506395	6000000005046753843
Q2150652	6000000011229502752
Q21506587	6000000138122411965
Q21506767	6000000052003312994
Q215068	6000000024005062022
Q2150701	6000000180327197860
Q2150704	6000000015309948113
Q215072	6000000015538103962
Q2150721	6000000204032039836
Q2150722	6000000049736359821
Q215075	6000000010409186664
Q2150755	6000000008321499140
Q215079	6000000037096360381
Q2150797	6000000013476125256
Q21508077	6000000002450172130
Q2150813	6000000010144341099
Q2150827	6000000019579968059
Q2150829	6000000171523079347
Q215086	6000000004097337981
Q2150863	6000000026463532982
Q2150867	6000000212437197839
Q215087	379308109950012562
Q21508751	6000000029575531537
Q2150882	6000000074813807844
Q2150887	6000000145528478941
Q2150913	6000000007472600259
Q2150950	6000000022294972205
Q21509507	6000000036851556220
Q215099	6000000024211808414
Q2151004	6000000001745096477
Q2151007	6000000003645985053
Q21510088	6000000026039348431
Q2151014	6000000086591951859
Q2151018	6000000024679963736
Q2151031	6000000024116052302
Q2151041	6000000024438115197
Q2151044	6000000043156317412
Q21510494	6000000144979607821
Q2151074	6000000041998742622
Q21510899	6000000064110537824
Q2151122	6000000032751340764
Q215113	6000000082544892852
Q21511306	6000000205392648857
Q215115	6000000112281587167
Q21511636	6000000031902313474
Q21511660	6000000002764553650
Q21511775	6000000002684861719
Q21511883	6000000046928162536
Q215120	6000000015696436576
Q21512038	6000000003123776096
Q21512097	6000000076711979129
Q2151216	6000000117842679120
Q2151219	6000000015127479109
Q215122	6000000190719737834
Q21513207	6000000039103401572
Q21513211	6000000103466552823
Q21513235	6000000125550347821
Q215135	6000000019290694436
Q21513545	6000000003085510094
Q2151389	6000000026793728227
Q215139	6000000013151998180
Q215145	6000000004957547445
Q21514519	6000000032595076289
Q21514721	6000000144755665826
Q215148	6000000064610208845
Q215149	6000000018649634618
Q215154	6000000015241565272
Q21515533	6000000045137262834
Q21515675	6000000007269776904
Q21515772	6000000018631822437
Q215158	6000000063399713833
Q2151586	6000000016295677099
Q21515912	4755119162370023573
Q2151594	6000000040660091032
Q21516	6000000178265178847
Q21516019	6000000019479842274
Q215161	6000000081650700273
Q2151625	6000000082416584234
Q21516906	6000000088314646948
Q21517082	6000000018702409874
Q21517190	6000000176224263980
Q21517382	6000000018107073987
Q21517890	6000000175585830822
Q21518040	6000000037944684220
Q215181	6000000002764369015
Q2151825	6000000024117643715
Q21518587	6000000025067997558
Q215186	6000000009685094258
Q2151863	6000000067133939945
Q21518694	6000000015326490113
Q2151879	6000000011364690539
Q21518824	6000000070308029832
Q2151902	6000000019936102110
Q2151904	6000000174873674924
Q21519148	6000000043795573037
Q2151937	6000000000072130793
Q21519411	325774989990004832
Q21519682	6000000016514843439
Q21519685	6000000080824934307
Q21519702	6000000016436806202
Q215199	6000000008990553416
Q215201	6000000051178478552
Q21520185	6000000018114313355
Q21520204	6000000049956909909
Q21520212	6000000018039663045
Q215203	6000000010695496776
Q21520307	6000000021050437336
Q21520308	6000000054748543320
Q21520355	365556062540011610
Q21520450	6000000018114022722
Q2152064	6000000010562474857
Q21520831	6000000036725959057
Q215215	6000000000785219056
Q21521504	6000000005015622915
Q21521555	6000000029386369488
Q21521577	6000000035943632526
Q21521593	6000000017612780520
Q215216	6000000025154356486
Q21521608	6000000018736344061
Q21521696	6000000047830325847
Q215217	6000000139710239966
Q21521775	6000000057483238876
Q21521792	6000000033728953629
Q21521814	6000000033079368641
Q215219	6000000049087575032
Q21522104	6000000011851510851
Q21522224	6000000024360854989
Q21522231	6000000003418842376
Q21522286	6000000053706166839
Q21522373	3721776
Q215225	6000000002188464915
Q215226	6000000067379757174
Q21522663	6000000080821734081
Q21522939	6000000023965078641
Q21523015	6000000093521233853
Q21523112	6000000011149995426
Q2152349	6000000002188517238
Q21523537	6000000031520875234
Q21523606	6000000019756599752
Q215241	6000000002764369943
Q21524248	6000000015603492607
Q21524355	6000000003839058147
Q21524364	6000000021255570653
Q21524380	6000000011760316655
Q21524399	6000000029243628526
Q21524408	6000000120292685871
Q21524414	6000000079289640027
Q21524447	6000000110629523359
Q21524457	6000000006439895643
Q21524468	6000000106172074907
Q21524483	4099075415160021563
Q21524495	6000000150814843824
Q21524509	299490180040005471
Q21524524	6000000026230197418
Q21524532	6000000035826561232
Q21524539	6000000025930059621
Q21524573	4007581952290034679
Q215246	6000000023922095815
Q21524606	6000000001562664709
Q21524621	6000000117858860169
Q21524647	6000000008987474636
Q21524674	6000000005961568669
Q21524689	6000000011077743213
Q21524697	6000000001357375592
Q21524704	381875926370013379
Q21524715	6000000019071922196
Q21524719	6000000168068780823
Q21524724	6000000007476641554
Q21524757	6000000001661708899
Q21524761	6000000061373783222
Q21524762	6000000019897249246
Q21524770	6000000185346150871
Q21524808	6000000044583287651
Q21524833	6000000151663130836
Q21524860	6000000169802580918
Q21524908	6000000173259267987
Q21524911	6000000028352832015
Q21524921	6000000039285982604
Q21524932	6000000024846873419
Q21524945	6000000148088918837
Q21525025	6000000028401426407
Q2152508	6000000033666649647
Q215252	6000000036090769498
Q21525255	6000000181764569849
Q215253	6000000032195913429
Q215258	6000000014652126562
Q21525818	6000000023800121426
Q2152597	6000000074284429955
Q215260	6000000000692949831
Q215263	6000000045869856934
Q215275	6000000020605287127
Q2152770	6000000179665786883
Q2152773	6000000002185145271
Q21528449	6000000177031580969
Q215285	6000000017064099131
Q2152858	6000000174621172833
Q21528742	6000000041944776636
Q2152894	6000000007218463919
Q215291	6000000029937664025
Q21529726	6000000147766953923
Q215298	6000000080352170420
Q21529834	6000000002872303385
Q2153	6000000019875739369
Q215300	6000000035334671266
Q215303	6000000024428847832
Q21530779	6000000016810906181
Q21530914	6000000053118561839
Q215311	6000000024971394321
Q215314	6000000027062868341
Q21531516	6000000039322352232
Q21531517	6000000019808083056
Q21531597	6000000034205547727
Q2153171	6000000042798527180
Q21531844	6000000012988037440
Q2153206	6000000180775091833
Q21532112	6000000012607295765
Q21532178	6000000067517043081
Q2153269	6000000023245948015
Q215329	6000000003148953490
Q215333	6000000007773136526
Q215334	6000000016277807253
Q215339	6000000002767708000
Q21533902	6000000015855392532
Q215340	6000000177792626821
Q2153404	6000000019079130416
Q21534141	6000000018923410062
Q21534221	6000000008495213911
Q21534256	6000000018537462228
Q21534296	6000000081329624363
Q21534298	6000000017505424005
Q21534395	6000000037390297036
Q21534442	6000000073867366076
Q21534443	6000000070656040967
Q21534446	6000000017683183606
Q21534454	6000000176808360838
Q215345	6000000041454624125
Q215346	6000000008044287228
Q21534684	4260710
Q215347	6000000014782072978
Q215349	6000000022792608905
Q21535025	6000000001875556046
Q21535042	6000000194733529822
Q21535077	6000000091013243028
Q21535118	351853143350001386
Q21535123	6000000030982830535
Q21535129	6000000055017934117
Q21535201	6000000002304155427
Q21535249	6000000019498368739
Q21535318	6000000042207883563
Q2153541	6000000009471271886
Q215355	6000000022360752973
Q21535526	6000000014057435920
Q2153563	6000000033185873376
Q21535836	6000000003128895772
Q21535875	6000000043161663223
Q215359	6000000011715197394
Q21535952	6000000022802183746
Q21536011	6000000079144370939
Q21536086	6000000083685986613
Q21536177	6000000009526844793
Q21536227	6000000041954969854
Q21536246	5367613562030023587
Q21536255	6000000055358682905
Q21536290	6000000026008963528
Q21536355	6000000001608935097
Q215364	340201172970010680
Q21536469	6000000010811448543
Q21536476	6000000017566625553
Q21536554	6000000076114929956
Q215366	6000000008471456239
Q21536609	6000000075293845996
Q21536620	6000000069562543956
Q21536870	6000000003905742233
Q215369	6000000075769358049
Q21536995	6000000007401595306
Q21537000	6000000022178484718
Q21537015	6000000110422550927
Q21537020	6000000003451800399
Q21537069	6000000014300490593
Q21537091	6000000029938080990
Q21537109	6000000022785137695
Q21537125	6000000046844548857
Q21537177	6000000022802686519
Q21537191	6000000087307158836
Q21537206	6000000081787700223
Q21537228	6000000024410760377
Q21537246	6000000171813259228
Q21537356	6000000001455905388
Q21537374	6000000008525615716
Q21537453	6000000020363905610
Q21537542	6000000023149438897
Q21537554	6000000079360074953
Q21537613	6000000096172513870
Q21537621	6000000048573678513
Q21537638	6000000007099047379
Q21537874	6000000068080433242
Q21537922	6000000033040005192
Q21537928	6000000010764825793
Q21537932	6000000018418404442
Q21537970	6000000087290665821
Q21538031	6000000047577294203
Q21538063	6000000031371431401
Q215381	6000000019295049649
Q21538109	6000000004867871818
Q21538166	6000000021140444660
Q2153817	6000000069472536095
Q21538338	6000000030982516685
Q21538438	6000000031089691487
Q215385	6000000021264300597
Q21538660	6000000177214773824
Q21538702	6000000030757241416
Q21538725	6000000009369642918
Q21538851	6000000019336155267
Q21538878	6000000009821858306
Q2153888	6000000018144806694
Q21538887	6000000006692495005
Q21538963	6000000003128895765
Q21538980	6000000042001071413
Q21539080	6000000022812394347
Q21539197	6000000089117003991
Q21539213	6000000017977307074
Q21539214	6000000049956095894
Q21539271	6000000025619895003
Q21539280	6000000042000741749
Q21539354	6000000003687285505
Q21539362	6000000064508853834
Q215394	6000000035323950642
Q21539408	6000000002626480381
Q21539462	6000000040095571193
Q21539468	6000000094034213092
Q21539497	6000000013089886369
Q21539687	6000000017458902520
Q21539815	6000000006954685065
Q21539819	6000000006954705023
Q21540056	6000000025249721082
Q21540066	6000000060210185880
Q2154008	6000000002188402707
Q215403	6000000061520684038
Q215404	6000000018979057871
Q215406	3700677
Q21540807	6000000031219868290
Q215409	6000000024142130562
Q2154135	6000000050888224099
Q215417	6000000037868982172
Q21541863	6000000172658683006
Q215421	6000000018455172216
Q21542110	6000000078952711453
Q215422	6000000020166745607
Q21542538	6000000175265111876
Q21542697	6000000139392827878
Q21542714	5120326303630021723
Q21542718	6000000014939202013
Q21543121	6000000176186680870
Q21543260	6000000003086003180
Q215433	6000000010224096781
Q21543362	6000000103180433952
Q21543958	6000000003890761682
Q21543999	6000000174325194929
Q21544021	3995936509930051944
Q21544113	6000000018619380307
Q21544422	6000000014745173552
Q21544430	6000000041772027978
Q21544496	6000000011613623079
Q21544610	3944792618790076781
Q21544680	6000000022792533825
Q21544719	6000000023841201666
Q21544732	6000000032441786286
Q2154479	6000000006960994015
Q21544867	6000000126556088839
Q21544933	6000000020970497888
Q21544988	6000000021720272725
Q21545040	6000000126028971905
Q21545120	6000000183330018830
Q21545142	6000000076616198110
Q21545152	6000000171547115973
Q21545294	6000000184050342827
Q21545297	6000000014786156930
Q21545689	6000000109055532951
Q215457	6000000015084833138
Q21545752	6000000131773558853
Q21545761	6000000000211485696
Q21545879	6000000023780441046
Q21545894	6000000037147083834
Q21545920	6000000023280481403
Q21545975	6000000015354498474
Q21546117	6000000025111308951
Q215462	6000000021468486953
Q21546294	6000000043329399038
Q21546343	6000000011572497021
Q21546522	6000000019566651897
Q21546623	6000000080649487841
Q21546638	6000000026053728734
Q21546775	6000000006593157367
Q215468	6000000021036910896
Q21546827	6000000089213318826
Q21546843	6000000076929929790
Q21547020	6000000193291354864
Q21547054	6000000012722761810
Q21547151	6000000174865636858
Q2154721	6000000028463212501
Q21547294	6000000101135169168
Q21547404	6000000131450234985
Q21547444	6000000212930614827
Q21547451	6000000051454174746
Q21547519	6000000026523669745
Q21547586	6000000016199570417
Q215476	6000000000096753645
Q21547611	6000000067735046529
Q21547634	6000000026673664131
Q21547644	6000000018098273941
Q21547721	6000000001036535434
Q21547737	6000000013984334447
Q21547778	6000000017834253371
Q21547828	6000000075923940872
Q21547873	6000000021162387130
Q21547973	6000000014117579862
Q21547987	6000000176372995844
Q215480	6000000005598808097
Q21548021	6000000090382206840
Q21548028	6000000172505068475
Q21548034	6000000172110359892
Q21548050	6000000079630058897
Q21548068	6000000017312398470
Q21548069	6000000156119906967
Q21548072	6000000172109482107
Q21548082	6000000177948189832
Q215481	6000000025129407233
Q21548114	6000000064814872081
Q21548148	6000000156121452846
Q21548186	6000000170301599948
Q21548199	6000000087133376984
Q215482	6000000039185464447
Q21548238	6000000080619027354
Q21548241	6000000108267986917
Q21548248	6000000020652712012
Q21548283	6000000170699843905
Q21548291	6000000178260173855
Q21548320	6000000073855979846
Q21548366	6000000077781838833
Q21548370	6000000062100702104
Q21548411	6000000121043408027
Q21548414	6000000044187275011
Q21548433	6000000083388087277
Q21548436	6000000041747984820
Q21548439	6000000077928019915
Q21548440	6000000137623551850
Q21548442	6000000131333661849
Q21548445	6000000174544614207
Q21548460	6000000150969520834
Q21548465	6000000027431448516
Q21548471	6000000024408060757
Q21548474	6000000026051951822
Q21548480	6000000011164712368
Q21548486	6000000011164712905
Q21548504	6000000009886673906
Q21548507	6000000009886799953
Q21548513	287094351670005207
Q21548516	6000000016672650742
Q21548525	6000000013520621111
Q21548534	6000000075786894150
Q21548549	6000000034641813226
Q21548552	6000000025031230852
Q21548553	6000000016240393295
Q21548555	6000000001056012685
Q21548570	6000000038673679723
Q21548627	6000000017635123671
Q21548643	6000000012640887479
Q21548646	6000000029060958274
Q21548649	6000000026519338836
Q21548658	6000000054148640860
Q21548667	6000000041145528295
Q21548676	6000000002188389137
Q21548679	6000000011130403225
Q21548694	6000000013167446956
Q21548700	6000000007864700550
Q21548703	6000000005087805678
Q21548733	6000000013054770294
Q21548745	6000000013077068670
Q21548760	6000000034972031078
Q2154877	6000000012669663280
Q215488	6000000028048309087
Q21548806	6000000109931412832
Q21548812	6000000020422919021
Q21548833	6000000013693665565
Q21548837	6000000027723139487
Q21548840	6000000034642860028
Q21548844	6000000014472553293
Q21548847	5551584683280042823
Q21548853	6000000034111805667
Q21548884	6000000020014217490
Q21548947	6000000015736042111
Q21548971	6000000059542880986
Q21548993	6000000020161536675
Q21548997	6000000006127193733
Q21549044	6000000017402193880
Q21549087	6000000081525144583
Q21549163	6000000007070608629
Q21549212	6000000015129278003
Q21549225	6000000008926135254
Q21549229	6000000012464297047
Q21549242	6000000031348514461
Q21549269	6000000014826755793
Q21549286	6000000001169464258
Q21549289	316403878550002907
Q21549298	6000000026051374965
Q2154933	6000000011525633578
Q21549333	6000000198061676825
Q21549338	6000000004671628131
Q21549369	6000000084501842040
Q21549415	6000000012922701271
Q21549443	6000000007071255008
Q21549446	6000000040945777357
Q21549463	6000000041880643468
Q21549501	6000000017964629414
Q21549561	6000000070733898957
Q21549566	6000000034709176835
Q21549573	6000000089854115086
Q21549580	6000000027725007263
Q21549582	6000000041351495115
Q21549611	6000000007071032056
Q21549619	6000000008289615313
Q21549636	6000000058349850870
Q21549681	6000000011366865863
Q21549681	6000000032697635867
Q215497	6000000007833836463
Q21549707	6000000001910095547
Q21549710	6000000009427968327
Q21549740	6000000069804888255
Q21549872	6000000000350821087
Q21549890	6000000026051292951
Q21549898	6000000009143405104
Q21549951	6000000001395624100
Q21549972	6000000017613727426
Q215500	6000000006127147703
Q21550214	6000000018092980090
Q215505	6000000025676054390
Q215506	6000000012864126277
Q2155072	6000000179717175825
Q215508	6000000069252068869
Q21551379	6000000009633892225
Q21551575	6000000205349611830
Q215517	6000000019098487616
Q21551884	6000000015202913408
Q215520	6000000032007720546
Q21552325	6000000202610877828
Q21552443	6000000073269880821
Q21552533	6000000001383095861
Q215526	6000000055869658999
Q21552604	6000000143908407909
Q21552616	6000000018686612860
Q21552913	6000000017920768143
Q21553006	6000000017842263160
Q21553039	6000000025551353490
Q21553042	6000000017524735905
Q21553091	6000000013640270501
Q21553125	6000000017939130440
Q21553169	6000000015048559368
Q21553290	6000000017573938304
Q21553313	6000000024771738944
Q21553326	6000000024304225847
Q21553668	6000000042542032972
Q21554127	6000000076901275677
Q21554253	6000000026427147535
Q21554255	6000000026427060797
Q21554265	6000000056673998833
Q21554315	6000000003827818606
Q21554359	6000000070982071059
Q215544	6000000041048101975
Q21554462	6000000007152320574
Q21554482	6000000015500715847
Q2155466	6000000027971246162
Q21554661	6000000011223480157
Q21554662	6000000011649334066
Q21554744	6000000003891333497
Q215550	6000000096200553984
Q21555135	6000000001877544279
Q21555157	6000000002831284554
Q21555184	6000000039278187326
Q21555290	6000000000224672090
Q215553	6000000019828531821
Q21555466	6000000026256533490
Q21555494	6000000013188050882
Q21555507	6000000002188508267
Q21555541	6000000002115845726
Q21555559	6000000013234022398
Q215556	6000000002720074189
Q21555630	6000000046332292004
Q21555646	6000000008630275098
Q215557	6000000032934296192
Q2155572	6000000024280975712
Q215559	6000000009084501290
Q21556	6000000016871597430
Q215561	6000000012771580704
Q2155613	6000000042971054240
Q21556172	6000000090239349232
Q215562	6000000012153875412
Q2155622	6000000164862753821
Q21556288	6000000184774764823
Q21556289	6000000135613787821
Q21556293	6000000097700898920
Q21556526	6000000033851284343
Q21556532	6000000006444755809
Q21556542	6000000003891776017
Q21556561	6000000078926455604
Q21556635	6000000037186649954
Q21556657	6000000030907161784
Q21556675	6000000024039946849
Q21556681	6000000031998743876
Q21556739	6000000002188536278
Q21556740	6000000003504493475
Q21556746	6000000012095832197
Q21556749	6000000014897719140
Q21556757	6000000059198951145
Q21556758	6000000002188504201
Q21556774	6000000002266264411
Q21556777	6000000024617239811
Q21556779	5088534523510070549
Q21556792	6000000017335565879
Q21556800	6000000002188504141
Q21556813	6000000013432158997
Q21556820	6000000006444762737
Q21556841	6000000012424568296
Q21556842	6000000011541427187
Q21556864	6000000017164081644
Q21556956	6000000044287865540
Q21556960	6000000002188479399
Q215570	6000000054405739312
Q21557034	6000000047780078090
Q21557104	6000000058146853086
Q21557108	6000000004240223628
Q21557145	6000000017132928213
Q21557148	6000000012882348294
Q21557148	6000000017056611434
Q215572	6000000028692021417
Q21557204	6000000018216922794
Q21557207	6000000019866524278
Q21557208	6000000003264044527
Q21557226	6000000012596989866
Q21557249	6000000009275138957
Q21557259	6000000016516055065
Q21557283	6000000002764860031
Q21557350	6000000055475341029
Q21557359	6000000015192654214
Q21557362	6000000052987711558
Q21557374	6000000066471778847
Q21557398	6000000019252690186
Q21557399	6000000013032442762
Q215574	6000000024060347415
Q21557410	6000000005014899246
Q21557413	6000000026203589148
Q21557429	6000000018668200889
Q21557432	6000000052001549116
Q21557469	6000000026837277013
Q21557472	6000000065537416841
Q215575	6000000015626197202
Q21557537	6000000012687403491
Q21557560	6000000006444753933
Q21557585	6000000013048526884
Q21557593	6000000085535791425
Q21557605	6000000053315542864
Q21557615	6000000002188514737
Q21557623	6000000015907587345
Q21557629	6000000038186698957
Q21557633	6000000001608902059
Q21557662	6000000011117952231
Q21557715	6000000027862118041
Q21557726	6000000011135470809
Q21557729	6000000004571410221
Q215578	6000000025174848492
Q21557865	6000000020658602284
Q21557930	6000000003940304518
Q21557991	6000000040547287193
Q21557996	6000000000911299068
Q21558047	6000000128930947940
Q21558140	6000000000648680129
Q21558142	6000000000663040407
Q21558143	6000000000699941898
Q21558159	6000000011888036678
Q21558163	6000000008211191939
Q21558164	6000000019603385092
Q21558169	6000000010655790098
Q21558172	6000000002701084983
Q21558175	6000000008002813581
Q21558177	5500467759290086013
Q21558192	6000000007053285044
Q21558199	6000000085271423851
Q21558202	6000000002760074571
Q21558206	6000000006423136595
Q21558293	6000000075328158016
Q2155854	6000000084315976469
Q215586	6000000001085228189
Q215588	6000000008202841035
Q215590	6000000077596430251
Q21559016	6000000016601692421
Q21559098	6000000013642091502
Q2155941	6000000017524688771
Q21559514	6000000002959589263
Q215596	6000000055936352910
Q21559647	6000000142676267846
Q2155965	6000000072405492389
Q215597	6000000020421179917
Q21559770	6000000001920486021
Q21559849	6000000003088022337
Q2156011	6000000179044989824
Q215606	6000000034629394917
Q21560645	6000000024625088777
Q215608	6000000034631763848
Q215610	6000000068614697838
Q215611	6000000177475663847
Q2156121	6000000030737111613
Q2156128	6000000043306371633
Q215618	6000000018081876054
Q215619	6000000075679650907
Q215621	6000000026200677670
Q2156218	6000000037645887506
Q2156224	6000000008435625523
Q215623	6000000002388795098
Q215625	6000000010062383069
Q2156333	5544100934630135516
Q215634	6000000006256786282
Q215636	6000000019883274370
Q2156376	6000000014576956114
Q2156378	6000000009334259798
Q2156386	6000000019856552375
Q2156408	6000000012381889708
Q2156412	6000000106240814874
Q215644	6000000005251703012
Q215647	6000000008259208545
Q2156471	6000000008552767223
Q2156487	6000000030435095728
Q2156494	6000000018127759777
Q2156518	6000000017473568517
Q2156525	6000000182853961907
Q215654	6000000073708098235
Q2156543	6000000086505681901
Q215656	6000000071620483034
Q2156577	6000000049232993838
Q2156598	6000000019433766627
Q2156613	6000000066684036830
Q215663	6000000004848365242
Q215667	6000000006102155158
Q2156682	331145828640001129
Q2156699	6000000023058548106
Q2156715	6000000005961544109
Q215672	6000000010382757148
Q2156727	6000000182463496824
Q2156729	6000000009485289764
Q215673	6000000141045400878
Q2156735	6000000019020750259
Q21567530	6000000142725509835
Q21567625	6000000041801758939
Q21567630	6000000147108805122
Q21567632	6000000007935208959
Q21567635	6000000114218479875
Q21567637	6000000060762092753
Q21567647	6000000041733957220
Q21567650	6000000033752689672
Q21567774	6000000017926572302
Q215679	6000000039482850676
Q2156794	6000000019225981667
Q2156804	6000000003217282845
Q2156807	6000000034369917410
Q2156808	6000000075125591192
Q215682	6000000016496493966
Q2156836	6000000038624605356
Q2156838	6000000076569816882
Q2156842	6000000000310688954
Q215686	6000000002280091040
Q2156872	6000000184623977822
Q215691	6000000036388282019
Q2156921	287123587860008565
Q2156939	6000000028046019845
Q215697	6000000015924484346
Q215699	6000000006022745016
Q2156999	6000000171719137731
Q2157009	6000000001672250412
Q215701	6000000020815826929
Q2157024	6000000051863573890
Q2157039	6000000000303177899
Q2157042	6000000002493826142
Q21570431	6000000042889382627
Q21570452	6000000048446486844
Q215705	6000000002802710250
Q2157061	6000000073626691080
Q2157070	6000000006860771614
Q2157073	6000000012979429054
Q215708	6000000037318004436
Q2157088	6000000003424703090
Q215710	6000000017269825292
Q215713	6000000017314036341
Q2157142	6000000007283421708
Q2157154	6000000080602999787
Q215716	6000000014023094165
Q215717	6000000035822029469
Q215721	6000000001016251501
Q21572164	6000000056415120863
Q21572182	376962909180005775
Q215724	6000000006969235314
Q21572713	6000000010188928655
Q215728	6000000181884797821
Q21572825	6000000002714299489
Q2157291	6000000008488763590
Q2157291	6000000098512270066
Q215730	6000000079440362260
Q21573014	6000000164023516034
Q2157306	6000000029764407855
Q21573072	6000000014200525739
Q21573183	6000000013100060060
Q215732	6000000029904117084
Q2157324	6000000137141745854
Q2157340	6000000015674496265
Q215735	6000000034457047162
Q215739	6000000015029794827
Q2157402	6000000173343893846
Q2157449	6000000020516169474
Q215745	6000000001902712529
Q215747	6000000034315191954
Q2157475	6000000012171164842
Q215748	6000000015063398231
Q2157483	6000000015370049303
Q2157495	6000000176138685881
Q2157508	6000000171720372669
Q215753	6000000009316500325
Q2157535	6000000162543080841
Q2157543	6000000122809599960
Q2157555	6000000023109182866
Q2157560	6000000018185456859
Q215757	6000000068842949942
Q2157591	6000000030587850011
Q2157605	6000000010914443256
Q2157608	6000000012416496119
Q2157618	6000000031872925487
Q215762	6000000011151397291
Q2157639	6000000034417053109
Q215764	6000000026637456933
Q2157642	6000000046293629921
Q215765	6000000000490806909
Q2157653	6000000009440814542
Q2157659	6000000015084679945
Q2157684	6000000035839479586
Q2157707	6000000004867305121
Q2157710	6000000083702056882
Q2157733	6000000046611735235
Q215775	6000000078112376919
Q2157757	6000000001843180773
Q215777	6000000012988288180
Q215778	6000000016438737559
Q215779	6000000003879990766
Q2157803	6000000018231612080
Q2157817	6000000013557833174
Q215786	6000000015263116337
Q215788	6000000019860817999
Q2157903	6000000021023763686
Q215791	6000000002493931287
Q2157955	369770295150004523
Q2157967	6000000021037960579
Q2157996	6000000036313734934
Q2158006	6000000037862029783
Q215801	6000000007561910810
Q215804	6000000022667733222
Q21580484	6000000151921439889
Q2158067	6000000009148358814
Q2158070	6000000001034389329
Q2158075	6000000024451273390
Q2158096	6000000006794098586
Q215811	6000000024628345117
Q2158142	6000000027819262608
Q215816	6000000130987060911
Q2158167	6000000017336810210
Q2158169	362657153000007071
Q2158173	6000000048609070487
Q215820	6000000017198378787
Q215821	6000000018047062450
Q21582266	1776993
Q21582276	6000000070948327840
Q215823	6000000022248514992
Q2158238	6000000077947471450
Q2158278	6000000144758612206
Q215828	6000000028173512672
Q21583196	6000000173970795068
Q21583199	6000000004005156972
Q2158345	6000000016274048061
Q215837	6000000016631626614
Q215838	6000000070721551873
Q2158383	6000000021146596391
Q2158389	6000000053399612295
Q2158392	6000000018497813230
Q2158412	6000000015762087548
Q2158415	6000000016686345735
Q2158432	621201
Q215845	6000000018325549744
Q21584629	6000000011081598450
Q2158489	6000000018952387468
Q215849	6000000033211501240
Q2158495	6000000012951270870
Q2158497	6000000019272936545
Q215850	6000000028125698358
Q215853	6000000024713776281
Q2158536	6000000001440624251
Q215855	6000000035308192695
Q2158559	6000000059313490406
Q215856	6000000085647508937
Q2158571	6000000015227369116
Q2158575	6000000023884311929
Q215859	6000000004201172073
Q2158595	6000000070994114897
Q2158607	6000000012545733340
Q21586320	6000000060748757891
Q2158678	6000000002649950772
Q2158685	6000000019384807578
Q2158692	6000000023075296005
Q2158699	6000000025849022024
Q21587151	6000000004079807427
Q2158716	6000000040955662884
Q215872	6000000002188424387
Q215873	6000000004964738859
Q21587480	6000000021328209087
Q21587480	6000000080830319881
Q21587511	6000000177839387821
Q21587513	6000000177987276876
Q21587516	6000000142898216125
Q21587517	6000000179051596821
Q21587523	6000000163769663838
Q21587529	6000000137616672916
Q21587538	6000000173873749367
Q21587541	6000000145877531885
Q21587553	6000000173897028935
Q21587558	6000000143244329966
Q21587559	6000000143110315823
Q21587560	6000000145839825822
Q21587574	6000000145386874849
Q21587580	6000000143115447044
Q21587583	6000000173896570404
Q21587591	6000000143257950985
Q215876	6000000032286870560
Q21587612	6000000013925058603
Q21587618	6000000153590345936
Q21587619	6000000176487698835
Q21587623	6000000163835009874
Q21587626	6000000166442105977
Q21587627	6000000052523872866
Q21587632	6000000172976246978
Q21587635	6000000167107236822
Q21587638	6000000166442056081
Q21587640	6000000166440207321
Q21587644	6000000180581986864
Q21587648	6000000156915418916
Q21587656	6000000090967966297
Q21587665	6000000151475125855
Q21587666	6000000171062991945
Q21587696	6000000163354228826
Q21587702	6000000037754117360
Q21587718	6000000182950521884
Q21587759	6000000144750739974
Q21587761	6000000178348629893
Q21587762	6000000178287370828
Q21587776	6000000151466604821
Q21587793	6000000149976095839
Q21587796	6000000149946349903
Q21587798	6000000166440091994
Q21587814	6000000076192752824
Q21587819	6000000163419858962
Q21587822	6000000155861676908
Q21587831	6000000150922095909
Q21587838	6000000178314238821
Q21587857	6000000167108166822
Q21587874	6000000136883723821
Q21587885	6000000145002153140
Q2158789	6000000028992711557
Q21587895	6000000026694097957
Q21587906	6000000090969822933
Q21587908	6000000174429654289
Q2158793	6000000021091515120
Q2158799	6000000027208211679
Q215880	6000000005599165607
Q21588021	6000000070712251042
Q21588125	6000000097336180864
Q2158815	6000000028001559714
Q2158817	6000000012258034235
Q2158817	6000000038711315979
Q2158828	6000000006444790300
Q21588934	6000000011311980583
Q215891	6000000001310960289
Q21589280	6000000011627275452
Q21589366	6000000069950931849
Q2158939	6000000044441754926
Q21589429	6000000011627673204
Q21589437	6000000172114590867
Q215895	6000000016043824272
Q2158950	6000000013765774940
Q2158962	6000000106620779963
Q2158968	6000000044455538887
Q21589737	6000000018865030092
Q21589780	6000000011692131794
Q215898	6000000132387617954
Q2158984	6000000020164259896
Q215900	6000000012941308297
Q2159000	6000000017070766057
Q2159009	6000000004837165780
Q2159017	6000000181664428873
Q215902	6000000003871929826
Q21590261	6000000050630572821
Q215903	6000000005599165460
Q2159034	6000000031904531738
Q215904	6000000025565798566
Q2159041	6000000007462815202
Q21590419	6000000023028848408
Q21590433	6000000000111146913
Q21590438	6000000011101121600
Q21590480	6000000173643336822
Q215905	6000000028002216621
Q215908	6000000003571687879
Q2159092	6000000002531370274
Q2159119	6000000015135784333
Q2159151	6000000008140800262
Q2159159	6000000021036370200
Q215916	6000000043719366067
Q2159174	6000000001099053507
Q215918	6000000036924417229
Q215919	6000000025944714203
Q2159211	6000000004086650416
Q2159221	6000000085031616847
Q2159239	6000000027721649289
Q2159242	6000000006784216043
Q21592465	6000000089466686850
Q215925	6000000172619290173
Q21592505	6000000019267213406
Q2159268	6000000032200473785
Q215927	6000000010972548216
Q2159288	6000000163824157709
Q215929	6000000024222426314
Q2159296	6000000027234512053
Q2159298	6000000014935710235
Q2159300	6000000018206791976
Q215931	6000000126766430860
Q21593121	2131431
Q2159314	6000000029053997054
Q2159317	6000000039382123066
Q2159319	6000000051513851945
Q2159335	6000000179358904892
Q215937	6000000008201518931
Q215939	6000000021468419932
Q2159415	6000000030685928132
Q2159429	6000000137407070836
Q2159436	6000000159433441832
Q215944	6000000001169111249
Q215945	6000000011169437748
Q215947	6000000018449955326
Q21594707	6000000045236542196
Q21594949	6000000028974448014
Q2159499	6000000029379437853
Q21595	6000000004590836038
Q2159505	6000000065529516824
Q2159512	6000000150954285865
Q21595123	6000000001261184391
Q215955	6000000017380767488
Q215958	6000000000621031842
Q21595884	6000000024485219855
Q215959	6000000011428971920
Q2159607	5432402575230108998
Q215961	6000000019411424267
Q215964	6000000018365812868
Q215965	6000000000087058972
Q215967	6000000000515946069
Q21596748	6000000179413599825
Q215968	6000000017652584881
Q21596817	6000000022236849098
Q21596854	6000000016530543933
Q21596857	6000000084904440029
Q21596861	6000000084903737778
Q21596893	6000000017913121226
Q21596930	6000000168907802705
Q2159729	6000000027779819955
Q215974	5113278714910072309
Q215976	6000000000769349123
Q21597654	6000000019995095631
Q21597798	6000000050593048105
Q215978	5025024096790114655
Q215979	6000000031908001342
Q21597915	6000000035202914827
Q21597947	6000000004078249005
Q215981	6000000004262300367
Q215982	6000000025860381136
Q21598234	6000000032036240928
Q21598251	6000000009486068896
Q21598331	5703983778020081175
Q21598474	6000000019490641066
Q21598479	6000000024631626585
Q21598532	6000000066595647828
Q21598551	6000000182464115910
Q21598562	6000000038017927697
Q21598563	6000000036322174146
Q215986	6000000192944044823
Q21598600	6000000039880569451
Q215988	6000000002188440339
Q21598816	6000000016457619920
Q2159941	6000000025605299853
Q215996	6000000008445763381
Q21600205	6000000070404193057
Q21600277	6000000006781271017
Q21600571	6000000149945893960
Q21600606	6000000001229509582
Q21600644	6000000075845981896
Q21600768	6000000073520137106
Q21600794	6000000026118722075
Q21601077	6000000003363066415
Q216013	6000000024304792501
Q2160175	6000000163413372842
Q2160202	6000000176789959821
Q216021	6000000005909306791
Q216025	6000000016395725964
Q2160300	6000000014309808893
Q2160303	6000000018299318159
Q2160344	6000000017374082137
Q2160350	6000000095638110887
Q216036	6000000104872085005
Q216041	6000000004557931314
Q21604404	6000000176493234821
Q21604424	6000000086017827954
Q21604508	6000000095715535178
Q21604608	6000000000677316774
Q21604647	6000000017680914473
Q21604810	6000000069597089012
Q21604854	6000000017458214781
Q216049	6000000004018964988
Q216050	6000000003495136215
Q21605094	4821148971590027634
Q216051	6000000178032050831
Q21605149	6000000004116914104
Q21605218	6000000009642731225
Q21605222	6000000033503771685
Q21605290	6000000051744671022
Q21605298	6000000031789505522
Q21605378	6000000036425725568
Q21605393	6000000064832504090
Q216056	6000000015625109572
Q216060	6000000180413650822
Q216063	6000000014798008701
Q216064	6000000018468370779
Q21606424	6000000015394686183
Q216067	6000000103772351329
Q21606918	6000000032310180609
Q216070	6000000176052681839
Q21607280	6000000053213689156
Q21607327	6000000056759172821
Q21607334	6000000176177314849
Q21607347	6000000077917140459
Q21607881	6000000007753024727
Q21607917	6000000025644814828
Q2160793	6000000016417280930
Q21607963	6000000030432524734
Q216080	6000000002765685522
Q21608011	6000000020414695732
Q21608031	6000000056995593946
Q21608039	6000000140078971869
Q21608060	6000000016840802924
Q21608074	6000000060267448890
Q21608121	6000000208252595826
Q21608181	6000000181330514853
Q21608444	6000000024697742038
Q21608503	6000000017341381028
Q21608535	6000000125242266032
Q2160868	6000000001866238620
Q21608721	6000000062564229894
Q21608816	6000000013030099312
Q21608864	6000000126472346825
Q21609117	6000000011694042954
Q2160943	6000000034541897055
Q21609730	6000000026378823067
Q216098	6000000079215701019
Q2160989	6000000016689326026
Q21609912	6000000011425721362
Q21609958	6000000070009850958
Q21609981	6000000012381019737
Q216100	6000000038945632314
Q21610132	6000000015692391720
Q2161061	6000000173131074135
Q2161064	6000000056964315871
Q21610684	6000000027391808848
Q21610836	6000000043607944158
Q216109	6000000022249469316
Q21610922	6000000115201252975
Q2161099	6000000040781502133
Q2161106	6000000000421522816
Q21611574	6000000138754340823
Q216116	6000000077500662417
Q21611837	6000000180793126828
Q21611990	6000000018359545944
Q216120	6000000025905746516
Q21612148	6000000092626881259
Q216124	6000000002932457813
Q21612420	6000000021515579948
Q21612572	6000000140185319050
Q21612598	6000000016395668056
Q21612688	6000000169800131003
Q21612735	6000000011746857671
Q216129	6000000011154267376
Q21612960	6000000123028038866
Q216133	6000000035552116358
Q216134	6000000015498702335
Q216135	6000000010094653450
Q2161357	6000000019581912226
Q216137	6000000017629012198
Q216141	6000000015781940169
Q216150	6000000020811443844
Q2161525	6000000177105710823
Q2161538	6000000003890748211
Q2161574	6000000178379026844
Q2161581	6000000003440984971
Q2161599	6000000021182932084
Q216160	6000000014788339262
Q2161601	6000000012331745228
Q2161618	6000000034081129735
Q21616226	6000000002673307123
Q2161623	6000000013372514671
Q2161628	6000000017796335169
Q216163	6000000013124421595
Q2161647	6000000031944887620
Q2161654	6000000013060632085
Q2161657	6000000004406115078
Q2161663	4502714933720037189
Q2161667	6000000013234570246
Q2161717	6000000017000814907
Q2161730	6000000012449207548
Q2161758	6000000029079835146
Q2161781	6000000016266846001
Q216179	6000000018235009942
Q2161790	6000000020545105677
Q2161841	6000000008135077586
Q21618589	6000000016165895304
Q216187	6000000001268034182
Q21618709	6000000016002562071
Q21618784	6000000012522580825
Q2161885	6000000033005974055
Q216193	5484385306710039804
Q21619483	6000000142941176822
Q2161949	6000000001681804371
Q216195	6000000078508799430
Q2161951	6000000019107582887
Q21619568	318711070310002468
Q21619583	6000000149945184993
Q21619601	6000000156915840924
Q216199	6000000007144224149
Q21620476	6000000057335760994
Q216205	6000000114073379340
Q2162055	6000000081252111802
Q21620789	6000000065769996863
Q2162099	6000000053420338907
Q21621668	6000000075943810885
Q2162168	6000000014313232705
Q21621919	6000000119293847932
Q21621919	6000000129120619937
Q21621948	6000000083340416999
Q21621996	6000000184079516828
Q216221	6000000015721001346
Q216222	6000000010770460521
Q21622624	6000000029548672741
Q21622909	6000000045519837831
Q21623	6000000050553780767
Q21623063	6000000185467444843
Q216231	6000000035794233299
Q21624098	6000000011129688770
Q21624831	6000000006267878227
Q216259	6000000007416416011
Q2162598	6000000017334897975
Q2162765	6000000180951347826
Q2162767	6000000180951869822
Q216277	6000000008435442585
Q2162835	6000000073198527175
Q216284	6000000033135735340
Q216288	6000000016099905897
Q2162905	6000000053262125336
Q216298	6000000007324117225
Q216300	6000000005599214508
Q2163025	6000000179097477822
Q2163027	4401759829540071467
Q216306	6000000019861166755
Q216311	6000000029936709837
Q216316	6000000022538919833
Q2163166	6000000002898773756
Q216318	6000000030433077312
Q2163197	6000000006039130016
Q216324	6000000023222322447
Q21632805	6000000032646108317
Q216332	6000000025524766992
Q2163341	6000000018183114088
Q216336	6000000003707764201
Q216341	6000000033549588848
Q216342	6000000170378192822
Q216345	6000000014063688518
Q21634566	6000000028974071981
Q216347	6000000025524758157
Q2163470	6000000039587394913
Q2163507	6000000178735903821
Q21635107	6000000023215206250
Q2163531	6000000002713455668
Q21635376	6000000051679804909
Q21635462	6000000041345774931
Q216355	6000000015170046853
Q216362	6000000008428892859
Q2163637	6000000069804361973
Q21636675	6000000194654220848
Q21636729	6000000004541268016
Q216371	6000000045710663874
Q21637177	6000000089294907247
Q21637273	6000000008497348170
Q21637782	6000000167073563822
Q21637844	6000000016173019531
Q21637855	6000000076903346476
Q21637925	6000000027838700277
Q21637938	4846804825000093303
Q21637980	6000000003645029364
Q216380	6000000138060019844
Q21638068	6000000019482936761
Q21638134	6000000015802195871
Q2163817	6000000181340723844
Q21638318	6000000194719743822
Q21638355	6000000178305180830
Q2163842	6000000003540583190
Q216389	6000000022857455894
Q21639025	6000000017962959748
Q216395	6000000029453649889
Q2163961	6000000025607400651
Q21639739	344502705880011661
Q216398	6000000011648506486
Q21640452	6000000209510404834
Q216406	6000000012554134643
Q216409	6000000178962969821
Q2164102	6000000218086997830
Q21641064	6000000208968303830
Q21641082	6000000205276314823
Q21641084	6000000205275986843
Q216411	6000000018147517048
Q21641455	6000000039255312081
Q216418	6000000016371187013
Q2164235	6000000017678689118
Q21642434	6000000023366181088
Q2164277	6000000015478800492
Q21643431	6000000024594962831
Q21643709	6000000084794327867
Q2164390	6000000078047765435
Q2164392	6000000216624106842
Q216443	6000000136462048823
Q2164449	6000000068487435839
Q216446	6000000009717082059
Q21644676	6000000016142091038
Q216450	6000000012774432001
Q2164620	6000000026091666296
Q2164638	6000000023234106863
Q2164680	6000000026622159225
Q21646838	6000000089961363980
Q2164702	6000000036440039726
Q21647153	6000000023232096604
Q21647187	6000000012827073777
Q2164731	6000000002247638835
Q21647414	6000000011132423384
Q21647442	6000000009887254203
Q21647450	6000000011773800407
Q21647483	6000000022249427802
Q21647539	6000000066510211821
Q21647543	6000000011341753486
Q21647555	6000000140315788858
Q21647614	6000000013053323173
Q21647647	6000000011399686415
Q21647684	6000000013689663606
Q2164777	6000000093875678026
Q216478	6000000017374754115
Q21647829	6000000008630274446
Q2164799	6000000012245025560
Q216480	6000000021489394102
Q21648139	6000000011341378089
Q21648385	6000000085737651936
Q21648472	6000000013043574213
Q21648684	6000000015986905520
Q216490	6000000020972395213
Q2164952	6000000085505696894
Q2164983	6000000018001428077
Q216501	6000000013752262582
Q21650513	6000000003891068922
Q2165053	6000000021489671391
Q2165126	6000000008379873137
Q216514	6000000011165231957
Q2165146	6000000034842914770
Q21651697	6000000010651319283
Q21651730	6000000178043858826
Q21651733	6000000156828955828
Q21651737	6000000016258551702
Q21651748	6000000163760066915
Q21651750	6000000140229698039
Q21651753	6000000156299352831
Q21651754	6000000137559768986
Q21651758	6000000140723384956
Q21651766	6000000134563852887
Q21651770	6000000175465138859
Q21651775	6000000163844284947
Q21651779	6000000149979786889
Q21651789	6000000085914365145
Q21651793	6000000037348427098
Q21651798	6000000149945995975
Q21651806	6000000151922711872
Q21651812	6000000145261890959
Q21651813	6000000149993279823
Q21651815	6000000149994889822
Q21651816	6000000149995512824
Q21651821	6000000166910208830
Q21651825	6000000166437977481
Q216522	6000000079835354005
Q21652215	6000000029321373942
Q216524	6000000024874169830
Q2165288	6000000078806476364
Q2165336	6000000015710582462
Q2165350	6000000015735689982
Q216536	6000000007922381504
Q216539	6000000012316592950
Q2165407	6000000041814383938
Q216542	6000000008799295532
Q216547	6000000010857033917
Q2165499	6000000006903161372
Q2165501	6000000000653373070
Q2165521	6000000032399703099
Q216556	6000000005074620588
Q2165584	6000000013199603237
Q2165597	6000000023773611164
Q2165599	6000000042681851162
Q216561	6000000021561581957
Q21656250	6000000030772608151
Q216563	6000000009066084125
Q2165631	6000000006405956885
Q2165643	6000000038358897857
Q216566	4186760079280010417
Q216569	6000000049126543886
Q2165697	6000000014775459728
Q216573	6000000003678725185
Q2165752	6000000020640056859
Q216576	6000000027669565228
Q21657805	6000000021623110983
Q216582	6000000069796573068
Q2165822	6000000143107270869
Q216583	6000000008709565832
Q216587	6000000019787073216
Q2165890	6000000041880429494
Q216590	6000000004137911765
Q2165926	6000000011555188110
Q216594	6000000046571035877
Q216596	6000000024321112973
Q2166000	6000000183987276836
Q21660657	6000000001210528558
Q216607	6000000007561813651
Q216608	6000000015248212728
Q216610	6000000057048335992
Q216612	6000000140650696914
Q2166164	6000000021184719750
Q21662735	6000000027160780846
Q216631	6000000002786006971
Q216633	6000000038634181143
Q216637	6000000010447941098
Q216639	6000000166644145306
Q21663916	6000000009180238082
Q21663949	6000000015909340149
Q21663992	6000000042828389468
Q21664032	6000000185603058145
Q21664205	6000000008630274399
Q2166423	6000000002188514086
Q2166425	6000000217383587832
Q21664258	6000000182562246864
Q21664278	6000000173481580738
Q21664280	6000000012638706970
Q21664285	6000000025234607873
Q21664372	6000000016676188099
Q21664424	6000000015533400840
Q21664427	6000000009368856517
Q21664430	6000000141047657043
Q21664473	6000000083821329176
Q21664493	6000000076782392389
Q21664498	6000000000259687118
Q21664499	6000000004079710047
Q21664507	6000000017163167713
Q21664508	6000000002907032068
Q21664516	6000000111782675949
Q21664527	6000000039863988789
Q21664551	6000000043925519902
Q21664611	6000000179405578884
Q21664617	6000000023786602742
Q21664633	6000000019568357953
Q21664658	6000000002220881381
Q21664680	6000000077660507418
Q21664686	6000000025648238857
Q21664699	6000000021566263496
Q21664705	6000000146043415834
Q21664732	6000000032484039848
Q2166479	6000000001465350422
Q21664802	6000000008510386403
Q21664809	6000000014028442651
Q21664824	6000000051706441988
Q21664868	6000000017081347398
Q21664909	6000000029283687058
Q21664916	6000000061144062828
Q21664922	6000000002315420746
Q21664958	6000000008878628136
Q2166496	6000000017888921372
Q21664985	6000000010432693074
Q21664990	6000000059571422106
Q21664991	6000000016198512219
Q21665005	6000000111142274659
Q21665022	6000000091798150841
Q21665036	6000000073956904839
Q21665045	6000000018802052025
Q21665064	6000000028976982191
Q21665065	6000000028977036112
Q21665078	6000000015580035870
Q2166510	6000000011403593056
Q21665152	5115672328800082235
Q2166549	6000000123056091866
Q2166558	6000000016263039604
Q216656	6000000013441821866
Q2166571	6000000079825454222
Q2166576	6000000120928228041
Q2166604	6000000156189361832
Q21666041	6000000003087854852
Q216663	6000000126022754873
Q21666711	6000000163308133827
Q216670	6000000012877436204
Q216673	6000000157589328860
Q2166730	6000000044403765909
Q2166737	6000000011356450868
Q216676	6000000108846407002
Q2166795	6000000151387410127
Q216684	6000000042953555906
Q2166884	6000000039224478235
Q216692	6000000002527788195
Q216693	6000000030120704377
Q2166936	6000000018954216751
Q216694	6000000051755499052
Q21669438	6000000004868944626
Q216696	6000000007451341261
Q216698	6000000011189679082
Q21669868	6000000141078738262
Q21669871	6000000140444945901
Q21669883	6000000163423356337
Q21669885	6000000151127240931
Q21669887	6000000145442159822
Q21670079	6000000173903479822
Q216703	6000000059153839310
Q216708	6000000015156450098
Q216713	6000000107824757000
Q2167223	6000000053640338833
Q216723	6000000000518393518
Q216726	6000000015842575170
Q21672688	6000000026298715987
Q21672723	6000000026298105613
Q2167324	6000000144744379014
Q216734	6000000000169922583
Q2167377	6000000050840001941
Q216738	6000000009408522769
Q2167403	6000000041252218380
Q21674528	6000000012944699330
Q21674808	6000000009288200758
Q21674882	6000000002188510723
Q21674888	6000000007287871732
Q21674891	6000000014325097491
Q21674899	6000000012954385807
Q216750	6000000046521126872
Q21675847	6000000012955061122
Q2167620	6000000110786062845
Q2167649	6000000019686104083
Q216766	6000000000161132918
Q216789	6000000002756902145
Q2167898	6000000140456290973
Q2167972	6000000032897348984
Q216809	6000000000491487450
Q21681016	6000000011105978029
Q216811	6000000019374085873
Q216812	6000000000486073134
Q216813	6000000180215628844
Q21681673	6000000012995678652
Q2168176	6000000004164000488
Q21682455	6000000006444081466
Q21682513	6000000002188386763
Q21682677	6000000084388806731
Q21683128	6000000013910861580
Q2168317	6000000126249795062
Q21683202	6000000008109791632
Q21683213	6000000014314234531
Q21683587	6000000015837061104
Q21683634	6000000018344187185
Q21683765	6000000014407745227
Q216838	311993198650006492
Q21683890	6000000002111599159
Q21684077	6000000001354328765
Q21684258	6000000015664673841
Q21684261	6000000011935359289
Q21684346	6000000013057078583
Q21684379	6000000002237410202
Q21684392	6000000052805571850
Q21684405	6000000020311449639
Q21684415	6000000018492672208
Q21684521	6000000032188140053
Q21684728	6000000011165249319
Q21684972	6000000042585848954
Q21684978	6000000023629662162
Q21685532	6000000090310468985
Q21685672	6000000086788578235
Q21685674	6000000086788867164
Q21686766	6000000002188517329
Q21686771	6000000010027676325
Q21686774	6000000014915717134
Q21686785	6000000014422117632
Q21686831	6000000014415915985
Q216870	6000000015710257257
Q216872	6000000014622232045
Q216873	6000000031542226354
Q216874	6000000002447361182
Q216896	6000000020167386805
Q216904	6000000000075688071
Q216913	6000000013699844048
Q216924	6000000002055229918
Q2169295	6000000026951721295
Q21693198	6000000018135683167
Q216932	6000000017786764478
Q216932	6000000074987399876
Q21693205	6000000016578180905
Q21693263	6000000014707114973
Q21693316	6000000011384371818
Q21693366	6000000016241964700
Q21693508	6000000002188496800
Q216936	6000000040292067178
Q21693604	6000000010164602198
Q21693825	6000000056064853201
Q21693925	6000000012797039141
Q2169403	6000000003852861911
Q216943	6000000014264302175
Q21694505	6000000025983372543
Q21694534	6000000011542438830
Q21694538	6000000026776257419
Q21694541	6000000009504345238
Q21694542	6000000009514426049
Q21694598	6000000023913782629
Q216946	6000000015100468915
Q2169480	6000000045701167057
Q21694913	6000000013682018475
Q21694982	6000000002764373709
Q21695363	6000000082322317942
Q216954	6000000081272213676
Q216958	6000000008805181325
Q21696524	6000000010304348729
Q21696644	6000000016004271943
Q2170018	6000000017526030632
Q2170038	6000000011383523596
Q217004	6000000019705058057
Q2170110	6000000018537780526
Q21702701	6000000036156563290
Q217033	6000000029557127795
Q2170332	6000000018762052169
Q217044	6000000018252392646
Q21704520	6000000179859111834
Q21704553	6000000062696658959
Q21704578	6000000195640332881
Q21704611	6000000078627930844
Q2170507	6000000013083016114
Q21705077	6000000003221251380
Q21705244	6000000011809257487
Q21705473	6000000011159149488
Q21705482	6000000016951680520
Q21705613	6000000018159448864
Q21705653	6000000001877477228
Q21705692	6000000005843209001
Q21705711	6000000027145980844
Q21705784	6000000015066735262
Q21705815	6000000019321391575
Q21705825	6000000008630274422
Q21705828	6000000022232592637
Q21705831	6000000038370168939
Q21706041	6000000019467261938
Q21706411	6000000044254897372
Q2170689	6000000165868819821
Q2170705	6000000034342691012
Q21707462	6000000075301734969
Q2170759	6000000014959695176
Q2170771	6000000044015906966
Q2170774	6000000013238926620
Q2170831	6000000176748886851
Q21708399	6000000141015545995
Q21708402	6000000172495433086
Q21708679	6000000008231420248
Q217087	6000000031110669242
Q2170872	6000000174922996211
Q2170882	6000000074782389081
Q2170911	6000000057013184947
Q2170935	6000000004588663515
Q21710856	6000000020349727464
Q217110	6000000006776247106
Q2171130	6000000010897891938
Q21711336	6000000032339074486
Q217115	6000000083102571177
Q2171170	6000000019963880706
Q217119	6000000017535666080
Q21713104	6000000007096026806
Q2171385	6000000021793286901
Q21714469	4782572853940076350
Q21714495	6000000023656226232
Q21714760	6000000019024825351
Q21714779	6000000017668149243
Q21714791	6000000015254612369
Q21714806	6000000010035678968
Q21714811	6000000009991345518
Q21714851	6000000003266263272
Q21714857	6000000032268452821
Q21714864	6000000013002609410
Q21714873	6000000003891404310
Q21714934	6000000017890857846
Q21714949	6000000016422777643
Q21715148	6000000001507517568
Q2171518	6000000005573714384
Q21715280	6000000016234411790
Q21715461	6000000011316204228
Q21715502	6000000053621827005
Q21715512	6000000007988036259
Q21715520	6000000016899954594
Q2171566	6000000034954501262
Q217157	6000000013699549694
Q2171573	6000000004862803683
Q21715854	6000000028204343729
Q217160	6000000087295094837
Q21716170	6000000010895228653
Q21717269	6000000076113364893
Q217198	6000000051020245964
Q2172	6000000058016894839
Q2172039	6000000060163364821
Q2172141	6000000017795876254
Q2172163	6000000006972769048
Q21722404	6000000048963237972
Q21722779	6000000047829518846
Q2172347	6000000093337409895
Q2172365	6000000002803053945
Q217238	6000000013613028570
Q2172410	6000000014582984468
Q2172424	6000000014130244678
Q2172439	6000000008901285639
Q2172439	6000000182577925822
Q2172444	6000000081529473835
Q2172510	6000000017063778964
Q2172523	6000000014157975824
Q2172567	6000000010584777445
Q2172579	6000000199670331861
Q2172587	6000000030488785424
Q2172598	6000000030179980139
Q2172603	6000000032620920024
Q2172615	6000000066860253935
Q2172621	6000000150137242023
Q2172655	6000000012481130218
Q2172661	6000000009305898180
Q2172668	6000000078073002867
Q21727493	6000000010228923142
Q21727531	6000000009938178722
Q2172757	6000000018127007841
Q21727580	6000000011194310578
Q2172770	6000000059942195838
Q217280	6000000012390051831
Q2172818	6000000012839348193
Q2172861	6000000180400278832
Q2172887	6000000094061720896
Q2172903	6000000035143086316
Q2172922	6000000007846975632
Q2172925	6000000020708596018
Q2172937	6000000026338119455
Q2172949	6000000036921820871
Q2172966	6000000037990119392
Q2172971	6000000033306464175
Q21729799	6000000019732650273
Q217298	6000000010152169850
Q2172992	6000000013433588645
Q2173019	6000000071262530951
Q2173036	6000000003827280516
Q2173052	6000000005085096235
Q2173070	6000000105864729847
Q2173079	6000000079439826939
Q21730860	6000000009686232242
Q2173134	6000000009225415787
Q2173136	6000000010132374363
Q217314	6000000030249681446
Q2173146	6000000015410485322
Q2173149	6000000078569083408
Q2173234	6000000069148203887
Q2173252	6000000022771168552
Q2173259	6000000035020148822
Q21733318	6000000023876787853
Q2173335	6000000072634952124
Q2173345	6000000003502800877
Q2173359	6000000028602586096
Q2173379	6000000019043100494
Q2173389	6000000008330802680
Q2173406	6000000057315857853
Q217344	6000000007167354470
Q2173477	6000000103047810834
Q2173506	6000000026395426192
Q2173548	6000000029665195914
Q2173592	6000000103225240912
Q2173609	6000000011481118993
Q2173639	6000000031302157082
Q2173676	6000000126429677833
Q2173760	6000000000839216252
Q2173774	6000000036123264141
Q21737763	6000000022890645412
Q2173811	6000000018328027668
Q2173813	6000000015699842995
Q21738166	6000000177383352869
Q2173822	6000000000128821381
Q2173898	6000000030965693052
Q2173970	6000000010027329458
Q2174017	6000000043554371822
Q2174105	332414486320004938
Q2174111	6000000027662165791
Q2174114	6000000108769020833
Q2174127	6000000070700138301
Q21741580	6000000064362947843
Q2174169	6000000065232208849
Q2174199	6000000052415341865
Q2174211	6000000030645014208
Q2174214	6000000015441985893
Q2174225	6000000002188450772
Q2174229	6000000092348217081
Q2174232	6000000017122046445
Q2174235	6000000020341829669
Q2174242	6000000023854653654
Q2174249	6000000111647654822
Q2174252	6000000096235551862
Q2174253	6000000017340650039
Q2174268	6000000082720309942
Q217427	6000000000782682034
Q2174276	6000000064807097385
Q2174286	6000000178428006961
Q2174297	6000000039406675252
Q2174306	6000000024108198940
Q2174314	6000000012933124526
Q2174321	6000000047342424903
Q21743306	6000000009489352789
Q21743337	6000000012386334311
Q21743338	6000000020322062235
Q217434	6000000031877500402
Q2174371	6000000014784745391
Q2174374	6000000026353928336
Q2174390	6000000016430930735
Q21743982	6000000015817092333
Q2174421	6000000152733984867
Q2174437	6000000136047990966
Q2174441	6000000016235566095
Q2174443	6000000003667089095
Q2174444	6000000023058081452
Q2174459	6000000175181849961
Q2174461	6000000037001250926
Q21744725	6000000151342784834
Q2174508	6000000070296402917
Q2174510	6000000008461577428
Q2174512	6000000015014108720
Q21745459	6000000012657949272
Q21745466	6000000070657549684
Q21745498	6000000202708655582
Q21747223	6000000020339237995
Q21747537	6000000017477820695
Q217477	6000000028061531139
Q2174770	6000000008619309370
Q2174779	6000000043426569976
Q2174811	6000000013184804463
Q217486	6000000014230136357
Q21748793	6000000017058706062
Q21748880	6000000011900413036
Q21748957	6000000017477366948
Q2174911	6000000150671178901
Q217495	6000000025050452439
Q217498	4249739626820050740
Q2175002	6000000081287654158
Q21750238	6000000006166425337
Q21750285	6000000010073824804
Q217504	4540048
Q2175123	6000000016126262470
Q2175318	6000000064625554956
Q2175403	6000000002188424275
Q21754133	6000000156411278850
Q21754138	6000000009729152517
Q21754168	6000000144125827821
Q21755565	6000000163418181668
Q2175572	6000000020129303009
Q21756082	6000000018225306768
Q21756872	6000000078577944427
Q21757640	6000000035279900931
Q2175817	6000000153730816849
Q2175903	6000000003871637765
Q2176124	6000000038042775306
Q217613	4455832910060088877
Q217614	6000000142130353858
Q217619	6000000035152375852
Q2176339	6000000013083333265
Q2176369	6000000202711701970
Q217637	6000000120849595974
Q2176424	6000000018540405171
Q217645	6000000012906462611
Q2176464	6000000014349516546
Q2176533	6000000006581003193
Q2176534	6000000017111380759
Q2176546	6000000222368529979
Q21767063	6000000156203543846
Q2176721	6000000077129846891
Q217683	6000000122494570945
Q2176832	4820153831310015310
Q2176967	6000000002908998945
Q21770267	6000000014537279352
Q21771318	6000000021401648739
Q217715	6000000179972947862
Q217722	6000000002749442747
Q21772623	311351528870006426
Q21772642	6000000017167890410
Q2177299	6000000018059533670
Q2177322	6000000039403018283
Q2177372	6000000032673027785
Q21774046	6000000001109373459
Q21774049	6000000000864998227
Q21774053	6000000021673929495
Q21774054	6000000021329530275
Q217745	6000000002574096590
Q2177563	6000000059176788512
Q2177580	6000000010389180790
Q2177602	6000000041543506471
Q2177628	6000000084571135867
Q2177635	6000000043426552952
Q2177647	6000000006869623089
Q2177651	6000000029001291783
Q2177656	6000000050271666936
Q2177665	6000000038762617092
Q2177707	6000000015361639241
Q217771	6000000045493487908
Q2177716	4280047445980016005
Q2177732	6000000178918223838
Q2177736	6000000174005937880
Q2177746	6000000056732442038
Q2177753	6000000008425213384
Q2177771	6000000001732025001
Q21777891	6000000010712110240
Q2177796	6000000017626524103
Q2177808	6000000049927324039
Q2177816	6000000147153045866
Q21778433	6000000029685361691
Q21778573	6000000128610592821
Q217787	6000000001033941955
Q21778935	6000000001462371335
Q21779158	6000000047820323900
Q21779187	6000000207899295844
Q2177922	6000000054009357874
Q217794	6000000039674842663
Q21780648	6000000016456993447
Q217812	6000000036651845801
Q2178139	6000000078217434226
Q21781553	6000000012646910691
Q2178203	6000000002762429566
Q2178281	6000000087201742937
Q2178366	6000000066966328906
Q217839	6000000065053077973
Q2178402	6000000017350346376
Q217848	6000000010081987623
Q2178531	6000000017313406331
Q21786391	6000000045735928216
Q2178640	6000000018049180241
Q21786411	6000000069559353253
Q2178652	6000000164466538897
Q2178679	6000000017305732107
Q2178714	6000000032207012333
Q2178952	6000000033419490970
Q21789556	6000000165700526845
Q2179080	6000000015383470585
Q2179095	6000000015150010895
Q21791417	6000000067866938830
Q21791490	6000000030370226849
Q2179237	6000000002764356309
Q21793725	6000000027105753743
Q21794010	4779039
Q21794020	6000000092507029821
Q21794051	6000000172120039823
Q2179747	6000000018124677451
Q2179891	6000000033077507928
Q2179964	6000000017396235985
Q2180087	6000000013582992742
Q2180141	6000000039105285152
Q2180159	6000000025781922103
Q218022	6000000026653958658
Q2180250	6000000015278385473
Q2180406	6000000173675560048
Q2180486	6000000129611679821
Q21806451	6000000027399052250
Q21806474	6000000009505840350
Q2180772	6000000012762464919
Q218083	6000000013050047593
Q218091	6000000009647853252
Q21809610	6000000056244164867
Q21809618	6000000020341662031
Q21809621	6000000013431868928
Q21809622	6000000002742052870
Q21809652	6000000013432319536
Q21809654	6000000018690495789
Q21809658	6000000103466254862
Q21809660	6000000054858997972
Q21810116	6000000075503216198
Q21810596	6000000039822412935
Q218134	6000000003827706899
Q21814477	6000000044231887082
Q21815366	6000000028492329335
Q21815403	6000000027551286298
Q21815952	6000000203129338821
Q21816235	6000000033572762857
Q21816937	6000000092223026821
Q21817000	6000000003997614700
Q21817032	6000000002998795068
Q21817036	6000000011297778574
Q21817060	6000000114636083841
Q21817077	335186526780012108
Q21817231	4015605954880127861
Q21818075	6000000011495248251
Q2181856	6000000013551996312
Q21819359	6000000017239564776
Q21819922	6000000020034949126
Q21819925	6000000002905502106
Q21819937	6000000032558700855
Q218201	6000000014746576266
Q2182051	6000000181946188823
Q21820619	6000000028338075113
Q21820643	6000000063313038969
Q2182081	6000000025001395334
Q218210	6000000028125124522
Q2182250	6000000017329100687
Q21823350	6000000016257163408
Q21823358	6000000019203581809
Q21824634	6000000007087905002
Q2182468	6000000039784160090
Q2182529	6000000018014290444
Q218254	6000000038675368921
Q2182574	6000000194499401823
Q2182578	6000000017478747568
Q2182609	6000000017110392158
Q218279	6000000040985105146
Q2182829	6000000037259430053
Q2182915	6000000011597541418
Q2182940	6000000017835705655
Q2182953	6000000021401950416
Q218297	6000000009114379069
Q2183004	6000000184202389900
Q2183083	6000000082734306016
Q218309	6000000015578625579
Q218311	6000000009581168079
Q2183111	6000000003627825221
Q2183127	6000000013416977260
Q2183141	6000000064583699823
Q218319	6000000015976080174
Q218326	6000000080389154922
Q21832715	6000000070531718821
Q21832733	6000000071056804008
Q21832745	6000000163791145896
Q21832761	6000000149941808986
Q21832762	6000000165982383822
Q21832763	6000000149943956847
Q21832764	6000000149942860026
Q21832765	6000000075580663915
Q21832766	6000000177987063874
Q21832767	6000000090962617093
Q21832770	6000000178962326824
Q21832776	6000000090017585068
Q21832777	6000000166013080832
Q21832778	6000000073735196925
Q21832779	6000000141073954895
Q21832781	6000000141080665987
Q21832785	6000000143791164954
Q21832787	6000000141042581895
Q21832788	6000000177987351860
Q21832797	6000000165982353008
Q21832798	6000000021264756690
Q21832799	6000000146264378848
Q21832805	6000000165982810836
Q21832807	6000000156878097868
Q21832822	6000000142899089868
Q21832826	6000000165979593789
Q21832840	6000000099413792920
Q21832848	6000000012920326878
Q21832856	6000000145547344910
Q21832860	6000000165983727998
Q21832865	6000000083497175980
Q21832873	6000000135135394822
Q21832875	6000000019829427666
Q21832883	6000000031780714378
Q21832885	6000000156484078053
Q21832887	6000000165983310120
Q21832893	6000000140995537951
Q21832895	6000000173903269852
Q21832901	6000000151476875822
Q21832903	6000000165984748069
Q21832905	6000000163260447821
Q21832907	6000000052944470911
Q21832909	6000000173899849034
Q21832914	6000000179198407846
Q21832918	6000000068523135908
Q21832920	6000000143243574090
Q21832924	6000000163259712830
Q21832930	6000000140465765825
Q21832939	6000000172530906864
Q21832941	6000000149974994823
Q21832947	6000000143250692853
Q21832958	6000000143249672854
Q21832960	6000000090851413890
Q21832969	6000000144461124834
Q21832976	6000000178296756854
Q21832984	6000000064813825968
Q21832990	6000000153592674864
Q21832995	6000000149945352862
Q21833005	6000000156880534851
Q21833009	6000000173906608897
Q21833018	6000000081345729855
Q21833023	6000000056350641847
Q21833025	6000000177961555852
Q21833029	6000000143244702877
Q21833031	6000000150917715077
Q21833033	6000000149943175640
Q21833035	6000000141039675006
Q21833037	6000000174431411924
Q21833040	6000000149944706082
Q21833054	6000000143233026858
Q21833056	6000000075561122325
Q21833062	6000000137619856912
Q21833065	6000000177507211890
Q21833071	6000000149991501833
Q21833075	6000000069636325867
Q21833080	6000000136519642408
Q21833082	6000000140897230822
Q21833088	6000000022189084020
Q2183315	6000000031342640059
Q2183439	6000000023938575270
Q2183492	6000000039395700003
Q2183576	6000000026187577441
Q218380	6000000080036268854
Q2183916	6000000017793139520
Q2183923	6000000169350062084
Q21839512	6000000029504166286
Q2184229	6000000166453605860
Q21843192	6000000209017358848
Q21843517	6000000026493093430
Q21843583	6000000007396690976
Q218443	6000000008231324566
Q21844464	6000000092763998821
Q2184474	6000000181997343838
Q2184531	6000000011076829060
Q2184598	6000000019668315595
Q21848527	6000000031402275988
Q2184977	6000000082445328256
Q21849794	6000000012610143923
Q2184982	6000000077912585388
Q2185	6000000014697454531
Q21850008	6000000001402458062
Q218503	6000000012966738489
Q218511	6000000013290578340
Q2185186	6000000023807718727
Q2185217	6000000014188190816
Q2185247	6000000145335807897
Q2185265	6000000000883831185
Q2185277	6000000017992202990
Q2185299	6000000016168195778
Q218532	6000000037159832110
Q2185351	6000000009786706806
Q218542	6000000015822351062
Q218544	6000000036396040619
Q21854780	6000000025385909537
Q21854916	6000000010688222188
Q21854965	6000000149807267261
Q21855104	6000000003890916972
Q21855501	6000000165179220994
Q2185564	6000000017910791862
Q2185638	6000000017746608871
Q21856683	6000000010342409343
Q2185673	6000000026063408249
Q21856753	6000000025486080169
Q21856886	6000000179412163878
Q21856890	6000000013487569806
Q21856891	6000000018463193307
Q21856943	6000000173740086884
Q21856996	6000000017483547014
Q21857058	6000000008537701628
Q21857118	6000000018648520385
Q21857196	6000000183021589833
Q2185729	6000000031207777044
Q21857305	6000000014287432253
Q21857431	6000000084837070555
Q218575	6000000003086551084
Q21857933	6000000022449585262
Q21858022	6000000013743037089
Q2185941	6000000029325583978
Q2186107	6000000041396911237
Q218623	6000000015282921626
Q2186262	6000000012662179144
Q21862825	6000000039012465533
Q218630	6000000037453097069
Q2186319	6000000011813613804
Q2186401	6000000016164160842
Q2186541	6000000026038544323
Q21866984	6000000027542425277
Q2186736	6000000040285231248
Q218679	6000000011060956062
Q218698	6000000040401112646
Q218718	6000000051235577841
Q2187215	6000000017852338018
Q2187237	6000000015414180700
Q21872532	6000000019412097807
Q21872583	6000000019412097802
Q21872877	6000000029158407114
Q2187338	6000000006127682204
Q2187401	6000000017776632151
Q21874218	6000000028224180984
Q21874342	6000000190897551892
Q21874541	6000000084763460247
Q21875098	6000000026227535745
Q21875348	6000000011426032887
Q21876168	6000000066842301862
Q2187661	6000000087292675834
Q2187814	6000000030552432373
Q2187851	6000000005242914631
Q21879434	6000000054637048881
Q218800	6000000012722918196
Q21880760	6000000022044833656
Q2188201	6000000037382989390
Q218823	325183190800006379
Q21883432	6000000016530324366
Q21884040	6000000070623595033
Q2188423	6000000022768843052
Q218845	6000000010404609243
Q2188457	6000000049680717025
Q218849	6000000008662316799
Q2188519	6000000110431514826
Q2188554	6000000016104366398
Q21885998	6000000021089265054
Q21885999	6000000024848540814
Q21886085	6000000010048135039
Q218878	6000000006422183306
Q218879	6000000003232583599
Q21887971	6000000012187614903
Q21888053	6000000017518200829
Q2188812	6000000179493621838
Q218884	6000000027914305243
Q2188855	6000000017202559734
Q218889	6000000019786344024
Q2189056	6000000003847465106
Q2189152	6000000185049635870
Q2189163	6000000070001756161
Q218920	346364989840013829
Q2189260	6000000018491324453
Q218929	6000000052265913911
Q2189394	6000000001103674065
Q2189401	6000000013500893174
Q2189437	6000000021519241468
Q2189455	6000000009486736646
Q2189457	6000000017457384033
Q2189580	6000000184691125249
Q218960	6000000038847335256
Q2189644	6000000022017218842
Q21898072	6000000002565383476
Q218992	6000000015204931528
Q21899297	6000000180331448830
Q21899319	6000000018999902778
Q2189941	6000000018128083529
Q21901	6000000115140476881
Q21901283	6000000012410539583
Q2190143	6000000030235914851
Q2190228	6000000008279089672
Q2190243	6000000071707830942
Q21903209	6000000014578521722
Q21903329	6000000078005178313
Q21903432	6000000044520830873
Q21903451	6000000006444762262
Q21903454	6000000011542213092
Q21903458	6000000012263121838
Q21903476	6000000012462190142
Q21903479	6000000008630274430
Q21903480	6000000002435170968
Q21903483	6000000009621357322
Q21903490	6000000016282661003
Q21903500	6000000011529896613
Q21903509	6000000011182363168
Q21903510	6000000010826839843
Q2190437	6000000031385396841
Q2190469	6000000100559235876
Q2190574	6000000094160935989
Q2190616	6000000037535119981
Q219062	6000000017601815435
Q21907052	6000000019600834616
Q2190808	6000000173844354199
Q2190808	6000000173844583932
Q219088	6000000021915438569
Q2190963	6000000219812552848
Q2191088	6000000224230621015
Q2191145	6000000027126679276
Q2191204	6000000041252327852
Q2191217	6000000053211812993
Q2191257	6000000023020352831
Q219131	6000000140690822447
Q21914416	6000000010503688317
Q21914464	6000000080703220190
Q2191452	6000000025199697048
Q21914780	6000000150972595822
Q21914782	6000000173872819514
Q21914801	6000000173899846927
Q21914802	6000000163848409986
Q21914809	6000000166050430825
Q21914824	6000000156915889826
Q21914843	6000000140322129062
Q21914848	6000000137127182821
Q21914866	6000000136361805835
Q21914886	6000000138219539824
Q21914888	6000000152500727861
Q21914903	6000000165983493634
Q21914914	6000000003408835872
Q21914919	6000000173904656720
Q21914922	6000000165983829909
Q21914959	6000000072436650874
Q21914977	6000000071024748843
Q21914985	6000000163414132362
Q21915026	6000000174431636076
Q21915034	6000000140239106822
Q21915071	6000000175617792822
Q2191599	6000000003284587702
Q219167	6000000026589722189
Q2191695	6000000005408224286
Q2191730	6000000182810764822
Q2191785	6000000144686311858
Q2191914	6000000021106607634
Q2191952	6000000002807896299
Q2192004	6000000173348501995
Q2192040	6000000219390616844
Q2192155	6000000114589487852
Q2192160	6000000034305194891
Q2192198	6000000143906532842
Q2192208	6000000011632948279
Q21922634	6000000058010436995
Q2192369	6000000002187851758
Q219237	6000000144749614848
Q21924231	6000000006869961219
Q2192425	6000000002188416118
Q2192528	6000000020802267968
Q2192547	6000000021518432919
Q2192551	6000000179287012889
Q219256	6000000007377682174
Q21925641	6000000019341253547
Q2192737	6000000000327443425
Q2192916	6000000080388268375
Q21929710	6000000077454338941
Q21929731	6000000027385672986
Q2192985	6000000062167700889
Q2193047	6000000000310613327
Q21931394	6000000019191077200
Q21931922	4755434
Q21932073	6000000172234971298
Q21932388	6000000011198408407
Q2193242	6000000065638602828
Q21932450	6000000000424995339
Q2193251	6000000023315827196
Q2193294	6000000121017101968
Q2193305	6000000027113532401
Q21933172	6000000083205058667
Q21933211	6000000014609722410
Q21933650	6000000014621110189
Q2193382	6000000015128341850
Q219350	6000000017876263410
Q2193505	6000000036834506286
Q219353	6000000007539296639
Q219354	6000000184175180838
Q21935404	6000000010029724712
Q21935632	6000000030856151614
Q2193585	6000000198261686821
Q2193621	6000000072632610275
Q2193665	6000000145436734822
Q2193680	6000000018005834987
Q21936943	6000000002192141238
Q219373	6000000035455812106
Q219377	6000000031981557711
Q219390	6000000134752994823
Q2193967	6000000040732841366
Q219402	6000000032598654012
Q2194068	6000000076228238178
Q2194178	6000000020269303957
Q219420	6000000018698796190
Q2194213	6000000064662467836
Q2194230	6000000023911326316
Q219428	6000000181706089825
Q219432	6000000020653733782
Q219435	6000000002799082875
Q219436	6000000151431388824
Q21944785	6000000025439852953
Q2194487	6000000144057380874
Q219449	6000000009161697842
Q2194644	6000000021237004507
Q21946828	6000000103652255843
Q21946860	6000000017486717553
Q2194769	6000000173204087903
Q219491	6000000066961724941
Q219497	4837648904750134873
Q219505	6000000018209158546
Q2195066	6000000037961595244
Q219507	6000000053714818453
Q2195110	6000000018977155731
Q219512	6000000037859263558
Q219521	6000000123538610823
Q2195210	6000000027135234691
Q21953093	6000000002764419000
Q2195350	6000000003309528763
Q219546	6000000015199351202
Q2195480	6000000018630334252
Q2195500	6000000021000456625
Q219551	6000000026509493170
Q2195581	6000000070642888173
Q219569	6000000008806775491
Q219570	6000000180682305832
Q219572	6000000032923112205
Q2195847	6000000001042866140
Q2196014	6000000009544572329
Q219612	6000000082487304013
Q2196125	6000000031933614689
Q219621	6000000022303854218
Q2196305	6000000179282652837
Q219631	6000000017729421193
Q219634	6000000041348652570
Q219636	6000000041348993959
Q2196379	6000000035863158402
Q219639	6000000006864189042
Q219640	6000000004138493752
Q21964347	6000000011820935347
Q219646	6000000052376488821
Q2196474	6000000072065082902
Q219653	6000000010193157271
Q219655	6000000070630917849
Q219657	6000000170282595839
Q2196584	6000000071443631944
Q2196759	6000000059651676033
Q2196982	6000000015474624175
Q2197135	6000000107626860867
Q219716	6000000041562046580
Q219718	6000000028429079480
Q219721	6000000041844874408
Q219731	6000000002234833813
Q219733	6000000037311364323
Q21973647	6000000015435821914
Q2197385	6000000034898195200
Q2197423	6000000019543607518
Q21974424	6000000110432987842
Q21974444	6000000012412559611
Q2197617	6000000011238882420
Q2197654	6000000032917877512
Q2197688	6000000174454970457
Q219772	6000000178058901858
Q2197779	6000000017696622039
Q219780	6000000078132616774
Q219782	6000000037156107239
Q219784	6000000024961969995
Q2197938	6000000011644675712
Q21979686	6000000068078139896
Q219797	6000000009915871010
Q21979971	6000000062825416836
Q2198070	6000000013523223017
Q21980988	6000000085654744122
Q2198269	6000000173743695499
Q2198309	6000000028462888621
Q219842	6000000012814383098
Q2198428	6000000017249491372
Q2198449	6000000147550925821
Q21984993	6000000080189142014
Q21985013	6000000031971533308
Q2198523	6000000039860673800
Q21985403	6000000150766360821
Q219861	6000000015344057010
Q2198665	6000000014946504586
Q2198761	6000000065882795830
Q2198774	6000000015644671925
Q2198941	6000000127371633848
Q219895	6000000018644804564
Q219912	6000000013589063473
Q2199149	6000000020745609261
Q21991616	6000000012813551223
Q21991635	6000000014329470727
Q2199165	6000000036834828857
Q2199188	6000000002074607602
Q21992917	6000000016372349558
Q21992918	6000000066280782860
Q21992959	6000000070014034975
Q21993199	6000000081041571476
Q21993289	6000000140689889025
Q21993290	6000000140688983243
Q2199345	6000000179227605872
Q21993504	6000000001648717172
Q21993514	6000000001648798196
Q21993686	6000000000530008523
Q21993922	6000000018689196666
Q21993953	6000000030432394865
Q21993961	6000000048188245439
Q21994041	6000000002259672420
Q21994172	6000000011517361306
Q21994276	6000000021503239501
Q2199456	6000000082512734582
Q21994607	6000000044018998891
Q21994833	6000000002583864997
Q2199498	6000000001672396475
Q21994998	6000000053042674871
Q21994999	6000000005438476062
Q21995026	6000000080860434954
Q21995203	6000000040296522968
Q21995263	6000000051273879409
Q21995326	5104496453250102658
Q2199553	6000000026165687664
Q21995632	6000000040123358593
Q21995909	6000000061385281823
Q219962	6000000022704521621
Q21996464	6000000002764505102
Q21996519	6000000023291913731
Q21996542	6000000010019522254
Q21996803	6000000022862286781
Q21996924	6000000000179551976
Q21997023	6000000161495446833
Q21997031	6000000102758686057
Q21997474	6000000165557502251
Q21997525	6000000179700407836
Q21997559	6000000001453511129
Q21997592	6000000005679191630
Q21997791	6000000019445261265
Q21997797	6000000007948406608
Q21997852	6000000153305046826
Q21997889	6000000081442218290
Q21997898	6000000015825573135
Q21998116	6000000151402362208
Q219982	6000000041551834074
Q21998947	6000000188228557875
Q21999663	6000000038416370947
Q2199990	6000000025765932176
Q2199996	6000000020166638971
Q22000627	6000000013521595172
Q22000645	6000000013520839405
Q22000657	6000000001410972332
Q22000998	6000000013521621591
Q22001324	6000000093092137826
Q22001627	6000000174066660941
Q22001629	6000000094098967706
Q22001713	6000000019562746949
Q220018	6000000053322595830
Q22001851	6000000017879355613
Q22001878	6000000049888745866
Q22001977	6000000083766279000
Q22002311	6000000172840579897
Q22002639	6000000023702270471
Q22002751	6000000001180387874
Q220030	6000000013429580628
Q22003165	6000000101425102850
Q22003191	4186238494350051580
Q22003209	6000000081918100075
Q22003255	6000000024347719136
Q2200334	6000000011191148464
Q22003412	6000000014175973098
Q22003413	6000000157973052831
Q22003786	361188163070007637
Q22004058	331420431280002117
Q22004181	6000000028335322209
Q22004450	6000000009959571693
Q2200457	6000000080383915831
Q22004579	6000000003907517125
Q22004585	6000000008078380611
Q22004644	4760087071200120365
Q22004720	6000000032560489553
Q22004741	6000000042394002713
Q22004940	6000000002053497724
Q22004972	6000000025258491108
Q2200634	6000000084734123978
Q2200638	6000000075561745873
Q22006976	6000000036476854952
Q22007043	6000000012516303278
Q220078	5286866039570039664
Q22008958	6000000201255374829
Q220099	6000000074791501176
Q2201027	6000000069459599857
Q22010278	6000000075690681093
Q220105	289197516810004950
Q2201055	6000000033231594843
Q2201154	6000000057416300946
Q2201248	6000000011715602544
Q220130	6000000018645202083
Q2201302	6000000057960282848
Q22013318	6000000198562880832
Q2201394	6000000024988905278
Q220140	6000000149965796838
Q2201474	6000000010708091056
Q22015637	6000000010107891575
Q220157	4016947368440042434
Q220168	6000000017944429981
Q22017214	6000000006341105021
Q22017245	6000000044489807912
Q22017247	6000000080651819954
Q22017249	6000000000229510966
Q22017341	6000000001384256777
Q22017347	6000000011369453417
Q22017363	6000000182286566825
Q22017403	6000000018627984256
Q22017417	6000000004079705749
Q22017421	6000000040963413117
Q22017425	6000000008896479410
Q22017437	6000000091733379165
Q22017440	4797269293000124266
Q22017455	6000000021786279087
Q22017585	6000000004169780775
Q22017854	4157008858520050851
Q22017929	6000000008630255036
Q22018037	6000000013382366815
Q22018103	6000000001937356981
Q22018220	6000000018212222002
Q22018231	6000000149425314821
Q22018290	6000000085449775846
Q22018414	6000000014315396142
Q22018507	6000000000400926697
Q22018514	6000000026534171823
Q22018519	6000000002866968321
Q22018525	6000000150940605901
Q22018548	6000000148314465494
Q22018577	6000000043032894514
Q22018590	6000000075993629227
Q22018604	6000000007220431307
Q22018608	6000000016012380870
Q22018616	6000000005749645707
Q22018621	6000000020487749238
Q22018644	6000000001239091460
Q22018647	6000000016177945213
Q22018663	6000000031501228843
Q22018694	6000000071283376013
Q22018705	6000000009617961023
Q22018716	6000000109753782864
Q22018717	6000000012362843616
Q22018748	6000000026637366070
Q22018750	6000000057252771835
Q22018763	6000000024889743790
Q22018784	6000000018231704006
Q22018788	6000000177757647841
Q22018805	6000000022435968280
Q22018844	6000000131319039925
Q22018846	6000000002758814603
Q22018848	6000000081316688645
Q22018865	6000000009140007064
Q22018866	6000000005415106224
Q22018874	6000000006604726053
Q22018882	6000000026134835486
Q22018883	6000000013085949214
Q22018913	6000000011414380509
Q22019070	6000000000945346238
Q22019070	6000000206880205821
Q22019109	6000000011808839636
Q22019202	6000000079059030850
Q22019284	6000000084939371880
Q22019315	6000000018698911905
Q22019320	6000000014898191418
Q22019378	6000000010513790413
Q22019400	6000000003507317976
Q22019402	6000000043918503980
Q22019420	6000000036974402863
Q22019427	6000000008049086407
Q22019437	6000000007726875522
Q22019462	6000000025021887195
Q22019542	6000000181431237838
Q22019563	6000000078585535691
Q22019566	6000000090253389128
Q22019633	6000000082750223187
Q22019634	6000000001678746199
Q22019652	6000000071155643841
Q22019654	6000000007386644966
Q22019655	6000000071611753165
Q22019662	6000000002023880241
Q2201980	310924270940007069
Q22019950	6000000006871467185
Q22019990	6000000007775359566
Q22020000	6000000002188502254
Q220201	6000000006428370888
Q22020295	6000000011383388563
Q22020315	6000000023149158436
Q22020409	4586365448910030643
Q22020490	6000000003772702540
Q22020535	6000000084624098851
Q22020556	6000000007007929341
Q22020566	6000000014528981060
Q22020602	6000000002106738874
Q22020611	6000000045994342119
Q22020633	6000000008593961141
Q220210	6000000059567272224
Q22022760	6000000171839167332
Q2202296	6000000037809532957
Q22023159	6000000007874815569
Q22025790	6000000002502483220
Q2202625	6000000086522882874
Q2202637	6000000007993467972
Q2202655	6000000083030442003
Q2202749	6000000017447270025
Q2202779	6000000070682725833
Q2202978	6000000018817408014
Q2203034	6000000144703167873
Q2203057	6000000060598395116
Q2203136	6000000025264339354
Q2203214	6000000023956724636
Q2203493	6000000014254441358
Q220352	6000000058997124890
Q2203537	6000000077276398197
Q22035494	6000000016257699045
Q2203573	6000000064810704913
Q2203578	6000000013676393334
Q2203725	6000000046229659201
Q22037463	6000000007528930557
Q22037890	6000000000136854593
Q2203823	4058826330830122137
Q22038936	6000000006875860665
Q22038957	6000000008078452379
Q22038970	6000000014642416193
Q22038989	6000000004571308568
Q22039000	6000000010503575711
Q22039450	6000000014062218848
Q22039578	6000000024789639585
Q22039617	6000000011771523865
Q22039644	6000000006580990310
Q22039817	6000000004867680951
Q220402	6000000000514937688
Q22040640	6000000010036198034
Q220408	6000000011635578037
Q22041069	6000000009942648230
Q22041121	6000000023075885828
Q22041460	6000000011277516397
Q2204212	6000000004104829407
Q2204292	6000000017623720704
Q2204338	6000000000172595341
Q2204367	6000000012331609034
Q2204464	6000000001608944880
Q2204475	6000000005422580013
Q220450	6000000088668188970
Q22045585	6000000069433199913
Q22045604	6000000052592354066
Q22045649	6000000203548623824
Q22046408	6000000169708026120
Q22046533	6000000184073785924
Q2204655	6000000083151978894
Q22046583	6000000018423514333
Q220471	6000000006199717010
Q2204783	6000000037034575898
Q2204793	6000000000036645776
Q220480	6000000024319604542
Q2204805	6000000004015790873
Q22049098	6000000034984757158
Q2205004	6000000005230887456
Q2205159	6000000014141980112
Q220520	6000000013039722212
Q220536	6000000086793121973
Q220545	6000000073122044942
Q22054810	6000000077516074878
Q22054935	6000000014186047605
Q220556	6000000048941083988
Q2205590	6000000001504246079
Q22056344	6000000028513495279
Q2205741	6000000014223222116
Q220593	6000000184268427873
Q220619	6000000011290078343
Q220653	4083706444380125218
Q2206761	6000000049823205154
Q2206925	6000000173858137168
Q220693	6000000197229019862
Q22069307	6000000163780067835
Q22069309	6000000143793287871
Q22069310	6000000090963522879
Q22069326	6000000178090182829
Q22069328	6000000015487443135
Q22069330	6000000140679596983
Q22069336	6000000151466140905
Q22069347	6000000142906400858
Q22069350	6000000086387563843
Q22069351	6000000125856511854
Q22069354	6000000069586322894
Q22069355	6000000180643621009
Q22069368	6000000145442755835
Q22069380	6000000151402154104
Q22069385	6000000065099061018
Q22069396	6000000145331039894
Q22069405	6000000166272363831
Q22069406	6000000173900958286
Q22069412	6000000163812711843
Q22069418	6000000154380376824
Q22069421	6000000081980473285
Q22069427	6000000182506467949
Q22069453	6000000150917776894
Q22069454	6000000076822180092
Q22069475	6000000163843141834
Q22069489	6000000157284731839
Q22069506	6000000156408866827
Q22069511	6000000156302085844
Q22069513	6000000173904898095
Q22069515	6000000149944563822
Q22069518	6000000173904777164
Q22069523	6000000174432436310
Q22069528	6000000138236031822
Q22069551	6000000033247019000
Q22069557	6000000174431632910
Q22069578	6000000155949677834
Q22069586	6000000096428703835
Q22069587	6000000145344211358
Q220703	6000000088926143931
Q220707	6000000033793891226
Q220708	6000000027293784568
Q220711	6000000116757201098
Q2207163	6000000016702337419
Q22073413	6000000043103665055
Q22073813	6000000172054411175
Q22073831	6000000145823986855
Q22073836	6000000038002599553
Q22073849	6000000001608819774
Q22074498	6000000145972938897
Q22074577	6000000009296953759
Q22074653	6000000065580143865
Q22074655	6000000156835186829
Q22074669	6000000107152701848
Q22074670	6000000010825551774
Q22075494	6000000127649196897
Q2207553	6000000072725457961
Q2207624	6000000039053435684
Q220768	6000000150908542843
Q22076833	6000000001977361233
Q22076835	6000000040849509296
Q22077160	6000000010687183960
Q22078653	6000000075428251354
Q22078678	6000000074758474878
Q22078692	6000000074704908892
Q22078923	6000000074746317051
Q22078983	6000000075487477164
Q22079133	6000000074687068990
Q22079174	6000000074749600894
Q22079180	6000000075424984947
Q22079223	6000000074736340822
Q22079238	6000000075398934068
Q2208214	6000000016790837283
Q220823	6000000000702651495
Q2208245	6000000056419326864
Q22082812	6000000077711717859
Q220834	6000000029748574124
Q22083642	6000000010584777955
Q22084186	6000000017606419288
Q22084246	6000000007027770271
Q22084247	6000000083306539639
Q220845	6000000001479578007
Q22084744	6000000008260775430
Q22084775	6000000008260702592
Q22084776	6000000008260517010
Q22084858	6000000180604705832
Q22084887	6000000016352738393
Q22085403	6000000015974551939
Q22085452	6000000015908971667
Q22085952	6000000001504901120
Q2208613	6000000045810581973
Q22086132	6000000011196696946
Q22086169	6000000022936264670
Q22086188	6000000001721051487
Q2208719	6000000003010774910
Q22087332	6000000001372037343
Q22087338	6000000001372045386
Q2208746	6000000152731216547
Q2208753	6000000017513589382
Q22087660	6000000145751171823
Q22087682	6000000021133683966
Q22087685	6000000021133736068
Q22087731	6000000006850925707
Q22087787	6000000021225340438
Q22087860	6000000017615236246
Q220883	6000000012750714430
Q220901	6000000009628646026
Q22090608	6000000017615255621
Q220918	6000000007750258847
Q22092200	6000000018454329508
Q2209347	6000000080529735837
Q22093594	6000000000489451054
Q22093607	6000000141036500976
Q22093629	6000000001496931430
Q220944	6000000021210403684
Q22094696	6000000011239462603
Q2209522	6000000084395419840
Q2209537	6000000024225363359
Q22095395	6000000049601015099
Q22095669	6000000005062583013
Q2209591	6000000014927281664
Q22096077	6000000008231380572
Q2209632	6000000050041493950
Q22096363	6000000143887029958
Q22096467	6000000075251868158
Q22096473	6000000003588501218
Q2209686	6000000023779574299
Q22096977	6000000023383509879
Q22097185	6000000001776030200
Q22097368	6000000055527594048
Q22097506	6000000011037339367
Q22097511	6000000009844719823
Q22097538	6000000010364132527
Q220980	6000000024594644218
Q22098487	6000000074705088688
Q22098856	6000000015825144836
Q22098906	6000000075419731072
Q22098963	6000000053352109975
Q22099251	6000000074727917829
Q22099525	6000000074331877895
Q22099620	6000000018394351562
Q22099714	6000000074736595846
Q22099827	6000000075423728834
Q221001	6000000097150044910
Q22100286	6000000075050682944
Q22100478	6000000075423758836
Q22100489	6000000074725755202
Q22100904	6000000075607059981
Q2210094	6000000064338680921
Q2210100	6000000001733179435
Q22101411	6000000074747812922
Q22101440	6000000074692885822
Q22101636	6000000010263663169
Q22101641	6000000014044528701
Q22102086	6000000082604203880
Q22102785	6000000084471541271
Q2210373	6000000173749119831
Q2210466	6000000174087081878
Q221048	6000000012255474287
Q22105838	6000000001729557567
Q2210593	6000000096405015919
Q2210595	6000000184788648835
Q221061	6000000002789742550
Q22106237	6000000034909058204
Q221068	6000000029695017143
Q22107288	6000000017308085336
Q221074	6000000019039128533
Q2210789	6000000026107189356
Q2210938	6000000004062485672
Q2211047	6000000018286979001
Q22110529	6000000006727947812
Q2211169	6000000011071609316
Q22112143	6000000001142285456
Q22112199	6000000018749379274
Q221125	6000000018634810331
Q2211334	6000000069248899895
Q2211433	6000000151632094836
Q221145	5090996261350044094
Q22114544	6000000010782561395
Q22114863	6000000170299035931
Q22114901	6000000002956667416
Q22115027	6000000024250344358
Q22115127	6000000002188456776
Q22115127	6000000221118390934
Q22115530	6000000056583115979
Q22116674	6000000008780472272
Q22116711	6000000008742207250
Q22116972	6000000013472516118
Q22117118	6000000000129397068
Q22117140	6000000000129397095
Q22117207	6000000010031350517
Q22117270	6000000017872482076
Q22117329	6000000014159468236
Q22117363	6000000010772916288
Q2211749	6000000000699221919
Q22118058	6000000005759694125
Q22118059	6000000017065222309
Q2211866	6000000030150941201
Q221192	6000000015665225468
Q2212012	6000000038303126345
Q22121621	6000000081703279540
Q22121817	6000000008277952541
Q22121906	6000000021515577993
Q2212256	6000000016669588067
Q2212338	6000000016181467249
Q2212498	6000000063788567158
Q2212511	6000000024581225930
Q2212536	6000000017240289172
Q2212547	6000000060181785841
Q2212796	6000000127174055977
Q22129456	6000000075426884905
Q2213093	6000000024246024116
Q2213142	6000000014779966915
Q22132150	6000000008260418940
Q22132157	6000000008260666532
Q2213224	6000000022375816931
Q22132447	6000000008260703615
Q22132490	6000000008260583934
Q22132531	6000000026646770217
Q22132656	6000000014160531040
Q22132818	6000000055053593876
Q22132853	6000000069242054934
Q22132962	6000000054406882849
Q22133041	6000000006355718271
Q22133051	6000000077733642725
Q22133069	6000000063162525916
Q22133071	6000000177249305884
Q22133074	6000000008131835802
Q22133083	6000000025665507753
Q22133126	6000000020987675158
Q22133131	6000000125389017955
Q22133149	6000000087034796900
Q22133172	6000000037544652931
Q22133181	6000000033297845679
Q22133258	6000000025806244355
Q22133262	6000000076920501505
Q22133288	6000000004202703795
Q22133293	6000000043130736885
Q22133433	6000000014704186480
Q22133567	6000000022179025192
Q22133593	6000000084761798828
Q22133602	6000000209092128908
Q22133607	4872052386230126187
Q22133652	6000000024792572231
Q221341	6000000049384253942
Q2213480	6000000065417268831
Q221349	6000000005738037326
Q2213537	6000000000557055751
Q22135596	6000000189273942837
Q221364	6000000012091477272
Q2213643	6000000075429981845
Q22137453	6000000016289910934
Q22137737	6000000002796978709
Q22137882	6000000036868216359
Q22138367	6000000007289818278
Q22138384	6000000015517700636
Q22138557	6000000025440087224
Q22138768	6000000040049410306
Q2214076	6000000173754964327
Q2214093	6000000002188402477
Q221411	6000000017102878192
Q2214200	6000000019083946078
Q2214204	6000000094919380202
Q2214217	6000000036956415915
Q2214329	6000000145024319847
Q221450	6000000040603706435
Q221454	6000000009207030946
Q221464	6000000002666049043
Q2214761	6000000007567397770
Q221479	6000000015261667672
Q221482	6000000013686028227
Q2214907	6000000009474186377
Q2214939	6000000041498952206
Q2214957	6000000058746831209
Q2214967	6000000133976773301
Q2214976	6000000000726797392
Q2214993	6000000025093086999
Q2214998	6000000012933758418
Q2215007	6000000011091447548
Q2215018	6000000024210833306
Q2215022	6000000011675110708
Q2215049	6000000023749204840
Q2215084	6000000000043782874
Q2215089	6000000018060458067
Q2215148	6000000059999388892
Q221531	6000000020636472668
Q221535	6000000012951999562
Q221549	6000000010601798151
Q2215595	6000000036946172016
Q2215667	6000000145826662069
Q2215668	6000000028161678837
Q2215703	6000000153580547854
Q2215727	6000000013749312799
Q2215748	6000000029175675378
Q2215759	6000000171503109840
Q2215778	6000000145356418855
Q2215846	6000000024047550873
Q2215964	6000000006789645486
Q2215966	6000000021518084663
Q2215985	6000000024514263311
Q22160109	6000000047513201938
Q22162612	6000000072078761852
Q22162627	6000000020151022215
Q22162640	6000000020150927185
Q2216391	6000000018456995029
Q2216466	6000000016321163433
Q2216496	6000000037534179806
Q2216645	6000000041790816011
Q221697	6000000101662989823
Q2217029	6000000030522962998
Q221723	6000000052547262830
Q2217295	6000000017244991430
Q221737	6000000016461785145
Q2217469	6000000018080756082
Q2217522	6000000013745849199
Q2217778	6000000008605903669
Q2217810	6000000048980418839
Q221785	6000000018204729232
Q2217906	6000000180589606845
Q221793	6000000166560255007
Q2217937	6000000009428214748
Q2217949	6000000026408051767
Q2217958	6000000042763922317
Q2217978	6000000041973144060
Q2217982	6000000051708365875
Q2217998	6000000060988925679
Q2218016	6000000023375807744
Q2218019	6000000013181861311
Q2218026	6000000017577406427
Q2218064	6000000023457029765
Q2218067	6000000032497991593
Q2218091	6000000020318381244
Q2218118	6000000143962173975
Q2218128	6000000010793111576
Q2218129	6000000020120793139
Q2218137	6000000026175213853
Q2218147	6000000089495929825
Q2218150	6000000018756876149
Q2218156	6000000000586348228
Q2218164	6000000167582494834
Q2218177	4084819549910023066
Q2218180	6000000000470943465
Q2218194	6000000027895210957
Q2218198	6000000015648923383
Q2218206	6000000020447008076
Q2218223	6000000019042147975
Q2218231	6000000013629004937
Q2218239	6000000127439161822
Q2218248	6000000032735255192
Q2218253	6000000032739138940
Q2218257	374093595990012305
Q2218260	6000000024280197676
Q2218270	6000000013206619124
Q2218285	6000000218638546824
Q2218300	6000000012481068775
Q2218305	6000000012330131904
Q2218312	6000000037400096513
Q2218344	6000000032385655390
Q2218348	6000000025473665403
Q2218363	6000000184597290260
Q2218376	6000000013384611116
Q2218403	6000000000437705746
Q2218405	6000000042124794619
Q2218423	6000000039009607055
Q221843	6000000022155341368
Q2218447	6000000177728034829
Q2218457	6000000016330603283
Q2218458	6000000041066889833
Q2218465	6000000018033335103
Q2218492	6000000011396669929
Q2218495	6000000004972858156
Q2218507	6000000024613877138
Q2218570	6000000018125517521
Q2218571	6000000032550911622
Q2218582	6000000019665217189
Q2218590	6000000012545786427
Q2218603	6000000036136584189
Q2218608	6000000015730932113
Q2218628	6000000015298448938
Q2218634	6000000020194620540
Q2218641	6000000188787528822
Q2218660	6000000013396707932
Q2218669	6000000010590325070
Q2218672	6000000008176290009
Q2218673	6000000022162085026
Q2218683	6000000013356071220
Q2218699	6000000002764401552
Q221870	6000000020290212166
Q2218738	4241427572780078148
Q221874	6000000175649060095
Q2218751	6000000006596426016
Q2218762	6000000017132274843
Q2218776	6000000035301506844
Q2218781	6000000015084972393
Q2218791	6000000012235365515
Q2218800	6000000006348443033
Q2218827	343167913930012245
Q2218848	6000000006104279051
Q2218859	6000000065740409150
Q2218873	6000000140179421859
Q2218893	6000000038410846622
Q2218900	6000000022699128089
Q2218926	6000000020380091081
Q2218930	6000000024760098482
Q2218948	6000000026199612521
Q2218966	6000000034295681277
Q2218967	6000000040374575203
Q2218970	6000000041391437271
Q2218974	6000000021580982355
Q2218989	6000000036857833204
Q2218994	6000000015047585089
Q2219076	6000000097092855067
Q221917	6000000082506312238
Q22191766	6000000001824415620
Q2219186	6000000008105396779
Q221923	6000000050263000832
Q221926	3464801
Q221931	6000000004621999004
Q2219377	6000000039367939991
Q2219438	6000000000885348106
Q2219461	6000000041143970150
Q2219859	370281168370011371
Q2219923	6000000034016570262
Q221997	6000000000517060496
Q222008	6000000048828553048
Q22201	6000000035944978074
Q2220279	6000000195520640828
Q2220354	6000000200427916876
Q2220433	6000000084671385782
Q222050	6000000016296549194
Q22205410	6000000014119001448
Q2220543	6000000083073003717
Q2220575	6000000027897025299
Q2220597	6000000017131518656
Q222071	6000000007560986614
Q2220775	6000000110455269896
Q2220909	4727851520320038797
Q22209328	6000000010414499657
Q22209870	6000000079821251175
Q22209953	6000000004279755856
Q2221017	6000000029998632301
Q22211468	6000000002188456389
Q222116	6000000039459450014
Q2221169	6000000011195111880
Q22212	6000000027740517849
Q22212471	6000000002188593786
Q2221257	6000000017402732296
Q2221264	6000000018264684466
Q22213106	6000000126046935114
Q222134	6000000195432263821
Q22213688	6000000006589193792
Q2221431	6000000063156832853
Q2221446	6000000021444153561
Q2221508	6000000024775975843
Q2221567	6000000017496033114
Q2221573	6000000070742938829
Q2221592	6000000054236997871
Q2221606	6000000026061226023
Q2221664	6000000017307090009
Q2221679	6000000175455946156
Q2221844	6000000016202259371
Q2221868	5032563093790088828
Q2222191	6000000037812872880
Q22222	6000000027743370350
Q22222795	365905212100002761
Q2222582	6000000065489810119
Q22226824	6000000003026540198
Q22226852	6000000002239759857
Q2222804	6000000021815526565
Q22230918	6000000010010128659
Q22231147	6000000002437782100
Q22231540	6000000025473177635
Q22231634	6000000034700839853
Q2223240	6000000104648666895
Q2223371	6000000015458018093
Q22234262	6000000051996992084
Q22234388	6000000023899947370
Q22235770	6000000210511950855
Q22236096	6000000047887169831
Q22236097	6000000048817423872
Q22236233	6000000113060560851
Q22236480	6000000035913774337
Q22236536	6000000049926953246
Q22237	6000000005737244724
Q222373	5122715583450064043
Q22237880	6000000039746539251
Q22237890	6000000039746706097
Q222390	6000000014967327697
Q2224014	6000000135186428830
Q2224119	6000000017419944195
Q2224203	6000000225040832929
Q2224236	6000000033111814041
Q2224313	6000000017306971857
Q22244551	6000000017824485028
Q2224468	6000000078054808486
Q2224512	6000000174455783502
Q222452	6000000002173731076
Q2224534	6000000025941193237
Q222458	6000000010808181394
Q2224610	6000000078772203155
Q22246755	6000000079403510935
Q22246767	6000000129976738821
Q22246770	6000000133404036830
Q22246772	6000000129979756821
Q22246906	6000000063157143962
Q22246920	6000000185888614852
Q22247622	6000000184713853839
Q22247776	6000000030190145890
Q22247810	6000000005018373184
Q22247811	6000000077229186104
Q2224852	6000000006954986736
Q22248682	6000000205713499837
Q22249080	6000000053407578282
Q22249541	6000000019100017497
Q22249542	6000000019100348059
Q22249838	6000000094462412878
Q22249960	6000000011621465683
Q22250	6000000027544563249
Q22251731	6000000171916353500
Q222541	6000000035971351508
Q2225598	6000000017515100579
Q2225769	6000000016709774821
Q2225853	6000000177667294830
Q2225990	6000000014254550578
Q22259966	6000000018808789476
Q22259998	6000000001911749031
Q22260	6000000027742141171
Q222606	6000000002188504732
Q22260967	6000000156833682822
Q2226112	6000000037341334555
Q22261199	6000000002185996161
Q2226120	6000000008826399103
Q222616	4104318
Q22261648	6000000039708800407
Q22262423	6000000024172306809
Q22264372	6000000173900697395
Q22264376	6000000143107978144
Q2226459	6000000026943881173
Q2226671	6000000110552253048
Q222693	6000000002188475230
Q2226980	6000000018114374109
Q222708	6000000085370149987
Q2227226	6000000064623164351
Q2227263	6000000003630213373
Q2227482	6000000030568566833
Q22276667	6000000126267170836
Q22277395	6000000042559285487
Q22277798	6000000003510257124
Q22277846	6000000143811040943
Q2227869	6000000217467560828
Q2227896	6000000179288624849
Q22278983	6000000185299952961
Q222791	6000000068371041842
Q22279524	6000000060824612908
Q2227960	6000000065271756835
Q22280063	6000000173853717982
Q222802	6000000013055810690
Q222805	6000000003251841137
Q22280548	6000000095719899146
Q2228105	6000000030063454774
Q22281343	6000000017363438909
Q222818	6000000012988210038
Q22282130	6000000196001941866
Q22282415	4488774598190120344
Q222833	6000000013030913388
Q2228462	6000000042439542329
Q22285470	6000000003495198856
Q2228550	6000000036644640915
Q2228560	6000000076783066542
Q2228580	6000000015602220436
Q22286883	6000000021809763762
Q22286905	6000000018587369672
Q22286939	6000000009900873006
Q2228698	6000000000484968531
Q2228735	6000000143173320095
Q2228762	6000000145818354821
Q222889	6000000156417376883
Q2228950	6000000049576653854
Q2229015	6000000016515277136
Q22290705	6000000019734706289
Q222921	6000000021849734817
Q222935	6000000016302812480
Q222940	6000000034369232350
Q22294946	6000000177993414849
Q22295055	6000000007511974701
Q2229561	6000000031020819851
Q2229992	6000000039890837409
Q223013	6000000078761241988
Q2230188	6000000179376198827
Q22302045	6000000064817268979
Q22302412	6000000005798017697
Q22302425	6000000005803206008
Q22303	6000000096162883007
Q223033	6000000031314694149
Q2230347	6000000013719035013
Q22304860	6000000120626356860
Q22305124	6000000009136280604
Q2230596	6000000069295342901
Q2230684	6000000027698638570
Q2230686	6000000021184796159
Q2230703	6000000003744537518
Q223091	6000000008550456834
Q2231039	6000000108166515849
Q223110	6000000076973223658
Q223117	6000000054058969821
Q22312980	6000000077121713955
Q223151	6000000015874362432
Q223156	6000000007404912394
Q223158	6000000176368720867
Q22316	6000000003681353664
Q2231707	6000000017863784553
Q2231802	6000000036724627414
Q223183	6000000003203951187
Q2231922	6000000111938286280
Q2231963	6000000016381951423
Q22320507	6000000027167821620
Q2232124	6000000015594453155
Q2232182	6000000073409464934
Q2232184	6000000037545642337
Q2232284	6000000003493056901
Q223230	6000000020205720670
Q223233	6000000019869968079
Q223234	6000000084651832042
Q223235	6000000008672902170
Q2232365	6000000221695995866
Q223249	6000000178241407968
Q22325140	6000000012244458249
Q223258	6000000137581613916
Q22326909	316413131980005768
Q22327340	6000000180758753892
Q223274	6000000017849907973
Q22328132	6000000003530745372
Q22328736	6000000019359167823
Q22329345	6000000177096919821
Q2232998	6000000013514257827
Q22330586	6000000022436628229
Q2233061	6000000007292520217
Q22330905	6000000018398367530
Q22332389	6000000079436070717
Q22332764	6000000080651982299
Q2233645	6000000039330753962
Q22336495	6000000044131116513
Q2233663	6000000096044889833
Q22336759	6000000000096007391
Q22336785	6000000020022046636
Q22336794	6000000017238795262
Q22337603	6000000080759370376
Q22337623	6000000014838109613
Q22337634	6000000009187302600
Q22337674	6000000173095823247
Q22337677	6000000034766738728
Q22337708	6000000023499851138
Q22337723	6000000178207733822
Q22337753	6000000018907731638
Q22337848	6000000026079425577
Q22337891	6000000026423151791
Q22337951	6000000051102045821
Q22337955	6000000033619889023
Q22337990	6000000015624674940
Q22337999	6000000172657071690
Q22338	6000000027738047936
Q22338061	6000000140713958868
Q22338062	6000000008603121578
Q22338066	6000000177839869843
Q22338071	6000000116387075842
Q22338076	6000000143788787822
Q22338077	6000000145363124858
Q22338082	6000000177619097855
Q22338089	6000000173905607286
Q22338090	6000000140685080829
Q22338093	6000000026694042143
Q22338103	6000000173873497445
Q22338189	6000000006126968302
Q22338244	6000000020380092549
Q22338391	6000000009656174173
Q22338415	6000000176748050843
Q22338448	6000000001388777837
Q22338497	300242553270003652
Q22338526	6000000184519970889
Q22338637	6000000018040785467
Q22338746	6000000023813362914
Q22339200	6000000006190334657
Q22339203	6000000006190274654
Q22340307	6000000008424197038
Q22340326	6000000014631717043
Q22340338	6000000004079807311
Q22340495	6000000002188514924
Q22340603	6000000082846162163
Q22340675	6000000000491283194
Q22340957	6000000034353394504
Q22341334	3936687188980075648
Q22341816	6000000020690013624
Q22342147	6000000010463329387
Q22342567	6000000007530846464
Q22342695	6000000026825585209
Q22342696	6000000015801987441
Q22342975	6000000048602614969
Q22343040	6000000076004955942
Q22343529	6000000002718234010
Q22343582	6000000043977646901
Q22343619	6000000009513225576
Q22343646	6000000019539856001
Q22343672	6000000067821910892
Q22343684	6000000143152296830
Q22343705	6000000029328375062
Q22343714	6000000171898480822
Q22343724	6000000182325472849
Q22343741	6000000020980221247
Q22343983	6000000099241228020
Q22344362	6000000024697801074
Q22344363	6000000024697914007
Q22344516	6000000156815565865
Q22344651	6000000153021967051
Q22344653	6000000015563992028
Q223447	6000000040500255577
Q223455	6000000033291272488
Q22345573	6000000145233053136
Q22345675	6000000024961118252
Q22345818	6000000174029148428
Q22345853	6000000087559688870
Q22345860	6000000056908236909
Q22348098	6000000211104994823
Q22348232	6000000026679731458
Q22348302	6000000128091208896
Q22348308	6000000033090540295
Q22348469	6000000027660650836
Q2234950	6000000018112440667
Q22350904	6000000018768041923
Q22351079	6000000025522543759
Q22351087	6000000009450109852
Q22351088	6000000128732539875
Q22351182	6000000011238566663
Q22351240	6000000005073853076
Q22351907	6000000152226008823
Q22353036	6000000041889265023
Q2235379	6000000025551088652
Q22354	6000000019287106153
Q223545	6000000001510451951
Q2235456	6000000121062643913
Q2235490	6000000222368363897
Q223576	6000000005563048656
Q2235763	6000000000627201579
Q2235846	6000000012903183677
Q2235900	6000000015150695206
Q223611	6000000025926982545
Q2236361	6000000055685602821
Q2236463	6000000069321401981
Q2236661	6000000143904424859
Q2236760	6000000032103931053
Q2236825	6000000017108845812
Q223687	6000000031210767577
Q223723	6000000028918662951
Q223725	6000000134089349918
Q223741	6000000172595897029
Q223744	6000000173283654833
Q223745	6000000076912607572
Q2237529	6000000034561014860
Q2237654	6000000026176872776
Q223766	6000000009641597971
Q223769	6000000174407640572
Q223771	6000000004655146716
Q223771	6000000056350102833
Q2237728	6000000045698245855
Q2237841	6000000177019420987
Q223786	6000000029061978057
Q223790	6000000006729052140
Q2238008	6000000020381574735
Q223830	6000000022628389562
Q223839	6000000018014929814
Q223875	6000000029489348963
Q2239027	6000000149591748897
Q2239035	6000000016682224570
Q2239218	6000000009307287096
Q2239423	6000000014697933381
Q2239677	6000000046704854864
Q223985	6000000030548447020
Q223992	6000000019505759301
Q2239932	6000000004370820261
Q224002	6000000083385833898
Q2240132	6000000011171200186
Q2240208	364146324880001503
Q224021	6000000029530372720
Q224026	6000000046148906979
Q224029	6000000018444363507
Q2240355	6000000037577331925
Q2240702	6000000003872083790
Q224071	6000000081834596835
Q224081	6000000020438137581
Q2240967	6000000028478683854
Q2241119	6000000017509016908
Q224113	6000000022104101857
Q2241213	6000000021135736499
Q2241444	6000000071833847858
Q2241481	6000000026079871687
Q2241510	6000000071619140369
Q2241580	6000000066973089988
Q224159	6000000002801671284
Q2241644	6000000020448419635
Q2241770	6000000050002197401
Q2241920	6000000182624973907
Q2242035	6000000001358419450
Q224215	6000000005598912554
Q2242153	6000000000292318093
Q2242197	6000000008342631225
Q2242211	6000000017907094119
Q224222	6000000181930358825
Q2242467	6000000052217896900
Q2242486	6000000000889099882
Q2242506	6000000082939069064
Q2242724	6000000181768219845
Q2242972	6000000115887988821
Q224356	6000000010726474322
Q2243690	6000000173936873627
Q2243805	6000000142686720927
Q224382	6000000000351117291
Q22440512	6000000016300159198
Q2244067	6000000009867936588
Q2244086	6000000097060621160
Q22442626	6000000010383498892
Q22442798	6000000015356558118
Q22443691	6000000024172003282
Q22443728	6000000013143479899
Q22443763	6000000023806874444
Q22443795	6000000000436296504
Q2244662	6000000020649145152
Q2244838	6000000021111800740
Q2244934	6000000184728643821
Q2244948	6000000036602241176
Q2245188	6000000098428909998
Q2245400	6000000031658516185
Q2245635	6000000087547592928
Q2245711	6000000015601565190
Q2245801	6000000016542475369
Q2245811	6000000179198919903
Q2245909	6000000020879703155
Q2246113	6000000018624302890
Q2246151	6000000041272613093
Q2246262	6000000223911284857
Q2246344	6000000092577167995
Q2246732	6000000081117489522
Q2246813	6000000008301406950
Q2246903	6000000026453022626
Q2246920	6000000151228551821
Q2246931	6000000178165677835
Q2246942	6000000144740579853
Q224728	6000000005964036527
Q2247371	6000000068418912822
Q224739	6000000079185295848
Q2247419	6000000142927315823
Q224742	6000000010078347423
Q224754	6000000015683851362
Q224765	6000000042600358999
Q2247684	6000000002385289655
Q2247774	6000000068435323823
Q224782	6000000014273721604
Q224787	6000000000825422623
Q2247883	6000000017387075899
Q2248168	6000000027886668026
Q22482634	6000000016550790763
Q22482702	6000000003328145209
Q2248300	6000000017955899207
Q22483191	6000000012781463653
Q22483751	6000000011759292472
Q2248538	6000000015993011254
Q22485852	6000000028561994080
Q22486037	6000000027455327329
Q2248615	6000000011088214191
Q2248621	6000000016752318349
Q2248631	6000000136772624021
Q22486954	6000000016512815477
Q2248705	6000000007425381065
Q2248723	6000000068376934888
Q2248814	6000000003820514034
Q2248867	6000000046106369911
Q2248902	6000000086741057877
Q2248989	6000000002562464789
Q2249162	6000000178963833836
Q2249202	6000000012502032239
Q2249286	6000000024740003541
Q2249325	6000000016550868574
Q2249385	6000000021068621928
Q2249409	6000000006810816492
Q224941	6000000034278810829
Q2249482	6000000026813108552
Q2249936	6000000103707350090
Q2249976	6000000017562880367
Q2250014	6000000007010925093
Q2250081	6000000021119667033
Q2250189	6000000163845784946
Q2250213	6000000002205113039
Q2250278	6000000000900240820
Q2250467	6000000006741908205
Q2250723	6000000163414603845
Q2251148	6000000111160522864
Q225131	6000000034300181255
Q2251433	6000000139469610825
Q2251436	6000000080030344895
Q2251466	6000000007344342355
Q2251597	6000000038936074933
Q2251599	6000000027978912315
Q2251631	6000000139905573825
Q2251814	6000000017853117716
Q2251940	6000000178987566910
Q2252	6000000004906465017
Q2252008	6000000013922137067
Q225205	6000000112055278661
Q225208	6000000156298582834
Q2252332	6000000065814725822
Q225239	6000000002403896539
Q2252474	6000000129684472822
Q2252579	6000000177920836855
Q2252634	6000000113885368947
Q2252646	6000000008395946843
Q2252735	6000000145601033840
Q2252828	6000000177395346829
Q225307	6000000084991642860
Q2253121	6000000022757063116
Q225315	6000000020636441934
Q2253173	6000000051845099993
Q225328	6000000016939514958
Q2253326	6000000096037476170
Q2253385	6000000003104740014
Q2253587	6000000145399672835
Q2253617	6000000002188424713
Q2253860	6000000058754023011
Q22539	6000000077286092593
Q2253913	4591334
Q2253922	6000000006230914986
Q2254007	6000000025860818861
Q2254112	6000000173907343962
Q2254365	6000000035470669003
Q2254368	6000000015383686811
Q2254475	6000000024805408890
Q2254478	6000000017863868424
Q2254518	6000000067596086022
Q2254728	6000000004482443020
Q2254769	6000000016361537476
Q2254875	6000000149919883854
Q2254964	6000000171757391858
Q2254986	6000000021351136204
Q2254987	6000000017699088628
Q2255034	6000000178256489829
Q225509	6000000012494624766
Q2255145	6000000176886691823
Q2255237	6000000156868692839
Q2255249	6000000006101401418
Q2255263	6000000029421620324
Q2255312	6000000015466926805
Q2255325	6000000038076592993
Q225554	6000000014562415422
Q2256122	6000000010320405059
Q2256134	6000000179166139873
Q2256209	6000000014809080798
Q225625	6000000012876280600
Q2256477	6000000126872477920
Q2256634	6000000068376250952
Q2256654	6000000150672802106
Q2256699	6000000002328266594
Q2256834	6000000145346396973
Q2256907	6000000140090640417
Q22569335	6000000002188526422
Q22570114	6000000010396490922
Q22570135	6000000021910332731
Q22570142	6000000182118487847
Q2257352	6000000179280192845
Q2257383	6000000204599899847
Q2257406	6000000131572532821
Q22574189	6000000006443487094
Q22575635	6000000016293462947
Q2257573	6000000166935444855
Q22579044	6000000002188529438
Q2257961	6000000025607714041
Q2258078	6000000178644932857
Q225820	6000000015396559144
Q2258200	6000000142900674021
Q2258211	6000000182266156858
Q2258223	6000000182429669823
Q225823	6000000010143686785
Q22582316	6000000008166825480
Q22582361	6000000021577544472
Q22582378	6000000023793151730
Q2258266	6000000018810674522
Q22582845	6000000042898121712
Q22582884	6000000017007896758
Q22582902	6000000062369143939
Q22582910	6000000006598492420
Q22582917	6000000028166953188
Q22582921	6000000004273001854
Q22582944	6000000069710713065
Q22582962	6000000034628369152
Q22583566	6000000144810144127
Q22583635	6000000000312373155
Q22583666	6000000036000790571
Q225840	6000000084099796882
Q2258497	6000000037531981480
Q225850	6000000018186616397
Q225852	6000000017566123957
Q225863	6000000018647902274
Q2258793	6000000085285502911
Q2258883	6000000179121126828
Q225891	6000000003915237097
Q2258999	6000000003493287249
Q2259175	6000000012941106145
Q2259303	6000000001200014120
Q2259396	6000000163445892841
Q2259407	6000000175814587828
Q2259603	6000000017453107113
Q2259811	6000000066446550863
Q2259866	4652709554160036585
Q2259898	6000000000716412920
Q225991	6000000004592984207
Q225993	6000000000056409462
Q2260134	6000000021345763919
Q226023	6000000034655539009
Q2260377	6000000003122384509
Q2260474	6000000051272565170
Q2260500	6000000015935963812
Q2260558	6000000023870779593
Q2260636	6000000021000943873
Q2260667	6000000001864566018
Q226072	6000000019262078664
Q2260801	6000000084025755337
Q2260839	6000000045216737020
Q2261273	6000000025594429498
Q226131	6000000131321906910
Q2261410	6000000018591592149
Q2261618	6000000024129779656
Q2261625	6000000021136218020
Q2261810	6000000021717313888
Q2261822	6000000013951987272
Q2261920	6000000017955602397
Q2261928	6000000181712519923
Q2261935	6000000004032343003
Q2261948	6000000036326148490
Q2262052	6000000183981809835
Q2262181	6000000127730662834
Q2262189	6000000178603302865
Q2262244	6000000042380207396
Q2262312	6000000026364346494
Q2262485	6000000001766652421
Q2262578	6000000023852743031
Q2262600	6000000002188370468
Q2262608	6000000109084220880
Q2262616	6000000071770185585
Q2262817	6000000007014445974
Q2262823	6000000165541289846
Q2262858	6000000025838120721
Q2262885	6000000069154398874
Q2262991	6000000017288999717
Q2263	6000000005393944335
Q2263028	6000000163419631173
Q2263077	6000000070704231026
Q2263251	6000000180099035822
Q2263305	6000000179884166020
Q2263311	6000000173828000182
Q2263418	6000000156876526890
Q2263533	6000000144735315835
Q2263671	6000000023129605040
Q2263763	6000000173291555900
Q2263774	6000000065555936849
Q2263877	6000000004267867077
Q22639324	6000000172943142644
Q2263968	6000000035216427041
Q2264105	6000000021464795991
Q2264378	6000000037964872725
Q2264573	6000000135358472880
Q2264967	6000000008249267685
Q226525	6000000014561713014
Q2265258	6000000036077718525
Q2265525	6000000158013311907
Q2265581	6000000018060070420
Q2265635	6000000031891316916
Q22661545	6000000002765038923
Q22661627	6000000004289293910
Q22661744	6000000006851674613
Q22661788	6000000006852803792
Q22661863	6000000018585432031
Q22661870	6000000006127417836
Q22662602	6000000003892826005
Q22662604	6000000002984478732
Q22662604	6000000029038794099
Q22662641	6000000019804814042
Q22662659	6000000135067360959
Q2266292	6000000015517420151
Q2266412	6000000084447933885
Q2266536	6000000002562448855
Q22665467	6000000006603143748
Q22665870	6000000004030346084
Q22665950	6000000103952236101
Q22666027	6000000011068327176
Q22666035	6000000080672402917
Q22666128	6000000023088723694
Q22666169	6000000222056527822
Q22666311	6000000213204615822
Q22666407	6000000074830026845
Q22666799	6000000077908596358
Q22667430	6000000020248628855
Q22667586	6000000017870139181
Q22667602	6000000008953743566
Q2266804	4112831
Q22668389	6000000029728340911
Q22668416	6000000033351925913
Q22668663	6000000030126360053
Q22669177	6000000156644168904
Q22669246	6000000014092171229
Q22669249	6000000002087690385
Q22669524	6000000027090513993
Q2266966	6000000004402548063
Q22669677	6000000031182083505
Q22669683	6000000059493189897
Q22669704	6000000028188921089
Q22669745	6000000055625921340
Q22669785	6000000002568356087
Q22669801	6000000175599450835
Q22669836	6000000077076036112
Q22670	6000000022448861384
Q2267027	2370226
Q22670409	6000000017806936116
Q22670491	6000000000904214755
Q22670497	6000000004098072085
Q22670508	6000000088581224343
Q22670523	6000000183120468824
Q22670539	6000000001659171299
Q22670556	6000000046408727224
Q22670592	6000000175524908847
Q22670601	6000000000537978653
Q22670607	5388297392400118898
Q22670618	6000000016037398805
Q22670649	6000000050683374026
Q22670668	6000000002103185036
Q22670699	6000000025220818631
Q22670735	6000000025125319973
Q22670737	6000000050482945936
Q22670788	6000000100810117849
Q22670844	6000000052206214085
Q22670913	6000000003945592689
Q22670927	6000000001548776117
Q22670971	6000000001606380154
Q22671012	6000000006127334807
Q22671291	6000000006127621789
Q22671306	6000000006944501844
Q22671407	6000000004096058369
Q22671775	6000000057618174163
Q22672169	6000000016774918600
Q22672192	6000000016775318192
Q22672193	6000000016775282621
Q2267257	6000000077334333058
Q2267269	6000000030435467324
Q22673596	6000000009968748454
Q22673695	6000000020350244094
Q22673697	6000000010673881532
Q22673825	6000000008962503081
Q22673916	6000000020298528554
Q22673971	6000000019676258094
Q22673974	6000000007311342900
Q22673990	6000000108817977838
Q22674319	6000000007341172538
Q22674350	6000000003216099958
Q22674420	6000000021264294564
Q22674462	6000000019950734196
Q22675070	6000000078334147832
Q22675118	6000000009688026779
Q22675225	6000000073174213849
Q22675670	6000000002188429402
Q22676088	6000000025285631725
Q22677145	6000000008260921816
Q22677155	6000000117620943856
Q22677197	6000000019953778418
Q2267730	6000000022756766958
Q2267929	6000000015339581246
Q2268005	6000000002764918646
Q22680164	6000000050365050890
Q2268017	6000000020089843585
Q2268097	6000000180138406827
Q22681008	6000000201396255840
Q22681132	6000000030938751034
Q22681145	6000000019246051052
Q22681236	6000000119710502930
Q2268126	6000000004581301022
Q22681263	6000000007256560371
Q22681301	6000000177733591862
Q22681666	6000000042956158905
Q22681669	6000000003803440483
Q22681979	6000000020210569815
Q2268227	6000000003988465133
Q2268299	6000000009077135212
Q22683117	6000000033293693331
Q2268332	6000000177106977822
Q22683588	6000000047556591908
Q2268364	6000000007159855241
Q22683718	6000000014785635563
Q22684368	6000000057619159864
Q22684458	6000000175866229935
Q2268502	6000000121302042845
Q2268539	6000000015049492768
Q2268587	6000000037600832135
Q22686	6000000007106626344
Q2268720	6000000007005831274
Q22687930	6000000007301490608
Q2268819	6000000177347550840
Q22688236	6000000045695047857
Q22688356	4371699742880124805
Q2268845	6000000168817903645
Q22688699	6000000006802547032
Q22688898	6000000004869028622
Q22689250	6000000086574064001
Q2268975	6000000142673343927
Q22689884	6000000021746462418
Q22690936	6000000002456670548
Q22691271	6000000125023597916
Q22691304	6000000039151690445
Q22691321	6000000056139296061
Q22691339	6000000180764136846
Q22691345	6000000022215220598
Q22691359	6000000041432526267
Q22691399	6000000041517260852
Q22691544	6000000092349727886
Q22691581	6000000051641630900
Q22691585	6000000025823898708
Q22691624	6000000016512957402
Q22691774	6000000055523369850
Q22691792	6000000018728197186
Q22691878	6000000085931823887
Q22691896	6000000022393645773
Q22692032	6000000008186633023
Q22692211	6000000013733478447
Q22692248	6000000019496302494
Q22692269	6000000016638589090
Q22692541	4375707475360072507
Q22692626	6000000077050776044
Q22692708	6000000183798982853
Q22692814	5469409747370128086
Q22692819	5469405668780064876
Q22692820	5469402251750136701
Q22692882	6000000077860738829
Q22693049	6000000141559678970
Q22693074	6000000024892370555
Q22693077	6000000023391045420
Q22693111	6000000000915588087
Q2269323	6000000216986169853
Q22693378	6000000019213290434
Q22693402	6000000049308127847
Q22693410	5531089780140061793
Q22693422	6000000103276393206
Q22693563	6000000024674865347
Q22693621	6000000036178461211
Q22693834	6000000001076485365
Q22693841	6000000016499086477
Q22693851	6000000132404186036
Q22693866	6000000089243731025
Q22693940	6000000030832146897
Q22693954	6000000019535324103
Q22694003	6000000186409049838
Q22694043	6000000025814464826
Q22694044	6000000025813306125
Q2269411	6000000058001890833
Q22694467	6000000002764440564
Q22694533	6000000008211885572
Q22694578	6000000011881607350
Q22694582	4491890092070037145
Q22694619	6000000016897218028
Q22694633	6000000004097776612
Q22694671	6000000040127618552
Q22694738	6000000025790677955
Q22694741	6000000005431857139
Q22694743	6000000026178247571
Q2269478	6000000008622756776
Q22694821	6000000132455478822
Q22694828	6000000032277575420
Q22694832	6000000009966319161
Q22694874	6000000054026244875
Q2269490	6000000003382078783
Q2269556	6000000048126920870
Q22695665	6000000001270517541
Q22695909	6000000016422068701
Q22696168	6000000181076780844
Q22696461	6000000010008016347
Q22696526	6000000072807435822
Q22696532	6000000000007889238
Q22696589	6000000043851853595
Q22696594	6000000000906941235
Q22696606	6000000020534105478
Q22696615	5002369499540083449
Q22696623	6000000002940475244
Q22696648	6000000008447762181
Q22696656	6000000011474494578
Q22696658	6000000027345082439
Q22696659	6000000019274371771
Q22696668	6000000034414298796
Q22696683	6000000008614724053
Q22696694	6000000007322018377
Q22696695	6000000014292821061
Q22696696	6000000000575543149
Q22696712	6000000179044705836
Q22696717	6000000030833235895
Q22696735	6000000009509995593
Q22696742	6000000078925988112
Q22696748	6000000025844342077
Q22696758	6000000038762351244
Q22696760	6000000076933942333
Q22696771	6000000003621044049
Q22696773	6000000054928008822
Q22696789	6000000010351269336
Q22696790	6000000150676638887
Q22696792	6000000040598598260
Q22696798	6000000019512123224
Q22696808	6000000126434875042
Q22696810	6000000016336199594
Q22696816	6000000008354462346
Q22696817	6000000010678831145
Q22696870	6000000021648715809
Q22696900	6000000039673168480
Q22696943	6000000015453623362
Q22696948	6000000069909779826
Q22696951	6000000048159242898
Q22696964	6000000061168570949
Q22696967	6000000039996150967
Q22696981	5498892401370030627
Q22696984	6000000022860015428
Q22696985	6000000011714349678
Q2269856	6000000001785001668
Q2269986	6000000007329627633
Q2270132	6000000144745939844
Q2270262	6000000031481952046
Q2270346	6000000046929499062
Q2270375	6000000013939490484
Q22703944	6000000083249336104
Q22703952	6000000078152754204
Q22704340	6000000001108590746
Q22704357	6000000008631981249
Q2270440	6000000210881602822
Q22704637	6000000002764921889
Q22704823	2129153
Q2270546	6000000086258694937
Q2270599	6000000037487849939
Q2270641	6000000020028290719
Q2270669	6000000023799684874
Q2270695	6000000176656304861
Q2270821	6000000018644794692
Q2270825	6000000002349336479
Q2270834	6000000107124619836
Q2271013	6000000064390834860
Q2271085	6000000004980100204
Q227109	6000000014533646450
Q2271104	6000000000624054091
Q2271150	6000000003244303985
Q22712113	6000000014533591891
Q2271250	6000000029767314318
Q22712579	6000000053712689910
Q2271277	6000000032081702960
Q227129	6000000023812260150
Q2271322	6000000007952561800
Q22713609	6000000019276221017
Q22713613	6000000011421049096
Q22713658	6000000030193570082
Q22714	6000000017340453242
Q227142	6000000029616130423
Q2271444	6000000022950399839
Q2271478	6000000011336555006
Q2271483	6000000000490914389
Q2271495	6000000029948219179
Q2271523	6000000013641192279
Q2271540	6000000017251328408
Q2271674	6000000016201231514
Q2271720	6000000017135481242
Q2271796	6000000015290809892
Q22718535	6000000020934715719
Q2271915	6000000012722113254
Q2272093	6000000022757022879
Q2272284	6000000005103376413
Q2272398	6000000017306623605
Q2272422	6000000071551513879
Q2272478	6000000018039505806
Q22725597	6000000029226144013
Q2272587	6000000040392011488
Q2272695	6000000017837128490
Q2272816	6000000001518385920
Q2273016	6000000003936060579
Q2273056	6000000036636174469
Q227306	6000000057434373922
Q2273080	6000000002188552047
Q2273489	6000000069591687913
Q2273635	6000000008345466855
Q2273636	6000000012592073908
Q2273739	6000000017505947423
Q2273775	6000000017188317176
Q2273815	6000000014961107234
Q2274	6000000060269736059
Q2274014	6000000075560289904
Q2274070	6000000137617468952
Q2274198	6000000118490353830
Q2274250	6000000012661950094
Q2274258	6000000178082332821
Q2274424	6000000082672234103
Q2274519	6000000014960466304
Q2274572	6000000015508443568
Q2274757	6000000043911568843
Q2274772	6000000013506136223
Q2274855	6000000011708157006
Q2274907	6000000035926317031
Q2274956	6000000027136303311
Q22750	6000000030811164570
Q2275000	6000000090830297669
Q2275085	6000000007399334921
Q22752740	6000000018606606759
Q22752993	6000000008307251450
Q2275367	6000000177011686974
Q2275382	6000000034561583006
Q2275412	6000000015644802407
Q2275413	6000000003583785488
Q2275615	6000000105731584416
Q2275693	6000000085573477841
Q2275715	6000000013426886003
Q2275881	6000000031835091923
Q2275916	6000000014428236483
Q2275923	6000000050240181368
Q2276171	6000000001401372117
Q2276213	6000000003122429866
Q2276645	6000000040868088724
Q2276791	4522592456590037758
Q2276851	6000000001953386335
Q2276856	6000000212666690832
Q2276884	6000000006721217808
Q2276907	6000000016868571017
Q2277014	6000000029736656709
Q2277044	6000000067116156850
Q2277050	6000000164466957100
Q22770816	6000000036645602167
Q22771046	6000000010459955792
Q2277202	4541513
Q2277299	6000000083093760960
Q2277355	6000000008500135472
Q2277365	6000000008881365723
Q22773775	6000000075482190328
Q2277410	6000000005796585255
Q227743	6000000071765934146
Q2277432	6000000015232526691
Q22774348	6000000074768513288
Q22774382	6000000074704621863
Q22774382	6000000074717107866
Q22774538	6000000132368437905
Q2277619	6000000001493374388
Q2277813	6000000018955887112
Q2277844	6000000027968626724
Q2277850	6000000029325597080
Q2277915	6000000067656116018
Q2277938	6000000016197607997
Q2277958	6000000018286886140
Q2278000	6000000004593203379
Q2278042	6000000001438980009
Q2278120	6000000008501397873
Q2278200	6000000009627258186
Q22782320	6000000003275889738
Q2278242	6000000065144397018
Q2278283	6000000015535276099
Q2278380	6000000002290236017
Q2278398	6000000011060383630
Q2278430	6000000181696467887
Q2278455	6000000081065311823
Q2278473	6000000179154026822
Q2278483	6000000024830764346
Q2278538	305934784400007129
Q2278571	6000000012676965624
Q2278765	6000000145535089931
Q2278847	6000000143236721822
Q2278920	6000000145766824831
Q2278925	6000000018624302880
Q2278947	6000000013775170251
Q2278956	6000000166927520842
Q227897	6000000000161333414
Q2279047	6000000079806774833
Q2279067	6000000017719178267
Q2279174	6000000025579647102
Q2279236	6000000021119361731
Q2279337	6000000016387885087
Q2279355	6000000017992669545
Q2279419	6000000072064899428
Q2279600	6000000017305833893
Q2279665	6000000025553603562
Q22798051	6000000010800622902
Q2279822	6000000013886314312
Q2279884	6000000002188409567
Q2279887	6000000002188434148
Q22799016	6000000022979793296
Q2279943	6000000016176267931
Q2280001	6000000029821079079
Q2280064	6000000018935799030
Q2280136	6000000085120485975
Q2280226	6000000000769996736
Q2280304	6000000069113521218
Q2280388	6000000078917772169
Q2280555	6000000102333097941
Q2280558	6000000015394567596
Q2280615	6000000088314149865
Q22806162	6000000141041791921
Q2280631	6000000030551861841
Q2280680	6000000018775786048
Q22807465	6000000002183655206
Q22808421	6000000010324673893
Q22808774	6000000022190282802
Q2280915	4915319255330024622
Q2280940	6000000039435177104
Q2280967	6000000035744754443
Q22809728	6000000026191833320
Q22809885	6000000119386391858
Q22810322	6000000007014359480
Q22810596	6000000001753030255
Q22810614	6000000083249134203
Q22810717	6000000080087986067
Q22810719	6000000152041127827
Q22810736	6000000006321287991
Q22810755	6000000016666087399
Q2281121	6000000001169082632
Q2281130	6000000177329921839
Q22811395	6000000088670758865
Q22811450	6000000037408822335
Q2281146	6000000009728345524
Q22811575	6000000000327846106
Q22811865	6000000181301690852
Q2281256	6000000016976631594
Q22812643	6000000012967280756
Q22812644	6000000012967684426
Q22812645	6000000012967395630
Q22812646	6000000012967608937
Q22812647	6000000012967728224
Q22812648	6000000012967671460
Q22812650	6000000012967695428
Q22812651	6000000012967576987
Q22812653	6000000012967408609
Q22812654	6000000012967334777
Q22812656	6000000012967714477
Q22812657	6000000012967700665
Q22812658	6000000012967771224
Q22812659	6000000012967382732
Q22812660	6000000012967677817
Q22812661	6000000012967801205
Q22812662	6000000012967666085
Q22812663	6000000012967755340
Q22812664	6000000012967674091
Q22812665	6000000012967664960
Q22812666	6000000012967299660
Q22812668	6000000012967674127
Q22812670	6000000012967714669
Q22812670	6000000074792842920
Q22812671	6000000011250302801
Q22812690	6000000032466467430
Q22812709	5364769411410134269
Q22812710	6000000020175005503
Q22812716	6000000012975650789
Q22812994	6000000013030238247
Q22813413	6000000074733981064
Q22813806	6000000002460337190
Q22813831	6000000074733153833
Q22813833	6000000074733030920
Q22813835	6000000074733100858
Q22813838	6000000074733183881
Q22813839	6000000074733194863
Q22813842	6000000074733045941
Q22813847	6000000075343720221
Q22813852	6000000075344526834
Q22813853	6000000075344199999
Q22813973	6000000074732463137
Q22814018	6000000075327787861
Q22814020	6000000075327719914
Q22814021	6000000075327125219
Q22814022	6000000075327729864
Q22814028	6000000075326952814
Q22814034	6000000047585903437
Q22814192	6000000075399150858
Q22814193	6000000075398739178
Q22814194	6000000075399005010
Q22814199	6000000075398910088
Q22814204	6000000075399001997
Q22814205	6000000075398134511
Q22814206	6000000075398965036
Q22814207	6000000075398640231
Q22814208	6000000075398898081
Q22814209	6000000020602144981
Q22814272	6000000075327536002
Q22814273	6000000075327625923
Q22814296	6000000008394693975
Q2281443	6000000016744842374
Q2281519	6000000145623605822
Q22815427	6000000022144348994
Q2281626	385085559720007701
Q2281685	6000000042376943467
Q2281829	6000000069403359872
Q2281856	6000000037743464329
Q2281897	6000000087988922893
Q2281914	6000000043054054023
Q2281933	6000000083913684045
Q2281965	6000000161325180821
Q2281991	6000000175706528859
Q2281997	6000000012188708377
Q2282017	6000000009834035274
Q2282246	6000000178256931935
Q22825802	6000000013266118794
Q22826073	6000000078003533410
Q22827604	6000000062810299916
Q2282884	6000000080005614193
Q22829089	6000000074783719277
Q22829091	6000000046886539164
Q22829107	6000000075057853125
Q22829119	6000000036821190783
Q22829124	6000000074687953983
Q22829127	6000000074688023935
Q22829131	6000000074687519148
Q22829132	6000000074686858635
Q22829149	6000000075058332041
Q22829152	6000000012663439754
Q22829311	6000000012622483485
Q22829312	6000000012622441931
Q22829313	6000000012622393522
Q22829314	6000000012622482598
Q22829315	6000000012622460680
Q22829316	6000000012622121116
Q22829317	6000000012622485629
Q22829318	6000000012622222931
Q22829401	6000000009797541045
Q22829407	6000000009797651451
Q2282942	6000000164091179857
Q22829423	6000000023768811822
Q22829552	6000000011727414249
Q22829555	6000000013052374652
Q22829557	6000000013051888133
Q22829559	6000000013052377380
Q2283087	6000000035994959901
Q2283251	6000000084316745414
Q2283264	6000000040049632233
Q2283322	6000000020733016314
Q2283325	6000000030697908217
Q22833310	6000000002188572683
Q2283347	6000000010097316417
Q2283348	6000000068380268856
Q2283367	6000000019627754824
Q2283368	6000000016790794781
Q2283380	6000000002764502560
Q2283382	6000000023233658185
Q2283456	6000000076677687023
Q2283460	6000000086846336028
Q2283561	6000000077661294699
Q2283588	6000000015843737534
Q2283626	6000000039938969128
Q2283634	6000000001163460137
Q2283706	6000000035585477947
Q2283787	6000000007014371843
Q2283793	6000000045970585821
Q2283795	6000000014826385545
Q2283810	6000000148091415088
Q2283811	6000000010058004835
Q2283815	6000000023821262932
Q2283832	6000000046302955945
Q2283899	6000000087641856948
Q2283905	6000000006843093040
Q2283908	6000000014693946558
Q2283916	6000000023858383276
Q2283960	6000000034198598692
Q2283977	6000000174302668822
Q2284055	6000000000022369829
Q2284058	6000000042213444248
Q2284067	6000000011668485579
Q2284073	6000000009245701766
Q2284084	6000000083059713038
Q2284091	6000000181133549854
Q2284115	6000000026353854676
Q2284122	6000000103324839303
Q2284213	6000000222980698847
Q2284446	6000000017989912636
Q2284684	6000000048108150200
Q2284779	6000000026353942454
Q2284805	6000000028142171910
Q2284807	6000000129356610853
Q2284815	6000000025151801019
Q2284824	6000000041167540565
Q2284831	6000000020529744292
Q2284835	6000000016430510163
Q2284840	6000000024862821512
Q2284934	6000000011481565717
Q228494	6000000000438424640
Q2284944	6000000025606038770
Q2284948	6000000078486298991
Q2284951	6000000114873374882
Q2284955	6000000013429511453
Q2284971	6000000015495219399
Q2284985	6000000002501786046
Q2284992	6000000002802219189
Q2284997	6000000023684560924
Q2285026	6000000027552360243
Q2285039	6000000034980458734
Q2285040	6000000072028360108
Q2285044	6000000007381982690
Q2285049	6000000088308196845
Q2285186	6000000008171845196
Q2285333	6000000061733925952
Q2285345	6000000024874618610
Q2285371	6000000182306222902
Q228546	6000000014091453905
Q2285514	6000000009527360109
Q2285532	6000000030437791179
Q2285551	6000000017510320631
Q2285554	6000000012090551744
Q2285613	6000000016542554048
Q2285645	6000000068077638920
Q2285666	6000000013249713492
Q2285669	6000000114675394865
Q2285671	6000000076505982001
Q2285675	6000000086299963111
Q2285747	6000000048054851123
Q228579	6000000020126997036
Q228584	366957989460012499
Q2285932	6000000070863871126
Q228598	6000000048931532856
Q228607	6000000051894691982
Q228611	6000000004387873010
Q228616	6000000126090966825
Q2286368	6000000014253806969
Q2286372	6000000016614725679
Q228638	6000000003437695397
Q2286404	6000000068490365996
Q228642	6000000054964207011
Q228645	6000000002447366540
Q2286464	6000000145342842074
Q228650	6000000035698102483
Q2286577	6000000156834726882
Q2286659	6000000033211342401
Q2286729	6000000024670636232
Q228676	6000000021272915686
Q2286799	6000000134079359839
Q2286825	6000000143252834132
Q2286913	6000000082033685750
Q228699	6000000010462119837
Q2287040	6000000010703089865
Q228706	6000000056941208852
Q2287091	6000000026132551336
Q2287217	6000000148176721886
Q228733	6000000040701318993
Q228739	6000000046895727204
Q2287394	6000000015381918533
Q2287453	6000000040764311084
Q2287467	6000000002858905949
Q2287486	6000000014037238443
Q2287506	295102993700007969
Q2287510	6000000005930771530
Q2287515	6000000002764822911
Q2287523	6000000080427675006
Q2287532	6000000030887002389
Q228755	6000000027131315282
Q2287602	6000000028729195843
Q2287637	6000000027739866964
Q2287657	6000000077654426877
Q228766	6000000015522315261
Q2287686	6000000026367559668
Q2287706	6000000022671247603
Q2287766	6000000010360615751
Q2287820	6000000004096138275
Q2287852	6000000017815152684
Q228787	6000000012091283539
Q228789	3226619
Q2287907	6000000057250298918
Q2287910	6000000016064319624
Q2287939	6000000044419885538
Q2287953	6000000015312644172
Q2287959	6000000010273413244
Q2287977	6000000016154388612
Q228801	6000000047449107081
Q2288058	6000000020839190040
Q2288063	6000000175562618850
Q2288294	6000000035688815336
Q2288315	6000000179338353910
Q2288359	6000000017925781444
Q2288368	6000000019627752226
Q2288473	6000000019175811345
Q228860	6000000024696578638
Q228862	6000000084326226292
Q228868	6000000048940585026
Q228877	6000000010553933776
Q2288807	6000000006912441063
Q228882	6000000031669663459
Q228888	386153489930002676
Q2288889	6000000163413741126
Q228899	6000000007981578815
Q228901	6000000002487096609
Q228904	6000000012412518483
Q228906	6000000002765481555
Q228918	6000000178105077824
Q2289203	6000000141082367872
Q228928	6000000006796250336
Q2289337	6000000094191998912
Q22893452	6000000015161740064
Q22893896	6000000163844053832
Q2289394	6000000141067035831
Q22893955	6000000007122118603
Q22894012	6000000178030473851
Q22894027	6000000015998683094
Q22894076	6000000000529805261
Q228968	6000000047611300102
Q2289691	6000000021947596179
Q2289756	6000000112269501831
Q2289900	6000000176992648841
Q229011	6000000025246568623
Q2290123	6000000025594864353
Q229018	6000000019870689160
Q229021	6000000021900851588
Q2290302	6000000027326776241
Q229034	6000000015242179436
Q229038	6000000008900514749
Q2290416	6000000036752052764
Q229042	6000000021810485069
Q229046	6000000016821119483
Q229048	6000000014223261117
Q229050	6000000026173699707
Q2290508	6000000008093530507
Q2290552	6000000014271671570
Q229056	6000000021677755691
Q229059	6000000143720443833
Q22906145	6000000011727236690
Q229062	6000000213082610822
Q2290778	6000000184032500822
Q2290804	6000000006444745961
Q22908127	6000000007294114367
Q22908164	6000000039031273407
Q2290883	6000000037337707629
Q2290884	6000000006127657362
Q2290916	6000000008761443502
Q2290948	6000000015401323246
Q22909872	6000000058507030824
Q2291	6000000071220455084
Q22910036	6000000007690338303
Q22910695	6000000008231393141
Q229108	6000000027317828653
Q2291097	6000000000759439261
Q22911014	6000000166918773827
Q2291103	6000000006589243747
Q229112	6000000049924523339
Q22911301	6000000010762622870
Q22911321	6000000077638968907
Q22911326	6000000061509819836
Q22911355	6000000009778591448
Q2291157	6000000183098319898
Q22911573	6000000160446282821
Q22911577	6000000079359074063
Q22911579	6000000134095598939
Q22911609	6000000021717336747
Q22911699	6000000075775784861
Q2291204	6000000116862723336
Q229121	6000000192058729888
Q229134	6000000029957811823
Q229137	6000000170625009821
Q229139	6000000012047534067
Q229141	6000000163415984981
Q229147	6000000183851417828
Q22914826	6000000005794188888
Q22914830	6000000027342794580
Q22914859	6000000024303717589
Q22914878	6000000016506455935
Q22915129	6000000084927211519
Q22915182	6000000031100538856
Q22915332	6000000103278551821
Q22915349	6000000180166519873
Q22915352	6000000024975900155
Q22915824	6000000015287996762
Q2291618	6000000079182366729
Q229162	6000000032745180891
Q229166	6000000035889462459
Q22916749	6000000181863574837
Q22916804	6000000011657438393
Q22916817	6000000008641373303
Q22916818	6000000051800943092
Q22916840	6000000007130981907
Q229169	6000000033200003364
Q22916961	6000000178095635842
Q2291709	6000000002416865326
Q22917094	6000000001794792776
Q22917121	6000000012979891627
Q229176	6000000104047051821
Q229179	6000000061905645842
Q2291802	6000000055155526939
Q229181	6000000055099608957
Q229184	6000000048935483855
Q22918505	6000000040754928073
Q22918550	6000000029327495242
Q22918553	6000000129343276845
Q22918598	6000000206159632864
Q229187	6000000018733887684
Q229190	6000000012448201016
Q2291903	6000000018021933494
Q22919091	6000000003413405098
Q229192	5395072124840042760
Q22919311	6000000015155798097
Q22919455	6000000037492959047
Q22919626	6000000011565072119
Q22919696	6000000001981349900
Q2291977	6000000079374383853
Q22919841	6000000039871016295
Q22919847	6000000024730215027
Q2291985	6000000015774247247
Q22919934	6000000174824894944
Q22919957	6000000026587686982
Q2292019	6000000069119788959
Q229202	6000000000619994838
Q22920287	6000000019812293688
Q22920302	6000000018169219549
Q22920382	4226168932660015866
Q22920650	6000000006770043095
Q22920706	6000000145652037833
Q22920711	6000000026241055498
Q22920747	6000000016352157555
Q229208	6000000003219788110
Q2292120	6000000017166123409
Q22921201	6000000011435558349
Q22921279	6000000090056048896
Q2292131	6000000075418216979
Q22921436	6000000003003213643
Q22921536	6000000118599098990
Q229218	6000000008082718592
Q2292202	6000000090499705938
Q229223	6000000048938626009
Q229226	6000000017945797735
Q229228	6000000049094321126
Q22922894	6000000028869067970
Q22922926	6000000043182823098
Q22923004	6000000020668774536
Q229232	6000000009699861415
Q229234	6000000025767669910
Q2292423	6000000195920254824
Q229244	6000000018747582062
Q229249	6000000008595481477
Q2292536	6000000011692863544
Q229258	6000000024724732859
Q2292582	6000000017201250694
Q229264	6000000020611304293
Q2292656	6000000012952072579
Q22926744	4250310319520050819
Q22926982	6000000031950484124
Q22926991	6000000183094910015
Q229271	6000000054200786976
Q229272	6000000076563870226
Q22927477	6000000015984704932
Q229276	6000000031797747047
Q2292784	6000000173587599308
Q229282	6000000048940192534
Q2292845	6000000135759284976
Q229286	6000000000856408220
Q2292959	6000000002188416448
Q229310	6000000052755169889
Q229313	6000000018280366447
Q2293135	318868204980001411
Q2293140	6000000028124751872
Q2293154	6000000014653579253
Q229319	6000000013658966270
Q2293226	6000000024279410137
Q2293325	6000000026105668380
Q229338	6000000027853288168
Q2293447	6000000065745248843
Q2293455	6000000005573763848
Q229351	6000000020191550137
Q2293604	6000000207837352824
Q22936353	6000000007315862864
Q229364	6000000032054547183
Q2293650	6000000010038235786
Q2293663	6000000188322654860
Q2293720	6000000012631026084
Q22937453	6000000021792745061
Q229375	6000000010081885242
Q22939033	6000000023841307901
Q2293990	6000000004122494107
Q22940565	6000000086372736936
Q22940582	6000000037651705746
Q2294066	6000000069596038841
Q2294213	6000000016542407433
Q229424	6000000001982305018
Q229426	6000000047142700187
Q229430	6000000000432060146
Q229437	6000000011913309138
Q2294382	6000000027353276619
Q229440	6000000017673210051
Q229442	6000000010443329330
Q22944362	6000000182995016842
Q22946452	6000000111386770821
Q22946712	6000000106856030150
Q229477	6000000017673425743
Q22947726	6000000181049462861
Q22947777	6000000168155529822
Q2294797	6000000047064302075
Q229480	4841611113370073504
Q229487	6000000027756377028
Q2294902	6000000151388792914
Q229498	6000000178145422854
Q2295020	6000000048749868961
Q229503	6000000225365480828
Q22950574	6000000031565094982
Q2295067	6000000019984478098
Q229507	6000000009318085261
Q22951294	6000000007918640990
Q229513	6000000029776184346
Q229520	6000000041539664003
Q2295245	6000000015319092675
Q22952511	6000000013186316923
Q22952517	6000000027755787335
Q229528	6000000049097445827
Q2295429	6000000032394479896
Q229545	3863647
Q229550	6000000177949032834
Q22955292	6000000078484064059
Q22955306	6000000172510986828
Q229556	6000000008875188559
Q229560	6000000009929827421
Q2295602	6000000083739500954
Q22956243	6000000008190442537
Q22956358	6000000015243026145
Q22956488	6000000016444583250
Q229572	6000000004293820926
Q229577	6000000028694034044
Q22957822	6000000147890824845
Q22957824	6000000011081822231
Q22957855	6000000142323855837
Q22957899	6000000071686504035
Q22957932	6000000030421162088
Q22957940	1468442
Q22957954	6000000007400284906
Q22958047	6000000003938865297
Q22958104	6000000075401204822
Q22958140	6000000010145609535
Q22958189	6000000149625318930
Q22958317	6000000014381779811
Q2295835	6000000121017066400
Q229584	6000000096052789784
Q22958407	6000000000363089676
Q22958453	6000000126019190821
Q22958617	6000000001971891497
Q22958635	6000000179470895894
Q22958641	6000000057778682075
Q22958779	6000000083993165919
Q22959153	6000000006127607194
Q22959195	6000000071424163331
Q22959230	6000000039952706159
Q2295962	5180174293160026429
Q229612	6000000076560177090
Q2296122	6000000145018013915
Q2296126	6000000027256089389
Q229619	6000000023729853103
Q22961912	6000000020176938079
Q22962976	6000000039802438826
Q229631	6000000012422526870
Q22963322	6000000051144796908
Q22963778	6000000019924098714
Q22964483	6000000020278635626
Q22964527	6000000007441806478
Q22964569	6000000016726573064
Q22964599	6000000082441993296
Q229646	6000000081864583464
Q229651	6000000048503963864
Q22965780	6000000180112430857
Q229669	6000000049037082865
Q229674	6000000002447369732
Q2296770	6000000003086879742
Q2296798	6000000032332194052
Q2296823	6000000018022231387
Q22968289	6000000002355399197
Q229689	6000000041540206869
Q22969281	6000000026406862898
Q22969292	6000000040737996748
Q22969380	6000000001103297033
Q22969406	6000000014181550589
Q2296963	6000000001436169874
Q22969872	6000000006444666549
Q22970377	6000000004957667715
Q229704	6000000052760706850
Q2297070	6000000112534701971
Q22970727	6000000003684579433
Q22970741	6000000003684293810
Q22970782	6000000009402887583
Q22970794	6000000002111594140
Q2297106	6000000178506894831
Q229714	6000000026491785728
Q229716	6000000014566696934
Q229749	6000000007748982214
Q2297498	298744114920002960
Q2297571	6000000078679456598
Q22975920	6000000006567694831
Q22976220	6000000143114137830
Q22976627	6000000006444180227
Q22977459	6000000006127578235
Q22977790	6000000007955226709
Q22977795	6000000037832379826
Q22977878	6000000084212505499
Q22977881	6000000010011961952
Q22977887	6000000026160836088
Q22977888	6000000031286734270
Q22977901	6000000016362603019
Q22977902	6000000022176835709
Q22977907	6000000037482284249
Q22977918	6000000108286080843
Q22977926	6000000179037092830
Q22977930	6000000031798583800
Q22977931	6000000120526303034
Q22977986	6000000040920219516
Q22977987	6000000130540244887
Q22978015	6000000017792483850
Q22978021	6000000073602866893
Q22978239	6000000096227679835
Q22978274	6000000012868383220
Q22978336	6000000014653145972
Q22978346	6000000002632936709
Q229784	6000000044126464861
Q22978412	6000000002950570913
Q2297863	6000000178626965824
Q22978880	6000000070658942116
Q22979270	6000000113310649834
Q22979517	6000000180409614860
Q2297984	6000000013655931371
Q229810	6000000001561742484
Q22981310	6000000002900371494
Q229816	6000000000830244922
Q22981694	6000000109633304825
Q2298170	6000000004048581491
Q2298182	6000000107728397930
Q2298253	6000000163760011826
Q2298256	6000000173678759896
Q229826	376356350590012900
Q229828	6000000007563231506
Q229840	6000000007248151343
Q22984108	6000000129086145823
Q22984482	6000000002188386642
Q229854	6000000003365734679
Q22985954	6000000018056310016
Q229861	6000000000196966689
Q22986604	6000000003792477182
Q22986671	6000000076856769124
Q2298669	6000000015318111152
Q229867	5318340704530041555
Q2298711	6000000176891268872
Q2298736	6000000017593271593
Q2298739	6000000180781562003
Q229875	6000000003887838615
Q22987944	6000000007912407227
Q22987946	6000000016792540265
Q2298803	6000000183997050919
Q229881	6000000004956248066
Q22988171	6000000002435353920
Q22988385	6000000028006043019
Q22988716	6000000003792511027
Q22988733	6000000170626398959
Q2298882	6000000007177635399
Q22988841	6000000085601296891
Q2298897	6000000168223426796
Q2299003	6000000032953617165
Q229901	6000000001376154392
Q2299055	6000000054230170848
Q229908	6000000010342639237
Q2299118	6000000010653807338
Q22991643	6000000156966997823
Q22991664	6000000141009506939
Q22991675	6000000183974417842
Q22991722	6000000143328223870
Q2299195	6000000067758205904
Q2299197	6000000017585049103
Q229920	6000000015156352028
Q2299213	6000000182674291900
Q2299249	6000000000265145851
Q2299256	6000000006441962698
Q2299317	6000000013537952314
Q2299368	6000000156634887846
Q2299392	6000000036772617839
Q229940	6000000041816203044
Q22994718	6000000010789682325
Q22994722	6000000010789302815
Q2299515	6000000224065325929
Q22995607	6000000147719102852
Q229957	6000000030104651536
Q229964	6000000024667249668
Q229967	6000000137207003833
Q2299673	6000000007522085806
Q22996851	6000000002188674869
Q2299700	6000000016454181880
Q22997426	6000000185902076904
Q229975	6000000048911124877
Q2299757	6000000020035268559
Q22997823	6000000058208957829
Q22998022	6000000002188674442
Q22998032	6000000017856869679
Q22998043	6000000000151561135
Q22998054	6000000023170963840
Q22998064	1953582
Q22998082	6000000006444672451
Q22998092	6000000006444183219
Q22998107	6000000010702513246
Q22998113	6000000020613463293
Q22998136	6000000010702426428
Q22998146	6000000012613602283
Q22998243	6000000075506497116
Q22998272	6000000077079549276
Q229990	6000000070473532078
Q2299910	6000000016395822432
Q229993	6000000007748480233
Q230004	6000000015226479782
Q23000576	6000000024787163225
Q23000583	6000000124448341858
Q23000604	6000000020611066259
Q23000624	6000000050604732311
Q23000712	6000000010131572798
Q23000766	6000000015875753783
Q23000770	6000000145026557866
Q23000814	6000000007106438372
Q23000938	6000000140764666898
Q230011	6000000017531020191
Q23001287	6000000025083824541
Q230015	6000000009247165368
Q23001673	6000000026048409051
Q2300202	6000000062908877903
Q23002796	6000000139453531933
Q23002798	6000000013333442778
Q23003041	6000000041128831146
Q23003423	6000000016330810724
Q230035	6000000008681937752
Q230045	6000000007963950209
Q230046	6000000080035611843
Q23005242	6000000157944459847
Q23005243	6000000124277740279
Q23005264	6000000202568407832
Q23005296	6000000059582402945
Q23006287	6000000000675293301
Q23006295	6000000002188386907
Q23006495	6000000017402832545
Q230068	4754215765350030159
Q23007455	6000000077596357069
Q2300760	6000000023799092083
Q23007843	6000000039680842421
Q23008068	6000000215123688827
Q23008211	6000000151438137890
Q23008323	6000000011676116384
Q230084	6000000010890702618
Q23008518	6000000111734656056
Q23008846	6000000035767218936
Q23009153	6000000051435004855
Q23009264	6000000070776438941
Q23009690	6000000076217570906
Q23009813	6000000008852225302
Q230099	6000000179700101831
Q23010036	6000000010572702064
Q23010041	6000000199498603824
Q2301007	6000000058594873986
Q23010072	6000000089167057960
Q23010240	6000000027000570559
Q23010404	6000000106160027094
Q23010411	6000000175907639834
Q23010532	6000000026539876240
Q23010727	6000000023484877133
Q23010804	6000000006796299228
Q2301103	6000000190387292915
Q23011083	6000000011115678230
Q23011098	6000000019410187684
Q23011138	6000000002276922905
Q23011317	6000000179764581823
Q230115	6000000197644816840
Q23011537	6000000075591328242
Q23011585	6000000009188675419
Q23011701	6000000106264342881
Q23011979	6000000003077093179
Q230120	6000000018591530057
Q23012072	6000000076638883842
Q2301222	6000000002188612632
Q23012292	6000000024955732978
Q230123	6000000050035972896
Q23012400	6000000117831197991
Q230126	6000000005576623194
Q2301268	6000000089950653978
Q23012793	6000000222736094885
Q2301289	6000000012598542114
Q2301295	6000000022134749651
Q230131	6000000008797047336
Q2301314	6000000127319784831
Q23013483	6000000142437986832
Q23013524	6000000000785683671
Q230136	6000000029760262631
Q23013649	6000000118229696885
Q230138	6000000024007322758
Q23014062	6000000081761869833
Q23014075	6000000222735867932
Q23014172	6000000000531255238
Q230143	6000000009200686657
Q23014436	6000000010702774418
Q23014491	388547615020003214
Q23014608	6000000139375292821
Q23014679	6000000184033212862
Q230147	6000000006804795447
Q23014820	6000000011491407598
Q23015205	6000000012386159676
Q23015206	6000000012386232729
Q23015258	6000000012597618244
Q2301541	6000000012027156404
Q23015664	6000000010562877674
Q23015669	6000000018137298774
Q23015946	355174684480007822
Q23016530	6000000176818583852
Q23016774	6000000008726333872
Q23016803	6000000004047135041
Q230169	6000000032699883236
Q2301692	6000000184707125080
Q23016924	6000000005914133851
Q23016975	6000000049231437822
Q230173	6000000049095920791
Q23017315	6000000042591793350
Q23017553	6000000041554310974
Q23017657	6000000036622804165
Q23017817	6000000006725817211
Q23017929	6000000010692983811
Q23018196	6000000024684049216
Q23018280	6000000029206054360
Q23018292	6000000115416728252
Q23018315	6000000190842312837
Q2301832	6000000041474955040
Q23018366	6000000018572747276
Q230184	6000000037541066000
Q23018407	6000000077920580018
Q23018506	6000000112416524888
Q23018518	6000000156413985899
Q23018601	6000000004635306611
Q23018613	6000000004868239614
Q23018626	6000000023680302598
Q230188	6000000054820851839
Q2301884	6000000090795458884
Q23018865	6000000007538354877
Q23019195	6000000086794407444
Q23019210	6000000043699484917
Q23019221	6000000092948252826
Q23019240	6000000026151011768
Q23019246	6000000115410535854
Q23019301	6000000042402251211
Q2301935	6000000051699865885
Q230196	6000000030162428450
Q2301978	6000000036815361744
Q230199	6000000029220021342
Q23020142	5434167675090077343
Q23020171	6000000020151284072
Q230203	6000000014108388891
Q2302048	6000000002184799558
Q23020538	6000000099544996959
Q23020542	6000000004274036576
Q23020558	6000000032674145281
Q2302058	6000000204959445821
Q23020745	6000000083979333090
Q2302083	6000000000037381340
Q23020841	6000000065013082985
Q23021279	6000000010994557577
Q230218	6000000010342291560
Q23022066	6000000045133583878
Q23022090	6000000012945014857
Q2302274	6000000028104913147
Q2302283	6000000179950908830
Q23022905	6000000001877548214
Q23022914	6000000019536232800
Q23023036	6000000014330393360
Q23023435	6000000081524558932
Q23023469	6000000027556449889
Q2302349	6000000016316256201
Q2302368	6000000012483818797
Q23023778	6000000001714646730
Q23023958	6000000008460886668
Q23023962	6000000061590497824
Q2302636	6000000045535959239
Q2302669	6000000023086438168
Q230268	6000000029348132909
Q230278	6000000090480703672
Q2302805	6000000000752212127
Q2302813	6000000001569621190
Q230282	6000000011205665397
Q2302825	6000000053242626240
Q2302838	6000000027823564469
Q2302889	6000000002188453897
Q2302896	6000000031428934303
Q2302898	6000000019304281354
Q2302923	6000000031004326631
Q230299	6000000021091545953
Q230303	6000000003098416213
Q2303065	6000000046800757983
Q230308	6000000034573728661
Q230320	6000000035521725338
Q2303289	6000000021075750960
Q230335	6000000021898774498
Q2303402	6000000184729248830
Q23034677	6000000001114141334
Q2303506	6000000073984848821
Q23035106	6000000011413680222
Q23035130	6000000090468311495
Q23035140	6000000140146848872
Q23035174	6000000026813282594
Q23035201	6000000038075532235
Q23035232	6000000184875073821
Q23035235	6000000043571897895
Q23035263	6000000042952881955
Q23035317	6000000018147168278
Q23035474	6000000022554092470
Q23035851	6000000061477813016
Q23035941	6000000008614129778
Q2303647	5411978570760072428
Q23037176	6000000011550991379
Q2303734	6000000039878385600
Q2303777	6000000000770002707
Q230378	6000000048773498054
Q23038024	6000000028480501884
Q23038256	6000000174735931881
Q23038392	6000000109734769830
Q23038394	6000000019098948782
Q23038400	6000000183368081821
Q2303856	6000000035560705322
Q23038570	6000000034439623149
Q23038660	6000000030863887857
Q23038780	6000000018647938933
Q2303926	6000000154380506850
Q23039536	6000000054527051983
Q23039701	6000000000036815489
Q23039721	6000000024651651985
Q23039724	6000000000243904206
Q23039726	6000000003024097175
Q23039740	6000000000800187574
Q23039751	6000000000076138011
Q23039756	6000000009975521414
Q23039759	6000000007052555420
Q23039760	6000000002379842017
Q23039802	6000000081020572182
Q23039899	6000000180615925859
Q23039900	6000000010609736932
Q23039902	6000000104124911877
Q23039936	6000000086798563244
Q23040042	6000000088397009912
Q23040044	6000000003251784573
Q23040045	6000000000011574461
Q23040050	6000000097882641881
Q23040059	6000000024568563615
Q23040064	6000000081039245100
Q23040077	6000000117408721050
Q23040080	6000000057049831282
Q23040101	6000000182861255846
Q23040144	6000000182943842826
Q23040153	6000000022461604952
Q23040155	4903849483610064177
Q23040184	6000000025229647222
Q23040221	6000000002780884794
Q23040330	5602702666120031838
Q23040337	6000000036627967594
Q23040382	6000000107030669116
Q23040389	5503200677640058799
Q23040395	6000000015731367381
Q23040396	6000000007319123884
Q23040421	6000000029948141189
Q23040424	6000000072417327509
Q23040425	6000000003372407995
Q23040431	6000000029419431193
Q23040444	6000000006715893317
Q23040448	6000000007168858247
Q23040453	6000000007727395523
Q23040455	6000000016319754692
Q23040485	6000000172832685408
Q23040488	6000000178846411865
Q230405	6000000049097685878
Q23040501	6000000040609144418
Q23040503	6000000002870311349
Q23040511	6000000001027588930
Q23040513	6000000036437099857
Q23040516	6000000019858173259
Q23040527	6000000021359448290
Q23040528	6000000060593544136
Q23040571	6000000030884690592
Q23040573	6000000025230080188
Q23040577	6000000002548513309
Q23040578	6000000030432124780
Q23040592	6000000178105934831
Q23040593	6000000127057199872
Q23040602	6000000010104411372
Q23040607	6000000029620068046
Q23040613	6000000003580291293
Q23040625	6000000016053612984
Q23040631	6000000053629789082
Q23040633	6000000007131626219
Q23040636	6000000000325081027
Q23040638	6000000065008777159
Q23040650	6000000000011682400
Q23040653	6000000069464179028
Q23040661	6000000079168762860
Q23040672	6000000013363646384
Q23040674	6000000076479095855
Q23040676	6000000022878977217
Q23040684	6000000000839773497
Q23040687	6000000006270645012
Q23040699	378208950540013013
Q23040700	6000000018127181751
Q23040705	6000000094204779840
Q23040708	6000000005762673123
Q23040732	6000000190145227845
Q23040740	6000000004000016490
Q23040761	6000000042137635693
Q23040791	6000000173938130935
Q23040805	6000000182975431902
Q23040812	6000000010647146427
Q23040817	6000000170725477835
Q23040832	6000000040392295256
Q23040833	6000000035501493277
Q23040834	6000000000645971023
Q23040842	6000000003935555459
Q23040845	6000000010746294694
Q23040846	6000000033894396464
Q23040860	6000000003264397464
Q23040862	6000000008448505713
Q23040866	6000000011137767164
Q23040885	6000000019605168894
Q23040905	6000000079638948219
Q23040962	6000000045324433916
Q23041002	6000000083795399275
Q23041015	6000000053076683018
Q23041044	6000000022875380286
Q23041440	6000000036658881674
Q23041557	6000000039873363961
Q23041673	6000000050515443822
Q23041687	6000000009709669170
Q23041713	6000000027105633622
Q23041926	6000000034829100149
Q23042288	6000000016225160330
Q2304235	6000000016204059246
Q23042412	6000000052575105838
Q23042447	6000000002893558623
Q23042448	6000000037071975292
Q2304251	6000000018777420223
Q23042564	6000000011550970719
Q23042570	6000000013514495996
Q23042591	6000000001053291223
Q23042659	6000000012181858499
Q23042660	6000000029834069489
Q23042680	6000000004066402772
Q23042703	6000000004067695837
Q23042734	6000000001447816132
Q23042771	6000000032988473140
Q23042784	6000000008493063095
Q23042792	379735685930012896
Q23042848	6000000020611194930
Q2304341	6000000065628351832
Q23043498	6000000021987148101
Q23044252	6000000002764488095
Q230445	6000000048880056908
Q23044673	6000000170811052920
Q23044727	6000000013375803329
Q23045004	6000000038229828845
Q2304502	6000000015177672819
Q230454	5501169366350022678
Q2304548	6000000009544330647
Q23045599	6000000037009955315
Q23045728	6000000152196678832
Q230458	6000000076969810836
Q230465	6000000178829888862
Q23047407	6000000142774742822
Q23047519	6000000016521671405
Q23047554	6000000003855836121
Q230476	6000000012989293288
Q2304865	6000000074417047821
Q23048720	6000000024954878960
Q2304877	6000000000087130970
Q230491	6000000113761969825
Q2304913	6000000017570383560
Q230499	6000000000596269750
Q2305010	6000000027987874456
Q23050237	6000000074454532139
Q230504	6000000056033486873
Q230510	6000000027509509354
Q230512	6000000014607224805
Q230523	6000000024823260163
Q230527	6000000048940803969
Q230529	6000000136568279856
Q230530	6000000048929066016
Q2305403	4753263
Q23054718	6000000080749269437
Q23055438	6000000004159575435
Q23055465	6000000011170929791
Q230555	5652608481710024346
Q2305560	6000000001537189069
Q23058050	6000000018153728466
Q23058114	6000000014224887123
Q23058176	6000000009419319092
Q23058834	6000000027061587086
Q23058840	6000000123624058823
Q23058854	6000000059143036104
Q23058864	6000000021488731176
Q230591	6000000083956723356
Q23059263	6000000008288984158
Q23059288	6000000180521200893
Q23059438	6000000084350668824
Q23059476	6000000044227439843
Q23059558	6000000018858531547
Q23059571	6000000002764440229
Q23059624	6000000004170615582
Q23059680	6000000034296657049
Q230598	6000000056987680063
Q23059894	6000000180811253844
Q23059895	6000000018213216708
Q23059944	6000000000352464655
Q23059974	6000000004097919305
Q23059990	6000000039305851255
Q23060021	6000000072604218858
Q23060043	6000000136949819090
Q23060046	6000000034230565428
Q23060053	6000000000352562829
Q23060072	6000000018441915320
Q23060088	6000000004925058027
Q23060092	6000000182058030850
Q23060144	6000000003646004196
Q23060192	6000000067078487859
Q23060219	6000000033979957208
Q23060286	6000000004097637167
Q23060292	6000000013613653471
Q23060390	6000000028062587640
Q23060447	6000000052822851113
Q23060524	6000000058589427832
Q23060546	6000000008202931634
Q23060572	6000000009164124151
Q23060578	6000000009666834301
Q23060614	6000000100810430872
Q23060680	6000000036072085846
Q23060697	6000000043544967827
Q23060720	6000000045527185821
Q23060753	6000000015130504685
Q23060775	6000000001664411954
Q23060783	6000000041979463763
Q23060830	6000000132752175821
Q23060840	6000000177158017892
Q23060870	6000000046232842307
Q230609	6000000036345004275
Q23060905	6000000003827158601
Q23060920	6000000001504741990
Q2306099	6000000004087912414
Q2306104	6000000024463469581
Q23061044	6000000067065675821
Q23061064	6000000023755123034
Q23061151	6000000041143721906
Q23061185	6000000164480121968
Q23061207	6000000016037651234
Q23061255	1552067
Q23061274	6000000003827535959
Q23061277	6000000045859044836
Q23061279	6000000024600050895
Q23061357	6000000006157329239
Q23061424	6000000085370267121
Q23061430	6000000007344039226
Q23061443	6000000024322077980
Q23061459	6000000034406763196
Q23061515	6000000019934870329
Q23061620	6000000085600098948
Q23061651	6000000095389823138
Q23061695	6000000018968034846
Q2306178	6000000071811360996
Q23061781	6000000175359971942
Q23061789	6000000021345952979
Q23061791	6000000002188489966
Q23061803	6000000021063210492
Q23061828	6000000005687608163
Q23061831	6000000002802251647
Q23061838	6000000008457776527
Q2306185	6000000122565337888
Q23061916	6000000067089013849
Q23061933	6000000179924469835
Q23061934	6000000077051062826
Q23062043	6000000090253025671
Q23062064	6000000026563728874
Q23062071	6000000077052865385
Q23062100	6000000020794208802
Q23062113	6000000093165784821
Q23062143	6000000011159494500
Q23062145	6000000002188504955
Q23062158	6000000011133268499
Q23062161	6000000011133075640
Q23062190	6000000014416142604
Q23062216	6000000016951966032
Q23062221	6000000037051138395
Q23062253	6000000178488794832
Q23062262	6000000067456595867
Q23062276	6000000153303626874
Q23062334	6000000197736000921
Q23062364	6000000002764856995
Q23062365	6000000013374013271
Q23062367	6000000006324629122
Q23062370	6000000001180970075
Q23062382	6000000086423106165
Q23062418	6000000016501459674
Q23062426	6000000183321228827
Q23062471	6000000022246547683
Q23062487	6000000178486611900
Q23062491	6000000077276195048
Q23062497	6000000012390362904
Q23062502	6000000025283473073
Q23062522	6000000030896434412
Q23062531	6000000004100468300
Q23062533	6000000001504736048
Q23062535	6000000118393274834
Q23062550	6000000034389404234
Q23062560	6000000114020124830
Q23062571	6000000077794890434
Q23062593	6000000017283811172
Q23062596	6000000002764447574
Q230626	6000000015121570157
Q23062630	6000000024080816233
Q23062688	6000000036468231412
Q23062714	6000000021341349810
Q23062735	6000000011146854134
Q23062746	6000000016511300761
Q23062757	6000000030915969863
Q23062767	4485549
Q23062801	6000000181059339825
Q23062819	6000000180133214013
Q23062849	6000000024144062971
Q23062945	6000000030938938918
Q23062974	6000000020903182457
Q23063020	6000000141075768843
Q23063075	6000000000406077734
Q23063088	6000000012345880781
Q23063112	6000000018081396757
Q23063113	6000000015444677262
Q23063117	6000000077325387442
Q23063125	6000000021457467310
Q23063127	6000000176131947905
Q23063160	6000000133747828686
Q23063162	6000000133765564835
Q23063169	6000000076039676974
Q23063175	6000000082477957144
Q230632	6000000015675188863
Q23063225	6000000019632139144
Q23063250	6000000078998055880
Q23063253	6000000078997794011
Q23063255	6000000152083667827
Q23063285	6000000035589724137
Q23063290	6000000016201355603
Q230633	6000000011869685673
Q2306330	6000000067014157836
Q2306331	6000000003853908444
Q23063335	6000000024334790837
Q23063336	6000000005741159564
Q23063393	6000000073163467821
Q23063412	6000000076902950077
Q23063415	6000000080562610272
Q2306411	6000000091774523176
Q2306413	6000000041387479672
Q230644	304364801110003803
Q230647	6000000032061200459
Q230650	6000000015652646255
Q2306500	6000000177100696849
Q230652	6000000014424264180
Q230654	6000000008025099165
Q230662	6000000028455864200
Q2306644	6000000015692396316
Q230665	6000000003681029328
Q230670	6000000007322204546
Q23067145	6000000056758772071
Q2306725	6000000014865797018
Q230673	6000000015655449181
Q230677	6000000003122340189
Q2306796	6000000017918042463
Q23068081	6000000051486666823
Q230681	6000000007445676246
Q23068119	6000000024449288250
Q23068176	6000000100545708861
Q23068182	6000000008403472861
Q23068432	6000000210391877822
Q230686	6000000015702470933
Q23069472	6000000005218051729
Q23069700	6000000009402474550
Q23069720	6000000024850764151
Q23069723	6000000003579004167
Q23069732	6000000003578943368
Q23069733	6000000003579005263
Q23069873	6000000040650490636
Q23069925	6000000002334334055
Q23069949	6000000002334274126
Q23069980	6000000019300789534
Q2307	6000000041217707007
Q23070022	6000000002334292183
Q23070171	6000000003572136125
Q2307019	6000000065011223930
Q23070207	6000000003572179041
Q23070321	6000000014188002289
Q23070393	6000000003572283090
Q2307110	6000000059895904350
Q23071237	6000000011528775131
Q23071251	6000000043315468982
Q23071262	6000000014094604038
Q23071413	6000000035350765888
Q23071452	6000000068215551821
Q23071476	6000000008210195430
Q23071496	6000000023967506063
Q23071497	6000000076944041963
Q23071509	6000000149857078038
Q23071515	6000000093275951258
Q23071592	6000000180285108850
Q23071603	6000000175540096828
Q23071616	6000000006164652175
Q23071640	6000000001740645639
Q23071663	6000000014782071112
Q23071675	6000000144760771962
Q23071681	6000000165560810910
Q23071683	6000000051966060250
Q23071689	6000000040971901487
Q23071690	6000000017319813428
Q23071695	6000000002240047297
Q23071697	6000000002240085050
Q23071738	6000000012898404719
Q23071746	6000000077771744004
Q23071754	6000000023886026364
Q23071782	6000000025283178171
Q23071819	6000000082747592550
Q23071842	6000000020814391777
Q23071863	6000000067841412492
Q23071876	6000000024144426977
Q23071975	6000000138972841277
Q23071979	6000000119031065899
Q23072497	6000000032605540735
Q230728	6000000031683844382
Q23073450	6000000116563014122
Q23073490	6000000095295060044
Q23073613	6000000017219637504
Q2307374	6000000017539808403
Q23073749	6000000025067356076
Q230739	6000000018044850104
Q23074185	6000000057996816821
Q23074200	6000000010154431408
Q230744	6000000021966997256
Q2307501	6000000008155003843
Q2307524	6000000033949539829
Q2307566	6000000165979602859
Q230762	6000000035807028221
Q2307624	6000000179716540863
Q230765	6000000069494925939
Q2307932	6000000027322171271
Q230814	6000000022924303228
Q230817	6000000056128270946
Q2308222	6000000127837572835
Q230824	6000000182703070844
Q2308298	6000000025826609079
Q230832	6000000010037221418
Q230841	6000000018657942678
Q2308467	6000000166892395834
Q2308536	6000000034235151490
Q230868	6000000003725966498
Q2308694	6000000057954788830
Q2308762	6000000030834614944
Q2308805	6000000052745154126
Q230887	376524333970005847
Q2308882	6000000025141060883
Q2308903	6000000004360867647
Q230894	6000000001599879609
Q2308957	6000000003858766261
Q2308962	6000000006595900644
Q2309029	6000000024051413740
Q230903	6000000017345947564
Q230906	6000000003659887082
Q23091391	6000000038025169861
Q23091431	6000000095218698825
Q23091436	6000000180940741877
Q23091444	6000000009016608334
Q23091452	6000000003681572046
Q2309176	6000000014609231158
Q23091773	6000000000769985426
Q23091832	386466635940003942
Q23091866	6000000018116662215
Q23091949	6000000184381464842
Q23092022	6000000086264715962
Q23092071	6000000003262974901
Q230921	6000000003904567299
Q23092144	6000000038088834310
Q230925	6000000014311605264
Q230929	6000000016748902415
Q2309344	6000000017305657909
Q230935	6000000000116590120
Q2309441	6000000034115670681
Q2309460	6000000150662578988
Q230958	6000000008452636654
Q230965	4416381199860074169
Q230969	6000000004024016334
Q2309694	6000000051067808193
Q230993	6000000009929011947
Q2309988	6000000078941278863
Q231004	6000000028064956160
Q2310454	6000000025721037350
Q231054	6000000038199187080
Q2310562	6000000163420810986
Q2310567	6000000009233171018
Q231058	6000000046023532900
Q2310588	6000000173349581931
Q231070	6000000216623927827
Q231071	6000000037453923391
Q2310712	6000000003122450912
Q2310724	6000000012023646710
Q231074	6000000002322323932
Q231093	6000000151328611103
Q2310945	6000000018272786245
Q231096	6000000011223795882
Q231100	6000000076892861748
Q231111	6000000010504483463
Q231116	6000000079898721055
Q2311258	6000000011739654181
Q231126	6000000001378210644
Q2311286	6000000034716681440
Q2311319	6000000020857258969
Q23114	6000000027395309419
Q2311485	6000000032086308879
Q231156	6000000068374224228
Q2311722	6000000088696546004
Q231173	6000000069770873779
Q2311732	6000000166772552825
Q231182	6000000015085823785
Q2311859	6000000021764273938
Q2311911	6000000018761873173
Q2311924	6000000176771955823
Q231197	6000000048940336323
Q231203	6000000050959575994
Q231207	6000000029248824873
Q2312135	6000000159286928958
Q231221	6000000032721416229
Q231224	6000000029451241205
Q231233	6000000016118770356
Q231234	6000000052350211951
Q2312365	6000000030524716034
Q2312387	6000000047148306989
Q231255	6000000021849391095
Q231256	6000000036654805349
Q231259	6000000032294652535
Q231262	6000000048790442277
Q2312620	6000000032362488066
Q2312643	6000000025282201698
Q2312669	2433806
Q231270	6000000032584647994
Q2312807	6000000006101437307
Q231281	6000000002903215369
Q231286	6000000000442607626
Q23128887	6000000069326172893
Q231292	6000000008934233671
Q23130012	6000000200749714831
Q23130682	6000000000334067074
Q23130826	5155877671010058746
Q231316	6000000014285936910
Q2313182	6000000065599313891
Q231320	6000000017948116523
Q23132631	6000000010820520636
Q231327	6000000019184883880
Q23133198	6000000018657329233
Q23133228	6000000003210264363
Q23134146	5155881383370118259
Q231345	6000000005608265702
Q23134688	6000000017816390587
Q231360	6000000011604739532
Q231365	4193700891040075737
Q23137609	6000000060103611980
Q231382	6000000014452837318
Q231391	6000000011234940646
Q23139226	6000000054751900926
Q231401	6000000048903792845
Q231402	6000000007599452884
Q231409	4696264
Q2314366	6000000086756998920
Q23143798	6000000013008209611
Q231441	299075233490003656
Q2314444	6000000038329415139
Q2314507	6000000009579348613
Q231457	6000000001469601505
Q231460	6000000004216070425
Q2314629	6000000030548939113
Q231463	6000000001488596227
Q231468	6000000032976688002
Q2314755	6000000020623537686
Q2314771	6000000001195271656
Q23147801	6000000182872583859
Q231485	6000000083146563520
Q23148649	6000000020353733395
Q231487	6000000018597408005
Q2314878	6000000013498118037
Q23149740	6000000010601720292
Q231501	6000000078884597111
Q231508	6000000022686485761
Q231525	6000000010532577045
Q231556	6000000046022883140
Q2315580	6000000070080090899
Q2315627	6000000003589410709
Q2315638	6000000015924781928
Q2315674	6000000016181917317
Q231584	6000000007963782201
Q2315903	6000000135537723821
Q2315917	6000000006106458317
Q23159223	6000000003013247314
Q231595	6000000018877819229
Q231608	6000000069120842895
Q231614	6000000049946193916
Q231618	6000000002447361175
Q2316289	6000000011818384777
Q2316340	6000000179121125832
Q231637	6000000042264286064
Q231654	6000000030956571979
Q231657	6000000049097596894
Q231674	6000000001469697479
Q231677	6000000049097698939
Q2316839	6000000178599874827
Q2316873	6000000035557290252
Q2316883	6000000110214021925
Q231690	6000000040407263905
Q2316909	6000000024422809094
Q2316970	6000000024363056778
Q231704	6000000014384070710
Q231708	6000000014772447532
Q231713	6000000036344065088
Q2317212	6000000173779734094
Q231726	6000000031664193821
Q2317313	6000000066697415042
Q2317337	6000000015526694058
Q231744	6000000049096759873
Q231749	6000000128529705232
Q231751	6000000029061693534
Q231776	6000000018718930567
Q231781	6000000141086236875
Q2317903	6000000145767917915
Q231794	6000000042349928886
Q2318041	6000000162479584883
Q2318067	6000000012775889439
Q231811	6000000002447381322
Q231820	4104973
Q2318223	6000000023110256100
Q231832	6000000002240844678
Q2318492	6000000026271959847
Q2318537	6000000011069701404
Q2318542	6000000014022253396
Q231856	6000000004004690742
Q2318560	6000000184505968834
Q2318641	6000000037469214697
Q231871	6000000003232550586
Q2318711	6000000020551006658
Q231886	6000000019023759409
Q231891	6000000050044990628
Q2318934	6000000077070063067
Q2318950	6000000061620834326
Q231911	6000000047145891098
Q2319135	6000000010061821322
Q2319146	6000000008735902135
Q231928	6000000049096605009
Q231942	6000000011360460525
Q2319429	6000000038816182468
Q231944	6000000004868022208
Q231948	6000000009689280283
Q2319490	6000000007110497225
Q231951	6000000037207703804
Q2319531	6000000023925265823
Q2319562	6000000044023341070
Q2319774	6000000019220805287
Q231983	6000000012328864179
Q23198543	6000000023074350358
Q23198743	6000000017799691826
Q2319886	6000000002126902229
Q2319933	6000000001849615582
Q2320165	6000000083093318332
Q232035	6000000081649580396
Q2320404	6000000017562848538
Q232047	6000000180784270834
Q232052	6000000079131410829
Q232059	6000000011615562475
Q232062	6000000041949177348
Q232072	6000000013135211351
Q2320722	6000000129588961862
Q2320780	6000000010281907633
Q232098	6000000102547270870
Q232101	6000000049046825288
Q23210611	6000000126023569833
Q232109	6000000006839366181
Q2321103	6000000033133272028
Q23211074	6000000078843163744
Q2321115	6000000034319022841
Q232113	6000000021384707654
Q232125	6000000007325176221
Q2321287	6000000033186567827
Q232132	6000000002188444472
Q23214294	6000000014283768318
Q2321489	6000000088912918186
Q232149	6000000043208980961
Q232155	6000000007329537290
Q232159	6000000002188444200
Q232172	6000000000197542205
Q232176	6000000015624148715
Q2321815	6000000017509973711
Q232187	6000000005393285056
Q2321910	6000000062961884854
Q232193	6000000048854943166
Q232202	6000000002737707932
Q2322216	6000000008382234041
Q2322343	6000000008156824351
Q2322364	6000000112425973821
Q232245	6000000029269898678
Q2322485	6000000001882914826
Q232260	6000000040320548618
Q232276	6000000000698736550
Q232280	6000000119119148959
Q232288	6000000170945560715
Q232289	6000000014307256033
Q232298	6000000017729640075
Q232299	6000000029721125918
Q232304	6000000156385245935
Q232305	6000000013332427208
Q232307	6000000184000361872
Q232308	6000000029189148566
Q232316	6000000013961647621
Q2323190	6000000144727938837
Q2323294	6000000038657064404
Q2323385	6000000023053134182
Q232340	6000000009325068252
Q232343	6000000009199004080
Q2323474	6000000184398357005
Q232356	6000000169591882849
Q232376	6000000042395707335
Q232395	6000000020988811512
Q2323968	6000000069147939971
Q232400	6000000017265095420
Q232402	6000000001651481289
Q232404	6000000017543947595
Q232407	6000000015644412655
Q232414	6000000008053031965
Q232421	6000000015720290547
Q2324276	6000000008383532757
Q2324519	6000000017332141579
Q2324581	6000000017015099203
Q2324601	6000000013654322394
Q2324617	6000000010712672905
Q232462	6000000017360754908
Q232475	6000000001573653856
Q232477	6000000077946097444
Q2324848	6000000023157841875
Q232486	6000000012667013600
Q232495	6000000000784436618
Q2325196	6000000018079538852
Q232520	6000000180376666825
Q2325216	6000000006444764927
Q232525	6000000093044633874
Q232532	6000000055672736885
Q2325330	6000000016615046844
Q232538	6000000017606589265
Q232541	6000000015613364420
Q2325434	4215374717130031557
Q232562	6000000015597800680
Q2325741	6000000068852764009
Q232583	6000000078649576999
Q2325902	6000000073422227965
Q2326245	6000000021906966998
Q2326363	6000000060736708183
Q2326363	6000000075406379828
Q232642	6000000149824445945
Q2326447	6000000043166528997
Q232646	6000000028122744069
Q2326671	6000000037379324184
Q232674	6000000000785280106
Q232695	4113807
Q2326989	6000000174613472655
Q2327108	6000000016199106657
Q23271104	6000000156206843828
Q2327128	6000000015084934853
Q2327154	6000000011654464638
Q2327271	6000000008379451465
Q232728	4232108613230060098
Q2327316	6000000018361026627
Q232732	6000000001358298284
Q2327335	6000000151447347836
Q232735	6000000000712542265
Q2327358	6000000011716708310
Q2327559	6000000015231664708
Q232769	6000000045728142821
Q232786	6000000049094146844
Q232789	6000000143115928831
Q232793	6000000000698523841
Q232797	6000000052008001921
Q2327978	6000000009029194591
Q2328063	6000000027289225723
Q232810	6000000018884703718
Q2328118	6000000082702006605
Q232812	6000000010269326871
Q2328219	6000000036800526364
Q2328269	6000000017167548142
Q232827	6000000182342175825
Q232831	6000000096546025853
Q2328311	6000000042864467420
Q2328312	6000000183724739857
Q232837	6000000028042983028
Q232840	6000000092339597759
Q2328420	6000000034930600867
Q232845	6000000019670625133
Q232851	6000000014895390286
Q232860	6000000092335057846
Q2328613	6000000042580541498
Q232863	6000000007321956673
Q232868	6000000065492818895
Q232871	6000000006913318817
Q2328735	6000000025914152846
Q232874	6000000186156587829
Q232876	6000000010264357360
Q2328783	6000000014127845342
Q2328870	6000000026285167893
Q2328910	6000000022502317136
Q23289194	6000000143121540984
Q23289264	6000000178269353989
Q23289678	6000000163830041532
Q232899	6000000005413176709
Q232902	6000000031299779829
Q23290476	6000000140005136829
Q23290524	6000000016612296560
Q23290810	6000000032192073074
Q232910	6000000089260728867
Q232913	6000000019993664376
Q2329136	6000000007042829099
Q232917	6000000017701000631
Q232927	6000000007997070244
Q232937	6000000014577752305
Q2329380	6000000002397089313
Q232941	6000000009309553686
Q232949	6000000041947684835
Q2329501	6000000013722956419
Q232959	6000000041722578215
Q232965	6000000014198317608
Q23296575	6000000039402909326
Q23296627	6000000028749987185
Q23296673	6000000177115011822
Q2329698	6000000086713457830
Q232972	6000000094060026924
Q2329766	6000000065840497821
Q232990	6000000076016781880
Q2329954	6000000109100474932
Q233009	6000000090116687838
Q2330093	6000000002095850351
Q23301368	6000000012010997949
Q23301569	6000000080750119247
Q233017	6000000058221163430
Q23301733	6000000082381828481
Q2330222	6000000170438516895
Q233026	6000000013863648329
Q23302697	6000000185337825822
Q23302789	6000000052361030982
Q23302816	6000000013312229754
Q23302900	6000000162347348837
Q23303075	6000000053642735130
Q23303162	6000000106641662835
Q23303257	6000000042885380646
Q23303311	6000000010009631131
Q23303391	6000000001362781638
Q23303549	6000000013250131968
Q23303613	6000000010506583472
Q23303619	6000000010512220600
Q23303910	6000000010541739855
Q23303936	6000000026407572113
Q23303940	6000000045210724948
Q23303942	6000000036551141906
Q23303955	6000000065426634821
Q23304098	6000000024283248425
Q23304113	6000000079450990170
Q2330447	6000000022859133193
Q23304625	6000000078707807221
Q23304678	6000000022799268547
Q23305040	6000000007060451336
Q23305043	6000000030096956834
Q23305056	6000000108395585856
Q23305079	6000000002115855307
Q233051	6000000041947405948
Q2330538	6000000004389349107
Q233054	6000000008052976965
Q2330543	6000000013998556715
Q2330547	6000000018788843352
Q2330693	6000000032677187882
Q23308057	6000000109296550962
Q23308059	6000000109296952990
Q233081	6000000038410304638
Q233085	6000000049097023149
Q233088	6000000000720008986
Q23308802	6000000057381938030
Q2330895	6000000008472916698
Q2330928	6000000003624514736
Q23309320	6000000136535963961
Q23309347	6000000179075093926
Q23309376	6000000157716512822
Q23309388	6000000184153573882
Q23309420	6000000040715636192
Q2330944	6000000002399167313
Q23309440	6000000156879230874
Q23309482	6000000015325477986
Q23309635	6000000156642524875
Q23309750	6000000134747174007
Q2330985	6000000007300950423
Q23309968	6000000107036109889
Q23309982	6000000016019247308
Q2331007	6000000037833016700
Q2331008	6000000046507544443
Q2331090	6000000003965469250
Q2331155	6000000079342222885
Q2331173	6000000003515858055
Q233125	6000000049097625008
Q2331343	6000000022851583094
Q2331375	6000000027915418494
Q2331426	6000000002631408591
Q233144	6000000049097865917
Q2331442	6000000002950838072
Q2331491	6000000106979550883
Q2331562	6000000023376282353
Q2331615	6000000008209503643
Q2331640	6000000148775778899
Q2331651	6000000005103770855
Q2331676	6000000051236336041
Q2331707	6000000149007142012
Q233173	6000000003232545450
Q2331738	6000000019432563288
Q2331786	6000000179646186883
Q233187	6000000003845707346
Q2331897	6000000022215007069
Q233192	6000000006444746709
Q2331929	6000000035093400243
Q2331943	6000000002702161405
Q233196	6000000007281143548
Q233198	6000000007329537319
Q233201	6000000002529531345
Q2332027	6000000013007476022
Q233210	6000000013343735918
Q23321519	6000000013953781222
Q2332177	6000000050024060960
Q2332225	6000000001504301833
Q23322314	6000000002311339447
Q23322458	6000000019224088190
Q233229	6000000178469698850
Q2332382	6000000034083183534
Q233240	6000000076810129322
Q2332520	6000000020209204366
Q233253	6000000003681013610
Q2332636	6000000041055846833
Q233265	6000000000438425002
Q233268	6000000184176675857
Q233270	6000000015203349730
Q233282	6000000015753838589
Q2332990	6000000009388417383
Q2333012	6000000037469149340
Q2333094	6000000040125777999
Q2333107	6000000179441250831
Q2333125	6000000031051538183
Q233322	6000000061909697835
Q233326	6000000043793363955
Q2333270	6000000017363928662
Q23333	6000000007243728926
Q233335	6000000001378225463
Q2333364	6000000179783325106
Q233347	6000000140238089027
Q233355	6000000014186184310
Q2333580	6000000019437407060
Q2333616	6000000059200876821
Q233362	6000000012974857574
Q233365	6000000081558349942
Q233368	6000000120268975824
Q233393	6000000009385553038
Q2333973	6000000024336885136
Q2333986	6000000023193259975
Q2333994	6000000010310850772
Q233412	6000000012570965307
Q2334131	6000000015467085394
Q23342	6000000002682966173
Q2334373	6000000000019192037
Q2334401	6000000008857257033
Q2334430	6000000003329888193
Q2334509	6000000202041385827
Q2334551	6000000022174338664
Q233457	6000000019429783670
Q233466	6000000073580931934
Q23347	6000000022425241111
Q233471	6000000002188429488
Q2334778	6000000008762957567
Q2334882	6000000018622445345
Q2334908	6000000007330679509
Q2334954	6000000002702177701
Q233496	6000000024212718143
Q2335065	6000000056322348006
Q233516	6000000007005326747
Q23352	6000000022425193246
Q233541	6000000081267153666
Q2335415	6000000015118208846
Q2335416	6000000075218174958
Q2335455	6000000109123459062
Q233546	6000000029868346095
Q2335467	6000000076849008027
Q233552	4789926567050075886
Q2335581	5605575857030117371
Q233563	6000000072966619821
Q2335630	6000000010238594771
Q2335676	6000000006444422472
Q23357	6000000026246505125
Q233572	6000000013320799298
Q23358	6000000016052787722
Q2335849	6000000044211692291
Q23359	6000000077253696644
Q233593	6000000027990856112
Q2335980	6000000022559143951
Q2335992	6000000077923114115
Q233603	6000000007279679730
Q2336048	4966274855480052432
Q233610	6000000001469355416
Q2336126	6000000019843399228
Q2336128	6000000027152481163
Q2336138	6000000039743211983
Q233618	6000000048581696942
Q23362	6000000027916298227
Q2336227	6000000060137222874
Q2336258	6000000022281544622
Q233628	6000000007070822576
Q233634	6000000001254579833
Q233638	6000000002590014834
Q2336388	6000000106708980920
Q233641	6000000001352591359
Q233644	6000000000351053848
Q233648	6000000002045411359
Q233652	296105991350007962
Q233656	6000000009412708776
Q233669	6000000000769890568
Q2336700	6000000011524443965
Q2336736	6000000049640781391
Q233677	6000000011264432015
Q233686	6000000000807841513
Q23369	6000000027916110939
Q233693	6000000002897253238
Q2336993	6000000069190911899
Q233701	6000000021822177332
Q233718	6000000019835229266
Q233724	6000000166380578184
Q233728	5053093620620112310
Q233732	6000000022307447978
Q2337322	6000000018210255223
Q2337420	6000000029926120981
Q2337432	6000000078687556832
Q23375	6000000027915860164
Q2337590	6000000012471963774
Q233775	6000000000698498755
Q2337837	6000000045737868992
Q233786	6000000018826554941
Q23379	6000000027903446454
Q233790	6000000003552702091
Q233793	6000000009734500430
Q233798	6000000002188456203
Q23380	6000000011099805266
Q233804	6000000004131116716
Q233812	6000000108657761822
Q2338122	6000000000569463137
Q233815	6000000016821751476
Q2338181	6000000003492387166
Q233819	6000000209676495939
Q23381965	6000000145819757846
Q233821	4104251
Q233823	6000000001379509801
Q233823	6000000209563787847
Q233826	6000000049097164137
Q233830	6000000079067406318
Q233832	6000000029677911843
Q233837	341375025040013278
Q2338386	6000000166198032221
Q233843	6000000012955275848
Q2338440	6000000011525110604
Q2338443	6000000060206978111
Q233845	3011744
Q233848	6000000018807551005
Q2338487	6000000083938516058
Q233850	6000000041177435885
Q233852	6000000015688911203
Q233854	6000000014694172082
Q2338545	6000000001591628941
Q233856	6000000018865357869
Q23386	6000000027900838024
Q233862	6000000012737125254
Q233868	6000000024290595017
Q2338712	6000000021200199984
Q233873	6000000000580288490
Q23387857	6000000012746865314
Q2338861	6000000004968374406
Q233888	6000000000770008154
Q2338888	6000000007316934231
Q2338898	6000000178847425824
Q233891	6000000117639849010
Q2338973	6000000011276661852
Q233898	6000000056996148848
Q233900	4277017108190044971
Q233905	6000000011310859418
Q2339098	6000000008735514389
Q233913	6000000003075255222
Q2339186	6000000001383117319
Q2339202	6000000056248956818
Q2339228	6000000017106455562
Q2339246	6000000020168843590
Q2339347	6000000076169527063
Q233937	6000000006823075734
Q2339401	6000000002188616705
Q233941	6000000003953499467
Q233943	6000000029383199174
Q233944	6000000001573735391
Q2339461	6000000055472920880
Q233947	6000000041737592032
Q233950	6000000150950969845
Q233956	6000000081878322394
Q233957	6000000029259390331
Q233959	6000000009387037737
Q2339618	6000000021976955154
Q233962	6000000080589591160
Q233966	6000000003865933400
Q233968	6000000033330972177
Q233971	6000000040335864501
Q233973	6000000014372303857
Q233976	6000000014670000527
Q2339760	6000000026106374355
Q233990	6000000000307239823
Q233992	6000000010695572394
Q233993	6000000009977849485
Q2339968	500822
Q233997	6000000003245250586
Q233999	368995750070005430
Q23399941	6000000182093466836
Q2340000	6000000016586080646
Q234002	6000000004553073220
Q234017	6000000009468838012
Q234033	6000000002902621193
Q2340377	6000000016717515933
Q2340383	6000000009590730245
Q234041	6000000013080693569
Q2340426	6000000039716571470
Q2340465	6000000036083420266
Q234047	6000000001555385150
Q23405	6000000024958364272
Q234050	6000000003089669936
Q234055	4246800843460037040
Q234058	6000000013879381926
Q2340587	6000000014141680687
Q2340601	6000000017474646934
Q234068	6000000025718841028
Q2340711	6000000012699571154
Q234074	6000000008407800009
Q2340742	6000000132785179497
Q234076	6000000028773187177
Q2340787	6000000051429976918
Q234083	6000000035504936054
Q234086	6000000029695976276
Q234089	313403089110004437
Q23409538	6000000004009406186
Q23409723	351686201990001345
Q234101	6000000002777229158
Q2341056	6000000196376138848
Q234109	6000000014583834169
Q234117	6000000002463650245
Q23412	6000000183615578827
Q234120	6000000012994169432
Q2341204	6000000027580500455
Q234125	6000000050473437617
Q234128	6000000017255451718
Q2341286	6000000023091879139
Q2341309	6000000018434389019
Q2341317	6000000003232933040
Q234134	6000000027229815208
Q234137	6000000026152975405
Q234141	6000000025156808495
Q2341424	6000000023062915052
Q234144	6000000005394069605
Q2341445	6000000052816450874
Q234145	6000000013961020349
Q234149	6000000021702418818
Q234152	6000000075766179851
Q2341527	6000000119500264821
Q234163	6000000003949283214
Q234166	6000000013749885100
Q234169	6000000178238925831
Q234171	4134099
Q2341727	6000000179743436835
Q2341814	6000000018397647015
Q234185	6000000022202740838
Q23418801	6000000019752461731
Q23418813	6000000010602843456
Q23418823	6000000010686679988
Q23418839	6000000001727359809
Q23418842	6000000023531917233
Q23418866	6000000008630797203
Q234190	6000000010608994022
Q23419095	6000000075504674369
Q23419262	6000000052385390843
Q23419467	6000000028342705163
Q2341994	6000000002485802669
Q234201	6000000043461349146
Q234204	6000000048661352946
Q234207	6000000030990461258
Q2342129	6000000056877389857
Q234224	6000000010505398463
Q234230	6000000004563419287
Q234237	6000000000632025460
Q2342403	6000000013511856319
Q234241	4107500
Q234244	6000000005250156025
Q234249	6000000007329688407
Q234251	4369413
Q234253	6000000028522863776
Q234257	312478266190003854
Q23425771	6000000031984376231
Q23425816	6000000090310008074
Q234261	293028651040005934
Q234263	6000000003770245325
Q2342632	6000000030693619181
Q2342652	6000000006823692975
Q234266	6000000001807308530
Q234275	6000000002618332404
Q2342782	6000000050419356881
Q2342809	6000000003988662305
Q2342810	6000000059999794853
Q234283	290460841000007556
Q234285	6000000002926553366
Q234287	6000000000769905204
Q2342911	6000000046968929969
Q234295	6000000001366530287
Q234297	6000000026214869745
Q234302	6000000002977250951
Q2343022	6000000076353752902
Q234308	6000000007141166873
Q234311	4105362
Q2343113	6000000004095854342
Q2343150	6000000015240348144
Q2343151	6000000091611079918
Q2343173	6000000004147255523
Q2343196	6000000140091822854
Q2343204	6000000081811266956
Q2343210	6000000008114167577
Q234324	6000000014579754493
Q2343277	6000000000147165626
Q2343339	6000000054910354919
Q234335	6000000042080445079
Q234338	6000000039278078896
Q23434	6000000000261861972
Q234344	6000000084149884833
Q2343498	6000000012302185841
Q2343509	6000000015973728552
Q2343513	6000000019820693248
Q234357	6000000011951709292
Q234360	6000000013518385824
Q234370	6000000026016671716
Q23437071	6000000000760101653
Q2343710	6000000030003846469
Q234379	6000000001469357548
Q234380	6000000017470026854
Q234388	6000000000782609041
Q2343885	6000000015549752619
Q234392	6000000018365013082
Q234394	6000000035711458553
Q2343979	6000000016283808466
Q234399	6000000012092991328
Q2343993	6000000021790105722
Q2344016	6000000024525090183
Q2344033	6000000102873015830
Q2344047	6000000002225817806
Q2344055	6000000013062475834
Q2344061	6000000006906597499
Q2344073	6000000070417190336
Q2344116	6000000177911717848
Q234423	6000000029881970850
Q2344256	6000000024386819573
Q2344340	6000000016846375690
Q2344367	6000000030000946069
Q234443	6000000165156763982
Q234445	6000000014556963044
Q234447	6000000031190957989
Q2344492	6000000001382651329
Q2344509	6000000025818902974
Q234454	6000000104162692838
Q2344550	6000000002545860460
Q2344558	6000000000769939272
Q234456	6000000029695619367
Q234458	6000000057200971076
Q2344581	6000000071717797821
Q2344588	6000000033101542236
Q2344613	6000000004627932358
Q2344624	6000000064663072868
Q234463	6000000010941462869
Q234471	6000000012782334106
Q2344713	6000000045219615166
Q234472	6000000028394244353
Q2344774	6000000002318828859
Q234478	6000000013164357501
Q2344798	6000000025768183238
Q2344805	6000000127901791874
Q234482	6000000001546839352
Q2344863	6000000008646162682
Q2344900	6000000027967148245
Q2344905	6000000013157427232
Q234491	6000000094079875846
Q2344942	6000000026986361337
Q234498	6000000056061375224
Q2344983	6000000018232715904
Q2344992	6000000002429722060
Q2345034	6000000073624628339
Q2345055	6000000024685983178
Q234507	6000000014128909477
Q234514	6000000019009755356
Q2345146	6000000124623488030
Q2345148	6000000003966465901
Q2345172	6000000016422914880
Q234525	6000000000091141188
Q234527	6000000012999095464
Q234530	6000000003890795645
Q2345358	6000000078904037051
Q234536	6000000008367252338
Q23454	6000000036343855561
Q234542	6000000010132358055
Q234546	6000000019915712373
Q234549	4104482
Q234551	6000000013053758106
Q2345624	6000000035560765288
Q234564	6000000049097095039
Q2345669	6000000001117282046
Q234570	6000000023096556522
Q234572	6000000015661406523
Q234579	6000000024153614559
Q2345815	6000000208311677834
Q234583	6000000177238330824
Q234588	6000000015462755706
Q234590	6000000020570162207
Q2345982	6000000013259531551
Q23460082	6000000140184623198
Q234601	6000000069812358983
Q2346017	6000000059945174919
Q2346028	6000000055249843062
Q234606	6000000030822117604
Q234608	6000000010883192493
Q234610	6000000031053195837
Q23461212	6000000140186699856
Q234615	6000000012332600221
Q23461697	6000000023453901004
Q23461721	6000000020147785708
Q2346200	6000000011047782378
Q234621	6000000069381561276
Q23462421	6000000007111225574
Q234633	6000000016795457056
Q2346374	6000000000769939337
Q2346395	6000000076783391488
Q234640	6000000000043468973
Q234644	6000000025071685653
Q23465028	6000000107769108462
Q234651	6000000030962296670
Q234667	6000000024337939416
Q234679	6000000009413815140
Q2346821	6000000018009976926
Q234687	6000000183809565824
Q2346874	3440337
Q234691	6000000009268755365
Q234693	6000000016883823077
Q234695	6000000012243696940
Q2346958	6000000163636637822
Q2346995	6000000031032078734
Q2347007	5278967948140122419
Q2347009	6000000083860463086
Q234701	6000000003840228732
Q234703	6000000000717970404
Q234709	6000000037631964650
Q234712	6000000089227246922
Q234715	6000000036221904273
Q2347194	6000000014071773359
Q234721	6000000032744855396
Q2347270	6000000050038335382
Q23472828	6000000172807184821
Q2347324	6000000010944853410
Q2347342	6000000025985231157
Q234746	6000000008657686427
Q2347483	6000000079834081053
Q234750	6000000010725925571
Q2347537	6000000037121460234
Q2347591	6000000050562681281
Q2347632	6000000007183077599
Q234765	6000000024666486230
Q234773	6000000000781959085
Q234775	6000000145237972835
Q2347784	6000000118195476178
Q2347859	6000000030495696613
Q234795	6000000022365628941
Q2347963	6000000023612573304
Q23480105	6000000073712522853
Q2348056	6000000002562459256
Q234811	6000000007536882403
Q2348140	6000000117161996930
Q2348194	6000000082738778097
Q2348210	6000000003005389289
Q23482609	6000000014194853794
Q2348311	6000000080089916497
Q2348329	6000000036437951718
Q2348344	6000000009465284044
Q2348464	6000000026903157653
Q2348491	6000000010526497247
Q2348600	6000000041834622389
Q2348641	6000000013640584827
Q234865	6000000041633413295
Q234868	6000000003219727793
Q2348744	6000000090663411888
Q234875	6000000009093364872
Q2348767	6000000003216068342
Q2348800	6000000014374105378
Q234888	6000000048235334865
Q234890	6000000010462228990
Q2348906	6000000079313676821
Q234893	5283759351190027506
Q2348949	6000000013787272961
Q2348949	6000000039977255447
Q234897	6000000012341737264
Q234900	6000000027931487336
Q2349136	300372611270008118
Q234921	6000000047229419891
Q2349252	6000000001634361579
Q234926	6000000018155343727
Q234931	6000000218208350851
Q234941	6000000004214235021
Q2349427	6000000025566262986
Q234944	6000000000670055831
Q234949	6000000030615105707
Q234952	6000000004063148502
Q234952	6000000019058237765
Q234961	6000000029185511017
Q2349660	6000000050691259885
Q234967	6000000055635223313
Q234980	6000000166879007845
Q23498362	6000000006888623572
Q2349845	6000000039546583913
Q23498598	6000000002978361307
Q234992	6000000007561654815
Q2350147	6000000017602449365
Q235020	6000000011212549333
Q235024	6000000010617746906
Q2350317	6000000014191751492
Q2350317	6000000018647807120
Q235032	6000000024629018084
Q235037	6000000016767174997
Q2350376	6000000094747296821
Q235042	6000000008731834634
Q2350455	6000000015345033047
Q2350460	6000000178730657975
Q23505	296439762670005461
Q2350558	6000000016168622443
Q235063	6000000014110710202
Q235069	292200981630003193
Q2350690	6000000070090738838
Q235077	6000000054191101860
Q235078	6000000003219796410
Q2350784	6000000035519342595
Q2350791	6000000053053266497
Q235084	6000000009673312155
Q235092	6000000003875375898
Q2350945	6000000046288535150
Q2350960	6000000181919600826
Q235105	6000000007293371771
Q235108	6000000056250591945
Q235115	6000000017156053416
Q235121	6000000001299405508
Q2351227	6000000015579974545
Q2351265	6000000059512206972
Q235128	6000000000699383172
Q235137	6000000174549305134
Q2351438	6000000040193321465
Q2351485	6000000002788131319
Q235154	6000000016381322102
Q2351540	6000000020094956169
Q235158	6000000027347641644
Q2351596	6000000009245827774
Q2351641	6000000094301527823
Q235168	376476785870013441
Q2351684	6000000058868414839
Q2351729	6000000040338032216
Q2351779	6000000176652820889
Q235183	6000000003407652110
Q235186	6000000002188368901
Q2351886	6000000147164997189
Q235189	6000000001954442186
Q2351927	6000000003111148417
Q2351945	6000000119045330911
Q235196	6000000028008390051
Q2352014	6000000039625312315
Q235209	6000000055398881037
Q235219	6000000177498901885
Q235221	6000000018721325186
Q2352243	6000000021735603946
Q235234	6000000002277472620
Q235236	299472901950007952
Q235252	6000000041517004485
Q2352658	6000000012607594277
Q2352696	6000000219790992833
Q235272	6000000048931580003
Q235278	6000000045754105064
Q235281	6000000014623488071
Q235284	5078410680680079863
Q235287	6000000186225217985
Q235289	6000000028105759693
Q235299	6000000011123650763
Q2353026	6000000011836727014
Q235305	6000000011047385933
Q23530518	6000000027308624528
Q235308	6000000032572896193
Q2353183	2434187
Q235321	6000000044164598576
Q235328	6000000034786181070
Q2353470	6000000173532780883
Q235349	6000000010061862242
Q235351	6000000076056767976
Q2353537	6000000011099319222
Q2353585	6000000003891751420
Q235361	6000000080842046076
Q2353653	6000000073820715919
Q235366	6000000017178443871
Q2353674	6000000195318942859
Q235368	6000000002704799101
Q2353788	6000000175841703837
Q2353799	6000000200962964859
Q2353890	6000000065483212832
Q2353914	6000000173756138692
Q2353927	6000000012399351372
Q235394	6000000049097974826
Q23540446	6000000009976555927
Q2354053	6000000043179697918
Q23540758	6000000016297122375
Q2354111	6000000043409946093
Q235412	6000000006187206569
Q23541350	6000000077166050916
Q235415	6000000176789239870
Q23542478	6000000030084676910
Q2354262	6000000000307280988
Q23542897	6000000034997956235
Q23543	4533800136950124467
Q235432	6000000003306990831
Q235435	6000000000698785733
Q235438	6000000007329544134
Q2354446	6000000148593680890
Q235447	4085725208560049985
Q2354471	6000000025969265257
Q2354545	6000000011019716880
Q235455	6000000022552444130
Q235464	6000000019126535910
Q2354753	6000000222098497890
Q235478	6000000108293000821
Q235480	6000000049649078833
Q2354818	6000000013154038322
Q2354871	6000000013123878212
Q2354908	4647205800850075445
Q235491	6000000017155854741
Q235505	6000000009615571254
Q235507	6000000015894683583
Q235509	6000000017230155626
Q2355090	6000000177426316980
Q235511	6000000028258797672
Q2355113	6000000016291206032
Q2355133	6000000036385601074
Q235517	6000000018659386153
Q235519	6000000047806696827
Q235521	6000000003581318891
Q235523	6000000194789957824
Q235525	6000000020018989508
Q2355269	6000000012376374605
Q2355365	6000000195295926880
Q2355375	6000000039402652043
Q235540	5660054084540139700
Q2355406	6000000178823404866
Q2355411	6000000187065900822
Q235546	6000000125379549838
Q235549	6000000181026302844
Q235552	6000000001470268600
Q2355600	6000000022275831310
Q235565	6000000011925838641
Q2355655	6000000009421396696
Q2355665	6000000042308704274
Q235575	6000000009431602868
Q2355777	6000000043801313509
Q2355794	6000000013301380627
Q235583	5079745406340030491
Q2355841	6000000022924456962
Q23559	6000000008452176511
Q235595	6000000000307254920
Q2355955	6000000006789657437
Q2355963	6000000015626039149
Q235597	6000000001950668158
Q23559958	6000000167104200821
Q2355998	6000000000503303734
Q2356037	6000000022699719489
Q235605	5161890514870084523
Q23560519	6000000026395489976
Q23560550	6000000025348283095
Q2356068	6000000016828947831
Q235607	6000000041209728908
Q23560769	6000000038720821624
Q2356081	6000000006292505159
Q235609	6000000003219792957
Q235611	6000000021593807418
Q2356152	6000000024490651196
Q23561565	6000000106237460054
Q23561613	6000000018108498090
Q23561666	6000000030392299119
Q235617	6000000017427485812
Q2356191	6000000047312420939
Q23561980	6000000013994864052
Q23562190	6000000010331870377
Q235622	6000000015601903696
Q2356230	6000000001699537334
Q23562589	6000000040803510642
Q235632	6000000015375663521
Q235635	6000000001736001781
Q2356387	6000000024049536505
Q235639	6000000017136420605
Q235641	6000000059141843866
Q2356416	6000000177797178842
Q23564163	6000000073435066833
Q235644	6000000000138044192
Q23564760	6000000141351715840
Q235648	6000000025753811458
Q23564882	6000000011625920450
Q23564892	6000000036911722266
Q2356491	6000000003075658136
Q2356507	6000000007954059830
Q23565089	6000000103278380833
Q235651	6000000001500481657
Q23565235	6000000078774089839
Q23565672	6000000032901473387
Q23565703	6000000084032531138
Q23565704	6000000128138802834
Q23565715	6000000120022854871
Q235659	6000000000699070330
Q23566093	498392
Q23566179	6000000041427051120
Q235663	6000000000307247176
Q2356632	6000000012934351507
Q235665	6000000009568868518
Q235671	6000000003580792956
Q235674	6000000002188374278
Q2356743	6000000014229494156
Q2356757	6000000009402484076
Q23567956	6000000011034518867
Q235682	6000000028240167914
Q235685	6000000009571352479
Q2356932	6000000164818290821
Q235699	6000000040023354403
Q235699	6000000154819421844
Q2357083	6000000006776068853
Q2357137	6000000033125870480
Q2357153	6000000136324293849
Q2357260	6000000000769944252
Q2357350	6000000008614449167
Q2357374	6000000097330294046
Q2357693	6000000015087852517
Q2357726	6000000000583607268
Q2357775	6000000030427440107
Q2357788	6000000179665409846
Q2357893	6000000010374901324
Q2357896	6000000028045819042
Q235797	6000000049097099927
Q2358010	6000000179277492848
Q2358036	6000000065627643956
Q235804	6000000113143798838
Q23580488	6000000083262617249
Q23580659	6000000083257387141
Q23580676	4396802038810123074
Q23580696	6000000001523490389
Q23580750	6000000007076454586
Q23580966	6000000015498881920
Q2358099	6000000001531222796
Q235812	323456038050001112
Q23581280	6000000023527122026
Q23581322	6000000031303920893
Q235818	6000000002188374697
Q2358203	6000000027951494345
Q23582036	6000000056375584821
Q235823	5175652034570059420
Q23582416	6000000004047595982
Q23582424	6000000080087174145
Q23582967	6000000044469644884
Q23583025	932813
Q23583129	6000000026420710063
Q235832	6000000031807517006
Q235834	6000000014187159566
Q23583498	6000000014197373112
Q235835	6000000003845495674
Q23583530	6000000010122406922
Q23583746	6000000011114501193
Q23583752	6000000011112198341
Q23583973	6000000001173485650
Q23584475	6000000031463007527
Q235845	6000000000767421007
Q23584555	6000000013527302005
Q23584609	6000000008078211695
Q23584766	6000000090742049864
Q23585098	6000000022333614897
Q23585201	6000000026117100514
Q23585426	6000000042484683874
Q23585434	6000000014024975494
Q23585607	6000000002553598147
Q2358589	6000000022551696770
Q235870	6000000029702886219
Q2358795	6000000013638662272
Q235899	6000000029960767989
Q2359106	6000000079660085879
Q235913	6000000143878094875
Q2359145	6000000151403043830
Q235918	6000000015628157975
Q235922	6000000134069573822
Q235928	6000000007324345402
Q2359325	6000000024611907287
Q2359395	6000000020352962167
Q2359409	6000000145400619833
Q2359422	6000000085195246821
Q235946	6000000017562034404
Q235952	6000000038950138055
Q2359537	6000000029816643337
Q23595423	6000000047484165854
Q2359569	6000000002188444502
Q235965	6000000001447712629
Q235968	6000000178061828858
Q2359751	6000000002188495334
Q2359776	6000000001415103523
Q2359791	6000000013431473437
Q235980	6000000015262788761
Q235982	6000000057714289821
Q235983	6000000014247163199
Q235992	6000000017144486943
Q2359929	6000000079425599911
Q236005	6000000017597636135
Q23600580	6000000013186075905
Q236017	6000000012838066880
Q2360216	6000000049760769035
Q2360239	6000000128900101825
Q236024	6000000020932947902
Q2360260	6000000017897515197
Q2360377	6000000009597899657
Q2360403	6000000042482900130
Q2360471	6000000013484187999
Q236066	6000000048458237087
Q236075	6000000048457270648
Q2360756	6000000178146906882
Q2360762	6000000015850141387
Q2360897	6000000171497537099
Q236094	6000000010764325547
Q2360951	6000000014070729915
Q236112	6000000036605542296
Q2361145	5580434788100067215
Q2361164	6000000023012560863
Q23612023	6000000075424479934
Q2361218	6000000072986865030
Q23612182	6000000009968735565
Q2361219	6000000034123473554
Q23612251	6000000015915192904
Q23612362	6000000000767753690
Q23612510	6000000040592105831
Q23612529	6000000003231419472
Q23613158	6000000013661030779
Q236132	6000000069966498229
Q23613250	6000000074712141863
Q23613256	6000000084902546558
Q2361329	6000000203587999847
Q23613612	6000000023084011038
Q23613643	6000000044705441859
Q23613798	6000000098826601319
Q2361387	6000000008664473601
Q2361397	6000000142663983834
Q23613977	6000000024628572714
Q2361434	6000000023089321183
Q23614342	6000000039150947295
Q23614459	6000000017596009588
Q236145	6000000010533102244
Q23614501	6000000012658596749
Q23614588	6000000002907039259
Q23614617	6000000010988281463
Q23614805	6000000008289462005
Q23614835	6000000013425279943
Q23614948	6000000042731445204
Q2361508	6000000151261864821
Q236151	6000000002791082165
Q23615238	6000000012496466668
Q23615338	6000000001074379028
Q23615366	6000000011168821790
Q236154	6000000106886574873
Q23615527	6000000014912753068
Q23615535	6000000177081948822
Q23615565	6000000026996707871
Q23615636	4799738360760042039
Q23615656	6000000021530965740
Q23616139	6000000017797011080
Q23616153	6000000078246220705
Q236164	6000000021947439243
Q23616455	6000000003681314099
Q23616461	6000000025397363259
Q23616548	6000000008900255685
Q2361659	6000000008025909370
Q23616725	6000000041336463839
Q23616739	6000000004212259005
Q23616899	6000000000899083681
Q23616929	6000000140140664031
Q23616977	6000000134325130535
Q23617028	6000000008852110470
Q23617254	6000000174259392211
Q23617376	6000000018485208372
Q23617409	6000000060811712821
Q23617508	6000000095076943836
Q23617549	6000000026637571980
Q23617556	6000000018850642644
Q23617575	6000000001550124430
Q236176	4776728728380033298
Q23617730	6000000040937981494
Q2361790	6000000024117309171
Q23617991	6000000008630260229
Q23618021	6000000019368762879
Q23618073	6000000000251870295
Q236181	6000000007265631531
Q23618377	6000000040937942540
Q236184	6000000000703114066
Q2361843	6000000017845268174
Q2361850	6000000020375776998
Q23618765	6000000117700919047
Q2361877	6000000000405873287
Q23618833	6000000007371156460
Q236189	6000000075930918932
Q23619254	6000000163390406896
Q23619265	6000000163390567859
Q23619326	6000000171513454093
Q23619480	6000000030850361755
Q236196	6000000001185730451
Q2361970	6000000162894918821
Q23619842	6000000028283970629
Q23619852	6000000015732863011
Q23620342	6000000007264222849
Q2362056	6000000106209223841
Q23620776	6000000045136361077
Q236208	310881486980003887
Q23620805	6000000015119003549
Q23620836	6000000016587791699
Q23620925	6000000031699709915
Q236212	6000000174033532847
Q23621305	6000000029803148921
Q23621355	6000000040314643824
Q2362138	6000000019297205616
Q23621428	6000000024627101446
Q23621469	6000000017189691776
Q23621519	6000000156670854833
Q23621542	6000000009008051397
Q23621549	6000000022291869825
Q23621562	6000000006101401617
Q2362164	6000000180621664871
Q23621869	6000000010501643935
Q23621876	6000000020846306842
Q23621902	6000000075606158837
Q2362227	6000000024599331098
Q236236	6000000016892607590
Q2362413	6000000016730295770
Q236243	6000000010259866302
Q236247	6000000028025858216
Q236250	6000000053921737052
Q2362511	6000000035574699407
Q236253	6000000016013027386
Q2362747	6000000001170351598
Q236275	6000000081243735080
Q2362751	6000000006603558824
Q2362764	6000000176394869841
Q236278	6000000024988775206
Q2362791	6000000021212433856
Q236287	6000000001323843005
Q2363035	6000000017579578343
Q2363035	6000000030775512972
Q2363040	6000000003243145959
Q2363258	6000000015972793166
Q2363369	6000000177859888850
Q236343	6000000053395062160
Q236347	6000000026648252583
Q2363553	6000000125610632018
Q2363566	6000000057929023822
Q23636025	6000000040980508946
Q23636026	6000000056942692833
Q236364	6000000002186100050
Q23637019	6000000035049641049
Q23637020	6000000031153229631
Q2363706	6000000032064202885
Q236378	6000000053028743883
Q23638210	6000000001489789107
Q236384	6000000149970922227
Q23638496	6000000085225346041
Q2363876	6000000025126610440
Q23638913	369383910110012574
Q23638975	6000000009189740589
Q2363899	6000000055370727056
Q23639001	6000000174733594909
Q2363901	6000000113598911078
Q23639022	6000000126095034912
Q23639080	6000000031264751051
Q23639090	6000000084627123904
Q23639141	6000000050416137895
Q23639198	6000000105356589868
Q23639220	6000000037885527294
Q23639227	6000000014746112279
Q23639263	6000000004828773651
Q23639313	6000000076771973309
Q23639322	6000000019213547801
Q23639366	6000000127061079905
Q23639369	6000000096606421821
Q23639374	6000000000424798876
Q236394	6000000000351950269
Q23639414	6000000010991972523
Q23639438	6000000025768584336
Q23639453	6000000042499684220
Q23639489	6000000012461324594
Q23639490	6000000012461159311
Q23639508	6000000033182076426
Q23639518	6000000003086712395
Q23639574	6000000037033993470
Q236396	6000000001547943097
Q236402	6000000017717808300
Q23640640	6000000084183879959
Q236409	6000000025098090934
Q23641313	6000000179628651831
Q236421	6000000034842613551
Q2364228	6000000001588450929
Q2364264	6000000000999567003
Q2364364	6000000016606154193
Q2364372	6000000002221172117
Q236438	6000000019188361452
Q2364409	6000000003243424443
Q236442	6000000021568416807
Q2364464	6000000004175578608
Q2364486	6000000024154773825
Q23645126	6000000021532757944
Q23645127	6000000007435832378
Q23645432	6000000000052113175
Q2364552	6000000004591077196
Q2364556	6000000018620154704
Q2364565	6000000033195600662
Q23645731	6000000018546526671
Q23645759	6000000009441430785
Q2364614	6000000012286420267
Q2364619	6000000015827376363
Q236469	6000000012977533846
Q2364696	6000000010571349972
Q236475	6000000027378204513
Q23647535	6000000145230748184
Q23647567	6000000062067037947
Q2364762	6000000007908319767
Q2364774	6000000040661078398
Q23647752	6000000052201428055
Q2364796	6000000016499035830
Q2364807	6000000018400988316
Q23648108	6000000005047499860
Q2364858	6000000013392122128
Q2364867	6000000141699695822
Q2364950	6000000000479824125
Q23650016	6000000143811188950
Q2365008	6000000017716110117
Q236501	6000000007329532901
Q236503	6000000020573413772
Q236520	6000000027434532168
Q236523	6000000071124842071
Q23652323	6000000035194175134
Q23652323	6000000100154881884
Q236527	6000000014556984055
Q23653330	6000000012688006932
Q23653354	6000000084184301291
Q2365347	6000000015717830473
Q236537	6000000049337724895
Q236540	6000000002592761393
Q23654049	6000000147448670924
Q2365435	6000000205519694824
Q2365478	6000000000944438201
Q23655095	6000000035217015946
Q236552	6000000006101388655
Q23655375	6000000042863736300
Q23655876	6000000028141967678
Q2365588	6000000017524862040
Q23655933	6000000076279923144
Q236560	6000000020090112001
Q2365609	6000000184134863873
Q23656116	6000000057448672837
Q23656510	6000000125964129978
Q23656529	6000000087370112821
Q236566	6000000003478302016
Q23656639	6000000005609500277
Q23656696	6000000017865776730
Q23656730	6000000014994166727
Q23656882	6000000040586428778
Q23656885	6000000017373443190
Q2365732	6000000135609405846
Q2365734	4981628786300118493
Q23657376	6000000033293849557
Q23657388	6000000003510649373
Q236578	6000000048900573893
Q2365818	6000000018098301552
Q236582	6000000076934410831
Q23658298	6000000013930028481
Q23658336	6000000013500783602
Q23658402	6000000013501002324
Q23658419	6000000020629685908
Q23658446	6000000014723519389
Q236586	6000000000769944476
Q23658601	6000000104969966877
Q23658659	6000000044305765307
Q23658758	6000000185854937930
Q23658883	6000000009136567036
Q23659045	6000000025810459890
Q23659310	6000000006593092089
Q23659347	6000000020545097677
Q23659392	6000000003475552562
Q23659398	6000000000953030871
Q23659419	6000000002281458050
Q2365948	6000000024724524656
Q23659483	6000000206350849839
Q23659544	5142278578230105236
Q236596	6000000012677137282
Q236599	6000000142409239914
Q2366002	6000000163788428830
Q236606	6000000010299740046
Q2366114	6000000017604315390
Q2366120	6000000127839337037
Q23661939	6000000177157822831
Q23661943	6000000078589781722
Q23661972	6000000008532299137
Q23662067	6000000126115027950
Q236621	6000000029077151439
Q23662228	6000000001876873646
Q2366276	6000000035150052568
Q236628	6000000009764233122
Q2366372	6000000010454632865
Q236638	6000000017430701209
Q2366396	6000000031048410295
Q236643	6000000011459327754
Q2366466	6000000012911328509
Q23664982	6000000049468153094
Q2366515	6000000000218854799
Q236665	6000000019444702333
Q236669	6000000015337236372
Q2366709	6000000074270717137
Q236678	6000000003151085597
Q236696	6000000009507720617
Q2366977	6000000033911619652
Q236705	6000000024223158563
Q236708	6000000015756505706
Q236711	6000000014533629688
Q23671717	6000000177982642843
Q23671738	6000000022498833949
Q236718	6000000013743052126
Q2367184	6000000010512172240
Q2367186	6000000084688864897
Q236738	6000000002974708046
Q2367424	6000000024755128055
Q23675092	6000000059268613972
Q23675247	6000000015799619362
Q23675414	6000000015254343037
Q23675506	6000000015254343043
Q2367556	6000000047194398873
Q23675930	6000000015119578472
Q2367617	6000000070052662822
Q2367635	6000000017301603399
Q236766	6000000106534738823
Q236770	6000000003202565279
Q236774	6000000000695074691
Q2367783	6000000013938213078
Q2367792	6000000017498078214
Q236795	6000000010967009816
Q236809	6000000081309866018
Q23681840	6000000156213445822
Q23682312	6000000002892629423
Q2368238	6000000113592637903
Q23682495	6000000015142524736
Q23682766	6000000008290165477
Q23682776	6000000006596810481
Q2368306	6000000014625840923
Q236832	6000000049097665901
Q23683337	6000000008989004083
Q23683386	6000000004131117813
Q23683471	6000000047759127078
Q23683498	6000000012046680888
Q23683511	6000000138002028884
Q23684113	6000000024806174298
Q236842	6000000009336182994
Q2368428	6000000023011237158
Q23685	6000000001962458192
Q2368509	6000000006444452310
Q236853	6000000003122427293
Q236854	6000000150821789821
Q23685901	6000000018392709180
Q236861	6000000040568834651
Q23687306	6000000082657334002
Q2368755	6000000019900282249
Q236878	6000000050780295884
Q2368799	6000000040984413023
Q2368810	6000000059203057867
Q2368850	6000000011194197263
Q2368858	6000000015409577626
Q23688743	6000000001959742945
Q23688743	6000000170631417889
Q23688787	6000000022232556776
Q23688787	6000000077246108287
Q23688790	6000000018160277214
Q23688799	6000000003758378211
Q23688816	6000000015823341241
Q23688859	6000000002805946135
Q236889	6000000042712527188
Q23688913	6000000004079710121
Q2368906	6000000081508302083
Q2368936	6000000014181616464
Q236899	6000000000875825012
Q23690283	6000000178306747843
Q236905	6000000007353043372
Q23691616	6000000096578080827
Q2369178	6000000022552326086
Q23691974	6000000186148244155
Q236921	6000000000436386803
Q23692138	6000000175796721842
Q23692152	6000000064203674096
Q23692159	6000000053813624857
Q2369237	6000000167429392839
Q236924	6000000002188444326
Q2369256	6000000030407323435
Q236930	6000000003885198846
Q2369309	6000000048685776034
Q2369371	6000000021824416110
Q236941	6000000022768706864
Q2369430	6000000019897531944
Q236946	6000000020988130983
Q236958	6000000083956607503
Q23696694	9
Q23697758	6000000183802840050
Q236978	4030051474990031125
Q236985	6000000000029446947
Q236987	6000000063154940823
Q23698818	6000000030769975648
Q23698819	6000000080455527239
Q23698826	6000000015863674105
Q23698827	6000000041780483156
Q23698834	6000000006856880328
Q23698839	6000000000840095188
Q23698849	6000000004417507017
Q23698870	6000000068517767821
Q23698880	5543461636340079039
Q23698913	6000000021161229244
Q23698923	6000000001354019731
Q23698931	6000000013477713537
Q23698963	6000000133674228862
Q23698972	6000000048684420029
Q23698982	6000000010510052587
Q23700489	6000000000621040512
Q237015	6000000015795378251
Q2370182	6000000002361933259
Q23702073	6000000056076831946
Q237024	6000000015993573478
Q2370281	6000000144193704858
Q23702888	6000000097111703034
Q237030	6000000036975995833
Q2370301	6000000051495666210
Q2370432	6000000019924261196
Q2370482	6000000093701939026
Q23705141	6000000015268838836
Q23705181	6000000046462819928
Q23705273	6000000031799744345
Q237056	6000000007435506389
Q23705690	6000000013569571372
Q237061	6000000078159754481
Q2370616	6000000172833300443
Q2370712	6000000016023959581
Q2370722	6000000057770487981
Q2370725	6000000042287718892
Q2370797	6000000016199183480
Q2370802	6000000002764356537
Q2370840	6000000068289861885
Q2370847	6000000073386815967
Q23708557	6000000016431972290
Q23708598	6000000013242366526
Q2370881	6000000040855828850
Q2370917	6000000030646126873
Q2371003	6000000072571026150
Q23710125	6000000080333117241
Q237103	6000000022229832826
Q23710317	6000000013696206057
Q23710512	6000000028006409333
Q23710550	6000000011253971208
Q23710579	6000000020020966719
Q2371083	6000000048937833051
Q2371130	6000000077295272720
Q23711359	6000000129285692183
Q237115	6000000028323639788
Q2371192	6000000019148395453
Q23712635	6000000011163369537
Q2371275	6000000010617664556
Q23712750	6000000053251242894
Q237129	6000000002188412852
Q23712994	6000000220937750824
Q237132	6000000000632010779
Q237142	6000000005034132270
Q2371446	6000000103945890071
Q23715026	6000000077945933173
Q23715034	6000000183717008850
Q23715038	6000000044084570846
Q23715153	6000000060891514349
Q2371567	6000000071268837180
Q237160	6000000000408022187
Q2371637	6000000141062098265
Q2371694	4587038
Q237173	6000000017592481036
Q2371736	6000000008510346121
Q2371763	6000000009515556368
Q237190	6000000007775686373
Q2371917	6000000182020916904
Q237196	6000000007220088741
Q237204	6000000173557502417
Q23720602	6000000014861414316
Q237211	6000000024513784627
Q2372131	6000000007160890258
Q237214	6000000121450203841
Q237220	6000000010887244227
Q237221	6000000179950746833
Q237242	6000000088738426073
Q237244	6000000049097686867
Q237251	6000000006101437240
Q237255	6000000026079501901
Q2372571	6000000004558370833
Q2372613	6000000008266550724
Q237263	6000000041788357417
Q2372665	6000000082469255437
Q2372674	6000000071608927056
Q237270	6000000054925355984
Q237271	6000000018780710724
Q237273	6000000177986032865
Q2372742	6000000022274706272
Q23728	6000000024377206788
Q2372818	6000000015700046315
Q2372852	6000000041607161418
Q2372864	6000000043099451610
Q2372868	6000000017239965487
Q237287	6000000086040512854
Q2372910	6000000041340829329
Q23729146	6000000001362904280
Q2373104	6000000015030140172
Q237311	6000000001434797950
Q23731472	6000000003277816415
Q237318	6000000002188412868
Q23731824	6000000007036649070
Q237324	6000000001784923412
Q2373290	6000000047428801886
Q2373345	6000000020463839156
Q237341	6000000049333465893
Q2373467	6000000124206930983
Q2373469	6000000015922119508
Q2373505	6000000002765241431
Q2373519	6000000174058264234
Q237356	6000000049096462042
Q237358	6000000003365758789
Q2373610	6000000021218669204
Q237366	6000000002322328873
Q2373710	6000000037477661152
Q2373718	6000000040810155412
Q2373732	6000000037975687028
Q2373753	6000000038261075492
Q2373778	6000000000333773627
Q237399	6000000029421477877
Q2374046	6000000012982253543
Q2374065	6000000078850028946
Q2374085	6000000012653651194
Q2374087	6000000038040120699
Q237412	6000000090590624520
Q237413	5466034341520054863
Q2374312	6000000017989862214
Q2374338	6000000014298601311
Q2374386	6000000005050323923
Q2374406	6000000002221072155
Q2374412	6000000022423037439
Q237446	6000000018105099902
Q2374493	6000000073223650912
Q237454	6000000151329689952
Q237458	6000000004183517545
Q237463	6000000001777160938
Q2374663	6000000029304047125
Q23746838	6000000116526382859
Q23747214	6000000170410522114
Q23747443	6000000025095195722
Q237482	6000000143249187001
Q23749387	6000000016262151367
Q237499	6000000010787525675
Q2375130	6000000014245690324
Q237514	6000000004319179160
Q2375184	6000000004150889590
Q23751882	6000000002120387421
Q23752019	6000000017104215499
Q23752021	6000000176975827829
Q2375210	6000000216914088873
Q2375385	6000000006822448295
Q237541	6000000031591745003
Q2375473	6000000179042544864
Q23755546	6000000003023869389
Q237564	6000000009110991176
Q2375666	6000000065334147864
Q237575	6000000025755272293
Q2375810	6000000014418200102
Q23758934	6000000007329555843
Q23758939	6000000180915904826
Q23758952	6000000002797881284
Q23758961	6000000015863400366
Q237590	6000000001132962516
Q23759025	6000000016293866350
Q23759119	6000000179211580853
Q23759250	6000000030180614665
Q237594	6000000063929290833
Q23759419	6000000003779153618
Q23759446	6000000003779409305
Q23760	6000000012379207395
Q237602	6000000015195297026
Q23760214	6000000003477555452
Q237607	6000000013954057912
Q237615	6000000012330052615
Q2376214	6000000019215248928
Q23762862	6000000185315470862
Q237633	6000000012049324244
Q2376348	6000000017306952417
Q2376351	6000000140763411829
Q237639	6000000065537153916
Q237645	6000000028621552587
Q2376468	6000000011072101585
Q237654	6000000004216070326
Q2376541	6000000016881932799
Q23765644	6000000030415574134
Q23765665	6000000027689494842
Q23765769	6000000068820229197
Q23765786	6000000082745677236
Q23765789	6000000176812920884
Q23765861	6000000013114734545
Q23765879	6000000024712199960
Q23765888	6000000042704334186
Q23765899	6000000012658045492
Q237659	6000000007489395224
Q23765923	6000000015839663084
Q23765988	6000000060171167843
Q23766023	6000000019871499588
Q237663	6000000007387312494
Q237666	6000000000846868421
Q237681	6000000016430172123
Q23768222	6000000006727790181
Q2376882	4872803374920057070
Q2376892	6000000181484438838
Q237690	6000000053437759351
Q23769534	6000000008887551509
Q2376957	4959286444570130880
Q23769759	6000000007350324388
Q237700	6000000002240778308
Q23770385	6000000024799248262
Q23770470	6000000141815502940
Q23770490	6000000007554071893
Q237706	6000000002188436362
Q23770663	6000000006444052869
Q23771060	6000000077170150145
Q23771070	6000000174668190434
Q23771073	6000000024008576512
Q23771081	6000000015183642760
Q23771088	6000000028164930983
Q23771092	6000000016442961004
Q23771098	6000000057961561231
Q237712	6000000000648205466
Q23771320	6000000049830682931
Q23771432	6000000119567140908
Q2377156	6000000006444086718
Q23771618	6000000054842480925
Q237722	6000000002188370916
Q237726	6000000141141455912
Q2377295	6000000078951023740
Q237730	6000000002122428080
Q23773158	6000000109747460017
Q2377321	6000000003221236741
Q2377328	4992556245170101054
Q23773477	6000000016294122058
Q237740	311773109700003958
Q23774001	6000000185402066955
Q23774401	6000000013664898135
Q2377446	6000000025833770787
Q237745	6000000001009250971
Q237750	6000000063637640913
Q2377500	6000000008462677282
Q2377549	6000000052311148961
Q23775667	6000000144751637825
Q2377574	6000000050410231966
Q23776000	6000000104902394108
Q23776320	6000000057034883088
Q237766	6000000041279633628
Q2377682	6000000017122099841
Q2377709	6000000007723355754
Q2377737	6000000038779564948
Q237778	6000000019376976236
Q23777969	6000000140814443829
Q23777988	6000000021051833821
Q23777991	6000000085970691831
Q23777996	6000000025835789340
Q23778004	6000000043971478329
Q23778016	6000000077200511054
Q23778036	6000000090468094904
Q237781	6000000010153155449
Q237782	370241752590012448
Q23778300	6000000000696733055
Q2377919	6000000144054059967
Q237793	6000000003375448733
Q2377933	6000000016199592584
Q23779664	6000000013385626018
Q2378031	6000000167971046109
Q2378046	6000000028503267910
Q237805	6000000010443415819
Q2378056	6000000073312923070
Q2378087	6000000166005274986
Q237813	6000000030965770599
Q23781410	6000000171841285293
Q2378155	6000000080188680409
Q237817	6000000009066280417
Q2378184	6000000029595973066
Q237821	6000000026843238738
Q23782724	6000000143327388867
Q237829	6000000009470771486
Q2378302	6000000021087364340
Q237832	6000000008482364768
Q237833	6000000081766593129
Q23783388	6000000003589283177
Q23783439	6000000018772998427
Q23783731	6000000044316187212
Q237839	6000000011260980504
Q23784222	6000000020021132085
Q23784226	6000000041148882268
Q2378531	4475053420860023103
Q2378576	6000000006972579007
Q237864	6000000099828220821
Q23787741	6000000177700663891
Q23787894	6000000053257457947
Q23788022	6000000016328123910
Q23788045	6000000076671907027
Q23788069	6000000068847035895
Q23788117	6000000015539933164
Q23788268	6000000011447148524
Q237894	6000000025389921221
Q2379307	6000000003250420277
Q237931	6000000002376132134
Q23793178	6000000069284201015
Q23793191	6000000050934220953
Q237937	6000000000695206676
Q237940	6000000002176658567
Q23794011	6000000021072890774
Q23794243	6000000077111119610
Q2379463	6000000014594263535
Q2379508	6000000069875751036
Q237951	6000000031407542634
Q2379547	6000000017229584175
Q237955	6000000006277445888
Q23795651	6000000030104535094
Q23795675	6000000163415707828
Q237959	6000000015521066184
Q2379648	6000000001142120843
Q23796626	6000000047977700112
Q237968	6000000002004243681
Q2379706	6000000034955105119
Q2379778	6000000187309939905
Q23798744	6000000057329942857
Q23798764	6000000128484545833
Q23798995	6000000000133840983
Q237990	6000000000307243437
Q23799024	6000000008797458371
Q23799201	6000000065849754839
Q2379936	6000000027947015938
Q2379965	6000000076892546334
Q2379989	6000000012255724534
Q2380007	6000000015392259501
Q238001	6000000006597668288
Q23800185	6000000012645970276
Q2380027	6000000046471647793
Q23800370	6000000008025482274
Q238004	6000000001069092412
Q238008	6000000019705701163
Q2380223	6000000062169424430
Q238032	6000000027756414405
Q23803410	6000000059650888850
Q238036	6000000006769726294
Q2380366	6000000015676278406
Q23804015	6000000048806620876
Q23805570	6000000007463645719
Q238056	6000000015412624898
Q23805998	6000000025126852307
Q238061	6000000079211311250
Q2380618	6000000012746583299
Q23806339	6000000001182403350
Q23806379	6000000037622625519
Q23806417	6000000007054076019
Q23806430	6000000032782546469
Q23806448	6000000059757045907
Q23806461	6000000009658724860
Q23806552	6000000109690701853
Q23807290	6000000029219953091
Q23807292	6000000052098402821
Q238081	6000000042435283929
Q2380824	6000000024052812926
Q238090	6000000012838698894
Q2380978	6000000017182731991
Q2380986	6000000019742277592
Q23810	5239338564770070239
Q2381093	6000000007589665439
Q238111	6000000047407082004
Q23811226	6000000015356852699
Q238117	6000000028220221500
Q238121	6000000185337281872
Q238133	6000000036722701021
Q238140	6000000007302870301
Q2381420	6000000015710370302
Q2381464	6000000173219930913
Q23815248	6000000179829649909
Q23815284	6000000017250169068
Q23815295	6000000025709523295
Q23815301	6000000038965057918
Q23815626	6000000003510142167
Q23816807	6000000022831232997
Q23817024	6000000000669851224
Q23817163	6000000081543705906
Q23817178	6000000025552207861
Q23817860	6000000008427431487
Q23818650	6000000145877604065
Q23818656	6000000146295225848
Q23818671	6000000141041700950
Q23818679	6000000198468097844
Q23818681	6000000140688091857
Q23818694	6000000002577470353
Q23818703	6000000151929886946
Q23818709	6000000052211751023
Q23818719	6000000017862705513
Q23818725	6000000150974258822
Q23818739	6000000145440026838
Q23818740	6000000011016230747
Q23818746	6000000143173707896
Q23818775	6000000151463862830
Q23818791	6000000140305959912
Q23818801	6000000178314645940
Q23818814	6000000137617215863
Q23818815	6000000023738904905
Q23818830	6000000163458919836
Q23818876	6000000030779631643
Q23819482	6000000073542261844
Q23819546	6000000068881066900
Q2381959	6000000180538509850
Q2381995	6000000002512596620
Q2382042	6000000015139163089
Q2382055	6000000111212278876
Q238215	6000000073129234313
Q2382151	6000000002764495590
Q2382175	6000000074186106265
Q2382210	6000000078162994646
Q2382227	6000000048540045083
Q23822280	6000000009700050865
Q23822282	6000000011976751611
Q23822306	6000000018608413407
Q2382244	6000000017983345299
Q23822685	6000000017671513386
Q2382320	6000000086130666853
Q23823631	6000000014926709328
Q23823631	6000000203782593882
Q23823880	6000000044504647961
Q23823915	6000000079242088553
Q23823953	6000000000062925610
Q238243	6000000032197734822
Q23825129	6000000080766595043
Q2382540	6000000018788346565
Q23826264	6000000086451291871
Q2382648	6000000078421570849
Q2382670	6000000109498953895
Q2382699	6000000017227729103
Q2382713	6000000010802570585
Q2382738	6000000002407079104
Q2382770	6000000005413957019
Q2382900	6000000021552758703
Q23829172	6000000024861119800
Q23829567	6000000029048896503
Q23829579	6000000163781737834
Q23829583	6000000163781305865
Q23829648	6000000122560659066
Q238302	6000000007039386058
Q238305	6000000009388697221
Q2383074	6000000028143978963
Q23831031	6000000000030503742
Q23831094	6000000070700255189
Q2383112	6000000022526779922
Q23831221	6000000025879555859
Q2383148	6000000007695034902
Q2383184	6000000009652783908
Q238319	6000000049097413859
Q238327	6000000147651779957
Q2383282	6000000015252496454
Q2383297	6000000074308760027
Q2383341	6000000014234170768
Q2383370	6000000005965664282
Q238338	6000000000307287238
Q23834208	6000000076745000322
Q23834746	6000000093401838288
Q2383536	6000000017778257545
Q23835505	6000000001080430588
Q23835829	6000000125400952927
Q238361	6000000070969959649
Q23836117	6000000178016902911
Q2383619	6000000007860771371
Q2383634	6000000018329326948
Q238364	6000000014541555013
Q2383659	6000000003337835584
Q238371	6000000003681391109
Q23838016	6000000002893775982
Q238387	6000000003004903050
Q238391	6000000172218295555
Q238394	6000000049097600945
Q23839405	6000000018455304547
Q238397	6000000001440412584
Q23839831	6000000077102032404
Q2384009	6000000007790132273
Q23840125	6000000022391673797
Q238402	6000000010293022499
Q2384044	6000000048202493356
Q238407	6000000041886602587
Q23841107	6000000022909301347
Q23842	6000000020286316836
Q238432	6000000079898872877
Q2384352	6000000013511325748
Q23844	6000000009658225847
Q2384409	6000000002657891069
Q23844165	323055770750006402
Q238443	6000000007980727859
Q2384456	6000000074583516608
Q2384459	6000000117462640825
Q2384480	6000000027841952143
Q2384536	6000000121915899858
Q238470	6000000002188374540
Q23847086	6000000082581248912
Q2384728	6000000002683959045
Q2384743	6000000018250778490
Q2384756	6000000009655210603
Q238478	6000000002188510163
Q2384781	6000000014053242378
Q23848	6000000008771866292
Q238483	6000000015592850099
Q2384929	6000000020007974876
Q23852299	6000000147780437848
Q2385350	6000000004006500001
Q238539	6000000008734809094
Q23854281	6000000012536824263
Q23854454	6000000047488259829
Q238551	6000000054687926102
Q23855443	6000000004828102643
Q23855448	6000000034500971926
Q23855539	6000000137801273044
Q2385583	6000000184208444882
Q2385714	6000000001180355562
Q238574	6000000080592331171
Q23858	6000000012954216644
Q238580	6000000004692177055
Q238584	6000000023096551533
Q238585	6000000049097874899
Q2386079	6000000004098987898
Q238609	6000000004487857003
Q2386122	6000000095091738835
Q238616	6000000017709305985
Q2386239	6000000001877504538
Q238626	6000000033771300705
Q238638	6000000014300732473
Q238639	6000000000119758433
Q2386409	6000000023879671782
Q2386507	6000000021111984486
Q2386604	6000000050223645146
Q238663	6000000016767689198
Q238671	6000000020806176236
Q23867969	6000000020757756821
Q2386817	6000000178469560938
Q23868724	6000000046575758460
Q23868727	6000000011750713367
Q238688	6000000014428541926
Q2386950	6000000018293958652
Q23869506	6000000143785968945
Q2386969	6000000002422267554
Q23870311	6000000154796316821
Q238704	6000000021622870842
Q23870455	6000000015465872855
Q23870974	6000000077596472987
Q23871024	6000000021358801603
Q238716	6000000029343150952
Q238719	6000000016551053950
Q23872222	6000000020746315424
Q23872259	6000000143539053630
Q2387234	6000000036562801336
Q2387247	6000000003824983574
Q238727	6000000065897583846
Q2387297	6000000185578983931
Q23873	6000000012454262145
Q238731	6000000021518347198
Q2387328	6000000017438076058
Q238739	6000000013155658874
Q2387422	6000000008494779619
Q23874424	6000000180953711821
Q23874468	6000000012285931388
Q238745	6000000027813711405
Q23874827	6000000171041267078
Q2387613	6000000109265434921
Q2387638	6000000016829187635
Q2387642	6000000003138568838
Q238789	6000000009586783610
Q23879071	6000000006996738014
Q2387934	6000000009945020144
Q23879374	5407156272030026662
Q238795	6000000078597916040
Q23879902	6000000107770891945
Q2388005	6000000129322944879
Q2388098	6000000008799806492
Q2388158	6000000006763638836
Q238820	6000000000307240472
Q2388250	6000000012961964220
Q23883301	6000000056705027850
Q2388346	6000000009795943831
Q23884	6000000011031423495
Q238843	6000000056033100117
Q2388568	6000000019339299157
Q2388686	6000000018844588940
Q238871	6000000023450198378
Q238877	6000000020321189155
Q23888	6000000010995472050
Q2388812	6000000059905256915
Q23888167	6000000131560317867
Q2388817	6000000026055163567
Q23888312	6000000051493904823
Q23888330	6000000039521248841
Q238884	6000000131500237825
Q23888788	6000000188693922832
Q23888804	6000000017837164152
Q23888860	6000000024567685471
Q2388890	6000000091130207394
Q238890	6000000030742923973
Q23889122	6000000018473832003
Q2388914	6000000022186975885
Q2388936	6000000125614301995
Q238895	6000000027708578541
Q2388988	6000000210944586821
Q2389089	6000000003138651616
Q23890946	6000000028848953159
Q23890975	6000000182503143885
Q23891078	6000000180470035822
Q238912	6000000017786623500
Q2389145	6000000178284975860
Q2389154	6000000016702580164
Q23891639	6000000083846024296
Q23891689	6000000016417254776
Q23891702	6000000016275187641
Q2389215	6000000177304642842
Q23892254	6000000080395226311
Q238924	6000000125262813824
Q2389254	6000000024283159234
Q23892609	6000000014553028215
Q23892722	6000000175790747407
Q23892810	6000000002784847451
Q23892875	6000000023527353355
Q2389307	6000000122565287922
Q23893075	6000000061835509887
Q23893191	6000000059446828536
Q23893222	6000000073390025039
Q23893308	6000000008754203872
Q23893449	6000000078107443080
Q238935	6000000002188374524
Q23893527	6000000026547928839
Q23893648	6000000076217009855
Q23893660	6000000061499495027
Q238940	6000000036686348389
Q238941	6000000032966980139
Q2389411	6000000016198572730
Q2389414	5684123070480077324
Q23894480	6000000012935193049
Q23894602	6000000137602424866
Q23894747	6000000075050628962
Q23894793	6000000011433365798
Q238948	6000000036559158972
Q23894884	6000000001459155332
Q23894972	6000000190470621827
Q23895167	6000000046284606697
Q238955	6000000049591728838
Q238963	6000000149225774981
Q238983	6000000087333399841
Q23899030	6000000055402115341
Q23899032	6000000057796026027
Q23899035	6000000016409606577
Q23899067	6000000097024067873
Q238993	6000000017345972227
Q23899338	6000000040959166331
Q23899408	6000000022617323154
Q23899441	6000000007372729319
Q2389958	6000000016383763633
Q23899630	6000000006980691894
Q23899709	5657601151030030264
Q239002	6000000071506592960
Q23900453	6000000180234562839
Q23900723	6000000075961487405
Q23900762	6000000092307306142
Q23900766	6000000119033891834
Q23900777	5148978049350057491
Q23900783	6000000077296462156
Q23900790	6000000019710507435
Q23900792	6000000015932806769
Q23900797	6000000156836590883
Q23900813	6000000011415994847
Q23900813	6000000093657719840
Q23900874	6000000035948761210
Q23900879	6000000026365930886
Q23900899	6000000002765016549
Q23900940	6000000180625781847
Q2390096	6000000026620195194
Q23900968	6000000024181051682
Q23900969	6000000069314471108
Q23901101	6000000002188466528
Q23901643	6000000045110819076
Q23901648	6000000037455991233
Q23901660	6000000002802957667
Q23901671	6000000064203064477
Q23901836	6000000000772718584
Q23901871	6000000084258777952
Q23901873	6000000085462597821
Q23901882	6000000050631083821
Q23902244	6000000077980578951
Q239024	6000000068414332825
Q23902450	6000000004127940751
Q23902450	6000000190046282609
Q23902819	6000000004658788144
Q23902829	6000000015250083386
Q23902830	6000000183050859835
Q23902840	6000000016509547170
Q23902850	6000000098179607821
Q23902872	6000000023963977865
Q23902875	6000000080334126469
Q23902882	6000000011734273458
Q23902884	6000000016317264515
Q23902909	6000000006088732240
Q23902945	6000000008636181047
Q23903031	6000000000965755283
Q23903090	315820040770006472
Q2390351	6000000015614329770
Q23905363	6000000140005536950
Q23905781	6000000011242848341
Q239062	6000000008671590333
Q2390657	6000000141008247835
Q23906846	6000000156837504835
Q23906858	6000000011583112650
Q239069	6000000075959795231
Q23907342	6000000069651328859
Q23907558	6000000008018318825
Q23907746	6000000020538831759
Q23907785	6000000002306731083
Q23907936	6000000026729853642
Q2390830	6000000012965710213
Q23908522	6000000078808047033
Q23908727	6000000014067364768
Q2390877	6000000190729596893
Q23908924	6000000041889226160
Q239093	6000000076184046963
Q2390943	6000000039720705716
Q2390981	6000000058700350236
Q2391059	6000000049383858030
Q239112	6000000049092256110
Q2391157	6000000056172614900
Q2391188	6000000084073843821
Q2391208	6000000151350489971
Q2391230	6000000015964612337
Q2391307	6000000005438494223
Q23913671	6000000076914342298
Q23914	6000000033927447674
Q239145	6000000014486267712
Q239149	6000000017334119859
Q2391510	6000000133054994249
Q23915202	6000000112920189004
Q2391593	6000000175064120086
Q23916495	6000000174380905024
Q2391726	6000000156775257821
Q23917759	6000000105544319953
Q2391803	6000000014459720061
Q23918344	6000000036053921953
Q23918434	6000000062456849922
Q2391857	6000000145550373822
Q23918638	6000000021163436080
Q23918674	6000000031852476427
Q239202	6000000035006145405
Q23920764	6000000177101082830
Q2392078	6000000018016935812
Q239214	6000000012757473061
Q2392204	6000000143329582891
Q2392209	6000000002601014094
Q2392279	6000000111750400840
Q2392284	6000000032778369163
Q239229	6000000015672221417
Q239246	6000000000632110676
Q23924683	6000000041836362348
Q239249	6000000090439798842
Q2392492	6000000042173186870
Q239250	6000000019197031912
Q239251	6000000020169329822
Q23925203	6000000008449652295
Q23925241	6000000055463474959
Q23925339	367452707750013677
Q2392536	6000000078921222225
Q23925394	6000000020746741189
Q23925426	6000000031154431857
Q239256	6000000035837052878
Q23925974	6000000165198893821
Q239260	6000000008415293094
Q2392638	6000000020978435391
Q23926554	6000000005436706108
Q23926770	6000000018754135552
Q23927239	6000000017630241086
Q239275	6000000042607778354
Q23928616	6000000012272311324
Q23928706	6000000007748560635
Q23928717	6000000057062601490
Q239293	6000000024295920013
Q2392954	6000000007698764001
Q2392990	6000000015687846698
Q23930006	6000000015687935596
Q2393004	6000000002188450108
Q23930069	6000000020328855420
Q239301	6000000076894853291
Q23930558	6000000011951815086
Q23930687	6000000164888892853
Q23930781	6000000075489071044
Q2393090	6000000025657424442
Q23931254	6000000021185372892
Q23931377	6000000135672834025
Q23931385	6000000134313080883
Q23931511	6000000010605569782
Q23931518	6000000029949396115
Q23931534	6000000002184933003
Q23931535	6000000089787029943
Q23931561	6000000013294082162
Q23931562	6000000179167808821
Q23931565	6000000011042796284
Q23931566	6000000029015463504
Q23931572	6000000105810127094
Q23931619	6000000010005722532
Q23931628	6000000096134964992
Q23931636	6000000021830813741
Q23931643	6000000023472501356
Q23931648	6000000146322023834
Q23931653	6000000038519687231
Q23931667	6000000069510259948
Q23931683	6000000043818977067
Q23931687	6000000047012028896
Q23931689	6000000031293614819
Q23931698	6000000019054608691
Q23931700	6000000182492914871
Q23931723	6000000093863565042
Q23931730	6000000014261509487
Q23931735	6000000106566751821
Q23931738	6000000114659652420
Q23931739	6000000114640910086
Q23931746	6000000024787146033
Q23931748	6000000082646230582
Q23931765	6000000033693441454
Q23931776	6000000037341811829
Q23931777	6000000037222318261
Q23931780	6000000017198521721
Q23931790	6000000174657523336
Q23931792	6000000012076452032
Q23931795	6000000181549039845
Q23931799	6000000173874803580
Q23931803	6000000039763592840
Q23931805	6000000010683681490
Q23931813	6000000016320027820
Q23931818	6000000048842267109
Q23931839	6000000031612259254
Q23931843	6000000074918051172
Q23931862	6000000027947898051
Q23931869	6000000085189852499
Q23931890	6000000174818207152
Q23931894	6000000069198548979
Q2393246	6000000018171724514
Q23932539	6000000044824698821
Q23932730	362745485960003920
Q23932740	6000000015732803004
Q23932771	6000000009550561333
Q23933162	6000000177062972890
Q2393337	6000000049551454821
Q23933666	6000000039151575580
Q239337	6000000006444331614
Q23933798	6000000015636472061
Q23933800	6000000051022901946
Q239339	6000000012645669121
Q23934429	6000000041922171170
Q239347	6000000145603392822
Q23934814	6000000180118505821
Q23935105	6000000016166292741
Q2393588	6000000181774402831
Q23936374	6000000010942141773
Q23936389	6000000023146302464
Q23936518	6000000015321492102
Q23936596	6000000011566515987
Q23936651	6000000084070782910
Q23936696	6000000105726898824
Q239368	6000000032653955970
Q2393711	6000000010592156288
Q2393762	6000000217023852824
Q23938114	6000000014609315309
Q2393836	6000000003668207282
Q23938557	6000000151349126897
Q23938566	6000000039763210060
Q239386	6000000006853415056
Q23938765	6000000088901827904
Q23938904	6000000016814093377
Q23939172	6000000059866987910
Q2393995	6000000015042556549
Q23940190	6000000192226755828
Q239404	6000000051688691923
Q239411	6000000009656465806
Q23941421	6000000025550216472
Q23941964	6000000008630291707
Q23942663	6000000192380055874
Q23942666	6000000030125047108
Q23942669	6000000010617250627
Q23942672	6000000007597658366
Q23942674	6000000007399181562
Q23942680	6000000002635167720
Q23942684	6000000008285461767
Q23942687	6000000016975169529
Q23942709	6000000081745948080
Q23942710	4171867461580033467
Q23942727	6000000010260808337
Q23942728	6000000002357655249
Q23942732	6000000029680199123
Q23942735	6000000020448922035
Q23942753	6000000018286716096
Q23942755	6000000010555158556
Q23942757	6000000017326056578
Q23942759	6000000005572304987
Q23942768	6000000017325870462
Q23942803	6000000007377345944
Q23942812	6000000008444183122
Q23942822	6000000039584950242
Q23942839	6000000001758792144
Q23942844	6000000168801042898
Q23942845	6000000037856221821
Q23942888	6000000000512252105
Q23942912	6000000102091752821
Q23942962	6000000019571726050
Q23942963	6000000009292335401
Q23943391	6000000035824854168
Q23943422	6000000042879055288
Q23943457	6000000031234548398
Q23943467	6000000011975889442
Q23943474	6000000049234354365
Q23943548	6000000040277342432
Q23943564	6000000168667215239
Q23943574	6000000045893008967
Q23943591	6000000193954556868
Q23943602	6000000171894039854
Q23943612	6000000030484325864
Q23943614	6000000002464933732
Q23943640	6000000011049019632
Q23943689	6000000090307529834
Q23943721	6000000085480692873
Q23943724	6000000008084324774
Q23943727	6000000042880219839
Q23943734	6000000178721880829
Q23943796	6000000087287860841
Q2394380	6000000003025989125
Q23943820	6000000059184247200
Q23943853	6000000020894949209
Q23943875	6000000012943907783
Q23943894	6000000012045961509
Q23943924	368467422380012074
Q23943958	6000000148318558139
Q23943992	6000000023354411066
Q23944013	6000000038174162211
Q23944049	6000000178523834895
Q23944052	6000000111421663843
Q23944061	6000000023157032348
Q239443	6000000000679733140
Q23944588	6000000030206348305
Q23944589	6000000001538262248
Q23944592	6000000008640554029
Q23944605	6000000026258410215
Q23944606	6000000003170739094
Q23944607	390175013280006586
Q23944612	6000000080850913852
Q23944616	6000000014033212624
Q23944628	6000000012391078829
Q23944630	6000000012389170355
Q23944634	6000000006915456673
Q23944636	6000000005014006931
Q23944637	6000000037261616925
Q23944650	6000000160676054854
Q23944651	6000000037592500058
Q23944663	6000000032809636005
Q23944667	6000000026619326974
Q23944669	6000000041974049205
Q23944680	6000000001768013117
Q23944681	6000000002761220844
Q23944683	6000000127120343144
Q23944692	6000000015138076832
Q23944696	6000000032638033564
Q23944778	6000000156211964886
Q2394483	4871058631860125092
Q239453	6000000049097589831
Q23945413	6000000085666093223
Q23945438	6000000043120578163
Q23945451	6000000212629653861
Q2394583	6000000009517986533
Q239476	6000000000783888369
Q2394789	6000000004533176989
Q23948223	6000000088377771904
Q239486	303650988800006466
Q239487	4030732202980031182
Q2394953	5709265956050063360
Q2394970	6000000012629799663
Q2395122	6000000184009680827
Q23951233	6000000037191715643
Q23951247	6000000007451329035
Q23951250	6000000019570271229
Q23951255	6000000036010592114
Q23951262	6000000098053696005
Q23951263	6000000121703969824
Q2395150	6000000009599411196
Q23951788	6000000019100019901
Q239522	6000000019875801459
Q2395229	6000000010687138548
Q2395259	6000000043991121831
Q2395286	6000000082463381986
Q23953	6000000040901508817
Q239533	6000000033550724331
Q2395351	6000000178261034844
Q239540	6000000050560986174
Q2395424	6000000029594698797
Q23954868	6000000045956050692
Q23955	6000000103421315967
Q2395552	6000000017102467748
Q2395623	6000000001861939110
Q2395637	6000000180981492828
Q2395660	6000000184336924826
Q23956683	6000000015678811261
Q23957	6000000008307182129
Q2395700	6000000050128631926
Q239571	6000000007306191469
Q2395727	6000000006405047343
Q23957305	6000000039478227877
Q239576	6000000017673082271
Q239587	6000000052440981409
Q2395889	6000000183650541836
Q23959300	6000000196638164821
Q239595	6000000052018461516
Q239600	6000000178124889824
Q23960774	6000000025133047989
Q2396451	6000000128671205882
Q239649	6000000038851721593
Q239652	6000000015127585263
Q239662	6000000060329184834
Q2396637	6000000015053161554
Q2396698	6000000014142780074
Q239688	6000000140290075144
Q239691	6000000015893282567
Q23969523	6000000051433741950
Q2397004	6000000003915498098
Q239709	6000000062173229909
Q2397172	6000000009747340089
Q2397293	6000000032106175260
Q23973139	6000000001759072029
Q2397356	6000000029325583995
Q2397435	6000000088145509584
Q2397495	6000000003110194486
Q23976836	6000000147755202860
Q239770	6000000017576067692
Q2397833	6000000003467489805
Q23978519	6000000043888253239
Q23978542	6000000017431077361
Q2397859	6000000079330410043
Q2397918	6000000144730562098
Q239802	6000000069655065090
Q239807	6000000058190069182
Q23980968	6000000017198965733
Q239818	6000000004140759837
Q2398277	2160097
Q2398316	6000000021236953794
Q2398354	6000000010513102562
Q239838	6000000002765648174
Q239845	6000000008562492154
Q239849	6000000017465204931
Q239854	6000000021236663402
Q2398618	6000000092600154836
Q239864	6000000018809974735
Q2398652	6000000071415717890
Q239881	6000000179766950859
Q23988285	6000000000740287066
Q23988286	4852996773180054844
Q23988288	6000000003656876560
Q23988292	6000000006433780014
Q23988300	5623846266940122978
Q23988306	6000000042034379041
Q23988327	6000000014520216363
Q23988367	6000000021953650897
Q23988406	6000000038608321648
Q23988417	6000000075206780830
Q23988418	6000000026258133899
Q23988419	6000000035773785680
Q23988427	6000000025222967551
Q23988428	6000000012282391453
Q23988431	6000000059786595966
Q23988441	6000000006807848021
Q23988445	6000000011023696161
Q23988448	6000000020527956649
Q23988456	6000000006595603794
Q23988466	6000000122737965912
Q23988469	6000000015542561338
Q23988471	6000000004179094337
Q23988488	6000000006128227658
Q23988490	6000000015339155740
Q23988491	5230830393930070027
Q23988501	6000000008612054958
Q23988508	6000000025362738180
Q23988523	6000000176235670822
Q23988525	6000000048837938884
Q23988526	6000000036830126467
Q23988527	6000000040711141330
Q23988529	6000000002520935937
Q23988531	6000000004594792025
Q23988537	2953276
Q23988540	6000000007473398745
Q23988544	6000000002582585128
Q23988548	6000000041683563036
Q23988555	6000000055594968983
Q23988566	6000000020652194226
Q23988575	6000000015773559879
Q23988588	6000000047488870848
Q23988590	6000000093510805949
Q23988596	391175440340012826
Q239886	6000000145870445295
Q23988600	6000000016650280672
Q23988608	6000000006127542278
Q23988609	6000000004188740138
Q23988656	6000000014607410857
Q2398868	6000000017295969520
Q23988699	6000000175526559311
Q23988735	6000000002379766445
Q23988745	6000000007060561015
Q23988753	6000000025248303957
Q23988788	2515887
Q23988796	6000000021705951590
Q23988871	6000000039672700661
Q23988897	6000000026116838044
Q23988911	6000000011717966659
Q23988959	6000000036931095226
Q23988977	6000000011704269119
Q23988983	6000000016117326565
Q23988984	6000000028607099989
Q23988994	6000000011207742363
Q23989017	6000000007408125520
Q23989018	6000000203971919831
Q23989025	6000000141064396078
Q23989055	6000000217043268824
Q23989056	6000000056939317066
Q23989059	6000000010829608451
Q23989067	6000000096044397879
Q23989071	6000000000612943684
Q23989073	6000000012997548445
Q23989075	6000000012162480584
Q23989078	6000000019791473860
Q23989086	6000000105869188904
Q23989091	6000000177752158824
Q23989098	6000000021708063139
Q23989100	6000000018680531168
Q23989101	6000000022685481360
Q23989108	6000000021809199776
Q23989110	6000000015440652191
Q23989118	6000000006438852237
Q23989124	6000000069906503232
Q23989125	6000000017920694003
Q23989144	6000000019905459713
Q23989149	6000000037253259761
Q23989159	6000000014757913706
Q23989165	6000000177700971946
Q23989170	6000000003817888206
Q23989177	5241763907650043931
Q23989185	6000000021049568305
Q23989188	6000000019482932001
Q23989189	6000000020146562150
Q23989202	6000000029664611802
Q23989202	6000000083493638518
Q23989204	6000000012493047750
Q23989207	6000000040173732452
Q23989215	6000000021970510177
Q23989217	6000000079480380650
Q23989219	6000000075792401875
Q23989222	5543472363090080733
Q23989225	6000000008881274931
Q23989227	6000000092250559882
Q23989229	6000000092251829028
Q23989236	2932582
Q23989239	6000000066459723007
Q23989243	6000000025875999112
Q23989253	6000000023499803285
Q23989256	6000000017897025062
Q23989257	6000000079946554860
Q23989260	6000000010793528362
Q23989270	6000000022589533831
Q23989278	6000000018794014625
Q23989291	6000000000196214346
Q23989310	6000000042249787201
Q23989312	5620408929090061978
Q23989314	6000000111117257867
Q23989325	6000000022627276468
Q23989342	6000000000769144715
Q23989346	6000000069426542829
Q23989351	6000000018960789813
Q23989353	6000000022683372294
Q23989356	6000000089567937827
Q23989358	6000000029781901487
Q23989364	6000000028354948544
Q23989367	6000000031869996688
Q23989368	5544213476360064093
Q23989385	6000000048688238900
Q23989392	6000000001296403502
Q23989394	6000000024585606971
Q23989397	6000000022436638833
Q23989404	6000000020984097422
Q23989413	6000000007136104233
Q23989419	6000000037472433091
Q23989423	6000000081062626604
Q23989428	6000000019686904308
Q23989442	6000000122760205394
Q23989444	4420756537630043200
Q23989448	6000000032183643495
Q23989449	6000000180986180881
Q23989455	6000000178048972828
Q23989457	6000000039240622401
Q23989460	6000000022905739822
Q23989463	6000000006346691708
Q23989485	6000000047326019844
Q23989504	6000000071406259378
Q23989507	6000000013067369277
Q23989533	6000000007588901466
Q23989539	6000000000046885714
Q23989551	6000000127822082930
Q23989559	6000000006707097126
Q23989574	6000000013128978393
Q23989575	6000000018712441055
Q23989580	6000000021451145218
Q23989582	6000000023910066428
Q23989595	6000000029697234821
Q23989602	6000000027557451337
Q23989606	6000000018503004418
Q23989609	6000000065792382830
Q23989615	6000000032444085107
Q23989620	6000000004642188628
Q23989622	6000000014544540752
Q23989644	6000000049990388082
Q23989772	6000000082561424840
Q23989883	6000000032085751929
Q23990022	6000000181684130860
Q2399040	6000000013439824456
Q2399053	6000000000114360104
Q23990693	6000000013524034008
Q2399111	6000000023275974493
Q2399257	6000000013631627068
Q239928	6000000026226565345
Q23993556	6000000002764698584
Q23993956	6000000018873424828
Q2399468	6000000122821168895
Q2399542	6000000019020051391
Q2399642	6000000178153310846
Q23997	6000000053593223863
Q2399729	6000000037362362117
Q2399792	6000000049873303240
Q2399830	6000000071001720970
Q2399862	6000000018127036383
Q2400060	6000000024988859729
Q24000627	6000000074756815191
Q240008	6000000182986493937
Q2400178	6000000048743078076
Q2400214	6000000059533569821
Q2400215	6000000032622780527
Q24002909	6000000030064718433
Q24003315	6000000182994029867
Q2400397	6000000000137786834
Q24004516	6000000026024905605
Q24004555	6000000082477892078
Q24004567	6000000014222116633
Q24004586	6000000017655344865
Q24004635	6000000003219342371
Q24004635	6000000218086786850
Q24004711	6000000083232053906
Q24004746	6000000022973410927
Q24004762	6000000002764365700
Q24004952	6000000002764365667
Q2400506	6000000032907165632
Q24005072	6000000175804477856
Q2400526	6000000017090147976
Q24005704	6000000014615614164
Q24005706	6000000131007218922
Q24005712	6000000054693678851
Q24005726	6000000007472866209
Q24005741	6000000012329588209
Q24005745	6000000076915213057
Q24005747	6000000000980202321
Q24005750	6000000011579140784
Q24005797	6000000080645786924
Q24005829	6000000003314041544
Q24005833	6000000003635947275
Q24005846	6000000175880872822
Q24005965	4991277765150101438
Q2400634	6000000184267385935
Q24006730	6000000140752938020
Q24007	6000000079210406736
Q24007194	6000000066088964865
Q24007209	6000000151387410050
Q240076	6000000028024977169
Q2400842	6000000003827719806
Q2400861	6000000037599100555
Q2400908	6000000180060909826
Q24009532	6000000006727781511
Q24009534	6000000086174908041
Q240098	6000000065636827511
Q24009805	6000000113078723899
Q24009904	6000000081731055836
Q24010003	6000000039438755822
Q24010619	6000000050023243231
Q24010626	6000000160313452856
Q24010716	6000000204416091841
Q240113	365240000280006345
Q2401130	6000000019259612099
Q24012082	6000000016926542750
Q2401325	6000000013026282741
Q24013586	6000000118824242853
Q24013587	6000000061282263955
Q24013609	6000000006796021713
Q24013716	6000000016542062482
Q24013931	6000000010398377799
Q2401426	6000000014359579098
Q240145	6000000000307258909
Q24014785	4016050908630076438
Q24015	6000000049406447067
Q240150	361294324670011611
Q2401545	6000000054690665359
Q24016008	6000000012570291342
Q2401629	6000000008953707991
Q240174	6000000015987495660
Q2401751	6000000011188788680
Q24017684	6000000016206626343
Q2401779	6000000061833628871
Q240180	6000000001864312552
Q24018133	6000000039289431017
Q24018148	6000000052052386822
Q24018169	6000000019198077307
Q24018196	6000000018852798685
Q24018232	6000000122658709836
Q24018260	6000000173289803034
Q24018273	6000000013163971429
Q24018283	6000000025224113305
Q24018299	6000000013882424768
Q24018305	6000000010585151856
Q24018313	6000000004664394934
Q24018328	6000000043296338129
Q24018344	6000000037104088772
Q24018430	6000000082728809874
Q24018449	6000000036930737589
Q24018460	6000000019299191611
Q24018525	6000000019759271371
Q24018533	4422001384090068207
Q24018563	6000000023211737729
Q24018584	6000000022794269431
Q24018600	6000000006595559740
Q24018621	6000000003440719172
Q24018631	6000000030961730305
Q24018639	6000000013068741579
Q24018684	6000000044172970129
Q2401872	6000000014571199303
Q24018723	6000000023187278896
Q24018751	503114
Q240188	6000000007191410357
Q24018809	6000000020498613938
Q2401923	6000000014374577352
Q24019252	6000000014972133820
Q240193	6000000014749374176
Q24019346	6000000024253260524
Q24019395	378203332500013918
Q24019432	6000000042576323654
Q24019435	6000000162912859929
Q24019457	6000000164213315014
Q24019506	6000000008391882863
Q24019521	6000000017661419200
Q24019536	6000000039250025096
Q24019548	6000000013193222223
Q24019558	6000000073367777894
Q24019564	6000000001805189668
Q24019571	6000000006127578291
Q24019578	6000000042107103570
Q24019582	6000000009776241533
Q24019584	297789562900008987
Q24019601	6000000141080207917
Q24019607	6000000050587787111
Q24019616	6000000007151263089
Q240216	6000000109537474821
Q2402210	6000000022652324166
Q24022196	6000000018606460505
Q2402238	376963129170007357
Q240224	6000000110791792140
Q2402329	6000000177144959881
Q240233	6000000036604454956
Q240238	6000000006839448313
Q240250	6000000029365385370
Q240253	6000000029979656241
Q24025464	6000000002765262594
Q24025541	6000000012784948172
Q24025678	6000000074715377947
Q24025786	6000000184434960835
Q2402579	6000000024531451293
Q24025810	6000000019806223106
Q24026087	6000000063399352821
Q240261	6000000007444014776
Q24026106	6000000089378446961
Q2402627	6000000013498385306
Q24026696	6000000008734067514
Q24026724	6000000023937235852
Q240272	6000000002322288655
Q240274	6000000009805559234
Q240277	6000000000770008051
Q24027880	6000000002802212370
Q240282	6000000001358700021
Q240291	6000000002188434142
Q24029567	6000000001899735165
Q240299	6000000029986200027
Q240302	6000000001658307132
Q24030632	6000000001073345401
Q2403069	6000000035769477954
Q240311	6000000002188434710
Q2403115	6000000107587056822
Q2403117	6000000183503847840
Q240317	6000000001185616510
Q2403209	6000000083413709874
Q2403337	6000000021464556988
Q24033551	6000000140749935979
Q24033567	6000000155895316865
Q24033584	6000000024131965108
Q240336	6000000010792426788
Q24033794	6000000039436375487
Q24033805	6000000021503110739
Q24033832	6000000039436371258
Q24033950	6000000015346772282
Q24034010	6000000029245482258
Q24034309	6000000058945311877
Q24034423	6000000150687825826
Q24034425	6000000079501646987
Q24034785	6000000042215924499
Q24034800	6000000022394589614
Q24034856	6000000033545110077
Q24034938	6000000036758753768
Q24034945	6000000012421929128
Q24035010	6000000001131758068
Q24035012	6000000200911051866
Q24035013	6000000002860673673
Q24035014	6000000017094530270
Q24035041	6000000024476859367
Q24035070	6000000080208027122
Q24035149	6000000010601254420
Q2403522	6000000081641596834
Q2403531	6000000015210329399
Q2403577	6000000039645589974
Q2403586	6000000064299416933
Q2403592	6000000141700182823
Q24035965	6000000006929213089
Q24035980	6000000011348887219
Q240360	6000000017799948217
Q2403623	6000000069795131180
Q24036410	6000000019335198233
Q240366	6000000020281300210
Q2403665	6000000001602644048
Q240370	6000000006963994646
Q240371	6000000032849488858
Q24037593	6000000163229297822
Q2403800	6000000001603193592
Q24038528	6000000028207881997
Q24038529	6000000111142384828
Q240386	6000000084102586653
Q24038631	6000000040785338132
Q24039007	6000000060607546900
Q2403933	6000000026812915086
Q2403996	6000000141116003917
Q24039983	6000000030425075893
Q24039985	6000000081383785122
Q24040015	6000000006727820515
Q2404013	6000000056809167873
Q24040339	6000000076040204012
Q2404055	6000000014741524731
Q2404070	6000000031070852943
Q24040724	6000000004271837990
Q24040792	6000000013215214621
Q24040995	6000000041999663492
Q24041	6000000000350713769
Q240413	6000000033729221229
Q2404150	4401281968350084304
Q24041548	6000000178521224832
Q24041816	6000000078551073096
Q24042372	6000000031937668358
Q24042609	6000000025556019326
Q2404340	6000000050038983879
Q24043628	6000000172281086117
Q24043876	6000000085554435046
Q240442	6000000004221193812
Q2404476	6000000036435971090
Q24044873	6000000011701635420
Q24044933	6000000009554293070
Q24045440	6000000004571306324
Q24045589	6000000084456264930
Q24045709	6000000027721534891
Q24045928	6000000048929376821
Q24045971	6000000133946348958
Q2404663	6000000166914738823
Q2404743	6000000022978059171
Q240483	6000000026962006465
Q240485	6000000076970937725
Q2404888	6000000069435215823
Q24048974	6000000059602311857
Q2404912	6000000003600528747
Q240492	6000000166385289156
Q24049267	6000000038075525329
Q24049583	6000000007151919359
Q240496	6000000003940257369
Q24049927	6000000078556011862
Q240503	6000000010057865557
Q24050432	6000000040237739666
Q24050538	6000000021328863527
Q24050570	6000000020894118454
Q24050605	6000000011728655980
Q24051	6000000043379328667
Q24051732	6000000039280250549
Q240523	6000000026938791741
Q2405230	6000000031366627938
Q2405235	6000000063396405830
Q240526	6000000014531475764
Q24052649	6000000011727842931
Q24052967	6000000011627177395
Q24053	6000000043904334864
Q24053136	6000000084049989237
Q24053137	6000000015239482114
Q2405325	6000000025778345307
Q24053852	6000000083340199442
Q2405404	6000000126096339946
Q2405427	6000000021213975574
Q2405441	6000000002045513347
Q24054870	6000000016681630350
Q2405522	6000000140193755857
Q2405536	6000000024360609233
Q24055383	5260231371000072307
Q240554	6000000103199825041
Q2405577	6000000000698682152
Q240558	6000000175574618822
Q2405635	6000000034847078842
Q2405637	4118573630400058827
Q240566	6000000010103812910
Q2405734	6000000030788697028
Q240575	6000000015193924172
Q240576	6000000079564191842
Q24057784	6000000002174483207
Q2405785	6000000006971990615
Q240580	6000000003232532475
Q2405844	6000000079098105257
Q240587	6000000051470462835
Q24058840	6000000024512061826
Q24058953	6000000003773268201
Q24059428	6000000020675977291
Q240607	6000000033497632215
Q2406076	6000000015085891588
Q24061479	6000000012778653445
Q2406215	6000000141038890098
Q2406216	6000000013383838084
Q24062233	6000000177516955839
Q240623	6000000034892311801
Q24062721	6000000011661264816
Q240628	6000000001943604629
Q24062966	6000000115319474890
Q2406351	6000000083358512531
Q2406581	6000000016258555142
Q24065870	6000000029258967925
Q24066412	6000000010807795994
Q2406653	6000000024906377320
Q24066759	6000000177781153885
Q24066840	6000000016526648445
Q2406712	6000000078276416958
Q240672	6000000016765276699
Q24067322	6000000013353251518
Q24067663	6000000042308817151
Q240677	6000000018710916713
Q24067886	6000000017459976741
Q24067935	6000000032673511837
Q24068415	6000000082371959910
Q24068581	6000000002764440134
Q24068714	6000000184505550821
Q24068717	6000000035594032451
Q24068768	6000000138646579959
Q24068890	6000000005992060004
Q24068901	6000000000110019109
Q24068937	6000000010094020699
Q24068987	6000000028301213000
Q24069009	6000000007416877670
Q24069265	6000000019224047046
Q24069531	6000000008210321534
Q2406954	6000000036491744080
Q24069542	6000000022015895680
Q2407025	6000000010882461444
Q2407131	5674628493910033336
Q2407230	6000000057848171015
Q2407246	6000000017798991689
Q2407259	6000000145546174822
Q240726	6000000078709302250
Q240735	6000000007201690167
Q24073548	6000000042148367817
Q240736	6000000010144433722
Q2407413	6000000025705694831
Q24074493	6000000111085708024
Q2407511	6000000006453338947
Q2407537	6000000018242935985
Q240756	6000000069367132937
Q240759	6000000024773092579
Q240772	5183002448520109175
Q240782	6000000021115390373
Q2407899	6000000005050176233
Q2407976	6000000027791683809
Q24080070	6000000003937335021
Q2408009	6000000015853294898
Q240803	6000000002992660782
Q2408058	6000000017911720510
Q24081326	6000000107518893841
Q2408140	6000000077199002016
Q2408210	6000000006727810184
Q24082415	6000000010779747967
Q24082606	6000000015001511852
Q24082736	6000000019392628069
Q24083012	6000000025056126324
Q24083015	6000000032393887596
Q24083016	6000000032393737438
Q2408308	6000000026106345292
Q2408311	6000000009536486278
Q2408335	6000000013948391771
Q2408340	6000000015883542722
Q24083402	6000000018100113773
Q2408379	6000000017511475321
Q2408385	6000000016170766249
Q24083929	6000000000129400303
Q2408394	6000000007371634817
Q2408483	6000000078906816959
Q240869	6000000009536039110
Q240872	6000000051187543991
Q24087724	6000000009554460734
Q24087726	6000000026710279751
Q24088042	6000000028815293825
Q240885	6000000026205397359
Q240886	6000000027875611121
Q24089096	6000000075415864065
Q24089263	6000000109863841849
Q24090653	6000000017386946871
Q24090656	6000000002702675116
Q24090678	6000000018457400006
Q24090681	6000000024269444704
Q24090686	6000000025095517523
Q24091002	6000000014995646954
Q24091068	6000000108768640862
Q24091081	6000000007371908726
Q24091099	6000000015611234446
Q24091205	6000000102095014869
Q2409128	6000000078952653864
Q24091551	6000000084460573457
Q240922	6000000181519723835
Q2409246	6000000015375405225
Q240933	6000000020960512018
Q240937	6000000019830724725
Q2409439	6000000074364328948
Q2409479	6000000014298671351
Q240959	6000000008113361212
Q240965	6000000104314754983
Q2409659	6000000093553650912
Q240969	6000000178008628821
Q2409726	6000000004252621389
Q240976	6000000033373282021
Q240989	6000000064669341465
Q2409902	6000000015385427447
Q24099136	6000000086324531902
Q240998	6000000077051245888
Q241000	6000000017701206603
Q241005	6000000174983438283
Q241014	6000000040117497571
Q241018	6000000147788682877
Q241019	6000000010764405071
Q2410239	6000000075346959931
Q241031	6000000032972214236
Q2410421	6000000019544228078
Q2410453	6000000025400309911
Q2410606	6000000056631804926
Q24108031	6000000060829617872
Q241081	6000000026591398096
Q241087	6000000073409680826
Q241092	6000000027738569760
Q2410940	6000000033132915312
Q241097	6000000017506266735
Q2411035	6000000007076392929
Q241104	6000000018972728101
Q2411107	6000000027688886542
Q2411208	6000000014095004848
Q2411272	6000000046225972436
Q2411275	6000000135526379831
Q241128	6000000039255841909
Q241131	6000000036082436572
Q2411407	6000000052699948885
Q241154	6000000075224617850
Q2411611	6000000084663434842
Q241165	6000000050564336856
Q2411692	6000000041054147396
Q241173	6000000002122609773
Q2411772	6000000061734403200
Q2411787	6000000011160487793
Q241180	6000000016373442492
Q2411883	6000000000083071004
Q241191	6000000002238811555
Q2411994	6000000010552216518
Q2411995	6000000013294789725
Q241201	6000000003219742694
Q241206	6000000000307250005
Q2412102	6000000019288804209
Q241215	6000000052070811028
Q2412207	6000000004151149197
Q241222	6000000040517599102
Q241233	6000000002920128165
Q2412368	6000000015604317081
Q241238	6000000002844761465
Q2412466	6000000014128105269
Q241248	6000000014773595422
Q2412496	6000000034848241831
Q241254	4107813
Q2412586	6000000006204871249
Q241261	6000000060273960152
Q2412713	6000000003219792667
Q241273	6000000179726309824
Q2412821	6000000007602941063
Q2412965	6000000084232464037
Q2412973	6000000017190737289
Q241299	6000000006180435069
Q2413064	6000000035518301910
Q241313	6000000000078908108
Q241324	6000000007493865275
Q2413284	6000000034784741038
Q2413442	6000000001658070221
Q2413451	6000000010545198298
Q2413649	6000000029346975230
Q2413729	6000000143110319939
Q2413765	6000000065565055847
Q2413802	6000000009600388369
Q2413805	6000000076905540194
Q241382	6000000106613985152
Q24139	6000000023994421119
Q241398	6000000085474255891
Q2414191	6000000047155184825
Q2414267	6000000189472655833
Q2414305	6000000053649865841
Q241436	6000000016093024965
Q2414564	6000000041454943669
Q2414590	6000000024080619346
Q2414711	6000000015119529853
Q241477	6000000022853708760
Q2414826	6000000132425230839
Q24148560	6000000018792886653
Q2414886	6000000003096899517
Q2414888	6000000002188510265
Q2414900	6000000019217895102
Q241494	5692845279700134141
Q241496	6000000056369996821
Q241497	6000000133370331919
Q241498	6000000015452797538
Q2415070	6000000059457900170
Q241524	6000000076669150477
Q2415275	6000000085984204910
Q241535	6000000000774638998
Q241535	6000000052997083876
Q2415371	6000000002188551895
Q2415388	6000000000047165787
Q241540	6000000000632006025
Q2415420	6000000109806726892
Q2415451	6000000185217636840
Q2415473	315312923060001550
Q241550	6000000003646057903
Q2415541	6000000002764493636
Q2415569	6000000008018465947
Q2415614	6000000023884100522
Q24156431	6000000036733282147
Q2415644	6000000023169305400
Q24156935	6000000025844999024
Q241584	6000000003146990379
Q2415893	6000000014190735213
Q241609	6000000008383122317
Q241637	6000000081020428320
Q2416424	6000000035628063037
Q241646	6000000027987998848
Q241647	6000000056357555841
Q2416580	6000000018552304356
Q2416581	6000000004590120615
Q2416593	6000000078282956924
Q241660	6000000216167313824
Q2416637	6000000025725259226
Q2416644	6000000010095386967
Q2416648	6000000032744948416
Q241665	6000000075732068584
Q2416671	6000000002684236021
Q241669	6000000009728979327
Q2416713	6000000179670364830
Q241676	6000000004349278189
Q2416846	6000000000235277456
Q241692	6000000028283986757
Q24170113	6000000026069686094
Q2417049	6000000036365201048
Q24170572	6000000119334041331
Q24170610	6000000044425715898
Q24170617	6000000111142371921
Q24170646	6000000131308630175
Q2417073	5238911153420079966
Q2417091	6000000015975379074
Q2417098	6000000050460066351
Q24172	6000000138067065828
Q2417283	6000000078484119921
Q2417304	6000000034586520982
Q2417316	6000000017455089738
Q241732	6000000024731413302
Q2417341	6000000076689559803
Q241735	6000000010789739254
Q2417424	6000000022699137577
Q24174806	6000000007372361205
Q24174834	6000000029880692954
Q24174835	6000000010977705302
Q24174846	6000000009553856794
Q24174885	6000000086636424184
Q241749	6000000041854059162
Q24174945	6000000129649344908
Q24174947	6000000052437894136
Q241750	6000000071888895111
Q24175009	6000000035127297390
Q2417514	6000000019031235663
Q24175225	6000000184427787829
Q24175236	6000000005231057160
Q241754	6000000024806009078
Q24175429	6000000032394274970
Q24175435	6000000026109036794
Q24175458	6000000174111810944
Q2417546	6000000122578645821
Q24175481	6000000021674679034
Q2417555	6000000025088740808
Q24175568	6000000029036524137
Q24175650	6000000001293877045
Q2417566	6000000031175749115
Q24175924	6000000179858711855
Q2417650	6000000003561614741
Q2417738	6000000004958188349
Q2417748	6000000042082823665
Q2417753	6000000025219441764
Q2417765	6000000018851898900
Q2417786	6000000017266304612
Q2417789	6000000023955625630
Q241783	6000000157311613838
Q2417834	6000000026422577845
Q2417926	6000000017432394297
Q2417948	6000000009360207575
Q2417957	6000000173363323835
Q241800	6000000010638918780
Q2418031	6000000012007047873
Q241806	6000000005784376014
Q2418063	6000000056654547848
Q2418108	6000000025637910199
Q241812	6000000006583245355
Q2418129	6000000182559568926
Q2418135	6000000021123187024
Q2418161	6000000031683423106
Q2418196	6000000028592571017
Q2418214	6000000008580085751
Q2418240	6000000011240609961
Q2418296	6000000072720726056
Q2418308	6000000019059050259
Q2418340	6000000095881649912
Q2418349	6000000018559494111
Q241835	6000000142884499977
Q2418359	6000000018417944999
Q24184	6000000083363703078
Q2418400	6000000071160530161
Q2418404	6000000030511264160
Q241841	6000000027914579118
Q241842	6000000010725511642
Q2418428	6000000017906719310
Q2418463	6000000071151713229
Q241847	6000000017472019029
Q2418493	6000000007008515241
Q2418502	6000000049903099901
Q2418517	6000000006935012443
Q2418526	6000000001504371473
Q2418532	6000000032891340339
Q2418534	6000000059852510880
Q2418551	6000000178169713854
Q2418568	6000000010058962171
Q241857	6000000010336002630
Q2418583	6000000004098014130
Q2418585	6000000023659679444
Q2418588	6000000105431553826
Q2418606	6000000114984463059
Q2418636	6000000097552139858
Q2418660	6000000028567743182
Q2418689	5331820719080111754
Q2418747	6000000016955561137
Q24187617	6000000024788397408
Q241879	6000000030031413759
Q24188277	289897977100002585
Q2418836	6000000043908416838
Q24188448	6000000019357624711
Q2418845	6000000015283049891
Q24188564	6000000018212889629
Q24189105	6000000026365771031
Q2418955	6000000054721446088
Q24190112	6000000016649674141
Q241903	6000000133413771959
Q2419055	6000000025183937803
Q2419077	6000000065059201908
Q2419091	6000000037079454489
Q2419093	6000000032228696142
Q2419106	6000000103227015845
Q2419111	6000000032848117903
Q2419126	6000000002531491791
Q24191261	5089122224680026184
Q24191341	6000000003010519262
Q2419136	6000000006444774033
Q2419158	6000000037431153739
Q24191998	6000000002627510525
Q24192266	6000000001179114597
Q24192274	6000000015477732085
Q24192291	6000000003217282651
Q241923	6000000000743955206
Q241923	6000000093373693012
Q24193100	6000000004570511794
Q24193131	6000000007153268386
Q2419343	6000000027082383027
Q24194	6000000003418635274
Q2419502	6000000173633447085
Q2419550	6000000181911717913
Q2419559	4258993849090127673
Q2419615	6000000009906037732
Q241962	6000000015142627762
Q241965	6000000083809329827
Q241966	6000000013403514046
Q24196906	6000000046344724183
Q24197384	6000000017691597069
Q24197886	6000000011422823302
Q24197912	6000000018170777802
Q24198030	6000000011422884408
Q2419895	6000000008777790874
Q2419900	6000000051126556964
Q2419915	6000000015865972584
Q2419916	6000000082056817894
Q2419930	6000000015888854442
Q24199546	6000000019413552890
Q2419984	6000000008798328261
Q2419987	6000000021412780151
Q2419996	6000000000632003257
Q2420009	6000000041089112102
Q242001	6000000075686620842
Q242002	6000000006589247850
Q2420024	6000000016372302818
Q2420152	6000000047126381060
Q242016	6000000032341440185
Q24201873	6000000009679365480
Q2420197	6000000013502988101
Q2420221	6000000020732185568
Q242029	6000000064790979841
Q24203179	6000000034523586296
Q24203190	6000000086471838922
Q24203196	6000000003877469602
Q24203199	6000000022076002968
Q24203216	6000000076505963835
Q24203221	6000000069327990075
Q24203228	6000000020343337520
Q24203312	6000000069276674845
Q24203322	6000000027413062176
Q24203329	6000000003352496775
Q24203344	6000000069276053833
Q24203352	6000000015997106550
Q24203384	6000000007305625935
Q242034	6000000007980908074
Q24203423	6000000071936680856
Q24203469	327115959470006019
Q24203489	6000000048105178024
Q24203497	6000000006918323064
Q24203502	6000000047887824833
Q24203552	6000000008759448479
Q24203561	6000000112538335141
Q24203940	6000000028334272167
Q24204010	6000000018977182349
Q24204051	6000000015401716146
Q2420425	6000000080355431719
Q24204790	6000000027040743025
Q24204808	6000000027037834449
Q24204941	6000000013285071097
Q2420498	6000000031008697161
Q2420499	6000000073377555874
Q24204992	6000000016500195498
Q24205006	6000000005438494027
Q24205061	6000000054281794862
Q24205066	6000000036884116078
Q24205281	6000000080088017277
Q24205516	6000000059851458122
Q2420561	6000000166759968042
Q24205659	6000000013733321583
Q2420578	6000000034963843245
Q24205817	6000000152612172822
Q24205828	6000000057217479872
Q24205840	6000000019629104091
Q24205848	6000000000140285267
Q24205887	6000000002762572233
Q24205887	6000000183825864837
Q24205893	6000000036667625981
Q24205953	6000000185571035289
Q24205998	6000000017531795899
Q24206011	6000000180627037825
Q24206012	6000000011682577064
Q24206016	6000000034361354044
Q242061	6000000034275542873
Q24206162	6000000178963019860
Q24206260	6000000022187413775
Q24206348	6000000037952030358
Q24206374	6000000087472931880
Q24206437	6000000056468335834
Q24206612	6000000100810316822
Q24206774	6000000009081187496
Q24207156	6000000000987948392
Q24207185	6000000017747358141
Q24207190	6000000055535603833
Q24207200	6000000017747281934
Q24207217	6000000022865605854
Q2420722	6000000018745628667
Q242084	6000000183444504821
Q2420983	6000000052267090838
Q2421007	6000000069792408574
Q24211	6000000015288013285
Q2421127	6000000041993201888
Q2421136	6000000040047523648
Q2421279	6000000015501487117
Q242130	6000000191516664848
Q242138	6000000040799262255
Q2421426	6000000003076046320
Q2421429	6000000154157990821
Q2421433	6000000197389642866
Q242145	6000000002240806750
Q2421468	6000000018098126596
Q242147	6000000003891024473
Q242153	6000000002188425916
Q242159	5232212414880064431
Q2421623	6000000059140919984
Q242169	6000000040194637548
Q2421722	6000000110633330351
Q2421731	6000000016146503435
Q2421736	6000000179112296848
Q242178	6000000000307249200
Q2421797	6000000012162874710
Q242181	6000000002188429190
Q2421842	6000000015366216397
Q242185	6000000051305593904
Q24218555	6000000164648382889
Q2421994	6000000001372015294
Q242201	6000000035705207370
Q2422104	6000000019021591309
Q2422137	6000000027775394489
Q2422183	6000000027129772034
Q242219	6000000167115872829
Q2422229	6000000022873383882
Q2422384	6000000019843196354
Q2422384	6000000140457763829
Q2422409	6000000035966460671
Q2422443	6000000141943798334
Q2422525	6000000010392017537
Q2422531	6000000004086736253
Q2422581	6000000047096870989
Q24225882	6000000055358868833
Q2422593	6000000057643221958
Q2422621	6000000053912233017
Q2422657	6000000017469044604
Q2422688	6000000076921219365
Q242278	6000000087338590096
Q2422796	6000000017221631417
Q2422800	6000000071073781878
Q2422831	6000000019308062865
Q24228415	6000000011050319923
Q24228581	6000000021543792617
Q2422870	6000000011736837929
Q2422886	6000000034738404881
Q2422899	6000000015994381358
Q2422922	6000000020930158445
Q24229228	6000000163840191017
Q2422949	6000000002898231860
Q2422961	6000000062301918892
Q2422966	6000000034868286843
Q24230	6000000045917409184
Q2423005	6000000028950640417
Q2423017	6000000007273398647
Q2423076	6000000010879927559
Q2423081	6000000014625819790
Q2423097	6000000179142253888
Q2423126	6000000037544926425
Q2423188	6000000069213926886
Q24232621	6000000042506217426
Q2423282	6000000131247148054
Q2423293	6000000048080721934
Q2423299	6000000005451976001
Q24233143	6000000140321813866
Q242332	6000000006377315059
Q242334	6000000176997596859
Q2423350	6000000006444526591
Q242336	6000000000770001331
Q2423365	6000000135281119986
Q242338	6000000003202820996
Q2423380	6000000015676803496
Q2423414	6000000016439060036
Q24234163	6000000071654423836
Q2423433	6000000039131394280
Q2423476	6000000000307282168
Q2423480	6000000039397356044
Q242351	6000000009656593542
Q2423575	6000000004132598239
Q2423581	6000000019023045354
Q24236	6000000002228252376
Q2423647	6000000007006342138
Q24236861	6000000004957519882
Q24237158	6000000106063643843
Q242373	6000000028028033945
Q2423775	6000000003772730567
Q24237764	6000000046699022444
Q2423791	6000000003647311880
Q2423802	6000000017264834183
Q2423812	6000000034549329525
Q24238291	6000000051601385140
Q2423842	6000000020934909450
Q2423852	6000000022163077433
Q242387	6000000015484268288
Q24238744	6000000002764440800
Q24238793	6000000002188470834
Q24238794	6000000040381938753
Q24238861	6000000001153022289
Q2423887	6000000026378774652
Q24238871	6000000029360745587
Q24238873	6000000031627883357
Q24238874	6000000076332055222
Q24238936	6000000011769047730
Q24238939	6000000013614181262
Q24239018	6000000022862090211
Q24239026	6000000014045133830
Q24239032	6000000010539411213
Q24239141	6000000003216051957
Q24239145	6000000015509569967
Q24239146	6000000002881968525
Q2423921	6000000017199445030
Q2423926	6000000002809328255
Q242399	6000000016821340226
Q24240160	6000000072189045033
Q2424052	6000000030499582009
Q2424076	6000000033618458802
Q2424090	6000000014945829633
Q2424098	6000000027792190503
Q2424118	6000000039292733425
Q2424131	6000000016424866838
Q242416	6000000008871476578
Q242421	6000000003219792727
Q242423	6000000015837727321
Q2424246	6000000019254952642
Q2424296	6000000019856819385
Q24243	6000000035802574055
Q2424330	6000000030926615122
Q242436	6000000009825686337
Q24244052	6000000081840052852
Q2424452	6000000003087425433
Q2424455	6000000018199427852
Q2424471	6000000034389037963
Q24244923	6000000065342004184
Q242462	6000000012333030403
Q2424622	6000000007291186222
Q2424685	6000000181066106827
Q2424692	6000000009911307220
Q2424696	6000000000925868206
Q242474	6000000059310486211
Q2424740	6000000026130339885
Q2424745	6000000042578902985
Q2424758	6000000222203355825
Q242477	6000000015505680740
Q2424779	6000000024292698294
Q24248195	6000000183741774803
Q242482	6000000015924355210
Q2424824	6000000015693109106
Q24248265	6000000049604984051
Q24248307	6000000098821967627
Q24248351	6000000142620683876
Q242484	6000000014585426633
Q24248550	6000000172001260542
Q242487	6000000002417326101
Q2424873	6000000011700485654
Q24248811	6000000027906222303
Q24248813	6000000069794235005
Q24248815	6000000029076634506
Q24248822	6000000073858636952
Q24248834	6000000019408211112
Q24248838	6000000002115911736
Q24248895	6000000013290520591
Q2424952	6000000065012819849
Q2424957	6000000030899507384
Q24249635	6000000031807091330
Q24249670	6000000010213222555
Q24249767	6000000023413339089
Q24249784	6000000020514871078
Q24249818	6000000178431611893
Q2424995	6000000202549015822
Q2424999	6000000033978515497
Q24250	6000000047846315835
Q24250018	6000000004192781858
Q2425003	4485153193550023193
Q24250280	6000000049966439866
Q2425030	6000000031577869199
Q24250518	6000000091657204981
Q2425068	6000000074830273060
Q24250776	6000000007531849445
Q2425078	6000000002676397673
Q24251182	6000000179280338844
Q24251205	6000000059569293826
Q24251206	6000000025704507720
Q2425246	6000000012293042809
Q2425282	6000000119981729877
Q242532	6000000010154740398
Q2425362	6000000009369688343
Q24254276	6000000179077191840
Q24254281	6000000012658088082
Q24254291	6000000038949593504
Q24254301	6000000015652710233
Q24254317	6000000040121169241
Q24254387	6000000067340095845
Q24254559	6000000019856793279
Q242546	6000000069437259864
Q24254646	6000000009472821552
Q24254652	6000000057051863005
Q24254732	6000000003985135160
Q24254735	6000000025986101252
Q24254744	6000000037808547890
Q24254747	6000000005598815057
Q24254779	6000000003486298962
Q24254787	6000000024642717696
Q24254797	6000000024252219094
Q242548	6000000013829446252
Q24254819	6000000018377871462
Q24254824	6000000036432315998
Q24254825	6000000001590808122
Q24254830	6000000023498781601
Q24254832	6000000023497538471
Q24254832	6000000219369095884
Q2425484	6000000182492693880
Q24254868	6000000012538666710
Q24254869	6000000017913111434
Q24254896	6000000037580516590
Q24254930	6000000026940491583
Q24254936	6000000023502947760
Q24254937	6000000023499067339
Q24254984	6000000012841611458
Q24254985	6000000012890271725
Q24255121	6000000042536879398
Q2425529	6000000001850042461
Q2425533	6000000136292523841
Q24255440	6000000011627234316
Q242555	6000000008185959497
Q24256041	6000000009845545801
Q24256249	6000000023745709602
Q24256250	6000000000276195756
Q24256437	6000000139998965853
Q24256439	6000000022171392397
Q24256472	6000000200852229821
Q24256708	6000000035243777403
Q2425681	6000000187096094822
Q2425714	6000000107151031846
Q24257175	6000000030130383934
Q2425727	6000000043381700011
Q2425748	6000000002567969095
Q2425759	6000000025348627315
Q242577	6000000049075536846
Q242580	6000000170686993906
Q2425855	6000000080536348867
Q24258626	6000000014091215710
Q2425864	6000000018171470789
Q24259019	6000000029385343866
Q24259042	6000000056662177849
Q24259302	6000000009532197516
Q24259318	6000000016793791929
Q24259575	6000000178239763874
Q2425959	6000000000475127306
Q2425984	6000000016341990411
Q24259939	6000000008113405262
Q24259947	6000000041136593666
Q24260162	6000000111411165964
Q2426023	6000000026631970406
Q24260304	6000000039441029677
Q24260306	6000000006421338555
Q2426031	6000000044787903913
Q24260343	6000000036129210836
Q24260360	6000000024787822327
Q2426037	6000000004097796136
Q242609	6000000021584149597
Q2426167	6000000095391528944
Q24261779	6000000028973688422
Q24261878	6000000012471894342
Q24261894	6000000019920189278
Q24261941	6000000019920201583
Q24262150	6000000015836730360
Q24262158	6000000000476799015
Q242623	4908363999980023186
Q2426252	6000000184678810218
Q24262638	6000000005422208591
Q24262947	6000000053795135921
Q2426299	6000000125830566896
Q2426302	6000000013715379136
Q24263125	6000000177735313855
Q24263162	6000000107864661821
Q24263178	6000000028265655898
Q24263180	6000000014883184290
Q24263182	6000000004241674303
Q24263183	6000000009456772111
Q24263193	6000000011590445493
Q24263194	6000000138083823824
Q24263197	6000000004668365139
Q24263211	6000000055454828204
Q24263211	6000000175910252893
Q24263218	6000000217174384889
Q24263219	6000000016281034444
Q24263234	6000000085635116937
Q24263238	6000000014959401072
Q24263241	6000000014121419785
Q24263245	6000000039274226668
Q24263245	6000000039574733574
Q24263270	6000000023156573293
Q24263305	6000000027737384865
Q24263307	6000000014947875219
Q24263322	6000000011401845278
Q24263346	6000000021484039729
Q24263365	6000000172400286821
Q24263370	6000000019483595599
Q24263422	6000000011146754620
Q24263425	6000000062162110915
Q242640	6000000006444256960
Q24264176	5443404812470126188
Q24264221	6000000011692286260
Q242647	6000000068842978989
Q2426472	6000000015264490665
Q242654	6000000027900385410
Q24266240	6000000023458267239
Q24266267	6000000013609686991
Q24266464	6000000049904210076
Q2426647	6000000034409945939
Q242666	6000000001141872232
Q24266848	6000000010608281011
Q2426702	6000000069453315877
Q2426797	6000000051949437915
Q242687	6000000008489475272
Q242688	370814436210012813
Q2426904	6000000064942521872
Q242691	6000000002895171625
Q2426994	6000000057910088821
Q2427027	6000000026695742558
Q242705	6000000030548766741
Q242707	6000000017672435240
Q242714	6000000020881775834
Q242717	6000000015722385380
Q2427172	6000000068364501827
Q242725	6000000015878434360
Q242729	6000000007321685392
Q24273202	6000000071622087405
Q242735	6000000027915892511
Q2427351	6000000110663491903
Q24273534	6000000025986114901
Q2427354	6000000182735550821
Q2427376	6000000020211226400
Q242739	6000000007177460602
Q2427392	6000000019820612395
Q242752	6000000064828567821
Q2427530	6000000031577942050
Q24276237	6000000137374884828
Q2427631	6000000017905031938
Q2427638	6000000018644793367
Q24276380	6000000060488194936
Q2427659	6000000019136731045
Q2427664	6000000016494483619
Q24276654	6000000008607584351
Q2427667	328063314650007128
Q2427693	6000000039824223619
Q24277320	6000000002264656149
Q2427741	6000000006439788604
Q2427741	6000000178372298871
Q2427752	6000000002890541177
Q2427779	6000000020099493135
Q2427845	6000000001774339633
Q242785	6000000040574249900
Q24278795	6000000022892315126
Q242792	6000000184441881838
Q2427932	6000000009806931619
Q24279326	6000000017229406627
Q24279330	6000000015948787884
Q2427959	6000000013238938489
Q242796	5180854247480131751
Q2427963	6000000015347282770
Q242802	6000000052017824847
Q2428060	326424737490007338
Q2428092	6000000000770072687
Q2428097	6000000055348254867
Q2428144	6000000050027985733
Q2428179	6000000037677481873
Q2428203	6000000041861357195
Q2428216	6000000028129448923
Q24282738	6000000006582490152
Q24282748	6000000000100749618
Q24282827	6000000161952029821
Q24282862	6000000046904518836
Q242834	6000000064639081049
Q24283693	6000000039175115221
Q24283700	6000000009670630617
Q24283953	6000000009786967031
Q2428399	6000000006231668658
Q24284317	6000000036399275066
Q24284372	6000000011829769398
Q24284387	6000000159011450822
Q24284455	6000000002188385324
Q24284472	6000000046508777007
Q24284480	6000000006938146195
Q24284488	6000000038075540121
Q24284493	6000000144816670832
Q24284499	6000000012085295353
Q24284500	6000000054311693139
Q24284546	6000000002765951835
Q24284553	6000000019277309361
Q24284560	6000000017486322708
Q24284562	6000000047290158127
Q24284571	6000000004868808944
Q24284574	6000000003890548205
Q24284579	6000000065610664887
Q24284655	6000000175899599061
Q24284708	6000000041176742403
Q24284726	6000000015392234621
Q24285783	6000000030108837001
Q24285794	6000000003011943923
Q24285844	6000000011512869328
Q24285852	6000000026380813558
Q24285856	6000000008176220289
Q24285883	6000000065485858999
Q24285888	6000000014507781133
Q24285904	6000000010029371316
Q24285935	6000000001706564144
Q24285937	6000000000603759876
Q24285961	6000000033446490584
Q242862	6000000078048380911
Q24286770	6000000176377372823
Q24287353	6000000027268186380
Q242876	6000000001503495433
Q24287629	6000000079214923370
Q24287706	6000000157892593849
Q24287714	6000000003554141006
Q24287718	6000000001354251481
Q24287725	6000000000662993535
Q24287734	6000000007168886209
Q24287754	6000000007393427497
Q24287781	6000000011331563863
Q24287790	6000000002370596350
Q24287792	6000000016639357235
Q24287796	3394301
Q24287799	6000000070289791989
Q24287808	6000000028819243821
Q24287819	6000000179359308822
Q24287823	6000000016317196580
Q24287824	6000000082841799845
Q24287833	6000000112354088020
Q24287834	4118260475520122216
Q24287838	6000000011162417873
Q24287844	6000000064424092835
Q24287853	6000000006314427170
Q24287880	6000000003014988324
Q24287889	6000000018001466352
Q24287891	6000000082976252013
Q24287895	6000000082646051891
Q24287907	6000000042123297558
Q24287920	6000000029118991190
Q24287937	6000000042352839528
Q24287962	6000000156797578823
Q24287967	6000000111964819850
Q24287973	6000000001430688860
Q24287983	6000000015737511499
Q24287984	6000000015710025449
Q24287986	6000000165991845827
Q24287987	6000000012167627502
Q24288000	6000000010724168929
Q24288002	6000000168484208105
Q24288003	6000000077795227035
Q24288006	6000000179047070829
Q24288018	6000000011480924518
Q24288023	6000000036238640236
Q24288039	6000000028755353888
Q24288048	6000000059639728879
Q24288058	6000000184012073838
Q24288060	6000000152646784869
Q24288061	6000000145979807821
Q24288065	6000000149617395895
Q24288090	6000000086287671870
Q24288109	6000000172379919951
Q24288120	6000000188902855821
Q24288125	6000000020748604902
Q24288129	6000000134678448823
Q24288155	6000000032816042295
Q24288159	6000000074452998001
Q24288173	6000000176480745823
Q24288176	6000000009301728283
Q24288199	6000000030005182473
Q24288200	6000000042809325903
Q24288201	6000000030407464589
Q24288204	6000000172364467056
Q24288205	6000000055252622221
Q24288208	6000000017392289680
Q24288212	6000000084455415122
Q24288218	6000000001517207768
Q24288238	6000000020057677125
Q24288242	6000000138320069887
Q24288246	6000000088891758863
Q24288265	6000000015183211004
Q24288279	6000000173043710821
Q24288280	6000000011242111599
Q24288287	6000000014824514927
Q2428829	6000000016262294547
Q24288296	6000000024074397851
Q24288336	6000000011291152823
Q24288344	6000000024495009357
Q24288346	6000000003424854468
Q24288364	6000000019507713001
Q24288368	6000000031737394821
Q24288385	6000000018225136587
Q24288391	6000000013503084763
Q24288394	6000000037952266981
Q24288404	6000000031425318198
Q24288421	6000000024892200892
Q24288423	6000000017405157740
Q24288427	6000000004868960552
Q24288432	6000000017337666814
Q24288433	6000000016280850463
Q242886	6000000002188612919
Q242892	6000000003219759539
Q24289589	6000000010677309272
Q24289591	6000000052863103867
Q24289593	6000000082944077935
Q24289597	6000000010628421742
Q2428973	6000000015971370015
Q2428994	6000000192173554857
Q242905	6000000056758579928
Q242911	6000000111958702920
Q24292009	6000000021621814581
Q242928	6000000003047659421
Q2429324	6000000036032647233
Q2429387	6000000109024190821
Q242939	6000000073969165837
Q242945	6000000070647554442
Q24294512	6000000031119745905
Q24294550	6000000004086391483
Q242947	6000000002188445736
Q24294903	6000000011184301374
Q2429493	6000000015820826997
Q242956	6000000059771302932
Q2429573	6000000017863083879
Q2429594	6000000015627617654
Q2429600	6000000009944547404
Q2429713	6000000016450636835
Q2429723	6000000017710013939
Q2429809	6000000014961273871
Q24298643	6000000015334589066
Q24298875	6000000008541642430
Q24298979	6000000005759295110
Q24299065	6000000027442447627
Q24299166	6000000014223613860
Q2429996	6000000008778991712
Q243005	6000000009730690709
Q243011	6000000000658642510
Q243019	6000000045165515971
Q24302446	6000000051624842870
Q2430278	6000000029720486475
Q24303640	6000000163831136919
Q24303707	6000000069513488895
Q24303811	6000000007573280433
Q24303836	6000000064714596837
Q24303923	6000000177008643938
Q243045	6000000017126143315
Q243049	6000000002888044600
Q2430539	6000000008662572393
Q2430573	6000000100822076830
Q243059	6000000011632736336
Q243064	6000000019197633408
Q24306550	6000000029538694033
Q243068	6000000004149439015
Q24306852	6000000006589179851
Q243070	6000000002805314117
Q243072	6000000040997766015
Q243075	6000000177098477840
Q2430818	6000000042547925953
Q24310453	6000000001395992440
Q24311	6000000014151944360
Q243110	6000000013559475383
Q2431109	6000000178085952922
Q243113	6000000009397468836
Q2431176	6000000009501023493
Q243124	6000000014241544313
Q2431243	6000000031744626970
Q2431277	6000000019904239878
Q24313	6000000043551728400
Q2431344	6000000035453887172
Q2431513	6000000001572109164
Q2431601	6000000030204891154
Q2431719	6000000008169747480
Q2431772	6000000052318731917
Q243193	5286884329880069379
Q243196	6000000014267947872
Q243201	6000000007989356564
Q2432279	6000000008482473392
Q24322942	4844113101770034024
Q243240	6000000021851838215
Q243245	379202755730012447
Q2432606	6000000011692666714
Q24326400	6000000001121990815
Q243267	6000000006168271023
Q24327142	6000000002835905638
Q24327971	6000000013640897784
Q2432838	6000000014130943698
Q2432949	6000000200085755830
Q2433176	6000000014109504435
Q2433205	6000000064655455827
Q24332250	6000000013559377001
Q2433234	6000000069917653825
Q2433293	6000000005940234459
Q24335403	6000000145557148936
Q24335420	6000000155821452911
Q2433583	6000000015853642381
Q2433593	6000000030126182158
Q2433668	6000000017833921052
Q2433707	6000000023898160615
Q2433711	6000000019194128657
Q243375	6000000174249401918
Q2433822	6000000039127960138
Q2433831	6000000083603049877
Q2433935	6000000010556655576
Q2434073	6000000040107243666
Q24340967	6000000004096089666
Q2434138	6000000015522774516
Q243419	6000000010793413537
Q243430	6000000109640428870
Q2434337	6000000177958452824
Q2434341	6000000028879114106
Q2434360	6000000040616519063
Q24343761	6000000051461552992
Q24343832	6000000107283891903
Q24343837	6000000018810462232
Q24343840	6000000018005440947
Q24343897	6000000010857006406
Q243442	6000000024046815066
Q2434433	6000000066545699902
Q2434494	6000000003029395492
Q243472	6000000010679677928
Q2435022	6000000012749200005
Q24351333	6000000014814651892
Q2435149	6000000015224524249
Q2435166	6000000003681279100
Q24351671	6000000077607051668
Q2435178	6000000010888497470
Q24351792	6000000077624336875
Q2435192	6000000023809523453
Q24351960	6000000209716307829
Q2435200	6000000042152845043
Q2435222	6000000034453185284
Q24352305	6000000016352261863
Q24352355	6000000036092775125
Q2435293	6000000071692279892
Q243532	6000000029341933959
Q243534	6000000041741258824
Q243536	6000000029385252825
Q2435462	4434387867690031414
Q2435779	6000000016605513473
Q2435945	6000000083227717039
Q2435997	6000000079106305929
Q243601	6000000041605827291
Q2436563	6000000010654449318
Q24368	6000000050991268172
Q2436835	6000000007273611435
Q2436934	6000000128842529185
Q2436988	6000000018072132574
Q243705	5311102004990062258
Q2437115	6000000001383023878
Q24373	6000000071466108178
Q2437308	6000000077281786081
Q2437480	6000000023234139168
Q243757	6000000012821527380
Q2437771	6000000030574008969
Q2437843	6000000005561229591
Q2437843	6000000197064365853
Q24380009	6000000004086736696
Q2438029	6000000000011737675
Q2438043	6000000185125440840
Q24382191	6000000006589179619
Q243837	6000000088908134975
Q2438464	6000000045960619410
Q24387461	314148835320002048
Q24389	6000000010581888380
Q2438989	6000000016784043592
Q2439018	6000000014844617418
Q2439092	4127310968510050665
Q2439110	6000000058457032827
Q2439152	6000000017906435632
Q243918	6000000028561610896
Q2439297	6000000016711926077
Q24394823	6000000011034862212
Q2439527	6000000037675541639
Q2439532	6000000017510799916
Q2439627	6000000129185148834
Q2439671	6000000002718295330
Q243969	6000000054296889826
Q2439702	6000000017403322085
Q2439764	6000000023525207733
Q2439822	6000000045516892013
Q2439864	6000000044203460898
Q24398855	6000000018558654192
Q24398912	6000000001342613665
Q2439893	6000000002370274096
Q24398934	6000000003906860156
Q24398943	6000000003906716551
Q24399045	6000000051458092077
Q24399200	6000000022944586237
Q2439938	6000000011238673582
Q2439974	6000000072413801946
Q2440073	6000000037715311665
Q2440081	6000000025374933093
Q2440140	6000000032007198745
Q2440395	373801724580012242
Q2440412	6000000014026256083
Q2440428	6000000002111132639
Q2440475	6000000003863470995
Q2440545	6000000018021311572
Q2440566	6000000019633806433
Q2440595	6000000179222277822
Q2440670	6000000123490489984
Q24407671	6000000143106692939
Q2440877	6000000144736807834
Q2440911	6000000076605323830
Q2440936	6000000081879011830
Q2440954	6000000001753033260
Q2440976	6000000019302771108
Q2441000	6000000047391369111
Q2441024	6000000178872917855
Q2441031	6000000082651708013
Q2441094	6000000012482572075
Q2441098	6000000141801995957
Q2441160	6000000039368011077
Q2441172	6000000018648268209
Q24414865	6000000031849521938
Q2441718	6000000037465482145
Q2441973	6000000006805425033
Q244214	6000000026205440006
Q2442215	6000000014510054916
Q244234	6000000082808195249
Q2442376	2433878
Q2442482	6000000172345002552
Q2442486	6000000014151411205
Q2442614	6000000100379558011
Q2442644	6000000063197338133
Q24427	6000000020350830641
Q2442701	6000000176815985867
Q2442740	6000000014241832480
Q2442794	6000000145547068918
Q2442810	6000000027899540244
Q24428647	6000000132608965821
Q24429	6000000015491455371
Q2442975	6000000180622068865
Q24429910	6000000069325460834
Q2443001	6000000011389178852
Q2443016	6000000007919502659
Q2443132	6000000011768820600
Q2443186	4326074758780031231
Q2443292	6000000043409550445
Q2443418	6000000010636619953
Q2443505	6000000031338757891
Q24435337	6000000111802629063
Q24435871	6000000043187502873
Q24436159	6000000030667082165
Q2443616	6000000000695312067
Q244363	6000000145779868975
Q2443745	6000000002467895123
Q2443800	6000000000462978479
Q244390	6000000034772134089
Q2443913	6000000002764484736
Q244395	6000000022967736836
Q24440090	4373348272110028874
Q24440092	6000000010754765826
Q2444026	2434015
Q244407	6000000002215586290
Q2444209	6000000017501969460
Q2444286	6000000031349439935
Q244441	6000000000897699705
Q2444438	6000000165985849040
Q2444467	6000000151936881822
Q2444475	6000000173248711386
Q2444497	6000000163851377847
Q2444612	6000000022754818329
Q2444673	6000000009127774352
Q2444693	6000000007619058797
Q2444825	6000000018458643487
Q2444840	6000000002990939207
Q2445017	6000000021947486854
Q24450509	6000000046331420951
Q24450509	6000000209562590842
Q2445086	6000000012798630981
Q2445155	6000000004224221939
Q24451597	6000000087645820854
Q2445165	6000000004144999643
Q24451685	6000000073394306974
Q24451714	6000000014091044527
Q24451719	6000000026202052144
Q24451737	6000000038621695847
Q244518	6000000002764852624
Q2445183	6000000019263286045
Q2445185	6000000000995881202
Q24451896	6000000097321352832
Q244519	4431600504640023786
Q24451916	6000000072582415251
Q2445212	6000000055429838923
Q244522	6000000007095798306
Q2445355	6000000031705940923
Q2445544	6000000002188307957
Q2445584	6000000054081203315
Q2445676	6000000011087378892
Q24457187	6000000047257714982
Q24458117	6000000043229147046
Q2445836	6000000184083079852
Q2445866	6000000176355743825
Q24459544	6000000161898005824
Q24459579	6000000052094785952
Q24459595	6000000002770804708
Q24460155	6000000070683960958
Q2446041	6000000028847917023
Q2446046	6000000020854415127
Q2446153	6000000017077699014
Q244616	6000000006999611048
Q244620	6000000002764921530
Q2446212	6000000003141846477
Q2446235	6000000055702036821
Q244631	6000000008127228349
Q2446501	6000000016811992120
Q2446622	6000000031422588441
Q2446692	6000000027928799769
Q244674	6000000015224544126
Q2446852	6000000017253917916
Q2446900	6000000189924959826
Q2447071	6000000008849515408
Q2447219	6000000014587715138
Q24472303	6000000005767123905
Q244739	6000000015506547782
Q2447479	6000000017135157796
Q2447534	6000000022258679618
Q2447594	6000000015645000261
Q244766	6000000009471804505
Q2447671	6000000021908975410
Q2447682	6000000012140023540
Q2447709	363985235670006755
Q2447728	6000000163872552954
Q2447752	6000000021526473135
Q2447874	6000000000394332093
Q2447983	6000000012278977109
Q2448020	6000000029982551212
Q2448035	6000000027933477201
Q2448213	6000000006293488552
Q2448383	6000000007843005755
Q2448400	6000000105032567137
Q2448417	6000000181572235891
Q2448435	6000000103456105952
Q2448446	6000000029047458098
Q2448459	6000000033498462407
Q2448614	6000000012720851396
Q2448652	6000000029744188935
Q2448709	6000000071393586402
Q2448713	6000000211098048835
Q2448876	6000000058865480050
Q2448891	6000000040233832641
Q2448909	6000000000172794330
Q2448917	6000000017677390193
Q2448929	6000000013216006112
Q2449200	6000000018435460308
Q2449478	6000000041909093980
Q2449542	6000000171810994947
Q2449557	6000000046855006117
Q2449603	6000000034721398610
Q2449631	6000000035368099821
Q2449663	6000000042299631939
Q2449771	6000000019608986019
Q2449834	6000000045975750824
Q2449967	6000000018853404281
Q244997	6000000041973423476
Q245000	6000000011716992856
Q2450043	6000000017625158926
Q2450148	6000000009824539695
Q24504162	6000000099773503843
Q2450477	6000000062931055067
Q24504958	6000000075130679173
Q2450734	6000000073964306034
Q2450751	6000000014668024735
Q2450754	6000000026493446088
Q2450856	5630621361400021711
Q2451052	6000000010102548992
Q2451073	6000000036818132035
Q2451107	6000000021540275452
Q2451247	6000000027910142896
Q24512646	6000000016664432883
Q2451293	6000000037813130614
Q2451348	6000000040736555774
Q2451446	6000000006900636246
Q2451451	6000000027509007828
Q24514931	6000000024150502998
Q2451824	6000000013637956435
Q2451833	6000000015159760647
Q2451869	6000000021767216470
Q2452030	6000000017512276001
Q2452054	6000000021235746951
Q2452110	6000000178058491918
Q2452129	6000000091620137998
Q245222	6000000083611465144
Q245241	6000000028171383559
Q2452479	6000000174884247364
Q2452500	6000000014816065921
Q2452511	6000000085697091094
Q24525331	6000000020946396174
Q245257	6000000012933002175
Q24525745	6000000024186051913
Q2452707	6000000052114694848
Q2452898	5107942333770103255
Q24529691	6000000031613722997
Q24529751	6000000174388266112
Q24529772	6000000137610082903
Q24530	6000000002831290011
Q24531185	6000000014358396582
Q245320	5217510894590042758
Q245322	6000000017150208601
Q2453236	6000000028083903612
Q245332	6000000037423889060
Q2453436	6000000015794187946
Q2453437	6000000016313309126
Q24534703	6000000010463503026
Q245355	6000000002301184772
Q245356	6000000179697081829
Q2453577	6000000027608552525
Q245363	6000000007337514821
Q245367	6000000090420755927
Q245369	6000000095725284115
Q245379	6000000176109639874
Q2453815	6000000180289552845
Q2453906	6000000014724039248
Q245392	6000000013914105643
Q245399	6000000015842189850
Q24540184	6000000090068004343
Q245402	6000000042918058265
Q24540217	6000000032376742876
Q2454162	6000000015429678539
Q2454166	6000000071759334135
Q24542442	6000000002831284620
Q24542458	333390275160004494
Q24544	6000000016462848685
Q24545410	6000000020676676082
Q24545575	6000000080725263898
Q24545583	6000000008661035550
Q24545585	6000000012330852381
Q24545588	6000000012210916370
Q24545626	6000000001656513092
Q24545661	6000000019066045144
Q24545710	6000000002513524625
Q24545787	6000000008377659122
Q24545801	6000000011437297207
Q24545826	6000000043152033132
Q24545855	6000000007633695340
Q24545946	6000000009466349302
Q24545988	6000000007644809485
Q2454599	6000000039556916984
Q24545997	6000000007470452041
Q24546008	6000000008330216825
Q24546162	6000000007817838624
Q24546206	6000000004318056031
Q24546208	6000000009656349250
Q24546212	6000000013505989461
Q2454630	6000000029885419435
Q24546354	6000000010321143553
Q24546381	6000000027881565079
Q2454730	6000000181906445854
Q2454796	6000000009101164119
Q2455002	6000000020456383119
Q2455247	6000000027746532661
Q2455318	6000000013647936765
Q2455435	312962496860004405
Q2455485	6000000017135092571
Q2455633	6000000076970134828
Q2455653	6000000024966924380
Q2455743	6000000026904330915
Q24559671	6000000075248783864
Q2456086	6000000016289747734
Q2456136	6000000023717448768
Q2456433	6000000011522582257
Q24564589	6000000030407495105
Q24565915	6000000002907216651
Q24566006	6000000002353688044
Q24566011	6000000108151340892
Q2456611	347209102310014777
Q245666	6000000016907008107
Q24566712	6000000009729209182
Q24566713	6000000002264889673
Q24566956	6000000018765895047
Q24567	6000000007962871540
Q24567454	6000000043032610897
Q24567540	6000000094923568833
Q24567613	6000000219783284906
Q24567627	6000000067835342827
Q24567633	6000000003216137261
Q24567674	6000000019209448408
Q24567683	6000000025543876937
Q24567701	6000000015550116805
Q24567710	6000000007428403209
Q24567724	6000000011053207749
Q245681	6000000007223969099
Q24568144	6000000014948110213
Q24568156	6000000025380294252
Q24568420	6000000048242959131
Q24568425	6000000021716329106
Q24568588	6000000003891869260
Q24568590	6000000002188536929
Q24568614	6000000002188489160
Q24568616	6000000040606564580
Q24568662	6000000051522776878
Q24568671	6000000071153522840
Q24568679	6000000009991219000
Q24568682	6000000009003669669
Q24568806	6000000026511753849
Q24568821	6000000026511283869
Q24568845	6000000056455153859
Q24568849	6000000032194212109
Q24568852	6000000026206156397
Q24568860	6000000008357270251
Q24571178	6000000022646210548
Q2457168	6000000014347454487
Q24572395	6000000044453527859
Q245724	6000000002666848792
Q2457276	6000000008319124860
Q24572772	6000000048644787048
Q24572875	6000000013482670343
Q24572881	6000000016524475923
Q24572882	6000000016553280919
Q2457294	6000000000632003415
Q2457329	6000000156268546824
Q2457439	6000000066588117859
Q24574738	6000000055094284933
Q245758	6000000163258543824
Q2457609	4628029608660029830
Q24576315	6000000046973130861
Q245767	6000000156412297845
Q24576768	6000000083900972523
Q24576878	6000000026057644727
Q24576975	6000000084956435055
Q24576977	6000000014110756434
Q24576985	6000000000953143512
Q24577002	6000000042765553109
Q24577022	6000000073493834823
Q24577053	6000000058457214146
Q24577057	6000000049280094039
Q24577079	6000000140050391189
Q24577124	6000000011077202844
Q245774	6000000015434292120
Q24577912	6000000014110551716
Q2457794	6000000016868502501
Q2457849	6000000030727566754
Q24578738	6000000013900624314
Q2457875	4657518
Q24578774	6000000179530361821
Q24578785	6000000004156244942
Q24578801	6000000036750888661
Q24578878	6000000024616688309
Q245789	6000000033866547133
Q24578903	6000000013014727619
Q24579016	6000000006718872864
Q24579028	6000000017055539033
Q24579068	6000000017789000008
Q24579143	6000000076862739286
Q24579150	6000000191213215821
Q24579289	6000000078815544054
Q24579340	6000000037815269698
Q24579362	6000000000538146474
Q24579371	6000000000538163191
Q24580040	6000000004234682490
Q2458115	6000000013640891862
Q245833	6000000002116009555
Q2458342	6000000017651289576
Q2458450	6000000012699628661
Q2458535	6000000070752938051
Q245879	6000000024672189890
Q24589873	6000000075610533188
Q24590	6000000188386504826
Q2459003	6000000069838222859
Q2459273	6000000011310014818
Q24593068	6000000043126784507
Q245935	6000000040103122754
Q245940	6000000029508792011
Q2459498	6000000182710562840
Q2459544	6000000039450912356
Q245968	3518356
Q245971	6000000003882309956
Q2459774	6000000014100645445
Q245981	6000000050909855062
Q2459817	6000000003613328328
Q2459823	6000000078588579762
Q245991	3960638982120039467
Q246001	387369736320004023
Q2460130	6000000084327209930
Q2460143	6000000092104297911
Q246018	6000000057536177905
Q246026	6000000004868821114
Q246030	6000000080938497902
Q2460318	6000000023431005140
Q246049	6000000042950732733
Q2460704	6000000016963129132
Q2460778	6000000010131779244
Q2460799	6000000179120877852
Q246091	6000000013255684540
Q2460930	6000000066979156975
Q2460932	6000000015804864306
Q2460954	6000000140119519827
Q2461545	6000000030140877958
Q2461598	6000000012560715565
Q24616236	6000000057140214825
Q2461892	6000000008861571731
Q2462046	6000000076911432625
Q2462181	6000000006999521042
Q24623807	6000000054203178926
Q246279	6000000007631001728
Q2462820	6000000030966604389
Q2462903	6000000036105082237
Q24629488	6000000002764344967
Q24630347	6000000108168608823
Q24631	6000000002188529850
Q246312	6000000015302682244
Q24631981	6000000009624904660
Q24632	6000000067831002878
Q2463292	6000000021160489162
Q246330	6000000008217849795
Q24633624	6000000011359000490
Q2463390	6000000065017260013
Q2463408	6000000054318391035
Q246354	6000000080620463916
Q2463601	6000000018079710888
Q246362	6000000011296825261
Q24636356	6000000018280654984
Q2463673	6000000001973555955
Q2463676	6000000050076996984
Q2463885	6000000028901485855
Q2463904	6000000007425441678
Q24639299	6000000026380746962
Q2464153	6000000019715362619
Q246419	6000000083815990822
Q2464213	6000000015665480546
Q2464214	6000000022563067274
Q24642538	6000000003914302669
Q24643429	6000000035106204171
Q24643483	6000000181005897826
Q24643505	6000000086498601049
Q24643620	6000000039438261513
Q24645284	6000000001753022590
Q2464652	6000000021062261853
Q2464653	6000000051514139827
Q2464656	6000000066918596098
Q2464682	6000000014346094199
Q2464723	6000000026954345292
Q2464819	6000000080066083324
Q24648660	6000000022875363695
Q24648703	6000000182477462915
Q24648775	6000000006817343842
Q24649001	6000000002622244964
Q2464916	6000000022500530235
Q246493	6000000017840001671
Q2464950	6000000037358373184
Q246497	6000000014814658497
Q2464977	6000000053646758093
Q24649807	6000000194173607823
Q24649812	6000000148756451848
Q24649830	6000000006882663420
Q24649841	6000000024761028341
Q24649842	6000000002659221767
Q24649844	6000000011242969094
Q24649862	6000000026981344647
Q24649878	6000000017201042885
Q24649974	6000000003371802119
Q24649992	6000000087699543881
Q24650031	6000000038237052353
Q24650036	6000000018497630442
Q24650042	6000000089526850886
Q24650062	6000000097966718821
Q24650063	6000000103504964860
Q24650082	6000000071007571382
Q24650137	6000000025309279760
Q24650140	6000000015185703436
Q24650142	6000000044101677905
Q24650144	6000000040556211465
Q24650155	6000000026867419582
Q24650173	6000000048123903941
Q24650197	6000000086217178027
Q24650210	6000000014068388883
Q24650221	6000000083635917145
Q24650241	6000000183588720858
Q24650245	6000000086322949927
Q24650245	6000000222425868848
Q24650292	6000000018460419969
Q24650304	6000000012482848706
Q24650308	6000000027157374972
Q24650313	6000000044792690867
Q24650321	6000000079553945201
Q24650355	6000000039436152517
Q24650357	6000000009421142024
Q24650369	6000000015825357448
Q24650378	6000000019209145405
Q24650384	6000000083603787764
Q24650391	6000000039038244675
Q24650397	6000000051337342501
Q24650399	6000000143758662848
Q24650484	6000000021700103989
Q24650504	6000000039854829673
Q2465070	6000000020340485992
Q2465089	4915444944440085945
Q2465104	6000000015634902221
Q2465271	6000000018281702350
Q2465289	6000000002188370452
Q246538	6000000004948528549
Q246539	6000000042806098744
Q24654962	6000000176120254458
Q2465529	6000000025021441332
Q2465604	6000000001895549329
Q2465729	6000000019562417065
Q246573	6000000018007457405
Q2465797	6000000018554715260
Q2465857	6000000184233291822
Q24659977	6000000106647410262
Q246609	6000000133689141838
Q24661076	6000000179178688830
Q246618	6000000177661233821
Q24661926	6000000030837278026
Q24661962	6000000007980783742
Q24662009	6000000003992774423
Q2466295	6000000040071956968
Q2466305	6000000076046928874
Q2466368	6000000002601690425
Q2466384	6000000074753575903
Q24664282	6000000069968594082
Q2466430	6000000002738198160
Q2466733	6000000024118822064
Q2466895	6000000014535994114
Q24669387	6000000009997378614
Q24669396	6000000006727931894
Q246707	6000000068225559873
Q2467122	6000000022699828767
Q2467155	6000000020194067374
Q2467283	6000000009101055913
Q246731	6000000043882397986
Q2467381	6000000002028897126
Q24673977	6000000194738193822
Q2467685	6000000017871981209
Q2467809	6000000169762089882
Q2467813	6000000038546489904
Q2467960	6000000036644820397
Q24680560	6000000036663288827
Q24680565	384330035800007649
Q24680574	6000000043154898542
Q24680617	6000000093307327821
Q24680642	6000000034366119600
Q24680643	6000000030618268178
Q24680646	6000000181035073880
Q24680679	6000000007647390868
Q24680682	6000000031186599959
Q24680685	6000000065454344017
Q24680687	6000000001489229112
Q24680704	6000000141074978914
Q24680715	6000000141074450152
Q24680726	6000000067026667953
Q24680738	6000000006803611426
Q24680756	6000000035475299565
Q24680774	6000000024448440875
Q24680781	6000000001563532689
Q24680791	6000000147667439858
Q24680792	6000000019967043167
Q24680810	6000000002601088296
Q24680841	6000000014959685971
Q2468086	324185015570006374
Q24680865	6000000069869823286
Q24680890	6000000026082861112
Q24680907	6000000002965244434
Q24680955	6000000132260383156
Q24680990	6000000002497404282
Q24681005	6000000006864766483
Q24681033	6000000019961784246
Q24681058	6000000002412062028
Q24681116	6000000041282999046
Q24681124	6000000002255296155
Q24681201	6000000022601278361
Q24681225	6000000091620260984
Q24681229	6000000001962933704
Q24681290	6000000019441147391
Q24681293	6000000022671705632
Q24681299	6000000019442686499
Q24681335	6000000015763185441
Q24681340	6000000014266422854
Q24681349	6000000035164560948
Q24681361	6000000013680004545
Q2468137	6000000005561257178
Q24681384	6000000008722696245
Q2468142	6000000037620954838
Q24681424	6000000012280519205
Q24681463	6000000029073030311
Q24681464	6000000017096322893
Q24681475	6000000013188562413
Q2468189	6000000002802601490
Q2468314	6000000180868223822
Q2468389	6000000016529717514
Q2468485	6000000069309770381
Q2468504	6000000002420531485
Q24685750	6000000127050114091
Q2468579	6000000034867694967
Q2468583	6000000012078196993
Q2468624	6000000039962383455
Q2468633	6000000064674569950
Q2468662	6000000063336708991
Q24687040	6000000069135673902
Q24687065	6000000050343351952
Q246873	6000000032625651960
Q2468820	6000000013816974193
Q24688772	6000000018280398055
Q2468893	6000000033036732484
Q24688943	6000000082711586845
Q24688953	6000000030838118052
Q24688954	6000000016715132527
Q24688956	6000000185992348120
Q24688962	6000000014947317296
Q24688963	6000000014058051742
Q24688965	6000000000669217944
Q24688967	6000000014194613641
Q24689018	6000000017201081951
Q24689028	6000000107669096852
Q24689220	6000000023724920435
Q24689254	6000000039480269967
Q2469000	6000000007981439251
Q246903	6000000084092249031
Q246915	6000000003146664292
Q2469233	6000000002181293030
Q2469262	6000000023453016965
Q2469357	6000000109364635821
Q24694954	6000000105217315839
Q246953	6000000027165014820
Q24695417	6000000046093870222
Q2469565	6000000013111325725
Q2469710	6000000083748327916
Q2469794	6000000017446716729
Q24698464	6000000060745498850
Q24698883	6000000039039914062
Q24698916	6000000056384949526
Q24698946	6000000021597592128
Q2469915	6000000068539025013
Q24699210	6000000030617865888
Q24699211	6000000025496976481
Q24700929	6000000074700791017
Q24700967	6000000008967896854
Q24700970	6000000132258742135
Q24700980	6000000002188389252
Q24700984	6000000007394951318
Q24701093	6000000008005711006
Q24701108	6000000000238038461
Q24701145	6000000009493649801
Q2470166	6000000013630051217
Q24701812	6000000182696525825
Q247023	6000000032215589416
Q24702487	6000000017945276875
Q24702913	6000000051029821968
Q2470388	6000000184657688878
Q2470469	6000000003827612004
Q2470473	6000000016456729345
Q2470482	6000000011770695308
Q24705978	6000000000485109369
Q24706242	6000000013521609266
Q247063	6000000027658476574
Q24706388	6000000121392241100
Q2470678	6000000000278351340
Q2470693	6000000074788547419
Q2470755	6000000027861925794
Q24707713	6000000019312058108
Q24707747	6000000178271430878
Q24707799	6000000034839628242
Q24708188	6000000180183361835
Q2470843	6000000023328278010
Q2470845	6000000016624136114
Q2470850	6000000013007234808
Q2470852	6000000003891404439
Q2470998	6000000033199414850
Q2471242	6000000138916460012
Q24713342	6000000041970407664
Q24713851	6000000004121795927
Q24713863	6000000015795520996
Q247141	6000000018647555933
Q2471418	6000000014401310854
Q2471429	6000000002262728479
Q2471464	6000000051999706953
Q2471547	6000000052904875167
Q2471592	6000000066774325002
Q2471595	6000000040310754534
Q2471654	6000000004396685338
Q2471752	6000000133169732822
Q24717934	6000000108510200467
Q24717945	6000000035536978954
Q24717957	6000000071493340867
Q24717963	6000000077459231955
Q24718001	6000000058539444881
Q24718620	6000000103269011893
Q24718659	6000000015119236026
Q24718688	6000000091650041906
Q24718690	6000000013416268374
Q24718719	6000000015351760515
Q24718726	6000000138990533833
Q2471880	6000000206341456825
Q24719342	6000000025771154678
Q24719464	6000000016384769934
Q2471960	6000000015201791435
Q2472060	6000000018624636223
Q2472065	6000000114650702830
Q2472170	6000000018445572519
Q2472230	6000000019939958989
Q2472240	6000000028950134877
Q2472294	6000000014209540898
Q2472305	6000000002743726644
Q2472344	6000000015061983418
Q2472513	6000000089592224828
Q2472607	6000000163590491602
Q2472612	6000000057894196866
Q2472632	3217984
Q2472709	6000000002512264976
Q2472724	6000000014129094903
Q247286	6000000056690665880
Q24729716	6000000032967313005
Q2472994	6000000024868862919
Q2473116	6000000006597109264
Q2473128	6000000074686828835
Q2473239	6000000083499207848
Q2473292	6000000179639169106
Q2473293	6000000062461931290
Q2473479	6000000019725529250
Q2473485	6000000014571781106
Q24735228	6000000211517805829
Q24735235	6000000055562564934
Q2473636	6000000043334822223
Q24737	6000000014198479650
Q24737	6000000109028770878
Q24737087	6000000065458101855
Q2474027	6000000145768887954
Q2474048	6000000086310603837
Q2474110	6000000030040447319
Q247416	6000000112481885989
Q2474166	6000000068365026925
Q2474279	6000000009093562595
Q247435	6000000153733409841
Q247436	6000000075346502896
Q24743882	6000000055455035959
Q2474413	6000000012699726468
Q247443	6000000026311456276
Q2474480	6000000036667281654
Q2474482	6000000039298648591
Q2474496	6000000073858019192
Q2474547	6000000029324099057
Q2474713	6000000215785534834
Q2474750	6000000014718209357
Q2474802	6000000020570595787
Q2474826	6000000007995192301
Q2474882	6000000018816467565
Q2474904	6000000015660537850
Q2474950	6000000006727942573
Q2474995	6000000012961682620
Q2475101	6000000157309538859
Q2475116	6000000078055953935
Q2475191	6000000016938737510
Q2475200	6000000140307830971
Q2475239	6000000009120143161
Q247526	6000000015905929559
Q2475277	6000000004591002099
Q247538	6000000006435796787
Q2475632	6000000018045282414
Q247564	6000000006210716340
Q24756547	6000000006590104844
Q2475656	6000000179220750862
Q2475814	6000000040535638865
Q2475819	6000000001382590670
Q2475822	6000000002472552022
Q24758253	6000000036698335453
Q2475862	6000000024405053940
Q247589	6000000004970465188
Q2475967	6000000022142978155
Q2476010	6000000022951598038
Q247603	6000000053926254821
Q24760732	6000000002188536821
Q2476099	6000000005598904924
Q2476114	6000000058272494829
Q2476258	6000000002802349755
Q2476272	6000000199210680858
Q24762965	6000000052739877680
Q24763679	6000000137610442851
Q2476425	6000000040204191537
Q2476429	6000000017215969249
Q2476576	6000000020604826236
Q2476742	6000000049516734848
Q2476793	6000000091142098178
Q247685	6000000000556854494
Q2476946	6000000010010380223
Q2476982	6000000061205700928
Q2477007	6000000002167406294
Q2477022	6000000092734330984
Q2477029	6000000151378157869
Q2477047	6000000033340370929
Q2477084	6000000024364119409
Q2477087	6000000014704507105
Q2477199	6000000018143407470
Q247729	6000000102847157863
Q2477315	6000000040950304893
Q2477317	6000000070091955157
Q2477511	6000000032372738944
Q2477693	6000000013712616668
Q2477748	6000000008708753512
Q2477810	6000000018788280539
Q2477842	6000000001504715786
Q2477872	6000000070184083197
Q2477933	6000000015722063019
Q247795	6000000002187588537
Q2477957	6000000009656636318
Q2478130	6000000166910938822
Q24781981	6000000003114669236
Q2478274	6000000020398500894
Q2478295	6000000020320505727
Q2478330	6000000142892797826
Q2478335	6000000025358960523
Q2478348	6000000003128880386
Q2478363	6000000028264100274
Q2478394	6000000140307013882
Q2478431	6000000018007608079
Q2478438	6000000017970536177
Q2478524	6000000021223113266
Q2478543	6000000017817212176
Q2478723	6000000122492063826
Q2478781	6000000003748326674
Q2478810	6000000144049934846
Q24788954	6000000061079874019
Q24788961	6000000051023589848
Q24788963	6000000017431987903
Q24790	6000000000090870852
Q2479034	6000000084861119194
Q2479127	6000000018434269540
Q247915	6000000031052523780
Q24792046	6000000062599677821
Q2479224	6000000019232936971
Q247930	6000000010849108210
Q2479336	6000000015455597358
Q2479380	6000000051756876033
Q2479480	6000000003446163583
Q2479519	6000000006574732355
Q2479541	6000000070161291199
Q2479669	6000000011986748934
Q2479905	6000000002782907487
Q2480090	6000000049827751902
Q2480182	6000000039254571287
Q248037	6000000004393762131
Q2480672	6000000017841501887
Q248070	6000000056618123895
Q248079	6000000150955966822
Q2480843	6000000022603640406
Q24808839	6000000018350903218
Q2480955	6000000039541540854
Q2481000	5409086854260057090
Q2481019	6000000040105948317
Q2481026	6000000034627994221
Q2481088	6000000018657026527
Q2481109	6000000136772905896
Q2481258	6000000002218116336
Q2481359	6000000001745096150
Q24814810	6000000206580424851
Q2481520	6000000068065037906
Q24816780	6000000009025429769
Q24816806	6000000179225764841
Q2481731	6000000039096824000
Q2481752	6000000038377391443
Q248179	6000000028141564846
Q24818024	6000000041116588991
Q24818054	6000000131667741951
Q2481855	6000000176714533900
Q2481938	6000000220189011879
Q2482061	6000000060241650916
Q2482220	6000000011633373476
Q2482314	6000000040290302727
Q24824157	6000000015610769388
Q24827286	5520480883690123856
Q24827513	6000000180324831862
Q2482756	6000000026077014684
Q2482769	6000000018110266453
Q2482786	6000000026942369942
Q24827875	6000000002757795262
Q24829	6000000008707492313
Q2482931	6000000024785648657
Q2482948	6000000029938269579
Q2482954	6000000001460735709
Q2483082	6000000014737994556
Q2483083	6000000109884244996
Q2483097	6000000008630270196
Q2483178	6000000006890936235
Q24831821	6000000075424733062
Q24831828	6000000074744650253
Q24831842	6000000075480530618
Q24831852	6000000075481966789
Q24832028	6000000074791224946
Q24832167	6000000038176978570
Q24832192	6000000074703564298
Q24832504	6000000074699156099
Q24832567	6000000074757157017
Q24832644	6000000074759393890
Q24832779	6000000074751341856
Q24833137	6000000075413421856
Q24833403	6000000011590111463
Q24833427	6000000074771196890
Q24833531	6000000075338303829
Q24833666	6000000074730316900
Q24833669	6000000075503253167
Q24833685	6000000074738182893
Q24833759	6000000074705030031
Q24833770	6000000092903838879
Q24833795	6000000075368902821
Q24833889	6000000074727565119
Q24833896	6000000075063058890
Q24833919	6000000075414595983
Q24834222	6000000074701797836
Q24834242	6000000075426658843
Q24834254	6000000026245551892
Q24834342	6000000074789430210
Q2483436	6000000046440912038
Q24834874	6000000039520205600
Q2483511	6000000003977575332
Q2483517	6000000030225981955
Q24835256	6000000074746529913
Q24835492	6000000074790735190
Q2483561	6000000109715706844
Q24835818	6000000074735588851
Q248359	6000000181593148947
Q24836273	6000000037870434068
Q24836338	6000000075328546903
Q24836564	6000000075482367161
Q24836725	6000000050502319860
Q24836789	6000000008113519861
Q24836836	6000000074704494130
Q24836896	6000000074685550890
Q24836904	6000000075425455022
Q24836908	6000000075425544917
Q24837254	6000000075488591416
Q2483728	6000000056330830925
Q24837430	6000000075404565348
Q24837447	6000000074751057902
Q24837460	6000000074790107894
Q24837504	6000000074783160974
Q24837673	6000000075425848038
Q24837676	6000000075502087838
Q24837724	6000000075050446867
Q24837805	6000000012422784948
Q24837808	6000000013122857867
Q24837814	6000000075610427892
Q24837815	6000000013122807114
Q24837909	6000000075063279917
Q2483823	6000000072532871921
Q24838241	6000000011367195749
Q24838259	6000000028732657952
Q2483889	6000000013355457373
Q24839044	6000000074768337054
Q24839222	6000000036395641986
Q2483926	6000000145253161001
Q2483930	6000000020470544098
Q2484094	6000000034762589996
Q24841887	6000000003692728123
Q24842	6000000089587196615
Q248429	6000000002893579846
Q2484368	6000000024934268101
Q248437	6000000026847214983
Q2484386	6000000006789625042
Q2484404	6000000125090454833
Q2484418	6000000151451122893
Q24844290	6000000004016395696
Q24844423	6000000042716027171
Q24845066	6000000020197458302
Q24845112	6000000097174601864
Q24845154	6000000000632189502
Q24845230	6000000017034781364
Q24845254	6000000012417866723
Q24845311	6000000070086049107
Q24845317	6000000039587653173
Q24845320	6000000032792359261
Q24845325	6000000072071303837
Q24845329	6000000001675955719
Q24845333	6000000178050143835
Q24845393	6000000009365659608
Q24845401	6000000003914832803
Q24845479	6000000085119312895
Q24845490	6000000085067122826
Q24845496	6000000000648585404
Q24845505	6000000030064415709
Q24845508	6000000002648242042
Q24845510	6000000070580797039
Q24845516	6000000032836252723
Q24845521	6000000083664648467
Q24845526	5601958688840046709
Q24845529	6000000059162123893
Q24845532	6000000007297466176
Q24845534	6000000028091649379
Q24845538	6000000122438705938
Q24845547	6000000172504042890
Q24845556	6000000008237998521
Q24845557	6000000011316818261
Q24845613	6000000005033984475
Q24845628	6000000000909919973
Q24845668	6000000028948788139
Q24845795	6000000025438230587
Q2484581	6000000012558295111
Q248459	6000000015325672735
Q24845952	6000000026311615014
Q24845959	6000000009480416614
Q24846060	6000000020858467732
Q24846066	6000000027190861912
Q24846089	6000000053712076892
Q24846264	6000000027042596012
Q2484628	6000000011838463591
Q2484636	6000000007401139224
Q24846414	6000000069543424181
Q24846447	6000000049821379142
Q24846461	6000000206557527899
Q24846529	4596708816910065004
Q24846545	6000000041495882668
Q24846552	6000000173237311996
Q24846622	6000000050882903889
Q24846874	6000000021700670830
Q2484772	6000000054267937821
Q2484790	6000000015222585690
Q2484806	6000000134430874837
Q24849198	6000000034623334969
Q2484968	6000000200343027854
Q2485081	6000000099738982821
Q24851563	6000000053506849963
Q248519	6000000115632138505
Q24852243	6000000047759506953
Q24853345	6000000022538840105
Q2485335	6000000005965427908
Q2485341	6000000017510864613
Q2485385	6000000003370237429
Q24855747	6000000074735806930
Q2485765	6000000036624574023
Q2485795	6000000012578055138
Q24860198	6000000035920718967
Q24863272	6000000075483506536
Q2486375	6000000177239990827
Q2486438	6000000019430902170
Q248649	6000000019871701065
Q248656	6000000003080004972
Q248673	6000000136918762102
Q248676	6000000015538549213
Q24869537	6000000180474174824
Q2486960	6000000077550295231
Q248715	6000000055406847049
Q2487180	6000000050560214895
Q2487226	6000000011904228617
Q24873774	6000000074792141864
Q2487492	6000000079326026842
Q24875857	6000000074791868855
Q24876122	6000000074791785921
Q248767	6000000024088407048
Q24877283	6000000182465165835
Q24877321	6000000041551092066
Q24877378	6000000010384919913
Q24877547	6000000102629421928
Q2487767	6000000033227151132
Q24878878	6000000017253031710
Q24878948	6000000030729636969
Q24878959	6000000009215913342
Q24878976	6000000006984994634
Q24878981	6000000019195618286
Q24878996	5039327445940069337
Q24879012	6000000040723080870
Q24879031	6000000030731782923
Q24879038	6000000047803288662
Q24879071	6000000030667502957
Q24879077	6000000019195571670
Q24879083	6000000020531689507
Q24879085	6000000011491044872
Q24879115	6000000012888500734
Q24879117	6000000017697463391
Q24879126	6000000008245516252
Q24879134	6000000009405002381
Q24879158	6000000006452744039
Q24879186	6000000037100769722
Q24879190	6000000206198844821
Q24879204	6000000002065671672
Q24879264	6000000113154310179
Q24879772	6000000003526785791
Q2488053	6000000016144870925
Q24881	6000000023760040117
Q248837	360786278610004512
Q2488509	6000000019958266412
Q24885365	6000000039025005032
Q24885494	6000000074701019117
Q24885552	6000000074701449906
Q248867	6000000029980597865
Q248876	6000000182219385833
Q2488797	6000000199830739838
Q2488882	6000000165060334822
Q248893	6000000015796948619
Q24889824	6000000003681572132
Q248900	6000000000703887697
Q2489016	6000000018128792021
Q2489137	6000000019731261087
Q248926	6000000159288293822
Q2489320	6000000075318419982
Q248943	6000000028142915919
Q2489517	6000000179148178824
Q24895536	6000000136807058077
Q24896376	6000000000916282607
Q24896422	6000000037920515873
Q24896886	6000000004095358939
Q2489697	6000000002219027666
Q2489826	6000000002327496035
Q2489884	6000000074317686923
Q2489923	6000000020930501111
Q2489959	6000000190352675846
Q2489960	6000000017010411793
Q2489987	6000000006788777606
Q24900668	6000000003744257755
Q2490101	6000000000645971015
Q24901136	6000000177149112886
Q24902337	6000000006330055588
Q2490319	6000000020083226920
Q2490346	6000000012677221288
Q2490378	6000000179173785903
Q2490381	6000000034340221933
Q2490400	6000000077893271864
Q249041	6000000017903075460
Q24905351	6000000007383450299
Q2490894	6000000039240693417
Q2490902	6000000008978017834
Q2490959	6000000017983006443
Q2490961	6000000020294664881
Q24909969	6000000037688925181
Q2491043	6000000065130806821
Q249107	6000000048389780247
Q2491118	6000000018714766085
Q24911841	387061586340012314
Q249119	6000000222806266833
Q2491203	6000000015832188809
Q2491208	6000000014387456000
Q249131	6000000029816823930
Q2491368	6000000176891339828
Q249142	6000000011414078618
Q249143	6000000029423431791
Q2491446	375378325630007201
Q2491467	6000000081501732270
Q249150	6000000011311590657
Q2491539	6000000184716368878
Q2491603	6000000017401328575
Q2491666	6000000008479547227
Q2491814	6000000033878979591
Q249189	6000000012009955480
Q2492	6000000031026274084
Q2492102	5339012821040131179
Q2492200	6000000002764356315
Q2492353	6000000040775757806
Q24924117	6000000003138678549
Q2492430	6000000052066442143
Q249244	6000000201347544870
Q249245	6000000009910123247
Q2492477	6000000015466719929
Q2492593	6000000012749365249
Q2492614	6000000003563869838
Q2492624	6000000003933436408
Q2492691	6000000006842891789
Q249278	6000000111486821821
Q2492882	6000000017228815745
Q249292	6000000013631592459
Q2493013	6000000002043219403
Q24931896	6000000013792418791
Q2493351	6000000036627787984
Q2493456	6000000074749205827
Q2493511	6000000025616601507
Q24935141	6000000161063029870
Q2493608	6000000121396631881
Q2493664	6000000007553306377
Q24937311	6000000110117739908
Q24938542	6000000053897195945
Q2493977	6000000137528511825
Q2494	6000000010888345851
Q2494198	6000000002802960127
Q24942244	6000000163237646834
Q2494263	6000000014191044735
Q24943674	6000000051434954866
Q24944145	6000000037108598893
Q24944264	6000000178716186994
Q24944351	6000000017688746861
Q24944358	6000000017688587467
Q24944392	6000000023883643625
Q24944739	6000000009975592515
Q2494481	6000000053646923882
Q2494512	6000000053646923935
Q2494534	6000000007158949259
Q2494562	6000000006843884814
Q24946049	6000000006712217066
Q2494623	6000000078003726979
Q24946404	6000000011422619484
Q24946429	6000000177734528865
Q2494807	6000000181914129826
Q24948268	6000000022909305129
Q24948383	6000000014653168300
Q24949485	6000000041777978993
Q24949521	6000000018530034619
Q24949571	6000000036426470176
Q24949625	6000000038414649024
Q24950959	6000000121090855984
Q24950965	6000000079585325986
Q24951161	6000000121090855878
Q24951169	6000000121493882821
Q24951221	6000000209323174831
Q24951316	6000000099965141824
Q24951346	6000000029051049317
Q249531	6000000019580379441
Q24953538	6000000017499081197
Q249538	6000000034498069037
Q2495390	6000000018233054523
Q24954290	6000000030225433095
Q2495529	6000000030607391283
Q24955515	6000000021364929922
Q24957665	6000000074690479923
Q24957675	6000000074690642903
Q24957676	6000000074689956204
Q2495818	6000000011692830590
Q249582	6000000013901927464
Q2495908	6000000071295863577
Q2496	6000000039945495928
Q24960275	6000000041566588322
Q24960384	6000000003410130869
Q24960534	6000000032702851916
Q24960797	6000000010310761423
Q24960804	6000000024669741797
Q24961766	6000000051446015838
Q24962042	6000000015521201570
Q2496231	6000000197643666848
Q24962968	6000000001166444282
Q24963033	6000000014595233443
Q24963039	6000000002043195268
Q24963219	6000000109633303892
Q24963220	6000000109633869824
Q2496343	6000000000239077686
Q2496381	6000000017538877765
Q2496468	6000000026296949570
Q24965	6000000013707246712
Q24965334	6000000016596561912
Q24969393	6000000013167591205
Q2496993	6000000049942622233
Q2496999	6000000002562459381
Q2497011	6000000027779448703
Q249705	6000000025582865427
Q24971062	6000000003243441601
Q2497205	6000000002268196426
Q2497255	6000000046942974068
Q2497298	6000000178873662829
Q249744	6000000006020110007
Q2497517	6000000029094700191
Q2497526	6000000006756631480
Q2497541	6000000004654933914
Q2497553	2777670
Q24975545	6000000023540634888
Q24975545	6000000174632157441
Q24975545	6000000187918535844
Q2497570	6000000009288096160
Q2497578	6000000002144205169
Q2497776	6000000016050886825
Q24978037	6000000003138627069
Q2497850	6000000172767632164
Q2497899	6000000028505061633
Q249792	6000000022820351130
Q24979451	6000000010289719405
Q2498000	6000000086979314864
Q2498095	6000000031636481353
Q249824	6000000027506823462
Q2498257	6000000024292633022
Q249841	6000000144750088853
Q2498761	6000000189471519887
Q2498810	6000000046812907834
Q2498921	6000000011906521118
Q2498987	6000000156183728844
Q249912	6000000045675094982
Q249925	6000000030140996061
Q2499282	6000000089854115058
Q2499300	6000000137026969822
Q2499321	6000000037515234170
Q2499444	6000000000351950203
Q24995	6000000055689695857
Q2499581	6000000004533589362
Q2499602	6000000003171373858
Q24996674	6000000011132661945
Q2499676	6000000017214049638
Q2499689	6000000002317922439
Q2499716	6000000179147741845
Q2499828	6000000016681749462
Q2499872	6000000222531488842
Q249989	6000000179760211897
Q24999	6000000076917753621
Q2499954	6000000023280758137
Q25000063	6000000018676122015
Q2500064	6000000182019077828
Q2500093	6000000028704250457
Q2500196	6000000176846793879
Q2500306	6000000070971184004
Q2500320	6000000012699734737
Q250040	6000000010141195922
Q25004580	6000000210103191827
Q25004991	6000000015634488242
Q2500611	6000000048790086983
Q2500676	6000000024514272797
Q2500691	6000000181463297833
Q2500707	6000000013144684469
Q2500714	6000000058829381821
Q2500741	6000000078495194791
Q2500749	6000000023952601843
Q2500770	6000000019845112314
Q250078	6000000010081510253
Q2500795	6000000037172807258
Q250093	6000000166934251822
Q2500930	6000000024984020492
Q2500995	6000000007451329522
Q2501245	6000000106866963961
Q2501340	6000000003827368091
Q25014	6000000009657973596
Q2501481	6000000010916356458
Q250150	6000000078167508812
Q2501592	6000000000768075297
Q2501600	6000000172633315417
Q250161	6000000069754537875
Q2501677	6000000141939507917
Q2501690	6000000002925277483
Q2501694	6000000017238549759
Q2501720	6000000019588659894
Q2501720	6000000038487178037
Q2501720	6000000080878401040
Q2501755	5414871694220116460
Q2501879	6000000022465145172
Q250194	6000000104931772878
Q2501954	6000000079418878950
Q2502092	6000000028122098607
Q2502103	6000000010008345160
Q25021043	6000000001729716295
Q2502306	6000000008537538162
Q2502394	6000000034144689303
Q250240	6000000017086608061
Q2502420	6000000016239816047
Q2502543	6000000016418888056
Q25026708	6000000027687527931
Q2502683	6000000076556954907
Q250272	6000000017845858607
Q25028539	6000000010430826544
Q25028591	6000000177208822837
Q250333	6000000025184394732
Q2503364	6000000069490772828
Q250338	6000000147859057830
Q250339	6000000024786374884
Q2503632	6000000021178528849
Q2503633	6000000027561448429
Q2503649	6000000024694784493
Q2503730	6000000019589300370
Q25037744	6000000024643420812
Q2504063	6000000021138998538
Q2504068	6000000013431803532
Q2504075	6000000181990293871
Q2504193	6000000030728090613
Q2504257	6000000082417530084
Q2504277	6000000075406143922
Q2504309	6000000075406211882
Q2504373	6000000000060889460
Q25043786	6000000010433618421
Q250486	6000000018069651664
Q2504995	6000000018112665617
Q2505089	6000000173124834828
Q25051019	6000000124165700833
Q250513	6000000027181243160
Q2505178	6000000045638502068
Q2505245	6000000001319708434
Q2505262	5551611786330064235
Q2505429	6000000032910792570
Q25055	6000000009786243417
Q250557	6000000013479972878
Q250560	6000000000076194609
Q2505740	6000000016755486035
Q2505830	6000000016453459354
Q2505852	6000000001035382325
Q2505914	6000000016067943072
Q250592	6000000010605902659
Q2505939	6000000037437613547
Q2506063	6000000019833144985
Q25062007	6000000079287187832
Q25062055	6000000010761527143
Q25062630	6000000108271605870
Q2506270	6000000031746524282
Q25063746	6000000022636414790
Q2506375	6000000017825689216
Q2506397	6000000006627304269
Q2506478	2130483
Q2506493	6000000033761839880
Q2506532	6000000041459284529
Q2506718	6000000096541218832
Q2506976	6000000002717693081
Q2507010	6000000038602579273
Q2507113	6000000002858036518
Q250725	6000000063143531863
Q250732	6000000017360517026
Q2507360	6000000031284023872
Q2507476	6000000004076763129
Q2507485	6000000223634684888
Q250754	6000000039168697592
Q2507681	6000000013414471409
Q25078	6000000078204993194
Q25079656	6000000017824650770
Q2508183	6000000080035833921
Q2508299	6000000032054411224
Q2508333	6000000044434911016
Q250834	6000000010463660328
Q2508345	6000000095758233923
Q2508374	6000000042687385824
Q2508376	6000000016871436513
Q2508420	6000000031728846913
Q2508526	6000000019551809898
Q2508542	6000000032602177425
Q2508548	6000000029577972820
Q2508737	6000000011919949501
Q2508801	6000000043155235498
Q2508897	6000000026563946418
Q25089	6000000006823605220
Q2508901	6000000101088183132
Q2508975	6000000064205107007
Q2508996	6000000021291433070
Q250905	6000000046241942953
Q250909	6000000150391584076
Q2509132	6000000040293156237
Q250920	6000000000485912843
Q25092086	6000000017684087737
Q250924	6000000018260994889
Q2509260	6000000143929376009
Q2509373	6000000000111095938
Q2509381	6000000010273911910
Q250942	6000000008852654391
Q2509422	6000000010140331568
Q2509424	6000000010552821241
Q250952	6000000016435149041
Q25095305	6000000010683827293
Q2509560	6000000026985368553
Q25095620	6000000049825820894
Q2509565	6000000007733566404
Q2509572	6000000073198970394
Q2509578	6000000011433853318
Q25098617	6000000167108221829
Q250987	6000000013124490149
Q2509980	6000000037144483944
Q2509999	6000000008115060446
Q25100	6000000002764344493
Q2510232	6000000019636732591
Q25102645	6000000026296642093
Q2510280	6000000177516359829
Q2510378	6000000012947911288
Q2510550	6000000086295542865
Q25106	6000000068450236023
Q2510607	6000000044062815043
Q251068	6000000005428904140
Q25106992	6000000178616615881
Q2510777	6000000050407173836
Q251082	6000000147896326822
Q2510830	6000000084232515300
Q2510951	6000000003827359467
Q251100	6000000017242669239
Q2511027	6000000148875812862
Q2511066	6000000006190923789
Q25112126	6000000179876541825
Q2511268	6000000002702139767
Q2511325	6000000026923096832
Q2511477	6000000053914889841
Q2511529	6000000017387157445
Q2511678	6000000177198568826
Q251177	6000000184230695833
Q2511782	6000000029598682195
Q2511923	6000000035389518853
Q25120	6000000083817278312
Q2512005	6000000022131186214
Q251210	6000000183444377865
Q2512102	6000000024528429492
Q2512112	6000000015332345142
Q251217	6000000057492969983
Q2512349	6000000042755852072
Q2512361	6000000009260018341
Q2512370	6000000018829188501
Q2512380	6000000038475458965
Q2512396	6000000002187837743
Q2512422	6000000012562804727
Q2512445	6000000033462634936
Q251247	6000000076969278263
Q2512515	6000000181947095832
Q2512533	6000000080356629086
Q2512767	6000000059082329823
Q251287	6000000014198437096
Q2513200	6000000096138154877
Q2513313	6000000033448121383
Q251336	6000000022365180749
Q251340	6000000037882548398
Q25134526	6000000016719089627
Q25135365	323059482640004248
Q2513633	6000000050089030821
Q251365	6000000017173390783
Q25136936	6000000073415819946
Q2513697	6000000015048770546
Q251388	6000000028229076989
Q2513943	6000000016976208688
Q25139764	6000000059720174947
Q2514	6000000003353023741
Q251413	6000000075388134827
Q251417	6000000013820317187
Q2514181	6000000078489859644
Q2514201	6000000033692094006
Q2514255	6000000003679264624
Q251428	6000000081518701568
Q25144	6000000013911101077
Q2514458	6000000008179229727
Q2514518	6000000015837209212
Q251458	6000000019476386114
Q25147	6000000178318316822
Q25147759	6000000006727753117
Q2514778	6000000035555183354
Q2514899	6000000011430926728
Q251502	6000000003407400782
Q2515056	6000000011502013645
Q25151458	6000000009368279560
Q251524	6000000008092619212
Q2515320	6000000020257779400
Q2515370	6000000090369635526
Q2515492	6000000070654830033
Q251556	6000000008141488372
Q251558	6000000008601138420
Q2515634	6000000034110171875
Q2515841	6000000179168435826
Q251598	6000000171553729277
Q2516	6000000007756523031
Q25160066	6000000006727805730
Q25160518	6000000016242705859
Q25160620	6000000100334564922
Q25161	6000000009907946717
Q2516106	6000000025833554078
Q25162	6000000085568060914
Q251628	6000000012358063223
Q2516285	6000000148952458864
Q25163	6000000134063651994
Q251634	6000000028139961153
Q2516378	6000000069421985964
Q251638	6000000145854579944
Q2516452	6000000109763844957
Q251658	6000000000728659972
Q2516651	6000000013676132405
Q251666	6000000009580298327
Q2516746	6000000213738360825
Q25168260	6000000221335863885
Q2516999	6000000018845620094
Q251718	6000000022781917090
Q25171880	6000000008630701635
Q25171936	6000000003051203479
Q25172000	6000000186020304113
Q2517229	6000000043306273423
Q251751	6000000003510326093
Q251756	6000000055590053843
Q25176040	6000000016938716647
Q25176081	6000000013987688261
Q25176120	6000000025473171966
Q251763	6000000027742436024
Q2517844	6000000178740980893
Q2517890	6000000075099680833
Q2517909	6000000109920283061
Q2517998	6000000159424204824
Q2518	6000000060816019028
Q2518005	6000000069487442464
Q2518088	6000000079057731078
Q2518091	6000000179359317845
Q2518093	6000000163847091092
Q251818	6000000047807803846
Q2518230	6000000109128088872
Q2518245	6000000216852776843
Q2518254	6000000001898187440
Q2518263	6000000166193104864
Q25182977	6000000025482193130
Q251832	6000000026649379135
Q25184121	6000000109364565932
Q25184150	6000000001578788117
Q25184295	6000000014568158232
Q25184357	6000000026159817419
Q2518440	6000000126747442907
Q2518472	6000000083930884156
Q2518595	6000000080139770332
Q25186	6000000032941540151
Q251865	6000000049484365178
Q2518653	6000000141110969037
Q25187614	6000000013520447180
Q2518776	6000000024671554406
Q2518812	6000000021088840929
Q2518854	6000000179308448853
Q2518893	6000000007416505997
Q251893	6000000017856375844
Q2519043	6000000008736834550
Q25191	6000000180251426928
Q251912	6000000008923546070
Q2519247	6000000016870339854
Q2519303	6000000004282663733
Q2519306	6000000068073299908
Q251938	6000000156125080822
Q2519413	6000000017224871596
Q2519456	6000000169344947956
Q251947	6000000024080321915
Q2519656	6000000043484638814
Q251967	6000000010192205482
Q25196750	6000000132442563890
Q25196752	6000000150346321830
Q25197366	6000000076856404161
Q2519739	6000000099197794974
Q2519779	6000000015669352776
Q2519798	6000000175191217144
Q251980	6000000134599052915
Q2519867	6000000020669215307
Q2519938	6000000023979955054
Q2520014	6000000103442750844
Q2520044	6000000015150355492
Q25202756	6000000012503437414
Q2520299	6000000046559388910
Q252033	6000000071860454896
Q2520376	6000000179296804832
Q252043	6000000013407362629
Q2520510	6000000013719599552
Q2520600	6000000158559386828
Q25206000	6000000075429921882
Q2520674	6000000037698930622
Q2520700	6000000082724429185
Q252082	6000000066365335865
Q2520822	6000000011327724638
Q25208397	6000000003827438409
Q25208662	6000000006563284526
Q2520950	6000000004396663427
Q25209524	6000000074701213081
Q25209598	6000000015212239995
Q2520997	6000000039325695989
Q252126	6000000000097740141
Q252130	6000000181480406911
Q252131	6000000021355526478
Q2521389	6000000152236088837
Q252142	6000000037753026186
Q25214368	6000000005778028676
Q2521512	6000000046719855828
Q2521523	6000000000172750514
Q2521540	6000000006803712071
Q2521584	6000000017558016063
Q2521825	6000000013629301248
Q2521827	6000000057545384824
Q2521862	6000000002622905841
Q2521868	6000000039969798862
Q2521871	6000000009544534834
Q2521911	6000000001863346413
Q2521930	6000000041373562841
Q2521948	6000000004654933352
Q2521979	6000000172942147663
Q25221854	6000000029700361947
Q2522229	6000000035827830602
Q2522255	6000000015019938893
Q2522256	6000000021294117436
Q252228	6000000151119232896
Q2522370	6000000033767577631
Q2522387	6000000064771090122
Q2522422	6000000061242856861
Q252248	6000000186278188683
Q2522486	6000000053602621868
Q2522553	6000000194694673833
Q2522555	6000000185020851823
Q25225632	6000000178484960854
Q2522614	6000000044362777262
Q2522634	6000000092342675925
Q2522644	6000000172920773376
Q2522651	6000000024433946933
Q2522689	6000000114608608949
Q2522828	6000000218644898864
Q2522855	6000000019378446914
Q252290	6000000018058695195
Q252301	6000000013153614307
Q252311	6000000000347305339
Q25231201	6000000022348998312
Q2523476	6000000024785943410
Q2523993	6000000096329198031
Q2524039	6000000145520618901
Q2524065	6000000026936747747
Q2524110	6000000007111522098
Q252414	6000000024959030924
Q2524207	6000000025863035785
Q252421	6000000016821106651
Q2524210	6000000025429171244
Q2524221	6000000016183786111
Q2524222	6000000173134847847
Q2524235	6000000017124911322
Q2524239	6000000086325931840
Q2524248	6000000069459392031
Q2524257	6000000168985187934
Q2524286	6000000176303813825
Q2524300	6000000017185652396
Q2524322	6000000068656579842
Q2524329	6000000018954862723
Q252436	6000000142823618821
Q2524404	6000000015812590363
Q2524424	6000000043481429952
Q2524441	6000000178512286913
Q2524442	6000000000029617414
Q2524458	6000000023963591961
Q2524461	6000000072243730224
Q2524463	6000000031632288975
Q252449	6000000026201331890
Q2524503	6000000010288347901
Q25245515	6000000024799557824
Q252476	6000000054832990927
Q252487	6000000180786482027
Q25249275	6000000074751283924
Q25249301	6000000048235541846
Q2525014	6000000000569463126
Q2525166	6000000012676949673
Q252519	4762576078190073148
Q2525208	6000000004016039419
Q2525236	6000000057740933933
Q252527	6000000132463025160
Q2525315	6000000058149161888
Q2525584	6000000003102053738
Q252569	6000000010410618938
Q2525746	6000000002188453424
Q2525789	6000000156485915825
Q2525801	6000000006375166618
Q2525824	6000000183098791831
Q2525920	6000000094300227967
Q2526165	6000000010741968242
Q25262206	6000000034648703821
Q2526266	6000000084654253300
Q2526277	6000000010931847550
Q2526281	6000000002176265383
Q2526366	6000000077314907711
Q252640	6000000019856450020
Q2526401	6000000010505224215
Q25264304	6000000055218835915
Q2526438	6000000097698183854
Q2526443	6000000031147910530
Q25265024	6000000127630000019
Q2526510	6000000053438347916
Q252657	6000000000216627758
Q25265937	6000000176543546827
Q2526706	4245819873070061926
Q2526733	6000000056444109289
Q25267503	6000000074081096424
Q2526792	6000000010339827200
Q2526821	6000000180886692856
Q2526835	6000000071438300129
Q2526867	6000000145002770172
Q2526916	6000000008628285368
Q2526946	6000000080179994046
Q2526977	6000000156922412892
Q2526983	6000000166007804993
Q2527217	6000000069639087845
Q2527249	6000000025359414423
Q252725	6000000082362733018
Q25273105	6000000143251133842
Q2527335	6000000027066365469
Q2527336	6000000019629759133
Q2527338	6000000016290172545
Q2527342	5119671559010045041
Q2527387	6000000182427024853
Q252739	6000000013203215103
Q2527417	6000000078418098808
Q2527461	6000000004671579460
Q252749	6000000030527533046
Q2527666	6000000023754514518
Q2527669	6000000034394690661
Q2527720	6000000157501147834
Q2527743	6000000026448797673
Q252776	6000000007235453472
Q25277838	6000000209156058848
Q2527794	6000000003772702856
Q2528086	6000000015802198386
Q2528299	6000000184320490927
Q2528338	6000000176470140923
Q2528543	6000000060799358884
Q252856	6000000034390071942
Q2528615	6000000002408295920
Q2528692	6000000000242204623
Q2528769	6000000026867523776
Q2528860	6000000017016600187
Q2528867	6000000166782217834
Q2528876	4273910674210056047
Q2529003	6000000007061552128
Q2529133	6000000026012532812
Q252919	6000000021966562035
Q2529254	6000000059853443962
Q252932	6000000012600787338
Q2529326	6000000136323808859
Q2529340	5154693897680122164
Q2529353	6000000125008589860
Q2529363	6000000008744496704
Q2529406	6000000200413594930
Q2529433	6000000001765506494
Q2529459	6000000169026133398
Q2529493	6000000040763924136
Q25295120	6000000041157402724
Q2529631	6000000086486009833
Q2529643	6000000018077012740
Q2529798	6000000172237334216
Q2530	6000000047192274834
Q2530113	6000000011089944278
Q2530306	6000000054787172921
Q2530379	6000000022875446123
Q2530426	6000000010423111374
Q2530447	6000000025621469850
Q25304534	6000000019666733570
Q25304573	6000000116763969870
Q2530593	6000000024365429720
Q253070	6000000014189633373
Q2530706	6000000036170171327
Q2530715	6000000011832736343
Q253073	6000000008354648958
Q2530780	6000000037833235909
Q2530865	6000000036623030667
Q2530897	6000000017387402050
Q253098	6000000118007852821
Q25310	6000000003098455001
Q2531270	6000000121561566020
Q2531274	6000000031060640857
Q2531338	6000000017136257872
Q2531480	6000000001412926572
Q2531564	6000000001075368384
Q2531642	6000000008274632924
Q2531683	6000000089115348994
Q253183	6000000141950801837
Q2531866	6000000011552414859
Q253192	6000000019768151578
Q25320	4756230869880080757
Q25323625	6000000080890888932
Q25323644	6000000026805713171
Q25323648	6000000020623712151
Q25324684	6000000048803047859
Q2532470	6000000016182259342
Q2532476	6000000035162536030
Q2532628	6000000039334300152
Q2532632	6000000014349086293
Q2532665	6000000187359395845
Q25328	6000000077408289949
Q2532803	6000000020938848049
Q253282	6000000002435538942
Q2532829	6000000084727972425
Q253298	5068701745780133932
Q253308	6000000015735453083
Q2533103	6000000017197228104
Q2533231	6000000018109376563
Q253328	6000000006823919437
Q2533394	6000000063157234108
Q253343	6000000048657867931
Q2533570	6000000002188453777
Q253364	6000000021578690530
Q2533690	6000000017387157480
Q25336904	6000000069375348012
Q25337127	6000000030939518405
Q25337128	6000000023096313046
Q253384	6000000000846296919
Q253395	6000000002744516223
Q25340062	4917466966600024660
Q25340688	6000000007377496431
Q2534120	6000000008562320767
Q2534165	6000000016530533112
Q25342386	6000000078634765985
Q25342387	6000000013516291709
Q25342397	6000000012747786508
Q25342415	6000000007499099014
Q25342656	6000000005789112902
Q25343268	6000000067664875822
Q25344091	6000000013030386342
Q25344436	6000000003827451485
Q25344529	6000000012659465465
Q25344530	6000000012659129757
Q25344533	6000000024978239137
Q25344736	6000000026039029121
Q25344927	6000000000544303265
Q253450	6000000137845158848
Q253453	6000000010910265433
Q253462	6000000074656204855
Q2534634	6000000017935385200
Q2534734	6000000043033888631
Q2534736	4540906
Q253476	6000000011239532399
Q2534811	6000000064920036910
Q253490	6000000038237580621
Q25349963	6000000172024741207
Q25350098	6000000004868237408
Q25350126	6000000010977416948
Q25350443	6000000009664753451
Q25350774	5569860460610039328
Q25351	6000000013141101808
Q2535128	6000000132554038181
Q253513	6000000018702197799
Q253515	6000000010245060167
Q2535161	6000000183502213913
Q2535281	6000000008115077352
Q2535367	6000000058308712180
Q2535504	6000000001781318226
Q2535512	6000000000701219106
Q253553	6000000016012863380
Q2535545	6000000177394752841
Q253557	4519613
Q253561	6000000029703307533
Q25356678	6000000003827618116
Q2535718	6000000086409330829
Q2535826	6000000038941757692
Q253583	6000000050082808094
Q2535852	6000000202506411825
Q2535855	6000000026095272574
Q2535954	6000000016553256593
Q2535968	6000000006146270208
Q253612	6000000008516540025
Q2536143	6000000012034292335
Q2536187	6000000075907452822
Q2536227	6000000041801968170
Q2536262	6000000178955260842
Q2536286	6000000091257849913
Q253652	6000000015201791951
Q25366209	6000000178696094853
Q2536629	6000000040151179942
Q2536637	6000000071310252150
Q2536669	6000000036057620919
Q2536700	6000000168665579283
Q2536717	6000000018840474672
Q2536720	6000000001091809140
Q2536724	6000000033668952001
Q25369	6000000041222299849
Q2536977	6000000031131902950
Q25370462	6000000002797429054
Q25370468	6000000026726372964
Q2537149	6000000029038368703
Q2537215	6000000003232583711
Q253723	6000000014827237457
Q253723	6000000184459262840
Q2537282	6000000150684485860
Q2537286	6000000011787526724
Q25373207	6000000041253264578
Q25374115	6000000141075386247
Q25374209	6000000070445100870
Q25374253	6000000112298912904
Q2537721	6000000015742645079
Q253777	6000000177428802842
Q253796	6000000007329537616
Q253805	6000000002930021061
Q2538082	6000000008799881486
Q253813	6000000179756333919
Q253814	6000000003493135636
Q2538149	6000000187985637860
Q253841	6000000178008010821
Q25384838	6000000024399993132
Q2538541	6000000057599758184
Q2538629	6000000000176587458
Q253864	6000000158184537821
Q25388596	6000000009757417680
Q2538934	6000000000868271045
Q25390593	6000000025969766299
Q253906	6000000020291752540
Q25390772	6000000035634173690
Q2539085	6000000018128642758
Q253916	6000000015921343426
Q253919	6000000124419916908
Q25392479	6000000039673963150
Q253934	6000000038414769089
Q2539356	6000000179044474931
Q2539369	6000000011560025725
Q2539391	6000000069654865999
Q25394374	6000000013970500593
Q253959	6000000094321777854
Q2539616	6000000036315537195
Q25397166	6000000034026722233
Q2539774	6000000059989324844
Q2539796	6000000042976266529
Q2539961	6000000024248282134
Q253998	6000000007424503667
Q254	6000000002454309450
Q254004	6000000067156259851
Q2540254	6000000011056561195
Q25403179	6000000010153295437
Q25403297	6000000163423388098
Q254038	6000000017701200666
Q2540575	6000000049457758873
Q2540592	6000000016188898111
Q254060	6000000003219727821
Q254068	6000000007980390760
Q25407061	6000000075403325853
Q2540771	6000000022448765080
Q25408199	6000000020759324216
Q254085	6000000003232579919
Q25409205	6000000065331566826
Q25409477	6000000007690132510
Q254095	6000000120626993849
Q2541050	6000000098102823028
Q2541061	379852705440007311
Q25410763	6000000082400718892
Q25410824	6000000004967788664
Q2541120	6000000001712929345
Q254114	6000000100323989843
Q254127	6000000003004980739
Q2541297	6000000016163403175
Q25413229	6000000106596941067
Q2541329	6000000016092739814
Q2541337	6000000014202209590
Q2541353	6000000035944089922
Q2541396	6000000024809099121
Q254142	4733225237150080602
Q25414258	6000000016416853215
Q2541430	6000000029146270849
Q2541445	6000000063006050878
Q25415140	6000000175777507823
Q25415156	6000000002245007753
Q25415507	6000000011716674559
Q2541552	6000000021213840399
Q25415783	6000000011526419467
Q2541751	6000000015335038829
Q25417953	6000000074791005845
Q25418060	6000000074699169929
Q25418060	6000000075428592866
Q25418097	6000000074685314897
Q25418103	6000000074738054977
Q25418104	6000000074738363843
Q25418627	6000000013539048700
Q2541984	6000000003977155744
Q2541985	6000000001402344561
Q2541998	6000000026757005046
Q25419987	6000000183590229875
Q2542	6000000009763829199
Q25420257	6000000012400023394
Q254205	6000000075781943828
Q2542068	6000000003122450833
Q2542089	6000000009052299597
Q254215	6000000010559641003
Q2542154	6000000009398035203
Q2542165	6000000041258952318
Q2542168	6000000051308450976
Q254220	6000000071273791921
Q25422096	6000000021870631710
Q25422116	6000000025414824697
Q2542217	6000000126581877822
Q254227	4401155508280123683
Q2542355	6000000008242143589
Q2542370	6000000018347719222
Q25424494	6000000003358658474
Q25424575	6000000022155347469
Q25424981	6000000011622106641
Q25425139	6000000015213971372
Q25425317	6000000006436162121
Q25425422	4884467538290057772
Q25426037	6000000105285953182
Q25426404	6000000046839971020
Q25426984	6000000019210100276
Q25427013	6000000011947450329
Q25427025	6000000035735124826
Q25427101	5598058475110115133
Q25427150	6000000008018004949
Q25427275	6000000003779365134
Q25427278	6000000148119227895
Q25427369	6000000014827601811
Q254275	6000000001956369826
Q2542756	6000000013269662635
Q25427916	6000000179696800836
Q25427977	6000000016168601433
Q25428034	6000000207594043989
Q25428220	6000000012569404304
Q25428454	6000000000954397414
Q25428744	6000000018166005317
Q254289	6000000064158974945
Q2542900	6000000002799082427
Q2542932	6000000018081884224
Q25429562	6000000030129096176
Q25429747	6000000008696776862
Q25430026	6000000036620644556
Q25430294	6000000002003650757
Q254305	6000000182579726888
Q25430629	6000000021466435002
Q25430732	6000000011723135210
Q25430940	6000000001801008263
Q2543106	6000000027696497107
Q25431234	6000000007537973210
Q2543131	6000000002463447855
Q25431453	6000000001762285009
Q2543183	6000000055551973831
Q25431909	6000000079477195485
Q254322	6000000064391600974
Q254323	6000000013319066167
Q2543297	6000000052641367019
Q2543335	6000000008552505146
Q25433444	6000000206322489822
Q2543402	6000000025295424955
Q2543459	6000000182670397900
Q25434655	6000000187654241873
Q2543471	6000000015672787724
Q2543492	6000000018441437624
Q2543495	6000000113948766412
Q25434995	6000000018265018235
Q25435096	6000000014033641979
Q254352	6000000022995930842
Q25435338	6000000010149535987
Q25435408	6000000014304320646
Q25435496	6000000042436371846
Q25435531	6000000002831654113
Q25435537	6000000032021148936
Q25435542	6000000018705957842
Q25435566	6000000026532836445
Q2543566	6000000173843466178
Q2543651	6000000103835181499
Q25436737	6000000090936237824
Q2543687	6000000010847030546
Q25437206	6000000203015078823
Q254376	6000000027060748587
Q2543823	6000000157128282821
Q254383	6000000010802504127
Q2543843	6000000015729826694
Q25438468	5234143303080064627
Q25438475	6000000021845218754
Q2543901	6000000068514085897
Q2543908	6000000023116509675
Q25439111	6000000086754651924
Q254392	6000000038265183365
Q2543934	6000000033995645543
Q2543936	6000000067012452962
Q25439582	6000000015755517799
Q2543970	6000000002764435928
Q25439720	6000000004129363753
Q2543983	6000000128305192849
Q25439843	6000000009035751840
Q2544051	6000000019057381156
Q25440989	6000000052582523967
Q2544103	6000000055523098991
Q254412	4603625
Q25441446	6000000048641420846
Q25441481	6000000040710711334
Q25441608	6000000024338157939
Q2544162	6000000039279520340
Q2544164	6000000029965451513
Q25442035	6000000009403677428
Q2544243	6000000172422258541
Q2544266	6000000033431684100
Q25442730	6000000015928049434
Q2544294	6000000090059556933
Q254431	3930888401630041327
Q2544313	6000000052413847821
Q2544332	6000000150668890115
Q2544441	6000000007801516206
Q254447	6000000004133131941
Q254451	6000000015316464324
Q2544573	6000000126269323879
Q254462	6000000068387041882
Q25446279	6000000036997324976
Q25446284	6000000015352741789
Q2544646	6000000010726496111
Q25446580	6000000197030481868
Q25446599	6000000015905096798
Q2544661	6000000041451336894
Q254468	6000000001819167901
Q2544704	6000000013031223330
Q25447642	6000000103676220218
Q25447685	6000000012320561456
Q254478	6000000017526707544
Q2544848	6000000165985400149
Q2544868	6000000000893001274
Q2544873	6000000183191424828
Q254488	6000000004088109015
Q2544896	6000000001529711567
Q254490	6000000037403473264
Q2544977	6000000035868788148
Q254500	6000000134375875867
Q2545012	6000000182597303908
Q2545033	6000000064839066863
Q254509	6000000166393690505
Q25451061	6000000002386299105
Q2545109	6000000061703331004
Q25451098	6000000018569000524
Q25451246	6000000008650935017
Q254518	6000000000609512288
Q25452045	6000000091792020833
Q2545208	6000000013175433561
Q2545224	6000000175656851842
Q254524	6000000015887522905
Q25452427	6000000000381438043
Q254527	6000000007286568206
Q2545287	6000000184222998831
Q25452915	6000000024290813629
Q2545325	6000000011433706950
Q2545340	6000000026729565022
Q25453416	6000000003555992317
Q2545343	6000000121378752885
Q25453547	6000000021104163626
Q2545387	6000000187182994828
Q2545396	6000000018447892362
Q25454048	6000000060301560870
Q25454104	6000000001016293800
Q25454139	6000000139461223558
Q25454150	6000000096049818856
Q25454183	6000000010724853303
Q25454198	6000000115178060952
Q25454220	6000000180393768856
Q25454274	6000000118016365825
Q25454300	6000000030990998119
Q25454342	6000000016063925628
Q25454350	6000000003213827689
Q25454353	6000000036903096379
Q25454373	6000000175214532187
Q25454426	6000000011780614260
Q25454444	6000000038206731039
Q25454453	6000000004139688645
Q25454469	6000000034797393120
Q25454495	6000000185095428868
Q25454525	6000000007169021330
Q2545487	6000000022016228053
Q25454907	6000000007372547375
Q25454922	6000000013695511239
Q2545502	6000000002713500473
Q25455059	6000000185571352368
Q25455134	6000000185578852963
Q254553	6000000013639386120
Q25455322	6000000185649762963
Q2545544	6000000029941891902
Q254563	4532877
Q2545673	283364094340006081
Q2545675	6000000020446381915
Q2545678	6000000017202478392
Q2545679	6000000181603551822
Q254571	6000000024641151872
Q2545721	6000000063358582935
Q25457231	6000000051584404855
Q254576	6000000025707239944
Q2545869	384796833760012489
Q2545870	6000000020933009698
Q254588	6000000080047595825
Q25458983	6000000178709617823
Q25459167	6000000000183008835
Q25459325	6000000020293253336
Q2545940	6000000037578843909
Q25459518	6000000078553219582
Q254596	6000000007357400598
Q2545966	6000000002764505470
Q2545982	6000000067601830906
Q254603	6000000027983479516
Q25460750	6000000036315600931
Q25460776	6000000003110822904
Q25461010	6000000001160221426
Q25461266	6000000005107769007
Q254613	6000000003365888340
Q25461644	6000000022205487420
Q2546191	6000000027662287684
Q254620	6000000024913699920
Q254625	6000000002100128567
Q2546263	6000000015049277359
Q254629	6000000008510282744
Q2546368	6000000175031038698
Q2546375	6000000028647478537
Q2546400	6000000021079858590
Q2546447	6000000006565736888
Q2546472	6000000040099600033
Q25465206	6000000036446060429
Q25465497	6000000126009187940
Q25465674	6000000034168926159
Q25465675	6000000042159085854
Q25465762	6000000020666525877
Q25465885	6000000058464666046
Q254659	6000000010458909947
Q2546600	6000000014072443916
Q2546603	6000000071944551928
Q2546620	6000000039350784116
Q25466316	6000000078931698985
Q25466354	6000000025742219925
Q2546654	6000000016187563072
Q25466573	6000000024744313091
Q25466574	6000000017895310563
Q2546670	6000000038219637443
Q2546674	6000000031047026153
Q2546676	6000000008836202165
Q2546680	6000000184335962847
Q25466896	6000000023963465834
Q25467027	6000000177475016827
Q25467079	6000000015752720928
Q25467209	6000000026384016631
Q25467221	6000000014685520745
Q25467251	6000000011085710888
Q25467256	6000000011086662033
Q25467264	6000000011086995712
Q25467293	6000000004860167145
Q2546745	6000000042261750271
Q254675	6000000003219749843
Q2546756	6000000035665884544
Q25467718	6000000038457146884
Q2546775	6000000020518768991
Q25467894	6000000010336316814
Q2546798	6000000044656679979
Q2546812	6000000019196684286
Q2546824	6000000000415067344
Q25468262	6000000017627492242
Q25468456	6000000010982105111
Q25468523	6000000019344803368
Q25468657	6000000049219611031
Q25468676	6000000021559139354
Q25468784	6000000021316171235
Q25468793	6000000111138414896
Q2546916	6000000042187940808
Q2546923	6000000082438706145
Q2546927	6000000017259000623
Q2546932	6000000059132239857
Q2546934	6000000011821061145
Q2546952	6000000077323718561
Q2546959	6000000018408669044
Q2546993	6000000000856604272
Q2547070	6000000129325328625
Q2547112	6000000014426725783
Q2547134	6000000009075807999
Q2547164	6000000125266212847
Q2547211	6000000178125658846
Q2547220	6000000021540697703
Q254737	6000000009862067682
Q254738	6000000018057044342
Q2547386	6000000017419014460
Q2547404	6000000182784090829
Q254748	6000000029598042956
Q2547486	6000000010693681260
Q2547502	6000000016615644862
Q2547505	6000000024685541245
Q25475158	6000000177058427873
Q2547534	6000000063168189881
Q2547540	6000000058026836892
Q2547557	6000000031759366183
Q25475643	6000000131266738854
Q25476224	6000000004397662166
Q2547655	6000000077276371829
Q25477376	6000000029001887382
Q25477988	6000000180236881823
Q25478055	6000000007948486482
Q25478064	6000000004053729272
Q2547813	6000000063786468235
Q2547837	6000000178721554832
Q25478433	6000000034821729095
Q25478657	6000000029242598401
Q25478761	6000000018001127771
Q2547878	6000000021134661047
Q254789	6000000010023021303
Q254793	6000000123743769836
Q25479402	6000000001444551313
Q254798	6000000049805840926
Q254804	4552734869120082539
Q25480452	6000000004680769671
Q25480685	6000000004533200040
Q2548090	6000000075929957120
Q25481	6000000045684953984
Q2548209	6000000005942676791
Q254828	6000000009925794915
Q25483	6000000040050365475
Q25483915	6000000003828254510
Q2548443	6000000126689354832
Q254858	6000000036460333935
Q2548588	6000000006128354680
Q2548685	6000000015260329439
Q25487057	6000000006727796292
Q25487313	6000000013970329818
Q2548961	6000000034955064181
Q25489815	6000000008174542449
Q25489897	6000000015646259868
Q25490060	6000000086373050017
Q25490109	6000000112916132940
Q25490197	6000000004318178158
Q25490251	6000000018481430051
Q25490323	6000000009721245625
Q25490365	6000000056730435147
Q25490404	6000000086409624518
Q25490622	6000000014542982827
Q25490690	6000000008199341970
Q25490732	6000000007617042739
Q25490805	6000000006712234309
Q25491223	6000000023329402983
Q25491315	6000000010762950751
Q25491578	6000000065944826821
Q25491942	6000000021620102826
Q254921	6000000181942621822
Q25492367	6000000006712180695
Q25492377	6000000006712251996
Q254924	6000000073631021008
Q25492576	6000000091993221945
Q25492786	6000000006712170136
Q25492933	6000000010187328374
Q25494	6000000019234086314
Q25494240	4609687
Q254947	6000000000782386013
Q2549479	6000000019316017184
Q25494876	6000000023207564411
Q25495289	6000000007988870800
Q254954	6000000047801936861
Q254962	6000000178301423866
Q25496231	6000000025631230492
Q25496816	4967761431220069638
Q2549690	6000000065061865897
Q2549759	6000000074827632992
Q2549768	6000000007743029568
Q2549778	6000000020907443749
Q2549786	6000000177122427880
Q2549791	6000000002188450102
Q25498103	6000000012225198426
Q2549811	6000000015006432050
Q25498237	6000000081766618047
Q254983	6000000008219813149
Q25498747	4004845
Q25498761	6000000012224200910
Q25499231	6000000027128953165
Q2549951	6000000082654526107
Q25499525	6000000173611523722
Q255	6000000009471443790
Q25500253	6000000021354624781
Q25500487	6000000073366621607
Q255005	6000000008542163914
Q25500664	6000000157953857839
Q2550078	6000000189082235835
Q25500906	6000000052180694834
Q25500927	6000000022174033769
Q25500930	6000000024792909308
Q2550097	6000000078954643059
Q25501360	6000000050270429221
Q255016	6000000023851896893
Q2550245	6000000014274767732
Q2550274	6000000013269414977
Q2550280	301294743270001625
Q255033	6000000000307249172
Q2550409	6000000017962839017
Q2550417	6000000022424072346
Q2550486	6000000090950768954
Q25506606	6000000177907091841
Q255085	6000000002451668097
Q2550866	6000000014245108091
Q255099	6000000179698494872
Q2551043	6000000016191256336
Q255115	6000000001432540189
Q2551167	6000000016501643984
Q2551176	6000000002188458292
Q2551247	6000000004107692484
Q25512518	6000000000637332038
Q255129	6000000001053428491
Q255131	6000000058464803947
Q25514	6000000056429198189
Q255146	6000000082055945884
Q2551465	6000000015387007703
Q2551583	6000000001095376277
Q255159	6000000006580558070
Q2551650	6000000009134991508
Q255169	6000000002138828166
Q2551765	6000000060375838821
Q255184	6000000002805481144
Q2551887	6000000006569881459
Q255190	6000000000977706307
Q2551919	6000000080061662063
Q2552010	6000000037251798163
Q2552167	6000000038900591044
Q25523025	6000000171968697821
Q255243	4371850368010014644
Q255253	6000000016206595209
Q255261	6000000017250873005
Q2552618	6000000007345879766
Q255268	6000000048942619331
Q2552694	6000000029621505826
Q2552750	6000000033633681907
Q2552826	6000000003615813458
Q2552851	6000000003766478009
Q2552902	6000000113094270849
Q255293	6000000135747547845
Q255294	6000000011069596924
Q2553082	6000000000148730616
Q255310	6000000003076390153
Q25531071	4873371590060060310
Q255323	6000000047189299473
Q2553364	6000000015886632053
Q25534571	6000000112087948098
Q255347	6000000019057415256
Q255359	6000000009056069748
Q2553789	5259940388980072787
Q2553812	6000000024345970902
Q255382	6000000001185659897
Q255389	6000000003219792615
Q2553940	6000000024861538858
Q2553989	6000000038186263835
Q2554272	6000000018096397368
Q25543	6000000003484270322
Q2554430	6000000014428401335
Q2554450	6000000009786785519
Q2554494	6000000017961814425
Q255457	6000000010154396829
Q2554647	6000000195712179853
Q2554665	6000000021526479456
Q2554704	6000000037627941203
Q2554748	6000000013394474858
Q2554878	6000000017231235624
Q255492	368231504870012913
Q2554952	6000000013635646100
Q2554967	6000000018114311290
Q2555120	6000000012903385427
Q255518	6000000044441116858
Q2555308	6000000168188024945
Q2555359	6000000016603943374
Q25553887	6000000030828560857
Q2555473	6000000009419042403
Q255549	6000000027686647383
Q25555334	6000000018788076826
Q25555582	6000000029897940430
Q2555623	6000000029057105063
Q255565	6000000015884295005
Q2555711	6000000014616146679
Q255577	6000000027929163021
Q25559009	6000000034745174981
Q255591	6000000021439469870
Q255593	6000000140994438998
Q255608	6000000094627048947
Q255611	6000000006900390070
Q2556143	6000000006710066187
Q255620	6000000009646290472
Q2556248	6000000003574235264
Q255628	6000000002765038811
Q255630	6000000027049570686
Q255635	6000000016438465555
Q2556465	6000000002188440144
Q255651	6000000027921135781
Q2556545	6000000011639164453
Q255657	6000000000701017678
Q255662	6000000037103882400
Q255675	6000000080878222897
Q255678	6000000073114469069
Q255679	6000000002708267727
Q25568	6000000044271727885
Q255682	6000000180525727823
Q25569	6000000046711963945
Q255704	6000000000307254948
Q2557082	6000000012748627555
Q2557180	6000000008221776909
Q2557199	6000000133493243898
Q2557203	6000000036716045451
Q2557398	6000000002264695496
Q2557471	6000000177418873822
Q2557493	6000000016381822195
Q2557512	6000000029220595578
Q2557534	6000000013296761273
Q255759	6000000000307282489
Q2557669	6000000013640896463
Q25577586	6000000080211937142
Q2557801	6000000015522550226
Q255786	6000000010734582759
Q255788	6000000020204617990
Q2557893	6000000181932486844
Q255794	6000000179724052854
Q255800	6000000029370484914
Q255815	6000000009288968039
Q2558294	6000000017459939205
Q255832	4997270127070082765
Q255842	367937292870011237
Q25584410	6000000109379650836
Q255846	6000000070184429930
Q2558529	6000000007277961299
Q255854	6000000200502698823
Q25585571	6000000056376107975
Q2558572	6000000004594270089
Q2558628	6000000027175401866
Q255883	6000000049097131023
Q2558838	6000000079280935777
Q2558858	6000000006795707701
Q2558976	6000000141559967163
Q2559046	6000000181941269917
Q25591120	6000000029005791383
Q25591827	6000000014715948098
Q25591845	6000000018626298017
Q255934	6000000027984540463
Q255945	6000000066006153870
Q25594677	6000000052866049905
Q255947	6000000009397284089
Q2559487	6000000021887345501
Q255953	6000000003160056743
Q2559532	6000000111508902832
Q2559608	6000000032607244843
Q255967	6000000037014374706
Q2559671	6000000185632359843
Q2559738	6000000065328958932
Q2559747	6000000017266449154
Q2559750	6000000112671317966
Q2559763	6000000017671687031
Q2559765	6000000062812428873
Q2559778	6000000007395681235
Q2559798	6000000016396354150
Q2559853	6000000180953112821
Q255988	6000000043485250950
Q256038	6000000048900216836
Q256042	6000000071779165824
Q2560493	6000000003948581046
Q256054	6000000079455656866
Q2560665	6000000006817989017
Q2560676	6000000179924637825
Q256073	6000000012517401986
Q2560744	6000000024450143930
Q256075	6000000000140062947
Q2560836	6000000180425678910
Q2560871	6000000000420209452
Q2560882	6000000151949518838
Q2560894	6000000006705842207
Q2560901	6000000077149188381
Q2561085	6000000036759114498
Q2561089	6000000057008100042
Q2561133	6000000010311357096
Q2561166	6000000124054143839
Q256117	6000000022016916026
Q2561204	6000000152083704821
Q25612981	6000000037101379218
Q25613224	6000000002898190701
Q2561340	6000000022387336698
Q256139	6000000003657154600
Q2561465	6000000016713424969
Q2561470	6000000036923792218
Q25615104	6000000006566203001
Q25615608	6000000023799856128
Q2561569	6000000057841988169
Q2561572	6000000015443084272
Q2561593	6000000001827562166
Q256164	6000000034510941922
Q2561640	6000000002336464294
Q25616678	6000000021159412605
Q2561668	6000000002185016741
Q25616769	6000000050925994723
Q256181	6000000017719016517
Q2561833	6000000008907971226
Q2561928	326375698070004010
Q2561974	6000000181912430863
Q2561995	6000000172516426211
Q256207	5020433414550110596
Q2562102	6000000016957797825
Q2562144	6000000003614586764
Q25621918	6000000012462265392
Q25621951	6000000091005033996
Q2562198	6000000004003588763
Q25622081	6000000134970142074
Q2562213	6000000026135777871
Q256225	6000000124266240949
Q2562334	6000000021314246854
Q2562396	6000000009122207369
Q2562438	6000000204326910831
Q2562468	6000000066577245905
Q2562487	6000000157308396822
Q256249	6000000025636145192
Q2562528	6000000007329641925
Q2562632	6000000007215521289
Q2562660	6000000007496822542
Q2562827	304518393280001767
Q2562833	6000000171523443015
Q2562861	6000000029656805508
Q2562867	6000000022487907010
Q2562871	6000000001387999095
Q2562974	6000000176069859839
Q2562978	6000000044141945910
Q2562995	6000000059567041068
Q2563	6000000056933534978
Q2563018	6000000064030701839
Q2563069	6000000058364465535
Q2563076	6000000138939702083
Q2563081	6000000014328095834
Q2563083	6000000073597667952
Q25631002	6000000033709232874
Q25631178	6000000046281742097
Q25631181	6000000038060009638
Q25631198	6000000012954287877
Q25631215	6000000030167545384
Q2563141	6000000017866402213
Q256327	6000000147684724845
Q2563324	6000000031174177771
Q256334	6000000050090920825
Q2563458	6000000004248967822
Q25634877	6000000065406204825
Q25635029	6000000022765070828
Q256354	6000000141162031884
Q25635533	6000000006712248118
Q25635675	6000000002861189227
Q25635706	6000000001481946700
Q25636215	6000000001959019834
Q25636446	6000000003758236222
Q25636470	6000000001915630616
Q25636620	6000000018681242076
Q2563720	6000000041000893323
Q2563750	6000000014159500846
Q2563751	6000000121444247967
Q256380	6000000032100395329
Q256388	6000000182815608836
Q2563987	6000000026338876543
Q2563996	6000000003356781353
Q2564004	6000000153485637959
Q2564045	6000000054009933852
Q2564070	6000000006127564236
Q2564079	6000000000839883700
Q256411	6000000012827084258
Q256412	6000000026779854897
Q256412	6000000043278200808
Q2564168	6000000012310381952
Q2564275	6000000014274080206
Q2564339	5019292026140066635
Q2564387	6000000024655695698
Q2564447	6000000015479017231
Q2564613	6000000027326857233
Q256466	6000000180618905875
Q2564670	6000000039817914321
Q256474	6000000179314185821
Q2564751	6000000181043246822
Q2564792	6000000020432682257
Q2564806	6000000134043157821
Q25649	6000000044167688302
Q2565025	6000000011639036662
Q2565056	6000000043112653124
Q2565094	6000000040850422107
Q2565130	6000000014049245234
Q256517	6000000047942024834
Q25652355	6000000015285568896
Q2565239	6000000202673496845
Q25652414	6000000001727937138
Q25652422	6000000034879397858
Q25652426	6000000012902882749
Q25652428	6000000038651608565
Q256525	6000000114922516125
Q256562	6000000003867671476
Q2565653	6000000225477704825
Q25657686	4397221629690070938
Q25657806	4397203704460070469
Q2565838	6000000022442147164
Q25659297	6000000171745719684
Q2566	6000000016272518811
Q2566025	6000000075693022929
Q2566120	6000000083671930063
Q2566141	6000000007963528618
Q2566176	6000000165983334152
Q2566180	6000000021533177420
Q2566200	6000000017920694234
Q2566243	6000000037620358011
Q2566308	6000000060750246916
Q256631	6000000014973392834
Q256638	6000000001545757264
Q2566534	6000000002028689065
Q256656	6000000167254011959
Q256663	6000000007336586390
Q2566641	6000000029299797001
Q2566648	6000000031057331021
Q256666	6000000048618922886
Q2566694	6000000011078876408
Q25668402	6000000019482975927
Q2566853	6000000010109464152
Q2566892	6000000037450493062
Q2567	4498171
Q256701	6000000001504248104
Q2567012	6000000074904624925
Q2567052	6000000020155754541
Q2567053	4180505337750040497
Q2567069	6000000007371123304
Q25672	6000000004139206008
Q256732	6000000002340688538
Q2567366	6000000057348189852
Q2567378	6000000127335007841
Q256738	6000000006918879410
Q25674243	6000000017240363907
Q256750	6000000051506072868
Q2567503	6000000015396093905
Q2567555	6000000011894704410
Q256776	6000000018843282848
Q2567825	6000000013122365791
Q256783	6000000005238304481
Q2567845	6000000057774028833
Q25679281	6000000022810172632
Q2568002	6000000014569706009
Q256809	6000000012302061211
Q2568090	6000000015579954755
Q2568102	6000000005093091771
Q256813	6000000036316477988
Q2568204	6000000121145471837
Q2568271	6000000014797143050
Q256830	6000000033181822821
Q2568377	6000000004096535834
Q256839	6000000032579450250
Q2568461	6000000088313963988
Q256856	6000000003570951930
Q2568579	6000000003313358828
Q25686094	6000000030391069832
Q2568612	6000000059850715525
Q25686690	375564584970012592
Q2568679	6000000029807462224
Q2568682	6000000019147838610
Q25686824	6000000008970912201
Q25687	6000000002024142341
Q256870	6000000008736140941
Q2568715	6000000013062918054
Q2568759	6000000016116742085
Q2568761	6000000055634126919
Q256878	6000000042061142865
Q2568803	6000000012974654851
Q2568857	6000000027743055956
Q2568863	6000000036884245072
Q25689	6000000002024142372
Q256893	6000000003932883163
Q2568967	6000000041903723000
Q2568971	6000000007391107792
Q2569	6000000127812081879
Q25690	6000000003219762813
Q2569191	6000000010090911378
Q256928	6000000050973465997
Q2569283	6000000015814347707
Q25693022	6000000030908005599
Q2569334	6000000022491833899
Q2569423	6000000016289121833
Q256945	6000000033980352482
Q256951	6000000001503997130
Q2569600	6000000021075865826
Q256968	6000000034898403821
Q2569741	6000000185337330865
Q2569893	6000000001188015020
Q2569904	6000000002175320897
Q2569906	6000000179745592891
Q2569930	6000000091264964836
Q2570023	6000000015519114469
Q257008	6000000135001212887
Q257015	6000000008179662687
Q2570162	6000000024479811518
Q2570166	6000000015829212197
Q2570299	6000000156257062849
Q25703039	6000000042123678414
Q2570318	6000000009148538181
Q2570320	6000000015467657005
Q2570339	6000000048753979854
Q25703528	6000000007690030957
Q25703766	6000000001788694984
Q25703771	5624595909650078364
Q2570394	6000000179747405821
Q2570642	6000000020552334380
Q257065	6000000082801436975
Q25706583	5260224321690083853
Q25706652	6000000004966012807
Q25706658	6000000145775032912
Q25706663	6000000055398700975
Q2570672	6000000020082094052
Q25707087	6000000052163390857
Q25707181	6000000043831473977
Q257076	6000000070299263222
Q2570772	6000000019544150368
Q257083	6000000012432480446
Q2571	6000000179965424870
Q25710360	6000000019889680669
Q2571058	6000000103348574837
Q257108	4776617516260027477
Q2571105	6000000018789066212
Q25711277	6000000196943427845
Q25711353	6000000018592355038
Q25711884	6000000052434666850
Q25712111	6000000060708796127
Q2571216	6000000018098301547
Q2571225	6000000000675624062
Q25712434	6000000015863423529
Q25712548	6000000075611199277
Q25712553	6000000075610364034
Q25712561	6000000137795641835
Q25712582	6000000042213636031
Q25712957	6000000146080855839
Q25712990	6000000011560913248
Q25712996	6000000010735255440
Q25712999	6000000021332599518
Q25713004	6000000023336961296
Q25713014	6000000002188453354
Q25713023	6000000023295317354
Q25713031	6000000031490312150
Q25713041	6000000017614500584
Q25714026	6000000073393626691
Q25714786	6000000041146692373
Q2571494	6000000017429745504
Q2571507	6000000002932613505
Q2571588	6000000002188425884
Q2571622	6000000021228638868
Q2571635	6000000002188464892
Q2571649	6000000022552041228
Q2571682	6000000034406085927
Q2571690	6000000032677036173
Q257170	6000000036859390596
Q2571711	6000000016300336929
Q2571718	6000000039674575497
Q2571724	6000000124797118822
Q2571759	6000000081180550518
Q2571765	6000000180876553921
Q2571767	6000000004079735325
Q2571779	6000000126413433835
Q2571819	6000000009378217950
Q2571845	6000000173591098892
Q2571899	6000000004389089879
Q2571916	6000000184633196821
Q2571919	6000000017629791678
Q2571943	6000000018253940879
Q2571953	6000000064489365320
Q2571957	6000000020558764833
Q2571987	6000000025680757606
Q2572018	6000000040228501812
Q2572019	6000000040228592403
Q2572023	6000000011949736666
Q2572057	6000000054474199968
Q2572060	6000000023524575924
Q2572084	6000000121189987876
Q257211	6000000042114388290
Q257217	6000000013239828384
Q2572245	6000000139692134137
Q2572247	6000000025607241105
Q2572249	6000000015810769292
Q2572267	6000000068562332851
Q257227	6000000000769944487
Q2572300	6000000085681410929
Q2572347	6000000023540335535
Q2572364	6000000010876709779
Q257237	6000000041926676721
Q2572377	6000000002188619291
Q2572401	6000000140796368821
Q2572456	6000000091403704150
Q2572501	6000000083990194852
Q2572539	6000000045130239068
Q2572604	6000000127342617984
Q257261	6000000017586994337
Q2572633	6000000008976887018
Q2572668	6000000022933137124
Q257271	6000000017016807585
Q2572718	6000000096915454840
Q2572742	6000000035893480065
Q2572764	6000000017723901523
Q257279	4482755872180031907
Q2572805	6000000086466715907
Q257286	6000000178506039821
Q2572882	6000000018369285258
Q2573060	6000000001530794260
Q2573074	6000000014687174167
Q257308	6000000176796876935
Q2573122	6000000048923381895
Q2573132	6000000014746461039
Q2573148	6000000025664094419
Q2573151	6000000132404907851
Q2573184	6000000060406730919
Q2573216	6000000023907700056
Q257322	6000000010791114762
Q2573238	6000000174554748062
Q2573256	6000000021354683245
Q2573278	6000000041985855316
Q2573292	6000000184181252862
Q257335	6000000092589841132
Q2573359	6000000003243318225
Q2573372	6000000179187268958
Q2573468	6000000003196880386
Q257349	6000000017220150887
Q2573490	6000000080237975970
Q2573515	6000000021175965102
Q2573548	6000000020305094052
Q2573602	6000000031969947458
Q2573609	6000000018936465570
Q2573616	6000000015286638252
Q2573620	6000000022387961953
Q2573683	6000000010422236360
Q2573686	6000000004271433449
Q2573694	6000000004271673409
Q2573702	6000000075927401986
Q2573709	6000000175768380896
Q2573722	6000000016727304283
Q2573789	6000000013248902792
Q2573806	6000000001712754713
Q25738203	6000000182240642831
Q2573843	6000000002765674000
Q2573882	6000000110568433993
Q2573894	6000000025030954607
Q2573909	6000000013184967729
Q2573956	6000000142442300992
Q2573976	6000000014327222373
Q2573989	6000000009925794741
Q2573996	6000000173709372871
Q2574008	6000000019000537376
Q2574022	6000000039435078014
Q2574055	6000000080110195912
Q2574101	6000000016623580160
Q2574119	6000000172341225880
Q2574230	6000000030698196693
Q25742406	6000000007175298234
Q25742529	86032
Q25742674	6000000029725603783
Q25742681	6000000010401634660
Q25742698	6000000182655085855
Q25742703	6000000057057866946
Q25742728	6000000002743058679
Q25742792	6000000001239012314
Q25742848	6000000019539527637
Q25742913	6000000072184060935
Q25742954	6000000065909337877
Q25743125	6000000025404324933
Q25743530	6000000011256645368
Q25743565	6000000018571690872
Q25743615	6000000010557130019
Q2574364	6000000042888093058
Q2574382	6000000014993832254
Q2574395	6000000033387166875
Q25743988	6000000027198682992
Q25744014	6000000017073413175
Q2574409	6000000076850903365
Q25744259	6000000006973866797
Q25744450	6000000008896106504
Q25744462	6000000002309844644
Q25744573	6000000008901776724
Q2574498	6000000002247049320
Q2574502	6000000128391371828
Q2574531	6000000176348661822
Q257456	6000000027541794098
Q2574568	6000000017942142254
Q257464	6000000003615615810
Q2574643	6000000056939106165
Q2574644	6000000017847021196
Q2574651	6000000163331299945
Q2574679	6000000040229225288
Q2574681	6000000040229424878
Q2574688	6000000126020416839
Q2574695	6000000048450286831
Q2574699	6000000004590241709
Q2574744	6000000013154086985
Q257483	6000000003169868088
Q25748389	6000000013804637660
Q257497	6000000009544801953
Q2574977	6000000044456104922
Q2575024	6000000037104661977
Q25750602	6000000003219799321
Q2575061	6000000027665311186
Q257510	6000000001479577848
Q2575138	6000000020352372998
Q2575175	6000000019210774263
Q2575177	6000000027288430208
Q2575181	6000000065870330834
Q25752088	6000000009057237228
Q25752116	6000000129593937893
Q25752292	6000000028684183642
Q2575252	6000000017786404952
Q2575256	6000000023162605887
Q25752830	6000000011927372712
Q25752877	6000000008517506438
Q25752963	6000000019224210274
Q2575299	6000000036367499798
Q25753034	6000000050652027826
Q25753153	6000000140124161826
Q2575330	6000000074673714846
Q2575369	6000000082441190944
Q2575378	6000000008239485081
Q2575404	6000000015760609321
Q257541	6000000003232549441
Q257544	6000000014884596661
Q2575463	6000000076574581982
Q2575472	6000000022629046545
Q2575479	6000000003482393673
Q2575540	6000000044642300944
Q2575593	6000000033018331793
Q2575656	6000000182879081880
Q2575665	6000000116544432086
Q2575683	6000000021186657500
Q257571	6000000002504762574
Q2575716	6000000030055412196
Q2575747	6000000005863198667
Q2575752	6000000017606387859
Q2575779	6000000021944581031
Q2575782	6000000013724907695
Q2575786	6000000015019196561
Q257579	6000000006444307257
Q2575794	6000000176970452885
Q2575806	6000000023855076542
Q2575807	6000000026936456472
Q2575818	6000000000909345046
Q2575824	6000000085403631563
Q2575826	6000000091684562166
Q2575846	6000000021473058092
Q2575850	6000000050174291865
Q2575859	6000000116526382889
Q257586	4023046765500121186
Q2575860	6000000015937901241
Q257587	6000000006727757771
Q2575879	6000000000796541289
Q2575883	6000000025708755392
Q2575887	6000000079938648024
Q2575909	6000000026762479064
Q2575917	6000000020843044158
Q2575921	6000000079243384299
Q2575925	6000000031229334213
Q2575934	6000000094820294828
Q2575948	6000000176166052856
Q257596	6000000007080003053
Q2575961	6000000096182285821
Q2575980	6000000133990474840
Q2575994	6000000023883747359
Q2576008	6000000011491641282
Q2576012	6000000082747537237
Q2576025	6000000016429606831
Q257604	6000000000769944520
Q2576043	6000000039348687641
Q2576048	6000000031230211840
Q2576056	6000000026903701898
Q2576062	6000000085392069838
Q2576083	6000000057831547230
Q2576088	6000000118408791828
Q2576089	6000000165529113854
Q2576096	6000000028176634272
Q257611	6000000013661771255
Q2576110	6000000016197988844
Q257612	6000000002188440432
Q2576122	6000000026867700661
Q2576125	6000000055577729844
Q2576127	6000000027014538297
Q2576130	6000000030379561715
Q2576132	6000000014216052311
Q2576135	6000000018725500109
Q2576159	6000000015511958597
Q2576205	6000000014038242251
Q2576246	317780690180006606
Q2576296	356782341950001250
Q2576449	6000000026012696338
Q2576458	6000000014255381657
Q2576536	6000000083357849388
Q2576578	6000000001387988352
Q2576581	6000000008488372829
Q2576609	6000000086989091821
Q2576613	6000000042153174759
Q2576633	6000000009350114272
Q2576640	6000000172704550562
Q2576645	6000000156804993822
Q2576646	6000000015259879028
Q2576654	6000000071181178885
Q257668	6000000040680633795
Q2576683	6000000091271901853
Q2576696	6000000037103539814
Q2576710	6000000037576406925
Q257672	6000000017370661069
Q2576720	6000000013692490782
Q2576726	6000000015964017020
Q2576729	6000000050304850058
Q2576733	6000000017914240721
Q2576762	6000000024122913913
Q2576768	6000000017414850357
Q2576811	6000000069461777415
Q25768135	6000000178087795823
Q2576903	6000000007612110164
Q257691	6000000070726562854
Q2576978	6000000020708513150
Q25770	6000000048964814852
Q257706	6000000002187837779
Q2577246	5232574556450079957
Q2577258	6000000011216767490
Q2577277	6000000171674971102
Q2577330	6000000030071127760
Q2577446	6000000016836840677
Q2577463	6000000015241973446
Q2577471	6000000000954642353
Q2577488	6000000019835043556
Q2577546	6000000031041525272
Q257756	6000000176978988824
Q25776	6000000001083806185
Q2577675	6000000015890917476
Q2577679	6000000003884955660
Q2577705	6000000015418040916
Q2577723	6000000000999293015
Q2577728	6000000035027521652
Q2577729	6000000178247101866
Q2577746	6000000020241409322
Q2577752	6000000034009278027
Q2577766	6000000058193617122
Q2577771	6000000042124133114
Q2577773	6000000043335162559
Q2577838	6000000014196931195
Q2577860	6000000034700881882
Q2577873	6000000020406996502
Q2577881	6000000172346933006
Q2577903	6000000023952401075
Q2577917	6000000037678067994
Q2577941	6000000037975533205
Q2577945	6000000020319629208
Q2577969	6000000003890799975
Q2577976	6000000114771900940
Q2577989	6000000007863680874
Q2577995	6000000006119559243
Q2578044	6000000033551773089
Q2578049	6000000009601398876
Q2578055	6000000070327127931
Q2578062	5393586856620082003
Q257808	6000000009687795332
Q2578087	6000000007791342915
Q2578095	6000000001661531259
Q2578112	6000000000921418056
Q2578132	6000000060126804840
Q2578160	6000000038199998201
Q2578161	6000000003646968129
Q2578164	6000000015049360594
Q2578175	6000000003914655886
Q2578196	6000000146737656821
Q2578226	6000000074194840984
Q2578234	6000000023117525622
Q2578236	6000000004079619749
Q2578239	6000000000222713833
Q2578259	6000000001690059100
Q2578292	6000000009929766629
Q2578310	6000000031993508154
Q2578317	6000000031747947344
Q2578329	6000000026326139590
Q2578346	6000000009022642155
Q2578354	6000000024333069315
Q2578372	6000000015084451596
Q2578393	6000000035421857006
Q2578399	6000000017698195488
Q2578400	6000000004652487349
Q2578405	6000000083810403890
Q2578413	6000000009888887627
Q2578420	6000000012629122397
Q257844	6000000184413196919
Q2578445	6000000033195211262
Q2578478	6000000033137383581
Q2578481	6000000000120242269
Q2578484	6000000000276160819
Q2578497	6000000012245581636
Q2578513	6000000040995216662
Q257852	6000000009836317934
Q2578542	6000000017016617179
Q2578553	6000000084269705184
Q2578579	6000000026176151830
Q2578583	6000000024543899392
Q2578588	6000000026679180764
Q2578600	6000000020931828088
Q2578606	6000000019099822729
Q2578633	6000000001319637196
Q2578650	6000000031910251990
Q2578654	6000000020624038373
Q2578657	6000000092314303845
Q2578668	6000000035986196151
Q2578675	6000000088232841986
Q2578697	6000000032077145897
Q2578714	6000000008231328756
Q2578718	6000000013598517365
Q257872	6000000089275145887
Q2578721	6000000025138961995
Q2578733	6000000032954793356
Q2578773	6000000026014317143
Q2578789	6000000024685627114
Q257879	6000000070728574271
Q2578795	6000000021489385269
Q2578797	6000000021621774026
Q2578804	6000000012424221067
Q2578809	6000000041932139444
Q257881	6000000011843728667
Q2578852	6000000012600557437
Q2578900	6000000061167719999
Q2578924	6000000075012090352
Q2578938	6000000053618902990
Q2578945	6000000013924948202
Q2578963	6000000005428647593
Q2578969	6000000041386527824
Q2578974	6000000020350462598
Q2578977	6000000037078799875
Q2578997	6000000008734331106
Q2579009	6000000020654549819
Q2579011	6000000013175890482
Q2579013	6000000011930891536
Q2579032	6000000002908998874
Q2579039	6000000026780167528
Q2579051	6000000022217045922
Q2579085	6000000018155933816
Q257911	6000000018894660665
Q2579111	6000000020378745205
Q2579129	6000000015291065348
Q2579148	6000000069583370868
Q2579151	6000000002926536702
Q2579164	6000000008269851184
Q2579174	6000000019143596903
Q2579189	6000000021860137149
Q2579192	6000000012437316789
Q2579199	6000000017567612562
Q2579199	6000000166386131136
Q2579204	6000000012285001826
Q2579208	6000000024432045311
Q2579212	6000000016994961204
Q2579225	6000000023821924123
Q2579242	6000000009618103049
Q2579245	6000000013942124555
Q2579248	6000000019626105464
Q2579255	6000000043438829656
Q2579261	6000000026199414956
Q2579280	6000000025139270392
Q2579303	6000000050508024988
Q2579334	6000000000893524376
Q2579340	371405995850011206
Q2579347	6000000017258649567
Q2579376	6000000035497186491
Q2579380	6000000016503686312
Q2579408	6000000007776506984
Q2579421	6000000009748131616
Q2579424	6000000186178651888
Q2579425	6000000075564887846
Q2579435	6000000029595013294
Q2579441	6000000019417378850
Q2579443	6000000012965101164
Q2579456	6000000010393700831
Q2579465	6000000019593278221
Q2579475	6000000065094472983
Q257948	6000000019172712589
Q2579480	6000000018161041744
Q2579518	6000000017875376943
Q2579525	6000000079143030251
Q257953	6000000010888403599
Q2579535	6000000068047828010
Q2579538	6000000001826431783
Q2579553	6000000042046544149
Q2579556	6000000066279678842
Q2579558	6000000056051257924
Q2579585	6000000182281152849
Q2579642	6000000013008867848
Q2579667	6000000027267851823
Q2579673	6000000093330171836
Q2579694	6000000017423964249
Q2579703	6000000017943479719
Q2579732	6000000012430714701
Q2579764	6000000004086643796
Q2579774	6000000009925112651
Q2579802	6000000027723136372
Q2579819	6000000038297430675
Q2579823	6000000016421282121
Q2579826	6000000040433760372
Q2579829	6000000013007916987
Q25798393	6000000025913991970
Q2579863	6000000087121915032
Q2579868	6000000002513752898
Q2579875	6000000019623182160
Q2579891	6000000011036559671
Q2579937	6000000039465427552
Q2579962	6000000012837297190
Q2579971	6000000020459514044
Q2579988	6000000004593191368
Q2580033	6000000018221663397
Q2580034	6000000019255848121
Q2580047	6000000042233042563
Q2580066	6000000008231139780
Q258008	6000000038743572398
Q2580098	6000000010011292576
Q2580100	6000000000954639825
Q2580121	6000000025833931885
Q2580131	6000000067535242849
Q2580137	6000000004095338012
Q2580155	6000000014358398109
Q2580170	6000000113132097844
Q258018	6000000017471236909
Q2580195	6000000023188364565
Q2580204	6000000016505556157
Q2580230	6000000015337023287
Q2580239	6000000020527100084
Q2580253	6000000006295792108
Q2580258	6000000055542558901
Q2580269	6000000009913003969
Q2580293	6000000151340331841
Q2580324	6000000015423676533
Q25803259	6000000013951445168
Q2580337	6000000011518049261
Q2580364	6000000038654162534
Q2580383	6000000003108467144
Q2580397	6000000034282853108
Q25803984	6000000123194341862
Q2580404	6000000016684739662
Q2580416	6000000017704463363
Q2580418	6000000014578521719
Q2580440	6000000020971455228
Q258047	6000000002173067509
Q2580471	6000000011021681138
Q2580484	6000000033018470565
Q2580508	6000000027811186208
Q2580510	6000000105285152134
Q2580511	6000000016104612921
Q2580518	4520083033600079463
Q258053	6000000104985152947
Q2580536	6000000023855613091
Q2580542	6000000016441756587
Q2580544	6000000021000276991
Q2580575	6000000017462540339
Q2580579	6000000027723235324
Q25805837	6000000013248953631
Q2580597	6000000043911752108
Q2580605	6000000001475414603
Q2580640	6000000001588539331
Q2580679	6000000001562887807
Q2580722	6000000046655550983
Q2580723	4234752985180060301
Q2580742	6000000020304853392
Q2580753	6000000000278710227
Q2580755	6000000014486829353
Q2580772	6000000056031834908
Q2580777	6000000000907485866
Q2580780	6000000084323492246
Q2580790	6000000009415545169
Q2580801	6000000004328852423
Q2580805	6000000070647429857
Q2580817	6000000003216145012
Q2580835	6000000001273188719
Q2580850	6000000008630232787
Q2580869	6000000012943111922
Q2580883	6000000091986267867
Q2580886	6000000065598255897
Q2580891	6000000074757781875
Q2580896	6000000023883733865
Q2580901	6000000011727654131
Q2580906	6000000066779308839
Q2580910	6000000038943532404
Q2580932	367263311510011075
Q2580935	6000000000889451077
Q2580957	6000000011003783027
Q2580960	6000000087630042890
Q2580961	6000000006348454169
Q2580965	6000000041998627289
Q2580971	6000000063420766821
Q2580976	6000000000743303174
Q2581010	6000000022710499569
Q2581011	3563964
Q2581051	6000000005404043664
Q2581069	6000000038297147193
Q2581092	6000000037149432558
Q2581096	6000000017335841476
Q2581104	6000000026647643461
Q258111	6000000002240844689
Q2581134	6000000014017286464
Q2581148	6000000020152692020
Q2581176	6000000003878059458
Q2581189	6000000031545540689
Q2581232	6000000000700972962
Q2581277	6000000012811527605
Q2581303	6000000039516545205
Q2581324	6000000016830467770
Q2581373	6000000024142290629
Q25813961	6000000025912570491
Q2581445	6000000084826892997
Q258151	3518268
Q25815179	6000000034069683105
Q2581532	6000000007226775349
Q2581536	6000000008630770235
Q2581565	6000000035459630099
Q2581598	6000000048066763059
Q25816604	6000000017650009719
Q2581691	6000000013237940282
Q2581711	6000000090942602896
Q2581745	6000000064754254880
Q2581759	6000000013041065241
Q2581779	6000000004047387842
Q2581779	6000000007929212250
Q2581862	6000000009858827409
Q2581882	6000000014935692292
Q25818867	6000000061699028842
Q25818902	6000000043941328871
Q2581893	6000000022734395469
Q2581923	6000000063133056927
Q2581976	6000000082781714860
Q2582	6000000114455491841
Q25820	6000000002515391370
Q25820372	6000000219866496835
Q2582043	6000000037691625515
Q258206	6000000001384541935
Q2582116	6000000000795175090
Q2582187	6000000031859177446
Q2582244	6000000030990917494
Q2582246	6000000002862154620
Q258228	6000000021803452088
Q2582389	6000000017266291691
Q2582430	6000000059379673821
Q2582439	6000000019756019015
Q25824838	6000000055019838938
Q2582558	6000000169288035054
Q2582579	6000000019856296935
Q2582588	6000000007369914979
Q2582651	6000000031945317844
Q25826586	6000000095430934853
Q2582764	6000000006197106761
Q2582823	6000000184735476950
Q2582844	6000000033968049262
Q2582880	6000000025453703378
Q258289	6000000137840480821
Q2582922	6000000022973154076
Q2582933	6000000038237905868
Q2582933	6000000215412397828
Q2582962	6000000002631369874
Q2583008	6000000046076912684
Q2583008	6000000148754516284
Q2583019	6000000021288459978
Q258305	6000000137011012984
Q25830854	6000000011480430785
Q258329	6000000151394862846
Q2583317	6000000193820813892
Q2583364	6000000014141674188
Q2583491	6000000076284295842
Q2583615	6000000011578214972
Q2583739	6000000022263748953
Q258393	6000000008681420626
Q25840395	6000000002765848136
Q258407	6000000053638900024
Q25840819	6000000006127484477
Q25841443	6000000039136404963
Q2584194	6000000017972117644
Q2584224	6000000182093634845
Q25842528	6000000041353919993
Q2584370	6000000183099469861
Q25845581	6000000016684655449
Q25845772	6000000017650018739
Q25845796	6000000006795961243
Q25845824	6000000052225837257
Q25845828	6000000015853703266
Q258473	6000000019192000260
Q2584741	6000000001407364737
Q258482	6000000021810469454
Q25849505	6000000053561779855
Q258501	6000000006727749287
Q25850469	6000000019059621248
Q25850790	6000000048750980918
Q25850926	6000000143197705954
Q25851025	6000000003525709387
Q25851117	6000000028123317336
Q2585353	6000000024918625103
Q25854	6000000088773870848
Q2585405	6000000008630911870
Q2585413	6000000020110251299
Q2585418	6000000040845899938
Q2585455	6000000003263755278
Q2585466	6000000009493343515
Q2585507	5543488697970042315
Q258555	6000000181035184822
Q2585590	6000000009976717194
Q2585599	6000000006127680262
Q25856	6000000015730502123
Q2585628	6000000001504576691
Q2585750	6000000007150022437
Q25858201	6000000025913751161
Q25858210	6000000022921564296
Q2585866	6000000031791352480
Q2585876	6000000001504835206
Q25861282	6000000003891009627
Q25861357	6000000011688789916
Q2586191	6000000173220169098
Q258629	6000000027722697556
Q25863298	6000000014897741062
Q25863449	6000000011130330292
Q25863917	6000000080147371886
Q25863949	6000000004363415191
Q25864168	6000000113596479821
Q25864884	6000000021674787261
Q25865175	6000000011891097817
Q2586522	6000000019451991219
Q2586528	6000000084211732119
Q258656	6000000010943021402
Q2586583	6000000025328469664
Q258661	6000000010048879484
Q258662	6000000036031880463
Q2586638	6000000030922828249
Q2586654	6000000026094416483
Q258669	6000000020322152182
Q2586777	6000000071945004140
Q25868217	6000000030604423955
Q2586982	6000000043660813264
Q2587063	6000000017002465596
Q258715	6000000020947626399
Q2587211	6000000132368226913
Q2587259	6000000165336093578
Q2587269	6000000105879912053
Q2587359	6000000004138649255
Q2587367	6000000091716513136
Q25874168	6000000038333964079
Q2587480	6000000137583850618
Q2587484	6000000013714225599
Q2587502	6000000008221607518
Q2587542	6000000084343299320
Q2587580	6000000008439049501
Q2587607	6000000003526150813
Q2587652	6000000053647071861
Q258770	6000000007486387786
Q2587782	6000000168656435990
Q2587802	6000000009402918468
Q2587814	6000000000789402195
Q258793	6000000076932638402
Q2588225	6000000010420651519
Q258825	6000000027754573352
Q2588380	6000000013824244828
Q2588381	6000000013411556997
Q2588404	330271830790002487
Q2588414	6000000087061139832
Q25884277	6000000022186902552
Q2588461	6000000011249162310
Q2588467	6000000015741169684
Q2588612	365527077950012030
Q2588627	6000000018550949066
Q2588634	6000000013350397754
Q2588677	6000000014307100625
Q2588695	6000000031480269873
Q2588700	6000000125553493843
Q2588708	6000000162095095821
Q2588729	6000000009077135483
Q2588731	6000000035682788487
Q2588733	6000000028588068256
Q2588736	6000000041898582833
Q2588746	6000000007469628405
Q2588816	6000000031964019920
Q2588842	6000000033120021152
Q2588849	6000000026549181163
Q2588853	6000000093603640831
Q2588858	6000000010383385624
Q258887	6000000015717559500
Q2588891	6000000006602010616
Q2588898	580507
Q2588908	6000000021328131482
Q2588908	6000000080828769770
Q2588909	6000000036645041986
Q2588920	6000000015387700474
Q2588930	6000000014569350127
Q258894	6000000003405710167
Q2589165	6000000032126621919
Q2589193	6000000037965161774
Q2589281	6000000166390098061
Q2589319	6000000035480879278
Q2589352	6000000178566736837
Q2589369	6000000034296804993
Q25893810	6000000011518875645
Q2589383	6000000021696236322
Q25893892	6000000039864712852
Q25893900	6000000007105196858
Q2589392	6000000019082754610
Q2589395	6000000125646090851
Q25893970	6000000014416061823
Q2589404	6000000015487429442
Q25894137	6000000028731358172
Q25894153	6000000016874808249
Q2589477	6000000017383778148
Q25894789	4993361572240062179
Q258955	6000000019497069396
Q2589556	6000000018048426344
Q258960	6000000012617818074
Q2589610	6000000001588414225
Q2589638	300372757470005483
Q2589648	6000000055977687079
Q2589650	6000000022319050640
Q2589657	6000000000846945005
Q2589667	6000000021147005977
Q2589707	6000000017231081788
Q2589734	6000000002188453700
Q25898233	6000000036332160841
Q25898371	6000000023072866046
Q25898435	6000000003784171583
Q2589891	6000000018766826357
Q258990	6000000075797742845
Q258991	6000000016543479162
Q2589985	6000000045099064998
Q258999	6000000176800413869
Q259009	6000000136784952378
Q2590096	6000000114227949028
Q2590108	6000000057284850102
Q2590288	6000000014221386632
Q25903064	6000000086588800902
Q2590352	6000000005394414282
Q2590486	6000000002323887943
Q2590523	6000000180017580823
Q25905894	6000000006257613822
Q25906319	6000000032314292939
Q2590650	6000000032144861972
Q2590679	6000000021049696001
Q2590726	6000000142668015858
Q2590836	6000000054298471989
Q2590838	6000000078391623051
Q2590896	6000000001318705183
Q2590920	6000000025001825089
Q2590936	6000000051701890923
Q2590985	6000000037832543861
Q2590988	6000000152148681836
Q25910158	6000000039681332010
Q25910175	6000000058098680793
Q25910260	6000000000437365286
Q2591295	6000000002423949072
Q25912974	6000000027816661959
Q25913122	6000000075267397019
Q25913381	6000000001970902307
Q25913552	6000000138568533900
Q25913579	6000000057101182821
Q2591424	6000000016274909801
Q2591443	6000000002256866003
Q2591457	330806669710001907
Q2591485	6000000195799754823
Q2591528	6000000034129963076
Q2591538	6000000162097802821
Q259161	6000000000400494513
Q25916690	6000000006286768195
Q25916978	6000000037557631553
Q25917305	6000000000335107239
Q259176	6000000012819242487
Q25918060	6000000084362506098
Q25918100	6000000032373824235
Q2591849	6000000074906449244
Q259185	6000000022097702755
Q2591850	6000000053646949923
Q2591878	6000000023897658042
Q2591891	6000000071002244860
Q2591899	6000000025524957936
Q2591912	6000000000920693440
Q2591923	6000000127052318833
Q2591944	6000000000307252367
Q2592020	6000000001194344445
Q2592065	6000000026830353319
Q2592151	6000000067814939980
Q2592166	6000000100761119878
Q2592187	6000000029887114355
Q2592211	6000000130273728931
Q25923769	6000000031445930057
Q259238	6000000018172286108
Q259240	6000000040277122405
Q2592409	6000000022396740899
Q259244	6000000002188425932
Q259250	6000000003956810248
Q2592550	6000000017681292787
Q2592657	6000000017193907362
Q25926670	6000000044428179717
Q25926853	6000000075328555838
Q2592706	6000000019068119548
Q25927121	6000000006777718763
Q25927222	6000000016680414592
Q25927495	6000000011772911930
Q25927529	6000000011399692877
Q25927530	6000000016305415780
Q25927537	6000000013195886639
Q25927538	6000000055854490821
Q25927603	6000000012650532444
Q25927618	6000000038228269233
Q25927628	6000000005620165070
Q25927680	6000000004881711255
Q25928022	6000000021282082814
Q2592881	6000000021021562074
Q2592908	6000000162233587825
Q2592913	6000000014424738593
Q25929232	6000000004096259122
Q25929496	6000000018453585607
Q25929499	6000000051410659000
Q25929734	6000000043286055587
Q25929738	6000000079020984886
Q25929751	6000000016936195175
Q25929760	6000000016392167648
Q25929764	6000000013390621701
Q25929772	6000000000107078092
Q25929780	6000000050607646236
Q25929781	6000000015773492434
Q25929806	6000000014615549292
Q25929808	6000000068305474821
Q25929814	6000000172441396282
Q25929816	6000000034309983821
Q25929820	6000000013940500991
Q25929823	6000000041944405019
Q25929852	6000000174346473909
Q25929865	6000000022245416373
Q25929875	6000000073711841966
Q25929889	6000000016714215301
Q25929893	390087249870012754
Q25929923	6000000118004439973
Q25929950	6000000024133603181
Q25929988	3431504
Q25929995	6000000049236925848
Q25930025	6000000147112571834
Q25930122	6000000022937814368
Q259303	6000000018922230806
Q2593034	6000000004318458951
Q25930967	1478656
Q25931366	6000000011061901911
Q259317	6000000025742842997
Q2593215	6000000017398540838
Q25932159	6000000069695728881
Q25932163	6000000086586012156
Q259325	6000000025154617568
Q25932602	6000000085251818861
Q2593262	6000000010506538357
Q25932629	6000000081033074168
Q25932860	6000000019456673392
Q25933223	6000000027625579975
Q25933300	6000000078138681890
Q25933343	6000000181262619844
Q25933371	6000000143046557821
Q259334	6000000007062767017
Q25933945	6000000000081534259
Q25934217	6000000018617395814
Q25934711	6000000031249266753
Q25934738	6000000035046263379
Q25935047	6000000004883254268
Q25935156	6000000017154929699
Q25935197	6000000180380185889
Q25935211	6000000043481251287
Q25935235	6000000043482219190
Q25935270	6000000067597796925
Q25935272	6000000067597740928
Q25936344	6000000006286632299
Q259364	6000000002318061679
Q25936606	6000000007465189143
Q25937006	6000000003946573602
Q25937057	6000000176584405827
Q25938879	6000000029391300885
Q25939128	6000000008630274407
Q25939132	6000000011336930455
Q25939134	6000000015664715420
Q25939168	6000000019247152266
Q25939178	6000000017132922930
Q25939180	6000000013032046040
Q25939206	6000000009300594969
Q25939221	6000000010095517825
Q25939251	6000000012538224049
Q25939275	6000000005847339001
Q25939325	6000000000352528271
Q2593990	6000000017460054778
Q2594	6000000004018768653
Q259419	6000000016605971413
Q259434	6000000096216368184
Q2594380	6000000027106735084
Q25944460	6000000015740006313
Q259446	6000000014294675234
Q2594604	6000000016146485570
Q259461	6000000180714295821
Q259468	6000000028909029114
Q259474	6000000045360312882
Q2594790	6000000012469554860
Q2594808	6000000045153641834
Q2594875	6000000177423706027
Q259488	6000000004178425730
Q259495	6000000015629993688
Q25950349	6000000019157290496
Q259507	6000000125866235888
Q25950823	6000000015512343662
Q25950885	6000000016996275096
Q259522	6000000024551880164
Q259530	6000000069557961959
Q259537	6000000027362746832
Q2595376	6000000119927078901
Q259538	6000000036972800379
Q2595414	6000000209784791828
Q2595418	6000000000698059698
Q2595428	6000000082601201474
Q2595454	6000000028894206410
Q259555	6000000017604493631
Q259559	6000000029559959961
Q2595694	6000000013438942571
Q259571	6000000028041139791
Q259581	6000000027948480912
Q2595869	6000000047516415084
Q259587	6000000045727049303
Q259591	6000000010048182797
Q2595932	6000000012501908615
Q2596070	6000000030495969318
Q259616	6000000067832568951
Q2596205	6000000038169551462
Q2596318	6000000031015838888
Q2596323	6000000110552424886
Q25963959	6000000097730887876
Q259646	6000000179281298829
Q259659	6000000219789620822
Q2596609	6000000001043121050
Q259663	6000000018675730065
Q2596759	6000000009774746654
Q2596766	6000000035878678774
Q2596865	6000000014913177904
Q2596927	6000000006444898136
Q2597	6000000178149209830
Q259703	6000000008067040322
Q2597050	6000000013187410564
Q25971563	6000000048161715209
Q2597159	6000000017485385591
Q259718	6000000179470562862
Q2597215	6000000003173584288
Q259723	6000000069702853826
Q259725	4213961359040031541
Q2597256	6000000018595838681
Q25973	6000000011211331954
Q25973107	6000000005027025912
Q25973111	6000000009671299725
Q25973115	6000000010206650439
Q25973157	6000000008181850367
Q25973160	6000000011252896302
Q25973254	6000000013514137597
Q25973269	6000000011485310498
Q25973677	6000000036996248546
Q259737	6000000089385187969
Q25973777	6000000015816639967
Q25973783	6000000014800773023
Q25973861	6000000013017291770
Q25973876	4765520239220032031
Q25974150	6000000003221246827
Q25974230	6000000008580054691
Q259743	6000000144729692822
Q25974487	6000000015840781206
Q2597449	6000000166008029000
Q25974796	6000000014472454905
Q259750	6000000016315870181
Q25975042	6000000013043830060
Q259752	4541538
Q25975690	6000000002802733433
Q25975706	6000000007329593350
Q259760	6000000024473231610
Q259764	6000000031157578127
Q2597653	6000000008270243914
Q2597750	6000000031408295739
Q2597754	6000000006925829608
Q259780	6000000008726421525
Q2597851	6000000026508199742
Q2597856	6000000117866071898
Q2597856	6000000178225766827
Q259788	6000000056809934116
Q2597902	6000000011094941171
Q2597987	6000000015339611182
Q25981	6000000002977130813
Q2598183	6000000053117339939
Q25981912	6000000018216484318
Q2598220	6000000017175401250
Q25982634	6000000002869180425
Q25982655	6000000008913335678
Q25982688	6000000002418486547
Q25982696	6000000165964509821
Q25982707	6000000078672494152
Q25982719	6000000011602469261
Q25982722	6000000018452751679
Q25982742	6000000002764454065
Q25982765	6000000142635751842
Q25982774	6000000160166482821
Q25982797	6000000059097834068
Q25982808	6000000006596727211
Q25982817	6000000072184060938
Q25982847	6000000060222062900
Q25982889	6000000094316274915
Q25982910	6000000008147545213
Q25983024	6000000061607271758
Q25983054	6000000015840808205
Q25983274	6000000016546762744
Q2598354	6000000008649530990
Q25984337	6000000000076319564
Q25984599	6000000057768936900
Q2598560	6000000001229041539
Q2598565	6000000015612530230
Q2598822	6000000014559564005
Q2598839	6000000018216353171
Q2598847	6000000002452644925
Q2598849	6000000047850561948
Q2598867	6000000000618181660
Q2599	6000000007981687371
Q25990	6000000176258162852
Q259902	4280380717420045206
Q2599118	6000000036563319867
Q25991221	6000000190453163249
Q25991222	6000000190453163285
Q25991226	6000000016750907148
Q259913	3922673225740041322
Q25991334	6000000017668085121
Q25991376	6000000011541534245
Q2599142	6000000002045625336
Q25991478	6000000032600144892
Q25991538	6000000012362247084
Q25991543	6000000012878882008
Q25991620	6000000009492100742
Q25991674	6000000010582243409
Q259921	6000000010411466685
Q259934	6000000009342248266
Q2599351	6000000026884889090
Q25996062	6000000011242258877
Q259964	6000000029330958681
Q2599645	6000000009562080534
Q2599683	6000000018118629366
Q25997633	6000000147109047953
Q25997896	6000000018202357624
Q25997920	6000000010602061731
Q25998013	6000000011385940248
Q2599807	6000000044347754164
Q25998074	6000000034152487084
Q25998486	6000000001877493685
Q25998519	6000000007759981617
Q2599855	6000000003640336624
Q259986	6000000027856530546
Q25998791	6000000026206629680
Q2599885	6000000030990793943
Q25998958	6000000003203175368
Q25999258	6000000027760936371
Q25999268	6000000122807677891
Q25999313	6000000102630657961
Q25999343	6000000002802818881
Q259994	6000000023360153947
Q259998	6000000029555530470
Q25999845	6000000045021013964
Q260	6000000010372550248
Q26000553	6000000000472521641
Q26000672	6000000000943914431
Q26000763	6000000028108277646
Q26000784	6000000015032620067
Q26000844	6000000020909864309
Q26000866	6000000156207978830
Q26000882	6000000011077020337
Q26000898	6000000016534022282
Q2600093	6000000058257632912
Q26001154	6000000078506822420
Q26002316	6000000077250556951
Q260026	5036296915430117731
Q2600272	6000000155831246879
Q26003	6000000007321626468
Q26003086	6000000004309139004
Q2600345	6000000074717370232
Q2600408	5137735332410120157
Q260042	6000000070185772968
Q2600438	6000000003108321396
Q2600472	6000000032078901238
Q2600489	6000000001475097615
Q2600492	6000000013461766200
Q2600582	6000000018872032235
Q2600693	6000000014095379493
Q2600707	6000000032278044405
Q2600743	6000000001699952182
Q2600750	6000000022200675972
Q2600765	6000000015440707698
Q2600983	6000000001758781282
Q260099	6000000029494591630
Q2601014	6000000179221419851
Q2601137	6000000141947477855
Q2601234	6000000049233302927
Q2601240	6000000030893616949
Q260128	6000000000245742395
Q2601545	6000000015256895246
Q2601546	6000000051856535860
Q2601607	6000000019395016074
Q2601617	6000000147551474839
Q260167	6000000025003303721
Q260170	4722083133660026696
Q2601812	6000000165969034893
Q260184	6000000007650966496
Q2601895	6000000029429325980
Q2601958	6000000006101312802
Q2601979	6000000046935024325
Q2601994	6000000019097576439
Q2602025	6000000110264146880
Q2602036	6000000018698019149
Q2602123	6000000031060125525
Q2602125	6000000016336087939
Q2602204	6000000168000053821
Q260222	6000000093292835063
Q2602323	6000000174893578254
Q2602495	6000000005599075191
Q260264	6000000064669209858
Q260265	6000000011530787547
Q2602710	6000000017180066691
Q260272	6000000022190566020
Q2602732	6000000017923834560
Q2602737	6000000061551301903
Q2602761	6000000029285793999
Q2602795	6000000017231765597
Q2602826	6000000081664744925
Q2602834	6000000051227557989
Q2602910	6000000036618125094
Q260298	6000000012864151213
Q2602999	6000000141006392042
Q260312	6000000016143415385
Q2603163	6000000016923941929
Q2603165	6000000008415678736
Q2603166	6000000014109411319
Q2603241	6000000089870324035
Q26033355	6000000025986801074
Q2603347	6000000007324512289
Q260337	6000000025710684346
Q26033702	6000000021730842531
Q2603376	6000000010705050551
Q26034118	5447856788560078852
Q26034503	6000000014478573339
Q26034648	6000000091180611079
Q260347	6000000163463879026
Q26034812	6000000176811412823
Q2603511	6000000173871630822
Q2603533	5368229872750133827
Q26036	6000000096028317829
Q2603650	6000000007417441823
Q2603654	6000000009954460126
Q26037050	6000000015840361207
Q26037053	6000000014472936045
Q26037164	6000000010390961853
Q26037185	6000000014320517869
Q26037196	6000000050203381248
Q26037204	6000000005689001001
Q26037225	6000000013043518768
Q26037270	6000000011467507579
Q26037275	6000000026186946487
Q26037282	6000000010977758861
Q26037311	6000000019070808377
Q2603755	6000000023042554082
Q260378	6000000015679647241
Q2603903	6000000000424697647
Q260391	6000000068481964864
Q2603914	6000000012330388923
Q2603993	6000000022755383905
Q2603996	6000000066974044045
Q2604	6000000019820629800
Q2604019	6000000117463024821
Q2604021	6000000172649981843
Q2604162	6000000015385759427
Q2604205	6000000012327085939
Q2604208	6000000020704848484
Q2604247	6000000110298748890
Q2604408	6000000048283319031
Q260448	5294705863230117671
Q2604483	6000000022616358817
Q2604528	6000000013689591653
Q2604582	6000000183228655884
Q2604610	6000000002370710330
Q260464	6000000014720564297
Q260497	6000000007325793231
Q2605005	6000000013228124241
Q2605041	6000000012805822572
Q260505	6000000004146159748
Q2605075	290920146770005046
Q260510	331169566340010087
Q260513	6000000002188420263
Q2605189	5294004229040087105
Q260520	6000000077594987157
Q2605200	6000000017643485770
Q2605222	6000000002639793753
Q2605274	6000000016122091635
Q260532	6000000002188374721
Q260534	6000000026079296261
Q2605345	6000000071646214269
Q2605376	6000000038432485870
Q2605460	6000000010725296210
Q2605467	6000000021649517791
Q2605482	6000000018049926081
Q260550	6000000000707672283
Q2605536	6000000010089421705
Q2605542	6000000007509684010
Q260560	6000000029980996187
Q2605633	6000000042608828111
Q26058	6000000071114064104
Q2605817	6000000056948794987
Q2605955	6000000023165069045
Q260597	6000000183536418964
Q2605999	6000000080109710090
Q260610	6000000003855398717
Q260617	6000000177983008826
Q26062	6000000024555634573
Q2606375	6000000082506103999
Q260638	6000000060838512821
Q2606463	6000000161393230822
Q260649	6000000010022921049
Q260658	6000000002837421200
Q2606667	6000000014181657821
Q2606697	6000000029696608508
Q260670	6000000069266247970
Q2606748	6000000025112326999
Q260683	6000000000559452423
Q2606887	6000000017501537290
Q2606890	6000000010715480519
Q2606895	6000000037353799256
Q2606989	6000000119502249822
Q2607	6000000008679013431
Q2607003	6000000015756875608
Q260706	6000000028586483412
Q2607143	6000000010020126785
Q2607186	6000000178802847830
Q2607229	6000000009421315636
Q260725	6000000044454875205
Q260729	6000000003891068909
Q26073406	6000000040664130389
Q26073548	6000000007242305009
Q2607377	6000000017530120168
Q2607385	6000000012671204000
Q2607504	6000000014102738233
Q2607504	6000000215548016823
Q2607520	6000000002028693118
Q2607526	6000000003712808801
Q2607550	6000000002101368981
Q2607554	6000000002188456660
Q26076117	6000000023039914173
Q2607615	6000000017525702945
Q2607662	6000000037925511699
Q260767	6000000143247839945
Q2607699	6000000021599814881
Q260774	6000000011913312474
Q2607815	6000000031603768939
Q26078243	6000000025358602348
Q2607838	6000000181950989885
Q2607839	6000000027191221809
Q2607858	6000000081268089005
Q26078951	6000000013056549708
Q2607896	6000000025617184826
Q260794	6000000049097453037
Q2607962	6000000015604341677
Q2607987	6000000083739542212
Q2608009	5620645208310020106
Q260802	6000000000527874220
Q2608240	6000000031057764248
Q260831	6000000003772418491
Q2608318	6000000025792224287
Q260837	6000000007330164271
Q260843	6000000092712813429
Q26084489	6000000000782760758
Q26085186	6000000015840831252
Q26085543	6000000042316590609
Q26085545	6000000025644830694
Q26085584	6000000009690976800
Q260879	6000000029880116309
Q260885	6000000078214380821
Q26090098	6000000059687493956
Q2609138	6000000013579625099
Q260918	6000000078589303848
Q2609244	6000000025644584096
Q260926	4104372
Q2609260	6000000002664391873
Q26093584	6000000021612527663
Q26093621	6000000005116408005
Q26093727	6000000072385865824
Q260947	6000000100152604947
Q260969	6000000011285518722
Q2609708	6000000179120527846
Q2609814	6000000002802391123
Q2609990	6000000092252952921
Q2610	6000000042171113891
Q261001	6000000178451150831
Q261003	6000000022913270185
Q2610046	6000000098504636920
Q2610062	6000000093376451869
Q261007	6000000030697734905
Q2610087	6000000059482552006
Q2610149	6000000009307398433
Q26101945	6000000008707926083
Q261021	6000000003341691499
Q26102172	6000000025069032933
Q2610236	6000000025197170866
Q2610284	6000000018098701005
Q2610295	6000000011908784507
Q261041	4437757169080060023
Q261054	6000000083650060310
Q2610622	6000000001296491514
Q2610655	6000000066881758821
Q2610878	6000000015062945894
Q26110347	6000000148916155842
Q26110366	6000000012597418072
Q26111537	6000000012610300770
Q2611172	6000000000840352729
Q261129	6000000000632008459
Q2611320	6000000021716955497
Q261133	6000000011139133659
Q261138	6000000174378064726
Q261147	6000000020704045890
Q2611511	6000000003014174709
Q2611689	6000000119986254822
Q261174	6000000032100949828
Q2611763	6000000078624859909
Q26118	6000000013743679153
Q2611830	6000000044109292151
Q26119524	6000000177438672841
Q2611966	6000000021348345561
Q2612030	6000000015346758647
Q2612094	6000000138074044823
Q2612134	6000000080742442017
Q2612208	6000000009633471645
Q261223	6000000004671412129
Q2612400	6000000013023414505
Q2612412	6000000003637585601
Q261244	6000000052882706851
Q26125497	6000000013522099643
Q2612560	6000000012783460263
Q26125883	6000000000531933212
Q2612771	6000000017542450070
Q26128936	6000000036454517564
Q2612894	6000000183198705822
Q26129060	6000000012439623877
Q26129113	6000000019409969124
Q26129131	6000000014405094409
Q2612986	6000000012157760138
Q261301	6000000008460372671
Q26130473	6000000009275132665
Q2613053	6000000081599133909
Q2613072	6000000043302041151
Q2613125	6000000050977009853
Q26131381	6000000017114405484
Q26132775	6000000053837016943
Q26132944	6000000002980008791
Q26132979	6000000221696259827
Q2613325	6000000023956953025
Q26133904	6000000210297184881
Q2613489	6000000021923744868
Q2613598	6000000059132541247
Q2613704	6000000026226886749
Q2613709	6000000009687737494
Q261372	6000000002188370804
Q261381	6000000000307246591
Q261389	6000000002188429363
Q2613936	6000000016472822318
Q2613954	6000000032170135960
Q261397	6000000003887562027
Q261402	6000000041629986236
Q2614047	6000000019273393748
Q2614140	6000000011993453670
Q2614158	6000000002600587801
Q2614184	6000000183003203874
Q2614273	6000000033933648919
Q2614277	6000000017328959205
Q2614311	4844159286640093480
Q2614327	6000000085976557928
Q2614367	6000000019778171101
Q2614411	6000000036558673270
Q2614420	6000000003061553260
Q261448	6000000037642028835
Q2614539	6000000208715676865
Q2614559	6000000052928142021
Q261456	6000000053960857251
Q2614593	6000000060749710879
Q2614667	6000000017257911629
Q261471	6000000007629639056
Q2614742	6000000029288562941
Q2614790	6000000184551379906
Q2614892	6000000013639914259
Q2614895	6000000179167985830
Q261496	6000000020558548726
Q2615071	6000000016304732871
Q261517	6000000047377400076
Q261526	6000000184384414821
Q2615263	6000000015741683523
Q261535	6000000018156930942
Q2615445	6000000013837415079
Q261547	6000000006166459170
Q2615478	6000000007013002417
Q26155227	6000000014244237940
Q26155306	6000000061199296828
Q2615548	6000000008207457333
Q26155720	6000000021867361913
Q26155722	6000000218840833822
Q26155750	6000000000430382443
Q2615590	6000000082511817567
Q26155951	6000000010944371688
Q26155956	6000000035305694230
Q26155958	6000000013127114501
Q26156088	6000000028108669509
Q26156134	6000000019657605163
Q2615615	6000000027420339272
Q2615633	6000000026804460833
Q26156554	6000000013048820046
Q26156562	6000000177319814840
Q26156563	6000000177319904833
Q26157367	6000000073867865525
Q2615816	6000000015873678851
Q261583	6000000112217799861
Q2615867	4249589594410063482
Q26158973	6000000074739364833
Q26158981	6000000074739348834
Q26159569	6000000074739233821
Q2615958	6000000200802429854
Q2615965	6000000007077981285
Q26159787	6000000074718544979
Q26159787	6000000074725348976
Q26159787	6000000074725786951
Q26159787	6000000074738593963
Q26159795	6000000074738259122
Q26159801	6000000074739094859
Q26159835	6000000074712358847
Q26159944	6000000205315581840
Q2616002	6000000015138982398
Q2616024	4522980
Q26160651	6000000016300900332
Q26160687	6000000015478153876
Q26160964	6000000015685224270
Q26161199	6000000013565556252
Q26161253	6000000010091294374
Q261615	6000000029185827681
Q2616156	6000000006444764618
Q26161581	6000000015512736669
Q26161668	6000000040254481917
Q26161825	6000000007561571541
Q26161891	6000000007474218224
Q26162104	6000000011487151226
Q261623	6000000024324587921
Q26162354	6000000025864341115
Q2616254	6000000008854010661
Q26162555	6000000140697650126
Q2616320	6000000003645716569
Q26164726	6000000085403376968
Q2616501	6000000030435280979
Q2616608	6000000001781669221
Q2616627	6000000000886218076
Q2616690	6000000031373728985
Q2616745	6000000020956510953
Q2616764	6000000009464985998
Q2616770	6000000011549428808
Q2616777	6000000003386257772
Q26168	6000000013374432686
Q2616821	6000000015424733418
Q26168214	6000000026407996013
Q26168364	6000000041994254826
Q2616838	6000000015833177123
Q261684	6000000053439599821
Q261685	6000000070642737205
Q261687	6000000010876515058
Q2616895	6000000016185262992
Q2617124	6000000013845270262
Q2617176	6000000017222580227
Q2617182	6000000004124386325
Q2617295	6000000023924973188
Q26173	6000000032843761096
Q2617314	6000000008779628553
Q2617322	6000000094770055842
Q2617339	6000000039451367833
Q261734	5227186604850116675
Q261735	6000000014948702237
Q2617369	6000000065228590054
Q26174225	6000000075581922870
Q26174231	6000000024859430273
Q2617543	6000000018746704064
Q2617775	6000000006127496678
Q2617795	6000000034355371300
Q2617885	6000000009468161383
Q261789	6000000145627654822
Q26179047	5663241614610026987
Q26179433	6000000003408832230
Q26179532	6000000034519258980
Q26179534	6000000025109425954
Q26179563	6000000002687393984
Q26179628	6000000029906546340
Q26179800	6000000012662378259
Q26179807	6000000176509172901
Q261802	302106850500001332
Q26180242	6000000067112860208
Q26180368	6000000178438123896
Q2618070	6000000173775982928
Q2618072	6000000024698065212
Q261809	6000000001504605876
Q2618092	6000000001009250798
Q261811	6000000002757282458
Q2618170	6000000018337777249
Q2618173	6000000019594145899
Q261818	6000000010153454253
Q2618187	6000000028012096096
Q261820	6000000038626431849
Q2618229	6000000005066116839
Q2618234	6000000014228486047
Q2618255	6000000006735126209
Q261826	6000000000307247098
Q2618270	6000000032494308152
Q261833	304460088870001751
Q2618353	6000000007240930533
Q2618388	6000000002188496321
Q2618482	6000000024451865093
Q2618507	6000000018289392531
Q261852	6000000002188456134
Q2618528	6000000018750936027
Q26186	6000000022452632922
Q261860	6000000143828409040
Q26186029	6000000075345890900
Q26186433	6000000075345846930
Q2618644	6000000006727113835
Q26186449	6000000075345530056
Q261871	6000000003858572581
Q2618760	6000000022454703683
Q2618824	6000000018418725471
Q261889	6000000007329615678
Q2618994	6000000013072249206
Q261901	6000000006128279827
Q2619019	6000000013372846613
Q261905	6000000000735705369
Q2619069	6000000022143893023
Q2619129	6000000069487265835
Q261915	4413577
Q261922	6000000019674733794
Q261927	6000000001244045037
Q2619273	5188891257020116893
Q2619347	6000000057137556295
Q2619465	6000000005737381794
Q2619483	6000000015601670038
Q2619497	6000000027871934811
Q261953	6000000024254015006
Q26195985	4661682
Q261965	6000000081644203657
Q26196538	6000000015878871286
Q26196543	6000000018161150001
Q26196545	6000000010817197579
Q26196548	6000000054079435080
Q26196567	6000000026273311093
Q26196600	6000000011905683252
Q26196602	6000000042387174491
Q2619665	6000000003370625612
Q26196702	6000000009887153586
Q26196721	6000000010252949613
Q26196776	6000000027504041989
Q26196798	6000000006999235005
Q2619683	6000000006444790813
Q2619687	6000000007896933159
Q26196879	6000000025283331371
Q26196977	6000000026815978735
Q2619703	6000000151123441883
Q26197107	6000000198068839838
Q2619726	6000000000889436030
Q26197287	6000000075344574837
Q26197401	6000000015663840191
Q26197625	6000000011485933037
Q26197699	6000000090613790874
Q261977	6000000030687872858
Q26197743	6000000074732902034
Q26197762	6000000028432621463
Q26197768	6000000177844758842
Q26197854	6000000170293147452
Q26197862	6000000005442266180
Q26197864	6000000075346628821
Q26197867	6000000109840097821
Q26197868	6000000011598238587
Q26197891	6000000021413383848
Q26197897	6000000000100890836
Q26197901	6000000092316438857
Q26197903	6000000003823908266
Q26197910	6000000037801748525
Q26197912	6000000095106741821
Q26197915	6000000120980506923
Q26197917	6000000057900634967
Q26197919	6000000075346328024
Q26197931	6000000075346609839
Q26197933	6000000061703344837
Q26197949	6000000012164156972
Q26197956	6000000072979626852
Q26197959	6000000002214833015
Q26197975	6000000002738252583
Q26198009	6000000030084614578
Q26198013	6000000102773530865
Q26198034	6000000006996583115
Q26198035	6000000003027861871
Q26198040	6000000030084748135
Q26198041	5307855398260100797
Q26198058	6000000044800147886
Q26198120	6000000075338073942
Q26198122	6000000075338184901
Q261984	6000000077634464135
Q2619915	6000000004566326898
Q261997	292963877950002656
Q2620087	6000000006109201186
Q2620128	6000000001168417042
Q26201795	6000000082710417954
Q26201824	6000000177849076823
Q26201827	6000000088266368919
Q26201829	6000000014091001000
Q26201834	6000000002375581241
Q26201844	6000000011869504422
Q26202	6000000004009560717
Q26202496	6000000019882523397
Q26202500	6000000019873272747
Q26202520	6000000035386550835
Q26202525	6000000085127890895
Q26202575	6000000013613403826
Q26202583	6000000008141753678
Q2620264	6000000025020422959
Q26202761	6000000025804376217
Q26203129	6000000079400995992
Q26203142	6000000068929296062
Q2620350	6000000035551005055
Q26203812	6000000105541731931
Q26203856	6000000053040053836
Q26203945	6000000007066699647
Q26203949	6000000007456715801
Q26203963	6000000028931235244
Q26203965	6000000026405277352
Q26203974	6000000048888188821
Q26203975	6000000013372848006
Q26203978	6000000017258448719
Q26203980	6000000095088489927
Q26203987	6000000023213321250
Q26203993	6000000013734830630
Q26203998	6000000023793135082
Q26204006	6000000004868058199
Q26204007	6000000021196138837
Q26204011	6000000027807865312
Q26204034	6000000002159197703
Q26204041	6000000009886748141
Q26204054	6000000013043579904
Q2620439	6000000019670746617
Q2620463	6000000022922827268
Q26205277	6000000019337794087
Q2620564	6000000025107921227
Q26205856	6000000009130501432
Q26205870	6000000085013811912
Q262059	6000000006119816324
Q26206055	6000000003827464913
Q2620610	6000000051519674319
Q26206117	6000000137559463052
Q26206141	6000000031760955099
Q26206171	6000000027702630709
Q26206274	6000000041050537592
Q26206293	6000000004096351631
Q2620638	6000000139374622089
Q26206572	6000000038241769196
Q26206598	6000000184151945840
Q26206770	6000000079862004938
Q26207	6000000001046179472
Q26207400	6000000002614287152
Q26207406	6000000020971116202
Q26207414	6000000058767013030
Q26207415	6000000011922035274
Q26207714	6000000176408116978
Q26208099	6000000016212869676
Q26208117	6000000076354071848
Q26208131	6000000013525441328
Q26208132	6000000019896267951
Q26208211	6000000004868960037
Q26208233	6000000011541383294
Q26208353	6000000002188502436
Q26208362	6000000055705931909
Q26208394	6000000000007026422
Q26208572	6000000018566907585
Q26208790	6000000075329110821
Q26208795	6000000002188399790
Q26208914	6000000009180685020
Q2620894	6000000040602793586
Q26209478	6000000075343736165
Q26209530	6000000075344063937
Q26209543	6000000075343656184
Q26209548	6000000075344205924
Q26209646	6000000181604165882
Q2620984	6000000022147041998
Q2621015	6000000001782850345
Q262103	6000000184502460911
Q2621033	6000000025985274138
Q26210459	6000000110531937886
Q262106	6000000018129088677
Q2621109	6000000082336219821
Q26211149	6000000077879326489
Q26211252	6000000137550202845
Q26211607	6000000004867293207
Q26211783	6000000011487460529
Q26211796	6000000073858441852
Q26211806	6000000016512886015
Q26211818	6000000037497885963
Q26211880	6000000017513382226
Q26211951	6000000010218990196
Q26212043	6000000024007660950
Q26212062	3961318243930052323
Q26212294	6000000008912545310
Q26212307	6000000019201347222
Q26212316	6000000140993063993
Q2621234	6000000016143369080
Q26212414	6000000012838840371
Q26212419	6000000129586891876
Q26212430	6000000013586562016
Q26212475	6000000016168250872
Q26212476	6000000078931585896
Q2621262	6000000018761934192
Q26212950	6000000004867293056
Q26212960	6000000007773336471
Q26212966	6000000017711662696
Q26212967	6000000001579278920
Q26212969	6000000020613672022
Q26212970	6000000004079625255
Q262130	6000000176841549830
Q26213073	6000000034762707982
Q26213076	6000000039553736725
Q26213077	6000000006987974299
Q26213089	6000000024060095714
Q26213096	6000000036088846245
Q26213260	6000000028203383873
Q26213261	6000000035204235523
Q26213293	6000000017261235411
Q26213296	6000000006873392118
Q26213297	6000000017913610509
Q26213299	6000000039963469891
Q26213321	6000000011595147854
Q2621340	6000000084557644384
Q26213517	6000000100916378464
Q26213565	6000000000610465703
Q26213578	346087075720003135
Q26213597	6000000021952549805
Q26213604	6000000029921753365
Q26213613	6000000010810584818
Q26213620	6000000179568860832
Q26213728	6000000002030199171
Q26213742	6000000190136117821
Q26213924	6000000015675827888
Q26213999	6000000012651526560
Q26214031	6000000010158569157
Q26214046	6000000064919777242
Q26214089	6000000216940757822
Q26214113	6000000011129081676
Q26214144	6000000027722954631
Q26214306	6000000018415294462
Q26214318	6000000010366741148
Q26214353	6000000003664479045
Q26214375	6000000003664432283
Q26214380	6000000003664434212
Q262145	6000000004145198108
Q26214573	6000000018337758572
Q26214668	6000000007014397884
Q26214715	6000000003249157456
Q2621493	6000000007303448098
Q26214994	6000000016927954319
Q26215135	6000000009491423501
Q26215142	6000000016188164736
Q26215204	6000000009309568505
Q26215233	6000000020149859318
Q26215259	6000000009887183314
Q26215299	6000000013032371566
Q26215491	6000000015478392046
Q2621553	6000000026200816106
Q26215549	6000000032301405350
Q26215606	6000000008201745212
Q26215618	6000000020149464316
Q26215633	6000000015840056942
Q26215657	6000000020470360645
Q26215666	6000000076461224021
Q26215688	6000000008630274459
Q26215700	6000000007037625245
Q26215739	6000000013056345962
Q26215748	6000000011129125944
Q26215755	6000000011130585018
Q26215794	6000000002188477845
Q26215854	6000000017071082187
Q26216001	6000000013371090677
Q262170	6000000016455034340
Q2621704	6000000007226736480
Q2621730	6000000008581380267
Q262178	6000000018938719184
Q26218179	6000000026225670035
Q26218275	6000000010145161058
Q26218283	6000000051118512866
Q26218491	6000000015323173153
Q2621859	6000000069950159821
Q2621911	6000000001504062486
Q26219766	6000000026481008470
Q262199	6000000001573036704
Q26220072	5088766084900070302
Q26220076	6000000011223799482
Q26220079	6000000002188508584
Q26220276	6000000010164557831
Q2622040	6000000008554119775
Q26220722	6000000003806029683
Q26220724	6000000019378934599
Q26220727	6000000007004910569
Q26220756	6000000001820030284
Q26220757	6000000010317990111
Q26220760	6000000010318595544
Q26220800	6000000073495624006
Q26220847	6000000016329962227
Q26220874	6000000064389209218
Q26220878	6000000205466911002
Q2622090	6000000012516999304
Q2622097	6000000003076593498
Q2622113	6000000015730984229
Q262212	6000000001841992452
Q2622139	6000000014559245739
Q2622146	6000000019096976886
Q26221491	6000000035731099421
Q262218	6000000002789238883
Q2622193	6000000015388738155
Q2622206	6000000059805811916
Q26222216	6000000013384607082
Q26222222	6000000140867186822
Q26222231	6000000014255017056
Q26222237	6000000010007433649
Q26222278	6000000028204841072
Q26222283	6000000024498829983
Q26222284	6000000023793315947
Q26222294	6000000044473640911
Q26222298	6000000010318424746
Q26222302	6000000020945832031
Q26222303	6000000202072813826
Q26222316	6000000015147145226
Q2622253	6000000019989765203
Q2622257	6000000145083953848
Q2622320	6000000008356851334
Q2622325	6000000016373265371
Q2622333	6000000177411848830
Q26223988	6000000041029768635
Q2622452	6000000025688814857
Q262254	6000000034317674919
Q2622544	6000000037094783165
Q26225460	6000000031578395395
Q26225478	6000000015512642999
Q2622549	6000000022467416776
Q26225796	6000000007350973523
Q2622580	6000000026272638637
Q2622628	6000000015126655898
Q2622636	6000000016504081820
Q2622639	6000000030879162509
Q2622644	6000000077195290934
Q2622675	6000000070739100252
Q2622688	6000000070298746498
Q262273	6000000008889658850
Q262278	6000000033346985870
Q2622796	6000000001299332414
Q26228046	6000000018249882987
Q2622808	6000000177507465859
Q2623026	6000000109312895350
Q2623057	6000000140071298852
Q26231	6000000035614345232
Q2623108	6000000028688564761
Q2623137	6000000069492168821
Q262319	6000000003242474301
Q2623382	6000000016754091886
Q2623445	386941722420010328
Q26234463	6000000001877493956
Q26234465	6000000033712406826
Q26234471	6000000050911003491
Q26234476	6000000010666885727
Q26234487	6000000021448493441
Q26234504	6000000014081075892
Q26234515	6000000028065645268
Q26234625	6000000022190436011
Q26234641	6000000014698966988
Q26234645	6000000017230576772
Q26234713	6000000207607363830
Q26234815	6000000091286851831
Q26234827	6000000033835572636
Q26235132	6000000009942530269
Q26235147	6000000146485369954
Q2623516	6000000018481492088
Q2623520	6000000007544010248
Q2623542	6000000087137824216
Q26235801	6000000019845894151
Q26235806	6000000013422398271
Q26235909	6000000088960795867
Q26235974	6000000079561788076
Q26235984	6000000039160318144
Q26235993	6000000035060734213
Q2623645	6000000008302609677
Q26236468	6000000045756126857
Q262367	6000000013143249912
Q2623726	6000000029241505253
Q2623727	6000000015139480322
Q26237312	6000000015423653148
Q26237348	6000000009977272211
Q26237415	6000000000128831397
Q26237448	6000000002265966272
Q26237466	6000000013613129838
Q26237467	6000000002296527544
Q26237469	6000000013613668340
Q26237499	6000000003114234417
Q26237500	6000000009666547219
Q26237502	6000000003216083573
Q2623752	6000000151464264850
Q262376	6000000011286187705
Q26237631	6000000112409709049
Q26238178	6000000010978436227
Q26238358	6000000003216112072
Q26238372	6000000038138907286
Q26238414	6000000018493239404
Q26239469	6000000031562639009
Q26239555	6000000074361846854
Q26239588	6000000010895253163
Q262396	6000000081191326962
Q26239709	6000000000128174418
Q26239714	6000000006828366697
Q26239722	6000000146029196839
Q26239726	6000000025989892132
Q26239732	6000000019950766544
Q26239736	6000000075776613834
Q26239739	4325808101360011549
Q26239741	6000000019162047275
Q26239744	6000000009678552748
Q26239751	6000000022229857396
Q26239766	6000000008512451633
Q26239804	6000000002565689749
Q26239811	6000000008496908781
Q26239816	6000000011717304476
Q26239823	6000000009127568800
Q26239831	5094028819220063132
Q26239839	6000000015273049235
Q26239899	6000000037235229408
Q262399	6000000029424908652
Q26239905	6000000009973352858
Q26239916	6000000009410001669
Q26239928	6000000064801169148
Q26239937	6000000051090344821
Q26239940	6000000023185976243
Q26239953	6000000019453809076
Q26239958	6000000012344723752
Q26239960	6000000019537575215
Q26239970	6000000011130645689
Q26239971	6000000008114787708
Q26239993	6000000017836891616
Q26240012	6000000030840208593
Q26240019	6000000019257524144
Q26240024	6000000028433789085
Q26240047	6000000017974504200
Q26240086	6000000018821607627
Q26240096	6000000011669531611
Q26240118	6000000037357160945
Q26240132	6000000010407876612
Q26240153	6000000013175270347
Q26240155	6000000012748059713
Q26240160	6000000002649826521
Q26240184	6000000005093124939
Q26240189	6000000003552384102
Q26240200	6000000002424087196
Q26240210	6000000009545092999
Q26240221	6000000075503786910
Q26240224	6000000075505826428
Q26240225	6000000009214354482
Q26240240	6000000002584393828
Q26240267	6000000063188961862
Q26240279	6000000008807812766
Q26240285	6000000019393769043
Q2624029	6000000165633352854
Q26240309	5663332334410075649
Q26240328	6000000006128124746
Q26240329	6000000077638066749
Q26240340	326568513340006689
Q26240347	6000000036724175958
Q26240354	6000000010298849485
Q26240363	6000000024186787251
Q26240371	6000000017097109282
Q26240389	6000000019483717877
Q26240421	6000000088604647021
Q26240427	6000000007645237854
Q26240433	6000000003903446160
Q26240436	6000000000091148100
Q26240443	6000000022251735464
Q26240483	6000000000698823774
Q26240491	6000000007993856531
Q26240493	6000000017487515249
Q26240497	6000000034688963095
Q26240503	6000000008666669219
Q26240513	6000000020437153453
Q2624068	6000000012212405114
Q2624068	6000000041326199327
Q2624092	6000000015173918090
Q2624111	6000000011524957462
Q2624201	6000000203776486833
Q26242243	6000000002765105114
Q2624233	326791360050006012
Q2624238	6000000006127108986
Q26242468	6000000003267295014
Q2624255	6000000018084427428
Q26242623	6000000024352049059
Q2624293	6000000017651440041
Q26242988	6000000074815594942
Q26242994	6000000070489357072
Q2624328	6000000009573554456
Q26243560	6000000083161431128
Q26243593	6000000014158852390
Q26243607	6000000002188450560
Q262437	6000000076772957652
Q26243724	6000000178105733859
Q26243731	6000000206616578859
Q2624380	6000000072325660322
Q26243880	6000000017883904123
Q26244011	6000000153913544853
Q26244127	6000000019933784026
Q26244599	6000000018350480767
Q26244609	6000000225579830900
Q2624463	6000000024268002325
Q26244638	6000000179302184879
Q26244644	6000000150890128056
Q26244647	6000000037650486541
Q26244653	6000000009128504352
Q26244655	6000000172320818679
Q26244676	6000000000616483889
Q26244677	6000000002311454583
Q26244686	6000000003022326754
Q26244742	6000000005455633001
Q26244753	6000000018436848851
Q2624477	6000000152191755823
Q2624488	6000000020214767926
Q2624492	6000000050223859127
Q2624501	6000000021134842877
Q26245029	6000000019947151765
Q26245178	6000000019337777193
Q2624604	6000000015808886282
Q26246928	6000000045992392898
Q26247047	6000000016786599394
Q262479	6000000137532799870
Q26247948	6000000015958195789
Q26247991	6000000030600055440
Q262482	6000000170823097834
Q26248373	6000000182422711842
Q26248379	6000000026780402909
Q2624841	6000000063273753844
Q26248546	6000000068275710829
Q26248549	6000000014000725996
Q26248598	6000000008201708493
Q26248606	6000000002460733122
Q26248622	6000000015354086729
Q26248630	6000000023701246928
Q26248779	6000000138975513898
Q26248782	6000000038464535367
Q26248783	6000000019072129165
Q262490	6000000057914504088
Q2625011	6000000020985363392
Q262502	6000000017777148381
Q26250395	6000000033731808705
Q26250398	6000000011851581577
Q26250509	6000000091168444898
Q26250603	6000000019207143248
Q26250622	6000000015774297849
Q26250678	6000000025609257896
Q2625069	6000000043308810143
Q26250694	6000000007037302288
Q262507	6000000010022824929
Q26250742	6000000037953745833
Q26250760	6000000023414648845
Q26250769	6000000013689802354
Q26250822	6000000005024659794
Q26250828	3353547
Q26250830	6000000037422784818
Q26250837	6000000077511421895
Q26251043	6000000002576752465
Q26251225	6000000163755579993
Q26251258	6000000093855998279
Q26251449	6000000211395299823
Q2625166	6000000014253306853
Q262518	6000000000197432685
Q2625197	6000000006106223615
Q26252270	6000000019989101219
Q26252549	6000000024172991362
Q2625262	6000000017214429715
Q26252781	6000000041590426110
Q26252824	6000000029983514297
Q26252877	6000000034626046245
Q26252892	6000000010195366400
Q26252968	6000000024052484753
Q262531	6000000021948456122
Q26253105	6000000013187364181
Q26253120	6000000014521529305
Q26253162	6000000078348565426
Q2625337	6000000017799953695
Q2625355	6000000028459439169
Q2625370	6000000018098420123
Q2625371	6000000034034425864
Q26253734	6000000005438441862
Q26253754	6000000023496540145
Q26253771	6000000171812572841
Q26253783	6000000015327237651
Q26254028	6000000000841476532
Q26254048	6000000014416752911
Q26254059	6000000026215209058
Q26254076	6000000006285021320
Q2625439	6000000217982748822
Q26254451	6000000112421402840
Q26254651	6000000157274041174
Q26254822	6000000027754932811
Q26254995	6000000016232045742
Q26255005	6000000016222639226
Q26255012	6000000010837263910
Q26255155	6000000026983567141
Q26255182	6000000015664767203
Q26255357	6000000030968245176
Q26255360	6000000010858905980
Q26255386	6000000010536325049
Q26255395	6000000018451704684
Q26255423	6000000031873286150
Q26255593	6000000208528252837
Q26255921	5208043373320127182
Q2625611	6000000070569694037
Q26256112	6000000026212347013
Q26256154	6000000016939809887
Q26256179	6000000046928652262
Q26256188	6000000002514360342
Q26256272	6000000018161055046
Q26256277	6000000180170424848
Q26256297	6000000050245749000
Q26256311	6000000018437162482
Q26256421	6000000010027899596
Q262565	6000000029426404278
Q2625663	6000000002998522536
Q26257075	6000000017785132824
Q2625725	6000000002187837808
Q26257515	6000000011773983550
Q26257714	6000000041047891908
Q26257729	6000000010219398275
Q26257740	6000000019590409347
Q26257744	6000000019756190783
Q26257746	6000000045004515821
Q26257749	6000000007043767282
Q26257754	6000000024253274014
Q26257781	6000000010089071328
Q2625789	6000000076296917968
Q26258111	6000000037580646360
Q26258115	6000000034840169947
Q26258136	6000000011342106631
Q26258151	6000000010073710242
Q26258168	6000000019007845206
Q26258172	6000000031840871076
Q26258180	6000000010801862290
Q26258220	6000000042855931898
Q26258300	6000000148800218882
Q26258382	6000000036563269232
Q26258481	6000000050683092970
Q26258705	6000000005046329440
Q26258757	6000000005174754015
Q26258785	6000000020150964483
Q26258791	6000000055594932180
Q26259149	6000000013224448481
Q26259490	6000000011095890428
Q26259655	6000000015045510731
Q2625979	6000000029209182528
Q262598	6000000000881188541
Q2625986	6000000176021538839
Q26259948	6000000140724918908
Q26259953	6000000024891209852
Q26259955	6000000180841001831
Q26260240	6000000003321297039
Q26260280	6000000008269651362
Q26260390	6000000011519070552
Q26260543	6000000002843121140
Q26260552	6000000116273608858
Q26260731	6000000038472914847
Q26260732	6000000013075730654
Q26260794	6000000022248653178
Q2626081	6000000019770683234
Q26261007	6000000017668561009
Q26261107	6000000075591712301
Q26261165	6000000010674492397
Q2626121	6000000003500164426
Q26261260	6000000038406215861
Q26261266	6000000087108830044
Q2626127	6000000015875336266
Q26261312	6000000018441502665
Q26261314	6000000014068297673
Q26261314	6000000044787492825
Q26261635	6000000055622395923
Q26261653	6000000018171607411
Q26261665	6000000047339128864
Q26261672	6000000047339667927
Q26261673	6000000047339105269
Q26261679	6000000011811432302
Q26261692	6000000011811395363
Q26261711	6000000011810531722
Q26261711	6000000039892385954
Q26261736	6000000006126620117
Q2626185	6000000082744451096
Q26261963	6000000039891756797
Q26261963	6000000193578648923
Q26261965	6000000039892519821
Q26261968	6000000039888950836
Q26261969	6000000001538262230
Q26261975	6000000013765824887
Q262620	6000000041572682105
Q26262000	6000000013765959160
Q26262008	6000000014877514307
Q26262017	6000000044788501323
Q26262027	6000000028645928625
Q26262032	6000000018307455343
Q26262033	6000000018307319511
Q2626207	305767105410001521
Q26262208	6000000021162918666
Q26262215	6000000084792501205
Q26262276	6000000044788792931
Q26262281	6000000022875402469
Q26262284	6000000014660864857
Q26262287	6000000085077593121
Q26262287	6000000174712322637
Q26262289	6000000085077714121
Q26262291	6000000085099725844
Q26262297	6000000041470208038
Q26262300	6000000003253285341
Q26262302	6000000003243594133
Q26262306	6000000028360763783
Q26262307	6000000003771173768
Q2626233	6000000184968289846
Q26262524	6000000047302461222
Q26262536	6000000010145088930
Q26262570	6000000016234732086
Q26262590	6000000028725322635
Q262626	6000000029410660043
Q26262610	6000000078060936934
Q26262757	6000000019839815103
Q26262767	6000000024131963914
Q26262774	6000000010403506127
Q26262800	6000000002188524050
Q26262855	6000000032217936303
Q26262867	6000000200361414839
Q26262876	6000000003203183830
Q26262956	6000000015228374177
Q2626298	6000000066683441939
Q26263121	6000000024225385859
Q26263174	6000000143970226845
Q26263246	6000000032745753331
Q26263251	6000000039248485176
Q26263258	6000000034981030003
Q2626330	6000000025607799060
Q26263305	6000000182269923828
Q26263331	6000000176891693861
Q26263349	6000000013220827605
Q262637	6000000019951449457
Q2626375	6000000013373573166
Q2626460	6000000015579869362
Q2626469	6000000027579551393
Q26265207	6000000011663061592
Q26265210	6000000012991132526
Q26265228	6000000018621045625
Q26265230	6000000048805479898
Q26265377	6000000017255593471
Q26265446	6000000009770121504
Q26265450	6000000031676361871
Q26265462	351243566650013793
Q26265476	6000000025239114554
Q26265486	6000000037404282513
Q26265494	323511649590004295
Q26265525	6000000036570547069
Q26265593	6000000024598284880
Q26265595	6000000019234117126
Q26265598	6000000016688906586
Q26265611	6000000006108037911
Q26265680	6000000039005800935
Q26265706	6000000015066237706
Q26265787	6000000028011560929
Q26265870	6000000021437083635
Q26265918	6000000002188542031
Q26265928	6000000019330847924
Q2626598	6000000018638916570
Q26266036	6000000002831290621
Q26266056	6000000101372588896
Q26266077	6000000145337976830
Q26266145	6000000036249630641
Q26266162	6000000082993584070
Q26266162	6000000085677747055
Q26266187	6000000088455315948
Q2626637	6000000084808218590
Q26266422	6000000025598512023
Q262674	6000000034560375156
Q26267470	6000000019255494688
Q26267677	6000000010816534177
Q26267735	6000000013055095838
Q26267770	6000000007961842338
Q26267776	6000000009673054206
Q26267872	6000000013486132158
Q262682	6000000143154479374
Q26268347	6000000014781564566
Q2626837	6000000032935846881
Q2626847	6000000002633263662
Q2626881	6000000020988901397
Q2626919	6000000021464370378
Q26269664	6000000017668568830
Q26269702	6000000015065346380
Q26270037	6000000004689897744
Q26270038	6000000007656359550
Q26270044	6000000039660667308
Q26270047	6000000040607751193
Q26270068	6000000020612596489
Q26270078	6000000154353553826
Q26270086	6000000062100711060
Q26270091	6000000034029684874
Q26270093	6000000182426550842
Q26270109	6000000020370871266
Q26270114	6000000104626251204
Q26270136	6000000096297220336
Q26270185	6000000002116415912
Q26270267	6000000000237995492
Q2627052	6000000145261915846
Q2627064	6000000101501408833
Q26270650	6000000034642258235
Q2627070	6000000007947420047
Q26270710	6000000053312093843
Q26270760	6000000000889413942
Q26270785	6000000020150353106
Q26270851	6000000013068604640
Q26270852	6000000003731269614
Q26270906	6000000037953988115
Q26270976	6000000004102803843
Q26271040	6000000013167558639
Q26271049	6000000037041350133
Q26271193	6000000015685275047
Q26271224	6000000006437736018
Q26271231	6000000004286529793
Q26271271	6000000036128923065
Q2627162	6000000007443074622
Q26271857	6000000010036048334
Q2627206	6000000031323658838
Q26272176	6000000013422403284
Q26272195	6000000011540884547
Q26272214	6000000000028387764
Q26272271	6000000009807031786
Q26272449	6000000012261348909
Q2627249	6000000195381847934
Q26272953	6000000051506567890
Q26273264	6000000008006634487
Q262734	6000000003814474394
Q262735	4408360
Q26273780	6000000140220985924
Q2627503	6000000200686780826
Q26275315	380051349660011050
Q262755	6000000003273846612
Q2627615	6000000002188440696
Q2627621	6000000041316375678
Q2627643	6000000032638228163
Q26276875	6000000102179952160
Q26276878	6000000044099577998
Q26277142	6000000006101202668
Q26277351	6000000017122101407
Q26277549	6000000010954546230
Q2627757	6000000107116009821
Q26278165	6000000039638445135
Q2627830	289801085250001435
Q2627833	6000000012699636835
Q26278350	6000000022788999667
Q262788	6000000006187605271
Q2627889	6000000076222457180
Q26279059	6000000041929244067
Q2627927	6000000020306877196
Q2627935	6000000068476976868
Q2627945	6000000031769877035
Q2627993	6000000004567401769
Q2628	6000000006952594757
Q262802	6000000034499235884
Q2628071	6000000059325228858
Q262812	6000000009546714747
Q2628160	6000000003783462545
Q2628179	6000000021088451441
Q2628182	6000000004214678007
Q262820	6000000023353317935
Q2628355	6000000027667737115
Q2628367	6000000183800701823
Q2628368	6000000015844174043
Q262838	6000000073323416758
Q2628443	6000000014734358436
Q26284824	6000000008191962114
Q2628485	6000000008665814295
Q262850	6000000077596493877
Q2628520	6000000025845894057
Q2628567	6000000007370025651
Q26286363	6000000109819600861
Q2628650	6000000112565533830
Q2628666	6000000006900703149
Q2628685	6000000001504290887
Q262871	6000000079842561905
Q26287662	6000000016546052640
Q2628788	6000000008448532436
Q262894	6000000010324846285
Q2628955	6000000020721544592
Q2628958	6000000003271917557
Q26289585	6000000026067237956
Q2628963	6000000069325870985
Q2628970	6000000039841276238
Q2628991	6000000033208845660
Q2628993	6000000016242907494
Q2629088	6000000010560870080
Q2629161	6000000012924449767
Q262921	6000000011935879641
Q2629225	6000000037317440943
Q2629267	6000000134061759912
Q26292916	6000000022552966936
Q26293269	6000000011314885448
Q2629336	6000000084236920501
Q26293549	6000000014049915320
Q26293990	6000000021211678305
Q26294	6000000184304860823
Q262942	6000000009617119107
Q26294287	6000000003656975766
Q262945	6000000013633050856
Q2629451	6000000166977641833
Q2629461	6000000114351906979
Q2629507	6000000019177037516
Q2629540	4420444380800085887
Q2629555	6000000017972184223
Q26296383	6000000035128204220
Q2629698	6000000025580181259
Q26297738	6000000024945568245
Q26299011	6000000027078348084
Q2629912	6000000002328004269
Q26299168	6000000001457160199
Q2629963	6000000177186052822
Q26299695	6000000003479737598
Q2629972	6000000079540649187
Q263000	6000000013476873714
Q263004	6000000021548426582
Q26300817	6000000104572376858
Q2630096	6000000011092964409
Q2630102	6000000022040935157
Q2630130	6000000079307028957
Q2630148	6000000143778485942
Q2630181	6000000015761203771
Q2630236	6000000029324810791
Q2630238	6000000014376904164
Q263024	6000000027652076766
Q263025	6000000009570781927
Q263032	6000000045092469870
Q2630339	6000000184484617831
Q2630371	6000000007338199562
Q26303863	6000000001504259292
Q263043	6000000007217860240
Q2630433	6000000009217361502
Q2630450	6000000184194487855
Q2630485	6000000057827244027
Q26305397	6000000019330935437
Q2630565	6000000180248960857
Q2630609	6000000016058715013
Q2630739	6000000011507737806
Q2630791	6000000080467337887
Q263080	6000000011598214855
Q2630812	6000000056868054479
Q26308335	6000000070877193993
Q26308436	6000000035304757887
Q2630919	6000000023909041247
Q26309270	6000000001366686444
Q26309274	6000000024485851967
Q263094	6000000050833637114
Q26309621	6000000107693722224
Q2630976	6000000008549739127
Q2631010	6000000173785830035
Q2631089	6000000182427497863
Q263109	6000000013805483497
Q263128	6000000009803543849
Q2631297	6000000071109024952
Q2631300	6000000019288883007
Q263143	6000000028284477311
Q263147	6000000025550551623
Q2631488	6000000167390329828
Q2631638	6000000001804265167
Q263172	6000000024888437044
Q2631722	6000000012773078132
Q2631780	6000000076880808890
Q2631800	6000000076888952928
Q2631838	6000000070393236730
Q2631847	6000000017450794204
Q2631897	6000000167390300883
Q2631914	6000000167390129833
Q2631931	6000000015884337542
Q2631942	6000000014692204055
Q2632	6000000009265739129
Q263207	6000000094854144083
Q263208	6000000032333614943
Q2632125	6000000071228011897
Q26321345	6000000002115947509
Q26321483	6000000060382394870
Q263215	6000000146483428863
Q2632163	6000000077253617969
Q2632168	6000000137569987822
Q2632251	6000000002908924089
Q2632350	6000000219051957835
Q2632355	6000000064508204831
Q2632390	6000000070322083174
Q26324597	6000000087910267855
Q2632542	6000000137004744992
Q263256	6000000011495074135
Q2632587	6000000006348497097
Q2632606	6000000077178938832
Q2632610	6000000071619754822
Q2632645	6000000019136828625
Q2632675	6000000178297003822
Q263270	6000000143556740846
Q2632757	6000000016420361975
Q26327646	6000000005598980896
Q26327664	2258983
Q2632834	6000000112236010847
Q263287	6000000093932945878
Q2632936	6000000079835463400
Q2632981	6000000197714129859
Q2632997	6000000000923023748
Q2633020	6000000016698491060
Q2633025	6000000013771715148
Q2633099	6000000144502139825
Q2633114	6000000024988792335
Q26331681	6000000025777915780
Q263318	6000000012291033425
Q2633193	6000000145525529891
Q263322	6000000017945463136
Q263324	6000000020164730260
Q263327	6000000002289556005
Q263334	6000000041499108897
Q2633548	6000000040001425196
Q2633620	6000000018011977066
Q2633633	4413559
Q263366	6000000000540072258
Q2633673	6000000004225401117
Q2633679	6000000149459676324
Q2633808	6000000178986226824
Q2633893	6000000027477483687
Q2634036	6000000124782144822
Q263405	6000000204895662875
Q263408	6000000141045608880
Q2634091	6000000021607947746
Q26341077	6000000031929631180
Q2634140	6000000034476038998
Q2634167	6000000017313063099
Q263420	6000000041663477073
Q26342018	6000000090486540933
Q26342041	6000000015771566895
Q263428	6000000115303394889
Q263430	6000000017316436774
Q2634358	6000000182423132823
Q263442	6000000079202453940
Q263454	6000000003583684153
Q2634625	6000000076527547821
Q2634629	6000000001666670018
Q2634648	6000000000111109791
Q2634816	6000000019868365562
Q2634884	6000000074769880019
Q2634974	6000000120915477877
Q263501	6000000007177624275
Q2635090	6000000008210638338
Q2635201	6000000002333812135
Q2635204	6000000008366461897
Q263531	6000000017088177033
Q2635358	6000000002753263378
Q2635392	6000000003106380556
Q263540	6000000001469538220
Q263541	6000000038862721135
Q2635461	6000000028742844344
Q2635523	6000000003681553843
Q2635573	6000000056650755307
Q26356142	6000000009666027865
Q263564	6000000057329352823
Q2635642	6000000014193511631
Q2635694	6000000001388018348
Q263575	6000000082533545936
Q2635759	6000000118224242839
Q26358109	6000000000731330075
Q2635824	6000000004987462413
Q263591	6000000035438289876
Q263597	6000000046565744950
Q2636020	6000000002027240229
Q2636058	6000000046453419838
Q2636085	6000000002412795031
Q2636210	6000000046387214084
Q263623	312574543800006450
Q2636255	6000000009569161614
Q2636316	6000000020164447757
Q2636360	6000000215783753856
Q2636376	6000000191540889160
Q2636380	6000000175157842051
Q2636385	6000000011870283757
Q2636403	6000000128696215048
Q2636468	6000000024351726945
Q263648	6000000017738015987
Q263656	6000000002417434631
Q2636612	6000000041544139488
Q2636618	6000000008462743766
Q2636624	6000000003891024753
Q263663	6000000050948571872
Q2636641	6000000016403881010
Q2636648	6000000021375965809
Q2636718	6000000031504148336
Q2636748	6000000016373830537
Q2636764	6000000084871727400
Q2636771	6000000000274262512
Q263681	6000000075593516901
Q263691	6000000117992162135
Q2636948	6000000009316190993
Q263696	6000000010022706678
Q2637179	6000000027416713164
Q2637201	6000000024253932623
Q2637214	6000000070986282846
Q2637245	6000000059785497925
Q263728	6000000089351616088
Q2637350	6000000003182695182
Q2637363	6000000015801103040
Q2637384	6000000164663077893
Q263743	6000000072054795870
Q263748	6000000012795777676
Q2637556	6000000163741852055
Q2637581	6000000162897104897
Q2637649	6000000020907419282
Q2637691	6000000067087608165
Q2637693	5124609098270137764
Q2637708	6000000176093758852
Q263772	6000000104983263459
Q2637760	6000000048073430191
Q2637804	6000000082152490833
Q2637806	6000000011090014907
Q2637820	6000000002929469499
Q2637835	6000000014687569812
Q2637900	6000000010915844184
Q2637902	6000000004153074665
Q2637990	6000000035820204131
Q2637995	6000000019068095843
Q2638025	6000000038439178323
Q2638045	6000000039416609178
Q2638079	6000000028044517275
Q2638091	6000000040149948839
Q263810	6000000014873522754
Q2638135	6000000015955274793
Q2638148	6000000021948162939
Q2638198	6000000081787418432
Q2638244	6000000039248414260
Q2638245	6000000023752671827
Q2638279	6000000014951288513
Q2638386	6000000105073783853
Q2638403	6000000148592245884
Q2638404	6000000143250559966
Q26384560	6000000024485326303
Q2638473	6000000033294476889
Q2638528	6000000017206998234
Q2638533	6000000049130778824
Q26385336	6000000017058350267
Q2638539	6000000027405758972
Q263855	6000000038315466784
Q2638560	6000000074742704059
Q26385728	6000000052130775232
Q26385736	6000000040993302838
Q2638574	6000000036226648158
Q26385743	6000000040993006376
Q2638575	6000000003386125431
Q2638577	6000000025995746373
Q2638578	6000000025996178219
Q2638594	6000000047757224203
Q263861	6000000002074265126
Q2638624	6000000103435293872
Q26386420	6000000011129407115
Q2638644	6000000130612975822
Q2638669	6000000176624128841
Q2638688	6000000042357726007
Q2638701	6000000002802957998
Q2638741	6000000174048545839
Q26387424	6000000179746828840
Q26387810	6000000026076840563
Q2638803	6000000001450600026
Q2638804	6000000017478340313
Q263884	6000000043180607885
Q2638845	6000000079311951986
Q26388579	6000000096835706821
Q26389014	6000000075666035838
Q2638911	6000000014807238635
Q26389352	6000000010088501512
Q26389361	6000000033976473538
Q26389364	6000000043025013652
Q26389397	6000000026730119473
Q2638971	6000000053439067913
Q2639057	6000000178376513826
Q2639107	6000000009513188014
Q2639134	6000000022665290951
Q2639145	6000000051577696087
Q2639154	6000000068987703892
Q2639157	6000000083845718197
Q2639164	6000000080352570921
Q2639167	6000000025661519971
Q2639173	6000000025942334888
Q2639177	6000000180943768845
Q2639184	6000000020339268277
Q2639191	6000000054616293043
Q2639222	6000000018204429155
Q2639230	6000000002860040473
Q2639263	6000000058175940876
Q2639360	6000000166676600856
Q2639361	6000000016424200887
Q26394031	6000000016820661317
Q2639404	6000000109326891829
Q2639446	6000000019940342456
Q2639455	6000000143237402869
Q2639465	6000000076461058736
Q263949	6000000007817808653
Q2639508	6000000002031179749
Q263951	6000000184221845945
Q2639521	6000000008743163614
Q2639558	6000000017503124919
Q2639648	6000000020446222354
Q2639669	6000000178965509835
Q2639758	6000000099576644256
Q263977	6000000027106254060
Q2639777	6000000048741610076
Q2639779	6000000180199921822
Q263979	6000000012227776004
Q26398281	6000000017766619308
Q26398712	6000000011095104152
Q26399067	6000000010674410917
Q2639912	6000000054917163276
Q26399157	6000000039183786057
Q2639925	6000000025467486409
Q2639927	6000000024048562159
Q26399400	6000000038737475231
Q2639944	6000000136569419849
Q2639948	6000000019275753117
Q2639949	6000000015644560126
Q2639957	6000000196813327825
Q2639959	6000000063698262885
Q26399607	6000000025804472443
Q2639969	6000000112678367849
Q263997	6000000002452521755
Q26399752	6000000009458108442
Q2639983	6000000129554306889
Q2639995	6000000025467755149
Q2640017	6000000021944581041
Q2640029	6000000005598808004
Q2640040	6000000093935082038
Q2640063	6000000021673884766
Q2640075	6000000012917060398
Q2640080	6000000014189995043
Q2640085	6000000016242116064
Q2640087	6000000024516027812
Q264011	6000000029573227492
Q264013	6000000001893719099
Q2640201	6000000021002532449
Q2640225	6000000075039324834
Q2640254	6000000176338676852
Q2640256	6000000082725302936
Q26403600	6000000084135198883
Q26403906	6000000014416365984
Q26403910	6000000014108254482
Q2640392	6000000077880222025
Q26403920	6000000021622089151
Q2640424	6000000039820751962
Q2640425	349901020010001993
Q26404706	6000000019006633979
Q2640481	6000000168189717120
Q26404923	6000000004172611595
Q26404926	6000000033902093380
Q2640500	6000000017120811459
Q26405024	6000000030448548863
Q26405137	6000000022720915441
Q26405147	6000000055743501002
Q2640516	6000000006590107984
Q2640536	6000000178847286840
Q2640582	6000000057590703932
Q26405845	6000000056331113080
Q2640611	6000000000329679724
Q2640679	6000000156547649822
Q26406832	6000000012587518085
Q2640705	6000000035205439945
Q2640773	6000000075293827982
Q2640795	1028970
Q2640801	6000000008951804226
Q2640812	6000000081498976287
Q2640814	6000000024049967476
Q2640819	6000000011196463913
Q2640834	6000000004550647509
Q2640856	6000000019537151103
Q264086	6000000136295603970
Q2640860	6000000014479089413
Q2640976	6000000080750883844
Q2641036	6000000008561783024
Q2641093	6000000166781514834
Q2641127	6000000004097604701
Q2641168	6000000127160700184
Q2641189	6000000140430518862
Q2641191	6000000040969679053
Q2641192	6000000007150128433
Q2641285	6000000025003470550
Q264133	6000000084916445346
Q2641363	6000000014245181005
Q2641412	6000000080035784861
Q2641426	6000000009748081205
Q2641456	6000000050554440825
Q264158	6000000143822198992
Q26416249	6000000017668620558
Q26416431	6000000026904380709
Q264168	6000000027562028399
Q2641691	6000000002702687961
Q2641733	6000000182104539881
Q26417495	6000000026532172833
Q2641792	6000000011764231409
Q2641858	6000000017935324345
Q2641894	6000000037476727845
Q2641901	6000000001727136881
Q2641905	6000000003596870357
Q26419209	6000000024848005085
Q2641925	6000000003891024932
Q2641933	6000000011100400686
Q2641944	6000000008409249196
Q26419665	6000000010817206492
Q26419739	6000000014251018275
Q26419750	6000000000076313403
Q26419753	6000000038228737865
Q264199	6000000015010053189
Q26420157	6000000007015558657
Q26420183	6000000011921840714
Q2642030	6000000097554704892
Q2642046	6000000171964729275
Q26420557	6000000027168347870
Q2642058	6000000151910696881
Q2642063	6000000066861429955
Q26420697	6000000002045690405
Q26420707	6000000002188536496
Q26420827	6000000017802070078
Q264212	6000000143829315828
Q2642123	6000000025591483942
Q2642133	6000000013936462486
Q2642157	6000000032929161626
Q2642161	6000000024997477987
Q26421610	6000000065176213922
Q2642191	6000000024638149589
Q26422129	6000000183805139833
Q26422562	6000000036886705887
Q2642281	6000000029164596006
Q2642296	6000000078662189823
Q26423120	6000000050579602214
Q26423334	6000000018158253765
Q26423526	6000000013054059465
Q26423696	6000000004867878045
Q26423867	6000000039311836057
Q264239	6000000035583758940
Q2642391	6000000034175420912
Q26424	6000000008900561103
Q2642424	6000000003772730575
Q26424259	6000000019220194189
Q26424262	6000000035040354458
Q26424268	6000000038421722174
Q2642427	6000000010514020198
Q26424280	6000000013240064474
Q26424280	6000000019116836420
Q2642544	6000000013132411928
Q2642557	6000000180016464821
Q2642558	6000000010207649247
Q2642560	6000000072634609190
Q2642577	6000000010352201210
Q2642579	6000000036844562761
Q2642587	6000000128942976841
Q2642618	6000000026888690163
Q2642627	6000000012721127201
Q2642653	6000000019922877012
Q2642689	6000000023488174757
Q2642708	6000000017807978410
Q2642759	6000000002802999302
Q2642809	6000000018953846198
Q2642823	6000000017551531321
Q2642835	6000000010512058634
Q2642883	6000000000495956573
Q2642898	6000000026829483949
Q2642962	6000000016701154429
Q2643	6000000008408115384
Q2643003	6000000173263533424
Q2643016	6000000023238966614
Q264306	355747844900013359
Q2643088	6000000024954702938
Q2643112	6000000000882690731
Q264314	6000000011048852328
Q2643163	6000000036524000209
Q2643211	6000000017865356928
Q2643238	6000000043481385044
Q2643243	6000000051224826863
Q264326	6000000027743208510
Q26432984	6000000004015439877
Q26433063	6000000026827468870
Q2643317	6000000016485974157
Q2643347	6000000032923188780
Q2643355	6000000003232545490
Q2643371	6000000004096535709
Q2643376	6000000208385009859
Q2643383	6000000180219036821
Q2643388	6000000003758087259
Q2643394	6000000011534706384
Q26433955	6000000046452402462
Q2643398	6000000077469739519
Q264340	6000000089799428860
Q2643401	6000000057920871835
Q2643404	6000000051905440880
Q264341	6000000027817744992
Q2643412	6000000092933824095
Q2643430	6000000051324853947
Q2643432	6000000015303052109
Q2643437	6000000095729099077
Q2643439	6000000093632836847
Q26434487	6000000056254184995
Q2643456	6000000011419733924
Q2643461	6000000084013775671
Q2643486	6000000079215471111
Q2643490	6000000019551287256
Q26434910	6000000025621966103
Q2643493	6000000017350647483
Q2643495	6000000014065151073
Q2643507	6000000050499240821
Q2643512	6000000007399560447
Q26435392	6000000000638562162
Q264361	6000000003309282415
Q264362	6000000009837092338
Q2643637	6000000001055454434
Q2643649	6000000002188616939
Q264368	6000000004154417178
Q2643699	6000000033595678202
Q2643774	6000000017478039328
Q2643787	6000000000051801514
Q2643793	6000000002343276289
Q264382	6000000040976990850
Q2643867	6000000176655217821
Q264389	6000000014272941499
Q264393	6000000186984002823
Q2643943	6000000032722946723
Q264400	6000000015672585303
Q2644044	6000000055520309971
Q264418	6000000101475307821
Q2644238	6000000067498459020
Q2644288	6000000009247328906
Q2644358	6000000037843624354
Q2644397	6000000098211087822
Q2644421	1238209
Q2644505	6000000070275121827
Q2644513	6000000015153436887
Q2644530	6000000019371164768
Q2644535	6000000054633587109
Q2644546	6000000033628358969
Q26445739	6000000003177809122
Q2644617	6000000016010900107
Q2644624	6000000032794756991
Q2644708	6000000034780941589
Q2644712	6000000023532933482
Q2644727	6000000026080233137
Q2644740	6000000003496693143
Q2644746	6000000061143159884
Q2644753	6000000034250784971
Q2644767	6000000036833188804
Q264477	6000000055861039206
Q2644798	6000000032082718572
Q26448057	6000000000941590281
Q264482	6000000002783362223
Q264483	6000000044575373410
Q2644839	6000000012458065314
Q2644883	6000000150145197016
Q2644896	6000000113127689837
Q264490	6000000044098742472
Q2644901	6000000121128611009
Q26449035	6000000039028306777
Q26449043	6000000028972606399
Q26449053	6000000008100776194
Q26449060	6000000007750323900
Q26449068	6000000011138613232
Q26449075	6000000046570652901
Q26449082	6000000030052382128
Q26449089	6000000004150966112
Q26449113	6000000066750999044
Q26449119	6000000093357006127
Q26449143	6000000000692231583
Q26449154	6000000038891603763
Q2644917	6000000010996350783
Q2644933	6000000125243065826
Q26449368	6000000025468027132
Q2644938	6000000024487711512
Q2644939	6000000088315541834
Q2644953	6000000015139047267
Q2644982	6000000035796453424
Q2644986	6000000192859049841
Q26449944	6000000016545977854
Q26450151	6000000013053875628
Q2645035	6000000010308959608
Q2645040	6000000026260166244
Q2645047	5725313084820038683
Q2645050	6000000007924811189
Q26450689	6000000020703775898
Q2645069	370689075210012735
Q2645091	6000000020892280704
Q2645133	6000000071705474481
Q2645159	6000000179971040843
Q264516	4495633446900083054
Q26451761	6000000003821767453
Q26451783	6000000075787162960
Q2645189	6000000090008884284
Q2645191	6000000058006177978
Q26452194	6000000015915252593
Q26452380	6000000019141778261
Q2645242	6000000084882113860
Q26452576	6000000013119819371
Q2645282	6000000023912500671
Q2645284	6000000007677821872
Q26452875	6000000013233013092
Q26452947	6000000017667782773
Q26453029	6000000013693654782
Q2645312	6000000000793526338
Q2645313	6000000017600680633
Q2645315	6000000007040456732
Q2645327	6000000078665043912
Q26453309	6000000145890357836
Q26453764	6000000079104822228
Q26453976	6000000015817104583
Q2645413	6000000035565869833
Q2645430	6000000079261969998
Q2645470	6000000031321951946
Q26454816	6000000038329219690
Q26454821	6000000025471427441
Q26454828	6000000002188542668
Q2645486	6000000022188701043
Q2645512	6000000212144121822
Q2645514	6000000074695954869
Q2645521	6000000048075073436
Q26455215	6000000038088917152
Q26455224	6000000103228204055
Q26455239	6000000012030590291
Q2645524	6000000113448719841
Q2645529	6000000023012429939
Q26455555	6000000017572740462
Q2645560	6000000015159811304
Q2645565	6000000037968754559
Q26455709	6000000019232769551
Q26455714	6000000176320449881
Q26455717	6000000010960892727
Q26455735	6000000017881304394
Q26455748	6000000002116181719
Q26455751	6000000014244274865
Q2645586	6000000023681292398
Q2645589	6000000002300492653
Q2645598	6000000016184796373
Q26456	6000000006709501378
Q26456607	6000000023091910127
Q26456611	6000000026103808503
Q2645696	325779376540005705
Q26457118	6000000010218647959
Q2645761	6000000112365756879
Q2645770	6000000173396441027
Q26457727	6000000014859394390
Q2645784	6000000031109410879
Q26458	6000000030797966178
Q2645894	6000000013630710203
Q26458996	6000000008994016376
Q26459082	6000000030550955035
Q264593	6000000000273235330
Q2645942	6000000015729210831
Q2645956	6000000017535099944
Q2645957	6000000015446723891
Q264596	6000000029871897118
Q2645975	6000000012684373454
Q2645983	6000000012684373450
Q2645991	6000000014440114388
Q2646	6000000044337343846
Q2646027	6000000024475720351
Q2646129	6000000014222876560
Q2646151	6000000038122917910
Q2646169	6000000018897260641
Q2646201	6000000030732876969
Q2646215	6000000023853678939
Q2646217	6000000058729554917
Q2646218	6000000041212575844
Q2646225	6000000023794087035
Q2646231	6000000016553985049
Q2646236	6000000054469478113
Q2646237	6000000023752257862
Q2646240	6000000172375621392
Q2646246	6000000013521301804
Q2646248	6000000077365999990
Q2646251	6000000017502633299
Q2646254	6000000002188420572
Q2646258	6000000052092992870
Q2646259	6000000016203062469
Q2646261	6000000007483025740
Q2646263	6000000068495761822
Q2646264	6000000023898517329
Q2646279	6000000027671359251
Q2646280	6000000035981112027
Q2646283	6000000024739329252
Q264630	6000000012697561345
Q26463368	6000000014799386906
Q2646376	6000000116859558908
Q2646392	6000000177618080902
Q2646405	6000000067804760827
Q2646459	6000000173757314033
Q2646463	6000000067755803900
Q264648	6000000015132053735
Q2646516	6000000143243647968
Q2646591	6000000029899010745
Q2646598	6000000106883999874
Q26466209	6000000009930175204
Q2646691	6000000049702746915
Q2646832	6000000000128887326
Q2646853	6000000014440986943
Q2646888	6000000018565600354
Q264694	6000000026016759629
Q2646947	6000000008924071889
Q2646974	6000000105738961870
Q264699	6000000011253821137
Q2646999	6000000140776882964
Q264700	6000000027557764548
Q2647049	6000000007661696237
Q2647087	6000000065639278978
Q264709	6000000001368712384
Q2647139	6000000177096746822
Q264715	6000000006242246207
Q264724	6000000010095385569
Q264730	332451171030005829
Q264732	6000000013420262459
Q26474	6000000085099396937
Q2647450	6000000090732746180
Q2647515	6000000071714935565
Q264759	6000000004670167384
Q264766	6000000017650054573
Q26477	6000000023340266718
Q26477238	6000000009940085004
Q2647814	6000000025013705520
Q264787	6000000127139151107
Q26479	6000000019858339813
Q2647924	6000000065103782988
Q2647988	6000000183098712828
Q2647989	3419878
Q26480550	6000000038472867817
Q26480750	6000000016241458505
Q26480844	6000000026179044166
Q26480985	6000000013232090136
Q26481	6000000014947579108
Q26481152	6000000006437554489
Q26481360	6000000032483939067
Q26481990	6000000101372947842
Q26482390	6000000010088965990
Q2648326	6000000001635179623
Q2648341	6000000019593597033
Q2648342	6000000002978598182
Q2648347	6000000043440464114
Q2648375	6000000074725963091
Q2648399	6000000103647448853
Q264840	6000000031054223843
Q264849	6000000003140265291
Q26485074	6000000010132128051
Q26485186	6000000076910596800
Q264855	6000000015282541176
Q2648565	6000000009699830313
Q26486215	6000000002967616311
Q2648705	6000000038072588935
Q26487203	6000000030791583936
Q264874	6000000019539560622
Q26487990	6000000024089890070
Q264908	6000000003922971429
Q264914	6000000008541955378
Q26491624	6000000140218797221
Q264918	6000000042789667796
Q264921	5406625126120113977
Q2649210	6000000028694092308
Q26492699	6000000032107710982
Q26492915	6000000025777913543
Q26493228	6000000020870371668
Q2649555	6000000008163756088
Q264960	6000000159914528829
Q2649762	6000000039096395072
Q2649820	6000000015139667029
Q2649837	6000000075279402907
Q264986	6000000178469988835
Q265006	6000000039536385839
Q2650169	6000000021131959907
Q265021	6000000008808756278
Q2650230	6000000215911818845
Q26502569	6000000026919500122
Q2650266	6000000024913515814
Q265034	6000000024119035984
Q2650358	6000000179431395821
Q265037	6000000027916241655
Q2650429	6000000109742218896
Q2650450	6000000013492975482
Q2650452	6000000027539464345
Q2650484	6000000096229765407
Q2650538	6000000016325274652
Q2650569	6000000021750215515
Q2650584	6000000043360169103
Q2650621	6000000138635366975
Q2650628	6000000082681239283
Q2650687	6000000016492490259
Q2650688	6000000008754196874
Q265076	6000000080126778899
Q26508450	6000000080118402846
Q26509609	6000000166018160869
Q2651024	6000000060486712858
Q2651110	6000000073958403826
Q265121	6000000011288341301
Q2651216	6000000014428748515
Q2651290	6000000023415153105
Q265131	6000000025049386433
Q2651363	6000000024641749451
Q2651452	6000000020051355218
Q2651636	6000000015746192035
Q26517	6000000184222335848
Q2651728	6000000062615476209
Q2651879	6000000057770009860
Q2651889	6000000036258736052
Q2651925	6000000081832641838
Q2651957	6000000011627494445
Q2652009	6000000035083466138
Q265202	6000000178030497841
Q2652023	6000000006768944359
Q2652027	6000000026324907420
Q2652029	6000000003504090651
Q2652033	6000000032645254089
Q2652040	6000000175866565908
Q2652109	6000000015907168245
Q2652225	6000000008546660829
Q2652232	6000000079263941903
Q2652237	6000000022985152154
Q2652241	6000000006603843143
Q2652320	6000000181666738834
Q265249	6000000001009251164
Q265250	6000000178308095859
Q2652670	6000000018854429477
Q265288	6000000148154830824
Q265293	6000000026187401964
Q2652983	6000000010135385035
Q2653058	6000000010804629257
Q2653172	6000000009980336166
Q2653181	6000000007535959232
Q2653339	6000000003216087903
Q265340	6000000024999986994
Q2653431	6000000047658042135
Q2653494	6000000017194482121
Q2653557	6000000059573423860
Q265358	6000000009699968720
Q2653618	6000000050735343263
Q2653630	6000000071626435112
Q265366	6000000002115953005
Q2653793	3990778343340074078
Q26539	6000000143876066521
Q265391	6000000027933689635
Q2653986	6000000003540142541
Q265403	6000000021038848946
Q265422	6000000018233995459
Q265427	6000000031991877875
Q265430	6000000006727855670
Q2654558	6000000011157526468
Q2654563	6000000029142556713
Q2654583	6000000006444272122
Q265471	6000000023968912358
Q2654776	6000000183253728858
Q2654784	6000000014304817006
Q265479	6000000166025902845
Q2654847	6000000065850700975
Q2654862	366502347020011967
Q2654876	6000000042513701075
Q2654878	6000000025099164471
Q2654986	6000000033076271886
Q2655	6000000007148831281
Q2655002	6000000055620141018
Q26551	6000000025725785459
Q2655140	6000000012071243906
Q2655148	6000000042090619219
Q2655207	6000000099081483821
Q2655209	6000000009627494764
Q2655250	2594729
Q2655258	6000000163470926206
Q2655284	6000000074787280405
Q265531	6000000060123417969
Q26554	6000000003541683907
Q2655440	6000000150856226924
Q2655517	6000000001937634539
Q265553	6000000129420042821
Q2655547	6000000012687726560
Q2655591	6000000039453710394
Q2655597	6000000025207921989
Q265562	6000000013633758777
Q2655645	6000000006277530130
Q2655660	6000000007014427740
Q2655668	6000000014733322855
Q2655724	3752974
Q2655731	6000000010139228655
Q2655793	6000000012468487304
Q265580	6000000059783694998
Q2655881	6000000017495973156
Q265595	6000000010349493461
Q2655974	6000000016188347817
Q26560	6000000009964354380
Q265603	6000000007291571409
Q265615	6000000076517726859
Q265621	6000000030769874199
Q2656247	6000000121482319823
Q2656472	6000000043162990439
Q2656478	6000000069918118957
Q2656482	6000000001928272807
Q2656508	6000000004872440600
Q2656516	6000000024316274588
Q2656524	6000000020551258288
Q2656534	6000000017759796278
Q2656548	6000000023484044065
Q265658	6000000038411523683
Q26566	6000000003926014341
Q265668	6000000034943594047
Q2656718	6000000018379990869
Q265683	6000000180048424827
Q2656870	6000000222344068943
Q2656958	6000000217110549821
Q2656961	6000000032755749536
Q265697	6000000180096459830
Q2656972	6000000026558371342
Q265698	6000000007471624367
Q2656989	6000000075999090305
Q2656990	6000000001610572487
Q2657012	6000000116755544888
Q265702	6000000046203852842
Q2657043	6000000002316072074
Q265706	6000000009897961465
Q265712	6000000000679751359
Q2657145	6000000014193729933
Q2657249	6000000006603574440
Q2657249	6000000215430976829
Q265726	5052567184450028518
Q2657331	6000000041656876433
Q2657355	6000000069551914933
Q265740	6000000145334040889
Q265754	6000000133114706469
Q2657659	6000000001504371751
Q26577004	6000000179876330826
Q2657745	6000000057718977858
Q265776	6000000011186025561
Q2657811	6000000000436898288
Q265796	6000000002543846355
Q26580	6000000079062446367
Q2658030	6000000016092400420
Q2658043	6000000008824665355
Q265809	6000000031253857328
Q265810	6000000078353585928
Q2658124	6000000175210193034
Q265813	6000000182235279821
Q26581517	6000000021260083282
Q265820	6000000036531339129
Q2658246	6000000015980688806
Q2658277	6000000129633858097
Q2658279	6000000030776225987
Q2658284	6000000020241184203
Q2658302	6000000000628797222
Q2658313	6000000070108623849
Q2658365	6000000024091409912
Q265841	6000000009420149354
Q26584267	6000000035768936867
Q2658508	6000000043232008624
Q265852	6000000046715670056
Q265855	6000000012282104511
Q2658643	6000000170202248029
Q265865	6000000001543243425
Q2658722	6000000006450699150
Q265880	6000000001573810236
Q265898	6000000002023806017
Q2658990	6000000003353028742
Q2659120	6000000018871202377
Q265937	6000000003870926043
Q2659392	6000000021293785433
Q2659478	6000000095234806168
Q2659515	6000000016310439307
Q265957	6000000008339440171
Q2659670	6000000009786970410
Q2659770	6000000037930727199
Q265980	6000000012503914637
Q2659992	6000000068976278877
Q266011	6000000064499322821
Q2660123	6000000024451689146
Q2660127	6000000035433185374
Q2660307	6000000026868212944
Q266040	6000000027526352736
Q266056	6000000016065009325
Q2660567	6000000140794909834
Q2660766	6000000167053485920
Q2660801	6000000023880019324
Q2660811	6000000002802817050
Q2660875	6000000040785512247
Q2660878	4646949011960065704
Q2660886	4163865830720080579
Q2660910	6000000072125761849
Q266097	6000000061734039836
Q2661005	6000000015672106437
Q26611	6000000003273396866
Q266119	6000000019381501580
Q266124	6000000021969887536
Q266125	6000000011060828888
Q2661347	6000000000520482628
Q2661396	6000000062364258934
Q2661419	6000000171819839968
Q266142	6000000000307256735
Q2661448	6000000001483207218
Q2661511	6000000021328517695
Q2661542	207790
Q2661557	6000000082007358414
Q2661624	6000000011368304717
Q2661641	6000000003658158948
Q266166	6000000025083160209
Q2661665	6000000182232936017
Q266172	6000000025234572871
Q2661879	6000000171045836830
Q266190	6000000057980214014
Q266195	6000000000632031663
Q2662040	6000000019934873354
Q26621	6000000085287294900
Q2662125	6000000031077669976
Q2662134	6000000040152093005
Q2662152	6000000007925504002
Q2662227	6000000001481205017
Q26622701	6000000029649151655
Q2662277	6000000008166631458
Q2662344	6000000009544862592
Q26623605	6000000088726834976
Q2662405	6000000011371134709
Q26624464	6000000000955341674
Q2662497	6000000082842763956
Q26625	6000000010073605499
Q26625959	6000000107734994944
Q2662605	6000000002188440704
Q266266	6000000015432528154
Q2662683	6000000009928710944
Q266270	6000000173579353064
Q2662704	6000000041678316304
Q2662739	6000000000306460834
Q26628593	6000000015014182747
Q2662864	6000000163840105250
Q2662935	6000000176930724824
Q266296	6000000016394806594
Q2663137	6000000002136517050
Q2663222	5333779629630121477
Q2663300	6000000003147469201
Q266335	6000000009741236698
Q266339	6000000014973620642
Q266340	6000000016024413923
Q26634508	6000000053633127908
Q2663461	6000000017602477535
Q2663470	6000000001318035341
Q2663482	6000000007177687328
Q2663573	6000000018077415257
Q2663586	4688195480260089745
Q266361	6000000027786606632
Q2663670	6000000042510512931
Q266368	6000000040565133010
Q2663707	6000000012212959470
Q2663797	6000000057747106866
Q2663888	6000000037890994177
Q266391	6000000179850976827
Q266402	6000000084563663323
Q266415	6000000029820442158
Q266416	6000000017518154951
Q2664172	6000000113574745925
Q266439	6000000042196315716
Q2664419	6000000013482940024
Q266445	6000000121925950855
Q266468	6000000009914659104
Q2664799	6000000112457016831
Q2664809	6000000010132173972
Q26648406	6000000015749388260
Q266499	6000000208406582821
Q2665049	6000000009465487979
Q2665054	6000000015139139838
Q266506	6000000029697296753
Q2665113	6000000011561780005
Q2665119	6000000004217842499
Q26651955	6000000017116240053
Q266520	6000000180904163821
Q2665364	6000000013490257951
Q2665468	4847364372480054847
Q2665475	6000000075429052022
Q2665524	6000000014959507730
Q2665591	6000000018974225833
Q2665603	6000000028124492364
Q266563	6000000168190003835
Q266568	338569089050003696
Q26658034	6000000180196144961
Q2665846	6000000051696224292
Q2665851	6000000089591978949
Q2665885	6000000069135130978
Q2665964	6000000009342093541
Q2666147	6000000009944045849
Q2666161	6000000071415089961
Q2666233	6000000078846247777
Q2666308	6000000009787178696
Q266651	6000000069488232996
Q2666631	6000000014071960100
Q2666639	6000000015906111958
Q266669	6000000100980309837
Q2666703	6000000206008444822
Q266693	6000000017906327458
Q266694	6000000002290313687
Q2667	6000000007362589858
Q2667032	6000000024292879052
Q266713	6000000025783435812
Q2667223	6000000032823391942
Q266728	6000000007300800344
Q266730	6000000024473053228
Q2667376	6000000198115738821
Q2667430	6000000036636561838
Q2667575	6000000012698639109
Q2667735	6000000017505870674
Q26678275	6000000037152616356
Q26678476	6000000002497436351
Q26678489	6000000010259080038
Q26678491	6000000058131390834
Q26678498	6000000010259470970
Q26678524	6000000044454552896
Q26678532	6000000103315387852
Q26678729	6000000008960994612
Q26678804	6000000042749789997
Q26678806	6000000029962474655
Q26678813	6000000017130807018
Q26678814	6000000003487669309
Q2667950	6000000000701212460
Q266798	6000000001046318307
Q2667985	6000000166548134156
Q2668037	6000000022236950973
Q266808	6000000010243876001
Q2668090	6000000009860221719
Q2668186	6000000001679536687
Q266820	6000000008574397712
Q2668436	6000000186370287824
Q2668499	6000000043442742065
Q2668571	6000000018008951057
Q2668776	6000000028021798709
Q2668824	6000000004140168164
Q2668828	6000000028879341142
Q2668833	6000000017975917790
Q2668873	6000000082730567933
Q266889	6000000043667829979
Q2668927	6000000019360651782
Q26689278	6000000080332041845
Q26689391	6000000010318208248
Q26689395	6000000017864576119
Q26689749	6000000034708696124
Q26689750	6000000024269647419
Q26689894	6000000002961166156
Q26689915	6000000052099297853
Q26689919	6000000010158738596
Q26689946	6000000012879238150
Q26689966	6000000000076315776
Q26689989	6000000003425024012
Q26689990	6000000003711879043
Q26690007	6000000029323639088
Q26690029	6000000005437486652
Q26690037	6000000012566254807
Q26690043	6000000022784922719
Q266901	6000000128636364821
Q26690101	6000000016529556850
Q26690249	6000000040776375725
Q266911	6000000168657790892
Q266912	6000000011297942411
Q26691294	6000000018375664234
Q26691313	6000000008123374425
Q26691318	6000000014660178690
Q26691327	6000000024479223816
Q2669138	3978493217620031257
Q266917	6000000002142486138
Q26692163	6000000050379252955
Q26692168	6000000076395565920
Q26692271	6000000050281906956
Q26692292	6000000025926016095
Q26692294	6000000021207383995
Q2669234	6000000141016135903
Q2669258	6000000014989856389
Q2669272	6000000029839673837
Q2669305	6000000008792941795
Q2669342	6000000013507467631
Q26693863	6000000091266370847
Q26695	6000000007008689102
Q2669571	6000000014925487349
Q26695723	6000000015818284401
Q26695726	6000000036073652483
Q266959	6000000003447878657
Q26695941	6000000018431480221
Q26695945	6000000009272985561
Q26695977	6000000013491547211
Q26695991	6000000034708675002
Q26695998	6000000015396904998
Q26696166	6000000073219241965
Q2669635	6000000036900016309
Q26696408	6000000012649649849
Q26696583	6000000030058580118
Q26696613	6000000013001995564
Q26696716	6000000023353562854
Q26697421	6000000011091682616
Q2669755	6000000140725658176
Q2669817	6000000021332218789
Q2669823	6000000209396433833
Q2669826	6000000018647657939
Q266985	6000000150987609822
Q2669898	6000000008733682429
Q2669905	6000000010935524020
Q266991	6000000070529306837
Q2669959	6000000009775511240
Q2669962	6000000014946510698
Q2669971	6000000019884403254
Q26700159	6000000003365364667
Q2670080	6000000007748810201
Q2670089	6000000020073423400
Q26701524	6000000000602980121
Q26701549	6000000009836150067
Q26701570	6000000012382884998
Q2670161	6000000002717983499
Q26701845	6000000012385051966
Q26702	6000000001639470032
Q26702243	6000000140699434848
Q26702273	6000000145530482851
Q26702283	6000000010038937294
Q26702292	6000000098871512141
Q26702293	6000000046149401180
Q26702300	6000000122729140011
Q26702330	6000000024617953422
Q26702353	6000000141073675830
Q26702418	6000000007085005856
Q26702593	6000000180048601824
Q26702656	6000000026550796051
Q26702697	6000000032364899987
Q26702709	6000000010734602014
Q26702723	6000000096672610886
Q26702739	6000000036136199047
Q26702798	5553477257430106365
Q2670281	6000000019373491201
Q26702833	6000000002649906329
Q26702874	6000000016817854805
Q26703036	6000000180549898947
Q26704994	6000000024414431152
Q267051	6000000030250660866
Q2670536	6000000011727038753
Q26705437	6000000009332547480
Q26705682	6000000014872461644
Q267058	6000000074073931848
Q267061	6000000011363670452
Q2670667	6000000000722179211
Q26706951	6000000024206149283
Q26706960	6000000022668899310
Q26707113	6000000096524034846
Q26707502	6000000152604136821
Q26707534	6000000003176643749
Q26707685	6000000004808294002
Q26707704	6000000019700105153
Q26707705	6000000024696839848
Q26708141	6000000024816480870
Q26708142	6000000025515791718
Q26708146	6000000001413499391
Q26708766	6000000000903297263
Q26708770	6000000017212560752
Q267088	6000000010788780581
Q26708802	6000000000903313460
Q26708807	6000000002831295219
Q26709064	6000000039683120658
Q26709109	6000000036701045862
Q2670911	6000000013208172339
Q26709200	6000000006444082510
Q2670930	6000000136299142075
Q26709642	6000000002994364284
Q26710156	6000000015512080849
Q26710168	6000000015512733116
Q26710615	6000000180906515828
Q26710627	6000000024433448901
Q26710628	6000000018103066095
Q26710653	6000000145227030881
Q26710658	6000000045270376994
Q267107	6000000001794077026
Q26710736	6000000012860480315
Q26710958	6000000001504776735
Q2671105	6000000027608606173
Q26711443	6000000002476720643
Q267119	6000000184440831886
Q26711986	6000000003827755434
Q26712948	6000000206633818869
Q26713086	6000000014878677714
Q26713609	6000000014878912339
Q26713657	6000000088449951829
Q26713657	6000000174716640356
Q26713835	6000000016681562863
Q26713835	6000000036361963712
Q26713852	6000000036364477279
Q26714	6000000024976569929
Q2671428	6000000029142367682
Q2671438	6000000019883995838
Q26714432	6000000012213054273
Q26714467	6000000014879058253
Q26714493	6000000014879126092
Q26714756	6000000209396328823
Q2671499	6000000015085647028
Q26715047	6000000164246683829
Q26715171	6000000003899736991
Q26715175	6000000173296644377
Q26715235	6000000046290572899
Q26715237	6000000150994889822
Q26715414	6000000181480879899
Q26715425	6000000077981181218
Q26715703	6000000101663338824
Q2671678	6000000075502371923
Q267175	6000000000748345050
Q2671801	6000000017240106353
Q26718322	6000000034582252896
Q267186	6000000018810050893
Q26718786	6000000025002062541
Q26719039	6000000024431853560
Q2671909	6000000001763767513
Q26719525	6000000064217226831
Q26719606	6000000015626842136
Q26719788	6000000015397541078
Q26719865	6000000015396755442
Q26720042	6000000007105531499
Q26720045	6000000007105090359
Q26720121	6000000064538925842
Q26720148	6000000036386079510
Q26720171	6000000033831920151
Q26720206	6000000020569982158
Q26720225	6000000022465864653
Q26720228	6000000011797282494
Q26720230	6000000088902202979
Q26720288	6000000009156893989
Q26720299	6000000108834855821
Q26720300	6000000000614160462
Q26720366	3060312
Q26720367	6000000007852764860
Q26720382	6000000082534854847
Q26720413	6000000082534456987
Q26720425	6000000011636766972
Q26720649	6000000097113524824
Q26720828	6000000083727564369
Q26720949	6000000002296633013
Q26720950	6000000002296510083
Q26720957	6000000008181886201
Q26720961	6000000025708369046
Q26721017	6000000026179288166
Q26721040	6000000011064554390
Q26721124	6000000184127360864
Q26721325	6000000011064953520
Q26721352	6000000166195575821
Q26721397	6000000077406755765
Q26721511	6000000010363614227
Q26721615	6000000145230686986
Q267217	379877033000004920
Q26722169	6000000039085934888
Q26722318	6000000011129545665
Q26722324	6000000019255926736
Q26722342	6000000026270484096
Q26722369	6000000002188524038
Q26722378	6000000176551915854
Q26722410	6000000017009911721
Q26722422	6000000011384663167
Q26722427	6000000023028686861
Q26722457	6000000011106316558
Q26722557	6000000029990830372
Q26722558	6000000029993273890
Q26722560	6000000016282210912
Q26722562	6000000032888195048
Q26722637	6000000015066981519
Q26722642	6000000015065508823
Q26722744	6000000017163155109
Q26722746	6000000011036583140
Q26722753	6000000010156676465
Q26722866	6000000011118271751
Q26723557	6000000013425556213
Q26723700	6000000028082188974
Q26723776	6000000084314601857
Q26723782	6000000010249354267
Q26723914	6000000054203545904
Q26724	6000000087467601863
Q267242	6000000069706644962
Q2672455	6000000003004400306
Q267247	6000000014285697002
Q26724745	6000000133121382965
Q2672476	6000000015184589433
Q26725002	6000000041235898178
Q2672604	6000000026715384283
Q26727168	6000000017634463276
Q26727233	309621651570003899
Q26727384	6000000001396282316
Q26727406	6000000042408174710
Q26727446	6000000003901987212
Q26727497	6000000083456645886
Q267275	6000000015766032606
Q2673	6000000004576878854
Q2673088	6000000002370633622
Q2673104	6000000002444958160
Q26732195	6000000050506176894
Q2673223	6000000068359542895
Q2673235	6000000040997000230
Q26732786	6000000001194263237
Q267330	6000000033349751794
Q267331	6000000006727753537
Q2673314	6000000002841955600
Q267347	6000000003446500549
Q26734725	6000000015665119171
Q26734733	6000000016297106294
Q267351	6000000030182458114
Q26735303	6000000020663904426
Q26735310	6000000039892907152
Q26735341	6000000030684374718
Q26735359	6000000018733423410
Q267354	6000000003446218818
Q267359	6000000141554314286
Q26736118	6000000011524101653
Q26736131	6000000015839976938
Q26736134	6000000011252858328
Q26736180	6000000014423170261
Q26736269	288645288220004670
Q26736308	6000000016546885621
Q26736341	6000000009514269335
Q26736471	6000000043837091872
Q26736528	6000000035021734531
Q26736741	6000000014818590056
Q26736811	6000000015032231643
Q267377	6000000005792065253
Q26737723	6000000013431607075
Q267384	310798842800005704
Q2673867	6000000107550312867
Q2673879	6000000009353424312
Q26738883	6000000020659308014
Q267393	6000000040619014443
Q2674098	331287196970002700
Q26741005	6000000096340322152
Q2674172	6000000027723459282
Q26742226	6000000080287714832
Q26742870	6000000000179146513
Q26742875	6000000005220786570
Q267438	6000000027630421099
Q267441	6000000085415122833
Q267458	6000000002459929920
Q267481	6000000041335350940
Q2674914	6000000061199496940
Q2675248	6000000009697346239
Q2675294	6000000011980870570
Q2675370	6000000020423311134
Q26753899	6000000042233245455
Q26753901	6000000002617314502
Q2675514	6000000071109621869
Q26756022	6000000022600266766
Q2675612	6000000106968974883
Q26756847	6000000011362925502
Q267579	6000000053654488880
Q26758638	6000000056456214821
Q26758643	6000000000889629977
Q26758654	5551495567670064618
Q26758897	6000000016303638444
Q26758918	6000000003221246897
Q26759557	6000000020683038669
Q2675995	6000000017856728920
Q2676033	6000000015401318392
Q267605	6000000055883295828
Q26760969	6000000001877504134
Q26760970	6000000022334939365
Q26760971	6000000025414666300
Q26760990	6000000016271688542
Q2676111	6000000015980974572
Q26761692	6000000007663089783
Q26761829	6000000051532369089
Q2676207	6000000036079035886
Q267629	6000000015721025263
Q26763656	6000000040444317849
Q26763686	6000000077139552467
Q26763701	6000000013899445289
Q26763710	6000000055623107889
Q26763822	6000000014723681143
Q26763827	6000000001772544107
Q26763833	6000000063631293125
Q267648	6000000027744849470
Q267651	6000000079495584354
Q267667	6000000020195728442
Q2676714	6000000018761301521
Q26767352	6000000059780808108
Q2676888	6000000003087818717
Q267691	6000000007357576359
Q26769390	6000000184998810872
Q26769403	6000000033659898763
Q26769409	6000000024915896781
Q26769432	6000000022135088859
Q26769478	6000000008773214864
Q26769534	6000000218167161897
Q26769548	6000000083909412868
Q26769564	6000000015651644837
Q26769739	6000000075505316932
Q26769862	6000000023369336821
Q26769893	6000000077654719320
Q26769898	6000000072229018834
Q2677	6000000000712079092
Q26770227	6000000151334439823
Q267718	6000000029639124839
Q26772005	6000000003071257908
Q26772386	6000000011288491977
Q267724	6000000014534187584
Q26772415	6000000008791633314
Q26772418	6000000008790700903
Q26772420	6000000008791055659
Q26772509	6000000007026676284
Q26772519	6000000022657077206
Q26772644	6000000029617820883
Q26772645	6000000029596576765
Q2677366	6000000020009336680
Q26774901	6000000008327041963
Q2677501	6000000029718247195
Q2677505	6000000015665375173
Q26776691	6000000024916141496
Q26776772	6000000008161923612
Q267769	6000000074704899075
Q26776941	6000000035541346105
Q26776993	6000000083513526833
Q26777646	6000000013642091498
Q26779187	6000000021330260340
Q26779190	6000000000352519503
Q26779223	6000000017610564555
Q26779669	5448553929580080309
Q26779713	6000000002116032858
Q26779717	6000000058720434892
Q267803	6000000001357575565
Q267814	6000000156892995918
Q267829	6000000171730260934
Q267836	6000000036767014851
Q267839	6000000039930647229
Q267868	355477430760013292
Q2678705	6000000155833926827
Q26787258	5300560407920050210
Q26787845	6000000003114026922
Q26788448	6000000013434463942
Q26788598	6000000010570247131
Q26788964	6000000008942516360
Q26788976	6000000053030041917
Q26789003	6000000018407486351
Q26789003	6000000184913112821
Q26789006	6000000030888843439
Q267902	6000000043552555979
Q26790273	6000000044001118828
Q26790476	6000000001370239372
Q26790651	6000000034804066032
Q26790662	6000000034803570715
Q2679087	6000000008094304315
Q26791220	6000000102730893949
Q26791455	6000000015125423476
Q26791577	6000000000618687075
Q26791860	6000000019338919771
Q26791861	6000000020514975983
Q26791862	6000000014402536722
Q26791892	6000000002188674541
Q26791894	6000000021015261566
Q26791902	6000000019765000095
Q26791923	6000000016867734007
Q2679267	6000000006451931411
Q26792885	6000000026899909141
Q2679314	6000000051439714846
Q26793314	6000000069802329850
Q26793315	6000000026901726872
Q2679369	6000000026090876544
Q2679370	6000000002116172872
Q2679431	6000000142412016932
Q2679435	6000000003714066802
Q2679563	6000000012267154526
Q2679579	6000000015353381395
Q2679649	6000000007168921404
Q2679655	4274442820880031685
Q2679779	6000000000770008073
Q267985	6000000006231768015
Q2679879	6000000124666213825
Q267988	6000000012396900379
Q2679973	6000000013655806283
Q2680	6000000008051339022
Q268003	6000000041266102889
Q2680038	6000000145526031765
Q2680065	6000000139496691986
Q268018	6000000012863790356
Q268024	6000000018617260004
Q26802765	6000000030173391524
Q2680375	6000000024548154991
Q268046	6000000076108635102
Q268050	6000000000733469168
Q26805973	6000000048519045063
Q26806	6000000013879950230
Q268064	6000000040525085108
Q26806416	6000000001407384210
Q26806428	6000000001407466577
Q26806430	6000000019433710456
Q26806553	6000000187270535920
Q26806593	6000000003589153654
Q26806701	6000000007027053044
Q26807837	6000000010020404462
Q2680828	6000000012589273909
Q2680876	6000000059713391018
Q2680880	6000000059628662933
Q2680916	6000000059653262948
Q2680950	6000000014254555507
Q26809708	6000000074302179990
Q2680974	6000000021702132058
Q268099	6000000013956335258
Q26810096	6000000012663320260
Q2681022	6000000005102147233
Q2681027	6000000059657399884
Q2681032	6000000059528359906
Q2681036	6000000059716420120
Q2681042	6000000076089834978
Q2681057	6000000036055221462
Q2681061	6000000059450282122
Q2681066	6000000036669373835
Q268110	6000000023388337995
Q268118	6000000093030907051
Q2681376	6000000018550633712
Q268139	6000000003147685702
Q2681468	6000000179735721851
Q268147	5602488684630058788
Q268166	6000000036718001388
Q26817514	6000000008777367641
Q26817547	6000000013545305438
Q268177	6000000049894545149
Q26817990	6000000021848437792
Q26818022	6000000026218410460
Q268181	6000000049194756345
Q26818531	6000000059828250981
Q26818535	6000000071767580315
Q26818553	6000000006423812045
Q26818557	6000000000501510417
Q26818564	6000000053692040885
Q26818610	6000000019609848877
Q26819143	6000000030187902893
Q2682006	6000000008168993884
Q2682059	6000000018639053294
Q26821394	6000000002250251854
Q268217	6000000006348614840
Q26821757	6000000019501341638
Q2682240	6000000015665781108
Q2682475	6000000177287300827
Q268259	6000000022302090177
Q268262	6000000001910008748
Q2682651	6000000056939742860
Q26828024	6000000209199845855
Q26828075	6000000020655386437
Q26828157	6000000003273396541
Q26828241	6000000044198283409
Q268284	6000000041958490592
Q26828648	6000000081115676112
Q268294	6000000179358014919
Q2682998	6000000023911863370
Q26830151	6000000142747615821
Q26831044	6000000081303468669
Q268311	6000000041641569344
Q26831173	6000000018098053574
Q2683125	6000000002188416401
Q26831266	6000000026366795766
Q2683132	6000000038949374533
Q268316	4283026799590034661
Q268326	6000000028140339224
Q26832860	6000000152742048840
Q2683295	6000000054363318166
Q26832984	6000000115299984904
Q2683316	6000000008521538226
Q26833726	6000000180950071843
Q26834145	6000000021355876323
Q26834381	6000000007026410315
Q268344	6000000000350860988
Q26834436	6000000007026579292
Q26834442	6000000006999170034
Q26834450	6000000007026722175
Q26834588	6000000089359109830
Q268356	6000000011914404721
Q26835680	6000000007110080398
Q26835711	6000000001676920396
Q26835745	6000000003600876692
Q26835764	6000000009198886492
Q26835799	6000000011273318860
Q26835825	6000000006999187004
Q26835837	6000000064020539875
Q26835846	6000000013907797502
Q2683696	6000000050142797839
Q268374	6000000153765040907
Q26837413	6000000053713600870
Q268379	6000000000307240949
Q26838184	6000000007105968479
Q268382	6000000002099242671
Q26838241	6000000039683307302
Q26838266	6000000143564650826
Q26838333	6000000022713099828
Q26838339	6000000014785910180
Q26838384	6000000179352368824
Q26838385	6000000127063459120
Q26838396	6000000068135676854
Q26838417	6000000013983296233
Q26838421	6000000019697001254
Q26838473	6000000015839907844
Q26838494	6000000004867300224
Q26838508	6000000054968993000
Q26838548	6000000111582263858
Q26838554	6000000068342433821
Q26838622	6000000063124653471
Q26838749	6000000007125384301
Q268389	6000000136786152164
Q2684102	6000000017368484379
Q268412	6000000049226045935
Q268413	6000000002882039715
Q268439	6000000091139650069
Q2684406	6000000017356638377
Q26844295	6000000030918431197
Q268443	6000000068365699848
Q26844704	6000000177342200838
Q26845752	6000000064634681937
Q268466	6000000027431187908
Q268478	6000000000969146765
Q26848	6000000079497819944
Q2685	6000000008025347849
Q2685144	6000000001585386147
Q26853	6000000184918720910
Q26854056	6000000006559589002
Q2685455	6000000003219694267
Q26855338	6000000189099120830
Q2685558	6000000175720007823
Q268562	6000000093230535961
Q26856841	6000000040675965272
Q26856878	6000000020823098043
Q268569	6000000057734029983
Q268575	6000000040691235797
Q26857627	6000000017913301670
Q26857649	6000000012686737336
Q26857662	6000000024693216669
Q26857670	6000000002115890680
Q26857696	6000000091534379946
Q26857700	6000000034379388026
Q26857708	6000000001877504143
Q26857731	6000000022992362539
Q26857762	6000000004571306909
Q26857773	6000000014251018252
Q26857887	6000000045877064760
Q26857910	6000000043003987289
Q268584	6000000060464359821
Q2685938	6000000040287984744
Q2685940	6000000010228776451
Q268599	6000000074086904865
Q268604	6000000002905213915
Q2686175	6000000018293570970
Q268633	2863043
Q2686624	6000000004684274895
Q26868362	6000000016280362000
Q26868365	6000000181954453829
Q26868691	358474495010013926
Q2686874	6000000018714411019
Q26868754	6000000013414930606
Q2686876	6000000171912547908
Q26868793	6000000015975515101
Q2686904	6000000037010034136
Q268691	6000000025644068033
Q268695	6000000003784418821
Q268702	6000000009209693914
Q2687043	6000000025863557634
Q26871089	6000000079857269105
Q2687253	6000000019372143790
Q2687335	6000000007611106741
Q2687393	6000000016203921628
Q2687402	6000000007098375362
Q26876	6000000006714651564
Q26877300	6000000004532046008
Q2687758	6000000078880482056
Q26877874	5307885793310030749
Q26878057	6000000016453665038
Q26878161	6000000023936403108
Q26878166	6000000006727785228
Q26878953	6000000139503472834
Q26879	6000000021503124374
Q2687902	6000000040754862686
Q26879043	6000000180093320886
Q26879235	6000000086791738125
Q268799	6000000002590373191
Q2688024	6000000045623280836
Q26880568	6000000013690952569
Q26882124	6000000002831290497
Q26882294	6000000028887933957
Q26882450	6000000004170171804
Q26882451	6000000006727944904
Q26882457	6000000004326447826
Q268831	6000000007499892742
Q26884373	6000000095332521878
Q26884490	6000000168184353969
Q26884737	6000000144812582881
Q2688663	6000000003711165883
Q2688686	6000000007026418020
Q268870	6000000024361610272
Q2688704	6000000013184846227
Q2688728	6000000003370229181
Q268874	6000000005761646537
Q2688833	6000000000986073071
Q2688849	6000000022105370151
Q2688853	6000000000095631392
Q268896	6000000001390304044
Q268899	6000000030562770288
Q2689005	6000000012070565766
Q2689007	6000000012070018989
Q2689062	6000000078282042381
Q268933	6000000030083517400
Q2689341	6000000006132234118
Q2689391	6000000017204793345
Q268940	6000000008550435964
Q2689496	6000000000692545813
Q268961	6000000103380602971
Q26897673	6000000047031647876
Q268977	6000000004097766707
Q26898656	6000000013101260038
Q26898942	6000000015795549060
Q26898943	6000000002497397735
Q26898955	6000000024386095329
Q26898957	6000000011122535332
Q26898961	6000000011481416701
Q268990	6000000022168026913
Q26899116	6000000023051421053
Q26899122	6000000023440593482
Q26899132	6000000009388535479
Q26899132	6000000027253415918
Q26899132	6000000029366194863
Q26899133	6000000026104958557
Q26899141	6000000051694733007
Q26899265	6000000015269108121
Q268994	6000000039933042615
Q2689951	6000000001484721520
Q26899558	6000000078380339003
Q2690151	6000000179352678829
Q2690153	6000000003481830004
Q26902155	6000000089713038917
Q2690251	6000000014149305334
Q26903371	6000000156346491823
Q26903834	6000000006632886001
Q269039	5072879181570042920
Q26904557	6000000055252214051
Q269055	6000000005441911795
Q2690559	6000000014162425634
Q26905885	6000000028273120371
Q26905899	6000000030209148978
Q26905900	6000000023496704471
Q26906504	6000000004593790573
Q2690828	6000000067374793891
Q269087	6000000007662735517
Q269094	6000000014693733599
Q269098	6000000166454411020
Q269110	6000000178754701837
Q2691101	6000000062040201842
Q2691123	6000000013147931590
Q26911606	6000000021653915613
Q26911614	6000000014875581595
Q2691164	6000000019290332244
Q26911863	6000000018161248006
Q26911899	6000000003714091728
Q26911913	6000000023149115115
Q26911914	6000000000841490431
Q26912273	6000000000691550216
Q26912279	6000000015085056176
Q26912281	6000000009154840362
Q26912286	6000000025758554302
Q26912288	6000000019155001851
Q26912342	6000000017671901839
Q269129	6000000027484932668
Q269130	6000000056785623821
Q26913092	6000000031293026839
Q26913326	6000000073965569960
Q269137	6000000073056104997
Q26914008	6000000001142623585
Q2691488	2431406
Q26917	6000000007934830077
Q2691715	6000000021199123582
Q269177	6000000066683960912
Q269182	6000000138509713825
Q2691905	6000000069173533142
Q26919229	6000000137616227952
Q2691946	6000000039762793130
Q269202	6000000128496841849
Q2692035	6000000005013479431
Q26920986	6000000004868058081
Q26920993	6000000057592572843
Q26921328	4065659845040030775
Q269214	6000000030431288033
Q26921430	6000000023540035819
Q26921822	6000000150787522886
Q26922114	6000000177596728881
Q26922151	6000000042042173212
Q26922154	6000000010982816847
Q269226	6000000004115097919
Q26923148	6000000054493657014
Q26923245	6000000186244893854
Q269242	6000000020195564360
Q26925173	6000000203770117834
Q2692543	6000000014206858439
Q269263	6000000002188612979
Q2692652	6000000018899579837
Q26926633	6000000180219741854
Q2692767	6000000056371677910
Q2692810	6000000195667684825
Q26928891	6000000006347375259
Q269291	6000000036594131833
Q2693005	6000000057741298110
Q269302	377634498320002170
Q2693093	6000000022970319040
Q269310	6000000083821352759
Q26931557	6000000012850068339
Q2693160	6000000016203118202
Q2693313	6000000031063694359
Q26933326	6000000021014242414
Q2693350	6000000023012537040
Q2693359	6000000071390038966
Q26934107	6000000173853023198
Q26934465	6000000150923889864
Q2693491	6000000084044767220
Q269351	6000000007329601083
Q269355	6000000069130187894
Q269357	350592689890001148
Q269360	6000000012547558205
Q269361	6000000178318283822
Q26936700	6000000067012237983
Q26936770	6000000067014787875
Q26936774	6000000067016148934
Q26936811	6000000226692463882
Q269371	6000000004225531511
Q269372	6000000016768296402
Q2693759	6000000023510631023
Q26938750	6000000088310021305
Q269392	6000000027361506485
Q2693931	6000000009826042975
Q269408	6000000078224591963
Q269412	6000000000701511040
Q2694124	6000000025022974646
Q269422	6000000014697377747
Q269425	6000000141114826884
Q26943605	6000000093215259949
Q2694438	6000000087160051945
Q269445	6000000019946234274
Q2694451	6000000115851187822
Q2694462	6000000057111273238
Q26944792	6000000003273408101
Q26944925	6000000208741911892
Q26945028	6000000044303570481
Q26945038	6000000044303514862
Q26945305	6000000014825213346
Q2694741	6000000015698137366
Q269483	6000000002789134818
Q269485	6000000178420191050
Q269493	304381187310006479
Q269495	6000000035584944943
Q2694988	6000000017816064060
Q2695064	6000000124334621954
Q2695220	6000000006409413264
Q2695301	6000000171395830821
Q2695484	6000000042154031180
Q2695500	6000000009709076290
Q2695539	6000000037086318854
Q26956062	6000000069818634877
Q26956068	6000000040130235952
Q2695615	6000000015721172649
Q269572	6000000015474107404
Q269585	6000000029105150792
Q269585	6000000034430860884
Q26958645	6000000182339189831
Q26958655	6000000013940153987
Q269589	6000000099780989821
Q26959062	6000000009968159500
Q26959562	6000000006727817723
Q2695963	6000000142731126823
Q2696037	6000000020959397921
Q269611	6000000007551765699
Q2696110	6000000019962101272
Q2696142	6000000080200008914
Q2696164	6000000020296690131
Q2696229	6000000184997941826
Q2696252	6000000019298533062
Q26964309	6000000016345395043
Q269656	4104524
Q26966086	6000000145442271821
Q2696650	6000000002735252620
Q2696680	6000000011979515350
Q269669	6000000025607500678
Q2696773	6000000129460507869
Q269679	6000000046712653142
Q2696850	6000000041188630060
Q269692	6000000025621198855
Q2696934	6000000159898842861
Q269694	6000000069114447899
Q269697	6000000047193261904
Q269698	6000000175552989829
Q269709	6000000010140315276
Q2697090	6000000008310737617
Q26970962	6000000076836651991
Q26971240	6000000033960276002
Q26971707	6000000043199927381
Q26971738	6000000002540840057
Q26971794	6000000007490617201
Q26971823	6000000165984787433
Q26971855	5120206532460045459
Q26972020	6000000077328479471
Q26972472	6000000183610596828
Q26972560	6000000136814229987
Q26973075	6000000156877342821
Q269731	6000000017427328903
Q26973288	6000000024222338576
Q26973511	6000000006145451154
Q26973514	6000000015168798602
Q26973518	6000000006347779832
Q26973658	6000000133100202957
Q269745	6000000017015485524
Q26975	6000000019034974245
Q2697615	6000000013984381436
Q269762	6000000075224788837
Q269774	6000000002393350664
Q2697778	6000000000133427681
Q2697778	6000000003192243898
Q26978739	6000000015129491166
Q269799	6000000081538180100
Q269802	6000000018156624715
Q2698041	6000000091775937999
Q2698067	6000000178910093881
Q2698118	6000000000235973696
Q269812	6000000001063090202
Q269815	6000000015488814130
Q269819	6000000000051791725
Q269825	6000000019181856650
Q269832	6000000115342107846
Q269835	6000000015132283400
Q269843	6000000033805760909
Q2698450	6000000021606857515
Q269846	6000000007323727042
Q2698472	6000000040869713115
Q269848	6000000015281053823
Q2698511	6000000000128821859
Q2698565	6000000113455577052
Q2698612	6000000006128363146
Q26986299	6000000043239100168
Q269863	6000000002802236135
Q2698652	6000000017681334559
Q269869	6000000106598079940
Q26986951	6000000080838748259
Q269872	6000000014761710589
Q26987405	6000000040154700382
Q269879	6000000060127143986
Q2698895	6000000146222116822
Q269890	6000000026093625866
Q269894	6000000046909651871
Q269895	6000000009129757303
Q269907	6000000040457232894
Q2699086	6000000035523326741
Q2699088	6000000018106655866
Q269909	6000000033685418987
Q2699182	6000000020787181203
Q2699204	6000000009986009529
Q269927	6000000017786746572
Q26993	6000000010876216526
Q269932	6000000002240794985
Q26993221	6000000006918706889
Q26993241	6000000007690143640
Q26993248	6000000003456164983
Q26993339	6000000006590150969
Q269934	6000000007849082557
Q269940	6000000084785299956
Q26994719	6000000020221879822
Q26994733	6000000019569890015
Q26994762	6000000015377728055
Q26994772	6000000019800448693
Q26994790	6000000022859405012
Q26994961	6000000010616610772
Q26994969	6000000000048323745
Q26995022	6000000009895244719
Q26995039	6000000030060262377
Q26995043	6000000178870021824
Q26995045	6000000001035688794
Q26996177	6000000106062724827
Q26996769	6000000063031906885
Q26996997	6000000028619647057
Q26997009	6000000028620281832
Q26997112	6000000030210322847
Q26997317	292199726530001782
Q26997340	292199893660006822
Q26997422	6000000010562674057
Q26997428	6000000079867460873
Q26997458	6000000003937957654
Q269975	6000000059399872088
Q26997509	6000000010311000234
Q2699751	6000000007613710034
Q26997526	6000000069530715106
Q26997527	6000000012770693306
Q26997533	6000000015073554378
Q26997590	6000000040349148455
Q26997598	6000000117991655011
Q26997638	6000000005599044628
Q26997672	6000000081288068883
Q26997682	6000000048026423265
Q26997690	6000000006597486748
Q26997708	6000000024172685265
Q26997714	6000000051886391900
Q26997725	6000000006161456238
Q26997728	6000000054124801017
Q26997756	6000000046683896122
Q26997759	6000000180173521821
Q26997778	6000000046235408194
Q26997882	6000000177981049835
Q26997906	6000000030639622061
Q26997919	6000000013539619011
Q26997949	6000000021213492184
Q26997982	6000000020532932560
Q26997985	6000000001056428622
Q26998060	6000000013805292551
Q26998082	6000000001502967104
Q26998104	6000000051999660917
Q26998124	6000000163415264948
Q26998142	6000000015334129608
Q26998182	6000000019413583750
Q2699819	6000000177495752851
Q26998208	6000000019390589352
Q26998212	6000000034305933925
Q26998223	6000000013135290290
Q26998276	6000000010162961614
Q26998287	6000000023723548945
Q26998292	6000000092723521418
Q26998337	6000000010512873026
Q270002	6000000000343029823
Q2700123	6000000014962278074
Q27001691	6000000051092828337
Q2700170	6000000016816746716
Q27001801	6000000180111041842
Q27001833	6000000046054944384
Q27001860	6000000014194245145
Q27001866	6000000012213631339
Q27001878	6000000014927258272
Q2700188	6000000152661554828
Q27001901	6000000012213791534
Q27002286	6000000012213437593
Q27002910	6000000014949104827
Q27002953	6000000014949449578
Q27003074	6000000015346327106
Q27003074	6000000177056310840
Q27003286	6000000016681925760
Q27003338	6000000041053985040
Q27003343	6000000003720768233
Q270038	6000000002555785002
Q270049	6000000004882598224
Q270060	6000000182263502838
Q2700668	6000000071059894676
Q270075	6000000170282704837
Q2700750	6000000020601038755
Q270084	6000000011286299769
Q270085	6000000037090096051
Q270092	6000000032505567021
Q2700940	6000000174480142866
Q270097	6000000036045877290
Q2700974	6000000024975257172
Q270110	4543843
Q2701191	6000000002188434886
Q270123	6000000013210206256
Q2701256	6000000017654574048
Q270126	6000000184300303873
Q270128	6000000076506045876
Q270129	6000000077801949074
Q2701365	6000000006444252217
Q270137	6000000075752970244
Q2701398	6000000002039492751
Q270147	6000000088786559112
Q270149	6000000120263830822
Q2701496	5614755449860120724
Q270150	6000000008620303369
Q2701545	6000000002494950265
Q27015944	6000000180635850869
Q270161	6000000000307287220
Q27016802	6000000208131836824
Q2701890	6000000008379511766
Q27019954	6000000025837311302
Q2701997	6000000089673938874
Q27020119	6000000016647394172
Q27020168	6000000141916294822
Q2702018	6000000010589007209
Q27020202	6000000004339571313
Q27020206	6000000002802703265
Q270207	6000000015433395659
Q2702144	6000000067965362828
Q270234	6000000003858708077
Q2702418	6000000003455008247
Q2702466	6000000013366129388
Q2702770	6000000008045002073
Q2702775	6000000040416043188
Q2702815	6000000021236705635
Q270291	6000000019327152961
Q27031055	6000000012151593390
Q27031055	6000000080756941689
Q27031063	6000000014877276462
Q27031063	6000000031876983974
Q27031068	6000000041339899294
Q27031074	6000000014877142467
Q27031074	6000000031876750508
Q27031078	6000000014877262705
Q27031085	6000000023311412344
Q27031088	6000000014877352075
Q2703132	6000000063787705912
Q27031510	6000000041277139520
Q270316	6000000027742603042
Q270324	6000000018817052545
Q2703293	6000000088667420937
Q2703350	6000000003353252274
Q270336	6000000077427471169
Q2703410	4065348805660123137
Q270348	6000000000461613348
Q270368	6000000002156215321
Q27036975	363777454290011662
Q27037065	6000000008798197628
Q27037111	6000000029979808424
Q270374	6000000166729376822
Q27037892	6000000014058097864
Q27037892	6000000023310928437
Q27037893	6000000013932174101
Q27037893	6000000209563739845
Q27037896	6000000031920907583
Q27037896	6000000046124565486
Q27037898	6000000043452310457
Q27037902	6000000014959147244
Q27037908	6000000013932302022
Q27037908	6000000209563891828
Q27037909	6000000013931682909
Q27037915	6000000006658201400
Q27037926	6000000043454083223
Q27037942	6000000041772317366
Q27037948	6000000003827674028
Q27037957	6000000016749855524
Q27037963	6000000014958816950
Q27037978	6000000014959011305
Q27037980	6000000014192979870
Q27037980	6000000014959169070
Q27037986	6000000014959062259
Q27037989	6000000014959053284
Q27037997	6000000014959053284
Q2703838	6000000176849654851
Q27038561	6000000015445892316
Q27038712	6000000122650080847
Q270390	6000000015233526024
Q27039179	6000000013470930724
Q2703990	6000000051511032023
Q2704019	6000000001948979487
Q270415	6000000008630701577
Q27042116	6000000024680239971
Q27042123	6000000064116678946
Q27042124	4144920572760024322
Q27042151	6000000011637897200
Q27042160	6000000016632425855
Q27042166	6000000015366229104
Q27042170	6000000011032801371
Q27042173	6000000011799573944
Q27042181	6000000066909377821
Q2704219	6000000144630929821
Q27042283	6000000082799634998
Q27042284	6000000167446972822
Q27042289	6000000205751942840
Q27042308	6000000015829193178
Q27042319	6000000007156238370
Q27042597	6000000061393032980
Q270426	6000000023483636016
Q2704337	6000000121091157986
Q270435	5109747773230115137
Q27044049	329669186110007531
Q27044073	6000000025742309388
Q270441	6000000011994815379
Q270446	6000000000462212472
Q2704464	6000000006884824375
Q270447	6000000002381821319
Q27044935	6000000017681308400
Q2704548	6000000016619258225
Q270462	6000000019911418340
Q270464	6000000009570739170
Q270468	6000000010681354668
Q2704730	6000000016844640802
Q2704776	6000000184002008843
Q2704846	6000000017642186044
Q27049795	6000000022264317250
Q27049795	6000000079085973299
Q27049799	6000000004594035837
Q27050377	6000000024925348889
Q27050633	6000000000931396294
Q27050705	6000000158963641823
Q27050963	5270236584710068107
Q270514	6000000002188416825
Q270516	6000000002188424395
Q2705166	6000000009246882359
Q2705170	6000000041386201917
Q270520	6000000013272688796
Q27052101	6000000010049096728
Q2705255	6000000149945001850
Q270528	6000000002188434463
Q270529	6000000062455814949
Q270533	4550808817150055282
Q2705371	6000000021853119641
Q270539	6000000001690735212
Q2705446	6000000117640836034
Q270552	6000000019975887073
Q27055240	6000000018144526824
Q270560	6000000025901364033
Q27056055	6000000125281765994
Q2705658	6000000011432270767
Q27056622	6000000026600582315
Q27057457	6000000023096413901
Q27057634	6000000166551444822
Q27058078	6000000054144990837
Q27058206	6000000018940910876
Q27058276	6000000046613430847
Q27058289	6000000123900534821
Q270584	6000000077131154113
Q2706151	6000000003122354745
Q27062772	6000000014877319853
Q27062868	6000000002494240411
Q270632	6000000007303654887
Q2706353	6000000143550102879
Q270639	6000000033332443311
Q2706401	6000000014196403086
Q27064031	6000000111076691860
Q2706411	6000000131293064833
Q27064225	6000000109163361832
Q27064239	6000000010263896612
Q270643	6000000011525482722
Q27064307	6000000051516833830
Q270648	6000000029798625302
Q270658	6000000020349917217
Q270662	6000000015710445452
Q270664	6000000002246951422
Q270669	6000000009583563564
Q27067173	6000000156301411852
Q27067596	6000000037106945603
Q27067696	6000000027966321974
Q27067701	6000000076053434936
Q27067707	6000000028905578841
Q27067928	6000000178309024823
Q2706794	6000000104670508961
Q2706805	6000000042462229264
Q27068060	6000000037694316374
Q27068155	6000000143764430905
Q270685	6000000002935485824
Q27069037	6000000002380705282
Q27069659	6000000003439133921
Q27070077	6000000173360361043
Q27070113	6000000038678211055
Q27070272	6000000027930516769
Q270703	6000000000735832110
Q27070634	6000000009563680106
Q270707	6000000010995850852
Q270712	6000000153724924942
Q2707152	376456772380012950
Q2707271	6000000002188466209
Q270728	6000000030089348296
Q27073	6000000000326937188
Q270730	6000000007016870132
Q2707376	6000000033799095357
Q27074091	6000000085755891891
Q270741	6000000176442861867
Q270743	6000000049398051821
Q27074912	6000000073846357995
Q27074925	6000000039870081421
Q27074959	6000000116968210923
Q27074975	6000000010693950444
Q27074978	6000000006784789425
Q27074984	6000000073218051102
Q270751	6000000007885088693
Q27075131	6000000059365026954
Q27075145	6000000019213361070
Q2707515	6000000145524046909
Q270753	6000000029642163934
Q2707608	6000000029797553538
Q27076112	6000000037835672047
Q2707620	6000000102113026865
Q2707632	6000000018623561241
Q2707645	6000000157873870837
Q270765	6000000033017272472
Q2707683	6000000017735598913
Q270771	6000000122829314842
Q2707722	6000000000759879489
Q27077445	6000000035878463060
Q27077611	6000000021511666228
Q2707778	6000000141071539006
Q27078390	6000000177529254841
Q270784	6000000022847248406
Q270786	6000000015248193591
Q27079816	6000000067015236904
Q2708137	6000000016814090390
Q2708193	6000000008708690441
Q27082277	6000000025468232888
Q2708237	6000000013052125405
Q2708289	332410507380010734
Q270831	6000000015904606197
Q2708598	6000000003297185911
Q2708628	6000000115805877822
Q270863	6000000173210823419
Q27086914	6000000004956760654
Q270874	6000000010746604321
Q27087723	6000000025794026692
Q27087775	6000000003216080426
Q27087925	6000000028426451495
Q27088608	6000000024973470299
Q270890	6000000136812778833
Q270891	6000000125892679949
Q2708930	6000000000099587739
Q27089368	6000000013818015552
Q27089372	6000000008221808573
Q27089498	6000000007474569796
Q27089516	6000000024186312177
Q270896	6000000001584342116
Q2709	6000000048942079983
Q270901	6000000038523658661
Q27092252	6000000081065468028
Q270923	6000000001317694494
Q27092483	6000000013686807211
Q270927	6000000037849985024
Q2709348	4290940757320037066
Q270935	6000000000422818266
Q27093654	6000000108663742004
Q27093718	6000000013008908574
Q27093790	6000000024892048936
Q27093856	6000000019483894336
Q27093865	6000000142191467828
Q27093867	6000000003274898916
Q27093885	6000000178784680824
Q27093892	6000000178784235848
Q270947	6000000079287060842
Q27094738	6000000017483495023
Q27095030	6000000095889789937
Q27095386	6000000017479879643
Q27095389	6000000014210698232
Q27095398	6000000017486703944
Q27095400	6000000017487088017
Q27095542	6000000015818176687
Q27095627	6000000178838528823
Q27096207	6000000006196316784
Q270970	6000000078422979920
Q27097234	6000000023696192592
Q27097349	6000000041666815322
Q27098544	6000000008138661318
Q271013	6000000017596182784
Q271023	6000000003076075156
Q271032	6000000010793703047
Q271038	6000000184170623830
Q27103957	6000000014219007336
Q2710408	6000000085919578855
Q271045	6000000185520932822
Q27104932	6000000003722839905
Q271050	6000000051823762321
Q2710513	6000000166407516172
Q2710718	6000000016163897037
Q271077	6000000007452372918
Q27108	6000000000769909050
Q271080	6000000001359031010
Q2710856	6000000036649518961
Q2710971	6000000010584141542
Q27110359	6000000009871009977
Q271109	6000000011212401087
Q2711171	6000000114622226865
Q271125	6000000043442411892
Q271142	6000000024544292019
Q271146	6000000012568177445
Q2711491	6000000052991205821
Q2711548	6000000024569723925
Q2711723	6000000042234729061
Q2711776	6000000015382840214
Q2711789	6000000003122459325
Q27118128	6000000038895694352
Q2711817	6000000080701545002
Q271182	6000000007456884538
Q27118276	6000000006603666332
Q271184	6000000055620422984
Q2711855	6000000063155991065
Q271187	6000000003256634150
Q27118936	6000000006130106416
Q27119733	6000000020652207585
Q2712060	6000000012944700420
Q27120668	6000000008630274977
Q2712084	6000000010009880882
Q2712108	6000000015996883341
Q27122046	6000000078594309935
Q27122050	6000000092220549844
Q27122064	6000000180619292846
Q2712317	6000000015173816752
Q2712366	6000000010943871639
Q271243	6000000015241953615
Q2712465	6000000187622886822
Q2712473	6000000176834681860
Q27125971	6000000042297520643
Q271270	6000000090944069287
Q271278	6000000022794813081
Q271284	6000000145244121920
Q2712916	6000000007660689517
Q2713078	6000000046467036914
Q2713080	6000000086121694906
Q27130915	6000000005231004389
Q27130948	6000000066277070833
Q27130958	6000000066272515937
Q27131001	4266246154080127966
Q27131018	6000000120377740046
Q27131240	6000000005032009806
Q27131241	6000000098345904821
Q271324	6000000015643023064
Q27132597	6000000018347904248
Q27133061	6000000033617464344
Q27134642	387051283210007313
Q2713471	6000000026451821632
Q27134799	387021020780010330
Q27136659	6000000006739760023
Q27137886	6000000027912997320
Q27138029	6000000010305884241
Q2713814	6000000166765103953
Q271385	6000000031721903260
Q27139386	6000000050036656353
Q271405	6000000015355711229
Q271408	6000000017972444097
Q271419	6000000042514556031
Q271421	6000000025115465728
Q2714210	6000000006743257225
Q271434	6000000000406543166
Q271441	6000000059765953036
Q27144171	6000000023925039423
Q271445	6000000011232611631
Q27144556	6000000026576613103
Q271457	6000000040361625562
Q2714575	6000000024786168346
Q271458	6000000032599355093
Q271460	6000000014576371859
Q2714618	6000000071143657987
Q271465	6000000014539248265
Q271469	6000000085905754923
Q271470	6000000000865347178
Q271471	6000000028754164154
Q271474	6000000007249865226
Q271477	6000000000747728220
Q27148216	6000000009956181091
Q2714822	6000000032073662082
Q27149013	6000000014192902558
Q271491	6000000029851890310
Q27149297	6000000141008935956
Q27149393	345285170480002588
Q27149395	6000000083230133957
Q27149446	5692761447200112206
Q27149467	6000000012869023295
Q27149471	6000000022901868981
Q27149787	6000000108726572876
Q271499	6000000006444746658
Q27149915	6000000006727540636
Q27149931	6000000017439144891
Q27149952	6000000025260375961
Q27149995	6000000041426751641
Q27150217	6000000007289697248
Q2715029	6000000031202140933
Q271507	6000000107717172036
Q2715088	6000000198170129843
Q271509	6000000004392402577
Q271511	6000000010153803357
Q2715122	6000000084232219005
Q27151328	6000000015592312178
Q2715139	6000000011156728964
Q271514	6000000103972892875
Q2715141	6000000019087503462
Q27151450	6000000014381869900
Q271517	6000000013151459610
Q2715236	6000000004096105540
Q271526	6000000020296812042
Q271531	6000000015436465032
Q271532	6000000041605728105
Q2715400	6000000034046282252
Q271543	6000000012558742124
Q27154698	6000000023179080005
Q27154900	6000000004096259580
Q271551	6000000003503506374
Q271554	6000000195777034897
Q27155491	6000000027855579443
Q271557	6000000041791785963
Q27156325	6000000015763652313
Q27156599	6000000015763652318
Q27156859	6000000025890508434
Q271571	4256582132540040354
Q271573	6000000037103444024
Q2715743	6000000058113339874
Q271576	6000000093030973215
Q271583	6000000015394878287
Q271590	2097397
Q2715980	6000000020724640260
Q2716009	6000000104763353854
Q271605	6000000010145379519
Q271608	6000000006257704361
Q27161717	6000000000140506664
Q2716233	6000000072323140746
Q2716244	6000000136785502943
Q2716298	6000000041152935767
Q27163126	6000000003527033567
Q27163126	6000000215548394825
Q271644	6000000092295976945
Q27164575	6000000006603405935
Q27164939	6000000012857066344
Q27165394	6000000030966912845
Q271655	6000000029140088258
Q271664	6000000056233579969
Q271666	6000000004344552894
Q27167	6000000031685218453
Q271676	6000000095924212842
Q2716914	6000000024904145140
Q271692	6000000003417189863
Q271696	6000000028026818865
Q2717011	6000000002764435081
Q271703	6000000029377922620
Q2717045	6000000029877700935
Q271712	6000000015664526055
Q271713	6000000001500928519
Q271719	6000000011425129515
Q27172169	6000000073303897062
Q2717226	6000000077855349559
Q271731	6000000028798379112
Q271732	6000000000695881355
Q271742	6000000009560563159
Q271743	6000000078414908499
Q271757	6000000029300033984
Q271766	6000000026843636111
Q2717721	6000000040565888572
Q271778	6000000014431891048
Q27177884	6000000153244808859
Q27177944	6000000049945079828
Q27177951	6000000049859754846
Q27177962	6000000019023231632
Q27177964	6000000083378307969
Q27178011	6000000032707314054
Q27178061	6000000018279729553
Q27178193	6000000051945156149
Q27178314	6000000007417929727
Q27178362	6000000154383103825
Q271784	6000000091971269829
Q27178425	6000000067937459877
Q27178472	6000000056455056821
Q27178486	6000000018740805004
Q27178518	4078636
Q27178533	6000000022484873154
Q27178553	6000000003249586540
Q27178681	6000000012599788929
Q271791	6000000011003164272
Q27179115	6000000008339177491
Q271814	6000000140999304042
Q2718145	6000000180765608856
Q271824	6000000015462664087
Q2718254	6000000077802737106
Q271829	6000000001504252154
Q271831	6000000003493098501
Q2718323	6000000037177380797
Q271835	6000000009917646497
Q271838	6000000015710953823
Q2718421	6000000050479483862
Q271848	6000000002311792055
Q271856	6000000020921408069
Q2718582	6000000020972383066
Q271865	6000000009717584944
Q271871	6000000000421178913
Q271877	6000000027911280082
Q271878	6000000002805390447
Q2718832	6000000028711614077
Q271884	296255676120003591
Q271885	6000000036604179633
Q271887	6000000049896814897
Q271888	6000000087857623881
Q271889	6000000046712172205
Q2718927	6000000020917908935
Q271893	6000000036343881406
Q27189569	6000000008402664501
Q2719028	6000000011360763552
Q271906	6000000003581721372
Q271910	6000000007293788965
Q271920	6000000010793304427
Q2719214	6000000019217898312
Q2719219	6000000019217868622
Q2719292	6000000077176027989
Q271933	6000000081020161841
Q271936	6000000059531684895
Q271939	6000000012001428655
Q271948	6000000005599214642
Q2719599	6000000090959961849
Q271961	6000000013432712453
Q271963	6000000002891349253
Q271967	6000000039632067209
Q271976	6000000002188450251
Q2719779	6000000179735750829
Q2719829	6000000015605695927
Q2719874	6000000083181620363
Q2719879	6000000142904619835
Q271988	6000000006101344900
Q271991	6000000031861322856
Q27199175	6000000039084239058
Q2719939	6000000033507176759
Q271994	6000000003122384555
Q271995	5503546905220130934
Q271998	6000000000307243515
Q272	6000000080609233942
Q272005	6000000007329994260
Q272010	6000000002188399864
Q272012	6000000002141823380
Q272017	6000000143196838821
Q272019	6000000010784489295
Q272022	6000000013364380703
Q2720231	6000000018845231763
Q272031	6000000027419994765
Q27203835	6000000030612364923
Q2720406	6000000017492397483
Q272042	6000000029120733132
Q27204521	6000000185750330853
Q2720552	6000000056293757850
Q2720659	302107417920002914
Q2720666	6000000007329706663
Q2720676	6000000013331596630
Q272068	6000000083631206945
Q272069	6000000009879984027
Q272075	6000000009924777590
Q272079	6000000027106008974
Q272082	6000000011272628439
Q272083	6000000103505548831
Q2720842	6000000102034868823
Q272086	6000000081320920121
Q272088	6000000032354464006
Q272091	6000000024171512438
Q27209183	6000000028790962077
Q272092	6000000016443449117
Q27209353	6000000048349062089
Q272095	6000000015558569199
Q272096	6000000053354331923
Q272103	6000000053184617821
Q2721092	6000000011549229496
Q2721194	6000000006824404427
Q27212321	6000000024169862073
Q27214	6000000015156435503
Q27215334	6000000024538185996
Q272157	6000000030450052951
Q272158	6000000076951594044
Q272161	6000000005395135977
Q272176	381989222930013336
Q272184	6000000003938007646
Q272194	6000000010886178558
Q27219432	6000000025414679240
Q27219492	6000000008361419386
Q272201	6000000043989967988
Q272207	6000000024794571892
Q272213	6000000011139036405
Q272224	6000000041481971647
Q272246	6000000081075863898
Q2722518	6000000172550327364
Q272252	4104238
Q272256	6000000180071559850
Q272263	6000000001515918506
Q2722730	6000000183445071848
Q272277	6000000000961703981
Q2722826	6000000005057915391
Q2722860	6000000013346091286
Q272289	6000000001181021094
Q27229252	6000000182614982919
Q27229630	6000000021058935064
Q27229724	6000000001713374664
Q27230004	6000000011445240184
Q27230271	6000000137585590848
Q272303	6000000011056942194
Q27230320	6000000003827765658
Q27230402	6000000008662241763
Q27230593	6000000022278995027
Q272307	6000000026682916404
Q27230905	6000000032376810649
Q27230994	6000000063637158968
Q27231040	6000000003658721271
Q27231103	6000000050815402286
Q27231735	6000000026427615904
Q27231740	6000000009205785989
Q2723190	6000000018626465370
Q2723428	6000000145235010921
Q272349	6000000027327450610
Q2723519	6000000007257478674
Q2723530	6000000008640963999
Q2723567	6000000032246817935
Q27236048	6000000020194748352
Q2723661	6000000015736626581
Q2723688	6000000014148349051
Q272374	6000000018175941822
Q27237723	6000000026776626538
Q272383	6000000003066072903
Q272386	6000000152786951901
Q272393	6000000062294789959
Q2723933	6000000034892469363
Q2723961	6000000070665558870
Q2723966	6000000008302607598
Q272400	6000000155830068882
Q272401	6000000003220414398
Q272405	6000000041564144100
Q272409	6000000069481385841
Q272416	6000000176109424821
Q27243294	6000000006727448115
Q27243436	6000000006727516142
Q27243640	6000000175641319979
Q27243715	6000000005608400227
Q27243722	6000000148645010931
Q27243776	6000000042341884182
Q27243777	6000000023355738003
Q27243799	6000000006622284001
Q272438	5012162741020085917
Q27244579	6000000006359008102
Q27244661	6000000174656790650
Q27244976	6000000042998136385
Q27245148	6000000210468410871
Q27245150	6000000050109238157
Q27245151	6000000093421609030
Q27245469	6000000093421298124
Q27245474	6000000093422411977
Q27245491	6000000042998494093
Q27245499	6000000093423790963
Q2724552	6000000022127792062
Q27245746	6000000042998517977
Q27245747	6000000053597742302
Q272464	6000000008278864653
Q27247218	6000000090321031242
Q272476	6000000013229772278
Q2724873	6000000060908143870
Q272504	6000000012331346630
Q272505	6000000173621511855
Q272507	6000000024304164188
Q272508	6000000027873028048
Q272510	6000000041801363761
Q272511	6000000004359503183
Q272512	6000000020915570320
Q272519	6000000041737808004
Q272537	6000000014703534773
Q27253761	6000000020194754791
Q272539	6000000003455133517
Q272542	6000000041326371021
Q2725433	6000000134230221822
Q27255408	6000000225417962837
Q27255564	6000000001939144412
Q27256025	6000000093420607559
Q2725608	6000000040615107473
Q27256236	6000000093423476026
Q2725646	6000000037199423270
Q272566	6000000017909939260
Q272567	6000000009423952047
Q272572	6000000075239505013
Q272579	6000000192258338842
Q27258137	6000000048716630016
Q272594	6000000114025991962
Q272601	6000000149884557961
Q272605	6000000018516009298
Q272607	6000000069590647897
Q27260737	6000000093424036878
Q272610	6000000195440826826
Q272613	6000000050872639942
Q27261356	6000000053598959904
Q27263135	6000000053599063863
Q272633	6000000027634472330
Q27263311	6000000053599679881
Q272637	6000000018667087568
Q27264190	6000000093423851824
Q272642	6000000019266792979
Q27264284	6000000160686898827
Q272650	6000000135117037830
Q27265145	6000000015354419437
Q27265498	6000000033654640352
Q27265498	6000000121885768910
Q2726556	6000000002188005710
Q272670	6000000046717527455
Q27267078	6000000054642104928
Q27267654	6000000024039068030
Q27267674	6000000143122433824
Q27267725	6000000163567945986
Q272678	6000000016430094655
Q272690	6000000021366422015
Q272706	6000000014584125202
Q272708	6000000032173148899
Q2727101	6000000000697855599
Q272713	6000000055285529832
Q27271554	6000000069467720915
Q272717	6000000006756174559
Q2727275	6000000022078206472
Q27274395	6000000000718498018
Q272750	6000000014507488325
Q27276159	6000000025498057180
Q27276178	6000000024308757000
Q272774	6000000000250410892
Q2728197	6000000012699625825
Q272845	6000000014273240130
Q2728636	6000000180622894834
Q272864	6000000001273909665
Q272878	6000000173753301859
Q2728890	6000000017135699678
Q2728941	6000000017999494501
Q272908	6000000003098455006
Q272912	6000000010268188041
Q272913	6000000029777769392
Q272917	6000000028080731548
Q272923	6000000014844728431
Q2729233	6000000015665639573
Q272927	6000000096496560822
Q272931	6000000006804969502
Q272938	6000000016497688047
Q272942	6000000137523657823
Q272943	6000000004387624886
Q2729586	6000000004085351091
Q272960	6000000049096614000
Q2729701	6000000025860372398
Q272972	6000000008550034642
Q2729720	6000000003772723680
Q2729755	6000000075553933880
Q2729890	6000000002135605698
Q27299881	6000000026354674209
Q27299883	6000000008909360124
Q27299886	2591273
Q27299914	6000000012452687521
Q27299941	6000000021175899919
Q27299942	6000000006595624679
Q27299948	6000000049441015051
Q27299960	6000000026392088274
Q27299961	6000000026392053570
Q27299968	6000000092731328065
Q27299985	6000000041335312009
Q27300017	6000000012321832781
Q27300019	6000000005766168810
Q27300020	6000000174996866829
Q27300021	6000000009558882251
Q27300038	6000000016934401162
Q27300067	6000000010590495638
Q27300071	6000000038832906568
Q27300081	6000000005608055924
Q273001	6000000040800793592
Q273013	6000000002188429882
Q273018	6000000006727867636
Q273019	317481127520002174
Q273026	6000000169360402942
Q273032	6000000017855487815
Q273034	6000000002316026900
Q27303716	6000000049726171830
Q273044	6000000016795485566
Q273050	6000000036946137686
Q27305297	6000000023711816289
Q27305386	6000000018249382387
Q27305461	6000000018604769268
Q27305863	6000000017895399083
Q273073	6000000137584096039
Q273075	6000000028693895541
Q273076	6000000042470015591
Q273077	6000000024919695576
Q273079	6000000028457688575
Q273080	6000000014242868804
Q273087	6000000137938057822
Q273096	6000000006101459426
Q273099	6000000000307258099
Q273104	6000000012330996123
Q273111	6000000016680602856
Q2731112	6000000175286315123
Q27311300	6000000017423750600
Q273115	6000000001519720380
Q27312335	6000000082973252054
Q2731236	6000000004560859136
Q273129	6000000011756249196
Q2731333	6000000022172903321
Q273136	6000000010103692472
Q273159	6000000000554223917
Q2731624	6000000037139414804
Q273170	6000000010545263080
Q273175	6000000014718039609
Q2731755	6000000003732680390
Q273177	6000000106687689830
Q273180	6000000163114917821
Q273185	6000000107059661927
Q273201	6000000013155088563
Q273206	6000000075409246881
Q2732074	6000000000292148309
Q273208	6000000180203382855
Q273210	6000000057734821895
Q273212	6000000002799102297
Q2732134	6000000163750977138
Q273215	6000000015602086223
Q273219	6000000017163161766
Q273223	6000000029364594376
Q273228	6000000068363908330
Q27323115	6000000060833926980
Q27323148	6000000006934881426
Q27323222	6000000179484905837
Q273233	6000000012259347266
Q2732369	6000000057823396947
Q273237	6000000008232135674
Q273238	6000000006725654268
Q2732447	6000000163563935849
Q273262	6000000098502534105
Q273264	6000000014558174042
Q2732690	6000000165446249833
Q2732746	6000000010799765551
Q273279	6000000014233209639
Q273292	6000000019181391493
Q273307	6000000000523566628
Q273311	6000000007005908531
Q273314	6000000013172800136
Q273317	6000000042633088482
Q273321	6000000019300041908
Q273324	6000000012759098358
Q273325	6000000026353975568
Q2733407	6000000028746426474
Q2733417	6000000140995593882
Q27334673	6000000172004541331
Q273349	6000000033848974936
Q2733522	6000000016024525490
Q27335254	6000000020705238907
Q27335302	6000000050266607037
Q2733658	6000000006727785502
Q273366	6000000031052858061
Q2733724	6000000012699745684
Q27337285	6000000024361573905
Q27338689	6000000019816817422
Q27339687	6000000008222849098
Q2733992	6000000093140109821
Q273403	6000000050325442835
Q27340492	6000000006585699595
Q273408	6000000025767700605
Q2734082	6000000020419672529
Q273411	6000000014948633676
Q27341785	6000000164681803823
Q27342048	6000000030407187048
Q27342121	6000000011859336143
Q2734214	6000000064508942847
Q27342162	6000000001073456022
Q2734255	6000000122534242829
Q2734279	6000000046810828996
Q2734291	6000000009280752007
Q273434	6000000000783975628
Q2734382	6000000004153715753
Q27345027	6000000017477864240
Q2734569	6000000070310297042
Q273459	6000000104124140018
Q27346478	6000000123079524859
Q2734688	6000000042129104158
Q2734763	6000000056482869870
Q273488	6000000008686857295
Q2734900	6000000070887180839
Q2734901	6000000003971933608
Q2734945	6000000015110622878
Q27349578	6000000018977447732
Q2735088	6000000095057905418
Q2735090	6000000024210270833
Q273511	6000000003431674303
Q273519	6000000007370747847
Q273532	6000000006829429068
Q273541	6000000063335554182
Q2735441	6000000007062612194
Q2735443	6000000008093736327
Q2735451	6000000187182342830
Q273546	6000000001273541411
Q273549	6000000009958359548
Q2735504	6000000178179014831
Q273558	6000000013365907790
Q2735601	6000000002188450038
Q2735607	6000000017559310039
Q27357	6000000016403054612
Q273572	6000000017231080383
Q2735867	6000000078362364061
Q2735887	6000000026954028461
Q2735969	6000000003219796226
Q2735990	6000000223634670927
Q2736002	6000000019222988950
Q2736068	6000000002115890455
Q273608	6000000015714534952
Q2736160	6000000012154748881
Q2736194	6000000062197503876
Q2736342	6000000016075924906
Q2736436	6000000027346128626
Q2736460	6000000025204466654
Q273650	6000000049096695382
Q2736567	6000000040356220527
Q2736659	6000000000477389651
Q2736668	6000000015518074497
Q273677	6000000115981849839
Q2736922	6000000141946985015
Q2736997	6000000141074464926
Q2737	6000000023935515059
Q273708	6000000015639830286
Q273715	6000000184199303826
Q273720	6000000119183070835
Q2737243	6000000009028797207
Q2737313	6000000018180849802
Q2737342	6000000002803167492
Q273769	6000000029395662076
Q2737809	6000000019080516791
Q2737983	6000000026200583979
Q273799	6000000179366223837
Q273804	6000000144816189057
Q273809	6000000006444075833
Q273811	6000000038756759039
Q273812	6000000019843777218
Q273814	6000000029243476733
Q2738162	6000000062463018868
Q2738209	6000000211429748834
Q273823	6000000027849396710
Q273826	6000000006727849436
Q273830	6000000007650170235
Q2738333	5261370655140021755
Q273842	6000000092679507301
Q273852	6000000164117665823
Q2738520	6000000006444798568
Q2738550	6000000013091970080
Q273858	6000000079939995834
Q273860	6000000092591571026
Q2738615	6000000074746735376
Q2738798	6000000109122136856
Q273883	6000000022573170619
Q273887	6000000177903361866
Q273889	4402054724620049754
Q273898	6000000026215889289
Q2738990	6000000039319798028
Q273900	6000000019047217005
Q2739036	6000000088965651906
Q273905	6000000015398378375
Q273907	6000000177182704873
Q2739096	6000000028562196972
Q2739097	6000000053115489714
Q2739101	6000000021654133953
Q2739178	6000000006727947903
Q273918	6000000093910758482
Q273923	6000000015828759711
Q2739249	6000000015594500161
Q273933	6000000003724022979
Q2739410	6000000029478808440
Q273944	6000000022405388045
Q2739466	6000000059899533089
Q273950	5491304010810074162
Q2739599	6000000008151991389
Q2739613	6000000041945191240
Q2739623	6000000029625206879
Q2739689	6000000028578708767
Q273969	6000000055930843892
Q273971	4291669840910051598
Q2739748	6000000000785322255
Q2739948	6000000074784245986
Q2739963	6000000141070827872
Q2740012	1627931
Q2740116	6000000003878746301
Q274014	6000000013143762925
Q274023	6000000083501723171
Q274025	6000000002407042538
Q2740253	6000000009645766305
Q274026	6000000123235077034
Q2740357	6000000071280723928
Q274040	6000000020152778996
Q2740411	6000000030486101923
Q2740420	6000000013675217927
Q274043	6000000057755979054
Q2740517	6000000016179700568
Q2740517	6000000080989411885
Q2740559	6000000021051097048
Q2740593	6000000009947434208
Q274067	6000000015345912566
Q274070	6000000177359923888
Q274081	6000000109254614917
Q2740871	6000000035175134421
Q2740972	6000000008248298844
Q2741142	297801361540005457
Q274117	6000000052990863879
Q2741172	328659920600002077
Q274123	6000000029618956995
Q274125	6000000015664095150
Q274127	6000000086931981999
Q2741277	6000000003484265458
Q274128	6000000014196829459
Q2741281	6000000010807033366
Q2741288	6000000002188496927
Q274143	6000000025243100962
Q2741459	6000000010806997534
Q2741463	6000000010806416104
Q274152	6000000073121493923
Q274157	6000000114912447824
Q274158	6000000058457313945
Q2741618	6000000004337064362
Q274168	6000000179888135886
Q274169	6000000010529532596
Q2741745	6000000042609456932
Q2741837	6000000082897912967
Q274189	6000000018333346308
Q2741961	6000000025691656840
Q274200	6000000017431078050
Q2742184	6000000010907724624
Q274219	341407192360013273
Q274222	6000000010572521149
Q2742458	6000000016710465477
Q2742465	6000000181728222966
Q2742575	6000000008574457802
Q274262	6000000027855040334
Q274264	6000000023179489928
Q2742678	6000000008507474013
Q2742696	6000000012274679930
Q2742700	6000000033698188743
Q2742867	6000000016552826437
Q2742879	6000000014624679975
Q274289	6000000181950647928
Q27430229	6000000000274262574
Q27430265	6000000028140877204
Q27430399	6000000007365806534
Q27430407	6000000047814245751
Q27430414	6000000002540802105
Q27431040	6000000070985839894
Q27431049	6000000021690856168
Q27431197	6000000039544502257
Q27431355	6000000160377758822
Q2743149	5019192792380086318
Q2743164	6000000013578006913
Q2743205	6000000166040283834
Q274324	6000000015958538949
Q274331	6000000003502100301
Q2743346	6000000015522039791
Q274339	6000000011070831850
Q274353	6000000006454982897
Q274359	6000000167400648842
Q274360	6000000079940154853
Q274363	6000000012827233274
Q27436716	6000000017448648115
Q2743675	6000000007224749596
Q274371	6000000002930585817
Q2743751	6000000042112233990
Q2743777	6000000059757947073
Q2743823	6000000011499956302
Q274389	6000000035087782348
Q2743895	6000000059772646100
Q274404	6000000069380564432
Q27440602	6000000089845646828
Q2744062	6000000069594767821
Q27441048	6000000112861388844
Q27441587	6000000006603773245
Q27442170	6000000025512124926
Q27442275	6000000006599384405
Q2744236	6000000012664598283
Q2744237	6000000025644924079
Q2744264	6000000001699185556
Q2744270	6000000012721075325
Q274429	6000000086169855854
Q2744371	6000000004494216003
Q27444233	6000000002115993660
Q274443	6000000003515466121
Q27444448	6000000071563815121
Q274450	6000000012621201878
Q2744752	6000000041515179103
Q2744761	6000000027899640935
Q274477	6000000002764484788
Q2744884	6000000011833180206
Q2744992	6000000023854412681
Q2744994	6000000070868482166
Q27450219	6000000161446963821
Q27450827	6000000013259952714
Q274513	6000000006573893702
Q27451602	6000000125333042096
Q27451707	6000000079207198498
Q2745187	3355194
Q2745195	6000000087198216829
Q274521	6000000111816846028
Q27452406	6000000111076077908
Q27453219	6000000006719040290
Q2745383	6000000063194412867
Q274540	6000000007470747787
Q27454448	6000000050551398714
Q274547	6000000137133609909
Q2745500	6000000029331073319
Q2745527	6000000018007736115
Q274554	6000000008393933021
Q2745548	6000000127123225828
Q2745557	6000000015522949112
Q274568	5294796839380123988
Q2745726	6000000015518074137
Q2745777	6000000027251490338
Q2745789	6000000017320713409
Q2745873	6000000026796636431
Q274597	6000000089397836932
Q2745974	6000000010171513779
Q274598	6000000023731631850
Q2745985	6000000015467404209
Q2745995	6000000032936910562
Q274602	6000000071676968517
Q2746037	6000000120998235211
Q27460388	6000000070078542567
Q27460577	6000000122819520107
Q27460630	6000000014523569666
Q27460699	6000000063113295876
Q27460777	6000000000608260049
Q274608	6000000084878279851
Q2746217	6000000039300887706
Q2746240	6000000026010527970
Q2746269	6000000008630270176
Q2746355	6000000018904662181
Q274637	6000000077099407296
Q274639	6000000000412695480
Q2746416	6000000004690635651
Q274643	6000000023665528998
Q2746550	6000000173700650845
Q274660	6000000090284202160
Q274662	6000000002643692061
Q27467990	6000000134604897858
Q27468003	6000000145529346124
Q274681	6000000043591745836
Q27468228	6000000014715368832
Q27468275	6000000032486704912
Q27468309	6000000010028961368
Q27468330	6000000071307912829
Q27468334	6000000015345304065
Q27468351	6000000011198647593
Q27468361	6000000013861701810
Q27468362	6000000008037424759
Q27468381	6000000030826195163
Q27468382	6000000012646562730
Q27468482	4145068933930088234
Q27468495	6000000034271665216
Q274686	6000000013136547858
Q27468702	6000000048770423871
Q274690	6000000005003063029
Q2746900	4175161259710059096
Q27469049	6000000014722701828
Q2746926	6000000144178222822
Q2746927	6000000010411611255
Q274694	6000000038239028553
Q274697	6000000040325886684
Q27469897	6000000059668071955
Q274704	350427063270001182
Q274711	6000000011725868245
Q274718	6000000004829260737
Q2747195	6000000018761930400
Q2747263	6000000038651854834
Q274732	6000000000841388071
Q2747611	6000000187924584899
Q27476982	6000000055705644924
Q27477567	6000000016262905724
Q2747761	6000000018465179236
Q27477987	6000000024222593511
Q27478365	6000000011168489619
Q27478390	6000000177017758852
Q27478559	6000000069558131921
Q27478573	6000000148360371822
Q2747886	6000000006595634336
Q2747899	360206794430013282
Q27479465	6000000055705391832
Q27479589	6000000064112065046
Q27479934	6000000044227153501
Q27480883	6000000006603863017
Q2748093	6000000096497274822
Q2748110	6000000029639992910
Q2748222	6000000021355149902
Q2748263	6000000019366366323
Q2748268	6000000034716898267
Q274827	6000000024033221317
Q27483075	6000000016749916645
Q2748500	6000000002602262353
Q274855	6000000041257343039
Q27485675	6000000072169645862
Q27485721	6000000004096720880
Q2748598	2431673
Q2748625	6000000046673060393
Q274866	6000000032070355919
Q274868	6000000027912732812
Q2748690	6000000006903464087
Q2748699	6000000012857912311
Q274870	6000000136034187832
Q2748803	6000000026190708994
Q2748811	6000000010570281622
Q274886	6000000004459670018
Q27489511	6000000017519974350
Q27489535	6000000179561459822
Q274898	6000000162925545853
Q274901	6000000021429447999
Q2749101	6000000013344094905
Q2749104	6000000218434060861
Q27491475	6000000087286404844
Q274915	6000000082770497994
Q27492	6000000002188453770
Q274923	6000000121523124830
Q27492737	6000000004296736583
Q27493470	6000000035589205790
Q27493744	6000000001076477765
Q27493827	6000000187577146850
Q27493855	6000000007263551666
Q27493870	6000000010987660749
Q27493892	6000000001978201172
Q27493896	6000000026279661976
Q27493898	6000000022592273841
Q274940	6000000151388880869
Q27494221	6000000002802585534
Q27494552	6000000006727644234
Q27494705	6000000032207129557
Q2749489	6000000041277721816
Q274952	6000000106991165013
Q27495839	6000000006603773206
Q27496484	6000000014724269298
Q274969	6000000017587642145
Q27499981	6000000015241920261
Q275003	6000000067249612943
Q27500957	6000000018340615796
Q2750123	6000000028507714193
Q275013	6000000014369082611
Q2750160	6000000068450322867
Q275021	6000000042862555780
Q2750246	6000000091752033951
Q2750289	6000000030106107051
Q27503454	6000000184249217832
Q275040	6000000056391207069
Q27504672	6000000024639328174
Q275053	6000000086498930846
Q27505994	6000000067905872821
Q27506001	6000000021800140378
Q27506016	6000000010977368040
Q2750604	6000000014308971850
Q27506041	6000000084718020842
Q27506053	6000000001360673454
Q27506071	6000000179989579825
Q275061	6000000003403209820
Q2750627	6000000151392193866
Q27506482	6000000014723789886
Q27506676	6000000032814442967
Q27507085	6000000014724200964
Q27507417	6000000014723833773
Q275075	6000000090991778867
Q2750815	6000000025206435143
Q27508167	6000000021041955827
Q275082	6000000114255166861
Q27508342	6000000014723976921
Q27508342	6000000215700237821
Q27508437	6000000028001055287
Q275086	6000000008394244822
Q2750863	6000000016219969457
Q275090	6000000010400659243
Q2750909	6000000020020675191
Q275094	6000000077838332100
Q2750960	6000000000800202486
Q275098	6000000012680291499
Q275099	6000000001069158202
Q2751058	6000000084616835320
Q275110	6000000016131442266
Q275111	6000000082677547906
Q2751173	6000000111422277148
Q27513120	6000000007530861263
Q275137	6000000023753321920
Q27513753	6000000036821233092
Q27514184	6000000006725595339
Q27514192	6000000054913674830
Q27514193	6000000027972577521
Q27514200	6000000008073684562
Q27514205	6000000038786611890
Q27514206	6000000038790917916
Q27514215	6000000046234647846
Q27514216	6000000007327718341
Q27514245	6000000124429399133
Q27514357	6000000017868823454
Q275145	6000000029675145878
Q275146	6000000059699334181
Q275161	6000000146332709891
Q27516690	6000000021376871717
Q27516741	6000000020652226171
Q27516752	6000000015129403905
Q2751681	292530176360002712
Q275175	6000000015852696618
Q27517570	6000000041830638007
Q27517693	6000000026937919836
Q27517788	6000000016749470764
Q27518263	6000000018377618902
Q27518278	6000000226850526895
Q27518954	6000000123543723973
Q27519015	6000000015129480287
Q2751958	6000000040411111669
Q275200	6000000029381207289
Q2752044	6000000019916023264
Q2752060	6000000008379402405
Q27520819	6000000047323657209
Q27520842	6000000056553723890
Q275226	6000000019992345467
Q275228	6000000012799300295
Q2752337	6000000093424086982
Q275236	6000000011662773945
Q275241	6000000180113429844
Q275244	6000000019302110561
Q275246	6000000011242853407
Q275247	6000000078038288512
Q275258	6000000054009174228
Q2752647	6000000035541510874
Q275274	6000000010129724152
Q27528621	6000000181907337823
Q275288	6000000010381139189
Q2752971	6000000000307246750
Q27529917	6000000182815606913
Q27530141	6000000007094971252
Q2753053	6000000025903451110
Q2753075	6000000018038313522
Q27530896	6000000181917255829
Q2753124	6000000187305722883
Q275314	6000000004097687534
Q27532199	6000000181906818830
Q275331	5656516074640046184
Q275336	6000000010381502214
Q27533716	6000000181907048823
Q275338	6000000163418233980
Q2753467	6000000018756279063
Q27535	6000000059899498083
Q27535162	6000000018304270494
Q2753558	6000000004630355569
Q27535718	3652814
Q27535867	6000000035088033096
Q27536328	1233398
Q27536359	6000000045876149842
Q2753670	6000000010213117274
Q275374	6000000069655407135
Q27538394	6000000048751582823
Q27538394	6000000215241464838
Q27538394	6000000215454572824
Q275397	6000000039548188881
Q2754	6000000080472030909
Q275410	6000000009467705919
Q275414	6000000006824282166
Q275415	6000000166017542822
Q27541554	6000000011689005918
Q275440	6000000006824449176
Q2754460	6000000016352846876
Q2754480	6000000039305965834
Q275465	6000000009405342309
Q27546520	6000000020387363057
Q275467	6000000177119812822
Q275469	6000000022365630132
Q275474	6000000001055683590
Q2754772	6000000002188551734
Q275478	6000000007014458194
Q275483	6000000009313626947
Q275485	6000000029389357289
Q2754918	6000000145370835874
Q2755047	5113791022140064501
Q2755054	6000000029019749348
Q275506	6000000036156818531
Q27551	6000000011250041386
Q2755184	6000000021028708710
Q2755203	6000000012332662806
Q27553573	6000000177668911824
Q27553597	6000000161079434837
Q27553628	6000000178329404822
Q27553646	6000000141008834210
Q275537	6000000000902285441
Q275543	6000000167058399985
Q275545	6000000014566870060
Q27554664	6000000021319135033
Q27554907	6000000011540271655
Q2755539	6000000011965120478
Q27556	6000000024567620014
Q27556004	6000000004094557169
Q27556004	6000000048752026891
Q275569	6000000002802960145
Q275577	6000000015336065370
Q27558094	6000000042340862780
Q2755824	6000000143235040822
Q2755831	6000000183974826822
Q2755833	6000000013045616626
Q2755854	6000000140691999317
Q2755859	6000000141101467846
Q275587	6000000050127741991
Q2755894	6000000025169869335
Q2755928	6000000002465763437
Q275593	6000000058112522154
Q2755963	6000000020770700186
Q2755975	6000000003921535138
Q27559960	6000000003869297564
Q2756009	319578188190002064
Q2756075	6000000004181352605
Q2756080	6000000019669962319
Q275616	6000000040498271087
Q27562	6000000019981179245
Q275625	6000000053401075858
Q2756253	6000000016263552533
Q275628	6000000021426402060
Q2756306	6000000122680504822
Q2756324	6000000017166441792
Q275633	6000000052123123921
Q2756349	6000000050006027002
Q2756371	6000000028085584862
Q2756381	6000000181168799841
Q275640	6000000163461460860
Q275648	6000000034480221213
Q2756494	6000000025676669154
Q2756542	6000000015923986884
Q275660	6000000001745092962
Q2756604	6000000006777119425
Q2756690	6000000017538612917
Q2756699	6000000014128431485
Q2756713	6000000183124707826
Q2756718	6000000063249412821
Q2756857	6000000007329600601
Q275688	6000000015730266078
Q27568999	6000000002188514929
Q27569260	6000000057165342841
Q27569403	6000000011336983978
Q2757	6000000012111743657
Q2757025	6000000102521834262
Q2757066	6000000049653913204
Q2757147	6000000011335401350
Q275730	6000000039397978732
Q27573194	6000000010243473215
Q275735	6000000016600251725
Q27573548	6000000012402257247
Q27574240	6000000009506131535
Q27574752	6000000010219237469
Q27575264	6000000013922577412
Q2757568	6000000002336743255
Q275764	6000000029716419330
Q2757658	6000000010726051274
Q27576589	6000000026272172904
Q27577444	6000000027982174122
Q2757755	6000000008705035315
Q27577798	6000000135136419821
Q275785	6000000002764690951
Q275793	6000000014529818533
Q2758006	6000000008976069537
Q275821	6000000017103502614
Q275838	6000000105232839905
Q27583907	4575082838900069716
Q2758550	6000000009246834531
Q2758638	6000000002814810354
Q27586594	6000000014169740140
Q275867	6000000007042345891
Q27587283	6000000032349962266
Q27588530	6000000032099031984
Q27588572	6000000054471371870
Q27588635	6000000033049612080
Q2758864	6000000052766325120
Q27588703	6000000179398664821
Q27588710	6000000039645249160
Q27588718	6000000032758429626
Q27588729	6000000000589733518
Q27588756	6000000080916595841
Q27588786	6000000017424080405
Q27588828	6000000002345669501
Q27588831	6000000000102729210
Q27588832	6000000018434938411
Q275889	6000000184159377839
Q275893	6000000017906719290
Q27589850	6000000018141624650
Q27589858	6000000024697168004
Q27589869	6000000008092548017
Q27589886	6000000012348701865
Q2759115	6000000083653442561
Q275920	6000000010752420568
Q275929	6000000037341451483
Q2759331	6000000009244176335
Q275937	6000000010422093370
Q275939	6000000020839069834
Q2759438	4544315581830022407
Q275952	6000000018853622347
Q275955	6000000137832577822
Q275961	6000000084737214004
Q275964	6000000009318013408
Q275967	6000000076046315083
Q275970	6000000021579313514
Q275971	6000000012699751413
Q27597472	6000000206793139839
Q275976	6000000067759596947
Q275979	6000000064813665133
Q275982	6000000055527379012
Q27598326	6000000061534250896
Q275985	5113862946390072152
Q275987	6000000086383851001
Q275991	6000000021579556987
Q2759931	6000000006101611652
Q275994	6000000009956814829
Q2759988	6000000024815411823
Q276000	6000000002188461598
Q27600130	6000000001843165413
Q276005	6000000008550012105
Q2760059	347379410590011148
Q2760093	6000000009747364493
Q276013	6000000002964041338
Q276021	6000000002188456223
Q276023	5262027279430138510
Q276028	6000000001069601187
Q27602984	340283696420007007
Q276032	6000000016128260416
Q2760338	6000000004333911727
Q2760347	6000000080189319104
Q276035	6000000012645281432
Q276038	6000000040673335170
Q276043	6000000026452212081
Q276056	6000000143161882073
Q276058	6000000011010515932
Q276064	6000000008705021319
Q27606872	6000000052616516290
Q276069	6000000002765671866
Q27607	6000000080990962897
Q276073	6000000084031570909
Q276081	6000000045083908141
Q276090	6000000013588151449
Q27609355	6000000011567243246
Q276098	6000000008625990347
Q27610	6000000092450566477
Q276106	6000000173415427919
Q276116	6000000017224161467
Q276118	6000000002024142380
Q27612508	6000000156203587837
Q276126	2527087
Q2761358	6000000011705623712
Q27613738	6000000067166567024
Q2761505	6000000183981461960
Q27615110	6000000002759196843
Q276167	6000000077513254720
Q276170	6000000043417482120
Q276179	6000000022332284059
Q2761863	6000000009699956614
Q276193	6000000080546029707
Q2761950	6000000000073574136
Q276209	6000000040984560266
Q27621129	6000000055092922086
Q2762175	6000000006804991063
Q276218	6000000007908353144
Q2762298	6000000020680435521
Q27623146	6000000050423883821
Q276240	6000000023895270210
Q276241	6000000014017239849
Q276257	6000000011162218780
Q2762575	6000000020360944173
Q276264	6000000029365401293
Q276269	6000000183999187852
Q2762712	6000000062034490923
Q276273	6000000013671276594
Q276280	6000000017542563734
Q27628111	6000000019127055313
Q27628286	6000000036335971864
Q276302	6000000082553311942
Q2763087	6000000035555578236
Q276310	6000000096311772408
Q276312	6000000038197037176
Q27631208	6000000029063450015
Q27631237	6000000168913364828
Q27631315	6000000029303957296
Q276330	6000000137990680918
Q2763309	6000000017378684624
Q276337	6000000047893411822
Q276351	6000000016020494870
Q276352	6000000112833545975
Q276353	6000000029318099059
Q2763534	6000000018008467740
Q27635827	5465995544570082052
Q27635827	6000000078428699846
Q27635847	6000000025791223234
Q276359	6000000048160605924
Q27635914	6000000083703592110
Q27635935	1898759
Q27635952	314404387530005053
Q276375	6000000173356236944
Q27637903	6000000033839797323
Q27638726	6000000013581870629
Q276404	6000000042094730937
Q276410	6000000017350898008
Q276419	6000000004881094839
Q27643564	6000000002406205303
Q27643780	6000000180793069849
Q276440	6000000004692725528
Q27644172	6000000031694910206
Q27644206	6000000148358072840
Q27644549	6000000022190614067
Q27644668	6000000016810099759
Q27645	6000000006603136345
Q276450	6000000036535003780
Q27645257	6000000014265017386
Q27645594	6000000001804730224
Q27645668	6000000015515394944
Q27645875	6000000017863044122
Q276459	6000000054187820898
Q276464	6000000014026177544
Q27646436	6000000018011809351
Q27646515	6000000018788489418
Q27646523	6000000030663342451
Q276466	6000000182806147859
Q27646718	6000000129276812837
Q27646736	6000000014695714682
Q27646759	6000000021026242919
Q27646761	6000000006822311473
Q27646763	6000000020514596024
Q27646850	6000000018789672473
Q27646858	6000000016198258338
Q2764686	6000000065803268821
Q2764696	6000000039650099282
Q2764919	6000000076718796394
Q27650050	6000000181424060843
Q27650884	6000000002115881594
Q2765110	6000000003232519809
Q27651406	6000000008231154799
Q27651435	6000000018035038149
Q27651435	6000000198292567835
Q27651701	6000000021355698913
Q27651748	6000000075942174972
Q27651838	6000000018461630019
Q27651948	6000000020745659119
Q276524	6000000009198264074
Q276525	6000000044158642917
Q27652636	6000000019304419949
Q2765319	6000000032756235249
Q27653559	6000000007836116504
Q27653563	6000000009152253361
Q27654112	6000000014057954341
Q27654120	6000000156928759843
Q27654699	6000000087763155915
Q27654701	6000000087762197887
Q27654706	6000000039991565837
Q27655341	6000000032312945187
Q27655477	6000000025260960770
Q27656678	6000000178573348901
Q27657773	6000000023034310941
Q276578	6000000002188370353
Q276604	6000000015139108775
Q27660786	6000000194902435821
Q27660893	6000000026077602568
Q27660991	6000000003773832852
Q27661018	6000000017842824268
Q27661516	6000000025621992921
Q27661608	6000000017836619394
Q27661730	6000000023871540877
Q27661736	6000000042181020844
Q27661757	6000000017236370027
Q27661801	6000000163831485850
Q27661803	6000000000443370643
Q27661804	6000000002005937802
Q27661830	6000000016809758388
Q27661844	6000000007461938391
Q27661850	6000000018001101005
Q27661856	6000000007819763008
Q27661920	6000000019399220083
Q27661945	6000000070307140948
Q27661950	6000000002237899253
Q27661962	6000000024698498520
Q27661985	6000000002147220048
Q27662036	6000000026118980591
Q27662042	6000000016201398079
Q276621	6000000014220402702
Q27662498	6000000085393675832
Q27662581	6000000147314684822
Q27662687	6000000050268281875
Q27662975	6000000068479198833
Q27664227	6000000118385188856
Q27665144	6000000069458258826
Q27666150	6000000010876676711
Q2767	5384988704340025855
Q27670088	6000000015593887139
Q27670093	6000000025018252966
Q27670100	6000000016199106651
Q27670123	6000000017836554453
Q27671277	6000000066088713922
Q27671739	6000000048491169133
Q27672180	6000000015754808273
Q27672279	6000000029824946877
Q27672305	6000000022915996891
Q27673625	6000000012861894926
Q276751	6000000041013108335
Q276753	6000000010723268890
Q2767535	6000000008789255100
Q2767596	6000000018689436139
Q27677143	6000000007497605325
Q27677842	6000000020958874621
Q276780	6000000012715956963
Q27678035	6000000015863974163
Q27678607	6000000018442745725
Q27679760	6000000055562147926
Q27679768	6000000008211066905
Q27680097	6000000007060195290
Q27680902	6000000008769793962
Q2768181	6000000024652689211
Q27681933	6000000045387273027
Q27682397	6000000035219424885
Q276825	6000000004590984524
Q27682955	6000000014194499731
Q27683014	6000000019774914316
Q27683118	6000000032010800027
Q27683154	6000000128895834016
Q27683549	6000000016305160229
Q27683891	6000000022272018201
Q27684	6000000002476969954
Q276869	6000000017850816871
Q276871	6000000012504169649
Q27688772	6000000044846265938
Q27688853	6000000084740784356
Q276892	6000000007391772724
Q27690208	6000000000259946757
Q2769281	6000000018299125795
Q276937	6000000004869028886
Q276938	6000000015733330134
Q276943	6000000013041880252
Q27695	6000000020663763681
Q27696263	6000000167566770830
Q27696266	6000000037401526351
Q276980	6000000074444943087
Q277001	6000000011436073921
Q27700490	6000000004406231427
Q27702629	5612958662070029046
Q2770270	6000000074791421075
Q27703513	6000000220496444827
Q2770458	6000000070665780084
Q27704727	6000000011223148684
Q27708715	6000000007059595903
Q27709607	6000000054934451965
Q27709805	6000000032372405206
Q277101	6000000001453229103
Q27710168	6000000004360867476
Q277103	6000000077310476412
Q277112	6000000053051970422
Q27712416	6000000157841047855
Q27712483	6000000005394968643
Q27712527	6000000021026570344
Q27712602	6000000069458499842
Q2771440	6000000107805313307
Q2771551	6000000013492203701
Q277165	6000000087357294894
Q2771659	6000000010458306430
Q277183	6000000046717353983
Q277193	6000000178043203854
Q277274	6000000067748754821
Q277279	6000000025181913721
Q277282	6000000096446499831
Q277304	6000000038708049175
Q2773106	6000000056808772900
Q2773125	6000000021888689054
Q27732759	6000000005029669158
Q27732796	6000000031020880942
Q27733739	6000000047655081266
Q27733776	6000000050613665908
Q27733792	6000000054882478563
Q27733823	6000000151665972851
Q27733851	6000000052735043122
Q27733854	6000000051176499116
Q27733877	6000000174564237904
Q27733932	6000000180228117821
Q27734163	6000000181855964822
Q277347	6000000144729223824
Q27734863	6000000001911159871
Q277403	6000000027842593122
Q2774048	6000000050806169713
Q27740484	6000000156207485832
Q27740487	6000000172111544972
Q27740523	6000000149942518002
Q2774189	6000000002037815533
Q27743	6000000019327001304
Q27744487	6000000000170033487
Q277488	6000000119295377927
Q27749762	6000000090196956968
Q27749797	6000000075352477857
Q2775029	6000000217992580845
Q27750661	6000000026728067207
Q277507	6000000022642120469
Q27750914	6000000012666836307
Q27750932	6000000002363604221
Q27751028	6000000027081647891
Q27751120	6000000019210019048
Q27751155	6000000027231132483
Q277535	6000000027838630456
Q277562	6000000179509719843
Q27756848	6000000052179382929
Q2775812	6000000011107952610
Q277594	6000000040754642521
Q2775974	6000000191133795838
Q277611	6000000003219759503
Q277616	6000000019363508628
Q2776377	6000000044401770640
Q27763894	6000000018377780479
Q27763902	6000000021347155538
Q27763940	6000000043001895996
Q2776506	359987296990011316
Q27765297	4620016594340049116
Q2776575	6000000026510224587
Q2776623	6000000053903660923
Q2776704	6000000118391260990
Q2776715	6000000007101225427
Q277673	6000000016188235924
Q27767306	6000000092345889866
Q27768122	6000000175262685995
Q27768157	6000000031060315044
Q2776862	6000000078876180199
Q2776882	6000000004557931078
Q2777066	6000000031334418121
Q277718	6000000014083269904
Q2777380	6000000018307828682
Q2777415	6000000029704007083
Q2777422	6000000002005871651
Q2777496	6000000016494009853
Q2777592	6000000033261856319
Q2777683	6000000024129333581
Q2777695	6000000016493733009
Q2777730	6000000081491332844
Q2777773	6000000032394790902
Q27777792	6000000017602671987
Q2777797	388650646390011615
Q2777806	4051630
Q2778027	6000000105288519883
Q2778053	6000000010789076136
Q2778068	4722407381320079828
Q2778099	6000000007044844180
Q27781	6000000032010907535
Q2778201	6000000155804635875
Q27782101	6000000183480953865
Q2778216	6000000000859620310
Q2778248	6000000053201311898
Q2778256	6000000060890382368
Q2778259	6000000113753675822
Q277836	6000000002997387423
Q277838	6000000024724441740
Q2778438	6000000027192667028
Q27786359	6000000011843288183
Q27786403	6000000164465528101
Q27786420	6000000014201400995
Q2778676	6000000025783265328
Q2778750	6000000013832478940
Q2778946	6000000016198919101
Q277895	6000000031306656422
Q2779046	6000000002980103703
Q27790937	6000000019898311593
Q27791070	6000000017512698532
Q2779130	6000000003827363017
Q2779162	6000000003823056740
Q2779244	6000000013224737384
Q2779246	6000000037103512442
Q2779532	6000000014983227383
Q2779550	6000000008260175163
Q27797128	6000000206618837854
Q277978	6000000042703902360
Q2779784	6000000156410705935
Q2779937	6000000164004779115
Q27800614	6000000011736024604
Q27804505	6000000005653239008
Q27804536	6000000053448149081
Q27805429	6000000051659616010
Q27805692	6000000066754881879
Q278076	6000000014959236599
Q27808155	6000000081748467894
Q27808299	6000000030642303950
Q2780910	6000000062730794072
Q27809659	6000000004159014646
Q27809734	6000000078037263536
Q27809891	6000000057105496222
Q27809899	6000000003503280771
Q278105	6000000026480771333
Q27811441	6000000000103964686
Q2781217	6000000026438721034
Q2781433	6000000075339454138
Q278153	4670309
Q2781771	6000000000133498861
Q2781813	6000000010897911119
Q2781883	6000000017056786851
Q2781986	6000000011250229663
Q2782374	6000000002188496746
Q2782378	6000000002188496934
Q27824195	6000000084373551454
Q27824252	6000000199012837840
Q27824256	6000000077949518968
Q27824281	6000000063546505965
Q27824480	4488879634670047828
Q27824482	4488103558890129257
Q278247	6000000015720163641
Q2782482	6000000001127157279
Q27825033	6000000054427717928
Q27825078	6000000011904085014
Q27825173	6000000000889618983
Q27825174	6000000012522572275
Q2782520	6000000002188479191
Q27825209	6000000035422477426
Q2782521	4164420
Q27825260	6000000004082869285
Q2782527	6000000007300511687
Q27825313	6000000001360683375
Q27825347	6000000033724240150
Q27825362	6000000075930913927
Q27825369	6000000013744475412
Q27825380	6000000009995149901
Q27825386	6000000019901821574
Q27825391	6000000006991624447
Q27825392	6000000005441922080
Q27825395	6000000026487013205
Q27825414	6000000182678901823
Q2782542	6000000019263576053
Q27825438	6000000014721720853
Q27825483	6000000011832680520
Q27825533	6000000011263373487
Q27825535	6000000000823650018
Q27825548	6000000036176551842
Q27825560	6000000003077275339
Q27825581	6000000019314087289
Q27825587	6000000012950580719
Q27825592	6000000036816938778
Q27825593	6000000026890693175
Q27825808	6000000056074893655
Q27826395	6000000100075155845
Q27826535	6000000006444235894
Q27826606	6000000000311507845
Q27826639	6000000001877544045
Q27827557	6000000054762471959
Q27827565	6000000075298852354
Q27827599	6000000008418522620
Q27827628	6000000000886030612
Q27827648	6000000115211420130
Q27827649	6000000031412847855
Q27827654	6000000001772137484
Q27827657	6000000023860564110
Q27827675	6000000020055781124
Q27827687	6000000176129940883
Q27827819	6000000025620718264
Q27828137	6000000020209768053
Q27829209	6000000009676192018
Q27829251	6000000051623117899
Q278293	6000000013567999474
Q278294	6000000021251569084
Q27829445	6000000009756245931
Q2782947	6000000020171802841
Q2782990	6000000004146500108
Q2783024	6000000008803509873
Q27830474	6000000040183593822
Q27830828	6000000145526848821
Q27832083	6000000156179437822
Q2783214	6000000063645998835
Q27832362	6000000011470987722
Q27832549	6000000212149366836
Q2783257	6000000001471619097
Q27832782	6000000156332260837
Q2783446	6000000198047548828
Q27835039	6000000045142965855
Q27835184	6000000182430024824
Q27835190	6000000008341633511
Q27835195	6000000016262955683
Q27835226	6000000029781407118
Q27835228	6000000016277465707
Q27835229	6000000013548840485
Q27835230	6000000000574868331
Q27835232	6000000032366875278
Q27835233	6000000007799470603
Q27835250	6000000013548520916
Q27835255	6000000018572774322
Q2783534	6000000029620295994
Q27836059	6000000111153741938
Q2783680	6000000216654635882
Q2783688	6000000013691318075
Q27837145	6000000051218926358
Q27837168	6000000015188568127
Q27837179	6000000006444307060
Q27837241	6000000179509811917
Q27838054	6000000036434539609
Q2783907	6000000007104624435
Q2783955	6000000014295211365
Q278399	6000000013699944792
Q278414	6000000002067134256
Q27841691	6000000002928651991
Q2784229	6000000010922503738
Q2784421	6000000021884100158
Q2784501	6000000002188493345
Q2784560	6000000172799681821
Q2784686	6000000013228113415
Q2784866	6000000016145903160
Q2784889	6000000035166721294
Q278490	6000000008889856651
Q278495	6000000017563040564
Q27850012	6000000017457989248
Q2785046	6000000038694472934
Q2785105	6000000017102571237
Q27851313	6000000182164332871
Q2785279	6000000005915800001
Q2785443	6000000062166737161
Q2785535	4874815048340056924
Q27855718	6000000092175584945
Q27855722	6000000033696969543
Q278559	6000000016293335043
Q27856754	6000000165172744918
Q27859386	6000000019884099617
Q27859386	6000000086958522999
Q2786087	6000000177342235838
Q2786142	6000000029958009856
Q27861509	6000000019625264783
Q27861990	6000000163823955845
Q27862305	6000000080491512821
Q27862460	6000000004128710062
Q278625	6000000087781822922
Q27862710	6000000013124562435
Q27862870	6000000020263050050
Q27863035	6000000177905952833
Q27863421	6000000080764470999
Q2786355	6000000009738577206
Q27863579	6000000006111455280
Q27863581	6000000009366671365
Q27863654	6000000018953007831
Q27863849	6000000116955573831
Q27863980	6000000024170028106
Q27864016	6000000042273223118
Q27864091	6000000031569664159
Q27864156	6000000058009850432
Q27864171	6000000156415753849
Q278653	6000000023178450443
Q27865349	6000000018725837641
Q27865367	6000000154852597829
Q27865604	6000000091131088120
Q27865661	6000000056329607854
Q278657	6000000010726754595
Q27865791	6000000042856583485
Q27865866	6000000014854537332
Q27866016	6000000037796022980
Q27867978	6000000007661921326
Q27867982	6000000007062621272
Q27868007	6000000007305800277
Q27868235	6000000012384585856
Q27868252	6000000000886407096
Q27868294	6000000020341349629
Q27868333	6000000009584703398
Q27868382	6000000017547353457
Q27868463	6000000053955705841
Q27869033	6000000071168209082
Q27869078	6000000020231848205
Q27869088	6000000193586862863
Q278691	6000000015263909479
Q278699	6000000002116389183
Q278727	6000000058199669847
Q2787303	6000000009670571373
Q2787374	6000000012155840043
Q2787514	6000000018202901362
Q278766	6000000033166563070
Q27876880	6000000008548318739
Q27876960	6000000002764431562
Q27877083	6000000016697524494
Q2787843	6000000013719123387
Q2787896	6000000194644828823
Q278800	6000000038948735895
Q278801	6000000011638429539
Q278804	6000000003948589195
Q278806	6000000076591491829
Q27880621	6000000181102911891
Q27880624	6000000083736775575
Q2788070	6000000017924582147
Q27881194	6000000006440779296
Q27881382	6000000002188502869
Q27881394	6000000018659383730
Q27881573	6000000014902337227
Q27881718	6000000018719505235
Q278825	5677374420880132486
Q27882672	6000000011447857344
Q27882880	6000000026370606671
Q27884463	6000000050593174086
Q2788483	6000000024973111458
Q278852	6000000065059127863
Q27886487	6000000017817775778
Q27886488	6000000004047135228
Q27886573	6000000182800679841
Q27888737	6000000039520808762
Q27888751	6000000011367311996
Q27888753	6000000011367573379
Q27888766	6000000092916525028
Q27888774	6000000051856462924
Q27888933	6000000100747192885
Q27888967	6000000003077136865
Q27888971	6000000049509822137
Q27890464	6000000038930825131
Q27890464	6000000216765754823
Q27890465	6000000038930494131
Q27890465	6000000216775964853
Q27890469	6000000019137016968
Q27890500	6000000019137076591
Q2789067	6000000074804453060
Q27890982	6000000016438890863
Q27891006	6000000006098964798
Q27891061	6000000006444385814
Q27891062	6000000006444180240
Q27891116	6000000078523882668
Q27891181	6000000145255945879
Q27891271	6000000119358506856
Q27891444	6000000068216696563
Q27891462	6000000014229097125
Q27892474	6000000034276847651
Q27892508	6000000166683984827
Q27892516	6000000184242636878
Q278935	6000000019565501966
Q27893981	6000000027647139611
Q27894008	6000000077855021832
Q27894111	6000000000351813017
Q27894756	6000000077282671398
Q27894759	6000000007419826636
Q27895098	6000000104309951857
Q27897738	6000000027035210102
Q27897792	6000000018170867789
Q27898196	6000000002386116174
Q27898245	6000000002363563431
Q27898409	6000000018554706282
Q27899021	6000000003163229096
Q27899033	6000000010582858503
Q27899082	6000000175329339995
Q2789912	6000000032005967451
Q2789915	6000000015551704240
Q27899270	6000000007847389760
Q27899325	6000000066972449887
Q27900223	6000000073632590030
Q2790086	6000000010578899676
Q27901785	6000000092751182845
Q27901787	6000000143231247111
Q27901806	6000000145846352961
Q27901834	6000000083809291312
Q2790186	6000000167249604863
Q27902099	6000000035528891037
Q27902135	6000000077855564389
Q27902148	6000000006719899435
Q27902153	6000000029756723269
Q27902167	6000000030826746582
Q27902171	6000000085538212075
Q27902178	6000000059134859102
Q27902179	6000000083708763249
Q27902220	6000000033348586201
Q27902378	6000000080355634850
Q2790355	6000000003550703399
Q27903685	6000000013179909158
Q2790444	6000000021398947236
Q27907119	6000000032857146989
Q27907144	6000000211517620834
Q2790744	6000000017205629369
Q27907462	6000000067956205829
Q27907465	6000000027327612383
Q27907645	6000000006822762200
Q27907699	6000000068516190969
Q279077	6000000046185788112
Q2790799	6000000179966912825
Q27908660	6000000001911686174
Q2790907	6000000012270670262
Q279091	6000000002183101675
Q2790917	6000000009795332710
Q27909232	6000000044241927018
Q27909347	6000000035940191748
Q27909349	6000000057022981953
Q27909386	6000000047780603893
Q2790955	6000000001338480077
Q27909584	6000000083253008900
Q27909761	6000000039363294235
Q27909866	6000000004086754032
Q27909866	6000000107685676919
Q27909875	6000000015730740396
Q27909878	6000000052064355848
Q27909881	6000000015730725747
Q27909996	6000000068056837879
Q2791	6000000013040406557
Q27910035	6000000009875901477
Q27910050	6000000014556187012
Q27910056	6000000024525136949
Q27910098	6000000025677977755
Q2791043	6000000002937829347
Q2791108	6000000103240769462
Q27911112	6000000057125072151
Q2791172	6000000069635619951
Q27912179	6000000007354601016
Q2791258	6000000021975429769
Q27912860	6000000033347837680
Q27912861	6000000011656945646
Q27912866	6000000161049541828
Q27912876	6000000017731891985
Q2791300	6000000048829403326
Q279143	6000000003094191568
Q27914752	6000000180631561821
Q27914832	6000000137130174021
Q27914913	6000000020073116699
Q27915027	6000000076974848896
Q27915282	6000000005321054001
Q279153	6000000026130928258
Q27915311	6000000054198049950
Q27915542	6000000012170841210
Q27915551	6000000070991209821
Q27915631	6000000177541765837
Q279157	6000000016362915859
Q27916034	6000000011691699303
Q27916038	4298926567150068086
Q27916040	6000000011691390749
Q27916041	6000000006578504253
Q27916082	6000000071970730085
Q27916178	6000000019610907001
Q27916194	6000000053050269879
Q279164	6000000205909491832
Q27916538	6000000002764690890
Q27916582	4299114989640043604
Q27916747	6000000020111073012
Q2791686	6000000176923757949
Q27916902	6000000002810627990
Q27916912	6000000011691621681
Q2791696	6000000014054512029
Q27917029	6000000058142154840
Q27917159	6000000015259897376
Q279174	6000000024654180630
Q2791780	6000000010564865230
Q27918069	6000000016517355073
Q27918084	6000000032872925297
Q27918087	6000000024477016889
Q2791832	6000000003939894546
Q2791895	6000000179213351822
Q27919063	6000000081243143942
Q279193	6000000026200351660
Q27919574	6000000022889937916
Q2791971	6000000041388997438
Q27919873	6000000019870396005
Q27919878	6000000053317592124
Q2791991	6000000180773497857
Q2792003	6000000139465805995
Q279202	6000000058211937041
Q27920266	6000000007062830178
Q279205	6000000042515392706
Q27920687	6000000178138145836
Q27920823	6000000074732680829
Q27920990	6000000037107815918
Q27921382	6000000010580880103
Q27921404	6000000035941682907
Q27921445	6000000074698590279
Q27921541	6000000145519435834
Q27921755	6000000017636462108
Q27921768	6000000004095483490
Q27921953	6000000040342236388
Q27922047	6000000000191662994
Q27922171	6000000004079779465
Q27922180	6000000034892773706
Q27922248	6000000063611619825
Q27922316	6000000038518537288
Q27922320	6000000038519962934
Q27922401	6000000015095662476
Q27922494	6000000131438776865
Q279225	6000000036288663010
Q27922578	6000000071320754858
Q27922989	6000000045142757140
Q27923123	4581469948780123278
Q27923290	6000000053552537865
Q27923668	6000000014478355378
Q27923815	6000000104599758830
Q27923876	6000000180891324849
Q27923890	5628228150950052416
Q27923893	6000000019478475072
Q27923922	6000000172613782821
Q27923972	6000000025752091977
Q27924016	6000000025122555555
Q27924104	6000000067937484036
Q27924394	6000000047715186128
Q27924499	6000000017765228005
Q27924611	5356338671200088466
Q27924748	6000000018038003015
Q279248	6000000070599768897
Q27925157	6000000123269110868
Q27925306	6000000119821469826
Q27925987	6000000017125767306
Q27926006	6000000030119004637
Q27926012	6000000001820087134
Q27926014	6000000011691729339
Q27926019	6000000039020032218
Q27926088	6000000173299499417
Q279261	6000000015129662170
Q27926120	6000000001299294126
Q27926815	6000000119820573821
Q27927425	6000000016311127437
Q27927426	4414121195310053627
Q27927435	6000000008017416891
Q27927450	6000000011313912815
Q27927494	6000000010005530126
Q27927504	6000000031341953953
Q27927525	6000000013599789461
Q27927609	6000000017219381917
Q27927801	6000000009180575530
Q27927802	6000000068681038821
Q27927803	6000000019479302436
Q27927815	6000000013014919654
Q2792792	6000000195113699911
Q2792820	6000000057313211853
Q27928213	6000000000333687502
Q27928335	6000000180036116859
Q27928509	6000000035541473786
Q27928932	6000000172687828825
Q27929009	6000000040809351442
Q27929206	6000000016631365168
Q27929232	6000000179254534828
Q27929304	6000000004226340143
Q27929322	6000000025023841609
Q27929388	6000000007089994299
Q27929423	6000000047281556921
Q27929460	6000000017131616863
Q27929603	6000000030922594518
Q27929615	6000000004244626442
Q27929657	6000000050574888954
Q2793043	6000000019908469003
Q2793231	6000000002188402291
Q2793437	6000000039147549448
Q2793443	6000000183597467866
Q2793470	6000000004007083243
Q2793474	6000000035523691484
Q279351	6000000130611004822
Q279359	377233260970005800
Q2793795	6000000084527373135
Q2793815	6000000001820087273
Q279397	6000000011087778420
Q27940413	6000000005585009298
Q27940551	6000000011540865951
Q27940555	6000000011540875168
Q27940677	6000000004244922158
Q27940985	6000000177275715835
Q27941164	6000000070657513851
Q27941686	6000000002188386748
Q27941791	6000000063360728885
Q2794195	6000000017964568494
Q27942027	6000000011593996755
Q27942040	6000000021452017870
Q27942451	6000000151783782822
Q27942475	5578712750730085477
Q27942530	6000000054844357910
Q27942533	6000000001299392760
Q27942559	6000000031968278262
Q27942650	6000000022419977792
Q2794279	6000000003478788408
Q27942862	6000000095372236850
Q27943431	6000000006999371361
Q27943493	6000000092450891254
Q279447	6000000093902295851
Q2794575	6000000017652094120
Q27946725	6000000002209318270
Q27946813	6000000025572231421
Q27947360	6000000073897499829
Q27947534	6000000049004455824
Q2794775	6000000017052340146
Q27947800	6000000197224832828
Q27947855	6000000001450910064
Q27947856	6000000001249850194
Q27947856	6000000029236577441
Q27948806	6000000002906295138
Q27949107	6000000092759556974
Q27949110	6000000031076417963
Q27949189	6000000014413364605
Q27949220	6000000140444048958
Q279495	6000000220455542900
Q27950406	6000000163459547915
Q27950459	6000000017399153832
Q27950777	6000000140023307840
Q27950780	6000000000114115833
Q27950793	6000000017371293428
Q27950959	6000000099438399836
Q2795369	6000000019667659820
Q27954535	6000000029015025578
Q2795494	6000000014252682607
Q27955393	6000000032907034624
Q27955423	6000000001538262215
Q27955726	4559279862600075766
Q27955754	6000000043733826927
Q27955968	6000000039351486422
Q27956500	6000000037736381808
Q27956506	6000000131994467856
Q27956510	6000000055542266956
Q27956521	6000000007965940598
Q279567	6000000004099501226
Q27956846	6000000006413111716
Q27956858	6000000000151698873
Q27956860	6000000004869028459
Q27956947	6000000004382761445
Q27957268	6000000006357755294
Q27957345	6000000136773112904
Q27957891	6000000045344885127
Q27957945	6000000002400097780
Q27958777	6000000003805437985
Q27959251	6000000004137514483
Q27959556	6000000003398421584
Q27959704	6000000026817852990
Q27959813	6000000005760618136
Q27959835	6000000011064899363
Q27959887	6000000005760184429
Q27960343	6000000022375775933
Q27960508	6000000145559769840
Q2796083	6000000018071186201
Q27963721	6000000187367674827
Q279651	6000000124104697112
Q27966169	6000000156278235080
Q27966391	6000000029531063718
Q27966392	6000000137203305821
Q27966412	6000000069421780828
Q27966421	6000000025604596675
Q27966493	6000000069565762893
Q27967159	6000000107963060839
Q27967301	6000000027722015962
Q27967352	6000000017881456162
Q27967484	6000000030549673676
Q27967485	6000000081322645766
Q279679	6000000003771301921
Q27969111	6000000027014896531
Q27969328	6000000021526477343
Q27969638	6000000032411598320
Q27969641	6000000030284656062
Q279699	6000000014329805340
Q27970550	6000000145258198608
Q279709	6000000039089771959
Q27970965	6000000003891404432
Q27971120	6000000111578426823
Q27971155	6000000015563939024
Q27971169	6000000009572211122
Q27972078	6000000101387845953
Q27972167	6000000007690614305
Q27972315	6000000040217163350
Q27972335	6000000015273484967
Q27972832	6000000078622745255
Q2797472	6000000000351064371
Q27974859	6000000073559347822
Q27974930	6000000041769213669
Q27975562	6000000156178232874
Q27975580	6000000101386077905
Q27975964	6000000145609344822
Q27976384	6000000015561964732
Q27976591	6000000013519726709
Q27976621	6000000028878665289
Q2797815	6000000006444136790
Q27978689	6000000015653675024
Q27978774	6000000082452400345
Q27978927	6000000130330223837
Q27979025	6000000034455635189
Q2797908	6000000026028457453
Q27980469	6000000073202296843
Q27981091	6000000066933590828
Q27981100	6000000015562032012
Q27981174	6000000018726263608
Q2798137	6000000065177523970
Q27981923	6000000026036000078
Q27982410	6000000003035951168
Q2798280	6000000130791928916
Q2798287	6000000074725490633
Q2798306	6000000201033375848
Q27983349	6000000000282550790
Q27983424	6000000002153404958
Q27984364	6000000177348597872
Q2798546	6000000005442138771
Q27986488	6000000002282889217
Q27986512	6000000024697766331
Q27986841	6000000145343347018
Q27986883	6000000141040409834
Q27986887	6000000137347739882
Q27986906	6000000163749362861
Q27986966	6000000006450895968
Q2798774	6000000047017610952
Q27989359	6000000002275865871
Q27990105	6000000177819718833
Q27990163	6000000020960117125
Q27990264	6000000020486632890
Q27990287	5604676249360048007
Q27990384	6000000000120538894
Q27990535	6000000011423463017
Q27990588	6000000078245841489
Q27991062	6000000014228948912
Q279924	6000000015512225220
Q2799328	6000000031501317253
Q2799341	6000000000496582479
Q27993977	6000000080058606832
Q27994023	6000000031499317926
Q27994243	6000000075993220923
Q27994396	6000000011644929384
Q27994417	6000000082024564926
Q27994475	6000000050643504821
Q27994483	6000000062633534883
Q27994620	6000000117993299092
Q27994632	6000000017613714439
Q27994671	385120861520013819
Q27994718	6000000025650647414
Q27994739	6000000173122436159
Q27994753	6000000099956498035
Q27995588	6000000009119309116
Q27995624	6000000006127836233
Q27995655	4298977257010043046
Q27995706	6000000177210912862
Q27995762	6000000017134044690
Q27996310	6000000033625924442
Q27996534	6000000001152300054
Q27996538	6000000000524650034
Q27996539	6000000055024896834
Q27996556	6000000024046485569
Q27996926	6000000036826908148
Q27996941	6000000019284301948
Q27996948	6000000021766263032
Q27996966	6000000067597914895
Q27996975	6000000037807931214
Q27996979	6000000021276439919
Q27996995	6000000016498484905
Q27997007	6000000015515757142
Q27997012	6000000040475707910
Q27997014	6000000043025237544
Q27997031	6000000034272798067
Q27997049	6000000097644947900
Q27997183	6000000111924831988
Q27998683	6000000034846933000
Q27999105	6000000016420499945
Q27999113	6000000043659581548
Q27999116	6000000015633563563
Q27999323	6000000017133002587
Q27999340	6000000016525103375
Q27999374	6000000164023153341
Q27999412	6000000011187385746
Q27999694	6000000179168261828
Q28000226	6000000023107674013
Q28000310	6000000027986257500
Q28000322	346017105470006793
Q2800102	6000000021137111041
Q28001163	6000000019418702415
Q28001274	6000000055147911878
Q28001279	6000000086388860972
Q28001281	6000000047909102419
Q28001470	6000000013637434041
Q2800221	6000000046137953821
Q28002414	6000000019846120017
Q28002498	6000000007921400342
Q28002521	6000000004594035361
Q2800263	6000000024394028185
Q28002994	6000000060325044957
Q28003546	6000000025995960556
Q2800361	6000000021388180306
Q28004096	6000000012515889845
Q28004552	6000000015592075296
Q28004662	6000000169338277172
Q28004706	6000000023746050300
Q28005253	6000000020882480500
Q2800527	6000000021314382329
Q28005444	6000000014924757615
Q28005634	6000000190446010007
Q2800576	6000000019623593224
Q28006686	6000000051490489098
Q28006849	6000000006124028549
Q28006919	6000000002464276576
Q28006959	6000000032120465384
Q28006998	6000000084159693850
Q28007501	6000000208574130829
Q28007559	6000000177240885884
Q28007607	6000000011995077858
Q28008397	6000000020514519626
Q2800847	4379429641230053354
Q28008597	6000000154828837836
Q28008816	6000000001742412289
Q28008824	6000000017882117996
Q28008828	6000000041780095532
Q28008855	6000000049465233928
Q280098	6000000016093421771
Q28011811	6000000062499684821
Q2801376	6000000025608156900
Q28015542	6000000003615486559
Q28015679	6000000003378946304
Q2801602	6000000082788703929
Q28016171	6000000017611155414
Q28016244	6000000017611334140
Q28016752	6000000013564688280
Q28016783	6000000111807895122
Q28016793	6000000071391218170
Q28016849	6000000209052358900
Q28017669	6000000028953410267
Q2801772	6000000009968657655
Q28017755	6000000069137251905
Q28017920	6000000003593183793
Q28018207	6000000053660845437
Q28020255	6000000153726572833
Q2802039	6000000029302639989
Q28021426	6000000027034717077
Q2802188	6000000026355257217
Q28022579	6000000016952871586
Q28022590	6000000016953516425
Q2802287	6000000008620764951
Q2802318	4551603
Q28023328	6000000139427160882
Q28024124	6000000013451849192
Q28024724	6000000135259828343
Q28024767	6000000077160842793
Q28024775	6000000002847503044
Q28024817	6000000022437608703
Q28024986	6000000028141985978
Q280254	6000000104492180821
Q28025468	6000000012630651430
Q28025574	3554260
Q28025593	6000000012633168296
Q28025596	6000000034820419305
Q280256	6000000021330190790
Q28025605	6000000007884750908
Q28025629	6000000109020338959
Q28025652	6000000021564892866
Q28025668	6000000037255481036
Q28025700	4128849430280040151
Q28025731	6000000021532635499
Q28025736	6000000013579577093
Q28025751	6000000028522993111
Q28025753	6000000028725336956
Q28025776	6000000072906267010
Q28025834	6000000005932888179
Q28025839	6000000179024789209
Q28025879	6000000149272866822
Q2802589	6000000000636034575
Q28025902	6000000089956989915
Q28025909	6000000055927847112
Q28025927	332349214460010743
Q28026078	6000000000875337272
Q28026134	6000000020087078107
Q28026146	6000000015184267778
Q28026598	6000000009127603853
Q2802718	6000000017836865968
Q28027399	6000000017014820677
Q28027457	6000000037692519177
Q28027619	6000000023297167227
Q2802812	6000000006828323811
Q28028372	6000000076848334800
Q28028513	6000000016812968189
Q28028729	6000000057544105860
Q28028801	6000000145863630848
Q28028803	6000000130759091833
Q28028839	6000000007215925525
Q28028843	6000000026257894614
Q28028848	6000000017399461567
Q28028860	6000000011309095620
Q28028862	6000000011601751155
Q28028913	6000000072634301825
Q28028920	4213724006450075634
Q280290	6000000015819511629
Q280298	6000000011669204213
Q28030585	6000000034795693295
Q28030702	6000000179153616861
Q28030709	6000000040956133722
Q28030711	6000000038888071535
Q28030727	6000000144750510848
Q28030744	6000000179077253831
Q28030758	6000000071725203993
Q28030775	6000000157571019853
Q28030947	6000000024666128355
Q28031263	6000000007412373826
Q28031303	6000000038190067421
Q28031416	6000000006244844009
Q28032158	6000000076830669092
Q28032197	6000000028316916708
Q280328	6000000024209802687
Q28032880	6000000101140225872
Q2803302	6000000063812396893
Q28033656	6000000007323681451
Q28033681	6000000007324174841
Q280337	6000000040975263013
Q28034909	6000000015254341750
Q2803494	6000000013284007902
Q28034971	6000000219146983826
Q28034983	6000000022494528627
Q28035792	6000000129557255821
Q28035952	6000000003605741522
Q28036796	6000000003186107958
Q28036837	6000000076032960973
Q28037098	6000000004198116244
Q28037295	6000000004882838442
Q28037431	6000000142442196826
Q28037537	6000000178335567874
Q28037694	6000000031060977925
Q2803770	6000000011644806385
Q28038527	6000000020153178447
Q28039439	6000000021579081612
Q28039752	6000000160324206839
Q280411	6000000025751852484
Q28042114	6000000046653655496
Q28042842	6000000182730891854
Q28042872	6000000002802297693
Q28042932	6000000019566441477
Q28042941	6000000002188386679
Q28043232	6000000179434495946
Q28043246	6000000006783975160
Q28043261	6000000022149051563
Q28043469	5720343141520137259
Q28043535	6000000000115741683
Q2804372	6000000017109632996
Q28044003	6000000015415581384
Q280442	6000000025797620030
Q2804423	6000000011551571260
Q28044887	6000000012667665152
Q280449	5080606558080043371
Q28045013	6000000009277331208
Q28045169	6000000068677099934
Q28045176	6000000012987319439
Q28045328	6000000013687655856
Q280455	318791420810003674
Q28045520	6000000150827037900
Q28045538	6000000036948042825
Q28045570	6000000087288959821
Q28045573	6000000014940050284
Q28045649	6000000116539478760
Q28045802	6000000003878711077
Q2804608	6000000012153261307
Q2804658	6000000001018467135
Q28046973	6000000068599014822
Q28047195	6000000019963676044
Q28047249	6000000032181231490
Q28047500	6000000053497115061
Q28047518	6000000163418115677
Q28047571	6000000150676223185
Q28047799	6000000052617520958
Q28047803	6000000001541844274
Q28047878	6000000111159742972
Q280479	6000000003891304817
Q28048738	6000000052840462895
Q28048759	6000000022920932853
Q28048947	6000000007960959152
Q28049146	6000000026906678441
Q28049175	6000000013346317515
Q28049248	6000000002672863448
Q28049270	6000000011479288574
Q28049287	6000000012501808081
Q28049295	6000000007570897577
Q28049531	6000000009469777267
Q28049613	6000000000128917043
Q28049622	6000000092949612893
Q28049841	6000000018920938544
Q28049854	6000000013513443422
Q28049864	6000000052525983824
Q2805025	6000000009070950219
Q280515	6000000134316768861
Q28051543	6000000015261963327
Q28051657	6000000034316032111
Q2805246	6000000012423590971
Q28052622	6000000006160833234
Q2805295	6000000002589217078
Q2805299	6000000000698562399
Q28053695	6000000019441037626
Q28053711	6000000178603527839
Q28053712	6000000002584707202
Q28053717	6000000006994098958
Q28053768	6000000215857369833
Q280539	6000000012526933756
Q28054	6000000015086032032
Q28054103	6000000078551682224
Q28054162	6000000002188504460
Q280544	6000000022802674507
Q28054420	6000000063289173205
Q28054602	6000000017317365966
Q2805468	6000000002188434369
Q28054783	6000000014693307775
Q28054837	6000000076029183999
Q2805486	6000000014252855178
Q28054921	6000000032331142448
Q28054966	6000000004867805246
Q28055109	6000000011242589290
Q28055118	6000000011249166845
Q28055138	6000000017926244092
Q28055142	6000000023683145996
Q28055297	6000000015284412475
Q280554	6000000006920751510
Q28055497	6000000008852345024
Q28055802	6000000014014716320
Q28055971	6000000133231801830
Q28056005	6000000032737770868
Q28056010	6000000000044734601
Q28056012	6000000085442190031
Q28056063	6000000014793808936
Q28056077	6000000046797621091
Q28056079	6000000019271760794
Q28056094	6000000019748270308
Q28056095	6000000025041622106
Q28056101	6000000037895936535
Q28056102	5663403296110069809
Q28056114	6000000065173655845
Q28056115	6000000178702216823
Q28056167	6000000019644839863
Q28056169	6000000019611126102
Q28056170	6000000019572377811
Q28056221	6000000017327335289
Q28056329	6000000017327310617
Q2805655	6000000002188529481
Q28056566	6000000047549956012
Q28057372	6000000033769647401
Q28057561	6000000175564723822
Q28057571	6000000156222281842
Q28057575	6000000021584603611
Q28057613	6000000183039459863
Q28057653	6000000184763589832
Q28057711	6000000052896878317
Q28057834	824289
Q28057837	6000000164661400834
Q28057856	6000000163764107865
Q28058102	6000000015975209607
Q28058259	6000000029842002000
Q28058326	6000000065570936470
Q28058565	6000000059710304900
Q28058675	6000000151007361248
Q28058785	6000000015907115121
Q2805888	6000000010833595851
Q28058912	6000000079216864888
Q28059007	6000000094312734890
Q28059134	4193741474870010251
Q28059166	6000000004169790689
Q28059215	6000000002765016644
Q2805939	6000000175001855738
Q28059391	6000000074709624857
Q28059429	6000000023130801197
Q28059473	6000000011554662216
Q28059864	6000000013485701556
Q28059868	4815385502220034161
Q28059877	6000000020663423246
Q2805995	6000000122593814860
Q28060005	6000000015390701857
Q28060123	6000000009632218673
Q28061537	6000000018791372294
Q28061542	6000000004571308970
Q28061592	6000000017539909451
Q28061605	6000000086739120898
Q28061617	6000000027292212888
Q28061625	6000000014132439638
Q28061645	6000000027913430841
Q28061647	6000000014028423359
Q28061676	6000000006444174186
Q2806192	6000000018844369061
Q28061965	6000000018212901848
Q28061973	6000000020037226489
Q28062034	6000000025832176008
Q28062035	6000000002820618535
Q28062227	6000000025550060110
Q28062234	6000000019172590309
Q28062402	6000000052136178889
Q2806243	6000000008935798964
Q28062451	6000000003772730223
Q28062481	6000000006762131934
Q28062613	6000000003772730216
Q28062614	6000000021769702303
Q28063779	6000000015066651273
Q28063817	6000000189544895826
Q28063834	6000000035506249236
Q280639	6000000015115468763
Q28064007	6000000103941661050
Q28064017	6000000023184610018
Q28064020	6000000014962264060
Q28064066	6000000026029592423
Q28064095	6000000018255527463
Q28064149	6000000137546847843
Q28064155	6000000170424301848
Q28064221	6000000018978176425
Q28064226	6000000177874191821
Q28064293	6000000035169215202
Q28064293	6000000042424975925
Q28064295	6000000016169203398
Q28064297	6000000038439839743
Q28064315	6000000036273626952
Q28064408	6000000010919963108
Q28064462	6000000018283839222
Q28064601	6000000000419256247
Q28064617	6000000022625162261
Q28064713	6000000017492032513
Q28064801	6000000016974958306
Q28064865	6000000002188470799
Q28064948	6000000014340658533
Q28064955	6000000004168609275
Q28065040	6000000013515761185
Q28065044	6000000023051805877
Q28065063	6000000022669160854
Q28065077	6000000081404473906
Q28065094	4187145278080126240
Q28065096	6000000002499766351
Q28065103	6000000022671015955
Q28065112	6000000013482899522
Q28065146	6000000053839475886
Q28065391	6000000041719820823
Q28065524	6000000022527306381
Q28065661	6000000153581496822
Q280657	6000000004956142406
Q28065708	6000000100179121088
Q28065964	6000000017361052296
Q28065965	5218706076900080499
Q28065973	6000000007245372501
Q28066425	6000000004015324457
Q280666	6000000029373915148
Q280688	6000000019070978072
Q280706	6000000004593808829
Q280715	6000000002276172940
Q28073141	6000000009616803171
Q28073194	6000000003550920023
Q28073581	6000000002487218849
Q28074033	6000000034734785212
Q280748	6000000015609498038
Q280753	6000000029977189157
Q28075428	6000000037142095164
Q28075466	6000000016536202840
Q28075663	6000000000668352847
Q28076362	6000000184143540899
Q280766	6000000011589196200
Q28076828	6000000024332732226
Q2807723	6000000103706883938
Q2807776	6000000004225276728
Q28077882	6000000006444750329
Q2807933	6000000037409638322
Q2807961	6000000011268661788
Q280799	6000000014395795920
Q2808	6000000012368832956
Q2808000	6000000049909016182
Q28080356	6000000027148336936
Q28080364	6000000000290136926
Q28081136	6000000035087466493
Q28082270	6000000075484811999
Q28082987	6000000067125197956
Q28083095	6000000019130534054
Q28083369	6000000019347808028
Q280837	6000000145226888901
Q2808495	6000000045922515144
Q28085	6000000020398041246
Q28085202	6000000057250107069
Q280856	6000000001217955606
Q28085802	6000000019488360900
Q28085803	6000000019488949139
Q28086059	6000000027227307725
Q280866	6000000074746096062
Q28087975	6000000017196337825
Q28089438	6000000009298594527
Q28090001	6000000019373538131
Q28090492	6000000033278791584
Q28091702	6000000023470272737
Q28091757	6000000178166206830
Q28091877	6000000025185464948
Q28091880	6000000017259058006
Q28091908	6000000000658891531
Q28091910	6000000021051028094
Q28092061	6000000007287791086
Q28092065	6000000008838523151
Q28092185	6000000019347251360
Q28092188	6000000010191954421
Q28092192	6000000020392733891
Q28092477	6000000016688741967
Q28092481	6000000020590135377
Q28092486	6000000024100673891
Q28092632	6000000036654729484
Q28092664	6000000017160234368
Q28092694	6000000002689088752
Q2809294	6000000071155641929
Q280930	4225067167990045366
Q28094232	6000000056645763849
Q28094234	6000000117387290968
Q2809463	6000000009833015282
Q280966	6000000001134524234
Q28097063	6000000141000729882
Q28097924	6000000001631957255
Q28098252	6000000145883388839
Q28098285	6000000013604288055
Q28098295	6000000070265245913
Q28098348	6000000011109350433
Q280985	4325373300910011390
Q28098502	6000000020181793813
Q28098651	6000000038376590943
Q28099228	5105977198290063542
Q280993	6000000175718648832
Q28099455	6000000005598912198
Q28099479	6000000002743726952
Q28099583	6000000014655391178
Q28099668	6000000005914136738
Q28101716	6000000009929796123
Q28101915	6000000073860084821
Q28104274	6000000016822776423
Q28104548	6000000075424172225
Q281046	6000000002765609052
Q28105001	6000000172405647043
Q2810518	6000000006578751229
Q28106706	6000000004098021333
Q281075	6000000080996774905
Q281078	6000000007978010877
Q28108830	6000000016237422118
Q28108974	6000000014178780286
Q281090	6000000017527478799
Q28109288	6000000026046080529
Q28109954	6000000023746440003
Q28110079	6000000026544224050
Q28110268	6000000026542770631
Q28110437	6000000178256158824
Q28112112	6000000173871542950
Q28112156	6000000002836440238
Q28112365	6000000004566786558
Q28112704	6000000021619112727
Q28112778	6000000036020162292
Q28113710	6000000051623950175
Q28113835	6000000014755925212
Q28114036	6000000012640766428
Q28114037	5692939721940027685
Q28114134	6000000017643011735
Q28114459	6000000003290457496
Q28114748	6000000026066594951
Q28115458	6000000041511240797
Q28117	6000000032640682978
Q281170	6000000000554491045
Q2811920	6000000025845414308
Q28120451	6000000002577127224
Q281210	6000000012769685574
Q28121374	6000000051474689821
Q28121388	6000000083875555020
Q28121602	6000000007419268259
Q28121618	6000000014108505922
Q28121662	6000000014109287426
Q28121886	6000000002383104624
Q28122163	6000000181929246824
Q28122295	6000000003652971721
Q28122301	6000000007418011288
Q28122984	6000000052755919902
Q28123534	6000000094856214976
Q2812390	6000000027013772134
Q28123914	6000000221071664821
Q28123948	6000000025744358164
Q28124025	6000000059727416341
Q28124068	4575164753360048266
Q28124071	6000000005659490001
Q28124135	6000000221072107849
Q28124317	6000000112983219821
Q2812487	6000000083383337878
Q28125273	6000000068441490176
Q28125274	6000000057025591001
Q28125285	6000000182308194921
Q28125286	6000000010743708280
Q28125289	6000000001007742614
Q28125292	6000000018269924737
Q28125306	6000000018640593432
Q28125315	6000000003525804058
Q28125333	6000000120878296196
Q28125347	6000000013460247453
Q28125353	6000000010039754837
Q28125365	6000000025554482074
Q28125376	6000000022770540005
Q28125381	6000000008896346694
Q28125383	6000000055100993852
Q28125696	6000000018978092166
Q28126401	6000000128073681854
Q281280	6000000183984865825
Q28130134	6000000002115940196
Q28131294	6000000043606689258
Q28131303	6000000014588999623
Q28131433	6000000027669186180
Q28132441	6000000092301984845
Q28132688	6000000035141046914
Q28133249	6000000204335632866
Q28133284	6000000035889294744
Q28133337	6000000078675078167
Q281340	6000000050931202956
Q28134228	6000000222335088841
Q28136371	6000000190356476853
Q28136890	6000000078617080879
Q28137087	6000000012822047207
Q28137436	6000000044419524069
Q2813888	6000000119769831822
Q281390	6000000071026115874
Q2814016	6000000049721708933
Q281404	6000000017854169319
Q281410	6000000003244517847
Q281427	6000000026335458528
Q28145336	6000000137540495845
Q28145444	6000000003300470266
Q281455	6000000082011546914
Q28145769	6000000052093383959
Q28146078	6000000005016686756
Q28146731	6000000202759984843
Q28146736	6000000216743652822
Q28147054	6000000145230224856
Q28147522	6000000020158872055
Q28148022	6000000180113164859
Q28150071	5427872469930086294
Q28150994	6000000078631264918
Q28151223	6000000076850412271
Q28151474	6000000015624211768
Q28151569	6000000034735185868
Q28151772	6000000000965701513
Q28151774	6000000018461966450
Q281518	6000000041238173074
Q28151876	6000000083431704352
Q28151904	6000000013040894119
Q28152319	6000000022632171701
Q281528	6000000075993111032
Q28155006	6000000064834784833
Q28155075	6000000023212201234
Q28155076	6000000023214731096
Q28155099	6000000001180223383
Q28155165	6000000088944092825
Q28155178	6000000071108922825
Q28155202	6000000021024477928
Q28155217	6000000013648901822
Q28155253	6000000026001875072
Q28155274	6000000019584457531
Q2815531	6000000040194708669
Q28155948	6000000037480354975
Q28155991	6000000029164146287
Q281564	6000000018147335121
Q281566	6000000013424836478
Q281581	6000000011691366053
Q28158550	6000000014824598299
Q28160531	6000000025440451790
Q281637	6000000014583834193
Q281640	6000000017486924765
Q281664	6000000158164393834
Q28167419	6000000010975039668
Q28170424	6000000003887901176
Q28170506	6000000019034368972
Q28170664	6000000025037380852
Q2817225	6000000016127213715
Q2817246	6000000126833390865
Q2817249	6000000029899811935
Q281728	6000000040424111909
Q281741	6000000157541801825
Q28175864	6000000006444052382
Q28175908	6000000007470507621
Q281763	6000000001186110876
Q281775	6000000012977619020
Q281781	6000000038693518339
Q28179102	6000000008736323425
Q28179117	6000000011098670598
Q28179141	6000000013293601261
Q28179240	6000000022348677703
Q28179771	6000000010663264181
Q28180368	6000000002188468487
Q281812	6000000167333159857
Q281847	6000000098246998182
Q28188134	6000000018713708084
Q281905	6000000002176849650
Q281908	6000000174762391139
Q28191976	6000000004239715349
Q28192906	6000000039859850075
Q28193572	6000000166911107894
Q28194145	6000000112371925920
Q28195007	6000000007523830614
Q281964	6000000029120508173
Q2819666	6000000012652026655
Q2819700	6000000181678399821
Q28197084	6000000070000335599
Q28197989	6000000127071094016
Q28198011	6000000004079807158
Q28198445	6000000057626166127
Q2820016	6000000036268953644
Q2820019	6000000011707328698
Q2820021	5126414345280103960
Q2820053	6000000015782935201
Q2820067	6000000028627382230
Q2820071	6000000026651136015
Q2820089	6000000178706743860
Q2820090	6000000012676119685
Q2820094	6000000002803107673
Q2820112	6000000010782536853
Q282016	6000000001500820759
Q28203467	6000000012534960262
Q28203630	6000000110626850828
Q282065	6000000035535729905
Q282067	6000000015434822726
Q28207030	324838976650002863
Q28207217	6000000018788404978
Q2820848	6000000014147678637
Q282091	6000000016390580297
Q28209965	6000000043696027382
Q282102	6000000001831431736
Q282105	6000000168656522867
Q282119	6000000133674250899
Q28212385	6000000008700521588
Q28213061	6000000012975927878
Q2821460	6000000010693449516
Q2821507	6000000032212244130
Q2821508	6000000027782415535
Q2821626	323106472520005281
Q2821675	6000000018221647300
Q282179	6000000177118775879
Q282180	6000000001055454324
Q2821810	6000000012915311001
Q2821824	6000000024372998865
Q2821841	6000000002686397576
Q2821870	6000000015597772265
Q2821875	6000000016163678959
Q2821887	6000000184795816835
Q28220230	1146498
Q28220392	343011694430010043
Q28223030	6000000162268889912
Q2822477	6000000180826722900
Q28225896	6000000107025551090
Q28226245	6000000109896656890
Q28226629	6000000026725744176
Q28227643	6000000000531164532
Q28229718	6000000081557234084
Q2823035	6000000178698659828
Q2823044	6000000162894464845
Q2823047	6000000065852543855
Q2823053	4690973015610031146
Q2823055	6000000065497508821
Q2823064	6000000066548038960
Q28230718	6000000058767298092
Q2823083	3643581
Q28230906	427651
Q2823116	6000000058141105880
Q28232600	6000000008559469889
Q282329	6000000006174986864
Q282342	6000000010827820438
Q282358	6000000026133933639
Q28237396	3108463
Q28237680	6000000034730513932
Q2823892	6000000043809971896
Q2823895	6000000080962865929
Q2823917	6000000041641997002
Q2823978	6000000008597009876
Q2823985	6000000035498730830
Q2824007	6000000076061226855
Q2824015	6000000014715570376
Q2824019	6000000023110369415
Q2824196	6000000024473355924
Q2824209	6000000080380205854
Q2824313	6000000015510494997
Q2824671	6000000015443163001
Q282468	6000000012641861742
Q2824697	6000000016020500249
Q2824701	6000000003085859402
Q2824703	1415236
Q2824704	6000000021123329569
Q2824737	6000000002765016346
Q2824740	6000000036900463108
Q2824750	6000000006788317785
Q2824752	6000000031829117316
Q2824768	6000000050973103119
Q2824777	6000000063334586976
Q282482	6000000010356764301
Q2824828	6000000008149761448
Q2824830	6000000044139456981
Q2824843	6000000006727832272
Q2824844	6000000010132418943
Q2824881	6000000085379201924
Q2824907	6000000006174712001
Q2824912	6000000053949914865
Q282493	6000000000769874015
Q2824939	6000000061524864025
Q2824945	6000000025084224893
Q282498	302520983470007129
Q2825030	6000000153245879941
Q2825040	6000000022569369767
Q28250594	6000000049437424132
Q28251003	6000000047251652643
Q282512	6000000029783698417
Q2825123	6000000091705675250
Q2825217	6000000010113804127
Q2825261	6000000096067309114
Q2825279	6000000177890003882
Q2825288	6000000017554809857
Q2825299	6000000124406299902
Q2825300	6000000020170175825
Q2825304	6000000021552623042
Q2825325	6000000014097647465
Q2825431	6000000181902441857
Q2825439	6000000107917880849
Q2825454	6000000029665465371
Q2825459	6000000021194230241
Q2825467	6000000069706336314
Q282574	6000000018975954386
Q282575	6000000165560693894
Q2825877	6000000077746640937
Q282607	6000000115267843853
Q28260774	6000000019994248550
Q2826414	6000000149440511023
Q2826470	6000000071400385888
Q28265	6000000141978417865
Q282657	6000000007963697407
Q282678	6000000012149755471
Q2826888	6000000005961660570
Q2826891	6000000012368319746
Q2826927	6000000029380824193
Q282693	6000000217731812834
Q2826971	6000000059140465857
Q2827000	6000000044082152821
Q2827030	6000000005938898518
Q282708	6000000018698660826
Q2827081	6000000171837492892
Q2827089	6000000143174090041
Q2827213	6000000015435116656
Q282722	6000000022500423639
Q2827373	6000000011834606818
Q2827377	6000000014091715199
Q2827408	6000000068086363898
Q282742	6000000002951260153
Q2827774	6000000011525256833
Q282787	6000000065470522906
Q2828003	6000000021415540993
Q2828004	6000000174304617237
Q2828011	6000000081525358497
Q2828049	6000000057716289867
Q2828110	6000000051206872846
Q2828114	6000000029105108821
Q2828117	4324288434060054168
Q2828117	6000000017207531781
Q282820	6000000002398356735
Q282823	6000000016700586616
Q28284906	6000000001383804900
Q282882	6000000046192911008
Q282892	6000000001436292492
Q282922	6000000082638293023
Q2829502	6000000085391877826
Q2829651	6000000021213837717
Q2829706	6000000080241891932
Q2829804	6000000021429594073
Q2829918	6000000002452904245
Q2829938	6000000049224740974
Q2830045	6000000069148916919
Q2830213	6000000071236641235
Q2830219	6000000009776174885
Q283026	6000000027289722047
Q2830264	6000000150177770829
Q28302773	6000000024614121094
Q28302918	6000000055716002867
Q2830338	6000000002588816637
Q2830440	6000000085549235028
Q2830491	6000000102957446898
Q2830502	6000000054367745899
Q2830641	6000000071154970914
Q283069	6000000012891848755
Q2830777	6000000025510587440
Q2830868	6000000015147392115
Q28308797	6000000008111235146
Q2830928	6000000043404264240
Q2830931	6000000006330913425
Q283094	6000000175933491830
Q2830959	6000000027943264162
Q2830991	6000000024047437350
Q2831	6000000000782410018
Q2831051	6000000001103627421
Q2831060	6000000004559180517
Q2831071	6000000057429349389
Q2831076	6000000016121842628
Q28310802	6000000014756614720
Q2831134	5145582519280120912
Q2831136	6000000004549457803
Q28311717	6000000036673498091
Q2831176	6000000010132419057
Q283121	6000000066592799875
Q2831222	6000000001123036368
Q283123	6000000163196520903
Q2831233	320362380840002261
Q2831257	6000000017816860685
Q28312893	6000000002491463756
Q2831298	6000000011546996490
Q2831333	6000000021137070797
Q2831369	6000000173007961822
Q2831378	6000000111609793823
Q2831398	6000000013299117464
Q2831434	6000000003667081186
Q283146	6000000017097948417
Q2831488	6000000058846045821
Q2831529	6000000173623448893
Q2831537	6000000175374710723
Q2831554	6000000051956808897
Q283156	6000000073119781915
Q283158	6000000002081973457
Q283160	6000000064598458955
Q2831657	6000000011313800430
Q2831673	6000000014137941674
Q2831674	6000000081472002525
Q28317048	6000000041293771764
Q28317051	6000000041294205258
Q2831747	6000000006674136503
Q2831751	6000000013104577164
Q2831755	6000000156221040880
Q28317778	6000000008772823013
Q2831786	4043781260290045291
Q2831792	6000000144750023914
Q2831794	6000000166455247931
Q28318056	6000000023024635835
Q2831817	6000000156862418849
Q2831818	6000000137806606850
Q2831824	6000000027430660992
Q2831833	6000000157570707001
Q2831838	6000000181585709905
Q2831850	6000000002188434926
Q2831889	6000000113061560836
Q28318947	6000000181424412860
Q28318964	6000000073343621016
Q28319615	6000000006580407525
Q28320488	6000000033457427903
Q28321610	6000000006444232094
Q28321690	6000000006444082486
Q28321811	6000000024305095104
Q2832230	6000000012366353066
Q28322463	6000000009215527377
Q28322570	6000000013686151856
Q2832265	6000000029390606465
Q28322679	6000000020664965918
Q28322695	6000000023582010411
Q2832454	6000000037037549029
Q28324820	6000000011649063479
Q2832518	6000000013429543790
Q28325435	6000000031837955550
Q2832615	6000000041383353577
Q283270	6000000010679092153
Q2832756	6000000175159603026
Q2832761	6000000140787478822
Q2832779	6000000032606739153
Q2832780	6000000177972072822
Q2832785	6000000143334414934
Q2832801	6000000141066208095
Q28329594	6000000076208194823
Q2833030	6000000024863431843
Q2833092	6000000001070411544
Q2833095	6000000021785430357
Q2833099	6000000024841620126
Q283311	6000000022979900186
Q2833114	6000000011331622472
Q2833128	4247397634470048890
Q2833146	6000000140191890949
Q2833178	6000000013371064726
Q283320	6000000033750268975
Q2833202	6000000040412897783
Q2833203	6000000003912447306
Q2833212	6000000038683838970
Q2833215	6000000079871676959
Q2833216	6000000000584007425
Q28332201	6000000069208291077
Q2833221	6000000057853878884
Q2833235	6000000091803573123
Q283328	6000000009506634982
Q28333071	6000000147134062873
Q2833333	6000000027610701327
Q2833344	6000000020518504047
Q283335	6000000001373951432
Q2833367	6000000002188445776
Q2833388	6000000012332955257
Q2833396	6000000154146715830
Q2833398	6000000066758222824
Q2833404	6000000006575334514
Q2833415	6000000173575021166
Q283342	6000000029407198422
Q2833455	6000000007036545388
Q2833461	6000000008897961448
Q2833476	6000000008449348173
Q2833500	6000000057952126983
Q2833505	6000000185044283876
Q2833506	6000000012644990971
Q283353	6000000001435520291
Q28335746	6000000013716308325
Q28335970	6000000001622804018
Q2833620	6000000218311404823
Q2833668	6000000017820681741
Q2833669	6000000021743248331
Q2833688	6000000016563022403
Q283369	6000000033412428068
Q28337025	6000000025793224932
Q2833722	6000000154139890083
Q2833728	6000000015266171801
Q2833756	6000000075403898020
Q2833758	6000000015936499778
Q2833760	6000000091035599895
Q2833774	3624178
Q2833782	6000000017711420299
Q2833795	6000000029012738109
Q2833818	6000000021596878211
Q28338222	6000000015490575592
Q2833825	6000000016117739794
Q2833839	6000000021930797432
Q2833841	6000000003138945737
Q2833845	6000000010210536575
Q2833862	6000000194747557829
Q2833876	6000000006095270022
Q2833882	6000000177094888837
Q2833890	6000000206558942850
Q2833909	6000000006444054856
Q2833911	6000000005063101354
Q2833925	6000000079161391895
Q2833980	6000000001527149009
Q2833997	6000000177162179822
Q283400	4735528148850127555
Q28340608	6000000073046778050
Q2834093	6000000020650297815
Q2834105	6000000035551971828
Q2834111	6000000027377209373
Q2834117	6000000010894872253
Q283412	6000000016505131735
Q2834122	6000000046974044156
Q28341395	6000000178468169857
Q2834143	6000000008497473978
Q2834160	6000000021823534525
Q2834196	6000000022754462181
Q2834233	6000000022143967041
Q2834236	6000000027586422997
Q2834261	6000000003493287243
Q2834263	6000000015119589890
Q28343172	6000000012432135444
Q28343179	6000000021002400838
Q2834329	6000000004578414425
Q2834333	6000000096346749883
Q2834349	6000000006606896571
Q28343503	6000000004592936379
Q28343525	6000000080124040021
Q2834363	6000000009073848332
Q2834379	6000000013639694865
Q2834383	6000000003139078790
Q2834389	6000000173186774993
Q28343948	6000000026714032090
Q2834500	5145613417530106260
Q2834525	6000000014569907805
Q2834559	6000000183696372824
Q2834563	6000000006809360175
Q2834568	6000000002801720278
Q28345694	6000000013485650478
Q2834621	6000000223253272957
Q2834667	6000000007846048335
Q2834795	6000000185373859956
Q2834820	6000000001168265026
Q2834848	6000000025205640462
Q2834881	6000000141111612121
Q2834918	6000000050882432889
Q283493	6000000077226820922
Q283496	6000000017388378323
Q2834993	6000000010292104149
Q2835007	6000000014148271336
Q2835028	6000000019629157323
Q2835034	6000000140730218854
Q2835105	6000000022199305650
Q2835136	6000000039449859343
Q2835174	6000000002400140460
Q2835208	6000000021083610786
Q2835223	6000000002357458978
Q2835230	6000000224547423927
Q28354364	6000000015919456376
Q2835441	6000000017318034023
Q2835455	6000000182303536826
Q2835464	6000000005438494107
Q28354660	6000000008005671448
Q28354739	341987655240007088
Q283548	6000000003446421866
Q28354826	6000000040858897318
Q28354895	6000000002914623093
Q28354933	6000000177060439836
Q28354985	6000000167070321822
Q28355015	6000000002112333394
Q28355030	6000000179361116890
Q28355177	6000000009765532063
Q28355244	6000000012091938170
Q2835525	6000000088680440048
Q28355283	6000000174072008612
Q28355290	6000000072703529088
Q2835532	6000000022528573588
Q2835533	6000000013530733233
Q2835536	6000000024168854552
Q2835541	6000000156796887833
Q2835542	6000000082707804854
Q28355453	6000000201946039825
Q28355673	6000000001504453362
Q28355675	6000000015741928882
Q2835575	6000000150973360827
Q28355805	6000000085741671895
Q28355825	6000000103378912828
Q28355865	6000000002386240329
Q28355941	4756199232720071797
Q2835595	6000000069707010927
Q28355950	6000000007274797408
Q2835619	6000000178292800902
Q2835622	6000000141109815902
Q2835643	6000000018435746846
Q28356483	6000000050769690974
Q28356551	6000000025704202107
Q28356577	6000000024428980034
Q28356601	6000000026213559535
Q28356619	6000000000998829562
Q2835673	6000000001699383696
Q28356748	6000000019518176079
Q28356792	6000000020839356971
Q28356824	6000000071063682144
Q28356840	6000000066960204892
Q28356855	6000000032580357332
Q28356860	6000000149869481979
Q28356878	6000000004043833842
Q28356879	6000000007416549307
Q28356896	6000000019718389940
Q28356898	6000000000316286412
Q28356914	6000000180402993903
Q28356931	6000000022693315119
Q28356972	6000000072376126850
Q28356978	6000000084476829142
Q28356985	6000000088841647502
Q28356988	6000000170810582866
Q28357006	6000000004179254852
Q28357032	6000000003026005167
Q28357047	6000000012964124769
Q2835707	6000000010813504393
Q28357104	6000000021898509432
Q28357117	6000000019949889459
Q28357135	6000000003309533174
Q28357154	6000000072231765922
Q28357156	6000000000144001748
Q28357159	6000000083777836038
Q28357164	6000000103217419000
Q28357190	314995253510003201
Q28357206	6000000077105630842
Q28357226	6000000180478441856
Q28357312	6000000009526030710
Q28357318	6000000005065431990
Q28357325	6000000019187779325
Q28357358	6000000018416868115
Q28357370	6000000015219114616
Q28357392	6000000015356595980
Q28357399	6000000010579792606
Q28357416	6000000007848276440
Q28357447	6000000007393622248
Q28357448	6000000026508417752
Q28357468	6000000007781051665
Q28357475	6000000008138601551
Q28357512	6000000009626164748
Q28357516	6000000030899826087
Q28357525	6000000221832608903
Q28357558	6000000005940749214
Q28357614	6000000020855763098
Q28357675	6000000183159573832
Q28357681	6000000006598866978
Q28357711	6000000047239074419
Q28357715	6000000173726107919
Q28357738	6000000154566138821
Q28357760	6000000007391793295
Q28357929	6000000081911776851
Q28357930	6000000018403136006
Q28357951	6000000017390015202
Q28357985	6000000042473661910
Q28357988	6000000018905917519
Q28358031	6000000002679785502
Q28358085	6000000193639475837
Q28358090	6000000020088252090
Q28358093	6000000193640168843
Q28358114	6000000019718735832
Q28358118	6000000055633070137
Q28358154	6000000097118810849
Q28358181	6000000002664634835
Q28358188	6000000002258425816
Q28358206	6000000015138558430
Q28358207	6000000030478093995
Q28358208	6000000024142630884
Q28358215	6000000020315819507
Q28358246	6000000013092722117
Q28358288	2341985
Q28358339	6000000005241900523
Q28358345	6000000066850746112
Q28358351	6000000002188425722
Q2835839	6000000027578873241
Q28358396	6000000124425464841
Q28358421	6000000178199270839
Q28358424	6000000089108837172
Q28358441	6000000034436036572
Q28358464	6000000177071642889
Q28358489	6000000011005244851
Q28358519	6000000002042544308
Q28358613	6000000011227845565
Q28358625	6000000024100596189
Q28358644	6000000046218314860
Q28358669	6000000039075764701
Q28358707	3176854
Q28358725	6000000017854479101
Q28358726	6000000005095681326
Q28358734	6000000021988767702
Q28358736	6000000038021032254
Q28358792	4517286970120020882
Q28358806	6000000071287051858
Q28358820	6000000029703176788
Q28358838	6000000010252185073
Q28358841	6000000183633789821
Q28358844	6000000058708693003
Q28358857	6000000052196944873
Q28358865	4998834312500135001
Q28358874	6000000049827094951
Q28358884	6000000048698536852
Q28358900	6000000000110366772
Q28358963	6000000194400615822
Q28358984	6000000081131882455
Q28358994	6000000095342649895
Q28359008	6000000021586226282
Q28359026	6000000025165096354
Q28359072	6000000030018720785
Q28359102	6000000025723102973
Q28359103	6000000015152126620
Q28359123	6000000015356965987
Q28359141	6000000054167076034
Q28359155	6000000028063854189
Q28359159	6000000053261044088
Q28359181	6000000027677882190
Q28359182	6000000052885618228
Q28359184	6000000222718388858
Q28359191	6000000051250639846
Q28359192	6000000051250181117
Q28359196	6000000017263681838
Q28359201	6000000021587476711
Q28359269	6000000024525765254
Q28359284	6000000018235672635
Q28359326	6000000205142464919
Q28359336	6000000088372440000
Q28359354	6000000019546001937
Q28359364	6000000028336235984
Q28359375	6000000003559877872
Q28359451	6000000015942619776
Q28359453	6000000015942484764
Q28359502	6000000041190505961
Q28359885	6000000001141620729
Q28359918	6000000074750175973
Q28359925	6000000105246986872
Q28359952	6000000016519960955
Q28359970	6000000012387466199
Q28360044	6000000011254044573
Q28360427	6000000003891404477
Q28360730	6000000011358335759
Q2836100	6000000075905588832
Q28361664	6000000180625599840
Q2836222	6000000048326385046
Q283630	6000000028265310366
Q28363356	6000000026891187371
Q28363777	6000000129054512885
Q283651	6000000151346323874
Q283654	6000000008782151565
Q2836593	6000000009747854708
Q2836599	6000000002262729888
Q2836611	6000000024294329723
Q2836639	6000000175092650826
Q2836650	6000000048829318359
Q2836661	6000000111189405828
Q2836665	6000000004205644854
Q2836687	6000000019161678967
Q2836747	6000000011946489855
Q283676	6000000007416455251
Q2836860	6000000049508915970
Q28368730	6000000156487337837
Q2837024	6000000009844886370
Q2837207	6000000015722024121
Q28372703	6000000009240932560
Q2837287	6000000088135190832
Q283733	6000000166790743822
Q28373977	6000000145407097833
Q28373979	6000000044180159297
Q28374136	6000000003827902195
Q28374186	6000000156486331838
Q28374851	6000000071622865466
Q2837579	6000000008862425563
Q28376650	6000000040621487311
Q2837686	782935
Q2837699	6000000010725960285
Q2837714	6000000017676275145
Q28377186	6000000025275155164
Q2837729	6000000019705556977
Q2837746	6000000003870684046
Q2837768	6000000029426167419
Q28377985	6000000016521753741
Q2837801	6000000002802419022
Q2837843	6000000037916839351
Q2837874	6000000006367870018
Q2837877	6000000033258717077
Q2837916	6000000018476900409
Q28379779	6000000006851239203
Q283798	6000000001678720605
Q2838018	6000000002360850031
Q28381355	6000000019882177910
Q28381369	6000000015489833805
Q28381389	6000000021233898675
Q28381842	6000000024143979197
Q28381848	6000000028013815103
Q28381855	6000000038143839833
Q28382009	6000000020487579282
Q28382123	6000000007209650984
Q28382473	6000000082347574036
Q283828	6000000075344827994
Q2838349	4671551029170039661
Q283872	6000000119336242897
Q283879	6000000020988831099
Q2838797	6000000008856330696
Q283881	6000000018111123183
Q283884	6000000034539850446
Q2838951	6000000018642313501
Q283902	323411546170006445
Q2839275	6000000000973632232
Q2839287	6000000012773490983
Q2839292	6000000032792650944
Q2839346	6000000044767334835
Q2839381	6000000091245473855
Q283943	6000000006798159405
Q283948	6000000175967599864
Q283952	6000000025841324956
Q2839552	6000000019023672003
Q2839579	6000000017952882216
Q283964	6000000001590524805
Q2839709	6000000042307480896
Q2839741	6000000014086292781
Q2839781	6000000029118632273
Q2839813	6000000015161018559
Q2839852	6000000029538781063
Q2839857	6000000019539450375
Q2839870	6000000001682894095
Q2839888	6000000043414135174
Q2839904	6000000030664068565
Q2839933	6000000021546802182
Q28399608	6000000011091682608
Q2839988	5085525353600082020
Q2840006	6000000051996950477
Q2840011	6000000020061467436
Q2840015	6000000021611270622
Q2840019	6000000082590243848
Q2840126	6000000007265628478
Q28401364	6000000020560217779
Q2840152	6000000044862294918
Q2840164	6000000173537785885
Q2840174	6000000020573869031
Q2840194	6000000044066007961
Q284047	6000000178741077882
Q284049	6000000013083320499
Q2840560	6000000012104518567
Q2840665	6000000003735652591
Q2840683	6000000143212565428
Q2840735	6000000013175072803
Q284076	6000000017377643407
Q2840797	6000000020557598155
Q284080	6000000141060313392
Q28408610	6000000075407561964
Q284087	6000000167400498920
Q28408704	6000000075337699952
Q28408985	6000000037592065881
Q28408993	6000000037592049833
Q28409007	6000000074750107212
Q28409061	6000000075420700920
Q28409186	6000000075483959030
Q28409290	6000000074771364900
Q28409492	6000000044378450712
Q28409544	6000000044393938015
Q2840961	6000000010069441523
Q284098	6000000012291253230
Q28409801	6000000074728459024
Q28409880	6000000038176654635
Q28409908	6000000019926171343
Q28409949	6000000075326893842
Q2841013	6000000028995193743
Q28410345	6000000038241673228
Q28410584	6000000075345929076
Q284106	6000000010101848638
Q28410804	6000000038981058918
Q28410813	6000000075500885901
Q28410837	6000000075326482253
Q28410884	6000000075398671919
Q28410931	6000000132358624999
Q28410943	6000000074717973921
Q28410945	6000000074753355917
Q28411079	6000000074699277409
Q28411265	6000000075059048231
Q28411276	6000000075428922824
Q28411289	6000000188745237823
Q2841131	6000000024291223089
Q28411465	6000000049628641408
Q28411523	6000000075060400961
Q28411536	6000000074686916943
Q28411816	6000000075485149986
Q28411819	6000000074727749863
Q2841198	6000000020178830050
Q284120	6000000002314941091
Q28412037	6000000074715838829
Q28412041	6000000074727618937
Q28412146	6000000075425969857
Q28412555	6000000075346532881
Q28412590	6000000075424471966
Q28412651	6000000011367097911
Q28412652	6000000011367147678
Q284129	6000000000505036702
Q28413029	6000000074727612227
Q28413506	6000000075403159986
Q28413622	6000000075426251013
Q28413654	6000000074727296424
Q28413724	6000000075058367866
Q28414	6000000083502296207
Q2841414	4156922247340063395
Q28414251	6000000075407047847
Q28414285	6000000074750179988
Q28414375	6000000075419661435
Q28414555	6000000074690427954
Q28414656	6000000075483697284
Q28414782	6000000075612021081
Q28414852	6000000075498825145
Q28414907	6000000075420306834
Q28414949	6000000074707428127
Q28415124	6000000074759194061
Q28415166	6000000012666172325
Q28415221	6000000012653337456
Q28415222	6000000074703891083
Q28415434	6000000075426259177
Q28415523	6000000074701838878
Q284156	6000000025273146749
Q28415654	6000000074712765879
Q28415656	6000000074704695301
Q28415659	6000000074705503875
Q28415661	6000000074724945365
Q28415662	6000000074709840020
Q28415665	6000000074698590293
Q28415677	6000000038241772447
Q28415679	6000000050046416051
Q28415728	6000000074688438034
Q28415730	6000000056060113506
Q28415731	6000000074688608968
Q28415760	6000000075426890159
Q28415783	6000000075411427326
Q28415785	6000000074771563874
Q28415801	6000000075421073884
Q28415804	6000000075419880115
Q28415816	6000000074690759889
Q28415835	6000000075325209952
Q28415853	6000000074731583878
Q28415865	6000000074747541408
Q28415896	6000000074712325175
Q28415897	6000000074712892918
Q28415900	6000000038240017968
Q28415902	6000000038240172826
Q28415922	6000000074712709872
Q28415935	6000000074749372965
Q28415951	6000000074749354046
Q28415963	6000000074756827933
Q28415973	6000000075499347105
Q28416003	6000000075483561834
Q28416004	6000000074685761971
Q28416014	6000000075493088921
Q28416040	6000000074711455942
Q28416059	6000000074751540033
Q28416145	6000000074725394887
Q28416183	6000000074692846855
Q28416222	6000000074698173846
Q28416272	6000000074717026852
Q28416311	6000000074728240035
Q28416323	6000000031615374348
Q28416337	6000000074750446621
Q28416342	6000000074698007633
Q28416345	6000000074697855736
Q28416345	6000000074699534070
Q28416346	6000000074698938031
Q28416386	6000000074712757895
Q28416424	6000000074712886886
Q28416449	6000000074699291982
Q28416473	6000000074752913020
Q28416519	6000000074712355015
Q28416520	6000000074712083206
Q28416558	6000000074698912923
Q28416615	6000000074747951949
Q28416619	6000000074715328921
Q28416620	6000000063344502046
Q28416623	6000000074719040922
Q28416624	6000000038241659636
Q28416631	6000000074705656218
Q28416633	6000000074725074131
Q28416635	6000000074725132096
Q28416643	6000000075487927837
Q28416762	6000000075407038821
Q28416909	6000000074710945849
Q28416926	6000000075506437999
Q28417116	6000000075421474327
Q28417118	6000000074705648353
Q28417128	6000000074750964999
Q28417130	6000000074699016900
Q28417131	6000000074782827221
Q28417132	6000000075483455193
Q28417133	6000000075421499867
Q28417138	6000000075486157002
Q28417142	6000000075420613862
Q28417232	6000000075421624829
Q28417233	6000000075428984869
Q28417272	6000000075420588242
Q28417280	6000000075492062024
Q28417580	6000000012967698645
Q28417652	6000000075503780870
Q28417661	6000000135673707899
Q28417723	6000000075397790175
Q28417848	6000000075500817489
Q28417850	6000000075501133860
Q28417852	6000000075484470988
Q28417899	6000000075484252090
Q28417901	6000000075423721923
Q28417903	6000000075421522867
Q28417905	6000000075421090047
Q28417920	6000000071016499943
Q28418011	6000000075420559038
Q28418012	6000000074758375048
Q28418014	6000000075426567206
Q28418028	6000000074732522144
Q28418036	6000000074706080138
Q28418047	6000000074705853132
Q28418070	6000000075501763840
Q28418075	6000000075429100822
Q28418205	6000000075429476895
Q28418214	6000000055530739968
Q28418263	6000000074726055165
Q28418290	6000000075610781120
Q28418335	6000000074733619905
Q28418408	6000000075481942935
Q284188	6000000008106913380
Q28418820	6000000074768668845
Q28419028	6000000012967371138
Q28419029	6000000012967690163
Q2841955	6000000008662711798
Q284230	6000000024515215375
Q28423278	6000000007334168307
Q2842351	6000000003122417196
Q2842363	6000000015930263801
Q284238	6000000007086563134
Q2842414	6000000175349005892
Q2842443	6000000021076507975
Q28424434	6000000018825552900
Q284248	6000000150988862834
Q2842519	6000000155793887822
Q2842606	6000000032778366148
Q28426419	6000000056872631969
Q2842664	6000000166672985846
Q2842676	6000000026463233969
Q284278	6000000012838405327
Q28428076	6000000083962656821
Q2842824	6000000040836532163
Q284294	6000000069566589865
Q2842956	6000000017434307290
Q2842977	6000000164208854830
Q2843006	6000000002193971518
Q2843119	6000000141027385842
Q2843266	6000000136840044838
Q2843282	6000000145516960040
Q284336	6000000155583231833
Q2843600	6000000040181521905
Q2843629	6000000007937586656
Q2843964	6000000004642069182
Q28444921	6000000009804883000
Q28445289	6000000015215927189
Q28445303	6000000077641122118
Q2844545	6000000002188440283
Q28445465	6000000002892869843
Q2844564	6000000008594059403
Q2844619	6000000027249584317
Q2844625	6000000016974095774
Q2844659	6000000001457080418
Q2844679	6000000067087115174
Q284468	6000000019345311912
Q2844694	6000000003902731908
Q2844708	6000000049379883099
Q2844729	6000000025854541325
Q2844731	6000000018707262779
Q2844736	6000000019857090360
Q2844740	6000000025511636058
Q2844754	6000000002215978387
Q2844778	6000000015733533679
Q284491	6000000014711352032
Q2844976	6000000019090474499
Q2844979	6000000053306571013
Q2845010	6000000038487956918
Q2845017	6000000004978048305
Q2845049	6000000144728868833
Q284544	4610056
Q2845570	6000000025632253420
Q284560	6000000083145108311
Q2845608	6000000032482462086
Q2845614	6000000011536127870
Q28457827	6000000026067608144
Q28458565	6000000140764475845
Q2846105	6000000007515170609
Q2846106	6000000003002675084
Q2846107	6000000010069903348
Q2846124	6000000008647449344
Q2846137	6000000006019216009
Q284615	6000000108601598875
Q284619	6000000079018727941
Q2846205	6000000221214534934
Q2846296	6000000140734896985
Q2846310	6000000137996049929
Q2846314	6000000034946620887
Q2846322	6000000016425529797
Q284636	6000000009065901069
Q2846384	6000000067715434821
Q2846449	6000000020573420929
Q2846475	6000000007740591316
Q28465164	296436606810008973
Q28465185	6000000001958923266
Q28465755	6000000021209782267
Q28465756	6000000185435499931
Q2846585	6000000021210808936
Q28465936	6000000174386007028
Q28466200	6000000000484500112
Q28466230	6000000145119202821
Q2846625	6000000013073963387
Q2846627	6000000000632073324
Q28466552	6000000087510453871
Q2846686	6000000018624999417
Q2846696	6000000000578414848
Q2846720	6000000000449498319
Q2846721	6000000012105620003
Q2846724	6000000113236756836
Q2846748	6000000015954560466
Q2846767	6000000144187699872
Q28467785	6000000077999234513
Q28468064	6000000074077967156
Q28468118	6000000025167211129
Q28468131	6000000015642875888
Q28468136	6000000018417072053
Q284683	6000000014095354812
Q2846840	6000000016165434187
Q2846882	6000000011525610289
Q2846953	6000000002404901186
Q2846987	6000000015074191608
Q2846994	6000000033052912121
Q2846996	6000000015869568405
Q2847011	6000000015805347800
Q28470163	6000000003521451430
Q28470231	6000000128298128841
Q2847030	6000000035424728559
Q2847038	6000000133160528898
Q2847039	6000000206626772824
Q284704	6000000041811197977
Q28470455	3955438536470064609
Q28471367	6000000089854744835
Q284714	6000000096134228911
Q2847201	6000000131059179833
Q2847212	6000000174429261194
Q284722	6000000006886108078
Q28472380	6000000001433696529
Q2847279	6000000014181729295
Q284731	6000000008339165522
Q2847328	5129401729610116005
Q28473319	6000000121204071893
Q2847364	6000000092164105925
Q2847389	6000000180080577879
Q28474046	6000000134202800821
Q2847408	6000000083751605678
Q284741	6000000157572984836
Q28474128	6000000004954718327
Q28474151	6000000050147681896
Q28474204	6000000013006677445
Q28474268	6000000013694077123
Q2847437	6000000012587459961
Q2847438	6000000077599759059
Q28474463	6000000061014184876
Q284745	6000000018498702024
Q2847452	6000000147651928973
Q28475054	6000000046667406034
Q2847528	6000000005393646849
Q2847587	6000000022526234390
Q2847645	6000000022146184427
Q28476765	6000000009365755508
Q284769	343213145190011123
Q2847720	6000000131306961431
Q2847733	6000000009055233011
Q2847742	6000000016449799525
Q28477508	6000000015128380754
Q28477518	6000000011968897064
Q28478220	6000000036021093402
Q2847865	6000000009080013666
Q2847881	6000000012886824198
Q28478961	6000000016659603015
Q284792	6000000035086922124
Q2847926	6000000068232981875
Q2847939	6000000029719156848
Q2847940	6000000027650482320
Q2847958	6000000026164036714
Q2847993	6000000021610659564
Q28480	6000000010667418346
Q28480029	6000000167339176456
Q2848012	6000000078645454351
Q2848039	6000000011313866533
Q2848050	6000000177748923850
Q2848078	6000000110283607841
Q28480788	6000000183945216862
Q28480957	6000000034998122800
Q28480983	6000000007090064439
Q2848105	6000000011539211540
Q284812	6000000034759122146
Q2848132	6000000090212089834
Q2848134	6000000014241553700
Q28482303	6000000151991403860
Q28482376	6000000021159451217
Q2848326	6000000021957685612
Q2848358	6000000081949945829
Q28484591	6000000022629162020
Q284847	6000000095879143874
Q2848474	6000000094496672852
Q28484744	4710447482300035729
Q28485980	6000000059614518867
Q2848670	6000000002261070152
Q2848695	6000000155284221835
Q2848697	6000000039547889373
Q2848741	6000000019573214316
Q28487487	6000000027394832395
Q284876	6000000002954472164
Q2848798	6000000003004934989
Q2848817	6000000029370539226
Q2848821	1775302
Q2848829	6000000023276646258
Q2848830	6000000080863263987
Q2848835	6000000016538975718
Q28488359	6000000086720592859
Q2848848	6000000004402904176
Q2848866	6000000002601455127
Q2848867	6000000184426723822
Q2848926	6000000131696344965
Q2849011	329814817500004149
Q2849036	6000000028991003785
Q284911	6000000014620474259
Q28491150	6000000011857893320
Q28491216	6000000009887263838
Q28491340	6000000051558757019
Q28492235	6000000047707164836
Q2849278	6000000021661980065
Q28493529	6000000030185090640
Q2849371	6000000109753630268
Q2849382	6000000150674835031
Q2849397	6000000092750418827
Q28494	6000000032372494007
Q284942	6000000031711609483
Q2849426	6000000000278101737
Q2849427	6000000008369927088
Q28494288	6000000064365470833
Q28494318	6000000040050123655
Q2849435	6000000076994332839
Q284946	6000000009387491746
Q2849463	6000000134062325822
Q2849468	6000000014939071592
Q2849485	6000000065106493838
Q2849504	6000000151476946919
Q2849506	6000000145758415825
Q2849508	6000000140730180054
Q28495576	6000000007973450259
Q28495718	6000000200676311835
Q2849597	6000000164115254828
Q28496327	6000000014642171753
Q28496497	6000000039632694250
Q28496573	6000000015368353140
Q28497607	6000000023498693065
Q28498299	6000000212145036823
Q28498360	6000000035021831039
Q28498673	6000000120880372913
Q28498702	6000000024714160705
Q28498725	6000000091657704875
Q28498740	6000000055073669927
Q2849875	6000000027008246033
Q28498758	6000000076914440176
Q2849925	6000000002188670871
Q28499435	6000000181954589847
Q2849945	6000000173092103823
Q28499919	6000000016938179907
Q28499943	6000000098255696843
Q28499951	6000000004577680774
Q28499972	6000000137012047319
Q28500222	6000000036500294913
Q28500287	6000000133981882964
Q28500356	6000000074672845852
Q2850041	6000000001924917422
Q28500505	6000000017944922833
Q28500698	6000000019365631407
Q2850076	6000000050302454907
Q28500798	6000000206792962830
Q28500907	6000000008776464766
Q28500967	6000000183707894836
Q2850181	6000000179154905826
Q28501936	6000000042192257902
Q2850198	6000000011288340201
Q28502299	6000000024873472015
Q28502590	6000000183713984831
Q2850286	6000000137329165864
Q28502968	6000000027470714158
Q2850314	6000000007453071649
Q285034	6000000145530938881
Q28503410	6000000011535942997
Q28504006	6000000180620541828
Q28504045	6000000023527175655
Q2850410	6000000007602127693
Q28504135	6000000151465918984
Q28504155	6000000033050496327
Q2850448	6000000114626675822
Q2850457	6000000021610977357
Q2850468	6000000024225941444
Q2850473	6000000009956470061
Q2850477	6000000104959202890
Q2850489	6000000099424184117
Q2850506	6000000000436596416
Q2850509	6000000083255397292
Q2850547	6000000002097595696
Q2850549	6000000035018617002
Q2850556	6000000137997879823
Q2850572	6000000009673731610
Q2850597	6000000001388066108
Q2850616	6000000012389038282
Q28506162	6000000084209619832
Q285062	6000000127542293926
Q2850643	6000000005782938132
Q2850734	6000000001285144100
Q2850743	6000000015908939799
Q2850745	6000000030591639494
Q2850767	6000000175834901831
Q2850775	6000000017822171216
Q28507850	6000000057250461856
Q2850841	6000000069884575636
Q2850921	6000000026673094907
Q2850949	6000000029590611622
Q2851014	6000000021211687862
Q2851019	6000000021597519930
Q285102	6000000027739081662
Q2851029	6000000059200241840
Q2851039	6000000038199735753
Q2851050	6000000041035643888
Q2851103	6000000032994865755
Q2851113	6000000001925063196
Q2851125	6000000021087954709
Q2851177	6000000003734075768
Q2851179	6000000015627692526
Q2851181	6000000016170683229
Q28512045	6000000052047900275
Q2851207	6000000022540317878
Q2851239	6000000017821773227
Q2851257	6000000025861954556
Q2851305	6000000031943616953
Q2851315	6000000076159630862
Q2851330	6000000001036763081
Q2851331	6000000019260090957
Q2851335	6000000042712504099
Q2851346	6000000015910225110
Q2851348	6000000010129837808
Q2851371	6000000017588969703
Q2851374	6000000015775546171
Q28514348	6000000034522669995
Q285144	6000000005738420158
Q2851499	6000000012271942918
Q2851514	6000000176576793831
Q2851556	6000000156862107835
Q2851557	6000000156210146978
Q2851614	6000000015603485839
Q28517	6000000001246424411
Q2851706	6000000021384182214
Q2851725	6000000048976085051
Q285182	6000000127636191398
Q2851911	6000000069050151452
Q2851946	6000000024624848079
Q2851980	6000000018247753192
Q28520413	6000000002802583028
Q28520846	6000000000668641008
Q28521110	6000000210053632847
Q28521958	6000000006796356848
Q28523343	6000000043231184345
Q285240	6000000021776227481
Q2852493	6000000018845320088
Q285259	6000000022905488668
Q285261	6000000020058430319
Q28527357	6000000002689084043
Q28527559	6000000128667474975
Q28527939	6000000159441477822
Q2852796	6000000032533154982
Q2852797	6000000005598767680
Q28528102	6000000136040221895
Q28528105	6000000136062482841
Q28528112	6000000136062482834
Q2852815	6000000011535818307
Q285283	6000000024167696585
Q28528311	6000000015727840592
Q2852844	6000000016518044095
Q28528616	6000000021385216687
Q2852937	6000000036680578838
Q28529761	6000000078390799619
Q28529833	6000000074907258998
Q28529836	6000000059513963832
Q28529869	6000000143991129965
Q28529881	6000000003623340627
Q28529923	319466685770003096
Q2852999	6000000015337422067
Q28529991	6000000043736558036
Q2853015	6000000006979657520
Q28530587	6000000044277911601
Q28531002	6000000032095912135
Q28531010	6000000005438426402
Q28531140	6000000003941417534
Q28531140	6000000111798384579
Q28531160	6000000002067108122
Q28531246	6000000184127516835
Q28531739	6000000006101202697
Q28531923	6000000179910485821
Q2853241	6000000019162004722
Q285326	6000000008093855453
Q28532615	6000000002764553481
Q285339	6000000140998957885
Q28533932	6000000018416017982
Q28533937	6000000099923028272
Q28534084	6000000062575886821
Q2853443	6000000086498292830
Q2853444	6000000112946729876
Q2853453	6000000022692641533
Q2853455	6000000017822201047
Q285346	6000000017462653284
Q2853461	6000000019671149094
Q2853484	6000000004868779078
Q2853507	6000000014785896089
Q285351	6000000029246247057
Q2853526	6000000175003094868
Q2853528	6000000021550067286
Q285357	6000000029572759363
Q2853620	6000000155283865822
Q28536622	6000000082771969854
Q2853679	6000000008175399213
Q28536803	6000000078752848111
Q2853700	6000000006101404665
Q2853722	6000000070470609670
Q2853734	6000000181758548828
Q2853735	6000000035231654154
Q28537758	6000000008448661272
Q2853790	6000000077951065956
Q2853801	6000000022829603796
Q2853835	6000000015714877143
Q28538351	6000000182453446870
Q28538365	6000000015309303508
Q28538371	6000000011414991185
Q28538385	344203822290013443
Q2853864	6000000147005313828
Q2853946	6000000176076485828
Q2853957	6000000008531107292
Q2853965	6000000050957654004
Q2853975	6000000022889138616
Q2853981	6000000015384361263
Q2853987	6000000009997188742
Q28540281	6000000041832713886
Q28540289	6000000015176642819
Q28540293	6000000182639477875
Q28540315	6000000076904350588
Q28540318	1637576
Q2854044	6000000029011295143
Q28540511	6000000140762679983
Q2854065	6000000020097284025
Q2854068	6000000015909174544
Q2854086	6000000002765016084
Q285409	6000000179386030830
Q2854110	6000000026746112103
Q2854115	6000000005924910281
Q2854133	6000000021387927995
Q28541505	6000000208967191827
Q28541632	6000000087983679127
Q28541753	6000000008630254293
Q28541773	6000000006581075147
Q28541791	6000000006581166198
Q285419	6000000010708288781
Q2854203	6000000080520292880
Q28542242	6000000084388816772
Q28542755	6000000184073633838
Q285429	6000000074793225834
Q2854290	6000000071010747023
Q285431	6000000096329198018
Q28543814	6000000079649849869
Q2854391	6000000016215469508
Q2854502	6000000214920455853
Q2854546	6000000035156008391
Q285462	6000000040603714354
Q285465	6000000131452989891
Q285469	5476387601710083560
Q2854731	6000000019375830202
Q28547535	6000000007023295687
Q28547613	6000000054822838840
Q28548121	6000000183945743863
Q28548205	6000000034936547535
Q285493	6000000021866052527
Q28549686	6000000136793900851
Q28549758	6000000007614649619
Q28549762	6000000079183702969
Q28549807	6000000007287818087
Q28549850	6000000081021432558
Q28549924	6000000109754060922
Q28549989	6000000012965431979
Q28550548	6000000156267268879
Q2855108	6000000166020158822
Q285514	6000000021297557489
Q285521	6000000013164515492
Q2855217	6000000050239174901
Q285536	6000000004548364959
Q28554104	6000000081061272953
Q2855420	6000000018221322688
Q2855425	6000000003017576260
Q28554969	6000000010673382289
Q28554980	6000000002447361287
Q28555249	6000000026241362973
Q28555258	6000000020205725814
Q285564	6000000010765402875
Q285566	6000000032414816535
Q2855776	6000000003297117975
Q285583	6000000000978489074
Q2855947	4091373366650126372
Q2856078	6000000021083685981
Q2856128	6000000058376744049
Q2856180	6000000013344188619
Q28562097	4085092760950125239
Q2856228	6000000016198233067
Q285629	6000000088026243885
Q2856311	6000000001736596601
Q2856335	6000000000240200487
Q2856357	6000000075620372896
Q2856439	6000000018657554936
Q2856647	6000000075326300144
Q2856651	6000000003523338969
Q2856657	6000000026576201013
Q2856740	6000000104031827836
Q2856756	6000000105889000076
Q2856787	6000000008916543161
Q2856788	6000000021389872110
Q2856804	6000000177723937831
Q28568071	6000000175072278970
Q28568102	6000000039320706475
Q28568102	6000000044440247029
Q2856821	6000000021112277075
Q2856832	6000000010162468102
Q2856834	6000000029049570021
Q2856841	6000000022648323321
Q2856849	6000000014784725222
Q2856856	6000000027168581151
Q2856864	6000000046213102944
Q2856878	6000000015734867811
Q2856918	6000000015835818245
Q2856929	6000000081726123539
Q2856959	313858408650006046
Q2856965	6000000021594206425
Q2857015	6000000059454883987
Q2857027	6000000052904682864
Q2857046	6000000016579968391
Q285705	6000000014570707136
Q2857074	6000000016715813963
Q2857114	6000000014127827037
Q2857127	6000000178325448873
Q2857158	6000000052537339837
Q2857198	6000000020350064350
Q2857207	6000000088728408925
Q2857225	6000000113762221950
Q2857231	6000000181947858825
Q2857242	6000000076192868866
Q2857250	6000000145002426015
Q2857289	6000000153589825973
Q2857306	6000000041088389447
Q2857307	6000000171053838954
Q2857308	6000000177968286848
Q2857321	6000000029797295307
Q2857333	6000000140228324074
Q2857339	6000000079303960180
Q2857344	6000000016526000111
Q2857353	6000000171822328863
Q2857354	6000000061279971835
Q2857371	6000000155934560827
Q2857387	6000000007071977434
Q2857407	6000000151353692974
Q2857410	6000000019139830252
Q2857453	6000000090963300987
Q2857456	6000000100103474904
Q2857465	6000000079169582843
Q2857466	6000000066843085172
Q2857468	6000000164713709945
Q2857487	6000000038245466000
Q2857507	6000000021595740921
Q2857569	6000000019142160469
Q2857661	6000000037184313369
Q2857669	6000000056026377910
Q2857684	6000000011738942141
Q2857715	6000000011507315129
Q2857725	6000000086264896845
Q2857766	6000000151683286837
Q2857861	6000000042447474080
Q2857931	6000000051019028860
Q2857943	6000000006712163754
Q2858089	6000000015273115200
Q285833	6000000079422968341
Q28584534	6000000056922075200
Q2858458	6000000026345063496
Q285846	6000000111820698971
Q28585199	6000000077368974525
Q285856	6000000009775986256
Q285865	6000000049318657956
Q285868	6000000019124355759
Q28587751	6000000025581725368
Q28591	6000000015417855520
Q2859273	6000000017937835149
Q285928	6000000029306470089
Q2859344	6000000007257460366
Q2859469	6000000137341889882
Q28598372	6000000021958300181
Q28598372	6000000216081826825
Q28598385	6000000217400199862
Q28598402	6000000084116783935
Q28598402	6000000217400316821
Q28598411	6000000019206898027
Q28598411	6000000217400324836
Q28598420	6000000019205346665
Q28598441	6000000011426372556
Q28598454	6000000011426427677
Q28598455	6000000019205971765
Q28598465	6000000174938401077
Q28598949	6000000183975301829
Q28598961	6000000080053939054
Q285992	6000000006851928716
Q28599261	6000000145704164822
Q28599412	6000000021607527811
Q28599416	6000000025023941219
Q285995	6000000159872675891
Q28599734	6000000166786759852
Q28599795	6000000016743036282
Q28599876	6000000000148727076
Q28599982	6000000069431665187
Q28600791	6000000053618096325
Q28600800	6000000087499629857
Q2860082	6000000003504723031
Q2860085	6000000010897277678
Q2860086	6000000016055076200
Q2860094	4406086373850072631
Q286011	6000000020886703453
Q2860148	6000000029902506822
Q286019	6000000099756041968
Q286022	6000000028259338445
Q286028	6000000013184910494
Q28604388	6000000024304144914
Q28606258	6000000041036262547
Q28606277	4814611454940069954
Q28606471	6000000074330249963
Q2860731	6000000000872443018
Q2860916	6000000215255629824
Q2861072	6000000144885083822
Q2861138	6000000052889589862
Q286116	6000000104722824961
Q2861179	6000000184188526873
Q286118	6000000003891404171
Q2861214	6000000002765747913
Q2861350	6000000170806397848
Q2861386	6000000128896539821
Q286154	6000000043233295540
Q2861551	6000000195310262831
Q2861599	6000000013664655325
Q2861653	6000000015541166771
Q2861732	6000000010153294557
Q2861742	6000000112947272822
Q2861743	6000000016923260790
Q2861749	6000000005019554302
Q2861763	6000000021768236611
Q2861769	6000000022628625481
Q2861866	6000000018672460661
Q2861881	6000000018291593425
Q2861883	6000000027491304625
Q2861900	6000000031498562205
Q2861909	6000000017589328078
Q2861916	6000000095497541895
Q2861929	6000000050964134139
Q2861990	6000000107552292252
Q2861997	6000000002138470010
Q2862004	6000000102519449032
Q2862007	6000000017589067623
Q2862010	6000000022183447803
Q2862013	6000000021092256896
Q2862021	6000000014128931544
Q2862070	6000000001861899134
Q2862087	6000000150916386913
Q2862097	6000000008736073686
Q286243	6000000029511101177
Q2862503	6000000017365518716
Q286293	6000000010921576924
Q286294	6000000069205618372
Q2863031	6000000178603595824
Q2863043	6000000015852868916
Q286312	6000000088629291855
Q286316	6000000007123063469
Q2863223	3192178
Q2863246	6000000012948774096
Q2863255	6000000010036765606
Q2863303	6000000036144932033
Q2863365	6000000012744358687
Q2863383	6000000011969395236
Q2863384	6000000067167393900
Q286339	6000000012463843528
Q2863558	6000000006927873779
Q28636	6000000010553923757
Q286375	6000000000388305495
Q286440	6000000026266284034
Q286445	6000000086294223917
Q286447	6000000019736706070
Q2864576	6000000001866435770
Q286462	6000000016517049940
Q286469	6000000003183133489
Q28647705	6000000012106597458
Q28648200	6000000076655353829
Q2864827	6000000014212564307
Q28648665	6000000007472526386
Q28648730	6000000116305444036
Q28648755	6000000003374888479
Q28648772	6000000035119040712
Q28648839	6000000050232544627
Q2864907	6000000100758625858
Q28649120	6000000178307330832
Q2864979	6000000008201967452
Q2864989	6000000011926226783
Q2864993	6000000180574449831
Q2865008	6000000053916824851
Q28650119	6000000021747604900
Q28650123	6000000110548082822
Q28650124	6000000019641386500
Q28650149	6000000053242254824
Q28650154	6000000085198561098
Q28650155	6000000076998611821
Q28650191	6000000083547481171
Q28650220	6000000019666123012
Q28650229	6000000011450122864
Q28650237	6000000159309001882
Q2865043	6000000195099898831
Q2865045	6000000111004005912
Q2865050	6000000098637720859
Q2865103	6000000016983319625
Q2865121	6000000002373199937
Q2865151	6000000076498948267
Q2865157	6000000041100356362
Q2865172	6000000036258802294
Q2865182	6000000018867795027
Q2865197	6000000002618847051
Q2865198	6000000002801711379
Q2865204	6000000003525920721
Q28652145	6000000078560182296
Q28652155	6000000181666195410
Q286525	6000000015100142098
Q2865261	6000000180679401828
Q2865273	6000000025595351457
Q2865275	6000000008017131833
Q2865276	5579726827830057068
Q2865279	6000000016944230696
Q2865309	6000000006876415506
Q2865325	6000000185506708853
Q2865338	6000000040385269557
Q28653656	6000000002764435860
Q2865367	6000000091348542032
Q2865369	6000000069518642871
Q28653772	6000000061195103934
Q2865382	6000000069820492823
Q28653823	6000000021208023455
Q28653829	6000000000619284669
Q28653838	6000000181157779827
Q28653844	6000000171546606309
Q28653848	6000000011415581284
Q28653868	6000000111806718884
Q28653873	6000000034980918116
Q28653891	6000000112526949879
Q28653897	6000000010142090954
Q28653899	6000000032877035010
Q28653914	6000000020613834779
Q28653951	6000000172052019008
Q28653974	6000000022732729351
Q2865399	6000000002879246187
Q28654023	6000000088177433221
Q28654087	6000000049228548145
Q2865411	6000000021130055637
Q28654138	6000000042687977800
Q2865434	6000000030129282698
Q28654403	6000000006994321267
Q28654949	6000000000321420389
Q286556	6000000125847632829
Q28657483	6000000078444922976
Q28657484	6000000007176425852
Q286581	6000000017526701923
Q286587	6000000123676840302
Q28658775	6000000027191914269
Q2865905	6000000001461762031
Q2865911	6000000017157957626
Q2865915	6000000039254302021
Q2865932	6000000010410672683
Q2865935	6000000091256661066
Q2865943	6000000018923341255
Q28659500	6000000177528716858
Q2865958	6000000177428978836
Q286599	6000000073364010218
Q286600	6000000064813549228
Q28660286	6000000139726131830
Q286603	6000000014302401464
Q2866057	6000000008072074427
Q286609	6000000011818793271
Q2866094	6000000039938461841
Q28661392	6000000079139872018
Q2866176	6000000014715560328
Q2866262	6000000018514940439
Q28662956	6000000034316267084
Q28663084	6000000037146907576
Q28664344	6000000024566707440
Q28664642	6000000073473954831
Q28664762	6000000094007523821
Q28664834	6000000003827671593
Q2866491	6000000004349891992
Q28664926	6000000017993468016
Q28664983	6000000181624823830
Q28665038	6000000042465651736
Q28665067	6000000103944661089
Q28665095	6000000059227673244
Q28665258	6000000001343024028
Q28665312	6000000023928905382
Q286674	6000000055399889873
Q28668845	6000000026037762771
Q28669776	6000000008863616382
Q28671513	6000000010037796719
Q286717	6000000055076275852
Q28671719	6000000003660603542
Q28671720	6000000090933228848
Q28671721	6000000011050926492
Q28671733	6000000002997461368
Q28671784	6000000206322651873
Q28671923	6000000007419246221
Q28671939	6000000014068908337
Q28671948	6000000119722628128
Q28671965	6000000014715298895
Q28671966	6000000023179843280
Q28671977	6000000064579810850
Q28671978	6000000028264585654
Q28672003	6000000090935156923
Q28672008	6000000210467037834
Q28672014	6000000020071009083
Q28672017	6000000090934136835
Q28672029	6000000180580275962
Q28672037	6000000087356280898
Q28672044	6000000003661056313
Q28672052	6000000016024918985
Q28672090	6000000009886330473
Q28672503	6000000011459693443
Q28672674	6000000196395734824
Q28672717	6000000014190887124
Q28672735	6000000077641258991
Q28672762	6000000015582023653
Q28672782	6000000215173225834
Q28672785	6000000004151583619
Q28672787	6000000129528441866
Q286728	6000000016633893235
Q2867327	6000000071057084264
Q28673758	6000000067138790062
Q286738	6000000018795946405
Q2867397	6000000075793767930
Q2867531	6000000107462285821
Q286764	6000000017405428564
Q28677094	6000000185291510872
Q28677267	6000000039891904901
Q28678505	6000000026173972562
Q28678544	6000000184429385830
Q286789	6000000007311313731
Q286802	6000000003005136400
Q2868065	6000000029285178782
Q28680806	6000000002764672909
Q286821	6000000022173779476
Q2868331	6000000053970722850
Q2868346	6000000090198564215
Q28683743	6000000074753631965
Q2868474	6000000016812827670
Q2868772	5108855018870029652
Q286884	6000000142811435832
Q286890	6000000001070035266
Q2868971	6000000076343014415
Q2869021	6000000014583045006
Q28690896	6000000074753749830
Q286922	6000000017148673543
Q286928	6000000029265322050
Q286941	6000000012329046032
Q28695677	6000000018530188361
Q28696112	6000000179820157828
Q28697081	6000000016654455487
Q28698130	6000000057025136347
Q28701163	6000000019775943514
Q28701579	6000000003815572442
Q28702020	6000000172609935940
Q28702045	5433153276530032538
Q28702070	6000000184433671879
Q28702212	6000000205499801826
Q28703092	6000000003509726510
Q28703466	6000000056776264010
Q28703532	6000000024526693062
Q28703681	6000000182367648884
Q287044	6000000015879394792
Q287046	6000000012000500574
Q287050	6000000053961452873
Q2870568	6000000010355611962
Q287057	6000000009920316449
Q28706235	6000000011223203865
Q2870626	6000000031652769858
Q2870628	6000000183266815830
Q2870631	6000000016541768190
Q2870681	6000000091720924888
Q287069	6000000029573688832
Q28708083	6000000015826372070
Q287081	6000000008019216356
Q2870861	6000000015740937267
Q28709286	6000000014110806597
Q28709292	6000000010011314836
Q2870930	6000000023937624833
Q2870939	358209756150013850
Q287094	6000000015005509819
Q2870950	6000000024730823759
Q2870954	6000000007392098905
Q2870961	6000000006127484084
Q28709622	6000000118593487110
Q287097	6000000000484326896
Q28709725	6000000016104291732
Q2870978	6000000022260000296
Q28709789	6000000018099327685
Q28709885	6000000018540308978
Q2871007	6000000015892542027
Q2871009	6000000073676567834
Q2871014	6000000015962417847
Q2871042	6000000009997101626
Q2871069	6000000024733806876
Q2871082	6000000175812990824
Q2871093	6000000091841004190
Q287110	6000000068524512007
Q2871112	6000000026188905982
Q2871120	6000000039901079191
Q2871122	6000000076353034041
Q2871134	6000000063533568885
Q2871145	6000000046535034098
Q2871160	6000000050129603357
Q2871164	6000000037365859329
Q2871179	6000000058368313992
Q2871201	6000000021364864648
Q2871214	6000000002765746282
Q287122	6000000071163676959
Q2871230	6000000073677331847
Q287124	6000000124994734868
Q2871296	6000000016923136982
Q2871297	6000000020043083848
Q2871339	6000000064922859992
Q2871342	6000000021608943516
Q2871476	6000000017136543724
Q2871483	6000000016923256550
Q2871485	6000000183003349837
Q2871488	6000000082484975833
Q2871489	6000000112904329870
Q2871503	6000000017817960869
Q2871516	6000000088161839013
Q2871523	6000000006928735218
Q2871551	6000000021377814212
Q287157	6000000022214605557
Q2871597	6000000177936195850
Q2871603	6000000048064551915
Q2871611	6000000007500873063
Q2871632	6000000014095459203
Q28716365	4581466344750061350
Q2871643	6000000068762262959
Q2871671	6000000012850673238
Q2871690	6000000010678606369
Q2871709	6000000023773161726
Q2871723	6000000003216137192
Q2871729	6000000002937999246
Q28717880	6000000012617912624
Q28717880	6000000033073447959
Q28717906	6000000000687680278
Q28718030	6000000002246776098
Q28718067	6000000013184489833
Q28718192	6000000012197484759
Q28718245	6000000001504663902
Q28718323	6000000011379047683
Q28718334	6000000005441116812
Q28718338	6000000042151811417
Q28718358	6000000001810580187
Q28718424	6000000014902832833
Q28718449	6000000022796207990
Q287186	6000000069487774413
Q2871945	6000000003647046552
Q28719966	6000000178512717853
Q28719968	6000000178513071823
Q2872020	6000000176442882991
Q2872064	6000000013663276137
Q28720647	6000000002417809275
Q28720669	6000000000631640139
Q28720796	6000000004681087053
Q28720846	6000000092939130862
Q28720878	6000000009178320875
Q28720928	6000000019271810783
Q2872120	6000000024681366694
Q28721962	6000000015390947069
Q28721995	6000000096334870862
Q28722033	6000000002188434202
Q28722063	6000000179243047829
Q28722137	6000000022332090977
Q28722262	6000000021503249526
Q28722332	6000000070992755014
Q28722501	6000000017407330281
Q28722548	6000000008610955291
Q28722670	6000000183207186829
Q28723576	6000000086684861222
Q287238	6000000209823013864
Q28724559	6000000011810127446
Q287259	6000000017222077017
Q28725932	6000000006967014063
Q28726293	6000000173200939469
Q287270	6000000040439401089
Q28727440	6000000011616149544
Q28728046	6000000083429421658
Q28728063	6000000178512820850
Q28729570	6000000140691182064
Q28730157	6000000140691450843
Q28732581	6000000002101121513
Q28732609	6000000013948390037
Q28732957	6000000006835587861
Q287344	6000000017437022452
Q287350	6000000137983297822
Q28735476	6000000019883908054
Q28735515	6000000080395890124
Q28737277	6000000037218344901
Q28737592	6000000058175669836
Q28737597	6000000058181599986
Q28737648	6000000058175540841
Q28737674	6000000058175737821
Q28738	6000000100258309319
Q28738029	6000000070679268434
Q287383	6000000083112523910
Q28740351	6000000180145286848
Q28740423	6000000039900841025
Q28740762	6000000009584417903
Q287420	6000000010781169713
Q28742393	6000000001825543012
Q2874245	6000000004008281414
Q28742967	6000000069992249997
Q287441	6000000016618832047
Q28744731	6000000009375928235
Q287449	6000000080431545830
Q2874495	354205095760005453
Q2874498	6000000017989925126
Q2874503	6000000007316146279
Q28745477	6000000058318827945
Q28746005	6000000208229405881
Q287462	6000000069580915037
Q28746391	6000000141008256164
Q2874745	6000000013469530107
Q2874754	6000000001603548135
Q28747652	6000000020108670958
Q287480	6000000019913418003
Q28748031	6000000007106513363
Q28748838	6000000008520030930
Q2874895	6000000002188616026
Q2874910	6000000002765877383
Q2874920	6000000016234527376
Q28749456	6000000020041549188
Q2874984	6000000091707649058
Q2874991	6000000016167102478
Q2874992	5332718294170085495
Q28750458	6000000056676071905
Q28751359	6000000006376040186
Q287514	6000000017208688121
Q287525	6000000014181467607
Q2875339	6000000014571352457
Q28753740	6000000010637850893
Q28753889	6000000078345006178
Q28754186	6000000056386073971
Q287542	6000000041521191515
Q287549	6000000037436161650
Q28755	6000000007980619261
Q28756434	6000000185597610166
Q28758412	6000000011343547695
Q28758425	6000000020133829245
Q28758786	6000000125255452871
Q28759143	6000000181578928832
Q28759333	6000000031872953424
Q28759408	6000000001753028021
Q28759572	6000000013838101740
Q28759882	6000000187538937825
Q2876063	6000000007741960568
Q287607	6000000007503580303
Q287608	6000000013075757476
Q2876088	6000000001759071986
Q2876243	6000000017460377021
Q287639	6000000069706921845
Q287650	6000000003122450886
Q28765242	6000000019419486895
Q28766050	6000000025296457988
Q287665	6000000015252667645
Q2876797	6000000013838948885
Q287703	6000000012703809855
Q287713	6000000087658953987
Q28771627	6000000025112241842
Q28772037	6000000036698454215
Q28772698	6000000023727381016
Q287727	6000000020572872246
Q28773341	6000000002394872164
Q28773345	6000000007830355564
Q28773364	6000000021599809950
Q287741	6000000080990420255
Q287752	6000000000913173587
Q28775631	6000000003591523489
Q287762	6000000030004914865
Q28776952	6000000018028845916
Q28777245	6000000078643432242
Q287773	6000000183852125844
Q28777443	6000000181437169869
Q28777523	6000000041548674135
Q28777524	6000000083745123076
Q28777837	6000000076699631709
Q28778044	6000000021088880382
Q2877806	6000000024347676461
Q28778074	6000000014449017098
Q28778385	6000000039273200775
Q287784	3949090
Q28778560	6000000014139181296
Q28778875	6000000025283475615
Q28779	6000000000138705143
Q28779236	6000000150971797834
Q28779241	6000000156877068015
Q28779250	6000000183608212839
Q28779265	6000000161987784846
Q287793	6000000024933727481
Q2877957	6000000000704115863
Q287805	6000000037386096828
Q28780563	6000000017325524090
Q287812	6000000017373485450
Q287823	6000000136527934826
Q287824	6000000178733963831
Q287839	6000000058629543869
Q28784110	6000000041335059979
Q28784138	6000000028571145099
Q28784321	6000000013135646052
Q287857	6000000004393889908
Q2878661	6000000027873837416
Q28789974	6000000036130955281
Q28790006	6000000013939860444
Q28790028	6000000002802596890
Q28790038	6000000002764690404
Q28790042	6000000014144265198
Q28790125	6000000031581667414
Q2879039	6000000097122848365
Q28790417	6000000041492992893
Q28790426	6000000018915707015
Q28790465	6000000057105126833
Q287906	6000000003004722062
Q28790829	6000000089989040868
Q28790862	6000000078152840856
Q287911	6000000184218523832
Q28791119	6000000001383054845
Q28791130	6000000023773931176
Q28791131	6000000014822434889
Q2879183	6000000017602326319
Q2879201	6000000035615578133
Q28792163	6000000011330606410
Q28792283	6000000002764918764
Q28792321	6000000177997706837
Q28792567	6000000033407677753
Q28792572	6000000008934322026
Q28792588	6000000010320064362
Q2879263	6000000081986566042
Q28792686	6000000024884370170
Q28792704	6000000112423117196
Q28792759	6000000011210655025
Q28792809	375194827130013960
Q28792816	6000000009368997932
Q28792819	6000000001670223074
Q28792850	6000000008324480903
Q28792917	6000000003537511902
Q28792927	6000000075891596966
Q28792964	6000000017317549044
Q287953	3657635
Q2879576	6000000189013287822
Q28797010	6000000010050371984
Q28797034	6000000018663116352
Q28797041	6000000030818866564
Q287976	6000000068376515910
Q287977	6000000007322081371
Q2879818	6000000132501682875
Q28799953	6000000027435040163
Q28800002	6000000007284329413
Q28800013	6000000002831284358
Q28800050	6000000018267900333
Q28800053	6000000024579019933
Q28800058	6000000010960870643
Q28800069	6000000039962087359
Q28800281	6000000010423379671
Q28800284	6000000028007537826
Q28800423	6000000190288308930
Q2880056	6000000017711266999
Q28800713	6000000142920644028
Q2880088	6000000026793716252
Q28801040	6000000040650185116
Q2880132	6000000177098756823
Q28801429	6000000073844491982
Q28801521	6000000024773371171
Q28801747	6000000147300012839
Q28801817	6000000152611492863
Q28801821	6000000021572664989
Q28801839	6000000145349823934
Q28801853	6000000062580564957
Q28802274	6000000011135622355
Q28802386	6000000010961797037
Q28802519	6000000023082284835
Q288027	6000000006574909010
Q28802818	6000000012333082008
Q288029	311134959740004540
Q28803675	6000000041550619560
Q28804207	6000000003515810593
Q28804440	6000000009142592259
Q28804485	6000000020025928127
Q28805377	6000000009309134373
Q28805410	6000000015265141124
Q28805422	6000000008762564782
Q288059	6000000018268395792
Q2880608	6000000174457081019
Q28806177	6000000200145420829
Q2880654	6000000078553521450
Q28806910	6000000156497803844
Q288070	6000000032166650254
Q2880714	6000000007372587376
Q28807190	6000000002381773035
Q28807277	6000000033853161212
Q28808118	6000000002188450538
Q28808122	6000000134674652829
Q28808124	6000000031465667996
Q28808183	6000000033279621428
Q28808552	6000000030647470911
Q288087	6000000023163552008
Q288101	6000000064486822330
Q28810542	6000000039900807931
Q28811221	6000000002533477445
Q28811349	6000000173968343673
Q28811997	6000000015796858548
Q28812011	6000000002028430010
Q2881246	6000000007754230894
Q28812601	6000000025805654674
Q28813418	6000000014844760651
Q28813545	6000000051111092828
Q28813565	6000000171731257142
Q28813566	6000000171732168020
Q28814392	6000000051121170040
Q288148	6000000120517516993
Q28814896	6000000074709310867
Q28815281	6000000014823682433
Q28815284	6000000000893555475
Q28815701	6000000044426296858
Q2881575	6000000010497360746
Q288159	6000000088579668101
Q28816200	6000000007078890342
Q288186	6000000014883889462
Q28818649	6000000001953953024
Q28818992	6000000017946994851
Q28819011	6000000010201060159
Q28819205	6000000089059868915
Q2882003	6000000130807567103
Q288210	6000000011841796166
Q28821720	6000000069494772821
Q288218	6000000001458332296
Q28822119	6000000023969296432
Q28822151	6000000140692665051
Q28822780	6000000016058352233
Q28822869	6000000022304639530
Q28822936	6000000018211022274
Q28822937	6000000022854245168
Q28823003	6000000014595992069
Q28823367	6000000017640731168
Q288235	4572117776080083129
Q2882358	6000000083424780191
Q28823822	6000000011547478222
Q28823957	6000000020208589770
Q28824	6000000177173164831
Q288241	6000000012913922446
Q28824108	6000000022911621186
Q28824200	6000000060313383083
Q28824253	6000000145549137821
Q2882555	6000000026649218699
Q2882654	6000000037882784976
Q28827997	6000000031479536623
Q2882850	6000000019671604238
Q28828527	6000000178261226853
Q28828531	6000000002497869329
Q288301	6000000015372223792
Q2883045	6000000059259896112
Q28831198	6000000020568510615
Q28831210	6000000003216068987
Q2883139	6000000036151875483
Q28831403	6000000007403077530
Q28831505	6000000035631594653
Q2883259	6000000002188517690
Q28833112	6000000068439267505
Q288337	6000000057567409902
Q288348	6000000000084364994
Q28835486	6000000075146196919
Q288359	6000000028109268394
Q28836103	6000000135327754859
Q28836341	6000000006018864010
Q28836346	6000000014190953527
Q28836844	6000000079541077980
Q28836888	6000000055689377007
Q288369	6000000002704959017
Q28836908	6000000025238410256
Q28837026	6000000009158599501
Q28837061	6000000077493942462
Q28837151	5285017237930131412
Q28837159	6000000002764361601
Q28837370	6000000061604576888
Q28837832	6000000022058102845
Q28838206	6000000046928220317
Q28838651	6000000032692603071
Q28838656	6000000131664518104
Q2883917	6000000047965556139
Q28839216	6000000057678984845
Q28839272	6000000145786894849
Q288393	6000000181081696835
Q2883930	6000000064641893712
Q28839312	6000000001245049876
Q2883932	6000000003484745668
Q28839337	6000000177576477878
Q28839340	6000000165983950025
Q28839390	6000000003783406966
Q28839394	6000000190457848977
Q2883940	6000000015732386375
Q28839400	6000000058454627139
Q28839430	6000000190457848951
Q28839510	6000000006444780556
Q28839536	6000000055364304262
Q2883970	6000000029674838917
Q28839754	6000000069526189876
Q2883986	6000000104995580735
Q2883992	6000000006822948795
Q28839943	6000000002414308352
Q28840080	6000000008934496184
Q28840132	6000000079253507537
Q28840152	6000000001546382011
Q28840153	6000000009226436971
Q28840157	6000000056923903928
Q28840170	6000000015730149778
Q28840171	6000000079254759913
Q28840182	6000000009420236441
Q288402	6000000015191834984
Q28840208	6000000006128371461
Q28840212	6000000001402100748
Q28840239	6000000098305882941
Q28840241	6000000004885804966
Q28840265	6000000001212800017
Q28840345	6000000001360683693
Q28840346	6000000078656393849
Q2884038	6000000009658142053
Q28840629	6000000035266938277
Q28840652	6000000015153551111
Q28840655	4618600276790028010
Q28840686	6000000012996240097
Q28840689	6000000006171776439
Q28840692	6000000109018633824
Q28840694	6000000005574449165
Q28840695	6000000001504422679
Q28840711	6000000014694994911
Q28840739	6000000065865668910
Q28840748	6000000011578489977
Q288408	6000000011822863212
Q28841841	6000000018337569063
Q28842678	6000000190457848883
Q28842681	6000000035173021085
Q28842690	6000000141289305824
Q28842694	6000000020487775739
Q28842706	6000000018728867075
Q28842917	321301193860006364
Q2884345	6000000038145083788
Q28843661	6000000024860700740
Q28843787	6000000167828711822
Q28844110	6000000002695087208
Q28844111	6000000006602648741
Q28844134	6000000001485758719
Q28844679	6000000031230936975
Q2884558	6000000109755226833
Q28845690	6000000002060554374
Q28845866	6000000035172912170
Q28846449	6000000012106834487
Q28846480	6000000011291193157
Q28846490	6000000032438421450
Q2884671	6000000184056832903
Q2884698	6000000103335336871
Q288477	6000000083568408906
Q2884771	6000000002765241377
Q288480	6000000002765241548
Q28848158	6000000149981175856
Q28848187	6000000141026962869
Q2884883	6000000004481300012
Q28849190	6000000196657193832
Q2885005	6000000021000295889
Q288501	381208650020012220
Q288503	6000000002447223730
Q288525	6000000044036386593
Q2885329	6000000185432087824
Q28854014	6000000016054529849
Q2885432	6000000016384005320
Q28854536	6000000015213065146
Q28854538	6000000023185902598
Q28854623	6000000176224183908
Q288547	6000000006884470348
Q28854992	6000000015421391845
Q288550	6000000020790774748
Q2885528	6000000133682159150
Q2885554	6000000070184405400
Q28856129	6000000024812474626
Q28856368	6000000070925099821
Q28856777	6000000072576890855
Q28856835	2351211
Q28857104	6000000025083093151
Q28857891	6000000197675305826
Q28857950	6000000026199655747
Q2885797	6000000027167772871
Q28858069	6000000018532120579
Q28858071	6000000012417452037
Q28858126	6000000007292269943
Q2885851	6000000074790788663
Q28858586	6000000071980269923
Q28858592	6000000004095755639
Q28858639	6000000038246631826
Q28858784	6000000132429482139
Q28859107	6000000015592610589
Q28859148	6000000155790953835
Q28859153	6000000017595330502
Q28859335	6000000001009265690
Q2885934	6000000001507375401
Q28859439	6000000036879667201
Q28859497	6000000077102781448
Q28859524	6000000007690514792
Q28859530	6000000106664293201
Q28859804	6000000080405051843
Q28859807	6000000075869485964
Q28860065	6000000014658321847
Q28860090	6000000002106744153
Q28860113	6000000029163614657
Q2886074	6000000002875701153
Q28860743	6000000043124815857
Q28860866	6000000200125746949
Q2886099	6000000016261326939
Q28861067	6000000174066091863
Q28861078	6000000173944330285
Q2886122	6000000038073569101
Q28861229	6000000174065622322
Q28861329	6000000003318156817
Q28861786	6000000136783475898
Q28861873	6000000198331916868
Q28861992	6000000174066960017
Q28861995	6000000174067598864
Q28862026	6000000001504659454
Q28862382	6000000076825951345
Q288627	6000000043617100842
Q2886350	6000000029390326619
Q28864157	6000000023231651943
Q28864273	6000000020472572353
Q28864838	6000000009673498720
Q28864851	4875305955190125842
Q2886487	6000000018648455890
Q28865036	6000000019777134426
Q28865120	6000000017557447934
Q28865143	6000000023064988130
Q28865313	6000000023168908398
Q28865318	6000000025593143171
Q288656	6000000182052495835
Q28866070	6000000092140947956
Q288665	6000000009357824779
Q28867515	6000000025096711568
Q2886761	6000000029884087015
Q28867636	6000000011403392728
Q28867645	6000000003744485307
Q28867782	6000000209468343884
Q28867801	6000000000074467139
Q2886797	6000000050175321900
Q28868056	6000000178594726840
Q2886807	6000000013451443789
Q28868075	6000000070777971848
Q28868456	6000000081129212897
Q2886886	6000000050134628224
Q28868919	6000000046137688327
Q28868966	6000000040872176838
Q28869385	6000000005005705195
Q2886940	6000000006946475052
Q28869422	6000000024208147053
Q28869507	6000000157275577828
Q28869681	6000000053122867855
Q28869836	6000000013790995766
Q28869956	6000000017659889068
Q28870265	6000000056365217859
Q28870286	6000000014926133250
Q28870286	6000000209563589855
Q288703	6000000005598992463
Q28870346	6000000169296521909
Q28870464	6000000165964814299
Q28870558	6000000039272329232
Q28870565	6000000007498442469
Q28870572	6000000001608756796
Q28870608	6000000007603788928
Q28870612	6000000001028836169
Q28871	6000000172079906638
Q28871328	6000000065154605988
Q28871352	6000000006127612455
Q28871354	6000000003244743384
Q28871419	6000000172781875263
Q288716	6000000022501680513
Q28871753	6000000156258909878
Q28871766	6000000050076766165
Q28871777	6000000145759530957
Q28871938	6000000006564910003
Q28872051	6000000016928267318
Q28872185	6000000003891238511
Q28872315	6000000144742151990
Q28872420	6000000020360833343
Q28872877	6000000022821347135
Q2887291	6000000002162074978
Q28872953	6000000179096603895
Q28874407	6000000015140331189
Q28874887	6000000002028285428
Q288756	6000000068581626886
Q28876	4207135
Q288771	6000000025887686912
Q28877427	6000000010224006726
Q288777	6000000017454400370
Q2887785	6000000006809491438
Q288795	6000000015276473188
Q28883412	6000000018658995891
Q2888440	6000000008446441073
Q288851	6000000077989369773
Q28886242	6000000006589193969
Q2888677	6000000136911648869
Q288869	6000000090765904821
Q288887	6000000032995411923
Q28889398	6000000001261510009
Q28890080	6000000049552167842
Q2889058	6000000074790264216
Q288925	6000000003219746184
Q2889269	6000000035895067114
Q2889314	6000000031686675033
Q288936	6000000150539519945
Q2889606	4560063355950129462
Q2889641	6000000040677375605
Q2889642	6000000001080521149
Q28896671	6000000014206988580
Q288970	6000000086740483422
Q288974	6000000132522496822
Q288979	6000000143108527186
Q288981	6000000023175392407
Q288986	6000000010742027161
Q288990	6000000008280116244
Q2889970	6000000190362920846
Q28900	6000000014486509787
Q2890005	6000000026746942156
Q2890045	6000000010788713102
Q2890060	6000000000157516263
Q2890070	4672266
Q2890075	6000000056939935299
Q289010	6000000039034345332
Q2890334	6000000176390916844
Q289035	6000000017546940016
Q2890381	6000000012124537506
Q289039	6000000002857364684
Q289040	6000000010462727319
Q2890486	6000000026089223559
Q2890635	6000000025889090081
Q289075	6000000076933046009
Q2890810	6000000009317182050
Q289088	6000000059428959897
Q2890892	6000000023725209948
Q28909	6000000168985056977
Q2890919	4323925871700044793
Q2890928	6000000001566118237
Q2890989	6000000043461547398
Q28910	6000000026325786285
Q28910524	6000000057365115861
Q28910559	6000000007512619416
Q28910584	6000000002529387743
Q2891089	6000000019126660680
Q2891095	4110876431890054928
Q2891105	6000000184913557835
Q289113	6000000021352990188
Q2891133	6000000025110515784
Q289116	6000000193514371850
Q2891163	6000000017008664590
Q28911695	6000000019912052254
Q2891194	6000000001878245018
Q2891201	6000000074305569130
Q2891231	340594869480006580
Q28912433	6000000061240592118
Q28912469	6000000002188517347
Q28912472	6000000004370792405
Q28912484	6000000002188517517
Q28912506	6000000057063322889
Q28912510	6000000077139455992
Q28912552	6000000049182417887
Q2891273	6000000049365492880
Q28912799	6000000018367352862
Q28912896	3707891
Q28912906	6000000008907267980
Q2891315	6000000026884779532
Q2891319	6000000019030426481
Q28913207	6000000014193692484
Q2891336	3963064908750023799
Q28913407	6000000004834992792
Q28913562	6000000202529688916
Q28914031	6000000018645066317
Q28914281	6000000015531267352
Q2891446	6000000158017904842
Q28914691	6000000017663014060
Q289149	6000000016116275397
Q28915022	6000000001496087243
Q2891637	6000000072431475825
Q2891644	6000000093251419862
Q2891663	6000000019264441186
Q28916657	6000000015068433846
Q28917112	6000000010318977092
Q28917117	6000000007014458016
Q2891744	6000000018820278780
Q2891763	6000000018802333819
Q289180	6000000026204953038
Q28919180	6000000002646433779
Q2891941	6000000020281289083
Q2891989	6000000068578213848
Q2891993	6000000009346421870
Q28920372	6000000007351101414
Q2892058	6000000093522222829
Q289206	6000000000486299473
Q28920773	6000000112436828887
Q28920944	6000000023760861824
Q28920962	6000000030444400873
Q28920967	6000000010099807234
Q28921027	6000000063431579025
Q2892124	6000000015912728716
Q28921559	6000000177273322831
Q2892206	6000000091842767109
Q28922130	6000000129565259910
Q28922193	6000000140122027864
Q28922350	6000000142887003821
Q2892236	5719224783740038240
Q2892254	6000000016443874422
Q28922698	6000000007472648224
Q28922705	6000000031734481903
Q28922706	6000000181690049823
Q28922712	6000000089332081821
Q28922782	6000000016291609617
Q2892288	6000000096143242889
Q28922890	6000000188228754831
Q2892298	6000000010569169848
Q28923631	6000000155530780823
Q28923634	6000000144734361879
Q28923945	6000000019725507208
Q28923947	6000000017676585563
Q28924066	6000000077046729922
Q28924086	6000000049857265093
Q28924128	6000000005887278001
Q28924138	6000000073600859100
Q28924158	6000000002028718437
Q28924166	6000000023809749120
Q28924213	6000000030991310952
Q28924230	6000000037184100193
Q28924234	6000000145851143133
Q28924237	6000000032229203821
Q28924322	6000000072505946911
Q28924359	6000000001384603045
Q28924641	6000000013559418006
Q28924669	6000000003220245099
Q28924857	6000000014349111206
Q28924919	6000000174773648999
Q28925109	6000000054654291885
Q289252	6000000076169702297
Q289255	6000000017132523305
Q28925533	6000000001563751124
Q28925584	6000000055956381369
Q28925642	6000000006429865032
Q28925735	6000000029599263641
Q28925896	6000000080660839086
Q2892622	6000000009502175961
Q28926830	6000000001855274459
Q28927398	6000000025001655894
Q28927419	6000000001129796464
Q28927503	4821307897390081697
Q28927515	6000000006181267256
Q2892815	6000000016383034318
Q289284	6000000029682091669
Q2892948	6000000040318994789
Q28930	381929376580004216
Q289303	6000000043232517922
Q2893044	6000000025021856128
Q28930751	6000000021236227049
Q289310	6000000154601810821
Q289313	6000000025577754839
Q2893156	6000000034346853235
Q2893159	6000000051631573979
Q289317	6000000044157364187
Q2893194	6000000016492182762
Q2893209	6000000173545916047
Q2893220	6000000076679910760
Q2893277	6000000000629752051
Q28933149	6000000078060035230
Q28933149	6000000202202713831
Q28933328	6000000042332883692
Q28933444	6000000082529650440
Q28933754	6000000002141757112
Q28934030	6000000003216071658
Q28934131	6000000016502734040
Q28934289	6000000063122868857
Q28934329	6000000029205113470
Q28934428	6000000026230198831
Q28934601	6000000062690104834
Q28934917	6000000039358088097
Q2893506	6000000016568530283
Q28935073	6000000184056555823
Q28935221	6000000205610911846
Q28935271	6000000046655002479
Q28935273	6000000009950999370
Q28935293	6000000045136790879
Q28935482	6000000013182129539
Q28935729	6000000052981782502
Q28936013	6000000158040581887
Q28936036	6000000182629831850
Q289364	6000000008670600109
Q28936494	6000000185570244794
Q28936658	6000000030822055841
Q28936752	6000000020135089145
Q28936871	6000000000954586733
Q2893691	6000000002643230468
Q28937205	6000000077582556914
Q2893721	6000000010961543070
Q289374	6000000176445104831
Q28937439	6000000025099164463
Q28937481	290732435050003179
Q28937483	6000000005436379164
Q2893764	6000000072121853837
Q28938	6000000024917546931
Q28939011	6000000034406624110
Q2893902	6000000003730445061
Q28939071	6000000009671057171
Q289396	6000000036065770767
Q28939639	6000000029606029479
Q28939669	6000000053994060824
Q289397	6000000007651200211
Q28939713	6000000002388277033
Q2893984	6000000008662356429
Q28939901	6000000001605785053
Q28939944	335552698020014166
Q28940360	6000000018953539136
Q28940370	6000000001441307959
Q28941260	6000000042967158974
Q28941262	6000000055249639852
Q28941296	6000000109299716833
Q28941300	6000000010484377127
Q2894164	6000000005313624001
Q28941988	6000000003891598584
Q289420	6000000045836668918
Q2894250	6000000063343990119
Q289428	6000000037087476789
Q28942859	6000000024680215853
Q28942936	6000000015186436061
Q28942936	6000000037175907980
Q28942953	6000000014981850191
Q28942959	6000000017060429252
Q28943	6000000179330416832
Q28943375	6000000070165957867
Q28943565	6000000056385299955
Q28943569	6000000016135303721
Q28943590	6000000174889178822
Q28943765	6000000112368420903
Q2894394	6000000042770497416
Q28943943	6000000024177638063
Q289441	6000000040312549010
Q28944123	6000000075961647920
Q2894503	6000000017720628106
Q28945243	6000000011550970722
Q289453	6000000002324898452
Q28945580	6000000083060252037
Q28945708	6000000022891222582
Q28945709	6000000068822030910
Q28945966	6000000080404422966
Q28945999	6000000017683365158
Q28946127	6000000006252107338
Q28946233	6000000147253887875
Q289463	6000000010786697443
Q28946743	6000000016908974345
Q28946748	6000000015699364336
Q28946819	6000000013498367294
Q28946846	6000000012402883275
Q28947862	6000000173380809908
Q2894943	6000000145758391958
Q28949706	6000000002188456275
Q28949767	6000000002188456307
Q28950300	6000000028376405452
Q2895056	6000000001658276759
Q28950659	6000000166196779823
Q28951010	6000000022175212804
Q2895165	6000000012140720118
Q2895167	6000000044034145245
Q2895184	6000000009572545911
Q289520	4276963799530069552
Q2895201	6000000098571666846
Q289522	6000000017141874018
Q2895259	6000000004059326048
Q28953118	6000000011366341247
Q28953187	6000000076934268085
Q28953198	6000000009375363076
Q28953234	6000000009375512247
Q2895333	4489195838480078097
Q28953779	4821752975100053250
Q2895379	6000000124364822032
Q2895432	6000000174325518004
Q2895469	6000000006712251077
Q2895518	6000000010951241651
Q2895520	6000000054491890916
Q28955323	6000000023051951853
Q28955339	6000000017968445114
Q28955381	6000000011549765089
Q28955387	6000000018161033260
Q28955399	6000000002115997652
Q28955407	6000000030855683969
Q2895603	6000000029850703787
Q289570	350376687790001205
Q289571	6000000024101380730
Q2895720	6000000068365267020
Q28957334	6000000029904144923
Q28957339	6000000136835689109
Q28957346	4481124157130060870
Q2895735	6000000145261620832
Q2895752	6000000027040641012
Q2895787	6000000008570745383
Q2895810	6000000003098728715
Q2895817	6000000002803148850
Q2895822	6000000001343854209
Q289584	6000000035388422355
Q2895841	6000000088587201844
Q2895878	6000000005770410002
Q289590	6000000035503169240
Q2895927	6000000155942734822
Q2895942	6000000012105855785
Q2895943	6000000009321695173
Q2895991	6000000013294150179
Q2895992	353339611170013048
Q2896020	6000000034554895028
Q2896028	6000000007401467922
Q2896036	6000000003075920872
Q2896070	6000000033330902249
Q2896095	6000000204258020825
Q28960986	6000000081256317795
Q2896102	385102510800007755
Q2896104	6000000024196128518
Q28961058	6000000002428230288
Q2896153	6000000178650854115
Q2896160	6000000002837988758
Q2896167	6000000027520663149
Q2896174	6000000020360363956
Q2896178	6000000095585491822
Q2896179	6000000001853740239
Q2896196	6000000040469240038
Q28961960	6000000021605093326
Q2896205	6000000000584744883
Q28962207	6000000067554987833
Q28962323	6000000073157685849
Q28962325	6000000025873739377
Q28962347	6000000004485140002
Q2896236	6000000014138745233
Q289624	6000000013982621157
Q2896241	6000000033141948426
Q2896243	6000000001170152695
Q2896262	6000000041497528840
Q2896270	6000000058101323122
Q2896275	6000000061500420837
Q289629	6000000071213214828
Q2896307	4009604999660034012
Q289631	6000000019269081517
Q28963335	6000000074758325016
Q2896337	6000000022007568185
Q28963596	6000000007647078840
Q2896411	6000000209251968835
Q289646	6000000075477618097
Q289650	6000000002765600769
Q2896518	6000000002765877242
Q289652	6000000011823453504
Q2896541	304179672820003823
Q289655	6000000078421002002
Q2896594	6000000067979732821
Q28966090	6000000015757733161
Q28966103	6000000003572243278
Q2896616	6000000019786548210
Q28966171	6000000010666061397
Q28966253	6000000052136499040
Q2896645	6000000018596232328
Q28966612	6000000021476529536
Q28966637	6000000182716468835
Q28966891	6000000018907333141
Q28966946	6000000183981047838
Q28966971	6000000017026027195
Q28967063	6000000202559450941
Q2896707	322473901540005173
Q28967407	6000000031407916661
Q28967427	6000000001504422418
Q28967464	6000000023171514485
Q28967468	6000000023172883343
Q28967470	6000000189657818868
Q28967567	6000000020318783982
Q28967568	6000000085417910120
Q2896758	6000000176444366822
Q28967581	6000000179264149913
Q28967626	6000000017884048326
Q28967641	6000000064340870931
Q28967652	6000000007466449812
Q28967673	6000000003420851602
Q28967675	6000000021143166081
Q28967677	6000000019378065218
Q28967681	6000000011483630809
Q28968159	6000000166248857846
Q2896906	6000000013432368511
Q28969239	6000000002325829275
Q289694	6000000025469421503
Q28970335	6000000029350262548
Q28970336	6000000029350088267
Q2897049	6000000055969589027
Q289705	6000000012452308323
Q28970606	6000000166025725822
Q28970657	6000000021674037127
Q28970957	6000000007362705327
Q289710	6000000013954884814
Q28971193	6000000006444211021
Q2897123	6000000016614808710
Q28971475	6000000081806104854
Q2897162	6000000002042544670
Q2897169	6000000148052099985
Q28971940	2362550
Q28972094	6000000009326086201
Q2897215	6000000032041941915
Q28972813	6000000043723807324
Q28972824	6000000048816826283
Q28973048	6000000021720347521
Q289732	6000000034792423085
Q28973527	6000000016874568289
Q28973719	6000000010110476695
Q28973740	6000000114797850076
Q28973948	6000000030129411498
Q28973950	6000000015382074227
Q2897396	6000000186732496822
Q2897403	6000000012148615924
Q2897404	6000000011313806984
Q28974220	6000000114030766880
Q28974225	6000000036815998082
Q28974237	6000000020173279686
Q28974285	6000000015156803108
Q289743	6000000176446392832
Q28974346	6000000098491694867
Q28974383	6000000008063083250
Q28974443	6000000006128124730
Q2897447	6000000010130069787
Q28974549	6000000010967447525
Q28974552	6000000050940933029
Q2897456	6000000059056420931
Q28974653	6000000148027378255
Q28975	6000000019173994809
Q2897505	6000000002340402507
Q289751	6000000016332050072
Q2897517	6000000007538717595
Q28975202	6000000024914238132
Q289756	6000000014112797698
Q28976	6000000013631637664
Q28976026	6000000018870230343
Q28976410	6000000025726777886
Q2897690	5120938043700137955
Q2897693	6000000047337798536
Q2897702	6000000026827502837
Q28977116	6000000019937010397
Q28977324	6000000049892305018
Q28977525	6000000087435181821
Q2897761	6000000002802906253
Q289777	6000000182504944834
Q28977922	6000000017239872640
Q2897794	6000000081478822133
Q2897798	6000000175289749634
Q28978	6000000011505532963
Q28978152	6000000134302838849
Q2897862	6000000183787539832
Q2897889	6000000177906399893
Q2897911	6000000003935870861
Q2897951	6000000099798480838
Q2897984	323888813180007762
Q2898022	6000000074734214898
Q2898049	6000000003183129955
Q2898055	6000000109300103861
Q289809	6000000000281240797
Q2898173	6000000026013274858
Q2898261	6000000111265281956
Q2898288	6000000003571375324
Q2898292	6000000030811963869
Q2898293	6000000007993357412
Q2898300	6000000010573457320
Q2898455	6000000066090588960
Q2898519	6000000007336695253
Q2898520	6000000012738075117
Q2898523	6000000063791274830
Q2898553	6000000036432513105
Q2898581	6000000027295511570
Q2898596	6000000129632308844
Q2898615	6000000072074328862
Q2898731	6000000074787357038
Q2898761	6000000000792657485
Q2898777	6000000028789056774
Q2898804	6000000019667930275
Q2898813	6000000018432055333
Q2898826	6000000022750965938
Q2898880	6000000015910360061
Q2898910	6000000093707798524
Q289892	6000000030204996152
Q2898933	6000000003194161842
Q2898939	6000000172474693691
Q289895	6000000042039022628
Q2898975	6000000012718721270
Q2898995	6000000003698401725
Q2899004	6000000019494933442
Q2899008	341060283960001325
Q2899023	6000000019680877351
Q2899025	6000000002466244541
Q2899164	6000000029322017524
Q2899196	6000000074368082910
Q2899198	6000000029242456922
Q2899207	6000000074759127912
Q289923	6000000176851861850
Q2899235	309522162660007054
Q2899242	6000000003438021687
Q2899248	6000000000875277772
Q2899263	6000000016159593699
Q2899265	6000000006712152647
Q2899269	6000000110586693840
Q2899275	6000000015738877126
Q2899276	6000000008288866425
Q2899283	6000000081949544821
Q2899292	6000000006577144001
Q2899295	5692564382760077769
Q2899330	6000000006712203285
Q2899348	6000000008126559904
Q2899394	6000000017640440183
Q2899436	6000000010449957233
Q2899444	6000000016030444726
Q2899459	5692072321190035019
Q289951	6000000031714291705
Q289957	6000000002452583405
Q289962	6000000031625798686
Q2899703	6000000112861540856
Q289973	6000000178068733850
Q2899744	6000000029052841902
Q2899749	6000000056598051022
Q289975	6000000096132614888
Q2899751	6000000021390565003
Q2899755	6000000017142655113
Q28998	6000000080050986821
Q2899837	6000000081751097089
Q2899871	6000000032799371258
Q2899899	6000000000779820167
Q28999	6000000028337927215
Q289990	6000000014514361017
Q289991	6000000078570474019
Q2899918	6000000042785289956
Q2899921	6000000029737149598
Q289993	6000000021810883572
Q29000307	6000000018835610197
Q2900054	6000000075050826889
Q29000895	6000000024999875118
Q29000899	6000000218244920949
Q29000914	6000000001483325061
Q2900103	6000000002764484769
Q29001054	6000000048877611932
Q29001196	6000000002831290871
Q29001226	6000000199285581837
Q2900133	6000000080004050305
Q2900161	6000000142899516095
Q29001792	6000000001033402668
Q29001843	6000000002721972757
Q29001843	6000000209567534837
Q2900185	6000000002263440012
Q2900195	6000000080671867825
Q29002288	6000000017619845153
Q29002290	6000000142411400879
Q29002735	6000000029142426768
Q290045	6000000021193725650
Q2900463	6000000003501957185
Q2900525	6000000185764060899
Q2900614	6000000135603323826
Q29006830	6000000012667932624
Q2900740	6000000073439889822
Q2900747	6000000033260672411
Q290076	6000000175139829896
Q2900825	6000000023058346730
Q290083	6000000011632959345
Q290089	6000000091665482011
Q2900955	6000000024701800105
Q2900967	6000000135609293024
Q2900984	6000000019491866859
Q2901006	6000000183959578870
Q29010529	6000000147859754830
Q290107	6000000002447355646
Q2901119	6000000003055864010
Q2901131	6000000040823086057
Q2901139	6000000024599122025
Q290123	6000000031837435345
Q2901268	6000000000189886688
Q29013967	6000000074728560840
Q2901400	6000000140717624827
Q29014701	6000000038721639901
Q29014740	6000000049121216841
Q29014750	6000000011848616491
Q29014837	6000000176109075862
Q2901529	6000000142905569841
Q2901542	6000000009776120175
Q2901564	6000000000348901300
Q290160	6000000012808415420
Q2901601	6000000003936795903
Q2901602	6000000078218305265
Q2901612	6000000135592922856
Q2901619	390807871170005028
Q29016340	6000000059569562836
Q29016370	6000000010162267398
Q2901639	6000000022592435987
Q29016396	6000000007662714295
Q29016450	6000000101095127821
Q29016488	6000000008136164748
Q29016493	6000000007422392505
Q29016522	6000000079479065134
Q29016528	6000000084237606848
Q29016537	4456436246490064956
Q29016554	6000000009762480966
Q29016556	6000000006205710537
Q29016561	6000000033120955843
Q2901657	6000000143120731933
Q29016599	6000000077991596911
Q29016631	6000000013926003875
Q290168	6000000052904834078
Q29017	6000000001169088079
Q29017020	6000000054105862941
Q29017025	6000000178253298833
Q29017169	6000000007228986228
Q29017438	6000000036905488847
Q29017458	6000000013901047697
Q290175	6000000172459832130
Q29017518	6000000011973263205
Q29017520	6000000015703970161
Q290177	6000000000474020257
Q29017717	6000000000668053720
Q29017814	6000000099931805855
Q290180	5043845514010050661
Q29018461	6000000007727369807
Q29018773	6000000011204549213
Q29018775	6000000022214896680
Q2901925	6000000012833331438
Q29019697	6000000154259457828
Q2902067	358891906530002259
Q2902091	6000000177480226823
Q29020941	6000000030181949642
Q29020974	6000000017953987412
Q2902098	6000000025862194292
Q29021	6000000002244321590
Q29021021	6000000077378977895
Q29021056	6000000067026115873
Q2902115	6000000006316437001
Q29021196	6000000009954136161
Q29021211	6000000010247976134
Q29021225	6000000086487978067
Q29021368	6000000010248500309
Q29021391	6000000164252259846
Q29021697	6000000108597371144
Q2902223	6000000051386504893
Q2902246	6000000174221706844
Q2902267	6000000002905921831
Q290227	6000000014217244479
Q2902277	6000000050848029096
Q2902282	6000000039986362442
Q2902284	6000000017027930183
Q2902302	6000000026776134344
Q29023129	6000000119023158056
Q2902314	6000000182831217904
Q29023813	6000000031986496189
Q2902389	6000000020573646578
Q29024	6000000014343958573
Q29024511	6000000029176618120
Q2902473	6000000180157105914
Q290249	6000000012337864987
Q2902507	6000000132429700026
Q29025225	6000000033433205402
Q2902529	6000000019792092656
Q2902530	6000000002043158392
Q290255	6000000004147710424
Q2902554	6000000027398408473
Q2902571	6000000018078377501
Q2902634	6000000023755782901
Q290269	6000000069533455862
Q2902691	6000000102228549844
Q29027187	6000000005002785239
Q2902762	6000000181811996828
Q2902847	6000000130269010899
Q290285	6000000052618315113
Q2902851	6000000137839433877
Q290287	6000000012674187933
Q29029509	6000000024820345330
Q29029527	6000000022766029860
Q2902954	6000000021769667837
Q2903050	6000000026188855023
Q2903065	6000000031869553283
Q2903137	6000000045780763122
Q2903144	6000000094483790848
Q2903151	6000000002490906473
Q2903152	6000000155247844891
Q2903179	6000000043357667886
Q29032	6000000122086582940
Q2903240	6000000000018291486
Q29032455	6000000032697433318
Q29032515	6000000124188304829
Q2903256	6000000027857878730
Q29032736	6000000028753871615
Q2903280	6000000039868965209
Q29032955	6000000001877504296
Q29032958	6000000002115887921
Q29032969	6000000001877498078
Q29032970	6000000001877504312
Q29033041	6000000018507760924
Q29033067	6000000009776640002
Q29033070	6000000048146789062
Q2903311	6000000032082849294
Q29033121	6000000020639495054
Q29033155	6000000027589368260
Q29033162	6000000023175605685
Q29033186	6000000145878759936
Q29033622	6000000018897139788
Q29033668	6000000120268170822
Q29033762	6000000010807156659
Q2903381	6000000047036889532
Q29033822	6000000040642064531
Q2903383	6000000012746438501
Q29033880	2559541
Q2903389	6000000039950286958
Q2903401	6000000069820157363
Q2903404	6000000028041627908
Q29034061	6000000034074374030
Q29034278	6000000146343389839
Q290343	6000000001843182422
Q2903466	6000000161884331845
Q2903478	6000000063694310141
Q29034919	6000000009729121050
Q29035293	6000000058015566336
Q2903552	6000000024969408871
Q2903567	4801411
Q2903645	6000000002067466352
Q2903650	6000000050525625066
Q2903713	6000000020997544297
Q2903721	6000000004100009167
Q2903743	6000000016619253632
Q2903783	6000000024945337651
Q2903862	6000000008440974898
Q2903878	283140959670003990
Q2903892	6000000151471617830
Q2903899	6000000004055200909
Q2903903	6000000109102222842
Q2903915	6000000006605582020
Q2903954	6000000001671731611
Q2903957	6000000002185720725
Q2903959	6000000003164340669
Q2903988	6000000028612829229
Q2904001	6000000010043406964
Q2904093	6000000000348900946
Q2904131	6000000000236637102
Q2904183	6000000003677835402
Q2904251	4522430597230089834
Q29042580	6000000006590057016
Q29042832	6000000008114210475
Q29042884	6000000022696599673
Q29042980	6000000002464568126
Q29043141	6000000018336795105
Q29043293	6000000079407593085
Q2904347	6000000038044854394
Q2904351	6000000034760293067
Q29043572	6000000002188524507
Q2904392	6000000009472346587
Q2904427	6000000051529351232
Q29044288	6000000009545433625
Q29044399	6000000054018710914
Q29044440	4084129682460072959
Q2904467	6000000098660376922
Q29044960	6000000216699446822
Q29045050	6000000015739222742
Q29045112	6000000180015106821
Q29045148	6000000088893078821
Q2904524	6000000180211215860
Q29045303	6000000021302064100
Q2904594	6000000149000678230
Q290464	6000000180370302829
Q2904671	6000000025968559327
Q29046722	6000000029684200831
Q2904684	6000000026812501335
Q2904686	6000000005423246711
Q2904692	352390899020010786
Q2904698	6000000003495136732
Q2904731	6000000032928446009
Q29047401	6000000056950274899
Q29047406	6000000026149416770
Q29047436	6000000094623226882
Q29047654	6000000017786714708
Q2904780	6000000029913988032
Q29047911	6000000020812764750
Q2904794	6000000002702862382
Q2904800	6000000009452005592
Q29048116	6000000073712278129
Q29048121	6000000004535380434
Q2904862	6000000003287562834
Q29048794	6000000056746366924
Q29048973	6000000015423955111
Q29048997	6000000005560379681
Q29049467	6000000004934114542
Q29049840	6000000001596017208
Q2904990	6000000011501253872
Q29050	6000000051776834827
Q290502	6000000013318688135
Q2905025	6000000042605457017
Q29050614	6000000070664797042
Q29051018	6000000011801097577
Q290517	6000000081830855974
Q29051862	6000000029880180014
Q29051966	6000000025003465735
Q2905198	6000000004314368774
Q29052282	6000000155833410831
Q29052319	6000000005615963496
Q2905232	6000000010124530617
Q2905236	6000000005049052215
Q29052380	6000000017493368579
Q29052568	6000000001200705614
Q2905287	6000000000692661835
Q29053146	6000000179948712859
Q2905342	6000000027543082145
Q29053505	6000000006127846303
Q29053513	6000000012881192786
Q29053569	6000000079172475841
Q290536	6000000010555577437
Q29053704	6000000013102929889
Q29053710	6000000026176880480
Q29053753	6000000103266038910
Q29053814	6000000001085249279
Q29053837	6000000029937400729
Q29053844	6000000157541902836
Q29054185	6000000001753879005
Q2905464	6000000003513174642
Q29055	6000000003437783090
Q29055046	6000000002764431475
Q2905519	3962946043850044135
Q29055325	6000000069717729320
Q2905636	6000000001118266145
Q29056743	6000000016937207125
Q29057061	6000000156212458862
Q29057206	6000000194726903830
Q29057301	6000000041066892967
Q29057315	6000000150920569876
Q29057341	6000000007169301482
Q29057348	6000000181132635836
Q29057361	6000000006357565313
Q29057415	6000000070389599160
Q29057467	6000000000705318431
Q2905759	6000000033855994936
Q29058354	5603825786820074784
Q2905923	6000000001759012165
Q2905936	6000000032602284009
Q2905970	6000000021329549089
Q2905972	6000000016434133213
Q2905991	6000000009747876459
Q2906003	6000000036604556282
Q29060175	6000000007014397623
Q29060188	6000000010518896496
Q29061068	6000000009870022101
Q290616	6000000006727753549
Q290622	6000000012850514065
Q2906267	4829773654290044569
Q2906282	6000000029513514021
Q2906314	6000000180008487829
Q290633	6000000076589955839
Q2906342	6000000015610263375
Q2906384	6000000003792753176
Q2906438	6000000010030855339
Q2906446	6000000135677758877
Q2906601	6000000006951673854
Q290666	6000000040385786169
Q2906678	6000000002834930147
Q2906698	6000000166869326139
Q29066987	6000000006971457322
Q2906720	6000000015497596074
Q2906762	6000000015708064202
Q2906808	6000000010887260435
Q29068297	6000000081239751450
Q29068361	6000000087155658120
Q2906838	6000000026077920342
Q29068970	6000000000355538348
Q2906902	6000000167052558985
Q2906950	4952779954010089861
Q2906997	6000000002080442943
Q2906999	6000000003388683074
Q290706	6000000021480209852
Q2907109	6000000015600604262
Q2907221	1993596
Q2907262	6000000076449025876
Q2907308	6000000009651823827
Q29073108	6000000129872362902
Q2907349	6000000012965144180
Q2907387	6000000041946557922
Q2907398	6000000016517554204
Q2907460	6000000025900747818
Q2907489	6000000001554064086
Q2907490	6000000050712585832
Q2907494	6000000025861081425
Q29075134	6000000001053600312
Q29075137	6000000009801773414
Q2907552	6000000008228552233
Q2907565	6000000003366560929
Q2907571	6000000152001861157
Q290770	6000000042152263767
Q2907709	6000000035946710173
Q2907745	6000000024909526126
Q2907774	6000000029874788015
Q29077748	6000000084662938653
Q2907777	6000000063525386845
Q2907784	6000000004693479361
Q2907789	6000000071067607170
Q29078507	6000000178174099825
Q2907878	6000000011558565112
Q2907883	6000000035391510717
Q2907909	6000000010793507886
Q2907941	6000000059221845868
Q2907944	6000000027561207342
Q290795	6000000074194335832
Q2907952	6000000177760310823
Q2907990	6000000054376233968
Q2907997	6000000024961032954
Q2908	6000000004868866518
Q29080097	6000000012419899413
Q2908017	6000000176194412851
Q2908247	6000000057006063821
Q2908294	6000000000920684640
Q2908342	6000000003488889094
Q2908363	6000000010787823679
Q2908365	5300242254320118452
Q2908395	6000000007857369326
Q290844	6000000050505322879
Q2908695	6000000168149319864
Q2908792	6000000039592197821
Q2908897	6000000002246445653
Q2908916	6000000023695357983
Q2908930	6000000007181807216
Q2908970	6000000168935574964
Q290902	6000000003228458323
Q2909083	323509876830001126
Q2909098	6000000014757320977
Q2909155	6000000011400682466
Q2909159	6000000011400492929
Q2909327	6000000040525949051
Q2909332	6000000022914018102
Q2909366	6000000001137393258
Q2909456	6000000003488383108
Q2909474	6000000026421473039
Q2909560	6000000008853539127
Q290957	6000000030533076880
Q2909605	5576902978220066979
Q290962	6000000014838677914
Q29096397	4749534
Q2909642	6000000026843744855
Q2909659	6000000051973055824
Q2909674	6000000009223387023
Q2909698	6000000019751716509
Q2909716	6000000018357241324
Q29097268	6000000002831280133
Q2909729	374016426570012258
Q2909738	6000000019821084084
Q2909753	6000000016698904455
Q2909767	6000000020588556954
Q2909821	6000000008781894050
Q2909866	6000000168932877077
Q2909878	6000000022259848096
Q2909895	6000000166395089942
Q29099150	6000000026300799963
Q2909985	6000000011901397645
Q2910004	6000000126636352005
Q2910028	6000000001060123970
Q2910061	6000000011299451569
Q291007	6000000065221732906
Q2910092	6000000003791888965
Q291010	6000000046433257835
Q2910113	6000000010090851779
Q2910115	6000000010091042435
Q2910117	6000000010091131459
Q2910119	6000000029299528544
Q2910122	6000000047927197044
Q2910136	6000000024414399954
Q291016	6000000083622267822
Q2910214	6000000027645402377
Q2910232	6000000006424271528
Q291024	6000000010061807398
Q2910279	6000000166731321828
Q2910297	6000000023870733990
Q2910365	6000000025661542247
Q291049	6000000002144509782
Q291057	6000000014719905850
Q2910619	6000000024788601093
Q291068	6000000048196894372
Q2910680	6000000002917020369
Q2910682	6000000019161003827
Q2910723	6000000198659150836
Q29107273	6000000017897435687
Q2910806	6000000016564414042
Q2910850	6000000026868628473
Q2910853	6000000016486870236
Q2910866	6000000116672694867
Q2910970	6000000206160017825
Q2910989	6000000052291561835
Q29109950	6000000011430722250
Q29110	6000000013341552330
Q29110078	6000000148371044213
Q2911009	6000000041168623870
Q2911030	6000000026255742975
Q29110302	6000000056386020844
Q29110303	6000000088713184161
Q29110309	6000000163945368821
Q29110320	6000000027507134111
Q29110333	6000000008638482705
Q2911034	6000000038765087241
Q29110340	297283339470004936
Q2911044	6000000006706011278
Q291106	6000000011106755229
Q2911126	6000000108385458010
Q291116	6000000060182499851
Q2911185	6000000004319562910
Q2911194	5552306722600043179
Q2911233	6000000002361953197
Q2911392	6000000023341030380
Q291143	6000000035873189917
Q2911436	6000000000593242354
Q2911448	6000000011569858921
Q2911493	6000000052102976968
Q2911494	6000000016702148200
Q291157	6000000078559571654
Q291158	6000000049159587066
Q2911650	6000000167338163837
Q2911672	6000000020644876154
Q291169	6000000034768173905
Q2911752	6000000024915430620
Q2911768	6000000026270471274
Q2911774	6000000026760376648
Q291193	6000000036186011424
Q291194	6000000015026302591
Q291200	6000000145082647828
Q2912007	6000000009523850052
Q291221	6000000016302757872
Q291228	6000000029327164900
Q2912463	6000000075061625935
Q291249	6000000091259130857
Q2912529	6000000010792785772
Q291258	6000000047051753934
Q2912678	6000000012784352894
Q291275	318135924570003733
Q2913066	6000000037333624810
Q291310	6000000066384772948
Q291314	6000000017657252933
Q291322	6000000015799672830
Q2913260	6000000015421386217
Q291331	6000000028694930211
Q2913355	6000000021185556081
Q2913443	6000000030728175085
Q2913521	6000000015433428601
Q2913574	6000000074899886955
Q2913587	6000000019570495783
Q291361	6000000027469561412
Q29137400	6000000181848901841
Q2913876	6000000163840375843
Q2913928	6000000031896490927
Q2913935	6000000019214512992
Q2913936	6000000015612183326
Q2913940	6000000077240586999
Q2913966	6000000013983774258
Q291413	6000000083822402093
Q2914167	6000000018837780287
Q29145383	6000000000924607838
Q2914539	6000000065879968941
Q29145407	6000000036312044532
Q2914619	6000000011738471764
Q291466	6000000186233573058
Q2914736	6000000082696404950
Q2914738	6000000017159468672
Q2914760	6000000036899156386
Q2914819	6000000003160623557
Q29148735	6000000001299935002
Q2914941	6000000004868058322
Q2915031	6000000013324089566
Q2915120	6000000042920635427
Q2915226	6000000023980256965
Q2915318	6000000073629295096
Q2915358	6000000079657056997
Q29153829	6000000024090763620
Q2915387	6000000012546180511
Q2915398	6000000110056242939
Q2915420	6000000019102438976
Q2915424	6000000025424296254
Q2915432	6000000012274037942
Q291552	6000000123517949895
Q2915529	6000000022265947646
Q2915554	3369665
Q2915699	6000000000061322834
Q2915715	6000000016560610009
Q2915717	6000000028748578353
Q2915743	6000000057707132048
Q2915786	6000000042994985045
Q291581	6000000007331838481
Q291584	6000000019456163412
Q2915908	6000000014775229899
Q2915918	6000000013840747519
Q291592	6000000142431503925
Q2915964	6000000030121593407
Q2915964	6000000084668506824
Q2915998	6000000032327204763
Q291604	6000000011318345482
Q2916044	6000000006195634029
Q2916069	6000000081798110187
Q291612	6000000017241362494
Q2916122	6000000002992748535
Q291619	6000000045077132860
Q2916247	6000000017533428247
Q291638	6000000008201601659
Q29163981	6000000019937485225
Q2916434	6000000017477634283
Q291644	6000000022464648729
Q2916546	6000000003413880098
Q29165842	6000000089274202862
Q29166094	6000000027420017841
Q2916632	6000000008709492010
Q291665	6000000018504383371
Q291667	6000000001389576648
Q2916688	4209696
Q29167181	6000000013733704213
Q2916721	6000000205706152889
Q29167252	6000000018619007794
Q29167263	6000000073011615964
Q29167328	6000000042536335388
Q29167433	6000000010802538558
Q291676	6000000007452774423
Q29167687	6000000078646458973
Q2916785	6000000012004445952
Q29167877	6000000176949888829
Q291679	6000000054447628823
Q29167969	6000000011416147736
Q29168152	6000000054174501157
Q29168281	6000000007415613305
Q29168306	6000000024761877821
Q29168514	6000000048968084862
Q29168549	373672909410011413
Q2916876	6000000012341645168
Q2916885	6000000004155663604
Q29168853	6000000074782137983
Q29168959	6000000003065195097
Q29169013	6000000011525407437
Q2916906	6000000016720001262
Q291693	6000000021899603175
Q2916948	6000000026423058759
Q29169658	6000000003452885933
Q2916993	6000000010241504990
Q2917086	6000000009402822192
Q2917095	6000000009563378765
Q2917100	6000000113577063859
Q2917159	6000000013031522346
Q2917307	6000000001726319912
Q291731	6000000013147813945
Q29173739	6000000024334861166
Q29174272	6000000003666943988
Q2917461	6000000039524462625
Q291749	6000000047013111931
Q29175012	6000000073581305249
Q2917571	6000000018241739812
Q2917781	6000000024092211486
Q2917818	6000000008248399696
Q2917826	6000000008944998640
Q29179	6000000003561824998
Q2917983	6000000002764967351
Q2917988	6000000019837233141
Q29180020	6000000015254640343
Q2918041	6000000001355576445
Q291806	6000000009912346553
Q29180916	6000000129308400143
Q29181274	6000000189014206865
Q291814	6000000014559382046
Q2918157	6000000000263146253
Q291825	6000000057327394076
Q2918270	6000000128308597830
Q2918336	6000000002905975471
Q291836	6000000001472330022
Q2918396	6000000082335993864
Q2918417	6000000030770547881
Q2918453	6000000180401121827
Q2918499	6000000043047400162
Q2918567	6000000018602333991
Q2918605	6000000018225058015
Q2918619	4318781024830021657
Q2918639	6000000014309171421
Q2918658	6000000002451482935
Q291874	6000000025941794070
Q2918762	6000000047404046860
Q2918765	6000000026075926823
Q2918768	6000000001699404073
Q29188115	6000000052099297848
Q29188263	6000000084076054823
Q2918841	6000000053121470931
Q2918876	6000000012365781669
Q2919076	6000000011507000303
Q2919120	6000000184288585825
Q291914	6000000012004601302
Q2919167	6000000100153974858
Q2919191	6000000010679111798
Q2919288	6000000010876387415
Q29193	6000000010535661539
Q2919314	6000000070720238018
Q2919322	6000000025808974254
Q291943	6000000065047926837
Q2919440	6000000067084505856
Q2919445	4179004536920040619
Q291948	310793078480003915
Q2919483	6000000000232556595
Q29195299	6000000004957210980
Q2919542	6000000011025374322
Q2919575	6000000039604060405
Q2919584	6000000080887026745
Q2919689	6000000026202689552
Q2919693	6000000000943928419
Q2919697	6000000071797066125
Q2919775	6000000036919181317
Q2919816	6000000002500864188
Q2919822	6000000025593723746
Q2919836	6000000001121004658
Q2919837	6000000018003386293
Q2919915	6000000087661896880
Q2919989	6000000013486327729
Q2920042	6000000025913986034
Q2920090	6000000011040658947
Q2920143	6000000135603181155
Q2920145	6000000012020372958
Q292018	6000000068843296096
Q2920204	6000000000919651022
Q2920247	6000000002765156080
Q2920263	6000000178313444836
Q2920270	6000000166734467834
Q2920275	6000000081288071867
Q2920291	6000000178354466857
Q2920338	6000000178378052825
Q2920418	6000000000304599730
Q2920425	6000000017848194968
Q292047	6000000004393548057
Q29204751	6000000027432764486
Q292052	6000000002188615921
Q292064	6000000000307287202
Q29207	6000000012911335460
Q2920776	1835093
Q2920793	6000000014423220622
Q292081	6000000020208807648
Q2920840	6000000023248810195
Q292101	6000000000632004065
Q292123	6000000002244435319
Q29213	6000000001238909430
Q292137	6000000006727849780
Q29215454	6000000174452505098
Q29215754	6000000001382894093
Q292162	6000000000081326440
Q29216338	6000000028390187219
Q292169	6000000023754903861
Q292180	6000000011929056225
Q29219000	6000000001180371368
Q292196	6000000032606780658
Q292205	6000000006444746101
Q292214	6000000043440963370
Q292250	6000000026517496203
Q29225654	6000000010373567117
Q29226544	6000000036298837322
Q292268	6000000066924037963
Q29227085	6000000064405412886
Q292290	6000000004533522895
Q292295	6000000125495181901
Q29230	6000000001691267056
Q2923384	6000000025741844043
Q2923426	6000000016843845737
Q292361	6000000014066879297
Q2923657	6000000007150950911
Q2923664	6000000013136470534
Q2923749	6000000041789963382
Q2923786	6000000014294677560
Q292381	6000000071943579643
Q292399	6000000002388910079
Q292403	6000000123689544006
Q292412	6000000065582162006
Q2924402	6000000017036801686
Q2924415	6000000058823493134
Q2924443	6000000078562965406
Q292446	6000000043792844883
Q2924474	6000000028788494819
Q292453	6000000005100894333
Q2924560	6000000043455267748
Q2924569	6000000017853348396
Q29246149	6000000014072146366
Q29246152	6000000078247589266
Q29246156	6000000021660372897
Q29246189	6000000016593641742
Q29246389	6000000142027868938
Q29246437	5171350178110021344
Q29246604	6000000021885608092
Q29246668	6000000017728150689
Q29246715	6000000008612233913
Q29246727	3191056
Q29246831	6000000011391145654
Q29246915	6000000037255864837
Q29246930	6000000026328612533
Q2924911	6000000081037243030
Q2924948	6000000009303328535
Q29249792	6000000096721875862
Q29250	6000000012930769893
Q2925059	6000000050051124987
Q29252451	6000000025330932094
Q292539	6000000101308492992
Q2925431	6000000002361933449
Q2925454	6000000019681168359
Q292549	6000000155526708848
Q292569	6000000102513357841
Q292574	6000000019705989163
Q2925784	6000000029410516829
Q292581	6000000058271573018
Q29261438	6000000151929917886
Q29261524	6000000026924638699
Q29261542	6000000003374927597
Q29261545	6000000003773350186
Q29261552	6000000163420230033
Q29261561	6000000155823601874
Q29261567	6000000000908013846
Q29261572	6000000130233557843
Q292635	6000000219845607859
Q2926425	6000000009657046484
Q2926450	6000000132514486971
Q2926468	6000000064168922171
Q2926486	6000000014895402534
Q292650	6000000019451509096
Q2926583	6000000163423468419
Q2926679	6000000177824959822
Q2926770	1081201
Q2927025	6000000156482768846
Q2927057	6000000062270353215
Q29270790	6000000019774376454
Q2927143	6000000002943920851
Q292749	6000000052695689014
Q2927516	6000000007158754245
Q2927531	6000000014169635019
Q29275382	6000000004401365330
Q29277030	6000000067092128192
Q29279	6000000041197203469
Q292791	6000000011042200766
Q292795	6000000023982973373
Q292808	6000000019180531711
Q292849	6000000009232680800
Q2928495	6000000051293638868
Q292855	6000000006727858360
Q2928572	6000000014190812059
Q292860	6000000009944720268
Q2928620	6000000103334610116
Q2928629	6000000036269775943
Q2928636	6000000080242918838
Q292865	6000000029718801053
Q292875	6000000014413934379
Q29288015	6000000022278693914
Q292897	6000000002188424543
Q2929101	6000000013635455181
Q2929108	6000000014230303186
Q2929185	6000000025528269519
Q29293021	6000000014147890419
Q2929408	6000000110671005009
Q2929418	6000000179785802841
Q2929456	6000000011285674212
Q2929493	6000000008279714556
Q2929521	6000000001455792905
Q29296782	6000000014213399960
Q29296992	6000000014830505152
Q292980	6000000011638050262
Q2929855	6000000076159006409
Q292988	6000000048116260074
Q293002	6000000022689294346
Q293025	6000000018593578004
Q293035	6000000033452413264
Q293055	6000000011633105863
Q293067	6000000028106280304
Q2931015	6000000173779852951
Q29311370	6000000002373409620
Q293114	6000000009912299684
Q29312083	6000000080769990906
Q293127	6000000009517723944
Q293133	6000000012911424379
Q29314498	6000000007525004372
Q293156	6000000071157631918
Q293162	6000000008680645756
Q293167	6000000011855635817
Q29317154	6000000042065131748
Q293194	6000000001265381223
Q293224	6000000007926275038
Q293228	6000000026669375968
Q29324	4921285889400035515
Q2932464	5353631797890032924
Q29325816	6000000096351894104
Q2932791	6000000013354799687
Q2932793	6000000013431473744
Q29328	6000000040269366891
Q2932833	6000000026312411845
Q293284	6000000005849296008
Q29329953	6000000020413096816
Q2933122	6000000013070664230
Q293318	6000000058466820822
Q293333	6000000013353092254
Q2933352	6000000068437870949
Q2933359	6000000076910214643
Q2933361	6000000120839994896
Q2933413	6000000020997116314
Q293343	6000000046376258961
Q293356	6000000008341828419
Q2933644	6000000013226112966
Q293365	6000000011037828995
Q293369	6000000014325794983
Q2933699	6000000032990391427
Q2933770	286807850880003421
Q293382	6000000184489476902
Q293391	6000000056437726894
Q29341765	6000000036058427859
Q29341783	6000000011153058355
Q29341787	6000000171878782867
Q2934184	6000000157282248928
Q29341957	6000000002948562248
Q29341958	6000000011015304841
Q29341967	6000000004144682161
Q29341974	6000000011580190523
Q29341979	6000000006918154811
Q29341994	6000000040363883043
Q29341998	6000000195205701859
Q29342	6000000060750106933
Q29342000	6000000077108857992
Q29342004	6000000014475163890
Q29342005	6000000003548090743
Q29342006	6000000019384665252
Q29342015	6000000021646181940
Q29342019	4246255674440079332
Q29342022	6000000010752448585
Q29342023	6000000006127726064
Q29342024	6000000001664147383
Q29342028	6000000006127037071
Q29342034	6000000008657092795
Q29342200	6000000007640614616
Q29342675	6000000135076950822
Q29342698	6000000031581546939
Q29342822	6000000009323688637
Q2934335	6000000017952879586
Q29343681	6000000017690408526
Q29344664	6000000006357565284
Q29344669	6000000000813855483
Q29344675	6000000012399202877
Q29345143	6000000020809514086
Q29345215	6000000156159767825
Q29345596	6000000013217256612
Q29346000	6000000037888334309
Q29346096	6000000020895122568
Q29346443	6000000012032194485
Q29347568	6000000053666620821
Q29347580	6000000029880779065
Q2934821	6000000004020006184
Q29348295	6000000002802212820
Q29348342	6000000003730555917
Q29348543	4792959411110024560
Q2934867	6000000068324135992
Q29348859	6000000191409949877
Q2934887	6000000084617670932
Q29348927	6000000018941505350
Q29349189	6000000078247220114
Q29349327	6000000171043290960
Q2934951	6000000027140062652
Q29349694	6000000145329865146
Q2935073	6000000028641879395
Q2935079	6000000025514963928
Q2935081	6000000009665946847
Q2935105	6000000021358041666
Q29351072	6000000028504074046
Q29351114	6000000030908949987
Q2935133	6000000080240760115
Q2935138	4722071183680079912
Q293534	6000000178008683924
Q29354907	6000000012558750468
Q29357290	6000000090141256174
Q29358742	6000000008787693855
Q29358746	4934292109090037408
Q29358784	6000000052633856044
Q29358853	6000000016352321818
Q29358889	6000000216699774862
Q29358893	6000000198650346834
Q29359264	6000000197903130822
Q29359418	6000000033449646869
Q29359442	6000000052199665884
Q29359629	6000000182386912861
Q29359683	6000000076366121871
Q29359811	6000000014715183699
Q29360074	6000000005007557273
Q29360082	6000000011491388220
Q2936233	6000000002188416971
Q29363866	6000000018940837942
Q29364220	6000000009008483192
Q29364234	6000000077280962210
Q29364247	351698274540011860
Q29364485	6000000197634769852
Q29367417	6000000084154131943
Q29368508	6000000050577371892
Q29368741	6000000012367754210
Q29372160	6000000019645573142
Q2937677	6000000034585748759
Q29378311	6000000145518750825
Q29378329	6000000022892089230
Q29378344	6000000037255897451
Q29378358	6000000002188504277
Q29378375	6000000039533570538
Q29378397	6000000026726931126
Q29378419	6000000005422187008
Q29378674	6000000015220244465
Q29378933	6000000008630269886
Q29380576	6000000171788349917
Q29380630	389453382050011732
Q29380908	6000000004883276554
Q29381377	6000000057574164860
Q29381421	6000000121057770895
Q29382350	6000000006727817976
Q29382377	6000000015869974329
Q29382549	6000000005599170123
Q29383480	6000000020817131721
Q29383876	6000000180419874822
Q2938630	6000000004558703526
Q29386453	6000000065765082882
Q2938745	6000000024347718577
Q29388530	6000000174784516351
Q2938859	6000000036923026529
Q2938860	6000000133679276850
Q2938869	6000000114026265841
Q2938881	6000000011483776568
Q2938945	6000000000878977374
Q2938949	6000000016648061143
Q2938977	6000000105795769847
Q2938999	6000000023425066247
Q29390112	6000000017191028642
Q2939027	6000000091267714901
Q29390271	6000000024320394034
Q29390286	6000000174949975886
Q2939142	6000000156763939823
Q2939145	6000000038464920551
Q2939148	6000000029219070108
Q2939150	6000000177959834868
Q2939155	6000000095251117845
Q2939164	385938464740003988
Q2939169	6000000136880590837
Q2939175	6000000095229370860
Q2939178	6000000184155755822
Q2939187	6000000015396112963
Q2939201	6000000166800008822
Q2939204	6000000064586659008
Q2939208	6000000031779997459
Q2939213	6000000143313146822
Q2939214	6000000141075409033
Q2939225	6000000157257982827
Q2939226	6000000167122590823
Q2939231	6000000080003707042
Q2939240	6000000114218741961
Q2939261	6000000090855446944
Q2939273	6000000144742947056
Q2939300	6000000011737856645
Q2939346	4519323830010030261
Q2939348	6000000003311217416
Q2939354	6000000046565401174
Q2939375	6000000002929002916
Q2939397	6000000052737028908
Q2939404	6000000019166560270
Q2939420	6000000013876305343
Q2939438	6000000004870883160
Q2939445	6000000026451721790
Q2939510	6000000002801592879
Q2939563	6000000115216270876
Q29395631	6000000033206499599
Q29398800	6000000137613873231
Q2939955	6000000066224945835
Q2940012	6000000008134099498
Q2940020	6000000021810144319
Q2940038	6000000034573164054
Q29400976	6000000003827484116
Q2940235	6000000008178177127
Q2940240	6000000068734891961
Q2940244	6000000104849455880
Q2940262	6000000017263730568
Q294065	6000000009276150070
Q294072	6000000088377860830
Q294073	6000000025792094074
Q294076	6000000078549614597
Q294078	6000000015356669263
Q2940979	6000000025298828837
Q294100	340254884620011212
Q2941027	6000000016181283853
Q2941066	6000000021716660591
Q2941067	6000000141215974821
Q29411070	6000000038738532251
Q29411147	6000000000903591190
Q2941202	6000000001319613471
Q294136	6000000002497134356
Q29413716	6000000017184170347
Q29413753	6000000145211784822
Q29413836	6000000003418825084
Q29413856	6000000097185622854
Q294147	6000000016480282430
Q29415127	6000000002765600881
Q294153	6000000008279296690
Q29415495	6000000023851300515
Q29415672	6000000020519511276
Q29415691	6000000078289467110
Q29415803	4222558347160031139
Q2941600	6000000163389346920
Q29416700	6000000086315528983
Q29416792	6000000017206121655
Q2941775	6000000009438371413
Q29418	6000000066481522948
Q2941803	6000000000632153977
Q294181	6000000068220546864
Q2941810	6000000016237975947
Q29418129	6000000021478869404
Q29418134	6000000010849274622
Q29418135	6000000035759610870
Q294185	6000000000783498614
Q29418746	6000000008541791062
Q29418896	6000000028090556053
Q29418899	6000000180085172827
Q29418914	6000000023305998972
Q29418919	6000000037092698256
Q29418935	6000000038295979863
Q2941900	6000000002208855639
Q29419001	6000000007171490299
Q2941904	6000000143213417930
Q29419091	6000000007875433109
Q29419110	6000000006352625706
Q29419111	6000000006354250053
Q29419125	6000000039816808889
Q29419152	6000000000106766885
Q2941917	6000000017738099565
Q29419239	6000000006094377659
Q29419247	6000000182391168826
Q2941930	6000000014620416216
Q29419305	6000000116859429949
Q29419310	6000000025461704372
Q29419459	6000000054754423867
Q29419512	6000000040780824823
Q2941967	6000000014688278550
Q29419706	6000000012263095589
Q29419732	6000000010047749150
Q29419775	6000000007722322325
Q29419787	6000000019193922196
Q29419862	6000000017415237056
Q29419864	6000000020515538387
Q29419945	6000000007384703336
Q29419948	6000000015960763551
Q29419954	6000000015960766856
Q29419974	6000000015502343888
Q29420136	6000000008330260278
Q29420351	6000000222577839829
Q29420360	6000000029961012285
Q29420377	6000000033049673060
Q29420391	6000000033049510585
Q29420393	6000000033049997994
Q29420405	6000000077331113623
Q29420407	6000000052162359183
Q29420414	6000000010003939539
Q29420417	6000000016108368581
Q29420448	6000000002193334733
Q29420451	6000000036762001972
Q29420467	6000000012720127265
Q2942047	6000000063296484979
Q2942048	6000000003273382622
Q29420510	6000000008198874683
Q29420513	6000000008302510949
Q29420544	6000000010415582982
Q29420598	6000000009083296344
Q29420610	6000000006281394342
Q2942070	6000000002877426388
Q2942071	6000000004149027554
Q29421229	6000000070378337821
Q2942125	6000000003827512401
Q2942129	6000000017652974503
Q2942133	6000000014948866067
Q294214	6000000184222280822
Q294241	6000000035971771545
Q29424565	6000000002187876077
Q29424584	6000000148749101044
Q294259	6000000136910894876
Q29429261	6000000012426247193
Q294293	6000000136299806983
Q294302	6000000134394268822
Q2943060	6000000015750916758
Q2943252	6000000068014689821
Q294326	6000000182747853861
Q2943260	6000000115200332914
Q2943307	6000000036231116523
Q29433547	6000000185487968889
Q2943366	6000000017872716002
Q2943435	6000000013146380395
Q294344	6000000020622642248
Q2943508	6000000173612744374
Q294358	6000000015874903508
Q294365	4586400211500021230
Q2943696	6000000015785656029
Q294372	6000000048458531076
Q2943731	6000000050028818513
Q2943733	6000000095739843858
Q2943757	6000000140735720121
Q2943758	6000000008206116274
Q2943912	6000000157690599852
Q2943914	6000000157678695901
Q29439323	6000000181710978881
Q2943967	6000000023102567872
Q2943992	6000000039880730454
Q2943998	6000000020419840000
Q29441010	6000000001075392975
Q29441046	6000000006122664316
Q29441053	6000000156211018858
Q29441758	6000000008300882112
Q2944205	6000000020170280183
Q29442242	6000000139519218049
Q294430	6000000015821349702
Q2944324	6000000043417975104
Q2944347	6000000019960187541
Q294435	6000000006180689855
Q29443766	6000000029710069032
Q29443817	6000000012592433555
Q29443866	6000000014512807496
Q29444054	6000000014714319944
Q29444095	6000000011079789704
Q2944430	6000000010148955663
Q2944439	6000000011360465973
Q294454	6000000017209590804
Q294460	6000000046424079938
Q29446235	6000000178271199828
Q29446408	6000000139196037963
Q2944669	6000000069823290929
Q294478	6000000020309967017
Q294501	6000000184200615896
Q29450995	6000000003352289273
Q294531	6000000014202709213
Q294548	6000000024759776903
Q294555	6000000002373318924
Q29456103	6000000017740995840
Q294565	6000000178602598843
Q294572	6000000177162173920
Q294578	6000000171907658954
Q294583	6000000002804522803
Q294586	6000000076933684163
Q29462173	6000000011884451416
Q29463176	6000000046953399888
Q2946348	6000000025022223565
Q29463958	6000000032840066059
Q294641	6000000028284415169
Q294647	6000000077110654796
Q29464766	4400949650900051536
Q294651	6000000009268414227
Q294662	6000000004079698591
Q29466524	6000000007887050003
Q294671	6000000003274095104
Q2946712	6000000011555454538
Q29468986	6000000006590048130
Q29469878	6000000001531530965
Q29469905	6000000026120717054
Q2947020	6000000140681296872
Q2947024	6000000112084898846
Q2947026	6000000141086681861
Q2947035	6000000184209817826
Q2947036	6000000150151545895
Q2947043	6000000140306871835
Q2947113	6000000003458292857
Q29471783	6000000013174301718
Q294718	6000000140747692884
Q29472002	4817778231990081032
Q2947205	6000000017754574037
Q294723	6000000017527012278
Q2947264	6000000016006279231
Q29472999	6000000006348736020
Q29473	6000000043260320831
Q2947300	6000000173659159812
Q29473001	6000000028176814140
Q29473698	6000000076843730076
Q29474202	6000000008094105246
Q29474214	6000000063650639871
Q29474575	6000000010019232673
Q2947488	6000000020072359927
Q29476564	6000000179220931822
Q294769	6000000011138130821
Q294773	6000000015110360891
Q29477445	6000000014960775939
Q29477798	6000000037478491301
Q29477799	6000000034263547473
Q29479045	6000000007644827188
Q29479840	6000000173019584093
Q294812	6000000098276263931
Q294819	6000000177292911822
Q294826	6000000016435785084
Q294832	6000000008766309315
Q294843	6000000003859261957
Q294854	6000000024105714222
Q2948623	6000000017354222080
Q29488256	6000000133914495056
Q294888	6000000035006852125
Q294912	6000000014748470232
Q294914	6000000123578543823
Q294918	6000000043439313028
Q294927	6000000025328389527
Q294931	6000000010660040893
Q2949389	6000000209835857823
Q2949614	6000000010932442702
Q2949630	6000000018369937737
Q2949776	6000000198378683828
Q294979	6000000029163866979
Q295007	6000000002177019562
Q2950170	6000000044601800944
Q2950189	6000000082891623101
Q295034	6000000013959080817
Q295053	6000000034655643907
Q295080	6000000000488143128
Q29508426	6000000076206715821
Q295090	6000000043279744442
Q295093	6000000017307176047
Q295099	6000000027651278739
Q29510323	6000000097019617850
Q29510484	6000000013917155515
Q29511112	6000000156295785882
Q29511738	6000000069202069317
Q29512082	6000000024988926388
Q295123	6000000026089215681
Q29512727	6000000003671193134
Q29513460	6000000037605161891
Q295141	6000000010566652981
Q29514499	6000000063314802843
Q29514527	6000000002478396636
Q295148	6000000006167104348
Q29514932	6000000116698937955
Q295153	6000000007748916475
Q295207	6000000027967250926
Q29521060	6000000018245763090
Q29522132	6000000000401052845
Q29523329	6000000001827619930
Q29524631	6000000083099781084
Q29524978	6000000022466865496
Q29524991	6000000063111067954
Q295257	6000000031329857597
Q29526126	6000000009515823018
Q29526247	6000000027128379827
Q29526510	6000000009875265677
Q29526580	6000000016573199886
Q295275	6000000014339898367
Q295279	6000000017759669334
Q295285	6000000001915909976
Q2952857	6000000079305922998
Q29528817	6000000095479834832
Q295291	6000000018040782173
Q29530401	6000000015214320410
Q295318	384114938030013598
Q29532389	6000000050460402062
Q295333	6000000020320319036
Q29533802	6000000057539248876
Q29533937	6000000057538928925
Q29535127	6000000017061389465
Q29535129	6000000072636750853
Q295380	6000000052674006836
Q295386	6000000001249504219
Q295390	6000000123574368835
Q295393	6000000002765776684
Q29539779	6000000016972839354
Q295400	6000000008906299280
Q295406	6000000029996838441
Q29544206	6000000045076919126
Q29545	6000000060140483539
Q295452	6000000010796725211
Q29545474	6000000155802778834
Q29545580	6000000151127979842
Q29545623	6000000015214313503
Q29545719	6000000016105011992
Q29546329	6000000013601072392
Q295492	6000000010765507327
Q29549610	6000000019251170567
Q295498	6000000075624903822
Q29549801	6000000009773886223
Q29549824	6000000002193685944
Q29549830	6000000036070164721
Q29549835	6000000179718497897
Q29549871	6000000082854069877
Q29549979	6000000177460721875
Q295502	6000000015997396448
Q29550838	6000000022955026252
Q29550858	6000000001469209978
Q295516	6000000021887145857
Q295524	6000000054432701897
Q29552848	6000000027895480908
Q29553099	6000000076287995977
Q295537	6000000070991006260
Q2955463	6000000203159833851
Q295548	6000000021615019696
Q29554802	4417210009240025640
Q2955505	6000000107055261937
Q29555794	6000000018730137342
Q29556075	6000000089482086008
Q29556650	6000000017328230161
Q29558377	6000000002802957226
Q295584	6000000123575804859
Q2955864	6000000014222954608
Q29558829	6000000012078436974
Q29558847	6000000000112139516
Q29558866	6000000013374663215
Q29558876	6000000012153875579
Q29558877	5269109780420068279
Q29558884	6000000010242406329
Q295592	6000000043557592775
Q295593	6000000006804851371
Q29559495	6000000009795535698
Q29559790	6000000004263287997
Q29561341	6000000006441132508
Q29561649	6000000003274316106
Q29561736	6000000119290441164
Q2956315	6000000016202034164
Q29563312	6000000025425247647
Q29563613	6000000192473863823
Q295647	6000000041848186961
Q295653	6000000001839895658
Q295659	6000000041600896836
Q29566457	6000000077056935125
Q29566544	6000000018645197439
Q295666	6000000029264496864
Q29566705	6000000009599839494
Q295673	6000000041845563821
Q295678	6000000014287239477
Q295679	6000000067399016858
Q2956815	6000000015478996034
Q295688	6000000011435591133
Q29568827	6000000033887698153
Q29569216	6000000089049786867
Q295696	6000000016104771799
Q29569758	6000000010850947645
Q295700	6000000029381452335
Q29570170	6000000020638228897
Q29570461	6000000014948005526
Q295706	6000000011372965238
Q29571622	6000000124993390905
Q29572042	6000000060135535832
Q29572048	6000000156834341853
Q29572300	6000000025377080663
Q295724	6000000021649203304
Q2957248	6000000007416749143
Q29572655	6000000029452292855
Q29572749	6000000029978136982
Q29573	6000000049910112866
Q29573266	6000000114669984238
Q295739	6000000156107712852
Q29574	2435424
Q29575	6000000000589753622
Q29575224	6000000011646784176
Q2957574	6000000018013888808
Q29575947	6000000015405917787
Q295761	6000000028284731864
Q295768	6000000040203264557
Q2957680	6000000056341834998
Q295777	6000000011656527677
Q29577851	5107889476680136138
Q29578088	6000000079278519366
Q29578124	6000000013013118004
Q29578293	6000000001820035399
Q295786	6000000016913393267
Q29578740	6000000064512269901
Q29578871	6000000001957553652
Q295790	6000000004654992021
Q2957903	6000000021367295070
Q2957996	6000000174874395072
Q2958004	6000000017585734487
Q2958006	6000000079588037187
Q29580089	6000000130992154856
Q2958011	6000000172523923866
Q2958016	6000000146032612834
Q2958020	6000000190455267957
Q2958021	6000000012091965262
Q2958025	6000000019789528242
Q2958029	6000000016421292462
Q295803	6000000017603220123
Q2958033	6000000026479812865
Q2958074	6000000158537721834
Q2958077	6000000012701130962
Q2958093	6000000086496616222
Q2958099	6000000174912333308
Q2958103	6000000004359598872
Q2958113	6000000022517715020
Q2958117	6000000000628861119
Q2958130	6000000142202600856
Q29581367	6000000025036672839
Q2958156	6000000022654114632
Q2958159	6000000086320137832
Q2958200	6000000069408720821
Q2958208	6000000016832911766
Q29582140	6000000023755971876
Q2958218	6000000022155168711
Q2958219	6000000016809136244
Q29582190	6000000153119630840
Q2958224	6000000016812786035
Q29582262	6000000087621592833
Q2958228	6000000022535890832
Q2958231	6000000022218755007
Q29582428	6000000100225017833
Q2958246	6000000025852313542
Q2958250	6000000175724804821
Q29582601	6000000011580477615
Q2958276	6000000022797754808
Q2958291	6000000102829970827
Q29582974	6000000177765183835
Q295830	6000000011430105061
Q29583002	6000000175542518875
Q2958302	6000000205526456824
Q2958307	6000000006277450232
Q2958320	6000000012887194251
Q29583308	6000000042582251557
Q29583399	6000000037577294846
Q2958344	6000000054301275984
Q29583544	6000000026025692420
Q2958363	6000000017388292673
Q2958371	6000000013695058762
Q29583859	6000000059846075853
Q29583861	6000000057278349924
Q29583934	6000000068516839927
Q2958394	6000000020517462090
Q2958396	6000000023237962085
Q2958401	6000000114013348959
Q2958410	6000000075738194923
Q2958411	6000000003122374330
Q2958426	6000000002188440310
Q2958429	6000000002836406109
Q2958446	6000000015749720026
Q29584485	6000000027950870614
Q29584594	6000000002764837596
Q29584597	6000000050451424825
Q2958462	6000000001319780267
Q2958464	6000000009996483159
Q2958465	6000000017667341649
Q2958466	6000000033001866889
Q295847	6000000002801083246
Q29584729	6000000043157763361
Q29584871	6000000173448723944
Q2958496	6000000013369741911
Q2958506	6000000000874086445
Q29585068	6000000046902454690
Q2958521	6000000014098795122
Q29585307	6000000176816051835
Q2958536	6000000071899317845
Q2958563	6000000072089461877
Q2958573	6000000003364427227
Q295858	6000000017177762063
Q29586029	6000000113520337016
Q2958604	6000000079821724049
Q29586040	6000000026378501284
Q2958633	6000000023371184974
Q2958634	6000000022365637053
Q29586417	6000000016145371283
Q2958642	6000000018082770812
Q29586775	6000000011037417713
Q2958678	317854723210002343
Q29586787	6000000066549842905
Q2958715	6000000012709563316
Q2958718	6000000180981498823
Q29587229	6000000026394523661
Q295873	6000000033531115718
Q2958740	6000000022516626151
Q2958742	6000000039465832239
Q2958744	6000000006891490926
Q29587486	6000000177078957900
Q2958760	6000000027035450836
Q2958766	6000000073519074967
Q2958774	6000000014272608306
Q2958807	6000000013385377970
Q2958817	6000000011528906312
Q2958821	6000000018163407249
Q29588376	6000000095447101211
Q2958864	6000000176048273831
Q2958871	6000000204336714821
Q2958876	6000000012479257230
Q29588784	4156129
Q2958880	6000000077992168793
Q2958883	6000000016422369117
Q2958907	6000000034966591101
Q295891	6000000184201345835
Q2958919	6000000002435499115
Q2958936	6000000001170643013
Q2958960	6000000021143176158
Q295898	6000000175063977133
Q2958982	6000000002284973648
Q2958984	6000000007417871694
Q2958989	6000000066975439887
Q2958992	6000000061089753217
Q2958996	6000000022127129275
Q2958997	6000000000661776261
Q2959003	4977365979350126855
Q2959005	6000000016998736167
Q2959012	6000000012975716864
Q2959018	6000000156117677859
Q2959022	6000000101472774868
Q2959033	6000000049040011028
Q2959049	6000000088691084851
Q2959061	6000000032211823667
Q2959074	6000000038269862049
Q2959085	6000000080389967169
Q2959122	6000000007176671150
Q2959137	6000000110997832837
Q2959159	6000000017501856735
Q2959169	6000000020794464262
Q2959169	6000000150017840821
Q2959191	6000000087870800839
Q295923	6000000001256863275
Q2959243	6000000015291142407
Q2959251	6000000047976328065
Q2959252	6000000092716469043
Q2959257	6000000010525437900
Q2959282	6000000105902690821
Q2959288	6000000037402087964
Q2959316	6000000013506136226
Q2959325	6000000025926488035
Q2959335	6000000021221675412
Q295935	6000000017451792728
Q2959365	6000000004571333522
Q2959398	6000000010486353966
Q2959403	6000000003528101574
Q2959435	6000000027035096896
Q2959458	6000000015743554145
Q2959464	6000000001977176087
Q295948	6000000184577963825
Q2959486	6000000019086493060
Q2959493	6000000080857753837
Q2959500	6000000139891959979
Q2959502	6000000003551695170
Q2959512	6000000001882076243
Q2959517	6000000022352582903
Q2959519	6000000022645427480
Q2959527	6000000102607338916
Q2959528	6000000015907134683
Q2959540	6000000026576420817
Q2959543	6000000180596825821
Q2959554	6000000063131972057
Q29595926	6000000196657215822
Q2959601	6000000089376066943
Q2959615	6000000077807078603
Q2959630	286271832400002941
Q295964	6000000028992441066
Q2959666	6000000007370518680
Q2959673	6000000003493396709
Q2959676	6000000015925708990
Q2959681	6000000017885053639
Q2959690	6000000218120834832
Q2959707	6000000023909104513
Q2959712	6000000014785253824
Q2959746	6000000180567371902
Q295978	6000000018967199324
Q2959787	6000000197800618834
Q2959792	6000000022321192493
Q2959793	6000000075732996026
Q2959795	6000000022365288601
Q2959799	6000000016200810581
Q2959804	4950799704480077906
Q295981	6000000053800889450
Q2959810	6000000026191093789
Q2959824	6000000006450696704
Q295984	6000000010562840493
Q2959846	6000000181353792904
Q2959907	6000000112236218874
Q2959925	6000000012701235746
Q2959962	6000000026940082727
Q2959989	6000000190889516838
Q295999	6000000040281766417
Q296	6000000009747798919
Q2960000	6000000172582265697
Q2960005	6000000021080195025
Q2960015	6000000021438821048
Q2960016	6000000132433454838
Q29600212	6000000024144153395
Q2960030	6000000055563035005
Q2960037	6000000111789989076
Q2960041	6000000013007420765
Q296008	6000000188047164838
Q2960114	6000000026660543567
Q2960119	6000000020136930103
Q2960124	4305995
Q2960134	6000000002969916763
Q2960149	6000000010090694915
Q2960188	6000000017560015901
Q2960191	6000000073495616998
Q29601910	6000000075494175860
Q2960196	6000000026383564664
Q2960205	6000000023373144418
Q2960213	6000000019539239393
Q2960222	6000000011205139854
Q2960223	6000000040374415118
Q29602256	6000000015356005840
Q296023	6000000004868768394
Q2960254	6000000043429458091
Q2960256	6000000087184566827
Q2960271	6000000164980041846
Q2960275	6000000026476156522
Q296028	6000000026213451745
Q2960286	6000000058945061826
Q2960287	6000000076243035821
Q2960290	6000000014338082004
Q2960296	6000000002969916453
Q2960349	6000000012339201677
Q2960351	6000000002447346517
Q2960356	6000000111585092826
Q2960361	6000000014092067184
Q2960407	6000000082439182289
Q2960420	6000000003937780895
Q2960426	6000000010831244484
Q2960446	6000000027032327784
Q2960458	6000000019712712144
Q296047	6000000036156958969
Q2960490	6000000002764690432
Q2960493	6000000141214890843
Q2960494	6000000020681374851
Q29604970	6000000012839094654
Q2960500	6000000021353598509
Q2960506	6000000017821084825
Q2960514	6000000031499593022
Q2960519	6000000000770008106
Q2960533	6000000038927122156
Q296054	6000000003493730078
Q2960546	6000000027107268965
Q2960549	6000000021213874629
Q29605536	6000000021108503258
Q2960556	5641367266130136595
Q2960558	6000000108601470821
Q2960573	6000000002188386450
Q2960579	6000000015737973203
Q2960583	6000000015745140998
Q2960589	6000000224855544860
Q2960591	6000000082750808026
Q2960596	6000000016638553986
Q29606077	6000000000806967411
Q2960611	6000000001230654322
Q2960615	6000000000975083570
Q2960618	6000000014086108976
Q2960620	6000000026175948189
Q2960625	6000000112906261840
Q296064	6000000016152439089
Q2960641	6000000022494449974
Q2960648	6000000016092250928
Q2960653	6000000010895524800
Q2960670	6000000002764690956
Q2960671	6000000097056942434
Q2960687	6000000021214154128
Q296069	6000000016020776297
Q2960707	6000000022159370256
Q2960714	6000000178650949831
Q2960717	6000000003122427641
Q2960721	6000000009638560971
Q2960723	6000000026663219527
Q2960724	6000000021211678473
Q2960726	6000000046970484503
Q2960735	6000000034556240201
Q2960740	6000000019455620859
Q2960742	6000000022437963694
Q296076	6000000016152386219
Q2960765	6000000017137388875
Q2960769	6000000091666197851
Q29607923	6000000137617289964
Q2960795	6000000023002441155
Q296083	6000000016152000648
Q2960844	6000000022047960391
Q29609093	6000000008788857232
Q2960938	6000000017581477538
Q2960968	6000000078111980657
Q2960969	6000000002845026205
Q29609819	6000000075419555857
Q2960984	6000000026939614932
Q2960989	6000000175741127851
Q2961031	5641186401780037646
Q29612297	6000000033985077689
Q29612337	6000000022538148265
Q29613521	6000000034793958290
Q29616937	6000000000953845372
Q296177	6000000042911883945
Q296244	6000000006290195799
Q296256	6000000159201390903
Q296259	6000000000302405097
Q2962599	6000000074727427480
Q296276	6000000136813558833
Q29627911	6000000020050524065
Q296283	6000000036604515243
Q2962982	6000000006101445882
Q29630813	6000000176688454838
Q296317	6000000001962194669
Q29634101	6000000029683622187
Q29634713	6000000006326288092
Q296350	6000000069488613974
Q29635141	6000000104755647219
Q29635400	6000000024569487013
Q29635990	6000000077148278581
Q296367	6000000008738436084
Q2963709	6000000030963806886
Q296386	6000000006195493297
Q29638739	6000000007175607286
Q29638853	6000000011569221218
Q29639350	6000000013255599777
Q29639386	6000000002765690910
Q29639760	6000000172756810336
Q296403	6000000006996350665
Q29640335	6000000002557689033
Q29640395	6000000085015841886
Q29641347	6000000025718609874
Q29642056	6000000012889328512
Q29642101	6000000191141432822
Q29642115	6000000201179690826
Q29642162	6000000098007802070
Q29642167	6000000205745530832
Q29642192	6000000016228944647
Q29642219	6000000007369572288
Q29642292	6000000143174454965
Q29642893	6000000066622265867
Q29643548	4534764921100033474
Q29644314	6000000005572481019
Q29645169	6000000127362142870
Q29645792	6000000014483171369
Q29646007	6000000038381224834
Q29646013	6000000023635460547
Q29646349	6000000046627277381
Q2964711	6000000105864550884
Q296473	6000000018079727714
Q29647315	6000000038786334947
Q29647322	6000000028299886994
Q29647459	6000000084928320928
Q29647726	6000000087757089866
Q29647730	6000000040096705184
Q2964775	6000000031485073285
Q29647818	6000000045729517922
Q2964784	6000000054143193866
Q296484	6000000021663827170
Q2964883	6000000026467457665
Q2964885	6000000016173863990
Q296491	6000000007323598675
Q2964992	6000000030839600287
Q296500	6000000075926965907
Q29650120	6000000000670157248
Q29650219	6000000182939293826
Q29650361	6000000180699395824
Q2965037	6000000102522111398
Q296505	6000000015179798012
Q2965107	6000000082792241882
Q2965115	6000000049406812896
Q2965123	6000000007969063438
Q2965132	6000000173225942849
Q2965147	6000000177258827837
Q29652286	6000000014255504539
Q296524	6000000014543315316
Q2965263	6000000013260453589
Q2965270	6000000034067577422
Q29653042	6000000003386133815
Q29653079	6000000007212675201
Q2965309	6000000015232099216
Q29653383	6000000027652079839
Q2965351	6000000018123517344
Q2965354	6000000029052241836
Q296537	6000000096124905822
Q29653807	6000000003386337321
Q29654209	6000000041933872531
Q296545	6000000006740166787
Q29654607	6000000002370601239
Q29654645	6000000010859669303
Q29654645	6000000108520727141
Q29654942	6000000031783559056
Q29654965	6000000032840173100
Q29654966	6000000045573778950
Q296555	6000000000846826030
Q2965652	6000000001449400444
Q2965713	6000000175770028851
Q2965731	6000000022144287483
Q2965753	6000000002361933512
Q2965851	6000000023075134954
Q2965864	6000000006127529349
Q2965926	6000000000735832096
Q2965996	6000000032105607126
Q2966073	6000000002478220266
Q2966076	6000000001092037218
Q296609	6000000009745727448
Q2966124	6000000070477856958
Q296630	6000000001736120050
Q2966327	6000000070476687094
Q296639	6000000046713884017
Q296647	6000000009155680229
Q2966477	6000000077316412183
Q2966509	6000000013994030104
Q296652	6000000003772418484
Q2966532	6000000010203430623
Q296661	6000000000555220521
Q2966640	6000000006603881916
Q296673	6000000016448780284
Q296679	6000000015467338496
Q2966976	6000000016166057701
Q296718	6000000008981383582
Q296729	6000000027437898463
Q296734	6000000015782369115
Q296741	6000000030791358944
Q2967444	6000000024729103640
Q2967462	6000000022135586355
Q2967590	6000000056134643948
Q2967601	6000000077601429434
Q2967618	6000000035424871016
Q296774	6000000009998907687
Q2967832	6000000025768122408
Q296796	6000000014905619426
Q296804	6000000026813110405
Q296809	6000000016253011282
Q296843	6000000038945894011
Q296850	6000000008248268062
Q296863	6000000003772418474
Q296872	6000000014566563640
Q296876	6000000014566524739
Q296887	6000000068507804854
Q296898	6000000004550009055
Q296909	6000000068413675821
Q296928	6000000017805134916
Q2969423	6000000068729532145
Q296950	6000000006192934074
Q296956	6000000124947516919
Q297	6000000011549185076
Q297000	6000000011527410721
Q297006	6000000083103174890
Q2970189	6000000007422835282
Q297032	6000000022853200666
Q297064	6000000014293633460
Q297071	6000000029778398273
Q297079	6000000078555827076
Q297121	6000000007965326382
Q2971262	6000000011738962392
Q29712741	6000000050696940001
Q297128	6000000069375991833
Q297134	6000000002142788672
Q297137	6000000000314799256
Q297142	6000000005395891848
Q297173	6000000108878787852
Q29718964	6000000002802612181
Q297190	6000000068368502950
Q2972	6000000013002683733
Q297206	6000000011526320349
Q29721	6000000002808357316
Q2972188	6000000020190235245
Q297221	6000000015353841547
Q297232	6000000143408068822
Q297271	6000000045701051508
Q2972819	6000000027152610013
Q297302	6000000033574905162
Q297308	6000000000898791399
Q297318	6000000063337900886
Q2973254	6000000017538195517
Q2973301	6000000016538511132
Q297348	6000000061181640204
Q29737	6000000030605758857
Q297384	6000000013187955760
Q297425	6000000043579145689
Q297442	6000000020353232768
Q29746	6000000002579056798
Q297469	5402979230870071337
Q297483	6000000006444072224
Q297493	6000000010161935555
Q2975366	6000000012015730578
Q297538	6000000106964007834
Q297542	6000000052826492882
Q2975468	6000000037691591398
Q2975495	6000000026654096312
Q2975503	6000000066978773351
Q2975557	6000000180997936826
Q2975576	5408725461670138380
Q2975581	6000000001118019339
Q297562	6000000007171059589
Q2975626	6000000007466119069
Q2975627	327793475010007901
Q2976010	6000000013015333091
Q2976019	6000000015663494423
Q297608	6000000065141036821
Q297618	6000000036083200284
Q2976180	6000000007513387534
Q2976186	6000000000927483227
Q297622	6000000065141092837
Q297628	6000000190934827826
Q2976294	6000000021287256273
Q2976306	6000000014193977277
Q2976539	6000000001388021148
Q2976564	6000000013930070060
Q2976624	6000000081913361088
Q2976656	6000000018696527354
Q2976698	6000000031099581244
Q2976705	6000000017542581949
Q2976710	6000000022836790294
Q2976747	6000000183828883920
Q2976757	6000000000281238645
Q2976768	6000000026852859100
Q2976775	4739437
Q2976782	6000000016937976101
Q2976787	6000000016438994108
Q2976873	6000000021931589458
Q2976889	6000000027314773181
Q2976980	6000000173641082157
Q2977018	6000000002315685056
Q2977031	6000000025635750525
Q2977067	6000000003273382631
Q2977108	6000000191867662843
Q2977110	6000000035800979072
Q297717	6000000084934396811
Q2977176	6000000022551463848
Q297726	6000000003191511957
Q2977325	6000000164071502201
Q2977329	6000000021192898888
Q2977351	6000000007707672571
Q2977417	6000000073617994912
Q297743	6000000006558279002
Q297744	6000000007748077981
Q2977442	6000000057655378931
Q297750	6000000014358366697
Q2977514	6000000022648444922
Q2977548	6000000002285003624
Q2977617	6000000101171981821
Q297765	6000000024101657803
Q2977667	6000000021768118997
Q2977668	6000000015743395391
Q297770	6000000007643946665
Q2977727	6000000044169284089
Q2977753	6000000002217616152
Q297776	6000000022258230377
Q2977771	6000000167890382832
Q2977854	6000000005034134463
Q297793	6000000090854661857
Q2977938	6000000014095529300
Q2977964	6000000002764674667
Q297804	6000000030663319544
Q2978048	6000000009776681493
Q2978062	6000000002465321997
Q297816	6000000014865635061
Q2978183	6000000029055568298
Q2978223	6000000003023976907
Q2978300	6000000044141945870
Q2978307	6000000181302440884
Q2978315	5260333350470072713
Q2978321	6000000176092254822
Q2978336	6000000022397361926
Q2978357	6000000004955441849
Q2978366	6000000027049124213
Q297838	6000000011521535361
Q297856	6000000003868613585
Q29785696	6000000036996022222
Q2978590	6000000015173815334
Q2978600	6000000010678757980
Q29786103	6000000016010659844
Q29786106	6000000017421865521
Q2978619	6000000003526389142
Q2978643	6000000038704323014
Q2978740	6000000029321873476
Q29787768	6000000166746782618
Q2978781	6000000015325567976
Q297881	6000000017021197957
Q29788300	6000000073426676826
Q29788359	6000000007075887235
Q29788521	6000000006325758306
Q29788809	6000000140325680830
Q2978886	6000000017439817754
Q2978887	6000000030087966638
Q2978889	6000000137996389821
Q2978907	6000000001579451413
Q29789311	6000000008532733760
Q29789662	6000000102590390837
Q297899	6000000001306601043
Q2979057	6000000025306470619
Q2979100	6000000058111335887
Q29791569	6000000174921938939
Q297938	6000000028001799015
Q2979414	6000000109013482943
Q2979420	6000000012560515180
Q2979421	6000000029624652019
Q297945	6000000009898125202
Q29796655	6000000090535157911
Q2979668	6000000008653386025
Q2979692	6000000040531488011
Q2979704	6000000051841096920
Q2979715	6000000015430590229
Q2979725	6000000006233665198
Q298016	6000000014264350065
Q298020	6000000096531207832
Q298022	6000000026205499720
Q298025	6000000016446230394
Q298027	6000000002920081892
Q29803355	6000000026080351149
Q2980425	6000000021466348893
Q298045	6000000040335177249
Q2980554	6000000027088268114
Q2980574	6000000000152568184
Q2980612	4743880
Q2980617	6000000006206399956
Q29806992	6000000008653823583
Q298070	6000000011129644227
Q2980708	6000000030952166821
Q2980738	6000000219845887829
Q2981065	6000000001515582225
Q2981163	6000000010745926915
Q2981182	6000000015475358076
Q2981246	6000000002841962669
Q2981265	6000000001398661788
Q2981276	6000000001387949610
Q298152	6000000024597690994
Q298156	6000000020100021807
Q298173	6000000045966190842
Q298180	6000000007695140387
Q298185	6000000021916187548
Q2981939	6000000046242889863
Q298197	6000000027345640083
Q298213	6000000002802236141
Q2982346	6000000016742848068
Q298237	6000000001691483953
Q298243	6000000075905177849
Q2982488	6000000044214451490
Q298252	6000000012154334051
Q298259	6000000178485327951
Q2982596	6000000009981091908
Q2982646	6000000093972568430
Q298276	6000000046134071947
Q2982766	6000000003638173201
Q29828037	6000000020398273993
Q2982824	6000000209396285840
Q2982838	6000000014191989872
Q298286	6000000214730642823
Q29829178	6000000035895609133
Q2982922	6000000028782316710
Q29829357	6000000030605690210
Q298295	6000000080589471897
Q2983029	6000000052878409024
Q29831352	6000000076443183833
Q29831448	6000000177133385843
Q2983253	6000000000170090208
Q29832938	6000000091672299138
Q298347	6000000077255707291
Q298364	6000000013374977536
Q298368	3967569721610079077
Q29836890	6000000015398250358
Q29837014	6000000016251410142
Q298371	6000000036904640392
Q29837333	6000000093311886900
Q2983791	6000000007415466251
Q298380	6000000025050926660
Q2983839	6000000084074013841
Q29838392	6000000001827883748
Q298384	6000000008575448120
Q29838410	6000000007008613461
Q29838451	4915435908660024426
Q298388	6000000003681497656
Q29840488	3944461635060038547
Q2984076	6000000183694953836
Q29840947	6000000026924985746
Q298410	6000000008009146219
Q29841258	6000000014406619706
Q29841259	6000000005440726496
Q2984134	6000000012213047213
Q2984144	6000000003526416182
Q2984149	6000000014190734990
Q2984176	6000000003418433930
Q2984182	6000000018242499310
Q2984199	6000000006714021343
Q2984207	6000000018881082286
Q2984214	6000000017077127616
Q2984219	6000000127031923297
Q2984258	6000000051150099345
Q29842804	6000000027648921634
Q29842980	6000000153002752922
Q29843095	6000000009985074872
Q29843235	6000000002080102952
Q29843521	6000000010052252799
Q29843583	6000000021329903307
Q2984597	6000000005576154797
Q2984610	6000000003300390395
Q29846468	6000000150863272861
Q29846664	6000000076727046336
Q29846790	6000000048399880884
Q29846827	6000000016359740808
Q2984705	6000000012977678856
Q298496	6000000055041621884
Q2985012	6000000017157120709
Q2985042	6000000002831826363
Q2985216	323959132070007786
Q2985242	6000000179154065892
Q2985287	6000000006583198198
Q2985487	6000000075329192907
Q29855686	6000000045573614849
Q29855796	6000000046928589049
Q29856270	6000000074990978305
Q29856272	6000000078622945940
Q29857170	6000000182092935902
Q29857401	6000000090535212160
Q298581	6000000031682297573
Q2985903	6000000009826495904
Q298609	6000000001599047867
Q2986117	6000000003419255407
Q29862595	6000000076615400849
Q29862953	6000000037785917821
Q29863069	6000000031081878712
Q29864188	6000000017766298278
Q29864811	6000000070961222933
Q29864928	6000000038834553820
Q29865105	6000000019898265154
Q29865249	6000000078858342860
Q29865346	6000000128889597250
Q29865459	6000000038848990087
Q29865581	6000000173365897219
Q298658	6000000013059949108
Q29866457	6000000042837097781
Q298672	6000000058667596829
Q2986736	6000000014826108099
Q29867845	6000000080834824068
Q298685	6000000084965084243
Q2986883	6000000097264413834
Q29869970	6000000176881581837
Q298703	6000000017777138851
Q298707	6000000013155918359
Q298723	6000000021913455617
Q2987274	6000000019217918311
Q2987284	6000000005394636598
Q2987397	6000000010858250577
Q298761	6000000083586520835
Q29876494	6000000026818015055
Q298766	6000000048055540887
Q29877153	6000000080809904946
Q29877551	6000000029948453393
Q298777	6000000017260689448
Q298784	6000000021546325386
Q29878559	6000000005004441019
Q298789	6000000071304028084
Q29878940	6000000000806386006
Q298793	6000000015841115785
Q298799	6000000033680318743
Q29880459	6000000178994347880
Q29880629	6000000041205554866
Q29880818	6000000076215100890
Q2988131	6000000017027004781
Q298814	6000000081280708973
Q298818	6000000028140336712
Q29882531	6000000036704112571
Q29882590	6000000060403033821
Q29883209	6000000109112653888
Q298838	6000000015206214099
Q2988452	6000000021493434268
Q29885090	6000000011322447584
Q29885831	6000000037381039178
Q29886156	6000000082854209841
Q29886227	6000000002370565612
Q29886333	6000000181244323840
Q29886570	6000000008331026587
Q298877	4412865
Q29888274	6000000046973290086
Q298886	6000000021916702899
Q29888762	6000000030980442346
Q2988892	6000000003598522697
Q2988903	6000000008724025490
Q29889244	6000000106075570828
Q298905	6000000026037463866
Q29891312	6000000027702726889
Q298920	6000000019497557037
Q298926	6000000003884151190
Q29892910	6000000178383982853
Q298930	6000000014497329355
Q298933	6000000002688908363
Q2989529	6000000010506987053
Q29896527	6000000011755245367
Q29898089	6000000080267348821
Q29898296	6000000010212314000
Q298985	6000000018307350829
Q29898576	6000000000669311621
Q29898604	6000000061293372875
Q29898636	6000000079946348513
Q298991	6000000009958139885
Q29899371	4813133364980125244
Q298997	6000000002672264612
Q29900015	6000000019219336735
Q299001	6000000009957430041
Q2990321	6000000021929976126
Q29904443	6000000019854583807
Q29904814	6000000184610990897
Q29905014	6000000028047237932
Q29905794	6000000084854067958
Q29905857	6000000028046694664
Q2990677	6000000013899850407
Q2990693	4541679199460065313
Q29906948	6000000026353471948
Q29907208	6000000149441945958
Q29907900	6000000007305335792
Q29908661	6000000065680446850
Q29909169	6000000016460663625
Q2990978	6000000200403760871
Q299100	6000000010572909498
Q29910173	6000000016481876209
Q299114	6000000006791404742
Q299119	6000000006444526636
Q2991214	6000000056151099821
Q299122	6000000092787633436
Q29912845	6000000012098572212
Q29913452	6000000155884099840
Q29913468	6000000084076236855
Q29913482	6000000000970289293
Q29913507	6000000078638161259
Q29913524	6000000006728758039
Q29913533	6000000090535174884
Q29913552	6000000052061119977
Q29913557	6000000002903744402
Q29914093	6000000025440046457
Q29914104	6000000016529298897
Q2991423	6000000180986666821
Q29914260	6000000019858619839
Q29914488	6000000016241001464
Q29915436	6000000062670225903
Q299165	6000000018223663935
Q299168	6000000062709018002
Q29918270	6000000020234572234
Q29918272	6000000132857305876
Q29918274	6000000010308437469
Q29918285	6000000025998606288
Q299190	6000000026175676920
Q299194	6000000036819389824
Q29919643	6000000026921577261
Q299204	6000000010141942795
Q2992053	6000000003356542944
Q2992076	6000000003526162958
Q2992076	6000000215548201830
Q2992106	6000000053646999116
Q299211	6000000168936602835
Q299215	6000000011484759069
Q299217	6000000004855240580
Q29921823	6000000104552575232
Q299222	6000000037433993770
Q2992233	6000000154469950012
Q299225	6000000178214967857
Q2992314	6000000052354599821
Q2992345	6000000139190791876
Q2992386	6000000038024987275
Q2992503	6000000143316065960
Q2992509	6000000016343504956
Q2992575	6000000010712312318
Q299266	6000000009655196192
Q2992864	6000000000904019749
Q2992949	6000000020528502214
Q299297	4717444025940026218
Q299302	6000000009310504232
Q299309	6000000028025267424
Q299314	6000000000831046260
Q299324	6000000011769594687
Q29932557	6000000060179552309
Q29932576	6000000001083850059
Q299331	6000000010550169740
Q299334	6000000006843508209
Q299339	6000000007708475349
Q2993395	6000000042764637511
Q29933983	6000000176827296864
Q29935314	6000000007212399590
Q29935453	6000000096049423110
Q2993634	6000000029267676413
Q2993635	6000000011200015160
Q29936877	6000000177345999846
Q2993794	6000000024833128122
Q29938120	6000000015240101341
Q2994084	6000000018068320027
Q29941258	6000000025988216933
Q299419	6000000008451684205
Q2994313	6000000003858589110
Q2994313	6000000035814862089
Q2994313	6000000194252699821
Q29943442	6000000009560580898
Q2994421	6000000024948384194
Q299449	6000000036399717596
Q29946333	6000000071680329964
Q29946487	6000000128668971973
Q29947909	6000000075244352838
Q2994810	6000000066750933823
Q2994816	6000000027893020258
Q2994823	6000000022733706437
Q299483	6000000018879224848
Q2994878	6000000005767340766
Q29948834	6000000007212674247
Q299493	6000000178603274829
Q2994939	6000000118864976092
Q2994953	6000000008373754366
Q29949862	6000000031283464541
Q2994993	6000000060312686886
Q2994997	6000000005230537276
Q2995033	6000000075849675907
Q2995044	6000000077434813822
Q29950623	6000000013643790784
Q29950705	6000000039649132865
Q29951022	6000000019418865037
Q299513	6000000005209635194
Q2995172	6000000020369177287
Q29951802	6000000078370645612
Q2995186	4475092090700023704
Q29951864	6000000053320762266
Q29952145	6000000026539521633
Q299530	6000000000274447152
Q2995309	6000000002765877537
Q2995312	6000000003116661543
Q29953177	6000000174952458822
Q2995395	6000000107698832831
Q299545	6000000192604208843
Q29954511	6000000009460734429
Q299553	6000000006589247618
Q299565	6000000012891435035
Q29956757	6000000003617346454
Q29956757	6000000018782926065
Q29957106	6000000026029808671
Q29957271	6000000123194341834
Q299574	6000000006567134658
Q299578	6000000003493151484
Q29958411	6000000060717845828
Q299595	6000000013039967781
Q299608	6000000136544154857
Q2996111	6000000010392046281
Q29962399	6000000000943645615
Q29962987	6000000010307375849
Q29963070	6000000056334818836
Q299636	6000000181932325822
Q29963730	6000000095881926987
Q299650	6000000002732809380
Q299655	6000000010274249282
Q2996594	6000000008660777148
Q29966235	6000000034476259019
Q299663	6000000001063167523
Q29966505	6000000063709937411
Q29966684	6000000041047577863
Q29966685	6000000001504354553
Q29966696	6000000031640381773
Q299667	6000000026735532011
Q299669	6000000015206497804
Q299675	6000000004173966093
Q29967630	6000000216765394828
Q29968630	6000000207051560838
Q299687	6000000179339999928
Q299695	6000000035840293519
Q29970431	6000000001814077344
Q299710	6000000009796512974
Q299711	6000000019230221861
Q2997156	6000000213080611899
Q29972035	6000000074748792943
Q299723	6000000046049068031
Q2997321	6000000043551925839
Q2997323	6000000017576740333
Q2997326	6000000079295675870
Q2997349	6000000179162153906
Q2997372	6000000109330713889
Q2997379	6000000012949836636
Q29974367	6000000173591051284
Q2997458	6000000006428592116
Q2997475	6000000027671200640
Q299756	6000000032717447854
Q29976123	6000000014415770125
Q29976192	6000000020559903714
Q2997793	6000000198323375822
Q2997857	6000000151951226832
Q2997866	6000000137225018821
Q299790	6000000013475281686
Q299794	6000000003243497179
Q2998	6000000081845319220
Q29980297	6000000013355305729
Q29980380	6000000041067064356
Q299805	6000000011556674056
Q29981525	6000000141001963872
Q29982152	6000000021411291760
Q29982188	6000000136799094114
Q29982303	6000000004883034893
Q2998239	6000000149945233851
Q29982447	6000000005598776577
Q29982464	6000000017679281570
Q29982472	6000000198625777823
Q29982487	6000000007658557135
Q29982488	6000000024613019449
Q29982629	6000000027453498102
Q29982682	6000000136053855849
Q299827	6000000003263648274
Q299833	6000000042490921991
Q29983306	6000000051574749915
Q2998380	6000000157687441906
Q29984128	6000000089349158924
Q29984741	6000000021554396305
Q29984783	6000000021555206440
Q29986401	6000000041976384938
Q29986915	6000000034153753276
Q299881	6000000014418607689
Q299900	6000000005598992630
Q299918	6000000151449725848
Q2999229	6000000019450738115
Q2999265	6000000184248328823
Q299932	6000000001759470683
Q2999357	6000000124346846826
Q2999381	6000000155266182821
Q29994586	6000000117140237160
Q29995416	6000000019715558390
Q2999608	6000000034658711119
Q29996596	6000000174106156869
Q29996813	6000000013246672785
Q29997032	6000000010423359015
Q299983	6000000014295093819
Q299989	6000000012208610376
Q299993	6000000118386740959
Q30000354	6000000094476087930
Q3000129	6000000040407187457
Q30001416	6000000041929885368
Q30001488	6000000144060678416
Q30001765	6000000021268114027
Q30005196	6000000007818171075
Q30005253	6000000125170247821
Q30005282	6000000077470940148
Q30005289	6000000032857657021
Q30005737	6000000020489961231
Q30005739	6000000021331830138
Q30005922	6000000020489950170
Q30005984	6000000020489950163
Q30005991	6000000018011541314
Q30006148	6000000017896921563
Q30006160	6000000015957862370
Q30006462	6000000059219793089
Q3000674	6000000031388982150
Q30006818	6000000004593137001
Q30006944	6000000027030955297
Q30010447	6000000041262071351
Q30010658	6000000019374624323
Q30010842	6000000187943976006
Q30010913	6000000013282219099
Q30011763	6000000021329043059
Q30013296	6000000089451338886
Q30014195	6000000029643948909
Q30014745	6000000017883075308
Q30014764	6000000003209715192
Q30014798	6000000071126059843
Q30014975	6000000081796314069
Q30015574	6000000012665530968
Q30016364	6000000097189186678
Q30016680	6000000026091179483
Q30016777	6000000016203213977
Q30017109	6000000007014475335
Q30017324	6000000133164649834
Q30017492	6000000133165080821
Q30017821	6000000075499314951
Q30017912	6000000074783468906
Q30017983	6000000075421580888
Q30018032	6000000075398547986
Q30018064	6000000074734431868
Q30018065	6000000075485422047
Q30018153	4967716581560029442
Q30018471	6000000017301366325
Q30018482	6000000003308653676
Q30018485	6000000003308653622
Q30018490	6000000031516027197
Q30018491	6000000022392008528
Q30018500	6000000182346048856
Q30018517	6000000181791947829
Q30018542	6000000011358363293
Q30018550	6000000008232208486
Q30018574	6000000196853535821
Q30018578	6000000044508180972
Q30018587	6000000033962784945
Q30018591	6000000076926481467
Q30018610	6000000171532517821
Q30018617	6000000038016801937
Q30018618	6000000038016730100
Q30018619	6000000178955256858
Q30018643	6000000051394743861
Q30018644	6000000076926583959
Q30018645	6000000051394968823
Q30018646	6000000076926585014
Q30018647	6000000076926751928
Q30018654	6000000036660223378
Q30018655	6000000036016119220
Q30018678	6000000095676445962
Q30018679	6000000027953415744
Q30018680	6000000178961079843
Q30018681	6000000171675858585
Q30018683	6000000027954154013
Q30018684	6000000068865173271
Q30018685	6000000084527180087
Q30018692	6000000178961572825
Q30018699	6000000006242432605
Q30018713	6000000018924219042
Q30018715	6000000018924275052
Q30018726	6000000084527344958
Q30018727	6000000018923796272
Q30018735	6000000054104477838
Q30018746	6000000063114235606
Q30018752	6000000011890925717
Q30018823	6000000013716972046
Q30018841	6000000028083800503
Q30018842	6000000063114714128
Q30018843	6000000028084233906
Q30018845	6000000007636015586
Q30018846	6000000007636015592
Q30018847	6000000007636015597
Q30018854	6000000072711056017
Q30018855	6000000179308537825
Q30018856	6000000032427133655
Q30018857	6000000029542145924
Q30018858	6000000029535698213
Q30018868	6000000024570063516
Q30018869	6000000024570191090
Q30018875	6000000011147587263
Q30018877	6000000011147594410
Q30018902	6000000013905152117
Q30019061	6000000022669413714
Q30019065	6000000052496415930
Q30019066	6000000024600735860
Q30019067	6000000013216167506
Q30019068	6000000052495345478
Q30019099	6000000013000300626
Q30019101	6000000013000354751
Q30019101	6000000208481701821
Q30019103	6000000014479858280
Q30019105	6000000018314386119
Q30019106	6000000059793481826
Q30019115	6000000027668029268
Q30019116	6000000039114479708
Q30019117	6000000056747715990
Q30019118	6000000027668184186
Q30019120	6000000056753535822
Q30019124	6000000059791229109
Q30019128	6000000007586216253
Q30019129	6000000010485757411
Q30019141	6000000175527295823
Q30019144	6000000175526436861
Q30019157	6000000080658222865
Q30019158	6000000020883227917
Q30019160	6000000199312038924
Q30019163	6000000199313242831
Q30019165	6000000080658410832
Q30019239	6000000178964814823
Q30019259	6000000011359279294
Q30019288	6000000040652267182
Q30019289	6000000039228803394
Q30019290	6000000183168165828
Q30019292	6000000183168224830
Q30019321	6000000012194527677
Q30019322	6000000017372453160
Q30019325	6000000130107415849
Q3001933	6000000177045358822
Q30019360	6000000023700672347
Q30019361	6000000015217658825
Q30019363	6000000020883190881
Q30019367	6000000019237213833
Q30019369	292524623540001468
Q30019398	6000000020883087143
Q30019405	6000000068865865000
Q30019420	6000000011385386409
Q30019438	6000000023700725493
Q30019467	6000000020883105955
Q30019491	6000000008791305907
Q30019557	6000000007689225562
Q30019610	6000000006335714687
Q30019712	6000000011385021742
Q30019784	6000000022983491827
Q30019817	6000000044508401948
Q30019827	6000000020056714586
Q30019830	6000000142432779828
Q3002011	6000000174200511842
Q3002054	6000000033330835744
Q3002057	6000000009507601737
Q30021293	6000000179834520858
Q3002231	6000000031344301995
Q30022738	6000000057825670015
Q30023615	6000000133165534829
Q30026157	6000000083198784358
Q30026379	6000000002649423882
Q3002790	6000000036483278857
Q3002796	6000000006010505006
Q30029009	6000000013124267882
Q30029060	6000000019206267593
Q30029132	6000000015690614981
Q3002934	6000000004269642463
Q30030270	6000000018610973556
Q30035652	6000000001009207688
Q30039133	6000000000602712651
Q30039393	6000000174999119028
Q30039396	6000000004095326115
Q30044306	6000000006785580132
Q30045782	6000000069991982878
Q30045809	6000000017184570102
Q30046170	6000000010341728793
Q30046246	6000000009558320450
Q30047671	6000000012513321801
Q300479	6000000040687039999
Q30049086	6000000080108498980
Q30049709	6000000000824066973
Q30049827	6000000168990348151
Q30049839	6000000052310771868
Q30049855	6000000024791285896
Q30049870	6000000085806373991
Q30049878	6000000175908168239
Q30049895	6000000041689879541
Q30049992	6000000015629936078
Q30050028	6000000011972409832
Q30053247	320895731020007961
Q30056658	6000000039733482780
Q30056660	6000000057145223957
Q30056668	6000000035016005187
Q30056673	6000000006890910413
Q30056694	6000000041586025891
Q3005832	6000000008962295760
Q30060621	6000000089424368867
Q3006087	6000000090576737823
Q30064057	6000000022425159494
Q30064117	6000000015200414625
Q30064143	6000000005725504795
Q30064160	6000000174524459043
Q30064167	6000000011305656258
Q30064188	6000000035024460847
Q30064206	6000000019685665671
Q30064266	6000000082866487268
Q30064269	6000000007292345400
Q30064272	4942168459220028204
Q30066011	6000000041666510785
Q30066269	6000000020542594142
Q30066467	6000000006845912230
Q3006661	6000000024205952384
Q30066800	6000000174132653956
Q30070246	6000000121188921826
Q30070440	4682380
Q30071008	6000000028992044804
Q30071185	6000000014046736144
Q30073425	6000000182643181828
Q3007349	6000000000210036269
Q30074944	6000000009456454225
Q30076224	6000000178556383853
Q30076243	6000000035901600444
Q30076312	6000000081076128863
Q30076321	6000000157271003987
Q3007670	6000000002408076362
Q3007670	6000000067024356915
Q30077004	6000000178297627950
Q3007712	6000000179166602825
Q30077610	6000000030942011983
Q3007771	6000000106764676876
Q300779	6000000182350673023
Q3007797	6000000153014362857
Q300781	6000000009766359491
Q300783	6000000005060226436
Q30078486	6000000174812002622
Q3007908	6000000006588301996
Q300791	4160508580020088288
Q30079188	6000000010651184143
Q300792	6000000069335238900
Q300793	6000000019067047171
Q3007930	6000000002898163568
Q3007988	6000000026313922476
Q300800	6000000114792075876
Q3008022	6000000038771774903
Q30080274	6000000092591287165
Q3008316	6000000001744995580
Q30084812	6000000084591827933
Q30084938	5111725384380020447
Q3008555	6000000014139307741
Q30085555	6000000019574879490
Q30085974	6000000098161138018
Q30086010	6000000098160296209
Q30086270	6000000020654644293
Q30086653	6000000074747311198
Q30086657	6000000074789534912
Q30086659	6000000074725395384
Q30086686	6000000074787799988
Q30086689	6000000074691955821
Q30086705	6000000075403840592
Q30086706	6000000075487007110
Q30086709	6000000074771618834
Q30086712	6000000074771643827
Q30086718	6000000075422405916
Q30086719	6000000075422115958
Q30086725	6000000074770854881
Q30086730	6000000074730508884
Q30086740	6000000075481121959
Q30086742	6000000075481677078
Q30086746	6000000075060241857
Q300874	6000000006789314546
Q30089782	6000000041955700488
Q3009018	6000000007711984280
Q3009019	6000000011057960702
Q3009118	6000000178820875829
Q30092075	6000000178603755822
Q30092726	6000000015592461186
Q30092759	6000000015804335714
Q30092878	6000000109039164007
Q30093041	6000000097896910824
Q30093355	6000000018416250649
Q3009486	5217246565540079385
Q3009497	6000000015901767469
Q3009522	6000000010269759286
Q30096201	6000000090679743933
Q30097205	6000000092348935856
Q3009738	6000000005019506442
Q30098315	6000000015380078569
Q30099225	6000000030226822193
Q30099853	6000000137585958822
Q301	6000000011508583415
Q30100367	6000000103275101352
Q30100370	6000000016021048671
Q30100424	6000000154653482842
Q3010053	6000000015913475057
Q30100635	6000000015129088175
Q3010083	6000000023354482941
Q3010170	6000000104959149828
Q30103516	6000000112370721062
Q30103601	6000000001634673322
Q30103879	6000000035097788246
Q30104016	6000000035098121958
Q30104064	6000000035097700301
Q30104104	6000000025808084701
Q30104163	6000000001159987022
Q30104473	6000000035126946482
Q3010448	6000000022573513900
Q30104572	6000000031041573052
Q30104590	6000000031041544187
Q3010467	6000000021493549158
Q3010468	6000000031577311864
Q3010479	6000000016536181552
Q3010492	6000000052579273066
Q30104955	6000000011726159591
Q30105770	6000000009859571470
Q3010582	6000000027739992047
Q30106194	6000000205576486877
Q30106211	6000000046188305290
Q30106454	6000000034986258598
Q30106500	4255648
Q30106519	6000000062457200141
Q30106531	6000000009707396221
Q30106532	4922071182860075566
Q30106533	6000000001504422535
Q30106606	6000000083030666930
Q30106712	6000000010913015344
Q3010897	6000000083064529838
Q30109394	6000000145758151021
Q30110196	6000000029242974006
Q3011076	6000000015467125098
Q30112473	6000000133910850869
Q30113511	6000000034427007597
Q301136	6000000104515849964
Q30114487	6000000079733244883
Q30115034	6000000036382810907
Q30115564	6000000028374394537
Q30115622	6000000008007489668
Q30116089	6000000003012802662
Q301171	6000000024266212961
Q30118375	6000000204032374838
Q30118540	6000000040978487697
Q30118919	6000000055867761027
Q30119237	6000000015171655230
Q30119453	4750833648870071753
Q3012141	6000000011277388563
Q3012172	6000000016175806286
Q30121996	6000000121488088825
Q30122104	6000000126602806004
Q3012319	6000000183618655823
Q3012322	6000000037579968361
Q3012329	6000000001353910945
Q30123577	6000000015664667975
Q30123678	6000000002497441975
Q3012388	6000000119121561993
Q30124123	6000000056508166004
Q3012438	6000000126196076882
Q30124601	6000000161386446100
Q3012489	363802541050007410
Q3012493	6000000002067535181
Q3012496	6000000108350314985
Q3012501	6000000000234714017
Q3012514	6000000024198017335
Q30125155	6000000002116032418
Q30125169	6000000006078470463
Q301252	6000000025438982824
Q30125426	6000000015988098004
Q30125563	6000000015985055119
Q30126537	6000000180628876821
Q30126878	6000000142192402862
Q30127244	6000000068787992108
Q30127657	6000000172480108839
Q30127879	6000000013532376788
Q30128162	6000000015665013090
Q30128606	6000000087415328956
Q301293	6000000013256246071
Q30130573	6000000051121177180
Q30130724	6000000036704428186
Q30130911	6000000005593375789
Q3013180	6000000008160147498
Q3013185	6000000013652462277
Q3013195	317199642180003490
Q30132035	6000000003999873164
Q30132123	6000000095631336860
Q30133097	6000000000842541114
Q3013416	6000000066833675854
Q3013448	6000000049830143317
Q30135169	6000000080947121968
Q30135486	6000000080803138115
Q30135924	6000000039133642894
Q301365	312584032450003876
Q3013679	6000000026338532685
Q3013687	6000000017505634893
Q3013783	6000000122021163972
Q3013828	6000000183823798848
Q3013906	6000000009153905422
Q30139092	6000000077984269967
Q301391	6000000089386998964
Q30140316	6000000020732786541
Q30140325	6000000008593548561
Q3014045	6000000058338676953
Q3014085	6000000143550998850
Q3014111	6000000001340238863
Q3014114	6000000017026619598
Q30141301	6000000056765250926
Q30141560	6000000042809375403
Q3014163	6000000012804821914
Q30141804	6000000004256639771
Q3014237	4932766634680036701
Q3014239	4932764764820076398
Q301435	6000000015770701672
Q30144874	6000000039983123332
Q3014488	6000000017488193208
Q30145151	6000000084694370482
Q3014545	6000000005912170632
Q30145450	6000000008177111457
Q3014572	6000000001655622313
Q30145998	6000000022770550404
Q30146096	6000000155109689834
Q3014697	6000000054240554850
Q3014749	6000000070588963074
Q30147739	6000000155218647821
Q301480	6000000179446303833
Q3014816	6000000016160348081
Q30148517	6000000060216556041
Q3014872	6000000138685331911
Q30149474	6000000023910443433
Q30150119	6000000135647415054
Q30150651	6000000063525858092
Q3015236	6000000039888055400
Q3015250	6000000023798808996
Q301526	6000000007042496736
Q30152787	6000000007650026687
Q30153087	6000000026120095062
Q3015309	6000000140428976822
Q30153140	6000000105204240845
Q30153637	6000000016381325212
Q301539	6000000107618477869
Q30154368	371395214760002604
Q3015499	6000000035239314374
Q301553	6000000079489810318
Q30156247	6000000120702689845
Q30156248	6000000003761693237
Q30156678	6000000128614040970
Q3015752	6000000091143678857
Q30158228	6000000075606653835
Q301586	6000000038369073520
Q30158735	6000000008379979525
Q30158800	6000000004974628024
Q301597	6000000033355478449
Q3016099	6000000017520216192
Q30161163	6000000017807210954
Q3016133	6000000166925452850
Q301646	6000000013310489161
Q3016497	6000000064526368838
Q301650	6000000074710844124
Q3016516	6000000017259220644
Q30166307	6000000190929952837
Q3016665	6000000028814156501
Q301677	6000000112424119905
Q30169218	6000000103276450999
Q301703	6000000075497795038
Q301711	6000000016181355676
Q3017138	6000000077557647854
Q301715	6000000036140477369
Q301720	6000000000982801886
Q3017220	6000000065638457898
Q3017223	6000000040106273175
Q3017249	6000000143106424886
Q3017285	6000000028337097850
Q3017321	6000000028282025226
Q3017335	6000000015434699047
Q301736	621289
Q3017360	6000000020720863272
Q30173958	6000000179118510910
Q30174194	6000000085114389483
Q30174283	6000000092452291835
Q30174334	6000000149226928947
Q30174395	6000000076919797979
Q30174526	6000000104948071237
Q3017478	6000000027900028876
Q3017482	6000000054119920053
Q3017523	6000000010906440858
Q3017542	6000000032365411281
Q3017563	6000000025329548122
Q3017629	6000000036463632708
Q3017702	6000000026794949238
Q301773	6000000001362917056
Q3017741	365222707260013020
Q30177794	6000000060212482946
Q3017864	6000000063984743821
Q3017893	313860829480005865
Q3017907	6000000029029923124
Q301791	6000000031387661636
Q3017939	6000000002156430080
Q3017942	6000000091177890866
Q301797	6000000023033098276
Q3018054	6000000078909953822
Q3018058	6000000001877493729
Q3018093	6000000040788730246
Q3018099	6000000018966192773
Q3018099	6000000169639880995
Q301816	6000000031695010532
Q3018169	347311794270004811
Q301818	6000000015701241908
Q3018182	6000000008471235138
Q3018193	6000000020629968354
Q3018197	6000000035844815281
Q301824	6000000020293975767
Q3018247	4863788828260068222
Q3018248	6000000036041444957
Q3018295	6000000034538353873
Q3018300	6000000063636130842
Q301831	6000000027896586597
Q3018330	4417561827540026230
Q301838	6000000017984401212
Q3018400	6000000013019187790
Q3018437	6000000013217701117
Q3018474	6000000059324231048
Q3018513	6000000011819465493
Q301853	6000000019507993049
Q3018570	6000000001500348772
Q3018607	6000000017505755508
Q3018630	6000000002106429009
Q30186306	6000000008736074142
Q3018636	6000000034119374995
Q3018643	6000000014737863570
Q3018729	6000000049469893358
Q3018737	6000000046571473033
Q3018803	6000000013004608290
Q3018825	6000000027590947633
Q3018922	6000000189833908846
Q3018948	6000000075695183997
Q30189596	6000000014056104379
Q3019046	6000000007980466870
Q3019112	6000000038779647849
Q30192610	6000000002685783441
Q3019559	6000000016632425425
Q301983	6000000029423004929
Q30198593	6000000009572103192
Q30199645	6000000009076923195
Q302	5416428010080105286
Q30200423	6000000005663976873
Q30200607	6000000009296579373
Q3020065	6000000015642888800
Q3020135	6000000001499234917
Q3020154	6000000005431361234
Q30201990	6000000096054413926
Q3020360	6000000064755109128
Q3020383	6000000003260917596
Q30205787	6000000000020147312
Q30205823	6000000038733202247
Q30206052	6000000003621682289
Q30206237	6000000015351673490
Q3020636	6000000084410185916
Q3020660	6000000030966635821
Q3020678	6000000079631803105
Q302073	6000000172717254904
Q302075	6000000026132465373
Q3020852	6000000002476874260
Q3020857	6000000007997389548
Q3020859	6000000002984575494
Q3020872	6000000017700627634
Q3020880	6000000013517424286
Q3020894	6000000001633148443
Q302091	6000000119408614831
Q302106	6000000039677558434
Q302111	6000000015060479791
Q302135	6000000005059021274
Q3021409	6000000079861792043
Q3021555	6000000000067887775
Q3021616	6000000010007416910
Q30216279	6000000066955649940
Q30216290	6000000000182708511
Q30216719	6000000021904323594
Q30216966	6000000019121927094
Q30217009	6000000048761223128
Q30217039	6000000038556500974
Q30217041	6000000010581603612
Q302176	6000000024510897066
Q302196	6000000003858979413
Q302203	6000000009945302071
Q3022256	6000000031338436909
Q30222815	6000000053361351066
Q30223847	6000000000044912044
Q30223892	6000000000325088723
Q30223915	6000000002908131908
Q30223945	6000000012684641142
Q30224297	6000000017268339952
Q30224377	6000000206339341823
Q3022454	6000000132405720039
Q3022491	6000000004661680754
Q30225512	6000000019345281152
Q30225596	6000000019344617206
Q30225617	6000000019344686252
Q30226341	6000000024669190280
Q30227529	6000000027792412709
Q30227566	6000000079309830112
Q30227963	6000000006366809078
Q30227990	6000000013403333338
Q30228046	5278199919360025491
Q30228557	6000000016701342467
Q30228643	6000000003135817526
Q302296	6000000121881746875
Q30229667	6000000006590052670
Q30229678	6000000003219148251
Q302297	6000000142168017866
Q30229742	6000000021511763336
Q30229831	378333923730002279
Q30229874	6000000026813458861
Q30229892	6000000024868086575
Q30229960	6000000082479238011
Q30229983	6000000044297212323
Q3023012	6000000181891019866
Q30230433	6000000003000910298
Q30230493	6000000019750892136
Q30230579	6000000041068753067
Q30230583	6000000163753493839
Q30230617	6000000041068756952
Q30230624	6000000092450175873
Q30230639	6000000058726532939
Q3023069	6000000099602452821
Q3023076	6000000050310127996
Q30231015	6000000014877634603
Q30231197	6000000034000812602
Q30231313	6000000106876398970
Q30231548	6000000035002516969
Q30231565	6000000075239864906
Q3023171	6000000046460852023
Q30232028	6000000018457047410
Q302321	6000000103324210054
Q3023223	6000000033625514963
Q30233281	6000000154700882823
Q302335	6000000143819678886
Q30234225	6000000136301658854
Q3023437	6000000006444357036
Q3023540	6000000002666054499
Q30238398	6000000035358879178
Q30238763	6000000031411794200
Q30240806	6000000014233877628
Q30240863	6000000002764398158
Q30242411	6000000016915917920
Q3024302	6000000022984849038
Q302433	6000000017210537976
Q302436	6000000010858203205
Q302438	6000000019358014036
Q30245829	6000000183367148875
Q30246143	6000000019432751055
Q30246307	6000000004138329945
Q30246878	6000000180760613968
Q30246892	6000000032274726920
Q30248202	6000000109429561828
Q30248385	3692716
Q30249040	6000000172078949055
Q302491	6000000083268430689
Q30250395	348316589740012670
Q3025045	6000000018666925114
Q30250473	348316946450013461
Q302510	6000000033124782309
Q30251192	6000000016104384471
Q30251247	6000000024791895582
Q30251325	6000000003221878267
Q30252729	6000000015190216188
Q30252904	6000000026405069556
Q30253030	6000000017685244844
Q30253195	348317391480013468
Q30253196	6000000060541589821
Q30254824	6000000178482180865
Q3025572	6000000035186931864
Q302561	6000000013343818315
Q3025621	6000000049470828051
Q3025632	6000000052070924254
Q3025798	6000000017629354864
Q302581	6000000011335677500
Q302590	6000000172769757629
Q3025901	6000000040855406893
Q302605	6000000089580681903
Q3026161	6000000030224407529
Q302621	6000000128655077963
Q3026211	6000000028188666185
Q3026248	6000000015269045761
Q302629	6000000165980198890
Q3026374	6000000116397812830
Q302639	6000000016197304820
Q302650	6000000041238078867
Q3026558	6000000048817150900
Q3026579	6000000015134977834
Q3026592	6000000016048365646
Q3026618	6000000175775928832
Q3026633	6000000010523539458
Q302668	6000000016352387123
Q302675	6000000006742134191
Q3026877	6000000007329628039
Q3026893	6000000112135001821
Q302692	6000000008473173516
Q302693	4552134664280074769
Q302709	6000000010359953682
Q3027251	6000000018202444413
Q302728	6000000026179578838
Q3027388	6000000018597918725
Q3027402	6000000150150277117
Q3027407	6000000177694951822
Q3027422	6000000005933135648
Q3027430	6000000015425834301
Q30274600	6000000027272552424
Q30274607	6000000177794716830
Q302747	6000000043869494226
Q30274968	6000000182267859822
Q3027523	6000000015432118165
Q302754	6000000157501413825
Q3027563	6000000014765788174
Q302762	6000000026617807706
Q30276317	6000000073807339962
Q3027721	6000000021478434627
Q3027733	6000000082359566059
Q30277523	6000000008316855625
Q3027761	6000000049075227947
Q30277757	6000000018732077055
Q3027815	6000000015445586711
Q30278217	6000000002238211365
Q30278236	6000000020358916634
Q30278245	6000000001396799463
Q30278257	6000000001117744388
Q30278268	6000000001117744400
Q30278290	6000000179710265840
Q30278302	6000000001117738279
Q30278323	6000000000976341785
Q30278328	6000000000976320410
Q30278334	344533053990012715
Q30278335	337995802460010869
Q30278340	6000000009140153123
Q30278344	6000000005220675063
Q30278345	6000000009144106175
Q30278349	6000000063698120198
Q3027839	6000000008494617357
Q302786	6000000028028215533
Q30279159	6000000045168247561
Q30279176	6000000025837481446
Q3028012	6000000084707179961
Q3028136	6000000012639608452
Q30281470	6000000003267910934
Q3028149	6000000011872165028
Q302817	6000000052117100826
Q3028232	6000000009111771979
Q3028241	6000000047577476651
Q3028244	6000000002502796743
Q3028251	6000000085190801247
Q3028357	6000000024421255368
Q30283819	6000000107621999822
Q3028390	6000000021638328163
Q3028399	6000000015736968619
Q3028446	6000000070726620086
Q302849	6000000026323984139
Q3028529	6000000040107100535
Q3028610	6000000007014390155
Q3028686	6000000024093835984
Q302874	6000000018763056459
Q3028743	6000000031884942029
Q302880	6000000001357006725
Q302930	6000000176804344824
Q3029344	6000000056943787535
Q3029419	6000000066542346337
Q3029698	6000000009056280187
Q3029769	6000000001146195529
Q303	6000000003104470825
Q30301444	6000000021493586623
Q30301885	6000000024513655003
Q30302248	6000000010131946539
Q30302383	6000000010132645763
Q30302687	6000000058966340875
Q30302699	6000000058965639012
Q30302853	6000000074734522947
Q30302910	6000000016383968333
Q30302950	6000000001193330078
Q3030305	6000000081394377082
Q30303328	6000000002028655820
Q30303424	6000000007260292163
Q30303440	6000000006711439530
Q30303444	6000000055495118851
Q30303449	6000000003763619534
Q30303531	6000000020960105152
Q3030361	6000000016181255992
Q30303646	6000000008432583998
Q30303656	6000000008433507386
Q30303730	6000000026352691967
Q30303746	6000000008432648129
Q30303770	6000000026177731344
Q30304488	6000000028928717332
Q30304490	6000000030951372321
Q30304496	6000000018069792216
Q303051	6000000019223349264
Q3030584	6000000174788764207
Q30307804	6000000025001931320
Q30308310	6000000013740717758
Q303086	6000000040547858413
Q3030888	6000000019002065164
Q3030909	6000000004088417643
Q30309389	6000000004147210036
Q30310343	6000000049089194919
Q30310707	6000000027021975451
Q30311418	6000000184402612839
Q30311588	6000000024450352024
Q30312717	6000000057010018876
Q30312744	6000000001396499797
Q30312749	6000000001443656406
Q30312754	6000000010361693786
Q30312756	6000000039186768697
Q30312758	6000000070261674159
Q30312815	6000000010280188912
Q30312819	6000000010361540832
Q3031331	6000000007345585226
Q3031423	6000000010022521359
Q30315017	6000000002786634806
Q30315444	6000000000792298353
Q30316599	6000000114574966856
Q30316629	6000000002765050744
Q3031679	6000000116233016826
Q30318486	6000000020373421837
Q3031861	6000000028021882133
Q30319015	6000000069711259866
Q30319025	6000000026902846102
Q303197	6000000177056156835
Q30320403	6000000034236702870
Q3032067	6000000006444755052
Q303207	6000000000608145234
Q30321490	6000000067875366838
Q3032159	6000000078200140191
Q30321654	6000000077733742255
Q30321738	6000000036805092229
Q30322388	6000000006946629034
Q30322391	6000000027894281522
Q30322434	6000000026816723078
Q30322454	6000000008789548952
Q30322514	6000000009269241529
Q30322551	6000000010897851134
Q30322578	6000000025358607234
Q30323497	6000000075426007098
Q3032368	6000000013684563844
Q30323696	6000000185334251828
Q30323721	6000000085944914966
Q30323803	6000000033688396880
Q30323808	6000000003941239361
Q30323836	6000000010687235329
Q30323936	6000000172905333223
Q30324822	6000000011853401808
Q30324884	6000000197561535856
Q30325136	6000000038075702098
Q30325166	6000000003510627236
Q30325206	6000000010200866861
Q30325446	6000000010610105925
Q30325667	6000000018229374894
Q30325673	6000000001169088873
Q30325682	6000000019561642054
Q30325688	6000000031779677268
Q30325765	6000000018193941534
Q30325767	6000000076688260403
Q30325778	6000000017346529275
Q30325786	4016792789550036195
Q30325790	6000000005564374467
Q30325796	6000000034228433161
Q30325798	6000000010017532627
Q30325834	6000000000818602683
Q30325837	6000000052843224821
Q30325843	5237305002780064786
Q30325844	6000000009437578960
Q30326824	6000000038819977516
Q3032684	6000000013641018809
Q30328342	6000000177854629853
Q30328724	6000000022942147967
Q30328724	6000000041191538071
Q30328796	6000000148754947919
Q30329440	6000000010592434274
Q30329451	6000000010592953082
Q30330222	6000000010695226492
Q3033048	5461121178010080971
Q30331223	379901253850013795
Q30331237	6000000009361075248
Q30331277	6000000006721928863
Q30331280	6000000076558454111
Q30331293	6000000006127453430
Q30331309	6000000007843799240
Q30331336	6000000013450625626
Q30331352	6000000060180413922
Q30331419	6000000011207539858
Q30331476	6000000014531686624
Q3033149	6000000013620251647
Q3033154	6000000006767578877
Q30331827	6000000011907275650
Q30331829	6000000014594923943
Q30332122	6000000152225775856
Q30332134	6000000157672527849
Q3033258	5573967589810114480
Q30333014	6000000079563503051
Q30333083	6000000166292199822
Q303350	6000000204158098831
Q30335062	6000000026870562836
Q3033639	6000000055341522961
Q30337124	6000000048539380082
Q30339296	6000000155824685903
Q30339422	6000000185762177843
Q3034	6000000006596946302
Q303401	6000000113609477851
Q3034030	6000000000940687112
Q30340360	6000000005059352963
Q30340563	6000000038007688894
Q3034202	6000000017663348893
Q3034228	6000000001092055602
Q30344985	6000000182620884866
Q30345055	6000000180294079854
Q30345159	6000000109752395109
Q30345168	6000000017783736863
Q30345172	6000000034387689902
Q30345577	6000000197075335900
Q30345662	6000000008683878679
Q30345665	6000000013015557791
Q30345700	6000000042421789712
Q30345854	6000000040092449703
Q30345854	6000000085313227894
Q30346010	6000000070412723853
Q30346051	6000000110418734951
Q30346082	6000000010742181571
Q30346123	6000000004829447281
Q30346148	6000000197647518844
Q30346447	6000000208405652854
Q30346510	6000000015486799793
Q30346524	6000000101686176835
Q30346528	6000000000609971060
Q30346579	6000000003063302396
Q30346637	6000000085296694881
Q30346674	6000000015132480358
Q303467	6000000052303082836
Q30347208	6000000123659474822
Q3034721	6000000143174320916
Q3034724	6000000080382099846
Q3034741	6000000140731450904
Q3034757	6000000137623618860
Q3034758	6000000082826749923
Q3034817	6000000028952930461
Q3034822	6000000013290116332
Q3034822	6000000019200668739
Q30348665	6000000007473099141
Q3034894	6000000031590902767
Q3034914	5226747810780028937
Q30349633	6000000008897996174
Q3034996	6000000093378969234
Q3035022	6000000016737406505
Q3035116	6000000216700455827
Q3035284	6000000023466468944
Q3035358	6000000052612828354
Q3035416	6000000003251248369
Q3035419	6000000028257551400
Q3035748	6000000041302873666
Q3035755	6000000041173303914
Q3035833	6000000001994817344
Q3035836	6000000079630644475
Q3035871	6000000066959352918
Q3035890	6000000017695036683
Q3035931	6000000007742557822
Q3035972	6000000016574102252
Q3036	6000000031895818596
Q3036004	334118661570004524
Q3036007	6000000103419963002
Q3036086	6000000046342305075
Q3036185	6000000010008841990
Q3036239	6000000009743925181
Q3036410	6000000039848877111
Q303644	6000000042067946909
Q3036761	6000000022348537204
Q303687	6000000003353252168
Q303693	6000000039086443821
Q3036961	6000000008328205102
Q3036972	6000000032724865660
Q3036987	6000000061736558075
Q3037068	6000000038765083823
Q303708	6000000011550696191
Q303711	6000000002890464151
Q3037149	6000000025169534826
Q303715	6000000121880932983
Q3037157	6000000012102638757
Q3037160	6000000076905363518
Q3037168	4620167648840080272
Q3037177	6000000000726580988
Q3037179	6000000000082961057
Q3037194	6000000013124333442
Q3037220	6000000002188374168
Q3037232	6000000015863464404
Q3037239	6000000002306018073
Q3037373	6000000017308708174
Q303751	6000000120619098946
Q30376573	6000000081605244032
Q30379410	6000000091122950865
Q303795	6000000030134163975
Q3038014	6000000077996834321
Q3038015	6000000003884300289
Q3038059	6000000004692598626
Q3038061	307381315550007128
Q303825	6000000007719922608
Q3038277	6000000113712480853
Q3038321	6000000010555979070
Q303843	6000000004174937484
Q3038720	6000000023187205239
Q3038765	6000000001727216651
Q303891	6000000021306447959
Q303917	6000000027128870666
Q3039327	6000000021556030199
Q3039412	6000000038027825218
Q303942	6000000006101344930
Q303957	6000000008052844793
Q3039826	6000000040496083909
Q3040284	6000000007640509703
Q304031	6000000015063714890
Q30403212	6000000011369464879
Q3040464	6000000015901685437
Q3040483	6000000015673269781
Q3040498	6000000012422196606
Q3040561	6000000177034638828
Q3040664	6000000021796649383
Q3040801	6000000032602777182
Q3040890	6000000007839382250
Q3040900	6000000006444169428
Q3040905	6000000008630269924
Q3040912	6000000015545758687
Q3041003	6000000181507304825
Q3041129	6000000021062642929
Q3041208	6000000013505242853
Q3041237	6000000011859303389
Q3041259	6000000033641078778
Q304151	6000000003931940419
Q3041539	6000000046241542956
Q3041617	6000000089792821888
Q3041802	6000000011322641763
Q3041860	6000000045274094844
Q3041887	6000000096500617833
Q3041892	6000000036491856128
Q3041941	6000000002907032255
Q304201	6000000026273476066
Q3042196	6000000020009050708
Q3042226	315796314520006464
Q304262	6000000042845630837
Q304271	6000000012238249219
Q3042828	6000000010489069949
Q3042860	6000000013631620329
Q3042901	6000000017627326122
Q3042971	6000000181102722827
Q3043327	6000000026299781239
Q304344	6000000163476512835
Q3043514	6000000001169157282
Q3043678	6000000077315884888
Q304373	6000000105218735097
Q304383	6000000141112056889
Q3043962	6000000007543928362
Q304404	6000000017840017952
Q3044469	6000000019923975438
Q3044507	6000000036628229941
Q3044522	6000000017306460175
Q30449	6000000013699789291
Q3045044	6000000099426271137
Q3045098	6000000030796484947
Q3045120	6000000016519418910
Q304517	341936939460004199
Q3045172	320699852630004676
Q3045176	6000000021675524074
Q3045198	6000000037642549769
Q3045248	6000000046724180750
Q3045368	6000000074366674821
Q304550	6000000026200404649
Q3045603	6000000007217061731
Q3045640	6000000078723438084
Q304588	6000000010472636989
Q3045911	6000000008725341232
Q3045986	6000000027402230276
Q30461109	6000000027521590979
Q3046401	6000000000907445754
Q3046478	6000000002574004301
Q30464949	6000000019701448027
Q3046704	6000000007264146595
Q3046899	6000000077249166890
Q3047104	6000000001753009099
Q3047111	6000000017548403388
Q3047165	6000000039681780437
Q3047272	6000000012374549541
Q3047356	6000000062718775050
Q3047421	6000000027133128459
Q3047424	6000000038791562884
Q3047441	6000000079733626202
Q3047451	6000000183515043864
Q3047454	6000000043227796533
Q30474596	6000000006257566297
Q3047480	6000000026827471260
Q3047492	6000000027933732456
Q3047497	6000000014160517201
Q3047523	6000000050972788046
Q3047529	4546507263240073875
Q3047617	6000000011396963589
Q3047620	6000000029758942146
Q3047635	6000000007352793621
Q3047645	6000000002598268870
Q3047678	6000000033703177526
Q3047735	6000000027781305857
Q3047749	6000000000011769369
Q3047807	6000000015107176272
Q3047829	6000000006359024195
Q3047839	6000000009638239158
Q3047845	6000000108533115026
Q3047857	6000000063286442932
Q3047867	3885972
Q3047887	6000000050966643047
Q3047892	6000000116231710838
Q3047897	6000000057637006904
Q3047902	6000000049811427879
Q3047913	5406576968200038637
Q3048025	6000000073421554004
Q3048026	6000000006727947933
Q3048029	6000000085924628895
Q3048072	6000000177234889012
Q3048083	6000000081467904888
Q3048088	6000000003882777900
Q3048098	6000000001877484818
Q3048101	6000000098973971823
Q3048124	6000000004149027546
Q3048125	6000000006788772588
Q3048126	6000000015594522162
Q3048129	6000000012545262697
Q3048133	6000000183943502838
Q3048146	6000000023232002926
Q3048174	6000000014224696739
Q3048209	6000000178258814877
Q3048213	6000000111805881867
Q3048218	6000000088996411829
Q3048224	6000000001727658056
Q3048232	6000000007537931883
Q3048236	6000000126025506113
Q3048238	6000000003550226569
Q304825	6000000143123725878
Q3048257	6000000024537634516
Q3048261	6000000023388488834
Q304828	6000000027912871507
Q3048284	6000000012161913348
Q3048296	290790554250007605
Q3048313	6000000004261357001
Q3048317	6000000075502611915
Q3048324	6000000091231735126
Q3048350	6000000018639770897
Q3048397	6000000036789299474
Q3048418	6000000013862408514
Q3048419	6000000020637577216
Q3048420	6000000024918663326
Q3048430	6000000026015065813
Q3048439	6000000010431204598
Q3048440	6000000017848620519
Q3048455	6000000001363135625
Q3048460	6000000007763909721
Q3048465	6000000027899292489
Q3048477	4553158758170023771
Q3048479	6000000101645138842
Q3048487	6000000016632947836
Q3048490	6000000015061705292
Q3048501	6000000108015059857
Q3048502	6000000025645019002
Q3048508	6000000015789240891
Q304851	6000000047584912079
Q3048511	6000000009561627618
Q3048515	6000000079142177998
Q3048518	6000000018572032656
Q3048537	6000000023192182206
Q3048545	6000000002784634267
Q3048547	6000000003890748180
Q3048557	299289493380006368
Q3048565	6000000048666347823
Q3048598	6000000030207810199
Q3048614	304726997630005606
Q3048622	6000000005965658969
Q3048626	6000000179514416841
Q3048636	5723645556050083234
Q3048651	6000000027666582804
Q3048654	6000000011716893211
Q3048654	6000000051379639859
Q3048661	6000000004210730129
Q3048678	6000000016036289801
Q30487	6000000041539587098
Q3048704	6000000177342322822
Q3048710	6000000002188542621
Q3048713	6000000071180774828
Q3048719	6000000002831265535
Q3048722	6000000015432853847
Q3048760	6000000015593281274
Q3048778	6000000182624157836
Q3048809	304986190080006440
Q3048819	6000000178785672834
Q3048841	6000000033906868335
Q304885	6000000035312155282
Q3048874	6000000010553516400
Q3048978	6000000193396280854
Q304900	5526769401370040069
Q304927	6000000002188436976
Q304937	6000000174258948233
Q3049386	6000000050218811054
Q3049418	6000000032167364834
Q3049420	6000000003043191396
Q3049449	6000000043571362960
Q3049463	6000000021807788109
Q3049525	6000000019274398871
Q3049579	6000000207610052861
Q3049593	6000000163610544822
Q3049889	6000000019008479845
Q30499279	6000000024047463094
Q30501733	6000000055246046832
Q3050228	6000000026421400603
Q30502290	6000000075427570179
Q305034	6000000005029353977
Q3050381	6000000042163936099
Q3050392	6000000026908453348
Q30505051	6000000037228473216
Q30505062	6000000002184073147
Q30505084	6000000151928711922
Q305051	6000000013743188076
Q3050527	6000000008341554870
Q305054	6000000181967754851
Q30507087	6000000020072807320
Q3050730	6000000140994910823
Q3050744	6000000002604187376
Q3050748	6000000136300255874
Q3050853	6000000043263263761
Q3050892	6000000012936266901
Q3050893	6000000007896822744
Q3051017	6000000051308904834
Q3051027	6000000140692815857
Q3051039	6000000012851300615
Q3051046	6000000057220997835
Q3051057	6000000031556127686
Q3051074	6000000002188468515
Q3051106	6000000002802286367
Q3051113	6000000151019099830
Q3051136	6000000017618374564
Q305117	6000000174519112472
Q3051174	6000000002933445171
Q3051177	6000000003275515569
Q3051180	6000000001366910922
Q3051192	6000000000278686736
Q3051193	6000000000411478729
Q3051212	6000000009623437373
Q3051233	6000000025169521821
Q3051255	327188156900004538
Q3051256	6000000010818401911
Q3051259	6000000019632362630
Q3051272	6000000161436945869
Q3051286	6000000017700367952
Q3051394	6000000015985623078
Q3051403	6000000003146948877
Q3051414	6000000001659164546
Q3051423	6000000009948983408
Q3051431	6000000029074529849
Q3051431	6000000188725040823
Q3051555	6000000060010945979
Q3051557	6000000130446938850
Q3051561	6000000013648248686
Q3051641	6000000001424439310
Q3051704	6000000029948511146
Q3051742	6000000003048019484
Q3051745	371907949980011374
Q3051749	6000000000379655259
Q3051759	4238439
Q3051761	343213427430011060
Q3051762	6000000086063056649
Q3051872	307444945850007143
Q3051902	6000000026217100406
Q3051905	6000000029471286324
Q3051970	6000000084872682235
Q3051980	6000000030207649842
Q3051985	6000000140890307830
Q305202	6000000001152187302
Q3052118	6000000001404722776
Q3052232	6000000082151009902
Q3052249	6000000002531608499
Q3052260	6000000028707421036
Q3052277	6000000078163246028
Q3052318	6000000173732661876
Q3052334	6000000157278296939
Q3052340	6000000023910112887
Q3052418	6000000025752255508
Q3052442	6000000019170737788
Q3052475	6000000010819719755
Q3052499	6000000008518319511
Q3052504	6000000027249185174
Q3052512	6000000021389662326
Q3052519	6000000015812282819
Q3052522	6000000015829918492
Q3052540	6000000013272928762
Q30525593	6000000001384209398
Q30525657	6000000088830096572
Q3052586	6000000106172091108
Q305262	6000000012975561356
Q3052621	6000000026091605747
Q30526574	6000000009325511178
Q30526606	6000000010541398313
Q3052667	6000000164728996846
Q30526682	6000000000887120947
Q30526703	6000000013926515216
Q30526749	6000000009377226604
Q30526955	6000000008660072266
Q30527091	6000000016735050916
Q30527243	6000000006339030800
Q30527279	6000000057184684918
Q30527293	6000000041503717603
Q3052730	6000000089376473931
Q30527302	6000000011820808609
Q30527396	6000000048303999081
Q3052742	6000000014162460680
Q30527427	6000000038478262742
Q30527452	6000000006927052029
Q30527465	6000000000348795510
Q30527468	4534175580120071045
Q30527477	6000000006712229109
Q30527505	6000000001068334511
Q3052751	6000000002656861213
Q30527585	6000000024076030760
Q30527645	6000000001374336182
Q30527651	6000000002353131292
Q30527654	332486263710014395
Q30527658	6000000002890403359
Q3052771	4456004347160065062
Q3052772	6000000046928936821
Q30527800	6000000083536802960
Q3052789	6000000014162645011
Q3052792	6000000017235229608
Q30528417	6000000156301224822
Q3052894	6000000022701581182
Q3052897	6000000014359453653
Q3052898	6000000017588625741
Q3052904	6000000054356786821
Q3052907	6000000042752722286
Q3052910	6000000183172930876
Q3052915	5062354675600102553
Q30529438	6000000009065452719
Q3052995	6000000000632011417
Q3053165	6000000065489377890
Q30539347	6000000058373766901
Q305410	6000000025863233031
Q30541365	6000000017576307097
Q305414	6000000024998615309
Q305414	6000000167787968884
Q30541475	6000000118199413017
Q30541537	6000000015841659470
Q3054376	4678989390720072374
Q30544589	6000000085871355871
Q3054601	6000000177394869823
Q3054620	6000000035532700146
Q3054632	6000000091258969837
Q3054633	6000000140814699718
Q3054635	6000000150990237822
Q3054638	6000000137993171832
Q3054681	6000000006126968257
Q3054687	6000000000687961467
Q30547	6000000014219145888
Q3054708	6000000019117141228
Q3054716	6000000177153568833
Q305493	6000000027113420137
Q305497	6000000013901149995
Q305512	6000000002230057529
Q30554581	6000000156291699867
Q3055604	6000000082549568055
Q3055713	6000000002856395663
Q3055847	6000000026577120056
Q3055932	6000000124495007868
Q30559488	6000000088622923863
Q3055985	6000000001873434035
Q3055988	6000000003672564333
Q3056029	6000000140881621822
Q3056269	6000000008620123604
Q3056313	6000000025294328101
Q3056377	6000000092445959034
Q3056392	6000000024504849901
Q3056431	6000000127789547821
Q3056440	6000000007890179208
Q3056461	6000000180120248826
Q3056484	312360375440003921
Q3056494	6000000040846318360
Q3056553	6000000008696889387
Q3056562	6000000004536101289
Q3056623	6000000043387412007
Q3056681	6000000086167496848
Q3056683	6000000084974842473
Q3056694	6000000059929883847
Q3056695	6000000008248157063
Q30566971	6000000076917579821
Q3056711	6000000177982316843
Q3056712	6000000156664343859
Q3056744	6000000140322384890
Q3056792	6000000021211784443
Q3056796	6000000031376124565
Q3056801	6000000077595623942
Q3056886	6000000173605902047
Q3056893	6000000024346254812
Q3056897	6000000005090230674
Q3056957	6000000054432339322
Q3056959	6000000001721184246
Q3056971	5604208305010128229
Q3056979	6000000019363222905
Q3056980	6000000030602365861
Q3056989	371070852170002495
Q30570	6000000012539594224
Q3057007	6000000009747896844
Q3057015	6000000074745542857
Q3057068	6000000013060647546
Q3057078	6000000002765826819
Q30571054	6000000028465413054
Q30571146	6000000029372118838
Q3057147	6000000003603356369
Q3057177	6000000005438470961
Q3057186	6000000021212433876
Q3057199	6000000022919226554
Q3057215	6000000011851565055
Q3057234	6000000002188453239
Q3057249	6000000145872984894
Q3057257	6000000177165761822
Q3057271	6000000163561999825
Q3057287	6000000020773247487
Q3057327	6000000006943449639
Q3057334	6000000007453566557
Q3057348	6000000036442260703
Q3057356	6000000025085459356
Q3057374	6000000100075583031
Q3057385	6000000011858740011
Q3057449	6000000025341567199
Q3057501	6000000177125072848
Q3057567	6000000003444488466
Q30576076	6000000002173405102
Q305775	6000000016454801848
Q305776	6000000014130567673
Q30579	6000000001618365915
Q30579073	6000000135090257913
Q305795	6000000003937199515
Q3058032	6000000001384294220
Q3058071	6000000046725892368
Q3058092	6000000000340237353
Q3058202	6000000005072567452
Q3058231	6000000013907070053
Q30582772	6000000135091002853
Q3058386	6000000001898296144
Q3058393	6000000007538536631
Q30585223	6000000142905020959
Q30585428	6000000017442039220
Q30586257	6000000023080299147
Q30587	6000000017556782087
Q3059091	6000000035420589913
Q3059092	6000000020733940204
Q3059392	6000000151344596840
Q3059438	6000000017421394407
Q30594396	6000000025141917173
Q3059448	6000000018247917455
Q3059546	6000000006280245044
Q3059556	6000000182299772849
Q3059562	6000000050972959883
Q3059595	6000000021277380643
Q3059606	6000000020839900834
Q3059608	6000000163602764821
Q3059613	6000000020007613787
Q3059618	6000000042727217742
Q3059624	6000000156923144821
Q3059647	6000000015913832199
Q3059689	5112409230330104033
Q3059690	6000000021743359131
Q3059754	6000000012644882994
Q3059780	6000000181913954834
Q30598232	6000000019754367916
Q30598241	6000000005007547293
Q3059850	6000000173573823394
Q3059899	6000000018163141656
Q3059936	6000000007522207635
Q3059938	6000000017758578832
Q3059999	6000000075407517894
Q306	6000000006920597848
Q3060037	6000000016974108634
Q30601397	6000000002742103091
Q3060152	6000000017132308802
Q3060154	6000000021168235948
Q3060161	6000000153225002921
Q3060223	6000000112861462895
Q3060226	6000000008350550036
Q3060233	6000000027588565338
Q3060264	6000000003403583263
Q3060285	6000000021095996290
Q30603052	6000000069888476821
Q30603063	6000000003493461885
Q30604210	6000000058455348854
Q3060476	6000000145060724896
Q30605008	6000000140508271836
Q30605286	6000000011001451943
Q30605292	6000000076682142089
Q30605558	6000000122255330885
Q30605588	6000000003852651940
Q30605852	6000000166551391061
Q30605857	6000000007240259617
Q30606020	6000000008521782460
Q30606592	6000000109829903156
Q30606630	4856307122520025076
Q30606776	6000000015890913835
Q30607720	6000000015712292710
Q30607774	6000000024133302912
Q30607800	6000000078244479646
Q30607817	6000000124346846891
Q30607831	6000000175965043836
Q30607995	6000000122613886851
Q30608025	6000000025737743859
Q30608619	6000000017721938582
Q30608652	6000000007511144498
Q30608653	6000000037749244437
Q30608654	6000000000027936257
Q30608855	6000000193508606826
Q30608863	6000000006402563400
Q30608872	6000000000247851989
Q30608877	6000000019710635124
Q30608900	6000000027817918374
Q30608905	6000000000006573359
Q30609219	6000000012751536524
Q30609224	6000000033051526343
Q30609250	6000000017020038469
Q30609257	6000000012250121407
Q30609263	6000000022408728434
Q30609264	6000000018331248475
Q30609265	6000000009439330556
Q30609293	6000000028871795198
Q30609307	6000000009904709018
Q30609322	6000000043052326443
Q30609359	6000000008466837452
Q30609377	6000000006301197160
Q30609396	6000000017334215812
Q30609398	6000000003953526319
Q30609474	6000000180539197821
Q30609485	6000000207371363822
Q30609527	6000000088781552861
Q3060974	6000000156291662880
Q30609746	6000000025066857171
Q30609875	6000000174830116953
Q30610116	4017815842150038751
Q30610116	6000000140158967837
Q30610175	6000000122207722863
Q30610566	6000000013494852131
Q30610680	6000000175230809095
Q30610739	6000000180255880837
Q30610821	6000000209129172824
Q30610922	6000000029595214832
Q30610925	6000000029594813774
Q30610958	6000000029594938156
Q30610973	6000000016326305481
Q30610993	6000000026175751125
Q30611004	6000000134016903893
Q30611007	6000000120496919837
Q30611165	6000000177040000834
Q30611172	6000000023882805801
Q30611176	6000000034453427420
Q30611197	5319739985770114298
Q30611201	6000000019345892279
Q30611229	6000000022359549808
Q30611252	6000000030387632587
Q30611264	6000000060287629863
Q30611272	6000000073807614889
Q30611302	6000000175575645850
Q30611330	6000000071477956375
Q30611338	6000000188902862822
Q30611345	6000000011732406456
Q30611364	6000000121893611097
Q30611374	6000000089110931857
Q30611377	6000000019345112113
Q30611410	6000000028610175978
Q30611465	6000000047099477260
Q30611475	6000000165651061992
Q30611479	6000000165651142968
Q30611484	6000000011614377382
Q30611488	6000000063292428976
Q30611504	6000000040331862248
Q30611523	6000000053044315928
Q30611563	6000000001364165451
Q30611579	6000000069892838983
Q30611582	6000000097112430911
Q30611585	6000000027033843959
Q30611601	6000000056181848054
Q30611602	6000000036866267183
Q30611616	6000000049846002833
Q30611950	6000000002860860028
Q30612480	6000000120268017883
Q3061280	6000000015622940995
Q30612819	4966546182530114616
Q30612885	6000000011926990923
Q3061289	6000000007282590745
Q30613106	6000000001092006655
Q30613114	6000000006818062832
Q3061347	6000000000769936772
Q3061364	6000000009247547631
Q3061452	6000000012902336317
Q3061601	6000000026549075068
Q3061665	6000000009304961897
Q3061692	6000000021385502204
Q3061693	6000000024141814340
Q3062292	6000000002188434918
Q3062451	6000000003655927134
Q30628	6000000012965765215
Q3062816	6000000015783493023
Q3062855	6000000012526574263
Q3062860	6000000000580501729
Q3062892	6000000036844441491
Q3062967	6000000024916962827
Q30632178	6000000001028831400
Q3063515	6000000007694152555
Q3063538	6000000008861761270
Q3063672	6000000109715448965
Q30637236	6000000043778002014
Q3063752	6000000142940284834
Q3063760	6000000150822901148
Q3063767	6000000010103693714
Q3063890	6000000053001640907
Q3064008	6000000068447729842
Q306403	6000000025805279085
Q3064054	6000000015094732984
Q3064226	6000000142650014888
Q3064310	6000000177107077825
Q30643741	6000000009999779655
Q3064473	6000000177085298903
Q3064966	6000000001319698721
Q306514	6000000013230222617
Q3065407	299553127120007956
Q30657051	6000000141530043825
Q3065787	6000000176003083826
Q3065792	6000000037771308950
Q3065947	6000000008531185248
Q3066123	6000000012438530552
Q3066193	6000000038603133469
Q3066288	6000000010556061293
Q3066350	6000000006918278444
Q3066384	6000000010860560342
Q3066393	6000000074711021215
Q3066429	6000000003203186794
Q3066432	6000000026705829113
Q3066446	6000000033550511288
Q3066455	6000000038602763453
Q3066458	6000000012580973976
Q3066459	6000000002869642518
Q3066464	4688125921340033554
Q3066465	6000000016166233321
Q3066476	6000000019123645473
Q3066501	6000000015151184325
Q306673	6000000057028340921
Q3066816	6000000001358288194
Q3066851	6000000000266108030
Q3066972	6000000009928401297
Q3066999	6000000004279795023
Q3067012	6000000058396972832
Q30672548	390698977500005976
Q3067359	6000000013342425201
Q3067385	6000000002894534442
Q3067488	6000000007975717439
Q306759	6000000010807293206
Q306762	6000000003086419422
Q3067654	6000000012412491703
Q306766	6000000003086512349
Q306767	6000000022079167333
Q3067781	6000000143117320886
Q3067799	6000000020587784640
Q30678401	6000000011104663473
Q3067893	6000000082604295266
Q3067909	6000000124993390849
Q3067914	6000000003366378218
Q3067954	6000000125191518016
Q3067991	6000000015855318481
Q3068089	6000000068386049866
Q30680946	6000000019550079074
Q3068104	6000000066000743846
Q3068107	6000000011341998629
Q3068116	6000000140265451139
Q3068116	6000000169230696827
Q3068122	6000000019907771550
Q3068153	6000000030562786187
Q3068160	6000000024502285116
Q3068168	6000000004562608411
Q3068171	6000000006782035856
Q3068203	361597725370011711
Q3068361	6000000008760518716
Q3068384	6000000034319301747
Q3068492	6000000043396278060
Q3068514	6000000000727257747
Q3068535	6000000013316298554
Q3068538	6000000031310407341
Q3068569	6000000176027023992
Q3068586	6000000059141280821
Q3068590	6000000089598123913
Q3068615	6000000083822827991
Q3068622	6000000178494904823
Q3068633	6000000019726833051
Q3068636	6000000007960438281
Q3068673	6000000018835302236
Q3068678	6000000031858257849
Q3068695	6000000015956534278
Q3068696	6000000015348787920
Q306870	6000000006052401001
Q3068702	6000000024903681908
Q3068710	6000000178132350826
Q3068715	6000000180426439821
Q3068719	6000000151331952874
Q3068722	6000000008962192166
Q3068734	6000000151353726965
Q3068788	6000000002255473619
Q30688085	6000000179842094963
Q30688469	6000000176130329892
Q30688763	3464481
Q306891	6000000009536621523
Q3068971	6000000008687950390
Q3069010	6000000028023739795
Q3069046	300531013610001470
Q3069075	6000000051207453003
Q3069111	6000000036325728054
Q3069186	6000000146025999857
Q3069251	6000000002239244433
Q30692532	6000000058471515821
Q30693	6000000037175647812
Q3069322	6000000036214974473
Q30693426	6000000001180344628
Q30693497	6000000077914899610
Q3069362	6000000011552588474
Q3069385	6000000178963514929
Q3069387	1334540
Q3069391	6000000040904586882
Q3069395	6000000056105032847
Q3069430	6000000009257905597
Q3069468	6000000002001670242
Q3069525	6000000016706788080
Q3069746	6000000163480025878
Q3069804	6000000057636381824
Q3069915	4821284993030082318
Q307	6000000002348820390
Q3070130	6000000008924868746
Q3070392	6000000015302645455
Q30706211	6000000134643769006
Q3071037	6000000015189926523
Q3071077	6000000126743227024
Q3071437	6000000069558692868
Q3071533	6000000011372810408
Q3071572	6000000032977261835
Q30715844	6000000042205561877
Q30716465	369993036130013832
Q3071859	6000000106599875870
Q3071879	6000000009956347827
Q3071883	6000000065503232978
Q3071888	6000000184209437822
Q3071900	6000000096040972892
Q3071909	6000000150967609836
Q3071910	6000000143202176390
Q3071976	6000000006348563201
Q3072009	6000000009561801351
Q3072011	6000000012620462853
Q3072253	6000000009171345480
Q3072297	6000000016175742001
Q3072378	6000000016175002967
Q3072579	6000000000289337518
Q3072632	6000000017857078203
Q3072634	6000000001499257778
Q3072640	6000000014812508089
Q3072645	6000000018819936104
Q3072659	6000000011853329730
Q3072690	6000000018907209422
Q3072696	6000000010521959106
Q30727101	6000000002801668009
Q3072733	6000000143823092852
Q3072743	6000000140721051288
Q30727609	6000000172935609291
Q3072844	6000000137800497843
Q30728447	6000000005093044027
Q30728970	6000000185312279837
Q3072958	6000000010122406927
Q3073125	6000000009325492973
Q30731303	6000000039894096461
Q3073238	6000000002907038333
Q3073406	6000000000481806398
Q3073452	6000000016175518296
Q3073519	6000000017817186086
Q3073760	6000000153054552822
Q3073935	6000000010793187849
Q30739548	6000000038688792633
Q3073973	6000000003761727827
Q3073993	6000000037604379692
Q3074028	6000000012330278642
Q3074087	6000000006449116149
Q307412	6000000003493135579
Q3074148	6000000018358206497
Q3074234	6000000021012544906
Q3074308	6000000006775709018
Q3074666	6000000018463297017
Q307473	6000000006853665543
Q3074842	6000000041280574847
Q3074929	6000000003828335248
Q3075062	6000000016343856288
Q3075079	6000000014340279147
Q30755	6000000015452089157
Q3075631	6000000154653555123
Q3076183	6000000013030618790
Q3076598	6000000004040310854
Q30769	6000000006962267290
Q3076947	6000000002957513286
Q3076962	6000000179767503830
Q3077070	6000000011570275022
Q3077704	6000000020565102487
Q3077717	6000000051498894950
Q3077932	6000000026466582706
Q3077944	6000000012449296689
Q3078072	2495917
Q307815	6000000001142394521
Q3078422	6000000035747338417
Q3078450	6000000030881795355
Q3078576	6000000093928250827
Q3078773	6000000000795673760
Q3078984	6000000003321312472
Q3079070	6000000104904096822
Q3079374	6000000140498996860
Q3079387	6000000103626142822
Q3079473	6000000014827830997
Q3079927	6000000025490502918
Q3079968	6000000172833758223
Q3080031	6000000140297791003
Q3080090	6000000185311339889
Q3080446	6000000027850363893
Q308059	6000000140290387877
Q3080747	6000000002802596628
Q3080757	6000000030644534676
Q3080777	6000000021635220507
Q3080814	6000000038103705382
Q3080821	6000000027961173038
Q3080824	6000000002329445480
Q3080825	6000000007572938843
Q3080913	6000000104583995900
Q3080914	6000000014162806965
Q3080923	6000000003209123249
Q3080926	6000000069488908856
Q3080958	6000000079564388854
Q3080994	6000000020910575361
Q3080998	6000000029771141860
Q3081002	6000000021120165652
Q3081006	6000000010154835241
Q3081044	6000000141083247846
Q3081047	6000000091261172822
Q3081077	6000000137330597884
Q3081083	6000000156471556043
Q3081089	6000000015350123326
Q3081095	6000000145518977888
Q3081122	6000000112417464865
Q3081136	6000000184209313833
Q3081185	6000000028518182927
Q3081321	6000000013471597483
Q3081329	6000000179447975822
Q3081330	6000000025526411108
Q3081371	6000000021225447361
Q3081432	274062
Q3081441	6000000013399202748
Q30814911	6000000089460738905
Q3081493	6000000016630447910
Q3081496	6000000002434699027
Q3081515	6000000203655584822
Q308154	6000000177044370822
Q3081614	6000000091861037084
Q3081615	6000000016253368030
Q3081638	6000000182165219825
Q3081687	6000000006728164364
Q3081699	6000000058255107872
Q3081707	6000000030450399508
Q3081739	377377377480012309
Q3081775	5447491459980135223
Q3081794	6000000082679273257
Q3081798	6000000014673537723
Q3081811	6000000026104988644
Q3081855	6000000095640110270
Q3081867	6000000008124208804
Q3081883	6000000010552197538
Q3081891	6000000008213301408
Q3081947	6000000030754655392
Q3081964	6000000016782912907
Q3081973	6000000015509640223
Q3082014	6000000143568355850
Q3082030	6000000017805691354
Q3082238	6000000168933096857
Q3082360	6000000157322939824
Q3082373	6000000143191174828
Q3082375	6000000075423605956
Q3082376	6000000145781497945
Q3082379	6000000145357694825
Q3082382	6000000088446206916
Q3082394	6000000133672116289
Q3082484	6000000090995653896
Q3082494	6000000000491064076
Q3082530	6000000108355289842
Q3082553	6000000145850801879
Q3082612	6000000023769591740
Q3082615	6000000011853266639
Q3082622	6000000018617252560
Q3082631	6000000047712444844
Q3082633	6000000032414392332
Q3082638	6000000174457061062
Q3082663	6000000064348994876
Q3082670	6000000002290208914
Q3082706	6000000001994944117
Q3082712	6000000179730523858
Q3082717	6000000000110182358
Q3082729	6000000026617780099
Q3082774	6000000034762536952
Q3082786	6000000026175545174
Q3082814	6000000015722766308
Q3082823	6000000092899029897
Q3082830	6000000006127651551
Q3082880	2977271
Q3082937	6000000017154584737
Q3082941	6000000018244342827
Q3082947	6000000029420258323
Q3082952	6000000023977874199
Q3082953	6000000075400721148
Q3083008	6000000010729283405
Q3083021	6000000081397927452
Q3083043	6000000182216312851
Q3083047	6000000128740675865
Q3083088	6000000016310609886
Q3083090	6000000072803556893
Q3083100	6000000109296635099
Q3083152	6000000022199288430
Q3083201	6000000019602673492
Q3083241	6000000004161014020
Q3083249	6000000077634288901
Q3083290	6000000117435421901
Q3083291	6000000017567076883
Q3083296	6000000062904211954
Q30832971	6000000119413398880
Q3083328	6000000022701244957
Q3083329	6000000013749265751
Q3083337	6000000015930047715
Q3083385	6000000152198856851
Q3083388	6000000016944121217
Q3083391	6000000000641103572
Q3083403	6000000021556871728
Q3083439	6000000093070877872
Q3083478	6000000022742076587
Q3083484	6000000075500537853
Q3083536	6000000028071814327
Q3083593	6000000019857245240
Q3083613	6000000006928737230
Q3083618	6000000013440384809
Q3083664	6000000033249069171
Q3083678	6000000014004642514
Q3083681	6000000023176884280
Q3083700	6000000008115258766
Q3083750	6000000174500094943
Q3083789	363396435980004992
Q3083810	5112495238220072071
Q3083838	6000000131463096824
Q30838536	6000000021947734425
Q3083969	6000000008239458361
Q3083985	6000000005251505841
Q3084006	6000000176575831873
Q3084074	6000000028908241437
Q3084142	6000000075326895873
Q3084144	6000000035799281998
Q3084259	6000000012482283573
Q3084267	6000000003004013794
Q3084300	6000000078048080277
Q3084370	6000000017926149239
Q3084405	6000000204336508832
Q3084441	6000000132077899822
Q3084564	6000000021361735369
Q3084578	6000000009135038490
Q308459	6000000104023333878
Q3084596	6000000024832978587
Q3084624	6000000020650538567
Q3084640	6000000015730181427
Q3084658	6000000027145344538
Q3084701	6000000011518465997
Q3084728	6000000037147999911
Q30848065	6000000020388626533
Q3084814	6000000152195105865
Q3084869	6000000015596442452
Q3084891	6000000058102085973
Q3084897	6000000021339291968
Q3084898	6000000007273301741
Q3084917	6000000015729687195
Q3084951	6000000022542877563
Q3084972	5100019662190032286
Q3084980	6000000017884822661
Q3085007	6000000007415617631
Q3085037	6000000021958739988
Q3085081	6000000026357090818
Q3085147	6000000028201778926
Q3085154	6000000034036464576
Q3085166	6000000066162581929
Q3085184	6000000181169664830
Q3085215	6000000021153295966
Q3085228	6000000019574797371
Q3085275	6000000002677753776
Q30854025	6000000106824700823
Q3085407	6000000007445607416
Q3085544	6000000022526132998
Q30855675	6000000142139226580
Q3085568	6000000079460635801
Q3085672	6000000021930955526
Q3085673	6000000008950487861
Q3085819	6000000017885076127
Q3085952	6000000015639271817
Q30860201	6000000027739658025
Q30860257	4501377
Q3086052	6000000011869266256
Q3086063	6000000005996811011
Q3086069	6000000027779012344
Q3086081	6000000015119909218
Q3086095	6000000015636878006
Q3086096	6000000017821767093
Q3086122	6000000008670664805
Q3086125	6000000048038009072
Q3086138	6000000001971359570
Q3086151	6000000026681032521
Q30861551	6000000023158318784
Q3086159	6000000044008232284
Q3086190	6000000002188386511
Q3086213	6000000021543998144
Q3086272	6000000184600562821
Q3086287	6000000016047381677
Q3086294	6000000028540494779
Q3086299	6000000011771008253
Q3086305	6000000005767150669
Q3086338	6000000021137497438
Q3086429	6000000021239567537
Q3086459	6000000193522235836
Q3086464	6000000058172992072
Q3086473	6000000058173844938
Q3086515	6000000021429401254
Q3086590	6000000003827181657
Q3086604	6000000023268630756
Q3086608	6000000068332387821
Q3086646	6000000053506009255
Q3086647	6000000106236400865
Q3086651	6000000042308535810
Q30868521	6000000002802365837
Q30868739	6000000012621646379
Q3086883	6000000115288399856
Q3086942	6000000076991081006
Q3086948	6000000085034608958
Q30869544	6000000002361933252
Q3087074	6000000048485580978
Q3087154	6000000014611557008
Q3087168	6000000009934550157
Q3087179	6000000018504067591
Q3087184	6000000096704427821
Q3087186	6000000006348465853
Q3087211	4189052947110041591
Q308722	6000000021165470305
Q3087232	6000000017264251749
Q3087234	6000000125024890875
Q3087382	6000000013899569358
Q3087387	6000000013899511399
Q3087450	6000000012349477651
Q3087491	6000000036392998166
Q30875	6000000008771430595
Q3087644	6000000009315958998
Q3087674	6000000181026677836
Q3087719	6000000003917064299
Q3087725	6000000033863239919
Q3087774	6000000013899250648
Q3087782	6000000015745037298
Q3087798	6000000011493530033
Q3087827	6000000180712114838
Q30879005	6000000014559792213
Q3087915	6000000029281612135
Q3087921	6000000054518723957
Q30879863	6000000205756529822
Q30879935	6000000024542043930
Q30880287	6000000178557888830
Q30880692	6000000079261443191
Q3088183	6000000111301197874
Q308840	6000000073236089059
Q3088624	6000000026951769122
Q3088730	6000000004170117074
Q30887545	6000000023362415117
Q3088796	6000000109901341892
Q30892840	6000000072429979106
Q30894502	6000000124346846832
Q3089519	6000000022494140262
Q3089547	6000000007229113904
Q3089649	6000000002802580886
Q3089681	6000000006946008764
Q3089697	6000000027155973642
Q3089899	6000000003827400478
Q3089911	6000000006822835444
Q3089916	6000000006283875077
Q3089963	6000000017724570086
Q3090020	6000000072390388517
Q3090082	6000000008880493983
Q3090127	6000000034086700915
Q3090138	6000000093254280898
Q30901849	6000000017474421229
Q3090214	6000000001502080748
Q3090218	6000000014128703044
Q30902253	6000000054765894265
Q30902354	6000000184651084991
Q30902387	6000000020084927692
Q30902476	6000000012646944035
Q30902497	6000000011401716389
Q30902506	6000000037103709966
Q30902582	6000000039633393112
Q30902712	6000000007483055478
Q30902734	6000000040123427332
Q30902849	6000000011536654009
Q30902958	5023238095280122836
Q3090328	6000000012747308477
Q30903372	6000000101630254854
Q30903410	6000000017219077662
Q30903420	6000000057732026901
Q30903450	6000000084599121906
Q30903453	6000000043051085717
Q3090378	6000000041744483355
Q3090428	6000000087053734912
Q3090442	6000000175451516910
Q3090454	6000000038387753674
Q3090467	6000000077496988866
Q3090476	6000000038942389079
Q30904832	6000000008708266807
Q3090486	6000000074728572838
Q3090526	6000000176993507860
Q3090530	366449702770004838
Q3090533	6000000181757283839
Q3090544	6000000128474180945
Q3090658	6000000023901596195
Q30907183	6000000006910795835
Q3090725	6000000007249389502
Q3090743	6000000012889187578
Q3090745	6000000027897603315
Q3090747	6000000001456894454
Q3090761	6000000069381551953
Q3090806	6000000018230934705
Q3090807	366444951990013421
Q3090814	6000000166009118980
Q3091058	6000000184889950840
Q3091191	6000000011490533501
Q3091214	6000000032755326918
Q3091288	6000000034921642188
Q3091328	6000000005783748324
Q3091351	6000000145934528861
Q30914919	6000000013909366403
Q3091536	6000000030084533846
Q309160	6000000103676160175
Q30917070	6000000083439310617
Q3091709	6000000018079765238
Q3091714	6000000058198664342
Q30921230	6000000075502853939
Q30922031	6000000075503135007
Q3092311	6000000021618314619
Q30923452	6000000074783284849
Q3092374	6000000018020725210
Q30923852	6000000074685028843
Q3092427	6000000025442453201
Q3092433	6000000172040407861
Q3092464	6000000022524902597
Q3092470	6000000032107465050
Q3092491	6000000020168459088
Q3092505	6000000001015591601
Q3092508	6000000006428867250
Q3092514	6000000094800719826
Q3092622	6000000021794725477
Q3092647	5585401459770110541
Q3092660	6000000102652362110
Q3093059	6000000060264096999
Q3093283	6000000011070277543
Q309333	6000000221382418896
Q3093506	6000000021427753076
Q3093547	6000000015260756240
Q3093638	6000000058533377508
Q3093640	6000000035425441994
Q30936655	6000000042287139484
Q3093675	6000000058739777831
Q3093717	6000000029824524835
Q3093777	6000000042899916821
Q30938034	6000000189367352900
Q3093820	6000000022573482229
Q3093836	6000000015754456692
Q3093843	6000000066592361909
Q3093858	6000000178699456836
Q30938807	6000000024131740264
Q3093917	3492534
Q30939176	6000000016102841241
Q3093985	6000000022448131074
Q3094021	6000000184213619906
Q3094055	6000000179984726828
Q30940636	6000000074717797821
Q3094086	6000000068911097879
Q30941230	6000000075325990357
Q3094149	6000000188610383858
Q30941546	6000000075503478018
Q30941684	6000000074791045675
Q30941733	6000000038224467930
Q30941747	6000000075499935424
Q3094175	6000000024945490260
Q30941824	6000000075407790952
Q30942294	6000000075507547947
Q30942644	6000000029621093547
Q30942645	6000000029599397932
Q30942679	6000000020227992862
Q3094278	6000000181478752823
Q30942794	6000000074718946893
Q30942794	6000000075425223900
Q30942887	6000000038201513022
Q30942908	6000000074715171901
Q30942982	6000000074725244895
Q30942985	6000000037746440006
Q30943034	6000000074725584871
Q30943052	6000000075423574831
Q30943078	6000000074716684127
Q30943083	6000000074725392650
Q30943087	6000000022293553036
Q30943102	6000000074728370871
Q30943119	6000000074744795504
Q30943121	6000000075481243362
Q30943124	6000000075610670998
Q30943127	6000000075421581968
Q30944151	6000000020237323641
Q30944448	6000000074787417056
Q30944701	6000000074727431221
Q30945073	6000000075421359945
Q30945396	6000000014893736265
Q30945467	6000000074699432869
Q30945496	6000000074768446909
Q30945532	6000000075407058933
Q30945561	6000000038074228559
Q30945574	6000000074687908925
Q30945596	6000000074688384106
Q30945631	6000000074713548522
Q30945631	6000000075058633854
Q30945636	6000000075325810935
Q3094569	6000000024932134953
Q30945733	6000000074747436003
Q30945860	6000000074785169001
Q30945898	6000000074752947282
Q30945935	6000000074771485906
Q30945949	6000000075492766925
Q30946050	6000000074711166851
Q30946191	6000000074703761061
Q30946210	6000000075346159997
Q30946242	6000000075491438087
Q30946337	6000000074746453948
Q30946425	6000000075429158948
Q30946450	6000000075491193872
Q30946607	6000000074792051849
Q30946614	6000000075481688063
Q3094678	6000000027180841238
Q30946806	6000000075429873205
Q30947001	6000000074791367321
Q30947063	6000000074727504216
Q30947073	6000000075491499979
Q30947116	6000000132405230105
Q30947178	6000000074748272707
Q30947179	6000000074727837875
Q30947182	6000000075491813913
Q30947225	6000000075491775951
Q30947254	6000000075344329087
Q30947322	6000000074688619938
Q30947346	6000000074699584926
Q30947399	6000000075491716035
Q3094741	6000000140323064871
Q30947551	6000000074724948650
Q30947585	6000000075430970928
Q30947672	6000000074687792124
Q30947684	6000000074717277916
Q30947716	6000000074688056905
Q30947880	6000000075430997882
Q30947889	6000000075431233822
Q30947990	6000000075491472995
Q30948016	6000000074791775921
Q30948051	6000000075497278854
Q30948150	6000000074788629167
Q30948199	6000000074788856932
Q309482	6000000002524927829
Q30948295	6000000074749977277
Q30948298	6000000074750481833
Q30948320	6000000074753955863
Q30948422	6000000075492665969
Q30948591	6000000075491775946
Q309486	6000000015064937424
Q30948698	6000000075606841187
Q3094878	6000000012609410742
Q30948784	6000000074769872182
Q30948795	6000000074791110432
Q30948906	6000000013105350202
Q30949159	6000000074688166850
Q30949183	6000000075504058836
Q30949188	6000000075497395916
Q30949252	6000000010530796452
Q30949286	6000000074737529983
Q30949302	6000000074728676887
Q30949366	6000000075491812851
Q30949427	6000000074728747843
Q30949465	6000000074728365953
Q30949488	6000000012432702767
Q30949499	6000000074730494859
Q30949557	6000000075424972987
Q30949695	6000000074745861208
Q30949751	6000000006145317820
Q30949778	6000000074747786876
Q30950075	6000000074704052169
Q30950322	6000000075504366844
Q30950351	6000000075491911874
Q30950363	6000000075424911823
Q30950385	6000000074728539850
Q30950462	6000000075430507830
Q30950538	6000000075430227013
Q30950578	6000000074747879969
Q30950679	6000000075428343381
Q30950689	6000000075481403326
Q30950759	6000000012653780590
Q30950895	6000000075425834045
Q30950901	6000000075499788913
Q30951051	6000000119480303821
Q30951191	6000000074727720966
Q30951257	6000000075424569022
Q3095467	6000000007698221451
Q30957864	6000000079069680910
Q30957867	6000000021399845360
Q309589	5103924180970115248
Q309590	6000000127151322891
Q309605	376364131750011414
Q309618	6000000069597612868
Q309631	6000000002115942263
Q309640	6000000010564754131
Q309648	6000000000955123076
Q3096499	6000000027107341296
Q309650	6000000016223701808
Q3096712	6000000065883457824
Q309675	6000000017815423345
Q30968847	6000000163831802886
Q309690	6000000029226731711
Q309702	6000000021357577383
Q309709	6000000015761096982
Q30970937	6000000013765560972
Q309722	6000000021429083969
Q309725	6000000011713565702
Q3097555	6000000021891012380
Q309759	6000000039405939350
Q309765	6000000033358226728
Q309786	6000000104574480250
Q3097923	6000000045202600965
Q3097952	6000000002322160455
Q3097958	6000000003242767216
Q3098105	6000000001812711240
Q309818	6000000020610698188
Q309820	6000000040281364881
Q30982249	6000000017804573703
Q3098317	6000000021429921420
Q3098318	6000000047613430353
Q3098323	6000000076017878821
Q309835	6000000027986832952
Q309838	6000000032431370217
Q3098395	6000000000523591496
Q309840	6000000013564692393
Q3098448	6000000160368183822
Q309850	6000000099943655882
Q309854	6000000018709414277
Q3098546	6000000098991065848
Q3098554	6000000026381000035
Q309861	6000000173745260199
Q3098626	6000000184285192859
Q3098629	6000000079775060541
Q3098634	6000000026984806175
Q309872	6000000180095793830
Q3098724	6000000080191315983
Q3098739	6000000077950603079
Q3098758	6000000020516819857
Q309876	6000000029426701882
Q3098771	6000000016167145122
Q309879	6000000029370587412
Q309882	6000000012362755451
Q3098823	6000000022485759780
Q3098844	6000000152597645881
Q309885	6000000013854218635
Q3098916	6000000018525686340
Q3098927	6000000054362610944
Q3098929	6000000016126262397
Q309898	6000000092715242011
Q3099019	6000000165978979832
Q309903	6000000010302130875
Q3099068	6000000175973507823
Q3099147	6000000022209397062
Q3099164	6000000076166076843
Q309926	6000000039025378034
Q3099287	6000000033377778030
Q3099342	6000000008789608340
Q309945	6000000080764371708
Q3099462	6000000008959732430
Q3099480	6000000096987017944
Q3099619	6000000020234551233
Q3099714	6000000003274531442
Q309974	6000000031160133533
Q309979	6000000009965234993
Q309980	6000000008670511686
Q309983	6000000015261701232
Q3099830	6000000023234233304
Q3099865	6000000009924699730
Q309989	6000000021947540838
Q309995	6000000016442879773
Q310000	6000000002170880930
Q310002	6000000019584110228
Q310005	6000000031945926806
Q3100084	6000000025070326835
Q310009	6000000013695055169
Q3100099	6000000010525188288
Q310012	6000000009705907530
Q3100150	6000000002764481562
Q3100153	6000000163790389823
Q3100183	6000000008248136726
Q310035	6000000069429798089
Q3100452	6000000007309789752
Q310046	6000000046584657909
Q310052	6000000010895146539
Q310058	6000000044529126877
Q3100592	6000000011361384050
Q3100604	6000000028188326268
Q310062	6000000016023435659
Q310065	6000000002188316509
Q3100658	6000000014261249448
Q3100660	6000000011253160711
Q310067	6000000079660895063
Q3100671	6000000003480633201
Q3100691	6000000066387494983
Q3100783	6000000174304966141
Q310086	6000000000185972670
Q310089	6000000014057804786
Q310100	6000000062557478986
Q3101067	6000000008115416069
Q3101108	4817225884150027525
Q310111	6000000011904078315
Q3101124	6000000006566847732
Q310113	6000000026244171663
Q3101131	6000000065854523917
Q3101138	6000000006277488391
Q3101149	6000000081729924927
Q3101167	6000000031392470231
Q3101176	6000000021137702930
Q310121	6000000000352559119
Q3101218	6000000182652403879
Q310123	6000000015810554071
Q310129	6000000174890522830
Q3101297	6000000111111805866
Q3101307	6000000017322464560
Q310131	6000000029325672333
Q3101331	6000000007871949000
Q3101333	6000000173296622966
Q3101341	6000000042888794266
Q3101343	6000000021390646574
Q3101356	6000000025490678079
Q3101366	6000000003770077290
Q3101382	6000000024490957642
Q3101391	364407867780007569
Q3101397	6000000003615271814
Q3101398	6000000001319674591
Q3101405	6000000010532421187
Q3101408	6000000018195179856
Q3101410	6000000002115929216
Q3101441	6000000015779214669
Q3101449	6000000008672161487
Q3101464	6000000010099519961
Q3101481	6000000001876399121
Q3101498	6000000156992730832
Q310150	6000000014582246198
Q3101509	6000000013618313077
Q3101512	6000000024557365618
Q3101531	6000000012901886218
Q3101539	6000000010807349583
Q3101548	6000000011600455395
Q310155	6000000086123723092
Q3101555	6000000063921795232
Q3101557	6000000011273965441
Q3101561	6000000003904573580
Q3101576	6000000002188508579
Q310158	6000000068364671821
Q3101586	6000000001679830488
Q3101587	6000000029074312318
Q3101590	6000000047816849919
Q3101602	6000000076665912948
Q3101608	6000000144933652822
Q3101623	6000000059377489955
Q3101659	6000000008630254831
Q310166	6000000007888795512
Q3101660	6000000100836242902
Q3101668	6000000002287161822
Q3101673	6000000013236829977
Q3101675	6000000016473703396
Q310170	6000000036774451116
Q3101719	6000000007320860416
Q3101722	6000000013344622476
Q3101725	6000000059304632833
Q3101732	6000000012376702590
Q3101741	6000000016676122204
Q310176	6000000015254464590
Q3101785	6000000024255543559
Q3101799	6000000007878944794
Q3101810	6000000005954101752
Q3101811	6000000082511593354
Q3101819	6000000010573695044
Q3101824	6000000046130812905
Q310184	6000000015672371711
Q3101847	6000000003684014396
Q3101849	5265933329530072780
Q3101856	6000000008871640485
Q310188	6000000027525715929
Q3101904	6000000100076584842
Q3101912	6000000007024456698
Q3101917	6000000010411409615
Q310192	6000000001633455475
Q3101935	6000000003928371842
Q3101941	6000000013565417673
Q3101944	6000000039771278905
Q3101945	6000000003687305520
Q310197	5122520235710064577
Q3101972	6000000023330351834
Q3101977	6000000020318702342
Q3101989	6000000035891201986
Q3102004	6000000024905264264
Q310201	6000000042348257967
Q3102015	6000000008439120629
Q3102042	6000000179938184845
Q3102043	6000000026812684675
Q3102046	6000000021169220925
Q3102058	6000000032811759820
Q3102078	6000000008105876265
Q3102084	6000000059199687161
Q310209	6000000015472927172
Q310217	6000000011259979370
Q3102183	6000000000632155111
Q3102185	6000000017176451433
Q3102196	6000000009858101513
Q3102200	6000000009546643329
Q3102260	6000000183493280872
Q310230	5225700515820028457
Q3102335	6000000177326334844
Q3102338	6000000006756461168
Q3102381	6000000023162567257
Q3102410	6000000026695745987
Q3102413	6000000036839646031
Q3102441	6000000113559257851
Q310247	6000000073622058303
Q3102519	6000000067023991842
Q3102550	322743
Q3102558	6000000172591098119
Q3102663	6000000023773342439
Q3102708	6000000048701325832
Q3102733	6000000006977278671
Q3102781	6000000020329126411
Q3102795	6000000070754338833
Q310283	6000000009189117417
Q3102893	4159391922770027868
Q3102929	6000000067238353301
Q310295	6000000009966769589
Q3102972	6000000022173367104
Q310300	6000000015109323131
Q3103014	6000000105292726983
Q310309	6000000020610623681
Q3103108	6000000015976868728
Q3103114	6000000021114593357
Q3103157	6000000007033654800
Q310318	6000000018157441061
Q310320	6000000121090532876
Q3103201	6000000086449894153
Q310324	6000000000914909237
Q310326	6000000021151180228
Q3103263	6000000183991063834
Q310332	6000000022128254043
Q310339	6000000029198299409
Q3103396	6000000083923732076
Q310341	6000000090961382948
Q3103426	6000000005782778311
Q310343	6000000004140764491
Q310352	6000000184218477822
Q3103544	6000000152193462926
Q310357	6000000187635480823
Q3103575	6000000144725953383
Q3103605	6000000175744912846
Q3103642	6000000031893620790
Q3103643	6000000003493384073
Q3103666	6000000180874203878
Q3103667	6000000080609733953
Q310367	6000000078580806900
Q3103675	6000000015863657139
Q3103678	6000000006078430045
Q3103680	6000000024988854642
Q3103683	6000000027938275324
Q3103688	2986309
Q3103708	6000000002818193831
Q310379	6000000016043674382
Q3103792	6000000007006674633
Q310383	6000000017273388533
Q3103847	6000000030882447464
Q3103853	6000000007721640379
Q3103860	6000000013463949932
Q3103862	6000000052866353043
Q3103871	6000000010355494739
Q310389	6000000016315374067
Q3103891	6000000053251990092
Q3103897	6000000033168986749
Q3103917	6000000018787794853
Q310394	6000000018250401871
Q3103942	6000000135809928869
Q3103952	6000000046659245142
Q3103969	6000000012017471789
Q310400	6000000038380296840
Q310413	6000000010693036198
Q3104168	6000000176234944821
Q3104210	6000000065857810841
Q3104213	6000000024388354803
Q3104280	3994039
Q310431	6000000011196484603
Q3104317	6000000009627490701
Q3104332	6000000171763299428
Q310439	6000000003221895332
Q3104432	6000000006727931129
Q3104437	6000000049744833840
Q310447	6000000032997690285
Q310453	6000000009796873368
Q310462	6000000030569441438
Q310464	6000000014540883493
Q3104734	6000000000129396983
Q310476	6000000002219046163
Q3104774	6000000015811496202
Q3104843	6000000112242254863
Q310488	6000000001192899528
Q310493	6000000006855489077
Q3105010	6000000145529143921
Q3105047	6000000176867988823
Q310505	6000000084971959262
Q3105050	6000000180790333912
Q3105073	6000000125320241901
Q310509	6000000080784538960
Q3105094	6000000109278576005
Q310511	6000000163836611890
Q3105119	6000000143186354959
Q3105131	6000000108086339875
Q3105136	6000000141070721848
Q3105158	6000000016360293134
Q3105203	6000000157002033869
Q3105215	6000000035804255727
Q3105216	6000000091264390963
Q3105245	6000000073212362018
Q3105258	6000000156826469842
Q310526	6000000007538279231
Q310528	6000000100693984821
Q3105309	6000000183787176847
Q310532	368089653280002376
Q310533	4541413
Q310536	5203606111550021095
Q3105572	6000000112080959821
Q310562	6000000081268559136
Q3105734	6000000059103589867
Q3105770	6000000011387147292
Q310580	6000000014629263747
Q310586	6000000176915795837
Q3105876	6000000000093209403
Q310588	6000000047655079827
Q3105889	6000000040761791418
Q3105893	6000000014112842673
Q3105931	6000000069497193227
Q310594	6000000015072705414
Q3106071	6000000176633211890
Q31061	6000000004884976568
Q3106111	6000000021185428397
Q3106114	6000000047438386921
Q3106117	6000000017248228769
Q3106160	6000000092113233836
Q310618	6000000032950113862
Q3106282	6000000005093027361
Q3106299	6000000021111176693
Q310630	4013304647320127844
Q310633	6000000195382463825
Q310637	6000000009189245747
Q310638	6000000020813016213
Q310641	6000000002802756921
Q3106467	6000000181865006834
Q3106481	6000000013008182064
Q310671	6000000151008968844
Q3106776	6000000010888355209
Q3106787	6000000014099743161
Q3106793	6000000056837820857
Q3106800	6000000178965332828
Q3106816	6000000108515720936
Q3106818	6000000151262720826
Q3106823	6000000156831020822
Q310683	6000000103433320306
Q310687	6000000019142928138
Q3106874	6000000004533510247
Q3106878	6000000166187783861
Q3106894	6000000151355579949
Q3106909	6000000150667200905
Q3106915	6000000108873287883
Q310692	6000000058342360091
Q3106927	6000000146290016850
Q310694	6000000001727185752
Q3106946	6000000101128811882
Q3106963	6000000152195402821
Q3106972	6000000081377380905
Q3106984	6000000001164342069
Q3106986	6000000073732960878
Q3107025	6000000153770744894
Q3107071	6000000104901199901
Q3107093	6000000126915837822
Q3107103	6000000156807915838
Q3107117	6000000140752080850
Q3107144	6000000090831947877
Q3107147	6000000156812951120
Q3107148	6000000163374715924
Q3107149	6000000175118770990
Q3107176	6000000143171705372
Q310720	6000000024438425028
Q3107203	6000000095232870907
Q3107220	6000000163419836926
Q3107233	6000000140720060942
Q3107246	6000000156885155837
Q3107250	6000000156476598841
Q31073	6000000004978195344
Q3107303	6000000000715549049
Q3107305	6000000151126605821
Q3107313	6000000163812490822
Q3107322	6000000156211680836
Q3107337	6000000086706076850
Q3107348	6000000143186339976
Q310741	6000000029080416055
Q31074895	6000000008998901746
Q3107531	6000000037179626858
Q310755	6000000077374427837
Q310757	6000000015004445236
Q3107581	6000000065897004145
Q310765	6000000086561782824
Q310767	6000000016438936074
Q310769	6000000000496028105
Q3107699	6000000126912983821
Q310775	6000000011559088282
Q3107829	6000000183492995875
Q310785	6000000035506841763
Q31078607	6000000000052985115
Q310788	6000000000364322716
Q310790	6000000002134315045
Q310791	6000000024850480145
Q3107917	6000000137606939899
Q31079295	6000000022067012441
Q310794	6000000063802590960
Q3107946	6000000151270534822
Q3107956	6000000080333419006
Q3107957	6000000109273847821
Q310796	6000000009397568973
Q310798	6000000012579870157
Q3107991	6000000151024941827
Q3107993	6000000140725276108
Q3107995	6000000077071152637
Q3107997	6000000019887612244
Q310800	6000000015721118105
Q3108001	6000000150860106000
Q3108004	6000000145434263821
Q3108009	6000000158187746822
Q3108020	6000000143183227853
Q3108022	6000000018820316176
Q3108023	6000000071265854980
Q3108031	6000000029534962626
Q3108032	6000000141067269822
Q3108035	6000000182414915826
Q31080430	6000000009934594225
Q3108051	6000000006322356048
Q3108065	6000000145517638961
Q3108067	6000000157281072882
Q310807	3996789354360035440
Q3108077	6000000151333760822
Q3108090	6000000140302748940
Q3108100	6000000166276832822
Q3108108	6000000178470056834
Q3108124	6000000152501844822
Q3108126	6000000140772851852
Q3108130	6000000141108996884
Q31081354	6000000004154503105
Q31081359	4016780428210042164
Q3108143	6000000155516999822
Q3108147	6000000137347230822
Q310819	6000000002268290047
Q310829	6000000003849176178
Q31083	6000000081993212652
Q310831	6000000008178489187
Q310833	6000000043262086545
Q310835	6000000009948890037
Q310837	6000000013279362022
Q31083827	6000000060025585902
Q310839	5013343837010121004
Q310841	6000000006903193166
Q310843	6000000009949462562
Q310845	6000000002758937128
Q310847	6000000001034551008
Q3108486	6000000024744385028
Q310849	6000000000774506220
Q3108492	6000000085515335048
Q310852	6000000009948877356
Q3108645	6000000182837031882
Q3108668	6000000180197340838
Q3108709	6000000134373249562
Q3108724	6000000085213788871
Q310873	6000000047582772325
Q31088244	6000000110116426821
Q310900	6000000104485082268
Q3109003	6000000104574336043
Q310903	6000000036155810280
Q3109036	6000000014834442084
Q31090611	6000000028159837454
Q31090762	6000000020196687318
Q31090775	6000000213282874825
Q3109102	6000000009429002194
Q31091562	6000000037155074997
Q310920	6000000013207866898
Q31092273	6000000082400600843
Q31092326	6000000017522748218
Q310924	6000000078777893943
Q3109247	6000000024155301278
Q310926	6000000010331867305
Q31092732	6000000175864950835
Q31093005	6000000009885094699
Q310934	6000000161078110821
Q31093554	6000000183464974861
Q31093687	6000000129045512854
Q310937	6000000029227348548
Q31093783	6000000097112674849
Q310939	6000000030575738925
Q310944	6000000018816385402
Q310947	6000000001727265573
Q31094834	6000000034031904112
Q31094865	6000000172759612358
Q310950	6000000011261677298
Q310953	6000000029661734744
Q3109567	6000000057416898821
Q310960	6000000087011443016
Q3109655	6000000010799880399
Q310968	6000000081019805843
Q3109693	6000000018011957427
Q3109720	6000000001861906394
Q3109724	6000000014283905478
Q3109749	6000000002076169166
Q3109807	6000000083013228510
Q3109811	6000000105286415851
Q31098652	6000000013805972780
Q310992	6000000015796985967
Q310994	6000000031450652918
Q310999	6000000003645772957
Q3110071	6000000014995507300
Q3110118	6000000014043200123
Q3110133	6000000001661843131
Q311019	6000000068083576833
Q3110308	6000000015243165903
Q311033	6000000008782349079
Q311037	6000000016164793902
Q3110455	6000000053979306388
Q3110486	6000000074788523446
Q311050	6000000004989532988
Q3110590	6000000018857942429
Q311061	6000000016601072479
Q311063	6000000035743140481
Q3110635	6000000001699521631
Q311068	6000000029487842565
Q3110699	6000000055019181115
Q311070	6000000000830193013
Q311078	6000000121083050888
Q3110889	4076482592760124171
Q3110908	6000000125378852880
Q311093	6000000002447381599
Q3110938	6000000060810508827
Q3111121	6000000022986370366
Q311119	6000000001528096494
Q31112	6000000015140163405
Q311121	6000000000688527744
Q3111258	6000000002497436827
Q311126	6000000039654341180
Q3111264	3938397
Q3111281	6000000000278665730
Q311135	6000000026812909405
Q311141	6000000034629566098
Q311143	6000000027314807552
Q311145	6000000016633388446
Q3111522	6000000002955215203
Q3111596	6000000014883653240
Q311161	6000000021289772250
Q311164	6000000008614835548
Q3111811	6000000077252755964
Q311185	6000000000573376911
Q311187	6000000179325808829
Q311189	6000000008738776515
Q311195	6000000051805586041
Q311197	6000000010010013113
Q3112	6000000084070570072
Q311200	6000000105073322823
Q311207	6000000007377977299
Q311211	6000000015671495848
Q311223	6000000042852909815
Q311225	6000000000932877388
Q311232	6000000019499444352
Q311238	6000000010094434941
Q311240	6000000013269180196
Q311247	6000000075929865352
Q311253	6000000079644124252
Q311263	6000000086749348839
Q3112643	6000000020295857715
Q311267	6000000009093430686
Q3112679	6000000150734492866
Q311269	6000000049831521385
Q311271	6000000018727890057
Q311276	6000000037048428178
Q311278	6000000046719019652
Q3112833	6000000018746132420
Q311293	6000000015836652349
Q3112997	6000000017449150238
Q3113017	6000000029139705556
Q3113021	6000000185374377170
Q311306	6000000181111948835
Q311314	6000000036653414327
Q311317	6000000027257238611
Q311319	6000000012732818273
Q311323	6000000003053462202
Q3113256	6000000008863343955
Q3113350	6000000143991797880
Q311338	6000000016829382638
Q3113480	6000000086970050860
Q3113546	6000000021645557437
Q31136	6000000174465353705
Q31136891	6000000024754114543
Q311382	6000000017001981159
Q311384	6000000030022397827
Q31138965	6000000009904902866
Q311393	6000000120655892843
Q311401	6000000013030280318
Q311409	6000000145525979843
Q311421	6000000015781903098
Q311425	6000000023500665301
Q3114275	6000000028493227553
Q3114282	6000000029176221901
Q3114308	6000000000908256368
Q311436	4586754826450086064
Q311440	387043915560012325
Q311442	323457510210006431
Q311447	6000000002602588288
Q3114524	6000000158085130831
Q311453	6000000001362126175
Q311459	6000000067077048883
Q311467	6000000071636955946
Q311469	6000000000837898120
Q311472	6000000017680073690
Q311476	5229994683780081170
Q3114850	6000000182430232926
Q311491	6000000073761300823
Q3114975	6000000013146165502
Q3114990	6000000177508583832
Q311511	6000000016821644348
Q311514	5401102801320082800
Q311529	6000000047577506409
Q311535	6000000010318812948
Q311538	6000000010450962059
Q3115403	6000000012855814280
Q3115415	6000000004241292367
Q3115447	6000000011151552941
Q311548	6000000021001634368
Q311562	6000000013204427590
Q311567	6000000170486105821
Q31157275	6000000150544740822
Q311583	6000000010575393047
Q3115908	6000000020020606960
Q311594	6000000034734740468
Q311602	6000000030601165230
Q311604	6000000003014418344
Q311607	6000000027948430174
Q31161	6000000069963166256
Q3116109	6000000027926318595
Q3116136	6000000017295157935
Q311621	6000000096699580042
Q311637	6000000000770008138
Q31164	6000000042929470029
Q311641	6000000016775745233
Q311644	6000000041119561490
Q311644	6000000179535125892
Q311648	6000000014290539068
Q311652	6000000002275824976
Q3116526	6000000177463554860
Q311654	6000000039354632746
Q311655	6000000015730746943
Q3116601	6000000068375154845
Q311665	6000000000084938618
Q31167	6000000006781799074
Q311671	6000000123363106834
Q311672	6000000183667651981
Q311684	6000000002658106391
Q311687	6000000145406565833
Q311697	6000000016432667385
Q311699	6000000043466449253
Q31171069	6000000061727625821
Q311716	6000000009935278791
Q311719	5013258109200121137
Q311729	6000000046431446885
Q3117328	6000000155591357861
Q311737	6000000008917410977
Q311750	6000000105289839862
Q311752	6000000012965717830
Q311754	6000000002326114599
Q311757	6000000028202912025
Q311760	6000000075525160846
Q31177	6000000002188466582
Q311778	6000000015819746615
Q311779	6000000071475361107
Q31178	6000000006709551061
Q311782	6000000010851108351
Q311786	6000000002799432597
Q311789	6000000010269743224
Q311791	6000000026193157273
Q311793	6000000007763590362
Q3117939	6000000021510504079
Q311802	6000000069594377899
Q311804	6000000050559283039
Q311820	6000000002555486245
Q3118333	6000000021909020188
Q311839	6000000008735324008
Q31183958	6000000115261201843
Q31185475	6000000025932486207
Q31186453	6000000003326421218
Q31186453	6000000003326562173
Q3118797	6000000017334711373
Q311880	6000000020933588752
Q3118802	6000000001032974129
Q311885	6000000002746326589
Q311892	6000000053368170836
Q311895	6000000081024649851
Q31189516	6000000001876043542
Q311900	6000000032297952652
Q31191140	6000000013349990569
Q31191203	6000000025848162331
Q31191206	6000000025647516167
Q31191242	6000000005599170333
Q31191261	6000000006727858770
Q31191268	6000000004533196606
Q31191394	6000000005599137704
Q31191399	6000000006727741086
Q31191400	6000000006727741072
Q31191494	6000000016454132140
Q31191548	6000000027943775171
Q31191558	6000000003827464882
Q31191613	6000000034515734522
Q31191711	6000000024753121874
Q31191717	6000000016424718130
Q31191727	6000000024753916833
Q31191729	6000000024010391274
Q31191738	6000000029498410960
Q31191762	6000000025039815933
Q31191776	6000000017408108940
Q31191783	6000000027598127143
Q31191813	6000000016475086611
Q31191819	6000000023466922573
Q31191828	6000000025524814029
Q31191871	6000000028361611326
Q31191927	6000000051429067386
Q31191931	6000000001504993353
Q31191981	6000000003827542076
Q31192033	6000000015869591966
Q31192082	6000000001504991321
Q31192092	6000000005599217559
Q31192230	6000000026079263304
Q31192304	6000000025039621159
Q31192370	6000000026079319637
Q31192394	6000000013717610866
Q3119253	6000000013129929376
Q31192655	6000000005598924437
Q31192665	6000000003827470831
Q31192671	6000000037064299850
Q3119270	6000000032537419880
Q31192793	6000000057391753944
Q31192795	6000000014218182364
Q31192805	6000000009960046008
Q31192934	6000000022382011895
Q31192936	6000000014506408476
Q31192942	6000000024765337624
Q3119295	6000000041213733843
Q3119366	6000000004118994413
Q3119409	6000000090945851870
Q3119448	6000000077925021865
Q3119454	6000000136582713945
Q311956	6000000136772257866
Q3119581	6000000176355094830
Q3119606	6000000132855566075
Q3119619	6000000015871245369
Q311962	6000000177313603839
Q311966	6000000017432524985
Q311970	6000000076970901603
Q3119741	6000000008764161685
Q3119741	6000000188931868829
Q31197437	6000000001017618156
Q3119766	6000000003424941481
Q311980	6000000075765750892
Q3119816	6000000015714395597
Q31198476	6000000019855874154
Q3119876	6000000183410288821
Q31199015	6000000010284560917
Q31199249	6000000182780875845
Q311993	6000000009324817656
Q31199827	6000000015925806421
Q311999	6000000069651309822
Q3120005	6000000148579300844
Q31200318	6000000001038149680
Q3120048	6000000029980750988
Q312005	6000000032195586431
Q3120062	6000000108863641857
Q3120067	6000000075427087971
Q3120071	6000000021677787455
Q3120087	6000000003664197119
Q31200967	6000000001504778811
Q312011	6000000011068557919
Q3120113	6000000109312404901
Q312013	6000000078824439922
Q3120160	6000000014266260099
Q3120169	6000000164070895380
Q312017	6000000015089646236
Q31202543	6000000182756930830
Q31202551	6000000018090865978
Q31202553	6000000076104162980
Q31202554	6000000058248766997
Q31202555	6000000012773994577
Q3120257	6000000001745085878
Q312028	6000000004417291011
Q3120330	6000000001744821812
Q3120350	6000000002188615212
Q31203523	6000000033573562949
Q3120353	6000000002188424816
Q3120354	6000000030330962849
Q3120376	6000000021151672966
Q3120390	6000000015457910536
Q312043	6000000046717062839
Q312046	6000000010952030951
Q3120461	6000000171731578957
Q3120467	6000000009857327410
Q3120529	6000000034688081435
Q312055	6000000005583691688
Q312058	6000000157385227828
Q31206328	6000000036179538936
Q31206348	6000000045456784846
Q312069	6000000015454626927
Q31207124	6000000178246670320
Q312077	6000000180403082885
Q312081	6000000050897184072
Q312084	6000000018821871287
Q3120877	6000000012274032450
Q312088	6000000177207863942
Q3120915	6000000074727637943
Q312096	6000000176255434890
Q312098	6000000009658343176
Q31209949	6000000005556314001
Q31209972	6000000015931444876
Q3121031	6000000133192258824
Q3121039	6000000004947484845
Q3121041	6000000007714419480
Q3121047	6000000009843347103
Q3121051	6000000013542720640
Q3121055	6000000090122141077
Q3121065	6000000008546305000
Q312107	6000000009659884360
Q3121076	6000000038675367055
Q3121087	6000000021586251908
Q3121088	6000000002765877524
Q3121092	6000000113143694942
Q3121107	6000000066453294029
Q3121119	6000000001594769832
Q3121129	6000000012951312684
Q3121169	6000000024402087368
Q3121176	6000000006771732695
Q3121192	6000000112315185241
Q3121193	6000000017504393437
Q3121209	6000000077403048150
Q31212226	6000000001504778895
Q3121236	6000000081017387029
Q3121268	6000000003606262205
Q31213064	6000000167049797947
Q3121315	6000000178008066822
Q3121325	6000000025637088080
Q31213302	6000000126695302834
Q3121345	6000000001505252176
Q3121353	6000000026406648552
Q3121364	6000000023419617599
Q312137	6000000000782758395
Q3121371	6000000002765241317
Q31213813	6000000018854725746
Q3121390	6000000012859588479
Q31214179	6000000022367922879
Q3121456	1350207
Q3121469	6000000032815193806
Q3121487	6000000031641387219
Q3121506	6000000025892330996
Q312153	6000000065129577836
Q3121553	6000000009056610896
Q3121575	6000000018944633058
Q3121623	6000000122590308984
Q3121624	6000000080554215957
Q3121666	6000000092716914917
Q312167	6000000024970561296
Q3121749	6000000030945563915
Q3121772	6000000028475913396
Q3121811	6000000029161893316
Q3121891	6000000003510437059
Q3121964	6000000016943830320
Q3121969	6000000017035295821
Q3122011	6000000015824895438
Q31221	6000000027130919473
Q312215	4030318711310035066
Q3122178	6000000013115865979
Q3122208	6000000018766314324
Q3122217	6000000015098909945
Q3122254	6000000082590165821
Q3122281	6000000003219593531
Q3122291	6000000058369078830
Q3122301	6000000004657774694
Q3122308	6000000022837070125
Q31225	6000000006443232037
Q312252	6000000010733849238
Q312255	6000000081834162885
Q312258	6000000070473611008
Q312264	6000000035312703847
Q312270	6000000176954310901
Q312276	6000000096162022016
Q312279	6000000025757537771
Q312288	6000000024035012839
Q312290	6000000175722361822
Q312295	6000000137233053822
Q312297	4413892
Q312302	6000000068441775840
Q312305	6000000008379092382
Q312308	6000000069422850988
Q312311	6000000004533182051
Q312320	6000000022890764254
Q3123231	6000000031525892458
Q312324	6000000061745905869
Q312325	376371011260005780
Q312332	6000000035335980839
Q312348	6000000008926369704
Q312358	6000000171906649879
Q3123600	6000000020369543914
Q3123601	6000000110528493907
Q3123617	6000000172423943089
Q3123642	6000000010414876822
Q312368	6000000021168277997
Q3123699	6000000002348757801
Q3123722	6000000021097982012
Q3123822	6000000140297683872
Q312385	6000000073765443037
Q3123862	6000000002216872665
Q312387	6000000008899498621
Q312391	6000000021214864920
Q312392	6000000134089126208
Q3123956	6000000009317352796
Q312397	6000000020803407542
Q312398	5232627270720029740
Q312401	6000000080666979977
Q3124021	6000000018681935755
Q312405	6000000088236020863
Q312407	6000000008018541133
Q312412	6000000033378648852
Q3124127	6000000027487297556
Q3124136	6000000013135182551
Q3124139	6000000041126092719
Q3124196	6000000175129165944
Q3124220	6000000023233816970
Q3124367	6000000173079106823
Q3124411	6000000016997973504
Q3124435	313859154760006996
Q312454	6000000017063760578
Q3124567	6000000054250179821
Q3124592	6000000008994015421
Q312467	6000000028034226995
Q312472	6000000079451129056
Q312474	6000000056016678823
Q312483	6000000018515487040
Q312498	6000000007663811926
Q312499	6000000020065941006
Q312503	6000000002831295151
Q312514	6000000002398589265
Q312524	6000000055978119832
Q312531	6000000050520951014
Q312532	6000000030708196298
Q312535	6000000046989729972
Q312536	6000000001513541186
Q312539	6000000000984154399
Q312546	6000000013287415593
Q312547	6000000013143920476
Q312555	6000000013063447219
Q312556	6000000023939428100
Q3125564	6000000054359745836
Q3125606	6000000018291999004
Q312562	6000000123682035156
Q312564	6000000000889645003
Q312567	309445956990004626
Q312569	5543634524620063957
Q312570	6000000048539771999
Q312571	6000000000659934240
Q312573	6000000011261346313
Q312575	6000000041945646096
Q312577	6000000014138259139
Q312579	6000000167794532926
Q312581	6000000001573870037
Q312583	6000000002188479650
Q312585	6000000041946265877
Q3125876	6000000007711255944
Q3125887	6000000030251045347
Q312589	6000000002766361326
Q3125892	6000000040351034014
Q3125894	6000000029530953784
Q3125897	457473
Q31259	6000000013951497709
Q3125903	6000000001542267458
Q312591	6000000002831290156
Q312592	6000000000174222887
Q312593	6000000001877519558
Q3125932	6000000015951784570
Q312596	6000000006999512272
Q312601	6000000090671015902
Q312612	6000000001063172991
Q312626	6000000080118344164
Q312627	6000000015781083415
Q312628	6000000029854671937
Q312632	6000000029977667575
Q312635	6000000011112256335
Q312637	6000000178260695870
Q312638	6000000151268403831
Q312639	6000000017721873222
Q312641	6000000157172972821
Q312644	6000000013641535951
Q3126455	6000000017847908038
Q312656	6000000015814336945
Q312657	6000000028122144255
Q312663	6000000041151159819
Q3126647	6000000075501223915
Q312670	6000000000197326865
Q3126706	4565080
Q312673	6000000010289743960
Q312676	6000000021545829600
Q3126791	6000000002692348413
Q312680	6000000037993001509
Q3126803	6000000017833993313
Q312681	6000000000197563158
Q3126829	6000000007789447999
Q3126832	6000000002447394726
Q312685	6000000015581981386
Q3126924	6000000072396338822
Q3126937	6000000030450400220
Q3126938	6000000009512185823
Q3126942	6000000002764612957
Q3126966	6000000026468287481
Q312698	6000000006999560444
Q3126983	6000000036866501428
Q3126996	6000000048084240988
Q312700	6000000025955485591
Q312702	6000000180421479863
Q31270422	6000000183619551831
Q312720	6000000004089176111
Q312721	6000000014476697460
Q312722	6000000027900808353
Q312724	6000000046354167186
Q3127249	6000000002134793657
Q3127253	6000000004179989772
Q3127259	6000000002512272355
Q3127296	6000000015122188047
Q31273	6000000002193916054
Q3127381	6000000101844175843
Q312739	6000000029469884799
Q312743	6000000000936872723
Q3127468	6000000032693441133
Q3127494	6000000024758021875
Q31275258	6000000033049524450
Q31275286	6000000033049347765
Q31275316	6000000030183164835
Q31275353	6000000007236777327
Q31275381	6000000011729772863
Q3127575	6000000184141735823
Q3127576	6000000030190480017
Q312758	6000000021123579412
Q3127597	6000000041057523817
Q3127601	6000000035698582397
Q3127615	6000000060172614172
Q3127622	6000000011361885446
Q3127629	6000000039505713346
Q3127639	6000000019963315561
Q312769	6000000007445159566
Q31276936	6000000014013644083
Q31276942	6000000014013903921
Q31277306	6000000007021228027
Q3127757	6000000147114777870
Q31277767	6000000022361883652
Q31277799	6000000022389820888
Q312778	6000000174748873946
Q31277837	6000000010707174237
Q3127796	6000000038300531207
Q31278010	6000000019342716626
Q312782	6000000013407412075
Q31278252	6000000016323154661
Q31278279	6000000023198260107
Q31278281	6000000021546210102
Q31278299	6000000008787657279
Q31278302	6000000029300549604
Q31278349	6000000019343564050
Q3127843	6000000090607429836
Q3127851	6000000030527993255
Q3127854	6000000003581315710
Q312786	6000000027428026294
Q3127877	6000000018599005248
Q3127887	6000000001868073398
Q3127892	6000000176168434869
Q3127895	6000000005923370969
Q3127899	6000000042469142858
Q312790	6000000017929092263
Q312792	6000000016123893237
Q3127926	6000000021903192054
Q312794	6000000015729584112
Q3127945	6000000120565302852
Q3127975	6000000021199142726
Q312799	6000000209510196864
Q31279901	6000000008137624964
Q3128	6000000019202092173
Q312801	6000000052379563937
Q3128023	6000000142038481036
Q3128029	6000000044431903236
Q312803	6000000015711989372
Q3128043	6000000048152574162
Q312806	6000000046034446824
Q31281365	6000000014431099443
Q312814	6000000140189010115
Q312819	6000000000669087363
Q312829	6000000019499189115
Q3128307	6000000020212064013
Q312831	6000000024198655631
Q312833	6000000022048574852
Q312843	6000000041842247677
Q312845	6000000013083087848
Q312849	6000000002479429060
Q312851	6000000015878610478
Q312857	6000000022451256224
Q31286	6000000018460887764
Q31286149	6000000009065202751
Q312863	6000000016868599203
Q312870	6000000034771559308
Q312874	6000000014654325007
Q31287675	6000000013951863897
Q312878	6000000021797103222
Q312881	6000000088268067895
Q312883	6000000027312232168
Q312885	6000000076193023875
Q3128877	6000000177123513880
Q3128883	6000000013591587899
Q3128890	6000000180939689867
Q312891	6000000181484357851
Q3128928	6000000127035065980
Q312894	6000000002661919786
Q312895	6000000016699370760
Q3128961	6000000001724898522
Q3129097	6000000036971293334
Q31291	6000000002188461222
Q312913	6000000004285169194
Q3129153	6000000016438844553
Q3129198	6000000008118917447
Q31292	6000000023385181078
Q3129288	6000000112947558999
Q31293	6000000076021097832
Q3129301	6000000026680604645
Q3129338	6000000008778922864
Q312941	6000000008797247037
Q3129423	6000000014826770386
Q3129424	6000000034008043911
Q3129427	6000000137125633865
Q3129431	6000000008358391413
Q3129469	6000000031521276916
Q312948	6000000006134860435
Q3129490	6000000076832250083
Q3129496	6000000004097776900
Q312950	6000000010753264945
Q3129505	6000000015268632620
Q3129535	1539069
Q312961	6000000013155413316
Q312963	6000000013155644595
Q3129637	6000000013246234811
Q3129643	6000000000845714254
Q3129672	6000000017908054305
Q3129680	6000000176693995887
Q312971	6000000015743690934
Q312975	6000000034668073211
Q312984	6000000063936694910
Q312985	6000000030177185523
Q312990	6000000003815319051
Q312997	6000000004562962686
Q3130115	6000000030843978642
Q313013	6000000002447377217
Q313020	6000000014024356228
Q3130255	6000000137107745827
Q313027	6000000021570555126
Q3130307	309934505620002362
Q3130312	6000000155154963833
Q313032	6000000048936642128
Q3130336	6000000079787378323
Q313034	6000000073859351868
Q3130345	6000000017141780070
Q313035	6000000026591056481
Q3130355	6000000021423195262
Q3130385	6000000022517397343
Q313039	6000000016510677761
Q3130397	6000000026872185717
Q313040	6000000027085512345
Q3130401	6000000177082203866
Q3130414	6000000039999016467
Q3130424	6000000030193387338
Q313044	6000000029823148526
Q3130459	6000000035092539057
Q313046	6000000026966194587
Q313047	6000000014761580952
Q3130473	6000000014280288237
Q313049	6000000033104914955
Q3130545	6000000006514238004
Q313055	4414701787670038729
Q3130553	6000000180679140833
Q3130562	6000000004122444128
Q313059	6000000017387417088
Q313061	6000000010093779600
Q313063	6000000017432579482
Q3130656	6000000027585815585
Q313067	6000000000026519224
Q3130697	6000000035243432267
Q3130705	6000000164663199955
Q313073	6000000002884957019
Q3130733	6000000004348778638
Q313074	6000000012858248345
Q313080	6000000017488023144
Q3130830	6000000181513350831
Q3130838	6000000058532671821
Q313087	6000000002564082381
Q313093	6000000000536114096
Q313095	6000000159580679881
Q3130985	6000000029695108138
Q3131020	6000000180319758867
Q3131034	6000000009350277110
Q313107	6000000036269979161
Q313108	6000000139470584312
Q3131085	6000000124280989847
Q3131089	6000000002188450732
Q313110	6000000024638555581
Q3131113	6000000024802942656
Q313117	6000000019456342096
Q3131179	6000000021611698163
Q313122	6000000001237624591
Q313124	6000000015801270158
Q3131240	6000000128583464006
Q3131244	6000000007962734688
Q313128	6000000000668746132
Q313133	6000000006796365092
Q3131372	6000000019954688056
Q313139	6000000140213439833
Q3131417	6000000074691005849
Q3131438	6000000089376157928
Q3131449	6000000016538997930
Q3131485	6000000113126202991
Q31314889	6000000171957488900
Q3131496	6000000045392559862
Q3131510	6000000022144030991
Q3131517	6000000001882789877
Q3131525	6000000073416222088
Q3131617	6000000179836446896
Q3131637	6000000001355792626
Q3131640	6000000172040255830
Q3131659	6000000083814538861
Q3131665	6000000091706803858
Q313167	6000000002188374516
Q3131671	6000000013037508660
Q3131677	6000000001318193237
Q313168	6000000000495990326
Q313169	6000000002235247198
Q3131696	6000000001388856072
Q31317	6000000052761349885
Q3131726	6000000001881682243
Q3131750	6000000016422054830
Q313177	6000000040874711783
Q3131867	6000000156777530834
Q313188	6000000141114752975
Q313191	6000000003581829056
Q3131912	5355812839660088697
Q3131913	6000000062686266046
Q313194	6000000011853367614
Q3131941	6000000038903185821
Q313195	6000000071866919921
Q313196	6000000003493284911
Q3131961	6000000111795568020
Q313198	4662890470420127910
Q3131983	6000000079450077029
Q313199	6000000020329246230
Q3131995	6000000000309706610
Q313204	6000000017639087684
Q3132055	6000000058255173877
Q313211	6000000015810447185
Q3132125	6000000176827444856
Q3132132	6000000026123467316
Q3132193	6000000035714667812
Q3132200	6000000100798901028
Q3132207	6000000018524877855
Q3132214	6000000010049835109
Q3132239	6000000014784706468
Q3132243	6000000014784664272
Q3132248	6000000008952610862
Q3132252	6000000014295174253
Q3132257	6000000003353252263
Q3132274	6000000008667088456
Q313228	4613184957350069379
Q3132280	6000000015738077677
Q3132290	6000000021582957414
Q3132295	6000000007036873105
Q3132307	6000000021169189756
Q3132311	6000000032275200007
Q3132348	6000000177958232835
Q3132362	6000000002765016668
Q3132394	6000000002765877378
Q3132398	6000000021214397225
Q3132414	6000000004286903358
Q313243	6000000008873652563
Q313246	6000000021466013535
Q3132466	6000000010953194501
Q3132478	6000000002188450174
Q3132481	6000000006875348528
Q3132484	6000000016040087358
Q3132490	6000000018164719438
Q3132493	6000000071730697030
Q3132495	6000000022971446912
Q3132501	6000000009196964841
Q313252	6000000011472600853
Q313256	6000000011913337865
Q313258	6000000015813868523
Q3132583	6000000008127116095
Q3132592	6000000016507915256
Q3132594	6000000003615438151
Q3132605	6000000015271575592
Q3132618	6000000020473808402
Q313262	6000000000307254243
Q3132635	6000000003494879711
Q3132646	6000000015587817518
Q3132658	6000000027898065697
Q313266	6000000018493065433
Q3132661	6000000000632048618
Q3132669	6000000014495982469
Q3132672	6000000010570551834
Q3132695	6000000113723455942
Q313270	6000000006823925266
Q3132705	6000000045238851729
Q3132719	6000000004867392396
Q3132751	6000000014177072066
Q3132760	6000000092566496835
Q3132765	6000000003410801789
Q3132777	6000000015454839342
Q3132788	6000000011772129251
Q313279	6000000015688977172
Q3132795	6000000004677109306
Q3132799	6000000025703471320
Q3132805	6000000019204261449
Q313281	6000000036433242450
Q313283	6000000022338150243
Q3132833	6000000077896825181
Q3132841	6000000025592065026
Q3132866	6000000009592489290
Q3132874	6000000027311833891
Q313288	6000000076353259874
Q3132880	6000000012534038237
Q3132884	6000000011290010271
Q313289	6000000051819969531
Q3132896	6000000042716456923
Q3132913	6000000014279042526
Q3132921	6000000001665198425
Q3132938	6000000043329507747
Q3132951	6000000035207535913
Q3132954	6000000015351769856
Q3132966	6000000009093466225
Q3132978	6000000036186666208
Q3132983	6000000016251366127
Q3132989	6000000012936270631
Q3133006	6000000030205960569
Q3133008	6000000071139067872
Q3133018	6000000046588587210
Q313302	6000000009948873086
Q3133031	6000000059226038969
Q3133041	6000000008150404264
Q313306	6000000055365509117
Q3133064	6000000029074456116
Q3133068	6000000039876577945
Q3133070	6000000015430744543
Q3133085	6000000028001798131
Q3133089	6000000077949978813
Q3133096	6000000128240146899
Q3133103	6000000032699845224
Q3133106	6000000019373635163
Q3133114	6000000019325120137
Q3133116	6000000000628851047
Q3133144	6000000005664462462
Q3133145	6000000012859789471
Q3133151	6000000035545153916
Q3133152	6000000000682046271
Q3133158	6000000015877027724
Q3133178	6000000177850950827
Q313319	6000000003421224344
Q3133191	6000000000796845416
Q3133192	6000000018499681628
Q3133197	6000000009699887600
Q3133229	6000000016931231323
Q313324	6000000075398814949
Q3133240	6000000022954917246
Q313327	6000000016697326798
Q313327	6000000074753858851
Q3133277	6000000077448120636
Q3133389	6000000068777542961
Q3133396	6000000171895541956
Q3133445	6000000038420101947
Q3133451	6000000075267227923
Q3133456	6000000008059853602
Q3133463	6000000183303047857
Q3133466	6000000006760830091
Q3133473	6000000013310396880
Q3133500	6000000009710729314
Q3133501	6000000107022064928
Q3133506	6000000101136974896
Q3133511	6000000009729202347
Q3133515	6000000077247834479
Q3133524	6000000018195099345
Q313353	6000000194982331831
Q3133543	6000000011433965705
Q3133589	6000000021184749586
Q313359	6000000059892601320
Q3133593	6000000010340380102
Q313364	6000000034314228223
Q3133674	6000000103912384998
Q31337	6000000075398510907
Q313371	6000000010542164265
Q313374	6000000016425061509
Q313379	6000000039613306704
Q313381	6000000008763977199
Q313384	6000000021776113649
Q313386	6000000030018208628
Q3133876	6000000007589060569
Q313388	6000000015207315259
Q313392	6000000041757598113
Q313395	6000000093044965839
Q3133951	6000000026781485037
Q3133951	6000000199095768062
Q3133959	6000000172204055892
Q313396	370822999470007686
Q3134055	6000000022394626105
Q313407	6000000005775233208
Q3134077	6000000031908116238
Q3134091	6000000050480343851
Q3134102	6000000044018640916
Q313411	6000000017865423054
Q3134188	6000000056950177914
Q3134223	6000000014241500536
Q313426	6000000000628777296
Q3134356	6000000006112544020
Q313436	6000000095455778225
Q313443	6000000021915042212
Q313445	6000000003006347228
Q3134450	6000000014207530323
Q313447	6000000012841619265
Q313455	6000000186109045863
Q313456	6000000014487889313
Q313457	6000000136545059853
Q313458	5578177628670084987
Q313463	6000000014833231606
Q313464	6000000178286131822
Q313466	6000000034212166245
Q313470	6000000008330834592
Q313482	6000000017199218874
Q313486	6000000042763760880
Q313492	6000000006254415832
Q3134923	6000000080750607106
Q313494	6000000000628842481
Q313494	6000000141096915828
Q313498	6000000008415645798
Q3135001	6000000016922144180
Q313509	6000000014326387247
Q313518	6000000025313984972
Q313519	6000000033652387923
Q313522	6000000071299121870
Q31352432	6000000173707863481
Q313525	6000000028206662731
Q313526	6000000141061821884
Q313528	6000000155829371866
Q313529	6000000002225376190
Q313531	348113873530011399
Q3135319	6000000026781166165
Q313533	6000000035989520107
Q313537	6000000076568014039
Q313540	6000000069986795119
Q313545	6000000130478735833
Q313546	6000000006782673726
Q313550	6000000019965481406
Q3135524	6000000108629928825
Q313553	6000000114834579874
Q3135539	6000000025260162926
Q313556	6000000035211428935
Q3135566	6000000181560830822
Q313557	6000000011157153474
Q3135589	6000000020154225491
Q313559	6000000037349680798
Q313568	6000000006902959211
Q313572	6000000000963892914
Q313574	6000000003109261286
Q313578	6000000033115864358
Q313579	6000000075497870985
Q313583	6000000009544369044
Q313584	6000000016644081459
Q313588	6000000024171168654
Q3135880	6000000003512438414
Q313591	6000000014256046079
Q313595	6000000002703667463
Q313598	6000000012826981036
Q3136008	6000000017769586487
Q313603	6000000036424345356
Q313605	6000000057250865238
Q3136091	6000000021429351016
Q3136117	6000000003403583257
Q3136132	6000000105891869847
Q3136147	6000000181890070833
Q3136150	6000000003273396694
Q313618	6000000010132892417
Q3136197	6000000082840460365
Q3136211	6000000008439743003
Q313623	6000000017877220221
Q313627	6000000141725989833
Q3136493	6000000004869028945
Q313650	6000000030105119038
Q3136526	6000000004147306210
Q3136543	6000000075481080897
Q313656	6000000176073982866
Q3136599	6000000020723239481
Q313660	6000000048536468000
Q313666	6000000180813740879
Q313667	6000000017107267133
Q313668	6000000118241568855
Q313670	6000000077299575715
Q313674	6000000045291728949
Q3136761	6000000000519882802
Q313683	6000000046883794041
Q3136833	6000000023280361495
Q313686	6000000001650703755
Q313691	6000000002140747409
Q313693	6000000017441863087
Q313696	6000000003098294985
Q313697	6000000020108610163
Q3137	6000000054922120424
Q313701	6000000017088995094
Q313705	3922622215850127891
Q31370597	6000000019665173962
Q313708	6000000100225008839
Q313709	6000000070731715041
Q313714	6000000015600487628
Q313717	6000000141018563039
Q313721	6000000006954317556
Q313727	6000000004670251138
Q313739	6000000081427283275
Q313744	6000000014885440339
Q313755	6000000015935082444
Q3137575	6000000002852290879
Q313758	6000000034933652834
Q313765	6000000002348757735
Q313769	6000000070776425452
Q313771	6000000000307240333
Q313776	6000000015830746042
Q313778	6000000104302914822
Q3137806	6000000009034882252
Q313785	6000000020460732719
Q313788	6000000012787958248
Q3137921	6000000179930476867
Q3137942	6000000088571354143
Q313805	309421780320007092
Q313811	6000000109028240091
Q313817	6000000003656314464
Q313820	6000000029781480605
Q313828	6000000011870881265
Q313829	6000000007817885639
Q313831	6000000065013068849
Q313832	6000000000043387983
Q31384253	6000000032505568558
Q313843	6000000016122271645
Q3138460	6000000075611923895
Q3138473	6000000008890138744
Q3138492	6000000110569763909
Q313857	6000000000693695295
Q313863	6000000036887571515
Q313868	6000000073315958073
Q3138701	6000000029175849258
Q3138715	6000000021165921945
Q3138725	6000000011546106618
Q3138736	6000000000620486045
Q3138766	6000000040403925029
Q3138805	6000000009658355365
Q313885	6000000021794892376
Q313896	6000000016068731181
Q313899	6000000008741900637
Q313906	6000000009870925574
Q313908	6000000123024584854
Q313917	6000000014261177425
Q313918	6000000035507677348
Q313925	5070522609870039927
Q313931	6000000026325934192
Q3139319	6000000017816586798
Q313932	6000000020033816035
Q313941	6000000048384709977
Q3139445	6000000081292257206
Q313947	6000000029705640280
Q3139673	6000000026504193489
Q313970	6000000038340251960
Q313972	6000000015817253298
Q313976	6000000010780477313
Q313982	6000000019470427078
Q313992	6000000025818672561
Q313997	6000000218048092842
Q314000	6000000013071709487
Q314004	6000000079037960928
Q314006	6000000048605316829
Q3140134	6000000002188035655
Q314016	6000000022428151895
Q314019	6000000018253884146
Q31401937	6000000002165165806
Q314022	6000000036141822165
Q3140237	6000000040004681854
Q3140265	6000000023813922864
Q3140453	6000000032702220280
Q3140470	6000000012609914645
Q3140471	6000000004079799438
Q3140477	6000000029940293387
Q3140479	6000000082532947401
Q3140480	6000000074386978869
Q3140481	6000000064680531829
Q3140499	6000000007536750758
Q3140505	6000000079430064651
Q3140507	6000000018460574100
Q314059	6000000169333849855
Q3140626	6000000001747218947
Q314067	6000000071298399347
Q314078	6000000178602173855
Q3140846	6000000002802601482
Q3140854	6000000050375667970
Q3140992	6000000021851824452
Q314133	6000000043227440980
Q314135	6000000020021599734
Q314142	6000000001758263003
Q3141524	6000000182785762825
Q314158	6000000003834434334
Q3141634	6000000018100323033
Q3141659	6000000002969916826
Q3141660	6000000031054522929
Q314182	3744414
Q3141837	6000000075425421123
Q314185	6000000081019926835
Q314189	6000000046249288209
Q314193	6000000019290228090
Q3141942	6000000014772885149
Q3141950	5053681522870125420
Q314196	5666241058470027358
Q3142058	6000000001172028228
Q314210	6000000055529170984
Q314210	6000000074716187001
Q3142104	6000000032599789469
Q3142119	6000000127072021852
Q3142136	6000000001354069908
Q314215	6000000013018546275
Q3142150	6000000018705330204
Q314221	6000000151117045006
Q3142224	6000000053328627279
Q314223	6000000062780970821
Q3142236	6000000003721019886
Q3142254	6000000012593222043
Q314227	6000000080206791849
Q3142326	6000000003646902461
Q3142347	6000000025637484400
Q3142387	6000000019856770201
Q3142398	6000000002058588550
Q3142514	6000000049810875970
Q3142516	6000000001126515902
Q314252	6000000033575296947
Q314256	6000000005582272742
Q3142636	6000000051075425999
Q314265	6000000002719473096
Q3142663	5379059181340135676
Q314267	6000000000815549523
Q314269	6000000172904578822
Q3142718	6000000000154017917
Q3142734	5340134799390024855
Q3142763	6000000028104573800
Q314278	6000000035313149697
Q3142797	6000000065913670920
Q314284	6000000011839146344
Q314287	6000000141984687885
Q314290	6000000067139702922
Q3142946	6000000141005217871
Q3142953	6000000128530535963
Q3142976	6000000017199307460
Q3143008	6000000005606976813
Q314308	6000000078391614284
Q314312	6000000074897944839
Q3143227	6000000015096370766
Q314325	6000000003702860714
Q314333	6000000012773558024
Q314335	6000000003043292813
Q314339	6000000026062654559
Q3143555	6000000000711796070
Q3143585	6000000049439712045
Q3143604	6000000019746379164
Q314362	4404388579950028916
Q314384	6000000004345820211
Q314397	6000000011762898695
Q31440092	6000000052130641972
Q314403	6000000010193109713
Q314415	6000000176936580881
Q3144219	6000000125232419852
Q314424	6000000033518289165
Q314427	6000000151438219928
Q314436	6000000004629081274
Q314454	6000000001169157138
Q314458	6000000215639292826
Q3144640	6000000012952199386
Q3144643	6000000003761683820
Q3144652	6000000046732481868
Q3144700	6000000134969329082
Q3144703	6000000015593128535
Q314471	6000000035710527664
Q3144749	6000000005945345451
Q314477	6000000003243418287
Q3144813	6000000038538572153
Q3144822	6000000179359039856
Q314484	6000000023683634827
Q3144861	6000000173794342919
Q3144863	4756229155930029673
Q3144873	6000000018800013144
Q3144895	6000000002765016788
Q314490	5473900890130120000
Q314492	5604233735830047570
Q314498	6000000007436289408
Q3144991	6000000029598563282
Q314502	6000000029158106263
Q314514	6000000002180978779
Q314535	6000000181026736858
Q314545	6000000048752357013
Q314548	6000000077263012825
Q314553	6000000047333767272
Q314558	6000000006444205651
Q314565	6000000012836666743
Q314569	6000000040954832999
Q31459807	6000000124541602833
Q314603	6000000006713349307
Q314623	6000000069985666716
Q314633	6000000012699656407
Q314636	6000000032191303426
Q314640	6000000013123217818
Q314657	6000000037434334068
Q31466696	6000000008357958634
Q314667	6000000060265895105
Q314669	6000000144741922907
Q314670	6000000068435893833
Q314673	6000000009988746562
Q314675	6000000012960818664
Q314679	6000000002764440372
Q314683	6000000076457509292
Q314696	6000000015442791349
Q314700	5416375301440105039
Q314702	6000000185308743861
Q314704	6000000070971789892
Q3147207	6000000025417544820
Q3147302	6000000010882219283
Q3147638	6000000000320773463
Q314771	6000000016520348752
Q314773	6000000001413233105
Q3147757	6000000073122692853
Q3147761	6000000006918960445
Q3147763	6000000006348397353
Q3147767	6000000018098467406
Q3147769	6000000027432448236
Q3147980	6000000017875081466
Q314801	6000000017799845342
Q314810	6000000006727781088
Q314812	6000000008066901744
Q314814	6000000022515587265
Q3148152	6000000026745529404
Q3148159	6000000113715459849
Q3148165	6000000080508074340
Q3148168	6000000008838603362
Q314817	6000000011626674938
Q3148179	6000000049014377939
Q3148181	6000000088446467891
Q3148189	6000000192979254835
Q3148234	6000000121142885889
Q314826	6000000012923008915
Q314828	6000000035213803121
Q3148291	6000000001678922695
Q314834	6000000015096663162
Q314843	6000000002765859611
Q314856	6000000091263558843
Q314863	6000000024520388340
Q3148641	6000000004664451477
Q314868	6000000013416899863
Q3148711	6000000001715447776
Q314877	6000000027521743776
Q3148774	6000000025592868542
Q3148776	6000000164404063821
Q314882	6000000097525924257
Q3148851	6000000026038594397
Q314886	6000000049568705372
Q314889	6000000011868759639
Q314892	6000000180248348834
Q314897	6000000008744815300
Q3148973	6000000021947867416
Q3148974	6000000021947632579
Q314905	6000000010657262761
Q314914	6000000092344495205
Q314917	6000000005051465993
Q314926	6000000027803520130
Q314929	6000000149627161822
Q314938	6000000012664555363
Q314947	6000000016538036090
Q314954	6000000075974776948
Q314957	6000000017823905948
Q314960	6000000020959400647
Q314972	6000000016003332281
Q314975	6000000078647242300
Q314987	6000000183317025866
Q315015	6000000076156999997
Q315020	6000000088721139858
Q31502956	6000000176985809821
Q315031	6000000001825764855
Q315034	6000000010251483554
Q315037	6000000014063243888
Q315048	6000000015641235537
Q315051	6000000008914765920
Q3150539	6000000006816311899
Q315062	6000000026079383096
Q315066	6000000037324731192
Q315072	6000000031626011159
Q315077	6000000043432288090
Q315083	6000000027340741738
Q315087	6000000007489189690
Q315090	6000000032597237175
Q315099	6000000008670705015
Q315102	6000000037155040986
Q315123	6000000191058011859
Q315129	6000000177079360922
Q315143	6000000041492828897
Q315150	6000000051045199087
Q315155	6000000181913463844
Q315160	6000000013258663556
Q315185	6000000064638494130
Q315188	5156711535890058778
Q315203	6000000016215619175
Q315205	355988362860002951
Q315208	6000000054488609831
Q315217	6000000093896652987
Q315220	6000000021096646598
Q315222	6000000031044081019
Q315223	6000000002764440812
Q315231	6000000024986038295
Q315241	6000000151402092082
Q315251	6000000143189858051
Q315255	6000000056873804003
Q315258	6000000069615393025
Q315262	6000000002361968594
Q315266	6000000014566958143
Q315269	6000000093043634428
Q315271	6000000008053133832
Q315333	6000000142665333841
Q315340	6000000040373981889
Q315343	6000000025281346278
Q315344	6000000012627155366
Q315346	6000000024715686746
Q315366	6000000016117603108
Q315374	6000000024639402003
Q315387	6000000017746692476
Q315394	6000000000493685686
Q315396	6000000000506999788
Q3153989	6000000022558767804
Q315399	6000000040919311009
Q3154038	6000000003515488619
Q315404	6000000042457855167
Q315405	6000000028375713806
Q315408	6000000079210538053
Q315422	6000000084274060886
Q3154224	6000000006128178607
Q315431	6000000042454713339
Q315434	6000000049546110828
Q315437	6000000010031431264
Q315439	6000000040886814794
Q3154398	6000000076101022832
Q3154408	6000000076912297342
Q315441	6000000012787344874
Q3154495	6000000029096837269
Q3154496	6000000007324411270
Q315454	6000000100809129822
Q3154602	6000000029140087465
Q3154603	6000000035797456800
Q3154609	6000000123532922888
Q3154611	6000000026768237794
Q3154613	6000000004172845850
Q3154617	6000000039255025846
Q3154622	6000000175851098835
Q3154624	6000000179846563900
Q3154632	6000000090353019241
Q315467	6000000083568412989
Q3154674	6000000074705547101
Q3154736	6000000001973362883
Q3154742	6000000012900081426
Q3154745	6000000001655678170
Q3154754	6000000002764975952
Q3154768	6000000014144662373
Q3154775	6000000010570857826
Q3154777	6000000000284167795
Q3154783	6000000013024446435
Q3154785	6000000169683692988
Q3154793	6000000001877477892
Q3154819	6000000026454072131
Q3154838	6000000042019733665
Q3154846	6000000010050554239
Q3154857	5148953106340037291
Q3154865	6000000130147364853
Q315487	6000000028563104215
Q315488	6000000018859295508
Q315490	6000000000700865415
Q3154911	6000000000429903782
Q3155052	6000000049811815883
Q315509	6000000006444214737
Q3155100	6000000073438088896
Q315511	6000000015198504133
Q315514	6000000046714359830
Q3155297	6000000016866625590
Q3155302	6000000038017318026
Q315531	6000000025510846168
Q3155323	6000000026575787502
Q315533	6000000004096653035
Q315537	6000000026628072152
Q315540	6000000035121539034
Q3155410	6000000177091489822
Q3155418	6000000066379365924
Q315542	6000000001183863535
Q315545	6000000000518246379
Q315547	6000000008053020609
Q3155626	316888129580005951
Q3155643	6000000017175362256
Q3155667	6000000026615357483
Q3155670	6000000004588130430
Q315572	6000000041535524396
Q3155758	6000000102713711850
Q3155881	6000000145341557974
Q3155882	6000000069488208966
Q3155887	6000000066554396932
Q315589	6000000181196700879
Q315597	6000000012608430758
Q315601	6000000013103494419
Q3156059	6000000004541780171
Q315607	6000000004594227134
Q315610	6000000001162187524
Q3156112	6000000008679208163
Q3156115	6000000006605669390
Q3156138	6000000013999372080
Q315615	6000000015208600499
Q3156157	6000000041195381041
Q3156178	6000000036721759208
Q315618	6000000013126611376
Q3156202	6000000107691646933
Q315626	6000000010084256325
Q315637	6000000019677254483
Q3156414	6000000040041411633
Q315643	6000000027434646030
Q315647	6000000011844664280
Q3156518	6000000060929126848
Q315656	6000000014095707085
Q315662	6000000017035965460
Q3156800	6000000184240431828
Q3156835	6000000015876407919
Q315691	6000000017310697661
Q315701	6000000039610423179
Q315707	6000000085427505823
Q3157085	6000000080389376966
Q3157162	6000000075740862197
Q3157165	6000000011913885784
Q3157197	6000000009406438269
Q3157216	6000000103658692839
Q315723	6000000003266693346
Q3157239	6000000075894123010
Q315728	6000000016748152318
Q3157296	6000000070479771114
Q315734	6000000010059383963
Q3157345	6000000028026711861
Q3157401	6000000149629648856
Q315746	6000000027022579498
Q315747	6000000086498253881
Q315750	6000000075928610049
Q3157516	6000000017046841714
Q3157526	6000000018284169993
Q3157544	6000000017616047073
Q3157549	6000000029511328834
Q3157553	6000000019241351381
Q315756	6000000001711087179
Q3157564	6000000019806999151
Q3157568	6000000002819086517
Q3157582	6000000100427340966
Q3157586	6000000041752810220
Q315761	6000000119170862833
Q3157625	6000000004877295170
Q3157630	6000000029259978611
Q3157632	6000000004100481283
Q3157647	6000000015651604513
Q3157649	6000000090836257847
Q3157703	6000000044018890821
Q3157781	6000000173900926967
Q3157809	6000000010090724980
Q3157951	6000000008246829878
Q3157958	6000000077327524118
Q3157962	6000000052005654389
Q3157974	6000000092112810858
Q3158019	6000000027474210627
Q315805	6000000034220587274
Q3158062	6000000058980794833
Q3158068	6000000025203004534
Q315808	6000000026904759947
Q3158137	6000000119025435852
Q3158141	6000000020170627813
Q3158160	6000000079565122904
Q3158164	6000000174358616623
Q315817	6000000166928327823
Q315819	6000000010831688502
Q3158191	6000000009638498802
Q3158201	6000000019566034739
Q3158215	6000000015638794269
Q315826	6000000006804894407
Q3158260	6000000010373140307
Q3158302	6000000176857433841
Q3158307	6000000021421368336
Q315842	6000000018388650349
Q3158427	6000000017022196223
Q3158458	6000000076219610912
Q315846	6000000001548136270
Q315847	6000000028139517998
Q3158503	6000000002770846077
Q315855	6000000115125387875
Q3158550	6000000026902993027
Q3158589	6000000140730218906
Q3158635	6000000000324544254
Q3158650	6000000085741343848
Q3158748	6000000058010871862
Q3158790	6000000028187395654
Q3158850	6000000018681914515
Q3158900	6000000000014808914
Q3158954	6000000017088946342
Q3158966	6000000182561530985
Q3159047	6000000000335015837
Q3159087	6000000002765746356
Q3159088	6000000010132455665
Q3159090	6000000019687757712
Q3159092	6000000021390527321
Q315910	6000000194912899841
Q3159125	6000000040557997899
Q3159145	6000000015746830232
Q3159185	6000000017104698587
Q3159212	6000000034911942064
Q3159216	6000000021958654982
Q3159225	6000000027820354110
Q3159284	6000000065745882885
Q3159290	4310134272270067749
Q3159315	6000000010486708715
Q3159373	6000000003419104651
Q3159386	6000000052867393842
Q3159402	6000000045392999829
Q3159417	6000000001079335226
Q3159448	6000000001547858202
Q3159451	4984132815140081939
Q3159499	6000000021577566700
Q3159546	6000000019821212549
Q3159583	6000000014688012847
Q315963	6000000014578775016
Q3159637	6000000089212017822
Q3159638	6000000028395870892
Q3159645	6000000030226167955
Q3159655	6000000179071287823
Q3159657	6000000017139767339
Q3159658	6000000020757759871
Q315967	6000000029809900171
Q315970	6000000165981439938
Q3159766	6000000082237980811
Q3159775	6000000184353295906
Q315979	6000000015354904022
Q3159800	6000000043592092856
Q3159847	6000000020537136330
Q3159859	6000000171057482630
Q3159865	6000000003377586654
Q3159869	6000000000753963040
Q315989	6000000002002926518
Q3159931	6000000022778811293
Q3159945	6000000026028848546
Q315996	6000000011853438064
Q3159977	6000000180374709853
Q3159978	6000000002664394872
Q3159982	6000000023820862938
Q315999	6000000008959515739
Q3159990	6000000023252768098
Q3159992	6000000002802960279
Q3160001	6000000002834047178
Q3160017	4756229178210023533
Q316003	6000000027978699111
Q3160060	6000000177060381876
Q3160089	6000000164813298822
Q3160102	6000000029072900480
Q316016	6000000007435722313
Q316022	6000000141911131937
Q3160236	6000000022171366135
Q3160257	6000000004280459837
Q3160258	6000000022781531429
Q3160281	6000000008732845518
Q3160285	6000000002764803025
Q3160321	6000000016719998174
Q3160337	6000000112581706825
Q316041	6000000118338766821
Q316045	6000000029039995313
Q316051	6000000084327152872
Q3160566	6000000010650834093
Q316064	6000000001167867532
Q3160672	6000000070769255852
Q316070	6000000003966465560
Q316076	6000000000307282186
Q316086	6000000079402986012
Q3160899	6000000008044026393
Q3160903	6000000038295677901
Q3160909	6000000020290893833
Q3160917	6000000001319777114
Q3160951	6000000007036072117
Q3160966	6000000041039032590
Q3160976	6000000013329183239
Q3160977	6000000003458288310
Q3160981	6000000019268918211
Q3160988	6000000006174980953
Q3160991	6000000014147452159
Q3160995	6000000032087567835
Q3161002	6000000086131779865
Q3161009	6000000018966212838
Q3161014	6000000000986455230
Q3161018	6000000036486182457
Q3161018	6000000172098858834
Q3161026	6000000177266241851
Q3161042	6000000013229699841
Q3161050	6000000029074539842
Q3161053	6000000015222003147
Q3161056	6000000183595159844
Q3161065	6000000037403937982
Q3161069	6000000076893541520
Q3161092	6000000024316663981
Q316110	6000000008662430040
Q3161114	6000000006252292726
Q3161115	6000000017258527415
Q3161145	6000000021393127871
Q3161146	6000000013333510717
Q3161167	6000000012965362013
Q3161175	6000000023011949120
Q3161190	6000000084704178773
Q3161193	6000000041216379532
Q3161223	6000000175186419409
Q3161227	6000000000140167030
Q3161300	6000000033907175249
Q3161314	6000000183595101835
Q3161332	6000000011196708816
Q3161363	6000000019922689158
Q3161370	4986705232500020302
Q3161388	6000000074683249872
Q3161419	6000000016680292365
Q3161421	6000000026438086265
Q3161428	6000000006059728021
Q3161442	6000000021502865392
Q3161452	6000000024866024827
Q3161469	6000000013805421564
Q316147	6000000224137591856
Q3161474	6000000002764431469
Q3161475	6000000001592133203
Q3161477	6000000012935824002
Q3161480	6000000050028255848
Q3161487	6000000002704523067
Q3161488	6000000052902729865
Q3161494	6000000029443855132
Q3161564	6000000044922848823
Q3161625	6000000172613352828
Q3161626	6000000005791896747
Q3161630	6000000030349801287
Q3161663	6000000007172821677
Q3161688	6000000003273408161
Q3161703	6000000059352394986
Q3161729	6000000006592000630
Q3161760	6000000007473798319
Q316179	6000000036370381383
Q316183	6000000055399396314
Q316187	6000000010847542860
Q3161892	6000000001778529106
Q3161892	6000000020470817056
Q3161929	6000000029161144380
Q3161950	6000000014962271156
Q3161973	6000000018955509769
Q3161974	6000000131991631835
Q3161977	6000000070761554883
Q3161994	6000000106244848893
Q316200	6000000015466601934
Q3162048	6000000079741657871
Q31621	6000000013716521961
Q316210	6000000033822767378
Q3162112	6000000013686865764
Q3162190	6000000040518526905
Q316226	6000000142924002860
Q316227	6000000181398365823
Q316246	6000000019485437268
Q3162705	291798152310002920
Q3162756	6000000084471843013
Q3162771	6000000035800129885
Q31628	6000000011356741531
Q316282	6000000207570678871
Q3162850	6000000063371594932
Q3162971	6000000063221902821
Q3162976	6000000063430743992
Q3163004	6000000020950845879
Q3163024	6000000009552933903
Q316307	6000000134089748830
Q316313	6000000015147808301
Q316315	6000000170109576846
Q3163222	6000000004867392374
Q3163247	6000000002056085744
Q316325	6000000018165922120
Q316327	6000000006444563009
Q316330	350521092630001164
Q316347	6000000019341071035
Q3163652	6000000015349455381
Q3163662	6000000121075619894
Q3163665	6000000026354347454
Q316367	6000000020590626983
Q3163676	6000000182554619843
Q3163685	6000000050973461833
Q316371	6000000017578901352
Q3163722	6000000022890804180
Q3163729	6000000173192151185
Q316374	6000000079658373553
Q3163754	6000000175276891835
Q3163762	6000000030523561563
Q3163767	6000000021361743535
Q3163771	6000000043160140798
Q3163798	6000000007085578654
Q3163806	6000000007085891355
Q316381	6000000001165020321
Q3163877	6000000021597532085
Q3163879	6000000015821605234
Q3163886	6000000015832812348
Q3163965	6000000012471675919
Q3163967	6000000021785179303
Q3163997	6000000161743617847
Q3164035	6000000015714126928
Q3164082	6000000036722809793
Q3164086	6000000048446502875
Q3164087	6000000009783525163
Q3164098	6000000041584960348
Q3164147	6000000021785077774
Q3164174	6000000079243178065
Q3164194	6000000028875665784
Q3164219	6000000021597245480
Q316422	6000000036114730945
Q3164238	6000000022136137229
Q3164254	6000000018129553030
Q316427	6000000073599760676
Q3164332	6000000016422308234
Q3164360	6000000038867218214
Q3164397	6000000003559530144
Q3164410	6000000034740007999
Q316446	6000000030904248369
Q316449	6000000031681564965
Q3164502	6000000026872233461
Q3164511	6000000015815375668
Q3164536	6000000032403482589
Q316454	6000000147290276827
Q3164602	6000000014129728178
Q3164688	6000000077641819866
Q316471	6000000012912289378
Q3164871	4826516457120061855
Q3164941	6000000104958989845
Q316518	6000000016441255389
Q316519	6000000000348876088
Q3165219	6000000023266242928
Q3165226	6000000002361933266
Q316524	6000000001435086023
Q316530	6000000008587785168
Q3165335	6000000002400590308
Q3165351	6000000022158088818
Q316541	6000000052736398833
Q3165423	6000000104890908184
Q316543	6000000003232532807
Q3165444	6000000058156547947
Q3165554	6000000063641110017
Q316556	4023019110890120955
Q316559	6000000000476726962
Q316562	6000000092941917821
Q3165642	6000000030753614892
Q3165678	6000000018621501823
Q316568	6000000028461295027
Q3165687	6000000008394788960
Q316571	6000000001803384399
Q3165750	6000000062440159851
Q3165938	6000000163607280821
Q316596	6000000017451810851
Q3165984	6000000021546411623
Q3166	6000000053592494898
Q3166027	6000000022744373149
Q31660519	6000000025563340846
Q31660672	6000000004247559120
Q316607	6000000036153256277
Q316610	6000000080594221732
Q3166106	6000000002459483122
Q316612	6000000021473056280
Q3166121	6000000025070832683
Q3166126	6000000017341641106
Q3166131	6000000082040751884
Q3166140	6000000179186419837
Q316615	6000000009576078287
Q31661533	6000000003779456043
Q3166154	6000000021501489596
Q31661581	6000000011701067393
Q316618	6000000191942445844
Q3166180	6000000019061880090
Q3166214	6000000025954140259
Q3166217	6000000026684633091
Q316622	6000000005350545001
Q3166244	6000000017650035715
Q3166266	6000000187519339839
Q316629	6000000034087060936
Q3166306	6000000077333760767
Q3166327	6000000026491781361
Q31663445	6000000019358598593
Q3166351	6000000014742750505
Q316639	5013170517050138013
Q316641	6000000007997158208
Q3166430	6000000063699762606
Q316647	6000000011263209432
Q3166488	6000000082663510821
Q3166502	6000000116292813042
Q3166532	6000000021097548847
Q3166555	6000000014123800657
Q3166560	6000000133374140945
Q3166582	6000000022143956373
Q316661	3149680
Q3166625	6000000020545027322
Q316669	6000000011567024254
Q316670	6000000006728371119
Q31667076	6000000019623060289
Q3166828	6000000021320691000
Q3166874	6000000027484233693
Q316689	6000000033089470362
Q316691	6000000022190542080
Q3166952	6000000048087550876
Q3166986	6000000002361933555
Q3167016	6000000021389541469
Q3167036	6000000216634846823
Q3167042	6000000020023592158
Q31671016	6000000006127719031
Q31671330	6000000012699433928
Q316722	6000000039478988962
Q31672202	6000000051488166987
Q31672253	6000000004152886025
Q31672410	6000000020233821715
Q316736	6000000022143978955
Q316742	6000000052887448256
Q3167427	6000000020131503339
Q3167552	6000000131463096837
Q316756	6000000041120386990
Q3167566	6000000069791411158
Q31676059	6000000023295140037
Q3167645	6000000062559718970
Q3167718	6000000177655500821
Q3167803	6000000001747162178
Q3167820	6000000066387385935
Q3168006	6000000176991675843
Q316806	6000000016947111431
Q3168077	6000000021557377142
Q3168085	6000000070358649855
Q316816	6000000011087778213
Q316818	6000000018368134446
Q3168183	6000000010492638218
Q316819	6000000103365120822
Q3168199	6000000181102280845
Q3168245	6000000021557790903
Q316827	6000000014159112510
Q3168274	6000000145925461838
Q3168278	6000000026494067732
Q31683	6000000035528126452
Q316832	6000000099600831914
Q31683301	6000000079232645821
Q31684115	6000000084359634855
Q31684582	6000000008125050242
Q316847	6000000002188563071
Q31684950	6000000039915167779
Q31685045	6000000043011073181
Q31685249	6000000033206406989
Q31685332	6000000101045300921
Q31685424	6000000002324084284
Q31685687	6000000035099985997
Q316857	6000000008090252120
Q31685729	6000000038492154031
Q31685773	6000000006127836527
Q3168634	6000000097319069867
Q3168681	6000000006583552316
Q3168765	6000000046886480917
Q3168902	6000000010104236986
Q3168906	6000000021193682830
Q3168944	6000000021930620666
Q3168970	6000000120371689310
Q3168999	6000000057980790828
Q316903	6000000156832271828
Q316904	6000000021917297413
Q3169062	6000000113886700843
Q3169091	6000000084872809637
Q3169182	6000000130575628821
Q316920	6000000031867970114
Q3169349	6000000031160215529
Q3169367	6000000014181795176
Q3169368	6000000092717178927
Q3169425	6000000013392109248
Q316945	6000000013717865225
Q316949	6000000078609800821
Q31695	6000000002893322873
Q3169560	6000000032378474086
Q316957	6000000035109624484
Q3169570	6000000001435366284
Q316959	6000000135885460821
Q316964	6000000113239932844
Q3169751	6000000068446451026
Q3169841	6000000021150949703
Q3169849	6000000174114302823
Q316986	6000000053489327945
Q3169946	6000000070761424969
Q316996	6000000016054330867
Q316997	6000000007242073127
Q3170008	6000000008583855667
Q3170049	6000000014280206072
Q317007	6000000002188563123
Q3170071	6000000030664253154
Q317008	6000000176754623876
Q317012	6000000008268355470
Q317017	6000000049266455821
Q317019	6000000008518519006
Q3170257	6000000021160645780
Q317028	6000000011077240646
Q3170285	6000000011320356236
Q317033	6000000014073202275
Q3170340	6000000022526263092
Q31704	6000000001200100841
Q317041	6000000081064748884
Q3170460	6000000113931273858
Q31704685	6000000098152958932
Q3170503	6000000012827646991
Q3170532	6000000057581348857
Q3170550	6000000018648074081
Q3170656	6000000179787883822
Q3170696	6000000026811341635
Q3170721	6000000076242253871
Q3170801	6000000178149636932
Q317086	6000000113609792874
Q3170920	6000000032994274126
Q3170994	6000000022605513950
Q317104	6000000140211374133
Q3171069	6000000015926392880
Q3171085	6000000079654280068
Q3171088	6000000036839669059
Q317110	6000000080116107968
Q3171141	6000000177776259844
Q3171175	6000000018054175652
Q3171184	6000000135918219845
Q317126	6000000011582670369
Q3171306	6000000037763425352
Q317139	6000000173858961818
Q3171407	6000000063122975890
Q317142	6000000163832088943
Q317152	6000000007062399422
Q317161	6000000036646204663
Q317164	6000000040697512823
Q3171668	6000000018433216387
Q3171703	6000000016443835949
Q3171750	6000000029625587564
Q317176	6000000026027032270
Q3171773	6000000021429124177
Q317188	6000000009786430150
Q3171930	6000000021886193294
Q317194	6000000018826037832
Q3171993	6000000046550525833
Q3171996	6000000002802575365
Q3172063	6000000027045082203
Q3172078	6000000016570099179
Q3172157	6000000041263305898
Q3172205	6000000147788752873
Q3172208	6000000066458058898
Q3172269	6000000006581049433
Q317230	6000000014245105616
Q3172332	6000000063431022833
Q3172340	6000000004268539211
Q317237	6000000006823258102
Q317243	6000000003177891527
Q3172459	6000000004215819286
Q3172474	6000000178866401844
Q3172478	6000000030390165134
Q317248	6000000003098457860
Q3172518	6000000012876490398
Q31725197	6000000101469535906
Q317254	6000000182564776823
Q3172556	6000000005241433177
Q3172563	6000000101114966912
Q3172569	6000000121136485016
Q3172570	6000000016777506245
Q317258	6000000015326302302
Q3172627	6000000017346528496
Q3172657	6000000003827512445
Q3172682	6000000016703187665
Q317272	6000000082945749154
Q3172721	6000000108538452945
Q317279	6000000003827328593
Q3172793	6000000173339488229
Q3172806	6000000013184786922
Q3172873	6000000050462111389
Q3172919	6000000024824667162
Q3172979	6000000005090239198
Q3172985	6000000156169632835
Q3173063	6000000016981132401
Q3173098	6000000006265473564
Q3173107	6000000034769579174
Q3173121	6000000142890469914
Q3173175	6000000007098048306
Q3173238	6000000022755192495
Q3173300	6000000028873115219
Q3173394	6000000063111924632
Q317343	6000000077109866439
Q3173436	6000000171912546843
Q3173471	6000000021384983445
Q3173473	6000000014162437688
Q3173480	6000000019647027747
Q3173481	6000000014072052709
Q317350	6000000009162683487
Q317355	6000000018667756078
Q317358	6000000183587019838
Q31736428	6000000006867799079
Q317365	6000000022718478061
Q3173724	6000000076711966088
Q31737402	6000000027744580285
Q3173747	6000000015263226791
Q31737911	6000000032718914555
Q317381	6000000000285253541
Q3173928	6000000018525370785
Q31739479	6000000095898639886
Q3173957	6000000051075736833
Q317396	6000000171767539853
Q3173968	6000000058174246840
Q317397	6000000176652829912
Q3173970	6000000172582901190
Q3173978	6000000024363055275
Q3173983	6000000031209100614
Q3173988	6000000062170023840
Q31740162	6000000018127852116
Q317405	6000000009514772213
Q3174066	6000000108528690897
Q3174072	6000000144656988078
Q31741096	6000000095888456198
Q3174112	322538858820007475
Q3174115	366449582100004843
Q317412	6000000015798088522
Q3174129	6000000080278851829
Q3174148	366448298180011885
Q317422	6000000104304181868
Q3174335	6000000137341458899
Q3174359	6000000025690816238
Q317436	6000000017261027023
Q3174398	6000000016981528436
Q3174407	6000000027474292975
Q317445	6000000072877427829
Q317449	6000000004148688557
Q3174525	6000000002834991644
Q3174528	6000000076016627826
Q3174543	6000000180596970821
Q317462	6000000004540498429
Q3174650	605573
Q317470	6000000017259587059
Q3174712	6000000039976318996
Q3174738	6000000029055568259
Q31747711	6000000015812204781
Q317485	6000000086296565089
Q3174936	6000000140477088821
Q317494	6000000149862328990
Q317507	6000000029657735393
Q3175072	6000000173747667969
Q3175081	6000000172963779091
Q3175094	6000000006885892418
Q3175116	6000000029876931604
Q317521	645433
Q317523	6000000158971321821
Q31752320	6000000150787417822
Q3175244	6000000112861213045
Q3175297	6000000038925823504
Q3175309	4474991758360031147
Q317539	6000000103198854336
Q31754	6000000044683909947
Q317543	6000000028319230957
Q3175473	6000000043463229745
Q3175512	6000000026175771845
Q3175522	6000000008708541517
Q3175531	6000000123512997993
Q3175532	6000000019055239864
Q317561	6000000002399117219
Q3175617	6000000003828224991
Q3175632	6000000000847385134
Q3175668	6000000046197585021
Q317568	6000000181481992868
Q317569	6000000016250419754
Q3175735	6000000184532310841
Q317574	6000000015629085085
Q317578	6000000003624409669
Q3175789	6000000012621804154
Q31758	6000000074759447876
Q317587	6000000020633598646
Q3175905	6000000084772637858
Q3175920	6000000013942882658
Q3175980	6000000050265779889
Q3175986	6000000002765771472
Q3175994	6000000006101404719
Q3176005	6000000018127687181
Q3176008	6000000134819633822
Q3176031	6000000016159818667
Q3176092	6000000028143392553
Q3176114	6000000076227483847
Q3176115	6000000048433659929
Q3176121	6000000024945586211
Q3176128	6000000007471174207
Q3176143	6000000103325124824
Q3176166	6000000057718838840
Q317618	6000000034386411583
Q3176228	6000000027038276505
Q3176229	6000000014128495113
Q3176256	6000000030147704321
Q31762742	6000000077909460315
Q3176289	6000000010707450839
Q317631	316631591370006539
Q3176340	6000000016446381480
Q3176357	6000000002447381677
Q317638	6000000006440527569
Q3176446	6000000138987507910
Q3176493	6000000017160263943
Q317654	6000000014313847699
Q317656	6000000013083113674
Q317659	6000000008405048414
Q3176649	6000000003723436142
Q3176720	6000000141558269862
Q3176723	6000000015488939339
Q3176929	6000000000267599495
Q317709	6000000145961480055
Q3177095	6000000006836345505
Q3177136	6000000013185174526
Q3177180	6000000009844560609
Q317724	6000000122019581270
Q3177291	6000000008630894397
Q3177346	6000000015594461021
Q3177420	6000000060760685994
Q3177469	6000000028094007779
Q3177488	6000000079086115826
Q3177503	6000000040055693073
Q3177555	6000000030645753202
Q3177565	6000000102806462880
Q3177573	6000000179655433857
Q317761	6000000072456992822
Q3177623	6000000015683740535
Q317763	6000000009210376957
Q3177656	6000000079416634355
Q317784	6000000000782392628
Q317799	6000000020073911177
Q317810	6000000005738471112
Q317817	6000000002447358738
Q317820	6000000017289275292
Q317824	6000000013355984946
Q317839	6000000009796617943
Q317842	6000000011382609393
Q3178471	6000000012568176482
Q31785	6000000018853472086
Q31785476	6000000018665970075
Q3178559	6000000180883095822
Q3178580	6000000074701965864
Q3178689	6000000009352399645
Q3178690	6000000003663327931
Q3178729	6000000009790446859
Q3178791	6000000155101241829
Q317880	6000000100866364560
Q3178821	6000000177694616821
Q3178824	6000000049469861506
Q317883	6000000042110438542
Q317887	6000000020559562327
Q3178889	6000000026509677192
Q3178896	6000000029555949833
Q317890	6000000076332167913
Q317894	6000000002181454037
Q3178973	6000000010483219981
Q3178992	6000000015478941164
Q317904	6000000016783473759
Q317905	6000000003772418469
Q3179075	6000000059876313926
Q3179112	6000000060022646075
Q3179177	6000000074727472868
Q31792827	306859719830005699
Q3179306	6000000075424450055
Q3179369	6000000035424020374
Q3179371	6000000076973165102
Q31794012	6000000015385551151
Q317941	6000000021275661876
Q3179446	6000000022542690544
Q3179456	6000000003313012023
Q3179471	6000000177561410832
Q3179490	6000000018017473217
Q3179503	6000000022596878528
Q3179516	6000000077014994997
Q31795186	6000000035107294527
Q317953	6000000041779819225
Q317957	6000000021222340968
Q3179577	6000000026888338076
Q3179619	6000000110569497005
Q3179630	6000000029731381959
Q317971	6000000150856683829
Q3179726	6000000095870236011
Q3179771	6000000002929802164
Q3179798	6000000019935999103
Q3179812	6000000077303450826
Q317990	6000000000455421831
Q31799161	6000000156182807822
Q3179937	6000000000720189676
Q317994	6000000078736122821
Q318004	6000000015641669148
Q3180071	6000000041133117472
Q3180107	6000000175991166858
Q318011	6000000040446775911
Q318013	6000000033375789095
Q318013	6000000111916565158
Q3180137	6000000006884431188
Q318017	6000000032398197441
Q3180180	6000000088010584877
Q3180219	6000000008519281332
Q3180258	6000000058926393864
Q3180284	6000000013482375559
Q318029	6000000014264140120
Q3180332	6000000179692465830
Q318034	6000000040235767368
Q318041	6000000151462246979
Q3180415	6000000002088073346
Q3180426	6000000017484932234
Q318044	6000000006720017771
Q3180443	6000000012819683434
Q3180450	1900748
Q3180455	6000000007225816785
Q3180467	6000000017566434438
Q3180505	6000000008440263598
Q318051	6000000151943216831
Q318053	6000000014356798102
Q3180538	6000000058099632187
Q318054	6000000063003211119
Q3180589	6000000144702822821
Q318065	5706665570220028403
Q318067	6000000000152496173
Q3180716	6000000018007141118
Q3180726	6000000018595149020
Q3180729	6000000008765974499
Q3180732	6000000018595117006
Q3180754	6000000044456686958
Q3180887	6000000172751680837
Q3180888	6000000024008168775
Q318091	6000000006428491389
Q3180929	6000000001471800317
Q3180935	6000000178055276822
Q3180945	6000000016742190163
Q318095	6000000009304914576
Q3180952	6000000002406781686
Q3180955	6000000003375789161
Q3180961	6000000014723518402
Q3180970	6000000011713454771
Q3180972	6000000176525571896
Q318099	6000000003216797404
Q31810	6000000002764686526
Q3181015	6000000021150061621
Q3181038	6000000034572708522
Q3181075	6000000123323095822
Q3181089	6000000006986101917
Q3181101	6000000031051120879
Q3181131	6000000008356455188
Q3181134	6000000019432278128
Q3181165	6000000074964658825
Q3181166	6000000034793689831
Q3181233	6000000111975783837
Q318124	6000000009968807440
Q3181256	6000000018248530681
Q3181280	6000000041635564214
Q3181292	6000000001591086271
Q3181293	6000000017483838972
Q318133	6000000010639152863
Q3181336	6000000012699147413
Q318134	6000000005394136042
Q3181360	6000000009515494827
Q3181362	6000000028912192113
Q3181366	6000000001012137045
Q318138	6000000030662735015
Q3181392	6000000074597808849
Q3181396	6000000069162336117
Q3181399	6000000063803474980
Q3181400	6000000012687152389
Q3181407	6000000035664155546
Q3181420	6000000012943222409
Q3181423	6000000008436662318
Q3181426	6000000003397048599
Q318143	6000000013715264220
Q3181436	6000000036491384282
Q3181487	6000000040387423312
Q3181497	6000000038675176887
Q3181500	6000000163071883822
Q3181515	6000000002188674145
Q3181518	6000000016658849959
Q3181539	6000000004661491387
Q3181544	6000000096510811200
Q31815492	6000000182350570860
Q3181572	6000000007466451245
Q318158	6000000015427962054
Q3181589	6000000076560431236
Q3181600	6000000000635931884
Q3181603	6000000047918945905
Q3181628	6000000182509477823
Q3181634	6000000021076265500
Q3181636	6000000006972029084
Q3181648	6000000017682271228
Q318165	6000000088738292901
Q3181650	6000000030286209956
Q3181660	6000000012565975423
Q3181664	6000000015312846053
Q3181675	6000000000171533312
Q3181683	6000000014217642348
Q31816843	6000000054860626824
Q3181688	6000000013290493054
Q3181717	6000000013080838441
Q318173	6000000125651027843
Q3181736	6000000036204362353
Q3181791	6000000000786460174
Q3181798	6000000004669233629
Q3181819	6000000009560993394
Q3181822	6000000014272002566
Q3181847	6000000037884298415
Q3181870	6000000003464204834
Q3181875	6000000001567520916
Q3181877	6000000012557042385
Q318188	6000000014452576026
Q3181882	6000000081900799300
Q3181885	6000000035869903175
Q3181896	6000000029805567861
Q3181906	6000000009639344812
Q3181911	6000000222404106865
Q3181923	6000000066164020844
Q3181961	6000000029237921856
Q318198	6000000001907618387
Q3181990	6000000005480330002
Q318200	6000000007243132273
Q3182039	6000000014038852473
Q318204	6000000063156625902
Q3182058	6000000022816720266
Q318209	6000000041535988824
Q3182091	6000000074757873839
Q318210	6000000221653585833
Q3182107	6000000019324252902
Q3182111	6000000033319251879
Q3182116	6000000182419417821
Q3182145	6000000015912050007
Q3182154	6000000001338103631
Q3182174	6000000124521268887
Q3182175	6000000038577001981
Q318219	6000000000307249652
Q318220	6000000039736802435
Q3182219	6000000002115911086
Q3182226	6000000167258223920
Q3182247	6000000021136375030
Q3182276	6000000013288623488
Q3182281	6000000005048069476
Q3182315	6000000059867845866
Q3182316	6000000002928651439
Q3182321	6000000016775011632
Q3182352	6000000012978140311
Q3182360	6000000023525667485
Q318237	6000000001864340082
Q3182374	6000000009458469070
Q3182381	6000000023805612962
Q3182393	6000000013474144567
Q3182420	6000000023656037594
Q3182429	6000000127554965937
Q3182447	6000000022961705459
Q3182450	6000000017856058578
Q3182465	6000000014584115082
Q3182471	6000000020947464167
Q3182472	6000000012225945647
Q318249	6000000020458171072
Q318252	6000000025030601057
Q3182532	6000000061393178861
Q3182538	6000000004534275582
Q3182545	6000000012256080525
Q3182564	6000000169624378043
Q3182579	6000000088801562933
Q3182604	6000000206098835842
Q3182607	6000000021624410160
Q318261	6000000015814936884
Q318263	6000000008671097360
Q3182651	6000000010240844312
Q318267	6000000031050710986
Q3182671	6000000154850855852
Q3182677	6000000141881817821
Q3182711	6000000003489500144
Q3182719	6000000005049107127
Q3182725	6000000016446176847
Q3182726	6000000016168525905
Q3182742	6000000012807751225
Q3182759	6000000090631819239
Q318276	6000000004150606214
Q3182765	6000000010112437426
Q3182773	6000000000250118760
Q3182777	6000000015392359894
Q3182783	6000000008624129325
Q3182792	6000000003217219603
Q3182815	6000000010811229845
Q3182840	4232450
Q31828858	6000000017776895300
Q3182897	6000000008378942442
Q3182914	6000000022144737231
Q3182958	6000000139839860822
Q3182979	6000000026325994470
Q318298	6000000028088311406
Q3182983	6000000015728854294
Q318303	6000000166186559203
Q318309	6000000007546539385
Q318320	6000000016419387797
Q318328	6000000002125657320
Q3183316	6000000017506594778
Q31833303	6000000017777246265
Q318334	6000000016594556605
Q3183357	6000000003772723525
Q318337	6000000171844723216
Q318339	6000000028610667030
Q318344	297760434470002504
Q3183484	6000000057324594872
Q3183524	6000000014477428731
Q3183562	6000000088599597929
Q3183575	6000000002874182886
Q318358	6000000006589193118
Q318362	6000000013631705070
Q3183664	6000000002765726767
Q3183674	6000000036246032847
Q3183675	6000000174899945985
Q3183718	6000000183983569877
Q318372	6000000001396525915
Q3183793	6000000080499418232
Q3183802	6000000009977750540
Q3183811	6000000001692922975
Q3183812	6000000094962774821
Q3183818	6000000198387865864
Q318385	6000000002512241676
Q3183909	6000000097093947918
Q318393	6000000006603028410
Q318395	6000000017690673495
Q318396	6000000046855756379
Q3183961	6000000014829023491
Q318399	6000000013432064343
Q3183990	6000000041913036643
Q3184009	6000000199284392842
Q3184019	6000000019336443551
Q3184024	4583285736070049327
Q3184028	6000000165351195843
Q318405	6000000002042553080
Q3184063	6000000017497180687
Q318408	3929720030390026834
Q3184114	6000000015502896785
Q318412	6000000016803590761
Q318413	6000000002199555019
Q3184146	6000000078492991260
Q3184207	6000000175548032848
Q3184209	6000000029760449252
Q3184214	6000000007389602349
Q3184218	6000000042684556570
Q3184219	6000000031576020552
Q3184222	6000000008378991089
Q3184223	6000000010486568857
Q3184247	6000000011604772445
Q3184250	6000000016438634994
Q3184256	6000000174359731196
Q3184262	6000000003274472179
Q3184281	6000000003827359843
Q3184286	6000000033336010567
Q318429	6000000011048900687
Q3184290	6000000205525442822
Q3184314	6000000019254977902
Q3184320	6000000087083229881
Q3184324	6000000028629861540
Q3184340	6000000087083047049
Q3184359	6000000004850580686
Q3184364	6000000093844839882
Q3184378	6000000035778031329
Q3184392	6000000026466421892
Q3184393	6000000034187561684
Q3184425	6000000122460467067
Q318445	6000000041094373607
Q318448	6000000007522201685
Q318449	6000000013078998166
Q3184493	6000000018496129195
Q318450	4051434215140029271
Q3184505	6000000012240647819
Q3184521	6000000157932771940
Q3184524	6000000050977709972
Q318453	6000000058530875077
Q3184555	6000000019138492080
Q3184562	6000000010020116559
Q3184582	6000000047675066949
Q318461	6000000003916405055
Q318462	6000000007211359230
Q31846242	6000000204535706872
Q3184633	6000000014419485973
Q3184634	6000000044431324259
Q3184642	6000000027777980456
Q3184666	6000000000157516228
Q318470	6000000041072127482
Q3184707	6000000002974248361
Q318471	6000000025422818023
Q3184717	6000000007094333616
Q3184724	6000000003891658941
Q3184739	6000000148879831829
Q318475	6000000165104637828
Q3184762	315030944100005611
Q3184805	6000000001714229332
Q318482	6000000009887016647
Q3184838	6000000021024846338
Q3184868	6000000081136269969
Q318491	6000000077080984163
Q3184910	6000000093254280918
Q3184947	6000000015743299926
Q318496	6000000021233402500
Q318497	6000000091263663903
Q3184971	6000000077987909409
Q3184984	6000000000529244524
Q3184984	6000000180291437830
Q3184998	6000000180527537865
Q318500	6000000006810694085
Q3185028	6000000085603233836
Q318503	6000000036631085284
Q3185043	364688498630011141
Q3185084	4357324601060054644
Q3185137	6000000014799367091
Q3185149	6000000007488930142
Q3185153	6000000086107881821
Q31851563	6000000074727910045
Q318518	6000000025004831393
Q3185188	6000000026576281751
Q3185192	6000000040314769592
Q3185198	6000000000461530221
Q31852201	6000000012012039446
Q3185221	6000000031502990348
Q3185230	6000000010487006212
Q3185246	6000000038162226549
Q3185283	6000000034792005516
Q3185334	6000000063848077157
Q3185339	6000000029015057236
Q318540	6000000022736239468
Q3185400	6000000001024921606
Q3185410	6000000022542572551
Q3185428	6000000006255714870
Q3185446	6000000003772723386
Q318551	6000000024913523793
Q3185518	6000000020774677765
Q3185571	6000000019967059915
Q3185613	6000000006331958797
Q3185638	6000000026466666425
Q3185682	6000000081823120947
Q3185688	6000000099000975864
Q3185794	6000000005024448965
Q3185819	6000000015634963167
Q318582	6000000124010343834
Q3185864	6000000010004773231
Q3185875	6000000003005168220
Q318591	6000000004547976455
Q3185911	6000000007099213382
Q3185957	6000000039969739983
Q318597	6000000173886543481
Q31860	6000000006134944581
Q3186003	6000000016574970280
Q3186023	6000000033136259949
Q318604	6000000080387564991
Q3186040	6000000177711639827
Q3186044	6000000104223514821
Q3186048	6000000008734350705
Q3186053	4955511971820038041
Q318607	6000000175266798117
Q3186078	6000000030232812824
Q3186104	6000000056595755900
Q3186107	6000000014211278817
Q3186120	6000000073334345951
Q318619	6000000125375520821
Q3186201	6000000019941764279
Q3186250	6000000015420384590
Q318633	6000000062206161127
Q3186337	6000000013302282082
Q3186395	6000000005401112275
Q3186416	6000000028066264963
Q3186437	6000000092630381391
Q3186445	6000000010618455521
Q3186448	6000000008368250436
Q3186452	6000000026439249343
Q3186456	6000000014143103233
Q3186473	6000000025571272305
Q3186496	6000000109008420825
Q3186519	6000000032856806970
Q3186575	6000000000343247952
Q3186603	6000000028518001216
Q318673	6000000020652824360
Q318685	6000000027872702572
Q318699	6000000000453604496
Q318703	6000000009622133103
Q318712	6000000017397865851
Q3187222	6000000028376101906
Q3187230	6000000025385985971
Q3187233	6000000022144569656
Q3187239	6000000013043685550
Q3187289	6000000017926117256
Q3187308	6000000027652336148
Q3187327	6000000004470285001
Q318734	6000000014537594852
Q318736	6000000028182983196
Q318741	6000000018868314715
Q318750	6000000084325752822
Q318752	6000000013389524683
Q3187543	6000000003782168906
Q3187551	6000000019199139688
Q3187581	6000000028260468145
Q3187642	6000000000342009348
Q318769	6000000011089701128
Q3187690	6000000018876807025
Q3187721	6000000124318447837
Q3187733	6000000106629995847
Q318776	6000000000441337991
Q318779	6000000001658276897
Q3187813	6000000000131040186
Q3187820	6000000016806516623
Q3187827	6000000053405776140
Q3187830	6000000018435110044
Q3187849	6000000021222081418
Q3187955	6000000013318878712
Q3187976	6000000045868945196
Q3187993	348378070050006132
Q3188	6000000075960408025
Q3188007	6000000183516925833
Q3188034	6000000016024557257
Q3188044	6000000029320797840
Q318811	6000000008737146186
Q318811	6000000075503781876
Q3188328	6000000029599464989
Q318835	6000000018258568352
Q3188356	6000000175981455863
Q3188359	6000000209481197844
Q31883593	6000000035125345320
Q3188369	6000000050731490893
Q3188377	6000000180947813215
Q3188393	6000000113727212823
Q318840	6000000003724216029
Q3188457	6000000172218779912
Q3188483	6000000016166501047
Q3188560	6000000148636483099
Q3188573	6000000109311003150
Q3188592	6000000021225195030
Q3188627	6000000132881089150
Q3188629	6000000016981258990
Q3188641	6000000034792802393
Q3188660	6000000012863285664
Q3188688	6000000164465058840
Q3188691	6000000001504950445
Q31886970	6000000023410320930
Q318870	6000000006727858330
Q318871	6000000009384536179
Q3188721	6000000021596444573
Q3188771	6000000086854461030
Q318878	6000000161063385821
Q31887865	350682863270001161
Q3188787	323551002850001235
Q3188815	6000000035293375204
Q3188839	6000000171961826021
Q3188854	6000000157931090843
Q3188884	6000000057388234940
Q3188889	6000000066453710950
Q3188919	6000000024833725153
Q3188949	6000000011772770714
Q3188978	6000000003122387453
Q3188988	6000000002764361144
Q3188989	6000000023858273685
Q3188991	6000000003493384113
Q3188997	6000000021137483429
Q3189003	6000000013939504424
Q3189004	6000000073197000192
Q3189029	6000000181336457898
Q3189037	6000000014091532714
Q3189052	6000000071366575100
Q3189069	6000000006232378227
Q3189108	6000000009466144858
Q3189110	6000000002892455400
Q3189144	6000000055149793833
Q3189161	6000000128828029937
Q3189169	6000000013925898725
Q31891831	6000000012267996996
Q318920	6000000019283117535
Q31892330	6000000018231924205
Q31892333	6000000010972993065
Q3189245	329029378680005727
Q318927	6000000007529552030
Q3189325	6000000013431090566
Q318938	6000000108569123009
Q318943	6000000043279755475
Q3189493	6000000005942481121
Q3189563	6000000003228129149
Q3189569	6000000029558166127
Q3189581	6000000068973979862
Q3189595	6000000000484927155
Q3189635	6000000026037317544
Q3189639	6000000003344575815
Q318965	6000000008790213316
Q318968	6000000136353835826
Q31897002	6000000000018232216
Q318971	6000000008497347835
Q31897492	6000000019429101002
Q31897496	6000000010313692113
Q3189752	6000000022525150954
Q3189819	6000000015301811436
Q3189825	6000000042942456481
Q3189829	6000000023390768971
Q3189839	6000000008839008755
Q318984	6000000056719224927
Q3189880	6000000024999904543
Q31900289	6000000010289721192
Q3190076	6000000126397518822
Q319011	6000000058254635188
Q319027	6000000005598808091
Q319034	6000000000795098117
Q3190381	6000000065580230005
Q3190421	6000000038530832870
Q3190445	6000000049511476953
Q319049	6000000000961704780
Q3190515	6000000036054969049
Q3190545	6000000022542856047
Q3190546	6000000022542377531
Q31905705	6000000010145521296
Q3190573	6000000031361843846
Q319062	6000000004785138002
Q31906743	6000000172322583033
Q319072	6000000003747079089
Q3190782	6000000016374213231
Q319079	6000000007306382344
Q3190817	6000000026875704490
Q319084	6000000012962409643
Q319090	6000000003014226674
Q3190911	6000000036644599388
Q3190960	6000000028022579144
Q3190989	6000000001631223168
Q319099	6000000032435698108
Q3191004	6000000175713531850
Q3191022	6000000048342299856
Q319111	6000000034051434641
Q319112	6000000003583752590
Q319121	6000000043436832218
Q319129	6000000002023295387
Q3191298	6000000029758352335
Q319133	6000000165055793822
Q319156	6000000136793686844
Q3191798	6000000068428862833
Q319183	6000000198115643822
Q3191952	6000000008358446273
Q3191955	6000000006412879132
Q3191971	6000000049231486973
Q319201	333596930220012652
Q3192023	6000000013070023953
Q319204	6000000011140478422
Q3192223	6000000064334885090
Q319234	3990901422990074108
Q319243	6000000142182401853
Q319261	6000000067024260835
Q319269	6000000153730604821
Q319277	6000000182876099846
Q319287	6000000165814050821
Q3193057	6000000081926749833
Q319308	6000000001440430988
Q3193094	6000000009056267104
Q3193095	6000000024876147279
Q3193112	6000000056245891032
Q3193120	6000000142194858413
Q3193153	6000000037215878799
Q319325	6000000022600928208
Q3193250	6000000106020170837
Q319331	6000000001779734664
Q3193368	6000000013145187319
Q3193383	6000000017979701582
Q3193407	6000000015859956375
Q3193442	363803942300001398
Q3193461	6000000041514562231
Q3193485	6000000093498816874
Q3193488	6000000057860636882
Q3193489	6000000025206147233
Q319350	6000000137326494867
Q319351	6000000017190668304
Q3193543	6000000100226512857
Q3193544	6000000080389016970
Q3193613	6000000017740997470
Q319362	6000000014049227918
Q319370	6000000143123037853
Q3193705	6000000010318078795
Q319374	6000000003076963568
Q319392	6000000000782629134
Q3193942	6000000001399765551
Q319396	6000000018291468258
Q3193983	6000000017504012981
Q3194014	6000000018866191115
Q3194020	6000000074705929035
Q319405	6000000042294232332
Q3194096	6000000009657473929
Q3194117	6000000035453710986
Q3194140	6000000014641596516
Q31941758	6000000001356967959
Q31941892	6000000005053286598
Q3194192	6000000027888992353
Q31941996	6000000149007522907
Q31942030	6000000111863931840
Q31942042	6000000125333922829
Q31942051	6000000107810760944
Q319427	6000000001899325112
Q3194287	6000000009375661485
Q31942963	6000000008336958913
Q319434	6000000009256089087
Q3194377	6000000154045791128
Q319444	6000000007158614911
Q3194460	6000000034775651289
Q319447	6000000031685153972
Q319470	6000000190515532865
Q3194729	6000000071860904845
Q3194739	6000000028788858160
Q3194815	6000000091008585846
Q3195	6000000027312303230
Q319502	6000000017809184717
Q3195077	6000000020547370379
Q319511	6000000003957161623
Q3195170	6000000041153457741
Q3195174	6000000038212802173
Q3195188	6000000029072262605
Q3195190	6000000017727250844
Q3195235	6000000116303940906
Q3195241	6000000040392312898
Q319527	6000000009075817495
Q3195278	6000000010492489175
Q3195283	6000000168952782822
Q3195304	6000000001884161041
Q319532	6000000020260569789
Q319533	6000000041596936318
Q319537	6000000068428462890
Q319543	6000000178602851832
Q3195468	6000000009073623299
Q319553	6000000059381804903
Q3195707	6000000071119382003
Q319572	6000000149974267848
Q319603	6000000025807076370
Q319610	6000000025098032158
Q3196213	6000000018490421210
Q319630	6000000000135253801
Q3196336	365466687720012045
Q319645	6000000008569821969
Q319648	6000000023043862873
Q319657	6000000013318365960
Q319669	6000000028713483134
Q319674	6000000046208028042
Q319675	6000000028677191060
Q319678	6000000018677832164
Q319682	6000000008017521515
Q319689	6000000039029628180
Q319693	6000000006769686604
Q319700	6000000001859126532
Q319704	6000000011807777264
Q319723	6000000019200453117
Q319739	6000000218681457846
Q319741	6000000180238114825
Q319748	6000000179981520822
Q319751	6000000040879913038
Q3197543	6000000068241162884
Q319759	6000000180544803876
Q319764	6000000009209476752
Q319773	6000000018855175465
Q319777	6000000168665082033
Q3197801	6000000179907335856
Q319784	6000000059660962860
Q319799	6000000197082076822
Q319803	6000000089271693928
Q3198080	6000000091887073838
Q319816	6000000051429910048
Q319819	6000000037844300443
Q319820	6000000009127157536
Q3198271	6000000017321153709
Q319829	6000000002464815051
Q319834	6000000074349612165
Q319843	6000000012592050458
Q319847	6000000145516374365
Q319854	6000000017707353194
Q319861	6000000007443744850
Q319867	6000000023772048555
Q319870	6000000004304644718
Q319871	6000000003869072551
Q31987505	6000000003827484104
Q3198754	6000000000474147274
Q3198758	6000000078999587117
Q3198771	6000000015859680398
Q3198775	6000000172221494123
Q319902	6000000000348791183
Q319939	6000000015764212371
Q319950	6000000001411168247
Q319962	6000000048112225837
Q319967	6000000016266719992
Q319969	6000000012421394408
Q319974	6000000000657721543
Q3199747	6000000070754434983
Q3199788	6000000011233949689
Q319980	6000000031994430617
Q3199820	365600314440003594
Q3199976	4475357912200046202
Q319998	6000000009816055480
Q320017	6000000181907597822
Q320025	6000000000576276569
Q3200255	6000000127144088875
Q320036	6000000006195131022
Q32004218	6000000149237965967
Q320046	6000000005608628318
Q320047	6000000034395280770
Q320050	6000000002802391939
Q320052	6000000076056337271
Q320056	6000000004430073003
Q320061	6000000002870138787
Q320065	6000000006823379981
Q3200657	6000000006840909140
Q320068	6000000084987555102
Q320084	6000000028065557841
Q3200900	6000000034893820866
Q320097	6000000028773667056
Q3201065	6000000164966907049
Q320109	6000000017601292551
Q320116	6000000001077120485
Q320129	6000000074701835963
Q320135	6000000002188389955
Q320152	6000000009615481500
Q3201597	6000000040650029905
Q320163	6000000034848887269
Q320204	6000000001864000098
Q320211	4050604926710121523
Q320218	5348357085380029074
Q320224	6000000035803303450
Q320249	6000000186248938128
Q320264	6000000173717734893
Q320277	6000000027688050436
Q320286	6000000003147378028
Q320291	6000000004079698745
Q320294	6000000075806600128
Q320296	6000000003243278187
Q320300	6000000004079698675
Q320305	6000000003243380247
Q320330	6000000024349737446
Q32034628	6000000045811178879
Q320348	6000000003645712662
Q320362	6000000088388663280
Q320365	6000000172073518919
Q320383	6000000022367816083
Q320396	6000000008851240701
Q32041388	6000000017531813305
Q32041833	6000000015513466187
Q3204339	6000000071157681178
Q32043489	6000000056980612836
Q32045	6000000050035564331
Q320453	6000000021345167468
Q320460	6000000026281476930
Q320463	6000000008009226060
Q320464	6000000066467110988
Q320490	6000000009958133314
Q320522	6000000005066600782
Q320523	6000000177454422832
Q320537	6000000000143870548
Q320544	6000000011955281927
Q32055	6000000016394781425
Q320564	6000000047499324162
Q320590	6000000069581550916
Q320604	6000000016271644075
Q3206055	6000000015837145024
Q3206102	6000000075426867877
Q320612	6000000080418616888
Q320618	6000000015419510035
Q3206197	6000000031120826393
Q320621	6000000049384058185
Q32062166	6000000149625463736
Q320624	4381636191070020217
Q320633	6000000001180341043
Q32063354	6000000088905197011
Q320659	6000000014162430154
Q3206727	6000000020353014664
Q320690	6000000141045642850
Q320714	6000000105221927832
Q320741	6000000011712289124
Q3207595	6000000012856241718
Q3207670	6000000056164306979
Q320768	6000000025678133269
Q320781	6000000018657157245
Q320786	6000000157498370822
Q320800	6000000016517442092
Q320813	6000000166728585822
Q320817	6000000009666186850
Q3208206	6000000008377531973
Q3208208	6000000002188424243
Q32082241	6000000064638156298
Q320824	6000000178134083865
Q320827	6000000015212473501
Q320829	6000000000518474332
Q320833	6000000016160544459
Q320849	6000000020448314162
Q320851	6000000017134224646
Q320857	6000000149944620894
Q32086	6000000075426028839
Q320864	6000000025594034509
Q320868	6000000145392358834
Q320889	6000000021931537696
Q3208891	6000000073212561921
Q320901	6000000035743413334
Q320910	6000000013669040284
Q320920	6000000156928368823
Q320922	6000000069403714908
Q3209226	6000000030891205321
Q320923	6000000002319495676
Q320928	6000000068125091821
Q320941	6000000020296391666
Q3209476	6000000166708879837
Q3209532	6000000204998558873
Q320980	6000000020344337578
Q320992	6000000016452182485
Q320996	6000000016273522443
Q3210023	6000000012117283835
Q3210067	6000000017594232502
Q321014	6000000014043677554
Q32102668	6000000053118140872
Q321033	6000000016219468385
Q321037	6000000010792951739
Q3210478	6000000156973598823
Q32106125	6000000028870323208
Q3210651	6000000156972349831
Q321072	6000000001996061228
Q321089	6000000009731153246
Q321092	6000000096162718199
Q3210982	6000000044128521043
Q321110	6000000006789917091
Q321114	6000000014112835314
Q321141	6000000009729171543
Q321149	6000000014298453144
Q321158	6000000012998516269
Q321160	6000000016829501369
Q3211655	6000000140322404839
Q321172	6000000057973374049
Q321179	6000000026284368722
Q321182	6000000163488654836
Q321183	6000000012768980451
Q321192	6000000018802817444
Q321199	6000000003265104417
Q321208	6000000013019136632
Q321212	6000000044215063821
Q321214	6000000016395054656
Q321218	6000000021119859480
Q321222	6000000193189183858
Q321238	6000000019842766720
Q321245	6000000083337568078
Q321261	6000000000695662015
Q321275	3246985
Q3212882	6000000003665731761
Q321344	6000000035775532908
Q321348	6000000008862119821
Q321354	6000000018579628633
Q321375	6000000032064700069
Q321378	6000000053923492136
Q321386	6000000000186501069
Q3214280	6000000008355650062
Q321456	6000000017132583609
Q321462	6000000016800093813
Q32148442	6000000091342367916
Q321499	6000000023981921755
Q321505	6000000044351746840
Q321510	6000000006357148654
Q321515	6000000000320507297
Q321521	6000000048198280811
Q321538	335172061690013798
Q321546	6000000009689748191
Q321551	6000000042319603842
Q321573	6000000020960121921
Q321579	6000000020776772751
Q321581	6000000016236248086
Q3215815	6000000012309833979
Q3215953	6000000112586832821
Q3216015	6000000020653248848
Q3216026	6000000023868397355
Q321612	6000000044935950847
Q3216137	6000000017335456687
Q321630	6000000134820566846
Q321643	6000000000717492371
Q321660	6000000057590735931
Q321668	6000000007445337119
Q321684	6000000014085633978
Q321690	6000000022618363638
Q321691	6000000024259568865
Q3216954	6000000022734588260
Q321706	3907116
Q321720	6000000016829141772
Q321723	6000000113535827930
Q321747	6000000025944360425
Q321756	6000000013301116736
Q321765	6000000013433245202
Q321770	6000000084124836340
Q321777	6000000020014480170
Q32177989	6000000049127311868
Q321781	6000000009887860750
Q321790	6000000078878496229
Q3218026	6000000181625651834
Q3218044	6000000054362355041
Q3218058	6000000078101916269
Q3218073	6000000003299573104
Q3218083	6000000008063054388
Q3218125	6000000049691212148
Q3218139	6000000084314618294
Q321826	6000000180225149848
Q321846	6000000000769976463
Q32185	6000000023165532930
Q3218508	6000000140736467913
Q321853	6000000062753576866
Q32185358	304494826430003800
Q3218548	6000000141070420844
Q3218745	6000000004975832276
Q3218770	6000000015301890216
Q3218785	6000000011147452937
Q321879	6000000067531723887
Q3218805	6000000030985505292
Q321887	6000000001809090194
Q3218936	6000000014818681820
Q3218948	6000000127094144824
Q3218964	6000000002900439800
Q3218980	6000000163890416832
Q3218983	6000000049441364143
Q3218993	6000000026121239585
Q321909	6000000015817276946
Q321919	6000000050422523880
Q3219263	6000000032815085123
Q3219275	6000000120582347067
Q321934	6000000079322214480
Q3219465	6000000164466717953
Q3219509	6000000174482398835
Q3219516	6000000006265041135
Q321952	6000000023926195942
Q3219626	6000000149956717853
Q3219659	6000000007409223556
Q321967	6000000011633094922
Q321978	6000000085854108875
Q3219890	6000000045915097134
Q321990	6000000071865379833
Q3220007	6000000048744762969
Q3220009	6000000022542786818
Q322001	6000000034666685816
Q3220017	6000000023840363349
Q3220078	6000000126644381907
Q3220079	6000000126641854821
Q322009	6000000040680520483
Q322023	6000000015322756264
Q322041	6000000006451514260
Q322043	6000000003931942243
Q322065	6000000182533031870
Q32206848	6000000005940909548
Q322089	6000000173965273824
Q322114	6000000067703597862
Q322131	6000000031368628821
Q322151	6000000014279913261
Q322172	6000000030329387615
Q322176	6000000032397949942
Q322179	6000000009699841077
Q32219	6000000025616630114
Q322191	6000000046719578974
Q322198	6000000014150871028
Q3222269	6000000017570383581
Q322234	6000000079301448998
Q322239	6000000009047616592
Q322244	6000000079399934721
Q322249	6000000010598743578
Q322266	6000000150010799826
Q322275	6000000021053510066
Q322291	6000000023868610381
Q322295	6000000021418858754
Q322311	6000000150855154274
Q322335	6000000178797701845
Q322341	6000000026170283829
Q322382	6000000006727800770
Q322391	6000000015159444443
Q322427	6000000058022311361
Q322460	355935004500012362
Q32246345	6000000039197026921
Q322499	6000000015995764464
Q32250	6000000182543218836
Q322501	6000000010897281675
Q322511	6000000026146075827
Q322520	6000000011200201302
Q3225316	6000000047323701873
Q32253229	6000000012878503273
Q3225324	6000000040049759024
Q322539	6000000085583165528
Q322542	6000000017914221376
Q3225423	6000000063225150821
Q3225428	6000000063223376988
Q322553	6000000072450520142
Q322555	6000000002884442740
Q322561	6000000182860934821
Q32257	6000000038021906030
Q322582	6000000001210337001
Q322609	6000000052995533150
Q32263	6000000024773418853
Q322636	6000000016660060288
Q322682	6000000035482416981
Q322686	6000000006727800422
Q322730	6000000167802693869
Q322743	5486077809890067503
Q322750	6000000107436352839
Q322774	6000000012875270581
Q322783	6000000007705565033
Q322786	6000000002416930058
Q322790	6000000004399219391
Q32281802	6000000145374402871
Q322827	6000000074083593771
Q322836	6000000007803326457
Q322862	6000000015973415587
Q3228647	6000000144732060876
Q3228648	6000000100117909821
Q3228653	6000000106440783869
Q3228666	6000000001130593090
Q322871	6000000015203775007
Q322883	6000000141124062891
Q322891	6000000015719743314
Q322897	6000000177241998822
Q322900	6000000020018928444
Q322902	6000000017891103742
Q322911	6000000015019200329
Q3229161	6000000017297080280
Q3229171	6000000183278741892
Q3229281	6000000140758833060
Q3229397	6000000088433317877
Q3229479	6000000027503746505
Q3229507	6000000027871581380
Q3229567	6000000092628462972
Q3229570	6000000133338616821
Q3229596	6000000002017980466
Q3229611	6000000002012093843
Q3229631	4068627
Q3229638	6000000077283914409
Q3229639	6000000084122849973
Q3229669	6000000009628018096
Q3229688	6000000040227202848
Q322970	6000000001046564262
Q3229700	6000000166664267889
Q3229753	6000000010686620111
Q3229797	6000000023362133377
Q3229810	5117702023020129330
Q3229819	6000000093733285832
Q3229821	6000000026908731572
Q322987	6000000001483962276
Q322999	6000000143321940031
Q323020	6000000018865239738
Q323033	6000000006605486086
Q323057	6000000005599120806
Q323063	6000000012179466567
Q323068	6000000010995944171
Q323088	6000000022572105284
Q3231014	6000000018681916104
Q323112	6000000068439642983
Q323140	6000000001504620459
Q323144	6000000031113902816
Q323154	6000000048853727989
Q323159	6000000073187631906
Q323166	6000000022075866387
Q3231802	6000000188940789847
Q323190	6000000064340586058
Q323201	6000000035507251296
Q323207	6000000029850240547
Q3232195	6000000029279855779
Q323228	6000000078496952261
Q323232	6000000010649895905
Q323238	6000000000505878642
Q3232562	6000000013239282590
Q323260	6000000010591363577
Q323263	6000000018526734916
Q3232744	6000000024638272385
Q323278	6000000182733448857
Q32328303	6000000009003921506
Q323320	6000000042916764403
Q323331	5075606660470080434
Q323342	6000000008010894515
Q323362	6000000002511516528
Q32337	6000000010764274805
Q323379	6000000164887135878
Q3234	6000000016317507684
Q323402	6000000025596235015
Q323417	6000000034054627410
Q323428	6000000116750368509
Q323431	6000000019236813224
Q323435	6000000002565693948
Q323442	6000000009169897207
Q323452	6000000038790746146
Q323454	6000000014006016270
Q323456	6000000014328686750
Q32346400	6000000156641193896
Q32347	6000000003231194028
Q323483	6000000059667542026
Q323488	6000000025438395444
Q323495	6000000002364753558
Q323499	6000000030004516277
Q323511	6000000035893917015
Q323514	6000000000470937962
Q323518	6000000184248091918
Q323521	6000000043830310670
Q323530	6000000097381108821
Q3235355	6000000009825651142
Q3235380	6000000134324208848
Q323540	6000000092809130950
Q323564	6000000178315084913
Q323574	6000000010839693775
Q323578	6000000002764365608
Q3235824	6000000000380184572
Q323586	6000000041658381167
Q3235877	6000000015913473277
Q32360046	6000000158163849829
Q323610	6000000000953956193
Q323613	6000000018390437246
Q32361843	6000000025901007764
Q32361878	3342041
Q32361896	6000000019898243274
Q32361993	6000000185564135856
Q323620	6000000047206972039
Q32362209	6000000043180501183
Q3236684	6000000021947360445
Q3236685	6000000009056732825
Q3236786	6000000024347558747
Q3236790	6000000065855273923
Q3236800	6000000061922455832
Q3236805	6000000007632645049
Q323682	6000000010550666446
Q323684	6000000024831949073
Q323686	6000000181775287845
Q323687	6000000140762674932
Q323700	6000000026923535574
Q323705	6000000015548279762
Q3237147	6000000018636373011
Q3237177	6000000018191783250
Q323723	6000000000008535566
Q3237263	6000000041303225537
Q3237302	6000000014234605029
Q3237312	6000000144041728863
Q3237317	6000000007340028215
Q323732	6000000012442589795
Q323738	6000000001403178470
Q323745	6000000005325447009
Q323751	4396162116860122615
Q323752	6000000050504690318
Q323758	6000000008943625467
Q3237589	6000000075610855875
Q3237600	6000000047578379821
Q3237664	6000000152643006944
Q323773	6000000013417522367
Q323781	6000000002099398400
Q323785	6000000055699694995
Q323805	6000000040099412834
Q323806	6000000174491359134
Q3238105	6000000134598276993
Q323812	6000000089111435017
Q323861	6000000005073687685
Q323878	6000000176272572837
Q323882	6000000179708529823
Q323894	6000000166195650822
Q3238989	6000000009635973723
Q323900	6000000169628227203
Q3239689	6000000010807573919
Q3239699	6000000025447040281
Q323977	6000000145336110884
Q323985	6000000032811807934
Q323987	6000000061370344947
Q323993	6000000023048213878
Q324010	6000000007632324653
Q324028	6000000010664137616
Q324031	6000000001678464319
Q324035	6000000007396691055
Q324037	6000000080066594276
Q324065	6000000014996275785
Q324066	6000000003732680438
Q3240688	6000000020111396085
Q3240780	6000000019884477430
Q3240796	6000000032513892475
Q324086	6000000031872163465
Q3240869	4051802
Q3240900	6000000003225432202
Q3240902	6000000058209583857
Q3240907	6000000004590220457
Q3241381	6000000129528765029
Q3241439	6000000010967453932
Q3241446	6000000115311818085
Q3241476	6000000010820249228
Q324162	6000000026179804286
Q324164	6000000010972532066
Q3241653	368218784800011316
Q324170	6000000021989983377
Q324181	6000000018837884711
Q324185	6000000001900575658
Q3241857	6000000068973883981
Q324187	6000000029055394382
Q324191	6000000083504128201
Q324217	6000000006727757300
Q324218	6000000051029610272
Q3242377	6000000157972706851
Q3242411	6000000002695167412
Q324242	6000000010258812648
Q3242435	6000000166571297893
Q324246	6000000014414114257
Q324247	6000000020341140019
Q324248	6000000026602693729
Q3242497	6000000009343724209
Q324256	6000000042291630764
Q3242565	6000000026149499598
Q324276	6000000015061258306
Q324283	6000000026767917572
Q324284	6000000015540895213
Q324310	6000000021213840921
Q324318	6000000084615124006
Q32432	6000000003245561413
Q324323	6000000010505487076
Q3243440	6000000079010205272
Q324357	6000000014826489985
Q324366	6000000010342367627
Q32439	6000000059142448029
Q324390	6000000015591265590
Q3244024	6000000013083136673
Q324407	6000000055458954078
Q324408	6000000154419556834
Q3244140	6000000025414520173
Q3244250	6000000181913718841
Q324427	6000000008754069976
Q324453	6000000002134128288
Q324455	6000000026908427065
Q3244599	6000000052872271979
Q324485	6000000007283504914
Q324500	6000000011837775263
Q324526	6000000009405338949
Q324527	6000000008010521284
Q324539	6000000031477063546
Q324542	6000000019285418678
Q324546	6000000027721910687
Q324582	6000000177094747840
Q324609	5631412179020064455
Q324629	6000000177299331835
Q3246373	6000000016424560274
Q3246465	6000000036738482945
Q324648	6000000014913813969
Q3246480	6000000148410848822
Q324659	6000000033294236073
Q324666	4111114399650045276
Q3246690	6000000013083025765
Q3246695	6000000013083074686
Q3246701	6000000013083345470
Q3246742	6000000018572375551
Q3246866	6000000011824427830
Q3246867	6000000123079795827
Q3246869	6000000022806777135
Q3246911	6000000002447366526
Q324693	6000000074919739160
Q3246968	6000000053794845217
Q3247018	6000000007202099635
Q324702	6000000008850363866
Q3247040	6000000048224768880
Q3247079	6000000033627270650
Q324713	6000000042443058204
Q324719	6000000015281539576
Q3247194	6000000020573462818
Q3247240	6000000007125301558
Q324726	6000000082040090979
Q3247275	6000000050364643166
Q324742	340385498280012891
Q3247471	6000000020573084275
Q3247520	6000000008923234605
Q324753	6000000036332464021
Q324757	6000000024463735231
Q3247792	6000000027434552995
Q3247831	6000000025227810989
Q324790	6000000000336566568
Q3247921	6000000016883689346
Q324805	6000000024208533237
Q324848	6000000011873372568
Q324891	6000000015161373890
Q3248932	6000000008279353904
Q32491546	6000000068756703339
Q324918	6000000050633281311
Q324919	6000000026980513720
Q324932	6000000007598497498
Q324935	6000000014350539868
Q324947	6000000084110646413
Q324956	6000000007323472526
Q3249653	6000000013417190430
Q324968	6000000052840179855
Q3249693	6000000002928900540
Q324970	6000000040217840155
Q324992	6000000013110356359
Q324998	6000000043279536628
Q32500	6000000001095643277
Q325016	6000000003128070963
Q32502280	6000000001504741781
Q32502368	6000000002764502493
Q325027	6000000052220616577
Q325032	6000000209146636833
Q32505	6000000013746180034
Q325059	6000000011891208382
Q325068	6000000015031766734
Q325079	6000000009783664187
Q325082	6000000012995119475
Q325090	6000000039433177870
Q325105	6000000141113753853
Q325118	6000000017707513925
Q325128	6000000013100685215
Q325130	6000000029977382221
Q325138	6000000028545001245
Q325175	6000000011025475056
Q325191	6000000017264814781
Q32522	6000000000767463152
Q32522629	6000000166714219822
Q325234	6000000077892173014
Q325235	6000000177820280830
Q32523628	6000000003956490776
Q325240	6000000014431785708
Q325243	6000000034967266096
Q325250	6000000010341523626
Q325279	6000000029641320298
Q325282	5434343502500124824
Q325285	6000000065869858346
Q32528612	6000000152610205855
Q325308	6000000017374777088
Q325310	6000000034981730154
Q325312	6000000013658565449
Q325313	6000000011806147026
Q325321	6000000009880386104
Q325333	6000000012260369403
Q325350	6000000002237674121
Q325374	6000000049072372070
Q325377	6000000035309502421
Q325381	6000000002877691703
Q325384	6000000015415679514
Q325386	6000000011605851801
Q325389	6000000178186268966
Q325396	6000000025246030128
Q325403	6000000026161200472
Q325408	6000000025419205069
Q325427	6000000013292174285
Q325428	6000000026245599192
Q325441	6000000137126351015
Q32544224	6000000145227755823
Q3254427	6000000014200405368
Q325449	6000000140751925952
Q325453	6000000008562470649
Q325482	6000000053025799987
Q325487	6000000016174233103
Q325490	6000000034958325055
Q325495	6000000050462526172
Q325505	6000000007606027356
Q325515	6000000012850277161
Q325520	6000000003125743871
Q325546	6000000005599183459
Q325547	6000000102726100865
Q325553	6000000002860715509
Q32555349	6000000000249666658
Q325565	6000000078450697183
Q32556666	6000000010665793541
Q325568	6000000018626645861
Q325583	6000000015119524761
Q325598	6000000005241394552
Q325612	6000000027520250911
Q325615	6000000029392111131
Q325616	6000000005599001068
Q325623	6000000040613727562
Q325628	6000000056617557533
Q325645	6000000143236887880
Q325653	6000000183312674842
Q3256600	6000000013153652913
Q3256629	6000000011223185405
Q3256632	6000000133377139850
Q325666	6000000012523982855
Q325679	6000000015050609966
Q325687	6000000005100894338
Q325695	6000000162351561822
Q325700	6000000014607627063
Q325704	6000000012411212164
Q325711	6000000043592382850
Q3257121	6000000106755190821
Q3257305	6000000172721549418
Q3257430	6000000055460924019
Q325750	6000000029694573623
Q325751	6000000024386937248
Q3257545	6000000023004848002
Q325762	4085699
Q3257802	6000000172366129899
Q325781	6000000010051417206
Q325782	6000000007417006837
Q325784	6000000031597714569
Q325810	6000000007323209229
Q325816	6000000002188424251
Q325824	6000000006727805436
Q325830	6000000006727778281
Q325835	6000000007462628003
Q325849	6000000025141606892
Q325850	6000000041883141086
Q325854	6000000013852879204
Q325864	6000000012784669209
Q325867	6000000092377172902
Q3258680	6000000002716005540
Q3258708	6000000003020874558
Q3258784	6000000012902857066
Q325897	6000000002188429023
Q325902	6000000040704169714
Q32590449	6000000009815572385
Q325914	6000000017709672414
Q325925	6000000008873201656
Q325932	6000000006727853970
Q325934	6000000150686540883
Q3259416	6000000157288417963
Q325942	6000000008231256014
Q325945	6000000007369794348
Q3259462	6000000070910837822
Q3259482	6000000103922539830
Q3259510	6000000156214246894
Q3259601	6000000034003934165
Q3259602	6000000058316746965
Q3259674	6000000017671269426
Q325973	6000000143243897917
Q325974	6000000048053302833
Q3259754	6000000026535141400
Q325984	6000000024378874243
Q325991	6000000013656661224
Q325993	6000000184664904052
Q3259971	6000000177172740832
Q326	6000000002286629295
Q326000	6000000031514819908
Q326005	6000000068742122043
Q3260140	6000000002603100613
Q3260259	6000000002188604628
Q3260271	6000000005087782548
Q3260313	6000000003121917143
Q3260320	6000000042806011301
Q326033	6000000021762100325
Q3260345	6000000019427453646
Q3260361	6000000040514439531
Q3260372	6000000015768010179
Q3260398	6000000081507130125
Q3260418	6000000012966946859
Q3260423	6000000021090490022
Q3260433	6000000016619181437
Q3260435	6000000000883841241
Q326045	6000000163391817960
Q3260454	6000000050957422111
Q3260485	6000000022628668397
Q3260496	6000000014068103890
Q3260509	6000000007759240089
Q3260553	6000000056373090016
Q3260570	6000000021194640004
Q3260573	6000000016777199654
Q3260576	6000000021389988170
Q3260640	6000000011518364102
Q3260643	6000000014092241614
Q326066	6000000013577939008
Q3260691	6000000015703966949
Q3260699	6000000023813285719
Q3260733	6000000027314831141
Q3260736	6000000022619046886
Q3260762	6000000018696527877
Q3260768	6000000177094404880
Q3260792	6000000179069427837
Q3260819	6000000021618592485
Q3260821	4819313753640041974
Q3260854	6000000011834263830
Q3260867	6000000017132398835
Q3260890	4599351642870086683
Q3260893	6000000025866079377
Q3260904	6000000004884976286
Q3260913	6000000057096087868
Q3260937	6000000059602597829
Q3260950	6000000020074164392
Q326099	6000000080782951914
Q3260992	6000000008211316226
Q3261015	6000000021359367355
Q3261068	6000000001923710634
Q3261076	6000000014128465091
Q326108	6000000050521603928
Q3261098	6000000021596837266
Q3261189	6000000011165143973
Q3261201	6000000028202852452
Q3261208	6000000004402478300
Q3261235	6000000027510261362
Q3261238	6000000180583922938
Q326126	6000000080348134147
Q3261270	6000000010496611503
Q3261282	6000000106172226951
Q3261374	6000000003462439284
Q3261392	6000000016809704046
Q3261400	6000000013218420783
Q3261410	385177817970011847
Q3261437	6000000017589167159
Q326144	6000000013444444310
Q3261483	6000000010050358554
Q3261488	6000000014162795171
Q3261489	6000000015766801103
Q3261490	6000000113723802177
Q3261494	6000000010049931891
Q3261498	6000000111270022368
Q326150	6000000016528992965
Q3261525	6000000019217839351
Q32615338	6000000020373967903
Q326157	4830690453290063379
Q3261578	6000000167787729029
Q3261609	6000000010908820884
Q326161	6000000113319976876
Q3261631	6000000008688370100
Q3261635	6000000003510442235
Q3261645	6000000009162103241
Q3261670	6000000071897019042
Q3261672	6000000010659617267
Q3261677	6000000015757361111
Q3261703	291357663390004615
Q326171	6000000007232005806
Q3261745	6000000019618562144
Q3261753	6000000074780315928
Q3261763	6000000112220269829
Q3261766	6000000006168775363
Q326178	6000000032086270529
Q326179	6000000021137327801
Q3261808	6000000025001907323
Q326182	6000000172899517829
Q3261846	6000000006127373009
Q3261872	6000000083753533387
Q3261906	6000000017250283210
Q3261926	6000000015754585220
Q3261929	6000000022628544702
Q3261956	6000000159471129824
Q326196	6000000005102598857
Q3261991	6000000058982175886
Q32620	6000000039848422372
Q3262015	6000000010819786827
Q3262074	6000000013497825286
Q3262093	6000000015674605874
Q3262100	6000000065610562015
Q3262129	6000000029267661295
Q3262130	6000000183366813860
Q3262169	6000000001861724291
Q326218	6000000008960129339
Q3262180	6000000022191946333
Q3262206	6000000078493309045
Q3262208	6000000022581356526
Q326221	3092370
Q3262218	6000000000368562817
Q326222	6000000027556867896
Q3262229	6000000015629502330
Q3262230	6000000017604353160
Q3262245	6000000015360255339
Q3262248	6000000015384472396
Q326229	6000000000889230434
Q3262298	6000000012532171311
Q3262319	6000000010050064108
Q3262328	6000000031345443775
Q326234	6000000011081345090
Q3262343	6000000021382398394
Q326235	6000000019669582037
Q3262351	6000000181616525823
Q3262369	6000000021137359727
Q3262382	6000000010774033403
Q326239	6000000013568211360
Q3262394	6000000019935479360
Q3262439	6000000027880766082
Q3262456	6000000011648718478
Q3262469	6000000027681534983
Q3262482	6000000014207478402
Q3262488	6000000014147463716
Q326252	6000000002765600711
Q3262554	6000000016643456891
Q326256	6000000013658799692
Q3262568	6000000006782578201
Q3262574	6000000143562338410
Q326258	6000000019840902171
Q3262582	6000000033451528872
Q3262600	6000000199791298821
Q3262618	6000000016325024312
Q3262681	6000000025873990173
Q3262762	6000000167066422119
Q3262765	6000000046633975914
Q3262806	6000000181628036828
Q3262816	6000000139704816931
Q3262846	6000000050956865004
Q3262847	6000000010114131392
Q3262885	6000000011043792534
Q3262887	6000000006835757272
Q326291	6000000063334680034
Q3262917	6000000182042149821
Q326294	6000000017777518837
Q326297	6000000000174498559
Q326299	6000000109811926990
Q326302	6000000014796840268
Q3263105	6000000006265030035
Q326311	6000000016322631808
Q3263131	6000000010050933390
Q3263136	6000000011437538513
Q3263159	6000000000452440272
Q3263200	6000000145430629822
Q3263232	6000000015775378326
Q3263234	6000000020770902153
Q3263249	6000000035202613063
Q3263279	310905349320002927
Q3263288	6000000080352634597
Q3263289	6000000038867192291
Q3263299	6000000049508442904
Q3263342	6000000017008199149
Q3263344	6000000018389691401
Q3263372	6000000022396719957
Q3263377	6000000016438971275
Q3263380	6000000083402637833
Q3263385	6000000177651354834
Q3263392	6000000016761395401
Q326340	6000000137991243836
Q3263400	6000000015705344213
Q3263429	6000000015775568847
Q3263438	6000000082745237023
Q3263439	6000000018104876728
Q3263459	6000000012836946074
Q3263460	6000000016724612773
Q3263462	6000000028203038364
Q3263468	6000000022618297190
Q326351	6000000008836597878
Q3263512	6000000064212491858
Q326356	6000000023040596064
Q3263579	6000000020044701171
Q3263615	6000000089716724847
Q3263665	6000000014139387532
Q3263668	6000000039894641125
Q32636977	6000000152607279833
Q3263717	6000000014138384129
Q3263771	6000000015759172615
Q3263788	6000000003273396019
Q326383	6000000056197232842
Q326385	6000000112535598821
Q3263859	6000000017855746161
Q3263864	6000000007326837469
Q3263876	6000000008483139893
Q326388	6000000011757812899
Q326394	6000000184962651822
Q326409	6000000180569862878
Q32641546	6000000035373851890
Q326416	6000000032018347844
Q326424	6000000172515121901
Q326434	6000000085691558061
Q326444	6000000151493596933
Q3264453	6000000006100530600
Q326449	6000000003465965429
Q3264577	6000000075406044102
Q326460	6000000002802251049
Q326467	6000000018098238686
Q3264750	6000000000569130541
Q326493	6000000022179286066
Q326499	6000000002462563894
Q326506	6000000013854312836
Q3265106	6000000040542320247
Q326515	6000000011321234221
Q3265218	6000000150910827951
Q3265269	6000000063122428986
Q3265287	6000000180947813202
Q3265333	353090292620011008
Q3265338	6000000035708498049
Q3265366	6000000001902468012
Q3265378	6000000031737041842
Q326538	6000000083630496418
Q3265392	6000000028188581897
Q326540	6000000014167360503
Q3265453	6000000172040332828
Q3265475	6000000075847102845
Q3265499	6000000014082923056
Q326551	6000000009783991566
Q326556	6000000094327227828
Q3265560	6000000010398896791
Q326557	6000000181915940823
Q3265616	6000000028725064663
Q3265642	6000000022699624103
Q3265647	6000000002932005382
Q3265651	6000000006101404699
Q3265678	6000000017588162654
Q3265684	6000000063434077075
Q3265738	6000000025385835767
Q326574	6000000031051917955
Q326580	6000000002954417474
Q326584	6000000012313303885
Q326587	6000000007950735635
Q3265879	6000000102589494192
Q3265900	6000000039912630773
Q3265974	6000000013984404606
Q3266000	6000000009397436401
Q3266018	6000000000179119339
Q3266020	6000000029781425381
Q326605	6000000015129527177
Q3266074	6000000024505142452
Q3266191	6000000176880182859
Q3266195	5594933021050074215
Q3266211	6000000013412791449
Q3266212	6000000003028145477
Q3266235	6000000023314589167
Q3266243	6000000003297811089
Q3266252	6000000011485807543
Q326626	6000000018080676477
Q3266282	6000000149588325823
Q3266318	6000000172101600834
Q3266332	6000000181018486834
Q3266370	6000000141110789882
Q3266378	6000000140458657949
Q3266396	6000000177616902976
Q3266409	6000000007573247723
Q3266425	6000000156884536822
Q3266428	6000000145757814874
Q3266432	6000000067752869134
Q3266438	6000000078072112334
Q3266464	6000000065492349921
Q3266487	6000000136972509906
Q3266502	6000000006969525487
Q3266522	6000000140811936955
Q3266536	6000000157502618822
Q326654	6000000038459633833
Q3266543	6000000163365712822
Q3266559	6000000146288840826
Q3266561	6000000150668342017
Q3266562	6000000023005047956
Q3266568	6000000143334395875
Q3266570	6000000176811926867
Q3266586	6000000097054385217
Q326660	877092
Q326675	6000000017824992233
Q3266795	6000000076802862756
Q3266797	6000000003561867535
Q3266825	6000000079559109491
Q3266887	6000000016912572562
Q3266890	6000000010551657658
Q3266904	6000000008662527611
Q326693	6000000011168797224
Q3267029	6000000019454617407
Q3267050	6000000007803294477
Q326706	6000000110497064834
Q3267115	6000000008496914993
Q326719	6000000029368352174
Q326723	6000000183311994835
Q326727	6000000149445746952
Q3267385	6000000017099941437
Q326749	6000000013601995980
Q3267563	6000000022973047132
Q3267576	6000000024202224831
Q326760	6000000187221121850
Q3267622	6000000015499271017
Q3267650	6000000055751058847
Q326769	6000000006444086097
Q326781	6000000069537854990
Q32679	6000000017843503055
Q3267921	6000000055999093016
Q326793	6000000007872332316
Q3267935	6000000084591209979
Q326802	6000000050743379111
Q3268169	6000000184116171822
Q326817	6000000007287500917
Q3268180	6000000058625668995
Q3268191	6000000049757683935
Q3268202	6000000000632138454
Q3268209	6000000016107521631
Q3268216	6000000003774565116
Q326823	6000000012520834530
Q3268260	6000000018327610877
Q326830	6000000001827628591
Q326837	6000000076060163509
Q32685102	6000000016486119042
Q326878	6000000035696777066
Q326884	6000000071228839314
Q3268879	6000000019579636558
Q3268888	6000000000726602332
Q3268950	6000000033238062069
Q326898	6000000042737242869
Q326907	6000000187975585821
Q3269201	6000000040237374238
Q3269223	6000000168256703837
Q3269320	6000000204355732822
Q3269382	6000000035063726565
Q3269399	6000000019782159079
Q3269422	6000000021211843395
Q3269439	6000000002953128044
Q326945	6000000136793723889
Q3269452	6000000006127409802
Q3269456	6000000018456537538
Q3269492	6000000002393995424
Q3269519	6000000030440939359
Q326964	6000000017233956230
Q3269794	6000000003389265294
Q3269878	6000000193955312830
Q3269885	6000000048704365858
Q3270019	6000000006945914836
Q327002	6000000003772750923
Q3270031	6000000006284044793
Q327006	6000000006439937029
Q327013	6000000021385996373
Q327015	6000000018059090183
Q327020	6000000016618451270
Q327024	6000000007833002640
Q327030	6000000013648969375
Q327032	6000000019357107954
Q3270391	6000000065538231236
Q3270436	6000000003743453072
Q327047	6000000135652441832
Q3270479	6000000074792548984
Q3270591	6000000007259475564
Q3270637	6000000015698717266
Q327064	6000000026941067920
Q3270645	6000000174909289455
Q3270646	6000000063640566977
Q327066	6000000181933718833
Q3270684	6000000036179745186
Q327070	6000000022566901996
Q3270703	6000000049220538059
Q327071	6000000003938177401
Q3270732	341023956170011537
Q3270766	6000000021529135914
Q3270799	6000000061898967904
Q3270877	6000000001631220169
Q327088	6000000077250350025
Q3270913	6000000002318117550
Q3270984	6000000073174180957
Q3271000	6000000110586945924
Q3271036	6000000029012352594
Q3271079	6000000084584257951
Q327109	6000000003999917350
Q3271119	6000000140193663825
Q3271120	6000000002765241388
Q3271148	6000000001502693730
Q3271217	6000000049116781893
Q3271252	6000000017946704645
Q3271257	6000000091177245825
Q3271261	6000000004148891019
Q3271283	6000000024169040866
Q3271284	6000000011177685267
Q3271322	6000000021201093640
Q3271326	6000000018799883292
Q3271342	6000000079236620733
Q327138	6000000043155997275
Q3271398	6000000117136104821
Q327142	6000000085163517918
Q3271451	6000000002129469246
Q3271508	6000000018512560967
Q3271570	6000000018697546018
Q3271642	6000000182327390832
Q327167	6000000000301813800
Q3271673	6000000015974165719
Q3271723	6000000022280320512
Q3271725	6000000022280868255
Q3271730	6000000078492499012
Q3271745	6000000002765262245
Q3271789	6000000021194095132
Q32718	6000000042484916708
Q327183	6000000008872922763
Q3271835	6000000019634158428
Q327184	6000000021684217242
Q3271849	6000000016643747279
Q327185	6000000024892823490
Q3271858	6000000022542619774
Q3271863	6000000137549839859
Q327190	6000000088688692922
Q3271906	6000000020094723957
Q327192	6000000047364581052
Q3271921	6000000017477452465
Q3271923	6000000014004733518
Q327195	6000000018670110071
Q327204	6000000003701200719
Q3272051	6000000195252144825
Q327208	6000000077330847328
Q3272093	6000000002881915580
Q3272157	6000000038943388040
Q3272182	6000000022818386778
Q3272243	6000000019286735888
Q327240	6000000010533625758
Q327264	6000000014495383239
Q3272775	6000000043761447862
Q3272778	6000000003243849462
Q3272782	6000000003887668647
Q327279	6000000024824108566
Q3272839	6000000010282007447
Q327287	6000000090930917851
Q32729777	6000000044529456644
Q327301	6000000000481767506
Q327306	6000000031124680725
Q3273286	6000000000947897195
Q327329	6000000023968865342
Q3273384	6000000054640022869
Q3273440	6000000075420692841
Q3273444	6000000075430035025
Q3273450	6000000075429559958
Q327346	6000000005380628049
Q3273462	6000000075429876018
Q3273473	6000000075429802030
Q327351	6000000049648914836
Q3273663	6000000008798078837
Q327373	6000000030026961805
Q3273768	6000000011594466835
Q3273787	6000000015466736183
Q3273855	6000000058328439900
Q3273875	6000000121702431868
Q327388	6000000000369069344
Q327403	6000000014091870357
Q3274204	6000000006624162047
Q327426	6000000008708778416
Q327430	6000000105299875872
Q327432	6000000021489848623
Q3274331	6000000075346200943
Q3274350	6000000067654750959
Q3274543	6000000023824931941
Q327457	6000000001228707411
Q3274619	6000000074698750867
Q3274649	6000000011879640984
Q3274694	6000000049860813147
Q32749008	6000000151114701871
Q327492	6000000014082880698
Q327495	6000000180119336856
Q3274957	6000000013428574443
Q327504	6000000137995683163
Q327514	6000000013052860148
Q3275262	6000000016422108693
Q3275352	6000000022262851996
Q327563	310799743710006481
Q3275640	6000000012597619195
Q327572	6000000006727778207
Q3275767	6000000018047206168
Q3275770	6000000003635374900
Q327578	6000000022731557917
Q3275786	6000000041788380471
Q3275797	6000000149907110825
Q327580	6000000034518326821
Q327583	6000000017906438666
Q327585	6000000033580101415
Q3275854	6000000004534635089
Q3275908	6000000062905981873
Q3276323	6000000002188056093
Q32765	6000000013450902086
Q327660	6000000068370706906
Q3276635	6000000036066973038
Q3276717	6000000043303716198
Q327674	6000000078523143418
Q327679	6000000003999952912
Q3276800	6000000018081284504
Q3276806	6000000009668474343
Q3276817	6000000075848220160
Q3276821	6000000221382486862
Q327684	6000000052957610500
Q327702	6000000019358547088
Q3277090	6000000013926124376
Q3277262	6000000151333282826
Q32772836	6000000021763361256
Q3277319	6000000010272136935
Q327736	6000000003657305538
Q327743	6000000021359509057
Q3277519	6000000053647182839
Q327752	6000000012458627784
Q327758	6000000000307283084
Q327767	6000000083360360142
Q3277677	6000000004172863922
Q3277708	6000000024061347066
Q327771	6000000156204538918
Q327776	6000000182988133821
Q3277865	6000000011423947853
Q32779	6000000003356122088
Q327801	6000000016480510056
Q327804	6000000011321108188
Q3278063	6000000009856480645
Q327823	6000000165925304821
Q327826	6000000024596112985
Q327828	6000000028105640639
Q3278322	6000000011278511279
Q3278391	6000000056701482355
Q327843	6000000203261249865
Q32784393	6000000020296891686
Q3278578	6000000003720551008
Q3278585	6000000003720440001
Q3278769	6000000052698338011
Q32788	6000000000351950234
Q327883	6000000151355811846
Q327886	6000000185362160949
Q327888	6000000019598691715
Q327893	6000000010069356419
Q327898	6000000010915299406
Q327908	6000000002894420357
Q327912	6000000016301868114
Q327913	6000000009544537570
Q327914	6000000072435359064
Q327926	6000000112635863822
Q327932	6000000172718893112
Q327946	6000000182711009827
Q327950	6000000156213850822
Q327952	6000000002562414424
Q327961	6000000034128783462
Q327978	6000000184225528841
Q32798	6000000004595494348
Q327986	6000000173514182155
Q328012	6000000025891208099
Q328013	6000000003579905595
Q328021	6000000175115203244
Q328031	6000000002215987090
Q328035	6000000011336977899
Q328042	6000000008928567284
Q3280433	6000000010606228573
Q328054	372769585720013709
Q3280588	6000000197822449822
Q328062	6000000086841714110
Q328063	6000000003811677985
Q328094	6000000014244398900
Q328102	6000000005083820389
Q328103	6000000037103336992
Q3281158	6000000006756026802
Q328119	6000000001831649879
Q32812	6000000013417834367
Q328126	6000000156503705831
Q328131	6000000000507179717
Q328144	6000000153533055822
Q328151	6000000000420645136
Q3281652	6000000011436423488
Q3281706	6000000173482968127
Q3281731	6000000099943224858
Q328181	6000000000197764759
Q328192	6000000010696158321
Q328197	5547089288640079364
Q3282061	6000000048235747256
Q328232	6000000028497158310
Q328233	6000000007381286357
Q32824175	6000000005746587432
Q328245	6000000002466620195
Q328248	6000000016480589285
Q328250	6000000002027409141
Q328269	6000000013381844618
Q32828117	6000000024723641876
Q328283	6000000119523745826
Q328286	6000000007289756597
Q328297	6000000013415413357
Q328308	6000000041809030736
Q328314	6000000020920860913
Q328338	6000000002165625887
Q3283438	6000000042122465388
Q328346	6000000151466793822
Q328356	6000000013404379813
Q32835795	6000000016716731938
Q328361	6000000042114698826
Q328362	6000000138965353949
Q328369	6000000008769117251
Q328370	6000000013678210754
Q328390	6000000021970004907
Q328410	6000000015433340591
Q328424	6000000004560520140
Q328433	6000000000841768675
Q328441	6000000002332884611
Q328445	6000000015073387214
Q3284650	6000000026298464308
Q3284679	6000000021398690277
Q328494	6000000011693846200
Q3285092	6000000115257293824
Q328515	6000000017555476800
Q328520	6000000019598872139
Q328522	6000000161912060829
Q328525	6000000003219742712
Q328532	6000000040217632041
Q328540	6000000026714124894
Q328541	6000000023434482309
Q328549	6000000013331871116
Q328552	6000000140693419075
Q328573	6000000006727790825
Q328580	6000000013642644867
Q32858599	6000000019973350970
Q328588	6000000005599137715
Q32859071	6000000002116015323
Q3285952	6000000142686411840
Q328598	6000000001142092329
Q328599	6000000016236821745
Q328603	6000000013641819840
Q32860434	6000000032597835695
Q328606	6000000005599001238
Q32860740	6000000012752064354
Q3286189	6000000045380457882
Q328627	6000000043571318122
Q328634	6000000018788694266
Q3286434	6000000067130024822
Q3286537	6000000012298610615
Q328664	4431233335540031351
Q328668	6000000167401258821
Q328669	6000000016330986213
Q3286752	6000000009527521823
Q3286754	6000000051453021046
Q328679	6000000063013157971
Q328680	6000000140762920310
Q3286808	6000000021994896078
Q328681	6000000078058839647
Q32868323	599964
Q3286857	6000000020240712359
Q328686	6000000008436743010
Q3286900	6000000015301820178
Q328693	6000000061837492829
Q3286939	6000000000148736889
Q3286960	6000000072253285615
Q328699	6000000015753483140
Q328710	6000000103425860890
Q328718	6000000037598137357
Q3287195	6000000075421271827
Q3287196	6000000075421269826
Q3287200	6000000075507250837
Q3287238	6000000019805518158
Q328725	6000000109859794834
Q328728	6000000002578798159
Q32874112	6000000054042923896
Q328744	6000000078623367941
Q3287617	6000000002499709838
Q3287675	6000000032814912957
Q3287680	6000000164082869874
Q3287706	310090752260008190
Q3287713	6000000021137454408
Q3287805	6000000028189009045
Q328781	6000000080418142037
Q3287818	6000000010337146773
Q3287849	6000000000157516249
Q3287851	6000000028207176924
Q3287866	6000000018983424157
Q328790	6000000017878289662
Q328792	6000000016830530284
Q3288	6000000013602559527
Q3288043	6000000181947740826
Q3288078	6000000020169729323
Q3288156	6000000023234015442
Q328817	6000000163637811822
Q3288181	6000000165264282933
Q3288220	6000000038552931945
Q3288246	6000000035943727064
Q3288255	6000000026105393077
Q3288297	6000000006972199527
Q328832	6000000021476470636
Q3288395	6000000011223913303
Q3288486	6000000008025242071
Q3288505	6000000022157637110
Q3288506	6000000017820748271
Q3288517	6000000027914361300
Q3288546	6000000016944105026
Q3288585	6000000018768464143
Q3288694	6000000019097132409
Q3288746	6000000026395286981
Q328898	6000000004957842120
Q328906	6000000030250652299
Q3289162	6000000002110703617
Q3289191	6000000017264424451
Q3289285	6000000021606937344
Q328929	6000000041149329027
Q3289349	6000000009450314157
Q3289359	6000000043765854067
Q3289451	6000000028201690529
Q3289470	6000000101014274071
Q3289487	6000000016031427370
Q3289514	6000000001759072052
Q328954	6000000008970680057
Q328956	6000000024330696624
Q3289586	6000000009311760185
Q3289591	6000000071726483852
Q3289600	6000000066923607828
Q3289611	6000000132479458934
Q3289628	6000000091258131901
Q3289640	6000000075127380896
Q3289642	6000000151922701891
Q3289825	6000000002188493295
Q3289849	6000000003976014790
Q328985	6000000176559510869
Q328995	6000000044142101046
Q329009	6000000008501382450
Q3290171	6000000151477562843
Q3290180	6000000143828893941
Q3290205	6000000010481500712
Q3290287	6000000006568263110
Q3290331	6000000003121774891
Q3290397	6000000072541446863
Q3290402	6000000001167867543
Q3290404	6000000009955331045
Q3290472	6000000007007524195
Q32904856	6000000126016067829
Q3290491	6000000000249667815
Q3290513	6000000071247568834
Q3290517	6000000015128983254
Q3290522	6000000026202874517
Q3290525	6000000015630023210
Q3290526	6000000001680650340
Q3290531	6000000011592732577
Q3290532	6000000173401605184
Q3290540	6000000020011829326
Q3290590	6000000004581522597
Q3290593	6000000003816323629
Q3290616	6000000184835795894
Q3290663	6000000037679765516
Q3290675	6000000041152210902
Q3290692	6000000066453446842
Q3290710	6000000003664975120
Q3290720	6000000029259107986
Q3290728	6000000041318726082
Q3290770	6000000014275589346
Q3290795	6000000011834615208
Q3290803	6000000014295323189
Q32908262	6000000000652271629
Q3290850	6000000042492865642
Q3290903	6000000000411692298
Q329092	6000000081037185341
Q3290931	6000000068423703832
Q3290988	6000000016062516997
Q3291000	6000000021688443552
Q3291015	6000000019687466301
Q3291017	6000000110208984846
Q3291051	6000000064581182180
Q3291066	6000000136343173821
Q3291068	6000000016161115549
Q3291111	6000000019702780091
Q329113	6000000080768884894
Q329124	6000000010202576212
Q3291266	6000000022308535755
Q3291292	4258983785710127513
Q3291349	6000000002188615204
Q3291384	6000000006174128499
Q3291439	6000000010128916717
Q32914425	6000000040388692585
Q3291494	6000000025902399573
Q3291510	6000000014123931660
Q329155	6000000079502086011
Q329156	6000000026713286410
Q3291563	6000000002171934577
Q3291587	6000000181914151823
Q3291589	6000000022542865733
Q3291605	6000000027035156847
Q3291607	6000000021079460819
Q329164	6000000212473225827
Q3291685	6000000002361933349
Q329173	6000000071013476299
Q3291732	6000000012646050867
Q3291743	6000000091124816994
Q3291805	6000000017588654839
Q3291856	6000000090331210881
Q3291877	6000000006860219785
Q329190	6000000134563588920
Q329193	6000000025607934345
Q3291942	6000000079824522839
Q3291969	6000000002420920958
Q3292000	6000000041152445335
Q329201	6000000175587461857
Q3292016	6000000027473765449
Q3292019	6000000015909886651
Q3292030	6000000001980067319
Q3292041	6000000171770643991
Q3292061	6000000075491126833
Q3292074	6000000016159901596
Q3292085	6000000015493802365
Q3292093	6000000102664838080
Q3292096	6000000001861663753
Q3292104	377720532130004342
Q3292106	6000000006101404704
Q3292109	6000000026297542572
Q329211	6000000031410654835
Q3292127	6000000003273351223
Q3292129	6000000007717897748
Q329221	6000000175418536861
Q3292278	6000000001659683817
Q329229	6000000006727849990
Q3292310	6000000116758770824
Q3292354	6000000021191052116
Q3292361	6000000008232167346
Q329241	6000000023110932123
Q3292431	6000000134086760971
Q3292433	6000000031302008944
Q3292438	6000000014159053477
Q329244	6000000010628521479
Q329246	6000000181931907840
Q3292518	6000000179146943838
Q329253	6000000010039794573
Q3292534	6000000032289533845
Q3292535	6000000077402658778
Q3292568	6000000014708409339
Q3292569	6000000029079958573
Q329259	6000000006868875579
Q3292594	6000000021193964090
Q3292613	6000000185158067825
Q329265	6000000149977569827
Q3292664	6000000026958250536
Q3292760	4129055575190027183
Q3292769	6000000005092817359
Q3292786	6000000008352129046
Q3292790	6000000070476436161
Q3292803	6000000003178084648
Q329282	6000000010717674647
Q3292822	6000000009290357491
Q3292858	6000000021293913243
Q3292880	6000000015117624356
Q3292884	6000000123437578040
Q3292905	6000000056229876138
Q3292910	6000000000350879162
Q3292932	6000000021213921484
Q3292941	6000000000770001082
Q3293007	6000000065744323982
Q329302	6000000031410155603
Q3293034	6000000009720123499
Q3293083	6000000029980844859
Q3293094	6000000029804265133
Q32931	6000000080388548967
Q329311	6000000079501331747
Q3293120	6000000005948363015
Q32931778	6000000014235173342
Q329331	6000000007692295621
Q3293314	6000000144727806829
Q3293346	6000000140460275867
Q3293353	6000000003512080725
Q329337	6000000024558047994
Q3293420	6000000002330816496
Q329343	6000000017930647225
Q3293430	6000000143252237903
Q3293499	6000000125613401821
Q3293502	6000000079501784892
Q3293508	6000000009484093378
Q3293509	6000000145235291872
Q3293510	6000000148034835834
Q3293557	6000000005135788001
Q3293584	6000000104780034957
Q3293628	6000000180872199134
Q3293631	6000000083155265525
Q329366	6000000015400169186
Q32937412	6000000095374281851
Q329376	3027092
Q3293769	6000000079242964149
Q3293783	6000000066163260896
Q329379	6000000140757446836
Q3293837	4041794518800128006
Q32938413	6000000017307323318
Q3293925	6000000079941771225
Q3293958	6000000020802233624
Q3293969	6000000015672880139
Q329408	322838979030005236
Q3294107	4598265954280022024
Q329412	6000000005789120175
Q3294152	6000000000602422313
Q3294174	6000000181559514822
Q329424	6000000007934774261
Q3294273	6000000053613150131
Q329428	6000000022756541031
Q3294352	6000000175653763823
Q3294426	6000000084828933979
Q32945	6000000007611167232
Q3294523	6000000002712268991
Q329454	6000000010403465632
Q3294542	6000000039925301728
Q32945421	6000000043008212426
Q3294547	6000000043545992985
Q32945522	6000000183974700829
Q329463	6000000000893065996
Q329467	6000000008394054558
Q329474	6000000015737471747
Q3294779	6000000003042535749
Q3294787	6000000012962222973
Q3295016	6000000027523431865
Q3295019	6000000025575698090
Q329507	6000000018446126647
Q329512	6000000021413796436
Q3295174	6000000017420240286
Q3295199	6000000018234487544
Q3295203	6000000000904306072
Q3295215	6000000093381622842
Q3295267	6000000026214821180
Q329529	6000000006845933104
Q3295343	6000000047027478543
Q3295346	6000000017509033630
Q329537	6000000014944887708
Q3295426	6000000013102142613
Q3295431	6000000035193503823
Q3295449	6000000043183257024
Q3295479	6000000051381049054
Q3295495	6000000051177915327
Q3295548	6000000016116841488
Q3295601	6000000009768458265
Q329577	6000000007642604094
Q3295877	6000000006574015256
Q3295912	6000000007306066810
Q3295926	6000000000463296071
Q329593	6000000163756296076
Q3296065	6000000004310235411
Q3296125	6000000027960715204
Q3296141	5226723418410033593
Q3296146	6000000175148196885
Q3296160	6000000073304669895
Q3296187	6000000001939288022
Q3296190	6000000038442807230
Q329620	6000000083295266413
Q3296235	6000000000352559167
Q3296238	4850961201130130156
Q3296243	6000000017212145802
Q3296260	6000000011824069831
Q3296265	6000000006894365002
Q3296276	4205651
Q329630	6000000163663039822
Q3296380	6000000166664294842
Q3296552	6000000008681308731
Q3296634	6000000051894723056
Q3296646	6000000177287260846
Q329668	6000000180838139821
Q329680	6000000001154630146
Q3296891	6000000010856722463
Q3296979	6000000176561948849
Q329716	6000000125367652945
Q329719	6000000170989265822
Q329730	6000000000097868796
Q3297310	6000000014547659327
Q329735	6000000006778505013
Q3297386	6000000011152049090
Q329740	375018715710013005
Q329744	6000000033954323077
Q329749	6000000018272001117
Q32975412	6000000004934024183
Q329766	6000000008896295334
Q3297724	6000000003868217809
Q329776	6000000016628082619
Q329782	4085681433620022771
Q329784	6000000011792145702
Q329789	6000000017885620442
Q32979131	6000000082395783906
Q32979141	6000000023855668104
Q32979482	6000000080357149015
Q3297953	6000000177033543863
Q329798	6000000015199421019
Q3298007	4533864535620089738
Q329801	6000000017829858202
Q329802	6000000030010855101
Q329803	6000000006899220034
Q3298109	6000000015721808467
Q3298174	6000000004533031432
Q329832	6000000059608166861
Q329835	6000000024166328072
Q329839	6000000012429286306
Q329846	6000000003352948290
Q3298477	6000000021990148396
Q329849	1184960
Q32985091	6000000014826377290
Q3298525	6000000051607221964
Q3298537	6000000092338766926
Q329854	6000000009318797882
Q3298609	6000000010934821560
Q3298684	6000000084042360873
Q329870	6000000004648085029
Q3298714	6000000007571887822
Q329875	6000000017731204482
Q3298751	6000000019424527361
Q3298824	310589497410008061
Q3298893	6000000000784805740
Q329893	6000000166649843020
Q3298949	6000000027438340275
Q3298986	6000000031592307254
Q3299000	6000000071160919942
Q329910	6000000016775390043
Q3299112	6000000136874359821
Q329920	6000000010840726561
Q329924	6000000010840670490
Q32993536	6000000069517309835
Q32993547	6000000005441336349
Q3299420	6000000083838629163
Q329944	6000000003593757461
Q3299446	6000000097814147825
Q329947	6000000012840594317
Q3299473	6000000045273946020
Q3299525	6000000014757768845
Q329956	6000000024075905989
Q3299564	6000000042562044662
Q3299638	6000000090853482861
Q329965	6000000113596528919
Q32997229	6000000016995680589
Q32997254	6000000015514336113
Q3299735	6000000002703171047
Q3299800	6000000019761017856
Q3299807	6000000038674711804
Q3299821	6000000019329978391
Q3299831	6000000056677788948
Q3299955	6000000021941769600
Q3299962	6000000007294939517
Q3299971	6000000054045276821
Q3300009	6000000017822804652
Q330006	6000000002491586388
Q3300195	6000000000841476444
Q3300213	6000000000412732678
Q330024	6000000016525901214
Q3300254	6000000014757339932
Q3300276	6000000040110092255
Q3300279	6000000022173562254
Q3300348	6000000090211333032
Q3300392	6000000003559426291
Q33004	6000000016749915173
Q330054	6000000028984840912
Q3300541	6000000002288363258
Q3300550	6000000025514961540
Q3300582	6000000067132345924
Q330059	6000000022459735036
Q330060	358775247050002254
Q330061	6000000019748725508
Q3300635	6000000002397206815
Q3300715	6000000010452093207
Q3300740	6000000113612638041
Q3300754	6000000002765016632
Q330077	6000000011657323357
Q3300806	6000000047335349393
Q3300808	6000000014163172013
Q330084	6000000023466501838
Q3300853	6000000028545299206
Q3300861	6000000063430650913
Q3300885	6000000152195477821
Q3300918	6000000071550964220
Q330093	6000000076421790905
Q3300983	6000000125845236917
Q330100	6000000040071717965
Q3301068	6000000010809688841
Q330110	6000000002679587967
Q3301115	6000000093277800046
Q3301152	6000000022753659297
Q330116	6000000018561050803
Q330118	6000000178576657829
Q3301190	6000000020749538794
Q330126	6000000002000751454
Q3301262	6000000103165003356
Q3301303	6000000025072938882
Q330132	6000000001549489435
Q3301391	6000000147335472854
Q330140	6000000073518468005
Q3301406	6000000165634626944
Q3301423	6000000008781146563
Q3301445	6000000021701057244
Q3301446	6000000007389540248
Q3301459	6000000143766162900
Q330146	6000000002993261120
Q3301468	6000000055025238180
Q330147	6000000022887217089
Q3301476	6000000004593766554
Q3301479	6000000140474671887
Q3301507	6000000093381758821
Q330155	6000000079190118010
Q3301556	6000000028026045927
Q3301570	6000000002765747880
Q3301578	6000000021211864457
Q330160	6000000023856838863
Q330165	2466977
Q3301656	6000000016446202444
Q3301675	6000000012652134911
Q3301690	6000000150668586976
Q3301693	6000000173731811019
Q3301703	6000000091176739979
Q3301705	6000000085567200903
Q3301739	6000000150786841846
Q3301763	6000000151389752902
Q3301779	6000000013742844357
Q330178	6000000010944477848
Q3301855	6000000010926482203
Q3301872	6000000007042141229
Q330188	6000000027151138186
Q330194	6000000023793518986
Q3301987	6000000002765776561
Q3302014	6000000007158479575
Q330207	6000000181941603857
Q3302071	6000000039765136711
Q3302124	6000000048653544918
Q3302142	6000000175703693277
Q3302147	6000000021049730948
Q3302161	6000000019751658453
Q3302184	6000000065009784048
Q3302194	6000000007473998257
Q3302224	6000000095498018927
Q3302252	6000000009180084361
Q3302280	6000000014392085597
Q3302338	6000000019584651134
Q3302350	6000000025809540320
Q33024186	6000000002218513756
Q3302436	6000000107602865823
Q330245	6000000142685690912
Q330252	6000000012158871537
Q3302587	6000000002375267229
Q33026252	6000000080869191454
Q3302669	384978728060005123
Q33026754	6000000013870040705
Q330269	6000000000925356216
Q3302781	6000000002802219299
Q3302847	6000000033334254856
Q3302854	6000000001753704621
Q3302870	6000000002802596867
Q3302871	6000000016267522152
Q330292	6000000020723369201
Q330293	6000000015049701677
Q3302990	6000000158555881828
Q3303030	6000000180640659932
Q330317	6000000018138789740
Q3303281	6000000029283341255
Q330335	6000000036720886942
Q330341	6000000012720640509
Q33035108	6000000024514232708
Q33035118	6000000009454421173
Q33035235	6000000183594919838
Q33035888	6000000028497467527
Q330364	6000000156504125828
Q3303780	6000000038968073106
Q33038	6000000018561584963
Q3303830	6000000001098970015
Q330387	6000000073818724224
Q33039537	4559282666080025626
Q3304122	6000000003347238344
Q330413	6000000177140431863
Q330420	6000000078343617005
Q330431	6000000003037819700
Q330433	6000000028024913165
Q33043538	6000000001312362557
Q33043566	4983350377300043813
Q33043567	6000000135032057961
Q33043583	6000000019103242330
Q330436	6000000180382318875
Q33043615	6000000033176328782
Q33043685	6000000178309202913
Q33043758	6000000015729973961
Q33043830	6000000035590684381
Q3304418	6000000049003958965
Q3304507	6000000008447346587
Q330454	6000000007832503086
Q330457	6000000021918845731
Q3304735	6000000001485119577
Q3304851	6000000045550341079
Q3304894	6000000015917599743
Q330492	6000000011966420720
Q3304969	6000000182039245832
Q3304981	3249011
Q3304994	6000000009522844662
Q3304999	6000000013528319666
Q3305003	6000000082583301188
Q3305021	6000000000769944762
Q3305098	6000000071945042887
Q330511	6000000000601380840
Q3305113	6000000032333958907
Q3305117	6000000033940346226
Q3305154	6000000010340882834
Q3305244	6000000009926359072
Q33052554	6000000005250032329
Q3305300	6000000011789935232
Q33053068	6000000166401213837
Q3305310	6000000182088501866
Q330535	6000000005095616640
Q330537	6000000029181436210
Q330539	6000000225040456986
Q330545	6000000018672086759
Q3305484	6000000012672546533
Q3305620	6000000001060899591
Q3305647	6000000038847148113
Q330569	6000000006928688493
Q330571	6000000025273039255
Q33057271	6000000063173200852
Q330573	6000000024794572553
Q3305753	6000000145934882892
Q3305788	6000000015629128685
Q33058867	6000000017774156092
Q3305928	6000000116083367864
Q330596	6000000002773504542
Q330604	6000000011304386320
Q330610	6000000036342281245
Q33061359	6000000155814561822
Q33061442	6000000019630427123
Q3306153	6000000000293457264
Q3306168	6000000037051121071
Q330621	6000000013271693505
Q3306213	6000000065996259073
Q330624	6000000025791273075
Q33062550	6000000019203351361
Q3306291	6000000004170265499
Q3306306	6000000011072339415
Q330631	6000000000348851883
Q330633	6000000028456021280
Q330637	6000000015578803837
Q330639	6000000036601822125
Q330644	6000000000985459119
Q3306447	6000000029244968751
Q3306559	6000000028378400654
Q3306628	6000000007735814717
Q330670	6000000037474260050
Q330684	6000000077909657912
Q3306894	6000000172081194898
Q330690	374219544110012216
Q330698	6000000073366513473
Q330707	6000000007028885295
Q33071	6000000015798234415
Q3307155	6000000064113704896
Q330718	6000000004549577415
Q330726	6000000025635430509
Q3307417	6000000013693548869
Q3307463	6000000004179584975
Q330752	6000000050610433028
Q330757	6000000001719289271
Q330761	6000000035699930103
Q33076398	6000000003493190333
Q33076400	6000000133226817822
Q33076495	4561153859280034423
Q330765	6000000185354857854
Q33076648	6000000000538226645
Q33076892	296159585380001191
Q33077774	6000000011038051719
Q3307822	6000000041052853961
Q3307830	6000000108733080949
Q330788	6000000015695229857
Q3307881	6000000010048856714
Q3307881	6000000090140327907
Q3307884	6000000014244472248
Q330793	6000000017711682399
Q3307945	6000000009645748304
Q3307968	6000000005441248470
Q3307975	6000000011825417646
Q3307982	6000000141451198834
Q3308002	6000000057264552207
Q3308009	6000000004293846962
Q3308014	6000000017827099614
Q3308040	6000000062127654943
Q3308101	6000000056342121891
Q3308168	6000000016984927933
Q3308179	6000000034732421673
Q330819	6000000011150118152
Q3308202	6000000028622628463
Q3308207	6000000014044884080
Q3308237	6000000013425409844
Q3308244	6000000017923663275
Q33082681	6000000015522893751
Q33082909	2890509
Q33082919	6000000006269826440
Q33082928	6000000078201927977
Q33083120	6000000029259154728
Q3308326	6000000011820891353
Q33083297	6000000001047839051
Q33083322	6000000018940107187
Q3308337	6000000001260688019
Q33083371	6000000157398950822
Q33083426	6000000145021590876
Q33083588	6000000061131739197
Q33083652	6000000016429407440
Q330837	6000000004872757554
Q33084006	6000000090977294850
Q3308415	6000000183943563823
Q33084256	6000000033458044957
Q3308441	6000000019286938175
Q3308442	6000000012269826720
Q33084679	6000000041504746103
Q3308472	6000000010162005610
Q3308511	6000000132343322831
Q330852	6000000018001661065
Q3308524	6000000003096765845
Q3308537	6000000041232282114
Q3308543	6000000002906211409
Q3308554	6000000075907064973
Q3308574	6000000041739743784
Q3308603	6000000025865975349
Q330866	6000000011138138914
Q3308711	6000000054572204821
Q3308715	6000000007258866454
Q3308736	6000000005018793425
Q3308738	6000000003217277549
Q3308759	6000000043402920159
Q3308762	6000000094410349822
Q3308765	6000000021344684902
Q3308770	6000000077449484515
Q3308776	6000000027007894216
Q3308781	6000000034928827043
Q33087933	6000000003032222693
Q3308803	6000000011222996741
Q3308810	6000000026381292684
Q330882	6000000083660079009
Q3308821	6000000017140578369
Q3308832	6000000000275994857
Q3308874	6000000010129684887
Q3308917	6000000037150247886
Q3308940	6000000175769433851
Q3308966	6000000026576094222
Q3308992	6000000188750359824
Q33090038	6000000126020209867
Q3309045	6000000002764677866
Q3309091	6000000000935040204
Q3309102	363469839190002234
Q3309129	4553293746180033522
Q3309151	372768918990006745
Q3309182	6000000176703282090
Q3309250	6000000077950712114
Q3309251	6000000028202211955
Q3309276	6000000039481832987
Q33092918	6000000054077484821
Q3309302	6000000035212734151
Q3309354	6000000007515112415
Q3309369	6000000020747609363
Q3309380	6000000012240398827
Q3309449	6000000002711734413
Q3309578	6000000176855875897
Q3309588	6000000041766204075
Q3309603	6000000000160241084
Q3309617	6000000002188616771
Q3309624	6000000029576523678
Q3309709	6000000179178119838
Q330986	6000000001707379351
Q330986	6000000190046282621
Q330995	6000000017857687632
Q3309960	6000000070720405906
Q33100394	6000000151152338832
Q33100485	6000000015760822021
Q3310066	6000000175301462899
Q3310130	6000000015743745176
Q331014	6000000073806153899
Q33101774	6000000017939255040
Q33101775	6000000047396195844
Q3310184	6000000004948267231
Q33101871	6000000016937192170
Q331023	6000000017925432950
Q3310240	6000000079639950224
Q3310316	6000000020270112177
Q331036	6000000012889196497
Q33103653	6000000079401405004
Q33103677	6000000001504776718
Q3310371	6000000009747660714
Q33103742	6000000025818917027
Q33104288	6000000022562965846
Q331044	6000000017433803486
Q33104417	6000000090030626090
Q3310521	6000000026209666255
Q331056	6000000200085223850
Q3310578	6000000033958112711
Q3310623	6000000006284184990
Q33106230	6000000036334436899
Q331063	6000000067126582970
Q33106446	6000000012617105012
Q3310651	6000000030839064904
Q33106607	6000000080357053022
Q331070	6000000000719151244
Q331073	6000000016181238539
Q3310730	6000000022522307360
Q33107752	6000000061708864154
Q33108238	6000000010945952186
Q33109099	6000000080357239867
Q3310947	6000000138585827173
Q3310996	6000000174072297907
Q33110609	6000000181934591850
Q33110665	6000000042102864463
Q331107	6000000001180338739
Q3311097	6000000008497576411
Q33111057	6000000176778311827
Q33112128	6000000017943150463
Q331124	6000000008630797233
Q3311248	6000000080077227917
Q331125	6000000024830598526
Q3311251	6000000179063102849
Q3311267	6000000066846706837
Q33112717	6000000038109550623
Q3311273	6000000029219929196
Q33112775	6000000078018627984
Q3311284	6000000092301858854
Q3311300	6000000137324984028
Q3311311	6000000145003911984
Q33113386	6000000032760548737
Q3311348	6000000009717462356
Q3311356	6000000176857075821
Q3311371	6000000166392665826
Q33113847	6000000013011870466
Q33113850	6000000009822077856
Q33113866	6000000011547238993
Q33113944	6000000006945735165
Q33113944	6000000022563792363
Q3311398	6000000011395414084
Q3311473	4429491123270044654
Q3311479	6000000007034543403
Q3311599	6000000100131965968
Q3311661	6000000020434936604
Q331173	6000000006448690028
Q3311733	2283691
Q331182	6000000015309523335
Q3311866	6000000078593860884
Q331187	6000000006583428026
Q331188	6000000020114492247
Q33119	6000000043800493941
Q3311905	6000000123476498822
Q33119424	6000000002992358011
Q33120355	6000000058747814883
Q33120850	6000000003942766533
Q331209	6000000004087387850
Q3312100	6000000022542416766
Q33122228	6000000083064018428
Q331227	6000000029679852396
Q3312332	6000000067695324834
Q33123577	6000000016810607041
Q33124300	6000000011872306236
Q331244	6000000016053793453
Q33124507	6000000129207288000
Q33125324	6000000038935903968
Q33125609	6000000012920399929
Q33126131	6000000004220872134
Q3312666	6000000024806692892
Q3312754	6000000004748655001
Q331278	6000000027544563254
Q33127835	6000000014823299730
Q33128	6000000013890628732
Q3312829	6000000004223792415
Q331287	6000000001436319637
Q33128871	6000000111944321899
Q33129144	6000000058339747182
Q33129361	6000000036895235975
Q331294	6000000000889006665
Q33129490	6000000062923302821
Q3312950	6000000028583115672
Q33129686	6000000009583721830
Q33130023	6000000001583453600
Q331301	6000000088711234036
Q33131109	6000000082350549975
Q3313138	6000000007280564270
Q3313150	6000000056027049861
Q33132005	6000000177591817831
Q33132288	6000000060483349844
Q331323	6000000026011456817
Q3313247	6000000002188508279
Q3313263	6000000002188508273
Q3313324	6000000176993519930
Q331334	6000000010139827168
Q33133897	6000000007473058388
Q3313392	6000000077822645489
Q33133977	6000000026247382356
Q33135022	6000000012105265031
Q331351	6000000003419612652
Q331352	6000000066154833927
Q3313521	6000000069557398219
Q33135364	6000000141949032973
Q33135830	6000000133249977528
Q3313612	6000000008326265529
Q3313665	6000000012956117365
Q3313688	6000000174268290973
Q3313735	6000000065152644821
Q3313773	6000000063196976895
Q3313774	6000000040790730677
Q33139493	6000000027817057181
Q33139742	6000000013632736747
Q331401	6000000048013671219
Q3314039	6000000036737970945
Q3314051	6000000004536652370
Q3314078	6000000179592279822
Q33141603	6000000001536655817
Q331425	6000000165271124824
Q331431	6000000024739659303
Q3314333	6000000010982063049
Q33144304	6000000019224017051
Q331448	6000000018844267056
Q3314520	6000000001783915149
Q3314542	6000000185451599901
Q3314544	6000000000252915668
Q33147630	6000000015491821684
Q33147998	6000000015491936056
Q33148413	6000000015491901288
Q33148632	6000000018431436627
Q33148798	6000000015491789474
Q331494	6000000015883685569
Q331497	6000000028337129874
Q3314977	6000000014600650602
Q331505	6000000032824443901
Q3315368	6000000074186643079
Q3315380	6000000013378528487
Q331543	6000000183279731827
Q3315555	6000000018795850322
Q3315582	6000000059122926909
Q33156412	6000000142012569822
Q331567	6000000083456030434
Q3315702	6000000056746839821
Q3315711	6000000046718440341
Q3315726	6000000015957153231
Q331575	5405903272180113463
Q3315758	6000000000769939304
Q331587	6000000026813022587
Q3315976	6000000046734628866
Q3316028	6000000014519149523
Q3316132	6000000009368042688
Q331657	6000000002886565920
Q3316607	6000000013015655652
Q3316616	6000000011700518443
Q331686	6000000017452660550
Q331703	6000000022933703990
Q3317069	6000000027738711426
Q3317088	6000000026491546806
Q331714	6000000016070579679
Q3317160	6000000016519559627
Q331719	6000000027631260492
Q331720	6000000025741904983
Q331727	6000000062320887821
Q331742	6000000025648269972
Q331747	5156967817390130366
Q331748	6000000007748398963
Q331759	6000000015249046141
Q33175965	6000000077063655618
Q3317660	6000000036042719315
Q33176946	6000000084253475524
Q3317901	6000000015940169985
Q33179331	6000000000959043238
Q33179342	6000000045875818046
Q33180506	6000000179449619831
Q3318158	6000000017857253023
Q3318347	6000000116751475839
Q3318358	6000000015395116212
Q3318384	6000000004168521833
Q331845	6000000012687873047
Q33184641	6000000034863657257
Q331853	6000000097538218885
Q331856	6000000077889305943
Q33187103	6000000034864195119
Q33187608	6000000015664720418
Q33188	6000000003846023168
Q331893	3980493667950070779
Q3319082	6000000027966167469
Q3319132	6000000160298581851
Q33192445	6000000054113639023
Q33192483	6000000012431673059
Q3319412	6000000015915223474
Q3319490	6000000008260701810
Q3319618	6000000069162698990
Q3319864	6000000011700090030
Q3319946	6000000016509745673
Q3320043	6000000026617048518
Q332010	6000000005575401795
Q3320108	6000000007616918305
Q332020	6000000069459672087
Q3320282	6000000002126906844
Q33202988	6000000054734294967
Q332032	6000000006376864247
Q33204279	6000000054735294862
Q3320479	6000000006604665483
Q3320585	6000000018398872403
Q3320599	6000000016237726942
Q332070	6000000000118935052
Q332074	6000000029843538428
Q3320793	6000000014804672467
Q3320799	6000000002765621765
Q332081	6000000011737253776
Q33208314	6000000008197401239
Q3320881	6000000174571877821
Q3320897	6000000171911614052
Q3320935	6000000122245993864
Q3320941	6000000025269607067
Q332096	6000000008805923236
Q3321075	6000000025338757485
Q33210823	6000000002276060691
Q3321084	6000000025334500299
Q3321092	6000000025293490624
Q332110	6000000125082140871
Q332111	362295551200011957
Q3321158	6000000017444210180
Q3321231	6000000012328548475
Q3321271	6000000006251238564
Q3321277	6000000017525015850
Q3321283	6000000025031255390
Q332130	6000000013736852684
Q332145	6000000078022146180
Q3321553	6000000172608113836
Q3321580	6000000028082580456
Q332170	6000000000683235605
Q332183	6000000078173117274
Q33218480	6000000017127519165
Q332193	6000000012808528867
Q332205	6000000139050548833
Q332215	6000000141907665902
Q3322254	6000000018569973693
Q3322373	6000000002188517130
Q3322405	6000000069303237345
Q33224674	6000000008170212460
Q332251	6000000009737374991
Q3322695	6000000026352139718
Q3322718	6000000003681379584
Q3322857	6000000002881746112
Q3322907	6000000016783140326
Q3323160	6000000177092012880
Q332323	6000000001448179631
Q332335	6000000145346543867
Q332347	6000000017919438457
Q332360	6000000025444210824
Q3323628	6000000000847991629
Q332365	6000000007927132230
Q3323685	6000000031750452121
Q332376	6000000001708299964
Q33237991	6000000144152343076
Q332393	6000000037512832436
Q3323951	6000000001199845326
Q332400	6000000003203178367
Q33240086	6000000026364038962
Q3324026	6000000005899778001
Q332405	6000000001141816672
Q33240502	6000000001843216661
Q332412	6000000011399466289
Q332413	6000000035421716102
Q3324133	6000000016183966951
Q332417	6000000134420954822
Q332419	6000000039481646468
Q33242518	6000000051553220828
Q332426	6000000011540860948
Q3324282	6000000183823838876
Q332435	6000000000560259698
Q3324402	6000000125757585157
Q3324407	6000000003937579734
Q332442	6000000001141905744
Q3324468	6000000026104412073
Q3324470	6000000107011694823
Q332449	6000000013616898058
Q33245	6000000179975699822
Q332450	6000000020289839395
Q3324535	6000000074734520833
Q332454	6000000009354451510
Q332459	6000000173054602919
Q332460	6000000014812603050
Q3324603	6000000002912013175
Q3324608	6000000011770182025
Q332462	6000000212358795822
Q332464	6000000010985123336
Q332470	6000000011757886781
Q332471	6000000007890667448
Q3324745	6000000023295406180
Q3324749	6000000005583116054
Q332475	4817534912430042375
Q3324755	6000000003939087045
Q3324763	6000000010253401882
Q3324773	6000000001843182183
Q3324783	6000000022396894192
Q332481	6000000033670658846
Q332482	6000000077538620821
Q3324823	6000000050190058009
Q332483	6000000065926393906
Q332484	6000000000452115479
Q332487	6000000002188470411
Q332493	6000000009921298120
Q332508	6000000012516087754
Q332513	6000000011160752423
Q332521	6000000001529585828
Q33252310	6000000002889135091
Q332525	6000000047810797827
Q332528	6000000007257218949
Q332533	6000000009294081381
Q3325394	6000000083838837997
Q332546	6000000043723945069
Q332552	299273679250002029
Q33255633	6000000052614084842
Q33256339	6000000125689329834
Q332572	6000000015035328402
Q332579	6000000024505884326
Q332580	6000000025037485849
Q3325858	6000000020276385711
Q332595	4886638182060062933
Q332596	6000000016425044273
Q3326003	6000000157285182063
Q3326025	6000000003340972329
Q332603	6000000016615639760
Q332607	6000000003022403988
Q332612	6000000011180352560
Q33261222	6000000026453286263
Q332616	6000000002188514939
Q332617	6000000014472896751
Q332618	6000000082839664880
Q332619	6000000001529719801
Q3326194	6000000002420898278
Q332620	6000000003923949954
Q33262060	6000000030933771317
Q332623	6000000012385995202
Q33262531	6000000066278087989
Q332626	2251632
Q332632	6000000080117980919
Q332633	6000000003956572108
Q332639	6000000011260952353
Q332640	6000000009959843904
Q332641	6000000068533327192
Q332644	6000000016445270190
Q332645	6000000084972296845
Q332650	6000000011135526760
Q3326508	6000000018638131924
Q332654	6000000002188385111
Q332670	6000000017208821272
Q332672	6000000017235581019
Q3326763	6000000038083799003
Q332679	6000000013702115714
Q332685	6000000019094471751
Q3326888	6000000002217660012
Q332693	6000000068752865891
Q33269575	6000000011461797442
Q332696	6000000055862264838
Q33269860	6000000000462363437
Q332701	6000000024179966119
Q3327067	6000000002765776666
Q3327077	6000000070658603185
Q332709	6000000090582138258
Q3327098	6000000007262618215
Q332712	6000000016701843840
Q3327209	6000000031928829207
Q332722	6000000005599033323
Q332728	6000000006101423926
Q332731	6000000019083669289
Q332738	6000000018081519137
Q3327435	6000000021149671107
Q332746	6000000011101184771
Q3327482	6000000004271920796
Q332756	6000000107774393988
Q332759	6000000053721389956
Q332770	6000000009618427720
Q332771	6000000163253888848
Q332779	6000000014151081746
Q332783	6000000002103446324
Q332789	6000000013376255278
Q332793	6000000011341582525
Q3327989	6000000001091870357
Q3328038	6000000126745736858
Q3328044	6000000177104119823
Q332806	6000000007355811382
Q3328127	6000000059172303912
Q332813	6000000002333364867
Q3328160	6000000010651907503
Q332818	6000000010163398251
Q3328202	6000000066595777862
Q3328255	6000000036052629916
Q332826	6000000165673910828
Q3328529	6000000016040450107
Q3328643	6000000008862437754
Q332865	6000000137537603056
Q332875	6000000076991332053
Q3328844	6000000030121314582
Q332886	5675322320040060604
Q332887	6000000014472402171
Q3328885	6000000177023872049
Q332890	6000000014748320062
Q332897	6000000009945003445
Q332899	6000000000128551205
Q33290331	6000000019909843325
Q332905	4664089013700016996
Q332914	6000000011336455987
Q332915	4973291786140115648
Q33291510	6000000013489413373
Q3329187	6000000021468062612
Q332923	6000000003265075174
Q332927	6000000002188483305
Q332933	6000000023489777584
Q332935	6000000026377912824
Q33293825	6000000000846162131
Q3329397	6000000011264252042
Q332941	6000000004868044185
Q33294426	6000000086655786865
Q332949	6000000075110635896
Q332956	6000000002237429192
Q332958	6000000003615138937
Q3329601	6000000071781890177
Q332963	6000000004748890008
Q332965	6000000025608662511
Q332969	6000000003219723807
Q3329696	6000000019542172262
Q332971	6000000003367361480
Q332972	6000000010512616228
Q3329728	6000000008655878436
Q332981	6000000016775571001
Q332995	6000000010095370773
Q333003	6000000029640925038
Q333004	5138986494620138638
Q333011	6000000026162057884
Q333019	6000000011305074328
Q33302625	6000000014823341391
Q333028	6000000124310617860
Q333033	6000000010174745649
Q333041	6000000035007467344
Q333066	6000000085197013880
Q333072	6000000021318862797
Q3330735	6000000178565617871
Q3330788	6000000054842203079
Q333091	6000000012875256556
Q333095	6000000016740418175
Q3330950	6000000017857376343
Q333098	6000000006581351034
Q333102	6000000014613156890
Q333106	6000000017425870559
Q3331099	6000000012301897306
Q333111	6000000000076315829
Q333112	6000000017855946659
Q333117	4886452598430047409
Q333120	6000000008630274243
Q333121	6000000013498030551
Q333127	6000000009188863723
Q333129	6000000017355364610
Q333136	6000000010136236014
Q333140	6000000010213064612
Q33314404	6000000060811717950
Q333145	6000000011024626338
Q333148	6000000009353352636
Q3331486	6000000001915983163
Q333158	6000000094173123070
Q3331615	6000000003715191453
Q33316301	6000000002651527942
Q3331648	6000000074847869958
Q333178	6000000009796546943
Q3331804	6000000002881728766
Q333183	6000000019177194247
Q3331858	6000000011175802045
Q333187	6000000115961050828
Q333189	6000000006444774045
Q333190	6000000037584975336
Q3331980	6000000000129334564
Q333199	6000000017436416299
Q333202	6000000009828793252
Q333205	6000000003689677626
Q333207	6000000082533811889
Q333212	6000000032075866171
Q333214	6000000002230437041
Q333215	6000000016575060272
Q333216	6000000070659974005
Q333220	6000000018466110309
Q333221	6000000000194841073
Q333223	6000000019833827548
Q333231	6000000009615481375
Q333232	5036049677570105847
Q333233	6000000027471020237
Q333236	6000000066583370821
Q333238	6000000001319693257
Q333240	6000000010868393178
Q333241	6000000010030785559
Q333244	6000000013031658142
Q333245	6000000008630274727
Q33324886	6000000054737501887
Q333250	6000000030817468240
Q3332502	6000000006127817474
Q333251	6000000017775654838
Q333256	6000000004212377145
Q33327640	6000000016037466347
Q333281	6000000007476442228
Q333285	6000000002188542785
Q333289	6000000011467617846
Q333294	6000000009559868756
Q333297	6000000001005202384
Q333300	6000000010030235312
Q333304	6000000013701684121
Q333306	6000000040672609339
Q3333112	342028890010005500
Q333323	6000000011524098591
Q333336	6000000003931393276
Q333339	6000000015066975214
Q333342	6000000019511943109
Q333347	6000000003912707777
Q333350	6000000021646090991
Q333354	6000000007184388594
Q333355	6000000003222176176
Q333358	6000000009926708410
Q333362	6000000005598942720
Q333364	6000000010025105747
Q333365	6000000018435928597
Q333368	6000000008880694842
Q333370	6000000025669205268
Q333372	6000000012473599603
Q333376	6000000027128941292
Q333378	6000000009559833342
Q333382	6000000002188514434
Q333387	6000000014717980746
Q333388	6000000017132395324
Q333393	6000000071417923100
Q333399	5544152523010053807
Q333400	6000000019869612238
Q333405	6000000014094952102
Q333413	6000000018893840124
Q333417	6000000011518904288
Q333418	6000000011122015571
Q333419	6000000006329517964
Q3334207	6000000011576958461
Q333421	6000000052757427057
Q3334219	6000000069317752834
Q333422	6000000004212706066
Q333426	6000000009607671906
Q333429	6000000015509744226
Q333430	6000000075689604933
Q333442	6000000016147104697
Q333449	6000000003910767792
Q333460	6000000017599430239
Q333468	6000000001672936854
Q333469	6000000072330625238
Q333471	6000000017966622717
Q333475	6000000008452278884
Q333479	6000000002947089225
Q333480	6000000043354646425
Q333481	6000000024865430778
Q333487	6000000046612225945
Q333488	6000000002877913404
Q333494	6000000000508904857
Q3334955	6000000048436388959
Q333496	6000000007015239667
Q333499	6000000089456338001
Q3335	6000000001510467133
Q333500	6000000019641420094
Q333505	6000000028831168547
Q333507	6000000028301765044
Q3335126	6000000121836884903
Q3335173	6000000007421468888
Q3335245	6000000145231143901
Q333525	6000000015127843850
Q333533	6000000017644846913
Q333534	6000000013934911247
Q333538	6000000127088999872
Q333544	6000000015743364204
Q3335559	6000000003014070457
Q3335584	6000000025183865428
Q3335588	6000000000770044640
Q3335593	6000000008067009467
Q333560	6000000004103062735
Q3335602	6000000069902097005
Q333565	6000000006444755007
Q333573	6000000013486360766
Q333575	6000000014711475516
Q333577	6000000012641188341
Q333578	6000000015803931740
Q333582	6000000000240419714
Q333586	6000000022104545355
Q3335869	6000000043257122935
Q3335883	6000000049302686831
Q333589	6000000193490930828
Q3335904	6000000156813122881
Q333591	6000000011123421063
Q3335911	6000000001631230740
Q3335913	6000000017137805395
Q3335924	6000000000050540032
Q3335928	6000000013792899321
Q3335933	6000000004348982046
Q3335937	6000000013218339786
Q333595	6000000004241577077
Q3335954	6000000143236120829
Q333596	6000000013432734288
Q3335961	6000000022573318372
Q3335965	6000000021398424634
Q333601	6000000003222203183
Q333605	6000000002802172116
Q3336054	6000000040658413401
Q3336057	6000000075068926822
Q333611	6000000020614894492
Q333615	6000000025072809240
Q333617	6000000010879928082
Q333620	6000000015411182220
Q333623	6000000015726189328
Q333628	6000000003714066859
Q3336293	4227274429480056651
Q3336300	6000000000348881595
Q333632	6000000003849068251
Q3336348	6000000017190208651
Q3336388	6000000041833184939
Q3336401	6000000178567046825
Q333651	6000000012069920227
Q3336531	6000000211411090832
Q333662	6000000003971962772
Q333668	6000000097857824918
Q3336740	6000000026296145440
Q3336763	6000000020747100415
Q3336784	6000000039500774986
Q3336788	6000000006580357648
Q333685	6000000026756471113
Q333688	6000000002188551564
Q3336891	6000000013814215353
Q333691	6000000014405459204
Q333694	4969976722960077774
Q3336960	6000000036542899228
Q333701	6000000046711120863
Q333710	6000000019975691673
Q333716	6000000012546650212
Q333722	6000000015110587425
Q333724	6000000111051050042
Q333732	6000000018696114293
Q333735	6000000018112180614
Q3337368	6000000046846238195
Q333737	6000000019024684608
Q333744	6000000006999487233
Q333749	6000000011338148798
Q333755	6000000007292967455
Q3337565	6000000178271609854
Q333766	6000000011342240297
Q33376633	6000000057158178894
Q33376942	6000000017133030732
Q333772	6000000008923661159
Q333778	6000000140761589869
Q3337787	6000000066510925823
Q333781	6000000013701587251
Q3337821	6000000037592332336
Q3337823	6000000015475295091
Q333784	6000000008949104563
Q3337853	6000000002479274538
Q3337854	6000000068160570994
Q333787	6000000016270431313
Q3337906	6000000005438470952
Q333791	6000000004868061864
Q3337923	6000000018682272067
Q333795	6000000004868061047
Q333803	6000000019186260414
Q333804	6000000037384848503
Q333806	6000000005924844509
Q333808	6000000002928935018
Q333815	6000000007706498733
Q333821	6000000016539446853
Q333823	6000000011466764746
Q333824	6000000015987834968
Q333831	6000000019265832412
Q33383212	6000000002089845957
Q333833	6000000151361084901
Q33383492	6000000041690836877
Q333839	6000000002410052314
Q333843	6000000016438344659
Q333846	6000000030411445199
Q333852	6000000174227110862
Q333855	6000000017147841823
Q333856	6000000015356572502
Q3338577	6000000019189677036
Q333862	6000000002188475144
Q333863	6000000044186887089
Q333870	5232550674670029002
Q333876	6000000097228700869
Q333879	6000000004868937548
Q333881	6000000082605132844
Q333885	6000000008832496764
Q333887	6000000003901517811
Q3338877	6000000074035557821
Q333889	6000000076278797936
Q3338913	6000000017728432781
Q333892	6000000006295092204
Q333897	6000000002831278915
Q333900	6000000006349613011
Q333905	6000000017244776097
Q33391	6000000011285664045
Q333911	6000000027591640805
Q333918	6000000000489374185
Q333919	6000000014718101655
Q333922	6000000039684776042
Q333927	6000000017514914354
Q333932	6000000181305743860
Q333933	6000000004212164832
Q333937	6000000014748702156
Q333938	6000000011275295490
Q333941	6000000000302332084
Q333951	6000000019133326134
Q333959	6000000000521734312
Q3339592	6000000114024840041
Q3339598	6000000109278288894
Q3339602	6000000125396104844
Q333963	6000000029322760666
Q333968	6000000000490806488
Q333972	6000000043157398960
Q33397322	6000000071060059858
Q333979	6000000010095231136
Q333983	6000000010881499697
Q333987	6000000023387278056
Q3339912	6000000166452230868
Q3339919	6000000174305313843
Q333992	6000000051743404849
Q333994	6000000043261754500
Q3339940	6000000184034552832
Q33399579	6000000023320794538
Q334006	6000000026000413845
Q334012	6000000014528336516
Q3340140	6000000017550160048
Q3340142	6000000033150534846
Q3340156	6000000017132272676
Q3340198	6000000025755494110
Q334020	6000000002805221711
Q334021	6000000040877844011
Q334027	6000000014659285034
Q3340307	6000000021211776182
Q3340344	6000000001755660868
Q3340346	6000000020746788641
Q3340372	6000000020844479247
Q334039	6000000000508476190
Q3340396	6000000021593096817
Q3340437	6000000181929614821
Q334045	6000000000491682179
Q3340473	6000000011313803154
Q3340497	6000000133139433932
Q334053	6000000001592699835
Q334057	6000000026427496837
Q3340571	6000000002689466091
Q3340578	6000000074787119635
Q3340585	325888825490004859
Q3340629	6000000030731893000
Q334063	6000000000119062798
Q3340634	6000000012879376642
Q334067	6000000012270916580
Q3340677	6000000066834520009
Q334069	6000000001335783114
Q3340691	6000000022192124389
Q334078	6000000000019938898
Q3340784	6000000036839585147
Q3340823	6000000182981358881
Q3340859	6000000048643118082
Q334086	6000000206279920828
Q334087	6000000009735269845
Q334088	6000000181585839830
Q3340891	6000000016705541332
Q3340893	6000000022275285787
Q3340898	6000000022258173895
Q3340917	6000000181994853976
Q334095	6000000074756923524
Q3340959	6000000021359697976
Q3340995	6000000016237971816
Q334101	6000000074753872822
Q334102	295304479960006370
Q3341068	6000000174785607025
Q334108	6000000024199413774
Q334112	6000000003409206288
Q3341143	6000000022838830823
Q3341175	6000000163831271955
Q3341195	6000000157569427902
Q3341199	6000000125400239011
Q334120	6000000002802172105
Q334125	6000000188229142823
Q334126	6000000130528389838
Q3341345	6000000009440687605
Q334136	6000000066938886839
Q3341378	6000000001877477288
Q3341385	6000000124973943821
Q334142	6000000018437830703
Q334145	6000000004212313020
Q334146	6000000109742123950
Q334147	6000000076902847500
Q334148	6000000001068668878
Q3341509	6000000012653570212
Q334151	6000000003243027825
Q3341603	6000000012722192235
Q3341634	6000000124483737873
Q3341645	6000000007443754814
Q334165	6000000011040213865
Q3341675	6000000007463030846
Q3341696	6000000062143152864
Q33417199	6000000008781184199
Q33417348	6000000056429389917
Q334177	6000000055691913990
Q334180	6000000107073294968
Q334181	5124411478120129700
Q334182	6000000026902189708
Q3341886	6000000177433211866
Q3341923	323983967410002737
Q3341939	6000000014214708541
Q3341945	6000000015140662988
Q334196	6000000003891404163
Q334198	6000000019267105766
Q3341990	6000000076369467932
Q334200	6000000003756194976
Q334203	6000000013420231327
Q334205	6000000085117742833
Q334207	6000000013415360518
Q334210	6000000011337624490
Q334215	6000000010206878412
Q334219	6000000080592650930
Q334228	6000000010896817416
Q3342298	6000000002970133877
Q3342316	6000000016382922241
Q334234	6000000013420177548
Q334244	6000000026023347611
Q3342508	6000000015396190085
Q334251	6000000014471263271
Q334253	6000000012651252079
Q3342656	6000000070407746839
Q3342660	6000000014026362079
Q3342662	6000000103230706881
Q334268	6000000095331735037
Q334272	6000000025631135371
Q334282	6000000029324604303
Q334284	4817785766270060513
Q334287	6000000013044217404
Q334288	6000000051232344821
Q334290	6000000014066080610
Q33429202	6000000001382801613
Q334294	6000000010873491535
Q334298	6000000047193411833
Q334302	6000000019413441108
Q334323	6000000037591421720
Q334337	6000000009925675039
Q334339	6000000077248710152
Q3343444	6000000008708228776
Q3343458	6000000006946089227
Q3343469	6000000001803897715
Q334347	6000000013059926666
Q334351	6000000008737149905
Q334352	6000000012461898338
Q334355	6000000024208260463
Q33436042	6000000058034777982
Q334361	6000000029430174626
Q3343649	6000000011185906607
Q33436640	6000000067027467972
Q3343676	6000000002188466293
Q3343678	6000000116465986821
Q33436811	6000000164951681979
Q33437082	6000000022690216098
Q3343727	6000000046094614809
Q334374	6000000029594501239
Q334375	6000000077763710433
Q334381	6000000023150727187
Q334385	6000000006221444020
Q334391	6000000016844609657
Q334392	6000000019893634128
Q334396	6000000020007652758
Q334398	6000000074716163651
Q334404	6000000091818945861
Q33441159	6000000205281747859
Q334429	6000000003243261346
Q334436	6000000031075316072
Q334449	6000000015220285058
Q334452	6000000008737283555
Q334459	6000000086756294010
Q334467	6000000010541619461
Q3344772	6000000022414013131
Q3344888	6000000009504165245
Q334505	6000000002188383618
Q334511	6000000011055812736
Q334530	6000000003243331892
Q334543	6000000011131658323
Q3345492	6000000145769130022
Q334557	6000000013536061443
Q334565	6000000055001033828
Q3345710	6000000007330142445
Q3345763	6000000017852165288
Q3345801	6000000180870577899
Q3345809	6000000007105557486
Q3345834	6000000173605957087
Q3345841	6000000085743120858
Q3345912	6000000193033348841
Q33459413	6000000063931490114
Q334614	6000000017531409262
Q334615	6000000012317029974
Q33461967	6000000113764384319
Q334620	6000000003988614852
Q3346295	6000000057238309141
Q334633	6000000015216658491
Q3346493	6000000001263520755
Q334650	6000000030391599344
Q334651	6000000039482775226
Q334700	6000000007200248246
Q3347208	6000000119028089371
Q3347423	5570984806450066115
Q3347469	6000000027313455831
Q33477	6000000022516264816
Q334799	6000000001723416245
Q334802	6000000014652753746
Q334822	6000000009597950861
Q334839	6000000125418471844
Q334846	6000000011302243041
Q334871	6000000008735136774
Q3348801	6000000080965145847
Q3348827	6000000099580731233
Q334885	6000000101475209827
Q3348869	6000000006577145019
Q33489993	6000000024386656650
Q334908	6000000005954052741
Q334910	6000000041325816868
Q3349133	6000000035398300571
Q334914	6000000012119448934
Q3349171	6000000172583019910
Q3349208	6000000166392512071
Q334923	6000000078438373855
Q33492711	6000000014823288637
Q3349305	5568319378250038686
Q3349317	6000000009522207212
Q334952	6000000000691208502
Q334953	6000000002188674354
Q334958	6000000021366018156
Q334965	6000000102828975057
Q334970	6000000021366596838
Q334971	6000000000307240956
Q334974	6000000014472398227
Q334980	6000000012914653634
Q334984	6000000015987245735
Q334990	6000000013681993476
Q334993	6000000009323614118
Q334994	6000000010897284480
Q3349981	6000000001179676399
Q334999	6000000013664990062
Q335	6000000001699537025
Q335004	6000000010765115060
Q335006	6000000020959001912
Q335008	6000000002116021363
Q3350084	6000000000955504068
Q335011	6000000001937984317
Q335013	6000000009580442815
Q3350138	1341507
Q3350159	6000000171685356124
Q3350162	6000000088509193016
Q335019	6000000016131452060
Q335022	6000000011478762114
Q3350230	6000000016948526173
Q335027	6000000024020522764
Q3350274	6000000183175639872
Q335028	6000000016520035061
Q335033	6000000017132673439
Q335038	6000000001448504014
Q3350439	6000000015945141056
Q3350448	6000000012978472605
Q3350455	6000000007171037455
Q3350457	6000000004138847978
Q3350457	6000000190046853468
Q3350466	6000000018799875364
Q335049	6000000030430100657
Q335059	6000000019516772703
Q335060	6000000014513432510
Q335063	6000000012358091234
Q3350645	6000000003940271308
Q3350666	6000000000291851970
Q335071	6000000005685459003
Q335078	6000000010094993979
Q335084	6000000010764332537
Q335086	6000000007408346194
Q335087	6000000009616122092
Q335091	6000000003581271045
Q335092	3903015
Q3350961	6000000007939793729
Q335098	6000000007728547225
Q3350998	6000000058733733175
Q335100	6000000021827640901
Q335106	6000000007362113940
Q3351066	6000000014091912030
Q3351077	6000000176799289862
Q3351079	6000000040498247876
Q3351097	6000000018078072406
Q3351098	6000000002586214678
Q335112	6000000002188542103
Q3351148	6000000073619798065
Q335115	6000000025020461354
Q335116	6000000024584975165
Q335120	6000000008630274996
Q3351238	6000000001671158508
Q3351266	6000000008732434389
Q335129	6000000003221704552
Q3351328	6000000020779137158
Q335133	6000000004868349188
Q3351339	6000000003042823208
Q3351352	6000000082658999921
Q3351364	6000000006667228009
Q335138	6000000013504211772
Q335143	6000000012453354163
Q3351442	6000000016539426110
Q3351459	6000000026985244458
Q3351471	6000000021367073366
Q3351472	6000000029268678196
Q33515	6000000003589457428
Q335150	6000000014123139458
Q335152	6000000006895896763
Q335153	6000000075019389858
Q3351532	6000000020882535182
Q3351589	6000000073676571833
Q335159	6000000001185524266
Q335165	6000000000396078449
Q33517	6000000014656101895
Q335171	6000000001687315482
Q335173	6000000006444674622
Q335178	6000000001877506752
Q335182	6000000006444645727
Q3351835	6000000089463939963
Q335187	6000000027190568451
Q335193	6000000016307660586
Q33520	6000000018563613202
Q335205	6000000000307269199
Q3352120	6000000006208302473
Q3352124	6000000007635961169
Q335213	6000000014066143239
Q3352137	310751065250001432
Q335218	6000000011385471059
Q335219	6000000021003463246
Q3352230	4319672624050044763
Q335224	6000000017667965292
Q335230	6000000007728464345
Q335232	6000000035138837352
Q3352322	6000000021052228973
Q3352327	6000000003802019877
Q3352340	6000000008659290156
Q3352346	6000000006862407897
Q3352354	6000000005910765439
Q335248	6000000025891481004
Q3352517	6000000004533589306
Q3352534	6000000003431008395
Q335254	6000000008139392040
Q3352541	6000000180941377882
Q335260	6000000003892742515
Q3352603	6000000039071768714
Q3352610	6000000064207921175
Q3352620	6000000067298870829
Q33526325	6000000016249590415
Q335267	6000000016432000746
Q335270	6000000000307244702
Q335274	6000000006711515499
Q335280	5356324517350101758
Q335286	6000000003454994580
Q335295	6000000001031859032
Q335300	6000000001487785389
Q3353024	6000000060164786309
Q335305	6000000002831290514
Q335310	6000000014552008553
Q3353143	6000000007027777385
Q335316	6000000008470410089
Q3353230	6000000007157373568
Q335324	6000000005598847064
Q3353327	6000000036516663138
Q335334	6000000000039976730
Q3353361	6000000002512285476
Q335338	6000000013264267842
Q335342	6000000011156800552
Q335344	6000000008880750428
Q3353444	6000000007614673528
Q335347	6000000004571326776
Q335349	6000000011194201335
Q335351	6000000011363414801
Q335358	6000000006444764906
Q335359	6000000019395884030
Q3353598	6000000011395184355
Q3353677	6000000014224618317
Q335368	6000000003455094926
Q3353687	6000000025663483312
Q3353709	6000000006862557463
Q3353715	6000000011404380603
Q335374	6000000009325891268
Q335381	6000000013701513332
Q335382	6000000149941569867
Q3353847	6000000175364241537
Q335388	6000000009527016982
Q335389	6000000011532257374
Q335394	6000000002333825058
Q3353949	6000000025266510256
Q3353977	6000000014153208452
Q335398	6000000004868044473
Q335402	6000000019953471046
Q3354026	6000000096425710845
Q3354040	6000000019852825306
Q335406	6000000003920734904
Q335412	6000000002603646566
Q335417	6000000004868044284
Q335420	6000000004883200091
Q335425	6000000003735253616
Q335434	6000000019552266511
Q335435	6000000110422512838
Q335441	6000000047376626550
Q335449	6000000004079770157
Q3354569	6000000091429424859
Q335457	6000000006444780776
Q335465	6000000015234618268
Q335466	6000000010119786624
Q335467	6000000043761186873
Q335468	6000000015870938332
Q3354684	6000000016660968087
Q3354703	6000000014497737648
Q335473	6000000089167290207
Q3354739	6000000001449533479
Q335480	6000000011399353605
Q3354807	6000000003511532471
Q3354814	6000000011995111242
Q3354825	6000000012503281124
Q335484	6000000030403573280
Q335487	6000000027774025917
Q3354921	6000000060793548039
Q335493	6000000002831290472
Q3354947	6000000010868339075
Q3354970	6000000057175128821
Q3354983	6000000019336739931
Q3355	6000000002447374242
Q33550	311779792230007083
Q3355004	6000000002783766687
Q3355011	6000000007280395368
Q335502	6000000006444784998
Q335503	6000000022907620159
Q335510	6000000008630269833
Q335513	6000000003264936773
Q3355133	6000000004861596718
Q3355149	6000000145527399844
Q3355166	6000000057975963038
Q335522	6000000017892622991
Q335529	6000000000889762882
Q335537	6000000006444784876
Q3355412	6000000007618610873
Q3355412	6000000009916163103
Q335542	6000000002188475432
Q335544	6000000013367577610
Q3355468	6000000027666843540
Q335547	6000000014563963032
Q3355495	6000000032991332277
Q335550	6000000019976156670
Q3355509	6000000008274885776
Q3355514	6000000011228190276
Q335552	6000000041151468053
Q3355544	6000000008546681689
Q335557	6000000006708508612
Q3355589	6000000091171581083
Q335566	6000000005599175400
Q335570	6000000010253355011
Q335573	6000000062758319958
Q3355741	6000000007480860582
Q335576	6000000017152622362
Q335577	6000000004212047960
Q3355826	6000000021160186688
Q335583	6000000003455159648
Q3355833	6000000130419334822
Q3355854	5420684245610139935
Q3355859	6000000015982691513
Q3355865	6000000015215571753
Q3355884	6000000156174630822
Q335589	6000000009607598493
Q335594	6000000004868937566
Q3355957	6000000006734917261
Q3355961	6000000006402190809
Q335600	6000000003113462405
Q3356011	6000000012539594758
Q3356018	6000000009866078375
Q3356078	6000000009571543942
Q335608	6000000180103789835
Q3356084	6000000015563668503
Q335611	6000000010120670637
Q335614	6000000017244260080
Q335615	6000000004973127047
Q3356174	6000000018152102965
Q3356192	6000000015126185274
Q335621	6000000009606469978
Q335623	6000000004166565061
Q335625	6000000003369522589
Q3356252	6000000013102734140
Q3356280	6000000011535573627
Q3356286	6000000018261250593
Q335630	6000000001396276599
Q3356303	6000000007392978329
Q335631	6000000053039636856
Q3356315	6000000028403530865
Q3356322	6000000000774292650
Q3356343	6000000013966277284
Q335636	6000000001399228476
Q3356390	6000000011609343601
Q3356395	6000000000319670797
Q335642	5196222677280041244
Q3356448	6000000027991672368
Q3356453	6000000006568669690
Q335649	6000000004868037960
Q3356502	6000000001120094648
Q335651	6000000006883454175
Q3356522	6000000011852221149
Q335657	6000000006581108250
Q3356596	6000000013481963280
Q33566	6000000037722500934
Q3356618	6000000110750534821
Q335667	6000000008470577917
Q3356748	6000000066817305822
Q335675	6000000002188386978
Q335680	6000000025182361322
Q3356803	388146869350004044
Q3356844	6000000003813075084
Q3356848	6000000009897943204
Q335686	6000000025453790077
Q3356946	6000000185042038855
Q335697	6000000185119643930
Q335698	6000000181306686836
Q3356986	6000000027233461859
Q335703	6000000011205119913
Q3357032	6000000006930142095
Q3357043	6000000026394407240
Q335705	6000000019259102221
Q3357066	6000000009007594382
Q3357114	6000000006589193083
Q3357124	6000000068975318884
Q3357137	6000000010816837221
Q3357143	6000000001422016535
Q3357162	6000000001827551190
Q335717	6000000010388576399
Q3357187	6000000092928855854
Q3357230	6000000017155097316
Q3357234	6000000014726161023
Q3357239	6000000007451944360
Q3357244	6000000015857365478
Q335725	6000000006582539325
Q3357287	6000000123217557115
Q3357302	6000000020613313343
Q335735	6000000047955249841
Q3357371	6000000015398544627
Q335740	6000000018283422593
Q335743	6000000015734534564
Q3357504	6000000008871777337
Q3357515	6000000053978709279
Q335752	6000000011199785159
Q335754	6000000011688807575
Q3357616	6000000022603520102
Q335762	6000000081023442194
Q3357621	6000000012533468963
Q3357634	6000000011453816926
Q3357636	6000000011261136575
Q3357655	6000000023754228999
Q335766	6000000011600082445
Q3357661	6000000027671180631
Q3357673	6000000045893205821
Q335771	6000000002509936313
Q335773	6000000003911807746
Q3357738	6000000006242940109
Q335777	6000000021560560931
Q3357785	6000000025240233169
Q335779	6000000002376882620
Q3357791	6000000005935691865
Q3357800	6000000032735147939
Q3357801	6000000003434319324
Q3357816	6000000111294970847
Q3357818	6000000019347429608
Q3357824	6000000085692637007
Q3357836	6000000020092463717
Q3357848	6000000206952592832
Q335786	6000000002234989773
Q335789	6000000015864818847
Q335791	6000000013194842894
Q335793	6000000013366244243
Q335796	6000000007462093365
Q335797	6000000010965447359
Q335798	6000000041661823359
Q335800	6000000005061292829
Q335800	6000000016744938359
Q3358025	6000000000106285250
Q335804	6000000000518137061
Q335805	6000000019257147147
Q335808	6000000004867857858
Q335812	6000000010879718580
Q335813	6000000090762460258
Q335817	6000000006444240202
Q335819	6000000002889355041
Q335820	6000000063797904104
Q335825	6000000003912939548
Q335830	6000000021646279360
Q3358346	6000000013290203234
Q335837	6000000001426221108
Q335838	6000000089897964890
Q335845	6000000010062768577
Q335851	6000000027130767366
Q335854	6000000007848234414
Q335855	6000000067470535854
Q3358551	6000000049306275859
Q3358591	6000000013385904575
Q3358678	6000000013690082631
Q3358684	6000000011103456859
Q335869	6000000025292896896
Q335872	6000000077581321853
Q335875	6000000116778909833
Q335876	6000000089580252168
Q335879	5697265345310133911
Q335880	6000000058372757903
Q335881	6000000016534118196
Q335889	6000000011302059116
Q335896	6000000009554691878
Q3359001	6000000014866652858
Q335903	6000000011341725749
Q335917	6000000135842491849
Q3359220	6000000021122040636
Q335927	6000000013968625216
Q335930	388474602710011659
Q3359352	6000000007919630471
Q3359367	6000000000655295177
Q3359397	6000000019958017296
Q3359408	6000000001351588042
Q3359486	6000000017364505076
Q3359561	6000000009571699093
Q3359575	6000000058379282897
Q335958	6000000053502295196
Q3359618	6000000094047043825
Q335965	6000000007492423402
Q3359673	6000000008334714670
Q335974	6000000004212254571
Q335979	6000000007900999627
Q335981	6000000008630269871
Q335991	6000000026037711642
Q335994	6000000011338884380
Q335995	6000000024903576192
Q335999	6000000017057169764
Q336002	6000000001452869101
Q336005	6000000003446340020
Q336025	6000000004868923704
Q3360251	6000000009439049201
Q336027	6000000026121792344
Q3360274	6000000014737411088
Q336031	4519660
Q336036	6000000003077018106
Q336040	6000000016842294050
Q336042	6000000007645165696
Q3360436	6000000003821012057
Q336049	6000000013503408448
Q336050	6000000007257429545
Q3360513	6000000012801048713
Q3360519	6000000013121854135
Q33605292	6000000009131331071
Q3360558	6000000019348656440
Q336057	6000000001447825299
Q336065	6000000011466926497
Q3360684	6000000025331750161
Q336071	6000000016308367819
Q3360719	6000000027674276269
Q3360726	6000000013579361253
Q3360731	6000000011736198169
Q3360736	6000000014044604200
Q336074	6000000005034233709
Q336075	6000000017228926048
Q336077	6000000001634579472
Q336084	6000000000307243704
Q336091	6000000006444072145
Q336096	6000000007900580968
Q336101	6000000000628851615
Q336104	6000000031439712533
Q336106	5260093978610057438
Q336109	6000000074290181338
Q3361160	6000000006724786220
Q3361246	6000000070959802960
Q336126	6000000001396276467
Q3361377	6000000004654945434
Q336138	6000000023763231251
Q336141	6000000024181208781
Q336147	6000000009316392727
Q3361480	6000000005615891070
Q3361485	6000000004107814880
Q3361492	6000000000167490210
Q3361498	6000000008896937262
Q336151	6000000030088582609
Q3361617	6000000014750570111
Q3361811	6000000003693884285
Q3361816	6000000008933936663
Q336185	6000000040703119570
Q336186	6000000015543549658
Q336192	6000000011944723004
Q336200	6000000006971978282
Q3362031	6000000009800519282
Q3362163	6000000103421215069
Q3362199	6000000100374676897
Q336220	6000000002188514259
Q336222	6000000000782596158
Q3362220	6000000013168009441
Q336224	6000000008759142887
Q3362241	6000000008415627117
Q336227	6000000010943235510
Q3362331	6000000082558580176
Q3362371	6000000174013443429
Q3362377	6000000018212135456
Q336243	6000000011824235704
Q336247	4932092783470105385
Q3362488	6000000066095964869
Q336249	6000000025258227007
Q3362494	6000000010355890242
Q3362497	6000000003281556806
Q33625217	6000000006644849001
Q336253	4533055344410021085
Q336259	6000000141083732914
Q33625983	6000000003733205091
Q3362637	6000000009063271975
Q3362658	6000000151446985984
Q3362667	6000000033626085942
Q336268	6000000011314163062
Q3362680	6000000163748979046
Q3362707	6000000017184462900
Q3362713	6000000073715501741
Q336280	6000000010241925906
Q336282	6000000025793016121
Q3362829	6000000043945504546
Q3362852	6000000180512357836
Q336288	6000000016548186349
Q336295	6000000015777025481
Q336307	6000000015198578041
Q3363142	6000000094207967841
Q336315	6000000015777750194
Q3363207	6000000072251901981
Q3363255	6000000096696649969
Q3363292	6000000017184578261
Q3363311	6000000028086042390
Q3363314	6000000000870135427
Q3363318	6000000011557178592
Q3363323	6000000015770925143
Q336335	6000000013642091506
Q3363420	6000000067487705841
Q336343	6000000003264952467
Q336344	6000000014720105597
Q336349	6000000016525406020
Q3363531	6000000002181363761
Q336357	6000000009984246448
Q33637	6000000014741737509
Q336373	6000000013032073168
Q336374	6000000003203168445
Q3363742	6000000001504212067
Q3363803	6000000007102890472
Q336381	6000000000351045754
Q33638255	6000000021860500998
Q3363868	6000000000838674145
Q336388	6000000065986701885
Q3364020	6000000030287749852
Q336403	6000000040735870793
Q336404	6000000009793793139
Q336411	6000000000351109935
Q336414	6000000015252366751
Q3364185	6000000021500037429
Q336421	6000000007501214370
Q3364215	6000000008089825016
Q336424	6000000072248059394
Q336432	6000000004162114449
Q336433	6000000015777181328
Q336437	6000000010165030522
Q336442	6000000009514488436
Q336444	6000000028550762487
Q3364485	6000000018555263230
Q336449	6000000008430813307
Q33645	6000000003523754155
Q336453	6000000017535699543
Q3364544	5122560492410072620
Q3364550	6000000004380165895
Q336456	6000000069455548285
Q3364562	6000000005441141885
Q336459	6000000016988523854
Q336463	6000000003265080482
Q3364640	6000000031814404355
Q336465	6000000011134008467
Q336467	6000000170360344821
Q336474	6000000008256521575
Q3364783	6000000010973663255
Q336479	6000000028123458138
Q3364813	6000000036667015055
Q336483	6000000000886021468
Q336485	6000000011343353710
Q3364862	6000000013839600937
Q336487	6000000005598776506
Q336489	6000000043270571424
Q336493	6000000009862037476
Q3364967	6000000053902439936
Q336497	6000000013607620061
Q3364997	6000000002894257167
Q3365030	6000000007160653887
Q336507	6000000013199061700
Q336508	6000000015254659198
Q336510	6000000013043739386
Q3365115	6000000078670115385
Q336512	6000000025118949826
Q3365131	6000000105932199846
Q336515	6000000027634944034
Q3365171	6000000024805434233
Q336519	6000000022162092389
Q336520	6000000038769611262
Q3365283	6000000019250768610
Q336529	6000000008471983365
Q3365301	6000000003021007858
Q3365434	6000000085472530992
Q3365451	6000000047710271166
Q336548	6000000017147965787
Q3365493	6000000011139566665
Q336556	6000000001877508365
Q3365573	6000000039043520854
Q3365638	6000000022818746205
Q3365684	6000000009305427222
Q336569	6000000015236974106
Q336571	6000000065568890888
Q336576	6000000005755432378
Q336580	6000000004868033070
Q336581	6000000011101237015
Q3365811	6000000001515939294
Q3365829	6000000012199983352
Q3365894	6000000001753009294
Q336590	6000000006963521768
Q336591	6000000017469782668
Q3365931	6000000006126641927
Q3365941	6000000000070391320
Q3365963	6000000188982914431
Q3366029	6000000019453407304
Q3366037	6000000076896538926
Q336604	6000000022391014869
Q3366057	6000000032431793083
Q336609	6000000003100185696
Q3366133	6000000016974752476
Q336615	6000000009966591604
Q336617	6000000007329564869
Q336618	6000000003806594728
Q3366239	6000000068129905008
Q336629	6000000001502698511
Q336630	6000000000869286157
Q336632	6000000010996428080
Q33663304	6000000018935790613
Q33663620	6000000024612951328
Q336640	6000000080948062822
Q336645	6000000011016972549
Q336650	6000000012471362802
Q336657	5260227599030120492
Q336666	5260853911220120469
Q336668	6000000015170445483
Q336670	4023871176950028698
Q3366712	4206995
Q336675	4697098393460067368
Q3366764	6000000087993992952
Q3366880	6000000026172188667
Q336689	6000000008936493180
Q336690	4817661495710042175
Q3366905	6000000033549664132
Q336691	6000000000307246720
Q336699	6000000002188514205
Q336702	6000000001592718879
Q3367033	6000000014144858788
Q336707	6000000012045514381
Q336713	6000000008780404984
Q3367180	6000000016024797033
Q336721	6000000006788201224
Q3367226	6000000081274860085
Q336725	6000000002303539927
Q336729	6000000013045822896
Q336732	6000000006444746811
Q336737	6000000004957660565
Q336745	6000000016547655040
Q3367466	6000000173340017125
Q336750	6000000001052868502
Q336754	6000000053575762984
Q3367566	6000000024033666817
Q336765	6000000129424811844
Q336766	6000000010992563182
Q336768	6000000003243256402
Q336770	6000000016372017931
Q336771	6000000007617764735
Q336776	6000000011838776257
Q336777	6000000010095795384
Q3367793	6000000155851782822
Q3367797	6000000002143543312
Q336781	6000000013540322483
Q336783	6000000004178579429
Q336788	6000000046937868062
Q3367915	6000000046417607824
Q336794	6000000177097986840
Q336796	6000000005332056003
Q3367968	6000000019718044381
Q336801	6000000026649773806
Q3368084	6000000001651603292
Q336809	4981824216520079289
Q336810	6000000023002743904
Q336813	6000000016436891563
Q336819	6000000016753881278
Q3368386	6000000132851487656
Q3368391	6000000027212394507
Q336848	6000000026889233568
Q3368528	6000000046981007842
Q3368570	6000000007465072320
Q3368571	6000000041567833552
Q3368580	6000000010754931525
Q336859	6000000003243109721
Q336863	6000000086442637168
Q336865	6000000029516062076
Q33686870	6000000004536125122
Q3368743	6000000006408223273
Q336875	6000000015776621576
Q336876	6000000007396964977
Q336877	6000000021673022610
Q336883	6000000014453429189
Q336884	6000000093208820822
Q3368847	6000000008642012658
Q3368882	6000000058534223861
Q336890	6000000011302242293
Q336901	6000000016594443765
Q336905	6000000011033527987
Q3369055	6000000003988243340
Q336906	6000000011485585972
Q3369064	6000000092334104937
Q3369142	6000000011535199174
Q336918	6000000003570411308
Q3369182	6000000006298998345
Q3369201	6000000041070589069
Q336921	6000000027604317424
Q3369227	6000000044483763697
Q336930	6000000011839179411
Q3369300	6000000173225942959
Q3369311	6000000008735569305
Q336936	6000000002188475085
Q336942	5260180416310067006
Q336947	6000000013250170532
Q336953	6000000016474554357
Q3369593	6000000160029182877
Q336964	6000000003219727786
Q336970	6000000008630274756
Q3369700	6000000129669349885
Q336976	5260216345690138612
Q336977	6000000015964947128
Q3369791	6000000024684555912
Q336980	6000000008630249381
Q336981	6000000013624995204
Q3369817	6000000017562840077
Q3369836	6000000013486061139
Q33698437	6000000028181411671
Q336986	6000000002672170984
Q3369864	6000000025663491414
Q33698728	6000000096563215904
Q336992	6000000018285570912
Q3369942	6000000027234482105
Q3369947	6000000001882112329
Q336998	6000000001856054750
Q337004	6000000010223838040
Q337005	6000000024316252937
Q3370070	6000000094867294821
Q3370087	6000000055562839013
Q337010	6000000046717460257
Q3370121	6000000006435284039
Q337013	6000000023545109127
Q3370134	6000000075344902911
Q3370136	6000000005951456097
Q337015	6000000002186288135
Q3370225	6000000074698814169
Q337024	6000000033791080966
Q337025	6000000018285062521
Q3370280	6000000026479645185
Q3370289	6000000015835702895
Q3370290	6000000014142402756
Q3370301	6000000159999076841
Q3370307	6000000036618305079
Q3370317	6000000009276487978
Q3370342	6000000013185122506
Q337036	6000000008630201715
Q3370383	6000000001266268193
Q3370388	6000000001898410840
Q3370435	6000000065849864902
Q3370439	6000000041639269267
Q3370444	6000000179249995870
Q337045	6000000015031906130
Q3370458	6000000014820673097
Q337047	6000000010911792604
Q3370477	6000000172276780651
Q3370491	6000000162649475850
Q337050	6000000024051844427
Q337059	6000000014382067853
Q3370629	6000000073541881822
Q3370680	6000000101814894927
Q337070	6000000078282377912
Q3370701	6000000029980556153
Q3370775	6000000183084626822
Q3370778	6000000005993339001
Q3370821	6000000014095447720
Q3370851	6000000178007659885
Q337086	6000000011555808981
Q3370867	6000000015837389586
Q3370896	6000000008680170729
Q337093	6000000021451793120
Q3370934	6000000016465776135
Q3370985	6000000008091127606
Q3370987	6000000045283442206
Q3370996	6000000045282484883
Q3371002	6000000132889717832
Q3371016	6000000174390516989
Q337103	6000000003403243746
Q3371039	6000000047716278172
Q3371058	6000000039431638873
Q337106	6000000013013597306
Q3371061	6000000022146340140
Q3371086	6000000025737732034
Q3371087	6000000017227591469
Q3371101	6000000045891788064
Q337111	6000000010145151825
Q3371126	6000000076832133951
Q3371136	6000000080656064157
Q3371174	6000000058981480476
Q3371216	6000000001009250870
Q3371217	6000000096833682822
Q3371218	6000000021652600897
Q3371322	6000000048118936897
Q3371345	6000000049230301966
Q3371406	6000000023234040735
Q3371415	6000000072716120009
Q3371420	6000000046819589222
Q3371480	6000000036528762979
Q3371503	6000000176956685861
Q3371581	6000000088088388019
Q3371586	6000000043689504858
Q3371601	6000000026576194546
Q3371635	6000000007113756763
Q3371644	6000000019487459904
Q3371680	6000000021168885844
Q3371682	6000000027899967849
Q3371706	6000000182197097832
Q3371760	6000000088372885149
Q3371763	6000000019761379516
Q3371796	6000000008562614268
Q33718	6000000017055145707
Q3371802	6000000004214508857
Q3371812	6000000113727940072
Q3371827	6000000067345522863
Q3371845	4586915
Q337185	6000000002062280945
Q3371884	6000000057720859845
Q3371932	6000000008311383594
Q337194	6000000024900411553
Q3371944	6000000040877720186
Q3371986	6000000058462936961
Q3372021	6000000018212968312
Q3372048	6000000017021645503
Q3372055	323774370710005421
Q337206	6000000013698919797
Q3372069	6000000026230238461
Q3372085	6000000021224819221
Q337213	6000000024347558774
Q3372131	6000000020890982207
Q3372158	6000000180596778838
Q3372175	6000000032661289044
Q3372194	6000000136960617824
Q3372200	6000000015908968759
Q3372220	6000000024822926831
Q3372226	383089235820012375
Q337223	6000000104308821825
Q3372232	6000000011184650522
Q3372256	6000000058255123851
Q3372372	6000000019177239921
Q3372426	6000000000642267117
Q3372429	6000000074688031845
Q3372442	6000000038056160051
Q3372452	6000000051998022952
Q3372453	6000000015595990962
Q3372456	6000000177553761845
Q3372463	6000000161768981941
Q3372483	6000000019329529329
Q3372498	6000000022983650320
Q3372504	6000000008471000299
Q3372524	6000000014547442702
Q3372535	6000000019011192355
Q3372538	6000000018012790892
Q3372542	6000000011671291418
Q3372577	6000000003122317808
Q337260	6000000084996217971
Q3372677	6000000011091056877
Q3372683	6000000003122446788
Q337271	6000000095064431942
Q3372727	6000000024831234133
Q3372749	6000000016777349581
Q3372766	6000000029703207669
Q3372775	6000000014784806311
Q3372777	6000000016258658836
Q3372875	6000000005440726242
Q337295	6000000024539057777
Q3372960	6000000002657722101
Q3372982	6000000052591897089
Q3372984	6000000013639604900
Q337301	6000000000840843047
Q3373025	6000000016430473218
Q3373044	6000000017077565163
Q3373055	6000000018039102125
Q3373098	6000000012617326003
Q337311	6000000024047044762
Q3373115	6000000014347515827
Q3373128	6000000014302872139
Q3373176	6000000023407100443
Q3373192	6000000016641623483
Q3373202	6000000141112118433
Q3373401	6000000016844534129
Q3373407	6000000003510573077
Q3373427	6000000016125963738
Q337343	6000000069457995940
Q3373437	6000000021845903883
Q3373473	6000000020069221503
Q3373487	6000000005425985064
Q3373496	6000000014155407521
Q3373506	6000000006252329892
Q3373511	6000000016631334342
Q3373519	6000000017138663339
Q3373530	6000000014311316070
Q3373540	6000000009804818937
Q3373583	6000000027687673500
Q337359	6000000015712699766
Q3373615	6000000034793409008
Q3373648	6000000007318306279
Q3373754	6000000002278450252
Q3373789	6000000012046267945
Q337380	6000000071744420898
Q337386	6000000002188458594
Q3373997	6000000014315500173
Q3374	6000000006823345537
Q3374018	6000000017827082701
Q3374020	6000000010628529252
Q3374045	6000000013790467142
Q337405	6000000011635841128
Q3374053	6000000016868849927
Q3374061	6000000007789650279
Q3374066	6000000012441153574
Q337407	6000000020988663247
Q3374072	6000000006205596342
Q3374079	6000000002278454599
Q3374086	6000000014297391460
Q3374099	6000000003362866715
Q3374106	6000000006451556174
Q3374110	6000000014287321085
Q3374118	6000000009074902382
Q3374121	6000000001504666840
Q3374131	6000000002512252750
Q3374139	4830290206750063594
Q3374145	6000000016927818578
Q3374148	6000000083054311313
Q3374151	6000000012254344526
Q3374158	6000000005394225100
Q3374166	372253598570002939
Q3374170	6000000014271959663
Q3374175	6000000004658401040
Q3374179	6000000014286219499
Q3374201	6000000018951530205
Q337423	6000000008467153443
Q3374233	6000000016625385256
Q3374263	6000000008007277063
Q3374265	6000000000759100436
Q3374266	6000000010907704206
Q3374269	6000000007799942423
Q337428	6000000011545511428
Q337430	6000000013284469804
Q3374412	6000000075908255901
Q337443	6000000003604657813
Q3374431	6000000051022072888
Q337447	6000000003479765236
Q3374484	6000000022694576124
Q3374507	6000000124664152836
Q3374521	6000000004216484454
Q3374596	6000000022425498582
Q337462	6000000177490350852
Q337464	6000000000307250459
Q3374667	6000000176164946836
Q337468	6000000001488120381
Q3374692	6000000002888164204
Q337470	6000000010494061343
Q3374708	6000000008319682170
Q3374712	6000000021884769152
Q3374718	6000000004430502023
Q337477	6000000001504003706
Q337479	6000000081049927107
Q337483	6000000070302645846
Q337488	312751074530003914
Q337493	6000000019627845050
Q337499	6000000015623228182
Q337500	6000000176997458822
Q3375009	6000000099953431822
Q3375012	6000000028953072153
Q3375020	6000000037445306883
Q337505	6000000006602669324
Q3375068	6000000012015675395
Q3375077	6000000032735353119
Q337508	6000000051648308268
Q337510	6000000000137821541
Q3375118	6000000006101340551
Q337516	6000000074791545161
Q3375160	6000000025173200082
Q3375187	6000000017232587061
Q3375190	6000000008369907984
Q337520	6000000002898158944
Q3375213	352778475480001513
Q337525	6000000110070911852
Q337548	6000000025770884452
Q3375523	6000000011125625468
Q3375539	6000000000921732772
Q3375663	6000000022414409226
Q3375695	6000000014156543246
Q3375702	6000000020297639014
Q3375711	6000000014947464205
Q3375742	6000000018183012825
Q3375755	6000000014303062461
Q3375766	6000000005440591069
Q3375770	6000000030831013079
Q3375788	6000000000001891016
Q3375796	6000000000075669379
Q3375848	6000000117845651937
Q3375879	6000000010564061642
Q337595	6000000003409156621
Q33760	6000000002188514227
Q3376028	6000000004009758084
Q3376030	6000000088668087844
Q3376043	6000000003421604798
Q3376058	6000000013668729780
Q3376071	6000000010693135308
Q3376076	6000000008680196988
Q3376082	6000000005895998027
Q3376095	6000000000374982654
Q3376095	6000000099582879821
Q3376104	6000000008897345855
Q3376122	355797360420001096
Q3376127	6000000014503253642
Q337613	6000000044242847236
Q337615	6000000003111867982
Q3376162	6000000014234778094
Q337622	6000000002024142394
Q3376259	6000000012897783055
Q337626	6000000000119017755
Q337630	6000000003111891112
Q337634	6000000006743651379
Q337635	6000000003572141177
Q337638	6000000001299400214
Q337643	6000000006444790003
Q3376471	6000000090294516558
Q3376484	6000000108355787821
Q3376485	6000000009623881343
Q3376497	6000000004877252321
Q3376502	6000000105311745331
Q337651	6000000002514889661
Q3376527	6000000183713089844
Q3376530	6000000107644239206
Q3376541	6000000035816276958
Q337655	6000000020855271713
Q33766	6000000003279419010
Q337661	6000000003114698825
Q3376654	6000000003209399658
Q3376669	6000000075506967934
Q337667	6000000008304628478
Q3376670	6000000003849451123
Q337671	6000000003219792592
Q3376712	6000000035264877335
Q337676	6000000000076315597
Q337680	6000000001299400899
Q3376802	6000000003782163723
Q3376803	6000000016432065969
Q3376834	6000000130182185021
Q3376848	6000000076498625029
Q337686	5371471365980023529
Q3376879	6000000004970575648
Q337691	6000000004079698511
Q3376916	6000000015240301442
Q3376938	6000000011871755337
Q3376953	6000000013432241219
Q337696	6000000014381690720
Q3376988	6000000086907904821
Q337704	6000000001141732774
Q337707	6000000136778047882
Q337713	6000000132853064293
Q337714	6000000008630850669
Q337728	6000000008470609156
Q337737	6000000010219078221
Q3377416	6000000008922819406
Q3377488	6000000024307555927
Q3377529	6000000021417449442
Q337754	6000000002831290004
Q3377548	6000000175357716152
Q337761	6000000006602669047
Q3377643	6000000008888153153
Q3377673	6000000011051960352
Q3377677	6000000007026161031
Q3377702	6000000012015134269
Q337771	6000000010033506570
Q3377712	6000000011127177173
Q3377726	6000000006901055388
Q3377781	6000000002178478022
Q3377926	6000000014294592323
Q3377928	6000000013060669581
Q3378018	6000000006234779128
Q337805	6000000038913414333
Q3378050	6000000012272031386
Q3378056	6000000010664920387
Q3378064	6000000006595632109
Q3378072	6000000002739518717
Q3378134	6000000014589285325
Q3378143	6000000001570229019
Q33783	6000000141007257285
Q337837	6000000033821578911
Q3378469	6000000008482732167
Q337849	6000000177309591822
Q3378493	333550815920013410
Q337852	6000000003114969001
Q3378526	6000000025673199872
Q3378621	6000000164472661025
Q3378634	6000000011797831371
Q337864	6000000000076313357
Q3378688	6000000019166130089
Q337872	6000000002188479466
Q3378730	6000000009833281561
Q337878	6000000002188520737
Q337887	6000000000119659791
Q3378901	6000000000663883608
Q3378913	6000000021151670741
Q3378975	6000000018027539675
Q3378986	6000000205189837830
Q3378987	6000000103281223956
Q3379000	6000000012231543217
Q3379006	6000000015863421354
Q3379013	6000000020662786165
Q3379035	6000000003412782896
Q3379036	6000000000770011885
Q337905	6000000000119132569
Q3379068	6000000076497502834
Q3379083	6000000017501821713
Q3379111	6000000014580021069
Q3379117	6000000073633908833
Q337913	6000000013406270957
Q3379138	6000000112689342961
Q3379153	6000000018695726942
Q3379160	6000000021557165234
Q337920	6000000017524009554
Q3379204	6000000035294388110
Q337925	6000000017373352251
Q3379258	6000000002877479707
Q3379261	6000000023224068653
Q3379268	6000000027330716769
Q3379281	6000000012091769687
Q3379306	6000000017934658720
Q3379328	6000000083791709055
Q3379345	6000000058533922165
Q3379369	6000000057088114020
Q3379416	6000000029921521648
Q3379517	6000000142180505979
Q3379568	6000000015671880868
Q3379615	6000000178186216849
Q3379683	6000000026358965433
Q3379728	6000000026844915317
Q3379783	5183939523070048246
Q3379785	6000000088808187972
Q3379803	6000000008438653851
Q337983	6000000013053919141
Q3379853	6000000074160934833
Q337991	6000000016775234223
Q3379911	6000000083499443031
Q3380003	6000000092931057822
Q338004	6000000002188479478
Q3380054	6000000012122046590
Q338011	6000000102733077075
Q338013	6000000002188479544
Q338020	6000000001299400201
Q3380315	6000000024617698356
Q3380316	6000000064118722821
Q3380326	6000000021588343214
Q3380375	6000000039921243829
Q3380456	6000000015726031981
Q3380484	6000000016422178284
Q3380498	6000000196770967841
Q3380522	6000000028686658851
Q338053	6000000002188520792
Q3380553	6000000062904620839
Q3380569	6000000176812724836
Q3380690	6000000075249157938
Q3380712	6000000032144852326
Q3380852	6000000177850222863
Q3380886	6000000030913330292
Q3380899	6000000046589233164
Q3380920	6000000003273396708
Q3380923	377787848730004292
Q3380927	6000000002642678228
Q3380930	6000000003518763087
Q3380940	6000000063773409835
Q3380949	6000000010131580774
Q3380969	6000000003769238130
Q3380973	6000000050869340838
Q3380982	6000000015718174921
Q3380987	6000000003872248758
Q3380988	6000000075503165076
Q3380989	6000000084116693017
Q3380991	6000000002627510374
Q3380999	6000000068726877017
Q338100	6000000004212157192
Q3381002	4821075801290035225
Q3381015	6000000022996474960
Q3381022	6000000016686988451
Q3381023	6000000006444068993
Q3381094	6000000053643134823
Q3381096	6000000177580520904
Q338114	6000000021746109306
Q3381298	6000000027344698719
Q3381355	6000000046685622299
Q338141	6000000013525368128
Q33814319	6000000020638069735
Q338153	6000000002188383668
Q33817	6000000009584125065
Q3381852	6000000002467825632
Q3381857	6000000057464375156
Q3381859	6000000015761038902
Q338188	6000000021745985378
Q33818826	6000000003075792120
Q338190	6000000015311164496
Q338197	6000000010030391468
Q33821086	6000000017741148735
Q33821381	6000000042267745226
Q3382462	6000000011189361917
Q3382674	6000000138229780822
Q3382742	6000000177679020880
Q338284	6000000006581110299
Q3382848	6000000007131738354
Q3382915	6000000021098358558
Q3382930	4093321868730040543
Q3382962	6000000022563031557
Q3382995	6000000070348995973
Q3383000	6000000030366917487
Q3383007	6000000026478529495
Q3383063	6000000035158351670
Q33830646	6000000016323681586
Q3383072	6000000002488362118
Q3383087	6000000019064725431
Q338311	6000000002188520771
Q3383125	6000000026493683266
Q3383292	6000000040422971555
Q3383307	6000000029274329884
Q3383400	6000000022692655434
Q3383408	6000000018318030427
Q33834538	6000000109538384917
Q3383519	6000000003273340735
Q3383538	6000000021378256959
Q338354	6000000002499118796
Q3383629	6000000019979090645
Q3383636	6000000041608231562
Q3383642	6000000116313026073
Q338366	6000000007466609671
Q3383670	6000000075592172919
Q338382	6000000008630249946
Q3383833	6000000004794404028
Q338386	6000000011499291971
Q3383874	6000000058154298845
Q3383914	6000000028202896327
Q3383956	6000000009956166566
Q3383990	6000000030663410211
Q3384001	6000000110037845218
Q3384022	6000000002568389102
Q3384095	6000000084686419735
Q3384112	6000000010723283681
Q3384148	6000000077795078392
Q3384170	6000000101492135831
Q3384200	6000000172218096175
Q338426	6000000180932976824
Q338427	6000000005749963451
Q338436	6000000022938203253
Q3384425	6000000034891446849
Q3384443	6000000019307259909
Q3384451	6000000049166080900
Q3384476	6000000153747212835
Q3384554	6000000140730218886
Q3384591	6000000016945521416
Q3384642	6000000012626809363
Q3384700	6000000043280447060
Q3384701	6000000216419962869
Q3384702	6000000026493968458
Q3384708	6000000003528846703
Q3384714	6000000176192315848
Q3384718	6000000013687389060
Q3384822	6000000039256282103
Q3384830	6000000006581976772
Q3384849	6000000010492310751
Q3384863	6000000169318917835
Q3384900	6000000012868570257
Q3384913	6000000002054179668
Q3384935	6000000003645772841
Q3384937	6000000021384902711
Q3384994	6000000077994322872
Q3385065	6000000090449787638
Q3385071	4739382
Q3385077	6000000027539926075
Q3385157	6000000069589599826
Q3385161	6000000048636190881
Q3385172	6000000011518537594
Q338521	6000000012097088463
Q3385252	6000000008115546257
Q3385281	6000000028431936833
Q3385296	6000000001319862008
Q338532	6000000003328147960
Q3385324	6000000002940750995
Q3385330	6000000071675280848
Q338536	6000000136817188830
Q338543	6000000105730274987
Q3385456	6000000058534300945
Q3385458	6000000040618787301
Q3385494	6000000043351336440
Q3385569	6000000022246002145
Q3385643	6000000041539077087
Q3385662	6000000062608435213
Q3385714	6000000010525426065
Q3385741	6000000067126268853
Q338575	6000000040286212442
Q3385773	6000000054284578439
Q338578	6000000088870129020
Q3385792	6000000018807881697
Q3385949	6000000066162527964
Q3385991	6000000015853930046
Q3386008	6000000080765146742
Q3386188	6000000002720149060
Q3386204	6000000177048236822
Q338623	6000000013998022068
Q3386240	6000000003122384514
Q3386244	6000000132475565821
Q338629	6000000019458607689
Q3386294	6000000049549869099
Q3386444	6000000031054081432
Q3386534	6000000021364821925
Q3386565	6000000178664668836
Q33866	6000000002262321210
Q3386615	6000000001787710130
Q3386704	6000000115249669880
Q3386710	6000000051508385064
Q3386759	6000000080856199838
Q3386821	4214020
Q3386836	6000000027291574227
Q3386845	6000000002300420978
Q3386887	6000000058833302212
Q338689	6000000163574709873
Q3386912	6000000014688230672
Q3387004	6000000006762449625
Q3387050	6000000021430647637
Q3387066	6000000029053197494
Q3387083	6000000006705636880
Q3387093	6000000002827299516
Q3387157	6000000002352557484
Q3387164	6000000091841840940
Q3387265	142785
Q3387358	6000000017736862586
Q3387363	6000000008497438541
Q338740	6000000175258901467
Q3387413	6000000023276670166
Q3387414	6000000020044467407
Q3387420	6000000031007773087
Q3387445	6000000172459991247
Q3387512	6000000017433967265
Q3387534	6000000004402650798
Q3387551	6000000003122317814
Q3387553	6000000020390042902
Q338756	6000000012023758427
Q3387564	6000000021384746978
Q3387565	6000000022838611953
Q3387665	6000000008531231331
Q3387678	6000000015775079865
Q3387683	6000000019762144975
Q3387738	6000000015704517281
Q3387754	6000000021346001065
Q3387778	6000000100814798952
Q3387848	6000000053027680836
Q3388027	6000000007209693517
Q3388039	6000000022486490468
Q3388071	6000000175977949841
Q3388093	6000000077595627203
Q3388103	6000000150919488886
Q3388109	6000000028938202844
Q33881133	6000000082467237888
Q338812	6000000070743167261
Q3388141	6000000134604159844
Q3388178	6000000156874586822
Q3388180	6000000141066844043
Q3388195	6000000156301988823
Q3388274	6000000108560670897
Q338862	6000000027535835415
Q3388729	6000000036555309321
Q338874	6000000125279290845
Q3388776	6000000018977939662
Q3388783	6000000182432216825
Q3388847	6000000012525087683
Q3388855	6000000075804420835
Q3388900	6000000156831168837
Q3388908	6000000075837847823
Q3388913	6000000075794110031
Q3388944	6000000021177155374
Q3388976	6000000006592369002
Q338900	296856570660003611
Q3389035	6000000166711048822
Q3389103	316296068830001771
Q3389105	6000000044123540848
Q338942	6000000025550534663
Q3389427	6000000126195430822
Q3389444	6000000177421700824
Q338952	6000000078403021868
Q338983	6000000078394463794
Q338986	6000000022616675645
Q3390008	6000000006231757341
Q339030	6000000053691004971
Q339040	6000000004261029652
Q339046	6000000027737177736
Q3390621	6000000021161256508
Q339077	6000000094919413898
Q3390808	6000000016802952803
Q339083	6000000038358844050
Q3390851	6000000087664980055
Q3390949	6000000020680441446
Q3391044	6000000003827924457
Q3391080	6000000001957221368
Q33912353	4283188045490060619
Q339151	6000000002746716221
Q3391561	6000000030720714136
Q3391578	6000000088112618834
Q3391630	6000000042601110941
Q339164	6000000001025120396
Q3391654	6000000176419227825
Q3391858	6000000011002412560
Q3391883	6000000008344954553
Q339232	6000000028764897415
Q339259	6000000023996122795
Q339267	6000000103238556823
Q33927111	6000000083809163526
Q339274	1041268
Q3392765	6000000039915920276
Q339281	6000000007630540846
Q3393078	6000000012824956119
Q3393237	6000000009435229884
Q339351	6000000017684832570
Q339358	6000000150861157169
Q339375	6000000024847010738
Q3393845	6000000015434072833
Q339393	6000000000413017950
Q3393981	6000000012951283017
Q339406	6000000000324761461
Q3394165	6000000068508422930
Q3394337	6000000039872648648
Q3394753	6000000081970827878
Q339487	6000000017100703888
Q3395050	6000000011415181853
Q339509	6000000007492450811
Q3395329	6000000008518444325
Q3395384	6000000004241265016
Q339545	6000000025098968118
Q3395787	6000000013707250626
Q3395807	6000000065559549842
Q3395911	6000000077132384028
Q339593	6000000011605636401
Q3395941	6000000000889865033
Q3396078	6000000088781566001
Q3396084	6000000104516333870
Q339615	6000000081696735060
Q3396165	6000000000394681585
Q339617	6000000013638585456
Q3396442	6000000002565854777
Q339645	6000000057458116178
Q339668	6000000013656476735
Q339669	6000000029242545926
Q33968819	6000000002188416241
Q339698	4924372353160075381
Q339702	6000000057894042862
Q339711	6000000052659032901
Q3397209	6000000030792128023
Q33972490	6000000013777560269
Q33974058	6000000025726773645
Q33977	6000000006231037330
Q33977446	6000000076170900826
Q33978	6000000094066626842
Q3397832	327931058320007105
Q33981	6000000084318209017
Q3398220	6000000025361862876
Q3398251	6000000038998515761
Q339830	6000000015466591037
Q339838	6000000042509783667
Q3398515	6000000024280538944
Q339865	6000000182640627848
Q339877	6000000166682111824
Q3398780	6000000059483694871
Q339879	6000000012409905994
Q339929	6000000011123077490
Q3399427	6000000061023527840
Q3399561	6000000002070236928
Q339966	6000000022850320224
Q339973	6000000084481913842
Q3400122	6000000007723731203
Q340018	6000000035704271067
Q3400285	6000000186370064846
Q340039	6000000141019557827
Q3400599	6000000061022753947
Q3400624	6000000005603068313
Q340108	6000000012676503973
Q34012	6000000002290416006
Q3401219	6000000002188479508
Q340122	6000000006403047763
Q340124	6000000028562284905
Q3401240	6000000013075758100
Q3401247	6000000009606947354
Q3401261	6000000002183017547
Q34013	3882717
Q340137	6000000027525536096
Q3401473	6000000173123079842
Q340174	6000000002608577402
Q340196	6000000060753695890
Q34021066	6000000172875581922
Q340215	6000000006788297844
Q340239	6000000105679135942
Q3402433	6000000013648669400
Q340251	6000000166886857882
Q340254	6000000140718384017
Q3402590	6000000017641737076
Q340261	6000000145261800950
Q340284	6000000027254717724
Q3402994	6000000013644649663
Q3403267	6000000017091953656
Q3403269	6000000178602948860
Q3403542	6000000024508302261
Q3403643	6000000108513146887
Q3403682	6000000000351804188
Q34039069	6000000044307668279
Q3404390	6000000013233549021
Q34044759	6000000021222009289
Q3405200	6000000013551855496
Q340527	6000000000634312491
Q340546	6000000018692173401
Q340550	6000000057029397317
Q3405543	6000000023968514605
Q3405585	6000000002092684088
Q3405917	6000000019742610320
Q34060	6000000010569151473
Q34063	6000000025364488794
Q34064147	6000000003912975421
Q34065470	6000000006101202717
Q34071890	6000000094321275869
Q34071910	6000000019566178330
Q3407312	6000000004575598832
Q34074	6000000017548071320
Q3407812	6000000053683311837
Q3407814	6000000017555050207
Q3407827	6000000041945244973
Q3407982	6000000069645789060
Q3408461	6000000000470049207
Q3408475	6000000055565628916
Q34086	6000000009680146505
Q34086	6000000206375805855
Q3408731	6000000075843284051
Q3408744	6000000042131017427
Q3408779	6000000075884344234
Q3408800	6000000075840108825
Q3410321	6000000018456149520
Q3411056	6000000056014371974
Q3411596	6000000098135390866
Q34119528	6000000023483765607
Q3412041	6000000065162762962
Q34130474	6000000004690513230
Q34130540	6000000011542508446
Q34134216	6000000002447205108
Q34134370	6000000027181418141
Q34134981	6000000002178252874
Q34136	6000000035525403910
Q341391	6000000090994075823
Q3414024	6000000007324926265
Q3414183	6000000014057690394
Q3414195	6000000137919408822
Q3414537	6000000010513812569
Q341461	6000000110797209859
Q3414652	6000000058190749131
Q3414951	6000000035740306664
Q3414957	6000000010719801546
Q34151403	6000000004212696485
Q3416075	6000000057652739912
Q3417229	6000000071674782421
Q3417324	6000000134228914837
Q3417328	6000000177982696822
Q3417332	6000000167079921787
Q3417335	6000000137126350899
Q3417338	6000000156815628935
Q3417339	6000000065807420821
Q3417340	6000000177839143843
Q3417346	6000000140305353000
Q3417354	6000000027220597416
Q3417364	6000000156872173380
Q3417505	6000000020391754838
Q3417698	6000000022984482156
Q3417912	6000000081105755275
Q3418235	6000000050236322404
Q3418251	6000000087658664003
Q3418285	6000000087658279983
Q3418290	6000000043379666295
Q3418293	6000000114871471945
Q3418301	6000000078043423781
Q3418302	6000000179279595822
Q3418336	6000000006727945197
Q3418621	6000000085572731068
Q3418686	6000000026937683941
Q3418824	6000000009558356067
Q34189	6000000000701388632
Q3418991	6000000024919814570
Q34190	6000000083629005346
Q3419153	6000000029223971228
Q3419165	6000000035892986883
Q3419170	6000000177095508849
Q3419211	6000000002055940694
Q3419233	6000000062636410924
Q3419299	6000000000550570083
Q3419384	6000000010132448491
Q3419404	6000000002764690330
Q3419843	6000000007559688853
Q34199887	6000000014311645690
Q3420099	6000000007911614694
Q34201	6000000011217026992
Q3420261	6000000027167778906
Q3420275	5619417268460060670
Q3420468	6000000057242318080
Q3420519	6000000000177095118
Q3420582	6000000020639032642
Q3420641	6000000022243215423
Q3420723	6000000006109971151
Q3420759	6000000003804740057
Q3420761	6000000010806806670
Q3420805	5030920906150123636
Q3420821	6000000013955597722
Q3420834	382112485390012334
Q3420885	6000000052119778895
Q3420905	6000000172816213436
Q3420958	6000000032534303085
Q3420999	6000000036433576330
Q3421072	6000000023757779636
Q34211	6000000078941129028
Q3421100	6000000034966234944
Q3421153	6000000171497474945
Q3421184	6000000065048245057
Q3421200	6000000008733957750
Q3421231	6000000175983830830
Q3421241	6000000015665083374
Q3421448	6000000017198485623
Q3421463	6000000078910981915
Q3421499	6000000011509843027
Q3421529	6000000011251318994
Q34215296	6000000072581424321
Q34215334	6000000018935488720
Q3421553	6000000017114513436
Q3421721	6000000003210311928
Q3421946	6000000011304341763
Q3421956	6000000012577934685
Q3421970	6000000019934345365
Q3422087	6000000042423924978
Q3422189	6000000007329333316
Q34222004	6000000174426542332
Q34222120	6000000006347372919
Q342253	6000000035334544772
Q3422560	6000000007207662124
Q3422575	6000000005441428163
Q3422661	6000000017463183924
Q3422708	6000000104207176821
Q342273	6000000136815498850
Q3422739	6000000057077867944
Q3422953	6000000173588322633
Q3423440	6000000019169172214
Q3423469	6000000134993909883
Q3423496	6000000027034675066
Q3423507	6000000002444739230
Q342370	6000000007849054817
Q3423777	6000000178059515824
Q3423785	6000000175779235821
Q3423912	6000000012975120606
Q3423931	6000000035214640348
Q3424085	6000000077297672193
Q342430	6000000029227593822
Q3424506	6000000035984348052
Q342462	6000000063651482016
Q3424655	6000000015761936314
Q342467	6000000031543241278
Q3424670	6000000046818954837
Q3424675	6000000026174369956
Q3424706	6000000008268507986
Q3424732	6000000185070459039
Q342476	6000000004337946053
Q3424778	6000000022850104963
Q3424786	6000000086357385034
Q3424810	6000000014825679203
Q3424835	6000000140719591377
Q3424861	6000000016943674029
Q3424884	6000000013218632228
Q3424909	6000000009440382555
Q3424910	6000000012630781488
Q3424937	3922481289660036841
Q3424974	6000000003273340871
Q3424979	6000000032106560785
Q3425017	6000000052005551124
Q3425063	6000000024465108794
Q3425074	6000000006101202473
Q3425104	6000000040908952594
Q3425142	6000000031569522344
Q34253	6000000009014727345
Q342533	6000000014656745791
Q3425349	6000000003504398934
Q3425361	6000000006167502093
Q3425369	6000000036133116885
Q342537	6000000029530946439
Q3425383	6000000015106790950
Q3425394	6000000053630831872
Q3425399	6000000036132939843
Q3425453	6000000180952611930
Q3425479	6000000147741033031
Q342549	6000000001087740976
Q3425582	6000000011263137689
Q342564	6000000030194125583
Q3425664	6000000028870261289
Q3425680	6000000062735880883
Q3425716	6000000007085827610
Q3425772	6000000006715091436
Q342580	6000000011349537035
Q3425812	6000000008633206037
Q3425834	6000000014181857326
Q342586	6000000033985860892
Q342591	6000000014749425206
Q3425938	6000000017543535927
Q3425939	6000000070354925866
Q3425979	6000000121881746862
Q3425994	6000000012934225851
Q3425999	6000000000250396836
Q342604	6000000076559440943
Q3426065	6000000071436298142
Q3426089	6000000014734276136
Q3426108	6000000058173520949
Q342612	6000000012289501627
Q3426172	6000000107920709824
Q3426198	6000000016007625222
Q3426214	6000000057596521060
Q3426232	6000000007372735260
Q3426274	6000000019363221650
Q3426288	6000000011706224227
Q34262885	6000000079861414398
Q3426336	6000000003273344895
Q3426349	6000000013052085539
Q3426350	6000000016240019805
Q342636	6000000074186048930
Q3426366	6000000015781767244
Q3426388	6000000014181834852
Q3426402	6000000008969431712
Q3426429	6000000024686736895
Q3426431	6000000004588824680
Q3426449	6000000111177154823
Q342646	6000000078311740122
Q3426462	6000000063132244823
Q3426532	318817438740001465
Q3426551	6000000076113805012
Q3426557	6000000012744499201
Q3426648	6000000037610282208
Q342665	6000000030104563254
Q3426655	6000000019666034237
Q3426656	6000000067784485850
Q3426742	6000000022571028389
Q3426803	6000000004868779070
Q3426905	6000000183414938831
Q3426910	2888704
Q342698	6000000186534454858
Q3427012	6000000112861073074
Q3427038	6000000029390836319
Q3427040	6000000112943129042
Q3427041	6000000019400714380
Q3427060	6000000079396554556
Q3427062	6000000020166963773
Q3427075	6000000034642808279
Q3427081	6000000097127556823
Q3427083	6000000021596672461
Q3427114	6000000180664546873
Q342712	6000000008789192886
Q3427130	6000000098273011970
Q3427152	6000000003811382990
Q3427179	6000000028340386248
Q342723	6000000009153185020
Q3427297	6000000023059863537
Q342730	6000000091185506839
Q3427638	6000000005244330162
Q342774	6000000011738220906
Q3427798	6000000011605163362
Q3427825	6000000011605320893
Q342784	6000000047142997044
Q3427861	6000000078175360845
Q3427867	6000000010785746567
Q3427901	6000000004877627039
Q3427943	6000000052809119958
Q3428167	6000000012648547676
Q3428201	6000000008231313002
Q342826	6000000184225173822
Q3428382	6000000001735315331
Q3428532	6000000002278354233
Q34286	6000000011624971392
Q3428607	6000000042124773824
Q3428674	6000000140455073912
Q342869	6000000145522436971
Q3428729	6000000020614276802
Q3428813	6000000013374630535
Q3428817	6000000183847565878
Q3428826	6000000015892892909
Q3428829	6000000151440540079
Q3428831	4104222
Q3428837	6000000024747621491
Q3428870	6000000002306731837
Q3428881	6000000004640466657
Q3428885	6000000005441155089
Q342889	6000000002605721017
Q3428891	6000000036258733807
Q3428892	6000000006567740226
Q3428909	6000000016410218669
Q3429087	6000000011409980380
Q342910	6000000011115163316
Q3429111	6000000016793845748
Q3429220	6000000035469728933
Q3429227	6000000018670291348
Q3429313	6000000175747256844
Q3429409	6000000041718992003
Q3429444	6000000011413584982
Q3429447	6000000001843182263
Q3429468	6000000040468120935
Q34295165	6000000002801386489
Q3429522	6000000005816341548
Q3429547	6000000152783581833
Q3429557	6000000024849109724
Q3429562	6000000012400782761
Q34296	6000000002138844534
Q342962	6000000076889869787
Q342969	6000000001108464882
Q3429743	6000000010896770037
Q3429750	6000000012362878126
Q3429758	6000000008319116591
Q3429769	6000000001655578351
Q3429785	6000000016640588876
Q3429805	6000000012065061717
Q3429833	6000000017936578053
Q3429839	6000000081269411863
Q3429846	6000000176191020910
Q3429862	6000000025457610367
Q3429878	6000000007015462069
Q342989	6000000184224962822
Q3429890	6000000015354117159
Q3429942	6000000020166611703
Q3429953	4279790770380058616
Q3429961	6000000039197796756
Q3429985	6000000001037911478
Q3430036	6000000014758015969
Q3430050	6000000013539282935
Q3430083	6000000025330210537
Q3430113	6000000004117720456
Q3430128	6000000085435711878
Q3430137	6000000002358071038
Q3430250	6000000079022167502
Q3430272	6000000011669324736
Q3430319	6000000036387144867
Q3430321	6000000000028321748
Q3430358	6000000157258260945
Q3430364	6000000084575880893
Q3430368	6000000006323351633
Q343037	6000000039402876339
Q3430385	6000000112299474233
Q3430388	6000000156476995831
Q3430484	6000000015311203809
Q3430490	6000000006296079208
Q3430506	6000000011062435872
Q3430523	6000000130709933219
Q3430564	6000000003203740017
Q343059	6000000141721817826
Q3430608	6000000014441761195
Q3430629	6000000023455867229
Q3430631	6000000066769705823
Q3430640	6000000029977479198
Q343065	6000000006250155240
Q3430658	6000000017030062347
Q3430663	5589132416350073433
Q3430693	6000000013201275534
Q3430694	6000000014207241423
Q3430706	6000000073805666837
Q3430720	6000000017468017934
Q3430737	6000000014409139625
Q3430764	6000000008497152993
Q3430780	6000000013744886961
Q3430807	6000000177995945864
Q3430832	6000000150783238091
Q3430837	6000000043423849131
Q3430838	6000000024262446586
Q3430845	6000000025212282492
Q3430859	6000000000954122460
Q3430860	6000000021391188949
Q3430862	6000000017064384197
Q3430869	6000000001299392899
Q3430872	6000000076499641913
Q3430873	6000000019954351059
Q3430880	6000000006862172912
Q3430896	6000000027521430370
Q3430900	6000000024515016023
Q3430906	6000000012136971780
Q3430912	6000000004054364932
Q3430916	6000000015442684523
Q3430923	6000000026134413668
Q3430929	6000000002955390867
Q3430953	6000000006356870003
Q3430957	6000000016646651020
Q3430993	6000000007694911313
Q3431027	6000000041513739820
Q3431048	6000000175724749822
Q3431082	6000000012771897504
Q3431093	6000000013307391270
Q3431098	6000000002802236129
Q3431139	6000000023665410403
Q3431233	6000000038971651823
Q3431235	6000000175708423824
Q3431236	6000000077471933122
Q3431242	6000000012581000959
Q3431244	6000000008691520090
Q3431245	6000000004847197254
Q3431248	6000000012735200976
Q3431254	6000000000957418435
Q3431266	6000000021597496996
Q3431281	6000000016613790724
Q3431318	6000000023052109174
Q3431326	6000000097538218903
Q3431329	6000000031213187089
Q3431346	6000000003243404627
Q3431365	6000000078449619044
Q3431395	6000000077404207986
Q343140	6000000007980018217
Q3431403	6000000009145957237
Q3431405	6000000014620387940
Q3431539	6000000052334663953
Q3431545	6000000039304030312
Q3431561	6000000149444474593
Q3431567	6000000001485758950
Q3431584	6000000041884181208
Q3431596	6000000039770706758
Q3431600	6000000011242602941
Q3431601	6000000180952790890
Q3431605	6000000005393184926
Q3431614	6000000009003760898
Q3431655	6000000001179674584
Q3431757	6000000019887542644
Q3431782	6000000013052196258
Q3431786	6000000043176290488
Q3431827	6000000002869551359
Q3431846	6000000068238204875
Q3431888	6000000210497015826
Q3431907	6000000041237946874
Q3431908	6000000023808434289
Q3431959	6000000012795909695
Q3431968	6000000011645530213
Q3431988	6000000010252135335
Q3431997	6000000009626711902
Q34320061	6000000024115388826
Q3432007	6000000011208630512
Q3432019	6000000021416861234
Q3432038	6000000009430232511
Q3432060	6000000015094891350
Q3432063	6000000089741768861
Q3432077	6000000002822521138
Q3432084	6000000019297126375
Q3432098	6000000019641414098
Q3432156	6000000003827400350
Q3432167	6000000172346131368
Q3432195	6000000041570116119
Q3432211	6000000007176887270
Q3432237	6000000016610488412
Q3432247	6000000003352322969
Q3432252	6000000003018400270
Q3432256	6000000001753008926
Q3432264	6000000166874138283
Q3432308	6000000122243199821
Q3432339	6000000082902072836
Q34323581	6000000010198607963
Q3432376	4102471216630043821
Q3432393	6000000002188489237
Q3432414	6000000029795319056
Q343248	6000000007263803316
Q3432493	6000000075595168891
Q3432575	6000000034052280001
Q3432590	6000000001830697409
Q3432595	6000000008710437012
Q3432680	364167580300003355
Q3432959	6000000104805397865
Q3432973	6000000095061064942
Q3433006	6000000006926629280
Q34330905	327353413570006977
Q3433116	6000000041052831138
Q34331304	6000000182734186884
Q3433157	6000000001120772001
Q3433173	6000000001769701434
Q343318	6000000010326168639
Q3433198	6000000014023659183
Q3433216	6000000014278975690
Q343323	6000000068366656993
Q3433268	6000000020677550244
Q3433303	6000000015030145450
Q3433321	6000000027843631580
Q34335094	6000000148026409385
Q3433526	6000000013951833696
Q343362	6000000097703734044
Q3433646	6000000006763088445
Q3433678	6000000003770748520
Q3433808	6000000016178407007
Q3433814	6000000003665102809
Q34339	6000000012920913098
Q3433918	6000000005325015002
Q3433933	6000000003790068437
Q3433951	6000000023182313569
Q3433965	6000000064933784827
Q3434065	6000000136290095872
Q343408	6000000017975573759
Q3434100	6000000068305500821
Q3434114	6000000010514999201
Q3434119	6000000041742833946
Q3434153	6000000089715322868
Q3434171	6000000022709572774
Q3434185	6000000003801828724
Q3434188	6000000034865803470
Q343420	6000000000518794449
Q3434231	6000000017198900002
Q3434234	6000000007088555512
Q3434252	6000000011249840891
Q3434375	6000000022404803193
Q3434386	6000000039332316354
Q3434392	6000000086441752951
Q3434433	6000000173047915846
Q3434482	6000000029732930871
Q3434492	6000000038377414149
Q3434501	6000000013029127737
Q3434517	6000000054929922048
Q343453	6000000178665880839
Q3434547	6000000106243780977
Q3434566	6000000170069794098
Q3434664	6000000012590039308
Q3434680	6000000011505064772
Q3434689	6000000003353122781
Q3434694	6000000007833888581
Q3434719	6000000005100058133
Q3434727	6000000025024097009
Q3434743	6000000007954191243
Q3434783	6000000022795798027
Q3434784	6000000014087923055
Q3434798	6000000034796706413
Q3434803	6000000069438081881
Q3434816	6000000002783860099
Q3434856	6000000180561262844
Q3434877	6000000012993862594
Q3434887	6000000015425695255
Q3434910	6000000016386556768
Q3434931	6000000006101437222
Q3434948	6000000168986662871
Q3434949	6000000001263112744
Q3434974	6000000114025835845
Q3434990	6000000004880075238
Q3435000	6000000013235669004
Q3435002	6000000008248588172
Q3435012	6000000004880179513
Q343502	6000000180738247895
Q3435025	4449409595900010201
Q3435042	6000000015263354376
Q3435046	6000000004112013018
Q3435086	6000000177585109859
Q343510	6000000035643710711
Q343514	6000000177147228826
Q3435162	6000000018395731740
Q3435185	6000000073541778873
Q3435189	6000000036718035323
Q3435197	6000000014347326816
Q3435201	6000000024198604243
Q3435224	6000000006742692408
Q3435225	6000000000591406385
Q3435293	6000000166435284591
Q3435326	6000000016159655994
Q3435354	6000000011398990199
Q3435357	6000000032116387848
Q3435361	6000000077950278522
Q3435363	6000000022827127182
Q3435373	6000000018076119905
Q3435399	6000000022907047827
Q3435400	6000000000880517277
Q3435421	6000000006581537869
Q3435431	5051944021530060344
Q3435433	6000000009804124383
Q3435455	6000000178688694854
Q3435465	6000000052061830861
Q3435482	6000000015385031308
Q3435495	6000000011851582292
Q343550	6000000017998107043
Q3435570	6000000038253452036
Q3435637	6000000050133333157
Q3435686	6000000011385092762
Q3435692	6000000044707768856
Q3435722	6000000012698096886
Q3435730	6000000019081744169
Q3435770	6000000000984722689
Q3435805	6000000011970812263
Q3435809	6000000027559174998
Q3435825	6000000011311750587
Q3435832	6000000042666609082
Q3435845	6000000015852012122
Q3435900	6000000008138040821
Q3435907	6000000019103299176
Q3435909	6000000124448704459
Q3435911	6000000029435141825
Q3435922	6000000007411292664
Q3435927	6000000006956005542
Q3435942	6000000013431845459
Q3435947	6000000020653160208
Q3435961	6000000009048622321
Q3435963	6000000021160624892
Q3435981	6000000036015913073
Q3435988	6000000011368231105
Q3436012	6000000029842314198
Q3436065	6000000013439753917
Q3436073	6000000015385660211
Q3436122	6000000007225980761
Q3436129	6000000014786986550
Q3436138	6000000015642631898
Q3436152	6000000018254476359
Q343616	6000000039481572152
Q3436164	6000000171895719796
Q3436179	6000000025810138141
Q3436187	6000000006968565522
Q3436189	6000000007051768297
Q343621	6000000008251215277
Q3436214	6000000042126659844
Q3436246	6000000020177288047
Q3436262	6000000043182327926
Q3436274	6000000002564507073
Q3436276	6000000017122354252
Q3436299	6000000012429595557
Q3436300	6000000028475636618
Q3436301	304989850640006459
Q3436314	6000000022129126895
Q3436315	6000000020780012002
Q3436329	6000000002737297544
Q343633	6000000010764365742
Q3436337	6000000188851992893
Q3436349	6000000146607728822
Q34363666	6000000007473827333
Q3436373	6000000177267245821
Q3436383	6000000023513343463
Q3436392	6000000072980944866
Q3436404	6000000024846871338
Q3436407	6000000035536029205
Q3436468	6000000002115875808
Q3436504	6000000029904593106
Q3436512	6000000029986810587
Q3436513	6000000040124355189
Q3436522	5579341195110056906
Q3436525	6000000012721388961
Q3436533	6000000004235677687
Q3436537	6000000054816550917
Q3436547	6000000003887637198
Q3436558	6000000181545700828
Q3436577	6000000095752102770
Q3436607	6000000021209184237
Q3436617	6000000005598932770
Q3436624	6000000011108942252
Q3436644	6000000010308409289
Q343665	6000000008952546964
Q3436663	6000000047972575314
Q3436672	6000000010755618827
Q3436681	6000000008790200354
Q3436688	6000000002765262130
Q3436717	6000000028607346003
Q343674	6000000007484173264
Q3436746	6000000088162665837
Q3436750	6000000082485373992
Q3436752	6000000013830926010
Q343678	6000000029434766014
Q3436836	6000000004640212759
Q3436884	6000000042778853971
Q3436946	6000000003818338444
Q3436962	6000000184151636014
Q3436997	6000000000637330650
Q34370024	6000000022375945744
Q3437061	6000000012014168473
Q34370624	6000000156831925832
Q34370727	6000000007324292265
Q3437073	6000000017999007846
Q34370736	6000000100422887005
Q34370773	6000000017561157755
Q34370832	6000000026299806876
Q34370836	6000000176840296823
Q3437085	6000000002648389260
Q3437091	6000000047239026988
Q34370964	5519723655970076200
Q34370998	6000000003076705864
Q34371042	6000000083211591911
Q34371113	6000000048853819089
Q34371219	6000000004688983720
Q3437244	6000000018530340301
Q3437302	6000000046084683804
Q3437304	6000000007085780069
Q3437406	6000000006146982466
Q3437414	6000000021617017068
Q3437434	6000000032549654182
Q3437446	6000000000278905920
Q3437461	6000000095221304868
Q3437473	6000000006111202316
Q3437515	6000000001462365720
Q3437641	6000000009301498575
Q3437678	6000000023249909670
Q343769	6000000000889074128
Q3437748	6000000017983847041
Q3437800	6000000009576418003
Q3437831	6000000042680155994
Q3437839	6000000175910383834
Q3437847	3946217
Q3437904	6000000022175301777
Q3437931	6000000056690084209
Q3437950	5620645112580020100
Q3437973	6000000009967421355
Q3437992	6000000144039647824
Q3438041	6000000069820466137
Q3438150	6000000013694147739
Q3438180	6000000012880340255
Q3438207	6000000000931474480
Q3438219	6000000028829803506
Q3438230	6000000003046910037
Q3438233	6000000004391046736
Q3438269	6000000145874426822
Q3438272	6000000013103007589
Q3438285	6000000033446524053
Q3438297	6000000020704268136
Q343830	6000000020893258291
Q3438311	6000000026535021417
Q3438328	6000000041484907890
Q3438355	6000000144045755864
Q3438382	6000000017670386832
Q3438399	6000000010850189277
Q3438410	6000000007435929335
Q3438456	5090904344670081765
Q3438464	6000000028550024580
Q3438489	6000000051527310875
Q343849	6000000035028152418
Q3438495	6000000057452626855
Q3438534	6000000022685295068
Q3438578	6000000000744345004
Q3438593	6000000008418281173
Q3438627	6000000079477145970
Q343865	6000000058190564152
Q3438653	6000000018976908092
Q3438691	6000000036942008820
Q343870	6000000015181142655
Q3438715	6000000041562928836
Q3438731	6000000006789892193
Q3438759	6000000071852189908
Q3438760	507398
Q3438783	331555692510010443
Q3438785	6000000175859568823
Q343881	6000000019127156986
Q3438821	6000000021172944920
Q3438876	6000000027937707292
Q34389	6000000012244242219
Q3438903	6000000024035549230
Q3438916	6000000058028653914
Q3438928	6000000003011807034
Q3439005	6000000007630561307
Q3439011	6000000015252599539
Q3439029	5180948634350109385
Q3439031	6000000067837509899
Q3439042	6000000014688290220
Q3439054	6000000006823226273
Q3439080	6000000002881329248
Q3439081	6000000077295141581
Q343909	6000000015031884170
Q3439132	5208180695340031890
Q3439206	6000000077144322957
Q3439302	6000000047360506910
Q3439311	6000000002764798499
Q3439332	6000000001504889588
Q3439334	6000000006444758100
Q3439354	6000000004971353749
Q3439358	6000000009928948487
Q3439393	6000000036020172509
Q3439402	6000000003094779448
Q3439405	6000000000123181424
Q3439409	6000000140022284063
Q343944	6000000182997059824
Q3439492	6000000000840226105
Q3439554	6000000025471457209
Q343960	6000000039799627349
Q3439635	6000000029591060388
Q3439669	6000000006127564674
Q3439678	6000000021554117255
Q3439684	6000000006128152057
Q3439695	6000000082239487225
Q3439716	6000000015978051823
Q3439768	6000000027680561964
Q343983	6000000014095105602
Q3439831	6000000056939042930
Q3439837	6000000000840968669
Q3439851	6000000006127484102
Q3439878	6000000006079643745
Q3439940	6000000055827843028
Q3439941	6000000000758970655
Q3439949	6000000059601880930
Q3439967	6000000007401802283
Q3440096	6000000017614824835
Q3440101	6000000005242005471
Q3440114	6000000177807155841
Q3440133	6000000057654072927
Q3440164	6000000026654004718
Q3440180	6000000169707485853
Q344023	6000000066680026941
Q3440259	6000000039346495961
Q344027	6000000179682185949
Q3440305	6000000008527510195
Q3440307	6000000017494567108
Q3440318	6000000034482591569
Q3440339	6000000019482896468
Q3440340	6000000006205826134
Q3440352	6000000077439946360
Q344039	6000000179682129012
Q3440414	6000000006444764479
Q344045	6000000015450343040
Q3440458	6000000007401781528
Q3440474	6000000036768981957
Q3440487	6000000020106941520
Q3440493	6000000018089200420
Q3440516	6000000009870720495
Q3440528	6000000003611739438
Q3440541	6000000025765492276
Q3440549	6000000018319580462
Q3440553	6000000017807170402
Q3440556	6000000086362154822
Q3440649	6000000084618927525
Q3440658	6000000006824840984
Q3440672	6000000024889155083
Q3440729	6000000013008032475
Q3440792	6000000019173935969
Q3440814	6000000022952337973
Q3440831	6000000014582155646
Q3440872	6000000040215098479
Q3440952	6000000067939641901
Q3440960	6000000027854122017
Q3440967	6000000071620532871
Q3440973	4461936
Q3440988	6000000071762224047
Q3441002	6000000010846160209
Q3441014	6000000005736770541
Q3441037	6000000180491500927
Q3441042	6000000003452176088
Q3441092	6000000041329225728
Q3441095	6000000002244348085
Q3441117	6000000041329559354
Q3441153	6000000000394316931
Q344116	6000000069898446895
Q3441203	6000000030135171877
Q3441227	6000000051514307139
Q3441235	6000000011357531284
Q3441255	6000000071758475950
Q3441262	6000000036089802054
Q34413	6000000011323930261
Q3441300	6000000015736926570
Q3441335	6000000009155601397
Q3441343	6000000018535925799
Q344137	6000000063925108825
Q3441384	6000000061905858184
Q3441429	6000000002896111734
Q3441468	6000000001667219154
Q3441473	6000000132308072949
Q3441481	6000000180917664842
Q3441502	6000000027033848150
Q344152	6000000007993809371
Q344153	6000000177009081822
Q3441549	6000000055868222032
Q3441558	6000000218261959826
Q3441565	6000000002159413040
Q344157	6000000015159551876
Q3441570	6000000014072688307
Q3441590	6000000015841834301
Q3441623	6000000005607119240
Q3441716	6000000002891807063
Q3441822	6000000008084703707
Q3441840	6000000114679085890
Q3441945	6000000033849935940
Q3442048	6000000009924494570
Q3442133	6000000006352188484
Q3442160	4325836415290045153
Q3442172	6000000076734650016
Q3442206	6000000035341596859
Q3442215	6000000181628767866
Q3442219	6000000002106243511
Q3442224	6000000070473712894
Q3442230	6000000010398409298
Q3442237	6000000019437046132
Q3442257	6000000019617828102
Q3442258	6000000027130387560
Q3442291	6000000150981858833
Q3442299	6000000011206275548
Q3442320	6000000030087002801
Q3442343	6000000009925216201
Q3442354	6000000004648450786
Q3442368	6000000003827359851
Q3442397	6000000106666149893
Q34424	6000000002177324078
Q3442404	6000000182199489821
Q3442410	6000000181506235824
Q3442411	313876365270001572
Q3442413	6000000000512328861
Q3442439	6000000020190169966
Q344246	4101790365500022319
Q3442467	6000000001882131281
Q3442493	6000000003477718281
Q3442504	6000000074718782107
Q3442516	6000000007400535818
Q3442606	6000000184697259902
Q3442611	6000000009340736608
Q3442635	6000000024005173276
Q3442677	6000000176052910868
Q3442715	6000000024408065763
Q3442719	6000000090830195468
Q3442879	6000000002188616945
Q3442938	6000000001970282373
Q3443040	6000000013106101548
Q3443074	6000000007549189091
Q3443093	6000000015161569510
Q3443108	6000000028710241364
Q3443149	6000000007236912746
Q344320	6000000015502970848
Q3443398	6000000011135464743
Q3443595	6000000006713434132
Q34436	6000000008052924235
Q344363	6000000019287923730
Q34437787	6000000090561422968
Q34437825	6000000180587035863
Q3443793	6000000057012495917
Q3443816	6000000000367143787
Q3443883	6000000021957187767
Q3443986	6000000012760478384
Q3444037	6000000178599406828
Q3444068	6000000003473522104
Q3444286	6000000012472615663
Q3444326	6000000039795455952
Q344440	6000000018180645559
Q3444536	6000000002567486652
Q3444543	6000000019380617935
Q344460	6000000029405904741
Q3444620	6000000002437700300
Q3444664	6000000006590115158
Q344477	6000000012271900007
Q3444943	6000000007266704827
Q3445147	6000000124635126862
Q3445234	4438035091560016438
Q34453	6000000046812659996
Q344538	6000000064948722909
Q3445409	6000000074989763841
Q34454265	6000000011628234949
Q3445447	6000000016476235512
Q344547	6000000145232386021
Q3445499	6000000017880057909
Q34455154	6000000012076764310
Q3445530	6000000143966313833
Q3445568	6000000008978586430
Q3445580	6000000024452324164
Q344559	6000000039014131065
Q3445663	6000000032588301684
Q34456678	6000000011515696188
Q3445722	6000000017274012273
Q34457335	6000000084537058449
Q3445767	6000000000207016224
Q3445785	6000000038628631282
Q3445794	4868618717400124488
Q3445802	6000000033667848427
Q3445805	6000000075681482845
Q3445827	6000000002198110235
Q3445828	6000000033235852896
Q3445832	6000000075682057824
Q344599	6000000069996030061
Q34460	2508808
Q344616	6000000021423416005
Q3446248	6000000015063457111
Q344632	6000000024817239531
Q3446399	6000000078859614853
Q34464	6000000000837486609
Q3446422	6000000002188097878
Q3446454	6000000014767514679
Q3446485	6000000000029517562
Q344655	6000000075502245915
Q3446567	6000000016314018041
Q3446705	6000000019036848057
Q3446733	6000000032356206986
Q3446757	6000000183835874828
Q3446759	6000000174298346853
Q3446761	6000000171813625580
Q3446764	6000000013578663595
Q3446958	6000000083041587320
Q3447225	6000000010546265301
Q344735	6000000011594550647
Q34474	6000000014642907152
Q344750	6000000017228318121
Q344758	6000000012955468418
Q3447603	6000000010374860268
Q344765	6000000166042056825
Q3447726	6000000024516019241
Q3447746	6000000025439316846
Q344780	6000000180482771884
Q344784	6000000016477727035
Q3447859	6000000068428669821
Q3447891	6000000010221867563
Q3447923	6000000004047387954
Q3447923	6000000020080833099
Q344793	6000000016521183524
Q34479603	6000000032323504343
Q34481	6000000101030074871
Q344822	6000000167386993021
Q34483588	6000000086899062007
Q344838	6000000001711959387
Q344854	6000000083386849714
Q3448772	6000000042924287516
Q3448847	6000000016938516304
Q344887	6000000063149263168
Q344895	6000000015559790563
Q344902	6000000045750151847
Q3449051	6000000025401924912
Q344908	6000000003218878437
Q3449206	6000000017846568068
Q344930	6000000015379349370
Q34495593	6000000009804002006
Q34497410	6000000032601663490
Q344989	6000000184225345884
Q344997	6000000137802436870
Q345	6000000009367004826
Q345004	352442468370011939
Q345019	6000000153730454851
Q3450190	6000000011539184038
Q345026	6000000136528638848
Q34503	385223927880013853
Q345032	6000000155065317821
Q345061	6000000054681386102
Q34509504	6000000017658173896
Q345104	6000000164476916513
Q345108	6000000015903992381
Q345141	6000000018835615270
Q345176	6000000007512421245
Q3452025	4512643
Q345212	6000000021903357133
Q345217	6000000152495269828
Q345231	6000000025660516808
Q345236	6000000142699405862
Q3452796	6000000010940241567
Q345283	6000000010800328507
Q34529	6000000027946475329
Q3452939	6000000163627565831
Q3453000	6000000178664827841
Q345325	6000000030333195092
Q3453278	6000000011691436628
Q3453285	6000000004348772430
Q3453442	6000000013046396642
Q3453467	6000000144877404906
Q3453468	6000000000664323851
Q3453491	6000000003125828759
Q3453498	6000000008996219046
Q3453621	6000000028562354034
Q3453622	6000000002872561678
Q3453627	6000000031984090241
Q3453634	6000000032938036078
Q3453645	6000000008155381421
Q345365	6000000012641719444
Q3453656	6000000026039831162
Q3453775	6000000039765447588
Q345379	6000000013126925323
Q3453826	6000000178691309827
Q3453949	6000000048349084039
Q3454145	6000000051911441028
Q3454165	6000000009325127022
Q345431	6000000017672726902
Q3454396	6000000013478418357
Q3454436	6000000010298789275
Q345468	6000000003221069337
Q345481	6000000026950067926
Q345487	6000000000490660550
Q345512	6000000023697673634
Q3455162	6000000003253057961
Q345517	6000000003218497582
Q345531	6000000008630249254
Q345538	6000000011276065725
Q345551	4086960
Q345564	6000000015202731673
Q345571	6000000099605147020
Q3455747	6000000003723322815
Q345579	6000000009304914654
Q345583	6000000191766198875
Q345612	6000000000842475444
Q3456313	6000000041002659583
Q34563214	6000000003548690395
Q34563338	6000000121610843194
Q3456336	6000000010542040229
Q34563713	6000000004229255600
Q34563868	6000000006762260364
Q345639	6000000006796370771
Q345641	6000000030817794041
Q34564156	6000000004881527605
Q34564432	6000000002696690533
Q345678	6000000015842965970
Q3457019	6000000175052344821
Q345702	6000000022967806392
Q345726	6000000017107563303
Q345744	6000000017388831084
Q345749	6000000136580985826
Q345762	6000000004846529344
Q34581131	6000000075376671833
Q345822	6000000014142912716
Q3458269	6000000032021738685
Q345845	6000000018859439286
Q345864	6000000079654413940
Q345870	6000000017726239214
Q3458853	6000000036534666570
Q3458948	6000000183388638822
Q3459023	6000000037907656870
Q3459036	6000000054855500855
Q345922	6000000003020352368
Q345926	4066501606110030864
Q345949	6000000177107878835
Q345950	6000000049093369285
Q34595803	6000000169698019826
Q3459641	6000000002564647407
Q34597	6000000003044154591
Q3459755	6000000008708191597
Q345978	6000000019993380040
Q345994	6000000040262860214
Q346000	6000000152654192867
Q3460015	6000000000465410208
Q3460114	6000000007426303201
Q346015	6000000012616132355
Q346036	6000000008763460964
Q346044	6000000095926404824
Q3460489	6000000016216708012
Q346052	6000000012334290663
Q346056	6000000064769158927
Q3460584	6000000009368345571
Q346064	6000000003060425644
Q346081	6000000029053933317
Q3460875	6000000069218918888
Q34608878	6000000037480173314
Q346091	6000000014263696804
Q3460933	6000000003017417550
Q3460975	6000000137059361822
Q3461102	6000000032217070230
Q346138	6000000156764628880
Q346142	6000000012851148960
Q346156	6000000002764502044
Q3461581	6000000002183411627
Q3461596	6000000176502662842
Q34618	6000000056815523980
Q346204	6000000033007234739
Q34621056	6000000142023630080
Q346230	6000000000889559858
Q3462358	6000000009384297556
Q346250	6000000137360813824
Q3462634	6000000001389319991
Q3462637	6000000003525547438
Q346267	6000000020015024468
Q346272	6000000013492091762
Q3462736	6000000011700742344
Q34628	6000000030993484896
Q346280	6000000014884634172
Q346298	6000000166212264874
Q346309	6000000014322213891
Q34634425	6000000163793330837
Q34639419	6000000176240115855
Q346411	6000000005955085635
Q346432	6000000017929399917
Q346451	6000000008316183395
Q346455	6000000004593983310
Q346470	6000000016454371344
Q34650357	6000000024876098225
Q346508	6000000137531950879
Q346526	291893981370004778
Q346532	6000000067345026876
Q346535	6000000005003041213
Q346540	6000000152233662821
Q346551	6000000000191200200
Q346555	4063288
Q346558	5635591548860054348
Q346562	6000000012608367721
Q346565	6000000013983590173
Q346570	6000000015855997761
Q346584	6000000013927030603
Q34659247	6000000039037933954
Q346595	6000000009851239457
Q34660	5337092123510031323
Q346607	6000000076168811863
Q34661	6000000010528782571
Q346648	6000000027271185265
Q346658	6000000000629748065
Q3466695	6000000009397046158
Q346671	6000000020179533481
Q346685	6000000023289364686
Q3466996	6000000043304185305
Q34670	6000000014630456895
Q3467012	6000000075847140855
Q3467025	6000000075847531148
Q346703	6000000016388163925
Q346729	6000000015560221146
Q3467293	6000000003241755527
Q3467484	6000000003273391784
Q3467489	6000000013247672087
Q3467532	6000000078492647950
Q346785	6000000089483741060
Q346808	6000000011853349231
Q34681	6000000017868097046
Q346828	6000000026902934068
Q3468313	6000000063084196844
Q346842	6000000033885092877
Q3468494	6000000015200523332
Q346924	6000000182018310824
Q3469329	6000000044023768123
Q3469385	6000000015251864613
Q346939	6000000113298270873
Q346965	6000000075605934857
Q346975	6000000047194025090
Q346976	6000000046461630904
Q346988	6000000002907431653
Q346993	6000000020304332278
Q3470046	6000000021946709781
Q3470052	313876252290004900
Q3470057	6000000004986781944
Q3470068	6000000031154146817
Q3470077	6000000017305819631
Q347023	6000000168818636831
Q347030	6000000008796807135
Q3470324	6000000008650272737
Q3470337	6000000011241935823
Q347034	6000000020446004485
Q3470382	6000000143254290856
Q3470395	6000000145227915901
Q3470450	6000000005423309584
Q3470492	6000000037033584006
Q3470495	6000000036586650351
Q3470508	6000000004048553797
Q347054	6000000013639762317
Q3470550	6000000073726163910
Q347068	6000000143894928825
Q3470928	6000000044556552922
Q3471020	6000000016869567939
Q3471059	6000000183942896854
Q3471072	6000000043991167419
Q3471095	6000000030504183900
Q3471098	6000000026779214816
Q3471099	6000000178674980968
Q3471100	6000000075650367004
Q3471113	6000000043194400846
Q3471117	6000000063642540895
Q3471128	6000000018608864648
Q3471132	6000000017258549405
Q3471137	6000000083469431117
Q3471187	6000000020223422020
Q3471196	6000000001494990148
Q3471206	6000000010789504238
Q3471212	6000000013442763108
Q3471213	6000000003273382667
Q3471216	6000000014899065171
Q3471218	6000000021133620685
Q3471222	6000000018517750928
Q3471224	6000000012736967162
Q3471225	6000000153526932008
Q3471229	6000000043109931668
Q347125	5234821020830118073
Q3471258	6000000000817389811
Q3471265	6000000010034323254
Q3471268	6000000056681309924
Q347128	6000000002447388950
Q3471282	6000000018002519108
Q3471307	6000000005572481605
Q3471310	6000000010103118342
Q347133	5286827918710069541
Q347178	6000000013161861382
Q347194	6000000021298154856
Q347201	6000000019583152613
Q3472243	4224961974140031362
Q34722594	6000000024075863502
Q347236	6000000000529072599
Q347257	6000000167242827869
Q347272	6000000021324597444
Q3472799	6000000037379225026
Q347282	6000000122742821051
Q3472845	6000000158161150822
Q3472853	6000000015081096835
Q3472857	6000000110447133913
Q347300	6000000008630254823
Q3473264	6000000006836790536
Q347330	6000000163608113822
Q3473326	6000000010403993415
Q347334	6000000015352567714
Q3473380	6000000041262948618
Q3473416	6000000000375062794
Q347342	6000000081649257870
Q347350	6000000124329050089
Q347356	6000000015027782726
Q347372	6000000010161164226
Q347374	4111332
Q347381	6000000015912156822
Q34741104	6000000034862966874
Q34742486	6000000209557318837
Q34743	6000000012556014209
Q347432	6000000005293745017
Q347471	6000000015712179058
Q347482	6000000019570401307
Q347490	6000000033821505430
Q34752	6000000180329910867
Q34752037	6000000029674292552
Q347521	6000000076103305926
Q347524	6000000178753929840
Q347528	6000000113332471855
Q347545	6000000001902712536
Q347559	6000000038164655633
Q347560	6000000016368375964
Q347579	6000000083812585180
Q347582	6000000007977607591
Q3475903	6000000011001540737
Q3475916	6000000112416124884
Q347595	5563358568590026375
Q347602	6000000052286631928
Q347607	6000000022465138822
Q3476129	6000000086161711421
Q3476256	6000000015359886099
Q347635	6000000176856985830
Q347643	6000000013255936171
Q3476483	6000000003655748296
Q347652	6000000010849679851
Q34766866	6000000015983468513
Q347672	6000000037729047101
Q347678	6000000023679949048
Q34767883	6000000025818200347
Q3476858	6000000018756466200
Q3476873	6000000048939935060
Q3476875	6000000003023958513
Q3476911	6000000001091904844
Q347699	6000000025032006914
Q347711	6000000025837909517
Q347726	2284191
Q34772826	6000000041065976864
Q347732	6000000000642661747
Q347738	6000000009050503131
Q347755	6000000127065548828
Q347798	6000000093824316549
Q3478061	6000000021871115149
Q3478128	6000000018680875979
Q347818	6000000007132815214
Q34782	6000000014660085291
Q347832	6000000027578904693
Q347845	6000000020167015135
Q3478484	6000000017684285880
Q347860	6000000039994604396
Q347862	6000000012903385557
Q34787	6000000008380892494
Q347879	6000000008670563470
Q347885	6000000019200281512
Q3478862	6000000078546224821
Q347890	6000000042231129156
Q347897	6000000007331045229
Q3479018	6000000012291426107
Q347903	6000000014704658441
Q3479105	6000000069458002117
Q3479165	4793015630860124129
Q347925	6000000035145250937
Q3479332	6000000028188461839
Q347939	6000000005599120162
Q347945	6000000023828383573
Q347953	5184473816940075722
Q3479569	6000000019064382693
Q347958	6000000090552138905
Q347963	6000000037707428501
Q3479645	6000000022643237816
Q3479689	6000000134080240897
Q3479694	6000000181567043839
Q3479710	6000000032832081833
Q3479737	6000000038550818097
Q3479775	6000000015452665374
Q347993	6000000182508399886
Q348003	6000000011853022184
Q3480091	6000000013133332495
Q348011	6000000011734692287
Q3480191	6000000002138334173
Q3480195	6000000003418201485
Q348025	6000000008630254801
Q3480300	6000000019060862192
Q3480327	6000000001459213485
Q348036	6000000156937021009
Q348037	6000000110926132827
Q34804491	6000000095360883844
Q348066	6000000177004327839
Q3480698	6000000025154432862
Q348079	6000000015775873164
Q348082	6000000002963482223
Q3480822	6000000027880674355
Q3480824	6000000152221528867
Q348093	6000000008452529964
Q348098	6000000016557862605
Q3481216	6000000008049019990
Q348122	6000000003029854298
Q348126	6000000007418680258
Q348130	6000000026351809881
Q3481379	323956799870001436
Q3481410	6000000000545804017
Q3481428	6000000004533384157
Q348144	6000000025309228662
Q3481458	4074661
Q3481543	6000000008806721345
Q3481570	6000000034717006536
Q348170	6000000101662899879
Q3481750	6000000033350342768
Q3481753	6000000017282279028
Q3481765	6000000034315533305
Q3481776	6000000011223307526
Q3481794	6000000015466158470
Q348183	6000000001469769104
Q348187	6000000017402634300
Q3481962	6000000007345878769
Q3482070	6000000048614543919
Q348209	6000000042361614609
Q348224	6000000021851042023
Q3482354	6000000026938105581
Q3482361	6000000006517009011
Q3482381	6000000004576424074
Q348240	6000000020206147737
Q348250	6000000186689806860
Q3482506	6000000012644012612
Q348271	6000000184174061883
Q348282	6000000166901095842
Q348283	6000000136522284035
Q348289	6000000000844695185
Q3482965	6000000068519633888
Q3483094	6000000000042971024
Q348325	6000000017028288095
Q3483318	6000000039398320925
Q3483322	6000000006810502023
Q3483326	6000000151473215975
Q3483340	6000000182402872857
Q3483410	6000000002188402621
Q3483412	6000000035592018523
Q348345	6000000029402558854
Q34834508	6000000173286071883
Q348351	6000000018880050053
Q3483532	6000000015212013518
Q3483566	6000000007995741301
Q348358	6000000185403822903
Q34836	6000000012923720786
Q348362	2000094
Q3484059	6000000022658471691
Q3484068	6000000073409870305
Q348416	6000000025958384110
Q3484172	6000000200254656828
Q3484181	6000000000250401484
Q3484251	6000000002764979392
Q3484253	6000000077937677821
Q3484281	6000000043787867845
Q3484401	6000000084894969058
Q348441	6000000001323689700
Q348445	300531172890002076
Q3484451	6000000056031404908
Q3484482	6000000023372589825
Q3484541	6000000058008599821
Q3484548	6000000185022842895
Q348455	6000000009468543116
Q3484553	6000000157655004825
Q3484558	6000000193000023866
Q3484632	6000000009207157114
Q3484645	6000000022750634064
Q348483	5478382309380072322
Q348489	6000000046608599621
Q34850319	6000000007094996522
Q34851	6000000007315737362
Q3485213	6000000027191397280
Q3485224	6000000017131088485
Q3485303	6000000054713994821
Q348533	6000000016025214050
Q348537	6000000068084224863
Q348539	6000000077280258190
Q348571	6000000023056004049
Q348577	6000000027899906686
Q348603	6000000016836495924
Q348612	6000000130115825956
Q348613	6000000024092229327
Q3486169	6000000112960371843
Q348623	6000000007366715678
Q348626	6000000002188409096
Q348627	6000000080243388108
Q348632	6000000148801899827
Q3486604	6000000028412462466
Q3486701	6000000015099752475
Q3486742	6000000065882227829
Q348690	6000000027484302051
Q34870314	6000000032613487428
Q348719	6000000046344546531
Q3487511	6000000009890211731
Q3487603	6000000009414464454
Q34877449	6000000013248056837
Q3487778	6000000035294348868
Q348780	6000000014404559660
Q3487805	6000000173785784636
Q3487959	4110466927940044954
Q3488045	6000000103839946843
Q3488239	6000000003219034568
Q34883827	6000000043595572367
Q348856	6000000111308448846
Q348860	6000000142885755941
Q3488601	6000000034558937114
Q3488688	6000000165351412842
Q348874	6000000023727260871
Q3488821	6000000003273408168
Q348901	4465379691450055213
Q3489057	6000000001920720797
Q348911	6000000002459854209
Q3489133	6000000034898086808
Q3489146	6000000009145997372
Q3489147	6000000156117869832
Q348926	6000000041325461966
Q348932	6000000000796860964
Q348938	6000000053695305847
Q3489389	6000000001608292045
Q3489584	5675074532550101763
Q348967	6000000002187868873
Q349013	6000000087263429892
Q349039	6000000035554666298
Q349041	6000000183958895840
Q3490442	6000000007216791091
Q349049	6000000145760005929
Q34906399	6000000179060900823
Q3490670	6000000056341696826
Q3490671	6000000012812786613
Q349070	6000000006595907517
Q349077	6000000088810290073
Q3490813	6000000000774508111
Q3490819	6000000001355102018
Q3490850	6000000014181591638
Q3490886	6000000061247386836
Q3490893	6000000025880425396
Q3490902	6000000136958173945
Q3490943	6000000049679502081
Q3490945	311231629140002310
Q3490963	6000000016417024515
Q3491009	6000000079259757861
Q3491046	6000000007230229798
Q3491047	6000000000240717488
Q3491058	6000000007522221589
Q3491076	6000000087835860821
Q3491160	6000000015269045322
Q349136	6000000079019300666
Q3491366	6000000002188461543
Q3491367	6000000015929950711
Q3491373	5283759383980027512
Q3491392	6000000009013161756
Q349166	6000000028119918147
Q349167	6000000006586837627
Q3491871	6000000022915416110
Q349199	6000000011178166253
Q349204	6000000048914918881
Q3492044	6000000024234762900
Q3492050	6000000011464980494
Q3492050	6000000082889811875
Q3492056	6000000003827671961
Q349211	6000000000307249186
Q3492117	6000000036490984317
Q349213	6000000057429950006
Q349216	6000000015733590596
Q349217	6000000015134252916
Q3492483	6000000074907482990
Q3492621	6000000001388032040
Q3492621	6000000209563623844
Q3492632	6000000003526968020
Q3492647	6000000002380856752
Q3492660	6000000011435199112
Q3492835	6000000033593375944
Q3492890	6000000150859150825
Q3492967	6000000075577960842
Q3493028	6000000019079139127
Q3493080	6000000013310018422
Q349312	6000000003681139137
Q3493179	6000000003757870510
Q34933	351682514840001342
Q349339	6000000177471610880
Q3493432	6000000014190685773
Q3493435	6000000028265377612
Q349350	6000000040311300054
Q349352	6000000017624435840
Q349355	6000000172721110824
Q349357	6000000083639874914
Q349363	5258620288260139146
Q3493632	6000000024323202928
Q349369	6000000081116201966
Q3493732	6000000037658282259
Q3493750	4367264581170014124
Q349388	6000000016503105245
Q349389	6000000002711811481
Q349391	6000000009128889991
Q349418	6000000031500726110
Q34943	6000000043234244150
Q349430	6000000017764426043
Q349432	6000000036355305912
Q3494323	6000000016013467800
Q349435	6000000003997536328
Q3494405	6000000203405324845
Q3494411	294370353870007978
Q349446	6000000002188456363
Q349448	6000000041233131214
Q349461	6000000000782653200
Q349463	6000000119515277057
Q3494660	6000000015565742447
Q349472	6000000016924126255
Q3494889	6000000018952324566
Q3494893	6000000095670965966
Q3494893	6000000171833098439
Q3494902	6000000053101908087
Q349505	6000000181371667840
Q349507	6000000151351150875
Q34951272	6000000107449176846
Q349518	6000000029654858480
Q3495208	6000000012473311078
Q349529	6000000015701937027
Q3495292	6000000006769686123
Q3495308	6000000015166378559
Q349539	6000000018308091660
Q3495394	6000000003515356121
Q349548	6000000020343561201
Q3495605	6000000006284019175
Q3495973	6000000061504301940
Q349598	6000000038402358215
Q3496153	6000000064354626472
Q3496279	376275101460004773
Q349634	6000000016453489800
Q3496447	6000000010856599551
Q3496492	6000000157312161858
Q3496667	6000000109292024821
Q3496692	6000000048753154846
Q3496715	6000000014784503940
Q3496768	6000000182712540849
Q3496777	6000000020583444761
Q3496817	6000000059561869119
Q34969	6000000002984800161
Q349690	6000000002023526882
Q3496911	6000000032472692703
Q3496965	6000000002206956795
Q34970	6000000018070203835
Q3497162	6000000013546391644
Q34972113	6000000077730710966
Q3497217	6000000075507898203
Q349745	6000000046080703392
Q349749	6000000010184462597
Q349751	6000000064801626976
Q349753	6000000013440423531
Q3497552	6000000008630254213
Q349762	6000000014072113782
Q3497655	6000000062712043901
Q3497949	6000000017099078911
Q3497982	6000000145588359042
Q3498015	6000000006680943001
Q3498066	6000000134022567852
Q349808	6000000021515671822
Q34981	6000000010837269793
Q349814	6000000009263591492
Q3498197	6000000028729689749
Q3498409	6000000184753153821
Q3498420	6000000136587853821
Q3498488	6000000000954119690
Q3498494	6000000012784739290
Q3498539	6000000197182690822
Q3498612	6000000000661346206
Q3498613	6000000003205990851
Q3498645	6000000002603662908
Q3498673	6000000018020586684
Q3498675	6000000053187518221
Q3498764	6000000005101034463
Q3498810	6000000105086631880
Q3498868	6000000011139447971
Q349892	6000000103430047821
Q349893	6000000075213599837
Q3499031	6000000035743550040
Q3499059	6000000049321979858
Q3499127	6000000004283205909
Q3499130	6000000178472839874
Q3499134	6000000006127423156
Q349922	6000000035531692975
Q34992468	6000000074663426003
Q3499335	6000000009375820572
Q3499408	6000000076481134980
Q3499434	6000000030042481868
Q3499450	6000000031564840429
Q3499475	6000000072244380203
Q349948	6000000004417841024
Q3499513	6000000015591683379
Q3499526	6000000075326135139
Q3499537	6000000019483514032
Q349955	6000000040047363759
Q3499591	6000000045475301073
Q3499681	6000000075285523239
Q3499771	6000000005013479562
Q3499922	6000000012558896143
Q3499926	6000000051390769829
Q350002	6000000023402604285
Q3500179	6000000015780645778
Q350019	6000000021919890356
Q3500198	6000000009384231926
Q3500251	6000000007390499679
Q350034	6000000079004219311
Q3500532	6000000035430969843
Q3500543	6000000002188386629
Q35006550	6000000116215470866
Q350069	6000000031563406439
Q3500736	6000000011046253890
Q350077	6000000015445363237
Q3500792	6000000021827244813
Q350080	6000000017307842355
Q3500830	6000000040580061016
Q350089	6000000032956852647
Q3500984	6000000172082268162
Q350103	6000000066970190825
Q350109	6000000020240746359
Q3501221	6000000011558469105
Q350128	6000000041265303910
Q3501363	6000000006127859122
Q3501373	6000000074819020892
Q3501528	6000000000470075282
Q3501529	6000000091161020890
Q3501545	6000000180597275848
Q350160	6000000043965775926
Q3501639	6000000042744618177
Q3501709	6000000055150668931
Q350183	5502964838900085605
Q350198	6000000002513909848
Q3502037	6000000076901945830
Q3502139	6000000019632178350
Q350214	6000000016620859680
Q3502180	6000000007570651197
Q3502230	6000000171683672012
Q3502504	6000000012224281793
Q350251	6000000183993130857
Q3502516	6000000004961386554
Q3502517	6000000100350422839
Q3502603	6000000034581969033
Q350295	6000000061156970900
Q350296	6000000061156237928
Q3502994	6000000006791189011
Q350301	6000000006127578354
Q350305	6000000145955913075
Q350321	6000000002043186264
Q350325	6000000010919717841
Q3503379	6000000022932467954
Q3503487	6000000122752271846
Q3503518	6000000008805353195
Q350353	4063293
Q3503549	6000000041596762451
Q3503554	6000000179000464889
Q350366	6000000004146807124
Q3503775	6000000165046589924
Q350378	6000000012862616271
Q3503829	6000000114090775443
Q3503840	6000000003378646525
Q350385	4570664
Q3503904	6000000072317049834
Q3503913	6000000072397326868
Q3504004	6000000087573746116
Q3504027	6000000041119583964
Q350405	6000000032770467766
Q350408	6000000013720982509
Q350409	6000000022782580822
Q35041	6000000008127235311
Q350420	6000000009215635942
Q350424	6000000034573333679
Q3504273	6000000137613840214
Q3504283	6000000025610025101
Q350440	6000000002393412698
Q350468	6000000182735262823
Q3504680	6000000017575853017
Q350472	6000000005738050159
Q3504732	6000000077466931970
Q3504793	6000000028460795103
Q3504858	6000000066972846914
Q350504	6000000016749772824
Q350511	6000000049432558871
Q3505117	6000000000728611234
Q3505153	6000000035429816045
Q350521	6000000027056907582
Q350523	6000000021585749193
Q3505266	6000000107526485865
Q350548	6000000026131106043
Q350552	6000000028417350487
Q3505521	6000000206191881833
Q3505543	6000000014715076910
Q3505550	6000000011033674308
Q3505565	6000000008419981603
Q3505584	6000000041173971270
Q3505599	6000000081784788025
Q3505679	6000000030270364152
Q350584	6000000036354846899
Q3505850	6000000015093945938
Q350589	6000000008690709919
Q3505893	6000000034656905219
Q350595	6000000007142431297
Q3505955	4065038199880047958
Q350598	6000000014851946214
Q3505986	6000000105285053096
Q3505992	6000000180398356822
Q350601	6000000078208928803
Q3506013	6000000111005752844
Q3506064	6000000107057455225
Q350613	6000000013927261458
Q3506163	6000000117138205825
Q350619	6000000012548432419
Q3506241	6000000005220735385
Q3506245	6000000025400560122
Q3506276	6000000179888661848
Q3506336	6000000008251503339
Q35064	368026093200007369
Q350640	6000000029449577862
Q350656	6000000013762519362
Q350663	6000000079281587723
Q350666	5651572417460101543
Q3506661	6000000010926802979
Q3506671	6000000015395864914
Q350673	6000000014428271894
Q3506733	6000000008053176326
Q350677	6000000070706737285
Q3506807	6000000037858295158
Q350681	6000000020681073560
Q3506820	6000000010039975877
Q350690	6000000021328823906
Q350704	6000000036068148525
Q350708	6000000094045756964
Q350713	6000000052306605110
Q350714	6000000079097607154
Q35071697	6000000016393618063
Q3507173	6000000153034847871
Q3507176	6000000037402546167
Q3507205	6000000184100886830
Q3507206	6000000083174366889
Q350722	6000000177641388827
Q3507313	6000000085371567223
Q3507385	6000000002764674672
Q3507436	6000000175724530822
Q350745	6000000003827708408
Q3507464	6000000023515360025
Q3507481	6000000182713682821
Q3507514	6000000000023564048
Q3507535	6000000040638847380
Q3507548	6000000181639578824
Q3507716	6000000069900950999
Q3507721	6000000123897065898
Q3507798	6000000019374556062
Q3507801	6000000034291308305
Q35078300	6000000088721883845
Q3507831	6000000002936453461
Q350789	6000000091263410833
Q3508016	6000000183839066822
Q3508104	6000000003891557751
Q3508125	6000000061037100828
Q3508144	6000000176998431878
Q3508153	6000000165353606910
Q35082616	6000000165558382245
Q35084269	6000000165558658147
Q350843	6000000036692591909
Q3508627	6000000091680629961
Q3508680	6000000012471725202
Q3508743	6000000015373504373
Q3508803	6000000105088795822
Q3508847	6000000034269819843
Q350891	6000000177238378840
Q35089297	6000000004593117864
Q350904	6000000065361186889
Q3509115	6000000088660761993
Q350916	6000000046567172180
Q3509261	6000000011263636434
Q3509294	6000000001548660031
Q350939	6000000053702227009
Q350940	6000000011451206686
Q350954	6000000002763323058
Q350963	6000000015711605466
Q350978	6000000015826827705
Q3509839	6000000013382206179
Q3509860	6000000012618217418
Q3509874	6000000019822771156
Q351000	6000000067863083546
Q3510102	6000000221155653837
Q3510109	6000000002727603165
Q3510131	6000000080773161886
Q351016	6000000015701439397
Q3510168	6000000007184914927
Q3510173	6000000120270825822
Q3510181	6000000020160779479
Q3510235	6000000190348432821
Q35102982	6000000182632954836
Q3510375	6000000002202810284
Q3510461	6000000041368243082
Q3510475	6000000148344125945
Q351061	6000000076271854890
Q351091	6000000055488650032
Q3511011	6000000011515670543
Q3511191	6000000021400322882
Q351140	6000000057802906884
Q3511402	6000000001125019741
Q3511439	6000000178337947877
Q351144	6000000026890935807
Q351156	6000000009216510481
Q3511568	6000000039713114131
Q3511601	6000000079263672974
Q351178	6000000006101974442
Q3511856	6000000069651638825
Q351198	6000000002116081167
Q3512054	6000000024793278840
Q3512248	6000000037847840887
Q351238	6000000030447665653
Q351250	6000000010423375249
Q351251	6000000029303243878
Q3512533	6000000058657974387
Q351257	6000000014987272311
Q3512602	6000000167070668873
Q3512705	6000000057744561208
Q3512811	6000000183182224947
Q3512869	6000000024422331956
Q351290	6000000007016682318
Q351294	6000000007650267594
Q3513069	6000000077100452142
Q351323	6000000032696321152
Q3513259	6000000087497184903
Q3513280	6000000059055473958
Q3513346	6000000027513883406
Q351347	6000000015290178675
Q351355	6000000156881975836
Q3513659	6000000009465532130
Q351366	6000000073233983957
Q3513708	6000000105956606856
Q3513719	6000000030391581132
Q351372	6000000030410926926
Q3513720	6000000084817697102
Q3513721	6000000080389727849
Q351374	6000000025139426610
Q351377	6000000069635911950
Q3513783	6000000036441757712
Q351383	6000000163220016939
Q351388	6000000178296636835
Q3513882	6000000036371976762
Q351410	6000000028417429094
Q3514542	6000000018608352227
Q351459	6000000071408689846
Q3514608	6000000022814199954
Q351479	6000000027922321398
Q351481	6000000016361728079
Q3514830	6000000059169047861
Q3514837	6000000034047827123
Q3514842	6000000015592372809
Q35149	6000000000236135647
Q3514987	6000000079037149894
Q3514997	6000000024362881925
Q3515045	6000000075486623968
Q3515115	6000000000502372643
Q351512	6000000031388095458
Q35153005	6000000130207109824
Q35153090	6000000028993513462
Q351547	6000000000107429374
Q35155	6000000009826807248
Q351552	6000000034777508352
Q3515784	6000000000646691437
Q351593	6000000001288286146
Q35160543	6000000006101209040
Q3516490	6000000039767983874
Q351683	6000000078400419937
Q351691	6000000014097170896
Q3517027	5579779233430085259
Q3517048	6000000018714031856
Q351705	6000000002893375488
Q35171	6000000000351053834
Q351710	6000000045726853152
Q351724	6000000177647936822
Q3517451	6000000175828317930
Q3517497	6000000018442941348
Q351761	6000000015731315087
Q3517967	6000000006900934758
Q351812	6000000037521761934
Q35181509	6000000030266339129
Q351822	6000000040873225251
Q3518238	6000000163319016843
Q3518311	6000000035006426004
Q3518323	6000000022144962209
Q3518341	6000000072323870991
Q3518359	6000000008616414570
Q351838	6000000058560949945
Q351849	6000000178270977835
Q351852	6000000011762146165
Q351873	6000000017982720206
Q3518760	6000000110418868821
Q351878	6000000018880011315
Q3518780	6000000024847128590
Q3518911	6000000050510918028
Q3518914	6000000173425463825
Q351904	6000000001586464402
Q351931	6000000026158741039
Q3519414	6000000000904350916
Q351943	6000000026488436457
Q351949	6000000018155350249
Q351955	6000000023723635918
Q351957	6000000007705407819
Q351964	6000000030602297096
Q351977	6000000096873487858
Q351978	6000000014453654167
Q351981	6000000014591425570
Q351994	6000000029259779003
Q352	6000000008260736732
Q352021	6000000125484258926
Q352023	6000000022305455612
Q352080	6000000021915878170
Q352093	6000000090256714323
Q352098	6000000142037504328
Q352105	6000000015515859213
Q352123	6000000013899522212
Q352136	6000000012678820562
Q352137	6000000027872725429
Q352149	6000000047778722101
Q3521556	288642564740007828
Q352156	6000000015140885245
Q352159	6000000055535403864
Q352162	6000000180047203897
Q352171	6000000182784346830
Q352178	6000000022134695691
Q352180	6000000107562048050
Q352190	6000000009706134722
Q352203	6000000076022122852
Q3522251	6000000175686518852
Q352233	6000000011557191210
Q35225958	6000000082335979320
Q3522701	6000000078317910931
Q3522822	6000000017225860436
Q352284	6000000021374849493
Q352296	6000000008649822236
Q3523083	6000000022251376022
Q352345	6000000026453319383
Q3523458	6000000022257542807
Q35236	6000000003076423522
Q3523659	6000000028000590077
Q3523663	6000000055245860885
Q3523664	6000000007756732403
Q3523668	6000000008033364765
Q3523685	6000000051282339870
Q3523689	6000000009747658719
Q3523695	6000000019146351956
Q3523705	6000000038548986026
Q3523709	6000000173852570827
Q3523736	6000000010095209372
Q35238938	6000000036225690017
Q3523902	6000000003890921562
Q3523998	6000000176445858855
Q3524032	6000000058607468950
Q3524071	6000000009405293425
Q352418	6000000007921980740
Q352422	6000000032981979487
Q3524312	6000000054301289164
Q352438	6000000011819521703
Q3524396	6000000012224248824
Q3524506	6000000019146977233
Q352451	6000000025954971566
Q3524551	6000000037907448859
Q352459	6000000140188734916
Q352460	6000000045955534916
Q352462	6000000000628782492
Q352473	6000000007758486887
Q35248104	6000000040971361246
Q3524826	6000000018423041315
Q3524852	6000000030394735487
Q3524854	6000000026186727365
Q3524872	6000000027107583832
Q3524918	6000000000070859597
Q3524925	6000000081184961920
Q3524942	6000000181730915829
Q3524954	6000000022833227133
Q3524973	6000000016641906840
Q3524986	6000000049383803167
Q3524997	6000000001293257245
Q3525006	6000000016685421576
Q3525041	6000000013471676212
Q3525056	6000000019168567095
Q3525068	6000000012266476438
Q3525076	6000000011852387641
Q3525098	6000000046473121363
Q3525101	6000000003949543456
Q3525129	6000000009152848387
Q3525142	6000000020359574280
Q3525145	3964812450520053622
Q3525153	6000000036196415112
Q3525160	6000000008979406782
Q3525172	6000000027880346215
Q3525188	6000000002024142109
Q3525211	6000000183115137821
Q3525213	6000000014179269824
Q3525256	6000000001591033255
Q3525358	6000000001384673654
Q3525359	4265729635020041688
Q352539	6000000134571056986
Q3525400	6000000035563856903
Q3525408	6000000069562217937
Q3525420	6000000015435440643
Q3525434	6000000181611886226
Q3525438	6000000023362378152
Q3525492	6000000123113021830
Q352550	6000000007463336895
Q3525502	6000000025717440087
Q3525503	6000000028891321192
Q3525563	6000000012126124130
Q3525567	6000000003203183852
Q3525574	364356414860010583
Q3525621	6000000016911728033
Q3525642	6000000000975880148
Q3525642	6000000023669226409
Q352566	6000000006444391443
Q3525671	5413759341400057489
Q3525678	6000000017163180077
Q3525682	6000000006101404690
Q3525715	6000000016586054242
Q352578	6000000141001499824
Q352584	6000000007113706634
Q3525855	6000000013971139749
Q3525866	6000000003866308044
Q3526138	6000000046859228979
Q3526155	6000000024716135039
Q35261685	6000000064933597959
Q352617	6000000007404995266
Q352624	6000000042977617485
Q352630	6000000015609791404
Q3526319	4950214061350077826
Q3526347	6000000018070324277
Q352640	6000000016840718823
Q3526420	6000000024362775795
Q3526440	6000000004534181625
Q3526453	6000000017650864665
Q3526459	6000000021391678015
Q352649	6000000023434379553
Q3526523	6000000017711279689
Q352660	6000000011535786111
Q3526648	6000000160302756829
Q3526654	6000000084820621956
Q3526663	6000000030185577051
Q3526700	880354
Q3526718	6000000075339884833
Q352677	6000000022687006916
Q3526782	6000000075062546915
Q3526860	6000000041772714965
Q3526865	6000000083970362381
Q3526880	6000000011668415991
Q3527089	6000000030814964524
Q352709	6000000140467995906
Q35271040	6000000037515030867
Q352713	6000000183427500837
Q352722	6000000017424746900
Q352725	6000000003128890929
Q352733	6000000028044791420
Q352760	6000000177216585873
Q352774	6000000163418202109
Q3527828	6000000010774823758
Q352808	6000000116314864845
Q3528113	6000000030018840860
Q352817	6000000166906407830
Q3528338	6000000075871704902
Q352836	6000000007801291310
Q352843	6000000048281378859
Q3528567	6000000044772487874
Q35286	6000000002388958269
Q3528603	6000000000882611536
Q3528608	6000000075884005065
Q3528611	6000000183152879850
Q3528670	6000000028427311334
Q3528679	6000000052071416968
Q3528728	6000000075894590947
Q352873	6000000052711127891
Q3528735	6000000075887460970
Q352882	6000000177194393822
Q3528938	6000000008147002133
Q3528988	6000000015850787391
Q3529024	6000000040416454530
Q3529040	6000000017433844184
Q352906	6000000008851631356
Q3529062	6000000052068587821
Q3529079	305003388020001394
Q3529080	6000000003939681903
Q352914	6000000000240701456
Q352918	6000000019013317169
Q352935	6000000021607634813
Q352938	6000000020513818095
Q352940	6000000044874875854
Q3529440	6000000012596745541
Q3529459	6000000004867702380
Q3529468	6000000145240858852
Q352948	6000000076563580200
Q352952	6000000015110319714
Q352953	6000000000138814940
Q352954	6000000020558636492
Q352959	6000000100819507642
Q3529594	6000000141116234934
Q352963	6000000006327936093
Q3529636	6000000026830538909
Q352967	6000000124310520886
Q352971	6000000006707251144
Q352975	6000000015681079335
Q352981	6000000007329537849
Q352999	6000000033809497955
Q353003	6000000033060718821
Q353014	6000000006945415525
Q353019	6000000018664312216
Q3530562	6000000014334209601
Q3530662	6000000184269958822
Q3530693	6000000028911871905
Q3530701	6000000145924275126
Q3530742	6000000009998944658
Q3530760	6000000058415022250
Q353081	6000000008794612343
Q3530819	6000000057323528414
Q3530820	6000000071149640870
Q3530838	6000000010964245309
Q353085	6000000024552037043
Q3530860	6000000169762664821
Q3530874	6000000174278356821
Q3530930	6000000062714641146
Q3530964	6000000124849620824
Q3530966	6000000029244517008
Q3530993	6000000029899591295
Q353110	6000000003492949348
Q353113	6000000020410197478
Q353117	6000000076560441980
Q353120	6000000151473453873
Q3531256	6000000075040330864
Q353127	6000000016288277845
Q353129	6000000070740746275
Q353132	6000000000306413531
Q35314	6000000011662177890
Q353155	6000000026015338983
Q353164	6000000164464659891
Q3531657	6000000036625077281
Q353166	6000000016533242960
Q3531665	6000000008491819196
Q3531699	6000000029053509183
Q3531727	6000000009328180322
Q3531803	6000000026202203378
Q3531876	6000000052892535025
Q3531913	6000000009027368398
Q3531971	6000000003715579659
Q353201	6000000140751355891
Q3532211	6000000005598962144
Q3532221	6000000019751248370
Q3532232	6000000002188385336
Q353226	6000000013232800848
Q3532266	6000000006720909555
Q353238	6000000003911211495
Q353248	6000000141559551967
Q3532631	6000000016651611463
Q35326991	6000000011091083452
Q353283	6000000024406016308
Q353295	6000000019467934170
Q353309	6000000015773735457
Q35332	6000000002742857305
Q3533251	6000000002188489892
Q353353	6000000002115996785
Q353369	6000000026932146681
Q353372	6000000009199633126
Q353376	6000000024887471492
Q353390	6000000015456306509
Q353407	6000000002196018395
Q353411	6000000002207474281
Q353422	6000000142737104822
Q353426	6000000057738416863
Q3534291	6000000036694418302
Q353438	6000000015972315393
Q353449	6000000007333200740
Q3534561	6000000126263205976
Q353458	6000000075480139023
Q353464	6000000020585656785
Q3534673	6000000022265556132
Q353482	6000000136589163831
Q353511	6000000000785442103
Q353524	6000000041535279797
Q3535299	6000000040264525425
Q353587	6000000027219701218
Q353605	6000000043810712869
Q353609	6000000013643936038
Q353633	6000000016656846723
Q3536352	6000000066390398822
Q353637	6000000002672900761
Q353661	6000000079015635012
Q353678	6000000184267670831
Q353693	6000000008908526285
Q353723	6000000001383031481
Q3537312	6000000140464601858
Q353755	6000000018281596266
Q353769	6000000002802236153
Q353774	6000000029559466763
Q353777	6000000105087050942
Q353783	6000000132496423857
Q353784	6000000008232256931
Q353788	6000000051555454015
Q353806	6000000034735401741
Q353809	6000000012204627594
Q353812	6000000022657880727
Q353816	6000000039868430691
Q353818	6000000017753767266
Q353822	6000000036794307579
Q3538241	6000000049510983128
Q353826	6000000035580481747
Q353866	6000000010186327859
Q3538685	6000000017117663449
Q353869	6000000181187863869
Q353879	6000000026981401349
Q353887	6000000022063877902
Q353907	6000000028869004574
Q353935	6000000009495183800
Q3539470	6000000052418645160
Q3539685	6000000010569357530
Q353978	6000000077803955875
Q353983	6000000027854055875
Q3539943	6000000179766729836
Q354003	6000000069634898821
Q354033	6000000009978656578
Q354038	5222334129930031853
Q3540415	6000000105422564196
Q354043	6000000016556260341
Q354047	6000000176913648859
Q354052	6000000018020100773
Q354068	6000000011780164916
Q354074	6000000008531496258
Q354075	6000000000481683152
Q354089	6000000027949271420
Q3540961	6000000031244420088
Q354099	6000000018972599561
Q354101	6000000157275535824
Q3541119	6000000028161882999
Q354112	6000000176218266838
Q354123	6000000023175832779
Q354174	6000000092553398122
Q354181	6000000083493338148
Q354194	6000000002813853781
Q3541956	4763698656080064338
Q3541976	721944
Q354216	6000000073062001973
Q3542230	6000000009536561197
Q354234	6000000049472726822
Q354241	6000000017614645844
Q354250	6000000001877522098
Q3543085	6000000003945325882
Q354309	5307982850540119730
Q354309	6000000059055656352
Q3543184	6000000029124413475
Q35431968	6000000022134057222
Q3543290	6000000078732307116
Q354352	6000000010793153354
Q3543531	6000000036444607422
Q3543541	6000000032380598031
Q3543546	6000000003558549536
Q3543621	6000000004005120957
Q354365	6000000000237975499
Q354381	6000000008541776388
Q3543841	6000000042091636623
Q3543869	6000000031505517788
Q3543989	6000000027324494358
Q3544143	6000000072802588917
Q3544162	6000000017019507771
Q3544166	6000000182966502871
Q354423	6000000003401092542
Q354426	6000000017351293411
Q3544312	6000000013988185403
Q3544351	6000000009512743245
Q3544628	6000000026782992635
Q354470	6000000176346408895
Q354475	6000000135708392864
Q3544837	6000000014386763611
Q354486	6000000090019813821
Q354498	6000000178693645838
Q354508	6000000009564160327
Q354519	6000000033812984377
Q354529	6000000079063821036
Q354531	6000000124468356373
Q354540	6000000018045186683
Q354542	6000000001781358598
Q35454293	6000000111941235893
Q3545445	6000000004211110661
Q3545578	6000000018900130300
Q354559	6000000014429121409
Q3545591	6000000078502482008
Q3545608	6000000184052210011
Q354583	6000000157935611821
Q3545941	6000000045423639960
Q3545941	6000000082553644404
Q3545985	6000000063326830976
Q354609	6000000003603678022
Q3546382	6000000052033386865
Q3546417	6000000006358064610
Q354646	6000000021222258064
Q354659	6000000040951164122
Q3546695	6000000032341582339
Q3547038	6000000010573568649
Q354715	6000000090854902880
Q354721	6000000003146904835
Q354730	6000000026845043018
Q354736	6000000002765016370
Q354741	6000000054075978855
Q3547438	6000000015764302398
Q3547495	6000000017847960736
Q354759	6000000012191041057
Q3547618	6000000151406203940
Q354766	6000000091148893870
Q354772	6000000003827612417
Q354779	6000000013437968994
Q354790	6000000031160195229
Q3547912	6000000114143801105
Q3548127	6000000151345282834
Q3548193	6000000145055134849
Q3548201	6000000166439210940
Q354828	6000000074310340841
Q354863	6000000013049319993
Q354867	6000000053907031994
Q354897	6000000048131669306
Q3549170	6000000031838285879
Q354918	6000000056010740011
Q354921	6000000025791171901
Q354927	6000000013263854712
Q354932	6000000081453413928
Q3549654	6000000069714649140
Q35498	6000000004087964040
Q355002	6000000033498808122
Q355009	6000000011243101854
Q355017	6000000005767891061
Q3550192	6000000182895106836
Q355024	6000000021899792868
Q3550354	6000000030642317402
Q355040	3706766
Q355066	6000000153832125875
Q355072	6000000017696961664
Q355090	6000000007758640480
Q3550965	6000000172523614003
Q355116	6000000014109008367
Q355125	6000000017835729476
Q355130	6000000012545940816
Q355153	6000000017008682854
Q355168	6000000016129105973
Q355188	6000000177459689890
Q355194	5391921570870136799
Q355197	6000000103472728940
Q355202	6000000030625921784
Q355209	6000000164249413823
Q3552183	6000000007708487157
Q355223	6000000090011040934
Q3552241	6000000078308909726
Q3552296	6000000015963641732
Q355234	6000000036940974121
Q355241	6000000009901150171
Q355245	6000000013373417201
Q3552464	6000000004343944833
Q355251	5113876738570064351
Q355258	6000000026679156850
Q355288	3930096438320040565
Q355291	6000000031857408174
Q355296	6000000000530333231
Q355300	6000000030569995588
Q355314	6000000041638722949
Q3553407	6000000075771768847
Q355348	6000000001784875241
Q355348	6000000031113438993
Q355355	6000000020327052903
Q3553555	6000000100364905833
Q3553558	6000000049071536856
Q3553560	6000000004644114708
Q355361	6000000109080476075
Q3553623	6000000177174507844
Q35536381	6000000205612804826
Q3553645	6000000009959452299
Q3553646	6000000018244563872
Q3553662	6000000008173155858
Q3553716	6000000004003069115
Q355406	6000000013846336747
Q355420	3212082
Q355425	4408834248150025117
Q355438	6000000034837299524
Q355444	6000000012606597822
Q355452	370730108600011593
Q355463	6000000040308352077
Q35548	6000000009776573424
Q3554800	6000000002837337947
Q355485	6000000014407771431
Q3554905	6000000126746169834
Q3554917	6000000008094183349
Q355495	6000000067238579263
Q3554976	6000000159376899823
Q3554980	6000000015551908180
Q3554981	6000000018726702397
Q355522	6000000015161830089
Q355532	6000000015356424514
Q355546	6000000007274821201
Q35554606	1340776
Q355550	6000000004402528531
Q355551	6000000007524434567
Q3555693	6000000196387318825
Q355572	6000000030980593639
Q355583	6000000184243125904
Q3555864	6000000115323510976
Q3555933	6000000178556593882
Q3555966	6000000062905855958
Q3555996	6000000062821856900
Q3556004	6000000157652574942
Q3556006	4270681
Q3556022	6000000018294127573
Q355603	304191996130005657
Q355607	6000000025755730227
Q3556073	6000000177275188821
Q355652	6000000077109405377
Q3556526	6000000001799899277
Q35565853	6000000085355366932
Q3556598	6000000143794760840
Q355680	6000000002497851401
Q3556839	6000000042977426800
Q35569582	6000000197635413832
Q355696	6000000089894354880
Q355700	6000000172862328574
Q3557077	6000000007979943265
Q3557104	6000000014139170692
Q3557120	6000000050977379033
Q3557134	2765992
Q355715	6000000071270088355
Q3557164	6000000039317621547
Q3557170	6000000178557454865
Q3557201	6000000000352508754
Q3557217	6000000003985150752
Q3557250	6000000021966340926
Q3557264	6000000014097647284
Q3557322	6000000072644478855
Q3557338	6000000060432418823
Q3557342	6000000003088088737
Q355738	6000000011515044777
Q3557405	6000000021969738761
Q3557411	6000000018106380093
Q3557413	6000000066464667072
Q3557420	4063707081100059439
Q3557422	6000000014162723458
Q3557446	6000000005019191605
Q3557448	6000000014089295670
Q3557469	6000000178927004822
Q355755	6000000000197040207
Q3557561	6000000002764361089
Q3557661	6000000020315671814
Q3557722	6000000001351034350
Q3557741	6000000112947906014
Q3557765	6000000014126742234
Q3557773	6000000015485261272
Q355781	6000000112273421868
Q355785	6000000014531860168
Q3558136	6000000003096154231
Q3558288	6000000078038927088
Q3558330	6000000004850581696
Q355839	6000000068071499104
Q3558573	6000000174901447224
Q355867	6000000210958953822
Q355879	6000000027612276793
Q355894	6000000034864262761
Q355897	6000000136588412821
Q355907	6000000047420230946
Q355908	6000000030814370552
Q355915	6000000168834729873
Q355923	6000000136530709897
Q3559545	6000000031277629862
Q3559621	6000000002361933545
Q3559722	6000000022350000004
Q355978	6000000032940028251
Q3559935	6000000145528666174
Q3559939	6000000163370124822
Q3559943	6000000034225057948
Q3559951	6000000104329757946
Q3559953	6000000163783180834
Q355998	6000000017670319932
Q355999	6000000015169696409
Q3560055	6000000011518668067
Q356011	6000000015717959983
Q356014	6000000176543940831
Q3560231	6000000078594025821
Q3560278	6000000011518704912
Q3560289	323871011900004423
Q356029	6000000015773147517
Q3560375	6000000009956673222
Q3560420	6000000013589253027
Q3560422	6000000173652701880
Q3560601	6000000036323806542
Q3560625	6000000143330125873
Q3560676	6000000024953614886
Q356068	6000000128118585891
Q3560705	6000000010628468311
Q3560791	6000000137327997881
Q3560902	6000000134583432844
Q356094	6000000018679703013
Q3560997	6000000007171037599
Q35610	6000000001107500316
Q356109	6000000007888886364
Q356115	6000000010323741265
Q3561172	6000000178405596824
Q3561279	6000000145357946864
Q356129	6000000010174647217
Q356134	6000000030945977148
Q3561343	6000000151126972926
Q3561346	6000000185501216311
Q3561360	6000000156879082876
Q3561371	6000000090853368876
Q356145	6000000004120195518
Q3561491	6000000000817568291
Q3561580	6000000003094840293
Q35616	6000000000414692045
Q356161	6000000007369503629
Q356173	6000000002172748444
Q3561781	6000000075651332376
Q3561784	6000000007654293232
Q3561797	6000000050576556850
Q3561820	6000000077838900101
Q3561826	6000000082236183464
Q3561845	6000000164657911144
Q356189	381760001210003190
Q3561915	6000000178356950821
Q356230	6000000027899918008
Q356261	6000000010641473688
Q3562656	6000000033004546190
Q356267	6000000003288502996
Q3562681	6000000177073626045
Q356270	6000000002818031764
Q356271	6000000035758953956
Q3562802	6000000017949164550
Q3562916	6000000025263914503
Q356294	6000000029426086400
Q356303	6000000026091978135
Q356305	6000000009912687550
Q3563083	6000000151449270829
Q356309	6000000027327426368
Q3563122	6000000013861567106
Q356314	6000000003528352010
Q356335	6000000013303498297
Q356342	6000000015291026740
Q356351	6000000004580942402
Q3563524	6000000189545665848
Q356361	6000000011342084480
Q3563677	6000000034560703888
Q3563704	6000000034647100915
Q3563915	6000000125643694833
Q3563938	6000000058500534337
Q3564084	6000000022558340460
Q3564086	6000000177065265823
Q3564102	6000000177327894880
Q356411	6000000027900721211
Q3564214	6000000022158600060
Q356423	5653863240190125454
Q3564345	6000000001787612716
Q356450	6000000013230103542
Q3564517	318743078940003664
Q3564563	6000000022408123911
Q3564608	6000000006583251074
Q3564670	5303659120660110154
Q356475	6000000024595959665
Q35648	4042234486350129799
Q3564835	6000000030696953906
Q3564840	6000000010754093645
Q3564850	6000000012598855694
Q3564856	6000000004170110087
Q3564868	6000000021690969595
Q356487	6000000011310252279
Q3564937	6000000020626720529
Q3564965	6000000033376446584
Q3564980	6000000023782979210
Q3565083	6000000077331956169
Q3565095	6000000052946673845
Q3565113	6000000103354121467
Q3565213	6000000084316894841
Q356522	4320894817610032211
Q3565315	6000000002177765668
Q3565323	4033860
Q3565327	6000000034357465956
Q356537	6000000021175977982
Q3565402	6000000012222197727
Q3565571	6000000024905489552
Q356560	6000000003217406733
Q3565739	6000000183434809829
Q3565744	6000000020623653334
Q3565745	6000000046993220984
Q356575	6000000021176339136
Q3565755	6000000010797287047
Q3565772	6000000010598716452
Q3565777	6000000035441122632
Q3565786	6000000042294205219
Q3565807	6000000027438816179
Q3565824	6000000003022420586
Q3565830	6000000083169486772
Q3565832	6000000010737802455
Q3565839	6000000076215156870
Q3565843	6000000008698920587
Q3565849	6000000032805794104
Q3565856	6000000022131275125
Q3565865	6000000121932747934
Q3565867	6000000029595148776
Q3565881	6000000008924015663
Q3565911	6000000033722756981
Q3565918	6000000015525594868
Q3565920	6000000006405512447
Q3565928	6000000000701216478
Q3566081	6000000063344440827
Q356611	358321219530001637
Q3566150	2481467
Q3566239	6000000033672010342
Q3566266	6000000067752054889
Q3566270	6000000003022174049
Q3566375	6000000025674962556
Q356639	6000000039054515159
Q3566396	6000000180630018822
Q3566401	6000000029074508889
Q356644	6000000012089290268
Q356659	6000000000461703652
Q356670	6000000053606978170
Q3566721	6000000071422643842
Q35667554	6000000084802156997
Q356678	6000000009370211381
Q3566869	6000000032277127759
Q356691	6000000017609273052
Q356696	6000000012336161857
Q356699	6000000012285156922
Q356711	6000000137611606524
Q356715	6000000036953094306
Q3567201	6000000008637803495
Q3567227	6000000012746265470
Q3567322	6000000167793178883
Q3567347	6000000041873908217
Q3567357	6000000003828335269
Q3567358	6000000002388437308
Q3567371	6000000121168144274
Q3567378	6000000019035510630
Q3567381	6000000047671556310
Q356751	6000000170743724896
Q356762	6000000014534313705
Q3567655	6000000010764427363
Q35676639	6000000069584836039
Q35678	6000000004133198123
Q3567816	6000000013364430556
Q356786	6000000019594090002
Q35679699	6000000024473760102
Q35680676	6000000003579030355
Q3568076	6000000046563778059
Q3568091	6000000086039634821
Q356810	362769088550012804
Q3568184	6000000014662842078
Q3568247	6000000181697041831
Q3568277	6000000026884021112
Q3568321	6000000027947843693
Q3568359	6000000017719634589
Q3568383	6000000146609974821
Q3568401	6000000063311189370
Q3568406	6000000032063999860
Q3568410	6000000028084212549
Q3568430	6000000016810658668
Q3568441	6000000073860831851
Q3568446	6000000086469040878
Q3568448	6000000183312200824
Q3568453	6000000049023049234
Q3568455	6000000009707011206
Q3568456	6000000006727915740
Q3568464	6000000080289967000
Q3568466	6000000003403583299
Q3568477	382859272160011444
Q3568489	6000000017614341212
Q3568490	6000000013342772899
Q3568492	6000000002341825570
Q3568494	6000000018869659870
Q3568495	6000000000040663530
Q3568498	6000000178286121945
Q3568503	6000000008630666891
Q3568503	6000000097842363828
Q3568516	6000000034535980048
Q3568523	6000000015730926757
Q3568536	6000000069901706889
Q3568556	6000000012401940639
Q3568558	6000000066452315977
Q356856	6000000031993536254
Q3568561	4213700346270075444
Q3568563	6000000010437152447
Q3568567	6000000003225966859
Q3568571	6000000009082720407
Q3568574	6000000009699875608
Q3568575	6000000002427680790
Q3568584	6000000018464350108
Q3568586	6000000000752249518
Q3568589	6000000029074458168
Q3568592	6000000007969765285
Q3568598	6000000044092368033
Q35686	6000000002617389863
Q3568601	6000000026978927794
Q3568615	6000000029048218924
Q3568620	6000000168915488842
Q3568625	6000000181542350827
Q3568642	6000000074765615255
Q3568649	6000000114265245915
Q3568653	6000000036325520903
Q3568672	6000000016132274736
Q3568677	5218178880960042530
Q3568682	6000000003804877849
Q3568715	6000000016897541530
Q3568718	6000000077914393572
Q3568725	6000000003333932073
Q3568730	6000000046718019835
Q3568732	6000000008018826133
Q3568734	6000000021623882494
Q3568740	6000000018514201909
Q3568745	6000000018099261460
Q3568752	6000000027060353819
Q3568759	305559399290001561
Q356877	6000000002672294591
Q3568770	6000000033077990695
Q3568771	6000000020332489944
Q3568772	6000000035199131977
Q3568776	6000000002173010360
Q3568777	6000000113085636156
Q3568779	6000000182919848838
Q3568789	6000000001443372821
Q3568790	6000000031159128238
Q3568796	6000000024092279814
Q3568802	6000000022849615135
Q3568809	6000000002116415891
Q356881	6000000012516892323
Q3568810	6000000012342239333
Q3568829	6000000015435157837
Q3568831	6000000024290397380
Q3568867	6000000016910734075
Q3568869	6000000008419326319
Q356889	6000000018193293805
Q3568892	6000000044092126246
Q3568893	6000000044091128495
Q3568904	6000000025620671210
Q3568908	6000000016123929175
Q3568911	6000000006971350457
Q3568914	6000000140736067545
Q3568918	6000000012618310233
Q3568919	6000000078112368766
Q3568922	6000000006444323538
Q3568925	6000000012746217427
Q3568927	6000000040448707882
Q3568949	6000000001998298673
Q3568958	6000000006112178099
Q3568966	6000000122020221234
Q3568975	6000000023417269071
Q3568976	6000000135755062187
Q3568979	6000000010249932958
Q356899	6000000021623395130
Q3568994	6000000064014530306
Q3569025	338006034380005627
Q3569028	6000000077307251109
Q3569031	6000000015385176550
Q3569042	6000000017603794407
Q3569044	6000000011219927671
Q356908	6000000029885232893
Q3569094	6000000083606971080
Q3569124	6000000178198547847
Q3569141	6000000040326845834
Q3569157	6000000021362345828
Q3569215	6000000023455971006
Q356929	6000000076831990719
Q356933	6000000013266951971
Q3569342	6000000027980113593
Q3569429	6000000017620604233
Q3569544	6000000176830022833
Q3569548	6000000018560754394
Q3569551	6000000008497206097
Q3569554	6000000016539398328
Q356957	6000000020369037253
Q356960	6000000032124531341
Q3569608	6000000000319691273
Q3569685	6000000007014390772
Q3569698	6000000006903751191
Q3569701	6000000025475320158
Q35698	6000000014767596976
Q356986	6000000071450614980
Q3569866	6000000007177371209
Q356998	6000000037689233280
Q357001	6000000009628907900
Q357022	6000000018508024182
Q3570250	6000000021437456871
Q35703	6000000029444076850
Q357032	6000000052658869822
Q357065	6000000000130549718
Q3570683	6000000048976425868
Q3570818	6000000010129840623
Q3570870	4534570
Q3570963	6000000075423240822
Q35709852	6000000005250274365
Q357102	6000000010943894634
Q3571072	6000000075507165883
Q357114	6000000081773331191
Q357120	6000000083199679856
Q357136	6000000015627551613
Q3571395	6000000003028257631
Q357142	6000000031182600827
Q3571438	6000000072178793029
Q357151	6000000008107129261
Q357154	6000000000723280930
Q357162	6000000001374551530
Q357184	6000000107026520896
Q3571972	6000000015336522180
Q3572084	6000000007086497317
Q3572489	6000000172217588451
Q3572521	6000000036480804890
Q3572713	6000000003881310541
Q3572906	6000000082416711915
Q357291	6000000113611614331
Q3572949	6000000175084306828
Q357301	6000000002171276704
Q3573036	6000000025652755362
Q357304	6000000010833798161
Q3573221	6000000075503873864
Q3573264	6000000220518341875
Q357333	6000000152495410885
Q3573348	6000000010303700116
Q357336	6000000045719557988
Q357353	6000000015241500627
Q357367	6000000028753683984
Q3573681	6000000177776269881
Q3573759	6000000024225351158
Q3573778	6000000146819459959
Q357386	6000000010473207223
Q3573871	6000000001787746543
Q3574022	6000000094468091857
Q3574155	6000000017715976488
Q3574233	6000000020278910935
Q357424	6000000012698734762
Q357432	6000000034929402325
Q357444	6000000012985938395
Q3574497	6000000110433378831
Q3574509	6000000177359524823
Q3574518	6000000047455885836
Q3574519	6000000003137750084
Q3574531	6000000007257929587
Q3574544	6000000013642070347
Q357458	6000000050088407047
Q357477	6000000003158894010
Q357480	6000000002306478909
Q357485	6000000020251014392
Q357495	6000000022655460214
Q357498	6000000018824869599
Q357499	6000000016396827212
Q357502	6000000028220668714
Q3575052	6000000012985489057
Q357506	6000000001868064023
Q357510	6000000011627172296
Q357511	6000000015272395587
Q357515	6000000013753686103
Q3575151	6000000002623463826
Q357524	6000000017270728096
Q357534	6000000014873442462
Q3575376	6000000036394883808
Q3575387	6000000075420670137
Q3575391	6000000075491253975
Q3575394	6000000075491536282
Q3575428	6000000075501940202
Q3575455	6000000074710958181
Q357548	5265948784030110933
Q3575555	6000000176741069826
Q3575559	6000000182553361836
Q3575582	6000000145053350988
Q357566	6000000162817209823
Q357607	6000000017338371528
Q357616	6000000065852718115
Q3576206	6000000015603939236
Q357646	6000000019570005562
Q357676	6000000015885300595
Q3577020	6000000018861867108
Q3577033	6000000002764531363
Q3577073	6000000043305740889
Q3577121	6000000075887619396
Q357713	6000000012898268368
Q357718	6000000016290977037
Q357721	6000000019507071438
Q357725	6000000013675410571
Q357728	6000000014962294811
Q357762	323937539930006391
Q357786	3947955306820038529
Q357792	6000000013207466588
Q357796	6000000181919854822
Q357798	6000000009200401977
Q357811	6000000023840687534
Q357821	6000000075503823021
Q357832	6000000038247007916
Q35784116	6000000153536887901
Q357846	6000000018661519142
Q35787873	6000000017167806846
Q357889	6000000001882192117
Q35789249	5548805165820063785
Q357900	6000000068878971036
Q357918	6000000040847914943
Q3579185	6000000173189952722
Q357923	6000000043792464572
Q35792532	6000000001268059012
Q357929	6000000001994489210
Q357932	6000000147473521836
Q357936	6000000006908755686
Q357947	6000000063341418895
Q357952	6000000017855161622
Q357958	6000000012437331577
Q357961	6000000000897658311
Q357966	6000000017925214349
Q3579693	5309998987340125215
Q3579697	6000000019204387166
Q3579728	6000000017566596301
Q3579730	6000000024448920449
Q357974	6000000003638124998
Q3579741	6000000022628944567
Q3579808	6000000047206522895
Q3579818	6000000166436366821
Q3579841	6000000002765877516
Q3579847	6000000181839695843
Q3579897	6000000000452329666
Q3579905	6000000021212998634
Q3579907	6000000063834224988
Q3579921	6000000035425197537
Q3579952	6000000164281714932
Q3579971	6000000166881979834
Q3579977	6000000071014609045
Q3579983	6000000178284946823
Q3580017	6000000034963912321
Q3580020	6000000002532981190
Q3580054	6000000017992314536
Q3580080	3303742
Q35802	6000000010643019194
Q358065	6000000043073233532
Q358079	6000000000539008291
Q358087	6000000051808587887
Q358140	6000000080336147147
Q358144	6000000015775653507
Q358158	6000000042828695224
Q358213	6000000020253755947
Q358226	6000000030988496711
Q35823087	6000000006777865566
Q358244	6000000024495501178
Q358257	6000000011346275231
Q358271	6000000013043320301
Q358277	6000000018809832367
Q358282	6000000073720025945
Q35828994	6000000024375225272
Q35829013	6000000020945396721
Q35829027	6000000012645970800
Q35829052	6000000021560557646
Q35829065	6000000021563003885
Q358291	6000000005221798155
Q358296	6000000173825544076
Q358303	6000000027127195450
Q358306	6000000031055123312
Q35831403	5615239470770110160
Q358317	6000000021697073038
Q358322	6000000021159836432
Q358342	6000000041764633315
Q358345	6000000036646277954
Q358360	6000000027841147446
Q358365	6000000000628817210
Q358379	6000000029303286407
Q358387	6000000049744916956
Q358391	6000000003275238738
Q358399	6000000007098854223
Q358403	6000000052867792995
Q358427	6000000019939821858
Q358439	6000000019584110661
Q358443	6000000015050901729
Q358455	6000000013463979139
Q358464	6000000019879648435
Q358467	6000000022893699104
Q358471	6000000002867326955
Q358505	6000000038572188576
Q358517	6000000013393240177
Q358519	6000000042977051799
Q358529	6000000084964066033
Q35853094	6000000131443973984
Q358534	6000000001873040672
Q358556	6000000012517152353
Q358561	4762380489010120328
Q35856543	6000000009977074458
Q358579	6000000132961056821
Q358587	6000000009879133659
Q358592	6000000011135949132
Q358602	6000000038659485297
Q358623	6000000015832045977
Q3586232	6000000022183926143
Q358641	6000000014294440496
Q358647	6000000012363587688
Q358655	6000000035248596066
Q358665	6000000018242031319
Q358726	6000000154611374848
Q358754	6000000027805258841
Q3587716	4122191272680030420
Q3587720	6000000009196553742
Q3587721	6000000110528298977
Q3587746	6000000175187570826
Q3587760	6000000003171891550
Q3587778	6000000181108738848
Q3587779	6000000084761042913
Q3587837	6000000024851032615
Q3587849	6000000026300133887
Q3587862	6000000044339363849
Q3587887	6000000008134089470
Q3587932	6000000017048027270
Q3587934	6000000014089233972
Q3588123	6000000114011844945
Q3588295	6000000012419159505
Q3588301	6000000066457105300
Q3588307	6000000153225791828
Q3588315	6000000164682202885
Q358835	6000000002803018423
Q358838	6000000019893913505
Q3588389	6000000002435304942
Q3588395	6000000013401566524
Q3588410	6000000045885468184
Q3588414	6000000111589265868
Q3588450	6000000028518195129
Q3588472	6000000063132105866
Q3588520	6000000132581057850
Q358855	6000000022483973951
Q3588556	6000000031677140443
Q3588588	6000000022863108613
Q3588619	6000000006434948230
Q3588628	6000000110531588090
Q3588654	6000000002765771919
Q3588662	6000000007123094476
Q3588692	6000000058532447017
Q3588695	6000000067753993848
Q3588701	6000000173983889832
Q3588705	6000000012895322457
Q35887263	6000000098252004061
Q3588728	6000000012321241122
Q358875	6000000002188429692
Q3588759	6000000002361933386
Q3588807	5578171556700039431
Q3588822	6000000022734609647
Q3588827	6000000015119863986
Q3588837	6000000003496172598
Q358885	4893802019830133908
Q3588851	6000000177235009869
Q3588873	6000000031861306928
Q3588888	6000000155001892821
Q3588946	6000000031681521158
Q358904	6000000019224266192
Q358909	6000000003526661808
Q358912	6000000016811492778
Q358916	6000000026217307086
Q358945	6000000016198850033
Q358970	6000000145853348822
Q35900	6000000015297447236
Q359047	6000000011404520725
Q359059	6000000050281843073
Q359076	6000000125399650055
Q3591008	6000000004162114458
Q3591107	6000000003227706021
Q3591176	6000000006606326152
Q35912	6000000001520054905
Q3591419	6000000046841689061
Q359143	6000000006444557522
Q359181	6000000033377482644
Q35919079	6000000013489234724
Q3592014	6000000006431691173
Q3592019	6000000019704974145
Q3592020	6000000015719632111
Q3592054	6000000017922840295
Q359210	6000000017460560240
Q3592125	6000000081038544399
Q3592162	6000000049220696831
Q3592167	6000000022542896992
Q3592173	6000000080853464941
Q3592185	6000000028431943879
Q3592209	6000000022524383140
Q3592222	6000000015672949372
Q3592241	6000000076160025918
Q3592265	6000000110435936051
Q3592315	6000000029012294864
Q3592354	6000000021224812559
Q3592359	6000000003686794306
Q3592361	6000000021611106784
Q3592379	6000000005863809535
Q3592379	6000000200899401911
Q3592389	6000000019975930209
Q3592391	6000000016971734207
Q3592397	6000000177956749002
Q3592404	6000000034452650092
Q3592417	6000000062266854255
Q3592421	6000000000986527126
Q3592422	6000000088895635925
Q3592428	6000000017027341347
Q359248	6000000064765127823
Q359251	6000000014095685139
Q359265	6000000016189450493
Q3592790	6000000058734057855
Q3592904	6000000097116687414
Q359294	6000000026119079838
Q3593286	6000000012076226206
Q359329	6000000022491972417
Q359331	6000000015701021435
Q359347	6000000011198806955
Q359350	6000000008248982220
Q359362	6000000006321468740
Q359366	6000000016405530049
Q3593685	6000000112275699821
Q35937	6000000049097702042
Q3593746	6000000000971292406
Q359381	6000000078622397526
Q359397	6000000007954777920
Q3593982	6000000015747144271
Q3594005	6000000005963065854
Q359416	6000000011242853856
Q359424	6000000141014897110
Q3594261	6000000015332457381
Q359427	6000000009689721382
Q359430	6000000004593117090
Q359433	6000000011470940469
Q359435	6000000003412785195
Q359442	6000000027755676109
Q359444	6000000019145859838
Q359446	6000000028876413674
Q359450	6000000015036582376
Q359451	6000000017434762401
Q359455	6000000008935979439
Q359460	6000000010722669061
Q3594634	6000000002500145152
Q359470	6000000019333258800
Q359488	6000000076999668822
Q35948926	6000000008712230433
Q359500	6000000016767541528
Q359506	6000000069437118860
Q359524	6000000019907586130
Q359526	6000000015159388976
Q359528	6000000019908729888
Q359530	6000000019908064636
Q359532	6000000019902553999
Q359534	6000000001985900874
Q359536	6000000011061338554
Q359548	6000000151329602830
Q359552	6000000025260449576
Q3595559	4027583285030023598
Q359560	6000000016451289520
Q3595627	6000000022836168536
Q359563	6000000031691589292
Q359568	6000000030534605221
Q359579	6000000071666984048
Q3595861	6000000026577920746
Q359592	6000000011148913928
Q359604	6000000115554792823
Q3596052	6000000018328500673
Q3596070	6000000041367902144
Q3596077	6000000004654992620
Q359608	6000000125401230964
Q359632	6000000002979740903
Q359653	6000000007362253781
Q359665	6000000157612343866
Q359694	6000000002331864164
Q359699	4347288285150065302
Q359705	4604956438720057614
Q359717	6000000013417715293
Q359754	6000000013722292095
Q359797	6000000002906076691
Q359839	6000000021398957276
Q35984459	6000000001020027650
Q35985334	6000000013485472019
Q35985462	6000000096209850235
Q35985484	2712802
Q35985779	6000000024946837751
Q35985918	6000000016333918663
Q35985989	6000000018528838734
Q35986069	6000000077251655565
Q359880	6000000032347207111
Q359888	6000000019566293327
Q359901	6000000000548504042
Q359908	6000000050609816284
Q359922	6000000008963591124
Q359936	6000000015191747306
Q359969	6000000049702264856
Q35997340	6000000038968970084
Q359996	6000000034940073984
Q35999863	6000000003615832465
Q360028	6000000032831859912
Q3600282	6000000011151068859
Q36002835	6000000002890288091
Q360038	6000000084983371982
Q36006891	6000000037464612039
Q360079	6000000007391047604
Q360098	6000000010888270283
Q3601035	6000000042924037296
Q3601055	6000000000307276295
Q360106	3607576
Q360113	6000000012867518379
Q36011947	6000000103946902105
Q360127	5303705743030124483
Q3601307	6000000000760714050
Q3601370	6000000006743365015
Q36014	6000000184994085862
Q360145	6000000028556263340
Q360155	6000000003615845842
Q360164	6000000029784783707
Q360190	6000000176812507842
Q36021724	6000000086261999882
Q36023	6000000002530536418
Q360236	6000000003606279471
Q3602415	6000000181019242836
Q360274	6000000002864922657
Q360292	6000000106778333854
Q3603087	4562237854970129518
Q3603113	6000000146293999935
Q360312	6000000018276390557
Q360313	4592515060570031334
Q360318	6000000084689723093
Q360323	6000000002187894993
Q3603368	6000000157608656846
Q3603411	6000000074745737821
Q360346	6000000008141633416
Q360359	6000000000893212296
Q360381	6000000019964782754
Q3603887	6000000019834449541
Q360391	6000000001435420075
Q360401	6000000012913875638
Q360401	6000000016395618959
Q360411	6000000052350441929
Q360426	6000000031687740927
Q3604335	6000000155816433866
Q3604338	6000000157841105825
Q3604339	6000000181565017825
Q3604352	6000000152607867950
Q3604360	6000000150670305976
Q3604363	6000000155905089824
Q3604364	6000000017299066682
Q3604378	6000000155808735858
Q3604384	6000000067170458821
Q3604389	6000000156500808848
Q3604391	6000000166399135848
Q3604392	6000000157742796835
Q3604393	6000000145076182844
Q3604408	6000000004282198435
Q3604410	6000000141001710938
Q3604415	6000000157688552833
Q3604419	6000000143232447258
Q3604432	6000000163413215888
Q3604433	6000000163242253853
Q360469	6000000002003087123
Q360485	6000000000875696325
Q3604911	6000000140759709988
Q3604938	6000000152191964859
Q3604946	6000000145238808861
Q3605139	6000000037739475060
Q360517	6000000101395518893
Q3605170	6000000140994168330
Q3605172	6000000140997597024
Q3605175	6000000145585923865
Q3605176	6000000157271624866
Q360518	6000000012699751569
Q360520	6000000131003575822
Q360524	6000000060240307971
Q3605257	6000000140997702908
Q360527	6000000028563527411
Q360531	6000000055099062929
Q3605412	6000000161450566834
Q3605415	6000000163616685852
Q3605418	6000000156189780877
Q3605435	6000000150151694090
Q3605441	6000000075907360910
Q3605458	5585835995890027555
Q3605459	6000000151127082832
Q3605461	6000000178256925927
Q3605479	6000000157389488822
Q3605507	6000000143248350827
Q3605663	6000000150667673033
Q3605664	6000000078895332232
Q3605665	6000000145256054074
Q3605681	6000000145230521967
Q3605684	6000000136899881822
Q3605693	6000000179878168838
Q360570	6000000000601328474
Q3605701	6000000145387814822
Q3605704	6000000145078845828
Q3605716	6000000151447928821
Q3605724	6000000156883694825
Q360574	6000000002464769098
Q3605740	4701655739890024071
Q3605755	6000000143173590938
Q3605768	6000000150976294851
Q3605773	6000000143820945155
Q360578	6000000066976155839
Q3605786	6000000156265280830
Q3606409	6000000156917218843
Q360649	6000000141005838112
Q3606511	6000000090831747921
Q3606564	6000000143252963985
Q360671	6000000145476581821
Q3606725	6000000166206702862
Q3606736	6000000156181463824
Q3606739	6000000181356232838
Q360674	6000000119292879873
Q3606743	6000000022265659503
Q3606750	6000000146223846983
Q3606778	6000000183998929866
Q3606781	6000000145331463033
Q360680	6000000012956112664
Q3606801	6000000151126442825
Q3606802	6000000183973819842
Q3606803	6000000183973582898
Q3606804	6000000031780295466
Q3606809	6000000150922004869
Q3606816	6000000064304121915
Q3606820	6000000086706505851
Q3606831	6000000121455489839
Q360709	6000000000062245094
Q3607216	6000000174900081606
Q360724	6000000037188948249
Q3607242	6000000019403310611
Q360743	4796089707810123887
Q3607496	6000000002563194092
Q360758	6000000210121894843
Q3607628	6000000141009571129
Q3607630	6000000142700352822
Q3607666	6000000124139229867
Q3607706	6000000181967083851
Q360771	6000000181907329848
Q360778	6000000018577527732
Q3607930	6000000150923943825
Q3607982	6000000015195100405
Q3608071	6000000195138149862
Q3608072	6000000036681769699
Q360808	6000000002849491903
Q3608080	6000000022451673987
Q3608081	6000000021851668584
Q3608090	6000000003714066764
Q3608096	6000000135711288918
Q3608099	6000000014073160472
Q3608109	6000000172479197239
Q3608114	6000000021578790661
Q3608128	6000000157315129859
Q3608134	6000000143253006992
Q3608142	6000000007281381259
Q3608144	6000000047338052177
Q3608145	6000000145616747824
Q360815	6000000013601130231
Q3608158	6000000013664272908
Q3608159	6000000145775416050
Q3608169	6000000144813071859
Q3608179	6000000007454657320
Q3608191	6000000001482597968
Q3608202	6000000093713324935
Q3608203	6000000145776551004
Q3608212	6000000090989251199
Q3608213	6000000090970884821
Q3608216	6000000178307463963
Q3608217	6000000142896834831
Q3608225	6000000156255256832
Q3608226	6000000143791998843
Q3608227	6000000008859047588
Q3608233	6000000152502440845
Q3608254	6000000150973448821
Q3608268	6000000143231427826
Q360827	6000000026219337000
Q3608279	6000000140878025821
Q360828	6000000030915549650
Q3608285	6000000144661522119
Q3608301	6000000138239408821
Q3608319	6000000178966633847
Q360832	6000000026136744746
Q3608339	6000000151480747847
Q3608367	6000000020036767796
Q3608375	6000000163460886914
Q3608381	6000000140485477842
Q3608393	6000000152596808823
Q3608423	6000000091189792864
Q3608424	6000000140762569846
Q3608425	6000000152605947386
Q360844	6000000009984494197
Q3608472	6000000137551930907
Q3608491	6000000182782962844
Q3608506	6000000163776805911
Q3608512	6000000150911312868
Q3608519	6000000069591847121
Q3608526	6000000145764662827
Q3608536	6000000145758165825
Q3608547	6000000178259859873
Q3608581	6000000151467993841
Q3608598	6000000136809262908
Q3608599	6000000180014810824
Q360860	6000000040151559007
Q3608623	6000000034581416115
Q360863	6000000026761197341
Q3608631	6000000166040784844
Q3608638	6000000068427523847
Q3608642	6000000003862426273
Q3608644	6000000002031010406
Q3608670	6000000019409771473
Q3608671	6000000003365770043
Q3608778	6000000140786034923
Q360879	6000000125425003978
Q3608949	6000000163845867956
Q3608957	6000000091188918901
Q3608984	6000000152597189832
Q3609047	6000000038111374418
Q3609053	6000000136809837821
Q3609054	6000000166393354944
Q3609057	6000000003122429890
Q3609078	6000000015195009291
Q3609095	6000000166395171822
Q3609102	6000000071424803321
Q3609103	4283183893930046329
Q3609106	6000000142950216822
Q3609108	6000000157681128894
Q3609123	6000000177618411928
Q3609127	6000000140235755951
Q3609132	6000000091255743261
Q3609134	6000000136912230890
Q3609136	6000000121152078844
Q3609138	6000000145414323822
Q3609140	6000000145529713962
Q3609143	6000000161453093828
Q3609147	6000000163750174149
Q3609162	6000000145957303224
Q3609165	6000000157300799844
Q3609170	6000000142901441864
Q3609217	6000000090943723455
Q3609226	6000000150920101935
Q3609234	6000000136529166057
Q3609239	6000000144469623825
Q3609243	6000000167124764835
Q3609254	6000000060110371896
Q3609255	6000000155267733824
Q3609264	6000000166880087653
Q3609265	6000000159447293824
Q3609268	6000000140768960151
Q3609297	6000000086679197867
Q3609303	6000000178601138824
Q3609312	6000000143201119839
Q3609327	6000000150921318850
Q3609358	6000000142721660821
Q3609399	6000000111763987913
Q3609402	6000000143184950048
Q3609498	6000000008488426117
Q3609526	6000000157508132835
Q3609538	6000000080429468921
Q3609559	6000000004543742979
Q3609664	6000000145875189903
Q3609801	6000000165981515299
Q3609805	6000000137802428955
Q3609812	6000000140765787834
Q3609818	6000000069641880898
Q3609834	6000000175384024935
Q3609846	6000000140775425824
Q3609862	6000000032061997022
Q3609870	6000000140729795450
Q3609871	6000000069423847840
Q3609880	6000000114602514921
Q3609889	6000000156267742822
Q3609898	6000000181628185874
Q3609900	6000000157267188826
Q3609913	6000000207870656842
Q3609915	6000000157611410897
Q3609919	6000000069458729865
Q3609920	6000000166445865876
Q3609928	6000000090960855874
Q3609940	6000000163438431943
Q3609942	6000000156665883828
Q3609944	6000000156407223844
Q3609947	6000000143203854834
Q3609963	6000000140713615834
Q3609964	6000000143121113024
Q3609972	6000000061752506020
Q3609973	6000000156208397952
Q3609988	6000000145001701202
Q3609997	6000000178298831846
Q3610002	6000000023042123908
Q3610031	6000000134679577076
Q3610044	6000000140763852827
Q3610048	6000000165984147566
Q3610059	6000000140447160833
Q3610083	6000000132499904886
Q3610086	6000000137003011942
Q3610090	6000000078231907822
Q3610091	6000000145054784825
Q3610106	6000000038166356671
Q3610125	6000000091500310873
Q3610126	6000000165983408182
Q3610137	6000000177969649827
Q3610138	6000000166057771049
Q3610157	6000000157673681853
Q3610197	6000000163449410868
Q3610206	6000000145005529823
Q3610213	6000000141042001845
Q3610235	6000000156175789840
Q361026	6000000003369583571
Q3610260	6000000181335548873
Q3610271	6000000141044508825
Q3610274	6000000011373007964
Q3610283	6000000068537171974
Q3610289	6000000181036918822
Q3610295	6000000156994956862
Q3610300	6000000145955183822
Q3610301	6000000077200528293
Q3610330	6000000166399876965
Q3610340	6000000076913877419
Q3610378	6000000166235962830
Q3610446	6000000142886262860
Q3610452	6000000083980901989
Q3610482	6000000047251214902
Q3610486	6000000151235508821
Q3610488	6000000016979704560
Q36105	6000000001911376306
Q3610501	6000000163220853846
Q3610528	6000000041771423864
Q3610576	6000000150921764901
Q3610626	6000000100150749432
Q36107	6000000012258655104
Q361072	6000000047848515872
Q3610747	6000000017469000358
Q3610758	6000000038663129616
Q3610762	6000000008630270014
Q3610786	6000000013091435511
Q3610793	6000000013394151601
Q3610798	6000000088473866548
Q3610803	6000000077487557517
Q3610811	6000000175159330936
Q361100	4983931847490020824
Q361106	6000000057197202999
Q3611065	6000000143648657072
Q3611086	6000000145543766096
Q3611111	6000000069457766132
Q3611115	6000000173566782978
Q3611120	6000000069631653078
Q3611121	6000000175958502904
Q3611124	6000000178131927846
Q3611155	6000000045422088880
Q3611165	6000000208471931824
Q361117	6000000007443912591
Q3611172	6000000177037754829
Q3611174	6000000012841241735
Q3611182	6000000145764153868
Q361119	6000000084803090409
Q3611191	6000000142942235821
Q3611193	6000000145345002851
Q3611204	6000000174051053059
Q3611210	6000000151350034997
Q361122	6000000002051974253
Q3611241	6000000069660751852
Q361125	6000000024224596289
Q3611258	6000000163239975919
Q3611279	6000000140729645002
Q361128	6000000001656941388
Q3611283	6000000010704749653
Q3611298	6000000007014361057
Q361131	6000000015159975251
Q3611323	6000000157503893839
Q3611325	6000000090959995967
Q3611336	6000000137618343984
Q3611344	6000000022511828451
Q3611362	6000000085245574038
Q3611363	6000000150856842040
Q3611367	6000000157509126835
Q3611371	6000000091180009991
Q3611377	6000000178961609865
Q3611378	6000000163824248920
Q3611381	6000000145954742938
Q3611385	6000000085306048903
Q3611388	6000000156939197827
Q361139	6000000015219229003
Q3611392	6000000098873195923
Q3611396	6000000091180973032
Q3611399	6000000163399932923
Q361140	6000000002652722273
Q3611410	6000000145334655841
Q361142	6000000001782302505
Q3611421	6000000145344566991
Q3611444	6000000182428119846
Q3611451	6000000178961113846
Q3611458	6000000136974034842
Q361146	6000000019909870527
Q3611478	6000000166764782825
Q3611483	6000000145249004909
Q3611485	6000000156865577853
Q361149	6000000035700163351
Q3611490	6000000069590142929
Q3611491	6000000166885345003
Q3611511	6000000142700958919
Q3611538	6000000024206291214
Q3611562	6000000006444764379
Q361158	6000000075500047635
Q3611669	6000000040580157861
Q3611679	6000000047816509157
Q3611682	6000000029139276524
Q3611697	6000000012977367890
Q3611715	6000000008508704002
Q3611717	6000000001744825617
Q3611792	6000000141116090166
Q3611813	6000000163824191207
Q361184	6000000001723257706
Q361191	6000000190385114855
Q361204	5016639768770048095
Q361208	6000000001115097002
Q3612094	6000000080677327843
Q3612104	6000000016420903283
Q3612108	6000000009773858841
Q3612117	6000000019172734735
Q3612125	6000000039399619188
Q3612129	6000000108613355825
Q361215	6000000073240837872
Q361224	6000000002813763940
Q361225	6000000019963949210
Q361230	6000000016443882979
Q361231	6000000007014458516
Q361235	6000000037433880060
Q361236	6000000019966390143
Q361238	6000000028102436395
Q361240	6000000003669350244
Q3612422	6000000179341800829
Q361245	6000000015231319977
Q3612474	6000000018157735169
Q3612484	4836113051610058710
Q361256	6000000055467682821
Q361257	6000000047679895842
Q361258	6000000161486259822
Q361261	6000000001568365817
Q361262	6000000164884505011
Q361265	6000000111125544823
Q361275	6000000010317903474
Q3612800	6000000157660192849
Q361286	4209710
Q3612873	6000000015210515202
Q3612917	6000000015390631860
Q361293	6000000003663454339
Q361297	6000000000782564064
Q3612974	6000000163835764954
Q3612980	6000000074774294966
Q361305	6000000113715685821
Q361315	376927207890012099
Q361323	6000000025500316153
Q361330	6000000182875673855
Q36133102	6000000011130831680
Q3613385	6000000035094969490
Q3613423	6000000182223024830
Q3613457	6000000140747445894
Q3613464	6000000084458454016
Q3613466	6000000147433067862
Q3613469	6000000147432177831
Q3613479	6000000163815964834
Q361351	6000000017159354304
Q3613545	3298032
Q3613553	6000000017818893756
Q361362	6000000085726163938
Q361366	6000000013382646578
Q361373	6000000015221192109
Q361376	6000000004096748832
Q3613812	6000000177969593833
Q3613827	6000000143186596002
Q3613845	6000000155514846964
Q3613849	6000000178573076930
Q361386	6000000024604351882
Q3613881	6000000069633115962
Q3613891	6000000143199095886
Q3613893	6000000137010604839
Q3613906	6000000059191909599
Q3613914	6000000159725435822
Q361407	6000000033521520183
Q3614134	6000000068368691930
Q3614139	6000000151402136927
Q3614146	6000000156214780851
Q3614310	6000000163316562875
Q3614313	6000000136581083831
Q3614337	6000000156642567867
Q3614385	6000000074280278881
Q3614388	6000000087434150953
Q361443	6000000035824565676
Q361450	6000000015037397473
Q36145386	6000000015040059630
Q361454	6000000181946686822
Q3614639	6000000157841304847
Q361467	6000000012912722263
Q3614738	6000000090134340209
Q361478	6000000011091512647
Q36150836	4592254239670065003
Q3615114	6000000042053983141
Q3615124	6000000002350281273
Q3615200	6000000145773861615
Q361523	6000000007680073997
Q36153	6000000007543975282
Q3615477	6000000150908623850
Q3615478	6000000141114349125
Q3615489	6000000145587122822
Q3615491	6000000156764996836
Q3615573	6000000156875987834
Q3615578	6000000181566886839
Q3615579	6000000122540363903
Q3615596	6000000178186121827
Q3615608	6000000157669179830
Q3615688	6000000082991527016
Q3615689	6000000150979577833
Q3615698	6000000137581611944
Q3615707	6000000157672736835
Q3615711	6000000166880846905
Q3615715	6000000178603119839
Q3615718	6000000134604729870
Q3615733	6000000163843143953
Q3615741	6000000142896353850
Q3615745	6000000017537183004
Q3615755	6000000145788842834
Q3615805	6000000173902671395
Q3615825	6000000007346011257
Q3615830	6000000135718076052
Q3615836	6000000177620206845
Q3615876	6000000178555885922
Q3615881	6000000114836284947
Q3615898	6000000156300412829
Q36159	6000000041222073183
Q3615924	6000000140308502904
Q361595	6000000025285725387
Q3615952	6000000143820667150
Q3615971	6000000146224905828
Q3615972	6000000079501292748
Q3615989	6000000150910213863
Q3615995	6000000068412532822
Q361603	6000000077631377217
Q3616031	6000000156296866854
Q3616072	6000000178261473823
Q3616090	6000000156407315878
Q361611	6000000000701216181
Q3616134	6000000023053515942
Q3616144	6000000072965205905
Q3616155	6000000167068384051
Q3616156	6000000062816435917
Q3616158	6000000014189640557
Q361616	6000000018123046156
Q361617	6000000008863809095
Q361622	6000000019452564210
Q361623	6000000047029978900
Q3616247	6000000011656706823
Q3616503	6000000076325378293
Q361653	6000000026462124670
Q36165690	6000000087391168042
Q3616589	6000000183610417825
Q361663	5230784660820070501
Q361670	6000000054917104892
Q3616751	6000000001321876355
Q3616762	6000000145408105830
Q3616790	6000000026405496710
Q3616792	6000000141036965681
Q3616822	6000000097805928821
Q361684	6000000000696177711
Q3616860	6000000173873712923
Q3616873	6000000184209824826
Q3616877	6000000156213094844
Q3616881	6000000156502445822
Q3616886	6000000140713373960
Q3616887	6000000156294211852
Q361689	6000000104580051843
Q3616899	6000000145422065869
Q3616913	6000000183960913830
Q3616914	6000000070850530293
Q3616914	6000000077027785949
Q3616915	6000000166007309893
Q3616926	6000000017103186077
Q3616928	6000000146225166828
Q3616935	6000000145230808832
Q3616939	6000000178324834851
Q361695	6000000030124684030
Q36169622	6000000016787239015
Q3616972	6000000156490758923
Q3616973	6000000014939191193
Q3616992	6000000163783103838
Q36170137	6000000006169472151
Q3617016	6000000166719103826
Q361703	6000000052825818875
Q3617031	6000000173902953930
Q3617032	6000000151273012822
Q3617055	6000000179077289826
Q361707	6000000180882501873
Q3617077	6000000012824214604
Q361708	6000000015181737930
Q3617080	6000000156506992867
Q3617096	6000000145426491823
Q3617107	6000000142890426027
Q3617111	6000000140884145825
Q3617117	6000000145065989834
Q3617119	6000000070719181884
Q3617120	6000000145769397913
Q3617124	6000000090974705824
Q3617129	6000000166210722895
Q3617141	6000000002818037987
Q3617152	6000000144815575834
Q3617162	6000000145228776832
Q3617163	6000000038038443917
Q3617171	6000000142946409822
Q3617175	6000000166564267825
Q3617176	6000000075196145822
Q3617191	6000000068412542839
Q3617192	6000000151349879838
Q3617211	6000000137842600822
Q3617214	6000000178185991927
Q3617217	6000000145394011825
Q3617237	6000000043480079005
Q3617238	6000000166732811821
Q3617252	6000000146266834822
Q3617258	6000000144447641849
Q3617269	6000000145766359864
Q3617277	6000000156416498834
Q36173305	6000000008962665459
Q3617358	6000000178601360843
Q3617360	6000000178918597821
Q3617361	6000000140494305837
Q3617367	6000000001482591122
Q361739	6000000011049570221
Q361739	6000000078577310957
Q36174	6000000000840743803
Q361740	6000000009474080113
Q361741	6000000172611171984
Q361744	6000000012273996660
Q361748	6000000003404851050
Q361749	6000000133495351900
Q3617595	6000000163798998853
Q3617596	6000000008278871547
Q3617629	6000000004018317377
Q3617632	6000000037199591194
Q3617650	323102508720001060
Q3617656	6000000002744543397
Q3617661	4181086260680010857
Q3617663	6000000150845695903
Q3617666	6000000163358566868
Q3617669	6000000000304885149
Q3617678	6000000135718446822
Q3617680	6000000163192501866
Q3617690	6000000036473387898
Q3617704	6000000143371693889
Q3617724	6000000037754755861
Q3617739	6000000155869708840
Q3617742	6000000166437004444
Q3617765	6000000009342051006
Q3617770	6000000008353862820
Q3617771	6000000069452169908
Q3617774	6000000140183784769
Q3617776	6000000002188450243
Q3617778	6000000163611675846
Q361778	6000000128094733922
Q3617782	6000000015926261290
Q3617816	6000000156940351855
Q3617824	6000000137582913049
Q3617842	6000000010220532397
Q3617854	6000000020135662251
Q3617859	6000000007281551386
Q3617884	6000000148989167089
Q3617909	6000000151349920972
Q3617911	6000000081269450826
Q3617914	6000000151236782822
Q3617938	6000000008630249867
Q3617939	6000000044191344941
Q3617943	6000000042191492864
Q3617951	6000000190365771862
Q361802	6000000020071341017
Q3618048	6000000173873672331
Q3618049	6000000033247235912
Q3618052	6000000151253022830
Q3618066	6000000080003737044
Q3618074	6000000143191372827
Q3618080	6000000156344036856
Q361827	6000000052157318836
Q3618317	6000000151449389895
Q3618325	6000000146224225875
Q361833	6000000047810914833
Q3618335	6000000025259218952
Q36184	6000000010663773201
Q3618543	6000000011308151916
Q3618550	6000000151912212840
Q361859	6000000069519626848
Q361870	6000000083324087834
Q3618878	6000000143556484852
Q3618902	5286444113180039679
Q36189144	6000000003805818067
Q3618935	6000000136910242831
Q3618958	6000000134564873866
Q3618960	6000000182720947856
Q3618999	6000000048635007159
Q361900	6000000013501678210
Q3619003	6000000090991947832
Q3619014	6000000080993347175
Q3619015	6000000143372722890
Q3619018	6000000156834323850
Q3619021	6000000069479354486
Q3619030	6000000163771825823
Q3619035	6000000143249360988
Q361904	6000000072330003998
Q3619040	6000000155582385822
Q3619057	6000000080516532858
Q3619062	6000000041890135918
Q3619070	6000000140770867998
Q3619074	6000000068369476031
Q3619077	6000000089854182023
Q3619091	6000000134063896956
Q3619094	6000000151390533860
Q3619102	6000000151007956821
Q3619103	6000000150922101927
Q3619112	6000000182432393822
Q3619123	6000000143317427867
Q3619131	6000000156801263822
Q3619134	6000000069487355662
Q3619160	6000000173871175874
Q3619181	6000000166664429900
Q3619189	6000000143186579828
Q3619210	6000000020167457472
Q3619214	6000000157314958874
Q3619218	6000000178913451844
Q3619236	6000000157935827895
Q3619251	6000000140713142837
Q3619252	6000000007404509842
Q3619256	6000000140728015856
Q361927	6000000031213113838
Q3619277	6000000038100291945
Q3619281	6000000012931146372
Q3619285	6000000145356860825
Q3619297	6000000151003475822
Q3619321	6000000181335130952
Q3619346	6000000163786861877
Q3619369	6000000141108731965
Q3619370	6000000157064961825
Q3619372	6000000144453156834
Q361938	6000000176571697826
Q3619389	6000000177970204822
Q3619394	6000000173807765321
Q3619410	6000000151253110824
Q3619417	6000000156292826851
Q3619424	6000000043073183025
Q3619425	6000000143253398033
Q3619437	6000000140302571132
Q3619440	6000000147444906948
Q3619457	6000000166027441864
Q3619492	6000000011913243059
Q3619502	6000000174434343925
Q3619507	6000000145350460957
Q3619515	6000000084909036925
Q3619532	6000000091182503843
Q3619542	6000000177970140935
Q3619545	6000000063936330394
Q3619548	6000000010678537816
Q3619551	6000000166039738866
Q3619556	6000000146047798877
Q3619593	6000000163772662822
Q3619626	6000000143184630928
Q3619630	6000000143316702127
Q3619643	6000000155892072849
Q3619649	6000000156965888824
Q3619666	6000000166686471822
Q3619673	6000000087253014843
Q3619678	6000000155878121826
Q3619683	6000000157500529833
Q3619696	6000000025001802678
Q3619700	6000000156482851836
Q3619732	6000000182428896833
Q361974	6000000113550026826
Q361976	6000000010183572676
Q3619776	6000000037919790077
Q3619779	6000000142205394833
Q3619783	6000000085502027906
Q3619794	6000000178962130898
Q3619815	6000000142716317825
Q3619831	6000000005024233115
Q3619833	6000000142675038822
Q3619883	6000000166384703179
Q3619885	6000000109053479878
Q361989	6000000140766795867
Q3619894	6000000157078065834
Q3619927	6000000135722852937
Q3619929	6000000141040672869
Q3619933	4782827258570081305
Q3619940	6000000142724520837
Q3619952	6000000155865694863
Q3619954	6000000151462191849
Q3619957	6000000042118129530
Q361996	6000000021864397434
Q3619967	6000000156922098836
Q3619974	6000000156926623823
Q3619981	6000000143827284935
Q3619991	6000000151331614829
Q3620012	6000000163840266992
Q3620014	6000000156862811823
Q3620017	6000000153591252882
Q3620028	6000000157498903842
Q362003	6000000140729809054
Q3620034	6000000163586267838
Q3620047	6000000038030265620
Q3620050	6000000178672044855
Q3620057	6000000087249040145
Q36200614	6000000008201706324
Q3620065	6000000155820445825
Q3620079	6000000155579216822
Q3620117	6000000140735683927
Q3620122	6000000141070171880
Q3620124	6000000142663830003
Q3620143	6000000177602481889
Q3620146	6000000123504898932
Q3620150	6000000091266919950
Q3620151	6000000002588356095
Q3620154	6000000166008139013
Q3620195	6000000145519136031
Q3620201	6000000143234805002
Q3620203	6000000145552734913
Q3620210	6000000070763053080
Q3620218	6000000145766792822
Q3620226	6000000146208608860
Q3620236	6000000140728651453
Q3620243	6000000151486422824
Q3620245	6000000061173632066
Q3620251	6000000145874015911
Q3620253	6000000034720211162
Q3620259	6000000173874228833
Q3620260	6000000105680643833
Q3620289	6000000027068909665
Q3620290	6000000178741475857
Q3620317	6000000077927080834
Q3620319	6000000070857454997
Q3620321	6000000178184558827
Q3620326	6000000182696530839
Q3620330	6000000161391402829
Q3620334	6000000163750626852
Q3620341	6000000140811338821
Q3620411	6000000012860493296
Q3620422	6000000036690773377
Q3620479	6000000164026840882
Q3620491	6000000179694598821
Q3620733	6000000005286263021
Q362075	6000000021915986793
Q362081	4854830166900066250
Q362101	6000000021919289153
Q362106	6000000060827399821
Q362110	6000000029002773931
Q362118	6000000011003978452
Q362133	6000000034026959130
Q362138	6000000002510008367
Q3621417	6000000141010751947
Q36215	6000000151328385034
Q362166	6000000115285203129
Q3621734	6000000008881168092
Q362185	6000000021915955300
Q362186	6000000008404413342
Q362190	6000000011627099302
Q362214	6000000177907173841
Q362227	6000000003149897197
Q36223048	6000000016826193160
Q362238	6000000013804990082
Q36226	6000000167256258907
Q3622601	6000000020588734715
Q362264	6000000013631194280
Q3622666	6000000178741811890
Q3622673	6000000182427818856
Q3622674	6000000133117936897
Q3622686	6000000001091867793
Q3622739	6000000068317723001
Q36227938	6000000112063364850
Q3622841	6000000164080395916
Q3622881	6000000145240774832
Q3622890	6000000156919767834
Q3622893	6000000166030784822
Q3622896	6000000155830582871
Q3622901	6000000141082704894
Q3622902	6000000148984360830
Q3622909	6000000146224305947
Q3622911	6000000146289003893
Q3622921	6000000137992205859
Q3622922	6000000152610018000
Q3622935	6000000151388299892
Q3622936	6000000145956482322
Q3622946	6000000145344401056
Q3622957	6000000137992198823
Q3622974	6000000150862324976
Q3622981	6000000145018535912
Q3622990	6000000182426108894
Q3623003	6000000157261450919
Q362304	6000000077470237868
Q362319	6000000001216991941
Q36233	6000000041368150952
Q362332	6000000018273030165
Q3623371	6000000048527321076
Q36234	6000000007279420595
Q362340	6000000063402078823
Q3623472	6000000145252592889
Q362349	6000000094490143838
Q3623501	6000000163751568044
Q3623502	6000000155807818956
Q3623503	6000000071023736852
Q3623504	6000000156494487823
Q3623505	6000000090980425898
Q3623508	6000000151123762832
Q3623533	6000000156498267822
Q3623537	6000000145397388883
Q3623562	6000000006327229028
Q3623570	6000000025456225654
Q3623572	6000000010292811238
Q3623574	6000000106193600842
Q3623655	6000000032063384826
Q3623689	6000000166078562821
Q362371	6000000065489940132
Q3623758	6000000137587189831
Q3623763	6000000172482937004
Q3623795	6000000178261176885
Q3623796	6000000142950771833
Q362385	6000000172989842105
Q3623964	6000000134162477822
Q362397	6000000031641695432
Q362402	6000000006936996398
Q362406	6000000001287601168
Q362407	6000000008332717038
Q362410	4179730283110040203
Q3624190	6000000177620736859
Q362422	6000000029330891049
Q3624271	6000000004079799678
Q3624276	6000000000303460847
Q362435	6000000009431823235
Q362442	6000000015711625403
Q362446	6000000008765418484
Q3624503	6000000157685781844
Q3624510	6000000150956654822
Q3624511	6000000018011997383
Q3624514	6000000017954978395
Q3624518	6000000090961027853
Q3624521	6000000208579038842
Q3624526	6000000157650567822
Q3624527	6000000145586430046
Q3624535	6000000166437208940
Q362454	6000000022903005320
Q3624548	6000000090833326948
Q3624554	6000000145758977891
Q3624556	6000000145780582830
Q3624562	6000000156336246828
Q3624570	6000000084834088904
Q3624579	6000000152504518902
Q3624584	6000000141112887843
Q3624602	6000000178300129880
Q3624605	6000000038310479088
Q3624609	6000000145526431449
Q362462	6000000004995629055
Q3624713	6000000041075260938
Q3624770	6000000026825015818
Q3624782	6000000134600547866
Q3624791	6000000083819917007
Q362480	6000000034607250546
Q362485	6000000008403251632
Q3624953	6000000015087894299
Q362500	6000000009925208777
Q362505	6000000022891224671
Q362516	6000000007750852553
Q362550	6000000013239625987
Q3625582	6000000020720563940
Q362564	6000000036854253230
Q3625687	6000000018113135309
Q362616	6000000076057699909
Q362618	6000000005394508003
Q362651	6000000000492772968
Q362665	6000000080004573949
Q36268	6000000008562521420
Q362690	6000000019845623281
Q3626966	6000000026467663942
Q362709	6000000029791846490
Q362721	6000000182588983822
Q362723	6000000022891334578
Q362725	6000000020025367099
Q362729	6000000022892049253
Q362749	6000000007740154669
Q362759	6000000180409605828
Q362760	6000000003150067952
Q362762	6000000024849471603
Q3627959	6000000178965506833
Q362796	6000000055157615825
Q362806	6000000133844511821
Q3628086	6000000140699662952
Q362824	6000000037892216946
Q362835	6000000022889941743
Q362840	6000000015232544671
Q362853	6000000031914123576
Q362885	6000000079048900337
Q36290	3930111310110051609
Q362900	6000000145380647822
Q362912	6000000021191103553
Q362919	6000000037571001982
Q3629225	6000000176791802840
Q3629229	6000000146048471876
Q362923	6000000145379722978
Q3629240	6000000136535840913
Q3629252	6000000163561811864
Q3629268	6000000069697559895
Q3629270	6000000178598483822
Q3629271	6000000145059647844
Q36292718	6000000137337212912
Q3629273	6000000145622980827
Q3629274	6000000151246710836
Q3629276	6000000151391159940
Q3629278	6000000101664081937
Q3629302	6000000069382937879
Q3629306	6000000077279487787
Q3629427	6000000002188470683
Q362954	6000000015250980482
Q3629542	6000000161946217836
Q3629550	6000000009397756570
Q3629555	6000000002188470182
Q3629569	6000000035088249272
Q3629577	6000000145346881946
Q3629578	6000000077448739755
Q3629588	6000000156409594872
Q3629589	6000000163617946822
Q3629596	6000000175383724189
Q3629598	6000000151123229103
Q3629599	6000000001482606692
Q3629600	6000000085246219897
Q3629603	6000000141010856065
Q3629605	6000000156878522090
Q3629611	6000000156647217822
Q3629618	6000000014939087290
Q362963	6000000017796364451
Q3629631	6000000163286736834
Q3629638	6000000143190530848
Q3629643	6000000179877437867
Q3629647	6000000144463798822
Q3629658	6000000145522788940
Q3629675	6000000091184366821
Q3629677	6000000150668802204
Q3629684	6000000057093142845
Q3629697	6000000140735552902
Q3629702	6000000156872598885
Q3629705	6000000145229776852
Q3629706	6000000141105798822
Q3629714	6000000145439466865
Q3629787	6000000163418795860
Q3629789	6000000105679454919
Q362979	6000000163633433821
Q3629815	6000000167112044852
Q3629821	6000000069457983922
Q3629822	6000000136541003853
Q3629826	6000000145519087936
Q3629828	6000000156266538824
Q362983	6000000079500803116
Q3629877	6000000016617857077
Q3629960	6000000120307482871
Q3629977	6000000009562767738
Q363005	6000000092132604872
Q36301	6000000046149086926
Q363018	6000000151467171866
Q363042	6000000020870428625
Q363054	6000000037949836058
Q363055	6000000001902687512
Q363079	6000000020097221158
Q3630933	6000000009602576325
Q3631058	6000000087129513858
Q363106	6000000036751568041
Q3631325	6000000181907032825
Q363134	6000000040026440144
Q3631393	6000000177265773822
Q363148	6000000184215575922
Q363150	6000000038164079056
Q3631600	6000000021014681993
Q363167	6000000131989337383
Q363176	6000000184301622821
Q363197	6000000045383277821
Q3631988	6000000036320759894
Q363204	6000000054624119881
Q36322	6000000001319623144
Q363235	6000000025635942961
Q3632356	6000000029796693416
Q363236	6000000038346621850
Q3632375	6000000008882764299
Q363241	6000000076563064854
Q363246	6000000004557832483
Q3632503	6000000145762528959
Q363254	6000000021800263580
Q363276	6000000015397324344
Q36330	6000000017042043084
Q363305	6000000026887179867
Q363308	6000000032697291001
Q3633193	6000000014657090417
Q3633224	6000000151474186909
Q363323	6000000076697740877
Q3633258	6000000090957335901
Q3633262	6000000116955826844
Q3633280	6000000140684859851
Q3633332	6000000177839458829
Q3633365	6000000010496279057
Q363371	6000000051192105971
Q363377	6000000136771017994
Q363379	6000000010705269289
Q363383	6000000021237180318
Q363386	6000000048773939854
Q363401	6000000080061939952
Q363406	6000000021043172484
Q36340607	6000000083004615845
Q363417	6000000034121947748
Q363421	6000000032585078215
Q363440	6000000083162597403
Q3634585	6000000015896655435
Q3634593	6000000013956287452
Q3634637	6000000164712729031
Q3634650	6000000141115260922
Q3634654	6000000178439209882
Q3634655	6000000151116008257
Q3634667	6000000068370373854
Q3634668	6000000009959867239
Q36346772	6000000029857791344
Q3634690	6000000002662308799
Q3634934	6000000009404334396
Q363498	6000000136809182946
Q363503	6000000026044234036
Q3635047	6000000069593682396
Q363505	6000000071674917844
Q363506	6000000037380310016
Q3635063	6000000059482359000
Q3635072	6000000128706131005
Q363513	6000000002236005169
Q363521	6000000080003225491
Q363525	6000000010706347644
Q3635307	6000000184323894832
Q3635330	6000000178000871865
Q3635332	6000000156833017838
Q3635336	6000000163395122822
Q3635349	6000000084674204928
Q3635354	6000000156763776910
Q3635367	6000000156205244921
Q3635373	6000000142896390822
Q3635399	6000000164973191822
Q3635456	6000000145351676893
Q3635479	6000000008126080128
Q3635516	6000000003716137034
Q363554	6000000182637241844
Q363555	6000000017177620464
Q3635620	6000000051757161233
Q363573	6000000022352930011
Q363577	6000000026712945106
Q363580	6000000008615283167
Q3635802	6000000122540134821
Q3635816	6000000149942746067
Q363586	6000000000462121045
Q363621	6000000082740972863
Q363627	6000000009887649389
Q363634	6000000049966160852
Q363636	6000000019726735143
Q363644	6000000034978592119
Q363653	6000000129084342853
Q363666	6000000165154602237
Q363671	6000000033865365779
Q363673	6000000018210646209
Q3636776	6000000178408482829
Q363682	6000000028500313670
Q363684	6000000007649784179
Q363698	6000000003646688305
Q36370279	6000000050171915834
Q3637063	6000000002898082048
Q363708	6000000010103812913
Q363717	6000000011024178560
Q3637231	6000000140447140828
Q3637234	6000000030067077125
Q3637239	6000000013244436369
Q3637241	6000000117626040201
Q3637263	6000000163422921073
Q3637270	5300242309130118458
Q3637276	6000000026183320506
Q363729	6000000002951264856
Q363740	6000000008762352607
Q363749	6000000005782198514
Q3637494	6000000177194393887
Q363786	6000000015355352185
Q3637881	6000000024265867086
Q3638022	6000000068419798821
Q3638039	6000000156666715897
Q3638045	6000000166444325370
Q3638064	6000000137325173860
Q3638068	6000000018614325296
Q3638082	6000000032272558920
Q3638083	6000000187950744821
Q363809	6000000014589256342
Q363817	6000000045830821161
Q3638189	6000000158081326826
Q3638194	6000000178185388823
Q3638198	6000000155788820867
Q363823	6000000042474341942
Q3638248	6000000069866349032
Q3638260	6000000017328371096
Q3638271	6000000127149150856
Q3638288	6000000014795895357
Q3638292	6000000001828629159
Q3638319	6000000178025623824
Q3638354	6000000107932595859
Q3638355	6000000151263947822
Q3638359	6000000156871231839
Q3638361	6000000151391187829
Q3638402	6000000000214404035
Q3638428	6000000184323762822
Q363843	6000000003827330158
Q363845	6000000108498056839
Q363846	6000000031812034004
Q3638461	6000000151448730845
Q3638470	6000000090851944957
Q3638472	6000000142888847826
Q363848	6000000007605667123
Q363853	6000000015460669259
Q363856	6000000039180338491
Q3638589	6000000002512272005
Q3638666	6000000032145080261
Q3638671	6000000011574899531
Q3638692	6000000166216792843
Q3638705	6000000081244116934
Q3638713	6000000080990936098
Q3638716	6000000157122232824
Q3638720	6000000086899721921
Q3638722	6000000173730523414
Q3638724	6000000141038507957
Q3638729	6000000039700205634
Q3638730	6000000174431867266
Q3638736	6000000003255252041
Q3638738	6000000143326931085
Q3638757	6000000068414480872
Q3638760	6000000135112260865
Q3638769	6000000069428505214
Q3638792	6000000016745443107
Q3638798	6000000196089075822
Q3638808	6000000157705324873
Q3638809	6000000111141399890
Q3638813	6000000089742283842
Q363887	4325560563820055146
Q3638908	6000000033813037743
Q363895	6000000026174050265
Q3638982	6000000030640289145
Q3638991	6000000021329085787
Q363901	6000000171845332586
Q3639315	6000000150861887852
Q3639322	6000000178274404827
Q3639324	6000000153589843883
Q3639339	6000000183275389894
Q3639340	6000000156472697914
Q3639345	6000000150907988929
Q3639347	6000000156472663885
Q3639348	6000000144728032986
Q3639379	6000000041220836543
Q3639388	6000000136870207005
Q3639393	6000000145784804892
Q3639399	6000000163418697118
Q363942	5017317025070121614
Q363949	6000000004966477165
Q3639498	6000000015210239630
Q363965	6000000042025851876
Q363968	6000000007396293213
Q3639717	6000000163561408913
Q3639719	6000000142720512824
Q363972	6000000021051533776
Q3639720	6000000068450868876
Q363974	6000000015420509318
Q363984	6000000006051453003
Q363989	6000000076460227886
Q3639894	6000000136971235191
Q363992	6000000007451710381
Q363999	6000000000586508173
Q3640035	6000000002030865677
Q3640119	6000000071437526470
Q364023	6000000001142574046
Q364027	6000000009687234320
Q364030	6000000021065079899
Q3640310	6000000054821713903
Q364035	6000000009956941696
Q364045	6000000020838450385
Q364053	6000000021056327784
Q364060	6000000018221406227
Q3640608	6000000022578029445
Q364070	6000000007230968636
Q364083	6000000030087904977
Q364085	6000000181334680859
Q3640850	6000000002898158918
Q364087	6000000018924124472
Q364099	6000000008778292497
Q364114	6000000004159700126
Q364118	6000000010753453894
Q364121	6000000017927391166
Q364129	6000000113221908162
Q364131	6000000029576206985
Q3641319	5166378857420067417
Q364135	6000000010562573345
Q3641416	6000000175931100885
Q364153	6000000017239833388
Q364178	6000000002251890354
Q364179	6000000020545178734
Q364184	6000000060272068333
Q364187	6000000011295763856
Q3642013	6000000002188005833
Q3642041	6000000137333585125
Q3642045	6000000157497488827
Q3642046	6000000156219363869
Q3642050	6000000157022269944
Q3642131	6000000038166302536
Q364219	6000000016713884216
Q364220	6000000015546487047
Q364226	6000000149875789835
Q364232	6000000020209088528
Q36423395	6000000006265026240
Q364239	6000000012900916183
Q364247	6000000176250802924
Q364248	6000000034168427499
Q364252	5063027524150060945
Q3642606	6000000040580455872
Q364264	6000000012678004433
Q364267	6000000000114748603
Q364270	6000000006429643351
Q3642847	6000000207536729927
Q3642855	6000000001744265100
Q3642919	6000000040101087940
Q364301	6000000047591397878
Q3643403	6000000011974082898
Q3643409	6000000004079698860
Q364342	6000000012078038447
Q364346	6000000084652093933
Q364350	6000000011382828201
Q3643531	6000000055891242973
Q3643604	6000000003858563213
Q3643617	6000000175295640851
Q364374	6000000022729245663
Q3643756	6000000002898226354
Q364376	6000000040280070307
Q3643898	6000000011831302160
Q364398	6000000000128077263
Q364403	6000000024949072920
Q3644042	6000000016347345835
Q364405	6000000016117280901
Q364421	6000000025001846960
Q364440	6000000006584964536
Q3644441	6000000060795544833
Q3644457	6000000088057355822
Q364448	6000000026148516944
Q364451	6000000085011907243
Q364456	6000000095155068822
Q3644584	6000000008915365155
Q3644601	6000000052658292837
Q364463	6000000156764387825
Q364470	6000000083818063839
Q364475	6000000003084949287
Q364490	6000000037909886943
Q36450	4215208366090031541
Q364500	6000000055829115922
Q364505	6000000006720480565
Q364534	6000000131796990915
Q364538	6000000017468717578
Q364544	6000000017438729414
Q3645458	6000000023823298847
Q364551	6000000175911091017
Q364556	6000000056418416091
Q3645591	6000000145764459867
Q3645595	6000000156417690822
Q3645651	6000000152496930824
Q3645656	6000000151117944865
Q3645658	6000000141084210837
Q3645659	6000000140237623841
Q3645662	6000000182768047032
Q3645665	6000000143244163917
Q3645670	6000000141025472010
Q3645683	5113804623390129212
Q3645689	6000000182768962826
Q3645692	6000000163365278822
Q3645697	6000000145761446831
Q3645706	6000000145231488850
Q364571	6000000094301177849
Q3645727	6000000043929692397
Q3645756	6000000178556317920
Q3645758	6000000143791446841
Q3645769	6000000143570011956
Q364577	377707159770002142
Q3645781	6000000142986511837
Q3645811	6000000163747260368
Q3645822	6000000124436961871
Q364591	6000000002765016602
Q3645910	6000000166927940871
Q3645911	6000000041133697438
Q3645931	6000000137625724856
Q3645933	6000000145365867825
Q3645934	6000000140887709822
Q3645954	6000000183277854897
Q3645960	6000000145955900861
Q364605	6000000018373143409
Q36460721	6000000077821934994
Q3646094	6000000143244284898
Q364619	6000000100441801926
Q3646297	6000000003638181945
Q3646340	6000000044191095482
Q3646440	6000000044361389835
Q3646443	6000000085824659177
Q3646454	6000000086585369918
Q3646458	6000000012097598878
Q3646458	6000000080758371836
Q3646469	6000000190456601936
Q3646471	6000000087424545985
Q3646475	6000000002564069158
Q3646489	6000000024316820098
Q364650	6000000030553707332
Q3646507	6000000003771284032
Q3646540	6000000148756204865
Q3646546	6000000009375592233
Q3646564	6000000003621284465
Q364658	6000000036951149138
Q3646600	6000000174710949607
Q3646655	6000000016021071688
Q364667	6000000115982334878
Q364672	6000000053621801544
Q364673	6000000017378721912
Q364676	6000000002188453905
Q3646763	6000000002367834005
Q3646778	6000000014947221797
Q3646778	6000000086117715283
Q3646796	6000000017614855117
Q3646809	6000000106619175942
Q364681	6000000123547905823
Q3646827	6000000016749826489
Q3646859	6000000002028369454
Q3646875	6000000016750259119
Q3646885	6000000006801369363
Q364689	6000000016259508508
Q3646906	6000000022921722954
Q3646915	6000000012314586766
Q3646915	6000000083821662848
Q364695	6000000024157401232
Q364696	6000000091147147324
Q3646997	6000000014072659544
Q3647004	6000000121885866136
Q3647004	6000000130745197823
Q3647012	6000000174721751827
Q3647036	6000000009466028917
Q364706	6000000029619053185
Q364714	6000000077953768080
Q364717	6000000023879671111
Q3647198	6000000001399808064
Q364720	6000000003200413759
Q3647224	6000000087932011831
Q364724	6000000088343002986
Q364725	6000000026831604157
Q364728	6000000058918898758
Q3647292	6000000006705636886
Q364730	6000000020415272614
Q364737	6000000076317266091
Q3647410	6000000003783696247
Q3647417	6000000003711971080
Q364748	6000000024156255106
Q364755	6000000007899777948
Q364766	6000000030363553858
Q364769	6000000002799090689
Q36476968	6000000077822410853
Q364771	6000000002631253717
Q364774	6000000056020971960
Q364775	6000000053628646931
Q364779	6000000022855877635
Q364789	6000000087064580822
Q364793	6000000020933273793
Q3647966	2664373
Q364798	6000000008190118905
Q364799	6000000094075464438
Q364808	6000000012094668871
Q364822	6000000007016604129
Q364835	6000000054470569031
Q364838	6000000006727832297
Q36483959	6000000018842559349
Q364849	6000000067092735916
Q364850	6000000096201371388
Q364851	6000000126990968821
Q3648515	6000000007722999250
Q364854	6000000011272444770
Q364875	6000000106592365062
Q364879	6000000047940776189
Q36488	6000000013102369178
Q364880	6000000023498690466
Q364892	6000000036912288904
Q364899	6000000047169318821
Q364902	6000000051073225975
Q364912	6000000040727848205
Q364913	6000000002802124806
Q364917	6000000078003751009
Q364926	6000000002230098166
Q3649302	6000000090566603845
Q3649395	6000000015563876021
Q364945	6000000022857988343
Q364956	6000000019051185342
Q364964	6000000020369487745
Q364969	6000000080810524936
Q3649865	6000000135115176827
Q364990	6000000016070658708
Q364994	362281918030007990
Q364997	6000000041167651229
Q364999	6000000156410937054
Q365000	6000000141005261835
Q365010	6000000022863125830
Q36501171	6000000012459897600
Q365015	6000000016421009482
Q365023	6000000003242292077
Q365032	6000000012654063480
Q365037	6000000022864085136
Q365042	6000000010067654193
Q36504927	6000000025285776021
Q365060	6000000135707632837
Q365068	6000000006979667887
Q3650699	6000000070483730823
Q365071	6000000135720892330
Q365080	6000000002487269196
Q3650816	6000000020360055329
Q365085	6000000010981215917
Q3650878	6000000013175436211
Q365090	6000000024295115185
Q3651019	6000000018435682180
Q3651051	6000000068136744944
Q365124	6000000016596968059
Q365131	6000000043800174048
Q365139	6000000017044957522
Q3651406	6000000071871459103
Q365141	6000000014517524052
Q365144	6000000032584717018
Q3651442	6000000016346763382
Q3651445	6000000090982217822
Q3651456	6000000143124487846
Q3651460	6000000181564558914
Q3651466	6000000151405969054
Q3651469	6000000150918454859
Q3651473	6000000140291302015
Q3651477	6000000058357968928
Q3651481	6000000141041615963
Q3651482	6000000143244291937
Q3651503	6000000134600812476
Q3651506	6000000141038954194
Q3651507	6000000145240585824
Q3651518	6000000145762844950
Q3651522	6000000016420510775
Q3651524	6000000016615490475
Q3651541	6000000134595893878
Q3651545	6000000145351931886
Q3651547	5120994036780021393
Q3651558	6000000134226589821
Q3651560	6000000140468957843
Q3651565	6000000144811005822
Q3651576	6000000042364452004
Q3651580	6000000151406202822
Q365162	6000000027951505930
Q365166	6000000145252291842
Q36517	6000000006086120867
Q3651747	6000000029142699349
Q365181	6000000002275429134
Q3651819	6000000059271184667
Q36518494	6000000182076190095
Q3651939	6000000083825378874
Q365203	6000000074735481169
Q365206	6000000002667485535
Q365213	6000000142192176851
Q365218	6000000009745946916
Q36522509	6000000039058260990
Q365238	6000000022057906394
Q365246	6000000006778720054
Q3652520	6000000151985314823
Q365262	6000000020828456921
Q365271	6000000080454904321
Q365285	6000000037592842235
Q365299	6000000174046624922
Q365309	6000000006573683166
Q365312	6000000016494609556
Q365319	6000000022871579286
Q365320	6000000082656607038
Q365325	6000000011001088727
Q36532540	6000000002323991538
Q365333	6000000021476058922
Q365339	6000000022869960795
Q365347	6000000022865117234
Q365352	6000000000490728693
Q365359	6000000015108357544
Q365366	6000000022875412902
Q365379	6000000191093426834
Q365383	6000000022875403409
Q365388	6000000008529209690
Q36538969	6000000031333766352
Q365392	6000000040679376379
Q365395	6000000024118666810
Q365397	6000000006869597145
Q365406	6000000006099776422
Q365407	6000000020772405032
Q36541019	6000000185086097823
Q365419	6000000027538150608
Q365420	6000000029080718400
Q365422	6000000024599376566
Q365423	377884548040007609
Q365431	6000000000490786623
Q365448	6000000040416920328
Q365449	6000000022875509458
Q365456	6000000020893874035
Q365462	6000000002765262563
Q365466	6000000015937781424
Q3654714	6000000119342340825
Q365474	6000000179872208858
Q365481	6000000074779835031
Q365486	6000000017401730326
Q365489	6000000008010831078
Q365495	6000000024150724156
Q365496	4498294249440121635
Q365498	6000000014693317166
Q365504	6000000009253395682
Q365506	6000000020933473467
Q36551008	6000000077597346165
Q365513	6000000176048412835
Q3655210	6000000141073806688
Q3655212	6000000023151793958
Q3655213	6000000167119041828
Q365522	5288951712940075281
Q36552495	6000000209606599841
Q3655327	6000000014942602706
Q3655395	6000000029446277999
Q365544	4447365864160077861
Q3655491	6000000024092696923
Q365550	6000000000310553910
Q365551	6000000017709351813
Q36555596	6000000070687054380
Q365557	6000000016402811670
Q3655574	6000000171948439844
Q365558	6000000019842653093
Q365560	6000000036848816911
Q3655637	6000000017856380446
Q365567	6000000045859566904
Q365569	6000000027018637814
Q365574	6000000025991402515
Q365581	6000000083014789503
Q3655818	6000000057357257859
Q36558330	6000000061564152837
Q365586	6000000015230344570
Q3655868	6000000018515112076
Q3655882	6000000015153308413
Q3655882	6000000038237271214
Q365591	6000000027559219965
Q3655929	6000000000103397438
Q365593	6000000004400065566
Q3655973	6000000010562921563
Q3655975	6000000103883633189
Q3655979	6000000008558624541
Q365600	6000000092343007994
Q3656000	6000000008902189744
Q3656077	6000000016271220774
Q3656087	6000000013888254705
Q3656095	6000000145332186849
Q3656203	6000000021674722226
Q3656215	6000000005020929880
Q365633	6000000020667630052
Q3656336	6000000025001797666
Q3656365	6000000013349891934
Q365644	6000000039998275546
Q365646	6000000022865110921
Q365650	6000000012609547342
Q365653	6000000003200078943
Q3656558	6000000001009600119
Q365658	6000000020828420024
Q365664	6000000029880288085
Q3656783	6000000001242923548
Q365679	6000000012982037625
Q3656817	6000000017618964749
Q365682	6000000018664084131
Q365683	6000000199042317830
Q3656845	6000000010540931263
Q3657052	6000000007340100260
Q365714	6000000016498244433
Q3657294	6000000042209667194
Q3657460	6000000182009958829
Q3657479	6000000008865522097
Q3657584	6000000116758910836
Q365766	6000000103266655909
Q365789	6000000004079710677
Q365803	6000000020934184674
Q365808	6000000004047287984
Q365810	6000000000338859120
Q3658122	6000000090952665821
Q365820	6000000059491237946
Q365824	6000000035091196980
Q365827	6000000020930164425
Q365831	6000000041344296140
Q36584090	6000000095350649104
Q365844	350426173040001141
Q36584632	6000000205688660855
Q365858	6000000005440726358
Q3658613	6000000185001578826
Q365866	6000000034301696316
Q365869	6000000022781376986
Q3658762	6000000007509400870
Q3658835	6000000104584054836
Q365884	6000000013334680279
Q3658850	6000000079105723004
Q3658857	6000000079501381123
Q3658860	6000000163841293828
Q3658924	6000000038111647771
Q3658933	6000000137625565842
Q3658944	6000000017683299272
Q3658945	6000000009136386009
Q3658949	6000000083817225338
Q3658952	6000000156876226832
Q3658976	6000000182781113896
Q3658993	6000000013045666538
Q3659002	6000000143188905833
Q3659008	6000000057300452093
Q3659017	6000000166028427823
Q3659019	6000000073212239187
Q365902	6000000015282809300
Q3659028	6000000178259296830
Q3659048	6000000150922469908
Q3659051	6000000178001731847
Q3659054	6000000145759607869
Q3659065	6000000145370057825
Q3659067	6000000136966201848
Q3659068	6000000166013141919
Q3659069	6000000143806445177
Q3659070	6000000163419164022
Q3659078	6000000166075342822
Q365909	6000000000273074735
Q3659092	6000000141059918153
Q3659094	6000000137610231869
Q36591	6000000016364086369
Q3659104	6000000156676339830
Q3659132	6000000142802566821
Q3659134	6000000142896863024
Q3659135	6000000152496861862
Q3659146	6000000150680101822
Q365915	6000000015424261684
Q3659154	6000000141086871338
Q3659156	6000000166558588952
Q3659170	6000000150856205113
Q3659175	6000000151344701859
Q3659176	6000000011230716537
Q3659177	6000000166546714366
Q3659206	6000000156811296836
Q3659209	6000000085838951899
Q3659210	6000000185323134823
Q3659213	6000000143113313892
Q3659216	6000000166445796833
Q3659218	6000000141017514822
Q3659223	6000000175666583823
Q3659225	6000000152498762822
Q3659227	6000000141058775326
Q365923	6000000030611265853
Q3659243	6000000180094987918
Q3659262	6000000177394808838
Q3659265	6000000000304879140
Q3659266	6000000182736377890
Q3659269	6000000025307858690
Q3659278	6000000163751005824
Q3659283	6000000140236077839
Q3659287	6000000136341544847
Q3659289	6000000151350467916
Q3659301	6000000155816861828
Q3659302	6000000178132595870
Q3659311	6000000142668770850
Q3659313	6000000145973753897
Q3659319	6000000157069678833
Q3659343	6000000166271600822
Q3659346	6000000166239875885
Q3659348	6000000166387131124
Q365935	6000000083164862360
Q3659359	6000000152191501845
Q3659362	6000000150919664959
Q3659364	6000000151463909849
Q3659367	6000000163617302918
Q3659368	6000000107932203826
Q3659372	6000000151130826215
Q3659377	6000000151263993822
Q3659380	6000000145355407966
Q3659382	6000000142776798827
Q3659388	6000000134680769916
Q3659391	6000000145972087846
Q3659445	6000000163423033094
Q3659454	6000000015771103861
Q3659497	6000000145003238956
Q3659499	6000000028918428692
Q3659504	6000000145329446328
Q3659508	6000000145758925899
Q3659525	6000000142893728821
Q3659534	6000000021304011781
Q3659539	6000000178577294921
Q3659549	6000000174433893006
Q3659550	6000000166905970866
Q3659557	6000000114110265928
Q3659576	6000000017374244273
Q365958	6000000145225127958
Q365959	6000000180041455830
Q3659612	6000000163418020868
Q3659621	6000000090964170098
Q3659626	6000000137116473887
Q3659642	6000000178555475837
Q3659643	6000000151462505975
Q3659646	6000000179877008854
Q3659657	6000000001162361299
Q3659658	6000000069592719056
Q3659659	6000000066838359074
Q3659660	6000000157000212833
Q3659687	6000000081799913893
Q3659697	6000000163582829405
Q3659698	6000000141078607903
Q3659714	6000000002764690998
Q3659720	6000000163629810845
Q3659730	6000000042375450719
Q3659739	6000000090852623952
Q3659740	6000000173904976974
Q3659743	6000000137608107902
Q3659758	6000000141005376958
Q3659760	6000000183567181822
Q3659788	6000000141000950901
Q3659795	6000000111763784039
Q3659798	6000000142920925955
Q365981	6000000076102271083
Q365982	6000000016534660267
Q3659824	6000000163603509874
Q3659826	6000000053413155928
Q3659829	6000000140765452012
Q3659848	6000000145957109848
Q3659855	6000000141071442961
Q3659857	6000000157512290827
Q3659860	6000000152608513925
Q3659863	6000000145003298857
Q3659866	6000000150920879917
Q3659870	6000000134063905123
Q3659871	6000000134061407517
Q3659877	6000000142885919927
Q3659882	6000000150666490979
Q3659895	6000000136524852917
Q3659899	6000000002188436115
Q3659902	6000000144746027241
Q3659905	6000000078558170029
Q3659906	6000000156200801919
Q3659915	6000000145344668833
Q3659937	6000000140759762854
Q365997	6000000033223198075
Q3659976	6000000145958408903
Q3659979	6000000015165985709
Q3659992	6000000053744353965
Q3659993	6000000014159287850
Q3660056	6000000029676495060
Q3660057	6000000013051420141
Q3660058	6000000002188386573
Q366008	6000000004068566326
Q3660105	6000000006962915102
Q3660148	6000000151378974907
Q3660163	6000000013377904498
Q3660164	6000000013041117183
Q3660168	6000000141114061390
Q3660192	6000000141006964139
Q3660194	6000000178637416840
Q366022	6000000184222899827
Q3660222	6000000166561659890
Q3660240	6000000184324133831
Q3660262	6000000145759942948
Q3660265	6000000178211174898
Q3660269	6000000182247849856
Q366029	6000000024917749903
Q3660293	6000000155531564858
Q3660348	6000000156295258937
Q3660378	6000000145229838966
Q3660384	6000000026681013658
Q366040	6000000012257554864
Q366044	6000000009465644077
Q366046	6000000014195404066
Q3660510	6000000042362116888
Q3660514	4471319990080069406
Q3660521	6000000105203584821
Q3660556	6000000044649416890
Q3660563	6000000145059126855
Q3660565	6000000002188402393
Q3660569	6000000145520824007
Q3660610	6000000082629377822
Q366062	6000000076110588024
Q366070	6000000030686043233
Q3660808	6000000011558107669
Q366086	6000000008284602116
Q366091	6000000031184822183
Q366102	6000000007167954829
Q366104	6000000145239628880
Q366106	6000000027722846076
Q3661072	6000000015291678824
Q366113	6000000010111324564
Q3661160	6000000007454774738
Q3661169	6000000005748539519
Q366130	6000000003010669556
Q366131	6000000020113621771
Q366136	6000000021065266410
Q366141	6000000031296691251
Q366147	6000000143110023828
Q366166	6000000104663568861
Q3661776	6000000137016827971
Q3661780	6000000178025365843
Q3661782	6000000001047911002
Q3661786	6000000151006573822
Q366195	6000000039113797057
Q366201	6000000071485794071
Q366207	6000000083866525822
Q366209	6000000175780116036
Q366212	6000000002869877214
Q366213	6000000007763244811
Q366217	6000000024772723249
Q36622201	6000000025578145827
Q36623663	6000000015774763544
Q366252	6000000062906259830
Q366255	6000000024986314004
Q3662599	6000000089572671915
Q366266	6000000036690662109
Q3662899	6000000030696990131
Q3662916	6000000182505794842
Q366292	6000000177040000868
Q3662950	6000000079992381831
Q366296	6000000015053842606
Q3663034	6000000013089602356
Q366306	6000000011771578380
Q366311	6000000013210915950
Q366315	6000000001499026937
Q3663160	6000000019794820298
Q366322	6000000051621243075
Q3663242	6000000140774137832
Q366325	6000000015138245796
Q366331	6000000013164705579
Q3663325	6000000077248899746
Q366343	6000000035560562361
Q366346	6000000002544464288
Q3663488	6000000085502305837
Q3663506	6000000166882682926
Q3663508	6000000092564613907
Q3663509	6000000151946385821
Q3663513	6000000012831696402
Q3663523	6000000015210480121
Q3663524	6000000140735737984
Q3663539	6000000020817186088
Q366355	6000000015791045912
Q366358	6000000117427052943
Q3663593	6000000110415845821
Q366363	6000000015877971475
Q366365	6000000043198713827
Q36637810	6000000039305697866
Q366388	6000000026189763488
Q366399	6000000010073677752
Q3664070	6000000135706924997
Q3664091	6000000004956016067
Q3664094	6000000017701458446
Q3664098	6000000083819439929
Q3664101	6000000137336328167
Q3664112	6000000006706121939
Q3664113	6000000006999428239
Q3664119	6000000069637148035
Q3664224	6000000145776228950
Q3664226	6000000178328744874
Q3664244	6000000000516469167
Q3664249	6000000157655411862
Q3664258	6000000023237242104
Q36644155	306513079700007145
Q366456	6000000002318350124
Q366469	6000000004662744862
Q366474	6000000022780327449
Q366478	6000000022782416946
Q366480	6000000022781509278
Q366486	6000000095745054096
Q366489	6000000015371948004
Q366509	6000000018100810880
Q3665321	6000000178463954837
Q3665323	6000000157130623821
Q3665330	6000000157571548886
Q3665335	6000000163420229162
Q3665350	6000000172481106838
Q366536	6000000027821471689
Q3665361	6000000145528458827
Q3665378	6000000155834221842
Q3665380	6000000145231116885
Q3665384	6000000185664847860
Q3665386	6000000077118310332
Q3665402	6000000091188773903
Q3665409	6000000145871433247
Q3665417	6000000136578997843
Q3665420	6000000001483034024
Q3665429	6000000091260657830
Q366543	6000000042597002968
Q3665434	6000000150974568824
Q3665436	6000000137804341861
Q3665441	6000000156626827898
Q36654410	326499559420005799
Q3665446	6000000166468844829
Q3665453	6000000111430570863
Q3665459	6000000156882051851
Q366546	6000000026105308102
Q3665465	6000000104640838921
Q366547	6000000011941507650
Q3665488	6000000144741685983
Q366549	6000000022797236111
Q3665491	6000000068440983031
Q3665495	6000000141113272220
Q3665501	6000000076945447095
Q3665504	6000000157513521822
Q3665511	6000000015438309982
Q3665519	6000000178556620823
Q3665523	6000000090965568870
Q3665529	6000000150993441825
Q366553	6000000034564349826
Q3665531	6000000165983851874
Q3665532	6000000156488424875
Q3665545	6000000157321800851
Q3665548	6000000140913566821
Q366555	6000000022792036097
Q3665551	6000000156760763042
Q3665564	6000000136897276850
Q3665570	6000000161391715822
Q3665575	6000000163215661844
Q3665584	6000000145002016131
Q3665586	6000000178556681850
Q366563	6000000008913994210
Q366575	6000000058000617001
Q366584	6000000018691714414
Q3666053	6000000036032834971
Q36661	6000000001073458644
Q366617	6000000011424190954
Q366624	6000000180869434835
Q3666240	6000000008383597806
Q366629	6000000008994172224
Q3666329	6000000012839043906
Q366633	6000000007739297740
Q3666340	6000000002188470763
Q3666359	6000000006602619877
Q3666382	6000000006444755160
Q3666387	6000000001608836301
Q366639	6000000011003164492
Q3666394	6000000012965469838
Q3666417	6000000013139133798
Q3666426	6000000078070860532
Q366643	6000000040800721539
Q36664447	6000000012021327278
Q3666446	6000000005680085436
Q366646	6000000007425076878
Q366652	6000000003827359091
Q366657	6000000070057956823
Q3666612	6000000145526786840
Q3666624	6000000014533630616
Q3666711	6000000008154791008
Q3666720	6000000000119925504
Q3666742	6000000027521980473
Q3666746	5326648104210121832
Q366685	6000000177244198889
Q36669086	6000000175133813212
Q366692	6000000177161998827
Q366695	6000000008828142022
Q3666973	6000000143393310825
Q3666977	6000000068364999864
Q366711	6000000071232032905
Q366715	6000000002587467171
Q366719	6000000034979951855
Q366724	6000000187344831821
Q366725	6000000018320235265
Q366727	6000000151119014822
Q366731	6000000012924183374
Q3667461	6000000145551191905
Q366747	6000000053794369982
Q3667497	6000000137036314090
Q3667511	6000000157260891822
Q3667531	6000000143122353824
Q366765	6000000006452433357
Q366770	6000000025515561737
Q3667791	6000000140693864825
Q366790	6000000108359216965
Q366801	6000000006257513775
Q366805	6000000000628848513
Q366814	6000000024307456872
Q366817	6000000075053424936
Q366828	6000000016300708933
Q366833	6000000043301551314
Q366834	6000000033210660539
Q366838	6000000056341967939
Q366845	6000000014606795515
Q366865	6000000082011077118
Q366869	6000000139367660074
Q36688227	6000000007933182228
Q366883	5254370003310029400
Q366900	6000000027080907328
Q36690330	6000000022862226707
Q366910	6000000034248931641
Q36692297	6000000062888775821
Q366956	6000000012955114868
Q366989	6000000022834019142
Q367002	6000000001419616004
Q367010	6000000004389585513
Q36702045	6000000012833603535
Q36703312	6000000054011423898
Q36704964	6000000026352437879
Q36705094	6000000015714140738
Q367053	6000000006268028161
Q367056	6000000011820927433
Q367073	6000000029662340488
Q36708071	6000000086031886970
Q367083	6000000006514394001
Q367084	6000000143206162013
Q36708431	6000000093297089094
Q367109	6000000002689163106
Q367129	6000000003398869909
Q367132	6000000029299854049
Q367155	6000000109488534935
Q367165	6000000035966219189
Q367172	6000000147248928836
Q367196	6000000043164182174
Q367197	6000000033032288696
Q3672163	6000000013373559062
Q367222	6000000179197563876
Q3672324	6000000173619333263
Q367234	6000000033799253825
Q367248	6000000015684048222
Q3672509	6000000003121123121
Q3672516	6000000017137384016
Q3672637	310538605760007066
Q367265	6000000067255515908
Q3672653	6000000008110312423
Q36727605	6000000017816409485
Q367277	6000000140178224854
Q36731	6000000000307264143
Q367360	6000000053196367821
Q367383	6000000004039860269
Q367396	6000000182199123836
Q36740	6000000015560704905
Q36742	6000000020173672931
Q367447	6000000087353463415
Q367456	6000000015090072347
Q367478	6000000020530254776
Q3675014	6000000166395874963
Q367508	6000000073411968869
Q367512	6000000022835057844
Q3675462	6000000021148142987
Q3675525	6000000018527100727
Q367557	6000000018496085902
Q367566	6000000036595843223
Q3675745	6000000010161204730
Q367575	6000000015373324728
Q367589	6000000015256556915
Q3675975	6000000004868058090
Q3675978	6000000007539340527
Q3676033	6000000130566179885
Q3676040	6000000016942769181
Q3676062	6000000009674534596
Q367612	6000000046663673885
Q367614	6000000029532870692
Q367617	6000000092714518236
Q367620	6000000089922426822
Q367635	6000000009574588040
Q367636	6000000013648849275
Q3676378	6000000002590251739
Q367649	6000000065341258864
Q3676532	6000000150978258881
Q36767	6000000007966488778
Q367709	6000000016418231339
Q367713	6000000163756800946
Q367717	6000000013111506482
Q3677243	6000000140468148821
Q3677256	6000000142901258837
Q3677257	6000000140774942830
Q3677261	6000000140745769263
Q3677355	6000000178557156824
Q3677368	6000000180607678823
Q3677447	6000000150676191932
Q367750	6000000035654875822
Q367760	6000000072377078356
Q3677641	6000000010789493030
Q367770	6000000010772434335
Q367779	6000000151349615956
Q367784	6000000006348494752
Q367807	6000000013648711558
Q3678126	6000000068979440888
Q3678133	6000000015970350517
Q367824	6000000013648778267
Q367830	6000000190470942821
Q367841	6000000014039621295
Q367854	6000000036227746083
Q36789	6000000021635116041
Q367890	6000000015194218714
Q3678958	6000000006127657023
Q3679093	6000000025019669955
Q3679105	6000000039585287958
Q3679108	6000000013365886401
Q367922	6000000015053024375
Q367927	6000000013427704506
Q367970	6000000013945768898
Q367971	6000000093541301822
Q3679786	6000000005331024001
Q367986	6000000016380558923
Q3679866	6000000118604781044
Q3679893	6000000140832043823
Q367995	6000000148391370821
Q3679973	6000000182771691965
Q3679976	6000000166038838851
Q3679978	6000000140994334053
Q3679980	6000000182429640822
Q367999	6000000000975391584
Q368	6000000010495443643
Q3680018	6000000141074566948
Q3680054	6000000177997118846
Q368007	6000000006668166198
Q3680098	6000000145367125836
Q36801	6000000027510662086
Q3680103	6000000134364514835
Q3680154	6000000139993755981
Q3680177	6000000142898624850
Q3680181	6000000158077146822
Q3680223	6000000166880245017
Q3680226	6000000087463714142
Q3680247	6000000018399702568
Q3680249	6000000029853227517
Q3680252	6000000163461055944
Q3680254	6000000156482317833
Q368030	6000000000455218423
Q368039	6000000026326062161
Q3680401	6000000175382766242
Q3680403	6000000011327781706
Q3680435	6000000098548157903
Q3680438	6000000101123471895
Q3680440	6000000044217868262
Q3680443	6000000140235131857
Q3680444	6000000145845485937
Q3680451	6000000125049476973
Q3680455	6000000156501920837
Q3680459	6000000143552301945
Q3680468	6000000091262581987
Q3680472	6000000166455258841
Q3680481	6000000065750545862
Q3680486	6000000141083973038
Q368050	6000000001355550061
Q3680509	6000000064799760008
Q3680517	6000000166874836934
Q368053	6000000020312021368
Q368062	6000000022795267668
Q3680690	6000000019878443946
Q368072	6000000051488738005
Q3680782	6000000143233512845
Q3680829	6000000166196224059
Q36808525	6000000018953364975
Q368090	6000000176802800873
Q368091	6000000042329812991
Q36812	6000000003075211030
Q368139	6000000049565384210
Q368154	6000000009670631041
Q368162	6000000196186366823
Q368184	6000000045724411968
Q368201	6000000145062589923
Q368206	6000000088490508021
Q368229	6000000021022570866
Q36825114	6000000147109475092
Q368254	6000000134608519822
Q3682598	6000000072435078148
Q368277	6000000056337293965
Q3682836	6000000075900893238
Q368293	6000000111124964866
Q368299	6000000018214596193
Q368317	6000000012075474726
Q368368	6000000007434568716
Q368377	6000000002408353032
Q368387	6000000015361761395
Q368414	3119263
Q368424	6000000134537990120
Q368438	6000000032806855124
Q36844	6000000008053140918
Q368455	6000000039031798320
Q368462	6000000036139174621
Q368463	6000000009832928075
Q368476	6000000069583612876
Q368484	6000000081016136234
Q368519	6000000088314622840
Q368525	6000000006503882001
Q368527	6000000140849833847
Q368529	6000000019193823637
Q368536	6000000038872971038
Q368539	6000000108098228898
Q368568	6000000175575419840
Q368583	6000000014532167890
Q3686189	6000000166038240957
Q3686190	6000000141077819895
Q3686191	6000000145612898823
Q3686199	6000000140900721840
Q36862294	6000000004016679135
Q368627	6000000137221224824
Q368652	6000000015062383328
Q368656	6000000029611357315
Q368666	6000000015423770592
Q368667	6000000001482578579
Q36868291	6000000003338728176
Q368698	3964291527680078699
Q368700	6000000079397805932
Q3687018	6000000001608914037
Q368705	6000000063039729878
Q3687162	6000000005004550869
Q3687164	6000000061182793833
Q368717	6000000007725306487
Q368720	6000000021478465984
Q368739	6000000015018780331
Q3687591	6000000005598962831
Q368783	6000000041827433990
Q36881	6000000009593134620
Q368821	6000000053965275851
Q368827	6000000163574690947
Q36883493	6000000106752813874
Q368868	6000000072434171122
Q36887911	6000000019171720980
Q36890439	6000000079363612063
Q368920	6000000034472945841
Q368932	6000000015155189219
Q369002	6000000033617046937
Q369022	6000000043096740442
Q369023	6000000021059933842
Q369039	6000000004592936031
Q369044	6000000005848992001
Q369047	6000000034568202821
Q369078	6000000183966741838
Q369084	6000000016333704396
Q369109	6000000078390836372
Q369143	6000000012388993777
Q369155	6000000030651875438
Q369174	6000000006166459179
Q369175	6000000018056927902
Q369190	6000000027876795389
Q369210	6000000016108111698
Q3692378	6000000015582237379
Q3692388	6000000002152674339
Q3692419	6000000003691758762
Q369254	6000000006442592411
Q3692614	6000000015387228582
Q3692614	6000000039706936444
Q369263	6000000001178891355
Q3692668	6000000013932055044
Q3692668	6000000209563692830
Q369270	6000000077866753194
Q369297	6000000081263061857
Q369313	6000000033336093645
Q369314	6000000063113189125
Q3693283	6000000020310224796
Q36935530	6000000152771341833
Q3693583	6000000041552810214
Q3693587	6000000069650144841
Q3693593	6000000167798605098
Q369360	6000000015588808361
Q369368	6000000015062837676
Q3693683	6000000142695165825
Q36941218	6000000047898263026
Q369416	6000000010090158319
Q3694182	6000000182772984834
Q3694191	6000000152195642824
Q3694195	6000000163463834875
Q3694218	6000000178600164824
Q369422	6000000013248185936
Q3694220	6000000115660931160
Q369424	6000000108569031866
Q3694240	6000000145066086830
Q3694283	6000000030614810175
Q3694290	6000000068375242849
Q3694305	6000000134604844131
Q3694322	6000000069595970833
Q3694336	6000000017178768813
Q369437	6000000023111326689
Q369451	6000000026352293982
Q369485	6000000018688864883
Q36949	6000000010581911628
Q36951	6000000019625097041
Q3695106	6000000152503215822
Q3695108	6000000142742122826
Q3695134	6000000145766534911
Q369516	6000000001504201144
Q3695171	6000000151354398865
Q369525	6000000020902945241
Q3695274	6000000048202538174
Q369532	6000000067257150837
Q369533	6000000091259965033
Q3695385	6000000157573387827
Q3695387	6000000166396817929
Q3695457	6000000144747205923
Q3695458	6000000166395526862
Q3695463	6000000142775652833
Q3695473	6000000163760172834
Q3695534	6000000141069831123
Q3695539	6000000150823842881
Q3695619	6000000029175742188
Q3695621	6000000082507316379
Q3695633	6000000037755215384
Q3695650	6000000151347050879
Q3695653	6000000137342816014
Q3695664	6000000166873068334
Q369583	6000000038513923017
Q369588	6000000000507143160
Q3695965	6000000027253403989
Q3696037	6000000031738239045
Q369621	6000000028666215979
Q369630	6000000084709382040
Q369633	6000000141111990924
Q369638	6000000127090553909
Q36965	6000000080357334822
Q3696516	6000000012471976382
Q3696516	6000000190047717712
Q369658	3954174284820077629
Q369668	6000000007279500132
Q369675	6000000010164931511
Q3697037	6000000156343558828
Q3697045	6000000156763361872
Q3697046	6000000145254893927
Q369723	6000000000727161597
Q369724	6000000018725854881
Q3697356	6000000166566855847
Q369737	6000000017247225566
Q3697414	6000000136773368899
Q3697447	6000000068450118020
Q3697457	6000000143113592896
Q3697461	6000000012592351871
Q3697482	6000000015771120741
Q3697528	6000000094312391958
Q3697539	6000000006727849673
Q3697552	6000000068420300821
Q369756	6000000134079869848
Q3697694	6000000166885370804
Q369783	6000000163836008821
Q369790	6000000080349038962
Q36980	6000000022133272010
Q369803	6000000015403384607
Q36981114	6000000034977902821
Q369814	6000000045825932283
Q369827	6000000026130645603
Q369829	6000000015057857267
Q369835	6000000000250511580
Q369844	6000000030306009866
Q3698901	6000000031346946189
Q369898	6000000124850844821
Q36991754	6000000040081225976
Q3699206	6000000012536190480
Q3699255	6000000012258243216
Q3699276	6000000013083332364
Q369933	6000000017425890264
Q369937	6000000001435366263
Q369948	6000000010129545035
Q369949	6000000010009782528
Q369957	6000000041912472233
Q369973	4282286258400034419
Q369975	6000000040389083514
Q3699902	6000000004079820870
Q3699936	6000000017108338100
Q3700124	6000000151124170842
Q370019	6000000075250144611
Q3700226	6000000009541939704
Q370039	6000000141085363822
Q370043	6000000075398752994
Q370046	6000000142998414835
Q3700572	6000000006563318339
Q370060	6000000007037571097
Q370061	6000000008220921573
Q370069	6000000009884985660
Q37007211	6000000077471299479
Q37007227	1649005
Q37007255	6000000014933645389
Q37007315	4109770485220037914
Q3700732	6000000058366617855
Q37007379	6000000038404584144
Q37007455	6000000178639223825
Q370079	6000000069453522984
Q37008143	6000000006136240197
Q3700818	6000000016035132937
Q37008191	6000000088562733102
Q37008249	6000000019776493163
Q3700842	1630768
Q370085	6000000083777517904
Q370092	6000000016066019139
Q3700968	6000000015534702055
Q370102	6000000035507238254
Q3701034	6000000007130606825
Q370109	6000000073958772945
Q37011266	6000000002192271830
Q37011454	6000000019094190686
Q37011475	6000000006859530229
Q37011579	6000000019582067351
Q3701161	6000000014092707215
Q3701185	6000000068891230100
Q37011868	6000000013527325728
Q37012134	6000000019784500659
Q37012533	6000000011855711422
Q3701260	6000000145553829824
Q37012619	6000000003299720864
Q37012709	6000000137148604029
Q37012722	6000000137151095943
Q37012790	6000000152489378827
Q3701280	6000000011581226809
Q3701288	6000000055459698841
Q37013265	6000000017648904007
Q37013320	6000000019788016877
Q37013361	6000000152481337842
Q3701365	6000000040048263238
Q37013874	6000000006127688745
Q37015694	6000000043130391288
Q37015706	6000000173288588027
Q37015723	6000000043749207056
Q3701575	6000000021342016397
Q37015840	6000000173286244936
Q37015892	6000000122849421831
Q37016101	6000000018941182130
Q3701618	6000000027911783269
Q3701649	6000000087309949843
Q370169	6000000025663284530
Q3701723	6000000006999404237
Q3701727	6000000006999281450
Q3701748	6000000001132829153
Q3701845	6000000028376337308
Q370186	6000000000571774690
Q3701868	6000000134357950884
Q3701869	6000000018060214261
Q3701884	6000000083819728956
Q3701893	6000000019347214919
Q3701898	6000000015385837941
Q370192	6000000013082720269
Q370198	6000000020905660848
Q3701994	6000000036817263442
Q3702036	6000000179168700872
Q3702047	6000000167347653378
Q3702051	6000000156500496827
Q3702062	6000000156410731878
Q3702102	6000000136529187822
Q3702110	6000000140749825001
Q3702111	6000000002858099318
Q3702124	6000000000458217244
Q3702148	6000000151389947884
Q370216	6000000006329759330
Q370217	6000000037628492265
Q3702222	6000000166902393200
Q3702279	6000000130181570968
Q3702334	6000000137839418822
Q3702347	6000000059950905848
Q3702357	6000000151486179829
Q3702358	6000000141011778912
Q3702362	6000000137664755822
Q3702363	6000000144455944866
Q370238	6000000011505133753
Q3702392	6000000091259458830
Q3702403	6000000069718270922
Q370241	6000000017163184028
Q370246	6000000011200099749
Q3702525	6000000069420202105
Q370253	6000000023781851750
Q3702554	6000000145252721836
Q3702556	6000000180096085828
Q3702576	6000000068366176838
Q3702601	6000000180008034852
Q3702604	6000000137008884998
Q3702629	6000000163198823826
Q370264	6000000019992101080
Q3702673	6000000151920023129
Q3702704	6000000140755631832
Q3702708	6000000180990629874
Q370272	6000000034626077493
Q370280	6000000028062634500
Q370284	6000000005310057033
Q370288	6000000166007382277
Q370299	6000000054369205943
Q37030	319626271550002230
Q3703000	6000000178717413858
Q370312	6000000016550388996
Q3703130	6000000011175995948
Q3703132	6000000011173422131
Q3703133	5061173532390078894
Q3703134	6000000031000509457
Q3703145	6000000176180227838
Q370316	6000000027966549575
Q3703184	6000000017202823948
Q3703207	6000000142270985828
Q370321	6000000079240305871
Q3703236	6000000009794669227
Q3703243	6000000024643824040
Q3703506	6000000017955717944
Q3703510	6000000137808814911
Q3703529	6000000146048614825
Q370353	6000000142666277830
Q3703563	6000000152504998860
Q3703579	6000000091262525902
Q3703598	6000000137332796996
Q370362	6000000009886969444
Q370369	6000000020905089478
Q3703787	6000000071280692876
Q370392	6000000104874916934
Q370420	6000000011650500252
Q3704255	6000000076780115600
Q3704271	6000000033027284209
Q37044123	6000000052945932955
Q3704524	6000000151334356857
Q3704618	6000000075223004417
Q3704620	6000000042215041000
Q370468	6000000043480251851
Q3704702	6000000178264955854
Q3704811	6000000000414506306
Q3704819	6000000000329474309
Q3704965	6000000078126735094
Q370499	6000000008417457127
Q3705006	6000000140746863025
Q3705025	6000000075223889062
Q3705278	6000000025298538276
Q3705293	6000000150921985832
Q3705295	6000000182428985833
Q3705445	6000000019507071458
Q3705464	6000000051298366219
Q370560	6000000010743826860
Q370567	6000000013865727527
Q370578	6000000017460781795
Q370582	6000000021022371353
Q370590	6000000000250551822
Q3705928	6000000151344973856
Q370596	6000000015040668767
Q37060	6000000009091744067
Q370611	6000000012887976201
Q3706229	6000000163483472834
Q370624	6000000026534363502
Q370626	6000000152374321874
Q370626	6000000157608060885
Q370631	6000000015123111679
Q370636	6000000187107045838
Q370638	6000000023782130130
Q37064	6000000010058494141
Q370646	6000000021023763966
Q370652	6000000015123930975
Q370659	6000000015119251133
Q3706738	6000000071220317261
Q3706747	1011067
Q3706764	6000000002024149212
Q370677	6000000182343746822
Q3706943	6000000015621331251
Q3706954	4239976425150058953
Q3706957	6000000001365431984
Q3706964	6000000030514873920
Q3706983	6000000016049268060
Q370705	6000000012850817354
Q3707129	6000000155820015824
Q3707130	6000000056992850864
Q3707145	6000000142809637821
Q3707183	6000000143325629477
Q3707190	6000000015773549461
Q3707193	6000000104519897849
Q370721	6000000001802936440
Q3707214	6000000026204042388
Q3707217	6000000143828388822
Q3707254	6000000134602914883
Q370726	6000000053401003849
Q3707261	6000000002613086638
Q370742	6000000103913446431
Q370747	6000000001266602566
Q370780	6000000021885053077
Q3707809	6000000070752217840
Q370781	6000000003642296159
Q3707811	6000000107930784109
Q370787	6000000105879160117
Q3707887	6000000142956273830
Q37079	6000000008052817842
Q370791	6000000009432695323
Q3707918	6000000180008116861
Q3707930	6000000069555748193
Q3707931	6000000156865536837
Q3707964	6000000178548179908
Q3707970	6000000156762734824
Q3707971	6000000157260252910
Q370800	6000000010545621971
Q370823	6000000163662333829
Q370829	6000000006424396333
Q3708452	6000000166903990822
Q3708459	6000000156211597839
Q370847	6000000008111332666
Q3708482	6000000036563096211
Q3708482	6000000046019967927
Q37085	6000000000961704236
Q370866	6000000003526937433
Q370889	6000000014235204325
Q37089	361246792660007630
Q37092430	6000000182667693821
Q370926	6000000027916046503
Q370928	6000000081841441180
Q3709326	6000000017065231554
Q370935	6000000034499333807
Q3709618	6000000054225536108
Q370966	4678943538650020319
Q370973	6000000034005878915
Q3709749	6000000003965377541
Q3709927	6000000000326656397
Q370993	6000000016726241624
Q3709938	6000000127549233978
Q3709961	6000000156772704828
Q3709970	6000000066011608838
Q3709976	6000000014262439007
Q3710067	6000000018543150828
Q371019	6000000003149606945
Q3710207	6000000006605316184
Q37103	6000000001611627567
Q371031	6000000033026324282
Q3710489	6000000155884357823
Q371052	6000000034989592068
Q3710564	6000000020747305374
Q371088	6000000164034960834
Q371106	6000000037722580527
Q371107	6000000020788177195
Q371113	6000000011263461776
Q371121	6000000015418317296
Q37112968	6000000011792273179
Q371148	6000000016974276902
Q371149	6000000084832677246
Q371165	6000000016508402655
Q371184	6000000020501431984
Q371210	6000000017599340879
Q371212	6000000068738820822
Q3712505	6000000134355124863
Q371257	6000000104666920841
Q3712574	6000000006810844556
Q371258	6000000024789953133
Q371260	6000000001732838312
Q3712729	6000000156927044870
Q3712731	6000000150688651883
Q371280	6000000017036815812
Q371286	6000000085169264848
Q3712866	6000000042830641833
Q3712867	6000000156547314853
Q3712869	6000000073732924014
Q3712893	6000000140478944843
Q3712897	6000000156351650947
Q3712908	6000000025333018217
Q3712915	6000000150921096940
Q3712940	6000000163478890840
Q3712951	6000000015780249144
Q3712973	6000000145221675037
Q3712976	6000000182428506832
Q3712987	6000000151405733844
Q3713019	6000000181040033830
Q3713023	6000000069413272822
Q3713031	6000000145763483861
Q3713046	6000000178555911855
Q3713065	6000000134563880934
Q3713070	6000000023831652976
Q3713130	6000000145788991949
Q3713160	6000000150782957914
Q3713164	6000000156516011834
Q3713171	6000000156411800918
Q3713175	6000000172095272566
Q3713180	6000000166010689903
Q3713187	6000000142790143822
Q3713193	6000000156795675828
Q371320	6000000000546451931
Q3713202	6000000163823495919
Q3713204	6000000083817520821
Q3713208	6000000137582085845
Q3713214	6000000134399910854
Q3713221	6000000155813288830
Q3713230	6000000137338448844
Q3713235	6000000155803174879
Q3713245	6000000151134153897
Q3713249	6000000111787872723
Q3713250	6000000069656166821
Q3713266	6000000163180299843
Q3713271	6000000141016708873
Q3713276	6000000178305474834
Q3713327	6000000030627647322
Q3713329	6000000017847123027
Q37134	6000000001552980413
Q37134	6000000032905659822
Q37134817	6000000000171486778
Q3713504	5535840624090089317
Q371351	6000000013362876321
Q3713541	6000000147179927933
Q3713648	6000000020405436886
Q3713655	6000000009656746280
Q3713710	6000000145758995906
Q371373	6000000015653746518
Q3713738	6000000044719109880
Q3713739	6000000178469771844
Q3713755	6000000026697496542
Q3713758	6000000149989996822
Q3713786	6000000093963426867
Q3713792	6000000016584302260
Q371387	6000000015484318378
Q37139	6000000005047251343
Q371403	6000000084812324872
Q3714045	6000000069655509144
Q37140464	6000000007167817715
Q371406	6000000002386224765
Q3714173	6000000136970910099
Q371421	6000000020500863727
Q3714353	4335870339170049611
Q3714363	6000000011135472253
Q3714373	6000000051305526024
Q371439	6000000157125838825
Q371444	6000000020503486567
Q371460	6000000006788777152
Q3714622	6000000010897904426
Q3714629	832547
Q371464	6000000012399383127
Q37150	6000000033603963930
Q371537	6000000065919590250
Q371555	6000000038832726011
Q371556	6000000039455388053
Q3715569	6000000015321090087
Q3715573	6000000014663202362
Q371587	6000000008380469467
Q3715923	6000000023179534950
Q37160	6000000014058435266
Q371602	6000000010050804146
Q3716134	6000000150788006848
Q3716142	6000000166232298259
Q371637	6000000017185890434
Q37163740	6000000041808881872
Q3716548	6000000119436913822
Q371662	6000000023781440351
Q371670	6000000090675489910
Q371689	6000000091215610148
Q371701	6000000072639940004
Q371716	6000000011812898732
Q371724	6000000023540300765
Q371727	6000000013494540679
Q371731	6000000000707666246
Q37175	6000000005384950154
Q371782	6000000083218543671
Q3717836	6000000168995054844
Q371786	6000000075907632881
Q371795	6000000068019245088
Q37181	6000000014633465287
Q371821	6000000015693460617
Q371833	6000000016604117153
Q371840	6000000093208117898
Q371842	6000000026781877003
Q3718494	6000000002188542051
Q371854	6000000057611552865
Q37186749	6000000006713194591
Q37187297	6000000011134968696
Q3718748	6000000078313853496
Q37187641	6000000006908195283
Q3718839	6000000008541684290
Q37189233	6000000084862924025
Q3718936	6000000002188542368
Q3718951	6000000015602421410
Q3718979	6000000145236809887
Q371904	6000000178605484880
Q3719084	6000000152498079823
Q3719100	6000000050308431563
Q37191077	6000000010091861961
Q3719172	6000000140068447854
Q371918	6000000173874370822
Q371922	6000000030892335042
Q3719243	6000000003904550534
Q371925	6000000104586278985
Q37193	6000000019099551516
Q371930	6000000009573034263
Q371935	333335343100003347
Q3719402	6000000156864921895
Q3719440	6000000179074241832
Q3719453	6000000038123297479
Q3719466	6000000050986294767
Q3719471	6000000034802426160
Q371948	6000000026203567188
Q3719487	6000000011938649682
Q3719500	6000000046367794278
Q3719501	6000000037039620239
Q3719508	6000000015642993941
Q3719528	6000000109367998848
Q3719539	6000000019004700103
Q3719549	6000000017955562586
Q3719550	6000000183609621846
Q3719554	6000000142750154824
Q3719557	6000000145239146913
Q3719564	6000000178317997823
Q3719566	6000000152596682824
Q3719569	6000000161451611909
Q3719571	6000000157674551822
Q3719583	6000000163417427887
Q3719585	6000000157673915935
Q3719594	6000000142922482829
Q3719595	6000000021584425790
Q3719623	6000000165983690933
Q3719624	6000000065649317861
Q3719625	6000000093928701933
Q3719630	6000000163628321823
Q3719635	6000000141101204825
Q3719638	536498
Q3719639	6000000156335495831
Q3719643	6000000142805862822
Q3719644	6000000178603047848
Q3719657	6000000141072265336
Q3719661	6000000150910447824
Q3719666	6000000069381837002
Q3719675	6000000173774394905
Q371968	6000000078915361096
Q3719691	6000000068426703882
Q3719695	6000000077912121068
Q37197446	6000000001710661079
Q3719757	6000000163423072000
Q3719764	6000000156475936834
Q37197676	6000000034669973270
Q3719782	6000000141083129918
Q3719803	6000000145829305847
Q3719841	6000000083248106003
Q3719843	6000000038030299596
Q371986	6000000019312382152
Q3719921	6000000010051779326
Q3719922	6000000026135176324
Q3719926	6000000008562607074
Q3719932	6000000097616109949
Q3719946	6000000007980903339
Q3719950	6000000001873804494
Q3719953	6000000007097252325
Q3719981	6000000012295477827
Q3719986	5155821279730036885
Q3719996	6000000002188674417
Q3719997	6000000002188674405
Q3720002	6000000010716119469
Q3720005	6000000008630274712
Q3720017	6000000044575654164
Q3720020	6000000000267240562
Q3720085	6000000012772232454
Q3720088	6000000038770347010
Q3720099	6000000089421294828
Q372010	6000000029363285200
Q3720100	6000000157103848823
Q3720152	6000000005404222559
Q372017	6000000001827568464
Q3720174	6000000007980910322
Q372022	6000000016303031464
Q3720248	6000000163823385301
Q3720251	6000000155875016827
Q3720301	6000000013111301477
Q372032	6000000071024393352
Q3720338	6000000145258668839
Q3720354	6000000179050833824
Q3720368	6000000156206773970
Q3720379	6000000166691915833
Q3720384	6000000024169739526
Q3720404	6000000151388060834
Q3720450	6000000178601656834
Q3720497	6000000024007489462
Q372052	6000000023806842142
Q372073	6000000011015877200
Q372074	6000000002097241041
Q372087	6000000017919569423
Q3721101	6000000006232415242
Q3721197	6000000140754892839
Q3721200	6000000091267395943
Q3721376	6000000015210418862
Q3721385	6000000002611188193
Q3721396	6000000091184904911
Q3721403	6000000068365059054
Q3721404	6000000145365579004
Q372142	6000000183963996965
Q3721488	6000000010763202479
Q3721509	6000000157387495837
Q3721807	6000000134607129103
Q3721825	6000000012591565170
Q3721848	6000000010374911752
Q372203	6000000081777866980
Q372210	6000000010982685148
Q372217	6000000007445652602
Q372288	6000000178255752842
Q3722911	6000000151931424854
Q3722916	6000000163437300761
Q3722927	6000000136964873931
Q3722997	6000000010572686757
Q37230010	6000000056193574887
Q3723020	6000000166561536855
Q372303	6000000059898563050
Q3723053	6000000079130578899
Q3723070	6000000142887219031
Q3723080	3131314
Q372311	5052531391410089148
Q3723137	6000000083333556190
Q372316	6000000016289384409
Q3723201	6000000013019051055
Q3723202	6000000002188450181
Q3723212	6000000002188445678
Q3723216	6000000084963922933
Q3723224	6000000068410205928
Q3723229	6000000000307243172
Q3723234	6000000022295783639
Q3723273	6000000080035181893
Q3723275	6000000136342710830
Q3723280	6000000006727820738
Q3723364	6000000002188493321
Q3723365	6000000011158766044
Q3723379	6000000005598791304
Q3723386	6000000006602621756
Q372339	6000000069335776826
Q3723390	5552139036910120616
Q3723395	6000000006720097025
Q3723398	6000000007573370486
Q3723404	6000000015254423666
Q3723405	386047982110003981
Q3723408	6000000013613346959
Q3723416	6000000089456077856
Q3723425	6000000005598958872
Q3723436	6000000000796835913
Q3723470	6000000007050523722
Q3723486	6000000004152581256
Q3723561	6000000070561561396
Q3723646	6000000181163135859
Q3723679	6000000153732961835
Q3723687	6000000007188207502
Q372371	6000000071109992407
Q3723722	6000000157658321846
Q3723742	6000000166461342827
Q3723752	6000000150671114852
Q3723797	6000000072431243089
Q3723821	6000000141042357055
Q3723837	6000000145051444822
Q3723848	6000000142885435858
Q3723867	6000000068447320005
Q3723878	6000000004483220003
Q3723879	387769111930002856
Q3723887	6000000155817668842
Q3723897	6000000144741146917
Q3723904	6000000158180025823
Q3723908	6000000081123461247
Q3723940	6000000071594954821
Q3723951	6000000150858892873
Q3723967	6000000069423311156
Q3724006	6000000104780986834
Q3724015	6000000141060403851
Q3724159	6000000145260977980
Q3724166	6000000145757407901
Q3724205	6000000167264931927
Q3724209	6000000015551060135
Q3724243	6000000065578105018
Q3724255	6000000136842256519
Q3724264	6000000087709430837
Q372428	6000000015731191302
Q3724324	6000000072415287098
Q3724335	6000000074280311848
Q3724339	6000000009590550285
Q3724343	6000000163751380894
Q3724353	6000000150991793834
Q3724358	6000000150961394840
Q3724359	6000000166721712825
Q3724363	6000000143822072004
Q3724372	6000000155797627925
Q3724390	6000000151395756857
Q3724395	6000000163451586976
Q3724402	6000000151389781851
Q372442	6000000011157206891
Q3724435	6000000184323099867
Q3724437	6000000178351040836
Q3724439	6000000155832477858
Q3724454	6000000145058427856
Q3724463	6000000178966831853
Q3724468	6000000016505075966
Q3724478	6000000142675818853
Q3724484	6000000157007314868
Q3724488	6000000196202302849
Q3724491	6000000006083304793
Q3724492	6000000163452935938
Q3724493	6000000136893392858
Q3724504	6000000178303583857
Q3724516	6000000166395877949
Q3724526	6000000002662303160
Q3724527	6000000001482591960
Q3724544	6000000134406713821
Q3724557	6000000014809184742
Q3724579	6000000015260161059
Q372460	6000000042153844351
Q3724632	6000000091261079870
Q3724639	6000000032192631911
Q3724649	6000000046953428825
Q3724722	6000000051481604935
Q3724772	6000000012941369667
Q372479	6000000012914262057
Q3724800	6000000141042293102
Q3725171	6000000047229768958
Q3725182	6000000143117345912
Q3725188	6000000165538255827
Q3725196	6000000157571803821
Q3725277	6000000020501080084
Q3725469	6000000143253199953
Q3725480	6000000182773104823
Q3725484	6000000123547747821
Q3725526	6000000024727790826
Q3725562	6000000140770804113
Q3725573	6000000037779071800
Q3725574	6000000016365990246
Q3725579	6000000151485230822
Q372559	6000000024253937188
Q3725591	6000000149982303822
Q3725593	6000000145608115831
Q3725598	6000000084278754171
Q3725599	3943372362570122895
Q3725614	6000000166442719908
Q3725622	6000000178251923836
Q3725630	6000000178181805876
Q3725632	6000000069707291150
Q3725635	6000000142940044834
Q3725637	6000000155840075824
Q3725641	6000000163484900824
Q3725643	6000000151446217449
Q3725652	6000000069566285895
Q3725659	4050742032470029228
Q3725676	6000000179222850822
Q3725681	6000000079554997838
Q3725683	6000000158135511822
Q3725691	6000000150919899394
Q3725699	6000000084963670019
Q3725701	6000000157607186859
Q3725709	6000000158046024877
Q3725715	6000000091186458013
Q3725723	6000000118606962028
Q3725725	6000000069421482149
Q372573	6000000006100627404
Q3725745	6000000161380318821
Q3725755	6000000073212312045
Q3725756	6000000027896667778
Q3725758	6000000143232692821
Q3725769	6000000151464006830
Q3725779	6000000166689371828
Q3725787	6000000157739940832
Q3725799	6000000141073944183
Q3725812	6000000125208170946
Q3725816	6000000150150187861
Q3725817	6000000173902665962
Q372582	6000000007316788203
Q3725848	6000000069708625136
Q372586	6000000181711085821
Q372588	6000000025040712779
Q3725887	6000000003219792682
Q3725892	6000000145548676832
Q3725908	6000000157517069856
Q3725911	6000000068520793823
Q3725930	6000000182769094826
Q3725932	6000000137837368852
Q3725934	6000000143121729107
Q3725938	6000000143788620904
Q3725942	6000000081853057213
Q3725957	6000000145845728851
Q3725958	6000000140699659876
Q3725969	6000000140305919404
Q3725978	6000000145235176941
Q3725980	6000000134601058048
Q3725985	6000000142682674849
Q3725987	6000000172347629976
Q3726024	6000000156184636827
Q3726029	6000000166769372854
Q3726055	6000000087284346976
Q3726060	6000000157693811213
Q3726074	6000000137330806891
Q3726078	6000000140717163875
Q3726083	6000000145526788850
Q3726095	6000000179077685845
Q372612	6000000027988564511
Q3726122	6000000142944749821
Q3726169	6000000013023807204
Q372640	6000000013677025781
Q3726425	6000000143116672144
Q3726444	6000000166013246336
Q3726513	6000000143188626983
Q3726516	6000000143191591869
Q3726542	6000000150910943863
Q3726552	6000000163459565947
Q3726555	6000000080035594911
Q3726570	6000000135718324113
Q3726598	6000000145877981869
Q3726613	6000000136774701178
Q3726643	6000000178271014894
Q3726658	6000000136805640918
Q3726831	6000000135127837855
Q372686	6000000017765115583
Q372704	6000000073748752066
Q372718	6000000019151636055
Q37272488	6000000124624762868
Q372727	6000000177586730846
Q372743	6000000017424381684
Q372748	6000000007272297273
Q37276982	6000000017766281249
Q372777	6000000039920866424
Q37278	6000000020692037897
Q372783	6000000080401921834
Q372800	6000000022847753344
Q372801	6000000004593137100
Q372804	6000000184432659822
Q372838	6000000073976600836
Q372845	6000000002188436696
Q372848	6000000006725617951
Q372897	6000000156136778843
Q372918	6000000003939129159
Q372926	6000000106661730302
Q372929	6000000001332619751
Q372947	6000000076558984923
Q372954	6000000001358078219
Q372964	6000000003185652047
Q372969	6000000007788900179
Q372984	2527138
Q372996	6000000134238137822
Q373024	6000000004178886867
Q373048	6000000003219712930
Q373072	6000000179197671907
Q373097	6000000022808857567
Q373102	6000000020345620332
Q373104	6000000024263329449
Q3731056	6000000025833901452
Q3731080	6000000166194775939
Q3731088	6000000172346811319
Q373109	6000000050181424036
Q3731101	6000000010323240390
Q3731102	6000000003055334646
Q3731156	6000000157261649829
Q373117	6000000025957553309
Q373118	6000000024348272051
Q373119	6000000044424593997
Q3731193	6000000081979715040
Q3731216	6000000174431664995
Q373124	6000000040244562987
Q373130	6000000020235431858
Q373131	6000000038192563220
Q3731416	6000000145584165887
Q373144	6000000020236974446
Q373146	6000000019347781844
Q373147	6000000067239347823
Q3731504	6000000183276286830
Q3731533	6000000009656487096
Q373157	6000000013834081804
Q3731608	6000000175674959822
Q3731615	6000000155179897855
Q373167	6000000016454371277
Q373170	6000000030123010815
Q3731739	6000000020787462856
Q373175	6000000179222267843
Q373179	6000000015344747016
Q373185	6000000021052960952
Q3731891	6000000135720830130
Q3731903	6000000145769046873
Q3731927	6000000145002858969
Q3731939	6000000163320649930
Q3731966	6000000163402654854
Q3731968	6000000177964866822
Q3731969	6000000090830529714
Q3731994	6000000000628780199
Q3731998	6000000181900338821
Q3732024	6000000066365254961
Q3732025	6000000069481336916
Q3732035	6000000159288634851
Q3732048	363870712100011225
Q373212	6000000021160359038
Q3732147	6000000069458054928
Q3732148	6000000136878091885
Q3732150	6000000012798508695
Q3732162	6000000009318892215
Q3732177	6000000181567550828
Q3732182	6000000153733372886
Q3732183	6000000145347201822
Q3732197	6000000163462028852
Q3732198	6000000150961295849
Q3732199	6000000151136840830
Q3732204	6000000053743859335
Q373221	6000000000319935505
Q3732219	6000000140228157824
Q3732223	6000000179076595830
Q3732227	6000000156794477862
Q3732228	6000000157304453874
Q3732231	6000000002545657021
Q3732265	6000000121658172509
Q373227	6000000011138428168
Q3732279	6000000150858842836
Q3732283	6000000145760671979
Q3732284	6000000178223782839
Q3732290	6000000141077672846
Q3732295	6000000080118380094
Q3732299	6000000035211020121
Q3732305	6000000175433079942
Q3732305	6000000186211972831
Q3732311	6000000177969003868
Q3732320	6000000157519563854
Q3732321	6000000057955977075
Q3732325	6000000069634170828
Q3732338	6000000156486802835
Q373244	6000000012199273313
Q3732514	6000000166015916869
Q373253	6000000047369809843
Q3732679	6000000069567032961
Q3732687	6000000016556529253
Q37327	6000000014642593054
Q373274	6000000038848595917
Q373284	6000000016273183882
Q3733002	6000000041402281880
Q3733007	6000000140841978882
Q373306	6000000017224998389
Q37330697	6000000018792712400
Q373313	6000000080566450285
Q373322	6000000020410154876
Q373337	6000000025125037613
Q3733418	6000000140302442834
Q373343	6000000181905653833
Q3733572	6000000003122427440
Q3733728	6000000163354261891
Q3733729	6000000003901598331
Q373373	6000000124851475837
Q373385	6000000036747709224
Q373389	6000000034496247419
Q3733891	6000000156938566997
Q3733901	6000000151463516900
Q3733903	6000000151952326831
Q3733941	6000000157299115822
Q3733947	6000000151474259934
Q3733951	6000000150963558822
Q3733952	6000000163561662928
Q3733967	6000000031055677006
Q3733971	6000000036911807128
Q3733972	6000000141022331041
Q3733982	6000000145956142947
Q3733985	6000000137836794855
Q3733989	6000000083629472184
Q3734019	6000000166017927895
Q3734023	6000000145234515091
Q37341509	6000000016766870483
Q373421	6000000042522995186
Q3734227	6000000056784812055
Q3734229	6000000022160485997
Q373425	6000000011188249696
Q373427	6000000128284548893
Q3734270	6000000077240216276
Q373428	6000000021502921988
Q3734287	6000000136980186835
Q3734289	6000000163294425834
Q3734291	6000000173871160043
Q3734293	6000000181566509844
Q3734296	6000000154380684919
Q3734297	6000000144728253822
Q3734303	6000000137346047888
Q3734306	6000000033943189235
Q3734311	6000000064326367999
Q3734312	6000000184323206822
Q3734314	6000000157286404920
Q3734324	6000000140758274228
Q3734337	6000000140747582282
Q3734341	6000000013343981290
Q3734345	6000000140229306873
Q3734346	6000000140840441875
Q3734349	6000000069451434186
Q3734353	6000000145344847961
Q3734355	6000000182772601909
Q3734364	6000000137338991899
Q3734372	6000000111872883838
Q3734373	6000000165984789909
Q3734386	6000000071866439145
Q3734399	6000000137540203845
Q373440	6000000015519405630
Q3734410	6000000155817787861
Q3734421	6000000141113134931
Q3734426	6000000066808341840
Q373443	6000000047811565965
Q3734448	6000000174432851883
Q3734450	6000000140720116914
Q373447	6000000006815553606
Q373455	6000000070502597396
Q3734567	6000000019336878118
Q3734617	366700778850013478
Q373464	6000000048705727924
Q3734664	6000000008082303736
Q3734755	6000000173719322922
Q3734799	6000000001187380070
Q373500	6000000027849333802
Q3735037	6000000157840583006
Q3735039	6000000141071127842
Q3735082	6000000177910016825
Q3735128	6000000068387624821
Q3735148	6000000151126114963
Q373515	6000000017863394086
Q3735183	6000000000201793639
Q3735247	6000000163843108988
Q3735257	6000000081106037019
Q3735273	6000000074904012162
Q3735288	6000000016881579673
Q373534	6000000011114967269
Q373538	6000000075685155866
Q3735417	6000000004160989373
Q3735504	6000000010199229175
Q373551	6000000018373420059
Q3735543	6000000018085832884
Q3735570	6000000003822462763
Q373560	6000000015465890788
Q3735611	6000000001559006549
Q3735655	6000000178271892822
Q3735667	6000000010229887790
Q3735699	6000000009547732522
Q3735707	6000000007072920165
Q3735763	6000000009589134661
Q373578	6000000143565930081
Q3735780	6000000007689720358
Q3735865	6000000006363904625
Q373590	6000000012302401378
Q3735925	6000000002664434741
Q3735972	6000000055187662821
Q3736039	6000000010029176342
Q3736135	6000000017989361190
Q3736159	6000000008936886935
Q3736167	6000000010427846434
Q3736180	6000000007168858323
Q373622	6000000000077525969
Q3736276	6000000030557309055
Q3736284	6000000016347367584
Q3736330	6000000053483882113
Q3736355	6000000156414749835
Q3736372	6000000141072315660
Q3736375	6000000151126531861
Q3736379	6000000017098642538
Q3736397	6000000136521790822
Q3736454	6000000178932044859
Q3736458	6000000007993328831
Q3736679	6000000010584155395
Q3736708	6000000008396871497
Q3736783	6000000011851740438
Q3736786	6000000007788474299
Q3736805	6000000000895462259
Q3736809	6000000002935732490
Q3736873	6000000104327256839
Q3736888	6000000010679615821
Q3736931	6000000061141035061
Q3736956	6000000019324168716
Q3736979	6000000176944023828
Q3737016	6000000021359973807
Q3737030	6000000008033547810
Q373708	6000000084665112237
Q3737245	6000000007880342976
Q3737312	6000000039348979966
Q3737346	6000000006762536982
Q373737	6000000003364739798
Q373738	6000000029620423434
Q373753	6000000097018919821
Q3737579	6000000000908947278
Q373761	6000000141018196869
Q373764	6000000015763538419
Q3737654	6000000079211262402
Q3737655	6000000155848755822
Q3737674	6000000163481888821
Q3737677	6000000178559416829
Q3737708	6000000145552951834
Q3737735	6000000159201859830
Q373780	6000000008127603626
Q3737806	6000000000702445663
Q3737860	6000000134608547892
Q3737881	6000000004957227954
Q3737885	6000000083128190607
Q3737894	6000000005940689621
Q3737921	6000000020933047597
Q3737971	6000000008927433833
Q3737972	6000000155791028833
Q3737980	6000000046711989107
Q373799	6000000145003801837
Q3737990	6000000008457574099
Q3738012	6000000133377148839
Q3738042	6000000164468038822
Q3738047	6000000144885744821
Q3738074	6000000030966729127
Q3738085	6000000104574663183
Q3738106	6000000068424270852
Q3738114	6000000007399088251
Q3738174	6000000009857789906
Q3738222	6000000008437984128
Q3738245	4776401809340075223
Q373825	6000000037865643895
Q3738251	6000000069772838951
Q373830	6000000180597835832
Q373835	6000000019921508330
Q3738523	6000000018812053977
Q3738574	6000000006765551241
Q373862	5023912920170122646
Q3738662	6000000008425357035
Q373873	6000000007202959491
Q37388	6000000006444780288
Q3738808	6000000016172652835
Q3738810	6000000180224982892
Q3738877	6000000013514654441
Q3738888	6000000011158946512
Q373892	6000000054934630959
Q3738920	6000000184207304855
Q373895	6000000015204920188
Q373897	6000000018213038390
Q3739023	6000000013703893048
Q373906	6000000000769996993
Q373915	6000000017602458270
Q3739206	6000000010017497870
Q3739226	6000000081878846246
Q373923	6000000002614306679
Q373924	6000000105575380835
Q3739263	6000000167663875821
Q3739292	6000000072245790866
Q373930	6000000019385793013
Q3739307	6000000022044560303
Q373931	6000000013391560944
Q3739324	6000000069655150121
Q3739405	6000000016047556223
Q373942	6000000017423766759
Q3739564	6000000020208892427
Q37396595	6000000009374581797
Q3739678	6000000037746259559
Q3739684	6000000016544615878
Q37397138	6000000009374829600
Q373976	6000000002872626258
Q3739814	6000000009248678890
Q37398166	6000000190454302205
Q373983	6000000081066906083
Q3739892	6000000183869613835
Q3740019	6000000157023344823
Q3740045	6000000000452923427
Q3740078	6000000107837133858
Q3740121	6000000017292151323
Q3740134	6000000018229968979
Q3740163	6000000002307790655
Q3740174	6000000018712784658
Q3740224	6000000153231139842
Q3740252	6000000077504544251
Q3740322	6000000069661930954
Q3740325	6000000069659980260
Q3740353	6000000000420721310
Q3740364	6000000017655627306
Q3740388	6000000156177909826
Q374039	6000000013822533787
Q3740390	6000000141003413969
Q3740391	6000000150677591833
Q3740403	6000000011525435654
Q3740417	6000000156873987871
Q3740418	6000000178574160891
Q3740426	6000000007684396048
Q3740432	6000000014719701946
Q374045	6000000006715421427
Q3740497	6000000001251215618
Q3740560	6000000110569870893
Q3740597	6000000089536973902
Q3740606	6000000022212624633
Q374061	6000000062564221844
Q3740625	5356054002400013328
Q374063	6000000172461825396
Q3740649	6000000008074227265
Q374065	6000000041836125707
Q374070	6000000008922410833
Q3740753	6000000034573806302
Q3740782	6000000042207416703
Q3740786	6000000002423302244
Q3740790	6000000014175312201
Q3740803	6000000007570493229
Q3740808	6000000007918938823
Q3740832	6000000090581495543
Q3740833	6000000068365900835
Q3740837	6000000151118905871
Q3740842	6000000163265413841
Q3740844	6000000140689594915
Q374093	6000000049462932851
Q3740951	6000000006127473256
Q3740962	6000000009744758254
Q3741085	6000000020387217210
Q374111	6000000086522875078
Q3741148	6000000007796942509
Q374117	6000000015374111003
Q3741291	6000000011056364418
Q3741303	6000000010542817244
Q3741317	6000000058980466853
Q3741351	6000000029404184213
Q3741366	6000000009786900623
Q3741378	6000000021329407160
Q3741400	6000000017136319717
Q3741406	6000000015146254382
Q3741462	6000000009149113084
Q374153	6000000015483502320
Q3741561	6000000134317979822
Q3741576	6000000182430904824
Q3741611	6000000005618304702
Q3741618	6000000140735580917
Q374162	6000000025181519870
Q3741639	6000000145331128979
Q3741661	6000000003206982812
Q3741677	6000000091177441851
Q3741683	6000000140465197918
Q3741711	6000000178602600860
Q3741713	6000000178408471835
Q3741765	6000000091709458863
Q3741792	6000000007368294290
Q3741794	6000000012678926466
Q3741833	6000000143122528954
Q3741841	6000000173874266826
Q3741850	6000000151389844914
Q3741870	6000000156475337879
Q3741871	6000000145784250887
Q3741883	6000000156410598824
Q3741885	6000000156546380875
Q374189	6000000184202085822
Q3741895	6000000145973488894
Q3741905	6000000001321803390
Q3741917	6000000015023788747
Q3741929	6000000156201193839
Q3741931	6000000166392788032
Q3741945	6000000040477024890
Q3741946	6000000140446411848
Q3741951	6000000145061852827
Q3741971	6000000001710289270
Q3741979	6000000145870922161
Q3741984	6000000081839771176
Q3742060	6000000039855197872
Q3742071	6000000003135567327
Q3742079	6000000004796284001
Q3742082	6000000008284899222
Q374210	6000000006444711375
Q3742100	6000000166033555831
Q3742102	6000000141061787300
Q3742105	6000000035628258721
Q3742112	6000000025348526153
Q3742114	6000000151355575985
Q3742119	6000000178499375888
Q3742129	6000000008806440032
Q3742130	6000000163592383850
Q3742134	6000000006587230361
Q3742139	6000000165984714205
Q3742151	6000000183608503867
Q3742155	6000000178598892823
Q3742159	6000000007497064577
Q3742162	6000000143186929831
Q3742163	6000000165984306859
Q3742166	6000000080118015876
Q3742170	6000000003035029545
Q3742171	6000000173903488938
Q3742174	6000000176811032873
Q3742187	6000000069700187003
Q3742191	6000000156007510940
Q3742195	6000000151132395063
Q3742197	6000000135076741874
Q3742198	6000000178556611822
Q374220	6000000054068461039
Q3742200	6000000020011115793
Q3742211	6000000008176341118
Q3742225	6000000018206999777
Q3742246	6000000104641108822
Q3742252	6000000011869153511
Q3742259	6000000002214657127
Q3742261	6000000140777817823
Q374229	6000000006903121709
Q3742291	6000000010980940555
Q3742294	6000000007323850278
Q374233	6000000026531782481
Q3742330	6000000003616327536
Q3742336	6000000007769738717
Q3742337	6000000041235227796
Q3742372	6000000007740335165
Q3742378	6000000007585456256
Q3742400	6000000006253053840
Q3742426	6000000011000097465
Q3742432	6000000007742602702
Q3742486	6000000009350856969
Q3742492	6000000082045964972
Q3742517	6000000023627577259
Q3742523	6000000001592930248
Q3742528	6000000030178691168
Q3742537	6000000166579282825
Q3742548	6000000138234159824
Q3742554	6000000161393359848
Q3742558	6000000158129441829
Q3742559	6000000090018302894
Q3742560	6000000015491486516
Q3742564	6000000166446428982
Q3742570	6000000002925450359
Q3742575	6000000173898754124
Q3742589	6000000163607266822
Q3742610	6000000001919781501
Q3742617	6000000143191657872
Q3742618	6000000178600914850
Q3742631	6000000069636854578
Q3742634	6000000143417154822
Q3742636	6000000141026112857
Q3742641	6000000134064346852
Q3742643	6000000151361259966
Q374265	6000000063008817027
Q3742657	6000000151932147866
Q3742658	6000000166411909719
Q3742662	6000000090960068825
Q3742668	6000000145757895198
Q3742673	6000000141104680831
Q3742687	6000000007397535728
Q3742726	6000000016573701350
Q374273	6000000021237056734
Q3742730	6000000086049893823
Q3742825	6000000178603527867
Q3742828	6000000123907117904
Q3742869	4534820053060041018
Q3742898	6000000083115030962
Q3742983	6000000107572834890
Q3743011	6000000015210534237
Q3743017	6000000052241447867
Q3743018	6000000095439156888
Q3743020	6000000125247762893
Q3743255	6000000193074267881
Q3743341	6000000007225028551
Q3743412	6000000163840437960
Q3743437	6000000008366142704
Q3743445	6000000077654536191
Q374346	6000000009659612777
Q3743489	6000000009080668577
Q374354	6000000007416616514
Q3743562	6000000034230545211
Q3743708	6000000008340156771
Q3743714	6000000001644751439
Q3743781	6000000145343850830
Q3743783	6000000163845828824
Q3743787	6000000137333434843
Q3743790	6000000141040507040
Q3743793	6000000156918315886
Q3743794	6000000091190001877
Q3743795	6000000151466915867
Q3743800	6000000091263440874
Q3743817	6000000008111265998
Q3743818	6000000120845106831
Q3743821	6000000141116277920
Q3743822	6000000024529141161
Q3743827	6000000142904397002
Q3743854	6000000003136212129
Q3743876	6000000007621233875
Q3743887	6000000007385672520
Q3743897	6000000004955482236
Q3743911	6000000013308836532
Q3743921	6000000017271967636
Q374393	6000000007509896309
Q3743934	6000000006120008864
Q3743956	6000000009697829257
Q3743966	6000000010307841229
Q374402	6000000156135352843
Q3744050	6000000019613087604
Q3744160	6000000002907241834
Q3744174	6000000007263812214
Q374424	6000000006245149536
Q374427	6000000013175086634
Q3744291	6000000008081389212
Q3744300	6000000011267341714
Q3744307	6000000007725411351
Q3744354	6000000150846718832
Q374455	6000000029698662612
Q3744558	6000000177048482839
Q3744599	6000000032099470726
Q374464	6000000021604389505
Q374468	6000000007947744434
Q374479	6000000029757826283
Q3744878	6000000001433128964
Q3744910	6000000183973122862
Q3744922	6000000001528164723
Q3744975	6000000041554008193
Q3744983	6000000151350774877
Q3744989	6000000137216886822
Q374504	6000000165153989584
Q3745047	6000000083819673929
Q3745083	6000000114838196821
Q3745097	6000000176876899867
Q3745108	6000000007520274488
Q3745110	6000000091181765836
Q3745114	6000000166249753833
Q3745116	6000000163363096926
Q3745118	6000000144814412657
Q3745120	6000000156876497958
Q3745134	6000000134561086835
Q3745136	304238071780007131
Q3745142	6000000156763260857
Q3745148	6000000067024184135
Q3745158	6000000152495933875
Q3745159	6000000137619240833
Q3745170	6000000156216967929
Q3745179	6000000069298882151
Q3745191	6000000157673061822
Q3745197	6000000155900519854
Q3745198	6000000006445414198
Q3745212	6000000149997282850
Q3745221	6000000012479846377
Q3745229	6000000143807348830
Q3745235	6000000096043235903
Q3745240	6000000165647883948
Q3745246	6000000157324246955
Q3745258	6000000114811485851
Q3745260	6000000150921014916
Q3745262	6000000080114974358
Q3745269	6000000024101385613
Q3745272	6000000145518915947
Q3745273	6000000145527675896
Q3745277	6000000013220197630
Q3745292	6000000151349276010
Q3745297	6000000145519652931
Q3745304	6000000151914491822
Q3745315	6000000069637371905
Q3745320	6000000145335546828
Q3745324	6000000039453241063
Q3745326	6000000090964479943
Q3745365	6000000002188374407
Q3745496	6000000145405223823
Q3745498	6000000163480063824
Q3745733	6000000016226483510
Q3745738	6000000021478468105
Q374574	6000000060313821828
Q3745874	6000000166381521822
Q3745884	6000000142802101024
Q37459	6000000008053067406
Q3745902	6000000140722223953
Q374605	6000000140228491087
Q374610	6000000014872637568
Q37463	4754079588630071993
Q3746442	6000000140683318874
Q3746463	6000000151002244822
Q3746466	6000000069480835320
Q3746468	6000000180098964822
Q3746504	6000000151929033824
Q3746528	6000000158171174830
Q3746529	6000000179950065829
Q3746660	6000000182716884882
Q3746665	6000000136527006885
Q3746677	6000000077238255481
Q374674	6000000019054540322
Q3746740	6000000142781986829
Q374678	6000000140128425057
Q37468788	6000000015670124925
Q374693	6000000053364678035
Q3747050	293529922340007582
Q374707	6000000007998812722
Q374712	6000000008539601116
Q374729	6000000041338405844
Q374737	6000000020247955983
Q374746	6000000005099015705
Q374757	6000000032180131997
Q374759	5552308412580119436
Q374762	6000000027743122150
Q374763	6000000041439333210
Q374770	6000000021900023905
Q374792	6000000025810157544
Q374802	6000000039250293905
Q374827	6000000163831037065
Q374855	6000000068387056926
Q3748816	6000000143192044849
Q3748817	6000000151392830844
Q3748836	6000000141109380346
Q3748841	6000000143235531827
Q3748842	6000000145226121082
Q374885	6000000003375460254
Q374894	6000000024254052880
Q3748943	6000000178602296822
Q3748948	6000000166405673844
Q374900	6000000002922524399
Q374906	6000000047855185966
Q374910	6000000042559376800
Q37491580	6000000022292207357
Q374921	6000000010793573828
Q3749296	6000000163615609885
Q3749297	6000000071221012892
Q3749298	6000000134363743833
Q3749303	6000000136627209822
Q3749304	6000000184028567831
Q3749307	6000000145346372261
Q3749318	6000000073410797969
Q3749340	6000000001530274500
Q3749346	350586188740001218
Q3749358	6000000011327900372
Q3749371	6000000017796657805
Q3749380	6000000178314378870
Q3749385	6000000136966272915
Q3749387	6000000166579743851
Q3749415	6000000156833582906
Q3749418	6000000091258513883
Q3749457	6000000136806443830
Q3749458	6000000180009027823
Q3749523	6000000145249365857
Q3749537	6000000136525801070
Q3749570	6000000166584338836
Q3749573	6000000080994436271
Q3749574	6000000141077413984
Q3749599	6000000020264374415
Q374960	6000000020945911300
Q3749607	6000000021345794792
Q3749628	6000000154379509876
Q3749638	6000000075189604824
Q3749648	6000000013428743734
Q3749657	6000000122742275144
Q3749688	6000000178577754018
Q374969	6000000000140964363
Q3749708	6000000069590929859
Q3749710	6000000134573785822
Q3749711	6000000026037539311
Q3749721	6000000151947892824
Q3749723	6000000157687075885
Q3749739	6000000035062651466
Q3749740	6000000141006325849
Q3749757	6000000157611048853
Q374976	6000000004086650709
Q3749770	6000000163283088822
Q3749792	6000000142897063847
Q3749799	6000000000219514795
Q3749803	6000000156826565886
Q3749807	6000000179073763847
Q3749810	6000000081327699934
Q3749811	6000000081319570564
Q3749833	6000000145257515980
Q3749845	6000000173895534677
Q3749858	6000000091186125983
Q3749866	6000000178256646827
Q3749871	6000000156885979841
Q3749879	6000000145225855851
Q3749893	6000000157841408877
Q3749911	6000000145250179879
Q3749916	6000000163831204120
Q3749918	6000000104667112830
Q3749935	6000000166582641854
Q3749938	6000000145768811066
Q3749941	6000000149978692822
Q3749944	6000000145429222822
Q3749945	6000000068435091822
Q3749951	6000000146208176844
Q3749962	6000000115661517862
Q3749979	6000000166041337877
Q3749984	6000000149943223064
Q3749992	6000000137584621854
Q3750000	6000000166879732081
Q3750031	6000000155585809826
Q3750043	6000000166573930966
Q3750052	6000000156977469822
Q3750054	6000000144745605860
Q3750064	6000000008116179868
Q3750066	6000000156203899989
Q3750067	6000000033752246850
Q3750069	6000000079577139847
Q3750071	6000000000148727116
Q3750072	6000000015210209755
Q3750082	6000000156763572963
Q3750092	6000000140228941921
Q375010	6000000019457568552
Q3750110	6000000081729286896
Q375012	6000000178603648874
Q3750121	6000000178302781841
Q3750122	6000000156802777825
Q3750126	6000000140714126958
Q3750133	6000000023069528059
Q375016	6000000010484674803
Q3750170	6000000085916087890
Q3750178	6000000140903467827
Q3750179	6000000156206973912
Q3750185	6000000175898664823
Q3750215	6000000163605312828
Q3750220	6000000029817525954
Q3750239	6000000151464956116
Q375024	6000000010173386328
Q3750258	6000000093566175270
Q3750263	6000000163249317865
Q3750269	6000000163461024830
Q3750273	6000000142923184862
Q3750274	6000000166397776822
Q3750319	6000000143112037832
Q3750323	6000000163631798865
Q3750340	6000000065653953880
Q3750344	6000000145762998822
Q3750366	6000000140698971853
Q3750368	6000000145426662824
Q3750370	6000000158166394822
Q3750372	6000000153592250932
Q3750379	6000000146487651845
Q3750383	6000000077365458985
Q3750384	6000000177507211902
Q3750400	6000000142898089964
Q3750401	6000000157325218822
Q3750409	6000000141073256903
Q3750410	6000000182569771823
Q3750412	6000000134220456834
Q3750424	6000000145226906839
Q3750427	6000000143185532054
Q3750428	6000000183972957993
Q3750440	6000000145956398922
Q3750445	6000000157287446935
Q3750455	6000000143191890865
Q3750470	6000000150917128881
Q3750472	6000000145359585854
Q3750479	6000000178314799822
Q3750482	6000000145232482848
Q3750494	6000000019885154739
Q3750512	6000000178403015830
Q3750513	6000000155818685829
Q3750519	6000000145525803938
Q3750537	6000000141005423932
Q3750541	6000000156473548857
Q3750542	6000000102505982905
Q375055	6000000029448069648
Q3750554	6000000150907794968
Q3750566	6000000010664925201
Q3750577	6000000182429411822
Q3750581	6000000131624514833
Q3750593	6000000163356674862
Q3750596	6000000145544321851
Q3750599	6000000149943059024
Q3750601	6000000090959006984
Q3750604	6000000145340637979
Q3750607	6000000166405630933
Q37506083	6000000115204098871
Q3750610	6000000081320309978
Q3750612	6000000163181387942
Q3750624	6000000134594972821
Q3750625	6000000151450549837
Q3750626	6000000163235074822
Q3750630	6000000175358306822
Q3750640	6000000141042718847
Q3750649	6000000156644460869
Q375065	6000000175978323847
Q3750659	6000000073773314885
Q3750681	6000000208600567963
Q3750699	6000000145782242886
Q3750727	6000000105680192875
Q3750729	6000000166198642950
Q3750743	6000000134388880952
Q3750796	6000000140689495236
Q3750797	6000000143187879822
Q3750812	6000000178298813822
Q3750826	6000000152609921947
Q3750838	6000000035735661886
Q3750857	6000000145588656834
Q3750872	6000000006727817892
Q3750914	6000000014425245731
Q3750919	6000000055526791413
Q3750927	6000000019133260747
Q375093	6000000008668822995
Q3750942	6000000024239272859
Q3750946	6000000003098231161
Q3750950	6000000036313005968
Q3750972	6000000042755055467
Q3751004	6000000172281530832
Q3751038	6000000019324462621
Q3751059	6000000033000585888
Q3751112	6000000163824033856
Q3751115	6000000091190810850
Q3751120	6000000133493647821
Q3751127	6000000150917775978
Q375114	6000000033411108836
Q3751141	6000000166034002854
Q3751158	6000000159893724822
Q3751186	6000000104581863838
Q3751213	6000000137661424833
Q3751227	6000000030855376016
Q3751239	6000000145002213055
Q375126	6000000080000491912
Q3751287	6000000140731876078
Q3751307	6000000145435978834
Q3751310	6000000009188342283
Q3751329	6000000016850477809
Q3751333	6000000166021563558
Q3751347	6000000145343448843
Q375135	6000000044432011427
Q3751356	6000000026098427307
Q3751363	6000000143191035963
Q3751364	6000000166437738833
Q3751385	6000000145431741824
Q3751413	6000000140878836821
Q3751425	6000000156220171857
Q3751474	6000000166009965937
Q3751497	6000000142712545821
Q3751514	6000000155801493845
Q3751517	6000000163610368351
Q3751546	6000000143415653824
Q3751561	6000000084961441794
Q3751587	6000000163277408989
Q37515912	6000000001915617980
Q3751600	6000000143191853940
Q3751601	6000000080114539524
Q3751630	6000000145221990942
Q3751642	6000000182773606855
Q3751661	6000000169084198854
Q375170	6000000053657853929
Q375172	6000000005598958259
Q3751742	6000000000286250167
Q3751762	6000000163576988985
Q3751772	6000000086539345835
Q3751773	6000000180834856822
Q375178	6000000021928779806
Q3751824	6000000018546926041
Q3751844	6000000071403221627
Q37518649	6000000014831751674
Q3751867	6000000089486539836
Q3751868	6000000013274300652
Q3751873	6000000006092613619
Q3751875	6000000021703370109
Q3751883	6000000079476614663
Q37520326	6000000014183915128
Q375208	6000000041367117803
Q3752083	6000000005092354467
Q3752094	6000000042340043902
Q375214	6000000015508022794
Q3752163	6000000177396775833
Q375219	6000000002546280327
Q3752197	6000000085560140871
Q3752288	6000000004122516391
Q375231	6000000016971049758
Q3752390	6000000020881874051
Q375257	6000000018045235739
Q3752633	6000000020972326476
Q37526524	6000000028766140457
Q3752663	6000000013186406566
Q375275	6000000003219749850
Q3752767	6000000020135086937
Q3752777	6000000028262964456
Q3752818	6000000012628716469
Q375282	6000000041260927025
Q3752948	6000000019023381473
Q375307	6000000011087349311
Q375310	6000000145607506822
Q3753114	6000000011404288761
Q3753197	6000000021107112315
Q3753259	6000000097136679884
Q3753263	6000000051444784031
Q3753265	6000000024594912462
Q3753297	6000000014521549392
Q3753394	6000000031949936937
Q375347	6000000103173778128
Q3753474	6000000056461354890
Q3753476	6000000005946075435
Q3753500	6000000036719596115
Q3753555	6000000000511982989
Q375356	6000000015924461714
Q375358	6000000016324534538
Q3753695	6000000017474988337
Q375381	6000000025966687646
Q3753859	6000000001861837781
Q375389	6000000025082486890
Q375395	6000000001745340534
Q375397	6000000008541772176
Q3753990	6000000142897717917
Q375400	6000000004284387373
Q3754034	6000000091177474828
Q3754046	6000000019295521515
Q375411	6000000079399871295
Q375412	6000000007014401650
Q3754167	6000000150682725863
Q375419	6000000007963639758
Q3754216	6000000027308517570
Q375428	6000000083048176864
Q3754282	6000000178962279851
Q3754290	6000000151229655824
Q3754359	4865060102320011929
Q3754400	6000000072881758128
Q375441	6000000141082140014
Q3754532	6000000072881144077
Q3754638	6000000033460248383
Q375467	6000000001546883176
Q3754786	6000000140886709822
Q3754833	6000000017462601213
Q3754860	6000000016854614352
Q3754946	6000000080652356241
Q3755007	6000000019897749900
Q37550074	6000000007221027305
Q375502	6000000177922137822
Q375522	6000000145220821912
Q3755285	6000000050048229840
Q3755402	6000000006110101450
Q3755448	6000000015885910618
Q3755452	6000000195048086827
Q3755821	6000000016998691404
Q375590	6000000088296812848
Q37562	6000000011010094563
Q3756553	6000000166408089973
Q375657	6000000001013932506
Q3756575	6000000134118357866
Q3756586	6000000166191149345
Q3756593	6000000143173471930
Q375660	6000000017601275486
Q3756604	6000000142923428822
Q3756623	6000000166664720823
Q3756663	6000000090856960082
Q3756674	6000000141010970997
Q3756679	6000000178326451822
Q3756686	6000000156216634836
Q3756709	6000000002188374423
Q3756730	6000000166054075825
Q3756736	6000000069590273019
Q3756757	6000000022797643513
Q3756761	4179600881960025620
Q3756762	6000000159442653831
Q3756786	6000000081352785821
Q3756789	6000000135122619836
Q3756879	6000000140874048107
Q3756893	6000000090959357838
Q3756898	6000000150953394874
Q3756900	6000000151922005921
Q3756905	6000000179127441834
Q3756909	6000000173874833846
Q3756913	6000000022078059841
Q3756920	6000000156409320949
Q3756925	6000000144817817891
Q3756952	6000000178259563829
Q3756962	6000000173900284391
Q3756968	6000000155944578834
Q3756991	6000000176997384876
Q3756999	6000000144885570829
Q3757018	6000000145873809010
Q3757020	6000000036487130269
Q3757029	6000000155127308854
Q3757032	6000000166909227950
Q3757036	6000000151119186827
Q3757040	6000000166782512838
Q3757051	6000000166385815977
Q3757053	6000000134064869842
Q3757055	6000000166549463375
Q3757058	6000000017457406806
Q3757063	6000000177968422884
Q3757067	6000000142668913860
Q3757077	6000000182430923873
Q3757087	6000000182784608840
Q3757089	6000000144463294822
Q3757091	6000000134083195077
Q3757096	6000000145766833961
Q37571	6000000015520965555
Q3757103	6000000021535812477
Q3757118	6000000151123922827
Q3757123	6000000174430823017
Q3757126	6000000184208839855
Q3757131	4303582
Q3757135	6000000142759659822
Q3757136	6000000156500278822
Q3757140	6000000141007927303
Q3757160	6000000166213562832
Q3757162	6000000145341316970
Q3757165	6000000156807409850
Q3757301	6000000163578772927
Q375731	6000000033427673913
Q375740	6000000015450944753
Q3757547	6000000009100302223
Q3757552	6000000038166427295
Q37577	6000000025065720143
Q375781	6000000184221404160
Q375788	6000000017468050126
Q375792	6000000012177026867
Q3757991	6000000069912350835
Q3758414	6000000003230156365
Q3758473	6000000014862628867
Q3758489	6000000029711952793
Q375861	6000000002659635906
Q3758629	6000000136586067821
Q3758641	6000000137809464881
Q3758642	6000000138198859188
Q3758643	6000000166412949980
Q3758646	6000000149943812855
Q375865	6000000002649916449
Q375874	6000000014372664734
Q3758753	6000000178186421826
Q3758769	6000000145953529142
Q3758916	6000000145345311881
Q3758919	6000000163452220850
Q3758985	6000000177474567836
Q3759008	6000000143259214877
Q375908	6000000035682593245
Q3759149	6000000141081116854
Q3759258	6000000143789267877
Q375926	6000000008391398355
Q375932	6000000176651200841
Q375933	6000000014000637852
Q3759379	6000000155808684846
Q3759416	6000000163447148982
Q375945	6000000088852829264
Q375947	6000000021916617182
Q375959	6000000183942977825
Q37596179	6000000152308311858
Q375964	6000000009655876682
Q375973	6000000013299416100
Q3759785	6000000166394030828
Q3759791	6000000157692759887
Q3759799	6000000163369586884
Q3759801	6000000163299912834
Q3759807	6000000163221692851
Q3759813	6000000182427758866
Q3759836	6000000177319744822
Q3759837	6000000141113550900
Q3759846	6000000166200828885
Q3759847	6000000163365322925
Q3759848	6000000109303900989
Q3759853	6000000175220326869
Q3759862	6000000137335386374
Q3759875	6000000151361029193
Q375988	327470946310005396
Q375995	6000000179007296850
Q375998	6000000069380395422
Q376016	6000000069422747842
Q3760381	6000000077849268120
Q3760400	6000000072597346879
Q3760441	6000000015645145410
Q3760457	6000000002178312021
Q3760458	6000000011838510403
Q3760464	6000000002188412655
Q3760465	6000000182913965856
Q3760466	6000000026040768098
Q3760499	6000000186603038958
Q3760500	6000000000555521385
Q3760518	6000000006864806250
Q3760533	6000000003111875491
Q3760542	2759230
Q3760550	6000000001083033814
Q3760554	6000000045137209871
Q3760557	6000000029139588151
Q3760572	6000000001443594661
Q3760574	6000000003455227419
Q37605835	6000000185397129823
Q3760605	6000000014577386675
Q3760627	4024639630960028728
Q3760630	6000000006180534493
Q3760789	6000000081107041869
Q3760839	6000000142675112870
Q3760855	6000000031562493862
Q376087	6000000023921133453
Q376090	6000000043280235927
Q3760918	6000000060840025873
Q3760928	6000000159723347826
Q3760931	6000000151131132023
Q3760948	6000000143183238405
Q3760955	6000000158146338822
Q376097	6000000016695723930
Q3760989	6000000097188994417
Q37610	6000000010082050153
Q376104	6000000018722206767
Q376107	6000000083842578307
Q3761074	6000000166915700828
Q3761122	6000000177839323867
Q3761129	6000000182777367854
Q3761134	6000000155791308837
Q3761136	6000000166468580874
Q376115	6000000126052456829
Q3761183	6000000178271587830
Q3761194	6000000213686109855
Q376131	6000000026366868991
Q3761330	6000000178786292838
Q376140	6000000092350413897
Q3761413	6000000175556901827
Q3761414	6000000166212807871
Q37615	6000000013890395937
Q376164	6000000138572121830
Q376165	6000000032140052751
Q376176	6000000017709914504
Q3761882	6000000156919453831
Q3761883	6000000014163428377
Q3761883	6000000184946521840
Q3761886	6000000157318220822
Q3761895	6000000140759236922
Q3761900	6000000178043576822
Q3761902	6000000156763802895
Q3761914	6000000178000647822
Q3761917	6000000151118267977
Q3761921	6000000068427778821
Q3761922	6000000173905236258
Q3761925	6000000079427004217
Q3761936	6000000178001501830
Q3761938	6000000140693419099
Q3761939	6000000145221406904
Q3761941	6000000143113763876
Q3761944	6000000141116863894
Q376196	6000000016679348667
Q3761969	6000000150908875821
Q3761977	6000000149940850246
Q3761978	6000000163356617839
Q3761986	6000000126672497861
Q3761997	6000000143828554862
Q3762007	6000000178601730856
Q3762008	6000000157511446822
Q3762012	6000000177839382830
Q3762013	6000000182784766843
Q3762029	6000000157683325991
Q3762038	6000000156306795833
Q3762050	6000000151119237849
Q376206	6000000070315566354
Q3762063	6000000138237785831
Q3762067	6000000083888838856
Q3762089	6000000163403150928
Q3762092	6000000155958056826
Q37621	6000000010648830087
Q376212	6000000179140979823
Q3762122	6000000145761929846
Q3762151	6000000015972571440
Q37621633	6000000016321540405
Q3762165	6000000069698600098
Q3762167	6000000141026599053
Q3762170	6000000145361230839
Q3762171	6000000150690058834
Q3762178	6000000174431636590
Q3762187	6000000178252887826
Q3762190	6000000177619928870
Q3762192	6000000157655826869
Q3762204	175180
Q3762206	6000000143820945080
Q3762210	6000000001482600107
Q3762236	6000000138221162821
Q3762245	6000000150917590880
Q3762252	6000000141102863867
Q3762266	6000000144740837184
Q3762273	6000000145358832851
Q3762281	6000000178603476822
Q3762290	6000000000490885459
Q3762294	6000000145342873973
Q3762298	6000000156518293822
Q3762302	6000000141076620832
Q3762305	6000000145338012864
Q376232	6000000033428374258
Q3762343	6000000111763752993
Q3762354	6000000069625251821
Q3762401	6000000166728878826
Q3762408	6000000142780995821
Q3762426	6000000029295561841
Q376243	6000000068449371927
Q3762437	6000000145067188822
Q376244	6000000006581041388
Q3762445	6000000163247435867
Q3762466	6000000145430027822
Q3762478	6000000136535521860
Q3762532	6000000140995269145
Q3762554	6000000025834083146
Q3762573	6000000093954070206
Q3762598	6000000080078903868
Q3762609	6000000142690383321
Q3762615	6000000136777785825
Q3762619	6000000134417363826
Q3762629	6000000066575734835
Q3762634	6000000136777799870
Q3762642	6000000091259572821
Q3762658	6000000029659902375
Q3762660	6000000091190387824
Q3762662	6000000000212343383
Q3762669	6000000140228085860
Q3762674	6000000163809618822
Q3762678	6000000150917648313
Q3762680	6000000016735487624
Q3762681	6000000166564948890
Q3762682	6000000145235540838
Q3762693	6000000143185295018
Q3762696	6000000068413129863
Q3762703	6000000182774698827
Q3762709	6000000184210137828
Q3762711	6000000145525240837
Q3762717	6000000142902013859
Q3762723	6000000178314796833
Q3762735	6000000156207496826
Q3762752	6000000163401431836
Q3762769	6000000145259727102
Q3762771	6000000143823319104
Q376278	6000000019138120289
Q3762792	6000000139901611359
Q37628	6000000027345409386
Q376280	6000000000076298129
Q3762831	6000000182429820837
Q3762863	6000000151360448842
Q3762865	6000000178557265822
Q3762867	6000000156504196846
Q3762883	6000000068364854996
Q3762891	6000000068523134834
Q3762909	6000000069481035924
Q376293	6000000037918799917
Q3762931	6000000182428865838
Q3762932	6000000069480815832
Q3762933	6000000145515961376
Q3762934	6000000181905738866
Q3762966	6000000041402012155
Q3762980	6000000150856681880
Q3762985	6000000156163244822
Q3763010	6000000134752489896
Q3763019	6000000006901703100
Q3763023	6000000015210261432
Q3763024	6000000003827671326
Q376303	6000000108681889875
Q3763032	6000000167084501822
Q3763035	6000000137334223849
Q3763053	6000000166029779831
Q3763074	6000000136529785842
Q3763090	6000000184208951836
Q3763116	6000000145222919166
Q3763131	6000000158178192822
Q3763164	6000000142677395825
Q37631724	6000000004079555573
Q37632864	6000000014594203693
Q376335	6000000066977609142
Q3763369	6000000003122427452
Q3763385	6000000136521845082
Q3763386	6000000090583046948
Q37634065	6000000173518045647
Q3763413	6000000178185945856
Q3763424	6000000163776221834
Q3763452	6000000143564158960
Q3763468	6000000183609296856
Q3763486	6000000145223272953
Q376349	6000000008788155853
Q3763498	6000000181920202845
Q376354	6000000157487652826
Q3763571	6000000150666296354
Q3763577	6000000137143461883
Q3763590	6000000140758007822
Q3763609	6000000177946312822
Q3763615	6000000153730624858
Q3763627	6000000118602289928
Q3763629	6000000155802284877
Q3763645	6000000136902343827
Q3763661	6000000143189935863
Q3763667	6000000086136546830
Q376367	6000000011859128985
Q3763670	6000000156150127822
Q3763684	6000000069634372846
Q3763686	6000000151132200042
Q3763690	6000000090982183848
Q3763739	6000000177394520846
Q3763745	6000000016920503212
Q3763749	6000000181905350868
Q3763757	6000000136898227821
Q3763773	6000000166395410010
Q376383	6000000078016990880
Q3763944	6000000163587293847
Q376398	6000000020924545711
Q3764010	6000000054937866088
Q3764094	6000000156663284885
Q3764103	6000000135137836825
Q3764137	6000000105678583181
Q3764149	6000000145024432899
Q3764176	6000000009544134488
Q3764230	6000000140762769049
Q3764245	6000000180008378832
Q3764332	6000000013380976669
Q3764354	6000000166245080832
Q3764463	6000000070401609369
Q3764464	6000000003218166799
Q3764553	6000000166264251829
Q3764562	6000000143121981667
Q3764568	6000000145530029052
Q3764570	6000000140752224891
Q3764580	6000000156498396873
Q3764582	6000000156870529839
Q3764598	6000000180008337840
Q3764644	6000000069615661848
Q3764665	6000000142664185919
Q3764676	6000000145780436848
Q3764679	6000000175312151085
Q3764701	6000000142790960821
Q3764712	6000000137331991850
Q3764717	6000000145520131843
Q3764724	6000000140690141005
Q376477	6000000001845004901
Q3764807	6000000050882923936
Q3764816	6000000156202074840
Q3764827	6000000009614028771
Q3764829	6000000140713653968
Q3764836	6000000183999063830
Q3764851	6000000007357684508
Q3764856	6000000155939027822
Q3764859	6000000157501820878
Q3764861	6000000125248607882
Q3764863	6000000157256852934
Q37650369	6000000069707574511
Q3765043	6000000177839057836
Q3765047	6000000015799696480
Q3765049	6000000137816221892
Q3765051	6000000151466755867
Q376510	6000000012329953802
Q3765154	6000000157260971843
Q3765221	6000000083822669967
Q3765229	6000000078951969168
Q3765245	6000000151134663981
Q3765261	6000000145220924826
Q3765262	6000000079568825897
Q3765264	6000000146264547822
Q3765274	6000000011780045402
Q3765280	6000000142893003861
Q3765283	6000000137997795833
Q3765288	6000000090945367004
Q376529	6000000000953140433
Q3765297	6000000084960737266
Q3765315	6000000177919416867
Q376532	6000000069757529125
Q3765324	6000000151350340857
Q3765327	6000000178298563996
Q3765338	6000000145332269947
Q3765359	6000000108865481965
Q3765360	6000000140486924864
Q3765361	6000000140489109837
Q3765367	4273968004420030961
Q3765370	6000000182430418827
Q376539	6000000023696716065
Q3765398	6000000142780354822
Q3765406	6000000065903804048
Q3765441	6000000002577470334
Q3765462	6000000090856877964
Q3765463	6000000178577607823
Q3765465	6000000011079300188
Q3765488	6000000143110497916
Q3765492	6000000068418524878
Q3765505	6000000068420343821
Q3765513	6000000178357611847
Q3765537	6000000104584556874
Q3765554	6000000002473799587
Q3765576	6000000090851444072
Q3765579	6000000163423340465
Q3765585	6000000090709650402
Q3765605	6000000069645740884
Q3765606	6000000068375937823
Q3765609	6000000057960053852
Q3765616	6000000024820389853
Q3765625	6000000150957259822
Q3765627	6000000157506473831
Q3765643	6000000151125144957
Q3765644	6000000086305430900
Q3765678	6000000145621064834
Q3765681	6000000144726587218
Q3765682	6000000150919896886
Q3765710	6000000136563106218
Q3765734	6000000145370529822
Q3765748	6000000150783715842
Q3765759	5113800443090020425
Q3765761	6000000069402007954
Q3765766	6000000178603716857
Q3765790	6000000140748593921
Q376580	6000000196182347831
Q3765812	6000000143118884888
Q3765819	6000000151361053853
Q376582	6000000079398752014
Q3765824	6000000145350787860
Q3765832	6000000178324495883
Q376593	6000000143550414906
Q376597	6000000157313309822
Q3765995	6000000140908021821
Q3766011	6000000087005872921
Q3766014	6000000141082071869
Q3766112	6000000137342192854
Q3766140	6000000156413952822
Q3766213	6000000156175333821
Q3766214	6000000141024366863
Q3766217	6000000155797845830
Q3766227	6000000006727757340
Q3766234	6000000024918443049
Q3766249	6000000150765820828
Q376625	6000000172691973991
Q3766274	6000000142809180822
Q376633	6000000017426823745
Q37663328	6000000014413109033
Q3766337	6000000165984428060
Q3766343	6000000145080980822
Q3766359	6000000144810200113
Q3766372	6000000145834310822
Q3766379	6000000001425420212
Q3766384	6000000150678343963
Q3766413	6000000167086580915
Q3766417	6000000057860405823
Q3766419	6000000145611726821
Q3766436	6000000080066102262
Q3766448	6000000164466629077
Q3766458	6000000145238710834
Q3766469	6000000090970056836
Q37665	6000000085665087204
Q3766506	6000000137623591822
Q3766519	6000000156827581848
Q3766521	6000000178963667822
Q3766527	6000000166074361828
Q3766528	6000000173872865313
Q3766531	6000000027580291317
Q3766553	6000000151396606873
Q3766555	6000000002825734641
Q3766579	6000000165972903199
Q3766581	6000000166675689871
Q3766583	6000000157605813828
Q3766589	6000000145877119176
Q3766609	6000000178406089898
Q3766620	6000000145761881832
Q3766624	6000000039791745973
Q3766666	6000000156485591902
Q3766667	6000000142893802844
Q3766672	6000000057300122519
Q3766675	6000000179221663869
Q3766710	6000000144741078140
Q3766717	6000000173904141208
Q3766721	6000000156881759835
Q3766725	6000000163784724822
Q3766732	6000000086476048872
Q3766747	6000000083944306331
Q3766748	6000000145255201883
Q3766757	6000000050128462635
Q3766759	6000000137612345226
Q3766775	6000000178374975870
Q3766793	6000000090137538887
Q3766816	6000000156681004822
Q3766817	6000000151945845829
Q3766819	6000000144750605862
Q3766836	6000000164269191907
Q3766854	6000000151348986178
Q3766859	6000000041967718087
Q3766871	6000000028624883941
Q3766874	6000000090582681102
Q3766902	6000000173730316214
Q3766905	6000000140476750878
Q3766918	6000000137999009221
Q3766927	6000000143124233922
Q3766939	6000000166775262916
Q3766940	6000000137347750838
Q3766950	6000000158188433823
Q3766968	6000000163422926851
Q3766970	6000000107040161890
Q3766980	6000000150677320824
Q3766994	6000000156761096850
Q3766997	6000000137540729889
Q3766998	6000000156334806832
Q376701	6000000015306684024
Q3767023	6000000090832497282
Q3767029	6000000134582746026
Q3767044	6000000157299369858
Q3767057	6000000166884713969
Q3767062	6000000015140459017
Q3767064	6000000068370522035
Q376707	6000000003493384177
Q3767072	6000000143197429979
Q3767080	6000000150668111918
Q3767085	6000000018613870629
Q3767099	6000000172479186013
Q3767100	6000000163374476832
Q3767119	6000000163423322920
Q3767135	6000000175220975847
Q3767143	6000000166395781137
Q376716	6000000015029291554
Q3767165	6000000024700927216
Q3767178	6000000163423816043
Q376718	6000000002061427078
Q3767192	6000000143124163822
Q3767244	6000000091182568015
Q3767246	6000000134425965840
Q3767247	6000000181960185830
Q37672572	6000000014713296440
Q3767265	6000000178323224884
Q3767318	6000000166676891588
Q3767323	6000000145957529894
Q3767326	6000000151133517877
Q3767330	6000000145516666834
Q3767334	6000000150909927822
Q3767381	6000000145332141855
Q3767391	6000000021529166317
Q3767405	6000000007763873902
Q3767406	6000000076998928822
Q3767410	6000000005830961017
Q3767414	6000000134221694827
Q3767424	6000000151345300880
Q3767439	6000000145068558822
Q3767443	6000000180006345851
Q3767464	6000000140997450031
Q376747	6000000002311381455
Q3767534	6000000173704236969
Q3767593	6000000166666511840
Q3767602	6000000142795856821
Q3767603	6000000030613220793
Q3767635	6000000157934467836
Q3767639	6000000141084224883
Q3767649	6000000178302115840
Q3767656	6000000163773545830
Q3767664	6000000141111719103
Q3767670	6000000182710340822
Q376768	6000000033293845915
Q3767687	6000000150919102827
Q37677	6000000025754266201
Q3767715	6000000109110175977
Q3767737	6000000024707933066
Q3767738	6000000143185525939
Q3767740	6000000166187726886
Q3767749	6000000007560092712
Q376775	6000000015428500453
Q3767754	6000000156481116835
Q3767756	6000000157509644822
Q3767772	6000000157094291836
Q3767790	6000000085567168888
Q3767797	6000000143203097974
Q3767799	6000000145259100922
Q3767802	6000000101298370929
Q3767826	6000000140766442853
Q3767832	6000000151388395867
Q3767843	6000000151397849875
Q3767847	6000000163413615095
Q3767868	6000000144814412120
Q3767869	6000000143115733934
Q3767870	6000000144743246856
Q3767890	6000000156642456824
Q3767903	6000000018934230106
Q3767925	6000000140841955822
Q3767926	6000000165979684442
Q3767933	6000000152213457870
Q3767945	6000000140763184992
Q3767960	6000000049763209008
Q3767965	6000000163419320457
Q3767969	6000000157285278933
Q3767970	6000000076941164199
Q3767975	6000000141082035826
Q3767981	6000000068367804867
Q3768003	6000000163773716920
Q3768015	6000000178603748839
Q3768033	6000000042679836307
Q3768034	6000000145955094880
Q3768048	6000000166445835853
Q376805	6000000036314582157
Q3768054	6000000163420190011
Q3768062	6000000156641746906
Q3768066	6000000173905832961
Q3768075	6000000157274524910
Q3768089	6000000144750010874
Q3768091	6000000142758494823
Q3768094	6000000083296515552
Q3768114	6000000156636677911
Q3768118	6000000174430963889
Q3768125	6000000143232247960
Q3768137	6000000151462635892
Q3768148	6000000069651868047
Q3768161	6000000145523102871
Q3768168	6000000145545582053
Q3768206	6000000150910426863
Q3768220	6000000142710417833
Q3768227	6000000145347638909
Q376825	6000000010511014405
Q3768254	6000000175374319822
Q3768259	6000000156800869835
Q376826	6000000029302207118
Q376832	6000000181942606826
Q3768320	6000000145231122951
Q3768356	6000000163287227940
Q3768357	6000000163288333822
Q3768371	6000000029350738959
Q3768375	6000000163453210849
Q3768391	6000000136967390877
Q3768548	6000000166883666984
Q376857	6000000026173173258
Q376888	6000000023094747966
Q3768883	6000000163447824865
Q3768891	6000000145053293854
Q3768900	6000000086785991821
Q3768907	6000000145004659011
Q3768924	6000000156205269942
Q3768943	6000000140711830842
Q3768952	6000000084797907267
Q3768955	6000000166879388220
Q3768973	6000000155823422822
Q3768976	6000000145829299822
Q3768980	6000000002188468181
Q3768991	6000000143197599839
Q3769007	6000000140328550182
Q3769060	6000000096325185613
Q3769114	6000000083815067015
Q376920	6000000003806974118
Q3769231	6000000002359993765
Q3769241	6000000146294314834
Q3769244	6000000177208392842
Q3769245	6000000156926510872
Q376926	6000000021000615077
Q3769263	6000000022150039795
Q37693	6000000007980246326
Q3769348	6000000182717519843
Q3769357	6000000150982020822
Q3769359	6000000157692143851
Q3769392	6000000080767107857
Q3769395	6000000178556562846
Q3769402	6000000069480859863
Q3769445	6000000151331817827
Q3769476	6000000178261023839
Q3769481	6000000042329558846
Q3769487	6000000029430405399
Q3769488	6000000157503173868
Q3769491	6000000007281381252
Q3769492	6000000163768265834
Q3769493	6000000163420241905
Q3769494	6000000140710407881
Q3769495	6000000178300849943
Q3769500	6000000175534092888
Q3769503	6000000173873069511
Q3769504	6000000104566036841
Q3769505	6000000069629336821
Q3769506	6000000145422848822
Q3769507	6000000146207521045
Q3769528	6000000157266305822
Q3769531	6000000141035738160
Q3769532	6000000163841150972
Q3769549	6000000155798856846
Q3769559	6000000026118917751
Q3769561	6000000068447364911
Q3769566	6000000151402316821
Q3769567	6000000134091225821
Q376958	6000000007398420627
Q3769581	6000000150678671981
Q3769606	6000000151943361855
Q3769608	6000000145081433853
Q3769612	6000000145342034946
Q3769614	6000000069707178017
Q3769615	6000000156882971964
Q3769634	6000000142668677987
Q3769678	6000000026532565413
Q3769682	6000000157676328840
Q3769697	6000000163226328833
Q376971	6000000004140181426
Q3769717	6000000015140613599
Q3769730	6000000152195335822
Q3769732	6000000178556615838
Q3769740	6000000145367181302
Q3769742	6000000052429148836
Q3769747	6000000079501861220
Q3769748	6000000145382270847
Q3769762	6000000007357544377
Q3769766	6000000069639237037
Q3769774	6000000143233152854
Q3769806	6000000090888158830
Q3769811	6000000178577909826
Q3769901	6000000158162469822
Q3769908	6000000178575055828
Q3769914	6000000163601592834
Q3769916	6000000142902814823
Q3769925	6000000177989941833
Q3769926	6000000141069438822
Q3769941	6000000072447002122
Q3769955	6000000175464883850
Q3769978	6000000156202183825
Q3769995	6000000156336058821
Q3770002	6000000145336091853
Q3770004	6000000151406633822
Q3770011	6000000071922310704
Q3770018	6000000151388200822
Q3770019	6000000143185575171
Q3770031	6000000145845513933
Q3770033	6000000141062211825
Q3770039	6000000181689218949
Q3770040	6000000156639265824
Q3770056	6000000091259682826
Q3770064	4852643709730019395
Q3770066	6000000141084782843
Q3770070	6000000157280052822
Q3770080	6000000064007933140
Q377009	6000000008591870174
Q3770090	6000000157272450893
Q3770106	6000000157018240871
Q3770116	6000000142886202355
Q3770120	6000000143244552956
Q3770124	6000000145222065061
Q3770129	6000000151124583834
Q3770131	6000000136877932853
Q3770140	6000000143392310821
Q3770145	6000000156216871822
Q3770153	6000000157576503822
Q3770154	6000000144728605833
Q3770168	6000000174434741915
Q3770179	6000000183974721841
Q3770180	6000000040284975826
Q3770184	6000000145971723822
Q3770186	6000000184320505942
Q3770190	6000000157689676833
Q3770221	6000000152497913822
Q3770224	6000000157504941845
Q3770225	6000000145597813828
Q3770231	6000000157115008822
Q3770232	6000000145351550847
Q3770236	6000000156938734993
Q3770238	6000000066694022895
Q3770239	6000000017102265521
Q3770241	6000000141033730490
Q3770245	6000000145839839843
Q3770247	6000000001221952504
Q3770256	6000000135119881871
Q3770257	6000000135119784870
Q3770271	6000000145004713840
Q3770273	6000000145873383983
Q3770279	6000000145526172822
Q3770281	6000000156640048841
Q3770294	6000000145016527662
Q3770308	6000000151133483868
Q3770309	6000000163802290835
Q3770310	6000000157293446838
Q3770314	6000000178303610823
Q3770319	6000000172480201980
Q377032	6000000112698391892
Q3770320	6000000175681569827
Q3770321	6000000151481077825
Q3770331	6000000146266050822
Q3770334	6000000140773217861
Q3770337	6000000137616443827
Q3770341	6000000136536325888
Q3770345	6000000142727134824
Q3770350	6000000144746696825
Q3770357	6000000156214035825
Q3770367	6000000051908215111
Q3770373	6000000180246871836
Q3770375	6000000068578077878
Q3770376	6000000143550281987
Q3770384	6000000069593226022
Q3770399	6000000156935025264
Q3770400	6000000065519311858
Q3770402	6000000156915417030
Q3770411	6000000182734481862
Q3770412	6000000144750170976
Q3770416	6000000152606506873
Q3770427	6000000137584655305
Q3770429	6000000151131795877
Q3770439	6000000140994554958
Q3770441	6000000141011976836
Q3770444	6000000001712987341
Q3770455	6000000173901204859
Q3770461	6000000155937693828
Q3770471	6000000157501847834
Q3770481	6000000137339109001
Q3770487	6000000141084936952
Q3770490	6000000145359998845
Q3770493	6000000119354312886
Q3770501	6000000156877615013
Q3770531	6000000166005520484
Q3770544	6000000163416303968
Q3770555	6000000158186624822
Q3770558	6000000143244247900
Q3770561	6000000145227929860
Q3770574	6000000164139989822
Q3770577	6000000144738315181
Q3770587	6000000145016864917
Q3770588	6000000163492108847
Q3770590	6000000140227750975
Q3770594	6000000145247187175
Q3770602	6000000071025229651
Q3770603	6000000155935695833
Q3770604	6000000147443960077
Q3770613	6000000145226483836
Q3770620	6000000143184460948
Q3770637	6000000134682698836
Q3770644	6000000079570102927
Q3770646	6000000021472460140
Q3770649	6000000144464727891
Q3770659	6000000145335847833
Q3770666	6000000178258681867
Q3770669	6000000156810919854
Q3770671	6000000149943138860
Q3770681	6000000143248538846
Q3770682	6000000141074041917
Q3770691	6000000156305486822
Q3770705	6000000145528909945
Q3770709	6000000143199000890
Q377071	6000000015048100829
Q3770718	6000000037755300976
Q3770725	6000000163419023309
Q3770726	6000000178315029846
Q3770732	6000000166051470828
Q3770734	6000000163602864025
Q3770739	6000000150673078974
Q3770741	6000000145623556859
Q3770747	6000000174432825019
Q3770757	6000000173704538904
Q3770759	6000000140701756071
Q3770764	6000000082849438835
Q3770765	6000000082323529171
Q3770769	6000000136979738851
Q3770775	6000000163817053822
Q377078	6000000089454831005
Q3770785	6000000073212997898
Q3770786	6000000069656833947
Q3770789	6000000044642795944
Q3770797	6000000175559801870
Q3770803	6000000137553200876
Q3770812	5113764997650064122
Q3770818	6000000151397272848
Q377082	6000000035482347249
Q3770825	6000000051660700894
Q3770826	6000000157681785856
Q3770833	6000000145004380887
Q3770850	6000000145522169834
Q3770851	6000000066978682340
Q3770859	6000000043577733213
Q3770867	6000000163461542955
Q3770877	6000000145789170853
Q3770883	6000000166044335875
Q3770886	6000000069162524933
Q3770900	6000000163218686842
Q3770902	6000000143240839711
Q3770911	6000000145595747824
Q3770913	6000000028919191034
Q377092	6000000031976130879
Q3770920	6000000176913234830
Q3770923	6000000171815620748
Q377093	6000000151395458932
Q3770931	6000000013343420023
Q3770937	6000000166441743382
Q3770941	6000000156637271953
Q3770959	6000000178182957837
Q3770961	6000000145395470822
Q3770971	6000000157651365822
Q3770976	6000000016317114184
Q3770980	6000000156298248823
Q3770999	6000000145845739834
Q377100	6000000007993477897
Q3771001	6000000150919028874
Q3771003	6000000141058333413
Q3771007	6000000181480290829
Q3771013	6000000140758146379
Q3771018	6000000145521660990
Q3771028	6000000140809750848
Q3771029	6000000088849697868
Q3771033	6000000156976819822
Q3771066	6000000136522777896
Q3771071	6000000137617782821
Q3771077	6000000083850748273
Q3771080	6000000009342167796
Q3771089	6000000145514475605
Q3771092	6000000142891893983
Q3771093	6000000157257386842
Q3771101	6000000182710796822
Q3771107	6000000090959258230
Q3771111	6000000157065930828
Q3771126	6000000156214608827
Q3771132	6000000145517806960
Q3771137	6000000009621623945
Q3771144	6000000156876550824
Q3771145	6000000000020467691
Q3771148	6000000001779381000
Q3771152	6000000004108371230
Q3771156	6000000090856088907
Q377118	6000000058747507010
Q3771196	6000000150918073879
Q3771199	6000000140735198898
Q3771206	6000000183973687873
Q3771207	6000000159449862826
Q3771214	6000000163438647461
Q3771219	6000000155815503867
Q3771228	6000000140813022017
Q3771230	6000000140782066998
Q3771242	6000000155808344873
Q3771243	6000000000512770922
Q3771244	6000000090853230845
Q377125	6000000091053349826
Q3771253	6000000178406516884
Q3771258	6000000166790215822
Q377126	6000000015149302031
Q3771268	6000000007273440482
Q3771278	6000000163784271822
Q3771279	6000000136529050822
Q377128	6000000176413296855
Q3771280	6000000166030444825
Q3771281	6000000155817869883
Q3771283	6000000157302082822
Q3771284	6000000145956717823
Q3771285	6000000017374450365
Q3771293	6000000143312250838
Q3771307	6000000088909588145
Q3771310	6000000153580798926
Q3771311	6000000143254658821
Q3771314	6000000156473622864
Q3771332	6000000141006166849
Q3771334	6000000141004719012
Q3771345	6000000069450879871
Q3771348	6000000123434983833
Q3771356	6000000012479475591
Q3771374	6000000183974645870
Q3771385	6000000140997465822
Q3771386	6000000161414851825
Q3771387	6000000146290355854
Q3771392	6000000143328879017
Q3771404	6000000137375333833
Q3771414	6000000163235941839
Q3771415	6000000157013249834
Q3771421	6000000140708007858
Q3771424	6000000163479901893
Q3771430	6000000163806774822
Q3771435	6000000172478392742
Q3771436	6000000145358798886
Q3771437	6000000163756048822
Q377145	6000000015344343462
Q3771456	6000000178305283916
Q3771469	6000000145553147321
Q3771480	6000000163621205836
Q3771484	6000000140235848837
Q3771495	6000000182386073912
Q3771502	6000000142795147821
Q3771504	6000000167109323822
Q3771507	6000000166041394881
Q3771508	4293833436850035832
Q3771523	6000000151400723830
Q3771529	6000000024723463845
Q3771530	6000000145238882867
Q3771541	6000000156814091848
Q3771542	6000000080106098974
Q3771553	6000000150977738854
Q3771555	6000000163843391886
Q3771561	6000000145231733900
Q3771568	6000000156200448824
Q3771570	6000000140329288832
Q3771571	6000000156643991846
Q3771587	6000000145251845822
Q3771588	6000000144809844011
Q3771589	6000000125850957834
Q377161	6000000016483056819
Q3771624	6000000081866707850
Q3771625	6000000096329824916
Q3771630	6000000156347529822
Q3771647	6000000157658196844
Q3771648	6000000151384879797
Q3771655	6000000156471979896
Q3771668	6000000125247697066
Q3771686	6000000155833436934
Q3771689	6000000065591870851
Q3771693	6000000017108344016
Q3771696	6000000144461989855
Q3771713	6000000158172444822
Q3771714	6000000025666013988
Q3771722	6000000178324457840
Q3771725	6000000090857495877
Q3771734	6000000151128298933
Q377175	6000000010048394140
Q3771779	6000000145364153853
Q3771825	6000000140719750935
Q3771907	6000000151402597822
Q3771913	6000000140770119884
Q377197	6000000017121071375
Q3772	6000000083939339905
Q37725200	6000000011083728467
Q377253	6000000074455345878
Q37725486	6000000130141196821
Q377265	6000000156110719823
Q377271	6000000014289400425
Q3772793	6000000156478436861
Q3772796	6000000176185224849
Q3772798	6000000163749944011
Q3772810	6000000163190459893
Q3772815	6000000137342336838
Q3772850	6000000011287871460
Q3772927	384445251720005013
Q377308	6000000013036883012
Q37731298	6000000055398222924
Q377318	6000000006444081127
Q37732161	6000000006582741268
Q3773230	6000000146208034996
Q37732390	6000000009397419792
Q377325	6000000179119088891
Q3773330	6000000000906482130
Q37733307	6000000007025397278
Q377337	5356302379200050887
Q3773467	6000000095762327863
Q37734675	6000000150980942822
Q3773474	6000000122802071269
Q37735232	6000000078060557238
Q377353	6000000006908805980
Q37736851	6000000171836540090
Q3773732	6000000001406573139
Q3773779	6000000003273408092
Q3773788	6000000004169252111
Q37737973	6000000000742665138
Q377392	6000000014289007408
Q377409	6000000181711003926
Q377421	6000000002661182852
Q377424	6000000013052049458
Q377443	6000000076620282933
Q377450	6000000008550521641
Q377451	6000000020849340968
Q377459	6000000015333393458
Q377461	6000000205341523826
Q377463	6000000013279124192
Q377472	6000000015390668123
Q3774970	6000000004169206461
Q377498	6000000021428859408
Q377516	6000000031371033845
Q377526	6000000016795382244
Q377534	6000000019065975951
Q377541	6000000012139114706
Q377545	6000000054314370061
Q377550	6000000009066604423
Q377557	6000000020445212108
Q377558	6000000020402289035
Q377569	6000000000907842676
Q377575	6000000004216048054
Q3775893	6000000008003716313
Q3776009	6000000071024289219
Q3776019	6000000136579798353
Q377602	6000000022806455401
Q3776032	6000000166791781822
Q377623	6000000002676283529
Q377633	6000000070711301698
Q3776457	6000000000239325370
Q3776493	6000000156199876892
Q3776500	6000000145872451835
Q3776539	6000000143108328922
Q377656	6000000015333051681
Q377662	6000000042701963509
Q3776643	6000000010865784457
Q37767	6000000002154366217
Q3776796	6000000015486516229
Q37770753	6000000017029158964
Q377745	6000000040449306278
Q377762	6000000020944064332
Q37778189	6000000022264459369
Q3777852	6000000011623658323
Q377800	6000000056826581866
Q3778028	6000000015717279659
Q3778079	6000000015717546719
Q3778130	6000000144814470853
Q3778147	6000000137223194828
Q377815	6000000034271183492
Q37782051	6000000044366760049
Q377822	6000000007225529745
Q3778266	6000000003590015971
Q3778361	6000000075645129932
Q377842	6000000034080140836
Q377848	6000000021565858978
Q37787435	6000000181977700873
Q37787644	6000000036768115312
Q3778846	6000000108308777975
Q3778871	6000000145873189843
Q3778886	6000000140229191841
Q3778896	6000000091261253822
Q3778904	6000000069704320371
Q3778922	6000000088808056129
Q3778955	6000000151388133853
Q3778959	6000000105683392041
Q3778975	6000000177618935893
Q3778976	6000000071180955822
Q3779003	6000000033427277956
Q3779004	6000000168138384865
Q3779010	6000000164479763867
Q3779019	6000000141116586839
Q3779023	6000000157262503823
Q3779047	6000000157320393824
Q377912	6000000023757615379
Q3779142	6000000166028914824
Q3779149	6000000069412009826
Q3779156	6000000150988373828
Q3779167	6000000023680760392
Q3779186	6000000157286691866
Q3779193	6000000151463976866
Q3779199	6000000126445263876
Q3779212	6000000184009676822
Q3779217	6000000178298033828
Q3779230	6000000144728502861
Q3779231	6000000150907233121
Q3779236	6000000145781500869
Q3779238	6000000156938105941
Q3779242	6000000021035964134
Q3779257	6000000069717897236
Q3779258	6000000075196591827
Q3779269	6000000150855649370
Q3779270	6000000140875582822
Q3779271	6000000152211894828
Q3779281	6000000156499934822
Q3779288	6000000090981312821
Q3779296	6000000142926036838
Q3779301	6000000166393155911
Q3779315	6000000151132146931
Q3779333	6000000015275681456
Q3779338	6000000003897534240
Q3779342	6000000001053874040
Q3779346	6000000045925482828
Q3779351	6000000140305450858
Q3779358	6000000175462584972
Q3779360	6000000004547525249
Q3779380	6000000140699811936
Q3779388	6000000141039261125
Q3779399	6000000178596133863
Q3779401	6000000163414563881
Q3779404	6000000166764859826
Q3779415	6000000083817868884
Q3779426	6000000069583833124
Q3779427	6000000149944875892
Q3779433	6000000140771462875
Q3779437	6000000079564063922
Q3779443	6000000151238750821
Q3779466	6000000086060924942
Q3779486	6000000180006256828
Q3779489	6000000178259909833
Q3779501	6000000180096435834
Q3779504	6000000026118818402
Q3779505	6000000015395946852
Q3779506	6000000149594006884
Q3779514	6000000159424171924
Q3779536	6000000015737197731
Q37796	289119290720006503
Q37797	318993461260003726
Q377977	6000000006603856174
Q3779801	6000000010561930955
Q3779803	6000000112551840963
Q377985	6000000017740134873
Q3779886	6000000019070916512
Q3779909	6000000005599068036
Q3779925	6000000137337164023
Q3779929	6000000143120879865
Q3779931	6000000166456480832
Q3779934	6000000173874060312
Q3779945	6000000034679569691
Q3779948	6000000140788061950
Q377995	6000000061032215912
Q3779955	6000000157699115822
Q3779984	6000000065750151908
Q3779986	6000000145228620019
Q3780234	6000000124800847822
Q378025	6000000021423758620
Q378025	6000000022601442990
Q378025	6000000140730270066
Q3780293	6000000020434920813
Q378043	6000000006241058062
Q378053	6000000004132218326
Q378055	6000000058465192915
Q3780721	6000000010459190627
Q378088	6000000002666797324
Q378088	6000000039677723373
Q378088	6000000040974899839
Q378094	6000000163464901866
Q378102	6000000078072311426
Q378104	6000000002187931963
Q3781041	6000000013395759654
Q378122	6000000178599406908
Q378133	6000000017617176475
Q37813574	6000000015356207591
Q37814081	6000000007349640021
Q378157	6000000014382034663
Q3781648	6000000009213327259
Q378198	6000000025008218088
Q37819936	6000000098543124829
Q378200	6000000109755026836
Q37821425	6000000028621551997
Q378232	6000000007816340913
Q3782376	6000000015787542483
Q378240	6000000074177249076
Q37825977	6000000082698888485
Q378277	6000000177080742838
Q378286	6000000038377565101
Q378290	6000000017601242144
Q37829583	6000000010458174275
Q3783044	6000000028544824852
Q3783133	6000000174586156867
Q3783139	6000000025723098285
Q378317	6000000061116137917
Q378333	6000000067740752888
Q3783371	6000000056058480872
Q3783427	6000000018878476418
Q3783433	6000000004325998925
Q3783435	6000000015331887905
Q378344	6000000003961638077
Q3783475	6000000176991826907
Q3783488	6000000112992235177
Q3783491	6000000018865835206
Q3783505	6000000011500104380
Q3783506	6000000006804861426
Q3783509	6000000026521908084
Q3783537	6000000026607422092
Q378356	6000000074745534041
Q3783580	6000000172919386949
Q378380	6000000145546648831
Q3783993	6000000084821503954
Q3784099	6000000010374745600
Q3784220	6000000015650674593
Q3784268	6000000004957675393
Q3784285	6000000003139173116
Q3784329	6000000010085012294
Q37843553	301519352110007097
Q378439	6000000075326440003
Q3784452	6000000007980840353
Q378450	6000000012531125456
Q3784507	6000000040825272227
Q378462	6000000046702770241
Q3784667	6000000166296879822
Q3784808	6000000005679293013
Q3784832	6000000042899329348
Q3784875	6000000017902529105
Q3784877	6000000001877495773
Q3784883	6000000013339831099
Q3784891	6000000052247301062
Q3784900	6000000044462816891
Q3784907	6000000064942831874
Q3784910	6000000013372434119
Q3784912	6000000006444768905
Q3784915	6000000002188495809
Q3784916	6000000004079807390
Q3784917	6000000007452424488
Q3784919	6000000017612248163
Q3784929	6000000013250132277
Q3784931	6000000031503981349
Q3784940	6000000002188529858
Q3784941	6000000002188526338
Q3784943	6000000037016053542
Q3784946	6000000013248596903
Q3784947	6000000009609222250
Q3784948	6000000001058883920
Q3784959	6000000012677187304
Q3784961	6000000002672750419
Q3784972	350530802990001203
Q3784973	6000000005684516013
Q3784979	6000000141024105861
Q3784987	6000000002188458603
Q3784991	6000000014293072338
Q3784998	6000000001299363406
Q3784999	6000000003007683862
Q3785000	6000000007452212005
Q3785003	6000000004047601069
Q3785010	6000000020999251819
Q3785017	6000000040880209833
Q3785020	6000000003024829052
Q3785077	6000000030655038955
Q37850980	6000000030171394940
Q3785131	6000000083881915874
Q3785136	6000000074574022222
Q378517	6000000011626279828
Q3785231	6000000016184427269
Q378528	6000000074699493846
Q3785360	6000000156996435852
Q378553	6000000000490840872
Q3785608	6000000077802361148
Q37856226	6000000044649765924
Q3785751	6000000042016831915
Q3785978	6000000010143100063
Q378603	6000000143759484822
Q378629	6000000026296353977
Q378639	6000000134366515822
Q37864166	6000000036671345599
Q3786446	6000000039739997676
Q378645	6000000141114077527
Q378672	6000000010182248658
Q3786739	6000000091441060831
Q378674	6000000107931491847
Q3786741	6000000048055592361
Q378693	6000000138000036999
Q3787033	6000000019187219755
Q378727	6000000035308315354
Q3787449	6000000009636262832
Q3787461	6000000015247988943
Q3787466	6000000027875381750
Q378747	6000000021226592508
Q378756	6000000005598897132
Q378757	6000000150684396862
Q37876	6000000009677719251
Q37876243	6000000137027748522
Q3787657	6000000019332082049
Q3787726	6000000005850037002
Q378816	6000000002118940751
Q3788185	6000000061185062020
Q3788199	6000000005391455434
Q37882477	6000000020612507254
Q3788578	6000000010415095188
Q378858	6000000012778846895
Q378878	6000000026273449764
Q3788813	6000000176778867535
Q378882	6000000001910720257
Q37888317	6000000027948230283
Q378897	6000000151464194854
Q37900429	6000000183721271854
Q3790100	6000000025208953476
Q37901784	6000000003375708915
Q3790209	6000000065770411901
Q3790216	6000000021502422776
Q3790309	6000000001504666760
Q3790523	6000000056429217065
Q3790548	6000000014281868804
Q3790679	6000000002906956376
Q379069	379926705550006335
Q379115	6000000000453727862
Q3791482	6000000180408847829
Q379150	6000000017291149986
Q3791572	6000000008390394052
Q3791693	6000000151334021864
Q3791699	6000000156973485866
Q3791701	6000000046578534483
Q379172	6000000064712680919
Q3791735	6000000140442846847
Q3791741	6000000005599044610
Q3791910	6000000151447011948
Q379211	6000000023654149842
Q3792154	6000000082437408095
Q3792211	6000000182710678840
Q3792218	6000000166049256861
Q3792219	6000000156830521826
Q3792224	6000000151127859864
Q3792275	6000000064925854850
Q379229	6000000034867137056
Q3792297	6000000166281031826
Q3792298	6000000016360355331
Q3792301	6000000011579656512
Q3792311	6000000151354164993
Q3792327	6000000020933425877
Q3792329	6000000022150275253
Q3792333	6000000035349275205
Q3792335	6000000143328655863
Q3792336	6000000109667067832
Q3792344	6000000179199046826
Q3792353	6000000156496480825
Q3792360	6000000012042121985
Q3792364	6000000107629041933
Q3792380	6000000072422172328
Q3792381	6000000151487736824
Q3792395	6000000024212231322
Q37924388	6000000022603503783
Q37924763	41797
Q379250	6000000098131980910
Q3792538	6000000004543954184
Q379267	6000000137330897856
Q3792720	6000000122562970905
Q379300	6000000085759782841
Q379311	6000000155261993898
Q379328	6000000009285086422
Q37934838	6000000206231982821
Q37935010	6000000206231790849
Q3793588	6000000017302906026
Q379367	6000000024536271477
Q37936853	6000000023340878931
Q379398	6000000022494764383
Q37939916	6000000019894673935
Q379412	6000000082482357334
Q379417	6000000019495109759
Q37942401	6000000048508729965
Q37942986	6000000019895079105
Q37943891	6000000002188005888
Q37944369	6000000007453138122
Q379445	6000000015991707698
Q379471	6000000022718391352
Q379491	6000000081116637083
Q379493	6000000000648465432
Q379558	6000000003581677582
Q379560	6000000141108762137
Q379580	6000000016775022469
Q379599	6000000008852178396
Q379616	6000000070641577923
Q379621	6000000008279429116
Q379624	6000000005065443858
Q379627	6000000197037109854
Q379628	6000000078161271643
Q379631	6000000003855056759
Q379638	6000000000898280284
Q3796384	6000000179950593868
Q379642	6000000020917949808
Q379645	4754722369220039970
Q379664	6000000132361333861
Q379670	6000000033865109939
Q379673	6000000001977907751
Q379677	6000000004286529784
Q379679	6000000017242907084
Q379684	6000000069254986825
Q3796852	6000000183280433833
Q37970	6000000003483933025
Q37973137	6000000066296531826
Q3797350	6000000010570857420
Q379745	6000000014439290466
Q3797509	6000000008458390223
Q379758	6000000008425944335
Q379771	6000000141075402848
Q379779	6000000016535236901
Q379787	6000000029487842243
Q379802	6000000033000538346
Q379811	6000000027948188814
Q379812	6000000013125025277
Q379816	6000000003174367123
Q379836	6000000014110819870
Q3798370	6000000002222398777
Q379844	6000000002849064756
Q3798441	6000000068368938910
Q3798454	6000000017556244427
Q379847	6000000178662043825
Q379887	6000000021151653932
Q379895	6000000015863882017
Q3798983	6000000178180993822
Q37989846	6000000003287517668
Q379902	6000000079479352544
Q37990889	6000000001504447543
Q379912	6000000014328281881
Q379956	6000000021390308836
Q37996943	6000000103334563334
Q379975	6000000006375703092
Q37998156	6000000003000510822
Q37999169	6000000014566819218
Q37999189	6000000136792963926
Q37999191	6000000108009096832
Q37999198	6000000140449660836
Q379992	6000000037137265834
Q37999212	6000000097766296919
Q37999223	6000000021608924173
Q37999232	6000000009925301360
Q37999310	6000000000280504737
Q37999408	6000000002623172408
Q37999521	6000000024233926146
Q38002052	6000000172479599323
Q38002057	6000000155089170838
Q380036	6000000001222487286
Q380038	6000000003445397499
Q380052	6000000033763188482
Q380054	6000000006822896160
Q38005944	6000000023535106877
Q380085	6000000012606409755
Q380095	6000000172431713189
Q380113	6000000020229328571
Q380127	6000000077775875012
Q380133	6000000067463670856
Q380134	6000000000774509911
Q380148	6000000003923449408
Q380156	6000000031372322641
Q380171	6000000175333522968
Q3801711	6000000016162828190
Q3801717	6000000015748447743
Q380178	6000000007006980089
Q38018168	6000000009502875489
Q3801875	6000000157294512839
Q3801899	6000000135130808822
Q3801987	6000000070081605856
Q380202	6000000029471134396
Q3802194	6000000150667210944
Q3802251	6000000182431056830
Q3802253	6000000006166186694
Q3802255	6000000029517288472
Q3802271	6000000014706285249
Q3802280	6000000008279058347
Q3802281	6000000015771207410
Q3802287	6000000080116026927
Q380229	6000000078566797166
Q3802304	6000000001625543412
Q380235	6000000002764833055
Q3802357	6000000035209960463
Q38024292	6000000019790491591
Q3802491	6000000163769711922
Q380250	6000000111211125835
Q3802599	6000000002188483292
Q380272	6000000029158388082
Q380275	6000000132469323082
Q38027552	6000000030856279262
Q380282	6000000206437443829
Q380283	6000000019706489049
Q380286	6000000013471649469
Q38031251	6000000009880403554
Q380318	6000000092790686902
Q380330	6000000002447338039
Q3803406	6000000060002575064
Q380341	6000000075961892991
Q380347	6000000140689589042
Q380350	6000000010972200024
Q380366	6000000000301949614
Q380370	6000000032974849951
Q38037293	6000000027471659868
Q380383	6000000004079547042
Q380393	6000000074791899851
Q380398	6000000016641434089
Q380403	6000000014309256061
Q380404	6000000038201345956
Q3804068	6000000145409079822
Q380415	6000000017177443112
Q3804155	6000000142696864839
Q380418	6000000010918638675
Q380425	6000000003881034316
Q380426	6000000015371250320
Q380428	6000000027555550676
Q380429	6000000043310715261
Q380439	6000000003175552670
Q3804391	6000000145339324318
Q3804403	6000000152604639900
Q380441	6000000111412273940
Q3804425	6000000155517725822
Q3804430	6000000158075103863
Q3804447	6000000051097016843
Q3804512	5039053369370088907
Q380456	6000000079289670048
Q3804667	6000000180097072832
Q380467	6000000013088391620
Q380471	304091611390001823
Q3804736	6000000157604167044
Q3804764	6000000175700705844
Q3804765	6000000155258721956
Q38048065	6000000068532976859
Q3804826	6000000179222413843
Q380484	6000000013087592068
Q3804911	6000000165983681323
Q3804925	6000000021802822017
Q38049312	6000000011600583289
Q3804936	6000000006101202461
Q380494	6000000109810698833
Q380506	6000000003355309117
Q380509	6000000043233195056
Q38051181	6000000015683692291
Q38051185	6000000030727077058
Q380513	6000000000173186819
Q3805133	6000000100984802982
Q38052441	6000000001019930938
Q380529	6000000025755999573
Q380531	6000000004989532983
Q380545	6000000009307932568
Q380547	6000000016201007044
Q380550	6000000016326302413
Q38055045	6000000069274009973
Q3805537	6000000022756908586
Q3805570	6000000070970263679
Q380558	6000000064975435828
Q380562	6000000001900983204
Q380570	6000000022433987581
Q380573	6000000009821590589
Q3805768	6000000030108974663
Q3805820	6000000002188386621
Q3805854	6000000163840372015
Q3805878	6000000163451812897
Q380598	6000000074753548997
Q3806290	6000000008102761618
Q3806318	6000000102672681946
Q380645	6000000017738114093
Q3806461	6000000000777855127
Q3806466	6000000024504452983
Q380648	6000000031278042050
Q3806493	6000000002188674625
Q3806494	6000000002188674586
Q3806495	6000000002188674592
Q3806496	6000000002188674604
Q3806528	6000000006451192858
Q3806529	6000000006451641899
Q3806533	6000000002649884678
Q3806537	319433220830003030
Q3806547	6000000013051909590
Q3806566	6000000019247743025
Q3806582	6000000017366083142
Q3806587	6000000023458859094
Q3806588	6000000001792609913
Q380659	6000000001437800220
Q3806590	6000000003446308791
Q3806592	6000000003446398863
Q3806594	6000000004361134099
Q3806642	6000000040496780207
Q3806658	6000000003681353919
Q3806658	6000000021137057968
Q3806688	6000000008630249560
Q3806696	6000000137547889826
Q3806715	6000000021489430816
Q380685	6000000069501594364
Q3806873	6000000040181727076
Q3806886	6000000039706826793
Q3806949	6000000076219106968
Q3806958	6000000025277715020
Q3806961	6000000181413225841
Q3806996	6000000033091651726
Q3807004	6000000018547857224
Q3807007	6000000016315465889
Q380704	6000000013991201907
Q3807054	6000000058658370839
Q380706	6000000042409071906
Q380715	6000000159902645822
Q380717	6000000015742062584
Q380719	6000000002251826475
Q380723	6000000022851301304
Q380738	6000000155055551821
Q38073832	6000000018916418068
Q380742	5459722783080115017
Q3807595	6000000133189163821
Q380760	6000000024036129821
Q3807679	6000000002836322459
Q380768	6000000200404338824
Q3807704	6000000074362064838
Q3807714	6000000044140334861
Q3807717	6000000182880303847
Q380774	6000000018080855166
Q3807790	6000000175588613849
Q38078412	6000000118187558128
Q3807913	6000000007171411450
Q3807961	6000000127147028579
Q3808008	6000000000916644069
Q3808121	6000000125379858833
Q38082	6000000010530727333
Q380824	6000000026679518253
Q3808258	6000000091256984966
Q380830	6000000135717066822
Q380834	6000000048938091861
Q38083676	6000000006597621158
Q38083996	6000000043791526344
Q3808406	6000000033816712662
Q38084271	6000000042012441387
Q38084674	6000000054435907862
Q3808534	6000000013102022727
Q3808574	6000000020229484260
Q3808635	6000000015063357185
Q380865	6000000013250246532
Q3808652	6000000178059134883
Q380875	6000000083758397242
Q380876	6000000015275204721
Q3808773	6000000012489728231
Q3808775	6000000030069552864
Q3808804	6000000018319466324
Q3808827	6000000007513159628
Q380884	6000000008671197703
Q380887	6000000006323726173
Q3808873	6000000016528547415
Q3808905	6000000072394710021
Q3808914	6000000011944535071
Q3808920	6000000019446934222
Q3808923	6000000074711753833
Q38089313	6000000180656087843
Q380894	6000000000335224642
Q3808958	6000000062728323209
Q380900	6000000027543228745
Q3809029	6000000017392156170
Q3809048	6000000006582449195
Q3809085	6000000000307271494
Q3809116	6000000171756987970
Q3809123	6000000001642993483
Q3809125	6000000016451843366
Q3809129	6000000011049892256
Q3809134	6000000069550009352
Q3809216	6000000006810455089
Q3809218	6000000006804764344
Q3809220	6000000006452092010
Q3809221	6000000003125460160
Q3809241	6000000005598904668
Q3809247	6000000032354259377
Q3809258	6000000182774695834
Q3809262	6000000006444398228
Q380927	6000000027466808808
Q3809281	6000000015610782564
Q3809294	6000000032867785361
Q3809310	380028928850012968
Q3809311	380029481150004946
Q3809333	6000000151377371879
Q3809336	6000000001190062163
Q3809349	6000000018538369250
Q3809350	6000000018535461883
Q380937	6000000006846008291
Q3809372	6000000027520203039
Q380938	6000000010626725782
Q3809381	6000000016867042216
Q3809383	6000000050681256332
Q3809405	6000000072026484001
Q3809432	6000000000632116404
Q3809433	6000000000307240840
Q3809434	6000000000307240858
Q38094374	6000000053470811897
Q380945	6000000017218980082
Q3809451	6000000001299320862
Q3809454	6000000011062139355
Q3809455	362792651260001201
Q3809468	6000000012576493735
Q380949	6000000002752597061
Q380953	6000000179199186844
Q3809552	6000000014809180050
Q3809567	6000000002932663595
Q3809577	6000000032694065829
Q3809602	6000000176991942843
Q38096022	6000000019266447200
Q3809615	6000000017906704796
Q38096312	6000000018201996139
Q3809633	6000000008630255012
Q3809637	6000000101122308191
Q380970	6000000026944745709
Q3809707	6000000010967709781
Q38097491	6000000076311847995
Q38097776	6000000034561326243
Q3809789	6000000182697233825
Q3809793	6000000155829585828
Q3809796	6000000107931558896
Q380982	6000000022046021044
Q380985	6000000023525364678
Q38098503	6000000025111533019
Q380997	6000000015193590335
Q381007	6000000000597998786
Q3810075	6000000100767617838
Q3810108	6000000071733180664
Q3810109	6000000076027448831
Q3810119	6000000075862657934
Q3810120	6000000006444790475
Q38101584	6000000011600478398
Q3810180	6000000008439779675
Q3810223	6000000020322352888
Q3810237	6000000007068661488
Q3810240	6000000017423973842
Q3810255	6000000027633874539
Q381027	6000000042841631519
Q3810272	6000000015490750187
Q3810278	6000000136847301936
Q3810285	6000000059453053213
Q3810286	6000000025122838418
Q3810301	6000000141950825869
Q381031	6000000046771928835
Q3810362	6000000008520565006
Q3810363	6000000076955158910
Q381039	6000000020267761841
Q3810457	6000000000284976650
Q3810473	6000000177145163893
Q3810498	6000000001566525428
Q3810566	6000000029945505230
Q3810583	6000000015509654143
Q3810601	6000000027487037978
Q3810648	6000000002863400361
Q381073	6000000033634669446
Q3810766	6000000006718635650
Q3810777	6000000014641678408
Q38108379	6000000036554358878
Q3810857	6000000000177977378
Q381088	6000000011735742810
Q3810965	5702393759670052783
Q3811045	6000000159434593822
Q38111	6000000009019102421
Q3811137	6000000092296725964
Q3811186	6000000011250721726
Q3811197	6000000009369925493
Q3811251	6000000026843057709
Q381157	6000000015030952370
Q3811584	6000000096297780901
Q3811608	6000000040520045087
Q3811609	6000000141002169825
Q3811628	6000000156872177206
Q3811767	6000000002688984017
Q381178	6000000010562187338
Q38118	6000000002188461228
Q381185	6000000033120797890
Q38119	6000000015085911692
Q381203	6000000014536233187
Q38120685	6000000117819578923
Q38122389	6000000011791249418
Q381238	6000000002429291281
Q3812383	6000000016571684902
Q381277	6000000070496304360
Q381285	6000000009923474641
Q381292	6000000000701259764
Q381301	6000000000566571886
Q3813026	6000000004986758021
Q3813033	6000000016259208630
Q381307	6000000025875878043
Q3813082	6000000013080693563
Q3813118	5239307841710021547
Q381320	6000000000506584341
Q381322	6000000175357632127
Q38132850	6000000027002313815
Q3813302	6000000013668457734
Q3813320	6000000039543055901
Q3813363	6000000039541000831
Q3813372	6000000002217559631
Q381347	6000000000409173656
Q38135092	6000000167381267931
Q3813627	6000000017452118740
Q3813682	6000000013123334016
Q3813688	6000000016773358751
Q38136886	6000000003988558947
Q3813689	6000000026681818684
Q381373	6000000217495028821
Q381381	6000000105313306060
Q3813876	6000000074707437104
Q381390	6000000037478503953
Q3813957	6000000053593135061
Q381397	6000000001484129751
Q3814019	6000000071858402951
Q3814064	6000000086401265152
Q3814149	6000000109021764827
Q3814174	6000000025499725364
Q381418	6000000069369341886
Q3814180	6000000002406791388
Q3814198	6000000003273408083
Q381433	6000000012654395608
Q381443	6000000003363003735
Q381447	6000000010885948306
Q3814503	6000000031957308607
Q381452	6000000027896458169
Q3814537	6000000022171355899
Q381456	6000000033310514271
Q381458	6000000009170459278
Q3814582	6000000003896777629
Q381465	6000000007051898481
Q3814719	6000000035025985887
Q3814725	6000000063352938900
Q381484	6000000041543434683
Q381485	6000000020985227884
Q3814867	6000000021648727853
Q381489	6000000002885556756
Q381495	6000000021011176109
Q381505	6000000016361025488
Q381507	6000000016348227060
Q3815096	6000000004648130290
Q381511	6000000018220374193
Q3815161	6000000164888409901
Q381518	6000000054786292874
Q381521	6000000000386089810
Q3815233	6000000014894239163
Q38152901	6000000173959639042
Q3815291	6000000030350158475
Q38152950	6000000087329813952
Q3815471	6000000003982783054
Q38154926	6000000020746819725
Q3815502	6000000005582853920
Q38155227	6000000001821190046
Q3815624	6000000011464360114
Q38156488	6000000018346341868
Q3815649	6000000046558271345
Q38156773	6000000018554563820
Q38156788	6000000019335166150
Q381568	6000000034388821434
Q38156873	6000000035665796294
Q3815699	6000000017638826442
Q38158336	6000000000973722074
Q38158586	6000000018923932203
Q3815983	6000000053042477323
Q3816	6000000010208465775
Q381600	6000000003938311687
Q3816002	6000000010153461219
Q3816011	6000000008458667845
Q3816061	6000000026505004011
Q381610	6000000028355273623
Q3816100	6000000087159996836
Q38162635	6000000002736552384
Q38163	6000000012424297533
Q3816306	6000000009806242141
Q381657	6000000009418783199
Q381667	6000000044643996028
Q38167	6000000012414142350
Q381670	6000000027773418836
Q381674	6000000031154557979
Q3816877	6000000028848373587
Q38169355	6000000026052735359
Q3817022	6000000143197459829
Q38170794	6000000012402239130
Q381708	6000000083512197828
Q3817176	6000000017808112683
Q3817195	6000000014633732183
Q381720	6000000122649302904
Q381721	6000000087338257324
Q381726	6000000006901352514
Q3817341	6000000009544368666
Q3817378	6000000035954366190
Q3817450	6000000032735224583
Q3817460	6000000002765016467
Q3817463	6000000005598803846
Q3817720	6000000153743276876
Q3817748	6000000027819238930
Q3817784	6000000119357185840
Q381796	6000000000641928144
Q381801	6000000022964779315
Q3818047	6000000014562767973
Q381822	6000000037677834496
Q381841	6000000147742315822
Q381848	6000000173111386069
Q3818523	6000000097010603822
Q381854	6000000002688650762
Q3818546	6000000018952483210
Q381865	6000000008962459497
Q3818657	6000000016708673244
Q381868	6000000015886568491
Q38187558	6000000080561534821
Q381880	6000000020135798522
Q381894	63756
Q381900	6000000144739915823
Q3819081	5426980805430130987
Q3819089	6000000029142792085
Q3819219	6000000002855538158
Q3819227	6000000157309401882
Q3819267	6000000016775643056
Q38193	6000000030938931851
Q381944	6000000069288832991
Q381950	6000000002524865688
Q381953	4544348734470043035
Q3819547	6000000140267550827
Q38195486	6000000044811869963
Q38195664	6000000008435668563
Q3819618	6000000060179902997
Q38196234	6000000008025257105
Q3819807	6000000025916509805
Q3819816	6000000002856905919
Q381994	6000000000477948280
Q38200	6000000007603943492
Q38201252	6000000197574647845
Q382013	6000000007878519269
Q38201864	6000000051665296112
Q3820195	6000000011382677992
Q382022	6000000012135224766
Q38203	6000000008221715664
Q382036	6000000026855057952
Q382040	6000000019329523492
Q3820408	6000000012838763498
Q382049	6000000047405104932
Q38204964	6000000040964946292
Q3820594	6000000180502270828
Q3820778	6000000006727746344
Q382094	6000000177550917837
Q382109	6000000002790877064
Q382112	6000000018172083395
Q38211313	6000000074752389698
Q3821249	6000000013486513939
Q3821280	6000000176509470826
Q382138	6000000071160702182
Q3821470	6000000017847956452
Q3821483	4214000431050031547
Q38214862	6000000064765497925
Q3821629	6000000079561635609
Q3821685	6000000010365087232
Q3821837	6000000032009996197
Q382193	6000000178603623832
Q3822009	6000000006102929073
Q38221086	6000000023515861815
Q382213	6000000010298032686
Q38222	6000000010081511196
Q382226	6000000003219727443
Q38223381	6000000019885261084
Q38225177	6000000003254777201
Q3822582	6000000039134661703
Q382267	6000000002058892933
Q382271	6000000037094475241
Q38227596	6000000043590116912
Q382278	6000000061671235821
Q38228907	6000000007387640651
Q3822926	6000000005599170462
Q382295	6000000021745785555
Q382322	6000000110674865920
Q3823221	6000000019186123425
Q382352	4420279
Q382358	6000000017743465239
Q38236772	6000000028829573382
Q382369	6000000176906073829
Q38240335	6000000019897825543
Q382414	6000000012489793583
Q38241840	6000000013061397117
Q382420	6000000018597573104
Q382423	6000000008201661783
Q3824293	6000000070949380243
Q382433	5294492987520050467
Q382439	6000000011432004948
Q382448	6000000009358700281
Q38247948	6000000003075667094
Q382485	6000000049832108041
Q382492	6000000002951830839
Q382502	6000000007498269848
Q3825129	6000000002802927130
Q3825145	6000000002941445495
Q382517	6000000022043722122
Q382533	6000000013227329618
Q3825435	6000000013660768013
Q3825635	6000000166048118867
Q38257	6000000032966946219
Q382573	6000000035087924333
Q38259490	6000000012288262652
Q382604	6000000052116079057
Q382608	6000000007310851589
Q382611	6000000064331691827
Q3826145	6000000052694408879
Q3826323	6000000178266439838
Q3826345	6000000182722056837
Q3826346	6000000083820000925
Q382638	6000000069703955577
Q382640	6000000008428418904
Q38264605	6000000000705326006
Q3826495	6000000023077118891
Q38265396	6000000012878879354
Q38265635	5500566912600069176
Q382658	6000000084147931112
Q3826587	6000000001272320398
Q3826590	6000000068490697317
Q3826605	6000000021592634990
Q3826618	6000000081116628156
Q382666	6000000032434858440
Q382671	6000000029814950263
Q3826843	6000000142662666837
Q3826856	6000000156175584835
Q382688	6000000020970471262
Q382696	6000000021011008555
Q38270368	6000000009944675089
Q3827047	6000000044599317003
Q382709	6000000006590075574
Q382715	6000000016492822902
Q382718	6000000012664630617
Q3827209	6000000023219663623
Q382723	6000000013428908461
Q3827238	6000000015321324730
Q382730	6000000015084666001
Q382739	6000000007454906788
Q382744	6000000047048495050
Q382767	6000000002528766141
Q382768	6000000025863088240
Q3827682	6000000145054418846
Q382771	6000000003203175537
Q3827715	6000000016020505219
Q3827725	6000000010799133913
Q3827736	6000000150674949841
Q3827740	6000000069635291821
Q3827749	6000000177318521852
Q3827769	6000000166550298280
Q38278	5396241170190044169
Q3827801	6000000051660663922
Q382782	6000000020014886101
Q3827834	6000000137010323887
Q3827835	6000000165969282072
Q3827838	6000000150674331924
Q3827844	6000000155801941836
Q3827845	6000000066935411842
Q3827856	6000000136804096938
Q382789	6000000149604194943
Q3827899	6000000158150810821
Q3827905	6000000001059118754
Q3827926	6000000006411280199
Q3827966	6000000046556923745
Q382801	6000000015290402044
Q3828062	6000000167122630869
Q38281	6000000002188466564
Q38281286	6000000022512835831
Q3828136	6000000009929861767
Q38281472	6000000022521808701
Q38281481	6000000022523340946
Q38281488	6000000022522262115
Q38281499	6000000022521618490
Q38281509	6000000022521273144
Q38281509	6000000044468144750
Q38281796	6000000012451572112
Q382823	6000000001180382316
Q3828245	6000000014939091994
Q3828246	6000000014939201112
Q3828248	6000000157946555987
Q382825	6000000016733275927
Q3828259	6000000143806649903
Q382830	6000000011146928047
Q3828508	4315742410860030603
Q382854	6000000010792766799
Q382856	6000000020194881764
Q382859	6000000001655656367
Q3828645	6000000002625917550
Q382868	6000000020193925615
Q382883	6000000018845810136
Q382900	6000000036223726615
Q3829208	6000000166460990830
Q3829224	6000000076911882989
Q3829233	6000000093711879871
Q3829267	6000000160390780823
Q3829277	6000000155902303825
Q382930	6000000020193314947
Q3829374	6000000025765500974
Q38293788	6000000167340222177
Q38294145	6000000036313159520
Q382943	6000000052365445929
Q38294417	6000000078876279056
Q382949	6000000003496784378
Q382987	6000000151913731825
Q3830078	6000000141081262926
Q3830079	6000000090856481903
Q3830081	6000000145350235865
Q3830083	6000000156485273834
Q3830087	6000000156763756840
Q3830149	6000000033431173883
Q383015	6000000000405245673
Q3830158	6000000172742829253
Q38302	6000000078417826908
Q3830200	6000000078152981891
Q3830244	6000000070409218855
Q3830245	6000000137332996866
Q3830251	6000000211580427853
Q3830267	6000000021896245165
Q3830297	6000000029469353918
Q3830298	6000000000348765638
Q3830311	6000000020502552949
Q3830319	6000000087950740833
Q3830380	6000000179195903022
Q3830383	6000000169348078933
Q3830396	6000000156827223822
Q3830439	6000000163621817842
Q3830446	6000000140718671266
Q3830452	6000000159892829861
Q38304699	6000000051693082498
Q3830483	6000000150665039003
Q3830516	6000000144733595844
Q3830526	6000000088745628036
Q3830537	6000000035168024663
Q3830563	6000000132053355919
Q3830624	6000000142777577822
Q3830643	6000000013261773201
Q3830659	6000000069649947362
Q3830679	6000000163422860629
Q3830685	632801
Q3830696	6000000023341529570
Q3830699	6000000091181525983
Q3830700	6000000007387699218
Q38307068	6000000028478677069
Q3830709	6000000009959072508
Q3830712	6000000156641394868
Q3830713	6000000156295112822
Q3830714	4569290781810076976
Q3830715	6000000166399450835
Q3830719	6000000144741252894
Q3830724	6000000156185739848
Q3830725	6000000155861343822
Q3830727	6000000002188466223
Q383074	6000000010153754333
Q38308	6000000009654990907
Q3831059	6000000003538057735
Q3831167	6000000166200087822
Q3831512	6000000083815550948
Q3831541	6000000140831570834
Q3831675	6000000178165619850
Q3831683	6000000075254679895
Q3831684	6000000178300270070
Q3831692	6000000141096393964
Q3832043	6000000157517064847
Q3832365	6000000145257923828
Q3832378	6000000157675923837
Q3832383	6000000166912984821
Q3832433	6000000074318551135
Q3832549	6000000150667230822
Q3832550	6000000137665546822
Q3832557	6000000140766922902
Q3832582	4008823208340127511
Q3832605	6000000142884770822
Q383271	6000000001326487802
Q383293	6000000025981991909
Q3833084	6000000151443746846
Q3833096	6000000145051573850
Q3833097	6000000178603733821
Q3833099	6000000140866413833
Q3833128	6000000135712897821
Q3833175	6000000183976889822
Q3833177	6000000183973544898
Q3833183	6000000042316918906
Q3833190	6000000013217672115
Q383324	6000000144173601572
Q38337	6000000006575220761
Q383397	6000000176424596839
Q38340986	6000000017877572383
Q383420	6000000008562635220
Q383433	6000000013658866520
Q383435	6000000012699019466
Q383442	6000000049738348860
Q383449	6000000006428975787
Q383450	6000000026028074861
Q38346	6000000002188466635
Q383470	6000000012064227251
Q383488	6000000006727741218
Q3834997	6000000144739269900
Q383515	6000000030186069004
Q383528	6000000087021799878
Q3835538	6000000015322761433
Q3835541	6000000015163932425
Q3835546	6000000014279839386
Q3835597	6000000142906350864
Q3835599	6000000012921034055
Q3835616	6000000003108524241
Q3835618	6000000033538796472
Q3835625	6000000156264234959
Q3835629	6000000182428221823
Q3835638	6000000178555297895
Q383591	6000000025605382345
Q3836359	6000000156475679847
Q3836373	6000000156219081942
Q3836375	6000000023852396860
Q3836376	6000000155819604906
Q3836378	6000000029047673358
Q3836379	6000000171062886126
Q3836483	6000000019807196035
Q38366166	6000000007097387971
Q3836673	6000000029061154478
Q3836933	6000000015146960734
Q3836941	6000000140227783169
Q3836944	6000000163358286860
Q3836945	6000000178298349846
Q3836946	6000000151402517958
Q3836959	6000000142896266903
Q3836967	6000000155517634841
Q3836969	6000000095729422116
Q3836975	6000000163358642827
Q3837032	6000000015258183406
Q3837082	6000000145614276822
Q3837093	6000000178556370845
Q3837175	6000000144738720931
Q3837475	6000000157656424877
Q383754	6000000077308277959
Q3837586	6000000151462459862
Q3837606	6000000003005128904
Q3837632	6000000002188453308
Q3837636	6000000004034074616
Q3837637	6000000011261003431
Q3837638	6000000023079440208
Q3837639	6000000000632091663
Q3837640	6000000002188508107
Q3837642	6000000006804300900
Q3837647	6000000001925251482
Q383772	6000000016651057612
Q38377527	6000000058183324897
Q38377989	6000000018067739826
Q383786	6000000166400593850
Q383798	6000000003345767255
Q383802	6000000044184382049
Q3838060	6000000155837734835
Q3838079	6000000182726928888
Q3838082	6000000167132558834
Q38381285	6000000054494512138
Q3838131	6000000069644337469
Q3838207	6000000166395604925
Q3838209	6000000150678623834
Q383821	6000000066966901845
Q3838229	6000000156190759862
Q3838240	6000000144743172859
Q3838246	6000000076721289843
Q383829	6000000016473929201
Q3838292	6000000069490691856
Q3838317	6000000178556405836
Q3838325	6000000174302636893
Q3838336	6000000145877319928
Q3838415	6000000137093961822
Q3838420	6000000173900076114
Q3838462	6000000016867601757
Q3838464	6000000145022954873
Q3838473	6000000012700228690
Q3838484	6000000062007608026
Q3838490	6000000002188005716
Q3838504	6000000142901175840
Q3838508	6000000039707285984
Q3838509	6000000157744135824
Q3838517	6000000007242265283
Q3838519	6000000157678307824
Q3838528	6000000069497421086
Q3838534	6000000141074401044
Q3838562	6000000155796380822
Q3838579	6000000141077180917
Q3838584	6000000181907242836
Q3838598	6000000068890332902
Q3838603	6000000178961652925
Q3838611	6000000166671718970
Q3838616	6000000145366095823
Q3838656	6000000157321140859
Q3838684	6000000136774534085
Q3838692	6000000156963837822
Q3838699	6000000145521772834
Q3838704	6000000145874556884
Q3838781	6000000157680031852
Q3838782	6000000219314140821
Q3838797	6000000156965245822
Q383883	6000000029820449021
Q38388829	6000000052748311869
Q3838889	6000000175462585007
Q3838892	6000000051660319160
Q3838922	6000000178025335841
Q3838924	6000000136807585897
Q3838945	6000000166043003858
Q3838946	6000000033306943058
Q3838979	6000000015342972897
Q3839089	6000000137616011974
Q3839117	6000000015195008640
Q3839121	6000000044241317331
Q3839130	6000000157609753862
Q3839135	6000000145533191825
Q3839145	6000000025634318335
Q3839146	6000000073212589018
Q3839148	6000000151125920893
Q3839172	6000000013695201340
Q3839175	6000000023108961901
Q3839179	6000000060317652877
Q38392	6000000010414357827
Q3839239	6000000068441490332
Q3839240	6000000010762968042
Q3839252	6000000114838185840
Q3839257	6000000143550292962
Q383926	6000000034235908097
Q3839261	6000000137802240923
Q3839268	6000000157272367885
Q3839270	6000000015957637327
Q3839273	6000000166713453829
Q3839279	6000000145956018822
Q3839295	6000000050308553840
Q383930	6000000016751184513
Q3839302	6000000163423198042
Q3839306	6000000157315510822
Q3839312	6000000155817552845
Q3839316	6000000084774334096
Q3839317	6000000069637615041
Q3839332	6000000150922253083
Q3839334	6000000163459137997
Q3839343	6000000068537096035
Q3839346	6000000141011387924
Q3839347	6000000155254222822
Q3839348	6000000136877082845
Q3839357	6000000071407172169
Q3839359	6000000141112034070
Q3839362	6000000173873954130
Q3839367	6000000156796807822
Q3839381	6000000141005790943
Q3839386	6000000166893622828
Q3839388	6000000163264253825
Q3839389	6000000137994570369
Q3839392	6000000146288545957
Q3839394	6000000155834908839
Q3839395	6000000001932881236
Q3839397	6000000137324043998
Q3839399	6000000143233765822
Q3839418	6000000058896907842
Q383942	6000000016886896687
Q3839420	6000000144464083831
Q3839433	6000000140765050862
Q3839442	6000000027541268242
Q3839446	6000000151004134839
Q3839452	6000000157609057126
Q3839456	6000000178573196985
Q3839468	6000000151914953874
Q3839482	6000000172479055139
Q3839487	6000000137619292054
Q3839491	6000000024080763727
Q3839492	6000000091258510821
Q3839493	6000000141107240823
Q3839505	6000000151448142971
Q3839509	6000000163251704822
Q3839521	6000000152500514848
Q3839525	6000000150675786823
Q3839534	6000000156884700857
Q3839537	6000000141017252922
Q3839538	6000000163824043010
Q3839543	6000000178262274955
Q383955	6000000022187388512
Q3839551	6000000164251839831
Q3839558	6000000156883323886
Q3839561	6000000088386668893
Q3839575	6000000021002485811
Q3839581	6000000137623819134
Q3839584	6000000115225406905
Q3839603	6000000156761685113
Q3839610	6000000137615189859
Q3839614	6000000178306343821
Q3839617	6000000163399077831
Q3839619	6000000145438869829
Q3839626	6000000140736162966
Q3839647	6000000141014328024
Q3839652	6000000166893912843
Q3839656	6000000000906799114
Q3839683	6000000091182004920
Q3839684	6000000179077471828
Q3839686	6000000156762043822
Q3839715	6000000010886981299
Q3839716	6000000178576597822
Q3839722	6000000151133492953
Q3839727	6000000079201167184
Q3839728	6000000145781667055
Q3839731	6000000136524235916
Q3839732	6000000157605590995
Q3839741	6000000081355798863
Q3839753	6000000104639149186
Q3839754	6000000163249145822
Q3839758	6000000145336617865
Q3839767	6000000025609750625
Q38397683	6000000023142607360
Q3839784	6000000156989035857
Q3839789	6000000163460855834
Q3839794	6000000145600609831
Q3839808	6000000137838358821
Q3839809	6000000182774052842
Q3839810	6000000108726503896
Q3839812	6000000178703171884
Q3839817	6000000068367321829
Q3839825	6000000156207041913
Q3839827	6000000157301286822
Q3839833	6000000134206659858
Q3839839	6000000145350906872
Q3839867	6000000145592143822
Q3839874	6000000137999774982
Q3839875	6000000163800767895
Q3839885	6000000142889080201
Q3839886	6000000152506246822
Q3839889	6000000090965886893
Q3839892	6000000145250630944
Q3839911	6000000069136279904
Q3839912	6000000140769987822
Q3839916	6000000156763003882
Q3839919	6000000182784582822
Q3839924	6000000143200648822
Q3839925	6000000141070891022
Q3839926	6000000156186576859
Q3839932	6000000104672803822
Q3839933	6000000166200243827
Q3839939	6000000177920240837
Q3839955	6000000090960484866
Q3839969	6000000143825853243
Q3839975	6000000173938449872
Q3839986	6000000158178742822
Q3839991	6000000178186103822
Q3840001	6000000105203176969
Q3840010	6000000145370805822
Q38400108	6000000080995437994
Q3840018	6000000166885438876
Q3840033	6000000173904860978
Q3840037	6000000156815763858
Q3840042	6000000079501726048
Q3840048	6000000173904860970
Q3840049	6000000155530941821
Q3840053	6000000145256317837
Q3840060	6000000141070482847
Q3840064	6000000041194098069
Q3840071	6000000143250136197
Q3840074	6000000134595376828
Q3840078	6000000156806957834
Q3840083	6000000143317294066
Q3840085	6000000166054230844
Q3840102	6000000163398648835
Q3840108	6000000006483084005
Q3840114	6000000150670292851
Q3840124	4628231588080129278
Q3840127	6000000143244870876
Q3840138	6000000163267429821
Q3840151	6000000151356507941
Q3840160	6000000140900280821
Q3840169	6000000178251164829
Q3840193	6000000142793801821
Q3840197	6000000177619870884
Q3840206	6000000151404585904
Q3840209	6000000163846243865
Q3840216	6000000145351967845
Q3840224	6000000103894466012
Q3840237	6000000163370984975
Q3840242	6000000145353079822
Q3840250	6000000181566227850
Q3840251	6000000137840029849
Q3840260	6000000089458175875
Q3840262	6000000145340629430
Q3840264	311942359020005985
Q3840269	6000000145055975835
Q3840283	6000000031970028980
Q3840299	6000000021769729828
Q384030	6000000082695851050
Q3840304	6000000028734708911
Q384036	6000000035444024174
Q384038	6000000072376163912
Q3840391	6000000000123979415
Q3840394	6000000005071241199
Q3840426	6000000128091131948
Q3840442	6000000141104086874
Q3840450	6000000007990529717
Q3840465	6000000140722846978
Q3840474	6000000140864852824
Q3840480	6000000010083436996
Q3840486	6000000136973756141
Q3840543	6000000020397406754
Q3840917	6000000050881325595
Q3841101	6000000018657400299
Q38415	6000000015613972285
Q384190	6000000056409220842
Q3842100	6000000020073538967
Q3842145	6000000006435124039
Q38422	6000000012414047414
Q3842280	6000000080036525831
Q3842282	6000000177209695846
Q38430678	6000000010867835389
Q384309	6000000003192346485
Q3843095	6000000083498845298
Q3843158	6000000156477127833
Q3843379	6000000012875727486
Q3843384	6000000033955601177
Q384370	6000000008248200771
Q3843741	6000000173901593879
Q3843785	6000000007345555913
Q384387	6000000039683204089
Q3844044	6000000046762257114
Q384428	6000000014621103024
Q3844495	6000000140767775839
Q384470	6000000080484952896
Q3844717	6000000178965632823
Q38447266	6000000021193539635
Q3844727	6000000150908032860
Q3844728	6000000011327712400
Q3844747	6000000179075060938
Q3844749	6000000141044756927
Q3844770	6000000012396315993
Q384481	6000000035307754383
Q38448329	6000000012983858159
Q38449646	5189439308910060309
Q3844990	6000000033818618657
Q38450170	6000000013235326955
Q3845107	6000000134154259822
Q38451102	6000000007751668536
Q38452017	6000000015876517194
Q3845249	6000000136357873858
Q384529	6000000007469711630
Q3845489	6000000069479861386
Q3845541	6000000156884340839
Q3845564	6000000020638192460
Q3845575	6000000157124914822
Q3845586	6000000182429546852
Q3845614	6000000033536000737
Q3845663	6000000142899948907
Q3845682	6000000134063753913
Q3845686	6000000142694935829
Q3845701	6000000000116753717
Q3845707	6000000026118427912
Q3845728	6000000013706166561
Q3845880	6000000014163837232
Q38459463	6000000070778319842
Q3845947	6000000037710030077
Q3845957	6000000151125096832
Q3845959	6000000156667593824
Q38460106	6000000012381399989
Q3846031	6000000146288789876
Q3846086	6000000136341924822
Q3846103	6000000055307302841
Q3846117	6000000165969901927
Q3846130	6000000156926255887
Q3846166	6000000182734793860
Q3846256	6000000013373704970
Q3846346	6000000091221835148
Q3846372	6000000156831600828
Q3846392	6000000136892974851
Q3846412	6000000137211485831
Q3846426	6000000087473576823
Q38464951	6000000165983662380
Q384655	6000000142036298870
Q38465683	6000000134645073821
Q38465687	6000000074257911837
Q38465732	6000000003938231516
Q3846608	6000000020256612920
Q384661	6000000011614685344
Q3846630	6000000026178718645
Q3846699	6000000041637310899
Q3846745	6000000012547654252
Q3846770	6000000011668415978
Q3846860	5260119372480120205
Q384687	6000000041749527760
Q3846871	6000000000772258651
Q3846872	6000000003891404454
Q3846874	6000000019262857392
Q3846892	6000000018940941621
Q3846894	6000000014749491400
Q3846899	6000000002006313776
Q3846906	6000000068426720821
Q384694	6000000014362581126
Q3846948	6000000090961037927
Q3846962	6000000137116381870
Q3846967	6000000028878945442
Q3846971	6000000008851470234
Q3846996	6000000006444099404
Q3847007	6000000010682352178
Q3847030	6000000134683229883
Q3847044	6000000172198922253
Q3847046	6000000073191389075
Q3847079	6000000008114229322
Q3847091	6000000006101404674
Q3847094	6000000140749877855
Q3847095	6000000149944666898
Q3847101	6000000007387470489
Q3847119	6000000010219117579
Q3847122	6000000008279046689
Q3847140	6000000156922375857
Q3847142	6000000145559774849
Q3847156	6000000161990053902
Q3847166	6000000026061847914
Q3847186	6000000008460551336
Q3847194	6000000155873005827
Q3847217	6000000035465414405
Q3847219	6000000151124219824
Q3847222	4410633708340124926
Q3847229	6000000008380130565
Q3847234	6000000061198578925
Q3847238	6000000075196307821
Q3847259	6000000000699238115
Q3847262	6000000002188489194
Q3847264	6000000166915217822
Q3847268	6000000145407120825
Q3847284	6000000009357965993
Q3847302	6000000141078894060
Q3847305	6000000163253149834
Q3847323	6000000022492682255
Q3847326	6000000001881939483
Q3847337	6000000071251155999
Q3847352	6000000076919479459
Q3847385	6000000000148727206
Q3847390	6000000019558114716
Q3847406	6000000150764301824
Q3847412	6000000150910196924
Q3847430	6000000177529861823
Q3847457	6000000014783913052
Q3847460	6000000163449626865
Q3847466	6000000068364852823
Q3847481	6000000182775342824
Q3847517	6000000161731897833
Q3847523	6000000002188416217
Q3847528	6000000014411073451
Q3847552	6000000150922955955
Q3847554	6000000134223140821
Q3847564	6000000137010284862
Q3847576	6000000008714110784
Q3847585	6000000008862026009
Q3847592	6000000066166930952
Q3847593	6000000145874478980
Q384760	6000000026959648845
Q3847603	6000000004360833630
Q3847609	6000000008319411931
Q3847612	6000000002188424401
Q3847614	6000000005394256371
Q3847630	6000000100922818843
Q384766	6000000008526425818
Q3847685	6000000182711596832
Q3847727	6000000177621367828
Q3847735	6000000010385315208
Q3847745	6000000184003720829
Q3847757	6000000043479966446
Q3847773	6000000002188593534
Q3847777	6000000166462590863
Q3847784	6000000183976190828
Q3847803	6000000058893744986
Q38478176	6000000010967499495
Q3847848	6000000040066978896
Q3847855	6000000000970336060
Q3847857	6000000001861891991
Q3847860	6000000001861978369
Q3847870	6000000025727721236
Q3847873	6000000016620635078
Q3847877	6000000030183146603
Q3847895	6000000013956449390
Q3847903	6000000180096124830
Q3847905	6000000021541167144
Q3847970	6000000012301551300
Q3847990	6000000011331673523
Q3848025	6000000069137046822
Q3848075	6000000000182983650
Q3848127	6000000029966970480
Q3848159	6000000084060325568
Q3848163	6000000182034065901
Q3848170	6000000078594033960
Q3848182	6000000123646110824
Q3848221	6000000069625900841
Q3848247	6000000177986093904
Q3848258	6000000178961639852
Q3848267	6000000137581686097
Q3848294	6000000156806445857
Q3848295	6000000163445233034
Q3848321	6000000069803184200
Q3848344	6000000179222518827
Q3848349	6000000178605127826
Q3848355	6000000157084776822
Q3848360	6000000156495517823
Q3848371	6000000177986642867
Q3848372	6000000181500051834
Q3848373	6000000157304165870
Q3848385	5126514776610055113
Q3848388	6000000037726175890
Q3848390	6000000156972125834
Q38484	6000000068367835842
Q3848413	6000000177838598837
Q3848415	6000000070409548834
Q3848437	6000000069457730991
Q3848440	6000000163283834826
Q3848449	6000000137337640040
Q3848458	6000000163317614857
Q384847	6000000008997181046
Q3848501	6000000141026184009
Q3848516	6000000145354220866
Q3848523	6000000178304878823
Q3848536	6000000163824496907
Q384856	6000000000440086040
Q3848563	6000000159287464853
Q3848567	6000000152606864105
Q384859	6000000010611804663
Q3848601	6000000033595773436
Q3848603	6000000140774497045
Q3848624	6000000137017210869
Q3848653	6000000143252776082
Q3848661	6000000083817517997
Q3848666	6000000012631239260
Q3848671	6000000163233894822
Q3848686	6000000177839425826
Q3848690	6000000097053905943
Q3848704	6000000163454726843
Q3848706	6000000014700755349
Q3848709	6000000166017196867
Q3848722	6000000144469584857
Q3848723	6000000178576462829
Q3848736	6000000008583889785
Q3848746	6000000069498163821
Q3848748	6000000182509160839
Q3848761	6000000016841165389
Q3848792	6000000028888175466
Q3848802	6000000145629468822
Q3848803	6000000140757765917
Q3848816	6000000178645823825
Q3848827	6000000142717228875
Q3848833	6000000179721286821
Q3848847	6000000166050933870
Q3848856	6000000151395797876
Q3848869	6000000151949698842
Q3848898	6000000080117882453
Q3848919	6000000143314372845
Q3848924	6000000145374750828
Q3848928	6000000141039303869
Q3848931	6000000145256086973
Q3848946	6000000166561852831
Q3848951	6000000163810808822
Q3848952	5300383415150020601
Q3848969	6000000166413155534
Q3849024	6000000090979307907
Q3849036	6000000166557923196
Q3849042	6000000109265443822
Q3849077	6000000142901171939
Q3849095	6000000161989999823
Q3849111	6000000155787013832
Q3849116	6000000151403523016
Q3849117	6000000151407622823
Q3849131	6000000135142280823
Q3849140	6000000141042895904
Q3849145	6000000157306841848
Q3849148	6000000145527787382
Q3849158	6000000178602368834
Q3849171	6000000010462586836
Q3849180	6000000166008096879
Q3849203	6000000152221133832
Q3849210	6000000150856442913
Q3849212	6000000181914511827
Q3849223	6000000068364243340
Q3849224	6000000156879190888
Q3849262	6000000145529009882
Q3849277	6000000007233314480
Q3849321	6000000073732556459
Q3849379	6000000022305578665
Q3849413	6000000015960728747
Q3849419	6000000133120499957
Q3849484	6000000004378315457
Q38495335	6000000001681823823
Q3849571	6000000011106033398
Q384961	6000000016998029171
Q3849949	6000000035192376009
Q3850000	6000000010575624486
Q3850027	6000000039210756420
Q3850125	6000000156215003907
Q3850197	6000000019446576189
Q3850238	1798130
Q3850252	5244257021930104954
Q385030	6000000179330312862
Q3850435	6000000048122863364
Q3850444	6000000009466248296
Q3850456	6000000003409141134
Q3850458	6000000007005689242
Q3850479	6000000014157394699
Q3850494	6000000004868944808
Q3850511	6000000009812340658
Q385055	6000000006187153983
Q3850550	6000000142887519843
Q38505716	6000000019809380862
Q3850575	6000000182427187896
Q3850632	6000000013430433619
Q3850822	6000000134234781823
Q3851001	6000000028333657829
Q38511438	6000000019926535306
Q3851144	6000000182764765823
Q3851189	6000000182429869833
Q385119	6000000181934386822
Q3851194	6000000136572568834
Q3851209	6000000166012665851
Q385121	6000000038898740322
Q3851232	6000000001496730228
Q3851252	6000000145523847849
Q3851266	6000000182735148926
Q3851282	6000000083818313126
Q3851289	6000000091256438986
Q3851338	6000000003060425440
Q3851367	5696883169230028133
Q385138	6000000176457799826
Q3851425	6000000145399458827
Q3851439	6000000178962987901
Q3851464	6000000166393243935
Q3851470	6000000166400404822
Q3851471	6000000143197408099
Q385148	6000000016220347045
Q3851491	6000000145777706872
Q3851492	6000000137817710873
Q385153	6000000013648773383
Q38516741	6000000007245193251
Q3851708	6000000000573990013
Q3851872	6000000009791561163
Q3851876	6000000003649638204
Q3851877	6000000013020370675
Q3851883	6000000002188424235
Q3852015	6000000179784691824
Q38520177	6000000011600331754
Q3852035	6000000056349698899
Q3852053	6000000143186355865
Q3852067	6000000155518260822
Q3852103	6000000166380895255
Q3852123	6000000166395527927
Q385215	6000000150149408303
Q3852155	6000000143333692925
Q3852160	6000000143251137824
Q385217	6000000019177195484
Q3852177	6000000151449738834
Q3852184	6000000175435599855
Q3852193	6000000028818354199
Q3852229	6000000156296089850
Q3852239	6000000184003914822
Q3852372	6000000027671174435
Q3852377	6000000008009610640
Q3852380	6000000003714066998
Q3852412	6000000013238714270
Q3852414	6000000026122713085
Q3852421	6000000006232206071
Q3852489	6000000049808044990
Q3852507	6000000163252225834
Q3852541	6000000151135574920
Q3852550	6000000166882547860
Q3852571	6000000089271560843
Q3852572	6000000069451263848
Q3852580	6000000183973802877
Q3852592	6000000014685354079
Q3852602	6000000182711357839
Q3852623	6000000089271644840
Q3852646	6000000140765374999
Q3852690	6000000156967766841
Q3852744	6000000163634259834
Q3852792	613985
Q3852805	6000000180866104852
Q3852834	6000000144737614938
Q3852842	6000000173703466416
Q3852911	6000000140821033864
Q3852922	6000000182432288825
Q3852926	6000000142903262828
Q3852947	6000000140759678899
Q3852948	6000000166410962354
Q3852954	6000000178271827847
Q3853015	6000000014533587279
Q3853028	6000000180096881830
Q3853043	6000000016916147384
Q3853058	6000000030285524908
Q3853114	6000000013331746887
Q3853190	6000000002764921518
Q3853654	6000000146045188865
Q3854017	6000000026420407835
Q3854018	6000000016498023583
Q3854160	6000000069595403014
Q3854176	6000000145872406846
Q3854327	6000000108680089863
Q3854329	6000000182188553823
Q3854493	6000000020614168940
Q3854501	6000000009101561157
Q385479	6000000044487263821
Q385553	6000000022785612563
Q3856119	6000000003276139329
Q3856266	6000000076201175835
Q3856269	6000000008186344202
Q385634	6000000038634456305
Q3856370	6000000006114897125
Q3856433	6000000143174654846
Q3856453	6000000182734257844
Q3856479	6000000166006544987
Q3856484	6000000166010488081
Q3856503	6000000137805350841
Q3856524	6000000136875792834
Q3856534	6000000145391457901
Q385654	6000000153967830822
Q3856555	6000000137126467925
Q3856567	6000000041185224928
Q3856569	6000000137994108900
Q3856578	6000000155850917822
Q3856598	6000000174434676882
Q3856613	6000000141102251845
Q3856622	6000000145237431834
Q3856633	6000000002662308715
Q3856643	6000000015818304416
Q3856653	6000000134603641964
Q3856657	5285738178160122956
Q3856662	6000000079502036404
Q3856695	6000000140302714875
Q3856700	6000000071390149488
Q3856720	6000000144453784881
Q3856721	6000000179077575857
Q38567231	6000000014531630950
Q3856724	6000000155817761868
Q3856741	6000000152598130822
Q3856743	6000000134560443891
Q3856757	6000000163369971931
Q3856759	6000000183976066833
Q385679	6000000007105746403
Q3856798	6000000142669416869
Q3856819	6000000134392289822
Q3856823	6000000151485674837
Q385683	6000000107746866983
Q3856830	6000000142721966822
Q385702	6000000029275338224
Q3857253	6000000012548499901
Q38573423	6000000002149997002
Q3857460	3032729
Q3857518	6000000002648301139
Q3857546	6000000056365886832
Q3857844	6000000161718674829
Q3857937	6000000078658398821
Q3857946	6000000033334891278
Q385804	6000000008260690623
Q3858100	6000000014091102512
Q3858110	6000000065601745054
Q3858243	293524097260002421
Q3858779	6000000137331970941
Q3858837	6000000026105242300
Q3858840	6000000136911012879
Q3858841	6000000145337840885
Q3858883	6000000145237253873
Q385921	6000000000737418086
Q3859286	6000000069651437838
Q3859348	6000000154761447875
Q385941	6000000000544305950
Q385942	6000000151351160846
Q385995	6000000007026434267
Q3860059	6000000030039689135
Q38600940	6000000174903085853
Q3860396	6000000037739124561
Q386053	307626858050003829
Q3860627	6000000178155934842
Q3860829	6000000156135363867
Q3860875	6000000178270914832
Q38610210	6000000116962244928
Q386105	6000000018949947238
Q386136	6000000042152022899
Q3861656	6000000036604061339
Q38616966	6000000179794359884
Q38620233	6000000033645880937
Q386213	6000000000889758407
Q38623661	6000000135019633901
Q386244	6000000109801419970
Q386247	6000000037189227077
Q3862978	6000000179525394889
Q38632	6000000030142133640
Q3863220	6000000037802670018
Q3863271	6000000006801126273
Q386349	6000000001440748753
Q386375	6000000003888988134
Q386394	6000000019624702535
Q386438	6000000169817326089
Q3864624	6000000011485743584
Q386478	6000000001679865021
Q386484	6000000004215030332
Q386488	6000000016266769485
Q386500	6000000166548692254
Q38654	6000000024150184203
Q386572	6000000017130708874
Q386582	290169732050004338
Q3865959	6000000012819114954
Q3865974	6000000009706663612
Q3866108	6000000001425453207
Q3866112	6000000001631731646
Q3866200	6000000143111256865
Q38663068	6000000021546058775
Q38663873	6000000055612128831
Q3866702	6000000144823010983
Q386683	6000000044318682935
Q386687	6000000010552041421
Q3867238	6000000156261173890
Q3867356	6000000014691113975
Q386743	6000000016699594348
Q386798	6000000015687453312
Q3869144	6000000015465293050
Q386967	6000000085007254879
Q3869841	6000000151237365844
Q3869845	6000000140429232982
Q3870105	6000000151445808285
Q3870111	6000000046557698079
Q3870133	6000000091258430827
Q3870253	6000000174433015173
Q3870254	6000000137325088857
Q387029	6000000083352615323
Q3870392	6000000178303059821
Q387044	6000000025660622033
Q3870606	6000000137135521830
Q3870611	6000000026179556809
Q3870620	6000000168846104822
Q3870626	6000000097413254821
Q3870706	6000000031937627712
Q387072	6000000046418501869
Q3870748	6000000040394316056
Q387116	6000000014424550740
Q38712878	6000000081304609087
Q387130	6000000012889699554
Q38719702	6000000018938950025
Q387208	6000000009422959272
Q387210	6000000037677395163
Q38726072	6000000026150742084
Q38727203	6000000024845817325
Q38729587	6000000038344132839
Q3873479	6000000163458275884
Q3874203	6000000086986815821
Q387434	6000000016804860853
Q3874429	6000000142924725876
Q3874455	6000000176991943518
Q387458	6000000086757089911
Q3874725	6000000155266019822
Q3874762	6000000142798331821
Q3874799	6000000088089032870
Q387483	6000000140430744008
Q387492	6000000163485541851
Q387525	6000000110280587821
Q387532	6000000081665752849
Q38757	4376889306840126333
Q3875815	6000000163235192834
Q3875831	6000000173873753017
Q3875856	6000000173731243351
Q3875863	6000000144810067005
Q3875882	6000000151461560063
Q3875890	6000000135054555883
Q3875905	6000000125202349848
Q3875906	6000000137140929865
Q3875969	6000000000806290193
Q3876005	6000000163590264854
Q3876103	6000000163652781821
Q3876110	6000000151822955843
Q3876112	6000000000488982280
Q3876121	6000000155255655852
Q3876123	6000000145332841822
Q3876137	6000000151484422876
Q387614	6000000025644454946
Q3876140	6000000163357849861
Q3876142	6000000163606675859
Q3876149	6000000068421215843
Q3876158	6000000143198864823
Q3876182	6000000140228913948
Q3876189	6000000156885269941
Q387619	6000000006277488531
Q3876208	6000000143315297823
Q3876212	6000000155852441864
Q3876246	6000000043290200075
Q3876251	6000000157608257868
Q3876252	6000000136535037361
Q3876253	6000000183975119833
Q3876270	6000000017827176371
Q3876284	6000000141038274922
Q3876287	6000000156169513842
Q3876291	6000000166454170929
Q3876303	6000000140762471963
Q3876308	6000000150974220874
Q3876313	6000000080118352489
Q3876316	6000000143185376913
Q3876325	6000000145758419038
Q3876336	6000000177620173872
Q3876337	6000000143110391854
Q3876341	6000000157693113822
Q3876349	6000000145611992826
Q3876350	6000000145554634858
Q3876364	6000000145253481823
Q3876395	6000000178349215821
Q3876458	6000000008667624748
Q3876482	6000000137010689841
Q3876501	6000000151389685878
Q3876532	6000000086758998024
Q3876548	6000000151446923989
Q3876561	6000000143247997976
Q3876578	6000000143253861968
Q3876588	6000000092955245936
Q387664	6000000000997926026
Q3876871	6000000125383358821
Q387690	6000000009044247540
Q3877016	6000000080697951920
Q3877077	6000000178256757853
Q3877146	6000000150666625823
Q3877149	6000000177838232892
Q387715	6000000175523310898
Q3877158	6000000165985528844
Q3877179	6000000147302211512
Q3877197	6000000145023632869
Q3877208	6000000056366901828
Q3877210	6000000085576890855
Q38772129	6000000071021053227
Q38772177	6000000155111740827
Q38772194	6000000016632916580
Q3877222	6000000007307164219
Q3877228	6000000141001448865
Q38772304	6000000017706055478
Q3877232	6000000142950717822
Q38772333	6000000039811744448
Q38772350	6000000018077429951
Q38772587	6000000054166197856
Q38772705	6000000014119409375
Q38772728	6000000055563875090
Q38772795	6000000020460401397
Q38772907	6000000001907938750
Q38772916	6000000003013215159
Q38772928	6000000003013669880
Q38772948	6000000003640624728
Q38772970	6000000009054063254
Q38773097	6000000022293634516
Q38773116	6000000109505409823
Q38773223	6000000018964509677
Q38773342	6000000088416932044
Q38773410	6000000024022790528
Q38773421	6000000172329057887
Q38773508	6000000030750166042
Q3877352	6000000078083783315
Q3877392	6000000166902715826
Q387742	6000000073812347264
Q38774281	6000000009205129737
Q3877583	6000000001611114419
Q387764	6000000009848821713
Q38776593	6000000144815611901
Q38776989	6000000069566993010
Q38777032	6000000182429327833
Q387796	6000000019995100213
Q387797	6000000003548957512
Q38780853	6000000025928971407
Q387814	6000000069959785299
Q3878199	6000000025542163298
Q38782279	6000000030899350724
Q387826	6000000003327767138
Q3878326	6000000178255767839
Q3878402	6000000004047595065
Q3878437	6000000179670391836
Q3878469	6000000008784284348
Q387851	6000000020340765106
Q38786	6000000018079088418
Q3879057	6000000143232267996
Q38791107	6000000017125728330
Q38792539	5167626693580067656
Q3879329	6000000079554016144
Q387938	6000000018261197201
Q38793848	6000000084553913522
Q387940	6000000019200005818
Q3879473	6000000143558700883
Q3879474	6000000075191330828
Q3879510	6000000145351895854
Q3879511	6000000142887070924
Q3879519	6000000134583016821
Q38796604	5644991243070065014
Q3879925	6000000150667893881
Q3880278	6000000017353456221
Q3880301	6000000033349230000
Q388031	6000000136842056155
Q38803200	6000000030568576714
Q3880333	6000000049863085917
Q3880432	6000000178176940826
Q38804535	6000000046470690124
Q38804760	353338491990011016
Q38804991	6000000173131074400
Q388069	6000000020154182143
Q3880816	6000000141072046860
Q3880866	6000000029343043633
Q388090	6000000142956351838
Q38809374	6000000043002376043
Q3880940	6000000145956059142
Q3880941	6000000178180741822
Q3880942	6000000178297916857
Q3880943	6000000150879196310
Q3880951	6000000152606127910
Q388099	6000000005573591452
Q388103	6000000017797031052
Q3881317	6000000075894394907
Q38813202	6000000146210922932
Q388134	6000000135858469084
Q3881522	6000000002030952181
Q388158	6000000003939081010
Q388159	6000000017650629327
Q3881667	6000000145769123983
Q3881754	6000000150961214834
Q3881911	6000000017144743520
Q3882132	6000000151929721850
Q388215	6000000015726696468
Q3882463	6000000163194500083
Q3882746	6000000067818717821
Q3882761	6000000070997066862
Q38828871	6000000018529249763
Q3883179	6000000193229265853
Q3883958	6000000009917713830
Q388442	6000000090856850976
Q3884903	6000000145872286860
Q3884905	6000000166195326000
Q3884912	6000000033145572838
Q3884932	6000000156407060125
Q3884937	6000000166058260846
Q3885539	6000000165984752122
Q3885540	6000000178270980867
Q3885559	6000000151391417842
Q3885561	6000000145527617045
Q3885567	6000000145589773851
Q3885579	6000000156486842879
Q3885607	6000000142902406856
Q3885877	6000000017707930562
Q3886021	6000000015603049713
Q3886060	6000000021806211259
Q3886148	6000000155864398880
Q38861552	6000000003219777872
Q3886397	6000000140995077834
Q3886413	6000000069611985830
Q3886418	6000000003033486023
Q3886419	6000000024359946749
Q3886423	6000000136787595862
Q38866649	6000000097558459902
Q388683	6000000150861237838
Q3886998	6000000083068987342
Q3887003	6000000069707711883
Q3887020	6000000156832645839
Q3887028	6000000166393585038
Q3887058	6000000178917525948
Q3887068	6000000155789259867
Q3887069	6000000156481733835
Q388711	6000000013654006553
Q3887163	6000000137661648851
Q3887181	6000000082550767277
Q3887191	6000000001143842168
Q3887198	6000000126198004835
Q3887218	6000000176556197831
Q3887225	6000000175928157828
Q3887226	6000000015368219713
Q3887233	6000000143119060865
Q3887242	6000000150919750901
Q3887243	6000000156335386854
Q3887245	6000000150678171865
Q3887258	6000000174833971844
Q3887261	6000000037754975135
Q3887264	6000000151123869822
Q3887293	6000000177410760853
Q3887308	6000000178968421860
Q388732	6000000009535451757
Q3887378	5286841974240123052
Q3887385	6000000178600459822
Q3888057	6000000027221895401
Q3888440	6000000034848830949
Q388848	6000000011335459029
Q3888493	6000000122719572582
Q3888733	6000000021705533851
Q3888783	6000000177801802843
Q3888966	6000000064504799023
Q3889009	6000000033959951006
Q388959	6000000163422889981
Q388964	6000000043573192821
Q3889699	6000000000529955675
Q3889710	6000000023403592309
Q38898979	6000000007245145324
Q38899031	6000000097558460089
Q38899051	6000000011171986406
Q389000	6000000030921039885
Q389066	6000000056035717022
Q3890688	5250194712780035156
Q3890740	6000000044224242885
Q3890808	6000000001455908440
Q389134	6000000137583755122
Q3891482	6000000000622415582
Q38915708	6000000182610829880
Q3891705	6000000084080426879
Q3891928	6000000008835833997
Q389203	6000000181070151826
Q3892112	6000000026746983454
Q38922594	6000000007050145254
Q389258	6000000013437715564
Q3892590	6000000010229503054
Q3892807	6000000182728010842
Q3892817	6000000034213619900
Q3892817	6000000089657338916
Q3892891	6000000089894548850
Q3893031	6000000047327907154
Q3893038	1962637
Q3893099	6000000150907902933
Q3893103	6000000069480580955
Q3893147	6000000039157527017
Q3893154	6000000040947181864
Q3893159	6000000024280057117
Q389321	6000000022163395533
Q3893232	6000000156915618897
Q3893233	6000000142733802825
Q3893236	6000000163215697866
Q38932577	6000000173297337822
Q3893468	6000000061539988955
Q389351	6000000009289183648
Q3893528	6000000136902585822
Q3893561	6000000069644769827
Q3893571	6000000075503636838
Q3893578	6000000017678947163
Q3893579	6000000008241008756
Q3893617	6000000136799159969
Q38936354	6000000036565576685
Q3893643	6000000140093260908
Q3893652	6000000037743546123
Q3893705	6000000145021489822
Q3893738	6000000166907085893
Q3893746	6000000023403573261
Q3893789	6000000181691472838
Q3893801	6000000142899021926
Q3893809	6000000150918285822
Q3893845	6000000166049195826
Q3893854	6000000151245973822
Q389389	6000000018799891459
Q3893897	6000000075607221922
Q3893943	6000000137618548860
Q3893960	6000000069642240907
Q3893967	6000000140911097822
Q3893986	6000000163423328886
Q3893987	6000000010961814322
Q3894010	6000000090853209861
Q3894011	6000000143117311865
Q3894017	6000000023253495699
Q3894022	6000000040581739649
Q3894025	6000000069609913078
Q38940367	387136703280012269
Q3894037	6000000145331709822
Q3894045	6000000178556494866
Q3894060	6000000178186821887
Q3894088	6000000140854102825
Q3894099	6000000166732169835
Q3894106	6000000163351694847
Q3894117	6000000009986736426
Q3894129	6000000025745196701
Q3894133	6000000037755340045
Q3894138	6000000143185856855
Q3894187	6000000140999624225
Q3894196	6000000145779401822
Q3894214	6000000163420910834
Q3894227	6000000219706161823
Q3894237	6000000124900250927
Q3894272	6000000091256320982
Q3894289	6000000085567392837
Q3894314	6000000136522389823
Q3894318	6000000069716135301
Q3894344	6000000178555647886
Q3894351	6000000155254971829
Q3894392	6000000179063794895
Q3894406	6000000068367847000
Q3894419	6000000184154834823
Q3894424	6000000078952590965
Q3894432	6000000157293009951
Q3894457	6000000141036880024
Q3894492	6000000156807846822
Q3894507	6000000156409588822
Q3894555	6000000157012444836
Q3894560	6000000012158803966
Q3894574	6000000140996692829
Q3894605	6000000145547397850
Q389473	6000000004053280347
Q3894855	6000000015148005035
Q389491	6000000062112758948
Q38952	6000000010851115278
Q3895214	6000000063162170076
Q3895243	6000000015190186304
Q38958026	6000000075338131862
Q38958027	6000000074714867111
Q3895840	6000000147445131913
Q3895856	6000000141039698140
Q38958793	6000000075423349836
Q38959076	6000000003066143372
Q389605	6000000079872362051
Q3896211	6000000009277786419
Q3896213	6000000006802453152
Q3896218	6000000006802379209
Q389627	6000000033093436961
Q389665	6000000009825864571
Q389678	3251324
Q3896992	6000000173774456948
Q3897004	6000000142675324916
Q3897019	6000000151351615827
Q3897025	6000000163307537839
Q3897030	6000000163234864946
Q3897064	6000000161449524929
Q3897097	6000000141073216423
Q3897136	6000000145342056305
Q3897147	6000000166196508866
Q3897159	6000000174430666562
Q3897173	6000000002188429309
Q389720	6000000017100743983
Q389726	6000000052057507940
Q389736	6000000058201072880
Q38975748	6000000075338131830
Q3897698	6000000167799834830
Q389779	6000000046725830821
Q3897809	6000000164267218844
Q3897859	6000000091259830850
Q3898051	6000000034181500046
Q3898096	6000000042522009235
Q389810	6000000048563820835
Q3898127	6000000041515841489
Q3898145	6000000071152090669
Q3898147	6000000019120317320
Q3898158	6000000037491994042
Q389816	6000000005774368239
Q389828	6000000078040172189
Q3898338	6000000176144477853
Q3898406	6000000022149828805
Q3898720	4563098128350129362
Q3898728	6000000033761614291
Q3898856	6000000057498686827
Q3898929	6000000140750916830
Q3899385	6000000136297313826
Q3899864	6000000174432894189
Q39001825	6000000027379849127
Q390037	6000000007587139245
Q390039	6000000013610352973
Q390073	6000000082984918334
Q3900831	6000000172657602553
Q3900841	6000000182549901823
Q3900881	6000000023682554200
Q390099	6000000013356016741
Q3901468	6000000037103833911
Q3901475	6000000004132084145
Q3901498	6000000069682804906
Q3901556	6000000048762835933
Q3901562	370367203470012465
Q3901800	6000000145346688822
Q390192	6000000004137519584
Q3902825	6000000166193590977
Q3902847	6000000152194682822
Q3902852	6000000076192863821
Q3902872	6000000151450281826
Q3902873	6000000136794390883
Q3902894	6000000144469053834
Q3902895	6000000144746023906
Q3902912	6000000069451198821
Q3902934	6000000182764937835
Q3903037	6000000166397408837
Q3903054	6000000143806528997
Q3903071	6000000146293352892
Q3903090	6000000150979555852
Q3903139	6000000172476063862
Q3903147	6000000178597555853
Q3903153	6000000156828017821
Q3903158	6000000140729335859
Q3903161	6000000136844573923
Q3903180	6000000140776435859
Q3903183	6000000133499717822
Q3903187	6000000157402258829
Q3903188	6000000163424442967
Q3903218	6000000180008218824
Q3903226	6000000069591310171
Q3903243	6000000086000461942
Q3903258	6000000181762422827
Q3903260	6000000093220859863
Q3903298	6000000140733597896
Q3903319	6000000150921507132
Q3903330	6000000151017876823
Q390337	311699093150006437
Q3903442	6000000181426375823
Q3903468	6000000017009702227
Q390352	6000000175951239931
Q3903622	6000000166464141822
Q3903630	6000000012442275273
Q3903635	6000000150908692859
Q39036394	6000000000236056483
Q3903649	6000000143554957822
Q3903676	6000000140856334879
Q3903677	6000000140857560821
Q3903684	6000000155819279849
Q3903685	6000000066594203821
Q3903691	6000000140732462845
Q3903703	6000000142887731889
Q3903706	6000000150975165824
Q3903713	6000000021985287042
Q3903719	6000000028918157705
Q3903725	6000000156167216836
Q3903729	6000000155838688855
Q3903737	6000000090964989887
Q3903746	6000000145347946833
Q3903749	6000000179796658827
Q3903756	6000000080118006076
Q3903757	6000000156476546835
Q3903775	6000000151020356823
Q3903778	6000000008010581878
Q3903781	6000000163292459842
Q3903797	6000000081319471177
Q3903807	6000000156339004833
Q3903833	6000000109126786947
Q3903846	6000000140848188824
Q3903855	6000000092563112427
Q3903860	6000000137841203822
Q3903871	6000000144814129842
Q3903873	6000000166899296880
Q3903879	6000000145224638859
Q3903884	6000000182429692843
Q3903892	6000000157672359027
Q3903902	6000000134154844023
Q3903928	6000000181567215828
Q3903947	6000000156413616835
Q3903957	6000000093889822425
Q39039672	6000000007131852603
Q39039675	6000000019748682669
Q3903971	6000000005883861012
Q3903979	6000000151398058021
Q39039858	6000000030086803215
Q3903986	6000000128128418199
Q39039886	6000000025041535059
Q3903998	6000000019111365464
Q3904001	6000000111430578883
Q3904003	6000000136300201946
Q3904006	6000000069512447198
Q3904010	6000000156192483853
Q39040109	6000000004302815093
Q39040125	6000000029439584445
Q3904013	6000000181050446821
Q3904014	6000000173874705830
Q39040228	6000000197903066883
Q3904028	6000000141025021133
Q3904035	6000000019316693498
Q39040361	6000000017483307173
Q39040472	4405423616810066136
Q3904048	6000000166008503881
Q39040516	6000000003550706895
Q3904068	6000000143552181958
Q3904078	6000000183974723844
Q3904087	6000000153580806880
Q3904089	6000000143122405919
Q390410	6000000028932922360
Q3904118	6000000137581906020
Q3904129	6000000163317864855
Q3904145	6000000178469592838
Q3904168	6000000144812899846
Q3904191	6000000166009324178
Q390420	6000000008630254815
Q3904209	6000000157277404834
Q3904213	6000000156413388842
Q3904214	6000000155945996823
Q3904227	6000000166549206844
Q3904237	6000000068366996913
Q3904240	6000000144739432962
Q3904244	6000000156938910861
Q3904248	6000000176183916838
Q3904249	6000000145004037937
Q3904250	6000000178325986839
Q3904254	6000000144453466840
Q3904265	6000000134174616828
Q3904267	6000000145060612835
Q3904273	6000000156966314840
Q3904288	6000000157112489835
Q3904295	6000000075224667896
Q390430	6000000181917311889
Q3904308	6000000173509160823
Q3904314	6000000141075438075
Q3904317	6000000140700508877
Q3904319	6000000028979120126
Q3904328	6000000182785067850
Q3904342	6000000157682047846
Q390443	6000000022981343878
Q39045437	6000000192956002865
Q39047153	6000000058471922087
Q390491	6000000027756192482
Q3904952	6000000178302456845
Q3904983	6000000069412286821
Q3905078	6000000140704143899
Q39050789	6000000025818668931
Q39050904	6000000020279620225
Q39052497	6000000073852933078
Q3905253	6000000151350581851
Q3905266	6000000069532074108
Q3905275	6000000157285738822
Q3905279	6000000134378554821
Q3905291	6000000150976891833
Q39052921	6000000015669388305
Q3905327	6000000144738393829
Q3905351	6000000166728365822
Q3905352	6000000150664222896
Q3905360	6000000014993749177
Q3905369	6000000107930587057
Q3905375	6000000075593887979
Q3905383	6000000136845505835
Q3905399	6000000142778058845
Q39054261	6000000000954594003
Q39054909	6000000035530812946
Q3905534	6000000134709367857
Q39055765	302279713860005612
Q390558	6000000029574104781
Q3905661	6000000145355677914
Q390569	6000000008630249743
Q39058357	6000000007281822296
Q3906134	6000000020774614661
Q39061991	6000000030908516969
Q3906626	6000000019269358979
Q3906646	6000000021945743871
Q39066949	6000000007399699681
Q3906711	6000000155828837860
Q390698	6000000056429166114
Q39069901	6000000093877004841
Q39071626	6000000083210505554
Q39071923	6000000003525914505
Q3907261	6000000082062698837
Q39073776	6000000166567341015
Q39074069	5720321581680038382
Q39074197	6000000002494240296
Q390775	6000000008630249735
Q3907856	6000000150788216845
Q3907857	6000000173872657374
Q39078611	6000000017130483179
Q39078651	6000000024493067589
Q3907867	6000000166062557867
Q390787	6000000039184322318
Q3907871	6000000163239073831
Q3907875	6000000173872261582
Q3907877	6000000141069472885
Q3907882	6000000168993848893
Q39078932	6000000026076711425
Q39079011	6000000004095009213
Q39079263	6000000007270670220
Q390803	6000000184209328909
Q39080656	6000000067616398841
Q39080658	6000000013137559898
Q39081211	6000000000485445669
Q39081249	6000000009717229833
Q39081262	4173284478680048766
Q39081479	6000000000281139941
Q39081577	6000000000401635541
Q390822	6000000103194986854
Q39082502	6000000006931304558
Q39082636	6000000195715732919
Q39082668	6000000003615299533
Q39082930	6000000079240358027
Q39083081	6000000024491027976
Q3908321	358295619840012742
Q39083213	6000000007308298506
Q39083443	6000000092269558371
Q39084771	6000000180097813822
Q39085091	6000000007241159660
Q39089726	6000000045959514051
Q39089798	6000000000479689728
Q390986	6000000022144013025
Q3909873	6000000010051839413
Q3909902	6000000010051921329
Q390992	6000000016641044503
Q3909922	6000000010051782981
Q39099999	6000000033629384490
Q3910	6000000003369518706
Q3910252	6000000024789038105
Q391037	6000000020376740428
Q39105060	6000000042862785436
Q391058	6000000002590292171
Q3911	6000000002951572314
Q3911020	6000000012439380756
Q391105	6000000180096602844
Q3911157	6000000055400149912
Q391163	6000000029096283073
Q3911707	6000000017355851823
Q391176	6000000007216274201
Q391261	6000000041841810987
Q391266	6000000003887749931
Q391271	6000000026351755228
Q391271	6000000090895398873
Q391283	6000000024516057488
Q391291	6000000012781138299
Q3912994	6000000067911907862
Q3913030	6000000020087671097
Q391314	6000000027862197419
Q39131993	6000000000527047097
Q391323	6000000020788698334
Q391359	6000000111077507917
Q391373	6000000057465810104
Q39140427	6000000073324342885
Q39141282	4172642261930124174
Q3914865	6000000002187788204
Q3914976	6000000006739839146
Q3914997	6000000053745756891
Q391501	6000000083657257508
Q391529	6000000015123879212
Q391536	6000000141723577822
Q3915426	6000000036066372393
Q39155221	6000000024006742462
Q391562	6000000008880345008
Q3915725	6000000078833654824
Q391573	6000000002824987782
Q3915734	6000000022539639564
Q3915743	6000000005563234902
Q3915827	6000000015061958344
Q3915857	6000000075598135864
Q3915859	6000000078857043821
Q3915874	6000000051873182137
Q3915875	6000000174826305973
Q39159	6000000031047215035
Q39159011	6000000057586735848
Q391591	6000000004549633554
Q39159443	6000000030749019510
Q3915975	6000000003987799076
Q391608	6000000061280323362
Q39160810	6000000055875486380
Q391612	6000000016101412400
Q3916313	6000000008285403809
Q3916314	6000000008725121966
Q3916324	6000000006516225546
Q3916355	6000000044058710990
Q3916415	6000000012067606538
Q3916420	6000000016476771288
Q39165197	6000000012203315245
Q3916572	4984795898710079437
Q3916703	6000000049097724067
Q3916765	6000000013310979723
Q39168	6000000002898163535
Q391695	6000000174344246879
Q39170536	6000000009387998047
Q3917200	6000000108599656935
Q3917203	6000000042244656115
Q3917208	6000000042185905821
Q3917219	6000000014072146858
Q3917219	6000000041172711973
Q3917220	6000000003691730818
Q3917222	6000000009101317482
Q3917222	6000000016313255057
Q3917240	6000000009465450309
Q3917244	6000000006602332029
Q3917251	6000000040708796736
Q3917264	4102712212160077771
Q3917269	6000000039231526406
Q3917272	6000000197888011825
Q3917274	6000000002379951152
Q3917282	6000000086493788969
Q3917290	6000000002631321208
Q3917291	6000000002631373240
Q3917291	6000000209563811863
Q3917297	6000000002631492355
Q3917297	6000000209567525828
Q3917331	6000000003858523356
Q3917366	6000000025676531267
Q3917375	6000000003253381037
Q3917377	6000000039679244225
Q3917423	6000000038932553111
Q3917464	6000000030204624000
Q39174694	6000000009065773731
Q3917474	6000000009375204963
Q3917484	6000000078766901307
Q3917658	6000000015582302707
Q3917660	6000000015583825344
Q3917662	6000000094085185899
Q3917691	6000000018844190112
Q3917733	6000000012042797740
Q3917737	6000000059043155021
Q3917748	6000000009306651620
Q3917749	6000000014569305505
Q3917752	6000000014934249092
Q3917754	6000000014057873665
Q3917759	6000000044823798936
Q3917761	6000000005394686694
Q3917885	6000000015184553533
Q3917885	6000000225517560872
Q3917892	6000000015152257445
Q3917899	6000000087356234917
Q3917906	6000000215231392830
Q3917913	6000000014277606590
Q3917915	6000000017755730904
Q3917917	6000000038368394370
Q3917922	6000000024778772048
Q3917922	6000000215412041904
Q3917941	6000000015184349422
Q3917944	6000000024304395220
Q3917954	6000000121884417161
Q3917956	6000000018647834668
Q3917958	6000000015150714119
Q3918052	6000000067742972845
Q3918135	6000000015173694878
Q3918144	6000000041525140129
Q3918162	6000000018948311197
Q3918162	6000000114209033821
Q3918169	6000000014980229241
Q3918174	6000000003827674062
Q3918188	6000000006713723888
Q3918234	6000000003589937162
Q3918245	6000000022953259946
Q3918247	6000000022921510336
Q3918252	6000000014102698675
Q3918257	6000000014959147902
Q3918266	6000000045900606245
Q3918270	6000000014960855686
Q3918273	6000000014102823004
Q3918275	6000000212948432827
Q3918280	6000000019217859810
Q3918283	6000000002722102413
Q3918299	6000000037019833372
Q3918306	6000000034466879242
Q3918314	6000000016337306374
Q3918314	6000000215796134826
Q3918320	6000000017614564326
Q3918545	6000000041157885719
Q3918568	6000000062137736895
Q3918617	6000000014913234207
Q39186174	6000000008381369105
Q3918628	6000000015186299041
Q3918630	6000000037132779265
Q3918679	6000000050677928841
Q3918701	6000000023176642896
Q3918735	6000000012580992305
Q3918769	6000000040157704550
Q3918900	6000000006581317045
Q3918907	6000000136269151833
Q3918914	6000000004167458829
Q3918917	6000000002131452893
Q3918931	6000000003771695387
Q3919008	6000000012598122895
Q3919010	6000000013931396239
Q3919013	6000000016751447054
Q3919013	6000000046213269836
Q3919016	6000000016749439500
Q3919021	6000000016749513161
Q3919022	6000000014194106623
Q3919029	6000000014190896069
Q3919033	6000000015184547438
Q3919035	6000000011604678831
Q3919104	6000000079238415823
Q3919151	6000000150843387027
Q3919162	6000000015186680890
Q3919168	6000000013925328035
Q3919180	6000000002621973667
Q3919193	6000000054191910631
Q3919199	6000000011810131652
Q3919279	6000000048749901279
Q39194644	6000000000489240958
Q3919537	6000000039230930317
Q3919565	6000000050408252878
Q3919565	6000000139473245136
Q3919790	6000000006599283933
Q3919790	6000000121884871919
Q3919790	6000000125380019845
Q3919812	6000000114461268936
Q3919815	6000000003691771005
Q3919818	6000000013929983772
Q3919821	6000000002632135559
Q3919822	6000000002188456504
Q3919826	6000000014925444285
Q3919829	6000000003691693806
Q3919833	6000000014912957752
Q3919833	6000000014925521720
Q3919839	6000000012157066100
Q3919908	6000000007990784902
Q392	6000000017944190389
Q392007	6000000074750446535
Q3920097	6000000014827289837
Q3920099	6000000042998819710
Q3920102	6000000009111397542
Q3920109	6000000002382969464
Q3920111	6000000012157222389
Q3920112	6000000002618369741
Q3920120	6000000157047428837
Q3920131	6000000014121536608
Q3920148	6000000204248117051
Q3920206	6000000109842589834
Q3920257	6000000034855756777
Q3920277	6000000015450692004
Q3920288	6000000020898145773
Q3920294	6000000010763436753
Q3920304	6000000051903576932
Q3920339	6000000018064724282
Q3920377	6000000124520383844
Q3920403	6000000003405487227
Q3920414	6000000033237371554
Q3920420	6000000002393215023
Q3920427	6000000017687303628
Q3920457	6000000017944472427
Q3920462	6000000018677920043
Q39205180	5002872317730024756
Q3920532	6000000037701453463
Q3920681	6000000012157107700
Q3920683	6000000012157220464
Q3920691	6000000003622065246
Q3920692	6000000014925414374
Q3920696	6000000014926165007
Q3920697	6000000009375201856
Q3920727	6000000021503451153
Q3920828	6000000048340511216
Q3920834	6000000015346325118
Q3920885	6000000036445601713
Q3920890	6000000000701212444
Q3920956	5188858007420077041
Q39212	6000000002814086158
Q392162	6000000002480490092
Q3921854	6000000155961262829
Q3921961	6000000029578666179
Q3923981	6000000008605067473
Q3924128	6000000026037765826
Q3924136	6000000140839085824
Q39241626	6000000071032952920
Q39246	6000000015283464414
Q3924724	6000000016640793066
Q3924833	6000000014927325302
Q3924833	6000000215412256831
Q3925	5163142858250067644
Q3925046	6000000015185533737
Q3925360	6000000068557424838
Q3925365	6000000020639292815
Q392577	6000000003155987069
Q39259	6000000051066514836
Q392594	6000000207820927837
Q3926042	6000000031299246941
Q392632	6000000016552277174
Q39263559	6000000178093085844
Q392639	6000000016551962771
Q3927672	6000000187464952835
Q3927915	6000000163414290067
Q392792	6000000053647447843
Q3927946	6000000152605905889
Q3927996	6000000156797948851
Q392816	6000000100228093869
Q39282886	6000000121173167303
Q392853	6000000145601921822
Q3928892	6000000172082165036
Q3928955	4657772
Q3928997	6000000027233343541
Q3929008	6000000163246414829
Q3929018	6000000155889881822
Q3929029	6000000145358405844
Q3929032	6000000143244182822
Q3929034	6000000086073600918
Q3929038	6000000003207122351
Q3929043	6000000145521747830
Q3929056	6000000140774334872
Q3929057	6000000166068052844
Q3929059	6000000163415143949
Q3929062	6000000156256981835
Q3929080	6000000151233825822
Q3929097	6000000146046962851
Q3929098	6000000165985069030
Q3929102	6000000156487682830
Q3929106	6000000145344201929
Q3929107	6000000163841062011
Q3929109	6000000179078372832
Q3929113	6000000144818401823
Q3929114	6000000017496791810
Q3929123	6000000134596449844
Q3929147	6000000134684915827
Q3929150	6000000165984382314
Q3929152	6000000002188412295
Q3929170	6000000134602154157
Q3929195	6000000092491825828
Q3929199	6000000075427123843
Q392921	6000000018360710113
Q3929213	6000000145872811272
Q3929232	6000000182726654897
Q3929266	6000000156259132891
Q3929268	6000000136775759015
Q3929269	6000000143122437856
Q3929274	6000000162017910875
Q3929575	6000000180096340871
Q3929594	6000000145067855821
Q3929607	6000000141078928859
Q3929627	6000000024197664072
Q3929658	6000000182428729837
Q3929778	6000000082001702308
Q39297786	6000000020281091891
Q3929814	6000000178787005858
Q3930014	6000000178555699852
Q3930103	5262115733400120592
Q3930142	6000000178324095878
Q3930170	6000000001764766365
Q3930203	6000000037432525286
Q3930205	6000000143243687862
Q3930427	6000000002188370241
Q393051	6000000004615688003
Q3930530	6000000038726183163
Q3930530	6000000131049390841
Q3930647	6000000074779514827
Q3930677	2948959
Q39309823	6000000025308813000
Q39309944	6000000179609354824
Q39311	6000000049466270960
Q3931418	6000000140747814844
Q3931448	6000000145528492959
Q3931452	6000000018512749701
Q39317788	6000000010593964980
Q39318	6000000010630531278
Q3931857	6000000007004897431
Q3931860	6000000156761347891
Q3932424	6000000184027778860
Q3932455	6000000179983690892
Q3932461	6000000151910932862
Q3932481	6000000145246721303
Q3932490	6000000013705235205
Q3932503	6000000144751122869
Q3932593	6000000178574641885
Q3932594	6000000155796670822
Q3932597	6000000163419739177
Q3932600	6000000166292853835
Q3932630	6000000143412342822
Q3932633	6000000144454633825
Q3932638	6000000137371850823
Q3932656	6000000177620350834
Q3932705	6000000182733516852
Q3932746	6000000025034142340
Q3932784	6000000144811668939
Q3932800	6000000142893832829
Q3932947	6000000020747408409
Q3932969	6000000075210083253
Q3932999	6000000155514945862
Q3933040	6000000161452276931
Q3933045	6000000163422927205
Q3933046	6000000145613677822
Q3933055	4743133321640062180
Q3933106	6000000009207322771
Q393334	6000000073475326839
Q393334	6000000073483856821
Q39336822	6000000086296520966
Q3933717	6000000115208011892
Q393392	6000000082006389294
Q393407	6000000105340980904
Q3934361	6000000040211598049
Q3934371	6000000140856495828
Q3934380	6000000141068854851
Q3934400	6000000134061182112
Q3934419	6000000044256940210
Q3934439	6000000151229423957
Q3934443	6000000156298971823
Q3934448	6000000140750509840
Q3934452	6000000090851260991
Q3934480	6000000149998910822
Q3934503	6000000166415107870
Q3934504	6000000156993162821
Q3934507	6000000182428788822
Q3934534	6000000144729433235
Q3934557	6000000158167242834
Q3934587	6000000037479708124
Q3934622	6000000174431196832
Q3934676	6000000004140655524
Q3934792	6000000081117232890
Q3934828	6000000012433079219
Q3934835	6000000007824771655
Q3934897	6000000002637510609
Q3934908	6000000000112806951
Q39349737	6000000028731307221
Q39349737	6000000084096744906
Q3935012	6000000177505160831
Q3935797	6000000054719657838
Q3935900	6000000084784642295
Q3935903	6000000064349227301
Q3935904	6000000145229477849
Q3935907	6000000163402528866
Q3935910	6000000182769150833
Q3935918	6000000069418043821
Q3935941	6000000181762573824
Q3935945	6000000141022585900
Q3935955	6000000022188788185
Q3936068	6000000141114962227
Q3936099	6000000143559793838
Q3936109	6000000151928931822
Q3936112	6000000166772433834
Q3936458	6000000002188514934
Q3936562	6000000020748058196
Q3936830	6000000184330108866
Q3936948	6000000010094452436
Q3936996	6000000006127732789
Q3937059	6000000001920510277
Q3937242	6000000068364687841
Q3937247	6000000068370473948
Q3937250	6000000075224255857
Q39376628	6000000017759164720
Q39378615	6000000086888846915
Q39381389	6000000024580323048
Q3938201	6000000001396282269
Q3938207	6000000040909919829
Q3938229	6000000004047477642
Q3938254	6000000004956760979
Q3938255	6000000002340488093
Q39382569	6000000194807496827
Q3938257	6000000010845202309
Q3938258	6000000017211092255
Q3938260	6000000002245920773
Q3938263	6000000018621697020
Q3938273	6000000164896245038
Q3938341	6000000001034437371
Q3938361	6000000018172229344
Q3938402	6000000004593149149
Q3938417	6000000039155581559
Q3938420	6000000013431646355
Q3938422	6000000017906661392
Q3938430	6000000003222164485
Q3938481	6000000002029919769
Q3938500	6000000126194794993
Q3938508	6000000166020547841
Q3938535	6000000163390987924
Q3938543	6000000134389955997
Q39385795	6000000039288726320
Q3938580	6000000182429994837
Q3938614	6000000177920422834
Q3938639	6000000141096768822
Q393864	6000000181627278829
Q3938659	6000000145782169854
Q39386863	6000000052687966894
Q39386930	6000000001388763154
Q3938694	6000000136980433994
Q39387	6000000004593773618
Q3938709	6000000002245297249
Q3938812	6000000069718117879
Q3938816	5594299582220100148
Q3938823	6000000156800652869
Q3938843	6000000025609270783
Q3938846	6000000163615234822
Q3938859	6000000142902149863
Q3938907	6000000156470185090
Q39389070	6000000063024623823
Q39389144	4906927301080023605
Q39389199	6000000020660438937
Q3938964	6000000183606922861
Q3938974	6000000182429136832
Q3938977	6000000143117570848
Q3938981	6000000137143916842
Q3938992	6000000143233055825
Q3939037	6000000145356795970
Q3939087	6000000182733472894
Q3939117	6000000151002915825
Q3939124	6000000166007012617
Q39391356	4820226576730041823
Q3939138	6000000143125027905
Q3939157	6000000086946950896
Q3939170	6000000163423322187
Q3939193	6000000078954057929
Q3939205	6000000157402964822
Q3939234	6000000137221718824
Q3939348	6000000068435126823
Q39394336	6000000000640015668
Q3939562	6000000184208369892
Q3939563	6000000145872297913
Q3939566	6000000163786357822
Q3939577	6000000183610383841
Q3939583	6000000157608810893
Q3939608	6000000082701865101
Q3939682	6000000009206966269
Q3939957	6000000015210453122
Q3939958	6000000015210506494
Q3939978	6000000157498355826
Q3939986	6000000004108151889
Q3939987	6000000145527822011
Q3940122	6000000003146953695
Q3940290	6000000015330556162
Q3940668	6000000166193164976
Q3940821	6000000145519354859
Q3940822	6000000142901040008
Q3940846	6000000145225412835
Q3940901	6000000148699691832
Q3940920	6000000156514686863
Q3941028	6000000003542213854
Q3941235	6000000163402654823
Q3941255	6000000178043813839
Q3941263	6000000140302823828
Q3941283	6000000156868399841
Q3941330	6000000151448409838
Q3941350	6000000166038325836
Q3941359	6000000143367003883
Q3941366	6000000070718432218
Q3941394	6000000150961987826
Q3941410	6000000025972350847
Q39414273	6000000000628529779
Q39414285	5720182328810020277
Q3941455	6000000010374896656
Q3941507	6000000151268114822
Q3941557	6000000166229247825
Q3941600	6000000166016719838
Q3941615	6000000040782971896
Q3941624	6000000145235910170
Q3942165	6000000090029279423
Q3942181	6000000037746036310
Q3942309	6000000091262335912
Q3942344	6000000176912946848
Q3942497	6000000135718595840
Q3942513	6000000163418456885
Q3942518	6000000140215300893
Q3942542	6000000151332752853
Q3942548	6000000163592538837
Q3942967	6000000044497785930
Q3942972	3942388440540063037
Q3942974	6000000014160452486
Q3942993	6000000058002241040
Q3943362	6000000032127946953
Q394358	6000000007617374006
Q39438330	6000000026206000587
Q394410	6000000166882086843
Q3944222	6000000174637817990
Q3944231	6000000145520960094
Q3944289	6000000137655173885
Q3944327	6000000165979766939
Q394451	6000000162023775831
Q3944631	6000000001407134980
Q394508	6000000007330110086
Q3945278	6000000166197900847
Q394549	6000000077606809654
Q3945880	4326064152090055372
Q39459	6000000011483914376
Q394590	6000000011436257429
Q3945924	6000000156966147825
Q3945925	6000000161374737891
Q3945927	6000000157673297865
Q3945954	6000000134756929841
Q3945958	6000000143231554849
Q3945977	6000000041184926898
Q3945983	6000000143793194948
Q3945984	6000000151390795821
Q3945987	6000000166403995821
Q3946004	6000000155904180821
Q3946013	6000000156799478889
Q3946020	6000000137994678880
Q3946027	6000000141035729096
Q3946033	6000000150952532870
Q3946056	6000000142884838843
Q3946057	6000000166034759821
Q3946060	6000000163750993968
Q3946068	6000000141098773856
Q3946069	6000000109066811873
Q3946110	6000000137818267822
Q3946123	6000000093225413852
Q3946147	6000000134758583932
Q3946162	6000000084928807101
Q3946195	6000000166046567822
Q3946198	6000000041194212850
Q3946208	6000000157503585823
Q3946212	6000000163839547850
Q3946218	6000000077191224104
Q3946241	6000000166685665844
Q3946245	6000000183976461830
Q3946248	6000000179594494896
Q3946249	6000000174997908442
Q3946250	6000000145252127892
Q3946278	6000000116386054966
Q3946288	6000000150861397025
Q3946299	6000000143820559328
Q39464	6000000083497971163
Q394651	6000000080206066967
Q3946567	6000000016699310449
Q3946612	6000000131663735005
Q3946621	6000000015683237874
Q394665	6000000179163083939
Q3946659	6000000035825054970
Q3946660	6000000013286633067
Q3946673	6000000109076299879
Q3946678	6000000035168847397
Q394670	6000000013373407201
Q394683	6000000002188424559
Q394720	6000000019072703728
Q39476	6000000046134296028
Q39480650	6000000182630802830
Q39480943	6000000150920832846
Q394810	6000000050374304102
Q39481453	6000000176683544957
Q3948165	6000000089270390024
Q3948177	6000000182728421832
Q3948210	115436
Q3948240	6000000086403780496
Q3948272	6000000074073703822
Q3948333	6000000031990743332
Q3948601	6000000001483031738
Q39487254	6000000075507308841
Q3948896	6000000024155590371
Q39492789	6000000000608534915
Q3949303	6000000156873126877
Q3949339	6000000166215991870
Q3949354	6000000166464678834
Q3949359	6000000091351388894
Q3949441	6000000178628348827
Q3949495	6000000143247148072
Q39497471	6000000011467382229
Q39497745	6000000013135111818
Q39498708	6000000000640015761
Q39499944	6000000000640015734
Q3950338	6000000004018379104
Q3950351	6000000007475999635
Q3950352	6000000143821383097
Q3950698	4281649166320061088
Q3950724	6000000136843085931
Q3950772	6000000156499504830
Q3950925	6000000166194605900
Q3950928	6000000182777883851
Q3951034	6000000090990158862
Q3951075	6000000140720875880
Q3951102	6000000166561510937
Q39513190	6000000037687606832
Q3951340	4281615213170046431
Q3951426	4281623992300045976
Q395163	6000000008402522728
Q39518421	6000000009189529537
Q395205	6000000013743745157
Q3952070	6000000012367564004
Q39523154	6000000140690037855
Q39523212	6000000176661790837
Q3952410	6000000121113045011
Q395274	6000000010579911751
Q3952896	6000000013070611875
Q3952907	6000000002027412108
Q3953024	6000000008530341632
Q3953749	6000000157575444864
Q3953751	6000000145002898857
Q39537540	6000000064795908854
Q3953778	6000000035796945892
Q3953779	6000000006101404578
Q3953798	6000000143256138858
Q3954018	6000000134606221086
Q3954031	6000000164888964843
Q39544735	6000000011965933632
Q39544783	6000000065078156957
Q3954654	5602680365170130642
Q3954795	6000000001095085111
Q3954820	6000000011465837682
Q395494	6000000029364877778
Q3955027	6000000011574145972
Q395537	6000000002950086944
Q3955587	6000000003901456309
Q3955735	6000000150918008962
Q3956035	6000000158185742835
Q3956042	6000000146045653940
Q3956066	6000000182429753853
Q3956075	6000000143328225968
Q3956150	6000000150685202826
Q3956153	6000000134684368821
Q3956186	6000000016745473051
Q3956193	6000000137039555843
Q39562	6000000016748874789
Q3956220	4726480
Q3956236	6000000141008446072
Q3956238	6000000177397455823
Q3956245	6000000163419026854
Q3956248	6000000151463541856
Q3956267	6000000084834360864
Q3956283	6000000152604907060
Q3956297	6000000145516668827
Q3956341	6000000157270905912
Q395664	6000000141116392097
Q3956828	6000000042631800844
Q3956848	6000000042536638017
Q3956858	6000000044427755682
Q3956889	6000000002026694916
Q3957020	6000000042632223718
Q395709	6000000140839248837
Q395729	6000000017374681206
Q39574	6000000095906532956
Q3958008	6000000041541425474
Q3958496	6000000166798015838
Q3958497	6000000156877297822
Q3958503	6000000141069665878
Q3958522	6000000146295586821
Q3958616	6000000007050523734
Q3959116	6000000039830994217
Q3959323	6000000037136870293
Q39599	6000000013663346489
Q3959987	6000000056524358040
Q3960165	6000000000307240874
Q3960168	6000000003409344323
Q3960312	6000000157701658831
Q3960449	6000000011253829159
Q3960642	6000000179877293827
Q3960672	6000000163424464008
Q39607	6000000017059342752
Q3960724	6000000066961792135
Q3960736	6000000144739671919
Q3960804	6000000013956295782
Q3960807	6000000152212376822
Q3960822	6000000073213066002
Q3960835	6000000143570459885
Q3960866	6000000018840532987
Q3960871	6000000156514164834
Q3960878	6000000142680926827
Q3960889	6000000178965080902
Q39609	6000000041001174847
Q3960910	6000000007076854165
Q3960911	6000000093561159821
Q3960913	6000000145024397827
Q3960915	6000000168846104834
Q3960922	6000000155800121838
Q3960944	6000000163604497900
Q3960954	6000000140690712886
Q3960962	6000000017374470322
Q39614190	6000000137608030904
Q39616302	6000000151134711822
Q3962055	6000000143415030842
Q39627568	6000000036626187317
Q3963190	6000000143556966914
Q3963507	6000000075648010920
Q39637	6000000067831959849
Q39639	6000000055636565855
Q3963947	6000000144741393856
Q3963949	6000000031829140761
Q3963952	6000000001369274248
Q3963956	6000000003004569469
Q3963958	6000000078634316104
Q3963972	6000000145365233837
Q3963981	6000000006727778289
Q39644165	6000000141077472935
Q3964756	6000000144885839830
Q3964769	6000000156259585822
Q3964849	6000000002550195939
Q39658	6000000026764378315
Q396606	6000000191144842862
Q39662486	6000000041862921907
Q39666	6000000008053393004
Q39666653	6000000003977792329
Q3967489	6000000028774166047
Q3967569	6000000011601940482
Q39676015	6000000018183691700
Q39679885	6000000018160829577
Q3968108	6000000012447526417
Q3968187	6000000156517351825
Q3968188	6000000145004373949
Q3968194	6000000156882398849
Q39691	6000000106988238033
Q39693854	6000000018156887024
Q39698848	6000000001768584187
Q397108	6000000028376391563
Q3971494	6000000007783766425
Q39715931	6000000176128322888
Q3971699	6000000081784754108
Q39718	6000000016150757000
Q3972244	6000000080036623829
Q3972264	6000000183168642835
Q3972270	6000000053118345891
Q3972303	6000000137133577881
Q3972309	6000000145225261858
Q3972367	6000000140727822164
Q3972390	6000000069481940835
Q3972394	6000000178603971899
Q3972398	6000000163496381823
Q3972405	6000000136794537013
Q3972413	6000000143793462825
Q3972418	6000000145956960055
Q3972427	6000000135745272838
Q3972448	6000000150668801887
Q3972466	6000000068557208951
Q3972509	6000000048232854466
Q3972526	6000000155268676823
Q3972543	6000000029469783181
Q3972549	6000000107678624063
Q3972560	6000000182431447827
Q3972661	6000000091268070828
Q3972687	6000000167127130822
Q3972694	6000000091257327836
Q3972703	6000000145025072837
Q3972727	6000000132579718839
Q3972751	6000000165980922058
Q3972941	6000000015195065354
Q39730162	6000000149994157822
Q3973126	6000000052932932062
Q3973169	6000000053964492884
Q3973180	6000000003220560116
Q3973185	6000000178759909850
Q3973194	6000000042360986079
Q3973200	6000000024407148772
Q3973620	6000000178037719986
Q39739164	6000000179806415907
Q39742111	6000000058536645917
Q39745671	6000000020817034871
Q39750595	6000000019893607747
Q39776664	6000000018162295138
Q39779523	6000000080180342894
Q3978238	6000000009397391565
Q3978248	6000000016501839472
Q3978251	6000000016936318450
Q3978261	6000000083817282503
Q3978448	6000000076866361856
Q39786121	6000000082378557151
Q39789	6000000002773299322
Q39790443	6000000177189428821
Q39792	6000000024233963718
Q3979214	6000000091250089833
Q39801152	6000000020014135362
Q39802829	6000000021069903383
Q39802894	6000000031640593469
Q39802896	6000000012537425296
Q39802898	6000000023478031077
Q39802904	6000000002802236229
Q39802955	6000000003216112923
Q39803	6000000011062177239
Q39804429	6000000000903167787
Q39804822	6000000009655625348
Q39805042	6000000021727953022
Q39805415	6000000022765278572
Q39805817	6000000002726798153
Q3980631	6000000178271672831
Q3980638	6000000163373481860
Q39807246	6000000026066445022
Q3980757	6000000145527427010
Q3980759	6000000079036166372
Q3980763	6000000037849449391
Q3980765	6000000145381913847
Q3980956	6000000127158033892
Q39811430	6000000000216471935
Q39811450	6000000015040727254
Q3981557	6000000000252459698
Q39816137	6000000157266907928
Q3982413	6000000140702680971
Q3982507	6000000020455746122
Q3982526	6000000079203422821
Q39829	6000000010836315690
Q3982947	6000000140447110019
Q3982955	6000000144810398046
Q3983098	6000000151127665822
Q3983304	6000000168500576864
Q3983825	6000000075223877229
Q3983826	6000000069457313022
Q3983828	6000000166414917912
Q3983856	6000000163357948940
Q3983860	6000000157687314844
Q3983936	6000000090853976968
Q3984268	6000000141112526328
Q3984273	6000000142796692821
Q3984276	6000000064934159821
Q3984286	6000000125247021826
Q3984290	6000000178468862860
Q3984302	6000000091264745960
Q3984306	6000000079502345883
Q3984307	6000000091180726869
Q3984319	6000000064116150864
Q3984325	6000000064934771967
Q3984333	6000000142888915906
Q3984877	6000000029149210265
Q3984941	6000000058592891959
Q39859441	6000000080520413839
Q39860609	6000000001247678004
Q39861420	5674321843170101422
Q39871357	6000000165043089893
Q39871916	6000000071401025855
Q39896278	6000000136552702965
Q39897442	6000000156210801886
Q39898346	6000000021849532796
Q399011	6000000005018031152
Q3990167	6000000161993473846
Q3990239	6000000017430445309
Q399055	6000000036338810262
Q3990628	6000000010459484547
Q3990639	6000000074773627942
Q3990642	6000000026120439995
Q3990644	6000000013249727709
Q3990662	6000000012973803423
Q3990674	6000000015356874350
Q3990678	6000000005598801500
Q3990679	6000000001355747745
Q3990687	6000000026451012059
Q3990688	6000000006444768332
Q3990690	6000000077425333107
Q3990691	6000000008887370107
Q3990704	6000000004842140347
Q3990711	6000000061583281821
Q3990734	6000000012597730189
Q3990736	6000000000795212513
Q3990737	6000000008300369871
Q3990738	6000000000795212558
Q3990745	6000000007606459106
Q3990748	4431868235730044194
Q3990783	6000000175869149876
Q3990802	6000000006763325794
Q3990803	6000000014328688060
Q399131	6000000057406383835
Q3991352	6000000110786959958
Q3991482	6000000038727903546
Q3991503	6000000003243635027
Q3991506	6000000017437090624
Q3991525	6000000137992439848
Q3991526	6000000163420528118
Q3991537	6000000133673451941
Q3991608	6000000018690250852
Q3991629	6000000142678604823
Q3991818	6000000140434105915
Q3991850	6000000178959957943
Q3991871	6000000015396906118
Q3991876	6000000156866507857
Q3991882	6000000156266527918
Q3991887	6000000150785968834
Q3991905	6000000151448086902
Q3991979	6000000182431240822
Q3992012	6000000155256663822
Q3992013	6000000145240106870
Q39921126	6000000003534097533
Q399214	6000000000166242894
Q399216	6000000002322303849
Q3992272	6000000074791357216
Q399235	6000000026338114800
Q39923675	6000000009514724264
Q39924405	6000000010781073284
Q39924961	6000000072581814863
Q3992503	6000000006092340645
Q3992510	6000000006884594120
Q3992514	6000000185315787836
Q3992568	6000000151399777822
Q3992573	6000000068375906822
Q399266	6000000167385252114
Q39926786	6000000023052020907
Q3992717	6000000144816704941
Q3992722	6000000155892877828
Q3992730	6000000122539173847
Q3992735	6000000156877964883
Q3992749	6000000056237899880
Q3992754	6000000166717815822
Q3992768	6000000144815442878
Q399277	6000000009715831088
Q3992779	6000000059391663889
Q3992798	6000000146289092059
Q3992808	6000000134969369986
Q3992823	6000000150917913913
Q3992849	6000000150766878897
Q3992857	6000000174430839848
Q3992867	6000000157258443950
Q3992882	6000000052883066139
Q3993	6000000016942352986
Q3993092	6000000080208283893
Q39931	6000000009776458601
Q3993113	6000000177920700839
Q3993127	6000000165166749148
Q3993133	6000000155795978849
Q399318	6000000042495701819
Q39931833	6000000003615008671
Q399334	6000000006590332366
Q3993433	6000000072446869957
Q399358	6000000029468772349
Q39940	6000000012914287848
Q399485	6000000071228515122
Q3995092	6000000178603801913
Q39951267	6000000007193422089
Q399536	6000000123490735866
Q399561	6000000036338548487
Q399593	6000000044431537888
Q399600	6000000123491865875
Q399608	6000000123313970821
Q399621	6000000044125009877
Q399625	6000000013083158601
Q39966879	6000000065660729896
Q39967748	6000000041189671838
Q3997428	6000000013673484261
Q3997461	6000000159451125822
Q3997491	6000000001387423883
Q39978	6000000010498053454
Q3998074	6000000017848053761
Q3999039	6000000069162295898
Q3999048	6000000001259432612
Q3999068	6000000026606223312
Q3999615	6000000145871998911
Q399963	6000000015262604517
Q399969	6000000024276935369
Q399986	6000000015916017393
Q4000160	6000000140699394899
Q4000296	6000000161387826837
Q4000309	6000000156760444974
Q4000321	6000000157679893848
Q4000330	6000000150783713835
Q4000341	6000000198320291830
Q4000365	6000000134606976821
Q4000366	6000000140089514987
Q400044	6000000023950224968
Q4000508	6000000087075742157
Q40005722	6000000176989455832
Q4000591	6000000019558687001
Q4000599	6000000177245987828
Q400062	6000000025973065896
Q40006371	6000000156802247875
Q400064	6000000008752882606
Q40015619	6000000009245354107
Q400167	6000000052825856838
Q40020873	6000000191126687829
Q40021447	6000000024290911851
Q40023372	6000000004200703540
Q4002449	6000000091180337857
Q4002475	6000000156547837927
Q4002492	6000000068447564877
Q4002493	6000000145519712872
Q4002494	6000000143191247877
Q4002495	6000000150910342843
Q4002497	6000000015396192997
Q40026	6000000007954839377
Q4002758	6000000136974756839
Q4002776	6000000156305163822
Q4002796	6000000165993361233
Q4002810	6000000157714034840
Q4002818	6000000145061492822
Q4002832	6000000166786091865
Q4002837	6000000145336646823
Q4002844	6000000175453135839
Q4002852	6000000024180999808
Q4002856	6000000140766420917
Q4002863	6000000151922843823
Q4002873	6000000020998659815
Q4002882	6000000166394021838
Q4002895	6000000174430537123
Q4002920	6000000145584572841
Q4002934	6000000151387809884
Q4003021	6000000056294045165
Q4003060	6000000137998760914
Q4003064	6000000166254794849
Q4003080	6000000025126143320
Q4003316	6000000156827931889
Q4003326	6000000151391569848
Q40033412	6000000067886658560
Q4003345	6000000169083458830
Q4003358	6000000157282523948
Q4003367	6000000156643465837
Q4003375	6000000157383086846
Q4003385	6000000031075896741
Q4003394	6000000142750489823
Q4003398	6000000164465360081
Q4003411	6000000156828800887
Q4003416	6000000144728834854
Q4003429	6000000142771879822
Q4003441	6000000060588406823
Q4003460	6000000166578074822
Q4003466	6000000073446220896
Q4003467	6000000141113283974
Q4003489	6000000069401653821
Q4003493	6000000166555161834
Q4003496	5364708110620078082
Q4003497	6000000069164854879
Q40035	6000000031246927781
Q4003501	6000000178297660822
Q40035313	6000000007973445202
Q40035363	6000000006882297665
Q40041600	6000000031456930857
Q40043476	6000000036490333095
Q40044202	6000000021151145164
Q40052361	6000000190614259910
Q40057	6000000008754520152
Q4006398	6000000071165980854
Q4006399	6000000127177260849
Q40064	2508800
Q4006506	6000000008093592715
Q40071384	6000000001908747736
Q40072957	6000000002946873745
Q4007568	6000000140827230874
Q40075813	6000000053291709821
Q4007596	6000000142897021085
Q40076226	6000000029244023003
Q4007690	6000000140679539868
Q4007740	6000000182428604838
Q4007743	6000000141076845852
Q4007841	6000000066687120886
Q4007863	6000000182430163849
Q4007877	6000000091258138000
Q4007893	6000000134046949939
Q4007902	6000000137581655014
Q4007905	6000000155792610828
Q4007930	6000000155797527822
Q40079731	6000000023413642965
Q40081640	6000000026832063774
Q4008352	6000000178556288920
Q4008357	6000000141074241951
Q400837	6000000010745636135
Q4008478	6000000080351663152
Q4008485	6000000113770407887
Q4008609	6000000182717956827
Q4008611	6000000137132205140
Q4008642	6000000143789000954
Q40087	6000000177670607823
Q4008854	6000000163487056827
Q4008923	6000000161882817849
Q40090052	6000000039313459576
Q4009027	6000000035940139824
Q40092028	6000000015730622883
Q4009369	6000000091211368263
Q4009481	6000000141039096184
Q40096	6000000012090719561
Q4009687	6000000002870589804
Q40097671	6000000176513740898
Q4009782	6000000062352515982
Q4009809	6000000025141037055
Q4009813	6000000150668135840
Q4009819	5173083698480122572
Q40098840	6000000019920735270
Q40098955	6000000008260821372
Q40100821	6000000012567871761
Q4010092	6000000177703885829
Q40101097	6000000008260799506
Q4010189	6000000137336801896
Q4010194	6000000068419101821
Q4010510	6000000028764878959
Q40110	6000000010202599709
Q40114407	6000000006292975643
Q40115347	6000000001908865282
Q4011657	6000000007949703156
Q4011659	6000000020074486575
Q4011744	6000000020225517899
Q40119210	6000000172223955912
Q4011970	6000000042892805872
Q4012	6000000011357547031
Q40120041	6000000019342932402
Q40120893	6000000175220736822
Q40124	6000000031485586112
Q40125267	6000000002304334736
Q40128	6000000002250252152
Q4012915	6000000123683540032
Q4013034	6000000163835401920
Q4013068	6000000145226145915
Q4013092	6000000157513557859
Q4013094	6000000145352038909
Q4013130	6000000180005321834
Q4013137	6000000157388501823
Q4013138	6000000163357237883
Q4013143	6000000157326055827
Q4013148	6000000145527420895
Q4013154	6000000159286835918
Q4013161	6000000165983348109
Q4013172	6000000152496183864
Q4013176	6000000156549893827
Q4013185	6000000178578838864
Q4013193	3688212
Q40132102	6000000008428662069
Q4013212	6000000156885959832
Q4013216	6000000068440984928
Q4013224	6000000166901587878
Q4013243	6000000025610120126
Q4013245	6000000143231712883
Q4013246	6000000143231779884
Q4013258	6000000143232076861
Q4013261	6000000140871239858
Q4013284	6000000163423322530
Q4013288	6000000150679121822
Q40132899	6000000013263203221
Q4013293	6000000020707142514
Q4013317	6000000145002696942
Q4013329	6000000177961152961
Q4013331	6000000163405941830
Q4013337	6000000184154487826
Q4013344	6000000183975402823
Q4013346	6000000003916845763
Q4013357	6000000144741016892
Q4013362	6000000141042619028
Q4013371	6000000084265279939
Q4013374	6000000145521259863
Q4013393	6000000140768932934
Q4013406	6000000163406500827
Q4013416	6000000149976954835
Q4013417	6000000145527555080
Q4013425	6000000163216773946
Q4013428	6000000140766218921
Q4013439	6000000145251371907
Q4013469	6000000183976649835
Q4013481	6000000163399446837
Q4013486	6000000163560872095
Q4013488	6000000175592346829
Q4013512	6000000080117472123
Q4013517	6000000181907216832
Q4013521	6000000158136454842
Q4013522	6000000137625444912
Q4013529	6000000156195817859
Q4013541	6000000143230430063
Q4013552	6000000145758129940
Q4013562	6000000041194117375
Q4013564	6000000052620446992
Q4013573	6000000166562351822
Q4013583	6000000142675715821
Q4013641	6000000145517307055
Q4013793	6000000079461397316
Q4013892	6000000151134294822
Q40139008	6000000124642936828
Q4013916	6000000151131599071
Q4013924	6000000134582433920
Q4013930	6000000145605739822
Q4013933	6000000140442460929
Q4013957	6000000151344361955
Q4013965	6000000001156687386
Q4013970	6000000085341263835
Q4013971	6000000003232103777
Q40140953	6000000116894890423
Q40141016	6000000019653374745
Q40141647	6000000023482015298
Q4014532	6000000045713419828
Q4014539	6000000145230601940
Q4014560	6000000048112797215
Q4014569	6000000045708806919
Q4014705	6000000015998658279
Q4014759	6000000177031313822
Q4014767	6000000166757602926
Q4014955	6000000181576372835
Q4014988	6000000157111086839
Q4015046	6000000145335481844
Q4015048	6000000163836907920
Q4015077	6000000163779762949
Q4015079	6000000166893820874
Q4015088	6000000140720076973
Q4015090	6000000156487844856
Q4015105	6000000014576956108
Q4015108	6000000145251087835
Q4015112	6000000142735887821
Q4015123	6000000152610807834
Q4015130	6000000141082437221
Q4015143	6000000152213698822
Q4015175	6000000143555382838
Q4015187	6000000157573804871
Q4015188	6000000182409494855
Q4015197	6000000080004127197
Q4015222	6000000150952848822
Q4015223	6000000068367082023
Q4015244	6000000150861242822
Q4015261	6000000140855596822
Q4015270	6000000137582483964
Q4015281	6000000145252475058
Q4015284	6000000155819189835
Q4015289	6000000145527339031
Q4015296	6000000146296220899
Q4015300	6000000172481355824
Q4015305	6000000076676605035
Q4015310	6000000071163237435
Q4015316	6000000049898128834
Q4015327	6000000038093563201
Q4015337	6000000143183695945
Q4015364	6000000158075629858
Q4015365	6000000029175771566
Q4015383	6000000152608702865
Q4015388	6000000161389349947
Q4015395	6000000151483242861
Q4015402	6000000142928215838
Q4015413	6000000144727250945
Q4015417	6000000143184671073
Q4015421	6000000181335933822
Q4015424	6000000177920113832
Q4015449	6000000141022286989
Q4015458	6000000166875339840
Q4015474	6000000177337146839
Q4015502	6000000072431098178
Q4015514	6000000163320396930
Q4015516	6000000183609621856
Q4015527	6000000145768813903
Q4015528	6000000150671005845
Q4015532	6000000163266632856
Q4015552	6000000178245525839
Q40155712	2976952
Q4015585	6000000115252333966
Q4015587	6000000156835527828
Q4015588	6000000037754299323
Q4015589	6000000100862669834
Q401574	6000000101707893891
Q40162	6000000008754699329
Q4016741	6000000040648185671
Q40176845	6000000001877477181
Q401773	6000000177049131846
Q4017870	6000000145522669823
Q4017881	6000000145345940033
Q4017924	6000000163843446932
Q4017961	6000000009468145884
Q4017966	6000000140847280822
Q4017976	6000000151451531860
Q4017980	6000000000736938938
Q4017992	6000000143118911826
Q4018009	6000000177945545835
Q4018180	6000000073591002836
Q4018254	6000000136343524861
Q4018263	6000000179206698821
Q4018268	319433236400006081
Q401829	6000000007573837930
Q40183465	6000000075413385111
Q40183770	6000000097130326914
Q4018406	6000000003409089750
Q4018412	6000000003409233068
Q4018741	6000000179766568823
Q401892	6000000185262013839
Q4019270	6000000007348113556
Q40197	6000000015669702205
Q4019759	6000000007466073226
Q4019813	6000000027435103188
Q4019836	6000000027061705074
Q4019839	6000000018962633852
Q4019904	6000000003734214480
Q4019905	6000000150663768920
Q4019916	6000000091179329843
Q4019918	6000000009628044263
Q4019921	6000000045136952963
Q4019943	6000000028323182384
Q4019950	6000000002188546934
Q4019950	6000000025891584383
Q4019958	6000000013644491537
Q4019960	6000000006444102142
Q4019988	6000000041586578354
Q4019997	6000000176991942871
Q4019998	6000000176991943414
Q4020000	6000000002115940881
Q4020003	6000000003321265158
Q4020008	6000000007529267271
Q4020015	6000000020884378471
Q4020023	6000000003113450684
Q4020036	6000000072000954824
Q4020039	6000000011029479806
Q4020042	6000000173391204101
Q4020043	6000000010945464436
Q4020051	6000000047558613676
Q4020053	6000000027103955855
Q4020054	6000000011838306673
Q4020067	6000000032151836372
Q4020072	6000000011864335203
Q4020095	6000000017103204944
Q4020096	6000000002218248575
Q4020101	6000000020812886919
Q4020103	6000000030127395696
Q4020116	6000000127094142013
Q4020122	6000000016867796828
Q4020125	6000000002188670983
Q4020155	6000000001532549163
Q4020158	6000000008487245485
Q4020166	6000000164028231983
Q4020177	6000000012597073293
Q4020181	6000000001590333665
Q4020193	6000000002384454507
Q4020194	6000000006444063070
Q4020209	6000000179961612875
Q4020235	6000000010842438915
Q4020241	6000000176584962830
Q4020307	6000000191948234832
Q4020310	6000000004831628511
Q402047	6000000015412782573
Q4020603	6000000151125103879
Q4020993	6000000002789306171
Q4021064	6000000003988591162
Q4021169	4754017555300071809
Q4021171	6000000005052062155
Q40212445	6000000016777160182
Q40212475	6000000040150857071
Q40212577	6000000027578853290
Q40212577	6000000068903246117
Q40213	6000000009402401716
Q4021419	6000000172392461979
Q40214923	6000000002115993580
Q40214970	6000000024182177360
Q4022105	6000000015144218893
Q40222919	6000000011484925257
Q4022346	6000000016497287882
Q40223984	6000000017625897769
Q40224	6000000010432117448
Q4022465	6000000156491794872
Q4022654	6000000000891511242
Q4022720	6000000025498353628
Q402274	5131836473740115871
Q4022944	6000000004953421772
Q4022957	6000000023232273306
Q4022973	6000000032392264556
Q402300	6000000093731526868
Q4023113	6000000072447295836
Q4023325	6000000177211430892
Q40236174	6000000036090773162
Q4023947	6000000025645623051
Q4023957	6000000161442748926
Q4024070	6000000140226912492
Q40242032	6000000021411950961
Q4024625	6000000145023878914
Q40248	6000000026177049750
Q4025032	6000000011195037127
Q4025059	6000000012482883928
Q4025366	6000000015687379595
Q4026164	6000000007988098227
Q40263	6000000048936646943
Q402676	6000000015727356700
Q40267660	6000000018425538914
Q4026940	6000000164498597041
Q4026999	5298882833100108852
Q4027002	5298984195260123745
Q4027096	6000000038361503307
Q4027103	6000000015430629188
Q4027139	6000000009868390736
Q4027296	6000000025154442282
Q4027336	6000000001258640125
Q4027340	6000000002513031774
Q4027347	6000000007980958107
Q4027349	6000000069450469876
Q4027439	6000000031034713796
Q4027526	6000000183432600831
Q4027579	6000000013091593503
Q402782	6000000020799779096
Q402793	6000000000175834320
Q4028	6000000010022751863
Q402800	6000000007707159244
Q40283847	6000000006127578228
Q4029	6000000070971051420
Q402977	6000000060191044976
Q40299	6000000062368162932
Q4030	6000000016068953863
Q40300554	6000000011288085884
Q403084	6000000038731639678
Q40320223	6000000023499082965
Q40321	6000000105182461440
Q40321519	6000000002513439036
Q40330552	6000000087566608850
Q4033059	6000000019771691834
Q40330600	6000000000509992455
Q40330701	6000000082838049834
Q40330709	6000000055749922140
Q40330881	6000000089137612868
Q40330951	6000000078070889842
Q40331016	6000000118196819835
Q40331109	6000000041392144687
Q40331205	6000000082705037279
Q40331225	6000000122450812927
Q40331249	6000000079408033822
Q40331273	6000000021730371247
Q40331297	6000000022396352513
Q40331351	6000000015939343648
Q40331391	6000000080950025867
Q40331394	6000000015939452045
Q40331525	6000000040529648017
Q40331629	6000000078071984770
Q40331655	6000000115538474833
Q40331735	6000000084184053569
Q40331736	6000000023252703173
Q40331823	6000000039629517227
Q40331845	6000000010676680038
Q40332069	6000000022876252537
Q40332158	6000000169659025871
Q40332187	6000000147763409857
Q40332269	6000000013250055611
Q40332300	6000000009108363222
Q40332386	6000000029572792808
Q40332476	6000000179524691032
Q40332570	6000000091001938839
Q40332588	6000000009394569123
Q40332643	6000000012247976541
Q40332678	6000000036198832467
Q40336503	6000000020908335406
Q40337	6000000085584132985
Q40343573	6000000000320748593
Q40349055	6000000176794221824
Q40370969	6000000015903647258
Q40371105	6000000022098240667
Q40387	6000000016854571668
Q40387740	6000000000813823365
Q40388460	6000000019979564836
Q40388711	6000000023026055346
Q40389024	6000000000460671389
Q4039	6000000029362326222
Q40390111	6000000010694293672
Q404161	6000000008853392636
Q404169	6000000141040854012
Q40417898	6000000047531874869
Q40425352	6000000016542541734
Q4043987	6000000013712707059
Q40444	353120608130011964
Q40444661	6000000018069210078
Q404461	6000000035541257047
Q404475	6000000058122018039
Q40457263	6000000022098227328
Q40471596	6000000028333869370
Q40475	6000000006886038227
Q40475009	6000000017099976263
Q40476472	6000000023608864315
Q40476503	6000000000650650586
Q40476901	6000000017803305136
Q40476945	6000000024246860902
Q40486638	6000000010036624822
Q405036	6000000029495070516
Q40504	6000000000774075573
Q4050436	6000000020691725065
Q40510163	6000000015877574662
Q405109	6000000102325844047
Q40512	6000000010774289131
Q40523	6000000004293508470
Q40531	6000000002454625760
Q405352	6000000007323145248
Q4054157	6000000027897582342
Q4054206	6000000017753204897
Q4054209	6000000046413167034
Q4054390	6000000194861382894
Q405463	6000000008231359254
Q4054683	6000000194862905858
Q4054774	6000000071373390834
Q4054865	6000000139566107832
Q4054868	6000000005663857027
Q4054905	6000000037378038247
Q4054939	6000000203409339837
Q4054956	6000000203409299842
Q4054958	6000000200047119826
Q4054974	6000000016707325087
Q4054977	6000000032309856989
Q4055061	6000000014447258162
Q405520	6000000071408188909
Q4055429	6000000034935922144
Q4055432	6000000034935520603
Q4055448	6000000001602141327
Q4055614	6000000019441125057
Q4055630	6000000039302094525
Q4055636	6000000177702932851
Q4055688	6000000200067901848
Q4055701	6000000215031798823
Q4055905	6000000038551082015
Q4055922	6000000039226998345
Q4055967	6000000024741628045
Q4056069	6000000208718237829
Q4056079	6000000177732956821
Q4056139	6000000064774433084
Q40566172	6000000013907410265
Q4056706	6000000083333346010
Q40569402	6000000006605993811
Q405702	6000000089536452139
Q4057029	6000000079401627056
Q4057043	6000000042491461759
Q40572	6000000011344049719
Q4057215	6000000067714210822
Q4057299	6000000087138308979
Q4057340	6000000184642511026
Q4057471	6000000024796213166
Q4057472	6000000076926384338
Q4057480	6000000147006661884
Q4057501	6000000017383941490
Q4057533	6000000009821756060
Q4057602	6000000176051408871
Q4057603	6000000013175131537
Q4057608	6000000005099466484
Q4057609	6000000033574843987
Q4057611	6000000005066599210
Q4057612	6000000033373923432
Q4057613	6000000011767725432
Q4057615	6000000024198900755
Q4057624	6000000005099481518
Q40577	6000000023047928915
Q4057917	6000000205616187883
Q4057936	6000000008377334614
Q4057983	6000000082409914951
Q4058000	6000000141810627863
Q4058091	6000000037424495867
Q4058092	6000000037424470945
Q4058134	6000000002743728002
Q4058170	6000000078845245395
Q4058176	6000000026227510858
Q4058284	6000000046744934976
Q405863	6000000003590705298
Q405872	6000000011469704668
Q4058731	6000000206888987843
Q4058775	6000000037428302212
Q40588859	6000000138059380979
Q40589	6000000040637724745
Q4058909	6000000217149889822
Q4059041	6000000037430447621
Q4059447	6000000138166380833
Q4059481	6000000197972739830
Q4059573	6000000018308729192
Q4059574	6000000003859432457
Q4059651	6000000142931710876
Q4059795	6000000012975756998
Q40599	6000000003581492340
Q4059972	6000000205616811823
Q4060002	6000000047616114850
Q4060013	6000000064638601220
Q4060188	6000000210944280824
Q4060241	6000000053706976827
Q4060434	6000000205555929931
Q40604649	6000000138054836880
Q4060509	6000000002797333061
Q406078	6000000000557052678
Q406085	6000000022566132999
Q4060864	6000000016727177434
Q4060881	4489871441140077772
Q4060920	6000000002188616185
Q4060947	6000000090936577827
Q4060967	6000000044339176838
Q4060980	6000000003633192464
Q4061	6000000014316811459
Q4061141	6000000012956126746
Q4061178	6000000194598776895
Q406161	6000000041109800737
Q4061644	6000000052518871861
Q4061692	6000000218936953962
Q4061701	6000000015151200050
Q4061738	6000000066653715971
Q4061750	6000000076771452087
Q40617839	6000000178776840901
Q4061982	6000000195943731824
Q4062060	6000000079498347549
Q4062065	6000000037458093595
Q40621545	6000000017764971763
Q4062190	6000000019773910979
Q4062251	6000000079402392063
Q4062394	6000000066897974830
Q4062437	6000000149273054860
Q4062497	6000000021410488723
Q4062587	6000000132796581821
Q4062642	6000000006951475484
Q4062652	6000000008537517464
Q4062653	6000000162934122825
Q40628	6000000002324467527
Q4062805	6000000037469310858
Q4062807	6000000052753424975
Q4062835	6000000006609602027
Q4062861	6000000071226279874
Q4062863	6000000071226232863
Q4062873	6000000204275919838
Q40629995	6000000026825263269
Q4063079	6000000015664828258
Q4063217	6000000033445942281
Q4063350	6000000018165156543
Q4063359	6000000004212613373
Q4063385	6000000181438777856
Q4063392	6000000176320767839
Q4063407	6000000010040208620
Q4063593	6000000001882213750
Q4063670	6000000003473974391
Q4063673	6000000019156867438
Q4063683	6000000007264943356
Q4063757	6000000181275643825
Q4063785	6000000147301939868
Q40638	6000000040057867597
Q40640	6000000009814619407
Q4064068	6000000008413284282
Q4064331	6000000006797015026
Q4064332	6000000007286188677
Q4064335	5544037329020025507
Q4064421	6000000053536401925
Q4064422	6000000053536317871
Q4064423	6000000053536132932
Q4064426	5562857679250108058
Q4064427	6000000000038244357
Q4064488	6000000021214777878
Q40645	6000000002765855895
Q4064841	6000000177821726821
Q40649	6000000019559896686
Q4064916	6000000003273408973
Q406504	6000000011370570641
Q4065214	6000000179577504822
Q4065277	6000000013661167957
Q4065347	6000000058211470859
Q4065349	6000000058211063884
Q406539	6000000028988159224
Q4065405	6000000031989577283
Q4065471	6000000186572781892
Q4065503	6000000186574166847
Q4065792	6000000148746771387
Q4065796	6000000021328153453
Q4065796	6000000080832442934
Q4065816	6000000039996745072
Q4065860	6000000014925762136
Q4065965	6000000000998251005
Q40663922	6000000083708149567
Q40663934	6000000013079446904
Q4066539	6000000006727757983
Q4066634	6000000018299066122
Q4066640	6000000018298610954
Q4066778	6000000007932379119
Q4066829	6000000079316711849
Q40668702	6000000166194910825
Q4066890	6000000009814132820
Q4066892	6000000009772874153
Q4067008	6000000130542297827
Q4067232	6000000018426024299
Q4067349	6000000079635885287
Q4067354	6000000196621303825
Q4067368	6000000194762389857
Q406742	6000000023234929939
Q4067424	6000000220387986907
Q4067432	5563883648610112274
Q4067522	6000000057524294963
Q4067702	6000000001710111111
Q4067792	6000000049217812037
Q4067827	6000000178283391845
Q4067973	6000000072073314026
Q4068008	6000000086521779925
Q4068100	6000000040038085916
Q406819	6000000020265046220
Q4068192	6000000004666881500
Q4068294	6000000053639655926
Q4068304	6000000018337872482
Q4068360	6000000082410788826
Q4068463	6000000168143638924
Q4068547	6000000018544656178
Q4068555	6000000007918439271
Q40685949	6000000002188429730
Q4068614	6000000004361143770
Q4068793	6000000046567829033
Q4068811	6000000045829672916
Q4068822	6000000018910046490
Q4068828	6000000046847847926
Q4068882	6000000025982952286
Q4068913	6000000124358020914
Q4069025	6000000103943298039
Q40692031	6000000001464114254
Q4069225	6000000045831070839
Q40693149	6000000039301295474
Q4069455	6000000177824560837
Q4069456	6000000177824632823
Q4069458	6000000037566878348
Q4069544	6000000035539104702
Q40697040	6000000145842002822
Q4069793	6000000022274794808
Q4069797	6000000012656391715
Q4069799	6000000017602349124
Q4069854	6000000151036672821
Q4069875	6000000078519001239
Q4070026	6000000049170835871
Q4070031	6000000022077283355
Q4070033	6000000017286042421
Q4070038	6000000018910913017
Q4070125	4551613703110055295
Q4070465	6000000010352211161
Q4070662	6000000014704191056
Q4070664	6000000014704091869
Q4070789	6000000080605949995
Q4070936	6000000007672951569
Q4071288	6000000077517816650
Q4071377	6000000194203732832
Q4071382	6000000194203897843
Q4071456	6000000037625236725
Q40715	6000000010073347173
Q4072280	6000000181410391849
Q4072355	6000000091817153119
Q4072507	6000000117406549908
Q4072509	6000000195765101864
Q4072545	6000000206541321822
Q4072784	6000000089401277977
Q4072839	6000000200713532831
Q4073025	6000000189736710823
Q4073225	6000000194399543914
Q4073433	6000000079306999081
Q40738705	6000000199559853893
Q40738727	6000000199560570831
Q40740195	6000000172756018822
Q4074414	6000000019286538607
Q40745275	6000000006906884144
Q40746152	6000000022993140822
Q40746269	6000000001299375272
Q40746765	6000000023008607667
Q40747161	6000000005792961487
Q40747182	6000000004080182014
Q4074726	6000000017528663734
Q4074729	6000000017530955255
Q4074730	6000000024237268253
Q4074836	6000000000043953664
Q4074853	6000000174111083413
Q4075056	6000000218374051837
Q4075071	6000000027326640580
Q4075253	6000000051701511966
Q4075255	6000000051700946298
Q4075270	6000000026945894565
Q40756	6000000005961523301
Q40757097	6000000030741336193
Q4075719	6000000008843282671
Q40759978	6000000023909986846
Q4076015	6000000022000337825
Q40760550	6000000015716685411
Q4076102	6000000006605835179
Q40762500	6000000003124397383
Q4076267	6000000090784230876
Q4076481	6000000033256777126
Q40766034	6000000174439690579
Q4076621	6000000164918255048
Q4076622	6000000036222631697
Q4076629	344225031600014787
Q4076636	6000000024120478485
Q4076642	6000000024120478479
Q40766941	6000000031024884734
Q40766954	6000000008667429222
Q4076818	6000000016117541360
Q40768349	6000000030855329488
Q4076888	6000000069370170462
Q40769369	6000000055827816085
Q4077081	6000000073308943033
Q4077112	6000000020434079889
Q4077113	6000000015346932280
Q4077115	6000000003465983304
Q4077124	6000000219309170884
Q4077154	6000000078531090902
Q4077278	6000000024262079803
Q407741	6000000041567046435
Q4077533	6000000015654137350
Q4077629	6000000008601723269
Q4077697	6000000098006270012
Q4077716	6000000049220023006
Q4077739	6000000011852121626
Q4077759	6000000016509765355
Q4077765	6000000077439927928
Q4077766	6000000049220140109
Q4077769	6000000011287488456
Q4077774	6000000009957664629
Q4077785	6000000077429742181
Q4077861	6000000040036827040
Q4077918	6000000018434926764
Q4077931	6000000018115569295
Q4078026	6000000143804077361
Q4078044	6000000018515141185
Q4078084	6000000001117120584
Q4078162	6000000071861202841
Q4078163	6000000083099175937
Q4078174	6000000114087715845
Q4078201	6000000033960167030
Q4078214	6000000017552917304
Q4078231	6000000010027923770
Q4078262	6000000027991212812
Q4078293	6000000069501281931
Q4078294	6000000003569647633
Q4078295	6000000003570462141
Q4078370	6000000176607580841
Q4078466	6000000089500629917
Q4078502	6000000028085937111
Q4078679	6000000184577397824
Q4078687	6000000221107196830
Q40787	6000000000703639356
Q4078700	6000000021486607057
Q4078706	6000000063710079890
Q40787288	6000000042536133474
Q4078739	6000000003327769762
Q4078790	6000000001288004068
Q4078859	6000000214775289841
Q4078922	6000000013547746135
Q4078923	6000000018011443067
Q4078924	6000000013923775824
Q4078926	6000000014332203713
Q4078931	6000000001706863604
Q4078932	6000000018008920484
Q4078933	6000000006761727277
Q4078936	6000000018009378818
Q4078938	6000000018009378802
Q4078952	6000000182742155821
Q4078988	6000000220577961845
Q4079000	6000000109335460962
Q4079093	6000000109896509892
Q40791	6000000015063192945
Q4079100	6000000026283264193
Q4079159	6000000182914437836
Q4079160	6000000182914512826
Q4079375	6000000101831031836
Q4079418	6000000002049754609
Q407943	6000000004202703481
Q4079626	6000000128617478821
Q4079667	6000000182692562827
Q4079694	6000000022076905763
Q4079695	6000000022089364453
Q4079696	6000000022076890628
Q4079698	6000000022077536800
Q4079753	6000000037155466344
Q40797760	6000000035391283073
Q4079807	6000000031810164992
Q4079810	6000000011683065306
Q4079835	6000000022147624604
Q4079842	6000000017548313177
Q4079890	6000000001420904825
Q4080037	6000000042026586027
Q4080038	6000000038338516187
Q4080215	6000000025564174975
Q4080306	6000000031321491907
Q4080468	6000000026052307542
Q4080532	6000000054015834873
Q4080705	6000000033049247653
Q4080784	6000000019066183264
Q4080785	6000000012342570489
Q4080786	6000000012936041374
Q4080788	6000000012936096246
Q4080800	6000000010535783418
Q4080801	6000000015761169392
Q4081162	6000000144650540821
Q4081194	6000000056924870917
Q4081219	6000000010858341188
Q4081262	6000000033966688241
Q4081366	6000000185563101209
Q40813790	6000000168160183822
Q4081382	6000000015136342591
Q4081387	6000000021560138830
Q4081541	6000000037153290883
Q4081790	6000000026050560987
Q4081827	6000000000743800441
Q4081881	6000000015826065326
Q4081955	6000000114809076865
Q4082087	6000000177234558852
Q40821488	6000000008673113551
Q4082160	6000000205681170868
Q4082219	6000000190730558856
Q40826	6000000008675950601
Q4082787	6000000025591222699
Q4082787	6000000190047298062
Q4082793	6000000016150017391
Q4082793	6000000190047298050
Q4082794	6000000014495860919
Q4082795	6000000008651257630
Q4082795	6000000190047298044
Q4082797	6000000008447891992
Q4082797	6000000190046853450
Q4082799	6000000014496137254
Q40830969	6000000002808700617
Q4083186	6000000180758319821
Q4083210	6000000013292219212
Q4083219	6000000013292219203
Q4083246	6000000001606372289
Q4083303	6000000014058854607
Q4083306	6000000014060221576
Q4083311	6000000014192618930
Q4083314	6000000014192760101
Q4083315	6000000014058752659
Q4083418	6000000057222756864
Q4083441	6000000019712204114
Q4083632	6000000039996549226
Q4083635	6000000044454211106
Q4083676	6000000022158351616
Q40837934	6000000010276903048
Q4083804	6000000184358685829
Q4083815	6000000009297364327
Q4083818	6000000012484296961
Q4083819	6000000009301679896
Q4083840	6000000022448898715
Q4083867	6000000013966758123
Q4083877	6000000027874633492
Q4083897	6000000211096595822
Q4083932	6000000056818746884
Q4083934	6000000019818015113
Q4084004	6000000011349920903
Q4084007	6000000128853245898
Q4084012	6000000013015374909
Q4084032	6000000056594537861
Q4084270	6000000218374145826
Q40847580	6000000020267225231
Q40847633	6000000080732138821
Q4084845	6000000079343642344
Q4084848	6000000079350280833
Q4084859	6000000085421369223
Q4084893	6000000012888446737
Q4084923	6000000002188517293
Q4084936	6000000012702022406
Q4084974	6000000035393776521
Q4085025	6000000114026078844
Q4085079	6000000161079311858
Q4085126	6000000024611501463
Q4085132	6000000010380103299
Q4085141	6000000223687576856
Q4085157	6000000068147101969
Q40852	6000000017119937632
Q40852432	6000000029526040154
Q4085248	6000000045931295880
Q40853749	6000000070665635133
Q40854046	6000000015983206199
Q40854055	6000000174318879886
Q40854535	6000000022830083465
Q4085685	6000000072400242844
Q40858056	6000000006871136158
Q40858130	6000000046493614020
Q40858679	6000000008310282799
Q4085877	6000000003043538604
Q40859346	6000000035450665934
Q4085941	6000000134763985327
Q4085944	6000000134763140122
Q4085968	6000000025608079862
Q4085970	6000000007168882444
Q4086033	6000000006605853899
Q4086034	6000000006605840581
Q4086069	6000000107726161907
Q40861410	6000000024641798821
Q40861547	6000000001299351436
Q40861923	6000000070740721190
Q40862047	6000000114815949821
Q4086235	6000000002659644745
Q40862667	6000000013431691576
Q4086704	6000000161390964868
Q408671	6000000027878199766
Q4086733	6000000006357163595
Q4086764	6000000122218067825
Q4087034	6000000031060144948
Q4087065	6000000011036038678
Q4087068	6000000022321698063
Q4087069	6000000015865934838
Q4087070	5173879004810085651
Q4087212	6000000082446819132
Q4087249	6000000026451738462
Q4087261	6000000014575345771
Q4087269	6000000179276196845
Q40874	6000000014773482683
Q4087583	6000000203884699822
Q4087758	6000000035283617236
Q4087992	6000000004684963023
Q4088014	6000000020626287269
Q4088018	6000000008943440039
Q4088061	6000000022000644938
Q4088264	6000000003480212313
Q4088398	6000000070176163963
Q4088427	6000000026222672994
Q4088469	6000000034175190499
Q4088481	6000000126451502004
Q4088503	6000000196403996829
Q4088643	6000000001367403005
Q4088704	6000000008450568184
Q4088740	6000000041913951450
Q4088747	6000000210944518825
Q4088845	6000000015874566699
Q40889261	6000000080048521821
Q4088992	6000000041351188021
Q4089121	6000000032373200938
Q4089278	6000000197527823834
Q4089306	6000000182798235855
Q4089591	6000000020545475987
Q4089592	6000000020545115005
Q4089615	6000000082417137912
Q4089631	6000000082417071022
Q4089877	6000000010121425099
Q4089914	6000000195652900852
Q4089923	6000000024729129044
Q4089955	6000000016056365852
Q409	6000000008744437747
Q4090034	355607425500004651
Q4090143	6000000020640775494
Q4090161	6000000038524722616
Q4090162	6000000038524472705
Q4090351	6000000006727947003
Q40904	6000000000468360120
Q4090620	6000000018616173758
Q4090718	6000000010224232501
Q4090815	6000000106394154085
Q40909	6000000005438507612
Q40911018	6000000013542847232
Q4091112	6000000165966349944
Q40912	6000000006822889962
Q40918655	6000000039008328899
Q4093132	6000000202059290865
Q4093220	6000000204806122831
Q40933	4683792416130122024
Q4093304	6000000014536078291
Q4093320	6000000079248573238
Q4093363	6000000000658192994
Q4093388	6000000009948973492
Q4093752	6000000074921392887
Q40939	6000000011133679747
Q4093918	6000000197075862835
Q4094072	6000000094068624147
Q4094529	6000000037578327532
Q40946	6000000019359180335
Q4094717	5680886138810076973
Q4094823	6000000006114532586
Q4094898	6000000223091796967
Q4094977	6000000018009703297
Q4095031	6000000032047051272
Q4095602	6000000079034103457
Q4095787	6000000017361487499
Q4095800	6000000076281450832
Q4095802	6000000108292196979
Q4095803	6000000016196475731
Q4095822	6000000002496857322
Q4096086	6000000009451971938
Q4096093	6000000068448204821
Q4096167	6000000009944337266
Q4096178	6000000026629970935
Q4096182	6000000025888703343
Q4096184	6000000015633803520
Q4096187	6000000014955345920
Q4096239	6000000033812803982
Q4096255	6000000037580147387
Q4096296	6000000017070402262
Q4096302	6000000007158785369
Q4096453	6000000016737257901
Q4096513	6000000011794207375
Q4096515	6000000011793356525
Q4096545	6000000024953614827
Q4096729	6000000039692985934
Q4096741	6000000077633956274
Q4096786	331334920730012240
Q4096791	331343968670001462
Q4096903	6000000017482532323
Q4096931	6000000012060263361
Q4097084	6000000173933637086
Q4097144	6000000221139371843
Q4097145	6000000110923719833
Q4097152	6000000015743780818
Q4097168	6000000018136965415
Q4097171	6000000012330752049
Q4097179	6000000019354753859
Q4097183	6000000019357032693
Q4097186	6000000002281612237
Q4097210	6000000214361515822
Q4097214	6000000018228220094
Q4097295	6000000018581618660
Q4097296	6000000018581714555
Q40973300	6000000005598904734
Q4097425	6000000017682114495
Q4097431	6000000028295628426
Q4097612	6000000181356520912
Q4097652	6000000054516314885
Q4097662	6000000037106774418
Q40976840	6000000212253004860
Q4097689	6000000140456505834
Q4097805	6000000179414598868
Q4097812	6000000179415424822
Q4097975	6000000022950983207
Q4097976	6000000025901342517
Q4097980	6000000016867324719
Q4098116	6000000084104573890
Q4098136	6000000032949826930
Q4098206	6000000072239705030
Q4098442	6000000015168746227
Q4098614	6000000038369243991
Q4098733	6000000038526888200
Q4098735	6000000038526644925
Q4098803	6000000052581028108
Q40988203	6000000014071977447
Q4098849	6000000017893141346
Q4098868	6000000057359629880
Q40989542	6000000004214508022
Q4098980	6000000036170170361
Q4099091	6000000032258586054
Q4099165	6000000020720608864
Q40991918	6000000151462121979
Q4099212	6000000022190199704
Q4099214	6000000069645565829
Q40992189	6000000166282932822
Q40992202	6000000151245271822
Q40992245	6000000183976086823
Q40992276	6000000142793402822
Q40992422	6000000163444158598
Q40992440	6000000139427687834
Q4099554	6000000072182343296
Q4099637	6000000191598576860
Q40999237	6000000006128152508
Q410	6000000012712993240
Q4100015	6000000043455474990
Q4100193	6000000018442914116
Q4100320	6000000101685944842
Q4100343	6000000016395609745
Q4100350	6000000022147156563
Q4100484	6000000202172547858
Q4100591	6000000035663179276
Q4100645	6000000019776045221
Q4100647	6000000180781255828
Q4100648	340385154040006588
Q4100666	6000000008790586984
Q41007180	6000000004868960212
Q4100719	6000000061919266865
Q4100733	6000000107659944911
Q4100949	6000000180918008866
Q4100953	6000000180917839918
Q4101068	6000000179894596841
Q4101159	6000000069641341860
Q4101164	6000000075686857123
Q4101268	6000000039430805578
Q4101270	6000000206619948833
Q4101305	6000000052589471099
Q41013360	6000000018091070383
Q4101402	6000000018426062650
Q4101529	6000000017936819339
Q4101562	6000000209826155826
Q4101567	6000000015152590453
Q41016843	6000000023699918462
Q41017719	6000000034544932237
Q4102078	6000000029010883237
Q4102208	6000000058286262054
Q4102223	6000000050079099274
Q4102225	6000000050079614929
Q4102286	6000000016930471905
Q4102580	6000000015028733193
Q41028868	6000000002952639525
Q4102982	6000000036947869012
Q4102992	6000000017618462074
Q4103102	6000000118422479838
Q4103104	6000000024670235319
Q4103113	6000000001954454810
Q4103224	6000000039327483675
Q4103271	6000000006889438692
Q4103312	6000000005103370325
Q4103325	6000000024061553506
Q41034	6000000030333118478
Q4103413	6000000184708180932
Q4103741	6000000008814626408
Q4103949	6000000030384605459
Q4103951	6000000030384974554
Q4104082	6000000061087283010
Q4104162	6000000003953784066
Q4104176	6000000124658290829
Q41042	6000000007371549271
Q41042583	6000000040831111592
Q4104305	6000000052591695008
Q4104309	6000000015722083059
Q4104313	6000000194665357848
Q4104437	6000000018171781421
Q4104489	6000000007313882350
Q4104490	6000000018331302940
Q4104556	6000000205331363832
Q41045627	6000000024987554200
Q4104663	6000000003482066307
Q4104768	6000000036504005075
Q4104933	6000000219227092828
Q4104968	6000000012041014958
Q4104969	6000000010381472166
Q4104974	6000000010382999851
Q4104977	6000000014232649079
Q4104979	6000000017885062118
Q4104985	6000000021957589946
Q4105044	6000000120389955237
Q4105334	6000000175201499125
Q4105402	6000000071676431900
Q4105453	6000000015338556836
Q4105462	6000000077594025786
Q4105463	6000000008365698481
Q4105615	6000000141950539914
Q4105698	6000000006348318045
Q4105704	6000000017944013678
Q4105707	6000000022961588833
Q4105792	6000000205958982823
Q4105951	6000000015657818052
Q4105977	6000000003410225649
Q4105978	6000000003339911562
Q4105979	6000000003508095684
Q4106007	6000000040909951728
Q4106042	6000000024730737698
Q4106089	6000000074580467076
Q41064267	6000000011263231755
Q4106464	6000000014335995575
Q41067337	6000000008961918817
Q4106852	6000000016047170922
Q4106853	6000000016047028946
Q4106876	6000000065056597861
Q4106921	6000000006127744801
Q4107055	6000000008833048614
Q4107102	6000000017265337108
Q4107108	6000000018117579742
Q4107205	6000000025223158142
Q4107249	6000000042480870838
Q4107283	6000000117690610824
Q4107399	6000000113464467971
Q41074307	6000000016437175048
Q41075162	6000000027547253150
Q4107564	6000000064394062838
Q4107586	6000000066377462027
Q41076	6000000000650991806
Q4107747	6000000203247177842
Q4107759	6000000018826675622
Q4107914	6000000200680926822
Q4107915	6000000179283898836
Q41087179	6000000027738823115
Q4108725	6000000026187354855
Q4108738	6000000120940004037
Q4108748	6000000002968952419
Q4108977	6000000018638232118
Q41089827	6000000017751147494
Q4109	6000000015635401200
Q4109115	6000000051235095077
Q4109306	6000000016360871891
Q4109344	6000000030410393088
Q4109468	6000000012480411349
Q4109522	6000000079258806400
Q4109850	6000000006795572338
Q41098686	6000000016521853178
Q41099914	6000000033624183891
Q4109995	6000000071022892133
Q4110039	6000000026186731357
Q41100564	6000000140702618922
Q4110144	6000000001461762417
Q4110329	6000000025751836838
Q41103819	6000000025289890022
Q4110531	6000000053647277955
Q4110537	6000000014967159634
Q4110603	6000000066008180849
Q4110625	6000000154120202825
Q4110673	6000000015382588909
Q4110816	6000000017391093655
Q4110817	6000000007419231308
Q411085	6000000004089729471
Q4110859	6000000042332467643
Q4110933	6000000056691383852
Q4110942	6000000017857202967
Q41110113	6000000027508135546
Q411102	6000000019613129194
Q4111142	6000000007042031480
Q4111239	6000000038168291636
Q4111286	6000000031362240175
Q4111296	6000000008659797504
Q4111311	6000000002188424291
Q4111343	6000000086477419502
Q4111351	6000000177717713888
Q4111370	6000000020448708860
Q4111388	6000000089673362840
Q4111467	6000000057547086896
Q4111480	6000000043461204019
Q4111482	6000000013060784252
Q4111497	6000000046622710641
Q4111531	6000000044121760228
Q4111536	6000000018852902242
Q4111579	6000000003408897847
Q4111649	6000000011738593874
Q41117	6000000013356093211
Q4111755	6000000003409167630
Q4111781	6000000046845574835
Q4112023	326650633550005180
Q4112048	6000000018924174228
Q4112066	6000000185574436049
Q4112079	6000000041401650161
Q4112178	6000000139533891840
Q4112213	6000000131311993983
Q4112334	6000000004405063565
Q4112404	6000000004405063558
Q4112413	6000000194665647861
Q4112415	6000000078879845554
Q4112417	6000000180486710827
Q4112450	6000000069373436821
Q4112451	6000000069371198968
Q4112464	6000000033067493615
Q4112477	6000000015274963430
Q4112484	6000000086174570845
Q4112506	6000000001961963897
Q4112568	6000000205960972834
Q4112569	6000000205960042965
Q41125946	4706116564850076932
Q4112619	6000000006101474253
Q4112674	6000000006603438668
Q4112674	6000000215431345828
Q4112677	6000000003515767872
Q4112679	6000000003665799136
Q4112785	6000000012089562441
Q4112811	6000000020866826607
Q41129	6000000003347507125
Q41130	6000000025999907376
Q4113037	6000000073473851821
Q41130610	6000000007393924906
Q4113103	6000000174466976898
Q41131128	6000000014022301012
Q41136	6000000080385732236
Q4113731	6000000003355289827
Q4113913	6000000026092683318
Q41142	6000000000138924065
Q4114323	6000000017339714064
Q4114326	6000000017338658356
Q41148	6000000009544026039
Q4114833	6000000172716357925
Q4114848	6000000052615811836
Q4114855	6000000064032115831
Q4114857	6000000064032064061
Q41150527	6000000016786502169
Q4115068	6000000008328463758
Q4115071	6000000076505423108
Q4115325	6000000007286921085
Q4115406	6000000053850076904
Q4115473	6000000005255415383
Q4115482	6000000005784562025
Q4115544	6000000059714694976
Q4115617	6000000003900453909
Q4115626	6000000002400120573
Q4115633	6000000002799594977
Q4115755	6000000000951042224
Q4115956	6000000000116868764
Q4116065	6000000023280624948
Q4116074	4586402238750032212
Q41163	6000000012957281572
Q4116476	6000000006845361935
Q41166	6000000004827380489
Q4116923	6000000027743146542
Q4117098	6000000014407441590
Q41172017	6000000073972076896
Q41173	6000000028239957466
Q4117958	6000000031801931171
Q4118087	6000000008793466567
Q4118159	6000000021096387905
Q4118236	6000000010907763368
Q4118357	6000000007327295247
Q4118655	6000000008735693986
Q4118766	6000000024781806836
Q4118770	6000000014192073513
Q4118891	6000000014961068492
Q4118893	6000000017446639833
Q4118898	6000000012245249212
Q4118903	6000000029329993190
Q4118916	6000000177841997856
Q4118920	6000000015151434024
Q4118924	6000000010833527981
Q4119026	6000000003227682983
Q4119031	6000000016572885767
Q4119345	6000000015542919021
Q41194869	6000000001372095247
Q4119577	6000000011422633793
Q4119890	6000000014872448134
Q4119905	6000000002800686111
Q41199654	6000000018603661843
Q41199787	6000000077920931858
Q4120019	6000000176845114827
Q4120043	6000000004656228069
Q4120092	5079862009840022121
Q4120215	6000000003605668699
Q4120248	6000000016301044751
Q4120355	6000000012848874259
Q4120370	6000000012848853422
Q4120572	6000000017798282816
Q4120837	6000000002030793680
Q4120843	6000000006348740762
Q4120844	6000000015169144451
Q4120845	6000000022794701178
Q4120854	6000000013463069610
Q4120940	6000000006019000012
Q4121000	6000000026393995152
Q4121098	6000000100736767858
Q4121107	6000000004336155403
Q4121109	6000000004382388124
Q4121111	6000000004382567008
Q4121140	6000000025830343881
Q4121154	6000000016775907633
Q4121159	6000000025745532442
Q4121205	6000000212846135826
Q4121248	6000000013373761269
Q4121297	6000000029226980143
Q4121308	6000000022646179865
Q4121315	5486669728000084558
Q4121376	6000000010802017307
Q4121399	6000000021810794776
Q4121425	6000000015094098522
Q4121443	6000000013415540553
Q4121715	6000000103304809860
Q4122120	6000000049260343871
Q41223	6000000004037795946
Q4122419	6000000018220571891
Q4122521	6000000018496527158
Q4123245	6000000014299559256
Q4123259	6000000049451312952
Q4123306	6000000069967861875
Q4123336	6000000069968045176
Q4123341	6000000069969602221
Q4123391	6000000069968394030
Q41234875	6000000003213446747
Q4123515	6000000008521145286
Q4123516	6000000008497344027
Q4123518	6000000004665095458
Q4123528	6000000016957083542
Q4123536	6000000008497338066
Q4123538	6000000008497404347
Q4123540	6000000049182286964
Q41236655	6000000005599170438
Q4124226	6000000067873803856
Q41244301	6000000002188477296
Q41246570	6000000163585352859
Q41246767	6000000178242852852
Q4124707	6000000017941687389
Q4124718	6000000024264913905
Q4124756	6000000083816412874
Q4124808	6000000001827513068
Q4124883	6000000182004244983
Q4124915	6000000022543229694
Q4124918	6000000040976387981
Q4125060	6000000015942487485
Q41253257	6000000068070968034
Q4125613	6000000049783211862
Q41257	6000000015888101035
Q4125778	6000000026437379898
Q4125785	6000000016896388332
Q4125791	6000000002188616870
Q4125793	6000000008450079306
Q4125863	6000000025001863577
Q4125958	6000000078570336969
Q41259833	6000000210503976837
Q4125990	6000000009359918903
Q4126194	6000000178492261821
Q4126197	6000000045924346259
Q41262514	6000000026216863079
Q41264	6000000010884400550
Q41264324	6000000012981768278
Q41264521	6000000076099799851
Q4126616	6000000037337434582
Q41269	6000000015641987055
Q4126977	6000000011580601764
Q4126978	6000000030387419009
Q4126979	6000000069284400873
Q4126981	6000000030370026912
Q4126982	6000000023837268912
Q4126983	6000000019262803470
Q4126988	6000000080563105983
Q4126989	6000000008770755284
Q4127047	6000000006901836466
Q4127053	6000000025371397250
Q4127236	6000000117627138995
Q4127270	6000000019775940268
Q4127289	6000000013237229408
Q4127300	6000000018281458125
Q41273655	6000000178879220822
Q41274722	6000000149869497867
Q41276075	6000000015998672024
Q4127815	6000000005226655388
Q4128	6000000018038618815
Q4128226	6000000031076573900
Q4128234	6000000192249528939
Q4128243	6000000029182927005
Q4128248	6000000028581538033
Q4128288	6000000001318319035
Q4128304	6000000033991936906
Q4128403	6000000003563571454
Q4128757	6000000074362137907
Q4128770	6000000071222843872
Q4129169	6000000194793576823
Q4129557	6000000194865054822
Q4129638	6000000005002967790
Q4129653	6000000080396444888
Q4129778	6000000000353943831
Q4129860	6000000002214142600
Q4129948	6000000184276462874
Q4129984	6000000002912805279
Q4130038	4871826009410029739
Q41300919	6000000210649529832
Q4130137	6000000074726993259
Q4130208	6000000006767924252
Q4130218	6000000108665882096
Q4130222	6000000189892638834
Q4130524	6000000047534582921
Q41308441	6000000032996935889
Q4130847	6000000002140993382
Q4130854	6000000039848405159
Q4130872	6000000007551802218
Q4130875	6000000051552958867
Q41309	6000000010910170576
Q4130920	6000000173826308486
Q4130947	6000000083188728231
Q4131043	6000000089713771277
Q4131082	6000000199652448847
Q4131325	6000000064641209970
Q4131363	6000000017762844371
Q4131371	6000000012167547489
Q4131378	6000000006767923260
Q4131383	6000000027004927619
Q4131390	6000000006767748360
Q41314	6000000041516083887
Q4131422	6000000038164085461
Q4131424	6000000016538746667
Q41314430	6000000032444934658
Q4131483	6000000015485237382
Q4131567	6000000052622916863
Q41318363	6000000015401494571
Q4131930	6000000036836525796
Q4131985	6000000189813011850
Q4132126	6000000017485000187
Q4132128	6000000035365685382
Q4132129	6000000083999861850
Q41321572	6000000030557755910
Q4132303	6000000104309097836
Q41323246	6000000019763724703
Q4132423	6000000001974292314
Q4132543	6000000028615142050
Q41326100	6000000088631901822
Q4132631	6000000144817978824
Q41326930	6000000163585683822
Q4132756	6000000031928441185
Q4132837	6000000090934227980
Q4132842	6000000073376648463
Q4132846	6000000166759979934
Q4132847	6000000166759970929
Q4132884	6000000138665397164
Q41328988	6000000014534113087
Q4132948	6000000001435420724
Q4133065	6000000003221255095
Q41330738	6000000029602572931
Q41330833	6000000029602329427
Q41331061	6000000029602324997
Q4133129	6000000107359623822
Q4133152	6000000030530580448
Q4133153	6000000043889936017
Q4133154	6000000043889954840
Q4133157	6000000030530825524
Q4133158	6000000018218732055
Q4133259	6000000194063012828
Q4133263	6000000017955584672
Q41332714	6000000102774365220
Q4133288	6000000084882592207
Q4133324	6000000052053358260
Q4133327	6000000003465876217
Q4133331	6000000008248603484
Q4133353	6000000002452729244
Q4133360	6000000049377640748
Q41333623	6000000007456740100
Q4133604	6000000113901719845
Q4133670	6000000048157198833
Q4133724	6000000195982934911
Q4133763	6000000007190594377
Q4133766	6000000206069277903
Q4133767	6000000036668302711
Q4133947	6000000040360142127
Q4133949	6000000022714323095
Q4133952	6000000022714092545
Q4133954	6000000182085478970
Q4133961	6000000007914080579
Q41339653	6000000196174375890
Q4133975	6000000052626671821
Q4133977	6000000035022921161
Q41340611	6000000003583756488
Q41342	6000000009999128267
Q4134223	6000000020006586157
Q4134628	6000000035938343033
Q4134632	6000000009316918556
Q4134643	6000000012533224606
Q4134655	6000000178099468822
Q4134687	6000000190222307831
Q4134706	6000000039191608012
Q4134727	6000000014070790088
Q4134732	6000000018553213733
Q4134825	6000000036466649413
Q4134831	6000000036466118333
Q4134873	6000000017489281572
Q4134875	6000000087138293948
Q4134984	6000000011706599497
Q4135053	6000000069433673984
Q41351	6000000010564978130
Q4135198	6000000175570114856
Q41352285	6000000009611498143
Q4135234	6000000176337773874
Q41352775	6000000003508119358
Q4135579	6000000004750291035
Q4135787	6000000018094439072
Q4135791	6000000204510746841
Q4135794	6000000018094268680
Q41360325	6000000039534060575
Q41365689	6000000013268078881
Q41365689	6000000022437403194
Q41366864	6000000002905295193
Q4136964	6000000009744664284
Q4136998	6000000019776814580
Q4137	6000000018039067172
Q41370	4793654215250024782
Q4137200	6000000037493798616
Q4137206	6000000087460197846
Q4137214	6000000075731398035
Q4137218	6000000070739757949
Q4137229	6000000070738958949
Q4137236	6000000070734967113
Q4137276	6000000052630161980
Q4137340	6000000050081254048
Q4137341	6000000050455641938
Q4137350	6000000012105040658
Q4137352	6000000013237126768
Q4137363	6000000042444600993
Q4137518	6000000023389470507
Q4137529	6000000043457141053
Q4137561	6000000012332356585
Q4137615	6000000016271698648
Q4137634	6000000212768736848
Q4137636	6000000217013668822
Q4137637	6000000217013289830
Q4137640	6000000024887271354
Q4137642	6000000024887049686
Q4137652	6000000217045266835
Q4137653	6000000217045216830
Q4137665	6000000033952904920
Q4137667	6000000076897258069
Q4137670	6000000049001034900
Q4137671	6000000204861193880
Q41378	6000000022948568206
Q4137831	6000000084589272102
Q4137903	6000000012402711203
Q4137912	6000000014528864776
Q4137957	6000000049136479947
Q4137961	6000000006808541842
Q4138191	6000000022910948981
Q4138214	6000000031720852916
Q4138300	6000000207565473824
Q4138324	6000000017220682665
Q4138336	6000000017486400845
Q4138405	6000000017220397781
Q4138408	6000000083703600116
Q4138598	6000000136909200821
Q4138664	6000000199590137852
Q4138823	6000000027834278680
Q4138824	6000000027834170661
Q4138953	6000000044370005045
Q4138966	6000000051336964044
Q41390	6000000000414975372
Q4139039	6000000124955787823
Q4139053	6000000205683417826
Q4139342	6000000083386906236
Q4139408	336739894580012815
Q4139457	6000000064774118181
Q41395	6000000063789424821
Q4139613	6000000014136720882
Q4139620	6000000013983008169
Q4139625	6000000052945937125
Q4139695	6000000023207849536
Q4139738	6000000011336520043
Q4139771	6000000010253037417
Q4139776	6000000051680086068
Q4139780	6000000052051114910
Q4139855	6000000008865872214
Q4139856	6000000014777030984
Q4139857	6000000040180214865
Q4139860	6000000075894772436
Q4139862	6000000008865740444
Q4139863	6000000008873591276
Q4139867	6000000008865472191
Q4140023	6000000052084067880
Q41402	6000000001713424553
Q4140482	6000000008659777105
Q41406	6000000000062755927
Q41408	6000000021467888767
Q4140918	6000000012516713791
Q4140918	6000000024407548858
Q4140923	6000000020608458900
Q4140958	6000000009786850062
Q4140973	6000000010964778788
Q41411	6000000025579757993
Q4141134	6000000083029510917
Q4141241	6000000109327445859
Q4141256	6000000003570935532
Q4141313	6000000172524954020
Q4141372	6000000006598982861
Q4141380	6000000003478797236
Q41414	6000000005288780018
Q4141432	6000000002659982098
Q4141435	6000000013375897112
Q4141436	6000000002667633255
Q4141439	6000000014158970065
Q4141541	6000000008266043781
Q4141550	6000000006782623067
Q4141554	6000000011435777170
Q4141556	6000000006705842201
Q4141559	6000000025523859499
Q4141562	6000000016638259525
Q4141563	6000000018069950269
Q4141564	6000000012297962448
Q4141565	6000000017326355369
Q4141566	6000000012850311848
Q4141570	6000000007891706323
Q4141577	6000000008650736507
Q4141578	6000000020733717868
Q4141579	6000000058679334966
Q4141580	6000000002659710249
Q4141595	6000000006771741105
Q4141596	6000000006809015888
Q4141597	6000000006808482809
Q4141598	6000000017902086209
Q4141603	6000000019495360437
Q4141604	6000000007498015055
Q41416162	6000000005011499473
Q4141650	6000000047835285864
Q41418	6000000014878031318
Q4141826	6000000002730016528
Q4141904	6000000006780819476
Q4141917	6000000006781125254
Q41421	6000000041216347498
Q41421135	6000000000668369569
Q4142128	6000000164567807822
Q41422	6000000031162755091
Q4142301	6000000028142074614
Q4142302	6000000111939925953
Q4142317	6000000036695026070
Q4142319	6000000043685023026
Q4142441	6000000041411210024
Q4142583	6000000064172814938
Q4142723	6000000181290546845
Q4142786	6000000018463285403
Q4142834	6000000009129187528
Q4142836	6000000014060283794
Q4142838	6000000014071042674
Q4142840	6000000019776422274
Q41428551	6000000036265740252
Q4142890	6000000197034840886
Q4143057	6000000173786322441
Q4143141	6000000067134780902
Q4143186	6000000082778464821
Q4143213	6000000017198667703
Q4143249	6000000007463939373
Q4143362	6000000004079636525
Q4143364	6000000017205577147
Q4143367	6000000003216080464
Q4143536	6000000008855356168
Q4143536	6000000008874027915
Q4143538	6000000008874153298
Q4143552	6000000186787801852
Q41437	6000000004148350806
Q4143705	6000000131991452021
Q4143880	6000000109335042147
Q4143892	6000000004867590664
Q4143916	6000000002115897285
Q4143996	6000000214775867826
Q4143999	6000000221832757847
Q41441	6000000113765245622
Q4144113	6000000003825066184
Q4144502	6000000075231965015
Q4145	6000000093263951978
Q41450113	6000000020682254434
Q41450386	6000000011747733588
Q41450631	6000000031324046486
Q41451043	6000000017451140071
Q41451727	6000000011360792051
Q41453075	6000000000320748758
Q41453558	6000000019269963380
Q4145979	6000000003138560341
Q4145982	6000000003138469025
Q4145986	6000000003138325527
Q4145988	6000000037311495028
Q4146029	6000000180373499858
Q4146236	6000000200326863832
Q4146400	6000000002188489138
Q4146448	6000000145511190833
Q41468598	6000000000687470605
Q4147047	6000000194598818910
Q4147074	6000000041329520044
Q4147204	6000000012864690224
Q4147207	6000000012864073869
Q41472370	6000000009584418948
Q4147301	6000000023088820585
Q4147304	6000000021630991940
Q4147308	6000000067417977845
Q4147409	6000000068559276252
Q41476	6000000076796365850
Q4147620	6000000019520497438
Q41476470	6000000182735298834
Q4147766	6000000075797638891
Q4147768	6000000075797158052
Q41481126	6000000008538178883
Q4148176	6000000168344619831
Q4148350	6000000017112745032
Q4148372	6000000020484048499
Q4148374	6000000014620475076
Q4148378	6000000003940700763
Q4148403	6000000077866977023
Q4148404	6000000012849895829
Q41485	6000000000481584789
Q4148675	6000000015065690506
Q4148692	6000000172962981833
Q4148820	6000000172099224881
Q4148840	6000000053526014071
Q4148886	6000000106791722821
Q4148890	6000000212141046839
Q4149052	6000000012935397107
Q4149064	6000000008854192132
Q4149360	6000000013123979500
Q4149399	6000000209859823829
Q4149524	6000000070669250880
Q4149543	6000000077141643114
Q4149557	6000000010562318354
Q4149557	6000000199083661498
Q4149585	6000000070407569255
Q4149600	6000000013705712105
Q4149613	6000000016474813299
Q4149738	6000000021067824881
Q4149806	6000000069644027984
Q41500278	6000000037279013102
Q41500870	6000000039220657965
Q41502	6000000005576058265
Q4150307	6000000041926700165
Q4150318	6000000040109536469
Q4150319	6000000040070289958
Q4150343	4475303157560075482
Q4150369	6000000062687461840
Q4150382	6000000009402775539
Q4150464	6000000148052149908
Q4150534	6000000021675166880
Q41505357	6000000010525874145
Q41505707	6000000016353211962
Q41508	6000000061546907821
Q4150911	6000000036928579205
Q4150919	6000000226905993112
Q4150953	6000000113753400893
Q41509703	6000000021870788540
Q4151011	6000000060797349694
Q4151027	6000000021168193876
Q4151032	6000000225579857823
Q41511938	6000000003134904541
Q41513	6000000011870674111
Q4151322	6000000084969489894
Q4151497	6000000003242819650
Q4151541	6000000169286866174
Q4151612	6000000013704948688
Q4151618	6000000013703640394
Q4151618	6000000190047717700
Q4151623	6000000210391654887
Q4151773	6000000039918318100
Q4151791	6000000070630893844
Q4151884	6000000098101714016
Q4152109	6000000018708228021
Q4152121	6000000032151840256
Q4152126	6000000039474389912
Q4152136	6000000172452079361
Q4152338	6000000178021962821
Q41524345	6000000047979774896
Q4152437	6000000039297982526
Q4152475	6000000008378731963
Q4152525	6000000006928582379
Q4152535	6000000022189026509
Q41526061	6000000006100857881
Q4152723	6000000189634583821
Q41527725	6000000088107172830
Q41529365	6000000068321226884
Q41530	6000000148087641336
Q41530668	6000000209544724873
Q4153147	6000000208149106828
Q41532	6000000010222329906
Q4153234	6000000042707847999
Q4153238	6000000183805117835
Q4153299	6000000018298989921
Q41532999	6000000016980847036
Q4153300	6000000036096711128
Q4153596	6000000142888408902
Q4153598	6000000023949923099
Q4153600	6000000017983404074
Q4153746	5070100074980061984
Q4153794	6000000001707121238
Q41538394	6000000000261619018
Q41539139	6000000028272343841
Q41540067	5389551651980107738
Q4154014	6000000006101404847
Q4154070	6000000025806222983
Q4154088	6000000009821729843
Q41540909	6000000179518274822
Q4154159	6000000025403129707
Q4154201	6000000019932176283
Q41544238	6000000068334209821
Q4154515	6000000025784702821
Q4154568	6000000031091066570
Q4154576	6000000043105367887
Q41546	6000000029900672479
Q4154717	6000000006437213181
Q41548	6000000014120868477
Q4154835	6000000049846511179
Q4154986	6000000010288614089
Q4154989	6000000015822564294
Q4154990	6000000010288129900
Q4155045	6000000021110267871
Q4155050	6000000080594515453
Q4155120	6000000002786103419
Q4155156	6000000021615493877
Q4155242	6000000086739097909
Q4155287	6000000039867234078
Q41553961	6000000173341609955
Q41554	6000000011522430951
Q41555	4954928647920068959
Q41557641	6000000040493728026
Q41561180	6000000009441085502
Q4156192	6000000034306238281
Q4156205	6000000174973436778
Q4156244	6000000123241673901
Q41562468	6000000133308086824
Q4156252	6000000003225864475
Q41564	6000000039454181495
Q4156547	6000000003051609713
Q41566	6000000030205929351
Q41566574	6000000070630415836
Q4156776	6000000018089629469
Q41568	6000000003635856323
Q4156873	6000000079793558821
Q41569270	6000000023871501960
Q41569545	6000000047805567143
Q4156981	6000000002418234071
Q4157020	6000000003579020143
Q4157025	6000000010153274992
Q4157035	6000000017608518625
Q41570455	6000000001296712034
Q4157063	4781408238080081402
Q4157064	4681863
Q4157066	6000000021579575351
Q4157093	6000000009072905985
Q4157097	6000000015451666158
Q4157356	6000000022966697141
Q4157480	6000000017888922284
Q4157486	6000000008572212002
Q4157487	6000000037619678559
Q4157488	6000000013716220225
Q4157508	6000000003545362139
Q41578094	6000000039283948906
Q4157841	6000000022319053139
Q4157842	6000000022319151951
Q4157845	6000000013545347847
Q4157847	6000000022317786482
Q4157967	6000000174202903970
Q41580	6000000000439949836
Q4158087	6000000041234594058
Q41582	6000000013082860737
Q41584766	6000000152238412831
Q41585	6000000000328121099
Q41585344	6000000068440240334
Q4158901	6000000222707749833
Q4158905	6000000059315088866
Q41589732	6000000084453114674
Q41590578	6000000008872552839
Q4159071	6000000111425729821
Q41591801	6000000182586007877
Q41592	6000000075225774853
Q4159223	6000000038572710737
Q4159226	6000000025702921826
Q41592834	6000000011424196973
Q41594	6000000002447366660
Q41594162	6000000155788695900
Q41594928	6000000191939959843
Q4159595	6000000051903726829
Q4159713	6000000020361411424
Q4159922	6000000197036467922
Q4160059	6000000026866212165
Q4160175	6000000184776461841
Q4160243	6000000008708336785
Q4160371	6000000027588563494
Q4160417	6000000033499737881
Q4160456	6000000000437223285
Q4160477	6000000010265868001
Q4160519	3928647569000116507
Q4160608	6000000001228982291
Q41606276	6000000035336890983
Q4160757	6000000156498253821
Q4160759	6000000015703089204
Q4160801	6000000008763448696
Q4160803	6000000009115078748
Q4160861	6000000001360203031
Q4160936	4981502904490127553
Q4160946	6000000014653250356
Q41609847	6000000044181741326
Q4161064	6000000183069679920
Q4161281	6000000074066683821
Q4161282	6000000019352786194
Q4161283	6000000056599705894
Q41613	6000000001202421413
Q4161394	6000000030160766835
Q4161479	6000000021546312436
Q4161493	6000000027907644548
Q41615	6000000000700960297
Q41615247	1928232
Q4161676	6000000041286401901
Q41618317	6000000019390957031
Q41620834	6000000158645675824
Q41622	6000000003051267350
Q4162205	6000000019538733916
Q41623239	6000000004530042009
Q4162418	6000000017774510491
Q4162434	6000000017708943381
Q4162438	6000000123242448892
Q4162475	6000000001200379081
Q4162509	6000000015496960164
Q4162615	6000000019732576168
Q4162652	6000000012614997761
Q4162661	6000000015029565929
Q4162666	6000000183383057896
Q4162667	4758937413490064400
Q41626808	6000000000875566853
Q41628443	6000000005005759660
Q41628522	6000000005769441337
Q4162883	6000000192978713886
Q41631770	6000000016498047025
Q41632931	6000000197195222859
Q4163350	6000000016866233361
Q4163410	6000000054717029931
Q4163437	6000000077334362341
Q41634518	6000000079143654469
Q41634627	6000000023215773969
Q41635	386940625170003084
Q4163547	6000000185487986923
Q4163612	6000000063172107039
Q4163623	6000000082537123996
Q4163629	6000000010169433868
Q41640	6000000003240525410
Q4164135	6000000057010550926
Q4164137	6000000007778197835
Q41642224	6000000006444792387
Q41645	6000000008955841112
Q4164524	6000000197325764828
Q4164689	6000000010339808417
Q4164690	6000000008450598286
Q4164692	6000000016497950882
Q4164695	6000000014200095895
Q4164697	6000000014082395049
Q4164698	4914376116090074024
Q4164708	6000000078622966371
Q4164711	6000000008458689725
Q4164714	4247665992590036229
Q4164718	6000000008874829614
Q4164730	6000000018152346299
Q4164733	6000000014082339136
Q4164740	4914481200730086091
Q4164827	4981991634200082029
Q41654	385929885890010277
Q41656	6000000024307030004
Q4165776	6000000147779269840
Q4165785	6000000001229400335
Q4165911	6000000000307250524
Q4166181	6000000012621716894
Q4166292	6000000062017091443
Q4166304	6000000041534743523
Q4166456	6000000186576891824
Q41664590	1761145
Q4166576	6000000165616854821
Q4166592	6000000049271406892
Q4166624	6000000141020161866
Q41666384	6000000141074399913
Q41667520	6000000017228149308
Q41668592	6000000009066568841
Q4166950	4850931961020130081
Q4166957	6000000015321699851
Q4166985	4850931992680034234
Q4167020	6000000007549624812
Q4167057	6000000017423347711
Q4167126	6000000015674358482
Q41671698	6000000023936131599
Q4167247	6000000012554639207
Q4167251	6000000017459578430
Q4167253	6000000016227946276
Q4167328	6000000011336994840
Q4167365	6000000107563287837
Q4167537	6000000207027930835
Q4167538	6000000176747299892
Q4167541	6000000176748442839
Q4167703	6000000196240878859
Q41677635	6000000015712169054
Q41681621	6000000051191319315
Q4168185	6000000018608313725
Q4168186	6000000017657627175
Q4168277	6000000010608989850
Q4168648	6000000013226235457
Q4168767	6000000011437511386
Q41688	6000000000484584082
Q4168938	6000000119874113821
Q4168952	6000000018648154059
Q4168956	6000000129851313911
Q4169043	6000000180280587023
Q4169153	6000000170829034849
Q4169160	6000000076881629364
Q4169161	6000000222601821826
Q41693018	6000000008447833140
Q41693048	6000000014320050937
Q41694157	6000000139074405831
Q41695400	6000000014266071544
Q41699051	6000000012529106847
Q41699070	6000000012529076449
Q4169945	6000000109828488067
Q4169957	6000000013741875641
Q4169958	6000000013741779057
Q4169959	6000000013741743106
Q41700196	6000000022127634697
Q4170065	6000000000701222146
Q4170066	6000000000701222114
Q41701901	6000000046500800991
Q41702655	6000000039264154531
Q4170476	6000000019262701953
Q4170510	6000000000459968976
Q4170587	6000000012424450617
Q41706546	6000000074782566128
Q4170711	6000000069046710975
Q41709568	6000000010896817265
Q41709940	6000000016703141649
Q41710294	6000000020406619267
Q4171067	6000000007005661920
Q4171078	6000000002618656628
Q4171104	6000000077489441621
Q41711685	6000000029158676498
Q4171343	6000000065864358857
Q4171534	6000000184885593906
Q4171698	6000000195196729884
Q4171766	6000000001383054554
Q41718	6000000001035357562
Q4171866	6000000089664485834
Q4171878	6000000089664318009
Q41719352	6000000182417062892
Q4171967	6000000057465503025
Q4171986	6000000013587667453
Q4171998	6000000013344471349
Q4172018	6000000013344672615
Q4172313	6000000169965454821
Q4172402	6000000087539883891
Q41726871	6000000019190172177
Q41728718	6000000012325309441
Q41728771	6000000002457907269
Q4172918	6000000181151059829
Q41729220	6000000009514479844
Q4172926	6000000220932902850
Q4172957	6000000177297214886
Q41730281	6000000009514682136
Q41730339	6000000076813351794
Q41730341	6000000019338345158
Q41730341	6000000197819543795
Q41730350	6000000083986655615
Q41730383	6000000186703334821
Q41730412	6000000077251669006
Q41732144	6000000059219789949
Q41732806	6000000001577072652
Q41733345	6000000166549817823
Q41733516	6000000156211516822
Q41733847	6000000023168709391
Q41736601	6000000178094181840
Q4173747	6000000084991284927
Q4174088	6000000045549849822
Q4174127	6000000109807157894
Q4174214	6000000031231874204
Q41742764	6000000180838577822
Q41743424	6000000032583700142
Q41743487	6000000203289790864
Q41744592	6000000053967100110
Q4174514	6000000076697254899
Q4174550	6000000076684478279
Q4174552	6000000076684741297
Q4174681	6000000009132279312
Q4174682	6000000147797782004
Q41749	6000000035503958669
Q41750371	6000000052103445912
Q41751652	5036312399710026992
Q41751676	6000000015976557469
Q41751898	6000000041966491682
Q4175194	6000000179872569871
Q41751970	6000000170710779060
Q41752103	6000000026765386322
Q41752106	6000000086168326840
Q41752298	6000000038627233931
Q41752308	6000000002931054030
Q4175526	6000000033345365839
Q41755574	6000000084746259078
Q41757100	6000000030079995182
Q41757104	6000000143022157824
Q4175724	6000000013657082449
Q4175732	6000000013656965805
Q41758256	6000000177102548901
Q41758435	6000000039813506955
Q41761864	6000000019000027600
Q41763634	6000000019619682168
Q4176649	6000000026999546705
Q41766523	6000000009206618227
Q4176676	6000000143994602851
Q4176709	4907056823080064820
Q41767862	6000000084757152526
Q41768447	6000000028368959943
Q4176878	6000000200664918823
Q4176894	6000000196817609828
Q4177035	6000000033741446913
Q4177079	6000000021023849155
Q4177179	6000000025633099936
Q41772240	6000000013504928753
Q41772253	6000000021851307239
Q41772530	6000000000759459908
Q41772623	6000000019892018502
Q41772913	6000000000695491967
Q4177305	6000000180043507838
Q4177409	6000000017451196161
Q41774327	6000000037666896103
Q4177490	6000000063802958005
Q4177517	6000000182319383821
Q4177671	6000000019703722594
Q4177794	6000000077240616193
Q4177836	6000000207348173832
Q4177921	6000000105355247835
Q4177928	6000000072261475839
Q4177959	6000000014254536160
Q41780014	6000000047524386956
Q41780032	6000000002328446951
Q4178380	6000000207538021905
Q41784164	6000000034544609345
Q41784687	6000000006891081730
Q4178475	6000000173899900898
Q4178491	366957745440005973
Q41785873	6000000050701437968
Q4178641	6000000007365707473
Q4178758	6000000012468300223
Q41789932	6000000077976268576
Q4179027	6000000025080164035
Q4179225	6000000081588236729
Q41793717	6000000174605944869
Q41794197	6000000000436210300
Q41794472	6000000182287309828
Q41794485	6000000029058841054
Q41794487	6000000029063013503
Q41794589	6000000068334221874
Q41794590	6000000068334154910
Q41794602	6000000068334307904
Q41794983	6000000014517301649
Q4179531	6000000088843627953
Q41795383	6000000180300123823
Q4179589	6000000140170910941
Q41796238	6000000019472640241
Q417976	6000000024305056322
Q4179792	6000000028380238242
Q41799210	6000000025138283447
Q4179949	6000000204133965840
Q41799637	6000000002764436537
Q41800498	6000000012874112290
Q4180058	6000000010200088649
Q4180069	6000000040780968216
Q4180080	6000000092250813097
Q4180123	6000000044502718190
Q4180245	4757286599800072528
Q4180351	6000000171739861856
Q4180366	6000000000348535902
Q4180438	6000000015440585157
Q4180512	6000000185586496418
Q4180554	6000000074254508833
Q4180571	6000000011433997251
Q41805985	6000000116228154333
Q41806002	6000000020457874090
Q41806460	6000000183434993822
Q41806721	6000000006589348395
Q41806742	6000000007319560400
Q41806787	6000000005596913937
Q4180726	4981870920590108158
Q4180781	6000000087539861003
Q4180823	6000000049966051550
Q41808280	6000000040251637889
Q4180980	6000000050990929108
Q4181100	6000000065148743865
Q41811369	5601292541490101572
Q4181190	6000000074906952853
Q41812531	6000000176778303836
Q4181431	6000000017616084858
Q4181504	6000000015177625346
Q4181509	6000000115366119848
Q4182038	6000000012416366429
Q4182047	6000000007351926566
Q4182454	6000000113102932832
Q41826908	6000000166560672190
Q4182867	6000000009090956472
Q4182923	6000000121377405921
Q4182966	6000000065229648916
Q41830870	6000000158364081821
Q4183287	6000000106414434109
Q418365	6000000136135809822
Q4183673	6000000083913957105
Q4183910	6000000205543776927
Q41841255	6000000046630766024
Q418424	6000000172221992969
Q4184265	6000000000677998981
Q4184986	5666878768940087765
Q4185078	6000000110853685841
Q4185172	6000000018132853440
Q4185176	6000000202682297857
Q41852	6000000003827181925
Q4185226	6000000160025408070
Q418544	6000000004439941017
Q41855254	6000000047051081296
Q4185571	6000000087548476823
Q4185691	6000000023403739261
Q4185790	6000000002460123034
Q4185792	6000000009403480418
Q4185793	6000000016052907072
Q41860687	6000000028870246112
Q41863711	6000000011306778767
Q41864	347812287200006062
Q41864245	5188912375470051077
Q41864396	6000000013933710113
Q4186610	6000000207348861824
Q4186648	6000000079065241404
Q4186652	6000000079065588660
Q41867919	6000000021385118843
Q41871	6000000002963479483
Q4187311	6000000174581776110
Q41876010	6000000182173361821
Q4187647	6000000020948740294
Q41876883	6000000007444303790
Q4187694	6000000066941053933
Q41876944	6000000018223912056
Q41876944	6000000018557043407
Q41877306	6000000019979350417
Q4187889	6000000003273414272
Q4188197	6000000029998351046
Q4188200	6000000030282671838
Q41884730	6000000180007482046
Q41884800	6000000002623527391
Q41884954	3298783
Q41884969	6000000182774332822
Q4188534	391000552000003578
Q4188828	6000000012332897150
Q4188887	6000000039031380862
Q4189213	6000000006726892943
Q4189246	6000000013451822137
Q4189248	6000000013451888357
Q4189319	6000000029054145194
Q4189335	6000000014450597967
Q4189336	6000000050408666909
Q4189610	341280675240013182
Q4189628	6000000004212060454
Q4189714	6000000072100990898
Q4190004	6000000028410166287
Q4190078	6000000016093569074
Q4190113	6000000016347461762
Q4190119	6000000010974700141
Q4190175	6000000079104988895
Q4190184	6000000020350045860
Q4190373	6000000017927783125
Q4190375	6000000017927728913
Q4190377	6000000017927729385
Q4190499	6000000083861237607
Q4190529	6000000216942145838
Q41906007	6000000023781171334
Q41910816	6000000008877742057
Q419112	6000000049231162550
Q4191315	6000000019024782666
Q4191454	6000000038083964194
Q4191456	6000000189483920845
Q4191458	6000000006706882536
Q4191462	6000000044181884876
Q4191600	6000000181042243848
Q4191942	6000000071112768939
Q4191947	6000000071112957825
Q41920481	6000000035048302656
Q41921	6000000010704776811
Q4192236	6000000004011857849
Q4192454	6000000185488348983
Q4192457	6000000185490922835
Q4192885	6000000181607594825
Q4193009	6000000019774652424
Q4193013	6000000035802363004
Q4193015	6000000019263067115
Q4193016	6000000019262900196
Q4193062	6000000077548035865
Q4193115	6000000090793784862
Q4193336	6000000178565966885
Q4193337	6000000178572598895
Q4193339	6000000175429918837
Q4193375	6000000223323788848
Q4194286	6000000211964028821
Q4194287	6000000211963926823
Q4194291	6000000211964029824
Q4194380	6000000030528675294
Q419464	6000000012760513194
Q4194687	6000000013007726814
Q4194746	6000000017417115481
Q41955348	6000000010120264569
Q4195556	6000000039820863811
Q4195561	6000000013301001290
Q4195562	6000000044454401894
Q4195573	6000000079040630365
Q4195598	6000000048012714972
Q4195614	390331652560002195
Q4195655	6000000012826938581
Q4195860	6000000207546223824
Q4195995	6000000129871553435
Q4196079	6000000207545402938
Q41962306	6000000140732910823
Q4196396	6000000182762890832
Q4196632	6000000174778861077
Q41968222	6000000145982071017
Q41968498	6000000016057596945
Q41968703	6000000018172905925
Q41968912	6000000057675515205
Q4196995	6000000018471154575
Q4197000	6000000018471507001
Q41970104	6000000001468364966
Q41970453	6000000054094164907
Q4197136	6000000006870099655
Q4197151	6000000014597644303
Q4197154	6000000207936341873
Q41971964	6000000000850608354
Q4197292	6000000067604745961
Q4197322	6000000013125513148
Q4197325	6000000036411285522
Q41973942	6000000001408317209
Q41973998	6000000003681332226
Q41973998	6000000145156965855
Q41974077	6000000003938231525
Q41975078	6000000032114044410
Q4197521	6000000002658245576
Q4197535	6000000002658403370
Q4197875	6000000137390875826
Q4197915	6000000002672903421
Q4197954	6000000030546811647
Q41980796	6000000011287092658
Q419859	6000000002187896880
Q4198598	6000000017616914402
Q4198600	6000000036626620893
Q4198602	6000000006725548858
Q4198622	6000000067603231869
Q4198838	6000000027819080081
Q4199100	6000000047360651830
Q4199101	6000000047360856877
Q4199104	6000000031662544079
Q4199139	6000000037375745753
Q4199300	6000000023197614884
Q4199308	6000000008643259439
Q4199341	6000000187583163869
Q4199383	6000000014643220031
Q4199384	6000000031781601970
Q419950	6000000003138682959
Q4199575	6000000082586310936
Q4199601	6000000040064507225
Q4199612	6000000012157072569
Q4199613	6000000041340180331
Q4199615	6000000014058014561
Q419976	6000000027707751533
Q419989	6000000032701603310
Q4200036	6000000194642845862
Q4200155	6000000000841916247
Q4200158	6000000019846374012
Q4200159	6000000015699157983
Q4200160	6000000087428914194
Q420041	6000000135530396850
Q4200505	6000000006358549044
Q4200593	6000000003820056614
Q4200624	6000000000159473831
Q4200634	6000000097091605892
Q4200671	6000000007991413907
Q4200751	6000000004086410756
Q42008388	6000000054685908251
Q4200866	6000000006936002053
Q42010438	6000000005561558232
Q42010599	6000000019670041345
Q4201069	6000000008137777449
Q42010751	6000000012493346515
Q42011057	6000000008775423209
Q4201140	6000000032867557684
Q4201263	6000000180641480821
Q42013124	6000000005230283407
Q4201482	6000000017965026100
Q42015103	6000000007014454277
Q42017850	6000000030622607268
Q420185	6000000017315918021
Q420189	6000000022411903255
Q4201942	6000000003419417080
Q4201984	6000000003419427107
Q42021	6000000002187812119
Q4202169	6000000018418831041
Q4202394	6000000024714060165
Q4202398	6000000035106684541
Q4202434	6000000060274550062
Q4202443	6000000019424706397
Q42025521	6000000038359324971
Q4202624	6000000032619882850
Q4202713	6000000090934458834
Q42027341	6000000036890533619
Q4202810	6000000048067717960
Q4202909	6000000033254482827
Q4202973	6000000044142967859
Q4203123	6000000008970670645
Q420319	6000000016402325687
Q420322	6000000018577843763
Q4203555	6000000044363888993
Q4203653	6000000034303447846
Q4203749	6000000077587997254
Q4203937	6000000017780993588
Q42039787	6000000125281456854
Q4204010	6000000000223427005
Q4204015	6000000034209537070
Q42040260	6000000027487883815
Q42040503	6000000163748621676
Q4204061	6000000048676291858
Q42041216	6000000006712172429
Q42041910	6000000011287423037
Q420427	6000000103427820937
Q4204307	6000000016335668672
Q4204359	316249179460001768
Q4204596	6000000007838592170
Q42046031	6000000022698246912
Q4204710	6000000083903668938
Q4204739	6000000011738776922
Q42048071	6000000034754828055
Q4205123	6000000061857534861
Q4205154	6000000052740422004
Q42053630	3919025942560049430
Q42054023	6000000034166335815
Q4205596	6000000010570844096
Q42056070	6000000015075957020
Q42056224	6000000015397524152
Q42057415	6000000033670072952
Q4205791	6000000024004733753
Q4205802	6000000011026708176
Q4205823	6000000181778479822
Q4205886	6000000178447226821
Q42058912	6000000043061292733
Q4205904	6000000022352200358
Q4205912	6000000043052159959
Q4205914	6000000008121642478
Q4205931	6000000021553146050
Q4205954	6000000016481336342
Q42064846	6000000044447557095
Q4206568	6000000120609639968
Q4206619	4872671602170131643
Q4206702	6000000209825524838
Q4206713	6000000020505824620
Q4206794	6000000188587691827
Q4206937	6000000194993608843
Q4206938	6000000018471744143
Q420706	6000000000677838823
Q4207108	6000000038262118413
Q4207115	6000000018637401996
Q4207116	6000000018637010754
Q4207490	6000000186088478949
Q4207758	6000000018036042508
Q4208204	6000000000285450478
Q4208213	6000000079241984059
Q4208317	6000000177651203841
Q4208323	6000000179194780872
Q42083828	5516970743950060929
Q4208393	6000000012885819932
Q4208409	6000000150640518891
Q42084471	6000000009176093629
Q420845	6000000016518444599
Q4208487	365365368220012928
Q42085204	6000000005430427931
Q4208540	6000000054109369178
Q42085606	6000000005431294056
Q42086699	6000000020398187067
Q42087294	6000000121216802876
Q4208730	6000000008560905809
Q42087302	6000000003971637177
Q4208735	6000000027655098988
Q4208745	6000000000241829643
Q42087691	6000000016310542134
Q42088313	6000000030976308317
Q42088524	6000000009736910900
Q42089116	6000000029680863211
Q4208918	4181739067910063654
Q4209194	6000000018268375285
Q4209235	6000000141904106940
Q4209409	6000000177503099977
Q4209475	6000000018660591520
Q4209634	6000000183613989905
Q4209891	6000000006741820326
Q4210023	6000000013475340733
Q4210029	6000000001335711305
Q4210077	6000000035628017054
Q42101	6000000127631126979
Q4210134	6000000012666260320
Q4210149	6000000029201763328
Q4210272	6000000159264246824
Q4210519	6000000174169082135
Q4210520	6000000026507302966
Q4210541	6000000222976842855
Q4210585	6000000020908739035
Q4210794	6000000008867333533
Q4210869	6000000012880653969
Q4210870	6000000077755287821
Q4211370	6000000034982969160
Q4211371	6000000180968783847
Q4211372	6000000068412791869
Q4211505	6000000180925083878
Q4211567	6000000018471144756
Q4211574	6000000043485854127
Q4211719	4517329192700036766
Q42119821	6000000033526531339
Q4212	6000000032363512321
Q42120011	2396911
Q42122	6000000014794352876
Q4212242	6000000052748701866
Q4212257	6000000005057738360
Q4212500	6000000006971475192
Q4212594	6000000008398424222
Q42125972	6000000048216475955
Q4212598	6000000017766870327
Q4212602	6000000008397600901
Q4212840	6000000022348903770
Q4212842	6000000015825703087
Q4212885	6000000080351713859
Q42129246	6000000016475406556
Q4213063	6000000000349223028
Q4213065	6000000000348918663
Q4213067	6000000179825859893
Q4213130	6000000016727669463
Q4213136	6000000008712330242
Q4213140	6000000008712349359
Q4213142	6000000016719970698
Q4213178	6000000030792761279
Q4213291	6000000174474352878
Q4213414	6000000082446133964
Q4213762	6000000110415929821
Q42139335	6000000012401507009
Q4213981	6000000035040007790
Q4214006	6000000027360867199
Q4214086	6000000155909423823
Q4214226	6000000032350355896
Q4214361	6000000042677948835
Q4214364	6000000001358791503
Q421471	6000000018568827172
Q4214743	6000000008197334858
Q4214776	6000000173763760262
Q421478	6000000022675030632
Q42148143	6000000016312129911
Q4214863	6000000080946958826
Q4214907	6000000009956685985
Q4214991	6000000019626754377
Q4215111	6000000010863356413
Q4215139	6000000050050569821
Q421524	6000000180144957890
Q42152916	6000000114592383995
Q4215377	6000000018910937528
Q4215386	6000000070739647821
Q4215560	6000000000536546859
Q4215566	6000000020898247310
Q4215579	6000000016793594018
Q4215599	6000000194182496835
Q42155998	6000000026118351113
Q42156	5330040235450046537
Q42156064	6000000031278728489
Q42157229	6000000071284761409
Q4215751	6000000016503420511
Q4215773	6000000030690454963
Q4215948	6000000011391915337
Q4216002	6000000069259513040
Q4216048	6000000008260795541
Q42160611	6000000122518732901
Q42160634	6000000028182690922
Q421609	6000000000640975112
Q4216105	6000000003043297844
Q42161673	6000000147756028915
Q4216190	6000000015968592570
Q4216197	6000000009919416396
Q42162398	6000000001389332350
Q42162981	6000000007781211536
Q42163215	6000000019947804122
Q4216344	6000000082816584300
Q4216358	6000000038169696750
Q4216371	6000000012792125426
Q4216414	6000000015902052930
Q42164439	6000000011324390755
Q4216453	6000000007373169189
Q4216472	6000000220987230921
Q42165049	6000000042149260408
Q4216656	6000000102778247821
Q4216744	6000000083635841054
Q421675	6000000082666615906
Q4216788	6000000015592930306
Q4216793	6000000100448583822
Q4216796	6000000100035277821
Q4216807	6000000012870031424
Q4216814	6000000073820315311
Q42168244	6000000004545927623
Q4216897	6000000037057251073
Q4216902	5450433657930080316
Q4217043	6000000064391672851
Q421707	6000000033460081168
Q42170933	6000000002633530006
Q42171063	6000000003374087399
Q42171185	6000000015215166894
Q42171201	6000000017997024561
Q42171621	6000000019012577994
Q42173321	6000000011467291430
Q42173626	6000000023651739492
Q4217379	6000000186479053843
Q42173821	6000000023826351815
Q4217399	6000000017416648764
Q42174013	6000000029384080003
Q4217488	6000000025731073932
Q42174921	6000000001753013165
Q42175155	6000000008889981274
Q4217528	6000000002803217994
Q4217592	6000000020214883485
Q42175996	6000000008970401107
Q4217681	6000000188649186845
Q4217723	6000000086363659917
Q421775	6000000019626347955
Q4217754	6000000020628262589
Q4217757	6000000042535818187
Q4217804	4842622206730138673
Q42178154	6000000039302587502
Q4217837	6000000027737779260
Q4217857	6000000000026750467
Q4217958	6000000176254429821
Q42179801	6000000109739511840
Q4218214	6000000079087281804
Q4218218	6000000079087661339
Q4218220	6000000072521500926
Q42182410	6000000003133424749
Q42183126	6000000051088092876
Q421852	6000000044946020892
Q4218662	6000000053618508098
Q4218707	6000000065105529932
Q4218708	6000000008964742482
Q42188	6000000005566937548
Q4218935	6000000024140434214
Q4219015	6000000008861730541
Q4219055	6000000052759446877
Q4219059	6000000083101338835
Q4219113	6000000018146083862
Q4219159	6000000042333391847
Q4219162	6000000001075405661
Q4219173	6000000085799576928
Q4219356	6000000053446836835
Q4219376	6000000084179431207
Q4219576	6000000206790106822
Q4219667	6000000084860647308
Q4219677	6000000054281591873
Q4219687	6000000025306686801
Q4219688	6000000001384708193
Q4219695	6000000077232589865
Q4219697	6000000112425347954
Q4219729	6000000030743580214
Q42197290	6000000017151909279
Q42198877	6000000000381694921
Q4219953	6000000014814441925
Q4219953	6000000017671241033
Q4220008	6000000145864333034
Q42200624	6000000006440922872
Q4220298	6000000007538604502
Q4220311	6000000052761362829
Q42204636	6000000138591406885
Q4220579	6000000111802644821
Q42206284	6000000036617047979
Q4220708	6000000010311377982
Q422077	6000000009518162960
Q4220771	6000000020957501379
Q42208254	6000000010688196220
Q422086	6000000008418862240
Q4220980	6000000084520442272
Q4220992	6000000083901224126
Q42209926	6000000032968047193
Q4221008	6000000078033859227
Q4221017	6000000025428441916
Q42214260	6000000017619073535
Q42215868	6000000150687837889
Q4221759	6000000003905761391
Q4221818	6000000036967269611
Q4221873	6000000219273560841
Q4221882	6000000179484520826
Q4221891	6000000208173423904
Q4221999	6000000015579691169
Q4222021	6000000174411730884
Q4222022	6000000013217478399
Q4222062	6000000088523882833
Q4222097	6000000022524168015
Q4222100	6000000018039718059
Q4222109	6000000013619543062
Q4222374	6000000008874144440
Q42223746	6000000103333161489
Q4222454	6000000022215070969
Q4222480	333808114730005275
Q4222491	6000000082246907028
Q4222495	6000000007521019001
Q4222518	6000000076696115953
Q4222519	6000000076696801970
Q42225221	6000000094885458952
Q42225228	6000000181855612833
Q4222552	6000000041109843755
Q4222621	6000000012726963468
Q422275	6000000070632011838
Q4222854	6000000052471818022
Q4222858	6000000052471030356
Q42229	6000000006453403437
Q4222946	6000000077839203110
Q4222954	6000000080640748840
Q4222969	6000000006900918883
Q4222976	6000000151118316954
Q4222989	5241307080140044274
Q422303	6000000079865839901
Q4223089	6000000012761117685
Q4223119	6000000019486085340
Q4223146	6000000031492577802
Q4223234	6000000042919012568
Q4223241	6000000017944961996
Q4223246	6000000023738530199
Q4223258	6000000022217589451
Q4223271	6000000022818739056
Q4223290	6000000015670586105
Q4223293	6000000015669476838
Q4223295	6000000019894301918
Q4223405	6000000050593036335
Q4223641	6000000051431516002
Q4223860	6000000020361675942
Q4223863	6000000035524464835
Q4223965	6000000049926433730
Q4223985	6000000078497581869
Q4223989	6000000177530865867
Q4224028	6000000006166128415
Q4224111	6000000035760201143
Q4224138	6000000039437882972
Q4224622	6000000069641253868
Q42247	6000000013140471924
Q4224735	6000000023401240003
Q4224747	6000000036679741349
Q4224749	4633020456980020089
Q4224757	6000000003092835405
Q4224758	6000000010533113634
Q4224939	6000000059495557833
Q4224949	6000000067741524835
Q4225027	6000000021500080690
Q4225064	6000000029030181971
Q4225069	6000000085056376404
Q4225072	6000000188920354821
Q4225076	6000000040036937059
Q4225536	6000000110554171001
Q4225541	6000000110552814186
Q4225547	6000000110554413868
Q4225676	6000000026965915636
Q4225798	6000000025880423195
Q4225823	6000000077628653227
Q422608	6000000041264869421
Q4226085	6000000050685214005
Q42264561	6000000035858903226
Q4226497	6000000101067535835
Q4226541	6000000009883485797
Q4226543	6000000009307244791
Q4226543	6000000043156340508
Q42265657	6000000030413706799
Q4226573	6000000186084497954
Q4226630	6000000006802431551
Q4226630	6000000190047298074
Q4226674	6000000096188411927
Q4226781	6000000019997809972
Q4226888	6000000042999191582
Q4226899	6000000183014673830
Q4226910	6000000033805204902
Q4227	6000000024725518914
Q42270634	6000000039451546091
Q42270636	6000000023697644588
Q42270642	6000000028110858116
Q42270645	6000000024806057840
Q42270646	6000000070186588512
Q42270646	6000000169706243952
Q42270648	6000000058569269870
Q42270650	6000000027676861509
Q4227111	6000000016068491629
Q4227366	6000000017924780019
Q4227405	6000000135681134902
Q4227412	6000000017271342536
Q4227428	6000000017738217324
Q4227543	6000000044303137544
Q42275658	6000000011439250381
Q4227593	6000000189007498822
Q4227656	6000000055894230911
Q4227658	6000000073726804230
Q4227694	6000000181602893859
Q4227870	6000000177139526865
Q4227919	6000000070024250822
Q4228010	4531734552340070938
Q4228040	6000000046007376862
Q42283067	6000000032180858663
Q42283819	6000000184663925918
Q42283881	6000000032181587932
Q4228448	6000000013019096802
Q4228620	6000000207507060827
Q42286306	6000000029821909844
Q4228634	6000000179884498859
Q4228647	6000000180989884839
Q4228919	6000000045898661175
Q4228920	6000000020207910439
Q4228929	6000000211185393830
Q42289502	6000000005029343157
Q42289670	6000000003949908791
Q4229005	6000000078844065302
Q42291052	6000000014262305948
Q42291495	6000000015817443850
Q42291588	6000000035136971083
Q42291643	6000000181985119823
Q4229224	6000000090856961892
Q4229405	6000000027580297406
Q42294165	5366570084670062350
Q42294682	6000000058155181137
Q42294775	6000000014637768831
Q42295376	6000000064763306930
Q42295389	6000000125006416864
Q42295702	6000000018531292783
Q42296049	6000000026229084845
Q42296087	6000000194806751835
Q4229610	6000000074707219481
Q42296100	6000000178554375824
Q42296151	6000000018021792714
Q42296152	6000000032858322976
Q42296160	6000000181478438873
Q42296188	6000000170097193833
Q42296208	6000000014631905078
Q4229621	6000000074708342857
Q42296459	351816726700006387
Q42296478	6000000040903919131
Q42296482	6000000001101505085
Q42296484	351817559130001389
Q42296565	6000000013523891768
Q42296791	6000000178628420902
Q42297114	6000000013450104603
Q42297118	6000000003421135722
Q42297153	6000000029783914321
Q42297154	6000000011747893379
Q42297162	6000000004994035284
Q4229780	6000000141991525874
Q42297989	6000000031094745890
Q42298158	6000000032030900645
Q42298223	6000000038870920213
Q42298249	6000000006720525137
Q42298449	6000000027330155995
Q42298577	6000000015972474843
Q42298795	6000000032342084235
Q42299	6000000000152092209
Q42299341	6000000003198052475
Q42299344	6000000003198143071
Q4229965	6000000031973963175
Q4229966	6000000017123177161
Q4229974	6000000200665585847
Q4229976	6000000069589646103
Q42299956	6000000017299143657
Q42301275	6000000012012410032
Q42301312	6000000042693764552
Q42301972	6000000068582217983
Q423022	6000000000646699348
Q42302290	6000000016510553681
Q42302457	6000000010056072465
Q42302472	6000000036176819839
Q42302514	6000000034893005850
Q42302565	6000000000626755979
Q42302605	6000000013970299143
Q42302638	6000000003997409347
Q42302662	6000000022879453453
Q4230302	6000000020979310868
Q42303141	6000000009775027665
Q4230334	6000000020896159136
Q42303610	6000000002868831704
Q42303830	6000000181233422907
Q42303904	6000000172408399028
Q42303909	6000000069753326869
Q42303995	6000000104029468821
Q42304387	6000000022392017616
Q42304836	6000000001642635872
Q42304914	6000000023811510508
Q4230492	6000000017736881288
Q42305383	6000000020744933528
Q42305463	5543293438240036909
Q42305616	6000000002100463001
Q42305625	5269649468000112076
Q42305838	6000000007086625151
Q4230608	6000000143963866937
Q42306180	6000000012367495591
Q42306180	6000000021132259898
Q42306443	6000000018819836199
Q42306670	6000000007067551746
Q42306701	6000000007388028677
Q42306712	6000000029632848932
Q42306741	6000000003965321614
Q42306804	6000000002379240156
Q42306820	6000000043009073664
Q42306954	6000000010608255896
Q42307022	6000000177618861907
Q42307054	6000000130353587893
Q42307499	6000000176270817837
Q42307594	6000000083073179935
Q42307608	6000000021662915743
Q42307631	6000000030208973533
Q42307714	329014900080006137
Q4230773	6000000126783709828
Q4230774	6000000003589235535
Q4230777	6000000021675053862
Q423078	6000000089530189886
Q42307921	6000000047415963277
Q42308565	6000000008351868703
Q42308566	6000000019015860973
Q42308596	6000000056275825982
Q42309012	6000000015511671427
Q42309037	6000000032186239932
Q42309186	6000000002764509779
Q42309190	6000000166799816822
Q42309251	6000000166797700843
Q423093	6000000175936097822
Q42309321	6000000178076159888
Q42309355	6000000167257052845
Q42309384	6000000006373537108
Q42309609	6000000027211399388
Q42309613	6000000019220775174
Q42310152	6000000001561665713
Q42310503	6000000130262744898
Q42311	6000000083974072114
Q4231138	6000000150139595980
Q4231140	6000000173413732967
Q4231337	5044836544150110625
Q42313405	6000000078160584042
Q42313505	380675781980007510
Q42313527	6000000194480383868
Q4231382	6000000178697984872
Q4231386	6000000018068283988
Q42315001	6000000172516497953
Q42315042	6000000025294073101
Q42315127	6000000018336674224
Q42315208	6000000002129619435
Q42315261	6000000016022561915
Q42315280	6000000023820737598
Q42315480	6000000104584610983
Q42317921	6000000018968853469
Q42318622	6000000009911293578
Q42318637	6000000006763237048
Q42318682	6000000006705421343
Q4231872	6000000013666327537
Q42319860	6000000023014133005
Q42321846	6000000009904608069
Q4232295	6000000040917947283
Q42323	6000000023113382411
Q423232	6000000006360227348
Q4232385	6000000174353102900
Q42325784	6000000145958871245
Q42326634	6000000018954647288
Q4232710	6000000017681343254
Q4232712	6000000027990319342
Q42327281	6000000013529999997
Q4232790	6000000000350909746
Q42327918	6000000039961754048
Q4232856	6000000005441336920
Q42328693	6000000007789610500
Q42328693	6000000065774879901
Q42328697	6000000009293833036
Q4232958	6000000215430826831
Q4232961	6000000064505893947
Q42329613	6000000020935097695
Q42329656	6000000110243217826
Q42330659	6000000016110973334
Q42330676	6000000008498952370
Q4233117	6000000010525541063
Q42331664	6000000185572011025
Q4233364	6000000036433930871
Q4233439	6000000012175667657
Q4233445	6000000146089773821
Q4233540	6000000035774341618
Q423360	4083821336400022776
Q42336556	6000000179083400844
Q4233723	6000000088104930844
Q4234034	6000000020633295608
Q4234074	6000000221500405881
Q42340923	6000000177021573828
Q4234108	6000000217580643823
Q42341657	6000000011034298855
Q42341670	6000000011034198814
Q42341687	6000000011981508891
Q42341778	6000000000999452535
Q42341873	6000000007546757691
Q4234282	6000000047628693038
Q42343104	6000000048804268012
Q42343404	6000000033189949541
Q4234411	6000000040178088759
Q4234414	6000000013330379425
Q42344191	6000000146491694008
Q42344246	6000000083080607103
Q4234429	6000000029939608868
Q42344697	6000000010371741685
Q4234500	6000000114334150903
Q4234538	6000000014185088008
Q4234584	6000000076684534168
Q4234591	6000000180758508822
Q4234593	6000000076684406304
Q4234668	6000000206874150841
Q4234739	6000000039073758892
Q42348139	6000000142414850834
Q42348250	6000000001355907208
Q42348768	6000000010247976049
Q4234891	6000000020006753285
Q4234929	6000000056267595863
Q4234931	6000000103701757879
Q42349767	6000000017462613392
Q4235	6000000010048483214
Q42350886	6000000030878064927
Q423512	6000000002188436982
Q42351703	317388454990003541
Q4235208	6000000011491937519
Q4235321	6000000142651929823
Q42353366	6000000016497447563
Q42356544	6000000001630950927
Q423587	6000000010840030878
Q4235954	6000000094133353008
Q423597	6000000030284420015
Q4235999	6000000003013397159
Q4236005	6000000000100923556
Q42360687	6000000007161157420
Q423611	6000000001009250861
Q423615	6000000011635406658
Q4236164	6000000198740316822
Q4236199	6000000151425835992
Q42362855	6000000172578183803
Q4236307	6000000056032454453
Q4236308	6000000178630693821
Q423634	6000000001504315823
Q4236363	6000000171936360401
Q42363960	6000000137609426831
Q423642	6000000125399303951
Q4236422	6000000003375818325
Q4236582	6000000009966315994
Q4236585	6000000012531513873
Q4236672	6000000094912990092
Q423674	6000000002512246141
Q4236747	6000000023015462821
Q4236751	6000000023014289455
Q4236882	6000000010532437677
Q42369251	6000000019643000315
Q42370399	6000000008804258386
Q4237078	6000000178181699835
Q4237193	6000000205730654960
Q4237293	6000000076558833997
Q42373685	6000000067778646854
Q42374220	6000000020458393826
Q4237475	6000000007749492239
Q4237494	6000000034566386369
Q4237515	6000000019194166866
Q4237557	6000000129569387192
Q4237774	6000000210455698822
Q4237799	6000000033060379590
Q4237839	6000000002301613234
Q42378693	6000000072635286982
Q42379139	6000000069595826881
Q42380163	6000000100929851156
Q423811	6000000002934106499
Q42381231	6000000011506584482
Q42381359	6000000004368075219
Q42381770	6000000004400179718
Q42381906	6000000012504241521
Q42383010	6000000122703103279
Q4238318	6000000175560524824
Q42383473	6000000090238089188
Q4238351	6000000033402746260
Q42384748	6000000091356639872
Q42386099	6000000003059425545
Q42392695	6000000002027078789
Q42392700	6000000009466225917
Q42392739	6000000059116548996
Q42392751	6000000002900565233
Q42392755	6000000013071733906
Q42392781	6000000185567952750
Q42392790	6000000011538434960
Q42392860	6000000023867607874
Q42392894	6000000022917366371
Q42392940	6000000022917395461
Q42392949	6000000147780437822
Q42393002	6000000105524591217
Q42393026	6000000056238755910
Q42393074	6000000043761075381
Q42393081	6000000017633742760
Q42393145	6000000179933944845
Q42393343	6000000077991292529
Q42393382	6000000039929170937
Q42393474	6000000007400107766
Q42393711	6000000007939012589
Q42393802	6000000032775038417
Q42393826	6000000057071978859
Q42393846	6000000177005502090
Q42393876	6000000018726048426
Q42393890	6000000019924070397
Q42396806	6000000016476628190
Q4239774	6000000047325531899
Q4239897	6000000164658445252
Q4239910	6000000026185308374
Q42399648	6000000013816066311
Q42400066	6000000047407323832
Q4240033	6000000081533191926
Q4240040	6000000030120618267
Q4240056	6000000079343364821
Q4240059	6000000104491695141
Q4240072	6000000002803214665
Q4240142	6000000012837483217
Q42401659	6000000006101401753
Q42401707	6000000024887752081
Q4240200	6000000204509632829
Q4240235	6000000043796496858
Q4240296	6000000110568695940
Q42403307	6000000006257014832
Q42404043	6000000006270280618
Q4240448	6000000195349414827
Q42406246	6000000017488162228
Q42406887	6000000219406229859
Q4240981	6000000018387908485
Q42410	6000000016293521609
Q42411111	6000000079470867013
Q42411132	6000000029241099058
Q4241203	6000000000339628995
Q4241259	6000000026056011405
Q4241311	6000000005012785728
Q4241436	6000000043455070111
Q4241529	6000000037314023625
Q4241579	6000000032195548916
Q4241597	6000000180938888904
Q4241625	6000000122193848825
Q4241627	6000000024317085522
Q4241631	6000000028677992114
Q4241633	6000000015683873407
Q4241668	6000000020587939116
Q4241669	6000000020587681332
Q4241691	6000000009402707131
Q4241695	6000000017567545200
Q4241698	6000000005223993675
Q42417770	6000000018002069797
Q4241798	6000000014694635371
Q42418078	6000000007094163842
Q42418464	6000000006258024113
Q4241873	6000000003593172513
Q4242073	6000000051437134978
Q4242083	6000000003859365648
Q4242086	6000000003818690757
Q4242088	6000000017854923121
Q4242091	6000000002467112874
Q4242128	6000000066008277877
Q42425037	6000000040434991973
Q42425039	6000000179609545886
Q4242570	6000000013363347561
Q4242571	6000000034110344906
Q4242665	6000000066281822832
Q4242708	6000000039031257876
Q4242758	6000000048645340821
Q4242808	6000000063115043010
Q42428703	6000000057156818829
Q42429192	6000000087316403088
Q42429727	6000000000728569199
Q42430645	6000000026012016296
Q42430659	6000000180942133915
Q424307	6000000031106273467
Q42430742	6000000009544928610
Q4243088	6000000018397736433
Q42431339	6000000023072966323
Q42431352	6000000179846870826
Q42432532	6000000024156380935
Q42433754	6000000013530274109
Q42434276	6000000017748491350
Q4243472	6000000179253816851
Q4243548	6000000004372788094
Q4243596	6000000110569916841
Q4243605	6000000063806053220
Q42438345	6000000024847395940
Q4244039	6000000022796036687
Q4244041	6000000011810342290
Q42443	6000000014562415705
Q4244319	6000000084159208918
Q4244907	6000000195915606873
Q4245038	6000000206561560924
Q4245371	6000000008781937910
Q4245373	6000000012580187640
Q42455	3242989
Q4245664	6000000017873465391
Q4245666	6000000011056367107
Q4245670	6000000017874185156
Q42458980	6000000042573518263
Q4246141	6000000036362060480
Q4246191	6000000186225858258
Q4246205	6000000072386095178
Q4246270	6000000002459126337
Q4246276	6000000002459033272
Q4246529	6000000002781589912
Q4246858	6000000009117583439
Q4246929	6000000181631648836
Q4247062	6000000220071467846
Q4247166	6000000006802280569
Q4247245	6000000193158574840
Q4247435	6000000002831290047
Q4247538	6000000034473514043
Q4247543	6000000038193741370
Q4247544	6000000080612621182
Q4247593	6000000091531218112
Q4247624	6000000023980500999
Q4247625	6000000103685982082
Q4247729	6000000011308786410
Q4247735	6000000028107306587
Q4247738	6000000008864693384
Q4247739	6000000010942468401
Q4247744	6000000032672386067
Q4247747	6000000014551988637
Q4247748	6000000111105795937
Q4247900	6000000092275681082
Q4247916	6000000076460815840
Q4247930	6000000184074919901
Q4248197	6000000206646487854
Q4248913	6000000015884126995
Q4248940	6000000042674071933
Q4248940	6000000174169566064
Q42493	6000000009745565676
Q4249389	6000000002683098473
Q4249426	6000000017547783122
Q4249427	6000000017838432184
Q4249490	6000000194761316821
Q4249550	6000000019046627055
Q4249594	6000000052933251895
Q4249647	6000000002906856266
Q4249749	6000000004555894724
Q4249806	6000000181581428825
Q4249940	6000000078364467057
Q42500391	6000000052109794973
Q4250060	6000000069246015917
Q4250139	6000000194677744821
Q4250167	6000000036033174226
Q4250179	6000000011799275720
Q4250184	6000000018579769458
Q4250229	6000000001593953977
Q4250399	6000000003743828188
Q4250802	6000000055156622876
Q4250902	6000000078366089903
Q4250939	6000000009641056623
Q4251082	6000000017218675710
Q4251089	6000000015086938569
Q42511	6000000015336893536
Q4251106	6000000037097352080
Q4251141	6000000012977101223
Q4251141	6000000189873411887
Q4251150	324015659360007753
Q4251208	6000000074791945822
Q4251299	6000000011769526618
Q4251301	6000000114028087828
Q4251345	6000000013255858668
Q4251347	6000000010599229885
Q4251365	6000000179740727877
Q4251371	6000000062134359821
Q42514193	6000000156968990822
Q4251444	6000000023977693878
Q4251446	6000000011634819242
Q4251448	6000000011634218925
Q4251556	6000000004953421486
Q4251565	6000000062651462249
Q42516193	367803207910011196
Q4251738	6000000000766632166
Q4251792	6000000177633592834
Q4251819	6000000078811434402
Q4251826	6000000205873723411
Q4251917	6000000058254399134
Q4251927	6000000140999484024
Q4251957	6000000017856500030
Q4251959	6000000017856500023
Q4251997	6000000021648880339
Q4252002	6000000050562863902
Q4252015	6000000024196107925
Q4252217	6000000172001934876
Q4252345	6000000004835262081
Q4252394	6000000003206429887
Q4252637	6000000017190703425
Q4252697	6000000083218280868
Q42526993	5499196252840104829
Q4252770	6000000059430795847
Q4252808	6000000017357376090
Q4252829	6000000017206902455
Q4252832	6000000059429318845
Q42529341	6000000004953421417
Q42529391	6000000013868405270
Q42529428	6000000024077641633
Q42529433	6000000025286371380
Q42529566	6000000016447577289
Q42529568	6000000014045399332
Q42529588	6000000022617263260
Q4252961	6000000044270106432
Q42529644	6000000111040951821
Q42529707	6000000193357202838
Q42529743	310538802960008249
Q42529772	6000000015806878025
Q42529801	6000000007376305793
Q42529864	6000000000527035267
Q42529882	6000000017469284016
Q42529885	6000000003344421299
Q4253062	6000000218374054823
Q42530646	6000000043629188925
Q42530790	6000000011391077235
Q4253083	6000000020546489366
Q4253122	6000000009526915799
Q4253174	6000000007251847382
Q4253189	6000000026178450166
Q42532043	6000000020952546734
Q42532067	6000000152729213984
Q42532684	6000000011713477984
Q42534581	6000000033593627864
Q4253516	6000000180123174836
Q4253558	6000000016963202212
Q4253559	6000000021652559202
Q4253563	6000000032723078725
Q4253565	6000000026794664251
Q4253711	6000000083713457115
Q4253712	6000000179211127842
Q4253763	6000000023516114749
Q4253816	6000000019289802634
Q4253819	6000000050736928981
Q42539044	6000000024312272359
Q4254019	6000000012226148260
Q4254023	6000000012239591684
Q42540966	6000000085485053892
Q42541606	6000000009109373299
Q4254181	6000000180756763854
Q4254304	6000000038653253250
Q4254345	6000000222089903944
Q42544	6000000003510108313
Q4254430	6000000123497655838
Q4254592	6000000067832175847
Q4254634	6000000111917373885
Q4254744	6000000039945105968
Q4254757	6000000050754191987
Q4254767	6000000007720570682
Q4254776	6000000166909426842
Q4254820	372200400810006598
Q4254838	6000000200758611835
Q4255024	6000000031974806302
Q4255121	6000000090305701861
Q4255130	6000000020820096077
Q42551443	6000000002494782310
Q42552	6000000011439192827
Q4255219	6000000007926062309
Q4255225	6000000036356008194
Q42552452	6000000010473633007
Q42552635	6000000061013861915
Q4255270	6000000016568355936
Q4255289	6000000036466465306
Q4255340	6000000024033230798
Q42554378	6000000020131139214
Q42554999	6000000024374594999
Q42555740	6000000002959717001
Q425562	6000000006789642230
Q4255657	716294
Q4255661	6000000066344048821
Q4255674	6000000222520623112
Q425571	6000000042690157083
Q4255860	6000000006891472658
Q42559162	6000000094501991860
Q425592	6000000001677832522
Q42559205	6000000007170445345
Q42560024	6000000020165064840
Q4256060	6000000081078766906
Q425612	6000000000872550465
Q425621	6000000180328711106
Q42562552	6000000014588066955
Q42563160	6000000003014716965
Q4256370	6000000122752929994
Q4256386	6000000016626447320
Q4256407	6000000028831411957
Q42564840	6000000102634378127
Q42564841	6000000027690821489
Q42564850	6000000112609127824
Q42564853	6000000028355877566
Q42564870	6000000012706529315
Q42564874	6000000034583050560
Q42564885	6000000065571094875
Q42564911	6000000078346195050
Q42564938	6000000016169676681
Q42564975	6000000076550579248
Q4256516	6000000010641992140
Q4256555	6000000019443221228
Q4256613	6000000186222377847
Q42566358	6000000019068085520
Q4256773	6000000082416052001
Q4256778	6000000003038806006
Q425708	6000000024436485121
Q42571133	6000000017759257386
Q4257152	6000000021452818360
Q425718	6000000015796504359
Q4257261	6000000049438192502
Q4257275	6000000068021485926
Q42574	6000000006775291802
Q4257469	6000000110825394890
Q42576066	6000000031850879653
Q4257808	6000000002203586091
Q4257812	6000000025413884896
Q425821	6000000080189701837
Q425826	6000000080627399035
Q42584547	6000000019932197410
Q42585995	6000000001332116152
Q42586294	6000000015289785643
Q4258656	6000000018569973600
Q42587111	6000000019613430284
Q4258724	6000000016360943967
Q425873	6000000030735781052
Q42587683	6000000019613194396
Q42588014	6000000010847528107
Q4258815	6000000054282438875
Q4258823	6000000046707959954
Q4258956	6000000220951434829
Q4258980	6000000111974010877
Q42590506	6000000047698715974
Q42590539	6000000011297702982
Q42591152	6000000019440516451
Q4259124	6000000059460014981
Q4259151	6000000038171167575
Q4259192	6000000006584709503
Q4259303	6000000017925531360
Q42593533	6000000036955545198
Q4259452	6000000001018833025
Q4259455	6000000035496748832
Q4259456	5250508599270056838
Q425949	6000000019993487901
Q42595128	6000000032212064893
Q42595135	6000000001482615764
Q42595143	6000000021139818658
Q42595213	6000000002188464013
Q42595578	6000000190525010962
Q42596	6000000013141375642
Q425962	6000000014695470774
Q425962	6000000141096915875
Q42600014	6000000052428210934
Q4260016	6000000003766482592
Q42600541	6000000025863026953
Q4260204	6000000029796480542
Q4260226	6000000010010120977
Q4260285	6000000013610440094
Q4260294	6000000075507489029
Q426033	6000000020897702670
Q4260443	6000000038463527932
Q4260508	6000000016347120777
Q426058	6000000080336760347
Q426076	6000000141079293179
Q4260799	6000000019581378031
Q4260952	6000000044328010829
Q4260961	6000000022997287119
Q4260964	6000000018514685521
Q42610872	6000000002789842464
Q4261105	6000000089566201822
Q4261115	6000000052866661015
Q42611388	6000000172107732903
Q4261198	6000000006257610778
Q4261276	6000000003454150297
Q426140	6000000002973209259
Q4261405	6000000014559844466
Q426142	6000000082392178481
Q426150	6000000026762318644
Q4261531	6000000090255509002
Q4261577	6000000064124139968
Q4261587	6000000162705652838
Q4261626	6000000003526086695
Q42616976	6000000017905136084
Q426171	6000000052619596850
Q4261839	6000000119147880856
Q4261889	6000000086795203837
Q4261912	6000000075933900944
Q4261918	6000000074759587861
Q4261927	6000000159840969853
Q4261937	6000000023093918353
Q4261940	6000000005848937002
Q4261952	6000000058287555822
Q4261959	6000000182613520909
Q4261986	6000000074770813935
Q4261995	6000000004370746161
Q4262008	6000000001355901001
Q4262014	6000000014160287222
Q4262231	6000000165589656005
Q4262283	6000000131666517906
Q4262286	6000000007415836201
Q426241	6000000037866545855
Q4262537	6000000007789515289
Q4262660	6000000024822649186
Q4262962	6000000082245877890
Q426297	6000000015997545637
Q4263296	6000000017689829593
Q4263399	6000000003006454287
Q4263637	6000000182832724887
Q4263879	4837657165460040371
Q4264082	6000000209017546831
Q4264086	6000000012835778573
Q4264107	6000000218837085848
Q4264140	6000000194492930859
Q4264146	6000000107661086187
Q4264150	6000000172964361783
Q4264395	6000000059193658597
Q4264492	6000000029144591567
Q4264505	6000000017867648086
Q4264508	6000000092932862621
Q4264539	6000000176073630821
Q4264610	6000000076720292623
Q4264620	6000000003139094735
Q4264635	6000000003139041980
Q4264636	6000000003139222066
Q426489	6000000026904164441
Q4265443	6000000015894037317
Q426545	6000000169733291897
Q4265604	6000000076102779864
Q42656097	6000000006917777256
Q42656189	6000000013538415669
Q42656193	6000000013538525513
Q42656194	6000000013537919794
Q42656335	6000000013538386268
Q42656785	6000000013538791875
Q4265692	6000000015450749387
Q4265771	6000000001915865515
Q426582	6000000016119499670
Q42658394	6000000039511553349
Q426585	6000000183399052823
Q42658777	6000000039508575809
Q426590	6000000147278207905
Q4266085	6000000197467047825
Q4266106	6000000041718159417
Q4266325	6000000019260860369
Q4266410	6000000078895515022
Q4266414	6000000018020766541
Q42666039	6000000041684172338
Q42666143	6000000000316564610
Q42666143	6000000201491000824
Q42666161	6000000043761826318
Q4266641	6000000182743357878
Q4266744	6000000013239135660
Q426677	6000000004154417190
Q4266806	6000000048398833887
Q4266824	6000000008516146898
Q4266826	6000000023074441256
Q4266835	6000000018327630999
Q4266844	6000000008517010345
Q4266853	6000000018485777509
Q42669815	6000000003105232882
Q42671	6000000057521354947
Q42671481	6000000019417869039
Q426725	6000000003756234300
Q4267298	6000000026434699735
Q4267365	6000000003494757809
Q4267365	6000000071161145835
Q4267369	6000000002187696844
Q4267414	6000000156560651134
Q42674467	6000000022352701941
Q4267476	6000000082881862461
Q4267518	6000000027743209164
Q4267710	6000000061035628854
Q42677191	6000000000104268892
Q426776	6000000011862113693
Q42680941	6000000078256292172
Q42682724	6000000115677566837
Q42682869	6000000007106688237
Q426855	6000000182973375860
Q4268631	6000000043939738889
Q426866	6000000013450046536
Q4268733	6000000015159936363
Q4268985	6000000110005385828
Q426907	6000000003098078015
Q4269091	6000000077297214762
Q4269095	6000000077298051081
Q4269113	6000000076182095769
Q4269209	6000000002188615840
Q426924	6000000001827513298
Q4269416	6000000176400825860
Q4269417	6000000176400932825
Q4269428	6000000039962550644
Q4269432	6000000001569288109
Q4269469	6000000018576938205
Q4269497	6000000001152935744
Q4269501	6000000132469936922
Q4269535	6000000185796249836
Q4269675	6000000091725718825
Q4269678	6000000000490888067
Q4269830	6000000047360550935
Q4269872	6000000001470564363
Q4269892	6000000022961794539
Q4269980	6000000001470670204
Q426999	6000000007560788070
Q4270070	6000000019022853293
Q427015	6000000136527474836
Q42702930	6000000179123653828
Q427031	6000000015454026868
Q42703227	6000000021208129087
Q427070	6000000173907234659
Q42707614	6000000016291623178
Q4270928	6000000033087058475
Q4270936	6000000012653571802
Q42709559	6000000006899315935
Q4270958	6000000177318262888
Q42712402	6000000007296289031
Q4271247	6000000074709796834
Q4271308	6000000074791055844
Q4271316	6000000075499851993
Q4271480	6000000098835819902
Q4271504	6000000027964884126
Q4271505	6000000027965074968
Q4271514	6000000027964877764
Q42715508	6000000017891848205
Q42715817	6000000177582963871
Q4271599	6000000050810453126
Q4271908	6000000015604987667
Q4271915	6000000002028204918
Q4271916	6000000086516529992
Q4271919	6000000084572138666
Q42720174	6000000000774022680
Q4272129	6000000038147414296
Q4272285	6000000018689494828
Q42723009	6000000018845477740
Q42723808	6000000021384651191
Q4272423	6000000021544123136
Q4272524	6000000166922042822
Q4272527	6000000196113984837
Q4272678	6000000013714414048
Q4272680	6000000009709735816
Q4272725	6000000013474606311
Q4272760	6000000010050030795
Q4272777	6000000083790040693
Q4272798	6000000071023491910
Q427280	6000000024929229866
Q4273122	6000000002278359761
Q4273150	6000000011636061794
Q4273363	6000000128666127915
Q4273428	6000000010799839863
Q4273445	6000000005049052265
Q42734607	6000000020682911700
Q4273827	6000000051100882988
Q4273858	6000000099509776821
Q4273868	6000000018498491411
Q4273868	6000000020612713323
Q427388	6000000100176120221
Q427394	6000000037206557132
Q42739488	6000000011318552952
Q4273978	6000000025155926331
Q427403	6000000017035325599
Q4274134	6000000019442981782
Q427418	6000000018551446751
Q4274210	6000000005598962949
Q4274273	6000000023173919007
Q427439	6000000016253063413
Q4274489	6000000018201060717
Q42745	6000000007763295908
Q4274529	6000000014070242077
Q4274601	6000000009057278837
Q4274620	6000000018932710486
Q4274650	6000000063148991892
Q4274675	6000000013062279184
Q42747	6000000014650627321
Q4274771	6000000026146576106
Q4274778	6000000018460714079
Q4274782	6000000040775847261
Q4274791	6000000178953730858
Q4274796	6000000010735284968
Q4274854	6000000107041762822
Q4274902	6000000026055964243
Q4274909	6000000079653718088
Q42750882	6000000087261443986
Q42750922	5205606909330031338
Q4275155	6000000023420513378
Q4275192	6000000038689985334
Q427528	6000000142893076835
Q42752855	6000000058373671985
Q4275294	6000000103883964979
Q4275344	6000000068524483136
Q4275357	6000000221503609839
Q42753712	6000000012687084508
Q42754985	6000000007441453396
Q427550	6000000035504392331
Q427554	6000000036817820274
Q427564	6000000084233518007
Q4275704	6000000007061503910
Q4275732	6000000011384833772
Q4275834	6000000082235087884
Q42759476	6000000081117928084
Q427597	6000000084302043925
Q4276040	6000000068918393974
Q4276041	6000000068918427986
Q4276199	6000000109720021821
Q4276219	6000000030565489258
Q4276287	6000000018052380908
Q427634	6000000010100746746
Q4276467	6000000098099451878
Q427649	319531479350005609
Q4276501	6000000018953704003
Q4276629	6000000004415842003
Q4276787	6000000015394917228
Q4276822	6000000020801431616
Q42770663	6000000138189798822
Q427738	6000000050589891861
Q42775	6000000000315787220
Q4277607	6000000181467079836
Q427767	6000000017816144178
Q4277785	6000000009485808925
Q4277936	6000000001827501780
Q4277938	6000000001827504406
Q4277943	6000000077547740221
Q4278042	6000000050841327053
Q427805	6000000008747351175
Q427821	6000000220776024834
Q4278490	6000000048776321840
Q42786	6000000003615923316
Q42786367	6000000000281057237
Q427864	6000000091257046010
Q42787136	6000000000529459001
Q42787210	6000000000529150715
Q42788379	4307751
Q42794084	6000000002799105219
Q4279425	6000000182760952857
Q42794767	6000000009237166948
Q4279542	6000000002667394037
Q4279547	6000000002658502328
Q4279548	6000000002667348567
Q4279549	6000000002667345148
Q4279550	6000000002667311258
Q42797182	6000000002034876690
Q42797288	6000000002188524953
Q4280018	6000000012849895815
Q42800405	6000000002188674270
Q4280162	6000000169277342000
Q4280163	6000000043734482970
Q428021	6000000031376625971
Q4280289	6000000196184603834
Q4280290	5185880646370048608
Q4280292	6000000074584142174
Q4280293	6000000039255013078
Q4280295	6000000221941768849
Q4280300	6000000017512263422
Q4280314	6000000032474317970
Q4280343	6000000028060398226
Q4280424	6000000050877074006
Q4280425	6000000179883243856
Q4280426	6000000179883037886
Q42804470	6000000083780018534
Q4280516	6000000037770152617
Q4280519	6000000001498712134
Q4280532	6000000013101922078
Q428057	6000000000304043704
Q4280608	6000000004149433688
Q4280621	6000000004149387921
Q4280635	6000000025876758114
Q4280637	6000000036269953301
Q42806517	6000000005774368523
Q4280667	6000000219316369850
Q4280785	6000000053660504040
Q42808918	6000000001175621161
Q4280966	6000000001053434784
Q428105	6000000047457235062
Q4281234	6000000014344828012
Q4281463	6000000043188102365
Q42814660	6000000001643820277
Q4281470	6000000028992829568
Q4281474	6000000011566994182
Q4281537	6000000015885564353
Q4281551	6000000004242180102
Q4281551	6000000067024797828
Q4281608	348317698260013514
Q42816228	6000000171511860826
Q4281629	6000000010535598014
Q4281644	6000000086471520834
Q4281644	6000000174720483216
Q4281651	6000000038923720388
Q4281655	6000000084141778972
Q4281656	6000000179205614823
Q4281659	6000000003827731826
Q4281713	6000000008278914611
Q4281765	6000000009549839320
Q4281868	6000000083076039055
Q4281891	6000000017651129169
Q428191	6000000002188524975
Q4282030	6000000041385877066
Q4282047	6000000187378864835
Q4282055	6000000035734406202
Q4282059	6000000024402587873
Q4282079	6000000187379078821
Q4282102	6000000016227910780
Q42822148	6000000005762477410
Q428223	6000000037522635341
Q4282391	6000000115416561886
Q4282414	6000000066649666958
Q4282463	6000000050885077247
Q428254	6000000021108438234
Q428255	6000000079322730978
Q4282554	6000000075041461855
Q42827	6000000015736917361
Q4282751	6000000061145834950
Q4282970	6000000022195607900
Q42831	6000000014516381432
Q4283116	6000000014582517252
Q4283148	6000000028169197013
Q428326	6000000002188425525
Q4283268	6000000026448959201
Q4283422	6000000002758700919
Q428368	6000000143290174822
Q428371	6000000019070387807
Q42837146	6000000017938574544
Q4283722	6000000003418286419
Q4283725	6000000004138670292
Q4283756	6000000037223128130
Q42838	6000000003645908770
Q4283934	6000000063165986196
Q4283986	6000000079948896974
Q4284015	6000000030021122483
Q4284126	6000000015732711748
Q4284239	6000000002188456489
Q4284239	6000000219768981862
Q42842670	6000000011828446072
Q428446	6000000011883319580
Q42844775	6000000017461580055
Q42844804	6000000071154754914
Q4284840	6000000013057559245
Q428493	6000000181072851842
Q4285047	6000000112426379983
Q4285053	6000000041454276322
Q4285088	6000000016166124610
Q42851903	6000000022855889066
Q428521	6000000023808664508
Q42853147	6000000012693043859
Q428538	6000000176663196825
Q4285388	6000000011549449211
Q42854284	6000000015745621229
Q428550	6000000008925704633
Q4285555	6000000011600313710
Q4285590	6000000011189883167
Q428560	6000000014693862856
Q42856979	6000000005437340000
Q42859252	6000000029607414518
Q4285931	6000000179180864821
Q4285976	6000000006323439055
Q4286025	6000000121008697866
Q42861323	6000000003796671425
Q4286136	6000000019537950445
Q42862324	6000000141886367102
Q4286367	6000000014813278205
Q428638	6000000178265670822
Q428672	6000000007391819556
Q42869	6000000000769302404
Q42871497	6000000047634709828
Q42871552	6000000078454396277
Q4287277	6000000206680041970
Q4287322	6000000206680303846
Q428757	6000000184223149822
Q4287619	6000000022348089528
Q4287620	6000000016351991924
Q4287621	6000000008686857967
Q4287623	6000000013676969565
Q428797	6000000038850337655
Q428819	6000000007171373764
Q428834	6000000152604943857
Q42883472	6000000025834398077
Q42884913	6000000007991911653
Q42886999	6000000002175325710
Q42887050	6000000017129939905
Q42887069	6000000089173130148
Q42887109	6000000001007437974
Q42887148	6000000008596039930
Q42887242	6000000036774451482
Q42887255	6000000033095257835
Q42887259	6000000020681521945
Q42887282	6000000130449006992
Q42887353	6000000007511906572
Q42887515	6000000009393590686
Q42887705	6000000004591688113
Q42887741	6000000204986909832
Q42887915	6000000032733773371
Q4288801	6000000182887813828
Q42888335	6000000024010426737
Q42888336	6000000023294757305
Q42888341	6000000021092025636
Q42888343	6000000025125066093
Q42888348	6000000030432685203
Q42888435	6000000070945696821
Q42888448	6000000019062680725
Q42888479	6000000027984367513
Q428885	6000000003219759510
Q42888554	6000000005016070352
Q42888569	6000000008108166802
Q42888626	6000000011399690832
Q42888650	6000000015335955863
Q42888651	6000000008661039995
Q42888662	6000000108093380850
Q42888762	6000000008500913175
Q42889073	6000000001524192891
Q42889086	6000000007913084511
Q42889299	6000000004296692459
Q4289079	6000000180112272869
Q42890922	6000000003943369910
Q42891201	6000000013839642416
Q42891511	6000000030457742724
Q4289173	6000000027232356284
Q4289193	6000000011033427869
Q4289257	6000000019536794150
Q428937	6000000009959800390
Q4289406	6000000044302975707
Q428941	6000000049834820423
Q42894548	6000000139296354947
Q4289511	6000000018144677432
Q4289620	6000000166431500072
Q428967	6000000012634244738
Q4289700	6000000174668804005
Q4289767	6000000180159073877
Q4289852	6000000217386840831
Q42899192	6000000007472181954
Q42899214	6000000022783283306
Q42899688	6000000019317082981
Q42900504	6000000027359471216
Q42900560	6000000008230294228
Q42900561	6000000005240727323
Q42900567	6000000006809067011
Q42900615	6000000007071405625
Q42900618	6000000041575946964
Q42900667	6000000021691303571
Q42900690	6000000020420144289
Q42900738	6000000018514772129
Q42900754	6000000014319990022
Q42900990	6000000006213046153
Q429011	6000000010883461277
Q42901108	6000000180311933829
Q42901134	6000000005917444701
Q42901318	6000000044370273392
Q42901340	6000000011010300241
Q42901536	346729850250012271
Q42901548	6000000087443559837
Q42901589	6000000007255324449
Q42901594	6000000040463668841
Q42901610	6000000188991059822
Q42901666	6000000012272920037
Q429017	6000000003531583295
Q42901905	5299154443120076066
Q42901919	6000000014422557006
Q42901923	6000000014421731168
Q42902081	6000000009814441552
Q429024	6000000051853967950
Q4290293	6000000039944480796
Q4290325	6000000079087094835
Q4290328	6000000024561556172
Q4290353	6000000022642495196
Q4290366	6000000145264336866
Q42903920	6000000015874858712
Q42903921	6000000003260452373
Q42903959	6000000003636443933
Q42903963	6000000026077911351
Q42904057	6000000070471050006
Q42904111	6000000157894240837
Q42904121	6000000009911307568
Q42904134	6000000032524454988
Q42904145	6000000000001064706
Q42904147	6000000000243633998
Q42904154	6000000000243607942
Q42904172	6000000075860529007
Q42904213	6000000007280344450
Q42904270	6000000037373845026
Q42904302	6000000006843747554
Q4290458	6000000199902654845
Q42904631	6000000019331382010
Q42905779	6000000009197116466
Q42905866	6000000071628843950
Q4290589	6000000005058574944
Q4290611	6000000036523862850
Q4290613	6000000047735639850
Q4290663	6000000107699141824
Q4290681	6000000183973012837
Q4290811	6000000004170292148
Q42908501	6000000026207964506
Q4290919	6000000004185293136
Q42909509	6000000179168660871
Q4290975	6000000017894729083
Q4291089	6000000089923172939
Q42911801	6000000001261447337
Q42912143	6000000013521445059
Q42912189	6000000140745284144
Q42912872	6000000024221042086
Q4291291	6000000002743920363
Q42913101	6000000011311735811
Q4291359	6000000020503450234
Q4291612	6000000028299019821
Q429174	6000000020146146197
Q429207	6000000028703012476
Q429241	6000000071951505252
Q4292571	6000000017875637644
Q4292791	6000000209018090867
Q42928113	6000000026134743505
Q4292890	6000000071112456953
Q4292942	6000000012490433836
Q4292987	6000000000911359169
Q42930	6000000027577451390
Q4293007	6000000163415007962
Q4293097	6000000007041224897
Q42931988	6000000026135199940
Q4293336	6000000206658394876
Q42933840	6000000022198055624
Q4293406	6000000022523493995
Q4293471	6000000034906564149
Q429348	6000000010764432855
Q4293552	6000000003175002861
Q4293609	6000000193870790858
Q4293672	6000000016154639990
Q4293673	6000000016155049574
Q4293714	6000000076784057123
Q42937541	6000000010868602614
Q4293872	6000000049895096056
Q42939	6000000003500061323
Q429391	6000000052026541059
Q42939858	6000000006291486919
Q42941031	6000000027721759413
Q4294173	6000000017506319268
Q42941742	6000000013896777894
Q429424	6000000081037241030
Q42943087	6000000134090348958
Q429440	6000000030783093854
Q42944090	6000000014281868813
Q4294957	6000000015925341291
Q4294973	6000000022922783026
Q4295	6000000078667653935
Q42950279	6000000011296673552
Q42950298	6000000003957239222
Q4295158	6000000089167279086
Q4295159	6000000050910724598
Q4295161	6000000049001028830
Q4295315	6000000052912097824
Q429554	6000000000743604359
Q4295679	6000000209129961823
Q42960751	6000000100227554907
Q4296110	6000000039944616359
Q4296178	6000000051308562595
Q4296796	6000000161800926831
Q429680	6000000027474342934
Q4296874	6000000050926972831
Q4296899	6000000083128185833
Q4296900	6000000083127563428
Q4296928	6000000012850122566
Q4297111	6000000173829820209
Q429716	6000000022760953850
Q4297162	6000000005403256983
Q42972261	6000000080859908021
Q4297250	6000000002188483251
Q4297289	6000000002188368626
Q429740	6000000124494210837
Q429749	6000000002115929724
Q429760	6000000004533185440
Q4297907	6000000209130315846
Q42979371	6000000002335176414
Q4298018	6000000209129981854
Q4298152	6000000168696452821
Q4298154	6000000040877040136
Q4298180	6000000115437580837
Q429821	6000000037743063857
Q429823	6000000014561848618
Q4298260	6000000006582381538
Q4298464	6000000030621909399
Q42985	6000000019098329984
Q4298572	6000000124129176843
Q4299021	6000000004053856850
Q4299057	6000000021606230290
Q42992	6000000006570476656
Q4299375	6000000022754582522
Q4299598	6000000000576135142
Q4299656	6000000022890726633
Q429985	6000000007321148959
Q429999	6000000001504422513
Q430016	6000000055148799931
Q4300343	6000000206873854830
Q430054	6000000003355821126
Q430076	6000000023418750902
Q43008173	6000000044491892539
Q4300902	6000000031319553253
Q4300904	6000000035237122883
Q43009434	6000000003605600377
Q43010012	6000000005599170898
Q4301125	6000000022570056862
Q4301141	6000000022569748765
Q4301230	6000000126025207900
Q43012803	6000000018978259707
Q43014261	6000000134741565641
Q430144	6000000017737292559
Q4301671	6000000009144364062
Q4301976	3734236
Q4301984	6000000145262050821
Q430204	6000000175835009824
Q430209	6000000173485488326
Q430212	6000000010462567874
Q43021614	6000000032301324476
Q4302303	6000000035641463481
Q4302315	6000000006892174168
Q43023603	6000000053314939941
Q4302379	6000000077544364501
Q4302410	6000000040535829877
Q4302471	6000000017751814558
Q4302472	6000000017919451079
Q4302479	6000000106684022917
Q4302483	6000000010279975018
Q4302488	6000000010280518596
Q4302489	6000000203589002835
Q4302604	6000000010934944798
Q4302666	6000000208021070828
Q43027	366308334090013469
Q4302786	6000000021874920231
Q4302807	6000000173811950345
Q4302820	6000000006127496767
Q4302852	6000000082727461296
Q4302985	6000000031998179124
Q4302991	6000000049219655869
Q4303008	6000000000998387641
Q4303044	6000000016363618727
Q43032506	6000000002765712943
Q43033	6000000025967872015
Q4303330	6000000185820900849
Q43034056	6000000032366636908
Q4303429	6000000084258944958
Q4303435	6000000006727936896
Q4303510	6000000012548287211
Q4304002	6000000057896530989
Q430402	6000000021042470612
Q430430	6000000027487393686
Q43044	6000000008051370577
Q430443	6000000015703021085
Q430444	6000000016552976168
Q4304585	6000000016698763469
Q430459	6000000024169574493
Q4304820	6000000016237196178
Q43048777	6000000015629534982
Q43049724	6000000158575298829
Q4304992	6000000035281106472
Q430518	6000000037724533887
Q4305621	6000000040208864954
Q4305627	6000000014059205471
Q4305630	6000000075995216194
Q4305631	6000000078735308103
Q43056808	6000000032085112066
Q43056813	6000000189267939821
Q430588	6000000015364177665
Q430607	6000000040232189279
Q4306221	6000000008387554090
Q430625	6000000028083177257
Q43063	6000000003866889992
Q430639	6000000016124507624
Q430652	6000000043810559099
Q4306536	6000000077197627161
Q43066540	6000000008630274570
Q430667	6000000002796474900
Q43067	6000000031851463008
Q430672	6000000000889496522
Q4306877	5710699199330135263
Q4307012	6000000219358535823
Q4307033	6000000003765531858
Q430706	6000000184224387831
Q430712	6000000050516914881
Q430714	6000000013421176468
Q430718	6000000020704916118
Q430720	6000000012332047744
Q430746	6000000130564954847
Q4307524	6000000000099963351
Q4307542	6000000000112820307
Q4307546	6000000010675619165
Q4307602	6000000029815547580
Q4307609	6000000002188508014
Q430765	6000000006604256814
Q4307726	6000000012082035228
Q4307737	6000000197726635822
Q4307740	6000000010524692227
Q4307745	6000000014407594879
Q430775	6000000002188504750
Q4307753	6000000006596087928
Q430783	6000000013628410424
Q430785	6000000003148097035
Q4307870	6000000221032017916
Q43079943	6000000006157360341
Q4308218	6000000075368567836
Q430824	6000000019837805798
Q430829	6000000060823778900
Q4308376	6000000004391592720
Q4308379	6000000030747822123
Q4308383	6000000004391562022
Q4308384	6000000026346922532
Q4308385	6000000004379346673
Q4308388	6000000029340053838
Q4308397	6000000004391447483
Q4308421	6000000077507209899
Q430844	6000000138593095891
Q430846	6000000005619797388
Q4308517	6000000004079835543
Q4308625	6000000074766890200
Q430883	6000000212065153852
Q43090284	6000000013516311020
Q43090824	6000000036891138996
Q43090898	6000000061738351229
Q4309120	6000000075335079035
Q430929	6000000010725808202
Q43092973	6000000013259137019
Q430932	6000000092302155908
Q4309338	6000000026271874306
Q43093912	6000000013330793220
Q43094649	6000000027626975377
Q430950	6000000006727853995
Q43095438	6000000008753985044
Q43095657	6000000026205794792
Q43096270	6000000066117518856
Q4309644	6000000009450843318
Q4309711	6000000067603166184
Q4309714	6000000067603114318
Q4309772	6000000002872510905
Q4309864	6000000042374629823
Q4309887	6000000018657859910
Q4309910	6000000075061642823
Q4309931	6000000010160469596
Q4309932	6000000031826564730
Q43099647	6000000038498345915
Q4310035	6000000006323610381
Q4310076	6000000177011687051
Q431010	6000000183976159822
Q4310128	6000000011050001031
Q431015	6000000016102995511
Q4310254	6000000050963561922
Q4310299	6000000136544273872
Q4310335	6000000000882220764
Q431046	6000000023213336393
Q4310472	6000000180407947838
Q431079	6000000023274429836
Q431085	6000000024680656145
Q431107	6000000004649973334
Q431121	305934216230007074
Q431124	6000000008338912904
Q4311241	6000000012723867434
Q4311251	6000000019012967836
Q4311259	6000000010155822838
Q4311282	6000000039261519227
Q4311432	5087438574440043705
Q4311490	6000000008351812470
Q4311582	6000000179511787823
Q4311583	6000000179509748870
Q43117012	6000000005599075129
Q431176	6000000002188529782
Q4311880	6000000202607357831
Q4311886	6000000071221876041
Q431196	6000000075573419903
Q4312058	6000000000705261228
Q43122012	6000000013598186251
Q43122120	6000000026355970165
Q4312266	6000000092257395833
Q4312287	6000000039093218434
Q4312433	6000000083124468123
Q431246	6000000010609937637
Q43125300	6000000026206290550
Q4312612	6000000072183658045
Q43126147	6000000033975717012
Q4312789	6000000013503239543
Q43128036	6000000077832982707
Q43128071	6000000185197225834
Q43128280	6000000212393320839
Q43129301	6000000200145303843
Q4313003	6000000148051906857
Q431303	6000000182590381821
Q43130307	6000000010967380164
Q4313058	6000000115052217821
Q43131533	6000000014315630241
Q43131635	6000000026131221219
Q43132407	6000000177364962853
Q43132705	6000000105435321997
Q431330	6000000208956025834
Q43133309	6000000000131184717
Q431341	6000000152075201822
Q4313555	6000000003139111841
Q4313557	6000000003935906048
Q431356	6000000017225158328
Q4313568	6000000003138952073
Q4313571	6000000032839509075
Q43135757	6000000034430839981
Q4313614	6000000127143186364
Q431362	6000000008066967409
Q431364	6000000000583879952
Q43137	6000000177489894849
Q43137957	6000000022684846977
Q43138146	6000000000913467317
Q431384	6000000016235620341
Q43138832	6000000000741282675
Q43139287	6000000015721766707
Q43139410	6000000212011764830
Q4313956	6000000019126575356
Q43139662	6000000028359722172
Q431401	6000000158650853825
Q4314030	6000000016514352005
Q431404	6000000041233158403
Q4314049	6000000179154775852
Q4314296	6000000172456348966
Q4314370	6000000221307635968
Q43144	6000000001727703089
Q431442	6000000022578465054
Q43145783	6000000177696001829
Q4314616	6000000174360121016
Q431497	6000000031934247196
Q431503	6000000013788729465
Q4315047	6000000178966947870
Q43151231	6000000039571497030
Q43152311	6000000057627505220
Q4315607	6000000148707576865
Q431564	6000000027859363276
Q431565	6000000002361933399
Q4315752	6000000182762404884
Q4316014	6000000179328624879
Q431611	6000000089302839888
Q431614	6000000012363092614
Q4316165	6000000000125485555
Q431623	6000000051978301085
Q431629	6000000017538378749
Q4316374	6000000052945621963
Q4316384	6000000011388633655
Q431641	6000000019933033323
Q431645	6000000002790537299
Q431653	6000000010703508340
Q431656	6000000013734716771
Q431665	6000000012887952383
Q431676	6000000020210270057
Q431685	6000000014981140634
Q4316937	6000000114766611821
Q4316941	6000000036409124751
Q4316955	6000000208042794857
Q431703	6000000031529891262
Q431705	6000000015499025888
Q431714	6000000017935534913
Q431723	6000000010584481295
Q43173507	6000000122041484836
Q431736	6000000020208621146
Q4317391	6000000178333015966
Q4317434	6000000029465558264
Q4317436	6000000029465555091
Q431751	6000000026587242368
Q4317629	6000000018452859684
Q4317630	6000000020036505648
Q431766	6000000020219927218
Q4317707	6000000008917355634
Q4317718	6000000037881651823
Q4317787	6000000181346460846
Q4317866	6000000208475732823
Q4317876	6000000054241149841
Q431802	6000000026817576425
Q431804	6000000183292354893
Q431807	6000000101171877834
Q431814	6000000084624196856
Q43182	6000000078496604746
Q43182117	6000000070765728872
Q4318369	6000000084766595896
Q43183843	6000000006581213147
Q431842	6000000125183903853
Q431857	6000000016508208742
Q4318596	6000000047583160027
Q4318597	6000000172046411371
Q431869	6000000016504076752
Q43187726	6000000003894077276
Q431894	6000000009552138406
Q431902	6000000016131270587
Q431905	6000000003794713745
Q43190930	6000000008754215861
Q43191164	6000000007329537707
Q43191414	6000000052873061167
Q43191482	6000000029724362578
Q43191482	6000000040993914038
Q43191555	6000000017704657141
Q43192272	6000000067718000855
Q43192722	6000000035151986945
Q43192856	6000000029624681885
Q43192881	6000000076929230572
Q43193780	6000000003954227012
Q43194364	6000000015988292543
Q43194376	6000000001496087232
Q43194596	6000000036178620733
Q431952	6000000000250531109
Q43196731	6000000015536947892
Q43197037	6000000088048027923
Q431980	6000000143326531227
Q431992	6000000134208947828
Q431997	6000000016913837493
Q4320018	6000000050588660513
Q432003	6000000069212997068
Q432010	6000000091377803914
Q432013	6000000009977136418
Q4320186	6000000222082339938
Q432019	6000000002802960223
Q43203	6000000004390410900
Q432032	6000000026938819855
Q4320594	6000000018988506972
Q4320633	6000000018878007375
Q4320656	6000000147768472881
Q432069	6000000000639853448
Q4320817	6000000206688344914
Q4320880	6000000113053779542
Q4321121	6000000077108456927
Q4321125	6000000182293520900
Q4321206	6000000018636426031
Q4321217	6000000018635740835
Q4321244	6000000015151593594
Q4321254	6000000038086834890
Q432129	6000000006436317068
Q4321308	6000000017526141562
Q4321462	6000000014959570156
Q4321464	6000000025359292319
Q4321464	6000000028265605990
Q4321468	6000000039878581941
Q4321525	6000000102725900516
Q432153	6000000016156474140
Q4321573	6000000083212627503
Q4321671	6000000035820554279
Q43219431	6000000039891742913
Q432228	6000000019022762149
Q432234	6000000052881267151
Q432249	6000000006720016392
Q43226160	5218731555680062834
Q4322652	6000000097812022879
Q432266	6000000031090824063
Q432281	6000000075908026005
Q43228774	6000000024363532181
Q432296	6000000030426059001
Q432312	6000000006844014431
Q432316	6000000028230225174
Q432318	6000000079037642833
Q432325	6000000030274210927
Q432332	6000000008066997677
Q43233751	6000000063002879988
Q43234143	6000000034701982370
Q43234320	6000000012820897676
Q43234362	6000000006590073087
Q43234473	6000000037434188862
Q432348	6000000023184025572
Q43235043	6000000024076139302
Q432357	325232531290006417
Q432366	6000000029331773884
Q432375	6000000009546103299
Q432431	6000000016374318508
Q432443	6000000065388819857
Q43247	6000000012020183949
Q432473	6000000013187475392
Q43247564	6000000011295844497
Q432488	6000000012997018500
Q43250901	6000000038015056404
Q43251993	6000000021569187043
Q43252	6000000008451635394
Q432534	6000000041318613461
Q4325503	6000000160479358825
Q4325513	6000000013402350282
Q43255329	6000000173898616888
Q43255347	6000000176595691991
Q43255401	6000000015257262529
Q43255405	6000000015257269548
Q43255407	6000000015259207085
Q43255415	6000000096328710101
Q43255425	6000000016269027519
Q432558	6000000010909718472
Q43256035	6000000002173269586
Q432562	6000000003165953566
Q432575	6000000008115044276
Q432580	6000000012478443395
Q432586	6000000136802323222
Q43259317	6000000056263694843
Q432598	6000000075905043145
Q432600	6000000002404586447
Q43261186	6000000001908758891
Q43261217	6000000019921409361
Q43261219	6000000001245204129
Q43261244	6000000110972159073
Q43261246	6000000022189359253
Q43261256	6000000171966784171
Q43262523	6000000222602356906
Q43263694	6000000012900853472
Q43263734	6000000021945570935
Q43264	6000000016960017776
Q43265648	6000000014959600562
Q43266283	6000000039368545835
Q43267128	6000000035570296467
Q432694	6000000003218595105
Q4327013	6000000078904667582
Q43270343	6000000035127656540
Q43270437	6000000015353544517
Q43270605	6000000006402190927
Q4327067	6000000018002261066
Q4327082	6000000185927444843
Q432717	6000000019514028431
Q4327170	6000000017469702329
Q4327176	6000000006127170131
Q43271785	6000000024199528659
Q43271831	6000000015654207010
Q43272603	6000000008471232884
Q43272852	6000000078500181677
Q432732	6000000010010692736
Q4327335	6000000002915038453
Q4327337	6000000170283883822
Q432734	6000000059164961848
Q432739	6000000028103030002
Q43274	6000000003075030887
Q43274191	6000000033002885996
Q432743	6000000002993383080
Q4327480	6000000008189734536
Q432751	6000000151390927853
Q4327543	6000000073043545767
Q4327544	6000000066939275844
Q4327546	6000000066939085305
Q43276	6000000074790904099
Q432760	6000000021192991851
Q4327673	6000000020022524035
Q4327675	6000000022144115387
Q432768	6000000043359596108
Q4327685	6000000018556235980
Q43278858	6000000006588254703
Q432791	6000000006166549920
Q4328030	6000000017320571828
Q432806	6000000150776847844
Q432811	4270802675370021811
Q4328178	6000000019845303709
Q432833	6000000029757521779
Q43283468	6000000040453456869
Q4328354	6000000009782637163
Q43283820	6000000002115993995
Q43283865	6000000001131484263
Q4328388	6000000013257170639
Q4328415	6000000006102324445
Q4328539	6000000018616115522
Q4328541	6000000105214356945
Q432856	6000000056245359832
Q4328578	6000000021406638992
Q43285808	6000000038228638164
Q432864	6000000016509402412
Q432874	6000000026393090095
Q43287749	6000000027688577590
Q43287754	6000000078143509757
Q4328778	6000000035148677182
Q432880	6000000028086961033
Q432883	6000000016509473123
Q432883	6000000139359373405
Q43288455	6000000000201075897
Q43288534	6000000074507855831
Q43288586	6000000137981977005
Q43288811	6000000012645776373
Q432890	6000000026591943837
Q43289263	6000000016565522800
Q432895	6000000004147172288
Q4329088	6000000178954571929
Q432909	6000000090943942918
Q432919	6000000088178546970
Q43292865	6000000006581064351
Q432929	6000000028044978230
Q432931	6000000041687955362
Q432938	6000000030498400693
Q432940	6000000007024151366
Q4329506	6000000005066424980
Q4329508	6000000004555754944
Q432951	6000000145973912981
Q4329510	6000000006974381376
Q4329513	6000000078898054933
Q4329520	6000000005100578465
Q4329523	6000000079160355878
Q43295367	6000000172865337885
Q4329543	6000000005067015474
Q43295489	6000000013500609815
Q4329549	6000000003219759633
Q43297815	6000000107436864856
Q432980	6000000020206816899
Q432983	6000000020209970730
Q4329867	6000000022616115720
Q4329870	6000000019685096072
Q4329885	5259832366410021053
Q4329919	6000000030535389578
Q4329958	6000000011147602990
Q432999	6000000011641611698
Q433003	6000000019879435220
Q4330047	6000000024538733337
Q4330048	6000000184497431825
Q4330054	6000000114324566875
Q4330067	6000000047265401157
Q4330077	6000000209787623848
Q433008	6000000009888565062
Q43301063	312025859460004583
Q433015	6000000015238521693
Q43301528	6000000088962592966
Q433019	6000000010716959348
Q43302090	6000000096315980025
Q433021	6000000024999706871
Q43302238	6000000047951186404
Q43302239	6000000008934899292
Q43302256	6000000147011798908
Q433026	6000000010723561052
Q43303	5478410042130066440
Q43303433	6000000033379259052
Q433038	6000000015193814481
Q43304180	6000000035326864380
Q433043	6000000102507388854
Q433044	6000000017208637944
Q433045	6000000201807351854
Q43304799	6000000001946167258
Q433049	5294681026870107703
Q433051	6000000012140084273
Q433053	6000000017226202223
Q433060	6000000105964523905
Q43306226	6000000014369490418
Q433076	6000000027167420379
Q433089	6000000183766688854
Q4330919	6000000086915875869
Q433098	6000000019953526191
Q4330982	6000000051015602901
Q433113	6000000017800226237
Q4331160	6000000046888953883
Q433121	6000000041641845220
Q43312606	6000000061236200026
Q433128	6000000026244624607
Q433129	6000000009958431834
Q433131	6000000021805258562
Q433132	6000000013686972685
Q433140	6000000015084172409
Q433146	6000000015091345175
Q433148	6000000051300040078
Q433150	6000000000240997115
Q433156	6000000159449890821
Q433157	6000000007997285455
Q433158	6000000015428932563
Q433165	6000000010660207754
Q433167	6000000141728053828
Q433169	6000000015459718267
Q433174	6000000006161293045
Q4331742	6000000008506847728
Q4331743	6000000008864586032
Q4331744	6000000008864316032
Q4331748	6000000008855164816
Q4331749	6000000008864410144
Q4331753	6000000008864608395
Q4331753	6000000189872847830
Q4331754	6000000008864544566
Q4331755	6000000008855289869
Q4331756	6000000008856196333
Q4331759	6000000008854686966
Q4331761	6000000031614697941
Q4331762	6000000017989393573
Q4331764	6000000008864554677
Q4331765	6000000078615385627
Q4331768	6000000003142035167
Q4331768	6000000189872847825
Q4331797	6000000019920757783
Q4331798	6000000015065317903
Q4331799	6000000001389379567
Q433180	6000000015875521165
Q4331800	6000000017709672363
Q433191	6000000027474786516
Q43319125	6000000019495529830
Q4331940	6000000167387486926
Q433197	6000000015683974074
Q4331977	6000000103884623976
Q4331979	6000000103884392086
Q433204	6000000008630232846
Q433207	6000000167250681632
Q433208	6000000036534574319
Q4332121	6000000044396833484
Q4332123	6000000046755349181
Q433214	6000000015858045266
Q433233	6000000004886887220
Q4332409	6000000106721098859
Q4332512	6000000000618489930
Q43326	6000000014893794725
Q4332780	6000000011675648807
Q4332784	6000000017029677759
Q433304	6000000022319220150
Q43331243	6000000061236254926
Q433318	6000000065765002131
Q433325	6000000017777019306
Q433328	6000000015431999412
Q4333285	6000000014406589886
Q4333292	6000000036440827245
Q4333295	6000000023672584587
Q4333298	6000000023687572220
Q4333355	6000000051029543049
Q433341	6000000004012445569
Q4333418	6000000209787996850
Q433343	6000000098660626326
Q433352	6000000035573292741
Q433362	6000000016971014174
Q433378	6000000033118357436
Q4333807	6000000003792960480
Q433382	6000000002043976590
Q433393	6000000002953668940
Q433397	6000000008658431275
Q4334013	6000000006771554407
Q4334019	6000000021929748912
Q433402	6000000006101404613
Q433403	6000000107638877013
Q433415	6000000020296867841
Q433417	6000000021797492074
Q4334175	6000000018043922680
Q4334178	6000000103865321827
Q4334206	6000000040919340022
Q4334207	6000000022291062182
Q43342121	6000000030457786270
Q433424	6000000010724075279
Q433426	6000000007807230983
Q433448	6000000034369555867
Q433454	6000000004086366959
Q433457	6000000026102898133
Q433459	6000000028070384696
Q433462	6000000014843670865
Q4334679	6000000015439869475
Q433471	6000000058207733008
Q433483	6000000090669806980
Q433486	6000000013649420838
Q433487	6000000015676262656
Q433497	6000000140442004107
Q4334977	6000000025367446867
Q4334998	6000000036491000390
Q4334999	6000000071221259760
Q4335002	6000000001496169896
Q433513	6000000027131145472
Q433515	6000000080591392354
Q433522	6000000014826330794
Q433524	366443341690011858
Q433530	6000000029620172190
Q4335418	6000000001971757891
Q4335420	6000000024276693004
Q4335429	6000000002659786574
Q433543	5201737439850118694
Q433557	6000000046122645946
Q433560	6000000012977783544
Q433565	6000000069637831821
Q433567	6000000016680830236
Q4335691	6000000023769624677
Q4335705	6000000035633849457
Q4335732	6000000042263817044
Q433579	6000000047148626129
Q433581	6000000177466616828
Q433592	6000000026311428568
Q43359643	6000000061235747177
Q43359663	6000000083701169154
Q433597	6000000166195809193
Q43360	6000000018046506727
Q433603	6000000075429402028
Q433608	6000000038552734951
Q433616	6000000086442789074
Q4336240	6000000021700026076
Q4336254	6000000041339945553
Q433626	6000000017296892070
Q433629	6000000009101103014
Q433640	6000000026102236466
Q433649	6000000013321871450
Q433652	6000000007103529216
Q433654	6000000015281711574
Q433657	6000000009956430918
Q433660	6000000016972133041
Q4336610	6000000001706783022
Q4336610	6000000190046282626
Q4336621	6000000189639306047
Q4336651	6000000093316708839
Q4336651	6000000190046282615
Q433668	6000000015015852367
Q4336686	6000000220941144906
Q4336724	6000000013071257310
Q4336725	6000000001706750677
Q4336741	6000000001706755058
Q433676	6000000016971509051
Q433681	6000000000915197018
Q433683	6000000010764303122
Q433686	6000000016301971793
Q433689	6000000003634249059
Q433693	6000000182137467849
Q43369917	6000000008915547776
Q43370019	6000000010061376242
Q4337063	6000000034955013139
Q433709	6000000057396129828
Q43371133	6000000016531254499
Q43371216	6000000007559858725
Q43371598	6000000023239849128
Q43371603	6000000008945240611
Q43372204	6000000010163451224
Q43372215	6000000081317300040
Q43372934	6000000012997480736
Q433730	6000000089485316026
Q43373090	6000000001727265529
Q43373183	6000000044861026841
Q433736	6000000000908929887
Q433739	6000000006817646209
Q43374058	6000000074381408821
Q43374327	6000000046677514360
Q43374409	6000000000801710656
Q43374422	6000000056336079965
Q43374468	6000000000211145366
Q43374593	6000000030457660371
Q43374684	6000000000401177560
Q433753	6000000001358300460
Q43375599	6000000010678720330
Q4337560	6000000180099266831
Q43375668	6000000017873281592
Q43375716	6000000024447902136
Q43375723	6000000009886371021
Q43375759	6000000187950832826
Q43376608	6000000027756815314
Q433767	6000000044878451999
Q433770	6000000091645599522
Q4337707	6000000040804336755
Q43377962	6000000070080169503
Q43378348	6000000015857672061
Q43378410	6000000021567838425
Q43378476	6000000114836277840
Q433785	6000000142926094822
Q433793	4282999051910058973
Q433797	6000000011937383215
Q43379776	6000000011159707121
Q43379799	6000000077764656998
Q43379997	6000000040319067888
Q43380302	6000000037967932857
Q433804	6000000120669322065
Q433806	6000000015693958560
Q43380643	6000000026813819419
Q43380652	6000000034524292101
Q433809	6000000015908179249
Q43380911	6000000037605435216
Q43381260	6000000005794190301
Q433818	6000000005583022195
Q43382231	6000000024500705453
Q43382672	6000000026844977327
Q433833	6000000001840212755
Q433837	6000000001840212581
Q433855	6000000019039148645
Q433857	6000000006808405403
Q4338630	6000000018060089530
Q43386486	6000000012955729048
Q433868	6000000001381843096
Q43387143	6000000036984947228
Q43387164	6000000072177354294
Q43387210	6000000036081620624
Q43387285	6000000016455499632
Q43387392	6000000005598992115
Q433877	6000000179948899823
Q433891	6000000023320097621
Q43389285	6000000024448277978
Q433897	6000000016320221210
Q4339014	6000000011397963810
Q433903	6000000141114763297
Q4339098	6000000017574392900
Q4339099	6000000017572268702
Q433916	6000000047103631892
Q433924	6000000028353830741
Q43393	6000000001472123229
Q433948	6000000120893116890
Q433966	6000000007485409509
Q433967	4277158114220033251
Q433968	6000000176882636830
Q43396972	6000000052521059040
Q43396992	6000000052520928123
Q43396999	6000000075119963821
Q43397006	6000000016528600609
Q43397016	6000000155898136822
Q434003	6000000004391009671
Q4340039	6000000079561848232
Q43400590	6000000017320630415
Q43400596	6000000017390320651
Q43400958	6000000056987375478
Q43401466	6000000011673449576
Q4340278	6000000074728166840
Q43402872	6000000012750553037
Q434033	6000000057006175929
Q434056	6000000013292459428
Q434061	6000000003407492560
Q434062	6000000046132911873
Q434073	6000000008242476731
Q4340767	6000000167064206882
Q434077	1354801
Q4340805	6000000001929306226
Q434082	3961296090250122500
Q4340868	6000000049568264858
Q434088	6000000178044525848
Q4340927	6000000031110123899
Q434100	6000000168667889849
Q434112	6000000054429842823
Q434113	6000000006970396219
Q4341199	6000000025915418851
Q434120	6000000013382737452
Q434121	6000000046007357904
Q4341211	6000000052601812825
Q4341220	6000000049029824884
Q434125	6000000166799570880
Q434128	6000000016302885567
Q434131	6000000018097626686
Q4341405	6000000181557830959
Q434142	6000000025334045672
Q434148	6000000049835298878
Q4341579	6000000180075474847
Q4341583	6000000018042579761
Q43416	6000000008482548502
Q434164	6000000040292202585
Q434171	6000000042554568273
Q434175	6000000007328679788
Q434177	6000000057327695864
Q434195	6000000031114662988
Q4341957	6000000048862541122
Q43419762	6000000040937435252
Q434204	6000000177736290824
Q4342112	6000000017026544784
Q4342243	6000000000383049397
Q434227	6000000020019801255
Q434228	6000000020407295021
Q4342287	6000000120523169950
Q43423	6000000073056397940
Q4342319	6000000039115945027
Q434240	6000000018267590435
Q43424274	6000000173413057238
Q43424316	6000000221436955863
Q43424361	6000000003827902183
Q4342446	6000000009984485910
Q4342526	6000000011368677951
Q43425499	6000000085289849097
Q434257	6000000070097299303
Q43426318	6000000064765013827
Q43426348	6000000022201523167
Q43426949	6000000055621254139
Q434281	6000000119335460900
Q434282	6000000019947399963
Q4342844	6000000007416616347
Q434290	6000000000750619202
Q4342921	6000000052403797164
Q43430149	6000000098523950821
Q434304	6000000006805272121
Q434306	6000000021903968151
Q434308	6000000180008522825
Q434312	6000000015874998705
Q43432	6000000002467903213
Q434320	6000000011044178054
Q434323	6000000012287581844
Q434324	6000000017209964062
Q434328	6000000010556115230
Q434331	6000000071116498821
Q434337	6000000017023299667
Q434342	6000000014582377545
Q434354	6000000179591640834
Q4343544	6000000019579197949
Q4343552	6000000006434719275
Q434358	6000000003385008266
Q4343596	6000000037376800035
Q434365	327450801920006953
Q434374	6000000003722697705
Q4343825	6000000019441313438
Q434389	6000000085403260894
Q434396	6000000019459297281
Q43440	6000000014515732081
Q434404	6000000135719492890
Q4344178	6000000190730077876
Q434419	6000000004338024180
Q4344312	6000000015159991788
Q4344353	6000000021036169023
Q4344378	6000000030265121264
Q43443842	6000000018622588467
Q4344387	6000000212210686824
Q43444	6000000065852744855
Q43444224	6000000018621839852
Q4344454	6000000174203410852
Q4344457	6000000174202635775
Q434447	6000000019032359028
Q434453	6000000003835752136
Q434458	6000000040656219077
Q434459	6000000077906737908
Q434466	6000000029372506223
Q43446726	6000000022266573322
Q434469	6000000041454833936
Q434470	6000000046860862981
Q434478	6000000069905306821
Q4344787	6000000007219210485
Q434479	6000000056636247943
Q434487	6000000031913540178
Q4344915	6000000009709385335
Q43449484	6000000001153578735
Q434496	6000000093677129023
Q43449613	6000000021490853274
Q434497	6000000029678138822
Q434499	6000000015239108619
Q4344997	6000000006434719267
Q434500	6000000012885164201
Q434501	6000000138736500925
Q434507	6000000022228635966
Q434512	6000000051301225825
Q434516	6000000015607131711
Q434522	6000000043279567158
Q43452244	6000000031758187280
Q434526	6000000015239641089
Q434529	6000000016538465186
Q434533	6000000007520366206
Q4345359	6000000014190288225
Q434539	5018110698740035308
Q4345709	6000000001239524711
Q4345721	6000000006242625701
Q4345728	6000000002133823483
Q434573	6000000058008324840
Q434574	6000000134702466229
Q4345748	6000000046908821054
Q434575	6000000012580942738
Q4345825	6000000025515734916
Q434584	6000000012840740700
Q434585	6000000017955226575
Q4346001	6000000012642272804
Q434601	6000000008302194977
Q4346031	6000000001561328182
Q4346125	6000000066977254973
Q434615	6000000013365903113
Q4346176	6000000107124597861
Q4346183	6000000029279175373
Q4346188	6000000002510697017
Q4346193	6000000038150027858
Q4346201	6000000008196744194
Q43462194	6000000024033883253
Q4346227	6000000031615589417
Q4346250	6000000002959129514
Q4346272	6000000019818704391
Q4346395	6000000204774928841
Q434643	6000000195225574823
Q434645	6000000015680458798
Q43464502	6000000178085023830
Q4346500	6000000200855732846
Q43466	6000000081501202106
Q4346626	6000000014720432292
Q4346653	4264432804230041570
Q434669	6000000018715663688
Q434673	6000000020356841365
Q4346764	6000000021880890545
Q434679	6000000027833967393
Q4346827	2926411
Q434683	6000000020346263569
Q434685	3191106
Q4346867	6000000033375613777
Q434687	6000000070797282822
Q434689	6000000012871298449
Q4346893	6000000002456903875
Q4346905	6000000012722953868
Q434691	6000000020358432979
Q4346910	6000000008913230890
Q4346912	6000000143991787963
Q434694	6000000011123617798
Q434695	6000000047556419395
Q4346968	6000000017896926514
Q43470204	6000000011333496571
Q434706	6000000017864224908
Q434708	6000000015073228051
Q4347121	6000000004088406937
Q43471213	6000000095230822240
Q43471736	6000000021689596452
Q4347177	6000000035630800431
Q43471788	6000000027689869753
Q4347204	6000000015121098969
Q43472134	6000000078308185140
Q43472155	6000000041931738813
Q43472581	6000000015645215579
Q43472865	6000000107947748840
Q43472916	6000000082601242242
Q434730	6000000004629226661
Q43473256	6000000015913967532
Q43473390	6000000076552065885
Q4347341	6000000070024580833
Q43473734	6000000055916062203
Q43473751	6000000002376111343
Q43473995	6000000139880909869
Q43474129	6000000031876148393
Q4347433	6000000023770241940
Q4347501	6000000018129142772
Q4347536	6000000018039323216
Q4347578	6000000012864969301
Q4347586	6000000006719579297
Q4347587	6000000006741913169
Q4347594	6000000077448873417
Q43476	6000000145761931857
Q43476116	6000000218856575870
Q434765	6000000015746555034
Q4347670	6000000185479412068
Q43476860	6000000031960815090
Q434771	3602282
Q434778	6000000076890582017
Q4347781	6000000063339462835
Q4347851	6000000007059352785
Q434786	6000000145351482855
Q4347861	6000000027330726343
Q434789	6000000003123830496
Q434793	6000000010103707311
Q4347931	6000000005585800053
Q434797	6000000019218908288
Q4348031	6000000078522250323
Q434804	6000000027736994283
Q4348040	4362429703570032270
Q4348070	6000000101622927887
Q434808	6000000141170935890
Q434809	6000000042559056329
Q4348123	6000000029147552125
Q434813	6000000014623347500
Q434814	6000000001511487502
Q434816	6000000178655565873
Q434821	6000000021436529117
Q4348323	6000000007393158312
Q4348332	6000000036063540930
Q4348333	5673113958550033190
Q4348339	6000000052470697945
Q4348350	6000000017625792248
Q4348354	6000000059219862300
Q4348371	6000000002188504214
Q4348372	6000000002188504221
Q4348381	6000000006156512144
Q434839	6000000024570685987
Q434840	6000000000830286251
Q434843	6000000177525123889
Q4348446	6000000003553380720
Q434852	6000000002621514439
Q4348523	6000000064001086841
Q4348569	5699395910530029150
Q434865	6000000031158830057
Q4348661	6000000133794550821
Q4348664	6000000027081244793
Q4348734	6000000007171593274
Q43488006	6000000010121827863
Q4348813	6000000009342544784
Q4348899	6000000018368445106
Q434893	6000000047769663985
Q434900	6000000092461319851
Q434902	6000000070406419253
Q434905	6000000004152807356
Q4349086	6000000077414681086
Q434909	6000000055986056882
Q4349138	6000000012772950529
Q434917	6000000008009266219
Q4349174	6000000003822502457
Q434920	6000000067124605916
Q4349202	6000000078625051825
Q4349217	6000000176052908821
Q434922	4893730440350021828
Q434925	6000000177125072830
Q4349257	6000000019347678489
Q434931	6000000008708297103
Q434932	6000000006365204201
Q434935	6000000013269783595
Q43493573	6000000007960576500
Q434939	285587914020006108
Q4349403	6000000010685660856
Q434941	6000000140728050150
Q434946	6000000007644464289
Q434948	6000000043183125861
Q4349507	6000000083412010567
Q434952	6000000038380101458
Q4349539	6000000029623612867
Q4349563	6000000000380067890
Q434957	6000000024772810428
Q4349573	6000000031420087726
Q4349605	6000000006970042282
Q4349639	6000000080496284423
Q4349660	6000000007426066237
Q4349691	5302110133950051004
Q434972	6000000023118298978
Q434975	6000000002091701295
Q4349847	6000000000126976532
Q43499	6000000017321673579
Q4349929	6000000006789276574
Q4349937	6000000106947121849
Q434994	6000000011605510898
Q435010	6000000034102641013
Q435014	6000000020359244434
Q435016	4104540
Q435019	6000000015182048801
Q43502734	6000000075654931904
Q4350461	6000000085443776823
Q435048	6000000004258012049
Q435052	6000000021594644827
Q4350526	6000000017616084497
Q435056	6000000029960058123
Q4350576	6000000018148842346
Q4350587	6000000012118052789
Q435063	6000000034335768343
Q4350667	6000000004275948423
Q4350746	6000000006127601562
Q4350748	6000000000631654769
Q4350756	6000000027564247272
Q4350779	6000000112100100821
Q4350813	6000000084018716273
Q435094	6000000019899045220
Q4350973	6000000000001127960
Q4351017	6000000000862197667
Q4351018	6000000051068452258
Q4351019	6000000014763963456
Q4351025	6000000019250973637
Q4351038	6000000022198073901
Q435105	6000000016229639507
Q435110	6000000017709846320
Q435111	6000000017180199107
Q435117	3618578
Q435121	6000000034301628425
Q435124	6000000077947596912
Q4351265	6000000003596314596
Q435130	6000000029426074675
Q435131	6000000077816514444
Q4351322	6000000013061126029
Q435134	6000000070870149941
Q435135	6000000024716628361
Q4351365	6000000015262847037
Q4351386	6000000007050018721
Q435140	6000000017882611724
Q435148	6000000006440544766
Q435151	6000000080004931869
Q435155	6000000028913977872
Q435157	6000000016475343186
Q4351647	6000000005442236186
Q435168	6000000000658140216
Q4351694	6000000009129338125
Q4351708	6000000027814889776
Q4351708	6000000039717263002
Q4351723	6000000017105559597
Q4351768	6000000066932350985
Q4351769	6000000200906707821
Q435177	6000000012866558640
Q435182	6000000005598973585
Q4351821	6000000041843284311
Q4351832	6000000012873739554
Q4351834	6000000180310397850
Q435186	6000000020357102859
Q4351860	5120912969440035298
Q4351907	6000000002859245546
Q4351931	6000000011163167318
Q435195	6000000015849385561
Q4351970	6000000000104954411
Q435203	6000000014054347405
Q4352055	6000000003275711815
Q4352087	6000000180501874833
Q435209	6000000011851339781
Q4352094	6000000007832786367
Q4352098	6000000010099076562
Q435210	6000000073299207881
Q4352120	6000000071475437828
Q43522	6000000026274691142
Q43523	6000000014557390453
Q435236	6000000029518319310
Q4352362	6000000070170744988
Q4352378	6000000031214676235
Q435241	6000000080240516003
Q435247	6000000032933194848
Q4352482	6000000002188514984
Q435254	6000000124326967050
Q4352552	6000000016393184159
Q4352561	6000000002600206975
Q4352566	6000000031600106417
Q4352573	6000000038337943245
Q4352611	6000000006128363097
Q435262	6000000129777266827
Q435264	6000000183998015829
Q4352666	6000000009084906522
Q435267	6000000013449919308
Q4352821	6000000011012922619
Q4352839	6000000088424241858
Q435290	6000000006802297402
Q43529420	6000000003418669507
Q4352943	6000000007084491319
Q435296	6000000000470359003
Q4352994	6000000011171826492
Q4353021	6000000018701538010
Q435304	6000000074823431420
Q435312	6000000117991632836
Q4353143	6000000169630871903
Q435317	6000000001474430281
Q4353175	6000000020677989280
Q4353213	6000000000005844919
Q4353216	6000000093895800839
Q4353229	6000000006988268446
Q4353330	5380633405230079339
Q4353386	6000000045215701958
Q4353412	6000000017599403239
Q4353446	6000000153526629864
Q4353453	6000000127736307856
Q4353489	6000000002313990594
Q4353505	6000000027172916151
Q4353515	6000000035445336870
Q4353550	6000000020815829026
Q4353585	6000000017681330061
Q4353611	6000000009083566980
Q435366	6000000019815886941
Q4353660	6000000032451346950
Q4353707	6000000017433986987
Q4353724	6000000013363028942
Q4353726	6000000007415928922
Q435375	6000000002376187259
Q43537894	6000000010769615211
Q4353820	6000000020918055139
Q435384	6000000038651204417
Q4353918	6000000011287962713
Q4353938	6000000020795534352
Q4353952	6000000006789502126
Q4353968	6000000003829901959
Q4354039	6000000007161223266
Q4354115	6000000009403181168
Q4354147	6000000000056141729
Q435415	6000000018778725245
Q4354221	6000000080810715658
Q4354258	6000000056704814982
Q435426	6000000004079698520
Q4354309	6000000019818640143
Q4354347	6000000002302413523
Q4354358	6000000121987575952
Q4354473	6000000041684396236
Q4354513	6000000110569126938
Q435455	6000000083992480474
Q4354579	6000000014441920927
Q4354581	6000000061455278828
Q4354595	6000000028527392640
Q4354618	6000000016925164270
Q4354665	6000000020569912236
Q4354679	6000000006147524386
Q4354689	6000000040342015558
Q435470	6000000020827100689
Q435474	6000000065541972836
Q4354745	6000000034274185856
Q4354796	6000000002395416434
Q4354798	6000000027523969066
Q4354836	6000000012616270319
Q4354841	6000000003827611997
Q435488	6000000151392484869
Q4354903	6000000000572900036
Q4354910	6000000009525054895
Q4354948	6000000007789177156
Q4354960	6000000001731175565
Q435501	4246515
Q4355033	6000000002188514239
Q4355039	6000000000538096572
Q435509	6000000015972288733
Q4355102	5500638495560022735
Q4355133	5673021768890114514
Q43551344	6000000002188479841
Q4355143	6000000003242563257
Q4355145	6000000000278653234
Q4355148	6000000000618302209
Q4355159	6000000026118751910
Q4355162	6000000034627255857
Q4355169	6000000015139960481
Q435517	6000000012164175877
Q4355180	6000000018280098860
Q4355228	6000000006916831366
Q4355234	6000000029422229242
Q4355247	6000000032062315603
Q4355279	6000000014761040417
Q4355295	6000000008137635318
Q4355303	6000000003808479277
Q435537	6000000025169390234
Q435540	6000000216983567840
Q4355413	6000000001310081524
Q4355417	6000000021176438004
Q4355461	6000000041522026158
Q435547	309731359810004689
Q4355556	6000000010688882036
Q4355589	6000000017817641395
Q4355601	6000000012921570130
Q4355602	6000000183855574829
Q4355619	6000000153654658829
Q4355632	6000000033357306022
Q4355654	6000000029264720910
Q4355682	6000000007250101958
Q4355686	6000000007900343922
Q435569	6000000029763774053
Q4355691	6000000003640512433
Q4355696	6000000012450998737
Q4355732	6000000045209676950
Q4355746	6000000002153539224
Q435584	6000000013649381937
Q4355840	6000000016542446133
Q4355881	6000000014912687990
Q4355896	6000000025754559108
Q4355927	6000000012505144464
Q4355931	6000000019996737008
Q4355936	6000000016924028868
Q4355975	6000000056596051021
Q4355992	6000000008931472821
Q4355998	6000000001502635178
Q4356025	6000000020602729424
Q4356031	6000000005395546812
Q4356039	6000000076718784993
Q4356043	6000000000127786389
Q4356070	6000000008137611440
Q4356083	6000000034952697549
Q4356087	6000000143312032836
Q4356095	6000000037189601821
Q4356127	6000000006869927068
Q4356138	6000000002488062647
Q4356165	6000000073502224913
Q4356167	6000000137639866830
Q4356177	6000000011026152249
Q4356180	6000000010745347476
Q4356215	6000000037356104891
Q4356238	6000000014510094662
Q4356251	6000000073874889931
Q4356291	4117307
Q4356377	6000000104630321920
Q4356394	6000000110415443821
Q4356456	6000000008427403775
Q4356483	6000000018975033157
Q4356521	6000000012988689260
Q4356540	6000000011217568693
Q4356626	5502908325620031300
Q4356646	6000000017531785825
Q4356663	6000000019885399089
Q4356670	6000000193619959839
Q4356680	6000000064632613840
Q435669	6000000027341389024
Q4356720	6000000034416919639
Q4356747	6000000000249535686
Q4356748	6000000002188383797
Q4356759	6000000027448463340
Q4356820	4216140632910041709
Q4356834	6000000029009510537
Q4356835	6000000043053413832
Q435688	309005419900006491
Q4356895	6000000002387654187
Q4356896	6000000004868165224
Q4356897	6000000011331064807
Q4356917	6000000075323312862
Q4356921	6000000000011266288
Q4356925	6000000002024142239
Q4356926	6000000012297711646
Q4356938	6000000002188489188
Q435696	6000000009076689565
Q4356984	6000000182400819931
Q435699	6000000043154777071
Q4357003	6000000010778387292
Q4357050	6000000029476568505
Q435706	6000000020358699790
Q4357064	5551351469310105115
Q4357068	6000000143293034821
Q435709	6000000070676864517
Q4357096	6000000000520534155
Q4357099	330009986930007579
Q4357108	6000000045915187922
Q4357111	6000000020815792353
Q4357135	6000000000509687688
Q4357150	6000000009036189107
Q4357152	6000000006127783211
Q4357159	6000000010340240892
Q435716	6000000013090557716
Q4357162	6000000020791624500
Q4357216	6000000006197878535
Q4357238	6000000114319613885
Q435725	6000000022226753680
Q4357264	6000000143329732881
Q4357279	6000000000726121947
Q43572909	6000000006257436605
Q435732	6000000002334240460
Q4357370	5563901067400112774
Q435739	4134245
Q4357402	6000000003793571123
Q4357405	6000000018168907275
Q435744	6000000133693499851
Q4357488	6000000016289960359
Q4357508	6000000094783844291
Q435751	6000000003071284439
Q4357515	6000000078520155279
Q4357569	6000000153574996879
Q4357607	6000000026038534120
Q435764	6000000013886468001
Q435766	4837572622250081662
Q4357685	6000000088513982833
Q435770	6000000056649952159
Q4357724	6000000013703367713
Q4357728	6000000006886586037
Q4357732	6000000082798545473
Q4357748	6000000042152415603
Q4357754	6000000000498219020
Q435777	6000000047665064841
Q4357770	6000000008187648551
Q4357774	6000000000291498131
Q4357776	6000000090945621737
Q4357781	6000000001276145919
Q4357784	6000000004407141377
Q4357787	6000000001396862130
Q4357790	6000000040573972081
Q4357840	6000000183378534842
Q4357841	6000000079872618285
Q4357866	6000000004407573271
Q4357869	6000000000289328354
Q435789	6000000103182764996
Q435791	6000000083204556133
Q435792	6000000025646733426
Q435793	4266037881220038897
Q4358017	6000000126217260059
Q435810	6000000069652875821
Q4358180	6000000017506027413
Q435826	6000000005176355001
Q435832	6000000008653648917
Q43583811	6000000126178151848
Q435839	6000000055635348394
Q43584604	6000000183270399868
Q435856	6000000178351349838
Q4358636	6000000026490532976
Q435875	6000000056020526845
Q4358772	6000000050041863044
Q4358870	6000000007464089988
Q435892	6000000157302297892
Q4358945	6000000174140654420
Q435902	6000000076741359888
Q4359334	6000000072437916880
Q435935	6000000017226154010
Q435936	6000000012716347577
Q435947	6000000001579286092
Q435955	6000000004183001799
Q435962	6000000183278636871
Q435963	4146803839500034288
Q435971	6000000017078876728
Q4359906	6000000017533727682
Q4359908	6000000017533507451
Q436000	6000000003445635335
Q436002	6000000044794200978
Q436010	6000000038830101104
Q4360142	6000000010051362400
Q436020	6000000017543925779
Q4360271	6000000000527417353
Q4360301	6000000022890708467
Q4360310	6000000180131270863
Q4360313	6000000041390111511
Q4360366	6000000008478149177
Q436037	6000000069378300849
Q436050	6000000002423434617
Q4360597	6000000067604784846
Q436069	6000000029618073110
Q436070	6000000076823090208
Q436074	6000000006444214719
Q4360816	6000000042994878305
Q4360825	6000000017625106693
Q436096	6000000028823975158
Q436102	6000000012913344311
Q436107	6000000172491726913
Q436109	6000000039155076857
Q436113	5589030420750086035
Q436117	6000000001481322419
Q436131	6000000013515463926
Q436146	6000000069718699878
Q436150	6000000184094527828
Q436155	6000000145331331107
Q436161	6000000034613380446
Q436164	6000000029662263755
Q4361689	6000000080742176704
Q4361715	6000000178353274821
Q436185	6000000000286613453
Q436187	6000000029514309752
Q4362031	6000000068070198830
Q4362191	6000000017854565203
Q4362198	6000000017854295245
Q4362222	6000000195119569829
Q436224	6000000001861980565
Q4362428	6000000089930170145
Q436262	6000000020881507514
Q4362664	6000000010673025138
Q436267	6000000033619572844
Q4362671	6000000031319979262
Q436272	6000000015360992329
Q436282	6000000015309337635
Q4362843	6000000050026446908
Q4362850	6000000086474071895
Q4362917	6000000202642376826
Q436298	6000000016998879151
Q4363085	6000000069247183858
Q436309	6000000015307435173
Q436317	6000000163420575116
Q436320	6000000013073138085
Q43633	6000000006167500273
Q436331	6000000017885589159
Q43633559	6000000001349607166
Q436348	6000000013851693880
Q436363	6000000034319447360
Q4363802	6000000002765097761
Q436384	6000000014220086826
Q43638568	6000000180407991842
Q436386	6000000029701397201
Q436394	6000000015248250523
Q43639754	2247106
Q4364005	6000000027306482923
Q436405	6000000010898688216
Q436409	6000000017596269720
Q436412	6000000013557374960
Q436433	6000000035655177545
Q4364471	6000000036479553310
Q4364562	6000000109263363939
Q4364564	6000000017895756569
Q436463	6000000016184792049
Q43647070	6000000077515480939
Q4364718	6000000070678561839
Q436480	6000000003332261203
Q436482	6000000064358987173
Q4364845	6000000130250129140
Q436489	6000000172933135664
Q4365007	6000000037398584288
Q4365014	6000000037396463929
Q4365034	6000000083711620947
Q4365041	6000000083711796898
Q4365042	6000000039915874857
Q4365044	6000000037396022225
Q43650570	6000000006127334960
Q436517	6000000002188416086
Q436521	6000000015890507659
Q4365259	6000000026509539520
Q436530	6000000018119318134
Q436535	6000000015611749447
Q436537	6000000042654429222
Q4365375	6000000069813645886
Q4365451	6000000049074871938
Q43655384	6000000038312235936
Q43656140	6000000057626985887
Q43656893	6000000124638052858
Q436581	6000000001383046990
Q436584	6000000053980786948
Q4365893	6000000020381860141
Q43659780	6000000180407322873
Q436627	6000000005784280206
Q4366312	6000000082876444147
Q4366315	6000000082874917357
Q436638	6000000027632408816
Q43664157	6000000180406606918
Q436655	391230619620004657
Q436664	6000000035733329996
Q436676	6000000007492275382
Q436699	6000000007958318796
Q436712	6000000012291348246
Q43671639	6000000021024006555
Q436719	6000000034567498049
Q436725	6000000184241508006
Q436726	6000000020777620826
Q436728	6000000114367257883
Q4367311	6000000018515658451
Q4367384	6000000018515703323
Q4367385	6000000190404473829
Q436748	6000000030605030156
Q4367537	6000000208967316827
Q436763	6000000058318785894
Q43676682	6000000093936916297
Q436769	6000000078037736037
Q436775	6000000010945568805
Q436780	6000000084655526878
Q436784	6000000027933609353
Q436787	6000000001300468262
Q436789	6000000006843874044
Q436790	6000000006769667728
Q436797	6000000011853252903
Q43680054	6000000017881357447
Q436803	6000000020882475000
Q43682	6000000027195471083
Q436848	6000000001529445020
Q436856	6000000011045785483
Q436858	6000000034323929207
Q436874	6000000000288134575
Q4368907	6000000171771733202
Q436891	6000000020531990945
Q436894	6000000021947410424
Q436897	6000000051074771948
Q436901	4606643
Q436902	6000000026145868057
Q4369058	6000000025240637211
Q4369059	6000000025239107308
Q436911	6000000176373470999
Q4369226	6000000063151792850
Q436924	6000000023249409832
Q436936	6000000016368602679
Q4369473	6000000089005379007
Q4369475	6000000083005275263
Q4369493	6000000176615450869
Q4369504	6000000212354514821
Q436952	6000000026217298068
Q436967	6000000132411116829
Q4369744	6000000018280426121
Q4369752	6000000018279963867
Q4369753	6000000174170689196
Q4369756	6000000006602842815
Q4369760	6000000018280641171
Q436977	6000000020530004471
Q43697857	6000000018291478766
Q43697857	6000000022552700831
Q4369874	6000000014281847518
Q4369876	6000000017894710351
Q436991	6000000011624811073
Q436992	6000000020005065108
Q436996	6000000053483882012
Q437001	4540355
Q437002	6000000020529779244
Q437003	6000000011334691035
Q437015	6000000014705808854
Q4370158	6000000018154635830
Q437019	4134141
Q437047	6000000079239933449
Q437049	6000000009397311667
Q4370500	6000000014335063566
Q4370514	6000000014334944904
Q4370562	6000000180067862841
Q437057	6000000043279547072
Q437058	6000000031662663856
Q43706	6000000067000008971
Q4370650	6000000209820252829
Q437075	6000000093225131874
Q437088	6000000015312404739
Q4370881	6000000012644171411
Q4370887	6000000006579840436
Q4370889	6000000006603983350
Q4370900	6000000013765648147
Q4370900	6000000025358237445
Q437132	4768702204260041450
Q437138	6000000027182476365
Q4371383	6000000015218732013
Q437139	6000000003600507616
Q4371400	6000000110554658957
Q4371414	6000000201317661822
Q437143	6000000014660547055
Q43715	6000000002447338054
Q437151	6000000137209381835
Q4371551	6000000044298041711
Q437157	6000000017919217604
Q437158	6000000026217444861
Q437164	6000000015182148199
Q437169	6000000035545232125
Q437176	6000000016302291131
Q4371798	6000000036928722846
Q43718	6000000011866541386
Q4371812	6000000191704780824
Q4371944	6000000181058659831
Q43720	6000000025348196618
Q437206	6000000024946233994
Q437219	6000000020530096997
Q437227	6000000015085076378
Q43723	6000000010620136400
Q437232	6000000016369348142
Q4372591	6000000180758643832
Q437262	6000000079316732831
Q437295	6000000009025289777
Q43729751	6000000005428682097
Q43730399	6000000005428714014
Q437310	6000000021156762796
Q437314	6000000004276592456
Q4373234	6000000001504950850
Q4373254	6000000031073547550
Q437335	6000000084023771854
Q43734	6000000109325025958
Q437344	6000000185630191991
Q4373441	6000000177847035828
Q437350	6000000176780187881
Q437351	6000000011243460613
Q437352	6000000014559485904
Q43736	6000000014641169121
Q4373685	6000000051682501821
Q43737886	6000000011263188431
Q437382	6000000016182161559
Q43738460	6000000015871721102
Q437388	6000000006979482408
Q43739	6000000073857122973
Q437416	6000000034339118822
Q4374222	6000000064676861919
Q437429	6000000028123725037
Q437438	6000000014482071784
Q437443	6000000024305835163
Q4374643	6000000037054412866
Q4374657	6000000194810673837
Q4374896	6000000053654991991
Q437490	6000000013633335233
Q4374904	6000000003934773689
Q4374905	6000000014660619043
Q4374909	6000000078345154059
Q4374911	6000000002188456299
Q4374912	6000000001407123068
Q4374913	6000000019433607289
Q4374916	6000000003672965180
Q4374918	6000000002451949551
Q4374922	6000000001407101323
Q4374938	6000000149477404842
Q43750119	6000000014585129314
Q4375014	6000000010310606086
Q4375047	6000000024785735144
Q437509	6000000010542566277
Q437525	6000000020542366537
Q437526	6000000015374891662
Q437536	6000000184000633856
Q437560	6000000020008462003
Q437571	6000000000440095065
Q43757862	6000000013522048448
Q43758441	6000000013522168187
Q43758639	6000000021323344529
Q437594	6000000027780586729
Q43759493	6000000111272193833
Q437615	6000000066262788846
Q437635	6000000022905884826
Q4376484	6000000011122467700
Q4376494	6000000116355556890
Q4376524	6000000101276120926
Q4376528	6000000076934354856
Q43765551	6000000007872898887
Q4376725	6000000103216491009
Q4376761	6000000027685509694
Q437690	6000000011514314109
Q437700	6000000056018715032
Q437708	6000000013259903928
Q437710	6000000016005974446
Q437714	6000000104729881032
Q4377314	6000000051142737032
Q4377426	6000000001784973101
Q4377454	6000000037679965019
Q4377458	6000000037680389869
Q43775003	4836350412720125529
Q437752	6000000020180378305
Q43776263	6000000156480051840
Q437771	6000000017239856705
Q437779	6000000030230815457
Q437782	6000000017272176901
Q437798	6000000017193659768
Q4378038	6000000110499915911
Q4378039	6000000110497265935
Q4378201	6000000179920634835
Q437847	6000000140748269351
Q437852	6000000020115380039
Q437855	6000000017927750411
Q437855	6000000028318136356
Q437872	6000000013302366765
Q4378799	6000000052424181080
Q437907	6000000000024567108
Q4379111	6000000021465811762
Q4379318	6000000065765938821
Q437952	6000000001446542148
Q437963	6000000014940026151
Q437964	6000000008440017615
Q437970	6000000015702038560
Q437974	6000000051390041834
Q437985	6000000000875300993
Q437997	6000000018668924316
Q43800461	6000000022889625041
Q438010	6000000037405699432
Q4380326	6000000027985506672
Q4380327	5568230581000044326
Q43803532	6000000023884752310
Q4380396	6000000096055601843
Q4380407	6000000076692655890
Q4380409	6000000009368392449
Q438048	6000000003398870000
Q4380818	6000000013451791527
Q4380947	6000000031663007166
Q438096	6000000026116297240
Q4380980	6000000178573815890
Q4381	6000000051113414903
Q438103	6000000015320219458
Q438106	6000000014421235251
Q43810719	6000000007192876271
Q438109	6000000003892778428
Q438124	6000000017728231803
Q438127	6000000026226124069
Q438129	6000000013536583058
Q438131	6000000004547523362
Q4381376	6000000007158446145
Q4381410	6000000001981236324
Q4381469	6000000100854069207
Q4381482	6000000002590186471
Q4381658	6000000007463126125
Q438167	6000000008114211352
Q4381688	6000000098078497903
Q4381809	6000000069240803222
Q438185	6000000026667326462
Q438194	6000000064197310063
Q4381975	6000000006704733017
Q438200	6000000017132368767
Q4382246	6000000205318674845
Q4382287	5241572654970065608
Q4382323	6000000001813919714
Q438248	6000000044136387936
Q438275	6000000012664673760
Q438286	6000000001475633143
Q4382879	6000000007360230661
Q438302	6000000017720103957
Q438317	6000000103852203008
Q438322	6000000020275601541
Q4383225	4541094
Q438329	6000000015115027255
Q438336	6000000016509193737
Q4383407	6000000030818177255
Q4383454	6000000044639310050
Q438346	6000000007417531890
Q438349	6000000016638666189
Q438350	6000000007417839309
Q4383502	6000000000001434040
Q4383537	6000000012824142109
Q4383543	6000000003389040124
Q438356	6000000035943742640
Q438363	6000000020276731980
Q438376	6000000054714169174
Q4383990	6000000092107786242
Q438409	6000000008423566489
Q438413	6000000092657117902
Q43841350	6000000009947997478
Q438416	6000000016948161259
Q438428	6000000176373015843
Q438438	6000000014209637296
Q4384403	6000000069595112821
Q438444	6000000001345041433
Q438445	6000000077110432405
Q4384462	6000000019949207215
Q4384688	6000000173929402380
Q4384717	6000000007910156340
Q438472	6000000009939069857
Q4384724	6000000059403368852
Q4384727	6000000003700776950
Q438478	867322
Q438481	6000000001229960975
Q4384881	6000000012723941270
Q4384890	6000000028006042264
Q4384891	6000000018501108439
Q4384892	6000000012961811300
Q4384954	6000000026815920868
Q438498	6000000145025307916
Q4385151	6000000026201544810
Q4385160	6000000156872732202
Q438526	6000000113497477905
Q4385260	6000000015973419960
Q4385280	6000000224562434950
Q4385311	6000000093913496980
Q438540	6000000083618363839
Q438542	6000000161857497838
Q4385579	6000000002188536302
Q438558	6000000000003320722
Q4385615	6000000184630686983
Q438573	6000000000275216303
Q438574	6000000004149528309
Q438578	6000000024323534373
Q43858	6000000152198894867
Q4385858	6000000022912845210
Q4385902	6000000000156942836
Q438604	6000000030367718005
Q438608	6000000183302708865
Q438609	6000000076411012877
Q438610	6000000039214922344
Q438615	6000000014294679770
Q4386205	6000000079499644993
Q438637	6000000007562845898
Q438641	6000000037631977402
Q438644	6000000034338531881
Q438662	6000000009938323165
Q438670	6000000014857553779
Q438670	6000000207607124856
Q4386725	6000000112343928175
Q438676	6000000178257614853
Q438681	6000000003464720050
Q4386895	6000000122574291848
Q4386898	6000000019429343499
Q438712	6000000091005795874
Q4387177	6000000025424358252
Q4387177	6000000214195499830
Q4387244	6000000007357902915
Q4387246	4083752844680032789
Q438725	6000000015073961142
Q4387251	6000000024178499969
Q4387253	6000000013929730694
Q4387267	6000000006770066297
Q43873463	6000000003197366637
Q43874	6000000017596638155
Q438744	6000000038239546379
Q438750	6000000036764450703
Q43875418	6000000027665542447
Q43875429	6000000000520675211
Q438768	6000000006859126032
Q438786	6000000009851476847
Q438792	6000000018920637026
Q438802	6000000008427788339
Q4388157	6000000036983916242
Q43881840	6000000023770040438
Q4388292	6000000015176948966
Q438839	6000000184539520830
Q438848	6000000041467487278
Q438850	6000000080804423939
Q43887	6000000161442080892
Q4388724	6000000019146647226
Q4388895	6000000019856596488
Q438892	6000000108844865857
Q4388950	6000000059315149930
Q43890381	6000000076700899075
Q438907	6000000015951791993
Q438913	6000000055930084139
Q438920	6000000057653198909
Q438924	6000000021428759404
Q4389258	6000000065129734085
Q438926	6000000145220097970
Q43892718	328101053620001071
Q438932	6000000024510035081
Q438942	6000000143251515853
Q4389434	6000000181275753847
Q4389453	6000000021229730214
Q43895	6000000009654918872
Q438956	292242756450007573
Q4389601	6000000006444200362
Q4389604	6000000012920709567
Q4389632	6000000069432254834
Q4389647	6000000182534866852
Q4389660	6000000084203498439
Q4389662	6000000221156680821
Q4389752	6000000051345969179
Q43899750	6000000022798718966
Q4389976	6000000030163161248
Q43899851	4924875649300067216
Q43899859	6000000067817945889
Q43899912	6000000000197141840
Q4390024	6000000003701532397
Q43900984	305147439120007150
Q4390110	6000000026174746171
Q43902	6000000010027871695
Q439022	6000000026709772826
Q43902583	6000000006127346339
Q439043	6000000018703828074
Q439046	6000000067243858112
Q439049	390330428220007671
Q439054	6000000082364529002
Q4390566	6000000103193289993
Q43906279	6000000006127705963
Q439066	6000000183182943827
Q4390764	6000000028808795938
Q439081	6000000141069991980
Q4390836	6000000021565938935
Q4390886	6000000017005261295
Q4390912	6000000008319405940
Q4390934	6000000081429029882
Q439094	6000000050882737074
Q439095	6000000026533503710
Q4390956	6000000026311050324
Q439102	6000000011918864625
Q4391028	6000000082039629974
Q4391034	6000000004994395283
Q4391035	6000000010762307225
Q4391041	6000000049184965919
Q4391054	6000000037832382141
Q4391055	6000000012653120593
Q4391058	6000000180212756823
Q43910750	6000000145383316862
Q439111	6000000015909106901
Q4391119	6000000222576480845
Q4391155	6000000031933224957
Q4391158	6000000194097008867
Q4391162	6000000109337108872
Q439117	6000000035816322696
Q4391172	6000000109337110871
Q43911859	6000000021823746720
Q43912065	6000000081984424333
Q43912250	6000000014013487956
Q4391227	6000000039668717217
Q439123	6000000020553271766
Q4391231	6000000017623574832
Q43912571	6000000029575083640
Q43912575	6000000017434667556
Q4391317	6000000007177575280
Q4391321	6000000014691835353
Q4391322	6000000020421925843
Q4391337	6000000012346549389
Q439136	6000000001306620995
Q43914454	6000000017226795843
Q43914827	6000000003762337343
Q4391483	6000000075325250013
Q4391491	6000000023434642267
Q43915195	6000000022178260211
Q43915407	6000000003615703235
Q43915575	6000000006290586223
Q439156	6000000015178262427
Q4391566	6000000017747205313
Q439167	299309491800004317
Q43917	6000000013071253333
Q4391715	6000000209820380848
Q439174	6000000025014080636
Q4391814	6000000006644748001
Q43918214	6000000049004544845
Q4391858	6000000197727649857
Q439195	6000000002118538148
Q4391952	6000000004662663699
Q439198	6000000076893714060
Q4391997	6000000037367150167
Q439204	6000000074427308824
Q4392070	6000000004012966577
Q4392090	6000000021489239043
Q43922	6000000027473603248
Q4392221	6000000008630249675
Q4392223	6000000004380749332
Q4392306	6000000078040172118
Q439234	6000000149922914866
Q4392356	6000000087502862902
Q4392389	6000000015791620810
Q4392403	6000000093360436840
Q4392448	6000000001981431020
Q439249	6000000034707442188
Q4392601	6000000032755834731
Q4392604	6000000003256540199
Q4392633	6000000129703212865
Q4392660	6000000040328658289
Q4392670	6000000023403072328
Q4392723	6000000007523803290
Q4392725	6000000016047437302
Q4392726	6000000026798961797
Q4392747	6000000109020090930
Q4392762	6000000017025846292
Q4392841	6000000178350926829
Q43928546	6000000006257881088
Q439288	6000000025722370666
Q439314	6000000040612813416
Q43932	6000000043745980876
Q4393250	6000000011420826384
Q4393256	6000000020829522417
Q4393260	6000000053354101379
Q4393264	6000000012615253166
Q4393295	6000000042438294614
Q4393451	6000000009930358927
Q4393452	6000000009931315259
Q4393454	6000000009927055861
Q439346	6000000031657545852
Q4393461	6000000007605460277
Q439355	6000000033211622670
Q4393566	6000000018079612479
Q439365	6000000143181093992
Q43936776	6000000016899194310
Q439370	3987587199200034794
Q439385	6000000088574773023
Q4393865	6000000017220190858
Q4393875	6000000112903270828
Q439389	6000000032363297160
Q43942	6000000006843257663
Q4394205	6000000012489435633
Q4394214	6000000012489728225
Q4394258	6000000011571243390
Q4394263	6000000079829136763
Q4394264	6000000018548668404
Q4394302	6000000020010426259
Q4394367	6000000024521228547
Q4394452	6000000017081944125
Q4394472	6000000079546883226
Q4394602	6000000211913468823
Q4394645	6000000036882034902
Q4394670	6000000007600954946
Q4394687	6000000015698160197
Q43947473	6000000017999307130
Q43948037	6000000121176594057
Q43948044	6000000031006390233
Q43948063	6000000007273399130
Q4394814	6000000009898839112
Q4394909	6000000035260279030
Q4394920	6000000205142900822
Q4394921	6000000051361916832
Q4394926	6000000013631509735
Q4394930	6000000042680315577
Q4394938	6000000013661581871
Q4394948	6000000019195795622
Q4394975	6000000027912743287
Q43950	6000000040057929123
Q4395066	6000000017527199636
Q4395080	6000000017814086295
Q4395105	6000000002734991333
Q4395110	6000000012339931379
Q439522	6000000020917935397
Q43954	6000000088825389956
Q4395460	6000000078197009343
Q4395498	6000000032264764695
Q4395698	6000000001745022008
Q439570	6000000084799597477
Q4395708	6000000017159932794
Q4395836	6000000037123287046
Q4396290	6000000029497137902
Q439632	6000000101456553844
Q4396342	6000000022911945847
Q4396423	6000000083603857821
Q4396430	6000000194808600830
Q4396438	6000000076391235825
Q4396493	6000000009188983842
Q4396494	6000000016117573506
Q4396495	6000000016738247134
Q4396497	6000000030624665164
Q4396498	6000000009189140977
Q4396503	6000000011644848821
Q4396504	6000000008500885992
Q4396510	6000000011493563231
Q4396516	6000000027990109032
Q4396520	6000000023361166494
Q4396530	6000000122498148892
Q4396533	6000000051327484306
Q439655	6000000006831806766
Q4396550	6000000008243526057
Q4396575	5176304312170037659
Q4396576	6000000209821808832
Q439661	6000000014748058636
Q4396610	6000000046290164932
Q439662	6000000021954509018
Q4396620	6000000012210816107
Q439668	6000000006824407384
Q439669	6000000002799082918
Q439693	6000000037599656821
Q4397044	6000000014060425159
Q439709	6000000014482186026
Q4397150	6000000000043915420
Q4397164	6000000194510261822
Q4397183	6000000209822621846
Q4397221	6000000002188612883
Q4397226	6000000022094076869
Q4397242	6000000022094228984
Q439729	6000000032311778944
Q4397363	6000000018906140074
Q4397557	6000000008295832541
Q4397581	6000000008276612748
Q439761	6000000006423107010
Q4397676	6000000064679001162
Q439768	6000000074792673885
Q4397686	6000000024416158761
Q43976892	6000000011851639393
Q43977	6000000036670670064
Q439774	6000000019303221800
Q439787	6000000010908234442
Q4397895	6000000054842121892
Q4397913	6000000185161988065
Q439794	6000000019302853703
Q4398191	6000000084828963261
Q439832	6000000031285368479
Q439841	6000000000785303633
Q43984695	6000000005584708521
Q43985256	6000000034535881841
Q4398545	6000000025695714979
Q43987433	6000000065048343287
Q4398745	6000000028276872361
Q439878	6000000044832911842
Q43987848	6000000142892187832
Q439879	6000000077119638863
Q4398831	6000000083541126098
Q4398833	6000000083540999121
Q4398875	6000000103844059839
Q4398876	6000000002752094056
Q43989	6000000010908111622
Q4398940	6000000194225251842
Q4398974	6000000146503453929
Q439901	6000000057336200912
Q439909	6000000012419294588
Q4399123	6000000211720296836
Q43991834	6000000044171788774
Q439920	6000000171502264858
Q439927	6000000027345355355
Q43992826	6000000032584737040
Q43993432	6000000060809928933
Q4399388	6000000099604226850
Q43994	6000000014975101896
Q4399495	6000000151126015897
Q439950	6000000006051624001
Q439955	6000000031933719539
Q439962	6000000015892175503
Q439965	6000000179374270887
Q4399816	6000000087121481848
Q4399818	6000000029497067006
Q4399819	6000000029497052140
Q439984	6000000012020373577
Q4399848	6000000000387113873
Q4399848	6000000121088594852
Q4399856	6000000039496758835
Q4399874	6000000020532976225
Q439989	6000000001355883247
Q440	4326070117670031618
Q4400084	6000000017929570727
Q4400095	6000000013269651886
Q440020	6000000016435253426
Q44003	6000000009503350243
Q440033	6000000080625077036
Q440043	6000000006821836647
Q440057	6000000017168194934
Q440058	6000000113446412838
Q440061	6000000008447973246
Q440064	6000000029011724259
Q440069	6000000173094246700
Q44007	6000000035913435816
Q440073	6000000041869808970
Q4400802	6000000010051872300
Q440086	6000000166917069864
Q44008800	6000000001313784403
Q44008864	6000000018238654488
Q4400978	6000000004079807324
Q440098	6000000007363914201
Q4401017	6000000019357201370
Q440102	6000000028183121244
Q44010765	6000000013354814695
Q4401157	6000000169026991220
Q440117	6000000020866851432
Q4401194	6000000021412647051
Q440121	6000000056020042962
Q440141	6000000002334801373
Q440145	6000000020320400037
Q4401542	6000000000426657900
Q4401622	6000000067831224113
Q440166	6000000013722357845
Q4401723	6000000017709677053
Q44018	6000000023107016046
Q4401995	6000000084151105401
Q4401998	6000000019961603215
Q4402010	6000000006165367173
Q440203	6000000034590276524
Q440206	6000000013552156863
Q4402153	6000000071031717797
Q4402255	6000000017652886228
Q4402335	6000000051395169868
Q440237	6000000081071058022
Q440246	6000000034540148124
Q4402481	6000000018068354473
Q440256	6000000006194660451
Q4402737	6000000084148879901
Q440276	6000000022245076846
Q4402791	6000000028560817016
Q4402838	6000000062358157862
Q44029533	6000000018870819006
Q440298	6000000009717479760
Q440303	6000000039424715537
Q440306	6000000003512244481
Q440310	6000000023025806320
Q440319	6000000019279088165
Q44032	6000000024613413973
Q440321	6000000060001721957
Q440324	6000000082506480823
Q440333	6000000060713894948
Q44033433	6000000076346896898
Q440339	6000000013346121536
Q4403430	6000000030791202646
Q440346	6000000018948987191
Q4403524	6000000025633023376
Q440353	6000000075727162845
Q4403531	6000000036859976915
Q4403532	6000000004229085728
Q4403536	6000000036859817032
Q4403557	6000000017806660804
Q4403598	6000000018506218868
Q440360	6000000012386043553
Q4403601	6000000007891317265
Q4403609	6000000027377082827
Q4403617	6000000007891162062
Q4403727	6000000048348032888
Q440376	5531168433330049946
Q4403810	6000000194793023872
Q440388	6000000019093519556
Q44039	6000000003219746019
Q440398	6000000002188524350
Q440401	6000000078118030977
Q440404	6000000014357542393
Q4404049	6000000086715207021
Q4404087	6000000020358443803
Q4404102	6000000153261126885
Q440412	6000000000033153444
Q4404123	6000000036502699536
Q440415	6000000185230595822
Q4404173	6000000193725191941
Q4404234	6000000215200923822
Q4404288	6000000011205423189
Q440434	6000000013229702612
Q44043610	6000000049523454005
Q4404394	6000000008292125005
Q440442	6000000007961366594
Q440458	6000000002188496251
Q440461	6000000041238351981
Q440465	5294756426260132144
Q4404896	6000000074788746327
Q440490	6000000021266421588
Q4405043	6000000018388469498
Q4405054	6000000018388443101
Q4405147	6000000178982286946
Q4405219	6000000001557437016
Q4405237	6000000006602145013
Q440526	6000000013699915523
Q4405278	6000000002225004288
Q44054	6000000072895816845
Q4405404	6000000032395592936
Q440543	6000000007890794646
Q4405451	6000000014266086799
Q44054599	6000000175075998822
Q4405475	6000000059098573834
Q44054855	6000000016906073130
Q44054872	6000000014720060475
Q4405514	6000000000274732180
Q4405525	6000000051663534206
Q4405560	6000000006767952387
Q4405571	6000000158318137893
Q44056235	6000000002188601624
Q4405658	6000000027687556692
Q440576	6000000003275669566
Q4405834	6000000103697369831
Q440590	6000000007417400112
Q44059376	6000000002188604025
Q44059427	6000000014192018419
Q44059558	6000000088861894862
Q4405973	6000000023158543577
Q4405992	6000000015510453280
Q440600	6000000221099412015
Q4406004	6000000108710635102
Q440602	6000000020918539933
Q440604	6000000027802349360
Q4406040	6000000024596258063
Q4406044	6000000006706037170
Q4406047	6000000007145772260
Q4406053	6000000007113700836
Q4406054	6000000018978097351
Q4406056	6000000006768126742
Q4406058	6000000046453329970
Q4406060	6000000006775565247
Q440607	6000000020022837471
Q44061	6000000003449506161
Q4406139	6000000080310767890
Q4406208	6000000177491898822
Q44063	6000000010103691022
Q440631	6000000002801149338
Q440642	6000000020022978961
Q4406437	6000000031005617993
Q440647	6000000020033286030
Q440654	6000000020033767903
Q4406611	6000000009513720476
Q4406688	6000000037384129113
Q440671	6000000003571217319
Q4406738	6000000005229038372
Q440675	4086018212640033026
Q4406790	6000000024640077258
Q44068	6000000176773746867
Q44068681	6000000026461238309
Q4407015	6000000018568976347
Q44071	6000000064499787897
Q440723	6000000107851404847
Q440728	6000000001951795183
Q4407399	6000000067741896061
Q4407460	6000000157276852879
Q44075992	6000000017206417935
Q44077	6000000015204867275
Q44077835	6000000017206826572
Q440779	3657598
Q440782	6000000096882709886
Q4407963	6000000055075197854
Q4407966	6000000124333409848
Q4408025	6000000175617942850
Q4408059	6000000008415602854
Q440806	6000000032806788049
Q440809	6000000015806813199
Q4408252	6000000063799304879
Q4408564	6000000021439564698
Q440857	6000000020627139388
Q44086	6000000020723470392
Q4408628	6000000126218377836
Q440882	6000000012872251204
Q440885	6000000039922133432
Q4408894	6000000037493006090
Q4408898	6000000017024602972
Q4408937	4313395053150043675
Q4408942	6000000019965574442
Q440896	6000000179933944882
Q4408990	6000000024888670310
Q440907	6000000017164943435
Q4409130	6000000028729821716
Q440922	6000000014197961306
Q4409271	6000000068023964193
Q4409280	2364306
Q440932	6000000007955141787
Q440935	6000000177936300822
Q440946	6000000012180249999
Q440948	6000000002789266341
Q4409533	6000000053042417990
Q4409586	6000000025608400849
Q4409672	6000000000127436371
Q44096940	6000000172971671976
Q44096983	6000000178924901821
Q44097	6000000068557626842
Q4409724	6000000007184836787
Q440982	6000000037648566041
Q440987	6000000000402282515
Q4409938	371099020080013971
Q4409941	6000000024167058891
Q4409955	6000000171813354292
Q4409959	6000000035197907967
Q44100137	6000000056592331923
Q44100191	6000000037672488718
Q441003	6000000027707532032
Q4410074	6000000023780439782
Q4410083	6000000196268139075
Q4410111	6000000006952303256
Q4410125	6000000083999921825
Q44101674	6000000035662141840
Q4410223	6000000026745410477
Q44103	6000000014328604250
Q44105	6000000029776277231
Q4410513	6000000014294278003
Q4410517	6000000208305437841
Q4410540	6000000039648363873
Q44105606	6000000017864544075
Q4410592	6000000034161665334
Q441060	6000000089456461970
Q441063	6000000215756399871
Q44107	6000000109302427945
Q441072	6000000000476583086
Q4410751	6000000014061473209
Q441078	6000000094119537336
Q441086	6000000166031977824
Q4410924	6000000014263123186
Q4410927	6000000012489447937
Q4410933	6000000000314315694
Q4410970	6000000000099938506
Q44109754	6000000010331166138
Q4410996	6000000000904678525
Q441102	6000000036245972613
Q44110660	6000000023039176561
Q44111	6000000014168642104
Q441112	6000000132869924870
Q4411129	6000000150515962219
Q441117	6000000000328894126
Q4411177	6000000007172372790
Q4411191	6000000005627842001
Q4411201	6000000051891501821
Q4411229	6000000022818716436
Q441124	6000000035637313834
Q4411288	6000000026491678542
Q4411307	6000000032006241209
Q44113076	6000000001069642321
Q4411348	6000000020238734574
Q4411433	6000000000391432270
Q4411451	6000000004170086254
Q4411468	6000000002914134704
Q4411489	6000000002410574551
Q441154	6000000011274349087
Q4411621	6000000011643678932
Q4411621	6000000157692266878
Q4411743	6000000004001752229
Q441178	6000000054423623889
Q441183	6000000000890425176
Q4411847	6000000019874748847
Q441185	6000000000493560961
Q4411863	6000000027610317199
Q4411960	6000000038292632127
Q4411986	6000000015268888886
Q441203	6000000173130314120
Q441207	6000000051870546460
Q44122	6000000016937223327
Q4412230	6000000194236224839
Q4412237	6000000038820376062
Q4412255	6000000000075672071
Q441226	6000000050504702868
Q4412285	6000000019907940721
Q4412304	6000000003808160775
Q4412327	6000000166042247822
Q44123310	6000000035267155382
Q441238	6000000055569649240
Q44124164	6000000030271135282
Q441251	6000000003232543453
Q4412539	6000000009545071301
Q441254	6000000211565475822
Q4412561	6000000120544109047
Q4412573	6000000034643897839
Q4412599	6000000002209142892
Q4412615	6000000000879841438
Q4412755	6000000002370612007
Q4412817	6000000180865907855
Q4412821	6000000098029441240
Q44129005	6000000002965427194
Q4412909	6000000021319651127
Q441291	6000000051210636122
Q4412998	6000000002799014557
Q4413049	6000000000502260578
Q4413076	6000000148624273862
Q4413099	6000000005734981761
Q44131	6000000167688196832
Q4413119	6000000049991599852
Q4413165	6000000006613944002
Q4413193	6000000206087680848
Q441330	6000000004189720792
Q4413339	6000000009209527889
Q4413438	6000000057601922826
Q4413443	6000000070742966169
Q44137	6000000085285081747
Q441371	6000000000461812191
Q441378	6000000018695724839
Q4413801	6000000046927784166
Q441382	6000000002963642867
Q441388	6000000133887346044
Q4413883	6000000197063675853
Q441414	6000000121395226889
Q441439	6000000017306964339
Q44144	6000000026341490646
Q4414662	6000000035666329172
Q441479	6000000106663278066
Q4414806	6000000009911790082
Q441494	6000000161442245864
Q4415063	6000000178899833851
Q4415064	6000000178901618821
Q4415106	6000000034816420641
Q441515	6000000003220815036
Q441518	6000000001292738402
Q441524	6000000018456914286
Q441528	6000000041661518249
Q441536	6000000020038739043
Q4415363	6000000215637059834
Q441537	6000000015663404292
Q441539	6000000000463273462
Q4415406	6000000018464786962
Q441546	6000000020037627543
Q44155020	314609092040001429
Q44155245	6000000018233188142
Q441554	6000000014726600989
Q44155416	6000000002659644403
Q4415557	6000000209485134823
Q44155717	6000000008057369998
Q44156006	6000000172735083068
Q4415608	6000000008327030361
Q441561	6000000013245175207
Q4415614	6000000012349431545
Q441562	6000000001350434195
Q441566	6000000003266540879
Q4415715	6000000008528169595
Q4415717	6000000182076536838
Q4415737	6000000011197147707
Q4415741	6000000017477792771
Q4415744	6000000014060524084
Q4415841	6000000031098055424
Q4415867	4489503689740061362
Q4415886	4489738801690077375
Q441634	6000000076475414857
Q441641	6000000178610704824
Q4416500	6000000014961374556
Q4416645	6000000018086650666
Q4416647	6000000032649858055
Q4416693	6000000180535346880
Q4416766	6000000200885832822
Q4416835	6000000224141629899
Q441687	6000000015325074768
Q44170	6000000069160476864
Q441713	6000000009545004594
Q4417152	6000000143908081946
Q44171533	6000000221335995836
Q441716	6000000013715702325
Q441720	6000000077417701210
Q441730	6000000018853335427
Q441738	6000000010638199342
Q4417555	6000000151019352822
Q44176	6000000004139570474
Q441764	6000000042173358665
Q4417671	6000000199665062882
Q441772	6000000007234207509
Q441777	6000000020036954064
Q4417816	6000000034084181560
Q441783	6000000021569022356
Q441796	6000000020024606135
Q4418010	6000000059164269902
Q441804	6000000020035132036
Q4418063	6000000016950384214
Q441807	6000000001915771194
Q44181277	6000000131556115858
Q441814	6000000046711421852
Q441815	6000000011128555946
Q44181934	6000000027430630317
Q441820	6000000020024654816
Q441824	6000000021024237013
Q441825	5097112928820032594
Q44183	6000000014674435345
Q441832	6000000013385404129
Q441833	6000000021029224716
Q441838	6000000015390508426
Q4418395	6000000063878558821
Q44183990	6000000027430409483
Q441843	6000000156418832835
Q4418445	6000000024387899922
Q4418450	6000000015211723366
Q441848	6000000025265144731
Q441852	6000000177046564839
Q441864	6000000008874003686
Q4418661	6000000181057879856
Q4418695	6000000017192418681
Q44187	6000000059562413969
Q4418706	6000000083205887981
Q441874	6000000008457691773
Q4418852	6000000180415412830
Q441889	6000000008923270029
Q441891	6000000044380435569
Q441899	6000000017266760970
Q4419083	6000000008763414569
Q44191269	6000000003827477974
Q44191437	6000000001412926593
Q44191443	6000000027492362032
Q44191515	6000000020616553188
Q4419152	6000000038073412993
Q44191808	6000000015405763886
Q44191813	6000000015224668995
Q44191895	6000000006600002753
Q44191898	6000000022696757730
Q441919	6000000026587992332
Q44192051	6000000003827467345
Q4419206	6000000180992070821
Q44192113	6000000016364614701
Q44192177	6000000011771829869
Q44192229	6000000016364622708
Q44192244	6000000016296508553
Q44192252	6000000016295472724
Q44192307	6000000003827477176
Q44192423	6000000009223611022
Q44192477	6000000003827890294
Q44192486	6000000016301306012
Q44192492	6000000002188461979
Q44192606	6000000009959730595
Q44192620	6000000032131497536
Q44192737	6000000014516770346
Q44192741	6000000004367021080
Q44192767	6000000025650926334
Q44192771	6000000025002007003
Q4419334	6000000001354642154
Q441935	6000000065064115866
Q44193521	6000000019412759798
Q4419380	6000000014069429953
Q4419407	6000000161868286823
Q441941	6000000042362020108
Q4419444	6000000013266535455
Q441947	6000000141025414821
Q44194785	6000000010866244502
Q441952	6000000176089166834
Q4419594	6000000050928429981
Q4419686	6000000025862949838
Q44197	6000000003710431466
Q4419758	6000000084073581081
Q441976	6000000000212632326
Q441984	6000000039351490530
Q4419843	6000000040597432624
Q4419866	6000000081243970002
Q4419898	6000000010888345895
Q441991	6000000017535860058
Q441993	6000000145971912825
Q441996	6000000047017079001
Q441997	6000000026026050352
Q4419992	6000000015118939533
Q44200	6000000010894444446
Q4420005	6000000079588964969
Q4420006	6000000182814226840
Q4420064	6000000006769381889
Q442009	6000000015292302720
Q4420120	5246221803860128946
Q442014	6000000033580805985
Q4420160	6000000007496715960
Q442017	6000000016385024784
Q442020	6000000156194007866
Q442026	6000000043429951230
Q4420296	6000000146825688153
Q442032	6000000002656410034
Q442033	6000000003122427515
Q442034	6000000033579646039
Q442044	6000000028949478309
Q442050	6000000017463805850
Q442053	6000000077447711354
Q442056	6000000017062753543
Q4420676	6000000071624499013
Q442073	6000000021023201504
Q4420753	6000000071112194712
Q442080	6000000021028767764
Q442086	6000000033579135820
Q44209229	6000000008879386021
Q442098	6000000018526461202
Q442104	6000000003940678404
Q44210713	6000000000843603206
Q442108	6000000001504718841
Q442111	6000000028124987090
Q442124	6000000067157510160
Q442125	6000000015286920920
Q44213051	6000000003185864194
Q442138	6000000016428655796
Q44214120	6000000085535390334
Q44214492	6000000066507574828
Q4421471	6000000051405245997
Q4421510	6000000008099474774
Q4421511	6000000033599805728
Q4421512	6000000007416905812
Q4421513	6000000008101622824
Q4421514	6000000026311234179
Q4421517	6000000085102176033
Q4421550	6000000059519378893
Q442159	6000000019908317794
Q4421590	6000000020409782578
Q4421612	6000000020817038853
Q44216265	6000000005401164005
Q442166	6000000010602745229
Q442167	6000000002764361074
Q442176	6000000080125086985
Q44217999	6000000189159885821
Q4421821	6000000143108386908
Q4421861	6000000011561272219
Q4421867	6000000018030388988
Q442187	6000000071995488898
Q442193	6000000008509706756
Q442195	6000000020957518850
Q4421982	6000000024409363941
Q4421983	6000000024408240662
Q4421983	6000000190046853462
Q442200	6000000015119139580
Q442202	6000000029717231690
Q44221	6000000003220381107
Q442213	6000000040689079933
Q4422155	6000000083231278997
Q442216	6000000011954972033
Q44221887	6000000070711201830
Q442228	6000000019732037135
Q4422293	6000000213079738825
Q442231	6000000021758387408
Q442232	6000000124637406323
Q4422332	6000000016141682832
Q44223788	6000000023680512993
Q4422490	6000000089372741991
Q442258	6000000001985468365
Q442262	6000000016772378555
Q4422633	6000000075849173125
Q4422638	6000000044236195213
Q4422700	6000000045183968882
Q4422702	6000000045683915175
Q4422775	6000000075113858821
Q442280	6000000027859813699
Q442284	6000000006597811083
Q4422862	6000000083537944923
Q442302	6000000110420025821
Q442309	6000000040257958933
Q442310	6000000092217716846
Q442313	6000000049946294900
Q4423223	6000000005023614225
Q442325	6000000026591267038
Q4423323	6000000111310499905
Q4423324	6000000001622190761
Q4423338	6000000065683305884
Q442340	6000000142722778822
Q442354	6000000016384812588
Q442357	5483876474820056964
Q442362	6000000033578680361
Q442368	6000000029882179401
Q442369	6000000021037121401
Q442373	6000000021035464989
Q442374	6000000030987226345
Q442379	6000000156548428902
Q442380	6000000021029389673
Q4423819	6000000006167478809
Q442393	6000000015298592103
Q4423941	6000000026117580889
Q4423944	6000000036792029690
Q4423962	6000000046841284904
Q442398	4779596232260022829
Q4424073	6000000039944549606
Q44241008	6000000020721133447
Q4424110	6000000189201054827
Q4424460	6000000210412807883
Q442447	6000000207292426903
Q4424586	6000000031013261847
Q44246324	6000000042087791620
Q442464	6000000052056132850
Q4424656	6000000053049903875
Q442471	6000000021035701924
Q4424769	6000000068217663856
Q4424796	6000000068218551269
Q44248	6000000165593718109
Q4424805	6000000077547577218
Q442481	6000000008995407389
Q4424822	6000000167322264858
Q4424877	6000000000307243800
Q4424913	6000000071898610947
Q442497	6000000000350950466
Q442498	6000000177397165838
Q442517	6000000000307287184
Q4425342	6000000166390374219
Q4425344	6000000166390491314
Q442535	6000000041279918180
Q4425422	6000000175625528851
Q442549	6000000009646218621
Q4425604	6000000178151269895
Q4425741	6000000015798579699
Q4425773	6000000143973266014
Q442581	6000000015636808230
Q442587	6000000001504298753
Q442592	6000000006796485035
Q44261412	6000000020652388070
Q442617	6000000084861140130
Q442621	6000000015422834244
Q4426215	6000000000262875486
Q442622	6000000007555318319
Q44262377	6000000021478493712
Q442628	6000000018657501060
Q442632	6000000000952692878
Q4426480	6000000011160499418
Q44264800	6000000186626870967
Q442656	6000000177102208859
Q442658	6000000085354561121
Q442663	6000000014865594388
Q4426750	6000000013885631245
Q4426756	6000000010620184715
Q442679	6000000158198419822
Q442681	6000000001504907633
Q4426857	6000000190034141840
Q4426865	6000000113475020821
Q4426868	6000000200190919862
Q4426871	6000000113469851821
Q442689	6000000027258841575
Q442696	6000000036255264401
Q442697	6000000080622806384
Q4427179	6000000060503205058
Q442721	6000000184302157839
Q4427219	6000000053051583838
Q4427252	6000000222182220121
Q442728	6000000075425356887
Q442729	6000000000476126011
Q442730	6000000024460398789
Q4427460	6000000014644531139
Q4427473	6000000208372172899
Q442759	6000000001602586483
Q442774	6000000072036349917
Q4427747	6000000011980266671
Q4427877	6000000210413541849
Q44279	6000000003043226679
Q442791	6000000036737260809
Q442801	6000000065491159857
Q44281	6000000008717279158
Q442818	6000000017260669603
Q4428281	6000000172245716844
Q442830	6000000022521822633
Q442839	6000000039976978928
Q442841	6000000024552071044
Q442844	6000000178203908832
Q442854	6000000117764244874
Q4428562	6000000040045266441
Q4428691	6000000002406978999
Q4428698	6000000006146860767
Q4428788	6000000024431122686
Q4428831	6000000032053294158
Q4428885	6000000008829170805
Q442896	6000000035022154377
Q44289926	6000000042589473483
Q44290003	6000000006157296282
Q442902	6000000023414597260
Q44290318	6000000118005314898
Q44292	6000000087155506825
Q4429328	6000000002660035257
Q4429461	6000000056988561051
Q44295058	6000000000276068486
Q442951	6000000032323715373
Q442956	6000000028361071989
Q442963	6000000004025817796
Q44296332	6000000025513710536
Q442972	6000000017433902591
Q442973	6000000063016693865
Q4429763	313669441730005798
Q442978	6000000019058600780
Q442991	6000000008407724027
Q4430043	6000000014926779034
Q44301	6000000012915017855
Q4430103	6000000221084387839
Q443015	6000000026404060023
Q443030	6000000014534331261
Q4430400	6000000018515013790
Q443044	6000000066093561375
Q44304487	6000000015490634654
Q443047	6000000043291256634
Q443050	6000000039590591415
Q443055	6000000028109434306
Q443059	6000000039998310196
Q44306	6000000009868154401
Q443062	6000000034953297883
Q4430633	6000000084835477294
Q4430666	6000000053643091272
Q4430683	6000000008900099202
Q443078	6000000006727741365
Q44308289	6000000019547788278
Q443085	6000000021327591465
Q443088	6000000009628226906
Q443093	6000000040099097938
Q443096	4847383728210018606
Q4431041	6000000013485118584
Q4431046	6000000051658598171
Q4431047	6000000207964959825
Q443119	6000000002188466450
Q443120	6000000041907560203
Q443121	6000000041236467820
Q4431249	6000000014587296065
Q44313	6000000052757034858
Q443131	6000000002704983870
Q443132	6000000012580312912
Q443136	6000000022731854011
Q44315528	6000000005071176972
Q443156	6000000034315874531
Q443189	6000000024557718193
Q44319	5293715035170060525
Q443215	6000000006438950085
Q4432203	6000000012840274034
Q443225	6000000027853985257
Q44323	6000000012427550739
Q443254	6000000141019804847
Q44328	6000000009816939528
Q443284	6000000017209708569
Q44329	6000000015205109208
Q443290	6000000001515220437
Q44331	6000000007014044143
Q443317	6000000114780663991
Q443325	6000000026268161244
Q443333	6000000017709557666
Q443356	6000000156138097874
Q443361	6000000012840473329
Q443370	6000000028887931359
Q443371	6000000015792984202
Q443397	6000000015240941219
Q443401	6000000097146807867
Q443403	6000000073724867840
Q443407	6000000002404514826
Q443417	6000000002188434455
Q443419	6000000017709677302
Q443428	6000000063555360827
Q443436	6000000039647598470
Q44344095	6000000012481831915
Q443450	6000000017709200709
Q443455	6000000059461028833
Q443459	6000000180430088891
Q4434902	6000000017460722270
Q443495	6000000173482344081
Q443498	6000000031560432990
Q443523	6000000002718031251
Q443528	6000000014670146233
Q44354	6000000057303788412
Q443540	6000000108582114824
Q443559	6000000168844180832
Q443561	6000000001051317028
Q443575	6000000027586426719
Q443578	368239284210011279
Q443585	6000000028339688699
Q443591	6000000061505316021
Q443607	6000000000118145779
Q44361	6000000003232543947
Q44362	6000000176172888890
Q443621	6000000032479952421
Q443631	6000000047326904094
Q443640	6000000035964734213
Q443649	5422129804410074546
Q443655	6000000015120861352
Q443662	6000000170832237825
Q443664	6000000015270038059
Q443665	6000000012630036553
Q44368	6000000036725778776
Q443705	6000000036856064055
Q443708	6000000069197513263
Q44371	6000000056015833880
Q443721	6000000032936833919
Q443732	6000000152222691861
Q44374	6000000078884687987
Q44374323	6000000026667346119
Q44374562	6000000097120722964
Q44375177	6000000014609428345
Q44375729	6000000113308148012
Q443766	6000000022476402043
Q443777	6000000013613484017
Q443780	6000000018828292030
Q443782	6000000026327374213
Q4437914	6000000039977193978
Q443795	6000000055563272829
Q443797	6000000008725660856
Q44380	6000000046233085894
Q44383	6000000143789053825
Q443831	6000000024305378926
Q443839	6000000026164175931
Q443866	6000000015417512292
Q443870	6000000013441208646
Q443876	6000000006727805422
Q443879	6000000000986027584
Q4438801	6000000037084570984
Q4438885	6000000010307899216
Q4438888	6000000052519244881
Q443889	4303229933720068790
Q4438922	6000000030794347116
Q443904	6000000011998963563
Q443914	6000000026130444244
Q4439171	6000000050613156016
Q4439174	6000000139490294986
Q4439181	6000000015530367083
Q44393	6000000002188370949
Q443932	6000000014329915112
Q4439362	6000000037909619262
Q4439384	6000000014925695529
Q4439385	6000000130782203821
Q4439445	6000000088151983184
Q4439462	6000000054995069896
Q4439520	6000000004047584156
Q4439584	6000000042473460186
Q4439588	6000000025720255640
Q4439602	6000000013908993433
Q443963	6000000001660219423
Q443969	6000000006603241929
Q443970	6000000170072167957
Q443979	6000000212768577823
Q44397994	6000000022722382284
Q44398	6000000044268326955
Q443990	6000000008343733377
Q4439949	6000000017576951215
Q4439978	6000000017399341452
Q4439999	6000000194994451882
Q444	6000000020190874517
Q444001	6000000029862873251
Q444002	6000000048746641886
Q44400368	6000000155828031857
Q444009	6000000166557087023
Q444018	6000000007445767288
Q444026	6000000003446499867
Q44403	6000000002765656236
Q44405637	6000000020134963002
Q4440675	6000000051661756863
Q4440686	6000000078037807933
Q444072	6000000074868499823
Q4440808	6000000093591912858
Q444097	6000000173776710603
Q4441	5551541175480054780
Q44410	6000000026310518193
Q444106	6000000165883314827
Q444117	6000000178042845853
Q44412	6000000002452177016
Q444125	6000000006810287187
Q4441250	6000000015408631355
Q444130	6000000180544253865
Q4441325	6000000000129455080
Q4441326	6000000006410225247
Q44413521	6000000052271307046
Q444143	6000000136912858962
Q444158	6000000001383086011
Q4441623	6000000015837788910
Q4441633	6000000004642801004
Q4441634	6000000004645903219
Q444164	6000000007837363880
Q4441645	6000000118398618833
Q444174	6000000032102364348
Q444177	6000000008403623431
Q4441803	6000000051662911953
Q444182	6000000013443470466
Q4441863	6000000037310565765
Q444189	6000000003845478484
Q444202	6000000013540826738
Q4442392	6000000079628876315
Q44424612	6000000056821302892
Q4442571	6000000042126010184
Q4442572	6000000013601232879
Q4442588	6000000021788478148
Q44426	6000000020474583714
Q44426030	3022280
Q444270	6000000127717859146
Q444271	6000000078112878096
Q44428	6000000080937284719
Q444295	6000000184199079955
Q4442961	6000000015825149254
Q444297	6000000150858076879
Q4442985	6000000141949067936
Q4442992	6000000108387943821
Q4442993	6000000107612836821
Q4442995	6000000108269648831
Q4443	6000000109368520832
Q44430	6000000027803480913
Q444301	6000000047406630118
Q4443088	6000000006996501199
Q4443180	6000000030430199824
Q444319	6000000179020924902
Q4443192	6000000110565146836
Q4443201	6000000079144273062
Q4443249	6000000042536044895
Q444338	6000000002678263398
Q4443447	6000000068830319013
Q444347	6000000000699153539
Q44435096	6000000000634781956
Q444352	6000000010601254437
Q444356	6000000036273580472
Q4443581	6000000027948198718
Q44437	6000000003855369875
Q444371	6000000005576313629
Q4443799	6000000017829246016
Q444380	6000000003890732837
Q444383	6000000003287258346
Q4443937	6000000209716252851
Q4444020	6000000016409032345
Q4444056	6000000020574391167
Q4444059	6000000017926384151
Q444410	6000000009544425912
Q4444192	6000000135741862822
Q44442	6000000184441058875
Q4444212	6000000030607020211
Q4444229	6000000181199692827
Q4444259	6000000016484532879
Q4444263	6000000019104792548
Q4444265	6000000224903097054
Q4444266	6000000018397780505
Q4444269	6000000018049295453
Q4444270	6000000019104663985
Q4444271	6000000016483966679
Q444429	6000000057775580376
Q4444293	6000000032465141200
Q4444295	6000000032464897111
Q4444316	6000000010311397408
Q44443323	6000000004154483735
Q44443730	6000000035888968017
Q444438	5044788889500077656
Q4444391	6000000032231122083
Q44443916	6000000035888615621
Q4444393	6000000014802979266
Q4444400	6000000003638554025
Q444445	6000000007463030779
Q4444517	6000000124640766897
Q444455	6000000186175664823
Q44446	6000000010402754384
Q444466	6000000010858290203
Q4444731	6000000007397461704
Q4444742	6000000062702024206
Q4444767	6000000196408271823
Q4444787	6000000101139220914
Q4444804	6000000002188483657
Q4444833	6000000000769888209
Q4444842	6000000002187894974
Q4444892	717348
Q4444895	6000000025783945929
Q4444918	6000000027937005587
Q44449422	6000000010289699488
Q4445144	4838499509100012191
Q444518	6000000136192441821
Q444528	6000000007763374693
Q44453	6000000052710229909
Q4445333	6000000076685625825
Q444538	6000000003262636445
Q4445392	6000000008611938003
Q444550	6000000010220878378
Q444561	6000000011421179327
Q444566	6000000064600111028
Q444567	6000000004583500376
Q444571	6000000018859240070
Q4445719	6000000023215030390
Q4445757	6000000027744642933
Q444581	6000000030697726058
Q444588	6000000000442679050
Q444591	6000000030647209041
Q4445930	6000000004555893727
Q4445932	6000000025986036089
Q444599	6000000143328858903
Q444601	6000000022967868867
Q444609	6000000016867116574
Q44461	6000000010800798182
Q444616	6000000178554086835
Q4446337	6000000191239154831
Q4446339	6000000191239002836
Q4446505	6000000110262582890
Q444652	6000000027738287237
Q4446525	6000000224938669842
Q44465484	6000000118869826821
Q444660	6000000023709872132
Q44466307	6000000078274224888
Q444668	6000000000721010187
Q444671	6000000008725732746
Q4446712	6000000148420336829
Q4446736	6000000047048020009
Q444678	6000000041790076727
Q4446792	6000000044845716928
Q4446796	6000000012752398086
Q4446797	6000000016275303959
Q4446875	6000000007601481088
Q4446911	6000000006603939084
Q444699	6000000010917562051
Q4447227	6000000069639334840
Q44472792	6000000116848732047
Q44472811	6000000011671590394
Q44472827	6000000035803256853
Q44473	6000000012863894216
Q444733	6000000016298209238
Q444747	6000000020341078928
Q4447516	6000000017483380121
Q4447538	6000000017185360674
Q444764	6000000034394185921
Q4447753	6000000019410841701
Q444785	6000000015891593701
Q444788	6000000001915956166
Q4448	6000000076714784457
Q44481	6000000017137824406
Q44484784	4005130
Q4448485	6000000017495463666
Q44484896	6000000069429495169
Q444849	6000000025783738364
Q44485025	6000000104799538078
Q44485096	6000000015325735907
Q44485148	6000000015322879163
Q44485163	6000000015326275999
Q4448664	6000000009164216842
Q444867	6000000016748194198
Q444876	6000000006402717699
Q44488478	6000000022848405911
Q444885	6000000040469969245
Q444893	6000000010434678930
Q44490	6000000024321543421
Q444906	6000000026509886264
Q44490903	6000000025122831302
Q44491234	6000000025122673432
Q44491426	6000000025123267926
Q44491887	6000000001122284351
Q444926	6000000041790509841
Q4449358	6000000016576113015
Q4449358	6000000052443545921
Q4449369	6000000161640218878
Q444947	6000000010992758248
Q444952	6000000014118802047
Q444975	6000000184596473859
Q444983	5294598032510124047
Q4449846	6000000015953808344
Q44499104	6000000010172876413
Q44499332	6000000016698689551
Q444995	6000000002896872871
Q44500569	6000000094193586873
Q445009	6000000009108093453
Q44501702	6000000002455564163
Q445022	6000000006953209750
Q44502305	6000000008630274867
Q445024	6000000014883100605
Q445026	6000000003410483850
Q44503595	6000000002872968182
Q445045	4111017112810067794
Q445048	6000000025690262821
Q4450497	6000000118035099008
Q44505383	6000000002872986149
Q445056	6000000002188504764
Q445061	5294493014970050473
Q4450615	6000000022199304687
Q4450662	6000000007233157178
Q4450700	6000000018281428073
Q445073	5294696734550123378
Q4450733	6000000019736845154
Q445079	6000000041609750172
Q44508403	6000000002872819123
Q4450929	6000000176677254838
Q4450930	6000000010259931205
Q445095	6000000011057090743
Q445100	6000000051142253929
Q445105	6000000111923516697
Q445106	6000000002188420335
Q44510701	6000000094160903949
Q445109	6000000042424617238
Q4451109	6000000084450715025
Q4451125	6000000084554288868
Q4451126	6000000084561819944
Q4451127	6000000016881831189
Q445116	6000000048937896921
Q445117	6000000030368451650
Q445123	6000000022628640801
Q445125	6000000076567446920
Q44512837	6000000026560038754
Q445138	6000000026422934537
Q4451425	6000000123494152859
Q4451465	6000000027873048825
Q44516080	6000000002872854524
Q44517	6000000007320562594
Q44519	6000000006963152029
Q44520	6000000010531920948
Q4452043	6000000002393350671
Q4452045	6000000010389481513
Q4452071	6000000023356324501
Q4452083	6000000014195177423
Q445211	6000000004117632086
Q44521602	6000000031631440317
Q44522107	6000000011228354947
Q44522940	6000000047714907057
Q44523396	6000000000895718070
Q445237	6000000002190263408
Q445238	6000000088572934823
Q4452392	6000000023028834173
Q4452400	6000000003072050029
Q4452400	6000000086905900842
Q4452434	6000000002413126322
Q44524670	4838288517620082660
Q4452501	6000000200686927821
Q445253	6000000108570641854
Q445258	6000000015860505543
Q44526090	6000000039485855840
Q44526751	6000000010991970314
Q445268	6000000003784280026
Q4452720	6000000023806209875
Q4452727	6000000011479744148
Q445273	6000000066980413849
Q4452730	6000000012641170382
Q4452887	6000000077842765562
Q44529178	6000000149559356881
Q44530	6000000003232543995
Q445302	6000000180452349910
Q445306	6000000000233198362
Q4453240	336194608080014171
Q445333	6000000012332725864
Q445338	6000000025361991084
Q4453715	6000000016291220355
Q4453717	6000000017204794074
Q445372	6000000017747733198
Q4453728	6000000161867494849
Q4453744	6000000078714335854
Q4453749	6000000005438436218
Q4453753	6000000010545135343
Q4453784	6000000069059140927
Q4453881	6000000139619179036
Q445392	6000000006348241875
Q4453932	6000000103866090822
Q445394	6000000013164351505
Q44540	6000000017439849497
Q4454075	6000000025234573542
Q445434	6000000001491205156
Q4454357	6000000022862509008
Q4454364	6000000075291464844
Q44544380	6000000000973931736
Q4454471	6000000036644267099
Q4454563	6000000091026399060
Q4454578	6000000026176973524
Q44546	369450529120005664
Q4454628	6000000035440816439
Q4454634	6000000032949789613
Q4454826	6000000003828050014
Q4454827	6000000017655420683
Q4454829	6000000017683244998
Q4454863	6000000063022888890
Q445497	6000000003602956349
Q445510	6000000017222557151
Q445513	6000000041173778396
Q445518	6000000056375502861
Q4455369	6000000016054616262
Q4455376	6000000019687856179
Q445543	6000000002388323755
Q44555	6000000014475825505
Q4455501	6000000019757346398
Q4455502	6000000019757172327
Q4455554	6000000028108761127
Q445570	6000000003602669195
Q4455799	6000000016529859388
Q4455805	6000000016944806067
Q4455971	6000000041582193831
Q445606	6000000046283619232
Q44561	6000000080200794285
Q445611	6000000030959184891
Q4456125	6000000052615484923
Q445626	6000000074758586178
Q445665	6000000069423037854
Q44567	6000000026201503826
Q4456892	6000000006822531326
Q4457	6000000201801250850
Q44570	6000000033817985947
Q445701	6000000028555268305
Q445703	6000000032391276854
Q4457034	6000000019075601937
Q4457145	6000000016342997273
Q4457148	6000000182670666821
Q4457159	6000000007112305070
Q4457160	6000000024472253193
Q4457161	6000000008708503994
Q4457165	6000000014684191386
Q4457242	6000000062736775957
Q4457268	6000000013431701384
Q4457279	6000000039206728905
Q4457286	6000000023185872019
Q4457333	6000000012866896400
Q4457336	6000000017892315166
Q4457340	6000000016097056530
Q4457412	6000000007549587258
Q4457452	6000000007305480274
Q445747	6000000074716749982
Q44575	6000000002987635434
Q4457582	6000000067603858832
Q445766	6000000015996942698
Q445772	6000000029227584834
Q4457742	6000000017754897993
Q4457743	6000000007102548885
Q4457746	6000000017757490153
Q4457979	6000000027616509186
Q44580	6000000042481128058
Q4458032	6000000034304360960
Q4458078	6000000084958488705
Q4458079	6000000044328366964
Q445811	6000000018845174034
Q4458131	6000000028194397012
Q4458245	6000000071704780938
Q4458257	6000000018843783595
Q4458401	6000000180993913821
Q4458546	6000000033324455141
Q445857	6000000027502433623
Q445862	6000000041275358642
Q445865	6000000006455942010
Q445867	6000000017522886335
Q445871	6000000009574782927
Q445884	6000000181944211829
Q4458846	6000000174072196939
Q445890	6000000019116837189
Q445891	6000000007325952361
Q445904	6000000003827359475
Q445905	6000000010230060763
Q4459107	6000000028229684824
Q445917	6000000002034390366
Q4459265	6000000070155296845
Q44593	6000000014744353648
Q445939	6000000094783321908
Q44594	6000000014196243796
Q445950	6000000069559172890
Q445951	6000000022818986193
Q445956	6000000012182051174
Q44597	6000000013562822281
Q4459751	6000000006776751793
Q4459793	6000000063129149875
Q445980	6000000042269027606
Q4459813	6000000194488865821
Q4459853	6000000081130317903
Q4459873	6000000015049450216
Q44599	6000000017203315420
Q445991	6000000001744825938
Q4459917	6000000022190700828
Q4459920	6000000031353762166
Q4459941	6000000081130231887
Q4459949	6000000007674470974
Q4459960	6000000017953808373
Q4459965	6000000040873797497
Q44600	6000000002122748027
Q4460028	6000000035197455821
Q4460049	6000000005392717180
Q44601	6000000000969958031
Q4460149	6000000016486361062
Q4460170	6000000070666622029
Q44602191	6000000002489752255
Q4460310	6000000186143984832
Q44603121	6000000067834221849
Q4460333	6000000018039032425
Q4460453	6000000028144267335
Q4460454	6000000028101431674
Q446050	6000000017121499090
Q4460535	6000000044458068668
Q446058	6000000002188517376
Q44606086	6000000012095583096
Q446064	6000000167364295916
Q446072	6000000020302420374
Q4460726	6000000002858224206
Q446084	6000000017394918709
Q4460868	4718444930850036965
Q446101	6000000025400589043
Q446104	6000000007016376356
Q44611017	6000000141022423996
Q44611260	6000000019266468088
Q4461168	6000000069984804941
Q446120	6000000039916499808
Q4461223	6000000057508576934
Q44613760	6000000003186112086
Q446158	6000000027874268207
Q44616	6000000003579770707
Q44616894	6000000011182639854
Q446179	6000000036887799866
Q446188	6000000028026619078
Q4461939	4876967779310131627
Q44621	6000000025805109186
Q4462206	6000000019149907432
Q44622889	6000000011182519880
Q4462314	6000000031469470935
Q4462332	6000000195623796843
Q4462340	6000000025414074575
Q4462344	6000000026067692887
Q446239	6000000173465286960
Q446240	6000000002188470340
Q4462433	6000000018118317772
Q44626064	6000000008648843733
Q44627149	4894931794680134793
Q4462749	6000000131732649146
Q4462755	1498926
Q446283	6000000036186655906
Q4462875	6000000164913224906
Q446290	6000000025154953949
Q4462976	6000000032252558135
Q446299	6000000036156149741
Q446300	6000000016305028403
Q4463125	6000000135504232821
Q446331	6000000002425830130
Q44635029	6000000001631245324
Q4463714	6000000011422704662
Q4463737	6000000004228232503
Q446375	6000000028911248821
Q446376	6000000018067146779
Q4463877	6000000146505459891
Q44640674	6000000001588479640
Q44641	6000000175441189993
Q4464149	6000000011958407032
Q4464153	6000000016280779820
Q4464155	6000000018446246055
Q4464158	6000000015744008983
Q4464162	6000000016280865376
Q4464163	6000000016423417622
Q4464164	6000000008870029107
Q4464167	6000000040392435728
Q4464168	6000000006977145043
Q4464171	6000000008870231814
Q4464178	6000000016280958012
Q4464179	6000000008870407604
Q4464180	6000000010791500538
Q4464188	6000000207690959847
Q446421	6000000070722632857
Q446423	6000000029256811082
Q4464257	6000000017736233089
Q446427	6000000015997707765
Q446435	6000000127559612903
Q446438	6000000004593128392
Q44645	6000000001678681868
Q4464515	6000000071462036035
Q4464677	6000000037257914804
Q4464685	6000000020573107417
Q4464798	6000000187408989829
Q446481	6000000026463218943
Q4464883	6000000186288460913
Q446490	6000000005930949968
Q4464938	6000000015260227041
Q4464953	6000000077025464958
Q4464954	6000000077025268974
Q4465	6000000010688311139
Q4465204	6000000001428888501
Q44652174	6000000040707447491
Q446525	6000000034989739107
Q44653	6000000043745802965
Q4465352	6000000024408319850
Q4465355	6000000001482384652
Q4465400	6000000137226689828
Q4465568	6000000026003572001
Q446567	6000000079374400992
Q44657	6000000014873499931
Q4465787	6000000017621844990
Q446579	6000000140219271004
Q446580	6000000032984719878
Q4465873	6000000133824219845
Q4465901	6000000071892035809
Q446598	359015993220012029
Q446613	6000000011338235215
Q446620	6000000016117589554
Q4466233	6000000085441015162
Q446624	6000000182669820828
Q446625	6000000051521599345
Q446632	6000000018485950467
Q446635	6000000066690602889
Q44664207	6000000018043918259
Q446644	6000000019565658355
Q446647	6000000035414616928
Q4466485	6000000030814888270
Q4466490	6000000030814958407
Q446653	6000000002914381550
Q446663	6000000000132263232
Q4466639	6000000195622756851
Q446670	6000000021805313806
Q4466885	6000000062421188821
Q446689	6000000010414070543
Q446711	4281022862670034824
Q446713	6000000041261251056
Q4467148	6000000049896820991
Q446715	6000000029322138497
Q4467226	6000000163199150829
Q446724	6000000000668699652
Q446738	6000000000001386582
Q446742	6000000002764686867
Q4467423	6000000025996212428
Q446743	6000000169869499863
Q446745	6000000007059161358
Q4467468	6000000182392317826
Q44674867	6000000050558807948
Q4467565	6000000109385671821
Q446768	6000000080003734346
Q44677	6000000000639287517
Q446772	6000000153593068829
Q4467735	6000000017713566401
Q446778	6000000034146483045
Q446808	6000000022495423102
Q446820	6000000016508771714
Q44683	6000000082440573184
Q446830	6000000074714665205
Q4468433	6000000020021477523
Q44684445	6000000069965752115
Q4468456	6000000010113299329
Q446858	6000000007323055310
Q44686767	6000000015198154506
Q446871	6000000009601702075
Q446879	6000000020036212112
Q44689732	6000000076749634114
Q44690	6000000014361306093
Q446908	6000000045674103840
Q446912	6000000014286853879
Q446914	6000000083897833222
Q446919	6000000000351109602
Q446922	6000000010090014691
Q446925	6000000178841547826
Q4469268	6000000071225840973
Q446929	6000000012165814321
Q446937	6000000179896867846
Q446943	6000000017764307868
Q446947	6000000006727794419
Q446948	6000000207907742845
Q4469601	6000000080355741673
Q446962	6000000004122558498
Q446968	6000000097836849985
Q4469967	6000000090663548990
Q4469989	6000000073306784283
Q4470039	6000000027604242546
Q4470065	6000000006275228667
Q4470088	6000000014419837310
Q4470154	6000000002116013355
Q447017	6000000009551867380
Q4470191	6000000026574099431
Q4470194	6000000001927314047
Q4470201	6000000022319205684
Q4470206	6000000025551814881
Q4470210	6000000025554480065
Q4470217	6000000012491598460
Q4470222	6000000004565824434
Q447032	6000000037491269085
Q44704	6000000036885068583
Q447040	6000000001700098257
Q4470638	6000000049861933923
Q447067	6000000004009398730
Q447071	6000000019809627776
Q4470951	6000000194337768829
Q447097	6000000015669350771
Q447105	6000000003193219485
Q447108	6000000017053540223
Q447111	6000000008212292756
Q447133	6000000024670582141
Q447135	6000000015106008517
Q447145	6000000008697035798
Q447149	6000000021168210869
Q44715267	6000000008688610436
Q447160	6000000009925203288
Q44717789	6000000110575954983
Q447178	6000000026669906029
Q447179	6000000001574122922
Q447180	6000000089664318078
Q447200	330352037310002483
Q447204	6000000022977993660
Q44720690	6000000031032741962
Q447209	4116944
Q44721525	6000000054879382166
Q447217	6000000010680275847
Q4472198	6000000009008753728
Q447240	6000000002805359225
Q447244	6000000007949449530
Q447248	6000000082427791041
Q44726343	6000000006602677931
Q4472722	6000000208697891844
Q447290	5615364677650121212
Q447293	6000000170448902930
Q447308	6000000151345192873
Q44731125	6000000012890656289
Q447324	6000000155836955863
Q447353	6000000014095557929
Q44736	6000000027110527241
Q44736981	6000000009384514068
Q44737662	6000000141707037185
Q447389	6000000181040048867
Q447392	6000000028773266397
Q44739783	6000000048749606049
Q44739914	6000000002188436781
Q44739932	4384801742280069794
Q44739955	6000000108289923009
Q447426	6000000112535226882
Q44742942	6000000083139145982
Q447437	6000000133701677833
Q447448	6000000003590567409
Q447455	6000000003353271127
Q44747868	6000000017313630397
Q447487	6000000000904055636
Q4475014	6000000059101143898
Q44752	6000000143333085058
Q4475281	6000000056379516821
Q4475292	6000000084216885115
Q447541	6000000000307258089
Q447551	6000000003107809121
Q447559	6000000012333061455
Q447576	6000000177031771822
Q447591	6000000017256005109
Q4475998	6000000018851669267
Q447601	6000000010682234861
Q4476061	6000000019116449026
Q4476122	6000000036177389141
Q4476165	6000000073709798822
Q4476208	6000000024182392517
Q4476230	6000000026300867296
Q4476255	6000000099914693012
Q447630	6000000017131133183
Q447645	6000000016443564036
Q4476575	6000000066691163899
Q4476677	6000000076101766117
Q447669	6000000185501092987
Q4476857	6000000003312946959
Q4476910	6000000022523574166
Q4476911	6000000022520508900
Q447699	6000000155263828830
Q4476996	6000000013509844612
Q4477075	6000000010565022985
Q447716	6000000011151272419
Q447723	6000000009397690836
Q4477306	6000000037562890905
Q447731	6000000007803178489
Q4477376	6000000009402431338
Q4477378	6000000007359719267
Q4477387	6000000060489974841
Q4477389	6000000018765051188
Q4477391	6000000082368851380
Q4477401	6000000021411219573
Q447747	6000000017104948737
Q4477730	6000000193508424839
Q4477860	6000000134997757821
Q447789	6000000028204956590
Q447792	6000000178650088827
Q44780	6000000033698378109
Q447804	6000000088900005242
Q447808	6000000017627129793
Q447810	6000000141007509095
Q447813	6000000040097222714
Q4478233	6000000018277684636
Q447827	6000000095867012233
Q447830	6000000027926405875
Q4478334	6000000106428024904
Q447834	6000000021151566643
Q447836	5131828918760102270
Q44785	6000000000307256412
Q447850	6000000000867586555
Q447862	6000000027864182738
Q447865	6000000018867460434
Q447879	6000000009063122475
Q447882	6000000069549946822
Q447886	6000000010173695472
Q44788675	6000000010973953796
Q447891	6000000055685404050
Q4478915	6000000176090928843
Q447892	6000000076201015827
Q447895	6000000010599633331
Q4479240	6000000016756928742
Q4479335	6000000005404154799
Q4479522	6000000089603505906
Q447960	6000000018368352751
Q447963	6000000018667373578
Q4479771	6000000013490811836
Q4479781	6000000191865632850
Q447981	6000000018667662380
Q447984	6000000081388565057
Q448	6000000020571939661
Q4480272	6000000093402871151
Q4480310	6000000025968834264
Q4480343	6000000051745474987
Q4480420	6000000147259060845
Q4480433	6000000014805351070
Q4480596	6000000034046854261
Q448091	6000000003362862571
Q4480969	6000000037536077204
Q4480971	6000000028457607313
Q448098	6000000075326380155
Q448100	6000000001669615568
Q44811116	6000000015314543746
Q448118	6000000041298237191
Q4481198	6000000192171162830
Q4481261	6000000023208002951
Q44813	6000000007450895285
Q4481539	6000000028335946343
Q4481541	6000000028335994528
Q44815723	6000000001590808221
Q448160	6000000015276456811
Q4481644	6000000059311916200
Q448169	332529022460003538
Q448173	6000000010404432327
Q448174	6000000007444048973
Q448177	6000000021789545595
Q448186	6000000038634953888
Q448189	6000000015749833356
Q44819274	6000000016228417239
Q44819670	6000000018238499210
Q448203	6000000011813558065
Q448207	6000000018172164129
Q448208	6000000027963461475
Q4482111	6000000079403006929
Q448214	6000000001579469732
Q44822214	6000000011079925170
Q44822903	6000000021411765473
Q44822994	6000000016228971566
Q44823292	6000000017442311914
Q44824383	6000000016259855096
Q448247	6000000016146733308
Q44825	6000000000632204218
Q4482514	6000000009276952908
Q448252	6000000052491303965
Q448253	6000000034236569157
Q4482538	6000000024697077838
Q44825390	6000000019255196366
Q4482545	6000000039155803065
Q4482623	6000000177008643896
Q448267	6000000024985624074
Q448271	6000000092330779020
Q4482769	6000000090933228822
Q448279	6000000021477506779
Q448294	6000000120126974831
Q44830167	6000000008478883722
Q4483066	1036271
Q448313	6000000109848884042
Q44831904	6000000012662016444
Q44832045	6000000009568972429
Q44832326	6000000019048827483
Q4483325	6000000036605491365
Q448336	6000000048812781822
Q448345	6000000141005181229
Q44834777	6000000018232887252
Q448348	6000000071424431850
Q4483490	6000000189853838828
Q4483502	6000000179893551843
Q44836	6000000076284884909
Q448362	6000000017673478100
Q448366	6000000125379415965
Q448376	6000000037645729785
Q4483815	6000000013104419020
Q4483821	6000000002897045802
Q4483995	6000000136034114874
Q4484071	6000000051831098825
Q44840980	6000000019103135376
Q4484099	6000000064504550896
Q4484367	6000000015330039651
Q44844887	6000000047181544859
Q448459	6000000002764361139
Q448467	6000000069423991869
Q448471	6000000070909747822
Q448478	6000000022885049290
Q448481	6000000007142813330
Q4484841	6000000172929625459
Q448486	6000000019934983726
Q448490	6000000149847417689
Q4484947	6000000076665776152
Q4484966	6000000002856330671
Q4484967	6000000025767887421
Q4484969	6000000010177552685
Q4484973	6000000010352929559
Q4484974	6000000006778336832
Q4484976	6000000006657639002
Q4485057	6000000047635291829
Q4485083	6000000024774445826
Q44851	6000000016225073236
Q4485108	6000000010861220146
Q4485136	6000000016936493083
Q4485139	6000000023482305152
Q4485147	6000000082437873915
Q4485159	6000000178142531821
Q4485192	6000000179384276868
Q448538	6000000168140434968
Q44855	6000000009977311865
Q448555	6000000004533707822
Q44857	6000000027312136566
Q448594	6000000029514707731
Q448604	6000000139474686870
Q448606	6000000042926129432
Q448614	6000000151360937913
Q448619	6000000026131286292
Q44862	6000000177786773878
Q448644	6000000018846378148
Q448648	6000000017644135390
Q44867090	6000000006276932046
Q448704	6000000029424975884
Q44871131	6000000006276933066
Q44872	6000000143189928910
Q448727	6000000010797857194
Q448764	6000000003493080432
Q448767	6000000007357457308
Q448778	6000000014436607539
Q4488	6000000074077128939
Q448803	6000000009619330668
Q448812	6000000008733002912
Q448813	6000000027744752526
Q448837	6000000028259350577
Q448845	6000000008532396296
Q448860	6000000007062269541
Q4488610	6000000026186855294
Q4488644	6000000025609154817
Q448877	6000000006727794123
Q448880	6000000027772489211
Q448886	6000000003881132285
Q448890	6000000018481307242
Q448899	6000000007849670156
Q448912	6000000180259047822
Q448927	6000000003122450900
Q44893	6000000003407534865
Q448948	6000000018866616714
Q448957	6000000054880529037
Q448961	6000000031211926254
Q448992	6000000004962924876
Q4489929	6000000025718243698
Q448993	6000000064306790883
Q4490	6000000178830082832
Q449013	6000000023090769164
Q449020	6000000014607372238
Q44903	6000000032586091592
Q449030	6000000017637925306
Q449037	6000000006210682042
Q449048	6000000043439257995
Q44905	6000000090832769869
Q449054	6000000077119289746
Q449062	6000000022206144963
Q449064	6000000001920151387
Q44906480	6000000007406087566
Q44906562	6000000033341462484
Q449068	6000000001917036554
Q449070	6000000014038855470
Q44907057	6000000020268996524
Q449073	6000000177602580841
Q449095	296919624810007932
Q4491	6000000028045605226
Q4491017	6000000023673076704
Q4491023	6000000000862211279
Q449106	6000000069312178020
Q449114	6000000051749251972
Q4491211	6000000019372794806
Q4491236	6000000225486635889
Q4491255	6000000152757250834
Q449126	6000000000983180863
Q449130	6000000014700301316
Q4491314	6000000005382503612
Q449135	6000000083657443065
Q449136	6000000053312302991
Q4491387	6000000089455079835
Q4491407	6000000024638139560
Q4491487	6000000071020317955
Q449160	6000000024347259030
Q4491632	6000000017816356727
Q449172	6000000015159692327
Q449173	6000000003218555780
Q4491743	6000000014653792591
Q449180	6000000007392254917
Q4491807	6000000025526747382
Q4491809	6000000000904543021
Q449181	6000000002188399328
Q44918247	6000000050828423875
Q44918293	6000000050827054028
Q449185	6000000010308103774
Q44918761	6000000011567624089
Q4491900	6000000050884244241
Q449194	311776627070004630
Q4491946	6000000003615927484
Q44919643	6000000120573066065
Q4491992	6000000018725563007
Q449203	6000000019966275121
Q4492058	6000000180539122826
Q449206	6000000010764262360
Q449208	6000000012778682382
Q449209	6000000004109631127
Q4492095	6000000001382933031
Q44922	6000000017467274010
Q4492293	6000000206606818855
Q4492304	6000000026536899003
Q4492353	6000000008285655491
Q4492369	6000000032893741927
Q4492377	6000000050218659186
Q449238	4559045719070056044
Q4492384	6000000177695952876
Q4492411	6000000019555692118
Q449246	6000000015727356528
Q4492496	6000000069248418829
Q4492498	6000000069248176876
Q4492523	6000000030811703379
Q4492527	6000000206068921913
Q4492553	6000000006605841792
Q4492583	6000000016563124403
Q4492584	6000000016563659060
Q4492592	6000000011894443475
Q4492627	6000000015057637487
Q4492628	6000000183979235861
Q4492629	6000000018130429776
Q4492630	6000000015211206389
Q4492631	6000000013060629842
Q4492640	6000000029077245848
Q4492644	6000000027406403889
Q4492669	6000000048545641957
Q4492687	6000000101609750866
Q44927	6000000066833288855
Q4492702	6000000012618093160
Q4492706	6000000073339888863
Q4492718	6000000001926356991
Q4492719	6000000139425703823
Q4492724	6000000027556494702
Q4492736	6000000038100878842
Q449274	6000000088830422046
Q4492775	6000000021505207723
Q4492832	6000000076498481825
Q4492854	6000000016956752207
Q449287	6000000012622124339
Q449296	6000000066175069111
Q449299	6000000030304177886
Q4493067	6000000002244725255
Q4493095	6000000059227201604
Q4493155	6000000176604650826
Q4493187	6000000016302248384
Q4493211	6000000041616386193
Q4493277	6000000002892732837
Q4493320	6000000021024780291
Q4493352	6000000036976150811
Q449336	6000000024008224111
Q4493360	3207640
Q4493522	6000000174397266988
Q449373	6000000080821623758
Q4493736	6000000003096778280
Q449376	6000000009756710760
Q4493800	6000000178614970848
Q4493829	6000000009325594563
Q4493850	6000000084797513113
Q4493855	6000000073474512850
Q4493855	6000000073483383827
Q4493866	6000000009165380535
Q449387	6000000069421068825
Q4493887	6000000069213331836
Q449391	6000000012419374599
Q4494007	6000000189914614831
Q4494018	6000000003100515370
Q449402	6000000068786490095
Q4494047	6000000069060442877
Q449414	6000000028742122282
Q449416	6000000175826560829
Q4494175	6000000066648886987
Q4494206	6000000024697046130
Q4494208	6000000025929660536
Q449421	6000000040491240909
Q449426	325784980810002176
Q449428	6000000025906221189
Q44943	6000000063505452829
Q449433	6000000015796059101
Q4494372	6000000020167430607
Q4494457	6000000048875490838
Q449450	6000000005953674669
Q449452	6000000028687184627
Q4494573	6000000212172005842
Q449458	6000000076456758015
Q449469	6000000021273264258
Q4494695	6000000005750164179
Q449478	6000000002954158176
Q4495020	6000000177148948822
Q449504	6000000017691530294
Q4495085	6000000009448016343
Q4495108	6000000029946165715
Q4495110	6000000043233831974
Q4495133	6000000027844019234
Q449514	6000000018675842968
Q4495226	6000000134971039081
Q4495296	4755691625820013460
Q4495307	6000000021990074159
Q4495309	6000000032675707709
Q449531	6000000012976648159
Q4495311	6000000007900268262
Q4495338	6000000003243309212
Q4495338	6000000049189284344
Q449536	6000000014198040337
Q449544	6000000144759835891
Q4495539	6000000026523466657
Q449554	6000000009919621066
Q4495540	6000000010858873747
Q449557	6000000022189959429
Q4495606	6000000075501337954
Q4495729	382704366330003145
Q449574	6000000000769944531
Q4495891	6000000014818436572
Q4495908	6000000014818807207
Q449591	6000000041328467152
Q4495965	6000000002373287099
Q4496	4267913886550065605
Q449602	6000000060308535996
Q44961	6000000008653320695
Q44961429	6000000001102761232
Q449616	6000000011259839791
Q4496193	6000000223324235913
Q449642	6000000010403044780
Q449663	6000000007176322496
Q449670	6000000009326858034
Q44967573	6000000029245747211
Q449679	6000000076558613903
Q449689	6000000180058925836
Q449706	6000000020094254639
Q4497083	6000000010088946595
Q4497126	6000000088762107994
Q4497129	368672777740012138
Q4497174	6000000014290851960
Q449719	6000000069836153978
Q44972	6000000002765648468
Q4497215	6000000203241955871
Q44972339	6000000039053793180
Q4497272	6000000003574451593
Q4497273	6000000000043934816
Q449728	6000000086987862912
Q4497313	6000000027105165591
Q4497345	6000000147007783939
Q4497379	6000000037872696553
Q449738	6000000060751206001
Q4497382	6000000009648841497
Q4497415	6000000018901003570
Q44974337	6000000146475819975
Q4497448	6000000194865363831
Q449748	6000000037882986828
Q449753	6000000011171871607
Q449758	6000000015643232285
Q4497585	5707549934900063885
Q4497587	6000000209323280830
Q4497604	6000000007323890228
Q449761	6000000009675776473
Q4497628	6000000181047200837
Q449763	6000000122228831893
Q4497641	6000000175865002853
Q449769	6000000122650051846
Q449770	6000000066853191842
Q4497896	6000000011571183076
Q4497898	6000000001187373989
Q449791	6000000000469984965
Q44980	6000000028257788524
Q449835	6000000026202752031
Q4498462	6000000074286979188
Q4498469	6000000018308165115
Q4498473	6000000020985273483
Q4498496	6000000015804103325
Q449851	6000000008193118190
Q4498606	6000000170272781833
Q4498609	6000000013601777809
Q4498613	6000000013650932365
Q4498615	6000000032885242073
Q449863	6000000184446760838
Q449869	6000000023478371258
Q44987	6000000000219066672
Q449877	6000000007324747212
Q4498919	6000000006589992038
Q449894	6000000002263090401
Q44990	6000000025960522874
Q449900	6000000075762069823
Q4499010	6000000003823771875
Q4499032	6000000096144430945
Q4499092	6000000018689096911
Q4499115	6000000006444693503
Q4499149	6000000043756194942
Q449920	6000000027277044720
Q4499246	6000000074750591892
Q449925	6000000069047985036
Q44993	6000000141020173878
Q4499468	6000000141801918861
Q4499483	6000000078719971529
Q4499504	6000000117074123821
Q4499533	6000000049380879923
Q4499534	6000000000905978387
Q449957	6000000037469460646
Q4499604	6000000172508708841
Q4499637	6000000046747559154
Q4499666	6000000020709509874
Q4499795	6000000053136274856
Q4499807	6000000018441132136
Q4499865	6000000175769062904
Q4499874	6000000065608462952
Q4499880	6000000015800438541
Q450012	6000000010288193004
Q4500181	6000000068200929831
Q450022	6000000020470794156
Q450026	6000000139377915867
Q450027	6000000136787373862
Q450037	6000000015645277348
Q450043	6000000123650027896
Q450047	6000000038794507084
Q450050	6000000028972642113
Q45006	6000000004095774494
Q450076	6000000029674348041
Q45011	6000000038278124908
Q4501268	6000000098311697928
Q450134	6000000009831237905
Q4501340	6000000007376008566
Q450138	6000000008725239035
Q4501390	6000000053103796840
Q4501423	6000000002802638576
Q4501438	6000000025052446835
Q4501444	6000000106675532225
Q45015	6000000018307433820
Q450156	6000000076895225223
Q4501587	6000000139508920255
Q450160	6000000008378620308
Q450169	6000000015248098179
Q450175	6000000000350950377
Q450181	6000000000090846094
Q4501840	6000000017282761494
Q4501860	6000000006444353373
Q450189	6000000142411056835
Q4501927	6000000010403592519
Q450197	358279703640011932
Q4501976	6000000075057981302
Q4501983	6000000075057790133
Q4502008	6000000001257664441
Q450218	6000000042263549937
Q4502209	6000000179639680925
Q4502270	6000000045583289850
Q450228	6000000035370625789
Q45022854	6000000025465016532
Q450229	6000000007763150749
Q4502334	6000000075326906068
Q450236	6000000001789869253
Q4502374	6000000043602404908
Q4502481	6000000077000350829
Q4502520	6000000010727070306
Q45025486	6000000010172850824
Q45025496	6000000037896021178
Q45025502	6000000184944552825
Q45026353	6000000014884894363
Q4502673	6000000006754297085
Q4502682	6000000001075722583
Q450269	6000000022485484285
Q4502719	6000000001669761246
Q4502774	6000000000629906472
Q4502780	6000000008399485958
Q4502845	6000000012592124616
Q4502849	6000000023867217704
Q4502882	6000000009504003784
Q4502891	6000000008872094626
Q4502893	6000000165640805843
Q450290	6000000121159833867
Q4502901	6000000017492903055
Q450297	6000000026475843412
Q45029708	6000000003087829695
Q450317	6000000011626451789
Q450328	6000000031636602308
Q4503417	6000000026520292602
Q45036	6000000178693921846
Q4503605	5718825689040043959
Q45036177	6000000095652632056
Q4503619	6000000031924806243
Q4503656	6000000020319543348
Q450366	6000000026427321089
Q4503665	6000000006128235564
Q4503681	6000000019193975497
Q4503689	6000000015671224245
Q4503736	6000000066653432955
Q450386	6000000010725266179
Q4503900	6000000040547180528
Q4503903	6000000221930692845
Q450395	6000000000883759094
Q450400	6000000010543001448
Q450409	6000000177341920862
Q450419	6000000181997086843
Q450423	6000000008744513241
Q450429	6000000008616654435
Q45042905	6000000180251105842
Q450437	322160548410002359
Q450442	6000000026281689842
Q4504494	6000000018768613536
Q4504505	6000000068136501845
Q450452	4214919426840053909
Q450467	6000000001843182898
Q450471	6000000010555724035
Q45047643	6000000004191006921
Q4504857	6000000007550738012
Q4504908	6000000004301698198
Q4504989	6000000089328560945
Q4505	6000000059988293831
Q450504	6000000009256019993
Q450505	6000000086734504937
Q45051375	6000000116386756990
Q450514	6000000185157225821
Q45051764	6000000032550097713
Q450523	6000000019352207645
Q450529	6000000028561036774
Q450535	6000000007058183185
Q45053743	6000000008309169152
Q4505387	6000000015161735693
Q450549	6000000007169570281
Q45055	6000000024449068782
Q450550	6000000024034116499
Q4505550	6000000068526396821
Q4505671	6000000048700445888
Q450568	6000000001225838238
Q4505752	6000000178186481888
Q45057584	6000000006106436270
Q450579	6000000135718466843
Q4505829	6000000138414917827
Q4505878	6000000211651694839
Q4505879	6000000091678281972
Q4505994	6000000029562316958
Q450600	6000000036514977085
Q450602	6000000017585662296
Q4506043	6000000069278603846
Q450608	6000000067924437833
Q45061	6000000112498199839
Q4506142	6000000033008109015
Q450615	6000000015495879609
Q450615	6000000197103806825
Q4506183	6000000008284451043
Q450619	6000000021324720493
Q450627	6000000002188412804
Q450634	6000000029426279858
Q4506385	6000000037752394433
Q4506439	6000000040887269136
Q4506442	6000000016175255879
Q450646	6000000031377425451
Q4506485	6000000020385567358
Q4506489	6000000076775719960
Q450649	6000000019237227830
Q450659	6000000012788876263
Q4506620	6000000017206846102
Q4506621	6000000005065663086
Q4506656	6000000191651952830
Q450668	6000000007329648648
Q450674	6000000002765016388
Q450675	6000000019819086151
Q45068	4111915
Q450684	6000000002188374361
Q450687	4913038831250135882
Q450691	6000000078344681417
Q450692	6000000001603182664
Q4506980	6000000195471422868
Q4507094	6000000013239375644
Q4507258	6000000039569517316
Q450728	6000000065853398857
Q450734	6000000010801831834
Q450737	6000000012784066383
Q450738	6000000006823928351
Q4507415	6000000049848581184
Q450746	6000000009258051590
Q4507483	6000000003733359056
Q4507484	6000000014192627123
Q45075	6000000183275266922
Q450757	6000000024505997358
Q450760	6000000006128193784
Q450768	6000000001504987580
Q450800	6000000007278316101
Q450802	6000000014552412753
Q450803	6000000101464261821
Q4508125	6000000017915881306
Q450814	6000000019888505550
Q4508154	6000000097527748217
Q4508155	6000000097527108526
Q450821	6000000025989733867
Q4508252	6000000015408556456
Q450832	6000000019155024242
Q45083925	6000000017644576893
Q450857	6000000006444214384
Q4508778	6000000043839715931
Q450881	6000000019506329143
Q450898	6000000011060750365
Q45090	4610827143970069922
Q450909	6000000012091244230
Q450914	6000000000900429988
Q450920	6000000029635801889
Q45094469	5161970135120021194
Q45095	6000000059944946030
Q450951	6000000007653343090
Q450964	6000000027948192115
Q450980	6000000209835730847
Q45098082	6000000122658507891
Q450981	6000000058122925863
Q450984	6000000013427466148
Q450986	6000000027931922449
Q45099	6000000000302066367
Q451002	6000000004977870684
Q451003	6000000002765687641
Q451007	6000000001608923977
Q451030	6000000009776750976
Q45103705	6000000103436026094
Q451047	6000000001699590503
Q45105	6000000015170343678
Q451052	354870889890006653
Q45107526	6000000185571580194
Q451093	6000000013019629740
Q451096	6000000077077542130
Q451099	6000000013926989720
Q451105	6000000008630844619
Q451113	6000000021000918960
Q451114	6000000003645908790
Q451128	6000000000890895043
Q451136	2844244
Q451146	6000000020849013123
Q4511484	6000000027919220709
Q4511521	6000000180373243853
Q451162	6000000015182126740
Q45117213	6000000076405807823
Q451178	6000000016794214496
Q4511780	6000000113065075920
Q451185	6000000017885566038
Q451191	6000000134111892847
Q4511991	6000000017207193152
Q451206	6000000141116238856
Q451231	6000000035342497821
Q45123114	6000000175430422861
Q451245	6000000183998991837
Q451248	6000000177394433849
Q451256	6000000014711441072
Q4512656	6000000067833672857
Q4512697	6000000074070159365
Q451279	6000000166408711915
Q4513016	6000000020614129038
Q451305	6000000090966925129
Q4513066	6000000018359672781
Q4513067	6000000077316429386
Q451307	6000000073046067569
Q4513085	6000000008854400006
Q4513087	6000000040208283350
Q4513093	6000000008867413093
Q4513095	6000000144027438876
Q451312	6000000041276743257
Q45132361	6000000006347309370
Q45133	6000000058194071845
Q451331	6000000000521368276
Q45134164	6000000099536340689
Q451351	6000000004004085690
Q451359	4326131954020120011
Q45136357	6000000015778780445
Q451369	6000000018004062369
Q451393	6000000006234945170
Q451400	6000000105285822835
Q451402	6000000014166301885
Q45141302	6000000002765705080
Q4514153	6000000020447487117
Q451416	6000000146207608164
Q4514255	6000000176846072860
Q451430	6000000002188399314
Q4514348	6000000006705628514
Q4514348	6000000190048779822
Q451436	6000000009235931499
Q4514360	6000000206159832864
Q45143713	6000000083018538945
Q4514375	6000000006891368427
Q4514378	6000000006706091187
Q4514378	6000000190048779828
Q45143980	6000000003318293551
Q45144	6000000178257476867
Q451444	6000000028993830525
Q451447	5424564285860119053
Q4514594	6000000016402852399
Q4514656	6000000006755790339
Q451466	6000000016431885721
Q4514946	6000000045202730849
Q451495	6000000019584483129
Q4514986	6000000015840867275
Q4514990	6000000009189346632
Q4514990	6000000157682343897
Q451501	6000000028027595995
Q4515183	6000000181472321884
Q4515200	6000000026200325066
Q4515369	6000000139450613313
Q4515407	6000000016605061313
Q4515473	6000000037870279239
Q4515587	6000000065183498114
Q4515768	6000000029552076951
Q451583	6000000055342245140
Q45159639	6000000026205441418
Q451631	6000000014693832790
Q4516439	6000000028605344897
Q451650	6000000136776878876
Q451660	6000000025564458374
Q4516747	6000000018086707645
Q4516764	6000000022421566972
Q4516780	6000000022421408433
Q45168	6000000104626183158
Q451680	6000000084203032467
Q45169	6000000037098576854
Q451693	6000000024569627940
Q4517	6000000001152134224
Q451706	6000000145872544631
Q4517186	6000000034504956063
Q451727	6000000024545895007
Q451743	6000000028625120017
Q451745	6000000137434823875
Q45175190	6000000112438600894
Q451770	6000000057386026412
Q451771	6000000032057868230
Q451774	6000000022259968402
Q45179465	6000000001180341870
Q4517961	6000000056166880895
Q451799	6000000117131474922
Q4518023	6000000225579713824
Q45180645	6000000116724513134
Q451808	6000000065884820864
Q451811	6000000015791980304
Q4518187	6000000195528314853
Q45183437	6000000004948111781
Q451849	6000000077199990008
Q451861	6000000041657860260
Q4518761	6000000013966277571
Q451879	6000000028141115873
Q4518808	6000000002509771052
Q45189050	6000000003295144455
Q451912	6000000083052199113
Q45192175	6000000183479171821
Q4519224	6000000168341119862
Q4519225	6000000149576779821
Q45192875	6000000000795073299
Q451929	6000000140454511844
Q451945	6000000049566169131
Q4519492	6000000015893881618
Q45195	6000000007329627422
Q45195033	6000000000795073376
Q45196141	6000000000795044800
Q45196274	6000000004332492092
Q4519680	6000000068023308060
Q451969	6000000014025842745
Q451972	6000000017436661301
Q451974	6000000076928303568
Q4519798	6000000049280327843
Q4519803	6000000017199399072
Q45198670	6000000000435110641
Q451988	6000000070732330081
Q451992	6000000069481492030
Q45199750	6000000016236675500
Q4519989	6000000028002550803
Q452005	6000000001115301079
Q45201049	6000000194384611929
Q45201094	6000000000795160505
Q4520142	6000000022627025096
Q452017	6000000002376882131
Q45201884	6000000007329627706
Q452029	6000000017884351653
Q452033	6000000017299537837
Q452036	6000000175112940519
Q4520481	6000000175261692823
Q45204956	6000000006167054154
Q4520595	6000000087058491821
Q4520596	6000000087083774888
Q4520629	6000000195853849824
Q452070	6000000001147686157
Q452071	6000000053848694832
Q45207154	6000000003038838829
Q45207180	6000000033577586952
Q452074	6000000025080149355
Q452084	6000000007228929319
Q45209208	6000000024105076148
Q452093	6000000176818409867
Q452098	6000000004648322623
Q45210	6000000172438370970
Q452104	6000000009617580876
Q4521059	6000000030545570436
Q4521108	6000000171840412926
Q4521109	6000000171837881636
Q452119	6000000001209944266
Q452127	6000000028562782182
Q4521270	6000000044384987829
Q4521308	6000000019332218983
Q4521309	6000000019425346867
Q4521315	6000000017656525364
Q4521327	6000000039066211440
Q4521329	6000000018445672965
Q4521332	6000000017656945295
Q4521333	6000000018230898107
Q4521334	6000000018230862156
Q4521335	6000000014417583901
Q4521336	6000000018231897490
Q4521337	6000000014418046459
Q4521338	6000000023371810587
Q4521339	6000000018232812532
Q4521340	6000000016541563060
Q4521341	6000000018230557506
Q4521342	6000000017190208644
Q4521343	6000000077052834579
Q4521377	6000000122758802926
Q4521565	6000000225236266850
Q452158	6000000189645262844
Q4521625	6000000016214497272
Q4521627	6000000020587602008
Q452164	6000000075197033821
Q4521676	6000000008025410764
Q4521693	6000000036485256499
Q4521861	6000000023907545928
Q4521863	6000000016711746133
Q4521864	6000000017416877643
Q4521865	6000000083014313652
Q4521964	6000000017756260116
Q4521977	6000000017159595436
Q4521979	6000000017159255660
Q452200	5062336524850102795
Q452206	6000000001276737376
Q45221007	6000000104560596903
Q45222749	6000000010840145453
Q452230	6000000025988547175
Q4522310	6000000224043483913
Q452234	6000000089420658822
Q4522388	6000000173612480858
Q452240	6000000103327159168
Q4522407	6000000037172412126
Q4522409	6000000015339817425
Q452243	6000000003051158022
Q4522449	6000000195788487822
Q4522492	6000000011771861713
Q4522504	6000000177955169840
Q452254	6000000009784464491
Q4522572	6000000020180884202
Q4522574	6000000020181155871
Q452267	6000000013565563672
Q4522734	1389138
Q452281	6000000014440906844
Q452282	6000000000134238094
Q4522821	6000000215021993822
Q452284	6000000004254760366
Q452288	6000000014406332529
Q45229	6000000009386849074
Q4522922	6000000008659710629
Q452295	6000000027508444909
Q4522970	6000000070709093004
Q4523001	6000000003418513588
Q4523040	6000000000459523675
Q4523046	6000000017460165618
Q4523069	6000000015651774713
Q452307	6000000017021095053
Q4523070	6000000008855766435
Q4523072	6000000008864363120
Q4523074	6000000008572115768
Q4523081	6000000008856326271
Q4523084	6000000008864282665
Q4523089	6000000008855219466
Q4523182	6000000006796456739
Q45233	6000000096191835241
Q452335	6000000022245227918
Q4523467	6000000031395012043
Q4523478	6000000024362178989
Q452352	6000000009214777941
Q452354	6000000000104694984
Q452388	6000000013164344620
Q4523902	6000000018608915344
Q4523938	6000000010600986311
Q4523940	6000000010601025236
Q4523942	6000000211732504822
Q452397	6000000046726761092
Q4524025	6000000063810261828
Q452409	6000000032866565409
Q4524141	6000000012879572401
Q4524145	6000000019068459368
Q4524146	6000000012878872302
Q4524147	6000000101493159827
Q4524152	6000000016509680741
Q452420	6000000010972163831
Q4524309	6000000024292501673
Q452455	6000000180624037858
Q452467	6000000026716822102
Q452469	6000000003311703116
Q452475	6000000006762162917
Q4524842	6000000010450258416
Q4524912	6000000182046410842
Q452526	6000000039131315485
Q4525424	3196858
Q4525437	6000000018271328515
Q452545	5212005771210089124
Q4525466	6000000204597336877
Q4525469	6000000185702596051
Q45255	6000000075686187887
Q4525559	6000000027966600384
Q452557	6000000022718269669
Q452563	6000000173916880372
Q4525664	6000000024430192162
Q4525680	6000000209347986871
Q4525698	6000000051259654075
Q45257307	337397796000012005
Q452576	6000000020407363062
Q4525776	6000000017568702055
Q452580	377637617640005820
Q4525806	6000000016739443753
Q4525840	6000000008771260185
Q4525845	6000000005575249533
Q45258680	6000000030412816572
Q4525925	6000000183402647836
Q452605	6000000165954142832
Q4526056	6000000016305778665
Q4526059	6000000082444510237
Q452606	6000000165576318880
Q4526063	6000000029209249759
Q4526085	6000000197234923857
Q452618	6000000150149717893
Q4526218	6000000056594769085
Q452630	6000000029205239957
Q4526585	6000000020972789142
Q4526598	6000000039193380038
Q4526603	6000000035539327601
Q4526606	6000000032977472179
Q4526642	6000000077773141199
Q4526693	6000000011881528398
Q4526695	6000000013087029537
Q45267	6000000121113772902
Q4526753	6000000196256750843
Q4526759	6000000039155434314
Q4526786	6000000041904772202
Q4526805	6000000103468417044
Q452682	6000000083494562351
Q4526841	6000000019749345508
Q4526889	6000000034911119935
Q4526890	6000000146508031849
Q452694	6000000008106803233
Q4526950	6000000017360822231
Q452696	6000000009527233992
Q4526974	6000000025165698561
Q45269829	6000000004533839250
Q4526987	6000000004079697152
Q4527260	6000000008449598987
Q4527275	6000000008447918128
Q4527275	6000000190046840250
Q452733	6000000019248100107
Q452737	6000000028415253018
Q4527389	6000000002805750796
Q4527408	6000000008874167327
Q4527410	6000000006101381698
Q4527415	6000000008874127533
Q452745	6000000018070939238
Q45274830	6000000021376267163
Q452749	6000000028068287140
Q4527514	6000000011706746554
Q4527541	6000000138818617838
Q4527596	6000000066686927002
Q4527626	6000000090809182861
Q4527629	6000000035156819895
Q4527633	6000000107928276102
Q452765	6000000035216299809
Q4527675	6000000058987379109
Q452777	6000000082744522029
Q452782	6000000017077286867
Q4527824	6000000184643064908
Q452794	300570824780004636
Q4528033	6000000033741332140
Q4528098	6000000000419681401
Q452819	6000000017776384449
Q4528212	6000000144813591822
Q45285548	6000000054874791315
Q4528566	6000000078812287313
Q452863	6000000039917552928
Q45286948	6000000141007575152
Q45287	6000000165156220365
Q4528700	6000000044255180286
Q4528708	6000000061930605863
Q4528801	6000000208378806838
Q4528905	6000000072512944991
Q4528921	6000000205356099926
Q452896	6000000017867239333
Q4528974	6000000204023015822
Q452904	6000000015730982947
Q4529209	6000000016588773502
Q4529258	6000000200056165855
Q45294324	6000000094866287843
Q452948	6000000013247005285
Q452950	6000000011380400315
Q4529512	6000000076666110873
Q4529600	6000000036067948464
Q4529643	6000000150163135890
Q4529650	366517190740012291
Q4529754	6000000014302362222
Q4529808	6000000001544573469
Q452986	6000000185553854877
Q4530023	6000000007863111631
Q4530041	6000000007304959324
Q4530075	6000000000544303060
Q4530077	6000000027873938346
Q453008	6000000129355118835
Q4530092	6000000003954033819
Q4530093	6000000003954240302
Q4530100	6000000062930923855
Q4530105	6000000080551661039
Q453012	6000000008595497497
Q4530121	6000000174144144859
Q4530170	6000000017132971199
Q45302	6000000064495386917
Q4530238	6000000082699757057
Q45302764	6000000002765855721
Q453063	6000000062694650514
Q453066	6000000112068137851
Q4530660	6000000005091869576
Q4530712	6000000036855355350
Q4530717	6000000002988212358
Q45308204	6000000037809663342
Q45309	6000000026436735727
Q453094	6000000069972693974
Q453112	6000000015140782544
Q453113	6000000013331846526
Q4531167	6000000010491389986
Q45311823	6000000008630886241
Q453125	6000000110570127866
Q4531360	387060782300006238
Q45313730	5414593246030139751
Q453138	6000000010711959298
Q4531431	6000000029109152335
Q4531518	6000000030814999840
Q4531554	6000000022976993868
Q45315704	6000000008785777618
Q45315840	6000000159378127821
Q45315895	6000000040758618311
Q4531625	6000000016964213811
Q4531700	6000000103848305344
Q453171	6000000135589052865
Q45317552	6000000001360681007
Q4531768	6000000019347068455
Q4531770	6000000018331659856
Q4531771	6000000179770858907
Q4531773	6000000021665931910
Q4531776	6000000025914857378
Q4531777	6000000033585585486
Q4531778	6000000013721890750
Q4531779	6000000077227605870
Q453183	6000000003631805192
Q453189	6000000124448528063
Q45319341	6000000003087863308
Q453196	6000000032435672535
Q4532004	5308186041870021622
Q45320061	6000000026133515826
Q453204	6000000031299568123
Q4532051	6000000010647865022
Q4532068	6000000141811583904
Q453209	6000000013668872399
Q453218	6000000003375708898
Q453220	6000000084396408168
Q45322147	6000000011569741336
Q45322837	6000000051080617950
Q4532287	6000000110918564821
Q4532288	6000000007935246364
Q4532291	6000000140192838839
Q453235	6000000166774128871
Q4532377	6000000182084466822
Q4532385	6000000019383530428
Q4532413	6000000011080985235
Q4532467	6000000017854876849
Q4532469	6000000024452446823
Q4532472	6000000057370438990
Q4532478	6000000161897769833
Q4532493	6000000177061702824
Q4532524	6000000013679276203
Q45325313	6000000007026089270
Q4532582	6000000201702233821
Q4532583	6000000007997383370
Q4532584	6000000201701600823
Q4532606	6000000120270918836
Q4532666	6000000044412769305
Q4532757	6000000008613945174
Q4532783	6000000001893632143
Q4532787	6000000007004612196
Q4532804	6000000009380789375
Q4532805	6000000008968334173
Q4532806	6000000015917204891
Q4532808	6000000008960113346
Q4532826	6000000120270575862
Q453288	6000000080415884088
Q453293	6000000044018509825
Q4532968	6000000120270575841
Q453313	6000000011601062251
Q4533140	6000000008259906685
Q4533141	6000000008260060839
Q4533142	6000000018614268041
Q4533143	6000000028538716935
Q453330	6000000012447786286
Q453337	6000000184222774829
Q4533381	6000000139994100839
Q453345	6000000044442910159
Q4533465	6000000074731446015
Q4533489	6000000074719095867
Q453349	6000000037656764264
Q453351	6000000013123538738
Q45337	6000000021450225953
Q453384	6000000080047763839
Q45338609	6000000016421670520
Q453393	6000000130535447957
Q4533968	6000000024049169046
Q453399	6000000010882546514
Q453410	6000000083338721875
Q453413	6000000024048048146
Q453415	6000000003198272960
Q453435	6000000009376837342
Q4534378	6000000011249624902
Q453440	6000000021341465682
Q4534411	6000000030452054559
Q4534525	6000000034650664838
Q4534527	6000000027916900006
Q45345489	6000000067665454859
Q45345499	6000000018131089170
Q45345874	6000000001716179818
Q453460	6000000177874948831
Q45346207	6000000079213783975
Q45346566	6000000012991737694
Q45346628	6000000015796399056
Q45346967	6000000005017099699
Q4534754	6000000180373674829
Q4534775	6000000084933277048
Q45347921	6000000074097050225
Q4534810	6000000027987644226
Q4534855	6000000008865532468
Q4534858	6000000073475021838
Q4534858	6000000073484139825
Q4534897	6000000208378434879
Q4534906	6000000010541444185
Q4534978	6000000013718298274
Q45351286	6000000072445608935
Q4535129	6000000177692470873
Q45351425	6000000072745969991
Q45351427	6000000074684576303
Q45351430	6000000074176264016
Q453523	6000000006436803982
Q45352532	6000000030880679136
Q45352564	6000000011397319321
Q45352736	6000000030880324758
Q45352748	6000000009671762410
Q45353	6000000021643824948
Q45353137	6000000009672192288
Q453536	6000000010802311074
Q4535380	6000000076741139587
Q4535388	5173840223250038286
Q4535389	6000000011554546980
Q4535403	6000000020574326941
Q453545	6000000008731286218
Q45354569	6000000074299835960
Q45354571	6000000074684840926
Q45354574	6000000074684054785
Q45354655	6000000038998844924
Q45354657	6000000039008743979
Q45354659	6000000074684624163
Q45354661	6000000038980535499
Q45354664	6000000074684790963
Q45354668	6000000074684304400
Q45354671	6000000074684330361
Q45354674	6000000074367934895
Q45354678	6000000074684855909
Q45354683	6000000074684906897
Q45354685	6000000075061282918
Q45354689	6000000074561941945
Q45354693	6000000074368483857
Q45354694	6000000021691678045
Q45354695	6000000074684972837
Q45354726	6000000074684640210
Q45354728	6000000074684934957
Q45354731	6000000074684314636
Q45354740	6000000074684649219
Q45354743	6000000074684823037
Q45354746	6000000074685041822
Q45354748	6000000074684993881
Q45354751	6000000074684862056
Q45354754	6000000074684504389
Q45354757	6000000074684823042
Q45354761	6000000074684618223
Q45354765	6000000074684387677
Q45354767	6000000074685021861
Q45354769	6000000074684316577
Q45354773	6000000074684993912
Q45354775	6000000074685057822
Q45354780	6000000074684941912
Q45354782	6000000074684248720
Q45354783	6000000074684949993
Q45354784	6000000037591184230
Q45354793	6000000074684655239
Q45354794	6000000074685046852
Q45354800	6000000074684843153
Q45354801	6000000074366772349
Q45354805	6000000074684989125
Q45354808	6000000074684720547
Q45354811	6000000074685028100
Q45354813	6000000074685321823
Q45354816	6000000038998729001
Q45354819	6000000074685167930
Q45354822	6000000074685103125
Q45354825	6000000074684616112
Q45354827	6000000074685085156
Q45354828	6000000074685008139
Q45354829	6000000074685058027
Q45354831	6000000074684455733
Q45354833	6000000074685252932
Q45354834	6000000074684813104
Q45354845	6000000074685280916
Q45354848	6000000074685098082
Q45354853	6000000074685005131
Q45354858	6000000021694860927
Q45354860	6000000074685040069
Q45354863	6000000074684658490
Q45354865	6000000074685043146
Q45354867	6000000074685107057
Q45354869	6000000074685158968
Q45354872	6000000074685337827
Q45354873	6000000074685231980
Q45354875	6000000074685291898
Q45354877	6000000074685260888
Q45354881	6000000074685121120
Q453549	6000000016217531702
Q45354923	6000000074685289914
Q45354930	6000000051097833841
Q45354932	6000000074684993960
Q45354935	6000000074685324865
Q45354938	6000000074685232951
Q45354941	6000000074685089216
Q45354943	6000000074685194977
Q45354951	6000000074684900297
Q45354952	6000000074685145090
Q45354956	6000000074684616567
Q45354965	6000000074684884390
Q45354967	6000000038074018249
Q45354969	6000000074685172070
Q45354973	6000000039008900030
Q45354975	6000000074685345905
Q45354978	6000000074684793429
Q45354980	6000000074685041200
Q45354983	6000000039105625503
Q45354991	6000000074685304973
Q45354994	6000000074685035278
Q45354996	6000000074685194121
Q45354999	6000000074685441822
Q45355003	6000000074685164135
Q45355005	6000000074684935337
Q45355010	6000000074685416860
Q45355012	6000000074685375919
Q45355014	6000000075058140947
Q45355015	6000000074685267929
Q45355021	6000000074685364938
Q45355022	6000000074685452833
Q45355025	6000000074685326986
Q45355026	6000000074685362921
Q45355033	6000000053298865907
Q45355038	6000000074685085266
Q45355041	6000000074685201107
Q45355049	6000000074685214061
Q45355053	6000000074685327002
Q45355059	6000000074685112242
Q45355061	6000000074684780620
Q45355067	6000000074685020295
Q45355069	6000000074685467822
Q45355073	6000000074684743460
Q45355075	6000000074685230043
Q45355077	6000000074685402885
Q45355081	6000000074685231092
Q45355084	6000000074685406869
Q45355087	6000000046285200857
Q45355089	6000000074685355923
Q45355091	6000000074685342973
Q45355094	6000000074685317934
Q45355096	6000000074685146165
Q45355099	6000000074685234166
Q45355101	6000000074685041270
Q45355103	6000000074685501821
Q45355104	6000000074685450931
Q45355107	6000000074685108168
Q45355109	6000000074685196129
Q45355113	6000000074685357955
Q45355116	6000000074685351945
Q45355117	6000000074685196156
Q45355120	6000000074684762605
Q45355128	6000000074685107304
Q45355130	6000000074685217127
Q45355132	6000000074685087226
Q45355136	6000000074685020327
Q45355141	6000000074685476873
Q45355147	6000000074685281232
Q45355152	6000000074685217160
Q45355153	6000000074685552847
Q45355156	6000000074685259207
Q45355158	6000000074685159153
Q45355159	6000000074685304085
Q45355161	6000000074685535856
Q45355162	6000000074685357993
Q45355166	6000000074685503939
Q45355168	6000000074685249263
Q45355170	6000000074685288089
Q45355177	6000000074685231226
Q45355179	6000000074685449968
Q45355182	6000000074685510940
Q45355188	6000000074685660856
Q45355189	6000000074685005522
Q45355191	6000000074685020447
Q45355195	6000000075048623242
Q45355197	6000000074685496103
Q45355202	6000000074685660863
Q45355204	6000000039000887900
Q45355206	6000000074685179295
Q45355207	6000000074685592999
Q45355210	6000000074684794738
Q45355212	6000000074685365211
Q45355215	6000000074685518030
Q45355216	6000000074685701867
Q45355218	6000000074685515028
Q45355224	6000000074685593937
Q45355226	6000000074685723850
Q45355229	6000000074685548064
Q45355232	6000000074685146388
Q45355234	6000000074685611952
Q45355238	6000000074785952949
Q45355240	6000000074685581017
Q45355241	6000000039010273619
Q45355243	6000000047502922617
Q45355253	6000000074685515056
Q45355257	6000000039024730186
Q45355261	6000000074685716887
Q45355264	6000000074685498136
Q45355266	6000000039081458892
Q45355268	6000000074685800837
Q45355271	6000000074685624938
Q45355274	6000000074685784836
Q45355277	6000000074685510197
Q45355279	6000000074685764901
Q45355283	6000000074685306350
Q45355285	6000000074685568029
Q45355293	6000000074685778863
Q45355295	6000000074685306357
Q45355299	6000000074685795837
Q45355301	6000000074685307274
Q45355305	6000000074685378247
Q45355308	6000000074685638966
Q45355310	6000000074685063505
Q45355312	6000000047503761988
Q45355317	6000000046765171857
Q45355320	6000000074686370170
Q45355327	6000000074686660951
Q45355329	6000000074685988560
Q45355332	6000000074686290259
Q45355336	6000000074686442103
Q45355338	6000000074686653940
Q45355340	6000000074686063526
Q45355342	6000000074686670984
Q45355344	6000000074686711939
Q45355349	6000000039024340774
Q45355354	6000000074686755940
Q45355358	6000000074686666993
Q45355360	6000000074685761589
Q45355363	6000000074686163413
Q45355367	6000000074685489066
Q45355369	6000000074686652937
Q45355373	6000000074686555085
Q45355379	6000000075049688821
Q45355382	6000000074686813910
Q45355384	6000000047503757978
Q45355385	6000000074685645786
Q45355387	6000000074686849850
Q45355390	6000000074686687985
Q45355398	6000000074686527180
Q4535540	6000000012430567932
Q45355402	6000000074685409971
Q45355403	6000000074686555135
Q45355404	6000000074686957824
Q45355408	6000000074686938843
Q45355410	6000000075048862148
Q45355415	6000000074686424265
Q45355418	6000000074684883395
Q45355422	6000000074686731051
Q45355426	6000000074686515174
Q45355432	6000000074686583102
Q45355434	6000000074686972822
Q45355438	6000000074686092479
Q45355440	6000000074686675962
Q45355442	6000000074686768015
Q45355445	6000000074686915873
Q45355449	6000000074685641128
Q45355452	6000000075057999034
Q45355456	6000000074686782087
Q45355461	6000000074686699042
Q45355464	6000000074686574976
Q45355466	6000000074685423947
Q45355469	6000000047507851112
Q45355473	6000000074685352009
Q45355476	6000000074686967871
Q45355481	6000000074687041833
Q45355482	6000000074686635153
Q45355486	6000000074686496213
Q45355492	6000000074686761932
Q45355494	6000000074687050828
Q45355497	6000000074686908887
Q453555	6000000023540346438
Q45355505	6000000074687044844
Q45355510	6000000074686995896
Q45355512	6000000074686642103
Q45355517	6000000074686905937
Q45355520	6000000074685020473
Q45355523	6000000074686803990
Q45355531	6000000043383969844
Q45355534	6000000074686226548
Q45355537	6000000039024882066
Q45355541	6000000074686603278
Q45355545	6000000074686207649
Q45355549	6000000074686184252
Q45355554	6000000074686742100
Q45355557	6000000074687013877
Q45355560	6000000074686632115
Q45355563	6000000074686866949
Q45355567	6000000074686987924
Q45355570	6000000074687021877
Q45355573	6000000074686829855
Q45355578	6000000074687232893
Q45355584	6000000074686831136
Q45355586	6000000074687232901
Q45355593	6000000074687136970
Q45355594	6000000074299827045
Q45355597	6000000074687242906
Q45355601	6000000074687396833
Q45355606	6000000074687144989
Q45355609	6000000074686966134
Q45355611	6000000074687411822
Q45355613	6000000074687594888
Q45355615	6000000074688566084
Q45355619	6000000074688814928
Q45355622	6000000074687180952
Q45355629	6000000074687327875
Q45355634	6000000074687190959
Q45355635	6000000074688961821
Q45355638	6000000074687231067
Q45355639	6000000074688947837
Q45355641	6000000074688491243
Q45355642	6000000075049478922
Q45355643	6000000074688590086
Q45355646	6000000074687089069
Q45355649	6000000075049479988
Q45355651	6000000074688024854
Q45355655	6000000074688735979
Q45355657	6000000074688485163
Q45355666	6000000074688404222
Q45355669	6000000074687833924
Q45355672	6000000074688076839
Q45355677	6000000074687753965
Q45355679	6000000074688153930
Q45355682	6000000074688643934
Q45355685	6000000074688269123
Q45355685	6000000075491749972
Q45355689	6000000074688170907
Q45355692	6000000075058388851
Q45355694	6000000074688283852
Q45355698	6000000074688013993
Q453557	6000000002662303087
Q45355700	6000000074687289897
Q45355702	6000000074688741114
Q45355705	6000000074687874093
Q45355707	6000000074689041861
Q45355711	6000000074688590096
Q45355716	6000000074688879883
Q45355720	6000000074688632118
Q45355727	6000000074689028866
Q45355730	6000000074688641126
Q45355731	6000000074687706056
Q45355734	6000000074687787887
Q45355738	6000000074687615105
Q45355741	6000000074688074832
Q45355744	6000000074687200960
Q45355750	6000000074690588913
Q45355753	6000000074690134132
Q45355756	6000000074690351101
Q45355757	6000000074690403961
Q45355760	6000000074689956217
Q45355762	6000000074690663873
Q45355765	6000000074690309037
Q45355771	6000000074690680878
Q45355773	6000000074690602879
Q45355779	6000000074690753834
Q45355781	6000000074690753841
Q45355783	6000000074689513128
Q45355785	6000000074690670858
Q45355788	6000000074690594879
Q45355790	6000000074690493969
Q45355799	6000000074690644867
Q45355802	6000000074690443003
Q45355804	6000000074690376030
Q45355808	6000000074690574903
Q45355810	6000000074690741824
Q45355811	6000000074690402009
Q45355814	6000000074690710852
Q45355818	6000000074690724856
Q45355822	6000000074690420003
Q45355825	6000000074690580909
Q45355833	6000000074690529883
Q45355838	6000000074690783840
Q45355840	6000000074690680964
Q45355841	6000000074690667950
Q45355848	6000000074690625937
Q45355849	6000000074690458985
Q45355851	6000000074690843831
Q45355853	6000000074690614940
Q45355856	6000000074690680969
Q45355858	6000000074690730932
Q45355861	6000000074690678923
Q45355862	6000000074690814837
Q45355867	6000000074690869832
Q45355869	6000000074690799876
Q45355873	6000000074690869837
Q45355876	6000000074690358125
Q45355880	6000000074690573011
Q45355883	6000000074690865826
Q45355886	6000000074690912848
Q45355888	6000000074689643563
Q45355890	6000000074690543994
Q45355893	6000000074690829846
Q45355901	6000000074690705938
Q45355903	6000000074690913881
Q45355907	6000000074690891936
Q45355909	6000000074690912871
Q45355912	6000000074690972834
Q45355914	6000000074690279162
Q45355917	6000000074690376095
Q45355921	6000000074690821903
Q45355924	6000000074690974834
Q45355925	6000000074690921845
Q45355927	6000000074690909859
Q45355931	6000000074690989838
Q45355933	6000000074690705983
Q45355935	6000000074690592993
Q45355938	6000000074690490999
Q45355940	6000000074691037840
Q45355942	6000000074691431837
Q45355950	6000000074691349887
Q45355952	6000000074691395847
Q45355953	6000000074691257899
Q45355957	6000000074691100075
Q45355962	6000000074691502829
Q45355963	6000000074691258954
Q45355967	6000000074691543821
Q45355970	6000000074691261000
Q45355973	6000000074691337916
Q45355974	6000000074691527842
Q45355979	6000000074691448882
Q45355981	6000000074691395892
Q45355984	6000000074691541875
Q45355989	6000000074691402966
Q45355994	6000000074691300970
Q45355997	6000000074690990840
Q45356001	6000000074691546824
Q45356003	6000000074691319961
Q45356007	6000000074691423908
Q45356009	6000000074691523856
Q45356012	6000000074691256938
Q45356017	6000000074691615861
Q45356024	6000000074691565865
Q45356028	6000000074691045041
Q45356033	6000000074691608864
Q45356035	6000000074690596269
Q45356037	6000000074690693211
Q45356043	6000000074691692822
Q45356045	6000000074691565882
Q45356048	6000000074691616834
Q45356051	6000000074691673834
Q45356053	6000000074691449942
Q45356055	6000000074691685854
Q45356059	6000000074690495406
Q45356063	6000000074691552893
Q45356066	6000000074691203067
Q45356068	6000000074691567940
Q45356071	6000000074691754822
Q45356073	6000000074691252122
Q45356076	6000000074691698878
Q45356079	6000000074691224022
Q45356081	6000000074690817231
Q45356082	6000000074691652854
Q45356085	6000000074691662871
Q45356089	6000000074691534970
Q45356092	6000000074690783163
Q45356094	6000000074690987136
Q45356097	6000000074691673852
Q45356100	6000000074691183079
Q45356102	6000000074691789828
Q45356105	6000000074691737860
Q45356108	6000000074691456950
Q45356111	6000000074691792834
Q45356113	6000000074691731853
Q45356117	6000000074691470957
Q45356120	6000000074691278039
Q45356121	6000000074691303994
Q45356122	6000000074691665860
Q45356129	6000000074691050157
Q45356131	6000000074691666886
Q45356133	6000000074691777875
Q45356136	6000000074691647940
Q45356141	6000000074691775835
Q45356142	6000000074691346047
Q45356144	6000000074691729864
Q45356148	6000000074691661893
Q45356151	6000000074691805851
Q45356154	6000000074691151164
Q45356156	6000000074691853838
Q45356164	6000000074691618925
Q45356166	6000000074691892837
Q45356173	6000000074691617949
Q45356175	6000000074691860849
Q45356181	6000000074691675959
Q45356184	6000000074691948842
Q45356190	6000000074691771878
Q45356200	6000000074691914856
Q45356209	6000000074692016822
Q45356211	6000000074691527072
Q45356221	6000000074691680964
Q45356222	6000000074692019831
Q45356225	6000000074691905837
Q45356230	6000000039000484273
Q45356233	6000000074691627927
Q45356236	6000000074691574981
Q45356238	6000000074691053171
Q45356239	6000000074691914900
Q45356241	6000000074690987290
Q45356242	6000000074691805928
Q45356244	6000000074691165160
Q45356247	6000000074691591063
Q45356249	6000000074691543029
Q45356250	6000000074691326087
Q45356254	6000000074692041828
Q45356255	6000000074692137822
Q45356261	6000000074691966926
Q45356265	6000000074691966931
Q45356267	6000000075049759072
Q45356269	6000000074691312213
Q45356271	6000000038176962690
Q45356275	6000000074692216822
Q45356278	6000000074692091867
Q4535628	6000000058027724894
Q45356282	6000000074691960933
Q45356286	6000000074690972313
Q45356289	6000000074692157852
Q45356292	6000000074691471126
Q45356297	6000000074692047910
Q45356299	6000000074691893937
Q45356300	6000000039745099096
Q45356305	6000000074691421140
Q45356312	6000000074689798379
Q45356319	6000000074691806012
Q45356328	6000000074692291834
Q45356334	6000000037746554168
Q45356341	6000000074692052967
Q45356347	6000000074692243866
Q45356349	6000000074692146861
Q45356352	6000000037746729931
Q45356355	6000000037746272248
Q45356356	6000000074691400161
Q45356364	6000000074691735035
Q45356370	6000000074748232852
Q45356373	6000000074692314825
Q45356378	6000000074692319832
Q45356383	6000000074691998991
Q45356387	6000000074689921416
Q45356391	6000000074691986991
Q45356394	6000000074692139900
Q45356397	6000000037746481865
Q45356400	6000000074691915091
Q45356416	6000000074691860987
Q45356419	6000000074692303883
Q45356422	6000000074692332834
Q45356425	6000000074691055445
Q45356429	6000000074691967012
Q45356431	6000000074691592123
Q45356435	6000000074692153906
Q45356438	6000000074692021997
Q45356442	6000000074691797074
Q45356446	6000000074691951995
Q45356449	6000000074692283844
Q45356451	6000000075417140866
Q45356454	6000000074692248907
Q45356456	6000000074692363857
Q45356459	6000000074692406821
Q45356462	6000000074692356854
Q45356466	6000000074692362892
Q45356468	6000000074692091973
Q45356470	6000000074692354870
Q45356472	6000000074691446175
Q45356474	6000000074692286915
Q45356477	6000000075062200941
Q45356481	6000000074692449822
Q45356483	6000000074691266240
Q45356486	6000000074690971498
Q45356489	6000000075049335097
Q45356492	6000000074692327851
Q45356497	6000000074692306924
Q45356499	6000000074692460824
Q45356501	6000000074691353253
Q45356503	6000000075050218824
Q45356507	6000000074691958011
Q45356511	6000000074690726527
Q45356514	6000000074691999074
Q45356516	6000000074692172923
Q45356521	6000000038239653186
Q45356523	6000000074692083026
Q45356525	6000000074691558219
Q45356528	6000000074692007103
Q45356529	6000000046992224869
Q45356531	6000000074691591231
Q45356534	6000000074692302930
Q45356536	6000000074692051954
Q45356540	6000000074692264924
Q45356542	6000000074717167454
Q45356548	6000000074692354898
Q45356552	6000000074692157976
Q45356555	6000000074692476871
Q45356557	6000000074692508857
Q45356561	6000000074692161052
Q45356563	6000000074691230319
Q45356565	6000000074692094069
Q45356567	6000000074692557844
Q45356568	6000000074692192988
Q45356585	6000000074692601826
Q45356587	6000000074692087992
Q45356590	6000000074692123036
Q45356600	6000000074692314975
Q45356603	6000000074692173021
Q45356605	6000000074692518840
Q45356608	6000000074692644827
Q45356612	6000000074689798448
Q45356614	6000000074691505306
Q45356620	6000000074692275976
Q45356623	6000000074692486897
Q45356625	6000000074692543859
Q45356626	6000000074692647838
Q45356629	6000000074692310991
Q45356629	6000000075482684989
Q45356631	6000000074692111125
Q45356634	6000000074692279043
Q45356637	6000000074692613844
Q45356639	6000000074692006149
Q45356643	6000000074692388916
Q45356645	6000000074692547872
Q45356652	6000000074692704831
Q45356656	6000000074692642882
Q45356658	6000000074692428927
Q45356663	6000000074692562893
Q45356665	6000000074690867463
Q45356669	6000000074692721830
Q45356673	6000000074692689822
Q45356675	6000000074692590892
Q45356677	6000000074692735823
Q45356679	6000000074692472949
Q45356684	6000000074691799286
Q45356686	6000000074692260005
Q45356688	6000000074692573882
Q45356690	6000000074692239100
Q45356693	6000000074691956171
Q45356698	6000000074692725836
Q45356700	6000000074691421361
Q45356704	6000000074692305017
Q45356711	6000000074692601849
Q45356715	6000000074691332392
Q45356717	6000000074692737842
Q45356721	6000000074691055581
Q45356723	6000000074692279114
Q45356727	6000000074692239130
Q45356733	6000000074691635294
Q45356735	6000000074692656911
Q45356744	6000000074692649910
Q45356747	6000000074692563961
Q45356750	6000000074692228104
Q45356757	6000000074692088072
Q45356762	6000000074692360064
Q45356765	6000000074692102107
Q45356769	6000000074692429999
Q45356775	6000000074692292065
Q45356779	6000000074692721912
Q45356784	6000000074692749879
Q45356788	6000000074692656964
Q45356790	6000000074692333003
Q45356793	6000000074692713884
Q45356797	6000000074697949996
Q45356798	6000000074698140877
Q45356803	6000000074712111827
Q45356805	6000000050604230144
Q45356808	6000000074698187847
Q45356811	6000000074696963431
Q45356813	6000000074698065977
Q45356816	6000000074698209833
Q45356819	6000000074697484171
Q45356821	6000000074698196842
Q45356824	6000000074698058994
Q45356831	6000000074697925093
Q45356834	6000000074698059031
Q45356838	6000000074697837097
Q45356841	6000000074698161927
Q45356843	6000000074698247856
Q45356845	6000000074696565140
Q45356846	6000000074698221915
Q45356849	6000000074698293963
Q45356858	6000000074698216002
Q45356861	6000000074697996260
Q45356864	6000000051922659821
Q45356868	6000000074698157083
Q45356871	6000000074698129995
Q45356875	6000000074698248025
Q45356877	6000000074698455929
Q45356879	6000000074696650782
Q45356883	6000000074698466857
Q45356887	6000000074698030344
Q45356888	6000000074698162131
Q45356889	6000000074697323613
Q45356893	6000000074698009270
Q45356898	6000000074697574462
Q45356900	6000000074698090168
Q45356903	6000000074698137199
Q45356908	6000000074697837272
Q45356910	6000000074698103226
Q45356913	6000000074698523897
Q45356915	6000000074698563844
Q45356917	6000000038169674992
Q45356920	6000000074698436920
Q45356926	6000000074698582869
Q45356929	6000000038169577981
Q45356932	6000000074698617822
Q45356935	6000000074698593844
Q45356941	6000000074698475960
Q45356948	6000000074698474927
Q45356951	6000000074698409032
Q45356954	6000000074697906378
Q45356958	6000000074698628823
Q45356959	6000000074698582892
Q45356962	6000000074698381015
Q45356965	6000000074697844465
Q45356969	6000000074697906412
Q45356972	6000000074698545949
Q45356975	6000000074698195241
Q45356979	6000000074698525948
Q45356981	6000000039009399011
Q45356984	6000000074698442993
Q45356987	6000000074698061335
Q45356991	6000000074697646553
Q45356992	6000000074698692857
Q45356995	6000000074698264113
Q45356998	6000000074697392686
Q45357	6000000059851747081
Q45357000	6000000074698717869
Q45357001	6000000074698467003
Q45357003	6000000074698554950
Q45357006	6000000074698681846
Q45357010	6000000074698333138
Q45357011	6000000074697323714
Q45357012	6000000074698336070
Q45357015	6000000074698610942
Q45357018	6000000074698467026
Q45357021	6000000074698367894
Q45357024	6000000074698261072
Q45357028	6000000074697820453
Q45357031	6000000074698681888
Q45357034	6000000074697844516
Q45357037	6000000074697055685
Q45357040	6000000074698781823
Q45357045	6000000038998361266
Q45357061	6000000074697855464
Q45357064	6000000074698758879
Q45357071	6000000074698825831
Q45357075	6000000074698299329
Q45357077	6000000074698467139
Q45357081	6000000074698785902
Q45357084	6000000074698624071
Q45357088	6000000074698630939
Q45357094	6000000074698892837
Q45357097	6000000074698793883
Q453571	6000000015115830937
Q45357101	6000000074698624089
Q45357103	6000000074698891872
Q45357104	6000000074698381221
Q45357107	6000000063344390074
Q45357109	6000000074698918833
Q45357113	6000000074698702028
Q45357115	6000000074698564087
Q45357116	6000000063344763900
Q45357118	6000000074697574617
Q45357122	6000000074698912829
Q45357124	6000000074698813912
Q45357126	6000000074698647111
Q45357129	6000000074698891876
Q45357132	6000000074698696030
Q45357134	6000000074697392806
Q45357138	6000000074698882848
Q45357140	6000000074698525159
Q45357143	6000000074698467182
Q45357147	6000000074698702049
Q45357150	6000000074698784944
Q45357153	6000000074697702738
Q45357154	6000000074698928885
Q45357157	6000000074698539130
Q45357160	6000000074698949883
Q45357162	6000000074698786951
Q45357164	6000000074698953886
Q45357174	6000000074698915916
Q45357177	6000000074698757061
Q45357181	6000000074699073827
Q45357183	6000000074699014882
Q45357187	6000000074698878959
Q45357189	6000000074698664125
Q45357192	6000000074698936929
Q45357194	6000000074697861644
Q45357198	6000000074697493769
Q45357201	6000000074698841980
Q45357203	6000000074698696070
Q45357207	6000000074698810977
Q45357209	6000000074698664134
Q45357210	6000000051565496868
Q45357212	6000000074699075867
Q45357216	6000000074699114822
Q45357219	6000000074698508205
Q45357223	6000000074698840972
Q45357226	6000000074698960993
Q45357228	6000000074698684111
Q45357235	6000000074698611123
Q45357237	6000000074698494282
Q45357240	6000000074698749128
Q45357243	6000000074698972906
Q45357246	6000000074699075904
Q45357248	6000000074698819147
Q45357254	6000000074698834990
Q45357256	6000000074699075918
Q45357262	6000000074698865061
Q45357264	6000000074699079885
Q45357269	6000000074699172835
Q45357275	6000000074699034947
Q45357278	6000000074699111940
Q45357280	6000000074699107929
Q45357287	6000000074699256822
Q45357291	6000000074699039990
Q45357294	6000000043383617900
Q45357296	6000000038238506344
Q45357305	6000000074698515323
Q45357307	6000000074698850247
Q45357310	6000000074699210895
Q45357312	6000000074699220912
Q45357314	6000000074698457267
Q45357317	6000000074698990156
Q45357320	6000000074699115043
Q45357322	6000000074699231825
Q45357326	6000000074698727230
Q45357332	6000000074699312938
Q45357334	6000000074698982275
Q45357336	6000000074699376860
Q45357340	6000000074698566443
Q45357346	6000000074699090134
Q45357353	6000000074699255076
Q45357354	6000000074699443869
Q45357358	6000000074698566467
Q45357361	6000000074699160104
Q45357363	6000000074699169071
Q45357366	6000000074699395886
Q45357372	6000000074699120108
Q45357373	6000000074699090209
Q45357374	6000000074699317054
Q45357378	6000000074699496871
Q45357379	6000000074698234789
Q45357381	6000000074699454868
Q45357384	6000000074698978187
Q45357386	6000000074699349018
Q45357391	6000000074699350970
Q45357392	6000000074699174894
Q45357401	6000000074699456955
Q45357404	6000000074699366097
Q45357409	6000000074699565868
Q45357411	6000000074699141181
Q45357414	6000000074699048243
Q45357415	6000000074698829394
Q45357418	6000000074751131231
Q45357422	6000000074690696868
Q45357426	6000000046991510181
Q45357429	6000000074699035265
Q45357435	6000000074699411047
Q45357438	6000000074699607871
Q45357442	6000000074699622850
Q45357446	6000000074699500991
Q45357449	6000000074699468965
Q45357456	6000000074699131096
Q45357458	6000000074699417087
Q45357464	6000000074699205282
Q45357468	6000000074699678822
Q45357471	6000000074699274135
Q45357472	6000000074699492951
Q45357474	6000000014381870584
Q45357476	6000000074699463027
Q45357479	6000000074698846398
Q45357480	6000000074699547916
Q45357481	6000000074699681844
Q45357483	6000000074699458001
Q45357487	6000000074699036248
Q45357489	6000000074699627867
Q45357491	6000000046991683023
Q45357493	6000000074699671850
Q45357497	6000000074699290170
Q45357501	6000000074699048298
Q45357503	6000000074699188231
Q45357506	6000000074689434450
Q45357507	6000000074699460071
Q45357511	6000000074699313202
Q45357514	6000000074699090365
Q45357518	6000000074698961056
Q45357520	6000000074698795533
Q45357523	6000000074699503963
Q45357526	6000000074698833431
Q45357528	6000000074699585911
Q45357529	6000000074699313211
Q45357532	6000000074699475999
Q45357534	6000000074699448034
Q45357542	6000000074699650894
Q45357546	6000000074699354109
Q45357549	6000000074699243880
Q45357551	6000000074699650920
Q45357553	6000000074699695866
Q45357555	6000000074699708858
Q45357558	6000000074699331956
Q45357560	6000000074699140884
Q45357563	6000000074699364124
Q45357565	6000000074699657870
Q45357567	6000000074698610679
Q45357570	6000000074699637956
Q45357573	6000000074699681918
Q45357576	6000000074699709859
Q45357577	6000000074699573938
Q45357582	6000000074699461069
Q45357586	6000000074699326199
Q45357591	6000000074699564028
Q45357594	6000000074698833535
Q45357597	6000000074699493998
Q45357599	6000000074699689936
Q45357608	6000000074699752850
Q45357610	6000000074699790832
Q45357613	6000000074699001421
Q45357615	6000000074698937999
Q45357618	6000000074698874501
Q45357620	6000000074699541102
Q45357623	6000000074699750875
Q45357627	6000000074699410019
Q45357631	6000000074699740870
Q45357634	6000000074699431091
Q45357637	6000000074699488099
Q45357639	6000000074699455087
Q45357642	6000000074699760858
Q45357645	6000000074699242863
Q45357648	6000000074699645941
Q45357652	6000000074698833579
Q45357656	6000000074699046345
Q45357659	6000000074698849047
Q45357662	6000000074699776903
Q45357665	6000000074698938440
Q45357669	6000000074699695017
Q45357671	6000000074699677940
Q45357676	6000000074699752932
Q45357679	6000000074699621984
Q45357684	6000000074699565091
Q45357686	6000000074699355251
Q45357689	6000000074699170387
Q45357697	6000000074699353186
Q45357706	6000000074699077385
Q45357708	6000000074698878570
Q45357711	6000000074699014677
Q45357714	6000000039009087995
Q45357721	6000000074699800918
Q45357724	6000000074699816914
Q45357726	6000000074699657982
Q45357728	6000000074699290307
Q45357732	6000000074699775955
Q45357734	6000000074699751995
Q45357738	6000000074699809963
Q45357740	6000000074699170459
Q45357743	6000000074699518206
Q45357747	6000000074699842888
Q45357749	6000000074699898822
Q45357751	6000000074699925822
Q45357755	6000000074699849877
Q45357758	6000000074699087398
Q45357760	6000000074699576211
Q45357763	6000000074698792764
Q45357764	6000000074699771003
Q45357766	6000000074699423272
Q45357768	6000000074699425231
Q45357771	6000000074699241379
Q45357772	6000000074699813947
Q45357773	6000000074699697016
Q45357774	6000000074699810927
Q45357776	6000000074699940862
Q45357779	6000000074699810019
Q45357781	6000000074699815975
Q45357786	6000000074699721012
Q45357789	6000000074699787093
Q45357793	6000000074699808050
Q45357795	6000000074699983854
Q45357797	6000000074699957886
Q45357798	6000000074700978831
Q45357799	6000000074700905880
Q45357804	6000000074700989821
Q45357813	6000000074699981543
Q45357816	6000000074700436050
Q45357820	6000000074700913908
Q45357823	6000000074752822935
Q45357827	6000000074700859944
Q45357828	6000000014403737814
Q45357830	6000000074700999824
Q45357834	6000000074700775031
Q45357836	6000000074701020822
Q45357840	6000000074700394269
Q45357841	6000000074700664056
Q45357842	6000000074700985844
Q45357845	6000000074700972896
Q45357847	6000000075050112903
Q45357848	6000000074700949886
Q45357851	6000000074700561263
Q45357854	6000000074700769062
Q45357857	6000000074701042843
Q45357861	6000000043401754882
Q45357865	6000000074753048931
Q45357867	6000000074701029139
Q45357870	6000000074701266985
Q45357872	6000000074700814952
Q45357874	6000000074700996212
Q45357881	6000000051091740927
Q45357885	6000000051091892896
Q45357888	6000000074701426833
Q45357894	6000000074701421836
Q45357897	6000000074700947294
Q45357899	6000000074701429854
Q45357901	6000000056073494556
Q45357905	6000000074701456822
Q45357908	6000000074700775515
Q45357911	6000000074701211069
Q45357914	6000000074701416850
Q45357922	6000000074701377910
Q45357924	6000000074700750474
Q45357926	6000000074700962878
Q45357933	6000000039008279741
Q45357937	6000000039025123864
Q45357938	6000000074701314945
Q45357941	6000000074701509821
Q45357946	6000000074701452879
Q45357948	6000000074701411859
Q45357951	6000000074701306956
Q45357957	6000000075324206375
Q45357960	6000000074701475856
Q45357963	6000000074700991195
Q45357966	6000000075050203870
Q45357970	6000000074701496861
Q45357974	6000000074701475873
Q45357980	6000000074701077151
Q45357987	6000000074701487880
Q45357991	6000000074701258102
Q45357995	6000000074700996261
Q45358000	6000000074701456846
Q45358002	6000000074700753565
Q45358005	6000000074701480893
Q45358011	6000000074701480915
Q45358014	6000000074701178176
Q45358017	6000000074700413613
Q45358019	6000000074752993868
Q45358022	6000000074701003261
Q45358023	6000000074701606827
Q45358025	6000000074701396844
Q45358027	6000000074701393971
Q45358030	6000000074701512846
Q45358033	6000000074701614831
Q45358036	6000000074701556897
Q45358040	6000000074701022404
Q45358043	6000000074701295082
Q45358048	6000000074701601870
Q45358052	6000000074701344061
Q45358055	6000000037746567560
Q45358059	6000000039105518235
Q45358061	6000000074701387058
Q45358062	6000000074701677844
Q45358065	6000000074701425077
Q45358068	6000000074701646848
Q45358071	6000000074701574888
Q45358075	6000000074701298162
Q45358077	6000000074701301095
Q45358080	6000000074701497969
Q45358082	6000000074701687823
Q45358083	6000000026464701875
Q45358085	6000000074701000436
Q45358087	6000000075059201918
Q45358089	6000000074701689840
Q45358093	6000000074700925388
Q45358095	6000000074700906534
Q45358097	6000000074701553923
Q45358100	6000000074701656921
Q45358101	6000000016708800596
Q45358103	6000000074701653889
Q45358105	6000000074701704861
Q45358107	6000000074701070378
Q45358115	6000000074701564979
Q45358117	6000000074701635951
Q45358119	6000000074700947587
Q45358126	6000000074701350172
Q45358130	6000000074700906604
Q45358138	6000000074701488082
Q45358141	6000000074701721869
Q45358145	6000000074701751939
Q45358153	6000000074701767957
Q45358157	6000000074701208376
Q45358160	6000000074701495076
Q45358170	6000000074701774907
Q45358173	6000000074701517052
Q45358182	6000000074701459057
Q45358183	6000000074701661013
Q45358199	6000000074701573027
Q45358202	6000000074701835859
Q45358205	6000000074701573032
Q45358211	6000000074701131349
Q45358216	6000000074701843857
Q45358223	6000000074701591958
Q45358225	6000000074701844836
Q45358226	6000000074701814927
Q45358231	6000000074701696949
Q45358237	6000000074701849897
Q45358240	6000000074701468193
Q45358242	6000000074701258391
Q45358246	6000000074701797918
Q45358249	6000000074701900839
Q45358253	6000000074701917843
Q45358256	6000000074701928844
Q45358258	6000000074701782989
Q45358266	6000000074701295266
Q45358270	6000000074701681998
Q45358276	6000000074701526152
Q45358278	6000000074701951826
Q45358284	6000000074701919832
Q45358288	6000000074701915863
Q45358290	6000000074701693059
Q45358292	6000000074701692023
Q45358294	6000000074353607266
Q45358298	6000000074701922876
Q45358298	6000000074791031846
Q453583	6000000147165108987
Q45358301	6000000074701513148
Q45358304	6000000074701719984
Q45358307	6000000074701893892
Q45358309	6000000074701513161
Q45358312	6000000038238445930
Q45358314	6000000074701897947
Q45358319	6000000074701752029
Q45358321	6000000074701965859
Q45358327	6000000074701522155
Q45358332	6000000074702020823
Q45358334	6000000074701619897
Q45358338	6000000074701720028
Q45358339	6000000074701970857
Q45358340	6000000074702011839
Q45358343	6000000074701988867
Q45358347	6000000074701443306
Q45358351	6000000074702021838
Q45358357	6000000074701487297
Q45358359	6000000074701602226
Q45358361	6000000074701848947
Q45358364	6000000074702879924
Q45358366	6000000074701675166
Q45358373	6000000074702499135
Q45358378	6000000074702054934
Q45358379	6000000074701316536
Q45358382	6000000074715819862
Q45358387	6000000074701897095
Q45358392	6000000074701833216
Q45358396	6000000074701989015
Q45358398	6000000074702136918
Q45358401	6000000074701968079
Q45358407	6000000074701476451
Q45358408	6000000074702216879
Q45358416	6000000074702627925
Q45358417	6000000074701495709
Q45358420	6000000074702807830
Q45358424	6000000075050368821
Q45358426	6000000075049908123
Q45358430	6000000074702615918
Q45358436	6000000074702349189
Q45358438	6000000074701959219
Q45358443	6000000074702464893
Q45358449	6000000074702712925
Q45358453	6000000074702548990
Q45358456	6000000074702498002
Q45358457	6000000039000923022
Q45358459	6000000074702816872
Q45358463	6000000074702186490
Q45358464	6000000074702696961
Q45358466	6000000074702789948
Q45358468	6000000074702702970
Q45358470	6000000074702550100
Q45358474	6000000074702857843
Q45358476	6000000074702326168
Q45358479	6000000074702728033
Q45358482	6000000074702439211
Q45358484	6000000074702448150
Q45358487	6000000074702753986
Q45358495	6000000074702886852
Q45358498	6000000074702378292
Q45358501	6000000074702403077
Q45358504	6000000074702738001
Q45358506	6000000074702915826
Q45358511	6000000074702865844
Q45358514	6000000074702880868
Q45358516	6000000074702664073
Q45358519	6000000074702287403
Q45358524	6000000074702835920
Q45358526	6000000074701799642
Q45358531	6000000074702855893
Q45358533	6000000074703525876
Q45358536	6000000074703593871
Q45358539	6000000074703690827
Q45358551	6000000074703127312
Q45358557	6000000039104857221
Q45358560	6000000074703140346
Q45358563	6000000074703214104
Q45358566	6000000074703414096
Q45358570	6000000074702632767
Q45358572	6000000074703520989
Q45358576	6000000074703350197
Q45358579	6000000074703608934
Q45358580	6000000074703728889
Q45358582	6000000074703787828
Q45358587	6000000074703609975
Q45358589	6000000074703737860
Q45358591	6000000074702909503
Q45358594	6000000074703225375
Q45358597	6000000074703343014
Q45358601	6000000074702731740
Q45358603	6000000074703660859
Q45358604	6000000074703714964
Q45358608	6000000074703749896
Q45358611	6000000074703254248
Q45358613	6000000074703596999
Q45358616	6000000074703784852
Q45358619	6000000074703714970
Q45358621	6000000074703650922
Q45358624	6000000074702947518
Q45358629	6000000074703743885
Q45358635	6000000074703816822
Q45358639	6000000074703669914
Q45358642	6000000037722407899
Q45358651	6000000074703553127
Q45358658	6000000074703467161
Q45358662	6000000074703479152
Q45358665	6000000074703666923
Q45358672	6000000074703766993
Q45358680	6000000074703169313
Q45358688	6000000074703934842
Q45358692	6000000047504086215
Q45358700	6000000074703568197
Q45358706	6000000074703455290
Q45358709	6000000074703472178
Q45358712	6000000074703939892
Q45358713	6000000074703351433
Q45358714	6000000074702947698
Q45358717	6000000074703778022
Q45358724	6000000074703618152
Q45358725	6000000074703651041
Q45358728	6000000075049957094
Q45358730	6000000074703651046
Q45358736	6000000074564704942
Q45358741	6000000074703607149
Q45358744	6000000074703738092
Q45358748	6000000075325268849
Q45358754	6000000074703881977
Q45358756	6000000074702835655
Q45358758	6000000074703945901
Q45358761	6000000074703992850
Q45358763	6000000038176708550
Q45358766	6000000046864571932
Q45358769	6000000074703552148
Q45358772	6000000074703930948
Q45358774	6000000075406643858
Q45358777	6000000074703856002
Q45358779	6000000074703656033
Q45358783	6000000074703996907
Q45358784	6000000074703653038
Q45358789	6000000074703754034
Q45358792	6000000074703889954
Q45358794	6000000020237752056
Q45358795	6000000074703897977
Q453588	6000000051190297092
Q45358800	6000000074703849050
Q45358802	6000000074703967882
Q45358804	6000000074703482258
Q45358806	6000000074703496222
Q45358808	6000000074703801101
Q45358809	6000000074704012868
Q45358811	6000000074704007891
Q45358813	6000000074704056872
Q45358815	6000000074703591227
Q45358818	6000000074704022887
Q45358820	6000000074703662173
Q45358824	6000000074703704124
Q45358830	6000000074704066876
Q45358833	6000000074704009944
Q45358835	6000000074704075907
Q45358837	6000000074703945980
Q45358839	6000000074703730104
Q45358842	6000000074704113836
Q45358844	6000000074703791137
Q45358845	6000000074702936742
Q45358846	6000000074703928057
Q45358851	6000000074704130877
Q45358854	6000000074703924095
Q45358858	6000000043404207860
Q45358862	6000000074703882076
Q45358865	6000000074704063938
Q45358866	6000000074703296429
Q45358868	6000000074704140872
Q45358873	6000000074703351598
Q45358874	6000000074703185568
Q45358876	6000000074703816181
Q45358879	6000000074703879031
Q45358883	6000000074703899037
Q45358886	6000000074703607298
Q45358888	6000000074704225822
Q45358892	6000000074704234821
Q45358894	6000000074704054915
Q45358897	6000000074703935118
Q453589	6000000026829687486
Q45358900	6000000074704178907
Q45358902	6000000074703626312
Q45358906	6000000074703694349
Q45358907	6000000074704145846
Q45358912	6000000074704005999
Q45358919	6000000074704214845
Q45358924	6000000074703580402
Q45358928	6000000074702950322
Q45358929	6000000074703581358
Q45358933	6000000074702403544
Q45358935	6000000074703730194
Q45358937	6000000074703562377
Q45358939	6000000074703990108
Q45358942	6000000074704302831
Q45358947	6000000074312541048
Q45358953	6000000074704320830
Q45358956	6000000074704012056
Q45358963	6000000074704334827
Q45358966	6000000074704309830
Q45358973	6000000074703393671
Q45358976	6000000074703813265
Q45358977	6000000074704371841
Q45358979	6000000038918476147
Q45358980	6000000074704386826
Q45358985	6000000074704339898
Q45358988	6000000074704048081
Q45358991	6000000074704082092
Q45358993	6000000074703185673
Q45358995	6000000074703813283
Q45358996	6000000074704225947
Q45358999	6000000074704279895
Q45359003	6000000074703760359
Q45359005	6000000074703954117
Q45359009	6000000074703564343
Q45359013	6000000074704379892
Q45359016	6000000038200774657
Q45359020	6000000038200932339
Q45359024	6000000074704462850
Q45359027	6000000074704048134
Q45359032	6000000074704427858
Q45359033	6000000074703651267
Q45359038	6000000074704426891
Q45359042	6000000074704392872
Q45359045	6000000074704269965
Q45359048	6000000074703662510
Q45359053	6000000074704462882
Q4535906	6000000192583109821
Q45359062	6000000074703813390
Q45359069	6000000074704006157
Q4535907	6000000040439425095
Q45359073	6000000074704423966
Q45359077	6000000074704248105
Q45359082	6000000074704580852
Q45359083	6000000074704222014
Q45359089	6000000038980876871
Q4535909	6000000025603512573
Q45359094	6000000074704650822
Q45359096	6000000074704141171
Q45359099	6000000074704230160
Q45359100	6000000074704481934
Q45359103	6000000074704124128
Q45359108	6000000074704471959
Q4535911	6000000003273391997
Q45359111	6000000074704626894
Q45359118	6000000074704447004
Q45359121	6000000074704660847
Q45359123	6000000074704274067
Q45359125	6000000074704095211
Q45359127	6000000074704557884
Q45359129	6000000074704683829
Q45359131	6000000074704111213
Q45359136	6000000074704245222
Q45359141	6000000074717087896
Q45359144	6000000074704386071
Q45359146	6000000074704175181
Q45359155	6000000074703946324
Q45359157	6000000074704603931
Q45359160	6000000074703906377
Q45359163	6000000074704141214
Q45359166	6000000074704216154
Q45359170	6000000074704154146
Q45359173	6000000074704415968
Q45359176	6000000074704759828
Q45359181	6000000074704683017
Q45359183	6000000074704437071
Q45359185	6000000074704070270
Q45359187	6000000074704424082
Q45359197	6000000074704638937
Q45359200	6000000074704797826
Q45359206	6000000074704780864
Q45359209	6000000074704782882
Q45359213	6000000074704680973
Q45359218	6000000074704610935
Q45359223	6000000074703914537
Q45359228	6000000074704674915
Q45359230	6000000074704240168
Q45359235	6000000038238520094
Q45359238	6000000038238082372
Q45359239	6000000074704109405
Q45359243	6000000074704614138
Q45359244	6000000074704266220
Q45359246	6000000074704777883
Q45359249	6000000074704896836
Q45359260	6000000074704299206
Q45359262	6000000074704830867
Q45359264	6000000074704720983
Q45359265	6000000074704757894
Q45359269	6000000074704745919
Q45359276	6000000074704524104
Q45359282	6000000074704794927
Q45359283	6000000074704399156
Q45359284	6000000074704657033
Q45359289	6000000039009350237
Q45359290	6000000074704932837
Q45359290	6000000075489654938
Q45359291	6000000074704524134
Q45359298	6000000074704521097
Q45359301	6000000074704901857
Q45359304	6000000074704895859
Q45359307	6000000074704542119
Q45359309	6000000074704006346
Q45359312	6000000074704518115
Q45359317	6000000074704452194
Q45359319	6000000074704749959
Q45359322	6000000074704592050
Q45359326	6000000074704771940
Q45359327	6000000074704852948
Q45359328	6000000074704804929
Q45359332	6000000074704947868
Q45359334	6000000074704243064
Q45359338	6000000074704829937
Q45359341	6000000074702950509
Q45359343	6000000074704729031
Q45359344	6000000074704955852
Q45359361	6000000074704836030
Q45359363	6000000074704539086
Q45359369	6000000074705045835
Q45359372	6000000038981081878
Q45359375	6000000074704584106
Q45359376	6000000074704931969
Q45359378	6000000074704927970
Q45359379	6000000074704480279
Q45359383	6000000038177098437
Q45359387	6000000074705065868
Q45359388	6000000074704868057
Q45359391	6000000074705026919
Q45359393	6000000074701558821
Q45359395	6000000074705112838
Q45359398	6000000074705063870
Q453594	6000000007090709403
Q45359401	6000000074705032887
Q45359406	6000000074705026943
Q45359412	6000000074705149837
Q45359418	6000000182733824842
Q4535942	6000000008413123860
Q45359420	6000000074703990639
Q45359423	6000000074705166883
Q45359426	6000000074705128877
Q45359428	6000000074705021965
Q45359433	6000000074704862115
Q45359434	6000000074704887081
Q45359438	6000000038176931640
Q45359448	6000000074704792215
Q45359449	6000000074705070923
Q45359453	6000000074704811151
Q45359455	6000000074705107918
Q45359459	6000000074705014931
Q45359463	6000000074704437429
Q45359465	6000000074705020923
Q45359469	6000000074705053899
Q45359470	6000000074705087960
Q45359472	6000000074704810094
Q45359473	6000000074705197897
Q45359477	6000000074331640065
Q45359479	6000000074704963980
Q45359482	6000000074704913006
Q45359485	6000000074705229828
Q45359489	6000000074705000039
Q45359497	6000000074705110897
Q45359501	6000000074704887108
Q45359505	6000000074705162886
Q45359508	6000000074704908147
Q45359510	6000000074331604194
Q45359514	6000000074331781060
Q45359516	6000000074704887114
Q45359519	6000000074704887118
Q45359520	6000000074704195241
Q45359522	6000000074705281838
Q45359524	6000000074704279130
Q45359527	6000000049584182087
Q45359532	6000000074705286861
Q45359537	6000000074705343825
Q45359540	6000000074705188848
Q45359541	6000000074704828267
Q45359543	6000000074705127925
Q45359545	6000000074705365822
Q45359549	6000000074705297885
Q45359553	6000000074704710243
Q45359555	6000000074705273881
Q45359561	6000000074704923087
Q45359566	6000000074705175885
Q45359572	6000000074704951161
Q45359577	6000000074705320867
Q45359580	6000000074705357882
Q45359584	6000000074704870175
Q45359588	6000000074705277883
Q45359592	6000000074704934122
Q45359594	6000000074705104014
Q4535960	6000000190492242838
Q45359602	6000000074704406471
Q45359611	6000000074704962923
Q45359612	6000000074705341877
Q45359615	6000000074705409839
Q45359619	6000000074704526389
Q45359621	6000000074705230961
Q45359629	6000000074704922185
Q45359633	6000000074705083037
Q45359637	6000000074705398843
Q45359639	6000000074705307943
Q4535964	6000000194333136826
Q45359641	6000000074705436826
Q45359645	6000000074705286912
Q45359648	6000000074705440842
Q45359650	6000000074705170049
Q45359655	6000000074705422871
Q45359661	6000000074705081862
Q45359667	6000000074705498826
Q4535967	6000000190492228835
Q45359670	6000000074705250996
Q45359689	6000000074705466898
Q45359692	6000000074704710048
Q45359695	6000000074704822053
Q45359696	6000000074705510885
Q45359698	6000000038980368498
Q45359707	6000000074705070930
Q45359708	6000000074705250012
Q45359716	6000000074705527880
Q45359720	6000000074704750348
Q45359734	6000000074705546852
Q45359739	6000000074705387051
Q45359742	6000000074705563860
Q45359743	6000000074704565723
Q45359744	6000000043402337881
Q45359746	6000000074705538914
Q45359751	6000000074705488961
Q45359755	6000000074705101284
Q45359759	6000000074705289847
Q45359762	6000000074705088316
Q45359764	6000000074705346827
Q45359768	6000000074705024264
Q45359771	6000000074705383018
Q45359773	6000000074705451920
Q45359776	6000000074705219187
Q45359777	6000000074705501944
Q45359780	6000000074705180225
Q45359787	6000000074705659822
Q45359791	6000000074705201235
Q45359792	6000000074705661822
Q45359795	6000000074705558927
Q45359797	6000000074705223170
Q45359798	6000000074705006980
Q45359805	6000000074705604859
Q45359809	6000000074705527980
Q45359815	6000000074704308268
Q45359826	6000000074705592946
Q45359827	6000000074705679822
Q45359830	6000000074705625872
Q45359832	6000000074704939344
Q45359834	6000000074705485955
Q45359838	6000000074705473007
Q45359841	6000000074705475018
Q45359844	6000000074705588889
Q45359847	6000000075058325993
Q45359850	6000000074705250135
Q45359854	6000000074705180266
Q45359856	6000000074705638858
Q45359859	6000000074705644902
Q45359863	6000000039105702108
Q45359866	6000000074705706825
Q45359868	6000000074705301217
Q45359873	6000000074705024344
Q45359874	6000000074705361159
Q45359880	6000000074705519068
Q45359887	6000000074705738827
Q45359889	6000000074705398150
Q45359892	6000000038916373841
Q45359893	6000000074705744863
Q45359899	6000000074705788847
Q45359909	6000000074705786847
Q45359913	6000000074705818821
Q45359918	6000000074705153361
Q45359920	6000000074705707867
Q45359924	6000000074705349167
Q45359925	6000000074705562012
Q45359928	6000000074704944447
Q4535993	6000000194333725822
Q45359930	6000000074705345143
Q45359934	6000000074705504188
Q45359936	6000000074705437202
Q45359939	6000000074705031515
Q45359941	6000000074705210327
Q45359943	6000000074705432186
Q45359945	6000000074704999493
Q45359947	6000000074705166383
Q45359950	6000000074705789915
Q45359952	6000000074704911553
Q45359957	6000000074705258287
Q45359959	6000000074705630044
Q45359961	6000000074705830889
Q45359964	6000000074705643081
Q45359966	6000000074705278247
Q45359972	6000000074705667056
Q45359974	6000000043648340991
Q45359976	6000000074705808891
Q45359979	6000000074705423221
Q45359981	6000000075058167110
Q45359985	6000000074705458180
Q45359991	6000000074705745015
Q45359994	6000000074705678034
Q45359998	6000000074704541770
Q45360005	6000000074705834037
Q45360009	6000000074706035901
Q45360013	6000000074705301381
Q45360023	6000000074706041906
Q45360027	6000000074705423359
Q45360030	6000000074705859088
Q45360034	6000000074706109827
Q45360037	6000000074705102594
Q45360042	6000000074706135831
Q45360043	6000000074706114823
Q45360047	6000000074705995955
Q45360052	6000000074706048896
Q45360055	6000000074706137826
Q45360058	6000000074705964941
Q45360059	6000000074705102602
Q45360063	6000000074705037720
Q45360065	6000000039104716593
Q45360067	6000000074705712166
Q45360072	6000000074705985008
Q45360075	6000000074705473368
Q45360078	6000000074706029943
Q4536008	6000000069899315390
Q45360086	6000000074705452252
Q45360091	6000000074706265845
Q45360092	6000000074705778908
Q45360097	6000000074705367175
Q45360100	6000000074705996017
Q45360102	6000000074705691318
Q45360111	6000000074706251837
Q45360115	6000000074706014053
Q45360120	6000000074705589287
Q45360121	6000000074706077035
Q45360127	6000000074706064033
Q45360132	6000000058104289026
Q45360134	6000000074706084006
Q45360136	6000000074706332828
Q45360138	6000000074705692260
Q45360141	6000000074705969098
Q45360145	6000000074706280880
Q45360147	6000000074706036045
Q45360152	6000000074705496359
Q45360155	6000000074705950084
Q45360156	6000000074706316837
Q45360161	6000000074706030146
Q45360166	6000000074705383599
Q45360168	6000000074706311890
Q45360170	6000000074706054962
Q45360173	6000000074705465437
Q45360180	6000000074706155917
Q45360182	6000000074706377834
Q45360190	6000000074350006913
Q45360192	6000000074705596317
Q45360194	6000000074706247957
Q45360197	6000000075050188986
Q45360200	6000000074706286287
Q45360206	6000000074707161345
Q45360212	6000000074707764940
Q45360215	6000000074707686044
Q45360219	6000000074707764957
Q45360221	6000000074707781907
Q45360224	6000000074707686055
Q45360227	6000000074707914840
Q45360236	6000000074707927834
Q45360239	6000000074707880860
Q45360249	6000000074707909855
Q45360253	6000000074707431154
Q45360259	6000000074707968822
Q45360263	6000000074707994829
Q45360265	6000000074707931900
Q45360269	6000000074707798980
Q45360273	6000000074707695026
Q45360274	6000000074707408358
Q45360275	6000000074707961831
Q45360276	6000000074707576091
Q45360278	6000000074707394271
Q45360281	6000000074707754968
Q45360284	6000000049502299944
Q45360287	6000000049549739823
Q45360291	6000000074709389967
Q45360294	6000000074709399965
Q45360296	6000000074709742837
Q45360299	6000000074709120122
Q45360300	6000000074709691842
Q45360303	6000000074709774831
Q45360305	6000000074709474920
Q45360308	6000000074709748863
Q45360310	6000000074709557910
Q45360312	6000000074709632898
Q45360313	6000000074709754849
Q45360317	6000000074709618900
Q45360319	6000000074709700906
Q45360323	6000000074708870420
Q45360324	6000000074709783851
Q45360328	6000000074709551988
Q45360337	6000000074709822907
Q45360341	6000000074709877839
Q45360348	6000000074709737922
Q45360352	6000000074709782864
Q45360355	6000000074709224186
Q45360357	6000000074709829895
Q45360359	6000000074709816862
Q45360363	6000000074705488914
Q45360367	6000000074708773570
Q45360370	6000000074709266162
Q45360372	6000000074704771039
Q45360375	6000000074709807933
Q45360381	6000000074709433120
Q45360385	6000000072711396093
Q45360385	6000000074684366450
Q45360386	6000000072711469965
Q45360386	6000000074684118580
Q45360390	6000000019496408347
Q45360393	6000000074299395165
Q45360398	6000000074710068894
Q45360403	6000000074710152901
Q45360405	6000000074709919986
Q45360407	6000000074710298834
Q45360410	6000000074710042972
Q45360441	6000000074709812126
Q45360451	6000000074709883117
Q45360456	6000000074710204873
Q45360476	6000000074685451821
Q45360480	6000000074710337841
Q45360483	6000000038221430911
Q45360488	6000000074710369840
Q45360492	6000000074709747112
Q45360495	6000000074710363867
Q45360499	6000000074710222912
Q45360501	6000000074684967919
Q45360505	6000000074684387547
Q45360507	6000000038998824887
Q45360508	6000000074685055838
Q45360511	6000000074684525441
Q45360515	6000000074710278941
Q45360517	6000000051912041095
Q45360520	6000000074737723913
Q45360525	6000000074709747128
Q45360527	6000000051909713998
Q45360529	6000000074683797400
Q45360531	6000000074709988031
Q45360533	6000000074710510847
Q45360535	6000000074710051089
Q45360540	6000000074709223336
Q45360542	6000000074710426822
Q45360545	6000000074709965150
Q45360547	6000000074684878104
Q45360556	6000000074685098043
Q45360560	6000000074710532894
Q45360564	6000000074710530906
Q45360567	6000000074684869163
Q45360573	6000000074710570889
Q45360575	6000000051097871821
Q45360578	6000000074710716828
Q45360582	6000000074710157956
Q45360589	6000000074710609900
Q45360593	6000000074684949864
Q45360595	6000000074710723849
Q45360598	6000000074710386056
Q45360602	6000000074710673822
Q45360606	6000000074368165875
Q45360607	6000000074710526869
Q45360613	6000000021693434731
Q45360616	6000000074710008024
Q45360620	6000000074710455938
Q45360622	6000000074710749823
Q45360624	6000000074710756821
Q45360629	6000000074710434944
Q45360631	6000000074710633884
Q45360640	6000000038918929852
Q45360646	6000000075058394851
Q45360649	6000000039105934894
Q45360654	6000000039105897871
Q45360656	6000000074685238040
Q45360657	6000000074710637889
Q45360662	6000000074710655879
Q45360667	6000000074710403994
Q45360673	6000000074710688873
Q45360675	6000000074710350957
Q45360680	6000000074685501826
Q45360682	6000000074684995127
Q45360684	6000000074684712676
Q45360687	6000000074685256024
Q45360691	6000000074710590001
Q45360693	6000000074710391993
Q45360697	6000000074685612012
Q45360700	6000000074685550855
Q45360704	6000000074685263265
Q45360706	6000000074686094440
Q45360709	6000000074710601041
Q45360718	6000000074710428058
Q45360721	6000000058103013940
Q45360725	6000000074685079274
Q45360733	6000000074686779878
Q45360737	6000000049501939287
Q45360739	6000000074710986839
Q45360743	6000000074685030330
Q45360745	6000000075057444317
Q4536075	6000000194334014874
Q45360750	6000000074685266112
Q45360753	6000000074685395924
Q45360757	6000000074684550791
Q45360763	6000000074685220963
Q45360767	6000000074710688972
Q45360770	6000000074710909930
Q45360773	6000000074711018841
Q45360776	6000000074710910883
Q45360778	6000000074686641019
Q45360797	6000000074710951895
Q45360800	6000000074710622982
Q45360805	6000000074685495938
Q45360807	6000000074711030835
Q45360809	6000000074686789941
Q45360812	6000000074685517834
Q45360817	6000000074710650074
Q45360820	6000000074686805863
Q45360823	6000000074710783945
Q45360826	6000000047508113887
Q45360830	6000000074710936853
Q45360832	6000000074710753939
Q45360834	6000000074710216268
Q45360837	6000000074710713061
Q45360843	6000000074785927861
Q45360845	6000000075483288024
Q45360850	6000000074686789936
Q45360852	6000000074709939435
Q45360854	6000000074685895823
Q45360859	6000000074710547048
Q45360861	6000000074710424008
Q45360863	6000000074686552048
Q45360869	6000000074711066822
Q45360872	6000000074686812024
Q45360876	6000000074687136896
Q45360878	6000000074686207680
Q45360880	6000000074710865941
Q45360883	6000000074687089821
Q45360888	6000000074711027853
Q45360893	6000000074687078050
Q45360894	6000000047095903910
Q45360896	6000000074711047844
Q45360899	6000000074687225918
Q45360902	6000000074710552079
Q45360905	6000000074711033843
Q45360907	6000000074687247921
Q45360918	6000000074710583200
Q45360921	6000000074686911144
Q45360923	6000000038916321078
Q45360927	6000000038201405034
Q45360934	6000000074710991968
Q45360937	6000000038074753004
Q45360938	6000000074687877832
Q45360945	6000000074688245828
Q45360946	6000000075062009836
Q45360953	6000000074711228866
Q45360959	6000000074690418092
Q45360961	6000000074690582937
Q45360963	6000000074690712921
Q45360963	6000000074690740921
Q45360967	6000000074711359883
Q45360968	6000000074710976020
Q45360971	6000000074711436833
Q45360976	6000000074711412842
Q45360978	6000000074711346891
Q45360980	6000000074711450829
Q45360981	6000000074711458824
Q45360985	6000000074690619018
Q45360987	6000000074710967186
Q45360992	6000000074710812301
Q45360995	6000000037632538822
Q45360997	6000000037632172652
Q45361000	6000000074711417035
Q45361002	6000000074710967194
Q45361005	6000000074711707829
Q45361006	6000000074711774822
Q45361007	6000000074711315093
Q45361010	6000000074690438305
Q45361013	6000000074691448837
Q45361016	6000000074711735866
Q45361017	6000000074691377876
Q45361021	6000000038176754351
Q45361023	6000000074690641055
Q45361025	6000000038177342034
Q45361032	6000000075415452866
Q45361034	6000000074711508974
Q45361036	6000000074711797838
Q45361039	6000000074711658890
Q45361040	6000000074711508003
Q45361046	6000000074711833827
Q45361051	6000000074711801825
Q45361055	6000000074710812379
Q45361057	6000000075058222021
Q45361063	6000000074711196094
Q45361067	6000000074711619983
Q45361070	6000000074710898245
Q45361073	6000000074691383942
Q45361075	6000000074711703901
Q45361078	6000000074711834832
Q45361085	6000000074711892842
Q45361087	6000000039151886701
Q45361090	6000000074459017028
Q45361091	6000000074459232008
Q45361098	6000000074711572973
Q45361099	6000000074711478959
Q45361107	6000000074691771869
Q45361111	6000000074711654913
Q45361122	6000000074710958220
Q45361128	6000000074711534046
Q45361131	6000000074711546999
Q45361133	6000000037678023823
Q45361135	6000000074711598975
Q45361140	6000000074691863936
Q45361145	6000000074691913891
Q45361152	6000000074711108190
Q45361155	6000000074691695985
Q45361159	6000000074692101821
Q45361165	6000000074711296129
Q45361168	6000000074710216752
Q45361170	6000000074710791287
Q45361173	6000000074689921383
Q45361175	6000000074691921864
Q45361177	6000000074711178178
Q45361188	6000000075049909998
Q45361194	6000000074711737928
Q45361195	6000000074711960823
Q45361198	6000000074692216877
Q45361200	6000000038224199406
Q45361202	6000000074711896858
Q45361206	6000000074711737933
Q45361208	6000000037746727434
Q45361211	6000000037747094834
Q45361216	6000000037746008447
Q45361218	6000000074711224106
Q45361220	6000000074691055440
Q45361222	6000000037746927976
Q45361225	6000000038223699107
Q45361241	6000000074690065759
Q45361243	6000000074692047979
Q45361253	6000000074711918876
Q45361255	6000000074711866908
Q45361257	6000000074692109006
Q45361260	6000000074711747962
Q45361261	6000000074711818862
Q45361265	6000000074712001828
Q45361268	6000000074691956917
Q45361272	6000000074711856981
Q45361273	6000000074712039821
Q45361274	6000000074711648989
Q45361277	6000000075050127874
Q45361278	6000000074711893894
Q45361281	6000000074692447835
Q45361283	6000000074712044829
Q45361287	6000000074692337883
Q45361288	6000000074692486821
Q4536129	6000000194335170842
Q45361291	6000000074712053826
Q45361295	6000000074712018845
Q45361298	6000000074691749176
Q45361301	6000000038239650242
Q45361303	6000000038239502452
Q45361308	6000000074717752054
Q4536131	6000000174048346085
Q45361310	6000000039745239829
Q45361314	6000000074717862001
Q45361315	6000000074691799109
Q45361318	6000000074717341384
Q45361322	6000000074711957893
Q45361325	6000000074718105851
Q45361328	6000000074711941881
Q45361332	6000000074692515822
Q45361334	6000000074692476893
Q45361336	6000000043384089865
Q45361338	6000000074368385964
Q45361340	6000000074692468848
Q45361342	6000000074691592226
Q45361345	6000000074712084825
Q45361349	6000000074711899895
Q45361352	6000000074711920907
Q45361357	6000000074711859909
Q45361359	6000000074710750309
Q45361359	6000000075482769888
Q45361363	6000000074689798477
Q45361367	6000000074711895905
Q45361368	6000000074692088034
Q45361370	6000000074692300024
Q45361372	6000000074692521902
Q45361375	6000000074692502967
Q45361379	6000000074712115824
Q45361380	6000000074692174992
Q45361382	6000000074692279137
Q45361384	6000000050603633697
Q45361388	6000000074697581076
Q45361392	6000000074692861846
Q45361393	6000000074692885832
Q45361395	6000000074711908933
Q45361398	6000000074698092883
Q45361403	6000000074711815945
Q45361404	6000000074698204845
Q45361407	6000000074712033868
Q45361410	6000000074711450078
Q45361412	6000000074697683126
Q45361414	6000000051922223007
Q45361417	6000000074698252051
Q45361422	6000000074712061906
Q45361428	6000000074711919980
Q45361432	6000000074711011142
Q45361434	6000000074698445916
Q45361436	6000000074711643105
Q45361439	6000000074698409038
Q45361441	6000000074697404660
Q45361443	6000000074698491901
Q45361446	6000000074698508846
Q45361448	6000000074698250049
Q45361451	6000000038176436355
Q45361453	6000000038169487270
Q45361458	6000000074697699377
Q45361461	6000000074712147825
Q45361463	6000000074698482919
Q45361466	6000000038169422421
Q45361467	6000000074712111867
Q45361468	6000000074712190843
Q45361471	6000000074698185222
Q45361475	6000000074698457999
Q45361479	6000000074712124878
Q45361481	6000000074697982338
Q45361484	6000000074698753842
Q45361487	6000000074697702552
Q45361490	6000000074698691898
Q45361494	6000000074697468778
Q45361498	6000000074712127920
Q45361502	6000000074698665965
Q45361506	6000000074711882058
Q45361515	6000000074711849022
Q45361517	6000000074712033899
Q45361520	6000000074698583111
Q45361524	6000000074712080930
Q45361528	6000000074698161447
Q45361532	6000000074697493584
Q45361535	6000000074698539032
Q45361539	6000000038241893020
Q45361541	6000000063344866862
Q45361544	6000000074711944977
Q45361546	6000000074712126893
Q45361550	6000000074711762051
Q45361551	6000000074711664098
Q45361554	6000000074711944058
Q45361556	6000000074698986849
Q45361557	6000000074711985944
Q45361559	6000000074711926964
Q45361562	6000000074712158867
Q45361569	6000000074712045953
Q45361574	6000000074712238825
Q45361575	6000000074698931853
Q45361578	6000000074712264878
Q45361582	6000000074698834954
Q45361584	6000000074712223871
Q45361588	6000000074712274889
Q45361591	6000000074712093999
Q45361594	6000000074712186893
Q45361596	6000000074699191300
Q45361601	6000000074712170935
Q45361605	6000000074697829713
Q45361608	6000000074699700822
Q45361610	6000000074699188832
Q45361621	6000000074698554412
Q45361639	6000000074698939223
Q45361641	6000000074699170247
Q45361643	6000000074699300949
Q45361649	6000000074699188214
Q45361652	6000000074712406909
Q45361656	6000000074712047969
Q45361659	6000000074699058917
Q45361661	6000000074712239992
Q45361666	6000000074712509868
Q45361671	6000000074712349838
Q45361673	6000000074712576841
Q45361677	6000000074712389907
Q45361681	6000000074712177929
Q45361688	6000000074699158863
Q45361693	6000000074698234567
Q453617	6000000012933236330
Q45361707	6000000074712348823
Q45361709	6000000038998938948
Q45361711	6000000074712324871
Q45361713	6000000074698979384
Q45361714	6000000074699684936
Q45361717	6000000074712424878
Q45361720	6000000074699460953
Q45361727	6000000074712313832
Q45361728	6000000074698261355
Q45361730	6000000074711799419
Q45361734	6000000074699026083
Q45361737	6000000074699001380
Q45361739	6000000074699347085
Q45361743	6000000074699259177
Q45361746	6000000074712503965
Q45361749	6000000074712186142
Q45361752	6000000074699642901
Q45361753	6000000074699469992
Q45361760	6000000074712760823
Q45361769	6000000074711597383
Q45361772	6000000074688906895
Q45361777	6000000074699136941
Q45361779	6000000074699176982
Q45361785	6000000074712244136
Q45361787	6000000074699292077
Q45361792	6000000074699773848
Q45361794	6000000074698688173
Q45361799	6000000038238628896
Q45361803	6000000038238750946
Q45361806	6000000074712568911
Q45361816	6000000074699579875
Q45361818	6000000074699146844
Q45361822	6000000074711597392
Q45361825	6000000074712654864
Q45361826	6000000075049906044
Q45361830	6000000074712673876
Q45361832	6000000074712749857
Q45361838	6000000075063320910
Q45361841	6000000074712278091
Q45361846	6000000074698611534
Q45361849	6000000075059397859
Q45361852	6000000074712504043
Q45361854	6000000074699756909
Q45361856	6000000039008984379
Q45361857	6000000039009510895
Q45361859	6000000039009591861
Q45361863	6000000039008994452
Q45361867	6000000039009180861
Q45361870	6000000039009334824
Q45361871	6000000039009206872
Q45361873	6000000074712765936
Q45361878	6000000074712639947
Q45361880	6000000074699655040
Q45361881	6000000074699612167
Q45361883	6000000074699927882
Q45361885	6000000074712385104
Q45361890	6000000074699445193
Q45361893	6000000074712673951
Q45361896	6000000074699957821
Q45361899	6000000074712847880
Q453619	6000000001354233415
Q45361902	6000000074712686923
Q45361904	6000000074712502040
Q45361907	6000000074712912844
Q45361913	6000000074712522977
Q45361925	6000000074700413563
Q45361926	6000000074701404972
Q45361933	6000000074701184127
Q45361936	6000000074700928941
Q45361938	6000000074701495832
Q45361940	6000000074712991821
Q45361941	6000000074701280048
Q45361944	6000000074712892890
Q45361945	6000000074701442889
Q45361947	6000000074712954874
Q45361950	6000000074700544181
Q45361962	6000000074700824942
Q45361964	6000000074752725942
Q45361968	6000000043404207913
Q45361972	6000000074713096821
Q45361975	6000000074715173845
Q45361983	6000000037747207873
Q45361987	6000000037746685697
Q45361990	6000000037747139009
Q45361992	6000000074715030960
Q45361996	6000000074701432065
Q45361999	6000000074700801551
Q45362	6000000006762642161
Q45362002	6000000074715226868
Q45362005	6000000074715291824
Q45362013	6000000074715049904
Q45362016	6000000074701315030
Q45362018	6000000074715242846
Q45362022	6000000074714489312
Q45362031	6000000074701313046
Q45362038	6000000074714804058
Q45362042	6000000074701586872
Q45362048	6000000074701574944
Q45362049	6000000074753550927
Q45362056	6000000074714632134
Q45362058	6000000016708802479
Q45362060	6000000051919004035
Q45362063	6000000074701738870
Q45362065	6000000074701178362
Q45362068	6000000074701553046
Q45362071	6000000074715211885
Q45362075	6000000051918651435
Q45362080	6000000074714978094
Q45362083	6000000074701481167
Q45362086	6000000074701463051
Q45362091	6000000074715277830
Q45362097	6000000074715001008
Q45362103	6000000075425083135
Q45362106	6000000038147513036
Q45362117	6000000074701792865
Q45362119	6000000074714946013
Q45362130	6000000074701497177
Q45362133	6000000074714863974
Q45362135	6000000074715386850
Q45362137	6000000074715208908
Q45362140	6000000074715243876
Q45362141	6000000074715148955
Q45362146	6000000074715395835
Q45362148	6000000074353951038
Q45362151	6000000074715238936
Q45362157	6000000074714863979
Q45362164	6000000074715320881
Q45362168	6000000074715359879
Q45362170	6000000038237952603
Q45362177	6000000074714775026
Q45362180	6000000074701697065
Q45362184	6000000074714946047
Q45362186	6000000074715274899
Q45362189	6000000074715334907
Q45362193	6000000074701713040
Q45362194	6000000074701410222
Q45362196	6000000074715775872
Q45362199	6000000074702962865
Q45362202	6000000074702870914
Q45362202	6000000074702939901
Q45362205	6000000074702787001
Q45362208	6000000074702347441
Q45362213	6000000074702071902
Q45362217	6000000074702136851
Q45362220	6000000038242803107
Q45362222	6000000074715442003
Q45362224	6000000074715490962
Q45362229	6000000074701403441
Q45362233	6000000074715756858
Q45362238	6000000074715466002
Q45362240	6000000056074282123
Q45362244	6000000051911919855
Q45362247	6000000075049620220
Q45362259	6000000074702769845
Q45362262	6000000074715780866
Q45362266	6000000046705702108
Q45362273	6000000074714632285
Q45362280	6000000074702611074
Q45362283	6000000074715876828
Q45362290	6000000074715304049
Q45362294	6000000074715846877
Q45362298	6000000074715892831
Q45362305	6000000074715771917
Q45362310	6000000074715794879
Q45362315	6000000074715695914
Q45362316	6000000074703659887
Q45362320	6000000074715717914
Q45362325	6000000074715347063
Q45362334	6000000074715679977
Q45362336	6000000074702912363
Q45362339	6000000074703127253
Q45362345	6000000074703081265
Q45362348	6000000074702362713
Q45362352	6000000074715818924
Q45362355	6000000074703709859
Q45362359	6000000074715860861
Q45362361	6000000074715939835
Q45362365	6000000074715637967
Q45362368	6000000074715987826
Q45362371	6000000074715440035
Q45362374	6000000074703538076
Q45362379	6000000074716009826
Q45362388	6000000037722492882
Q45362391	6000000074715653962
Q45362393	6000000074715495065
Q45362394	6000000074703538968
Q45362397	6000000074715876895
Q45362399	6000000038026920768
Q45362404	6000000039010234087
Q45362407	6000000038027288057
Q45362412	6000000038027335912
Q45362417	6000000074703544941
Q45362427	6000000074715666918
Q45362430	6000000047504551935
Q45362446	6000000074715861874
Q45362455	6000000074704004888
Q45362458	6000000074716228881
Q45362461	6000000074716228886
Q45362467	6000000074703905935
Q45362468	6000000074716300882
Q45362469	6000000074716125857
Q45362470	6000000074716407870
Q45362473	6000000074716221865
Q45362476	6000000074702835649
Q45362479	6000000074703669011
Q45362481	6000000074757823200
Q45362488	6000000074716351849
Q45362490	6000000074716163867
Q45362494	6000000038074883838
Q45362496	6000000051911714921
Q45362503	6000000038074070482
Q45362507	6000000074704169834
Q45362510	6000000074716643828
Q45362510	6000000075058676836
Q45362512	6000000074716325934
Q45362516	6000000051131432938
Q45362520	6000000038074310821
Q45362524	6000000074716240986
Q45362526	6000000075058214975
Q45362527	6000000074703884150
Q45362530	6000000074703716190
Q45362535	6000000074716255058
Q45362538	6000000074703489410
Q45362538	6000000075424521835
Q45362541	6000000074716157011
Q45362544	6000000074716879880
Q45362546	6000000074716274008
Q45362548	6000000038074286889
Q45362551	6000000074716894876
Q45362555	6000000074704141870
Q45362558	6000000074703977989
Q45362559	6000000074704168826
Q45362561	6000000074703225779
Q45362563	6000000074703877945
Q45362567	6000000074704163864
Q45362569	6000000074716704983
Q45362571	6000000074703907139
Q45362575	6000000074704149884
Q45362577	6000000074716667952
Q45362580	6000000074704198857
Q45362583	6000000074704003023
Q45362586	6000000074704086951
Q45362590	6000000074704264829
Q45362593	6000000074704103935
Q45362601	6000000074704200866
Q45362607	6000000074703748246
Q45362611	6000000074704270821
Q45362613	6000000074704153895
Q45362615	6000000074716667958
Q45362621	6000000074716595939
Q45362623	6000000074716944859
Q45362624	6000000074703759190
Q45362627	6000000074704307834
Q45362630	6000000074716866936
Q45362633	6000000038201185974
Q45362635	6000000074716266088
Q45362637	6000000038201182925
Q45362639	6000000038201356821
Q45362644	6000000074716819012
Q45362648	6000000074717032822
Q45362652	6000000074704445852
Q45362654	6000000051947607838
Q45362663	6000000038177191253
Q45362667	6000000074716984908
Q45362669	6000000074716384947
Q45362671	6000000074704258953
Q45362690	6000000038222055775
Q45362695	6000000038222919293
Q45362698	6000000038222857328
Q45362704	6000000038177927163
Q45362707	6000000043383617844
Q45362710	6000000074716345091
Q45362713	6000000034343590901
Q45362718	6000000074704581881
Q45362720	6000000074704095191
Q45362722	6000000074704480922
Q45362725	6000000039080949674
Q45362729	6000000074704480936
Q45362732	6000000038241634798
Q45362735	6000000074704620860
Q45362743	6000000074716291081
Q45362745	6000000074716943904
Q45362747	6000000074703467698
Q45362749	6000000074717025937
Q45362753	6000000074704382121
Q45362756	6000000074704564911
Q45362765	6000000074717286876
Q45362767	6000000074704243153
Q45362770	6000000074704867833
Q45362774	6000000074704406193
Q45362775	6000000074716966039
Q45362779	6000000038238370951
Q45362781	6000000038239470838
Q45362784	6000000038239528333
Q45362786	6000000074717198954
Q45362790	6000000074704670994
Q45362797	6000000074704494093
Q45362801	6000000049629988964
Q45362804	6000000074717112994
Q45362807	6000000074717229986
Q45362821	6000000074717206946
Q45362825	6000000074469004563
Q45362845	6000000074704745909
Q45362849	6000000074352726178
Q45362858	6000000039003455565
Q45362864	6000000074703811655
Q45362867	6000000074717091036
Q45362869	6000000074717280922
Q45362872	6000000074704880860
Q45362875	6000000074717414843
Q45362879	6000000074717374871
Q45362881	6000000074717398858
Q45362884	6000000074716903319
Q45362888	6000000074717125014
Q45362891	6000000074704447312
Q45362894	6000000074705201825
Q45362902	6000000074716305279
Q45362909	6000000074717237994
Q45362920	6000000074704898986
Q45362923	6000000074716340292
Q45362924	6000000074331793023
Q45362927	6000000038176991098
Q45362931	6000000074716326300
Q45362936	6000000074382803821
Q45362940	6000000074704437486
Q45362943	6000000074716662209
Q45362945	6000000074705311963
Q45362948	6000000074717225001
Q45362950	6000000039011109827
Q45362954	6000000038980811054
Q45362958	6000000074705125834
Q45362961	6000000075420118856
Q45362965	6000000038980821060
Q45362970	6000000074704999315
Q45362974	6000000074705313871
Q45362976	6000000074716475311
Q45362980	6000000074704967326
Q45362983	6000000074716996157
Q45362989	6000000074705173821
Q45362996	6000000038177196115
Q45362998	6000000074717225008
Q45363001	6000000074717280051
Q45363002	6000000074705437925
Q45363012	6000000074717247023
Q45363017	6000000049584158025
Q45363020	6000000051953043211
Q45363027	6000000074705123205
Q45363029	6000000074717334937
Q45363033	6000000074716225269
Q45363035	6000000074704959992
Q45363038	6000000074717307960
Q45363040	6000000038980331425
Q45363045	6000000074705249846
Q45363049	6000000074717445842
Q45363051	6000000074717117056
Q45363055	6000000038980421499
Q45363061	6000000074705581834
Q45363064	6000000074704195344
Q45363067	6000000074717333083
Q45363074	6000000074704759595
Q45363077	6000000037590823776
Q45363079	6000000074717673844
Q45363083	6000000074717084347
Q45363086	6000000074717577901
Q45363089	6000000074705666974
Q45363092	6000000037590759623
Q45363094	6000000074717649895
Q45363097	6000000037591181994
Q45363104	6000000074717508043
Q45363109	6000000074705465125
Q45363110	6000000074705722878
Q45363117	6000000074717683883
Q45363126	6000000039105622438
Q45363129	6000000037591523322
Q45363136	6000000037591007339
Q45363138	6000000074717570969
Q45363140	6000000074716340441
Q45363142	6000000074705570983
Q45363145	6000000074717329169
Q45363149	6000000074717296191
Q45363151	6000000074717530011
Q45363155	6000000074705542109
Q45363158	6000000074717634905
Q45363165	6000000074717465016
Q45363168	6000000074717411120
Q45363170	6000000074717760825
Q45363174	6000000060168487902
Q45363178	6000000074705600182
Q45363185	6000000074705859122
Q45363190	6000000039105402240
Q45363193	6000000074706173821
Q45363200	6000000074705818956
Q45363203	6000000074706032844
Q45363207	6000000075050885953
Q45363209	6000000074717717877
Q45363214	6000000075051046860
Q45363217	6000000074717090376
Q45363221	6000000074717821823
Q45363224	6000000074717767821
Q45363227	6000000074705996929
Q45363234	6000000074705877007
Q45363236	6000000074706173882
Q45363238	6000000074717813839
Q45363241	6000000074716996370
Q45363243	6000000074717296272
Q45363244	6000000074717789848
Q45363246	6000000074716340496
Q45363252	6000000074717796894
Q45363254	6000000074717212303
Q45363257	6000000074717690938
Q45363259	6000000074717761876
Q45363260	6000000074706150893
Q45363264	6000000074717686931
Q45363266	6000000074706094940
Q45363271	6000000058104354016
Q45363275	6000000058104444203
Q45363280	6000000074717719875
Q45363284	6000000074717825844
Q45363288	6000000074717674958
Q45363290	6000000074706253873
Q45363294	6000000074705057495
Q45363295	6000000074706131922
Q45363297	6000000074717523000
Q45363300	6000000074717840835
Q45363303	6000000074717836829
Q45363309	6000000074716340513
Q45363311	6000000074706102996
Q45363314	6000000074717821837
Q45363318	6000000074717292242
Q45363319	6000000074706367835
Q45363321	6000000074717772891
Q45363326	6000000075399262829
Q45363329	6000000074717821850
Q45363334	6000000074717598123
Q45363339	6000000074717577079
Q4536334	6000000185489918859
Q45363340	6000000074717671977
Q45363343	6000000074717751887
Q45363348	6000000074717584028
Q45363350	6000000074717723956
Q45363352	6000000074717811886
Q45363356	6000000074717499114
Q45363360	6000000074717821858
Q45363365	6000000074717763918
Q45363368	6000000074717837841
Q45363372	6000000074717836840
Q45363374	6000000074706333851
Q45363376	6000000074717880824
Q45363377	6000000074717336197
Q45363379	6000000074717813876
Q45363383	6000000074717052358
Q45363387	6000000074717764913
Q45363389	6000000074717772913
Q45363391	6000000074717791850
Q45363396	6000000074717746938
Q45363405	6000000074717018394
Q45363410	6000000046892322847
Q45363412	6000000074717763923
Q45363417	6000000074717672004
Q45363420	6000000074717829898
Q45363423	6000000074717803873
Q45363427	6000000074717911822
Q45363432	6000000074717251347
Q45363435	6000000074717825891
Q45363439	6000000074717292284
Q45363445	6000000074717302258
Q45363448	6000000074707111417
Q45363453	6000000074707784983
Q45363460	6000000049541852080
Q45363462	6000000049502000218
Q45363464	6000000074709476999
Q45363467	6000000074709463016
Q45363474	6000000074709741851
Q45363481	6000000074717018400
Q45363483	6000000074717786920
Q45363487	6000000038224594979
Q45363502	6000000039024910184
Q45363503	6000000075058282910
Q45363511	6000000074716819611
Q45363513	6000000074686981116
Q45363520	6000000074698007638
Q45363524	6000000074688416063
Q45363525	6000000074711313910
Q45363526	6000000074699574999
Q45363528	6000000074700167525
Q45363531	6000000074705592965
Q45363535	6000000074717895881
Q45363539	6000000074692427867
Q45363542	6000000074692600822
Q45363546	6000000074717800945
Q45363549	6000000074717744950
Q45363553	6000000074717212398
Q45363557	6000000038238407156
Q45363559	6000000074704006039
Q45363569	6000000074691563134
Q45363571	6000000074717883890
Q45363576	6000000074717131453
Q45363578	6000000074717584107
Q45363581	6000000074701463998
Q45363583	6000000074701968904
Q45363588	6000000074702901925
Q45363592	6000000074701900998
Q45363594	6000000074702711963
Q45363597	6000000046705859016
Q45363600	6000000046706091821
Q45363604	6000000074702407135
Q45363606	6000000039000857028
Q45363610	6000000051917565534
Q45363612	6000000074717969822
Q45363614	6000000074717880863
Q45363618	6000000074703181273
Q45363622	6000000074703288211
Q45363625	6000000039003229572
Q45363628	6000000039010403918
Q45363633	6000000074704205045
Q45363638	6000000074717952862
Q45363640	6000000075419865041
Q45363642	6000000074717960825
Q45363645	6000000075058765831
Q45363648	6000000074717419195
Q45363651	6000000037591290859
Q45363654	6000000074717668053
Q45363655	6000000074725061524
Q45363660	6000000074705037544
Q45363664	6000000074705689178
Q45363666	6000000074701746973
Q45363668	6000000074701947834
Q45363669	6000000074701658036
Q45363704	6000000074712247911
Q4536371	6000000078198746588
Q45363711	6000000074717884850
Q45363714	6000000074698009239
Q45363718	6000000074699147908
Q45363721	6000000074717904093
Q45363723	6000000074702200822
Q45363727	6000000038998936940
Q45363730	6000000038918735989
Q45363733	6000000074717941093
Q45363735	6000000074717623095
Q45363738	6000000074704750450
Q45363742	6000000049584781893
Q45363745	6000000074717364285
Q45363747	6000000074704022903
Q45363749	6000000074717691208
Q45363756	6000000074718289836
Q45363759	6000000074703618933
Q45363765	6000000074729960869
Q45363769	6000000074718262978
Q45363772	6000000039155451627
Q45363776	6000000046705323369
Q45363779	6000000046705928962
Q45363784	6000000074703550982
Q45363794	6000000074718175117
Q45363798	6000000074705423373
Q45363803	6000000074703904914
Q45363812	6000000074685327835
Q45363818	6000000074704984989
Q45363827	6000000074690799870
Q45363829	6000000074718668927
Q45363833	6000000074718469939
Q45363835	6000000074703832064
Q45363838	6000000074701980902
Q45363842	6000000074703662448
Q45363842	6000000075487132335
Q45363844	6000000074718577965
Q45363846	6000000074718096082
Q45363848	6000000074687813902
Q45363853	6000000074691818931
Q45363856	6000000074368521846
Q45363860	6000000074712492934
Q45363862	6000000074718193073
Q45363864	6000000074718642999
Q45363865	6000000074717584084
Q45363869	6000000074717731572
Q45363873	6000000038177201849
Q45363875	6000000038176767361
Q45363877	6000000038131436402
Q45363880	6000000074688239876
Q45363882	6000000074718552971
Q45363884	6000000074717637043
Q45363886	6000000074718318960
Q45363887	6000000074717989260
Q45363892	6000000074718580018
Q45363894	6000000074718751936
Q45363897	6000000074701712142
Q45363900	6000000074717131179
Q45363903	6000000074712167879
Q45363906	6000000074704813922
Q45363910	6000000074710303835
Q45363917	6000000074718676936
Q45363917	6000000075481673291
Q45363921	6000000074718885845
Q45363923	6000000074718839900
Q45363925	6000000074717804073
Q45363927	6000000074704201309
Q45363929	6000000074705331929
Q45363933	6000000074717032253
Q45363935	6000000074702211295
Q45363939	6000000074718873832
Q45363940	6000000074717210234
Q45363942	6000000074711376989
Q45363945	6000000074717825229
Q45363948	6000000074685335846
Q45363958	6000000074687149992
Q45363961	6000000043384089876
Q45363963	6000000074331599209
Q45363964	6000000074717731633
Q45363969	6000000038131421417
Q45363972	6000000039104812762
Q45363976	6000000039156005933
Q45363980	6000000074718917876
Q45363983	6000000074711252133
Q45363988	6000000074711309153
Q45363992	6000000074718716933
Q45363995	6000000074718217090
Q45363999	6000000074709647946
Q45364002	6000000074704070471
Q45364007	6000000074718100196
Q45364039	6000000074702696957
Q45364042	6000000074717922351
Q45364046	6000000074710216511
Q45364048	6000000074718100210
Q45364053	6000000074692161056
Q45364054	6000000074692126880
Q45364059	6000000038223108445
Q45364062	6000000038980963841
Q45364064	6000000074703928007
Q45364067	6000000074698492009
Q45364080	6000000074717731652
Q45364089	6000000074718742024
Q45364094	6000000074718862964
Q45364097	6000000074709814949
Q45364098	6000000074704193993
Q45364121	6000000074710884945
Q45364126	6000000074718705040
Q45364128	6000000074711200881
Q45364132	6000000074704345865
Q45364135	6000000074719012863
Q45364138	6000000074718981856
Q45364140	6000000074684780148
Q45364145	6000000074717695980
Q45364147	6000000051918187253
Q45364149	6000000039105035112
Q45364151	6000000074718927884
Q45364156	6000000039105646113
Q45364160	6000000075058665916
Q45364164	6000000074718595104
Q45364166	6000000074704561274
Q45364168	6000000049542278854
Q45364172	6000000074719111821
Q45364176	6000000074718751116
Q45364184	6000000075058706891
Q45364188	6000000074717278760
Q45364192	6000000074719168821
Q45364195	6000000074718789035
Q45364198	6000000074687783939
Q45364202	6000000074757943259
Q45364205	6000000074719088909
Q45364209	6000000074719167847
Q45364212	6000000074718059919
Q45364216	6000000074718561298
Q45364219	6000000074719082929
Q45364222	6000000074719028021
Q45364225	6000000074718959979
Q45364228	6000000074704925821
Q45364231	6000000074719065949
Q45364236	6000000074719088939
Q45364237	6000000074718207363
Q45364241	6000000074698767899
Q45364245	6000000074719208828
Q45364248	6000000074718542135
Q45364254	6000000074718256235
Q45364258	6000000074718852079
Q45364260	6000000074698795771
Q45364262	6000000074718976995
Q45364267	6000000074725111875
Q45364268	6000000074699001633
Q45364272	6000000074725121898
Q45364280	6000000074725167922
Q45364283	6000000074725164987
Q45364284	6000000074724897175
Q45364286	6000000074724700345
Q45364290	6000000075058813862
Q45364294	6000000074725266827
Q45364298	6000000074724975179
Q45364299	6000000074701503953
Q45364303	6000000074703746251
Q45364306	6000000074724910265
Q45364309	6000000074703637448
Q45364313	6000000074724663545
Q45364317	6000000074705053904
Q45364319	6000000074692108870
Q45364322	6000000074724835268
Q45364327	6000000074725286830
Q45364330	6000000074725236897
Q45364333	6000000074724865299
Q45364336	6000000074725254854
Q45364337	6000000075482323949
Q45364340	6000000074725136083
Q45364344	6000000074724910282
Q45364347	6000000074725010258
Q45364348	6000000074725214944
Q4536435	6000000184435153848
Q45364351	6000000074724813395
Q45364355	6000000074725106134
Q45364356	6000000074685555996
Q45364358	6000000074700853964
Q45364363	6000000074724994169
Q45364365	6000000074724958179
Q45364370	6000000074710837930
Q45364371	6000000074725074106
Q45364374	6000000074724865337
Q45364376	6000000074725274891
Q45364381	6000000074725192015
Q45364385	6000000074725258916
Q45364388	6000000074725300890
Q45364390	6000000074725195037
Q45364394	6000000074724854310
Q45364399	6000000074725161123
Q45364403	6000000074724809375
Q45364405	6000000074699142114
Q45364409	6000000074725251978
Q45364411	6000000074724718610
Q45364413	6000000074725137070
Q45364416	6000000074725187012
Q45364417	6000000074712223875
Q45364421	6000000074724922274
Q45364424	6000000074685214000
Q45364428	6000000074725118161
Q45364430	6000000052409717835
Q45364431	6000000074725270975
Q45364435	6000000074690796851
Q45364436	6000000074725263014
Q45364440	6000000074725356840
Q45364444	6000000074724949317
Q45364448	6000000074690380131
Q45364449	6000000074685282931
Q45364453	6000000074724685620
Q45364457	6000000074724868405
Q45364460	6000000074724851338
Q45364462	6000000074725323902
Q45364466	6000000074711306039
Q45364470	6000000074725370847
Q45364474	6000000038221373041
Q45364477	6000000074725306938
Q45364482	6000000075485280432
Q45364489	6000000074724657653
Q45364501	6000000074724974269
Q45364503	6000000074685901836
Q45364506	6000000074699195896
Q45364509	6000000074698440462
Q45364513	6000000074698624389
Q45364517	6000000074699314833
Q45364525	6000000074725258983
Q45364527	6000000074724810500
Q4536453	6000000194339609845
Q45364532	6000000074725137147
Q45364536	6000000074705502891
Q45364540	6000000074724679628
Q45364542	6000000074700916809
Q45364544	6000000074698484466
Q45364548	6000000074725175132
Q45364551	6000000074725424841
Q45364553	6000000074725325958
Q45364556	6000000074725416843
Q45364559	6000000074707948833
Q45364561	6000000074725243040
Q45364565	6000000074725356943
Q45364566	6000000074725222114
Q45364569	6000000074704758926
Q45364572	6000000075058695938
Q45364574	6000000074705540821
Q4536458	6000000194340014861
Q45364582	6000000074705378952
Q45364584	6000000074699048394
Q45364588	6000000074704824345
Q45364590	6000000074705219085
Q45364595	6000000074712352055
Q45364602	6000000074725441865
Q45364606	6000000074725124240
Q45364610	6000000074758211082
Q45364613	6000000074725387933
Q45364615	6000000074725304007
Q45364618	6000000074709886896
Q45364621	6000000074725435913
Q45364623	6000000074725046373
Q45364625	6000000075050248821
Q45364627	6000000074717647636
Q45364630	6000000074725392931
Q45364632	6000000074725365976
Q45364636	6000000074725237096
Q45364638	6000000074717660229
Q45364643	6000000074725155315
Q45364647	6000000074692739900
Q45364649	6000000051922748002
Q45364651	6000000074725120203
Q45364651	6000000075499727997
Q45364653	6000000074704565003
Q45364659	6000000074725131320
Q45364664	6000000074724762686
Q45364667	6000000074724981470
Q45364669	6000000074724518820
Q45364679	6000000074711798358
Q45364683	6000000074698881824
Q45364686	6000000074698845855
Q45364690	6000000074698463000
Q45364693	6000000074691940850
Q45364698	6000000074688463970
Q45364699	6000000074725320060
Q45364704	6000000074725237142
Q45364709	6000000074725353018
Q45364711	6000000074725507851
Q45364714	6000000074725320079
Q45364718	6000000074725364998
Q45364721	6000000074725250196
Q45364724	6000000074725521832
Q45364726	6000000074724795650
Q45364729	6000000074725444933
Q45364732	6000000074725163298
Q45364736	6000000074725244931
Q45364744	6000000074725289184
Q45364747	6000000074712880897
Q45364753	6000000074691565050
Q45364760	6000000074382027854
Q45364763	6000000074725072384
Q45364768	6000000074711812838
Q45364771	6000000074725258117
Q45364774	6000000074705242962
Q45364776	6000000074725452905
Q45364778	6000000074725010543
Q45364782	6000000074725161291
Q45364786	6000000074725099230
Q45364789	6000000074725289201
Q45364793	6000000074725029340
Q45364799	6000000074717673016
Q45364802	6000000074564381070
Q45364808	6000000074723604658
Q45364812	6000000074703410239
Q45364816	6000000074725471948
Q45364818	6000000074724932463
Q45364822	6000000074725369149
Q45364826	6000000074725306163
Q45364826	6000000075501249130
Q45364830	6000000074725488908
Q45364833	6000000074705282851
Q45364836	6000000074725579835
Q45364837	6000000074705570833
Q45364838	6000000074718412821
Q45364843	6000000074725434029
Q45364845	6000000074717204001
Q45364848	6000000074725417067
Q45364851	6000000074725613830
Q45364857	6000000074725512953
Q45364859	6000000074725365085
Q45364862	6000000074725623821
Q45364864	6000000074698801946
Q45364869	6000000074724781807
Q45364876	6000000074705255890
Q45364878	6000000074724833701
Q45364886	6000000074725252247
Q45364892	6000000074725329110
Q45364896	6000000074684777586
Q45364902	6000000074725246235
Q45364905	6000000074697323617
Q45364909	6000000074725510933
Q45364915	6000000038131492298
Q45364918	6000000074711037135
Q45364921	6000000074725543954
Q45364923	6000000074698514826
Q45364927	6000000074725299263
Q45364929	6000000074724933653
Q45364940	6000000074725579905
Q45364944	6000000074725123709
Q45364946	6000000074725518953
Q45364950	6000000074725132528
Q45364951	6000000074725583914
Q45364953	6000000074725246847
Q45364956	6000000074725507047
Q45364961	6000000074725525043
Q45364967	6000000047504011001
Q45364971	6000000074725462004
Q45364975	6000000074725429021
Q45364977	6000000074725225375
Q45364980	6000000074702994102
Q45364983	6000000074725029420
Q45364985	6000000074725500065
Q45364988	6000000074724657581
Q45364990	6000000074718213272
Q45364991	6000000074725034079
Q45364997	6000000074704059968
Q45365	6000000077069876855
Q45365000	6000000074725670822
Q45365004	6000000074725116429
Q45365008	6000000074725619940
Q45365010	6000000074725329169
Q45365011	6000000074710110975
Q45365014	6000000074710188931
Q45365017	6000000074725611030
Q45365020	6000000074709633204
Q45365028	6000000051130286175
Q45365032	6000000074710168927
Q45365034	6000000047502861291
Q45365036	6000000039024972875
Q45365039	6000000074725771903
Q45365039	6000000074737088921
Q45365044	6000000074298861404
Q45365046	6000000074725507244
Q45365047	6000000039105719015
Q45365053	6000000074687322847
Q45365055	6000000051912311953
Q45365057	6000000074725724972
Q45365059	6000000074690393065
Q45365062	6000000074725150748
Q45365067	6000000074725442323
Q45365071	6000000074718207149
Q45365083	6000000074691252203
Q45365087	6000000074725452343
Q45365099	6000000037746486833
Q45365102	6000000074725423432
Q45365106	6000000074691951035
Q45365110	6000000074368366989
Q45365119	6000000074725042465
Q45365127	6000000074699070033
Q45365132	6000000074698590341
Q45365140	6000000074699900821
Q45365152	6000000016708863857
Q45365154	6000000051918288995
Q45365155	6000000074725752007
Q45365161	6000000019350915104
Q45365177	6000000074725763947
Q45365178	6000000038238215260
Q45365180	6000000074725682083
Q45365188	6000000074702846838
Q45365191	6000000074717623123
Q45365204	6000000074704427838
Q45365207	6000000043383048904
Q4536521	6000000018471258125
Q45365221	6000000074725854856
Q45365228	6000000074704726947
Q45365240	6000000074725042541
Q45365245	6000000074725878927
Q45365264	6000000074725376328
Q45365273	6000000074725392455
Q45365275	6000000037590935168
Q45365277	6000000074725432401
Q45365280	6000000074725246584
Q45365286	6000000074706092835
Q45365288	6000000074706019856
Q45365294	6000000074725714001
Q45365296	6000000074725343435
Q45365299	6000000074684973942
Q45365302	6000000074706225896
Q45365320	6000000074697653207
Q45365325	6000000074725313369
Q45365328	6000000074725243524
Q45365335	6000000074725467327
Q45365338	6000000074704670987
Q45365340	6000000038131540119
Q45365345	6000000074710137908
Q45365359	6000000074725648175
Q45365362	6000000074710111109
Q45365364	6000000074710135032
Q45365367	6000000074710381824
Q45365374	6000000074710377851
Q45365381	6000000051097382993
Q45365386	6000000074725861930
Q45365387	6000000074709802204
Q45365390	6000000037591369878
Q45365392	6000000039105934979
Q45365395	6000000074685217073
Q45365399	6000000074725582193
Q45365404	6000000074725690938
Q45365408	6000000074725820017
Q45365430	6000000074710188967
Q45365433	6000000074710222907
Q45365438	6000000074725828003
Q45365441	6000000074685349975
Q45365443	6000000039010670007
Q45365446	6000000047095894908
Q45365448	6000000047503622407
Q45365453	6000000074725588958
Q45365457	6000000074710423983
Q45365458	6000000074686255144
Q45365461	6000000074725525378
Q45365464	6000000049584226900
Q45365467	6000000074685648953
Q45365471	6000000074686962838
Q45365477	6000000074718688932
Q45365488	6000000074725314571
Q45365492	6000000074685253174
Q45365494	6000000074725671215
Q45365498	6000000074725849044
Q45365500	6000000047503928821
Q45365501	6000000074725967861
Q45365503	6000000074725812009
Q45365507	6000000047503640972
Q45365509	6000000074685215180
Q45365511	6000000049584356959
Q45365514	6000000074686694901
Q45365518	6000000039010875843
Q45365521	6000000074725814028
Q45365528	6000000074688654919
Q45365530	6000000074688666890
Q45365533	6000000074688043932
Q45365535	6000000039003542153
Q45365536	6000000074725974894
Q45365538	6000000039104676487
Q45365542	6000000058104285145
Q45365546	6000000074725794970
Q45365548	6000000074725412437
Q45365550	6000000074725999866
Q45365555	6000000074709288105
Q45365559	6000000074725997861
Q45365561	6000000074725859028
Q45365567	6000000074691387886
Q45365570	6000000074725804119
Q45365574	6000000074726033837
Q45365581	6000000074725792989
Q45365584	6000000074725885010
Q45365587	6000000074726053842
Q45365591	6000000074725890040
Q45365594	6000000074725613322
Q45365598	6000000074691559947
Q45365601	6000000074691861827
Q45365607	6000000075058739254
Q45365611	6000000037909774589
Q45365612	6000000074725913978
Q45365614	6000000074726037874
Q45365620	6000000074690847333
Q45365621	6000000049542214999
Q45365627	6000000074691822997
Q45365633	6000000074725645189
Q45365635	6000000038224230346
Q45365639	6000000074725241786
Q45365641	6000000043383358877
Q45365648	6000000074725614323
Q45365650	6000000074725612849
Q45365654	6000000074726051861
Q45365660	6000000075050087896
Q45365662	6000000038239974836
Q45365663	6000000038131759852
Q45365666	6000000038132158062
Q45365668	6000000074726002912
Q45365677	6000000074692449930
Q45365681	6000000039104848098
Q45365684	6000000038131601111
Q45365687	6000000074725879129
Q45365690	6000000074725950970
Q45365695	6000000039255041551
Q45365698	6000000074698143090
Q45365702	6000000074725950975
Q45365709	6000000074725894061
Q45365714	6000000074698248008
Q45365717	6000000051922253215
Q45365719	6000000074718709947
Q45365722	6000000074725589408
Q45365725	6000000074725964970
Q45365729	6000000074698813828
Q45365732	6000000074725122752
Q45365734	6000000074711952007
Q45365740	6000000074725858018
Q45365743	6000000074698907845
Q45365749	6000000074725475314
Q45365753	6000000074725770187
Q45365755	6000000074725894089
Q45365758	6000000074698930433
Q45365761	6000000074698978343
Q45365763	6000000074698841462
Q45365766	6000000074725544357
Q45365770	6000000038238877935
Q45365777	6000000074712647873
Q45365779	6000000074725622277
Q45365781	6000000074725304591
Q45365786	6000000075426343842
Q45365792	6000000049584798945
Q45365796	6000000074726044993
Q453658	6000000011568153135
Q45365800	6000000074725837151
Q45365805	6000000074724735353
Q45365807	6000000074725383509
Q45365810	6000000074725984890
Q45365812	6000000074699608152
Q45365815	6000000074699608187
Q45365820	6000000074718221101
Q45365824	6000000074725506563
Q45365831	6000000074701451873
Q45365835	6000000074701175918
Q45365840	6000000074701503852
Q45365843	6000000074726051918
Q45365847	6000000074701720877
Q45365849	6000000074701346151
Q45365854	6000000074701361056
Q45365857	6000000074726116841
Q45365887	6000000074725351162
Q45365888	6000000051911692082
Q45365891	6000000075050105952
Q45365894	6000000039000753742
Q45365898	6000000074726045963
Q45365900	6000000051918015086
Q45365902	6000000075059335848
Q45365905	6000000075059179916
Q45365908	6000000074725357249
Q45365912	6000000039155723061
Q45365915	6000000039104588484
Q45365919	6000000074702709622
Q45365926	6000000074703298053
Q45365930	6000000074703547899
Q45365933	6000000074725392656
Q45365936	6000000074725671333
Q45365939	6000000039253570859
Q45365942	6000000074726079914
Q45365945	6000000039255150500
Q45365946	6000000039253240696
Q45365949	6000000074715732927
Q45365950	6000000039254992640
Q45365956	6000000074726141822
Q45365959	6000000074725968977
Q45365965	6000000038027105246
Q45365969	6000000074725963020
Q45365973	6000000038073476653
Q45365975	6000000043384089853
Q45365982	6000000074725779168
Q45365986	6000000074726074952
Q45365989	6000000074725902088
Q45365993	6000000074704140942
Q45365996	6000000074726113885
Q45365998	6000000074725496447
Q45366002	6000000074718636008
Q45366004	6000000074726014965
Q45366008	6000000038223237090
Q45366012	6000000074725984918
Q45366016	6000000039081540874
Q45366021	6000000038241777656
Q45366025	6000000074718255821
Q45366029	6000000074725633445
Q45366045	6000000074469797895
Q45366047	6000000074725655344
Q45366048	6000000074725044717
Q45366055	6000000039009604033
Q45366062	6000000074331473441
Q45366065	6000000074717356873
Q45366068	6000000074725992038
Q45366078	6000000074705074849
Q45366079	6000000063343755137
Q45366084	6000000074717344911
Q45366087	6000000074725489469
Q45366092	6000000074705478938
Q45366100	6000000075324629409
Q45366109	6000000074705693821
Q45366113	6000000074705672867
Q45366119	6000000039105885830
Q45366121	6000000074718213078
Q45366125	6000000074725656387
Q45366132	6000000074725426515
Q45366133	6000000074726002996
Q45366137	6000000039105037986
Q45366144	6000000058103944210
Q45366148	6000000074706077976
Q45366155	6000000074717292280
Q45366157	6000000074718648926
Q45366159	6000000074726125888
Q45366164	6000000049501895134
Q45366168	6000000074709504971
Q45366171	6000000074725465519
Q45366174	6000000074684618638
Q4536618	6000000002324029683
Q45366186	6000000074725785254
Q45366200	6000000075806462840
Q45366218	6000000074726224921
Q45366223	6000000043383358872
Q45366235	6000000074725792422
Q45366237	6000000074726214878
Q45366239	6000000039008546522
Q45366244	6000000074725972174
Q45366251	6000000074725490641
Q45366265	6000000074726134024
Q45366270	6000000074725553487
Q45366273	6000000074726298823
Q45366295	6000000074725384807
Q45366300	6000000074711708947
Q45366304	6000000046892688833
Q45366323	6000000074692172899
Q45366326	6000000074725840330
Q45366329	6000000074726277882
Q45366334	6000000074726307848
Q45366378	6000000074712108864
Q45366385	6000000074725452878
Q45366393	6000000074725136225
Q45366401	6000000074699205374
Q45366409	6000000074726334831
Q45366423	6000000075059073988
Q4536643	6000000194595509832
Q45366435	6000000074726302862
Q4536644	6000000194343499875
Q45366454	6000000074725034342
Q45366462	6000000074725882232
Q45366492	6000000074725471786
Q453665	6000000177688541830
Q45366500	6000000074715655004
Q45366504	6000000074715834844
Q45366508	6000000074725518859
Q45366513	6000000074725072399
Q45366532	6000000074726257971
Q45366543	6000000074725505510
Q45366548	6000000074704257960
Q45366553	6000000074726218936
Q45366559	6000000074716907892
Q45366563	6000000074717046821
Q45366582	6000000074725613624
Q45366586	6000000074726133119
Q45366589	6000000074726049132
Q453666	6000000001229064667
Q45366601	6000000074725968338
Q45366609	6000000074726252970
Q45366622	6000000074726237038
Q45366637	6000000074726165110
Q45366641	6000000074726406857
Q45366653	6000000074726431852
Q45366661	6000000074725258175
Q45366673	6000000074725843923
Q45366676	6000000074726294010
Q45366685	6000000074725889468
Q45366690	6000000049502339852
Q45366700	6000000074690532930
Q45366771	6000000074727204944
Q45366776	6000000074727069078
Q45366778	6000000074726969147
Q45366782	6000000074727112080
Q45366785	6000000074727163000
Q45366787	6000000074727165990
Q45366789	6000000074726869346
Q45366793	6000000074726717521
Q45366795	6000000074727299919
Q45366800	6000000074726667516
Q45366814	6000000074727388823
Q45366816	6000000074727343841
Q45366819	6000000074727020064
Q45366821	6000000074727381827
Q45366822	6000000074727005187
Q45366825	6000000074726466631
Q45366832	6000000074726644635
Q45366840	6000000074726531509
Q45366845	6000000074726604674
Q45366848	6000000074727199044
Q45366851	6000000074727321880
Q45366855	6000000074726828320
Q45366858	6000000074726545676
Q45366859	6000000074726975179
Q45366870	6000000074727041119
Q45366872	6000000074727405833
Q45366876	6000000074726996213
Q45366880	6000000074726594420
Q45366884	6000000074727114018
Q45366891	6000000074726677537
Q45366895	6000000074727298948
Q45366898	6000000074727281969
Q45366903	6000000074727125049
Q45366909	6000000074727387842
Q45366914	6000000074726934220
Q45366918	6000000074727183043
Q45366923	6000000074727293954
Q45366930	6000000074726801306
Q45366934	6000000074727204970
Q45366943	6000000074727204976
Q45366951	6000000058101142070
Q45366955	6000000074727214972
Q45366958	6000000074727156091
Q45366960	6000000058100875357
Q45366964	6000000074726961279
Q45366969	6000000074727172113
Q45366976	6000000058101163123
Q45366978	6000000074727429834
Q45366984	6000000074727154021
Q45366986	6000000058101216025
Q45366990	6000000058101031402
Q45366996	6000000074727412835
Q45367002	6000000074727432843
Q45367007	6000000074726239321
Q45367011	6000000074727204983
Q45367014	6000000074726869405
Q45367017	6000000074726792364
Q45367026	6000000074727387864
Q45367030	6000000074726708256
Q45367033	6000000074727205961
Q45367036	6000000074727380907
Q45367040	6000000074727220971
Q45367045	6000000074726679497
Q45367050	6000000074727259975
Q45367054	6000000074726745537
Q45367061	6000000074726893367
Q45367065	6000000074727423848
Q45367071	6000000074727272019
Q45367074	6000000074727087497
Q45367077	6000000074727395898
Q4536708	6000000083332027876
Q45367083	6000000074726991286
Q45367095	6000000074727314917
Q45367097	6000000074727029247
Q45367100	6000000074727114059
Q45367103	6000000074727223028
Q45367112	6000000074727235059
Q45367118	6000000074727415900
Q45367124	6000000074727446850
Q45367128	6000000074726776581
Q45367130	6000000074726910311
Q45367135	6000000074727432911
Q45367140	6000000074727105222
Q45367144	6000000074727456860
Q45367148	6000000074726604779
Q45367153	6000000074726630537
Q45367156	6000000074726979239
Q45367158	6000000074727166101
Q45367162	6000000074727064142
Q45367166	6000000049501279274
Q45367174	6000000074727393903
Q45367178	6000000074727167150
Q45367181	6000000074718545118
Q45367184	6000000074727398883
Q45367187	6000000074727415911
Q45367193	6000000074726677616
Q45367196	6000000074725443062
Q45367200	6000000074725525007
Q45367203	6000000074725187225
Q45367205	6000000074726726369
Q45367215	6000000074727369937
Q45367219	6000000074727284985
Q45367221	6000000074727154138
Q45367224	6000000074727212016
Q45367229	6000000074726737404
Q4536723	6000000014496304910
Q45367231	6000000074727415916
Q45367234	6000000074726996352
Q45367238	6000000074727144060
Q4536724	6000000078208269929
Q45367244	6000000074726628386
Q45367249	6000000074726305748
Q45367254	6000000074727177134
Q45367258	6000000074727106171
Q45367263	6000000074727156182
Q45367265	6000000074727521825
Q45367269	6000000074726604790
Q45367271	6000000074727182190
Q45367274	6000000074726912362
Q45367278	6000000074705881883
Q45367283	6000000074725835910
Q45367285	6000000074725514275
Q45367296	6000000074727297990
Q45367299	6000000074727374963
Q45367304	6000000074727478863
Q45367307	6000000074726551736
Q45367312	6000000074727396971
Q45367316	6000000074727533821
Q45367320	6000000074727409919
Q45367324	6000000074697682364
Q45367326	6000000074698450923
Q45367339	6000000074727204101
Q45367342	6000000074698371033
Q45367347	6000000074698681823
Q45367351	6000000074698573922
Q45367354	6000000074727443913
Q45367357	6000000074727211017
Q45367366	6000000074727329045
Q45367371	6000000038074545839
Q45367374	6000000074727277005
Q45367376	6000000074727324977
Q45367378	6000000074727455843
Q45367384	6000000074368160064
Q45367387	6000000074727434945
Q45367394	6000000074727344028
Q45367396	6000000074727040179
Q45367399	6000000074727211024
Q45367402	6000000074727491870
Q45367408	6000000075428590821
Q45367413	6000000075428499855
Q45367428	6000000075061939914
Q45367432	6000000074727462925
Q45367438	6000000074725671195
Q45367441	6000000074727132200
Q45367446	6000000074725759007
Q45367447	6000000074725905891
Q45367454	6000000074725766993
Q45367456	6000000074727505929
Q45367458	6000000074727463924
Q45367460	6000000074727325004
Q45367466	6000000074725627186
Q45367474	6000000074727380985
Q45367478	6000000074727277047
Q45367480	6000000074690667880
Q45367482	6000000074699089823
Q45367484	6000000074710812322
Q45367489	6000000074727221044
Q45367493	6000000074726460818
Q45367501	6000000075059386834
Q45367515	6000000074704541387
Q45367524	6000000074716193000
Q45367527	6000000074716943842
Q45367531	6000000074716357053
Q45367537	6000000074717023826
Q45367540	6000000074727571831
Q45367544	6000000074727525878
Q45367545	6000000074727455855
Q45367550	6000000074686659980
Q45367555	6000000074692188891
Q45367559	6000000074710993824
Q45367560	6000000018335005568
Q45367565	6000000074727400009
Q45367583	6000000074698913962
Q45367584	6000000074717660305
Q45367589	6000000074724775290
Q45367592	6000000074719141832
Q45367594	6000000074719146838
Q45367597	6000000074718981860
Q45367599	6000000074719010952
Q45367600	6000000074699661153
Q45367603	6000000074726856479
Q45367608	6000000074727221132
Q45367613	6000000074727570890
Q45367618	6000000074727637841
Q45367635	6000000074758259010
Q45367638	6000000074758118093
Q45367641	6000000074727667834
Q45367643	6000000074718899971
Q45367645	6000000074718980909
Q45367648	6000000074719106836
Q45367653	6000000074717965494
Q45367656	6000000074719098856
Q45367659	6000000074718064356
Q45367662	6000000074717623725
Q45367668	6000000074718841050
Q45367672	6000000074727348048
Q45367676	6000000074702745967
Q45367678	6000000074702829851
Q45367683	6000000074702556074
Q45367686	6000000074702865821
Q45367690	6000000074727669825
Q45367694	6000000074727154226
Q45367698	6000000074727495971
Q45367702	6000000074727518953
Q45367706	6000000074727075248
Q45367709	6000000074727666846
Q45367713	6000000074727533956
Q45367717	6000000074726630693
Q45367720	6000000074727518959
Q45367725	6000000074727451055
Q45367729	6000000074726677753
Q45367736	6000000074726630689
Q45367738	6000000074718624092
Q45367741	6000000074719024892
Q45367743	6000000074718878970
Q45367745	6000000074718583080
Q45367749	6000000074719176823
Q45367751	6000000074719011005
Q45367755	6000000074718829011
Q45367758	6000000074727543976
Q45367760	6000000074727511950
Q45367764	6000000074718807971
Q45367769	6000000074718863026
Q45367771	6000000074718782989
Q45367777	6000000074727518000
Q45367780	6000000074719080839
Q45367783	6000000074719073834
Q45367787	6000000074718961948
Q45367791	6000000074717850565
Q45367804	6000000074718961965
Q45367806	6000000074718229212
Q45367810	6000000074719032884
Q45367812	6000000074687833879
Q45367816	6000000074687274093
Q45367820	6000000074687779875
Q45367826	6000000074719114855
Q45367830	6000000074719030907
Q45367834	6000000074718890041
Q45367837	6000000074718854024
Q45367843	6000000074718649030
Q45367846	6000000074726992315
Q45367855	6000000074727378159
Q45367857	6000000074727618855
Q45367861	6000000074727241157
Q45367864	6000000074727050362
Q45367869	6000000074727494022
Q45367872	6000000074727629868
Q45367876	6000000074727399062
Q45367881	6000000074727183356
Q45367889	6000000074727463108
Q45367895	6000000074727703833
Q45367899	6000000074727559991
Q45367904	6000000074727512008
Q45367909	6000000074727616886
Q45367913	6000000074727376162
Q45367919	6000000074719024874
Q45367920	6000000074718876960
Q45367924	6000000074719128854
Q45367930	6000000074717449826
Q45367932	6000000074716122152
Q45367934	6000000074717343928
Q45367940	6000000074717413904
Q45367941	6000000074717370897
Q45367943	6000000074716966120
Q45367947	6000000074717194056
Q45367953	6000000074716187345
Q45367959	6000000074717452824
Q45367962	6000000074726971425
Q45367964	6000000074704240253
Q45367968	6000000074704321260
Q45367971	6000000074701449949
Q45367975	6000000074704711043
Q45367979	6000000074704863033
Q45367985	6000000074704851898
Q45367989	6000000074727750824
Q45367992	6000000074704973845
Q45367998	6000000074705000831
Q45368001	6000000074727372229
Q45368004	6000000074727464938
Q45368009	6000000074727631954
Q45368012	6000000074727764822
Q45368014	6000000074726909497
Q45368027	6000000074727406126
Q45368030	6000000074727736835
Q45368042	6000000074727548093
Q45368048	6000000074727696920
Q45368049	6000000074727544960
Q45368057	6000000074727248178
Q45368065	6000000074758097926
Q45368074	6000000074757920042
Q45368086	6000000074727064432
Q45368089	6000000074757906108
Q45368100	6000000074727475078
Q45368115	6000000019314609393
Q45368118	6000000019314728142
Q45368122	6000000019314647520
Q45368123	6000000075060117878
Q45368127	6000000074687220232
Q45368136	6000000074725501932
Q45368138	6000000074725624826
Q45368139	6000000074725222317
Q45368144	6000000074724933605
Q45368149	6000000074725610821
Q45368156	6000000074724818740
Q45368161	6000000074725601854
Q45368164	6000000074725517926
Q45368165	6000000074725557861
Q45368170	6000000074687773031
Q45368176	6000000074727550000
Q45368182	6000000074727581939
Q45368186	6000000074687317210
Q45368190	6000000074687831025
Q45368194	6000000075059069146
Q45368197	6000000074687750070
Q45368202	6000000074687650103
Q45368203	6000000074725540111
Q45368209	6000000074687067537
Q4536821	6000000017686815855
Q45368221	6000000074687040356
Q45368224	6000000074687650007
Q45368227	6000000074687535114
Q45368231	6000000074687615023
Q45368233	6000000074687615018
Q45368238	6000000074687779879
Q45368246	6000000074757669179
Q45368251	6000000074687457055
Q45368253	6000000074687412048
Q45368258	6000000074687938821
Q45368261	6000000074687670974
Q45368263	6000000074718225115
Q45368267	6000000074719003916
Q45368269	6000000074687795886
Q45368273	6000000074687834877
Q45368276	6000000074687508010
Q45368279	6000000074686635575
Q45368282	6000000074687389238
Q45368285	6000000074687418111
Q45368290	6000000074727631972
Q45368293	6000000019313060390
Q45368298	6000000074719091938
Q4536830	6000000012332680826
Q45368302	6000000074718973964
Q45368305	6000000074718865030
Q45368308	6000000074718272227
Q45368310	6000000074718059414
Q45368312	6000000074717873467
Q45368314	6000000074719030949
Q45368320	6000000074725525021
Q45368347	6000000074688043849
Q45368350	6000000074381339906
Q45368359	6000000074687538040
Q45368364	6000000012666441209
Q45368367	6000000074687905889
Q45368368	6000000074687798897
Q45368371	6000000019314819089
Q45368374	6000000075048990258
Q45368377	6000000074725324119
Q45368382	6000000019314950005
Q45368385	6000000074710599842
Q45368388	6000000074710389939
Q45368390	6000000074709761344
Q45368394	6000000074710371986
Q45368399	6000000074710239078
Q45368401	6000000074710187999
Q45368405	6000000074710436857
Q45368407	6000000074710606839
Q45368409	6000000074709945083
Q45368413	6000000019315010010
Q45368419	6000000074687971891
Q45368421	6000000074687457139
Q45368425	6000000019315059030
Q45368428	6000000074687987846
Q45368431	6000000074727260279
Q45368433	6000000074727544965
Q45368445	6000000075057444361
Q45368448	6000000038239664451
Q45368451	6000000075058410871
Q45368456	6000000075058203951
Q45368463	6000000075057371346
Q45368465	6000000075058150025
Q45368474	6000000074727688936
Q45368481	6000000074687837047
Q45368485	6000000074688014021
Q45368494	6000000074725441951
Q45368502	6000000075062279859
Q45368506	6000000074688736828
Q45368510	6000000074688633903
Q45368513	6000000074687720420
Q45368515	6000000074688597947
Q45368517	6000000046886691951
Q45368525	6000000074688066989
Q45368531	6000000074688254857
Q45368534	6000000074687882015
Q45368539	6000000074687307048
Q45368542	6000000074686988215
Q45368545	6000000074687550858
Q45368550	6000000074687533872
Q45368555	6000000074687166148
Q45368557	6000000074687655832
Q45368559	6000000074687238052
Q45368562	6000000074687481913
Q45368567	6000000074687483932
Q45368569	6000000075048790299
Q45368573	6000000075049653860
Q45368584	6000000075060051942
Q45368586	6000000075060286838
Q45368589	6000000075060018908
Q45368599	6000000074688316144
Q45368603	6000000074688630883
Q45368606	6000000074688818821
Q45368613	6000000074712166826
Q45368630	6000000075058310957
Q45368633	6000000074727807838
Q45368639	6000000074727797844
Q45368642	6000000074727142435
Q45368647	6000000074727729859
Q45368652	6000000074727542012
Q45368665	6000000074711718891
Q45368667	6000000074711766860
Q45368668	6000000074711681959
Q45368670	6000000074727810861
Q45368677	6000000074727020487
Q45368681	6000000074727786866
Q45368685	6000000074691343109
Q45368688	6000000074692338117
Q45368693	6000000074691055618
Q45368695	6000000075050435099
Q45368698	6000000075050682932
Q45368703	6000000075050937861
Q45368715	6000000074727467219
Q45368719	6000000074727786880
Q45368722	6000000074727864823
Q45368728	6000000074727787903
Q45368731	6000000074727742899
Q45368734	6000000074727841866
Q45368735	6000000074727388219
Q45368739	6000000074727866839
Q45368742	6000000074727879822
Q45368744	6000000074692448008
Q45368748	6000000074692131136
Q45368754	6000000074692919830
Q45368757	6000000074727806877
Q45368762	6000000074727465001
Q45368768	6000000074727736904
Q45368772	6000000074727698018
Q45368779	6000000074727802876
Q45368784	6000000074727877830
Q45368787	6000000074727409275
Q45368789	6000000074727649060
Q45368791	6000000074727663971
Q45368793	6000000074727802880
Q45368798	6000000074727583077
Q45368800	6000000074727757910
Q45368802	6000000074727673992
Q45368805	6000000074727657016
Q45368810	6000000074727370302
Q45368814	6000000074727642021
Q45368816	6000000074727697056
Q45368818	6000000074727877846
Q45368822	6000000074719115909
Q45368823	6000000074727628013
Q45368829	6000000074727447040
Q45368833	6000000074726738674
Q45368837	6000000074727769998
Q45368839	6000000074727241382
Q45368842	6000000074718803079
Q45368846	6000000074719083894
Q45368848	6000000074718676228
Q45368850	6000000074726910600
Q45368856	6000000074727799978
Q45368865	6000000074727805923
Q45368876	6000000074727651064
Q45368878	6000000074727595167
Q45368881	6000000074727528129
Q45368883	6000000074727205471
Q45368887	6000000074703710822
Q45368892	6000000074702511655
Q45368894	6000000074725503004
Q45368897	6000000074724982471
Q45368898	6000000074725395063
Q45368901	6000000074725366113
Q45368903	6000000074725381002
Q45368906	6000000074725161324
Q45368910	6000000074725517908
Q45368913	6000000074725395068
Q45368917	6000000074727698104
Q45368921	6000000074727502180
Q45368924	6000000074725123576
Q45368925	6000000074725313120
Q45368929	6000000074727409339
Q45368938	6000000074727786974
Q45368942	6000000074727886881
Q45368946	6000000074727937844
Q45368951	6000000074727674022
Q45368953	6000000074727963825
Q45368958	6000000074727855863
Q45368960	6000000074727212383
Q45368964	6000000074727502174
Q45368968	6000000074727684027
Q45368973	6000000074727602048
Q45368976	6000000074727873890
Q45368982	6000000074727396403
Q45368985	6000000074727241393
Q45368988	6000000074727531191
Q45368991	6000000074727338418
Q45368994	6000000074727875862
Q45368998	6000000074727747061
Q45369005	6000000074727663981
Q45369013	6000000074727523203
Q45369016	6000000074727953858
Q45369022	6000000039005064162
Q45369025	6000000074727711980
Q45369027	6000000074728008835
Q45369030	6000000074727982839
Q45369031	6000000074727583157
Q45369032	6000000074727965858
Q45369033	6000000074727740978
Q45369036	6000000074727755031
Q45369039	6000000074698984837
Q45369042	6000000039005241868
Q45369046	6000000039003761172
Q45369051	6000000074704850895
Q45369056	6000000074727684047
Q45369060	6000000074727982844
Q45369063	6000000074704853867
Q45369065	6000000074727618156
Q45369069	6000000049776830910
Q45369072	6000000074704266259
Q45369074	6000000074728026822
Q45369077	6000000074727431198
Q45369079	6000000074727893919
Q45369083	6000000074705411860
Q45369088	6000000074704309414
Q45369091	6000000075060332834
Q45369098	6000000074705462821
Q45369100	6000000074704792375
Q45369103	6000000074704999125
Q45369106	6000000074704240578
Q45369111	6000000074705385870
Q45369114	6000000074705293892
Q45369117	6000000074727943890
Q45369124	6000000074705195088
Q45369125	6000000074704921233
Q45369129	6000000074705243982
Q45369131	6000000074727883915
Q45369135	6000000074727676078
Q45369139	6000000074727177451
Q45369143	6000000074727237346
Q45369145	6000000074727760990
Q45369150	6000000074727018740
Q45369154	6000000074728023826
Q45369156	6000000074727065701
Q45369158	6000000074727688139
Q45369160	6000000074727982862
Q45369163	6000000075060066956
Q45369168	6000000074727748033
Q45369170	6000000075692066825
Q45369173	6000000075692033860
Q45369177	6000000075691187224
Q45369181	6000000075691337050
Q45369185	6000000074727990853
Q45369188	6000000074705250938
Q45369191	6000000074728063822
Q45369192	6000000074705370891
Q45369197	6000000074705425886
Q45369201	6000000074727502233
Q45369204	6000000074727806012
Q45369207	6000000074727961866
Q45369220	6000000074728015856
Q45369223	6000000074727833952
Q45369227	6000000074727997879
Q45369232	6000000074727791960
Q45369237	6000000074728096821
Q45369239	6000000074728049863
Q45369242	6000000074727901928
Q45369244	6000000074727005628
Q45369247	6000000074727807052
Q45369249	6000000074727867003
Q45369254	6000000074727927994
Q45369260	6000000074727502282
Q45369266	6000000063344525914
Q45369268	6000000074698476108
Q45369271	6000000074727212497
Q45369275	6000000074726969641
Q45369280	6000000074727617191
Q45369285	6000000074728067900
Q45369287	6000000074728093861
Q45369290	6000000074728078879
Q45369291	6000000074728045910
Q45369297	6000000074727961921
Q45369299	6000000074706105936
Q45369314	6000000074728038853
Q45369320	6000000074727459383
Q45369322	6000000074728041896
Q45369327	6000000074727796111
Q45369336	6000000074727628137
Q45369339	6000000074728012973
Q45369343	6000000074728133882
Q45369347	6000000074725306110
Q45369349	6000000074728055938
Q45369351	6000000074727946978
Q45369355	6000000074727687285
Q45369358	6000000074727636260
Q45369359	6000000074790942279
Q45369366	6000000075326330986
Q45369367	6000000074728134877
Q45369370	6000000074727716187
Q45369371	6000000075326502844
Q45369373	6000000075326119138
Q45369376	6000000075326446864
Q45369379	6000000074728120846
Q45369381	6000000074727565342
Q45369386	6000000074727502334
Q45369387	6000000074728176829
Q45369391	6000000074728106899
Q45369393	6000000074727712094
Q45369396	6000000074728119902
Q45369399	6000000074728013005
Q45369406	6000000074707834914
Q45369409	6000000074707686131
Q45369419	6000000074707915857
Q45369422	6000000074707831909
Q45369424	6000000074707827935
Q45369427	6000000074707334228
Q45369429	6000000074707350170
Q45369432	6000000074707798949
Q45369439	6000000074727828089
Q45369443	6000000074728035941
Q45369449	6000000074727518333
Q45369453	6000000074727565369
Q45369455	6000000037592013923
Q45369460	6000000037591898135
Q45369465	6000000074728148868
Q45369468	6000000074728175834
Q45369470	6000000074727923021
Q45369476	6000000074728078947
Q45369485	6000000074727965018
Q45369487	6000000074727936960
Q45369492	6000000074727628185
Q45369495	6000000074727919000
Q45369499	6000000074727297516
Q45369503	6000000074728204857
Q45369504	6000000074727928084
Q45369509	6000000074728203849
Q45369512	6000000074728219836
Q45369515	6000000074728095898
Q45369537	6000000007512784563
Q45369541	6000000074727558310
Q45369546	6000000074728017960
Q45369550	6000000074728133929
Q45369554	6000000074728249821
Q45369561	6000000074719114903
Q45369568	6000000074719011046
Q45369572	6000000074719002018
Q45369575	6000000074719208833
Q45369576	6000000074719151859
Q45369579	6000000074728028031
Q45369581	6000000074727806170
Q45369587	6000000074728237835
Q45369590	6000000074727716290
Q45369594	6000000074727075655
Q45369598	6000000074727901105
Q45369599	6000000074725106398
Q45369603	6000000074725431885
Q45369607	6000000074724657780
Q45369608	6000000074725114241
Q45369610	6000000074725299014
Q45369613	6000000074724868477
Q45369614	6000000074726969749
Q45369619	6000000074717578481
Q45369625	6000000074719179881
Q45369627	6000000074719188846
Q45369630	6000000074727748192
Q45369634	6000000074728126952
Q45369636	6000000074727976031
Q45369638	6000000074728038976
Q45369641	6000000074692111067
Q45369644	6000000074718583161
Q45369647	6000000074727892166
Q45369650	6000000074727376503
Q45369652	6000000074728200894
Q45369655	6000000074691400255
Q45369660	6000000074691505266
Q45369662	6000000074728082999
Q45369665	6000000074727731265
Q45369669	6000000074727941062
Q45369670	6000000074728051992
Q45369694	6000000074727711269
Q45369694	6000000075485455930
Q45369699	6000000074727177695
Q45369702	6000000074727606332
Q45369706	6000000074727945100
Q45369710	6000000074728256857
Q45369713	6000000074728051013
Q45369714	6000000074728055005
Q45369717	6000000074727947094
Q45369724	6000000074727791234
Q45369727	6000000074727809127
Q45369729	6000000074727075707
Q45369732	6000000074727628248
Q45369735	6000000074727263233
Q45369737	6000000074728087058
Q45369740	6000000074728203910
Q45369742	6000000074727475458
Q45369743	6000000074728335831
Q45369745	6000000074728116057
Q45369746	6000000074727976066
Q45369748	6000000074728060037
Q45369750	6000000074728310845
Q45369753	6000000074728068019
Q45369755	6000000074728067068
Q45369759	6000000074728207918
Q45369761	6000000074728346826
Q45369764	6000000074728143948
Q45369771	6000000074727475477
Q45369773	6000000074728267876
Q45369778	6000000074728053018
Q45369782	6000000074728192958
Q45369789	6000000074728381824
Q45369792	6000000074727956184
Q45369799	6000000075482497994
Q45369803	6000000075482324178
Q45369809	6000000074728192991
Q45369839	6000000074728220926
Q45369841	6000000074727846069
Q45369843	6000000046885940545
Q45369845	6000000074687338254
Q45369849	6000000074687561241
Q45369887	6000000074728026077
Q45369890	6000000074728222024
Q45369894	6000000074703803034
Q45369898	6000000074703703201
Q453699	6000000013301868439
Q45369901	6000000074703963938
Q45369904	6000000074703694259
Q45369909	6000000074727257642
Q45369912	6000000074727088697
Q45369915	6000000074728224912
Q45369917	6000000074727956212
Q45369920	6000000074726992722
Q45369925	6000000074727976109
Q45369926	6000000074728373838
Q45369932	6000000074727741112
Q45369936	6000000074728336845
Q45369938	6000000074727761174
Q45369940	6000000074728315852
Q45369943	6000000074728203970
Q45369945	6000000074728424822
Q45369949	6000000074728099045
Q45369952	6000000074728060095
Q45369956	6000000074719133856
Q45369958	6000000074728060100
Q45369960	6000000074727728230
Q45369964	6000000074727964015
Q45369969	6000000074728354847
Q45369974	6000000074718913070
Q45369977	6000000074718056472
Q45369979	6000000074719119934
Q45369982	6000000074718929029
Q45369985	6000000074719250833
Q45369988	6000000074724725309
Q45369991	6000000074728357872
Q45369993	6000000074725111904
Q45369997	6000000074724431626
Q45370	6000000152479785920
Q45370001	6000000074724865076
Q45370006	6000000074728267920
Q45370010	6000000074728339857
Q45370017	6000000074728398846
Q45370020	6000000074728086021
Q45370022	6000000074727761192
Q45370023	6000000024624357831
Q45370025	6000000074712536030
Q45370030	6000000074712939854
Q45370032	6000000074712717995
Q45370036	6000000074712826933
Q45370039	6000000074712550992
Q45370042	6000000074712964880
Q45370045	6000000074712975861
Q45370047	6000000074712739960
Q45370050	6000000074712298155
Q45370053	6000000074712923852
Q45370056	6000000074712442160
Q45370059	6000000074712298159
Q45370063	6000000074712244236
Q45370065	6000000074712536050
Q45370066	6000000074712818920
Q45370070	6000000074713005831
Q45370071	6000000074712827903
Q45370074	6000000074728249001
Q45370076	6000000074728453825
Q45370079	6000000074690539910
Q45370082	6000000074690667896
Q45370086	6000000074727731317
Q45370087	6000000074727889133
Q45370089	6000000074690543922
Q45370090	6000000074689971232
Q45370092	6000000074690766831
Q45370097	6000000074728453835
Q45370099	6000000074690241042
Q453701	6000000007775549451
Q45370101	6000000074689936258
Q45370103	6000000074690635898
Q45370108	6000000074690741853
Q45370112	6000000074690464034
Q45370116	6000000074728119024
Q45370118	6000000074727945153
Q45370122	6000000074727807216
Q45370124	6000000074728394831
Q45370127	6000000074728069077
Q45370130	6000000074728425849
Q45370132	6000000074727902145
Q45370136	6000000074727947215
Q45370138	6000000074728323889
Q45370142	6000000074727088710
Q45370144	6000000074727712253
Q45370147	6000000074728170958
Q45370149	6000000074728276957
Q45370152	6000000074728469838
Q45370154	6000000074728416855
Q45370157	6000000074728408897
Q45370162	6000000074728494821
Q45370167	6000000074727814239
Q45370170	6000000074728465835
Q45370174	6000000074727711411
Q45370180	6000000074727177770
Q45370182	6000000074728496833
Q45370187	6000000074727741160
Q45370190	6000000074727005781
Q45370192	6000000074728073081
Q45370197	6000000074705560114
Q45370201	6000000074728083087
Q45370202	6000000074705827892
Q45370205	6000000074727892282
Q45370208	6000000074727947232
Q45370209	6000000074728515821
Q45370216	6000000074718890822
Q45370219	6000000074728464857
Q45370221	6000000074718063196
Q45370224	6000000074718766910
Q45370227	6000000074717577526
Q45370231	6000000074718284042
Q45370235	6000000074718550013
Q45370238	6000000074717735394
Q45370242	6000000074718056217
Q45370244	6000000074725010299
Q45370250	6000000074717735398
Q45370251	6000000074717925223
Q45370254	6000000074718901835
Q45370260	6000000074718898841
Q45370264	6000000074728018122
Q45370269	6000000074728515829
Q45370276	6000000074727902206
Q45370280	6000000074727876257
Q45370282	6000000074728114178
Q45370286	6000000074728488830
Q45370291	6000000074728267949
Q45370294	6000000074728274051
Q45370306	6000000074728352884
Q45370307	6000000074724833663
Q45370310	6000000074728470868
Q45370313	6000000074725442008
Q45370315	6000000074725022642
Q45370316	6000000074725042194
Q45370318	6000000074725538886
Q45370322	6000000074725456968
Q45370323	6000000074725131450
Q45370326	6000000074725312211
Q45370329	6000000074725309207
Q45370331	6000000074725369230
Q45370335	6000000074725114408
Q45370338	6000000074725388071
Q45370340	6000000074728260982
Q45370344	6000000074728359859
Q45370348	6000000074728114183
Q45370352	6000000074728529845
Q45370355	6000000074727518526
Q45370360	6000000074728318942
Q45370365	6000000074727761229
Q45370369	6000000074728276999
Q45370373	6000000074728234066
Q45370376	6000000074728315939
Q45370379	6000000074728433862
Q45370381	6000000074728569822
Q45370384	6000000074728277004
Q45370387	6000000074727887148
Q45370390	6000000074728485853
Q45370395	6000000074727005804
Q45370398	6000000074728408925
Q45370405	6000000074728508850
Q45370410	6000000074728572822
Q45370414	6000000074728285948
Q45370417	6000000074728563834
Q45370422	6000000074727947277
Q45370426	6000000074728521845
Q45370430	6000000074728579834
Q45370431	6000000074728086071
Q45370435	6000000074728361987
Q45370439	6000000074728595821
Q45370443	6000000074728441895
Q45370446	6000000074727731395
Q45370452	6000000074728285965
Q45370456	6000000074728553844
Q45370458	6000000074728291960
Q45370461	6000000074705643436
Q45370462	6000000074706227885
Q45370468	6000000074706253919
Q45370470	6000000074706116015
Q45370472	6000000074728188060
Q45370473	6000000074728589835
Q45370479	6000000074706002034
Q45370481	6000000074706229933
Q45370485	6000000074706304863
Q45370487	6000000074705361551
Q45370491	6000000074706113993
Q45370495	6000000074684671529
Q45370500	6000000074728500881
Q45370521	6000000074728502894
Q45370537	6000000074728403907
Q45370542	6000000074728441922
Q45370546	6000000074728006089
Q45370551	6000000074727257713
Q45370554	6000000074728320964
Q45370560	6000000074728537839
Q45370583	6000000074728134146
Q45370589	6000000074725731194
Q45370592	6000000074725928974
Q45370594	6000000074726038876
Q45370598	6000000074726025874
Q45370601	6000000074728557898
Q45370604	6000000074728422918
Q45370608	6000000074728468894
Q45370611	6000000074728353916
Q45370616	6000000074728527869
Q45370620	6000000074728617827
Q45370623	6000000074725908105
Q45370626	6000000074725871026
Q45370629	6000000074728292016
Q45370631	6000000074727969176
Q45370637	6000000074728499886
Q45370640	6000000074727902233
Q45370643	6000000074728087205
Q45370647	6000000074728623851
Q45370651	6000000074728638821
Q45370653	6000000074727928376
Q45370662	6000000074728408972
Q45370666	6000000074727948169
Q45370668	6000000074728588892
Q45370670	6000000074727376674
Q45370685	6000000074728580912
Q45370690	6000000074727922202
Q45370694	6000000074699548180
Q45370696	6000000074727607513
Q45370698	6000000074728141120
Q45370703	6000000074728295024
Q45370706	6000000074728193163
Q45370709	6000000074728562854
Q45370714	6000000074728316024
Q45370717	6000000074728086157
Q45370720	6000000074727814361
Q45370724	6000000074728081160
Q45370727	6000000074728521894
Q45370732	6000000074728490946
Q45370734	6000000074728371008
Q45370738	6000000074727892409
Q45370740	6000000074728436946
Q45370745	6000000074728048164
Q45370748	6000000074727849312
Q45370751	6000000074727791362
Q45370754	6000000074728589847
Q45370759	6000000074691838951
Q45370764	6000000074728352943
Q45370768	6000000074728018241
Q45370771	6000000074728592919
Q45370774	6000000074718919821
Q45370779	6000000074718795885
Q45370781	6000000074718824935
Q45370785	6000000074728193185
Q45370789	6000000074718883829
Q45370792	6000000074718852875
Q45370794	6000000074718816857
Q45370796	6000000074718910828
Q45370801	6000000074690945307
Q45370806	6000000074728198127
Q45370808	6000000074718984842
Q45370810	6000000074718705999
Q45370812	6000000074727902257
Q45370817	6000000074691591057
Q45370819	6000000074728135246
Q45370823	6000000074728541909
Q45370826	6000000074728662851
Q45370831	6000000074728600882
Q45370834	6000000074728572901
Q45370837	6000000074728256996
Q45370843	6000000074728668834
Q45370850	6000000074728496969
Q45370852	6000000074691789898
Q45370855	6000000074728491959
Q45370858	6000000074728056194
Q45370860	6000000074728684822
Q45370862	6000000074728653878
Q45370864	6000000074727876354
Q45370866	6000000074692112823
Q45370870	6000000074728411911
Q45370873	6000000074728493954
Q45370877	6000000074728539877
Q45370880	6000000074728261054
Q45370882	6000000074728644871
Q45370884	6000000074728616909
Q45370888	6000000074728693827
Q45370890	6000000074728579900
Q45370892	6000000074728657878
Q45370896	6000000074728700836
Q45370898	6000000074728689838
Q453709	6000000034372202255
Q45370901	6000000074728498963
Q45370903	6000000074728424975
Q45370905	6000000074728696853
Q45370908	6000000074728657897
Q45370911	6000000074728713835
Q45370914	6000000074728715831
Q45370916	6000000074718890847
Q45370919	6000000074728491993
Q45370924	6000000074718728969
Q45370927	6000000074718730923
Q45370929	6000000074728557962
Q45370932	6000000074728087295
Q45370937	6000000074718759921
Q45370940	6000000074691947899
Q45370942	6000000074691990847
Q45370944	6000000074691326076
Q45370947	6000000074728174191
Q45370950	6000000074728662845
Q45370953	6000000074728423964
Q45370964	6000000074717873302
Q45370967	6000000074718808850
Q45370970	6000000074718790882
Q45370973	6000000074718147108
Q45370975	6000000074718880842
Q45370979	6000000074728604857
Q45370983	6000000074728638909
Q45370985	6000000074728550915
Q45370988	6000000074728689829
Q45370993	6000000074728673837
Q45370996	6000000074727602366
Q45371001	6000000074728492002
Q45371003	6000000074728491998
Q45371010	6000000074728681866
Q45371012	6000000074728735822
Q45371014	6000000074728572921
Q45371017	6000000074728547923
Q45371024	6000000074728497006
Q45371028	6000000074728546919
Q45371032	6000000074728533961
Q45371035	6000000074726038850
Q45371038	6000000074725731167
Q45371039	6000000074728193220
Q45371041	6000000074725402476
Q45371043	6000000074725304544
Q45371050	6000000074725314681
Q45371051	6000000074726007877
Q45371052	6000000074725971877
Q45371056	6000000074725881940
Q45371059	6000000074726051843
Q45371062	6000000074728403942
Q45371064	6000000074728459009
Q45371068	6000000074697702770
Q45371073	6000000074728488903
Q45371077	6000000074728509915
Q45371079	6000000074728424952
Q45371085	6000000074727731425
Q45371087	6000000074727948252
Q45371096	6000000074728454979
Q45371101	6000000074712989836
Q45371103	6000000074728424002
Q45371107	6000000074728600941
Q45371110	6000000074728177115
Q45371112	6000000074728537930
Q45371117	6000000074728599976
Q45371120	6000000074728678879
Q45371123	6000000074728654902
Q45371128	6000000074728741851
Q45371130	6000000074728741841
Q45371132	6000000074728235158
Q45371137	6000000074728596966
Q45371139	6000000074727297732
Q45371141	6000000074728694843
Q45371144	6000000074725131985
Q45371145	6000000074728656891
Q45371149	6000000074728710831
Q45371153	6000000074728555969
Q45371156	6000000074728591915
Q45371160	6000000074728249137
Q45371163	6000000074728591922
Q45371167	6000000074728679882
Q45371170	6000000074727876435
Q45371176	6000000074728631956
Q45371178	6000000074728087336
Q45371180	6000000074727518606
Q45371183	6000000074728081259
Q45371186	6000000074728771822
Q45371189	6000000074728716851
Q45371195	6000000074728547953
Q45371198	6000000074728436995
Q45371200	6000000074692704825
Q45371202	6000000074692332960
Q45371206	6000000074728694857
Q45371210	6000000074728411945
Q45371211	6000000074728777836
Q45371218	6000000074728316096
Q45371224	6000000074728362080
Q45371228	6000000074728779837
Q45371230	6000000074727376772
Q45371237	6000000074728604891
Q45371239	6000000074728657948
Q45371244	6000000074728508956
Q45371246	6000000074717873286
Q45371250	6000000074728676876
Q45371252	6000000074728355017
Q45371256	6000000074728087344
Q45371257	6000000074728452075
Q45371260	6000000074728488035
Q45371264	6000000074728700892
Q45371269	6000000074728610926
Q45371272	6000000074728747837
Q45371277	6000000074728739882
Q45371282	6000000074728700903
Q45371286	6000000074727518619
Q45371288	6000000074728174177
Q45371295	6000000074728441996
Q45371297	6000000074724683423
Q45371302	6000000074728636876
Q45371305	6000000074728419967
Q45371307	6000000074728525015
Q45371312	6000000074728720851
Q45371314	6000000074728355028
Q45371316	6000000074727947414
Q45371319	6000000074728256030
Q45371323	6000000074728295176
Q45371324	6000000074728604915
Q45371330	6000000074728752888
Q45371333	6000000074728177152
Q45371334	6000000074728678912
Q45371338	6000000074690987272
Q45371341	6000000074728003274
Q45371343	6000000074728600998
Q45371346	6000000074728566001
Q45371354	6000000074728732870
Q45371360	6000000074727687796
Q45371365	6000000074728282079
Q45371368	6000000074691241133
Q45371372	6000000074691727986
Q45371376	6000000074691863925
Q45371381	6000000074692041823
Q45371386	6000000074728454128
Q45371389	6000000074691762965
Q45371392	6000000074728688924
Q45371394	6000000074728081290
Q45371396	6000000074728548016
Q45371397	6000000074728853837
Q45371402	6000000074728300130
Q45371407	6000000074728840836
Q45371409	6000000074685169028
Q45371412	6000000074728654885
Q45371416	6000000074728614944
Q45371420	6000000074728781877
Q45371424	6000000074728631989
Q45371427	6000000074728606898
Q45371430	6000000074728386960
Q45371432	6000000074728873831
Q45371435	6000000074728081306
Q45371439	6000000074699586044
Q45371445	6000000074728711904
Q45371448	6000000074724886117
Q45371452	6000000074724562590
Q45371456	6000000074728790881
Q45371462	6000000074728861859
Q45371465	6000000074728604987
Q45371470	6000000074728815868
Q45371473	6000000074728660989
Q45371476	6000000074728574049
Q45371477	6000000074728883860
Q45371481	6000000074717925227
Q45371486	6000000074717635416
Q45371490	6000000074728580047
Q45371495	6000000074728637003
Q45371498	6000000074699760995
Q45371503	6000000074718623940
Q45371504	6000000074718770900
Q45371508	6000000074699864924
Q45371511	6000000074728555000
Q45371513	6000000074699090520
Q45371517	6000000074699869864
Q45371520	6000000074699753924
Q45371522	6000000074699828889
Q45371528	6000000074699879855
Q45371531	6000000074699877894
Q45371535	6000000074699586135
Q45371537	6000000074728610970
Q45371542	6000000074699628049
Q45371544	6000000074699829853
Q45371547	6000000074699879875
Q45371552	6000000074709856857
Q45371554	6000000074727892328
Q45371557	6000000074728491875
Q45371560	6000000074719074908
Q45371564	6000000074728817846
Q45371567	6000000074719206872
Q45371572	6000000074728109321
Q45371573	6000000074728515095
Q45371576	6000000074728109337
Q45371579	6000000074699555196
Q45371581	6000000074699835923
Q45371585	6000000074699906859
Q45371588	6000000074699493145
Q45371590	6000000074728897825
Q45371593	6000000074699608183
Q45371597	6000000074699760081
Q45371600	6000000074699787087
Q45371605	6000000074728830868
Q45371606	6000000074699903822
Q45371607	6000000074699746978
Q45371610	6000000075060484826
Q45371612	6000000075060139958
Q45371614	6000000074699742960
Q45371617	6000000074699599144
Q45371620	6000000074728764969
Q45371622	6000000074728362143
Q45371627	6000000074728902834
Q45371630	6000000074728714953
Q45371634	6000000074728835892
Q45371636	6000000074728600091
Q45371637	6000000074728536034
Q45371638	6000000074728692984
Q45371640	6000000074728870836
Q45371642	6000000074727969303
Q45371647	6000000074728938821
Q45371650	6000000074725776900
Q45371660	6000000074725123544
Q45371663	6000000074727832539
Q45371666	6000000074728654978
Q45371671	6000000074728887838
Q45371688	6000000074729829936
Q45371695	6000000075060495822
Q45371705	6000000074729913900
Q45371709	6000000074730017841
Q45371713	6000000074729401077
Q45371716	6000000074729967888
Q45371721	6000000074729913904
Q45371723	6000000074729671016
Q45371725	6000000074729509278
Q45371727	6000000074730160982
Q45371732	6000000074729996011
Q45371736	6000000074730292872
Q45371740	6000000074729204518
Q45371752	6000000074730108061
Q45371756	6000000074730275877
Q45371762	6000000074730284919
Q45371766	6000000074730384866
Q45371769	6000000074729880893
Q45371774	6000000074729612997
Q45371778	6000000074729282230
Q45371779	6000000074729808959
Q45371784	6000000074730054839
Q45371785	6000000074729599042
Q45371787	6000000074729730939
Q45371790	6000000074729690998
Q45371797	6000000074730043826
Q45371801	6000000074729392179
Q45371805	6000000074729673978
Q45371807	6000000074729600163
Q45371811	6000000074690438097
Q45371816	6000000074690437060
Q45371821	6000000074690679042
Q45371825	6000000074699679923
Q45371828	6000000074691154042
Q45371834	6000000074691453903
Q45371837	6000000074690495350
Q45371842	6000000074729204542
Q45371845	6000000074710666023
Q45371851	6000000074710511087
Q45371854	6000000074710622962
Q45371859	6000000074710758884
Q45371863	6000000074710782926
Q45371867	6000000074730413905
Q45371871	6000000074710843880
Q45371874	6000000074724993974
Q45371878	6000000074724998125
Q45371881	6000000074724805225
Q45371886	6000000074730268941
Q45371889	6000000074730274882
Q45371892	6000000074730382863
Q45371899	6000000074729944074
Q45371905	6000000074730243881
Q45371909	6000000074730180967
Q45371918	6000000074730250900
Q45371928	6000000074730279904
Q45371951	6000000074730168978
Q45371968	6000000074730495869
Q45371995	6000000038027237263
Q45371999	6000000038027188376
Q45372002	6000000038026963699
Q45372006	6000000038027274154
Q45372009	6000000038027203332
Q45372016	6000000074703885904
Q45372019	6000000038027347065
Q45372027	6000000074729600182
Q45372029	6000000074703812971
Q45372033	6000000074730544832
Q45372038	6000000038027257176
Q45372044	6000000074704734994
Q45372048	6000000074704839885
Q45372049	6000000074704769917
Q45372053	6000000074704964829
Q45372055	6000000074705317948
Q45372056	6000000074725427166
Q45372058	6000000074725492998
Q45372061	6000000074725366220
Q45372063	6000000074725292175
Q45372068	6000000074730421894
Q45372070	6000000074715818958
Q45372070	6000000074716249841
Q45372072	6000000074716409854
Q45372074	6000000074716179850
Q45372076	6000000074729712228
Q45372078	6000000074729692295
Q45372080	6000000074730248897
Q45372083	6000000074730325993
Q45372087	6000000074730214896
Q45372090	6000000074729802930
Q45372093	6000000074730327959
Q45372096	6000000074730123011
Q45372100	6000000074703963830
Q45372102	6000000038027020334
Q45372106	6000000074730081043
Q45372109	6000000039008800979
Q45372110	6000000038998558198
Q45372115	6000000039008424303
Q45372123	6000000074730440924
Q45372124	6000000074730418916
Q45372129	6000000074730443894
Q45372132	6000000074687749944
Q45372136	6000000074736023130
Q45372142	6000000038147596339
Q45372145	6000000074730274927
Q45372152	6000000075060324869
Q45372161	6000000074692003021
Q45372164	6000000074685555834
Q45372167	6000000074698336131
Q45372169	6000000074724868621
Q45372169	6000000074727167870
Q45372169	6000000074750938930
Q45372173	6000000074698711956
Q45372177	6000000074698765924
Q45372180	6000000074698447078
Q45372181	6000000074697721547
Q45372185	6000000074698815858
Q45372188	6000000074698754930
Q45372190	6000000074696600347
Q45372192	6000000074730532858
Q45372197	6000000063344735832
Q45372203	6000000074730212000
Q45372207	6000000074730040096
Q45372211	6000000074730323923
Q45372215	6000000074730458894
Q45372218	6000000074730580822
Q45372221	6000000074730371965
Q45372222	6000000074730069041
Q45372224	6000000074698105449
Q45372227	6000000074725370070
Q45372237	6000000074704240664
Q45372241	6000000074705477920
Q45372243	6000000074698476127
Q45372247	6000000074698888834
Q45372248	6000000063344122821
Q45372251	6000000063343511167
Q45372255	6000000063343738026
Q45372261	6000000074730058988
Q45372264	6000000074685427198
Q45372267	6000000046764775246
Q45372269	6000000074686204200
Q45372273	6000000074730414903
Q45372275	6000000075058438833
Q45372279	6000000074685679868
Q45372282	6000000074684884689
Q45372285	6000000074685714839
Q45372287	6000000074730416909
Q45372290	6000000074686098723
Q45372293	6000000074727447649
Q45372295	6000000074687045015
Q45372300	6000000074711322821
Q45372304	6000000074711067892
Q45372307	6000000074711327885
Q45372310	6000000074710501218
Q45372314	6000000074710583226
Q45372316	6000000074711285859
Q45372319	6000000074709988409
Q45372322	6000000074711338821
Q45372325	6000000074710038365
Q45372328	6000000074711261851
Q45372333	6000000074711276840
Q45372335	6000000074711042974
Q45372342	6000000074710743102
Q45372345	6000000074711196885
Q45372348	6000000074710983003
Q45372350	6000000074711196890
Q45372354	6000000074711259861
Q45372355	6000000074711309838
Q45372359	6000000074711290831
Q45372362	6000000074711345831
Q45372365	6000000074711347836
Q45372367	6000000074711143904
Q45372372	6000000074711318845
Q45372374	6000000074711265829
Q45372376	6000000074711221882
Q45372381	6000000074711346832
Q45372386	6000000074710200376
Q45372389	6000000074711242889
Q45372392	6000000074711266848
Q45372398	6000000074711307882
Q45372400	6000000074711191907
Q45372404	6000000074711158898
Q45372406	6000000074711194951
Q45372412	6000000074725753122
Q45372417	6000000074689715394
Q45372419	6000000074690788857
Q45372428	6000000074690674935
Q45372429	6000000074730501856
Q45372438	6000000074729987041
Q45372439	6000000074729313284
Q45372442	6000000074730120062
Q45372443	6000000074726021823
Q45372446	6000000074725763020
Q45372448	6000000074725352355
Q45372450	6000000074725963882
Q45372452	6000000074690727892
Q45372455	6000000074730435932
Q45372459	6000000075060123977
Q45372466	6000000075060007979
Q45372468	6000000074728947769
Q45372471	6000000074730163287
Q45372474	6000000074731303863
Q45372477	6000000074731004008
Q45372481	6000000074730858148
Q45372484	6000000074730452403
Q45372486	6000000074731048007
Q45372490	6000000074730390334
Q45372494	6000000074731170940
Q45372496	6000000074731225919
Q45372502	6000000074731113927
Q45372505	6000000074731376849
Q45372509	6000000074731201962
Q45372513	6000000074701350469
Q45372516	6000000074701752249
Q45372518	6000000074702041009
Q45372521	6000000074702171842
Q45372522	6000000074701278532
Q45372524	6000000074730979068
Q45372527	6000000074703963195
Q45372531	6000000074704202991
Q45372533	6000000074704479838
Q45372535	6000000038106976272
Q45372539	6000000074703950866
Q45372544	6000000075050206938
Q45372549	6000000074691772844
Q45372552	6000000074691679851
Q45372554	6000000074691707849
Q45372559	6000000074731409825
Q45372562	6000000074731283880
Q45372565	6000000074731460821
Q45372574	6000000075058596991
Q45372576	6000000074725191922
Q45372581	6000000074725031156
Q45372587	6000000074724762362
Q45372591	6000000074725081005
Q45372594	6000000074725029018
Q45372596	6000000074731315927
Q45372600	6000000074731445848
Q45372602	6000000074731352865
Q45372605	6000000074731212931
Q45372612	6000000074730614342
Q45372617	6000000074730102615
Q45372620	6000000074731346907
Q45372622	6000000074725119007
Q45372626	6000000074731080979
Q45372630	6000000074731449853
Q45372632	6000000074731415916
Q45372635	6000000074731059096
Q45372637	6000000074731366854
Q45372641	6000000074730924063
Q45372644	6000000074731232991
Q45372648	6000000074730601313
Q45372650	6000000074730467339
Q45372657	6000000074730542340
Q45372661	6000000074731368852
Q45372664	6000000074731434862
Q45372668	6000000074691863906
Q45372670	6000000074689798347
Q45372674	6000000074691962836
Q45372676	6000000074731270892
Q45372678	6000000074731344961
Q45372683	6000000074731319913
Q45372688	6000000074730696200
Q45372690	6000000074731116019
Q45372693	6000000074731176995
Q45372697	6000000075057400354
Q45372701	6000000074727257157
Q45372706	6000000075057947061
Q45372710	6000000075058506823
Q45372717	6000000074731571882
Q45372719	6000000074703900060
Q45372722	6000000074703858146
Q45372725	6000000074703715283
Q45372730	6000000074731233093
Q45372732	6000000074731418951
Q45372737	6000000074704178912
Q45372741	6000000074703931064
Q45372743	6000000074704104905
Q45372747	6000000074703786262
Q45372750	6000000074704113889
Q45372753	6000000074730993981
Q45372760	6000000074731464979
Q45372763	6000000074730779187
Q45372764	6000000074731598849
Q45372770	6000000038922222037
Q45372772	6000000038921819712
Q45372774	6000000038921895623
Q45372782	6000000074731637874
Q45372783	6000000074730425632
Q45372786	6000000074731384934
Q45372789	6000000075057853184
Q45372796	6000000074711988865
Q45372800	6000000074712142821
Q45372805	6000000074711973930
Q45372812	6000000074712018900
Q45372814	6000000074705476030
Q45372817	6000000074705570969
Q45372819	6000000074731384959
Q45372821	6000000074731638859
Q45372824	6000000074731603850
Q45372828	6000000074731304022
Q45372830	6000000074731713841
Q45372832	6000000074731491950
Q45372836	6000000074731620886
Q45372839	6000000074731646852
Q45372842	6000000074730102715
Q45372845	6000000074731406999
Q45372849	6000000075060301896
Q45372854	6000000074707896829
Q45372856	6000000074686846868
Q45372858	6000000074686607164
Q45372863	6000000074707891860
Q45372864	6000000074707846912
Q45372865	6000000074707203363
Q45372868	6000000038921852599
Q45372872	6000000038922040198
Q45372874	6000000074730993998
Q45372882	6000000074731636887
Q45372887	6000000074731736821
Q45372888	6000000019472445054
Q45372894	6000000074731181045
Q45372900	6000000019472355414
Q45372903	6000000075057520339
Q45372906	6000000025459834815
Q45372908	6000000074731316981
Q45372911	6000000074731667878
Q45372918	6000000074731270067
Q45372920	6000000074731729823
Q45372922	6000000074731576930
Q45372925	6000000074731399057
Q45372929	6000000074729877683
Q45372933	6000000074731607899
Q45372934	6000000074697859347
Q45372940	6000000074731652892
Q45372942	6000000074731618913
Q45372946	6000000074731764835
Q45372949	6000000074731471011
Q45372951	6000000074731513954
Q45372955	6000000074731584870
Q45372958	6000000038201282017
Q45372963	6000000038200976230
Q45372966	6000000074731715830
Q45372968	6000000074731436976
Q45372975	6000000074731575931
Q45372981	6000000074731649870
Q45372986	6000000074731287085
Q4537301	6000000076103917855
Q45373013	6000000074704247990
Q45373016	6000000038200938362
Q45373019	6000000038200910211
Q45373024	6000000074709746869
Q45373026	6000000074709706879
Q45373028	6000000074709564921
Q45373029	6000000074731439018
Q45373033	6000000074731779834
Q45373037	6000000074709583970
Q45373038	6000000074709808849
Q45373040	6000000074731116178
Q45373041	6000000074731793826
Q45373045	6000000074731576977
Q45373047	6000000074731697870
Q45373048	6000000074731697888
Q45373054	6000000074731525965
Q45373061	6000000074730952369
Q45373067	6000000074731282075
Q45373071	6000000074731649893
Q45373074	6000000074730696325
Q45373078	6000000074691378270
Q45373083	6000000074692472998
Q45373085	6000000074731800837
Q45373091	6000000074687023138
Q45373097	6000000074731689854
Q45373100	6000000074731258150
Q45373103	6000000074705356822
Q45373106	6000000074731295172
Q45373109	6000000074692619861
Q45373111	6000000074690867502
Q45373114	6000000074692677892
Q45373119	6000000074692205058
Q45373123	6000000074692583902
Q45373126	6000000074692658894
Q45373130	6000000074731854837
Q45373132	6000000074731863822
Q45373135	6000000074731606952
Q45373139	6000000074731866822
Q45373143	6000000074731683940
Q45373147	6000000074731644967
Q45373150	6000000074731509986
Q45373154	6000000074731672955
Q45373158	6000000074731777887
Q45373161	6000000074731212151
Q45373163	6000000074731833857
Q45373166	6000000074731812844
Q45373169	6000000074731813855
Q4537317	6000000208378189882
Q45373171	6000000074730163593
Q45373174	6000000074731489074
Q45373178	6000000074731679905
Q45373182	6000000074731708904
Q45373185	6000000074731679910
Q45373189	6000000074731591959
Q45373190	6000000074731618982
Q45373192	6000000074731834847
Q45373193	6000000074731392053
Q45373196	6000000074731755859
Q45373199	6000000074732129075
Q45373203	6000000074692867826
Q45373208	6000000074732637841
Q45373212	6000000074730609337
Q45373219	6000000074732518901
Q45373221	6000000074732545880
Q45373224	6000000074732407993
Q45373239	6000000036574017713
Q45373241	6000000012410004904
Q45373243	6000000012410368209
Q45373245	6000000012410342338
Q45373248	6000000074731752014
Q45373250	6000000074704510877
Q45373253	6000000074704419937
Q45373259	6000000074704353979
Q45373264	6000000038223116146
Q45373266	6000000038223178127
Q45373269	6000000038222910399
Q45373270	6000000074732187045
Q45373275	6000000074732703843
Q45373280	6000000074732680833
Q45373282	6000000074718252112
Q45373286	6000000038223484869
Q45373288	6000000075060299879
Q45373291	6000000074732526920
Q45373293	6000000074732210138
Q45373296	6000000074732682885
Q4537330	6000000031985285852
Q45373300	6000000074732736823
Q45373309	6000000038177378243
Q45373312	6000000074727211947
Q45373314	6000000038177394418
Q45373315	6000000038177505248
Q45373322	6000000074732728834
Q45373325	6000000074704583833
Q45373327	6000000074704254976
Q45373330	6000000074704329992
Q45373331	6000000074705127859
Q45373333	6000000075060446871
Q45373336	6000000074705096988
Q45373342	6000000074705216861
Q45373345	6000000074705196856
Q45373349	6000000074704526292
Q45373351	6000000074704928144
Q45373355	6000000074732633935
Q45373359	6000000074732753846
Q45373375	6000000074724954154
Q45373379	6000000074724936122
Q45373382	6000000049543352099
Q45373386	6000000074732691927
Q45373395	6000000074732646891
Q45373405	6000000074732684879
Q45373413	6000000074732588933
Q45373417	6000000074731916301
Q45373418	6000000074732684883
Q45373423	6000000074732652921
Q45373425	6000000074732636861
Q45373427	6000000074732662888
Q45373429	6000000074732413972
Q45373430	6000000074732803832
Q45373432	6000000074732011176
Q45373433	6000000074732810822
Q45373436	6000000074732458007
Q45373439	6000000074732690932
Q45373447	6000000074732596993
Q45373449	6000000046886607014
Q45373451	6000000075058334909
Q45373453	6000000075058510847
Q45373455	6000000075057280430
Q45373457	6000000075058455907
Q45373459	6000000075058543825
Q45373462	6000000043384089828
Q45373466	6000000043383358858
Q45373469	6000000043383617839
Q45373470	6000000043383617849
Q45373472	6000000074704391939
Q45373475	6000000074704443858
Q45373476	6000000074704214033
Q45373479	6000000074729549180
Q45373484	6000000074732646975
Q45373504	6000000038220507526
Q45373507	6000000038220807379
Q45373511	6000000074734585854
Q45373517	6000000038220663508
Q45373523	6000000074705663883
Q45373529	6000000074732613997
Q45373532	6000000074732708027
Q45373538	6000000074705145889
Q45373539	6000000074705011944
Q45373540	6000000075426432421
Q45373545	6000000074705166229
Q45373550	6000000074705598863
Q45373553	6000000074732950856
Q45373560	6000000074705503999
Q45373562	6000000074705237997
Q45373566	6000000074705269063
Q45373573	6000000074732549091
Q45373574	6000000038177232105
Q45373577	6000000038177128560
Q45373582	6000000038177262300
Q45373588	6000000038176874626
Q45373591	6000000038177417886
Q45373593	6000000074732965912
Q45373596	6000000074725276829
Q45373599	6000000074725150037
Q45373601	6000000074724431738
Q45373603	6000000074724893213
Q45373609	6000000074704189959
Q45373611	6000000074724599639
Q45373613	6000000074732333194
Q45373616	6000000074732395150
Q45373621	6000000074732962860
Q45373624	6000000074732806991
Q45373626	6000000074733021928
Q45373628	6000000074732932954
Q45373629	6000000074732515055
Q45373633	6000000074733080821
Q45373637	6000000074732683031
Q45373641	6000000074732635098
Q45373643	6000000074732847963
Q45373646	6000000074732854916
Q45373648	6000000074732902951
Q45373652	6000000074733001869
Q45373654	6000000074733039880
Q45373658	6000000074732670105
Q45373661	6000000074733106821
Q45373663	6000000074732588054
Q45373666	6000000074732872941
Q45373668	6000000074732607058
Q45373673	6000000074732680025
Q45373676	6000000074733030859
Q45373678	6000000074733085838
Q45373682	6000000074732161238
Q45373684	6000000074732739990
Q45373687	6000000074732904944
Q45373691	6000000074732847989
Q45373694	6000000074733061885
Q45373697	6000000074731916471
Q45373714	6000000074732901871
Q45373717	6000000074733014888
Q45373721	6000000074733145830
Q45373726	6000000074732782997
Q45373729	6000000074724847244
Q45373731	6000000074724854247
Q45373734	6000000074725163015
Q45373738	6000000074725022204
Q45373743	6000000074724762413
Q45373745	6000000074733149821
Q45373748	6000000074733036888
Q45373751	6000000074732757097
Q45373752	6000000074733133842
Q45373757	6000000074732880985
Q45373759	6000000074733023911
Q45373760	6000000074732691115
Q45373762	6000000074732947883
Q45373764	6000000074732927997
Q45373765	6000000074701328463
Q45373765	6000000074732933964
Q45373766	6000000074701951964
Q45373766	6000000074732791037
Q45373770	6000000074701865014
Q45373773	6000000074701804090
Q45373774	6000000074702807971
Q45373775	6000000074702727035
Q45373777	6000000074702905914
Q45373778	6000000074702706088
Q45373778	6000000074702969863
Q45373779	6000000074701799673
Q45373780	6000000074702656158
Q45373780	6000000074702884932
Q45373782	6000000074702362208
Q45373787	6000000074702822024
Q45373790	6000000074702357437
Q45373791	6000000074702547112
Q45373794	6000000074702976863
Q45373798	6000000074702356422
Q45373801	6000000074701731648
Q45373802	6000000074702655134
Q45373803	6000000074702547116
Q45373807	6000000074702012709
Q45373809	6000000074733195829
Q45373814	6000000074733185823
Q45373815	6000000074732786950
Q45373818	6000000074733110878
Q45373821	6000000074733097929
Q45373826	6000000074732905919
Q45373829	6000000074733025912
Q45373833	6000000074732734913
Q45373838	6000000074732796039
Q45373842	6000000074732596151
Q45373848	6000000074733023918
Q45373854	6000000074730994223
Q45373857	6000000074701544831
Q45373857	6000000074712210225
Q45373859	6000000051095913840
Q45373863	6000000074700483145
Q45373865	6000000051095854888
Q45373868	6000000074732709039
Q45373870	6000000074732783040
Q45373874	6000000074732796048
Q45373885	6000000074733073895
Q45373889	6000000074732682074
Q45373892	6000000074732463096
Q45373906	6000000074732832047
Q45373912	6000000074732951976
Q45373921	6000000048525533923
Q45373933	6000000002991359924
Q45373989	6000000074692428894
Q45373992	6000000074691053355
Q45373995	6000000074692239955
Q45373998	6000000074691823126
Q45374	6000000012535425813
Q45374001	6000000074692543833
Q45374004	6000000074692447878
Q45374009	6000000074692173003
Q45374010	6000000074692437875
Q45374012	6000000074692102020
Q45374015	6000000074732161379
Q45374020	6000000074733333851
Q45374023	6000000074733342906
Q45374026	6000000074733245958
Q45374027	6000000074732369353
Q45374031	6000000074732804120
Q45374035	6000000074733352880
Q45374040	6000000074691961030
Q45374044	6000000074692286927
Q45374045	6000000074692418897
Q45374049	6000000074733114997
Q45374052	6000000074691961035
Q45374057	6000000074692462857
Q45374059	6000000074732278413
Q45374061	6000000074732548305
Q45374065	6000000074733338866
Q45374070	6000000074691786155
Q45374072	6000000075060350947
Q45374075	6000000074692273906
Q45374079	6000000074692223938
Q45374083	6000000075060340882
Q45374087	6000000075060139017
Q45374090	6000000075060594826
Q45374092	6000000075060548825
Q45374097	6000000019315019018
Q45374101	6000000074687942990
Q45374103	6000000075062479862
Q45374105	6000000074732795169
Q45374110	6000000046892096858
Q45374116	6000000074733456824
Q45374119	6000000074712445911
Q45374119	6000000074733140945
Q45374121	6000000074699141206
Q45374125	6000000074699188180
Q45374135	6000000074733370863
Q45374138	6000000074732188393
Q45374142	6000000074733162005
Q45374143	6000000074732796177
Q45374147	6000000074733472821
Q45374150	6000000074732852081
Q45374153	6000000074733304911
Q45374155	6000000074733306893
Q45374157	6000000074732693309
Q45374161	6000000074733463830
Q45374165	6000000074732369376
Q45374166	6000000074733469830
Q45374169	6000000074732568366
Q45374173	6000000074733223988
Q45374177	6000000074733111965
Q45374187	6000000074733227941
Q45374190	6000000074733490846
Q45374194	6000000074706872892
Q45374198	6000000074732960125
Q45374202	6000000074733444849
Q45374207	6000000074733386891
Q45374212	6000000038224285366
Q45374214	6000000038918004524
Q45374216	6000000074732787163
Q45374219	6000000074733184991
Q45374221	6000000074702532050
Q45374223	6000000038918687928
Q45374224	6000000074706967840
Q45374228	6000000074717606014
Q45374230	6000000074718779171
Q45374234	6000000074706826966
Q45374239	6000000046892228913
Q45374244	6000000074706500117
Q45374253	6000000074705343857
Q45374256	6000000074705303884
Q45374262	6000000074733028074
Q45374267	6000000074733303939
Q4537431	6000000021036878711
Q45374321	6000000074733589871
Q45374322	6000000074733660847
Q45374353	6000000074733674893
Q45374357	6000000074685682887
Q45374360	6000000074685363197
Q45374367	6000000074705839913
Q45374372	6000000074705861985
Q45374376	6000000074705839917
Q45374381	6000000074685201393
Q45374384	6000000049502425973
Q45374387	6000000074732426445
Q45374390	6000000074733761821
Q45374393	6000000074732278536
Q45374394	6000000074733591849
Q45374395	6000000074733664879
Q45374400	6000000074733551949
Q45374408	6000000074733771821
Q45374416	6000000074733307008
Q45374419	6000000074733556935
Q45374421	6000000074733844821
Q45374425	6000000074733714866
Q45374427	6000000074685669965
Q45374431	6000000074685660923
Q45374434	6000000074685636975
Q45374436	6000000074685734893
Q45374440	6000000074685686944
Q45374444	6000000074685374214
Q45374446	6000000074685393191
Q45374449	6000000074686667003
Q45374459	6000000043383048942
Q45374461	6000000043384089883
Q45374465	6000000043383358906
Q45374467	6000000043383617896
Q45374472	6000000074685179160
Q45374473	6000000074685481956
Q45374475	6000000074685585821
Q45374478	6000000074685205179
Q45374480	6000000074685512867
Q45374482	6000000074685524913
Q45374485	6000000074732791382
Q45374490	6000000074733466962
Q45374491	6000000074733655945
Q45374493	6000000074733407957
Q45374495	6000000074733905829
Q45374499	6000000074685401142
Q45374501	6000000074733815850
Q45374504	6000000075060292943
Q45374509	6000000075060577840
Q45374513	6000000074728907824
Q45374516	6000000074699015560
Q45374516	6000000074699690083
Q45374517	6000000074728746907
Q45374521	6000000074733861873
Q45374524	6000000074732873300
Q45374525	6000000074731526038
Q45374529	6000000074733607967
Q45374533	6000000074733136150
Q45374536	6000000074733469991
Q45374539	6000000074733880836
Q45374542	6000000074733909852
Q45374546	6000000074733814876
Q45374548	6000000074733946826
Q45374550	6000000074733857854
Q45374554	6000000074733901846
Q45374557	6000000074732756507
Q45374559	6000000074728572974
Q45374561	6000000074733911846
Q45374566	6000000074715111934
Q45374569	6000000074733963830
Q45374573	6000000074733440060
Q45374575	6000000074733956838
Q45374578	6000000074733727940
Q45374582	6000000074733805887
Q45374586	6000000074733562966
Q45374587	6000000074733552016
Q45374590	6000000074733063248
Q45374593	6000000074733283208
Q45374594	6000000074732791438
Q45374597	6000000074733573886
Q45374600	6000000074733980822
Q45374603	6000000074733898876
Q45374605	6000000074733766905
Q45374609	6000000074733854915
Q45374612	6000000074733136163
Q45374614	6000000074733538980
Q45374616	6000000074733364063
Q45374618	6000000074733889866
Q45374622	6000000074733621949
Q45374625	6000000074733963855
Q45374627	6000000074733940826
Q45374630	6000000074733983836
Q45374631	6000000074733991842
Q45374634	6000000074691374054
Q45374638	6000000074734001824
Q45374641	6000000074684965821
Q45374646	6000000074733838881
Q45374650	6000000074733538985
Q45374651	6000000074733844878
Q45374653	6000000074732500583
Q45374658	6000000074733161093
Q45374659	6000000074733632994
Q45374663	6000000074733573891
Q45374665	6000000074733926897
Q45374666	6000000074733624922
Q45374671	6000000074733901881
Q45374674	6000000074733803901
Q45374679	6000000074733978841
Q45374682	6000000074733526997
Q45374684	6000000074733591948
Q45374687	6000000074732581898
Q45374691	6000000074732333398
Q45374693	6000000074733557997
Q45374696	6000000074703856855
Q45374700	6000000074733959892
Q45374704	6000000074733101089
Q45374708	6000000074733766923
Q45374713	6000000074733101094
Q45374716	6000000074699908824
Q45374719	6000000074733960861
Q45374722	6000000074728805867
Q45374724	6000000074728484881
Q45374727	6000000074727791341
Q45374729	6000000074733790944
Q45374730	6000000074733113252
Q45374733	6000000074727639429
Q45374736	6000000074728633838
Q45374738	6000000074728354911
Q45374742	6000000074728444945
Q45374744	6000000074728193158
Q45374748	6000000074728537847
Q45374753	6000000074727297693
Q45374756	6000000074728336038
Q45374760	6000000074733790959
Q45374765	6000000074733957870
Q45374769	6000000074733679893
Q45374771	6000000074733987834
Q45374773	6000000074733913860
Q45374775	6000000074733877965
Q45374779	6000000074734030826
Q45374781	6000000074733985841
Q45374784	6000000074728818867
Q45374787	6000000074733998875
Q45374790	6000000074733580069
Q45374793	6000000074733936880
Q45374794	6000000074733991862
Q45374798	6000000074728616952
Q45374800	6000000074733446077
Q45374803	6000000074733539950
Q45374808	6000000074733987852
Q45374810	6000000074733477074
Q45374812	6000000074734077860
Q45374816	6000000074733832895
Q45374818	6000000074733185300
Q45374822	6000000074733930893
Q45374826	6000000074733185317
Q45374828	6000000074733590041
Q45374831	6000000074699809975
Q45374837	6000000074733975844
Q45374838	6000000074733845959
Q45374840	6000000074728660921
Q45374841	6000000074733638050
Q45374845	6000000074734077887
Q45374848	6000000074734005921
Q45374849	6000000074733678965
Q45374853	6000000074734031853
Q45374855	6000000074733424085
Q45374859	6000000074733668994
Q45374861	6000000074732495973
Q45374864	6000000074733471077
Q45374866	6000000074733390129
Q45374868	6000000074699709055
Q45374872	6000000074733624946
Q45374873	6000000074733934972
Q45374876	6000000074734135824
Q45374882	6000000074734142825
Q45374885	6000000074733530052
Q45374887	6000000074734136828
Q45374889	6000000074734161822
Q45374890	6000000074734075842
Q45374894	6000000074733859957
Q45374896	6000000074733773989
Q45374899	6000000074734167825
Q45374902	6000000074733372048
Q45374903	6000000074734164834
Q45374906	6000000074728464036
Q45374909	6000000074715394821
Q45374912	6000000074734164839
Q45374913	6000000074727930433
Q45374915	6000000074733968826
Q45374919	6000000074728484954
Q45374921	6000000074734083865
Q45374923	6000000074728526869
Q45374926	6000000074733230191
Q45374930	6000000074725553397
Q45374931	6000000074734009924
Q45374934	6000000074684244670
Q45374936	6000000074733678979
Q45374938	6000000074704674911
Q45374941	6000000074704787878
Q45374942	6000000074704565034
Q45374947	6000000074704849831
Q45374948	6000000074704619967
Q45374951	6000000074734197822
Q45374954	6000000074734060871
Q45374956	6000000074698470879
Q45374959	6000000074698466866
Q45374962	6000000074698061269
Q45374965	6000000074698434922
Q45374968	6000000074697744374
Q45374970	6000000074697919280
Q45374977	6000000074698461887
Q45374980	6000000074724920185
Q45374983	6000000074725291821
Q45374985	6000000074725061150
Q45374986	6000000074734191826
Q45374988	6000000074707558114
Q45374990	6000000074733307141
Q45374994	6000000074733443047
Q45374998	6000000074734190837
Q45375001	6000000074734159850
Q45375002	6000000074734012922
Q45375004	6000000074734189823
Q45375008	6000000074734003929
Q45375012	6000000074734174861
Q45375016	6000000074733951923
Q45375020	6000000074734124873
Q45375024	6000000074734125843
Q45375028	6000000074734202836
Q45375030	6000000074727889192
Q45375031	6000000074692027848
Q45375032	6000000074733161159
Q45375037	6000000074733769984
Q45375039	6000000074734048901
Q45375043	6000000074733964874
Q45375047	6000000074733597011
Q45375049	6000000074733100118
Q45375053	6000000074732967341
Q45375057	6000000074733440156
Q45375059	6000000074734160861
Q45375064	6000000074732877488
Q45375068	6000000074734012940
Q45375071	6000000074733845992
Q45375075	6000000074733901933
Q45375078	6000000074734063931
Q45375080	6000000074734235842
Q45375084	6000000074733867024
Q45375085	6000000074734075885
Q45375086	6000000074734221828
Q45375091	6000000074733823955
Q45375098	6000000074733782967
Q45375101	6000000074733552101
Q45375104	6000000074733857912
Q45375106	6000000074734103852
Q45375109	6000000074733999872
Q45375113	6000000074734191849
Q45375116	6000000074733936869
Q45375120	6000000074734164881
Q45375122	6000000074734223875
Q45375124	6000000074734120910
Q45375126	6000000074733810915
Q45375128	6000000074734049902
Q45375130	6000000074733536036
Q45375132	6000000074733861962
Q45375138	6000000074734220860
Q45375141	6000000074733479117
Q45375143	6000000074733111213
Q45375145	6000000074733483120
Q45375147	6000000074733932962
Q45375150	6000000074734242847
Q45375152	6000000074734188856
Q45375156	6000000074733969895
Q45375159	6000000074734293826
Q45375163	6000000074734212843
Q45375164	6000000074733563074
Q45375168	6000000074733857936
Q45375171	6000000074734075925
Q45375175	6000000074704913822
Q45375179	6000000074704195085
Q45375183	6000000074733945949
Q45375187	6000000074733909977
Q45375189	6000000074733888021
Q45375193	6000000074734221862
Q45375194	6000000074734071861
Q45375199	6000000074734211854
Q45375202	6000000074734081919
Q45375205	6000000074728141025
Q45375208	6000000074734160877
Q45375210	6000000074734312837
Q45375214	6000000074734187857
Q45375218	6000000074734141875
Q45375221	6000000074734072957
Q45375224	6000000074734279836
Q45375227	6000000074728536828
Q45375231	6000000074733483145
Q45375235	6000000074729598164
Q45375238	6000000074733857941
Q45375242	6000000074733774052
Q45375245	6000000074733871063
Q45375248	6000000074734183917
Q45375252	6000000074734336842
Q45375257	6000000074733855095
Q45375259	6000000074734339835
Q45375262	6000000074733503193
Q45375264	6000000074734318841
Q45375271	6000000074733880947
Q45375274	6000000074734078971
Q45375277	6000000074734342844
Q45375280	6000000074733909997
Q45375284	6000000074733680016
Q45375288	6000000074734337835
Q45375292	6000000074733898972
Q45375295	6000000074734072979
Q45375297	6000000074734049927
Q45375300	6000000074734070957
Q45375302	6000000074734304860
Q45375307	6000000074712747952
Q45375309	6000000074733360033
Q45375311	6000000074733573895
Q45375317	6000000074734375826
Q45375320	6000000074734310828
Q45375322	6000000074733283363
Q45375324	6000000074734366827
Q45375327	6000000074734256873
Q45375331	6000000074734402822
Q45375333	6000000074725150054
Q45375336	6000000074724859339
Q45375337	6000000074725252879
Q45375340	6000000074734221894
Q45375344	6000000074734283881
Q45375348	6000000074732207761
Q45375352	6000000074725148022
Q45375354	6000000074724653549
Q45375358	6000000074734195922
Q45375360	6000000074734211887
Q45375363	6000000074699035306
Q45375364	6000000074698811431
Q45375367	6000000074691951030
Q45375373	6000000074692158951
Q45375376	6000000075060622849
Q45375379	6000000075060550897
Q45375381	6000000074734013049
Q45375384	6000000074734360836
Q45375387	6000000074734141908
Q45375389	6000000074734179924
Q45375391	6000000074734399840
Q45375393	6000000074699048293
Q45375396	6000000074699475988
Q45375398	6000000074734042013
Q45375401	6000000074734289821
Q45375403	6000000074733113391
Q45375406	6000000074734438834
Q45375409	6000000074733511085
Q45375412	6000000074734141913
Q45375415	6000000074690596943
Q45375419	6000000039744741923
Q45375421	6000000039744695938
Q45375423	6000000074690315997
Q45375425	6000000039743839572
Q45375429	6000000074733283379
Q45375433	6000000074734249916
Q45375436	6000000074690397941
Q45375439	6000000074690504943
Q45375443	6000000074724974790
Q45375448	6000000074725706090
Q45375450	6000000074725485346
Q45375453	6000000074725943892
Q45375454	6000000074725840996
Q45375456	6000000074711252140
Q45375460	6000000074711829823
Q45375465	6000000074734291891
Q45375468	6000000074734079009
Q45375470	6000000074704644968
Q45375475	6000000074734462825
Q45375479	6000000074734418850
Q45375480	6000000074734347866
Q45375484	6000000074733816096
Q45375486	6000000074734159974
Q45375493	6000000074733770096
Q45375506	6000000074734118969
Q45375508	6000000074734230886
Q45375510	6000000074734274900
Q45375514	6000000074734200986
Q45375518	6000000074733661062
Q45375520	6000000074734367917
Q45375523	6000000074734360873
Q45375526	6000000074701608078
Q45375529	6000000074701843863
Q45375532	6000000074701731994
Q45375536	6000000074733981056
Q45375538	6000000074734336883
Q45375542	6000000074734387891
Q45375544	6000000074734236944
Q45375547	6000000074725566856
Q45375551	6000000074734367928
Q45375554	6000000074734175948
Q45375557	6000000074734431848
Q45375559	6000000074734186974
Q45375562	6000000074734447847
Q45375564	6000000074734513822
Q45375566	6000000074733954032
Q45375570	6000000074733668918
Q45375574	6000000074733467194
Q45375577	6000000074733954037
Q45375579	6000000074733984038
Q45375581	6000000074734278949
Q45375583	6000000074734381856
Q45375586	6000000074734298865
Q45375587	6000000074734111890
Q45375589	6000000074685133918
Q45375595	6000000074734487845
Q45375598	6000000074734521833
Q45375601	6000000074705537497
Q45375604	6000000074734538822
Q45375608	6000000074734481841
Q45375612	6000000074728423042
Q45375615	6000000074733483235
Q45375618	6000000074734522839
Q45375622	6000000074734214893
Q45375625	6000000074734034073
Q45375643	6000000074734552865
Q45375645	6000000074733273237
Q45375648	6000000074734516889
Q45375650	6000000074728631963
Q45375653	6000000074734119045
Q45375656	6000000074733749212
Q45375659	6000000074734683829
Q45375661	6000000074734516902
Q45375663	6000000074734528862
Q45375666	6000000074732963860
Q45375666	6000000074734312996
Q45375669	6000000074733952186
Q45375673	6000000074734626877
Q45375675	6000000074734749828
Q45375679	6000000074734682845
Q45375683	6000000074734521868
Q45375687	6000000074734639858
Q45375690	6000000074691379046
Q45375694	6000000074705198025
Q45375697	6000000074704442330
Q453757	6000000019977579334
Q45375700	6000000039151769513
Q45375705	6000000039151479725
Q45375709	6000000074691360001
Q45375711	6000000074691741849
Q45375717	6000000074691081172
Q45375720	6000000074691585905
Q45375723	6000000074734131096
Q45375726	6000000074734712851
Q45375730	6000000074734732830
Q45375733	6000000074733526974
Q45375736	6000000074734220978
Q45375739	6000000074734665877
Q45375741	6000000074734590900
Q45375744	6000000074734431928
Q45375749	6000000074727373872
Q45375751	6000000074734768838
Q45375754	6000000074733527128
Q45375758	6000000074734577919
Q45375762	6000000074734336045
Q45375763	6000000074728467997
Q45375767	6000000074734032859
Q45375769	6000000074710591869
Q45375771	6000000074734408945
Q45375773	6000000074734429031
Q45375775	6000000074734738828
Q45375779	6000000074734527910
Q45375782	6000000074734679863
Q45375785	6000000074734417942
Q45375789	6000000074734387985
Q45375792	6000000074734772826
Q45375795	6000000074733773944
Q45375800	6000000074734646893
Q45375803	6000000074734418995
Q45375806	6000000074734806831
Q45375808	6000000074734396005
Q45375812	6000000074734419000
Q45375815	6000000074734756870
Q45375817	6000000074734770859
Q45375821	6000000074733815245
Q45375825	6000000074734635874
Q45375831	6000000074734627888
Q45375834	6000000074734790835
Q45375838	6000000074733952203
Q45375841	6000000074734537914
Q45375844	6000000074727686231
Q45375848	6000000074734479979
Q45375853	6000000074734789827
Q45375856	6000000074734369044
Q45375861	6000000074733805908
Q45375863	6000000074734313063
Q45375865	6000000074728541928
Q45375867	6000000074728188016
Q45375873	6000000074734698845
Q45375876	6000000074734438996
Q45375879	6000000074734493981
Q45375883	6000000074734867821
Q45375887	6000000074734177092
Q45375890	6000000074727794502
Q45375892	6000000074734372970
Q45375895	6000000074705237848
Q45375899	6000000074734087158
Q45375903	6000000074734752913
Q45375907	6000000074734898822
Q45375910	6000000074734577983
Q45375913	6000000074734590975
Q45375919	6000000074734684921
Q45375921	6000000074734642934
Q45375924	6000000074734756904
Q45375927	6000000074733888294
Q45375933	6000000074718974017
Q45375937	6000000074734462012
Q45375939	6000000074734494019
Q45375942	6000000074734612949
Q45375946	6000000074728312936
Q45375948	6000000074734497004
Q45375951	6000000074734707924
Q45375954	6000000074734885846
Q45375955	6000000074734684929
Q45375958	6000000074712643891
Q45375959	6000000074727947281
Q45375964	6000000074698555851
Q45375967	6000000074697959535
Q45375970	6000000074734138030
Q45375974	6000000074734552991
Q45375975	6000000074734824873
Q45375979	6000000074734931822
Q45375982	6000000074734770922
Q45375992	6000000074734819918
Q45375994	6000000074706112822
Q45375998	6000000074734521952
Q45376003	6000000074734614972
Q45376004	6000000074734690932
Q45376007	6000000074734951822
Q45376010	6000000043337456995
Q45376013	6000000043337404100
Q45376016	6000000075049468929
Q45376020	6000000074698100118
Q45376024	6000000074734527961
Q45376029	6000000074733854184
Q45376031	6000000074734814882
Q45376033	6000000074733899194
Q45376038	6000000074685523970
Q45376040	6000000074685041555
Q45376040	6000000074685770872
Q45376043	6000000074686603465
Q45376045	6000000074733390444
Q45376047	6000000074734873846
Q45376049	6000000074734750884
Q45376051	6000000047096113919
Q45376058	6000000074698287058
Q45376061	6000000074687234840
Q45376065	6000000074687052006
Q45376069	6000000074686994016
Q45376071	6000000074686885907
Q45376075	6000000074734208047
Q45376078	6000000074734767928
Q45376081	6000000074734961828
Q45376083	6000000074691893867
Q45376087	6000000074734013283
Q45376094	6000000074733952264
Q45376097	6000000074734830927
Q45376103	6000000074728109104
Q45376108	6000000074734972829
Q45376111	6000000074733952234
Q45376112	6000000074734827884
Q45376116	6000000074733952281
Q45376120	6000000074701683126
Q45376123	6000000074724851252
Q45376124	6000000074734562002
Q45376127	6000000074734666012
Q45376130	6000000074702044941
Q45376132	6000000074702066896
Q45376135	6000000074734556052
Q45376139	6000000074734901869
Q45376143	6000000074734867864
Q45376149	6000000038169004768
Q45376152	6000000038169799823
Q45376153	6000000038169500266
Q45376157	6000000038169302688
Q45376161	6000000038169190710
Q45376164	6000000038169179516
Q45376167	6000000074369066821
Q45376171	6000000074369027833
Q45376174	6000000074368982885
Q45376177	6000000074368918927
Q45376180	6000000074732902287
Q45376182	6000000074734749964
Q45376187	6000000074734013315
Q45376189	6000000074734244123
Q45376193	6000000074734966845
Q45376197	6000000074733815314
Q45376200	6000000074734372205
Q45376204	6000000074734812903
Q45376207	6000000074699098009
Q45376211	6000000074699036019
Q45376214	6000000074734740979
Q45376217	6000000074735017831
Q45376221	6000000074709770825
Q45376226	6000000074734884886
Q45376231	6000000074692505892
Q45376234	6000000074734690970
Q45376237	6000000074692512889
Q45376240	6000000074734176192
Q45376242	6000000074692458893
Q45376245	6000000074692109104
Q45376248	6000000074734688940
Q45376251	6000000074734949885
Q45376256	6000000074735046829
Q45376260	6000000074734176198
Q45376262	6000000074735028821
Q45376267	6000000074735015865
Q45376269	6000000074734982860
Q45376272	6000000074734521984
Q45376275	6000000074734751927
Q45376277	6000000074734789893
Q45376283	6000000074692621869
Q45376288	6000000074705408890
Q45376291	6000000074705491907
Q45376293	6000000046284517479
Q45376296	6000000074705351903
Q45376297	6000000074735046833
Q45376300	6000000074698136896
Q45376302	6000000074697906065
Q45376306	6000000074697695205
Q45376308	6000000074698117920
Q45376311	6000000074698208847
Q45376315	6000000074698163889
Q45376317	6000000074733865315
Q45376322	6000000074734940924
Q45376325	6000000074733981288
Q45376331	6000000074697806035
Q45376335	6000000074697951087
Q45376340	6000000074734313176
Q45376343	6000000074734954869
Q45376347	6000000074698134914
Q45376350	6000000074697462270
Q45376353	6000000074735051857
Q45376356	6000000038169634174
Q45376359	6000000038176672108
Q45376377	6000000074735329904
Q45376383	6000000038195259027
Q45376388	6000000074698914025
Q45376389	6000000038176673623
Q45376389	6000000074725217979
Q45376392	6000000038177023068
Q45376396	6000000038176996360
Q45376408	6000000038176924173
Q45376412	6000000074735572847
Q45376419	6000000074735360912
Q45376422	6000000038176363585
Q45376426	6000000038176722010
Q45376428	6000000074725622457
Q45376428	6000000074725821875
Q45376428	6000000074734575167
Q45376431	6000000074711780106
Q45376436	6000000074783754448
Q45376440	6000000074712265835
Q45376445	6000000074712208871
Q45376450	6000000074712215848
Q45376458	6000000074735619847
Q45376462	6000000074735611873
Q45376464	6000000074369010853
Q45376468	6000000038169542320
Q45376469	6000000038169282719
Q45376471	6000000038169708079
Q45376504	6000000074704106994
Q45376515	6000000047503645250
Q45376518	6000000047504156917
Q45376524	6000000075060430944
Q45376528	6000000075060596904
Q45376533	6000000047505037869
Q45376537	6000000074735678851
Q45376540	6000000074702090926
Q45376546	6000000074701472326
Q45376549	6000000074701618241
Q45376552	6000000000343708493
Q45376553	6000000074702200866
Q45376560	6000000074702188889
Q45376564	6000000074702153884
Q45376566	6000000074702194854
Q45376570	6000000074702258836
Q45376574	6000000074701923146
Q45376577	6000000074735314943
Q45376578	6000000074735594902
Q45376580	6000000074734901072
Q45376582	6000000074735715879
Q45376587	6000000074734774245
Q45376590	6000000074735680856
Q45376592	6000000074702416180
Q45376597	6000000074702455087
Q45376602	6000000074734948154
Q45376604	6000000074727802833
Q45376605	6000000074727116320
Q45376607	6000000074727790869
Q45376611	6000000074727142446
Q45376612	6000000074727841824
Q45376615	6000000074727407210
Q45376619	6000000074727545004
Q45376623	6000000074727741920
Q45376625	6000000074697479338
Q45376628	6000000074698262826
Q45376633	6000000074735710859
Q45376635	6000000074735645903
Q45376639	6000000074734610258
Q45376644	6000000074727798866
Q45376650	6000000074727746922
Q45376653	6000000074727434192
Q45376655	6000000074727738940
Q45376658	6000000074727510151
Q45376663	6000000075058488895
Q45376665	6000000074726912634
Q45376669	6000000074727746950
Q45376673	6000000074726828691
Q45376678	6000000074727431109
Q45376684	6000000074727797870
Q45376688	6000000074727548204
Q45376691	6000000074727618963
Q45376695	6000000074727669958
Q45376700	6000000074727635991
Q45376702	6000000074727687969
Q45376704	6000000074727792886
Q45376708	6000000074727609960
Q45376713	6000000074727727911
Q45376716	6000000074735691859
Q45376718	6000000074735790822
Q45376719	6000000074733866425
Q45376722	6000000074735032042
Q45376726	6000000074734885079
Q45376729	6000000074735355940
Q45376732	6000000074698866905
Q45376734	6000000074735168037
Q45376740	6000000074735793825
Q45376747	6000000074735419036
Q45376749	6000000074734879078
Q45376757	6000000074735700895
Q45376762	6000000074735229994
Q45376766	6000000074735602876
Q45376768	6000000074735839828
Q45376771	6000000074735525941
Q45376780	6000000074735495940
Q45376782	6000000074725271874
Q45376785	6000000074724805371
Q45376788	6000000074724557714
Q45376790	6000000074725191995
Q45376793	6000000074734329367
Q45376796	6000000075050801932
Q45376800	6000000075050758915
Q45376806	6000000075050925839
Q45376809	6000000075050445103
Q45376816	6000000074735785842
Q45376822	6000000074735098138
Q45376825	6000000074735465968
Q45376832	6000000074735678916
Q45376837	6000000074717326844
Q45376841	6000000074716303280
Q45376844	6000000074735588899
Q45376847	6000000074716784208
Q45376850	6000000074717264907
Q45376852	6000000074717324845
Q45376856	6000000074717334824
Q45376859	6000000074735168077
Q45376862	6000000074735391972
Q45376864	6000000074735625948
Q45376866	6000000074735767862
Q45376870	6000000074735098142
Q45376874	6000000074735602900
Q45376878	6000000074735476989
Q45376881	6000000074735894841
Q45376885	6000000074735594975
Q45376888	6000000074735613953
Q45376890	6000000074735625969
Q45376894	6000000074734899250
Q45376896	6000000074734798382
Q45376898	6000000074734790239
Q45376901	6000000074735619900
Q45376904	6000000074735391977
Q45376907	6000000074735332043
Q45376910	6000000074735836849
Q45376913	6000000074735769862
Q45376914	6000000074735733900
Q45376917	6000000074735132977
Q45376921	6000000074735903829
Q45376925	6000000074735707883
Q45376930	6000000074734737282
Q45376935	6000000074735896835
Q45376937	6000000074735708904
Q45376942	6000000074735245105
Q45376946	6000000074735145030
Q45376948	6000000074735715932
Q45376950	6000000074735894847
Q45376953	6000000074735933835
Q45376956	6000000074717077062
Q45376958	6000000074717329856
Q45376960	6000000074716917100
Q45376963	6000000074716965150
Q45376964	6000000074717026063
Q45376966	6000000074734556303
Q45376970	6000000051092403821
Q45376977	6000000051092142991
Q45376981	6000000051092066095
Q45376985	6000000051093030905
Q45376990	6000000051091312075
Q45376995	6000000051091716050
Q45377000	6000000074700943879
Q45377003	6000000074700561257
Q45377019	6000000051091794994
Q45377023	6000000051091578341
Q45377026	6000000051091823168
Q45377032	6000000074717282875
Q45377038	6000000074735954822
Q45377042	6000000074716868128
Q45377044	6000000074735706906
Q45377045	6000000074735738920
Q45377050	6000000074735145036
Q45377052	6000000074735321986
Q45377056	6000000074735753930
Q45377059	6000000074735650957
Q45377062	6000000074735370036
Q45377064	6000000074735572976
Q45377069	6000000074735274040
Q45377072	6000000074735927857
Q45377075	6000000074734313438
Q45377079	6000000074736004822
Q45377082	6000000074735572989
Q45377086	6000000074735873869
Q45377089	6000000074735462011
Q45377091	6000000074735943831
Q45377094	6000000074734378024
Q45377099	6000000074735898903
Q45377102	6000000074735024158
Q45377105	6000000074735861909
Q45377109	6000000074735406116
Q45377111	6000000074735911853
Q45377114	6000000074735059143
Q45377116	6000000074735624918
Q45377120	6000000074716132266
Q45377122	6000000074735794838
Q45377126	6000000074735683903
Q45377128	6000000074735685953
Q45377131	6000000074735696989
Q45377133	6000000074735989846
Q45377137	6000000074736025834
Q45377142	6000000074735989851
Q45377144	6000000074735850881
Q45377148	6000000074736036839
Q45377152	6000000074735713932
Q45377153	6000000074735450037
Q45377156	6000000074735860846
Q45377158	6000000074735976826
Q45377161	6000000074735852904
Q45377163	6000000074735193025
Q45377166	6000000074735635994
Q45377169	6000000074735661949
Q45377171	6000000074736008828
Q45377174	6000000074736062825
Q45377178	6000000074734737325
Q45377185	6000000074735646048
Q45377188	6000000074736083821
Q45377190	6000000074735967855
Q45377192	6000000074734329466
Q45377196	6000000074734774306
Q45377198	6000000074735735003
Q45377203	6000000072746227900
Q45377203	6000000074735833937
Q45377206	6000000074291930447
Q45377209	6000000019496363193
Q45377211	6000000074292646831
Q45377217	6000000074292626838
Q45377222	6000000074291899911
Q45377225	6000000074735081201
Q45377230	6000000074736133822
Q45377239	6000000074718764937
Q45377243	6000000074718799927
Q45377247	6000000074736081832
Q45377248	6000000074735230139
Q45377253	6000000074734313484
Q45377256	6000000074735891883
Q45377259	6000000074735243085
Q45377269	6000000074735934899
Q45377274	6000000074299262220
Q45377277	6000000074299309256
Q45377278	6000000074299371179
Q45377280	6000000019315014018
Q45377283	6000000074710143869
Q45377285	6000000074710138928
Q45377288	6000000074688027897
Q45377293	6000000074687908933
Q45377297	6000000074735168168
Q45377304	6000000074685105223
Q45377307	6000000074685460852
Q45377310	6000000074685368926
Q45377313	6000000074735969881
Q45377316	6000000074684656694
Q45377317	6000000074684968401
Q45377319	6000000074685460858
Q45377321	6000000074736101871
Q45377324	6000000074736143833
Q45377327	6000000074735894918
Q45377329	6000000074735744932
Q45377332	6000000074735869942
Q45377336	6000000074736116856
Q45377339	6000000074685224127
Q45377342	6000000074710510009
Q45377343	6000000074735574021
Q45377346	6000000039253360139
Q45377347	6000000039253315059
Q45377352	6000000039253174628
Q45377355	6000000039253099774
Q45377359	6000000039253280535
Q45377363	6000000074735713975
Q45377368	6000000039253506829
Q45377372	6000000039253352097
Q45377373	6000000074735024192
Q45377375	6000000039255132569
Q45377378	6000000039255454850
Q45377381	6000000039253187288
Q45377384	6000000074736165825
Q45377387	6000000074735850957
Q45377394	6000000074691526825
Q45377398	6000000074690972106
Q45377400	6000000074690693178
Q45377404	6000000074735550057
Q45377407	6000000074691614834
Q45377409	6000000074736111876
Q45377414	6000000074733866566
Q45377417	6000000074736101895
Q45377421	6000000074736160831
Q45377429	6000000074727205084
Q45377433	6000000074735929891
Q45377436	6000000074727429918
Q45377439	6000000074727347012
Q45377442	6000000074727242077
Q45377472	6000000074736163827
Q45377475	6000000074735869979
Q45377502	6000000074735274113
Q45377505	6000000074735944913
Q45377508	6000000074725873952
Q45377520	6000000075058087075
Q45377523	6000000074735224215
Q45377526	6000000074735912938
Q45377535	6000000074735726006
Q45377538	6000000039253154720
Q45377541	6000000039253081555
Q45377546	6000000039253570849
Q45377550	6000000074715824887
Q45377554	6000000074715952821
Q45377557	6000000074735089265
Q45377561	6000000074715743963
Q45377565	6000000074735896941
Q45377569	6000000074736046920
Q45377571	6000000074715868855
Q45377574	6000000074735966938
Q45377578	6000000074734439590
Q45377581	6000000074715865878
Q45377586	6000000074735869996
Q45377588	6000000074735891913
Q45377590	6000000074714520298
Q45377593	6000000074736216839
Q45377598	6000000074735487083
Q45377601	6000000074736078931
Q45377604	6000000074735274130
Q45377607	6000000074736059880
Q45377612	6000000074734526430
Q45377616	6000000074709895313
Q45377619	6000000074710551948
Q45377623	6000000074710614974
Q45377626	6000000074710201067
Q45377629	6000000074736289822
Q45377632	6000000074736272837
Q45377636	6000000074736296822
Q45377639	6000000074735464139
Q45377643	6000000074736301821
Q45377647	6000000074736082911
Q45377652	6000000074736272853
Q45377655	6000000074735515041
Q45377660	6000000074736241843
Q45377664	6000000074735836002
Q4537767	6000000208378300822
Q45377671	6000000074685256890
Q45377671	6000000074736279859
Q45377678	6000000074718198093
Q45377682	6000000074735966961
Q45377684	6000000074736135874
Q45377689	6000000074711597364
Q45377695	6000000074712639854
Q45377698	6000000074735145205
Q45377705	6000000074735282172
Q45377710	6000000074736248832
Q45377714	6000000074736318840
Q45377716	6000000074736138897
Q45377718	6000000074701760845
Q45377723	6000000074701677896
Q45377729	6000000074701647883
Q45377735	6000000074736212877
Q45377740	6000000074735891960
Q45377747	6000000074736063909
Q45377751	6000000074735686036
Q45377755	6000000074735722966
Q45377761	6000000074736300837
Q45377766	6000000074735118255
Q45377772	6000000074736189856
Q45377776	6000000074735704987
Q45377781	6000000074735896022
Q45377785	6000000074736142895
Q45377796	6000000074701682897
Q45377801	6000000074736222843
Q45377806	6000000074736175874
Q45377808	6000000049630295821
Q45377811	6000000049630145043
Q45377815	6000000074736332862
Q45377820	6000000074736219860
Q45377823	6000000074735754056
Q45377828	6000000074735894977
Q45377831	6000000074736257861
Q45377835	6000000074736369822
Q45377839	6000000074735359187
Q45377842	6000000074735196355
Q45377845	6000000074736225877
Q45377849	6000000074736373824
Q45377853	6000000074736079010
Q45377860	6000000074736318885
Q45377865	6000000074736076902
Q45377872	6000000074735439195
Q45377877	6000000074735849939
Q45377882	6000000074735082246
Q45377886	6000000074701361139
Q45377891	6000000074701682938
Q45377899	6000000074709742090
Q45377903	6000000074710242900
Q45377907	6000000074736219867
Q45377909	6000000074736084872
Q45377915	6000000074735870072
Q45377920	6000000074736348845
Q45377923	6000000074736285827
Q45377929	6000000074736262889
Q45377934	6000000074736228873
Q45377938	6000000074735894983
Q45377941	6000000074698684990
Q45377942	6000000074698751009
Q45377945	6000000074697721600
Q45377946	6000000037870358280
Q45377949	6000000037870026716
Q45377950	6000000074736168857
Q45377953	6000000075060609885
Q45377957	6000000074735356182
Q45377961	6000000074736079047
Q45377984	6000000074715903864
Q45377988	6000000074715900849
Q45377993	6000000074715848920
Q45377998	6000000074736150888
Q45378000	6000000074735917989
Q45378002	6000000074736272926
Q45378004	6000000074715861869
Q45378006	6000000074735970023
Q45378008	6000000074310253862
Q45378010	6000000038915814471
Q45378015	6000000074300826911
Q45378017	6000000074300765911
Q45378021	6000000074300377050
Q45378029	6000000074736198905
Q45378033	6000000074310304832
Q45378037	6000000074310162879
Q45378055	6000000074736441822
Q45378065	6000000074333156996
Q45378071	6000000074332899167
Q45378075	6000000074333140956
Q45378079	6000000074711030846
Q45378080	6000000074333188889
Q45378082	6000000074710239288
Q45378087	6000000074333195964
Q45378097	6000000074333247841
Q45378099	6000000074736429835
Q45378101	6000000074736090984
Q45378103	6000000074698927974
Q45378106	6000000074685462862
Q45378110	6000000074685319046
Q45378112	6000000074736250929
Q45378115	6000000074686633954
Q45378118	6000000039010512169
Q45378122	6000000039010404338
Q45378124	6000000039010469303
Q45378126	6000000039010863957
Q45378130	6000000039010469299
Q45378136	6000000074685196210
Q45378139	6000000074684794565
Q45378140	6000000074685103365
Q45378143	6000000074684725601
Q45378152	6000000074735377237
Q45378156	6000000074736117020
Q45378168	6000000074727530862
Q45378171	6000000074727246082
Q45378173	6000000074685370915
Q45378176	6000000075058178026
Q4537818	6000000074706001853
Q45378188	6000000074684673788
Q45378192	6000000074685457865
Q45378197	6000000074736446847
Q45378200	6000000074736163947
Q45378203	6000000074686779896
Q45378205	6000000074685340070
Q45378206	6000000074684718645
Q45378209	6000000074684801467
Q45378212	6000000074685519826
Q45378215	6000000047507856081
Q45378219	6000000047508150876
Q45378223	6000000047507898037
Q45378227	6000000074685146195
Q45378229	6000000074736370892
Q45378234	6000000074685544827
Q45378237	6000000074685121404
Q45378240	6000000074736345935
Q45378242	6000000074685640976
Q45378245	6000000074785875919
Q45378252	6000000074685456867
Q45378253	6000000074710408822
Q45378254	6000000074735898052
Q45378255	6000000074735923005
Q45378257	6000000074736441848
Q45378259	6000000074736386886
Q45378261	6000000074736440876
Q45378266	6000000074735945040
Q45378266	6000000074735951056
Q45378285	6000000074735896091
Q45378309	6000000074736607822
Q45378310	6000000074736358922
Q45378312	6000000074735274249
Q45378315	6000000074736361946
Q45378318	6000000074736467916
Q45378323	6000000074736143025
Q45378325	6000000074736320963
Q45378328	6000000074736242034
Q45378331	6000000074736415922
Q45378333	6000000074736631821
Q45378337	6000000074736220975
Q45378340	6000000074684534221
Q45378342	6000000074736440897
Q45378344	6000000074736320986
Q45378348	6000000074735620192
Q45378352	6000000074736451922
Q45378356	6000000074736403948
Q45378359	6000000074736582864
Q45378363	6000000074736273012
Q45378364	6000000074736370958
Q45378368	6000000074735550105
Q45378397	6000000074736358945
Q453784	4319574585360031356
Q45378403	6000000074686477043
Q45378406	6000000074733157106
Q45378409	6000000074736481892
Q45378410	6000000074736433910
Q45378417	6000000074685417206
Q45378417	6000000074686934842
Q45378419	6000000074685165156
Q45378424	6000000074685295101
Q45378425	6000000074684997357
Q45378428	6000000049584179986
Q45378430	6000000074736468880
Q45378432	6000000074684968653
Q45378435	6000000074736650847
Q45378438	6000000074736305008
Q45378443	6000000074685356181
Q45378445	6000000074736321007
Q45378447	6000000074684673193
Q45378451	6000000074684191719
Q45378453	6000000074684970821
Q45378457	6000000074684525340
Q45378461	6000000074684655099
Q45378465	6000000074684919881
Q45378466	6000000074706222903
Q45378470	6000000074684946844
Q45378473	6000000074684668271
Q45378477	6000000074684525333
Q45378479	6000000074684838942
Q45378481	6000000074684689069
Q45378483	6000000074684932889
Q45378486	6000000074684499415
Q45378487	6000000074684463381
Q45378489	6000000074684784046
Q45378494	6000000074730482823
Q45378496	6000000074735678119
Q45378500	6000000074736641843
Q45378503	6000000074736669851
Q45378505	6000000074736260955
Q45378506	6000000074699558943
Q45378510	6000000074699576873
Q45378513	6000000074736213996
Q45378516	6000000074716951235
Q45378520	6000000074736142020
Q45378524	6000000074725713211
Q45378527	6000000074735551218
Q45378528	6000000074735196473
Q45378532	6000000074736026053
Q45378534	6000000074704296926
Q45378536	6000000075049962077
Q45378542	6000000074704284901
Q45378544	6000000074704364876
Q45378551	6000000074735726226
Q45378556	6000000074685663950
Q45378560	6000000074685728895
Q45378562	6000000074685782843
Q45378564	6000000074710839913
Q45378567	6000000074685775821
Q45378574	6000000047504392891
Q45378576	6000000047504215052
Q45378579	6000000074685098339
Q45378581	6000000074685767822
Q45378584	6000000074685725869
Q45378587	6000000074685761839
Q45378589	6000000074736336998
Q45378593	6000000074685800829
Q45378595	6000000074685452105
Q45378599	6000000074685737899
Q45378603	6000000074725746866
Q45378606	6000000074725718973
Q45378608	6000000074725306296
Q45378612	6000000074725411095
Q45378613	6000000074724849550
Q45378616	6000000039010483246
Q45378619	6000000074735709093
Q45378627	6000000074685540934
Q45378630	6000000074736639862
Q45378634	6000000074704939153
Q45378637	6000000074705244005
Q45378640	6000000074705312970
Q45378641	6000000074704818226
Q45378643	6000000074736746828
Q45378663	6000000074686098471
Q45378672	6000000074736000050
Q45378675	6000000074736468944
Q45378677	6000000074686751890
Q45378679	6000000074685761551
Q45378681	6000000074686677926
Q45378684	6000000074736436968
Q45378687	6000000074736689841
Q45378690	6000000074736669879
Q45378693	6000000074736700866
Q45378699	6000000075061405906
Q45378703	6000000074735918079
Q45378704	6000000074736775822
Q45378704	6000000074746144549
Q45378705	6000000074736768834
Q45378707	6000000074685731830
Q45378709	6000000074685262255
Q45378710	6000000074684870751
Q45378711	6000000074736045136
Q45378715	6000000074736242086
Q45378716	6000000074686396168
Q45378717	6000000074736710852
Q45378719	6000000074686421228
Q45378720	6000000074686756001
Q45378722	6000000075049572851
Q45378723	6000000074726138194
Q45378725	6000000074726026239
Q45378726	6000000074726173080
Q45378727	6000000074726126052
Q45378730	6000000074687021494
Q45378731	6000000074688149910
Q45378732	6000000074750132949
Q45378736	6000000074735661192
Q45378737	6000000074736535921
Q45378738	6000000074736594930
Q45378740	6000000074735701149
Q45378742	6000000074736478911
Q45378744	6000000074736740847
Q45378745	6000000074736541953
Q45378746	6000000074716157475
Q45378748	6000000074736285981
Q45378749	6000000074717332054
Q45378750	6000000074717573904
Q45378753	6000000074717349034
Q45378754	6000000074717178165
Q45378755	6000000074717089269
Q45378756	6000000074717503909
Q45378758	6000000075429148020
Q45378759	6000000074717070287
Q45378760	6000000074717333093
Q45378763	6000000074717133107
Q45378764	6000000074717596881
Q45378765	6000000074736237077
Q45378766	6000000074716494516
Q45378767	6000000074717625837
Q45378769	6000000074717608891
Q45378770	6000000074717617875
Q45378772	6000000074716693456
Q45378773	6000000074717317129
Q45378775	6000000074736532004
Q45378777	6000000074735787105
Q45378779	6000000074736676879
Q45378780	6000000074736581941
Q45378782	6000000074736620890
Q45378783	6000000074736541958
Q45378785	6000000074736370005
Q45378786	6000000074735861097
Q45378788	6000000074736703900
Q45378789	6000000074717115241
Q45378794	6000000074717324133
Q45378795	6000000074717614892
Q45378797	6000000074717535923
Q45378800	6000000074717403019
Q45378801	6000000074717673827
Q45378802	6000000074736840833
Q45378803	6000000074735858176
Q45378804	6000000074736445004
Q45378806	6000000074736088091
Q45378808	6000000074717628848
Q45378809	6000000074717535907
Q45378810	6000000074716194451
Q45378811	6000000074717616898
Q45378813	6000000074717528951
Q45378814	6000000074717636870
Q45378815	6000000074735550264
Q45378816	6000000074735709158
Q45378819	6000000074735912161
Q45378820	6000000074736167996
Q45378821	6000000074736746914
Q45378822	6000000074736843836
Q45378824	6000000074736798874
Q45378825	6000000074736822865
Q45378826	6000000074736242158
Q45378827	6000000074736897821
Q45378829	6000000074736760876
Q45378832	6000000074690987103
Q45378834	6000000074690241185
Q45378836	6000000074736538973
Q45378837	6000000074736200976
Q45378838	6000000074736734883
Q45378839	6000000074735927206
Q45378842	6000000074699494109
Q45378847	6000000074735701204
Q45378848	6000000074736862858
Q45378849	6000000074699681930
Q45378852	6000000074736395990
Q45378853	6000000074736736905
Q45378854	6000000074736544021
Q45378855	6000000074736742910
Q45378857	6000000074736653891
Q45378859	6000000074736797882
Q45378860	6000000074736532071
Q45378861	6000000074736707944
Q45378862	6000000074736790891
Q45378864	6000000074736946834
Q45378865	6000000074736321063
Q45378866	6000000074714632292
Q45378867	6000000074715649895
Q45378869	6000000074715710916
Q45378872	6000000074715794884
Q45378874	6000000074715904821
Q45378877	6000000074715468046
Q45378881	6000000074715456003
Q45378884	6000000074715739890
Q45378886	6000000074699694905
Q45378889	6000000074736434023
Q45378892	6000000074736476008
Q45378895	6000000074735196599
Q45378896	6000000074699159248
Q45378898	6000000074736446874
Q45378900	6000000074736663972
Q45378901	6000000074718827844
Q45378902	6000000074736938884
Q45378903	6000000075063110921
Q45378904	6000000074736880877
Q45378907	6000000074685681893
Q45378908	6000000074736878918
Q45378909	6000000074736878923
Q45378911	6000000074736663015
Q45378912	6000000074710445087
Q45378913	6000000074736990857
Q45378914	6000000074736854928
Q45378917	6000000074685699845
Q45378918	6000000074736199104
Q45378919	6000000074733583972
Q45378920	6000000074733273127
Q45378922	6000000074733671889
Q45378923	6000000074736224152
Q45378924	6000000074736815935
Q45378927	6000000074736962844
Q45378929	6000000074737065839
Q45378931	6000000074698278038
Q45378932	6000000074698194120
Q45378934	6000000074725561962
Q45378935	6000000074725327195
Q45378936	6000000074725395126
Q45378939	6000000074736953892
Q45378941	6000000074737011857
Q45378942	6000000074736823948
Q45378943	6000000074736301138
Q45378944	6000000074736884903
Q45378946	6000000074736823953
Q45378947	6000000074737032868
Q45378948	6000000074737104850
Q45378950	6000000074735526327
Q45378951	6000000074736866958
Q45378953	6000000074698682841
Q45378954	6000000074704972033
Q45378955	6000000074704750082
Q45378956	6000000074737155853
Q45378958	6000000074737022863
Q45378959	6000000074736630038
Q45378960	6000000074737011875
Q45378961	6000000074737073843
Q45378962	6000000074736953923
Q45378965	6000000074736445089
Q45378966	6000000074737185825
Q45378967	6000000074736916886
Q45378968	6000000074710985861
Q45378970	6000000034340920045
Q45378971	6000000074300042826
Q45378972	6000000074736632090
Q45378973	6000000074736801044
Q45378974	6000000074686552131
Q45378976	6000000074686918849
Q45378977	6000000074686962843
Q45378978	6000000074686866865
Q45378982	6000000074685547875
Q45378983	6000000074737046869
Q45378984	6000000074737093854
Q45378985	6000000074737157852
Q45378987	6000000074725508986
Q45378988	6000000074736843945
Q45378989	6000000074737039874
Q45378990	6000000074737129841
Q45378992	6000000074737107886
Q45378994	6000000074737203835
Q45378995	6000000074736736974
Q45378996	6000000074686653946
Q45378997	6000000074686759860
Q45378999	6000000074686827824
Q45379	6000000088594317084
Q45379000	6000000074736595070
Q45379001	6000000074736733943
Q45379002	6000000074736565992
Q45379004	6000000074736396046
Q45379006	6000000051918654021
Q45379007	6000000039105808871
Q45379008	6000000039105204658
Q45379009	6000000074737099868
Q45379011	6000000074736996918
Q45379013	6000000074687456988
Q45379015	6000000074737078899
Q45379017	6000000074685401962
Q45379018	6000000074736986934
Q45379019	6000000074737016885
Q45379020	6000000074686928877
Q45379021	6000000074686207617
Q45379023	6000000074686808027
Q45379025	6000000074686738870
Q45379026	6000000074737208852
Q45379027	6000000074735245506
Q45379029	6000000074685277119
Q45379031	6000000074737254822
Q45379033	6000000074735807265
Q45379035	6000000074725752898
Q45379037	6000000074725134819
Q45379039	6000000074709848914
Q45379040	6000000074736396051
Q45379042	6000000074710180965
Q45379043	6000000074736834946
Q45379044	6000000074736943964
Q45379045	6000000074737208860
Q45379046	6000000074710416822
Q45379048	6000000074736532172
Q45379049	6000000074736584100
Q45379050	6000000074734931837
Q45379051	6000000074736902968
Q45379052	6000000074734797921
Q45379055	6000000074736436139
Q45379056	6000000074737212860
Q45379057	6000000074736301200
Q45379058	6000000074686916969
Q45379060	6000000074686574994
Q45379061	6000000074686828012
Q45379062	6000000074686611153
Q45379063	6000000074737266828
Q45379065	6000000074737118920
Q45379066	6000000074737308840
Q45379067	6000000074737099899
Q45379069	6000000074738843822
Q45379071	6000000074710324980
Q45379072	6000000074710217063
Q45379074	6000000074710410889
Q45379075	6000000074687059842
Q45379077	6000000074737318830
Q45379078	6000000074737310852
Q45379080	6000000074737124935
Q45379081	6000000074737088916
Q45379083	6000000074687094828
Q45379084	6000000074737336824
Q45379086	6000000074737299848
Q45379087	6000000074736441152
Q45379089	6000000074736909982
Q45379090	6000000074737254860
Q45379091	6000000074736913995
Q45379092	6000000074736403087
Q45379093	6000000074736397153
Q45379095	6000000074737343838
Q45379097	6000000074737147898
Q45379098	6000000074686884975
Q45379099	6000000074687035880
Q45379101	6000000074736979986
Q45379102	6000000074737370834
Q45379104	6000000074737103934
Q45379105	6000000074685524507
Q45379106	6000000074737405822
Q45379108	6000000074737411822
Q45379109	6000000074737131892
Q45379110	6000000074724836462
Q45379111	6000000074736301219
Q45379113	6000000074737056957
Q45379115	6000000074736910014
Q45379116	6000000074737403835
Q45379117	6000000074737131904
Q45379118	6000000074737307888
Q45379120	6000000074711954980
Q45379121	6000000074712127962
Q45379122	6000000074712100944
Q45379124	6000000074712169876
Q45379126	6000000074712126968
Q45379127	6000000074712240834
Q45379128	6000000074711309272
Q45379130	6000000074712293836
Q45379131	6000000074712242863
Q45379132	6000000074737269870
Q45379134	6000000074712179851
Q45379135	6000000074712239894
Q45379137	6000000074712173894
Q45379138	6000000074712214851
Q45379140	6000000074712266871
Q45379141	6000000074737283895
Q45379143	6000000074712338821
Q45379144	6000000074712112992
Q45379145	6000000074711748145
Q45379146	6000000074711720162
Q45379147	6000000074712006024
Q45379150	6000000074737301886
Q45379151	6000000074737060971
Q45379152	6000000074737343850
Q45379153	6000000074737468822
Q45379155	6000000074725279856
Q45379157	6000000074725166977
Q45379158	6000000074737415826
Q45379159	6000000074725233039
Q45379161	6000000047095367078
Q45379162	6000000074737244919
Q45379163	6000000074737318871
Q45379164	6000000074737486821
Q45379165	6000000009142090944
Q45379166	6000000074736886045
Q45379168	6000000074736558105
Q45379169	6000000074737487830
Q45379170	6000000074736644150
Q45379172	6000000074737319876
Q45379174	6000000074701751900
Q45379175	6000000074736609082
Q45379177	6000000074737061977
Q45379178	6000000074737498833
Q45379179	6000000074737476834
Q45379181	6000000074737403888
Q45379182	6000000074736558129
Q45379183	6000000074737287880
Q45379184	6000000074737319883
Q45379186	6000000074736609087
Q45379188	6000000074736945976
Q45379189	6000000074737487841
Q45379190	6000000074701599949
Q45379191	6000000074737454844
Q45379193	6000000074737391832
Q45379194	6000000074737324891
Q45379196	6000000074735930309
Q45379197	6000000074737490845
Q45379198	6000000074737547822
Q45379200	6000000074737429835
Q45379201	6000000074737497841
Q45379202	6000000074737474859
Q45379204	6000000074700766553
Q45379205	6000000074737250924
Q45379207	6000000074737554827
Q45379208	6000000074736996989
Q45379209	6000000074737447838
Q45379210	6000000074737374887
Q45379212	6000000074737505840
Q45379214	6000000074737147956
Q45379216	6000000074736816105
Q45379219	6000000074737250928
Q45379222	6000000074737510833
Q45379225	6000000074737231905
Q45379228	6000000074737079987
Q45379230	6000000074737258950
Q45379232	6000000074735701416
Q45379234	6000000074737589823
Q45379238	6000000074737231922
Q45379240	6000000074737568834
Q45379243	6000000074737313883
Q45379245	6000000074736980056
Q45379249	6000000074737520863
Q45379251	6000000074737583853
Q45379254	6000000074737596827
Q45379259	6000000074737470859
Q45379263	6000000074737238978
Q45379265	6000000074737581824
Q45379267	6000000074736651151
Q45379270	6000000074737626822
Q45379273	6000000074737468893
Q45379275	6000000074703596955
Q45379278	6000000074703208168
Q45379281	6000000074703208173
Q45379283	6000000074737321905
Q45379287	6000000074736964062
Q45379288	6000000074737560822
Q45379290	6000000074737495852
Q45379291	6000000074737694823
Q45379293	6000000074737533882
Q45379294	6000000074737493858
Q45379295	6000000074737566837
Q45379296	6000000074736565999
Q45379298	6000000074737101866
Q45379300	6000000074736798046
Q45379301	6000000074735544460
Q45379302	6000000074737302827
Q45379304	6000000074737200839
Q45379305	6000000074737312821
Q45379306	6000000074736809045
Q45379307	6000000074737313821
Q45379309	6000000074737257866
Q45379310	6000000074737104885
Q45379311	6000000074737155902
Q45379313	6000000074736325261
Q45379315	6000000074686549369
Q45379316	6000000074737454883
Q45379317	6000000074737454887
Q45379318	6000000074735193558
Q45379319	6000000074737621861
Q45379321	6000000074737604855
Q45379322	6000000074737493863
Q45379323	6000000074737576878
Q45379325	6000000074737453899
Q45379327	6000000074737649841
Q45379328	6000000074737309945
Q45379329	6000000074736980075
Q45379330	6000000074736835065
Q45379332	6000000074737505877
Q45379333	6000000074737580863
Q45379342	6000000074737136976
Q45379344	6000000074737575843
Q45379345	6000000074735807368
Q45379347	6000000074737724848
Q45379348	6000000074737473909
Q45379349	6000000074737486909
Q45379351	6000000074737081928
Q45379352	6000000074737367956
Q45379358	6000000074735551505
Q45379359	6000000074737100038
Q45379365	6000000074737738840
Q45379369	6000000074690145070
Q45379373	6000000074737764849
Q45379375	6000000074689848176
Q45379376	6000000074690683835
Q45379377	6000000074690543894
Q45379378	6000000074690499931
Q45379380	6000000074690379001
Q45379381	6000000074690360968
Q45379382	6000000074690360973
Q45379383	6000000074690634876
Q45379385	6000000074690722821
Q45379386	6000000074690424936
Q45379387	6000000074690510892
Q45379389	6000000074690645837
Q45379390	6000000074689832257
Q45379392	6000000074689992133
Q45379393	6000000074690354959
Q45379394	6000000074725127069
Q45379395	6000000074725144058
Q45379397	6000000051922748914
Q45379398	6000000074699636852
Q45379399	6000000074737391885
Q453794	6000000016024450935
Q45379405	6000000074737633910
Q45379406	6000000074737820830
Q45379407	6000000074737591911
Q45379409	6000000074684935842
Q45379410	6000000074737815855
Q45379411	6000000074710248956
Q45379413	6000000074710350902
Q45379414	6000000074725192615
Q45379416	6000000074737574868
Q45379417	6000000074710068948
Q45379418	6000000074710325871
Q45379419	6000000074726044954
Q45379421	6000000074737768849
Q45379422	6000000074698013981
Q45379424	6000000074698362925
Q45379425	6000000074697820296
Q45379427	6000000074726000942
Q45379428	6000000074725546149
Q45379429	6000000074726020889
Q45379430	6000000074727434210
Q45379431	6000000074737486941
Q45379434	6000000074727727928
Q45379435	6000000074727800899
Q45379436	6000000074737262905
Q45379438	6000000074737805844
Q45379440	6000000074737262910
Q45379441	6000000074737433937
Q45379442	6000000074737524898
Q45379443	6000000074737545933
Q45379444	6000000074736746242
Q45379446	6000000074737724888
Q45379447	6000000074737067079
Q45379448	6000000074737444902
Q45379449	6000000074728181956
Q45379454	6000000074737100050
Q45379455	6000000074710038083
Q45379456	6000000074710451905
Q45379457	6000000074710468882
Q45379459	6000000074710364958
Q45379461	6000000074367952965
Q45379463	6000000074366544545
Q45379465	6000000074737818851
Q45379468	6000000074737576921
Q45379469	6000000074737897829
Q45379470	6000000074737888825
Q45379471	6000000074737480897
Q45379473	6000000074737843828
Q45379474	6000000074737251037
Q45379476	6000000074737667865
Q45379486	6000000074737829864
Q45379489	6000000074737815863
Q45379490	6000000074736863136
Q45379491	6000000074737545951
Q45379492	6000000074561980901
Q45379493	6000000074737896845
Q45379496	6000000074561214164
Q45379497	6000000074562040864
Q45379498	6000000074561859976
Q45379499	6000000074561615951
Q45379501	6000000074562145822
Q45379502	6000000075061176969
Q45379503	6000000075061532888
Q45379505	6000000074562153831
Q45379507	6000000074562065857
Q45379508	6000000074561245188
Q45379509	6000000074562119828
Q45379510	6000000074561761971
Q45379511	6000000074561588033
Q45379513	6000000074737382889
Q45379514	6000000074737797918
Q45379515	6000000074737902841
Q45379516	6000000074691384252
Q45379519	6000000074692583849
Q45379520	6000000074692437892
Q45379521	6000000074737413978
Q45379522	6000000074737692956
Q45379524	6000000021693636706
Q45379525	6000000021694832267
Q45379526	6000000051124911846
Q45379527	6000000051097193130
Q45379528	6000000074684892907
Q45379531	6000000074684469318
Q45379532	6000000074684989823
Q45379534	6000000074684892913
Q45379537	6000000074699627254
Q45379538	6000000074699957833
Q45379539	6000000074699865960
Q45379540	6000000074699425269
Q45379541	6000000074699429219
Q45379543	6000000074737892859
Q45379544	6000000074737795888
Q45379545	6000000074737738880
Q45379547	6000000074684891982
Q45379549	6000000074736809234
Q45379550	6000000074737793891
Q45379551	6000000074737826918
Q45379553	6000000074737816901
Q45379554	6000000074737990832
Q45379555	6000000074737381930
Q45379556	6000000074737480916
Q45379558	6000000074737996825
Q45379559	6000000074710067937
Q45379561	6000000074710084037
Q45379562	6000000074710346906
Q45379564	6000000038074777945
Q45379565	6000000074737995823
Q45379566	6000000047502352890
Q45379567	6000000074684906988
Q45379570	6000000051909824846
Q45379571	6000000074737977825
Q45379580	6000000074684853939
Q45379581	6000000074737717890
Q45379582	6000000074738022822
Q45379583	6000000074735551596
Q45379584	6000000074684235807
Q45379586	6000000074737578977
Q45379587	6000000074737931861
Q45379589	6000000074737122152
Q45379590	6000000074737342031
Q45379592	6000000074738001827
Q45379594	6000000074733539111
Q45379595	6000000074685087035
Q45379596	6000000074737921880
Q45379597	6000000074737942856
Q45379599	6000000074737744887
Q45379600	6000000074738049822
Q45379601	6000000074684731194
Q45379602	6000000074737766942
Q45379605	6000000074738049827
Q45379606	6000000074738059821
Q45379608	6000000074737531980
Q45379609	6000000074737733927
Q45379611	6000000074737322008
Q45379612	6000000074738081821
Q45379613	6000000074737704961
Q45379614	6000000074737653975
Q45379615	6000000074737825928
Q45379618	6000000074738071829
Q45379619	6000000074737865907
Q45379620	6000000074737927867
Q45379621	6000000074738072833
Q45379623	6000000074738002849
Q45379624	6000000074737805890
Q45379625	6000000074738002863
Q45379626	6000000074737744896
Q45379627	6000000074737452992
Q45379629	6000000074738013849
Q45379630	6000000074737746932
Q45379632	6000000074737852851
Q45379633	6000000074738102834
Q45379637	6000000074736964185
Q45379638	6000000074738071833
Q45379639	6000000074698951921
Q45379641	6000000074738066826
Q45379642	6000000074698727086
Q45379644	6000000074698883033
Q45379645	6000000074698618163
Q45379646	6000000074698458316
Q45379648	6000000074711938834
Q45379648	6000000074738032861
Q45379649	6000000074692215866
Q45379657	6000000074698336325
Q45379659	6000000074699036931
Q45379660	6000000074699109837
Q45379661	6000000074737695996
Q45379662	6000000074738003884
Q45379666	6000000074737531994
Q45379667	6000000074738072845
Q45379674	6000000074738116852
Q45379675	6000000074738091855
Q45379677	6000000074736677281
Q45379678	6000000074737264026
Q45379680	6000000074738072852
Q45379682	6000000074738044857
Q45379683	6000000074737838915
Q45379684	6000000074737871922
Q45379685	6000000074737574973
Q45379687	6000000074698336331
Q45379688	6000000074698883041
Q45379690	6000000074738147834
Q45379692	6000000074737848940
Q45379693	6000000074737499016
Q45379694	6000000074738062876
Q45379695	6000000074738181826
Q45379698	6000000074738164842
Q45379699	6000000074737574994
Q45379700	6000000074737941923
Q45379701	6000000074737122189
Q45379702	6000000074738125848
Q45379704	6000000074737704991
Q45379705	6000000074738081864
Q45379706	6000000074692130986
Q45379707	6000000074738082871
Q45379709	6000000074737724982
Q45379711	6000000074737920924
Q45379712	6000000074738125861
Q45379713	6000000074738209822
Q45379714	6000000074737546052
Q45379716	6000000074737943878
Q45379717	6000000074737931928
Q45379718	6000000074737849986
Q45379719	6000000074738157846
Q45379720	6000000074737776953
Q45379722	6000000074738101910
Q45379723	6000000074737063276
Q45379725	6000000074738024922
Q45379726	6000000075061761827
Q45379728	6000000074737942937
Q45379730	6000000074737325026
Q45379734	6000000074737590982
Q45379736	6000000074738225827
Q45379737	6000000074738208842
Q45379739	6000000074737320144
Q45379741	6000000074737705028
Q45379742	6000000074738132846
Q45379743	6000000074737883990
Q45379744	6000000074738123903
Q45379745	6000000074738229822
Q45379746	6000000074737322040
Q45379748	6000000074737587009
Q45379749	6000000074737635047
Q45379751	6000000074738264835
Q45379752	6000000074737572035
Q45379753	6000000074738229827
Q45379754	6000000074738272821
Q45379755	6000000074738081884
Q45379756	6000000074738275821
Q45379757	6000000074737063286
Q45379758	6000000074738059902
Q45379759	6000000074737540024
Q45379760	6000000074737787974
Q45379761	6000000074738287821
Q45379762	6000000074737130155
Q45379764	6000000074684516524
Q45379765	6000000074738211841
Q45379767	6000000074745435858
Q45379768	6000000074684838105
Q45379769	6000000074684455480
Q45379770	6000000074684813099
Q45379771	6000000074738024944
Q45379775	6000000074684304518
Q45379776	6000000074684995892
Q45379777	6000000074684420584
Q45379778	6000000074684738170
Q45379779	6000000074725114445
Q45379780	6000000074738115893
Q45379781	6000000074737714999
Q45379782	6000000074738029922
Q45379783	6000000074738248845
Q45379784	6000000074737887998
Q45379787	6000000074738054950
Q45379791	6000000074725796862
Q45379792	6000000074725583091
Q45379793	6000000074725649007
Q45379794	6000000074725594074
Q45379795	6000000074725472309
Q45379796	6000000074725168549
Q45379797	6000000074725628029
Q45379798	6000000074725696981
Q45379800	6000000074738254822
Q45379801	6000000074738058953
Q45379802	6000000074737906987
Q45379803	6000000074737994908
Q45379804	6000000074736954205
Q45379805	6000000074737546058
Q45379806	6000000074738167876
Q45379807	6000000074738181869
Q45379808	6000000074737455088
Q45379809	6000000074737850080
Q45379810	6000000074737815988
Q45379812	6000000074738056883
Q45379813	6000000074738188862
Q45379815	6000000074737530027
Q45379816	6000000074737622032
Q45379817	6000000074725889242
Q45379818	6000000074735967118
Q45379819	6000000074738110930
Q45379820	6000000074738361822
Q45379821	6000000074738044935
Q45379822	6000000074738339824
Q45379824	6000000074737767067
Q45379827	6000000074738132885
Q45379828	6000000074738260893
Q45379829	6000000074738121907
Q45379831	6000000074684816099
Q45379832	6000000074684602438
Q45379834	6000000074684979825
Q45379835	6000000074684609266
Q45379836	6000000074738157918
Q45379837	6000000074738387821
Q45379839	6000000074684653585
Q45379840	6000000074684466516
Q45379841	6000000074684560393
Q45379842	6000000074685028867
Q45379843	6000000074684493430
Q45379844	6000000075413689644
Q45379845	6000000074738179896
Q45379846	6000000074703662494
Q45379847	6000000074704260939
Q45379848	6000000074737978954
Q45379849	6000000074738384822
Q45379850	6000000074738364831
Q45379852	6000000074685219951
Q45379853	6000000074685045158
Q45379854	6000000074684809201
Q45379855	6000000074738275891
Q45379856	6000000074685265899
Q45379857	6000000074738325840
Q45379858	6000000074685273871
Q45379859	6000000074737747001
Q45379860	6000000074737137140
Q45379861	6000000074738287844
Q45379862	6000000074685267869
Q45379864	6000000019314001739
Q45379865	6000000074724646607
Q45379867	6000000074725170997
Q45379868	6000000019314627680
Q45379869	6000000074687928934
Q45379870	6000000019314559730
Q45379871	6000000019313469614
Q45379872	6000000074738417822
Q45379873	6000000074738331854
Q45379875	6000000074738379839
Q45379876	6000000074738045933
Q45379877	6000000074738163909
Q45379878	6000000074738005935
Q45379879	6000000074687967923
Q45379880	6000000074687962964
Q45379881	6000000074724728589
Q45379882	6000000074725194990
Q45379887	6000000074725284891
Q45379888	6000000074724562802
Q45379889	6000000074725106156
Q45379890	6000000074724982191
Q45379891	6000000074725218945
Q45379892	6000000074724442804
Q45379893	6000000074724932164
Q45379894	6000000074724780374
Q45379895	6000000074738074912
Q45379896	6000000074724862419
Q45379897	6000000074687380248
Q45379899	6000000074687052589
Q45379900	6000000074688100847
Q45379901	6000000074687713860
Q45379902	6000000074687229232
Q45379903	6000000074687541962
Q45379904	6000000074687269125
Q45379905	6000000074686602517
Q45379906	6000000074687636882
Q45379907	6000000074687645878
Q45379909	6000000074687619840
Q45379910	6000000074686342687
Q45379911	6000000074687362064
Q45379912	6000000074687567023
Q45379913	6000000074687278068
Q45379914	6000000074687481936
Q45379915	6000000074725508995
Q45379916	6000000074725626923
Q45379917	6000000074725485014
Q45379918	6000000074725477110
Q45379919	6000000074719149866
Q45379922	6000000074738311834
Q45379923	6000000074738345858
Q45379924	6000000074738226898
Q45379926	6000000074783608960
Q45379927	6000000074687707883
Q45379928	6000000074687020261
Q45379929	6000000074687696852
Q45379931	6000000074687746866
Q45379933	6000000074719083874
Q45379934	6000000074719182833
Q45379935	6000000074737705111
Q45379936	6000000074738448824
Q45379937	6000000074687958849
Q45379938	6000000074738379863
Q45379939	6000000074738263850
Q45379940	6000000074738074925
Q45379943	6000000047503245971
Q45379944	6000000047503278922
Q45379945	6000000074737978026
Q45379946	6000000074725811313
Q45379947	6000000074726206919
Q45379948	6000000075061790830
Q45379954	6000000074381610877
Q45379955	6000000074381825850
Q45379956	6000000074381429970
Q45379957	6000000074725547866
Q45379958	6000000074725114412
Q45379959	6000000074725368135
Q45379960	6000000074699662983
Q45379961	6000000074699426205
Q45379963	6000000074725252260
Q45379964	6000000074699783856
Q45379965	6000000074699813852
Q45379966	6000000074699785884
Q45379967	6000000074738237877
Q45379968	6000000074738129903
Q45379969	6000000074738387855
Q45379970	6000000074688104837
Q45379971	6000000074687574009
Q45379972	6000000074686885475
Q45379973	6000000074737715043
Q45379974	6000000074738457825
Q45379976	6000000074738437849
Q45379977	6000000074738345867
Q45379979	6000000074738381822
Q45379980	6000000074738377853
Q45379981	6000000074738478822
Q45379982	6000000074737320247
Q45379983	6000000074738307857
Q45379984	6000000074737852056
Q45379985	6000000074738386867
Q45379986	6000000074738457830
Q45379987	6000000074738296836
Q45379988	6000000074686549559
Q45379990	6000000074737903964
Q45379991	6000000074738500821
Q45379992	6000000074687279123
Q45379993	6000000075061612878
Q45379994	6000000075061307038
Q45379995	6000000074687553950
Q45379996	6000000074687839821
Q45379997	6000000074738001989
Q45379998	6000000074687269109
Q45379999	6000000074685524714
Q4538	6000000014986668369
Q45380	6000000040473644095
Q45380000	6000000074688897858
Q45380001	6000000074687574951
Q45380002	6000000074687203068
Q45380003	6000000074687181140
Q45380005	6000000075061511952
Q45380006	6000000075061827821
Q45380007	6000000074738220945
Q45380008	6000000074702122827
Q45380009	6000000074687380080
Q45380010	6000000074701176155
Q45380011	6000000074701851116
Q45380012	6000000074738516823
Q45380013	6000000074702094859
Q45380014	6000000074701969010
Q45380017	6000000074702044913
Q45380018	6000000074712090823
Q45380019	6000000074712078832
Q45380020	6000000074711724983
Q45380021	6000000074724563654
Q45380022	6000000074725820951
Q45380023	6000000074725432405
Q45380024	6000000074737627999
Q45380027	6000000074702167821
Q45380028	6000000074715248088
Q45380029	6000000074715810855
Q45380030	6000000074715877827
Q45380031	6000000074715551986
Q45380032	6000000074725222373
Q45380033	6000000074725496970
Q45380034	6000000074725412117
Q45380035	6000000074687604164
Q45380036	6000000074688141924
Q45380037	6000000074688025030
Q45380038	6000000074688362821
Q45380040	6000000074688302837
Q45380042	6000000074687835150
Q45380043	6000000074687747117
Q45380044	6000000074688205867
Q45380045	6000000074719108928
Q45380046	6000000074718893907
Q45380047	6000000074718843051
Q45380048	6000000074719113940
Q45380049	6000000074783024406
Q45380051	6000000074688038901
Q45380052	6000000074738259873
Q45380053	6000000075061714865
Q45380054	6000000075061827829
Q45380055	6000000075061313026
Q45380056	6000000075061401000
Q45380057	6000000075061261030
Q45380058	6000000074724908405
Q45380059	6000000074724936168
Q45380060	6000000074725180002
Q45380062	6000000075061758843
Q45380063	6000000075061409990
Q45380064	6000000075061736870
Q45380065	6000000075061870821
Q45380066	6000000075061482968
Q45380067	6000000075061873821
Q45380068	6000000075061833829
Q45380070	6000000075061419985
Q45380071	6000000075061669840
Q45380072	6000000075061679846
Q45380073	6000000075060253830
Q45380074	6000000075059901998
Q45380075	6000000075060286843
Q45380076	6000000075060202835
Q45380078	6000000074687052275
Q45380080	6000000074687500890
Q45380082	6000000074686671590
Q45380083	6000000074686602434
Q45380084	6000000074687598850
Q45380085	6000000074685524669
Q45380086	6000000074738102954
Q45380087	6000000074687172104
Q45380088	6000000074687201112
Q45380089	6000000074687617833
Q45380090	6000000074703893113
Q45380091	6000000074687392971
Q45380092	6000000075057371291
Q45380093	6000000075058088978
Q45380094	6000000075415813055
Q45380096	6000000074687407919
Q45380097	6000000074686807348
Q45380098	6000000074686201714
Q45380099	6000000074737979025
Q45380100	6000000074738488844
Q45380101	6000000074737724070
Q45380102	6000000074738179990
Q45380103	6000000074738087978
Q45380104	6000000074738063955
Q45380105	6000000074738416913
Q45380106	6000000074737063420
Q45380108	6000000019314868001
Q45380109	6000000074738060955
Q45380110	6000000074724790605
Q45380111	6000000074687263278
Q45380112	6000000074687516055
Q45380113	6000000074687624959
Q45380114	6000000074687751931
Q45380115	6000000074738621840
Q45380116	6000000074738331919
Q45380117	6000000074738643825
Q45380119	6000000074724905250
Q45380120	6000000074738646821
Q45380121	6000000074724981303
Q45380122	6000000074737995966
Q45380123	6000000074738268964
Q45380124	6000000074738162917
Q45380125	6000000074738387876
Q45380127	6000000074725349821
Q45380128	6000000074724834545
Q45380129	6000000074725167043
Q45380130	6000000074724905255
Q45380131	6000000074725284924
Q45380132	6000000074738346956
Q45380133	6000000074738404895
Q45380134	6000000074738381895
Q45380136	6000000074738087990
Q45380137	6000000074725179030
Q45380138	6000000075419304137
Q45380139	6000000074725218969
Q45380140	6000000074724657614
Q45380141	6000000074738547858
Q45380143	6000000074738580855
Q45380145	6000000074737747077
Q45380146	6000000074738479870
Q45380147	6000000074738640830
Q45380148	6000000074738562849
Q45380149	6000000074737867126
Q45380150	6000000074737553133
Q45380151	6000000074738570861
Q45380152	6000000074738656830
Q45380154	6000000074738258970
Q45380156	6000000074738103008
Q45380157	6000000074737320293
Q45380158	6000000074738624858
Q45380160	6000000074738565861
Q45380161	6000000074738705821
Q45380162	6000000074738583859
Q45380163	6000000074738418864
Q45380164	6000000074738662823
Q45380166	6000000074738590863
Q45380167	6000000074737651237
Q45380168	6000000074737721199
Q45380169	6000000074737320313
Q45380170	6000000074738459872
Q45380171	6000000074738702838
Q45380172	6000000074687546890
Q45380173	6000000074687326047
Q45380174	6000000074687464905
Q45380175	6000000074687542890
Q45380176	6000000074687598884
Q45380178	6000000074687669861
Q45380180	6000000074687567913
Q45380181	6000000074687518890
Q45380182	6000000074687259101
Q45380183	6000000074687573908
Q45380184	6000000074687435039
Q45380185	6000000074687463947
Q45380186	6000000074687381041
Q45380187	6000000074687643859
Q45380188	6000000074687608934
Q45380190	6000000074687539926
Q45380191	6000000074687237114
Q45380192	6000000074686806412
Q45380193	6000000074718056926
Q45380195	6000000039080949808
Q45380196	6000000074726205959
Q45380197	6000000074738358913
Q45380198	6000000074687210180
Q45380199	6000000074687798827
Q45380201	6000000074687559929
Q45380202	6000000074687052357
Q45380203	6000000074687668866
Q45380204	6000000074686986223
Q45380205	6000000074735732063
Q45380206	6000000074469784049
Q45380207	6000000075060208856
Q45380208	6000000075060200870
Q45380210	6000000075060074905
Q45380211	6000000074705200944
Q45380212	6000000074705311866
Q45380213	6000000074705059056
Q45380215	6000000074687791866
Q45380216	6000000074687671983
Q45380217	6000000074687730883
Q45380218	6000000074687367153
Q45380219	6000000074687021233
Q45380220	6000000074687742869
Q45380221	6000000074687726910
Q45380222	6000000074687692892
Q45380224	6000000074687617962
Q45380225	6000000074687423058
Q45380226	6000000074687690898
Q45380228	6000000074687649963
Q45380229	6000000074686602627
Q45380230	6000000074687552018
Q45380231	6000000074687765864
Q45380232	6000000074737756125
Q45380234	6000000074687576845
Q45380235	6000000074687245021
Q45380236	6000000074725276984
Q45380238	6000000074724599733
Q45380239	6000000074724805386
Q45380240	6000000074686925335
Q45380241	6000000074687539902
Q45380242	6000000074687566887
Q45380243	6000000074687380010
Q45380244	6000000074738329997
Q45380246	6000000074685377941
Q45380247	6000000074731325099
Q45380248	6000000074738333945
Q45380249	6000000074738689827
Q45380250	6000000074738707846
Q45380253	6000000074738444880
Q45380254	6000000074737616067
Q45380255	6000000074738756832
Q45380256	6000000074738572882
Q45380257	6000000074737487230
Q45380259	6000000074738780821
Q45380260	6000000074738035020
Q45380261	6000000074737300300
Q45380262	6000000074737739111
Q45380263	6000000074738727864
Q45380264	6000000074738590879
Q45380265	6000000074738394012
Q45380266	6000000074738339920
Q45380267	6000000019315125016
Q45380268	6000000074687848943
Q45380269	6000000074688089839
Q45380270	6000000074688110828
Q45380271	6000000074688034932
Q45380272	6000000074688052851
Q45380274	6000000074688014874
Q45380275	6000000074687584093
Q45380276	6000000074687538089
Q45380277	6000000074687836944
Q45380278	6000000074687876993
Q45380279	6000000074687950970
Q45380281	6000000074727794293
Q45380282	6000000074738762851
Q45380284	6000000074717421294
Q45380286	6000000074717811947
Q45380288	6000000074725589413
Q45380289	6000000074700949482
Q45380290	6000000074701703825
Q45380291	6000000074701229315
Q45380293	6000000074738226978
Q45380295	6000000074701498986
Q45380296	6000000074736835431
Q45380297	6000000074701731821
Q45380298	6000000074701670907
Q45380299	6000000074701714833
Q45380300	6000000074738433902
Q45380301	6000000074738769833
Q45380302	6000000074726084882
Q45380303	6000000074714981004
Q45380305	6000000074738678875
Q45380306	6000000074738807830
Q45380307	6000000074738822822
Q45380308	6000000074738805831
Q45380309	6000000074738821830
Q45380310	6000000074738605902
Q45380311	6000000074738524914
Q45380312	6000000074738435926
Q45380313	6000000074685319832
Q45380314	6000000074738418895
Q45380315	6000000074738656871
Q45380316	6000000074738597899
Q45380318	6000000074738796849
Q45380319	6000000074684487694
Q45380320	6000000074738790841
Q45380321	6000000074738669887
Q45380322	6000000074738820826
Q45380323	6000000074685218920
Q45380324	6000000074685125983
Q45380325	6000000074684617575
Q45380326	6000000074684633466
Q45380327	6000000074685234890
Q45380328	6000000074738479909
Q45380331	6000000074738727889
Q45380332	6000000074684794452
Q45380333	6000000074685030123
Q45380334	6000000074684973249
Q45380336	6000000074738435950
Q45380338	6000000075061831834
Q45380339	6000000074367834927
Q45380341	6000000074368059823
Q45380342	6000000074738566913
Q45380343	6000000074709944115
Q45380344	6000000074738572927
Q45380345	6000000074710236905
Q45380346	6000000074684781101
Q45380348	6000000074684968915
Q45380349	6000000074684231708
Q45380351	6000000074685013902
Q45380352	6000000074701295228
Q45380353	6000000074738659894
Q45380354	6000000074738779841
Q45380355	6000000074738479914
Q45380357	6000000074738833826
Q45380358	6000000074697990297
Q45380359	6000000074738652882
Q45380360	6000000074737776238
Q45380361	6000000074738569887
Q45380363	6000000074738832834
Q45380364	6000000074738593909
Q45380365	6000000074738163007
Q45380366	6000000074730451861
Q45380367	6000000074738892822
Q45380368	6000000074738727916
Q45380370	6000000074738834829
Q45380371	6000000074738166035
Q45380372	6000000074738839833
Q45380373	6000000074738891823
Q45380374	6000000074738404991
Q45380375	6000000074699504216
Q45380376	6000000074738665899
Q45380378	6000000074738394082
Q45380379	6000000074738924822
Q45380380	6000000074738802883
Q45380381	6000000074738688872
Q45380382	6000000074738913824
Q45380383	6000000074738914831
Q45380384	6000000074687615048
Q45380385	6000000074687980833
Q45380386	6000000075061034111
Q45380388	6000000075061507901
Q45380389	6000000075061863836
Q45380390	6000000075061481049
Q45380391	6000000075061852865
Q45380392	6000000075061876841
Q45380393	6000000075061922823
Q45380394	6000000075061867854
Q45380395	6000000075061649891
Q45380396	6000000075061652931
Q45380397	6000000075061894853
Q45380399	6000000075061727882
Q453804	6000000021183805300
Q45380400	6000000075061634921
Q45380401	6000000075061889832
Q45380402	6000000075061942821
Q45380403	6000000075061863841
Q45380404	6000000075061901848
Q45380405	6000000075061410052
Q45380406	6000000075061923842
Q45380407	6000000075061733850
Q45380409	6000000075061967823
Q45380410	6000000075061938823
Q45380412	6000000075061932825
Q45380413	6000000075061514922
Q45380414	6000000075061947821
Q45380415	6000000075060680218
Q45380416	6000000075061764857
Q45380417	6000000075061944821
Q45380418	6000000075059505663
Q45380419	6000000075061790884
Q45380420	6000000075061891834
Q45380422	6000000075061258064
Q45380423	6000000075061852879
Q45380425	6000000074738681925
Q45380426	6000000074737721278
Q45380427	6000000074738443001
Q45380428	6000000074701302992
Q45380429	6000000074739007824
Q45380431	6000000074738460975
Q45380432	6000000074738983846
Q45380434	6000000074738848909
Q45380436	6000000074712560994
Q45380437	6000000074712739915
Q45380438	6000000051565880127
Q45380439	6000000074712637970
Q45380441	6000000074712928869
Q45380442	6000000051566064954
Q45380443	6000000074718757872
Q45380444	6000000074717296799
Q45380445	6000000074717987226
Q45380446	6000000074718257933
Q45380448	6000000074718646006
Q45380449	6000000074718852834
Q45380450	6000000074718694999
Q45380451	6000000074718814871
Q45380453	6000000074699246969
Q45380454	6000000074699629842
Q45380455	6000000074699478973
Q45380459	6000000075406723822
Q45380463	6000000074738910910
Q45380466	6000000051566116934
Q45380467	6000000074691413948
Q45380468	6000000074744744177
Q45380469	6000000074691558900
Q45380470	6000000074745360829
Q45380471	6000000074716245875
Q45380473	6000000074745404838
Q45380475	6000000074745331908
Q45380476	6000000074744942947
Q45380477	6000000074710722822
Q45380478	6000000074710662892
Q45380479	6000000074710261144
Q45380480	6000000074745396849
Q45380481	6000000074710562929
Q45380482	6000000074745242921
Q45380483	6000000074745443823
Q45380484	6000000074744818146
Q45380486	6000000074719056945
Q45380487	6000000074737815929
Q45380489	6000000074725776917
Q45380490	6000000074744478233
Q45380491	6000000074726301007
Q45380492	6000000074725122087
Q45380493	6000000074724920239
Q45380494	6000000074725308893
Q45380495	6000000074725321881
Q45380496	6000000074745473822
Q45380497	6000000074745292881
Q45380499	6000000074745483822
Q45380500	6000000074745259903
Q45380501	6000000074744696189
Q45380502	6000000074745366868
Q45380503	6000000074745056032
Q45380504	6000000074745234895
Q45380505	6000000074745493822
Q45380506	6000000074745020072
Q45380507	6000000074744696214
Q45380510	6000000074745459839
Q45380512	6000000074725740943
Q45380513	6000000074725825824
Q45380514	6000000074745500822
Q45380515	6000000074725791882
Q45380516	6000000074745430836
Q45380518	6000000074743808570
Q45380519	6000000074745505821
Q45380521	6000000074745154965
Q45380522	6000000074745347873
Q45380523	6000000074745140993
Q45380526	6000000074745244963
Q45380528	6000000074745413873
Q45380533	6000000074744958143
Q45380534	6000000074745468851
Q45380535	6000000074745360892
Q45380536	6000000074745404907
Q45380537	6000000074745522838
Q45380538	6000000074684744062
Q45380539	6000000074744949137
Q45380540	6000000074745468856
Q45380541	6000000074737279157
Q45380542	6000000074738090897
Q45380543	6000000074737977990
Q45380544	6000000074730419906
Q45380546	6000000074684868935
Q45380549	6000000074730521835
Q45380550	6000000074744858161
Q45380551	6000000074738066821
Q45380552	6000000074684469625
Q45380553	6000000074684993868
Q45380554	6000000019314714114
Q45380555	6000000019314579499
Q45380556	6000000075061919839
Q45380558	6000000075062012821
Q45380559	6000000075061870864
Q45380560	6000000075061762849
Q45380561	6000000075061879891
Q45380562	6000000075061610981
Q45380563	6000000075061828857
Q45380564	6000000075062021831
Q45380565	6000000075061863872
Q45380566	6000000075061705890
Q45380568	6000000075061887873
Q45380569	6000000075061719908
Q45380572	6000000075061711948
Q45380573	6000000075061711952
Q45380574	6000000074745514932
Q45380575	6000000074745209002
Q45380576	6000000074745647858
Q45380578	6000000074745248032
Q45380581	6000000074745453899
Q45380582	6000000074745272008
Q45380584	6000000074738024960
Q45380585	6000000074744747171
Q45380586	6000000074737473898
Q45380588	6000000074704591842
Q45380589	6000000074704592885
Q45380590	6000000074704411936
Q45380592	6000000074745465915
Q45380593	6000000074745281001
Q45380594	6000000074744696355
Q45380595	6000000074745627859
Q45380596	6000000074690051143
Q45380597	6000000074689427799
Q45380598	6000000074690696897
Q45380600	6000000074689848223
Q45380601	6000000074690618942
Q45380606	6000000075059188912
Q45380607	6000000074745441953
Q45380609	6000000074687750001
Q45380610	6000000075061786922
Q45380612	6000000075061905875
Q45380613	6000000074745606856
Q45380614	6000000074745567905
Q45380615	6000000074745301956
Q45380617	6000000046705630071
Q45380618	6000000060134881034
Q45380619	6000000060134682950
Q45380621	6000000017918468528
Q45380622	6000000074745272013
Q45380623	6000000074701074335
Q45380624	6000000074745628877
Q45380625	6000000074745630827
Q45380627	6000000074745376890
Q45380629	6000000074745363909
Q45380630	6000000074745373970
Q45380631	6000000074745262018
Q45380632	6000000074745388973
Q45380633	6000000074745603850
Q45380634	6000000074744907142
Q45380635	6000000074745254054
Q45380636	6000000074744793244
Q45380637	6000000074745459922
Q45380639	6000000074697744388
Q45380640	6000000074698446926
Q45380641	6000000074692201001
Q45380642	6000000074692424830
Q45380643	6000000074745580918
Q45380644	6000000074382018871
Q45380645	6000000074725022312
Q45380646	6000000074725372821
Q45380647	6000000074725053250
Q45380648	6000000074745280001
Q45380650	6000000074745601880
Q45380651	6000000074745465934
Q45380652	6000000074744705302
Q45380653	6000000074745678834
Q45380654	6000000074718921859
Q45380655	6000000074718284079
Q45380656	6000000039003717066
Q45380657	6000000039003851983
Q45380662	6000000074745484987
Q45380663	6000000074745343031
Q45380664	6000000074744593445
Q45380665	6000000074744273423
Q45380666	6000000074745155100
Q45380668	6000000074744984246
Q45380669	6000000074742583492
Q45380670	6000000074745251108
Q45380672	6000000074745480906
Q45380674	6000000074745280006
Q45380675	6000000074745280010
Q45380676	6000000074745512926
Q45380677	6000000074745228080
Q45380678	6000000074745189064
Q45380679	6000000074745451978
Q45380680	6000000074745016065
Q45380682	6000000074745537914
Q45380683	6000000074744770256
Q45380684	6000000074745297056
Q45380686	6000000074745687854
Q45380687	6000000074745643878
Q45380689	6000000074745531918
Q45380690	6000000074745697860
Q45380691	6000000074745539941
Q45380693	6000000074744600511
Q45380694	6000000074745729836
Q45380696	6000000074710594957
Q45380697	6000000074710541909
Q45380698	6000000074710079242
Q45380699	6000000074710796821
Q453807	6000000140680380921
Q45380700	6000000074710719875
Q45380701	6000000074710726838
Q45380702	6000000074710001167
Q45380703	6000000074745507917
Q45380705	6000000074745251127
Q45380706	6000000074745666877
Q45380707	6000000074745325046
Q45380708	6000000074744835251
Q45380709	6000000074745617906
Q45380710	6000000074745755822
Q45380711	6000000074745440978
Q45380713	6000000074745339974
Q45380714	6000000074745690866
Q45380716	6000000074745459935
Q45380719	6000000074745341924
Q45380720	6000000074744909073
Q45380721	6000000074725667967
Q45380722	6000000074687637065
Q45380723	6000000074687916921
Q45380724	6000000074687881037
Q45380725	6000000074687882884
Q45380726	6000000075060680258
Q45380727	6000000075062013822
Q45380729	6000000074745773822
Q45380730	6000000074744078538
Q45380731	6000000074711421848
Q45380732	6000000074744887161
Q45380733	6000000074745016076
Q45380734	6000000074745664878
Q45380735	6000000074711419844
Q45380736	6000000074745784831
Q45380737	6000000074711418860
Q45380740	6000000074703715251
Q45380745	6000000074744857210
Q45380746	6000000074745533931
Q45380747	6000000074745557916
Q45380748	6000000074745768875
Q45380749	6000000074745615883
Q45380750	6000000074745690888
Q45380752	6000000074745665939
Q45380753	6000000074745575925
Q45380754	6000000074745731853
Q45380755	6000000074745772830
Q45380757	6000000074745642876
Q45380758	6000000074745809822
Q45380759	6000000074744770318
Q45380760	6000000074745571902
Q45380761	6000000074745371953
Q45380763	6000000074745676878
Q45380764	6000000074745601909
Q45380765	6000000074745796840
Q45380766	6000000074745731871
Q45380768	6000000074745480947
Q45380769	6000000074745566951
Q45380770	6000000074745461959
Q45380771	6000000074745592885
Q45380772	6000000074745657904
Q45380773	6000000074745784821
Q45380774	6000000074711231858
Q45380776	6000000074745571909
Q45380777	6000000074745453018
Q45380779	6000000074745742886
Q45380780	6000000074710216521
Q45380781	6000000074745718846
Q45380782	6000000074711392879
Q45380783	6000000074711477821
Q45380784	6000000074745771822
Q45380785	6000000074744637297
Q45380786	6000000074744758201
Q45380788	6000000074745189110
Q45380789	6000000074745785839
Q45380790	6000000074745707894
Q45380791	6000000074745529990
Q45380792	6000000075062076829
Q45380794	6000000075061854942
Q45380795	6000000074745628953
Q45380796	6000000074745155173
Q45380798	6000000074745656893
Q45380799	6000000074745458989
Q45380800	6000000074745834821
Q45380801	6000000074745737888
Q45380802	6000000074745777870
Q45380803	6000000074745341947
Q45380804	6000000074745189124
Q45380805	6000000074745550935
Q45380806	6000000074745646880
Q45380807	6000000074745711895
Q45380809	6000000074745731895
Q45380810	6000000074745660878
Q45380811	6000000074745766850
Q45380816	6000000074744952177
Q45380817	6000000074745441004
Q45380819	6000000074745788835
Q45380820	6000000074745507947
Q45380821	6000000074745091201
Q45380822	6000000074745189115
Q45380823	6000000074745464010
Q45380824	6000000074743653758
Q45380825	6000000074745360076
Q45380826	6000000074745628969
Q45380827	6000000074745341952
Q45380828	6000000074744747221
Q45380830	6000000074745851846
Q45380831	6000000074745485045
Q45380832	6000000074745704936
Q45380833	6000000074745706906
Q45380834	6000000074745251203
Q45380835	6000000074745352018
Q45380836	6000000074745829867
Q45380837	6000000074745713925
Q45380838	6000000074745634988
Q45380842	6000000074701923837
Q45380843	6000000074701564122
Q45380844	6000000074745530039
Q45380845	6000000074745551951
Q45380846	6000000074745485051
Q45380847	6000000074745727884
Q45380848	6000000074745576993
Q45380849	6000000074745613880
Q45380850	6000000074745551968
Q45380852	6000000074745834836
Q45380853	6000000074745777881
Q45380855	6000000074745348075
Q45380856	6000000074745785861
Q45380857	6000000074745720904
Q45380859	6000000074745102138
Q45380860	6000000074745389076
Q45380861	6000000074745726869
Q45380862	6000000074745734965
Q45380863	6000000074745737924
Q45380865	6000000074745425028
Q45380866	6000000074745102143
Q45380868	6000000074745189165
Q45380869	6000000074744747246
Q45380871	6000000074745741972
Q45380872	6000000074745717922
Q45380873	6000000074701570068
Q45380875	6000000074701003419
Q45380876	6000000074701597036
Q45380877	6000000074745452105
Q45380878	6000000074701000532
Q45380879	6000000074745644002
Q45380881	6000000074702066838
Q45380882	6000000074701495148
Q45380883	6000000074701939905
Q45380884	6000000074701089675
Q45380885	6000000074701671129
Q45380886	6000000074701928981
Q45380888	6000000074745508008
Q45380889	6000000074745699981
Q45380890	6000000074690695144
Q45380891	6000000074689518460
Q45380892	6000000074690876904
Q45380893	6000000074690726054
Q45380894	6000000074745888860
Q45380895	6000000074745798901
Q45380896	6000000074745774892
Q45380898	6000000074745698982
Q45380899	6000000074745921829
Q45380900	6000000074745426057
Q45380901	6000000074745459985
Q45380902	6000000074704976840
Q45380903	6000000074698202847
Q45380904	6000000074745694003
Q45380905	6000000074704124355
Q45380906	6000000074704802960
Q45380908	6000000074726234005
Q45380909	6000000074726124097
Q45380911	6000000074726395833
Q45380912	6000000074725971264
Q45380913	6000000074725848350
Q45380915	6000000074726278950
Q45380916	6000000074726176061
Q45380917	6000000074726025234
Q45380918	6000000074726025239
Q45380919	6000000074725792529
Q45380921	6000000074726011230
Q45380922	6000000074726147129
Q45380923	6000000074725672587
Q45380924	6000000074726395838
Q45380925	6000000074726365877
Q45380926	6000000074726188026
Q45380927	6000000074744958386
Q45380928	6000000074745779904
Q45380930	6000000074744952242
Q45380931	6000000074685224038
Q45380932	6000000074685379853
Q45380933	6000000074684829544
Q45380934	6000000074685199082
Q45380936	6000000074745521002
Q45380937	6000000074745453090
Q45380938	6000000074685028196
Q45380939	6000000074745899846
Q45380940	6000000074745664945
Q45380942	6000000074745747959
Q45380943	6000000074725356833
Q45380944	6000000074725370827
Q45380945	6000000074725307932
Q45380946	6000000074745508021
Q45380947	6000000074745825913
Q45380948	6000000074745922842
Q45380949	6000000074745901855
Q45380951	6000000074745577078
Q45380952	6000000074745343125
Q45380953	6000000074744771408
Q45380954	6000000074745899856
Q45380955	6000000074745772871
Q45380956	6000000074745613909
Q45380957	6000000074745486979
Q45380958	6000000074707895864
Q45380959	6000000074707098366
Q45380960	6000000074707759997
Q45380961	6000000074707816927
Q45380963	6000000074745740897
Q45380964	6000000074745343134
Q45380965	6000000074745301243
Q45380966	6000000074745620033
Q45380968	6000000074707226335
Q45380969	6000000074707444086
Q45380971	6000000074707938824
Q45380972	6000000074745736969
Q45380973	6000000074745661954
Q45380974	6000000074744952248
Q45380975	6000000074745566084
Q45380976	6000000074745876858
Q45380977	6000000074745508061
Q45380981	6000000074745965836
Q45380982	6000000074705559948
Q45380983	6000000074705115314
Q45380984	6000000074705337141
Q45380985	6000000074705408119
Q45380986	6000000074717623133
Q45380986	6000000074745653050
Q45380987	6000000074705693833
Q45380989	6000000074705362019
Q45380991	6000000075058564925
Q45380993	6000000074745657045
Q45380994	6000000074745935925
Q45380995	6000000074745945902
Q45380997	6000000074745523148
Q45380998	6000000074745919934
Q45380999	6000000074745528180
Q45381001	6000000074745666115
Q45381002	6000000074745828974
Q45381003	6000000074704848917
Q45381005	6000000074704757930
Q45381006	6000000074704956839
Q45381007	6000000074704864906
Q45381008	6000000074704792049
Q45381009	6000000074744744551
Q45381010	6000000074704424206
Q45381012	6000000074704711033
Q45381014	6000000074704426200
Q45381015	6000000074745797963
Q45381016	6000000074745760986
Q45381017	6000000074745726995
Q45381018	6000000074745725054
Q45381019	6000000074746005880
Q45381020	6000000074745823979
Q45381021	6000000074726261945
Q45381023	6000000074726287889
Q45381024	6000000074726258939
Q45381025	6000000074725622520
Q45381027	6000000074726381853
Q45381028	6000000074745755984
Q45381029	6000000074746017823
Q45381030	6000000074745813944
Q45381031	6000000074745957887
Q45381032	6000000074687367266
Q45381033	6000000074688029860
Q45381034	6000000075061502952
Q45381035	6000000075061791936
Q45381036	6000000075061954873
Q45381037	6000000075061768982
Q45381038	6000000075061954878
Q45381039	6000000075062131839
Q45381041	6000000075062150821
Q45381042	6000000075061523036
Q45381043	6000000075061774894
Q45381071	6000000074704879919
Q45381072	6000000074704848926
Q45381073	6000000074744813139
Q45381074	6000000074746056822
Q45381075	6000000074745938876
Q45381076	6000000074746055843
Q45381077	6000000074725732909
Q45381078	6000000074725320480
Q45381079	6000000074685191129
Q45381081	6000000074745725115
Q45381082	6000000074685043251
Q45381084	6000000074684780522
Q45381085	6000000038918946927
Q45381086	6000000075057358348
Q45381087	6000000074716943541
Q45381088	6000000074717878988
Q45381089	6000000038918649252
Q45381091	6000000074717905000
Q45381092	6000000074745487031
Q45381093	6000000074727766938
Q45381094	6000000038980579479
Q45381096	6000000074745773933
Q45381097	6000000038918955949
Q45381098	6000000074685319910
Q45381100	6000000074710420982
Q45381101	6000000074710413059
Q45381102	6000000074746025878
Q45381103	6000000074710471989
Q45381104	6000000074745706053
Q45381106	6000000074746015937
Q45381108	6000000074746068826
Q45381109	6000000038918521215
Q45381111	6000000038918616226
Q45381112	6000000074710012137
Q45381113	6000000074745743041
Q45381114	6000000074745742109
Q45381117	6000000074745769999
Q45381118	6000000074744952337
Q45381120	6000000074745830045
Q45381121	6000000074745981904
Q45381124	6000000074745743058
Q45381125	6000000074745951954
Q45381126	6000000074745679114
Q45381127	6000000074710557972
Q45381128	6000000074710533003
Q45381129	6000000074718079006
Q45381131	6000000074718074935
Q45381132	6000000074717815141
Q45381134	6000000074745666151
Q45381135	6000000074745936045
Q45381136	6000000074745906008
Q45381137	6000000074684906366
Q45381138	6000000038074185143
Q45381139	6000000038074380923
Q45381141	6000000074725858127
Q45381142	6000000074725972062
Q45381143	6000000074745756045
Q45381145	6000000074726051980
Q45381146	6000000074725581601
Q45381147	6000000039008863858
Q45381148	6000000039008774101
Q45381149	6000000038980374509
Q45381150	6000000074725356120
Q45381151	6000000038981195831
Q45381152	6000000074725452104
Q45381153	6000000038980640533
Q45381154	6000000038980427383
Q45381155	6000000074704769969
Q45381157	6000000074744958524
Q45381158	6000000074725644544
Q45381159	6000000074726255870
Q45381160	6000000074726248843
Q45381161	6000000074745986965
Q45381162	6000000038221040856
Q45381163	6000000074710710894
Q45381164	6000000074685043245
Q45381168	6000000074687850021
Q45381169	6000000038221105823
Q45381170	6000000074687221153
Q45381171	6000000074710363011
Q45381172	6000000074745742155
Q45381173	6000000074745990916
Q45381174	6000000074745825990
Q45381178	6000000074745155388
Q45381179	6000000074745523239
Q45381180	6000000074746107833
Q45381181	6000000074745741073
Q45381182	6000000074745861032
Q45381183	6000000074746120830
Q45381184	6000000074746119836
Q45381186	6000000074745496253
Q45381187	6000000074684777433
Q45381189	6000000074684834440
Q45381190	6000000074685357866
Q45381191	6000000074727409455
Q45381192	6000000074725731131
Q45381193	6000000074726010826
Q45381194	6000000074726011837
Q45381195	6000000074725593308
Q45381196	6000000074745789059
Q45381197	6000000074744697571
Q45381198	6000000074745861987
Q45381199	6000000074702818901
Q45381200	6000000074702863850
Q45381202	6000000074702735965
Q45381204	6000000074745835100
Q45381205	6000000074746124822
Q45381206	6000000074746079844
Q45381207	6000000074746051917
Q45381208	6000000074746118855
Q45381209	6000000074702499072
Q45381210	6000000074745925008
Q45381211	6000000074702831882
Q45381212	6000000074745774011
Q45381213	6000000074745861055
Q45381215	6000000074746078857
Q45381216	6000000074745657159
Q45381217	6000000074746080871
Q45381218	6000000074745949000
Q45381219	6000000074745744091
Q45381220	6000000074746004012
Q45381221	6000000074746131834
Q45381224	6000000074702660044
Q45381226	6000000074745789099
Q45381228	6000000074745577220
Q45381229	6000000074745960993
Q45381230	6000000074744984553
Q45381231	6000000074745466262
Q45381232	6000000074745964931
Q45381233	6000000074725442317
Q45381234	6000000074725724977
Q45381235	6000000074725819864
Q45381236	6000000074725749007
Q45381237	6000000074745363167
Q45381239	6000000074709840822
Q45381240	6000000074709295164
Q45381241	6000000074709108294
Q45381242	6000000074709845827
Q45381243	6000000074709534975
Q45381244	6000000074746078894
Q45381245	6000000074746023917
Q45381246	6000000074746129847
Q45381247	6000000074746161822
Q45381248	6000000074745806062
Q45381249	6000000074745173396
Q45381250	6000000074746026920
Q45381252	6000000074746123883
Q45381253	6000000074745829194
Q45381254	6000000074746045898
Q45381255	6000000074745952973
Q45381257	6000000074746127877
Q45381258	6000000074710082921
Q45381258	6000000074745799120
Q45381259	6000000074685283015
Q45381260	6000000074685233054
Q45381263	6000000074685143179
Q45381265	6000000074685220954
Q45381266	6000000074684998319
Q45381267	6000000074685261043
Q45381268	6000000074746170822
Q45381269	6000000074690734878
Q45381270	6000000074690177151
Q45381271	6000000074690304080
Q45381272	6000000074746117854
Q45381274	6000000074730550852
Q45381275	6000000074690424043
Q45381276	6000000050603869303
Q45381277	6000000074717987001
Q45381278	6000000074718306825
Q45381279	6000000074717904120
Q45381280	6000000074718216870
Q45381281	6000000074717612262
Q45381282	6000000074718191840
Q45381283	6000000074718204846
Q45381285	6000000074718231894
Q45381286	6000000074716770664
Q45381287	6000000074717729284
Q45381290	6000000043404400840
Q45381291	6000000043401754859
Q45381292	6000000043404416830
Q45381293	6000000043404400844
Q45381294	6000000043401754864
Q45381295	6000000043404416826
Q45381297	6000000074746175822
Q45381298	6000000074745914088
Q45381299	6000000074745828047
Q45381300	6000000074746011001
Q45381301	6000000074333565824
Q45381302	6000000074746111888
Q45381303	6000000074745789122
Q45381304	6000000074746111900
Q45381305	6000000051573222836
Q45381306	6000000074698326010
Q45381307	6000000074698456932
Q45381309	6000000074698703950
Q45381310	6000000074745552244
Q45381311	6000000074746161830
Q45381312	6000000074725324861
Q45381313	6000000074744958625
Q45381314	6000000074746201821
Q45381315	6000000074745717129
Q45381316	6000000075050858931
Q45381317	6000000075050646992
Q45381318	6000000074745770088
Q45381320	6000000074746125941
Q45381322	6000000074736005865
Q45381323	6000000074736038838
Q45381324	6000000074736022840
Q45381326	6000000074746204846
Q45381327	6000000075062081865
Q45381329	6000000074725242962
Q4538133	6000000157813913822
Q45381331	6000000074724863399
Q45381332	6000000074724835429
Q45381335	6000000074746006106
Q45381337	6000000074744747502
Q45381339	6000000074745775138
Q45381342	6000000074746065939
Q45381344	6000000074745971990
Q45381348	6000000074734556391
Q45381350	6000000074735207224
Q45381351	6000000074736074845
Q45381354	6000000074736100821
Q45381357	6000000074735816904
Q45381359	6000000074745743154
Q45381360	6000000074735921873
Q45381362	6000000074734899306
Q45381366	6000000074735753960
Q45381368	6000000074736116823
Q45381371	6000000074735767938
Q4538138	6000000077104927880
Q45381385	6000000074698754839
Q45381388	6000000012975793248
Q45381390	6000000074698760902
Q45381413	6000000074746020932
Q45381415	6000000074746192854
Q45381418	6000000074746011994
Q45381419	6000000074745283273
Q45381422	6000000074744672561
Q45381425	6000000074746242821
Q45381427	6000000074745775149
Q45381430	6000000074746083944
Q45381434	6000000074745538316
Q45381437	6000000074746159925
Q45381440	6000000074746011049
Q45381442	6000000074745466296
Q45381443	6000000074746078982
Q45381445	6000000074746242830
Q45381448	6000000074718068007
Q45381452	6000000074718153915
Q45381454	6000000074690667955
Q45381456	6000000074690769871
Q4538146	6000000147857247841
Q45381460	6000000074690679934
Q45381462	6000000074690340115
Q45381464	6000000046993717848
Q45381465	6000000074724685614
Q45381467	6000000074725054215
Q45381469	6000000074725270983
Q45381470	6000000074718729129
Q45381476	6000000074725279937
Q45381479	6000000074725265028
Q45381482	6000000074725288984
Q45381485	6000000074725136169
Q45381487	6000000074725375834
Q45381489	6000000074725173114
Q45381492	6000000074725369826
Q45381498	6000000074724835446
Q45381499	6000000074725119114
Q45381502	6000000074687999899
Q45381505	6000000074725370832
Q45381507	6000000074784781835
Q45381510	6000000074688066875
Q45381513	6000000074724671704
Q45381515	6000000074768053502
Q45381522	6000000075062129890
Q45381526	6000000074745269361
Q45381530	6000000074687608859
Q45381534	6000000074687463924
Q45381538	6000000074746167903
Q45381549	6000000074728075039
Q45381551	6000000074746259825
Q45381554	6000000074746188876
Q45381557	6000000074745638173
Q45381560	6000000074726118180
Q45381562	6000000074725622588
Q45381566	6000000074725819500
Q45381569	6000000074746136939
Q45381572	6000000074726365935
Q45381576	6000000074725680624
Q45381580	6000000074725673700
Q45381584	6000000074726076169
Q45381585	6000000074726420837
Q45381588	6000000074745986104
Q45381594	6000000074744747574
Q45381597	6000000074746226874
Q45381600	6000000074746093041
Q45381601	6000000074725144127
Q45381603	6000000074725448827
Q45381605	6000000074687980007
Q45381608	6000000074688152899
Q45381611	6000000074685234154
Q45381613	6000000046285003082
Q45381617	6000000046284364483
Q45381622	6000000074745906210
Q45381624	6000000074685451836
Q45381627	6000000074685131193
Q45381630	6000000074685168098
Q45381633	6000000074685364996
Q45381638	6000000074726121963
Q45381641	6000000074746249884
Q45381645	6000000074746248824
Q45381648	6000000074746281824
Q45381660	6000000074745775174
Q45381663	6000000074685236087
Q45381666	6000000074710216906
Q45381672	6000000074745325526
Q45381676	6000000074746206946
Q45381678	6000000074745744222
Q45381681	6000000074745676315
Q45381683	6000000074746197951
Q45381686	6000000074737536943
Q45381688	6000000074746268845
Q45381691	6000000074746259846
Q45381692	6000000074746039033
Q45381697	6000000074746189892
Q45381703	6000000074744795165
Q45381703	6000000075482364840
Q45381705	6000000074725161161
Q45381710	6000000074746180998
Q45381712	6000000074746200872
Q45381715	6000000074746304849
Q45381717	6000000074744744724
Q45381722	6000000074746247911
Q45381725	6000000074746033027
Q45381728	6000000074745538357
Q45381730	6000000074746280882
Q45381733	6000000074745466366
Q45381735	6000000074746188904
Q45381736	6000000074746297845
Q45381740	6000000074746211926
Q45381743	6000000074725382850
Q45381744	6000000074746079048
Q45381746	6000000074745835250
Q45381748	6000000074746123987
Q45381751	6000000074745718258
Q45381753	6000000074746115948
Q45381754	6000000074745756250
Q45381757	6000000074745179348
Q45381759	6000000074745799261
Q45381762	6000000074746098008
Q45381765	6000000074745949106
Q45381766	6000000074745179355
Q45381770	6000000074746167958
Q45381773	6000000074746230892
Q45381774	6000000074746189915
Q45381777	6000000074745829377
Q45381780	6000000074746348822
Q45381782	6000000074690635960
Q45381784	6000000074746110042
Q45381786	6000000074690909821
Q45381789	6000000074746274892
Q45381792	6000000074690884828
Q45381793	6000000074690764913
Q45381797	6000000074746331840
Q45381804	6000000074715744012
Q45381806	6000000074715930843
Q45381809	6000000074711246934
Q45381810	6000000074711037034
Q45381812	6000000074711483821
Q45381814	6000000074711298899
Q45381816	6000000074711526861
Q45381820	6000000074711231866
Q45381825	6000000074711117984
Q45381826	6000000074710422292
Q45381830	6000000074746319847
Q45381834	6000000074746188949
Q45381836	6000000074690891899
Q45381839	6000000074690490967
Q45381842	6000000074690712976
Q45381845	6000000074690576013
Q45381849	6000000074690371055
Q45381851	6000000074690051237
Q45381855	6000000074746244921
Q45381857	6000000074745774205
Q45381859	6000000074746130037
Q45381861	6000000074746084066
Q45381865	6000000074690707987
Q45381867	6000000074690867845
Q45381870	6000000074690304112
Q45381874	6000000074690890860
Q45381876	6000000074745961198
Q45381878	6000000074746337842
Q45381882	6000000074690931833
Q45381886	6000000074746160025
Q45381893	6000000074690703985
Q45381897	6000000074690798889
Q45381902	6000000074690725986
Q45381905	6000000074745929116
Q45381907	6000000074690797909
Q45381909	6000000074690641010
Q4538191	6000000039592899861
Q45381910	6000000037632406070
Q45381914	6000000074746333890
Q45381917	6000000074711663857
Q45381917	6000000074726855594
Q45381919	6000000074690816904
Q45381924	6000000074745972170
Q45381928	6000000074745743263
Q45381930	6000000074746132042
Q45381931	6000000074745861251
Q45381938	6000000074746050012
Q45381938	6000000074746191003
Q45381945	6000000074746332888
Q45381954	6000000074746280971
Q45381960	6000000074746257919
Q45381964	6000000074711321967
Q45381968	6000000074711235980
Q45381970	6000000074711648873
Q45381973	6000000037632418942
Q45381977	6000000074746145078
Q45381981	6000000074746342901
Q45381988	6000000074711518916
Q45381993	6000000074711306999
Q45381997	6000000074711719861
Q45382000	6000000074711235974
Q45382006	6000000074746253939
Q45382008	6000000074746198058
Q45382009	6000000074745900195
Q45382010	6000000074710962215
Q45382013	6000000074711178065
Q45382015	6000000074711607892
Q45382018	6000000074711521948
Q45382021	6000000074746342906
Q45382023	6000000074746145083
Q45382025	6000000074746130071
Q45382027	6000000074745091655
Q45382029	6000000074745908330
Q45382032	6000000074746361878
Q45382036	6000000074746126098
Q45382038	6000000074746380851
Q45382043	6000000074746178067
Q45382045	6000000074745898239
Q45382047	6000000074746105022
Q45382049	6000000074746024170
Q45382052	6000000074710962211
Q45382054	6000000074746406830
Q45382055	6000000074746339877
Q45382056	6000000074744744798
Q45382059	6000000074746371851
Q45382061	6000000074746415826
Q45382063	6000000074685362930
Q45382067	6000000074685324911
Q45382069	6000000074746425822
Q4538207	6000000111801116881
Q45382071	6000000074746282896
Q45382074	6000000074746198076
Q45382076	6000000074746435821
Q45382083	6000000074746145094
Q45382087	6000000074746098085
Q45382088	6000000074746412836
Q45382090	6000000074746132095
Q45382096	6000000074745293507
Q4538210	6000000039288227969
Q45382100	6000000074746344912
Q45382104	6000000074745774249
Q45382106	6000000074746407830
Q45382110	6000000074746105051
Q45382114	6000000074746253957
Q45382115	6000000074745949162
Q45382118	6000000074746404856
Q45382120	6000000074746365823
Q45382123	6000000074745884219
Q45382126	6000000074746426827
Q45382134	6000000074745656312
Q45382136	6000000074746396854
Q45382141	6000000074745154117
Q45382145	6000000074746130085
Q45382148	6000000074746237935
Q45382150	6000000074690596005
Q45382155	6000000074746342926
Q45382156	6000000074746403856
Q45382158	6000000074746316927
Q45382161	6000000074690697912
Q45382166	6000000074745656326
Q45382167	6000000074381796914
Q45382170	6000000074710053981
Q45382174	6000000074746227994
Q45382177	6000000074746278957
Q45382183	6000000074687720109
Q45382188	6000000074688063918
Q45382193	6000000074688034967
Q45382197	6000000074745860187
Q45382200	6000000074746105075
Q45382203	6000000074746079154
Q45382208	6000000074746463825
Q45382210	6000000074746328960
Q45382213	6000000074746378879
Q45382214	6000000074746124088
Q45382215	6000000074746451857
Q45382218	6000000074746445877
Q45382222	6000000074746412872
Q45382226	6000000074746465833
Q45382231	6000000074745718400
Q45382235	6000000038221226424
Q45382239	6000000019314890025
Q45382243	6000000074687638114
Q45382251	6000000074381950852
Q45382253	6000000075060634893
Q45382255	6000000075060776837
Q45382258	6000000075060329031
Q45382263	6000000075060207952
Q45382264	6000000074725903203
Q45382270	6000000074745744322
Q45382272	6000000074746433847
Q45382275	6000000074380230148
Q45382278	6000000074380806112
Q45382280	6000000074746165069
Q45382284	6000000074709812131
Q45382291	6000000074710370822
Q45382294	6000000074710324840
Q45382296	6000000074746434869
Q45382298	6000000074746449865
Q45382301	6000000074746016301
Q45382302	6000000074706173826
Q45382307	6000000074705862052
Q45382310	6000000074705643267
Q45382312	6000000074705023419
Q45382315	6000000074737803824
Q45382317	6000000074737793833
Q45382318	6000000074737657889
Q45382320	6000000074737835821
Q45382325	6000000074737736840
Q45382329	6000000074737503887
Q45382337	6000000074746380905
Q45382341	6000000074745725425
Q45382344	6000000074381863854
Q45382347	6000000074381682858
Q45382350	6000000074746347908
Q45382352	6000000074381099977
Q45382357	6000000075062138859
Q45382359	6000000075062140892
Q45382362	6000000074746116066
Q45382365	6000000074381863834
Q45382370	6000000074685020280
Q45382378	6000000074746093236
Q45382382	6000000074745614203
Q45382387	6000000074745830358
Q45382391	6000000074746342985
Q45382394	6000000074685201111
Q45382396	6000000074746456841
Q45382398	6000000074746332959
Q45382401	6000000074746366974
Q45382404	6000000074746218056
Q45382408	6000000074746198106
Q45382411	6000000074746454847
Q45382414	6000000075060780831
Q45382417	6000000075060783823
Q45382420	6000000075060786821
Q45382423	6000000075060477891
Q45382425	6000000074745972277
Q45382431	6000000074745995228
Q45382435	6000000074746479855
Q45382438	6000000074746400927
Q45382441	6000000074746215012
Q45382445	6000000074746430899
Q45382447	6000000074746440873
Q45382448	6000000074746482867
Q45382450	6000000074725674344
Q45382454	6000000074746464882
Q4538246	6000000081648468471
Q45382464	6000000058103143960
Q45382468	6000000074746449894
Q45382471	6000000074745949204
Q45382476	6000000074746245042
Q45382479	6000000074746511849
Q45382484	6000000074746432873
Q45382486	6000000074746412969
Q45382491	6000000074746397896
Q45382493	6000000074746288951
Q45382498	6000000074746514831
Q45382501	6000000074746464887
Q45382505	6000000074746460918
Q45382510	6000000074746435885
Q45382515	6000000074745756392
Q45382519	6000000074746540831
Q45382523	6000000074746160297
Q45382528	6000000074746050079
Q45382530	6000000074746522856
Q45382533	6000000074746262069
Q45382537	6000000074745269610
Q45382541	6000000074745725467
Q45382544	6000000074746373961
Q45382546	6000000074746501866
Q45382550	6000000074746191153
Q45382553	6000000074746373972
Q45382555	6000000074746469911
Q45382559	6000000074725978175
Q45382562	6000000074725762300
Q45382567	6000000074726213919
Q45382571	6000000074725666456
Q45382573	6000000074746380965
Q45382576	6000000074691127941
Q45382580	6000000074691349882
Q45382583	6000000075061483089
Q45382586	6000000074745717395
Q45382589	6000000074746309037
Q45382591	6000000074727277026
Q45382591	6000000074746380970
Q45382593	6000000074746461905
Q45382595	6000000074746376969
Q45382598	6000000074711670891
Q453826	360492189060012549
Q45382602	6000000074711526921
Q45382606	6000000074711252108
Q45382609	6000000074745744409
Q45382613	6000000074746459908
Q45382614	6000000074725567339
Q45382617	6000000074725241735
Q45382621	6000000074726020827
Q45382624	6000000074725888985
Q45382625	6000000074746559831
Q45382627	6000000074746160326
Q45382630	6000000074746415987
Q45382635	6000000074686363285
Q45382637	6000000074686965894
Q45382639	6000000074746168102
Q45382642	6000000074746469937
Q45382645	6000000074746459913
Q45382649	6000000074746395929
Q45382653	6000000074746488914
Q45382658	6000000074701294008
Q45382661	6000000074746491885
Q45382665	6000000074745742562
Q45382666	6000000074701603166
Q45382669	6000000074701239514
Q45382673	6000000074715365892
Q45382676	6000000074715098954
Q45382679	6000000074701693109
Q45382683	6000000074701968880
Q45382688	6000000074746552870
Q45382691	6000000074701988850
Q45382694	6000000074701410194
Q45382696	6000000074746494900
Q45382698	6000000074746556849
Q45382700	6000000074746574836
Q45382704	6000000074746281139
Q45382706	6000000074746544860
Q45382710	6000000074725515427
Q45382712	6000000074691151956
Q45382715	6000000074691398836
Q45382718	6000000074689518744
Q45382722	6000000074746130189
Q45382724	6000000074745743464
Q45382728	6000000074746587834
Q45382732	6000000074745717419
Q45382733	6000000074746536855
Q45382739	6000000074746279027
Q45382741	6000000074746313018
Q45382744	6000000074745528613
Q45382749	6000000074746020219
Q45382752	6000000074746393012
Q45382756	6000000074736386870
Q45382760	6000000074746595823
Q45382765	6000000074745665352
Q45382767	6000000074745538631
Q45382769	6000000074746247082
Q45382774	6000000074746381010
Q45382778	6000000074746590838
Q45382783	6000000017918349464
Q45382786	6000000017918417379
Q45382791	6000000074691526889
Q45382793	6000000017917867754
Q45382795	6000000074691071216
Q45382798	6000000017918454569
Q45382801	6000000046710110949
Q45382804	6000000074746016394
Q45382806	6000000074746360968
Q45382809	6000000074726118016
Q45382812	6000000074746518881
Q45382816	6000000074745949241
Q45382819	6000000074746557885
Q45382824	6000000074746596869
Q45382827	6000000074690992828
Q45382830	6000000074690241190
Q45382833	6000000074690898946
Q45382841	6000000074690884893
Q45382844	6000000074690718971
Q45382849	6000000074690943869
Q45382852	6000000074736038962
Q45382856	6000000074690726849
Q45382858	6000000074690614893
Q45382859	6000000074690270043
Q45382862	6000000074690607915
Q45382876	6000000074746466966
Q45382880	6000000074746328081
Q45382884	6000000074716316061
Q45382886	6000000074716365065
Q45382896	6000000074704337911
Q453829	6000000070668895655
Q45382901	6000000074704427833
Q45382903	6000000074703743189
Q45382905	6000000074746538888
Q45382909	6000000074746235018
Q45382911	6000000074726192951
Q45382915	6000000075059431855
Q45382917	6000000074704255928
Q45382920	6000000074704377851
Q45382923	6000000074704247963
Q45382927	6000000074703496443
Q45382938	6000000074746195174
Q45382944	6000000074746416037
Q45382967	6000000074746332072
Q45382969	6000000074746436987
Q45382971	6000000074746372024
Q45382974	6000000074746148148
Q45382979	6000000074746474983
Q45382981	6000000074746228160
Q45382995	6000000074691016821
Q45382998	6000000074690454138
Q45383002	6000000074690739953
Q45383008	6000000074690986830
Q45383012	6000000074690898953
Q45383016	6000000074745154250
Q45383021	6000000074691553838
Q45383026	6000000074691186939
Q45383030	6000000074691071133
Q45383033	6000000074691008118
Q45383037	6000000074746392024
Q45383043	6000000074746198262
Q45383048	6000000074746461969
Q45383049	6000000074745798424
Q45383053	6000000074746547911
Q45383060	6000000074691350941
Q45383064	6000000074691542835
Q45383067	6000000074689518790
Q45383071	6000000074691082005
Q45383074	6000000074691411876
Q45383077	6000000074691564833
Q45383079	6000000074691247957
Q45383083	6000000074746654834
Q45383088	6000000074746619838
Q45383091	6000000074746627851
Q45383095	6000000074746143198
Q45383097	6000000074746174198
Q45383099	6000000074746561930
Q45383103	6000000074746329132
Q45383105	6000000074746492974
Q45383109	6000000074744813359
Q45383112	6000000074746137118
Q45383117	6000000074746538961
Q45383124	6000000074746620847
Q45383128	6000000074746116179
Q45383130	6000000074692416918
Q45383132	6000000074746558902
Q45383136	6000000074725132230
Q45383140	6000000074724932274
Q45383142	6000000074746313106
Q45383145	6000000074725376856
Q45383149	6000000074745091820
Q45383150	6000000074746124302
Q45383156	6000000074690722496
Q45383158	6000000074692089923
Q45383161	6000000074690726471
Q45383165	6000000075062349822
Q45383173	6000000074746437062
Q45383176	6000000074746397933
Q45383181	6000000074692197834
Q45383182	6000000038224257327
Q45383184	6000000074691732006
Q45383186	6000000046892361113
Q45383189	6000000046892682847
Q45383193	6000000074745798451
Q45383196	6000000074746334111
Q45383201	6000000074746653871
Q45383204	6000000074709776890
Q45383210	6000000074709797878
Q45383212	6000000074709773859
Q45383217	6000000074746687835
Q45383219	6000000074746459999
Q45383232	6000000074746695822
Q45383242	6000000074746504959
Q45383245	6000000074707807890
Q45383249	6000000074746413091
Q45383252	6000000074709559963
Q45383258	6000000074709760907
Q45383262	6000000074709842833
Q45383269	6000000074709771838
Q45383272	6000000074709770896
Q45383275	6000000074746440997
Q45383278	6000000074746677830
Q45383282	6000000074746129234
Q45383285	6000000074746589884
Q45383289	6000000074746479045
Q45383292	6000000074746079367
Q45383298	6000000074746686847
Q45383300	6000000074691196013
Q45383304	6000000074746259205
Q45383306	6000000074746554926
Q45383311	6000000074746328161
Q45383313	6000000074711486942
Q45383317	6000000074711664859
Q45383319	6000000074710898220
Q45383323	6000000074710898224
Q45383329	6000000074711365025
Q45383332	6000000074711726872
Q45383335	6000000074711718844
Q45383338	6000000074711043100
Q45383342	6000000074745538731
Q45383343	6000000074746558931
Q45383348	6000000074746136194
Q45383351	6000000074746636872
Q45383357	6000000074746079377
Q45383359	6000000074746148209
Q45383362	6000000074746716829
Q45383365	6000000074746454057
Q45383366	6000000074691628851
Q45383368	6000000074746585988
Q45383372	6000000074746727822
Q45383376	6000000074704441955
Q45383379	6000000074703858374
Q45383395	6000000074746020320
Q45383400	6000000074746732822
Q45383405	6000000074746698831
Q45383408	6000000074704517991
Q4538341	6000000091241810988
Q45383416	6000000074702950448
Q45383419	6000000074745980486
Q4538342	6000000018039642111
Q45383431	6000000074725960952
Q45383436	6000000074725734050
Q45383437	6000000074746640882
Q45383440	6000000074746086340
Q45383441	6000000074746669879
Q45383448	6000000074746318128
Q45383449	6000000074745774420
Q45383454	6000000074746631956
Q45383459	6000000074746379102
Q45383462	6000000074746323178
Q45383466	6000000074746709861
Q45383468	6000000074746768841
Q45383474	6000000074726305834
Q45383476	6000000074725961212
Q45383479	6000000074726077044
Q45383483	6000000074725785307
Q45383486	6000000074726300856
Q45383490	6000000074726221952
Q45383491	6000000074746889923
Q45383495	6000000074747034823
Q45383497	6000000074746111595
Q45383500	6000000074746804004
Q45383504	6000000074726000073
Q45383507	6000000074746519157
Q45383511	6000000074746923928
Q45383517	6000000074701026129
Q45383555	6000000074746737023
Q45383557	6000000074701464854
Q45383559	6000000074700815248
Q45383573	6000000074746851014
Q45383577	6000000074701488824
Q45383580	6000000074746275494
Q45383584	6000000074747041835
Q45383586	6000000074746678028
Q45383590	6000000074746953977
Q45383593	6000000074746913897
Q45383597	6000000074725042487
Q45383601	6000000074725314444
Q45383603	6000000074725576235
Q45383610	6000000074746129470
Q45383613	6000000074746523215
Q45383618	6000000074746619187
Q45383621	6000000074746358324
Q45383625	6000000074747093845
Q45383628	6000000074746356462
Q45383633	6000000074746502229
Q45383635	6000000074746647098
Q45383642	6000000074747011884
Q45383647	6000000074747115821
Q45383652	6000000074746987901
Q45383655	6000000074746870054
Q45383657	6000000074747105822
Q45383660	6000000074746804087
Q45383666	6000000074746921957
Q45383673	6000000049542937336
Q45383677	6000000049543372945
Q45383681	6000000074746906968
Q45383683	6000000074691766821
Q45383689	6000000074725351615
Q45383692	6000000074690847180
Q45383695	6000000074747008929
Q45383698	6000000074747030889
Q45383703	6000000074747111860
Q45383705	6000000074725515572
Q45383710	6000000074726276867
Q45383713	6000000074747015877
Q45383715	6000000074731340099
Q45383722	6000000019472473089
Q45383724	6000000019472401216
Q45383733	6000000074747072905
Q45383743	6000000074747087869
Q45383745	6000000074746356540
Q45383750	6000000074746846980
Q45383753	6000000056386690848
Q45383756	6000000074746836063
Q45383762	6000000074746784111
Q45383766	6000000074746740085
Q45383772	6000000056386880963
Q45383775	6000000074746880096
Q45383778	6000000074747078870
Q45383781	6000000074746981931
Q45383784	6000000074746973960
Q45383786	6000000074746924947
Q45383789	6000000074691693851
Q45383794	6000000074747118859
Q45383800	6000000074747131824
Q45383805	6000000074746809075
Q45383808	6000000074747072910
Q45383811	6000000074746924954
Q45383815	6000000074746921969
Q45383819	6000000074746189529
Q45383820	6000000074746735124
Q45383827	6000000074747086895
Q45383829	6000000074747085898
Q45383831	6000000074746645092
Q45383835	6000000074747089894
Q45383841	6000000074746844059
Q45383846	6000000074746899012
Q45383848	6000000074746924960
Q45383850	6000000074746747125
Q45383855	6000000074747145840
Q45383859	6000000074746919977
Q45383861	6000000074746919982
Q45383865	6000000074747122849
Q45383869	6000000074747131854
Q45383874	6000000074747099878
Q45383879	6000000074747010989
Q45383885	6000000074746124617
Q45383889	6000000074746721079
Q45383891	6000000074746587190
Q45383893	6000000074746862056
Q45383898	6000000074746674151
Q453839	6000000039151373047
Q45383902	6000000074747167834
Q45383905	6000000074747078911
Q45383906	6000000074747174829
Q45383908	6000000074691852838
Q45383912	6000000074746502268
Q45383914	6000000039152146133
Q45383917	6000000039151961493
Q45383920	6000000039152287903
Q45383923	6000000074725774888
Q45383926	6000000042925485377
Q45383932	6000000042925468291
Q45383936	6000000042924968610
Q45383958	6000000075059991825
Q45383961	6000000037910671408
Q45383965	6000000074459028117
Q45383984	6000000039152337957
Q45383987	6000000074746851065
Q45383992	6000000074746717181
Q45383995	6000000075059986828
Q45384001	6000000075059992842
Q45384025	6000000074746854093
Q45384033	6000000074747119879
Q45384038	6000000074747137879
Q45384043	6000000074746881021
Q45384048	6000000074746144544
Q45384052	6000000074747003023
Q45384055	6000000074746891920
Q45384059	6000000074746740171
Q45384067	6000000074746851079
Q45384070	6000000074747099913
Q45384074	6000000074746813059
Q45384077	6000000074746870144
Q45384081	6000000074746782178
Q45384084	6000000074747041970
Q45384089	6000000074747118885
Q45384092	6000000074746951026
Q45384100	6000000074746502274
Q45384104	6000000074744795487
Q45384108	6000000074746328600
Q45384111	6000000074746548288
Q45384128	6000000074746813076
Q45384138	6000000074747119919
Q45384142	6000000074746876131
Q45384151	6000000074685766885
Q45384155	6000000074685641110
Q45384159	6000000074685703088
Q45384162	6000000074685594041
Q45384166	6000000074687915931
Q45384173	6000000074688742880
Q45384186	6000000074354522968
Q45384189	6000000038103070710
Q45384192	6000000038103826823
Q45384206	6000000074699189056
Q45384208	6000000074699390856
Q45384212	6000000074746832112
Q45384215	6000000074746982040
Q45384219	6000000074747227822
Q45384234	6000000074746592349
Q45384239	6000000074698787073
Q45384242	6000000074699056981
Q45384245	6000000074699111959
Q45384253	6000000074698910144
Q45384261	6000000074699209883
Q45384265	6000000074699183946
Q45384268	6000000074699237949
Q45384272	6000000074698792231
Q45384275	6000000074698878177
Q45384276	6000000074698515330
Q45384279	6000000074698594331
Q45384282	6000000074687873920
Q45384290	6000000075062283876
Q45384292	6000000074687888423
Q45384295	6000000074716320116
Q45384297	6000000038241956381
Q45384300	6000000074716177048
Q45384302	6000000038241917384
Q45384311	6000000074698755188
Q45384312	6000000074687641212
Q45384317	6000000074688243823
Q45384320	6000000038242226964
Q45384324	6000000074716194055
Q45384326	6000000038241793481
Q45384331	6000000074717083822
Q45384340	6000000074747035966
Q45384342	6000000074746517421
Q45384345	6000000074747147965
Q45384352	6000000074747174887
Q45384355	6000000038242508381
Q45384357	6000000038242632123
Q45384361	6000000074747113011
Q45384370	6000000074698852202
Q45384373	6000000074699313822
Q45384377	6000000074687705885
Q45384381	6000000074687720867
Q45384383	6000000074687592916
Q45384392	6000000074686370016
Q45384396	6000000074746809116
Q45384399	6000000074746623339
Q45384405	6000000074747188851
Q45384406	6000000074747128919
Q45384409	6000000074747124872
Q45384415	6000000074746854133
Q45384417	6000000074353120835
Q45384420	6000000074352957065
Q45384423	6000000074353102847
Q45384427	6000000074705231246
Q45384430	6000000074725366887
Q45384434	6000000074691565030
Q45384436	6000000074691265070
Q45384439	6000000074691530968
Q45384446	6000000074747188856
Q45384451	6000000074747009002
Q45384455	6000000074746553365
Q45384458	6000000074747159947
Q45384462	6000000074746898104
Q45384467	6000000074698102986
Q45384469	6000000074746623346
Q45384472	6000000074747016043
Q45384475	6000000074747227848
Q45384478	6000000074746804223
Q45384480	6000000074746699222
Q45384483	6000000074747115924
Q45384486	6000000074691621930
Q45384490	6000000074747227854
Q45384494	6000000074691252216
Q45384497	6000000074691527076
Q45384499	6000000074691446051
Q45384501	6000000074691860859
Q45384507	6000000074746721171
Q45384509	6000000074747247828
Q45384513	6000000074747241864
Q45384516	6000000074688114972
Q45384519	6000000074688186895
Q45384524	6000000074687837034
Q45384529	6000000074687980019
Q45384531	6000000074688136024
Q45384534	6000000074705862197
Q45384541	6000000074747120973
Q45384545	6000000074725304389
Q45384546	6000000074746903066
Q45384549	6000000074747230886
Q45384560	6000000074747154919
Q45384563	6000000074726245880
Q45384565	6000000074747248855
Q45384568	6000000074747102943
Q45384571	6000000074747192902
Q45384578	6000000074746645208
Q45384583	6000000074746864200
Q45384587	6000000074746815274
Q45384590	6000000074747122941
Q45384593	6000000074711917822
Q45384595	6000000074711805889
Q45384599	6000000074711906833
Q45384602	6000000074711851871
Q45384603	6000000074711838863
Q45384610	6000000074746695311
Q45384615	6000000074747154940
Q45384619	6000000074747246851
Q45384621	6000000074747227898
Q45384624	6000000074747268830
Q45384627	6000000074747051040
Q45384632	6000000074747294822
Q45384635	6000000074746928160
Q45384637	6000000074746982070
Q45384641	6000000074747200922
Q45384644	6000000074747165976
Q45384648	6000000074747193899
Q45384652	6000000074747201886
Q45384659	6000000074746891951
Q45384663	6000000074747024026
Q45384666	6000000074747117940
Q45384669	6000000074747258876
Q45384672	6000000074747037067
Q45384676	6000000074747286835
Q45384681	6000000074747186902
Q45384686	6000000074746862123
Q45384687	6000000074747227927
Q45384690	6000000074747253875
Q45384694	6000000074747266844
Q45384699	6000000074747322822
Q45384701	6000000074718549953
Q45384705	6000000074718802827
Q45384707	6000000074746600351
Q45384711	6000000074747315837
Q45384714	6000000074747020983
Q45384717	6000000074747183975
Q45384721	6000000074747087055
Q45384724	6000000074747121030
Q45384725	6000000074747167969
Q45384728	6000000074746681425
Q45384731	6000000074692008838
Q45384737	6000000074747253883
Q45384739	6000000074699232148
Q45384740	6000000074699241118
Q45384743	6000000074747024048
Q45384747	6000000074747293834
Q45384751	6000000074746600379
Q45384755	6000000074747339823
Q45384759	6000000074747342826
Q45384761	6000000074747168900
Q45384763	6000000074747170013
Q45384766	6000000074747035013
Q45384769	6000000074746628301
Q45384773	6000000074747003144
Q45384775	6000000074747248912
Q45384780	6000000074692064833
Q45384783	6000000074725690973
Q45384785	6000000074725402292
Q45384787	6000000074725671080
Q45384791	6000000074725077764
Q45384796	6000000074747020116
Q45384798	6000000074747248917
Q45384799	6000000074747099104
Q45384804	6000000074747104038
Q45384808	6000000074747264865
Q45384811	6000000074746553437
Q45384817	6000000074747063997
Q45384821	6000000074746717330
Q45384823	6000000074747313839
Q45384824	6000000074746857181
Q45384828	6000000074746930063
Q45384832	6000000074747318856
Q45384834	6000000074746957266
Q45384838	6000000074746948158
Q45384839	6000000074747315892
Q45384842	6000000074747297852
Q45384845	6000000074747319899
Q45384848	6000000074747175010
Q45384852	6000000074747007016
Q45384855	6000000074747138079
Q45384857	6000000074747324851
Q45384861	6000000074746750417
Q45384863	6000000074747021026
Q45384870	6000000074747199923
Q45384872	6000000074747131045
Q45384876	6000000074746587372
Q45384882	6000000074747358878
Q45384883	6000000074747238967
Q45384886	6000000074747187943
Q45384889	6000000074746928264
Q45384892	6000000074747282871
Q45384894	6000000074747225876
Q45384898	6000000074747020039
Q45384903	6000000074747191982
Q45384907	6000000074692034886
Q45384911	6000000074691592013
Q45384915	6000000074691775986
Q45384920	6000000074691396173
Q45384922	6000000074747269878
Q45384926	6000000074747315921
Q45384928	6000000074746600407
Q45384933	6000000074746356702
Q45384936	6000000074747072045
Q45384939	6000000074747095073
Q45384942	6000000074747359892
Q45384946	6000000047504173209
Q45384950	6000000047504710855
Q45384954	6000000074747111004
Q45384956	6000000074747224974
Q45384960	6000000074746829169
Q45384962	6000000074727572986
Q45384967	6000000074727699856
Q45384969	6000000074747364850
Q45384971	6000000074727590955
Q45384974	6000000074727252266
Q45384977	6000000074747186942
Q45384978	6000000074727128337
Q45384982	6000000074727529005
Q45384985	6000000074726828624
Q45384988	6000000075062074947
Q45384990	6000000075414893215
Q45384994	6000000074746699360
Q45384999	6000000075414895259
Q45385003	6000000074747204987
Q45385007	6000000074727395181
Q45385010	6000000075415239041
Q45385012	6000000074747369873
Q45385013	6000000074747272961
Q45385018	6000000074747041111
Q45385022	6000000074747358934
Q45385026	6000000074747404836
Q45385028	6000000074747342888
Q45385032	6000000074747415834
Q45385034	6000000074746888106
Q45385039	6000000074746762197
Q45385042	6000000074746517603
Q45385046	6000000075061967990
Q45385053	6000000074746854267
Q45385057	6000000074747384876
Q45385059	6000000074747201006
Q45385063	6000000074747364873
Q45385066	6000000074747413831
Q45385071	6000000074727492066
Q45385074	6000000074727455908
Q45385076	6000000074746927198
Q45385081	6000000074747329902
Q45385084	6000000074747060083
Q45385088	6000000074747444822
Q45385090	6000000074727065477
Q45385092	6000000074747055212
Q45385095	6000000074747104105
Q4538510	6000000164080948016
Q45385100	6000000074747133051
Q45385105	6000000074747394866
Q45385108	6000000074746920192
Q45385110	6000000075415601913
Q45385113	6000000074747192994
Q45385118	6000000074747217968
Q45385121	6000000074747279918
Q45385124	6000000074746334730
Q45385128	6000000074747226977
Q45385131	6000000074747104123
Q45385132	6000000074747433835
Q45385133	6000000012653143148
Q45385141	6000000074746897302
Q45385145	6000000052260136972
Q45385147	6000000012653800290
Q45385149	6000000074747184044
Q45385151	6000000074747118066
Q45385153	6000000074747349880
Q45385155	6000000074747259016
Q45385157	6000000074747078077
Q45385159	6000000074747209998
Q45385161	6000000074747355925
Q45385171	6000000074758016223
Q45385174	6000000074691163109
Q45385177	6000000074692018850
Q45385184	6000000074747476872
Q45385202	6000000074747253976
Q45385203	6000000074746829230
Q45385206	6000000021151098465
Q45385222	6000000074747000250
Q45385226	6000000074747544836
Q45385229	6000000074747314994
Q45385233	6000000074747564823
Q45385235	6000000074747580823
Q45385244	6000000074747327932
Q45385249	6000000074746770461
Q45385253	6000000074747372950
Q45385255	6000000074747294998
Q45385256	6000000074747000266
Q45385261	6000000074747000297
Q45385265	6000000049542386858
Q45385267	6000000049542232947
Q45385270	6000000049542407826
Q45385272	6000000074718757088
Q45385275	6000000049542384841
Q45385277	6000000074747621893
Q45385278	6000000074747602871
Q45385281	6000000074747157868
Q45385286	6000000074709277047
Q45385290	6000000049502203010
Q45385294	6000000074747272173
Q45385297	6000000049549564016
Q45385298	6000000074747665822
Q45385303	6000000074747321008
Q45385305	6000000074747167137
Q45385308	6000000074747218124
Q45385310	6000000074746861274
Q45385313	6000000074747281051
Q45385316	6000000074736063936
Q45385319	6000000074747613846
Q45385321	6000000074747534899
Q45385324	6000000074746527272
Q45385327	6000000074747454966
Q45385328	6000000074747312030
Q45385332	6000000074747454971
Q45385336	6000000074747607839
Q45385339	6000000049502693891
Q45385346	6000000074747420004
Q45385349	6000000074747563917
Q45385352	6000000074747677824
Q45385354	6000000074691938898
Q45385357	6000000047502494955
Q45385360	6000000047502269133
Q45385364	6000000074746961400
Q45385367	6000000074747683834
Q45385373	6000000074747624840
Q45385376	6000000074747561859
Q45385380	6000000074747570867
Q45385382	6000000074690657350
Q45385386	6000000074689798359
Q45385392	6000000074691055367
Q45385394	6000000074691326102
Q45385396	6000000074692012870
Q45385400	6000000074692038898
Q45385405	6000000075049982935
Q45385411	6000000074702850837
Q45385413	6000000074747643844
Q45385415	6000000074747679849
Q45385417	6000000074688754073
Q45385419	6000000074688822942
Q45385421	6000000074688735042
Q45385424	6000000074747668827
Q45385431	6000000074747289069
Q45385435	6000000074747542944
Q45385438	6000000074747289074
Q45385441	6000000074746897471
Q45385444	6000000074747192245
Q45385445	6000000074747554889
Q45385449	6000000074747625870
Q45385452	6000000074747634873
Q45385455	6000000074747245186
Q45385459	6000000074747606841
Q45385463	6000000074747433007
Q45385466	6000000074747265060
Q45385469	6000000074747492958
Q45385471	6000000074747677840
Q45385472	6000000074747668840
Q45385476	6000000074747167189
Q45385479	6000000074747714839
Q45385482	6000000074747677846
Q45385484	6000000074746930363
Q45385487	6000000074692010938
Q45385490	6000000074692239833
Q45385494	6000000074691892008
Q45385497	6000000074746897505
Q45385502	6000000074747070299
Q45385517	6000000074746897511
Q45385519	6000000074747524927
Q45385519	6000000074747741829
Q45385523	6000000074747608913
Q45385526	6000000074691449049
Q45385530	6000000074747189178
Q45385535	6000000074747297059
Q45385537	6000000074747576958
Q45385544	6000000074747643869
Q45385547	6000000074725328914
Q45385552	6000000074747631919
Q45385555	6000000074717029833
Q45385559	6000000074724810710
Q45385562	6000000074725022623
Q45385565	6000000074704887327
Q45385568	6000000074747544944
Q45385577	6000000074747269989
Q45385580	6000000074747634913
Q45385583	6000000074747586881
Q45385586	6000000074747445089
Q45385589	6000000074747663879
Q45385593	6000000074747583910
Q45385597	6000000074705555843
Q45385600	6000000063343971926
Q45385602	6000000063344365841
Q45385606	6000000074704915194
Q45385609	6000000074687773026
Q45385613	6000000075057944014
Q45385620	6000000074686863592
Q45385624	6000000074688421895
Q45385627	6000000074688463899
Q45385631	6000000074725219054
Q45385633	6000000074724875518
Q45385638	6000000074725069184
Q45385641	6000000074725163178
Q45385649	6000000074747579951
Q45385652	6000000074699077257
Q45385654	6000000038238769918
Q45385656	6000000038238737150
Q45385661	6000000038238756080
Q45385664	6000000074747767823
Q45385667	6000000074699155948
Q45385669	6000000074699218855
Q45385673	6000000074747612890
Q45385680	6000000038242598333
Q45385683	6000000038242833008
Q45385686	6000000038242353721
Q45385691	6000000038241865503
Q45385694	6000000038242803096
Q45385700	6000000074702120851
Q45385703	6000000019314674131
Q45385707	6000000074688130821
Q45385713	6000000074698463366
Q45385715	6000000074699170912
Q45385717	6000000074687717981
Q45385719	6000000074718755916
Q45385724	6000000074747732829
Q45385727	6000000074717985934
Q45385729	6000000074717855987
Q45385731	6000000038239758198
Q45385734	6000000046992074018
Q45385740	6000000038239406652
Q45385744	6000000074747753832
Q45385746	6000000074747666926
Q45385749	6000000074747646942
Q45385753	6000000074747722861
Q45385756	6000000074704003017
Q45385762	6000000074704209833
Q45385765	6000000074703968008
Q45385769	6000000074704196855
Q45385773	6000000074703704203
Q45385776	6000000074704047963
Q45385779	6000000074718992822
Q45385781	6000000074692339917
Q45385784	6000000074692415861
Q45385787	6000000074692420869
Q45385791	6000000074691711181
Q45385794	6000000074747167242
Q45385797	6000000012666480226
Q45385800	6000000074687903869
Q45385805	6000000075061503027
Q45385809	6000000075062513834
Q45385810	6000000074711864938
Q45385810	6000000074717826970
Q45385810	6000000074717976837
Q45385812	6000000074718028882
Q45385814	6000000074747729835
Q45385819	6000000074747612908
Q45385821	6000000074747484048
Q45385823	6000000074746760579
Q45385827	6000000074746888308
Q45385832	6000000074747549938
Q45385835	6000000074747280178
Q45385838	6000000074747609934
Q45385841	6000000074747410020
Q45385846	6000000074747321105
Q45385853	6000000074747596980
Q45385856	6000000074747762857
Q45385858	6000000074746696617
Q45385862	6000000074747709839
Q45385866	6000000074747311157
Q45385870	6000000074725914009
Q45385874	6000000074725471464
Q45385878	6000000074726074852
Q45385880	6000000074725943990
Q45385885	6000000074725645199
Q45385888	6000000074726060840
Q45385892	6000000074725785107
Q45385898	6000000074725567385
Q45385900	6000000074725937958
Q45385902	6000000074747581950
Q45385905	6000000074747436115
Q45385909	6000000074747475025
Q45385912	6000000074747509008
Q45385914	6000000074747715909
Q45385922	6000000074746888347
Q45385927	6000000074747724863
Q45385931	6000000074747609957
Q45385935	6000000074747629948
Q45385939	6000000074747795824
Q45385940	6000000074747679935
Q45385942	6000000074747406155
Q45385944	6000000074746861384
Q45385950	6000000074717922042
Q45385955	6000000074747754886
Q45385958	6000000074747749897
Q45385962	6000000074712007937
Q45385964	6000000074711664082
Q45385968	6000000074711893971
Q45385973	6000000074712227850
Q45385976	6000000074711748091
Q45385979	6000000074712243821
Q45385982	6000000074747741849
Q45385985	6000000074747269136
Q45385988	6000000074747807824
Q45385990	6000000074725391889
Q45385992	6000000074687812184
Q45385995	6000000074688162894
Q45385997	6000000075058573993
Q45386000	6000000074696925807
Q45386002	6000000074698706086
Q45386005	6000000074698584122
Q45386007	6000000075058851828
Q45386012	6000000075058674934
Q45386013	6000000075058767877
Q45386015	6000000075062084989
Q45386018	6000000075062397875
Q45386022	6000000074747778858
Q45386025	6000000074747146226
Q45386027	6000000074747146230
Q45386029	6000000074718794827
Q45386032	6000000074718766877
Q45386033	6000000074717884297
Q45386034	6000000074718645976
Q45386035	6000000074718438969
Q45386038	6000000074718462980
Q45386041	6000000074718701894
Q45386044	6000000074718651952
Q45386047	6000000074747831836
Q45386050	6000000074747677918
Q45386052	6000000074747774875
Q45386054	6000000074747597026
Q45386056	6000000074736077964
Q45386060	6000000074747311203
Q45386064	6000000074747275208
Q45386067	6000000074747312200
Q45386069	6000000074747406174
Q45386073	6000000074747652991
Q45386077	6000000074747380139
Q45386079	6000000074747561944
Q45386083	6000000074746861413
Q45386085	6000000074747726941
Q45386088	6000000074747546986
Q45386091	6000000074747613892
Q45386093	6000000074747846833
Q45386096	6000000074747777853
Q45386100	6000000074747681946
Q45386102	6000000074747742901
Q45386107	6000000074705057149
Q45386110	6000000074704561453
Q45386115	6000000074705565911
Q45386119	6000000074705619827
Q45386120	6000000074705472937
Q45386120	6000000074752618980
Q45386124	6000000074687454150
Q45386126	6000000074687754949
Q45386128	6000000074687792874
Q45386131	6000000074687656060
Q45386132	6000000075062427869
Q45386133	6000000075062386872
Q45386138	6000000075062575822
Q45386141	6000000075062139975
Q45386144	6000000074747651937
Q45386147	6000000074747734958
Q45386149	6000000074747822907
Q45386152	6000000074747380164
Q45386155	6000000074709783884
Q45386157	6000000074747761910
Q45386159	6000000074747869842
Q45386161	6000000074747824915
Q45386162	6000000074747491984
Q45386166	6000000074705541946
Q45386168	6000000074704689035
Q45386169	6000000074747509063
Q45386172	6000000074747844891
Q45386175	6000000074711593902
Q45386176	6000000074711681863
Q45386178	6000000074747702995
Q45386181	6000000074747564061
Q45386184	6000000074747050238
Q45386186	6000000074747036462
Q45386189	6000000074747130121
Q45386192	6000000074747275902
Q45386196	6000000074747740938
Q45386200	6000000074747625016
Q45386202	6000000074747194248
Q45386206	6000000074747786931
Q45386207	6000000074747723973
Q45386209	6000000074747910833
Q45386213	6000000074747622091
Q45386216	6000000074746892165
Q45386218	6000000074747832896
Q45386223	6000000074747658983
Q45386227	6000000074747213937
Q45386230	6000000074746770387
Q45386233	6000000074746699390
Q45386234	6000000074747609044
Q45386236	6000000074725425830
Q45386239	6000000074725335986
Q45386241	6000000074725069188
Q45386244	6000000074724904562
Q45386248	6000000074747721008
Q45386253	6000000074747118355
Q45386259	6000000074747764920
Q45386264	6000000074747650056
Q45386273	6000000074725369931
Q45386277	6000000074724810521
Q45386281	6000000074724780466
Q45386284	6000000074725183109
Q45386288	6000000074747819849
Q45386294	6000000074724948216
Q45386297	6000000074724762606
Q45386300	6000000074747267264
Q45386302	6000000074747820886
Q45386309	6000000074747724008
Q45386313	6000000074747479107
Q45386319	6000000074747721984
Q45386324	6000000074725422855
Q45386328	6000000074725146165
Q45386335	6000000074725424849
Q45386338	6000000074747445185
Q45386340	6000000074687021204
Q45386343	6000000074687359003
Q45386346	6000000074687245033
Q45386347	6000000074686885453
Q45386350	6000000074687541926
Q45386357	6000000074687281069
Q45386360	6000000074687426928
Q45386365	6000000075062554821
Q45386367	6000000075062556821
Q45386370	6000000074747946840
Q45386373	6000000074747855905
Q45386376	6000000074747874896
Q45386380	6000000074747709937
Q45386385	6000000074747948833
Q45386388	6000000074747890903
Q45386390	6000000074747610007
Q45386391	6000000074747884863
Q45386394	6000000074747885885
Q45386397	6000000074707778007
Q45386401	6000000074707939825
Q45386405	6000000074707879894
Q45386406	6000000074747722044
Q45386410	6000000074747874929
Q45386414	6000000074747434287
Q45386417	6000000074747855919
Q45386419	6000000074747735006
Q45386421	6000000074747639030
Q45386422	6000000074747000525
Q45386426	6000000075062459880
Q45386431	6000000074747657041
Q45386435	6000000074747691982
Q45386442	6000000074747866900
Q45386445	6000000074747775953
Q45386448	6000000074747920909
Q45386455	6000000074747867942
Q45386457	6000000074747642096
Q45386462	6000000074747240272
Q45386465	6000000074747976831
Q45386467	6000000074747922933
Q45386471	6000000074747252400
Q45386475	6000000074747605113
Q45386478	6000000074747761003
Q45386482	6000000074747541176
Q45386484	6000000074747792975
Q45386489	6000000074747873898
Q45386491	6000000074747882875
Q45386495	6000000074747855991
Q45386498	6000000074746619764
Q45386501	6000000074747907905
Q45386504	6000000074747954862
Q45386506	6000000074733753034
Q45386508	6000000074691799056
Q45386512	6000000074692065909
Q45386513	6000000074747812003
Q45386514	6000000074747492082
Q45386515	6000000074747855998
Q45386518	6000000074747672066
Q45386523	6000000074747275333
Q45386525	6000000074748023823
Q45386527	6000000074747688994
Q45386530	6000000074747008642
Q45386534	6000000074747812927
Q45386537	6000000074747550084
Q45386539	6000000074747883974
Q45386541	6000000074718155864
Q45386548	6000000074725281017
Q45386550	6000000074747896882
Q45386553	6000000074752562121
Q45386559	6000000074752368273
Q45386561	6000000074752703004
Q45386565	6000000074752507159
Q45386571	6000000074752864909
Q45386573	6000000074747896907
Q45386578	6000000074747886986
Q45386580	6000000074747639086
Q45386584	6000000074747541220
Q45386586	6000000074727421039
Q45386588	6000000074726792569
Q45386590	6000000074726912525
Q45386593	6000000074748037834
Q45386598	6000000074704786712
Q45386602	6000000074705558123
Q45386607	6000000074747566116
Q45386609	6000000074747896912
Q45386610	6000000074747530074
Q45386612	6000000074747580126
Q45386617	6000000074747819978
Q45386618	6000000074704708880
Q45386620	6000000074704885821
Q45386624	6000000074704886821
Q45386627	6000000074704216289
Q45386633	6000000074703571353
Q45386636	6000000074704834834
Q45386638	6000000074469279237
Q45386645	6000000074470001829
Q45386647	6000000074469940884
Q45386649	6000000074470010821
Q45386652	6000000074747959910
Q45386656	6000000074747842915
Q45386661	6000000074747688045
Q45386663	6000000074724518725
Q45386667	6000000074724728715
Q45386671	6000000074747214355
Q45386672	6000000074747929929
Q45386674	6000000074747036575
Q45386678	6000000074748000872
Q45386681	6000000074748077834
Q45386684	6000000074748029865
Q45386688	6000000074747547083
Q45386691	6000000074747479225
Q45386694	6000000074747624035
Q45386696	6000000074747555175
Q45386697	6000000074748098834
Q45386701	6000000074747825954
Q45386704	6000000074748075827
Q45386708	6000000074747906960
Q45386711	6000000074748080858
Q45386713	6000000074748038863
Q45386717	6000000074748008871
Q45386720	6000000074747991875
Q45386723	6000000074747688064
Q45386728	6000000074707928897
Q45386733	6000000074748105824
Q45386735	6000000074703945061
Q45386738	6000000074703140766
Q45386743	6000000074747571215
Q45386746	6000000074746940174
Q45386750	6000000074747882931
Q45386754	6000000074704132938
Q45386756	6000000074747905949
Q45386761	6000000074748090843
Q45386765	6000000074747547111
Q45386767	6000000074748093822
Q45386772	6000000074747580149
Q45386775	6000000074747492127
Q45386777	6000000074725412889
Q45386779	6000000074725181357
Q45386784	6000000074747868070
Q45386785	6000000074747874001
Q45386788	6000000074748109838
Q45386791	6000000074748040879
Q45386795	6000000074748118823
Q45386797	6000000074747509209
Q453868	6000000017699656748
Q45386800	6000000074747036609
Q45386803	6000000074746861651
Q45386805	6000000074711823875
Q45386807	6000000074711676030
Q45386809	6000000074711378062
Q45386812	6000000074711872927
Q45386814	6000000074747488161
Q45386817	6000000074747400286
Q45386820	6000000074711838904
Q45386822	6000000074711565962
Q45386823	6000000074711992853
Q45386826	6000000074747952950
Q45386829	6000000074747827909
Q45386832	6000000074704201186
Q45386834	6000000074704896821
Q45386836	6000000074704860853
Q45386840	6000000074748038872
Q45386844	6000000074747218366
Q45386847	6000000074747869009
Q45386852	6000000074747996930
Q45386873	6000000074687951048
Q45386884	6000000074688102914
Q45386888	6000000074688016943
Q45386893	6000000075062542867
Q45386896	6000000074748099896
Q45386900	6000000075058830898
Q45386907	6000000075058623039
Q45386912	6000000012663565787
Q45386916	6000000012663906218
Q45386920	6000000012663459647
Q45386927	6000000012663785291
Q45386931	6000000074748161849
Q45386935	6000000074748061903
Q45386941	6000000074747826020
Q45386944	6000000074747988011
Q45386949	6000000074748125867
Q45386953	6000000038106726664
Q45386965	6000000074748008927
Q45386969	6000000074748167860
Q45386971	6000000074747991923
Q45386980	6000000074748016911
Q45386982	6000000074747803159
Q45386986	6000000074748133867
Q45386991	6000000074748191852
Q45386994	6000000074748222833
Q45387003	6000000037746761237
Q45387005	6000000074691950981
Q45387008	6000000075042943866
Q45387010	6000000037747010381
Q45387011	6000000037746546493
Q45387016	6000000038223730022
Q45387019	6000000074704018857
Q45387023	6000000038223637233
Q45387025	6000000038223730027
Q45387028	6000000037746788205
Q45387039	6000000074716770649
Q45387040	6000000074718223837
Q45387044	6000000074717207415
Q45387045	6000000074718247833
Q45387048	6000000074718240842
Q45387052	6000000074685063293
Q45387060	6000000074704618023
Q45387062	6000000074703524640
Q45387065	6000000047470858001
Q45387069	6000000074725988101
Q45387074	6000000074726246848
Q45387077	6000000074725451644
Q45387079	6000000074725992111
Q45387089	6000000074748061961
Q45387091	6000000074748008960
Q45387093	6000000074685281930
Q45387094	6000000074685122028
Q45387097	6000000074705132103
Q45387102	6000000074705334924
Q45387105	6000000074704803359
Q45387109	6000000074705496889
Q45387113	6000000074705139159
Q45387116	6000000074704887314
Q45387119	6000000074705301966
Q45387121	6000000074705126186
Q45387123	6000000074705249969
Q45387128	6000000074705475868
Q45387131	6000000075058614870
Q45387134	6000000074705451864
Q45387135	6000000074705244035
Q45387138	6000000074705531821
Q45387140	6000000074705523841
Q45387147	6000000074705431941
Q45387151	6000000074705370959
Q45387155	6000000074705381996
Q45387166	6000000074687627945
Q45387168	6000000074687764890
Q45387171	6000000074699751893
Q45387174	6000000074699543044
Q45387176	6000000074687583931
Q45387179	6000000075058511859
Q45387183	6000000075058348009
Q45387185	6000000074688677826
Q45387188	6000000074687743259
Q45387191	6000000074687746349
Q45387196	6000000074687295052
Q45387199	6000000074705533828
Q45387201	6000000074726118109
Q45387204	6000000074748075968
Q45387212	6000000074711844893
Q45387214	6000000074748125900
Q45387215	6000000074747240449
Q45387221	6000000074747728191
Q45387227	6000000074711273154
Q45387233	6000000074747657250
Q45387238	6000000074748281821
Q45387241	6000000074748194868
Q45387244	6000000074748247863
Q45387246	6000000074711967846
Q45387246	6000000074725564119
Q45387246	6000000074747843048
Q45387250	6000000074691696110
Q45387254	6000000074747843087
Q45387259	6000000074704916173
Q45387261	6000000074705337828
Q45387267	6000000074748090951
Q45387269	6000000037746455871
Q45387276	6000000074748157907
Q45387283	6000000038107143432
Q45387287	6000000074748009005
Q45387288	6000000074748263833
Q45387291	6000000074727572981
Q45387294	6000000074748190858
Q45387298	6000000074748297828
Q45387302	6000000074691986998
Q45387309	6000000074692309858
Q45387315	6000000074691797061
Q45387317	6000000074746888647
Q45387319	6000000074748004066
Q45387322	6000000074748125906
Q45387325	6000000074748041982
Q45387328	6000000074732634923
Q45387330	6000000074705072876
Q45387337	6000000074747214494
Q45387339	6000000074748061987
Q45387342	6000000074747955041
Q45387345	6000000074725604853
Q45387351	6000000074748134966
Q45387355	6000000074748299837
Q45387358	6000000074747688185
Q45387362	6000000074718175833
Q45387368	6000000074718078936
Q45387372	6000000074747214501
Q45387378	6000000074748316822
Q45387381	6000000074717235509
Q45387386	6000000074748061008
Q45387390	6000000074717872041
Q45387394	6000000074747851079
Q45387398	6000000074718005966
Q45387401	6000000074716607407
Q45387418	6000000074382789833
Q45387422	6000000074382749856
Q45387427	6000000074692201034
Q45387431	6000000074692497821
Q45387435	6000000074691421258
Q45387437	6000000074458543221
Q4538744	6000000020210317131
Q45387442	6000000074748220902
Q45387447	6000000074747715242
Q45387451	6000000074748176965
Q45387455	6000000074747911103
Q4538747	6000000051853180041
Q45387485	6000000074748535918
Q45387489	6000000074748135232
Q45387491	6000000074747761450
Q45387497	6000000074703884202
Q45387500	6000000074704106870
Q45387503	6000000074703298509
Q45387505	6000000074704015018
Q45387507	6000000074702868952
Q45387510	6000000074748638997
Q45387512	6000000074748753893
Q45387515	6000000074748689938
Q45387518	6000000074748442074
Q45387520	6000000074710476089
Q45387524	6000000074726198946
Q45387527	6000000074687876892
Q45387530	6000000074687381163
Q45387533	6000000074687575083
Q45387537	6000000074704759070
Q45387539	6000000074705077876
Q45387543	6000000074705038932
Q45387545	6000000074705244902
Q45387548	6000000074748708884
Q45387559	6000000074748655010
Q45387563	6000000074748561045
Q45387568	6000000074748745927
Q45387571	6000000074748058394
Q45387574	6000000074748674988
Q45387575	6000000074748685001
Q45387579	6000000074748741935
Q45387583	6000000074747981437
Q45387585	6000000074748857822
Q45387587	6000000074748165268
Q45387590	6000000074748445123
Q45387594	6000000074748285136
Q45387604	6000000074748686949
Q45387610	6000000074748299249
Q45387612	6000000074748058405
Q45387618	6000000074748434166
Q45387620	6000000074703841940
Q45387623	6000000074703891901
Q45387625	6000000074703886909
Q45387627	6000000074704022848
Q45387628	6000000074703729033
Q45387630	6000000039009489301
Q45387635	6000000074716965276
Q45387638	6000000074748802884
Q45387640	6000000074748200281
Q45387642	6000000074748676968
Q45387656	6000000049629849927
Q45387662	6000000074718256118
Q45387664	6000000049629495878
Q45387667	6000000049629798906
Q45387670	6000000074748023523
Q45387673	6000000074748846833
Q45387687	6000000074331544166
Q45387689	6000000074748149321
Q45387691	6000000074748667995
Q45387695	6000000074748516038
Q45387698	6000000074748864840
Q453877	6000000179931603828
Q45387701	6000000074748874835
Q45387706	6000000074692197866
Q45387709	6000000074748351206
Q45387712	6000000074748804922
Q45387715	6000000074748779881
Q45387721	6000000074691278248
Q45387722	6000000074747963503
Q45387724	6000000074748278207
Q45387728	6000000074691449263
Q45387730	6000000074691797080
Q45387732	6000000074748755991
Q45387736	6000000074748770927
Q45387741	6000000074748427239
Q45387744	6000000074748520047
Q45387747	6000000074748390229
Q45387751	6000000074748808918
Q45387755	6000000074748877841
Q45387757	6000000074748863840
Q45387759	6000000074748649014
Q45387762	6000000074748009459
Q45387764	6000000074748149340
Q45387768	6000000074748280355
Q45387770	6000000074748508131
Q45387772	6000000074748802912
Q45387775	6000000074725155287
Q45387780	6000000074725327000
Q45387785	6000000074724945401
Q45387789	6000000074725128222
Q45387791	6000000074748817855
Q45387795	6000000074747635740
Q45387797	6000000074748731991
Q45387799	6000000074747967290
Q45387803	6000000074748554045
Q45387806	6000000074748853860
Q45387809	6000000074748462149
Q45387813	6000000074748758966
Q45387816	6000000074748161276
Q45387820	6000000074748528087
Q45387825	6000000074748918824
Q45387827	6000000074748649031
Q45387829	6000000074748781948
Q45387834	6000000074748855921
Q45387838	6000000074747885519
Q45387840	6000000074748575048
Q45387842	6000000074748575063
Q45387846	6000000074748584151
Q45387851	6000000074748497118
Q45387854	6000000074748883894
Q45387857	6000000074748300388
Q45387860	6000000074748749010
Q45387864	6000000074748893827
Q45387868	6000000074748479174
Q45387872	6000000074712019967
Q45387876	6000000074698920977
Q45387879	6000000074699011834
Q45387883	6000000074699071823
Q45387887	6000000074698726083
Q45387889	6000000074699056840
Q45387894	6000000074698610214
Q45387898	6000000074698381332
Q45387904	6000000074748112882
Q45387905	6000000074748885911
Q45387907	6000000074748893831
Q45387910	6000000074748733049
Q45387912	6000000074747943676
Q45387916	6000000074748595209
Q45387921	6000000074748803981
Q45387924	6000000074748723965
Q45387927	6000000074748938834
Q45387933	6000000074746892490
Q45387937	6000000074748819950
Q45387942	6000000074748903888
Q45387945	6000000074748724009
Q45387951	6000000074748968823
Q45387955	6000000074748936885
Q45387960	6000000074748880910
Q45387966	6000000074748710043
Q45387970	6000000074748675147
Q45387974	6000000074748853929
Q45387978	6000000074748967830
Q45387981	6000000074748909854
Q45387990	6000000074748978826
Q45387992	6000000074725183151
Q45387995	6000000074748170455
Q45387997	6000000074748984844
Q45388000	6000000074748767029
Q45388004	6000000074748980839
Q45388008	6000000074748997822
Q45388011	6000000074689938364
Q45388014	6000000074748375381
Q45388019	6000000074748895938
Q45388022	6000000074748351284
Q45388028	6000000074690673966
Q45388032	6000000074748998821
Q45388036	6000000074748570210
Q45388039	6000000074725181277
Q45388041	6000000074725127229
Q45388042	6000000074725169026
Q45388044	6000000074724535679
Q45388046	6000000074748810885
Q45388050	6000000074725335939
Q45388052	6000000074748877871
Q45388053	6000000074748302316
Q45388058	6000000074748600172
Q45388061	6000000074748996837
Q45388063	6000000074748733071
Q45388067	6000000074748977859
Q45388068	6000000074748683030
Q45388073	6000000074749008848
Q45388078	6000000074748910833
Q45388083	6000000074748996842
Q45388086	6000000074748727015
Q45388090	6000000074748644099
Q45388093	6000000074748846936
Q45388095	6000000074717862046
Q45388099	6000000074748844958
Q45388109	6000000074749012853
Q45388111	6000000074704242885
Q45388114	6000000074704109046
Q45388119	6000000074704298880
Q45388122	6000000074748963920
Q45388124	6000000074748949864
Q45388127	6000000074749033822
Q45388130	6000000074692302889
Q45388134	6000000074692366886
Q45388136	6000000075062490961
Q45388139	6000000074704364858
Q45388140	6000000074704413821
Q45388142	6000000074704255898
Q45388147	6000000074748181430
Q45388149	6000000074749007827
Q45388151	6000000074748804057
Q45388154	6000000074748983851
Q45388159	6000000074748674007
Q45388162	6000000074748742098
Q45388163	6000000074692288906
Q45388165	6000000074692327855
Q45388170	6000000074748823927
Q45388174	6000000074691449273
Q45388176	6000000074692297876
Q45388179	6000000074691773107
Q45388183	6000000074725548641
Q45388187	6000000074718669173
Q45388187	6000000074725127323
Q45388187	6000000074726350852
Q45388187	6000000074727065388
Q45388187	6000000074747473855
Q45388189	6000000074757901164
Q45388193	6000000074758563821
Q45388196	6000000074757925333
Q45388202	6000000074715944832
Q45388205	6000000074758232985
Q45388206	6000000074758104951
Q45388212	6000000074705608978
Q45388215	6000000074748985900
Q45388219	6000000074747506984
Q45388220	6000000074748534275
Q45388225	6000000074748776034
Q45388228	6000000074748825003
Q45388232	6000000074748683055
Q45388237	6000000074758211086
Q45388240	6000000074687915915
Q45388244	6000000074785403987
Q45388247	6000000074785325219
Q45388250	6000000074785070200
Q45388254	6000000074785617870
Q45388257	6000000075062683821
Q45388260	6000000074687952901
Q45388261	6000000074785519997
Q45388266	6000000074747272943
Q45388269	6000000074746619430
Q45388271	6000000074747384859
Q45388274	6000000074747394836
Q45388276	6000000074748807085
Q45388280	6000000074747186947
Q45388281	6000000074747030136
Q45388287	6000000074747314888
Q45388290	6000000074748958872
Q45388294	6000000074748736066
Q45388296	6000000074748909910
Q45388301	6000000074748804097
Q45388305	6000000074747098048
Q45388310	6000000074748931885
Q45388313	6000000074748793009
Q45388315	6000000074748925930
Q45388319	6000000074748543274
Q45388323	6000000074748888005
Q45388327	6000000074758105279
Q45388332	6000000074757669372
Q45388335	6000000074758011169
Q45388339	6000000074758277899
Q45388350	6000000074758323877
Q45388356	6000000074758083046
Q45388361	6000000074757906253
Q45388364	6000000074758156858
Q45388367	6000000074758395967
Q45388370	6000000074758343968
Q45388373	6000000074758119001
Q45388376	6000000074758115929
Q45388381	6000000074758133895
Q45388382	6000000074758157910
Q45388385	6000000074758514869
Q45388390	6000000074758054953
Q45388394	6000000074757884064
Q45388397	6000000074758415821
Q45388399	6000000074758027188
Q45388401	6000000074758179836
Q45388405	6000000074758005014
Q45388405	6000000075062685822
Q45388409	6000000074758444934
Q45388412	6000000074758563866
Q45388418	6000000074748733144
Q45388421	6000000016708982373
Q45388423	6000000016708980479
Q45388428	6000000016708929660
Q45388430	6000000074701500043
Q45388436	6000000074701534994
Q45388438	6000000074748889927
Q45388444	6000000074748353455
Q45388447	6000000074748727053
Q45388451	6000000075062700822
Q45388454	6000000075062708821
Q45388459	6000000075061483212
Q45388464	6000000074749042840
Q45388467	6000000074748052482
Q45388473	6000000074749098825
Q45388476	6000000074748877961
Q45388478	6000000074749059870
Q45388482	6000000074749033903
Q45388485	6000000074748703067
Q45388488	6000000074749088822
Q45388493	6000000074748976924
Q45388497	6000000074748995965
Q45388501	6000000074701760827
Q45388504	6000000074748320341
Q45388509	6000000074718912875
Q45388513	6000000074718079308
Q45388516	6000000074718229082
Q45388525	6000000074749113823
Q45388527	6000000074748759153
Q45388528	6000000074748986985
Q45388533	6000000074749110839
Q45388536	6000000074748328386
Q45388538	6000000074749082860
Q45388540	6000000074725137192
Q45388543	6000000074725266949
Q45388548	6000000074725327966
Q45388553	6000000074748898948
Q45388554	6000000074748924936
Q45388557	6000000074749078857
Q45388560	6000000074715873821
Q45388563	6000000074749089841
Q45388565	6000000074748526176
Q45388568	6000000074758183995
Q45388571	6000000074758460850
Q45388574	6000000074757851382
Q45388578	6000000074758178126
Q45388581	6000000074758211108
Q45388587	6000000074758371995
Q45388588	6000000074758166130
Q45388592	6000000074758094208
Q45388593	6000000074758155998
Q45388597	6000000074757636315
Q45388601	6000000074757815309
Q45388605	6000000074758236053
Q45388608	6000000074749047910
Q45388615	6000000074748959961
Q45388617	6000000074748707151
Q45388619	6000000074746743352
Q45388622	6000000074746144818
Q45388624	6000000074758409880
Q45388628	6000000074715637972
Q45388630	6000000074758115135
Q45388633	6000000074748580255
Q45388635	6000000074748877994
Q45388638	6000000074748824019
Q45388641	6000000074749136825
Q45388647	6000000074748968913
Q45388650	6000000074758409895
Q45388658	6000000074758391866
Q45388660	6000000074758372870
Q45388664	6000000074758490846
Q45388669	6000000074758205143
Q45388673	6000000074758127038
Q45388676	6000000074758416898
Q45388679	6000000074758011106
Q45388681	6000000074758477847
Q45388687	6000000074758020870
Q45388688	6000000074749074913
Q45388690	6000000039008777466
Q45388691	6000000074748936049
Q45388694	6000000074735911971
Q45388701	6000000039009107059
Q45388703	6000000039009073977
Q45388706	6000000039009494050
Q45388709	6000000039008949739
Q45388713	6000000074698538923
Q45388716	6000000074698443009
Q45388719	6000000074748750178
Q45388721	6000000074749083867
Q45388725	6000000074698325993
Q45388727	6000000074698234182
Q45388729	6000000074698323109
Q45388732	6000000074698106124
Q45388735	6000000074698348139
Q45388738	6000000074748871131
Q45388746	6000000074747885735
Q45388748	6000000074748901964
Q45388749	6000000074698972934
Q45388751	6000000074748707188
Q45388753	6000000074749072926
Q45388754	6000000074749010935
Q45388757	6000000074748788056
Q45388760	6000000074748847105
Q45388764	6000000074697976308
Q45388768	6000000074748550270
Q45388771	6000000074748824060
Q45388773	6000000074748710180
Q45388776	6000000074748926054
Q45388777	6000000075062586863
Q45388780	6000000074748750191
Q45388781	6000000074748507358
Q45388784	6000000074749139876
Q45388788	6000000075425856059
Q45388791	6000000074748565368
Q45388795	6000000074704887373
Q45388799	6000000074705223141
Q45388804	6000000074705429972
Q45388808	6000000074705504144
Q45388811	6000000074709312173
Q45388812	6000000074709783986
Q45388814	6000000074748920018
Q45388819	6000000074748302434
Q45388820	6000000074749196827
Q45388823	6000000074748962971
Q45388825	6000000074688698832
Q45388828	6000000074688411043
Q45388831	6000000074688148907
Q45388833	6000000074688789831
Q45388836	6000000074688272134
Q45388839	6000000075060272836
Q45388841	6000000075060218854
Q45388845	6000000074716281982
Q45388850	6000000074703917023
Q45388853	6000000074703726114
Q45388854	6000000074703743047
Q45388858	6000000074704021932
Q45388860	6000000074704096851
Q45388865	6000000074703889017
Q45388868	6000000074748534443
Q45388870	6000000074704108865
Q45388873	6000000074704100838
Q45388878	6000000074703700115
Q45388882	6000000074703752117
Q45388885	6000000074703554151
Q45388887	6000000074703732095
Q45388889	6000000074703293398
Q45388909	6000000074747033473
Q45388913	6000000075062085970
Q45388928	6000000074712822944
Q45388934	6000000074712777920
Q45388938	6000000074712992868
Q45388941	6000000074712696111
Q45388942	6000000074713017842
Q45388945	6000000074713039840
Q45388949	6000000074712354124
Q45388951	6000000074712917920
Q45388952	6000000074712792898
Q45388955	6000000074712861908
Q45388959	6000000074713096843
Q45388964	6000000074712795981
Q45388967	6000000074749122941
Q45388977	6000000074749101949
Q45388981	6000000074748996999
Q45388985	6000000039082227831
Q45388988	6000000039081972853
Q45388990	6000000039081928890
Q45388998	6000000074716249981
Q45389001	6000000038213273968
Q45389005	6000000038200935763
Q45389007	6000000074716921863
Q45389008	6000000074703893032
Q45389010	6000000074703985953
Q45389012	6000000074704127847
Q45389017	6000000074703944922
Q45389020	6000000074703693242
Q45389021	6000000074703944927
Q45389024	6000000074704059887
Q45389028	6000000074703845090
Q45389030	6000000074703989972
Q45389032	6000000074704009958
Q45389035	6000000074703653068
Q45389040	6000000074704097837
Q45389042	6000000074702950222
Q45389044	6000000074749232860
Q45389046	6000000074703604235
Q45389049	6000000074748845067
Q45389052	6000000074748690273
Q45389054	6000000074748272505
Q45389058	6000000074748406137
Q45389062	6000000074747033491
Q45389072	6000000074749208854
Q45389077	6000000074749165915
Q45389082	6000000074748947072
Q45389085	6000000074748874130
Q45389088	6000000074748963025
Q45389089	6000000074748516361
Q45389092	6000000074749091017
Q45389094	6000000074749199871
Q45389097	6000000074702706950
Q453891	6000000010693706705
Q45389101	6000000045264774830
Q45389103	6000000045264770821
Q45389108	6000000039001710212
Q45389113	6000000074716756713
Q45389115	6000000074717696981
Q45389118	6000000074702664017
Q45389121	6000000074702708955
Q45389123	6000000039000379536
Q45389126	6000000039000836055
Q45389133	6000000039001198184
Q45389136	6000000039000340814
Q45389140	6000000039000677404
Q45389143	6000000074748280731
Q45389146	6000000074749249875
Q45389148	6000000074749234889
Q45389151	6000000074749172892
Q45389153	6000000074749281840
Q45389157	6000000074748890016
Q45389165	6000000038073937191
Q45389177	6000000074749048056
Q45389181	6000000074748826142
Q45389185	6000000074703496316
Q45389189	6000000074704044960
Q45389194	6000000074749309822
Q45389201	6000000074711419826
Q45389203	6000000074749057974
Q45389206	6000000074748328565
Q45389210	6000000074749057978
Q45389214	6000000074749202907
Q45389219	6000000074748328570
Q45389223	6000000074749137945
Q45389226	6000000074749121030
Q45389231	6000000074704128856
Q45389235	6000000074704134862
Q45389239	6000000074703915028
Q45389241	6000000074703185563
Q45389244	6000000074704204839
Q45389249	6000000074704096873
Q45389255	6000000074749302830
Q45389261	6000000074749034109
Q45389265	6000000075050193841
Q45389269	6000000074748845142
Q45389275	6000000074749343821
Q45389278	6000000074725354935
Q45389278	6000000074725871043
Q45389278	6000000074735642832
Q45389278	6000000074749188933
Q45389281	6000000074692416857
Q45389284	6000000074692192964
Q45389287	6000000074692038021
Q45389291	6000000074367924317
Q45389295	6000000074368493863
Q45389298	6000000074748890043
Q453893	6000000035659642076
Q45389305	6000000074749123026
Q45389312	6000000074749043103
Q45389317	6000000074749219909
Q45389323	6000000074727088613
Q45389329	6000000058103277907
Q45389335	6000000074692201076
Q45389339	6000000074725351975
Q45389344	6000000074725448901
Q45389350	6000000074725502838
Q45389352	6000000074748507460
Q45389355	6000000074749345829
Q45389358	6000000074727465147
Q45389361	6000000074727005732
Q45389366	6000000074749202941
Q45389369	6000000074749079065
Q45389373	6000000074725275116
Q45389377	6000000074749357822
Q45389382	6000000074725122201
Q45389386	6000000074749140079
Q45389390	6000000074748910127
Q45389394	6000000074749291868
Q45389399	6000000074719149904
Q45389401	6000000074719136953
Q45389404	6000000074725281065
Q45389409	6000000074725285100
Q45389412	6000000074725446882
Q45389413	6000000074749243932
Q45389418	6000000074749148028
Q45389421	6000000074748910132
Q45389424	6000000074749325839
Q45389428	6000000074748847265
Q45389435	6000000074748988100
Q45389439	6000000074748782301
Q45389442	6000000074749199928
Q45389445	6000000074749109021
Q45389449	6000000074748997106
Q45389453	6000000074749370831
Q45389456	6000000074749181941
Q45389460	6000000074749043139
Q45389465	6000000074749223928
Q45389469	6000000074749331842
Q45389472	6000000074749223922
Q45389476	6000000074749385829
Q45389481	6000000074748969072
Q45389485	6000000074748759381
Q45389488	6000000074748831126
Q45389493	6000000074749343842
Q45389497	6000000074749328859
Q45389501	6000000074749145977
Q45389505	6000000074749266012
Q45389509	6000000074749084005
Q45389511	6000000074725175206
Q45389516	6000000074749312830
Q45389520	6000000074748733354
Q45389525	6000000074719218849
Q45389530	6000000074748302551
Q45389535	6000000074749330918
Q45389538	6000000074749379849
Q45389542	6000000074749211002
Q45389545	6000000074748988110
Q45389550	6000000074748896255
Q45389555	6000000074749223955
Q45389558	6000000074748733358
Q45389561	6000000074748926173
Q45389566	6000000074748839193
Q45389571	6000000074749261911
Q45389574	6000000074748969106
Q45389577	6000000074749409825
Q45389580	6000000074748280756
Q45389584	6000000074748896279
Q45389589	6000000074748507509
Q45389594	6000000074749160994
Q45389595	6000000074748839199
Q45389599	6000000074368566897
Q45389605	6000000074749321903
Q45389609	6000000074367610373
Q45389614	6000000074368549861
Q45389617	6000000074701131436
Q45389620	6000000038238049504
Q45389628	6000000038238268320
Q45389632	6000000038238369030
Q45389635	6000000038238174537
Q45389639	6000000038238177470
Q45389643	6000000074749194961
Q45389646	6000000074748672413
Q45389648	6000000074748985145
Q45389650	6000000074749078100
Q45389654	6000000074749408823
Q45389656	6000000037591954910
Q45389659	6000000074748584480
Q45389661	6000000074749166987
Q45389664	6000000074691340300
Q45389668	6000000074749048119
Q45389673	6000000074735835897
Q45389676	6000000074692491881
Q45389680	6000000074748899082
Q45389686	6000000074725825038
Q45389692	6000000074725998983
Q45389696	6000000074726007911
Q45389698	6000000074725633356
Q45389703	6000000074725987922
Q45389708	6000000074692202972
Q45389712	6000000074692599825
Q45389734	6000000074749298916
Q45389738	6000000074749394862
Q45389741	6000000074749316890
Q45389744	6000000074749274918
Q45389745	6000000074749311915
Q45389750	6000000074749156984
Q45389752	6000000074692617828
Q45389755	6000000074690880224
Q45389758	6000000074692432959
Q45389762	6000000074749181973
Q45389764	6000000074748351657
Q45389767	6000000074749390858
Q45389769	6000000074692646834
Q45389770	6000000074692538861
Q45389773	6000000074692591837
Q45389777	6000000074691505292
Q45389782	6000000074692239055
Q45389784	6000000074692345936
Q45389787	6000000074690726563
Q45389790	6000000074749389860
Q45389792	6000000074749349912
Q45389794	6000000074749445830
Q45389795	6000000074692022074
Q45389798	6000000074749356884
Q45389801	6000000074749079158
Q45389805	6000000074692588855
Q45389806	6000000074749164090
Q45389814	6000000074717922036
Q45389819	6000000074749102065
Q45389821	6000000074749293959
Q45389823	6000000074749287030
Q45389827	6000000074749206991
Q45389831	6000000074749394871
Q45389834	6000000074748847368
Q45389839	6000000074690847587
Q45389845	6000000074749273012
Q45389849	6000000074749251924
Q45389851	6000000074749368909
Q45389855	6000000074749476840
Q45389860	6000000074749099155
Q45389868	6000000074749302919
Q45389871	6000000074749427887
Q45389875	6000000074749479826
Q45389877	6000000074749435852
Q45389885	6000000074749465843
Q45389896	6000000074748733422
Q45389900	6000000074748272636
Q45389903	6000000074717735110
Q45389908	6000000074716157785
Q45389913	6000000074749357926
Q45389916	6000000074692058939
Q45389919	6000000074692066016
Q45389923	6000000074692183984
Q45389931	6000000074749339908
Q45389935	6000000074749450841
Q45389939	6000000075062799822
Q45389940	6000000075062557910
Q45389943	6000000075062396958
Q45389949	6000000074685203049
Q45389952	6000000074684809226
Q45389957	6000000074684969170
Q45389962	6000000074749497822
Q45389966	6000000074749424928
Q45389968	6000000074748576410
Q45389973	6000000074749342896
Q45389977	6000000074749208981
Q45389988	6000000074749248010
Q45389992	6000000074749430895
Q45389996	6000000074749316962
Q45389998	6000000074749224069
Q45390006	6000000074749324934
Q45390012	6000000074749281946
Q45390018	6000000074749507835
Q4539002	6000000007050558372
Q45390022	6000000074749135151
Q45390028	6000000074692549894
Q45390034	6000000074692302954
Q45390036	6000000074692536025
Q45390040	6000000074692460009
Q45390045	6000000074691374358
Q45390047	6000000074749262030
Q45390050	6000000074692508925
Q45390053	6000000074692521935
Q45390056	6000000074692810849
Q45390059	6000000074692706846
Q45390061	6000000074718695076
Q45390063	6000000074718094218
Q45390069	6000000074717876280
Q45390075	6000000074718885861
Q45390078	6000000074749424953
Q45390081	6000000074749312944
Q45390083	6000000074749493873
Q45390086	6000000074725427710
Q45390089	6000000074749463863
Q45390093	6000000074718727860
Q45390097	6000000074718277986
Q45390101	6000000074718096058
Q45390105	6000000074692201177
Q45390109	6000000074749435895
Q45390111	6000000074749512836
Q45390114	6000000074749227021
Q45390119	6000000074749403924
Q45390122	6000000074749328046
Q45390129	6000000074749403936
Q45390130	6000000074749452898
Q45390133	6000000074749530823
Q45390136	6000000074748710388
Q45390140	6000000074748977241
Q45390143	6000000074725506762
Q45390147	6000000074726128045
Q45390151	6000000074725548657
Q45390154	6000000074726300860
Q45390158	6000000074726126977
Q45390162	6000000074725644579
Q45390165	6000000074748969218
Q45390168	6000000074749389896
Q45390175	6000000074749454901
Q45390178	6000000074749278065
Q45390182	6000000074748896377
Q45390186	6000000074749530837
Q45390189	6000000074748986305
Q45390191	6000000074749449964
Q45390194	6000000074749564822
Q45390198	6000000074692733849
Q45390202	6000000074692416951
Q45390205	6000000074692240016
Q45390209	6000000074692307074
Q45390214	6000000074692474002
Q45390216	6000000074748760307
Q45390219	6000000074749546851
Q45390224	6000000074749552836
Q45390228	6000000074749021183
Q45390230	6000000074703123362
Q45390233	6000000074703532995
Q45390235	6000000039105010072
Q45390239	6000000074749101235
Q45390242	6000000074749310975
Q45390246	6000000074749369006
Q45390249	6000000074749209049
Q45390251	6000000074749480901
Q45390253	6000000074749167093
Q45390256	6000000074748272741
Q45390259	6000000074748328748
Q45390261	6000000074749409944
Q45390264	6000000074749236074
Q45390269	6000000074749550848
Q45390273	6000000074749288134
Q45390274	6000000074749488934
Q45390278	6000000074749512864
Q45390281	6000000074749342976
Q45390283	6000000074749575825
Q45390285	6000000074692721891
Q45390288	6000000074710951473
Q45390293	6000000074749591843
Q45390295	6000000074749292074
Q45390298	6000000074712015865
Q45390303	6000000074725588262
Q45390303	6000000074749185174
Q45390306	6000000039156033462
Q45390309	6000000075057580395
Q45390312	6000000039155849431
Q45390321	6000000074749378052
Q45390324	6000000074692405022
Q45390325	6000000074692338099
Q45390329	6000000074749495926
Q45390331	6000000074698160845
Q45390334	6000000074749263071
Q45390338	6000000074749128219
Q45390340	6000000074749172134
Q45390344	6000000074749589864
Q45390346	6000000074749203154
Q45390347	6000000074749585898
Q45390350	6000000074749343019
Q45390351	6000000074749378086
Q45390355	6000000074749570905
Q45390358	6000000074749263135
Q45390359	6000000074749259978
Q45390362	6000000074749181273
Q45390367	6000000074748576505
Q45390372	6000000074748759576
Q45390377	6000000074749280989
Q45390380	6000000074749465050
Q45390382	6000000074749392091
Q45390384	6000000074748950460
Q45390421	6000000074697717081
Q45390425	6000000074697799992
Q45390429	6000000074697967948
Q45390431	6000000074749402144
Q45390434	6000000074749532124
Q45390436	6000000074727329291
Q45390439	6000000074727463261
Q45390446	6000000074691800204
Q45390449	6000000074749553973
Q45390454	6000000074727652057
Q45390455	6000000074749613064
Q45390457	6000000074749614045
Q45390460	6000000074749691036
Q45390463	6000000074749340242
Q45390465	6000000074749795959
Q45390468	6000000074749343267
Q45390471	6000000074749060584
Q45390474	6000000074749868923
Q45390475	6000000074749075471
Q45390477	6000000074749586100
Q45390479	6000000074725250160
Q45390482	6000000074725455827
Q45390487	6000000074724965514
Q45390490	6000000074749785952
Q45390491	6000000074749234382
Q45390494	6000000074727846889
Q45390496	6000000074749647094
Q45390500	6000000074749038566
Q45390503	6000000074727603017
Q45390506	6000000074749269323
Q45390509	6000000074749859922
Q45390512	6000000074749893857
Q45390514	6000000074749752958
Q45390517	6000000074749896920
Q45390521	6000000074749144459
Q45390527	6000000074749340247
Q45390530	6000000074749832906
Q45390534	6000000074749794948
Q45390537	6000000074749971864
Q45390539	6000000074727739982
Q45390542	6000000074692854850
Q45390544	6000000074692565930
Q45390545	6000000074749782058
Q45390546	6000000074749854913
Q45390549	6000000074727153322
Q45390554	6000000074727451174
Q45390556	6000000074692209112
Q45390558	6000000074692549917
Q45390562	6000000074692582937
Q45390565	6000000050603981180
Q45390567	6000000074749899929
Q45390569	6000000074749851944
Q45390570	6000000074749128410
Q45390573	6000000074749877908
Q45390579	6000000074749980827
Q45390584	6000000074749879920
Q45390589	6000000074749886895
Q45390591	6000000051922360079
Q45390594	6000000051922515941
Q45390600	6000000051922502999
Q45390602	6000000074697738061
Q45390606	6000000051921331486
Q45390610	6000000051922563861
Q45390614	6000000051922301371
Q45390641	6000000051922771017
Q45390642	6000000074711988890
Q45390643	6000000074685387866
Q45390644	6000000051922470945
Q45390645	6000000074698087970
Q45390675	6000000074711011125
Q45390676	6000000074711926900
Q45390677	6000000051922482267
Q45390679	6000000074749896944
Q45390680	6000000074749773976
Q45390681	6000000074749989852
Q45390683	6000000074749883872
Q45390684	6000000074749602168
Q45390685	6000000074749782091
Q45390687	6000000074717329310
Q45390687	6000000074725914030
Q45390687	6000000074735788822
Q45390687	6000000074749873893
Q45390688	6000000074712006890
Q45390689	6000000074711974900
Q45390691	6000000074712039877
Q45390692	6000000074712001904
Q45390693	6000000074749144489
Q45390695	6000000075058398866
Q45390696	6000000075058351969
Q45390697	6000000074749312339
Q45390699	6000000074749900893
Q45390701	6000000074698005063
Q45390702	6000000074698467859
Q45390704	6000000074725987926
Q45390705	6000000074749675094
Q45390706	6000000074698270824
Q45390708	6000000074697791266
Q45390709	6000000074697400350
Q45390720	6000000074749746997
Q45390721	6000000074749273510
Q45390722	6000000074749312343
Q45390724	6000000074749851996
Q45390725	6000000074749908901
Q45390726	6000000074697892102
Q45390728	6000000074749987858
Q45390729	6000000074749946896
Q45390730	6000000074749992840
Q45390732	6000000074749954903
Q45390735	6000000074711731058
Q45390736	6000000074749356311
Q45390737	6000000074712108823
Q45390740	6000000074712100876
Q45390741	6000000074711846992
Q45390742	6000000074750045822
Q45390744	6000000074749144506
Q45390745	6000000043383358846
Q45390746	6000000074704322845
Q45390749	6000000043383358828
Q45390750	6000000043383358835
Q45390752	6000000043383661828
Q45390753	6000000043383358841
Q45390754	6000000043383661823
Q45390756	6000000074749773981
Q45390757	6000000074749939925
Q45390758	6000000074749793980
Q45390760	6000000075063005913
Q45390763	6000000074749053660
Q45390764	6000000074749312374
Q45390765	6000000074750013845
Q45390767	6000000074750025859
Q45390769	6000000075487810993
Q45390772	6000000075488123859
Q45390774	6000000074704849821
Q45390775	6000000074704197195
Q45390776	6000000074749903915
Q45390778	6000000074698331952
Q45390779	6000000074698442877
Q45390780	6000000074725293125
Q45390782	6000000074749748024
Q45390783	6000000074749889961
Q45390784	6000000075062405083
Q45390787	6000000074749994877
Q45390788	6000000074749941967
Q45390790	6000000074750048844
Q45390791	6000000074368643133
Q45390792	6000000038176774203
Q45390794	6000000074749764072
Q45390795	6000000074750011863
Q45390797	6000000074749566186
Q45390798	6000000074750063832
Q45390799	6000000074749934915
Q45390802	6000000074749985844
Q45390805	6000000074749312384
Q45390807	6000000074750073830
Q45390808	6000000074750086823
Q45390810	6000000074749596199
Q45390811	6000000074749954968
Q45390812	6000000074698538878
Q45390814	6000000074698046994
Q45390815	6000000074698393988
Q45390816	6000000074698112221
Q45390818	6000000074698599839
Q45390819	6000000074698321072
Q45390820	6000000074749707125
Q45390822	6000000074749764081
Q45390823	6000000074728192007
Q45390824	6000000074750087839
Q45390827	6000000074750097822
Q45390829	6000000074749782137
Q45390830	6000000046886910865
Q45390831	6000000075058532867
Q45390833	6000000075058254073
Q45390834	6000000074749773097
Q45390834	6000000075058404918
Q45390835	6000000075058270938
Q45390837	6000000075058411932
Q45390838	6000000075058419879
Q45390839	6000000074750087849
Q45390841	6000000074750030906
Q45390842	6000000074749708180
Q45390843	6000000074747883454
Q45390845	6000000074749371407
Q45390846	6000000074749923013
Q45390848	6000000074750008917
Q45390850	6000000074750104838
Q45390852	6000000074750104833
Q45390853	6000000074749391365
Q45390854	6000000074749942046
Q45390856	6000000074750031903
Q45390857	6000000074750055909
Q45390858	6000000074749675143
Q45390860	6000000074750122823
Q45390861	6000000074698501830
Q45390862	6000000074698375870
Q45390864	6000000074698481836
Q45390865	6000000074697732445
Q45390866	6000000074697943353
Q45390868	6000000074728401911
Q45390869	6000000074750004909
Q45390871	6000000074749350855
Q45390873	6000000074698299104
Q45390874	6000000038169515936
Q45390876	6000000074697996267
Q45390877	6000000074750136822
Q45390879	6000000074750134822
Q45390882	6000000074749441225
Q45390884	6000000074749816041
Q45390885	6000000074749920017
Q45390886	6000000074750149822
Q45390888	6000000074750028922
Q45390890	6000000074749990968
Q45390891	6000000074749161407
Q45390893	6000000074749441232
Q45390894	6000000074749144636
Q45390896	6000000074750151839
Q45390897	6000000074750061901
Q45390899	6000000074749356386
Q45390902	6000000074750128828
Q45390903	6000000074749776198
Q45390905	6000000074749926925
Q45390907	6000000074749890056
Q45390909	6000000074749926931
Q45390911	6000000074750164824
Q45390913	6000000074749921017
Q45390915	6000000074750135870
Q45390917	6000000074749929914
Q45390919	6000000074750130834
Q45390920	6000000074750164829
Q45390923	6000000074750160831
Q45390924	6000000074749990016
Q45390925	6000000074749940103
Q45390927	6000000074749707146
Q45390930	6000000074749391416
Q45390932	6000000074750148853
Q45390935	6000000074749798112
Q45390938	6000000074750164842
Q45390940	6000000074749874060
Q45390943	6000000074750134880
Q45390946	6000000074749994049
Q45390947	6000000074749345386
Q45390950	6000000074749782197
Q45390951	6000000074749776219
Q45390955	6000000074749266631
Q45390956	6000000074750037921
Q45390957	6000000074750154884
Q45390959	6000000074749908983
Q45390962	6000000074750174826
Q45390964	6000000074750153844
Q45390967	6000000074750127916
Q45390968	6000000074749921044
Q45390970	6000000074750053905
Q45390974	6000000074749370387
Q45390976	6000000074749797130
Q45390980	6000000074749844067
Q45390981	6000000074750097934
Q45390983	6000000074749794125
Q45390986	6000000074749453272
Q45390989	6000000074749596313
Q45390991	6000000074737147962
Q45390994	6000000074750028987
Q45390996	6000000074711897015
Q45390998	6000000074712053874
Q45391	6000000000628813005
Q45391000	6000000074711573079
Q45391002	6000000074712061952
Q45391004	6000000074750134899
Q45391008	6000000074711777993
Q45391011	6000000074712115852
Q45391013	6000000074750189824
Q45391018	6000000074750185829
Q45391021	6000000074750093940
Q45391023	6000000074749829099
Q45391026	6000000074750114918
Q45391031	6000000074688216989
Q45391035	6000000074688031981
Q45391038	6000000074687877124
Q45391041	6000000074687618223
Q45391044	6000000074687273391
Q45391047	6000000074749922110
Q45391050	6000000074749560311
Q45391054	6000000074749908999
Q45391056	6000000074750089937
Q45391061	6000000074711951950
Q45391063	6000000074750203850
Q45391066	6000000074749810143
Q45391070	6000000074750031975
Q45391076	6000000074725128268
Q45391083	6000000074749795134
Q45391088	6000000074725134379
Q45391090	6000000074725496861
Q45391091	6000000074725410924
Q45391093	6000000074725513821
Q45391094	6000000074725010526
Q45391095	6000000074725505839
Q45391097	6000000074725484866
Q45391098	6000000074725311075
Q45391099	6000000074724653784
Q45391101	6000000074724847548
Q45391102	6000000074725391992
Q45391103	6000000074749711161
Q45391105	6000000074749161440
Q45391106	6000000074749968016
Q45391108	6000000074749402395
Q45391109	6000000074749564358
Q45391111	6000000074749707183
Q45391113	6000000074750127964
Q45391114	6000000074749795138
Q45391115	6000000074749505333
Q45391117	6000000074749872199
Q45391118	6000000074750205843
Q45391121	6000000074750068946
Q45391124	6000000074737598846
Q45391125	6000000074749994104
Q45391129	6000000074750021956
Q45391132	6000000074727434841
Q45391134	6000000074727252930
Q45391137	6000000074727011242
Q45391138	6000000074750067968
Q45391140	6000000074749108616
Q45391145	6000000074749968034
Q45391148	6000000074750031986
Q45391151	6000000074749617354
Q45391155	6000000074748986768
Q45391158	6000000074750144899
Q45391160	6000000074725303082
Q45391162	6000000074725311079
Q45391166	6000000074725341036
Q45391171	6000000074750208847
Q45391173	6000000074749402428
Q45391175	6000000074749636391
Q45391176	6000000074750054977
Q45391183	6000000074750064987
Q45391185	6000000074749626258
Q45391188	6000000074750140919
Q45391192	6000000074750111928
Q45391195	6000000074749451522
Q45391199	6000000074750235835
Q45391201	6000000074750226849
Q45391207	6000000074750242835
Q45391210	6000000074749878133
Q45391214	6000000074750092954
Q45391217	6000000074750199883
Q45391221	6000000074750017031
Q45391225	6000000074749920099
Q45391227	6000000074749182534
Q45391232	6000000074750186885
Q45391237	6000000074749852287
Q45391241	6000000074698606925
Q45391244	6000000074698650895
Q45391249	6000000074698329125
Q45391255	6000000046991720930
Q45391258	6000000074698481978
Q45391261	6000000075417135076
Q45391265	6000000074750223857
Q45391268	6000000074750131972
Q45391270	6000000051576663974
Q45391272	6000000051573081970
Q45391274	6000000074699024916
Q45391278	6000000074699026024
Q45391282	6000000074699075988
Q45391284	6000000046991513178
Q45391289	6000000074698683263
Q45391292	6000000074698496342
Q45391295	6000000074699166836
Q45391299	6000000074699472021
Q45391302	6000000074749829168
Q45391306	6000000074749828267
Q45391310	6000000074749356496
Q45391317	6000000074749249571
Q45391321	6000000074699266849
Q45391323	6000000074698846066
Q45391327	6000000074698845144
Q45391349	6000000075063407827
Q45391356	6000000074749891188
Q45391380	6000000074750208915
Q45391393	6000000074750077046
Q45391400	6000000074750269831
Q45391406	6000000074749994154
Q45391410	6000000074750127012
Q45391413	6000000074750216901
Q45391418	6000000074750026041
Q45391421	6000000074750209883
Q45391426	6000000074749786291
Q45391430	6000000074750279840
Q45391434	6000000074750052062
Q45391438	6000000074750306821
Q45391443	6000000074750154976
Q45391447	6000000074749563458
Q45391452	6000000074750005081
Q45391456	6000000074749631240
Q45391459	6000000074749906236
Q45391463	6000000074783364955
Q45391467	6000000074691362191
Q45391471	6000000074750265902
Q45391475	6000000074749986071
Q45391478	6000000074749921183
Q45391482	6000000074750263874
Q45391487	6000000074750059092
Q45391490	6000000074749636499
Q45391495	6000000074750103147
Q45391498	6000000074750235907
Q45391500	6000000074750319823
Q45391506	6000000074749235709
Q45391507	6000000074730465847
Q45391536	6000000074750309842
Q45391539	6000000074718880867
Q45391545	6000000074749788314
Q45391553	6000000074701229069
Q45391557	6000000074702863670
Q45391560	6000000074718873856
Q45391566	6000000074718666000
Q45391569	6000000039010213152
Q45391573	6000000074749764301
Q45391576	6000000074749382355
Q45391580	6000000074750017109
Q45391584	6000000074750086060
Q45391587	6000000074750114019
Q45391593	6000000074749786356
Q45391596	6000000074750022073
Q45391599	6000000074750333835
Q45391683	6000000074750858966
Q45391687	6000000074750598170
Q45391691	6000000074750472186
Q45391693	6000000074750993876
Q45391696	6000000074749721803
Q45391698	6000000039010046511
Q45391702	6000000074703431103
Q45391705	6000000075050829031
Q45391708	6000000074750784996
Q45391709	6000000074750401944
Q45391711	6000000074751044861
Q45391714	6000000074750891952
Q45391717	6000000074703570995
Q45391721	6000000074750735125
Q45391724	6000000074727475386
Q45391726	6000000074728055958
Q45391731	6000000074727947959
Q45391734	6000000074698707859
Q45391736	6000000074698612946
Q45391739	6000000074687575170
Q45391741	6000000019315130023
Q45391744	6000000019315039020
Q45391746	6000000074710237964
Q45391753	6000000019314863094
Q45391756	6000000074712659862
Q45391766	6000000074712577962
Q45391768	6000000074712699908
Q45391770	6000000074712765875
Q45391774	6000000074712831833
Q45391776	6000000074687956009
Q45391782	6000000074687943036
Q45391785	6000000074687456066
Q45391787	6000000012665958708
Q45391789	6000000074687873875
Q45391791	6000000074687560009
Q45391795	6000000074687355219
Q45391797	6000000074687967862
Q45391798	6000000074697529682
Q45391802	6000000074712042895
Q45391805	6000000074688342821
Q45391807	6000000074688214862
Q45391810	6000000074688758925
Q45391816	6000000074687574225
Q45391819	6000000074687560173
Q45391821	6000000074687999981
Q45391824	6000000074698524021
Q45391825	6000000074698756923
Q45391828	6000000074750329378
Q45391829	6000000074750265435
Q45391831	6000000074750742079
Q45391833	6000000074750961929
Q45391836	6000000074750987932
Q45391837	6000000074750500211
Q45391839	6000000074751092830
Q45391843	6000000074750860020
Q45391844	6000000074750358264
Q45391847	6000000074697615242
Q45391849	6000000074691948826
Q45391851	6000000074690708562
Q45391855	6000000074769872110
Q45391859	6000000074751100822
Q45391864	6000000074698139399
Q45391869	6000000074691798861
Q45391871	6000000074698851860
Q45391887	6000000074751117822
Q45391889	6000000074751114825
Q45391891	6000000074750735186
Q45391895	6000000074750790036
Q45391897	6000000074751103840
Q45391899	6000000074750901947
Q45391901	6000000074750978881
Q45391903	6000000074750782040
Q45391907	6000000074727423831
Q45391910	6000000074725987944
Q45391914	6000000074725785118
Q45391917	6000000074725442545
Q45391921	6000000074725465420
Q45391923	6000000074725483504
Q45391925	6000000074725844044
Q45391928	6000000074750943959
Q45391931	6000000074750926975
Q45391933	6000000074727010169
Q45391935	6000000074726799450
Q45391938	6000000074727220953
Q45391941	6000000074751125834
Q45391943	6000000074751016935
Q45391945	6000000074750117607
Q45391947	6000000074750670175
Q45391949	6000000074711552121
Q45391951	6000000074751044928
Q45391953	6000000074698383085
Q45391955	6000000074698732928
Q45391958	6000000074698795831
Q45391962	6000000038998435286
Q45391965	6000000038998697953
Q45391967	6000000074698768972
Q45391970	6000000074698578113
Q45391973	6000000074697820538
Q45391976	6000000074698864908
Q45391979	6000000074698742007
Q45391982	6000000074698363301
Q45391986	6000000074698898895
Q45391990	6000000074698980823
Q45391991	6000000074725971148
Q45391994	6000000074751075884
Q45391995	6000000074698966828
Q45391998	6000000074698862929
Q453920	6000000016418823820
Q45392002	6000000074698978851
Q45392004	6000000074750616285
Q45392007	6000000074751086836
Q45392010	6000000074750117613
Q45392012	6000000074751125873
Q45392016	6000000074750742115
Q45392020	6000000074750865937
Q45392022	6000000074750386341
Q45392026	6000000074750989972
Q45392028	6000000074750987961
Q45392030	6000000074751026894
Q45392037	6000000074751073862
Q45392039	6000000074751165827
Q45392042	6000000074750358306
Q45392044	6000000074750953995
Q45392048	6000000074751019914
Q45392050	6000000074718413060
Q45392053	6000000075491771889
Q45392056	6000000075063416856
Q45392059	6000000074688631868
Q45392062	6000000074688658835
Q45392065	6000000074688712842
Q45392067	6000000074688487936
Q45392069	6000000075062351169
Q45392074	6000000075063233899
Q45392076	6000000075063508822
Q45392078	6000000075063302879
Q45392081	6000000075063397876
Q45392089	6000000074687741362
Q45392092	6000000074688680836
Q45392094	6000000074688411048
Q45392099	6000000074688523920
Q45392102	6000000074687837265
Q45392104	6000000075063302884
Q45392107	6000000074750185544
Q45392110	6000000074725119268
Q45392113	6000000074725187125
Q45392116	6000000074724982397
Q45392118	6000000074751095912
Q45392123	6000000074751037950
Q45392128	6000000074725192225
Q45392130	6000000074725222201
Q45392136	6000000074725505844
Q45392139	6000000075063186880
Q45392143	6000000074688633885
Q45392147	6000000074687940153
Q45392150	6000000074688725822
Q45392154	6000000074688734821
Q45392156	6000000074688726829
Q45392158	6000000074688610883
Q45392160	6000000074688419018
Q45392163	6000000074688642909
Q45392164	6000000074688589882
Q45392166	6000000075057479343
Q45392173	6000000074750973007
Q45392176	6000000075058466839
Q45392178	6000000075058381875
Q45392182	6000000075058466844
Q45392187	6000000075057446061
Q45392188	6000000075058447850
Q45392191	6000000075057852090
Q45392194	6000000075057605135
Q45392197	6000000075058464849
Q45392200	6000000074751171850
Q45392202	6000000074747883682
Q45392204	6000000074751193845
Q45392206	6000000074750545344
Q45392207	6000000074750388315
Q45392208	6000000074751014924
Q45392209	6000000074687944831
Q45392212	6000000074687847873
Q45392214	6000000074687212193
Q45392216	6000000074687735906
Q45392219	6000000074687958821
Q45392223	6000000074687803887
Q45392227	6000000074751149878
Q45392230	6000000074751022966
Q45392233	6000000074750569333
Q45392234	6000000074751139911
Q45392245	6000000074751190881
Q45392248	6000000074727409932
Q45392252	6000000074727390980
Q45392255	6000000074750898050
Q45392258	6000000074751224845
Q45392263	6000000074750825043
Q45392266	6000000074751226829
Q45392269	6000000074750611306
Q45392272	6000000074751186841
Q45392275	6000000074750538238
Q45392278	6000000074750787198
Q45392283	6000000074751211853
Q45392286	6000000074751239821
Q45392291	6000000074751121939
Q45392293	6000000074750670272
Q45392296	6000000074751088920
Q45392300	6000000074725320074
Q45392303	6000000074749965787
Q45392310	6000000074724982489
Q45392314	6000000074724949611
Q45392317	6000000074724969207
Q45392321	6000000074750817052
Q45392325	6000000074698927932
Q45392329	6000000074698932943
Q45392333	6000000051565391996
Q45392336	6000000074750988961
Q45392339	6000000074749922818
Q45392341	6000000051565189235
Q45392343	6000000074751117918
Q45392346	6000000074750469392
Q45392347	6000000074699105838
Q45392349	6000000074751244863
Q45392353	6000000074751260829
Q45392356	6000000074751017015
Q45392359	6000000074751068042
Q45392362	6000000074751147924
Q45392365	6000000074750939035
Q45392368	6000000074751128015
Q45392369	6000000074751235865
Q45392372	6000000074750838161
Q45392374	6000000074751257843
Q45392380	6000000074699173852
Q45392387	6000000074751134878
Q45392390	6000000074699044869
Q45392393	6000000074751273833
Q45392397	6000000074750633308
Q45392402	6000000074750756211
Q45392407	6000000074750978987
Q45392412	6000000074724585818
Q45392417	6000000074751191889
Q45392421	6000000074751244885
Q45392424	6000000074750152698
Q45392428	6000000074751256859
Q45392434	6000000074698457136
Q45392438	6000000074751140940
Q45392440	6000000074698843042
Q45392442	6000000074698494277
Q45392445	6000000074698951915
Q45392447	6000000074699052865
Q45392450	6000000074751198892
Q45392456	6000000074751048020
Q45392459	6000000074751306832
Q45392463	6000000074750922223
Q45392466	6000000074751320834
Q45392468	6000000074751233908
Q45392471	6000000074751277886
Q45392475	6000000074750538317
Q45392479	6000000074751011058
Q45392481	6000000074751307842
Q45392484	6000000074751061051
Q45392486	6000000074751322826
Q45392489	6000000074751085019
Q45392494	6000000074751019031
Q45392497	6000000074750602292
Q45392501	6000000074751309840
Q45392503	6000000074701981928
Q45392504	6000000074699717832
Q45392507	6000000074698914424
Q45392508	6000000047471190839
Q45392512	6000000074750469455
Q45392514	6000000047470468945
Q45392516	6000000074751015042
Q45392519	6000000074751255868
Q45392522	6000000074750731211
Q45392525	6000000074750943143
Q45392527	6000000074751100963
Q45392528	6000000074751320851
Q45392532	6000000074699642912
Q45392537	6000000074751111986
Q45392539	6000000074751300844
Q45392542	6000000074699188345
Q45392546	6000000074699549046
Q45392549	6000000074751021094
Q45392553	6000000074751271880
Q45392562	6000000074751341863
Q45392565	6000000074751361821
Q45392568	6000000074697829628
Q45392571	6000000074698691213
Q45392575	6000000074698828996
Q45392579	6000000074712764863
Q45392580	6000000074712808843
Q45392582	6000000074712708924
Q45392586	6000000074712569964
Q45392588	6000000074712742883
Q45392590	6000000074712660919
Q45392592	6000000074699246822
Q45392596	6000000074699106949
Q45392600	6000000074688610053
Q45392603	6000000074688460098
Q45392605	6000000074689049829
Q45392610	6000000074736085883
Q45392615	6000000074688745036
Q45392620	6000000074699149944
Q45392622	6000000074751282886
Q45392623	6000000074727302166
Q45392626	6000000074699088208
Q45392627	6000000074699533981
Q45392631	6000000074699600947
Q45392634	6000000074750912118
Q45392636	6000000074751198031
Q45392638	6000000074750777225
Q45392639	6000000074751293877
Q45392642	6000000074750944095
Q45392644	6000000074751349893
Q45392648	6000000074699209995
Q45392649	6000000074699134113
Q45392656	6000000074735574042
Q45392660	6000000074712318844
Q45392664	6000000074704512951
Q45392666	6000000074751284926
Q45392670	6000000074750260369
Q45392673	6000000074750577373
Q45392676	6000000074751357862
Q45392679	6000000074699246911
Q45392681	6000000074699183024
Q45392685	6000000074699404921
Q45392687	6000000039008811197
Q45392732	6000000074751403821
Q45392737	6000000074751125021
Q45392740	6000000074750756331
Q45392744	6000000074750896239
Q45392748	6000000074724575815
Q45392756	6000000074751244960
Q45392767	6000000074751383847
Q45392769	6000000074751214024
Q45392775	6000000074698838268
Q45392779	6000000074699348973
Q45392782	6000000074751320937
Q45392784	6000000074699187161
Q45392787	6000000074751327924
Q45392790	6000000074750922334
Q45392792	6000000074699618891
Q45392797	6000000074751222040
Q45392801	6000000074751309893
Q45392805	6000000074750995090
Q45392811	6000000074699488876
Q45392834	6000000074750892259
Q45392836	6000000074751331948
Q45392838	6000000074751299916
Q45392841	6000000074750943222
Q45392844	6000000074751300917
Q45392846	6000000074751372890
Q45392851	6000000074690523937
Q45392855	6000000074699750833
Q45392859	6000000074698811543
Q45392862	6000000074750991980
Q45392867	6000000074750994222
Q45392879	6000000074751049149
Q45392882	6000000074726143954
Q45392885	6000000074726045241
Q45392891	6000000074751301904
Q45392896	6000000074751163039
Q45392901	6000000074750935228
Q45392904	6000000074751117997
Q45392904	6000000075482053135
Q45392906	6000000074751095045
Q45392921	6000000074751260024
Q45392931	6000000074751214044
Q45392934	6000000074699667956
Q45392938	6000000074709907008
Q45392941	6000000074750995112
Q45392946	6000000074751379915
Q45392949	6000000074751380871
Q45392954	6000000074750955297
Q45392959	6000000074701683899
Q45392963	6000000074751131189
Q45392965	6000000074717667883
Q45392968	6000000074751312990
Q45392971	6000000074698515695
Q45392974	6000000075063513824
Q45392979	6000000074750152806
Q45392985	6000000074751256002
Q45392990	6000000074751484859
Q45392996	6000000074751279916
Q45393002	6000000074751332019
Q45393005	6000000074751021255
Q45393007	6000000074751443872
Q45393011	6000000074751478838
Q45393013	6000000074751114072
Q45393017	6000000074751212032
Q45393020	6000000074751183038
Q45393024	6000000074751447864
Q45393028	6000000074750804287
Q45393030	6000000074687929927
Q45393036	6000000074687753970
Q45393042	6000000075063574821
Q45393060	6000000074751253022
Q45393061	6000000074751245034
Q45393063	6000000074751369926
Q45393066	6000000074751470864
Q45393068	6000000074750955325
Q45393070	6000000074712658831
Q45393073	6000000074699743821
Q45393076	6000000074751220065
Q45393080	6000000074751470869
Q45393083	6000000074699133928
Q45393087	6000000074699094961
Q45393093	6000000074712368822
Q45393096	6000000074718244822
Q45393100	6000000074751043150
Q45393104	6000000074699724836
Q45393106	6000000074698326525
Q45393109	6000000074699645887
Q45393114	6000000074699678886
Q45393116	6000000074750935280
Q45393120	6000000074699571902
Q45393124	6000000074717980905
Q45393132	6000000074751284038
Q45393136	6000000074698515665
Q45393140	6000000074750892294
Q45393144	6000000074699576089
Q45393148	6000000074750777297
Q45393151	6000000074751032163
Q45393154	6000000074751513857
Q45393157	6000000074751328976
Q45393161	6000000074699361924
Q45393164	6000000074699066975
Q45393168	6000000074699031980
Q45393171	6000000074751061231
Q45393174	6000000074699522040
Q45393175	6000000074699612066
Q45393177	6000000074699183325
Q45393180	6000000074699170343
Q45393182	6000000074699699926
Q45393185	6000000074751430901
Q45393188	6000000074751543831
Q45393190	6000000074728178853
Q45393194	6000000074728223831
Q45393196	6000000074727879907
Q45393200	6000000074728108907
Q45393202	6000000074728089943
Q45393206	6000000074727961971
Q45393210	6000000074728072897
Q45393213	6000000074699696886
Q45393217	6000000074751140116
Q45393219	6000000074751418975
Q45393227	6000000075063373888
Q45393229	6000000075062884976
Q45393233	6000000074751437878
Q45393236	6000000074751228057
Q45393239	6000000075323901914
Q45393242	6000000074699622833
Q45393245	6000000074746454836
Q45393249	6000000074699322980
Q45393251	6000000074688938906
Q45393254	6000000074751256027
Q45393257	6000000074750358527
Q45393261	6000000074750682485
Q45393263	6000000074751579825
Q45393268	6000000074751245121
Q45393273	6000000074751321019
Q45393276	6000000074751468909
Q45393279	6000000074751140130
Q45393282	6000000074751184190
Q45393286	6000000074751015180
Q45393290	6000000074751535842
Q45393294	6000000074751361962
Q45393298	6000000074712240036
Q45393302	6000000074712486945
Q45393308	6000000074751207091
Q45393310	6000000074751472930
Q45393313	6000000074751488851
Q45393317	6000000074750682495
Q45393321	6000000074751324087
Q45393324	6000000074751415989
Q45393329	6000000074751542887
Q45393335	6000000074751290169
Q45393339	6000000074751487867
Q45393343	6000000074751262067
Q45393347	6000000074751311012
Q45393350	6000000074725505721
Q45393353	6000000074726094976
Q45393358	6000000074725775372
Q45393361	6000000074725505717
Q45393365	6000000074726293943
Q45393368	6000000074726329921
Q45393371	6000000074725289169
Q45393374	6000000074725123490
Q45393378	6000000074725346117
Q45393384	6000000074725410962
Q45393387	6000000074751593830
Q45393389	6000000074751409954
Q45393391	6000000074751032216
Q45393393	6000000074751287064
Q45393394	6000000074751517908
Q45393396	6000000074750358565
Q45393400	6000000074751087112
Q45393402	6000000074751538877
Q45393407	6000000074751581832
Q45393411	6000000074751466937
Q45393416	6000000074751532876
Q45393420	6000000074751604831
Q45393424	6000000074709580978
Q45393426	6000000074708864308
Q45393429	6000000074751279076
Q45393433	6000000074751617830
Q45393437	6000000074751379011
Q45393441	6000000074709276113
Q45393445	6000000074709656898
Q45393449	6000000074709585886
Q45393454	6000000074708864312
Q45393456	6000000074751551899
Q45393460	6000000074750965306
Q45393464	6000000074750724613
Q45393465	6000000074751536905
Q45393470	6000000074751479955
Q45393478	6000000074751521894
Q45393481	6000000074751196273
Q45393484	6000000074751536910
Q45393487	6000000074751279129
Q45393491	6000000074751001235
Q45393496	6000000074751490951
Q45393500	6000000074750545733
Q45393505	6000000074751023217
Q45393523	6000000074750871356
Q45393527	6000000074751322079
Q45393532	6000000074751619862
Q45393536	6000000074751399861
Q45393540	6000000074712025102
Q45393543	6000000074712179903
Q45393547	6000000074750441789
Q45393550	6000000074751621849
Q45393553	6000000074748229546
Q45393556	6000000074748561203
Q45393560	6000000074749018867
Q45393562	6000000074748769047
Q45393569	6000000074699124127
Q45393572	6000000074751607849
Q45393576	6000000074751322088
Q45393580	6000000074751470982
Q45393587	6000000074751645847
Q45393590	6000000074705022950
Q45393595	6000000074751332179
Q45393598	6000000074751606879
Q45393602	6000000074704521311
Q45393606	6000000074751585886
Q45393612	6000000074750720551
Q45393616	6000000074751644866
Q45393619	6000000074751447018
Q45393623	6000000074751694821
Q45393627	6000000074751527940
Q45393630	6000000074751648849
Q45393635	6000000074751617895
Q45393639	6000000074751581912
Q45393640	6000000074751427005
Q45393642	6000000074751551980
Q45393644	6000000074751443973
Q45393647	6000000074704091660
Q45393650	6000000074751480004
Q45393653	6000000074751715831
Q45393656	6000000074751662850
Q45393660	6000000074751140225
Q45393662	6000000074751390057
Q45393667	6000000074751662855
Q45393670	6000000074747271918
Q45393676	6000000074747294878
Q45393679	6000000074699652072
Q45393683	6000000074699663094
Q45393686	6000000074699623119
Q45393689	6000000074751410021
Q45393691	6000000046886728174
Q45393695	6000000074751518014
Q45393699	6000000074751049352
Q45393702	6000000074751727822
Q45393706	6000000074751410026
Q45393708	6000000074751682875
Q45393709	6000000074751601892
Q45393713	6000000074751369192
Q45393716	6000000074700963395
Q45393720	6000000074701475935
Q45393729	6000000074701487000
Q45393733	6000000074701525979
Q45393737	6000000074725540822
Q45393740	6000000074700537197
Q45393742	6000000074701595872
Q45393745	6000000074728778838
Q45393746	6000000074725501859
Q45393749	6000000074725306071
Q45393751	6000000074701298147
Q45393754	6000000074751664844
Q45393756	6000000074751478991
Q45393758	6000000019314902012
Q45393763	6000000074687812016
Q45393766	6000000074688096834
Q45393767	6000000074687389283
Q45393768	6000000074687952911
Q45393771	6000000074687881046
Q45393775	6000000074751553980
Q45393779	6000000074751410031
Q45393783	6000000074701029280
Q45393786	6000000074726321857
Q45393791	6000000074725963177
Q45393795	6000000074725785343
Q45393800	6000000074701003280
Q45393805	6000000074701235174
Q45393810	6000000074701394010
Q45393814	6000000074687385041
Q45393817	6000000074687761821
Q45393821	6000000074687711839
Q45393824	6000000074687336134
Q45393828	6000000074687600880
Q45393834	6000000074687709835
Q45393836	6000000074687239139
Q45393840	6000000074750386740
Q45393843	6000000074687408959
Q45393848	6000000074686916351
Q45393850	6000000074687720854
Q45393853	6000000074687381054
Q45393855	6000000074751500067
Q45393859	6000000074751554002
Q45393861	6000000074751543977
Q45393865	6000000074751043344
Q45393868	6000000074750785444
Q45393873	6000000074701637860
Q45393877	6000000074700949436
Q45393882	6000000074751500081
Q45393887	6000000074701558864
Q45393894	6000000074751448043
Q45393898	6000000074751702831
Q45393900	6000000074751021426
Q45393905	6000000074751727827
Q45393907	6000000074751555962
Q45393910	6000000074750773351
Q45393916	6000000074751058341
Q45393920	6000000074751694884
Q45393925	6000000074751193263
Q45393926	6000000074751750843
Q45393928	6000000074751606980
Q45393931	6000000074750773356
Q45393933	6000000074751778827
Q45393936	6000000074751755850
Q45393941	6000000074751222304
Q45393945	6000000074751681895
Q45393949	6000000074751756834
Q45393950	6000000074751599926
Q45393955	6000000074750724760
Q45393959	6000000074751725875
Q45393963	6000000074751471067
Q45393965	6000000074751696892
Q45393971	6000000074750992094
Q45393974	6000000074747487837
Q45393976	6000000074751712852
Q45393979	6000000074751598931
Q45393984	6000000074699478964
Q45393986	6000000074699198888
Q45393988	6000000039000973598
Q45393991	6000000074725339946
Q45393996	6000000074752450058
Q45393998	6000000075323952857
Q45394001	6000000074751694433
Q45394004	6000000074751694437
Q45394006	6000000075323294238
Q45394008	6000000074752704848
Q45394012	6000000075323277329
Q45394016	6000000007513032232
Q45394017	6000000007513022261
Q45394022	6000000074747332869
Q45394024	6000000074752318106
Q45394026	6000000074735807223
Q45394028	6000000074736633012
Q45394031	6000000074736531021
Q45394033	6000000074737159825
Q45394035	6000000074737139853
Q45394036	6000000074699463947
Q45394040	6000000074751378928
Q45394043	6000000074699090309
Q45394044	6000000074747391835
Q45394045	6000000074699388235
Q45394047	6000000074699336138
Q45394052	6000000074699542906
Q45394054	6000000074747266914
Q45394062	6000000074752424172
Q45394065	6000000074752452003
Q45394069	6000000074752111193
Q45394072	6000000074727832061
Q45394076	6000000074725054179
Q45394079	6000000074724871364
Q45394080	6000000074724706497
Q45394083	6000000074687481979
Q45394096	6000000074752772848
Q45394099	6000000074752139256
Q45394103	6000000074752619955
Q45394107	6000000074752808821
Q45394111	6000000074724863263
Q45394114	6000000074724933161
Q45394118	6000000074725187883
Q45394121	6000000074752244278
Q45394124	6000000075323632143
Q45394128	6000000074752790849
Q45394132	6000000074752816821
Q45394136	6000000074752766825
Q45394139	6000000075324006964
Q45394142	6000000075324143912
Q45394146	6000000074730688264
Q45394151	6000000074725240864
Q45394155	6000000074724937138
Q45394160	6000000074699036341
Q45394162	6000000074752338221
Q45394165	6000000074752129346
Q45394169	6000000074752053387
Q45394171	6000000074752427087
Q45394174	6000000074752517994
Q45394177	6000000074752510014
Q45394179	6000000074752733857
Q45394181	6000000074752742919
Q45394183	6000000074725889368
Q45394183	6000000074744813054
Q45394186	6000000074711597430
Q45394188	6000000074712663904
Q45394189	6000000074751694511
Q45394192	6000000074752679954
Q45394196	6000000074712830875
Q45394196	6000000074717726003
Q45394196	6000000074748575237
Q45394197	6000000074752663972
Q453942	6000000020560058723
Q45394200	6000000074699476111
Q45394203	6000000074699796897
Q45394207	6000000074699290298
Q45394210	6000000074699681010
Q45394211	6000000074699849835
Q45394214	6000000074752530037
Q45394218	6000000074752848822
Q45394222	6000000074752778877
Q45394226	6000000074699169439
Q45394229	6000000074699745939
Q45394230	6000000074699235459
Q45394233	6000000074699188406
Q45394236	6000000074699874831
Q45394238	6000000074752544014
Q45394242	6000000074699768000
Q45394245	6000000074699184354
Q45394249	6000000074699585086
Q45394251	6000000074752656951
Q45394252	6000000074752610980
Q45394257	6000000074725040933
Q45394263	6000000074752786843
Q45394267	6000000074752779880
Q45394270	6000000074752553995
Q45394272	6000000074752133368
Q45394274	6000000074752840850
Q45394277	6000000074752644005
Q45394280	6000000074752708892
Q45394282	6000000074728286863
Q45394285	6000000074699559147
Q45394288	6000000074699203518
Q45394292	6000000074699732977
Q45394294	6000000075420036880
Q45394297	6000000074705472905
Q45394299	6000000074727731309
Q45394302	6000000074728370888
Q45394305	6000000074752780925
Q45394309	6000000074752734888
Q45394314	6000000074699855874
Q45394318	6000000074699835903
Q45394320	6000000074699893846
Q45394323	6000000074752026501
Q45394327	6000000074752719897
Q45394329	6000000074737158010
Q45394332	6000000074699458221
Q45394333	6000000074752844835
Q45394338	6000000074752866837
Q45394340	6000000074699883869
Q45394343	6000000074699410081
Q45394345	6000000074699709114
Q45394347	6000000074699746136
Q45394350	6000000074727948821
Q45394351	6000000074726630814
Q45394352	6000000074727930842
Q45394355	6000000074727241386
Q45394358	6000000074752685995
Q45394360	6000000074752371172
Q45394363	6000000074752879840
Q45394367	6000000074752837854
Q45394369	6000000074752713946
Q45394370	6000000074752708934
Q45394376	6000000074752496066
Q45394379	6000000074752790909
Q45394381	6000000074752673936
Q45394383	6000000074752445067
Q45394387	6000000074752792895
Q45394391	6000000074752390168
Q45394393	6000000074752513168
Q45394395	6000000074752894842
Q45394399	6000000074751737551
Q45394403	6000000074752189356
Q45394405	6000000074752842859
Q45394408	6000000074752689015
Q45394411	6000000074752176295
Q45394415	6000000074726630818
Q45394418	6000000074752937834
Q45394421	6000000074752924825
Q45394423	6000000074752393199
Q45394425	6000000074752418136
Q45394428	6000000074752605984
Q45394432	6000000074752888844
Q45394437	6000000074699914862
Q45394440	6000000074699664035
Q45394441	6000000074699629187
Q45394444	6000000074699353239
Q45394446	6000000074699970821
Q45394447	6000000074699656069
Q45394450	6000000074699611164
Q45394452	6000000074737534968
Q45394455	6000000074752753918
Q45394460	6000000074752844849
Q45394462	6000000074752507107
Q45394465	6000000074752937839
Q45394468	6000000074752767908
Q45394469	6000000074752284314
Q45394472	6000000074752768908
Q45394475	6000000074752831896
Q45394477	6000000074752922859
Q45394480	6000000074752716017
Q45394484	6000000074752496097
Q45394485	6000000074752129435
Q45394487	6000000074752862902
Q45394490	6000000074699768028
Q45394493	6000000074699758034
Q45394496	6000000074699643109
Q45394499	6000000074752676009
Q45394502	6000000074699572128
Q45394505	6000000074752888891
Q45394508	6000000074752689058
Q45394510	6000000074699692127
Q45394513	6000000074699463313
Q45394516	6000000074752937862
Q45394519	6000000074733934935
Q45394525	6000000074752866894
Q45394528	6000000074752384138
Q45394530	6000000074752905844
Q45394534	6000000074752053485
Q45394537	6000000074752781005
Q45394539	6000000074724933559
Q45394541	6000000074732852086
Q45394544	6000000074732510157
Q45394546	6000000074733315907
Q45394550	6000000074752914858
Q45394554	6000000074724933259
Q45394558	6000000074737650948
Q45394561	6000000074699627265
Q45394567	6000000074734075824
Q45394569	6000000074752595025
Q45394572	6000000074752372318
Q45394574	6000000074752380318
Q45394576	6000000074752971859
Q45394580	6000000074752073453
Q45394583	6000000074752900946
Q45394585	6000000074752689079
Q45394587	6000000074700941876
Q45394591	6000000074752743059
Q45394601	6000000074752361242
Q45394604	6000000074752949880
Q45394607	6000000074752604129
Q45394609	6000000074752605111
Q45394611	6000000074752964858
Q45394618	6000000074752702997
Q45394620	6000000074752865954
Q45394621	6000000074701497843
Q45394622	6000000074752765971
Q45394623	6000000074700372570
Q45394625	6000000074700682423
Q45394628	6000000074701318948
Q45394631	6000000074752864929
Q45394633	6000000074729829949
Q45394636	6000000074753076845
Q45394637	6000000074701458828
Q45394640	6000000074701191019
Q45394641	6000000074701436852
Q45394644	6000000074752900987
Q45394646	6000000074752616109
Q45394647	6000000074753100823
Q45394649	6000000074752838010
Q45394652	6000000074752556228
Q45394655	6000000074752617095
Q45394657	6000000074753019867
Q45394661	6000000074752698013
Q45394665	6000000074752822027
Q45394667	6000000074753124822
Q45394670	6000000074753116823
Q45394673	6000000074752176382
Q45394676	6000000074751966710
Q45394679	6000000074752920910
Q45394680	6000000074753102837
Q45394683	6000000074753094835
Q45394686	6000000074752929897
Q45394691	6000000074753122822
Q45394695	6000000074752611165
Q45394700	6000000074752833051
Q45394703	6000000074753027888
Q45394705	6000000074753067855
Q45394709	6000000074753041863
Q45394713	6000000074752823020
Q45394715	6000000074752689175
Q45394719	6000000074700971853
Q45394722	6000000074753156821
Q45394723	6000000074752933014
Q45394729	6000000074752913014
Q45394731	6000000074752102741
Q45394734	6000000074752761046
Q45394741	6000000074753099867
Q45394743	6000000074752976002
Q45394746	6000000074701451933
Q45394752	6000000074701501903
Q45394755	6000000074700483136
Q45394757	6000000074700680012
Q45394759	6000000074701091201
Q45394761	6000000074701571830
Q45394762	6000000074700474667
Q45394765	6000000075417939842
Q45394766	6000000074752616200
Q45394769	6000000074753094851
Q45394772	6000000074701214089
Q45394775	6000000074701512835
Q45394777	6000000074753083951
Q45394780	6000000074752769094
Q45394783	6000000074701509832
Q45394786	6000000074752550090
Q45394790	6000000074753116843
Q45394792	6000000074751667691
Q45394793	6000000074728660937
Q45394798	6000000074752244581
Q45394800	6000000074724849448
Q45394803	6000000074725293183
Q45394805	6000000074725062387
Q45394808	6000000075058480950
Q45394811	6000000074725496902
Q45394813	6000000074728003285
Q45394815	6000000074746880110
Q45394820	6000000074747157845
Q45394824	6000000074692027852
Q45394826	6000000074691421018
Q45394827	6000000074752662159
Q45394831	6000000074687829844
Q45394834	6000000074753010932
Q45394836	6000000074687711904
Q45394839	6000000074687706933
Q45394842	6000000074687847850
Q45394847	6000000074687359137
Q45394849	6000000074687898821
Q45394851	6000000074752680297
Q45394856	6000000074753107887
Q45394860	6000000074753193847
Q45394863	6000000074731145993
Q45394867	6000000074730821162
Q45394868	6000000074730933097
Q45394870	6000000074753147871
Q45394874	6000000074752977991
Q45394875	6000000074747105848
Q45394878	6000000074753160878
Q45394880	6000000075058193985
Q45394881	6000000075058417906
Q45394883	6000000075056985418
Q45394886	6000000075058516854
Q45394889	6000000075058285951
Q45394893	6000000075058414859
Q45394895	6000000075058214944
Q45394896	6000000075058249009
Q45394898	6000000075057944063
Q45394901	6000000075057841285
Q45394905	6000000075058455874
Q45394909	6000000075058181012
Q45394911	6000000075057970126
Q45394915	6000000075058373861
Q45394917	6000000074752698168
Q45394920	6000000075058181018
Q45394922	6000000075058487871
Q45394924	6000000075057965094
Q45394927	6000000075058367870
Q45394931	6000000074753101963
Q45394934	6000000074753091006
Q45394938	6000000074753267874
Q45394941	6000000074753331845
Q45394944	6000000074701378932
Q45394949	6000000074700840316
Q45394952	6000000075324251360
Q45394955	6000000039008786027
Q45394957	6000000074700861239
Q45394962	6000000074700875336
Q45394965	6000000074753333890
Q45394969	6000000074727526116
Q45394972	6000000074727659044
Q45394975	6000000074727756908
Q45394981	6000000074727884865
Q45394983	6000000074753100041
Q45394989	6000000074752836216
Q45394993	6000000074753254931
Q45394996	6000000074753015090
Q453950	6000000037469537894
Q45395000	6000000074752788237
Q45395002	6000000075324830937
Q45395005	6000000075324624074
Q45395007	6000000074688621922
Q45395011	6000000074688705884
Q45395013	6000000074688471088
Q45395018	6000000074688304040
Q45395021	6000000075325131833
Q45395024	6000000074688153154
Q45395026	6000000074752735250
Q45395029	6000000074753213952
Q45395032	6000000074752902186
Q45395034	6000000074752674327
Q45395039	6000000074753239959
Q45395044	6000000074752709292
Q45395046	6000000074753260928
Q45395047	6000000074753376867
Q45395050	6000000074753101985
Q45395053	6000000074753104021
Q45395055	6000000074753283934
Q45395056	6000000074753366866
Q45395057	6000000074753364862
Q45395059	6000000074753288897
Q45395066	6000000074752991176
Q45395068	6000000074753207990
Q45395070	6000000074753412822
Q45395073	6000000074753169002
Q45395077	6000000074753410823
Q45395079	6000000074753279872
Q45395082	6000000074753400852
Q45395085	6000000074752550218
Q45395088	6000000074753382881
Q45395090	6000000074753021121
Q45395091	6000000074753209112
Q45395095	6000000074753032157
Q45395097	6000000074753423824
Q45395099	6000000074753383853
Q45395103	6000000074753212996
Q45395107	6000000074752550253
Q45395109	6000000074753418848
Q45395111	6000000074753448821
Q45395113	6000000074752927160
Q45395116	6000000074753442831
Q45395121	6000000074753404861
Q45395125	6000000074752868267
Q45395127	6000000074752058669
Q45395129	6000000074712859928
Q45395130	6000000074738669869
Q45395135	6000000074753226922
Q45395138	6000000074753160821
Q45395142	6000000074727742053
Q45395144	6000000074727948826
Q45395147	6000000074727535086
Q45395149	6000000074752938172
Q45395153	6000000074753209158
Q45395157	6000000074381774916
Q45395160	6000000074381598969
Q45395164	6000000074382008844
Q45395171	6000000074752307657
Q45395176	6000000074753189023
Q45395179	6000000074726231961
Q45395182	6000000074752562412
Q45395184	6000000074753324864
Q45395189	6000000074701480897
Q45395191	6000000074731091023
Q45395196	6000000074732426017
Q45395199	6000000074752877287
Q45395202	6000000074731178986
Q45395207	6000000074731059059
Q45395211	6000000074725850402
Q45395214	6000000074726260878
Q45395216	6000000074746623295
Q45395219	6000000074746906008
Q45395221	6000000074753400908
Q45395224	6000000074753419884
Q45395226	6000000074746603279
Q45395232	6000000074753248962
Q45395235	6000000074753164029
Q45395239	6000000074753391849
Q45395241	6000000074712876892
Q45395246	6000000074688733833
Q45395250	6000000074688261062
Q45395253	6000000074753486829
Q45395258	6000000074753388933
Q45395260	6000000074753413927
Q45395263	6000000074753337975
Q45395266	6000000075050228885
Q45395269	6000000074752868312
Q45395272	6000000074701071211
Q45395278	6000000074753184069
Q45395283	6000000074732445096
Q45395290	6000000074731327896
Q45395302	6000000074753381966
Q45395305	6000000074701521902
Q45395308	6000000074701329108
Q45395313	6000000074701158072
Q45395316	6000000074753516824
Q45395321	6000000074753484866
Q45395322	6000000074753032231
Q45395325	6000000074752408614
Q45395331	6000000074753522833
Q45395335	6000000074753446854
Q45395337	6000000074753335921
Q45395341	6000000074752548412
Q45395344	6000000074753376919
Q45395347	6000000074725193740
Q45395348	6000000074725246575
Q45395352	6000000074725686196
Q45395359	6000000074753419929
Q45395364	6000000074752931192
Q45395366	6000000074753226105
Q45395369	6000000074752619539
Q45395371	6000000074753400971
Q45395375	6000000074753015197
Q45395378	6000000074753480850
Q45395382	6000000074753500838
Q45395385	6000000074752058781
Q45395387	6000000074752931209
Q45395390	6000000074701218205
Q45395392	6000000074752836362
Q45395395	6000000074753490855
Q45395398	6000000074726277890
Q45395400	6000000074726300870
Q45395402	6000000074725996148
Q45395406	6000000074726000140
Q45395410	6000000074725963218
Q45395412	6000000074726339833
Q45395413	6000000074726173018
Q45395417	6000000074753433960
Q45395419	6000000074753206061
Q45395422	6000000075325149824
Q45395426	6000000075324939921
Q45395429	6000000074752058790
Q45395433	6000000074753104139
Q45395435	6000000074738677888
Q45395441	6000000074738764846
Q45395443	6000000074738765845
Q45395448	6000000074738849859
Q45395452	6000000074753445903
Q45395455	6000000074752408623
Q45395459	6000000074753292984
Q45395461	6000000074753473875
Q45395463	6000000074752530536
Q45395467	6000000074753281966
Q45395470	6000000074753218165
Q45395475	6000000074753436888
Q45395478	6000000074753467930
Q45395484	6000000074753497882
Q45395486	6000000074752766225
Q45395489	6000000074753513888
Q45395493	6000000074753453923
Q45395496	6000000074753362962
Q45395499	6000000074753538829
Q45395502	6000000074753570824
Q45395506	6000000074690987325
Q45395509	6000000074691843003
Q45395511	6000000074691362204
Q45395513	6000000074692050903
Q45395518	6000000074753482914
Q45395524	6000000074727177456
Q45395529	6000000074753312996
Q45395540	6000000016708820776
Q45395555	6000000074753656860
Q45395567	6000000074753221224
Q45395571	6000000074753516924
Q45395573	6000000074753223235
Q45395579	6000000074753607984
Q45395582	6000000074753801822
Q45395584	6000000074753646867
Q45395588	6000000074753398048
Q45395591	6000000074753552911
Q45395593	6000000074753606891
Q45395597	6000000074753636878
Q453956	6000000028001097161
Q45395602	6000000074753312150
Q45395605	6000000074753531964
Q45395610	6000000074753631974
Q45395613	6000000074753456026
Q45395616	6000000074753555014
Q45395621	6000000074753670884
Q45395625	6000000074753758880
Q45395628	6000000074753120288
Q45395631	6000000019555239766
Q45395634	6000000074687355155
Q45395637	6000000075325174822
Q45395641	6000000075325149829
Q45395647	6000000075324957980
Q45395651	6000000075324744087
Q45395654	6000000075324749041
Q45395657	6000000075324931971
Q45395661	6000000075324830957
Q45395664	6000000075325095950
Q45395666	6000000075324362357
Q45395669	6000000075324723179
Q45395673	6000000075325116894
Q45395676	6000000075324854072
Q45395678	6000000074699327031
Q45395682	6000000074699517826
Q45395684	6000000074698522465
Q45395690	6000000074698838285
Q45395692	6000000074699062107
Q45395695	6000000074699221083
Q45395699	6000000074698522471
Q45395702	6000000074753717926
Q45395706	6000000074753494072
Q45395708	6000000074753561036
Q45395712	6000000074753453131
Q45395718	6000000074753088408
Q45395725	6000000074725427009
Q45395727	6000000074753576020
Q45395731	6000000074752944598
Q45395733	6000000074753819853
Q45395737	6000000074753751920
Q45395739	6000000074753841822
Q45395742	6000000074753841827
Q45395745	6000000074753219359
Q45395748	6000000074753770888
Q45395753	6000000074753623969
Q45395756	6000000074753844839
Q45395760	6000000074753737884
Q45395762	6000000074753349307
Q45395766	6000000074753852835
Q45395769	6000000074753831881
Q45395771	6000000074753607077
Q45395773	6000000074753701985
Q45395776	6000000074753860822
Q45395779	6000000074753748883
Q45395783	6000000074753433084
Q45395787	6000000074753758930
Q45395789	6000000074753571014
Q45395795	6000000074753864849
Q45395799	6000000074753000436
Q45395807	6000000074753833880
Q45395809	6000000074753865876
Q45395813	6000000074753805926
Q45395815	6000000074753856857
Q45395817	6000000074753456114
Q45395819	6000000074753576065
Q45395822	6000000074752986546
Q45395826	6000000074712269835
Q45395831	6000000074753726986
Q45395832	6000000074753827896
Q45395835	6000000074753904845
Q45395839	6000000074753715958
Q45395843	6000000074753867856
Q45395848	6000000074753930822
Q45395852	6000000074703000308
Q45395856	6000000074703617965
Q45395859	6000000074703185247
Q45395863	6000000074753729954
Q45395866	6000000074753905881
Q45395870	6000000074753532032
Q45395872	6000000074753884880
Q45395876	6000000074753849898
Q45395883	6000000074701534064
Q45395887	6000000074701463039
Q45395889	6000000074701671915
Q45395891	6000000074701747951
Q45395895	6000000074701762916
Q45395898	6000000074753847868
Q45395901	6000000074753933823
Q45395903	6000000074753556993
Q45395905	6000000074753739030
Q45395907	6000000074752766447
Q45395909	6000000074753854872
Q45395913	6000000074753686063
Q45395914	6000000074701877821
Q45395919	6000000074753686068
Q45395922	6000000074753865930
Q45395929	6000000074753586113
Q45395932	6000000074753757940
Q45395934	6000000074753926865
Q45395938	6000000074753782934
Q45395942	6000000074753827946
Q45395947	6000000074753586117
Q45395950	6000000074753705002
Q45395952	6000000074753943845
Q45395956	6000000074753641999
Q45395960	6000000074753602105
Q45395964	6000000074753809961
Q45395968	6000000074753653121
Q45395975	6000000074747980852
Q45395977	6000000074747649028
Q45395979	6000000074353612263
Q45395983	6000000074354030989
Q45395985	6000000074353673976
Q45395987	6000000074701513087
Q45395993	6000000074753856895
Q45395997	6000000074752690263
Q45396000	6000000074753408269
Q45396005	6000000074753989822
Q45396008	6000000074725778923
Q45396011	6000000074725544154
Q45396013	6000000074725822839
Q45396017	6000000074725454365
Q45396021	6000000074725548180
Q45396032	6000000074685149301
Q45396035	6000000074753088490
Q45396037	6000000074753861879
Q45396042	6000000074714867088
Q45396045	6000000074753919889
Q45396048	6000000074753214468
Q45396050	6000000074753962840
Q45396053	6000000074753951834
Q45396058	6000000074753849969
Q45396063	6000000074753919898
Q45396074	6000000074753847911
Q45396075	6000000074687354868
Q45396077	6000000074687171955
Q45396081	6000000074753878901
Q45396083	6000000074753819977
Q45396088	6000000074753964843
Q45396092	6000000074714970996
Q45396097	6000000074754005833
Q45396109	6000000074701861995
Q45396112	6000000074701982834
Q45396116	6000000074701995833
Q45396120	6000000074701752033
Q45396123	6000000074754020822
Q45396128	6000000074753685058
Q45396131	6000000074753909880
Q45396134	6000000074702006822
Q45396136	6000000074701180431
Q45396140	6000000074701991838
Q45396144	6000000074701967880
Q45396147	6000000074753951853
Q45396150	6000000074753942889
Q45396157	6000000074702009825
Q45396160	6000000074754023823
Q45396162	6000000074753976873
Q45396166	6000000074753678205
Q45396170	6000000074753723104
Q45396174	6000000074754011830
Q45396177	6000000074753769981
Q45396179	6000000074753909897
Q45396181	6000000074701361242
Q45396186	6000000074701328409
Q45396188	6000000074701993852
Q45396190	6000000074752674752
Q45396194	6000000074753904942
Q453962	6000000029536927788
Q45396200	6000000074753557105
Q45396210	6000000074753205404
Q45396215	6000000074753747058
Q45396218	6000000074753865977
Q45396222	6000000074753861913
Q45396227	6000000074753932914
Q45396230	6000000074702045846
Q45396232	6000000074701978909
Q45396236	6000000074701258480
Q45396239	6000000074701848925
Q45396243	6000000074701487303
Q45396244	6000000074753991853
Q45396247	6000000074753705067
Q45396249	6000000074753676111
Q45396251	6000000074753884934
Q45396254	6000000074753841992
Q45396257	6000000074753945947
Q45396261	6000000074754023830
Q45396262	6000000074753975888
Q45396266	6000000074753370310
Q45396269	6000000074753370315
Q45396274	6000000074753986939
Q45396276	6000000074753903970
Q45396280	6000000074753951866
Q45396283	6000000074754057871
Q45396285	6000000074753502176
Q45396290	6000000074753830968
Q45396293	6000000074753973901
Q45396295	6000000074754011847
Q45396297	6000000074754057890
Q45396301	6000000074754083830
Q45396305	6000000074754071845
Q45396309	6000000074725418162
Q45396315	6000000074725211310
Q45396319	6000000074725461971
Q45396322	6000000074725366202
Q45396326	6000000074733880077
Q45396331	6000000074732933518
Q45396335	6000000074726089863
Q45396338	6000000074725811204
Q45396341	6000000074726127832
Q45396345	6000000074726048904
Q45396350	6000000056074466863
Q45396351	6000000074701833211
Q45396354	6000000056074453932
Q45396360	6000000074701675242
Q45396363	6000000074701333480
Q45396366	6000000074701902085
Q45396369	6000000051911446345
Q45396373	6000000074701776252
Q45396377	6000000074701161800
Q45396379	6000000074753892006
Q45396381	6000000074753655146
Q45396383	6000000074753853931
Q45396385	6000000074754008883
Q45396388	6000000074754012884
Q45396391	6000000074753686172
Q45396392	6000000074753529325
Q45396393	6000000074753932927
Q45396397	6000000074754097834
Q45396401	6000000074753845062
Q45396403	6000000074754074863
Q45396404	6000000074754043870
Q45396406	6000000074753964900
Q45396412	6000000074755306035
Q45396415	6000000074755108074
Q45396417	6000000074755348923
Q45396421	6000000074755451833
Q45396425	6000000074718775144
Q45396434	6000000074700682121
Q45396436	6000000074755347943
Q45396439	6000000074738632930
Q45396445	6000000074750185623
Q45396448	6000000074702597109
Q45396452	6000000074755259003
Q45396455	6000000074755419913
Q45396459	6000000074725920280
Q45396464	6000000051922401879
Q45396466	6000000074702807892
Q45396468	6000000074702439200
Q45396474	6000000074702748919
Q45396477	6000000074702458124
Q45396480	6000000074754979178
Q45396482	6000000074754334617
Q45396486	6000000074726025956
Q45396489	6000000074725442596
Q45396492	6000000074726070942
Q45396498	6000000074755511896
Q45396500	6000000074755509917
Q45396505	6000000074755543834
Q45396506	6000000074755444002
Q45396509	6000000074702924821
Q45396513	6000000074754908333
Q45396516	6000000074755286011
Q45396520	6000000075324980017
Q45396524	6000000074755476946
Q45396526	6000000074702458145
Q45396528	6000000074702347346
Q45396530	6000000074702287396
Q45396532	6000000074702416334
Q45396537	6000000074702580034
Q45396538	6000000074755277018
Q45396541	6000000074755533862
Q45396546	6000000074755550888
Q45396550	6000000074702606136
Q45396553	6000000074702699060
Q45396557	6000000074702867867
Q45396559	6000000074702012651
Q45396561	6000000074702896867
Q45396563	6000000074702728064
Q45396566	6000000074702617120
Q45396570	6000000074709788856
Q45396573	6000000074708864358
Q45396577	6000000074709659871
Q45396580	6000000074709193273
Q45396586	6000000074709791895
Q45396592	6000000074755494889
Q45396594	6000000074755337030
Q45396598	6000000074702737043
Q45396599	6000000074755530932
Q45396602	6000000074733393873
Q45396608	6000000074755487950
Q45396611	6000000074755519965
Q45396614	6000000074755075417
Q45396617	6000000074756011925
Q45396635	6000000074702766974
Q45396639	6000000074702939840
Q45396641	6000000074702727542
Q45396643	6000000074703294049
Q45396647	6000000074702835354
Q45396650	6000000074703480957
Q45396655	6000000074705549915
Q45396659	6000000074703705821
Q45396662	6000000074703302127
Q45396665	6000000074703659847
Q45396671	6000000074703706821
Q45396673	6000000074688744824
Q45396675	6000000074688654887
Q45396677	6000000074688652856
Q45396683	6000000074703350083
Q45396685	6000000074702939822
Q45396688	6000000074702937838
Q45396692	6000000075050170952
Q45396698	6000000074703600894
Q45396703	6000000074755776985
Q45396706	6000000074703134250
Q45396709	6000000074703142192
Q45396713	6000000074703322162
Q45396715	6000000074703700851
Q45396721	6000000074703655860
Q45396724	6000000074703695851
Q45396726	6000000039155894850
Q45396728	6000000074755765225
Q45396731	6000000074756127822
Q45396736	6000000074755801120
Q45396740	6000000074755983893
Q45396742	6000000074755543263
Q45396747	6000000074756144831
Q45396750	6000000074756036888
Q45396752	6000000074756079841
Q45396756	6000000074755889943
Q45396756	6000000075428694831
Q45396758	6000000046933936845
Q45396760	6000000074756120845
Q45396764	6000000074756069862
Q45396767	6000000074755850060
Q45396770	6000000074726120054
Q45396773	6000000074703532991
Q45396777	6000000074756131865
Q45396781	6000000074727576896
Q45396784	6000000074727629873
Q45396787	6000000074727203213
Q45396793	6000000074727047420
Q45396796	6000000074756087906
Q453968	6000000041107050793
Q45396800	6000000074756087911
Q45396804	6000000074756109856
Q45396806	6000000074755063628
Q45396810	6000000074755906118
Q45396814	6000000074755932028
Q45396816	6000000074725123714
Q45396819	6000000074755838121
Q45396824	6000000074756829894
Q45396828	6000000074756848896
Q45396831	6000000074756957939
Q45396836	6000000074757138822
Q45396837	6000000074757075851
Q45396842	6000000074757036889
Q45396845	6000000074757086890
Q45396848	6000000074756724869
Q45396851	6000000074756976866
Q45396853	6000000074757119856
Q45396855	6000000074756927921
Q45396858	6000000074757193822
Q45396862	6000000074757125838
Q45396863	6000000074757104858
Q45396865	6000000074756779946
Q45396868	6000000074756899928
Q45396870	6000000074757143853
Q45396872	6000000074688069389
Q45396877	6000000074756764962
Q45396880	6000000074757061880
Q45396883	6000000074756853943
Q45396884	6000000074757209822
Q45396891	6000000074756782952
Q45396896	6000000074757007883
Q45396898	6000000074757194837
Q45396903	6000000074756994905
Q45396905	6000000074757033938
Q45396910	6000000074756858977
Q45396914	6000000074756800957
Q45396917	6000000074757204839
Q45396920	6000000074715572111
Q45396924	6000000074756976887
Q45396929	6000000074757137876
Q45396931	6000000074756815005
Q45396935	6000000074757120888
Q45396938	6000000074715456959
Q45396942	6000000074703751829
Q45396945	6000000074703609932
Q45396947	6000000074703547973
Q45396949	6000000074703562006
Q45396950	6000000074702812650
Q45396953	6000000074757222822
Q45396955	6000000074757165842
Q45396958	6000000074757128847
Q45396961	6000000074756916993
Q45396966	6000000074756813932
Q45396968	6000000074757226821
Q45396971	6000000074757087900
Q45396974	6000000074757165850
Q45396977	6000000074756822966
Q45396980	6000000074756947972
Q45396982	6000000074756880964
Q45396987	6000000074756821933
Q45396990	6000000074757165857
Q45396993	6000000074757227834
Q45396996	6000000074756997017
Q45397000	6000000074703816960
Q45397004	6000000074703814042
Q45397008	6000000074703753970
Q45397011	6000000074757214848
Q45397014	6000000074703609097
Q45397016	6000000074756848017
Q45397022	6000000074757192037
Q45397026	6000000074703754866
Q45397029	6000000074703760848
Q45397030	6000000074756882060
Q45397033	6000000074715855866
Q45397038	6000000074715589952
Q45397042	6000000074756914025
Q45397045	6000000074757332871
Q45397048	6000000074757227989
Q45397051	6000000074756784086
Q45397052	6000000074756954094
Q45397056	6000000074757363877
Q45397057	6000000074757330918
Q45397068	6000000074757423821
Q45397071	6000000074757265915
Q45397072	6000000075691433005
Q45397076	6000000074727205541
Q45397077	6000000074746948023
Q45397083	6000000074746844107
Q45397088	6000000074747214834
Q45397090	6000000074719032971
Q45397093	6000000074719136922
Q45397097	6000000074719136927
Q45397101	6000000074757321916
Q45397104	6000000074757378844
Q45397107	6000000074757406827
Q45397111	6000000074757276943
Q45397114	6000000074757353901
Q45397118	6000000074757049040
Q45397124	6000000074757311948
Q45397128	6000000074757423834
Q45397130	6000000074728019842
Q45397133	6000000074726931657
Q45397141	6000000074705389883
Q45397145	6000000074757442822
Q45397147	6000000074757273917
Q45397150	6000000074757077114
Q45397151	6000000074757315935
Q45397153	6000000074757260926
Q45397156	6000000074757397855
Q45397159	6000000074757273933
Q45397164	6000000074757230009
Q45397167	6000000074756801197
Q45397172	6000000074757245944
Q45397176	6000000074757265932
Q45397181	6000000074757083047
Q45397183	6000000074757311975
Q45397191	6000000074757407830
Q45397194	6000000074757466836
Q45397198	6000000074756765207
Q453972	6000000010798863058
Q45397201	6000000074756801202
Q45397204	6000000074756842114
Q45397206	6000000074756828097
Q45397208	6000000074757218082
Q45397211	6000000074757443841
Q45397213	6000000074757477826
Q45397218	6000000074757452831
Q45397220	6000000074757314921
Q45397225	6000000074757134014
Q45397227	6000000074736403880
Q45397230	6000000074735282226
Q45397233	6000000074736320875
Q45397236	6000000074757256959
Q45397239	6000000074757390875
Q45397241	6000000074757331924
Q45397246	6000000074735707035
Q45397252	6000000074757250973
Q45397254	6000000074757327945
Q45397259	6000000074757451869
Q45397263	6000000074757259007
Q45397267	6000000074757461839
Q45397279	6000000074757454867
Q45397281	6000000074709896850
Q45397284	6000000074709762859
Q45397286	6000000074709392007
Q45397288	6000000074709899834
Q45397290	6000000074709774902
Q45397293	6000000074709764842
Q45397295	6000000074709224165
Q45397297	6000000074757469843
Q45397300	6000000074757460835
Q45397304	6000000074756854137
Q45397307	6000000074757513832
Q45397310	6000000074757067075
Q45397313	6000000074757376848
Q45397315	6000000074709897833
Q45397316	6000000074757281009
Q45397317	6000000074698914923
Q45397319	6000000074735962909
Q45397321	6000000074757294969
Q45397324	6000000074756126831
Q45397327	6000000074756057879
Q45397332	6000000074757339915
Q45397337	6000000074735230169
Q45397340	6000000074736160826
Q45397342	6000000074725303137
Q45397344	6000000039253585097
Q45397348	6000000039253444192
Q45397352	6000000039253531175
Q45397354	6000000039253640835
Q45397357	6000000074757530823
Q45397362	6000000074757406867
Q45397368	6000000074757410890
Q45397372	6000000074757016085
Q45397377	6000000075061319007
Q45397382	6000000075061819839
Q45397385	6000000075061545932
Q45397388	6000000075061767841
Q45397392	6000000075061791837
Q45397394	6000000075061649846
Q45397397	6000000074757314052
Q45397401	6000000074725549850
Q45397404	6000000074725169272
Q45397407	6000000074725568829
Q45397409	6000000074703908873
Q45397412	6000000074757151134
Q45397415	6000000074757229105
Q45397416	6000000074757577839
Q45397418	6000000074757223080
Q45397421	6000000074757647822
Q45397422	6000000074757651824
Q45397426	6000000074757465968
Q45397430	6000000074757585913
Q45397432	6000000074757672822
Q45397433	6000000074757012304
Q45397437	6000000074757361945
Q45397439	6000000074757016148
Q45397443	6000000074757559902
Q45397448	6000000074757049218
Q45397450	6000000074757016155
Q45397453	6000000074757261046
Q45397458	6000000074757230322
Q45397462	6000000074757514020
Q45397463	6000000074757701863
Q45397466	6000000075325206867
Q45397469	6000000075324308453
Q45397472	6000000074757567056
Q45397475	6000000074757878840
Q45397478	6000000074757630977
Q45397482	6000000074757773921
Q45397486	6000000074757811883
Q45397490	6000000074757226359
Q45397495	6000000038072693980
Q45397497	6000000074688420058
Q45397498	6000000074783238202
Q45397500	6000000074783650906
Q45397505	6000000074783627925
Q45397508	6000000074783611890
Q45397512	6000000074782730477
Q45397515	6000000074783730847
Q45397518	6000000074782883392
Q45397521	6000000074783736839
Q45397524	6000000074783311022
Q45397526	6000000074783728833
Q45397528	6000000074704809876
Q45397533	6000000074704780873
Q45397536	6000000074758004822
Q45397540	6000000074707950908
Q45397543	6000000074757669009
Q45397545	6000000074757873869
Q45397548	6000000074757828907
Q45397553	6000000074757994835
Q45397558	6000000074757952857
Q45397560	6000000074758001834
Q45397564	6000000074733459850
Q45397567	6000000074685295062
Q45397571	6000000074757873883
Q45397575	6000000074756805546
Q45397578	6000000074757315405
Q45397581	6000000074758001846
Q45397585	6000000074718439052
Q45397588	6000000074718781966
Q45397609	6000000074757856970
Q45397616	6000000074757743079
Q45397617	6000000074757676124
Q45397623	6000000074758108832
Q45397626	6000000074757663155
Q45397627	6000000074757771031
Q45397630	6000000074757977942
Q45397632	6000000074758537823
Q45397634	6000000074758082880
Q45397644	6000000074715968878
Q45397647	6000000037721973586
Q45397652	6000000074703750882
Q45397657	6000000074703562945
Q45397661	6000000037722314086
Q45397671	6000000074758187821
Q45397674	6000000074758050908
Q45397681	6000000074703810837
Q45397683	6000000074758082912
Q45397685	6000000074758097906
Q45397690	6000000074757829067
Q45397692	6000000074758121944
Q45397697	6000000074757313154
Q45397700	6000000074703104457
Q45397705	6000000075325065028
Q45397708	6000000075324242658
Q45397710	6000000074757777137
Q45397713	6000000074757823117
Q45397716	6000000074757899994
Q45397726	6000000074758145883
Q45397731	6000000074758015902
Q45397734	6000000074758123893
Q45397738	6000000074757892034
Q45397741	6000000074758202823
Q45397745	6000000074703974830
Q45397746	6000000039010182360
Q45397750	6000000074757951937
Q45397756	6000000074758031952
Q45397762	6000000074758188823
Q45397765	6000000074730552823
Q45397767	6000000074730429904
Q45397768	6000000074730442961
Q45397772	6000000074758012976
Q45397774	6000000074758025970
Q45397779	6000000074703811887
Q45397781	6000000074703123485
Q45397784	6000000074757685239
Q45397787	6000000074758034980
Q45397790	6000000074758175872
Q45397792	6000000074758180857
Q45397797	6000000074757663256
Q45397799	6000000074758159868
Q45397800	6000000074757707097
Q45397804	6000000074733440185
Q45397807	6000000074734233901
Q45397812	6000000074758173876
Q45397815	6000000074758049007
Q45397815	6000000075324885166
Q45397818	6000000074758165880
Q45397822	6000000074757491334
Q45397825	6000000074757927057
Q45397833	6000000074757953029
Q45397835	6000000074757549233
Q45397839	6000000074757746243
Q45397845	6000000074725280178
Q45397851	6000000074718595033
Q45397853	6000000074718716966
Q45397857	6000000074718747920
Q45397860	6000000074718774971
Q45397862	6000000074702763370
Q45397865	6000000074717730910
Q45397868	6000000074717744866
Q45397871	6000000074703761000
Q45397875	6000000074703662152
Q45397877	6000000074703804987
Q45397881	6000000074703604107
Q45397883	6000000074703956871
Q45397885	6000000074703704050
Q45397890	6000000074703716037
Q45397893	6000000074703514125
Q45397898	6000000074702936584
Q45397904	6000000074564690893
Q45397908	6000000074564722882
Q45397913	6000000074564788873
Q45397915	6000000074564825888
Q45397919	6000000074564555967
Q45397923	6000000074757837113
Q45397924	6000000074564453955
Q45397927	6000000074758161910
Q45397928	6000000074564794875
Q45397932	6000000074757657229
Q45397935	6000000074756887589
Q45397964	6000000074757491346
Q45397969	6000000074757637287
Q45397973	6000000074562038847
Q45397976	6000000074562079877
Q45397981	6000000074561901934
Q45397984	6000000074758055942
Q45397986	6000000046903147073
Q45397988	6000000074703169374
Q45397991	6000000038176870198
Q45397993	6000000074757714243
Q45397997	6000000074703797836
Q45398003	6000000074758176858
Q45398009	6000000074758235862
Q45398014	6000000074757817121
Q45398018	6000000074757689189
Q45398022	6000000074368062236
Q45398026	6000000074757771115
Q45398029	6000000074703944852
Q45398032	6000000074758029018
Q45398035	6000000074758191869
Q45398037	6000000075325107983
Q45398038	6000000074731192132
Q45398040	6000000074726286913
Q45398042	6000000074726218925
Q45398047	6000000074725971190
Q45398051	6000000074725997219
Q45398054	6000000074725583604
Q45398058	6000000074758257834
Q45398060	6000000074757036491
Q45398063	6000000074703517196
Q45398065	6000000074703841958
Q45398067	6000000074703905952
Q45398071	6000000074703589126
Q45398073	6000000074703715157
Q453983	6000000028814288341
Q45398303	6000000074758211878
Q45398307	6000000074758101933
Q45398314	6000000074757890105
Q45398321	6000000074757966125
Q45398328	6000000074703736095
Q45398335	6000000074704028852
Q45398341	6000000074703923971
Q45398345	6000000074703771096
Q45398352	6000000074703895000
Q45398356	6000000074703527338
Q45398361	6000000074758046967
Q45398368	6000000074757768186
Q45398374	6000000074703855954
Q45398379	6000000074758184927
Q45398384	6000000074757833083
Q45398389	6000000074758038996
Q45398395	6000000074758161945
Q45398401	6000000074703694142
Q45398406	6000000074703849892
Q45398411	6000000074703912893
Q45398420	6000000074687259084
Q45398426	6000000074687665834
Q45398436	6000000074703596005
Q45398440	6000000074757714272
Q45398445	6000000074704139074
Q45398451	6000000074703715465
Q45398458	6000000074757274503
Q45398464	6000000074757160906
Q45398471	6000000074757227839
Q45398476	6000000074757140958
Q45398480	6000000074756891024
Q45398486	6000000074757002968
Q45398492	6000000074756851919
Q45398494	6000000074757923051
Q45398498	6000000074757171872
Q45398503	6000000074756989029
Q45398508	6000000074757149879
Q45398512	6000000074756811942
Q45398516	6000000074703519281
Q45398523	6000000074703889976
Q45398528	6000000074704029867
Q45398536	6000000074703956969
Q45398539	6000000074725587640
Q45398543	6000000051922051203
Q45398546	6000000074758079949
Q45398549	6000000074758110926
Q45398551	6000000074703779064
Q45398556	6000000074703802999
Q45398559	6000000074703591196
Q45398561	6000000074757782192
Q45398566	6000000074757786015
Q45398569	6000000074758124013
Q45398572	6000000074758220906
Q45398575	6000000074757776249
Q45398578	6000000074758094052
Q45398581	6000000074758178927
Q45398585	6000000074758094058
Q45398593	6000000074758313826
Q45398595	6000000074757685295
Q45398597	6000000074757901237
Q45398600	6000000074757663322
Q45398603	6000000074758149994
Q45398605	6000000074757945115
Q45398607	6000000074757815087
Q45398610	6000000074757578212
Q45398612	6000000074758114948
Q45398615	6000000074758323829
Q45398618	6000000074758193906
Q45398622	6000000074757578218
Q45398625	6000000074758322824
Q45398629	6000000074758209997
Q45398632	6000000074756923734
Q45398635	6000000074758049092
Q45398638	6000000074758251856
Q45398642	6000000074758178941
Q45398646	6000000074758061027
Q45398649	6000000074758263884
Q45398652	6000000074758165966
Q45398656	6000000074758332832
Q45398658	6000000074757972119
Q45398660	6000000074758358823
Q45398665	6000000074758275828
Q45398667	6000000074758122028
Q45398670	6000000074757637390
Q45398672	6000000074758122033
Q45398675	6000000074757357512
Q45398676	6000000074758220950
Q45398679	6000000074758097069
Q45398681	6000000074758191893
Q45398686	6000000074758068082
Q45398687	6000000074758330826
Q45398688	6000000074757972140
Q45398692	6000000074758517878
Q45398697	6000000074757815379
Q45398699	6000000074758406016
Q45398701	6000000074758406024
Q45398707	6000000074758392066
Q45398710	6000000074758260124
Q45398712	6000000074758423990
Q45398714	6000000074758531915
Q45398715	6000000074758336082
Q45398718	6000000074758668822
Q45398721	6000000074703944939
Q45398729	6000000074758468908
Q45398732	6000000074758564906
Q45398735	6000000074758624885
Q45398739	6000000074719078866
Q45398741	6000000074719150838
Q45398744	6000000074719156836
Q45398748	6000000074718999955
Q45398751	6000000074719163821
Q45398755	6000000074717925473
Q45398757	6000000074758637855
Q45398759	6000000074758685827
Q45398762	6000000074758236147
Q45398765	6000000074687699824
Q45398769	6000000074687389031
Q45398771	6000000074687461920
Q45398774	6000000074687625902
Q45398776	6000000074687725826
Q45398779	6000000074687208153
Q45398784	6000000074785350004
Q45398786	6000000075058757901
Q45398789	6000000075058725935
Q45398792	6000000074758412033
Q45398795	6000000074758632836
Q45398798	6000000074758324028
Q45398801	6000000074758516989
Q45398803	6000000074758523953
Q45398807	6000000074758631870
Q45398809	6000000074758039278
Q45398812	6000000074758215168
Q45398815	6000000074758676842
Q45398818	6000000074758633836
Q45398822	6000000074758323081
Q45398825	6000000074757923266
Q45398826	6000000074758648864
Q45398829	6000000074758517933
Q45398833	6000000074692452888
Q45398834	6000000074704162870
Q45398838	6000000074703232572
Q45398840	6000000074758552961
Q45398843	6000000074758498954
Q45398846	6000000074758329071
Q45398850	6000000074758620894
Q45398853	6000000074758579888
Q45398855	6000000074758552971
Q45398857	6000000074758639912
Q45398859	6000000074758471018
Q45398861	6000000074758396168
Q45398863	6000000074758604897
Q45398867	6000000074758623912
Q45398871	6000000074758702839
Q45398873	6000000074758362070
Q45398874	6000000074758443996
Q45398948	6000000074758652881
Q45398950	6000000074758127248
Q45398952	6000000074758763822
Q45398954	6000000074758603908
Q45398956	6000000074758573891
Q45398959	6000000074758658897
Q45398961	6000000074758504905
Q45398962	6000000074758557972
Q45398964	6000000074758603915
Q45398965	6000000074758593879
Q45398966	6000000074758753837
Q45398968	6000000074758608890
Q45398970	6000000074758514959
Q45398971	6000000074758027337
Q45398972	6000000074758194252
Q45398973	6000000074758586978
Q45398974	6000000074758775845
Q45398976	6000000074758525954
Q45398977	6000000074757851482
Q45398979	6000000074758602902
Q45398980	6000000074758744828
Q45398981	6000000074758773826
Q45398983	6000000074758039358
Q45398985	6000000074758324070
Q45398988	6000000074758775850
Q45398989	6000000074758795832
Q45398990	6000000074758710939
Q45398992	6000000074704141937
Q45398994	6000000074703762121
Q45398997	6000000074758660888
Q45398999	6000000074758604934
Q45399001	6000000074758627924
Q45399003	6000000074758594927
Q45399004	6000000074758588962
Q45399007	6000000074727864874
Q45399008	6000000074758721897
Q45399011	6000000074727600142
Q45399012	6000000074727797992
Q45399013	6000000074727976845
Q45399015	6000000074727065659
Q45399017	6000000074758650926
Q45399019	6000000074758761884
Q45399021	6000000074757809571
Q45399024	6000000074758698933
Q45399025	6000000074704209894
Q45399026	6000000074704193911
Q45399029	6000000074703251682
Q45399033	6000000074704008086
Q45399034	6000000074757815459
Q45399036	6000000074758538006
Q45399037	6000000074716274030
Q45399039	6000000074716857923
Q45399040	6000000074716935874
Q45399042	6000000074716336044
Q45399045	6000000074758154254
Q45399046	6000000074758690917
Q45399049	6000000074758407120
Q45399052	6000000074758701904
Q45399053	6000000074726025976
Q45399056	6000000074726012009
Q45399057	6000000074726095859
Q45399059	6000000074725867095
Q4539906	6000000015423287736
Q45399060	6000000074758127286
Q45399062	6000000074726125834
Q45399065	6000000074725668235
Q45399066	6000000074758814834
Q45399069	6000000074704085973
Q45399071	6000000074703990112
Q45399072	6000000074704286853
Q45399074	6000000074703730199
Q45399076	6000000074704203913
Q45399078	6000000074703715321
Q45399080	6000000074703928113
Q45399082	6000000074704307822
Q45399083	6000000074704258833
Q45399085	6000000074704130945
Q45399087	6000000074704243852
Q45399088	6000000074758751899
Q45399089	6000000074312556020
Q45399091	6000000074312319111
Q45399092	6000000074312820898
Q45399094	6000000074312692966
Q45399095	6000000074703225817
Q45399096	6000000074704214913
Q45399097	6000000074703967102
Q45399100	6000000074704167930
Q45399101	6000000074704363853
Q45399103	6000000074758588973
Q45399104	6000000074758623950
Q45399105	6000000074758232236
Q45399106	6000000074758627937
Q45399107	6000000074758436023
Q45399109	6000000074704384821
Q45399110	6000000074703914162
Q45399112	6000000074704386821
Q45399114	6000000074758254188
Q4539912	6000000193663261821
Q4539925	6000000018775953294
Q45400162	6000000074757901491
Q45400165	6000000074704051965
Q45400166	6000000074704174946
Q45400168	6000000074703503502
Q45400169	6000000074758410082
Q45400171	6000000074704174951
Q45400173	6000000074704260870
Q45400175	6000000074703918140
Q45400176	6000000074704280859
Q45400178	6000000074704176960
Q45400179	6000000074703467481
Q45400181	6000000074704147947
Q45400184	6000000074758844831
Q45400185	6000000074758793862
Q45400186	6000000074758688969
Q45400188	6000000074758492118
Q45400191	6000000074716808994
Q45400194	6000000074716949869
Q45400196	6000000074717011825
Q45400200	6000000074716756048
Q45400203	6000000074758562999
Q45400204	6000000074758362140
Q45400207	6000000074704236959
Q45400208	6000000074704475822
Q45400210	6000000074703898251
Q45400213	6000000074716190044
Q45400215	6000000074716326065
Q45400217	6000000074717016934
Q45400223	6000000074716990838
Q45400225	6000000074717021842
Q45400226	6000000074716732070
Q45400229	6000000074716841987
Q45400231	6000000074716790976
Q45400233	6000000074758526952
Q45400235	6000000074709909843
Q45400237	6000000074725144323
Q45400240	6000000074757901504
Q45400242	6000000074758558026
Q45400243	6000000074758633978
Q45400245	6000000074758829851
Q45400247	6000000074758558031
Q45400250	6000000074758627959
Q45400252	6000000074758602971
Q45400256	6000000074758553096
Q45400257	6000000074704283965
Q45400259	6000000074758816867
Q45400260	6000000074757884467
Q45400262	6000000074758870837
Q45400263	6000000074758711903
Q45400265	6000000074758574969
Q45400267	6000000074757901527
Q45400272	6000000074758812876
Q45400273	6000000074688145832
Q45400276	6000000074688013892
Q45400278	6000000074687371146
Q45400279	6000000074688108846
Q45400282	6000000074704492877
Q45400285	6000000074758682918
Q45400287	6000000074758462083
Q45400292	6000000074758718017
Q45400294	6000000074758760916
Q45400297	6000000074704592870
Q45400299	6000000074704655822
Q45400301	6000000074704651835
Q45400303	6000000074704553905
Q45400305	6000000074758563077
Q45400307	6000000074758180407
Q45400308	6000000074758860868
Q45400311	6000000074758796870
Q45400312	6000000074758888835
Q45400313	6000000074758573037
Q45400316	6000000074757945553
Q45400318	6000000074758882846
Q45400322	6000000074758699019
Q45400325	6000000074758223302
Q45400327	6000000074704141272
Q45400328	6000000074704702881
Q45400333	6000000074758223307
Q45400334	6000000074758864888
Q45400336	6000000074758908823
Q45400338	6000000074758632951
Q45400339	6000000074758455173
Q45400344	6000000074758389125
Q45400348	6000000074758740927
Q45400350	6000000074717211982
Q45400386	6000000074758793911
Q45400389	6000000074758843933
Q45400393	6000000074758729965
Q45400394	6000000074704381082
Q45400396	6000000074704756846
Q45400397	6000000074704521048
Q45400399	6000000074704835826
Q45400400	6000000074704734902
Q45400402	6000000074758668979
Q45400404	6000000074758615062
Q45400405	6000000074758917822
Q45400408	6000000074758902837
Q45400410	6000000074757782582
Q45400411	6000000074758888881
Q45400412	6000000074758742984
Q45400413	6000000074758742989
Q45400416	6000000074758094475
Q45400418	6000000074758119181
Q45400420	6000000074758166350
Q45400422	6000000074758634992
Q45400424	6000000074758729991
Q45400427	6000000074758924839
Q45400430	6000000074758456116
Q45400432	6000000074758833922
Q45400434	6000000074758902848
Q45400436	6000000074758918838
Q45400439	6000000074758950839
Q45400440	6000000074758380127
Q45400442	6000000074758605010
Q45400445	6000000074758865892
Q45400448	6000000074758410120
Q45400451	6000000074758957837
Q45400453	6000000074758899906
Q45400455	6000000074758701030
Q45400456	6000000074758587091
Q45400458	6000000074758618941
Q45400460	6000000074758671037
Q45400462	6000000074758537089
Q45400463	6000000074758964822
Q45400466	6000000074758819911
Q45400467	6000000074757884518
Q45400468	6000000074758409176
Q45400471	6000000074758853947
Q45400473	6000000074758980823
Q45400475	6000000074757925615
Q45400478	6000000074758365321
Q45400480	6000000074758645004
Q45400482	6000000074758587108
Q45400489	6000000074758372332
Q45400491	6000000074758849956
Q45400493	6000000074758666054
Q45400495	6000000074758943879
Q45400496	6000000074758984850
Q45400499	6000000074758933903
Q45400500	6000000074725521878
Q45400503	6000000074725555884
Q45400505	6000000074725163385
Q45400507	6000000074758928870
Q45400508	6000000074758967877
Q45400510	6000000074758578170
Q45400511	6000000074758776079
Q45400513	6000000074758932908
Q45400515	6000000074758487155
Q45400517	6000000074759010834
Q45400519	6000000074758943884
Q45400521	6000000074758881929
Q45400523	6000000074758800967
Q45400525	6000000074758619005
Q45400527	6000000074758490299
Q45400528	6000000074758119253
Q45400530	6000000074758920903
Q45400532	6000000074725591822
Q45400533	6000000074758865934
Q45400535	6000000074758701062
Q45400536	6000000074758634094
Q45400537	6000000074759038822
Q45400538	6000000074759016834
Q45400540	6000000074758861952
Q45400542	6000000074759006849
Q45400543	6000000074758919904
Q45400544	6000000074758935889
Q45400545	6000000074759014852
Q45400547	6000000074758940884
Q45400548	6000000074758653080
Q45400549	6000000074758590091
Q45400550	6000000074758770018
Q45400552	6000000074757925677
Q45400553	6000000074758851902
Q45400556	6000000074758970891
Q45400557	6000000074758801980
Q45400559	6000000074758921886
Q45400560	6000000074758992859
Q45400562	6000000074757683791
Q45400564	6000000074758854010
Q45400566	6000000074758635131
Q45400569	6000000074758410141
Q45401041	6000000074759025859
Q45401042	6000000074758323305
Q45401043	6000000074758961879
Q45401047	6000000038238181293
Q45401050	6000000074704524060
Q45401051	6000000074758796972
Q45401053	6000000074703914548
Q45401054	6000000074758648088
Q45401057	6000000074704140206
Q45401058	6000000074704603877
Q45401060	6000000074704621845
Q45401065	6000000074716334169
Q45401067	6000000074703637279
Q45401068	6000000074703803077
Q45401069	6000000074704520933
Q45401071	6000000074704470913
Q45401073	6000000074704012278
Q45401075	6000000074704280043
Q45401076	6000000074759062822
Q45401079	6000000074757851664
Q45401081	6000000074759004865
Q45401083	6000000074727221049
Q45401085	6000000074704518933
Q45401087	6000000074704882832
Q45401096	6000000074758998858
Q45401098	6000000074704899845
Q45401100	6000000074704650984
Q45401102	6000000074704862869
Q45401103	6000000074704541114
Q45401105	6000000074704762930
Q45401106	6000000074704915846
Q45401108	6000000074704288243
Q45401109	6000000074704646031
Q45401112	6000000074758914956
Q45401114	6000000074704818084
Q45401115	6000000074758730112
Q45401117	6000000074758754046
Q45401121	6000000074709652039
Q45401122	6000000074709944822
Q45401123	6000000074709251101
Q45401125	6000000074725788916
Q45401126	6000000074725824905
Q45401128	6000000074725843879
Q45401129	6000000074704561049
Q45401130	6000000074758166422
Q45401133	6000000074704888882
Q45401135	6000000074704541165
Q45401137	6000000074758797977
Q45401140	6000000074758592213
Q45401141	6000000074758951935
Q45401142	6000000074759073847
Q45401144	6000000074757683815
Q45401145	6000000074758704094
Q45401146	6000000074758998869
Q45401148	6000000074758621119
Q45401149	6000000074758776123
Q45401150	6000000074758987888
Q45401151	6000000074758604139
Q45401152	6000000074758761091
Q45401153	6000000074759095822
Q45401155	6000000074758998864
Q45401157	6000000074759037858
Q45401158	6000000074758683133
Q45401160	6000000074758854050
Q45401162	6000000074759072845
Q45401163	6000000074759109831
Q45401165	6000000074758166445
Q45401166	6000000074758933959
Q45401169	6000000074758969913
Q45401170	6000000074758180504
Q45401171	6000000074758651120
Q45401173	6000000074759010903
Q45401175	6000000074758723088
Q45401177	6000000074759061846
Q45401179	6000000074758934938
Q45401180	6000000074758749005
Q45401182	6000000074758870054
Q45401183	6000000074758801049
Q45401184	6000000074758950923
Q45401185	6000000074759017897
Q45401188	6000000074759060881
Q45401189	6000000074758969931
Q45401192	6000000074758160392
Q45401193	6000000074758998890
Q45401196	6000000074758679195
Q45401199	6000000074758311290
Q45401200	6000000074758671148
Q45401202	6000000074759072852
Q45401204	6000000074759040909
Q45401207	6000000074758834068
Q45401210	6000000074705740912
Q45401212	6000000074705250246
Q454013	6000000005393571042
Q45401463	6000000074758987923
Q45401465	6000000074705611093
Q45401467	6000000074705874840
Q45401469	6000000074705824861
Q45401470	6000000074705498119
Q45401471	6000000074705269175
Q45401476	6000000074758375356
Q45401479	6000000074758745054
Q45401481	6000000074759040866
Q45401482	6000000074758790128
Q45401487	6000000074758866019
Q45401488	6000000074758267334
Q45401491	6000000074759046863
Q45401492	6000000074759067869
Q45401496	6000000074759152828
Q45401499	6000000074757901742
Q45401500	6000000074758841978
Q45401503	6000000074758918970
Q45401507	6000000074758832055
Q45401509	6000000074759018904
Q45401511	6000000074758794062
Q45401513	6000000074759112866
Q45401516	6000000074759160823
Q45401518	6000000074758267350
Q45401520	6000000074758673081
Q45401522	6000000074758467338
Q45401524	6000000074758990980
Q45401526	6000000074758912944
Q45401527	6000000074759115842
Q45401529	6000000074758447304
Q45401532	6000000074758442315
Q45401534	6000000074758659131
Q45401537	6000000074758166476
Q45401539	6000000074759178822
Q45401540	6000000074759174826
Q45401543	6000000074758657139
Q45401545	6000000074759103880
Q45401547	6000000074758865039
Q45401549	6000000074759158856
Q45401550	6000000074705202115
Q45401553	6000000074705351894
Q45401556	6000000074705463858
Q45401558	6000000074712046986
Q45401560	6000000074759145858
Q45401562	6000000048570845917
Q45401564	6000000074704750341
Q45401566	6000000074705166146
Q45401567	6000000074758975004
Q45401568	6000000074759184821
Q45401571	6000000074756963557
Q45401573	6000000074759121838
Q45401575	6000000074759170844
Q45401577	6000000074757945771
Q45401579	6000000039010910066
Q45401580	6000000039010141776
Q45401581	6000000074759111903
Q45401584	6000000074759172842
Q45401587	6000000074759001924
Q45401589	6000000074759024957
Q45401592	6000000074710564054
Q45401594	6000000074759140867
Q45401596	6000000074757901781
Q45401599	6000000074758699163
Q45401601	6000000074705051866
Q45401602	6000000074703813619
Q45401609	6000000074758790223
Q45401611	6000000074759166855
Q45401613	6000000074758723121
Q45401615	6000000074759074887
Q45401616	6000000074701504864
Q45401617	6000000074705097064
Q45401618	6000000074704871095
Q45401622	6000000074704646185
Q45401624	6000000074705095834
Q45401626	6000000074705096885
Q45401627	6000000074705038949
Q45401628	6000000074704747153
Q45401628	6000000074704847006
Q45401631	6000000074705144833
Q45401632	6000000074705092834
Q45401634	6000000074704849038
Q45401635	6000000074704961938
Q45401636	6000000074704923945
Q45401637	6000000074705043894
Q45401638	6000000074686342253
Q45401641	6000000074759060943
Q45401642	6000000074704770046
Q45401644	6000000074705093883
Q45401645	6000000074704006470
Q45401648	6000000074705117847
Q45401650	6000000074705121853
Q45401652	6000000074759007968
Q45401653	6000000074704908974
Q45401655	6000000074759182849
Q45401659	6000000074758987994
Q45401661	6000000074759077915
Q45401664	6000000074759159864
Q45401667	6000000074758579331
Q45401668	6000000074759105928
Q45401669	6000000074759185841
Q45401671	6000000074331926831
Q45401672	6000000074331298467
Q45401674	6000000074759122878
Q45401676	6000000074745523185
Q45401677	6000000074717334876
Q45401680	6000000074716207425
Q45401681	6000000074705238845
Q45401684	6000000039151676419
Q45401685	6000000074705323845
Q45401687	6000000074726141842
Q45401688	6000000074725457563
Q45401689	6000000074726053930
Q45401692	6000000074725258626
Q45401694	6000000074725992033
Q45401697	6000000074725969993
Q45401698	6000000074758994990
Q45401699	6000000074758964963
Q45401702	6000000074759224825
Q45401703	6000000074759060971
Q45401706	6000000074757978729
Q45401708	6000000074759122894
Q45401710	6000000074759012996
Q45401712	6000000074758080442
Q45401714	6000000074758863054
Q45401716	6000000074758743222
Q45401717	6000000074758895022
Q45401718	6000000074759202873
Q45401721	6000000074759063917
Q45401722	6000000074758988019
Q45401726	6000000074758788268
Q45401727	6000000074759008025
Q45401729	6000000074759152866
Q45401741	6000000074758659208
Q45401747	6000000074759141924
Q45401748	6000000074705193943
Q45401749	6000000074705107968
Q45401751	6000000074759013009
Q45401752	6000000074758858139
Q45401753	6000000074726425831
Q45401756	6000000049584182013
Q45401757	6000000074705131963
Q45401760	6000000074705150979
Q45401763	6000000074705031041
Q45401766	6000000074705289851
Q45401767	6000000049584713930
Q45401769	6000000074717821874
Q45401771	6000000074717889828
Q45401773	6000000074717545924
Q45401774	6000000074717723973
Q45401777	6000000074717838858
Q45401778	6000000074717792945
Q45401780	6000000074758194562
Q45401782	6000000074704822118
Q45401785	6000000074705070982
Q45401786	6000000074705097059
Q45401788	6000000074704837147
Q45401789	6000000074704091675
Q45401791	6000000074705290859
Q45401794	6000000074705116062
Q45401796	6000000074705021080
Q45401798	6000000074705331921
Q45401799	6000000074704541428
Q45401800	6000000074759041018
Q45401803	6000000074737587858
Q45401805	6000000074737321921
Q45401806	6000000074759062916
Q45401807	6000000074758685221
Q45401809	6000000074758609332
Q45401812	6000000074759198875
Q45401813	6000000074758998041
Q45401815	6000000074705296886
Q45401817	6000000074705357837
Q45401818	6000000074705277867
Q45401821	6000000074758635253
Q45401823	6000000074759171924
Q45401824	6000000074726273897
Q45401826	6000000074726386852
Q45401828	6000000074758389408
Q45401831	6000000074758762151
Q45401832	6000000074758679240
Q45401833	6000000074758940080
Q45401834	6000000074759079039
Q45401836	6000000074758462439
Q45401837	6000000074759199914
Q45401839	6000000074759063946
Q45401840	6000000074759143916
Q45401842	6000000074759192938
Q45401843	6000000074759049996
Q45401847	6000000074758870154
Q45401850	6000000074758932150
Q45401851	6000000074759174898
Q45401853	6000000074759278822
Q45401854	6000000074758866108
Q45401856	6000000074758932168
Q45401858	6000000074759127931
Q45401859	6000000074758898124
Q45401861	6000000074759200906
Q45401863	6000000074759172882
Q45401864	6000000074758999016
Q45401869	6000000074758802159
Q45401871	6000000074758267424
Q45401872	6000000074759027983
Q45401874	6000000074758870159
Q45401875	6000000074758921077
Q45401877	6000000074758921082
Q45401878	6000000074759076000
Q45401880	6000000074759121905
Q45401886	6000000074758895058
Q45401887	6000000074759164929
Q45401888	6000000074705344840
Q45401890	6000000074759240847
Q45401892	6000000074705171020
Q45401894	6000000074704887184
Q45401896	6000000074759036038
Q45401897	6000000056099534999
Q45401899	6000000074758323440
Q45401901	6000000074759048980
Q45401903	6000000074725357074
Q45401905	6000000074725046412
Q45401906	6000000074725136398
Q45401907	6000000074725427990
Q45401910	6000000074725082262
Q45401912	6000000074724775269
Q45401914	6000000074725134395
Q45401916	6000000074725047376
Q45401917	6000000074759067072
Q45401920	6000000074759185956
Q45401923	6000000074759301827
Q45401925	6000000074758194615
Q45401927	6000000074759242915
Q45401929	6000000074758989112
Q45401932	6000000074704619481
Q45401933	6000000074705265926
Q45401935	6000000074759116001
Q45401937	6000000074758311433
Q45401939	6000000074758702268
Q45401941	6000000074759086020
Q45401945	6000000074759293847
Q45401947	6000000074717309950
Q45401950	6000000074717280966
Q45401951	6000000074717331956
Q45401953	6000000074687607020
Q45401954	6000000074686925462
Q45401956	6000000074687876849
Q45401957	6000000074687903850
Q45401959	6000000074759086026
Q45401961	6000000074687908878
Q45401962	6000000075325369837
Q45401965	6000000075325081118
Q45401967	6000000074687052492
Q45401969	6000000074759248903
Q45401971	6000000074705325917
Q45401974	6000000074759211848
Q45401976	6000000074705314003
Q45401977	6000000074705454871
Q45401979	6000000074705219076
Q45401981	6000000074704771240
Q45401984	6000000074705219081
Q45401986	6000000074758768210
Q45401988	6000000074759286855
Q45401990	6000000074759045007
Q45401993	6000000074717562451
Q45401994	6000000074705223159
Q45401997	6000000074705378002
Q45401998	6000000074705466979
Q45402000	6000000074757978807
Q45402003	6000000074758935085
Q45402004	6000000074709952827
Q45402005	6000000074708906635
Q45402007	6000000074705572907
Q45402015	6000000074726436834
Q45402016	6000000074725483815
Q45402018	6000000074726220056
Q45402021	6000000074717470838
Q45402023	6000000074717243005
Q45402025	6000000074717370889
Q45402026	6000000074717373882
Q45402027	6000000074717014115
Q45402028	6000000074716983153
Q45402030	6000000074717472823
Q45402033	6000000074704816139
Q45402034	6000000074704816145
Q45402036	6000000074758027797
Q45402038	6000000074759275900
Q45402040	6000000074747085870
Q45402044	6000000074758991135
Q45402045	6000000074758935099
Q45402047	6000000074705030193
Q45402051	6000000074705024226
Q45402053	6000000074705237841
Q45402054	6000000074759303847
Q45402055	6000000074705228823
Q45402058	6000000074758380433
Q45402059	6000000074758981120
Q45402062	6000000074705046928
Q45402064	6000000074759274940
Q45402065	6000000074733871024
Q45402067	6000000074736281833
Q45402069	6000000074704759237
Q45402071	6000000074704681394
Q45402072	6000000074759078009
Q45402074	6000000074759076059
Q45402075	6000000074750922544
Q45402078	6000000074758722281
Q45402082	6000000074758960149
Q45402084	6000000074759201930
Q45402087	6000000074759333839
Q45402088	6000000074758798197
Q45402089	6000000039151501692
Q45402091	6000000039151866219
Q45402092	6000000074759149894
Q45402096	6000000074759277949
Q45402098	6000000074758629274
Q45402100	6000000074758717252
Q45402103	6000000074759008132
Q45402104	6000000074758223605
Q45402105	6000000074726410837
Q45402107	6000000074725341126
Q45402108	6000000074724949643
Q45402109	6000000074725402069
Q45402110	6000000074725042158
Q45402112	6000000074759334865
Q45402114	6000000074759049032
Q45402116	6000000074726147133
Q45402119	6000000074705546848
Q45402122	6000000074704818146
Q45402124	6000000074725924328
Q45402126	6000000039011027941
Q45402128	6000000074705116856
Q45402130	6000000074705536975
Q45402132	6000000074705688833
Q45402133	6000000074705622886
Q45402157	6000000074685231059
Q45402162	6000000074759390872
Q45402164	6000000074759387875
Q45402167	6000000074748690963
Q45402168	6000000074759152120
Q45402170	6000000074725548465
Q45402174	6000000075325069243
Q45402175	6000000075325324914
Q45402177	6000000075324416426
Q45402179	6000000075325163048
Q45402180	6000000074725567617
Q45402182	6000000074725457715
Q45402183	6000000074705258101
Q45402184	6000000074705495052
Q45402186	6000000074705463939
Q45402192	6000000074758942153
Q45402195	6000000074725988237
Q45402198	6000000038220750380
Q45402199	6000000074704951561
Q45402200	6000000074705693897
Q45402202	6000000074705493021
Q45402205	6000000074759426834
Q45402207	6000000074759428834
Q45402209	6000000074759273923
Q45402210	6000000074759398870
Q45402213	6000000074759424852
Q45402214	6000000074759211065
Q45402218	6000000074759214978
Q45402220	6000000074758937186
Q45402222	6000000074758375560
Q45402223	6000000074756963696
Q45402226	6000000074759419837
Q45402228	6000000074759415863
Q45402231	6000000074758898249
Q45402232	6000000074759036146
Q45402234	6000000074759178016
Q45402236	6000000074758704327
Q45402238	6000000074759406862
Q45402240	6000000074758651352
Q45402242	6000000074759377899
Q45402243	6000000074704909510
Q45402245	6000000037591408823
Q45402247	6000000074705636988
Q45402249	6000000074705652924
Q45402250	6000000074704534545
Q45402252	6000000074725420009
Q45402254	6000000074725180208
Q45402256	6000000074724762782
Q45402257	6000000074725553901
Q45402259	6000000074725116347
Q45402261	6000000074725591832
Q45402263	6000000074717375186
Q45402265	6000000074716122299
Q45402267	6000000074717959824
Q45402268	6000000074759396892
Q45402271	6000000074758267535
Q45402272	6000000074705314276
Q45402274	6000000074705861847
Q45402276	6000000074759082111
Q45402278	6000000038915762771
Q45402279	6000000038916260027
Q45402283	6000000038915882417
Q45402285	6000000038916297959
Q45402286	6000000074704803588
Q45402289	6000000038916382130
Q45402290	6000000074759284962
Q45402291	6000000074759360942
Q45402294	6000000074759362909
Q45402296	6000000074759391871
Q45402297	6000000074759261934
Q45402299	6000000074759067206
Q45402300	6000000074758267541
Q45402301	6000000038916548919
Q45402302	6000000074759388894
Q45402304	6000000043404632823
Q45402305	6000000074705135366
Q45402307	6000000074746303833
Q45402308	6000000074759360948
Q45402310	6000000074705684924
Q45402312	6000000074704922490
Q45402314	6000000074705526159
Q45402317	6000000074759304990
Q45402318	6000000074705458104
Q45402320	6000000074704944438
Q45402321	6000000074705839821
Q45402325	6000000074759439844
Q45402334	6000000074759008223
Q45402335	6000000074758841014
Q45402337	6000000074758944320
Q45402339	6000000074759013250
Q45402340	6000000074759379869
Q45402342	6000000074759489822
Q45402344	6000000074705648011
Q45402346	6000000074705756881
Q45402347	6000000074705698964
Q45402349	6000000074705744919
Q45402353	6000000074758565413
Q45402356	6000000074705031520
Q45402359	6000000074705497152
Q45402361	6000000074705832843
Q45402365	6000000074705458115
Q45402367	6000000074759350956
Q45402369	6000000074759523828
Q45402372	6000000074758455625
Q45402375	6000000074759498878
Q45402378	6000000074759480921
Q45402380	6000000074759543867
Q45402383	6000000074705835847
Q45402384	6000000074705604029
Q45402385	6000000074758649584
Q45402388	6000000074758989309
Q45402390	6000000074759547834
Q45402393	6000000074759128052
Q45402395	6000000074759074141
Q45402398	6000000074718256161
Q45402400	6000000074718775033
Q45402402	6000000074719003854
Q45402404	6000000074759203105
Q45402406	6000000074705356224
Q45402409	6000000074705600061
Q45402412	6000000074759356951
Q45402413	6000000074758717337
Q45402415	6000000074759392978
Q45402418	6000000074759175082
Q45402421	6000000074758685398
Q45402422	6000000074759436915
Q45402424	6000000074759564887
Q45402427	6000000074759304080
Q45402429	6000000074759284125
Q45402430	6000000074705837867
Q45402432	6000000074759285033
Q45402433	6000000074753806839
Q45402437	6000000074753803847
Q45402439	6000000074759602822
Q45402442	6000000074759312056
Q45402444	6000000074759432916
Q45402447	6000000074759257089
Q45402449	6000000074705088523
Q45402452	6000000074705504237
Q45402454	6000000074759028120
Q45402456	6000000074759416957
Q45402457	6000000074705614010
Q45402462	6000000074758375623
Q45402465	6000000074759449973
Q45402467	6000000046886795950
Q45402469	6000000074705624074
Q45402472	6000000074705858928
Q45402473	6000000074759386959
Q45402474	6000000074759438909
Q45402484	6000000074759558856
Q45402486	6000000074758704378
Q45402488	6000000074759143167
Q45402490	6000000074759393006
Q45402492	6000000074759424999
Q45402494	6000000074759842866
Q45402494	6000000074759873830
Q45402497	6000000074759525922
Q45402499	6000000074759659827
Q45402502	6000000074759530096
Q45402527	6000000074705692080
Q45402529	6000000074705822062
Q45402554	6000000075325065238
Q45402556	6000000075325494821
Q45402557	6000000075325218077
Q45402558	6000000075325381873
Q45402560	6000000074706009883
Q45402562	6000000074705818952
Q45402563	6000000074704710698
Q45402565	6000000074705472194
Q45402567	6000000074705465295
Q45402584	6000000074768540866
Q45402598	6000000074732650351
Q45402602	6000000075050868831
Q45402603	6000000075050959821
Q45402604	6000000075049751583
Q45402607	6000000039105320072
Q45402609	6000000039105221068
Q45402611	6000000039105224999
Q45402614	6000000074768515862
Q45402615	6000000051918662913
Q45402618	6000000074706013937
Q45402619	6000000074706046883
Q45402621	6000000074705481311
Q45402622	6000000074768491910
Q45402624	6000000074725127528
Q45402626	6000000074768571884
Q45402629	6000000074767939087
Q45402631	6000000074768245069
Q45402632	6000000074768514931
Q45402634	6000000074767969150
Q45402637	6000000074768339964
Q45402639	6000000074768178120
Q45402640	6000000074768339970
Q45402642	6000000074704922627
Q45402656	6000000074768053161
Q45402661	6000000074768531903
Q45402662	6000000074767863283
Q45402666	6000000074705007467
Q45402668	6000000074768344977
Q45402670	6000000074768426926
Q45402672	6000000074768055124
Q45402673	6000000074768051185
Q45402676	6000000074768540911
Q45402677	6000000074768336000
Q45402680	6000000074768225114
Q45402682	6000000074768433946
Q45402683	6000000074768145240
Q45402685	6000000074768459922
Q45402686	6000000074706053871
Q45402689	6000000074705962922
Q45402690	6000000074705338393
Q45402694	6000000074768182089
Q45402695	6000000074705166532
Q45402697	6000000074768346984
Q45402699	6000000074768442884
Q45402701	6000000074768598876
Q45402702	6000000074767390553
Q45402706	6000000075050707966
Q45402714	6000000075050958864
Q45402715	6000000075050959861
Q45402717	6000000039104865262
Q45402718	6000000074768353016
Q45402720	6000000074705931968
Q45402721	6000000074705818977
Q45402723	6000000074706136827
Q45402725	6000000074768542912
Q45402727	6000000074768628844
Q45402730	6000000074768576891
Q45402736	6000000074768319016
Q45402738	6000000074768335042
Q45402739	6000000074768471954
Q45402740	6000000074725975247
Q45402742	6000000074725892434
Q45402743	6000000074767957243
Q45402745	6000000074768601891
Q45402747	6000000074768620856
Q45402750	6000000074768679821
Q45402752	6000000074768013212
Q45402755	6000000074687767822
Q45402757	6000000074687604919
Q45402758	6000000074687238089
Q45402760	6000000074687773823
Q45402761	6000000074687603886
Q45402763	6000000074687423017
Q45402765	6000000074687493941
Q45402767	6000000074768372001
Q45402769	6000000074768296047
Q45402772	6000000074768435979
Q45402774	6000000074768576908
Q45402775	6000000074768290059
Q45402777	6000000074768638883
Q45402778	6000000074768430971
Q45402780	6000000074725241621
Q45402781	6000000074725582319
Q45402782	6000000074768220087
Q45402787	6000000074768348023
Q45402790	6000000074768441994
Q45402792	6000000074768256959
Q45402794	6000000074767219688
Q45402795	6000000074768571880
Q45402797	6000000074768178157
Q45402799	6000000074734885899
Q454028	6000000081320543278
Q45402800	6000000074734947844
Q45402801	6000000074734940877
Q45402802	6000000074734950837
Q45402803	6000000074735007821
Q45402806	6000000074768645876
Q45402807	6000000039104959095
Q45402809	6000000039105031916
Q45402812	6000000074728381858
Q45402813	6000000074768360053
Q45402815	6000000039105130932
Q45402817	6000000074768623873
Q45402818	6000000074768240094
Q45402821	6000000074768328127
Q45402823	6000000074768676863
Q45402825	6000000074768313023
Q45402827	6000000074757690200
Q45402830	6000000074768495964
Q45402831	6000000074768515970
Q45402834	6000000074768731829
Q45402836	6000000074768264126
Q45402838	6000000074768231093
Q45402840	6000000074768706849
Q45402841	6000000074768728848
Q45402843	6000000074768681853
Q45402845	6000000074768686859
Q45402847	6000000074768093153
Q45402848	6000000074768660871
Q45402851	6000000074768703841
Q45402853	6000000074768644892
Q45402854	6000000074706044849
Q45402856	6000000074717815981
Q45402857	6000000074706194889
Q45402859	6000000074768381091
Q45402861	6000000074768340031
Q45402862	6000000074768657827
Q45402865	6000000074768685823
Q45402867	6000000074768240076
Q45402870	6000000074768348007
Q45402872	6000000074768337027
Q45402874	6000000074768587954
Q45402875	6000000074768264132
Q45402877	6000000074767957264
Q45402879	6000000074767740365
Q45402883	6000000074705992020
Q45402884	6000000074705864057
Q45402886	6000000074687381076
Q45402888	6000000074687687897
Q45402891	6000000074768327081
Q45402892	6000000074768182169
Q45402894	6000000074768455993
Q45402897	6000000074768167061
Q45402899	6000000074767740376
Q454029	6000000148797786037
Q45402900	6000000074768495981
Q45402901	6000000074768108112
Q45402903	6000000074717278194
Q45402905	6000000074706266857
Q45402907	6000000074706211870
Q45402910	6000000074705701219
Q45402911	6000000074717763903
Q45402913	6000000074768629912
Q45402914	6000000074768604904
Q45402916	6000000074768591950
Q45402918	6000000074768260974
Q45402919	6000000074767543472
Q45402921	6000000074767848412
Q45402922	6000000074705791148
Q45402924	6000000074706250838
Q45402926	6000000074767490545
Q45402929	6000000074768499994
Q45402931	6000000074768645927
Q45402933	6000000074768757836
Q45402935	6000000074768194084
Q45402936	6000000074768250092
Q45402937	6000000074768449049
Q45402940	6000000074767932357
Q45402942	6000000074727237407
Q45402946	6000000074767669415
Q45402948	6000000074706312846
Q45402950	6000000074768470066
Q45402951	6000000074768516005
Q45402953	6000000074706036062
Q45402954	6000000074706167930
Q45402957	6000000074768795834
Q45402959	6000000074768598984
Q45402961	6000000074768772838
Q45402962	6000000074705461498
Q45402969	6000000074768728889
Q45402970	6000000074768747835
Q45402972	6000000074711508992
Q45402973	6000000074711506988
Q45402974	6000000074711309027
Q45402975	6000000074711651882
Q45402976	6000000074724980490
Q45402977	6000000074725080373
Q45402979	6000000074725483005
Q45402980	6000000074767429694
Q45402982	6000000074768500023
Q45402985	6000000074768792846
Q45402987	6000000074717148629
Q45402988	6000000074717905004
Q45402990	6000000074718182880
Q45402992	6000000074717989021
Q45402994	6000000074768220174
Q45402996	6000000074768311153
Q45402998	6000000074768515000
Q45402999	6000000074768347057
Q454030	6000000017135604908
Q45403001	6000000074768588049
Q45403004	6000000074726344914
Q45403005	6000000074768787871
Q45403008	6000000074767535550
Q45403009	6000000074768598991
Q45403011	6000000074767765387
Q45403013	6000000074768762851
Q45403014	6000000074768720876
Q45403017	6000000074768484027
Q45403020	6000000074768449053
Q45403021	6000000074768769896
Q45403022	6000000074768130139
Q45403026	6000000074768748877
Q45403027	6000000074350081822
Q45403030	6000000074349995894
Q45403031	6000000074346961583
Q45403034	6000000074348960101
Q45403036	6000000074350099846
Q45403038	6000000075418375882
Q45403039	6000000074349880887
Q45403041	6000000074768042228
Q45403042	6000000075417814893
Q45403043	6000000074698939831
Q45403045	6000000074698782939
Q45403048	6000000074698928847
Q45403049	6000000075050403866
Q45403050	6000000074768444023
Q45403053	6000000074725171933
Q45403055	6000000074717836857
Q45403056	6000000074717117387
Q45403059	6000000074717889843
Q45403060	6000000074717695950
Q45403062	6000000074717898835
Q45403065	6000000074707450208
Q45403066	6000000074707915821
Q45403069	6000000074747371039
Q45403070	6000000074747564872
Q45403073	6000000074747188127
Q45403075	6000000074747297054
Q45403077	6000000074768830848
Q45403081	6000000074768363069
Q45403082	6000000074768475132
Q45403083	6000000074768784886
Q45403085	6000000074745296965
Q45403086	6000000074768053287
Q45403087	6000000074767962393
Q45403088	6000000074768517987
Q45403092	6000000074768674936
Q45403094	6000000074768167087
Q45403095	6000000047503499926
Q45403097	6000000047503525938
Q45403101	6000000074768562068
Q45403102	6000000074768500059
Q45403103	6000000074768706892
Q45403104	6000000074768605980
Q45403106	6000000074768665926
Q45403108	6000000074768417158
Q45403111	6000000074768513033
Q45403112	6000000074768530011
Q45403113	6000000074768809866
Q45403114	6000000074768768920
Q45403117	6000000074768866828
Q45403118	6000000074768832877
Q45403120	6000000074768261001
Q45403130	6000000074767749126
Q45403132	6000000074707847925
Q45403134	6000000074707784954
Q45403135	6000000074768857859
Q45403137	6000000074768513050
Q45403139	6000000074768343067
Q45403141	6000000074767716501
Q45403143	6000000074768637985
Q45403146	6000000074725685466
Q45403149	6000000074725384736
Q45403150	6000000074726054983
Q45403152	6000000074768082032
Q45403155	6000000074725969030
Q45403157	6000000074768438150
Q45403159	6000000074768759840
Q45403160	6000000074768554077
Q45403162	6000000074768906822
Q45403164	6000000074767962429
Q45403165	6000000074768545054
Q45403166	6000000074746436874
Q45403167	6000000074768777946
Q45403170	6000000074767963322
Q45403171	6000000074768888836
Q45403173	6000000074768861831
Q45403174	6000000074768326311
Q45403176	6000000074767535612
Q45403178	6000000074725417080
Q45403180	6000000074725114401
Q45403182	6000000074725495991
Q45403183	6000000074768460060
Q45403186	6000000074768765920
Q45403187	6000000074768630943
Q45403188	6000000074768665987
Q45403189	6000000074768769986
Q45403190	6000000074767635364
Q45403192	6000000074768123280
Q45403195	6000000074767669516
Q45403196	6000000074768444062
Q45403199	6000000074768784961
Q45403200	6000000074768781926
Q45403201	6000000074725587735
Q45403203	6000000074726355862
Q45403204	6000000074768356345
Q45403206	6000000074768757993
Q45403207	6000000074768442099
Q45403209	6000000074768436109
Q45403211	6000000074768770008
Q45403213	6000000074768694952
Q45403216	6000000074768840872
Q45403218	6000000074767749154
Q45403220	6000000074768638019
Q45403221	6000000074767535656
Q45403223	6000000074768689014
Q45403227	6000000074767856460
Q45403228	6000000074768518050
Q45403230	6000000074709456980
Q45403232	6000000074717131404
Q45403234	6000000074717606022
Q45403235	6000000074717688979
Q45403237	6000000074768719003
Q45403240	6000000074725665831
Q45403243	6000000074725597885
Q45403244	6000000074725505078
Q45403246	6000000075325236118
Q45403249	6000000038177318153
Q45403251	6000000038177275319
Q45403252	6000000074726338894
Q45403254	6000000074768484109
Q45403255	6000000074768042344
Q45403257	6000000074768692962
Q45403259	6000000074768145486
Q45403261	6000000074726031188
Q45403263	6000000074726078175
Q45403268	6000000074725779460
Q45403269	6000000074725963249
Q45403271	6000000074767524620
Q45403272	6000000074768825954
Q45403274	6000000074768928854
Q45403277	6000000074768600006
Q45403279	6000000074700544273
Q45403281	6000000074701815061
Q45403284	6000000074768748961
Q45403286	6000000074768846912
Q45403288	6000000074768766946
Q45403290	6000000074768846916
Q45403292	6000000074768824958
Q45403294	6000000074768406106
Q45403295	6000000074768915876
Q45403299	6000000074768826906
Q45403300	6000000074768841901
Q45403302	6000000074768972823
Q45403305	6000000074768343093
Q45403308	6000000074768710973
Q45403309	6000000074768348216
Q45403311	6000000074768592077
Q45403312	6000000074767390798
Q45403315	6000000074768720983
Q45403318	6000000074768470214
Q45403319	6000000074768960834
Q45403322	6000000074768831908
Q45403324	6000000074768449176
Q45403327	6000000074768348226
Q45403328	6000000074768694040
Q45403330	6000000074768852874
Q45403331	6000000074768449180
Q45403333	6000000074768086244
Q45403335	6000000074768990824
Q45403337	6000000074768436129
Q45403338	6000000074768783956
Q45403339	6000000074768268206
Q45403340	6000000074768792018
Q45403341	6000000074768713966
Q45403343	6000000074768703071
Q45403345	6000000074768605120
Q45403346	6000000074768955834
Q45403348	6000000074768773045
Q45403350	6000000074768082068
Q45403353	6000000074768648044
Q45403356	6000000074768733045
Q45403358	6000000074768592093
Q45403360	6000000074767962491
Q45403362	6000000074768817904
Q45403363	6000000074768583091
Q45403367	6000000074768954870
Q45403368	6000000074768592109
Q45403369	6000000074768927874
Q45403371	6000000074768837934
Q45403374	6000000074768751996
Q45403375	6000000074768782994
Q45403378	6000000074768792058
Q45403379	6000000074767548261
Q45403381	6000000074768919895
Q45403383	6000000074768268222
Q45403385	6000000074769007841
Q45403386	6000000074768610153
Q45403388	6000000074769009837
Q45403390	6000000074768749004
Q45403392	6000000074768268228
Q45403394	6000000074768361227
Q45403395	6000000074767535718
Q45403397	6000000074767543688
Q45403399	6000000074768456074
Q45403400	6000000074768500075
Q45403401	6000000074767859406
Q45403404	6000000074768831933
Q45403405	6000000074768982863
Q45403408	6000000074768986860
Q45403409	6000000074768915950
Q45403410	6000000074698252026
Q45403411	6000000074698421903
Q45403412	6000000074698457882
Q45403413	6000000074698195076
Q45403415	6000000074737248874
Q45403418	6000000074737088948
Q45403419	6000000074737325830
Q45403422	6000000074736925008
Q45403424	6000000074312929902
Q45403425	6000000074313080833
Q45403426	6000000074768871937
Q45403427	6000000074313089826
Q45403429	6000000074768912910
Q45403430	6000000074312445134
Q45403432	6000000074768991850
Q45403434	6000000074718837851
Q45403436	6000000074729048270
Q45403438	6000000074699994863
Q45403440	6000000074699694098
Q45403441	6000000074699366421
Q45403443	6000000074737557974
Q45403445	6000000074737574913
Q45403447	6000000074768326423
Q45403448	6000000074750995068
Q45403449	6000000074751006075
Q45403451	6000000074751163034
Q45403452	6000000074751360870
Q45403455	6000000074769022862
Q45403456	6000000074768916890
Q45403457	6000000074768190296
Q45403458	6000000074768516162
Q45403459	6000000074769022867
Q45403461	6000000074768950867
Q45403463	6000000074768547132
Q45403464	6000000074768840950
Q45403466	6000000074684656672
Q45403467	6000000074685263042
Q45403469	6000000074768931924
Q45403471	6000000074767859523
Q45403474	6000000074768319239
Q45403476	6000000074769042835
Q45403477	6000000074767543733
Q45403479	6000000074768669099
Q45403480	6000000074768182341
Q45403482	6000000074768906945
Q45403483	6000000074768475319
Q45403484	6000000074768123414
Q45403487	6000000074768979869
Q45403488	6000000074768844053
Q45403490	6000000074769002857
Q45403492	6000000074768431183
Q45403496	6000000074768515205
Q45403498	6000000074768971909
Q45403499	6000000074768944883
Q454035	6000000171041206192
Q45403500	6000000074767548293
Q45403502	6000000074768610173
Q45403503	6000000074768703136
Q45403504	6000000074768179344
Q45403505	6000000074768988899
Q45403507	6000000074698579874
Q45403510	6000000074698520909
Q45403512	6000000074698290121
Q45403515	6000000074768884870
Q45403518	6000000074768883860
Q45403520	6000000074768855888
Q45403522	6000000074769088822
Q45403523	6000000074768944895
Q45403525	6000000074768518134
Q45403528	6000000074768983905
Q45403531	6000000074769030873
Q45403533	6000000074769091833
Q45403534	6000000074769067856
Q45403535	6000000074768530135
Q45403540	6000000074769095822
Q45403543	6000000074768983912
Q45403545	6000000074768906983
Q45403547	6000000074768179353
Q45403549	6000000075063405848
Q45403551	6000000075063439825
Q45403553	6000000075063057947
Q45403554	6000000074769033868
Q45403555	6000000074769064852
Q45403557	6000000074769075847
Q45403560	6000000074768844097
Q45403561	6000000074769059857
Q45403563	6000000074768361294
Q45403565	6000000074768979914
Q45403568	6000000074768855004
Q45403570	6000000074767859577
Q45403571	6000000074769074840
Q45403574	6000000074768773131
Q45403576	6000000074769092855
Q45403578	6000000074769120845
Q45403581	6000000074769085872
Q45403584	6000000074769128841
Q45403585	6000000074768123454
Q45403587	6000000074768694104
Q45403588	6000000074768931966
Q45403591	6000000074769069877
Q45403593	6000000074769096838
Q45403595	6000000074768650063
Q45403596	6000000074769122825
Q45403599	6000000074769078849
Q454036	6000000140871336822
Q45403601	6000000074769069883
Q45403604	6000000074768792145
Q45403606	6000000074769050898
Q45403609	6000000074768444171
Q45403610	6000000074768190341
Q45403612	6000000074769034860
Q45403614	6000000074768687093
Q45403616	6000000074768356473
Q45403618	6000000074769140826
Q45403622	6000000074768812061
Q45403624	6000000074768818034
Q45403627	6000000074768791060
Q45403630	6000000074768882975
Q45403632	6000000074769156822
Q45403634	6000000074768319315
Q45403635	6000000074768867019
Q45403637	6000000074769141841
Q45403638	6000000074768831991
Q45403640	6000000074769097889
Q45403642	6000000074768850963
Q45403644	6000000074768787092
Q45403646	6000000074769156845
Q45403648	6000000074768719145
Q45403651	6000000074768592158
Q45403652	6000000074769005977
Q45403653	6000000074768944938
Q45403655	6000000074769009910
Q45403656	6000000074769070859
Q45403657	6000000074768666098
Q45403659	6000000074769025904
Q45403661	6000000074769075879
Q45403664	6000000074767669716
Q45403665	6000000074769132871
Q45403666	6000000074769124852
Q45403667	6000000074768190354
Q45403668	6000000074768695044
Q45403670	6000000074768732090
Q45403671	6000000074768970972
Q45403672	6000000074769170826
Q45403673	6000000074769011892
Q45403674	6000000074769141872
Q45403676	6000000074769170843
Q45403679	6000000074769083891
Q45403680	6000000074768854178
Q45403682	6000000074768912032
Q45403683	6000000074768666103
Q45403684	6000000074768832005
Q45403686	6000000074768916030
Q45403688	6000000074768841072
Q45403689	6000000074768997963
Q45403692	6000000074768695077
Q45403693	6000000074769111847
Q45403694	6000000074769166861
Q45403697	6000000074769071907
Q45403700	6000000074688795847
Q45403704	6000000074688511982
Q45403706	6000000074688498058
Q45403708	6000000074688586931
Q45403710	6000000074768844159
Q45403712	6000000074768728141
Q45403713	6000000074768931995
Q45403715	6000000074768338346
Q45403717	6000000075062217831
Q45403719	6000000075062084901
Q45403722	6000000075062004881
Q45403723	6000000075062237821
Q45403724	6000000074737087883
Q45403725	6000000074737155885
Q45403726	6000000074737226858
Q45403727	6000000074769190837
Q45403729	6000000074768627258
Q45403730	6000000074768363341
Q45403733	6000000074769103898
Q45403734	6000000074687559925
Q45403736	6000000074687780823
Q45403738	6000000074687687857
Q45403741	6000000074687670880
Q45403743	6000000074735487280
Q45403745	6000000074736450945
Q45403748	6000000074736166000
Q45403750	6000000074726355858
Q45403751	6000000074725889450
Q45403755	6000000075059139891
Q45403757	6000000074726417836
Q45403758	6000000074769115877
Q45403760	6000000074769115881
Q45403762	6000000074769089888
Q45403764	6000000074769128889
Q45403766	6000000074768475392
Q45403768	6000000074768178407
Q45403769	6000000074768983003
Q45403771	6000000074769253821
Q45403774	6000000074768926006
Q45403776	6000000074768867098
Q45403779	6000000074768053515
Q45403781	6000000074768338370
Q45403783	6000000074769200830
Q45403784	6000000074768086359
Q45403786	6000000074768082127
Q45403788	6000000074769255837
Q45403791	6000000074769190856
Q45403793	6000000074768631203
Q45403799	6000000074768268355
Q45403800	6000000074769231852
Q45403801	6000000074768984007
Q45403803	6000000074769095955
Q45403805	6000000074768784119
Q45403807	6000000074769285821
Q45403809	6000000074769073948
Q45403812	6000000074769130891
Q45403814	6000000074769045946
Q45403816	6000000074769093932
Q45403817	6000000074768494229
Q45403818	6000000074768687186
Q45403820	6000000074769206905
Q45403821	6000000074768773179
Q45403822	6000000074768649185
Q45403825	6000000074768902012
Q45403826	6000000074769286845
Q45403828	6000000074768791232
Q45403831	6000000074769128920
Q45403833	6000000074768971994
Q45403835	6000000074768237554
Q45403836	6000000074768610266
Q45403837	6000000074768650122
Q45403840	6000000074768669234
Q45403841	6000000074769165957
Q45403842	6000000074769017023
Q45403844	6000000074768798189
Q45403846	6000000074768998985
Q45403849	6000000074769312838
Q45403850	6000000074769258853
Q45403853	6000000074768786087
Q45403855	6000000074769024978
Q45403857	6000000074769240861
Q45403859	6000000074769157913
Q45403860	6000000074768773201
Q45403861	6000000074768919055
Q45403863	6000000074769315828
Q45403864	6000000074768515291
Q45403865	6000000074767548357
Q45403867	6000000074769317839
Q45403869	6000000074769116887
Q45403870	6000000074768792296
Q45403871	6000000074768916103
Q45403873	6000000074769159962
Q45403874	6000000074769261912
Q45403876	6000000074768932066
Q45403877	6000000074769345825
Q45403878	6000000074768990930
Q45403879	6000000074768798217
Q45403880	6000000074769308848
Q45403883	6000000074769042931
Q45403885	6000000074769070971
Q45403887	6000000074769335827
Q45403890	6000000074768648245
Q45403891	6000000074769092921
Q45403892	6000000074768984055
Q45403893	6000000074769159982
Q45403895	6000000074769231922
Q45403896	6000000074769166990
Q45403898	6000000074768434270
Q45403899	6000000074727804958
Q45403901	6000000074727970860
Q45403903	6000000074768854281
Q45403904	6000000074705283970
Q45403906	6000000074769176940
Q45403908	6000000074769302864
Q45403910	6000000074769306892
Q45403911	6000000074768484368
Q45403913	6000000074768845082
Q45403914	6000000074769006110
Q45403916	6000000074768784189
Q45403918	6000000074769208910
Q45403920	6000000074684940247
Q45403921	6000000074685207959
Q45403923	6000000074685082135
Q45403924	6000000074769239879
Q45403926	6000000074768786119
Q45403928	6000000074769379835
Q45403929	6000000074769374843
Q45403932	6000000074769374849
Q45403933	6000000074769364847
Q45403935	6000000074769313008
Q45403936	6000000074769564836
Q45403937	6000000074769616831
Q45403938	6000000074769207101
Q45403940	6000000074768326703
Q45403941	6000000074769443935
Q45403943	6000000074768911186
Q45403947	6000000074769432931
Q45403948	6000000074769207108
Q45403950	6000000074769249001
Q45403951	6000000074769145073
Q45403953	6000000074769443946
Q45403954	6000000074769455909
Q45403956	6000000074769450952
Q45403957	6000000074769625833
Q45403960	6000000074769450963
Q45403962	6000000074768907313
Q45403965	6000000074769563855
Q45403967	6000000074769616860
Q45403969	6000000074769666821
Q45403970	6000000074769289983
Q45403972	6000000074769342944
Q45403974	6000000074769003064
Q45403975	6000000074769368995
Q45403976	6000000074769525901
Q45403978	6000000074768992151
Q45403979	6000000074727932945
Q45403982	6000000074728019922
Q45403985	6000000074727761058
Q45403988	6000000074769541894
Q45403991	6000000074768845175
Q45403992	6000000074769473964
Q45403993	6000000074769070205
Q45403995	6000000074769003082
Q45403996	6000000074769179064
Q45403998	6000000074768898157
Q45403999	6000000074769447940
Q45404001	6000000074769616865
Q45404002	6000000074769582890
Q45404004	6000000074769687822
Q45404005	6000000074769437968
Q45404006	6000000074769604854
Q45404008	6000000074769331960
Q45404010	6000000074768723298
Q45404012	6000000074769662834
Q45404015	6000000074769683825
Q45404016	6000000074767635694
Q45404018	6000000074769596893
Q45404019	6000000074769698821
Q45404022	6000000074769021160
Q45404023	6000000074769114090
Q45404024	6000000074769526875
Q45404025	6000000074769703821
Q45404027	6000000074769697824
Q45404031	6000000074767635699
Q45404034	6000000074768648395
Q45404035	6000000074769648869
Q45404036	6000000074769706833
Q45404037	6000000074769658859
Q45404039	6000000074769474875
Q45404040	6000000074769450999
Q45404041	6000000074769351970
Q45404043	6000000074769307087
Q45404045	6000000074768907332
Q45404046	6000000074769067112
Q45404049	6000000074769400979
Q45404051	6000000074769651859
Q45404053	6000000074769519886
Q45404055	6000000074769642846
Q45404056	6000000074769103089
Q45404058	6000000074769475954
Q45404060	6000000074769673847
Q45404062	6000000074769153123
Q45404064	6000000074769523896
Q45404065	6000000074753758064
Q45404066	6000000074753723174
Q45404068	6000000074769722830
Q45404070	6000000074769113176
Q45404074	6000000074769582924
Q45404075	6000000074769486933
Q45404076	6000000074769693843
Q45404078	6000000074769722836
Q45404080	6000000074769678880
Q45404081	6000000074769736858
Q45404083	6000000074769116095
Q45404085	6000000074769741833
Q45404088	6000000074769732859
Q45404091	6000000074769221089
Q45404093	6000000074769071151
Q45404096	6000000074769604918
Q45404097	6000000074718990000
Q45404099	6000000074719155899
Q45404101	6000000074718804168
Q45404104	6000000074718946879
Q45404106	6000000074746733333
Q45404108	6000000074746897170
Q45404110	6000000074747293838
Q45404112	6000000074747344821
Q45404115	6000000074747327833
Q45404116	6000000074746857150
Q45404118	6000000074769653862
Q45404120	6000000074769728864
Q45404121	6000000074769525969
Q45404123	6000000074769696883
Q45404125	6000000074769789828
Q45404127	6000000074769744844
Q45404128	6000000074769618931
Q45404130	6000000074769783855
Q45404132	6000000074735748916
Q45404133	6000000074769582951
Q45404136	6000000074767548487
Q45404138	6000000074769741850
Q45404140	6000000074769433005
Q45404142	6000000074712579946
Q45404144	6000000074712882869
Q45404146	6000000074712804843
Q45404147	6000000074711798423
Q45404148	6000000074712401093
Q45404149	6000000074746324083
Q45404150	6000000074745798280
Q45404151	6000000074746405875
Q45404152	6000000074745902100
Q45404154	6000000074745155488
Q45404156	6000000074745741149
Q45404157	6000000074769799825
Q45404161	6000000074769812823
Q45404164	6000000074769780837
Q45404165	6000000074769290079
Q45404174	6000000074747862822
Q45404175	6000000074747857843
Q45404176	6000000074747673980
Q45404179	6000000074747870825
Q45404180	6000000074747776875
Q45404183	6000000074769733856
Q45404184	6000000074769665844
Q45404186	6000000074769799829
Q45404187	6000000074769759848
Q45404188	6000000074769770845
Q45404191	6000000074769784851
Q45404192	6000000074769369932
Q45404193	6000000074769739860
Q45404194	6000000074769277117
Q45404195	6000000074769717864
Q45404196	6000000074769636899
Q45404198	6000000074769825840
Q45404200	6000000074769724847
Q45404201	6000000074769179113
Q45404202	6000000074769622913
Q45404204	6000000074769804855
Q45404206	6000000074768666407
Q45404207	6000000074769504952
Q45404209	6000000074769847823
Q45404211	6000000074769445026
Q45404212	6000000074769762849
Q45404214	6000000074769093067
Q45404215	6000000074769455059
Q45404216	6000000074769656890
Q45404218	6000000074768361746
Q45404221	6000000074769449991
Q45404223	6000000074769809853
Q45404225	6000000074758636903
Q45404226	6000000074758372170
Q45404228	6000000074769108307
Q45404231	6000000074769073142
Q45404232	6000000074769745840
Q45404234	6000000074769658948
Q45404236	6000000074769444007
Q45404237	6000000074769604939
Q45404239	6000000074691847859
Q45404240	6000000074691696962
Q45404244	6000000074690945199
Q45404245	6000000074769469893
Q45404247	6000000074769833838
Q45404248	6000000074769067183
Q45404250	6000000074769819865
Q45404252	6000000074769404002
Q45404253	6000000074769600889
Q45404255	6000000074769456002
Q45404257	6000000074769719865
Q45404258	6000000074769718885
Q45404260	6000000074769869823
Q45404262	6000000074769132208
Q45404264	6000000074769665862
Q45404265	6000000074769756900
Q45404267	6000000074769866847
Q45404269	6000000074769886832
Q45404272	6000000074769632957
Q45404274	6000000074769839849
Q45404275	6000000074735886838
Q45404276	6000000074736022822
Q45404279	6000000074735541071
Q45404280	6000000074769857831
Q45404282	6000000074769798866
Q45404284	6000000074769186079
Q45404285	6000000074769893841
Q45404287	6000000074769819888
Q45404288	6000000074769789888
Q45404290	6000000074769748892
Q45404292	6000000074769784904
Q45404293	6000000074727457892
Q45404296	6000000074727341972
Q45404297	6000000074727184117
Q45404299	6000000074769881824
Q45404301	6000000074769724902
Q45404303	6000000074769726879
Q45404304	6000000074769444014
Q45404306	6000000074769851861
Q45404309	6000000074769799870
Q45404310	6000000074769920821
Q45404312	6000000074769809889
Q45404313	6000000074769744904
Q45404315	6000000074769104100
Q45404316	6000000074769809884
Q45404318	6000000074769848884
Q45404319	6000000074769260155
Q45404321	6000000074769795921
Q45404322	6000000074769719880
Q45404323	6000000074769203175
Q45404325	6000000074769818870
Q45404327	6000000074769487032
Q45404329	6000000074769249108
Q45404330	6000000074769803864
Q45404331	6000000074769933821
Q45404333	6000000074769928835
Q45404334	6000000074769907847
Q45404336	6000000074769832848
Q45404338	6000000074769907852
Q45404340	6000000074769783936
Q45404342	6000000074769558993
Q45404345	6000000074769679932
Q45404346	6000000074769896850
Q45404349	6000000074769684958
Q45404351	6000000074769339047
Q45404355	6000000074769474058
Q45404357	6000000074769766937
Q45404359	6000000074769456035
Q45404360	6000000074769733906
Q45404362	6000000074769609011
Q45404363	6000000074769910830
Q45404365	6000000074769912834
Q45404369	6000000074769836872
Q45404371	6000000074768475747
Q45404373	6000000074769863896
Q45404376	6000000074746224302
Q45404380	6000000074745949390
Q45404381	6000000074746224307
Q45404382	6000000074746719833
Q45404383	6000000074734926853
Q45404385	6000000074734736957
Q45404386	6000000074734606998
Q45404389	6000000074734951874
Q45404390	6000000074769505006
Q45404391	6000000074769952832
Q45404392	6000000074769632019
Q45404393	6000000074769933833
Q45404394	6000000074769956823
Q45404396	6000000074691403183
Q45404399	6000000074690722417
Q45404401	6000000074691542101
Q45404402	6000000074729805000
Q45404405	6000000074730335884
Q45404407	6000000074688309082
Q45404410	6000000074730383874
Q45404413	6000000074769478129
Q45404415	6000000074769968821
Q45404422	6000000074769478134
Q45404423	6000000074768393632
Q45404425	6000000074769505983
Q45404427	6000000074769438975
Q45404428	6000000074752910203
Q45404430	6000000074753281882
Q45404432	6000000074769290144
Q45404434	6000000074769887892
Q45404435	6000000074769755967
Q45404437	6000000074769845893
Q45404438	6000000074769980822
Q45404440	6000000074769886866
Q45404442	6000000074769937855
Q45404444	6000000074769296158
Q45404445	6000000074769839918
Q45404447	6000000074769871858
Q45404448	6000000074769421096
Q45404450	6000000074769903847
Q45404451	6000000074691797177
Q45404453	6000000074692608821
Q45404454	6000000074749084038
Q45404457	6000000074749425823
Q45404458	6000000074749432824
Q45404460	6000000074728280065
Q45404461	6000000074728044030
Q45404462	6000000074728549971
Q45404464	6000000074769787899
Q45404465	6000000074769845907
Q45404467	6000000074769880931
Q45404469	6000000074769890913
Q45404471	6000000074769112138
Q45404474	6000000074769474115
Q45404476	6000000074769903852
Q45404479	6000000074769728936
Q45404481	6000000074687713856
Q45404483	6000000074687645844
Q45404485	6000000074687581917
Q45404487	6000000074769627936
Q45404491	6000000074770003821
Q45404493	6000000074769915867
Q45404495	6000000074769797941
Q45404498	6000000074769936848
Q45404499	6000000074769719895
Q45404501	6000000074768832386
Q45404502	6000000074769988859
Q45404504	6000000074769445146
Q45404507	6000000074769067237
Q45404508	6000000074769665956
Q45404511	6000000074769236220
Q45404513	6000000074768606494
Q45404514	6000000074769769948
Q45404517	6000000074769505037
Q45404520	6000000074769652008
Q45404521	6000000074769609065
Q45404522	6000000074768393652
Q45404526	6000000074770023825
Q45404527	6000000074769802989
Q45404529	6000000074769819000
Q45404531	6000000074705261102
Q45404532	6000000074704786517
Q45404533	6000000074705513900
Q45404535	6000000074705397997
Q45404536	6000000074728135064
Q45404538	6000000074727263245
Q45404539	6000000074727807163
Q45404541	6000000074710995835
Q45404543	6000000074769474981
Q45404546	6000000074769822936
Q45404548	6000000074769802993
Q45404550	6000000074768963293
Q45404551	6000000074744637342
Q45404553	6000000074744793395
Q45404557	6000000074745175200
Q45404560	6000000074769421114
Q45404563	6000000074769681028
Q45404564	6000000074770038827
Q45404565	6000000074769914875
Q45404567	6000000074769559046
Q45404569	6000000074770042821
Q45404572	6000000074770009835
Q45404574	6000000074770003864
Q45404576	6000000074769844958
Q45404578	6000000012666373791
Q45404580	6000000074769743965
Q45404582	6000000074768666517
Q45404584	6000000074770035845
Q45404585	6000000074769963866
Q45404587	6000000074769847931
Q45404590	6000000074769992870
Q45404591	6000000074769334130
Q45404594	6000000074769505083
Q45404597	6000000074769728961
Q45404599	6000000074769221186
Q45404600	6000000074770048823
Q45404602	6000000074687626111
Q45404603	6000000074687888122
Q45404605	6000000074688310821
Q45404608	6000000074688171919
Q45404609	6000000074688237882
Q45404611	6000000074688282843
Q45404615	6000000074687999065
Q45404620	6000000074687560228
Q45404621	6000000074687412245
Q45404623	6000000074688098949
Q45404625	6000000074688091870
Q45404626	6000000074687901001
Q45404629	6000000074687840975
Q45404630	6000000074688059950
Q45404631	6000000074688077913
Q45404632	6000000074688169823
Q45404635	6000000074687519142
Q45404637	6000000074687575193
Q45404640	6000000074687840982
Q45404642	6000000074688145850
Q45404643	6000000074688056870
Q45404646	6000000074688137843
Q45404649	6000000074687269213
Q45404652	6000000074687953956
Q45404653	6000000074688035928
Q45404657	6000000075325417988
Q45404664	6000000074687212174
Q45404667	6000000074686807439
Q45404670	6000000074687838839
Q45404672	6000000074687802841
Q45404674	6000000074688583822
Q45404675	6000000074687650489
Q45404677	6000000074687273540
Q45404680	6000000074758436940
Q45404682	6000000074758146248
Q45404683	6000000074758558908
Q45404687	6000000074769966854
Q45404690	6000000074769894959
Q45404692	6000000074769951905
Q45404695	6000000074768932375
Q45404696	6000000074769642995
Q45404698	6000000074769575937
Q45404700	6000000074769879912
Q45404701	6000000074770084835
Q45404702	6000000074703990229
Q45404703	6000000074704160148
Q45404705	6000000074770090832
Q45404707	6000000074770075836
Q45404708	6000000074769855946
Q45404709	6000000074769940897
Q45404710	6000000074769741905
Q45404712	6000000074770092846
Q45404713	6000000074769750987
Q45404714	6000000074769614019
Q45404718	6000000074769851917
Q45404720	6000000074725423594
Q45404721	6000000074725927898
Q45404724	6000000074725923896
Q45404726	6000000074769896964
Q45404727	6000000074770051843
Q45404729	6000000074769725934
Q45404730	6000000074769796037
Q45404732	6000000074770051849
Q45404735	6000000074769994886
Q45404736	6000000074770007905
Q45404738	6000000074770015895
Q45404740	6000000074770130822
Q45404742	6000000074769723009
Q45404745	6000000074769718988
Q45404746	6000000074769784053
Q45404748	6000000074770138823
Q45404750	6000000074769879938
Q45404752	6000000074769725954
Q45404753	6000000074769733977
Q45404753	6000000075423733852
Q45404755	6000000074769682121
Q45404756	6000000074769186189
Q45404757	6000000074768832449
Q45404759	6000000074769803939
Q45404761	6000000074770153822
Q45404762	6000000074769652076
Q45404764	6000000074769993907
Q45404765	6000000074770137841
Q45404769	6000000074728484920
Q45404770	6000000074728527013
Q45404772	6000000074770052860
Q45404774	6000000074769763960
Q45404776	6000000074769819058
Q45404777	6000000074769296246
Q45404778	6000000074769813022
Q45404780	6000000074768844523
Q45404782	6000000074770085854
Q45404783	6000000074769649050
Q45404785	6000000074769803945
Q45404788	6000000074769336287
Q45404789	6000000074770172823
Q45404791	6000000074770074883
Q45404793	6000000074770124854
Q45404794	6000000074769926928
Q45404796	6000000074770163831
Q45404798	6000000074769685128
Q45404799	6000000074758656873
Q454048	6000000179896983851
Q45404801	6000000074758744897
Q45404802	6000000074758436028
Q45404805	6000000074769896990
Q45404807	6000000074770003911
Q45404809	6000000074768086743
Q45404812	6000000074770156827
Q45404815	6000000074769930959
Q45404817	6000000074769652089
Q45404819	6000000074770104858
Q45404820	6000000074769844992
Q45404821	6000000074769698972
Q45404823	6000000074769815022
Q45404825	6000000074770205821
Q45404827	6000000074770143894
Q45404828	6000000074748873249
Q45404830	6000000074749591821
Q45404831	6000000074749432910
Q45404832	6000000074769744021
Q45404835	6000000074770205826
Q45404836	6000000074769688083
Q45404840	6000000074769429232
Q45404841	6000000074769628048
Q45404844	6000000074770176822
Q45404845	6000000074770133836
Q45404846	6000000074769798041
Q45404848	6000000074769848009
Q45404850	6000000074700773205
Q45404852	6000000074701387902
Q45404854	6000000074701259933
Q45404855	6000000074710625875
Q45404857	6000000074710604916
Q45404859	6000000074770129852
Q45404861	6000000074769788036
Q45404862	6000000074768784628
Q45404864	6000000074769524086
Q45404867	6000000074770089860
Q45404869	6000000074770087842
Q45404870	6000000074770087847
Q45404871	6000000074769970951
Q45404873	6000000074769475005
Q45404875	6000000074770074908
Q45404877	6000000074768963431
Q45404879	6000000074769855974
Q45404880	6000000074769973940
Q45404882	6000000074770176848
Q45404885	6000000074770164852
Q45404887	6000000074770143932
Q45404889	6000000074770052889
Q45404892	6000000074770250833
Q45404893	6000000074770152854
Q45404895	6000000074770219826
Q45404897	6000000074769974899
Q45404899	6000000074770101860
Q45404901	6000000074769885047
Q45404903	6000000074769688104
Q45404906	6000000074770171849
Q45404907	6000000074769698989
Q45404910	6000000074770156891
Q45404911	6000000074769659148
Q45404913	6000000074770257833
Q45404916	6000000074770156899
Q45404918	6000000074770219832
Q45404919	6000000074769575232
Q45404921	6000000074770176864
Q45404923	6000000074770110919
Q45404925	6000000074769112205
Q45404926	6000000074770264822
Q45404928	6000000074769802051
Q45404931	6000000074769421203
Q45404934	6000000074769845053
Q45404936	6000000074770165855
Q45404937	6000000074770209887
Q45404939	6000000074770065947
Q45404941	6000000074768393693
Q45404944	6000000074769840028
Q45404945	6000000074770283822
Q45404947	6000000074770208852
Q45404949	6000000074770052895
Q45404951	6000000074769623094
Q45404953	6000000074770068913
Q45404955	6000000074769013207
Q45404956	6000000074769723067
Q45404957	6000000074770253845
Q45404959	6000000074769112213
Q45404961	6000000074770150869
Q45404964	6000000074768792947
Q45404966	6000000074770259851
Q45404967	6000000074770017943
Q45404969	6000000074770091918
Q45404973	6000000074770100913
Q45404975	6000000074770091924
Q45404978	6000000074769734076
Q45404979	6000000074769685162
Q45404980	6000000074769798981
Q45404983	6000000074686927901
Q45404984	6000000074685770726
Q45404987	6000000074686573218
Q45404988	6000000074770222890
Q45404989	6000000074769873038
Q45404991	6000000074770131933
Q45404992	6000000074770208878
Q45404997	6000000074770118883
Q45404998	6000000074770031931
Q45405000	6000000074770293822
Q45405002	6000000074769699014
Q45405003	6000000074770073963
Q45405004	6000000074770261858
Q45405006	6000000074769983979
Q45405007	6000000074770292840
Q45405009	6000000074752868248
Q45405010	6000000074753388821
Q45405012	6000000074752944208
Q45405014	6000000074770293828
Q45405015	6000000074770307829
Q45405016	6000000074769659195
Q45405017	6000000074770135913
Q45405022	6000000074770013055
Q45405024	6000000074770204959
Q45405025	6000000074770148902
Q45405029	6000000074770273862
Q45405031	6000000074770036884
Q45405032	6000000074769439051
Q45405033	6000000074770295840
Q45405034	6000000074770318830
Q45405037	6000000074770221883
Q45405040	6000000074769734098
Q45405041	6000000074770250908
Q45405043	6000000074770344833
Q45405045	6000000074769819144
Q45405047	6000000074770350828
Q45405049	6000000074770154881
Q45405051	6000000074770137977
Q45405053	6000000074699936888
Q45405054	6000000074699925928
Q45405055	6000000074769971034
Q45405057	6000000074770062971
Q45405059	6000000074770187887
Q45405061	6000000074770150906
Q45405063	6000000074769652174
Q45405065	6000000074769404165
Q45405067	6000000074770173906
Q45405069	6000000074770142943
Q45405072	6000000074770215878
Q45405073	6000000074701851020
Q45405074	6000000074702027845
Q45405076	6000000074701625062
Q45405077	6000000074700906748
Q45405078	6000000074770371830
Q45405081	6000000074770327825
Q45405082	6000000074770357833
Q45405083	6000000074770306859
Q45405085	6000000074704921259
Q45405086	6000000074705343988
Q45405088	6000000074705408862
Q45405089	6000000074768393742
Q45405091	6000000074770283859
Q45405092	6000000074770178924
Q45405093	6000000074770240899
Q45405095	6000000074769914004
Q45405097	6000000074726251068
Q45405101	6000000074770183940
Q45405103	6000000074770339849
Q45405105	6000000074770324854
Q45405106	6000000074770367828
Q45405109	6000000074770390821
Q45405110	6000000074769840080
Q45405111	6000000074770314827
Q45405113	6000000074770137992
Q45405114	6000000074770292895
Q45405117	6000000074770172963
Q45405119	6000000074769937019
Q45405121	6000000074769103248
Q45405122	6000000074770375836
Q45405125	6000000074770403821
Q45405127	6000000074770384834
Q45405129	6000000074769987960
Q45405130	6000000074769605170
Q45405132	6000000074770074986
Q45405134	6000000074770306891
Q45405137	6000000074770396843
Q45405138	6000000074770027949
Q45405139	6000000074769987976
Q45405142	6000000074770340850
Q45405144	6000000074737793909
Q45405147	6000000074738008837
Q45405148	6000000074737797957
Q45405150	6000000074770268904
Q45405152	6000000074769818079
Q45405154	6000000074770287859
Q45405155	6000000074770398830
Q45405156	6000000074770419822
Q45405157	6000000074770013097
Q45405159	6000000074770373880
Q45405160	6000000074770396863
Q45405161	6000000074745344843
Q45405164	6000000074745056010
Q45405167	6000000074744478210
Q45405169	6000000074745363855
Q45405170	6000000074770367868
Q45405171	6000000074770371861
Q45405173	6000000074770425821
Q45405174	6000000074770162924
Q45405176	6000000074770420822
Q45405178	6000000074770055993
Q45405179	6000000074770318884
Q45405180	6000000074769847024
Q45405182	6000000074770140994
Q45405184	6000000074770031966
Q45405186	6000000074770310897
Q45405187	6000000074769112317
Q45405188	6000000074770350867
Q45405190	6000000074770425836
Q45405191	6000000074770427822
Q45405193	6000000074770442823
Q45405194	6000000074770008065
Q45405196	6000000074769845138
Q45405198	6000000074770419839
Q45405199	6000000074770402826
Q45405200	6000000074770444833
Q45405202	6000000074770043997
Q45405203	6000000074770379900
Q45405205	6000000074770207905
Q45405206	6000000074769682234
Q45405208	6000000074769927030
Q45405209	6000000074770406840
Q45405211	6000000074770373903
Q45405214	6000000074699571328
Q45405217	6000000074699739072
Q45405220	6000000074770319878
Q45405221	6000000074770138038
Q45405222	6000000074770339909
Q45405224	6000000074769652227
Q45405228	6000000074770357908
Q45405230	6000000074770282919
Q45405232	6000000074769880033
Q45405233	6000000074769296363
Q45405235	6000000074770243898
Q45405236	6000000074770209998
Q45405238	6000000074770367926
Q45405240	6000000074770426838
Q45405241	6000000074770475827
Q45405243	6000000074770078973
Q45405245	6000000074757290036
Q45405246	6000000074756816101
Q45405247	6000000074756867056
Q45405249	6000000074717090083
Q45405251	6000000074717088150
Q45405252	6000000074717202034
Q45405253	6000000074769070503
Q45405254	6000000074770438840
Q45405257	6000000074684759078
Q45405258	6000000074770302974
Q45405260	6000000074770439848
Q45405261	6000000074770379914
Q45405264	6000000074770442829
Q45405266	6000000074769575285
Q45405267	6000000074770143001
Q45405269	6000000074769429344
Q45405273	6000000074770173978
Q45405275	6000000074712082834
Q45405276	6000000074711654067
Q45405278	6000000074711530069
Q45405280	6000000074691772992
Q45405281	6000000074691625025
Q45405284	6000000074692065828
Q45405287	6000000074770119053
Q45405290	6000000074758962863
Q45405291	6000000074770432874
Q45405293	6000000074770265927
Q45405294	6000000074770217959
Q45405296	6000000074770373924
Q45405299	6000000074728818883
Q45405302	6000000074728575968
Q45405304	6000000074711689045
Q45405306	6000000074711952822
Q45405309	6000000074711856910
Q45405311	6000000074770295933
Q45405312	6000000074711596909
Q45405314	6000000074769927076
Q45405315	6000000074770354865
Q45405317	6000000074769625115
Q45405318	6000000074769840126
Q45405320	6000000074770282949
Q45405322	6000000074769845168
Q45405324	6000000074770416878
Q45405325	6000000074770412871
Q45405326	6000000074768844624
Q45405328	6000000074770283911
Q45405330	6000000074770225947
Q45405331	6000000074770422867
Q45405332	6000000074770344893
Q45405335	6000000074770018060
Q45405336	6000000074770405887
Q45405337	6000000074770527823
Q45405338	6000000074770386936
Q45405341	6000000074770335926
Q45405343	6000000074770367963
Q45405344	6000000074770254930
Q45405346	6000000074770506860
Q45405347	6000000074770295959
Q45405349	6000000074770519826
Q45405350	6000000074770056059
Q45405351	6000000074770503844
Q45405352	6000000074770405893
Q45405354	6000000074769915105
Q45405356	6000000074769804086
Q45405358	6000000074770010059
Q45405360	6000000074770379972
Q45405361	6000000074770147047
Q45405363	6000000074770008111
Q45405364	6000000074770539823
Q45405367	6000000074770495858
Q45405368	6000000074770561821
Q45405371	6000000074770468879
Q45405372	6000000074770018066
Q45405373	6000000074770269996
Q45405374	6000000074770267974
Q45405377	6000000074769913148
Q45405379	6000000074770487864
Q45405382	6000000074769845185
Q45405383	6000000074770167942
Q45405385	6000000074769682271
Q45405386	6000000074770446868
Q45405388	6000000074770174005
Q45405394	6000000074770536839
Q45405397	6000000074770356924
Q45405399	6000000074770474854
Q45405400	6000000074770405898
Q45405402	6000000074770304950
Q45405403	6000000074770385911
Q45405405	6000000074770445898
Q45405406	6000000074770044080
Q45405408	6000000074770154956
Q45405409	6000000074770589822
Q45405411	6000000074770582833
Q45405413	6000000074746940169
Q45405414	6000000074748016860
Q45405416	6000000074747983878
Q45405418	6000000074770423957
Q45405420	6000000074770157113
Q45405423	6000000074770440871
Q45405425	6000000074770240992
Q45405427	6000000074770344925
Q45405430	6000000074769990089
Q45405432	6000000074770527851
Q45405434	6000000074770580839
Q45405436	6000000074770574847
Q45405437	6000000074770551836
Q45405439	6000000074769819212
Q45405443	6000000074770339968
Q45405446	6000000074748543166
Q45405450	6000000074747981571
Q45405452	6000000074748583126
Q45405454	6000000074767390645
Q45405457	6000000074768381103
Q45405459	6000000074768787836
Q45405462	6000000074738035047
Q45405463	6000000074738825860
Q45405464	6000000074770487898
Q45405466	6000000074770630821
Q45405470	6000000074770634822
Q45405472	6000000074770268983
Q45405474	6000000074769605295
Q45405475	6000000074770405915
Q45405478	6000000074770436912
Q45405479	6000000074770538832
Q45405482	6000000074770640822
Q45405483	6000000074770599838
Q45405484	6000000074770631825
Q45405487	6000000074770453926
Q45405490	6000000074770339986
Q45405493	6000000074770591841
Q45405496	6000000074770225999
Q45405497	6000000074770638824
Q45405499	6000000074770295984
Q45405502	6000000074770582846
Q45405504	6000000074770346945
Q45405506	6000000074770344929
Q45405507	6000000074770203021
Q45405509	6000000074770440905
Q45405511	6000000074770538844
Q45405512	6000000074769969118
Q45405515	6000000074770281038
Q45405517	6000000074769990107
Q45405519	6000000074770580851
Q45405522	6000000074770533887
Q45405523	6000000074770656821
Q45405525	6000000074770642837
Q45405526	6000000074770540909
Q45405528	6000000074770579844
Q45405529	6000000074770428872
Q45405530	6000000074770559829
Q45405532	6000000074770226018
Q45405534	6000000074769070565
Q45405536	6000000074770278011
Q45405537	6000000074770327905
Q45405538	6000000074770556859
Q45405539	6000000074770655848
Q45405540	6000000074770155001
Q45405541	6000000074770425997
Q45405542	6000000074769818174
Q45405543	6000000074770174088
Q45405544	6000000074770616856
Q45405546	6000000074770445924
Q45405548	6000000074770426002
Q45405550	6000000074770336949
Q45405554	6000000074770097069
Q45405555	6000000074770685835
Q45405557	6000000074770226038
Q45405559	6000000074769681287
Q45405561	6000000074770680834
Q45405564	6000000074770701821
Q45405566	6000000074770650840
Q45405568	6000000074770499878
Q45405571	6000000074770370926
Q45405573	6000000074770298912
Q45405574	6000000074770525886
Q45405575	6000000074770610851
Q45405577	6000000074770508907
Q45405580	6000000074769819233
Q45405581	6000000074770721825
Q45405583	6000000074770687830
Q45405585	6000000074770147112
Q45405586	6000000074770173108
Q45405591	6000000074770350983
Q45405593	6000000074770660868
Q45405594	6000000074770680842
Q45405596	6000000074770344967
Q45405598	6000000074770344959
Q45405599	6000000074770456952
Q45405601	6000000074770728828
Q45405602	6000000074770296039
Q45405604	6000000074770300026
Q45405607	6000000074770424012
Q45405608	6000000074770739823
Q45405613	6000000074770616863
Q45405614	6000000074770340024
Q45405615	6000000074770600884
Q45405617	6000000074769681315
Q45405618	6000000074769751259
Q45405619	6000000074769114501
Q45405620	6000000074770174139
Q45405622	6000000074770678867
Q45405624	6000000074770718822
Q45405626	6000000074770239040
Q45405629	6000000074770336965
Q45405631	6000000074770129134
Q45405633	6000000074769931212
Q45405634	6000000074770357017
Q45405636	6000000074770640873
Q45405638	6000000074770297965
Q45405640	6000000074770157197
Q45405642	6000000074770451947
Q45405644	6000000074770709843
Q45405647	6000000074770698846
Q45405649	6000000074770411991
Q45405651	6000000074770551910
Q45405654	6000000074770559887
Q45405656	6000000074770732834
Q45405658	6000000074770589858
Q45405660	6000000074769872050
Q45405662	6000000074770779821
Q45405664	6000000074770352000
Q45405667	6000000074770527934
Q45405668	6000000074769475244
Q45405669	6000000074770610856
Q45405670	6000000074770657844
Q45405672	6000000074770164093
Q45405676	6000000074770340057
Q45405678	6000000074770627879
Q45405680	6000000074770706848
Q45405682	6000000074770715880
Q45405683	6000000074770485974
Q45405685	6000000074770660907
Q45405687	6000000074769114524
Q45405688	6000000074770714842
Q45405689	6000000074770245045
Q45405690	6000000074769928192
Q45405693	6000000074769928199
Q45405696	6000000074770771823
Q45405697	6000000074687100254
Q45405701	6000000074686986273
Q45405703	6000000074687735882
Q45405704	6000000074687776880
Q45405705	6000000074687299214
Q45405706	6000000074770449962
Q45405708	6000000074770010198
Q45405709	6000000074770485995
Q45405710	6000000074770643888
Q45405713	6000000074770702886
Q45405714	6000000074699554148
Q45405716	6000000075058764837
Q45405719	6000000074699772902
Q45405721	6000000074770607912
Q45405724	6000000051093008838
Q45405725	6000000074770654854
Q45405726	6000000074770559930
Q45405729	6000000074770680910
Q45405730	6000000074770769835
Q45405734	6000000074770772864
Q45405735	6000000074770311981
Q45405737	6000000074770357039
Q45405738	6000000074770806845
Q45405740	6000000074770771841
Q45405741	6000000074770817822
Q45405743	6000000074770357045
Q45405745	6000000074770775864
Q45405747	6000000075324903018
Q45405749	6000000074727434918
Q45405751	6000000074745406864
Q45405753	6000000074745355876
Q45405754	6000000074745381852
Q45405756	6000000074748641007
Q45405758	6000000074770781862
Q45405760	6000000074770124189
Q45405761	6000000074770781867
Q45405762	6000000074770638936
Q45405763	6000000074747796899
Q45405764	6000000074770399018
Q45405766	6000000074770748913
Q45405768	6000000074770746859
Q45405770	6000000074749362879
Q45405771	6000000074770428928
Q45405773	6000000074770832822
Q45405774	6000000074770677930
Q45405776	6000000074770371023
Q45405779	6000000074733303930
Q45405780	6000000074733853900
Q45405782	6000000074770771846
Q45405784	6000000074770486004
Q45405786	6000000074770336993
Q45405789	6000000074732882123
Q45405792	6000000074770823829
Q45405794	6000000074770458954
Q45405795	6000000074770625916
Q45405797	6000000074769928234
Q45405799	6000000074770056242
Q454058	6000000067134509053
Q45405801	6000000074770667918
Q45405802	6000000074770683863
Q45405805	6000000074770737876
Q45405806	6000000074770838821
Q45405808	6000000074770298006
Q45405810	6000000074770503970
Q45405812	6000000074770823834
Q45405813	6000000074770748938
Q45405815	6000000074770859822
Q45405817	6000000074770398054
Q45405818	6000000074770010239
Q45405820	6000000074700960921
Q45405821	6000000074700954908
Q45405823	6000000074770406990
Q45405825	6000000074770798849
Q45405827	6000000074770010244
Q45405830	6000000074770779883
Q45405832	6000000074747085845
Q45405834	6000000074770406995
Q45405836	6000000074770830843
Q45405839	6000000074770572901
Q45405840	6000000074770684928
Q45405843	6000000074770572906
Q45405844	6000000074770812856
Q45405847	6000000074770879821
Q45405853	6000000074770728909
Q45405855	6000000074770155079
Q45405857	6000000074770847863
Q45405859	6000000074769913294
Q45405861	6000000074770728923
Q45405862	6000000074770868825
Q45405865	6000000074770771869
Q45405867	6000000074758183841
Q45405869	6000000074758184903
Q45405871	6000000074770056289
Q45405875	6000000074686582410
Q45405876	6000000074687277882
Q45405878	6000000074770846842
Q45405880	6000000074692307061
Q45405883	6000000074692090157
Q45405884	6000000074692270044
Q45405886	6000000074706215881
Q45405889	6000000074711117907
Q45405890	6000000074711300823
Q45405892	6000000074711199878
Q45405893	6000000074687045028
Q45405894	6000000074686342561
Q45405896	6000000074769913300
Q45405898	6000000074712562943
Q454059	6000000177335178868
Q45405901	6000000074712842821
Q45405907	6000000074712491040
Q45405909	6000000074717699856
Q45405910	6000000074717052319
Q45405914	6000000074717296185
Q45405915	6000000074717735840
Q45405917	6000000074717419028
Q45405919	6000000074717528006
Q45405921	6000000074724834685
Q45405924	6000000074725077268
Q45405927	6000000074725275086
Q45405931	6000000074726157908
Q45405932	6000000074725850304
Q45405934	6000000074725762242
Q45405935	6000000074725515559
Q45405936	6000000074725775282
Q45405939	6000000075059306841
Q45405940	6000000074725825250
Q45405943	6000000074726307822
Q45405944	6000000074725489587
Q45405946	6000000074725304796
Q45405947	6000000074769913309
Q45405949	6000000074770654936
Q45405950	6000000074770850850
Q45405953	6000000074770244052
Q45405954	6000000074770915825
Q45405958	6000000074770155092
Q45405960	6000000074770634977
Q45405966	6000000074727685821
Q45405967	6000000074727434076
Q45405968	6000000074727203182
Q45405969	6000000074727256951
Q45405970	6000000074727174013
Q45405971	6000000074727064085
Q45405974	6000000074727183048
Q45405977	6000000074727404828
Q45405978	6000000074701495940
Q45405980	6000000074770878838
Q45405982	6000000074710975841
Q45405983	6000000074710780913
Q45405984	6000000074770755918
Q45405987	6000000074770919840
Q45405988	6000000074770635957
Q45405989	6000000074770638983
Q45405990	6000000074770499952
Q45405993	6000000074770348064
Q45405996	6000000074738586933
Q45405997	6000000074770352086
Q45405999	6000000074770708975
Q45406001	6000000074770448032
Q45406003	6000000074770500974
Q45406005	6000000074770813892
Q45406007	6000000074727663829
Q45406009	6000000074727413044
Q45406010	6000000074770948822
Q45406013	6000000074770681936
Q45406017	6000000074727892036
Q45406018	6000000074770734004
Q45406020	6000000074770938823
Q45406021	6000000074727658968
Q45406024	6000000074727648976
Q45406025	6000000074770129266
Q45406026	6000000074769605507
Q45406029	6000000074727519034
Q45406032	6000000074727151310
Q45406035	6000000074770686929
Q45406037	6000000074770828870
Q45406041	6000000074770833897
Q45406042	6000000074730375858
Q45406044	6000000074770678971
Q45406045	6000000074687577012
Q45406048	6000000074730395862
Q45406050	6000000074691429846
Q45406053	6000000074691360886
Q45406055	6000000074690693173
Q45406057	6000000074770954824
Q45406059	6000000074687089446
Q45406060	6000000074710990841
Q45406061	6000000074710566087
Q45406063	6000000074710601108
Q45406065	6000000074710908936
Q45406067	6000000074725167928
Q45406069	6000000074770846879
Q45406071	6000000046886997840
Q45406074	6000000046886271921
Q45406076	6000000074686979498
Q45406078	6000000074687975978
Q45406079	6000000074704864986
Q45406081	6000000074770921835
Q45406083	6000000074770936855
Q45406085	6000000074770803932
Q45406087	6000000074770705975
Q45406090	6000000074692577851
Q45406092	6000000074770981822
Q45406095	6000000074716567562
Q45406099	6000000074770984822
Q45406100	6000000074770780881
Q45406101	6000000074770658984
Q45406102	6000000074770041056
Q45406104	6000000074770991835
Q45406107	6000000074770835910
Q45406109	6000000074770572962
Q45406110	6000000074770830894
Q45406114	6000000074770823889
Q45406116	6000000074770686952
Q45406117	6000000074770780909
Q45406118	6000000074770846904
Q45406133	6000000074771069823
Q45406136	6000000074770843972
Q45406138	6000000074770705998
Q45406139	6000000074770860882
Q45406143	6000000074770725900
Q45406144	6000000074771030825
Q45406146	6000000074771027839
Q45406150	6000000074688145893
Q45406152	6000000074687989034
Q45406154	6000000074724836458
Q45406156	6000000074746129139
Q45406158	6000000074746561839
Q45406159	6000000074746020204
Q45406161	6000000074745538598
Q45406163	6000000074770984870
Q45406164	6000000074725666295
Q45406166	6000000074726000961
Q45406168	6000000074771026828
Q45406170	6000000074770818936
Q45406171	6000000074746585927
Q45406174	6000000074746353111
Q45406175	6000000074746346019
Q45406176	6000000074744795338
Q45406177	6000000074746491030
Q45406180	6000000074746538975
Q45406182	6000000074691570878
Q45406184	6000000074691673838
Q45406185	6000000074716347110
Q45406187	6000000074717027861
Q45406188	6000000074747134071
Q45406191	6000000074770634074
Q45406193	6000000074769114615
Q45406197	6000000074770835973
Q45406199	6000000074770636015
Q45406200	6000000074770682017
Q45406204	6000000074770854968
Q45406206	6000000074771057835
Q45406208	6000000074771022829
Q45406210	6000000074771098823
Q45406212	6000000074770763943
Q45406213	6000000074747370907
Q45406215	6000000074746322977
Q45406217	6000000074746347957
Q45406219	6000000074725372880
Q45406220	6000000074705103943
Q45406222	6000000074704871174
Q45406224	6000000074705220849
Q45406225	6000000074702989829
Q45406227	6000000074749352955
Q45406228	6000000074749011271
Q45406231	6000000074749462912
Q45406232	6000000074770992852
Q45406236	6000000039151583624
Q45406238	6000000074698232024
Q45406241	6000000074770975877
Q45406242	6000000074770836913
Q45406244	6000000074770724935
Q45406246	6000000074749801222
Q45406247	6000000074749560423
Q45406248	6000000074750302821
Q45406249	6000000074749814103
Q45406251	6000000074770775970
Q45406254	6000000074770853920
Q45406258	6000000074770754912
Q45406260	6000000074725352011
Q45406261	6000000074725446912
Q45406263	6000000074771030866
Q45406266	6000000074770904901
Q45406267	6000000074770858915
Q45406270	6000000074770866861
Q45406274	6000000074771066844
Q45406275	6000000074770702994
Q45406278	6000000074771024868
Q45406279	6000000074771075854
Q45406281	6000000074771044894
Q45406282	6000000074771007878
Q45406283	6000000074770941936
Q45406287	6000000074770937943
Q45406288	6000000074770991903
Q45406290	6000000074770659034
Q45406291	6000000074770931897
Q45406293	6000000074770866871
Q45406294	6000000074770966859
Q45406296	6000000074771149822
Q45406297	6000000074770627072
Q45406298	6000000074771152822
Q45406300	6000000074771102858
Q45406305	6000000074758742944
Q45406308	6000000074757683804
Q45406310	6000000074758160397
Q45406311	6000000074770519011
Q45406314	6000000074705036944
Q45406315	6000000074704770029
Q45406317	6000000074704912966
Q45406319	6000000074768723082
Q45406320	6000000074771055851
Q45406321	6000000074771163823
Q45406324	6000000074770890902
Q45406326	6000000074770488253
Q45406327	6000000074771149828
Q45406329	6000000074770824910
Q45406330	6000000074771118855
Q45406332	6000000074770828947
Q45406337	6000000074771159827
Q45406339	6000000074770772994
Q45406340	6000000074771012868
Q45406341	6000000074770986899
Q45406344	6000000074771001872
Q45406345	6000000074770900906
Q45406348	6000000074771000916
Q45406349	6000000074770844076
Q45406353	6000000074769623518
Q45406355	6000000074771055881
Q45406360	6000000074770941954
Q45406362	6000000074771192831
Q45406363	6000000074770965931
Q45406365	6000000074770863937
Q45406368	6000000074770793952
Q45406369	6000000074771089851
Q45406373	6000000074770920016
Q45406374	6000000074770627093
Q45406377	6000000074771156844
Q45406379	6000000074771226821
Q45406380	6000000074770993911
Q45406382	6000000074771055887
Q45406385	6000000074770956924
Q45406386	6000000074771241822
Q45406390	6000000074771005869
Q45406392	6000000074767749676
Q45406394	6000000074770863946
Q45406396	6000000074770947946
Q45406400	6000000074771211846
Q45406402	6000000074770909895
Q45406403	6000000074769928393
Q45406407	6000000074771165882
Q45406408	6000000074771146852
Q45406416	6000000074771002913
Q45406419	6000000074771182854
Q45406420	6000000074771013893
Q45406422	6000000074770724976
Q45406423	6000000074771148841
Q45406425	6000000074771091864
Q45406427	6000000074770967953
Q45406428	6000000074771042891
Q45406430	6000000074771227836
Q45406432	6000000074771167864
Q45406434	6000000074771161861
Q45406436	6000000074770947957
Q45406439	6000000074771232842
Q45406441	6000000074771178857
Q45406449	6000000074771262851
Q45406450	6000000074771169836
Q45406453	6000000074768372073
Q45406455	6000000074767863363
Q45406456	6000000074768145370
Q45406460	6000000074768695902
Q45406461	6000000074768783867
Q45406463	6000000074768645956
Q45406464	6000000074768328173
Q45406465	6000000074768824835
Q45406466	6000000074771143875
Q45406468	6000000074770754981
Q45406470	6000000074771076925
Q45406471	6000000074771208878
Q45406473	6000000074771168888
Q45406475	6000000074771191847
Q45406478	6000000074734808892
Q45406479	6000000074771292828
Q45406482	6000000074771007915
Q45406484	6000000074771108861
Q45406486	6000000074771165837
Q45406487	6000000074770966864
Q45406490	6000000074771144837
Q45406491	6000000074771109863
Q45406495	6000000074771165833
Q45406497	6000000074771164868
Q45406498	6000000074770946929
Q454065	6000000027472421061
Q45406502	6000000074771168832
Q45406503	6000000074770855090
Q45406505	6000000074771157882
Q45406506	6000000074770921933
Q45406508	6000000074770504162
Q45406509	6000000074771232862
Q45406511	6000000074770842989
Q45406512	6000000074771259835
Q45406514	6000000074771082926
Q45406515	6000000074770866049
Q45406517	6000000074771228869
Q45406520	6000000074770693020
Q45406522	6000000074771267857
Q45406523	6000000074771309826
Q45406526	6000000074770829010
Q45406528	6000000074770954969
Q45406530	6000000074770872017
Q45406532	6000000074771067844
Q45406534	6000000074771165828
Q45406536	6000000074770865975
Q45406537	6000000074770942949
Q45406541	6000000074771108857
Q45406544	6000000074771169843
Q45406545	6000000074771026915
Q45406588	6000000074771195890
Q45406592	6000000074715201887
Q45406592	6000000074770348190
Q45406593	6000000074715377868
Q45406595	6000000074715179916
Q45406613	6000000074715238953
Q45406616	6000000074715403848
Q45406617	6000000074715259902
Q45406621	6000000074715404827
Q45406625	6000000074715095014
Q45406642	6000000074714936928
Q45406644	6000000074771403822
Q45406647	6000000074715368865
Q45406649	6000000074771407822
Q45406653	6000000074771298854
Q45406655	6000000074771029051
Q45406657	6000000074771395837
Q45406660	6000000074771394836
Q45406663	6000000074771390844
Q45406664	6000000074771320873
Q45406666	6000000074771318861
Q45406668	6000000074770900982
Q45406669	6000000074770949096
Q45406671	6000000074769872189
Q45406672	6000000074771414829
Q45406674	6000000074771377835
Q45406676	6000000074771253915
Q45406678	6000000074770823099
Q45406679	6000000074770921951
Q45406682	6000000074771470821
Q45406688	6000000074771178931
Q45406690	6000000074771253922
Q45406694	6000000074771442852
Q45406697	6000000074771416839
Q45406698	6000000074771488822
Q45406700	6000000074771489821
Q45406701	6000000074771424835
Q45406702	6000000074771432836
Q45406705	6000000074771496821
Q45406707	6000000074771298876
Q45406708	6000000074771146930
Q45406711	6000000074771478840
Q45406713	6000000074770834062
Q45406714	6000000074771474829
Q45406715	6000000074771468846
Q45406717	6000000074771222907
Q45406718	6000000074771488826
Q45406720	6000000074769605717
Q45406722	6000000074771246929
Q45406723	6000000074771263868
Q45406726	6000000074771341913
Q45406727	6000000074725920908
Q45406728	6000000074745250968
Q45406732	6000000074771295949
Q45406733	6000000074771496841
Q45406735	6000000074771502830
Q45406737	6000000074771247878
Q45406738	6000000074745522821
Q45406740	6000000074771333849
Q45406742	6000000074725819352
Q45406744	6000000074725671515
Q45406746	6000000074725348382
Q45406747	6000000074726065117
Q45406749	6000000074769914446
Q45406750	6000000074771043026
Q45406753	6000000074770994057
Q45406755	6000000074771339875
Q45406758	6000000074770504274
Q45406760	6000000074771284888
Q45406763	6000000074771353847
Q45406765	6000000074771459858
Q45406766	6000000074771397911
Q45406769	6000000074771186977
Q45406771	6000000074771441870
Q45406773	6000000074771433875
Q45406777	6000000074771431837
Q45406780	6000000074770901008
Q45406782	6000000074771311901
Q45406784	6000000074771164970
Q45406785	6000000074771385893
Q45406787	6000000074771171979
Q45406788	6000000074771363915
Q45406794	6000000074771472845
Q45406797	6000000074771414865
Q45406798	6000000074771449859
Q45406802	6000000074770432204
Q45406804	6000000074771258958
Q45406806	6000000074771325938
Q45406809	6000000074771448850
Q45406811	6000000074771339880
Q45406813	6000000074771301918
Q45406814	6000000074771522841
Q45406820	6000000074771421875
Q45406822	6000000074771489850
Q45406823	6000000074771458848
Q45406826	6000000074771473843
Q45406828	6000000074770243238
Q45406829	6000000074771514840
Q45406831	6000000074771520840
Q45406834	6000000074771231916
Q45406835	6000000074771420864
Q45406837	6000000074771522861
Q45406839	6000000074771561821
Q45406841	6000000074771172011
Q45406844	6000000074771045021
Q45406847	6000000074771489867
Q45406850	6000000074771484912
Q45406851	6000000074771509852
Q45406853	6000000074770488427
Q45406855	6000000074771433938
Q45406857	6000000074771485871
Q45406861	6000000074771108976
Q45406862	6000000074771420883
Q45406864	6000000074771496877
Q45406866	6000000074771274917
Q45406869	6000000074771379916
Q45406871	6000000074771581837
Q45406873	6000000074771542836
Q45406874	6000000074771303912
Q45406877	6000000074771211951
Q45406879	6000000074771332928
Q45406881	6000000074771141927
Q45406884	6000000074771325968
Q45406885	6000000074771339897
Q45406886	6000000074771530860
Q45406887	6000000074771423897
Q45406893	6000000074737979850
Q45406896	6000000074771369988
Q45406899	6000000074771476869
Q454069	6000000012288102536
Q45406901	6000000074771390931
Q45406904	6000000074771276955
Q45406905	6000000074771508913
Q45406908	6000000074771443868
Q45406909	6000000074771577839
Q45406913	6000000074698617214
Q45406915	6000000074771443873
Q45406917	6000000074770656165
Q45406919	6000000074771459898
Q45406922	6000000074771325990
Q45406924	6000000074771313959
Q45406926	6000000074771528885
Q45406928	6000000074771303917
Q45406930	6000000074725920022
Q45406932	6000000074769784715
Q45406934	6000000074771609824
Q45406936	6000000074771264945
Q45406937	6000000074771303929
Q45406939	6000000074771310941
Q45406941	6000000074771537865
Q45406943	6000000074771462919
Q45406947	6000000074699494972
Q45406949	6000000074699697883
Q45406950	6000000074699274227
Q45406951	6000000074770432245
Q45406954	6000000074771131041
Q45406956	6000000074770656182
Q45406957	6000000074771361896
Q45406959	6000000074771211995
Q45406961	6000000074771387952
Q45406964	6000000074771526890
Q45406968	6000000074771392937
Q45406972	6000000074771495898
Q45406976	6000000074771169909
Q45406977	6000000074771379924
Q45406979	6000000074771077087
Q45406981	6000000074771543877
Q45406985	6000000074771043118
Q45406987	6000000074771589856
Q45406990	6000000074771541869
Q45406992	6000000074771645829
Q45406995	6000000074771334957
Q45406996	6000000074770678349
Q45406997	6000000074771308976
Q45406999	6000000074771443898
Q45407003	6000000074771573860
Q45407004	6000000074771666821
Q45407006	6000000074771588866
Q45407007	6000000074771420000
Q45407010	6000000074771664822
Q45407011	6000000074771495913
Q45407014	6000000074771246015
Q45407014	6000000074771601837
Q45407015	6000000074771577874
Q45407019	6000000074771511911
Q45407020	6000000074771668840
Q45407021	6000000074771453900
Q45407023	6000000074770488467
Q45407027	6000000074771607866
Q45407029	6000000074771539904
Q45407031	6000000074771270977
Q45407032	6000000074771451925
Q45407036	6000000074771443072
Q45407038	6000000074771596866
Q45407040	6000000074771678849
Q45407042	6000000074771343984
Q45407043	6000000074771472906
Q45407046	6000000074771027072
Q45407048	6000000074771697834
Q45407051	6000000074771677836
Q45407054	6000000074771472913
Q45407056	6000000074771631884
Q45407058	6000000074771521921
Q45407059	6000000074770243262
Q45407061	6000000074771482920
Q45407063	6000000074771413975
Q45407066	6000000074771699833
Q45407068	6000000074771582876
Q45407069	6000000074771212039
Q45407071	6000000074771309962
Q45407072	6000000074771473921
Q45407074	6000000074771522927
Q45407076	6000000074771639853
Q45407077	6000000074771295971
Q45407079	6000000074771582881
Q45407081	6000000074771529879
Q45407082	6000000074771543901
Q45407085	6000000074771209151
Q45407086	6000000074771715831
Q45407088	6000000074771732835
Q45407090	6000000074702011834
Q45407091	6000000074768520865
Q45407093	6000000074771472956
Q45407095	6000000074769575959
Q45407101	6000000074771633892
Q45407104	6000000074771545939
Q45407105	6000000074771649855
Q45407107	6000000074688032828
Q45407109	6000000074771738836
Q45407111	6000000074771752821
Q45407113	6000000074771355025
Q45407115	6000000074771734844
Q45407117	6000000074771607872
Q45407118	6000000074771058060
Q45407120	6000000074690847191
Q45407123	6000000074771507953
Q45407125	6000000074771675870
Q45407127	6000000074771618883
Q45407128	6000000074771585892
Q45407130	6000000074771600882
Q45407132	6000000074771736834
Q45407133	6000000074771436941
Q45407136	6000000074771585897
Q45407138	6000000074771760834
Q45407139	6000000074770693188
Q45407142	6000000074771643869
Q45407145	6000000074771598920
Q45407148	6000000074771751829
Q45407149	6000000074771360967
Q45407150	6000000074771710861
Q45407152	6000000074771699846
Q45407153	6000000074771545976
Q45407155	6000000074771551978
Q45407156	6000000074771751834
Q45407159	6000000074771736844
Q45407162	6000000074771278090
Q45407163	6000000074771719862
Q45407164	6000000074771752856
Q45407165	6000000074771687874
Q45407167	6000000074771370062
Q45407169	6000000074771581884
Q45407170	6000000074771672904
Q45407172	6000000074771598939
Q45407174	6000000074770868207
Q45407177	6000000074771744848
Q45407179	6000000074771187107
Q45407180	6000000074771600891
Q45407182	6000000074770839148
Q45407184	6000000074771574914
Q45407185	6000000074771708876
Q45407186	6000000074771667926
Q45407188	6000000074771414997
Q45407189	6000000074685755821
Q45407191	6000000074684870759
Q45407192	6000000074771155107
Q45407196	6000000074770838254
Q45407198	6000000074771589910
Q45407199	6000000074771738882
Q45407202	6000000074737524921
Q45407204	6000000074771805833
Q45407206	6000000074771692905
Q45407208	6000000074771045181
Q45407210	6000000074771721864
Q45407211	6000000074771678888
Q45407215	6000000074771581890
Q45407218	6000000074771473944
Q45407221	6000000074771308038
Q45407223	6000000074771643884
Q45407224	6000000074771232022
Q45407226	6000000074771386055
Q45407227	6000000074771737856
Q45407228	6000000074771632892
Q45407231	6000000074771474980
Q45407232	6000000074771277024
Q45407236	6000000074771421025
Q45407237	6000000074771421038
Q45407238	6000000074771309039
Q45407241	6000000074771804831
Q45407244	6000000074771439007
Q45407246	6000000074771832832
Q45407249	6000000074771811846
Q45407250	6000000074782913142
Q45407252	6000000074782924051
Q45407253	6000000074782299405
Q45407256	6000000074783214857
Q45407257	6000000074783189884
Q45407259	6000000074783229857
Q45407262	6000000074783055032
Q45407264	6000000074782923090
Q45407266	6000000074783064995
Q45407268	6000000074782600243
Q45407269	6000000074782967061
Q45407274	6000000074783240847
Q45407275	6000000074783263841
Q45407277	6000000074782863187
Q45407279	6000000074783190869
Q45407282	6000000074783189899
Q45407284	6000000074782920063
Q45407287	6000000074782805131
Q45407288	6000000074782977056
Q45407291	6000000074687660015
Q45407293	6000000074687794938
Q45407295	6000000074687932868
Q45407296	6000000074687552091
Q45407298	6000000074687656024
Q45407300	6000000074687638037
Q45407302	6000000074687456062
Q45407303	6000000074687917844
Q45407307	6000000074687936828
Q45407309	6000000074687870867
Q45407312	6000000074782612327
Q45407315	6000000074783263857
Q45407317	6000000074782840265
Q45407318	6000000074782962102
Q45407319	6000000074783243885
Q45407322	6000000074783157956
Q45407325	6000000074782885148
Q45407326	6000000074782765197
Q45407329	6000000074783302822
Q45407330	6000000074783190896
Q45407332	6000000074783203878
Q45407335	6000000074783014056
Q45407336	6000000074783242926
Q45407337	6000000074783228869
Q45407339	6000000074783183913
Q45407341	6000000074781826694
Q45407344	6000000074782973105
Q45407346	6000000074783266854
Q45407348	6000000074783316826
Q45407351	6000000074782925143
Q45407353	6000000074782718281
Q45407354	6000000074782805190
Q45407356	6000000074783196927
Q45407357	6000000074782456384
Q45407358	6000000074782932080
Q45407360	6000000074782839204
Q45407363	6000000074782856092
Q45407365	6000000074783148974
Q45407367	6000000074783310850
Q45407369	6000000074783308838
Q45407375	6000000074782466310
Q45407377	6000000074782444493
Q45407378	6000000074782170603
Q45407380	6000000074783277874
Q45407382	6000000074782813188
Q45407385	6000000074782994071
Q45407389	6000000074782691170
Q45407391	6000000074783229921
Q45407393	6000000074782781209
Q45407396	6000000074783351822
Q45407398	6000000074782873244
Q45407400	6000000074783338834
Q45407404	6000000074783257896
Q45407406	6000000074783355832
Q45407408	6000000074783229936
Q45407410	6000000074783275859
Q45407412	6000000074783328844
Q45407414	6000000074783124939
Q45407416	6000000074783328851
Q45407417	6000000074783279856
Q45407419	6000000074782987114
Q45407421	6000000074782070735
Q45407423	6000000074783339839
Q45407425	6000000074782818025
Q45407426	6000000074783139018
Q45407428	6000000074783250922
Q45407431	6000000074783129006
Q45407432	6000000074782572570
Q45407434	6000000075325838822
Q45407439	6000000074783079091
Q45407440	6000000074783036072
Q45407442	6000000074783100014
Q45407443	6000000074782466331
Q45407445	6000000074783366840
Q45407446	6000000074783366845
Q45407448	6000000074781826726
Q45407450	6000000074783002124
Q45407452	6000000074783196994
Q45407455	6000000074701403019
Q45407457	6000000074701280094
Q45407458	6000000074701365012
Q45407460	6000000074783024112
Q45407462	6000000074782518587
Q45407464	6000000074782805234
Q45407466	6000000074783081116
Q45407468	6000000074783296919
Q45407470	6000000074783305901
Q45407472	6000000074783331889
Q45407474	6000000074783361832
Q45407476	6000000074782936108
Q45407480	6000000074783310866
Q45407482	6000000074783386830
Q45407485	6000000074783195973
Q45407486	6000000074782638419
Q45407488	6000000074783384847
Q45407489	6000000074783416826
Q45407490	6000000074782692412
Q45407493	6000000074783087053
Q45407494	6000000074782869196
Q45407498	6000000074782881295
Q45407500	6000000074783425829
Q45407502	6000000074783308907
Q45407505	6000000074782857292
Q45407507	6000000074783288946
Q45407509	6000000074783244008
Q45407511	6000000074783024130
Q45407514	6000000074783229979
Q45407515	6000000074782812211
Q45407516	6000000074783440834
Q45407517	6000000074782897955
Q45407518	6000000074783232957
Q45407520	6000000074781677455
Q45407522	6000000074783251929
Q45407523	6000000074783218949
Q45407525	6000000074783403832
Q45407527	6000000074782992121
Q45407531	6000000074782140774
Q45407533	6000000037090226423
Q45407535	6000000074783221017
Q45407537	6000000074783013039
Q45407539	6000000074783268942
Q45407541	6000000074783160969
Q45407543	6000000037090137426
Q45407546	6000000074782612428
Q45407550	6000000074782684282
Q45407553	6000000074782936136
Q45407554	6000000074783385878
Q45407555	6000000074783234982
Q45407556	6000000074769296224
Q45407558	6000000074783102031
Q45407559	6000000074782502562
Q45407561	6000000074783160983
Q45407562	6000000074782957150
Q45407564	6000000074782950208
Q45407566	6000000074783466830
Q45407567	6000000019314709406
Q45407571	6000000074688348983
Q45407574	6000000074688423902
Q45407575	6000000074783448836
Q45407577	6000000074783162038
Q45407579	6000000074782842304
Q45407581	6000000074783366931
Q45407583	6000000074782596504
Q45407584	6000000074783151094
Q45407585	6000000074783370937
Q45407587	6000000074783287893
Q45407590	6000000074782987217
Q45407597	6000000074782596516
Q45407599	6000000074783299962
Q45407601	6000000074783471842
Q45407603	6000000074782812263
Q45407606	6000000074783473846
Q45407608	6000000074783486823
Q45407610	6000000074783400898
Q45407612	6000000074783489821
Q45407614	6000000074783490824
Q45407618	6000000074783283027
Q45407620	6000000074782684315
Q45407621	6000000074783484843
Q45407622	6000000074783157044
Q45407628	6000000074783000163
Q45407630	6000000074783395904
Q45407631	6000000074782718410
Q45407633	6000000074783471874
Q45407634	6000000074783480842
Q45407637	6000000074783297982
Q45407639	6000000074783235023
Q45407640	6000000074783309985
Q45407641	6000000074783485873
Q45407644	6000000074782472370
Q45407648	6000000074783196054
Q45407651	6000000074782918225
Q45407653	6000000074782596555
Q45407655	6000000074783382966
Q45407657	6000000074783522836
Q45407659	6000000074783314022
Q45407662	6000000074783370976
Q45407663	6000000074783430905
Q45407665	6000000074782757286
Q45407666	6000000074782757291
Q45407668	6000000074783531845
Q45407669	6000000074783297040
Q45407670	6000000074783322002
Q45407671	6000000074783230894
Q45407673	6000000074783409917
Q45407674	6000000074783489883
Q45407678	6000000074783297046
Q45407679	6000000074783175082
Q45407680	6000000074783364951
Q45407681	6000000074783407920
Q45407683	6000000074783264069
Q45407685	6000000074769873852
Q45407686	6000000074783468897
Q45407688	6000000074783516862
Q45407689	6000000074783548824
Q45407691	6000000074783343977
Q45407696	6000000074692083850
Q45407698	6000000074783230061
Q45407699	6000000074717235001
Q45407702	6000000074718885914
Q45407704	6000000074727864870
Q45407705	6000000074718980967
Q45407707	6000000074727802003
Q45407708	6000000074727819894
Q45407710	6000000074727518181
Q45407711	6000000074783254031
Q45407712	6000000074783363000
Q45407715	6000000074684525365
Q45407717	6000000074684651339
Q45407719	6000000074783314044
Q45407721	6000000074782704437
Q45407723	6000000074783566834
Q45407725	6000000074782730362
Q45407728	6000000074782502657
Q45407730	6000000074783564841
Q45407732	6000000074783459900
Q45407733	6000000074782995106
Q45407736	6000000074783474907
Q45407737	6000000074751358885
Q45407739	6000000074750785225
Q45407741	6000000074751391874
Q45407742	6000000074783481885
Q45407744	6000000074783566861
Q45407745	6000000074783093130
Q45407746	6000000074782987290
Q45407747	6000000074783085095
Q45407748	6000000074782502664
Q45407751	6000000074687858034
Q45407752	6000000074686885703
Q45407754	6000000074687575268
Q45407756	6000000074688096934
Q45407758	6000000074688244836
Q45407759	6000000074688153896
Q45407760	6000000074688223850
Q45407762	6000000074688274825
Q45407766	6000000074688216866
Q45407769	6000000074688078017
Q45407771	6000000074687944034
Q45407773	6000000074687916991
Q45407776	6000000074783395945
Q45407779	6000000074782531712
Q45407781	6000000074783190161
Q45407782	6000000074783576840
Q45407784	6000000074687609152
Q45407786	6000000074783485948
Q45407788	6000000074748770889
Q45407789	6000000074748600020
Q45407791	6000000074748575947
Q45407792	6000000074748736890
Q45407795	6000000074748759868
Q45407798	6000000074748537061
Q45407800	6000000074783562866
Q45407801	6000000074783552855
Q45407802	6000000074783600840
Q45407804	6000000074748746908
Q45407806	6000000074748112162
Q45407809	6000000074748694917
Q45407810	6000000074748417078
Q45407812	6000000074748562019
Q45407813	6000000074748758888
Q45407815	6000000074747377710
Q45407816	6000000074691923886
Q45407820	6000000074691951929
Q45407822	6000000074783525889
Q45407823	6000000074783431039
Q45407826	6000000074783270080
Q45407828	6000000074782957199
Q45407830	6000000074783576856
Q45407831	6000000074782998241
Q45407833	6000000074783235078
Q45407835	6000000074782932241
Q45407836	6000000074783395959
Q45407838	6000000074782757352
Q45407840	6000000074783367029
Q45407842	6000000074783162128
Q45407843	6000000074782472411
Q45407845	6000000074783295026
Q45407847	6000000074783614822
Q45407848	6000000074782918323
Q45407850	6000000074783485976
Q45407851	6000000074783521878
Q45407853	6000000074783298081
Q45407855	6000000074783371042
Q45407858	6000000074783436981
Q45407860	6000000074783527907
Q45407862	6000000074783586828
Q45407864	6000000074783629821
Q45407865	6000000074783595854
Q45407867	6000000074783093155
Q45407869	6000000074783528917
Q45407871	6000000074783150163
Q45407872	6000000074782566680
Q45407873	6000000074783093160
Q45407876	6000000074783601869
Q45407877	6000000074783576877
Q45407881	6000000074783544915
Q45407882	6000000074782456562
Q45407884	6000000074783547904
Q45407885	6000000074783476990
Q45407887	6000000074783363082
Q45407889	6000000074783600880
Q45407891	6000000074783627850
Q45407892	6000000074751600870
Q45407894	6000000074751439959
Q45407896	6000000074751043261
Q45407898	6000000074783167228
Q45407901	6000000074783363087
Q45407902	6000000074698251830
Q45407904	6000000074783608860
Q45407907	6000000074711560928
Q45407908	6000000074783596891
Q45407909	6000000074783363996
Q45407911	6000000074710898216
Q45407913	6000000074782950332
Q45407917	6000000074782691340
Q45407919	6000000074783481918
Q45407921	6000000074783617887
Q45407923	6000000074783382000
Q45407924	6000000074782825582
Q45407926	6000000074783574873
Q45407927	6000000074783394983
Q45407929	6000000074783657842
Q45407931	6000000074783087221
Q45407933	6000000074783237161
Q45407934	6000000074783346953
Q45407935	6000000074782780432
Q45407937	6000000074783618872
Q45407940	6000000074781677560
Q45407941	6000000074783373038
Q45407942	6000000074783102182
Q45407943	6000000074783676821
Q45407945	6000000074783642836
Q45407946	6000000074783447978
Q45407947	6000000074783582873
Q45407949	6000000074783424995
Q45407951	6000000074783574884
Q45407952	6000000074737128002
Q45407953	6000000074782989187
Q45407955	6000000074783417043
Q45407957	6000000074783610841
Q45407958	6000000074783312104
Q45407959	6000000074783412092
Q45407960	6000000074727205421
Q45407961	6000000074783320122
Q45407965	6000000074783368065
Q45407968	6000000074783669822
Q45407970	6000000074783235137
Q45407971	6000000074783599883
Q45407973	6000000074782472424
Q45407975	6000000074783079328
Q45407977	6000000074783289958
Q45407980	6000000074783707821
Q45407984	6000000074783410000
Q45407985	6000000074783454034
Q45407986	6000000074783609901
Q45407988	6000000074783277049
Q45407989	6000000074783427105
Q45407991	6000000074782812446
Q45407993	6000000074783235143
Q45407999	6000000074783688844
Q45408000	6000000074783608884
Q45408002	6000000074783024358
Q45408004	6000000074783167318
Q45408006	6000000074783600933
Q45408010	6000000074783087235
Q45408011	6000000074783334051
Q45408015	6000000074783484021
Q45408016	6000000074783295135
Q45408019	6000000074783662890
Q45408022	6000000074783317092
Q45408023	6000000074783525998
Q45408024	6000000074782962423
Q45408026	6000000074688453961
Q45408027	6000000074783658898
Q45408029	6000000074782846561
Q45408031	6000000074688266085
Q45408033	6000000074688061328
Q45408035	6000000074688536924
Q45408037	6000000074688411053
Q45408039	6000000074688457991
Q45408040	6000000074688600922
Q45408042	6000000074688238121
Q45408043	6000000074688609895
Q45408045	6000000074688732840
Q45408046	6000000074688322059
Q45408050	6000000074688386036
Q45408052	6000000074687837280
Q45408054	6000000074783547937
Q45408055	6000000074783087250
Q45408059	6000000074783366083
Q45408060	6000000074783528019
Q45408061	6000000074782744578
Q45408063	6000000074783662906
Q45408064	6000000075419738984
Q45408065	6000000074727535039
Q45408067	6000000074783483034
Q45408069	6000000074783733862
Q45408071	6000000074783677878
Q45408073	6000000074783601003
Q45408075	6000000074726176001
Q45408076	6000000074726286943
Q45408078	6000000074725996156
Q45408080	6000000074725711501
Q45408082	6000000074726362865
Q45408085	6000000074726322876
Q45408086	6000000074757945059
Q45408087	6000000074726366865
Q45408090	6000000074783496997
Q45408091	6000000074783162278
Q45408092	6000000074687962969
Q45408095	6000000074688092844
Q45408097	6000000074688100863
Q45408099	6000000074687458128
Q454081	6000000045388937069
Q45408102	6000000074687428188
Q45408104	6000000074688014868
Q45408107	6000000074686863507
Q45408108	6000000074686808719
Q45408113	6000000074687205916
Q45408114	6000000074686647393
Q45408117	6000000074783766823
Q45408118	6000000074686561533
Q45408119	6000000074783271288
Q45408121	6000000074686585379
Q45408123	6000000074686561537
Q45408127	6000000074783437101
Q45408129	6000000074782301792
Q45408131	6000000074783615984
Q45408132	6000000074783774832
Q45408134	6000000074783755837
Q45408137	6000000074783528959
Q45408140	6000000074783375101
Q45408141	6000000074783728849
Q45408143	6000000074783728854
Q45408146	6000000074782998362
Q45408155	6000000074688180826
Q45408157	6000000074688145854
Q45408173	6000000074783732877
Q45408174	6000000074783528966
Q45408177	6000000074783755862
Q45408178	6000000074783585965
Q45408180	6000000074783780827
Q45408182	6000000074783438068
Q45408185	6000000074688142060
Q45408187	6000000074688424902
Q45408191	6000000074688010252
Q45408193	6000000074688512893
Q45408194	6000000074688595827
Q45408195	6000000074688415913
Q45408197	6000000074688510871
Q45408200	6000000074783482034
Q45408202	6000000074783446111
Q45408204	6000000074783743869
Q45408206	6000000074783819821
Q45408208	6000000074783438072
Q45408209	6000000074783626934
Q45408211	6000000074783619947
Q45408213	6000000074783252156
Q45408216	6000000074783387113
Q45408220	6000000074782566799
Q45408223	6000000074783611996
Q45408224	6000000074687271124
Q45408226	6000000074687265099
Q45408230	6000000074687534905
Q45408232	6000000074687390000
Q45408234	6000000074687585836
Q45408236	6000000074782752390
Q45408237	6000000074783558095
Q45408239	6000000074783731890
Q45408241	6000000074783677959
Q45408244	6000000074783100335
Q45408246	6000000074783553959
Q45408248	6000000074783289981
Q45408249	6000000074782932435
Q45408251	6000000074783732933
Q45408252	6000000074783801843
Q45408253	6000000074783827831
Q45408255	6000000074783437118
Q45408256	6000000074783782856
Q45408257	6000000019314696356
Q45408260	6000000074688058845
Q45408263	6000000074687454138
Q45408264	6000000074688051840
Q45408267	6000000074687560067
Q45408269	6000000074687876942
Q45408271	6000000074782998412
Q45408272	6000000074783368227
Q45408274	6000000074783684947
Q45408279	6000000074782601727
Q45408280	6000000074783552111
Q45408282	6000000074783668932
Q45408284	6000000074783239246
Q45408287	6000000074783697921
Q45408289	6000000075061718873
Q45408290	6000000075059048702
Q45408291	6000000075061882826
Q45408293	6000000074783739911
Q45408295	6000000074783809838
Q45408297	6000000074783435099
Q45408299	6000000074783190471
Q45408301	6000000074783983838
Q45408302	6000000074783923881
Q45408304	6000000074783847955
Q45408305	6000000074783490214
Q45408307	6000000074783468261
Q45408310	6000000074783382270
Q45408313	6000000074784049854
Q45408315	6000000074783904991
Q45408318	6000000074783583153
Q45408320	6000000074783819998
Q45408321	6000000074783929896
Q45408324	6000000074784073821
Q45408325	6000000074783932870
Q45408326	6000000074784054840
Q45408327	6000000074783753973
Q45408329	6000000074783613101
Q45408332	6000000074783970930
Q45408334	6000000074784063846
Q45408336	6000000074783235433
Q45408338	6000000074783924932
Q45408339	6000000074783911893
Q45408340	6000000074784081825
Q45408341	6000000074701685839
Q45408342	6000000074687590984
Q45408344	6000000074726223969
Q45408346	6000000074726195984
Q45408348	6000000074726045276
Q45408351	6000000047504730880
Q45408353	6000000074736271826
Q45408355	6000000074783061646
Q45408357	6000000074726100254
Q45408359	6000000074783395372
Q45408360	6000000074784051900
Q45408362	6000000074784088838
Q45408365	6000000074784058874
Q45408366	6000000074783190523
Q45408368	6000000074783024588
Q45408370	6000000074783629182
Q45408371	6000000074784099825
Q45408374	6000000074784075852
Q45408375	6000000074783477250
Q45408377	6000000074783483207
Q45408379	6000000074784129822
Q45408381	6000000074783983921
Q45408383	6000000074784073848
Q45408384	6000000074783532353
Q45408387	6000000074783839028
Q45408389	6000000074783903955
Q45408391	6000000074784046855
Q45408393	6000000074783396392
Q45408394	6000000074783677122
Q45408396	6000000074783921944
Q45408399	6000000074784022879
Q45408401	6000000074783811080
Q45408403	6000000074783806051
Q45408404	6000000074784091850
Q45408407	6000000074784051935
Q45408411	6000000074784058895
Q45408412	6000000074784155822
Q45408414	6000000074784133867
Q45408415	6000000074783609151
Q45408416	6000000074783963909
Q45408417	6000000074783696106
Q45408421	6000000074783995875
Q45408424	6000000074784045919
Q45408425	6000000074783916999
Q45408426	6000000074783782139
Q45408428	6000000074783778034
Q45408430	6000000074784128846
Q45408432	6000000074784037947
Q45408434	6000000074783970949
Q45408435	6000000074783939000
Q45408438	6000000074784114863
Q45408440	6000000074687401027
Q45408443	6000000074687812827
Q45408445	6000000074687624896
Q45408447	6000000074687823821
Q45408448	6000000074687668881
Q45408450	6000000074687238117
Q45408451	6000000075419057924
Q45408453	6000000074727791467
Q45408455	6000000074783762153
Q45408456	6000000074781677758
Q45408459	6000000074687773920
Q45408461	6000000074687860823
Q45408464	6000000074687869821
Q45408467	6000000074687435186
Q45408469	6000000074687768854
Q45408472	6000000074687647999
Q45408473	6000000074687829839
Q45408474	6000000074783988996
Q45408475	6000000074783492264
Q45408477	6000000074783940969
Q45408479	6000000074783526299
Q45408481	6000000074782992029
Q45408482	6000000074782680255
Q45408485	6000000074783229883
Q45408487	6000000074782362477
Q45408490	6000000074783307825
Q45408492	6000000074783970961
Q45408493	6000000074784169837
Q45408495	6000000074784174826
Q45408496	6000000074784004916
Q45408497	6000000074783365362
Q45408500	6000000074784134849
Q45408502	6000000074784000908
Q45408504	6000000074710839958
Q45408506	6000000074711009840
Q45408509	6000000074784153839
Q45408514	6000000074783884025
Q45408516	6000000074705133838
Q45408518	6000000074784208822
Q45408519	6000000074783871051
Q45408521	6000000074783873009
Q45408523	6000000074783860997
Q45408527	6000000074784031934
Q45408529	6000000074784049960
Q45408531	6000000074784093893
Q45408532	6000000074783627238
Q45408534	6000000074688778858
Q45408535	6000000074688744870
Q45408537	6000000074699099016
Q45408541	6000000074783211114
Q45408542	6000000074783786069
Q45408543	6000000074784064926
Q45408545	6000000074784122885
Q45408546	6000000074784123904
Q45408551	6000000074782918806
Q45408553	6000000074755335264
Q45408555	6000000074755332298
Q45408557	6000000074784235833
Q45408559	6000000074783806110
Q45408560	6000000074783917041
Q45408562	6000000074783429431
Q45408564	6000000074783061738
Q45408565	6000000074784208850
Q45408568	6000000074784070962
Q45408569	6000000074784098907
Q45408571	6000000074784221867
Q45408572	6000000074784244823
Q45408574	6000000074783219510
Q45408577	6000000074784234839
Q45408578	6000000074783504278
Q45408579	6000000074784050003
Q45408581	6000000074783387370
Q45408582	6000000074783677167
Q45408585	6000000074783387374
Q45408587	6000000074783429448
Q45408589	6000000074705503141
Q45408590	6000000074704750518
Q45408592	6000000074705623985
Q45408593	6000000074705725916
Q45408595	6000000074784068911
Q45408596	6000000074784165926
Q45408599	6000000074711883040
Q45408600	6000000074712203886
Q45408603	6000000074712168899
Q45408605	6000000074783763074
Q45408607	6000000074784110955
Q45408610	6000000074783957042
Q45408612	6000000074783526363
Q45408613	6000000074783961081
Q45408615	6000000074784240841
Q45408616	6000000074784131928
Q45408617	6000000074783483350
Q45408619	6000000074783765138
Q45408620	6000000074783691187
Q45408624	6000000074784225889
Q45408625	6000000074783971038
Q45408627	6000000074784224873
Q45408629	6000000074783219523
Q45408631	6000000074783775204
Q45408632	6000000074784234877
Q45408632	6000000075488365843
Q45408635	6000000074784239843
Q45408636	6000000074687983903
Q45408637	6000000074698922013
Q45408639	6000000074783365445
Q45408641	6000000074687812006
Q45408643	6000000074784232893
Q45408647	6000000074783627301
Q45408648	6000000074783477353
Q45408650	6000000074784156907
Q45408652	6000000074784108986
Q45408654	6000000074784236899
Q45408655	6000000074783770116
Q45408657	6000000075058536833
Q45408659	6000000074690544484
Q45408661	6000000074691777943
Q45408665	6000000074784199906
Q45408667	6000000074784013974
Q45408668	6000000074784302837
Q45408670	6000000074783693303
Q45408671	6000000074784139916
Q45408673	6000000074784042043
Q45408675	6000000074784083965
Q45408677	6000000074784183936
Q45408679	6000000074685169014
Q45408681	6000000074724814249
Q45408683	6000000074724968062
Q45408685	6000000074784260852
Q45408686	6000000074783627325
Q45408687	6000000074784315845
Q45408688	6000000074784186907
Q45408691	6000000074687557920
Q45408692	6000000074687779821
Q45408694	6000000074687092209
Q45408696	6000000074687773828
Q45408698	6000000075058533833
Q45408700	6000000075057440367
Q45408702	6000000075058449896
Q45408704	6000000075057817217
Q45408705	6000000075058557821
Q45408708	6000000075058532845
Q45408709	6000000074688196896
Q45408711	6000000074687560238
Q45408712	6000000074784342830
Q45408714	6000000074734872951
Q45408716	6000000074734953904
Q45408718	6000000074734995863
Q45408719	6000000074784314862
Q45408721	6000000074784216912
Q45408722	6000000074784260869
Q45408724	6000000074784284855
Q45408725	6000000074784238905
Q45408727	6000000074783858132
Q45408748	6000000074784046941
Q45408749	6000000074784100020
Q45408752	6000000074784242942
Q45408753	6000000074783891111
Q45408755	6000000074783783172
Q45408757	6000000074783754124
Q45408759	6000000074784021069
Q45408761	6000000074783835091
Q45408762	6000000074784349832
Q45408764	6000000074783965199
Q45408766	6000000074784169930
Q45408778	6000000074728606943
Q45408780	6000000074727801406
Q45408781	6000000074728788842
Q45408783	6000000074728711856
Q45408786	6000000074728741912
Q45408787	6000000074784206916
Q45408789	6000000074784051038
Q45408790	6000000074783691226
Q45408794	6000000074784100999
Q45408796	6000000074784343890
Q45408798	6000000074784373825
Q454088	6000000014845374208
Q45408800	6000000074728362114
Q45408803	6000000074727969248
Q45408805	6000000074728844831
Q45408808	6000000074784266905
Q45408810	6000000074784225973
Q45408811	6000000074783395564
Q45408815	6000000074784130009
Q45408817	6000000074784101005
Q45408819	6000000074784376847
Q45408820	6000000074784360855
Q45408821	6000000074783666418
Q45408824	6000000074783957151
Q45408826	6000000074784362831
Q45408827	6000000074784204943
Q45408829	6000000074783706234
Q45408830	6000000074783666423
Q45408832	6000000074784315885
Q45408835	6000000074784360862
Q45408838	6000000074687826021
Q45408840	6000000074688110842
Q45408841	6000000074687658948
Q45408843	6000000074784134989
Q45408845	6000000074784114029
Q45408847	6000000074784223979
Q45408848	6000000074784357872
Q45408849	6000000074784137997
Q45408852	6000000074783775285
Q45408853	6000000074784361861
Q45408855	6000000074784240939
Q45408856	6000000074784333930
Q45408858	6000000074783398442
Q45408860	6000000074783744280
Q45408861	6000000074784359882
Q45408863	6000000074784059047
Q45408864	6000000074783905223
Q45408865	6000000074783754133
Q45408867	6000000074783917221
Q45408869	6000000074784407844
Q45408871	6000000074784203026
Q45408872	6000000074783835179
Q45408874	6000000074784123990
Q45408877	6000000074784266929
Q45408879	6000000074784339895
Q45408881	6000000074784246949
Q45408882	6000000074784086062
Q45408883	6000000074784166050
Q45408884	6000000074784030155
Q45408885	6000000074783806316
Q45408887	6000000074784405849
Q45408888	6000000074687412240
Q45408889	6000000074688037977
Q45408891	6000000074783280746
Q45408894	6000000074687641231
Q45408895	6000000074688196882
Q45408896	6000000074687221214
Q45408897	6000000074688009998
Q45408898	6000000074687176384
Q45408900	6000000074688156898
Q45408901	6000000074783917286
Q45408903	6000000074783917290
Q45408904	6000000074784357883
Q45408906	6000000074784322883
Q45408910	6000000074784432847
Q45408911	6000000074784307964
Q45408913	6000000074784412843
Q45408915	6000000074783775318
Q45408916	6000000074784465822
Q45408917	6000000074784466821
Q45408919	6000000074784078061
Q45408921	6000000074783666495
Q45408925	6000000074783316553
Q45408926	6000000074784204988
Q45408929	6000000074783831324
Q45408930	6000000074784436847
Q45408932	6000000074783666468
Q45408933	6000000074784432851
Q45408936	6000000074784320951
Q45408937	6000000074784332976
Q45408939	6000000074784380897
Q45408940	6000000074784432878
Q45408941	6000000074784240025
Q45408942	6000000074784471835
Q45408945	6000000074784465829
Q45408946	6000000074784394927
Q45408949	6000000074784285003
Q45408951	6000000074783905261
Q45408953	6000000074783795293
Q45408955	6000000074784217037
Q45408957	6000000074784077039
Q45408959	6000000074688447951
Q45408961	6000000074687769282
Q45408962	6000000074688545856
Q45408966	6000000074688496940
Q45408969	6000000074688025133
Q45408971	6000000074688512897
Q45408974	6000000074687201589
Q45408977	6000000074688283966
Q45408979	6000000074688555845
Q45408980	6000000074687743216
Q45408981	6000000074688408888
Q45408983	6000000074688322006
Q45408987	6000000074687888257
Q45408990	6000000074688250004
Q45408991	6000000074688396924
Q45408993	6000000074690620838
Q45408995	6000000074690479916
Q45408998	6000000074689731234
Q45408999	6000000074689956181
Q45409003	6000000074690707821
Q45409006	6000000074770168009
Q45409008	6000000074770626847
Q45409011	6000000074688154848
Q45409012	6000000074784349920
Q45409015	6000000074784246977
Q45409017	6000000074783180203
Q45409018	6000000074784038138
Q45409047	6000000074686671595
Q45409049	6000000074687408916
Q45409052	6000000074687553877
Q45409054	6000000074784056065
Q45409055	6000000074687554880
Q45409057	6000000074687577883
Q45409059	6000000074687274032
Q45409061	6000000075325914891
Q45409063	6000000075325266424
Q45409065	6000000074784421823
Q45409067	6000000074784509839
Q45409069	6000000074784223052
Q45409071	6000000074784518833
Q45409073	6000000074784425875
Q45409074	6000000074784397900
Q45409076	6000000074784517833
Q45409077	6000000074784094111
Q45409079	6000000074784427908
Q45409082	6000000074784532822
Q45409083	6000000074783912081
Q45409085	6000000074784408919
Q45409087	6000000074783921221
Q45409088	6000000074784404948
Q45409090	6000000046886259372
Q45409091	6000000074784342982
Q45409092	6000000074784147143
Q45409095	6000000075056790508
Q45409097	6000000075058311972
Q45409098	6000000075058513873
Q45409100	6000000075058487879
Q45409103	6000000075057833158
Q45409105	6000000075058524869
Q45409107	6000000075058503895
Q45409110	6000000075058487884
Q45409111	6000000075058236082
Q45409113	6000000075058327919
Q45409116	6000000075058513902
Q45409119	6000000075058300005
Q45409121	6000000075058602821
Q45409122	6000000075058088123
Q45409125	6000000075058448922
Q45409127	6000000075057400382
Q45409128	6000000075058172872
Q45409129	6000000075058458886
Q45409132	6000000075058381909
Q45409133	6000000075058324988
Q45409134	6000000075058561841
Q45409137	6000000075058266957
Q45409138	6000000075058339952
Q45409140	6000000075057853172
Q45409141	6000000074688608821
Q45409144	6000000074784465914
Q45409145	6000000074784300034
Q45409146	6000000074784514849
Q45409147	6000000074784010236
Q45409149	6000000074753065122
Q45409152	6000000074784010241
Q45409154	6000000074784369008
Q45409155	6000000074784407955
Q45409158	6000000074783946221
Q45409161	6000000074784402894
Q45409164	6000000074784089135
Q45409165	6000000074784480931
Q45409166	6000000074784316006
Q45409167	6000000074784388974
Q45409169	6000000074784564834
Q45409171	6000000074784030268
Q45409173	6000000074784563825
Q45409175	6000000074784370932
Q45409176	6000000074784517848
Q45409179	6000000074784251066
Q45409181	6000000074783839325
Q45409182	6000000074783944299
Q45409185	6000000074784558853
Q45409186	6000000074784201164
Q45409189	6000000074784523847
Q45409190	6000000074784457883
Q45409192	6000000074784412939
Q45409194	6000000074784295046
Q45409195	6000000074784348053
Q45409197	6000000074784584830
Q45409200	6000000074728883821
Q45409201	6000000074784479918
Q45409203	6000000074728642030
Q45409206	6000000074728767871
Q45409207	6000000074728656960
Q45409208	6000000074727876510
Q45409209	6000000074784561835
Q45409210	6000000074784407968
Q45409211	6000000074784394972
Q45409213	6000000074784076195
Q45409214	6000000074728887821
Q45409216	6000000074728459118
Q45409217	6000000074784152116
Q45409218	6000000074728872828
Q45409219	6000000074728597027
Q45409221	6000000074784261108
Q45409223	6000000074728834840
Q45409224	6000000074687546885
Q45409225	6000000074687554904
Q45409228	6000000074687421991
Q45409229	6000000074687576867
Q45409232	6000000074686517627
Q45409234	6000000074687573881
Q45409237	6000000074686895219
Q45409239	6000000074687259067
Q45409240	6000000074687309992
Q45409242	6000000074687373969
Q45409243	6000000074686821245
Q45409246	6000000074687543896
Q45409248	6000000074687143106
Q45409249	6000000074687201125
Q45409249	6000000075496909854
Q45409251	6000000074687554886
Q45409253	6000000074687541899
Q45409254	6000000074687203026
Q45409255	6000000074687619831
Q45409257	6000000074784292128
Q45409260	6000000074784417944
Q45409262	6000000074784505879
Q45409263	6000000074784378982
Q45409264	6000000074783613552
Q45409266	6000000074784359997
Q45409267	6000000074784383956
Q45409270	6000000074692515830
Q45409272	6000000074692181013
Q45409274	6000000074692467859
Q45409275	6000000074784272050
Q45409277	6000000074784489928
Q45409280	6000000074783219755
Q45409283	6000000074784582843
Q45409284	6000000074783924359
Q45409286	6000000074783691374
Q45409287	6000000074784409981
Q45409290	6000000074784491926
Q45409293	6000000074783290287
Q45409294	6000000074784481919
Q45409295	6000000074688285834
Q45409297	6000000074688157915
Q45409298	6000000074688117975
Q45409300	6000000074688184883
Q45409303	6000000074688233869
Q45409305	6000000074687917021
Q45409306	6000000074737470018
Q45409308	6000000074784251103
Q45409310	6000000074784587856
Q45409312	6000000074783713485
Q45409314	6000000074747133017
Q45409316	6000000074784104217
Q45409318	6000000074784536911
Q45409320	6000000074784378996
Q45409322	6000000074784425952
Q45409323	6000000074784457936
Q45409326	6000000074784558898
Q45409328	6000000074784489960
Q45409330	6000000074784584869
Q45409332	6000000074783839380
Q45409335	6000000074784382977
Q45409336	6000000074784468966
Q45409337	6000000074784394842
Q45409340	6000000074783904145
Q45409341	6000000074751284072
Q45409343	6000000074751287026
Q45409344	6000000074783969140
Q45409351	6000000074784358006
Q45409352	6000000074725613313
Q45409354	6000000074725383492
Q45409355	6000000074725454542
Q45409357	6000000074725314685
Q45409358	6000000074784504894
Q45409361	6000000074784163184
Q45409362	6000000074784514911
Q45409364	6000000074690759078
Q45409366	6000000074691217982
Q45409367	6000000074783492312
Q45409371	6000000074784096956
Q45409373	6000000074783925087
Q45409374	6000000074725644330
Q45409376	6000000074784568878
Q45409380	6000000074784425012
Q45409382	6000000074784491951
Q45409383	6000000074784639835
Q45409384	6000000074784640831
Q45409387	6000000074704527870
Q45409389	6000000074736816822
Q45409390	6000000074736774832
Q45409392	6000000074736530918
Q45409396	6000000074736359964
Q45409398	6000000074736443981
Q45409399	6000000074736302030
Q45409400	6000000074736064074
Q45409402	6000000074736370000
Q45409403	6000000074736581933
Q45409404	6000000074736796827
Q45409407	6000000074736390000
Q45409408	6000000074735193260
Q45409411	6000000074784523917
Q45409414	6000000074784475939
Q45409416	6000000074727763164
Q45409417	6000000074746279032
Q45409420	6000000074784551887
Q45409422	6000000074691495858
Q45409424	6000000074746016398
Q45409427	6000000074745908502
Q45409429	6000000074746332065
Q45409431	6000000074746286005
Q45409432	6000000074784272092
Q45409433	6000000074784473934
Q45409436	6000000074784379070
Q45409437	6000000074784653840
Q45409438	6000000074784629839
Q45409441	6000000074784532992
Q45409442	6000000074784447986
Q45409444	6000000074783706386
Q45409447	6000000074783231279
Q45409448	6000000074784687834
Q45409450	6000000074784657836
Q45409451	6000000074784696832
Q45409454	6000000074784325007
Q45409455	6000000074784423998
Q45409456	6000000074783939349
Q45409457	6000000074784620850
Q45409459	6000000074784480010
Q45409461	6000000074784372071
Q45409464	6000000074783924403
Q45409467	6000000074784490970
Q45409468	6000000074784580926
Q45409471	6000000074727005712
Q45409472	6000000074727662230
Q45409473	6000000074727761133
Q45409474	6000000074728160921
Q45409475	6000000074728238872
Q45409478	6000000074727928153
Q45409482	6000000074728156918
Q45409485	6000000074727928158
Q45409486	6000000074699787054
Q45409487	6000000074699804017
Q45409489	6000000074699981871
Q45409492	6000000074699901958
Q45409495	6000000074700012821
Q45409497	6000000074699928861
Q45409499	6000000074699940895
Q45409501	6000000074699823975
Q45409504	6000000074784226295
Q45409506	6000000074784686838
Q45409507	6000000074784390047
Q45409510	6000000074784316119
Q45409511	6000000074784371020
Q45409514	6000000074784596899
Q45409516	6000000074784690848
Q45409518	6000000074784402042
Q45409521	6000000074784380160
Q45409524	6000000074784084302
Q45409526	6000000074784690873
Q45409527	6000000074784495006
Q45409528	6000000074784595928
Q45409533	6000000074784630922
Q45409534	6000000074783930351
Q45409537	6000000074784721824
Q45409538	6000000074784360097
Q45409540	6000000074752284331
Q45409542	6000000074784590935
Q45409543	6000000074349588066
Q45409546	6000000074784005359
Q45409550	6000000074784472023
Q45409552	6000000074784509981
Q45409553	6000000074784533009
Q45409557	6000000074784358096
Q45409559	6000000074784649875
Q45409560	6000000074784325048
Q45409563	6000000074784402074
Q45409565	6000000075417948834
Q45409568	6000000074784690899
Q45409572	6000000074784490046
Q45409573	6000000074768637921
Q45409576	6000000074768081988
Q45409579	6000000074768782873
Q45409581	6000000074784753826
Q45409583	6000000074768603957
Q45409584	6000000074768607974
Q45409585	6000000074768790846
Q45409587	6000000074784573927
Q45409588	6000000074784664894
Q45409592	6000000074784652900
Q45409593	6000000074784005370
Q45409595	6000000074784459979
Q45409597	6000000074784691866
Q45409599	6000000074783876482
Q45409602	6000000074784360125
Q45409605	6000000074784402102
Q45409606	6000000074784292296
Q45409608	6000000074689956222
Q45409610	6000000074690686831
Q45409611	6000000074784691883
Q45409612	6000000074784163271
Q45409614	6000000074784680893
Q45409617	6000000074784383096
Q45409618	6000000074783840636
Q45409620	6000000074784086406
Q45409622	6000000074784752881
Q45409624	6000000074784582955
Q45409627	6000000074784704882
Q45409631	6000000074784089357
Q45409632	6000000075325560154
Q45409635	6000000074688127827
Q45409637	6000000074784636965
Q45409638	6000000074784452083
Q45409641	6000000074784152269
Q45409642	6000000074784772834
Q45409645	6000000074687220227
Q45409646	6000000074687835003
Q45409649	6000000075326012824
Q45409652	6000000075325940904
Q45409654	6000000074688117853
Q45409656	6000000074784513999
Q45409657	6000000074784437129
Q45409659	6000000074784084363
Q45409660	6000000074784678858
Q45409661	6000000074784740913
Q45409662	6000000074784646979
Q45409663	6000000074784488014
Q45409666	6000000074784378195
Q45409669	6000000074784760858
Q45409671	6000000074784052386
Q45409672	6000000074784656949
Q45409673	6000000074783831624
Q45409675	6000000074784737875
Q45409676	6000000074784409080
Q45409678	6000000074784514021
Q45409679	6000000074784756885
Q45409681	6000000074688802829
Q45409682	6000000074784496993
Q45409684	6000000074784451093
Q45409687	6000000074783900350
Q45409688	6000000074784163306
Q45409690	6000000074784076326
Q45409692	6000000074784559069
Q45409694	6000000074784753925
Q45409695	6000000074784293321
Q45409699	6000000074784671924
Q45409701	6000000074703896024
Q45409704	6000000074703958930
Q45409705	6000000074703293403
Q45409708	6000000038072389201
Q45409711	6000000074784680963
Q45409713	6000000074784562054
Q45409715	6000000074783813501
Q45409718	6000000074784787868
Q45409721	6000000074784831840
Q45409723	6000000074784707917
Q45409724	6000000074784293337
Q45409727	6000000074784222338
Q45409729	6000000074784665957
Q45409731	6000000074784010442
Q45409733	6000000074784716913
Q45409735	6000000074784560104
Q45409740	6000000074687720415
Q45409741	6000000074688740823
Q45409742	6000000075884881200
Q45409743	6000000075885480888
Q45409746	6000000074784043486
Q45409748	6000000074704070894
Q45409750	6000000074704132843
Q45409751	6000000074745662055
Q45409753	6000000074702439190
Q45409754	6000000074784864829
Q45409755	6000000074784783893
Q45409757	6000000074784842849
Q45409758	6000000074784559100
Q45409760	6000000074784094360
Q45409762	6000000074706094831
Q45409764	6000000074705622263
Q45409768	6000000074725963102
Q45409771	6000000074726265849
Q45409772	6000000074726169936
Q45409773	6000000074784514082
Q45409775	6000000074783969326
Q45409778	6000000074784493168
Q45409779	6000000074784323184
Q45409782	6000000074718770882
Q45409783	6000000074784562107
Q45409786	6000000074784724919
Q45409788	6000000074784876840
Q45409790	6000000074784222381
Q45409792	6000000074784787923
Q45409793	6000000074784360267
Q45409796	6000000074784865862
Q45409798	6000000074784371178
Q45409800	6000000074784891841
Q45409802	6000000074784704987
Q45409803	6000000074784732928
Q45409806	6000000074784726979
Q45409808	6000000074687640873
Q45409811	6000000074687779841
Q45409812	6000000074784835896
Q45409814	6000000074784736945
Q45409816	6000000074784740987
Q45409818	6000000074784915830
Q45409819	6000000074784889868
Q45409821	6000000074784691961
Q45409823	6000000074784735938
Q45409824	6000000074784603045
Q45409825	6000000074784860859
Q45409832	6000000074784683975
Q45409833	6000000074784844876
Q45409836	6000000074784802925
Q45409837	6000000074784877878
Q45409839	6000000074784424190
Q45409840	6000000074784735945
Q45409841	6000000074784768990
Q45409843	6000000074784325131
Q45409846	6000000074784730015
Q45409847	6000000074784862880
Q45409848	6000000074784409204
Q45409851	6000000074784654048
Q45409852	6000000074784755952
Q45409854	6000000074784323217
Q45409856	6000000074784233341
Q45409857	6000000074784766924
Q45409858	6000000074784583084
Q45409860	6000000074784325136
Q45409863	6000000074784666070
Q45409865	6000000074784561033
Q45409867	6000000074784468250
Q45409869	6000000074784444176
Q45409870	6000000074784929838
Q45409872	6000000074784314332
Q45409874	6000000074710606835
Q45409875	6000000074710622838
Q45409877	6000000074687960062
Q45409881	6000000074784061361
Q45409883	6000000074725457662
Q45409885	6000000074784971826
Q45409887	6000000074784695057
Q45409889	6000000074784757960
Q45409890	6000000074784942886
Q45409892	6000000074768997958
Q45409893	6000000074784871906
Q45409895	6000000074784745938
Q45409897	6000000074784205346
Q454099	6000000103197898575
Q45409901	6000000074784692038
Q45409902	6000000074784963848
Q45409903	6000000074783858577
Q45409904	6000000074784648038
Q45409907	6000000074784899873
Q45409910	6000000074784737994
Q45409912	6000000074784124532
Q45409914	6000000074784887889
Q45409917	6000000074784616014
Q45409919	6000000074784990824
Q45409921	6000000074785000822
Q45409925	6000000074784933862
Q45409927	6000000074784960865
Q45409929	6000000074784983835
Q45409932	6000000074784971851
Q45409934	6000000074784679043
Q45409935	6000000074784823941
Q45409937	6000000074784233433
Q45409939	6000000074784869898
Q45409943	6000000074785004821
Q45409944	6000000074784272344
Q45409946	6000000074784059377
Q45409950	6000000074784012621
Q45409952	6000000074784968837
Q45409953	6000000074785006837
Q45409955	6000000075325708076
Q45409958	6000000075325081475
Q45409960	6000000074784104451
Q45409965	6000000074784735092
Q45409967	6000000074785020831
Q45409969	6000000074784789978
Q45409971	6000000074784970865
Q45409973	6000000074784640068
Q45409974	6000000074784640072
Q45409978	6000000074784932877
Q45409979	6000000074784043568
Q45409984	6000000074784878956
Q45409985	6000000074785002870
Q45409988	6000000074784114455
Q45409989	6000000074784999832
Q45409992	6000000074784315380
Q45409993	6000000074784995837
Q45409994	6000000074784761058
Q45409996	6000000074692599905
Q45409997	6000000074784717037
Q45409998	6000000074785048829
Q45410002	6000000074784845960
Q45410005	6000000074784562212
Q45410007	6000000074784114459
Q45410010	6000000074785005863
Q45410013	6000000074784870970
Q45410015	6000000074784316333
Q45410017	6000000074785026859
Q45410019	6000000074784811025
Q45410022	6000000074784692071
Q45410022	6000000074784749066
Q45410023	6000000074785008853
Q45410025	6000000074726190949
Q45410027	6000000074784736007
Q45410030	6000000074688244869
Q45410035	6000000074687928829
Q45410037	6000000074783352848
Q45410038	6000000074688480960
Q45410040	6000000074687743271
Q45410041	6000000074688557843
Q45410044	6000000074688352001
Q45410045	6000000074716373008
Q45410048	6000000074717087821
Q45410051	6000000074687790928
Q45410056	6000000074688735883
Q45410058	6000000074688196320
Q45410059	6000000074688818827
Q45410061	6000000074698924021
Q45410062	6000000074698874169
Q45410065	6000000074687067460
Q45410066	6000000074686858536
Q45410070	6000000074724974221
Q45410071	6000000074688702841
Q45410072	6000000074705116918
Q45410073	6000000074688438014
Q45410075	6000000074688287082
Q45410077	6000000074687561181
Q45410078	6000000074685354825
Q45410079	6000000074685255881
Q45410082	6000000038074677209
Q45410084	6000000074784695117
Q45410086	6000000074688169923
Q45410089	6000000074783924072
Q45410091	6000000074785041828
Q45410092	6000000074784398227
Q45410094	6000000074718665877
Q45410096	6000000074717375483
Q45410097	6000000074718695908
Q45410099	6000000074784308251
Q45410101	6000000074784481360
Q45410103	6000000074709738941
Q45410106	6000000074709955828
Q45410110	6000000074784735145
Q45410112	6000000074709960830
Q45410113	6000000074784481366
Q45410114	6000000074784933943
Q45410116	6000000074752969831
Q45410118	6000000074784965879
Q45410120	6000000074709872839
Q45410122	6000000074685274148
Q45410124	6000000074783706656
Q45410128	6000000074784714196
Q45410130	6000000074784222527
Q45410131	6000000074784758074
Q45410133	6000000074717837894
Q45410135	6000000074784761079
Q45410137	6000000074785001889
Q45410138	6000000074784976894
Q45410140	6000000074784872971
Q45410142	6000000074784974939
Q45410144	6000000074784695125
Q45410147	6000000074784965895
Q45410150	6000000074784214399
Q45410153	6000000074785052862
Q45410154	6000000074699555902
Q45410156	6000000074785061849
Q45410159	6000000074733138883
Q45410161	6000000074784772034
Q45410162	6000000074784941905
Q45410165	6000000074784372334
Q45410167	6000000074784037516
Q45410170	6000000074785048864
Q45410171	6000000074784375219
Q45410172	6000000074784864922
Q45410176	6000000039008574141
Q45410178	6000000074784437392
Q45410179	6000000074750932025
Q45410180	6000000074784681157
Q45410184	6000000074784222542
Q45410186	6000000074785036882
Q45410189	6000000074784922988
Q45410192	6000000074784933968
Q45410195	6000000074784899983
Q45410197	6000000074784666194
Q45410199	6000000074784978942
Q45410202	6000000074747980976
Q45410205	6000000074784272366
Q45410207	6000000074784450233
Q45410208	6000000074784910959
Q45410211	6000000074784985965
Q45410214	6000000074784910964
Q45410216	6000000074784574132
Q45410219	6000000074784600217
Q45410221	6000000074785019930
Q45410223	6000000074784796060
Q45410224	6000000074784649165
Q45410226	6000000074784588226
Q45410231	6000000074784811107
Q45410232	6000000074784588243
Q45410234	6000000074785103848
Q45410236	6000000074784799035
Q45410239	6000000074784917993
Q45410240	6000000074785132834
Q45410242	6000000074785152823
Q45410245	6000000074785066903
Q45410249	6000000074688287850
Q45410250	6000000074784698137
Q45410251	6000000074783876759
Q45410253	6000000074785089859
Q45410256	6000000074784958996
Q45410257	6000000074783706694
Q45410262	6000000074784678160
Q45410264	6000000074784574199
Q45410267	6000000074561911914
Q45410270	6000000074785119883
Q45410273	6000000074785027915
Q45410274	6000000074784314468
Q45410277	6000000074784012800
Q45410280	6000000074784992942
Q45410282	6000000074785181822
Q45410285	6000000074784581279
Q45410289	6000000074784708206
Q45410293	6000000074784043649
Q45410296	6000000074785158895
Q45410298	6000000074785002007
Q45410301	6000000074785036981
Q45410303	6000000074745718125
Q45410306	6000000074745493277
Q45410307	6000000074744958597
Q45410311	6000000074785000968
Q45410314	6000000074784864094
Q45410315	6000000074783706744
Q45410317	6000000074784695224
Q45410320	6000000074731303937
Q45410323	6000000074785120901
Q45410326	6000000074785181850
Q45410327	6000000074784316460
Q45410331	6000000074784360495
Q45410334	6000000074785132893
Q45410336	6000000074785291822
Q45410337	6000000074785097071
Q45410340	6000000074784736202
Q45410343	6000000074785194995
Q45410345	6000000074785023001
Q45410347	6000000074784841165
Q45410350	6000000074784448332
Q45410352	6000000074785136976
Q45410353	6000000074784996081
Q45410356	6000000074785312865
Q45410360	6000000074785332823
Q45410362	6000000074785146026
Q45410365	6000000074785275877
Q45410366	6000000074785334828
Q45410369	6000000074785287860
Q45410370	6000000074784911158
Q45410373	6000000074785034100
Q45410378	6000000074785060085
Q45410379	6000000074785269907
Q45410381	6000000074785321844
Q45410384	6000000074784935127
Q45410386	6000000074785244926
Q45410389	6000000074747145824
Q45410392	6000000074687970858
Q45410394	6000000074687910934
Q45410395	6000000074687310170
Q45410398	6000000074687916837
Q45410401	6000000074785169006
Q45410405	6000000074784843221
Q45410409	6000000074784950139
Q45410411	6000000074784970109
Q45410413	6000000074784915143
Q45410414	6000000074784950144
Q45410418	6000000074785259974
Q45410419	6000000074785195054
Q45410420	6000000074785373823
Q45410422	6000000074785048115
Q45410425	6000000074784822207
Q45410428	6000000074785210901
Q45410429	6000000074785313873
Q45410432	6000000074785243954
Q45410433	6000000074752073435
Q45410438	6000000074752640027
Q45410440	6000000074752389171
Q45410442	6000000074752954851
Q45410443	6000000074785391823
Q45410446	6000000074785176982
Q45410449	6000000074784666428
Q45410451	6000000074785051041
Q45410453	6000000074784574432
Q45410456	6000000074727805969
Q45410459	6000000074727973844
Q45410460	6000000074727792994
Q45410461	6000000074785258973
Q45410464	6000000074785097105
Q45410468	6000000074688337068
Q45410471	6000000074688558870
Q45410474	6000000074688353036
Q45410475	6000000074784822228
Q45410478	6000000074784360645
Q45410480	6000000074785368841
Q45410483	6000000074688138051
Q45410485	6000000074688762824
Q45410487	6000000074785192992
Q45410488	6000000074785374871
Q45410489	6000000074785124052
Q45410490	6000000074784574461
Q45410491	6000000074785291924
Q45410494	6000000074724679537
Q45410495	6000000074725195981
Q45410498	6000000074725127196
Q45410499	6000000074784247613
Q45410501	6000000074784827280
Q45410503	6000000074785418821
Q45410505	6000000074785414822
Q45410506	6000000074785398834
Q45410508	6000000074784372623
Q45410509	6000000074688514938
Q45410510	6000000074688631873
Q45410511	6000000074785417828
Q45410514	6000000074785161069
Q45410515	6000000074785213972
Q45410517	6000000074785420839
Q45410520	6000000074784960302
Q45410522	6000000074784372650
Q45410523	6000000074785324959
Q45410524	6000000074784588481
Q45410525	6000000074705074975
Q45410527	6000000074785446822
Q45410529	6000000074785357899
Q45410531	6000000074785318961
Q45410533	6000000074785434845
Q45410537	6000000074785328900
Q45410539	6000000074785213978
Q45410540	6000000074784950228
Q45410542	6000000074785151058
Q45410545	6000000075325870974
Q45410548	6000000074785213983
Q45410550	6000000074785184013
Q45410553	6000000075325981944
Q45410554	6000000075326039867
Q45410558	6000000074785349920
Q45410560	6000000074785371888
Q45410561	6000000074785328908
Q45410564	6000000074785120143
Q45410565	6000000074785345935
Q45410566	6000000074784960343
Q45410568	6000000074785358878
Q45410572	6000000074785370889
Q45410576	6000000074784935201
Q45410579	6000000074784448471
Q45410580	6000000074785390883
Q45410581	6000000074784752355
Q45410582	6000000074785123081
Q45410583	6000000074785133103
Q45410586	6000000074785411857
Q45410588	6000000074785146136
Q45410591	6000000074785502821
Q45410592	6000000074785127167
Q45410595	6000000074785436861
Q45410596	6000000074785266975
Q45410598	6000000074785300999
Q45410599	6000000074785501857
Q45410603	6000000074784950262
Q45410606	6000000074785164146
Q45410610	6000000074785162172
Q45410612	6000000074784989233
Q45410613	6000000074785354951
Q45410614	6000000074785339942
Q45410615	6000000074785187056
Q45410617	6000000074785451900
Q45410619	6000000074785518821
Q45410621	6000000074785445877
Q45410623	6000000074785236043
Q45410624	6000000074784869450
Q45410627	6000000074784950287
Q45410630	6000000074785534822
Q45410631	6000000074785265010
Q45410632	6000000074785328964
Q45410634	6000000074719116869
Q45410637	6000000074785430888
Q45410639	6000000074785069222
Q45410642	6000000074687380112
Q45410643	6000000074687844821
Q45410646	6000000074785555822
Q45410647	6000000074785513855
Q45410650	6000000074687454025
Q45410652	6000000074687281128
Q45410655	6000000074687371033
Q45410656	6000000074687461993
Q45410658	6000000074687535012
Q45410660	6000000074785522837
Q45410661	6000000074785552828
Q45410664	6000000074785560821
Q45410665	6000000074785161158
Q45410668	6000000074785467883
Q45410670	6000000074785440899
Q45410672	6000000074730272892
Q45410675	6000000074730373861
Q45410676	6000000074730272896
Q45410678	6000000051921702676
Q45410679	6000000074784979350
Q45410680	6000000074785252111
Q45410682	6000000074785143157
Q45410684	6000000074784979358
Q45410687	6000000074785473885
Q45410688	6000000074784641130
Q45410690	6000000074785477879
Q45410692	6000000074785435895
Q45410694	6000000074784997152
Q45410696	6000000074784698389
Q45410698	6000000074785589821
Q45410701	6000000074785570834
Q45410702	6000000074785332983
Q45410705	6000000074785253177
Q45410706	6000000074687289047
Q45410710	6000000074687365040
Q45410711	6000000074686331642
Q45410713	6000000074687350035
Q45410715	6000000074687550884
Q45410717	6000000074785502926
Q45410718	6000000074687669837
Q45410721	6000000074687636848
Q45410722	6000000074687490870
Q45410725	6000000074785002385
Q45410728	6000000074785309071
Q45410729	6000000074687263082
Q45410731	6000000074785163127
Q45410732	6000000074785409958
Q45410735	6000000074785619821
Q45410736	6000000074758379921
Q45410739	6000000074757776420
Q45410741	6000000074785415006
Q45410742	6000000074785501885
Q45410744	6000000074784244294
Q45410747	6000000074785523936
Q45410749	6000000074785070192
Q45410750	6000000074785270051
Q45410752	6000000074785622837
Q45410756	6000000074785390941
Q45410758	6000000074785430002
Q45410760	6000000074785301155
Q45410761	6000000074785244091
Q45410763	6000000074785563882
Q45410765	6000000074785327081
Q45410767	6000000074785555904
Q45410770	6000000074785140319
Q45410773	6000000074785189260
Q45410774	6000000074724949217
Q45410776	6000000074725261874
Q45410779	6000000074724512820
Q45410781	6000000074785582851
Q45410783	6000000074705093919
Q45410786	6000000074785604848
Q45410787	6000000074785291178
Q45410789	6000000074785418018
Q45410791	6000000074784811570
Q45410793	6000000074785543914
Q45410794	6000000074785270073
Q45410800	6000000074784820425
Q45410801	6000000074785533903
Q45410802	6000000074785472977
Q45410803	6000000075325417383
Q45410806	6000000075325512289
Q45410810	6000000074785217122
Q45410812	6000000074785543924
Q45410815	6000000074785598896
Q45410818	6000000074785586869
Q45410819	6000000074785614919
Q45410823	6000000074785583918
Q45410826	6000000074785598909
Q45410829	6000000074785330129
Q45410830	6000000074785630918
Q45410832	6000000074785383967
Q45410834	6000000074705479948
Q45410836	6000000075058611993
Q45410838	6000000075058596975
Q45410840	6000000074785231161
Q45410842	6000000074785405054
Q45410844	6000000074687730990
Q45410845	6000000074687786004
Q45410846	6000000074688034900
Q45410848	6000000074688043874
Q45410850	6000000074687967918
Q45410853	6000000074687560090
Q45410855	6000000074768123292
Q45410858	6000000074784950405
Q45410859	6000000074785661834
Q45410860	6000000074785696826
Q45410862	6000000074785504050
Q45410864	6000000074768946834
Q45410865	6000000074768492125
Q45410869	6000000074785576919
Q45410873	6000000074784916397
Q45410875	6000000074785446979
Q45410877	6000000074785677842
Q45410881	6000000074785049255
Q45410882	6000000074785725822
Q45410883	6000000074785390004
Q45410885	6000000074784918361
Q45410888	6000000074785720836
Q45410889	6000000074785672856
Q45410892	6000000074785418077
Q45410895	6000000074785215147
Q45410897	6000000074785492950
Q45410899	6000000074784841529
Q45410902	6000000074785119388
Q45410903	6000000074785485114
Q45410905	6000000074785583965
Q45410910	6000000074784827574
Q45410912	6000000074785723851
Q45410914	6000000074785507044
Q45410915	6000000074785735845
Q45410918	6000000074785301245
Q45410919	6000000074785755825
Q45410922	6000000074785655900
Q45410923	6000000074785631873
Q45410928	6000000074785498074
Q45410929	6000000074687717859
Q45410930	6000000074687401021
Q45410932	6000000074687381061
Q45410933	6000000074687763822
Q45410935	6000000074687671943
Q45410936	6000000074752507200
Q45410938	6000000074785741856
Q45410939	6000000074752698059
Q45410941	6000000074752665147
Q45410943	6000000074752058477
Q45410945	6000000074785612943
Q45410946	6000000074785005242
Q45410949	6000000074785481022
Q45410950	6000000074785763823
Q45410951	6000000074785643974
Q45410954	6000000074785447014
Q45410955	6000000074726255949
Q45410957	6000000074725889391
Q45410960	6000000074726058200
Q45410964	6000000074785589995
Q45410965	6000000074785717883
Q45410967	6000000074785284287
Q45410969	6000000074785655937
Q45410970	6000000074785019421
Q45410973	6000000074785486004
Q45410976	6000000074785698901
Q45410978	6000000074785583993
Q45410981	6000000074785648005
Q45410984	6000000074785625957
Q45410985	6000000074785270168
Q45410988	6000000074785764858
Q45410989	6000000074785220238
Q45410990	6000000074785677951
Q45410993	6000000074785774858
Q45410995	6000000074785683964
Q45410998	6000000074785678893
Q45410999	6000000074785189427
Q454110	6000000107028372920
Q45411002	6000000074785784844
Q45411004	6000000074785586046
Q45411007	6000000074785019446
Q45411011	6000000074785348375
Q45411013	6000000074785604140
Q45411014	6000000074785335248
Q45411016	6000000074785751903
Q45411018	6000000074785615104
Q45411025	6000000074704486824
Q45411026	6000000074785440240
Q45411027	6000000074785726938
Q45411028	6000000074785719051
Q45411031	6000000074785107478
Q45411033	6000000074785678071
Q45411036	6000000074785724996
Q45411040	6000000074784752756
Q45411044	6000000074785620085
Q45411047	6000000074785849918
Q45411049	6000000074685057844
Q45411050	6000000074684957904
Q45411053	6000000074684828073
Q45411054	6000000074785418292
Q45411056	6000000074785481216
Q45411060	6000000074785901874
Q45411062	6000000074785786965
Q45411064	6000000074785544987
Q45411068	6000000074785956828
Q45411071	6000000074785849948
Q45411072	6000000074785938847
Q45411075	6000000074785751932
Q45411076	6000000074769153138
Q45411079	6000000074768319572
Q45411082	6000000074769073130
Q45411083	6000000074769103096
Q45411086	6000000074785922912
Q45411087	6000000074785817955
Q45411088	6000000074785669951
Q45411090	6000000074785768018
Q45411092	6000000074785926868
Q45411093	6000000074785874900
Q45411094	6000000074785633218
Q45411096	6000000074785988822
Q45411097	6000000074785672123
Q45411099	6000000074719208822
Q45411101	6000000074719030954
Q45411105	6000000074718883092
Q45411106	6000000074785919888
Q45411107	6000000074785804019
Q45411109	6000000074785927847
Q45411111	6000000074785001515
Q45411113	6000000074785817985
Q45411115	6000000074785783992
Q45411116	6000000074784205174
Q45411120	6000000074785524295
Q45411122	6000000074785306534
Q45411124	6000000074785919907
Q45411125	6000000074785951871
Q45411127	6000000074785647073
Q45411129	6000000074785854969
Q45411130	6000000074717395849
Q45411132	6000000074717051111
Q45411134	6000000074717006211
Q45411135	6000000074717435874
Q45411136	6000000074381666865
Q45411138	6000000074725602922
Q45411140	6000000038072792847
Q45411142	6000000074785306545
Q45411143	6000000074785614256
Q45411144	6000000074786001859
Q45411145	6000000074785597157
Q45411147	6000000074701218117
Q45411150	6000000074700909885
Q45411154	6000000074701184122
Q45411157	6000000074700434620
Q45411158	6000000074785833005
Q45411159	6000000074705123172
Q45411162	6000000074705552924
Q45411163	6000000074785933901
Q45411164	6000000074785468343
Q45411167	6000000074784866677
Q45411168	6000000074703721011
Q45411170	6000000074703571082
Q45411173	6000000074703545091
Q45411174	6000000074686444210
Q45411176	6000000074686791841
Q45411179	6000000074686697853
Q45411181	6000000074686630964
Q45411184	6000000074716190928
Q45411186	6000000074699508246
Q45411187	6000000074785530041
Q45411190	6000000074785555244
Q45411192	6000000074785750096
Q45411195	6000000074785972877
Q45411197	6000000074703520968
Q45411199	6000000074735911943
Q45411201	6000000074785468368
Q45411203	6000000074748976054
Q45411205	6000000074749241918
Q45411208	6000000074785920896
Q45411211	6000000074785833024
Q45411213	6000000074785933910
Q45411215	6000000074785934878
Q45411216	6000000019496437097
Q45411222	6000000074768719064
Q45411227	6000000074785107592
Q45411229	6000000074785992881
Q45411232	6000000074786011876
Q45411233	6000000074785001607
Q45411235	6000000074786039838
Q45411238	6000000074786004858
Q45411241	6000000074785874996
Q45411241	6000000075483061892
Q45411242	6000000074785912906
Q45411244	6000000074785679201
Q45411246	6000000074786022884
Q45411251	6000000074758590033
Q45411253	6000000074785604369
Q45411254	6000000074701456839
Q45411256	6000000074771583925
Q45411257	6000000074771582909
Q45411258	6000000074771367076
Q45411259	6000000074786044847
Q45411260	6000000074784866757
Q45411262	6000000074785980977
Q45411263	6000000074786073830
Q45411265	6000000074785862987
Q45411267	6000000074785486378
Q45411268	6000000074785946940
Q45411269	6000000074785742118
Q45411270	6000000074784866763
Q45411273	6000000043383617834
Q45411274	6000000074692743893
Q45411275	6000000074786009910
Q45411276	6000000074688051032
Q45411279	6000000074785812169
Q45411281	6000000074786021869
Q45411285	6000000074785671181
Q45411287	6000000074785752057
Q45411289	6000000074785214497
Q45411291	6000000074785930022
Q45411293	6000000074786079846
Q45411295	6000000074785912914
Q45411297	6000000074785493220
Q45411299	6000000074785065608
Q45411300	6000000074785898037
Q45411302	6000000074786069855
Q45411305	6000000074785656227
Q45411308	6000000074785719178
Q45411310	6000000074786090844
Q45411311	6000000074786017957
Q45411313	6000000074785894997
Q45411314	6000000074785859089
Q45411316	6000000074786005918
Q45411319	6000000074711870826
Q45411321	6000000074786008923
Q45411322	6000000074711973822
Q45411323	6000000074711919860
Q45411326	6000000074711873863
Q45411328	6000000074785955955
Q45411330	6000000074786127828
Q45411337	6000000074785861977
Q45411340	6000000074785625288
Q45411341	6000000074786124830
Q45411344	6000000074785881150
Q45411346	6000000074785899102
Q45411349	6000000074786146822
Q45411350	6000000074717207021
Q45411352	6000000074785686250
Q45411353	6000000074716769927
Q45411357	6000000074786150822
Q45411358	6000000074705851054
Q45411360	6000000074785860039
Q45411363	6000000074786125833
Q45411366	6000000074785930080
Q45411371	6000000074786102870
Q45411372	6000000074785908058
Q45411373	6000000074785559354
Q45411374	6000000074785236467
Q45411377	6000000074785761155
Q45411378	6000000074786113851
Q45411380	6000000074786077910
Q45411382	6000000074785670156
Q45411383	6000000074786020965
Q45411387	6000000074786026012
Q45411388	6000000074733413823
Q45411390	6000000074786187834
Q45411392	6000000074786044912
Q45411393	6000000074785921026
Q45411394	6000000074785852177
Q45411396	6000000074785901102
Q45411397	6000000074786172836
Q45411399	6000000074785817163
Q45411401	6000000074785721246
Q45411404	6000000074785981073
Q45411406	6000000074786196840
Q45411409	6000000074783148916
Q45411411	6000000074781826664
Q45411414	6000000074786093886
Q45411416	6000000074785908082
Q45411419	6000000074785477504
Q45411421	6000000074785499354
Q45411422	6000000074786070979
Q45411423	6000000074786174854
Q45411427	6000000074786066978
Q45411429	6000000074785908098
Q45411432	6000000074786176859
Q45411435	6000000074786127869
Q45411439	6000000074785527467
Q45411442	6000000074786099915
Q45411443	6000000074786136859
Q45411444	6000000074786224821
Q45411447	6000000074786201836
Q45411450	6000000074785954065
Q45411450	6000000075485128829
Q45411451	6000000074786191837
Q45411453	6000000074786190846
Q45411455	6000000074786182863
Q45411458	6000000074786205863
Q45411461	6000000074785849143
Q45411463	6000000074786146921
Q45411465	6000000074785994073
Q45411468	6000000074786175866
Q45411472	6000000074786171910
Q45411474	6000000074786121926
Q45411476	6000000074785852215
Q45411477	6000000074381972821
Q45411479	6000000074381910839
Q45411481	6000000074381820880
Q45411484	6000000074380935055
Q45411486	6000000074785833188
Q45411488	6000000074381975821
Q45411490	6000000074381912832
Q45411493	6000000074786229838
Q45411495	6000000074783941009
Q45411497	6000000074785841137
Q45411500	6000000074785915180
Q45411502	6000000074786128904
Q45411504	6000000074785348631
Q45411506	6000000074786002072
Q45411507	6000000074786235827
Q45411511	6000000074786015036
Q45411513	6000000074700375229
Q45411515	6000000074700896901
Q45411516	6000000074786207849
Q45411517	6000000074786144956
Q45411519	6000000074785435445
Q45411520	6000000074785993003
Q45411522	6000000075058178995
Q45411523	6000000075058381871
Q45411527	6000000075058302925
Q45411529	6000000075058488833
Q45411532	6000000075058181005
Q45411534	6000000075058270887
Q45411535	6000000075057223322
Q45411537	6000000075058294992
Q45411538	6000000075058452879
Q45411539	6000000074786125925
Q45411540	6000000074786232869
Q45411542	6000000074785845133
Q45411543	6000000074786198855
Q45411546	6000000074785673309
Q45411548	6000000074786081996
Q45411549	6000000074785656390
Q45411552	6000000074786018084
Q45411553	6000000074786203860
Q45411554	6000000074785833210
Q45411556	6000000074770574852
Q45411557	6000000074785669424
Q45411559	6000000074785983134
Q45411561	6000000074785236529
Q45411566	6000000074786201894
Q45411568	6000000074786155952
Q45411569	6000000074785719361
Q45411570	6000000074785858262
Q45411572	6000000074785384247
Q45411573	6000000074786064955
Q45411575	6000000074785872122
Q45411577	6000000074786119996
Q45411580	6000000074786054030
Q45411581	6000000074786279844
Q45411584	6000000074785862136
Q45411586	6000000074727682026
Q45411587	6000000074727426075
Q45411591	6000000074727661963
Q45411592	6000000074785671384
Q45411594	6000000074785879168
Q45411596	6000000074786198933
Q45411597	6000000074785440587
Q45411600	6000000074785857236
Q45411601	6000000074786285839
Q45411604	6000000074785671392
Q45411606	6000000074786200876
Q45411608	6000000074786091885
Q45411610	6000000074786291845
Q45411613	6000000074786246905
Q45411614	6000000074786235888
Q45411616	6000000074786249932
Q45411618	6000000074785719395
Q45411620	6000000074786304834
Q45411622	6000000074785787288
Q45411623	6000000074785833237
Q45411625	6000000074785477599
Q45411628	6000000074785924162
Q45411631	6000000074785973179
Q45411632	6000000074786271884
Q45411635	6000000074784244590
Q45411639	6000000074786263887
Q45411640	6000000074786263892
Q45411642	6000000074786295852
Q45411644	6000000074785604646
Q45411646	6000000074687574242
Q45411647	6000000074687273342
Q45411649	6000000074727807867
Q45411652	6000000074726979535
Q45411658	6000000074727861833
Q45411659	6000000074727856830
Q45411662	6000000074701328040
Q45411664	6000000074701068138
Q45411665	6000000074701370039
Q45411667	6000000074701607836
Q45411669	6000000074786226926
Q45411671	6000000074786064990
Q45411673	6000000074785954156
Q45411674	6000000074786224948
Q45411676	6000000074786091889
Q45411679	6000000074785721361
Q45411681	6000000074785669518
Q45411683	6000000074786073107
Q45411685	6000000074786136002
Q45411687	6000000074785534405
Q45411690	6000000074786099010
Q45411691	6000000074785983176
Q45411693	6000000074786051999
Q45411695	6000000074785391578
Q45411696	6000000074786158975
Q45411697	6000000074785992172
Q45411699	6000000074785592660
Q45411700	6000000074786126052
Q45411701	6000000074786093939
Q45411702	6000000074786174020
Q45411704	6000000074786344821
Q45411708	6000000074786093041
Q45411710	6000000074786117989
Q45411712	6000000074785750362
Q45411713	6000000074786332821
Q45411715	6000000074688723842
Q45411717	6000000074688714849
Q45411718	6000000074688748829
Q45411720	6000000074688586871
Q45411722	6000000074735337972
Q45411725	6000000075050905838
Q45411726	6000000074735809833
Q45411730	6000000074735863834
Q45411733	6000000074785812322
Q45411735	6000000074785915332
Q45411737	6000000074786360842
Q45411739	6000000074786290967
Q45411740	6000000074785405604
Q45411741	6000000074786103010
Q45411741	6000000075427212951
Q45411742	6000000074786074064
Q45411744	6000000074786333850
Q45411745	6000000074786312860
Q45411747	6000000074785915357
Q45411750	6000000075050713925
Q45411751	6000000074786229960
Q45411752	6000000074786295911
Q45411755	6000000074786271926
Q45411756	6000000074786334863
Q45411758	6000000074785813294
Q45411759	6000000074786319913
Q45411761	6000000074786314880
Q45411762	6000000074786026206
Q45411763	6000000074785753441
Q45411767	6000000074785415669
Q45411768	6000000074786151068
Q45411769	6000000074785993126
Q45411774	6000000074786381845
Q45411776	6000000074786152946
Q45411777	6000000074786211018
Q45411779	6000000074786396826
Q45411781	6000000074786126112
Q45411782	6000000074785930279
Q45411784	6000000074716850933
Q45411785	6000000074687200956
Q45411787	6000000074786382842
Q45411789	6000000074687359835
Q45411790	6000000074687156963
Q45411792	6000000074687092032
Q45411795	6000000074687295918
Q45411796	6000000074786091066
Q45411798	6000000074786291026
Q45411800	6000000074687294929
Q45411802	6000000074687269932
Q45411806	6000000074685130251
Q45411807	6000000074785236667
Q45411808	6000000074786314902
Q45411810	6000000074786287916
Q45411813	6000000074786280014
Q45411815	6000000074786260993
Q45411818	6000000074785678573
Q45411819	6000000074786008219
Q45411820	6000000074786058096
Q45411823	6000000074717625871
Q45411824	6000000074716996313
Q45411826	6000000074717013503
Q45411827	6000000074786280019
Q45411829	6000000074786198075
Q45411832	6000000074786360932
Q45411834	6000000074786437832
Q45411836	6000000074786174112
Q45411837	6000000074785973243
Q45411839	6000000074786198080
Q45411841	6000000074786293977
Q45411842	6000000074710584918
Q45411844	6000000074710237074
Q45411848	6000000074710507936
Q45411850	6000000074786447838
Q45411852	6000000074685255855
Q45411854	6000000074684825331
Q45411857	6000000074685206929
Q45411858	6000000074786026277
Q45411859	6000000074785727410
Q45411860	6000000074786457825
Q45411862	6000000074710635866
Q45411864	6000000074745638279
Q45411866	6000000074786387889
Q45411868	6000000074786453833
Q45411870	6000000074785990264
Q45411873	6000000074785727443
Q45411874	6000000074786428874
Q45411876	6000000074786393897
Q45411879	6000000074786230076
Q45411882	6000000074786304973
Q45411884	6000000074786346969
Q45411885	6000000074786391941
Q45411887	6000000074786359916
Q45411888	6000000074785817411
Q45411889	6000000074786448847
Q45411891	6000000074786396912
Q45411893	6000000074786371942
Q45411895	6000000074786498847
Q45411896	6000000074786455917
Q45411898	6000000074786293040
Q45411901	6000000074786002299
Q45411902	6000000074785921323
Q45411905	6000000074786213078
Q45411907	6000000074786395954
Q45411910	6000000074785527798
Q45411911	6000000074786362971
Q45411912	6000000074786247116
Q45411914	6000000074786212279
Q45411916	6000000074786425001
Q45411918	6000000074786639870
Q45411919	6000000074785818667
Q45411923	6000000074785930646
Q45411925	6000000074786691826
Q45411929	6000000074786665867
Q45411931	6000000074717499047
Q45411933	6000000074745325491
Q45411935	6000000074746100903
Q45411936	6000000074786204195
Q45411938	6000000074786475008
Q45411940	6000000074786466087
Q45411943	6000000074692101839
Q45411945	6000000074785825753
Q45411947	6000000074785994630
Q45411948	6000000074786369080
Q45411950	6000000075325989952
Q45411953	6000000075326211847
Q45411955	6000000075326081936
Q45411957	6000000075325448406
Q45411959	6000000075325904029
Q45411960	6000000075326137891
Q45411962	6000000075325826167
Q45411963	6000000075324982772
Q45411965	6000000075325485406
Q45411966	6000000075326065970
Q45411969	6000000074786335147
Q45411971	6000000074786562967
Q45411975	6000000074786718842
Q45411976	6000000074786725822
Q45411978	6000000074786308200
Q45411979	6000000074724753490
Q45411981	6000000074725245852
Q45411982	6000000074725287844
Q45411983	6000000074786567964
Q45411984	6000000074786375140
Q45411985	6000000074786290301
Q45411987	6000000074785825784
Q45411988	6000000074785761667
Q45411992	6000000074786631916
Q45411993	6000000074786255401
Q45411995	6000000074786620952
Q45411997	6000000074786360176
Q45411998	6000000074786211412
Q45411999	6000000074687447054
Q45412001	6000000074687699872
Q45412002	6000000074686806431
Q45412004	6000000074687620953
Q45412005	6000000074687454017
Q45412007	6000000074687380091
Q45412008	6000000074687554959
Q45412010	6000000074786620959
Q45412011	6000000074687576950
Q45412013	6000000074786186065
Q45412014	6000000074786734859
Q45412016	6000000074786650908
Q45412017	6000000074786299217
Q45412019	6000000074727506046
Q45412023	6000000074786704888
Q45412025	6000000074786480037
Q45412028	6000000074786058340
Q45412031	6000000074787098032
Q45412034	6000000074786668916
Q45412035	6000000074787095956
Q45412037	6000000074787170839
Q45412038	6000000074786863151
Q45412041	6000000074786959033
Q45412044	6000000074787197821
Q45412046	6000000074787137867
Q45412048	6000000074786657284
Q45412051	6000000074787152921
Q45412052	6000000074786255815
Q45412053	6000000074786796217
Q45412057	6000000074687457019
Q45412059	6000000074687503019
Q45412061	6000000074687052479
Q45412063	6000000074687888821
Q45412065	6000000074687761872
Q45412066	6000000074687501041
Q45412067	6000000074687803871
Q45412069	6000000075325956049
Q45412071	6000000074787044983
Q45412073	6000000074786452570
Q45412075	6000000074786414130
Q45412076	6000000074786961095
Q45412078	6000000074786996012
Q45412080	6000000074786719221
Q45412082	6000000074787066988
Q45412084	6000000074786742213
Q45412085	6000000074787076911
Q45412088	6000000074787175903
Q45412091	6000000074787223883
Q45412092	6000000074786421634
Q45412094	6000000074787189913
Q45412096	6000000075326254822
Q45412098	6000000074787167883
Q45412101	6000000074786885238
Q45412102	6000000074685601015
Q45412104	6000000074787098075
Q45412106	6000000074787261837
Q45412109	6000000074786719250
Q45412110	6000000074786532481
Q45412113	6000000074787067019
Q45412115	6000000074787154966
Q45412116	6000000074787292821
Q45412118	6000000074787247859
Q45412119	6000000074787264860
Q45412121	6000000074787251839
Q45412123	6000000074787255865
Q45412126	6000000074787241892
Q45412127	6000000074787131018
Q45412131	6000000074787206965
Q45412132	6000000074368572085
Q45412133	6000000074368996846
Q45412135	6000000074368902875
Q45412136	6000000074368428210
Q45412137	6000000074369025830
Q45412139	6000000074369069837
Q45412142	6000000074368794952
Q45412143	6000000074368968857
Q45412145	6000000074787074015
Q45412146	6000000074787195875
Q45412148	6000000074786847173
Q45412150	6000000074787160915
Q45412151	6000000074787254850
Q45412152	6000000074786972227
Q45412154	6000000074787256858
Q45412156	6000000074787320822
Q45412158	6000000074787016040
Q45412159	6000000074787179930
Q45412160	6000000074687220161
Q45412161	6000000074687263316
Q45412162	6000000074688091821
Q45412164	6000000074687781974
Q45412166	6000000074687813005
Q45412168	6000000074687428151
Q45412169	6000000074688072828
Q45412171	6000000074687853925
Q45412172	6000000074686858541
Q45412176	6000000074787136989
Q45412178	6000000074786742286
Q45412179	6000000074786782350
Q45412180	6000000074786645506
Q45412181	6000000074787086957
Q45412182	6000000074786761262
Q45412184	6000000074787292830
Q45412187	6000000074786906137
Q45412188	6000000074786906142
Q45412190	6000000074787175934
Q45412191	6000000074787261899
Q45412192	6000000074787252921
Q45412194	6000000074787275885
Q45412195	6000000074699559998
Q45412196	6000000074699292107
Q45412199	6000000074699568864
Q45412203	6000000074699663851
Q45412205	6000000074787317838
Q45412208	6000000074787069018
Q45412210	6000000074787003093
Q45412211	6000000074787306849
Q45412212	6000000074699417078
Q45412214	6000000074786899205
Q45412216	6000000074786414176
Q45412219	6000000074787059043
Q45412222	6000000074787355822
Q45412223	6000000074786468651
Q45412225	6000000074787288866
Q45412227	6000000074787202952
Q45412230	6000000074787045078
Q45412231	6000000074787225928
Q45412233	6000000074786337740
Q45412235	6000000074787030101
Q45412237	6000000074787169987
Q45412239	6000000074786828289
Q45412241	6000000074786421695
Q45412242	6000000074787265930
Q45412244	6000000074786764317
Q45412246	6000000074786482724
Q45412247	6000000074787358847
Q45412249	6000000074787059059
Q45412252	6000000074787139066
Q45412254	6000000074786537550
Q45412255	6000000074701617029
Q45412261	6000000074736353923
Q45412263	6000000074736178963
Q45412265	6000000074736361959
Q45412266	6000000074787263954
Q45412269	6000000074787236931
Q45412272	6000000074786971078
Q45412273	6000000074787294933
Q45412275	6000000074786775238
Q45412277	6000000074786967207
Q45412278	6000000074786950222
Q45412279	6000000074787189000
Q45412280	6000000074787240955
Q45412286	6000000074787379830
Q45412288	6000000074787076085
Q45412291	6000000074786909298
Q45412293	6000000074787067141
Q45412295	6000000074787095178
Q45412297	6000000074787371858
Q45412299	6000000074787157994
Q45412304	6000000074786911307
Q45412305	6000000074752679986
Q45412308	6000000074752026495
Q45412310	6000000074752608966
Q45412311	6000000074787298926
Q45412313	6000000074786909318
Q45412314	6000000074787119072
Q45412315	6000000074786991170
Q45412316	6000000074787373868
Q45412319	6000000074787173100
Q45412322	6000000074787413830
Q45412323	6000000074787407823
Q45412325	6000000074787055062
Q45412327	6000000074751665848
Q45412329	6000000074751601861
Q45412332	6000000074787425824
Q45412336	6000000074787377911
Q45412337	6000000074787424832
Q45412340	6000000074786092266
Q45412341	6000000074786976280
Q45412342	6000000074786549498
Q45412344	6000000074786812337
Q45412345	6000000074786967244
Q45412348	6000000074787364864
Q45412351	6000000074787204029
Q45412354	6000000074787294994
Q45412356	6000000074787354953
Q45412357	6000000074786721452
Q45412361	6000000074787131155
Q45412362	6000000074786402810
Q45412368	6000000074786847327
Q45412369	6000000074787045169
Q45412372	6000000074786967283
Q45412372	6000000075488250939
Q45412374	6000000074787426860
Q45412376	6000000074787225979
Q45412378	6000000074787393880
Q45412379	6000000074787073248
Q45412381	6000000074787215052
Q45412383	6000000074787453822
Q45412386	6000000074787084194
Q45412388	6000000074787306948
Q45412390	6000000074787442851
Q45412391	6000000074786640653
Q45412394	6000000074787098210
Q45412397	6000000074787413882
Q45412400	6000000074786921412
Q45412402	6000000074786959239
Q45412403	6000000074787101241
Q45412405	6000000074787373927
Q45412406	6000000074787454845
Q45412409	6000000074787119132
Q45412410	6000000074787342972
Q45412413	6000000074787277952
Q45412414	6000000074787434879
Q45412416	6000000074787110140
Q45412417	6000000074787341964
Q45412420	6000000074786468799
Q45412423	6000000074787435890
Q45412424	6000000074787266033
Q45412426	6000000074787101283
Q45412427	6000000074787276037
Q45412429	6000000074787489832
Q45412431	6000000074787297982
Q45412432	6000000074786015440
Q45412435	6000000074786251247
Q45412437	6000000074787345993
Q45412439	6000000074687836853
Q45412440	6000000074786898440
Q45412443	6000000075326071931
Q45412445	6000000075325417522
Q45412446	6000000075325568158
Q45412449	6000000075325033647
Q45412451	6000000075326022954
Q45412454	6000000075326164872
Q45412455	6000000075326029017
Q45412457	6000000075326164886
Q45412459	6000000074705589834
Q45412461	6000000074787461866
Q45412466	6000000074787490848
Q45412469	6000000074787448878
Q45412471	6000000074787246052
Q45412473	6000000074711893950
Q45412474	6000000074787466870
Q45412476	6000000074787025310
Q45412477	6000000074787343000
Q45412480	6000000074771631908
Q45412483	6000000074787091258
Q45412485	6000000074787189159
Q45412487	6000000074786885470
Q45412488	6000000074786645716
Q45412491	6000000074787460893
Q45412494	6000000074787468845
Q45412499	6000000074787266062
Q45412502	6000000074787358052
Q45412504	6000000074787359944
Q45412506	6000000074786452788
Q45412508	6000000074787276083
Q45412513	6000000074787054193
Q45412515	6000000074787520842
Q45412516	6000000074787437876
Q45412518	6000000074787521853
Q45412528	6000000074787425948
Q45412530	6000000074787481881
Q45412531	6000000074787413004
Q45412534	6000000074787463893
Q45412540	6000000074786721564
Q45412543	6000000074757889938
Q45412546	6000000074756977346
Q45412547	6000000074787529857
Q45412548	6000000074786687712
Q45412551	6000000074787460940
Q45412553	6000000074786775340
Q45412555	6000000074787266111
Q45412557	6000000074787423962
Q45412559	6000000074787466942
Q45412562	6000000074787409936
Q45412564	6000000074787246097
Q45412565	6000000074787380974
Q45412567	6000000074787544836
Q45412568	6000000074787259136
Q45412569	6000000074787559830
Q45412571	6000000074787539866
Q45412573	6000000074787536856
Q45412575	6000000074787502887
Q45412578	6000000074787278000
Q45412580	6000000074787549841
Q45412582	6000000074787443948
Q45412583	6000000074787130223
Q45412585	6000000074787372067
Q45412586	6000000074787180149
Q45412588	6000000074787430993
Q45412591	6000000074787552848
Q45412597	6000000074787311994
Q45412603	6000000074787270008
Q45412604	6000000074787282074
Q45412607	6000000074787240056
Q45412609	6000000074787601829
Q45412611	6000000074787583853
Q45412614	6000000074787387972
Q45412617	6000000074787454953
Q45412621	6000000074787383041
Q45412623	6000000074786954406
Q45412626	6000000074787422050
Q45412630	6000000074787501938
Q45412634	6000000074787068222
Q45412636	6000000074787170218
Q45412638	6000000074786687755
Q45412643	6000000074787284131
Q45412644	6000000074787627825
Q45412650	6000000074745705904
Q45412651	6000000074734348097
Q45412655	6000000074734375123
Q45412658	6000000074787516980
Q45412659	6000000074787072196
Q45412660	6000000074786549646
Q45412664	6000000074787512891
Q45412665	6000000074787141195
Q45412667	6000000074787611823
Q45412670	6000000074787445919
Q45412672	6000000074771160978
Q45412675	6000000074787516991
Q45412679	6000000074787568872
Q45412680	6000000074787437003
Q45412682	6000000074787117331
Q45412685	6000000074787419976
Q45412688	6000000074787451013
Q45412690	6000000074787253207
Q45412692	6000000074787255132
Q45412695	6000000074786803611
Q45412700	6000000074787298139
Q45412701	6000000074787391029
Q45412703	6000000074787221234
Q45412705	6000000074787117347
Q45412706	6000000074787663821
Q45412719	6000000074787635883
Q45412719	6000000074787660852
Q45412721	6000000074787634865
Q45412723	6000000074787637905
Q45412724	6000000074787674841
Q45412727	6000000074787408089
Q45412729	6000000074787003395
Q45412731	6000000074787634873
Q45412734	6000000074726738539
Q45412735	6000000074727501982
Q45412736	6000000074727602955
Q45412738	6000000074727660895
Q45412749	6000000074787552933
Q45412751	6000000074787054319
Q45412754	6000000074787605896
Q45412757	6000000074787054324
Q45412759	6000000074787538944
Q45412760	6000000074787068303
Q45412761	6000000074786742648
Q45412763	6000000074787470031
Q45412769	6000000074787532918
Q45412773	6000000074786962333
Q45412774	6000000074787417036
Q45412776	6000000074787674856
Q45412777	6000000074787672869
Q45412779	6000000074787694844
Q45412781	6000000074787607915
Q45412783	6000000074787470047
Q45412785	6000000074787180283
Q45412788	6000000074787696840
Q45412791	6000000074787279972
Q45412794	6000000074787636947
Q45412796	6000000074786989395
Q45412798	6000000074787399141
Q45412799	6000000074787452027
Q45412802	6000000074787572917
Q45412807	6000000074745707050
Q45412808	6000000074745797987
Q45412809	6000000074745706080
Q45412811	6000000074745928911
Q45412814	6000000074745769992
Q45412817	6000000074745360229
Q45412819	6000000074746056843
Q45412820	6000000074745987930
Q45412821	6000000074745829068
Q45412822	6000000074745978945
Q45412823	6000000074787742845
Q45412826	6000000074787538028
Q45412828	6000000074787278157
Q45412829	6000000074787636962
Q45412830	6000000074787779829
Q45412832	6000000074787635975
Q45412833	6000000074787706894
Q45412835	6000000074787633984
Q45412837	6000000074787410081
Q45412839	6000000074787706899
Q45412840	6000000074787389107
Q45412842	6000000074787711863
Q45412844	6000000074786742731
Q45412845	6000000074787739884
Q45412847	6000000074787603989
Q45412848	6000000074787440018
Q45412852	6000000074787607990
Q45412854	6000000074787601995
Q45412856	6000000074787530079
Q45412857	6000000074787663878
Q45412859	6000000074787564971
Q45412861	6000000074787427089
Q45412863	6000000074787797857
Q45412867	6000000074787631967
Q45412867	6000000075407570969
Q45412871	6000000074787754860
Q45412873	6000000074787685889
Q45412874	6000000074787807826
Q45412877	6000000074787719869
Q45412880	6000000074787637029
Q45412880	6000000075407347992
Q45412883	6000000074787824835
Q45412885	6000000074787632007
Q45412886	6000000074787399224
Q45412888	6000000074787836831
Q45412889	6000000074787389169
Q45412891	6000000074787602029
Q45412894	6000000074786719709
Q45412895	6000000074787662964
Q45412897	6000000074787604014
Q45412900	6000000074787454106
Q45412902	6000000074787832837
Q45412904	6000000074787482178
Q45412906	6000000074787701968
Q45412909	6000000074787534083
Q45412910	6000000074786775584
Q45412911	6000000074787698952
Q45412913	6000000074787695936
Q45412915	6000000074787698957
Q45412918	6000000074787310371
Q45412920	6000000074787647022
Q45412922	6000000074787798867
Q45412924	6000000074787446133
Q45412925	6000000074787391113
Q45412927	6000000074787408196
Q45412928	6000000074787563047
Q45412929	6000000074787813879
Q45412932	6000000074787278232
Q45412934	6000000074787548932
Q45412936	6000000074787647029
Q45412939	6000000074787767892
Q45412943	6000000074787647004
Q45412944	6000000074787852821
Q45412946	6000000074787417124
Q45412950	6000000074787818851
Q45412952	6000000074787657983
Q45412954	6000000074786891593
Q45412956	6000000074787417155
Q45412958	6000000074787528081
Q45412959	6000000074787831895
Q45412960	6000000074787226332
Q45412962	6000000074787756926
Q45412965	6000000074787888821
Q45412968	6000000074787259456
Q45412970	6000000074786812611
Q45412971	6000000074787130554
Q45412973	6000000074787551112
Q45412975	6000000074787558064
Q45412977	6000000074787683035
Q45412981	6000000074787530206
Q45412983	6000000074786976718
Q45412985	6000000074787777967
Q45412986	6000000074787669999
Q45412989	6000000074787836883
Q45412996	6000000074787658040
Q45412999	6000000074787815966
Q45413000	6000000074787836940
Q45413001	6000000074787765947
Q45413005	6000000074787796917
Q45413008	6000000074787762963
Q45413011	6000000074787913854
Q45413012	6000000074787389224
Q45413016	6000000074787482255
Q45413018	6000000074787903848
Q45413021	6000000074787437248
Q45413024	6000000074787859877
Q45413026	6000000074787783931
Q45413030	6000000074787563072
Q45413035	6000000074787567147
Q45413039	6000000074787930831
Q45413042	6000000074787935825
Q45413044	6000000074787754988
Q45413045	6000000074787557161
Q45413047	6000000074787697009
Q45413050	6000000074787921860
Q45413052	6000000074787634116
Q45413055	6000000074787672148
Q45413057	6000000074787716965
Q45413059	6000000074787437301
Q45413061	6000000074786989593
Q45413065	6000000074787255265
Q45413067	6000000074787855843
Q45413069	6000000074787834898
Q45413070	6000000074787828928
Q45413073	6000000074787762032
Q45413074	6000000074787885903
Q45413077	6000000074787246463
Q45413078	6000000074787704055
Q45413080	6000000074748561071
Q45413081	6000000074747981456
Q45413085	6000000074748731975
Q45413087	6000000074748746941
Q45413089	6000000074787481142
Q45413090	6000000074787851957
Q45413091	6000000074787780000
Q45413094	6000000074787427232
Q45413096	6000000074787722018
Q45413100	6000000074787933847
Q45413101	6000000074787707093
Q45413105	6000000074787062619
Q45413106	6000000074787391164
Q45413108	6000000074787403261
Q45413110	6000000074787879882
Q45413111	6000000074787942893
Q45413117	6000000074787226414
Q45413119	6000000074787548252
Q45413121	6000000074787623218
Q45413123	6000000074787996846
Q45413128	6000000074787855890
Q45413129	6000000074787972842
Q45413130	6000000074787981849
Q45413131	6000000074787544290
Q45413133	6000000074787995836
Q45413137	6000000074788032821
Q45413139	6000000074787998846
Q45413140	6000000074787866927
Q45413142	6000000074787902909
Q45413144	6000000074787582190
Q45413145	6000000074788013829
Q45413150	6000000074787226466
Q45413153	6000000074787964902
Q45413156	6000000074787500208
Q45413158	6000000074787742108
Q45413159	6000000074787984860
Q45413162	6000000074787481185
Q45413164	6000000074787403302
Q45413165	6000000074787569212
Q45413166	6000000074787798984
Q45413168	6000000074787917904
Q45413171	6000000074787707134
Q45413173	6000000074787747058
Q45413174	6000000074787979882
Q45413176	6000000074787391229
Q45413178	6000000074787944930
Q45413179	6000000074788038856
Q45413182	6000000074787996895
Q45413184	6000000075487554826
Q45413185	6000000074787944947
Q45413188	6000000074787991828
Q45413190	6000000074787852049
Q45413191	6000000074787575020
Q45413194	6000000074787730931
Q45413195	6000000074787818988
Q45413197	6000000074788075823
Q45413198	6000000074787979913
Q45413200	6000000074788053843
Q45413202	6000000074787949956
Q45413203	6000000074787964934
Q45413206	6000000074787096254
Q45413208	6000000074787979919
Q45413209	6000000074787816093
Q45413212	6000000074787558940
Q45413215	6000000074786792651
Q45413216	6000000074787614908
Q45413218	6000000074787981900
Q45413221	6000000074787219368
Q45413223	6000000074787932989
Q45413225	6000000074787408394
Q45413226	6000000074787753109
Q45413227	6000000074787180546
Q45413229	6000000074788028870
Q45413232	6000000074787730947
Q45413236	6000000074787582278
Q45413237	6000000074787886011
Q45413238	6000000074787933006
Q45413240	6000000074787686193
Q45413242	6000000074787957879
Q45413244	6000000074787480973
Q45413246	6000000074786612307
Q45413247	6000000074786961448
Q45413249	6000000074787595937
Q45413251	6000000074787259309
Q45413256	6000000074787981933
Q45413258	6000000074788111828
Q45413259	6000000074787699211
Q45413260	6000000074787435366
Q45413262	6000000074787592200
Q45413263	6000000074787930939
Q45413265	6000000074788093852
Q45413268	6000000074787981949
Q45413270	6000000074788105868
Q45413273	6000000074726828390
Q45413274	6000000074726564707
Q45413277	6000000074726900367
Q45413278	6000000074787846035
Q45413281	6000000074787609164
Q45413283	6000000074788024933
Q45413287	6000000074787567221
Q45413290	6000000074788050924
Q45413292	6000000074787819061
Q45413294	6000000074787440280
Q45413298	6000000074788084880
Q454133	6000000025755374993
Q45413300	6000000074788132825
Q45413301	6000000074788068891
Q45413302	6000000074727583217
Q45413304	6000000074728008885
Q45413305	6000000074727891982
Q45413308	6000000074727664026
Q45413309	6000000074728067835
Q45413310	6000000074727606132
Q45413311	6000000074787984955
Q45413312	6000000074787582333
Q45413314	6000000074787954979
Q45413315	6000000074727948924
Q45413317	6000000074727955937
Q45413320	6000000074788097871
Q45413321	6000000074787246650
Q45413323	6000000074788068921
Q45413324	6000000074788160821
Q45413325	6000000074787180591
Q45413327	6000000074788084902
Q45413330	6000000074787686215
Q45413332	6000000074788116839
Q45413333	6000000074788133854
Q45413336	6000000074788170821
Q45413337	6000000074787440327
Q45413340	6000000074787975904
Q45413342	6000000074787931873
Q45413344	6000000074788183828
Q45413345	6000000074788133875
Q45413346	6000000074787971933
Q45413349	6000000074788120852
Q45413350	6000000074788164854
Q45413353	6000000074788129896
Q45413356	6000000074788172829
Q45413359	6000000074787808235
Q45413361	6000000074787789145
Q45413363	6000000074788209822
Q45413366	6000000074787807138
Q45413367	6000000074788073926
Q45413370	6000000074787966969
Q45413371	6000000074787451469
Q45413374	6000000074787991997
Q45413376	6000000074788096934
Q45413417	6000000074788858837
Q45413418	6000000074787914755
Q45413421	6000000074788870870
Q45413422	6000000074788194260
Q45413422	6000000074788679021
Q45413426	6000000074788862902
Q45413427	6000000074749389838
Q45413429	6000000074749421832
Q45413434	6000000074788584158
Q45413435	6000000074788759947
Q45413436	6000000074788763944
Q45413438	6000000074788415107
Q45413442	6000000074788833853
Q45413444	6000000074788462133
Q45413444	6000000074788854882
Q45413446	6000000074788660997
Q45413449	6000000074788624053
Q45413451	6000000074788598062
Q45413452	6000000074788487225
Q45413454	6000000074787950589
Q45413455	6000000074788911838
Q45413457	6000000074788743045
Q45413462	6000000074788346371
Q45413466	6000000074788584196
Q45413469	6000000074788891839
Q45413471	6000000074788901853
Q45413473	6000000074788831950
Q45413476	6000000074788670013
Q45413480	6000000074788776996
Q45413483	6000000074788856936
Q45413495	6000000074788185389
Q45413497	6000000074788764064
Q45413499	6000000074788640110
Q45413503	6000000074788469216
Q45413506	6000000074788174464
Q45413507	6000000074788491172
Q45413510	6000000074788535064
Q45413511	6000000074788336229
Q45413513	6000000074788732028
Q45413514	6000000074788474159
Q45413517	6000000074788535076
Q45413519	6000000074788742988
Q45413522	6000000074788873832
Q45413523	6000000074788883836
Q45413524	6000000074788517073
Q45413525	6000000074788711042
Q45413528	6000000074788814974
Q45413532	6000000074788920850
Q45413534	6000000074788421086
Q45413535	6000000074788281185
Q45413537	6000000074788474143
Q45413539	6000000074788226147
Q45413540	6000000074788482225
Q45413541	6000000074788376125
Q45413544	6000000074788959841
Q45413545	6000000074788640140
Q45413548	6000000074788627067
Q45413549	6000000074788821006
Q45413552	6000000074788714040
Q45413555	6000000074788879882
Q45413557	6000000074788641123
Q45413559	6000000074788632179
Q45413561	6000000074788770968
Q45413562	6000000074788725114
Q45413564	6000000074788725119
Q45413566	6000000074788917990
Q45413567	6000000074788737028
Q45413568	6000000074788445293
Q45413571	6000000074788226176
Q45413572	6000000074788896008
Q45413574	6000000074788618093
Q45413576	6000000074788667033
Q45413579	6000000074788174615
Q45413582	6000000074788281340
Q45413583	6000000074788985914
Q45413586	6000000074788728121
Q45413587	6000000074788976854
Q45413588	6000000074788926953
Q45413590	6000000074788784119
Q45413591	6000000074788889831
Q45413594	6000000074788728125
Q45413595	6000000074789032834
Q45413596	6000000074788731191
Q45413599	6000000074788457242
Q454136	6000000017167714338
Q45413601	6000000074788728131
Q45413603	6000000074788893972
Q45413606	6000000074788675112
Q45413608	6000000074788886932
Q45413611	6000000074788543209
Q45413614	6000000074788602135
Q45413616	6000000074788453002
Q45413619	6000000074788900943
Q45413621	6000000074788397279
Q45413623	6000000074788657143
Q45413626	6000000074788087688
Q45413628	6000000074788704182
Q45413632	6000000074788643172
Q45413634	6000000074789006885
Q45413636	6000000074789006902
Q45413637	6000000074789043827
Q45413638	6000000074788784142
Q45413639	6000000074788830063
Q45413640	6000000074788727120
Q45413642	6000000074788520340
Q45413644	6000000074788840011
Q45413648	6000000074789028873
Q45413649	6000000074787280458
Q45413651	6000000074788397372
Q45413652	6000000074788281394
Q45413654	6000000074789044850
Q45413656	6000000074788993843
Q45413658	6000000074789021895
Q45413660	6000000074788857032
Q45413661	6000000074788896040
Q45413664	6000000074788725183
Q45413667	6000000074788912023
Q45413669	6000000074788838069
Q45413671	6000000074789086822
Q45413672	6000000074788547363
Q45413674	6000000074789032857
Q45413676	6000000074788015960
Q45413679	6000000074788126891
Q45413680	6000000074787964996
Q45413681	6000000074787686287
Q45413684	6000000074788728162
Q45413686	6000000074789062834
Q45413689	6000000074788857045
Q45413691	6000000074788656172
Q45413694	6000000074787784152
Q45413696	6000000074787931924
Q45413698	6000000074787280119
Q45413699	6000000074788147955
Q45413701	6000000074787636299
Q45413702	6000000074788888010
Q45413705	6000000074787414454
Q45413706	6000000074787768139
Q45413708	6000000074788167882
Q45413713	6000000074788695106
Q45413716	6000000074789059898
Q45413718	6000000074789039904
Q45413720	6000000074788302461
Q45413722	6000000074789092862
Q45413723	6000000074788846019
Q45413725	6000000074788465396
Q45413728	6000000074788980943
Q45413729	6000000074788966934
Q45413732	6000000074788618346
Q45413734	6000000074788859087
Q45413736	6000000074787280510
Q45413739	6000000074788858065
Q45413741	6000000074789011927
Q45413742	6000000074789028947
Q45413745	6000000074788870062
Q45413746	6000000074789062890
Q45413748	6000000074788273439
Q45413750	6000000074788937032
Q45413752	6000000074788864098
Q45413755	6000000074788954006
Q45413757	6000000074788857099
Q45413758	6000000074788812095
Q45413760	6000000074789155837
Q45413762	6000000074789155842
Q45413766	6000000074788693217
Q45413768	6000000074789164826
Q45413770	6000000074788629333
Q45413773	6000000074789157839
Q45413774	6000000074789116856
Q45413777	6000000074788856061
Q45413782	6000000074789158834
Q45413786	6000000074789175821
Q45413788	6000000074789162834
Q45413790	6000000074789122877
Q45413796	6000000074788773135
Q45413797	6000000074789148901
Q454138	4818390098970079409
Q45413803	6000000074789053909
Q45413805	6000000074788332511
Q45413811	6000000074789000054
Q45413811	6000000074789175829
Q45413813	6000000074789142901
Q45413815	6000000074789020060
Q45413817	6000000074789059965
Q45413818	6000000074788872092
Q45413818	6000000074789115878
Q45413820	6000000074789154861
Q45413822	6000000074788733268
Q45413825	6000000074789046868
Q45413830	6000000074789185852
Q45413831	6000000074789040985
Q45413833	6000000074788342117
Q45413837	6000000074788552469
Q45413838	6000000074788970031
Q45413840	6000000074789122923
Q45413841	6000000074788818171
Q45413843	6000000074788453074
Q45413847	6000000074788937109
Q45413849	6000000074788693297
Q45413852	6000000074789168891
Q45413854	6000000074789116951
Q45413857	6000000074788805247
Q45413859	6000000074789226862
Q45413862	6000000074788818190
Q45413865	6000000074788994939
Q45413868	6000000074789206882
Q45413870	6000000074789207858
Q45413878	6000000074789011022
Q45413881	6000000074788999029
Q45413883	6000000074788753359
Q45413888	6000000074789279821
Q45413891	6000000074789206890
Q45413892	6000000074789236848
Q45413897	6000000074788853111
Q45413898	6000000074788960115
Q45413900	6000000074788976977
Q45413901	6000000074788989172
Q45413902	6000000074788856159
Q45413907	6000000074789148976
Q45413908	6000000074789133995
Q45413910	6000000074788199767
Q45413913	6000000074788721315
Q45413915	6000000074789295833
Q45413917	6000000074789075061
Q45413919	6000000074789115979
Q45413922	6000000074788776344
Q45413923	6000000074789289838
Q45413924	6000000074789284845
Q45413925	6000000074789201948
Q45413927	6000000074789155985
Q45413928	6000000074788746255
Q45413932	6000000074789135968
Q45413934	6000000074789296868
Q45413937	6000000074788812201
Q45413939	6000000074789187982
Q45413941	6000000074788937137
Q45413942	6000000074788905271
Q45413945	6000000074789280933
Q45413947	6000000074788675354
Q45413950	6000000074789041047
Q45413951	6000000074788776390
Q45413956	6000000074788978191
Q45413959	6000000074789121039
Q45413960	6000000074789168994
Q45413965	6000000074789366850
Q45413967	6000000074789151011
Q45413968	6000000074789340859
Q45413969	6000000074788491602
Q45413970	6000000074789097081
Q45413971	6000000074789277857
Q45413972	6000000074789306890
Q45413974	6000000074788966211
Q45413976	6000000074788457655
Q45413977	6000000074788746309
Q45413978	6000000074788693419
Q45413979	6000000074789351894
Q45413980	6000000074789141022
Q45413982	6000000074789402855
Q45413983	6000000074788947181
Q45413985	6000000074789408861
Q45413986	6000000074789357910
Q45413988	6000000074789260895
Q45413989	6000000074788273654
Q45413993	6000000074789177013
Q45413995	6000000074789168017
Q45413998	6000000074788615491
Q45414000	6000000074789288897
Q45414002	6000000074789308928
Q45414003	6000000074788457659
Q45414007	6000000074789430844
Q45414011	6000000074789148073
Q45414012	6000000074789047042
Q45414014	6000000074789021142
Q45414019	6000000074788852396
Q45414021	6000000074789667822
Q45414022	6000000074789419953
Q45414025	6000000074789258195
Q45414026	6000000074789401013
Q45414032	6000000074789440091
Q45414036	6000000074789060136
Q45414038	6000000074789665868
Q45414040	6000000074789695822
Q45414043	6000000074788725571
Q45414045	6000000074789435985
Q45414046	6000000074789615906
Q45414047	6000000074789349160
Q45414048	6000000074789689837
Q45414049	6000000074789445072
Q45414051	6000000074789444005
Q45414055	6000000074789711822
Q45414056	6000000074789662862
Q45414058	6000000074789348924
Q45414059	6000000074789342104
Q45414061	6000000074789607954
Q45414068	6000000074789680827
Q45414069	6000000074789621892
Q45414072	6000000074789264342
Q45414073	6000000074789136316
Q45414074	6000000074789678914
Q45414076	6000000074789732828
Q45414082	6000000074789620935
Q45414084	6000000074789717829
Q45414085	6000000074789738822
Q45414088	6000000074788995068
Q45414089	6000000074789740824
Q45414090	6000000074788555712
Q45414092	6000000074789688846
Q45414095	6000000074770658976
Q45414096	6000000074770851877
Q45414098	6000000074770816863
Q45414099	6000000074770820888
Q45414103	6000000074770946840
Q45414105	6000000074770911849
Q45414107	6000000074770610003
Q45414108	6000000074770902858
Q45414109	6000000074789653884
Q45414112	6000000074789630955
Q45414115	6000000074788947424
Q45414118	6000000074789540999
Q45414120	6000000074789187253
Q45414122	6000000074789415065
Q45414125	6000000074789666887
Q45414128	6000000074789535983
Q45414129	6000000074789191279
Q45414131	6000000074789669902
Q45414133	6000000074789625962
Q45414135	6000000074789047313
Q45414136	6000000074789525079
Q45414167	6000000074789726893
Q45414170	6000000074789684861
Q45414171	6000000074789363177
Q45414172	6000000074789766835
Q45414175	6000000074789708901
Q45414177	6000000074789768858
Q45414180	6000000074789725843
Q45414183	6000000074789722919
Q45414186	6000000074789328108
Q45414187	6000000074789136371
Q45414191	6000000074789553066
Q45414193	6000000074789027395
Q45414194	6000000074789689925
Q45414195	6000000074789762874
Q454142	6000000025273597232
Q45414200	6000000074789670953
Q45414202	6000000074789738889
Q45414205	6000000074789525110
Q45414206	6000000074789807828
Q45414209	6000000074789595971
Q45414210	6000000074789289140
Q45414217	6000000074789827822
Q45414221	6000000074789829828
Q45414227	6000000074789669932
Q45414229	6000000074789171412
Q45414231	6000000074789750885
Q45414233	6000000074789663974
Q45414237	6000000074789026383
Q45414238	6000000074789737924
Q45414240	6000000074789623094
Q45414243	6000000074789240426
Q45414246	6000000074789621026
Q45414250	6000000074788675759
Q45414252	6000000074789600981
Q45414255	6000000074788846561
Q45414259	6000000074789524038
Q45414262	6000000074789022448
Q45414263	6000000074789764872
Q45414266	6000000074789838849
Q45414267	6000000074789657004
Q45414270	6000000074788743765
Q45414272	6000000074789829841
Q45414275	6000000074789764877
Q45414279	6000000074789804853
Q45414281	6000000074789745922
Q45414284	6000000074789141391
Q45414286	6000000074789696978
Q45414290	6000000074789731910
Q45414291	6000000074789439245
Q45414294	6000000074789468127
Q45414295	6000000074789688986
Q45414299	6000000074789787908
Q45414301	6000000074789813920
Q45414304	6000000074789606038
Q45414308	6000000074789744979
Q45414310	6000000074789609034
Q45414312	6000000074789587082
Q45414315	6000000074789750943
Q45414316	6000000074789109385
Q45414319	6000000074789914821
Q45414322	6000000074789841861
Q45414324	6000000074789844866
Q45414325	6000000074789306208
Q45414327	6000000074789790826
Q45414330	6000000074789586979
Q45414334	6000000074789621935
Q45414336	6000000074789834888
Q45414339	6000000074789725935
Q45414341	6000000074789325182
Q45414344	6000000074789510146
Q45414345	6000000074789914843
Q45414347	6000000074789798929
Q45414350	6000000074789611032
Q45414351	6000000074789608981
Q45414353	6000000074789677959
Q45414356	6000000074789949833
Q45414357	6000000074788810755
Q45414359	6000000074789946821
Q45414360	6000000074789950821
Q45414361	6000000074789613142
Q45414362	6000000074789806007
Q45414363	6000000074789821896
Q45414364	6000000074789679185
Q45414365	6000000074789564109
Q45414368	6000000074789821901
Q45414369	6000000074789023616
Q45414371	6000000074789727994
Q45414372	6000000074789393191
Q45414375	6000000074788846690
Q45414378	6000000074789906855
Q45414380	6000000074789908891
Q45414381	6000000074789915898
Q45414382	6000000074789946838
Q45414384	6000000074789325276
Q45414386	6000000074790121824
Q45414388	6000000074790036904
Q45414390	6000000074787798970
Q45414392	6000000074787139529
Q45414393	6000000074787981834
Q45414396	6000000074787807008
Q45414397	6000000074787904914
Q45414398	6000000074787226421
Q45414401	6000000074787636197
Q45414403	6000000074789950954
Q45414405	6000000074789468337
Q45414406	6000000074787327341
Q45414408	6000000074790025941
Q45414413	6000000074789855124
Q45414416	6000000074789825098
Q45414418	6000000074727304460
Q45414419	6000000074790092882
Q45414421	6000000074789899997
Q45414424	6000000074789848059
Q45414428	6000000074789900015
Q45414431	6000000074789565915
Q45414432	6000000074789498014
Q45414434	6000000074789211949
Q45414436	6000000074789306125
Q45414438	6000000074789498029
Q45414439	6000000074789653851
Q45414441	6000000074789501972
Q45414443	6000000074789944957
Q45414444	6000000074789488039
Q45414445	6000000074789867109
Q45414447	6000000074789445051
Q45414450	6000000074790119830
Q45414452	6000000074788675631
Q45414454	6000000074789434019
Q45414459	6000000074789424058
Q45414461	6000000074790065929
Q45414463	6000000074790094871
Q45414464	6000000074790105859
Q45414467	6000000074789810040
Q45414469	6000000074789797099
Q45414471	6000000074790170821
Q45414473	6000000074790009953
Q45414474	6000000074789983987
Q45414476	6000000074788453386
Q45414480	6000000074789606281
Q45414485	6000000074789410107
Q45414486	6000000074790026029
Q45414488	6000000074790182855
Q45414489	6000000074790056946
Q45414492	6000000074790177875
Q45414493	6000000074790085902
Q45414496	6000000074790105903
Q45414497	6000000074790215833
Q45414500	6000000074789117149
Q45414502	6000000074789275963
Q45414503	6000000074789312942
Q45414504	6000000074788675437
Q45414506	6000000074789327903
Q45414508	6000000074788615551
Q45414509	6000000074789024191
Q45414512	6000000074789697266
Q45414520	6000000074790143855
Q45414525	6000000074789659281
Q45414525	6000000074790073986
Q45414529	6000000074790122926
Q45414531	6000000074789945000
Q45414535	6000000074790082963
Q45414537	6000000074790080932
Q45414538	6000000074789519413
Q45414541	6000000074790190911
Q45414544	6000000074789695258
Q45414546	6000000074789870237
Q45414548	6000000074789535415
Q45414550	6000000074789772160
Q45414551	6000000074789521389
Q45414552	6000000074789934204
Q45414554	6000000074790295832
Q45414557	6000000074790287837
Q45414558	6000000074789676415
Q45414559	6000000074789928118
Q45414562	6000000074789536399
Q45414563	6000000074789900156
Q45414564	6000000074790232928
Q45414566	6000000074790107954
Q45414567	6000000074790085962
Q45414569	6000000074790102963
Q45414571	6000000074790255860
Q45414572	6000000074789900097
Q45414573	6000000074790191901
Q45414574	6000000074789788189
Q45414576	6000000074789393377
Q45414578	6000000074790204919
Q45414581	6000000074790324834
Q45414583	6000000074789793072
Q45414585	6000000074790004022
Q45414586	6000000074789239579
Q45414587	6000000075326351898
Q45414589	6000000075326250914
Q45414593	6000000074788810798
Q45414594	6000000074789611114
Q45414596	6000000075326377862
Q45414598	6000000074790112043
Q45414599	6000000074789835224
Q45414600	6000000074789994137
Q45414603	6000000074790041063
Q45414606	6000000074789712264
Q45414608	6000000074790295947
Q45414610	6000000074790425912
Q45414612	6000000074790485826
Q45414615	6000000075326082103
Q45414617	6000000075325985146
Q45414621	6000000074790255058
Q45414624	6000000074789744379
Q45414625	6000000074790057146
Q45414627	6000000074789285662
Q45414629	6000000074790031352
Q45414632	6000000074790028113
Q45414635	6000000074790108119
Q45414636	6000000074789994241
Q45414640	6000000074790269000
Q45414642	6000000074790057140
Q45414645	6000000074790503836
Q45414649	6000000074790510830
Q45414652	6000000074789495173
Q45414654	6000000074789468148
Q45414656	6000000074789863871
Q45414659	6000000074789669978
Q45414661	6000000074789940823
Q45414663	6000000074789870870
Q45414667	6000000074789622043
Q45414669	6000000074789915849
Q45414674	6000000074790287973
Q45414676	6000000074789916272
Q45414678	6000000074790310019
Q45414680	6000000074790426937
Q45414682	6000000074789564068
Q45414685	6000000074790443913
Q45414687	6000000074788453517
Q45414689	6000000074790231070
Q45414690	6000000074790288007
Q45414692	6000000074789799366
Q45414696	6000000074790518840
Q45414697	6000000074790366981
Q45414701	6000000074790276014
Q45414704	6000000074790250053
Q45414706	6000000074790476866
Q45414708	6000000074790041175
Q45414711	6000000074790135097
Q45414715	6000000074789419965
Q45414717	6000000074788773591
Q45414720	6000000074790678855
Q45414723	6000000074790455057
Q45414725	6000000074790676843
Q45414727	6000000074790614917
Q45414728	6000000074790118175
Q45414730	6000000074789928505
Q45414732	6000000074790614928
Q45414733	6000000074790461091
Q45414735	6000000074790668868
Q45414737	6000000074790519977
Q45414741	6000000074790614923
Q45414744	6000000074789830369
Q45414748	6000000074789676662
Q45414750	6000000074790334122
Q45414751	6000000074790642876
Q45414755	6000000074790730838
Q45414757	6000000074790653896
Q45414763	6000000074790357140
Q45414767	6000000074790680926
Q45414768	6000000074790740821
Q45414769	6000000074790262245
Q45414773	6000000074790704842
Q45414775	6000000074790334150
Q45414776	6000000074790700853
Q45414779	6000000074789425796
Q45414781	6000000074790614950
Q45414783	6000000074790254330
Q45414786	6000000074790508054
Q45414788	6000000074790358146
Q45414790	6000000074790103333
Q45414792	6000000074790657909
Q45414793	6000000074790695877
Q45414795	6000000074790108326
Q45414796	6000000074790678945
Q45414799	6000000074790601998
Q45414800	6000000074790614965
Q45414802	6000000074790374071
Q45414803	6000000074790687899
Q45414804	6000000074790691891
Q45414808	6000000074789799532
Q45414811	6000000074790537032
Q45414816	6000000074718058931
Q45414819	6000000074717840100
Q45414820	6000000074718250849
Q45414824	6000000074718083911
Q45414825	6000000074717749214
Q45414828	6000000074717927111
Q45414830	6000000074717421451
Q45414832	6000000074717979061
Q45414834	6000000074717219544
Q45414836	6000000074718212853
Q45414838	6000000074717852068
Q45414841	6000000074790653965
Q45414842	6000000074718150873
Q45414845	6000000074717876077
Q45414846	6000000074718157870
Q45414848	6000000074789782599
Q45414849	6000000074790648945
Q45414852	6000000074790508086
Q45414858	6000000074790660940
Q45414859	6000000074789498815
Q45414862	6000000074790593960
Q45414864	6000000074790410175
Q45414866	6000000074790123322
Q45414869	6000000074790529992
Q45414871	6000000074790553044
Q45414873	6000000074789676770
Q45414875	6000000074790190442
Q45414877	6000000074790368145
Q45414881	6000000074790593985
Q45414883	6000000074789676774
Q45414886	6000000074790431143
Q45414888	6000000074790108380
Q45414890	6000000074790772829
Q45414891	6000000074790473064
Q45414892	6000000074790558036
Q45414894	6000000074790786836
Q45414895	6000000074790633952
Q45414900	6000000074790818847
Q45414901	6000000074790784866
Q45414904	6000000074790578067
Q45414906	6000000074790842822
Q45414907	6000000074790410196
Q45414908	6000000074790903822
Q45414911	6000000074790195312
Q45414914	6000000074790789885
Q45414916	6000000074790400231
Q45414918	6000000074790832873
Q45414919	6000000074790464113
Q45414920	6000000074790791843
Q45414921	6000000074790556025
Q45414925	6000000074790753976
Q45414929	6000000074790793958
Q45414931	6000000074790487188
Q45414933	6000000074790147290
Q45414935	6000000074790857868
Q45414937	6000000074790732975
Q45414938	6000000074790652982
Q45414939	6000000074790710994
Q45414942	6000000074790636978
Q45414943	6000000074790888858
Q45414944	6000000074790854846
Q45414947	6000000074790135374
Q45414948	6000000074790746929
Q45414951	6000000074790464210
Q45414952	6000000074790686945
Q45414955	6000000074790752908
Q45414956	6000000074790676045
Q45414957	6000000074790939827
Q45414959	6000000074790489107
Q45414961	6000000074790619950
Q45414963	6000000074790334228
Q45414964	6000000074790770970
Q45414967	6000000074790679058
Q45414971	6000000074790941834
Q45414974	6000000074790169410
Q45414976	6000000074790135306
Q45414979	6000000074790822822
Q45414981	6000000074790763871
Q45414982	6000000074790711907
Q45414984	6000000074790504141
Q45414986	6000000074790812840
Q45414989	6000000074790764929
Q45414990	6000000074790900877
Q45414992	6000000074790764935
Q45414994	6000000074790903878
Q45414996	6000000074790571072
Q45414998	6000000074790489217
Q45415001	6000000074790803907
Q45415006	6000000074727399858
Q45415010	6000000074727435836
Q45415011	6000000074727408859
Q45415013	6000000074726681599
Q45415017	6000000074727005235
Q45415019	6000000074790755972
Q45415021	6000000074790734932
Q45415024	6000000074790917884
Q45415027	6000000074790694049
Q45415029	6000000074790262438
Q45415031	6000000074790363229
Q45415032	6000000074790336272
Q45415033	6000000074790906892
Q45415034	6000000074790231398
Q45415036	6000000074790694067
Q45415038	6000000074727177054
Q45415041	6000000074727414853
Q45415042	6000000074726745533
Q45415044	6000000074790482151
Q45415045	6000000074727420856
Q45415049	6000000074726632421
Q45415051	6000000074727434864
Q45415052	6000000074790233351
Q45415054	6000000074790865892
Q45415056	6000000074789397371
Q45415058	6000000074790920866
Q45415059	6000000074790583076
Q45415060	6000000074790199485
Q45415061	6000000074790712016
Q45415064	6000000074790750973
Q45415065	6000000074790803957
Q45415066	6000000074790431281
Q45415068	6000000074790956855
Q45415070	6000000074790627103
Q45415071	6000000074790993840
Q45415075	6000000074790195384
Q45415078	6000000074790473214
Q45415079	6000000074790893934
Q45415081	6000000074790912853
Q45415082	6000000074791000838
Q45415087	6000000074790906919
Q45415090	6000000074790679122
Q45415092	6000000074790557155
Q45415093	6000000074790955896
Q45415095	6000000074790472240
Q45415097	6000000074790455391
Q45415098	6000000074790901938
Q45415099	6000000074790938881
Q45415102	6000000074791035823
Q45415103	6000000074790794026
Q45415104	6000000074791016833
Q45415105	6000000074790195440
Q45415106	6000000074790967879
Q45415107	6000000074790940877
Q45415110	6000000074790654151
Q45415113	6000000074790999864
Q45415114	6000000074790792024
Q45415118	6000000074790973862
Q45415120	6000000074791001882
Q45415122	6000000074791020853
Q45415123	6000000074790975876
Q45415125	6000000074790580275
Q45415128	6000000074790980920
Q45415129	6000000074790357379
Q45415132	6000000074791027843
Q45415133	6000000074790580279
Q45415135	6000000074790691038
Q45415137	6000000074790874944
Q45415141	6000000074790866924
Q45415142	6000000074747000211
Q45415144	6000000074746954239
Q45415146	6000000074746791499
Q45415149	6000000074747036211
Q45415154	6000000074747297921
Q45415156	6000000074747327904
Q45415158	6000000074747475844
Q45415160	6000000074790654182
Q45415162	6000000074790907940
Q45415164	6000000074790583119
Q45415165	6000000074790619258
Q45415167	6000000074746732123
Q45415170	6000000074790877013
Q45415172	6000000074790881044
Q45415173	6000000074790524313
Q45415176	6000000074791100822
Q45415177	6000000074790726158
Q45415179	6000000074747434906
Q45415181	6000000074747428877
Q45415183	6000000074747498823
Q45415185	6000000074747118086
Q45415188	6000000074747000207
Q45415190	6000000074790751104
Q45415193	6000000074791032850
Q45415195	6000000074791082829
Q45415197	6000000074790993871
Q45415200	6000000074790952921
Q45415204	6000000074791047887
Q45415207	6000000074791074842
Q45415208	6000000074791092850
Q45415210	6000000074790890938
Q45415211	6000000074790203663
Q45415215	6000000074791067870
Q45415216	6000000074790778063
Q45415219	6000000074791010865
Q45415222	6000000074790927961
Q45415223	6000000074790561977
Q45415226	6000000074790838939
Q45415228	6000000074790455442
Q45415232	6000000074790972902
Q45415234	6000000074790908939
Q45415237	6000000074790612285
Q45415238	6000000074790455435
Q45415239	6000000074790203629
Q45415243	6000000074790801993
Q45415244	6000000074791064833
Q45415246	6000000074790854077
Q45415248	6000000074791088821
Q45415249	6000000074790735076
Q45415250	6000000074790944951
Q45415251	6000000074790890955
Q45415253	6000000074791064865
Q45415254	6000000074790413286
Q45415257	6000000074790950969
Q45415259	6000000074791070867
Q45415262	6000000074790557225
Q45415263	6000000074790672103
Q45415266	6000000074790726198
Q45415268	6000000074790925011
Q45415269	6000000074791026894
Q45415270	6000000074791144826
Q45415271	6000000074790516426
Q45415272	6000000074791102846
Q45415275	6000000074790884038
Q45415278	6000000074791078907
Q45415281	6000000074791090893
Q45415286	6000000074791039884
Q45415287	6000000074791093847
Q45415288	6000000074790775021
Q45415290	6000000074790593291
Q45415294	6000000074791148848
Q45415296	6000000074790304405
Q45415298	6000000074790776076
Q45415300	6000000074791011902
Q45415302	6000000074791058880
Q45415305	6000000074791064904
Q45415307	6000000074791109921
Q45415310	6000000074791158844
Q45415313	6000000074790865035
Q45415314	6000000074790873023
Q45415316	6000000074790199597
Q45415318	6000000074791055921
Q45415320	6000000074790324420
Q45415322	6000000074790136711
Q45415323	6000000074791110889
Q45415326	6000000074791048952
Q45415327	6000000074791171832
Q45415329	6000000074790977010
Q45415332	6000000074791040955
Q45415334	6000000074791169836
Q45415336	6000000074790953006
Q45415337	6000000074791064917
Q45415338	6000000074791029990
Q45415341	6000000074790262571
Q45415342	6000000074791070919
Q45415343	6000000074790687133
Q45415347	6000000074791097885
Q45415348	6000000074791095906
Q45415350	6000000074791062926
Q45415351	6000000074791075937
Q45415354	6000000074791166860
Q45415355	6000000074791062941
Q45415357	6000000074791060892
Q45415358	6000000074790934082
Q45415359	6000000074790968012
Q45415360	6000000074790336464
Q45415361	6000000074790478237
Q45415362	6000000074791028969
Q45415363	6000000074791203837
Q45415366	6000000074790957041
Q45415367	6000000074790990069
Q45415369	6000000074790439360
Q45415371	6000000074791065880
Q45415372	6000000074790756240
Q45415373	6000000074790805134
Q45415375	6000000074791126912
Q45415376	6000000074791127880
Q45415378	6000000074790710258
Q45415379	6000000074791188824
Q45415380	6000000074790820141
Q45415382	6000000074790691146
Q45415383	6000000074790725243
Q45415385	6000000074791062946
Q45415387	6000000074790880063
Q45415388	6000000074791180859
Q45415390	6000000074791001971
Q45415392	6000000074791192857
Q45415394	6000000074790718246
Q45415396	6000000074790904087
Q45415398	6000000074790553313
Q45415399	6000000074790781083
Q45415401	6000000074790732266
Q45415402	6000000074791253821
Q45415404	6000000074790783202
Q45415405	6000000074791047994
Q45415409	6000000074791054979
Q45415410	6000000074791096949
Q45415411	6000000074790593368
Q45415413	6000000074790936140
Q45415420	6000000074790977100
Q45415421	6000000074791268849
Q45415423	6000000074791266868
Q45415424	6000000074790449378
Q45415427	6000000074791218894
Q45415430	6000000074791244931
Q45415432	6000000074790732355
Q45415435	6000000074791339841
Q45415438	6000000074790747200
Q45415440	6000000074791096028
Q45415441	6000000074791247913
Q45415442	6000000074791113105
Q45415443	6000000074791389836
Q45415445	6000000074791178981
Q45415447	6000000074791266893
Q45415448	6000000074790855117
Q45415449	6000000074791279914
Q45415451	6000000074728074905
Q45415453	6000000074728085906
Q45415455	6000000074727964983
Q45415457	6000000074727595285
Q45415458	6000000074791229900
Q45415460	6000000074791307913
Q45415461	6000000074791249925
Q45415462	6000000074791093114
Q45415463	6000000074791173040
Q45415466	6000000074728080948
Q45415468	6000000074727867058
Q45415469	6000000074728126871
Q45415470	6000000074727895981
Q45415471	6000000074791045086
Q45415474	6000000074791378848
Q45415476	6000000074790531437
Q45415478	6000000074728059934
Q45415480	6000000074728160833
Q45415482	6000000074791403827
Q45415484	6000000074791253968
Q45415486	6000000074791227953
Q45415488	6000000074791345873
Q45415489	6000000074791069185
Q45415490	6000000074791049096
Q45415494	6000000075325076652
Q45415497	6000000075325495513
Q45415499	6000000075326197094
Q45415500	6000000074791389969
Q45415501	6000000074790324785
Q45415504	6000000074791681827
Q45415506	6000000074791469989
Q45415508	6000000074791690825
Q45415510	6000000074791500956
Q45415511	6000000074791179170
Q45415512	6000000074791132245
Q45415513	6000000074791280836
Q45415515	6000000074790948190
Q45415518	6000000074790959085
Q45415520	6000000074790478292
Q45415521	6000000074791094015
Q45415524	6000000074791544936
Q45415525	6000000074791304116
Q45415527	6000000074791069394
Q45415528	6000000074790994253
Q45415530	6000000074791530970
Q45415533	6000000074791461027
Q45415535	6000000074791560896
Q45415536	6000000074791727822
Q45415537	6000000074791718821
Q45415538	6000000074791500972
Q45415540	6000000074791069413
Q45415542	6000000074791684844
Q45415544	6000000074791709843
Q45415546	6000000074791512969
Q45415548	6000000074791670845
Q45415550	6000000074791205134
Q45415551	6000000074791694841
Q45415552	6000000074791256122
Q45415556	6000000074791659863
Q45415558	6000000074791324878
Q45415559	6000000074791684861
Q45415563	6000000074791586925
Q45415565	6000000074791449963
Q45415567	6000000074791642885
Q45415569	6000000074791698836
Q45415570	6000000074791500992
Q45415571	6000000074791515927
Q45415572	6000000074791690859
Q45415575	6000000074791636913
Q45415577	6000000074791710844
Q45415580	6000000074791219180
Q45415583	6000000074791256154
Q45415584	6000000074791602876
Q45415588	6000000074791451044
Q45415589	6000000074791037404
Q45415591	6000000074791478987
Q45415592	6000000074791362133
Q45415595	6000000074791744912
Q45415617	6000000074791798908
Q45415619	6000000074791537078
Q45415620	6000000074790637636
Q45415624	6000000074791908868
Q45415626	6000000074791499121
Q45415626	6000000074791853884
Q45415629	6000000074791413116
Q45415629	6000000074791976825
Q45415635	6000000074791947839
Q45415636	6000000074791928873
Q45415638	6000000074791218862
Q45415641	6000000074790904123
Q45415642	6000000074791249852
Q45415645	6000000074791265826
Q45415656	6000000074792155824
Q45415660	6000000074791154529
Q45415661	6000000074791580253
Q45415662	6000000074791842990
Q45415663	6000000074791929000
Q45415664	6000000074791794038
Q45415667	6000000074792055842
Q45415668	6000000074792163822
Q45415669	6000000074792118893
Q45415670	6000000074792057929
Q45415672	6000000074791552281
Q45415674	6000000074792209821
Q45415675	6000000074792083929
Q45415679	6000000074791772140
Q45415680	6000000074791733080
Q45415682	6000000074792111948
Q45415683	6000000074791470321
Q45415686	6000000074792183885
Q45415689	6000000074791017623
Q45415691	6000000074791398283
Q45415696	6000000074791678855
Q45415697	6000000074791637193
Q45415698	6000000074792169882
Q45415700	6000000074792324839
Q45415702	6000000074789397660
Q45415703	6000000074791766851
Q45415704	6000000074791684940
Q45415708	6000000074791584979
Q45415709	6000000074792128886
Q45415711	6000000074792169894
Q45415715	6000000074791470930
Q45415716	6000000074791645902
Q45415718	6000000074791784834
Q45415720	6000000074791655962
Q45415721	6000000074789663834
Q45415725	6000000074791794105
Q45415726	6000000074791500281
Q45415728	6000000074791763141
Q45415732	6000000074792326840
Q45415734	6000000074791736873
Q45415735	6000000074792221920
Q45415738	6000000074792346838
Q45415739	6000000074792376823
Q45415740	6000000074792226852
Q45415741	6000000074791205172
Q45415743	6000000074791390060
Q45415744	6000000074791758840
Q45415745	6000000074790478641
Q45415746	6000000074791391901
Q45415749	6000000074791763864
Q45415750	6000000074791312045
Q45415752	6000000074792335855
Q45415754	6000000074791738202
Q45415755	6000000074792298863
Q45415758	6000000074791631899
Q45415759	6000000074791763188
Q45415761	6000000074792208907
Q45415765	6000000074792269905
Q45415766	6000000074792013022
Q45415767	6000000074792319867
Q45415769	6000000074792324863
Q45415771	6000000074792255873
Q45415774	6000000074792101975
Q45415775	6000000074792339847
Q45415776	6000000074792273879
Q45415778	6000000074792378843
Q45415779	6000000074791037805
Q45415782	6000000074791706913
Q45415783	6000000074791737866
Q45415786	6000000074791716876
Q45415788	6000000074791824821
Q45415790	6000000074791676213
Q45415792	6000000074792169978
Q45415795	6000000074792272917
Q45415796	6000000074792357872
Q45415797	6000000074792196930
Q45415799	6000000074792171932
Q45415801	6000000074792400824
Q45415803	6000000074791037812
Q45415805	6000000074792244915
Q45415809	6000000074791826279
Q45415811	6000000074791379076
Q45415813	6000000074791398058
Q45415815	6000000074790865172
Q45415817	6000000074791750849
Q45415819	6000000074791673893
Q45415821	6000000074791750854
Q45415823	6000000074791523958
Q45415824	6000000074791703898
Q45415826	6000000074791732844
Q45415827	6000000074791105227
Q45415830	6000000074791846821
Q45415832	6000000074791807887
Q45415834	6000000074791523007
Q45415836	6000000074791574972
Q45415839	6000000074791558232
Q45415842	6000000074792189924
Q45415843	6000000074792318894
Q45415845	6000000074792402907
Q45415847	6000000074792248910
Q45415848	6000000074792342870
Q45415850	6000000074792237898
Q45415853	6000000074792058022
Q45415854	6000000074792198967
Q45415855	6000000074791961154
Q45415860	6000000074792467821
Q45415862	6000000074792434842
Q45415864	6000000074791497036
Q45415865	6000000074792181994
Q45415867	6000000074792453845
Q45415869	6000000074791190876
Q45415871	6000000074791250865
Q45415873	6000000074791169978
Q45415874	6000000074790637279
Q45415877	6000000074790993062
Q45415879	6000000074790482383
Q45415882	6000000074790848285
Q45415884	6000000074790781130
Q45415886	6000000074791173698
Q45415888	6000000074792319904
Q45415889	6000000074791826306
Q45415890	6000000074792013060
Q45415891	6000000074791575249
Q45415893	6000000074791418397
Q45415895	6000000074792196963
Q45415897	6000000074791336468
Q45415898	6000000074792250953
Q45415902	6000000074792072997
Q45415904	6000000074792454829
Q45415905	6000000074792225924
Q45415907	6000000074792354901
Q45415909	6000000074791045473
Q45415910	6000000074791480033
Q45415911	6000000074792428863
Q45415912	6000000074791731244
Q45415913	6000000074791017738
Q45415914	6000000074792182015
Q45415915	6000000074791673903
Q45415918	6000000074791545060
Q45415920	6000000074791778874
Q45415922	6000000074791608288
Q45415925	6000000074792491824
Q45415926	6000000074791637903
Q45415929	6000000074791501997
Q45415930	6000000074791623932
Q45415932	6000000074791623936
Q45415933	6000000074791466972
Q45415936	6000000074791730850
Q45415937	6000000074791488014
Q45415940	6000000074792032093
Q45415944	6000000074792454855
Q45415945	6000000074792483855
Q45415947	6000000074792495832
Q45415948	6000000074792109056
Q45415950	6000000074792376872
Q45415951	6000000074792478837
Q45415954	6000000074792532821
Q45415955	6000000074792334917
Q45415956	6000000074792058070
Q45415960	6000000074792434873
Q45415961	6000000074792460843
Q45415963	6000000074792082024
Q45415965	6000000074792511829
Q45415967	6000000074792317912
Q45415968	6000000074792326915
Q45415970	6000000074792206955
Q45415972	6000000074791723287
Q45415973	6000000074792187006
Q45415974	6000000074792219921
Q45415977	6000000074792308943
Q45415978	6000000074792548831
Q45415980	6000000074792274967
Q45415982	6000000074792112055
Q45415983	6000000074792514845
Q45415986	6000000074792263958
Q45415988	6000000074791223254
Q45415990	6000000074792498830
Q45415995	6000000074792420893
Q45415997	6000000074792573822
Q45415999	6000000074790904158
Q45416002	6000000075326522846
Q45416003	6000000074790775118
Q45416004	6000000074790887070
Q45416008	6000000074791238924
Q45416010	6000000074791238928
Q45416012	6000000074791295859
Q45416014	6000000074791340827
Q45416017	6000000074791170015
Q45416019	6000000074791145949
Q45416021	6000000074791155987
Q45416022	6000000075326531836
Q45416024	6000000075325990145
Q45416026	6000000075326448903
Q45416029	6000000075325776275
Q45416042	6000000074792035092
Q45416047	6000000074790974132
Q45416048	6000000074791254897
Q45416053	6000000074790654377
Q45416055	6000000074791183974
Q45416057	6000000074790735234
Q45416059	6000000074791192982
Q45416060	6000000074790710449
Q45416063	6000000074791352846
Q45416065	6000000074792474846
Q45416066	6000000074791575299
Q45416067	6000000074792279039
Q45416069	6000000074792346910
Q45416071	6000000074792591822
Q45416073	6000000074792558828
Q45416075	6000000074791826337
Q45416077	6000000074790899750
Q45416079	6000000074792450925
Q45416081	6000000074792597823
Q45416082	6000000074792344956
Q45416086	6000000074792517836
Q45416088	6000000074792526854
Q45416090	6000000074791173768
Q45416091	6000000074792197015
Q45416092	6000000074792375909
Q45416093	6000000074791862225
Q45416094	6000000074792446899
Q45416099	6000000074790899768
Q45416101	6000000074791553282
Q45416104	6000000074792615829
Q45416107	6000000074792317942
Q45416109	6000000074792641841
Q45416110	6000000074792251037
Q45416112	6000000074792654826
Q45416114	6000000074790622422
Q45416116	6000000074792093071
Q45416118	6000000074791552495
Q45416125	6000000074792279069
Q45416126	6000000074791706258
Q45416128	6000000074792622832
Q45416129	6000000074792625821
Q45416131	6000000074792351936
Q45416133	6000000074792315927
Q45416134	6000000074792625826
Q45416135	6000000074792510863
Q45416137	6000000074792450944
Q45416139	6000000074792551867
Q45416141	6000000074792397921
Q45416144	6000000074792441902
Q45416145	6000000074792109099
Q45416147	6000000074792171975
Q45416149	6000000074792591847
Q45416150	6000000074792428943
Q45416152	6000000074792595849
Q45416153	6000000074792520881
Q45416154	6000000074792551898
Q45416156	6000000074792629834
Q45416158	6000000074792177938
Q45416159	6000000074792597861
Q45416162	6000000074791336541
Q45416164	6000000074792597866
Q45416165	6000000074792230021
Q45416168	6000000074792333028
Q45416171	6000000074792195998
Q45416172	6000000074792321028
Q45416175	6000000074792648830
Q45416178	6000000074792463974
Q45416179	6000000074685417042
Q45416181	6000000074685562850
Q45416183	6000000074685420003
Q45416185	6000000047503817907
Q45416186	6000000047503838884
Q45416192	6000000074792009140
Q45416193	6000000074792369007
Q45416194	6000000074792599895
Q45416196	6000000074792454945
Q45416198	6000000074792515896
Q45416199	6000000074792420941
Q45416201	6000000074792163099
Q45416203	6000000074792683821
Q45416204	6000000074792572871
Q45416205	6000000074792598858
Q45416207	6000000074792601860
Q45416219	6000000074792613865
Q45416224	6000000074792446966
Q45416227	6000000074792490944
Q45416231	6000000074792693834
Q45416233	6000000074792465018
Q45416237	6000000074792499927
Q45416238	6000000074792582875
Q45416249	6000000074792441966
Q45416252	6000000074792732836
Q45416255	6000000074792668866
Q45416257	6000000074792548954
Q45416258	6000000074792046097
Q45416263	6000000074792729828
Q45416267	6000000074792449978
Q45416269	6000000074792725854
Q45416276	6000000074792618872
Q45416280	6000000074791357724
Q45416289	6000000074791637413
Q45416293	6000000074792581924
Q45416295	6000000074792434951
Q45416299	6000000074792649872
Q45416302	6000000074792649867
Q45416306	6000000074792755840
Q45416309	6000000074792380042
Q45416312	6000000074792545949
Q45416316	6000000074792734850
Q45416317	6000000074792196048
Q45416319	6000000074792512026
Q45416321	6000000074792245058
Q45416323	6000000074791931223
Q45416325	6000000074792073150
Q45416326	6000000074792526056
Q45416328	6000000074792398033
Q45416331	6000000074791862352
Q45416332	6000000074792694888
Q45416333	6000000074792765836
Q45416336	6000000074792692875
Q45416337	6000000074792185180
Q45416339	6000000074792743853
Q45416342	6000000074791470595
Q45416344	6000000074792412020
Q45416348	6000000074792688896
Q45416348	6000000074792784862
Q45416350	6000000074792203043
Q45416351	6000000074792704907
Q45416353	6000000074792780835
Q45416354	6000000074792770850
Q45416356	6000000074791723406
Q45416362	6000000074792318040
Q45416363	6000000074792688905
Q45416366	6000000074792510973
Q45416367	6000000074791706360
Q45416371	6000000074792711871
Q45416373	6000000074792817851
Q45416377	6000000074792727875
Q45416378	6000000074792862821
Q45416380	6000000074792201157
Q45416382	6000000074792523978
Q45416384	6000000074791205726
Q45416385	6000000074792668942
Q45416388	6000000074792822868
Q45416391	6000000074792377020
Q45416392	6000000074792462970
Q45416393	6000000074792900822
Q45416395	6000000074792780850
Q45416398	6000000074792815845
Q45416400	6000000074792680949
Q45416403	6000000074792796872
Q45416404	6000000074792443104
Q45416406	6000000074792870847
Q45416409	6000000074792821905
Q45416410	6000000074792726922
Q45416412	6000000074792640995
Q45416413	6000000074792597956
Q45416415	6000000074792726880
Q45416417	6000000074792852835
Q45416418	6000000074792670900
Q45416420	6000000074792207187
Q45416422	6000000074792842881
Q45416424	6000000074792895839
Q45416425	6000000074792739878
Q45416426	6000000074792461161
Q45416427	6000000074792603947
Q45416429	6000000074792412102
Q45416430	6000000074792692954
Q45416433	6000000074792545985
Q45416436	6000000074792720954
Q45416438	6000000074792636064
Q45416440	6000000074791637533
Q45416441	6000000074792620947
Q45416443	6000000074792412121
Q45416444	6000000074792773889
Q45416446	6000000074792549049
Q45416447	6000000074792245143
Q45416448	6000000074792698909
Q45416451	6000000074792726935
Q45416454	6000000074792896867
Q45416455	6000000049343848021
Q45416457	6000000049343850020
Q45416458	6000000049343884017
Q45416458	6000000074792861873
Q45416462	6000000074792440087
Q45416467	6000000074792729951
Q45416470	6000000045828183121
Q45416472	6000000045827804214
Q45416475	6000000074792828927
Q45416478	6000000045828413840
Q45416480	6000000074792847895
Q45416482	6000000074792966828
Q45416485	6000000074792767908
Q45416486	6000000074792438097
Q45416487	6000000074792792887
Q45416490	6000000074792924829
Q45416491	6000000029164052640
Q45416496	6000000074792668987
Q45416499	6000000074792873895
Q45416500	6000000074792412156
Q45416504	6000000074792801911
Q45416505	6000000074792773926
Q45416507	6000000074792952839
Q45416509	6000000074792937893
Q45416511	6000000074769690885
Q45416514	6000000074792509043
Q45416518	6000000074792438080
Q45416520	6000000074792587015
Q45416523	6000000049344596905
Q45416524	6000000074792706048
Q45416526	6000000074792739933
Q45416528	6000000074792951871
Q45416532	6000000074792516109
Q45416533	6000000074791723538
Q45416538	6000000074792761943
Q45416542	6000000074792967859
Q45416543	6000000074792511052
Q45416546	6000000074792860894
Q45416550	6000000081933103890
Q45416551	6000000074792969847
Q45416553	6000000074792116262
Q45416555	6000000081932970940
Q45416556	6000000081932998970
Q45416560	6000000074792782856
Q45416562	6000000074792645996
Q45416565	6000000074792412169
Q45416567	6000000045295760035
Q45416567	6000000074793063821
Q45416571	6000000074792321305
Q45416572	6000000074792843018
Q45416573	6000000050048862002
Q45416573	6000000074793018838
Q45416574	6000000045295003125
Q45416574	6000000074792974915
Q45416576	6000000074792745920
Q45416582	6000000074792621012
Q45416585	6000000074792543121
Q45416589	6000000074792966907
Q45416595	6000000074792642994
Q45416598	6000000074792953916
Q45416600	6000000074792622010
Q45416601	6000000074793053834
Q45416607	6000000074792836930
Q45416608	6000000074792685082
Q45416610	6000000074792906958
Q45416615	6000000074792973871
Q45416617	6000000074792957907
Q45416618	6000000074793083848
Q45416620	6000000074793103822
Q45416622	6000000074792894015
Q45416623	6000000074792646017
Q45416626	6000000074793013875
Q45416628	6000000074792502163
Q45416630	6000000074793099837
Q45416632	6000000074792914945
Q45416633	6000000074792962904
Q45416636	6000000074792892910
Q45416637	6000000074793063839
Q45416638	6000000074793021884
Q45416642	6000000074792773981
Q45416643	6000000074792925932
Q45416645	6000000074792676031
Q45416646	6000000074792502187
Q45416647	6000000074793039856
Q45416649	6000000074793103828
Q45416652	6000000074792892917
Q45416655	6000000074792643055
Q45416658	6000000074792986925
Q45416661	6000000074793122846
Q45416663	6000000074793054832
Q45416665	6000000074792822966
Q45416666	6000000074792706099
Q45416669	6000000074792806005
Q45416671	6000000074793141832
Q45416674	6000000074792496210
Q45416675	6000000074792496215
Q45416677	6000000074793019869
Q45416679	6000000074792880085
Q45416683	6000000074792694046
Q45416684	6000000074792646030
Q45416686	6000000074793170821
Q45416687	6000000074793036896
Q45416689	6000000075326239016
Q45416690	6000000074793116824
Q45416692	6000000074793001953
Q45416693	6000000074793107876
Q45416695	6000000074792911889
Q45416697	6000000074792914967
Q45416699	6000000074793098904
Q45416700	6000000074793165858
Q45416703	6000000074792947973
Q45416704	6000000074793022930
Q45416706	6000000074793183856
Q45416708	6000000074792467155
Q45416709	6000000074792915009
Q45416711	6000000074793172830
Q45416712	6000000074792822049
Q45416713	6000000074793019863
Q45416715	6000000074791723607
Q45416717	6000000074793008871
Q45416719	6000000074791723599
Q45416720	6000000074792644091
Q45416722	6000000074792924881
Q45416723	6000000074792731049
Q45416724	6000000074792502217
Q45416726	6000000074792116310
Q45416727	6000000074793012927
Q45416729	6000000074793196834
Q45416731	6000000074793177854
Q45416733	6000000074792897873
Q45416735	6000000074792564068
Q45416736	6000000074792990922
Q45416738	6000000074793119898
Q45416744	6000000074793189857
Q45416746	6000000074793202851
Q45416748	6000000074792196467
Q45416749	6000000074793117900
Q45416752	6000000074792963044
Q45416754	6000000074792959996
Q45416757	6000000074792436179
Q45416758	6000000074793121955
Q45416762	6000000074793122942
Q45416764	6000000074792831009
Q45416766	6000000074792757149
Q45416770	6000000074792955990
Q45416772	6000000074792587293
Q45416774	6000000074792436198
Q45416776	6000000074792897049
Q45416778	6000000074793261824
Q45416781	6000000074792473152
Q45416782	6000000074792116437
Q45416785	6000000074792969067
Q45416786	6000000074792412355
Q45416787	6000000074793285853
Q45416788	6000000074793297835
Q45416792	6000000074792643209
Q45416793	6000000074793063912
Q45416794	6000000074793154905
Q45416795	6000000074793280902
Q45416797	6000000074792950099
Q45416801	6000000074793053046
Q45416807	6000000074793330847
Q45416808	6000000074793265880
Q45416810	6000000074793382821
Q45416812	6000000074793295866
Q45416814	6000000074792811080
Q45416816	6000000074793234915
Q45416856	6000000075326500913
Q45416857	6000000074798021981
Q45416860	6000000074798104852
Q45416864	6000000074798242821
Q45416866	6000000074798009998
Q45416867	6000000074798030941
Q45416870	6000000074798118902
Q45416871	6000000074798070878
Q45416874	6000000074797907042
Q45416875	6000000074797973977
Q45416877	6000000074797861018
Q45416878	6000000074798193857
Q45416881	6000000074797924034
Q45416885	6000000074797894996
Q45416886	6000000074798164890
Q45416888	6000000074798033921
Q45416890	6000000074798013997
Q45416891	6000000074798156888
Q45416893	6000000074798059969
Q45416894	6000000074798097888
Q45416897	6000000074798059976
Q45416899	6000000074798252847
Q454169	6000000030664391580
Q45416901	6000000074797894133
Q45416904	6000000074798086910
Q45416906	6000000074798089942
Q45416909	6000000074797706037
Q45416911	6000000074797894152
Q45416913	6000000074798257895
Q45416914	6000000074798188939
Q45416915	6000000074798301830
Q45416918	6000000074798123973
Q45416920	6000000074797499204
Q45416921	6000000075326651823
Q45416924	6000000075326300010
Q45416927	6000000075326522928
Q45416928	6000000075325550574
Q45416929	6000000075325108655
Q45416931	6000000075326407980
Q45416932	6000000075326419972
Q45416934	6000000075326591872
Q45416936	6000000075326421976
Q45416955	6000000075326512941
Q45416968	6000000075326525887
Q45416984	6000000075325289636
Q45417001	6000000075326686832
Q45417003	6000000075326611873
Q45417010	6000000075326450044
Q45417048	6000000075505918950
Q45417050	6000000075505988901
Q45417083	6000000075326288023
Q45417159	6000000075326343998
Q45417259	6000000075326281103
Q45417262	6000000075326680883
Q45417264	6000000075326031230
Q45417267	6000000075325904324
Q45417269	6000000075326678850
Q45417271	6000000075326563970
Q45417289	6000000075326626881
Q45417290	6000000075326534913
Q45417291	6000000075325837470
Q45417294	6000000075326411001
Q45417363	6000000075326572933
Q45417379	6000000075326554952
Q45417382	6000000075326762837
Q45417401	6000000075326597971
Q45417405	6000000075326646906
Q45417406	6000000075326737840
Q45417407	6000000075326680917
Q45417408	6000000075326745868
Q45417409	6000000075326792825
Q45417411	6000000075326459092
Q45417424	6000000075326370160
Q45417427	6000000075326334107
Q45417446	6000000075326599960
Q45417449	6000000075326777881
Q45417450	6000000075326450112
Q45417454	6000000075326702888
Q45417457	6000000075326145247
Q45417462	6000000075326288096
Q45417464	6000000075326688931
Q45417466	6000000074769326974
Q45417469	6000000075326119381
Q45417471	6000000075326816847
Q45417472	6000000075326300121
Q45417474	6000000075326785849
Q45417506	6000000075326482015
Q45417515	6000000075326846832
Q45417516	6000000075326669926
Q45417519	6000000075326220001
Q45417570	6000000075326249258
Q45417577	6000000075326696919
Q45417607	6000000075326287229
Q45417608	6000000075326823878
Q45417610	6000000075326859827
Q45417614	6000000075326564073
Q45417627	6000000075326352221
Q45417628	6000000075326404207
Q45417632	6000000075326351156
Q45417635	6000000075326877849
Q45417640	6000000075326034425
Q45417643	6000000075326929831
Q45417647	6000000075326745993
Q45417713	6000000075326334192
Q45417715	6000000075326501103
Q45417723	6000000075326290355
Q45417724	6000000075326941842
Q45417728	6000000075326719028
Q45417729	6000000075326289237
Q45417733	6000000075326687061
Q45417740	6000000075326905873
Q45417742	6000000075326719041
Q45417743	6000000075325974502
Q45417745	6000000075326717982
Q45417747	6000000075326827971
Q45417749	6000000075326843887
Q45417792	6000000075326953841
Q45417796	6000000075326411105
Q45417812	6000000074751224875
Q45417814	6000000074715081926
Q45417817	6000000074718767908
Q45417819	6000000074718063244
Q45417821	6000000074718876926
Q45417823	6000000074718854933
Q45417825	6000000074705361435
Q45417828	6000000074705870008
Q45417830	6000000074705987979
Q45417832	6000000075326598128
Q45417835	6000000074705465340
Q45417837	6000000075326920908
Q45417840	6000000074705866987
Q45417841	6000000074706179821
Q45417843	6000000075326905887
Q45417844	6000000075327026824
Q45417846	6000000075326411114
Q45417847	6000000075326923892
Q45417849	6000000075326413183
Q45417850	6000000074737724835
Q45417854	6000000075327009835
Q45417855	6000000075326857990
Q45417856	6000000074724965260
Q45417860	6000000074734634935
Q45417862	6000000074734769864
Q45417864	6000000074717271924
Q45417865	6000000074717367853
Q45417866	6000000074717354839
Q45417868	6000000074717343843
Q45417869	6000000074717352847
Q45417872	6000000074716756287
Q45417875	6000000075327029831
Q45417876	6000000075326705048
Q45417878	6000000075326616104
Q45417881	6000000075327038823
Q45417883	6000000074717171904
Q45417886	6000000075326799034
Q45417887	6000000075326753067
Q45417890	6000000074717294889
Q45417891	6000000074717159020
Q45417894	6000000074717234912
Q45417895	6000000075326968860
Q45417898	6000000075326841999
Q45417899	6000000075326150073
Q45417902	6000000075326962929
Q45417903	6000000075326119559
Q45417905	6000000075326611078
Q45417907	6000000075326973908
Q45417909	6000000075326650053
Q45417911	6000000075326681082
Q45417912	6000000075327062833
Q45417913	6000000075327058834
Q45417914	6000000074716161201
Q45417916	6000000075326934929
Q45417919	6000000075326966909
Q45417921	6000000074725264906
Q45417923	6000000074736148821
Q45417926	6000000074735765992
Q45417928	6000000074725209865
Q45417930	6000000074724949221
Q45417931	6000000074725280924
Q45417933	6000000074710594931
Q45417934	6000000074709988167
Q45417936	6000000074710709849
Q45417938	6000000074710446913
Q45417942	6000000074725325951
Q45417943	6000000074725169097
Q45417946	6000000074725384981
Q45417947	6000000074725122224
Q45417949	6000000074725254095
Q45417950	6000000075326863940
Q45417952	6000000074725155336
Q45417955	6000000074725418928
Q45417957	6000000075327085822
Q45417958	6000000075326635067
Q45417959	6000000075326686086
Q45417962	6000000075326718047
Q45417965	6000000074752956949
Q45417969	6000000074752810030
Q45417973	6000000074725582822
Q45417975	6000000074725524954
Q45417976	6000000074758776292
Q45417978	6000000075326418213
Q45417980	6000000075327051840
Q45417984	6000000075327003918
Q45417986	6000000075327037869
Q45417989	6000000075326989890
Q45417991	6000000075326895944
Q45417993	6000000075326977893
Q45417994	6000000075326995903
Q45417995	6000000075326923943
Q45417999	6000000075326923949
Q454180	6000000008003512034
Q45418001	6000000074725543900
Q45418003	6000000074717647587
Q45418005	6000000074718803018
Q45418007	6000000074726943306
Q45418010	6000000074726828383
Q45418012	6000000074688090877
Q45418014	6000000074688153823
Q45418017	6000000075327068834
Q45418020	6000000075327017860
Q45418022	6000000075325939688
Q45418026	6000000074725495998
Q45418027	6000000074725387066
Q45418031	6000000075327074846
Q45418033	6000000075327041832
Q45418034	6000000075326981900
Q45418035	6000000075327030897
Q45418037	6000000075325674786
Q45418042	6000000075326459297
Q45418044	6000000075326968867
Q45418045	6000000075326757030
Q45418047	6000000075326974870
Q45418048	6000000074725514942
Q45418050	6000000074726910636
Q45418052	6000000074728044881
Q45418054	6000000074728065821
Q45418056	6000000074725600897
Q45418057	6000000074725042275
Q45418059	6000000074725233324
Q45418060	6000000074687794842
Q45418062	6000000074686184443
Q45418064	6000000074687671976
Q45418067	6000000074725328110
Q45418069	6000000046710344902
Q45418070	6000000074718803874
Q45418075	6000000075042794004
Q45418076	6000000075043067866
Q45418080	6000000075042717993
Q45418081	6000000075327037899
Q45418083	6000000075327089872
Q45418086	6000000075327133822
Q45418087	6000000075326119620
Q45418089	6000000075326919934
Q45418091	6000000075326411151
Q45418092	6000000075326351243
Q45418094	6000000075327092839
Q45418097	6000000075327141822
Q45418098	6000000075326806005
Q45418100	6000000075326418230
Q45418102	6000000075326477218
Q45418103	6000000075326434264
Q45418106	6000000075326843954
Q45418108	6000000075326611117
Q45418109	6000000074718234086
Q45418111	6000000074718992830
Q45418114	6000000074705096906
Q45418115	6000000075326579180
Q45418117	6000000074725534206
Q45418118	6000000074725763991
Q45418120	6000000074725919847
Q45418122	6000000074725475292
Q45418125	6000000074725312456
Q45418126	6000000074725702024
Q45418127	6000000075326931957
Q45418128	6000000075327152850
Q45418129	6000000075327050921
Q45418131	6000000075326824023
Q45418133	6000000074719103831
Q45418135	6000000074709743868
Q45418138	6000000074709819826
Q45418140	6000000075325939721
Q45418141	6000000075326701142
Q45418142	6000000074718146282
Q45418144	6000000074728050908
Q45418145	6000000074727828056
Q45418147	6000000074727991929
Q45418149	6000000074728082855
Q45418150	6000000074728119840
Q45418152	6000000075326300314
Q45418155	6000000075327148853
Q45418156	6000000075326624163
Q45418157	6000000074724532783
Q45418158	6000000075327042867
Q45418159	6000000075327044895
Q45418161	6000000075326380293
Q45418164	6000000075327074892
Q45418168	6000000075326986940
Q45418175	6000000075325953531
Q45418199	6000000075326673197
Q45418201	6000000049338706552
Q45418236	6000000075327136878
Q45418239	6000000075326625198
Q45418254	6000000075327022955
Q45418256	6000000075327198842
Q45418258	6000000075327070919
Q45418269	6000000075327028970
Q45418271	6000000075327215872
Q45418274	6000000075326992010
Q45418277	6000000075327202876
Q45418282	6000000075327189839
Q45418284	6000000075326896060
Q45418295	6000000075327207843
Q45418297	6000000075327030979
Q45418300	6000000075326873034
Q45418315	6000000075327172848
Q45418317	6000000075326288308
Q45418319	6000000075327033983
Q45418321	6000000075326894056
Q45418329	6000000075326665183
Q45418343	6000000075326624231
Q45418344	6000000075327202903
Q45418364	6000000075326753206
Q45418365	6000000074692148859
Q45418366	6000000074691978869
Q45418369	6000000075327076936
Q45418371	6000000075326567363
Q45418373	6000000075327299822
Q45418414	6000000075326978024
Q45418416	6000000075327166905
Q45418429	6000000075326844011
Q45418431	6000000075327093974
Q45418432	6000000075327221860
Q45418448	6000000049898199963
Q45418453	6000000074771575828
Q45418455	6000000075327215899
Q45418457	6000000075327170881
Q45418459	6000000075327156931
Q45418462	6000000074771409905
Q45418464	6000000074771573821
Q45418467	6000000074771364894
Q45418469	6000000075326979956
Q45418470	6000000075327275853
Q45418472	6000000074771486863
Q45418473	6000000074771424890
Q45418474	6000000075326794121
Q45418476	6000000075327008054
Q45418477	6000000075326783129
Q45418480	6000000075327076969
Q45418483	6000000075326884082
Q45418485	6000000075327330829
Q45418487	6000000075327126914
Q45418489	6000000075327285855
Q45418492	6000000075327120981
Q45418493	6000000075326720271
Q45418494	6000000075327172907
Q45418495	6000000075326973045
Q45418497	6000000075326974100
Q45418498	6000000074730486839
Q45418501	6000000074730211961
Q45418502	6000000074730396854
Q45418503	6000000074729617112
Q45418505	6000000074729877074
Q45418506	6000000074729919032
Q45418509	6000000074730453837
Q45418511	6000000074729856094
Q45418512	6000000074730209944
Q45418518	6000000075326540354
Q45418520	6000000075327275872
Q45418522	6000000075327126924
Q45418524	6000000075326434368
Q45418526	6000000075326923025
Q45418528	6000000075327009973
Q45418530	6000000074792720849
Q45418531	6000000075327315854
Q45418534	6000000075326956076
Q45418536	6000000075327167958
Q45418537	6000000075326287430
Q45418538	6000000075326929117
Q45418539	6000000075327364830
Q45418541	6000000075327260895
Q45418542	6000000075326929123
Q45418543	6000000075327136987
Q45418551	6000000075327336869
Q45418552	6000000075327103002
Q45418553	6000000075326858189
Q45418555	6000000075326624315
Q45418556	6000000075326018682
Q45418558	6000000075326522341
Q45418559	6000000075327327863
Q45418560	6000000075326119811
Q45418562	6000000075327362857
Q45418563	6000000075326418358
Q45418565	6000000075327371833
Q45418566	6000000075327309895
Q45418567	6000000075327226916
Q45418569	6000000075327371845
Q45418570	6000000075326978098
Q45418571	6000000075326696323
Q45418572	6000000075326673297
Q45418575	6000000075327313885
Q45418576	6000000075326929174
Q45418579	6000000075326885159
Q45418582	6000000075327386827
Q45418589	6000000075327124933
Q45418591	6000000075327216946
Q45418592	6000000075327372860
Q45418594	6000000075326611243
Q45418595	6000000075326974149
Q45418605	6000000075327272102
Q45418608	6000000075327426944
Q45418610	6000000075327368958
Q45418612	6000000075327400893
Q45418615	6000000075327517841
Q45418617	6000000075327209063
Q45418618	6000000075327292967
Q45418620	6000000075327516865
Q45418622	6000000075326158737
Q45418627	6000000075326908214
Q45418628	6000000075327516874
Q45418630	6000000075327515874
Q45418633	6000000075327403912
Q45418635	6000000075327302002
Q45418638	6000000075326853232
Q45418647	6000000075327482900
Q45418652	6000000075327455908
Q45418654	6000000075327193049
Q45418662	6000000075327429029
Q45418663	6000000075327541854
Q45418673	6000000075327613821
Q45418675	6000000075326905269
Q45418678	6000000075327009229
Q45418685	6000000075327522896
Q45418687	6000000074730642371
Q45418688	6000000074731633905
Q45418691	6000000074731833821
Q45418692	6000000074731509033
Q45418694	6000000074731295162
Q45418696	6000000074731664870
Q45418697	6000000074731438006
Q45418699	6000000074730752329
Q45418700	6000000074731691913
Q45418703	6000000074731702857
Q45418705	6000000074731632964
Q45418717	6000000074745860946
Q45418719	6000000074745604004
Q45418721	6000000074745690009
Q45418723	6000000074745779954
Q45418794	6000000075328213979
Q45418798	6000000075328374924
Q45418806	6000000075328520823
Q45418809	6000000075328517823
Q45418812	6000000075328065021
Q45418813	6000000075328534827
Q45418814	6000000075328383871
Q45418815	6000000075327676509
Q45418817	6000000075328421906
Q45418820	6000000075327087859
Q45418821	6000000075327163832
Q45418823	6000000075327163837
Q45418827	6000000074746626821
Q45418828	6000000074746482928
Q45418845	6000000075327772267
Q45418860	6000000075327289170
Q45418865	6000000075328607866
Q45418876	6000000075328100196
Q45418879	6000000074730752334
Q45418884	6000000075325283898
Q45418885	6000000075324938112
Q45418886	6000000075325324882
Q45418888	6000000075324532328
Q45418891	6000000075325195038
Q45418894	6000000075328341009
Q45418895	6000000075327872275
Q45418897	6000000075328718821
Q45418899	6000000075328725822
Q45418901	6000000075328497970
Q45418904	6000000074759367835
Q45418915	6000000075329081835
Q45418946	6000000074759753940
Q45418965	6000000075328844004
Q45418983	6000000075329016931
Q45419027	6000000075332904186
Q45419041	6000000075333340992
Q45419043	6000000075334204853
Q45419045	6000000075334124916
Q45419046	6000000075334142908
Q45419048	6000000075334278821
Q45419050	6000000075333154438
Q45419051	6000000075334228874
Q45419053	6000000075334121921
Q45419059	6000000075334213869
Q45419062	6000000075334018015
Q45419063	6000000075333852105
Q45419090	6000000074748500928
Q45419091	6000000074748610855
Q45419093	6000000075334314878
Q45419095	6000000075334215987
Q45419097	6000000074755653837
Q45419100	6000000074755590871
Q45419101	6000000074755860997
Q45419102	6000000074755557913
Q45419104	6000000075333655352
Q45419106	6000000075333287576
Q45419108	6000000074755223322
Q45419110	6000000074755687940
Q45419112	6000000074755665951
Q45419133	6000000075337438087
Q45419137	6000000075337854861
Q45419140	6000000075337267082
Q45419141	6000000075337746885
Q45419145	6000000075336721414
Q45419146	6000000075337366134
Q45419147	6000000075337441124
Q45419149	6000000075337879850
Q45419152	6000000075337337119
Q45419154	6000000075337758900
Q45419156	6000000075337639000
Q45419159	6000000075337862873
Q45419161	6000000075337848883
Q45419163	6000000075337935835
Q45419165	6000000075337901892
Q45419167	6000000075337895865
Q45419170	6000000075328511966
Q45419171	6000000075337773938
Q45419174	6000000075337746934
Q45419176	6000000075337646010
Q45419178	6000000075337929859
Q45419182	6000000075337880942
Q45419185	6000000075337946868
Q45419189	6000000075337918870
Q45419190	6000000075337585035
Q45419193	6000000075337807930
Q45419194	6000000075337493206
Q45419202	6000000075337978912
Q45419204	6000000075337986888
Q45419206	6000000075337646086
Q45419209	6000000075337405249
Q45419242	6000000075344158987
Q45419267	6000000075328591919
Q45419309	6000000074733224022
Q45419321	6000000075343553167
Q45419324	6000000075344274896
Q45419326	6000000074736391821
Q45419327	6000000075344004029
Q45419328	6000000075344158007
Q45419329	6000000075344374835
Q45419332	6000000075344403822
Q45419346	6000000075344395838
Q45419349	6000000074759357829
Q45419399	6000000075344365947
Q45419414	6000000075344660891
Q45419417	6000000075343713562
Q45419421	6000000075344790863
Q45419423	6000000075344116202
Q45419424	6000000075344489016
Q45419425	6000000075344704971
Q45419436	6000000075344629919
Q45419438	6000000075343693530
Q45419439	6000000075344732927
Q45419440	6000000075344849821
Q45419443	6000000075344116184
Q45419444	6000000075344764884
Q45419447	6000000074716225973
Q45419449	6000000075344484007
Q45419452	6000000075344640923
Q45419453	6000000075343743475
Q45419457	6000000075344820864
Q45419460	6000000075344590023
Q45419464	6000000075344727967
Q45419466	6000000075344716871
Q45419468	6000000075344212149
Q45419476	6000000075344818889
Q45419477	6000000075343580490
Q45419479	6000000075344530981
Q45419480	6000000075344641948
Q45419492	6000000075344761912
Q45419494	6000000075344457027
Q45419496	6000000075344853869
Q45419499	6000000075344491012
Q45419500	6000000075344937855
Q45419502	6000000075344334104
Q45419505	6000000075344376129
Q45419506	6000000075344056334
Q45419508	6000000075343771394
Q45419511	6000000075344612026
Q45419513	6000000075344735904
Q45419516	6000000075344857860
Q45419517	6000000075343999274
Q45419519	6000000075344952833
Q45419527	6000000075344895903
Q45419528	6000000075343475513
Q45419530	6000000075344690014
Q45419531	6000000075345001821
Q45419532	6000000075344993826
Q45419534	6000000075344491058
Q45419537	6000000075344839930
Q45419538	6000000075344965843
Q45419540	6000000075344082316
Q45419542	6000000075343960327
Q45419544	6000000075344754981
Q45419547	6000000075344830905
Q45419548	6000000075343999304
Q45419549	6000000075344732985
Q45419550	6000000075344956848
Q45419552	6000000075344701995
Q45419553	6000000075344722979
Q45419555	6000000075344903870
Q45419572	6000000075344777904
Q45419598	6000000075345050821
Q45419610	6000000074732644119
Q45419611	6000000074732754011
Q45419612	6000000074733201853
Q45419614	6000000074733228821
Q45419616	6000000074733213837
Q45419621	6000000074732877292
Q45419639	6000000075327153846
Q45419648	6000000075345265821
Q45419649	6000000075345128884
Q45419651	6000000075345125893
Q45419654	6000000075345114877
Q45419684	6000000075344443235
Q45419689	6000000075344760094
Q45419691	6000000075345088901
Q45419694	6000000075344933946
Q45419695	6000000075345315835
Q45419704	6000000074748655004
Q45419705	6000000074748000429
Q45419717	6000000075345123901
Q45419719	6000000075344818057
Q45419720	6000000075345345821
Q45419721	6000000075345248875
Q45419725	6000000075345349822
Q45419730	6000000075345190872
Q45419731	6000000075345281839
Q45419736	6000000075345057037
Q45419739	6000000075345348833
Q45419741	6000000075345271870
Q45419743	6000000075344871187
Q45419755	6000000075345284854
Q45419756	6000000075344434229
Q45419766	6000000075345291880
Q45419767	6000000075344989980
Q45419796	6000000075345397849
Q45419797	6000000075345304886
Q45419799	6000000075345430821
Q45419801	6000000075345432821
Q45419803	6000000075345277877
Q45419806	6000000075345274906
Q45419840	6000000075344600347
Q45419844	6000000075345356921
Q45419879	6000000075344542470
Q45419888	6000000075336722486
Q45419905	6000000074697700112
Q45419906	6000000074697833997
Q45419908	6000000074697828997
Q45419911	6000000075345519048
Q45419917	6000000075345015265
Q45419918	6000000075346145868
Q45419924	6000000074738943846
Q45419939	6000000074698984949
Q45419940	6000000074698631118
Q45419943	6000000075345900980
Q45419945	6000000075345768972
Q45419946	6000000075344589611
Q45419948	6000000075345583119
Q45419951	6000000075345475064
Q45419953	6000000075345884929
Q45419955	6000000075345244144
Q45419957	6000000075345446150
Q45419958	6000000075346024887
Q45419960	6000000075345858957
Q45419961	6000000075345691042
Q45419964	6000000075345786030
Q45419965	6000000075345646105
Q45419967	6000000075345868992
Q45419968	6000000075345918941
Q45419982	6000000075346177906
Q45419984	6000000075346086928
Q45419986	6000000075346227907
Q45419990	6000000075345887010
Q45419992	6000000075345955013
Q45419994	6000000074739211828
Q45419998	6000000074738993891
Q45419999	6000000074739024872
Q454200	6000000003681565486
Q45420002	6000000075346029977
Q45420005	6000000075346216904
Q45420008	6000000075346282839
Q45420011	6000000075346254856
Q45420013	6000000075345316276
Q45420015	6000000075346326850
Q45420018	6000000075346297847
Q45420020	6000000075344590736
Q45420023	6000000075345884993
Q45420025	6000000075346089878
Q45420027	6000000075344599629
Q45420028	6000000075346307853
Q45420030	6000000075346376823
Q45420031	6000000075345992001
Q45420034	6000000075346179945
Q45420037	6000000075346366822
Q45420039	6000000075345880051
Q45420040	6000000075345519135
Q45420042	6000000075346150991
Q45420045	6000000075346280884
Q45420081	6000000074736047072
Q45420082	6000000074736045065
Q45420083	6000000074736410867
Q45420085	6000000074736389897
Q45420086	6000000074736524835
Q45420089	6000000075346400845
Q45420092	6000000075346350834
Q45420096	6000000075345947063
Q45420101	6000000075346403833
Q45420103	6000000049445110942
Q45420103	6000000075346364872
Q45420105	6000000075345926036
Q45420111	6000000075346130981
Q45420129	6000000075346274903
Q45420130	6000000075345067379
Q45420131	6000000075346198938
Q45420134	6000000075346342875
Q45420146	6000000075346280910
Q45420149	6000000075346418856
Q45420160	6000000074748421027
Q45420161	6000000074748654844
Q45420163	6000000074748058049
Q45420165	6000000074748133097
Q45420167	6000000074748148975
Q45420194	6000000075346490830
Q45420196	6000000075345015401
Q45420197	6000000075346030031
Q45420198	6000000075346356912
Q45420199	6000000075345544340
Q45420201	6000000074747011866
Q45420205	6000000075346431883
Q45420206	6000000074746334420
Q45420206	6000000075346415884
Q45420208	6000000074746619217
Q45420208	6000000075345672251
Q45420209	6000000075345519278
Q45420210	6000000075346322882
Q45420212	6000000075346505826
Q45420218	6000000075346206994
Q45420221	6000000075346422889
Q45420222	6000000075346425890
Q45420243	6000000074758663889
Q45420249	6000000075345841161
Q45420252	6000000075346509829
Q45420254	6000000075346542839
Q45420257	6000000075346202917
Q45420260	6000000075346556847
Q45420261	6000000075345841169
Q45420263	6000000075346168149
Q45420266	6000000075346477894
Q45420270	6000000075346590849
Q45420272	6000000075346495891
Q45420275	6000000075346580853
Q45420278	6000000075346268981
Q45420279	6000000075345519324
Q45420311	6000000075368781840
Q45420338	6000000075370483977
Q45420389	6000000075368214885
Q45420395	6000000075373412821
Q45420398	6000000075373181834
Q45420399	6000000075371275902
Q454204	6000000002188456526
Q45420400	6000000075372301894
Q45420402	6000000075373443821
Q45420403	6000000075373415836
Q45420413	6000000075373332835
Q45420414	6000000075373479824
Q45420415	6000000075372301898
Q45420417	6000000075373122839
Q45420418	6000000075372419908
Q45420419	6000000075372929878
Q45420434	6000000075373975822
Q45420481	6000000075374362839
Q45420489	6000000075374548821
Q45420560	6000000075379763830
Q45420563	6000000074730247875
Q45420570	6000000074730563873
Q45420572	6000000074729856153
Q45420574	6000000074730424935
Q45420599	6000000074733204870
Q45420603	6000000074732754047
Q45420621	6000000075344423850
Q45420625	6000000075344445846
Q45420626	6000000075382277822
Q45420628	6000000075382236825
Q45420631	6000000075382319823
Q45420633	6000000075382361821
Q45420634	6000000075382372821
Q45420636	6000000075337736848
Q45420638	6000000075337827868
Q45420639	6000000075337863833
Q45420642	6000000075337804868
Q45420664	6000000075377202825
Q45420667	6000000075376625823
Q45420670	6000000075376568833
Q45420671	6000000075369246190
Q45420675	6000000075376574838
Q45420679	6000000057600383477
Q45420681	6000000075376699821
Q45420687	6000000057601086840
Q45420698	6000000075377049838
Q45420701	6000000075376464876
Q45420703	6000000075377852821
Q45420706	6000000075377796845
Q45420726	6000000075397561988
Q45420735	6000000075397520136
Q45420736	6000000075397875931
Q45420739	6000000075396983171
Q45420741	6000000075397727039
Q45420745	6000000075395789218
Q45420751	6000000075397544081
Q45420754	6000000075397682000
Q45420760	6000000075398084842
Q45420761	6000000075398063858
Q45420764	6000000075398343876
Q45420770	6000000075396402435
Q45420771	6000000075398484945
Q45420774	6000000075398512904
Q45420777	6000000074785316892
Q45420778	6000000074715371857
Q45420780	6000000074715450841
Q45420783	6000000074715175952
Q45420786	6000000075398532933
Q45420787	6000000075398399023
Q45420788	6000000075398430962
Q45420791	6000000075398510917
Q45420792	6000000075394662614
Q45420793	6000000075398485996
Q45420795	6000000075398478904
Q45420796	6000000075398301149
Q45420804	6000000075398518967
Q45420806	6000000075398694834
Q45420807	6000000075398314077
Q45420808	6000000075398618896
Q45420811	6000000075398142121
Q45420818	6000000075398557932
Q45420825	6000000075398478935
Q45420826	6000000075398235179
Q45420828	6000000075398618916
Q45420831	6000000075398659895
Q45420832	6000000075398197168
Q45420833	6000000075398618921
Q45420844	6000000075398398050
Q45420848	6000000075398720854
Q45420850	6000000075398619873
Q45420852	6000000074759721095
Q45420853	6000000074759347235
Q45420859	6000000074759634137
Q45420860	6000000074758937655
Q45420861	6000000074760074821
Q45420862	6000000074760029849
Q45420863	6000000074759946885
Q45420865	6000000075398621917
Q45420866	6000000075398624883
Q45420869	6000000075398478961
Q45420876	6000000075398638932
Q45420877	6000000075398537958
Q45420906	6000000075344715844
Q45420914	6000000075344513899
Q45420916	6000000075344614886
Q45420920	6000000075398511006
Q45420922	6000000075398696911
Q45420923	6000000075398630906
Q45420925	6000000075398351163
Q45420928	6000000075344655006
Q45420946	6000000075398654952
Q45420948	6000000075397797373
Q45420950	6000000075398514026
Q45420951	6000000075398502043
Q45420956	6000000075345773007
Q45420957	6000000075345941956
Q45420961	6000000075345628070
Q45420966	6000000075345778069
Q45420968	6000000075346038883
Q45420970	6000000075345017266
Q45420971	6000000075346268853
Q45420973	6000000075346289822
Q45420976	6000000075346008955
Q45420977	6000000075346020948
Q45420978	6000000075345475120
Q45420981	6000000075345665052
Q45420985	6000000075337571105
Q45420988	6000000075337913894
Q45420989	6000000075337792968
Q45420993	6000000075337665990
Q45421016	6000000075398681917
Q45421023	6000000057251773834
Q45421025	6000000075398552146
Q45421029	6000000057251231062
Q45421031	6000000057251693821
Q45421039	6000000057251231067
Q45421041	6000000057251259068
Q45421044	6000000057251271095
Q45421065	6000000075375715853
Q45421066	6000000075398287278
Q45421070	6000000075398204422
Q45421071	6000000075398428136
Q45421072	6000000075398469270
Q45421074	6000000074785814894
Q45421075	6000000074785624951
Q45421076	6000000074785065427
Q45421078	6000000074785352220
Q45421083	6000000075398746018
Q45421085	6000000075397471666
Q45421114	6000000075398919901
Q45421115	6000000075398351361
Q45421120	6000000075399023824
Q45421122	6000000075398854908
Q45421124	6000000075398424335
Q45421127	6000000075398799987
Q45421128	6000000075398248420
Q45421130	6000000075398533182
Q45421132	6000000075398287314
Q45421136	6000000075398311375
Q45421142	6000000075398888901
Q45421144	6000000075398519272
Q45421148	6000000075398977893
Q45421150	6000000075398723098
Q45421152	6000000075399061836
Q45421153	6000000075398640121
Q45421155	6000000075398841982
Q45421157	6000000075398718052
Q45421160	6000000075398859962
Q45421161	6000000075398814953
Q45421163	6000000075398927897
Q45421174	6000000057634801904
Q45421176	6000000075398176299
Q45421178	6000000075399065856
Q45421179	6000000075399057844
Q45421184	6000000075398452329
Q45421185	6000000075398469353
Q45421189	6000000075398787030
Q45421191	6000000075398849988
Q45421193	6000000075398334370
Q45421196	6000000075399016861
Q45421197	6000000075399126830
Q45421199	6000000075398765026
Q45421205	6000000075398541264
Q45421210	6000000075398519314
Q45421212	6000000075398812050
Q45421215	6000000075398844990
Q45421218	6000000075398508190
Q45421219	6000000075398716051
Q45421220	6000000075398888939
Q45421222	6000000075399154824
Q45421223	6000000075398739107
Q45421225	6000000075398805020
Q45421227	6000000075398738059
Q45421228	6000000075399106863
Q45421232	6000000075398754048
Q45421254	6000000075399037883
Q45421281	6000000075344417034
Q45421282	6000000075344462872
Q45421286	6000000075344083239
Q45421301	6000000074788191914
Q45421323	6000000074733513835
Q45421324	6000000074732933231
Q45421325	6000000074733545831
Q45421327	6000000074733359848
Q45421329	6000000074733168958
Q45421331	6000000074733111995
Q45421333	6000000074732575234
Q45421336	6000000075399014952
Q45421337	6000000075399098906
Q45421340	6000000075399011881
Q45421369	6000000075398785956
Q45421370	6000000075399061893
Q45421373	6000000075399175834
Q45421374	6000000075398833055
Q45421377	6000000075399101882
Q45421378	6000000075399053945
Q45421388	6000000075399070923
Q45421391	6000000074750065084
Q45421393	6000000074750370889
Q45421400	6000000074749995167
Q45421401	6000000074750466821
Q45421405	6000000074750414920
Q45421409	6000000074750233067
Q45421410	6000000074736693825
Q45421413	6000000074736415972
Q45421415	6000000074736117110
Q45421416	6000000075399171834
Q45421420	6000000075398542269
Q45421421	6000000074736700842
Q45421424	6000000075398871056
Q45421440	6000000075399200835
Q45421445	6000000075397803661
Q45421446	6000000075399073935
Q45421449	6000000074747581859
Q45421450	6000000074747560844
Q45421451	6000000074747435951
Q45421453	6000000074747549838
Q45421455	6000000074747120242
Q45421456	6000000074747342051
Q45421458	6000000074747103151
Q45421461	6000000074747478907
Q45421463	6000000074747586835
Q45421465	6000000074747469874
Q45421467	6000000075399023021
Q45421469	6000000075398286439
Q45421470	6000000075399169852
Q45421471	6000000075398857157
Q45421476	6000000075344087121
Q45421478	6000000075344458873
Q45421482	6000000075344326897
Q45421502	6000000074749422104
Q45421504	6000000074749671890
Q45421508	6000000074749463033
Q45421520	6000000075397876718
Q45421522	6000000075399272872
Q45421524	6000000075399204857
Q45421544	6000000075398903009
Q45421546	6000000075398868084
Q45421560	6000000075399250850
Q45421563	6000000075399057932
Q45421564	6000000075399259838
Q45421567	6000000075399173866
Q45421569	6000000074759481202
Q45421571	6000000075346192972
Q45421577	6000000075398920176
Q45421579	6000000075399185881
Q45421582	6000000074731191895
Q45421583	6000000074730782154
Q45421584	6000000075398773211
Q45421601	6000000075397908600
Q45421619	6000000074717228958
Q45421620	6000000074717249990
Q45421622	6000000074717032023
Q45421623	6000000074716607085
Q45421636	6000000074757689064
Q45421637	6000000074757647122
Q45421638	6000000074757969860
Q45421640	6000000074757657094
Q45421643	6000000074757951841
Q45421645	6000000074757083390
Q45421647	6000000074758042835
Q45421648	6000000074758000949
Q45421650	6000000074757228349
Q45421651	6000000075398898139
Q45421653	6000000075399295856
Q45421654	6000000075398880151
Q45421655	6000000075399242897
Q45421657	6000000075399342832
Q45421658	6000000075398963046
Q45421659	6000000075398812198
Q45421662	6000000075398365388
Q45421663	6000000075399086985
Q45421665	6000000075398911163
Q45421666	6000000075398772129
Q45421668	6000000075399228864
Q45421669	6000000075397877762
Q45421672	6000000075399270879
Q45421673	6000000075398452491
Q45421679	6000000075344782139
Q45421681	6000000075346346867
Q45421682	6000000075399188893
Q45421685	6000000075398676362
Q45421686	6000000075399248853
Q45421687	6000000075398733245
Q45421688	6000000074701443383
Q45421690	6000000074731537541
Q45421691	6000000074701961924
Q45421692	6000000074701675160
Q45421694	6000000075399356869
Q45421695	6000000075398213535
Q45421696	6000000074702070906
Q45421699	6000000074701802112
Q45421701	6000000074701161697
Q45421703	6000000075399106989
Q45421705	6000000075398930059
Q45421724	6000000075373420825
Q45421726	6000000074757993908
Q45421727	6000000075399022941
Q45421731	6000000075398857036
Q45421732	6000000075398929918
Q45421737	6000000075401583863
Q45421740	6000000075401498902
Q45421741	6000000075401573849
Q45421744	6000000075401339996
Q45421747	6000000075401331982
Q45421774	6000000075401230092
Q45421776	6000000075401678828
Q45421778	6000000075401196916
Q45421780	6000000075401541978
Q45421781	6000000075401557942
Q45421784	6000000075401681877
Q45421785	6000000075401562932
Q45421786	6000000074734684850
Q45421788	6000000074734445969
Q45421790	6000000074734658827
Q45421791	6000000074733845172
Q45421793	6000000074734707834
Q45421796	6000000074734658832
Q45421799	6000000075401748837
Q45421801	6000000075401177195
Q45421804	6000000075401675891
Q45421807	6000000075345646241
Q45421809	6000000075346366851
Q45421810	6000000075345965022
Q45421813	6000000075346297882
Q45421823	6000000075346409000
Q45421825	6000000075401635900
Q45421843	6000000075401279066
Q45421845	6000000075400833221
Q45421847	6000000075401019180
Q45421849	6000000075401682885
Q45421860	6000000075401373909
Q45421862	6000000074730924000
Q45421863	6000000074730752144
Q45421865	6000000074731337821
Q45421867	6000000074730509335
Q45421869	6000000074731276847
Q45421870	6000000074731320841
Q45421872	6000000074730726074
Q45421874	6000000074730102550
Q45421875	6000000075401411010
Q45421876	6000000075401324086
Q45421879	6000000075401360992
Q45421881	6000000075401710913
Q45421885	6000000074717124832
Q45421886	6000000074716184079
Q45421887	6000000074717053876
Q45421889	6000000074716129106
Q45421892	6000000074716693038
Q45421893	6000000074717022858
Q45421898	6000000074716494051
Q45421898	6000000074716803970
Q45421898	6000000074717115832
Q45421903	6000000074704632870
Q45421914	6000000074716965916
Q45421943	6000000075401671918
Q45421954	6000000075400867353
Q45421959	6000000075401589965
Q45421964	6000000075377669835
Q45421965	6000000075401756862
Q45421967	6000000075401613971
Q45421973	6000000075401542011
Q45421976	6000000075401542990
Q45421978	6000000075401804850
Q45421982	6000000075401813837
Q45421984	6000000075401599938
Q45421985	6000000075400970405
Q45421988	6000000075401792839
Q45421989	6000000075401486989
Q45421992	6000000075401299074
Q45421993	6000000075401710999
Q45421994	6000000075401913884
Q45421996	6000000075401759885
Q45422002	6000000075401774928
Q45422005	6000000075401620039
Q45422012	6000000075401853937
Q45422015	6000000075402085824
Q45422017	6000000075401974883
Q45422019	6000000074717276853
Q45422020	6000000074716488149
Q45422022	6000000075401384135
Q45422024	6000000075401771993
Q45422026	6000000075402006850
Q45422028	6000000075402042831
Q45422030	6000000075401539179
Q45422032	6000000075402116833
Q45422034	6000000075402116839
Q45422039	6000000075402040869
Q45422041	6000000075401731924
Q45422042	6000000075402098835
Q45422055	6000000075401807990
Q45422057	6000000075401976960
Q45422060	6000000075402045876
Q45422061	6000000075401211339
Q45422120	6000000075346087088
Q45422136	6000000074739485917
Q45422139	6000000074739690840
Q45422145	6000000075401854039
Q45422149	6000000075402227888
Q45422150	6000000075401851148
Q45422155	6000000075401977130
Q45422156	6000000075401228439
Q45422157	6000000075401963048
Q45422159	6000000075402472821
Q45422166	6000000075402039998
Q45422167	6000000075402250866
Q45422173	6000000075401630295
Q45422174	6000000075401884056
Q45422179	6000000075402216950
Q45422189	6000000074733390318
Q45422191	6000000074734087022
Q45422194	6000000074734373893
Q45422195	6000000075345544417
Q45422199	6000000075382511821
Q45422217	6000000074732804190
Q45422219	6000000074733502869
Q45422224	6000000075402001027
Q45422225	6000000016706003178
Q45422226	6000000016704597787
Q45422227	6000000016705913574
Q45422228	6000000016705860546
Q45422229	6000000016705803905
Q45422232	6000000075402126964
Q45422233	6000000075402446876
Q45422238	6000000075402304905
Q45422240	6000000075402235905
Q45422243	6000000074749453050
Q45422245	6000000074748966268
Q45422247	6000000075337750915
Q45422249	6000000075402742836
Q45422250	6000000074749802829
Q45422253	6000000074749108363
Q45422263	6000000075378222821
Q45422265	6000000075378223822
Q45422266	6000000075378252821
Q45422269	6000000075377512853
Q45422270	6000000075377022892
Q45422273	6000000075377252895
Q45422275	6000000075378324821
Q45422277	6000000075327716841
Q45422278	6000000075327582940
Q45422281	6000000075327454055
Q45422283	6000000075327440937
Q45422289	6000000074739494850
Q45422293	6000000075402789825
Q45422297	6000000075402116079
Q45422300	6000000075402704887
Q45422342	6000000075402674896
Q45422344	6000000075402637906
Q45422346	6000000075401584345
Q45422349	6000000075402848833
Q45422352	6000000075401633393
Q45422353	6000000075402687920
Q45422355	6000000075402749833
Q45422368	6000000075401299559
Q45422371	6000000075402089159
Q45422372	6000000075402798873
Q45422373	6000000075402256074
Q45422377	6000000074771315883
Q45422380	6000000074771372840
Q45422383	6000000074770950984
Q45422384	6000000074771306860
Q45422385	6000000074771087923
Q45422386	6000000074771264842
Q45422398	6000000075401854234
Q45422416	6000000075401855207
Q45422419	6000000075402841874
Q45422420	6000000075402409022
Q45422423	6000000075401648105
Q45422428	6000000075401843332
Q45422431	6000000075402527077
Q45422435	6000000075402868979
Q45422437	6000000075402885952
Q45422439	6000000075402245374
Q45422441	6000000075402791909
Q45422444	6000000075402805906
Q45422447	6000000075402971955
Q45422449	6000000075403160836
Q45422450	6000000075403116880
Q45422451	6000000075403011938
Q45422454	6000000075403120838
Q45422458	6000000075402523010
Q45422460	6000000075402579949
Q45422462	6000000075402854830
Q45422465	6000000075334086920
Q45422468	6000000075402265109
Q45422470	6000000075403144837
Q45422474	6000000075403112871
Q45422477	6000000075402827878
Q45422482	6000000075403085919
Q45422484	6000000075402607124
Q45422486	6000000075402838995
Q45422487	6000000075403006915
Q45422489	6000000075402863998
Q45422492	6000000075402820029
Q45422495	6000000075402689100
Q45422502	6000000075403016959
Q45422503	6000000075402812037
Q45422509	6000000075402941004
Q45422510	6000000075403112934
Q45422512	6000000075402560200
Q45422516	6000000075402250303
Q45422518	6000000075403305824
Q45422519	6000000075403226862
Q45422521	6000000075403119938
Q45422538	6000000075401648163
Q45422545	6000000075403109937
Q45422547	6000000075403271868
Q45422548	6000000075403282842
Q45422553	6000000075403297877
Q45422554	6000000075403058032
Q45422556	6000000075402288133
Q45422588	6000000075375809831
Q45422590	6000000075375864826
Q45422594	6000000075403245906
Q45422596	6000000075403298870
Q45422597	6000000075402684131
Q45422598	6000000075403323837
Q45422599	6000000075403232915
Q454226	6000000179060340843
Q45422623	6000000075401780016
Q45422645	6000000074749827841
Q45422647	6000000074749751923
Q45422648	6000000074749809840
Q45422650	6000000074749602949
Q45422652	6000000074749800840
Q45422653	6000000074749832830
Q45422656	6000000074749757868
Q45422659	6000000074749260034
Q45422662	6000000075374582823
Q45422663	6000000075374614821
Q45422667	6000000074732739939
Q45422669	6000000074732392188
Q45422669	6000000074732901843
Q45422672	6000000075403918208
Q45422689	6000000075404362010
Q45422692	6000000075404532903
Q45422700	6000000074710009000
Q45422703	6000000074709330121
Q45422705	6000000074710213869
Q45422708	6000000074710016013
Q45422712	6000000074709971009
Q45422718	6000000075375340821
Q45422727	6000000075403804360
Q45422730	6000000075404447958
Q45422735	6000000075404750873
Q45422739	6000000075404754014
Q45422741	6000000075405096823
Q45422743	6000000075404772976
Q45422745	6000000075405111821
Q45422747	6000000075404798971
Q45422748	6000000074732791079
Q45422750	6000000075404124364
Q45422752	6000000075404435165
Q45422753	6000000075404778038
Q45422755	6000000075404956887
Q45422758	6000000075404667091
Q45422765	6000000074732929021
Q45422766	6000000074732787053
Q45422769	6000000074733318825
Q45422777	6000000075404919935
Q45422809	6000000075405171827
Q45422810	6000000075405182822
Q45422812	6000000075405034914
Q45422814	6000000075404985990
Q45422815	6000000075405153845
Q45422817	6000000075404882953
Q45422821	6000000075405071870
Q45422824	6000000075405087897
Q45422827	6000000075405123845
Q45422829	6000000075404724098
Q45422830	6000000075405214822
Q45422835	6000000075404863972
Q45422836	6000000075404435213
Q45422838	6000000075405113877
Q45422843	6000000075405213828
Q45422845	6000000075405172859
Q45422847	6000000075405066881
Q45422849	6000000075405106907
Q45422908	6000000075405199892
Q45422911	6000000075404846134
Q45422917	6000000071037609909
Q45422940	6000000075505278330
Q45422974	6000000075404777154
Q45423017	6000000075405227889
Q45423018	6000000075405110935
Q45423020	6000000075405227899
Q45423021	6000000075404646150
Q45423023	6000000075405021979
Q45423024	6000000075405337854
Q45423026	6000000075405124895
Q45423032	6000000075405364822
Q45423034	6000000075405358825
Q45423036	6000000075405344842
Q45423037	6000000075405246880
Q45423040	6000000075405350824
Q45423043	6000000074759219061
Q45423045	6000000074758870389
Q45423046	6000000074758717387
Q454231	6000000076014499822
Q454236	6000000004543515038
Q454238	5716335597870043787
Q45423967	6000000074759648854
Q45423969	6000000074759470940
Q45423971	6000000074759488916
Q45423972	6000000074759515942
Q45423975	6000000074759462017
Q45423977	6000000074758586579
Q45423978	6000000074759263151
Q45423979	6000000074759371089
Q45423980	6000000074759422080
Q45423990	6000000075405256875
Q45423991	6000000075405342849
Q45423993	6000000075405360828
Q45423994	6000000075405375821
Q45423996	6000000075405015985
Q45423998	6000000075404052595
Q45424001	6000000075404872917
Q45424005	6000000075405132933
Q45424006	6000000075405278854
Q45424009	6000000075404737139
Q45424011	6000000075405375836
Q45424012	6000000075405369831
Q45424014	6000000075405172989
Q45424016	6000000075405058964
Q45424017	6000000075404749242
Q45424023	6000000075405300842
Q45424024	6000000075404999094
Q45424025	6000000075405181913
Q45424027	6000000075405383829
Q45424029	6000000075405271880
Q45424030	6000000074736961888
Q45424032	6000000075405254919
Q45424035	6000000074735726419
Q45424037	6000000074737072836
Q45424040	6000000074737109825
Q45424045	6000000074736913918
Q45424046	6000000074736565962
Q45424047	6000000074737136821
Q45424049	6000000074736827915
Q45424054	6000000075405007023
Q45424055	6000000075405305898
Q45424059	6000000075405336846
Q45424061	6000000075404887095
Q45424066	6000000075405324882
Q45424067	6000000075405113987
Q45424068	6000000075405426821
Q45424070	6000000075405268926
Q45424071	6000000075404963962
Q45424072	6000000075405412825
Q45424075	6000000075405361844
Q45424077	6000000075405138028
Q45424080	6000000074758103058
Q45424082	6000000074758065046
Q45424084	6000000075405399835
Q45424086	6000000075405252920
Q45424087	6000000075405364879
Q45424089	6000000075404957029
Q45424091	6000000075405445846
Q45424093	6000000075405377860
Q45424094	6000000075405414823
Q45424099	6000000075405277908
Q454241	6000000093825927082
Q45424101	6000000075405230929
Q45424105	6000000075405440828
Q45424109	6000000075405164990
Q45424110	6000000075405088073
Q45424112	6000000075404921071
Q45424114	6000000075404565261
Q45424115	6000000075404777253
Q45424117	6000000075405273865
Q45424119	6000000075405468830
Q45424122	6000000075405402846
Q45424124	6000000075405432831
Q45424125	6000000075405050975
Q45424126	6000000075405119993
Q45424128	6000000075405116979
Q45424129	6000000075405234948
Q45424131	6000000075405401877
Q45424140	6000000075405390875
Q45424142	6000000075405053056
Q45424144	6000000075405058986
Q45424145	6000000075405050979
Q45424147	6000000075405346915
Q45424149	6000000075405414843
Q45424152	6000000075405484833
Q45424154	6000000075405467845
Q45424155	6000000075404050669
Q45424157	6000000075577675847
Q45424159	6000000075404861066
Q45424161	6000000075405339901
Q45424162	6000000075405123002
Q45424164	6000000075405477847
Q45424167	6000000075326663824
Q45424171	6000000075405413846
Q45424172	6000000075405472843
Q45424175	6000000075405248966
Q45424181	6000000075404737172
Q45424183	6000000075405431909
Q45424186	6000000075404988015
Q45424188	6000000075405301899
Q45424189	6000000075405022074
Q45424193	6000000075405044990
Q45424195	6000000075404754235
Q45424197	6000000075404227467
Q45424199	6000000075405118941
Q45424201	6000000075405059008
Q45424203	6000000075405419898
Q45424204	6000000075404756188
Q45424206	6000000075404988036
Q45424208	6000000075405420879
Q45424211	6000000075405518830
Q45424212	6000000075405526828
Q45424215	6000000075405510871
Q45424216	6000000075405466868
Q45424218	6000000075405307920
Q45424220	6000000075405489849
Q45424222	6000000075405556821
Q45424223	6000000075404565339
Q45424225	6000000075404872960
Q45424227	6000000075405283942
Q45424229	6000000075405479841
Q45424231	6000000075405564821
Q45424234	6000000075405338004
Q45424236	6000000075405551821
Q45424239	6000000075405530843
Q45424242	6000000075405350948
Q45424247	6000000075405309011
Q45424248	6000000075405431968
Q45424249	6000000075405293948
Q45424250	6000000075405157976
Q45424253	6000000075405157971
Q45424254	6000000075405524873
Q45424257	6000000075405514864
Q45424264	6000000075405553850
Q45424267	6000000075405331904
Q45424269	6000000074759291821
Q45424273	6000000075405157074
Q45424275	6000000075405533845
Q45424276	6000000075405053126
Q45424278	6000000075405574827
Q45424281	6000000075405040180
Q45424282	6000000075405318979
Q45424283	6000000075577359062
Q45424286	6000000075405561864
Q45424288	6000000075405598822
Q45424290	6000000075405452918
Q45424292	6000000075405117047
Q45424293	6000000075404931211
Q45424295	6000000075405414894
Q45424298	6000000075405364983
Q45424303	6000000075405411920
Q45424305	6000000075405528919
Q45424307	6000000075405488886
Q45424310	6000000075405405924
Q45424311	6000000075404203495
Q45424312	6000000075404892165
Q45424313	6000000075404970163
Q45424315	6000000075405671825
Q45424320	6000000075405618870
Q45424321	6000000075405573861
Q45424322	6000000075405524942
Q45424325	6000000075405555880
Q45424326	6000000075405464931
Q45424333	6000000075405302007
Q45424335	6000000075405461983
Q45424337	6000000075405158052
Q45424339	6000000075405187025
Q45424342	6000000075405589863
Q45424343	6000000075405234093
Q45424344	6000000074787556834
Q45424348	6000000075405566894
Q45424351	6000000075404886129
Q45424353	6000000075404756275
Q45424356	6000000075405220100
Q45424359	6000000075405269104
Q45424360	6000000075405264046
Q45424381	6000000075405840916
Q45424384	6000000075405756855
Q45424385	6000000075405774834
Q45424386	6000000075405630908
Q45424389	6000000075405497958
Q45424392	6000000075405220208
Q45424393	6000000075406082890
Q45424394	6000000075404219658
Q45424400	6000000075405557897
Q45424401	6000000075405578059
Q45424402	6000000075406230849
Q45424403	6000000075404978233
Q45424405	6000000075405654915
Q45424406	6000000075405641906
Q45424408	6000000074739733870
Q45424410	6000000075405316007
Q45424414	6000000075406132879
Q45424416	6000000075405599866
Q45424420	6000000075405533904
Q45424421	6000000075406009822
Q45424422	6000000075405412190
Q45424423	6000000075405173201
Q45424425	6000000075405053266
Q45424429	6000000074739511899
Q45424434	6000000074738993896
Q45424436	6000000075405798004
Q45424439	6000000075405053246
Q45424440	6000000075405485956
Q45424442	6000000057261108213
Q45424443	6000000075406193871
Q45424445	6000000075405531975
Q45424446	6000000075405669860
Q45424451	6000000075405765854
Q45424452	6000000075405368945
Q45424454	6000000075405755839
Q45424456	6000000075406098838
Q45424458	6000000075405641878
Q45424459	6000000075405728836
Q45424461	6000000075405209200
Q45424465	6000000075405518993
Q45424467	6000000075405468956
Q45424474	6000000075405684912
Q45424477	6000000075405462032
Q45424480	6000000075405138212
Q45424481	6000000075405811848
Q45424484	6000000075405635949
Q45424485	6000000075405588901
Q45424487	6000000075401461893
Q45424491	6000000075405415951
Q45424492	6000000075406083840
Q45424495	6000000075405421066
Q45424499	6000000075405402000
Q45424502	6000000075405387041
Q45424504	6000000075405369026
Q45424505	6000000075401435977
Q45424506	6000000075405619878
Q45424509	6000000075405700929
Q45424510	6000000075405253073
Q45424511	6000000075405464971
Q45424512	6000000075406075843
Q45424515	6000000075405769826
Q45424517	6000000075405826821
Q45424519	6000000075404886191
Q45424521	6000000075406191876
Q45424523	6000000075405725853
Q45424524	6000000075405822835
Q45424525	6000000075401015155
Q45424528	6000000075404883171
Q45424529	6000000075406110832
Q45424530	6000000075405489979
Q45424531	6000000075405053197
Q45424533	6000000075405599917
Q45424535	6000000075406287831
Q45424538	6000000075405729876
Q45424539	6000000075405576970
Q45424542	6000000075405555922
Q45424543	6000000075405948984
Q45424544	6000000075401683833
Q45424547	6000000075405813824
Q45424549	6000000075405637034
Q45424551	6000000075405173190
Q45424554	6000000075405845042
Q45424555	6000000075405397107
Q45424557	6000000075405183068
Q45424561	6000000075406172855
Q45424562	6000000075401419940
Q45424567	6000000075405705836
Q45424568	6000000075404773327
Q45424570	6000000075405650874
Q45424571	6000000075405301043
Q45424575	6000000075405414979
Q45424576	6000000075405576896
Q45424663	6000000074697959531
Q45424667	6000000074745389013
Q45424668	6000000074698584821
Q45424670	6000000075415358838
Q45424673	6000000074701504997
Q45424675	6000000074746735326
Q45424677	6000000074698160100
Q45424678	6000000075406569850
Q45424679	6000000074744273440
Q45424680	6000000074735835907
Q45424682	6000000075415699876
Q45424685	6000000075415874514
Q45424686	6000000075415790882
Q45424687	6000000075414744865
Q45424689	6000000074746911206
Q45424695	6000000074697468645
Q45424696	6000000075406346920
Q45424698	6000000075413871876
Q45424699	6000000075419003906
Q45424700	6000000075418209936
Q45424701	6000000074735726964
Q45424703	6000000075414955382
Q45424706	6000000074332899172
Q45424707	6000000075407359844
Q45424708	6000000075415915861
Q45424710	6000000074717296332
Q45424711	6000000075417231623
Q45424712	6000000075415692848
Q45424713	6000000075414711916
Q45424714	6000000075578148842
Q45424718	6000000075406056904
Q45424719	6000000074784350176
Q45424721	6000000075416789882
Q45424723	6000000074687545864
Q45424724	6000000074735716084
Q45424725	6000000075405931147
Q45424728	6000000075413652990
Q45424729	6000000074728044014
Q45424731	6000000075407518087
Q45424732	6000000075418349861
Q45424733	6000000074736025852
Q45424735	6000000075418882828
Q45424737	6000000075418850044
Q45424738	6000000075417136849
Q45424740	6000000074687411951
Q45424742	6000000075415750861
Q45424743	6000000074784051978
Q45424744	6000000075417864826
Q45424746	6000000075415779900
Q45424747	6000000075406839175
Q45424748	6000000074717854880
Q45424749	6000000075418321966
Q45424750	6000000074745573877
Q45424751	6000000075414392050
Q45424753	6000000075415530946
Q45424755	6000000075407147822
Q45424756	6000000075412628839
Q45424759	6000000075406099961
Q45424760	6000000075406596847
Q45424763	6000000075416866835
Q45424764	6000000075415734053
Q45424765	6000000075416880050
Q45424766	6000000075416369834
Q45424768	6000000074727277021
Q45424770	6000000075416642877
Q45424771	6000000075407933913
Q45424773	6000000075417915054
Q45424774	6000000075414353260
Q45424775	6000000075415874508
Q45424777	6000000074727475204
Q45424779	6000000074687791906
Q45424780	6000000074703639929
Q45424781	6000000075406957157
Q45424782	6000000074783989004
Q45424783	6000000075415835849
Q45424784	6000000075417859822
Q45424787	6000000074784918207
Q45424788	6000000074717930821
Q45424789	6000000074753456146
Q45424790	6000000074745091095
Q45424791	6000000075406957090
Q45424792	6000000075414653973
Q45424794	6000000075415741825
Q45424796	6000000075407036905
Q45424797	6000000075413245901
Q45424798	6000000075405485209
Q45424799	6000000075406537889
Q45424801	6000000074717729517
Q45424802	6000000074732154099
Q45424803	6000000074727416944
Q45424804	6000000074784915962
Q45424805	6000000075417266868
Q45424807	6000000075416648834
Q45424809	6000000075408042874
Q45424810	6000000075417301248
Q45424811	6000000075415125939
Q45424812	6000000075418288105
Q45424813	6000000075419094891
Q45424814	6000000074726677610
Q45424815	6000000075406623904
Q45424817	6000000074687845876
Q45424818	6000000074703744821
Q45424822	6000000074784156854
Q45424824	6000000074747227998
Q45424825	6000000075417750881
Q45424828	6000000074750098888
Q45424829	6000000074729037239
Q45424830	6000000074753858893
Q45424832	6000000075415121046
Q45424834	6000000074727617910
Q45424835	6000000075406650193
Q45424838	6000000075406973914
Q45424840	6000000075412095322
Q45424841	6000000075405882053
Q45424842	6000000075406569902
Q45424843	6000000074718059157
Q45424844	6000000075416069993
Q45424845	6000000074727267205
Q45424846	6000000074747479322
Q45424847	6000000075417312853
Q45424848	6000000075413996912
Q45424851	6000000075416403998
Q45424852	6000000075418050002
Q45424853	6000000074771625829
Q45424854	6000000075408025855
Q45424856	6000000075419158900
Q45424857	6000000074710176930
Q45424858	6000000074727324887
Q45424859	6000000075406735864
Q45424860	6000000075407698854
Q45424861	6000000074687904821
Q45424863	6000000074703744825
Q45424865	6000000074711654920
Q45424867	6000000075415830855
Q45424868	6000000075417518962
Q45424871	6000000074749990987
Q45424873	6000000074753582095
Q45424874	6000000075419514823
Q45424875	6000000075415348915
Q45424876	6000000075414115161
Q45424877	6000000074727252273
Q45424878	6000000075407295934
Q45424879	6000000074753102200
Q45424881	6000000075406816979
Q45424884	6000000075412784887
Q45424885	6000000075416165945
Q45424886	6000000074717922279
Q45424888	6000000074727552824
Q45424889	6000000074747867019
Q45424891	6000000074756996099
Q45424892	6000000075413689049
Q45424895	6000000075416556862
Q45424896	6000000075418424831
Q45424897	6000000074771536925
Q45424898	6000000074786989316
Q45424899	6000000074706203882
Q45424900	6000000074709986951
Q45424901	6000000075407626089
Q45424902	6000000075406975822
Q45424905	6000000074687709922
Q45424906	6000000039155403784
Q45424907	6000000074711863835
Q45424909	6000000074705030906
Q45424911	6000000075417336069
Q45424914	6000000074785260024
Q45424916	6000000074784520027
Q45424916	6000000074784524012
Q45424917	6000000074729715038
Q45424918	6000000075415431901
Q45424919	6000000075414830873
Q45424920	6000000074727132301
Q45424921	6000000075406862202
Q45424923	6000000074753670854
Q45424925	6000000075406859003
Q45424926	6000000075412709889
Q45424927	6000000074690851842
Q45424929	6000000074716951239
Q45424931	6000000074727347971
Q45424932	6000000074748132908
Q45424933	6000000074757489832
Q45424935	6000000075414164836
Q45424938	6000000075416559867
Q45424939	6000000075418362845
Q45424940	6000000074771352937
Q45424941	6000000074787355059
Q45424942	6000000074706232877
Q45424943	6000000074709900091
Q45424944	6000000075407906910
Q45424945	6000000075406866884
Q45424947	6000000075407351006
Q45424948	6000000074687608994
Q45424949	6000000074703643892
Q45424950	6000000074711689007
Q45424951	6000000074700916428
Q45424953	6000000074785440843
Q45424954	6000000075417901822
Q45424957	6000000075415966849
Q45424958	6000000075406497153
Q45424959	6000000074784372119
Q45424960	6000000074729809973
Q45424961	6000000074749617141
Q45424963	6000000075414835861
Q45424964	6000000075415455924
Q45424965	6000000075406892076
Q45424968	6000000075407031890
Q45424969	6000000074690720890
Q45424970	6000000075412839879
Q45424971	6000000074718854828
Q45424973	6000000075406116920
Q45424974	6000000074747639229
Q45424975	6000000074706244869
Q45424976	6000000075417310847
Q45424978	6000000075414099911
Q45424981	6000000075416587866
Q45424982	6000000075415209965
Q45424983	6000000075418280883
Q45424985	6000000075418372415
Q45424986	6000000075406070208
Q45424987	6000000075418309041
Q45424988	6000000075407717987
Q45424989	6000000075406957824
Q45424991	6000000075407621913
Q45424992	6000000074687905831
Q45424993	6000000074703676869
Q45424994	6000000075418525937
Q45424995	6000000075406342924
Q45424996	6000000074784678450
Q45424997	6000000075417504033
Q45425000	6000000075415147193
Q45425002	6000000074783311732
Q45425003	6000000075419464843
Q45425004	6000000074748760646
Q45425005	6000000075413370265
Q45425006	6000000075415615896
Q45425007	6000000075407226947
Q45425008	6000000074753614918
Q45425009	6000000075406312150
Q45425011	6000000075406398939
Q45425012	6000000075415831340
Q45425013	6000000075416176902
Q45425014	6000000074745462286
Q45425015	6000000075412768866
Q45425016	6000000074705496338
Q45425017	6000000074767873689
Q45425018	6000000075413762095
Q45425021	6000000074749046891
Q45425022	6000000075415245909
Q45425023	6000000075417857102
Q45425024	6000000075419311845
Q45425025	6000000075406628951
Q45425026	6000000074718047897
Q45425027	6000000075408059858
Q45425028	6000000075406600069
Q45425030	6000000075407642899
Q45425031	6000000074687769926
Q45425033	6000000075418558247
Q45425034	6000000074725448896
Q45425035	6000000075405999093
Q45425036	6000000075406292856
Q45425037	6000000074785329944
Q45425038	6000000075417786865
Q45425039	6000000075406647863
Q45425041	6000000074692798821
Q45425042	6000000074784314183
Q45425043	6000000075419417867
Q45425045	6000000074698161177
Q45425046	6000000075414625899
Q45425047	6000000075415544927
Q45425048	6000000074753508930
Q45425048	6000000074753647898
Q45425049	6000000075406523182
Q45425050	6000000075406350057
Q45425052	6000000075406286025
Q45425053	6000000074718817883
Q45425056	6000000074746049874
Q45425057	6000000075412095186
Q45425058	6000000074706248867
Q45425059	6000000075407366056
Q45425059	6000000075428305241
Q45425060	6000000075413738105
Q45425061	6000000074769179839
Q45425062	6000000075418500982
Q45425063	6000000074748688088
Q45425065	6000000074354109887
Q45425066	6000000039009387190
Q45425067	6000000075406349091
Q45425068	6000000075418742895
Q45425070	6000000075406949849
Q45425071	6000000075407527086
Q45425073	6000000075407761849
Q45425074	6000000075417150871
Q45425075	6000000075419286910
Q45425076	6000000074724948285
Q45425078	6000000075405977061
Q45425079	6000000074785284968
Q45425080	6000000075406633900
Q45425081	6000000075417883847
Q45425083	6000000074692684858
Q45425084	6000000074784697875
Q45425085	6000000075419229942
Q45425086	6000000074698416980
Q45425087	6000000075414785881
Q45425089	6000000075415681875
Q45425090	6000000075405453718
Q45425091	6000000074753211093
Q45425093	6000000075406401990
Q45425094	6000000075406869111
Q45425095	6000000074718783913
Q45425096	6000000074710133154
Q45425097	6000000075415623119
Q45425098	6000000075412800898
Q45425100	6000000074706237876
Q45425101	6000000075414373837
Q45425102	6000000075417325837
Q45425104	6000000074690892201
Q45425106	6000000074784633982
Q45425107	6000000039009665826
Q45425108	6000000075406815837
Q45425109	6000000074748801891
Q45425110	6000000075417542250
Q45425111	6000000075406829874
Q45425112	6000000075407119303
Q45425114	6000000075407040239
Q45425115	6000000075417140871
Q45425116	6000000075406628927
Q45425117	6000000074698818715
Q45425118	6000000074749289867
Q45425119	6000000075414819406
Q45425120	6000000075405874135
Q45425121	6000000075406113164
Q45425122	6000000075417904833
Q45425124	6000000074692204018
Q45425125	6000000075418842901
Q45425126	6000000074733182002
Q45425127	6000000074698397012
Q45425129	6000000074727697889
Q45425130	6000000075406529138
Q45425133	6000000075406679822
Q45425134	6000000074718873821
Q45425137	6000000074710633926
Q45425138	6000000075405952978
Q45425139	6000000075407315863
Q45425140	6000000074784316424
Q45425141	6000000075413213890
Q45425142	6000000075406535867
Q45425143	6000000075414246868
Q45425144	6000000074751014844
Q45425145	6000000075419166836
Q45425147	6000000074784448107
Q45425148	6000000039009193453
Q45425151	6000000075406645932
Q45425152	6000000074748618953
Q45425153	6000000075418351875
Q45425154	6000000075406754984
Q45425155	6000000075408073821
Q45425156	6000000074787569101
Q45425157	6000000075407575935
Q45425158	6000000075416431150
Q45425159	6000000074699729889
Q45425160	6000000075418411073
Q45425161	6000000069853041250
Q45425163	6000000075415777859
Q45425164	6000000075406262929
Q45425165	6000000075406599940
Q45425166	6000000075417585052
Q45425167	6000000074692719870
Q45425168	6000000075419046823
Q45425169	6000000075419379942
Q45425170	6000000075415617829
Q45425172	6000000074727674913
Q45425173	6000000075406746978
Q45425174	6000000074753608879
Q45425176	6000000074691429840
Q45425177	6000000074726319958
Q45425178	6000000075416128975
Q45425182	6000000074784843079
Q45425183	6000000075413429826
Q45425184	6000000075407403826
Q45425185	6000000075406292954
Q45425186	6000000075414114966
Q45425187	6000000074750611204
Q45425188	6000000056074466966
Q45425189	6000000074725120114
Q45425190	6000000074784450109
Q45425191	6000000039009385116
Q45425193	6000000075406647913
Q45425194	6000000074748737889
Q45425195	6000000074701388964
Q45425196	6000000075406816895
Q45425197	6000000075407626105
Q45425200	6000000075406734114
Q45425201	6000000075417134880
Q45425202	6000000074699203382
Q45425203	6000000075406681886
Q45425204	6000000075418710881
Q45425206	6000000075415681922
Q45425207	6000000075406500839
Q45425209	6000000075417745881
Q45425210	6000000074692713844
Q45425211	6000000075419023839
Q45425214	6000000075415329078
Q45425215	6000000075414959246
Q45425216	6000000074752947037
Q45425217	6000000075406606147
Q45425219	6000000075406347994
Q45425220	6000000074712288822
Q45425221	6000000075415456230
Q45425222	6000000074725465733
Q45425224	6000000074784727171
Q45425225	6000000075413429821
Q45425226	6000000075407416835
Q45425227	6000000075406265026
Q45425228	6000000075413909059
Q45425229	6000000074750386275
Q45425230	6000000056073986347
Q45425231	6000000075415364929
Q45425232	6000000075416572863
Q45425234	6000000039009156340
Q45425235	6000000075406820821
Q45425236	6000000074748549999
Q45425237	6000000075406649988
Q45425239	6000000074701401869
Q45425241	6000000074787573085
Q45425242	6000000074785752996
Q45425244	6000000074782571426
Q45425245	6000000075407619884
Q45425246	6000000075406428970
Q45425247	6000000074745547979
Q45425248	6000000075406998892
Q45425249	6000000075415042201
Q45425251	6000000075417857845
Q45425252	6000000074692003083
Q45425253	6000000074701362010
Q45425255	6000000075415226051
Q45425256	6000000075415263083
Q45425258	6000000075406913973
Q45425259	6000000075406454014
Q45425261	6000000075415723107
Q45425262	6000000075416582979
Q45425264	6000000074712019974
Q45425266	6000000075412976112
Q45425267	6000000074785161862
Q45425268	6000000075407147981
Q45425269	6000000075406347965
Q45425270	6000000075414373901
Q45425271	6000000074750468332
Q45425272	6000000056074635836
Q45425273	6000000075415337868
Q45425274	6000000075416040195
Q45425275	6000000039009324330
Q45425276	6000000075406172161
Q45425277	6000000074747635648
Q45425278	6000000075406784992
Q45425280	6000000075407375169
Q45425282	6000000074785848904
Q45425284	6000000074701161190
Q45425285	6000000074782769251
Q45425286	6000000075407799827
Q45425287	6000000075406789825
Q45425288	6000000074745798862
Q45425289	6000000075407037879
Q45425290	6000000075415737863
Q45425292	6000000075417356039
Q45425293	6000000075415536085
Q45425294	6000000074701516866
Q45425295	6000000075414837845
Q45425296	6000000074709534999
Q45425297	6000000074747193992
Q45425298	6000000075406432276
Q45425299	6000000075406496962
Q45425302	6000000075415759118
Q45425303	6000000074726226888
Q45425306	6000000075406496841
Q45425307	6000000075412944141
Q45425308	6000000074712181875
Q45425309	6000000074784900062
Q45425310	6000000075407377825
Q45425311	6000000075406533841
Q45425313	6000000074750392270
Q45425314	6000000056074487986
Q45425316	6000000075414988984
Q45425317	6000000075416549875
Q45425318	6000000075419151902
Q45425320	6000000075418696980
Q45425321	6000000075406834821
Q45425322	6000000075406986821
Q45425325	6000000074785774977
Q45425329	6000000074783166941
Q45425330	6000000075407665906
Q45425331	6000000074745371974
Q45425332	6000000075406730894
Q45425333	6000000074701255022
Q45425334	6000000075415531048
Q45425335	6000000075407054876
Q45425336	6000000075417616012
Q45425337	6000000075415682025
Q45425339	6000000075418822946
Q45425340	6000000075414687899
Q45425341	6000000074709842838
Q45425342	6000000074687211281
Q45425343	6000000075407071880
Q45425344	6000000075406599857
Q45425346	6000000074705396165
Q45425347	6000000074725627488
Q45425349	6000000075413103931
Q45425350	6000000075415926109
Q45425351	6000000075407027989
Q45425353	6000000075419320918
Q45425354	6000000075414397856
Q45425355	6000000074750392274
Q45425356	6000000075406453926
Q45425357	6000000074783980971
Q45425359	6000000075415334912
Q45425360	6000000075418914000
Q45425361	6000000074784793906
Q45425363	6000000075418878846
Q45425364	6000000075406528959
Q45425366	6000000075416861921
Q45425370	6000000074783290834
Q45425371	6000000075407787833
Q45425372	6000000074728266836
Q45425373	6000000075405772301
Q45425374	6000000075415826862
Q45425375	6000000075417468106
Q45425376	6000000074700562551
Q45425377	6000000075414893414
Q45425378	6000000075406696877
Q45425379	6000000075418876951
Q45425381	6000000074709833839
Q45425382	6000000074687435205
Q45425384	6000000075406252069
Q45425386	6000000074705629983
Q45425387	6000000074725614484
Q45425388	6000000075407161847
Q45425390	6000000075413017959
Q45425391	6000000075416273822
Q45425392	6000000075407451833
Q45425393	6000000074751031958
Q45425394	6000000074784280821
Q45425394	6000000075489992030
Q45425395	6000000075413890133
Q45425396	6000000075417318874
Q45425398	6000000075418968973
Q45425399	6000000075405925070
Q45425400	6000000075415401881
Q45425401	6000000074690717152
Q45425402	6000000074706981835
Q45425403	6000000074758942045
Q45425404	6000000075406486037
Q45425406	6000000075406738908
Q45425407	6000000075417179846
Q45425410	6000000075407782002
Q45425412	6000000075419367841
Q45425415	6000000074718900042
Q45425416	6000000075406400028
Q45425417	6000000075415451026
Q45425418	6000000074702881821
Q45425419	6000000075415923874
Q45425420	6000000074785935878
Q45425421	6000000075406704886
Q45425422	6000000074748156821
Q45425424	6000000074709879821
Q45425425	6000000075415480903
Q45425426	6000000075406571888
Q45425428	6000000074705810821
Q45425429	6000000075416710923
Q45425430	6000000075407059929
Q45425432	6000000075413273863
Q45425434	6000000074769042926
Q45425435	6000000075407045976
Q45425436	6000000074751094941
Q45425437	6000000075419414878
Q45425438	6000000075414284925
Q45425439	6000000075417332864
Q45425440	6000000075419002897
Q45425441	6000000075406425837
Q45425442	6000000075415417844
Q45425443	6000000074690007478
Q45425444	6000000075418832869
Q45425445	6000000074706660123
Q45425446	6000000075406659954
Q45425447	6000000075406209301
Q45425449	6000000075416653082
Q45425454	6000000075419421839
Q45425457	6000000074718669213
Q45425458	6000000075406805825
Q45425459	6000000074785287935
Q45425460	6000000074771734883
Q45425462	6000000074785820965
Q45425463	6000000075406769826
Q45425464	6000000075419056822
Q45425466	6000000074709760903
Q45425468	6000000074736044919
Q45425471	6000000075416275887
Q45425472	6000000074748749215
Q45425473	6000000075578025847
Q45425474	6000000075412957074
Q45425475	6000000075414536055
Q45425476	6000000074769073998
Q45425477	6000000075406560357
Q45425478	6000000075406477862
Q45425479	6000000074685010851
Q45425480	6000000075414057024
Q45425482	6000000075417389822
Q45425483	6000000074685503881
Q45425484	6000000075406202916
Q45425485	6000000075414679229
Q45425486	6000000074691100108
Q45425487	6000000074711552909
Q45425488	6000000075416565872
Q45425489	6000000075406785885
Q45425490	6000000075406784997
Q45425491	6000000075416847968
Q45425493	6000000075419203925
Q45425494	6000000075408010883
Q45425496	6000000075405757193
Q45425497	6000000074718923008
Q45425498	6000000075406806824
Q45425501	6000000074785495821
Q45425502	6000000074771669881
Q45425506	6000000075418885888
Q45425507	6000000074709884821
Q45425510	6000000074735926923
Q45425511	6000000074705210822
Q45425513	6000000075416190954
Q45425514	6000000075416744878
Q45425515	6000000075577774961
Q45425516	6000000075413433828
Q45425517	6000000075416215872
Q45425518	6000000075407371876
Q45425521	6000000075406400936
Q45425522	6000000075419342937
Q45425523	6000000075413585296
Q45425524	6000000074738654883
Q45425525	6000000074725834044
Q45425526	6000000075414392751
Q45425528	6000000075419286842
Q45425529	6000000075417821229
Q45425530	6000000075416539914
Q45425531	6000000075405453552
Q45425532	6000000074726438769
Q45425534	6000000075417136888
Q45425535	6000000074783211094
Q45425536	6000000075408079828
Q45425537	6000000016697809789
Q45425540	6000000074719024909
Q45425541	6000000075406706881
Q45425543	6000000074785357933
Q45425544	6000000074771817835
Q45425547	6000000075419075822
Q45425548	6000000074709740890
Q45425551	6000000075415769822
Q45425552	6000000074705012972
Q45425554	6000000075415873967
Q45425556	6000000075416755883
Q45425558	6000000075413337852
Q45425559	6000000075415524184
Q45425560	6000000075406817123
Q45425561	6000000074701614873
Q45425562	6000000075405537318
Q45425563	6000000074705599899
Q45425564	6000000074737776225
Q45425565	6000000075414602822
Q45425566	6000000074725977869
Q45425568	6000000075414916128
Q45425569	6000000075419165936
Q45425570	6000000074381919846
Q45425571	6000000075416377914
Q45425572	6000000074727412850
Q45425573	6000000075406768879
Q45425574	6000000075417150888
Q45425576	6000000075408035898
Q45425577	6000000074783799074
Q45425578	6000000074718849029
Q45425579	6000000074787711937
Q45425581	6000000075417708922
Q45425582	6000000074785229053
Q45425585	6000000075418849963
Q45425586	6000000075407586916
Q45425588	6000000074709737890
Q45425590	6000000075405982322
Q45425591	6000000075414819316
Q45425592	6000000074704816151
Q45425594	6000000075416365874
Q45425596	6000000074784691948
Q45425598	6000000075412305215
Q45425599	6000000075416035941
Q45425600	6000000075406838155
Q45425601	6000000075405802036
Q45425602	6000000074705607876
Q45425604	6000000074701272114
Q45425605	6000000075417275883
Q45425606	6000000075414577847
Q45425607	6000000074725576365
Q45425609	6000000074759393966
Q45425610	6000000074382009827
Q45425611	6000000074684799159
Q45425612	6000000075416550859
Q45425613	6000000074727305965
Q45425614	6000000075406163087
Q45425615	6000000075416838051
Q45425617	6000000075419396869
Q45425619	6000000075407782019
Q45425620	6000000075418539943
Q45425623	6000000075416976315
Q45425624	6000000075415709882
Q45425625	6000000060737071825
Q45425627	6000000074752839897
Q45425630	6000000074709768905
Q45425634	6000000075415716856
Q45425635	6000000075416266904
Q45425638	6000000074705208828
Q45425639	6000000074784766881
Q45425642	6000000075415725197
Q45425643	6000000075406877159
Q45425644	6000000075413186942
Q45425645	6000000075406395934
Q45425646	6000000074705461000
Q45425647	6000000075416914068
Q45425648	6000000074701399991
Q45425650	6000000074725716094
Q45425652	6000000074759472848
Q45425653	6000000075418696987
Q45425654	6000000074684241774
Q45425655	6000000075414615832
Q45425656	6000000075416334014
Q45425657	6000000074727047199
Q45425658	6000000075406822849
Q45425659	6000000075417182863
Q45425660	6000000075417964553
Q45425661	6000000074728054998
Q45425665	6000000075417759933
Q45425668	6000000075415535033
Q45425670	6000000075415808968
Q45425672	6000000075418859866
Q45425675	6000000075414869226
Q45425679	6000000075415778831
Q45425680	6000000075415871996
Q45425682	6000000074704554197
Q45425683	6000000074784839852
Q45425686	6000000075414960297
Q45425687	6000000075413163995
Q45425688	6000000074745194010
Q45425689	6000000075407038007
Q45425690	6000000075419530835
Q45425691	6000000075416593254
Q45425692	6000000074700753599
Q45425693	6000000075418662053
Q45425695	6000000074783190596
Q45425697	6000000075418849855
Q45425699	6000000075414103159
Q45425700	6000000075416561877
Q45425701	6000000075417080913
Q45425702	6000000075405934241
Q45425703	6000000074726996287
Q45425704	6000000074728206890
Q45425705	6000000075577561099
Q45425706	6000000074710495138
Q45425709	6000000074784509987
Q45425711	6000000075415590944
Q45425712	6000000075416006849
Q45425714	6000000074690666864
Q45425715	6000000075417477270
Q45425718	6000000075415621838
Q45425719	6000000075415450963
Q45425720	6000000074705710882
Q45425722	6000000074705087941
Q45425724	6000000075416867855
Q45425728	6000000074690705824
Q45425729	6000000074745652840
Q45425731	6000000075419541823
Q45425732	6000000074771432842
Q45425733	6000000075407327874
Q45425734	6000000075419185879
Q45425736	6000000074701208172
Q45425737	6000000074784227846
Q45425738	6000000075418830881
Q45425739	6000000074684891022
Q45425740	6000000075414441903
Q45425741	6000000074784590969
Q45425742	6000000075416400921
Q45425744	6000000075406800840
Q45425745	6000000074727211976
Q45425746	6000000074728114001
Q45425747	6000000075577723025
Q45425748	6000000074710914919
Q45425749	6000000075405917156
Q45425750	6000000075407815023
Q45425752	6000000075415757889
Q45425753	6000000074784733849
Q45425754	6000000075415683915
Q45425755	6000000074690482958
Q45425756	6000000075418141965
Q45425759	6000000075415278096
Q45425760	6000000075415282031
Q45425761	6000000074703606987
Q45425763	6000000075405898166
Q45425764	6000000075416828839
Q45425765	6000000075406301828
Q45425766	6000000075406085177
Q45425769	6000000074690298063
Q45425770	6000000075405924186
Q45425771	6000000074710282077
Q45425772	6000000074770772007
Q45425773	6000000075407364856
Q45425774	6000000075419174861
Q45425777	6000000075419327825
Q45425778	6000000074701644831
Q45425779	6000000074736654087
Q45425780	6000000074684795181
Q45425781	6000000075414386943
Q45425782	6000000075417081925
Q45425783	6000000075416546875
Q45425785	6000000075406598022
Q45425787	6000000074728228863
Q45425789	6000000074711026874
Q45425790	6000000075406444897
Q45425791	6000000075411899057
Q45425793	6000000075415764941
Q45425794	6000000075415722945
Q45425795	6000000074690615845
Q45425796	6000000074784402079
Q45425797	6000000075418204912
Q45425800	6000000074749032837
Q45425801	6000000074703123408
Q45425802	6000000075407096838
Q45425803	6000000075406513927
Q45425804	6000000074701610973
Q45425805	6000000075415967261
Q45425808	6000000074690312024
Q45425809	6000000075406544871
Q45425810	6000000074710483911
Q45425811	6000000074771433864
Q45425813	6000000075407444821
Q45425814	6000000075418720133
Q45425817	6000000075490319867
Q45425818	6000000074737548917
Q45425819	6000000075407181835
Q45425820	6000000075415508834
Q45425821	6000000074700949425
Q45425822	6000000075414451930
Q45425823	6000000074784808828
Q45425825	6000000075416451966
Q45425828	6000000075406753892
Q45425829	6000000074726851288
Q45425830	6000000075418470999
Q45425831	6000000075577802926
Q45425832	6000000074710001240
Q45425833	6000000075406528833
Q45425835	6000000075414943271
Q45425836	6000000075415920876
Q45425837	6000000074690716834
Q45425838	6000000074352688241
Q45425842	6000000074703781827
Q45425843	6000000075407347974
Q45425845	6000000074749028878
Q45425846	6000000075406635888
Q45425847	6000000074784940201
Q45425848	6000000075416556007
Q45425850	6000000074690438940
Q45425851	6000000075406619822
Q45425852	6000000074710311000
Q45425853	6000000074771465822
Q45425855	6000000075405645169
Q45425856	6000000075407515821
Q45425857	6000000075419239836
Q45425860	6000000075419142921
Q45425861	6000000074737704825
Q45425862	6000000075413440833
Q45425863	6000000075406853007
Q45425864	6000000075415192937
Q45425865	6000000075414390857
Q45425866	6000000075414253062
Q45425867	6000000075417116943
Q45425868	6000000075416423968
Q45425869	6000000075406646973
Q45425872	6000000074710907908
Q45425873	6000000075418690881
Q45425875	6000000075411917163
Q45425876	6000000075415285071
Q45425877	6000000075415910901
Q45425878	6000000075050416865
Q45425879	6000000074353130839
Q45425882	6000000075416206923
Q45425883	6000000075417497050
Q45425885	6000000075406607891
Q45425886	6000000074785247938
Q45425887	6000000074749044840
Q45425888	6000000075416404095
Q45425890	6000000075577857893
Q45425891	6000000075416189877
Q45425892	6000000075406571853
Q45425894	6000000074710533863
Q45425895	6000000075417241910
Q45425896	6000000075406798166
Q45425898	6000000075406337876
Q45425899	6000000074784059886
Q45425901	6000000075418667967
Q45425902	6000000075407050907
Q45425904	6000000075413657352
Q45425905	6000000074746052194
Q45425906	6000000075417241824
Q45425907	6000000075414392107
Q45425908	6000000075416594876
Q45425909	6000000075405772339
Q45425912	6000000075419256926
Q45425913	6000000075418464985
Q45425915	6000000074786313893
Q45425916	6000000075415575970
Q45425917	6000000075415550111
Q45425918	6000000075050472835
Q45425919	6000000075417496296
Q45425920	6000000075504665417
Q45425923	6000000074736337388
Q45425924	6000000075417737939
Q45425926	6000000075406478933
Q45425927	6000000074785215996
Q45425928	6000000075416898848
Q45425931	6000000074748993857
Q45425932	6000000075416240865
Q45425933	6000000075406444954
Q45425935	6000000074709223428
Q45425936	6000000075417200970
Q45425937	6000000075407119046
Q45425940	6000000074784064935
Q45425942	6000000074784721269
Q45425943	6000000075407005985
Q45425944	6000000075413275982
Q45425945	6000000075414259883
Q45425946	6000000074782362637
Q45425947	6000000075417064860
Q45425948	6000000075414156176
Q45425949	6000000075416746822
Q45425950	6000000075406802846
Q45425952	6000000075419248945
Q45425953	6000000074692038028
Q45425954	6000000075415359125
Q45425955	6000000074725755196
Q45425956	6000000075050379869
Q45425957	6000000075418396833
Q45425958	6000000075505618854
Q45425959	6000000075412341852
Q45425961	6000000074737261883
Q45425962	6000000074698977944
Q45425965	6000000075406506921
Q45425966	6000000074785377839
Q45425967	6000000075416778864
Q45425969	6000000075415940997
Q45425971	6000000075406343966
Q45425973	6000000075415747835
Q45425974	6000000074710408984
Q45425975	6000000075417316855
Q45425977	6000000075407342917
Q45425980	6000000075419149900
Q45425982	6000000074757203832
Q45425983	6000000075407201822
Q45425984	6000000075414451843
Q45425985	6000000074782566604
Q45425986	6000000075417130875
Q45425987	6000000075414870841
Q45425988	6000000075416749822
Q45425991	6000000075419275964
Q45425992	6000000075406044174
Q45425993	6000000074692202961
Q45425994	6000000074750386345
Q45425996	6000000074726057955
Q45425997	6000000075418340884
Q45425998	6000000075050202990
Q45426002	6000000074737044875
Q45426005	6000000074699097956
Q45426006	6000000075504933240
Q45426008	6000000074748732085
Q45426009	6000000074700286807
Q45426010	6000000075411907158
Q45426012	6000000075416875847
Q45426014	6000000074724775572
Q45426015	6000000075061539921
Q45426016	6000000074710670823
Q45426017	6000000075417183926
Q45426018	6000000074711371052
Q45426019	6000000075406217916
Q45426020	6000000075407193940
Q45426021	6000000074700612494
Q45426022	6000000075418900971
Q45426024	6000000074757021922
Q45426025	6000000074746861070
Q45426026	6000000075406298255
Q45426027	6000000075416637044
Q45426029	6000000074782846307
Q45426030	6000000075414917822
Q45426031	6000000074716989117
Q45426034	6000000043383617922
Q45426035	6000000075406302964
Q45426036	6000000074728241856
Q45426038	6000000074750211475
Q45426039	6000000075415493094
Q45426040	6000000075572665611
Q45426042	6000000075417301578
Q45426044	6000000075415584244
Q45426047	6000000075417241206
Q45426048	6000000075505185958
Q45426050	6000000074701405864
Q45426051	6000000075411142156
Q45426052	6000000074748328340
Q45426054	6000000075416346895
Q45426055	6000000074725828118
Q45426056	6000000075061876822
Q45426057	6000000075419431874
Q45426058	6000000075417266922
Q45426059	6000000075406401822
Q45426060	6000000074710812351
Q45426061	6000000075418756093
Q45426062	6000000075419096955
Q45426063	6000000075407356903
Q45426065	6000000074756901985
Q45426066	6000000075407177846
Q45426067	6000000075325173861
Q45426070	6000000075415376933
Q45426072	6000000074687955965
Q45426074	6000000075416666845
Q45426077	6000000043383358915
Q45426079	6000000074727892172
Q45426080	6000000075415564936
Q45426081	6000000075415622991
Q45426082	6000000075418045980
Q45426083	6000000075418852946
Q45426085	6000000075416443822
Q45426087	6000000075413399862
Q45426088	6000000075417904888
Q45426092	6000000075411980041
Q45426093	6000000074701121043
Q45426096	6000000075416703958
Q45426097	6000000074748655141
Q45426098	6000000074726055833
Q45426099	6000000074758154319
Q45426100	6000000075415071253
Q45426101	6000000075417115988
Q45426102	6000000075419013025
Q45426103	6000000074768405950
Q45426104	6000000075419224872
Q45426105	6000000075407064033
Q45426107	6000000075418614940
Q45426108	6000000075406167896
Q45426109	6000000075406744154
Q45426111	6000000074705173860
Q45426112	6000000075414832221
Q45426113	6000000074687792128
Q45426114	6000000075413585379
Q45426116	6000000074771715825
Q45426118	6000000075418997079
Q45426119	6000000074728104943
Q45426120	6000000074784827343
Q45426121	6000000075415810988
Q45426122	6000000075417925072
Q45426123	6000000075419075843
Q45426125	6000000075416288885
Q45426126	6000000075406368903
Q45426128	6000000075413303927
Q45426129	6000000074309898052
Q45426130	6000000075504898325
Q45426132	6000000075411777170
Q45426133	6000000074701294962
Q45426136	6000000074726077104
Q45426137	6000000074758852858
Q45426138	6000000074701405002
Q45426139	6000000074748871006
Q45426141	6000000074737170829
Q45426142	6000000075419134879
Q45426143	6000000074684534277
Q45426144	6000000074768637839
Q45426145	6000000075407131005
Q45426147	6000000074697200473
Q45426149	6000000075406952920
Q45426151	6000000074704671206
Q45426152	6000000075415054070
Q45426153	6000000074705423900
Q45426154	6000000075414492878
Q45426155	6000000075406714978
Q45426156	6000000074771413998
Q45426157	6000000075406441081
Q45426159	6000000075419065005
Q45426160	6000000074727865165
Q45426161	6000000074785217015
Q45426162	6000000074785051047
Q45426163	6000000075418483823
Q45426165	6000000074710391828
Q45426167	6000000074737279910
Q45426170	6000000075413017074
Q45426171	6000000075505579886
Q45426172	6000000074716161257
Q45426174	6000000074733066878
Q45426177	6000000074725613619
Q45426178	6000000075419213015
Q45426181	6000000075415788827
Q45426182	6000000075417275916
Q45426183	6000000075418975008
Q45426184	6000000074785378857
Q45426185	6000000075419134971
Q45426186	6000000075406224436
Q45426187	6000000074785161892
Q45426191	6000000075418309087
Q45426193	6000000075407191833
Q45426194	6000000074691182947
Q45426195	6000000075414959136
Q45426196	6000000074705182001
Q45426197	6000000075407590847
Q45426198	6000000075414503901
Q45426199	6000000075406671946
Q45426200	6000000074771588904
Q45426202	6000000075419454822
Q45426203	6000000075418766854
Q45426204	6000000074785252034
Q45426206	6000000074785441821
Q45426208	6000000074709973057
Q45426209	6000000074736950922
Q45426211	6000000075413406858
Q45426212	6000000075505473958
Q45426213	6000000074717454836
Q45426215	6000000075406682832
Q45426218	6000000074733045879
Q45426219	6000000074726366885
Q45426220	6000000075419234975
Q45426221	6000000075415719845
Q45426223	6000000075416920876
Q45426224	6000000074684636708
Q45426225	6000000074784505936
Q45426226	6000000075419291854
Q45426227	6000000075407364876
Q45426228	6000000074785020928
Q45426232	6000000075418900861
Q45426233	6000000075405846134
Q45426234	6000000075407015896
Q45426235	6000000074691468828
Q45426236	6000000074705484821
Q45426237	6000000074701561899
Q45426238	6000000075407403941
Q45426239	6000000075414105068
Q45426242	6000000074771625854
Q45426243	6000000074701619854
Q45426244	6000000075418793828
Q45426246	6000000075415805873
Q45426248	6000000075418174214
Q45426249	6000000060133951207
Q45426250	6000000075406468877
Q45426251	6000000074736104033
Q45426252	6000000075412346428
Q45426255	6000000074717382913
Q45426257	6000000075406445945
Q45426258	6000000074699493958
Q45426260	6000000074725988193
Q45426261	6000000075419270009
Q45426262	6000000074732615127
Q45426263	6000000074728335854
Q45426264	6000000075325902948
Q45426265	6000000074684900428
Q45426266	6000000074784468041
Q45426267	6000000074784166901
Q45426269	6000000074784900086
Q45426272	6000000074756921883
Q45426273	6000000075407059965
Q45426274	6000000075417189877
Q45426275	6000000074704868228
Q45426276	6000000075406914186
Q45426277	6000000075414609863
Q45426278	6000000074704923020
Q45426280	6000000075405885098
Q45426281	6000000075416368012
Q45426283	6000000074701599971
Q45426284	6000000074691799167
Q45426287	6000000075415581945
Q45426288	6000000074725613651
Q45426290	6000000075418558081
Q45426291	6000000060134807984
Q45426292	6000000075406385872
Q45426294	6000000074736979990
Q45426295	6000000075413346896
Q45426297	6000000074717435878
Q45426300	6000000074699563909
Q45426301	6000000075406669863
Q45426303	6000000074726010184
Q45426304	6000000075419194038
Q45426305	6000000074727687398
Q45426306	6000000075325634169
Q45426307	6000000074685220108
Q45426308	6000000074784640827
Q45426310	6000000074784113892
Q45426311	6000000074691853821
Q45426313	6000000075418411124
Q45426314	6000000075411170485
Q45426315	6000000075406409273
Q45426317	6000000074784707912
Q45426318	6000000075414579971
Q45426319	6000000075407570889
Q45426320	6000000075414312059
Q45426321	6000000074705162891
Q45426323	6000000075416717853
Q45426324	6000000074701157331
Q45426326	6000000074692512834
Q45426329	6000000075415604969
Q45426330	6000000074726361860
Q45426332	6000000075414832551
Q45426336	6000000075416258953
Q45426338	6000000075413142009
Q45426340	6000000074716122134
Q45426343	6000000074699092292
Q45426344	6000000075406528928
Q45426346	6000000075406400946
Q45426348	6000000074728261866
Q45426349	6000000074757815042
Q45426350	6000000075325914974
Q45426351	6000000075418508194
Q45426353	6000000074784201864
Q45426354	6000000074691190071
Q45426356	6000000075418950822
Q45426358	6000000075407120874
Q45426360	6000000074784723935
Q45426361	6000000075414637949
Q45426363	6000000075414566866
Q45426364	6000000074704427490
Q45426366	6000000075415725422
Q45426368	6000000075418823847
Q45426369	6000000075415631949
Q45426370	6000000074701553051
Q45426372	6000000075415446147
Q45426375	6000000075416396854
Q45426377	6000000075412972069
Q45426379	6000000074717316929
Q45426382	6000000075407778849
Q45426383	6000000074699241173
Q45426384	6000000075406412933
Q45426386	6000000074698976834
Q45426387	6000000074728224890
Q45426389	6000000074701316119
Q45426390	6000000075326005862
Q45426391	6000000074725394904
Q45426393	6000000074784108914
Q45426394	6000000074784830222
Q45426395	6000000074748874288
Q45426397	6000000075407119907
Q45426398	6000000074784602952
Q45426400	6000000074685216901
Q45426401	6000000075405734186
Q45426403	6000000075414321047
Q45426404	6000000074705056981
Q45426408	6000000075418739896
Q45426411	6000000075414976311
Q45426413	6000000074701233244
Q45426414	6000000060134078055
Q45426415	6000000075418174219
Q45426418	6000000075416200963
Q45426419	6000000075413346925
Q45426422	6000000075060144073
Q45426425	6000000074787067074
Q45426426	6000000039000836801
Q45426427	6000000075407529969
Q45426428	6000000074698921934
Q45426431	6000000074728197935
Q45426433	6000000075417126051
Q45426434	6000000074725316912
Q45426435	6000000074700873541
Q45426436	6000000074784100944
Q45426438	6000000074785332838
Q45426439	6000000074749493900
Q45426441	6000000075407154879
Q45426442	6000000074684656527
Q45426443	6000000075416807016
Q45426444	6000000075406048000
Q45426446	6000000075414656828
Q45426447	6000000075415164994
Q45426451	6000000074691979054
Q45426452	6000000074727590938
Q45426454	6000000074701672885
Q45426455	6000000060134662088
Q45426457	6000000075419113823
Q45426459	6000000075416372858
Q45426460	6000000075413455950
Q45426462	6000000075060459947
Q45426465	6000000074787337825
Q45426467	6000000039001053601
Q45426469	6000000075405640020
Q45426471	6000000075406189142
Q45426472	6000000074771402836
Q45426473	6000000074703802995
Q45426473	6000000075489962067
Q45426474	6000000074750206668
Q45426475	6000000074725211100
Q45426476	6000000075419296862
Q45426478	6000000074701633824
Q45426479	6000000074784947111
Q45426480	6000000075418427126
Q45426482	6000000074684794325
Q45426483	6000000074784627007
Q45426484	6000000075406357936
Q45426485	6000000075406853040
Q45426486	6000000075414457928
Q45426487	6000000075415367990
Q45426489	6000000075416541932
Q45426490	6000000074691915158
Q45426492	6000000074727596952
Q45426493	6000000075417580177
Q45426494	6000000075415719049
Q45426498	6000000075419072861
Q45426499	6000000075412123093
Q454265	6000000006778943533
Q45426500	6000000074753775893
Q45426501	6000000075413437003
Q45426502	6000000075060561938
Q45426506	6000000075416813897
Q45426507	6000000075406378939
Q45426510	6000000074734556288
Q45426514	6000000074771424840
Q45426515	6000000074712227874
Q45426516	6000000075417159990
Q45426517	6000000074725233065
Q45426518	6000000075418995982
Q45426519	6000000075407134020
Q45426520	6000000075416256839
Q45426521	6000000075418808898
Q45426522	6000000074718146237
Q45426524	6000000074705113281
Q45426525	6000000074784796859
Q45426526	6000000075406403889
Q45426528	6000000075406979971
Q45426529	6000000075414703823
Q45426530	6000000075415194012
Q45426531	6000000074753448926
Q45426532	6000000075416769822
Q45426533	6000000074745462001
Q45426535	6000000075418196987
Q45426536	6000000074751597930
Q45426537	6000000075416057825
Q45426541	6000000075419009865
Q45426542	6000000074753847860
Q45426543	6000000075413255055
Q45426544	6000000075412079947
Q45426545	6000000075060477914
Q45426547	6000000075416905854
Q45426549	6000000075406201078
Q45426556	6000000074369015828
Q45426557	6000000074711307260
Q45426558	6000000074724871485
Q45426559	6000000074771685847
Q45426560	6000000075418975111
Q45426561	6000000075407387946
Q45426562	6000000074704928148
Q45426563	6000000074702611764
Q45426565	6000000075415411942
Q45426566	6000000074705057171
Q45426567	6000000074784732892
Q45426568	6000000075406937023
Q45426569	6000000075406379928
Q45426570	6000000074753587829
Q45426571	6000000074705007005
Q45426574	6000000074725312077
Q45426575	6000000075418307947
Q45426576	6000000075407131147
Q45426577	6000000074751716863
Q45426578	6000000075415536104
Q45426579	6000000075406311901
Q45426580	6000000075419041876
Q45426581	6000000074753873844
Q45426582	6000000075413565854
Q45426583	6000000075419124997
Q45426584	6000000075412119015
Q45426586	6000000075060318042
Q45426588	6000000074728019821
Q45426596	6000000074368413231
Q45426597	6000000074692228028
Q45426598	6000000075418276320
Q45426599	6000000074771672873
Q45426600	6000000074700949301
Q45426601	6000000075406744321
Q45426602	6000000074704841087
Q45426604	6000000074703381053
Q45426605	6000000075406015501
Q45426607	6000000074705488957
Q45426608	6000000074784485127
Q45426609	6000000075415527890
Q45426610	6000000075407166837
Q45426612	6000000074753275139
Q45426613	6000000074705040005
Q45426614	6000000075414363963
Q45426615	6000000075415825363
Q45426616	6000000074725392927
Q45426617	6000000043383617856
Q45426619	6000000074717873449
Q45426620	6000000074701768821
Q45426621	6000000075405825155
Q45426622	6000000075419133822
Q45426623	6000000075416262900
Q45426624	6000000075413517953
Q45426625	6000000074784059869
Q45426626	6000000075412369869
Q45426627	6000000075418014822
Q45426629	6000000074727296328
Q45426632	6000000074784813852
Q45426634	6000000075405187406
Q45426636	6000000075405977260
Q45426637	6000000075415805822
Q45426638	6000000074692019043
Q45426639	6000000074746553380
Q45426640	6000000074771687865
Q45426642	6000000074701330920
Q45426643	6000000075406915145
Q45426644	6000000074758594984
Q45426646	6000000075418437121
Q45426649	6000000075416333262
Q45426650	6000000075406881074
Q45426651	6000000075415603874
Q45426652	6000000074753395941
Q45426653	6000000075406166954
Q45426654	6000000074704849150
Q45426655	6000000075414646876
Q45426657	6000000074701066147
Q45426658	6000000075418690889
Q45426659	6000000043384089841
Q45426660	6000000074719041922
Q45426661	6000000074748167593
Q45426665	6000000075416430845
Q45426666	6000000075413539863
Q45426668	6000000075411468135
Q45426669	6000000075417872886
Q45426671	6000000074727915883
Q45426673	6000000075406070124
Q45426677	6000000075405825337
Q45426679	6000000075414895294
Q45426680	6000000074746911101
Q45426681	6000000075419207949
Q45426682	6000000074771726854
Q45426683	6000000074700769459
Q45426684	6000000075407313961
Q45426686	6000000074726122117
Q45426687	6000000074758563008
Q45426688	6000000075414845878
Q45426689	6000000075417048878
Q45426690	6000000075406591139
Q45426691	6000000075406738188
Q45426693	6000000075415603879
Q45426694	6000000075406137984
Q45426695	6000000074701344078
Q45426696	6000000075413738305
Q45426697	6000000074701333037
Q45426698	6000000074749361821
Q45426699	6000000075418260952
Q45426700	6000000074718912983
Q45426701	6000000075414817544
Q45426702	6000000075407255010
Q45426704	6000000075418321978
Q45426705	6000000075413296109
Q45426706	6000000075416377847
Q45426707	6000000075411627270
Q45426709	6000000075417444099
Q45426711	6000000075416870919
Q45426713	6000000074784418174
Q45426718	6000000075406303135
Q45426719	6000000075415017308
Q45426721	6000000075406782823
Q45426722	6000000075418756100
Q45426723	6000000075417580624
Q45426724	6000000074770019425
Q45426725	6000000074701356928
Q45426726	6000000075407279977
Q45426728	6000000074758850881
Q45426730	6000000074725671597
Q45426731	6000000074704481333
Q45426732	6000000075416333267
Q45426734	6000000075406415856
Q45426736	6000000075414734824
Q45426737	6000000075415302956
Q45426738	6000000075406995967
Q45426739	6000000075416428088
Q45426740	6000000074749248909
Q45426741	6000000075418360906
Q45426742	6000000074701280155
Q45426743	6000000075416015885
Q45426744	6000000074719076863
Q45426745	6000000075407471948
Q45426747	6000000075419114838
Q45426748	6000000075412265532
Q45426749	6000000074701571938
Q45426752	6000000074698782952
Q45426753	6000000075411935208
Q45426754	6000000075416877851
Q45426756	6000000074784778877
Q45426759	6000000074745463983
Q45426760	6000000075406872821
Q45426761	6000000074727473038
Q45426763	6000000075418807054
Q45426765	6000000075419483866
Q45426766	6000000074771379988
Q45426767	6000000075419208977
Q45426768	6000000075407459851
Q45426769	6000000075416155905
Q45426771	6000000074727880924
Q45426772	6000000074747544989
Q45426773	6000000074726336859
Q45426774	6000000075406324906
Q45426776	6000000075414203102
Q45426778	6000000075325980908
Q45426779	6000000074749587836
Q45426780	6000000074749160962
Q45426781	6000000075418405881
Q45426782	6000000075415465113
Q45426783	6000000075407114940
Q45426786	6000000074701542914
Q45426787	6000000075415377166
Q45426789	6000000075419086825
Q45426790	6000000075413343038
Q45426791	6000000074701709840
Q45426794	6000000074705876963
Q45426795	6000000075412487834
Q45426797	6000000074759242822
Q45426798	6000000074784787906
Q45426801	6000000074768238090
Q45426802	6000000075406097175
Q45426803	6000000074727637875
Q45426804	6000000075418998942
Q45426806	6000000075419341994
Q45426807	6000000074785033825
Q45426808	6000000038074790015
Q45426809	6000000075407523822
Q45426811	6000000075416028913
Q45426812	6000000074727716968
Q45426813	6000000074747559009
Q45426817	6000000075414696833
Q45426818	6000000075418944825
Q45426820	6000000075325610176
Q45426821	6000000074749529905
Q45426822	6000000074749011096
Q45426824	6000000075417263517
Q45426825	6000000074692018990
Q45426827	6000000075407025883
Q45426828	6000000074701568900
Q45426830	6000000075415707898
Q45426832	6000000075418793003
Q45426833	6000000075412584291
Q45426835	6000000075416165959
Q45426837	6000000074706030879
Q45426838	6000000075412284917
Q45426840	6000000074759067009
Q45426841	6000000075406727836
Q45426843	6000000074768392962
Q45426844	6000000074770452899
Q45426845	6000000075406571985
Q45426846	6000000074718176371
Q45426847	6000000075419029934
Q45426848	6000000075419466884
Q45426849	6000000075419176937
Q45426850	6000000074784418318
Q45426851	6000000075407315916
Q45426853	6000000074725251832
Q45426854	6000000074727510214
Q45426856	6000000074747098223
Q45426860	6000000075413276671
Q45426861	6000000075326055869
Q45426862	6000000074749402971
Q45426863	6000000074748847257
Q45426864	6000000074784113906
Q45426868	6000000074691558196
Q45426869	6000000075405772201
Q45426870	6000000075406846015
Q45426872	6000000074718234270
Q45426873	6000000074737649823
Q45426875	6000000075419145822
Q45426876	6000000075413465953
Q45426878	6000000075416393868
Q45426880	6000000075417231210
Q45426881	6000000075411170497
Q45426882	6000000074784767865
Q45426883	6000000075885334076
Q45426886	6000000075406573874
Q45426887	6000000075405977265
Q45426889	6000000074718925037
Q45426890	6000000075419281822
Q45426891	6000000075419446853
Q45426892	6000000075419203889
Q45426894	6000000074784933895
Q45426895	6000000075407240928
Q45426897	6000000074724512731
Q45426898	6000000074727020530
Q45426899	6000000075417087919
Q45426903	6000000075414707832
Q45426904	6000000075325903968
Q45426905	6000000074749500903
Q45426906	6000000074749204920
Q45426907	6000000074783396491
Q45426909	6000000075418483845
Q45426910	6000000074692015951
Q45426913	6000000075415432014
Q45426914	6000000074737173926
Q45426917	6000000075413173107
Q45426918	6000000074698850165
Q45426920	6000000074690700009
Q45426924	6000000074691797069
Q45426925	6000000075884810508
Q45426928	6000000075406591868
Q45426929	6000000075406287182
Q45426931	6000000075418979968
Q45426932	6000000075415021232
Q45426933	6000000074784819921
Q45426934	6000000046864701158
Q45426935	6000000075407362897
Q45426937	6000000075416822158
Q45426938	6000000074725177905
Q45426939	6000000075414646009
Q45426940	6000000074718063940
Q45426943	6000000075414671839
Q45426944	6000000075325924928
Q45426945	6000000075416400978
Q45426947	6000000074705663856
Q45426948	6000000075418573958
Q45426952	6000000075415986877
Q45426954	6000000016707238756
Q45426956	6000000075415861876
Q45426957	6000000074737510857
Q45426959	6000000075413465947
Q45426961	6000000074688257186
Q45426963	6000000074690788867
Q45426965	6000000075412467835
Q45426966	6000000075378779822
Q45426967	6000000075416656032
Q45426968	6000000075885381919
Q45426971	6000000074726745697
Q45426973	6000000075415370945
Q45426974	6000000074727616879
Q45426975	6000000074784843902
Q45426976	6000000046864989085
Q45426977	6000000074710242896
Q45426978	6000000074564938821
Q45426979	6000000075407467862
Q45426980	6000000075414892887
Q45426982	6000000074717375286
Q45426986	6000000074770838179
Q45426987	6000000075407092836
Q45426988	6000000075416758829
Q45426989	6000000074705498001
Q45426990	6000000075418787843
Q45426992	6000000074737777821
Q45426995	6000000075415871893
Q45426996	6000000016707776303
Q45426998	6000000074785069204
Q45426999	6000000074737533865
Q45427001	6000000075413437884
Q45427003	6000000074688681916
Q45427005	6000000075416036052
Q45427008	6000000074770731960
Q45427009	6000000075412480838
Q45427010	6000000075885630833
Q45427013	6000000075407320123
Q45427014	6000000075406429006
Q45427015	6000000074727614834
Q45427016	6000000074727533984
Q45427017	6000000075415692863
Q45427018	6000000074784889906
Q45427019	6000000075419369829
Q45427020	6000000074709897057
Q45427021	6000000074564804861
Q45427022	6000000075406653202
Q45427023	6000000075414637992
Q45427024	6000000075416649071
Q45427027	6000000075414733861
Q45427028	6000000074771246023
Q45427030	6000000074698912821
Q45427031	6000000074746195919
Q45427032	6000000074704909364
Q45427037	6000000075415815012
Q45427040	6000000074785100115
Q45427042	6000000074737298920
Q45427045	6000000075419463823
Q45427047	6000000075416180990
Q45427048	6000000075418018823
Q45427050	6000000074770589884
Q45427051	6000000075413669873
Q45427052	6000000074703841975
Q45427054	6000000075412330919
Q45427055	6000000075407782838
Q45427056	6000000075406809878
Q45427057	6000000074785900969
Q45427058	6000000074727421055
Q45427059	6000000075415588923
Q45427060	6000000074784315308
Q45427061	6000000075419165964
Q45427062	6000000074710209898
Q45427063	6000000075407374861
Q45427064	6000000075416196836
Q45427065	6000000075414958831
Q45427066	6000000075416982027
Q45427069	6000000074692128821
Q45427070	6000000074698826841
Q45427071	6000000074746157921
Q45427072	6000000075418616978
Q45427076	6000000075415661169
Q45427080	6000000074785393898
Q45427082	6000000074737651823
Q45427086	6000000075419473822
Q45427090	6000000074771474991
Q45427091	6000000075417673038
Q45427093	6000000074770678024
Q45427095	6000000075413602889
Q45427096	6000000074703473485
Q45427097	6000000075411449357
Q454271	6000000024683875603
Q45427100	6000000075407477025
Q45427102	6000000074727787863
Q45427103	6000000075415747840
Q45427104	6000000074785718091
Q45427105	6000000075419169902
Q45427106	6000000075419445913
Q45427107	6000000074710337832
Q45427108	6000000074564521997
Q45427109	6000000074768671853
Q45427110	6000000074688181863
Q45427113	6000000075407138917
Q45427114	6000000074696925792
Q45427115	6000000074692103831
Q45427116	6000000075418538970
Q45427118	6000000075418773892
Q45427120	6000000075415338190
Q45427121	6000000075414627897
Q45427122	6000000074784641122
Q45427124	6000000074737587850
Q45427125	6000000075576786617
Q45427126	6000000075418839948
Q45427130	6000000074688464023
Q45427132	6000000075418011833
Q45427133	6000000074771209197
Q45427135	6000000074770464104
Q45427137	6000000075413550895
Q45427139	6000000075412195018
Q45427141	6000000074746015932
Q45427142	6000000075407829822
Q45427144	6000000075406792877
Q45427145	6000000074727757884
Q45427146	6000000074747120146
Q45427147	6000000075419297878
Q45427148	6000000075405011559
Q45427149	6000000074706134981
Q45427150	6000000074710213886
Q45427151	6000000075416273834
Q45427152	6000000074768290064
Q45427153	6000000074688254896
Q45427155	6000000075406879198
Q45427157	6000000074698564063
Q45427158	6000000075415492915
Q45427159	6000000075418306889
Q45427160	6000000074717089394
Q45427161	6000000074703625889
Q45427162	6000000039105587427
Q45427164	6000000074785477874
Q45427165	6000000069427287956
Q45427167	6000000075577685103
Q45427168	6000000074737336936
Q45427169	6000000075062324905
Q45427173	6000000075417986857
Q45427174	6000000075419303901
Q45427175	6000000074771314028
Q45427176	6000000074770987822
Q45427179	6000000075412275925
Q45427182	6000000075406745822
Q45427183	6000000075412598289
Q45427184	6000000074727772920
Q45427185	6000000075415757859
Q45427187	6000000074751187968
Q45427188	6000000075419179994
Q45427190	6000000075417161956
Q45427191	6000000074706092060
Q45427192	6000000075415953013
Q45427194	6000000074768695821
Q45427199	6000000075407207867
Q45427200	6000000074688330835
Q45427202	6000000075416367027
Q45427204	6000000075415403964
Q45427206	6000000075418739901
Q45427207	6000000074702874544
Q45427208	6000000039105269770
Q45427209	6000000075414702859
Q45427210	6000000074785312022
Q45427211	6000000075415559822
Q45427212	6000000075062499872
Q45427216	6000000075578036824
Q45427217	6000000075407163856
Q45427218	6000000074698336237
Q45427219	6000000074702991333
Q45427220	6000000075416477822
Q45427221	6000000075416959822
Q45427225	6000000075412472877
Q45427226	6000000038998472275
Q45427227	6000000075412282685
Q45427228	6000000074727581085
Q45427229	6000000075415461004
Q45427231	6000000074751258866
Q45427232	6000000075419179999
Q45427236	6000000074706106003
Q45427237	6000000075416133905
Q45427240	6000000074692713840
Q45427243	6000000075407314858
Q45427244	6000000075416843027
Q45427246	6000000075416735867
Q45427249	6000000074710386346
Q45427250	6000000075418197138
Q45427251	6000000074703292077
Q45427252	6000000039105724199
Q45427253	6000000074785389903
Q45427254	6000000075415438861
Q45427255	6000000075062529838
Q45427256	6000000075414565954
Q45427259	6000000075578047826
Q45427262	6000000074698939844
Q45427263	6000000075418980067
Q45427264	6000000074712088970
Q45427266	6000000075416955828
Q45427269	6000000075412536833
Q45427271	6000000074684907880
Q45427272	6000000075412908176
Q45427273	6000000075419044898
Q45427274	6000000075415745862
Q45427276	6000000075419207914
Q45427280	6000000075419579823
Q45427281	6000000074785004989
Q45427283	6000000075407577926
Q45427284	6000000074691635289
Q45427285	6000000075417111929
Q45427287	6000000074697790119
Q45427289	6000000075407386834
Q45427292	6000000074748506576
Q45427293	6000000074783344036
Q45427294	6000000075418695918
Q45427295	6000000075416056877
Q45427296	6000000075414916333
Q45427297	6000000075414897186
Q45427298	6000000075419054864
Q45427300	6000000075414217209
Q45427302	6000000075577257287
Q45427304	6000000074698359068
Q45427305	6000000075419058081
Q45427306	6000000075407255821
Q45427307	6000000074711970002
Q45427308	6000000074753363018
Q45427313	6000000075412535827
Q45427315	6000000074684106744
Q45427316	6000000075413703899
Q45427317	6000000075418738055
Q45427318	6000000075415619919
Q45427321	6000000074768769980
Q45427324	6000000074711247023
Q45427325	6000000046933786935
Q45427327	6000000074692668862
Q45427328	6000000075417165921
Q45427329	6000000074751095837
Q45427332	6000000074758558211
Q45427333	6000000075418433909
Q45427335	6000000074783497916
Q45427336	6000000074725811909
Q45427337	6000000074749482896
Q45427338	6000000074685291033
Q45427339	6000000074699815949
Q45427340	6000000074699161886
Q45427342	6000000075419134836
Q45427344	6000000075577459203
Q45427346	6000000075414581918
Q45427347	6000000075417940830
Q45427348	6000000075419380882
Q45427349	6000000075407118879
Q45427350	6000000075416365909
Q45427352	6000000075411796216
Q45427355	6000000074684507308
Q45427356	6000000075413231036
Q45427357	6000000075418781052
Q45427359	6000000075415809841
Q45427363	6000000074768518023
Q45427365	6000000075406331870
Q45427366	6000000074704206838
Q45427367	6000000046933741991
Q45427368	6000000074692051231
Q45427369	6000000075406882826
Q45427370	6000000074686184603
Q45427371	6000000075407695845
Q45427372	6000000074750690085
Q45427374	6000000075418185925
Q45427376	6000000074703377064
Q45427377	6000000074783381987
Q45427378	6000000075415485928
Q45427379	6000000074699825878
Q45427380	6000000074685072245
Q45427381	6000000074699111918
Q45427385	6000000075414767822
Q45427386	6000000074692110975
Q45427388	6000000074687745852
Q45427389	6000000074784038011
Q45427391	6000000075416796950
Q45427392	6000000075411907183
Q45427394	6000000039000476013
Q45427395	6000000075413679877
Q45427396	6000000075577798967
Q45427397	6000000075407432892
Q45427398	6000000038222975477
Q45427400	6000000075415525919
Q45427402	6000000075418950082
Q45427406	6000000074768884861
Q45427408	6000000075406403879
Q45427409	6000000075415226348
Q45427411	6000000074692778822
Q45427413	6000000074688320846
Q45427414	6000000075407687859
Q45427415	6000000074691265903
Q45427416	6000000075417879053
Q45427418	6000000074703553004
Q45427419	6000000074710843901
Q45427421	6000000074749278038
Q45427422	6000000075415682080
Q45427423	6000000074699815953
Q45427424	6000000074698683280
Q45427426	6000000075418985900
Q45427429	6000000075414576921
Q45427430	6000000074691342976
Q45427431	6000000074687709864
Q45427432	6000000074784295823
Q45427433	6000000075407159907
Q45427435	6000000075416761928
Q45427436	6000000075412490859
Q45427438	6000000039000083420
Q45427439	6000000075413652934
Q45427441	6000000075407553849
Q45427442	6000000038223413832
Q45427444	6000000074687555898
Q45427446	6000000075419393822
Q45427448	6000000074768830884
Q45427449	6000000075416637156
Q45427450	6000000075406292879
Q45427451	6000000075416038002
Q45427453	6000000075413798416
Q45427455	6000000074715168906
Q45427457	6000000074691761906
Q45427458	6000000075415874421
Q45427461	6000000074703302161
Q45427462	6000000075418625941
Q45427464	6000000075415764957
Q45427465	6000000075416110839
Q45427466	6000000075414869267
Q45427467	6000000075415534847
Q45427469	6000000075418851945
Q45427471	6000000075414439014
Q45427474	6000000074692034950
Q45427476	6000000075419194015
Q45427477	6000000074784150926
Q45427478	6000000074728239842
Q45427479	6000000075416872920
Q45427480	6000000075412391946
Q45427482	6000000075406754821
Q45427484	6000000075407291910
Q45427485	6000000075413613905
Q45427486	6000000075419205842
Q45427487	6000000074687668827
Q45427489	6000000039010763239
Q45427490	6000000074767535632
Q45427491	6000000016707066950
Q45427492	6000000075419580061
Q45427494	6000000075415900995
Q45427498	6000000075413845405
Q45427500	6000000074714954987
Q45427501	6000000075417984069
Q45427502	6000000074750211440
Q45427503	6000000075418830911
Q45427505	6000000075418839829
Q45427507	6000000074753709906
Q45427508	6000000074725553178
Q45427510	6000000074737493845
Q45427512	6000000074783954948
Q45427513	6000000075414441933
Q45427514	6000000074692336833
Q45427515	6000000075419428861
Q45427517	6000000074783387395
Q45427519	6000000074728251832
Q45427519	6000000075499702884
Q45427520	6000000075412442905
Q45427521	6000000075416209158
Q45427524	6000000075406575937
Q45427525	6000000075407410962
Q45427526	6000000075413623018
Q45427526	6000000075413886832
Q45427528	6000000075418793042
Q45427529	6000000075415702904
Q45427530	6000000074784409189
Q45427533	6000000074768406083
Q45427534	6000000075417477825
Q45427535	6000000075406377835
Q45427541	6000000075414734981
Q45427543	6000000074715145906
Q45427544	6000000075418332880
Q45427545	6000000074750926956
Q45427546	6000000074706024920
Q45427550	6000000075418858834
Q45427552	6000000074753809822
Q45427554	6000000074725970851
Q45427556	6000000074736867144
Q45427558	6000000074784090872
Q45427560	6000000075414677911
Q45427561	6000000074691571134
Q45427562	6000000075419406888
Q45427564	6000000074788834198
Q45427565	6000000074727947077
Q45427566	6000000075412493872
Q45427571	6000000075406477969
Q45427572	6000000075407143093
Q45427574	6000000075419208924
Q45427575	6000000075415614866
Q45427576	6000000074784583067
Q45427577	6000000075413654916
Q45427579	6000000074768340159
Q45427580	6000000075417454851
Q45427581	6000000075406144956
Q45427584	6000000075414946860
Q45427585	6000000074733093943
Q45427586	6000000074715105934
Q45427587	6000000075418556822
Q45427588	6000000075416779835
Q45427589	6000000074717717834
Q45427591	6000000075503830821
Q45427593	6000000074736757923
Q45427595	6000000075415841883
Q45427597	6000000075416190824
Q45427598	6000000075415126103
Q45427599	6000000074737129987
Q45427601	6000000075418773969
Q45427603	6000000074691403270
Q45427604	6000000075419479835
Q45427605	6000000074737225902
Q45427605	6000000075490260863
Q45427606	6000000075406537947
Q45427607	6000000075412274968
Q45427608	6000000074708925386
Q45427611	6000000075406544931
Q45427612	6000000075407354927
Q45427616	6000000075419059923
Q45427617	6000000074687463965
Q45427618	6000000074784707993
Q45427619	6000000075413211120
Q45427620	6000000074768755949
Q45427622	6000000075406386862
Q45427623	6000000075417251008
Q45427625	6000000074710202897
Q45427626	6000000074733212989
Q45427627	6000000074747540030
Q45427628	6000000074758232143
Q45427629	6000000075416728869
Q45427630	6000000074768471000
Q45427631	6000000075406615825
Q45427633	6000000074736881833
Q45427636	6000000074724685630
Q45427637	6000000075406348143
Q45427638	6000000075416129843
Q45427639	6000000074711458933
Q45427640	6000000074737357913
Q45427641	6000000075405936185
Q45427644	6000000075419134843
Q45427646	6000000075406671957
Q45427647	6000000074691341257
Q45427648	6000000075419465841
Q45427649	6000000074712220907
Q45427650	6000000075412562832
Q45427652	6000000074709573852
Q45427654	6000000039000755821
Q45427655	6000000075407599822
Q45427658	6000000075406735859
Q45427659	6000000074698071923
Q45427660	6000000074687281093
Q45427661	6000000074718135897
Q45427663	6000000075413056160
Q45427664	6000000075407819853
Q45427665	6000000074698524998
Q45427668	6000000074710199929
Q45427669	6000000075419481862
Q45427670	6000000075417202884
Q45427671	6000000074758498949
Q45427672	6000000075416671868
Q45427673	6000000074768613970
Q45427674	6000000075406443934
Q45427676	6000000074736544026
Q45427679	6000000074725399821
Q45427680	6000000016698464012
Q45427681	6000000074701762858
Q45427682	6000000074711502821
Q45427684	6000000075406368928
Q45427685	6000000074736996999
Q45427686	6000000075418462216
Q45427687	6000000075414689838
Q45427688	6000000075406441156
Q45427690	6000000074688115225
Q45427691	6000000074712157866
Q45427692	6000000075412473885
Q45427694	6000000074705300892
Q45427696	6000000038999519722
Q45427697	6000000075406046659
Q454277	6000000036273778304
Q45427701	6000000074697800109
Q45427702	6000000074687463970
Q45427704	6000000074701159534
Q45427705	6000000075413243189
Q45427707	6000000074333218915
Q45427708	6000000075416330822
Q45427709	6000000075413798454
Q45427710	6000000075419385933
Q45427712	6000000074745774312
Q45427714	6000000074698869983
Q45427715	6000000074768128224
Q45427719	6000000075415874503
Q45427722	6000000074745898098
Q45427723	6000000016699986653
Q45427724	6000000074748209915
Q45427725	6000000074710428258
Q45427726	6000000075406400928
Q45427727	6000000075414960062
Q45427729	6000000075418457130
Q45427733	6000000075414685933
Q45427734	6000000074688782838
Q45427735	6000000074712316821
Q45427736	6000000075411505367
Q45427737	6000000075417033855
Q45427739	6000000039000406344
Q45427740	6000000075407160058
Q45427745	6000000074697676296
Q45427746	6000000075415718880
Q45427748	6000000074688194914
Q45427749	6000000075413734938
Q45427750	6000000074333265821
Q45427752	6000000075414652958
Q45427753	6000000074747832971
Q45427755	6000000075419474904
Q45427757	6000000074746129110
Q45427758	6000000075417120148
Q45427759	6000000074698944926
Q45427760	6000000075418743981
Q45427761	6000000075406640822
Q45427764	6000000075418206091
Q45427767	6000000074746211934
Q45427768	6000000016700080909
Q45427769	6000000074748266832
Q45427770	6000000074711805822
Q45427772	6000000075405645292
Q45427773	6000000075415512846
Q45427774	6000000074691999903
Q45427778	6000000075414346077
Q45427779	6000000074688233853
Q45427780	6000000074712317821
Q45427781	6000000075412166020
Q45427783	6000000075505627921
Q45427784	6000000074702696934
Q45427785	6000000075407472895
Q45427788	6000000074697702201
Q45427789	6000000075415536956
Q45427791	6000000043404400857
Q45427792	6000000075412123712
Q45427794	6000000074332469770
Q45427795	6000000075414853904
Q45427796	6000000074747611136
Q45427797	6000000075419498857
Q45427799	6000000074746247000
Q45427800	6000000075418398990
Q45427801	6000000074699069858
Q45427802	6000000075405757245
Q45427803	6000000075418781966
Q45427805	6000000075417821183
Q45427806	6000000075406331886
Q45427807	6000000074745954146
Q45427808	6000000016700135533
Q45427809	6000000074748172892
Q45427811	6000000075415666825
Q45427813	6000000075406060054
Q45427815	6000000075415061113
Q45427818	6000000075407221079
Q45427821	6000000075414795822
Q45427822	6000000075061890871
Q45427823	6000000074712016965
Q45427825	6000000074688059083
Q45427826	6000000075416921937
Q45427828	6000000075405953347
Q45427829	6000000075407032207
Q45427830	6000000075406319219
Q45427831	6000000075406800073
Q45427832	6000000074784523898
Q45427833	6000000075415626966
Q45427836	6000000074333283014
Q45427837	6000000075413792950
Q45427838	6000000075414929880
Q45427839	6000000074747841939
Q45427840	6000000075419072972
Q45427841	6000000074746342968
Q45427842	6000000075418380984
Q45427843	6000000075416761860
Q45427845	6000000075406209067
Q45427846	6000000075418743987
Q45427848	6000000074691419058
Q45427850	6000000074745860094
Q45427851	6000000016699873635
Q45427853	6000000075407016846
Q45427854	6000000075415433904
Q45427855	6000000075406494867
Q45427856	6000000075415480858
Q45427857	6000000074747666854
Q45427858	6000000075407358050
Q45427859	6000000074381483896
Q45427860	6000000075414678873
Q45427862	6000000075062145821
Q45427863	6000000074711782074
Q45427865	6000000074688211873
Q45427867	6000000075406699986
Q45427868	6000000074785095832
Q45427869	6000000075407541898
Q45427870	6000000075406645042
Q45427871	6000000075407046907
Q45427873	6000000074784660821
Q45427874	6000000075415042160
Q45427877	6000000074332997310
Q45427879	6000000075414857987
Q45427880	6000000075413437126
Q45427881	6000000074730962013
Q45427883	6000000074746459847
Q45427884	6000000075418442926
Q45427885	6000000075419552844
Q45427886	6000000075416743849
Q45427889	6000000075406608862
Q45427890	6000000075418601995
Q45427892	6000000074692069856
Q45427893	6000000075405798105
Q45427894	6000000074687761849
Q45427897	6000000075415598867
Q45427898	6000000075406912863
Q45427899	6000000074785204910
Q45427900	6000000075415194044
Q45427901	6000000074747694821
Q45427902	6000000074381543897
Q45427903	6000000075414054243
Q45427905	6000000075411618290
Q45427907	6000000074711744140
Q45427909	6000000075419467846
Q45427910	6000000075406673837
Q45427912	6000000075406895821
Q45427913	6000000075407586843
Q45427916	6000000074784436270
Q45427918	6000000075419194895
Q45427919	6000000074727444226
Q45427921	6000000075419182901
Q45427922	6000000074333308066
Q45427924	6000000075414165346
Q45427925	6000000075413831876
Q45427926	6000000074730993927
Q45427927	6000000074729760916
Q45427928	6000000075418572915
Q45427929	6000000075416322065
Q45427930	6000000075419539838
Q45427931	6000000075405453469
Q45427933	6000000075418914844
Q45427935	6000000074692089875
Q45427936	6000000075406211922
Q45427937	6000000074687389147
Q45427938	6000000074752990327
Q45427939	6000000074726442841
Q45427940	6000000075415312020
Q45427941	6000000074725452403
Q45427942	6000000074784985176
Q45427942	6000000075496969884
Q45427943	6000000075419059879
Q45427944	6000000075414633932
Q45427946	6000000075417889903
Q45427947	6000000075411142180
Q45427949	6000000075416043983
Q45427950	6000000074687989060
Q45427951	6000000075406510941
Q45427955	6000000075407026089
Q45427959	6000000074725967904
Q45427960	6000000075416927912
Q45427961	6000000074727617036
Q45427962	6000000075418831046
Q45427963	6000000074332912212
Q45427964	6000000075407849821
Q45427968	6000000074731456821
Q45427970	6000000075417075962
Q45427971	6000000075418663838
Q45427972	6000000075416483003
Q45427973	6000000075418647199
Q45427974	6000000075406451021
Q45427976	6000000075418677996
Q45427977	6000000074748046900
Q45427979	6000000075406028066
Q45427980	6000000075415051148
Q45427981	6000000016706764777
Q45427982	6000000075415958918
Q45427984	6000000075414960075
Q45427985	6000000074690923822
Q45427986	6000000074687761911
Q45427988	6000000074783744106
Q45427989	6000000075414765851
Q45427990	6000000074785571294
Q45427991	6000000075412611821
Q45427994	6000000074752610967
Q45427995	6000000074688188913
Q45427996	6000000075406577908
Q45427998	6000000075406900202
Q45428002	6000000075407719823
Q45428004	6000000074726007847
Q45428005	6000000075417116837
Q45428007	6000000074727842866
Q45428008	6000000075419165969
Q45428009	6000000074333024103
Q45428010	6000000075407528984
Q45428013	6000000075413828879
Q45428014	6000000074747012949
Q45428015	6000000075417002960
Q45428016	6000000074770823925
Q45428017	6000000075416723872
Q45428018	6000000075419564836
Q45428019	6000000075405874189
Q45428020	6000000075406857007
Q45428021	6000000075418719973
Q45428022	6000000074747442237
Q45428024	6000000075406251927
Q45428025	6000000075415810953
Q45428026	6000000074753724859
Q45428027	6000000075415683970
Q45428028	6000000075415329138
Q45428029	6000000074689938402
Q45428031	6000000074687604005
Q45428032	6000000074783979955
Q45428033	6000000075414704884
Q45428034	6000000074785647053
Q45428035	6000000075412283015
Q45428039	6000000075416156975
Q45428040	6000000074688316825
Q45428041	6000000075406547951
Q45428043	6000000075406683314
Q45428047	6000000074725993851
Q45428048	6000000075416861876
Q45428049	6000000075578018835
Q45428050	6000000074687299119
Q45428051	6000000075419286905
Q45428052	6000000074332656644
Q45428053	6000000075407685892
Q45428055	6000000075058179151
Q45428056	6000000075413867854
Q45428057	6000000075417207875
Q45428059	6000000074758223591
Q45428061	6000000074736187826
Q45428062	6000000075406575897
Q45428063	6000000075418942888
Q45428064	6000000074747036653
Q45428068	6000000075415549034
Q45428071	6000000074701079416
Q45428072	6000000074690817874
Q45428073	6000000074687338109
Q45428074	6000000074783854102
Q45428075	6000000075414468075
Q45428076	6000000074785923894
Q45428077	6000000075411627340
Q45428082	6000000075416253932
Q45428084	6000000075419319936
Q45428085	6000000075406398983
Q45428086	6000000075406097216
Q45428087	6000000075407409915
Q45428091	6000000074725762116
Q45428092	6000000075415725578
Q45428093	6000000075577805973
Q45428094	6000000074686858412
Q45428095	6000000075418975133
Q45428096	6000000074332933208
Q45428097	6000000075407411071
Q45428099	6000000075058901842
Q45428100	6000000075413853881
Q45428101	6000000038221076000
Q45428102	6000000074770843907
Q45428102	6000000075481806166
Q45428103	6000000075416687938
Q45428105	6000000075406624837
Q45428106	6000000074734886291
Q45428107	6000000075418657976
Q45428108	6000000074748120889
Q45428112	6000000075406468823
Q45428113	6000000074747796946
Q45428114	6000000075416241822
Q45428115	6000000074753223274
Q45428116	6000000074701658054
Q45428117	6000000074687754907
Q45428118	6000000075418927975
Q45428121	6000000074785253681
Q45428122	6000000075412536870
Q45428124	6000000074750970187
Q45428125	6000000074688024861
Q45428126	6000000075406039206
Q45428127	6000000075406646920
Q45428128	6000000075407107037
Q45428130	6000000075406724088
Q45428131	6000000074725843970
Q45428132	6000000075416751970
Q45428134	6000000075577990840
Q45428135	6000000074687730823
Q45428136	6000000074759435944
Q45428137	6000000075417560822
Q45428138	6000000075407773860
Q45428140	6000000075416228860
Q45428141	6000000075413835891
Q45428142	6000000038220946146
Q45428143	6000000074704710099
Q45428144	6000000075416732917
Q45428146	6000000075406303011
Q45428149	6000000074746191179
Q45428150	6000000074748177840
Q45428151	6000000074747564021
Q45428153	6000000075406980842
Q45428154	6000000075405924116
Q45428155	6000000074747952830
Q45428156	6000000074731631838
Q45428157	6000000074753639821
Q45428158	6000000074709779869
Q45428159	6000000075418989919
Q45428160	6000000075415071153
Q45428164	6000000074785996825
Q45428165	6000000075412383949
Q45428167	6000000075416493822
Q45428168	6000000074784607824
Q45428169	6000000075406352192
Q45428171	6000000075406734836
Q45428173	6000000075407530916
Q45428174	6000000075418830983
Q45428175	6000000075416981969
Q45428176	6000000075578080821
Q45428178	6000000074686999289
Q45428179	6000000075407605935
Q45428180	6000000074332963286
Q45428181	6000000074759290977
Q45428183	6000000074746215834
Q45428184	6000000075412095605
Q45428185	6000000038221175898
Q45428186	6000000074704951029
Q45428188	6000000075406543869
Q45428189	6000000074746583821
Q45428190	6000000074747214406
Q45428191	6000000074702455123
Q45428193	6000000075406352230
Q45428196	6000000075406292911
Q45428197	6000000074749266407
Q45428198	6000000074731490936
Q45428199	6000000074753209288
Q45428200	6000000075415447974
Q45428201	6000000075418521071
Q45428202	6000000075415390920
Q45428205	6000000074785952870
Q45428206	6000000075412437957
Q45428208	6000000074783607855
Q45428210	6000000075419359885
Q45428211	6000000075406871842
Q45428212	6000000075406597916
Q45428213	6000000075407370969
Q45428214	6000000074783298092
Q45428215	6000000075407227099
Q45428216	6000000074704254878
Q45428217	6000000075577764035
Q45428218	6000000075407857821
Q45428219	6000000074333528849
Q45428222	6000000074746190884
Q45428223	6000000074759221081
Q45428224	6000000075415791837
Q45428225	6000000074705308200
Q45428226	6000000075413860859
Q45428227	6000000074704619241
Q45428228	6000000074784316247
Q45428229	6000000075406279080
Q45428231	6000000074746132290
Q45428233	6000000074747608239
Q45428234	6000000074702627946
Q45428236	6000000075406423865
Q45428238	6000000075415808909
Q45428240	6000000074731661838
Q45428241	6000000075415679841
Q45428242	6000000074709898183
Q45428243	6000000074687939851
Q45428245	6000000075417550070
Q45428247	6000000075412503879
Q45428248	6000000074783618823
Q45428251	6000000074734218832
Q45428252	6000000075406805883
Q45428254	6000000075406086165
Q45428255	6000000074725352883
Q45428256	6000000075407717855
Q45428257	6000000074704012094
Q45428258	6000000075577510173
Q45428259	6000000075407483895
Q45428260	6000000075407562962
Q45428261	6000000074333176352
Q45428264	6000000074746011054
Q45428266	6000000075419219941
Q45428267	6000000075415718886
Q45428269	6000000074705619912
Q45428271	6000000075413723964
Q45428272	6000000074704386362
Q45428273	6000000074784789902
Q45428274	6000000075406575859
Q45428275	6000000075418273076
Q45428276	6000000075418438044
Q45428281	6000000075415878845
Q45428282	6000000074731505891
Q45428283	6000000075414514557
Q45428284	6000000075418858968
Q45428285	6000000074687552999
Q45428288	6000000075418338827
Q45428289	6000000075411170547
Q45428290	6000000074783526917
Q45428292	6000000074734041969
Q45428293	6000000075406411134
Q45428295	6000000075406772822
Q45428296	6000000075419039886
Q45428297	6000000075407358061
Q45428298	6000000074703915099
Q45428299	6000000075407021883
Q45428301	6000000075407866822
Q45428303	6000000075406863275
Q45428305	6000000075416060997
Q45428306	6000000075419295873
Q45428307	6000000075415718891
Q45428309	6000000075417245849
Q45428310	6000000075413681945
Q45428311	6000000074704738062
Q45428312	6000000075416598942
Q45428313	6000000075406635859
Q45428314	6000000074753891841
Q45428315	6000000075418825851
Q45428319	6000000074711455927
Q45428321	6000000075416133861
Q45428322	6000000074705572865
Q45428323	6000000075415450859
Q45428324	6000000075415508951
Q45428325	6000000075414376019
Q45428327	6000000074698447137
Q45428328	6000000075412611842
Q45428329	6000000075416244915
Q45428331	6000000074734267855
Q45428332	6000000075406097221
Q45428333	6000000039001596821
Q45428334	6000000075418521117
Q45428335	6000000075407502982
Q45428338	6000000074703759198
Q45428339	6000000075407123833
Q45428344	6000000075407692927
Q45428345	6000000075407305054
Q45428346	6000000075416300847
Q45428347	6000000074698841641
Q45428348	6000000075415442041
Q45428349	6000000075406293180
Q45428350	6000000075417088964
Q45428351	6000000075413660994
Q45428352	6000000074704751002
Q45428353	6000000075406060114
Q45428354	6000000075416374113
Q45428355	6000000074753495182
Q45428356	6000000074748034962
Q45428357	6000000074753864046
Q45428360	6000000074711659871
Q45428361	6000000075405993062
Q45428362	6000000075415958934
Q45428363	6000000074705219137
Q45428364	6000000075415485884
Q45428365	6000000075414761848
Q45428366	6000000074698791954
Q45428367	6000000075415625881
Q45428368	6000000075412346031
Q45428370	6000000075416494823
Q45428372	6000000074738141862
Q45428373	6000000075406349139
Q45428374	6000000039001294493
Q45428375	6000000075407273123
Q45428376	6000000074784596844
Q45428377	6000000075417003924
Q45428378	6000000075406767063
Q45428380	6000000075417381998
Q45428381	6000000074727838879
Q45428382	6000000075407410981
Q45428383	6000000075407784861
Q45428384	6000000075418781115
Q45428385	6000000074757636157
Q45428387	6000000075416213865
Q45428388	6000000043401754888
Q45428389	6000000075413886851
Q45428390	6000000075406223088
Q45428391	6000000074704266341
Q45428392	6000000075414960487
Q45428393	6000000075418942896
Q45428394	6000000074748195833
Q45428395	6000000039151915972
Q45428395	6000000075419482856
Q45428398	6000000074785480890
Q45428400	6000000075406148980
Q45428401	6000000074705464954
Q45428402	6000000075415522874
Q45428403	6000000075414646948
Q45428404	6000000074698712014
Q45428405	6000000075412389955
Q45428406	6000000074785209184
Q45428407	6000000075416162996
Q45428408	6000000074747021061
Q45428410	6000000075419464834
Q45428411	6000000075406661068
Q45428412	6000000075406043082
Q45428413	6000000075407636871
Q45428414	6000000075419287829
Q45428415	6000000075417052926
Q45428418	6000000075417484955
Q45428419	6000000074727205407
Q45428420	6000000075407571848
Q45428421	6000000075407335038
Q45428422	6000000075417964545
Q45428423	6000000074758088841
Q45428425	6000000075416331842
Q45428426	6000000043406315821
Q45428428	6000000075413585033
Q45428429	6000000075406413966
Q45428431	6000000075418700846
Q45428432	6000000075416662958
Q45428433	6000000074768453064
Q45428434	6000000074747580203
Q45428435	6000000075419579853
Q45428439	6000000074785588835
Q45428441	6000000074705113265
Q45428442	6000000075415535840
Q45428443	6000000075414505020
Q45428444	6000000074698927835
Q45428445	6000000075412500905
Q45428446	6000000074785428944
Q45428448	6000000075416334903
Q45428450	6000000074738040880
Q45428451	6000000075415514936
Q45428453	6000000075406338076
Q45428455	6000000074782957250
Q45428456	6000000074692363852
Q45428459	6000000075417454048
Q45428460	6000000074727128435
Q45428461	6000000075407563851
Q45428464	6000000075419168938
Q45428465	6000000074757872977
Q45428468	6000000043404207907
Q45428469	6000000075413854867
Q45428470	6000000075406655821
Q45428471	6000000075418429973
Q45428473	6000000074768240142
Q45428474	6000000074747146489
Q45428475	6000000075419495875
Q45428478	6000000074785569848
Q45428479	6000000075406323876
Q45428481	6000000074705480920
Q45428482	6000000075414955250
Q45428483	6000000074698794969
Q45428484	6000000075412601858
Q45428485	6000000075414453011
Q45428486	6000000074785291209
Q45428487	6000000075415239506
Q45428489	6000000074738024830
Q45428490	6000000075415368026
Q45428492	6000000038200833568
Q45428493	6000000074692111016
Q45428495	6000000074783314129
Q45428496	6000000075417410035
Q45428497	6000000075406043547
Q45428498	6000000075415321842
Q45428499	6000000075407527081
Q45428500	6000000075419010042
Q45428501	6000000075414679427
Q45428503	6000000075406647953
Q45428504	6000000075416174946
Q45428505	6000000075416355339
Q45428507	6000000075406537884
Q45428508	6000000075418517911
Q45428509	6000000074705455225
Q45428510	6000000074768316165
Q45428511	6000000075418408995
Q45428512	6000000075419270039
Q45428515	6000000075415580989
Q45428517	6000000075414819210
Q45428518	6000000075419181839
Q45428519	6000000075405931050
Q45428520	6000000075418293849
Q45428521	6000000075412552866
Q45428522	6000000075414760865
Q45428524	6000000074785529880
Q45428525	6000000075415576268
Q45428526	6000000074784089230
Q45428527	6000000075414679347
Q45428529	6000000074692306918
Q45428530	6000000074699497124
Q45428533	6000000075419223832
Q45428534	6000000075415117954
Q45428535	6000000075407743878
Q45428536	6000000074699513132
Q45428537	6000000074698972966
Q45428539	6000000074751214824
Q45428541	6000000075413056196
Q45428542	6000000075418666862
Q45428543	6000000074784488065
Q45428544	6000000074705423366
Q45428545	6000000074768130162
Q45428546	6000000074783417274
Q45428547	6000000075419359951
Q45428548	6000000075407098926
Q45428549	6000000074785100192
Q45428550	6000000075418720100
Q45428551	6000000075406044108
Q45428552	6000000039009193382
Q45428557	6000000075415917947
Q45428558	6000000075414576967
Q45428559	6000000075416422870
Q45428560	6000000075419010099
Q45428561	6000000075415576858
Q45428562	6000000074692051040
Q45428565	6000000038916365022
Q45428567	6000000075407340019
Q45428568	6000000075414959032
Q45428569	6000000075419058022
Q45428570	6000000074699809896
Q45428572	6000000074698800089
Q45428574	6000000075416304824
Q45428575	6000000075412896412
Q45428576	6000000075418685858
Q45428577	6000000074783831662
Q45428579	6000000075418812921
Q45428580	6000000074699170253
Q45428581	6000000074783290054
Q45428582	6000000075407313886
Q45428583	6000000074785587856
Q45428584	6000000075419351954
Q45428585	6000000075417962201
Q45428586	6000000075406328904
Q45428589	6000000039009146549
Q45428592	6000000075057960105
Q45428594	6000000074712444042
Q45428595	6000000049542322834
Q45428596	6000000074692326867
Q45428598	6000000075414432017
Q45428600	6000000038916471998
Q45428601	6000000075407227036
Q45428602	6000000075415047891
Q45428603	6000000075407130835
Q45428604	6000000074699666969
Q45428605	6000000075419279859
Q45428606	6000000074699211834
Q45428607	6000000075417304886
Q45428608	6000000075415524214
Q45428609	6000000075413044268
Q45428610	6000000074784849825
Q45428612	6000000075418710985
Q45428614	6000000075418461962
Q45428615	6000000074783541185
Q45428616	6000000075407222844
Q45428617	6000000075415903891
Q45428618	6000000075419463896
Q45428620	6000000075419087922
Q45428622	6000000075405364325
Q45428626	6000000074728783835
Q45428627	6000000074785092887
Q45428629	6000000074712813909
Q45428630	6000000049542157943
Q45428632	6000000074691923969
Q45428635	6000000038915970624
Q45428636	6000000074738531858
Q45428637	6000000075407466917
Q45428638	6000000074698979485
Q45428639	6000000075407020890
Q45428640	6000000074758690830
Q45428641	6000000074783286073
Q45428643	6000000075417088981
Q45428644	6000000075413880911
Q45428645	6000000075417259571
Q45428647	6000000075418217203
Q45428648	6000000075418400007
Q45428649	6000000074701157254
Q45428651	6000000075406954997
Q45428654	6000000075406399877
Q45428655	6000000074703496542
Q45428657	6000000074728724862
Q45428659	6000000075415727134
Q45428661	6000000075419513822
Q45428663	6000000075415392033
Q45428664	6000000075417038877
Q45428666	6000000075414846822
Q45428668	6000000038916313195
Q45428669	6000000075407551893
Q45428670	6000000074698515795
Q45428671	6000000075415272884
Q45428673	6000000074758633832
Q45428674	6000000074736161824
Q45428675	6000000075416343835
Q45428676	6000000075417182912
Q45428677	6000000075413883883
Q45428678	6000000074701308954
Q45428680	6000000075418276068
Q45428681	6000000075418865835
Q45428682	6000000074701355070
Q45428683	6000000075419393989
Q45428684	6000000075418578192
Q45428685	6000000075407439855
Q45428686	6000000075406377900
Q45428687	6000000074704207145
Q45428690	6000000074728762879
Q45428692	6000000075415263279
Q45428693	6000000074691928906
Q45428694	6000000074701462952
Q45428696	6000000038916372161
Q45428697	6000000075407526904
Q45428699	6000000074699766925
Q45428700	6000000075415133987
Q45428701	6000000074758166253
Q45428702	6000000074735550999
Q45428705	6000000075417231876
Q45428706	6000000074701423856
Q45428707	6000000075413959827
Q45428708	6000000075416812824
Q45428709	6000000075418775828
Q45428710	6000000075418764843
Q45428711	6000000074701595938
Q45428712	6000000075419180124
Q45428713	6000000075419004899
Q45428714	6000000075406457839
Q45428715	6000000075415527845
Q45428717	6000000075416422953
Q45428719	6000000074691695973
Q45428720	6000000075414635015
Q45428721	6000000074701539934
Q45428722	6000000038916508934
Q45428724	6000000075407636827
Q45428725	6000000074687551917
Q45428726	6000000075415019018
Q45428727	6000000075415670887
Q45428728	6000000074735851877
Q45428730	6000000075416042957
Q45428731	6000000075416735157
Q45428732	6000000074700991148
Q45428734	6000000075413754952
Q45428735	6000000075416636948
Q45428736	6000000075418381079
Q45428737	6000000074701201294
Q45428738	6000000075419165862
Q45428739	6000000075406010082
Q45428741	6000000074724646437
Q45428742	6000000075412498020
Q45428743	6000000075419381861
Q45428744	6000000075414690917
Q45428745	6000000075417428977
Q45428746	6000000075415548902
Q45428749	6000000074687289031
Q45428750	6000000075414649210
Q45428751	6000000075418820022
Q45428753	6000000074735811015
Q45428754	6000000075418983826
Q45428756	6000000074698072103
Q45428757	6000000075418520973
Q45428759	6000000075405924143
Q45428761	6000000075419434880
Q45428762	6000000074333059029
Q45428763	6000000075415151088
Q45428764	6000000074686970402
Q45428766	6000000074736022925
Q45428767	6000000075418924843
Q45428768	6000000074698450898
Q45428769	6000000075418745887
Q45428771	6000000075406311860
Q45428772	6000000074717052372
Q45428773	6000000075415137211
Q45428774	6000000074747203962
Q45428947	6000000075425349992
Q45428948	6000000075425070975
Q45428949	6000000075419380015
Q45428950	6000000075422093968
Q45428952	6000000075419912842
Q45428953	6000000075420162886
Q45428954	6000000075424373902
Q45428955	6000000075420776831
Q45428956	6000000075420175053
Q45428957	6000000075425034854
Q45428958	6000000075422907153
Q45428959	6000000075428290164
Q45428960	6000000075423975985
Q45428961	6000000075428783824
Q45428962	6000000075421086904
Q45428963	6000000075426102193
Q45428964	6000000075420987983
Q45428965	6000000075427202837
Q45428966	6000000075420405997
Q45428967	6000000075424470058
Q45428968	6000000075423094044
Q45428969	6000000075422151848
Q45428970	6000000075422169000
Q45428971	6000000075419608173
Q45428972	6000000075425739086
Q45428973	6000000075422090172
Q45428974	6000000075422862896
Q45428976	6000000075426439100
Q45428977	6000000075421549933
Q45428978	6000000075424113974
Q45428979	6000000075427435859
Q45428980	6000000075422661609
Q45428981	6000000075424474975
Q45428982	6000000074791614094
Q45428983	6000000075424581887
Q45428983	6000000075427166890
Q45428984	6000000075425626935
Q45428985	6000000075420589075
Q45428986	6000000075420655367
Q45428987	6000000075425962863
Q45428988	6000000075426422829
Q45428989	6000000075427202085
Q45428990	6000000075425920849
Q45428991	6000000075425113913
Q45428992	6000000075427186103
Q45428993	6000000075425386908
Q45428994	6000000075424622869
Q45428995	6000000075426648035
Q45428996	6000000075423670822
Q45428997	6000000075425909939
Q45428998	6000000075426214105
Q45428999	6000000075426780273
Q45429000	6000000075428852896
Q45429001	6000000075423968832
Q45429002	6000000075426634843
Q45429003	6000000075425468346
Q45429005	6000000075422942830
Q45429006	6000000075406816823
Q45429007	6000000075428665828
Q45429008	6000000075425651837
Q45429009	6000000075424972022
Q45429010	6000000075419387966
Q45429011	6000000075422219920
Q45429012	6000000075419447174
Q45429013	6000000075422667294
Q45429015	6000000074733127882
Q45429016	6000000075420512829
Q45429017	6000000075420593946
Q45429018	6000000075425388529
Q45429019	6000000075424097833
Q45429020	6000000075425055880
Q45429021	6000000075423561973
Q45429022	6000000075428621912
Q45429023	6000000075421010938
Q45429024	6000000075426500050
Q45429026	6000000075419926212
Q45429027	6000000074728697822
Q45429028	6000000075423500822
Q45429029	6000000075422050912
Q45429030	6000000075422437906
Q45429031	6000000075420008929
Q45429032	6000000075424735946
Q45429033	6000000075426228853
Q45429034	6000000075422281009
Q45429035	6000000074785736850
Q45429037	6000000075426417085
Q45429038	6000000075421424866
Q45429039	6000000075421458969
Q45429040	6000000075424003049
Q45429041	6000000075427340891
Q45429042	6000000075423071475
Q45429043	6000000074751368020
Q45429044	6000000075424797357
Q45429045	6000000075426852039
Q45429046	6000000075426883671
Q45429047	6000000075420899859
Q45429048	6000000075421633822
Q45429049	6000000075425164306
Q45429050	6000000075427569014
Q45429051	6000000075425894825
Q45429052	6000000043404207882
Q45429053	6000000075427467913
Q45429054	6000000075424919966
Q45429055	6000000075425545822
Q45429056	6000000075424100159
Q45429057	6000000075426742042
Q45429058	6000000075423667823
Q45429059	6000000075426091863
Q45429060	6000000075427077105
Q45429061	6000000075426367041
Q45429062	6000000075428852902
Q45429063	6000000075422076740
Q45429065	6000000075426367011
Q45429066	6000000075423311833
Q45429067	6000000075422628960
Q45429068	6000000075426614822
Q45429069	6000000075428922885
Q45429070	6000000075428659823
Q45429071	6000000075425642833
Q45429072	6000000075425133931
Q45429073	6000000075419301069
Q45429074	6000000075421701177
Q45429075	6000000075419702022
Q45429076	6000000075424381889
Q45429077	6000000075419984933
Q45429078	6000000075420468842
Q45429079	6000000075420733854
Q45429081	6000000075429291829
Q45429082	6000000075423748065
Q45429083	6000000075423077949
Q45429084	6000000075425043871
Q45429085	6000000075428092048
Q45429086	6000000075421111843
Q45429088	6000000075427206823
Q45429089	6000000075420394008
Q45429090	6000000074728185940
Q45429091	6000000075423347912
Q45429092	6000000075422411919
Q45429093	6000000075422143850
Q45429094	6000000075419621149
Q45429095	6000000075426259843
Q45429097	6000000075424980822
Q45429098	6000000075422729823
Q45429099	6000000075423086866
Q45429101	6000000075421495822
Q45429102	6000000075420119529
Q45429103	6000000075427483839
Q45429104	6000000075423107056
Q45429105	6000000075425143158
Q45429106	6000000075424018961
Q45429107	6000000075426880975
Q45429108	6000000075424449985
Q45429109	6000000075428800849
Q45429110	6000000075421106043
Q45429111	6000000075420895856
Q45429112	6000000075425979855
Q45429113	6000000075427784822
Q45429114	6000000075425755893
Q45429115	6000000075426328870
Q45429116	6000000075427611846
Q45429117	6000000075425232831
Q45429118	6000000075424677824
Q45429119	6000000075426868936
Q45429120	6000000075423371931
Q45429121	6000000075424254893
Q45429122	6000000075426049870
Q45429123	6000000075427342843
Q45429124	6000000075426640955
Q45429126	6000000075423835913
Q45429127	6000000075426627894
Q45429128	6000000075422463202
Q45429130	6000000075426537839
Q45429131	6000000075429084844
Q45429132	6000000075427942092
Q45429133	6000000075424848158
Q45429134	6000000075418975272
Q45429135	6000000075420545716
Q45429136	6000000075425155896
Q45429139	6000000075420444858
Q45429140	6000000075420012099
Q45429141	6000000075420434035
Q45429142	6000000075429180822
Q45429143	6000000075424036867
Q45429144	6000000075423396114
Q45429146	6000000075427353282
Q45429147	6000000075425090841
Q45429148	6000000075426530088
Q45429149	6000000075426450076
Q45429151	6000000075420519915
Q45429152	6000000075421331822
Q45429153	6000000075423238926
Q45429154	6000000075422466874
Q45429155	6000000075422123866
Q45429156	6000000075426289822
Q45429157	6000000075419929946
Q45429158	6000000075422718848
Q45429160	6000000075424718951
Q45429161	6000000075422826014
Q45429162	6000000075426680043
Q45429163	6000000075421460829
Q45429164	6000000075420656450
Q45429165	6000000075427059048
Q45429167	6000000075424343834
Q45429168	6000000075425807850
Q45429169	6000000075424259822
Q45429170	6000000075426955922
Q45429171	6000000075428642896
Q45429172	6000000038177188157
Q45429173	6000000075421110997
Q45429174	6000000075424040158
Q45429175	6000000075425811922
Q45429175	6000000075482318116
Q45429176	6000000075427616944
Q45429177	6000000075425492126
Q45429178	6000000075427515880
Q45429179	6000000075426179930
Q45429180	6000000075425020930
Q45429181	6000000075424162114
Q45429182	6000000075427097841
Q45429183	6000000075423577889
Q45429184	6000000075425469882
Q45429185	6000000075426122844
Q45429186	6000000075427391846
Q45429187	6000000075426767851
Q45429188	6000000075428604983
Q45429189	6000000075422637026
Q45429190	6000000075426636871
Q45429192	6000000075428162022
Q45429193	6000000075424283494
Q45429194	6000000075429128854
Q45429195	6000000075419247037
Q45429198	6000000075422001989
Q45429199	6000000075423920857
Q454292	6000000038548619054
Q45429200	6000000075425157912
Q45429201	6000000075422952830
Q45429202	6000000075419844873
Q45429203	6000000075424314942
Q45429204	6000000075420388922
Q45429205	6000000075419926003
Q45429206	6000000075420742848
Q45429207	6000000075423258112
Q45429208	6000000075428917949
Q45429209	6000000075424099854
Q45429210	6000000075428395967
Q45429211	6000000075424771071
Q45429212	6000000075426467234
Q45429213	6000000075420685071
Q45429214	6000000075426599033
Q45429215	6000000075420511909
Q45429216	6000000075423465826
Q45429218	6000000075422066875
Q45429219	6000000075422234021
Q45429220	6000000075421175874
Q45429221	6000000075426061937
Q45429222	6000000075422734823
Q45429223	6000000075420189822
Q45429224	6000000075422779927
Q45429225	6000000075424755041
Q45429226	6000000075427001828
Q45429227	6000000075420674360
Q45429229	6000000075427149064
Q45429231	6000000075424379825
Q45429232	6000000075423916089
Q45429233	6000000075426567196
Q45429235	6000000075425493025
Q45429236	6000000075420783908
Q45429238	6000000075421251934
Q45429239	6000000075426011837
Q45429240	6000000075424806836
Q45429242	6000000075427625873
Q45429243	6000000038238547451
Q45429244	6000000075426154023
Q45429245	6000000075427616836
Q45429246	6000000075424649222
Q45429247	6000000075424190054
Q45429248	6000000075426698040
Q45429249	6000000075423515919
Q45429250	6000000075425935915
Q45429253	6000000075426084144
Q45429254	6000000075423216856
Q45429255	6000000075426113115
Q45429256	6000000075428956863
Q45429257	6000000075428664832
Q45429258	6000000075425553900
Q45429260	6000000075426457908
Q45429261	6000000075419638823
Q45429262	6000000075421690164
Q45429265	6000000075424075946
Q45429266	6000000075420397939
Q45429267	6000000075419965822
Q45429268	6000000075422523031
Q45429269	6000000075420749848
Q45429270	6000000075423724906
Q45429271	6000000075419474267
Q45429272	6000000075429341821
Q45429273	6000000075406172341
Q45429274	6000000075428803822
Q45429275	6000000075425122822
Q45429276	6000000075427126861
Q45429277	6000000075420780976
Q45429278	6000000075426916834
Q45429279	6000000075420164157
Q45429280	6000000075423481835
Q45429281	6000000075422206821
Q45429282	6000000075426222871
Q45429283	6000000075421334822
Q45429284	6000000075422013076
Q45429285	6000000075422544909
Q45429287	6000000075422748928
Q45429288	6000000075424255259
Q45429289	6000000075426870909
Q45429290	6000000075426923157
Q45429291	6000000075421213965
Q45429292	6000000075421505962
Q45429293	6000000075424001006
Q45429294	6000000075426567201
Q45429295	6000000075423714823
Q45429296	6000000075428805864
Q45429297	6000000075420712956
Q45429300	6000000075425955870
Q45429302	6000000075424726854
Q45429303	6000000074705527132
Q45429304	6000000075426190900
Q45429305	6000000075427516894
Q45429307	6000000075425219860
Q45429308	6000000074752838864
Q45429309	6000000075423248477
Q45429310	6000000075423589841
Q45429311	6000000075425316925
Q45429312	6000000074783371074
Q45429313	6000000075425432333
Q45429314	6000000075426700936
Q45429315	6000000075422994982
Q45429316	6000000075427675854
Q45429317	6000000075426417885
Q45429319	6000000075428236066
Q45429320	6000000075415576158
Q45429321	6000000075429058863
Q45429322	6000000075419318054
Q45429323	6000000075422027979
Q45429324	6000000075426341995
Q45429325	6000000075423939871
Q45429326	6000000075425000046
Q45429328	6000000075419949837
Q45429329	6000000075420171100
Q45429331	6000000075421852359
Q45429332	6000000075419849389
Q45429333	6000000075422773090
Q45429334	6000000075420365822
Q45429335	6000000075423537151
Q45429336	6000000075429345822
Q45429337	6000000075425100851
Q45429338	6000000075427194851
Q45429339	6000000075427353287
Q45429340	6000000075426777908
Q45429342	6000000075419845547
Q45429343	6000000075423340958
Q45429344	6000000075421833996
Q45429345	6000000075425672227
Q45429346	6000000075421002959
Q45429347	6000000075422194055
Q45429348	6000000075422674862
Q45429349	6000000075420121886
Q45429350	6000000075422978887
Q45429351	6000000075426793912
Q45429352	6000000075427376881
Q45429353	6000000075421501824
Q45429354	6000000075423992257
Q45429355	6000000075421662907
Q45429356	6000000075427230926
Q45429357	6000000075424035915
Q45429358	6000000075425057188
Q45429359	6000000075424041020
Q45429360	6000000075419942321
Q45429361	6000000075421178009
Q45429363	6000000075424765421
Q45429364	6000000074737643822
Q45429365	6000000075424642962
Q45429366	6000000075425801877
Q45429367	6000000075426351865
Q45429368	6000000075427403976
Q45429369	6000000075425218833
Q45429370	6000000074752923845
Q45429371	6000000075424618879
Q45429372	6000000075423420976
Q45429373	6000000075425339947
Q45429374	6000000075426645280
Q45429376	6000000075426093861
Q45429377	6000000075426453983
Q45429378	6000000075422946025
Q45429379	6000000075427671903
Q45429380	6000000075428225005
Q45429382	6000000075425596875
Q45429383	6000000075426500933
Q45429384	6000000075428604988
Q45429385	6000000075428162185
Q45429386	6000000075422361823
Q45429387	6000000075426179003
Q45429388	6000000075423890854
Q45429389	6000000075419213057
Q45429390	6000000075424228404
Q45429392	6000000075419658024
Q45429393	6000000075420339943
Q45429394	6000000075422935846
Q45429395	6000000075420660937
Q45429396	6000000075423816857
Q45429397	6000000075419964044
Q45429398	6000000075424130849
Q45429399	6000000075429086892
Q45429400	6000000075424857946
Q45429401	6000000075426308298
Q45429402	6000000075427957152
Q45429403	6000000075421090866
Q45429404	6000000075420488981
Q45429405	6000000075423467823
Q45429406	6000000075422196840
Q45429407	6000000075426611014
Q45429408	6000000075426165873
Q45429409	6000000075420699121
Q45429410	6000000075422560908
Q45429411	6000000075419910948
Q45429412	6000000075422491889
Q45429413	6000000075423066898
Q45429414	6000000075427507835
Q45429415	6000000075424909839
Q45429416	6000000075426993825
Q45429417	6000000075421520901
Q45429418	6000000075421324894
Q45429419	6000000075427307859
Q45429420	6000000075425832822
Q45429421	6000000075424237848
Q45429422	6000000075420152169
Q45429423	6000000075421370916
Q45429424	6000000075423373292
Q45429425	6000000075425051340
Q45429426	6000000075428568874
Q45429427	6000000075424339117
Q45429428	6000000075425761120
Q45429429	6000000075425825877
Q45429430	6000000075427582873
Q45429431	6000000075424902984
Q45429432	6000000075426896930
Q45429434	6000000075423219072
Q45429435	6000000074782987396
Q45429436	6000000075425886989
Q45429437	6000000075426614952
Q45429438	6000000075427793822
Q45429439	6000000075425218972
Q45429440	6000000075422929995
Q45429441	6000000075426423684
Q45429442	6000000075425045172
Q45429443	6000000075426562889
Q45429444	6000000075429077845
Q45429445	6000000075428038279
Q45429447	6000000075422234920
Q45429448	6000000075419439922
Q45429449	6000000075426351021
Q45429450	6000000075425403821
Q45429451	6000000075420216974
Q45429452	6000000075422884829
Q45429453	6000000075424337947
Q45429454	6000000075420724871
Q45429456	6000000075423852822
Q45429457	6000000075419673002
Q45429458	6000000075420005979
Q45429459	6000000075424036872
Q45429460	6000000075424751020
Q45429461	6000000075426698072
Q45429462	6000000075421151823
Q45429465	6000000075422872169
Q45429468	6000000075426180323
Q45429469	6000000075425949875
Q45429470	6000000075420055440
Q45429471	6000000075422369030
Q45429472	6000000075419694174
Q45429473	6000000075422199037
Q45429474	6000000075427211994
Q45429475	6000000075422885927
Q45429476	6000000075424649073
Q45429478	6000000075428568845
Q45429479	6000000075421617901
Q45429480	6000000075421392894
Q45429481	6000000075427123991
Q45429482	6000000075419885389
Q45429483	6000000075423765047
Q45429484	6000000075421161021
Q45429485	6000000075425764867
Q45429486	6000000074726287019
Q45429487	6000000075428573973
Q45429488	6000000075424317872
Q45429489	6000000075426816944
Q45429490	6000000075424649952
Q45429491	6000000075425399295
Q45429492	6000000075425350089
Q45429493	6000000075427426908
Q45429494	6000000075424522214
Q45429495	6000000075427023892
Q45429496	6000000075424283019
Q45429497	6000000075422815195
Q45429498	6000000075427201919
Q45429499	6000000075424912555
Q45429501	6000000075426499991
Q45429502	6000000075427784826
Q45429503	6000000075425248988
Q45429504	6000000075428524891
Q45429505	6000000075423191896
Q45429507	6000000075425123614
Q45429508	6000000075429144826
Q45429509	6000000075423894851
Q45429510	6000000075422362826
Q45429511	6000000075419340014
Q45429512	6000000075426308012
Q45429513	6000000075424880060
Q45429515	6000000075420142064
Q45429516	6000000075422987826
Q45429517	6000000075424128986
Q45429518	6000000075423701885
Q45429519	6000000075420748872
Q45429520	6000000075419808961
Q45429521	6000000075420179888
Q45429522	6000000075424020856
Q45429523	6000000075424489083
Q45429524	6000000075419849493
Q45429525	6000000075429274832
Q45429526	6000000075423219006
Q45429527	6000000075425875529
Q45429528	6000000075426661942
Q45429529	6000000075422207834
Q45429530	6000000075420150090
Q45429531	6000000075421302828
Q45429533	6000000075419401313
Q45429535	6000000075422695848
Q45429536	6000000075427525833
Q45429537	6000000075424411086
Q45429538	6000000075421852423
Q45429539	6000000075428459983
Q45429540	6000000075421449031
Q45429542	6000000075426725922
Q45429543	6000000075420794904
Q45429544	6000000075424223847
Q45429545	6000000075421448950
Q45429546	6000000075425682917
Q45429547	6000000075425755923
Q45429547	6000000075482303064
Q45429548	6000000075428807868
Q45429549	6000000075424133963
Q45429550	6000000075424829822
Q45429551	6000000075425827100
Q45429552	6000000075427595858
Q45429553	6000000074771307899
Q45429554	6000000075424972941
Q45429555	6000000075425826852
Q45429556	6000000075426878941
Q45429557	6000000075424305991
Q45429558	6000000075426646232
Q45429559	6000000075426035885
Q45429560	6000000075422974035
Q45429561	6000000075426721902
Q45429563	6000000075427569914
Q45429564	6000000075425518863
Q45429566	6000000075428682831
Q45429567	6000000075422831934
Q45429568	6000000075425423967
Q45429569	6000000075426456979
Q45429570	6000000075423701947
Q45429571	6000000075428720956
Q45429572	6000000075422300921
Q45429573	6000000075419165075
Q45429573	6000000075481833143
Q45429574	6000000075425248933
Q45429575	6000000075420256964
Q45429576	6000000075428858878
Q45429577	6000000075422600971
Q45429578	6000000075424251975
Q45429579	6000000075423090246
Q45429580	6000000075420298119
Q45429581	6000000075419599058
Q45429582	6000000075420281879
Q45429583	6000000075423768052
Q45429584	6000000075425066840
Q45429587	6000000075426240987
Q45429588	6000000075422664142
Q45429589	6000000075427153849
Q45429590	6000000075426861845
Q45429591	6000000075420640832
Q45429592	6000000075421342821
Q45429593	6000000075422182834
Q45429594	6000000075419645048
Q45429595	6000000075426153905
Q45429597	6000000075422619871
Q45429598	6000000075421380320
Q45429599	6000000075427156003
Q45429600	6000000075424939880
Q45429601	6000000075428043052
Q45429602	6000000075421729854
Q45429603	6000000075422445184
Q45429604	6000000075427328822
Q45429605	6000000075420590966
Q45429606	6000000075420855105
Q45429607	6000000075424239847
Q45429608	6000000075421540880
Q45429609	6000000075425693925
Q45429610	6000000075425875967
Q45429611	6000000075428893823
Q45429612	6000000075424831822
Q45429613	6000000075425423320
Q45429614	6000000075424072935
Q45429615	6000000075427640822
Q45429616	6000000075426870914
Q45429617	6000000075425937822
Q45429618	6000000075426680124
Q45429620	6000000075424535247
Q45429621	6000000075427073035
Q45429622	6000000075423497909
Q45429623	6000000075426683903
Q45429624	6000000075425946959
Q45429625	6000000075427661881
Q45429627	6000000075422523234
Q45429628	6000000075428016009
Q45429629	6000000075426245061
Q45429630	6000000075425596886
Q45429631	6000000075423853873
Q45429632	6000000075428957888
Q45429634	6000000075422143962
Q45429635	6000000075419115091
Q45429636	6000000075425463870
Q45429638	6000000075420396902
Q45429639	6000000075428914860
Q45429640	6000000075425409834
Q45429641	6000000075421599128
Q45429642	6000000075423916251
Q45429643	6000000075423625914
Q45429644	6000000075420350026
Q45429646	6000000075420305878
Q45429647	6000000074787309849
Q45429648	6000000075425043877
Q45429650	6000000075428721012
Q45429651	6000000075423003039
Q45429653	6000000075426492911
Q45429654	6000000075426870868
Q45429655	6000000075420100184
Q45429656	6000000075422015936
Q45429657	6000000075420060857
Q45429658	6000000075426248853
Q45429659	6000000075421345821
Q45429660	6000000075421430650
Q45429661	6000000075427335948
Q45429662	6000000075422651851
Q45429663	6000000075424080271
Q45429664	6000000075421214094
Q45429665	6000000075422662988
Q45429666	6000000075426818942
Q45429667	6000000075428808822
Q45429668	6000000075420307229
Q45429669	6000000075420983065
Q45429670	6000000075423806080
Q45429671	6000000075421105066
Q45429672	6000000075425780840
Q45429673	6000000074712470009
Q45429674	6000000075428641944
Q45429675	6000000075424821837
Q45429676	6000000075426416834
Q45429677	6000000075427329944
Q45429678	6000000075426896886
Q45429679	6000000075425579013
Q45429680	6000000075423650866
Q45429681	6000000075426637091
Q45429682	6000000075424600862
Q45429684	6000000075427339846
Q45429685	6000000075422664208
Q45429686	6000000075426655895
Q45429687	6000000075425760991
Q45429688	6000000075427797822
Q45429689	6000000075428668830
Q45429690	6000000075426661870
Q45429693	6000000075423238831
Q45429694	6000000075429093837
Q45429695	6000000075422179943
Q45429696	6000000075419618850
Q45429697	6000000075425162995
Q45429698	6000000075420176079
Q45429699	6000000075428430155
Q454297	6000000000770008062
Q45429701	6000000075423000822
Q45429702	6000000075424334967
Q45429703	6000000075425401841
Q45429704	6000000075420724880
Q45429706	6000000075420175910
Q45429707	6000000075423656934
Q45429709	6000000075424071873
Q45429711	6000000075424751029
Q45429712	6000000075422893134
Q45429713	6000000074725355416
Q45429714	6000000075427218832
Q45429715	6000000075426101092
Q45429716	6000000075420550906
Q45429717	6000000075426613837
Q45429718	6000000075421884968
Q45429719	6000000075426104944
Q45429720	6000000075420655226
Q45429721	6000000075420000908
Q45429722	6000000075422241979
Q45429723	6000000075427287934
Q45429724	6000000075422291088
Q45429725	6000000075421736858
Q45429726	6000000075424321157
Q45429728	6000000075422561062
Q45429729	6000000075427306858
Q45429730	6000000075428720850
Q45429731	6000000075420556062
Q45429732	6000000075421512822
Q45429733	6000000075424184869
Q45429735	6000000075421630830
Q45429736	6000000075425198092
Q45429737	6000000075428305045
Q45429738	6000000075425197242
Q45429740	6000000075426732014
Q45429741	6000000075426321894
Q45429742	6000000075427379949
Q45429743	6000000075425914827
Q45429744	6000000075424328844
Q45429745	6000000075426773068
Q45429746	6000000075424572121
Q45429747	6000000075427407826
Q45429748	6000000075423638872
Q45429749	6000000075424469949
Q45429750	6000000075426535997
Q45429751	6000000075426066912
Q45429752	6000000074690311110
Q45429753	6000000075428550888
Q45429757	6000000075422933946
Q45429758	6000000075429009919
Q45429759	6000000075422097914
Q45429760	6000000075419221037
Q45429761	6000000075423661970
Q45429762	6000000075425460877
Q45429763	6000000075429016840
Q45429764	6000000075419795240
Q45429765	6000000075422893832
Q45429766	6000000075424328889
Q45429767	6000000075425414822
Q45429768	6000000075420347046
Q45429769	6000000075419885896
Q45429770	6000000075420253907
Q45429771	6000000075423403109
Q45429772	6000000075423744072
Q45429774	6000000075423129977
Q45429775	6000000075421161839
Q45429776	6000000075427221826
Q45429777	6000000075424649161
Q45429779	6000000075420050123
Q45429780	6000000075426461876
Q45429781	6000000075421884973
Q45429782	6000000075420699138
Q45429783	6000000075420192834
Q45429784	6000000075426085922
Q45429785	6000000075421888205
Q45429786	6000000075427398942
Q45429787	6000000075422434997
Q45429788	6000000075421646932
Q45429789	6000000075424994822
Q45429791	6000000075422463097
Q45429792	6000000075427442844
Q45429793	6000000075427234868
Q45429794	6000000075420983822
Q45429795	6000000075421502839
Q45429796	6000000075424200880
Q45429797	6000000075421649822
Q45429798	6000000075425687908
Q45429799	6000000075428332053
Q45429800	6000000075425839908
Q45429801	6000000075424748878
Q45429802	6000000075426338150
Q45429803	6000000075426386874
Q45429804	6000000075425605933
Q45429805	6000000075427465887
Q45429806	6000000075423704836
Q45429808	6000000075427029838
Q45429809	6000000075425200855
Q45429811	6000000075423701822
Q45429812	6000000075426780278
Q45429813	6000000075426083146
Q45429814	6000000075427578931
Q45429815	6000000075425771027
Q45429816	6000000075428635853
Q45429818	6000000075426725826
Q45429819	6000000075425692834
Q45429820	6000000075423071962
Q45429821	6000000075429145843
Q45429822	6000000075422381824
Q45429823	6000000075423341274
Q45429824	6000000075429013833
Q45429826	6000000075420282007
Q45429828	6000000075422523050
Q45429829	6000000075424586837
Q45429830	6000000075424778881
Q45429831	6000000075420746852
Q45429832	6000000075419695991
Q45429833	6000000075420148014
Q45429834	6000000075423818828
Q45429835	6000000075424001901
Q45429836	6000000075429221842
Q45429837	6000000075423229849
Q45429839	6000000075426468184
Q45429840	6000000075425124824
Q45429841	6000000075426851868
Q45429842	6000000075420261081
Q45429844	6000000075421299863
Q45429845	6000000075420171842
Q45429846	6000000075422480880
Q45429847	6000000075427416859
Q45429848	6000000075426082931
Q45429850	6000000075422181825
Q45429851	6000000075421583919
Q45429852	6000000075422704872
Q45429854	6000000075422795002
Q45429856	6000000075427088904
Q45429857	6000000075428202043
Q45429858	6000000075420824875
Q45429859	6000000075421462835
Q45429860	6000000075424189863
Q45429862	6000000075425874930
Q45429863	6000000075425417036
Q45429864	6000000075424683932
Q45429865	6000000075421536891
Q45429866	6000000075426263196
Q45429867	6000000075426439828
Q45429868	6000000075427654821
Q45429869	6000000075423442903
Q45429870	6000000075425357106
Q45429871	6000000075421566747
Q45429872	6000000075427059848
Q45429873	6000000075426798838
Q45429874	6000000075427395826
Q45429875	6000000075425197851
Q45429876	6000000075427576948
Q45429877	6000000075426030888
Q45429878	6000000075428637855
Q45429879	6000000075424704840
Q45429880	6000000075423280834
Q45429881	6000000075426646875
Q45429882	6000000075425374949
Q45429883	6000000075421583252
Q45429884	6000000075429052838
Q45429885	6000000075423620002
Q45429888	6000000075425344893
Q45429889	6000000075419530921
Q45429890	6000000075419827244
Q45429891	6000000075422868878
Q45429892	6000000075420693889
Q45429893	6000000075419912848
Q45429894	6000000075420166962
Q45429896	6000000075423856822
Q45429897	6000000075424411954
Q45429898	6000000075423003356
Q45429899	6000000075423483843
Q454299	6000000018483019156
Q45429901	6000000075429219851
Q45429902	6000000075427055901
Q45429903	6000000075426344055
Q45429905	6000000075419157813
Q45429906	6000000043401754871
Q45429907	6000000075421182888
Q45429908	6000000075420068884
Q45429909	6000000075422069997
Q45429910	6000000075427349902
Q45429911	6000000075425734097
Q45429913	6000000075421639902
Q45429914	6000000075423132854
Q45429915	6000000075423494588
Q45429916	6000000075422647888
Q45429917	6000000075427241900
Q45429918	6000000075428622943
Q45429919	6000000075420943853
Q45429920	6000000075421338903
Q45429922	6000000075428835846
Q45429923	6000000075426044822
Q45429924	6000000075424889412
Q45429926	6000000075421477904
Q45429927	6000000075423992179
Q45429928	6000000075427167055
Q45429929	6000000075426307924
Q45429930	6000000075425771890
Q45429931	6000000075423317296
Q45429932	6000000075423663847
Q45429933	6000000075426816972
Q45429934	6000000075426422997
Q45429935	6000000075425123888
Q45429936	6000000074690018225
Q45429937	6000000075427404854
Q45429939	6000000075428704822
Q45429940	6000000075422523254
Q45429941	6000000075423800271
Q45429942	6000000075426705850
Q45429943	6000000075425541880
Q45429944	6000000075422012984
Q45429946	6000000075423884880
Q45429948	6000000075428660909
Q45429949	6000000075420062062
Q45429951	6000000075422845871
Q45429953	6000000075420480004
Q45429954	6000000075424834149
Q45429955	6000000075419935846
Q45429956	6000000075425338861
Q45429957	6000000075423775867
Q45429958	6000000075420272886
Q45429959	6000000075424492908
Q45429960	6000000075424055880
Q45429961	6000000075423503834
Q45429962	6000000075420933925
Q45429963	6000000075429305834
Q45429964	6000000075426102397
Q45429965	6000000075426440036
Q45429965	6000000075482451976
Q45429966	6000000075424716065
Q45429967	6000000075420269043
Q45429968	6000000074735833924
Q45429969	6000000075420148860
Q45429970	6000000075422427913
Q45429971	6000000075421178879
Q45429972	6000000075427429876
Q45429973	6000000075425887097
Q45429975	6000000075421520906
Q45429976	6000000075423108837
Q45429977	6000000074770003946
Q45429980	6000000075428861863
Q45429981	6000000075424177852
Q45429982	6000000075424273119
Q45429983	6000000075428517915
Q45429984	6000000075406575919
Q45429985	6000000075427282851
Q45429986	6000000075425944284
Q45429987	6000000075425769864
Q45429988	6000000075424306190
Q45429989	6000000075427624934
Q45429991	6000000075424176074
Q45429992	6000000075422986839
Q45429993	6000000074728126850
Q45429994	6000000075425214092
Q45429995	6000000075423517879
Q45429996	6000000075425967089
Q45429997	6000000075419340976
Q45429999	6000000075425915945
Q45430000	6000000075426646880
Q45430001	6000000075423730947
Q45430002	6000000075427403981
Q45430003	6000000075428992859
Q45430004	6000000075424636993
Q45430005	6000000075425496878
Q45430006	6000000075424306001
Q45430007	6000000075427106838
Q45430008	6000000075426628045
Q45430009	6000000075425155919
Q45430010	6000000075421378875
Q45430011	6000000075426623210
Q45430012	6000000075423152880
Q45430013	6000000075420143046
Q45430014	6000000075420401232
Q45430015	6000000075428800003
Q45430016	6000000075420255878
Q45430017	6000000075423700940
Q45430018	6000000075421529865
Q45430019	6000000075419859966
Q45430020	6000000075423221277
Q45430021	6000000075423395921
Q45430022	6000000075424002074
Q45430023	6000000075428808051
Q45430024	6000000074727453920
Q45430025	6000000075426915843
Q45430025	6000000075482451981
Q45430026	6000000075427214846
Q45430028	6000000075426632822
Q45430029	6000000075420398021
Q45430031	6000000075420097899
Q45430032	6000000075421134931
Q45430033	6000000075427473851
Q45430034	6000000075422394926
Q45430035	6000000075426057910
Q45430036	6000000075421611154
Q45430037	6000000075421712861
Q45430039	6000000075421135778
Q45430040	6000000075423983970
Q45430041	6000000075428852849
Q45430042	6000000075428702821
Q45430044	6000000075423508496
Q45430045	6000000075427241905
Q45430046	6000000075426518981
Q45430047	6000000075420790851
Q45430048	6000000075425774857
Q45430050	6000000075425141851
Q45430051	6000000075427407080
Q45430052	6000000075425947822
Q45430053	6000000075422962844
Q45430054	6000000075425892970
Q45430055	6000000075422384835
Q45430056	6000000075424475464
Q45430058	6000000075426390903
Q45430060	6000000075423993842
Q45430061	6000000075425462114
Q45430062	6000000075423730081
Q45430063	6000000075427414939
Q45430064	6000000075428994880
Q45430065	6000000075426709841
Q45430066	6000000075424629075
Q45430067	6000000075424500278
Q45430068	6000000075423730181
Q45430069	6000000075426878955
Q45430071	6000000075425421822
Q45430073	6000000075427308878
Q45430074	6000000075419885179
Q45430075	6000000075420386197
Q45430076	6000000075422965023
Q45430077	6000000075427930271
Q45430078	6000000075420379835
Q45430079	6000000075421557860
Q45430080	6000000075420002822
Q45430081	6000000075423765898
Q45430082	6000000075424071878
Q45430083	6000000075423294967
Q45430084	6000000075424100127
Q45430085	6000000075429305843
Q45430086	6000000075421090883
Q45430087	6000000075426890869
Q45430087	6000000075482668823
Q45430088	6000000075426148102
Q45430089	6000000074726273914
Q45430090	6000000074699610976
Q45430091	6000000075426844843
Q45430092	6000000075420041936
Q45430093	6000000075421107950
Q45430094	6000000075428748878
Q45430095	6000000075427352963
Q45430096	6000000075421647433
Q45430097	6000000075426242883
Q45430098	6000000075422138895
Q45430099	6000000075422423982
Q45430100	6000000075423177822
Q45430101	6000000075423444288
Q45430102	6000000075428452916
Q45430103	6000000075421678890
Q45430104	6000000075425941532
Q45430105	6000000075425431594
Q45430106	6000000075424322050
Q45430107	6000000075420593963
Q45430108	6000000074710141898
Q45430109	6000000075425708892
Q45430110	6000000075425229861
Q45430112	6000000075427243096
Q45430113	6000000075425767940
Q45430114	6000000075422666900
Q45430115	6000000075426061895
Q45430116	6000000075422143967
Q45430117	6000000075425600843
Q45430118	6000000075423068075
Q45430119	6000000075426289924
Q45430120	6000000075419302173
Q45430121	6000000074725622201
Q45430122	6000000075425679054
Q45430123	6000000075424036000
Q45430125	6000000075428822926
Q45430126	6000000075427568919
Q45430127	6000000075425423905
Q45430128	6000000075425862220
Q45430129	6000000075424998834
Q45430130	6000000075423508432
Q45430131	6000000075426879976
Q45430132	6000000075426417100
Q45430133	6000000075425379853
Q45430134	6000000075421049020
Q45430135	6000000075426703161
Q45430139	6000000075420334965
Q45430142	6000000075421434957
Q45430143	6000000075419933872
Q45430144	6000000075423863822
Q45430145	6000000075423373135
Q45430146	6000000075423174986
Q45430147	6000000075424069157
Q45430148	6000000075429337835
Q45430149	6000000075420987895
Q45430150	6000000075426876833
Q45430151	6000000075420682823
Q45430152	6000000075424572064
Q45430153	6000000075426396956
Q45430154	6000000075426773133
Q45430155	6000000075420121899
Q45430156	6000000075420165316
Q45430157	6000000075427900137
Q45430158	6000000075426825259
Q45430159	6000000075426280877
Q45430160	6000000075421769100
Q45430161	6000000075421385347
Q45430162	6000000075422696845
Q45430163	6000000075423119877
Q45430164	6000000075427662198
Q45430165	6000000075421105130
Q45430166	6000000075424085902
Q45430167	6000000075426263384
Q45430168	6000000075426636921
Q45430169	6000000075423837310
Q45430170	6000000075420444106
Q45430171	6000000075424006858
Q45430172	6000000075425825827
Q45430173	6000000075425157854
Q45430174	6000000075427789841
Q45430175	6000000074698515743
Q45430176	6000000075423022822
Q45430177	6000000075421854090
Q45430178	6000000075425602885
Q45430179	6000000075426105875
Q45430180	6000000075423637864
Q45430181	6000000075426418829
Q45430182	6000000075419733863
Q45430184	6000000075425909907
Q45430185	6000000075423883143
Q45430186	6000000075427232489
Q45430187	6000000075427265054
Q45430188	6000000075425944220
Q45430189	6000000075425294915
Q45430190	6000000075424632893
Q45430191	6000000075426948903
Q45430192	6000000075424972836
Q45430193	6000000075426753979
Q45430194	6000000075425231914
Q45430195	6000000075421460845
Q45430196	6000000075427331881
Q45430197	6000000075420468851
Q45430198	6000000075420943873
Q45430199	6000000075423349822
Q45430201	6000000075420344842
Q45430202	6000000075428859912
Q45430203	6000000075419864931
Q45430204	6000000075423585962
Q45430205	6000000075423800058
Q45430206	6000000075420655372
Q45430207	6000000075428705067
Q45430208	6000000075424221027
Q45430209	6000000075421004917
Q45430210	6000000075423536824
Q45430211	6000000075426224181
Q45430212	6000000075420381937
Q45430213	6000000075425138822
Q45430214	6000000075426161072
Q45430215	6000000075426704112
Q45430216	6000000075420050945
Q45430217	6000000075421177916
Q45430218	6000000075428690845
Q45430219	6000000075427380913
Q45430220	6000000075426308822
Q45430221	6000000075422122896
Q45430222	6000000075422201004
Q45430223	6000000075423093884
Q45430224	6000000075428682836
Q45430225	6000000075421975025
Q45430226	6000000075421252072
Q45430227	6000000075423515273
Q45430228	6000000075427247896
Q45430229	6000000075426393103
Q45430230	6000000075424680945
Q45430231	6000000075420748881
Q45430232	6000000075428623013
Q45430233	6000000075425641927
Q45430234	6000000075423544527
Q45430235	6000000075427166959
Q45430236	6000000075425759912
Q45430237	6000000075422388832
Q45430238	6000000075425633862
Q45430239	6000000075425970914
Q45430240	6000000075421230694
Q45430241	6000000075423524924
Q45430242	6000000075419748839
Q45430244	6000000075423661978
Q45430245	6000000075425941124
Q45430246	6000000075422888129
Q45430248	6000000075426922283
Q45430249	6000000075425822979
Q45430250	6000000075426699854
Q45430252	6000000074699277160
Q45430253	6000000075424722822
Q45430254	6000000075427099831
Q45430255	6000000075424040258
Q45430256	6000000075426467125
Q45430257	6000000075424080468
Q45430258	6000000075421514827
Q45430259	6000000074784334941
Q45430260	6000000075419115569
Q45430261	6000000075420905868
Q45430262	6000000075423166900
Q45430263	6000000075429179822
Q45430264	6000000075419927872
Q45430265	6000000075420099950
Q45430266	6000000075423254130
Q45430267	6000000075420655389
Q45430269	6000000075428359172
Q45430270	6000000075420836911
Q45430271	6000000075424450925
Q45430272	6000000075425771459
Q45430273	6000000075419674245
Q45430274	6000000075422990043
Q45430275	6000000075424881937
Q45430276	6000000075426443927
Q45430277	6000000075426991970
Q45430279	6000000075419474160
Q45430280	6000000075427228968
Q45430281	6000000075421319867
Q45430282	6000000075426061964
Q45430284	6000000075421733113
Q45430285	6000000075421430667
Q45430286	6000000075423067863
Q45430287	6000000075428573883
Q45430288	6000000075422388012
Q45430289	6000000075421427011
Q45430291	6000000075427275859
Q45430292	6000000075426167212
Q45430293	6000000075423791217
Q45430294	6000000075420335078
Q45430295	6000000075423883042
Q45430296	6000000075425855823
Q45430297	6000000075428533016
Q45430298	6000000075424792986
Q45430299	6000000075427808822
Q45430300	6000000075425417095
Q45430301	6000000075422198968
Q45430302	6000000075422393053
Q45430303	6000000075425327995
Q45430304	6000000075424912573
Q45430305	6000000075423219090
Q45430306	6000000075423191327
Q45430307	6000000075426072986
Q45430308	6000000075419537051
Q45430309	6000000075423755166
Q45430310	6000000075425912912
Q45430311	6000000075428666949
Q45430312	6000000075426450484
Q45430313	6000000075426724836
Q45430314	6000000075423248505
Q45430315	6000000075426727976
Q45430316	6000000075424533083
Q45430317	6000000075425403914
Q45430318	6000000075424633307
Q45430320	6000000075427036007
Q45430322	6000000075420733951
Q45430323	6000000075423186889
Q45430324	6000000075428474076
Q45430325	6000000075419443123
Q45430326	6000000075419443288
Q45430329	6000000075423840841
Q45430330	6000000075424071883
Q45430331	6000000075420983879
Q45430332	6000000074725970128
Q45430333	6000000075424431892
Q45430334	6000000075420550922
Q45430335	6000000075423331932
Q45430336	6000000075426773958
Q45430337	6000000075424862967
Q45430338	6000000075425467815
Q45430339	6000000075426550883
Q45430340	6000000075420184867
Q45430341	6000000075427386950
Q45430342	6000000075425586137
Q45430343	6000000075421360822
Q45430344	6000000075422234828
Q45430345	6000000075422258991
Q45430346	6000000075422906915
Q45430347	6000000075428663890
Q45430348	6000000075428369951
Q45430349	6000000075422336023
Q45430350	6000000075421648869
Q45430351	6000000075426160359
Q45430352	6000000075424852825
Q45430353	6000000075420788855
Q45430354	6000000075425581168
Q45430355	6000000075423793104
Q45430357	6000000075424887345
Q45430358	6000000075428740916
Q45430360	6000000075427802843
Q45430362	6000000075425357111
Q45430364	6000000075425245043
Q45430365	6000000075426060903
Q45430366	6000000075421760076
Q45430367	6000000075423333998
Q45430368	6000000075422558520
Q45430369	6000000075425883035
Q45430370	6000000075424080009
Q45430371	6000000075419714909
Q45430372	6000000075429041828
Q45430373	6000000075425467161
Q45430374	6000000075424565265
Q45430376	6000000075426697006
Q45430377	6000000075426698863
Q45430378	6000000075424799968
Q45430379	6000000075420901837
Q45430380	6000000075425082849
Q45430381	6000000075421213983
Q45430382	6000000075419848906
Q45430383	6000000075424727832
Q45430384	6000000075420394821
Q45430385	6000000075421370930
Q45430386	6000000075428616062
Q45430387	6000000075420386916
Q45430388	6000000075427582890
Q45430389	6000000075423522982
Q45430390	6000000075424147844
Q45430391	6000000075420790970
Q45430392	6000000075423161909
Q45430393	6000000075427002824
Q45430394	6000000075427020021
Q45430395	6000000075429329851
Q45430396	6000000075424197083
Q45430397	6000000075420635853
Q45430398	6000000075423370892
Q45430399	6000000075426894861
Q45430400	6000000075424561192
Q45430401	6000000075426725963
Q45430402	6000000075420076863
Q45430403	6000000075426301835
Q45430404	6000000075426279098
Q45430405	6000000075422246822
Q45430406	6000000075427329886
Q45430407	6000000075422012134
Q45430408	6000000075423169823
Q45430409	6000000075428785824
Q45430410	6000000075428299040
Q45430411	6000000075421266829
Q45430413	6000000075422658861
Q45430414	6000000075420578951
Q45430415	6000000075427087986
Q45430416	6000000075424767887
Q45430417	6000000075425944299
Q45430418	6000000075423515279
Q45430419	6000000075425197140
Q45430420	6000000075428512943
Q45430422	6000000074749839903
Q45430423	6000000075425545060
Q45430424	6000000075424637187
Q45430426	6000000075425162285
Q45430427	6000000075422265942
Q45430429	6000000075424797310
Q45430430	6000000075426192981
Q45430431	6000000075423347143
Q45430432	6000000075424312856
Q45430433	6000000075419497945
Q45430434	6000000075428957868
Q45430436	6000000075425931854
Q45430437	6000000074701674937
Q45430438	6000000075426117070
Q45430439	6000000075423078202
Q45430440	6000000075420955842
Q45430441	6000000075425126915
Q45430442	6000000075421428869
Q45430443	6000000075419793952
Q45430444	6000000075424605874
Q45430445	6000000075420148026
Q45430446	6000000075420573403
Q45430448	6000000075420021133
Q45430449	6000000075427597891
Q45430450	6000000075423786857
Q45430451	6000000075423920950
Q45430452	6000000075420955927
Q45430454	6000000075423331835
Q45430455	6000000075425997460
Q45430456	6000000075427270973
Q45430457	6000000075429315846
Q45430458	6000000075420441026
Q45430459	6000000075423257973
Q45430460	6000000075426678954
Q45430461	6000000075424050093
Q45430462	6000000075425082826
Q45430463	6000000075427241832
Q45430464	6000000075419987951
Q45430465	6000000075425586142
Q45430466	6000000075422105908
Q45430467	6000000075426102599
Q45430468	6000000075426299938
Q45430469	6000000075422400971
Q45430470	6000000075423040898
Q45430471	6000000075419988490
Q45430472	6000000075428702826
Q45430473	6000000075427011118
Q45430474	6000000075422379028
Q45430475	6000000075421703867
Q45430476	6000000075420769842
Q45430477	6000000074699879921
Q45430478	6000000075424128235
Q45430479	6000000075426748860
Q45430480	6000000075424055939
Q45430481	6000000075428784896
Q45430482	6000000075426880311
Q45430483	6000000075425654000
Q45430484	6000000075424282065
Q45430486	6000000075424792991
Q45430487	6000000075422998828
Q45430488	6000000075422384840
Q45430489	6000000075423622900
Q45430490	6000000075426072856
Q45430492	6000000075425685841
Q45430493	6000000075423973834
Q45430494	6000000075424264906
Q45430495	6000000075419607954
Q45430496	6000000075426322967
Q45430497	6000000075429054822
Q45430498	6000000075425676027
Q45430499	6000000075425561826
Q45430500	6000000075426191307
Q45430501	6000000075426541898
Q45430502	6000000075424040263
Q45430503	6000000075420920886
Q45430504	6000000075419915882
Q45430505	6000000075424398322
Q45430506	6000000075424025981
Q45430507	6000000075421160977
Q45430508	6000000075421664834
Q45430509	6000000075419443299
Q45430510	6000000075419827258
Q45430512	6000000075427655823
Q45430513	6000000075429011864
Q45430514	6000000075422610304
Q45430515	6000000075423806022
Q45430516	6000000075421048859
Q45430517	6000000075423313870
Q45430518	6000000075426611079
Q45430519	6000000075427290866
Q45430521	6000000075429224868
Q45430522	6000000075420215033
Q45430523	6000000075423509882
Q45430524	6000000075426878822
Q45430525	6000000075424477882
Q45430526	6000000075425087828
Q45430528	6000000075426703097
Q45430529	6000000075419830100
Q45430530	6000000075425697092
Q45430531	6000000075426353482
Q45430532	6000000075420273785
Q45430533	6000000075422402962
Q45430534	6000000075426086054
Q45430535	6000000075422978917
Q45430536	6000000075420862011
Q45430537	6000000075427934113
Q45430538	6000000075421602910
Q45430539	6000000075422639872
Q45430540	6000000075420552017
Q45430541	6000000075424788847
Q45430542	6000000075426570898
Q45430543	6000000075427219901
Q45430544	6000000075423987988
Q45430545	6000000075427738863
Q45430546	6000000075425855871
Q45430547	6000000075425733875
Q45430548	6000000075428909822
Q45430550	6000000075428823822
Q45430551	6000000075424536251
Q45430552	6000000075422923846
Q45430553	6000000075423588924
Q45430554	6000000075426155824
Q45430555	6000000075422012003
Q45430556	6000000075424522465
Q45430557	6000000075424337894
Q45430558	6000000075423869900
Q45430560	6000000075418539470
Q45430560	6000000075481925120
Q45430561	6000000075425221010
Q45430562	6000000075426012860
Q45430563	6000000075426403850
Q45430564	6000000075427013902
Q45430565	6000000075425784197
Q45430566	6000000075424893920
Q45430567	6000000075420832905
Q45430568	6000000075425388824
Q45430569	6000000075429023832
Q45430570	6000000075418887432
Q45430571	6000000075424637863
Q45430572	6000000075421148980
Q45430573	6000000075420723255
Q45430574	6000000075420160941
Q45430575	6000000075420048048
Q45430576	6000000075429132840
Q45430577	6000000075423840862
Q45430578	6000000075426704258
Q45430579	6000000075423958992
Q45430580	6000000075421065880
Q45430581	6000000075423340845
Q45430582	6000000075426754914
Q45430583	6000000075429170860
Q45430584	6000000075426308459
Q45430585	6000000075419621425
Q45430586	6000000075423554823
Q45430587	6000000075426259152
Q45430588	6000000075424937887
Q45430589	6000000075424380924
Q45430590	6000000075419503277
Q45430590	6000000075420097905
Q45430591	6000000075426443235
Q45430592	6000000075426173944
Q45430593	6000000075427167027
Q45430594	6000000075422225837
Q45430595	6000000075421845170
Q45430596	6000000075425603368
Q45430597	6000000075423170839
Q45430598	6000000075421064973
Q45430599	6000000075421689879
Q45430600	6000000075428710822
Q45430601	6000000075420784850
Q45430602	6000000075421401593
Q45430603	6000000075427167929
Q45430604	6000000075424128875
Q45430605	6000000075424243067
Q45430606	6000000075426648948
Q45430607	6000000075427522918
Q45430608	6000000075425614973
Q45430609	6000000075428524966
Q45430610	6000000075425359130
Q45430611	6000000075422558033
Q45430612	6000000075428609852
Q45430613	6000000075423745822
Q45430614	6000000075426151847
Q45430615	6000000075424808120
Q45430616	6000000075422416822
Q45430617	6000000075423959114
Q45430618	6000000075423754931
Q45430621	6000000075419649874
Q45430622	6000000075425577834
Q45430623	6000000075426013876
Q45430624	6000000075426289941
Q45430625	6000000075426645106
Q45430626	6000000075426426041
Q45430627	6000000075420782944
Q45430628	6000000075425272932
Q45430629	6000000075424839968
Q45430630	6000000075425525931
Q45430631	6000000075423800288
Q45430632	6000000075429008823
Q45430633	6000000075421505909
Q45430634	6000000075421395894
Q45430638	6000000075428709960
Q45430639	6000000075419875038
Q45430640	6000000075423819854
Q45430643	6000000075424143841
Q45430644	6000000075426517867
Q45430645	6000000075420068984
Q45430646	6000000075429376851
Q45430647	6000000075423216870
Q45430648	6000000075427380850
Q45430649	6000000075420634845
Q45430651	6000000075426799918
Q45430653	6000000075424047142
Q45430654	6000000075419675111
Q45430655	6000000075425146823
Q45430656	6000000075426311829
Q45430657	6000000075426880217
Q45430658	6000000074788364460
Q45430660	6000000075426610836
Q45430661	6000000075427042932
Q45430662	6000000075421281869
Q45430663	6000000075423058944
Q45430664	6000000075421777821
Q45430665	6000000075428000061
Q45430666	6000000075422717839
Q45430667	6000000075420610924
Q45430669	6000000075424001952
Q45430670	6000000075424535049
Q45430671	6000000075426650922
Q45430672	6000000075425612994
Q45430673	6000000075428751887
Q45430674	6000000075427653941
Q45430675	6000000074703713903
Q45430676	6000000075423189023
Q45430678	6000000075426082865
Q45430679	6000000075422770923
Q45430680	6000000075422166920
Q45430681	6000000075423851161
Q45430682	6000000075423544532
Q45430683	6000000075423992844
Q45430685	6000000075419411948
Q45430686	6000000075425571850
Q45430687	6000000075425986886
Q45430688	6000000075426096050
Q45430689	6000000075426475161
Q45430690	6000000075426569870
Q45430691	6000000075425316892
Q45430692	6000000075425008834
Q45430693	6000000075420984828
Q45430695	6000000075424410971
Q45430696	6000000074790899553
Q45430698	6000000075421010022
Q45430700	6000000075420408822
Q45430701	6000000075326776855
Q45430702	6000000075423536994
Q45430703	6000000075420061125
Q45430704	6000000075424011882
Q45430705	6000000075427657826
Q45430706	6000000074747414202
Q45430707	6000000075420171125
Q45430709	6000000075423226908
Q45430710	6000000075427380855
Q45430711	6000000075420655876
Q45430712	6000000075429106886
Q45430714	6000000075424474871
Q45430716	6000000075423484891
Q45430718	6000000075423168764
Q45430719	6000000075426202909
Q45430720	6000000075427546824
Q45430721	6000000075421793128
Q45430722	6000000075426582876
Q45430723	6000000075427087926
Q45430724	6000000075422192051
Q45430725	6000000075420955000
Q45430726	6000000075422607101
Q45430728	6000000075428567918
Q45430729	6000000075422422009
Q45430730	6000000075420685918
Q45430731	6000000074704097911
Q45430732	6000000075424007254
Q45430733	6000000075427139951
Q45430734	6000000075425875342
Q45430735	6000000075425961822
Q45430736	6000000075428914822
Q45430737	6000000075422923222
Q45430738	6000000075427810828
Q45430739	6000000075425620167
Q45430740	6000000075422971838
Q45430741	6000000075425261020
Q45430743	6000000075423652261
Q45430744	6000000075424080413
Q45430745	6000000075428371971
Q45430746	6000000075423347149
Q45430747	6000000075419114136
Q45430748	6000000075425518898
Q45430749	6000000075425462119
Q45430750	6000000075426338895
Q45430751	6000000075426964883
Q45430752	6000000075426736830
Q45430753	6000000075424832041
Q45430754	6000000075424702991
Q45430755	6000000075420261262
Q45430756	6000000075424738822
Q45430757	6000000075425629906
Q45430758	6000000075421565870
Q45430759	6000000075421354900
Q45430760	6000000075428568936
Q45430761	6000000075419933891
Q45430762	6000000075420122012
Q45430763	6000000074792133915
Q45430764	6000000075422923291
Q45430765	6000000075420673145
Q45430766	6000000075423410185
Q45430767	6000000075419291465
Q45430768	6000000075427615834
Q45430769	6000000075426897872
Q45430771	6000000075427201927
Q45430772	6000000075420434002
Q45430773	6000000075426430108
Q45430774	6000000075424378882
Q45430775	6000000075428735993
Q45430777	6000000075423406928
Q45430778	6000000075424797677
Q45430779	6000000075420045898
Q45430780	6000000075427246044
Q45430781	6000000074752486032
Q45430783	6000000075421895977
Q45430784	6000000075426110141
Q45430785	6000000075427215837
Q45430786	6000000075422440902
Q45430787	6000000075421134935
Q45430788	6000000075423048917
Q45430789	6000000075421586896
Q45430790	6000000075428553865
Q45430791	6000000075422717844
Q45430793	6000000075420383138
Q45430794	6000000075424275844
Q45430795	6000000075424518040
Q45430796	6000000075427346822
Q45430797	6000000075426470989
Q45430798	6000000075425855876
Q45430799	6000000075428336029
Q45430800	6000000075423493956
Q45430801	6000000075427646959
Q45430802	6000000075426002917
Q45430803	6000000075422825931
Q45430804	6000000075425655925
Q45430805	6000000075423059539
Q45430806	6000000075428635933
Q45430807	6000000075422277846
Q45430808	6000000075423721990
Q45430809	6000000075424878021
Q45430810	6000000075419629938
Q45430811	6000000075425102987
Q45430812	6000000075426112970
Q45430813	6000000075426409303
Q45430814	6000000075425718845
Q45430817	6000000075425328878
Q45430818	6000000075424611101
Q45430819	6000000075420702028
Q45430820	6000000075424273064
Q45430821	6000000075419674595
Q45430823	6000000075425727822
Q45430824	6000000075421239941
Q45430825	6000000075428781945
Q45430826	6000000074784358086
Q45430827	6000000075423781890
Q45430828	6000000075420480191
Q45430829	6000000075419443304
Q45430830	6000000075429139839
Q45430831	6000000075423851023
Q45430832	6000000075420400933
Q45430833	6000000075427667824
Q45430834	6000000075427008837
Q45430836	6000000075427242916
Q45430837	6000000075420653854
Q45430838	6000000075426179192
Q45430839	6000000075429105896
Q45430840	6000000075422522310
Q45430841	6000000075423078094
Q45430842	6000000075426281855
Q45430843	6000000075419896015
Q45430844	6000000075427473856
Q45430845	6000000075424984930
Q45430846	6000000075422218856
Q45430847	6000000075426366975
Q45430848	6000000074718748131
Q45430849	6000000075422520877
Q45430850	6000000075421158842
Q45430851	6000000075423149828
Q45430852	6000000075421099064
Q45430853	6000000075428043024
Q45430854	6000000075421105642
Q45430855	6000000075423977967
Q45430856	6000000075419849407
Q45430857	6000000075424128240
Q45430858	6000000075426828828
Q45430859	6000000075425563965
Q45430860	6000000075426596185
Q45430861	6000000075428514020
Q45430862	6000000075423658876
Q45430863	6000000075427778846
Q45430864	6000000075424792564
Q45430865	6000000075422911863
Q45430866	6000000075425591950
Q45430867	6000000075428793831
Q45430868	6000000075423769090
Q45430869	6000000075422347857
Q45430870	6000000075423969842
Q45430872	6000000075419334098
Q45430873	6000000075426882928
Q45430874	6000000075426431862
Q45430875	6000000075425547149
Q45430876	6000000075425338945
Q45430877	6000000075425431551
Q45430878	6000000075424575118
Q45430879	6000000075420759980
Q45430880	6000000075423828360
Q45430881	6000000075424306101
Q45430882	6000000075420921181
Q45430884	6000000075421204968
Q45430885	6000000075419257381
Q45430886	6000000075420780981
Q45430887	6000000075423799861
Q45430888	6000000075420198914
Q45430889	6000000075427632378
Q45430891	6000000075424059858
Q45430892	6000000075420502836
Q45430893	6000000075423089941
Q45430894	6000000075426371169
Q45430895	6000000075427562881
Q45430896	6000000075427390860
Q45430898	6000000075420477967
Q45430899	6000000075426385076
Q45430901	6000000075426276872
Q45430902	6000000075424043020
Q45430903	6000000075423003067
Q45430904	6000000075427410864
Q45430905	6000000075421995964
Q45430906	6000000075426465930
Q45430907	6000000075419353249
Q45430908	6000000075424287210
Q45430909	6000000075427249829
Q45430910	6000000075422411939
Q45430911	6000000075420872050
Q45430912	6000000074746226937
Q45430913	6000000075421635864
Q45430914	6000000075422259051
Q45430915	6000000075428626866
Q45430917	6000000075420821845
Q45430918	6000000075426768881
Q45430919	6000000074737664825
Q45430920	6000000075424866822
Q45430921	6000000075424206890
Q45430923	6000000075423071215
Q45430924	6000000075427778851
Q45430925	6000000075428039205
Q45430926	6000000075426021871
Q45430927	6000000075422851924
Q45430928	6000000075428704882
Q45430929	6000000075424374825
Q45430930	6000000075425813859
Q45430931	6000000075423588013
Q45430932	6000000075425252834
Q45430933	6000000075422426822
Q45430934	6000000075419490969
Q45430935	6000000075427098864
Q45430937	6000000075426347896
Q45430938	6000000075424387595
Q45430939	6000000075424733242
Q45430940	6000000075426493005
Q45430941	6000000075425304915
Q45430942	6000000075420975836
Q45430943	6000000075424937851
Q45430944	6000000075420152450
Q45430945	6000000075424740830
Q45430946	6000000075421543822
Q45430947	6000000075419879922
Q45430948	6000000075425420935
Q45430949	6000000075420993900
Q45430950	6000000075423294076
Q45430951	6000000075419980085
Q45430952	6000000075428771929
Q45430953	6000000075427934340
Q45430954	6000000075423537163
Q45430955	6000000075420297984
Q45430956	6000000075422795074
Q45430958	6000000075427628840
Q45430959	6000000075427067002
Q45430960	6000000075419223674
Q45430961	6000000075426896833
Q45430962	6000000075428110207
Q45430963	6000000075426069905
Q45430964	6000000075424611826
Q45430965	6000000075423191073
Q45430966	6000000075427515852
Q45430968	6000000075422246835
Q45430969	6000000075426742135
Q45430970	6000000075420220839
Q45430972	6000000075425784150
Q45430973	6000000075421086974
Q45430974	6000000075423204822
Q45430975	6000000075422527919
Q45430976	6000000075421732858
Q45430977	6000000075422327989
Q45430978	6000000075428517921
Q45430979	6000000075420569893
Q45430980	6000000075426725872
Q45430981	6000000075425822901
Q45430982	6000000075424287045
Q45430983	6000000075423787166
Q45430984	6000000075428720891
Q45430986	6000000075421852620
Q45430987	6000000075427312849
Q45430988	6000000075422982869
Q45430989	6000000075426883638
Q45430991	6000000075424032821
Q45430992	6000000075422120002
Q45430993	6000000075426085893
Q45430994	6000000074747907060
Q45430995	6000000075419301156
Q45430996	6000000075425155872
Q45430997	6000000075426861982
Q45430998	6000000075425781843
Q45431	6000000006788772845
Q45431001	6000000075426749822
Q45431002	6000000075424398333
Q45431003	6000000075425447911
Q45431004	6000000075420656085
Q45431006	6000000075424801946
Q45431007	6000000075419973864
Q45431008	6000000075425453977
Q45431009	6000000075420574052
Q45431010	6000000075421057116
Q45431011	6000000075424690846
Q45431012	6000000075423799866
Q45431013	6000000075420334831
Q45431014	6000000075428992864
Q45431015	6000000075429075850
Q45431016	6000000075420152012
Q45431017	6000000075423371846
Q45431018	6000000075424154867
Q45431019	6000000075427661846
Q45431020	6000000075426900924
Q45431021	6000000075426923080
Q45431022	6000000075420225030
Q45431023	6000000075426596044
Q45431024	6000000075428980994
Q45431025	6000000075426328822
Q45431026	6000000075424025929
Q45431027	6000000075423515840
Q45431028	6000000075427568822
Q45431029	6000000075421847969
Q45431030	6000000075427129858
Q45431031	6000000075424831901
Q45431032	6000000075426518856
Q45431033	6000000075419902154
Q45431034	6000000075421015028
Q45431035	6000000075423070914
Q45431036	6000000074758015967
Q45431037	6000000075421318044
Q45431038	6000000075422481004
Q45431039	6000000075427943131
Q45431040	6000000075426725877
Q45431041	6000000075425350111
Q45431042	6000000075420482980
Q45431043	6000000075424838846
Q45431044	6000000075424165881
Q45431046	6000000075428706900
Q45431047	6000000075428280957
Q45431048	6000000075426567211
Q45431049	6000000075423057207
Q45431050	6000000075420943953
Q45431052	6000000075424224899
Q45431054	6000000075423721995
Q45431055	6000000075422280890
Q45431056	6000000074747371366
Q45431057	6000000075419728867
Q45431058	6000000075425020954
Q45431060	6000000075426344155
Q45431061	6000000075425783959
Q45431062	6000000075426483832
Q45431064	6000000075427957173
Q45431065	6000000075426113146
Q45431066	6000000075425189976
Q45431067	6000000075420623046
Q45431068	6000000075421664840
Q45431069	6000000075425099132
Q45431070	6000000075424530086
Q45431071	6000000075425696849
Q45431072	6000000075421148987
Q45431074	6000000075422923297
Q45431075	6000000075421167827
Q45431076	6000000075424100190
Q45431077	6000000075420286878
Q45431079	6000000075420444894
Q45431080	6000000075421566670
Q45431081	6000000075423802022
Q45431083	6000000075426450508
Q45431084	6000000075426881965
Q45431086	6000000075427386868
Q45431087	6000000075428966935
Q45431088	6000000075420660872
Q45431089	6000000075426308156
Q45431091	6000000075424507891
Q45431092	6000000075423523845
Q45431093	6000000075425431308
Q45431094	6000000075427127034
Q45431095	6000000075421888003
Q45431096	6000000075426782027
Q45431097	6000000075425679305
Q45431098	6000000075424704013
Q45431099	6000000075421213902
Q454311	6000000008439466632
Q45431100	6000000075422523150
Q45431102	6000000075422427920
Q45431103	6000000075419654042
Q45431104	6000000075420988213
Q45431107	6000000075425775940
Q45431108	6000000075428477957
Q45431109	6000000075420146848
Q45431110	6000000075424819841
Q45431111	6000000075424115900
Q45431112	6000000074299924827
Q45431113	6000000075425941538
Q45431114	6000000075428134954
Q45431115	6000000075422921260
Q45431116	6000000075424392826
Q45431117	6000000075422978842
Q45431118	6000000075422432823
Q45431119	6000000075425604924
Q45431120	6000000075423555103
Q45431121	6000000075419722887
Q45431122	6000000075427067862
Q45431123	6000000075424536256
Q45431124	6000000075426499822
Q45431125	6000000075425963884
Q45431127	6000000075428833825
Q45431128	6000000075426509957
Q45431129	6000000075425403832
Q45431130	6000000075420692938
Q45431131	6000000074726243020
Q45431132	6000000075424680309
Q45431133	6000000075424984836
Q45431134	6000000075425359081
Q45431135	6000000075421388905
Q45431136	6000000075421167832
Q45431137	6000000074784315152
Q45431138	6000000075420356881
Q45431139	6000000075429124889
Q45431141	6000000075420294981
Q45431142	6000000075423612921
Q45431143	6000000075420987933
Q45431144	6000000075424339051
Q45431145	6000000075424070871
Q45431146	6000000075427638852
Q45431147	6000000075426213304
Q45431148	6000000075427410823
Q45431149	6000000075429041834
Q45431150	6000000075426086256
Q45431151	6000000075420334971
Q45431152	6000000074787964961
Q45431153	6000000075423534841
Q45431154	6000000075426216904
Q45431155	6000000075423734178
Q45431156	6000000075426700273
Q45431157	6000000075422268822
Q45431158	6000000075426668083
Q45431159	6000000075426109100
Q45431160	6000000075421357832
Q45431161	6000000075422218235
Q45431162	6000000075424746042
Q45431163	6000000075421509449
Q45431164	6000000075421247002
Q45431165	6000000075422715872
Q45431166	6000000075420212861
Q45431167	6000000075425510093
Q45431168	6000000075428243006
Q45431169	6000000075425592544
Q45431170	6000000075420792871
Q45431171	6000000075424824855
Q45431172	6000000075423883059
Q45431173	6000000074727398929
Q45431174	6000000075427299854
Q45431175	6000000075428551836
Q45431178	6000000075424128010
Q45431179	6000000075422558039
Q45431180	6000000075425375066
Q45431181	6000000075421799095
Q45431182	6000000075423761982
Q45431183	6000000075419676883
Q45431184	6000000074702541162
Q45431185	6000000075424704050
Q45431186	6000000075426414893
Q45431187	6000000075424387600
Q45431189	6000000075425771044
Q45431190	6000000075426117076
Q45431192	6000000075419789448
Q45431193	6000000075421520847
Q45431194	6000000075425182942
Q45431195	6000000075425029049
Q45431196	6000000075424273184
Q45431197	6000000075424797318
Q45431198	6000000075419674557
Q45431199	6000000075419825997
Q45431200	6000000075420679033
Q45431201	6000000075420152951
Q45431203	6000000075420164078
Q45431204	6000000075423824842
Q45431206	6000000075424720827
Q45431207	6000000075423774067
Q45431208	6000000075427270023
Q45431210	6000000075426861918
Q45431211	6000000075427058005
Q45431212	6000000075426111313
Q45431214	6000000075427245453
Q45431215	6000000075429153889
Q45431217	6000000075423484896
Q45431218	6000000075427411869
Q45431219	6000000075426274847
Q45431220	6000000075422208846
Q45431221	6000000075426699058
Q45431222	6000000075423828289
Q45431223	6000000075421351847
Q45431224	6000000075424949932
Q45431225	6000000075423210822
Q45431226	6000000075422370047
Q45431227	6000000075426556874
Q45431229	6000000075420200852
Q45431230	6000000075422757844
Q45431231	6000000075425592002
Q45431232	6000000075426808848
Q45431233	6000000075420402104
Q45431234	6000000075423989984
Q45431235	6000000075428569959
Q45431236	6000000075424619007
Q45431237	6000000075426704150
Q45431238	6000000075427945096
Q45431239	6000000075423077921
Q45431240	6000000075423258350
Q45431241	6000000075423017860
Q45431242	6000000075428524897
Q45431243	6000000075421430530
Q45431244	6000000075425424051
Q45431245	6000000075419640945
Q45431246	6000000075427122834
Q45431247	6000000075423915902
Q45431248	6000000075425076975
Q45431249	6000000075426056037
Q45431250	6000000075425513108
Q45431251	6000000075425675010
Q45431252	6000000075420953858
Q45431253	6000000075421093114
Q45431254	6000000075427484328
Q45431255	6000000075425560842
Q45431256	6000000075425590896
Q45431257	6000000075426455961
Q45431258	6000000075420273412
Q45431259	6000000075425028995
Q45431260	6000000075424725956
Q45431261	6000000075420972928
Q45431262	6000000075419570049
Q45431263	6000000075420414822
Q45431265	6000000075429068867
Q45431266	6000000075420481880
Q45431267	6000000075423866838
Q45431268	6000000075422893044
Q45431269	6000000075424295960
Q45431270	6000000074747371286
Q45431271	6000000075427659862
Q45431272	6000000075427036822
Q45431273	6000000075427425823
Q45431274	6000000075426698945
Q45431275	6000000075429009865
Q45431276	6000000075429293871
Q45431277	6000000075420693834
Q45431278	6000000075423500869
Q45431279	6000000075427077164
Q45431281	6000000075425586167
Q45431282	6000000075421917983
Q45431283	6000000075424525888
Q45431284	6000000075427265822
Q45431285	6000000075421386822
Q45431286	6000000075425068868
Q45431287	6000000075423180850
Q45431288	6000000075422555844
Q45431289	6000000075421135152
Q45431290	6000000075426160037
Q45431291	6000000075420242822
Q45431292	6000000075422428994
Q45431294	6000000075426801882
Q45431295	6000000075420610928
Q45431296	6000000075424192872
Q45431297	6000000075424653917
Q45431298	6000000075428089954
Q45431299	6000000075423742824
Q45431300	6000000075428864843
Q45431301	6000000075424010038
Q45431302	6000000075422281199
Q45431303	6000000075427237876
Q45431304	6000000075428553871
Q45431305	6000000075421401399
Q45431306	6000000075425764875
Q45431307	6000000075419741880
Q45431308	6000000075426742081
Q45431309	6000000075422974248
Q45431310	6000000075425256847
Q45431311	6000000075425816126
Q45431312	6000000075426128876
Q45431313	6000000075425728031
Q45431314	6000000075421107069
Q45431315	6000000075420819891
Q45431316	6000000075425338017
Q45431317	6000000075424916124
Q45431318	6000000075421469882
Q45431321	6000000075424748946
Q45431322	6000000075425653895
Q45431323	6000000075421024900
Q45431324	6000000075419322273
Q45431325	6000000075420427893
Q45431326	6000000075427554155
Q45431327	6000000075419964072
Q45431328	6000000075423289860
Q45431329	6000000075423647948
Q45431330	6000000075429110838
Q45431331	6000000075424176838
Q45431333	6000000075424321069
Q45431334	6000000075427646869
Q45431335	6000000075427406840
Q45431336	6000000075426529940
Q45431337	6000000075426880875
Q45431338	6000000075429045830
Q45431339	6000000075420627902
Q45431340	6000000075426924835
Q45431341	6000000075429292890
Q45431342	6000000075427480869
Q45431343	6000000075426204945
Q45431345	6000000075422051933
Q45431346	6000000075426698089
Q45431347	6000000075421298856
Q45431348	6000000075424897988
Q45431349	6000000075424600844
Q45431350	6000000075422291329
Q45431351	6000000075422250058
Q45431352	6000000075421231109
Q45431353	6000000075423253999
Q45431355	6000000075426453921
Q45431356	6000000075419922991
Q45431357	6000000075422800822
Q45431358	6000000075425431138
Q45431359	6000000075426779857
Q45431360	6000000075419344689
Q45431361	6000000075424291838
Q45431362	6000000075424880822
Q45431363	6000000075428572826
Q45431364	6000000075422634216
Q45431365	6000000075420050867
Q45431366	6000000075424300888
Q45431367	6000000075427701216
Q45431368	6000000075426889101
Q45431369	6000000075421049523
Q45431370	6000000075425188005
Q45431372	6000000075428626875
Q45431373	6000000075426623068
Q45431374	6000000075423906883
Q45431376	6000000075426058042
Q45431377	6000000075426158860
Q45431379	6000000075425875986
Q45431380	6000000075421620835
Q45431381	6000000075420993840
Q45431382	6000000075424726222
Q45431383	6000000075421532829
Q45431384	6000000075425250975
Q45431385	6000000075425616898
Q45431386	6000000075419734058
Q45431387	6000000075420937976
Q45431388	6000000075424887894
Q45431390	6000000075420021028
Q45431391	6000000075423028012
Q45431392	6000000074697426345
Q45431393	6000000075423330048
Q45431394	6000000075428539123
Q45431395	6000000075423734020
Q45431396	6000000075427695826
Q45431397	6000000075424273071
Q45431398	6000000075426516137
Q45431399	6000000075426214407
Q45431400	6000000075426565903
Q45431401	6000000075419394628
Q45431402	6000000074768683972
Q45431404	6000000075427267027
Q45431405	6000000075429401821
Q45431406	6000000075425245283
Q45431407	6000000075426084386
Q45431408	6000000075421023025
Q45431409	6000000075422181845
Q45431410	6000000075424581841
Q45431411	6000000075423203824
Q45431412	6000000075422584829
Q45431413	6000000075425092877
Q45431414	6000000074331642195
Q45431415	6000000075423378918
Q45431416	6000000075425467519
Q45431417	6000000075420137916
Q45431418	6000000075422795823
Q45431419	6000000075425776910
Q45431420	6000000075426840824
Q45431421	6000000075420781833
Q45431422	6000000075424865840
Q45431423	6000000075423555180
Q45431424	6000000075423758827
Q45431425	6000000075422190240
Q45431426	6000000075427828107
Q45431427	6000000075423683241
Q45431429	6000000075427147911
Q45431430	6000000075422241946
Q45431431	6000000075425591955
Q45431432	6000000075428617952
Q45431434	6000000075423294179
Q45431435	6000000075428706838
Q45431436	6000000075426879990
Q45431437	6000000075426096868
Q45431438	6000000075424080418
Q45431439	6000000075425530269
Q45431440	6000000075425740904
Q45431441	6000000075421540900
Q45431442	6000000075420543085
Q45431443	6000000075425044083
Q45431444	6000000075421133984
Q45431445	6000000075425317878
Q45431447	6000000075425727828
Q45431448	6000000075420041823
Q45431449	6000000075419422737
Q45431451	6000000075423168701
Q45431452	6000000075420255907
Q45431453	6000000074771775832
Q45431454	6000000074783139064
Q45431455	6000000075423276864
Q45431456	6000000075422923302
Q45431458	6000000075429197833
Q45431459	6000000074746628831
Q45431460	6000000075424035880
Q45431461	6000000075426568082
Q45431462	6000000075424644884
Q45431463	6000000075427294893
Q45431464	6000000075426430036
Q45431465	6000000075420626886
Q45431466	6000000075428110111
Q45431467	6000000075426787921
Q45431468	6000000075429403822
Q45431469	6000000075427421906
Q45431470	6000000075426310834
Q45431471	6000000075427016928
Q45431472	6000000075420093557
Q45431473	6000000075424038039
Q45431474	6000000075421983016
Q45431475	6000000075422970940
Q45431476	6000000075422482908
Q45431477	6000000075424580082
Q45431479	6000000075426492938
Q45431480	6000000075423350906
Q45431481	6000000075419422202
Q45431482	6000000075422749861
Q45431483	6000000075426741885
Q45431484	6000000075420784892
Q45431485	6000000075425900849
Q45431486	6000000075424067279
Q45431487	6000000075423258062
Q45431488	6000000075423410273
Q45431489	6000000075428348921
Q45431490	6000000075424400828
Q45431491	6000000075421097903
Q45431492	6000000075426471133
Q45431493	6000000075422132987
Q45431494	6000000075425746842
Q45431495	6000000075428866868
Q45431496	6000000075428360984
Q45431497	6000000075419482972
Q45431498	6000000075427154822
Q45431499	6000000075424039822
Q454315	6000000005088331413
Q45431500	6000000075424765491
Q45431501	6000000075426328894
Q45431502	6000000075425027884
Q45431503	6000000075426011857
Q45431504	6000000075421010107
Q45431505	6000000075420931846
Q45431506	6000000075425415900
Q45431507	6000000075421334907
Q45431508	6000000075424647108
Q45431509	6000000075420047822
Q45431510	6000000075425689854
Q45431512	6000000075424839980
Q45431513	6000000075420101961
Q45431514	6000000075421061916
Q45431516	6000000075428804831
Q45431517	6000000075422521202
Q45431518	6000000075423767879
Q45431519	6000000075428706972
Q45431520	6000000074752686032
Q45431521	6000000075424102906
Q45431522	6000000075426308245
Q45431523	6000000075424144178
Q45431524	6000000075426475278
Q45431525	6000000075426710846
Q45431526	6000000075419926073
Q45431527	6000000075429078823
Q45431528	6000000075425788389
Q45431529	6000000075429273838
Q45431530	6000000075427344943
Q45431532	6000000075425432422
Q45431533	6000000075427225861
Q45431534	6000000075421265923
Q45431535	6000000075424538902
Q45431536	6000000075422011924
Q45431537	6000000075422194206
Q45431538	6000000075422618823
Q45431540	6000000075421730883
Q45431541	6000000075424243251
Q45431542	6000000075420242828
Q45431543	6000000075422546002
Q45431544	6000000075425530479
Q45431545	6000000075426461938
Q45431546	6000000075423137016
Q45431547	6000000075420181174
Q45431548	6000000075423828264
Q45431549	6000000075425474092
Q45431550	6000000075423341079
Q45431551	6000000075423741140
Q45431552	6000000075424072941
Q45431553	6000000075419610736
Q45431554	6000000075427720193
Q45431555	6000000075427024008
Q45431556	6000000075422097956
Q45431557	6000000075425584052
Q45431558	6000000075425581621
Q45431559	6000000075419584061
Q45431560	6000000075426990943
Q45431561	6000000075423541030
Q45431562	6000000075428501892
Q45431563	6000000075426004986
Q45431564	6000000075426202989
Q45431565	6000000075425299822
Q45431566	6000000075425728036
Q45431567	6000000075421517879
Q45431568	6000000075420062265
Q45431570	6000000075425045052
Q45431572	6000000075419917877
Q45431573	6000000075424680325
Q45431574	6000000075425419034
Q45431575	6000000075420084009
Q45431576	6000000075423317588
Q45431578	6000000075580384931
Q45431579	6000000075420866058
Q45431580	6000000075420268975
Q45431581	6000000075423248105
Q45431582	6000000075428730973
Q45431583	6000000075423328863
Q45431584	6000000075427487960
Q45431585	6000000075424184825
Q45431586	6000000075426117206
Q45431587	6000000075424744823
Q45431588	6000000075427447822
Q45431589	6000000075426646889
Q45431590	6000000075420050142
Q45431591	6000000075428733941
Q45431592	6000000075426647939
Q45431593	6000000075429261866
Q45431594	6000000075427127039
Q45431595	6000000075425705148
Q45431596	6000000075427205839
Q45431597	6000000075421353833
Q45431598	6000000075424298023
Q45431599	6000000075422206855
Q45431600	6000000075423056895
Q45431601	6000000075422098110
Q45431602	6000000075421607903
Q45431603	6000000075425158849
Q45431604	6000000075420114912
Q45431605	6000000075426300061
Q45431606	6000000075426258982
Q45431607	6000000075422799833
Q45431608	6000000075423068001
Q45431609	6000000075420806846
Q45431610	6000000075424286153
Q45431611	6000000075425517116
Q45431612	6000000075423743855
Q45431614	6000000075424282844
Q45431615	6000000075407522890
Q45431616	6000000075422825945
Q45431617	6000000075427238915
Q45431618	6000000075428165919
Q45431619	6000000075422033038
Q45431620	6000000075425844831
Q45431621	6000000075428898832
Q45431623	6000000074701859823
Q45431625	6000000075428613858
Q45431626	6000000075425858020
Q45431627	6000000075423809912
Q45431628	6000000075425197860
Q45431629	6000000075426450886
Q45431630	6000000075426074822
Q45431631	6000000075421621840
Q45431632	6000000075419674393
Q45431633	6000000075421481853
Q45431634	6000000075425159050
Q45431635	6000000075419923859
Q45431636	6000000075424972144
Q45431637	6000000075424106570
Q45431638	6000000075419786192
Q45431640	6000000075420573202
Q45431641	6000000075424205285
Q45431642	6000000075420164083
Q45431643	6000000075423722948
Q45431644	6000000075429163828
Q45431646	6000000075427719832
Q45431647	6000000074703479356
Q45431648	6000000075426007399
Q45431649	6000000075424622905
Q45431650	6000000075427193967
Q45431652	6000000075425854193
Q45431653	6000000075428821914
Q45431654	6000000075426882847
Q45431655	6000000075428941988
Q45431656	6000000075427482880
Q45431657	6000000075426093976
Q45431658	6000000075426918045
Q45431659	6000000075421311852
Q45431660	6000000075421770990
Q45431661	6000000075422379132
Q45431662	6000000075422625822
Q45431663	6000000075420965163
Q45431664	6000000075424620826
Q45431665	6000000075420167858
Q45431666	6000000075425125853
Q45431667	6000000075426224146
Q45431668	6000000075426279147
Q45431669	6000000075420480989
Q45431670	6000000075422802847
Q45431671	6000000075424718923
Q45431672	6000000075423484901
Q45431673	6000000075425579035
Q45431674	6000000075423669884
Q45431676	6000000075423332273
Q45431677	6000000075424175912
Q45431678	6000000075419658122
Q45431680	6000000075425876822
Q45431681	6000000075427211877
Q45431682	6000000075428565839
Q45431683	6000000075428676945
Q45431684	6000000075422449828
Q45431685	6000000075426688047
Q45431686	6000000075428725822
Q45431687	6000000075419821826
Q45431688	6000000075423984864
Q45431689	6000000075426082882
Q45431690	6000000075421693540
Q45431691	6000000075426342889
Q45431692	6000000075421014835
Q45431694	6000000075421432881
Q45431695	6000000075421320025
Q45431696	6000000074749026865
Q45431697	6000000075425538874
Q45431698	6000000075419620090
Q45431699	6000000075420044091
Q45431701	6000000075424994840
Q45431702	6000000075420048083
Q45431703	6000000075428361038
Q45431704	6000000075421170838
Q45431705	6000000075423857858
Q45431706	6000000075428705031
Q45431707	6000000075422995049
Q45431709	6000000075427517920
Q45431711	6000000075424014925
Q45431712	6000000075427038830
Q45431713	6000000075424737824
Q45431714	6000000075427178965
Q45431715	6000000075420704823
Q45431716	6000000075426626883
Q45431717	6000000075426867870
Q45431718	6000000075429165897
Q45431719	6000000075428945920
Q45431720	6000000075427452848
Q45431721	6000000075426244854
Q45431722	6000000075427084964
Q45431723	6000000075421267872
Q45431724	6000000075422126890
Q45431725	6000000075422972895
Q45431726	6000000075420999122
Q45431727	6000000075422260044
Q45431728	6000000075424107045
Q45431729	6000000075420000929
Q45431730	6000000075426603844
Q45431731	6000000075424999890
Q45431732	6000000075420828858
Q45431733	6000000075426690879
Q45431734	6000000075421230641
Q45431735	6000000075424717909
Q45431736	6000000075422437343
Q45431737	6000000075425672019
Q45431738	6000000075423637877
Q45431739	6000000075423828084
Q45431740	6000000075421061908
Q45431741	6000000075424296936
Q45431743	6000000075427247911
Q45431744	6000000075425301889
Q45431745	6000000075428256917
Q45431746	6000000075428778887
Q45431748	6000000075426353297
Q45431749	6000000075427966137
Q45431751	6000000075419183173
Q45431752	6000000075423902924
Q45431753	6000000074724994080
Q45431754	6000000075424398247
Q45431755	6000000075426131085
Q45431756	6000000075425892919
Q45431757	6000000074746086326
Q45431758	6000000075420150303
Q45431759	6000000075421274983
Q45431760	6000000075424848041
Q45431761	6000000075050597888
Q45431762	6000000075420385840
Q45431763	6000000075425164017
Q45431764	6000000075425143119
Q45431765	6000000075424528078
Q45431766	6000000074792125912
Q45431767	6000000075421097898
Q45431768	6000000075423875841
Q45431769	6000000075422893049
Q45431770	6000000075420524865
Q45431771	6000000075427680874
Q45431772	6000000075424048926
Q45431773	6000000075426806977
Q45431774	6000000075428370092
Q45431775	6000000075424763822
Q45431776	6000000075427073040
Q45431777	6000000075419115678
Q45431778	6000000075426493010
Q45431779	6000000075426784917
Q45431780	6000000075427232625
Q45431781	6000000075428969858
Q45431782	6000000075427573834
Q45431783	6000000075424387764
Q45431784	6000000075426960917
Q45431785	6000000075420775237
Q45431786	6000000075422169896
Q45431787	6000000075422965929
Q45431788	6000000075421065226
Q45431789	6000000074758388843
Q45431790	6000000075424449877
Q45431791	6000000075420084907
Q45431792	6000000075426398998
Q45431794	6000000075424909926
Q45431796	6000000075424803886
Q45431797	6000000075426658959
Q45431798	6000000075422832018
Q45431799	6000000075422746852
Q45431800	6000000075423106020
Q45431801	6000000075422713969
Q45431802	6000000075425904858
Q45431802	6000000075425950835
Q45431803	6000000075427203931
Q45431804	6000000075423624905
Q45431805	6000000074704764938
Q45431806	6000000075425844836
Q45431807	6000000075427865150
Q45431808	6000000075428571954
Q45431809	6000000075427088861
Q45431811	6000000075427945182
Q45431812	6000000075422224956
Q45431814	6000000075419716919
Q45431815	6000000075425028908
Q45431816	6000000075424016846
Q45431817	6000000075426403862
Q45431818	6000000075426055847
Q45431819	6000000075420545251
Q45431820	6000000075420614070
Q45431821	6000000075421462959
Q45431822	6000000075426105889
Q45431823	6000000075419795932
Q45431824	6000000075420250959
Q45431825	6000000075425356932
Q45431826	6000000075425143124
Q45431827	6000000075428733863
Q45431828	6000000075425173971
Q45431830	6000000075414679261
Q45431831	6000000075423233923
Q45431832	6000000075420573829
Q45431833	6000000075427385982
Q45431834	6000000075424758948
Q45431835	6000000075423206320
Q45431836	6000000075426987908
Q45431837	6000000075424501915
Q45431838	6000000075429151838
Q45431839	6000000075420716826
Q45431840	6000000075427236946
Q45431841	6000000075426733845
Q45431843	6000000074691165136
Q45431844	6000000075428547858
Q45431845	6000000075427467897
Q45431846	6000000075426212927
Q45431847	6000000075427173859
Q45431848	6000000075422139950
Q45431849	6000000075422794026
Q45431851	6000000075421403978
Q45431852	6000000075422012167
Q45431853	6000000075424479874
Q45431854	6000000075426225044
Q45431855	6000000075419900607
Q45431856	6000000075419610232
Q45431857	6000000075424999885
Q45431858	6000000075424893821
Q45431859	6000000075420132218
Q45431860	6000000075426675883
Q45431861	6000000075423329938
Q45431862	6000000075422218056
Q45431863	6000000075422907119
Q45431864	6000000075423065822
Q45431865	6000000075425956826
Q45431866	6000000075426259358
Q45431867	6000000075424330905
Q45431868	6000000075424235878
Q45431869	6000000075425882822
Q45431870	6000000074789510971
Q45431872	6000000075426423119
Q45431873	6000000075428343050
Q45431874	6000000075427185387
Q45431875	6000000075422200945
Q45431876	6000000075419836822
Q45431877	6000000075425107896
Q45431878	6000000075423698007
Q45431879	6000000075425363417
Q45431880	6000000075425918887
Q45431881	6000000075421157945
Q45431882	6000000075420124036
Q45431883	6000000074727651960
Q45431886	6000000075421287025
Q45431887	6000000075419651017
Q45431888	6000000075425628891
Q45431889	6000000075425415912
Q45431890	6000000075425136047
Q45431891	6000000075421003898
Q45431892	6000000075428202991
Q45431893	6000000075423702913
Q45431894	6000000075421104882
Q45431895	6000000075420243043
Q45431896	6000000075427635871
Q45431897	6000000075424888943
Q45431898	6000000075423206325
Q45431899	6000000075426343900
Q45431900	6000000075424610974
Q45431901	6000000075420396032
Q45431902	6000000075429147862
Q45431903	6000000075427124969
Q45431904	6000000075426386005
Q45431905	6000000075426418272
Q45431906	6000000038200969307
Q45431907	6000000075426690930
Q45431908	6000000075427337979
Q45431909	6000000075426221902
Q45431910	6000000075427202851
Q45431911	6000000075421510246
Q45431911	6000000075482168935
Q45431912	6000000075422661077
Q45431913	6000000075421648899
Q45431914	6000000075422388977
Q45431915	6000000075424064104
Q45431916	6000000075421405833
Q45431917	6000000075426161080
Q45431919	6000000075420226835
Q45431920	6000000075424530163
Q45431921	6000000075424734903
Q45431923	6000000075420480995
Q45431924	6000000075423562825
Q45431925	6000000075421852332
Q45431926	6000000075426737883
Q45431927	6000000075423677876
Q45431928	6000000075422892903
Q45431929	6000000075425966842
Q45431930	6000000075427233919
Q45431931	6000000075424463822
Q45431932	6000000075423544215
Q45431933	6000000075428479882
Q45431934	6000000075426769004
Q45431935	6000000075425548015
Q45431936	6000000075428644860
Q45431937	6000000075422368870
Q45431938	6000000075428923831
Q45431939	6000000075425081995
Q45431940	6000000075423962886
Q45431941	6000000075419670946
Q45431942	6000000075426448905
Q45431944	6000000075421370883
Q45431946	6000000075420211279
Q45431947	6000000075426121849
Q45431948	6000000075419830008
Q45431949	6000000074703797866
Q45431950	6000000075420127010
Q45431951	6000000075425485948
Q45431952	6000000075425501885
Q45431953	6000000075425252950
Q45431954	6000000075420465148
Q45431955	6000000074704997834
Q45431956	6000000075422647141
Q45431959	6000000075420381868
Q45431960	6000000075424467012
Q45431961	6000000075423798951
Q45431962	6000000075426727909
Q45431963	6000000075427658838
Q45431964	6000000075424570972
Q45431965	6000000075420100252
Q45431966	6000000075427354885
Q45431967	6000000075429159845
Q45431968	6000000075426680885
Q45431969	6000000075429091822
Q45431970	6000000075427568851
Q45431971	6000000075426417972
Q45431972	6000000075429157886
Q45431973	6000000075426034994
Q45431974	6000000075427186893
Q45431975	6000000075421812096
Q45431976	6000000075423035918
Q45431977	6000000075422577872
Q45431978	6000000075424469886
Q45431979	6000000075421662931
Q45431980	6000000075421237913
Q45431981	6000000075425875245
Q45431983	6000000075424809878
Q45431985	6000000075425040945
Q45431986	6000000075420657951
Q45431987	6000000075423583836
Q45431988	6000000075422769251
Q45431989	6000000075422547888
Q45431990	6000000075423057834
Q45431991	6000000075425979195
Q45431992	6000000075425911851
Q45431993	6000000075427077951
Q45431994	6000000075424037953
Q45431996	6000000075426854973
Q45431997	6000000075425491032
Q45431998	6000000075428198939
Q45431999	6000000075427901091
Q45432000	6000000075422389857
Q45432001	6000000074747953871
Q45432002	6000000075425303828
Q45432003	6000000075423933879
Q45432004	6000000075419394129
Q45432005	6000000075420286355
Q45432006	6000000075425672362
Q45432007	6000000075425874939
Q45432008	6000000075421001829
Q45432009	6000000075425245328
Q45432010	6000000075050388874
Q45432011	6000000075421417964
Q45432012	6000000075419422325
Q45432013	6000000075425099224
Q45432014	6000000075424322935
Q45432015	6000000075420886024
Q45432016	6000000075423589902
Q45432017	6000000075424887225
Q45432018	6000000075423367852
Q45432020	6000000075428844822
Q45432021	6000000075423885016
Q45432022	6000000075424896918
Q45432023	6000000075426056307
Q45432024	6000000075427222047
Q45432025	6000000075424197169
Q45432027	6000000075420197099
Q45432028	6000000075427168010
Q45432030	6000000075425788271
Q45432031	6000000075428828887
Q45432032	6000000075426991087
Q45432034	6000000075429412824
Q45432035	6000000075426269881
Q45432036	6000000075423185854
Q45432037	6000000075427099955
Q45432038	6000000075422591851
Q45432039	6000000075424338961
Q45432040	6000000075422002975
Q45432041	6000000075421587833
Q45432042	6000000075421411822
Q45432043	6000000075425675328
Q45432044	6000000075419777107
Q45432045	6000000075424571931
Q45432046	6000000075424924019
Q45432047	6000000075420683946
Q45432048	6000000075423003165
Q45432050	6000000075422892908
Q45432051	6000000075426834829
Q45432052	6000000075422569933
Q45432053	6000000075425162197
Q45432055	6000000075427173888
Q45432056	6000000075424466822
Q45432057	6000000075426533855
Q45432058	6000000075424250856
Q45432061	6000000075423394915
Q45432062	6000000075422100939
Q45432064	6000000075428607822
Q45432065	6000000075425298826
Q45432066	6000000075423945872
Q45432067	6000000075419823840
Q45432068	6000000075421402870
Q45432069	6000000075426060920
Q45432070	6000000075425297292
Q45432071	6000000075419885457
Q45432072	6000000075426132849
Q45432073	6000000075419165288
Q45432074	6000000075421417969
Q45432075	6000000075425415847
Q45432076	6000000075420433822
Q45432077	6000000075421239822
Q45432078	6000000075423867835
Q45432079	6000000075425627897
Q45432080	6000000075420098153
Q45432081	6000000075425544845
Q45432082	6000000075428821846
Q45432083	6000000075422830145
Q45432084	6000000075422379318
Q45432085	6000000075425021838
Q45432086	6000000075426686058
Q45432087	6000000075427483953
Q45432088	6000000075420225071
Q45432089	6000000075424605891
Q45432090	6000000075427469828
Q45432091	6000000075429221822
Q45432092	6000000075426693906
Q45432093	6000000075428941880
Q45432096	6000000075427473861
Q45432097	6000000075425902137
Q45432098	6000000075422379137
Q45432099	6000000075426725910
Q45432100	6000000075426975986
Q45432102	6000000075424043132
Q45432103	6000000075421936060
Q45432104	6000000075420273330
Q45432105	6000000075426640862
Q45432106	6000000075421674855
Q45432107	6000000074736101901
Q45432108	6000000075420847862
Q45432109	6000000075424812870
Q45432110	6000000075423579908
Q45432112	6000000074692049045
Q45432113	6000000075422389078
Q45432114	6000000075425845892
Q45432116	6000000075422995842
Q45432117	6000000075427267862
Q45432119	6000000075427105869
Q45432120	6000000075423623158
Q45432121	6000000075423544235
Q45432122	6000000075423504868
Q45432123	6000000075422035084
Q45432124	6000000075428705839
Q45432125	6000000075428802861
Q45432126	6000000075428495889
Q45432127	6000000075425045252
Q45432128	6000000075423722000
Q45432129	6000000075419322129
Q45432130	6000000075421233021
Q45432131	6000000074698795579
Q45432132	6000000075425784099
Q45432134	6000000075425519095
Q45432135	6000000075425672179
Q45432136	6000000075419899890
Q45432137	6000000075421035825
Q45432138	6000000075421541925
Q45432139	6000000075420102992
Q45432140	6000000075425299899
Q45432142	6000000075419827342
Q45432143	6000000075420871985
Q45432145	6000000075425170166
Q45432146	6000000074719028888
Q45432147	6000000075423401824
Q45432148	6000000075424882928
Q45432149	6000000075426766034
Q45432150	6000000075423969903
Q45432151	6000000075427719863
Q45432152	6000000075420659866
Q45432153	6000000075424642902
Q45432154	6000000075427060041
Q45432155	6000000075429184847
Q45432156	6000000075426102074
Q45432157	6000000075428730947
Q45432159	6000000075425826027
Q45432160	6000000075429407837
Q45432161	6000000075423114855
Q45432162	6000000075427403941
Q45432163	6000000075426671023
Q45432164	6000000075426308343
Q45432165	6000000075424300996
Q45432166	6000000075422078938
Q45432167	6000000075421084936
Q45432168	6000000075421997160
Q45432169	6000000075426279167
Q45432170	6000000075420250858
Q45432171	6000000075420811128
Q45432172	6000000074725680606
Q45432174	6000000075423722854
Q45432175	6000000075426824845
Q45432176	6000000075425490045
Q45432177	6000000075424759012
Q45432179	6000000075422645055
Q45432180	6000000075426225343
Q45432181	6000000075427142935
Q45432182	6000000075424314824
Q45432183	6000000075423885116
Q45432184	6000000074727762893
Q45432185	6000000075422035089
Q45432186	6000000075428920845
Q45432187	6000000075427749119
Q45432188	6000000074750180880
Q45432189	6000000075423918908
Q45432191	6000000075419601961
Q45432192	6000000075421454872
Q45432193	6000000075425204865
Q45432194	6000000075426407881
Q45432195	6000000075425990919
Q45432197	6000000075419792995
Q45432198	6000000075420543094
Q45432199	6000000075426153849
Q45432200	6000000075421106082
Q45432201	6000000075420325885
Q45432202	6000000075425403867
Q45432203	6000000075423842854
Q45432204	6000000075420388949
Q45432205	6000000075421183867
Q45432207	6000000075423313884
Q45432208	6000000075425612890
Q45432209	6000000075426962859
Q45432210	6000000075424205603
Q45432211	6000000075424196832
Q45432212	6000000075424991862
Q45432213	6000000075427325039
Q45432214	6000000075420481971
Q45432215	6000000075424741840
Q45432216	6000000075427458854
Q45432217	6000000075429046896
Q45432217	6000000075482688880
Q45432218	6000000075428944859
Q45432219	6000000075426723840
Q45432220	6000000075425592187
Q45432221	6000000075429186889
Q45432222	6000000075427085163
Q45432224	6000000075427192847
Q45432225	6000000075424411985
Q45432226	6000000075426800909
Q45432227	6000000075421902017
Q45432228	6000000075421336830
Q45432229	6000000075422568854
Q45432231	6000000075426563903
Q45432232	6000000075420710870
Q45432233	6000000075424790875
Q45432234	6000000075426073211
Q45432235	6000000075423219149
Q45432236	6000000075425057252
Q45432238	6000000075422528923
Q45432239	6000000075421801823
Q45432241	6000000075426859990
Q45432242	6000000075423074828
Q45432243	6000000075427217928
Q45432244	6000000075423705102
Q45432245	6000000075422259962
Q45432246	6000000075424180935
Q45432247	6000000075428379003
Q45432248	6000000075428532871
Q45432249	6000000075425188155
Q45432250	6000000075423815965
Q45432252	6000000075419788854
Q45432253	6000000075421521850
Q45432254	6000000075423084084
Q45432255	6000000075426390922
Q45432256	6000000075425308834
Q45432258	6000000075426030851
Q45432260	6000000075419742964
Q45432261	6000000075420954830
Q45432262	6000000075426104878
Q45432263	6000000075421093121
Q45432264	6000000075420272913
Q45432265	6000000075423534994
Q45432266	6000000075425333917
Q45432267	6000000075420967960
Q45432268	6000000075419926160
Q45432269	6000000075428430043
Q45432270	6000000075425214111
Q45432271	6000000075426371177
Q45432272	6000000075423065910
Q45432273	6000000075425462931
Q45432274	6000000075423787084
Q45432275	6000000075427458991
Q45432276	6000000075420703840
Q45432277	6000000075424713997
Q45432279	6000000075426697169
Q45432281	6000000075428915910
Q45432283	6000000075426278914
Q45432284	6000000075429341845
Q45432285	6000000075427545823
Q45432286	6000000075426239105
Q45432287	6000000075426680192
Q45432288	6000000075424107082
Q45432289	6000000075422805983
Q45432290	6000000075426109236
Q45432291	6000000075421092984
Q45432292	6000000075422387952
Q45432293	6000000074704526225
Q45432294	6000000075420096870
Q45432295	6000000075426611904
Q45432296	6000000075423914380
Q45432297	6000000075420885824
Q45432298	6000000075423776822
Q45432299	6000000075425776923
Q45432300	6000000075426109196
Q45432301	6000000075422555935
Q45432302	6000000075421660865
Q45432303	6000000075424980939
Q45432304	6000000075426848977
Q45432305	6000000075423014847
Q45432306	6000000075427149003
Q45432307	6000000075423787171
Q45432308	6000000075423734101
Q45432309	6000000075427900218
Q45432310	6000000075428318891
Q45432311	6000000075425604941
Q45432312	6000000075424001834
Q45432313	6000000075422090045
Q45432314	6000000075421444876
Q45432315	6000000075423600824
Q45432317	6000000075425083108
Q45432318	6000000075425157866
Q45432319	6000000075419569001
Q45432320	6000000075425051353
Q45432321	6000000075428373907
Q45432322	6000000075050463875
Q45432323	6000000075420989861
Q45432324	6000000075421015193
Q45432325	6000000075420268901
Q45432326	6000000075425937982
Q45432327	6000000075423564963
Q45432328	6000000075425358915
Q45432329	6000000075420134992
Q45432330	6000000075428616932
Q45432331	6000000075425733838
Q45432332	6000000075421211830
Q45432333	6000000075425788455
Q45432334	6000000075423326847
Q45432335	6000000075427574910
Q45432336	6000000075424089873
Q45432338	6000000075427455834
Q45432339	6000000075424788964
Q45432340	6000000075424345980
Q45432341	6000000075429182835
Q45432342	6000000075425202997
Q45432344	6000000075425586171
Q45432345	6000000074691535093
Q45432346	6000000075427533853
Q45432347	6000000075426469962
Q45432348	6000000075425771625
Q45432349	6000000075424387877
Q45432351	6000000075426823906
Q45432352	6000000075422923968
Q45432353	6000000075422545907
Q45432354	6000000075421274903
Q45432355	6000000075420545670
Q45432356	6000000074736954065
Q45432357	6000000075424874831
Q45432358	6000000075423700868
Q45432359	6000000075420885829
Q45432360	6000000075425853869
Q45432361	6000000075420269821
Q45432362	6000000075426393125
Q45432363	6000000075422520961
Q45432364	6000000075421743875
Q45432365	6000000075425151836
Q45432366	6000000075426922947
Q45432367	6000000075422076316
Q45432368	6000000075423966128
Q45432369	6000000075427171914
Q45432370	6000000075423806099
Q45432371	6000000074791903924
Q45432372	6000000075425584070
Q45432373	6000000075424027853
Q45432374	6000000075426086217
Q45432375	6000000075422372857
Q45432376	6000000075423205018
Q45432378	6000000075425825942
Q45432379	6000000075424910019
Q45432380	6000000075425681065
Q45432381	6000000075419595950
Q45432382	6000000075419989889
Q45432384	6000000075421043834
Q45432385	6000000075428306051
Q45432387	6000000075419976098
Q45432388	6000000075425752015
Q45432389	6000000075423444108
Q45432390	6000000075425243968
Q45432391	6000000075420322951
Q45432393	6000000075428757871
Q45432394	6000000075424649453
Q45432395	6000000075419899955
Q45432396	6000000075426966865
Q45432397	6000000075427167084
Q45432398	6000000075424034893
Q45432399	6000000075422369314
Q45432400	6000000075420257087
Q45432402	6000000075423347660
Q45432403	6000000075424410828
Q45432404	6000000075428988861
Q45432405	6000000075425369993
Q45432406	6000000075426116947
Q45432407	6000000075429283894
Q45432408	6000000075429084825
Q45432409	6000000075427482885
Q45432410	6000000075425997200
Q45432411	6000000075427144875
Q45432412	6000000075422661743
Q45432413	6000000075426889871
Q45432414	6000000074709139189
Q45432415	6000000075422439948
Q45432416	6000000075420872067
Q45432417	6000000075421701137
Q45432419	6000000075426224038
Q45432420	6000000075424757900
Q45432421	6000000075423672857
Q45432422	6000000075420012392
Q45432423	6000000075425946824
Q45432424	6000000075420083912
Q45432426	6000000075426429051
Q45432427	6000000075421384995
Q45432428	6000000075426777981
Q45432429	6000000075425207824
Q45432430	6000000075421724409
Q45432431	6000000075427276869
Q45432432	6000000075424325822
Q45432433	6000000075424470822
Q45432434	6000000075428880881
Q45432435	6000000075428490917
Q45432437	6000000075425759878
Q45432438	6000000075423554071
Q45432439	6000000075423005036
Q45432440	6000000075426383900
Q45432441	6000000075425132937
Q45432442	6000000075421548826
Q45432444	6000000075420079829
Q45432445	6000000075425399111
Q45432446	6000000075421055822
Q45432447	6000000075428489978
Q45432448	6000000075420122037
Q45432449	6000000075426156835
Q45432450	6000000075420256015
Q45432451	6000000075423901830
Q45432452	6000000075424733156
Q45432453	6000000075420141130
Q45432454	6000000075428821851
Q45432455	6000000075425693893
Q45432456	6000000075427012847
Q45432457	6000000075427659891
Q45432458	6000000075420884910
Q45432461	6000000075420377883
Q45432462	6000000075427386881
Q45432464	6000000075423933284
Q45432465	6000000075424832177
Q45432466	6000000075425771149
Q45432467	6000000075428926880
Q45432468	6000000075429375849
Q45432469	6000000075428781950
Q45432470	6000000075427409889
Q45432471	6000000075426569878
Q45432472	6000000075426567170
Q45432473	6000000075424511844
Q45432474	6000000075426440057
Q45432475	6000000074685238354
Q45432476	6000000075422546869
Q45432477	6000000075420964148
Q45432478	6000000075421059014
Q45432479	6000000075424575990
Q45432480	6000000075423455981
Q45432481	6000000075420701957
Q45432482	6000000075425867899
Q45432483	6000000075420199860
Q45432484	6000000075426662835
Q45432485	6000000075422281075
Q45432486	6000000075426426126
Q45432487	6000000075421600916
Q45432488	6000000075427057833
Q45432490	6000000075425125870
Q45432491	6000000075422770955
Q45432492	6000000075426214368
Q45432493	6000000074792049830
Q45432494	6000000075424260844
Q45432495	6000000075424388836
Q45432496	6000000075428386916
Q45432497	6000000075425626983
Q45432498	6000000075421848092
Q45432499	6000000075423606822
Q45432500	6000000075426454869
Q45432501	6000000075423444187
Q45432502	6000000075424910024
Q45432503	6000000075418647324
Q45432504	6000000074728694879
Q45432505	6000000075421462879
Q45432506	6000000075425390270
Q45432507	6000000075420824921
Q45432508	6000000075428739824
Q45432511	6000000074726365898
Q45432512	6000000075423410037
Q45432514	6000000075425492822
Q45432516	6000000075428645908
Q45432517	6000000075424575261
Q45432518	6000000075426928914
Q45432519	6000000075427648853
Q45432521	6000000075423729989
Q45432522	6000000075422634197
Q45432523	6000000075420689858
Q45432524	6000000075424127140
Q45432525	6000000075427299925
Q45432526	6000000075424286987
Q45432527	6000000074784497224
Q45432528	6000000075425197382
Q45432529	6000000075429019855
Q45432530	6000000075428880986
Q45432531	6000000075428982856
Q45432532	6000000075426567339
Q45432533	6000000075426356023
Q45432534	6000000075427185871
Q45432535	6000000075424387882
Q45432536	6000000075426958822
Q45432537	6000000075423048944
Q45432538	6000000075422394976
Q45432539	6000000075420872072
Q45432540	6000000075421105400
Q45432541	6000000075423331075
Q45432542	6000000075420673004
Q45432543	6000000075424910824
Q45432544	6000000075419570146
Q45432546	6000000075426685822
Q45432547	6000000075422801831
Q45432548	6000000075426851836
Q45432549	6000000075420152496
Q45432550	6000000075427059875
Q45432551	6000000075422957874
Q45432552	6000000075425388241
Q45432553	6000000075424283273
Q45432554	6000000075424362861
Q45432555	6000000075428833855
Q45432556	6000000075428538877
Q45432557	6000000075425447121
Q45432558	6000000075424279858
Q45432559	6000000075422486822
Q45432560	6000000075423603828
Q45432561	6000000075425197444
Q45432562	6000000075424880007
Q45432563	6000000075419713935
Q45432564	6000000075419793997
Q45432565	6000000074726398831
Q45432566	6000000075421392924
Q45432567	6000000075419621597
Q45432568	6000000075427942108
Q45432569	6000000075425755943
Q45432570	6000000074736490912
Q45432571	6000000075426201862
Q45432572	6000000075421616885
Q45432573	6000000075423254163
Q45432574	6000000075420519866
Q45432575	6000000074312773970
Q45432576	6000000075425126242
Q45432577	6000000075426680084
Q45432578	6000000075427519874
Q45432579	6000000075421160859
Q45432582	6000000075420561936
Q45432583	6000000075423240936
Q45432584	6000000075425493822
Q45432585	6000000075424100219
Q45432586	6000000075425626822
Q45432587	6000000075424992869
Q45432588	6000000075426191496
Q45432589	6000000075426063031
Q45432590	6000000075429172855
Q45432592	6000000075429435822
Q45432593	6000000075426736843
Q45432594	6000000075426353337
Q45432595	6000000075428977880
Q45432596	6000000075426620036
Q45432597	6000000075422369221
Q45432598	6000000075423544328
Q45432599	6000000075422584842
Q45432600	6000000075421370834
Q45432601	6000000075422075939
Q45432602	6000000075423613908
Q45432603	6000000075420607961
Q45432604	6000000075424854856
Q45432606	6000000075420281822
Q45432607	6000000075426111152
Q45432608	6000000075422691863
Q45432609	6000000075425757920
Q45432610	6000000075421775838
Q45432611	6000000075426454026
Q45432612	6000000075427016868
Q45432613	6000000075420962840
Q45432614	6000000075426825127
Q45432615	6000000075428918846
Q45432616	6000000075425003899
Q45432617	6000000075424159008
Q45432618	6000000075425170239
Q45432619	6000000075423121446
Q45432620	6000000075428616834
Q45432621	6000000075423550861
Q45432622	6000000075422044023
Q45432623	6000000075426437874
Q45432624	6000000075424997099
Q45432625	6000000075419549119
Q45432626	6000000075419863822
Q45432627	6000000075423808951
Q45432628	6000000075421239016
Q45432629	6000000075420748989
Q45432630	6000000075420206910
Q45432631	6000000075426202864
Q45432632	6000000075420171019
Q45432633	6000000075423780889
Q45432634	6000000075420414927
Q45432635	6000000075426050845
Q45432637	6000000075425574917
Q45432638	6000000075426875897
Q45432639	6000000075426922314
Q45432640	6000000075428601882
Q45432641	6000000075420876061
Q45432642	6000000075423918047
Q45432643	6000000075423414824
Q45432644	6000000075420438992
Q45432645	6000000075424880075
Q45432647	6000000074699470076
Q45432648	6000000075425253956
Q45432649	6000000075424276188
Q45432650	6000000075427415852
Q45432651	6000000075425922046
Q45432652	6000000074792282823
Q45432653	6000000075429010004
Q45432654	6000000075426776821
Q45432655	6000000075427607822
Q45432656	6000000075427266836
Q45432658	6000000075422732022
Q45432660	6000000075426695983
Q45432662	6000000075422170055
Q45432663	6000000075421085903
Q45432664	6000000075422200866
Q45432665	6000000075423772835
Q45432666	6000000075420273142
Q45432668	6000000075419827074
Q45432669	6000000074737336970
Q45432671	6000000075425267084
Q45432672	6000000075421820826
Q45432673	6000000075421673391
Q45432674	6000000075426990948
Q45432675	6000000075426528069
Q45432676	6000000075422521040
Q45432677	6000000075427266895
Q45432679	6000000075424999942
Q45432680	6000000075424649493
Q45432681	6000000075424159013
Q45432682	6000000075428585834
Q45432683	6000000075423532862
Q45432683	6000000075483564840
Q45432684	6000000075424221882
Q45432685	6000000075426426869
Q45432686	6000000075424100422
Q45432687	6000000075422383893
Q45432688	6000000075419638090
Q45432689	6000000075423294206
Q45432690	6000000075419491020
Q45432692	6000000075420925889
Q45432693	6000000075420426844
Q45432694	6000000075421191964
Q45432695	6000000075423617999
Q45432696	6000000075420346983
Q45432697	6000000075426063922
Q45432698	6000000075425346994
Q45432699	6000000075425705865
Q45432700	6000000075427054824
Q45432701	6000000075428825834
Q45432702	6000000075421064958
Q45432703	6000000075424040925
Q45432704	6000000075427407032
Q45432705	6000000075422946074
Q45432706	6000000075420707846
Q45432707	6000000075428501903
Q45432708	6000000075424797177
Q45432709	6000000075424568968
Q45432710	6000000075425525881
Q45432711	6000000075427484823
Q45432712	6000000075426163895
Q45432713	6000000075423837527
Q45432714	6000000075428978926
Q45432715	6000000075429430839
Q45432716	6000000075427324987
Q45432717	6000000075426596171
Q45432718	6000000075426701856
Q45432719	6000000075423149878
Q45432720	6000000075428290106
Q45432721	6000000075424451982
Q45432722	6000000075426464054
Q45432723	6000000075421302863
Q45432724	6000000075421692978
Q45432725	6000000075421356442
Q45432726	6000000075420822875
Q45432727	6000000075424745908
Q45432728	6000000075419929074
Q45432730	6000000075422881245
Q45432731	6000000075426155039
Q45432732	6000000075425890888
Q45432733	6000000075421591946
Q45432734	6000000075422799851
Q45432736	6000000075427087887
Q45432737	6000000075426279246
Q45432738	6000000075425357063
Q45432739	6000000075425119889
Q45432740	6000000075426408568
Q45432741	6000000075423201984
Q45432742	6000000075428571838
Q45432743	6000000075423730110
Q45432744	6000000075425775992
Q45432745	6000000075425089983
Q45432747	6000000075422066035
Q45432748	6000000075420018872
Q45432749	6000000075423914925
Q45432750	6000000075421001848
Q45432751	6000000075419714971
Q45432752	6000000075419700181
Q45432753	6000000075421003180
Q45432754	6000000075427216928
Q45432755	6000000075421542841
Q45432756	6000000075423714922
Q45432757	6000000075425467187
Q45432758	6000000075420050073
Q45432759	6000000075426102872
Q45432760	6000000075426681086
Q45432761	6000000075421263833
Q45432762	6000000075423365364
Q45432763	6000000075428761860
Q45432764	6000000075427291007
Q45432765	6000000075419394644
Q45432766	6000000075425539925
Q45432767	6000000075428299071
Q45432768	6000000075423155941
Q45432769	6000000075424246051
Q45432770	6000000075425620826
Q45432771	6000000075427078006
Q45432772	6000000075426204950
Q45432773	6000000075429144875
Q45432774	6000000075428822067
Q45432775	6000000075425462865
Q45432776	6000000074699711892
Q45432777	6000000075427215087
Q45432778	6000000075426567175
Q45432779	6000000075426703866
Q45432780	6000000075423270822
Q45432781	6000000075428799969
Q45432782	6000000075424356951
Q45432783	6000000075426816917
Q45432784	6000000075422216863
Q45432785	6000000075420537015
Q45432786	6000000075422520913
Q45432787	6000000075421398826
Q45432788	6000000075424374083
Q45432791	6000000075426635844
Q45432792	6000000075425688979
Q45432793	6000000075421902939
Q45432794	6000000075422789852
Q45432795	6000000075423727872
Q45432796	6000000075422729921
Q45432797	6000000075427102865
Q45432798	6000000075426111275
Q45432799	6000000075425783840
Q45432800	6000000075425019955
Q45432801	6000000075428482019
Q45432804	6000000075423414947
Q45432805	6000000075426453873
Q45432806	6000000075427103462
Q45432807	6000000075425234858
Q45432808	6000000075424066007
Q45432809	6000000075423867114
Q45432810	6000000075422282952
Q45432811	6000000075420062839
Q45432812	6000000075423905928
Q45432813	6000000075419687019
Q45432814	6000000075421032837
Q45432815	6000000075421420957
Q45432816	6000000075420179923
Q45432817	6000000075427235941
Q45432818	6000000075423844893
Q45432820	6000000075426004909
Q45432821	6000000075421403866
Q45432822	6000000075425592132
Q45432823	6000000075426956866
Q45432824	6000000075420324061
Q45432826	6000000075423937931
Q45432827	6000000075428736885
Q45432828	6000000075427624916
Q45432829	6000000075420693863
Q45432830	6000000075424080609
Q45432831	6000000075428583879
Q45432832	6000000075424754847
Q45432833	6000000075425390994
Q45432834	6000000075422817122
Q45432835	6000000075427085126
Q45432836	6000000075426130997
Q45432837	6000000075428859931
Q45432838	6000000075429050028
Q45432839	6000000075424973866
Q45432840	6000000075425022980
Q45432841	6000000075427533866
Q45432842	6000000075427220857
Q45432843	6000000075426780822
Q45432844	6000000075423115886
Q45432845	6000000074791696051
Q45432846	6000000075424476958
Q45432847	6000000075426698974
Q45432848	6000000075422091899
Q45432850	6000000075420535943
Q45432851	6000000075422627823
Q45432852	6000000075421133901
Q45432853	6000000074726058959
Q45432854	6000000075419929090
Q45432855	6000000075425051535
Q45432856	6000000075421888997
Q45432857	6000000075424575135
Q45432858	6000000075422612883
Q45432859	6000000075422340467
Q45432860	6000000075422647014
Q45432861	6000000075427151838
Q45432862	6000000075426838836
Q45432863	6000000075425134222
Q45432866	6000000075423624822
Q45432868	6000000075428308891
Q45432869	6000000075426499855
Q45432870	6000000075425331822
Q45432871	6000000075424150907
Q45432872	6000000075422698195
Q45432873	6000000075419902008
Q45432874	6000000075424031845
Q45432875	6000000075419864847
Q45432877	6000000075421055829
Q45432878	6000000075420404859
Q45432879	6000000075421207067
Q45432880	6000000075423740921
Q45432881	6000000075427062985
Q45432882	6000000075422255917
Q45432883	6000000075424912520
Q45432884	6000000075421462893
Q45432885	6000000075426944882
Q45432886	6000000075425603159
Q45432887	6000000075424000969
Q45432888	6000000075428842831
Q45432889	6000000075420021170
Q45432890	6000000075421219834
Q45432891	6000000075427588894
Q45432892	6000000075420561941
Q45432893	6000000075425771822
Q45432895	6000000075425613834
Q45432896	6000000075423041022
Q45432897	6000000075427364918
Q45432898	6000000075424536020
Q45432899	6000000075425642088
Q45432900	6000000075428822077
Q45432901	6000000075428539132
Q45432902	6000000075425397855
Q45432903	6000000074724897201
Q45432904	6000000075424974882
Q45432905	6000000075426772840
Q45432906	6000000075426213402
Q45432908	6000000075422098352
Q45432909	6000000075428978862
Q45432910	6000000075426817903
Q45432911	6000000075421760054
Q45432912	6000000075420012397
Q45432913	6000000075420888135
Q45432914	6000000075424338162
Q45432915	6000000075420202862
Q45432916	6000000075422250076
Q45432917	6000000075426258987
Q45432918	6000000075422030908
Q45432919	6000000074748966024
Q45432921	6000000075425826903
Q45432922	6000000075422848900
Q45432924	6000000075422907139
Q45432925	6000000075426449071
Q45432926	6000000075425764886
Q45432927	6000000075425219829
Q45432928	6000000075428905837
Q45432929	6000000075423396002
Q45432931	6000000075428038027
Q45432932	6000000075425155878
Q45432933	6000000075426528836
Q45432934	6000000075423730115
Q45432936	6000000075423663115
Q45432937	6000000075423557054
Q45432939	6000000075420898915
Q45432940	6000000075420965092
Q45432941	6000000075419237188
Q45432942	6000000075423757862
Q45432944	6000000075425961880
Q45432945	6000000075426308440
Q45432946	6000000075426877965
Q45432947	6000000075421145953
Q45432949	6000000075423918052
Q45432950	6000000075428509975
Q45432951	6000000075426133880
Q45432952	6000000075420345981
Q45432953	6000000075421230855
Q45432954	6000000075427678853
Q45432955	6000000075425644884
Q45432956	6000000075428670849
Q45432957	6000000075424801208
Q45432958	6000000075422970129
Q45432959	6000000075420659873
Q45432960	6000000075427388853
Q45432961	6000000075424632951
Q45432962	6000000075429197916
Q45432963	6000000075426307870
Q45432964	6000000075428986865
Q45432965	6000000075425332871
Q45432966	6000000075427396928
Q45432967	6000000075424569161
Q45432968	6000000075426308362
Q45432969	6000000075426679855
Q45432970	6000000075422221320
Q45432971	6000000075424620846
Q45432972	6000000075429112822
Q45432973	6000000075426901878
Q45432974	6000000075420885236
Q45432975	6000000075420436118
Q45432976	6000000075421104983
Q45432977	6000000075424649008
Q45432978	6000000075420175876
Q45432979	6000000075422550860
Q45432981	6000000075422004900
Q45432982	6000000075422768848
Q45432983	6000000075423086822
Q45432984	6000000075426111280
Q45432985	6000000075427042906
Q45432987	6000000075425990831
Q45432988	6000000075425146987
Q45432989	6000000075424984952
Q45432990	6000000075423300936
Q45432991	6000000075427469382
Q45432992	6000000075427601245
Q45432993	6000000075425310838
Q45432995	6000000075424480823
Q45432996	6000000075420054857
Q45432997	6000000075426526852
Q45432998	6000000075424031850
Q45432999	6000000075419743191
Q454330	6000000013900384637
Q45433000	6000000075424046999
Q45433001	6000000074747119955
Q45433002	6000000075421275025
Q45433003	6000000075419800890
Q45433004	6000000075423484004
Q45433005	6000000075422228956
Q45433006	6000000075427364855
Q45433007	6000000075425417197
Q45433009	6000000074701410123
Q45433011	6000000075426069884
Q45433012	6000000075420477880
Q45433013	6000000075423258270
Q45433014	6000000075421262824
Q45433015	6000000075426742313
Q45433016	6000000075425769831
Q45433017	6000000075428277974
Q45433018	6000000075425540880
Q45433019	6000000075423240952
Q45433022	6000000075427210995
Q45433023	6000000075426143001
Q45433025	6000000075429111930
Q45433026	6000000075424538950
Q45433027	6000000075427412892
Q45433028	6000000074751378837
Q45433029	6000000075427194879
Q45433030	6000000075425051834
Q45433031	6000000075426571949
Q45433032	6000000075422977004
Q45433033	6000000075424367922
Q45433034	6000000075429031845
Q45433035	6000000075426245216
Q45433036	6000000075422004963
Q45433037	6000000075420724000
Q45433038	6000000075420292822
Q45433039	6000000075420904584
Q45433040	6000000075424575998
Q45433041	6000000075426612876
Q45433042	6000000075421342860
Q45433043	6000000075421758011
Q45433044	6000000075422685870
Q45433045	6000000075422768957
Q45433046	6000000075426731938
Q45433047	6000000075426718044
Q45433048	6000000075422861174
Q45433049	6000000075425431147
Q45433051	6000000075425836893
Q45433052	6000000075425147840
Q45433054	6000000075428529863
Q45433055	6000000075423565835
Q45433057	6000000075425076981
Q45433058	6000000075424128052
Q45433059	6000000075419958900
Q45433060	6000000075423748007
Q45433061	6000000075426383918
Q45433062	6000000075420362911
Q45433063	6000000075424337836
Q45433064	6000000075420828936
Q45433065	6000000075421628891
Q45433066	6000000075419658947
Q45433067	6000000075423885825
Q45433068	6000000075427211883
Q45433069	6000000075422383913
Q45433070	6000000075426699004
Q45433071	6000000075425432306
Q45433072	6000000075421411904
Q45433073	6000000075426096888
Q45433075	6000000075428748895
Q45433076	6000000075424042870
Q45433077	6000000075427748822
Q45433078	6000000075421199843
Q45433079	6000000075427930125
Q45433080	6000000075423280892
Q45433082	6000000075423544648
Q45433083	6000000075425538990
Q45433084	6000000075427394872
Q45433085	6000000074784940156
Q45433087	6000000075426297884
Q45433088	6000000075429184917
Q45433089	6000000075420386055
Q45433090	6000000075424683879
Q45433091	6000000075425501825
Q45433092	6000000075426367277
Q45433093	6000000075425020848
Q45433094	6000000075426369009
Q45433095	6000000075422492171
Q45433096	6000000075427222903
Q45433097	6000000075427900263
Q45433099	6000000075424492946
Q454331	6000000017615745130
Q45433100	6000000075420119163
Q45433101	6000000075419974003
Q45433102	6000000075422226872
Q45433103	6000000075422285008
Q45433104	6000000075424920822
Q45433105	6000000075426504960
Q45433106	6000000075422093854
Q45433107	6000000075422560961
Q45433108	6000000075421269899
Q45433109	6000000075422860924
Q45433110	6000000075426570887
Q45433111	6000000075427118863
Q45433112	6000000075423656918
Q45433113	6000000075425815905
Q45433114	6000000075425517030
Q45433115	6000000075424977929
Q45433117	6000000075428555849
Q45433118	6000000075422441140
Q45433120	6000000075425003971
Q45433122	6000000075423940936
Q45433123	6000000075419990914
Q45433124	6000000075425579310
Q45433125	6000000075420338894
Q45433126	6000000075423927089
Q45433127	6000000075424460837
Q45433128	6000000075420559988
Q45433129	6000000075419869852
Q45433130	6000000075422815332
Q45433132	6000000075427041832
Q45433134	6000000075425970889
Q45433135	6000000075421418921
Q45433136	6000000075425871988
Q45433137	6000000075428835833
Q45433138	6000000075426214372
Q45433139	6000000075423705046
Q45433140	6000000074759160970
Q45433141	6000000075427396997
Q45433142	6000000075420914825
Q45433143	6000000075428759822
Q45433144	6000000075423371853
Q45433145	6000000075425633826
Q45433146	6000000075425474963
Q45433147	6000000075427309894
Q45433148	6000000075429175847
Q45433149	6000000075426340856
Q45433150	6000000075429434824
Q45433151	6000000075420683873
Q45433152	6000000075424100224
Q45433153	6000000075425370880
Q45433155	6000000075427178884
Q45433156	6000000075425002894
Q45433157	6000000075426627944
Q45433158	6000000075423056938
Q45433159	6000000075427344976
Q45433161	6000000075420545045
Q45433162	6000000075428202201
Q45433163	6000000075426423071
Q45433164	6000000075420170927
Q45433165	6000000075422284832
Q45433166	6000000075421105567
Q45433167	6000000075424764898
Q45433168	6000000075426579861
Q45433169	6000000075421380119
Q45433170	6000000075421345840
Q45433171	6000000075421925270
Q45433172	6000000075422224250
Q45433173	6000000075426876822
Q45433174	6000000075426824043
Q45433175	6000000075424858434
Q45433176	6000000075425078937
Q45433177	6000000075425762898
Q45433178	6000000075423650905
Q45433179	6000000075427407360
Q45433180	6000000075423371905
Q45433183	6000000075424912080
Q45433185	6000000075419949895
Q45433186	6000000075426511847
Q45433187	6000000075420074038
Q45433188	6000000075420841915
Q45433189	6000000075419829868
Q45433190	6000000075424272929
Q45433191	6000000075423523016
Q45433192	6000000075424084925
Q45433193	6000000075421205063
Q45433195	6000000075426830935
Q45433196	6000000075422182938
Q45433197	6000000075421475889
Q45433198	6000000075425886946
Q45433199	6000000075425123384
Q45433200	6000000074690492490
Q45433202	6000000075427245401
Q45433203	6000000075420607836
Q45433204	6000000075427646904
Q45433205	6000000075421099931
Q45433206	6000000075422629184
Q45433208	6000000075424585383
Q45433209	6000000075425766835
Q45433210	6000000075426084561
Q45433211	6000000075426007084
Q45433213	6000000075428705037
Q45433214	6000000075420658945
Q45433215	6000000075425493839
Q45433216	6000000075424712871
Q45433217	6000000075426084418
Q45433218	6000000075424528122
Q45433219	6000000075426764839
Q45433220	6000000075423281822
Q45433221	6000000074724919277
Q45433222	6000000075423683324
Q45433223	6000000075420483003
Q45433224	6000000075428943853
Q45433225	6000000075426877900
Q45433226	6000000075422070879
Q45433228	6000000075424615979
Q45433229	6000000075426499920
Q45433230	6000000075422360884
Q45433231	6000000075422601898
Q45433232	6000000075421858002
Q45433233	6000000075422991857
Q45433234	6000000075421359841
Q45433237	6000000075426875963
Q45433238	6000000075425691032
Q45433239	6000000075425007971
Q45433240	6000000075423569978
Q45433241	6000000075428377989
Q45433242	6000000075424889424
Q45433243	6000000075423371910
Q45433244	6000000075424887102
Q45433245	6000000075427720300
Q45433248	6000000075420421871
Q45433249	6000000075421004884
Q45433250	6000000075419669923
Q45433251	6000000075423773929
Q45433252	6000000075424089935
Q45433253	6000000075426455875
Q45433254	6000000075421605917
Q45433255	6000000075424281945
Q45433256	6000000075427033832
Q45433257	6000000075422437872
Q45433258	6000000075425901969
Q45433259	6000000075425615168
Q45433260	6000000075421556837
Q45433261	6000000075424165857
Q45433262	6000000075427299863
Q45433263	6000000074756789993
Q45433264	6000000075420551852
Q45433265	6000000075420734067
Q45433266	6000000075423239933
Q45433267	6000000075427518946
Q45433268	6000000075425633831
Q45433269	6000000075425776822
Q45433270	6000000075426894838
Q45433271	6000000075427448849
Q45433272	6000000075426286879
Q45433273	6000000075428922030
Q45433275	6000000075419830472
Q45433276	6000000075425299920
Q45433277	6000000075424243049
Q45433278	6000000075425026870
Q45433279	6000000075426031160
Q45433280	6000000075426944978
Q45433281	6000000074724933186
Q45433283	6000000075422694051
Q45433284	6000000075423758256
Q45433285	6000000075420673025
Q45433286	6000000075429059826
Q45433287	6000000075421673134
Q45433288	6000000075419892134
Q45433289	6000000075422657824
Q45433290	6000000075426180120
Q45433292	6000000075422849825
Q45433293	6000000075421430386
Q45433294	6000000075426887876
Q45433295	6000000075423026866
Q45433296	6000000075420782097
Q45433297	6000000075426179160
Q45433298	6000000075427104899
Q45433300	6000000075425135895
Q45433301	6000000075423772840
Q45433302	6000000075425756976
Q45433303	6000000075428017996
Q45433304	6000000075425845847
Q45433305	6000000075425197891
Q45433306	6000000075428943833
Q45433307	6000000075419874936
Q45433308	6000000075423577843
Q45433309	6000000075423899966
Q45433310	6000000075419795176
Q45433311	6000000074687407926
Q45433312	6000000075420655114
Q45433313	6000000075419846850
Q45433314	6000000075424337841
Q45433315	6000000075425834114
Q45433318	6000000075426515200
Q45433319	6000000075421179050
Q45433320	6000000075423875060
Q45433321	6000000075422481844
Q45433322	6000000075426103822
Q45433323	6000000075426100863
Q45433324	6000000075421229934
Q45433325	6000000075423730006
Q45433326	6000000075427266915
Q45433330	6000000075423198944
Q45433331	6000000075423732984
Q45433332	6000000075425560879
Q45433334	6000000075427406905
Q45433335	6000000075426330864
Q45433336	6000000075428712855
Q45433337	6000000075429353833
Q45433338	6000000075428808886
Q45433339	6000000075420335013
Q45433341	6000000075425445875
Q45433343	6000000075427299824
Q45433344	6000000075425011844
Q45433345	6000000075424447024
Q45433346	6000000075427545833
Q45433348	6000000075420688012
Q45433349	6000000075421974925
Q45433350	6000000075420160906
Q45433351	6000000075427185543
Q45433352	6000000075422225087
Q45433353	6000000075424328906
Q45433354	6000000075426628864
Q45433355	6000000075422247144
Q45433356	6000000075422030913
Q45433357	6000000075424534075
Q45433358	6000000075426928904
Q45433359	6000000075423006926
Q45433360	6000000075426454034
Q45433361	6000000075421364850
Q45433362	6000000075426731108
Q45433363	6000000075423168788
Q45433364	6000000075422340472
Q45433365	6000000075428224987
Q45433366	6000000075425727899
Q45433367	6000000075425853874
Q45433368	6000000075424475218
Q45433369	6000000075428800877
Q45433370	6000000075423396008
Q45433371	6000000075424015863
Q45433372	6000000075419638107
Q45433373	6000000075420212993
Q45433375	6000000075423836855
Q45433376	6000000075420936975
Q45433377	6000000075419649966
Q45433378	6000000075426240959
Q45433379	6000000075423722219
Q45433380	6000000075426491002
Q45433381	6000000075421379947
Q45433382	6000000075425845968
Q45433383	6000000075424457824
Q45433384	6000000075425757115
Q45433385	6000000075422480826
Q45433386	6000000075423961941
Q45433387	6000000075427358839
Q45433389	6000000075420006208
Q45433391	6000000075427945246
Q45433392	6000000075427650879
Q45433393	6000000075425774840
Q45433394	6000000075421566687
Q45433395	6000000075425590865
Q45433396	6000000075427201971
Q45433397	6000000075426348858
Q45433399	6000000075428538957
Q45433400	6000000075429161918
Q45433401	6000000075428010297
Q45433402	6000000075420267889
Q45433403	6000000075425159066
Q45433404	6000000075426527208
Q45433405	6000000075424626079
Q45433406	6000000075423410527
Q45433407	6000000074724790517
Q45433408	6000000075422647080
Q45433409	6000000075426180192
Q45433410	6000000075420724017
Q45433411	6000000075421581295
Q45433412	6000000075049720969
Q45433413	6000000075424366941
Q45433414	6000000075428793892
Q45433415	6000000075422603862
Q45433416	6000000075426549911
Q45433417	6000000075422660930
Q45433418	6000000075426619049
Q45433419	6000000075424890833
Q45433420	6000000075426725896
Q45433421	6000000075422098847
Q45433422	6000000075422911912
Q45433423	6000000075424758138
Q45433424	6000000075421230933
Q45433425	6000000075423613929
Q45433427	6000000075426781997
Q45433428	6000000075426731648
Q45433430	6000000075424832337
Q45433431	6000000075424897915
Q45433432	6000000075428735876
Q45433433	6000000075422463299
Q45433434	6000000075419244301
Q45433435	6000000075424103829
Q45433436	6000000075419223535
Q45433437	6000000075423773934
Q45433438	6000000075419823879
Q45433439	6000000075426469862
Q45433440	6000000075420635074
Q45433441	6000000075424330833
Q45433442	6000000075427064822
Q45433444	6000000075425841912
Q45433445	6000000075421130106
Q45433446	6000000075424436831
Q45433450	6000000075426182874
Q45433451	6000000075424072899
Q45433452	6000000075423847993
Q45433453	6000000075420497880
Q45433454	6000000075421262830
Q45433455	6000000075421481879
Q45433456	6000000075424889384
Q45433457	6000000075423004993
Q45433458	6000000075425521898
Q45433459	6000000075427214023
Q45433460	6000000074756859002
Q45433461	6000000075425432447
Q45433462	6000000075427036019
Q45433463	6000000075428277983
Q45433464	6000000075429234825
Q45433465	6000000075420583935
Q45433466	6000000075425448870
Q45433467	6000000075427042953
Q45433469	6000000075428808075
Q45433470	6000000075427318933
Q45433472	6000000075426308099
Q45433473	6000000075420854843
Q45433474	6000000075423219858
Q45433475	6000000075421798157
Q45433476	6000000075420255848
Q45433477	6000000075428306156
Q45433478	6000000075422611890
Q45433479	6000000075424298058
Q45433480	6000000075426597891
Q45433481	6000000075422404992
Q45433482	6000000075426342205
Q45433483	6000000075423828471
Q45433484	6000000075426825854
Q45433485	6000000075421812989
Q45433486	6000000075422709937
Q45433487	6000000075425079908
Q45433488	6000000075421180928
Q45433489	6000000075423705913
Q45433490	6000000075425467778
Q45433491	6000000075425738923
Q45433492	6000000075425885893
Q45433493	6000000075428335921
Q45433494	6000000075425286880
Q45433495	6000000075428882858
Q45433496	6000000075423603839
Q45433497	6000000075423661056
Q45433498	6000000075420445823
Q45433499	6000000075423497091
Q454335	6000000077124243642
Q45433500	6000000075419608142
Q45433501	6000000075419836864
Q45433503	6000000075426477849
Q45433504	6000000075420844923
Q45433505	6000000075426851931
Q45433506	6000000075424197879
Q45433508	6000000075421454973
Q45433509	6000000075423769130
Q45433510	6000000075422200979
Q45433511	6000000075425491194
Q45433512	6000000075420220038
Q45433513	6000000075424043915
Q45433514	6000000075427233924
Q45433515	6000000075420948951
Q45433516	6000000075421239050
Q45433517	6000000075425675878
Q45433518	6000000075423118019
Q45433519	6000000075427601899
Q45433521	6000000075425933039
Q45433522	6000000074313078838
Q45433523	6000000075427043132
Q45433524	6000000075427232376
Q45433526	6000000075420716831
Q45433528	6000000075425133031
Q45433529	6000000075425134970
Q45433530	6000000075427087951
Q45433531	6000000075429458823
Q45433532	6000000075426423308
Q45433533	6000000075425003842
Q45433534	6000000075426356031
Q45433535	6000000075420588025
Q45433537	6000000075423218851
Q45433538	6000000075421845020
Q45433539	6000000075422474919
Q45433540	6000000075424067169
Q45433541	6000000075426612881
Q45433542	6000000075428370065
Q45433543	6000000075422761878
Q45433545	6000000075426408188
Q45433546	6000000075424852881
Q45433547	6000000075422026859
Q45433549	6000000075426697898
Q45433551	6000000075421412860
Q45433553	6000000075425904822
Q45433554	6000000075423677887
Q45433555	6000000075425357125
Q45433556	6000000075426579030
Q45433557	6000000075428442902
Q45433559	6000000075422965115
Q45433560	6000000075424704073
Q45433561	6000000075422971419
Q45433562	6000000075420140998
Q45433563	6000000075423090297
Q45433564	6000000075420054862
Q45433565	6000000075419758878
Q45433566	6000000075420793988
Q45433567	6000000075426299901
Q45433568	6000000075424156931
Q45433569	6000000075421340958
Q45433570	6000000075427086822
Q45433571	6000000075425689027
Q45433572	6000000075420964213
Q45433573	6000000075425827024
Q45433574	6000000075424299902
Q45433575	6000000075420535863
Q45433576	6000000075424184852
Q45433577	6000000075425388252
Q45433578	6000000075425694915
Q45433580	6000000075423433834
Q45433581	6000000075427419992
Q45433582	6000000075421208096
Q45433585	6000000074756859006
Q45433586	6000000075425919069
Q45433587	6000000075429059889
Q45433588	6000000075420383049
Q45433589	6000000075428741823
Q45433591	6000000075425318921
Q45433592	6000000075427007077
Q45433593	6000000075424973073
Q45433594	6000000075427305822
Q45433595	6000000075427407923
Q45433596	6000000075427934437
Q45433597	6000000075426695887
Q45433599	6000000075424649923
Q454336	6000000038199718331
Q45433600	6000000075424987877
Q45433601	6000000075423140866
Q45433602	6000000075422332822
Q45433603	6000000075420703908
Q45433604	6000000075421997186
Q45433605	6000000075423722323
Q45433607	6000000075428343126
Q45433608	6000000075422528939
Q45433609	6000000074705031455
Q45433610	6000000075426963825
Q45433612	6000000075421158266
Q45433613	6000000075422965894
Q45433614	6000000075426245167
Q45433615	6000000075421289886
Q45433616	6000000075425081945
Q45433617	6000000075425162157
Q45433619	6000000075425869922
Q45433620	6000000075427167826
Q45433621	6000000075426875927
Q45433622	6000000075423530898
Q45433623	6000000075428940846
Q45433626	6000000075420420876
Q45433627	6000000075423702958
Q45433628	6000000075419832972
Q45433629	6000000075418539530
Q45433630	6000000075420920939
Q45433631	6000000075425323850
Q45433632	6000000075421717828
Q45433633	6000000075426155024
Q45433634	6000000075426629146
Q45433636	6000000075422498834
Q45433637	6000000075425967020
Q45433638	6000000075425774057
Q45433639	6000000075424088005
Q45433640	6000000075419422449
Q45433641	6000000075424201832
Q45433642	6000000075426680258
Q45433643	6000000075424106576
Q45433644	6000000075423099070
Q45433645	6000000075421119879
Q45433646	6000000075420999062
Q45433647	6000000075427695839
Q45433648	6000000074791215298
Q45433649	6000000075428290159
Q45433650	6000000075420012328
Q45433652	6000000075427720231
Q45433653	6000000075424043647
Q45433654	6000000075427184980
Q45433655	6000000075425422977
Q45433656	6000000075426450317
Q45433657	6000000075426308540
Q45433658	6000000075429374871
Q45433659	6000000075426526983
Q45433660	6000000075424745837
Q45433662	6000000075423297834
Q45433663	6000000075422300868
Q45433664	6000000075424847906
Q45433665	6000000075420181238
Q45433666	6000000075422618873
Q45433667	6000000075424519913
Q45433669	6000000075428511105
Q45433670	6000000075422369099
Q45433671	6000000075419849146
Q45433673	6000000075422065850
Q45433674	6000000075424067310
Q45433675	6000000075421105770
Q45433676	6000000075420975963
Q45433677	6000000075425202832
Q45433680	6000000075425932872
Q45433681	6000000075427050916
Q45433682	6000000075428621839
Q45433683	6000000075423409950
Q45433684	6000000075428988822
Q45433685	6000000075426882823
Q45433686	6000000075424046860
Q45433687	6000000075420440869
Q45433688	6000000075423768873
Q45433689	6000000075419710079
Q45433690	6000000075419835851
Q45433692	6000000075425120939
Q45433693	6000000075421692846
Q45433694	6000000075426548850
Q45433695	6000000075426878930
Q45433696	6000000075424352834
Q45433697	6000000075421632010
Q45433698	6000000075426174876
Q45433699	6000000074699336152
Q454337	5232225520280117433
Q45433700	6000000075424197938
Q45433701	6000000075420541876
Q45433702	6000000075423347263
Q45433703	6000000075427246915
Q45433704	6000000075425727869
Q45433705	6000000075423155948
Q45433706	6000000075421047937
Q45433707	6000000075421217006
Q45433708	6000000075427524918
Q45433709	6000000075429270822
Q45433711	6000000075420718867
Q45433713	6000000074313029875
Q45433714	6000000075426193966
Q45433715	6000000075428600899
Q45433716	6000000075425445880
Q45433717	6000000074769102906
Q45433718	6000000075426007569
Q45433719	6000000075427419862
Q45433720	6000000075426728086
Q45433722	6000000075426354087
Q45433723	6000000075429410877
Q45433724	6000000075424622912
Q45433725	6000000075423086934
Q45433726	6000000075423433784
Q45433727	6000000075422153905
Q45433729	6000000075420692902
Q45433730	6000000075422612844
Q45433731	6000000075424205068
Q45433732	6000000075428893879
Q45433733	6000000075426577880
Q45433734	6000000075426623012
Q45433735	6000000075421759983
Q45433737	6000000075423098822
Q45433738	6000000075422785875
Q45433739	6000000075424467002
Q45433740	6000000075424922994
Q45433741	6000000075421338865
Q45433742	6000000075423420027
Q45433743	6000000075425691973
Q45433744	6000000075425863876
Q45433745	6000000075426874975
Q45433746	6000000075423593830
Q45433747	6000000075428576846
Q45433748	6000000075428963846
Q45433749	6000000075426816872
Q45433750	6000000075423365275
Q45433751	6000000075420345925
Q45433752	6000000075423781914
Q45433753	6000000075419902823
Q45433754	6000000075419896962
Q45433755	6000000075421045843
Q45433756	6000000075421681838
Q45433757	6000000075426195022
Q45433758	6000000075427037843
Q45433759	6000000075425302864
Q45433760	6000000075423071525
Q45433761	6000000075422449863
Q45433762	6000000075426106886
Q45433763	6000000075426047853
Q45433764	6000000075423992002
Q45433765	6000000075426308450
Q45433766	6000000075420295011
Q45433767	6000000075424112886
Q45433768	6000000075425791825
Q45433769	6000000075423289883
Q45433770	6000000075420656221
Q45433771	6000000075427053226
Q45433772	6000000075428370107
Q45433773	6000000075421162082
Q45433774	6000000075420286062
Q45433775	6000000075428747887
Q45433776	6000000075424387779
Q45433777	6000000075428342982
Q45433779	6000000075425343918
Q45433780	6000000075425299986
Q45433781	6000000075426844985
Q45433782	6000000075426648224
Q45433783	6000000075427195073
Q45433784	6000000075426579934
Q45433785	6000000075424684909
Q45433786	6000000075423301822
Q45433787	6000000075429186922
Q45433788	6000000075424680077
Q45433789	6000000075421838092
Q45433790	6000000075420414081
Q45433791	6000000075421430710
Q45433792	6000000075424286034
Q45433793	6000000074792238830
Q45433794	6000000075426563911
Q45433795	6000000075425875393
Q45433796	6000000075420114954
Q45433797	6000000074784098862
Q45433798	6000000075423048854
Q45433799	6000000075422592893
Q45433800	6000000075424736025
Q45433801	6000000075424715974
Q45433802	6000000075421137934
Q45433803	6000000075423803835
Q45433804	6000000075425912880
Q45433805	6000000075425775903
Q45433806	6000000075426999901
Q45433807	6000000075423624835
Q45433809	6000000075428018005
Q45433810	6000000075428629925
Q45433811	6000000075426705924
Q45433812	6000000075420452839
Q45433813	6000000075423836863
Q45433815	6000000075419775858
Q45433816	6000000075419587050
Q45433817	6000000075420844928
Q45433818	6000000075426409868
Q45433819	6000000075427047848
Q45433820	6000000075424759098
Q45433821	6000000075424362824
Q45433823	6000000075421625884
Q45433824	6000000075426009968
Q45433825	6000000075421439386
Q45433826	6000000075425615089
Q45433827	6000000075427243880
Q45433828	6000000075420180031
Q45433829	6000000075424250929
Q45433830	6000000075423954946
Q45433831	6000000075425163101
Q45433832	6000000075422795119
Q45433833	6000000075421235838
Q45433834	6000000075427740829
Q45433835	6000000075429219842
Q45433836	6000000075421429925
Q45433837	6000000075420592960
Q45433838	6000000074756900996
Q45433839	6000000075425944064
Q45433840	6000000074703381123
Q45433841	6000000075425445885
Q45433842	6000000075425555892
Q45433843	6000000075427211851
Q45433844	6000000075427282998
Q45433845	6000000075426678886
Q45433846	6000000075427306978
Q45433847	6000000075424674942
Q45433848	6000000075422703093
Q45433849	6000000075429293914
Q45433850	6000000075424792932
Q45433852	6000000075421885013
Q45433853	6000000075419514968
Q45433854	6000000075422680822
Q45433855	6000000075424336954
Q45433858	6000000075429080839
Q45433859	6000000075419443249
Q45433861	6000000075426900889
Q45433862	6000000075422120842
Q45433863	6000000075422629020
Q45433864	6000000075421135678
Q45433865	6000000075424840875
Q45433866	6000000075423413112
Q45433867	6000000075425124864
Q45433868	6000000075421384832
Q45433869	6000000075425911905
Q45433870	6000000075425357083
Q45433871	6000000075426957855
Q45433872	6000000075422338307
Q45433873	6000000075428956841
Q45433874	6000000075426844835
Q45433875	6000000075428489919
Q45433876	6000000075420498822
Q45433877	6000000075423733940
Q45433878	6000000075423859992
Q45433879	6000000075419556057
Q45433880	6000000075420005870
Q45433881	6000000075426297952
Q45433882	6000000075426086327
Q45433883	6000000075420857012
Q45433884	6000000075425321848
Q45433885	6000000075423652223
Q45433886	6000000075421335011
Q45433887	6000000075426107898
Q45433888	6000000075425975926
Q45433889	6000000075422099989
Q45433890	6000000075426623154
Q45433891	6000000075420062107
Q45433892	6000000075423765019
Q45433893	6000000075424797348
Q45433894	6000000075424001155
Q45433895	6000000075423278955
Q45433896	6000000075421289846
Q45433897	6000000075421489912
Q45433898	6000000075420153190
Q45433899	6000000075427562906
Q45433901	6000000075429277822
Q45433903	6000000075426173962
Q45433904	6000000075428625917
Q45433905	6000000075424339496
Q45433906	6000000075427217888
Q45433907	6000000075424764291
Q45433908	6000000075426300023
Q45433909	6000000075424655847
Q45433910	6000000075422972921
Q45433911	6000000075429386897
Q45433912	6000000075427250005
Q45433913	6000000075424100339
Q45433914	6000000075422012978
Q45433915	6000000075420833856
Q45433916	6000000075424043164
Q45433917	6000000075422330983
Q45433918	6000000074746880173
Q45433919	6000000075428343132
Q45433920	6000000075419827099
Q45433921	6000000075426615038
Q45433922	6000000075422124832
Q45433923	6000000075422139396
Q45433924	6000000075422651891
Q45433925	6000000075424928824
Q45433926	6000000075423565945
Q45433927	6000000074750896369
Q45433928	6000000075420051515
Q45433929	6000000074711601368
Q45433930	6000000075423456895
Q45433931	6000000075428898843
Q45433932	6000000075425567054
Q45433933	6000000075426721954
Q45433934	6000000075426878980
Q45433935	6000000075423935823
Q45433937	6000000075427292929
Q45433938	6000000075419363188
Q45433939	6000000075420485835
Q45433940	6000000075419855935
Q45433941	6000000075423723074
Q45433942	6000000075425051481
Q45433943	6000000075426968886
Q45433944	6000000075421099849
Q45433945	6000000075424758199
Q45433947	6000000075421512935
Q45433948	6000000075425754033
Q45433949	6000000075424937398
Q45433950	6000000075421230518
Q45433951	6000000075427266920
Q45433952	6000000075420622844
Q45433953	6000000075423986970
Q45433954	6000000075425045213
Q45433955	6000000075423992010
Q45433956	6000000075423082049
Q45433957	6000000075421077965
Q45433958	6000000075421331967
Q45433960	6000000075427505006
Q45433961	6000000075428570064
Q45433964	6000000075428299079
Q45433965	6000000075425421881
Q45433966	6000000075428846837
Q45433969	6000000075425210064
Q45433970	6000000075426408430
Q45433971	6000000075425592499
Q45433972	6000000075424741863
Q45433973	6000000075422923000
Q45433974	6000000075429340868
Q45433975	6000000075427309951
Q45433977	6000000075424606023
Q45433978	6000000075420716961
Q45433979	6000000075424494933
Q45433980	6000000075422247050
Q45433981	6000000075426696833
Q45433982	6000000075420170937
Q45433983	6000000075426990828
Q45433984	6000000075421528893
Q45433985	6000000075422965901
Q45433986	6000000075428936865
Q45433987	6000000075422878826
Q45433988	6000000075424883867
Q45433989	6000000075423403066
Q45433990	6000000075425219821
Q45433991	6000000075421413860
Q45433992	6000000075425981838
Q45433993	6000000075428991832
Q45433994	6000000075426493065
Q45433995	6000000075425481978
Q45433996	6000000075423591845
Q45433997	6000000075422971346
Q45433998	6000000075427499822
Q45433999	6000000075426978945
Q45434000	6000000075419360186
Q45434001	6000000075428641834
Q45434002	6000000075420407909
Q45434003	6000000075419884977
Q45434004	6000000075423254313
Q45434005	6000000075426548856
Q45434006	6000000075427093824
Q45434007	6000000075420953910
Q45434008	6000000075421010091
Q45434009	6000000075425196872
Q45434010	6000000075424036954
Q45434011	6000000075426268822
Q45434012	6000000075426096837
Q45434013	6000000075422309890
Q45434015	6000000075420519879
Q45434016	6000000075425784840
Q45434017	6000000075424095881
Q45434018	6000000075424368863
Q45434019	6000000075423422856
Q45434020	6000000075421553844
Q45434021	6000000074712958847
Q45434023	6000000075421308822
Q45434024	6000000075427333998
Q45434025	6000000075428636084
Q45434027	6000000075428740844
Q45434028	6000000075425218946
Q45434029	6000000075428509981
Q45434030	6000000075426781841
Q45434031	6000000075424652899
Q45434032	6000000075427245907
Q45434033	6000000075423124909
Q45434034	6000000075424890186
Q45434035	6000000075428385086
Q45434036	6000000075427592870
Q45434037	6000000075424972854
Q45434038	6000000075420579015
Q45434039	6000000075422146910
Q45434040	6000000075422544877
Q45434042	6000000075424683822
Q45434043	6000000075419661182
Q45434044	6000000075426724977
Q45434045	6000000075422065858
Q45434046	6000000075423042839
Q45434047	6000000075428979888
Q45434048	6000000075422234190
Q45434049	6000000075424803978
Q45434051	6000000075425123875
Q45434054	6000000075425600967
Q45434055	6000000075428975827
Q45434057	6000000075425867854
Q45434058	6000000075423275006
Q45434059	6000000075426615978
Q45434060	6000000075423650982
Q45434061	6000000075427426844
Q45434063	6000000075427148885
Q45434064	6000000075419549063
Q45434065	6000000075420098063
Q45434067	6000000075420143822
Q45434068	6000000075428551873
Q45434069	6000000075423317157
Q45434070	6000000075427080830
Q45434071	6000000075419674401
Q45434072	6000000075425343844
Q45434073	6000000075426261946
Q45434074	6000000075421676846
Q45434075	6000000075426023929
Q45434076	6000000075424332854
Q45434077	6000000075424759475
Q45434078	6000000075421852204
Q45434080	6000000075424680385
Q45434081	6000000075423068323
Q45434083	6000000075424374845
Q45434084	6000000075421384880
Q45434085	6000000075423351904
Q45434086	6000000075419988235
Q45434087	6000000075420971955
Q45434088	6000000075427653924
Q45434089	6000000075429060888
Q45434090	6000000074728889832
Q45434091	6000000075425944069
Q45434092	6000000075425485857
Q45434093	6000000075426515058
Q45434094	6000000075428361048
Q45434095	6000000075424460999
Q45434096	6000000075423252879
Q45434097	6000000075425602860
Q45434098	6000000075429308928
Q45434099	6000000075427300966
Q45434100	6000000075427168907
Q45434101	6000000075424910906
Q45434102	6000000075420822897
Q45434103	6000000075422244878
Q45434104	6000000075422234101
Q45434105	6000000075426434947
Q45434106	6000000075420281834
Q45434107	6000000075426645974
Q45434108	6000000074699235100
Q45434109	6000000075421566519
Q45434110	6000000075422071869
Q45434111	6000000074792167855
Q45434112	6000000075422909822
Q45434113	6000000075424887986
Q45434114	6000000075423473039
Q45434115	6000000075424852889
Q45434116	6000000075421320871
Q45434117	6000000075425822943
Q45434119	6000000075425350072
Q45434120	6000000075423584849
Q45434121	6000000075426417949
Q45434123	6000000075423672977
Q45434124	6000000075427217985
Q45434126	6000000075425784359
Q45434127	6000000075419682009
Q45434128	6000000075420412903
Q45434129	6000000075428613845
Q45434130	6000000075423899976
Q45434131	6000000075420102858
Q45434132	6000000075420887927
Q45434133	6000000075425260862
Q45434134	6000000075426912891
Q45434135	6000000075426582852
Q45434136	6000000075421673848
Q45434137	6000000075426150848
Q45434138	6000000075425586040
Q45434139	6000000075424323836
Q45434141	6000000075425143145
Q45434142	6000000075422189974
Q45434144	6000000075424126954
Q45434145	6000000075420563888
Q45434146	6000000075419674586
Q45434147	6000000075424010905
Q45434148	6000000075420573242
Q45434149	6000000075423436834
Q45434151	6000000075427407055
Q45434152	6000000075428500924
Q45434153	6000000075426080938
Q45434154	6000000075425474839
Q45434155	6000000075426799822
Q45434156	6000000075428259084
Q45434157	6000000075424562008
Q45434158	6000000075422247281
Q45434159	6000000074312920984
Q45434160	6000000075425622824
Q45434161	6000000075429422846
Q45434162	6000000075427469905
Q45434163	6000000075427148960
Q45434164	6000000075424522169
Q45434165	6000000075420061052
Q45434166	6000000075422644842
Q45434167	6000000075426094134
Q45434168	6000000075421230426
Q45434169	6000000075419773145
Q45434170	6000000075426967821
Q45434171	6000000075424286039
Q45434172	6000000075421901951
Q45434173	6000000075423074850
Q45434174	6000000075425243822
Q45434175	6000000075428290127
Q45434176	6000000075422895851
Q45434177	6000000075423797827
Q45434178	6000000074737691859
Q45434180	6000000075425447204
Q45434181	6000000075424803983
Q45434182	6000000075425245188
Q45434183	6000000075423540872
Q45434184	6000000075425788318
Q45434185	6000000075427246540
Q45434186	6000000075423952825
Q45434188	6000000075426467229
Q45434189	6000000075420303922
Q45434191	6000000075424001872
Q45434192	6000000075420135823
Q45434193	6000000075420132304
Q45434194	6000000075574356851
Q45434195	6000000075428501887
Q45434196	6000000075426818948
Q45434197	6000000075424580203
Q45434199	6000000075419828770
Q45434200	6000000075426271822
Q45434201	6000000075426574843
Q45434202	6000000075425712057
Q45434204	6000000075427388822
Q45434205	6000000075425771831
Q45434206	6000000075422505857
Q45434207	6000000075424297955
Q45434208	6000000075420524910
Q45434209	6000000075421576839
Q45434211	6000000075421053979
Q45434212	6000000075422965062
Q45434213	6000000075423332240
Q45434214	6000000075420607930
Q45434215	6000000075427546949
Q45434216	6000000075428754838
Q45434217	6000000075426078832
Q45434218	6000000046991550172
Q45434219	6000000075426526994
Q45434220	6000000075424067242
Q45434222	6000000075428689863
Q45434223	6000000075425469967
Q45434224	6000000075423283837
Q45434225	6000000075427125037
Q45434226	6000000075427209875
Q45434227	6000000075429185925
Q45434228	6000000075425019890
Q45434229	6000000075419422641
Q45434230	6000000075422170087
Q45434232	6000000075426155048
Q45434233	6000000075422268857
Q45434234	6000000075419989016
Q45434235	6000000075426101128
Q45434236	6000000075421801005
Q45434238	6000000075423110824
Q45434239	6000000075424789082
Q45434241	6000000075428010267
Q45434242	6000000075422121239
Q45434243	6000000075423715893
Q45434244	6000000075421237924
Q45434245	6000000075425662971
Q45434246	6000000075424919847
Q45434247	6000000075423503865
Q45434248	6000000075426754870
Q45434249	6000000075425635945
Q45434250	6000000075427103588
Q45434251	6000000075423544056
Q45434252	6000000075427414864
Q45434254	6000000075427186824
Q45434255	6000000075420009091
Q45434257	6000000075423990893
Q45434258	6000000075049320204
Q45434260	6000000075426959910
Q45434261	6000000075424831989
Q45434262	6000000075428162012
Q45434264	6000000075426260840
Q45434265	6000000075426512890
Q45434266	6000000075421706864
Q45434267	6000000075425475203
Q45434268	6000000075427072113
Q45434269	6000000075425387895
Q45434270	6000000075424133956
Q45434271	6000000075424224937
Q45434272	6000000075422505862
Q45434273	6000000075420533866
Q45434274	6000000075420573356
Q45434275	6000000075423160940
Q45434276	6000000075423371233
Q45434277	6000000075421243847
Q45434278	6000000075420775822
Q45434279	6000000075427660885
Q45434280	6000000075428735824
Q45434281	6000000075426413822
Q45434282	6000000075425531822
Q45434283	6000000075426217190
Q45434284	6000000075424693901
Q45434285	6000000075429049915
Q45434287	6000000075424178236
Q45434288	6000000075422369254
Q45434289	6000000075427358973
Q45434290	6000000075427087967
Q45434291	6000000075429128007
Q45434292	6000000075424791992
Q45434293	6000000075422371977
Q45434294	6000000075420822903
Q45434295	6000000075426545880
Q45434296	6000000075422323832
Q45434298	6000000075421992898
Q45434299	6000000075426968849
Q45434300	6000000075425173897
Q45434301	6000000075423024859
Q45434302	6000000075422902833
Q45434303	6000000075424585901
Q45434304	6000000075428601031
Q45434305	6000000075421448829
Q45434306	6000000075425350121
Q45434307	6000000075424695983
Q45434308	6000000075423741881
Q45434309	6000000075426798844
Q45434310	6000000075425510079
Q45434311	6000000075423465867
Q45434312	6000000075428552011
Q45434313	6000000075423896873
Q45434314	6000000075427300905
Q45434316	6000000075420213009
Q45434317	6000000075426842997
Q45434318	6000000075418647490
Q45434319	6000000075421069828
Q45434320	6000000075424018886
Q45434321	6000000075419728906
Q45434322	6000000075426102330
Q45434323	6000000075424597128
Q45434324	6000000075428043005
Q45434325	6000000075425757124
Q45434326	6000000075426596822
Q45434327	6000000075421463988
Q45434330	6000000075427185933
Q45434332	6000000075425613942
Q45434333	6000000075424327863
Q45434334	6000000075422166984
Q45434335	6000000075419845295
Q45434336	6000000075424451882
Q45434337	6000000075423356891
Q45434338	6000000075421378892
Q45434339	6000000075423867003
Q45434340	6000000075421148879
Q45434341	6000000075420658963
Q45434342	6000000074690341149
Q45434343	6000000075428786822
Q45434345	6000000075424793136
Q45434346	6000000075426781846
Q45434347	6000000075424482984
Q45434348	6000000075428167184
Q45434349	6000000075425159163
Q45434350	6000000075428704900
Q45434351	6000000075427469910
Q45434352	6000000075423119954
Q45434353	6000000075424106253
Q45434354	6000000075422557933
Q45434355	6000000074699662912
Q45434356	6000000075429407852
Q45434357	6000000075426357063
Q45434358	6000000075422277826
Q45434359	6000000075420318846
Q45434360	6000000075427185880
Q45434361	6000000075424820042
Q45434362	6000000074746286059
Q45434363	6000000075422082848
Q45434364	6000000075422856835
Q45434365	6000000075423102836
Q45434366	6000000075428992906
Q45434367	6000000075424496921
Q45434368	6000000075425963854
Q45434369	6000000075421364872
Q45434370	6000000075424556011
Q45434371	6000000075424717957
Q45434372	6000000075425979224
Q45434373	6000000075423782846
Q45434374	6000000074684968457
Q45434375	6000000075427330986
Q45434376	6000000075428604965
Q45434377	6000000075423950825
Q45434378	6000000075419746938
Q45434381	6000000075420757016
Q45434382	6000000075423866939
Q45434383	6000000075426443197
Q45434384	6000000075425111931
Q45434385	6000000075419721989
Q45434386	6000000075428661822
Q45434387	6000000075424889567
Q45434388	6000000075426007173
Q45434389	6000000075419911146
Q45434390	6000000075425513082
Q45434392	6000000075427053035
Q45434393	6000000075425611899
Q45434394	6000000075424337878
Q45434395	6000000075422402926
Q45434397	6000000075420433961
Q45434398	6000000075423336892
Q45434399	6000000075421361937
Q45434400	6000000075423914102
Q45434401	6000000075423586158
Q45434402	6000000075420480925
Q45434403	6000000075427742825
Q45434404	6000000075421242840
Q45434405	6000000075428701875
Q45434406	6000000075426173981
Q45434407	6000000075425224977
Q45434409	6000000075426780851
Q45434410	6000000075428815830
Q45434411	6000000075429293822
Q45434412	6000000075423313822
Q45434413	6000000075425416942
Q45434414	6000000075424535170
Q45434415	6000000075422529913
Q45434416	6000000075427572870
Q45434417	6000000074705020959
Q45434418	6000000075425697325
Q45434419	6000000075422222916
Q45434420	6000000075429167923
Q45434421	6000000074733100852
Q45434422	6000000075427180891
Q45434423	6000000075425241826
Q45434424	6000000075426568041
Q45434425	6000000075422546022
Q45434426	6000000075422693999
Q45434427	6000000075421701069
Q45434428	6000000075428255159
Q45434430	6000000075424519934
Q45434431	6000000075424283664
Q45434432	6000000075425804894
Q45434433	6000000075424901852
Q45434434	6000000074716337960
Q45434435	6000000075426923141
Q45434436	6000000075423168144
Q45434437	6000000075428710947
Q45434438	6000000075426547864
Q45434439	6000000075420134970
Q45434440	6000000075426861993
Q45434442	6000000075419790019
Q45434444	6000000075420640013
Q45434445	6000000075423976922
Q45434446	6000000075426830948
Q45434448	6000000075418887359
Q45434449	6000000075425272890
Q45434450	6000000075426095938
Q45434451	6000000075426492898
Q45434452	6000000075428021025
Q45434454	6000000075421654884
Q45434455	6000000075425482131
Q45434456	6000000075427201908
Q45434457	6000000075424322850
Q45434458	6000000075425738860
Q45434459	6000000075422476852
Q45434463	6000000075421230982
Q45434464	6000000075424524822
Q45434465	6000000075424250822
Q45434466	6000000075420738848
Q45434467	6000000074690778903
Q45434468	6000000075421201867
Q45434469	6000000075427720239
Q45434470	6000000074727579919
Q45434471	6000000075426656942
Q45434472	6000000075425381936
Q45434473	6000000075428197089
Q45434474	6000000075428616087
Q45434475	6000000075423307824
Q45434476	6000000075424682904
Q45434477	6000000075422628880
Q45434478	6000000075425012869
Q45434479	6000000075425631865
Q45434480	6000000075427472901
Q45434481	6000000075420748919
Q45434482	6000000074748851896
Q45434484	6000000075428894002
Q45434485	6000000075422321831
Q45434486	6000000075419877084
Q45434487	6000000075426308392
Q45434488	6000000075426881917
Q45434489	6000000075422799877
Q45434490	6000000075425221862
Q45434491	6000000075422686002
Q45434492	6000000075421356254
Q45434493	6000000075428039277
Q45434494	6000000075419508401
Q45434496	6000000075425932896
Q45434497	6000000075424725946
Q45434498	6000000075425860849
Q45434499	6000000074705402980
Q45434500	6000000075428635976
Q45434502	6000000075426726897
Q45434503	6000000075423575930
Q45434504	6000000075420044123
Q45434505	6000000075425875520
Q45434507	6000000075421095851
Q45434508	6000000075423911991
Q45434509	6000000075426381187
Q45434510	6000000075422881303
Q45434511	6000000075424536318
Q45434513	6000000075425988973
Q45434514	6000000075425788192
Q45434515	6000000075421296083
Q45434516	6000000075427592140
Q45434517	6000000075425921881
Q45434518	6000000075426855135
Q45434520	6000000075424085967
Q45434521	6000000074751536821
Q45434522	6000000075422388900
Q45434523	6000000075422554347
Q45434525	6000000075420322987
Q45434526	6000000075421519866
Q45434527	6000000075424189857
Q45434528	6000000075420345143
Q45434529	6000000075427011272
Q45434530	6000000075421304824
Q45434531	6000000075428710861
Q45434533	6000000075426112932
Q45434534	6000000074712227035
Q45434535	6000000075426699912
Q45434537	6000000075428258992
Q45434538	6000000075425511840
Q45434539	6000000075428502076
Q45434540	6000000075422221359
Q45434541	6000000075423497468
Q45434542	6000000075421981200
Q45434543	6000000075425089846
Q45434544	6000000075425261014
Q45434545	6000000075427514872
Q45434546	6000000075420833860
Q45434547	6000000075426431974
Q45434548	6000000075429488821
Q45434549	6000000075419596165
Q45434550	6000000075421812124
Q45434551	6000000075426988021
Q45434552	6000000075426225240
Q45434554	6000000075422445173
Q45434555	6000000075421111261
Q45434557	6000000075425091878
Q45434558	6000000075421418837
Q45434559	6000000075425357133
Q45434561	6000000075424172060
Q45434562	6000000075423439911
Q45434563	6000000075424862870
Q45434564	6000000075428852892
Q45434565	6000000075427289942
Q45434566	6000000075426493074
Q45434567	6000000075426956025
Q45434568	6000000075419556247
Q45434569	6000000075420432847
Q45434570	6000000075423932913
Q45434571	6000000075419789488
Q45434572	6000000075423537038
Q45434573	6000000075425374822
Q45434574	6000000075426780076
Q45434575	6000000075419401172
Q45434576	6000000075426121878
Q45434577	6000000075426180066
Q45434578	6000000075421708838
Q45434579	6000000075424765466
Q45434580	6000000075427393822
Q45434582	6000000075428162017
Q45434583	6000000075404724091
Q45434584	6000000075422461869
Q45434585	6000000075423699909
Q45434586	6000000075425772854
Q45434587	6000000075423240975
Q45434588	6000000075420093129
Q45434589	6000000075424108897
Q45434590	6000000075420657912
Q45434591	6000000074735749043
Q45434592	6000000075427650908
Q45434593	6000000075421069948
Q45434594	6000000075428699845
Q45434596	6000000075426071998
Q45434597	6000000075424144023
Q45434598	6000000075426650910
Q45434600	6000000075425490849
Q45434603	6000000075423214874
Q45434604	6000000075422374932
Q45434605	6000000075424287180
Q45434606	6000000075424178040
Q45434607	6000000075425199090
Q45434609	6000000075426623315
Q45434610	6000000075426570860
Q45434611	6000000075429383879
Q45434612	6000000075574473826
Q45434614	6000000075421679232
Q45434615	6000000075422795898
Q45434616	6000000075426926048
Q45434617	6000000075421805118
Q45434618	6000000075420890836
Q45434619	6000000075428753922
Q45434620	6000000075422932912
Q45434621	6000000075424100405
Q45434622	6000000075425585998
Q45434623	6000000075421384837
Q45434624	6000000075425838869
Q45434625	6000000075423964151
Q45434626	6000000075423378928
Q45434627	6000000075424750949
Q45434629	6000000075426225506
Q45434630	6000000075426596008
Q45434631	6000000075427155848
Q45434632	6000000075420148837
Q45434633	6000000075424133831
Q45434635	6000000075423347094
Q45434636	6000000075425365826
Q45434637	6000000075421111837
Q45434638	6000000075419916870
Q45434639	6000000075426142928
Q45434640	6000000075426261030
Q45434641	6000000075427111822
Q45434642	6000000075421735834
Q45434643	6000000075425431184
Q45434644	6000000075427245982
Q45434645	6000000075424328835
Q45434646	6000000075422013053
Q45434647	6000000075427103479
Q45434648	6000000075423090227
Q45434649	6000000075425547047
Q45434650	6000000075420519898
Q45434651	6000000075422973956
Q45434652	6000000075422971531
Q45434653	6000000075420764836
Q45434654	6000000075421590837
Q45434655	6000000075427665882
Q45434656	6000000075427232396
Q45434657	6000000075421131968
Q45434658	6000000075426110981
Q45434659	6000000075424415853
Q45434660	6000000075426094222
Q45434661	6000000075428690876
Q45434662	6000000075425317924
Q45434663	6000000075429170845
Q45434664	6000000075422933928
Q45434665	6000000075422603869
Q45434667	6000000075425024840
Q45434668	6000000075424067248
Q45434669	6000000075425197030
Q45434670	6000000075427458936
Q45434671	6000000075426643876
Q45434672	6000000075420149940
Q45434673	6000000075428943033
Q45434674	6000000075426958828
Q45434675	6000000075422307850
Q45434676	6000000075422843849
Q45434677	6000000075426530125
Q45434678	6000000075420988433
Q45434679	6000000075420887881
Q45434681	6000000075423105858
Q45434682	6000000075425071878
Q45434683	6000000075425972873
Q45434684	6000000075420835093
Q45434685	6000000075424296921
Q45434686	6000000075425772951
Q45434687	6000000075423003096
Q45434688	6000000075424810899
Q45434689	6000000075427517822
Q45434691	6000000075426804852
Q45434692	6000000075427202832
Q45434693	6000000075420160823
Q45434694	6000000075423890996
Q45434696	6000000075423580024
Q45434697	6000000075425224873
Q45434698	6000000075420937031
Q45434699	6000000075420518822
Q45434700	6000000075419917824
Q45434701	6000000075426245850
Q45434702	6000000075426611835
Q45434703	6000000075426867959
Q45434704	6000000075420641376
Q45434705	6000000075425946924
Q45434706	6000000075427144955
Q45434707	6000000075423916138
Q45434708	6000000074698332947
Q45434710	6000000075423106059
Q45434712	6000000075420591861
Q45434713	6000000075423220973
Q45434714	6000000075424069972
Q45434715	6000000075425510018
Q45434716	6000000075420093179
Q45434717	6000000075421431907
Q45434718	6000000075427553878
Q45434719	6000000075427185411
Q45434721	6000000075420924995
Q45434722	6000000075425417335
Q45434724	6000000075428839840
Q45434725	6000000075425349910
Q45434726	6000000075426688881
Q45434727	6000000075428405219
Q45434728	6000000075422216292
Q45434729	6000000075421474420
Q45434730	6000000075424564919
Q45434731	6000000075424855989
Q45434732	6000000075426718822
Q45434733	6000000075424811295
Q45434734	6000000075427357980
Q45434735	6000000075420180902
Q45434736	6000000075422032997
Q45434737	6000000075422369122
Q45434738	6000000075429392879
Q45434739	6000000075426369088
Q45434740	6000000075427264858
Q45434741	6000000075422089877
Q45434742	6000000075423065839
Q45434743	6000000075425214228
Q45434745	6000000075421355882
Q45434746	6000000075425780914
Q45434747	6000000075423514896
Q45434748	6000000075424653847
Q45434749	6000000075420858888
Q45434750	6000000075425081955
Q45434751	6000000075424744961
Q45434752	6000000075427123106
Q45434753	6000000075426408117
Q45434754	6000000075429041876
Q45434755	6000000075426886934
Q45434756	6000000075428985824
Q45434757	6000000075419847982
Q45434758	6000000075424010868
Q45434759	6000000075423918852
Q45434760	6000000075420589197
Q45434761	6000000075425377822
Q45434763	6000000075419363203
Q45434764	6000000075420269967
Q45434765	6000000075426336984
Q45434766	6000000075425642075
Q45434767	6000000075421246965
Q45434768	6000000075426048865
Q45434769	6000000075426515210
Q45434771	6000000075428280993
Q45434772	6000000075426784185
Q45434773	6000000075423493980
Q45434774	6000000075420224074
Q45434775	6000000075423471858
Q45434776	6000000075424202840
Q45434777	6000000075425375026
Q45434778	6000000075420768840
Q45434779	6000000075421421900
Q45434780	6000000075422315933
Q45434781	6000000074690595999
Q45434782	6000000074701358088
Q45434783	6000000075424387784
Q45434784	6000000075428846852
Q45434785	6000000075423121527
Q45434786	6000000075425334908
Q45434787	6000000075426466992
Q45434788	6000000075429183843
Q45434789	6000000075423098956
Q45434790	6000000075422421973
Q45434791	6000000075424901965
Q45434792	6000000075426685858
Q45434793	6000000075425583911
Q45434794	6000000075424100242
Q45434795	6000000075420056986
Q45434796	6000000075422258878
Q45434797	6000000075426780346
Q45434798	6000000075422633951
Q45434799	6000000075429478832
Q45434800	6000000075426630024
Q45434801	6000000075426704143
Q45434802	6000000075421776041
Q45434803	6000000075422338132
Q45434804	6000000075425753932
Q45434805	6000000075421393853
Q45434807	6000000075423634871
Q45434809	6000000075419747339
Q45434810	6000000075425145842
Q45434811	6000000075424574993
Q45434812	6000000075426886829
Q45434813	6000000075427522822
Q45434814	6000000074788675682
Q45434816	6000000075426300216
Q45434818	6000000075423003333
Q45434819	6000000075421076865
Q45434820	6000000075424847991
Q45434821	6000000075423794952
Q45434822	6000000075418501119
Q45434824	6000000075426223842
Q45434825	6000000075428240077
Q45434826	6000000075421003202
Q45434827	6000000075425815971
Q45434828	6000000075426433904
Q45434829	6000000075426648030
Q45434830	6000000075424077928
Q45434831	6000000075427397822
Q45434832	6000000075423562898
Q45434833	6000000075428668822
Q45434834	6000000075419650362
Q45434835	6000000075422984035
Q45434836	6000000075424158928
Q45434837	6000000075420048210
Q45434838	6000000075425766852
Q45434839	6000000075421081022
Q45434840	6000000075422489843
Q45434842	6000000074690891905
Q45434843	6000000075421280854
Q45434844	6000000075426341897
Q45434845	6000000075428755859
Q45434846	6000000075424457862
Q45434848	6000000075423324822
Q45434849	6000000074691906850
Q45434850	6000000075422303036
Q45434851	6000000075424965921
Q45434852	6000000075425468397
Q45434853	6000000075425620855
Q45434854	6000000075423964278
Q45434855	6000000075419747023
Q45434856	6000000075421924103
Q45434857	6000000075427598845
Q45434858	6000000075422755906
Q45434859	6000000075429010891
Q45434860	6000000075426209269
Q45434861	6000000075426923042
Q45434863	6000000075422868940
Q45434864	6000000075422168834
Q45434865	6000000075421418842
Q45434866	6000000075425828859
Q45434867	6000000075424691824
Q45434868	6000000075420914830
Q45434869	6000000075424580143
Q45434870	6000000075419020466
Q45434870	6000000075501148200
Q45434871	6000000075427508835
Q45434872	6000000075424616005
Q45434873	6000000075429038852
Q45434874	6000000075426619203
Q45434876	6000000075423950927
Q45434877	6000000075420698995
Q45434878	6000000075425269863
Q45434879	6000000075419394218
Q45434880	6000000075420141024
Q45434881	6000000075420174823
Q45434882	6000000075423732939
Q45434883	6000000075426149939
Q45434884	6000000075428776913
Q45434885	6000000075421700845
Q45434886	6000000075425935909
Q45434887	6000000075426064092
Q45434888	6000000075424197898
Q45434889	6000000075427066985
Q45434890	6000000075423650930
Q45434891	6000000075428455937
Q45434892	6000000075420579854
Q45434893	6000000075423428831
Q45434894	6000000075424095888
Q45434895	6000000075425780830
Q45434896	6000000075421499891
Q45434897	6000000075426629495
Q45434898	6000000075420631916
Q45434899	6000000074728514911
Q45434900	6000000075422351938
Q45434901	6000000075426174954
Q45434902	6000000075424373883
Q45434903	6000000075422887999
Q45434904	6000000075429170850
Q45434905	6000000075424996904
Q45434906	6000000075422385006
Q45434907	6000000075425423950
Q45434908	6000000075419674092
Q45434910	6000000075422023023
Q45434911	6000000075427000156
Q45434912	6000000075422880894
Q45434913	6000000075426867897
Q45434914	6000000075429182935
Q45434915	6000000075427102942
Q45434916	6000000075425519049
Q45434917	6000000075422166833
Q45434918	6000000075421338883
Q45434919	6000000075425844870
Q45434920	6000000075422880949
Q45434921	6000000075420812875
Q45434922	6000000075425102860
Q45434923	6000000075427467836
Q45434924	6000000075427662348
Q45434925	6000000075426844026
Q45434926	6000000075422698167
Q45434927	6000000075420859948
Q45434928	6000000075425100971
Q45434930	6000000075419885160
Q45434931	6000000075423848887
Q45434933	6000000075419642150
Q45434934	6000000075425644081
Q45434935	6000000075426499870
Q45434936	6000000075420211609
Q45434937	6000000075424294856
Q45434938	6000000075427063008
Q45434939	6000000075423669909
Q45434940	6000000075428018010
Q45434941	6000000075420213064
Q45434942	6000000075423382911
Q45434943	6000000075423570205
Q45434944	6000000075425674875
Q45434945	6000000074691914884
Q45434946	6000000075427435951
Q45434947	6000000075421222882
Q45434948	6000000075422151053
Q45434949	6000000075420786822
Q45434950	6000000075426378890
Q45434951	6000000075423093928
Q45434952	6000000075426641002
Q45434954	6000000075424344903
Q45434955	6000000075422168113
Q45434956	6000000074784457932
Q45434957	6000000075424808970
Q45434958	6000000075422285830
Q45434959	6000000075422601916
Q45434960	6000000075426546059
Q45434961	6000000075427043211
Q45434962	6000000075426922094
Q45434963	6000000075420813037
Q45434964	6000000075421581182
Q45434965	6000000075425789890
Q45434966	6000000075422995865
Q45434967	6000000075425975892
Q45434968	6000000075424838118
Q45434969	6000000075426645321
Q45434970	6000000075422661559
Q45434971	6000000075421022892
Q45434972	6000000075429076859
Q45434973	6000000075425358852
Q45434975	6000000075423740934
Q45434976	6000000075421624891
Q45434978	6000000075424366824
Q45434979	6000000075428212988
Q45434980	6000000075423547963
Q45434981	6000000075424177847
Q45434982	6000000075420563897
Q45434985	6000000075421134015
Q45434986	6000000075427723845
Q45434987	6000000075420768845
Q45434988	6000000075420940944
Q45434989	6000000075429134864
Q45434990	6000000075424505827
Q45434991	6000000075420352822
Q45434992	6000000075422385013
Q45434993	6000000075426464024
Q45434994	6000000075422702965
Q45434995	6000000075426973825
Q45434996	6000000075427396951
Q45434997	6000000075427258921
Q45434999	6000000075422871906
Q45435000	6000000075425675955
Q45435001	6000000075425980885
Q45435002	6000000075423962961
Q45435003	6000000075420895934
Q45435004	6000000075428601036
Q45435005	6000000075420246018
Q45435006	6000000075421715834
Q45435008	6000000075424383827
Q45435009	6000000075422558444
Q45435010	6000000075420619840
Q45435011	6000000075421383946
Q45435012	6000000075420256170
Q45435013	6000000075424416892
Q45435015	6000000075428251171
Q45435017	6000000075426883916
Q45435018	6000000075427456877
Q45435019	6000000075425909842
Q45435020	6000000075421009883
Q45435021	6000000074792012939
Q45435023	6000000075420352884
Q45435024	6000000075424077933
Q45435026	6000000075424100073
Q45435027	6000000075427612845
Q45435121	6000000075428794043
Q45435124	6000000075429528822
Q45435125	6000000075429340975
Q45435126	6000000075429538880
Q45435130	6000000074707654047
Q45435131	6000000074791674003
Q45435132	6000000075429854880
Q45435133	6000000075429239051
Q45435134	6000000075429325860
Q45435135	6000000075428405306
Q45435136	6000000075429079067
Q45435137	6000000075429524089
Q45435138	6000000075429037017
Q45435140	6000000075429318968
Q45435141	6000000075429523969
Q45435142	6000000074791714038
Q45435143	6000000075429389953
Q45435144	6000000075429442958
Q45435145	6000000075429456949
Q45435146	6000000075429278067
Q45435147	6000000075429958893
Q45435148	6000000075429292057
Q45435149	6000000075428474233
Q45435151	6000000075429409990
Q45435152	6000000075430228857
Q45435153	6000000075429775850
Q45435154	6000000075429500956
Q45435155	6000000075428995041
Q45435157	6000000075429240917
Q45435158	6000000075429291979
Q45435159	6000000075427565590
Q45435160	6000000075429608844
Q45435161	6000000075430081861
Q45435163	6000000074717306115
Q45435164	6000000075428906195
Q45435165	6000000075429542822
Q45435166	6000000075429803971
Q45435167	6000000074712846894
Q45435168	6000000075429349974
Q45435169	6000000075429748844
Q45435170	6000000075429914882
Q45435171	6000000074791968860
Q45435172	6000000075429317902
Q45435173	6000000075429537854
Q45435174	6000000075422131942
Q45435175	6000000074717498985
Q45435177	6000000075427103800
Q45435179	6000000075429701932
Q45435180	6000000075429699852
Q45435181	6000000075428906070
Q45435182	6000000075429326190
Q45435183	6000000075430189824
Q45435185	6000000075429826888
Q45435186	6000000075429705854
Q45435188	6000000075427185798
Q45435189	6000000075428922192
Q45435190	6000000074717373076
Q45435191	6000000074791969851
Q45435192	6000000075429874861
Q45435193	6000000075429845924
Q45435194	6000000075429821906
Q45435195	6000000075429571834
Q45435196	6000000075429560028
Q45435197	6000000075429147974
Q45435198	6000000075428465078
Q45435200	6000000075429373949
Q45435201	6000000075429888834
Q45435202	6000000074791845905
Q45435203	6000000075430063842
Q45435204	6000000074716943323
Q45435205	6000000075429499958
Q45435206	6000000075429869869
Q45435208	6000000075429252931
Q45435209	6000000075429600880
Q45435210	6000000075428860291
Q45435212	6000000075430025883
Q45435213	6000000075429880863
Q45435214	6000000075429976881
Q45435215	6000000075430087907
Q45435216	6000000075429430963
Q45435217	6000000075429847832
Q45435218	6000000075429629840
Q45435219	6000000075429211935
Q45435220	6000000075429765865
Q45435221	6000000075429610822
Q45435222	6000000075429809824
Q45435223	6000000075427554358
Q45435225	6000000074717131165
Q45435226	6000000075429042204
Q45435227	6000000075428986974
Q45435228	6000000075429821924
Q45435229	6000000075429450884
Q45435231	6000000075429016012
Q45435232	6000000075430001824
Q45435233	6000000075429614828
Q45435234	6000000074791914924
Q45435235	6000000075429273916
Q45435236	6000000075429552892
Q45435237	6000000075422032935
Q45435238	6000000075429696825
Q45435239	6000000075428860248
Q45435240	6000000075429708916
Q45435242	6000000075429747872
Q45435243	6000000075429699857
Q45435246	6000000075429862902
Q45435247	6000000074784935132
Q45435248	6000000075429569856
Q45435249	6000000075429783822
Q45435250	6000000075429204951
Q45435251	6000000075430085873
Q45435252	6000000075427934579
Q45435253	6000000075429723915
Q45435254	6000000075429685822
Q45435255	6000000075429666878
Q45435256	6000000074791840952
Q45435257	6000000075429723938
Q45435258	6000000075429845913
Q45435259	6000000075430031863
Q45435260	6000000075429399930
Q45435261	6000000075428343214
Q45435262	6000000074701563871
Q45435263	6000000075429493857
Q45435264	6000000075429595837
Q45435265	6000000074791666125
Q45435266	6000000075427662693
Q45435267	6000000075429806875
Q45435268	6000000074717070296
Q45435270	6000000075429774844
Q45435271	6000000075429667891
Q45435273	6000000075430187842
Q45435274	6000000075428906126
Q45435275	6000000075429563845
Q45435276	6000000075429014258
Q45435278	6000000075426561334
Q45435279	6000000075429635948
Q45435280	6000000075429239083
Q45435281	6000000017555451053
Q45435282	6000000075429529949
Q45435283	6000000075429305982
Q45435284	6000000075429614822
Q45435285	6000000075429450856
Q45435286	6000000075429503932
Q45435287	6000000075429875939
Q45435288	6000000075429437972
Q45435289	6000000074717473051
Q45435290	6000000075429909887
Q45435291	6000000075429372903
Q45435292	6000000075427565776
Q45435293	6000000075429642834
Q45435294	6000000075429649860
Q45435295	6000000075429346978
Q45435296	6000000074791644062
Q45435297	6000000075430005834
Q45435298	6000000075429010033
Q45435299	6000000075429317957
Q454353	6000000028141264789
Q45435300	6000000075429299938
Q45435301	6000000075429542880
Q45435302	6000000075429634836
Q45435303	6000000075429341014
Q45435304	6000000075429326059
Q45435305	6000000075429485959
Q45435306	6000000075429021067
Q45435307	6000000074704222879
Q45435308	6000000075429801946
Q45435309	6000000075429877837
Q45435310	6000000075429305975
Q45435311	6000000075429266934
Q45435312	6000000075429524081
Q45435313	6000000075429347073
Q45435316	6000000075430025923
Q45435317	6000000075429630889
Q45435318	6000000074791110426
Q45435319	6000000075428502363
Q45435320	6000000075430078822
Q45435321	6000000075427554272
Q45435322	6000000075428650316
Q45435325	6000000075428650347
Q45435326	6000000075427930368
Q45435327	6000000075428821172
Q45435328	6000000074791784922
Q45435330	6000000075429958881
Q45435331	6000000075429634827
Q45435332	6000000075429869862
Q45435334	6000000075429305987
Q45435335	6000000075429990822
Q45435336	6000000075430245822
Q45435337	6000000075427662557
Q45435338	6000000075429499927
Q45435340	6000000075429754949
Q45435341	6000000075429996827
Q45435342	6000000075429743847
Q45435343	6000000075429018089
Q45435344	6000000075429569826
Q45435345	6000000075430092822
Q45435346	6000000075429430875
Q45435347	6000000075429231973
Q45435348	6000000075429881824
Q45435350	6000000075430008835
Q45435352	6000000075430247834
Q45435353	6000000074716334479
Q45435356	6000000075429748849
Q45435357	6000000075429652824
Q45435358	6000000075429639823
Q45435359	6000000075430152822
Q45435360	6000000074790710810
Q45435361	6000000075429871884
Q45435362	6000000075429462874
Q45435363	6000000075429419885
Q45435364	6000000074717435057
Q45435365	6000000075429591849
Q45435366	6000000075429400071
Q45435367	6000000075429927823
Q45435368	6000000075429725824
Q45435369	6000000075429815847
Q45435370	6000000075429754848
Q45435371	6000000075429339952
Q45435372	6000000075429016127
Q45435374	6000000075429821929
Q45435376	6000000075429513822
Q45435377	6000000075430049824
Q45435378	6000000075429710867
Q45435379	6000000075429505935
Q45435380	6000000075429505974
Q45435381	6000000075429779827
Q45435382	6000000075430211837
Q45435383	6000000074792006833
Q45435384	6000000075429845917
Q45435385	6000000075429709961
Q45435387	6000000075429457864
Q45435388	6000000075430222827
Q45435389	6000000075429417893
Q45435390	6000000075429639853
Q45435391	6000000074791575085
Q45435392	6000000075429506830
Q45435393	6000000075429643829
Q45435394	6000000075429924822
Q45435395	6000000075425581733
Q45435397	6000000075429241116
Q45435398	6000000075429215960
Q45435399	6000000075429875864
Q45435400	6000000075428972099
Q45435401	6000000075429938921
Q45435402	6000000075428794189
Q45435403	6000000074747171842
Q45435404	6000000075429542829
Q45435405	6000000075429154108
Q45435406	6000000017555074412
Q45435407	6000000075429347018
Q45435408	6000000075429808890
Q45435409	6000000075429799880
Q45435410	6000000075428359232
Q45435411	6000000075429274077
Q45435413	6000000075430186822
Q45435414	6000000075429998824
Q45435415	6000000075429939973
Q45435416	6000000075429164916
Q45435417	6000000074717317120
Q45435418	6000000075428967026
Q45435419	6000000075429037046
Q45435420	6000000074790637688
Q45435421	6000000075429452891
Q45435422	6000000074717698821
Q45435423	6000000075430042853
Q45435424	6000000075430024822
Q45435426	6000000075429961830
Q45435427	6000000075429235019
Q45435428	6000000075428860100
Q45435430	6000000075429844826
Q45435432	6000000075429437936
Q45435433	6000000075429847871
Q45435434	6000000075428972054
Q45435435	6000000075429995937
Q45435437	6000000074791924886
Q45435438	6000000075429042141
Q45435439	6000000074791802984
Q45435440	6000000075429939983
Q45435441	6000000074791922896
Q45435442	6000000075429849917
Q45435443	6000000074704008067
Q45435444	6000000074791893935
Q45435445	6000000075430039870
Q45435446	6000000075429135944
Q45435447	6000000075429485830
Q45435448	6000000074701278036
Q45435449	6000000075429502838
Q45435451	6000000075429109146
Q45435452	6000000075429551837
Q45435453	6000000075429650829
Q45435454	6000000075429754878
Q45435455	6000000075429524038
Q45435456	6000000075429703913
Q45435457	6000000075430216828
Q45435458	6000000075429705849
Q45435459	6000000075429042184
Q45435460	6000000075428240402
Q45435461	6000000075429111917
Q45435462	6000000075429541929
Q45435463	6000000017555290860
Q45435464	6000000075429132002
Q45435465	6000000074726934636
Q45435466	6000000075429359980
Q45435467	6000000075427554342
Q45435468	6000000075429681912
Q45435469	6000000075428821106
Q45435470	6000000075430045822
Q45435471	6000000075430169832
Q45435472	6000000075429618863
Q45435473	6000000075430248831
Q45435474	6000000075428650118
Q45435475	6000000074716334485
Q45435476	6000000075429442943
Q45435477	6000000075429238959
Q45435478	6000000074791037591
Q45435479	6000000075429478906
Q45435480	6000000074717559992
Q45435481	6000000075429984867
Q45435482	6000000075430024827
Q45435483	6000000075429634841
Q45435484	6000000075429938826
Q45435485	6000000074698442937
Q45435487	6000000075429409865
Q45435488	6000000075429338952
Q45435489	6000000075430024878
Q45435490	6000000075429677896
Q45435491	6000000075429720913
Q45435492	6000000075429582846
Q45435493	6000000075428754020
Q45435494	6000000075430031896
Q45435496	6000000075427662674
Q45435498	6000000074791977857
Q45435501	6000000075429991913
Q45435502	6000000074791644058
Q45435503	6000000074792112918
Q45435504	6000000075429829829
Q45435505	6000000075429431011
Q45435506	6000000075429947876
Q45435507	6000000075429088936
Q45435508	6000000075429472832
Q45435509	6000000075430047893
Q45435510	6000000075429533840
Q45435512	6000000074791879897
Q45435513	6000000075428278382
Q45435514	6000000075429428879
Q45435515	6000000075429766900
Q45435517	6000000075429401970
Q45435518	6000000075429164989
Q45435519	6000000074717665851
Q45435520	6000000075429240993
Q45435521	6000000075429635851
Q45435522	6000000075430047857
Q45435524	6000000075429977827
Q45435525	6000000075429180125
Q45435526	6000000075429238929
Q45435527	6000000075429769823
Q45435528	6000000075428981115
Q45435529	6000000075429381926
Q45435531	6000000075430240835
Q45435532	6000000075430024873
Q45435533	6000000074717008196
Q45435534	6000000075429400002
Q45435535	6000000075429318943
Q45435536	6000000074792029821
Q45435537	6000000075430135845
Q45435538	6000000075428613056
Q45435539	6000000074716184478
Q45435540	6000000075429672840
Q45435541	6000000075429059138
Q45435542	6000000075429532959
Q45435543	6000000075429953851
Q45435544	6000000075428305279
Q45435545	6000000075427185727
Q45435546	6000000075429845838
Q45435547	6000000075429507868
Q45435548	6000000075429326000
Q45435549	6000000075429785862
Q45435552	6000000075429634935
Q45435553	6000000075430102872
Q45435554	6000000075430148834
Q45435556	6000000075430008881
Q45435557	6000000075429205090
Q45435558	6000000074792155845
Q45435559	6000000074791925887
Q45435560	6000000075429206004
Q45435561	6000000075429336907
Q45435562	6000000075429990871
Q45435563	6000000075430091863
Q45435565	6000000075429995931
Q45435566	6000000075429339935
Q45435568	6000000075429182985
Q45435569	6000000075429625881
Q45435570	6000000075428754011
Q45435572	6000000075429763869
Q45435573	6000000074705948041
Q45435574	6000000075429821822
Q45435575	6000000075429324859
Q45435576	6000000075429591888
Q45435577	6000000075429917864
Q45435578	6000000017555246842
Q45435579	6000000075429359901
Q45435580	6000000075429231978
Q45435582	6000000017555289358
Q45435584	6000000075430137872
Q45435585	6000000074717090287
Q45435586	6000000075429944850
Q45435587	6000000075429704843
Q45435588	6000000075430057905
Q45435589	6000000075429520887
Q45435591	6000000075430105868
Q45435592	6000000075429256921
Q45435593	6000000075429721822
Q45435594	6000000075429890855
Q45435595	6000000075428972172
Q45435596	6000000075427662669
Q45435597	6000000075428981087
Q45435598	6000000075429603822
Q45435599	6000000075428354277
Q45435600	6000000075429748944
Q45435601	6000000075429350106
Q45435602	6000000075428251359
Q45435603	6000000075429417936
Q45435604	6000000075430224836
Q45435605	6000000075430014882
Q45435606	6000000074792231887
Q45435607	6000000075427565539
Q45435609	6000000075429684969
Q45435610	6000000074791154467
Q45435611	6000000075429158965
Q45435612	6000000075430226835
Q45435613	6000000075429538836
Q45435614	6000000075429458032
Q45435615	6000000075429838852
Q45435616	6000000075429860856
Q45435617	6000000075429069051
Q45435618	6000000075430107854
Q45435619	6000000075429489871
Q45435620	6000000017555454179
Q45435621	6000000075429616827
Q45435622	6000000075429456972
Q45435624	6000000017555003000
Q45435626	6000000075430151864
Q45435627	6000000075429491848
Q45435628	6000000075429326007
Q45435629	6000000075429228965
Q45435630	6000000075429903872
Q45435632	6000000075429560008
Q45435633	6000000075428288338
Q45435635	6000000075429570975
Q45435636	6000000075429918874
Q45435637	6000000075429167950
Q45435638	6000000075427103741
Q45435639	6000000075429052087
Q45435640	6000000075429570984
Q45435641	6000000075429756823
Q45435644	6000000075430016868
Q45435645	6000000075429479037
Q45435646	6000000075429211925
Q45435649	6000000075429559839
Q45435650	6000000075429183848
Q45435651	6000000075429871862
Q45435652	6000000075429712843
Q45435653	6000000075430119829
Q45435654	6000000075429500876
Q45435655	6000000075426899877
Q45435656	6000000075429795903
Q45435657	6000000075429952937
Q45435658	6000000075429568834
Q45435659	6000000075429486885
Q45435661	6000000075430135850
Q45435662	6000000075429857838
Q45435723	6000000075430318862
Q45435724	6000000075430747887
Q45435725	6000000075430307835
Q45435726	6000000075429975921
Q45435727	6000000075430228049
Q45435728	6000000075429924046
Q45435729	6000000075430569835
Q45435730	6000000075429482214
Q45435731	6000000075430834823
Q45435732	6000000075430289832
Q45435733	6000000075430301836
Q45435734	6000000075430709840
Q45435735	6000000075430070941
Q45435736	6000000075430427877
Q45435737	6000000075430143854
Q45435738	6000000075430240898
Q45435739	6000000075431041855
Q45435740	6000000075430035140
Q45435741	6000000075430789858
Q45435742	6000000075430219046
Q45435743	6000000075430335868
Q45435745	6000000075430159920
Q45435746	6000000075430702872
Q45435747	6000000075430427905
Q45435748	6000000075430266859
Q45435749	6000000075430169875
Q45435750	6000000075429564062
Q45435751	6000000075430830887
Q45435752	6000000075430948850
Q45435753	6000000075430411953
Q45435754	6000000075431239823
Q45435755	6000000075431216842
Q45435756	6000000075429931002
Q45435758	6000000075430880861
Q45435759	6000000075430930822
Q45435760	6000000075430946832
Q45435761	6000000075430638841
Q45435762	6000000075431001926
Q45435763	6000000075430958849
Q45435764	6000000075430865855
Q45435765	6000000075430542837
Q45435766	6000000075429948016
Q45435767	6000000075431108838
Q45435768	6000000075430465865
Q45435769	6000000075430614847
Q45435771	6000000075430486873
Q45435772	6000000075431186822
Q45435773	6000000075430738845
Q45435774	6000000075431099843
Q45435775	6000000074748875870
Q45435776	6000000075430175174
Q45435777	6000000075430914825
Q45435778	6000000075431028871
Q45435779	6000000074698508821
Q45435780	6000000075430705826
Q45435781	6000000075430477863
Q45435782	6000000075427930713
Q45435783	6000000075430688946
Q45435784	6000000075431211822
Q45435785	6000000075430237838
Q45435786	6000000075427930683
Q45435787	6000000075430808827
Q45435788	6000000075430023930
Q45435791	6000000075430356923
Q45435792	6000000075430184970
Q45435793	6000000075430283881
Q45435794	6000000075430336838
Q45435795	6000000075429524119
Q45435796	6000000075430665856
Q45435797	6000000075429788000
Q45435799	6000000075429976962
Q45435800	6000000075430936864
Q45435801	6000000075430462857
Q45435802	6000000075429059238
Q45435803	6000000075430773875
Q45435805	6000000075430577841
Q45435806	6000000075427930088
Q45435807	6000000075429688019
Q45435808	6000000075430219071
Q45435809	6000000075430176857
Q45435810	6000000075430391875
Q45435811	6000000075430266865
Q45435812	6000000075429704501
Q45435813	6000000075430869881
Q45435814	6000000075430451933
Q45435815	6000000075430115113
Q45435816	6000000075430842890
Q45435818	6000000075430447951
Q45435820	6000000075430068963
Q45435821	6000000075430716878
Q45435822	6000000075431209831
Q45435823	6000000075431030845
Q45435825	6000000075430598925
Q45435826	6000000075430567895
Q45435827	6000000075430078982
Q45435828	6000000075430218947
Q45435829	6000000075430161926
Q45435830	6000000075430376895
Q45435831	6000000075430162044
Q45435832	6000000075430167007
Q45435833	6000000075430379937
Q45435834	6000000075430081225
Q45435836	6000000075431147824
Q45435837	6000000075430627888
Q45435838	6000000075425581793
Q45435839	6000000075430948832
Q45435840	6000000075429142409
Q45435841	6000000075431169822
Q45435842	6000000075430759868
Q45435843	6000000075430707825
Q45435844	6000000075429923068
Q45435845	6000000075430152897
Q45435846	6000000075428613315
Q45435847	6000000075430114864
Q45435848	6000000075430074905
Q45435849	6000000075430156880
Q45435850	6000000075430478859
Q45435851	6000000075429930980
Q45435853	6000000075430567905
Q45435855	6000000075430128016
Q45435856	6000000075429873209
Q45435857	6000000075430172850
Q45435859	6000000075430347947
Q45435860	6000000075430226889
Q45435861	6000000075428514514
Q45435862	6000000075430797931
Q45435863	6000000075430391906
Q45435864	6000000075429704109
Q45435865	6000000075430875827
Q45435866	6000000075430456987
Q45435867	6000000075430354859
Q45435868	6000000075430487889
Q45435869	6000000075430081070
Q45435870	6000000075430791870
Q45435871	6000000075430143859
Q45435872	6000000075430041984
Q45435873	6000000075430139931
Q45435874	6000000075430841876
Q45435875	6000000075430551962
Q45435876	6000000075430185069
Q45435877	6000000075431176856
Q45435878	6000000075430575836
Q45435879	6000000075430929861
Q45435880	6000000075430821847
Q45435881	6000000075431198835
Q45435882	6000000075430417861
Q45435883	6000000075430955822
Q45435884	6000000075430050174
Q45435885	6000000075430807854
Q45435886	6000000075430666855
Q45435887	6000000075426418414
Q45435888	6000000075429917086
Q45435889	6000000075430476985
Q45435890	6000000075430675003
Q45435891	6000000075430089979
Q45435892	6000000075431141822
Q45435893	6000000075430257955
Q45435894	6000000075430580863
Q45435895	6000000075431143847
Q45435896	6000000075431041880
Q45435897	6000000075429650049
Q45435898	6000000075430851898
Q45435899	6000000075430989831
Q45435900	6000000075430936869
Q45435901	6000000075429490247
Q45435903	6000000075430177005
Q45435904	6000000075430549846
Q45435905	6000000075430071898
Q45435907	6000000075430183895
Q45435908	6000000074713102835
Q45435909	6000000075430822823
Q45435910	6000000075430319933
Q45435911	6000000075430266931
Q45435913	6000000075430717883
Q45435914	6000000075430510822
Q45435915	6000000075430503880
Q45435917	6000000075430229859
Q45435919	6000000075429749130
Q45435920	6000000075429704119
Q45435921	6000000074746284821
Q45435922	6000000075429014347
Q45435923	6000000075430027872
Q45435924	6000000075430181067
Q45435925	6000000075428514612
Q45435926	6000000075430330866
Q45435927	6000000075429873070
Q45435928	6000000075430903825
Q45435929	6000000075430576836
Q45435930	6000000075430218974
Q45435932	6000000075430717897
Q45435933	6000000075429326211
Q45435934	6000000075430236953
Q45435935	6000000075430800905
Q45435936	6000000075430080926
Q45435937	6000000075430735821
Q45435938	6000000075431142852
Q45435939	6000000075430898899
Q45435940	6000000075430303934
Q45435941	6000000075431030834
Q45435943	6000000075430888896
Q45435944	6000000074791917040
Q45435945	6000000075430589938
Q45435946	6000000075431130822
Q45435947	6000000075430404016
Q45435948	6000000074738515836
Q45435949	6000000075430657844
Q45435950	6000000075430203938
Q45435951	6000000075431001832
Q45435952	6000000075430936894
Q45435954	6000000075430936874
Q45435955	6000000075430416868
Q45435956	6000000075429531139
Q45435957	6000000075430452061
Q45435958	6000000075430974862
Q45435959	6000000075430633887
Q45435961	6000000075430598942
Q45435962	6000000075431005835
Q45435963	6000000075431079829
Q45435964	6000000075430683941
Q45435965	6000000075430268911
Q45435966	6000000075430610824
Q45435967	6000000075430514900
Q45435968	6000000075430108935
Q45435969	6000000075430787922
Q45435970	6000000075429431124
Q45435971	6000000075429903963
Q45435972	6000000075430790824
Q45435973	6000000075430588825
Q45435974	6000000075430166979
Q45435976	6000000075430079020
Q45435978	6000000075430708835
Q45435980	6000000075430310839
Q45435981	6000000075429702093
Q45435982	6000000075429948025
Q45435983	6000000075430008984
Q45435984	6000000075430108907
Q45435985	6000000075430527977
Q45435986	6000000075430097076
Q45435987	6000000075429739854
Q45435988	6000000075430233939
Q45435989	6000000075430229956
Q45435990	6000000075430157052
Q45435991	6000000075428354565
Q45435992	6000000075430413933
Q45435993	6000000075429014327
Q45435994	6000000075430880840
Q45435996	6000000075430247921
Q45435997	6000000075430464878
Q45435998	6000000075430972874
Q45435999	6000000075430586024
Q45436000	6000000075429855015
Q45436001	6000000075430273985
Q45436002	6000000075430452045
Q45436003	6000000075430710897
Q45436004	6000000075430839919
Q45436006	6000000075431010871
Q45436007	6000000075429501229
Q45436008	6000000075430764823
Q45436009	6000000075427675848
Q45436010	6000000075430518847
Q45436012	6000000075430388888
Q45436013	6000000075430688919
Q45436014	6000000075430867963
Q45436015	6000000075430353868
Q45436016	6000000075430747913
Q45436017	6000000075430287881
Q45436018	6000000075430148921
Q45436019	6000000075431050881
Q45436020	6000000075430719970
Q45436021	6000000075430808822
Q45436022	6000000075430935852
Q45436023	6000000075430957851
Q45436024	6000000075430885923
Q45436025	6000000075428251572
Q45436026	6000000075430551967
Q45436028	6000000075430072886
Q45436029	6000000075428922304
Q45436030	6000000075430357821
Q45436031	6000000075430635913
Q45436034	6000000075429760084
Q45436035	6000000075429239272
Q45436036	6000000075430074979
Q45436038	6000000075430481928
Q45436040	6000000075430088110
Q45436042	6000000075430295854
Q45436043	6000000075430335838
Q45436044	6000000075430081043
Q45436045	6000000075430119931
Q45436046	6000000075431051828
Q45436047	6000000075430283830
Q45436048	6000000075430153874
Q45436049	6000000075429052163
Q45436051	6000000075430639879
Q45436052	6000000075430524847
Q45436053	6000000075430642822
Q45436054	6000000075430353905
Q45436055	6000000075430907822
Q45436056	6000000075429961936
Q45436057	6000000075430160884
Q45436058	6000000075430454907
Q45436059	6000000075431080822
Q45436060	6000000075431245838
Q45436061	6000000075430161912
Q45436062	6000000075429014402
Q45436063	6000000075430476990
Q45436064	6000000075430945822
Q45436065	6000000075431224834
Q45436066	6000000075431132822
Q45436067	6000000075430625839
Q45436068	6000000075430157066
Q45436069	6000000074697996230
Q45436070	6000000075430471893
Q45436071	6000000075429873027
Q45436072	6000000075430898861
Q45436073	6000000075431008885
Q45436074	6000000075430115076
Q45436075	6000000075430360989
Q45436076	6000000075430519828
Q45436077	6000000075430361072
Q45436078	6000000075430564010
Q45436079	6000000075429948126
Q45436080	6000000075430404021
Q45436081	6000000075430834850
Q45436083	6000000075430274152
Q45436085	6000000075430555910
Q45436087	6000000075429854975
Q45436089	6000000075430251894
Q45436090	6000000075429994940
Q45436093	6000000075430549833
Q45436094	6000000075430651822
Q45436095	6000000075430842822
Q45436096	6000000075429959068
Q45436098	6000000075430625845
Q45436099	6000000075430128033
Q45436101	6000000075430240858
Q45436102	6000000075429827297
Q45436104	6000000075430251916
Q45436105	6000000074725442572
Q45436106	6000000075430218837
Q45436108	6000000075430127904
Q45436109	6000000075431015841
Q45436110	6000000075430373864
Q45436112	6000000075430520837
Q45436113	6000000075430407918
Q45436114	6000000075420572875
Q45436115	6000000075429708011
Q45436116	6000000075430596897
Q45436117	6000000075429915977
Q45436118	6000000075429802020
Q45436119	6000000074701039433
Q45436120	6000000075431099879
Q45436121	6000000075430266924
Q45436122	6000000075429417278
Q45436123	6000000075430843872
Q45436124	6000000075430702877
Q45436125	6000000075431160851
Q45436126	6000000075430882879
Q45436127	6000000075430720839
Q45436128	6000000075430828851
Q45436129	6000000075430834845
Q45436130	6000000075429490130
Q45436131	6000000075430146943
Q45436132	6000000075429823245
Q45436133	6000000075430733827
Q45436134	6000000075430568821
Q45436135	6000000075430757934
Q45436137	6000000075430847917
Q45436138	6000000075430980864
Q45436139	6000000074698751029
Q45436140	6000000075430527950
Q45436142	6000000075430577871
Q45436144	6000000075430596924
Q45436145	6000000075430026962
Q45436147	6000000075430392060
Q45436148	6000000075430280927
Q45436149	6000000075430253870
Q45436150	6000000075430880878
Q45436151	6000000075430066017
Q45436152	6000000075430464861
Q45436153	6000000075430211980
Q45436154	6000000075430537891
Q45436155	6000000075430666860
Q45436156	6000000075430065965
Q45436157	6000000075428517875
Q45436158	6000000075430034999
Q45436160	6000000075430050114
Q45436161	6000000019923617713
Q45436162	6000000075429708098
Q45436163	6000000075430308906
Q45436164	6000000075430179894
Q45436165	6000000075430269835
Q45436166	6000000075430168872
Q45436167	6000000075430071934
Q45436168	6000000075430890872
Q45436169	6000000075430229964
Q45436170	6000000075430071055
Q45436171	6000000075430677908
Q45436173	6000000075429239242
Q45436174	6000000075430168887
Q45436175	6000000075430656827
Q45436176	6000000075430080918
Q45436177	6000000075430982850
Q45436178	6000000075429916039
Q45436179	6000000074701985976
Q45436180	6000000075430894829
Q45436181	6000000075431144857
Q45436182	6000000075431013845
Q45436183	6000000074745638184
Q45436184	6000000075429479527
Q45436185	6000000075430776822
Q45436186	6000000075430832878
Q45436187	6000000075428613333
Q45436188	6000000075430567875
Q45436189	6000000075430939825
Q45436190	6000000075429721133
Q45436191	6000000075430443896
Q45436192	6000000075430503846
Q45436193	6000000074749995838
Q45436194	6000000075430908915
Q45436196	6000000075430653920
Q45436197	6000000075430319992
Q45436199	6000000075428465309
Q45436200	6000000075430079094
Q45436201	6000000074703802982
Q45436202	6000000075430953870
Q45436204	6000000075429913986
Q45436205	6000000075430757897
Q45436206	6000000075430586821
Q45436207	6000000075430654822
Q45436208	6000000075430535824
Q45436209	6000000075430827831
Q45436210	6000000075430326928
Q45436211	6000000075428251556
Q45436213	6000000075430641879
Q45436214	6000000075430302925
Q45436216	6000000075430024012
Q45436217	6000000075430374837
Q45436218	6000000075429704114
Q45436220	6000000075430174963
Q45436221	6000000074735551234
Q45436222	6000000075430409896
Q45436223	6000000075430803842
Q45436224	6000000075431020860
Q45436225	6000000075430326898
Q45436226	6000000075430020971
Q45436228	6000000075430847889
Q45436229	6000000075430231891
Q45436230	6000000075430573842
Q45436231	6000000075430895837
Q45436232	6000000075430391880
Q45436233	6000000075430740830
Q45436234	6000000075430532886
Q45436235	6000000075430785896
Q45436236	6000000074746644847
Q45436237	6000000075430761822
Q45436238	6000000075429501121
Q45436239	6000000075431142831
Q45436240	6000000075430457070
Q45436242	6000000075430414034
Q45436245	6000000075429923157
Q45436246	6000000075429501270
Q45436247	6000000075430348822
Q45436248	6000000075429435299
Q45436249	6000000075429431099
Q45436250	6000000075430537841
Q45436251	6000000075430532825
Q45436252	6000000075430273852
Q45436253	6000000075430398871
Q45436254	6000000075430835832
Q45436255	6000000075430248882
Q45436256	6000000075428251620
Q45436257	6000000075430581882
Q45436258	6000000075430315930
Q45436259	6000000075430050043
Q45436260	6000000075430374822
Q45436261	6000000075430952895
Q45436262	6000000075430850872
Q45436263	6000000075430479896
Q45436264	6000000075430709835
Q45436265	6000000075430407856
Q45436266	6000000075430940888
Q45436268	6000000075430426850
Q45436269	6000000075429014419
Q45436270	6000000075431160832
Q454363	6000000063796042821
Q45436317	6000000075489606847
Q45436320	6000000075503449412
Q45436378	6000000075489331951
Q45436379	6000000074698792111
Q45436383	6000000075504288861
Q454364	6000000021703988578
Q45436439	6000000075489469893
Q45436442	6000000006257530360
Q45436445	6000000075610708903
Q45436502	6000000075489095102
Q45436507	6000000075610686911
Q45436563	6000000075488977139
Q45436569	6000000075504022989
Q45436626	6000000075488649261
Q45436632	6000000075503715280
Q45436673	6000000074752427401
Q45436691	6000000075489490939
Q45436694	6000000075503897083
Q45436738	6000000074752933046
Q45436756	6000000075489430949
Q45436759	6000000075504309825
Q45436777	6000000075050658016
Q45436817	6000000075489710822
Q45436822	6000000075503735209
Q45436854	6000000021556706504
Q45436881	6000000075488884205
Q45436886	6000000075609819371
Q45436917	6000000021581552959
Q45436943	6000000075488877139
Q45436948	6000000075504222916
Q45436979	6000000021581417271
Q45437008	6000000075488227511
Q45437010	6000000075504304861
Q45437042	6000000021580972203
Q45437070	6000000075489161065
Q45437072	6000000075610332129
Q45437105	6000000021580529476
Q45437133	6000000075426893835
Q45437135	6000000075610666002
Q45437145	6000000074736300994
Q45437148	6000000075403304911
Q45437167	6000000021581393301
Q45437195	6000000075489079077
Q45437197	6000000075609816367
Q45437207	6000000074736167965
Q45437229	6000000021581382576
Q45437259	6000000075489637886
Q45437261	6000000075503943989
Q45437272	6000000074736662896
Q45437293	6000000021581581956
Q45437304	6000000074771176848
Q45437322	6000000075489579896
Q45437323	6000000075502864631
Q45437334	6000000074736103899
Q45437385	6000000075489572906
Q45437386	6000000075504022995
Q45437398	6000000074736211986
Q45437446	6000000074750720396
Q45437448	6000000075503896069
Q45437460	6000000074736629892
Q45437509	6000000075488466210
Q45437511	6000000075610691934
Q45437524	6000000074735245321
Q45437531	6000000074739822821
Q45437574	6000000075489241021
Q45437576	6000000075504263873
Q45437588	6000000074736324984
Q45437593	6000000074739632867
Q45437636	6000000075489166006
Q45437638	6000000075610475101
Q45437650	6000000074736142036
Q45437653	6000000075402008844
Q45437655	6000000074739700836
Q45437700	6000000075610837828
Q45437701	6000000075489572922
Q45437714	6000000074735377333
Q45437761	6000000075610679928
Q45437763	6000000075489557953
Q45437777	6000000074736639842
Q45437825	6000000075610848851
Q45437827	6000000075489437957
Q45437888	6000000075610632942
Q45437890	6000000075489685845
Q45437951	6000000075610266152
Q45437954	6000000075489441872
Q45438013	6000000075610375125
Q45438017	6000000075489569968
Q45438085	6000000075489745824
Q45438102	6000000074705643341
Q45438138	6000000075504053904
Q45438148	6000000075489715843
Q45438153	6000000074771313884
Q45438201	6000000075503819123
Q45438213	6000000075489166014
Q45438217	6000000074771026976
Q45438265	6000000075504283861
Q45438276	6000000075489573894
Q45438281	6000000074771432828
Q45438283	6000000074739620833
Q45438326	6000000075610876822
Q45438338	6000000075489681855
Q45438343	6000000074771383846
Q45438391	6000000075504112918
Q45438397	6000000215943802826
Q45438404	6000000075489662900
Q45438409	6000000074771453821
Q45438455	6000000075610447095
Q45438467	6000000075489719854
Q45438472	6000000074771337872
Q45438517	6000000075503890036
Q45438529	6000000075489434970
Q45438535	6000000074771286888
Q45438591	6000000075489653877
Q45438604	6000000074771219923
Q45438643	6000000075504115985
Q45438656	6000000075489144077
Q45438666	6000000074770872045
Q45438708	6000000075504059008
Q45438719	6000000075489771832
Q45438732	6000000074771215901
Q45438753	6000000074727797978
Q45438782	6000000075489682853
Q45438791	6000000074731251188
Q45438792	6000000074771067033
Q45438815	6000000074727663986
Q45438832	6000000075503143417
Q45438844	6000000075489499951
Q45438854	6000000074771274867
Q45438897	6000000050052022939
Q45438897	6000000075610356143
Q45438908	6000000075426225234
Q45438918	6000000074770921946
Q45438960	6000000075504159909
Q45438971	6000000075488793346
Q45439	6000000081038635306
Q45439036	6000000075489768825
Q45439068	6000000074730023896
Q45439080	6000000074771385848
Q45439105	6000000075610687919
Q45439124	6000000074730145821
Q45439128	6000000075489081127
Q45439137	6000000013644586205
Q45439188	6000000074730131827
Q45439193	6000000075488877170
Q45439238	6000000075503761130
Q45439249	6000000074729934884
Q45439253	6000000075489704887
Q45439270	6000000075381532821
Q45439301	6000000075504220906
Q45439311	6000000074729872952
Q45439315	6000000075489654872
Q45439362	6000000075503447299
Q45439371	6000000074729748017
Q45439376	6000000075489244049
Q45439424	6000000075503170522
Q45439435	6000000074729866956
Q45439440	6000000075489337054
Q45439456	6000000074753908896
Q45439463	6000000075606606949
Q45439486	6000000075610207162
Q45439496	6000000074730101889
Q45439500	6000000075489783837
Q45439517	6000000074753690048
Q45439548	6000000075610802886
Q45439559	6000000074730054872
Q45439563	6000000075489245075
Q45439580	6000000074753706082
Q45439610	6000000075503735227
Q45439621	6000000074729855947
Q45439625	6000000074768476962
Q45439642	6000000074753509096
Q45439671	6000000075504065913
Q45439680	6000000074729889934
Q45439686	6000000075489573905
Q45439704	6000000074753900878
Q45439733	6000000075504333836
Q45439742	6000000074729692057
Q45439747	6000000075488727453
Q45439765	6000000074753941856
Q45439796	6000000075504326832
Q45439797	6000000074746781821
Q45439805	6000000074729907942
Q45439809	6000000075489161130
Q45439833	6000000075605767413
Q45439859	6000000074746492080
Q45439869	6000000074730071848
Q45439873	6000000075489374068
Q45439896	6000000075606435005
Q45439921	6000000075503639392
Q45439922	6000000074746360097
Q45439930	6000000074730062857
Q45439935	6000000075489678869
Q45439959	6000000075606312122
Q45439983	6000000075503461211
Q45439985	6000000074746111427
Q45439993	6000000074729878911
Q45439997	6000000075489391017
Q45440	6000000034543556630
Q45440020	6000000075606901857
Q45440046	6000000074745830467
Q45440056	6000000074730011876
Q45440062	6000000075489079126
Q45440103	6000000075611072912
Q45440108	6000000075504351841
Q45440109	6000000074746124370
Q45440119	6000000074729515068
Q45440125	6000000075489358054
Q45440170	6000000075504227855
Q45440171	6000000074746625957
Q45440181	6000000074729568053
Q45440187	6000000075489445007
Q45440235	6000000075504102973
Q45440236	6000000074746749852
Q45440244	6000000074729924886
Q45440251	6000000075489543939
Q45440296	6000000075504266900
Q45440297	6000000074746720861
Q45440306	6000000074730077830
Q45440313	6000000075489636887
Q45440332	6000000075503311192
Q45440358	6000000075503098508
Q45440361	6000000074746663941
Q45440369	6000000074729691027
Q45440377	6000000074768706821
Q45440421	6000000075504305888
Q45440424	6000000074746553034
Q45440432	6000000074729975887
Q45440439	6000000075489276116
Q45440479	6000000074758701083
Q45440485	6000000075610862881
Q45440488	6000000074746673917
Q45440495	6000000074728774353
Q45440504	6000000075489612894
Q45440546	6000000075504140998
Q45440549	6000000074746356172
Q45440556	6000000074729995871
Q45440564	6000000075489828844
Q45440612	6000000075503630237
Q45440615	6000000074746781840
Q45440622	6000000074729881900
Q45440630	6000000075489699895
Q45440675	6000000075610680019
Q45440677	6000000074746247274
Q45440684	6000000074729322154
Q45440691	6000000075489781861
Q45440735	6000000075504191918
Q45440737	6000000074746328268
Q45440746	6000000074730003874
Q45440755	6000000075489844824
Q45440799	6000000075503282342
Q45440801	6000000074746346133
Q45440808	6000000074729658030
Q45440815	6000000075489179159
Q45440860	6000000075504099945
Q45440863	6000000074746677880
Q45440878	6000000075489225055
Q45440923	6000000075503692248
Q45440925	6000000074746745848
Q45440933	6000000074730000849
Q45440940	6000000075489545998
Q45440983	6000000075504288897
Q45440986	6000000074746546039
Q45440994	6000000074729362100
Q45441003	6000000075489583950
Q45441050	6000000074745717602
Q45441057	6000000074729775962
Q45441065	6000000075488877325
Q45441111	6000000075504013101
Q45441114	6000000074746695915
Q45441121	6000000074729322170
Q45441128	6000000075489006268
Q45441174	6000000075610003304
Q45441177	6000000074746782858
Q45441185	6000000074730006832
Q45441192	6000000075489523006
Q454412	6000000053272908034
Q45441237	6000000075504362829
Q45441240	6000000074746530015
Q45441247	6000000074729937877
Q45441254	6000000075489873834
Q45441300	6000000075504187923
Q45441303	6000000074746392134
Q45441310	6000000074729604998
Q45441317	6000000075489659901
Q45441362	6000000075504306840
Q45441366	6000000074746020370
Q45441374	6000000074729392210
Q45441381	6000000075425941090
Q45441425	6000000075503856153
Q45441429	6000000074746762871
Q45441437	6000000074730053840
Q45441444	6000000075489548010
Q45441488	6000000075504392821
Q45441492	6000000074746624912
Q45441499	6000000074729548982
Q454415	6000000181918495848
Q45441507	6000000075488856275
Q45441552	6000000075503762141
Q45441557	6000000074746456092
Q45441564	6000000074729800940
Q45441571	6000000075489253122
Q45441615	6000000075504278875
Q45441619	6000000074746111444
Q45441627	6000000074730056874
Q45441634	6000000075488856281
Q45441679	6000000075504096990
Q45441684	6000000074746497085
Q45441692	6000000074729872924
Q45441698	6000000075489306079
Q45441741	6000000075504143936
Q45441745	6000000074746757871
Q45441753	6000000074729421947
Q45441760	6000000075489816875
Q45441805	6000000075504005965
Q45441809	6000000074746777846
Q45441817	6000000074730071834
Q45441826	6000000075489783875
Q45441870	6000000075503917049
Q45441874	6000000074746483036
Q45441881	6000000074729905877
Q45441889	6000000075489812848
Q45441932	6000000075610828932
Q45441935	6000000074746454118
Q45441944	6000000074730103821
Q45441954	6000000075489636922
Q45441996	6000000075504388836
Q45441998	6000000074746507097
Q45442008	6000000074730040845
Q45442016	6000000075489897827
Q45442059	6000000075504143949
Q45442061	6000000074746722880
Q45442070	6000000074729515072
Q45442078	6000000075489437014
Q45442126	6000000074745860395
Q45442135	6000000074729764955
Q45442143	6000000075489719894
Q45442187	6000000075504135973
Q45442189	6000000074746814821
Q45442198	6000000074729509136
Q45442207	6000000075489906824
Q45442253	6000000075504311842
Q45442255	6000000074746516018
Q45442264	6000000074729507154
Q45442274	6000000075489298068
Q45442317	6000000075504383823
Q45442319	6000000074746688938
Q45442328	6000000074729529082
Q45442339	6000000075489774887
Q45442381	6000000075503765192
Q45442383	6000000074746709884
Q45442394	6000000074729823990
Q454424	6000000005598904702
Q45442405	6000000075489440997
Q45442414	6000000075398461141
Q45442443	6000000026352550309
Q45442445	6000000074746726897
Q45442456	6000000074729889905
Q45442469	6000000075489716920
Q45442506	6000000075503249613
Q45442507	6000000074746619016
Q45442519	6000000074729811951
Q45442532	6000000075489748865
Q45442541	6000000019155327733
Q45442569	6000000074746646955
Q45442575	6000000075610207202
Q45442582	6000000074729949877
Q45442594	6000000075489588977
Q45442632	6000000074746206075
Q45442638	6000000075504102995
Q45442645	6000000074729389123
Q45442657	6000000075489327138
Q45442695	6000000074745864619
Q45442709	6000000074729122340
Q45442725	6000000075489519020
Q45442756	6000000074746530030
Q45442765	6000000075504157916
Q45442772	6000000074730051859
Q45442789	6000000075489743901
Q45442822	6000000074746805849
Q45442835	6000000074729754024
Q45442846	6000000075503833108
Q45442853	6000000075488727532
Q45442886	6000000074746823821
Q45442898	6000000074730068842
Q45442911	6000000075503299505
Q45442918	6000000075489179182
Q45442949	6000000074746497095
Q45442963	6000000074729389127
Q45442974	6000000075504429823
Q45442981	6000000075489802879
Q45443010	6000000074746191306
Q45443025	6000000074729560028
Q45443037	6000000075504005970
Q45443044	6000000075489870844
Q45443074	6000000074745752707
Q45443088	6000000074728733443
Q45443099	6000000075503877179
Q45443105	6000000075489833848
Q45443137	6000000074746655921
Q45443150	6000000074729772988
Q45443157	6000000075344341887
Q45443163	6000000075503865176
Q45443170	6000000075489949822
Q45443200	6000000074746792848
Q45443213	6000000074728962280
Q45443232	6000000075489225123
Q45443235	6000000074749787889
Q45443263	6000000074746683895
Q45443276	6000000074730039853
Q45443289	6000000075503765198
Q45443300	6000000075489661943
Q45443315	6000000010031672409
Q45443327	6000000074746224439
Q45443341	6000000074729757966
Q45443364	6000000075610883890
Q45443365	6000000075489216138
Q45443392	6000000074746777867
Q45443404	6000000074729692039
Q45443425	6000000075504238933
Q45443426	6000000075489390096
Q45443455	6000000074746832833
Q45443469	6000000074730098846
Q45443489	6000000075504283937
Q45443491	6000000075489013238
Q45443519	6000000074746762907
Q45443531	6000000074729937923
Q45443551	6000000075504216930
Q45443553	6000000075489616952
Q45443581	6000000074746500131
Q45443593	6000000074730069853
Q45443616	6000000075489938860
Q45443645	6000000074746724877
Q45443658	6000000074729744005
Q45443677	6000000075610793975
Q45443679	6000000075489488041
Q45443709	6000000074746334230
Q45443721	6000000074729744009
Q45443741	6000000075610650015
Q45443743	6000000075489938865
Q45443773	6000000074746842821
Q45443786	6000000074729885907
Q45443807	6000000075503767192
Q45443809	6000000075489415072
Q45443839	6000000074746729861
Q45443850	6000000074729979896
Q45443869	6000000075504022063
Q45443872	6000000075489942844
Q454439	6000000030483175836
Q45443900	6000000074746439222
Q45443920	6000000074768250333
Q45443935	6000000075489513078
Q45443964	6000000074746536091
Q45443976	6000000074729870938
Q45443994	6000000075610980859
Q45443997	6000000075489465103
Q45444026	6000000074746775866
Q45444040	6000000074729867940
Q45444059	6000000074715189845
Q45444060	6000000075610131311
Q45444090	6000000074746781884
Q45444102	6000000074729996884
Q45444107	6000000074769268822
Q45444121	6000000075489961856
Q45444122	6000000075503464402
Q45444151	6000000074746688956
Q45444164	6000000074730125847
Q45444185	6000000075489945830
Q45444187	6000000075504384856
Q454442	368030668170012751
Q45444214	6000000074746476071
Q45444225	6000000074730004885
Q45444247	6000000075489964843
Q45444274	6000000134858815841
Q45444278	6000000074746674957
Q45444290	6000000074729616075
Q45444311	6000000075489474013
Q45444314	6000000075503180667
Q45444340	6000000074746680941
Q45444352	6000000074729309068
Q45444373	6000000075489887864
Q45444375	6000000075609828459
Q45444412	6000000074729972915
Q45444414	6000000074746467197
Q45444436	6000000075489988831
Q45444474	6000000074729809998
Q45444476	6000000074746824843
Q45444500	6000000074748950551
Q45444501	6000000075488830269
Q45444508	6000000075504392841
Q45444538	6000000074729902910
Q45444539	6000000074746686944
Q45444566	6000000075489566002
Q45444571	6000000026352474794
Q45444601	6000000074729937930
Q45444602	6000000074746680945
Q45444629	6000000075489337111
Q45444635	6000000080264590888
Q45444667	6000000074729598026
Q45444668	6000000074746198384
Q45444694	6000000075489824851
Q45444699	6000000049920808935
Q45444699	6000000075504004138
Q45444731	6000000074729841891
Q45444732	6000000074746264184
Q45444757	6000000075489742904
Q45444763	6000000075607306975
Q45444793	6000000074729522142
Q45444794	6000000074746854821
Q45444818	6000000075489438062
Q45444825	6000000075610865903
Q45444856	6000000074729889922
Q45444857	6000000074746805867
Q45444880	6000000075490010826
Q45444919	6000000074729784046
Q45444920	6000000074746781907
Q45444942	6000000075489686967
Q45444946	6000000026353044304
Q45444982	6000000074730028887
Q45444983	6000000074745982419
Q45445006	6000000075489886886
Q45445046	6000000074746111458
Q45445072	6000000075489951869
Q45445079	6000000075504088986
Q45445112	6000000074746827849
Q45445135	6000000075489465108
Q45445174	6000000074746845825
Q45445201	6000000075489938904
Q45445231	6000000075503639461
Q45445237	6000000074746749930
Q45445294	6000000075504189924
Q45445301	6000000074745830522
Q45445329	6000000075488529461
Q45445360	6000000075612495865
Q45445366	6000000074746732948
Q45445394	6000000075489963835
Q45445421	6000000075610984865
Q45445426	6000000074701077019
Q45445428	6000000074746664909
Q45445456	6000000075490015834
Q45445482	6000000075504709908
Q45445488	6000000074701393842
Q45445490	6000000074746588022
Q45445519	6000000075490024840
Q45445545	6000000075504732850
Q45445550	6000000074700820331
Q45445552	6000000074746796874
Q45445592	6000000074759001890
Q45445607	6000000075610026300
Q45445612	6000000074701377848
Q45445614	6000000074746138349
Q45445655	6000000075489916843
Q45445670	6000000075504785822
Q45445675	6000000074701332893
Q45445677	6000000074746835835
Q45445719	6000000075489760941
Q45445734	6000000075504649925
Q45445739	6000000074700526408
Q45445741	6000000074746799860
Q45445783	6000000075489911894
Q45445797	6000000075610569166
Q454458	6000000008553093454
Q45445803	6000000074700773188
Q45445805	6000000074746586971
Q45445845	6000000075489796932
Q45445864	6000000074700682410
Q45445866	6000000074746627058
Q45445867	6000000075504486046
Q45445893	6000000071224265989
Q45445894	6000000048994538411
Q454459	6000000025793013093
Q45445907	6000000075489990865
Q45445927	6000000074701368891
Q45445929	6000000075504714861
Q45445930	6000000074746235222
Q45445958	6000000071224201985
Q45445971	6000000075489888918
Q45445991	6000000074701212960
Q45445994	6000000074746565127
Q45446022	6000000071224136044
Q45446034	6000000075489105231
Q45446054	6000000074700753402
Q45446056	6000000018571731683
Q45446057	6000000074745980564
Q45446086	6000000088928807016
Q45446096	6000000075489869894
Q45446116	6000000074701130112
Q45446118	6000000075504497018
Q45446119	6000000074746645981
Q45446143	6000000074699492137
Q45446158	6000000075489938921
Q45446178	6000000074701026090
Q45446180	6000000075401685905
Q45446181	6000000075504625910
Q45446182	6000000074746405238
Q45446222	6000000075488728379
Q45446242	6000000074701422828
Q45446244	6000000075504172109
Q45446248	6000000074746356305
Q45446286	6000000075489358176
Q45446306	6000000074701177004
Q45446309	6000000074746835848
Q45446322	6000000075504603966
Q45446326	6000000075398504979
Q45446369	6000000074701054137
Q45446374	6000000074746788900
Q45446384	6000000075610324244
Q454464	6000000013372660815
Q45446412	6000000075489912931
Q45446432	6000000074701317953
Q45446438	6000000074746720925
Q45446475	6000000075489390138
Q45446496	6000000074701061019
Q45446501	6000000074745830542
Q45446511	6000000075504331087
Q45446540	6000000075489557088
Q45446558	6000000074701225984
Q45446563	6000000074746829904
Q45446572	6000000075610137401
Q454466	6000000028246483671
Q45446603	6000000075489939888
Q45446621	6000000074700815222
Q45446626	6000000074746728927
Q45446635	6000000075611041864
Q45446664	6000000075489846917
Q45446671	6000000074771232848
Q45446690	6000000074746803890
Q45446698	6000000075504834869
Q45446720	6000000018627651002
Q45446726	6000000075489760964
Q45446745	6000000074752935884
Q45446750	6000000074746647032
Q45446760	6000000075504682935
Q45446790	6000000075489144189
Q45446808	6000000074751867590
Q45446814	6000000074746238252
Q45446822	6000000075504702949
Q45446852	6000000075489768909
Q45446870	6000000074752802055
Q45446876	6000000074746889821
Q45446884	6000000075504827853
Q45446913	6000000075490043862
Q45446939	6000000074746892894
Q45446948	6000000075504684920
Q45446977	6000000075489337143
Q45446995	6000000074752932917
Q454470	6000000048821973867
Q45447001	6000000074746476222
Q45447010	6000000075504805884
Q45447041	6000000075490012852
Q45447058	6000000074752371286
Q45447065	6000000074746136382
Q45447074	6000000075504630019
Q45447104	6000000075489710977
Q45447120	6000000074752773024
Q45447126	6000000074746696154
Q45447136	6000000075504281057
Q45447151	6000000074792732841
Q45447165	6000000075489722957
Q45447182	6000000074753053847
Q45447189	6000000074746144443
Q45447198	6000000075504239137
Q45447229	6000000075489899908
Q45447246	6000000074752760997
Q45447251	6000000074746929883
Q45447261	6000000075504664957
Q45447291	6000000075490106822
Q454473	6000000001847933002
Q45447307	6000000075508798873
Q45447312	6000000074746358273
Q45447323	6000000075504625989
Q45447356	6000000075489298116
Q45447374	6000000074746105400
Q45447377	6000000074753037843
Q45447386	6000000075504809871
Q45447416	6000000075489421018
Q45447435	6000000074746724985
Q45447439	6000000074752754094
Q45447448	6000000075504768943
Q45447455	6000000049101063884
Q45447481	6000000075489558140
Q45447482	6000000074770792951
Q45447490	6000000071224050310
Q45447500	6000000074746760079
Q45447503	6000000074753073832
Q45447512	6000000075504447041
Q45447543	6000000075489801928
Q45447562	6000000074747005834
Q45447565	6000000074752761002
Q45447575	6000000075504803863
Q45447608	6000000075490083850
Q45447627	6000000074746050470
Q45447639	6000000075504788915
Q45447671	6000000075490046883
Q45447689	6000000074745916637
Q45447701	6000000075504874828
Q45447732	6000000075489678966
Q45447752	6000000074746880929
Q45447754	6000000074732307233
Q45447761	6000000132411467840
Q45447764	6000000075504877821
Q45447795	6000000075489659033
Q45447815	6000000074746628146
Q45447817	6000000074732307238
Q45447826	6000000075504800927
Q45447857	6000000075490062858
Q45447877	6000000074746759061
Q45447880	6000000074731537577
Q45447890	6000000075504762903
Q45447921	6000000075489991925
Q45447941	6000000074746869983
Q45447952	6000000075503311070
Q45447984	6000000075490002857
Q45448003	6000000074746467343
Q45448014	6000000075504475083
Q45448046	6000000075489962957
Q45448065	6000000074746835980
Q45448076	6000000075504809897
Q45448108	6000000075489906894
Q45448113	6000000075402609870
Q45448115	6000000075406496859
Q45448126	6000000074747000825
Q45448138	6000000075504824870
Q45448170	6000000075489841983
Q45448178	6000000075402747847
Q45448189	6000000074746980855
Q45448200	6000000075504652011
Q45448232	6000000075489898969
Q45448249	6000000074748756255
Q45448252	6000000074746863992
Q45448263	6000000075504776889
Q45448296	6000000075489442098
Q454483	299204778280001213
Q45448315	6000000074746685073
Q45448326	6000000075504375081
Q45448356	6000000074758907152
Q45448358	6000000075489912972
Q45448377	6000000074746804905
Q45448387	6000000075504551977
Q45448419	6000000074759411821
Q45448421	6000000075490074844
Q45448441	6000000074746891821
Q45448452	6000000075504875834
Q45448483	6000000074759018117
Q45448485	6000000075489682059
Q45448504	6000000074746191361
Q45448514	6000000075504834906
Q45448547	6000000075489962962
Q45448568	6000000074746878837
Q45448578	6000000075504604968
Q45448610	6000000075490075840
Q45448622	6000000075050210226
Q45448628	6000000074746874850
Q45448647	6000000075503418715
Q45448660	6000000075507374866
Q45448674	6000000075489552092
Q45448691	6000000074746527039
Q45448710	6000000075504611009
Q45448724	6000000031961428880
Q45448740	6000000075489905886
Q45448754	6000000074746652995
Q45448773	6000000075504842827
Q454488	6000000017387157425
Q45448803	6000000075490151822
Q45448816	6000000074746238258
Q45448835	6000000075503810607
Q45448866	6000000075490155822
Q45448879	6000000074746804913
Q45448898	6000000075504802932
Q45448912	6000000033482357113
Q45448928	6000000075490090862
Q45448942	6000000074746519080
Q45448960	6000000075503103811
Q45448991	6000000075489710015
Q45449004	6000000074746712950
Q45449023	6000000075610561220
Q45449053	6000000075490160829
Q45449067	6000000074746729915
Q45449085	6000000075504652948
Q45449115	6000000075489216199
Q45449128	6000000074745431413
Q45449147	6000000075610739079
Q45449179	6000000075489721001
Q45449192	6000000074746553109
Q45449210	6000000075504447052
Q45449241	6000000075489247257
Q45449255	6000000074746863870
Q45449274	6000000075504759928
Q45449305	6000000075489764960
Q45449319	6000000074746467272
Q45449337	6000000075504123306
Q45449367	6000000075490063853
Q45449381	6000000074746736881
Q45449399	6000000075344061086
Q45449400	6000000075504894830
Q45449432	6000000075489490200
Q45449442	6000000075050905872
Q45449446	6000000074746728956
Q45449463	6000000075401559882
Q45449464	6000000075504870851
Q45449494	6000000075489298151
Q45449504	6000000075050878947
Q45449509	6000000074746892844
Q45449528	6000000075504782880
Q45449559	6000000075489827962
Q45449570	6000000075050682963
Q45449573	6000000074746468037
Q45449592	6000000075504626978
Q45449618	6000000074759748106
Q45449625	6000000075420343107
Q45449635	6000000074746878842
Q45449655	6000000075504645000
Q45449661	6000000075489464894
Q45449681	6000000074759748111
Q45449687	6000000075489870936
Q45449696	6000000075050843894
Q45449699	6000000074746610105
Q45449717	6000000075504643960
Q45449725	6000000075401652267
Q45449743	6000000074759527280
Q45449750	6000000075490075871
Q45449760	6000000074746819869
Q45449815	6000000075489938940
Q45449827	6000000074746235239
Q45449877	6000000075489817010
Q45449887	6000000074746554059
Q45449941	6000000075490065936
Q45449952	6000000074746913821
Q45449976	6000000075610954001
Q45450003	6000000075489105317
Q45450015	6000000074746746942
Q45450040	6000000075610794130
Q45450057	6000000074759689100
Q45450067	6000000075490077893
Q45450078	6000000074746840892
Q45450079	6000000075508720900
Q45450103	6000000075504281101
Q45450119	6000000074760061836
Q45450129	6000000075489760995
Q45450140	6000000074746105341
Q45450165	6000000075609819715
Q45450192	6000000075489421077
Q45450204	6000000074746788916
Q45450229	6000000075610593245
Q45450254	6000000075488928396
Q45450265	6000000074746888860
Q45450292	6000000075504770952
Q45450319	6000000074787612289
Q45450332	6000000074746906826
Q45450358	6000000075610708168
Q45450383	6000000075489881967
Q45450395	6000000074746576075
Q45450422	6000000075504576092
Q45450427	6000000022572500999
Q45450446	6000000075489657072
Q45450458	6000000074746921821
Q45450485	6000000075504599035
Q45450511	6000000075489882934
Q45450520	6000000074746603094
Q45450524	6000000075406101912
Q45450538	6000000074739400946
Q45450547	6000000075504937821
Q45450572	6000000075489883901
Q45450582	6000000074746853862
Q45450587	6000000075405485124
Q45450610	6000000075504775916
Q45450637	6000000075490053884
Q45450648	6000000074746813885
Q45450673	6000000075504688013
Q45450700	6000000075489435132
Q45450710	6000000033460183145
Q45450713	6000000074746695026
Q45450738	6000000075504847916
Q45450767	6000000075489575058
Q45450772	6000000074732568274
Q45450778	6000000074746906842
Q45450829	6000000075489165295
Q45450839	6000000074746699023
Q45450864	6000000075504689935
Q45450892	6000000075490107871
Q45450902	6000000074746681020
Q45450954	6000000075489721036
Q45450961	6000000074733138933
Q45450963	6000000074746392237
Q45450974	6000000075405581116
Q45451017	6000000075489720019
Q45451027	6000000074746434225
Q45451059	6000000075611048965
Q45451079	6000000075489748942
Q45451089	6000000074746324416
Q45451142	6000000075489548131
Q45451150	6000000074732536306
Q45451152	6000000074746431218
Q45451184	6000000075504770963
Q45451203	6000000075489415214
Q45451213	6000000074746050413
Q45451245	6000000075504577000
Q45451266	6000000075489905920
Q45451277	6000000074745980618
Q45451309	6000000075611198862
Q45451328	6000000075490051914
Q45451339	6000000074746760039
Q45451371	6000000075503707862
Q45451391	6000000075490068895
Q45451402	6000000074746539170
Q45451433	6000000075504802958
Q45451438	6000000075050976915
Q45451452	6000000075488728473
Q45451464	6000000074746847928
Q45451491	6000000075506466937
Q45451500	6000000075051009886
Q45451513	6000000075490183857
Q45451526	6000000074746926857
Q45451555	6000000075505436459
Q45451558	6000000075503625566
Q45451560	6000000075405921999
Q45451588	6000000074746869883
Q45451642	6000000075490076872
Q45451654	6000000074746833902
Q45451685	6000000075504946823
Q45451704	6000000075490206830
Q45451747	6000000075504890870
Q45451766	6000000075430339934
Q45451777	6000000074746949821
Q45451831	6000000075488928401
Q45451838	6000000075503138254
Q45451841	6000000074746653012
Q45451895	6000000075490172843
Q45451903	6000000074744795423
Q45451958	6000000075489858920
Q45451973	6000000075503640652
Q45452020	6000000075490116870
Q45452027	6000000074746736910
Q45452035	6000000075503726928
Q45452083	6000000075488957425
Q45452091	6000000074746894862
Q45452099	6000000075611165879
Q454521	6000000026815159286
Q45452149	6000000075490248834
Q45452153	6000000074746870883
Q45452161	6000000075504798946
Q45452212	6000000075490064889
Q45452217	6000000074746899863
Q45452224	6000000075504915903
Q45452275	6000000075489794021
Q45452278	6000000074746592165
Q45452285	6000000075503761513
Q45452302	6000000032919588924
Q45452342	6000000075489705031
Q45452343	6000000074745830599
Q45452350	6000000075611150932
Q45452351	6000000075399244824
Q45452404	6000000075490012955
Q45452405	6000000074746619126
Q45452466	6000000075489740038
Q45452468	6000000074746264270
Q45452475	6000000075504826894
Q45452528	6000000075490085894
Q45452530	6000000074746750023
Q45452538	6000000075504798951
Q45452590	6000000075430458889
Q45452593	6000000074746820916
Q45452602	6000000075504651018
Q45452653	6000000075490260825
Q45452657	6000000074746191451
Q45452664	6000000075504759968
Q45452715	6000000075490096914
Q45452719	6000000074746507175
Q45452727	6000000075503917383
Q45452736	6000000075506427892
Q45452785	6000000074746741996
Q45452791	6000000075503630663
Q45452846	6000000075490051929
Q45452850	6000000074746369294
Q45452855	6000000075504659033
Q45452911	6000000075489817040
Q45452916	6000000074746738924
Q45452921	6000000075504813925
Q45452972	6000000075489724987
Q45452976	6000000074746879948
Q45452982	6000000075504775935
Q454530	6000000027816972222
Q45453031	6000000074738047244
Q45453036	6000000075490082906
Q45453040	6000000074746654088
Q45453045	6000000075504100358
Q45453099	6000000075490257841
Q45453102	6000000074746841933
Q45453108	6000000075504705006
Q45453162	6000000075489216250
Q45453164	6000000074746859897
Q45453171	6000000075504490147
Q45453224	6000000074746821903
Q45453225	6000000075489864007
Q45453233	6000000075504955826
Q45453288	6000000074746803951
Q45453289	6000000075489596084
Q45453298	6000000075504714990
Q45453351	6000000074746523148
Q45453352	6000000075489992930
Q45453376	6000000034350663012
Q45453416	6000000074746816925
Q45453417	6000000075490129876
Q45453421	6000000075406939862
Q45453424	6000000075504840934
Q45453479	6000000074746421202
Q45453484	6000000075490141906
Q45453509	6000000049897255821
Q45453542	6000000074746519127
Q45453551	6000000075504959858
Q45453605	6000000074745717665
Q45453611	6000000075490241847
Q45453614	6000000075504978822
Q45453668	6000000074746859914
Q45453674	6000000075490012963
Q45453678	6000000075504640000
Q45453733	6000000074746587023
Q45453738	6000000075490166833
Q45453741	6000000075504803909
Q45453776	6000000074760061821
Q45453798	6000000074746554092
Q45453803	6000000075490294822
Q45453807	6000000075504866918
Q45453837	6000000074760033835
Q45453861	6000000074746821907
Q45453867	6000000075490077906
Q45453871	6000000075504940862
Q45453903	6000000074759843009
Q45453925	6000000074746675064
Q45453931	6000000075490267828
Q45453935	6000000075610892253
Q45453968	6000000074759962880
Q45453990	6000000074746846898
Q45453995	6000000075489886956
Q45453999	6000000075504878866
Q45454021	6000000075398399041
Q45454031	6000000074759696063
Q45454054	6000000074746742017
Q45454060	6000000075490288827
Q45454065	6000000075611275877
Q45454119	6000000074746921864
Q45454127	6000000075489991992
Q45454128	6000000075611321855
Q45454150	6000000055530559939
Q45454150	6000000074758704883
Q45454183	6000000074746646020
Q45454188	6000000074745957100
Q45454191	6000000075490202857
Q45454192	6000000075611265862
Q45454247	6000000074746724977
Q45454256	6000000075504921847
Q45454259	6000000075490241864
Q45454312	6000000074746643122
Q45454322	6000000075504827993
Q45454325	6000000075489548227
Q45454375	6000000074746911893
Q45454382	6000000075402352972
Q45454385	6000000075504982835
Q45454388	6000000075490218871
Q454544	6000000013048475080
Q45454439	6000000074746763997
Q45454448	6000000075504626046
Q45454451	6000000075490264859
Q45454507	6000000074746896911
Q45454517	6000000075610511437
Q45454520	6000000075489687118
Q45454570	6000000074746559132
Q45454581	6000000075504979827
Q45454584	6000000075490143867
Q45454636	6000000074746264318
Q45454646	6000000075610967196
Q45454652	6000000075490243849
Q45454698	6000000074746936893
Q45454709	6000000075611378830
Q45454714	6000000075489950979
Q45454763	6000000074746706018
Q45454773	6000000075504640018
Q45454780	6000000075430692821
Q45454827	6000000074746736917
Q45454835	6000000075504911896
Q45454847	6000000075490306824
Q45454892	6000000074746369315
Q45454901	6000000075504689956
Q45454913	6000000075490304832
Q45454957	6000000074746324459
Q45454965	6000000075611343861
Q45454977	6000000075490335822
Q45455020	6000000074746690045
Q45455029	6000000075611160020
Q45455042	6000000075490228877
Q45455083	6000000074746502150
Q45455092	6000000075504878871
Q45455109	6000000075489740068
Q45455146	6000000074746650147
Q45455172	6000000075488856499
Q45455190	6000000074759867987
Q45455210	6000000074746735027
Q45455219	6000000075504123356
Q45455236	6000000075489941926
Q45455282	6000000075504933852
Q45455299	6000000075490332831
Q45455304	6000000075508699936
Q45455365	6000000075490227905
Q45455399	6000000074748291925
Q45455407	6000000075504488055
Q45455429	6000000075490361825
Q45455472	6000000075504013383
Q45455492	6000000075489596117
Q45455535	6000000075504524146
Q45455557	6000000075489513262
Q45455566	6000000075508989831
Q45455599	6000000075504685033
Q45455619	6000000075490205885
Q45455662	6000000075504896881
Q45455665	6000000075344679861
Q45455682	6000000075490316843
Q45455724	6000000075504685038
Q45455747	6000000075489744095
Q45455792	6000000075611413824
Q45455809	6000000075490291865
Q45455855	6000000075504629011
Q45455872	6000000075490311835
Q45455919	6000000075611060106
Q45455934	6000000075490300865
Q45455999	6000000075490331861
Q45456041	6000000075344523934
Q45456045	6000000075611432822
Q45456053	6000000040034251644
Q45456060	6000000075489907068
Q45456093	6000000074748420857
Q45456107	6000000075504908872
Q45456123	6000000075490103926
Q45456155	6000000074748208987
Q45456170	6000000075504661004
Q45456186	6000000075490065010
Q45456218	6000000074748366868
Q45456233	6000000075505009829
Q45456250	6000000075490028970
Q45456298	6000000075504388179
Q45456313	6000000075489882997
Q45456360	6000000075398348895
Q45456362	6000000075504582037
Q45456377	6000000075490421839
Q45456391	6000000074745954189
Q45456421	6000000011496185572
Q45456427	6000000075504912860
Q45456441	6000000075490267895
Q45456454	6000000074746372832
Q45456474	6000000074747854313
Q45456490	6000000075504875929
Q45456506	6000000075490307860
Q45456538	6000000074748303935
Q45456554	6000000075504900899
Q45456569	6000000075490053976
Q45456601	6000000074748430833
Q45456617	6000000075504113309
Q45456634	6000000075489946062
Q45456646	6000000074746223999
Q45456665	6000000074748039179
Q45456681	6000000075504683030
Q45456695	6000000075490187909
Q45456706	6000000074746327892
Q45456741	6000000075504848937
Q45456757	6000000075490234917
Q454568	6000000132573641832
Q45456805	6000000075504533208
Q45456823	6000000075490007128
Q45456867	6000000075504861937
Q45456885	6000000075490117003
Q45456931	6000000075504506133
Q45456931	6000000162915939864
Q45456949	6000000075490424872
Q45456966	6000000025128862559
Q45456995	6000000012977160281
Q45456995	6000000075504807963
Q45457013	6000000075490358873
Q45457058	6000000075504795991
Q45457077	6000000075490442840
Q45457121	6000000075504279180
Q45457142	6000000075490359875
Q45457173	6000000074748157047
Q45457186	6000000075504687087
Q45457206	6000000075490307869
Q45457249	6000000075504769079
Q45457270	6000000075490057024
Q45457335	6000000075490321864
Q45457381	6000000075504926917
Q45457398	6000000075488529705
Q45457444	6000000075504672103
Q45457462	6000000075490498824
Q45457507	6000000075505039822
Q45457526	6000000075489725106
Q45457571	6000000075504582056
Q45457574	6000000074730596888
Q45457589	6000000075490232915
Q454576	6000000008260858939
Q45457633	6000000075503705599
Q45457651	6000000075490273914
Q45457698	6000000075504979859
Q45457715	6000000075488529715
Q45457762	6000000075610993073
Q45457765	6000000074733666902
Q45457779	6000000075489887048
Q45457824	6000000075504692015
Q45457842	6000000075490514824
Q45457888	6000000075505009883
Q45457906	6000000075489761199
Q45457952	6000000075504927878
Q45457971	6000000075490491858
Q45458015	6000000075505054822
Q45458036	6000000075489899190
Q45458078	6000000075505042841
Q45458099	6000000075490578822
Q45458143	6000000075504864925
Q45458165	6000000075490374947
Q45458225	6000000075490054048
Q45458268	6000000075505013884
Q45458289	6000000075489895165
Q45458330	6000000075505133017
Q45458351	6000000075489906157
Q45458393	6000000075505262864
Q45458413	6000000075490477944
Q45458456	6000000075505417840
Q45458478	6000000075489744234
Q45458520	6000000075505386843
Q45458544	6000000075490351025
Q45458609	6000000075490725823
Q45458646	6000000075610820326
Q45458672	6000000075489952098
Q45458710	6000000075504927137
Q45458734	6000000075490505936
Q45458772	6000000075505107945
Q45458799	6000000075490665888
Q45458836	6000000075611316030
Q45458860	6000000075490624883
Q45458899	6000000075504642224
Q45458923	6000000075489851325
Q45458964	6000000075505240951
Q45458989	6000000075490660866
Q45459026	6000000075505073059
Q4545904	6000000008630269773
Q45459053	6000000075490601893
Q45459098	6000000075505121941
Q454591	6000000021356420990
Q45459117	6000000075489720216
Q4545913	6000000015944652752
Q45459162	6000000075611108164
Q45459181	6000000075488591674
Q45459226	6000000075504685268
Q45459246	6000000075490777823
Q45459288	6000000075611144136
Q45459306	6000000075490515925
Q45459352	6000000075505058611
Q45459371	6000000075490783822
Q45459416	6000000075611083076
Q45459436	6000000075490678852
Q45459480	6000000075506716822
Q45459499	6000000075490029159
Q45459545	6000000040034970628
Q45459546	6000000075505001106
Q45459560	6000000074704297043
Q45459564	6000000075490219119
Q45459610	6000000075611256065
Q45459627	6000000074704579917
Q45459631	6000000075490006218
Q45459675	6000000075610838382
Q45459690	6000000074704274084
Q45459694	6000000075490695862
Q4545973	6000000008630269788
Q45459739	6000000075505316888
Q45459753	6000000074704139203
Q45459757	6000000075490655878
Q45459800	6000000075505259918
Q45459815	6000000074704498910
Q45459819	6000000075490542919
Q45459864	6000000075505322884
Q45459877	6000000074704309029
Q45459881	6000000075490733848
Q45459892	6000000075508745951
Q45459926	6000000075611156108
Q45459939	6000000074704519979
Q45459943	6000000075489906211
Q45459985	6000000074752762985
Q45459988	6000000075503535911
Q45460000	6000000074704686825
Q45460006	6000000075490359978
Q45460051	6000000075503156238
Q45460062	6000000074704680873
Q45460069	6000000075490228068
Q45460115	6000000075504810240
Q45460132	6000000075490323980
Q45460175	6000000075344736845
Q45460178	6000000075504697312
Q45460196	6000000075489950172
Q45460241	6000000075611108183
Q45460260	6000000075490477966
Q454603	6000000013870861259
Q45460304	6000000075505310918
Q45460326	6000000075490777847
Q45460365	6000000075504955210
Q45460387	6000000075490029165
Q45460428	6000000075611008345
Q45460451	6000000075490496930
Q45460491	6000000075505431884
Q45460513	6000000075490654908
Q45460554	6000000075505471822
Q45460583	6000000075490753862
Q45460616	6000000075505307908
Q45460628	6000000074716303241
Q45460646	6000000075490661844
Q45460680	6000000075504976047
Q45460709	6000000075490114069
Q45460715	6000000211119497829
Q45460744	6000000075505390894
Q45460772	6000000075490694897
Q45460808	6000000075505566846
Q45460837	6000000075490764876
Q45460872	6000000075505267982
Q45460882	6000000074716784109
Q454609	6000000014948710778
Q45460901	6000000075490831822
Q45460934	6000000075505033089
Q45460963	6000000075490601935
Q45460996	6000000075505467842
Q45461028	6000000075490550953
Q45461058	6000000075505270998
Q45461066	6000000074717229927
Q45461096	6000000075490407018
Q45461123	6000000075504612304
Q45461160	6000000075490608899
Q45461186	6000000075505079034
Q45461222	6000000075490833824
Q45461248	6000000075505447923
Q45461285	6000000075490624910
Q45461317	6000000075505409927
Q45461324	6000000075490261017
Q45461359	6000000172295038889
Q45461386	6000000075490261022
Q45461448	6000000075490666857
Q45461456	6000000075504388431
Q45461511	6000000075490715913
Q45461521	6000000075505299979
Q45461573	6000000075490856822
Q45461582	6000000075611568888
Q454616	6000000000411468501
Q45461637	6000000075490678881
Q45461647	6000000075611624898
Q45461701	6000000075490546948
Q45461709	6000000075505445902
Q45461764	6000000075490476007
Q45461773	6000000075505065071
Q45461828	6000000075490810841
Q45461834	6000000075505585839
Q45461846	6000000074702682670
Q45461891	6000000075490858834
Q45461897	6000000075611256102
Q45461954	6000000075490756882
Q45461960	6000000075505593837
Q45462019	6000000075490575917
Q45462023	6000000075505601835
Q45462084	6000000075490530940
Q45462086	6000000075505586844
Q4546214	6000000000147298373
Q45462146	6000000075490295199
Q45462149	6000000075505254961
Q45462209	6000000075489711366
Q45462212	6000000075505179175
Q45462269	6000000074716596044
Q45462274	6000000075490477988
Q45462278	6000000075505577853
Q45462306	6000000134860046833
Q45462330	6000000074716562039
Q45462333	6000000075490542938
Q45462338	6000000075505616824
Q45462372	6000000029164271017
Q45462375	6000000075380565821
Q45462393	6000000074716995876
Q45462396	6000000075490764896
Q45462400	6000000075504965149
Q45462456	6000000074716475094
Q45462460	6000000075490872831
Q45462465	6000000075505014113
Q4546247	6000000005442277419
Q45462501	6000000075344672890
Q45462524	6000000075490866840
Q45462528	6000000075504506340
Q45462588	6000000075490898822
Q45462592	6000000075505564859
Q45462624	6000000075489711405
Q45462630	6000000075610580478
Q45462640	6000000075404883364
Q45462685	6000000075490903824
Q45462691	6000000075611472996
Q45462749	6000000075489895266
Q45462755	6000000075610928274
Q45462814	6000000075490693914
Q45462820	6000000075505511870
Q45462876	6000000075490689965
Q45462882	6000000075505573853
Q45462938	6000000075490674914
Q45462944	6000000075505565853
Q45462953	6000000075344650874
Q45463006	6000000075490909894
Q45463009	6000000075505027111
Q45463067	6000000075490940896
Q45463070	6000000075505521889
Q45463130	6000000075490750969
Q45463133	6000000075504960169
Q45463192	6000000075490669026
Q45463194	6000000075505490901
Q45463256	6000000075490624994
Q45463258	6000000075505517882
Q45463317	6000000075490249214
Q45463319	6000000075505600843
Q45463381	6000000075490660091
Q45463383	6000000075504848226
Q45463416	6000000075485146186
Q45463428	6000000075421300991
Q45463442	6000000075490646022
Q45463444	6000000075505600849
Q45463464	6000000074790367391
Q454635	6000000003613801415
Q45463506	6000000075490629035
Q45463569	6000000075491093825
Q45463572	6000000075505319904
Q45463584	6000000075344271027
Q45463631	6000000075490960872
Q45463635	6000000075505580878
Q45463694	6000000075490552124
Q45463697	6000000075505188249
Q45463756	6000000075490922867
Q45463758	6000000075505317972
Q45463821	6000000075489929273
Q45463823	6000000075505424966
Q45463885	6000000075505556887
Q45463887	6000000075491100837
Q454639	6000000078101380840
Q45463949	6000000075505645821
Q45463951	6000000075490839961
Q454640	6000000033892521219
Q45464013	6000000075504642282
Q45464015	6000000075490872908
Q45464075	6000000075505117084
Q45464082	6000000074736081842
Q454641	6000000024803024332
Q45464140	6000000075505557857
Q45464147	6000000075491134822
Q45464182	6000000075506609821
Q45464203	6000000075505138116
Q45464208	6000000074686575151
Q45464264	6000000075505343985
Q45464267	6000000075490823045
Q45464326	6000000075505589864
Q45464330	6000000075491050871
Q45464389	6000000075505017143
Q45464392	6000000075490154317
Q45464452	6000000075505598865
Q45464456	6000000075491125833
Q45464467	6000000074785239318
Q454645	2881232
Q45464515	6000000075505582873
Q45464518	6000000075490451175
Q45464579	6000000075505585851
Q45464581	6000000075491069886
Q45464590	6000000074739564840
Q45464641	6000000075505565857
Q45464643	6000000075491074887
Q45464648	6000000074748500894
Q45464704	6000000075505648840
Q45464705	6000000075490982926
Q45464720	6000000075376972834
Q45464766	6000000075505550852
Q45464767	6000000075490989893
Q45464829	6000000075504884227
Q45464830	6000000075491132845
Q45464835	6000000074748605823
Q45464892	6000000075505589869
Q45464893	6000000075490832014
Q45464953	6000000075504876163
Q45464955	6000000075489488525
Q45464975	6000000074759896965
Q45465081	6000000075505648833
Q45465085	6000000075490949941
Q45465101	6000000074771341848
Q45465142	6000000075505621844
Q45465148	6000000075490625048
Q45465266	6000000075505386951
Q45465275	6000000075490961951
Q45465288	6000000075346098097
Q454653	6000000002760382355
Q45465343	6000000075490512064
Q45465521	6000000075505547870
Q45465534	6000000075490192328
Q45465585	6000000075505014132
Q45465598	6000000075491088863
Q45465649	6000000075505599884
Q45465662	6000000075490800041
Q45465711	6000000075505654823
Q45465734	6000000026592452258
Q45465776	6000000075505533918
Q45465788	6000000075490695096
Q45465839	6000000075505654828
Q45465854	6000000075491060929
Q45465901	6000000075611700851
Q45465917	6000000075491089874
Q45465963	6000000075611435984
Q45466014	6000000074729943865
Q45466030	6000000075504999125
Q45466093	6000000075505555867
Q45466107	6000000075490576033
Q45466158	6000000075505473938
Q45466171	6000000075490857003
Q45466221	6000000075505223038
Q45466235	6000000075491169838
Q45466269	6000000074736538826
Q45466284	6000000075505530909
Q45466347	6000000075611573987
Q45466363	6000000075490933948
Q45466410	6000000075504922169
Q45466426	6000000075490582963
Q45466474	6000000075505491958
Q45466493	6000000074687246932
Q45466539	6000000075505595873
Q45466558	6000000075491193841
Q45466602	6000000075505680847
Q45466665	6000000075505648869
Q45466683	6000000075490935958
Q45466726	6000000075505406997
Q45466788	6000000075505374974
Q45466851	6000000075505533924
Q45466914	6000000075505523888
Q45466938	6000000074687848031
Q45466976	6000000075505683838
Q454670	6000000007181915845
Q45467002	6000000075491197852
Q45467040	6000000075505626838
Q45467101	6000000075505694835
Q45467135	6000000075490903957
Q45467153	6000000075377354822
Q45467166	6000000075505573876
Q45467201	6000000075491015939
Q45467232	6000000075504876176
Q45467297	6000000075505676864
Q45467331	6000000075491132906
Q45467362	6000000075505613918
Q45467397	6000000075491235834
Q45467407	6000000074770324897
Q45467408	6000000075406015090
Q45467425	6000000075504239700
Q45467462	6000000075491249822
Q45467488	6000000075504992247
Q45467527	6000000075485455853
Q45467554	6000000075504745324
Q4546757	6000000070719850162
Q45467593	6000000075490324160
Q45467618	6000000075504864205
Q45467623	6000000075487169436
Q45467659	6000000075490097353
Q45467681	6000000075505379948
Q45467705	6000000075615322884
Q45467723	6000000075490972965
Q45467744	6000000075505657850
Q45467786	6000000075490097342
Q45467809	6000000075505683843
Q45467849	6000000075429131934
Q45467873	6000000075505483931
Q45467875	6000000074770810960
Q45467912	6000000075490512085
Q45467935	6000000075504824296
Q45467973	6000000074688110880
Q45467998	6000000075504525504
Q45468053	6000000074759606985
Q45468103	6000000075491242830
Q45468126	6000000075505467924
Q45468128	6000000074748603828
Q45468192	6000000075505682839
Q45468233	6000000075491228836
Q45468296	6000000075491252838
Q45468319	6000000075505379952
Q4546835	6000000066650810911
Q45468350	6000000075506511861
Q45468376	6000000074735805041
Q45468426	6000000075490350291
Q45468449	6000000075505745822
Q45468512	6000000075505748822
Q45468520	6000000132411504847
Q45468555	6000000075489720488
Q45468576	6000000075505611893
Q45468579	6000000074748497924
Q45468619	6000000075491290822
Q45468641	6000000075505604866
Q45468644	6000000074748391998
Q45468682	6000000075490629119
Q45468709	6000000074748193060
Q45468748	6000000075491302822
Q45468769	6000000075505696855
Q45468813	6000000075490936001
Q45468835	6000000075505687827
Q45468837	6000000074748611833
Q45468875	6000000075491225875
Q45468900	6000000075505181068
Q45468901	6000000074748554862
Q45468963	6000000075505179254
Q45468964	6000000074748425948
Q45469003	6000000075491096937
Q45469028	6000000075505604881
Q45469067	6000000075491092883
Q45469092	6000000075505565914
Q45469132	6000000075491089936
Q45469157	6000000075505648906
Q45469220	6000000075504770468
Q45469284	6000000075505215109
Q45469330	6000000075491121967
Q45469365	6000000075611303194
Q45469398	6000000075490154368
Q45469428	6000000075505373970
Q45469464	6000000075491361822
Q45469475	6000000074748181091
Q45469491	6000000075504810398
Q45469531	6000000075430903878
Q45469540	6000000074748408970
Q45469556	6000000075505514913
Q45469590	6000000074785729016
Q45469591	6000000075491175922
Q45469594	6000000075431148872
Q454696	6000000000478301668
Q45469603	6000000074748376994
Q45469621	6000000075504922196
Q45469656	6000000075491071022
Q45469659	6000000075431249846
Q45469668	6000000074748299076
Q45469687	6000000075504692369
Q45469717	6000000075491252909
Q45469719	6000000075405883933
Q45469724	6000000075430586029
Q45469731	6000000074747813234
Q45469749	6000000075505277033
Q45469788	6000000074736020965
Q45469789	6000000075431324826
Q45469795	6000000074748280101
Q45469813	6000000075505147106
Q45469853	6000000075431269853
Q45469859	6000000074748521913
Q454699	6000000033219252108
Q45469908	6000000075490823155
Q45469916	6000000075430851955
Q45469918	6000000074735625149
Q45469923	6000000074748590905
Q45469941	6000000075505557916
Q45469970	6000000075491060021
Q45469973	6000000075485934922
Q45469977	6000000074711777910
Q45469984	6000000074748209161
Q4547	6000000015086331091
Q454700	6000000022881768734
Q45470003	6000000075505620867
Q45470034	6000000075490653138
Q45470041	6000000075430994883
Q45470049	6000000074748313113
Q45470067	6000000075505724840
Q45470098	6000000075491178931
Q45470106	6000000075423864002
Q45470131	6000000075505479961
Q45470162	6000000075491007981
Q45470169	6000000075431001936
Q45470194	6000000075505486086
Q45470225	6000000075431318828
Q45470229	6000000074748564875
Q45470256	6000000075505223109
Q45470258	6000000075490754202
Q45470291	6000000075430683969
Q45470293	6000000074748009245
Q45470318	6000000075505662880
Q45470320	6000000075490754218
Q45470351	6000000075378386821
Q45470356	6000000075431030895
Q45470358	6000000074748330975
Q45470381	6000000075505774826
Q45470384	6000000075491031960
Q45470417	6000000075431163858
Q45470419	6000000074748273157
Q45470445	6000000075505771822
Q45470447	6000000075491400821
Q45470481	6000000075430232162
Q45470483	6000000074748149114
Q45470507	6000000075505745838
Q45470510	6000000075491369867
Q45470546	6000000074747218752
Q45470547	6000000075431352822
Q45470572	6000000075505415982
Q45470575	6000000075491422823
Q45470610	6000000074748643844
Q45470613	6000000075431326845
Q45470635	6000000075505738828
Q45470638	6000000075491283896
Q45470674	6000000074748302089
Q45470679	6000000075431126887
Q45470698	6000000075505631913
Q45470718	6000000075591219061
Q45470738	6000000074748403017
Q45470744	6000000075430898955
Q45470763	6000000075505579929
Q45470766	6000000075490929107
Q45470807	6000000075430262104
Q45470827	6000000075504228660
Q45470831	6000000075491436834
Q45470872	6000000075431309841
Q45470892	6000000075505400028
Q45470896	6000000075429349959
Q45470905	6000000075060901862
Q45470931	6000000074748600889
Q45470935	6000000075430757970
Q45470955	6000000075505738835
Q45470959	6000000075491339866
Q45470970	6000000075061033837
Q45470986	6000000171767461539
Q45470996	6000000074748562884
Q45471000	6000000075430578054
Q45471019	6000000075505699885
Q45471024	6000000075491417843
Q45471048	6000000171769686837
Q45471058	6000000074748605863
Q45471062	6000000075431365825
Q45471081	6000000075505027191
Q45471087	6000000075491193928
Q45471114	6000000171769599866
Q45471123	6000000074748463971
Q45471127	6000000075431356834
Q45471146	6000000075505711903
Q45471151	6000000075490931037
Q45471178	6000000075327877292
Q45471186	6000000074748427069
Q45471191	6000000075431099903
Q45471210	6000000075505430023
Q45471255	6000000075430482048
Q45471275	6000000075505703869
Q45471338	6000000075505035218
Q45471343	6000000075491363877
Q45471387	6000000075430882966
Q45471402	6000000075505313145
Q45471408	6000000075490512250
Q45471466	6000000057385639343
Q45471482	6000000075060497040
Q45471514	6000000075431284884
Q45471524	6000000057385405501
Q45471530	6000000075491113006
Q45471539	6000000075060587956
Q45471579	6000000075431386822
Q45471587	6000000075504922212
Q45471633	6000000074747930354
Q45471644	6000000075431216890
Q45471653	6000000075504665464
Q45471661	6000000075491114992
Q45471666	6000000075061028838
Q45471696	6000000074748023446
Q45471704	6000000075431395821
Q45471715	6000000075505692894
Q45471724	6000000075491063004
Q45471760	6000000074748603926
Q45471768	6000000075431398822
Q45471777	6000000075505582923
Q45471810	6000000075394168719
Q45471822	6000000074748512004
Q45471832	6000000075430912913
Q45471841	6000000057386084873
Q45471849	6000000075491114997
Q45471872	6000000074759754060
Q45471887	6000000074748116307
Q45471897	6000000075431067834
Q45471904	6000000075505574944
Q45471912	6000000075491243909
Q45471921	6000000074715405833
Q45471935	6000000074760023914
Q45471948	6000000074748416077
Q45471959	6000000075431160942
Q45471967	6000000075505584933
Q45471968	6000000032130393834
Q45471975	6000000075491302882
Q45472012	6000000074748272087
Q45472024	6000000075431176903
Q45472032	6000000075505391042
Q45472039	6000000075491467822
Q45472074	6000000074748721883
Q45472086	6000000075430463103
Q45472095	6000000075505439029
Q45472102	6000000075491264947
Q45472105	6000000075507283035
Q45472139	6000000074748654934
Q45472151	6000000075431313880
Q45472159	6000000075505631919
Q45472166	6000000075490959059
Q45472202	6000000074747930375
Q45472215	6000000075431126907
Q45472222	6000000075505611915
Q45472267	6000000074748744840
Q45472280	6000000075431090879
Q45472287	6000000075505117172
Q45472295	6000000075491306905
Q45472352	6000000075505816822
Q45472358	6000000075491115963
Q45472396	6000000074748710857
Q45472409	6000000075431366838
Q45472416	6000000075505787843
Q45472423	6000000075491472824
Q45472460	6000000074748542000
Q45472473	6000000075431198889
Q45472480	6000000075505813835
Q45472487	6000000075489720460
Q45472525	6000000074748186249
Q45472538	6000000075431263869
Q45472546	6000000075505611924
Q45472553	6000000075490995948
Q45472590	6000000074748150241
Q45472603	6000000075431363881
Q45472609	6000000075505304066
Q45472617	6000000074725974881
Q45472654	6000000074748736845
Q45472667	6000000075431066902
Q45472681	6000000075491210955
Q45472718	6000000074747813302
Q45472733	6000000075431182904
Q45472738	6000000075505734863
Q45472746	6000000075491270948
Q45472782	6000000074748618947
Q45472798	6000000075431174928
Q45472802	6000000075505745880
Q45472811	6000000075490192457
Q45472846	6000000074748627939
Q45472861	6000000075431130923
Q45472864	6000000075611875879
Q45472873	6000000075491218964
Q45472894	6000000074712069127
Q45472911	6000000074748353210
Q45472928	6000000075430720039
Q45472929	6000000075611319174
Q45472962	6000000075405387259
Q45472975	6000000074748682844
Q45472992	6000000075611292281
Q45472994	6000000075431168916
Q45473036	6000000074748297111
Q45473055	6000000075611939827
Q45473057	6000000075430883004
Q45473060	6000000030425615131
Q45473068	6000000075491070014
Q45473099	6000000074748058317
Q45473118	6000000075505496967
Q45473120	6000000075431425876
Q45473129	6000000075489996637
Q45473161	6000000074748684910
Q45473180	6000000075505683922
Q45473184	6000000075430532981
Q45473187	6000000075503625839
Q45473192	6000000075491506823
Q45473224	6000000074748529063
Q45473245	6000000075505748854
Q45473248	6000000075431446836
Q45473257	6000000075490291220
Q45473287	6000000074748694875
Q45473312	6000000075430899025
Q45473320	6000000075491433856
Q45473351	6000000074748617947
Q45473373	6000000075505430027
Q45473376	6000000075431472836
Q45473387	6000000075491292967
Q45473406	6000000075379141821
Q45473415	6000000074748665896
Q45473417	6000000075420214914
Q45473441	6000000075431277901
Q45473478	6000000074748434114
Q45473503	6000000075431316913
Q45473513	6000000075491172000
Q45473534	6000000075505278141
Q45473549	6000000075429923293
Q45473553	6000000074747863410
Q45473561	6000000075429165940
Q45473595	6000000075504826386
Q45473614	6000000075430646048
Q45473616	6000000074748023467
Q45473623	6000000075490755217
Q45473638	6000000074746497174
Q45473661	6000000075504447621
Q45473679	6000000075430413101
Q45473681	6000000074748748847
Q45473725	6000000075505649865
Q45473743	6000000075430878991
Q45473745	6000000074748200167
Q45473753	6000000075490261425
Q45473788	6000000075505805835
Q45473807	6000000075431533827
Q45473808	6000000074748722903
Q45473816	6000000075491401904
Q45473852	6000000075505829822
Q45473871	6000000075430310237
Q45473872	6000000074748761843
Q45473906	6000000074745538614
Q45473913	6000000075504640503
Q45473933	6000000075430881984
Q45473934	6000000074747813357
Q45473940	6000000075491457876
Q45473967	6000000074746470906
Q45473973	6000000075505636910
Q45473978	6000000075401087177
Q45473994	6000000075431506850
Q45473996	6000000075605420245
Q45474000	6000000074748789821
Q45474001	6000000075491210995
Q45474036	6000000075505589940
Q45474056	6000000075431299912
Q45474056	6000000075431485893
Q45474058	6000000075503738844
Q45474062	6000000074748643975
Q45474063	6000000075491377892
Q45474096	6000000075505699948
Q45474116	6000000075430888986
Q45474116	6000000075431485888
Q45474122	6000000074748667958
Q45474123	6000000075491425870
Q45474158	6000000075505805852
Q45474175	6000000075431022020
Q45474182	6000000074748605916
Q45474234	6000000075430949040
Q45474240	6000000074748645869
Q45474278	6000000075505835834
Q45474297	6000000075421369857
Q45474297	6000000075431562830
Q45474304	6000000074748730862
Q45474307	6000000030425093503
Q45474309	6000000075490931087
Q45474356	6000000075419900596
Q45474356	6000000075431566822
Q45474358	6000000074748597993
Q45474379	6000000074770504136
Q45474395	6000000075431443910
Q45474415	6000000075505463918
Q45474416	6000000075491476856
Q45474421	6000000074748789826
Q45474457	6000000075430455192
Q45474469	6000000075507089822
Q45474479	6000000075505463935
Q45474481	6000000075490983108
Q45474486	6000000074748193188
Q45474505	6000000074739716878
Q45474521	6000000075431045016
Q45474544	6000000075490968063
Q45474549	6000000075505411962
Q45474550	6000000074748736854
Q45474586	6000000075429564379
Q45474611	6000000074688092884
Q45474613	6000000075505830848
Q45474614	6000000074748779824
Q4547462	6000000007905049854
Q45474651	6000000075431568834
Q45474675	6000000074745497853
Q45474678	6000000074748801821
Q45474710	6000000075504756925
Q45474713	6000000075431288923
Q45474740	6000000075491520841
Q45474742	6000000075507021833
Q45474743	6000000074748365141
Q45474767	6000000011336088654
Q45474776	6000000075431411915
Q45474804	6000000075491513836
Q45474806	6000000075505690942
Q45474807	6000000074748803821
Q45474839	6000000075431156896
Q45474847	6000000075505983932
Q45474861	6000000019154110884
Q45474866	6000000075505426985
Q45474867	6000000074748766858
Q45474904	6000000075431470850
Q45474930	6000000074748746870
Q45474931	6000000075505573993
Q45474936	6000000075490237464
Q45474970	6000000075431558825
Q45474995	6000000074748205304
Q45474996	6000000075505813857
Q45475035	6000000075431136023
Q45475058	6000000074748311271
Q45475059	6000000075505683952
Q45475068	6000000075490685113
Q45475098	6000000075430985029
Q45475122	6000000074748595037
Q45475123	6000000075505301098
Q45475141	6000000075491420926
Q45475161	6000000075431542850
Q45475184	6000000074748081373
Q45475185	6000000075505760878
Q45475205	6000000075491514848
Q45475227	6000000075429924338
Q45475247	6000000074748515974
Q45475248	6000000075505621962
Q45475269	6000000075491200075
Q45475290	6000000075431618827
Q45475311	6000000074748412122
Q45475312	6000000075505668891
Q45475332	6000000075491199990
Q45475358	6000000074704009827
Q45475375	6000000074748302173
Q45475395	6000000075490603311
Q45475440	6000000074748795825
Q45475441	6000000075505381074
Q45475460	6000000075491578834
Q45475487	6000000075431288928
Q45475504	6000000074748514042
Q45475505	6000000075505764866
Q45475527	6000000075490968102
Q45475550	6000000075431642822
Q45475568	6000000074748681914
Q45475569	6000000054762139822
Q45475592	6000000075491167980
Q45475615	6000000074727205374
Q45475633	6000000074748463033
Q45475656	6000000075491538854
Q45475678	6000000075431644822
Q45475696	6000000074748081377
Q45475698	6000000054755724837
Q45475698	6000000075505439039
Q45475719	6000000075490261480
Q45475743	6000000075431052978
Q45475759	6000000074748504048
Q45475761	6000000075504228749
Q45475782	6000000075491229989
Q454758	6000000141042533849
Q45475803	6000000075430597083
Q45475820	6000000074748659934
Q45475823	6000000075505668898
Q45475849	6000000075491153983
Q45475866	6000000075431367953
Q45475884	6000000074748665915
Q45475887	6000000075505626942
Q45475914	6000000075491318926
Q45475930	6000000074735898919
Q45475946	6000000074748649941
Q45475948	6000000054751696828
Q45475948	6000000075611358165
Q45475981	6000000075490515309
Q45475993	6000000075431093999
Q45476	6000000018843800705
Q45476009	6000000075061108830
Q45476010	6000000074732930895
Q45476046	6000000075491442896
Q45476056	6000000075431547850
Q45476074	6000000074733038839
Q45476076	6000000075505300119
Q45476113	6000000075491276045
Q45476114	6000000075646168331
Q45476119	6000000075431502864
Q45476137	6000000074733009831
Q45476139	6000000075504855451
Q45476175	6000000075491764833
Q45476184	6000000075430791103
Q45476200	6000000074732936880
Q45476202	6000000075505764875
Q45476240	6000000075491296023
Q45476249	6000000075431354948
Q45476264	6000000074732354192
Q45476266	6000000075505773881
Q45476306	6000000074688315003
Q45476313	6000000075431642829
Q45476327	6000000074732395107
Q45476329	6000000075505889830
Q45476373	6000000075491583869
Q45476378	6000000075431322949
Q45476392	6000000074732426135
Q45476394	6000000075505841872
Q45476435	6000000075491196061
Q45476444	6000000075431073920
Q45476457	6000000074733059827
Q45476458	6000000075505181144
Q45476499	6000000075491143157
Q454765	6000000006145496281
Q45476510	6000000075431456912
Q45476521	6000000074732988880
Q45476522	6000000075506496866
Q45476562	6000000075491226064
Q45476574	6000000075430740045
Q45476583	6000000074734493938
Q45476584	6000000075505904843
Q45476627	6000000075490932176
Q45476638	6000000075431597847
Q45476647	6000000074734747839
Q45476698	6000000075491745862
Q45476702	6000000075431494894
Q45476711	6000000074734461927
Q45476712	6000000075505400091
Q45476762	6000000075491334034
Q45476768	6000000075431612838
Q45476774	6000000074734574885
Q45476785	6000000075505380070
Q45476813	6000000074758776707
Q45476828	6000000075491697876
Q45476829	6000000075430899084
Q45476837	6000000074734453946
Q45476893	6000000075431602851
Q45476896	6000000075491074202
Q45476901	6000000074734372052
Q45476916	6000000075505636949
Q45476936	6000000029594986914
Q45476954	6000000075430413153
Q45476957	6000000075491493033
Q45476962	6000000074734538923
Q45476977	6000000075504924325
Q45476999	6000000029594205690
Q454770	6000000056856619849
Q45477004	6000000074749747905
Q45477018	6000000075431374923
Q45477024	6000000075491836822
Q45477027	6000000074734712836
Q45477041	6000000075612017855
Q45477083	6000000075431499897
Q45477089	6000000075491634882
Q45477090	6000000074734270998
Q45477129	6000000074749223838
Q45477147	6000000075431367977
Q45477152	6000000074734649858
Q45477153	6000000074687882020
Q45477166	6000000196896872825
Q45477168	6000000075505300127
Q45477212	6000000074734375952
Q45477218	6000000075491537954
Q45477230	6000000075505668920
Q45477276	6000000074734597896
Q45477285	6000000075491799858
Q45477294	6000000075505711934
Q45477338	6000000074734387956
Q45477349	6000000075430257991
Q45477354	6000000075491824836
Q45477358	6000000075505701961
Q45477402	6000000074734728822
Q45477414	6000000075431444908
Q45477419	6000000075491361042
Q45477422	6000000075503954833
Q45477470	6000000074734739823
Q45477480	6000000075431399925
Q45477486	6000000075491351037
Q45477487	6000000075503800884
Q45477534	6000000074734712840
Q45477545	6000000075481052849
Q45477550	6000000075505938822
Q45477552	6000000075062220890
Q45477597	6000000074734496944
Q45477610	6000000075481119839
Q45477614	6000000075505772901
Q45477663	6000000074734434947
Q45477676	6000000075480437295
Q45477679	6000000075505919834
Q45477683	6000000075491777862
Q45477727	6000000074733467326
Q45477741	6000000075480905926
Q45477744	6000000075505884845
Q45477752	6000000075491200154
Q45477792	6000000074734558887
Q45477804	6000000075431275927
Q45477808	6000000075505803917
Q45477817	6000000074688386032
Q45477859	6000000074734693840
Q45477871	6000000075481031907
Q45477874	6000000075505430078
Q45477886	6000000075491581950
Q45477922	6000000074734224071
Q45477936	6000000075431458856
Q45477937	6000000075505277086
Q45477951	6000000075491752879
Q45477989	6000000074733633195
Q45478002	6000000075430683183
Q45478004	6000000075505792914
Q45478022	6000000075491717873
Q45478052	6000000074734731834
Q45478066	6000000075481077874
Q45478068	6000000075505738984
Q45478092	6000000075491607938
Q45478115	6000000074734742822
Q45478131	6000000075480972914
Q45478132	6000000075505391116
Q45478159	6000000075491231143
Q45478191	6000000075481031924
Q45478197	6000000075612030844
Q454782	6000000011862517297
Q45478229	6000000075491902822
Q45478257	6000000075481070885
Q45478265	6000000075505254273
Q45478275	6000000074790972925
Q45478299	6000000074688195929
Q45478320	6000000075481098882
Q45478327	6000000075505531044
Q45478337	6000000075060579046
Q45478386	6000000075480703195
Q45478393	6000000075505592033
Q45478416	6000000074758019828
Q45478434	6000000075491875841
Q45478451	6000000075481065853
Q45478457	6000000075505566022
Q45478468	6000000075060641987
Q45478504	6000000075491684946
Q45478517	6000000075480243252
Q45478523	6000000075505967822
Q45478570	6000000075491652962
Q45478580	6000000075480210523
Q45478587	6000000075505190165
Q45478609	6000000075337942871
Q45478637	6000000075491741898
Q45478648	6000000075481110863
Q45478650	6000000075505734918
Q45478702	6000000075491503991
Q45478713	6000000075505873862
Q45478715	6000000075480914943
Q45478768	6000000075491452063
Q45478777	6000000075505764909
Q45478779	6000000075480713093
Q45478788	6000000075414444026
Q45478808	6000000075505995822
Q45478837	6000000075491351043
Q45478843	6000000075505215239
Q45478845	6000000075481040906
Q45478871	6000000075505924864
Q454789	6000000015280523463
Q45478904	6000000075490116783
Q45478907	6000000075505968823
Q45478910	6000000075480174450
Q45478935	6000000075504703584
Q45478969	6000000075504848337
Q45478971	6000000075491621983
Q45478974	6000000075481083884
Q45479034	6000000075505190175
Q45479038	6000000075480953954
Q45479041	6000000075491821861
Q45479097	6000000075505427040
Q45479101	6000000075480630097
Q45479161	6000000075505961836
Q45479165	6000000075480043346
Q45479174	6000000075491406123
Q45479188	6000000074758909667
Q454792	6000000024462335922
Q45479226	6000000075505776949
Q45479230	6000000075481194823
Q45479242	6000000075491493073
Q45479291	6000000075505779035
Q45479295	6000000075481200822
Q45479312	6000000075491491976
Q45479355	6000000075505838892
Q45479364	6000000075480889064
Q45479379	6000000075491898848
Q45479421	6000000075505866918
Q45479429	6000000075481155856
Q45479457	6000000074705464854
Q45479485	6000000075504447739
Q45479493	6000000075480922911
Q45479510	6000000075491385105
Q45479546	6000000075505896849
Q45479556	6000000075480979978
Q45479577	6000000075491774920
Q45479580	6000000075505486283
Q45479611	6000000075505780892
Q45479622	6000000074791561047
Q45479630	6000000075481205822
Q45479645	6000000075490966355
Q45479674	6000000075505483116
Q45479693	6000000075480793048
Q45479711	6000000074688115964
Q45479739	6000000075505277109
Q45479756	6000000075481162856
Q45479767	6000000074739833821
Q45479777	6000000074687888072
Q45479802	6000000075505589068
Q45479819	6000000075481183856
Q45479831	6000000074739776832
Q45479844	6000000075491437030
Q45479865	6000000074789583979
Q45479874	6000000075505776963
Q45479885	6000000075480959967
Q45479912	6000000075491799968
Q45479937	6000000075505883915
Q45479949	6000000075479989661
Q45479976	6000000075491810855
Q45480002	6000000075505439102
Q45480012	6000000075481163840
Q45480016	6000000074790756136
Q45480041	6000000075491860873
Q45480067	6000000075505907841
Q45480069	6000000075060989896
Q45480081	6000000075480174471
Q45480093	6000000075505739042
Q45480105	6000000075491782950
Q45480130	6000000075505982824
Q45480132	6000000075061186823
Q45480145	6000000075480399346
Q45480169	6000000075491379909
Q45480193	6000000075505939856
Q45480195	6000000075060286081
Q45480207	6000000075481186864
Q45480214	6000000075337793842
Q45480236	6000000075490966366
Q45480258	6000000075504644524
Q45480260	6000000075061126847
Q45480271	6000000075422923053
Q45480302	6000000075491893858
Q45480338	6000000075481107908
Q45480365	6000000075491682924
Q45480386	6000000075504497666
Q45480388	6000000075060943917
Q45480401	6000000075423218930
Q45480465	6000000075479770699
Q45480490	6000000075491997837
Q45480515	6000000075061052855
Q45480531	6000000075480569172
Q45480554	6000000075491642954
Q45480577	6000000075505464047
Q45480595	6000000075480686283
Q45480619	6000000075491921881
Q45480642	6000000075505714933
Q45480643	6000000075061165851
Q45480658	6000000075480049493
Q45480705	6000000075505935843
Q45480721	6000000075480903980
Q45480730	6000000074768825122
Q45480746	6000000075492018826
Q45480771	6000000075605864153
Q45480784	6000000075481154858
Q45480793	6000000074770370946
Q45480833	6000000075505835967
Q45480847	6000000075481209842
Q45480874	6000000075491797890
Q45480896	6000000075505190197
Q45480911	6000000075480242432
Q45480921	6000000074770563858
Q45480959	6000000075061142835
Q45480961	6000000075505804938
Q45480974	6000000075481051889
Q45481001	6000000074749986905
Q45481024	6000000075060735963
Q45481025	6000000075505464052
Q45481038	6000000075480869975
Q45481069	6000000075491666997
Q45481088	6000000075612150822
Q45481102	6000000075480590160
Q45481132	6000000075491686892
Q45481152	6000000075505811935
Q45481170	6000000075480317390
Q45481196	6000000075492009830
Q45481215	6000000075505986833
Q45481254	6000000075506549854
Q45481261	6000000075491716004
Q45481298	6000000075481168868
Q45481318	6000000075506395003
Q45481340	6000000075505707993
Q45481362	6000000075480927968
Q45481382	6000000075504808917
Q45481406	6000000075505360175
Q45481425	6000000075481160877
Q45481445	6000000075506481906
Q45481468	6000000075505903917
Q45481492	6000000075481164872
Q45481510	6000000075506022132
Q45481518	6000000075491516994
Q45481533	6000000075505829930
Q45481559	6000000075481192831
Q45481575	6000000075506232052
Q45481584	6000000075492037826
Q45481596	6000000075505941878
Q45481622	6000000075480775070
Q45481639	6000000075506180124
Q45481639	6000000075506254012
Q45481651	6000000075491424123
Q45481663	6000000075505531089
Q45481689	6000000075480558380
Q45481705	6000000075506545881
Q45481725	6000000075504898495
Q45481751	6000000075481047956
Q45481769	6000000075506423895
Q45481780	6000000075491923850
Q45481791	6000000075505754957
Q45481815	6000000075481152843
Q45481832	6000000075506298984
Q45481856	6000000075505799953
Q45481874	6000000075398763071
Q45481881	6000000075480875074
Q45481896	6000000075506143070
Q454819	6000000042470197559
Q45481913	6000000075491550983
Q45481922	6000000075505961877
Q45481946	6000000075481241826
Q45481960	6000000075506424942
Q45481977	6000000075491878878
Q45481991	6000000075505876915
Q45482023	6000000075505303529
Q45482041	6000000074750015876
Q45482080	6000000075480398381
Q45482087	6000000075506559838
Q45482103	6000000074749986909
Q45482114	6000000075506003870
Q45482144	6000000018360418464
Q45482150	6000000075506582824
Q45482175	6000000075060331117
Q45482178	6000000075505254330
Q45482211	6000000075481112908
Q45482217	6000000075505933188
Q45482235	6000000075491586127
Q45482245	6000000075505807952
Q45482274	6000000075480695276
Q45482299	6000000075491990865
Q45482310	6000000075505595020
Q45482325	6000000074753020832
Q45482339	6000000075481231846
Q45482364	6000000075491477070
Q45482375	6000000075612085890
Q45482389	6000000074752714006
Q45482403	6000000075480245449
Q45482405	6000000075506395947
Q45482426	6000000075492005829
Q45482436	6000000075505772954
Q45482465	6000000074747007900
Q45482469	6000000075480875081
Q45482490	6000000075491453071
Q45482495	6000000075060943924
Q45482500	6000000075505381115
Q45482512	6000000075346470983
Q45482531	6000000075481240845
Q45482553	6000000075491800943
Q45482564	6000000075506048822
Q45482595	6000000075480558394
Q45482599	6000000075506298988
Q45482618	6000000075491968898
Q45482628	6000000075505600994
Q45482660	6000000075481058981
Q45482662	6000000075506572861
Q45482681	6000000075491777939
Q45482691	6000000075505904913
Q45482724	6000000075481173877
Q45482743	6000000074688238152
Q45482748	6000000075060804983
Q45482784	6000000075480915011
Q45482817	6000000075505764947
Q45482850	6000000075480910015
Q45482870	6000000075492107822
Q45482880	6000000075611125374
Q45482912	6000000075480288341
Q45482932	6000000075491517017
Q45482943	6000000075505753985
Q45482975	6000000075481248835
Q45482977	6000000075506644822
Q45482998	6000000075492107827
Q45483009	6000000075505058283
Q45483040	6000000075481205845
Q45483043	6000000075505058576
Q45483059	6000000075490097772
Q45483073	6000000075505818969
Q45483107	6000000075506303012
Q45483108	6000000075480894035
Q45483123	6000000075491556032
Q45483129	6000000075060682991
Q45483170	6000000075505989146
Q45483171	6000000075481035966
Q45483183	6000000075346122997
Q45483186	6000000075492074839
Q45483198	6000000075504686458
Q45483232	6000000075506596852
Q45483234	6000000075480871104
Q45483252	6000000075426591888
Q45483257	6000000075061250823
Q45483262	6000000075611532225
Q45483295	6000000075506130003
Q45483297	6000000075480390412
Q45483317	6000000075491667061
Q45483324	6000000075505794934
Q45483357	6000000075506432924
Q45483362	6000000075480875086
Q45483382	6000000075491879926
Q45483388	6000000075505404164
Q45483428	6000000075480557326
Q45483446	6000000075491517042
Q45483453	6000000075505273284
Q45483485	6000000075506592828
Q45483490	6000000075481217883
Q45483509	6000000075492140821
Q45483510	6000000075061147906
Q45483515	6000000075505991852
Q45483548	6000000075506211063
Q45483554	6000000075480043398
Q45483575	6000000075491882916
Q45483579	6000000075506060826
Q454836	6000000086217490063
Q45483613	6000000075506272941
Q45483617	6000000075480959983
Q45483643	6000000075492103868
Q45483645	6000000075505380139
Q45483677	6000000075506253966
Q45483680	6000000075480210607
Q45483708	6000000075491976902
Q45483743	6000000075481276823
Q45483772	6000000075505592062
Q45483775	6000000075491943873
Q45483810	6000000075481196883
Q45483827	6000000075061255824
Q45483837	6000000075505967853
Q45483841	6000000075492144855
Q45483873	6000000075481136925
Q45483889	6000000075060724009
Q45483899	6000000075506053825
Q45483906	6000000075492178831
Q45483936	6000000075481106921
Q45483963	6000000075506060831
Q45483972	6000000075492022878
Q454840	6000000000538229178
Q45484001	6000000075481147868
Q45484016	6000000075059969265
Q45484027	6000000075505990894
Q45484036	6000000075492061845
Q45484049	6000000075397123207
Q45484066	6000000075480590195
Q45484079	6000000075060298145
Q45484091	6000000075505897932
Q45484101	6000000075492195828
Q45484125	6000000075506546891
Q45484129	6000000075481275828
Q45484151	6000000075505857955
Q45484163	6000000075491996915
Q45484193	6000000075480174520
Q45484216	6000000075505680012
Q45484223	6000000074734552851
Q45484227	6000000075491355093
Q45484254	6000000075506592845
Q45484257	6000000075480768121
Q45484271	6000000075060761975
Q45484280	6000000075505637037
Q45484288	6000000074734418949
Q45484293	6000000075491680039
Q454843	6000000000197753092
Q45484317	6000000075505614469
Q45484321	6000000075481117932
Q45484340	6000000019060325386
Q45484346	6000000075505682106
Q45484354	6000000074734655833
Q45484362	6000000075492021995
Q45484383	6000000075505122411
Q45484386	6000000075480315392
Q45484421	6000000074734192992
Q45484431	6000000075492178864
Q45484450	6000000075481271851
Q45484494	6000000075492164852
Q454845	5044760014720111254
Q45484511	6000000075480853186
Q45484537	6000000075505574095
Q45484559	6000000075491582082
Q45484578	6000000075481200912
Q45484601	6000000075505974860
Q45484626	6000000075492265821
Q45484641	6000000075481232896
Q45484652	6000000045295934930
Q45484663	6000000075505439195
Q45484690	6000000075491898053
Q45484705	6000000075506526851
Q45484708	6000000075480875124
Q45484716	6000000045295765114
Q45484728	6000000075505892897
Q45484759	6000000075492087884
Q45484768	6000000075506549859
Q45484772	6000000075481273834
Q45484779	6000000074792951876
Q45484792	6000000075505967862
Q45484826	6000000075492259873
Q45484833	6000000075506169025
Q45484836	6000000075480908026
Q45484859	6000000075505989856
Q45484890	6000000075491976945
Q45484898	6000000075506591849
Q45484901	6000000075480686326
Q45484915	6000000075061270830
Q45484921	6000000075506028899
Q45484954	6000000074688449921
Q45484962	6000000075505874239
Q45484965	6000000075481119939
Q45484970	6000000041761183519
Q45484987	6000000075506061834
Q45485014	6000000074749743901
Q45485022	6000000075491767999
Q45485029	6000000075481183909
Q45485031	6000000075506424961
Q45485052	6000000075505783979
Q45485087	6000000038201141590
Q45485095	6000000075506410960
Q45485096	6000000075481191892
Q454851	6000000001380147514
Q45485119	6000000075505967866
Q45485152	6000000019314759238
Q45485161	6000000075480628228
Q45485216	6000000075492254850
Q45485225	6000000075480973007
Q45485232	6000000045295400915
Q45485232	6000000074792862886
Q45485245	6000000075506009858
Q45485261	6000000074770948925
Q45485281	6000000074686885683
Q45485290	6000000075480679221
Q45485298	6000000074792906946
Q45485304	6000000075061273825
Q45485310	6000000075505399112
Q45485345	6000000074688042902
Q45485355	6000000075480791122
Q45485375	6000000075611902028
Q45485408	6000000074687877837
Q45485419	6000000075481140906
Q45485438	6000000075612260834
Q45485476	6000000074687269240
Q45485482	6000000075481070019
Q45485501	6000000075505570173
Q45485509	6000000074734555840
Q45485539	6000000075492192887
Q45485549	6000000075479839674
Q45485560	6000000075061071915
Q45485567	6000000075506098822
Q45485574	6000000074734567836
Q45485590	6000000075345377821
Q45485603	6000000075491669066
Q45485629	6000000075505884001
Q45485638	6000000074732500795
Q45485670	6000000074688076903
Q45485676	6000000139244248891
Q45485677	6000000075481021983
Q45485693	6000000075506018845
Q45485716	6000000074730706821
Q45485736	6000000074688054893
Q45485742	6000000075480922005
Q45485750	6000000075060748041
Q45485756	6000000075505611098
Q45485801	6000000012666434810
Q45485806	6000000075481190928
Q45485819	6000000075504692543
Q45485825	6000000074734221969
Q45485864	6000000074687836962
Q45485868	6000000075481106969
Q45485883	6000000075505998887
Q45485890	6000000074734561848
Q45485933	6000000075480862035
Q45485934	6000000074687552153
Q45485936	6000000075504739994
Q45485947	6000000075506048898
Q45485954	6000000074734446905
Q45485995	6000000075481291850
Q45486001	6000000038201171354
Q45486010	6000000075506044880
Q45486018	6000000074734418927
Q45486060	6000000075481215921
Q45486066	6000000038201113489
Q45486071	6000000075060904037
Q45486075	6000000075505988883
Q45486116	6000000074726024103
Q45486123	6000000075481047985
Q45486128	6000000074687743006
Q45486137	6000000075505688025
Q45486194	6000000074687796016
Q45486201	6000000075505273304
Q45486247	6000000075481304845
Q45486256	6000000075491493189
Q45486264	6000000075505611094
Q45486311	6000000075481112947
Q45486319	6000000075492192893
Q45486329	6000000075505782993
Q45486374	6000000075481315829
Q45486381	6000000075492052952
Q45486385	6000000075061027942
Q45486391	6000000075505313275
Q45486411	6000000075345138859
Q45486437	6000000075481123945
Q45486444	6000000075491265296
Q45486453	6000000075505891951
Q45486462	6000000074734534858
Q45486500	6000000075480703306
Q45486507	6000000075492070925
Q45486513	6000000075061179857
Q45486516	6000000075506003933
Q45486564	6000000075481319828
Q45486574	6000000075492262856
Q45486581	6000000075506032876
Q45486629	6000000075506395921
Q45486631	6000000075481074000
Q45486638	6000000075492310823
Q45486642	6000000075061164884
Q45486643	6000000215945090852
Q45486645	6000000075506032881
Q45486684	6000000074726402839
Q45486693	6000000075481085946
Q45486707	6000000075505612098
Q45486710	6000000074687381284
Q45486760	6000000075481213865
Q45486770	6000000075505891957
Q45486775	6000000074687904827
Q45486779	6000000074734408878
Q45486825	6000000075481281845
Q45486838	6000000075505950907
Q45486844	6000000075492137928
Q45486846	6000000074734602842
Q45486891	6000000075481229858
Q45486901	6000000075505784011
Q45486907	6000000075492279877
Q45486914	6000000074767507896
Q45486955	6000000075481276893
Q45486964	6000000057385729614
Q45486971	6000000075492186897
Q454870	6000000015771668188
Q45487020	6000000075481297836
Q45487028	6000000057386608873
Q45487037	6000000075491920037
Q45487081	6000000075480822187
Q45487091	6000000057386555928
Q45487097	6000000074738335821
Q45487103	6000000075492246887
Q45487145	6000000075481199906
Q45487154	6000000057386331189
Q45487161	6000000074725796858
Q45487169	6000000075492256840
Q45487201	6000000074690945243
Q45487208	6000000075480954057
Q45487215	6000000075506119826
Q45487223	6000000074725509204
Q45487233	6000000075491551068
Q45487266	6000000075613623852
Q45487281	6000000075506002917
Q45487288	6000000074725514155
Q45487296	6000000075492178913
Q45487337	6000000075481138936
Q45487345	6000000075612213864
Q45487352	6000000074725225527
Q45487366	6000000075491867026
Q45487402	6000000075480592325
Q45487409	6000000075506062890
Q45487417	6000000074725471263
Q45487432	6000000075492122974
Q45487466	6000000075481351826
Q45487472	6000000075505595099
Q45487481	6000000074725351421
Q45487497	6000000074688178833
Q45487530	6000000075480434323
Q45487537	6000000075504880581
Q45487546	6000000074725395379
Q45487563	6000000075492106955
Q45487592	6000000075480398432
Q45487601	6000000075505853004
Q45487631	6000000019314735264
Q45487656	6000000075480174574
Q45487667	6000000075505407225
Q45487684	6000000074759720847
Q45487697	6000000075492098917
Q45487719	6000000075480424324
Q45487730	6000000075504988464
Q45487765	6000000075491682121
Q45487785	6000000075480592331
Q45487795	6000000075506101852
Q45487829	6000000075492028911
Q45487847	6000000074687376821
Q45487857	6000000075505904971
Q45487874	6000000075346620876
Q45487894	6000000075491643091
Q45487918	6000000075481242940
Q45487922	6000000075061224839
Q45487923	6000000075506111851
Q45487941	6000000075346665855
Q45487961	6000000075492377838
Q45487983	6000000020239757492
Q45487985	6000000075481245901
Q45487987	6000000075506071863
Q45488004	6000000075405021912
Q45488029	6000000074687898832
Q45488049	6000000075480557362
Q45488051	6000000075504880598
Q45488095	6000000075491996953
Q45488112	6000000075480686375
Q45488114	6000000075504999327
Q45488162	6000000075491801060
Q45488178	6000000075612237884
Q45488179	6000000075481281866
Q45488230	6000000074687900897
Q45488242	6000000075481381843
Q45488293	6000000075491585235
Q45488305	6000000075612246884
Q45488306	6000000075480627279
Q45488357	6000000075491977979
Q45488369	6000000075481373826
Q45488423	6000000075492323901
Q45488431	6000000075611979047
Q45488433	6000000075480964021
Q45488490	6000000075492319870
Q45488494	6000000075612361828
Q45488496	6000000075481270896
Q454885	5466013598170105926
Q45488553	6000000075492279913
Q45488558	6000000075612284891
Q45488559	6000000075481020010
Q45488621	6000000075492150911
Q45488625	6000000075481199919
Q45488628	6000000075505897968
Q45488684	6000000074686916587
Q45488689	6000000075480862077
Q45488692	6000000075505855000
Q45488749	6000000075492261884
Q45488753	6000000075481296849
Q45488756	6000000075506073905
Q45488814	6000000075491237279
Q45488815	6000000075480017590
Q45488878	6000000075492298866
Q45488879	6000000075481265913
Q45488883	6000000075611364418
Q45488890	6000000074791894826
Q45488941	6000000075492106968
Q45488942	6000000075481248910
Q45488947	6000000075505732988
Q45488961	6000000074731193919
Q45489007	6000000075481271903
Q45489009	6000000074688153832
Q45489018	6000000075506034914
Q45489070	6000000075480277606
Q45489074	6000000075060071940
Q45489135	6000000075481154959
Q45489140	6000000075491899062
Q45489146	6000000075505517131
Q45489199	6000000075480532362
Q45489205	6000000074687355252
Q45489211	6000000075505617158
Q45489265	6000000075610802821
Q45489266	6000000075481032043
Q45489272	6000000075492406822
Q45489275	6000000075612306921
Q45489328	6000000075481396832
Q45489334	6000000075492028925
Q45489338	6000000075506166828
Q45489394	6000000075481171964
Q45489400	6000000075491662201
Q45489403	6000000075506109860
Q45489415	6000000071224686866
Q45489457	6000000075481418827
Q45489465	6000000075491454227
Q45489467	6000000075612287920
Q45489473	6000000029594858129
Q45489522	6000000075481297865
Q45489531	6000000074688147840
Q45489532	6000000075506161826
Q45489539	6000000074760023907
Q45489585	6000000075480051517
Q45489593	6000000075611063611
Q45489595	6000000075491779037
Q45489650	6000000075480288455
Q45489657	6000000075506076857
Q45489662	6000000074687814105
Q45489714	6000000075480928153
Q45489722	6000000075505975929
Q45489729	6000000075491768086
Q45489780	6000000075481134958
Q45489787	6000000075506149837
Q45489796	6000000075492153952
Q45489844	6000000075481335873
Q45489851	6000000075506021904
Q45489910	6000000075481401867
Q45489915	6000000075505941940
Q45489921	6000000075402789851
Q45489924	6000000075492206945
Q45489971	6000000075481241932
Q45489987	6000000075492083969
Q45490037	6000000075481431835
Q45490043	6000000075505665038
Q45490052	6000000075491862057
Q45490101	6000000075481437834
Q45490107	6000000075506127863
Q45490119	6000000075492309894
Q45490162	6000000075481199944
Q45490169	6000000075505665043
Q45490183	6000000075492395865
Q45490199	6000000074739492857
Q45490228	6000000075481385829
Q45490233	6000000075506130878
Q45490251	6000000075492246935
Q45490265	6000000074738566164
Q45490294	6000000075480245577
Q45490299	6000000075505288143
Q45490316	6000000075492111978
Q45490328	6000000074739503849
Q45490357	6000000075481181013
Q45490361	6000000075505933003
Q45490379	6000000075492214898
Q45490391	6000000074739469884
Q45490423	6000000075480922078
Q45490425	6000000075612333910
Q45490446	6000000075491551156
Q45490456	6000000074739474871
Q45490487	6000000075480362417
Q45490490	6000000075506170836
Q45490508	6000000075491862062
Q45490520	6000000074739385846
Q45490543	6000000074727687208
Q45490550	6000000075481065057
Q45490552	6000000075506195826
Q45490573	6000000075492364875
Q45490584	6000000074739242901
Q45490616	6000000075480815169
Q45490619	6000000075611855182
Q45490639	6000000075492298883
Q45490649	6000000074739553845
Q45490680	6000000075480584379
Q45490682	6000000075505485180
Q454907	6000000015118336940
Q45490702	6000000075491899073
Q45490744	6000000075481204021
Q45490746	6000000075506123866
Q45490765	6000000075492450826
Q45490807	6000000075480378622
Q45490831	6000000075491880068
Q45490840	6000000074739492862
Q45490871	6000000075481124036
Q45490883	6000000075506140862
Q45490895	6000000075492058036
Q45490935	6000000075481332886
Q45490946	6000000075506073949
Q45490962	6000000075492127989
Q45490990	6000000075412590823
Q45491000	6000000075480957189
Q45491023	6000000075492232995
Q45491062	6000000075480936115
Q45491075	6000000075506217833
Q45491088	6000000075492102045
Q45491138	6000000075612262974
Q45491154	6000000075491669166
Q45491190	6000000075481070318
Q45491220	6000000075492246973
Q45491254	6000000074747952338
Q45491256	6000000075481602857
Q45491268	6000000075505986954
Q45491286	6000000075492273912
Q45491318	6000000075481578883
Q45491330	6000000075505983920
Q45491353	6000000075492118942
Q45491382	6000000075481522931
Q45491394	6000000075506014892
Q45491415	6000000075490966547
Q45491446	6000000075481511952
Q45491457	6000000075506180837
Q45491479	6000000075491480212
Q45491506	6000000074787155077
Q45491511	6000000075481587878
Q45491520	6000000075612440875
Q45491546	6000000075492355871
Q45491569	6000000074787150033
Q45491574	6000000075481372126
Q45491583	6000000075505058380
Q45491610	6000000075492494822
Q45491633	6000000075325664251
Q45491638	6000000075481633873
Q45491649	6000000075612232989
Q45491675	6000000075492425877
Q45491694	6000000075496366329
Q45491701	6000000075481280116
Q45491702	6000000075401668836
Q45491711	6000000075505784072
Q45491740	6000000075492491831
Q45491759	6000000075486437151
Q45491765	6000000075481635850
Q45491766	6000000075405006853
Q45491805	6000000075491453291
Q45491822	6000000075501822096
Q45491828	6000000075480210642
Q45491840	6000000075506084910
Q45491870	6000000075492247915
Q45491885	6000000075489145829
Q45491892	6000000075481638881
Q45491904	6000000074792675948
Q45491934	6000000075492403869
Q45491948	6000000075489899823
Q45491998	6000000075491987040
Q45492011	6000000075499183071
Q45492019	6000000074702094870
Q45492036	6000000075505313305
Q45492063	6000000075492502822
Q45492076	6000000075485485842
Q45492081	6000000075481401066
Q45492082	6000000074748157002
Q45492098	6000000075506108896
Q45492125	6000000075492507822
Q45492139	6000000075425761527
Q45492144	6000000075481236114
Q45492162	6000000075506169889
Q45492191	6000000075491471252
Q45492204	6000000075430908879
Q45492211	6000000075481513970
Q45492212	6000000075403307821
Q45492227	6000000075505407249
Q45492257	6000000075491923117
Q45492270	6000000075431409821
Q45492275	6000000075481335036
Q45492292	6000000075506190860
Q45492323	6000000075491911098
Q45492335	6000000075490102125
Q45492340	6000000075481027269
Q45492356	6000000075506150836
Q45492388	6000000075492310905
Q45492398	6000000075422585887
Q45492404	6000000075481550894
Q45492421	6000000075505586212
Q45492449	6000000075491716259
Q45492461	6000000075485241964
Q45492468	6000000075481615889
Q45492484	6000000075505058399
Q454925	6000000169574783124
Q45492513	6000000075491454263
Q45492525	6000000075482425084
Q45492532	6000000075481441015
Q45492547	6000000075506144872
Q45492579	6000000075491143520
Q45492589	6000000075484417945
Q45492594	6000000075404776839
Q45492596	6000000075430457014
Q45492610	6000000075506033983
Q45492641	6000000020239393318
Q45492643	6000000075492360895
Q45492652	6000000074734686860
Q45492659	6000000075481622884
Q45492674	6000000075506069917
Q45492711	6000000075492304910
Q45492716	6000000075488671937
Q45492723	6000000075481454002
Q45492739	6000000075506197859
Q45492774	6000000075491669189
Q45492779	6000000074734381974
Q45492786	6000000075481155240
Q454928	6000000002467112781
Q45492800	6000000075506154864
Q45492838	6000000075492110008
Q45492843	6000000075427171923
Q45492848	6000000074732734929
Q45492853	6000000075481383097
Q45492872	6000000075505926976
Q45492901	6000000075492385876
Q45492906	6000000075505947926
Q45492916	6000000075481320130
Q45492934	6000000075505846051
Q45492965	6000000075049685015
Q45492967	6000000075427591902
Q45492977	6000000075481518995
Q45492984	6000000074716220742
Q45492999	6000000075506201865
Q45493028	6000000075049366315
Q45493029	6000000074727922215
Q45493040	6000000075481464001
Q45493063	6000000075505801016
Q45493093	6000000075492600949
Q45493094	6000000075049996861
Q45493104	6000000075481694829
Q45493126	6000000075504497809
Q45493156	6000000075499219106
Q45493157	6000000075492398912
Q45493168	6000000075481281881
Q45493190	6000000075506197864
Q45493221	6000000075419674182
Q45493222	6000000075492400903
Q45493232	6000000075481707822
Q45493283	6000000074784184025
Q45493285	6000000075492413906
Q45493292	6000000075404556929
Q45493294	6000000075481390086
Q45493320	6000000075505485222
Q45493348	6000000075489545888
Q45493349	6000000075491931108
Q45493357	6000000075404656896
Q45493359	6000000075480923297
Q45493385	6000000075505794007
Q45493413	6000000075057755207
Q45493423	6000000075481659866
Q45493447	6000000075504999412
Q45493474	6000000075481107230
Q45493493	6000000075481653856
Q45493515	6000000075506210842
Q45493540	6000000075420559048
Q45493555	6000000075481552926
Q45493579	6000000075506036008
Q45493603	6000000075501508946
Q45493606	6000000075492311921
Q45493646	6000000075506090900
Q45493670	6000000075430856861
Q45493674	6000000075492557822
Q45493685	6000000075481571901
Q45493733	6000000075487932867
Q45493737	6000000075492369950
Q45493748	6000000075481704836
Q45493773	6000000075504652782
Q45493775	6000000057603100901
Q45493797	6000000075422126996
Q45493801	6000000075491640918
Q45493813	6000000075481644885
Q45493839	6000000075505874040
Q45493861	6000000074734776875
Q45493868	6000000074688199893
Q45493876	6000000075481683840
Q454939	6000000034319993790
Q45493906	6000000075612522829
Q45493925	6000000075501632229
Q45493931	6000000075491797168
Q45493942	6000000075481653870
Q45493969	6000000075506210851
Q45493988	6000000075424387094
Q45493995	6000000075491471289
Q45494004	6000000075481619902
Q45494053	6000000074737452831
Q45494062	6000000074688255002
Q45494070	6000000075481441069
Q45494098	6000000075506076883
Q45494117	6000000075485578323
Q45494126	6000000075491862126
Q45494133	6000000075481519006
Q45494159	6000000075506278827
Q45494181	6000000075499119019
Q45494193	6000000075491636116
Q45494197	6000000075481417056
Q45494228	6000000075505839097
Q45494244	6000000075424965925
Q45494254	6000000075338062821
Q45494259	6000000074687609145
Q45494263	6000000075481428052
Q45494294	6000000075505839068
Q45494308	6000000074758764018
Q45494326	6000000074687338248
Q45494328	6000000075481730837
Q45494357	6000000075506187870
Q45494372	6000000075423412839
Q45494391	6000000075491351328
Q45494395	6000000075481027275
Q454944	6000000013373002822
Q45494422	6000000075505985033
Q45494439	6000000075501030838
Q45494447	6000000074749748924
Q45494458	6000000075492072020
Q45494461	6000000075481450022
Q45494486	6000000075505882087
Q454945	6000000008391273137
Q45494503	6000000075426371163
Q45494523	6000000075061307221
Q45494525	6000000075481198179
Q45494549	6000000075506094939
Q45494568	6000000075501921954
Q45494575	6000000074749362930
Q45494590	6000000074688074958
Q45494591	6000000075481650888
Q45494613	6000000075506128919
Q45494632	6000000075427327902
Q45494656	6000000075481543970
Q45494658	6000000074688197100
Q45494677	6000000075506134914
Q45494697	6000000075480288414
Q454947	6000000087669641938
Q45494719	6000000075480910345
Q45494725	6000000074688219851
Q45494742	6000000075506142903
Q45494760	6000000075482969891
Q45494783	6000000075481548007
Q45494790	6000000038072146526
Q45494806	6000000075506210861
Q45494824	6000000075481074020
Q45494848	6000000075481648956
Q45494857	6000000075491779124
Q45494873	6000000075506181866
Q45494891	6000000075423959044
Q45494912	6000000075480144745
Q45494926	6000000074688316105
Q45494938	6000000075505592187
Q45494955	6000000075424715953
Q45494975	6000000075481272135
Q45494991	6000000075492576822
Q45495019	6000000075485321026
Q45495039	6000000075481386058
Q45495059	6000000074688307849
Q45495071	6000000075612421881
Q45495082	6000000075425266996
Q454951	6000000065883613873
Q45495105	6000000075481519024
Q45495125	6000000074687201413
Q45495146	6000000074771648821
Q45495168	6000000075480429664
Q45495188	6000000074687638164
Q45495199	6000000075504898660
Q45495201	6000000103183327960
Q45495208	6000000075422498213
Q45495231	6000000074727909961
Q45495253	6000000074688037950
Q45495263	6000000075505380270
Q45495273	6000000075422146119
Q45495295	6000000075481017246
Q45495315	6000000075492207023
Q45495325	6000000075505877040
Q45495335	6000000075490479848
Q45495361	6000000075481213150
Q45495381	6000000075491869182
Q45495390	6000000075506310822
Q45495399	6000000075426439856
Q45495424	6000000075481531004
Q45495446	6000000074687945076
Q45495453	6000000075505981059
Q45495463	6000000075426847873
Q45495491	6000000075481624945
Q45495495	6000000074791282823
Q45495513	6000000075062084931
Q45495520	6000000075506237861
Q45495527	6000000075487337100
Q45495542	6000000071224158160
Q45495554	6000000075481672872
Q45495576	6000000074688619898
Q45495582	6000000075505967913
Q45495591	6000000075500344936
Q45495615	6000000087807578837
Q45495620	6000000075481538963
Q45495641	6000000074688051007
Q45495647	6000000075505846092
Q45495655	6000000075499000030
Q45495680	6000000087806696968
Q45495685	6000000075481384075
Q45495686	6000000075326941847
Q454957	6000000034324208995
Q45495708	6000000075492193972
Q45495711	6000000075505609130
Q45495719	6000000075485972889
Q45495744	6000000087807138850
Q45495753	6000000075481335065
Q45495774	6000000075505980027
Q45495777	6000000075491993130
Q45495783	6000000075481904969
Q454958	6000000017087971958
Q45495820	6000000075480584621
Q45495838	6000000075505407266
Q45495842	6000000074687741084
Q45495846	6000000075501980833
Q45495884	6000000075481700882
Q45495903	6000000075506042990
Q45495907	6000000075491480239
Q45495912	6000000075425912973
Q45495948	6000000075480174814
Q45495967	6000000075505714131
Q45495973	6000000075492475880
Q45496016	6000000075481589903
Q45496032	6000000075505933052
Q45496039	6000000075057205412
Q45496042	6000000075500948029
Q45496080	6000000075481514009
Q45496096	6000000075505739117
Q45496105	6000000075492597832
Q45496107	6000000075486683938
Q45496147	6000000075481577002
Q45496162	6000000075505278432
Q45496170	6000000011965854126
Q45496171	6000000075491993135
Q45496173	6000000074749408935
Q45496211	6000000075481731858
Q45496225	6000000075506333841
Q45496237	6000000075492255061
Q45496238	6000000074752891007
Q45496277	6000000075481442133
Q45496291	6000000075506304862
Q45496302	6000000075426259052
Q45496304	6000000075491732198
Q45496340	6000000075481785822
Q45496356	6000000075505951068
Q45496367	6000000075490966770
Q45496370	6000000075492140083
Q454964	6000000001384548502
Q45496408	6000000075481736869
Q45496421	6000000075505695164
Q45496432	6000000075494456990
Q45496438	6000000075491454310
Q45496476	6000000075481208139
Q45496484	6000000075505980071
Q45496497	6000000075481625851
Q45496505	6000000075492617822
Q45496540	6000000075481700887
Q45496548	6000000075505523157
Q45496560	6000000075482092268
Q45496570	6000000075492608847
Q45496608	6000000075481711855
Q45496616	6000000075506344828
Q45496627	6000000075422659923
Q45496637	6000000075491880120
Q45496674	6000000075481294156
Q45496680	6000000075506311860
Q45496691	6000000075492589079
Q45496705	6000000075058327935
Q45496739	6000000075481717880
Q45496745	6000000075505345400
Q45496757	6000000075427945264
Q45496770	6000000075492118996
Q45496771	6000000075375295821
Q45496803	6000000075481803821
Q45496808	6000000075505058443
Q45496820	6000000075484438953
Q45496834	6000000075492546851
Q45496871	6000000075504686565
Q45496874	6000000075481656018
Q45496889	6000000074687766865
Q45496901	6000000075492443875
Q45496921	6000000074791854847
Q45496935	6000000075611663339
Q45496937	6000000075480870300
Q45496951	6000000075490966668
Q45496966	6000000075492128081
Q45497001	6000000075506358822
Q45497003	6000000075481776838
Q45497018	6000000075497332030
Q45497031	6000000075492598837
Q45497066	6000000075506168941
Q45497068	6000000075480985330
Q45497099	6000000075492288003
Q45497132	6000000075506279888
Q45497134	6000000075481579964
Q45497149	6000000075423347572
Q45497168	6000000075492362935
Q45497195	6000000075506272870
Q45497199	6000000075481211158
Q45497210	6000000075491453143
Q45497234	6000000075492596862
Q45497260	6000000075504976480
Q45497264	6000000075481496032
Q45497276	6000000075419213195
Q45497304	6000000075062134943
Q45497326	6000000075504692642
Q45497331	6000000075481779857
Q45497341	6000000075423490971
Q45497377	6000000074688331835
Q45497389	6000000075505571253
Q45497395	6000000075481815825
Q45497441	6000000075325967839
Q45497451	6000000075505882140
Q45497462	6000000075481552962
Q45497468	6000000074770647872
Q45497505	6000000074688727821
Q45497516	6000000075506231914
Q45497527	6000000075481155323
Q45497533	6000000075496716127
Q45497568	6000000074688279840
Q45497578	6000000075506324847
Q45497589	6000000075481822822
Q45497596	6000000075492779970
Q45497635	6000000074688595868
Q45497644	6000000075506308879
Q45497654	6000000075481686865
Q45497661	6000000075491978931
Q45497699	6000000075492571827
Q45497706	6000000075506357836
Q45497719	6000000075480831479
Q45497723	6000000075491133326
Q45497764	6000000075492196031
Q45497768	6000000075506365821
Q45497784	6000000075481789846
Q45497788	6000000075493752435
Q45497830	6000000075492577840
Q45497832	6000000075505951075
Q45497846	6000000075481720861
Q45497850	6000000075484881937
Q45497895	6000000075492636843
Q45497897	6000000075505278491
Q45497911	6000000075481779862
Q45497915	6000000075497191018
Q45497959	6000000075506118919
Q45497963	6000000074688318823
Q45497976	6000000075481802824
Q45497980	6000000075493011828
Q45498024	6000000075505360349
Q45498029	6000000074688630888
Q45498044	6000000075481750888
Q45498045	6000000075497036068
Q45498089	6000000075505964038
Q45498095	6000000074688710833
Q45498108	6000000075481826858
Q45498109	6000000075489704845
Q45498154	6000000071037819840
Q45498161	6000000075492514884
Q45498173	6000000075481732884
Q45498174	6000000075489816848
Q45498218	6000000075504933644
Q45498224	6000000075492605842
Q45498237	6000000075425947042
Q45498239	6000000075481228204
Q45498281	6000000075612290020
Q45498287	6000000075492703822
Q45498301	6000000075421724131
Q45498303	6000000075481523012
Q45498328	6000000074755888014
Q45498352	6000000075491179458
Q45498365	6000000075497339958
Q45498367	6000000075481707917
Q45498408	6000000075505804147
Q45498414	6000000075491697315
Q45498429	6000000075499792951
Q45498432	6000000075480626567
Q45498474	6000000075506302899
Q45498480	6000000075492702832
Q45498492	6000000075487402018
Q45498497	6000000075481550019
Q45498502	6000000074747047835
Q45498537	6000000075506332877
Q45498544	6000000075492701829
Q45498556	6000000074749097995
Q45498560	6000000075481722887
Q45498603	6000000075506325865
Q45498609	6000000075492288054
Q45498622	6000000075427056840
Q45498628	6000000075481552980
Q45498665	6000000075506342851
Q45498672	6000000075492600858
Q45498686	6000000075424106942
Q45498693	6000000075404227390
Q454987	6000000018045335812
Q45498732	6000000071037743641
Q45498739	6000000075492537900
Q45498752	6000000075425404004
Q45498763	6000000075481249261
Q45498765	6000000075405137843
Q45498771	6000000074771222834
Q45498797	6000000075504810784
Q45498804	6000000075492567908
Q45498815	6000000075499562070
Q45498830	6000000075481589956
Q45498865	6000000075506192872
Q45498871	6000000075492243027
Q45498880	6000000074731387062
Q45498892	6000000075481787836
Q45498931	6000000071037806845
Q45498938	6000000075050004913
Q45498945	6000000075500743901
Q45498959	6000000075481166340
Q45498997	6000000075612578906
Q454990	6000000034318391510
Q45499005	6000000075050099821
Q45499012	6000000075423754885
Q45499028	6000000075481187266
Q45499060	6000000071038265852
Q45499066	6000000075049802993
Q45499075	6000000074734714866
Q45499094	6000000075481667916
Q45499126	6000000075506310895
Q45499132	6000000075049707025
Q45499140	6000000075485736858
Q45499158	6000000075481796855
Q45499190	6000000075506095035
Q45499197	6000000075050014876
Q45499205	6000000075485620826
Q45499225	6000000075481762901
Q45499254	6000000075506251895
Q45499262	6000000075049765997
Q45499269	6000000075426030860
Q45499289	6000000075481213178
Q45499289	6000000075502568913
Q45499321	6000000075506313908
Q45499327	6000000075049500175
Q45499334	6000000075422076769
Q45499357	6000000075481836823
Q45499387	6000000075506372840
Q45499393	6000000075049620078
Q454994	6000000019860501430
Q45499401	6000000075500344927
Q45499455	6000000071037358016
Q45499458	6000000075049920921
Q45499463	6000000026163351227
Q45499466	6000000075481489974
Q45499490	6000000075481403140
Q45499521	6000000075506357860
Q45499524	6000000075050048867
Q45499529	6000000026163172432
Q45499531	6000000075481213187
Q45499555	6000000074692842836
Q45499583	6000000075506343844
Q45499588	6000000075050077853
Q45499596	6000000075488793405
Q45499619	6000000075481506073
Q45499648	6000000075505795070
Q45499651	6000000075492609855
Q45499660	6000000075489078990
Q45499684	6000000074692841836
Q45499714	6000000075505784135
Q45499716	6000000074687845829
Q45499724	6000000075484261241
Q45499751	6000000075481750906
Q45499781	6000000075505589282
Q45499785	6000000075492235040
Q45499791	6000000075429875827
Q454998	6000000027834752546
Q45499815	6000000075480560537
Q45499831	6000000074733332951
Q45499849	6000000075492249069
Q45499855	6000000075484856319
Q45499879	6000000075481442175
Q45499896	6000000074733237977
Q45499909	6000000075505574258
Q45499914	6000000074687427012
Q45499920	6000000075423169932
Q45499944	6000000075481506079
Q45499959	6000000074733554821
Q45499973	6000000075506130969
Q45499978	6000000075492563912
Q45499983	6000000075430162048
Q45500008	6000000075480599591
Q45500023	6000000074733261946
Q45500036	6000000075505903116
Q45500046	6000000075492110111
Q45500047	6000000075423703005
Q45500071	6000000075481690937
Q45500086	6000000074733323918
Q45500100	6000000075506158980
Q45500108	6000000075499588882
Q45500109	6000000075491801185
Q45500135	6000000075481657960
Q45500140	6000000075424137031
Q45500150	6000000074733567821
Q45500163	6000000075505898076
Q45500171	6000000074724512759
Q45500174	6000000075491798283
Q45500199	6000000075481448044
Q45500217	6000000074733306012
Q45500229	6000000075506395828
Q45500237	6000000075427373889
Q45500241	6000000074687408954
Q45500262	6000000075481749849
Q45500280	6000000074733426909
Q45500291	6000000075505885121
Q45500300	6000000074733985996
Q45500307	6000000074686757539
Q45500328	6000000075481871822
Q45500343	6000000074733486854
Q45500354	6000000075506173959
Q45500364	6000000075423767858
Q45500371	6000000074687573989
Q45500392	6000000075481298164
Q45500405	6000000074733502865
Q45500426	6000000075420578984
Q45500437	6000000075492551882
Q45500457	6000000075481853837
Q45500470	6000000074733028086
Q45500480	6000000075506152997
Q45500490	6000000075424522125
Q45500501	6000000075492466011
Q45500520	6000000075481873824
Q45500536	6000000074733330918
Q45500553	6000000075481213360
Q45500562	6000000075491790297
Q45500582	6000000075481682939
Q45500599	6000000074732855176
Q45500608	6000000075506358859
Q45500618	6000000075421012858
Q45500628	6000000075492461022
Q45500646	6000000075481451094
Q45500662	6000000074733564821
Q45500670	6000000075506429821
Q45500681	6000000075499340035
Q45500696	6000000074686988320
Q45500710	6000000074737044899
Q45500727	6000000074733224029
Q45500745	6000000075497721843
Q45500762	6000000075492693847
Q45500775	6000000075481496055
Q45500788	6000000074732333306
Q45500797	6000000075506432821
Q455008	6000000016345027569
Q45500808	6000000075428286102
Q45500824	6000000074687612917
Q45500837	6000000075481872827
Q45500852	6000000074732181624
Q45500859	6000000075506326851
Q45500873	6000000075499327933
Q45500890	6000000075492637886
Q45500901	6000000075481395165
Q45500921	6000000075506186971
Q45500934	6000000075501963927
Q45500950	6000000075344815919
Q45500954	6000000075490857034
Q45500967	6000000075481833849
Q45500985	6000000075505773171
Q45501015	6000000074788202908
Q45501018	6000000075492785822
Q45501031	6000000075480870342
Q45501048	6000000075505800260
Q45501062	6000000075498594346
Q45501074	6000000075398278101
Q45501076	6000000074787747322
Q45501079	6000000075492304077
Q45501094	6000000075481272189
Q45501113	6000000075505818086
Q45501126	6000000075429552971
Q45501141	6000000074786638421
Q45501144	6000000075492671870
Q45501157	6000000075481793893
Q45501175	6000000075506406852
Q45501188	6000000075489640825
Q45501204	6000000074788197926
Q45501205	6000000075492461046
Q45501240	6000000075506289904
Q45501252	6000000075482616886
Q45501268	6000000074788171965
Q45501269	6000000075491989114
Q45501284	6000000075481184258
Q455013	6000000007303845325
Q45501303	6000000075506365864
Q45501315	6000000075500802829
Q45501329	6000000074788328844
Q45501330	6000000075492612874
Q45501355	6000000075481649984
Q45501367	6000000075612514947
Q45501377	6000000075431217851
Q45501385	6000000026589183516
Q45501393	6000000074788141026
Q45501395	6000000075492809822
Q45501421	6000000075481607038
Q45501433	6000000075505987023
Q45501443	6000000075426904859
Q45501457	6000000074788142003
Q45501464	6000000075492274083
Q45501488	6000000075481551011
Q45501497	6000000075506385877
Q45501508	6000000074712148886
Q45501522	6000000074788324847
Q45501526	6000000075492489976
Q45501551	6000000075481529139
Q45501559	6000000075505996006
Q45501571	6000000075489568907
Q45501586	6000000074788183924
Q45501592	6000000075492773844
Q45501615	6000000075481833873
Q45501622	6000000075505839174
Q45501633	6000000138966084941
Q45501636	6000000075425912894
Q45501656	6000000075492197132
Q45501678	6000000075481657965
Q45501686	6000000075505974063
Q45501701	6000000075422501895
Q45501719	6000000075492539952
Q45501740	6000000075481811863
Q45501749	6000000075506001048
Q45501763	6000000075484760824
Q45501785	6000000075492705916
Q45501806	6000000075481826922
Q45501815	6000000075506225920
Q45501827	6000000075484928353
Q45501848	6000000075492685899
Q45501869	6000000075481401235
Q45501877	6000000075506237946
Q45501891	6000000075425095832
Q45501903	6000000074788308841
Q45501912	6000000075492694910
Q45501913	6000000074792804987
Q45501934	6000000075481512011
Q45501943	6000000075612704822
Q45501956	6000000075499340978
Q45501975	6000000075491184585
Q45501985	6000000074731232906
Q45501998	6000000075480819516
Q45502006	6000000075505976063
Q45502018	6000000075483799087
Q45502042	6000000075492589933
Q45502065	6000000075481863836
Q45502072	6000000075505278527
Q45502084	6000000075428866925
Q45502105	6000000075492813839
Q45502125	6000000132358097052
Q45502127	6000000075481811876
Q45502135	6000000075506204962
Q45502148	6000000075486029863
Q45502163	6000000074787731046
Q45502169	6000000075492646903
Q45502178	6000000074759588195
Q45502192	6000000075481401240
Q45502197	6000000075506332902
Q455022	6000000021845704925
Q45502211	6000000075421178070
Q45502232	6000000075492235088
Q45502254	6000000075481298199
Q45502260	6000000075506396889
Q45502272	6000000075501376846
Q45502296	6000000075492597930
Q45502319	6000000075481335117
Q45502324	6000000075505984030
Q45502336	6000000075482991874
Q45502361	6000000075492374999
Q45502386	6000000075481657982
Q45502387	6000000075506129965
Q45502401	6000000075423595962
Q45502405	6000000156911117834
Q45502427	6000000075492601934
Q45502440	6000000026589666949
Q45502452	6000000075481762956
Q45502453	6000000075506210971
Q45502468	6000000075420768902
Q45502492	6000000075492854822
Q45502517	6000000075481605964
Q45502518	6000000075506184015
Q45502532	6000000075423839821
Q45502556	6000000075492266124
Q45502581	6000000075506302920
Q45502585	6000000075481751955
Q45502598	6000000075502097890
Q45502620	6000000075492732849
Q45502644	6000000075505300321
Q45502648	6000000075481578987
Q45502659	6000000075425969208
Q45502684	6000000075492394063
Q45502698	6000000074733561845
Q45502707	6000000075506294908
Q45502713	6000000075481488019
Q45502723	6000000075427741821
Q45502749	6000000075491987134
Q45502771	6000000075505992003
Q45502777	6000000075481753871
Q45502789	6000000075428736900
Q45502813	6000000075492850826
Q45502838	6000000075506047094
Q45502843	6000000075481550063
Q45502856	6000000075426955864
Q45502879	6000000075492787873
Q45502902	6000000075506075984
Q45502908	6000000075481298205
Q45502941	6000000074792542925
Q45502943	6000000075491640386
Q45502957	6000000075401361289
Q45502982	6000000075501369342
Q455030	6000000021916547900
Q45503008	6000000075492171173
Q45503028	6000000075506077008
Q45503044	6000000074728495864
Q45503076	6000000075492756874
Q45503090	6000000074706138904
Q45503093	6000000075506047108
Q45503106	6000000075481747844
Q45503109	6000000075426513821
Q45503143	6000000075492860825
Q45503155	6000000074705976972
Q45503158	6000000075505992007
Q45503172	6000000075481273115
Q45503175	6000000075429112826
Q45503209	6000000075492127175
Q45503220	6000000074705440397
Q45503223	6000000075505984053
Q45503239	6000000075428081192
Q45503274	6000000075492524010
Q45503285	6000000074706130903
Q45503304	6000000075425982968
Q45503316	6000000075481915821
Q45503335	6000000040049384453
Q45503354	6000000075506455858
Q45503369	6000000075428452940
Q45503381	6000000075481828943
Q45503402	6000000074688428073
Q45503433	6000000075499341993
Q45503445	6000000075481779918
Q45503466	6000000074687810412
Q45503481	6000000075505300337
Q45503496	6000000075501158921
Q45503510	6000000075481294279
Q45503530	6000000074687793241
Q45503533	6000000074734532846
Q45503560	6000000075424702947
Q45503573	6000000075481780955
Q45503593	6000000075492255200
Q45503606	6000000074706148893
Q45503610	6000000075612483014
Q45503624	6000000075485592918
Q45503640	6000000075480831530
Q45503661	6000000075492572991
Q45503664	6000000075398091312
Q45503677	6000000075506174035
Q45503691	6000000075425755993
Q45503705	6000000075481847880
Q45503723	6000000075492216106
Q45503741	6000000075506417868
Q45503754	6000000074704911054
Q45503770	6000000075480530623
Q45503788	6000000074688658855
Q45503790	6000000075375067826
Q45503799	6000000075050938895
Q45503805	6000000075506386845
Q45503817	6000000075485433979
Q45503832	6000000075481908842
Q45503853	6000000075492730923
Q45503863	6000000075050544997
Q45503868	6000000075505990043
Q45503881	6000000075487015947
Q45503896	6000000075481602025
Q45503917	6000000074688505968
Q45503927	6000000075050763910
Q45503932	6000000075612775833
Q45503944	6000000075421478832
Q45503994	6000000075505795145
Q45503995	6000000075050939821
Q45504007	6000000075501296096
Q45504027	6000000075481809910
Q45504047	6000000074687746375
Q45504057	6000000075612607897
Q45504059	6000000075050084232
Q45504071	6000000075485702856
Q45504090	6000000075481155378
Q45504111	6000000074688652869
Q45504121	6000000075505583381
Q45504124	6000000075050576029
Q45504136	6000000075426721965
Q45504156	6000000074736886979
Q45504175	6000000074688207850
Q45504185	6000000075505877136
Q45504188	6000000075050246163
Q45504199	6000000075502026821
Q45504219	6000000075481712897
Q45504242	6000000075492868837
Q45504248	6000000075506206927
Q45504251	6000000075050764878
Q45504262	6000000075426903996
Q45504283	6000000075481711918
Q455043	6000000029701814998
Q45504307	6000000074687918013
Q45504312	6000000075506378894
Q45504316	6000000075049701153
Q45504324	6000000075421241827
Q45504355	6000000075481155388
Q45504370	6000000075492742864
Q45504377	6000000075504898732
Q45504380	6000000075050707971
Q45504389	6000000075486860207
Q45504417	6000000075481745965
Q45504436	6000000075492817896
Q45504443	6000000075050623980
Q45504454	6000000075499263095
Q45504482	6000000075481841913
Q45504503	6000000075506488836
Q45504515	6000000075501201849
Q45504544	6000000075481864882
Q45504562	6000000075492832857
Q45504567	6000000075506287014
Q45504570	6000000075050906914
Q45504579	6000000075485360589
Q455046	6000000023175287730
Q45504608	6000000075481184300
Q45504624	6000000075491782309
Q45504629	6000000075506502834
Q45504643	6000000075501012845
Q45504671	6000000075480530628
Q45504688	6000000074726198934
Q45504694	6000000075505898123
Q45504696	6000000075050560068
Q45504707	6000000075485460083
Q45504735	6000000075481642091
Q45504752	6000000074687761839
Q45504756	6000000075505804175
Q45504758	6000000075050465044
Q45504769	6000000075487198025
Q45504798	6000000075481937835
Q45504814	6000000074687052374
Q45504820	6000000075506331920
Q45504822	6000000075050910919
Q45504833	6000000075482149301
Q45504864	6000000075481937840
Q45504878	6000000075492903828
Q45504884	6000000075506320957
Q45504886	6000000075051050827
Q45504896	6000000075486021822
Q45504927	6000000075481396220
Q45504942	6000000075492990821
Q45504947	6000000075506343896
Q45504949	6000000075050915869
Q45504959	6000000075487739203
Q45504993	6000000075480530633
Q45505007	6000000075492867865
Q45505011	6000000075506354915
Q45505014	6000000075050527035
Q45505024	6000000075480362345
Q45505044	6000000074687212131
Q45505052	6000000075505614410
Q45505058	6000000075050994847
Q45505074	6000000075480530638
Q45505076	6000000075421968918
Q45505099	6000000075423071268
Q45505108	6000000075491195834
Q45505122	6000000075051058828
Q45505140	6000000075481947822
Q45505142	6000000075500372028
Q45505160	6000000075507364915
Q45505171	6000000074687593894
Q45505181	6000000075506379918
Q45505187	6000000075051064821
Q45505204	6000000075481945829
Q45505206	6000000075424623019
Q45505237	6000000074687713887
Q45505244	6000000075613271866
Q45505250	6000000075050776966
Q45505269	6000000075481605977
Q45505271	6000000075428571870
Q45505279	6000000057603225825
Q455053	6000000018004288757
Q45505302	6000000075493003822
Q45505310	6000000075613054997
Q45505315	6000000075050928881
Q45505332	6000000075481842917
Q45505334	6000000075424803971
Q45505365	6000000074710973903
Q45505374	6000000075506194035
Q45505379	6000000075050947835
Q45505396	6000000075481134345
Q45505398	6000000075426460973
Q45505430	6000000074726123975
Q45505437	6000000075613290867
Q45505442	6000000075050931861
Q45505458	6000000075481859884
Q45505460	6000000075491692856
Q45505492	6000000075492719988
Q45505499	6000000075505278571
Q45505504	6000000075050812945
Q45505521	6000000074692311016
Q45505524	6000000075501728821
Q45505555	6000000074725970089
Q45505564	6000000075505800288
Q45505568	6000000075050981880
Q45505586	6000000075481720937
Q45505589	6000000075486033837
Q45505619	6000000074687772837
Q45505627	6000000075506331925
Q45505631	6000000075050999891
Q45505649	6000000075480627584
Q45505653	6000000075429204866
Q45505684	6000000074687518920
Q45505692	6000000075506211017
Q45505696	6000000075050084354
Q455057	6000000010092159582
Q45505714	6000000075481186334
Q45505717	6000000075426923268
Q45505747	6000000074687705906
Q45505755	6000000075506496847
Q45505760	6000000075049596247
Q45505779	6000000075481421174
Q45505782	6000000075499732826
Q45505813	6000000075491876413
Q45505820	6000000075506176050
Q45505825	6000000075050405147
Q45505844	6000000075481550099
Q45505848	6000000075488311955
Q45505879	6000000075492756844
Q45505886	6000000075506534822
Q45505890	6000000075050695000
Q45505909	6000000075481954834
Q45505910	6000000075488727436
Q45505941	6000000075492897860
Q45505950	6000000075506157002
Q45505974	6000000075483546486
Q45506004	6000000075492677966
Q45506012	6000000075506536822
Q45506038	6000000075428899863
Q45506069	6000000075491782355
Q45506077	6000000075506528823
Q45506101	6000000075481638093
Q45506132	6000000075493011834
Q45506141	6000000075506192932
Q45506144	6000000075050021394
Q45506164	6000000074791524223
Q45506165	6000000075486078947
Q45506197	6000000075492379171
Q45506204	6000000075506192937
Q45506207	6000000075050837954
Q45506228	6000000075487482954
Q45506260	6000000075492818902
Q45506268	6000000075505990071
Q45506270	6000000075051096847
Q45506291	6000000075426992089
Q45506324	6000000075492945873
Q45506331	6000000075505360446
Q45506333	6000000075050492115
Q45506353	6000000075481828973
Q45506354	6000000075491270000
Q45506385	6000000075492903930
Q45506392	6000000075506503859
Q45506396	6000000075050695004
Q45506416	6000000075481547089
Q45506417	6000000075482139823
Q45506449	6000000074687858933
Q45506456	6000000075506230976
Q45506481	6000000075420673035
Q45506503	6000000074736025031
Q45506511	6000000075493021837
Q45506519	6000000075506542840
Q45506543	6000000074791818030
Q45506546	6000000075488376869
Q45506576	6000000075493041823
Q45506584	6000000075506524824
Q45506608	6000000075481794954
Q45506610	6000000075428784840
Q45506632	6000000074759676999
Q45506639	6000000075492954858
Q45506647	6000000075506522839
Q45506669	6000000075481876925
Q45506673	6000000075499406878
Q45506695	6000000074749262371
Q45506703	6000000075493001871
Q45506713	6000000075506529841
Q45506735	6000000075481580045
Q45506737	6000000075428690910
Q45506767	6000000075491453400
Q45506775	6000000075506540825
Q45506798	6000000075481801855
Q45506800	6000000075492223826
Q45506832	6000000075492370122
Q45506838	6000000075506334970
Q45506863	6000000075481859902
Q45506865	6000000075497072905
Q45506896	6000000075492450080
Q45506901	6000000075506380896
Q45506926	6000000075481228323
Q45506928	6000000075494435959
Q45506962	6000000075492974847
Q45506967	6000000075506554822
Q45506992	6000000075481960828
Q45506994	6000000075427651823
Q45507025	6000000075493077828
Q45507031	6000000075506394944
Q45507056	6000000075500838821
Q45507057	6000000075481937873
Q45507092	6000000075492491992
Q45507095	6000000075506535839
Q455071	6000000001515418125
Q45507121	6000000075485069831
Q45507124	6000000075481984843
Q45507161	6000000075492908906
Q45507187	6000000075481679068
Q45507222	6000000075493144825
Q45507225	6000000075506240014
Q45507248	6000000075482819239
Q45507251	6000000075481529197
Q45507286	6000000075492466182
Q45507288	6000000075506513853
Q45507312	6000000075485858835
Q45507316	6000000075481997822
Q45507332	6000000103183445972
Q45507350	6000000075506381919
Q45507351	6000000075492883933
Q45507375	6000000075492005858
Q45507380	6000000075481761955
Q45507414	6000000075491921875
Q45507415	6000000075506521827
Q45507436	6000000075480911037
Q45507444	6000000075482002822
Q45507478	6000000075492206177
Q45507479	6000000075506546851
Q45507500	6000000075492004873
Q45507507	6000000075481763028
Q45507540	6000000074687299208
Q45507542	6000000075506297940
Q45507571	6000000075481653045
Q45507575	6000000045271508214
Q45507603	6000000075492887960
Q45507604	6000000075506022098
Q45507626	6000000075493050843
Q45507636	6000000075481580070
Q45507665	6000000074687166178
Q45507667	6000000075506564826
Q45507689	6000000075421213821
Q45507699	6000000075482002830
Q45507728	6000000074687764895
Q45507729	6000000075506568824
Q45507733	6000000074732594275
Q45507762	6000000075481876944
Q45507792	6000000075493138844
Q45507793	6000000075506550852
Q45507797	6000000074733511846
Q45507813	6000000075497252859
Q45507824	6000000075481957856
Q45507845	6000000074713150824
Q45507856	6000000075505122361
Q45507857	6000000075491571485
Q45507862	6000000074732928194
Q45507875	6000000075421861006
Q45507887	6000000075481969861
Q45507908	6000000074712573018
Q45507918	6000000029185132206
Q45507920	6000000075493166822
Q45507925	6000000074733481902
Q45507938	6000000075424186920
Q45507942	6000000074716948822
Q45507949	6000000075481647056
Q45507972	6000000074712962913
Q45507982	6000000075505360471
Q45507983	6000000075492503065
Q45507988	6000000074733464969
Q45508006	6000000074716895864
Q45508013	6000000075481719993
Q45508035	6000000074713048895
Q45508045	6000000075506500881
Q45508046	6000000074687807843
Q45508051	6000000074732466198
Q45508071	6000000074716828985
Q45508078	6000000075481657942
Q45508100	6000000074712757919
Q45508109	6000000075505688238
Q45508114	6000000075492927939
Q45508115	6000000074733426923
Q45508134	6000000074716718960
Q45508141	6000000075481616060
Q45508170	6000000075612560263
Q45508174	6000000075493188822
Q45508176	6000000074733348877
Q45508194	6000000075492571868
Q45508198	6000000074716213980
Q45508205	6000000075481181366
Q45508239	6000000075492563033
Q45508240	6000000074733246969
Q45508259	6000000074716366010
Q45508276	6000000075481582948
Q45508297	6000000075613087997
Q45508303	6000000075491880366
Q45508319	6000000075425266928
Q45508323	6000000074716948832
Q45508339	6000000075480819630
Q45508362	6000000075506411947
Q45508368	6000000075492274180
Q45508383	6000000075484460972
Q45508387	6000000074716926843
Q45508402	6000000075481576123
Q45508424	6000000075613229938
Q45508431	6000000075493111853
Q45508447	6000000075484978822
Q45508466	6000000075481851932
Q45508494	6000000075492587027
Q45508511	6000000075496664245
Q45508530	6000000075480636663
Q45508559	6000000075492892952
Q45508560	6000000075505300372
Q45508577	6000000075429823943
Q45508599	6000000075481421240
Q45508605	6000000075423459044
Q45508623	6000000075493178827
Q45508624	6000000075613453840
Q45508639	6000000075491797051
Q45508662	6000000075481983850
Q45508686	6000000075493156841
Q45508687	6000000075506060085
Q45508701	6000000075484523847
Q45508726	6000000075481736027
Q45508750	6000000074732873170
Q45508751	6000000075493117857
Q45508752	6000000075613169020
Q45508766	6000000075499233081
Q45508790	6000000075481009467
Q455088	6000000010651568433
Q45508813	6000000074733504864
Q45508814	6000000075492964915
Q45508816	6000000075613474834
Q45508830	6000000075491646097
Q45508853	6000000075481650108
Q45508879	6000000075492967962
Q45508880	6000000075613083963
Q45508894	6000000075494539952
Q45508917	6000000075481871914
Q45508943	6000000075493163838
Q45508959	6000000075494591854
Q45508983	6000000075481017373
Q45509006	6000000074733265968
Q45509008	6000000075506335023
Q45509010	6000000075492843988
Q45509024	6000000075488153905
Q45509045	6000000075481576127
Q45509069	6000000074733647821
Q45509070	6000000075506293077
Q45509073	6000000075493163843
Q45509088	6000000075496628023
Q45509110	6000000075481990843
Q45509136	6000000075506621838
Q45509139	6000000075492879951
Q45509151	6000000075496824904
Q45509174	6000000075481935942
Q45509199	6000000075506022113
Q45509204	6000000075493118875
Q45509215	6000000075492635856
Q45509258	6000000039542286905
Q45509270	6000000075506529879
Q45509272	6000000075492905915
Q45509283	6000000075429754840
Q45509302	6000000075481488078
Q45509334	6000000075492941951
Q45509346	6000000074688146067
Q45509352	6000000023419286106
Q45509398	6000000075492995900
Q45509400	6000000075506368991
Q45509409	6000000074687988919
Q45509464	6000000075481895977
Q45509468	6000000075492671147
Q45509471	6000000075506551888
Q45509490	6000000075492096900
Q45509530	6000000075491880373
Q45509533	6000000075506424938
Q45509556	6000000075426739948
Q45509591	6000000075482042822
Q45509595	6000000075493088910
Q45509597	6000000075506168984
Q45509606	6000000075061056830
Q45509619	6000000075494684826
Q45509654	6000000075481022390
Q45509658	6000000075492492047
Q45509682	6000000075491879889
Q45509723	6000000075492857997
Q45509724	6000000075506612878
Q45509745	6000000075495436548
Q45509781	6000000075481575122
Q45509787	6000000075492772064
Q45509788	6000000075506499909
Q45509807	6000000075486389924
Q45509851	6000000075506679821
Q45509854	6000000075491453608
Q45509913	6000000075506022126
Q45509917	6000000075492986958
Q45509935	6000000075484046143
Q45509975	6000000075506507887
Q45509980	6000000075493054970
Q45509999	6000000074748906830
Q45510040	6000000075506499914
Q45510043	6000000075492964922
Q45510061	6000000075493932222
Q45510080	6000000074759144165
Q45510096	6000000075481886963
Q45510103	6000000075505380526
Q45510106	6000000075492882947
Q45510125	6000000075481958875
Q45510143	6000000074758651415
Q45510167	6000000075506536869
Q45510170	6000000075493078902
Q45510187	6000000075494335064
Q455102	6000000028677278195
Q45510228	6000000074746791150
Q45510232	6000000075492858014
Q45510234	6000000075506263017
Q45510250	6000000075496751968
Q45510292	6000000074746329450
Q45510296	6000000075491987863
Q45510297	6000000075506459947
Q45510350	6000000075481872935
Q45510359	6000000075492873983
Q45510360	6000000075506232067
Q45510376	6000000075497547928
Q45510424	6000000075492966993
Q45510425	6000000075506381983
Q45510440	6000000075492714870
Q45510488	6000000075492905943
Q45510489	6000000075506654850
Q455105	6000000057193637844
Q45510505	6000000075491842924
Q45510540	6000000075481988865
Q45510550	6000000075492893006
Q45510567	6000000075425600028
Q45510600	6000000075481943897
Q45510611	6000000075493242833
Q45510612	6000000075506643855
Q45510630	6000000075492903934
Q45510667	6000000075423828227
Q45510677	6000000075491729552
Q45510678	6000000075506563853
Q45510693	6000000075494602840
Q45510741	6000000075492860021
Q45510742	6000000075506582854
Q45510758	6000000075497113940
Q45510777	6000000183925150929
Q45510796	6000000075481575143
Q45510806	6000000075493119876
Q45510807	6000000075505688291
Q45510823	6000000075420390858
Q45510838	6000000074759493871
Q45510841	6000000183927306877
Q45510857	6000000075481211281
Q45510868	6000000075506649862
Q45510869	6000000075493204853
Q45510883	6000000075494319054
Q45510905	6000000074759142120
Q45510906	6000000183927241843
Q45510916	6000000011589920997
Q45510932	6000000075492724065
Q45510933	6000000075611985548
Q45510947	6000000075492553043
Q45510968	6000000074759032174
Q45510989	6000000075481518228
Q45510998	6000000075492524223
Q45510999	6000000075506468958
Q45511014	6000000075492729835
Q45511032	6000000074759357971
Q45511061	6000000075493203827
Q45511062	6000000075506631866
Q45511077	6000000075496978952
Q45511097	6000000074758752588
Q455111	6000000127385006918
Q45511124	6000000075506438005
Q45511139	6000000075491879982
Q45511180	6000000075482044842
Q45511189	6000000075506238075
Q45511191	6000000075493294822
Q45511205	6000000075492104875
Q45511243	6000000075481874948
Q45511254	6000000075506511901
Q45511256	6000000075493145893
Q45511269	6000000074752910874
Q45511308	6000000075481450237
Q45511316	6000000075613017027
Q45511332	6000000074687421974
Q45511379	6000000075506641873
Q45511380	6000000075491205828
Q45511395	6000000075491845010
Q45511441	6000000075506455976
Q45511442	6000000075491116893
Q45511458	6000000075488091853
Q45511502	6000000075481945901
Q45511506	6000000075506467946
Q45511507	6000000075492563111
Q45511521	6000000075484536504
Q45511523	6000000074712460940
Q45511568	6000000075506280087
Q45511569	6000000075492908996
Q45511585	6000000075424036892
Q45511587	6000000074712950900
Q45511631	6000000075480626669
Q45511633	6000000075506652880
Q45511638	6000000075494179003
Q45511648	6000000075489036844
Q45511679	6000000075050405161
Q45511693	6000000075481679105
Q45511695	6000000075506220029
Q45511701	6000000075494431847
Q45511710	6000000075497899872
Q45511743	6000000075050084359
Q45511757	6000000075481792022
Q45511759	6000000075506524927
Q45511765	6000000075494411958
Q45511807	6000000075050848950
Q45511821	6000000075481625152
Q45511823	6000000075506424999
Q45511828	6000000075494411999
Q45511838	6000000075424889945
Q45511873	6000000012422792843
Q45511885	6000000075481974877
Q45511887	6000000075505362409
Q45511892	6000000075493932181
Q45511902	6000000075486553883
Q45511935	6000000075050984873
Q45511948	6000000075480838634
Q45511950	6000000075506119053
Q45511955	6000000075494511875
Q45511965	6000000075431186834
Q45511998	6000000075051083821
Q45512011	6000000075481728944
Q45512014	6000000075506526863
Q45512019	6000000075494705822
Q45512028	6000000075487723923
Q45512072	6000000075482003852
Q45512076	6000000075506711834
Q45512083	6000000075494450011
Q45512089	6000000075425602841
Q45512135	6000000075481945908
Q45512139	6000000075506672844
Q45512149	6000000075494380996
Q45512153	6000000075482216434
Q45512185	6000000075050380250
Q45512202	6000000075506307057
Q45512203	6000000075481653080
Q45512209	6000000075494644849
Q45512216	6000000075426827830
Q45512248	6000000075051087821
Q45512267	6000000075506657877
Q45512274	6000000075494496939
Q45512279	6000000075498981821
Q45512312	6000000075050991878
Q45512330	6000000075505474392
Q45512336	6000000075494642842
Q45512342	6000000075488337918
Q45512375	6000000075051061848
Q45512397	6000000075481333322
Q45512401	6000000075494182117
Q45512406	6000000075481227880
Q45512428	6000000075050876912
Q45512439	6000000075049437730
Q45512456	6000000075506085134
Q45512458	6000000075481298337
Q45512462	6000000075494352091
Q45512467	6000000075499869894
Q45512499	6000000075050629185
Q45512519	6000000075505345548
Q45512526	6000000075494477945
Q45512531	6000000075423553853
Q45512537	6000000074713060886
Q45512581	6000000075506049193
Q45512583	6000000075481949933
Q45512588	6000000075494176166
Q45512593	6000000075481825917
Q45512599	6000000074711900393
Q45512644	6000000075506180149
Q45512649	6000000075481861971
Q45512651	6000000075494486964
Q45512656	6000000075423162853
Q45512662	6000000074713156845
Q45512708	6000000075506190098
Q45512714	6000000075493848327
Q45512716	6000000075481642122
Q45512721	6000000075420975903
Q45512726	6000000074713245826
Q45512754	6000000075050792870
Q45512770	6000000075506539953
Q45512777	6000000075494271106
Q45512779	6000000075482029833
Q45512784	6000000075426227821
Q45512834	6000000075506520923
Q45512840	6000000075493854303
Q45512845	6000000074737883984
Q45512846	6000000075481944931
Q45512885	6000000074732161440
Q45512898	6000000075506131061
Q45512904	6000000075493156571
Q45512909	6000000075497520926
Q45512912	6000000075481855978
Q45512962	6000000075506660874
Q45512970	6000000075494648886
Q45512974	6000000075428654851
Q45512977	6000000075481775082
Q45513007	6000000075423561922
Q45513025	6000000075506339039
Q45513032	6000000075494621967
Q45513036	6000000075425849872
Q45513040	6000000075482057842
Q45513089	6000000075506536909
Q45513096	6000000075494452037
Q45513101	6000000075420361893
Q45513107	6000000075480838639
Q45513155	6000000075504988732
Q45513162	6000000075494260007
Q45513166	6000000075488759837
Q45513174	6000000075480964471
Q45513220	6000000075505574421
Q45513227	6000000075494782825
Q45513232	6000000075484225942
Q45513240	6000000075481500147
Q45513282	6000000075506060166
Q45513291	6000000075494720900
Q45513295	6000000075497175126
Q455133	6000000003086886308
Q45513303	6000000075481855995
Q45513345	6000000075504999618
Q45513358	6000000075491277895
Q45513366	6000000075481653121
Q45513407	6000000075506672863
Q45513416	6000000075496631049
Q45513420	6000000075487401013
Q45513470	6000000075506621875
Q45513476	6000000013009392220
Q45513480	6000000075496833846
Q45513483	6000000075424059851
Q45513519	6000000075505474480
Q45513519	6000000171524146133
Q45513533	6000000075506533935
Q45513544	6000000075496928849
Q45513546	6000000075490420949
Q45513597	6000000075506289067
Q45513609	6000000074769192871
Q45513612	6000000075496850895
Q45513616	6000000074715617954
Q45513661	6000000075505877246
Q45513673	6000000075485377275
Q45513675	6000000075496913858
Q45513688	6000000075481695029
Q45513724	6000000075506834161
Q45513725	6000000075506338078
Q45513738	6000000075496829922
Q45513753	6000000075481959898
Q45513787	6000000075506691854
Q45513792	6000000011634467138
Q45513800	6000000075489166821
Q45513801	6000000075496746936
Q45513816	6000000075481957925
Q45513849	6000000075506743822
Q45513863	6000000075484525974
Q45513865	6000000075496680994
Q45513879	6000000075481657105
Q45513912	6000000075506119058
Q45513926	6000000075481232931
Q45513928	6000000075496605023
Q45513943	6000000075481571119
Q45513975	6000000075506131084
Q45513990	6000000075497555907
Q45513992	6000000075496738014
Q45514007	6000000075481784955
Q45514039	6000000075506537976
Q45514052	6000000075483397821
Q45514059	6000000075496659027
Q45514069	6000000075481779043
Q45514103	6000000075506644895
Q45514116	6000000074784198168
Q45514123	6000000075496896855
Q45514132	6000000075482056852
Q45514168	6000000075506672880
Q45514187	6000000074687688822
Q45514203	6000000075481213366
Q45514230	6000000075506276080
Q45514245	6000000075481294151
Q45514250	6000000075496511193
Q45514267	6000000075481571129
Q45514295	6000000075506441963
Q45514309	6000000075498959957
Q45514314	6000000075496868900
Q45514330	6000000075481756052
Q45514357	6000000075506704830
Q45514369	6000000075430931874
Q45514377	6000000075496724052
Q45514394	6000000075481834027
Q45514422	6000000075506325006
Q45514434	6000000075500935868
Q45514442	6000000075496907892
Q45514459	6000000075481458200
Q45514486	6000000075506499940
Q45514498	6000000075430178850
Q45514505	6000000074687052508
Q45514520	6000000075482114821
Q45514550	6000000075506303092
Q45514562	6000000075485731856
Q45514570	6000000075496790962
Q45514587	6000000075482028888
Q45514620	6000000075506350062
Q45514626	6000000075489684945
Q45514635	6000000075494842318
Q45514649	6000000075481957935
Q45514683	6000000075504988760
Q45514689	6000000075427231975
Q45514701	6000000075496931872
Q45514715	6000000075481602121
Q45514748	6000000075506737845
Q45514752	6000000075427601847
Q45514766	6000000075489720616
Q45514778	6000000075481582129
Q45514810	6000000075505975169
Q45514814	6000000075424647276
Q45514828	6000000075496907903
Q45514841	6000000075482065879
Q45514875	6000000075506572927
Q45514879	6000000075500986182
Q45514892	6000000075491379894
Q45514907	6000000075482099841
Q45514938	6000000075506668856
Q45514941	6000000075428881061
Q45514955	6000000075496830972
Q45514969	6000000075482040878
Q45514999	6000000075506263033
Q45515004	6000000075421134990
Q45515020	6000000075496289254
Q45515023	6000000074747194101
Q45515034	6000000075482131826
Q45515065	6000000075506581996
Q45515068	6000000075500908913
Q45515085	6000000075496738027
Q45515097	6000000075482082835
Q45515125	6000000075506091113
Q45515129	6000000075497678835
Q45515152	6000000075491340986
Q45515163	6000000075482133822
Q45515190	6000000075505474096
Q45515193	6000000075481980678
Q45515216	6000000075491293009
Q45515226	6000000075481131487
Q45515253	6000000075506197136
Q45515256	6000000075485265245
Q45515279	6000000075493002931
Q45515290	6000000075482088850
Q45515316	6000000075505611368
Q45515319	6000000075428848978
Q45515344	6000000075496894885
Q45515353	6000000075481905959
Q45515381	6000000075613617822
Q45515384	6000000075425937826
Q45515408	6000000075496946889
Q45515415	6000000075482103857
Q45515444	6000000075506342015
Q45515447	6000000075500299006
Q45515473	6000000075496850015
Q45515480	6000000075481653146
Q455155	6000000015169882324
Q45515508	6000000075613122015
Q45515536	6000000075496850020
Q45515544	6000000075482109840
Q45515571	6000000075505877253
Q45515574	6000000075501668868
Q45515601	6000000075496934901
Q45515609	6000000075481794069
Q45515636	6000000075506665863
Q45515639	6000000075486803920
Q45515665	6000000074688459054
Q45515701	6000000075506587907
Q45515704	6000000075422123048
Q45515730	6000000075497030833
Q45515736	6000000075482094871
Q45515767	6000000075485645709
Q45515777	6000000075505381110
Q45515793	6000000075497002906
Q45515799	6000000075481649195
Q45515832	6000000075424780845
Q45515840	6000000075505574440
Q45515857	6000000075496846992
Q45515863	6000000075482099874
Q45515896	6000000075420941022
Q45515920	6000000075497031861
Q45515923	6000000075481781150
Q45515934	6000000074717646932
Q45515967	6000000075506314107
Q45515985	6000000075482103869
Q45515986	6000000075496859014
Q455160	6000000003085229847
Q45516000	6000000074717690899
Q45516023	6000000075481608495
Q45516031	6000000075506779822
Q45516050	6000000075481354299
Q45516051	6000000075497137839
Q45516086	6000000033248308846
Q45516088	6000000075426681323
Q45516097	6000000075506665882
Q45516116	6000000075482168834
Q45516117	6000000075496986930
Q45516152	6000000075499837829
Q45516161	6000000075506775841
Q45516178	6000000075482039870
Q45516179	6000000075496360324
Q45516214	6000000075485452821
Q45516222	6000000075506022235
Q45516239	6000000075481211362
Q45516244	6000000075497075885
Q45516279	6000000075422769149
Q45516287	6000000075506647895
Q45516302	6000000075481701070
Q45516309	6000000075497035887
Q45516342	6000000075485430961
Q45516350	6000000075506778829
Q45516358	6000000074703519938
Q45516367	6000000075481496122
Q45516373	6000000075497109873
Q45516406	6000000075484898904
Q45516413	6000000075506293139
Q45516432	6000000075481611182
Q45516440	6000000075497100905
Q45516468	6000000075501135894
Q45516475	6000000075506619904
Q45516493	6000000075481883024
Q45516502	6000000075497205822
Q45516523	6000000031942428261
Q45516527	6000000074732278171
Q45516532	6000000075481638961
Q45516540	6000000075506366036
Q45516568	6000000075497183836
Q45516596	6000000075480530538
Q455166	6000000024238991548
Q45516604	6000000075506679853
Q45516605	6000000074687850989
Q45516626	6000000011627405848
Q45516633	6000000075497196829
Q45516671	6000000075480626743
Q45516674	6000000074732504100
Q45516681	6000000075423801050
Q45516690	6000000075497115874
Q45516697	6000000075506467989
Q45516734	6000000075481027553
Q45516745	6000000075429857844
Q45516758	6000000075496680079
Q45516761	6000000075506193071
Q45516799	6000000075482141841
Q45516808	6000000075420049009
Q45516821	6000000075497168830
Q45516823	6000000075505058675
Q45516860	6000000075481969959
Q45516870	6000000075480936303
Q45516882	6000000075497235824
Q45516883	6000000075506711864
Q45516925	6000000075481776109
Q45516934	6000000075426304869
Q45516946	6000000075506180230
Q45516948	6000000075497025913
Q45516991	6000000075481945006
Q45516998	6000000075421295863
Q45517010	6000000075506635883
Q45517012	6000000075496976035
Q45517016	6000000074367923948
Q45517052	6000000075481362232
Q45517061	6000000075480398777
Q45517074	6000000075506693923
Q45517078	6000000075496532195
Q45517117	6000000075481728998
Q45517123	6000000075421740920
Q45517131	6000000075503721154
Q45517136	6000000075506564929
Q45517142	6000000075497114865
Q45517182	6000000075482190822
Q45517189	6000000075481565957
Q45517201	6000000075506708865
Q45517214	6000000075497140909
Q45517247	6000000075482193822
Q45517252	6000000075429931852
Q45517265	6000000075506467023
Q45517277	6000000075497032926
Q45517312	6000000075482044930
Q45517316	6000000075426086359
Q45517332	6000000075506454992
Q45517375	6000000075481823094
Q45517379	6000000075481603885
Q45517396	6000000075506467028
Q45517406	6000000075496678229
Q45517441	6000000075481883039
Q45517445	6000000075481655894
Q45517461	6000000075506656944
Q45517471	6000000074687826054
Q45517505	6000000075481582153
Q45517509	6000000075480695596
Q45517525	6000000075506806823
Q45517536	6000000074687830059
Q45517568	6000000074726204040
Q45517574	6000000075423428826
Q45517591	6000000075506774851
Q45517594	6000000051411733825
Q45517601	6000000075497181898
Q45517632	6000000075481776115
Q45517639	6000000075481489979
Q45517655	6000000075613054071
Q45517665	6000000074687389311
Q45517697	6000000075482115888
Q455177	6000000028227057556
Q45517702	6000000075422988911
Q45517708	6000000074747192104
Q45517720	6000000075613563876
Q45517729	6000000074687861925
Q45517760	6000000075481979932
Q45517766	6000000075430317823
Q45517785	6000000075613656831
Q45517794	6000000074688059029
Q45517827	6000000075481362239
Q45517832	6000000075479931411
Q45517837	6000000074747432889
Q45517850	6000000075506556929
Q45517860	6000000075497199885
Q45517891	6000000075482182828
Q45517896	6000000075430152838
Q45517902	6000000074747327926
Q45517914	6000000075506705886
Q45517924	6000000074688214824
Q45517954	6000000075482148861
Q45517960	6000000075481117856
Q45517965	6000000074746735396
Q45517977	6000000075506731867
Q45517989	6000000074688157868
Q45518019	6000000075481572226
Q45518024	6000000075479840622
Q45518030	6000000074747218055
Q45518040	6000000075505877272
Q45518053	6000000074687747082
Q45518082	6000000075482207822
Q45518088	6000000075425146962
Q45518094	6000000074747488888
Q45518104	6000000075506494985
Q45518115	6000000074686184558
Q45518148	6000000075481566360
Q45518154	6000000075421937973
Q45518159	6000000074747342030
Q45518168	6000000075506236132
Q45518183	6000000075496800151
Q455182	6000000002393503500
Q45518214	6000000075482193835
Q45518219	6000000075480958918
Q45518248	6000000075496599246
Q45518282	6000000075481750087
Q45518284	6000000075421145919
Q45518312	6000000075497080932
Q45518344	6000000075481298430
Q45518348	6000000075480532248
Q45518365	6000000075506818821
Q45518377	6000000075496761088
Q45518408	6000000075481403377
Q45518411	6000000075422758013
Q45518430	6000000075506592909
Q45518431	6000000074718980954
Q45518442	6000000075497137941
Q45518471	6000000075481107469
Q45518474	6000000075481172821
Q45518494	6000000075506555995
Q45518508	6000000075497213868
Q45518537	6000000074733514955
Q45518540	6000000075480999884
Q45518557	6000000075506563928
Q45518574	6000000075496832175
Q45518600	6000000075481638163
Q45518604	6000000075427041822
Q45518608	6000000074747399916
Q45518621	6000000075505784315
Q45518640	6000000075491995958
Q45518668	6000000075420401841
Q45518684	6000000075506484041
Q45518705	6000000075497064985
Q45518730	6000000075479779803
Q45518732	6000000074747385977
Q45518733	6000000075482152858
Q45518750	6000000075506508958
Q45518769	6000000075496492266
Q45518794	6000000075481144831
Q45518798	6000000075482072857
Q45518813	6000000075506138167
Q45518832	6000000075497140929
Q45518856	6000000075480041471
Q45518859	6000000074746875320
Q45518861	6000000075482020949
Q45518877	6000000075506824846
Q45518899	6000000075497148909
Q45518921	6000000075421364824
Q45518924	6000000075482076876
Q45518939	6000000075505614571
Q45518963	6000000075497174934
Q45518985	6000000074747287892
Q45518988	6000000075481614017
Q45519003	6000000075506834822
Q45519022	6000000074727600010
Q45519028	6000000075496182340
Q45519034	6000000029594724447
Q45519052	6000000075481856090
Q45519066	6000000075506379045
Q45519095	6000000075497135865
Q45519112	6000000074730486834
Q45519116	6000000075481785001
Q45519130	6000000075506546001
Q45519158	6000000075497331822
Q45519176	6000000074726979448
Q45519181	6000000075423344910
Q45519193	6000000075506460034
Q45519220	6000000075491513084
Q45519243	6000000075482111846
Q45519246	6000000031525044160
Q45519256	6000000075505989257
Q45519284	6000000075497336834
Q45519304	6000000074736650829
Q45519306	6000000075481417412
Q45519321	6000000075506713887
Q45519348	6000000075497008010
Q45519368	6000000075481688167
Q45519383	6000000075506641973
Q45519414	6000000075497051958
Q45519429	6000000074786659889
Q45519431	6000000075482072862
Q45519447	6000000075506587944
Q45519477	6000000075497226888
Q45519492	6000000075324982797
Q45519494	6000000075482084923
Q45519508	6000000075504988809
Q45519540	6000000075497078956
Q45519556	6000000075485952401
Q45519558	6000000075481065560
Q45519572	6000000075506267103
Q45519605	6000000075497031980
Q45519618	6000000075502114866
Q45519619	6000000075482198882
Q45519620	6000000074747427988
Q45519635	6000000075506335166
Q45519669	6000000075496670189
Q45519683	6000000075426698083
Q45519684	6000000074746930295
Q45519685	6000000075481181488
Q45519698	6000000075506564956
Q45519731	6000000075492127943
Q45519745	6000000075430823939
Q45519746	6000000074747218112
Q45519747	6000000075481466378
Q45519761	6000000075506812848
Q45519795	6000000075497320859
Q45519808	6000000075431374835
Q45519809	6000000074747413977
Q45519810	6000000075482070934
Q45519823	6000000075505570547
Q45519857	6000000075497141943
Q45519872	6000000075490681932
Q45519873	6000000074747503907
Q45519874	6000000075425744208
Q45519887	6000000075506795851
Q455199	6000000145610089822
Q45519924	6000000075496346305
Q45519936	6000000075422660857
Q45519937	6000000074747061215
Q45519938	6000000075482236822
Q45519950	6000000075506796846
Q45519959	6000000075496988994
Q45519981	6000000075484419452
Q45519983	6000000074747474909
Q45519985	6000000075482134864
Q45520010	6000000075506198234
Q45520021	6000000075496670194
Q45520046	6000000075482728856
Q45520047	6000000074750165821
Q45520048	6000000074747205209
Q45520050	6000000075481588203
Q45520076	6000000075506131155
Q45520086	6000000075497201920
Q45520108	6000000074734208000
Q45520110	6000000074747478944
Q45520111	6000000075482228826
Q45520138	6000000075506527942
Q45520171	6000000075488733951
Q45520173	6000000074747351030
Q45520174	6000000075482168880
Q45520199	6000000075506690891
Q45520212	6000000075497123964
Q45520235	6000000074733981217
Q45520237	6000000074747281038
Q45520238	6000000075481577342
Q45520261	6000000075506657970
Q45520275	6000000075497135908
Q45520299	6000000075426901089
Q45520301	6000000074747041212
Q45520302	6000000075481131520
Q45520325	6000000075506731891
Q45520339	6000000075497366838
Q45520363	6000000075505991858
Q45520365	6000000074747210104
Q45520366	6000000075481403407
Q45520389	6000000075506382047
Q45520402	6000000075496935080
Q45520426	6000000075426084615
Q45520427	6000000074747619821
Q45520429	6000000075481688197
Q45520453	6000000075506378078
Q45520467	6000000075497038066
Q45520490	6000000075413805862
Q45520493	6000000075482219864
Q455205	6000000002656568947
Q45520516	6000000075506513041
Q45520531	6000000075497359839
Q45520553	6000000074728639849
Q45520554	6000000074747254030
Q45520556	6000000075481620168
Q45520577	6000000075506832824
Q45520593	6000000075497138015
Q45520617	6000000075492727968
Q45520619	6000000074747288022
Q45520621	6000000075482108900
Q45520642	6000000075506579987
Q45520658	6000000075494185213
Q45520683	6000000074747295011
Q45520685	6000000075430041892
Q45520706	6000000075506231152
Q45520722	6000000075497408821
Q45520745	6000000075499749856
Q45520748	6000000074747405968
Q45520750	6000000075482074921
Q45520771	6000000075506379075
Q45520785	6000000075497264901
Q45520809	6000000075420426900
Q45520812	6000000075482241834
Q45520834	6000000075506703875
Q45520847	6000000075496633179
Q45520873	6000000074784240925
Q45520874	6000000074747240047
Q45520876	6000000075481993972
Q45520899	6000000075504866913
Q455209	6000000000307276925
Q45520912	6000000075497379857
Q45520937	6000000075489578835
Q45520938	6000000075482066929
Q45520939	6000000074747484896
Q45520976	6000000075496502324
Q45520988	6000000074746288874
Q45520999	6000000075058027146
Q45521001	6000000075481964969
Q45521005	6000000074747254035
Q45521038	6000000075497407836
Q45521067	6000000075481638220
Q45521071	6000000074757580188
Q45521089	6000000075613682862
Q45521102	6000000075497392861
Q45521127	6000000075481766824
Q45521131	6000000075482091918
Q45521132	6000000074758092821
Q45521153	6000000075506780858
Q45521165	6000000075496960024
Q45521190	6000000075421109857
Q45521194	6000000075481107538
Q45521195	6000000074757260354
Q45521216	6000000075506327088
Q45521228	6000000075497112021
Q45521254	6000000075501383991
Q45521256	6000000038221189859
Q45521258	6000000074757677096
Q45521279	6000000075613206090
Q45521293	6000000075497317913
Q45521320	6000000075482297822
Q45521322	6000000074757655057
Q45521343	6000000075613661836
Q45521358	6000000075497317918
Q45521380	6000000075430462951
Q45521382	6000000075481762123
Q45521384	6000000074757675104
Q45521405	6000000075613655877
Q45521426	6000000075497143007
Q45521446	6000000075487270252
Q45521448	6000000075482252854
Q45521470	6000000075506711909
Q45521490	6000000074752244520
Q45521510	6000000074787329962
Q45521512	6000000075481896114
Q45521516	6000000074758080829
Q45521534	6000000075505300513
Q45521554	6000000075496369465
Q45521573	6000000075422241939
Q45521575	6000000075481980000
Q45521579	6000000074757732075
Q45521598	6000000075506563078
Q45521621	6000000075497258938
Q45521636	6000000075428881156
Q45521637	6000000075481078578
Q45521642	6000000074758100836
Q45521684	6000000075497417860
Q45521692	6000000078059850863
Q45521699	6000000074734497908
Q45521700	6000000075482252859
Q45521704	6000000074757595080
Q45521726	6000000075506780875
Q45521763	6000000075501704072
Q45521764	6000000075481776162
Q45521768	6000000074757815940
Q45521790	6000000075506495020
Q45521799	6000000071698078885
Q45521812	6000000074687794901
Q45521826	6000000075423734298
Q45521827	6000000075481065662
Q45521831	6000000074758046857
Q45521853	6000000075506840846
Q45521877	6000000075497209947
Q45521890	6000000074737370880
Q45521891	6000000075482295825
Q45521895	6000000074757732061
Q45521916	6000000075505058702
Q45521939	6000000075497446829
Q45521954	6000000075485973093
Q45521955	6000000075482139882
Q45521978	6000000075506713914
Q45522004	6000000075497421830
Q45522018	6000000075499147949
Q45522019	6000000075481843177
Q45522022	6000000074756915565
Q45522042	6000000075506428054
Q45522068	6000000075491782279
Q45522080	6000000075424585126
Q45522082	6000000075481825104
Q45522106	6000000075506091212
Q45522129	6000000075497332892
Q45522141	6000000074758711986
Q45522169	6000000075506751869
Q45522194	6000000075497103010
Q455222	6000000009308034797
Q45522204	6000000075423057020
Q45522206	6000000075482319831
Q45522231	6000000075506712972
Q45522259	6000000075497218956
Q45522269	6000000075500896906
Q45522271	6000000075482248856
Q45522293	6000000075506619013
Q45522320	6000000074687591019
Q45522332	6000000075427010833
Q45522334	6000000075482141922
Q45522356	6000000075506722888
Q45522386	6000000075497437841
Q45522395	6000000075501882960
Q45522397	6000000075482250869
Q45522398	6000000074757696040
Q45522448	6000000074687839864
Q45522456	6000000075426263437
Q45522459	6000000074757677968
Q45522460	6000000075482311828
Q45522482	6000000075506734908
Q45522517	6000000075497123045
Q45522520	6000000075487093821
Q45522522	6000000074757141434
Q45522523	6000000075482130940
Q45522546	6000000075506867831
Q45522580	6000000075497253947
Q45522583	6000000075426452833
Q45522586	6000000074758034854
Q45522587	6000000075481943079
Q45522609	6000000075505058715
Q45522645	6000000075497013077
Q45522647	6000000075480434339
Q45522650	6000000075482238850
Q45522652	6000000074757956884
Q45522675	6000000075505903348
Q45522701	6000000074758586598
Q45522711	6000000075496794200
Q45522712	6000000075482915936
Q45522714	6000000075481781213
Q45522716	6000000074758066821
Q45522737	6000000075506326164
Q45522765	6000000074759397111
Q45522775	6000000075480882102
Q45522777	6000000075497245031
Q45522778	6000000075482311840
Q45522780	6000000074757993903
Q45522803	6000000075506895826
Q45522827	6000000074758683577
Q45522836	6000000075424059899
Q45522839	6000000075497177992
Q45522840	6000000075482249847
Q45522843	6000000074757758081
Q45522866	6000000075506668909
Q45522891	6000000074759677907
Q455229	6000000017183804273
Q45522900	6000000075424788871
Q45522903	6000000075497232004
Q45522904	6000000075482007042
Q45522907	6000000074757988890
Q45522931	6000000075506085285
Q45522955	6000000074759621995
Q45522963	6000000074793160895
Q45522967	6000000075481213474
Q45522969	6000000075497460849
Q45522994	6000000075506131164
Q45523018	6000000074759596973
Q45523025	6000000075485307071
Q45523029	6000000075481236519
Q45523030	6000000074687705958
Q45523057	6000000075506780887
Q45523083	6000000074759682954
Q45523090	6000000075425045107
Q45523096	6000000075497103044
Q45523121	6000000075506633967
Q45523145	6000000074759146384
Q45523155	6000000074770968115
Q45523159	6000000075481880122
Q45523160	6000000075496738355
Q45523186	6000000075506775885
Q45523210	6000000074759660004
Q45523218	6000000075423214843
Q45523223	6000000075481677166
Q45523248	6000000075506536976
Q45523271	6000000074759849822
Q45523279	6000000075421690303
Q45523284	6000000075482219927
Q45523290	6000000075497284922
Q45523318	6000000075506456126
Q45523326	6000000033247329459
Q45523336	6000000074759689958
Q45523344	6000000075488529710
Q45523349	6000000075482316837
Q45523356	6000000074770553918
Q45523396	6000000074759854829
Q455234	6000000176190667856
Q45523405	6000000075426564821
Q45523409	6000000075481762171
Q45523411	6000000074757274307
Q45523444	6000000075506821879
Q45523459	6000000074758790752
Q45523469	6000000075482069962
Q45523470	6000000075426768935
Q45523472	6000000074757630147
Q45523508	6000000075506467108
Q45523523	6000000074759624930
Q45523533	6000000075481658277
Q45523534	6000000075487450137
Q45523536	6000000074757940882
Q45523547	6000000075497232025
Q45523587	6000000074759638003
Q45523597	6000000075481401508
Q45523598	6000000075499679274
Q455236	6000000209286456826
Q45523600	6000000074757988874
Q45523612	6000000075496947210
Q45523632	6000000075506622943
Q45523650	6000000074759700967
Q45523660	6000000075499210923
Q45523661	6000000075482164881
Q45523679	6000000075496688291
Q45523696	6000000075506887862
Q45523713	6000000074759837890
Q45523723	6000000075488870899
Q45523746	6000000075494842524
Q45523759	6000000075506802886
Q45523775	6000000074759681963
Q45523785	6000000075489816868
Q45523786	6000000075481607319
Q45523809	6000000075497372904
Q45523823	6000000075506902834
Q45523840	6000000074759847854
Q45523850	6000000075499066140
Q45523851	6000000075481877173
Q45523876	6000000074687595874
Q45523885	6000000075505989332
Q45523902	6000000074759513171
Q45523912	6000000075484693277
Q45523921	6000000075481181517
Q45523938	6000000075497400940
Q45523949	6000000075505122535
Q45523965	6000000074759792886
Q45523975	6000000075485977896
Q45523976	6000000074758004886
Q45523982	6000000075482324901
Q45524002	6000000075496947217
Q45524010	6000000075506174283
Q45524028	6000000074759692977
Q45524039	6000000074757690220
Q45524040	6000000075481981940
Q45524045	6000000075482346828
Q45524073	6000000075506760939
Q45524090	6000000074759142216
Q45524104	6000000075501983821
Q45524107	6000000075482202930
Q45524125	6000000075496832378
Q45524136	6000000075506716919
Q45524158	6000000074759142220
Q45524162	6000000074717201964
Q45524165	6000000075426106824
Q45524168	6000000074758762139
Q45524187	6000000075497386912
Q45524198	6000000075506855858
Q45524220	6000000074759793821
Q45524226	6000000074717284897
Q45524231	6000000075507841515
Q45524232	6000000075482195907
Q45524251	6000000074789782009
Q45524262	6000000075506525014
Q45524284	6000000074759682900
Q45524288	6000000074717211109
Q45524291	6000000075501208859
Q45524296	6000000075482055039
Q45524313	6000000075497418943
Q45524325	6000000075506619946
Q45524348	6000000074759526021
Q45524352	6000000074716784256
Q45524355	6000000075486570952
Q45524361	6000000075482368843
Q45524377	6000000075061380986
Q45524388	6000000075506912886
Q45524412	6000000074759696893
Q45524416	6000000074717319861
Q45524440	6000000075497369917
Q45524450	6000000075506699948
Q45524473	6000000074759590986
Q45524478	6000000074716950954
Q45524480	6000000075491790174
Q45524489	6000000075482302876
Q45524505	6000000074687640839
Q45524514	6000000075506556970
Q45524537	6000000074759532018
Q45524543	6000000074716226237
Q45524546	6000000074749249069
Q45524554	6000000075481781226
Q45524568	6000000075496845225
Q45524577	6000000075505688408
Q45524601	6000000074759415170
Q45524606	6000000074717155949
Q45524608	6000000074752958938
Q45524616	6000000075481506374
Q45524632	6000000075497404858
Q45524643	6000000075506831866
Q45524666	6000000074758586591
Q45524672	6000000074717363874
Q45524674	6000000075426646893
Q45524704	6000000075506428099
Q45524727	6000000074759552024
Q45524733	6000000074716359242
Q45524735	6000000075492986856
Q45524743	6000000075481642246
Q45524765	6000000075506947824
Q45524790	6000000074759692899
Q45524796	6000000074717277924
Q45524798	6000000075494676887
Q45524806	6000000075481790151
Q45524827	6000000075506103285
Q45524853	6000000074758702574
Q45524858	6000000074717202006
Q45524860	6000000075481656851
Q45524869	6000000075482297888
Q4552488	6000000044804776880
Q45524888	6000000075506512033
Q45524915	6000000074759262170
Q45524921	6000000074717332885
Q45524922	6000000075482829843
Q45524932	6000000075481934057
Q45524952	6000000075613594931
Q45524961	6000000075497409879
Q45524978	6000000074759785837
Q45524983	6000000074716927095
Q45524984	6000000075422814863
Q45524996	6000000075482308933
Q45525016	6000000075613578891
Q45525025	6000000075497030178
Q45525041	6000000074759777834
Q45525046	6000000074717212043
Q45525048	6000000075492825848
Q45525058	6000000075482386839
Q45525081	6000000075612865167
Q45525091	6000000075497388923
Q45525105	6000000074759371099
Q45525111	6000000074716996118
Q45525112	6000000075425581613
Q45525123	6000000075482056032
Q45525145	6000000075506960834
Q45525154	6000000075497423865
Q45525161	6000000013869544657
Q45525169	6000000074759186211
Q45525175	6000000074717268965
Q45525176	6000000075484345931
Q45525186	6000000075481856214
Q45525207	6000000075506460079
Q45525219	6000000075497459838
Q45525233	6000000074759142177
Q45525240	6000000074717418827
Q45525241	6000000075416060024
Q45525252	6000000075422464870
Q45525272	6000000075506440126
Q45525285	6000000075497552833
Q45525298	6000000074759142181
Q45525305	6000000074717046111
Q45525306	6000000075491727298
Q45525315	6000000075482371848
Q45525349	6000000075492199257
Q45525359	6000000074759382022
Q45525365	6000000074717308896
Q45525368	6000000075497112187
Q45525380	6000000075482399834
Q45525417	6000000075497088113
Q45525424	6000000074759587902
Q45525431	6000000074717366870
Q45525442	6000000075481911084
Q45525481	6000000075496918177
Q45525489	6000000074759725822
Q45525495	6000000074717200020
Q45525497	6000000075424338175
Q45525500	6000000033247349660
Q45525507	6000000075482170934
Q45525535	6000000075506870857
Q45525545	6000000075497560823
Q45525553	6000000074759388062
Q45525559	6000000074717357868
Q45525561	6000000075492111883
Q45525570	6000000075482307917
Q45525598	6000000075506805920
Q45525612	6000000075496864245
Q45525618	6000000074759598892
Q45525624	6000000074717379856
Q45525626	6000000075419798885
Q45525634	6000000075482276901
Q45525661	6000000075506708979
Q45525674	6000000075497338001
Q45525681	6000000074759608906
Q45525688	6000000074716494296
Q45525690	6000000075423028171
Q45525699	6000000075482323891
Q455257	6000000021478267728
Q45525725	6000000075506983844
Q45525738	6000000075497147122
Q45525745	6000000074759698852
Q45525754	6000000074717340901
Q45525762	6000000075481027677
Q45525787	6000000075506723939
Q45525801	6000000075496970133
Q45525808	6000000074759232130
Q45525817	6000000074717322935
Q45525818	6000000074770143114
Q45525825	6000000075482382847
Q45525851	6000000075507023822
Q45525863	6000000075497458890
Q45525871	6000000074759698856
Q45525879	6000000074717242977
Q45525880	6000000075497037980
Q45525888	6000000075481653312
Q45525913	6000000075506875876
Q45525926	6000000075497331955
Q45525935	6000000074759621901
Q45525943	6000000074716340261
Q45525944	6000000075493076833
Q45525950	6000000075482419845
Q45525982	6000000075507029829
Q45525990	6000000075497150055
Q45525999	6000000074759175186
Q45526006	6000000074747400963
Q45526008	6000000075491773053
Q45526014	6000000075481211574
Q45526045	6000000075506970883
Q45526053	6000000075497149076
Q45526061	6000000074758863278
Q45526070	6000000075492096874
Q45526077	6000000075482355933
Q45526106	6000000075506713030
Q45526116	6000000075497150072
Q45526126	6000000074759472916
Q45526135	6000000075494857829
Q45526141	6000000075482313926
Q45526170	6000000075506997855
Q45526178	6000000075497036181
Q45526188	6000000074759658905
Q45526199	6000000075483674673
Q45526205	6000000075481773194
Q45526233	6000000075506918864
Q45526244	6000000075497073136
Q45526252	6000000074759577974
Q45526262	6000000075497283981
Q45526269	6000000075481009707
Q45526298	6000000075506620026
Q45526309	6000000075496947273
Q45526315	6000000074759671876
Q45526325	6000000075492876897
Q45526333	6000000075481122671
Q45526361	6000000075507048821
Q45526372	6000000075497426926
Q45526378	6000000074759740823
Q45526389	6000000075497202917
Q45526397	6000000075482356925
Q45526426	6000000075506780952
Q45526436	6000000075497611822
Q45526444	6000000074759630919
Q45526454	6000000075489735893
Q45526462	6000000075482329937
Q45526488	6000000075506849948
Q45526501	6000000075497229085
Q45526509	6000000074759582933
Q45526520	6000000075426034945
Q45526528	6000000075482339926
Q45526551	6000000075507052827
Q45526566	6000000075496947283
Q45526572	6000000074759175192
Q45526582	6000000075422065972
Q45526590	6000000075482104147
Q45526614	6000000075507039827
Q45526628	6000000075497115148
Q45526634	6000000074759699853
Q45526645	6000000075497522856
Q45526654	6000000075482087957
Q45526679	6000000075507054833
Q45526693	6000000075497112152
Q45526699	6000000074759417036
Q45526708	6000000075499928825
Q45526717	6000000075482328954
Q45526742	6000000075507061822
Q45526756	6000000075496795059
Q45526762	6000000074759580979
Q45526771	6000000075487621891
Q45526781	6000000075481386404
Q45526798	6000000075509117853
Q45526807	6000000075507016848
Q45526821	6000000075497333011
Q45526827	6000000074759541877
Q45526835	6000000074749097990
Q45526844	6000000074702114870
Q45526869	6000000075506705988
Q45526885	6000000075497165928
Q45526889	6000000074759364990
Q45526899	6000000075426975891
Q45526910	6000000075482409857
Q45526933	6000000075506863909
Q45526951	6000000074727793860
Q45526954	6000000074759595870
Q45526963	6000000075424354831
Q45526976	6000000075481155719
Q45526997	6000000075506990840
Q45527009	6000000049770871017
Q45527013	6000000075497550892
Q45527017	6000000074759404053
Q45527028	6000000075425474015
Q45527040	6000000075481677212
Q45527052	6000000020170463246
Q45527061	6000000075506903927
Q45527077	6000000075497628827
Q45527080	6000000074759624841
Q45527092	6000000075499965892
Q45527104	6000000075481228625
Q45527126	6000000075506774954
Q45527140	6000000075497590831
Q45527153	6000000074731149135
Q45527167	6000000075482113070
Q45527188	6000000075507004874
Q45527202	6000000075497409895
Q45527217	6000000075500563025
Q45527231	6000000075482364889
Q45527257	6000000075613154120
Q45527266	6000000075497652832
Q45527280	6000000075423936840
Q45527291	6000000075482238926
Q45527322	6000000075505964435
Q45527331	6000000074759078274
Q45527332	6000000075497560862
Q45527344	6000000074734852839
Q45527356	6000000075481790224
Q45527385	6000000075506999851
Q45527394	6000000074759343084
Q45527395	6000000075496879098
Q45527407	6000000075485255247
Q45527419	6000000075481763237
Q45527447	6000000075613409034
Q45527457	6000000075497539906
Q45527458	6000000074759256133
Q45527469	6000000075485352063
Q45527484	6000000075481905181
Q45527510	6000000075506986873
Q45527520	6000000075497572854
Q45527521	6000000074759578953
Q45527533	6000000075426112821
Q45527547	6000000075482417902
Q45527564	6000000075554346836
Q45527573	6000000075507060854
Q45527584	6000000074758790652
Q45527586	6000000075497612857
Q45527598	6000000075423535057
Q45527606	6000000075507610969
Q45527611	6000000075482241984
Q45527637	6000000075506497142
Q45527650	6000000075497619856
Q45527662	6000000075500211983
Q45527673	6000000075481900262
Q45527700	6000000075506810909
Q45527710	6000000074759582941
Q45527713	6000000075497637843
Q45527726	6000000075481454006
Q45527736	6000000075420409976
Q45527775	6000000074759542984
Q45527778	6000000075497539923
Q45527791	6000000075481775859
Q45527801	6000000057600502858
Q45527802	6000000075481733274
Q45527828	6000000075505826434
Q45527839	6000000074759262134
Q45527842	6000000075497661833
Q45527854	6000000075489644922
Q45527866	6000000075482356955
Q45527891	6000000075507035852
Q45527902	6000000074759316146
Q45527905	6000000075496670339
Q45527918	6000000075487465796
Q45527932	6000000075481616383
Q45527955	6000000075506975900
Q45527966	6000000074759571898
Q45527969	6000000075497433914
Q45527979	6000000075484641923
Q45527995	6000000075482448847
Q45528021	6000000075506509126
Q45528031	6000000074758960488
Q45528034	6000000075497292137
Q45528044	6000000075429761872
Q45528059	6000000074705063860
Q45528084	6000000075507067833
Q45528094	6000000074758852365
Q45528097	6000000075496770385
Q45528107	6000000075485688842
Q45528121	6000000075482387866
Q45528145	6000000075506460107
Q45528157	6000000074759618901
Q45528160	6000000075497670840
Q45528184	6000000075481027781
Q45528209	6000000075507033860
Q45528220	6000000074759738852
Q45528226	6000000075497175160
Q45528234	6000000075422806052
Q45528248	6000000075481496336
Q45528271	6000000075506857000
Q45528282	6000000074759488934
Q45528288	6000000075497436998
Q45528296	6000000075431111828
Q45528311	6000000075482083068
Q45528334	6000000075507032846
Q45528344	6000000074759744839
Q45528349	6000000075497607907
Q45528358	6000000075423541016
Q45528373	6000000075482083073
Q45528398	6000000075506961893
Q45528407	6000000074759580986
Q45528413	6000000075496859352
Q45528420	6000000075498853180
Q45528436	6000000075481781331
Q45528461	6000000075507034839
Q45528470	6000000074759699882
Q45528476	6000000075497496998
Q45528483	6000000074725055964
Q45528499	6000000075482474835
Q45528523	6000000075506903937
Q45528531	6000000074759561959
Q45528538	6000000075497590871
Q45528544	6000000075427342870
Q45528561	6000000075482456858
Q45528584	6000000075506898926
Q45528593	6000000074759586970
Q45528600	6000000075496369651
Q45528606	6000000074734871834
Q45528624	6000000075482462852
Q45528656	6000000074759765833
Q45528664	6000000075497667861
Q45528671	6000000075423870837
Q45528688	6000000075481131700
Q45528711	6000000075507072857
Q45528719	6000000074759739838
Q45528729	6000000075496803238
Q45528735	6000000075420805859
Q45528752	6000000075481809279
Q45528765	6000000075504810714
Q45528773	6000000075506911935
Q45528782	6000000074759502056
Q45528790	6000000075497759821
Q45528796	6000000075424972841
Q45528814	6000000075482056121
Q45528836	6000000075506750015
Q45528846	6000000074759582964
Q45528854	6000000075497652908
Q45528860	6000000074312968873
Q45528877	6000000075482499829
Q45528900	6000000075506976870
Q45528908	6000000074759527009
Q45528916	6000000075497323039
Q45528922	6000000075481840947
Q45528941	6000000074758387869
Q45528964	6000000075506925895
Q45528973	6000000074759471015
Q45528980	6000000075497325010
Q45528988	6000000075420559000
Q45529006	6000000074757865116
Q45529030	6000000075506905950
Q45529038	6000000074758937444
Q45529044	6000000074728139256
Q45529052	6000000075499570865
Q45529069	6000000075482318939
Q45529092	6000000075506607109
Q45529100	6000000074759707866
Q45529107	6000000075497731865
Q45529115	6000000075497555917
Q45529133	6000000075482361974
Q45529155	6000000075507125830
Q45529164	6000000074759751857
Q45529170	6000000075497178167
Q45529178	6000000075428764826
Q45529196	6000000075482216074
Q45529219	6000000075506967883
Q45529228	6000000074759349191
Q45529234	6000000075497682904
Q45529241	6000000075499380879
Q45529261	6000000075481762309
Q45529284	6000000075507102864
Q45529293	6000000074759513110
Q45529299	6000000075497702873
Q45529317	6000000039081643882
Q45529323	6000000075482479877
Q45529345	6000000075506761080
Q45529355	6000000074759728853
Q45529356	6000000075508572097
Q45529359	6000000074738212288
Q45529365	6000000075497497899
Q45529370	6000000075502140821
Q45529386	6000000075481458489
Q45529411	6000000075506975946
Q45529420	6000000074759698821
Q45529424	6000000074739556915
Q45529429	6000000075497763824
Q45529433	6000000075428610035
Q45529450	6000000075481181583
Q45529473	6000000075506996870
Q45529482	6000000074759560928
Q45529487	6000000074739704852
Q45529492	6000000075497780822
Q45529496	6000000075489513333
Q45529513	6000000075481974200
Q45529537	6000000075507096841
Q45529547	6000000074759253069
Q45529556	6000000075497639960
Q45529561	6000000075425057241
Q45529578	6000000075481642402
Q45529586	6000000074738993963
Q45529601	6000000075507114854
Q45529611	6000000074759589874
Q45529620	6000000075497516938
Q45529624	6000000075498310332
Q45529642	6000000075482431907
Q45529665	6000000075506924943
Q45529676	6000000074759666847
Q45529685	6000000075497717886
Q45529689	6000000075429456985
Q45529706	6000000075482399901
Q45529728	6000000075507047867
Q45529748	6000000075497792845
Q45529752	6000000075488913235
Q45529770	6000000075482318028
Q45529793	6000000075506834999
Q45529802	6000000074759276123
Q45529811	6000000075497530948
Q45529833	6000000075392014440
Q45529836	6000000075482431919
Q45529856	6000000075507053856
Q45529866	6000000074759339097
Q45529875	6000000075497146174
Q455299	6000000004654969169
Q45529900	6000000075482429909
Q45529919	6000000075507017921
Q45529931	6000000074759652871
Q45529941	6000000075497641893
Q45529945	6000000075500276112
Q45529965	6000000075482520866
Q45529982	6000000075507160829
Q45529996	6000000074759513030
Q45530005	6000000075497556920
Q45530009	6000000075424031890
Q45530028	6000000075482092117
Q45530057	6000000074758717440
Q45530067	6000000075497432075
Q45530071	6000000075431133870
Q45530092	6000000075482330045
Q45530109	6000000075506984927
Q45530121	6000000074759699823
Q45530131	6000000075497514968
Q45530135	6000000075426835884
Q45530154	6000000075482007214
Q45530172	6000000075507163825
Q45530184	6000000074759028175
Q45530195	6000000075497577942
Q45530199	6000000074711798086
Q45530217	6000000075482433932
Q45530237	6000000075506986901
Q45530249	6000000074758870427
Q45530263	6000000075489802852
Q45530264	6000000075496369726
Q45530282	6000000075482117131
Q45530299	6000000075507070878
Q45530311	6000000074759697840
Q45530326	6000000075497678878
Q45530327	6000000075424078697
Q45530346	6000000075482497861
Q45530362	6000000075506855974
Q45530374	6000000074759552953
Q45530389	6000000075497804833
Q45530391	6000000075422367924
Q45530410	6000000075481781413
Q45530427	6000000075506276290
Q45530438	6000000074759142173
Q45530453	6000000074787472821
Q45530454	6000000075484034126
Q45530458	6000000032919650837
Q45530474	6000000075407047940
Q45530492	6000000075506774998
Q45530503	6000000074759347036
Q45530518	6000000075497685918
Q45530519	6000000075424283253
Q45530554	6000000075507183830
Q45530565	6000000074759630892
Q45530581	6000000075497721890
Q45530582	6000000075499320974
Q45530600	6000000075482467963
Q45530621	6000000075507138857
Q45530632	6000000074759364059
Q45530646	6000000075484001951
Q45530648	6000000075497340070
Q45530664	6000000075482341066
Q45530683	6000000075506658088
Q45530695	6000000074759805845
Q455307	6000000009294393561
Q45530709	6000000075428601071
Q45530726	6000000075482429923
Q45530745	6000000075506658093
Q45530758	6000000074759778840
Q45530775	6000000075485509116
Q45530779	6000000075497608937
Q45530791	6000000075481925178
Q45530809	6000000075506805025
Q45530821	6000000074759450097
Q45530837	6000000075420699317
Q45530841	6000000075497854834
Q45530854	6000000075481954176
Q45530873	6000000075505964480
Q45530885	6000000074759760863
Q4553090	6000000037375722483
Q45530903	6000000075501356849
Q45530908	6000000075497323098
Q45530920	6000000075482073031
Q45530938	6000000075506573133
Q45530948	6000000074759203248
Q45530964	6000000075482805939
Q45530971	6000000075497615918
Q45530985	6000000075482254065
Q45531002	6000000075507061900
Q45531012	6000000074759621950
Q45531028	6000000075485879837
Q45531036	6000000075497520088
Q45531050	6000000075482465950
Q45531065	6000000075507034898
Q45531075	6000000074759544121
Q45531093	6000000075422773482
Q45531099	6000000075497377111
Q45531114	6000000075481925195
Q45531119	6000000074788650865
Q45531129	6000000075506460189
Q45531138	6000000074759601998
Q45531157	6000000075420589031
Q45531164	6000000075497868822
Q45531180	6000000075482320030
Q45531194	6000000075507047873
Q45531203	6000000074759650886
Q45531220	6000000075423662909
Q45531228	6000000075497608016
Q45531257	6000000075506394313
Q4553126	6000000012107123926
Q45531266	6000000074759780824
Q45531285	6000000075501980963
Q45531291	6000000075497601958
Q455313	6000000180853394843
Q45531309	6000000075482324040
Q45531322	6000000075507160868
Q45531331	6000000074759383075
Q45531350	6000000075426431915
Q45531356	6000000075497774874
Q45531372	6000000075482495859
Q45531387	6000000075507059893
Q45531396	6000000074759427131
Q45531412	6000000074788947636
Q45531421	6000000075497625958
Q45531437	6000000074699334909
Q45531450	6000000075507178845
Q45531461	6000000074759521073
Q45531477	6000000075427458998
Q45531485	6000000075497030284
Q45531502	6000000075482585823
Q45531514	6000000075507014979
Q45531523	6000000074759552047
Q45531547	6000000075497702909
Q45531565	6000000075482318081
Q45531577	6000000075507114881
Q45531586	6000000074759708931
Q45531602	6000000075428848872
Q45531609	6000000075497338167
Q45531627	6000000075482525857
Q45531640	6000000075506970994
Q45531650	6000000074758651554
Q45531666	6000000075426346123
Q45531672	6000000075497702926
Q45531691	6000000075482492920
Q455317	6000000001394323644
Q45531704	6000000075507206834
Q45531714	6000000074759794841
Q45531736	6000000075497838857
Q45531756	6000000075482523870
Q45531767	6000000075507098913
Q45531776	6000000074759760880
Q45531793	6000000075501505178
Q45531799	6000000075497768890
Q45531819	6000000075482049128
Q45531830	6000000075507120876
Q45531839	6000000074759804846
Q45531863	6000000075497895834
Q45531882	6000000075482471910
Q45531894	6000000075507202837
Q45531901	6000000074759590997
Q45531918	6000000075425979061
Q45531926	6000000075497551054
Q45531948	6000000075482364058
Q45531966	6000000074759575940
Q45531983	6000000075428630012
Q45531992	6000000075497552998
Q45532011	6000000075482456934
Q45532023	6000000075506925988
Q45532028	6000000074759773865
Q45532045	6000000075428899856
Q45532053	6000000075497896846
Q45532075	6000000075482201088
Q45532086	6000000075507157842
Q45532093	6000000074758717524
Q45532110	6000000075425868959
Q45532120	6000000075497794912
Q45532157	6000000074759617009
Q45532173	6000000075428304972
Q45532182	6000000075497175280
Q45532199	6000000075482606822
Q45532211	6000000075507124844
Q45532237	6000000075499000240
Q45532246	6000000075497896863
Q45532263	6000000075482219106
Q45532275	6000000075506976894
Q455323	6000000073605569821
Q45532300	6000000075501387845
Q45532311	6000000075497545028
Q45532327	6000000075482320038
Q45532339	6000000075507151849
Q45532363	6000000075424801842
Q45532374	6000000075497002266
Q45532390	6000000075482317026
Q45532402	6000000075506805042
Q45532426	6000000075484509519
Q45532437	6000000075497778899
Q45532453	6000000075482570871
Q45532466	6000000075507148890
Q45532489	6000000075426132853
Q45532500	6000000075497719983
Q45532517	6000000075482546898
Q45532531	6000000075506556203
Q45532554	6000000074705053919
Q45532564	6000000075497724906
Q45532581	6000000075482370992
Q45532593	6000000075507165848
Q45532617	6000000075485169096
Q45532630	6000000075497625986
Q45532645	6000000075481862394
Q45532659	6000000075506971020
Q45532683	6000000075486876099
Q45532696	6000000075497401141
Q45532709	6000000075482480942
Q45532721	6000000075506986918
Q45532746	6000000074731063111
Q45532759	6000000075497926822
Q45532774	6000000075482194092
Q45532787	6000000075507194849
Q45532812	6000000075421518826
Q45532824	6000000075497870843
Q45532838	6000000075504375162
Q45532839	6000000075482119194
Q45532850	6000000075507238842
Q45532888	6000000075497608992
Q455329	6000000006866801853
Q45532903	6000000075482209118
Q45532914	6000000075507254823
Q45532939	6000000075501505015
Q45532952	6000000075497602969
Q45532967	6000000075482149164
Q45532971	6000000074770920037
Q45532978	6000000075507116881
Q45533003	6000000075427214956
Q45533016	6000000075496910311
Q45533029	6000000075482520927
Q45533043	6000000075506460210
Q45533067	6000000075485307092
Q45533077	6000000075497930838
Q45533094	6000000075481671440
Q45533104	6000000075507260834
Q45533113	6000000074748975210
Q45533119	6000000032919571089
Q45533130	6000000075426787891
Q45533141	6000000075497758869
Q45533157	6000000075482521906
Q45533169	6000000075507013957
Q45533178	6000000074749456853
Q45533195	6000000075501984829
Q45533207	6000000075497305153
Q45533222	6000000075482617830
Q45533241	6000000074749351935
Q45533256	6000000075425913534
Q45533270	6000000075497761948
Q45533287	6000000075482623823
Q45533297	6000000075506858005
Q45533306	6000000074749452875
Q45533319	6000000075426130844
Q45533335	6000000075497482039
Q45533362	6000000075505989483
Q45533368	6000000074749402920
Q45533382	6000000075421134891
Q45533395	6000000075497583104
Q45533414	6000000075481506586
Q45533424	6000000075506737051
Q45533431	6000000074749443857
Q45533446	6000000075487600884
Q45533460	6000000075497824917
Q45533479	6000000075482616824
Q45533510	6000000075499311091
Q45533523	6000000075497880928
Q45533541	6000000075482592857
Q45533557	6000000075504929828
Q45533573	6000000075500606184
Q45533584	6000000074717638942
Q45533588	6000000075497983822
Q45533608	6000000075482540865
Q45533621	6000000075507163832
Q45533640	6000000074787645855
Q45533648	6000000074717734862
Q45533652	6000000075497986822
Q45533672	6000000074752549940
Q45533685	6000000075507177843
Q45533715	6000000075497661949
Q45533736	6000000074748022962
Q45533750	6000000075504914835
Q45533767	6000000075486667858
Q45533781	6000000075497893919
Q45533801	6000000075481927333
Q45533814	6000000075507279822
Q45533831	6000000075500612061
Q45533842	6000000075497864882
Q45533867	6000000075482383031
Q45533879	6000000075507015007
Q45533895	6000000075485035396
Q45533906	6000000075497859823
Q45533930	6000000075482399970
Q45533942	6000000075507139865
Q45533970	6000000075497928874
Q45534006	6000000075613987822
Q45534024	6000000075420100001
Q45534034	6000000075497389154
Q45534060	6000000075482611845
Q45534090	6000000075486717197
Q45534098	6000000075497432195
Q45534122	6000000074791069956
Q45534124	6000000075481506593
Q45534133	6000000075507261830
Q45534154	6000000075482440087
Q45534163	6000000075497387247
Q45534196	6000000075506976911
Q455342	6000000012654329004
Q45534216	6000000075485921895
Q45534225	6000000075497583151
Q45534252	6000000075482635846
Q45534261	6000000075507088915
Q45534281	6000000075488212041
Q45534289	6000000075497722021
Q45534318	6000000075481943354
Q45534327	6000000075506671097
Q45534346	6000000075480556348
Q45534354	6000000075497891928
Q45534380	6000000075482408010
Q45534390	6000000075506712008
Q45534411	6000000075425579969
Q45534419	6000000075497929866
Q45534442	6000000075482587858
Q45534453	6000000075507282840
Q45534472	6000000075422189852
Q45534480	6000000075497586145
Q45534504	6000000075482377053
Q45534514	6000000075506712013
Q45534534	6000000075500557977
Q45534542	6000000075497937927
Q45534567	6000000075482570896
Q45534578	6000000075506335334
Q45534598	6000000075424808007
Q45534607	6000000075497874920
Q45534632	6000000075427232821
Q45534643	6000000075507168854
Q45534661	6000000075428555891
Q45534670	6000000075498049822
Q45534671	6000000009847409477
Q45534696	6000000075481934288
Q45534702	6000000049774801838
Q45534707	6000000075507076898
Q45534724	6000000075424243156
Q45534733	6000000075497970842
Q45534762	6000000075482199227
Q45534771	6000000075506873081
Q45534789	6000000075426453970
Q45534799	6000000075498059822
Q45534824	6000000075482327154
Q45534837	6000000075507292839
Q45534856	6000000075490116747
Q45534864	6000000075497612079
Q45534866	6000000011637875034
Q45534889	6000000075482410075
Q45534901	6000000075506335346
Q45534920	6000000075501548914
Q45534929	6000000075497774964
Q45534954	6000000075482595886
Q45534964	6000000075507269836
Q45534985	6000000075485342324
Q45534993	6000000075497797006
Q455350	6000000021806367752
Q45535017	6000000075481580534
Q45535026	6000000075507255840
Q45535047	6000000075429168851
Q45535055	6000000075498521060
Q45535081	6000000075481754304
Q45535090	6000000075507023933
Q45535110	6000000075427803821
Q45535117	6000000075498581999
Q45535144	6000000075482283142
Q45535153	6000000075506835084
Q45535180	6000000075498531052
Q45535208	6000000075481982385
Q45535218	6000000075506456356
Q45535237	6000000075499438008
Q45535244	6000000075498932822
Q45535272	6000000075482131256
Q45535282	6000000075506620125
Q45535301	6000000074749293986
Q45535309	6000000075498896865
Q45535335	6000000075482504939
Q45535349	6000000075507222863
Q45535366	6000000075486717700
Q45535373	6000000075498824902
Q45535403	6000000075481862434
Q45535412	6000000075507310858
Q45535431	6000000075489724827
Q45535437	6000000075498920887
Q45535441	6000000018109325669
Q45535466	6000000075482410081
Q45535494	6000000075484780821
Q45535500	6000000075498731953
Q45535503	6000000075554567826
Q45535530	6000000075482258161
Q45535543	6000000075506929033
Q45535555	6000000075428965877
Q45535562	6000000075498924840
Q45535567	6000000018109132859
Q45535592	6000000075482539932
Q45535607	6000000075507243863
Q45535627	6000000075498927855
Q45535657	6000000075482556890
Q45535670	6000000075507135896
Q45535683	6000000075486335848
Q45535689	6000000075498006466
Q45535721	6000000075482460005
Q45535746	6000000075487515919
Q45535752	6000000075498922840
Q45535785	6000000075482711823
Q45535796	6000000075505122732
Q455358	6000000020169740518
Q45535811	6000000075427155961
Q45535816	6000000075498703944
Q45535849	6000000075481750454
Q45535859	6000000075506827030
Q45535874	6000000075491556829
Q45535879	6000000075498331081
Q45535914	6000000074690777978
Q45535924	6000000075506379305
Q45535938	6000000075482028909
Q45535944	6000000075498972822
Q45535978	6000000075482073081
Q45535987	6000000075507326822
Q45535999	6000000074716241979
Q45536001	6000000075420781866
Q45536006	6000000075498884927
Q45536043	6000000075481320614
Q45536052	6000000075507127914
Q45536063	6000000074717330901
Q45536065	6000000075488087029
Q45536070	6000000075498930862
Q455361	6000000020838064810
Q45536105	6000000075482367070
Q45536130	6000000075428483950
Q45536135	6000000075498843924
Q45536168	6000000075482426096
Q45536192	6000000074716187253
Q45536194	6000000075499311912
Q45536200	6000000075498762889
Q45536232	6000000075482324159
Q45536243	6000000075507253868
Q45536255	6000000074717155932
Q45536263	6000000074745334005
Q45536296	6000000075481688635
Q45536307	6000000075506658153
Q45536320	6000000074716169287
Q45536323	6000000075428945833
Q45536328	6000000075498653063
Q45536361	6000000075482729822
Q45536371	6000000075507191896
Q45536382	6000000074716326269
Q45536389	6000000075498867917
Q45536425	6000000075482732822
Q45536447	6000000074717303869
Q45536449	6000000075491687024
Q45536455	6000000075498965842
Q45536489	6000000075482383061
Q45536513	6000000075496987013
Q45536518	6000000075498933870
Q45536553	6000000075481506666
Q45536577	6000000075494213013
Q45536583	6000000075498160324
Q45536620	6000000074727875943
Q45536643	6000000075427186137
Q45536649	6000000075498916958
Q45536684	6000000075482726835
Q45536705	6000000075500754864
Q45536713	6000000075498600098
Q45536732	6000000075615338832
Q45536749	6000000075482661901
Q45536770	6000000074746512946
Q45536777	6000000075499027823
Q45536813	6000000075482546980
Q45536819	6000000075507344822
Q45536835	6000000075485074830
Q45536841	6000000075499021847
Q45536882	6000000075507238903
Q45536941	6000000075482107165
Q45536945	6000000075507250847
Q45536963	6000000075481950741
Q45536971	6000000075498965862
Q45537006	6000000075482640861
Q45537010	6000000075507311857
Q45537029	6000000075492255343
Q45537035	6000000075498501143
Q45537071	6000000075482657885
Q45537074	6000000075507120916
Q45537092	6000000075485262223
Q45537099	6000000075498463123
Q45537135	6000000075482477998
Q45537138	6000000075506547263
Q45537155	6000000075491879932
Q45537162	6000000075498345192
Q45537196	6000000075482345140
Q455372	6000000068864607048
Q45537200	6000000075507325848
Q45537218	6000000075481160871
Q45537223	6000000075498321260
Q45537259	6000000075481673335
Q45537265	6000000075505826518
Q45537277	6000000074757924945
Q45537283	6000000075492132837
Q45537288	6000000075498405217
Q45537324	6000000075481733454
Q45537341	6000000074757452281
Q45537351	6000000075497779592
Q45537387	6000000075428442868
Q45537391	6000000075507181870
Q45537405	6000000074757812029
Q45537409	6000000075492832906
Q45537414	6000000074733952025
Q45537450	6000000075428964844
Q45537454	6000000075507009931
Q45537472	6000000075492558868
Q45537478	6000000075498793041
Q45537515	6000000075482457000
Q45537517	6000000075507185912
Q45537536	6000000075421157845
Q45537542	6000000075498579257
Q45537580	6000000075506700132
Q45537605	6000000075498930938
Q45537640	6000000075482734840
Q45537642	6000000075507156895
Q45537660	6000000075497146922
Q45537667	6000000075498877031
Q45537702	6000000075482769822
Q45537703	6000000075507361822
Q45537719	6000000074758099821
Q45537722	6000000075422167857
Q45537730	6000000075498338291
Q45537765	6000000074717674835
Q45537766	6000000075507355836
Q45537783	6000000074757777038
Q45537786	6000000075424063975
Q45537792	6000000075498651209
Q455378	4076737
Q45537829	6000000075481320638
Q45537830	6000000075507139923
Q45537848	6000000074716177264
Q45537857	6000000075498852970
Q45537892	6000000075507013006
Q455379	6000000003308649929
Q45537910	6000000074716770146
Q45537920	6000000075499085885
Q45537941	6000000074791236836
Q45537956	6000000075482669896
Q45537957	6000000075507314835
Q45537973	6000000074717070061
Q45537983	6000000075499011947
Q45538021	6000000075507350834
Q45538037	6000000074717077086
Q45538040	6000000075492531907
Q45538045	6000000075499156851
Q45538085	6000000075482617949
Q45538086	6000000075507131974
Q45538113	6000000075498688035
Q45538147	6000000075482540950
Q45538157	6000000075507029925
Q45538175	6000000075499040899
Q45538212	6000000075482775834
Q45538222	6000000075507117926
Q45538234	6000000075424585248
Q45538242	6000000075498447375
Q45538275	6000000075482456024
Q45538285	6000000075507026935
Q45538296	6000000075484624853
Q45538304	6000000075499070918
Q45538338	6000000075482774846
Q45538349	6000000075507295861
Q45538361	6000000075484209167
Q45538371	6000000075498911011
Q45538401	6000000075482469108
Q45538413	6000000075507101937
Q45538423	6000000075497455852
Q45538434	6000000075498957078
Q45538435	6000000019265545491
Q45538437	6000000173400703214
Q45538464	6000000075482428036
Q45538476	6000000075506858046
Q45538486	6000000075492321892
Q45538497	6000000075499014909
Q45538498	6000000019265555698
Q45538539	6000000075507127931
Q45538549	6000000075429431056
Q45538560	6000000075499164875
Q45538561	6000000019265653748
Q455386	6000000000379764928
Q45538602	6000000075507160973
Q45538613	6000000075492211863
Q45538624	6000000075499175851
Q45538633	6000000075554585843
Q45538666	6000000075507335829
Q45538676	6000000075484358929
Q45538686	6000000075499031982
Q45538717	6000000075482684936
Q45538730	6000000075506198554
Q45538740	6000000075499557905
Q45538751	6000000075499058924
Q45538782	6000000075482271124
Q45538805	6000000075490057646
Q45538815	6000000075499240822
Q45538846	6000000075482176157
Q45538857	6000000075505122743
Q45538868	6000000075494456964
Q45538883	6000000075498440307
Q45538911	6000000075481934348
Q45538921	6000000075506791206
Q45538945	6000000075499220859
Q45538975	6000000075482501008
Q45538985	6000000075506752141
Q45538995	6000000075494724824
Q45539008	6000000075498440312
Q45539040	6000000075482733875
Q45539050	6000000075507251843
Q45539059	6000000075430183869
Q45539073	6000000075499225825
Q45539102	6000000075481386626
Q45539114	6000000075507347839
Q45539123	6000000075488159933
Q45539136	6000000075499230852
Q45539165	6000000075482715856
Q45539177	6000000075507369834
Q45539187	6000000075497032830
Q455392	6000000002188450144
Q45539200	6000000075497900786
Q45539228	6000000075482590981
Q45539240	6000000075506854170
Q45539250	6000000075496924883
Q45539264	6000000075499037947
Q45539291	6000000075482383096
Q45539303	6000000075506633241
Q45539313	6000000075492364957
Q45539327	6000000075499127910
Q45539349	6000000051411889821
Q45539357	6000000075482655936
Q45539370	6000000075507315869
Q45539377	6000000075427930451
Q45539392	6000000075498672090
Q45539420	6000000075482308219
Q45539434	6000000075507314855
Q45539441	6000000074688467899
Q45539456	6000000075499273822
Q45539485	6000000075482797841
Q45539498	6000000075507104944
Q45539505	6000000074687959937
Q45539519	6000000075499228833
Q45539547	6000000075482627897
Q45539561	6000000075506957050
Q45539569	6000000075492144867
Q45539584	6000000075498582225
Q45539611	6000000075482688958
Q45539623	6000000075507323877
Q45539631	6000000075426933833
Q45539646	6000000074745711833
Q45539676	6000000075482191214
Q45539687	6000000075507245841
Q45539694	6000000075494300107
Q455397	6000000013479017230
Q455397	6000000206896499827
Q45539710	6000000075499035019
Q45539741	6000000075481671589
Q45539751	6000000050693484945
Q45539759	6000000075491510086
Q45539773	6000000075498943985
Q45539801	6000000075482480032
Q45539821	6000000075496992901
Q45539838	6000000075499139967
Q45539864	6000000075482664910
Q45539886	6000000075485840289
Q45539903	6000000075498688082
Q45539928	6000000075482696871
Q45539966	6000000075499083944
Q45539970	6000000011638138327
Q45539972	6000000174540517938
Q45539974	6000000018628048382
Q45539991	6000000075482806826
Q45540011	6000000075483980142
Q45540029	6000000075498582230
Q45540033	6000000039521911214
Q45540056	6000000075482613902
Q45540066	6000000075506456428
Q45540072	6000000074748756015
Q45540092	6000000075498847987
Q455401	6000000020135312414
Q45540119	6000000075482609923
Q45540131	6000000075506854185
Q45540156	6000000075499025953
Q45540182	6000000075482196224
Q45540195	6000000075506636205
Q455402	283298045420002957
Q45540201	6000000075481958870
Q45540221	6000000075499256840
Q45540246	6000000075482711889
Q45540258	6000000075507327873
Q45540264	6000000075493810304
Q45540284	6000000075499084912
Q45540309	6000000075482836822
Q45540320	6000000075507279916
Q45540326	6000000075491845027
Q45540348	6000000075498988970
Q45540350	6000000011634767589
Q45540373	6000000075482651934
Q45540386	6000000075507295870
Q45540393	6000000075496688992
Q45540400	6000000074717189004
Q45540415	6000000011636279083
Q45540417	6000000075498594314
Q45540439	6000000075482720865
Q45540449	6000000075505495021
Q45540457	6000000075491972917
Q45540464	6000000074716819219
Q45540476	6000000011627501736
Q45540479	6000000075498480297
Q45540502	6000000075482390082
Q45540513	6000000075507072974
Q45540518	6000000075492150846
Q45540528	6000000074716260270
Q45540544	6000000075499132924
Q45540566	6000000075482706886
Q45540577	6000000075505483940
Q45540590	6000000074717367859
Q45540604	6000000011636779570
Q45540608	6000000075498655185
Q45540632	6000000075481873461
Q45540643	6000000075507256887
Q45540649	6000000075497607979
Q45540658	6000000074717104026
Q45540674	6000000075499309825
Q45540698	6000000075482815830
Q45540708	6000000075506958112
Q45540714	6000000075492114830
Q45540721	6000000074717374840
Q45540733	6000000011634749099
Q45540737	6000000075499257842
Q45540759	6000000075482853821
Q45540772	6000000075506573239
Q45540786	6000000074717070052
Q45540804	6000000075499151900
Q45540808	6000000074791278838
Q45540823	6000000075482659963
Q45540835	6000000075506834092
Q45540841	6000000075425727967
Q45540871	6000000075499063951
Q45540886	6000000019152056191
Q45540891	6000000075482366141
Q45540898	6000000075507267942
Q45540908	6000000075494573905
Q45540938	6000000075499026980
Q45540945	6000000048110071926
Q45540951	6000000019151760521
Q45540956	6000000075482007411
Q45540962	6000000075507351840
Q45540971	6000000075497002041
Q45541001	6000000075499075936
Q45541024	6000000075507278914
Q45541034	6000000075419344444
Q45541064	6000000075499082985
Q45541084	6000000075482746878
Q45541088	6000000075506335426
Q45541098	6000000075494172099
Q455411	6000000026257416874
Q45541128	6000000075498912095
Q45541148	6000000075482466104
Q45541152	6000000075506775120
Q45541162	6000000075491798446
Q45541191	6000000075499087902
Q45541212	6000000075430120058
Q45541216	6000000075507193912
Q45541226	6000000075492514940
Q45541254	6000000075498159389
Q45541274	6000000075481763423
Q45541278	6000000075506734180
Q45541288	6000000075497125856
Q45541317	6000000075497942561
Q45541337	6000000075482696877
Q45541351	6000000075492265826
Q45541353	6000000075507029974
Q45541379	6000000075499149919
Q45541401	6000000075482863825
Q45541412	6000000075492205821
Q45541415	6000000075507380835
Q45541442	6000000075499173906
Q45541444	6000000075326856876
Q45541465	6000000075482781874
Q45541476	6000000074752940849
Q45541479	6000000075507428826
Q45541507	6000000075499233868
Q45541542	6000000074687537862
Q45541545	6000000075507407824
Q45541571	6000000075499026999
Q45541594	6000000075482538038
Q45541606	6000000075492173821
Q45541609	6000000075507428831
Q45541634	6000000075499058966
Q45541643	6000000075554658822
Q45541656	6000000075482787830
Q45541667	6000000075488116867
Q45541669	6000000075507355843
Q45541696	6000000075499037972
Q45541718	6000000075482541969
Q45541731	6000000075485581899
Q45541733	6000000075507352866
Q45541761	6000000075499025972
Q45541784	6000000075482714933
Q45541795	6000000075422667218
Q45541796	6000000075507414824
Q45541823	6000000075499351834
Q45541847	6000000075482681946
Q45541858	6000000075488994886
Q45541859	6000000075506717179
Q45541888	6000000075499247875
Q45541910	6000000075482872825
Q45541923	6000000075497648911
Q45541924	6000000075507060053
Q45541955	6000000075499086011
Q45541975	6000000075482732936
Q45541987	6000000075499173213
Q45541988	6000000075507410830
Q45542003	6000000074704279337
Q45542019	6000000075499230888
Q45542039	6000000075482406171
Q45542051	6000000075424778008
Q45542052	6000000075507406850
Q45542082	6000000075499027006
Q45542100	6000000075482510053
Q45542114	6000000075486430011
Q45542115	6000000075507400866
Q45542144	6000000075499029043
Q45542164	6000000075481181776
Q45542177	6000000075431107885
Q45542179	6000000075507285861
Q45542197	6000000075506547226
Q45542207	6000000075499025109
Q45542228	6000000075482821900
Q45542240	6000000075487786841
Q45542241	6000000075506858119
Q45542271	6000000075498634353
Q45542292	6000000075482597015
Q455423	6000000077875685864
Q45542303	6000000075424832154
Q45542304	6000000075507412826
Q45542327	6000000011627494981
Q45542334	6000000075499084923
Q45542355	6000000075482320185
Q45542366	6000000075482216429
Q45542367	6000000075507318940
Q45542396	6000000075499349839
Q45542420	6000000075481980380
Q45542431	6000000075426887833
Q45542432	6000000075507071007
Q45542460	6000000075498682241
Q45542485	6000000075482577079
Q45542496	6000000075498933833
Q45542504	6000000075614023886
Q45542515	6000000054754368826
Q45542524	6000000075499261907
Q45542549	6000000075482832862
Q45542560	6000000075488297903
Q45542568	6000000075507443846
Q45542589	6000000075499166976
Q45542611	6000000075482504141
Q45542632	6000000075506962018
Q45542654	6000000075499030999
Q45542677	6000000074786020863
Q45542688	6000000075480894063
Q45542698	6000000075507457826
Q45542718	6000000075499111024
Q45542741	6000000075482534998
Q45542751	6000000075500074831
Q45542762	6000000075507170928
Q45542804	6000000075482876837
Q45542810	6000000075499382832
Q45542811	6000000075422682985
Q45542824	6000000075507349877
Q45542860	6000000074770998906
Q45542870	6000000075482469205
Q45542874	6000000075499270891
Q45542875	6000000075480793550
Q45542889	6000000075507141970
Q45542933	6000000075482593938
Q45542938	6000000075499053039
Q45542939	6000000075422634096
Q45542953	6000000075506834106
Q45542996	6000000075482190363
Q45543000	6000000075421280824
Q45543001	6000000075420654930
Q45543018	6000000075507329873
Q45543059	6000000075482591022
Q45543064	6000000075487132163
Q45543065	6000000075499248901
Q45543123	6000000075482602002
Q45543127	6000000075425965997
Q45543128	6000000075499341851
Q45543147	6000000075507314891
Q45543165	6000000049767915889
Q45543187	6000000075482071413
Q45543192	6000000075499096990
Q45543212	6000000075507422851
Q45543250	6000000075482390104
Q45543254	6000000075497615871
Q45543256	6000000075499272896
Q45543275	6000000075507402882
Q45543312	6000000075481733505
Q45543317	6000000074788084821
Q45543318	6000000075499076000
Q45543338	6000000075507391907
Q45543376	6000000075481927469
Q45543381	6000000075428212998
Q45543382	6000000075499416834
Q45543401	6000000075506995007
Q45543444	6000000075487801822
Q45543445	6000000075498156570
Q45543465	6000000075507107033
Q45543508	6000000075425691963
Q45543509	6000000075499166984
Q45543511	6000000075482865855
Q45543529	6000000075507369888
Q45543570	6000000075420433833
Q45543571	6000000075499083034
Q45543573	6000000075482714977
Q45543591	6000000075507482829
Q45543634	6000000075488187105
Q45543635	6000000075498480400
Q45543636	6000000075482738940
Q45543654	6000000075507404846
Q45543697	6000000075484046041
Q45543698	6000000075482854870
Q45543699	6000000075499194908
Q45543718	6000000075507044011
Q45543762	6000000075497033168
Q45543763	6000000075482440134
Q45543783	6000000075507466831
Q455438	6000000029858462369
Q45543825	6000000075481642606
Q45543826	6000000075499271911
Q45543846	6000000075503753964
Q45543854	6000000071237240899
Q45543889	6000000075481458723
Q45543890	6000000075499221863
Q45543911	6000000075614035916
Q45543951	6000000075482919832
Q45543952	6000000075499040986
Q45543953	6000000075490685182
Q45543970	6000000075507323904
Q45544013	6000000075482928822
Q45544014	6000000075499268924
Q45544015	6000000075487671873
Q45544034	6000000075506450360
Q45544079	6000000075481688737
Q45544081	6000000075424152821
Q45544082	6000000075499426846
Q45544099	6000000075506667171
Q45544142	6000000075482915825
Q45544144	6000000075490563916
Q45544145	6000000075499335822
Q45544162	6000000075507230927
Q45544207	6000000075482899849
Q45544209	6000000074769239842
Q45544210	6000000075499405841
Q45544227	6000000075507500823
Q45544269	6000000075482425170
Q45544271	6000000075486241824
Q45544272	6000000075499357843
Q45544292	6000000075506530243
Q455443	6000000081384833526
Q45544334	6000000075482797891
Q45544342	6000000075499187926
Q45544356	6000000075507099067
Q45544398	6000000075482465207
Q45544401	6000000075488885899
Q45544406	6000000075499213922
Q45544418	6000000075507522822
Q45544463	6000000075481950392
Q45544466	6000000075484521925
Q45544471	6000000075499447822
Q45544482	6000000075507290023
Q45544525	6000000075482602032
Q45544534	6000000075498480415
Q45544546	6000000075506553181
Q45544590	6000000075482809872
Q45544594	6000000075497393907
Q45544598	6000000075498931080
Q45544610	6000000075614129849
Q45544654	6000000075482242246
Q45544659	6000000075483154862
Q45544662	6000000075499299902
Q45544674	6000000075507471869
Q45544717	6000000075482693948
Q45544725	6000000075498341143
Q45544738	6000000075506835257
Q45544755	6000000074736647839
Q45544784	6000000075482746920
Q45544790	6000000075499458822
Q45544801	6000000075507477851
Q45544818	6000000074736676854
Q45544854	6000000075481608698
Q45544855	6000000075499413856
Q45544866	6000000075507226926
Q45544870	6000000049860045794
Q45544913	6000000075483882460
Q45544916	6000000075482664991
Q45544917	6000000075499182987
Q45544929	6000000075507239904
Q45544976	6000000075481513046
Q45544980	6000000075499357849
Q45544992	6000000075614035921
Q45545	6000000014595354057
Q45545001	6000000071237306824
Q45545041	6000000075489557847
Q45545044	6000000075482733963
Q45545045	6000000075499038012
Q45545057	6000000075507558822
Q45545106	6000000075482930831
Q45545107	6000000075499330875
Q45545120	6000000075507303940
Q45545167	6000000075499297821
Q45545170	6000000075482859890
Q45545171	6000000075499000143
Q45545184	6000000075507458871
Q45545229	6000000075431147828
Q45545233	6000000075482158283
Q45545234	6000000075498579318
Q45545255	6000000075507096039
Q45545296	6000000075500499056
Q45545300	6000000075499427846
Q45545301	6000000075481927480
Q45545320	6000000075506636308
Q45545358	6000000075483329159
Q45545362	6000000075498823178
Q45545363	6000000075482927859
Q45545382	6000000075506960116
Q45545421	6000000075430253821
Q45545426	6000000075498440489
Q45545427	6000000075482809889
Q45545447	6000000075507586822
Q45545483	6000000074730414878
Q45545489	6000000075499141900
Q45545490	6000000075482465213
Q45545510	6000000075507452886
Q45545546	6000000075489911929
Q45545553	6000000075498946037
Q45545555	6000000075481966467
Q45545576	6000000075507505865
Q45545610	6000000075427516827
Q45545617	6000000075420646895
Q45545618	6000000075482128318
Q45545641	6000000075507051029
Q45545682	6000000075498939133
Q45545683	6000000075482670024
Q45545705	6000000075507483846
Q45545739	6000000075426780352
Q45545745	6000000075499375911
Q45545746	6000000075482928850
Q45545769	6000000075612312623
Q45545803	6000000075425770843
Q45545809	6000000075482345246
Q45545813	6000000075499282930
Q45545836	6000000075507005041
Q45545869	6000000075501600861
Q45545875	6000000075481458746
Q45545877	6000000075499353877
Q45545900	6000000075505810048
Q45545931	6000000075499170870
Q45545938	6000000075482535028
Q45545941	6000000075498688086
Q45545964	6000000075507354928
Q45545996	6000000075429524859
Q45546	6000000002695087431
Q45546003	6000000075482950851
Q45546004	6000000075499405909
Q45546025	6000000075506962048
Q45546058	6000000075421361877
Q45546067	6000000075499430849
Q45546086	6000000075507462862
Q45546117	6000000075500931883
Q45546126	6000000075482042332
Q45546128	6000000075499216930
Q45546148	6000000075507580839
Q45546181	6000000075497628846
Q45546189	6000000075482989822
Q45546193	6000000075499097052
Q45546212	6000000075506556371
Q45546254	6000000075482950868
Q45546258	6000000075499248920
Q45546277	6000000075507029998
Q45546309	6000000075483450866
Q45546317	6000000075482836945
Q45546321	6000000075499430854
Q45546339	6000000075507316013
Q45546372	6000000075485503987
Q45546382	6000000075482504155
Q45546386	6000000075499086132
Q45546403	6000000075507381927
Q45546435	6000000075429020862
Q45546444	6000000075482318304
Q45546448	6000000075499183026
Q45546465	6000000075506791303
Q45546499	6000000075425915839
Q45546507	6000000075482796947
Q45546511	6000000075498920165
Q45546528	6000000075502883523
Q45546561	6000000075500466896
Q45546570	6000000075482303224
Q45546574	6000000075498937043
Q45546591	6000000075507588830
Q45546633	6000000075482992826
Q45546637	6000000075499335926
Q45546655	6000000075506791307
Q45546689	6000000075501439008
Q45546698	6000000075487469945
Q45546699	6000000075482646985
Q45546701	6000000075499446942
Q45546717	6000000075507514859
Q45546764	6000000075482068366
Q45546768	6000000075499421894
Q45546780	6000000075506278898
Q45546783	6000000075507268996
Q45546828	6000000075482872868
Q45546832	6000000075498920192
Q45546846	6000000075506960125
Q45546880	6000000075422280951
Q45546890	6000000075482680974
Q45546901	6000000075498634397
Q45546911	6000000075507130953
Q45546943	6000000075486859911
Q45546953	6000000075481966493
Q45546963	6000000075499221913
Q45546974	6000000075507620822
Q45547006	6000000075424810821
Q45547015	6000000075482472179
Q45547026	6000000075499341903
Q45547037	6000000075506660230
Q45547069	6000000075421406878
Q45547078	6000000075481927509
Q45547088	6000000075499511846
Q45547098	6000000075507452901
Q45547140	6000000075482602052
Q45547150	6000000075499388883
Q45547162	6000000075507626822
Q45547195	6000000075482617823
Q45547204	6000000075482932877
Q45547214	6000000075499522840
Q45547224	6000000075507096080
Q45547255	6000000075426988105
Q45547266	6000000075482752926
Q45547276	6000000075499108158
Q45547286	6000000075507307897
Q45547327	6000000075482279396
Q45547339	6000000075499076069
Q45547348	6000000075506737181
Q45547379	6000000075499456091
Q45547389	6000000075482472192
Q45547401	6000000075499454869
Q45547410	6000000075507191995
Q45547450	6000000075482818947
Q45547463	6000000075499482869
Q45547472	6000000075507588842
Q45547501	6000000075485371893
Q45547511	6000000075482966836
Q45547528	6000000075499264976
Q45547534	6000000075507377953
Q45547564	6000000075423384886
Q45547575	6000000075482949871
Q45547589	6000000075499097126
Q45547595	6000000075507005059
Q45547627	6000000075484858305
Q45547639	6000000075482610050
Q45547652	6000000074792551919
Q45547653	6000000075499482874
Q45547659	6000000075507430917
Q45547690	6000000075484975916
Q45547701	6000000075482870882
Q45547716	6000000075498006816
Q45547722	6000000075506742502
Q45547747	6000000011311831670
Q45547753	6000000075500728083
Q45547762	6000000075482680966
Q45547777	6000000075499306969
Q45547787	6000000075507462886
Q45547816	6000000075481320153
Q45547825	6000000075482744997
Q45547839	6000000075499027147
Q45547848	6000000075507515867
Q45547878	6000000075481495990
Q45547889	6000000075482967894
Q45547901	6000000075499464915
Q45547909	6000000075507542836
Q45547923	6000000074770799004
Q45547941	6000000075424070846
Q45547952	6000000075482859903
Q45547963	6000000075499332971
Q45547972	6000000075506636349
Q45548003	6000000075419674143
Q45548014	6000000075482894880
Q45548028	6000000075499339958
Q45548035	6000000075507161097
Q45548064	6000000075429858878
Q45548075	6000000075482667982
Q45548089	6000000075499422893
Q45548097	6000000075507516843
Q45548128	6000000075419760081
Q45548139	6000000075481749555
Q45548153	6000000075498717306
Q45548161	6000000075507407901
Q45548192	6000000075481526010
Q45548202	6000000075482308370
Q45548215	6000000075499551839
Q45548224	6000000075507239916
Q45548255	6000000075426159956
Q45548266	6000000075482510148
Q45548279	6000000075499487903
Q45548292	6000000075507283094
Q45548314	6000000075482696932
Q45548330	6000000075498926133
Q45548344	6000000071236670747
Q45548349	6000000075421334832
Q45548353	6000000075506832128
Q45548377	6000000075482898895
Q45548393	6000000075499579822
Q45548408	6000000071237402278
Q45548417	6000000075507610830
Q45548439	6000000075482641071
Q45548456	6000000075499083110
Q45548474	6000000075481526956
Q45548477	6000000075507552848
Q45548502	6000000075483012825
Q45548518	6000000075499572828
Q45548540	6000000075507601867
Q45548565	6000000075482836991
Q45548580	6000000075498656286
Q45548600	6000000075421238112
Q45548603	6000000075507316052
Q45548630	6000000075482591993
Q45548643	6000000075499207064
Q45548661	6000000075430057844
Q45548666	6000000075507655822
Q45548682	6000000075499551863
Q45548717	6000000075426789037
Q45548719	6000000075483037840
Q45548724	6000000075507609831
Q45548747	6000000075499320963
Q45548779	6000000075481672859
Q45548783	6000000075482954833
Q45548787	6000000075507523878
Q45548810	6000000075499549843
Q45548841	6000000075481517948
Q45548847	6000000075482950893
Q45548851	6000000075507117065
Q45548873	6000000075498594476
Q45548908	6000000075483033825
Q45548912	6000000075507266019
Q45548935	6000000075499197006
Q45548965	6000000075481659872
Q45548971	6000000075483028845
Q45548975	6000000075507355920
Q45548996	6000000075499422909
Q45549034	6000000075482510153
Q45549037	6000000075507658826
Q45549058	6000000075499150995
Q45549091	6000000075481441042
Q455491	6000000010501603568
Q45549100	6000000075506654405
Q45549101	6000000075483013860
Q45549105	6000000024729304741
Q45549122	6000000075499497910
Q45549161	6000000075507269027
Q45549165	6000000075482279422
Q45549184	6000000075499501900
Q45549217	6000000075430065910
Q45549221	6000000074717302173
Q45549224	6000000075506669196
Q45549229	6000000075482827935
Q45549248	6000000075499218991
Q45549280	6000000075481106859
Q45549283	6000000074716340468
Q45549290	6000000075482625007
Q45549349	6000000074717185016
Q45549356	6000000075482303243
Q45549375	6000000075499456935
Q45549408	6000000075429682002
Q45549417	6000000075483016868
Q45549438	6000000075499242116
Q45549470	6000000075481134862
Q45549474	6000000074717691873
Q45549481	6000000075482847927
Q45549502	6000000075499368940
Q45549535	6000000075480815067
Q45549540	6000000074717657911
Q45549545	6000000075482969877
Q45549567	6000000075499422930
Q45549599	6000000075424467177
Q45549603	6000000074717528039
Q45549605	6000000075507600855
Q45549608	6000000075481974501
Q45549632	6000000075499580842
Q45549663	6000000075422070873
Q45549672	6000000075482917881
Q45549695	6000000075498714290
Q45549725	6000000075480818983
Q45549734	6000000075482723991
Q45549758	6000000075498297385
Q45549788	6000000075421184927
Q45549799	6000000075483086822
Q45549819	6000000075499501909
Q45549849	6000000075480905944
Q45549862	6000000075482739032
Q45549913	6000000075423199866
Q45549927	6000000075482983869
Q45549946	6000000075499583844
Q45549975	6000000075480210508
Q45550012	6000000075498634496
Q45550038	6000000075480911917
Q45550050	6000000075482948891
Q45550075	6000000075499462974
Q45550101	6000000075426723974
Q45550113	6000000075483074838
Q45550137	6000000075499531941
Q45550164	6000000075419711039
Q45550176	6000000075483011854
Q45550197	6000000075499183134
Q45550225	6000000075480370400
Q45550259	6000000075499636834
Q45550290	6000000075480515241
Q45550296	6000000074716984858
Q45550300	6000000075482936872
Q45550325	6000000075499455974
Q45550353	6000000075425417217
Q45550364	6000000074770857861
Q45550387	6000000075499219028
Q45550429	6000000075482406306
Q45550451	6000000075498429420
Q45550491	6000000075483096859
Q45550514	6000000075499188105
Q45550542	6000000075431363939
Q45550553	6000000075482826999
Q45550579	6000000075499296056
Q45550614	6000000075483029848
Q45550640	6000000075499213040
Q45550667	6000000075431331879
Q45550677	6000000075481763542
Q45550703	6000000075498926183
Q45550729	6000000075493088823
Q45550739	6000000075481974520
Q45550764	6000000075499665821
Q45550777	6000000075555033862
Q45550800	6000000075482923899
Q45550826	6000000075498560421
Q45550852	6000000075499598960
Q45550863	6000000075482886925
Q45550888	6000000075499151033
Q455509	6000000039746767944
Q45550914	6000000075420138071
Q45550924	6000000075482318333
Q45550950	6000000075499648839
Q45550988	6000000075482987908
Q45551015	6000000075499166067
Q45551039	6000000074784384834
Q45551044	6000000074717295953
Q45551053	6000000075482837038
Q45551067	6000000176832436849
Q45551076	6000000075499184053
Q455511	6000000036344731493
Q45551102	6000000075489523849
Q45551116	6000000075483048891
Q45551141	6000000075499509960
Q45551166	6000000074786954206
Q45551181	6000000075483119834
Q45551203	6000000075499623880
Q45551243	6000000075482965921
Q45551266	6000000075499604846
Q45551305	6000000075482406325
Q45551328	6000000075499191097
Q45551353	6000000074787460825
Q45551369	6000000075482879930
Q45551392	6000000075499671830
Q45551416	6000000074787368921
Q45551431	6000000075482981897
Q45551453	6000000075499403004
Q45551478	6000000074786428090
Q45551494	6000000075482837946
Q455515	6000000010859915743
Q45551514	6000000074733009862
Q45551540	6000000075497436823
Q45551555	6000000075482669117
Q45551575	6000000075499184065
Q45551583	6000000019496385260
Q45551593	6000000071237931849
Q45551617	6000000075483121835
Q45551638	6000000075499667838
Q45551646	6000000019496299940
Q45551663	6000000075486888932
Q45551680	6000000075482987916
Q45551699	6000000075499679825
Q45551708	6000000019496387845
Q45551725	6000000075501525132
Q45551741	6000000075483121826
Q45551761	6000000075499167096
Q45551787	6000000075427132899
Q45551794	6000000074749171848
Q45551803	6000000075482719057
Q45551807	6000000075507486899
Q45551824	6000000075499572891
Q45551850	6000000075431001874
Q45551866	6000000075482410401
Q45551887	6000000075499412025
Q45551913	6000000075430882972
Q45551929	6000000075483048900
Q45551951	6000000075499613898
Q45551976	6000000075490635938
Q45551992	6000000075482882966
Q45552013	6000000074753847979
Q45552038	6000000075422699834
Q45552056	6000000075482367251
Q45552076	6000000075499579872
Q45552101	6000000075484096693
Q45552118	6000000075482965932
Q45552140	6000000075499454952
Q45552163	6000000075481943445
Q45552180	6000000075482751054
Q45552202	6000000075499340095
Q45552243	6000000075482428240
Q45552265	6000000075499643850
Q45552287	6000000074733580288
Q45552304	6000000075483108857
Q45552326	6000000075499575915
Q45552350	6000000075488521985
Q45552367	6000000075483130866
Q45552376	6000000018299354206
Q45552387	6000000075499341045
Q45552411	6000000074734574906
Q45552445	6000000075507161124
Q45552451	6000000075499387996
Q45552474	6000000075426681260
Q45552491	6000000075482971921
Q455525	6000000015520362493
Q45552512	6000000075499708826
Q45552537	6000000075505300174
Q45552554	6000000075482822012
Q45552576	6000000075499360079
Q45552599	6000000075427690827
Q45552616	6000000075482899984
Q45552638	6000000075499653853
Q45552654	6000000075555145835
Q45552680	6000000075482679951
Q45552700	6000000075498653581
Q45552723	6000000075481579958
Q45552743	6000000075482881937
Q45552761	6000000075499253064
Q45552785	6000000075420723050
Q45552803	6000000075483137831
Q45552818	6000000075506734303
Q45552848	6000000075501419051
Q45552866	6000000075483178822
Q45552887	6000000075499017336
Q45552928	6000000075482738079
Q45552945	6000000075507625872
Q45552948	6000000075499357052
Q45552972	6000000075430717925
Q45552992	6000000075482751071
Q45553012	6000000075499356100
Q45553017	6000000075503795876
Q45553034	6000000075487682049
Q45553054	6000000075483140846
Q45553073	6000000075499714838
Q45553115	6000000075482822018
Q45553131	6000000075507625877
Q45553135	6000000075499452041
Q45553158	6000000075422313895
Q45553178	6000000075482440251
Q45553199	6000000075499627859
Q45553225	6000000075429704876
Q45553244	6000000075482964919
Q45553258	6000000075507149072
Q45553263	6000000075499312037
Q45553288	6000000074734813853
Q45553307	6000000075482738084
Q45553325	6000000075499534035
Q45553350	6000000075424637995
Q45553371	6000000075482425272
Q45553388	6000000075499575949
Q45553433	6000000075482846956
Q45553449	6000000075499452060
Q45553475	6000000075485928001
Q45553495	6000000075482863942
Q45553513	6000000075499496976
Q45553538	6000000075499498836
Q45553560	6000000075482680078
Q45553583	6000000075507377970
Q45553601	6000000075425011891
Q45553621	6000000075483074879
Q45553643	6000000075499224140
Q45553664	6000000075423412835
Q45553686	6000000075483185825
Q45553706	6000000075499452071
Q45553727	6000000075500296253
Q45553749	6000000075483029956
Q45553768	6000000075499701856
Q45553792	6000000075426727897
Q45553812	6000000075483059895
Q45553831	6000000075499422089
Q45553855	6000000075501919977
Q45553875	6000000075483059900
Q45553894	6000000075499479068
Q45553918	6000000075427364912
Q45553939	6000000075482739098
Q45553958	6000000075499690863
Q45553977	6000000011333370266
Q45553977	6000000075507676850
Q45553980	6000000075486919932
Q45554000	6000000075482465362
Q45554018	6000000075499213096
Q45554038	6000000075507060138
Q45554042	6000000075426410863
Q45554063	6000000075483079894
Q45554082	6000000075499548881
Q45554101	6000000075507650871
Q45554104	6000000075481265873
Q45554124	6000000075482641140
Q45554143	6000000075498853256
Q45554144	6000000075504999564
Q45554165	6000000075482716053
Q45554185	6000000075481966578
Q45554203	6000000075499428043
Q45554226	6000000075481007056
Q45554249	6000000075482805980
Q45554266	6000000075499594924
Q45554289	6000000075423802071
Q45554310	6000000075482966920
Q45554329	6000000075499771822
Q45554351	6000000075424366089
Q45554372	6000000075483135867
Q45554390	6000000075499372057
Q45554432	6000000074735279832
Q45554434	6000000075481927588
Q45554452	6000000075499744846
Q45554474	6000000075485265127
Q45554496	6000000075482679117
Q45554515	6000000075498718404
Q45554536	6000000075424912287
Q45554577	6000000075499482975
Q45554600	6000000074771155016
Q45554622	6000000075483118878
Q45554663	6000000075423050913
Q45554684	6000000075483173852
Q45554703	6000000075499715894
Q45554728	6000000075422371943
Q45554747	6000000075483100854
Q45554768	6000000075499312058
Q45554791	6000000075489327397
Q45554809	6000000075483114861
Q45554830	6000000075499557986
Q45554854	6000000075426867864
Q45554874	6000000075483059911
Q45554893	6000000075499724875
Q455549	6000000073640625362
Q45554917	6000000075487132271
Q45554937	6000000075482936953
Q45554956	6000000075499757836
Q45554982	6000000075500261948
Q45555000	6000000075482628083
Q45555020	6000000075499709868
Q45555045	6000000075499121900
Q45555062	6000000075482853053
Q45555082	6000000075499708840
Q455551	6000000018187217036
Q45555107	6000000075489076914
Q45555125	6000000075482837126
Q45555145	6000000075499646856
Q45555187	6000000075482733145
Q45555207	6000000075498440726
Q45555208	6000000075507706822
Q45555234	6000000075489886833
Q45555253	6000000075483039926
Q45555272	6000000075499509059
Q45555299	6000000075499462939
Q45555316	6000000075483224853
Q45555334	6000000075499797831
Q45555359	6000000075484945253
Q45555377	6000000075483170865
Q455554	6000000001534967306
Q45555400	6000000075498855381
Q45555443	6000000075483141834
Q45555463	6000000075498653610
Q45555486	6000000075485606139
Q45555504	6000000075482888974
Q45555526	6000000075499593921
Q45555549	6000000075481649179
Q45555566	6000000075482746013
Q45555588	6000000075499792857
Q45555611	6000000075501691063
Q45555626	6000000075483206861
Q45555652	6000000075499403102
Q45555690	6000000075482765048
Q45555714	6000000075499522967
Q45555738	6000000075426063879
Q45555753	6000000075483152865
Q45555777	6000000075499660898
Q45555817	6000000075483210874
Q45555840	6000000075499825834
Q45555864	6000000075500857075
Q45555879	6000000075483030028
Q45555902	6000000075499475964
Q45555927	6000000075486852822
Q45555944	6000000075481749616
Q45555965	6000000075499693897
Q45556004	6000000075483240826
Q45556026	6000000075499418090
Q45556054	6000000075492355856
Q45556070	6000000075482485255
Q45556091	6000000075499771849
Q45556117	6000000074749390937
Q45556131	6000000075483269824
Q45556151	6000000075499689884
Q45556161	6000000075507491947
Q45556179	6000000075426515969
Q45556193	6000000075483140877
Q45556214	6000000075499066411
Q45556241	6000000075493069822
Q45556257	6000000075483248852
Q45556269	6000000074738212199
Q45556277	6000000075499702879
Q45556304	6000000075481586893
Q45556319	6000000075483106919
Q45556331	6000000074739278907
Q45556340	6000000075499753855
Q45556367	6000000075482650972
Q45556427	6000000075422887822
Q45556441	6000000074704214039
Q45556443	6000000075482505203
Q45556464	6000000011636767558
Q45556466	6000000075499390066
Q45556474	6000000075507155008
Q45556490	6000000075492882855
Q45556506	6000000075483276835
Q45556528	6000000075499818846
Q45556553	6000000075428813837
Q45556568	6000000075483224893
Q45556595	6000000075499775850
Q45556618	6000000075484069170
Q45556634	6000000075482345409
Q45556656	6000000075499609952
Q45556696	6000000075483063911
Q45556718	6000000075499566073
Q45556743	6000000075416163906
Q45556764	6000000075483210887
Q45556782	6000000075499751938
Q45556804	6000000075492363002
Q45556826	6000000075483285824
Q45556843	6000000075499577981
Q45556857	6000000075507507900
Q45556866	6000000075497724824
Q4555687	6000000108682667856
Q45556889	6000000075482964986
Q45556907	6000000075499457140
Q45556952	6000000075482719116
Q45556969	6000000075499610946
Q45556991	6000000075424505056
Q45557014	6000000075483103863
Q45557033	6000000075499615982
Q45557052	6000000075491716124
Q45557078	6000000075483281839
Q45557096	6000000075499407125
Q455571	6000000018095986385
Q45557142	6000000075482948986
Q45557144	6000000074770959897
Q45557155	6000000074712389896
Q45557161	6000000075499561970
Q45557179	6000000075419741888
Q45557205	6000000075483220846
Q45557206	6000000074771010836
Q45557218	6000000074712378962
Q45557224	6000000075499712903
Q45557243	6000000075423124108
Q45557269	6000000075482679138
Q45557280	6000000074712523837
Q45557291	6000000074703562453
Q45557333	6000000075482966046
Q45557344	6000000074712389901
Q45557354	6000000075499759907
Q45557396	6000000075481974598
Q45557406	6000000074712008155
Q45557419	6000000075499566090
Q45557434	6000000075497188832
Q45557459	6000000075482733206
Q45557468	6000000074712489864
Q45557480	6000000075499525092
Q45557495	6000000075492998829
Q45557521	6000000075483101901
Q45557531	6000000074711869161
Q45557543	6000000075499712919
Q45557558	6000000075492070878
Q45557587	6000000075482318385
Q45557605	6000000075499882822
Q45557621	6000000075492136845
Q45557650	6000000075482847035
Q45557669	6000000075499793871
Q45557685	6000000075494278105
Q45557712	6000000075483247877
Q45557732	6000000075499876841
Q45557747	6000000075484918884
Q45557775	6000000075482984023
Q45557795	6000000075499885825
Q455578	6000000006735632894
Q45557810	6000000075497112068
Q45557837	6000000075483246849
Q45557859	6000000075499847845
Q45557872	6000000075492909875
Q45557899	6000000075482937935
Q45557920	6000000075499861856
Q45557958	6000000075507269983
Q45557962	6000000075483319822
Q45557982	6000000075499619023
Q45557996	6000000075497133066
Q45558021	6000000075483224904
Q45558043	6000000075499197182
Q45558084	6000000075483322822
Q45558105	6000000075499843869
Q45558120	6000000074746961155
Q45558148	6000000075483246854
Q45558168	6000000075499779882
Q45558182	6000000075488936205
Q455582	6000000007273357965
Q45558212	6000000075483030055
Q45558231	6000000075499890835
Q45558246	6000000075425697082
Q45558269	6000000075507220018
Q45558275	6000000075483290838
Q45558293	6000000075499370138
Q45558308	6000000075422337823
Q45558332	6000000075507319024
Q45558338	6000000075483327829
Q45558356	6000000075499398075
Q45558372	6000000075496859301
Q455584	6000000012114988180
Q45558400	6000000075483328828
Q45558420	6000000075499398080
Q45558435	6000000075499866849
Q45558464	6000000075483318829
Q45558485	6000000075499716885
Q45558499	6000000075487538963
Q45558528	6000000075482618270
Q45558549	6000000075499796889
Q45558562	6000000074748979107
Q45558591	6000000075483322827
Q45558613	6000000075499701947
Q45558625	6000000075427072847
Q45558642	6000000215941717823
Q45558654	6000000074698616929
Q45558674	6000000075499787890
Q45558688	6000000075423843136
Q45558717	6000000075483252873
Q45558723	6000000011627423005
Q45558739	6000000075499801890
Q45558781	6000000075483239865
Q45558799	6000000048113447869
Q45558802	6000000075499895828
Q45558814	6000000075499944854
Q45558842	6000000075482505230
Q45558869	6000000075499729995
Q45558878	6000000075500703895
Q45558906	6000000075483279851
Q45558932	6000000075499787894
Q45558941	6000000075423778918
Q45558969	6000000075481450338
Q45558971	6000000075556174095
Q45558995	6000000075499931823
Q45559005	6000000074734720885
Q45559032	6000000075481362243
Q45559060	6000000075499423159
Q45559062	6000000075406864890
Q45559067	6000000075485174153
Q45559093	6000000075481973951
Q45559096	6000000074792755829
Q45559124	6000000075499912847
Q45559131	6000000075485113181
Q45559159	6000000075480626775
Q45559188	6000000075499315193
Q45559195	6000000075424522684
Q45559217	6000000075507730840
Q45559222	6000000075483046000
Q45559250	6000000075499886891
Q45559256	6000000075423456071
Q45559285	6000000075481974629
Q45559313	6000000075499458129
Q45559319	6000000132406072842
Q45559320	6000000075500391906
Q45559348	6000000075483112934
Q45559379	6000000075499736895
Q45559383	6000000075480395728
Q45559412	6000000075482959032
Q45559443	6000000075499884894
Q45559447	6000000075481841844
Q45559475	6000000075482919012
Q45559507	6000000075499898839
Q45559510	6000000075489800847
Q45559539	6000000075483324850
Q45559572	6000000075499582071
Q45559577	6000000075489243877
Q45559603	6000000075482367324
Q45559621	6000000019201805059
Q45559636	6000000075499738882
Q45559640	6000000075484604089
Q45559667	6000000075483195877
Q45559701	6000000075499923837
Q45559704	6000000075429500917
Q45559726	6000000075507454937
Q45559731	6000000075483239896
Q45559762	6000000075499296209
Q45559766	6000000075485722822
Q45559794	6000000075482775099
Q45559807	6000000133652038825
Q45559827	6000000075499730016
Q45559857	6000000075483315878
Q45559890	6000000075499807870
Q45559894	6000000075422492244
Q45559919	6000000075483328840
Q45559954	6000000075499880895
Q45559958	6000000075431140825
Q45559985	6000000075483030983
Q45560016	6000000075499876895
Q45560020	6000000075423965862
Q45560043	6000000075507515952
Q45560048	6000000075483185906
Q45560065	6000000019201811297
Q45560077	6000000075499498200
Q45560082	6000000075498594509
Q45560107	6000000075507732823
Q45560112	6000000075483050946
Q45560141	6000000075499845897
Q45560169	6000000075507607897
Q45560177	6000000075482895037
Q45560206	6000000075499923842
Q45560209	6000000075427259011
Q45560233	6000000075507258081
Q45560241	6000000075482798104
Q45560268	6000000075499859886
Q45560271	6000000074734372127
Q45560304	6000000075483108946
Q45560332	6000000075499846894
Q45560335	6000000075423859824
Q45560368	6000000075482848053
Q45560394	6000000075498156811
Q45560398	6000000075419914364
Q45560430	6000000075482949049
Q45560457	6000000075499760936
Q45560461	6000000075424924897
Q45560492	6000000075483318837
Q45560521	6000000075499946862
Q45560555	6000000074737471947
Q45560582	6000000075499407206
Q45560586	6000000075480817550
Q45560590	6000000075051050876
Q45560616	6000000075483348824
Q45560644	6000000075499859897
Q45560647	6000000075420785016
Q45560668	6000000075507117094
Q45560704	6000000075499982840
Q45560707	6000000075499458938
Q45560729	6000000075507448976
Q45560737	6000000075481754629
Q45560765	6000000075499924851
Q45560771	6000000075497359927
Q45560789	6000000075507599922
Q45560796	6000000075483115923
Q45560825	6000000075499893891
Q45560831	6000000075428760839
Q45560839	6000000074709761142
Q45560888	6000000075499993833
Q45560894	6000000075498338471
Q45560902	6000000074710215882
Q45560911	6000000075507192035
Q45560918	6000000075483135961
Q45560932	6000000019201271843
Q45560946	6000000074725588404
Q45560964	6000000074710176909
Q45560973	6000000075507161187
Q45560981	6000000075482641249
Q45561	6000000009590097968
Q45561009	6000000075499578053
Q45561017	6000000075501615083
Q45561027	6000000074710276848
Q45561044	6000000075483370823
Q45561059	6000000019196873909
Q45561072	6000000075499576113
Q45561080	6000000075429214013
Q45561089	6000000074709900058
Q45561105	6000000075482857026
Q45561136	6000000075499253211
Q45561145	6000000075490406875
Q45561154	6000000074710009009
Q45561169	6000000075482410471
Q45561206	6000000075499898868
Q45561207	6000000075425918840
Q45561215	6000000074710160892
Q45561231	6000000075482738185
Q45561250	6000000074701158127
Q45561269	6000000074312599009
Q45561270	6000000075499278886
Q45561295	6000000075483386829
Q45561312	6000000034220789930
Q45561334	6000000075429712886
Q45561356	6000000075483367847
Q45561396	6000000075500019832
Q45561397	6000000075488877098
Q45561420	6000000075483074931
Q45561430	6000000075507735887
Q45561456	6000000075499502200
Q45561483	6000000075483058940
Q45561525	6000000075499963878
Q45561547	6000000075483247926
Q45561583	6000000075500793825
Q45561587	6000000075500033822
Q45561610	6000000075483177954
Q45561621	6000000075507747859
Q45561648	6000000075423916004
Q45561650	6000000075500017836
Q45561670	6000000075482965083
Q45561684	6000000075507378005
Q455617	6000000003088672454
Q45561711	6000000075431282857
Q45561713	6000000075499946883
Q45561733	6000000075483108952
Q45561747	6000000075507678879
Q45561774	6000000075426351180
Q45561777	6000000075499741005
Q45561797	6000000075483210982
Q455618	6000000004836761863
Q45561811	6000000075507789826
Q45561841	6000000075500037849
Q45561860	6000000075483262856
Q455619	6000000014064858874
Q45561900	6000000075489636906
Q45561904	6000000075500051822
Q45561923	6000000075483274892
Q45561937	6000000075507729855
Q45561966	6000000075499124338
Q45561985	6000000075480429379
Q45561999	6000000075507836821
Q45562	6000000009880480327
Q45562026	6000000075422529849
Q45562029	6000000075499825938
Q45562055	6000000075482949064
Q45562068	6000000075504159905
Q45562090	6000000075483640303
Q45562094	6000000075499465149
Q45562118	6000000075482857054
Q45562133	6000000075506587891
Q45562154	6000000075424887929
Q45562158	6000000075499753979
Q45562181	6000000075483340911
Q45562216	6000000075499513869
Q45562221	6000000075499562076
Q45562243	6000000075482875067
Q45562278	6000000075484270825
Q45562283	6000000075499807923
Q45562306	6000000075483323883
Q45562341	6000000075429096858
Q45562346	6000000075499483132
Q45562368	6000000075482191421
Q45562403	6000000075486073850
Q45562414	6000000075499760983
Q45562432	6000000075483279874
Q45562450	6000000075507625930
Q45562467	6000000075421799827
Q45562478	6000000075499853948
Q45562496	6000000075482806089
Q45562498	6000000075506673041
Q455625	6000000011344780382
Q45562531	6000000075501370847
Q45562542	6000000075499954876
Q45562558	6000000075483253860
Q45562585	6000000074730606847
Q45562595	6000000075483052822
Q45562605	6000000075499853975
Q45562622	6000000075483294894
Q45562647	6000000074730359898
Q45562658	6000000075485917842
Q45562670	6000000075498653758
Q45562687	6000000075482279569
Q45562703	6000000075506735306
Q45562711	6000000074730642844
Q45562722	6000000075423523072
Q45562733	6000000075499935881
Q45562749	6000000075482972032
Q45562775	6000000074730643821
Q45562787	6000000075420610941
Q45562798	6000000075499825976
Q45562814	6000000075483361851
Q45562849	6000000075423704900
Q45562861	6000000075499851961
Q45562876	6000000075483365851
Q45562913	6000000075502227822
Q45562926	6000000075499820990
Q45562941	6000000075482341472
Q45562976	6000000075426425936
Q45562990	6000000075499336222
Q455630	6000000019223362009
Q45563005	6000000075483185937
Q45563040	6000000074789728964
Q45563053	6000000075499458223
Q45563092	6000000075507700873
Q45563105	6000000075426668245
Q45563117	6000000075499771968
Q45563133	6000000075483088003
Q45563180	6000000075499423237
Q45563195	6000000075482806112
Q45563229	6000000075428714871
Q45563243	6000000075499789037
Q45563260	6000000075482733270
Q45563295	6000000075426968828
Q45563311	6000000075500047910
Q45563323	6000000075483421866
Q45563332	6000000075406723911
Q45563345	6000000075507700878
Q45563375	6000000075420830947
Q45563387	6000000075483164954
Q455634	6000000000181394501
Q45563411	6000000075507375002
Q45563426	6000000075502067916
Q45563439	6000000075500097834
Q45563451	6000000074718225137
Q45563502	6000000075404754247
Q45563514	6000000075483346877
Q45563553	6000000075426510822
Q45563566	6000000075499315324
Q45563578	6000000075483406873
Q45563598	6000000075507313985
Q45563616	6000000075429059845
Q45563628	6000000075499932940
Q45563641	6000000075483426856
Q45563678	6000000075428973823
Q45563692	6000000075499932945
Q45563705	6000000075483428831
Q45563743	6000000075425912996
Q45563756	6000000075499558212
Q45563769	6000000075483415856
Q45563791	6000000075507782865
Q45563806	6000000075428202931
Q45563820	6000000075499684053
Q45563833	6000000075482835153
Q45563854	6000000075507843838
Q45563870	6000000075499370944
Q45563883	6000000075500071855
Q45563897	6000000075482933078
Q45563918	6000000075507616984
Q45563934	6000000075501181947
Q45563947	6000000075499996882
Q45563961	6000000074745784048
Q45563991	6000000075507283268
Q45563998	6000000075424078118
Q45564012	6000000075500105828
Q45564024	6000000075482665224
Q45564049	6000000074701468857
Q45564049	6000000074748015847
Q45564054	6000000075507270033
Q45564062	6000000075485676910
Q45564075	6000000075499877965
Q45564087	6000000075483274936
Q45564112	6000000074699938385
Q45564115	6000000075507874822
Q45564123	6000000075425627117
Q45564138	6000000075498850553
Q45564150	6000000075483152993
Q45564214	6000000075483255932
Q45564250	6000000075485416973
Q45564265	6000000075500103839
Q45564278	6000000075483440847
Q455643	333141783560005995
Q45564314	6000000075507882822
Q45564315	6000000075487218901
Q45564329	6000000075499728056
Q45564342	6000000075483333915
Q45564377	6000000075507615965
Q45564378	6000000074731585907
Q45564392	6000000075500080856
Q45564406	6000000075483042044
Q45564442	6000000075421502846
Q45564456	6000000075499683137
Q45564473	6000000075482685147
Q45564505	6000000074749108502
Q45564520	6000000075500141823
Q45564536	6000000075483288888
Q45564568	6000000075501903839
Q45564575	6000000075507749886
Q45564584	6000000075500067862
Q45564600	6000000075483341878
Q45564632	6000000075426648213
Q45564644	6000000075507888822
Q45564646	6000000075500142840
Q45564663	6000000075481695741
Q45564695	6000000075485493993
Q45564710	6000000075500087870
Q45564726	6000000075483203031
Q45564737	6000000075505883974
Q45564757	6000000075426614989
Q45564769	6000000075503505867
Q45564770	6000000075507859841
Q45564774	6000000075500125864
Q45564789	6000000075482320647
Q45564808	6000000075059865967
Q45564820	6000000075501931896
Q45564837	6000000075499644020
Q45564854	6000000075483187956
Q45564873	6000000074727947290
Q45564883	6000000075426839016
Q45564897	6000000075507120160
Q45564903	6000000075500034913
Q45564917	6000000075481213108
Q45564946	6000000075426139850
Q45564959	6000000075507896834
Q45564966	6000000075499373351
Q45564979	6000000075482777179
Q455650	6000000012135415276
Q45565010	6000000075421187851
Q45565024	6000000075507818857
Q45565030	6000000075499979905
Q45565043	6000000075482740191
Q45565073	6000000075487628843
Q45565086	6000000075507663885
Q45565092	6000000075500048883
Q45565104	6000000075481552893
Q45565138	6000000075499683868
Q45565159	6000000075500157839
Q45565176	6000000075481356836
Q45565200	6000000075501203866
Q45565214	6000000075507652959
Q45565221	6000000075500153836
Q45565238	6000000075482651291
Q45565264	6000000074787564908
Q45565279	6000000075506654504
Q45565285	6000000075500069911
Q45565303	6000000075483400887
Q45565349	6000000075499765016
Q45565366	6000000075481327862
Q45565391	6000000075486495985
Q45565407	6000000075507905826
Q45565413	6000000075499784047
Q45565432	6000000075483406942
Q45565453	6000000075500587080
Q45565476	6000000075500053889
Q45565495	6000000075483131042
Q45565513	6000000074768530033
Q45565517	6000000075485571071
Q45565540	6000000075507458018
Q45565541	6000000075499646997
Q45565560	6000000075482625204
Q455656	6000000089726102276
Q45565603	6000000075500206825
Q45565606	6000000075506654513
Q45565623	6000000075482324572
Q45565645	6000000075420230916
Q45565667	6000000075499566200
Q45565688	6000000075483347897
Q45565709	6000000075487342896
Q45565730	6000000075499833992
Q45565752	6000000075483158964
Q45565772	6000000075482442186
Q45565794	6000000075499804993
Q45565815	6000000075483246998
Q45565836	6000000075485828890
Q45565849	6000000074711003045
Q45565857	6000000075500092909
Q45565860	6000000075507507990
Q45565876	6000000075483164068
Q45565898	6000000075488207914
Q45565909	6000000075326422151
Q45565920	6000000075499219355
Q45565939	6000000075483220974
Q45565958	6000000074707910872
Q45565961	6000000075481197904
Q45565975	6000000074711400829
Q45565984	6000000075500178844
Q45566003	6000000075481950675
Q45566023	6000000075424680422
Q45566039	6000000074711318875
Q45566046	6000000075500102898
Q45566049	6000000075507927822
Q45566066	6000000074727409460
Q45566087	6000000075422173898
Q455661	6000000009290213371
Q45566102	6000000074711249894
Q45566109	6000000075499283235
Q45566113	6000000075507703899
Q45566129	6000000075483438898
Q45566144	6000000074749657063
Q45566147	6000000075488997351
Q45566149	6000000075500391120
Q45566166	6000000074711302855
Q45566174	6000000075499931944
Q45566192	6000000075483244044
Q45566209	6000000074749520821
Q45566214	6000000075425013829
Q45566231	6000000074710998951
Q45566238	6000000075499566207
Q45566241	6000000075506957275
Q45566255	6000000075482430432
Q45566271	6000000074749401921
Q45566276	6000000075428450955
Q45566294	6000000074711286867
Q45566301	6000000075500180868
Q45566319	6000000075482201533
Q45566337	6000000074749208030
Q45566342	6000000075424596973
Q45566359	6000000074711319837
Q45566365	6000000075499821073
Q45566381	6000000075483475880
Q45566382	6000000075506394355
Q45566398	6000000074749402924
Q455664	6000000017229527261
Q45566404	6000000075425788276
Q45566421	6000000074711373845
Q45566427	6000000075500243828
Q45566444	6000000075482641359
Q45566454	6000000075506553369
Q45566467	6000000075491678879
Q45566484	6000000074710678220
Q45566491	6000000075500213839
Q45566509	6000000075483469843
Q45566530	6000000075501189106
Q45566547	6000000074710915062
Q45566555	6000000075500234834
Q45566573	6000000075483113099
Q45566593	6000000075485352307
Q45566610	6000000074710713197
Q45566614	6000000075404225209
Q45566620	6000000075500008969
Q45566638	6000000075483017134
Q45566657	6000000075429245855
Q45566662	6000000075507149151
Q45566673	6000000074711196914
Q45566682	6000000075500248840
Q45566700	6000000075482026684
Q45566721	6000000075427731883
Q45566726	6000000075507857884
Q45566739	6000000074711349869
Q45566747	6000000075500031951
Q45566766	6000000075482073504
Q45566792	6000000075507854831
Q45566803	6000000074711421827
Q45566819	6000000075499887112
Q45566839	6000000075499783822
Q45566848	6000000075507741869
Q45566858	6000000075483115019
Q45566867	6000000074711178935
Q45566882	6000000075500253841
Q45566905	6000000074748896306
Q45566920	6000000075507832890
Q45566922	6000000075482428428
Q45566932	6000000074711050954
Q45566947	6000000075500081972
Q45566969	6000000075488550822
Q45566986	6000000075483437926
Q45566993	6000000074711298864
Q45567010	6000000075500268827
Q45567033	6000000075489688853
Q45567052	6000000075482991155
Q45567058	6000000074711279872
Q45567074	6000000075500116871
Q45567096	6000000075484160177
Q45567114	6000000075483234999
Q45567136	6000000075499422392
Q45567158	6000000075428912877
Q45567180	6000000075482026706
Q45567187	6000000074710962074
Q45567199	6000000075500231837
Q45567243	6000000075483327979
Q45567250	6000000074711402838
Q45567262	6000000075500219857
Q45567284	6000000075485704104
Q45567303	6000000075507815911
Q45567315	6000000074710943981
Q45567327	6000000075500216867
Q45567347	6000000075486487414
Q45567365	6000000075507871863
Q45567369	6000000075482857189
Q45567376	6000000074711352833
Q45567389	6000000075499759084
Q45567410	6000000075427246020
Q45567429	6000000075507881856
Q45567433	6000000075483022139
Q45567454	6000000075499759089
Q45567475	6000000075491533841
Q45567498	6000000075482889163
Q45567518	6000000075500016983
Q45567529	6000000074731093986
Q45567539	6000000075482147822
Q45567560	6000000075482816246
Q45567582	6000000075500044964
Q45567603	6000000075420668967
Q45567624	6000000075483476877
Q45567631	6000000074736245955
Q45567646	6000000075500212882
Q45567669	6000000075487935058
Q45567689	6000000075483218078
Q45567697	6000000074736369887
Q45567711	6000000075499857058
Q45567732	6000000075428568850
Q45567752	6000000075482026711
Q45567759	6000000074736505843
Q45567773	6000000075500223869
Q45567787	6000000075490460965
Q45567796	6000000075499398909
Q45567800	6000000074757977889
Q45567816	6000000075483046126
Q45567825	6000000074736211920
Q45567839	6000000075500269852
Q45567865	6000000074758026854
Q45567883	6000000075483109052
Q45567892	6000000074736255973
Q45567906	6000000075500289847
Q45567926	6000000075428510995
Q45567946	6000000074725512265
Q45567955	6000000074736258933
Q45567962	6000000075507611952
Q45567970	6000000075499926995
Q45568010	6000000075483484932
Q45568017	6000000074736211925
Q45568032	6000000075500178886
Q45568052	6000000075492022017
Q45568074	6000000075483046136
Q45568082	6000000074736522845
Q45568090	6000000075507638974
Q45568095	6000000075500317822
Q45568115	6000000075497090930
Q45568138	6000000075483356028
Q45568154	6000000075507868858
Q45568159	6000000075500274833
Q45568179	6000000075427300977
Q45568201	6000000075483399928
Q45568222	6000000075499498440
Q45568242	6000000075500255231
Q45568263	6000000075482877091
Q45568273	6000000074736537835
Q45568281	6000000075507680942
Q455683	6000000135658179839
Q45568306	6000000074746577856
Q45568328	6000000075483514833
Q45568338	6000000074735193165
Q45568350	6000000075499312329
Q45568369	6000000075484785925
Q45568391	6000000075482485422
Q45568402	6000000074736505838
Q45568407	6000000075507902839
Q45568414	6000000075500024970
Q45568454	6000000075483367989
Q45568466	6000000074736315943
Q45568471	6000000075507263122
Q45568477	6000000075500096005
Q45568496	6000000075483250011
Q45568519	6000000075482194546
Q45568530	6000000074736454856
Q45568535	6000000075506530370
Q45568540	6000000075500232873
Q45568560	6000000075492843908
Q45568583	6000000075483165068
Q45568593	6000000074736585821
Q45568604	6000000075500229897
Q45568625	6000000075485611953
Q45568632	6000000074731098015
Q45568659	6000000074735561219
Q45568664	6000000075507266119
Q45568669	6000000075500043000
Q45568689	6000000075491510106
Q45568709	6000000074783693604
Q45568720	6000000074736579839
Q45568733	6000000075499936015
Q45568753	6000000075480130454
Q45568774	6000000075483509867
Q45568785	6000000074736379950
Q45568790	6000000075507847883
Q45568798	6000000075499936022
Q45568813	6000000075491799001
Q45568837	6000000075482991177
Q45568848	6000000074736521864
Q45568861	6000000075500191903
Q45568868	6000000074758648629
Q45568900	6000000075483503849
Q45568910	6000000074736537840
Q45568917	6000000075507844881
Q45568927	6000000075500321846
Q45568932	6000000074759627124
Q45568941	6000000075492496147
Q45568956	6000000075610579072
Q45568965	6000000075483479861
Q45568975	6000000074735749195
Q45568991	6000000075500096036
Q45568995	6000000074759526182
Q45569004	6000000075491351391
Q45569028	6000000075483459907
Q45569039	6000000074736571851
Q45569044	6000000075507974848
Q45569055	6000000075500259870
Q45569060	6000000074758080816
Q45569068	6000000075421061921
Q45569092	6000000075483536844
Q45569102	6000000074736450925
Q45569107	6000000075507714913
Q45569118	6000000075500332842
Q45569123	6000000074759632061
Q45569155	6000000075482073535
Q45569166	6000000074735898100
Q45569181	6000000075500191919
Q45569187	6000000074759799006
Q45569194	6000000075496333344
Q455692	6000000001550287975
Q45569219	6000000075483301007
Q45569234	6000000075507468022
Q45569243	6000000075500228877
Q45569259	6000000075421459210
Q45569282	6000000075482962114
Q45569305	6000000075500288882
Q45569312	6000000074739707849
Q45569345	6000000075483221012
Q45569369	6000000075500076026
Q45569382	6000000075423851099
Q45569409	6000000075483074096
Q45569424	6000000075507820899
Q45569432	6000000075500080947
Q45569474	6000000075483393012
Q45569490	6000000075507638979
Q45569498	6000000075500048997
Q45569536	6000000075483018170
Q45569552	6000000075507652998
Q45569561	6000000075499739108
Q45569600	6000000075483535842
Q45569623	6000000075500300865
Q45569636	6000000075492572910
Q45569664	6000000075483580822
Q45569687	6000000075500178952
Q45569700	6000000075493722190
Q45569729	6000000075483074110
Q45569751	6000000075500163974
Q45569790	6000000075483400980
Q455698	6000000030191532270
Q45569809	6000000075507896900
Q45569815	6000000075500150972
Q45569828	6000000075425102910
Q45569853	6000000075483509872
Q45569877	6000000075499706127
Q45569891	6000000075484445936
Q45569917	6000000075483393029
Q45569936	6000000075507865917
Q45569941	6000000075500205895
Q45569955	6000000075484875909
Q45569981	6000000075483266030
Q45570006	6000000075500234897
Q45570031	6000000075503419093
Q45570069	6000000075500217911
Q45570087	6000000075492274899
Q45570131	6000000075500038038
Q45570152	6000000075430223840
Q45570171	6000000075482625292
Q45570196	6000000075499717171
Q45570214	6000000075491911008
Q45570234	6000000075483339052
Q45570256	6000000075500078837
Q45570297	6000000074716220508
Q455703	6000000013744031132
Q45570311	6000000075507945868
Q45570319	6000000075500217916
Q45570335	6000000075499457922
Q45570359	6000000075482715400
Q45570390	6000000075500281891
Q45570399	6000000075491821936
Q45570421	6000000075483446932
Q45570451	6000000075500040053
Q45570460	6000000075494635851
Q45570484	6000000075482253736
Q45570497	6000000074738531106
Q45570498	6000000075507923875
Q45570514	6000000075500012997
Q45570546	6000000075482920158
Q45570561	6000000074738662962
Q45570562	6000000075507815929
Q45570578	6000000075500316864
Q45570587	6000000075493921352
Q45570609	6000000075483375985
Q45570644	6000000075499923073
Q45570652	6000000075429903969
Q45570675	6000000075483486910
Q45570689	6000000075507791856
Q45570706	6000000075500245939
Q45570714	6000000075488186872
Q45570740	6000000075483311044
Q45570751	6000000074738707962
Q45570752	6000000075507597977
Q45570768	6000000075499899119
Q45570778	6000000075496944869
Q45570805	6000000075482367500
Q45570816	6000000075507626004
Q45570836	6000000075500359832
Q45570842	6000000075496972826
Q45570868	6000000075483338051
Q45570898	6000000075500305911
Q45570905	6000000075492618872
Q45570927	6000000075483397995
Q45570961	6000000075429206091
Q45570967	6000000075500194913
Q45570994	6000000074758736037
Q45571	6000000065225327885
Q45571006	6000000074738588040
Q45571023	6000000075492096892
Q45571028	6000000075500083019
Q45571048	6000000075483283145
Q45571055	6000000074757683731
Q45571067	6000000074738707949
Q45571083	6000000075426900857
Q45571090	6000000075500166011
Q45571110	6000000075483121067
Q45571116	6000000074757791624
Q45571129	6000000074738384030
Q45571147	6000000075494715822
Q45571154	6000000075500191970
Q4557117	6000000016146394405
Q45571174	6000000075483211131
Q45571180	6000000074758592159
Q45571193	6000000074738833956
Q45571207	6000000075491777934
Q45571214	6000000075500212925
Q45571235	6000000075483564845
Q45571247	6000000075496946920
Q45571251	6000000075500166018
Q45571266	6000000075483413984
Q45571278	6000000075486498827
Q45571282	6000000074758730048
Q45571294	6000000074738751947
Q45571302	6000000075500337868
Q45571316	6000000074790637619
Q45571331	6000000075483366999
Q45571344	6000000074758939895
Q45571364	6000000075499465416
Q45571391	6000000075482625311
Q45571401	6000000075484090113
Q45571418	6000000075507149182
Q45571427	6000000075500399872
Q45571444	6000000074739187834
Q45571456	6000000075483042193
Q45571494	6000000075506717905
Q45571506	6000000074738891904
Q45571520	6000000075482816313
Q45571528	6000000075493607546
Q45571548	6000000075556407025
Q45571555	6000000075500191976
Q45571558	6000000074739242842
Q45571577	6000000075482428497
Q45571588	6000000075481458138
Q455716	6000000019610279098
Q45571613	6000000075500087993
Q45571615	6000000074739122842
Q45571638	6000000075482510511
Q45571650	6000000075494151117
Q45571678	6000000075500006872
Q45571680	6000000074736863493
Q45571701	6000000075483311049
Q45571714	6000000075492180837
Q45571731	6000000075506699886
Q45571741	6000000075500131004
Q45571744	6000000074738776997
Q45571766	6000000075482954193
Q45571778	6000000075496930858
Q45571805	6000000075498850717
Q45571808	6000000074738689972
Q45571811	6000000075507748929
Q45571826	6000000075483415020
Q45571838	6000000075492100870
Q45571869	6000000075499263349
Q45571887	6000000075483578856
Q45571899	6000000075491551037
Q45571932	6000000075500259916
Q45571972	6000000075496664241
Q45571992	6000000074738951928
Q45571997	6000000075500259921
Q45572017	6000000075482838191
Q45572054	6000000075500411848
Q45572076	6000000075483510874
Q45572099	6000000075497721849
Q45572121	6000000075500286911
Q45572122	6000000074739207844
Q45572184	6000000074738837947
Q45572185	6000000075500450822
Q45572205	6000000075482920184
Q45572226	6000000075491610351
Q45572246	6000000074739313825
Q45572248	6000000075500254949
Q45572268	6000000075483014144
Q45572291	6000000075491807947
Q45572311	6000000075499717214
Q45572334	6000000075483186085
Q45572374	6000000074738792969
Q45572375	6000000075500232937
Q45572397	6000000075483561841
Q45572415	6000000075556557888
Q45572418	6000000075425717969
Q45572438	6000000074739333821
Q45572441	6000000075500347888
Q45572453	6000000011627007669
Q45572466	6000000075483109105
Q45572486	6000000075492503016
Q45572501	6000000074739278861
Q45572504	6000000074768965878
Q45572528	6000000075482992267
Q45572548	6000000075494675838
Q45572563	6000000074738662966
Q45572566	6000000075500183980
Q45572578	6000000058366692873
Q45572591	6000000075483500904
Q45572606	6000000075556071142
Q45572612	6000000075496688202
Q45572625	6000000074739303830
Q45572628	6000000075500317905
Q45572679	6000000075420464842
Q45572690	6000000074738886937
Q45572693	6000000075500401866
Q45572729	6000000074738913952
Q45572736	6000000075500448851
Q45572772	6000000075491351542
Q45572787	6000000075482954234
Q45572792	6000000074739341821
Q45572800	6000000075500456846
Q45572834	6000000075492641829
Q45572847	6000000075483475976
Q45572864	6000000075500025879
Q45572875	6000000075488271039
Q45572884	6000000075508029822
Q45572904	6000000075483396090
Q45572911	6000000074739332826
Q45572917	6000000075500458845
Q45572939	6000000075497038864
Q45572963	6000000075483643831
Q45572968	6000000074739231833
Q45572977	6000000075429481821
Q45572992	6000000075508009846
Q45573003	6000000075492247825
Q45573027	6000000075483660836
Q45573041	6000000075500387854
Q45573057	6000000075507852916
Q45573066	6000000075492176834
Q45573085	6000000074739297848
Q45573087	6000000075483564863
Q45573095	6000000075499994033
Q45573119	6000000075491571098
Q45573135	6000000075482877131
Q45573149	6000000075500192007
Q45573178	6000000075488067842
Q45573193	6000000075483570908
Q45573213	6000000075499465471
Q45573239	6000000075484509515
Q45573260	6000000075482715475
Q45573301	6000000075423786023
Q45573322	6000000075482949245
Q45573335	6000000074739279831
Q45573341	6000000075500153007
Q45573364	6000000075488886914
Q45573386	6000000075482972255
Q45573399	6000000074738599034
Q45573405	6000000075500461848
Q45573428	6000000075497876859
Q45573450	6000000075483311087
Q45573469	6000000075500461853
Q45573506	6000000075058228999
Q45573513	6000000075483324127
Q45573530	6000000074738777024
Q45573532	6000000075500013051
Q45573555	6000000075498656461
Q45573570	6000000074711791948
Q45573575	6000000075483153158
Q45573594	6000000074739217839
Q45573596	6000000075500153012
Q45573620	6000000075425118829
Q45573638	6000000075483670823
Q45573659	6000000075500096106
Q45573682	6000000075486184082
Q45573701	6000000075483064164
Q45573719	6000000075507823963
Q45573722	6000000075500422855
Q45573746	6000000075430847928
Q45573762	6000000075483470147
Q45573782	6000000075507524015
Q45573784	6000000074739221871
Q45573785	6000000075500347916
Q45573809	6000000075487026174
Q45573825	6000000075483218142
Q45573847	6000000074736863506
Q45573848	6000000075500478844
Q45573872	6000000075425265972
Q45573887	6000000075483416012
Q45573910	6000000074738047271
Q45573911	6000000075500427840
Q45573937	6000000075483014894
Q45573952	6000000075483533869
Q45573974	6000000074739286858
Q45573975	6000000075498850772
Q45573999	6000000075426417017
Q45574014	6000000075483561909
Q45574037	6000000075500252959
Q45574064	6000000075498597053
Q45574079	6000000075482242582
Q45574106	6000000075500036137
Q45574127	6000000075488304940
Q45574143	6000000075482938296
Q45574164	6000000074739298836
Q45574171	6000000075500189892
Q45574190	6000000074727548138
Q455742	6000000022336934547
Q45574201	6000000075503738976
Q45574229	6000000074739374823
Q45574237	6000000075500298973
Q45574271	6000000075483261106
Q45574292	6000000074738278110
Q45574300	6000000075499851175
Q45574316	6000000075480959996
Q45574334	6000000075483280090
Q45574356	6000000074739161872
Q45574363	6000000075500390895
Q45574380	6000000075500008844
Q45574397	6000000075483356099
Q45574418	6000000074738993926
Q45574427	6000000075500178942
Q45574443	6000000075422076575
Q45574463	6000000075482962164
Q45574481	6000000074739290836
Q45574491	6000000075499903198
Q45574508	6000000075481027394
Q45574527	6000000075483511946
Q45574555	6000000075500415864
Q45574571	6000000075423000923
Q45574592	6000000075482262811
Q45574620	6000000075500262948
Q45574635	6000000075421205860
Q45574656	6000000075483496957
Q45574684	6000000075500386923
Q45574700	6000000075487594869
Q45574722	6000000075482751415
Q45574750	6000000075500317939
Q45574766	6000000075424937431
Q45574785	6000000075483115156
Q455748	6000000037315909638
Q45574812	6000000075500408862
Q45574829	6000000074737525050
Q45574848	6000000075483266096
Q45574866	6000000074739065856
Q45574875	6000000075500372891
Q45574892	6000000075497375019
Q45574912	6000000075483698835
Q45574930	6000000074738800989
Q45574938	6000000075500368936
Q45574971	6000000074711670964
Q45574976	6000000075483014185
Q45574996	6000000074739121885
Q45575	6000000014300629210
Q45575001	6000000075500232983
Q45575021	6000000075428308930
Q45575040	6000000075483211180
Q45575065	6000000075500386928
Q45575082	6000000075487822828
Q45575103	6000000075483038247
Q45575128	6000000075500451852
Q45575147	6000000075425163187
Q45575167	6000000075483164228
Q45575196	6000000075500283935
Q45575212	6000000075420267894
Q45575233	6000000075483679847
Q45575260	6000000075500411880
Q45575275	6000000075488623918
Q45575297	6000000075483311125
Q45575326	6000000075500512840
Q45575338	6000000075484393906
Q45575360	6000000075483725823
Q45575388	6000000075500352936
Q45575401	6000000075497567856
Q45575423	6000000075483329034
Q45575452	6000000075500220018
Q45575464	6000000074737114830
Q45575486	6000000075482961224
Q45575513	6000000075500335997
Q45575532	6000000074785291303
Q45575550	6000000075483670856
Q45575577	6000000074731488987
Q45575591	6000000075491149937
Q45575614	6000000075482961230
Q45575640	6000000075500426867
Q45575654	6000000075487544982
Q45575679	6000000075483470197
Q45575704	6000000075500236039
Q45575718	6000000075423987901
Q45575743	6000000075483538929
Q45575768	6000000075499817150
Q45575782	6000000075490691881
Q45575806	6000000075483625102
Q45575831	6000000075500228952
Q45575869	6000000075483721839
Q45575896	6000000075500124998
Q45575929	6000000075483038276
Q45575936	6000000075485705076
Q45575960	6000000075500478858
Q45575994	6000000075483740822
Q45576022	6000000075500267967
Q45576056	6000000075483570969
Q45576063	6000000075489039877
Q45576089	6000000075500244920
Q455761	6000000015346413946
Q45576119	6000000075483381050
Q45576126	6000000075484536911
Q45576152	6000000075500237926
Q45576164	6000000075503489895
Q45576182	6000000075482262817
Q45576189	6000000075480695315
Q45576216	6000000075500408846
Q45576245	6000000075483698878
Q45576253	6000000075497578892
Q45576278	6000000075500297979
Q45576308	6000000075428822183
Q45576319	6000000075483236924
Q45576341	6000000075500049125
Q45576371	6000000075483280121
Q45576383	6000000074784626839
Q455764	6000000045098447037
Q45576406	6000000075500038156
Q45576434	6000000075483668852
Q45576467	6000000075500164030
Q45576499	6000000075482665452
Q45576531	6000000075500350975
Q45576561	6000000075483550928
Q45576572	6000000075484141260
Q45576595	6000000075500464893
Q45576626	6000000075584485856
Q45576636	6000000075480695641
Q45576660	6000000075500205964
Q45576691	6000000075483311226
Q45576702	6000000075489029057
Q45576723	6000000075500533852
Q45576753	6000000075483663925
Q45576776	6000000012860259379
Q45576785	6000000075500355932
Q45576818	6000000075483755911
Q45576881	6000000075483689916
Q45576892	6000000075498955016
Q45576913	6000000075500423927
Q45576944	6000000075584498834
Q45576955	6000000075431060868
Q45576977	6000000075500562846
Q45577007	6000000075482625477
Q45577016	6000000075500665002
Q45577041	6000000074712713978
Q45577069	6000000075482931403
Q45577079	6000000075483873908
Q45577093	6000000048995050980
Q45577104	6000000075500352969
Q45577134	6000000075483808884
Q45577144	6000000075430226840
Q45577168	6000000075500550840
Q45577198	6000000075482991200
Q45577231	6000000075500261974
Q45577262	6000000075483630984
Q45577273	6000000075489441087
Q45577296	6000000075500570854
Q455773	6000000003468518619
Q45577326	6000000075482425753
Q45577358	6000000075500255047
Q45577390	6000000075483777896
Q45577425	6000000075499852007
Q45577453	6000000075483798881
Q45577462	6000000075427494836
Q45577487	6000000075500408947
Q45577518	6000000075483855904
Q45577550	6000000075500583829
Q45577581	6000000075483915832
Q45577588	6000000075427646832
Q455776	6000000020896362677
Q45577613	6000000075500288870
Q45577645	6000000075483906827
Q45577651	6000000075425757891
Q45577676	6000000075500387926
Q45577708	6000000075483803853
Q45577715	6000000075501574838
Q45577739	6000000075500529851
Q45577771	6000000075483893860
Q45577779	6000000075499175843
Q45577803	6000000075500557841
Q45577835	6000000075483660992
Q45577843	6000000075429597822
Q45577899	6000000075483585987
Q45577906	6000000075421469828
Q45577932	6000000075500283053
Q45577962	6000000075483790862
Q45577970	6000000075500730916
Q45577995	6000000075500139057
Q45578023	6000000075483948837
Q45578034	6000000075497302911
Q45578059	6000000075500572865
Q45578087	6000000075483934869
Q455781	6000000023078397352
Q45578124	6000000075500194989
Q45578153	6000000075483881901
Q45578183	6000000019264279526
Q45578187	6000000075500349982
Q45578216	6000000075483904902
Q45578251	6000000075500554879
Q45578255	6000000074767350024
Q45578281	6000000075483551077
Q45578287	6000000075482341509
Q45578315	6000000075500622822
Q45578346	6000000075483938856
Q45578351	6000000075485775859
Q45578379	6000000075500586859
Q45578409	6000000075483936875
Q45578415	6000000075429141844
Q45578441	6000000075500287025
Q45578476	6000000075425960823
Q45578504	6000000075500351028
Q45578535	6000000075483296137
Q45578541	6000000075500205044
Q45578569	6000000075499859231
Q45578584	6000000074699103903
Q45578598	6000000075483886896
Q45578633	6000000075500397877
Q45578662	6000000075483050274
Q45578666	6000000075501750831
Q45578683	6000000075506592823
Q45578695	6000000075500618829
Q45578725	6000000075483755967
Q45578759	6000000075500246054
Q45578790	6000000075482962287
Q45578809	6000000075506338973
Q45578824	6000000075500387946
Q45578855	6000000075486897872
Q45578886	6000000075500036179
Q45578916	6000000075482510719
Q45578920	6000000075422090085
Q45578951	6000000075500624827
Q45578980	6000000075483853872
Q45578984	6000000075486612064
Q45579013	6000000075500374947
Q45579044	6000000075482428714
Q45579048	6000000075424791845
Q45579077	6000000075500574873
Q45579108	6000000075483536079
Q45579112	6000000075421142953
Q45579133	6000000019264296305
Q45579172	6000000075483492164
Q455792	6000000045097936027
Q45579204	6000000075500660828
Q45579235	6000000075483014348
Q45579237	6000000075481785265
Q45579269	6000000075500601826
Q45579283	6000000074739006895
Q45579299	6000000075483670933
Q45579301	6000000075427236929
Q45579334	6000000075500651838
Q45579363	6000000075483823926
Q45579395	6000000074784590985
Q45579426	6000000075483461140
Q45579459	6000000075499859258
Q45579490	6000000075499843854
Q45579491	6000000075483897929
Q455795	6000000010221690692
Q45579521	6000000075500560863
Q45579555	6000000075483733963
Q45579585	6000000075500085080
Q45579616	6000000075485284963
Q45579617	6000000075483663959
Q45579646	6000000075500174044
Q45579679	6000000075423538830
Q45579680	6000000075483280234
Q45579710	6000000075500449988
Q45579743	6000000075484691327
Q45579745	6000000075483823931
Q45579774	6000000075499706273
Q455798	6000000000128821265
Q45579805	6000000075484791011
Q45579807	6000000075483898907
Q45579840	6000000075500327822
Q45579869	6000000075500957934
Q45579871	6000000075483790888
Q45579903	6000000075500276017
Q45579931	6000000075481483001
Q45579933	6000000075483883932
Q45579966	6000000075500301835
Q45579998	6000000075482345818
Q45580030	6000000075500076198
Q45580061	6000000075484017822
Q45580097	6000000075499631513
Q45580125	6000000075482715606
Q45580160	6000000075500184079
Q45580187	6000000075483935855
Q45580223	6000000075500687825
Q45580251	6000000075481703836
Q45580253	6000000075483991836
Q45580288	6000000075500399998
Q45580316	6000000075423191366
Q45580318	6000000075484022822
Q45580353	6000000075500353971
Q45580382	6000000075419809172
Q45580384	6000000075484006823
Q45580397	6000000139105754831
Q45580419	6000000075500403925
Q45580444	6000000075429656933
Q45580446	6000000075482962321
Q45580481	6000000075500451915
Q45580509	6000000075420170909
Q45580512	6000000075483296156
Q45580516	6000000071224196060
Q45580547	6000000075500594863
Q45580568	6000000075490821862
Q45580573	6000000075481466076
Q45580575	6000000075483881949
Q45580597	6000000019264235711
Q45580610	6000000075500400003
Q45580636	6000000075426152899
Q45580638	6000000075483834944
Q45580677	6000000075050217911
Q45580701	6000000075420350212
Q45580702	6000000075484007841
Q45580766	6000000075483689985
Q45580805	6000000008256434653
Q45580807	6000000075499356581
Q45580832	6000000075483716929
Q45580871	6000000075500629837
Q45580894	6000000075482367642
Q45580935	6000000075500102140
Q45580957	6000000075483689990
Q45581000	6000000075500406992
Q45581021	6000000075481120304
Q45581024	6000000075484043822
Q45581064	6000000075406130870
Q45581087	6000000075483472066
Q45581127	6000000075500402916
Q45581149	6000000075421797845
Q45581150	6000000075483476163
Q45581192	6000000075500385020
Q45581214	6000000075429759932
Q45581215	6000000075483638936
Q45581255	6000000075500620891
Q45581277	6000000075426432278
Q45581278	6000000075483904925
Q45581321	6000000075500577821
Q45581341	6000000075481705836
Q45581342	6000000075483396289
Q45581383	6000000075500444000
Q45581403	6000000075481644903
Q45581404	6000000075484053824
Q45581450	6000000075500265113
Q45581469	6000000075484042843
Q45581513	6000000075500466930
Q45581533	6000000075483936946
Q45581577	6000000075500390943
Q45581598	6000000075483890940
Q45581642	6000000075500577888
Q45581661	6000000075483591011
Q45581710	6000000075500497914
Q45581725	6000000075481638913
Q45581726	6000000075483367284
Q45581773	6000000075499834215
Q45581790	6000000075423224922
Q45581791	6000000075483883962
Q455818	6000000014198813072
Q45581844	6000000075500404973
Q45581856	6000000075480043698
Q45581857	6000000075484064822
Q45581906	6000000075500677844
Q45581920	6000000075484041848
Q45581970	6000000075500264028
Q45581983	6000000075430315822
Q45581984	6000000075484033838
Q455820	6000000007473725441
Q45582034	6000000075500461977
Q45582048	6000000075481079894
Q45582049	6000000075482751555
Q45582099	6000000075500551870
Q45582114	6000000075484031871
Q45582163	6000000075500620910
Q45582176	6000000075483887943
Q45582181	6000000074791470547
Q45582225	6000000075500430889
Q45582231	6000000074381796936
Q45582241	6000000075484011856
Q45582290	6000000075500255121
Q45582305	6000000075483233232
Q45582353	6000000075500678856
Q45582368	6000000075483621023
Q45582389	6000000011363670522
Q455824	6000000013353534209
Q45582419	6000000075500626830
Q45582435	6000000075484021864
Q45582483	6000000075500606860
Q45582493	6000000075430070854
Q45582500	6000000075483074368
Q45582555	6000000075500035183
Q45582558	6000000075481145874
Q45582564	6000000075482390772
Q45582618	6000000075500423997
Q45582621	6000000075481171825
Q45582626	6000000075482751572
Q45582681	6000000075500580900
Q45582685	6000000075424997134
Q45582689	6000000074745861256
Q45582690	6000000075483480135
Q45582693	6000000074790612013
Q455827	6000000054719588834
Q45582743	6000000075500727822
Q45582747	6000000075421925024
Q45582752	6000000074745744278
Q45582753	6000000075483972877
Q45582809	6000000075500616922
Q45582812	6000000075480866948
Q45582816	6000000074746324869
Q45582818	6000000075483543969
Q45582872	6000000075500116107
Q45582875	6000000075421502835
Q45582879	6000000074746238995
Q45582880	6000000075483672056
Q45582936	6000000075500653896
Q45582943	6000000074746310868
Q45582944	6000000075483853932
Q455830	6000000100808778842
Q45583000	6000000075500362037
Q45583008	6000000075484074829
Q45583064	6000000075500625905
Q45583067	6000000075480216472
Q45583071	6000000074744832668
Q45583073	6000000075484009876
Q45583112	6000000075406927868
Q45583129	6000000075500411055
Q45583132	6000000075423268843
Q45583138	6000000075483385294
Q45583194	6000000075481079864
Q45583195	6000000075500504987
Q45583200	6000000074746253927
Q45583202	6000000075483311284
Q45583257	6000000075480911003
Q45583258	6000000075500620931
Q45583262	6000000074746158025
Q45583265	6000000075484109822
Q45583273	6000000075507273937
Q45583291	6000000074759887965
Q45583296	6000000031976320833
Q455833	6000000042307242088
Q45583320	6000000075427025849
Q45583322	6000000075500694858
Q45583325	6000000074746202981
Q45583328	6000000075484051855
Q45583355	6000000074759762135
Q45583384	6000000075420068935
Q45583386	6000000075500513937
Q45583389	6000000074749083041
Q45583392	6000000075482751611
Q45583450	6000000075500276057
Q45583454	6000000074748149611
Q45583457	6000000075483911904
Q45583485	6000000074759699100
Q455835	6000000081022310157
Q45583512	6000000075480288280
Q45583514	6000000075500654914
Q45583516	6000000074748837167
Q45583520	6000000075483756903
Q45583574	6000000075481068861
Q45583577	6000000075500205138
Q45583579	6000000074749231872
Q45583584	6000000075484060871
Q45583591	6000000075501353997
Q45583640	6000000075500265146
Q45583642	6000000074748584412
Q45583648	6000000075483296207
Q45583707	6000000075500433022
Q45583708	6000000074749163939
Q45583716	6000000075483820963
Q45583773	6000000075500297114
Q45583774	6000000074748834059
Q45583779	6000000075483772952
Q45583837	6000000074749098961
Q45583838	6000000075500208130
Q45583842	6000000075483904957
Q45583898	6000000075425390282
Q45583902	6000000075500416034
Q45583903	6000000074748987140
Q45583907	6000000075483670991
Q45583966	6000000075499558592
Q45583967	6000000074748837173
Q45583971	6000000075483684836
Q45584031	6000000075500586934
Q45584033	6000000074749195942
Q45584037	6000000075483734040
Q45584090	6000000075431093956
Q45584096	6000000075500701864
Q45584101	6000000075483060336
Q45584155	6000000075431513822
Q45584162	6000000075500753860
Q45584167	6000000075484070834
Q45584225	6000000074712701944
Q45584229	6000000075483686044
Q45584290	6000000075500250183
Q45584295	6000000075483679040
Q45584352	6000000075500212100
Q45584357	6000000075483911917
Q45584416	6000000075500416039
Q45584422	6000000075483863935
Q45584455	6000000133995767073
Q45584478	6000000075500759845
Q45584484	6000000075483914938
Q455845	6000000045329899861
Q45584540	6000000075500714870
Q45584548	6000000075483594113
Q45584557	6000000075056985414
Q45584604	6000000075500773830
Q45584609	6000000075483546166
Q45584667	6000000075500778822
Q45584671	6000000075406798962
Q45584732	6000000075500731848
Q45584737	6000000075483731008
Q45584794	6000000075500171091
Q45584799	6000000075484125835
Q45584860	6000000075500756859
Q45584864	6000000074785714003
Q45584926	6000000075483911922
Q45584927	6000000075500775830
Q45584990	6000000075484128846
Q45584991	6000000075500595906
Q455850	6000000017102652217
Q45585052	6000000075484081844
Q45585054	6000000075500082892
Q45585080	6000000074753395999
Q45585115	6000000075484048928
Q45585117	6000000075499253554
Q45585145	6000000074752896426
Q45585179	6000000075484155842
Q45585181	6000000075500164159
Q45585243	6000000075483528107
Q45585245	6000000075500450967
Q45585273	6000000074753304130
Q45585307	6000000075483446308
Q45585312	6000000075500171096
Q45585371	6000000075483934985
Q45585378	6000000075500305105
Q455854	6000000010609255164
Q45585401	6000000074752976358
Q45585435	6000000075483988942
Q45585441	6000000075500400116
Q45585462	6000000074752896431
Q45585497	6000000075483989898
Q45585504	6000000075500548982
Q45585526	6000000074753401079
Q45585558	6000000075484145850
Q45585569	6000000075500205168
Q45585621	6000000075484019882
Q45585634	6000000075500803824
Q45585651	6000000074753334978
Q45585686	6000000075483731024
Q45585698	6000000075500699891
Q455857	6000000015422901463
Q45585749	6000000075484032924
Q45585761	6000000075500803829
Q45585815	6000000075484182822
Q45585827	6000000075500720869
Q45585843	6000000074753382112
Q45585861	6000000074771077932
Q45585877	6000000075484054907
Q45585890	6000000075500244884
Q45585908	6000000074753354064
Q45585941	6000000075484118852
Q45585954	6000000075500313189
Q45585971	6000000074753189251
Q45586005	6000000075483547110
Q45586027	6000000075500350130
Q45586034	6000000074753586896
Q45586068	6000000075483551171
Q45586090	6000000075500717888
Q45586135	6000000075483820045
Q45586156	6000000075500457080
Q45586189	6000000074770776001
Q45586199	6000000075483038429
Q45586221	6000000075500739922
Q45586233	6000000022572247410
Q45586261	6000000075484125855
Q45586285	6000000075500366928
Q45586324	6000000075484159832
Q45586347	6000000075500261978
Q45586387	6000000075484179837
Q45586412	6000000074727996962
Q45586453	6000000075484071883
Q45586472	6000000032212162047
Q45586477	6000000075500442821
Q45586518	6000000075483275335
Q45586540	6000000075500101995
Q45586581	6000000075483153342
Q45586600	6000000008256445730
Q45586606	6000000075500411108
Q45586645	6000000075483966921
Q45586709	6000000075484189832
Q45586739	6000000075500838831
Q45586773	6000000075484213822
Q45586804	6000000075499582507
Q45586837	6000000075483614194
Q45586870	6000000075500677963
Q455869	6000000002825575713
Q45586903	6000000075484141861
Q45586932	6000000075500786888
Q45586967	6000000075484161849
Q45586997	6000000075500502055
Q45587030	6000000075484064872
Q45587061	6000000075500630955
Q45587092	6000000075484079867
Q45587126	6000000075500233174
Q45587155	6000000075483972964
Q45587191	6000000075500617008
Q45587219	6000000075484227822
Q45587253	6000000075500549008
Q45587282	6000000075483511119
Q45587317	6000000075500659907
Q45587346	6000000075484060933
Q45587382	6000000075500189099
Q45587412	6000000075483532052
Q45587445	6000000075500630960
Q45587510	6000000074746530219
Q45587547	6000000075484204835
Q45587575	6000000075500047373
Q45587609	6000000075483546182
Q45587639	6000000075500573016
Q45587672	6000000074685387998
Q45587706	6000000075500802851
Q45587722	6000000074715283821
Q45587737	6000000075484051895
Q45587768	6000000075500839861
Q45587800	6000000075484079878
Q45587832	6000000075499562523
Q45587864	6000000075483586039
Q45587893	6000000075500171153
Q45587951	6000000075613966953
Q45587957	6000000075500880822
Q45588021	6000000075500264082
Q45588055	6000000075483979972
Q45588085	6000000075500819859
Q45588119	6000000075483945001
Q45588151	6000000075500353136
Q45588182	6000000075483565099
Q455882	6000000003028345065
Q45588217	6000000075500025298
Q45588248	6000000075483768024
Q45588281	6000000075500652977
Q45588311	6000000075483945023
Q45588345	6000000075500844826
Q45588375	6000000075483945028
Q45588406	6000000075500603026
Q45588435	6000000074685324094
Q45588470	6000000075500838857
Q45588499	6000000075484160884
Q45588534	6000000075500416087
Q45588562	6000000075483722045
Q45588596	6000000075500432056
Q45588626	6000000075483059314
Q45588657	6000000075500217246
Q45588686	6000000075483905039
Q45588718	6000000075500025321
Q45588746	6000000075482962382
Q45588782	6000000075500516999
Q45588810	6000000075484215846
Q45588811	6000000075500704117
Q45588846	6000000075500650001
Q45588871	6000000075483121420
Q45588872	6000000075501051866
Q45588910	6000000075499756544
Q45588935	6000000075483755004
Q45588971	6000000075500725915
Q45588997	6000000075483797031
Q455890	6000000010399670333
Q45589034	6000000075500897822
Q45589060	6000000075484032979
Q455891	6000000021583116326
Q45589123	6000000075483141442
Q45589165	6000000075500397150
Q45589187	6000000075484268823
Q45589226	6000000075500573034
Q45589251	6000000075484274824
Q45589273	6000000074715244886
Q45589314	6000000075483951972
Q45589337	6000000074715287846
Q45589352	6000000075500776926
Q45589377	6000000075484257824
Q45589415	6000000075500847846
Q45589440	6000000075483396259
Q45589464	6000000074715291840
Q45589481	6000000075500264108
Q45589503	6000000075482961545
Q45589526	6000000074714967965
Q45589546	6000000075500441097
Q45589567	6000000075484263832
Q45589612	6000000075500728939
Q45589630	6000000075484161875
Q45589651	6000000074715096024
Q45589693	6000000075484159870
Q45589720	6000000074715196931
Q45589740	6000000075500264113
Q45589756	6000000075483862992
Q45589783	6000000074715205898
Q455898	6000000044030695404
Q45589805	6000000075500736972
Q45589831	6000000074715015070
Q45589835	6000000075483511165
Q45589866	6000000075500908844
Q45589896	6000000075484295827
Q45589921	6000000057565556827
Q45589930	6000000075500634031
Q45589962	6000000075483544018
Q45589968	6000000074715299871
Q45589994	6000000075500305238
Q4559000	6000000008651615265
Q45590024	6000000075484235845
Q45590057	6000000075500372077
Q45590089	6000000075483696076
Q45590124	6000000075500930823
Q45590154	6000000075483779115
Q45590158	6000000074715073945
Q45590186	6000000075500909845
Q45590190	6000000075430492883
Q45590217	6000000075484244840
Q45590222	6000000074714363295
Q45590248	6000000075500668904
Q45590280	6000000075484158908
Q45590311	6000000075500761910
Q45590345	6000000075483671062
Q45590375	6000000075500502135
Q45590408	6000000075484212852
Q45590438	6000000075500250293
Q45590470	6000000075483826020
Q45590504	6000000075500898839
Q45590534	6000000075484307827
Q45590568	6000000075500918847
Q45590599	6000000075483597220
Q45590632	6000000075500792947
Q45590661	6000000075484324822
Q45590693	6000000075500724902
Q45590723	6000000075484245837
Q45590757	6000000075500790897
Q45590787	6000000075483489146
Q45590819	6000000075500417156
Q45590850	6000000075483652993
Q45590861	6000000074760059850
Q45590866	6000000071158932131
Q45590873	6000000172436916965
Q45590885	6000000075500623014
Q45590916	6000000075483544035
Q45590947	6000000075500939844
Q45590978	6000000075483339369
Q45591009	6000000075500206179
Q45591041	6000000075484051928
Q45591074	6000000075500889850
Q45591106	6000000075483988991
Q45591136	6000000075500025327
Q45591169	6000000075483953003
Q45591199	6000000075500843925
Q455912	6000000017371244420
Q45591232	6000000075484323834
Q45591266	6000000075500264137
Q45591298	6000000075484199878
Q45591329	6000000075500506029
Q45591361	6000000075484024964
Q45591394	6000000075500505086
Q45591425	6000000075484335828
Q45591459	6000000075500756930
Q45591480	6000000075424643945
Q45591489	6000000075484254873
Q45591523	6000000075500397208
Q45591540	6000000074770975833
Q45591551	6000000075484193870
Q45591587	6000000075500819924
Q45591605	6000000074770796862
Q45591617	6000000075483489299
Q45591652	6000000075500885862
Q45591668	6000000074770721944
Q45591680	6000000075484144857
Q45591715	6000000075500799918
Q45591731	6000000074770944878
Q45591780	6000000075500740006
Q45591809	6000000075484223906
Q45591815	6000000074753429232
Q45591843	6000000075499982251
Q45591875	6000000075484355835
Q45591878	6000000074753955895
Q45591907	6000000075500814884
Q45591922	6000000074770923869
Q45591938	6000000075483967957
Q45591942	6000000075325040960
Q45591973	6000000075500385217
Q45591985	6000000074770796874
Q45592001	6000000075483547145
Q45592037	6000000075500387163
Q45592048	6000000074770963852
Q45592064	6000000075483888080
Q45592101	6000000075500769915
Q45592112	6000000074770913880
Q45592128	6000000075484095949
Q45592166	6000000075500368173
Q45592190	6000000075484130925
Q45592228	6000000075500276227
Q45592240	6000000074770056350
Q45592256	6000000074785921853
Q45592292	6000000075500417163
Q45592303	6000000074770823921
Q45592318	6000000024913500958
Q45592319	6000000074685863864
Q45592356	6000000075500911882
Q45592367	6000000074770942907
Q45592382	6000000075484159895
Q45592419	6000000075500909895
Q45592429	6000000074770882892
Q45592444	6000000075483953022
Q45592481	6000000075500714001
Q45592492	6000000074770781938
Q45592508	6000000074685496303
Q45592510	6000000074759746102
Q45592544	6000000075500704041
Q45592555	6000000074770485120
Q45592572	6000000074685426213
Q45592574	6000000074759248264
Q45592607	6000000075500913840
Q45592636	6000000075484190901
Q45592672	6000000075500448107
Q45592699	6000000075482066860
Q45592701	6000000074758870728
Q45592734	6000000075500517021
Q45592749	6000000056970275887
Q45592761	6000000075484081928
Q45592763	6000000074759428276
Q45592797	6000000075500880871
Q45592826	6000000075483014487
Q45592828	6000000074759357315
Q45592860	6000000075500870864
Q45592866	6000000019155739433
Q45592888	6000000075484244886
Q45592951	6000000075484045975
Q45592955	6000000074759383226
Q45592989	6000000075500829891
Q45593015	6000000075484199884
Q45593055	6000000075500351280
Q45593078	6000000075484049971
Q455931	6000000016276743889
Q45593119	6000000075500974847
Q45593183	6000000075500459112
Q45593247	6000000075500855944
Q45593266	6000000075483455203
Q45593310	6000000075500206201
Q45593330	6000000075483672206
Q45593371	6000000075500947841
Q45593392	6000000075484318835
Q45593433	6000000075500596034
Q45593456	6000000075484098947
Q45593497	6000000075500975846
Q45593518	6000000075484374826
Q45593558	6000000075500907890
Q45593583	6000000075484231912
Q45593621	6000000075500668934
Q455937	6000000000142369791
Q45593771	6000000074786514035
Q45593812	6000000075501012823
Q45593832	6000000075484161943
Q45593875	6000000075500871881
Q45593896	6000000075482961605
Q45593939	6000000075500397248
Q45593960	6000000075484211876
Q45594002	6000000075500908923
Q45594026	6000000075484171900
Q45594068	6000000075500906894
Q45594152	6000000075484076941
Q45594193	6000000075500777022
Q45594213	6000000075484338855
Q45594261	6000000075500904890
Q45594278	6000000075484015971
Q45594325	6000000075500047460
Q45594341	6000000075483401292
Q45594390	6000000075500372137
Q455944	6000000021295007542
Q45594406	6000000075484378871
Q45594453	6000000075500989850
Q45594469	6000000075484416827
Q45594515	6000000075500387212
Q45594532	6000000075483590210
Q45594578	6000000075500856954
Q45594595	6000000074785620080
Q45594641	6000000075500420180
Q455947	6000000179650940824
Q45594704	6000000075501004857
Q45594708	6000000012975429934
Q45594722	6000000075484270883
Q45594766	6000000075500857894
Q45594788	6000000074785861856
Q455948	6000000031387417194
Q45594832	6000000075500997869
Q45594852	6000000075483935121
Q45594894	6000000075500459141
Q45594919	6000000075483153439
Q45594957	6000000075500613074
Q45594981	6000000075484380843
Q45594994	6000000011363005602
Q45595021	6000000075501038848
Q45595086	6000000075500871914
Q4559509	6000000018835756465
Q45595110	6000000075483014503
Q45595151	6000000075501016853
Q45595174	6000000075483945127
Q45595216	6000000075500730948
Q45595239	6000000075483339435
Q45595283	6000000075500040434
Q45595302	6000000075484051972
Q45595347	6000000075500797994
Q45595367	6000000075483755105
Q45595410	6000000075500185302
Q45595430	6000000075484356894
Q45595475	6000000075500305294
Q45595494	6000000075483882137
Q4559552	6000000004964429877
Q45595539	6000000075501004879
Q45595556	6000000075484378884
Q45595602	6000000075500995875
Q45595620	6000000075484395845
Q45595664	6000000075501039849
Q45595683	6000000075484059011
Q45595726	6000000075501033833
Q45595747	6000000075483324665
Q45595792	6000000075500954874
Q45595811	6000000075484039012
Q45595854	6000000075500644110
Q45595872	6000000075484449848
Q45595918	6000000075500954879
Q45595934	6000000075483640173
Q45595980	6000000075500952865
Q45595996	6000000075483912047
Q45596043	6000000075500989877
Q45596060	6000000075484318919
Q45596104	6000000075500558086
Q45596121	6000000075483339464
Q45596163	6000000074716987838
Q45596165	6000000075501059860
Q45596185	6000000075484140987
Q45596228	6000000075501048863
Q45596247	6000000075483935145
Q45596291	6000000075501033841
Q45596310	6000000075484386886
Q45596353	6000000075500153373
Q45596374	6000000075483826124
Q45596418	6000000075500702072
Q45596435	6000000075484463828
Q45596471	6000000011363412233
Q45596498	6000000075484140994
Q45596543	6000000075500391302
Q45596560	6000000075484293908
Q45596606	6000000075501068844
Q45596619	6000000075483799196
Q45596665	6000000171850768174
Q45596668	6000000075500947932
Q45596682	6000000075484050038
Q45596732	6000000075425182825
Q45596746	6000000075483565251
Q45596796	6000000075501081858
Q455968	6000000077112458945
Q45596811	6000000075484016034
Q45596860	6000000075501048880
Q45596873	6000000075484169088
Q45596921	6000000075500946973
Q45596935	6000000075484017032
Q45596983	6000000075500305363
Q45596998	6000000075483385523
Q45597044	6000000075500708015
Q45597060	6000000075483935162
Q45597108	6000000075500790027
Q45597123	6000000075483733178
Q45597172	6000000075500551193
Q45597184	6000000075483494231
Q45597248	6000000075427245540
Q45597252	6000000005599014506
Q45597301	6000000075500796990
Q45597313	6000000075484336891
Q45597364	6000000075501065861
Q45597375	6000000075429158834
Q45597394	6000000074750659351
Q45597426	6000000075500826979
Q45597436	6000000075483947886
Q45597489	6000000075500770982
Q45597551	6000000075501106879
Q45597609	6000000075500713072
Q45597625	6000000075484437841
Q45597673	6000000075500796997
Q45597734	6000000075500354204
Q45597750	6000000075483980068
Q45597796	6000000075500558152
Q45597815	6000000075483980073
Q45597860	6000000075500937944
Q45597877	6000000075483844081
Q45597922	6000000075500874960
Q45597939	6000000075484211942
Q45597985	6000000075500174301
Q45597999	6000000075503896821
Q45598002	6000000075484160005
Q45598048	6000000075500870006
Q45598067	6000000075483844086
Q45598110	6000000075500971939
Q45598172	6000000075500798088
Q45598197	6000000075483630881
Q45598234	6000000075500606165
Q45598259	6000000075484447883
Q45598295	6000000075501072870
Q45598321	6000000075483844091
Q45598357	6000000075500702125
Q45598382	6000000075484195971
Q45598419	6000000075500620217
Q45598445	6000000075484442848
Q45598481	6000000075500729073
Q45598508	6000000075483686388
Q45598543	6000000075500174338
Q45598568	6000000075484160010
Q45598574	6000000074791119844
Q45598605	6000000075500821028
Q45598631	6000000075484446871
Q45598667	6000000075500817018
Q45598694	6000000075484002880
Q45598731	6000000075501169858
Q45598761	6000000074686862945
Q45598794	6000000075500385368
Q45598823	6000000075484188928
Q45598857	6000000075501051917
Q45598885	6000000019264225988
Q45598887	6000000075483109098
Q45598920	6000000075500217395
Q45598950	6000000075484084988
Q45598980	6000000075500352277
Q4559900	6000000010068686140
Q45599015	6000000075484463871
Q45599043	6000000075500757093
Q45599078	6000000075484447889
Q45599142	6000000075483863149
Q45599170	6000000075500491292
Q45599205	6000000075484399931
Q45599231	6000000074381910873
Q45599270	6000000075484526822
Q45599295	6000000075501122915
Q45599332	6000000075484237983
Q45599358	6000000075501176858
Q45599396	6000000075484493852
Q45599421	6000000075500499188
Q45599458	6000000075483861116
Q45599484	6000000075499465746
Q45599529	6000000074381820887
Q45599544	6000000075484389961
Q45599593	6000000075500385374
Q45599608	6000000075483799214
Q45599655	6000000075500620243
Q45599671	6000000075483888226
Q45599707	6000000074730326994
Q45599717	6000000075500354253
Q45599733	6000000075484245984
Q45599769	6000000074730682846
Q45599779	6000000075500721054
Q45599795	6000000075484109081
Q45599832	6000000074730635919
Q45599843	6000000075501225836
Q45599860	6000000075484270948
Q45599905	6000000075500704207
Q45599922	6000000075484054915
Q45599968	6000000075426816858
Q45599985	6000000075483378352
Q45600029	6000000075500728135
Q45600046	6000000075484281963
Q45600097	6000000020170469154
Q45600109	6000000075484323924
Q45600171	6000000074718582953
Q45600216	6000000075501009938
Q45600239	6000000074739848840
Q45600278	6000000075500457289
Q45600295	6000000075483912073
Q45600301	6000000074739915822
Q45600341	6000000075500844116
Q45600357	6000000075484085002
Q45600403	6000000075500965963
Q45600419	6000000075484454869
Q45600423	6000000074739737946
Q45600464	6000000075500954947
Q45600480	6000000075483753129
Q45600484	6000000074739882834
Q45600526	6000000075501249822
Q45600542	6000000075484162060
Q45600587	6000000075501127895
Q45600604	6000000075483697182
Q45600609	6000000074739004023
Q45600652	6000000075501050984
Q45600670	6000000075483894169
Q45600675	6000000074739663896
Q45600719	6000000075501224848
Q45600734	6000000075484190983
Q45600746	6000000074739961821
Q45600784	6000000075501168901
Q45600801	6000000075484052078
Q45600812	6000000074739873865
Q45600847	6000000075501160902
Q45600864	6000000075483696273
Q45600878	6000000074739727902
Q45600910	6000000075500305421
Q45600928	6000000075483547252
Q45600940	6000000074739871865
Q45600956	6000000011325326919
Q45600974	6000000075501170850
Q45600992	6000000075484508852
Q45601004	6000000074738259319
Q45601038	6000000075501147909
Q45601056	6000000075484535840
Q45601068	6000000074739950828
Q45601101	6000000074792423904
Q45601102	6000000075500441294
Q45601119	6000000074685107479
Q45601133	6000000074739860849
Q45601167	6000000075500208442
Q45601184	6000000075483948111
Q45601196	6000000074739786906
Q45601229	6000000075500653140
Q4560124	6000000014454794434
Q45601245	6000000075483888235
Q45601256	6000000074739923845
Q45601289	6000000075501250833
Q45601308	6000000075484017072
Q45601317	6000000074738785125
Q4560133	6000000031541922412
Q45601345	6000000075508496870
Q45601372	6000000075484485878
Q45601379	6000000074739797866
Q45601417	6000000075500558199
Q45601435	6000000075484476862
Q45601442	6000000074738785129
Q45601479	6000000075500526320
Q45601498	6000000075484414900
Q45601505	6000000074739957824
Q4560151	6000000006854778405
Q45601541	6000000075500217431
Q45601561	6000000075484035852
Q45601568	6000000074739860854
Q45601603	6000000075501232857
Q45601624	6000000075483731188
Q45601629	6000000074744576937
Q4560163	6000000016836654242
Q45601669	6000000075501210851
Q45601687	6000000075484254982
Q45601692	6000000074744269059
Q45601731	6000000075500620259
Q45601732	6000000074745459928
Q45601752	6000000075484225994
Q45601757	6000000074744616964
Q45601794	6000000075501136944
Q45601813	6000000075483863161
Q45601818	6000000074743381330
Q45601856	6000000075501224859
Q45601876	6000000075483506417
Q45601880	6000000074744518901
Q45601920	6000000075501136951
Q45601939	6000000075484575822
Q45601944	6000000074744615938
Q45601963	6000000075381484821
Q4560198	6000000005441697606
Q45601981	6000000075500894108
Q45602002	6000000075484335056
Q45602007	6000000074744128147
Q45602044	6000000075501304823
Q45602064	6000000075484345921
Q45602068	6000000074758629279
Q45602069	6000000074744431118
Q45602131	6000000074759304898
Q45602132	6000000074744179103
Q45602171	6000000075500757117
Q45602188	6000000075483653237
Q45602189	6000000074749168882
Q45602193	6000000074759353870
Q45602194	6000000074744433947
Q45602236	6000000075501297846
Q45602252	6000000075484521836
Q45602257	6000000074758743369
Q45602316	6000000075483552140
Q45602320	6000000074758995119
Q45602321	6000000074744503032
Q45602361	6000000075501166870
Q45602378	6000000075484458909
Q45602383	6000000074759261898
Q456024	6000000017616207006
Q45602427	6000000075500781140
Q45602441	6000000075484533857
Q45602446	6000000074759323851
Q45602489	6000000075501294837
Q45602502	6000000075484475870
Q45602509	6000000074759008163
Q45602510	6000000074739813848
Q45602565	6000000075484470952
Q45602570	6000000074758935153
Q45602572	6000000074739551899
Q45602615	6000000075501309823
Q45602628	6000000075484378990
Q45602635	6000000074739464950
Q45602678	6000000075501242874
Q45602700	6000000074739523898
Q45602742	6000000075501051014
Q45602754	6000000074749220830
Q45602755	6000000075484578847
Q456028	6000000023158878828
Q45602807	6000000075501241844
Q45602819	6000000074748442424
Q45602820	6000000075484126142
Q45602868	6000000075500798198
Q45602883	6000000074748998979
Q45602884	6000000075483844186
Q45602933	6000000075501312826
Q45602951	6000000074727409910
Q45602957	6000000074739711889
Q45602998	6000000075500827084
Q45603017	6000000075484535901
Q45603023	6000000074739242960
Q45603063	6000000075501198911
Q45603082	6000000075484387934
Q45603088	6000000074739635869
Q45603129	6000000075500125328
Q45603155	6000000074739783845
Q45603194	6000000075500448347
Q45603213	6000000047502922606
Q45603219	6000000074739722890
Q45603261	6000000075501035010
Q45603279	6000000075484160090
Q45603285	6000000074739522921
Q45603324	6000000075500491350
Q45603341	6000000075484061139
Q45603348	6000000074739577890
Q45603390	6000000075501181911
Q45603414	6000000074739522925
Q45603454	6000000075500351473
Q45603464	6000000074731349840
Q45603472	6000000075484479930
Q45603478	6000000074739317997
Q45603519	6000000075500808164
Q45603527	6000000074730924012
Q45603538	6000000075484607826
Q45603543	6000000074739733885
Q45603583	6000000075501306857
Q45603599	6000000075484226026
Q45603605	6000000074739812842
Q45603648	6000000075501158886
Q45603666	6000000075484418947
Q45603672	6000000074739830826
Q456037	6000000023109132989
Q45603714	6000000075500531265
Q45603731	6000000075483799259
Q45603736	6000000074739828830
Q45603778	6000000075501232890
Q45603795	6000000075484308004
Q45603800	6000000074739665860
Q45603841	6000000075500803165
Q45603858	6000000075484188984
Q45603864	6000000074739235981
Q45603907	6000000075501127943
Q45603923	6000000075484061157
Q45603929	6000000074739861822
Q45603972	6000000075501150954
Q45603986	6000000075484400966
Q45603993	6000000074739867821
Q45604035	6000000075500618143
Q45604057	6000000074738212323
Q45604100	6000000075500948989
Q45604114	6000000075484551882
Q45604119	6000000074739779863
Q45604164	6000000075501297881
Q45604178	6000000075484378999
Q45604183	6000000074739837836
Q45604228	6000000074782939134
Q45604241	6000000075484181046
Q45604246	6000000074739866828
Q45604291	6000000075500875066
Q45604305	6000000075484608841
Q45604311	6000000074739327931
Q45604355	6000000075501350825
Q45604368	6000000075483690267
Q45604374	6000000074739848836
Q45604420	6000000075501232901
Q45604433	6000000075484384047
Q45604438	6000000074739753865
Q45604482	6000000075501309834
Q45604495	6000000075484591855
Q45604502	6000000074738406178
Q45604546	6000000075501339828
Q45604558	6000000075484327047
Q45604563	6000000074739802829
Q45604608	6000000075501222867
Q45604625	6000000075484645822
Q45604626	6000000074739567945
Q45604653	6000000074785631984
Q45604671	6000000075500709273
Q45604688	6000000074739743870
Q45604690	6000000075484532909
Q456047	6000000026056320762
Q45604731	6000000075501294860
Q45604752	6000000074739352968
Q45604796	6000000075501221874
Q45604814	6000000074739830830
Q45604818	6000000075484384055
Q45604860	6000000075501086987
Q45604877	6000000074739616892
Q45604883	6000000075484571876
Q45604924	6000000075500770191
Q45604941	6000000074739586918
Q45604946	6000000075484418966
Q45604988	6000000075500451290
Q45605005	6000000074739620895
Q45605010	6000000075483882275
Q45605041	6000000049920745899
Q45605052	6000000075501229908
Q45605070	6000000074739322058
Q45605075	6000000075484200069
Q4560513	6000000010131203289
Q45605133	6000000074739834843
Q45605138	6000000075484131182
Q45605159	6000000075504988848
Q45605179	6000000075500960027
Q45605196	6000000074739824869
Q45605201	6000000075484243091
Q45605242	6000000075501049973
Q45605264	6000000075484534916
Q45605307	6000000075501206930
Q45605330	6000000075484302046
Q45605369	6000000075501376834
Q45605393	6000000075484632831
Q45605434	6000000075501017056
Q45605456	6000000075484603848
Q45605496	6000000075501139998
Q45605519	6000000075484595895
Q45605536	6000000172734059602
Q45605559	6000000075501368837
Q45605570	6000000074749231821
Q45605584	6000000075484217031
Q456056	3467692
Q45605622	6000000075501295848
Q45605647	6000000075483653307
Q45605687	6000000074737908901
Q45605712	6000000075484438996
Q45605750	6000000075501347849
Q45605775	6000000075484399039
Q45605813	6000000075501390822
Q45605838	6000000075484525952
Q45605877	6000000075501359848
Q45605900	6000000074745216949
Q45605906	6000000147131022886
Q45605940	6000000075501222894
Q45605965	6000000075484623866
Q45606003	6000000075501312856
Q45606028	6000000075484591880
Q45606066	6000000075501349841
Q45606091	6000000075484279041
Q45606129	6000000075501140016
Q45606155	6000000075484652826
Q45606195	6000000075500984106
Q45606220	6000000075484486893
Q45606258	6000000075501295865
Q45606274	6000000074745284853
Q45606282	6000000075484416976
Q4560629	6000000011006048613
Q45606321	6000000075501246894
Q45606338	6000000074745208848
Q45606345	6000000075484513883
Q45606386	6000000075501355839
Q456064	6000000036207425068
Q45606404	6000000074745273833
Q45606411	6000000075484509899
Q45606448	6000000075501276903
Q45606467	6000000074745274857
Q45606474	6000000075484229034
Q45606512	6000000075501411842
Q45606538	6000000075483624404
Q45606575	6000000075501415822
Q45606599	6000000075484322993
Q45606613	6000000074715158852
Q45606638	6000000075500243538
Q45606663	6000000075484052165
Q45606701	6000000075501307881
Q4560672	6000000013629171143
Q45606727	6000000075421421908
Q45606763	6000000165541835921
Q45606765	6000000075500744292
Q45606792	6000000075483489534
Q45606829	6000000075500744297
Q45606856	6000000075484396001
Q45606892	6000000075501246926
Q45606919	6000000075484616843
Q45606956	6000000075500955014
Q45606973	6000000074739400881
Q45606980	6000000075484069263
Q45607019	6000000075500517264
Q45607044	6000000075484570914
Q45607081	6000000075500976104
Q45607100	6000000074739234982
Q45607111	6000000075484677840
Q45607146	6000000075501322902
Q45607167	6000000074739647833
Q45607176	6000000075484216110
Q456072	6000000013511694033
Q45607210	6000000075501376875
Q45607231	6000000074739507879
Q45607239	6000000075484597853
Q45607275	6000000075616917861
Q45607277	6000000074748804062
Q45607295	6000000074739341949
Q45607306	6000000074746111375
Q45607341	6000000075501333865
Q45607344	6000000054754368821
Q45607358	6000000074739499858
Q45607368	6000000075483544233
Q45607405	6000000075501169031
Q45607422	6000000074739428887
Q45607431	6000000075484261060
Q45607468	6000000075501154980
Q45607488	6000000074739393891
Q45607496	6000000075484505890
Q45607531	6000000075501429846
Q45607551	6000000074738574978
Q45607558	6000000075484692829
Q45607594	6000000075500420370
Q45607613	6000000074739618821
Q45607655	6000000075501213942
Q45607681	6000000075484282043
Q45607717	6000000075501235004
Q45607718	6000000074734454897
Q45607744	6000000075483679099
Q45607778	6000000075501228927
Q45607800	6000000074739616848
Q45607810	6000000075484714822
Q45607842	6000000075501358865
Q45607863	6000000074739662833
Q45607873	6000000075484474967
Q45607906	6000000075501457822
Q45607925	6000000074739672821
Q45607935	6000000075484362040
Q45607967	6000000075500760175
Q45607988	6000000074739649845
Q45607998	6000000075484252116
Q45608029	6000000075501167921
Q45608050	6000000074739534880
Q45608061	6000000075484725821
Q45608092	6000000075501365856
Q45608112	6000000074739443938
Q45608155	6000000075501359874
Q45608174	6000000074739679821
Q45608184	6000000075484169226
Q456082	6000000170038446066
Q45608215	6000000075501468822
Q45608234	6000000074739341977
Q45608245	6000000075484729822
Q45608278	6000000075501289946
Q45608298	6000000074739371896
Q45608309	6000000075483473530
Q45608343	6000000075500976115
Q45608360	6000000074739492909
Q45608370	6000000075484447983
Q45608410	6000000075501231953
Q45608426	6000000074739511860
Q45608436	6000000075484542944
Q45608472	6000000075501249888
Q45608489	6000000074739547858
Q45608499	6000000075483624442
Q45608539	6000000075500362436
Q45608555	6000000074739503895
Q45608565	6000000075484566929
Q45608603	6000000075501374896
Q45608620	6000000074739591845
Q45608632	6000000075484454957
Q45608669	6000000075501191934
Q45608686	6000000074739567865
Q45608698	6000000075484052827
Q45608736	6000000075501230930
Q45608753	6000000074739624877
Q45608766	6000000075483856023
Q45608801	6000000075500430301
Q45608819	6000000074739656847
Q45608833	6000000075484737822
Q45608870	6000000075501230935
Q45608899	6000000075484571912
Q45608967	6000000075484469943
Q45609004	6000000075501391865
Q45609021	6000000074739704833
Q45609033	6000000075484438052
Q45609070	6000000075500717243
Q45609089	6000000074739693824
Q45609100	6000000075483511506
Q45609136	6000000075501448853
Q45609153	6000000074739693829
Q45609164	6000000075484543940
Q45609201	6000000075501422878
Q45609220	6000000074739585857
Q45609231	6000000075484689861
Q45609268	6000000075500995113
Q45609283	6000000074739544847
Q45609297	6000000075484510969
Q45609330	6000000075501408854
Q45609346	6000000074739494892
Q45609360	6000000075484387980
Q45609392	6000000075501418893
Q45609408	6000000074739673843
Q45609421	6000000075484306091
Q45609427	6000000074746224950
Q45609454	6000000075501333901
Q45609471	6000000074739655845
Q45609486	6000000075483546454
Q45609519	6000000075500634334
Q45609535	6000000074739492948
Q45609551	6000000075484396050
Q45609584	6000000075500953104
Q45609599	6000000074739514902
Q45609616	6000000075484727851
Q45609649	6000000075501249924
Q45609662	6000000074739203961
Q45609678	6000000075484325040
Q45609711	6000000075501382919
Q45609728	6000000074739688842
Q45609743	6000000075484761822
Q45609776	6000000075501437851
Q45609792	6000000074739494896
Q45609807	6000000075484232131
Q45609840	6000000075501284973
Q45609871	6000000075484668857
Q45609906	6000000075501148087
Q45609935	6000000075484471020
Q45609969	6000000075500890183
Q45609985	6000000074739732830
Q45610000	6000000075483546470
Q45610033	6000000075501356907
Q45610062	6000000075484689874
Q45610067	6000000075500351586
Q45610094	6000000074738995986
Q45610123	6000000075484252148
Q45610132	6000000075501429884
Q45610161	6000000074739648837
Q45610187	6000000075484109224
Q45610196	6000000075501222963
Q45610251	6000000075484454966
Q45610260	6000000075500890188
Q45610285	6000000074739660839
Q45610314	6000000075484658864
Q45610324	6000000075500729234
Q45610350	6000000074738671130
Q45610378	6000000075484071872
Q45610388	6000000075501366918
Q45610413	6000000074738995991
Q45610441	6000000075484261097
Q45610450	6000000075501337931
Q45610502	6000000075484761828
Q45610512	6000000075501489833
Q45610516	6000000074759422097
Q45610567	6000000075484548968
Q45610577	6000000074692202855
Q45610630	6000000075484758836
Q45610638	6000000075501512833
Q45610668	6000000074739556888
Q45610693	6000000075484321102
Q45610702	6000000075501294911
Q45610757	6000000075484649835
Q45610765	6000000075500949083
Q45610817	6000000075484306097
Q45610825	6000000075501288993
Q45610880	6000000075483753236
Q45610888	6000000075500725218
Q45610942	6000000075484054982
Q45610951	6000000075501390915
Q45611005	6000000075484556936
Q45611014	6000000075500206442
Q45611066	6000000075484541951
Q45611074	6000000038223335138
Q45611139	6000000075501440885
Q45611160	6000000074759428030
Q45611191	6000000075484666906
Q45611200	6000000075501506849
Q45611255	6000000075484438087
Q45611317	6000000075483894255
Q45611325	6000000075501360973
Q45611379	6000000075484546914
Q45611388	6000000075501551843
Q45611477	6000000074739298006
Q45611503	6000000075484052209
Q45611514	6000000075501552836
Q45611540	6000000074739629911
Q45611564	6000000075483059627
Q45611577	6000000075501561822
Q45611628	6000000075484674881
Q45611666	6000000074739329979
Q45611692	6000000075483536443
Q45611706	6000000075501501860
Q45611729	6000000074739691835
Q45611754	6000000075484077155
Q45611767	6000000075501212005
Q45611818	6000000075484261106
Q45611831	6000000075501574822
Q45611880	6000000075483894265
Q45611883	6000000049896574866
Q45611895	6000000075501497859
Q45611918	6000000074739625886
Q45611944	6000000075484569995
Q45611959	6000000075501453870
Q45611982	6000000074739503926
Q45612007	6000000075484637909
Q45612024	6000000075501521847
Q45612070	6000000075484658884
Q45612088	6000000075501488881
Q45612132	6000000075484578924
Q45612151	6000000075501103199
Q45612195	6000000075484644854
Q456122	6000000000350860914
Q45612214	6000000075050057858
Q45612258	6000000075484543988
Q45612276	6000000075501063140
Q45612319	6000000075484591949
Q45612338	6000000075501369916
Q45612382	6000000075483935337
Q45612401	6000000075501567840
Q45612444	6000000075484034139
Q45612463	6000000075501148081
Q45612510	6000000075484454985
Q45612528	6000000075501347909
Q45612573	6000000075484255093
Q45612590	6000000075501140102
Q45612617	6000000074771174861
Q45612636	6000000075484766827
Q45612654	6000000075501169150
Q45612717	6000000075501481932
Q45612761	6000000075484596961
Q45612779	6000000075501184001
Q45612825	6000000075484829822
Q45612841	6000000075501000183
Q45612888	6000000075484771860
Q45612905	6000000075499899657
Q45612951	6000000075484644859
Q45612968	6000000075501534881
Q45613010	6000000074760009828
Q45613014	6000000075484695940
Q45613029	6000000075501295991
Q45613076	6000000075484603952
Q45613093	6000000075501592841
Q45613137	6000000075484765852
Q45613154	6000000075501394935
Q45613200	6000000075484785858
Q45613216	6000000075501474851
Q45613264	6000000075484141184
Q45613280	6000000075501525880
Q45613327	6000000075484034144
Q45613343	6000000075500894261
Q45613344	6000000074729870971
Q45613390	6000000075484757870
Q45613406	6000000075500189472
Q45613407	6000000074730142833
Q45613454	6000000075484216181
Q45613468	6000000075501564860
Q4561347	6000000181494817821
Q45613516	6000000075484619918
Q45613534	6000000075500978116
Q45613579	6000000075484848823
Q45613596	6000000075501212041
Q45613642	6000000075484765863
Q45613658	6000000075501489905
Q45613707	6000000075484515005
Q45613721	6000000013102790157
Q45613723	6000000075501512910
Q45613769	6000000075483483496
Q45613784	6000000075501502852
Q45613833	6000000075484396148
Q45613848	6000000075501545854
Q45613895	6000000075484141221
Q45613911	6000000075501590872
Q45613930	6000000044378987009
Q45613959	6000000075484325075
Q45613975	6000000075501339035
Q45613993	6000000044379048946
Q45614022	6000000075484376122
Q45614037	6000000075501327034
Q45614055	6000000044379060827
Q45614085	6000000075484869822
Q45614100	6000000075501460986
Q45614132	6000000075483753289
Q45614157	6000000075501542855
Q45614218	6000000074752910000
Q45614221	6000000075501454918
Q45614258	6000000075484402070
Q45614281	6000000074752744084
Q45614284	6000000075501626821
Q45614319	6000000075483863278
Q45614347	6000000075500997274
Q45614383	6000000075484858837
Q45614410	6000000075501614852
Q45614447	6000000075483882385
Q45614471	6000000075500995200
Q45614508	6000000075484775861
Q45614512	6000000044378830267
Q45614536	6000000075501574843
Q45614572	6000000075484784862
Q45614598	6000000075501334984
Q45614634	6000000075484830878
Q45614698	6000000075484707963
Q456147	6000000008260976286
Q45614723	6000000075501076144
Q45614761	6000000075484262133
Q45614787	6000000075501087185
Q45614824	6000000075484822858
Q45614849	6000000075500206479
Q45614888	6000000075484703907
Q45614909	6000000134825011861
Q45614914	6000000075501523903
Q45614953	6000000075484229126
Q45614977	6000000075501650822
Q45615014	6000000075484768875
Q45615040	6000000075500558321
Q45615077	6000000075484319149
Q45615085	6000000074698618216
Q45615105	6000000075501354025
Q45615140	6000000075484742908
Q45615148	6000000074699181828
Q45615167	6000000075501051178
Q45615203	6000000075484811837
Q45615211	6000000074698759179
Q45615231	6000000074711953885
Q45615266	6000000075484811854
Q45615274	6000000074698007596
Q45615293	6000000075501534907
Q45615328	6000000075484707972
Q45615336	6000000074699098946
Q45615349	6000000075505908844
Q45615356	6000000075500717297
Q45615393	6000000075484370173
Q456154	6000000016356309754
Q45615401	6000000074699036970
Q45615420	6000000075501552903
Q45615455	6000000075484319160
Q45615463	6000000074699050957
Q45615481	6000000075501521894
Q45615509	6000000044347461914
Q45615517	6000000075484905823
Q45615523	6000000074699114919
Q45615537	6000000075505604971
Q45615541	6000000075501664822
Q45615579	6000000075484279130
Q45615585	6000000074699082886
Q45615603	6000000075501465972
Q45615643	6000000075484771926
Q45615649	6000000074698645270
Q45615666	6000000075501628824
Q45615706	6000000075484595969
Q45615712	6000000074698775207
Q45615771	6000000075484757885
Q45615776	6000000074699172870
Q45615793	6000000075501408024
Q45615833	6000000075484905828
Q45615838	6000000074699047936
Q45615857	6000000075501331990
Q45615898	6000000075484783950
Q45615903	6000000074698923056
Q45615921	6000000075501651824
Q45615961	6000000075484592990
Q45615966	6000000074699168855
Q45615985	6000000075500189516
Q45616025	6000000075483544317
Q45616029	6000000074698722126
Q45616079	6000000075492379077
Q45616088	6000000075483935394
Q45616093	6000000074698681262
Q45616108	6000000075501532875
Q45616150	6000000075484560009
Q45616154	6000000074698850091
Q45616171	6000000075501241045
Q45616176	6000000074752919934
Q456162	6000000003310020463
Q45616209	6000000075484061278
Q45616233	6000000075501585899
Q45616272	6000000075484921823
Q45616295	6000000075501509919
Q45616334	6000000075484748873
Q45616359	6000000075501506932
Q45616397	6000000075484685964
Q456164	6000000076700643517
Q45616422	6000000075501685822
Q45616462	6000000075484016295
Q45616487	6000000075501375081
Q45616523	6000000075484656072
Q45616549	6000000075500351691
Q45616586	6000000075484278331
Q45616612	6000000075500803344
Q45616651	6000000075483511643
Q45616673	6000000075501604884
Q45616713	6000000075484393155
Q45616736	6000000075501123184
Q45616775	6000000075484807898
Q45616798	6000000075501182105
Q456168	6000000006889988260
Q45616816	6000000074716937879
Q45616839	6000000075484905860
Q45616862	6000000075501363000
Q456169	6000000000625982429
Q45616903	6000000075484928823
Q45616924	6000000075501161171
Q45616960	6000000074758776070
Q45616964	6000000075484261199
Q45616987	6000000075501695833
Q45617028	6000000075484674941
Q45617051	6000000075501448968
Q45617091	6000000075484588056
Q45617099	6000000216047684851
Q45617115	6000000075501224045
Q45617154	6000000075484288171
Q45617177	6000000075501000257
Q45617216	6000000074733680863
Q45617217	6000000075484523004
Q45617240	6000000075501583895
Q45617278	6000000074733456987
Q45617279	6000000075484533012
Q45617301	6000000075501184057
Q45617329	6000000075504197897
Q45617341	6000000074733808821
Q45617342	6000000075484787912
Q45617364	6000000075501583903
Q45617403	6000000012380818173
Q45617404	6000000074733593924
Q45617405	6000000075484604045
Q45617427	6000000075501493919
Q45617466	6000000074733502968
Q45617467	6000000075483378652
Q45617489	6000000075501676845
Q45617526	6000000019146929015
Q45617529	6000000074733596910
Q45617530	6000000075484907856
Q45617553	6000000075501631887
Q45617592	6000000074733350021
Q45617594	6000000075484946841
Q45617616	6000000075500125559
Q4561762	6000000025039022822
Q45617657	6000000075484523011
Q45617680	6000000075501696837
Q45617720	6000000075483624574
Q45617784	6000000075483378660
Q456178	6000000015649219494
Q45617805	6000000075500817303
Q45617848	6000000075484766896
Q45617869	6000000075501448974
Q45617907	6000000019146534788
Q45617910	6000000075484937826
Q45617931	6000000075501510954
Q45617972	6000000075484778917
Q45617994	6000000075501279051
Q456180	2304031
Q45618034	6000000075484364153
Q45618055	6000000075501722840
Q45618081	6000000075507492823
Q4561809	6000000127357250822
Q45618096	6000000075484539987
Q45618119	6000000075500351717
Q45618156	6000000075484658976
Q45618182	6000000075501673847
Q45618219	6000000075484442084
Q45618245	6000000075501455991
Q45618283	6000000075484686874
Q456183	6000000008633499596
Q45618307	6000000075501559934
Q45618345	6000000075484756984
Q45618371	6000000075501631892
Q45618409	6000000075484810880
Q45618433	6000000075501673852
Q45618471	6000000019145995914
Q45618474	6000000075484755964
Q45618497	6000000075500995258
Q45618536	6000000075484480207
Q45618559	6000000075501654896
Q45618599	6000000075484771956
Q4561862	6000000024739115378
Q45618621	6000000075501750822
Q45618662	6000000075484964822
Q45618685	6000000075501734845
Q45618724	6000000075483799343
Q45618787	6000000075484929843
Q45618810	6000000075501711845
Q45618849	6000000075484109298
Q45618872	6000000075501651878
Q45618911	6000000075484971826
Q45618935	6000000075501647887
Q45618973	6000000075483624597
Q45618998	6000000075501539938
Q45619035	6000000075483674616
Q45619057	6000000074715031932
Q45619061	6000000075500995275
Q45619099	6000000075484938839
Q45619124	6000000075500721398
Q45619161	6000000074738140921
Q45619185	6000000075501683845
Q45619224	6000000075484394169
Q45619247	6000000075501383046
Q45619249	6000000075403203830
Q45619285	6000000075484870895
Q45619309	6000000074748837434
Q45619347	6000000074739603821
Q45619350	6000000075484540009
Q45619372	6000000074748881258
Q456194	6000000013687028219
Q45619409	6000000074739595822
Q45619412	6000000075484927869
Q45619435	6000000075501309058
Q45619472	6000000074739224929
Q45619481	6000000075484598975
Q45619502	6000000075501586921
Q45619534	6000000074739590832
Q45619543	6000000075483674645
Q45619562	6000000075501419097
Q45619608	6000000075484659002
Q45619627	6000000075501441022
Q45619670	6000000075484768942
Q45619675	6000000019168373904
Q45619689	6000000075501553947
Q45619733	6000000075484596013
Q45619754	6000000075501761836
Q45619798	6000000075484644935
Q45619817	6000000075501384049
Q45619857	6000000049920529183
Q45619864	6000000075483799357
Q45619882	6000000075501735861
Q45619927	6000000075484890944
Q45619944	6000000075501588909
Q45619991	6000000075484950864
Q45620007	6000000075501195119
Q45620056	6000000075485006830
Q45620069	6000000075501343036
Q45620118	6000000075484399169
Q4562013	6000000006600349260
Q45620132	6000000075501666874
Q45620162	6000000074771419830
Q45620180	6000000075484644945
Q45620193	6000000075501279062
Q4562022	6000000012901663239
Q45620253	6000000075501617901
Q45620306	6000000075483624624
Q45620318	6000000075501294070
Q45620371	6000000075485003840
Q45620382	6000000075501483058
Q4562040	6000000021091509169
Q45620434	6000000075483935456
Q45620445	6000000075501565970
Q45620496	6000000075484920869
Q45620507	6000000075501746850
Q45620571	6000000075501739825
Q45620622	6000000075484644904
Q45620633	6000000075501685896
Q45620685	6000000075484962849
Q45620696	6000000075501812822
Q45620711	6000000045272492911
Q45620749	6000000075484914863
Q45620762	6000000075501755838
Q45620777	6000000049405638880
Q456208	6000000026226102840
Q45620815	6000000075484742960
Q45620826	6000000074704197163
Q45620827	6000000075500845392
Q45620877	6000000075484858918
Q45620889	6000000075501726846
Q45620938	6000000075484938884
Q45620950	6000000075500531506
Q45621000	6000000075484918894
Q45621015	6000000075501472978
Q45621030	6000000045960728848
Q45621065	6000000075484893874
Q45621079	6000000075501437122
Q45621128	6000000075483882498
Q45621144	6000000075501467053
Q45621175	6000000074739312912
Q45621189	6000000075484442120
Q45621253	6000000075485051821
Q45621268	6000000075501516000
Q45621300	6000000074739122937
Q45621315	6000000075484745007
Q45621331	6000000075501685915
Q45621379	6000000075485018845
Q45621395	6000000075501420019
Q45621439	6000000075484931908
Q45621460	6000000075501511002
Q45621501	6000000075484323154
Q45621520	6000000075501808833
Q45621563	6000000045620946066
Q45621583	6000000075501818844
Q456216	6000000077100660394
Q45621629	6000000075484596040
Q45621639	6000000074728012912
Q45621645	6000000075501385072
Q45621694	6000000075484801003
Q456217	6000000044782856105
Q45621709	6000000075501279081
Q45621757	6000000075484974845
Q45621772	6000000075501629924
Q45621822	6000000075484966900
Q45621837	6000000075501484989
Q45621866	6000000074739442876
Q45621883	6000000075484961848
Q456219	6000000178729414952
Q45621901	6000000075501777828
Q45621929	6000000074739496844
Q45621944	6000000075611789914
Q45621948	6000000075484515123
Q45621965	6000000075501309091
Q45621992	6000000074739458875
Q45622008	6000000075484943890
Q45622028	6000000075501370020
Q45622054	6000000074739525822
Q45622067	6000000049896225036
Q45622071	6000000075484819942
Q45622092	6000000075501370029
Q45622119	6000000074738566148
Q45622135	6000000075484943895
Q45622158	6000000075501608004
Q45622197	6000000075484757997
Q45622221	6000000075501148328
Q45622244	6000000074738588097
Q45622260	6000000075484601079
Q45622284	6000000075501439034
Q45622323	6000000075484574084
Q45622346	6000000075501794838
Q45622386	6000000075484559158
Q45622410	6000000075501169252
Q45622432	6000000074739329889
Q45622449	6000000075483799384
Q45622471	6000000075501383124
Q45622495	6000000074739074944
Q45622498	6000000074748234127
Q45622513	6000000075484915976
Q45622523	6000000074684602467
Q45622535	6000000075501369114
Q45622556	6000000074739459876
Q45622558	6000000074747759384
Q45622575	6000000075484126451
Q45622598	6000000075501661851
Q45622620	6000000074739542829
Q45622622	6000000074748181086
Q45622639	6000000075484069526
Q45622654	6000000074733752828
Q45622662	6000000075501220083
Q45622700	6000000075484758004
Q45622722	6000000075501553989
Q45622765	6000000075483882528
Q45622775	6000000074702036858
Q45622787	6000000075501182228
Q45622789	6000000088705598062
Q45622839	6000000074726128914
Q45622889	6000000074684505491
Q45622903	6000000074726073948
Q45622915	6000000075501600944
Q45622951	6000000075484738052
Q45622977	6000000075501574990
Q45623013	6000000075483863394
Q45623041	6000000075501804840
Q45623077	6000000075485073822
Q45623136	6000000075501871830
Q45623140	6000000075484442148
Q45623169	6000000075425854332
Q45623199	6000000075501338129
Q45623203	6000000075484738064
Q45623262	6000000075501817868
Q45623266	6000000075485074825
Q45623324	6000000075501444048
Q45623328	6000000075484817973
Q45623386	6000000074725725103
Q45623391	6000000075484821956
Q45623449	6000000075501523998
Q45623456	6000000075484969876
Q456235	6000000034571750664
Q45623513	6000000075501450043
Q45623518	6000000011326176916
Q45623521	6000000075485034871
Q45623524	6000000013883576374
Q45623581	6000000075501566980
Q45623643	6000000075501513069
Q45623649	6000000075484061388
Q45623706	6000000075501856830
Q45623713	6000000075484853952
Q45623771	6000000075501572937
Q45623832	6000000075500531535
Q45623840	6000000075485072837
Q45623843	6000000186528912841
Q45623895	6000000075501746893
Q45623904	6000000075484861912
Q45623957	6000000075501285152
Q45623966	6000000075485017912
Q45624020	6000000075501444068
Q45624029	6000000075484912921
Q45624083	6000000075501840838
Q45624092	6000000075484601095
Q45624147	6000000075501862822
Q45624156	6000000075484858980
Q45624207	6000000075501874829
Q45624217	6000000075484990882
Q45624230	6000000074717465035
Q45624269	6000000075501776858
Q45624278	6000000075484788986
Q456243	6000000104407452822
Q45624322	6000000057635108101
Q45624332	6000000075501831885
Q45624342	6000000075485090830
Q45624368	6000000074738732952
Q45624400	6000000075501507074
Q45624406	6000000075484253208
Q45624415	6000000075505998951
Q45624463	6000000075501407107
Q45624468	6000000074685086044
Q45624526	6000000075501366164
Q45624531	6000000075483473695
Q45624588	6000000075501572958
Q45624595	6000000075484893907
Q456246	6000000179044607849
Q45624618	6000000074739196881
Q45624652	6000000075501182267
Q45624658	6000000075484593076
Q45624684	6000000074739381838
Q45624717	6000000075501903822
Q45624723	6000000075484973883
Q45624782	6000000075501522002
Q45624785	6000000075484703041
Q45624844	6000000075501788879
Q45624848	6000000075484872962
Q45624907	6000000075501710902
Q45624911	6000000075484329189
Q45624970	6000000075501865848
Q45624972	6000000075484728036
Q45625032	6000000075501850869
Q45625034	6000000075484046429
Q45625096	6000000075485100839
Q45625097	6000000075501803895
Q456251	6000000177937134936
Q45625116	6000000075508458888
Q45625126	6000000074715163871
Q45625157	6000000075501916837
Q45625217	6000000075375360821
Q45625219	6000000075484789003
Q45625220	6000000075500845446
Q45625282	6000000075484975981
Q45625283	6000000075501133366
Q45625343	6000000075484442173
Q45625347	6000000075501715999
Q45625406	6000000075484209219
Q45625412	6000000075501630006
Q45625469	6000000075484948919
Q45625473	6000000075501739933
Q45625533	6000000075485069842
Q45625537	6000000075501572967
Q45625597	6000000075484896974
Q45625601	6000000075500928257
Q45625661	6000000075484945939
Q45625664	6000000074758389153
Q45625684	6000000074731238937
Q45625688	6000000074739417839
Q45625724	6000000075485137834
Q45625728	6000000075501928842
Q45625750	6000000074739410850
Q45625787	6000000075484216320
Q45625790	6000000075501184136
Q45625850	6000000075485010948
Q45625853	6000000075501817935
Q45625914	6000000075484821974
Q45625917	6000000075501787893
Q45625977	6000000075485010953
Q45625981	6000000075501885845
Q45626040	6000000075485027925
Q45626047	6000000075501730944
Q45626106	6000000075485006917
Q45626115	6000000075501730949
Q45626169	6000000075484768996
Q45626178	6000000075501836885
Q45626230	6000000075485063873
Q45626240	6000000075501182322
Q45626295	6000000075485126832
Q45626304	6000000075501954834
Q45626367	6000000075500728454
Q45626381	6000000074739472827
Q45626421	6000000075484769001
Q45626431	6000000075501840885
Q45626444	6000000074739146965
Q45626482	6000000075485074853
Q45626493	6000000075501774941
Q45626546	6000000075484550121
Q45626555	6000000075501781938
Q45626610	6000000075485158822
Q45626619	6000000075501292256
Q45626673	6000000075484522246
Q45626683	6000000075501824912
Q45626734	6000000075485161822
Q45626745	6000000074745293475
Q45626746	6000000075501891886
Q45626799	6000000075484544126
Q45626810	6000000075501486092
Q45626811	6000000074746160058
Q45626813	6000000074749790823
Q45626859	6000000075484912970
Q45626871	6000000075501591056
Q45626872	6000000074746130057
Q45626874	6000000074749642914
Q45626922	6000000075485006922
Q45626936	6000000074746354839
Q45626984	6000000075484419285
Q45626997	6000000075501597018
Q45626998	6000000074746188959
Q456270	6000000113112772830
Q45627047	6000000075485166823
Q45627059	6000000075501532063
Q45627061	6000000074746232938
Q45627063	6000000074749172215
Q456271	6000000016303748055
Q45627109	6000000075484126522
Q45627125	6000000075501232250
Q45627126	6000000074749717821
Q45627174	6000000075484131422
Q45627187	6000000074746297900
Q45627189	6000000075501908858
Q45627190	6000000074749181316
Q45627234	6000000075485100853
Q45627252	6000000074749614859
Q45627254	6000000075500771472
Q45627279	6000000075606814181
Q45627298	6000000075483679588
Q45627315	6000000074749603874
Q45627317	6000000075501461151
Q45627362	6000000075484998822
Q45627379	6000000074749075315
Q45627381	6000000075501910876
Q45627426	6000000075484976010
Q45627444	6000000074749048362
Q45627446	6000000075501168213
Q45627489	6000000075484757879
Q45627507	6000000074749235214
Q45627510	6000000075501788944
Q45627553	6000000075484707070
Q45627569	6000000074749466985
Q45627571	6000000075501223211
Q45627616	6000000075484684087
Q45627633	6000000074749674878
Q45627635	6000000075501931875
Q45627694	6000000074749575878
Q45627696	6000000075501675054
Q456277	6000000023753768019
Q45627757	6000000074749642882
Q45627759	6000000075501996824
Q45627807	6000000075485137868
Q45627817	6000000074749098265
Q45627820	6000000075501609975
Q45627844	6000000088758124930
Q45627869	6000000075484846990
Q45627879	6000000074749473995
Q45627881	6000000075501912884
Q45627933	6000000075484400340
Q45627945	6000000075501755952
Q45627996	6000000075484475171
Q45628003	6000000019169607148
Q45628008	6000000075501814962
Q45628060	6000000075485073861
Q45628072	6000000075501507154
Q45628122	6000000075484794039
Q45628134	6000000075501917883
Q45628185	6000000075484947942
Q45628195	6000000074749062476
Q45628198	6000000075406116905
Q45628247	6000000075484638061
Q45628258	6000000074749589963
Q45628260	6000000075501545118
Q4562827	6000000013904459561
Q45628313	6000000075485098848
Q45628321	6000000074749570949
Q45628323	6000000075501600023
Q45628374	6000000075485122868
Q45628384	6000000074749695862
Q45628385	6000000075501914897
Q45628435	6000000075485063883
Q45628447	6000000075501963853
Q45628448	6000000074748896508
Q45628499	6000000075485199822
Q45628509	6000000075501966853
Q45628510	6000000074749144295
Q45628527	6000000074716991833
Q45628562	6000000075483753469
Q45628571	6000000075501988852
Q45628572	6000000074749414188
Q45628588	6000000074716836963
Q45628626	6000000075484550142
Q45628635	6000000075501545124
Q45628636	6000000074749542044
Q4562868	6000000081274653129
Q45628687	6000000075426106952
Q45628695	6000000075501536987
Q45628697	6000000074749011453
Q45628750	6000000075484349227
Q45628759	6000000075502042822
Q45628761	6000000074749268166
Q45628789	6000000215987957824
Q45628813	6000000075484854019
Q45628822	6000000074748837685
Q45628823	6000000075502014857
Q45628877	6000000075485112885
Q45628885	6000000074749613925
Q45628887	6000000075501332298
Q45628940	6000000075485144830
Q45628948	6000000074749598941
Q45628950	6000000075501755961
Q45629002	6000000075484858038
Q45629011	6000000074749505072
Q45629013	6000000075501934895
Q45629067	6000000075484995976
Q45629076	6000000074749808835
Q45629077	6000000075502019846
Q45629131	6000000075485150882
Q45629139	6000000074749182204
Q45629141	6000000075501630046
Q45629194	6000000075485214822
Q45629202	6000000074749038425
Q45629203	6000000075502042829
Q45629257	6000000075485090892
Q45629266	6000000075501992851
Q45629267	6000000074749730841
Q45629318	6000000075484815069
Q45629327	6000000075502048826
Q45629328	6000000074749578004
Q45629381	6000000075484939973
Q45629391	6000000074749651898
Q45629392	6000000075502009859
Q45629406	6000000074739543841
Q45629445	6000000075484900020
Q45629455	6000000074748710528
Q45629457	6000000075501565014
Q45629470	6000000074737725396
Q456295	6000000024146810874
Q45629509	6000000075484738180
Q45629520	6000000074749707902
Q45629521	6000000075501948899
Q45629535	6000000074738987037
Q45629573	6000000075585529870
Q45629583	6000000074749367156
Q45629597	6000000074739495851
Q45629634	6000000075485237872
Q45629645	6000000074749382114
Q45629647	6000000075501980853
Q45629660	6000000074739075014
Q45629700	6000000075485091923
Q45629709	6000000074749642901
Q45629711	6000000075501996859
Q45629725	6000000074739636823
Q45629764	6000000075485044937
Q45629773	6000000074749773836
Q45629776	6000000075501702978
Q456298	6000000005914011379
Q45629826	6000000018633991337
Q45629829	6000000075485046029
Q45629838	6000000074749483084
Q45629840	6000000075501756958
Q45629894	6000000075485128938
Q45629903	6000000074749586955
Q45629906	6000000075501184263
Q45629956	6000000075484913065
Q45629965	6000000074749463061
Q45629968	6000000075501866949
Q45630019	6000000075484574239
Q45630028	6000000074748986491
Q45630031	6000000075501537028
Q45630084	6000000075485150964
Q45630093	6000000074749772840
Q45630097	6000000075501988881
Q45630144	6000000075485093987
Q45630154	6000000074748710538
Q45630161	6000000075500845531
Q45630209	6000000075485280892
Q45630218	6000000074749615960
Q45630224	6000000075501618041
Q45630239	6000000048114092239
Q45630270	6000000075485345825
Q45630280	6000000074749541994
Q45630286	6000000075501756964
Q45630335	6000000075484873155
Q45630344	6000000074749680889
Q45630350	6000000075501123332
Q45630397	6000000075485149840
Q456304	6000000017394918667
Q45630406	6000000074749678858
Q45630412	6000000075501998845
Q45630459	6000000075485199932
Q45630468	6000000074749671900
Q45630477	6000000075501921910
Q45630523	6000000075484433034
Q45630531	6000000074749471972
Q45630539	6000000075502077839
Q45630585	6000000075485182953
Q45630592	6000000074749749821
Q45630600	6000000075502092821
Q45630655	6000000074748760401
Q45630709	6000000075485318846
Q45630717	6000000074749268136
Q45630727	6000000075501883923
Q45630774	6000000075485353835
Q45630781	6000000074748950544
Q45630835	6000000075485305863
Q45630844	6000000074749615932
Q45630851	6000000075502022857
Q45630900	6000000075484745139
Q45630906	6000000074749649935
Q45630914	6000000075501332343
Q45630962	6000000075484446225
Q45630968	6000000074749269137
Q45630976	6000000075501959942
Q45631024	6000000075483679693
Q45631032	6000000074749617970
Q45631062	6000000074717082339
Q45631087	6000000075484888021
Q45631094	6000000074749542002
Q45631123	6000000074717623981
Q45631146	6000000074791106875
Q45631148	6000000075485376822
Q45631156	6000000074749635927
Q45631162	6000000075502099846
Q45631211	6000000075484913091
Q45631219	6000000074749709857
Q45631225	6000000075501662035
Q45631274	6000000075485333901
Q45631282	6000000074749312120
Q45631338	6000000075485022016
Q45631344	6000000074749268140
Q45631352	6000000075501866963
Q45631400	6000000075485042017
Q45631406	6000000074749551015
Q45631414	6000000075501925971
Q45631460	6000000075485022023
Q45631470	6000000074749252149
Q45631478	6000000075501507199
Q456315	6000000087408654022
Q45631523	6000000075485105961
Q45631530	6000000074749331260
Q45631538	6000000075500771539
Q45631555	6000000019925971933
Q45631588	6000000075484085523
Q45631595	6000000074749765830
Q45631650	6000000075485026061
Q45631657	6000000074749530947
Q45631666	6000000075501383294
Q45631716	6000000075485382838
Q45631721	6000000074749480036
Q45631728	6000000013754547600
Q45631729	6000000075501882928
Q45631778	6000000075485357850
Q45631783	6000000074749576925
Q45631792	6000000075502023856
Q45631805	6000000074730593869
Q45631810	6000000074749610086
Q45631840	6000000075485099981
Q45631846	6000000074749764840
Q45631854	6000000075502123822
Q45631904	6000000075485333930
Q45631909	6000000074749371202
Q45631916	6000000075501911972
Q45631966	6000000075485190959
Q45631972	6000000074749505038
Q45631979	6000000075501902934
Q45632032	6000000075485373862
Q45632036	6000000074749343077
Q45632043	6000000075501044344
Q45632093	6000000075484974033
Q45632097	6000000074749575923
Q456321	6000000069302175609
Q45632105	6000000075501712037
Q45632108	6000000075413149241
Q45632130	6000000074749320259
Q45632155	6000000075485042022
Q45632159	6000000074749777821
Q45632167	6000000075501825004
Q45632196	6000000074697126328
Q45632218	6000000075485140995
Q45632222	6000000074749339168
Q45632230	6000000075501632156
Q45632281	6000000074759540139
Q45632282	6000000075484400483
Q45632286	6000000074749626907
Q45632299	6000000075501461214
Q45632344	6000000075485291930
Q45632348	6000000074697293274
Q45632361	6000000075501370181
Q45632407	6000000075484825169
Q45632411	6000000074697726924
Q45632423	6000000075501985944
Q45632467	6000000075484738271
Q45632469	6000000074759982880
Q45632472	6000000074698023927
Q45632485	6000000075501764966
Q45632531	6000000074759677037
Q45632534	6000000074697968993
Q45632548	6000000075502123854
Q45632592	6000000075485230998
Q45632597	6000000074697126283
Q45632601	6000000075507523887
Q45632609	6000000075501736091
Q45632654	6000000075484542299
Q45632659	6000000074697161371
Q45632665	6000000074790357978
Q45632670	6000000075502002873
Q45632717	6000000075484085583
Q45632722	6000000074697613086
Q45632735	6000000075502094882
Q45632756	6000000074730594879
Q45632779	6000000075485435827
Q45632785	6000000074697662027
Q45632799	6000000075501467333
Q45632842	6000000075485004177
Q45632847	6000000074698036913
Q45632859	6000000075502096846
Q45632904	6000000075485378877
Q45632908	6000000074697917993
Q45632923	6000000075502067921
Q45632968	6000000075485221986
Q45632969	6000000074792425951
Q45632972	6000000074697680999
Q45632985	6000000075502134857
Q456330	6000000039565890227
Q45633030	6000000075484480469
Q45633034	6000000074697646202
Q45633048	6000000075501573174
Q45633077	6000000044393730306
Q45633092	6000000018634472734
Q45633093	6000000075484730293
Q45633094	6000000074792093111
Q45633097	6000000074697446246
Q45633110	6000000075501971894
Q4563312	6000000007980851955
Q45633155	6000000075485406850
Q45633156	6000000074792689856
Q45633159	6000000074697892015
Q45633172	6000000075501926004
Q4563321	6000000052527554821
Q45633216	6000000075484061588
Q45633217	6000000074792683849
Q45633221	6000000074697426281
Q45633235	6000000075501694112
Q45633279	6000000075484825211
Q45633285	6000000074697805977
Q45633299	6000000075480800157
Q45633343	6000000075484480480
Q45633348	6000000074697959087
Q45633362	6000000075502125858
Q45633408	6000000074751030342
Q45633413	6000000074698072873
Q45633427	6000000075502116871
Q45633470	6000000075485193942
Q45633476	6000000074697905981
Q45633494	6000000075481138857
Q45633510	6000000075503499097
Q45633535	6000000075485397908
Q45633539	6000000074697568159
Q45633558	6000000075501494153
Q45633597	6000000075484968158
Q45633601	6000000074698083872
Q45633621	6000000075501918000
Q45633660	6000000075484954093
Q45633665	6000000074698108823
Q45633685	6000000075501893954
Q45633723	6000000075484781279
Q45633728	6000000074697505235
Q45633748	6000000075501773040
Q45633785	6000000075485026113
Q45633790	6000000074697630180
Q45633811	6000000075502194822
Q45633848	6000000075485218983
Q45633853	6000000074696925326
Q45633874	6000000075502197822
Q45633911	6000000075485290976
Q45633916	6000000074697693104
Q45633937	6000000075501993941
Q45633975	6000000075484061594
Q45633980	6000000074698102892
Q45634001	6000000075426793994
Q4563402	6000000011787795102
Q45634038	6000000075485251993
Q45634043	6000000074697653133
Q45634066	6000000075502186846
Q45634103	6000000075485241936
Q45634108	6000000074697960975
Q45634131	6000000075501969018
Q45634168	6000000075485177038
Q45634172	6000000074698117850
Q45634195	6000000075501633132
Q45634233	6000000075485302944
Q45634237	6000000074698121823
Q45634260	6000000075501573185
Q45634269	6000000018605775922
Q45634296	6000000075483679756
Q45634301	6000000074696650471
Q45634303	6000000074732431268
Q45634328	6000000075501912019
Q45634361	6000000075485420870
Q45634364	6000000074698085874
Q45634389	6000000075501791080
Q45634423	6000000075485462848
Q45634426	6000000074698068940
Q45634452	6000000075502008929
Q45634489	6000000075484278344
Q45634492	6000000074697861040
Q45634512	6000000074733245008
Q45634519	6000000075500845594
Q45634551	6000000075485079076
Q45634554	6000000074698084887
Q45634575	6000000074733529931
Q45634582	6000000075502031984
Q45634615	6000000075485457848
Q45634618	6000000074697828001
Q45634638	6000000074733702844
Q45634646	6000000075501984930
Q45634676	6000000075484480511
Q45634679	6000000074698071892
Q45634708	6000000075501507242
Q45634739	6000000075484693240
Q45634743	6000000074697129367
Q45634772	6000000075501987950
Q45634806	6000000074697057277
Q45634807	6000000075406191849
Q45634833	6000000075502197846
Q45634868	6000000074698090865
Q45634872	6000000075484900141
Q45634897	6000000075480964918
Q45634931	6000000074698110838
Q45634935	6000000075485291036
Q45634962	6000000075502061918
Q45634993	6000000074698518843
Q45634997	6000000075485247981
Q456350	6000000079033358111
Q45635025	6000000075502173854
Q45635057	6000000074697564098
Q45635061	6000000075485158027
Q45635087	6000000075501753120
Q45635118	6000000074696513499
Q45635123	6000000075485131941
Q45635149	6000000075501929016
Q45635182	6000000074697179286
Q45635187	6000000075484945233
Q45635214	6000000075501971923
Q45635245	6000000074698021891
Q45635248	6000000075485284978
Q45635275	6000000075501804093
Q45635308	6000000074698562879
Q45635312	6000000075485191039
Q45635339	6000000075501926035
Q45635370	6000000074698199081
Q45635373	6000000075481221886
Q45635399	6000000075502072883
Q45635432	6000000074698095821
Q45635438	6000000075484923115
Q45635461	6000000075502095880
Q45635494	6000000074698048877
Q456355	6000000010790619299
Q45635500	6000000075485445835
Q45635554	6000000074698026895
Q45635560	6000000075485366924
Q45635585	6000000075501753133
Q45635616	6000000074698008904
Q45635622	6000000075483679761
Q45635636	6000000075508383911
Q45635647	6000000075501962006
Q45635673	6000000050051741141
Q45635679	6000000074698058860
Q45635685	6000000075485431862
Q456357	6000000029671743154
Q45635713	6000000075501876043
Q45635742	6000000074698038915
Q45635748	6000000075485404891
Q45635778	6000000075501382321
Q45635803	6000000074698023920
Q45635808	6000000044379005019
Q45635809	6000000075485283968
Q45635841	6000000075502199857
Q45635866	6000000074698101821
Q45635877	6000000075485183116
Q45635878	6000000075502103940
Q45635921	6000000074698057989
Q45635939	6000000075485475857
Q45635944	6000000075502145880
Q45635984	6000000074697699189
Q45636002	6000000075485155038
Q45636009	6000000075502128909
Q45636046	6000000074697495386
Q45636063	6000000075484837113
Q45636074	6000000075501813980
Q456361	6000000000376980293
Q45636104	6000000075050904885
Q45636108	6000000074698003003
Q45636126	6000000075485469839
Q45636138	6000000075502002912
Q45636165	6000000075050869953
Q45636170	6000000074697960085
Q45636188	6000000075485045094
Q45636203	6000000075502228852
Q45636233	6000000074698290821
Q45636250	6000000075485373952
Q45636268	6000000075501965973
Q45636293	6000000074698208925
Q45636311	6000000075485037100
Q45636331	6000000075501949982
Q45636355	6000000074696739607
Q45636373	6000000075485083128
Q45636394	6000000075501573218
Q45636416	6000000074698158951
Q45636434	6000000075484542345
Q45636457	6000000075502260823
Q45636476	6000000074759521240
Q45636477	6000000074697662215
Q45636494	6000000075484730347
Q45636519	6000000075502128914
Q45636546	6000000074698184921
Q45636567	6000000075502198880
Q45636579	6000000075485135066
Q45636606	6000000074759894932
Q45636608	6000000074698191868
Q45636633	6000000075502032047
Q45636641	6000000075485254001
Q45636671	6000000074698277825
Q45636698	6000000075501577099
Q45636704	6000000075485281046
Q45636733	6000000074698204881
Q45636761	6000000075501936986
Q45636767	6000000075485526822
Q45636795	6000000074698170890
Q45636825	6000000075502204869
Q45636829	6000000075484854245
Q45636855	6000000074697293523
Q45636886	6000000075502125887
Q45636891	6000000075484854251
Q45636892	6000000074746446378
Q45636916	6000000074698237871
Q45636950	6000000075501867031
Q45636953	6000000075485046179
Q45636978	6000000074698317821
Q45637013	6000000075502274822
Q45637014	6000000075485140076
Q45637038	6000000074698209901
Q45637074	6000000075485058100
Q45637076	6000000075502250865
Q45637097	6000000075398865994
Q45637100	6000000074698204913
Q45637136	6000000075485508836
Q45637140	6000000075500618645
Q45637161	6000000074697959407
Q45637197	6000000075484061570
Q45637203	6000000075502275822
Q45637207	6000000171769069984
Q45637223	6000000074698161989
Q45637259	6000000075485173019
Q45637266	6000000075502103951
Q45637322	6000000075485539822
Q45637331	6000000075501444224
Q45637332	6000000171769596871
Q45637348	6000000074696556409
Q45637384	6000000075485433894
Q45637386	6000000074758858902
Q45637395	6000000075502280831
Q45637410	6000000074698136835
Q45637444	6000000075485260002
Q45637460	6000000075502244839
Q45637472	6000000074696925337
Q456375	6000000029700657514
Q45637507	6000000074737368069
Q45637524	6000000075502117931
Q45637567	6000000075429245838
Q45637586	6000000075502101960
Q45637632	6000000075485550835
Q45637655	6000000075501537153
Q45637693	6000000075485083152
Q45637718	6000000075501962070
Q45637755	6000000075429019867
Q45637785	6000000075501687147
Q45637818	6000000075485539834
Q45637849	6000000075501929042
Q45637881	6000000075485094108
Q45637901	6000000074757425354
Q45637918	6000000075502226879
Q45637963	6000000074758053827
Q45637981	6000000075502262826
Q456380	6000000012528383795
Q45638005	6000000075485520879
Q45638046	6000000075502293823
Q45638067	6000000075485033121
Q45638093	6000000176989031830
Q45638109	6000000075501565137
Q45638129	6000000075485392054
Q45638172	6000000075501777100
Q45638192	6000000075485428941
Q45638236	6000000075501903052
Q45638253	6000000075485264082
Q45638299	6000000075501886071
Q45638314	6000000075484061639
Q45638362	6000000075501918048
Q45638377	6000000075485542842
Q45638425	6000000075502113975
Q45638437	6000000075484913175
Q45638489	6000000075502245861
Q45638499	6000000075485327047
Q45638553	6000000075502130889
Q45638562	6000000075484810893
Q45638564	6000000074771124838
Q456386	6000000005738196475
Q45638616	6000000075502226898
Q45638625	6000000075485191098
Q45638676	6000000139246633821
Q45638680	6000000075502306822
Q45638687	6000000075485469914
Q45638744	6000000075502250878
Q45638748	6000000075485580822
Q45638806	6000000075502163890
Q45638809	6000000075485383974
Q45638826	6000000074748826091
Q45638869	6000000075502268848
Q45638870	6000000075485295996
Q45638932	6000000075502135918
Q45638933	6000000075485553824
Q45638934	6000000050046149244
Q45638950	6000000075346706821
Q45638995	6000000075485593822
Q45638997	6000000075502171883
Q45639	6000000008971660290
Q456390	6000000040518391071
Q45639056	6000000075485137119
Q45639060	6000000075502281851
Q45639075	6000000075346696833
Q45639117	6000000075485493892
Q45639123	6000000075502067004
Q45639137	6000000075346578864
Q45639179	6000000075485031203
Q45639186	6000000075502183867
Q45639198	6000000075346372946
Q45639238	6000000074730952143
Q45639240	6000000075485233124
Q45639252	6000000075502097947
Q45639261	6000000075346426927
Q45639267	6000000074749263273
Q45639303	6000000075485012237
Q45639315	6000000075502193965
Q45639333	6000000074749331356
Q45639364	6000000075485454980
Q45639393	6000000074749839821
Q45639427	6000000075485450943
Q45639443	6000000075501537163
Q45639455	6000000074749313118
Q45639507	6000000075502198916
Q45639516	6000000074749712903
Q45639550	6000000075484886986
Q45639571	6000000075501993999
Q45639579	6000000074749651935
Q45639610	6000000075484945279
Q45639631	6000000075502244902
Q45639670	6000000075485049150
Q45639677	6000000029920165066
Q45639696	6000000075502200887
Q45639729	6000000075485140127
Q45639747	6000000074747883558
Q45639758	6000000075501917008
Q45639788	6000000075485345996
Q45639822	6000000075502280862
Q45639851	6000000075485416957
Q45639885	6000000075502311827
Q456399	6000000173215445845
Q45639912	6000000075484628964
Q45639945	6000000075502081993
Q45639972	6000000075485521879
Q45640010	6000000075502130918
Q45640034	6000000075485582830
Q45640073	6000000075501969098
Q45640100	6000000075485586850
Q45640116	6000000075501764146
Q45640160	6000000075484650127
Q45640179	6000000075501911028
Q45640219	6000000075485622822
Q45640243	6000000075501926079
Q45640281	6000000075485550859
Q45640305	6000000075502288859
Q45640341	6000000075485592832
Q45640369	6000000075501723204
Q456404	6000000028925665843
Q45640403	6000000075485600848
Q45640431	6000000075502259889
Q45640462	6000000075485195131
Q45640493	6000000075502211912
Q45640524	6000000075485462961
Q45640557	6000000075502334835
Q45640586	6000000075429318821
Q45640622	6000000075502301826
Q45640641	6000000049403981892
Q45640648	6000000075485522885
Q45640688	6000000075501962113
Q45640710	6000000075485456950
Q45640751	6000000075501807056
Q45640772	6000000075485471919
Q45640815	6000000075502338824
Q45640832	6000000075485485880
Q45640876	6000000075502032095
Q45640885	6000000034351512882
Q45640892	6000000075485596834
Q45640954	6000000075485254102
Q456410	6000000056870485845
Q45641003	6000000075502193999
Q45641015	6000000075485620838
Q45641069	6000000075502086944
Q45641080	6000000075484684310
Q456411	6000000083769822823
Q45641134	6000000075502196974
Q4564114	6000000009036565809
Q45641142	6000000075485598830
Q45641198	6000000075502069911
Q45641205	6000000075485426977
Q4564124	6000000034342907971
Q45641262	6000000075501889083
Q45641265	6000000075484947286
Q456413	6000000006783322713
Q45641328	6000000075502333838
Q4564133	6000000038380022681
Q45641331	6000000075485639824
Q45641392	6000000075501806145
Q45641393	6000000075485182207
Q45641457	6000000075485158039
Q4564152	6000000041944114458
Q45641520	6000000075485303049
Q45641523	6000000075502069917
Q45641567	6000000075610606232
Q45641582	6000000075485433942
Q45641587	6000000075502258905
Q45641644	6000000075485323043
Q45641652	6000000075501984018
Q45641706	6000000075485263067
Q45641719	6000000075502280882
Q45641768	6000000075485508907
Q45641783	6000000075502183878
Q45641831	6000000075485334103
Q45641847	6000000075502275869
Q45641895	6000000075485348889
Q45641912	6000000075502194011
Q45641955	6000000075485291163
Q45641974	6000000075501662197
Q45642019	6000000075485384009
Q45642039	6000000075501937052
Q45642077	6000000075406647983
Q45642081	6000000075485045191
Q45642104	6000000075502356836
Q45642168	6000000075502346825
Q45642201	6000000074716304983
Q45642205	6000000075485569908
Q45642233	6000000075502072964
Q45642262	6000000074715266840
Q45642270	6000000075485669822
Q45642299	6000000075502067035
Q45642330	6000000075484746468
Q45642360	6000000075502263851
Q45642370	6000000075503835051
Q45642391	6000000074787674263
Q45642453	6000000075485517905
Q45642489	6000000075502327830
Q45642513	6000000075485671834
Q45642537	6000000018109188728
Q45642554	6000000075502348880
Q45642575	6000000075485337046
Q45642583	6000000074730250934
Q45642617	6000000075501223392
Q45642635	6000000075483697686
Q45642643	6000000074730031042
Q45642683	6000000075502213954
Q456427	6000000008369602452
Q45642701	6000000075485591853
Q45642706	6000000074729825133
Q45642747	6000000075501332462
Q45642762	6000000075485497959
Q45642814	6000000075501952017
Q45642824	6000000075485640854
Q45642877	6000000075502368853
Q45642885	6000000075484061685
Q45642939	6000000075501908150
Q45642946	6000000075484928292
Q45643001	6000000075502250935
Q45643007	6000000075485262089
Q45643013	6000000057635343830
Q4564304	6000000100726838871
Q45643064	6000000075502082005
Q45643068	6000000075485474017
Q45643075	6000000074730516882
Q45643127	6000000075502135044
Q45643129	6000000075484061690
Q45643135	6000000074730687848
Q45643190	6000000075485422016
Q45643191	6000000075501777165
Q45643197	6000000074730249950
Q45643250	6000000075484670469
Q45643253	6000000075502268905
Q45643258	6000000074730498929
Q45643311	6000000075485059249
Q45643319	6000000075502186972
Q45643320	6000000074729985127
Q45643375	6000000075485259137
Q45643382	6000000075502054025
Q45643384	6000000074730501927
Q45643435	6000000075485079174
Q45643443	6000000075502260962
Q45643444	6000000074730214978
Q45643496	6000000075485407974
Q45643505	6000000074730594929
Q45643506	6000000075502362839
Q45643556	6000000075485666832
Q45643565	6000000074730559857
Q45643567	6000000075502281932
Q45643616	6000000075485557948
Q45643626	6000000074730640850
Q45643630	6000000075502227909
Q45643678	6000000075485264186
Q45643687	6000000074730655888
Q45643693	6000000075501342353
Q45643718	6000000074729712281
Q45643735	6000000075502275911
Q45643764	6000000075485591872
Q45643779	6000000074730525954
Q45643798	6000000075502249940
Q45643826	6000000075485428999
Q45643837	6000000074730655821
Q45643858	6000000075502329854
Q45643884	6000000075508538918
Q45643886	6000000075485147168
Q45643897	6000000074730349920
Q45643920	6000000075502348886
Q45643947	6000000075485696834
Q45643958	6000000074730584891
Q45643983	6000000075501565191
Q45644007	6000000075485306118
Q45644019	6000000074730367005
Q45644046	6000000075502242920
Q45644068	6000000075485422033
Q4564407	6000000015389654036
Q45644080	6000000074730591901
Q45644110	6000000075501220293
Q45644128	6000000075485707822
Q45644140	6000000074729726248
Q45644174	6000000075502180923
Q45644189	6000000075485598862
Q45644200	6000000074730521894
Q45644235	6000000075502395832
Q45644249	6000000075485608876
Q45644261	6000000074730332019
Q45644275	6000000075503612905
Q45644300	6000000075501908169
Q45644310	6000000075485395017
Q45644322	6000000074730421948
Q45644364	6000000075502241908
Q45644370	6000000075485055227
Q45644382	6000000074730266973
Q45644425	6000000075502307900
Q45644431	6000000075485622870
Q45644444	6000000057635130106
Q45644483	6000000075327644843
Q45644489	6000000075501989028
Q45644494	6000000075485545960
Q45644505	6000000074730433926
Q45644551	6000000075501332508
Q45644554	6000000075485381057
Q45644564	6000000074730393955
Q45644582	6000000019263793695
Q45644617	6000000075501687218
Q45644618	6000000075485645867
Q45644628	6000000074730619850
Q45644677	6000000075484542501
Q45644679	6000000075501444347
Q45644687	6000000074730569887
Q45644740	6000000075485677875
Q45644744	6000000075501223458
Q45644749	6000000074789832851
Q45644751	6000000074730608826
Q45644799	6000000075485118130
Q45644804	6000000075502143006
Q45644860	6000000075485434002
Q45644869	6000000075501986056
Q456449	6000000056235416899
Q45644921	6000000075485447990
Q45644931	6000000075502354892
Q45644981	6000000075485432008
Q45644994	6000000075502332876
Q45645054	6000000057635100830
Q45645056	6000000075502382835
Q45645121	6000000075502163926
Q45645169	6000000075484670502
Q45645179	6000000074730371993
Q45645230	6000000075485272112
Q45645241	6000000074730081122
Q45645248	6000000075502145973
Q4564525	6000000020761597168
Q45645291	6000000075485545965
Q45645302	6000000074730414917
Q45645309	6000000075502037031
Q45645354	6000000075485622894
Q45645360	6000000074730544910
Q45645374	6000000075502281951
Q45645399	6000000075506140844
Q456454	6000000000695165650
Q45645416	6000000075484738473
Q45645422	6000000074729990244
Q45645440	6000000075502387858
Q45645476	6000000075484837290
Q45645483	6000000074730630867
Q45645506	6000000075502197917
Q45645539	6000000075485411091
Q45645546	6000000074730059077
Q4564556	6000000003540904299
Q45645570	6000000075502230971
Q45645574	6000000030265854190
Q456456	6000000002797432088
Q45645605	6000000074730495944
Q45645632	6000000075502211957
Q45645659	6000000075485485968
Q45645666	6000000074730267004
Q45645695	6000000075501573307
Q45645719	6000000075485640973
Q45645725	6000000074730699821
Q45645756	6000000075502345856
Q45645780	6000000075485351093
Q45645785	6000000074730648884
Q45645821	6000000075501753249
Q45645838	6000000075485731827
Q45645843	6000000074730538905
Q45645880	6000000075501614321
Q45645899	6000000075485747846
Q45645904	6000000074730453941
Q45645946	6000000075501573312
Q45645959	6000000075485264239
Q45645965	6000000074730658836
Q45646006	6000000075502356851
Q45646019	6000000075485508001
Q45646025	6000000074730304051
Q45646069	6000000075502414851
Q45646081	6000000075485077197
Q45646086	6000000074730702833
Q45646130	6000000075501384349
Q45646139	6000000075485552993
Q45646144	6000000074730705821
Q45646193	6000000075501343500
Q45646194	6000000074711095399
Q45646201	6000000075485724889
Q45646255	6000000074711978023
Q45646257	6000000075502379868
Q45646261	6000000075485771840
Q45646265	6000000074730534925
Q45646304	6000000074749770867
Q45646319	6000000075502451839
Q45646321	6000000075485522963
Q45646325	6000000074729903089
Q45646363	6000000074749773910
Q45646379	6000000075502273911
Q45646380	6000000075485546002
Q45646384	6000000057603023916
Q456464	6000000046566748849
Q45646424	6000000074749840827
Q45646440	6000000075485195238
Q45646443	6000000075502438868
Q45646445	6000000074730508971
Q45646483	6000000074749813867
Q45646499	6000000075485623924
Q45646503	6000000074730239065
Q45646504	6000000075502383890
Q45646543	6000000074749453113
Q45646560	6000000075485546947
Q45646563	6000000074730249942
Q45646569	6000000075501491321
Q45646604	6000000074749622953
Q45646619	6000000075485611901
Q45646623	6000000074730554904
Q45646631	6000000075502473843
Q45646654	6000000074749702941
Q45646662	6000000074749566073
Q45646677	6000000075485743863
Q45646680	6000000074730625910
Q45646693	6000000075502398862
Q45646715	6000000074749786899
Q45646724	6000000074749856858
Q45646738	6000000075485750875
Q45646741	6000000074730304055
Q45646754	6000000075502187052
Q45646783	6000000074749900836
Q45646797	6000000075485077225
Q45646800	6000000074730326980
Q45646816	6000000075502250021
Q45646842	6000000074749801935
Q45646858	6000000075485627906
Q45646861	6000000074730698840
Q45646879	6000000075502409950
Q45646902	6000000074749917846
Q45646916	6000000075485623933
Q45646919	6000000074729692371
Q45646938	6000000075502116064
Q45646962	6000000074749801939
Q45646977	6000000075485248207
Q45646980	6000000074730589876
Q456470	6000000006129709868
Q45647021	6000000074749907834
Q45647035	6000000075485448031
Q45647052	6000000011493692663
Q45647063	6000000075502133029
Q45647079	6000000074749917821
Q45647096	6000000075485708873
Q45647100	6000000074730677866
Q45647125	6000000075502445868
Q45647140	6000000074749144402
Q45647157	6000000075485658888
Q45647160	6000000074730705825
Q45647188	6000000075501614407
Q45647202	6000000074749320264
Q45647219	6000000075485803822
Q45647222	6000000074730702844
Q45647251	6000000075502173110
Q45647260	6000000074749802934
Q45647281	6000000074730247917
Q45647283	6000000075485785844
Q45647313	6000000075502067118
Q45647320	6000000074749793907
Q45647341	6000000074729853299
Q45647344	6000000075485342203
Q45647375	6000000075501950214
Q45647381	6000000074749011512
Q45647402	6000000074730623910
Q45647405	6000000075485636878
Q45647437	6000000075502102106
Q45647441	6000000074749922821
Q45647465	6000000075485455965
Q45647498	6000000075501342462
Q45647501	6000000074749647058
Q45647523	6000000074785657856
Q45647560	6000000075501926158
Q45647561	6000000074749060539
Q45647583	6000000075485644956
Q45647597	6000000018299380424
Q456476	6000000008115547025
Q45647619	6000000075507626827
Q45647621	6000000074749610115
Q45647622	6000000075502435890
Q45647643	6000000075485824822
Q45647646	6000000074770944968
Q45647681	6000000074749926833
Q45647684	6000000075502474835
Q45647703	6000000075485237174
Q45647739	6000000074749235401
Q45647746	6000000075502246033
Q45647764	6000000075485352095
Q45647799	6000000074749626990
Q45647808	6000000075502140021
Q45647857	6000000074749614016
Q45647881	6000000075485265262
Q45647920	6000000074749619040
Q45647941	6000000075485638953
Q45647979	6000000074749586039
Q45647996	6000000075502451892
Q45647999	6000000075485035305
Q45648038	6000000074749770884
Q45648059	6000000075502025176
Q45648062	6000000075485676915
Q45648098	6000000074749929822
Q456481	6000000003604245861
Q45648119	6000000075485192315
Q45648122	6000000075502363920
Q45648158	6000000074749796892
Q45648179	6000000075485558053
Q45648184	6000000075501936210
Q45648217	6000000074749481114
Q45648240	6000000075485251161
Q45648246	6000000075502481852
Q45648279	6000000074749919835
Q45648299	6000000075485771885
Q456483	6000000160863659821
Q45648309	6000000075502466874
Q45648338	6000000074749249350
Q45648359	6000000075485411169
Q45648371	6000000075501723336
Q45648397	6000000074749268307
Q45648421	6000000075485192320
Q45648434	6000000075502239050
Q45648458	6000000074749262424
Q45648480	6000000075485835835
Q45648496	6000000075502371940
Q45648518	6000000074749900850
Q45648540	6000000075485775888
Q45648559	6000000075500928589
Q45648578	6000000074749485075
Q45648600	6000000075485656896
Q45648614	6000000026937499253
Q45648622	6000000075502173121
Q45648643	6000000074711450231
Q45648659	6000000075485721899
Q45648686	6000000075502250039
Q45648698	6000000074749889903
Q45648705	6000000074712404866
Q45648720	6000000075485529944
Q45648751	6000000075502421920
Q45648759	6000000074749841900
Q45648765	6000000074712428868
Q45648781	6000000075485627928
Q45648813	6000000075502432905
Q45648819	6000000074748837799
Q45648825	6000000074712467879
Q45648841	6000000075485721904
Q45648874	6000000075502510834
Q45648878	6000000074749596118
Q45648884	6000000074712149072
Q45648899	6000000075485788889
Q45648913	6000000026937667730
Q45648937	6000000075502411912
Q45648938	6000000074749860891
Q45648943	6000000074769114724
Q45648946	6000000074711966093
Q45648961	6000000075485303148
Q45648998	6000000074749917859
Q45649002	6000000075502375926
Q45649006	6000000074712545821
Q45649021	6000000075485035333
Q45649057	6000000074749626947
Q45649065	6000000075501294403
Q45649082	6000000075485618912
Q45649105	6000000022572277193
Q45649117	6000000074749801884
Q45649142	6000000075485174170
Q45649176	6000000074749763882
Q45649181	6000000074771418821
Q45649188	6000000075502525822
Q45649202	6000000075485766870
Q45649236	6000000074749234316
Q45649242	6000000074771092929
Q45649252	6000000075502186026
Q45649263	6000000075485880822
Q45649294	6000000074749796832
Q45649313	6000000075502211032
Q45649322	6000000075484902444
Q45649353	6000000074748881383
Q45649375	6000000075502483862
Q45649384	6000000075484738534
Q45649415	6000000074748950607
Q45649436	6000000075501766331
Q45649444	6000000075485666948
Q45649474	6000000074749732932
Q45649498	6000000075501984141
Q45649504	6000000075484897456
Q45649534	6000000074749420056
Q45649559	6000000075502543822
Q45649562	6000000075485664938
Q45649580	6000000071435706385
Q45649592	6000000074749678972
Q45649622	6000000075501573410
Q45649625	6000000075485522994
Q45649652	6000000074749624945
Q45649681	6000000075501357411
Q45649684	6000000075485073985
Q45649699	6000000026937608479
Q45649711	6000000074749860828
Q45649741	6000000075501999104
Q45649743	6000000075485868853
Q45649771	6000000074749859835
Q45649801	6000000075485830853
Q45649802	6000000075501764235
Q45649830	6000000074749832845
Q45649860	6000000075485680909
Q45649864	6000000075502342998
Q45649889	6000000074748950625
Q45649919	6000000075485535011
Q45649925	6000000075502337929
Q45649946	6000000074749453093
Q45649978	6000000075485457103
Q45649986	6000000075502508836
Q45650007	6000000074749622938
Q45650039	6000000075485868858
Q45650049	6000000075502422916
Q45650066	6000000074748710567
Q45650097	6000000075484536592
Q45650126	6000000074749752900
Q45650137	6000000074712145972
Q45650158	6000000075485899822
Q45650172	6000000075502555823
Q45650186	6000000074749878821
Q45650199	6000000074712169990
Q45650217	6000000075485738931
Q45650233	6000000075502133049
Q45650244	6000000074749854835
Q45650259	6000000074712402898
Q45650278	6000000075485662947
Q45650295	6000000075502208993
Q45650305	6000000074749868840
Q45650318	6000000074711956148
Q45650335	6000000075485735907
Q45650358	6000000075501168535
Q45650364	6000000074749817876
Q45650377	6000000074712559822
Q45650395	6000000075485189843
Q45650422	6000000075502354978
Q45650423	6000000075580542833
Q45650425	6000000074749843845
Q45650455	6000000075485270187
Q45650480	6000000075502140048
Q45650482	6000000074749678997
Q45650514	6000000075485893827
Q45650541	6000000074749680970
Q45650542	6000000075502463891
Q45650574	6000000075485816885
Q45650600	6000000074749647013
Q45650604	6000000075501044597
Q45650626	6000000075505632062
Q45650633	6000000075485880831
Q45650660	6000000074749637034
Q45650667	6000000075502449917
Q45650693	6000000075484965479
Q45650719	6000000074749812877
Q45650726	6000000075502313976
Q45650746	6000000075506033888
Q45650752	6000000075485797865
Q45650778	6000000074749869858
Q45650786	6000000075502252081
Q45650813	6000000075485422129
Q45650838	6000000074749671990
Q45650846	6000000075502248117
Q45650873	6000000075485456025
Q45650898	6000000074749777935
Q45650908	6000000075502252973
Q45650932	6000000075485767895
Q45650958	6000000074749564111
Q45650970	6000000075502407946
Q45650991	6000000075485270199
Q45651016	6000000074749613020
Q45651030	6000000075501753369
Q45651049	6000000075485683949
Q45651077	6000000074749657046
Q45651095	6000000075501969266
Q45651110	6000000075485473061
Q45651123	6000000049405614890
Q45651137	6000000074749684003
Q45651155	6000000075502424953
Q45651171	6000000075485059388
Q45651183	6000000071872913291
Q45651219	6000000075502242023
Q45651232	6000000075485784897
Q45651243	6000000142090077016
Q45651257	6000000074749801919
Q45651279	6000000075502285013
Q45651290	6000000075485680897
Q45651316	6000000074749832855
Q45651342	6000000075501241497
Q45651352	6000000075485785881
Q45651377	6000000074749845854
Q45651399	6000000075506022163
Q45651406	6000000075502023132
Q45651412	6000000075485775931
Q45651435	6000000074749492096
Q45651469	6000000075502152064
Q45651472	6000000075485360144
Q45651500	6000000074759875964
Q45651530	6000000075502538865
Q45651531	6000000075485895836
Q45651589	6000000075485927828
Q45651593	6000000075502515859
Q45651650	6000000075485862859
Q45651655	6000000075502355900
Q45651701	6000000075503495081
Q45651711	6000000075485422147
Q45651718	6000000075502343018
Q45651771	6000000075485141308
Q45651780	6000000075502376934
Q45651829	6000000075485504065
Q45651841	6000000075501525393
Q45651889	6000000075485346143
Q45651904	6000000075502343028
Q45651949	6000000075485481123
Q45651964	6000000075502464939
Q45651967	6000000018013991246
Q45652010	6000000075485306228
Q45652068	6000000075485702913
Q45652091	6000000075502357958
Q45652127	6000000075485731957
Q45652154	6000000075502487855
Q45652188	6000000075485896858
Q45652215	6000000075502370006
Q45652247	6000000075485862868
Q45652278	6000000074747444971
Q45652306	6000000075485857891
Q45652341	6000000075502366005
Q45652365	6000000075485352253
Q45652392	6000000075502209025
Q45652422	6000000075484691533
Q45652453	6000000075502067203
Q45652480	6000000075485460089
Q45652508	6000000074747432971
Q45652514	6000000075502585829
Q45652540	6000000075485911869
Q45652599	6000000075485951824
Q45652638	6000000075502343051
Q45652661	6000000075485349214
Q45652701	6000000075502619825
Q45652720	6000000018457577456
Q45652723	6000000075485146244
Q45652762	6000000075502535865
Q45652785	6000000075485506044
Q45652822	6000000075502491878
Q45652845	6000000075485921848
Q45652860	6000000075508259029
Q45652874	6000000012375749063
Q45652884	6000000075502301057
Q45652904	6000000075485731983
Q45652948	6000000075502321015
Q45652968	6000000075485923859
Q45653010	6000000075501601408
Q45653028	6000000075485295267
Q45653070	6000000075502608834
Q45653086	6000000075484824854
Q45653137	6000000075501537429
Q45653145	6000000075485826929
Q45653157	6000000019496382606
Q45653197	6000000075501890240
Q45653204	6000000075485192371
Q45653259	6000000075502037167
Q45653264	6000000075485805939
Q45653276	6000000019496301797
Q45653323	6000000075502559840
Q45653325	6000000075484978905
Q45653384	6000000075485472191
Q45653385	6000000075502410103
Q45653399	6000000074759049036
Q45653442	6000000075485113844
Q45653445	6000000075502562851
Q45653503	6000000075486023821
Q45653508	6000000075501385500
Q45653518	6000000074758852139
Q45653520	6000000075506583893
Q45653562	6000000075485752941
Q45653568	6000000075502641822
Q45653577	6000000074759361859
Q45653621	6000000075485265378
Q45653629	6000000075502385000
Q45653636	6000000074759299906
Q45653681	6000000075485895884
Q45653695	6000000075501940238
Q45653696	6000000074759336891
Q45653739	6000000075485170928
Q45653755	6000000075325069227
Q45653757	6000000075502364955
Q45653800	6000000075485174267
Q45653819	6000000075502529865
Q45653859	6000000075485885877
Q45653881	6000000075502528901
Q45653919	6000000075485762955
Q45653941	6000000075502442969
Q45653980	6000000075485868949
Q45654006	6000000075502032237
Q45654041	6000000075485751001
Q45654066	6000000075501940243
Q45654099	6000000075486014832
Q45654126	6000000075502420933
Q45654164	6000000075502070064
Q45654176	6000000075486057822
Q45654228	6000000075502558886
Q45654236	6000000075485966878
Q45654292	6000000075502412052
Q45654297	6000000074747280944
Q45654311	6000000075505884290
Q45654347	6000000099000369897
Q45654354	6000000075502239100
Q45654355	6000000075485031424
Q45654411	6000000074717375083
Q45654415	6000000075485270248
Q45654417	6000000075502549871
Q45654474	6000000075485894861
Q45654479	6000000075502330040
Q45654485	6000000074791267834
Q45654534	6000000075485774046
Q45654539	6000000075502366013
Q45654595	6000000075485100331
Q45654602	6000000075502476925
Q45654654	6000000075485447197
Q45654664	6000000075502511875
Q45654715	6000000075486009844
Q45654727	6000000075501936301
Q45654773	6000000075485910894
Q45654787	6000000075502173179
Q45654833	6000000075485797962
Q45654849	6000000075501687367
Q45654892	6000000075486029836
Q45654910	6000000075501565290
Q45654953	6000000075485711985
Q45654969	6000000075502520859
Q45655013	6000000075485875994
Q45655031	6000000075502584864
Q45655072	6000000074753706821
Q45655132	6000000075485659026
Q45655192	6000000075485953879
Q45655217	6000000075502276111
Q45655253	6000000075485431127
Q45655279	6000000075502503897
Q45655314	6000000075485291348
Q45655329	6000000074758743365
Q45655343	6000000075502653857
Q45655373	6000000075485930879
Q45655389	6000000074759328874
Q45655404	6000000075502583876
Q45655434	6000000075485903913
Q45655450	6000000074759367839
Q45655466	6000000075502401013
Q45655495	6000000075485447211
Q45655511	6000000074759018088
Q45655528	6000000075502116121
Q45655556	6000000075485998826
Q45655571	6000000074759224953
Q45655590	6000000075502680834
Q45655616	6000000075485612063
Q45655676	6000000075485944928
Q45655714	6000000075502343118
Q45655735	6000000075486097821
Q45655778	6000000075501962332
Q45655796	6000000075486098822
Q45655841	6000000075502684829
Q45655853	6000000075485352330
Q45655913	6000000075486036861
Q45655966	6000000075502364977
Q45655973	6000000075485237278
Q45655981	6000000075503009232
Q45656028	6000000075502260158
Q45656034	6000000075485314416
Q45656091	6000000075502551869
Q45656095	6000000075485323275
Q45656153	6000000075502623911
Q45656155	6000000075485752964
Q45656213	6000000075485701021
Q45656214	6000000075502639886
Q45656272	6000000075485634146
Q45656273	6000000075502632850
Q45656291	6000000075507192907
Q45656313	6000000075406214207
Q45656332	6000000075485693043
Q45656335	6000000075502303078
Q45656393	6000000075485874943
Q45656398	6000000075502345041
Q45656453	6000000075484900409
Q45656461	6000000075502639895
Q45656514	6000000075484703551
Q45656523	6000000075502591913
Q45656576	6000000075485934960
Q45656584	6000000075502204108
Q45656634	6000000075484601571
Q45656643	6000000075502410128
Q45656655	6000000075503397208
Q45656697	6000000075486095836
Q45656707	6000000075502529918
Q45656758	6000000075485198337
Q45656768	6000000075501241561
Q45656820	6000000075486035842
Q45656833	6000000075502560882
Q45656878	6000000075485219323
Q45656894	6000000075502475936
Q45656939	6000000075486027851
Q45656958	6000000075502164135
Q45657001	6000000075484900415
Q45657022	6000000075502669837
Q45657062	6000000075485686978
Q45657086	6000000075502614854
Q45657128	6000000075485745004
Q45657146	6000000075502710840
Q45657187	6000000075486073870
Q45657207	6000000075501384500
Q45657249	6000000075485424107
Q45657272	6000000075502526890
Q45657307	6000000075485381175
Q45657333	6000000075501919322
Q45657367	6000000075485033337
Q45657396	6000000075502648852
Q45657427	6000000075485525206
Q45657457	6000000075502239132
Q45657488	6000000075485958878
Q45657508	6000000014488320190
Q45657519	6000000075502718826
Q45657549	6000000075485735996
Q45657580	6000000075502258149
Q45657608	6000000075485146362
Q45657645	6000000075502653888
Q45657669	6000000075485506112
Q45657706	6000000075502583929
Q45657721	6000000075506355994
Q45657727	6000000075486154822
Q45657766	6000000075502529924
Q45657787	6000000075486148828
Q45657827	6000000075502289071
Q45657845	6000000075485718047
Q45657898	6000000075506306989
Q45657904	6000000075486073887
Q45657949	6000000075502010300
Q45657967	6000000075485701029
Q45658010	6000000075502721824
Q45658025	6000000075486036903
Q45658059	6000000030265859478
Q45658069	6000000075502473976
Q45658088	6000000075486137852
Q45658132	6000000075502385050
Q45658148	6000000075486022865
Q45658195	6000000075502589885
Q456582	6000000035986357554
Q45658208	6000000075486059890
Q45658255	6000000075501369612
Q45658267	6000000075485817057
Q45658317	6000000075502608887
Q45658326	6000000075485432230
Q45658336	6000000075327442887
Q45658379	6000000075502621865
Q45658385	6000000075485694094
Q45658440	6000000075502639909
Q45658446	6000000075485772070
Q45658501	6000000075502273131
Q45658505	6000000075485239345
Q45658563	6000000075502532892
Q45658565	6000000075486128878
Q45658624	6000000075486109868
Q45658625	6000000075502341982
Q45658684	6000000075484703585
Q45658688	6000000075502239150
Q45658741	6000000075486116886
Q45658746	6000000075502520916
Q45658789	6000000075505646034
Q45658806	6000000074759732999
Q45658809	6000000075502601900
Q4565881	6000000023268232066
Q45658860	6000000075486086913
Q45658863	6000000074759851911
Q45658872	6000000075502475941
Q45658920	6000000075486138856
Q45658925	6000000074759946825
Q45658932	6000000075501999204
Q45658981	6000000075485705034
Q45658994	6000000075502638894
Q45659041	6000000075485681072
Q45659056	6000000075502632880
Q45659100	6000000075485893914
Q45659119	6000000075502602890
Q45659141	6000000074791354191
Q45659149	6000000075506534943
Q45659160	6000000075486145837
Q45659180	6000000075502243053
Q45659208	6000000075506076037
Q45659219	6000000075486183833
Q45659242	6000000075502429965
Q45659267	6000000075506512887
Q45659282	6000000075486054912
Q45659302	6000000075502715844
Q45659327	6000000075505714255
Q45659343	6000000075485195399
Q45659365	6000000075501867223
Q45659401	6000000075485753038
Q45659428	6000000075502366037
Q45659460	6000000075484703595
Q45659491	6000000075502704852
Q45659519	6000000075485711162
Q45659552	6000000075501537506
Q45659579	6000000075485535141
Q45659641	6000000075485830005
Q45659647	6000000074759897903
Q45659681	6000000075502355967
Q45659699	6000000075485930017
Q456597	6000000015354351114
Q45659743	6000000075502321111
Q45659760	6000000075485920957
Q45659803	6000000075502355073
Q45659819	6000000075485991910
Q45659838	6000000074731231927
Q45659866	6000000075502531947
Q45659879	6000000075486078889
Q45659900	6000000074731070946
Q45659930	6000000075502654892
Q45659937	6000000075486004940
Q45659959	6000000074731339849
Q45659991	6000000075502644849
Q45659998	6000000075485414231
Q4566000	6000000018795851526
Q45660017	6000000074731223885
Q45660059	6000000075485953919
Q45660076	6000000074731062944
Q45660115	6000000075502212163
Q45660120	6000000075486186848
Q45660137	6000000074731289867
Q45660174	6000000075501867238
Q45660181	6000000075485980981
Q45660195	6000000074730601240
Q45660237	6000000075502364053
Q45660257	6000000074730636375
Q45660281	6000000074790151900
Q45660301	6000000075502376029
Q45660304	6000000075485681089
Q45660318	6000000074730879069
Q45660361	6000000075502660899
Q45660363	6000000075486088928
Q45660378	6000000074731347827
Q45660424	6000000075485935044
Q45660426	6000000075502510042
Q45660467	6000000075406699878
Q45660481	6000000074759457078
Q45660483	6000000075485685063
Q45660487	6000000075502602910
Q45660502	6000000074730707255
Q45660541	6000000074759694987
Q45660542	6000000075485100444
Q45660548	6000000075502623958
Q45660559	6000000074730979044
Q45660604	6000000075486135887
Q45660613	6000000075502343210
Q45660620	6000000074731201943
Q45660638	6000000014192741179
Q45660665	6000000075486176836
Q45660674	6000000075502503948
Q45660679	6000000074730836026
Q45660724	6000000075485314458
Q45660735	6000000075501981330
Q45660738	6000000074731191942
Q45660783	6000000075486197839
Q45660797	6000000074730210534
Q45660798	6000000075502669900
Q45660847	6000000075485927928
Q45660858	6000000074731319861
Q45660863	6000000075502521956
Q45660907	6000000075485680086
Q45660918	6000000074728947777
Q45660925	6000000075502665894
Q45660960	6000000074759926932
Q45660966	6000000075486152868
Q45660978	6000000074731232922
Q45660987	6000000075502273154
Q45661	6000000008953394470
Q45661025	6000000075485381215
Q45661039	6000000074731257936
Q45661050	6000000075502741859
Q45661085	6000000075486091931
Q45661099	6000000074730726105
Q45661113	6000000075502589906
Q45661146	6000000075486165850
Q45661158	6000000074731417826
Q45661175	6000000075501962389
Q45661207	6000000075485506160
Q45661218	6000000074730696181
Q45661238	6000000075501890325
Q45661267	6000000075486053948
Q45661301	6000000075502774822
Q45661327	6000000075485324357
Q45661362	6000000075502733847
Q45661388	6000000075485887014
Q45661424	6000000075502300136
Q45661448	6000000075485712046
Q45661506	6000000075485411389
Q45661546	6000000075502615931
Q45661565	6000000075486118884
Q45661598	6000000075326945037
Q45661606	6000000075502645956
Q45661624	6000000075486017937
Q45661666	6000000075502580978
Q45661683	6000000075485552285
Q45661729	6000000075502683913
Q45661742	6000000075485875034
Q45661790	6000000075502723848
Q45661802	6000000075485934011
Q4566185	6000000152496511866
Q45661852	6000000075502786822
Q45661861	6000000075485530241
Q45661913	6000000075502785823
Q45661920	6000000075485970985
Q45661975	6000000075502140191
Q45661980	6000000075486183865
Q45662	6000000013659527245
Q45662036	6000000075502648887
Q45662039	6000000074783218981
Q45662098	6000000075501986272
Q45662099	6000000075486248838
Q45662156	6000000075486259822
Q45662158	6000000075501704463
Q45662214	6000000075486162889
Q45662217	6000000075502687871
Q45662273	6000000075486226834
Q45662277	6000000075502748870
Q45662286	6000000057600277038
Q45662331	6000000075486172905
Q45662337	6000000075502798822
Q45662345	6000000057600400938
Q45662393	6000000075485525275
Q45662402	6000000075501777411
Q45662407	6000000057600483871
Q45662451	6000000075485174396
Q45662463	6000000057600320006
Q45662464	6000000075502713909
Q45662513	6000000075485596176
Q45662526	6000000075502708934
Q45662572	6000000075486202832
Q45662585	6000000075502401078
Q45662601	6000000013136846578
Q45662632	6000000075485431202
Q45662646	6000000075502689890
Q45662658	6000000075504960402
Q45662705	6000000075502425027
Q45662748	6000000075486125927
Q45662757	6000000075376976821
Q45662768	6000000075502515946
Q45662806	6000000075485830017
Q45662828	6000000075502334159
Q45662860	6000000075485677107
Q45662918	6000000075486089929
Q45662949	6000000075502791840
Q45662973	6000000075485323364
Q45663009	6000000075502742866
Q45663031	6000000075486226850
Q45663069	6000000075501889365
Q45663087	6000000075486285822
Q4566309	6000000012137031124
Q456631	6000000018867205715
Q45663127	6000000075502576916
Q45663147	6000000075486180906
Q45663184	6000000075502679898
Q45663204	6000000075486112876
Q45663218	6000000074759896970
Q45663241	6000000075502269178
Q45663259	6000000075485509181
Q456633	6000000013182713267
Q45663301	6000000075502726898
Q45663315	6000000075485935085
Q45663332	6000000074760048884
Q45663357	6000000075502434086
Q45663371	6000000075485930984
Q45663389	6000000074759867969
Q45663416	6000000075502793845
Q45663428	6000000075486294822
Q45663472	6000000075502814827
Q45663483	6000000075486298822
Q45663532	6000000075502697906
Q45663541	6000000075485447332
Q45663590	6000000075502188175
Q45663597	6000000075485854960
Q456636	6000000086794643207
Q45663648	6000000075502741875
Q45663654	6000000075485887052
Q4566367	6000000037501666803
Q45663706	6000000075502686874
Q45663711	6000000075486029966
Q45663753	6000000019169488923
Q45663762	6000000075502073207
Q45663766	6000000075485772179
Q45663820	6000000075502674913
Q45663822	6000000075486297838
Q45663823	6000000045271892955
Q45663877	6000000075485530282
Q45663880	6000000075502477016
Q45663934	6000000075486325822
Q45663939	6000000075502607975
Q45663989	6000000075486310831
Q45664043	6000000075508289060
Q45664044	6000000075486315827
Q45664052	6000000075502329119
Q45664097	6000000074701833030
Q45664108	6000000075502355176
Q45664151	6000000075486268834
Q45664164	6000000075501662605
Q45664207	6000000075486207844
Q45664221	6000000075502446000
Q45664244	6000000075506198087
Q4566426	6000000029262067587
Q45664262	6000000075485645277
Q45664276	6000000075502141197
Q45664318	6000000075485840128
Q45664334	6000000075502826827
Q45664391	6000000075502412175
Q45664419	6000000074717084395
Q45664431	6000000075486249871
Q45664453	6000000075502797872
Q4566446	6000000022973461140
Q45664471	6000000074716891409
Q45664483	6000000075486283855
Q45664509	6000000075502790832
Q45664525	6000000074717667929
Q45664536	6000000075485969984
Q45664580	6000000074717667933
Q45664591	6000000075485783118
Q45664613	6000000074760063833
Q45664624	6000000075502624011
Q45664635	6000000074717773837
Q45664647	6000000075485599168
Q45664667	6000000074759676136
Q45664682	6000000075502364099
Q45664691	6000000074717623964
Q45664701	6000000075486089984
Q45664721	6000000074759665121
Q45664737	6000000075502788867
Q45664746	6000000074717759846
Q45664756	6000000075485619180
Q45664776	6000000074759194295
Q45664792	6000000075502845822
Q45664809	6000000075486138900
Q45664833	6000000075506096826
Q45664847	6000000075502825841
Q45664863	6000000075486152937
Q45664903	6000000075502424084
Q45664917	6000000075486093929
Q45664971	6000000075485146433
Q45664979	6000000140165297016
Q45665015	6000000075502755907
Q45665024	6000000075486252868
Q45665071	6000000075502651936
Q45665078	6000000075485949025
Q456651	6000000143817968045
Q45665125	6000000075502805858
Q45665131	6000000075486331828
Q45665181	6000000075502758922
Q45665185	6000000075486241899
Q45665238	6000000075502708994
Q45665240	6000000075486362845
Q45665291	6000000075485751167
Q45665292	6000000075502815836
Q45665347	6000000075485895005
Q45665349	6000000075502345154
Q45665371	6000000075505380462
Q45665400	6000000075485722087
Q45665404	6000000075502581019
Q45665454	6000000075486297879
Q45665459	6000000075502646017
Q45665488	6000000029599315007
Q4566550	6000000017190593674
Q45665510	6000000075486258917
Q45665517	6000000075502430078
Q45665564	6000000075485906133
Q45665573	6000000075501890352
Q45665619	6000000075486301881
Q45665629	6000000075502858822
Q4566567	6000000003046936015
Q45665672	6000000075486276887
Q45665686	6000000075502840826
Q45665726	6000000075486103966
Q45665741	6000000075502555986
Q4566577	6000000060226569021
Q45665780	6000000075486119977
Q45665796	6000000075502670940
Q45665824	6000000075502693937
Q45665853	6000000075486106986
Q45665878	6000000075502531979
Q45665907	6000000075486366863
Q45665931	6000000075501917359
Q45665962	6000000075486395855
Q45665987	6000000075501384612
Q45666015	6000000075485360381
Q45666043	6000000075502421044
Q45666069	6000000075485970058
Q45666098	6000000075502836847
Q45666122	6000000075486148994
Q45666153	6000000075502670945
Q45666174	6000000075486148999
Q45666186	6000000050096307012
Q45666208	6000000075502539048
Q45666228	6000000075486070078
Q45666263	6000000075502841850
Q45666280	6000000075486021033
Q45666319	6000000075502711931
Q45666375	6000000075502747900
Q45666389	6000000075486353879
Q45666442	6000000075486445829
Q45666485	6000000075502741895
Q45666495	6000000075486074021
Q45666541	6000000075502687970
Q45666550	6000000075486413870
Q45666597	6000000075502689970
Q45666605	6000000075485552381
Q45666628	6000000075505986891
Q45666652	6000000075502710943
Q45666658	6000000075485377404
Q45666707	6000000075502783879
Q45666717	6000000075485599251
Q45666763	6000000075502854862
Q45666772	6000000074759061091
Q45666775	6000000075485693233
Q45666819	6000000075502809881
Q45666829	6000000075486144977
Q45666874	6000000075502711936
Q45666883	6000000075486424846
Q45666929	6000000075502776892
Q45666934	6000000075486220912
Q45666985	6000000075502868859
Q45666991	6000000075486276961
Q45667040	6000000075502711941
Q45667044	6000000075486305943
Q45667094	6000000075502739906
Q45667097	6000000075486481830
Q45667147	6000000075502865828
Q45667149	6000000075485430472
Q45667202	6000000075486391888
Q45667203	6000000075502805945
Q45667253	6000000075486194982
Q45667257	6000000075502897822
Q45667305	6000000075485606325
Q45667311	6000000075502832840
Q45667359	6000000075486237956
Q45667367	6000000075501889400
Q4566740	6000000005453335002
Q45667409	6000000075485875246
Q45667420	6000000075502599926
Q45667462	6000000075485645387
Q45667474	6000000075502822850
Q4566749	6000000078093804873
Q45667512	6000000075486381909
Q45667526	6000000075502861841
Q45667562	6000000075486304963
Q45667580	6000000075502729015
Q45667614	6000000075485174489
Q45667634	6000000075502892838
Q45667664	6000000075486414886
Q45667686	6000000075502844876
Q45667715	6000000075486032134
Q45667740	6000000075502811899
Q45667767	6000000075485929124
Q45667793	6000000075502188218
Q45667820	6000000075486172115
Q45667844	6000000075502543999
Q45667870	6000000075485929129
Q45667897	6000000075502740928
Q45667923	6000000075485869244
Q45667951	6000000075502446016
Q45667975	6000000075486091070
Q45668004	6000000075502329158
Q45668023	6000000075485973174
Q45668059	6000000075502668953
Q45668075	6000000075486533825
Q45668114	6000000075502343285
Q45668125	6000000075486235983
Q45668165	6000000075502341270
Q45668176	6000000075485840310
Q45668219	6000000075502915822
Q45668229	6000000074691563074
Q45668275	6000000075502508074
Q45668277	6000000075486486897
Q45668329	6000000075502330229
Q45668330	6000000075486562825
Q45668377	6000000075486034052
Q45668378	6000000075502102412
Q45668427	6000000075486417906
Q45668431	6000000075502106341
Q45668463	6000000074736725830
Q45668478	6000000075486011174
Q45668483	6000000075502140273
Q45668499	6000000018627581180
Q45668512	6000000074736285927
Q45668529	6000000075486114150
Q45668537	6000000075502805963
Q45668579	6000000075486113031
Q45668589	6000000075502685050
Q45668629	6000000075486362985
Q45668646	6000000075502188234
Q45668680	6000000075486165101
Q45668697	6000000075502905845
Q45668731	6000000075486234981
Q45668749	6000000075502212309
Q45668782	6000000075486438957
Q4566879	6000000009366583262
Q45668799	6000000075502714917
Q45668834	6000000075485894133
Q45668858	6000000075502786924
Q45668859	6000000178469555120
Q45668870	6000000088706153836
Q45668884	6000000075486316024
Q45668908	6000000075502921839
Q45668933	6000000075486568834
Q45668960	6000000075502901851
Q45668983	6000000075486287042
Q45669009	6000000075502574957
Q45669031	6000000075486391955
Q45669062	6000000075502926822
Q45669082	6000000075486306011
Q45669132	6000000075486409954
Q45669164	6000000075502913826
Q45669180	6000000075486298012
Q45669214	6000000075502899856
Q45669228	6000000075486483920
Q45669251	6000000074791354211
Q45669262	6000000075502797933
Q45669274	6000000075486431941
Q45669312	6000000075502711970
Q45669322	6000000075486440943
Q4566933	6000000018514019113
Q45669360	6000000075501662657
Q45669368	6000000075486601822
Q45669415	6000000075486473928
Q45669461	6000000075502740987
Q45669465	6000000075486310906
Q45669510	6000000075502906851
Q45669512	6000000075485855093
Q45669560	6000000075502840870
Q45669563	6000000075486521868
Q45669608	6000000075502620022
Q45669610	6000000075486284033
Q4566965	6000000014274824343
Q45669655	6000000075486353964
Q45669656	6000000075501926464
Q4566966	6000000020074672500
Q45669703	6000000075486555862
Q45669706	6000000075502936858
Q45669750	6000000075485959168
Q45669755	6000000075502822892
Q45669799	6000000075486570850
Q45669806	6000000075502685097
Q4566982	6000000008339000388
Q45669846	6000000075486162089
Q45669856	6000000075502688032
Q4566989	6000000019091755614
Q45669893	6000000075485053648
Q45669907	6000000075502936863
Q45669941	6000000075485808190
Q45669955	6000000075502674015
Q45669990	6000000075486324009
Q45670006	6000000075502692936
Q45670038	6000000075486114168
Q45670082	6000000074759901843
Q45670106	6000000075502907865
Q45670128	6000000074759634038
Q45670130	6000000074747556932
Q45670155	6000000075502476114
Q45670177	6000000075486575872
Q45670181	6000000048996236338
Q45670202	6000000075502809971
Q45670224	6000000075486205096
Q45670250	6000000075502867874
Q45670270	6000000075486527919
Q45670297	6000000075502347114
Q45670315	6000000075485481567
Q45670347	6000000075501952358
Q45670361	6000000075486553890
Q45670396	6000000075502729078
Q45670407	6000000075485100728
Q4567041	6000000007077693670
Q45670443	6000000075502732967
Q45670454	6000000075486048107
Q45670490	6000000075502631055
Q45670502	6000000075486271052
Q45670539	6000000075502495078
Q45670548	6000000075485239666
Q45670569	6000000075508593941
Q45670595	6000000075502706032
Q45670609	6000000075485751279
Q45670641	6000000075502830900
Q45670658	6000000075486234035
Q45670689	6000000075501890402
Q45670705	6000000074731406995
Q45670738	6000000075502956833
Q45670752	6000000075486486975
Q45670786	6000000075502412264
Q45670797	6000000075486480899
Q45670835	6000000075502786944
Q45670843	6000000075486278100
Q45670885	6000000075501926499
Q45670890	6000000075486591882
Q45670933	6000000075502661058
Q45670935	6000000075486598856
Q45670981	6000000075502869898
Q45670985	6000000075486612922
Q45671029	6000000075486650852
Q45671030	6000000075502522163
Q45671042	6000000075337895887
Q45671077	6000000075486605901
Q45671080	6000000075502604138
Q456711	6000000009218595385
Q45671123	6000000075486744839
Q45671133	6000000075502646036
Q4567114	6000000010349159635
Q45671169	6000000075485887368
Q45671183	6000000075502556029
Q45671217	6000000075486493937
Q45671232	6000000075502164294
Q45671263	6000000075486432073
Q45671281	6000000075502575023
Q45671309	6000000075486521988
Q45671328	6000000075501926516
Q45671355	6000000075486387008
Q45671375	6000000075503639840
Q45671379	6000000075502563102
Q45671402	6000000075485481641
Q45671428	6000000075502656029
Q45671448	6000000075486219165
Q45671477	6000000075502646041
Q45671495	6000000075486294115
Q456715	6000000003938893300
Q45671525	6000000075502781990
Q45671544	6000000075486591943
Q45671573	6000000075502871886
Q45671575	6000000074749852469
Q45671589	6000000075485722274
Q45671618	6000000075502864878
Q45671619	6000000074749400538
Q45671633	6000000075486701876
Q45671665	6000000075502862891
Q45671673	6000000074730178985
Q45671680	6000000075486429089
Q45671713	6000000075502797954
Q45671721	6000000057623139834
Q45671762	6000000075502581999
Q45671775	6000000075486769831
Q456718	6000000194182520821
Q45671809	6000000057622940983
Q45671810	6000000075502857875
Q45671818	6000000075486631896
Q45671856	6000000074730271031
Q45671860	6000000075502482082
Q45671866	6000000075486690871
Q4567189	6000000017556514773
Q45671900	6000000074730639851
Q45671906	6000000075502440160
Q45671913	6000000075486643885
Q45671944	6000000057622799949
Q45671951	6000000075502796943
Q45671958	6000000075486284211
Q45671968	6000000071037101292
Q45671988	6000000074730615871
Q45671998	6000000075502706037
Q456720	5544830830740053517
Q45672002	6000000075485829301
Q4567201	6000000024400929808
Q45672035	6000000057603236834
Q45672046	6000000075502092334
Q45672047	6000000075486631918
Q45672058	6000000075505574253
Q45672081	6000000074730236909
Q45672091	6000000075485887398
Q45672093	6000000075502901910
Q45672127	6000000057602482223
Q45672138	6000000075485992361
Q45672140	6000000157272038907
Q45672141	6000000075502771947
Q45672172	6000000074730380990
Q45672182	6000000075486639961
Q45672189	6000000075502965840
Q45672195	6000000075506338839
Q45672196	6000000019265762207
Q456722	6000000156448518867
Q45672209	6000000009035775181
Q45672229	6000000075486535073
Q45672242	6000000075502329237
Q45672276	6000000075486388121
Q45672288	6000000075502955842
Q45672321	6000000075486377055
Q45672335	6000000075502971830
Q45672369	6000000075486822836
Q45672379	6000000074749990159
Q45672386	6000000075502164317
Q45672415	6000000075485888505
Q45672420	6000000074760083880
Q45672424	6000000074783363021
Q45672433	6000000075502575039
Q45672460	6000000075486754872
Q45672468	6000000074747828021
Q45672484	6000000075502740997
Q45672508	6000000075486786858
Q45672533	6000000075502956878
Q45672554	6000000075486752877
Q45672580	6000000075503002834
Q45672600	6000000075486581037
Q45672630	6000000075502786965
Q45672645	6000000075486627029
Q45672652	6000000074733513937
Q45672679	6000000075503019822
Q45672692	6000000075486746884
Q4567270	6000000019386373721
Q45672728	6000000075501917437
Q45672739	6000000075486474052
Q45672777	6000000075502888875
Q45672784	6000000075486832841
Q45672823	6000000054781379821
Q45672824	6000000075502521053
Q45672829	6000000075486817876
Q45672874	6000000075502632131
Q45672877	6000000075485888538
Q45672920	6000000075502864900
Q45672921	6000000075486250105
Q45672965	6000000075486609998
Q45672966	6000000075502782007
Q45673011	6000000075486516042
Q45673015	6000000075502376150
Q45673036	6000000075406925838
Q45673057	6000000075486872822
Q4567306	6000000014501882033
Q45673063	6000000075502946877
Q45673103	6000000075486837841
Q45673105	6000000011324859136
Q45673111	6000000075502995850
Q45673149	6000000074745407834
Q45673151	6000000019151760015
Q45673158	6000000075502690064
Q45673195	6000000074745287923
Q456732	6000000012597118433
Q45673203	6000000075502669049
Q45673240	6000000075486753897
Q45673249	6000000075502690074
Q45673286	6000000075486815856
Q45673292	6000000074749854842
Q45673297	6000000075501894461
Q45673330	6000000075486311179
Q45673344	6000000075501537704
Q45673372	6000000075486790876
Q45673379	6000000045222032953
Q45673387	6000000075502983847
Q45673392	6000000075508749822
Q45673406	6000000074746354257
Q45673415	6000000075486837875
Q45673427	6000000074726275885
Q45673459	6000000075486437103
Q45673479	6000000075502321323
Q45673492	6000000074746957876
Q45673504	6000000075486906822
Q45673522	6000000075502482112
Q45673534	6000000074746875018
Q45673549	6000000075485599546
Q45673568	6000000075502840905
Q45673591	6000000075486471016
Q45673593	6000000074749596499
Q456736	6000000027292665621
Q45673616	6000000075502966873
Q4567362	6000000002742646537
Q45673628	6000000215941736827
Q45673635	6000000075486329227
Q45673662	6000000075502692948
Q45673665	6000000074747072830
Q45673678	6000000075485879394
Q45673705	6000000074747028868
Q45673706	6000000075502939855
Q45673720	6000000075486412131
Q45673746	6000000074747005901
Q45673749	6000000075502973855
Q45673760	6000000075486522088
Q45673793	6000000075501890477
Q45673802	6000000075486888849
Q45673837	6000000075503028837
Q45673845	6000000075486690906
Q45673880	6000000075502766020
Q45673886	6000000075486835858
Q45673913	6000000074746967907
Q45673924	6000000075502023349
Q45673927	6000000075486301190
Q45673965	6000000075502102489
Q45673967	6000000075485908361
Q45673993	6000000074747008897
Q4567400	6000000056600662971
Q45674006	6000000075486925836
Q45674009	6000000075502813960
Q45674034	6000000074747066863
Q45674039	6000000088705914949
Q45674047	6000000075485908367
Q45674051	6000000075502574053
Q45674075	6000000074746899968
Q45674087	6000000075486436231
Q45674094	6000000075501662704
Q45674128	6000000075486768886
Q45674136	6000000075502952883
Q45674158	6000000074746727100
Q45674169	6000000074758214836
Q4567418	6000000008346849981
Q45674180	6000000075503050822
Q45674201	6000000074746604123
Q45674212	6000000075486839876
Q45674224	6000000075502329285
Q45674241	6000000074747071848
Q45674252	6000000075486841875
Q45674281	6000000074747026893
Q45674291	6000000075486798925
Q45674308	6000000075502856939
Q45674322	6000000074747072847
Q45674333	6000000075486670904
Q45674353	6000000075502575059
Q4567436	6000000004213693996
Q45674363	6000000074746558229
Q45674372	6000000075486575978
Q45674394	6000000075502734007
Q45674410	6000000075486815880
Q45674436	6000000075502685130
Q45674451	6000000075486219282
Q45674479	6000000075502886940
Q45674491	6000000075486513070
Q4567452	6000000022391870783
Q45674523	6000000075503020858
Q45674532	6000000075486761013
Q4567455	6000000027175109839
Q45674565	6000000075503041833
Q45674574	6000000075485959343
Q45674598	6000000075404579214
Q456746	6000000022947956161
Q45674609	6000000075502412335
Q4567461	6000000009512743739
Q45674613	6000000075486742953
Q45674638	6000000075506122821
Q45674649	6000000075501890496
Q45674651	6000000075486787944
Q45674655	6000000075606547308
Q45674692	6000000075485705518
Q45674693	6000000075502387236
Q45674731	6000000075486952850
Q45674736	6000000075503060835
Q45674742	6000000075504842822
Q4567477	6000000016262830651
Q45674771	6000000075486723918
Q45674778	6000000075502719062
Q45674809	6000000075486581122
Q45674817	6000000075501867392
Q45674849	6000000075486810920
Q45674860	6000000075503012881
Q45674879	6000000074736684867
Q45674887	6000000075486866858
Q45674903	6000000075502619030
Q45674926	6000000075486590041
Q45674943	6000000075503068825
Q45674953	6000000075502450206
Q45674971	6000000075503074824
Q45674981	6000000075412362258
Q456750	6000000000987223897
Q45675009	6000000075502367255
Q45675021	6000000075486739968
Q45675051	6000000075502797991
Q45675061	6000000075486723930
Q45675094	6000000075502616176
Q456751	6000000145330851888
Q45675101	6000000075486592105
Q45675132	6000000075503083824
Q45675140	6000000075486932850
Q45675177	6000000075502937895
Q4567518	6000000109016698927
Q45675180	6000000075485869480
Q45675218	6000000075486807944
Q45675221	6000000075503090822
Q45675252	6000000075505617110
Q45675257	6000000075486866866
Q45675261	6000000075502612138
Q45675295	6000000075486624091
Q45675301	6000000075502788019
Q45675333	6000000075486849867
Q45675341	6000000075503020879
Q45675371	6000000075486683986
Q45675383	6000000075502711060
Q45675412	6000000075486436285
Q45675423	6000000075502851959
Q45675451	6000000075486795903
Q45675461	6000000075503018864
Q45675486	6000000075486914875
Q45675501	6000000075503033848
Q45675540	6000000075503029900
Q45675560	6000000075486838893
Q45675584	6000000075502669106
Q45675600	6000000075487006823
Q4567561	6000000003552208137
Q45675623	6000000075502620161
Q45675636	6000000075486905851
Q45675638	6000000044379083519
Q45675666	6000000075502727086
Q45675673	6000000075487001833
Q456757	6000000029858375472
Q4567570	6000000003934604381
Q45675703	6000000075502741072
Q45675709	6000000075486874868
Q45675713	6000000044377924252
Q45675742	6000000075503032867
Q45675746	6000000075486621054
Q45675781	6000000075502885997
Q45675783	6000000075486903866
Q45675819	6000000075486939870
Q45675821	6000000075502329304
Q45675854	6000000075486949878
Q45675859	6000000075502688139
Q45675891	6000000075486540085
Q45675896	6000000075502788038
Q45675929	6000000075486425158
Q45675966	6000000075486816926
Q45675974	6000000075503121822
Q45676003	6000000075486618042
Q45676011	6000000075503112836
Q45676039	6000000075486770976
Q45676075	6000000075506008989
Q45676076	6000000075486996845
Q45676088	6000000049880228083
Q45676092	6000000075502616210
Q456761	6000000181930279837
Q45676112	6000000075485928434
Q4567613	6000000173590121012
Q45676134	6000000075503019881
Q45676151	6000000075486149328
Q45676173	6000000075501704634
Q45676189	6000000075486951827
Q456762	6000000000660997212
Q45676212	6000000075503039863
Q45676225	6000000075486810964
Q45676251	6000000075502847034
Q45676263	6000000075486771990
Q45676292	6000000075503132822
Q45676300	6000000075487034838
Q45676331	6000000075502620166
Q45676335	6000000075487016856
Q45676354	6000000075506372863
Q4567637	6000000085353571237
Q45676370	6000000075502688165
Q45676372	6000000075486708022
Q45676395	6000000049897643892
Q45676407	6000000075485928445
Q45676408	6000000075502847039
Q45676442	6000000075487041823
Q45676477	6000000075487051822
Q45676482	6000000075502690165
Q45676512	6000000075486640048
Q45676519	6000000075502482148
Q45676546	6000000075486250192
Q45676558	6000000075502424235
Q45676582	6000000075486576074
Q45676584	6000000044372078202
Q45676595	6000000075502983907
Q45676616	6000000075486763942
Q45676631	6000000075501687656
Q45676649	6000000075487050825
Q45676668	6000000075501565499
Q45676707	6000000075503050859
Q45676712	6000000075505800022
Q45676724	6000000075485855318
Q45676743	6000000075503099831
Q45676747	6000000075505967871
Q45676756	6000000044390806375
Q45676759	6000000075487068828
Q45676780	6000000075502907933
Q45676795	6000000075486984883
Q456768	6000000073304064074
Q45676819	6000000075502194417
Q45676821	6000000074750383953
Q45676830	6000000075487055836
Q45676853	6000000075501565504
Q45676864	6000000075486901884
Q45676883	6000000075505882957
Q45676886	6000000074750383831
Q45676889	6000000075503134849
Q45676898	6000000075486649990
Q45676920	6000000074750363854
Q45676929	6000000075503070833
Q45676932	6000000075486993857
Q45676954	6000000074749788364
Q45676963	6000000075503065851
Q45676965	6000000075486539191
Q45676985	6000000075505793965
Q45676987	6000000074750282944
Q45676997	6000000075503047877
Q45677000	6000000075487043866
Q45677023	6000000074749977266
Q45677034	6000000075503125830
Q45677035	6000000075486947899
Q45677057	6000000074750296857
Q45677067	6000000075486643171
Q45677068	6000000075502759135
Q45677090	6000000074749707347
Q45677101	6000000075487020846
Q45677103	6000000075503089883
Q45677123	6000000074750300925
Q45677136	6000000075486759031
Q45677139	6000000075503023871
Q45677158	6000000074750343846
Q45677169	6000000075486886897
Q45677174	6000000075502869027
Q45677188	6000000075506344858
Q45677191	6000000074749563522
Q45677202	6000000075486949950
Q45677211	6000000075502964966
Q45677226	6000000074749788371
Q45677238	6000000075486753209
Q45677246	6000000075502413240
Q45677260	6000000074750147080
Q45677271	6000000075487255878
Q45677280	6000000075501537776
Q45677292	6000000074749707356
Q45677303	6000000075487074004
Q45677316	6000000075502482154
Q45677326	6000000074750318883
Q45677340	6000000075487383828
Q45677347	6000000047825791433
Q45677351	6000000075502925974
Q45677359	6000000074750387840
Q45677380	6000000044379284502
Q45677386	6000000075502023389
Q45677392	6000000074750208007
Q45677405	6000000075487367854
Q45677424	6000000075502560140
Q45677428	6000000074749764387
Q45677440	6000000075487364843
Q45677462	6000000074750415821
Q45677464	6000000075502907956
Q45677473	6000000075406169122
Q45677474	6000000075485705746
Q45677494	6000000074750017164
Q45677527	6000000074750105059
Q45677533	6000000075503129867
Q45677539	6000000075487023010
Q45677548	6000000050813094688
Q45677560	6000000074750162044
Q45677568	6000000075503174837
Q45677572	6000000075487282925
Q45677593	6000000074750284916
Q45677603	6000000075502586120
Q45677605	6000000075487310890
Q45677626	6000000074750234935
Q45677638	6000000075487387835
Q45677639	6000000075502905957
Q45677659	6000000074750292933
Q45677670	6000000075486927159
Q45677674	6000000075503054880
Q45677692	6000000074750399867
Q45677702	6000000075487382835
Q45677709	6000000075502814058
Q45677724	6000000074750028135
Q45677736	6000000075487191936
Q45677745	6000000075503058891
Q45677758	6000000074750215023
Q45677769	6000000075487165961
Q45677784	6000000075502785069
Q45677792	6000000074749878267
Q45677803	6000000075486920081
Q45677818	6000000075501867425
Q45677824	6000000074750388880
Q45677835	6000000075487430827
Q45677853	6000000075503032938
Q45677858	6000000074750306879
Q45677861	6000000075506667159
Q45677869	6000000075487182946
Q45677887	6000000075502903036
Q45677889	6000000074749990265
Q45677899	6000000075487400827
Q45677920	6000000074750373839
Q45677921	6000000075503000962
Q45677931	6000000075487111993
Q45677955	6000000074749993178
Q45677958	6000000075503123864
Q45677960	6000000181248250829
Q45677964	6000000075486250390
Q45677988	6000000074750251025
Q45677993	6000000075503102861
Q45678000	6000000075486702222
Q45678021	6000000074750078143
Q45678028	6000000075503142883
Q45678033	6000000075486382400
Q45678055	6000000074750208022
Q45678066	6000000075487112006
Q45678067	6000000075502610141
Q45678098	6000000075486618244
Q45678130	6000000075486613218
Q45678140	6000000075502843936
Q45678164	6000000075487460822
Q45678197	6000000075487456834
Q45678209	6000000075502983917
Q45678230	6000000075487364861
Q45678245	6000000075503043886
Q45678263	6000000075487413878
Q45678281	6000000075502413269
Q45678285	6000000074749965198
Q45678298	6000000075487453824
Q45678317	6000000075502428183
Q45678332	6000000075487270934
Q45678351	6000000075502341376
Q45678365	6000000075486429384
Q45678387	6000000075502957003
Q45678422	6000000075502887967
Q45678432	6000000075486487247
Q45678456	6000000075502610150
Q45678464	6000000075487049962
Q45678492	6000000075501894545
Q45678498	6000000075487400868
Q45678524	6000000074734480037
Q45678526	6000000075502698081
Q45678530	6000000075487043870
Q45678562	6000000075503128872
Q45678564	6000000074698424896
Q4567859	6000000005427502746
Q45678597	6000000075487060981
Q45678599	6000000075503207840
Q45678630	6000000075487053996
Q45678634	6000000075502364297
Q45678662	6000000075486388246
Q45678667	6000000075503057899
Q45678685	6000000075506349930
Q45678694	6000000075487425844
Q45678700	6000000075503143859
Q45678727	6000000075487371877
Q45678733	6000000075502023411
Q45678758	6000000075486668171
Q45678769	6000000075502376242
Q45678793	6000000075487425849
Q45678806	6000000075503054923
Q45678825	6000000075487026952
Q45678840	6000000075503217840
Q45678857	6000000075487068060
Q45678874	6000000075501740547
Q45678889	6000000075486987045
Q456789	6000000039427158985
Q45678913	6000000075503190859
Q45678923	6000000075485952645
Q45678947	6000000075503070847
Q45678955	6000000075487466832
Q45678976	6000000074749810330
Q45678982	6000000075503122894
Q45678988	6000000075487283971
Q4567899	6000000031471830310
Q45679009	6000000074750243944
Q45679017	6000000075502129549
Q45679022	6000000075487126951
Q45679029	6000000075505812887
Q45679043	6000000074750215061
Q45679051	6000000075502898953
Q45679055	6000000075487061009
Q45679076	6000000074750100177
Q45679086	6000000075502913020
Q45679088	6000000075487049986
Q45679108	6000000074750505821
Q45679113	6000000074785803925
Q45679120	6000000075487478856
Q45679121	6000000075503052929
Q45679143	6000000074750488844
Q45679153	6000000075487321947
Q45679155	6000000075501867464
Q45679176	6000000074749560617
Q45679186	6000000075326288100
Q45679190	6000000075502140414
Q45679209	6000000074750418917
Q45679220	6000000075486743233
Q45679226	6000000075503203838
Q45679242	6000000074750048152
Q45679253	6000000075487132044
Q45679261	6000000075503158902
Q45679277	6000000074750479889
Q45679288	6000000075486972154
Q45679297	6000000075502944938
Q45679311	6000000074750243011
Q45679322	6000000075486947102
Q45679336	6000000075502949994
Q45679346	6000000074750347973
Q45679356	6000000075487357925
Q45679369	6000000075502446156
Q45679379	6000000074749922390
Q45679389	6000000075487355891
Q456794	6000000000986046481
Q45679406	6000000075503128894
Q45679414	6000000074749340590
Q45679421	6000000075505841985
Q45679423	6000000075486382469
Q45679443	6000000075502909033
Q45679448	6000000074749972327
Q45679456	6000000075506179859
Q45679459	6000000075487421868
Q45679479	6000000075503112906
Q45679482	6000000074750376896
Q45679495	6000000075487489840
Q45679514	6000000075502914015
Q45679515	6000000074750032149
Q45679521	6000000074739203950
Q45679527	6000000075487508873
Q45679549	6000000075502575106
Q45679550	6000000074749908329
Q45679555	6000000074739266921
Q45679562	6000000075486725212
Q45679581	6000000033330532168
Q45679582	6000000074750513842
Q45679586	6000000075503052961
Q45679595	6000000075487361953
Q45679615	6000000074749878355
Q45679621	6000000075502864002
Q45679630	6000000075487243979
Q45679648	6000000074750532821
Q45679665	6000000074771390872
Q45679681	6000000074750427892
Q45679692	6000000075503115914
Q45679694	6000000015866832654
Q45679697	6000000075487163065
Q45679713	6000000074750427896
Q45679729	6000000075503031938
Q45679733	6000000075487118824
Q45679747	6000000074750376900
Q45679769	6000000075487104031
Q45679780	6000000074750249009
Q45679799	6000000075503218831
Q456798	6000000133605762883
Q45679803	6000000075487546835
Q45679812	6000000074750492856
Q45679833	6000000075503182886
Q45679835	6000000075486967147
Q45679866	6000000075487104050
Q45679899	6000000075486619248
Q45679902	6000000075503171908
Q45679936	6000000075503265825
Q45679940	6000000074750258087
Q45679964	6000000075487198058
Q45679971	6000000075502092489
Q45679996	6000000075486743286
Q45680003	6000000075503097920
Q45680029	6000000075486300511
Q45680035	6000000074750308005
Q45680037	6000000075502841084
Q45680060	6000000075487461886
Q45680067	6000000074750541856
Q45680071	6000000075503155960
Q45680095	6000000075487406931
Q45680106	6000000075503213864
Q45680127	6000000075487534846
Q45680132	6000000074750189940
Q45680138	6000000075503070884
Q45680158	6000000075487023070
Q45680172	6000000075503205928
Q45680191	6000000075485928710
Q45680205	6000000075503001036
Q45680222	6000000075487069842
Q45680239	6000000075502957058
Q45680254	6000000075487586834
Q45680272	6000000075503139911
Q45680287	6000000075487230017
Q4568029	6000000077111535979
Q45680306	6000000075503146896
Q45680320	6000000075487165056
Q45680341	6000000075503013046
Q45680353	6000000075487406938
Q45680376	6000000075502886115
Q45680386	6000000074727752123
Q45680398	6000000024999259549
Q45680411	6000000075503097937
Q45680417	6000000075487447949
Q45680445	6000000075503021922
Q45680449	6000000075486702334
Q45680479	6000000075502872110
Q45680481	6000000075487115010
Q45680514	6000000075487074094
Q45680515	6000000075503027970
Q45680523	6000000074750301990
Q45680548	6000000075487468921
Q4568055	6000000010911447192
Q45680552	6000000075502239512
Q45680556	6000000074750376925
Q45680581	6000000075486725232
Q45680589	6000000075503263879
Q45680614	6000000074737298893
Q45680625	6000000075503249883
Q45680644	6000000075485680819
Q45680660	6000000075503143926
Q45680676	6000000075487298958
Q45680694	6000000075502917055
Q45680709	6000000075487333938
Q45680730	6000000075503137937
Q45680742	6000000075486717264
Q4568075	6000000007537666559
Q45680766	6000000075503284841
Q45680774	6000000075487355922
Q45680804	6000000075503297822
Q45680812	6000000075487163105
Q45680839	6000000075502321453
Q45680844	6000000074698609840
Q4568087	6000000020740548437
Q45680873	6000000075502023484
Q45680876	6000000075487608822
Q45680907	6000000075487512894
Q45680908	6000000075503164931
Q45680940	6000000075487355927
Q45680941	6000000075502919035
Q45680972	6000000075487295999
Q45680974	6000000075503235852
Q45680985	6000000075503653940
Q45681004	6000000075487270011
Q45681011	6000000075503171930
Q45681016	6000000075505988879
Q45681037	6000000075487400896
Q45681045	6000000075502957987
Q45681067	6000000075487023105
Q45681077	6000000075503184876
Q45681099	6000000075487204040
Q45681110	6000000075503239910
Q45681130	6000000075486798985
Q45681145	6000000075503187918
Q45681162	6000000075486920171
Q45681177	6000000075503313822
Q45681193	6000000075487614822
Q45681211	6000000075503031992
Q45681228	6000000075487534853
Q45681244	6000000075502957997
Q45681258	6000000075487400942
Q45681269	6000000075606845008
Q4568127	6000000022820759348
Q45681277	6000000075502940062
Q45681288	6000000075487419953
Q45681308	6000000075502914110
Q4568131	6000000000555088017
Q45681319	6000000075487532849
Q45681324	6000000022318341462
Q45681342	6000000075503180939
Q45681352	6000000075485981706
Q45681374	6000000075503262895
Q45681382	6000000075487474890
Q45681405	6000000075502906045
Q45681411	6000000075487595833
Q45681442	6000000075503039954
Q45681443	6000000075487490925
Q45681474	6000000075487199140
Q45681476	6000000075503033105
Q4568149	6000000011726154865
Q45681505	6000000075487501899
Q45681509	6000000075503186929
Q45681545	6000000075502886134
Q45681568	6000000075487609835
Q45681578	6000000075503162930
Q45681598	6000000075486520469
Q45681613	6000000075503039963
Q45681630	6000000075487378022
Q45681644	6000000075503221896
Q45681660	6000000075486520477
Q45681678	6000000075503218900
Q45681690	6000000075487435947
Q45681711	6000000075501740595
Q45681721	6000000075487325931
Q45681745	6000000075503302845
Q45681752	6000000075486860178
Q45681778	6000000075503309832
Q45681784	6000000075487339031
Q45681813	6000000075503302850
Q45681815	6000000075487497878
Q45681845	6000000075502772127
Q45681847	6000000075487517929
Q4568185	6000000051698154950
Q45681877	6000000075503341822
Q45681878	6000000075487643832
Q45681909	6000000075486618386
Q45681910	6000000075503269872
Q4568192	6000000023267911248
Q45681939	6000000075487115040
Q45681943	6000000075502996017
Q45681970	6000000075487575915
Q45681975	6000000075503187954
Q45682	6000000000556985495
Q456820	6000000010686619824
Q45682000	6000000075487329970
Q45682008	6000000075503258840
Q45682025	6000000074744637356
Q45682031	6000000074727260495
Q45682040	6000000075501704788
Q45682056	6000000074744506549
Q45682064	6000000075487474865
Q45682073	6000000075503222877
Q45682088	6000000074745577128
Q45682096	6000000075487453911
Q45682106	6000000075503352827
Q45682132	6000000075487294010
Q45682138	6000000075503221937
Q45682163	6000000075487230049
Q45682171	6000000075503166936
Q45682195	6000000075487199168
Q45682204	6000000075502140541
Q45682225	6000000075487356961
Q45682236	6000000075502539401
Q45682257	6000000075487532869
Q45682271	6000000075503251948
Q45682288	6000000075486390297
Q45682304	6000000075503263925
Q45682319	6000000075487626874
Q45682338	6000000075503117957
Q45682351	6000000075487329982
Q45682357	6000000040034300923
Q45682360	6000000075507127947
Q45682372	6000000075502996030
Q45682382	6000000075487455924
Q45682406	6000000075501894625
Q45682414	6000000075487332027
Q45682440	6000000075503323852
Q45682444	6000000074750103875
Q45682474	6000000075502888124
Q45682476	6000000075486622401
Q45682507	6000000075486113703
Q45682508	6000000075503281875
Q45682538	6000000075487517948
Q45682542	6000000075503118961
Q45682568	6000000075486624154
Q45682575	6000000075503086010
Q45682599	6000000075486952146
Q456826	6000000177838144848
Q45682608	6000000075503347839
Q45682639	6000000075503218919
Q45682663	6000000075486561504
Q45682673	6000000075502804136
Q45682696	6000000075487465977
Q456827	6000000071115181062
Q45682707	6000000075503210943
Q45682726	6000000075487355978
Q45682739	6000000075502957121
Q45682756	6000000075487514953
Q45682772	6000000075502446228
Q45682788	6000000075487328059
Q45682806	6000000075503077975
Q45682819	6000000075487594889
Q4568282	6000000008414305402
Q45682838	6000000075503019039
Q45682850	6000000075487694845
Q45682873	6000000075502684308
Q45682880	6000000075487383983
Q45682912	6000000075487007287
Q45682942	6000000075502951164
Q45682944	6000000075487361030
Q45682973	6000000075487169182
Q45682975	6000000075503180973
Q456830	6000000010524461814
Q45683005	6000000075487681835
Q45683007	6000000203974726842
Q45683008	6000000075503144972
Q45683034	2427540
Q45683036	6000000075487453953
Q45683041	6000000075503125012
Q45683042	6000000029185246892
Q45683066	6000000075487023233
Q45683097	6000000075487581890
Q45683129	6000000075487310046
Q45683138	6000000075501929708
Q45683158	6000000075487385891
Q45683189	6000000075487334001
Q45683203	6000000075502914160
Q45683221	6000000075487679832
Q45683252	6000000075487723834
Q45683267	6000000075503286909
Q45683284	6000000075487727822
Q45683300	6000000075503336856
Q4568331	6000000003757200065
Q45683315	6000000075487622859
Q45683346	6000000075487420058
Q45683366	6000000075503159002
Q45683377	6000000075487707860
Q45683400	6000000075502935037
Q45683408	6000000075487616923
Q45683438	6000000075502804149
Q45683440	6000000075487244068
Q45683471	6000000075487628870
Q45683472	6000000075502715180
Q45683501	6000000075487733824
Q45683505	6000000075503314851
Q45683533	6000000075487198182
Q45683539	6000000075503202997
Q45683563	6000000075487643885
Q45683572	6000000075503228022
Q45683592	6000000075487745821
Q45683603	6000000075502889128
Q45683623	6000000075487401019
Q4568363	6000000028257484672
Q45683636	6000000075503267894
Q45683652	6000000075487332092
Q45683668	6000000075502321523
Q45683682	6000000075487528932
Q45683683	6000000012375982399
Q45683702	6000000075502940116
Q45683714	6000000075487696835
Q45683736	6000000075503427823
Q45683745	6000000075486867228
Q45683769	6000000075502917147
Q45683776	6000000075487692852
Q45683800	6000000075503267899
Q45683805	6000000075487050162
Q45683831	6000000075502440354
Q45683836	6000000075487310927
Q45683862	6000000075503381849
Q45683867	6000000075487594924
Q45683892	6000000075503444827
Q45683898	6000000075487138048
Q45683912	6000000071698048918
Q45683923	6000000075503432879
Q45683929	6000000075487440999
Q45683954	6000000075503419880
Q45683959	6000000075487514002
Q45683986	6000000075503030320
Q45683990	6000000075487689850
Q45684012	6000000011966041879
Q45684016	6000000075503133043
Q45684021	6000000075487736825
Q45684047	6000000075503597846
Q45684051	6000000075487327028
Q45684078	6000000075503526838
Q45684084	6000000075487717828
Q45684110	6000000074705647928
Q45684116	6000000075487628891
Q45684141	6000000074690358069
Q45684148	6000000075487625928
Q45684171	6000000075503355932
Q45684180	6000000075486387493
Q45684201	6000000075503233029
Q45684211	6000000075487049205
Q45684234	6000000075502844157
Q45684242	6000000075487311073
Q4568425	1418616
Q45684265	6000000075503031144
Q45684275	6000000075487749827
Q45684282	6000000139610922862
Q45684295	6000000075503519835
Q45684303	6000000074785049353
Q45684306	6000000075486387504
Q45684335	6000000074785055319
Q45684339	6000000075487317057
Q45684366	6000000074784916497
Q45684369	6000000075487587921
Q456844	6000000000540523771
Q45684400	6000000075487460069
Q45684433	6000000075487539967
Q45684449	6000000075503199096
Q45684464	6000000075487746837
Q45684496	6000000075487268087
Q45684511	6000000075502584510
Q45684526	6000000075487322918
Q45684540	6000000075502788389
Q45684555	6000000075486999295
Q45684572	6000000075503346936
Q45684587	6000000075487457017
Q45684602	6000000075503225000
Q45684618	6000000075487483967
Q45684633	6000000075503504876
Q45684647	6000000075486972275
Q45684663	6000000075503536831
Q45684677	6000000075487357008
Q45684694	6000000075603586853
Q4568470	6000000027926359485
Q45684709	6000000075487401034
Q45684724	6000000075503284051
Q45684740	6000000075487132241
Q45684773	6000000075487584932
Q45684786	6000000075503031155
Q45684805	6000000075487026135
Q45684816	6000000075502940210
Q4568482	6000000071230044629
Q45684835	6000000075487792822
Q45684847	6000000075597272922
Q45684867	6000000075487594951
Q45684898	6000000075487744853
Q45684911	6000000075503578828
Q45684940	6000000075503545823
Q45684960	6000000075487007328
Q45684970	6000000075503396988
Q45684992	6000000075487466009
Q45685002	6000000075502946136
Q45685022	6000000075487764848
Q45685072	6000000075502787227
Q45685082	6000000075487163217
Q45685085	6000000190584878824
Q45685104	6000000075503030399
Q45685114	6000000075486997350
Q45685135	6000000075503203104
Q45685146	6000000075487594963
Q45685166	6000000075503363923
Q45685179	6000000075487743845
Q45685188	6000000050046672930
Q4568519	6000000059908255822
Q45685199	6000000075503250102
Q45685212	6000000075487782868
Q45685237	6000000075503310990
Q45685245	6000000075487541994
Q45685266	6000000075503287031
Q45685276	6000000075487783845
Q45685298	6000000075603714837
Q45685308	6000000075487362134
Q45685329	6000000075503494918
Q45685339	6000000075486382646
Q45685359	6000000075503389946
Q45685370	6000000075487830822
Q45685390	6000000075503037186
Q45685404	6000000075487724886
Q45685413	6000000074727741231
Q45685422	6000000075603705854
Q45685435	6000000075487806855
Q45685466	6000000075487246174
Q45685496	6000000075487713916
Q45685515	6000000075603739828
Q45685515	6000000215945443825
Q45685528	6000000075487469957
Q45685547	6000000075502863298
Q45685558	6000000075487665933
Q45685570	6000000074733666909
Q45685588	6000000075487675821
Q45685620	6000000075487817857
Q45685627	6000000075503328985
Q45685651	6000000075486725385
Q45685657	6000000075503361949
Q45685687	6000000074727965252
Q45685688	6000000075503608828
Q45685718	6000000075487127171
Q45685719	6000000075503022117
Q45685750	6000000075487026168
Q45685751	6000000075503105097
Q45685781	6000000075487845838
Q45685783	6000000075502575211
Q45685812	6000000075487330098
Q45685814	6000000075503486890
Q45685844	6000000075503460905
Q45685845	6000000075487773857
Q45685875	6000000075487483033
Q45685881	6000000075503570882
Q45685908	6000000075487749893
Q45685913	6000000075603754832
Q45685942	6000000075487687965
Q45685946	6000000075503578859
Q45685972	6000000075487765880
Q45685976	6000000075503105111
Q4568600	6000000024293745418
Q45686002	6000000075487811908
Q45686006	6000000075502164596
Q45686035	6000000075487873829
Q45686039	6000000075503363943
Q45686065	6000000075487008324
Q45686068	6000000075503536875
Q45686095	6000000075487861831
Q45686099	6000000075503222125
Q45686128	6000000075487842877
Q45686132	6000000075503407960
Q45686159	6000000075487868837
Q45686162	6000000075503570887
Q45686186	6000000074701898081
Q45686190	6000000074736958947
Q45686194	6000000075502917335
Q456862	6000000076894741042
Q45686216	6000000074701453246
Q45686220	6000000075487559011
Q45686223	6000000075503517925
Q45686247	6000000074701425483
Q45686252	6000000075487822902
Q45686255	6000000075503588859
Q45686282	6000000074701985913
Q45686284	6000000075486470337
Q45686287	6000000075503070158
Q45686313	6000000074701937613
Q45686315	6000000075487384073
Q45686318	6000000075503273046
Q4568633	6000000077235011147
Q45686344	6000000074702848939
Q45686349	6000000075486997400
Q45686350	6000000075503022145
Q45686375	6000000074702329429
Q45686379	6000000075503630823
Q45686380	6000000075487891844
Q456864	6000000006727749054
Q4568640	6000000011568458187
Q45686408	6000000074702905909
Q45686411	6000000075503454921
Q45686413	6000000075487018237
Q45686440	6000000074702219338
Q45686441	6000000074732996159
Q45686443	6000000075502793368
Q45686445	6000000075487893825
Q45686469	6000000074702815941
Q45686473	6000000075503212106
Q45686475	6000000075487578024
Q45686500	6000000074702511190
Q45686506	6000000075502584524
Q45686507	6000000075487804915
Q45686535	6000000075503654827
Q45686539	6000000075487705926
Q45686566	6000000075503286037
Q45686571	6000000075486618569
Q45686601	6000000075487045249
Q45686627	6000000075503279018
Q45686633	6000000075487662891
Q45686651	6000000074702896946
Q45686657	6000000075503582893
Q45686667	6000000075487824870
Q45686697	6000000075487902827
Q4568671	6000000009571093617
Q45686712	6000000074702516234
Q45686718	6000000075503113222
Q45686726	6000000075487281147
Q45686744	6000000074702998850
Q45686758	6000000075487270180
Q45686774	6000000074703032827
Q45686780	6000000075503604852
Q45686789	6000000075487779929
Q45686804	6000000074702709086
Q45686810	6000000075503460937
Q45686819	6000000075487787898
Q45686838	6000000075503544911
Q45686849	6000000075487914823
Q45686870	6000000075503677822
Q45686880	6000000075487542044
Q45686899	6000000075503606857
Q45686904	6000000107039853918
Q45686923	6000000074701003584
Q45686926	6000000075503614850
Q45686939	6000000075487606010
Q45686955	6000000074702054878
Q45686958	6000000075503183090
Q45686971	6000000075487867878
Q4568698	6000000013384226467
Q45686986	6000000074701804097
Q45686989	6000000075503196213
Q45687001	6000000075487327130
Q45687015	6000000074701608240
Q45687018	6000000075503398944
Q45687038	6000000075487949822
Q45687045	6000000074701811093
Q45687049	6000000075503311021
Q45687071	6000000075487934822
Q45687079	6000000074701522207
Q45687089	6000000075503266107
Q45687101	6000000075487924833
Q45687111	6000000074702024913
Q45687120	6000000075503135129
Q45687131	6000000075487749956
Q4568714	6000000094139331821
Q45687140	6000000074701865061
Q4568715	6000000012697603998
Q45687150	6000000075503603865
Q45687162	6000000075487049276
Q45687171	6000000074701278442
Q45687182	6000000075503693823
Q45687193	6000000075487842891
Q45687201	6000000074702017955
Q45687212	6000000075503687836
Q45687223	6000000075487932843
Q45687231	6000000074701978971
Q45687243	6000000075503292102
Q45687254	6000000075487849881
Q45687262	6000000074702114828
Q45687272	6000000075503591865
Q45687285	6000000075487901863
Q45687294	6000000074716320053
Q456873	6000000002188005826
Q45687303	6000000075503708821
Q45687315	6000000075487599107
Q45687325	6000000074716304996
Q45687333	6000000075503662840
Q45687346	6000000075487783004
Q45687357	6000000074716639004
Q45687363	6000000075503118147
Q45687377	6000000075487939835
Q45687389	6000000074716836969
Q45687393	6000000075503143131
Q45687408	6000000075487895847
Q45687420	6000000074716372994
Q45687446	6000000075487967847
Q45687449	6000000074716918872
Q45687453	6000000075503292108
Q45687475	6000000075487126167
Q45687478	6000000074716847944
Q45687483	6000000074702908607
Q45687506	6000000075487319180
Q45687515	6000000075606139884
Q45687537	6000000075487817920
Q45687546	6000000075606141860
Q45687568	6000000075487805923
Q45687569	6000000074716473044
Q45687577	6000000075606122919
Q45687597	6000000075487967859
Q45687599	6000000074716907888
Q45687606	6000000075606251846
Q45687628	6000000075486972394
Q45687630	6000000074716977854
Q45687637	6000000075503703841
Q45687658	6000000075487834929
Q45687669	6000000075605568112
Q45687689	6000000075487617993
Q45687699	6000000075503249079
Q45687719	6000000075487830938
Q45687729	6000000075503231213
Q45687749	6000000075487457120
Q45687754	6000000075506140986
Q45687760	6000000075503701843
Q45687780	6000000075487694974
Q45687791	6000000075503646881
Q45687810	6000000075487950848
Q45687819	6000000075503573986
Q45687839	6000000075487941847
Q45687849	6000000075503555907
Q45687868	6000000075487381242
Q4568788	6000000003025562600
Q45687883	6000000075503511936
Q45687898	6000000074787246220
Q45687913	6000000075503078135
Q45687928	6000000075487065320
Q45687950	6000000075503279063
Q45687983	6000000075503723834
Q45687997	6000000075487639965
Q45688012	6000000075606057884
Q45688027	6000000075487681987
Q45688041	6000000075605152348
Q45688060	6000000075487281198
Q45688074	6000000075606362856
Q45688090	6000000075487539053
Q45688104	6000000075503575925
Q45688119	6000000075487621082
Q45688133	6000000075503464002
Q45688149	6000000075487879910
Q45688163	6000000075605758188
Q45688181	6000000075487536086
Q45688192	6000000075606037997
Q45688212	6000000075487849902
Q45688223	6000000075503252133
Q45688241	6000000075487169354
Q45688269	6000000075487714007
Q45688276	6000000075503686840
Q45688297	6000000075487787940
Q45688305	6000000075503156213
Q45688325	6000000075487865900
Q45688347	6000000075605430187
Q45688355	6000000075487712946
Q45688376	6000000075503417009
Q45688384	6000000075487831928
Q45688405	6000000075606301875
Q45688412	6000000075487811990
Q45688432	6000000075503742829
Q45688440	6000000075487881901
Q45688459	6000000075503511954
Q45688487	6000000075503686858
Q45688498	6000000075487378293
Q45688499	6000000075506555846
Q45688516	6000000075503196227
Q45688527	6000000075487925853
Q45688546	6000000075503405947
Q45688556	6000000075487714024
Q45688573	6000000075503653922
Q45688585	6000000075487362267
Q45688603	6000000075503446025
Q45688615	6000000075487698004
Q45688632	6000000075605889067
Q45688644	6000000075487199311
Q45688659	6000000075606206987
Q45688672	6000000075487746943
Q45688688	6000000075503098171
Q45688701	6000000075487465211
Q45688717	6000000075503490024
Q45688730	6000000075487745001
Q45688759	6000000075487477179
Q45688781	6000000075503688877
Q45688789	6000000075487876925
Q45688811	6000000075503259111
Q45688819	6000000075487835018
Q45688838	6000000075503562009
Q45688847	6000000075488014862
Q45688867	6000000075606188020
Q45688877	6000000075488064822
Q45688894	6000000075503727854
Q45688905	6000000075487990870
Q45688922	6000000075502347651
Q45688933	6000000075487599144
Q45688950	6000000075503685866
Q45688962	6000000075487903906
Q45688980	6000000075503183134
Q45688993	6000000075487339248
Q45689023	6000000075487937879
Q45689039	6000000075502129742
Q45689051	6000000075487349134
Q45689068	6000000075503393082
Q45689081	6000000075487491147
Q45689098	6000000075503682890
Q45689111	6000000075487559095
Q45689139	6000000075487961881
Q45689154	6000000075606231977
Q45689167	6000000075487705992
Q45689184	6000000075606241971
Q45689197	6000000075488106822
Q45689213	6000000075605440497
Q45689227	6000000075487621121
Q45689241	6000000075606290915
Q45689256	6000000075487841997
Q45689269	6000000075605520143
Q45689284	6000000075486470406
Q45689314	6000000075488109828
Q45689329	6000000075605652185
Q45689343	6000000075487738993
Q45689358	6000000075503286098
Q45689372	6000000075486997517
Q45689388	6000000075503621947
Q45689402	6000000075488108827
Q45689416	6000000075503494936
Q45689430	6000000075487582175
Q45689443	6000000075503551864
Q45689453	6000000074731341843
Q45689456	6000000075487688063
Q45689470	6000000075503426105
Q45689471	6000000074784797919
Q45689483	6000000074731339868
Q45689486	6000000075487939878
Q45689516	6000000075487876975
Q45689543	6000000075487317204
Q45689556	6000000075503750855
Q45689573	6000000075487893911
Q45689587	6000000075503704908
Q456896	6000000012089919664
Q45689603	6000000075487787019
Q45689615	6000000075503711901
Q45689632	6000000075487947958
Q45689643	6000000075503595932
Q4568966	6000000020720587976
Q45689660	6000000075488000881
Q45689672	6000000075503684905
Q45689690	6000000075486920471
Q45689700	6000000075503543944
Q45689718	6000000075487559133
Q45689729	6000000075503497006
Q45689747	6000000075487929906
Q45689757	6000000075605889117
Q45689777	6000000075486717526
Q45689787	6000000075606467877
Q456898	6000000065445630916
Q45689806	6000000075488064887
Q45689815	6000000075606337895
Q45689834	6000000075487835055
Q45689844	6000000075503629945
Q45689849	6000000075423294134
Q45689867	6000000075487906968
Q45689874	6000000075503701890
Q45689897	6000000075487898939
Q45689903	6000000075503726881
Q45689925	6000000075488049870
Q45689932	6000000075503567969
Q45689955	6000000075488049875
Q45689962	6000000075503780831
Q45689986	6000000075487944959
Q45689991	6000000075606349939
Q45689992	6000000074748462033
Q45690015	6000000075487895950
Q45690019	6000000074748698862
Q45690044	6000000075487405221
Q45690048	6000000074748714859
Q45690072	6000000075488158822
Q45690076	6000000075503684923
Q45690077	6000000074748320062
Q45690103	6000000075488011913
Q45690105	6000000186581120951
Q45690107	6000000074748668914
Q45690126	6000000075503707897
Q45690132	6000000075487946923
Q45690155	6000000075503377046
Q45690161	6000000075487884993
Q45690185	6000000075503730849
Q45690190	6000000075487987918
Q45690212	6000000075503362016
Q45690218	6000000075488014893
Q45690241	6000000049344391054
Q45690247	6000000075487824982
Q45690251	6000000074748462995
Q45690269	6000000075503805821
Q45690278	6000000074748533970
Q45690282	6000000075488068873
Q45690297	6000000075503362022
Q456903	6000000008053083522
Q45690302	6000000019187077207
Q45690306	6000000074748017279
Q45690310	6000000075487317224
Q45690323	6000000075503549974
Q45690333	6000000074748732823
Q45690338	6000000075487730077
Q45690351	6000000075503589000
Q45690361	6000000074748725841
Q45690365	6000000075488137837
Q45690381	6000000075503595937
Q45690392	6000000074748506005
Q45690396	6000000075487826017
Q45690410	6000000075503270102
Q45690425	6000000075488084862
Q45690438	6000000075503543968
Q45690453	6000000075488024942
Q45690471	6000000075503797828
Q45690478	6000000074748149181
Q45690483	6000000075488070895
Q45690502	6000000075503740876
Q45690507	6000000074748632877
Q45690514	6000000075487542165
Q45690525	6000000045271652871
Q45690536	6000000074748673838
Q45690538	6000000029598504850
Q45690545	6000000075487018385
Q45690556	6000000074735460856
Q45690564	6000000074748264072
Q45690567	6000000075503426139
Q45690573	6000000075487714097
Q45690586	6000000074735239916
Q45690596	6000000075503769843
Q45690602	6000000075486997536
Q45690625	6000000075503818824
Q45690631	6000000075487654175
Q45690652	6000000074748694821
Q45690654	6000000075503639002
Q45690660	6000000075487974972
Q45690665	6000000075506043035
Q45690681	6000000074748462988
Q45690683	6000000075503765880
Q45690689	6000000075486830577
Q45690708	6000000074747981303
Q45690713	6000000075606369997
Q45690717	6000000075488205826
Q45690726	6000000074728947510
Q45690737	6000000074748404007
Q45690749	6000000075488056889
Q45690766	6000000074748229180
Q45690777	6000000075487846034
Q45690781	6000000075503410019
Q456908	6000000071300272711
Q45690810	6000000075503455025
Q45690823	6000000074748445916
Q45690836	6000000075487812065
Q45690838	6000000075503835822
Q45690853	6000000074748515920
Q45690865	6000000075488098919
Q45690868	6000000075503689929
Q45690881	6000000074748103041
Q45690882	6000000074771267830
Q45690886	6000000075606397098
Q45690895	6000000075488208859
Q45690897	6000000075503694903
Q45690910	6000000074747898161
Q45690924	6000000075488233822
Q45690938	6000000074748116025
Q45690953	6000000075487621195
Q45690955	6000000075503843822
Q45690965	6000000074747939108
Q45690981	6000000075487975009
Q45690984	6000000075503837821
Q45690994	6000000074748414833
Q456910	6000000060141497976
Q45691012	6000000075488110886
Q45691014	6000000075503724884
Q45691023	6000000074748005064
Q45691040	6000000075488035905
Q45691042	6000000075503523050
Q45691051	6000000074748307873
Q45691068	6000000075487787069
Q45691070	6000000075606368984
Q45691079	6000000074748335883
Q45691098	6000000074692218870
Q45691101	6000000075606047100
Q45691110	6000000074748177952
Q45691126	6000000075488200840
Q45691129	6000000075503070311
Q45691139	6000000074748210002
Q45691155	6000000075488250834
Q45691166	6000000074747759254
Q45691187	6000000075503708931
Q45691195	6000000074747377424
Q45691223	6000000075487688123
Q45691224	6000000074748125947
Q45691243	6000000075503247163
Q45691251	6000000074751398942
Q45691252	6000000074748147994
Q45691271	6000000075503159171
Q45691281	6000000075488200845
Q45691282	6000000074748061044
Q45691288	6000000075050143406
Q45691301	6000000075503118234
Q45691311	6000000075487928019
Q45691312	6000000074748036047
Q45691331	6000000075503853825
Q45691340	6000000075488109900
Q45691341	6000000074748260924
Q45691361	6000000075503446127
Q45691368	6000000074748190969
Q45691369	6000000075488007949
Q45691390	6000000075606433948
Q45691397	6000000074748280883
Q45691398	6000000075488129886
Q45691418	6000000075503845829
Q45691426	6000000074748036059
Q45691447	6000000075503803858
Q45691455	6000000074747898156
Q45691458	6000000075488146873
Q45691473	6000000075508314106
Q45691483	6000000074748328876
Q45691488	6000000075486997580
Q45691506	6000000075503482023
Q45691513	6000000074748273903
Q45691516	6000000075487980927
Q45691534	6000000075503809878
Q45691542	6000000074748317864
Q45691544	6000000075487536223
Q45691562	6000000075503206230
Q45691570	6000000074747885088
Q45691573	6000000075487846079
Q45691593	6000000075503455054
Q45691600	6000000074748399823
Q45691604	6000000075488046878
Q45691627	6000000074748279894
Q45691631	6000000075487928026
Q4569165	6000000023206177525
Q45691655	6000000074748291921
Q45691658	6000000075488055862
Q45691661	6000000049902916143
Q45691662	6000000075503712872
Q45691684	6000000074747863160
Q45691687	6000000075488183867
Q45691691	6000000075503397189
Q45691696	6000000074717124967
Q45691711	6000000074748345851
Q45691714	6000000075488199848
Q45691718	6000000075503449079
Q45691722	6000000045959716852
Q45691739	6000000074747931142
Q4569174	5571558026160115591
Q45691742	6000000075487920945
Q45691747	6000000075503704955
Q45691767	6000000074747614213
Q45691771	6000000075487860046
Q45691776	6000000075503790897
Q45691791	6000000075501180827
Q45691795	6000000074747856223
Q45691799	6000000075487941005
Q45691803	6000000075503717925
Q45691821	6000000074748366839
Q45691824	6000000075488183872
Q45691829	6000000075503622023
Q45691844	6000000075607100938
Q45691848	6000000074747856212
Q45691851	6000000075488263849
Q45691856	6000000075503689974
Q45691875	6000000074747955102
Q45691879	6000000075488248843
Q45691884	6000000075503196285
Q45691903	6000000074748231989
Q45691908	6000000075488254880
Q45691913	6000000075503717942
Q45691939	6000000075488211875
Q45691940	6000000075502715430
Q45691956	6000000074748434025
Q45691965	6000000075487860051
Q45691967	6000000075502129817
Q45691982	6000000074748687834
Q45691993	6000000075487899025
Q45691994	6000000075503691990
Q45692009	6000000074748181135
Q45692021	6000000075488068919
Q45692022	6000000075503720940
Q45692037	6000000074748479023
Q45692048	6000000075487618113
Q4569205	6000000018988353178
Q45692064	6000000074748605886
Q45692076	6000000075487995022
Q45692081	6000000075503347087
Q45692092	6000000075606372058
Q45692093	6000000074748625903
Q45692104	6000000075488273830
Q45692121	6000000074748479027
Q45692131	6000000075488139943
Q45692136	6000000075503705929
Q45692149	6000000074748300162
Q45692159	6000000075590455409
Q45692177	6000000074748603901
Q45692189	6000000075488283852
Q45692190	6000000009766015738
Q45692193	6000000075503464110
Q456922	6000000007399323138
Q45692206	6000000074748665849
Q45692216	6000000075488260845
Q45692234	6000000074748121312
Q45692246	6000000075488181883
Q45692249	6000000075503528049
Q45692263	6000000074748629935
Q45692276	6000000075487953977
Q45692277	6000000075503426184
Q45692290	6000000074748400924
Q45692305	6000000075488275836
Q45692317	6000000074748599910
Q45692332	6000000075488137888
Q45692333	6000000075503673918
Q45692344	6000000074748637899
Q45692345	6000000074735061851
Q45692360	6000000075503879824
Q45692361	6000000075488124892
Q45692373	6000000074748615916
Q45692374	6000000074733390552
Q45692388	6000000075503482032
Q45692391	6000000075487911022
Q456924	6000000051218311033
Q45692401	6000000074748717826
Q45692414	6000000075503843858
Q45692416	6000000075487714197
Q45692428	6000000074748533948
Q45692431	6000000074733687821
Q45692442	6000000075605035708
Q45692444	6000000075487984999
Q45692452	6000000075507658864
Q45692456	6000000074748603909
Q45692459	6000000074733559885
Q45692470	6000000075503022291
Q45692472	6000000075486622714
Q45692484	6000000074748121339
Q45692487	6000000074733615853
Q45692499	6000000075606434914
Q45692500	6000000075487465328
Q45692512	6000000074748687847
Q45692516	6000000074732948157
Q45692527	6000000075503716979
Q45692529	6000000075487925959
Q45692540	6000000074748695842
Q45692549	6000000074733556866
Q45692555	6000000075503703933
Q45692556	6000000074728139831
Q45692568	6000000074748186190
Q45692577	6000000074733591845
Q45692583	6000000075503571992
Q45692595	6000000074748576933
Q45692605	6000000074733137032
Q45692610	6000000075606292054
Q45692611	6000000075488153920
Q45692623	6000000074748588994
Q45692631	6000000074733420000
Q45692637	6000000075503418082
Q45692638	6000000075487982970
Q45692651	6000000074748518036
Q45692660	6000000074732161468
Q45692665	6000000075488130941
Q45692673	6000000075503629984
Q45692681	6000000074732129219
Q45692685	6000000074735031886
Q45692688	6000000074733300005
Q4569269	6000000013185482152
Q45692693	6000000075487895001
Q45692701	6000000075503687962
Q45692708	6000000074732735962
Q45692716	6000000074733397964
Q45692721	6000000075488034006
Q45692729	6000000075606696848
Q45692736	6000000074732515028
Q45692744	6000000074733398989
Q45692749	6000000075487503237
Q45692757	6000000075503884828
Q45692763	6000000074732389089
Q45692772	6000000074732463251
Q45692777	6000000075488173915
Q45692784	6000000075503639984
Q45692791	6000000074732570053
Q45692802	6000000074733581904
Q45692806	6000000075486773556
Q45692813	6000000075606466981
Q45692830	6000000074733711822
Q45692834	6000000075488226850
Q45692846	6000000074732607017
Q45692849	6000000075503495201
Q45692858	6000000074733514895
Q45692862	6000000075488253892
Q45692874	6000000074732963865
Q45692878	6000000075503767906
Q45692886	6000000074733291001
Q45692894	6000000075488337847
Q45692902	6000000074733024824
Q45692914	6000000074733136099
Q45692928	6000000075487982987
Q45692931	6000000074732615075
Q45692941	6000000074732996204
Q45692942	6000000075503495195
Q45692956	6000000074792082181
Q45692969	6000000074733228062
Q45692978	6000000011325508534
Q45692983	6000000074747484949
Q45692987	6000000074732597154
Q45692998	6000000074733273980
Q456930	6000000013092764909
Q45693007	6000000075503629989
Q45693012	6000000075488275867
Q45693015	6000000074732995838
Q4569302	6000000041898872056
Q45693025	6000000074733389995
Q45693037	6000000075606699869
Q45693042	6000000074745678890
Q45693043	6000000074732935855
Q45693053	6000000074733137037
Q45693069	6000000075488297853
Q45693070	6000000074732484058
Q45693083	6000000074733575869
Q45693096	6000000075488389822
Q45693097	6000000074732712962
Q45693112	6000000074733705821
Q45693124	6000000075487998014
Q45693125	6000000074732967842
Q45693127	6000000075503700974
Q45693139	6000000074733367939
Q45693152	6000000075488200890
Q45693153	6000000074732570059
Q45693154	6000000013117545372
Q45693166	6000000074733680830
Q45693182	6000000074732966862
Q45693183	6000000011325547512
Q45693210	6000000075488301833
Q45693212	6000000075503809972
Q45693237	6000000075488372849
Q45693239	6000000075503685927
Q45693266	6000000075488246881
Q45693267	6000000075503362086
Q45693295	6000000075486717643
Q45693296	6000000075503805867
Q45693322	6000000075503689985
Q45693323	6000000075488410822
Q45693348	6000000075503607004
Q45693377	6000000075503914834
Q45693386	6000000075488109944
Q45693407	6000000075503202304
Q45693415	6000000074710644857
Q45693441	6000000075488205973
Q45693445	6000000075503180293
Q45693460	6000000074785625991
Q45693468	6000000075488008042
Q45693489	6000000074785726875
Q45693497	6000000075487503284
Q45693501	6000000075502164739
Q45693520	6000000074785355170
Q45693525	6000000075488200918
Q45693529	6000000075503583059
Q45693533	6000000075060607837
Q45693547	6000000074785789865
Q45693553	6000000075488276965
Q45693557	6000000075503727954
Q45693577	6000000074785417147
Q45693581	6000000075488060995
Q45693584	6000000075503196329
Q45693604	6000000074785393175
Q45693609	6000000075488270878
Q45693610	6000000075606714915
Q4569362	6000000006128111121
Q45693631	6000000074785571981
Q45693636	6000000075488425834
Q45693637	6000000075502919482
Q45693659	6000000074785657967
Q45693664	6000000075488417854
Q45693665	6000000075503237231
Q45693676	6000000019170001022
Q45693688	6000000074785748860
Q45693693	6000000075503449104
Q45693697	6000000075488324906
Q45693715	6000000074785834821
Q45693720	6000000075503840844
Q45693723	6000000075487918988
Q45693743	6000000074785756913
Q45693747	6000000075606868821
Q45693751	6000000075488225920
Q45693772	6000000074785419194
Q45693776	6000000075503734957
Q45693780	6000000075487823113
Q45693799	6000000074785498134
Q45693803	6000000075503410052
Q45693807	6000000075488310868
Q45693817	6000000044612496914
Q45693826	6000000074785236260
Q45693832	6000000075503393180
Q45693835	6000000074792607896
Q45693854	6000000074785626958
Q45693862	6000000075487835191
Q45693884	6000000074785556022
Q45693886	6000000075606998882
Q45693890	6000000075487470254
Q45693912	6000000074785810871
Q45693914	6000000075605035759
Q45693918	6000000075488048032
Q45693937	6000000074785566044
Q45693939	6000000075503900842
Q45693944	6000000075487491290
Q45693966	6000000074785817855
Q45693968	6000000075503183210
Q45693973	6000000075488051950
Q45693993	6000000074785610033
Q45693996	6000000075503673983
Q45694002	6000000075488065013
Q45694003	6000000074710971848
Q45694021	6000000074785842840
Q45694023	6000000075503782913
Q45694029	6000000075488088082
Q45694049	6000000074785556033
Q45694051	6000000075503912862
Q45694057	6000000075487899110
Q45694078	6000000074785856821
Q45694079	6000000075503419161
Q45694084	6000000075488150002
Q45694093	6000000186601174895
Q45694105	6000000074785348319
Q45694106	6000000075503247264
Q45694113	6000000075488391855
Q45694132	6000000074785797913
Q45694133	6000000075503766882
Q45694139	6000000075488461827
Q45694158	6000000074785687964
Q45694159	6000000075502413639
Q45694166	6000000075488465826
Q45694186	6000000074785440172
Q45694187	6000000075503118261
Q45694192	6000000075487470271
Q45694212	6000000074785840844
Q45694213	6000000075503259227
Q45694219	6000000075488467824
Q45694238	6000000074785432239
Q45694239	6000000075503897836
Q45694245	6000000046845848833
Q45694265	6000000074785521054
Q45694266	6000000075503311162
Q45694273	6000000075486867636
Q45694291	6000000074785239380
Q45694292	6000000075606632972
Q45694299	6000000075488277895
Q45694317	6000000074785817908
Q45694328	6000000075488109996
Q45694344	6000000074785889821
Q45694347	6000000075606901822
Q45694355	6000000075487823150
Q45694373	6000000074785725957
Q45694384	6000000075487765219
Q45694399	6000000074785840851
Q45694403	6000000075606662925
Q45694411	6000000075488365910
Q45694413	6000000075503247195
Q45694426	6000000074785730995
Q45694439	6000000075488199959
Q4569445	6000000012721412147
Q45694454	6000000074784811786
Q45694457	6000000075606915822
Q45694465	6000000075488471835
Q45694480	6000000074785892830
Q45694483	6000000075503699028
Q45694491	6000000075488201942
Q45694506	6000000074785880845
Q45694517	6000000074710079233
Q45694534	6000000074785626997
Q45694545	6000000075488429879
Q45694555	6000000075506475950
Q45694561	6000000074785719034
Q45694565	6000000075503932826
Q45694572	6000000075486997662
Q45694590	6000000074785065497
Q45694593	6000000075503723957
Q456946	6000000167093173873
Q45694600	6000000075488012103
Q45694629	6000000075487941124
Q45694647	6000000075503752907
Q45694654	6000000075488436873
Q45694674	6000000075502793521
Q45694682	6000000075488446836
Q45694700	6000000075503590046
Q45694708	6000000075488386869
Q45694735	6000000075487826136
Q45694736	6000000074733686840
Q45694755	6000000075503919835
Q45694764	6000000075488019113
Q45694765	6000000074733520918
Q45694789	6000000075488186982
Q45694810	6000000075503832870
Q45694818	6000000075488261907
Q45694838	6000000075503845915
Q45694845	6000000075488065035
Q45694866	6000000075503690014
Q45694873	6000000075488212910
Q45694892	6000000075502883370
Q45694894	6000000063646325868
Q45694900	6000000075487465417
Q45694919	6000000075503810013
Q45694925	6000000075488253960
Q45694946	6000000075503853911
Q45694953	6000000075488371944
Q45694973	6000000075503799910
Q45694981	6000000075486773587
Q45695000	6000000075503783904
Q45695006	6000000075488118996
Q45695027	6000000075503906844
Q45695033	6000000075488308879
Q45695041	6000000074733263007
Q45695055	6000000075606333096
Q45695060	6000000075487880210
Q45695070	6000000074732756391
Q45695083	6000000075503726993
Q45695088	6000000075488041053
Q45695096	6000000074732863246
Q45695108	6000000075502848452
Q45695121	6000000075488536822
Q45695123	6000000074733559905
Q45695135	6000000075606872896
Q45695148	6000000075488506846
Q45695150	6000000074733469927
Q45695163	6000000075503846940
Q45695176	6000000075488502833
Q45695178	6000000074733482936
Q4569518	6000000018515128960
Q45695181	6000000075426337877
Q45695194	6000000075503756999
Q45695202	6000000075486867659
Q45695204	6000000074733402981
Q45695220	6000000075503782953
Q45695229	6000000075488458854
Q45695231	6000000074733442881
Q45695248	6000000075503645045
Q45695256	6000000075488048077
Q45695259	6000000074733465006
Q45695277	6000000075503482140
Q45695283	6000000075488417887
Q45695285	6000000074733014172
Q45695300	6000000075503821914
Q45695308	6000000075488388946
Q45695310	6000000074733660881
Q45695327	6000000075503688041
Q45695335	6000000075487916225
Q45695337	6000000074733350005
Q45695353	6000000075606869879
Q45695361	6000000075488120079
Q45695363	6000000074733478926
Q45695381	6000000075503270238
Q45695389	6000000075487788244
Q45695415	6000000075488559822
Q45695432	6000000075503138307
Q45695443	6000000075488119023
Q45695462	6000000075503598153
Q45695471	6000000075488238963
Q45695489	6000000075606429219
Q45695498	6000000075488305019
Q45695516	6000000075503938839
Q45695523	6000000075488434872
Q45695543	6000000075503942881
Q45695550	6000000075488032013
Q45695570	6000000075605785352
Q45695574	6000000019169428355
Q45695577	6000000075488571822
Q45695596	6000000075503781939
Q45695604	6000000075488519873
Q45695636	6000000075488491839
Q45695653	6000000075503712033
Q45695663	6000000075488418914
Q45695679	6000000075606392990
Q45695689	6000000075488178994
Q45695714	6000000075488012140
Q45695728	6000000075503803952
Q45695740	6000000075487185551
Q45695766	6000000075488131108
Q45695781	6000000075503180314
Q45695792	6000000075488488883
Q45695801	6000000019266004895
Q45695807	6000000075503806926
Q45695817	6000000075487985151
Q45695833	6000000075503273293
Q45695847	6000000075486830763
Q45695871	6000000075488506886
Q45695884	6000000075503822970
Q45695898	6000000075488477861
Q45695925	6000000075488310955
Q45695938	6000000075503969849
Q45695952	6000000075488386944
Q45695963	6000000075503500134
Q45695978	6000000075488342945
Q45695988	6000000075505294909
Q45696003	6000000075487388510
Q45696014	6000000075505222909
Q45696034	6000000075488172078
Q45696059	6000000075488383941
Q45696063	6000000075503940856
Q45696084	6000000075487941215
Q45696089	6000000075505146988
Q45696109	6000000075488334913
Q45696110	6000000068784822821
Q45696114	6000000075503247317
Q45696137	6000000075488561835
Q45696142	6000000075503948878
Q45696163	6000000075488337994
Q45696168	6000000075607037834
Q45696188	6000000075487696209
Q45696194	6000000075503550094
Q45696216	6000000074727536046
Q45696220	6000000075505433837
Q45696245	6000000075488358972
Q45696252	6000000075503199334
Q45696269	6000000075488290024
Q45696277	6000000075606780947
Q45696295	6000000075488615848
Q45696301	6000000074734948002
Q45696320	6000000075488577877
Q45696328	6000000074735235855
Q45696330	6000000075503496200
Q45696348	6000000075487788270
Q45696355	6000000075503103363
Q45696356	6000000074734954948
Q45696374	6000000075488179034
Q456964	6000000176984641823
Q45696402	6000000075487750332
Q45696407	6000000074735151886
Q45696408	6000000075503861940
Q45696428	6000000075488644822
Q45696432	6000000074735052923
Q45696434	6000000075503956864
Q4569644	4436204576390026851
Q45696452	6000000075488475931
Q45696457	6000000074734640057
Q45696477	6000000075488638855
Q45696482	6000000074734972928
Q45696483	6000000075503061435
Q45696500	6000000075488239931
Q45696505	6000000074734892081
Q45696507	6000000075502914516
Q45696525	6000000075488552872
Q45696530	6000000074735080932
Q45696532	6000000075503638054
Q45696539	6000000075431531821
Q45696550	6000000075488204045
Q45696557	6000000074735101887
Q45696563	6000000075503170355
Q45696575	6000000075488388990
Q45696583	6000000074734418260
Q456966	6000000013613259685
Q45696600	6000000075488279995
Q45696608	6000000074734659071
Q45696616	6000000075503946863
Q45696626	6000000075488474936
Q45696634	6000000074735198859
Q45696641	6000000075606885923
Q45696652	6000000075488648821
Q4569666	6000000076411041984
Q45696660	6000000074734439276
Q45696668	6000000075503253315
Q45696686	6000000074734628056
Q45696694	6000000075502448801
Q45696706	6000000075488120136
Q45696712	6000000074734950960
Q45696722	6000000075503718085
Q45696731	6000000075488683822
Q45696737	6000000074735091914
Q45696746	6000000075503259272
Q45696755	6000000075488187039
Q45696763	6000000074735217869
Q45696772	6000000075606650032
Q45696781	6000000075488130028
Q45696788	6000000074735005985
Q45696796	6000000075503070425
Q45696810	6000000075488666835
Q45696815	6000000074735316833
Q45696823	6000000075503868897
Q45696835	6000000075488550886
Q45696841	6000000074735215871
Q45696862	6000000038045622009
Q45696866	6000000074735310828
Q45696874	6000000075504012822
Q45696888	6000000075487882185
Q45696892	6000000074734782984
Q456969	6000000156192142846
Q45696916	6000000075488590835
Q45696920	6000000074735229847
Q45696927	6000000075503165160
Q45696940	6000000075488415977
Q45696944	6000000074735105944
Q45696951	6000000075503869904
Q4569696	6000000006200223106
Q45696966	6000000075488666846
Q45696970	6000000074734328252
Q45696977	6000000075606823062
Q45696991	6000000075488465959
Q45696994	6000000074734687062
Q45697003	6000000075606942969
Q45697017	6000000075487882190
Q45697029	6000000075606778036
Q45697045	6000000074735220853
Q45697056	6000000075606891924
Q45697068	6000000075487818236
Q45697070	6000000074734329187
Q45697082	6000000075503945860
Q45697094	6000000075488204055
Q45697096	6000000074735209873
Q45697107	6000000075503939868
Q45697122	6000000075488284085
Q45697124	6000000074735087863
Q45697134	6000000075503159318
Q45697148	6000000075488723822
Q45697149	6000000074734774056
Q45697160	6000000075504009835
Q45697174	6000000075488378952
Q45697175	6000000074734853070
Q45697185	6000000075503784989
Q45697200	6000000075488519938
Q45697211	6000000075503170369
Q45697224	6000000075487627374
Q45697235	6000000075503607074
Q45697250	6000000075488034199
Q45697261	6000000075503689048
Q45697275	6000000075488600921
Q45697286	6000000075504279898
Q45697302	6000000075487983104
Q45697312	6000000075503889858
Q45697327	6000000075488544869
Q45697337	6000000075503998847
Q45697357	6000000075488459006
Q45697361	6000000075503855955
Q45697383	6000000075488527915
Q45697387	6000000075503933863
Q45697408	6000000075488372056
Q45697413	6000000075503671014
Q45697436	6000000075488620885
Q45697439	6000000075503270281
Q45697461	6000000075487765367
Q45697464	6000000075503440208
Q45697476	6000000074734735047
Q45697488	6000000075488744838
Q45697489	6000000075503645096
Q45697502	6000000074735105960
Q45697514	6000000075487199615
Q45697528	6000000074735211858
Q45697540	6000000075488292048
Q45697542	6000000075503113434
Q45697554	6000000074735117972
Q45697567	6000000075488637878
Q45697577	6000000074735162882
Q45697595	6000000075488200100
Q45697603	6000000074735263910
Q45697612	6000000075503692081
Q45697628	6000000074734610126
Q45697637	6000000075488693865
Q45697644	6000000075503687064
Q45697657	6000000074734994981
Q45697663	6000000075487505394
Q45697670	6000000075503118331
Q45697678	6000000075507931184
Q45697682	6000000074735220872
Q45697688	6000000075487388565
Q45697695	6000000075503625139
Q45697708	6000000074735330854
Q45697714	6000000075487185650
Q45697721	6000000075503743010
Q45697733	6000000074735291876
Q45697739	6000000075488200108
Q45697759	6000000074735316848
Q45697764	6000000075488478956
Q45697773	6000000075503553154
Q45697783	6000000074733815534
Q45697789	6000000075488480985
Q45697799	6000000075606999934
Q45697809	6000000074733815538
Q45697815	6000000075488130168
Q45697824	6000000075503621078
Q45697833	6000000074735411833
Q45697839	6000000075488577065
Q45697849	6000000075503495251
Q45697859	6000000074735206922
Q45697865	6000000075488677947
Q45697869	6000000075606739859
Q45697885	6000000074734735066
Q45697892	6000000075488569991
Q45697901	6000000075607145839
Q45697911	6000000074734348300
Q45697917	6000000075487925289
Q45697928	6000000075503952891
Q45697937	6000000074735407850
Q45697943	6000000075488883875
Q45697952	6000000075502413734
Q4569796	6000000011513610244
Q45697962	6000000074734928995
Q45697972	6000000075488849873
Q45697978	6000000075503113468
Q45697997	6000000075488597975
Q4569801	6000000018436194809
Q45698011	6000000074735009101
Q45698023	6000000075488623983
Q45698030	6000000075503976880
Q45698049	6000000075488735966
Q45698056	6000000075503823972
Q45698075	6000000075488858864
Q45698084	6000000075503718046
Q45698103	6000000075488590985
Q45698110	6000000075503978912
Q45698117	6000000074735195881
Q45698129	6000000075488819902
Q45698134	6000000075503362156
Q45698153	6000000075488902858
Q45698159	6000000075503464206
Q45698180	6000000075487460661
Q45698194	6000000074735234912
Q45698200	6000000075607073852
Q45698203	6000000075405266112
Q45698206	6000000075488985832
Q4569822	6000000023253263056
Q45698220	6000000074735152896
Q45698226	6000000075504002869
Q45698233	6000000075487539617
Q45698247	6000000074735329836
Q45698252	6000000075504001876
Q45698258	6000000075488620992
Q45698272	6000000074734659128
Q45698279	6000000075502848540
Q45698286	6000000075488868903
Q45698301	6000000074734810087
Q45698306	6000000075504030833
Q45698313	6000000075488900876
Q45698323	6000000088705651050
Q45698327	6000000074735237913
Q45698332	6000000075607155846
Q45698338	6000000075489011822
Q45698351	6000000074735433822
Q45698361	6000000075488621002
Q45698376	6000000074735357850
Q45698380	6000000075503742065
Q45698388	6000000075488881900
Q45698405	6000000075503998868
Q45698414	6000000075488475166
Q45698431	6000000075607125876
Q45698439	6000000075489020828
Q45698456	6000000075503752969
Q45698465	6000000075488915939
Q45698484	6000000075503352242
Q45698519	6000000075489035834
Q45698535	6000000075503640140
Q45698537	6000000074733665863
Q45698544	6000000075488921887
Q45698562	6000000075503994871
Q45698563	6000000074733755829
Q45698569	6000000075489019838
Q45698590	6000000075606871070
Q45698591	6000000074733188097
Q45698597	6000000075488940853
Q45698610	6000000074734928978
Q45698616	6000000074733684873
Q45698622	6000000075488481120
Q45698636	6000000074734967050
Q45698640	6000000075503761038
Q45698641	6000000074733668862
Q45698647	6000000075488912936
Q45698662	6000000074735382821
Q45698667	6000000075503866034
Q45698669	6000000074733743835
Q45698675	6000000075488338272
Q45698689	6000000074734895997
Q45698693	6000000075503874957
Q45698695	6000000074733161058
Q45698700	6000000075488164199
Q45698715	6000000074734896001
Q45698719	6000000075503488144
Q45698720	6000000074733836821
Q45698727	6000000075488477136
Q45698745	6000000074733602893
Q45698752	6000000075488941858
Q45698771	6000000075504012869
Q45698773	6000000074733458952
Q45698778	6000000075489047843
Q45698797	6000000074733656872
Q45698821	6000000075606363215
Q45698823	6000000074732996241
Q45698829	6000000075488854935
Q45698846	6000000075503103406
Q45698848	6000000074733552938
Q45698855	6000000075488912942
Q45698875	6000000074733650878
Q45698883	6000000075488966887
Q45698896	6000000074735139957
Q45698899	6000000075503887943
Q45698901	6000000074733413956
Q45698907	6000000075489019861
Q45698926	6000000075607057903
Q45698928	6000000074733113154
Q45698930	6000000045915802994
Q45698934	6000000075488855965
Q45698953	6000000075503496231
Q45698955	6000000074733666886
Q45698961	6000000075488209317
Q45698981	6000000075607221843
Q45698982	6000000074733062197
Q45698988	6000000075488926919
Q45699006	6000000074732877340
Q45699013	6000000075488738044
Q45699030	6000000075605743561
Q45699032	6000000074733778835
Q45699038	6000000075488577159
Q45699055	6000000031960083015
Q45699055	6000000075607024972
Q45699062	6000000075489062853
Q45699085	6000000074733778839
Q45699092	6000000074705706126
Q45699108	6000000074732809246
Q45699115	6000000075488302232
Q45699134	6000000074733291018
Q45699135	6000000075503925940
Q45699139	6000000075488700044
Q45699160	6000000074733619926
Q45699165	6000000075488997882
Q45699188	6000000074733707838
Q45699189	6000000075503868944
Q45699193	6000000075488483095
Q45699213	6000000074733639854
Q45699214	6000000075503113495
Q45699219	6000000075488956943
Q45699239	6000000074733607901
Q45699240	6000000075502951502
Q45699244	6000000075488985926
Q45699265	6000000074732933297
Q45699266	6000000075504005859
Q45699273	6000000075489100832
Q45699293	6000000075503464240
Q45699299	6000000075488998909
Q45699318	6000000075606827158
Q45699324	6000000075488909947
Q45699343	6000000075504074849
Q45699348	6000000075489039851
Q45699355	6000000071697060029
Q45699374	6000000075488836977
Q45699395	6000000075503976911
Q45699398	6000000075489048893
Q45699418	6000000074733185134
Q45699420	6000000075607209909
Q45699423	6000000075488833946
Q45699450	6000000075489134822
Q45699473	6000000075607045996
Q45699475	6000000075489020868
Q45699498	6000000075606828046
Q45699500	6000000075488554126
Q45699522	6000000075503773077
Q45699524	6000000075489038857
Q45699546	6000000075607342834
Q45699548	6000000075489033862
Q45699574	6000000075489099860
Q4569959	6000000006347871857
Q45699599	6000000075488591049
Q45699624	6000000075489048904
Q45699638	6000000075504118829
Q45699649	6000000075489154834
Q45699664	6000000075503860980
Q45699675	6000000075489091867
Q45699700	6000000075489134848
Q45699713	6000000075607337841
Q45699726	6000000075488785071
Q45699740	6000000074735480846
Q45699752	6000000074728494836
Q45699768	6000000075504018888
Q45699777	6000000075488914001
Q45699792	6000000075503796088
Q45699804	6000000075488628016
Q45699829	6000000075489180832
Q45699842	6000000074735232939
Q45699854	6000000075489082867
Q45699879	6000000075504139821
Q45699880	6000000075488913019
Q45699893	6000000074735397894
Q45699905	6000000075489165834
Q45699918	6000000074734955012
Q45699931	6000000075503012483
Q45699932	6000000075488475293
Q45699946	6000000074735490835
Q45699958	6000000075503796092
Q45699960	6000000075488636004
Q45699984	6000000075504084847
Q45699990	6000000075488686055
Q45700009	6000000075503823103
Q45700014	6000000075488975973
Q45700034	6000000075503706077
Q45700039	6000000075489103854
Q45700060	6000000075607387833
Q45700065	6000000075488829049
Q45700091	6000000075488761001
Q457001	6000000011639242263
Q45700115	6000000075489123856
Q45700118	6000000075607041017
Q45700141	6000000075488033443
Q45700144	6000000075606806161
Q45700167	6000000075488302311
Q45700171	6000000075503489226
Q45700195	6000000075488227283
Q45700198	6000000075607208984
Q45700211	6000000075506723943
Q45700223	6000000075503701166
Q45700224	6000000075489341848
Q45700248	6000000075504111827
Q45700249	6000000075489354833
Q45700274	6000000075502946422
Q45700275	6000000075489218871
Q45700300	6000000075503978974
Q45700301	6000000075488601202
Q45700328	6000000075489355829
Q4570035	6000000058113471987
Q45700353	6000000075503070474
Q45700356	6000000075488412266
Q45700377	6000000075503976941
Q45700382	6000000075488820070
Q45700403	6000000075503810152
Q45700407	6000000075489234867
Q45700428	6000000075504160822
Q45700433	6000000075489134973
Q45700454	6000000075504025922
Q45700459	6000000075489108909
Q45700482	6000000075489077949
Q45700490	6000000075503857022
Q45700508	6000000075489318860
Q45700515	6000000075504050853
Q45700523	6000000074725533960
Q45700533	6000000075489391839
Q45700540	6000000075503925950
Q45700544	6000000075503544850
Q45700558	6000000075488885033
Q45700564	6000000075504133841
Q45700588	6000000075503761055
Q45700592	6000000075506964063
Q45700607	6000000075489413832
Q45700613	6000000075503705138
Q45700632	6000000075489391847
Q45700662	6000000075503292361
Q45700682	6000000075489051029
Q45700705	6000000075488830073
Q45700711	6000000075504173833
Q45700734	6000000075503952923
Q45700741	6000000075488913154
Q45700759	6000000075504166825
Q45700767	6000000075489185927
Q45700792	6000000075489459822
Q45700810	6000000075504143823
Q45700816	6000000075489194915
Q45700835	6000000075504194822
Q45700840	6000000075489349878
Q45700861	6000000075607244913
Q45700865	6000000075489432854
Q45700886	6000000075607423842
Q45700890	6000000075489369843
Q457009	6000000078003219993
Q45700911	6000000075504388068
Q45700915	6000000075489428836
Q45700936	6000000075606753154
Q45700940	6000000075488618161
Q45700961	6000000075606799258
Q45700964	6000000075488667157
Q45700986	6000000075606687171
Q45700990	6000000075489179047
Q457010	6000000031181985254
Q45701010	6000000075607075053
Q45701015	6000000075489192928
Q45701019	6000000074699778888
Q45701036	6000000075504173839
Q45701040	6000000075488736274
Q45701061	6000000075607448850
Q45701065	6000000075489093975
Q4570107	6000000019275841659
Q45701085	6000000075607369903
Q45701089	6000000075489416838
Q45701112	6000000075489349883
Q45701116	6000000075607299924
Q45701136	6000000075489419827
Q45701139	6000000075504139851
Q45701162	6000000075488859067
Q45701164	6000000075607183970
Q45701186	6000000075488412296
Q4570119	6000000058113449031
Q45701192	6000000075502951557
Q45701193	6000000172002926036
Q45701217	6000000075503835020
Q45701235	6000000075489524822
Q45701243	6000000075503833012
Q45701260	6000000075489251863
Q45701268	6000000075607395954
Q45701285	6000000075488577365
Q45701291	6000000075607369909
Q45701312	6000000075489488842
Q45701316	6000000075607366936
Q45701338	6000000075489434853
Q45701342	6000000075504050875
Q45701362	6000000075488727315
Q45701365	6000000075607490840
Q45701387	6000000075489228947
Q45701410	6000000075488878032
Q45701414	6000000075606950110
Q45701434	6000000075488850105
Q45701446	6000000075504101905
Q45701461	6000000075489318905
Q45701487	6000000075488227441
Q45701494	6000000075504076854
Q45701510	6000000075489544822
Q45701518	6000000075607538875
Q45701534	6000000075488793193
Q45701541	6000000075503607202
Q45701558	6000000075489114036
Q45701566	6000000075502413797
Q45701584	6000000074768605859
Q45701590	6000000075607153099
Q4570160	6000000019465630463
Q45701605	6000000075489197973
Q45701613	6000000075503202472
Q45701629	6000000075488554279
Q45701653	6000000075488605165
Q45701660	6000000075504015944
Q45701675	6000000075488466281
Q45701683	6000000075606751244
Q45701706	6000000075504200834
Q45701730	6000000075488271469
Q45701731	6000000075503630172
Q45701752	6000000075504153854
Q45701757	6000000075489569822
Q45701775	6000000075607602823
Q45701780	6000000075489412893
Q45701798	6000000075503012493
Q45701801	6000000031975555240
Q45701804	6000000075489400900
Q45701822	6000000075607418929
Q45701829	6000000075489429884
Q45701856	6000000075489407890
Q45701867	6000000075504106881
Q45701878	6000000075489246988
Q45701889	6000000075503819072
Q45701901	6000000075488591257
Q45701912	6000000075503717162
Q45701924	6000000075489147926
Q45701936	6000000075503801002
Q45701947	6000000075489562840
Q45701958	6000000075503742124
Q45701968	6000000075489495899
Q45701979	6000000075607624822
Q45701991	6000000075488793239
Q457020	6000000076938882179
Q45702002	6000000075607616826
Q45702007	6000000075508477026
Q45702012	6000000075489562857
Q45702021	6000000074784767045
Q45702023	6000000075504113875
Q45702035	6000000075489246995
Q45702062	6000000075488877085
Q45702075	6000000075504003968
Q4570208	6000000015665196014
Q45702085	6000000075489592825
Q45702109	6000000075489183056
Q45702121	6000000075503765094
Q45702131	6000000075489105050
Q45702143	6000000075503861012
Q45702154	6000000075489597833
Q45702168	6000000075607577858
Q45702179	6000000075489161043
Q45702191	6000000075504159836
Q45702200	6000000075489546849
Q45702213	6000000074792140266
Q45702225	6000000075489560850
Q45702235	6000000074792355221
Q45702248	6000000075489390937
Q45702258	6000000075606736201
Q45702269	6000000075489455870
Q45702282	6000000075607628847
Q45702292	6000000075488782284
Q45702302	6000000075610496856
Q45702314	6000000075489363977
Q45702319	6000000075426239067
Q45702325	6000000075610085114
Q45702338	6000000075489635834
Q45702348	6000000075610418937
Q45702371	6000000075503961955
Q45702392	6000000075610247998
Q45702395	6000000075508827900
Q45702405	6000000075488728230
Q45702413	6000000075504140889
Q45702427	6000000075489525899
Q45702435	6000000075610457903
Q45702450	6000000075488529300
Q45702459	6000000075503931967
Q4570246	6000000009512396366
Q45702475	6000000075489674822
Q45702498	6000000075489490916
Q45702508	6000000075503070494
Q45702520	6000000075489160063
Q45702572	6000000074769526062
Q45702592	6000000049695306046
Q45702634	6000000075610342940
Q45702677	6000000075610346973
Q45702698	6000000075610410940
Q45702719	6000000075503499210
Q45702740	6000000075610277994
Q45702760	6000000075610562867
Q45702789	6000000075504135890
Q45702810	6000000075610464940
Q4570282	6000000016160710027
Q45702831	6000000075504102856
Q4570285	1231924
Q45702853	6000000075610515877
Q45702876	6000000075504216826
Q45702888	6000000020989424196
Q45702899	6000000075503447250
Q45702951	6000000075504194881
Q45702999	6000000075503352289
Q4570302	6000000014452743737
Q45703021	6000000075504108862
Q45703042	6000000075503625181
Q45703063	6000000075504237822
Q45703084	6000000075503706165
Q45703104	6000000075504116887
Q45703126	6000000075504219863
Q4570313	6000000003353348972
Q45703147	6000000075504231837
Q45703169	6000000075504115901
Q45703190	6000000075504120880
Q45703212	6000000075504147862
Q45703234	6000000075610252011
Q45703255	6000000075503761094
Q45703277	6000000075504050922
Q45703300	6000000075503992967
Q45703322	6000000075610449974
Q45703342	6000000075504174859
Q45703366	6000000075503488236
Q45703388	6000000075504220835
Q45703408	6000000075503810198
Q45703430	6000000075502865645
Q45703431	6000000020989594163
Q45703453	6000000075504221870
Q45703454	6000000020989515876
Q45703475	6000000075504043960
Q45703500	6000000024998439604
Q45703506	6000000075614861056
Q45703521	6000000075610464003
Q45703544	6000000075610637839
Q45703566	6000000075503987981
Q45703598	6000000075504259822
Q45703616	6000000075504260822
Q45703646	6000000075610088235
Q45703668	6000000075610700844
Q45703687	6000000075610095251
Q45703690	6000000075504099898
Q45703713	6000000075503801033
Q45703733	6000000075504239842
Q45703756	6000000075504266822
Q45703777	6000000075504206847
Q45703784	6000000013052330714
Q45703798	6000000075504257834
Q45703820	6000000075504012957
Q45703840	6000000075504167875
Q45703863	6000000075504189860
Q45703884	6000000075504100967
Q45703905	6000000075609757363
Q45703926	6000000075503449351
Q45703972	6000000075503841069
Q45703993	6000000075504032919
Q45704014	6000000075610567975
Q45704021	6000000029164305841
Q45704037	6000000075503781062
Q45704060	6000000075610415970
Q45704083	6000000075610232144
Q45704103	6000000075504281822
Q45704126	6000000075610676869
Q45704154	6000000075504021983
Q45704177	6000000075504175930
Q45704197	6000000075503810237
Q45704219	6000000075503170460
Q45704241	6000000075610366999
Q45704262	6000000075610409970
Q45704283	6000000075504156902
Q45704347	6000000075503757203
Q45704367	6000000075503833064
Q45704390	6000000075503595838
Q45704412	6000000075504274841
Q45704431	6000000075504250848
Q45704452	6000000075504096935
Q45704470	6000000074788009974
Q45704471	6000000000250700022
Q45704473	6000000075504250865
Q45704513	6000000075504188845
Q45704533	6000000075504219882
Q45704553	6000000075503987996
Q45704573	6000000045959372146
Q45704573	6000000075504056997
Q45704621	6000000075503715261
Q45704641	6000000075503988001
Q45704661	6000000075610343059
Q45704683	6000000075503727215
Q45704702	6000000075504132936
Q45704712	6000000075486134836
Q45704722	6000000075504131900
Q45704741	6000000075504184878
Q45704750	6000000049127325886
Q45704761	6000000075610629887
Q45704785	6000000046150212048
Q45704821	6000000075610687876
Q45704843	6000000075504238841
Q45704863	6000000075610471987
Q45704885	6000000075504272853
Q45704904	6000000075610669893
Q45704923	6000000074692277838
Q45704932	6000000075610693897
Q45704936	6000000002692358723
Q45704950	6000000075504013002
Q45704969	6000000075504036950
Q45704989	6000000075504231871
Q45705007	6000000075504295865
Q45705025	6000000075504239879
Q45705043	6000000075504053890
Q45705063	6000000075503562364
Q45705081	6000000075504242906
Q45705100	6000000075504113931
Q45705118	6000000075504094956
Q45705138	6000000075504254875
Q45705160	6000000075610695863
Q45705215	6000000024999410966
Q4570547	6000000011778124681
Q45705649	6000000074746452021
Q4570567	6000000004124402553
Q45705686	6000000075429564084
Q45705706	6000000075485941821
Q4570588	6000000071269100852
Q45705913	6000000031524710514
Q45706112	6000000074699501012
Q4570627	6000000083217194802
Q4570646	6000000030020081698
Q45706807	6000000012663653363
Q457069	6000000021438464418
Q457072	6000000002463971898
Q4570723	6000000000032500739
Q4570742	6000000026756284093
Q45707642	6000000176831276891
Q45707732	6000000037112527728
Q45707759	6000000074727011165
Q45707777	6000000074727174934
Q457079	6000000006959687347
Q457088	6000000017689247546
Q45709039	6000000075555820323
Q457092	6000000056282130887
Q4570928	6000000012674872685
Q4570942	6000000007098508159
Q45709455	6000000031524969903
Q45709617	6000000075404808836
Q45709698	6000000075425671934
Q45709798	6000000075404595950
Q45709814	6000000075345556837
Q45709819	6000000049856468020
Q45710100	6000000050813105003
Q4571037	6000000163740598989
Q4571088	6000000014691460249
Q4571187	6000000002553436732
Q457134	6000000018874804212
Q4571437	6000000020756512068
Q4571458	6000000017107856069
Q457149	6000000000672176374
Q4571506	6000000000113839270
Q4571518	6000000002256103271
Q457162	6000000022762659702
Q457165	6000000045631853883
Q4571651	6000000019493503969
Q4571729	6000000008895017294
Q4571742	6000000005607119275
Q457175	6000000022201992481
Q4571889	6000000002856003991
Q4572034	6000000010953337252
Q457211	6000000000154021198
Q457214	6000000039935318669
Q4572167	6000000011359267574
Q45721689	6000000016937787089
Q4572180	6000000178026752830
Q4572278	6000000022640734125
Q457229	6000000006886017287
Q45723439	6000000172263356188
Q45724292	6000000071162929821
Q457243	6000000040239976131
Q457244	6000000011530297299
Q45725064	6000000049896230065
Q4572564	6000000050000009914
Q4572575	6000000033513680933
Q4572595	6000000019386567171
Q4572604	6000000011322109883
Q4572643	6000000009551705130
Q4572689	6000000000855528756
Q457269	6000000029758018604
Q4572726	6000000067289298832
Q457286	6000000024294159231
Q457287	6000000084528601902
Q457293	6000000027856511833
Q4572976	6000000003508060226
Q4572986	6000000014263245275
Q4572999	6000000022290566540
Q4573	6000000015295452439
Q4573025	6000000010059626029
Q4573037	1389244
Q457306	6000000010342332480
Q4573105	6000000014840702877
Q457316	6000000006597040203
Q4573172	6000000017206968169
Q457321	6000000035525739607
Q45732393	6000000017999111959
Q457339	6000000007481008797
Q4573438	6000000153913406822
Q4573469	6000000011182951904
Q4573539	6000000074992572903
Q4573574	6000000021625902698
Q457369	6000000003340231324
Q457370	6000000039231974951
Q4573719	6000000045915341897
Q45737930	6000000013072630218
Q4573835	6000000005012930044
Q4573854	6000000019081409059
Q45739071	6000000013112997575
Q457398	6000000006972709529
Q4574062	6000000002325793438
Q45740873	6000000021002902986
Q4574099	6000000006127534881
Q457413	6000000016458542272
Q4574180	6000000022754738237
Q4574188	6000000022783195227
Q457421	6000000027060873186
Q4574253	6000000006829016478
Q4574271	6000000020010570601
Q4574297	6000000019216941435
Q457432	6000000020360465266
Q4574366	6000000018976668325
Q4574399	6000000020437154149
Q4574418	6000000011150591775
Q457445	6000000046715412916
Q4574456	6000000019993126213
Q45744585	6000000024373506950
Q4574538	6000000020731505490
Q457455	6000000020038078162
Q457458	6000000032972587953
Q4574597	6000000014146243014
Q4574624	6000000001046403423
Q45746287	6000000078472877924
Q4574648	6000000016204372817
Q4574700	6000000011506322283
Q4574711	6000000009540343514
Q4574813	6000000029589810141
Q4574887	6000000017080118107
Q4574902	6000000021732854749
Q4574909	6000000016167591920
Q4574929	6000000022175067452
Q4574961	6000000014687001341
Q457497	6000000000092915689
Q4575006	6000000007549206263
Q4575025	6000000011316286778
Q457517	6000000017212047547
Q4575364	6000000008642212633
Q45753681	6000000009475131719
Q457544	6000000069800523842
Q4575451	6000000003362637515
Q4575489	6000000084591796823
Q4575499	6000000004248425471
Q457553	6000000007283504926
Q457555	6000000041620416747
Q457562	323956046550002713
Q457565	6000000206288593834
Q4575674	6000000003664529186
Q457568	6000000166394250847
Q4575795	6000000020880502276
Q4575814	6000000010792884047
Q4575835	6000000011126165356
Q4575859	6000000015190253456
Q4575881	6000000006127564512
Q4575914	6000000019264911557
Q4575937	6000000029202388256
Q4575975	6000000098675074855
Q45760977	6000000012599335624
Q45761712	6000000000442866149
Q45762206	6000000059512683830
Q4576229	6000000002834938545
Q4576293	6000000021745071872
Q4576356	6000000182202322852
Q4576363	6000000016744870765
Q45764497	6000000015518108001
Q457649	6000000051326549095
Q45765	6000000010758821057
Q4576503	6000000013184850497
Q457657	6000000018715438033
Q457661	6000000040003552795
Q457663	6000000039639290783
Q45768518	6000000163823041903
Q457691	6000000035560626297
Q45769608	6000000163415150204
Q457702	6000000014607486768
Q4577047	6000000042216455025
Q457706	6000000007460751352
Q4577095	6000000011453347555
Q4577109	6000000015019022137
Q457711	6000000018106989963
Q4577232	6000000114025440821
Q457739	6000000026232569640
Q4577445	6000000011516549624
Q4577449	6000000037403364107
Q457755	6000000005219734454
Q45776409	6000000000046992826
Q457780	6000000002373296293
Q457781	5410338860080056522
Q457786	6000000038075728995
Q4577861	6000000028854228988
Q4577892	6000000040957067216
Q4577988	6000000004232278575
Q4578045	6000000036228798978
Q4578084	6000000003353150455
Q4578112	6000000031615115133
Q457815	6000000102092379821
Q457818	6000000145342039956
Q457824	6000000078591841515
Q4578390	6000000018947581881
Q457840	6000000000791166188
Q4578430	6000000003654358017
Q45785	6000000013343836775
Q457856	5036305132430117110
Q457864	6000000033891859911
Q457868	6000000016623768332
Q4578795	6000000016923009476
Q4578795	6000000022629361078
Q4578806	6000000003399586586
Q457881	6000000030022962048
Q4578814	6000000078152386188
Q4578832	6000000014230047821
Q4578849	6000000008869703759
Q4578850	6000000033547010029
Q4578868	6000000011125592578
Q4578887	6000000027724255032
Q4578955	6000000093972724015
Q4578956	5385565101690107558
Q4579013	6000000001499022938
Q4579023	6000000004092563662
Q4579047	6000000023251002857
Q4579050	6000000016334125452
Q4579090	6000000007464365206
Q4579131	6000000002739518702
Q4579142	6000000022818619321
Q4579251	6000000022940881973
Q4579325	6000000225776538839
Q4579371	6000000011121287890
Q4579461	6000000110651784926
Q4579511	6000000029676176821
Q4579525	6000000124711490905
Q4579540	6000000186180268588
Q4579561	307133957120005714
Q4579585	6000000151400011970
Q45796	6000000097835767072
Q4579613	6000000018529786919
Q457963	6000000116955637901
Q4579644	6000000034806872160
Q4579665	6000000017866829424
Q457972	6000000074747628949
Q4579723	6000000006888517192
Q4579731	6000000009386125472
Q4579757	6000000032136538409
Q4579773	6000000025099121509
Q4579838	6000000024293699194
Q457985	6000000182748713834
Q4579877	6000000016757295781
Q457993	379227651040012459
Q4579931	6000000012807759314
Q4579932	6000000014148241351
Q4579951	6000000016164827058
Q457999	6000000001731070033
Q4579994	6000000015179666514
Q4580031	6000000025359726099
Q4580053	6000000012654845418
Q4580069	4989663371040100855
Q4580085	6000000006127550017
Q4580093	6000000006426231229
Q4580114	6000000004611860019
Q458013	6000000008351906794
Q4580130	6000000008888471238
Q458017	6000000032210741331
Q4580209	6000000014331574235
Q458023	6000000010065802963
Q4580233	6000000010650884491
Q4580251	6000000055544101841
Q4580302	6000000014923944517
Q4580325	6000000025390866191
Q4580342	6000000018044390443
Q458036	6000000012839610404
Q4580410	6000000029939750093
Q4580437	6000000009269438634
Q4580454	6000000002619696910
Q458049	4438570067310031942
Q4580535	6000000004837839339
Q458055	6000000028071329572
Q4580595	6000000001808597360
Q458060	6000000002188416745
Q458061	6000000034733567821
Q458064	6000000166012673866
Q458066	5293590309700030271
Q4580683	6000000008379749102
Q4580714	6000000009363108744
Q458073	6000000124281308936
Q4580790	6000000006420348799
Q4580800	6000000010748829626
Q4580829	6000000018881139472
Q4580849	5645335784260037789
Q4580856	6000000015982384636
Q4580868	6000000103674346087
Q4580904	6000000002660332308
Q4580910	5008545340090086554
Q4580920	6000000034563038142
Q45809213	6000000013581726698
Q458096	6000000017407047538
Q4580969	4608380359700127056
Q45809787	6000000092075452830
Q4581080	6000000013939484859
Q4581125	6000000001862188396
Q4581133	6000000011646992337
Q458114	6000000009670574720
Q4581178	6000000011767521106
Q4581225	6000000021208744587
Q4581296	6000000041113022874
Q458135	6000000002173938193
Q4581437	6000000022407898127
Q4581507	6000000060782788870
Q4581517	6000000020652042602
Q4581525	6000000009448776547
Q458154	6000000018687087144
Q4581563	6000000015588895303
Q458158	6000000006097812187
Q4581583	6000000013966239467
Q4581616	6000000020626855559
Q4581679	6000000007031658746
Q4581680	6000000016489522455
Q4581706	6000000002298547096
Q4581746	6000000023268232070
Q458175	6000000003162801996
Q4581777	6000000092353787821
Q458178	6000000075337323869
Q4581819	6000000002277532327
Q458182	6000000013600560242
Q4581830	6000000015826087325
Q4581849	6000000006339175047
Q458186	4763680694730080286
Q4582032	6000000008326654403
Q4582071	6000000015030032768
Q4582085	6000000058012078104
Q458213	6000000041929890100
Q4582180	6000000017314649604
Q4582210	6000000006110565109
Q4582242	6000000009255003201
Q458228	6000000042585710369
Q4582323	6000000172104359899
Q458235	6000000006795900576
Q4582377	6000000000113843417
Q458241	6000000015431731581
Q4582415	6000000025846822428
Q4582424	6000000012544522209
Q45824324	6000000037903776482
Q45824366	6000000010372296863
Q458245	6000000003736941924
Q4582459	6000000050170595848
Q458246	6000000021617472744
Q45824654	6000000179025430832
Q458247	6000000026025730226
Q4582563	6000000025765061012
Q4582570	6000000013893818814
Q45825736	6000000070986498138
Q45825746	6000000133230715821
Q45825772	6000000133231058822
Q4582580	6000000011453800479
Q458261	6000000027948574084
Q4582625	6000000008331433593
Q4582683	6000000010070580939
Q4582704	6000000015232010719
Q4582744	6000000009146358553
Q4582754	6000000089965738971
Q4582775	6000000179372713823
Q458281	6000000014874482507
Q4582818	6000000016938360259
Q4582853	6000000019816631125
Q4582857	6000000001232417600
Q45828597	6000000024679626566
Q458286	6000000002977372793
Q4582881	6000000015695759873
Q4582891	6000000009765396037
Q4582896	6000000020351332420
Q4582991	6000000009306852375
Q4583	6000000008871678350
Q45830	6000000045481793837
Q4583001	6000000050687381870
Q458302	6000000009655934545
Q45830567	6000000049629973850
Q4583075	6000000014690594278
Q45831508	6000000004966046499
Q458322	6000000002957254345
Q4583233	6000000017853591067
Q4583263	6000000031322515922
Q4583273	6000000035090459698
Q4583349	6000000019914160845
Q458336	6000000177879810922
Q4583370	6000000038335276365
Q45835153	6000000094192679906
Q4583523	5383942478690080961
Q45835690	6000000008965960070
Q458358	4259319881410126726
Q458372	6000000001856063552
Q4583769	6000000003510794175
Q4583780	6000000012282409228
Q45838	6000000006427914579
Q4583808	6000000084892311057
Q4583816	6000000002893814032
Q4583825	6000000019060315795
Q4583841	6000000014734674554
Q4583870	6000000005441808052
Q458390	6000000000881382297
Q458399	6000000116418238946
Q458403	6000000016456130750
Q45841195	6000000006265066426
Q4584196	6000000168909828002
Q4584228	6000000007585091202
Q45843260	6000000026077482823
Q4584347	6000000018941002216
Q4584368	6000000008888464827
Q45843853	6000000082830274045
Q45844089	6000000003128889678
Q458441	6000000009659846324
Q45844312	6000000011499291870
Q4584477	4606042
Q4584505	6000000013539005153
Q458453	6000000042515826416
Q45845371	6000000006568116056
Q458458	6000000012330484564
Q4584617	6000000127598071875
Q4584631	5372522580320105542
Q458464	6000000017606351610
Q4584647	6000000076830228345
Q45846694	6000000007159033469
Q458469	6000000015119237716
Q4584711	6000000012304236894
Q4584740	6000000035897456106
Q4584763	6000000004648500483
Q458477	6000000070392762942
Q4584815	6000000011207380622
Q4584829	6000000013692939603
Q45848426	6000000008516811593
Q4584854	6000000029624485852
Q4584894	6000000092918084829
Q458492	6000000038948542232
Q458495	6000000014629068643
Q4585090	6000000014157134519
Q4585109	6000000019285361533
Q4585131	6000000000154430740
Q4585142	6000000017661875036
Q4585159	6000000017041737615
Q4585162	6000000007606048467
Q4585168	6000000029456827620
Q4585213	6000000007613607215
Q4585238	6000000010152974038
Q4585248	6000000043284815919
Q4585255	6000000035063862521
Q4585272	6000000141073484833
Q4585320	6000000023743870109
Q4585376	6000000001225122056
Q4585386	6000000077856401056
Q4585404	6000000007691257428
Q4585504	6000000004159334240
Q4585515	6000000041141773147
Q4585518	6000000001633703223
Q4585533	6000000178694577844
Q4585579	6000000080705682939
Q4585617	4654138417190125083
Q458565	6000000006127621739
Q4585669	6000000014947755017
Q4585690	6000000065291349821
Q4585759	6000000011643762306
Q4585794	6000000014419239920
Q4585849	6000000000175255074
Q458589	6000000173853689882
Q45859	6000000001599858347
Q4585933	6000000020072395508
Q4585958	6000000010310202953
Q4585965	6000000024302485257
Q4585977	6000000014419108999
Q4585987	6000000060273999845
Q4586004	6000000019582837071
Q4586030	6000000069981260863
Q4586055	6000000081054026879
Q458608	6000000018247562758
Q458610	6000000080100320538
Q4586130	6000000035704727286
Q4586138	6000000004159085388
Q458618	6000000083210201851
Q4586311	6000000007721790586
Q4586331	6000000011504537708
Q4586342	6000000002893302733
Q458638	6000000023851778584
Q4586391	6000000002823437299
Q45864	6000000072409182945
Q4586402	6000000005615622429
Q4586449	6000000171690192549
Q4586482	6000000091542904909
Q458650	6000000003549278861
Q458653	5405229351130071620
Q458658	6000000000629554702
Q4586586	6000000011784235103
Q458668	6000000134061462047
Q458677	6000000025905950270
Q458686	6000000006348729149
Q4586868	6000000006994745476
Q4586880	6000000003567097622
Q4586916	6000000062596046975
Q458696	6000000020059172087
Q4586975	6000000011412100383
Q4586977	6000000172255538191
Q4586994	6000000010238509473
Q45870	6000000010444291580
Q4587004	6000000013519426257
Q4587078	6000000000650559596
Q4587113	6000000014833740036
Q458712	6000000000886325883
Q458726	6000000016715131976
Q458730	6000000006729029139
Q4587315	6000000014207547547
Q4587326	6000000018105252576
Q458733	353293587740013083
Q4587338	6000000006804907115
Q458734	6000000014613504302
Q458736	6000000016482537223
Q4587418	6000000008934591176
Q4587419	6000000096515352925
Q4587518	6000000011823715673
Q458752	6000000002836764369
Q4587567	6000000011529825165
Q4587571	6000000065345077851
Q4587580	6000000014346925989
Q4587623	6000000000672104527
Q4587631	6000000000527045163
Q4587713	6000000077998407261
Q4587729	6000000018881605807
Q458783	6000000024997835140
Q4587846	6000000018226254482
Q4587885	6000000012567949389
Q4587913	6000000019819070783
Q4587999	6000000014130899672
Q458801	6000000008708744937
Q4588027	6000000014522349511
Q4588033	6000000038336577086
Q4588113	6000000010839378877
Q458816	6000000081938436821
Q458817	6000000014043318847
Q458822	6000000019324968199
Q4588221	6000000006926524121
Q4588232	6000000011552990853
Q4588270	6000000027896172261
Q458833	6000000065067981972
Q4588352	6000000059713929865
Q4588462	6000000007980656405
Q4588506	6000000007549206699
Q4588552	3025273
Q4588564	4941172420970037922
Q4588577	6000000008869830304
Q458870	6000000008230774637
Q458874	6000000011870415538
Q4588779	6000000006434736473
Q4588782	4759853873040030644
Q4588794	6000000029556890874
Q4588810	6000000013838301204
Q4588818	6000000012444361167
Q4588819	6000000008933267071
Q4588867	6000000011311604259
Q458891	6000000061911664965
Q4588927	6000000008482070456
Q4588957	6000000000652600879
Q4588965	6000000000793868005
Q4588976	6000000105539099887
Q458901	6000000182105265879
Q4589014	6000000011459299305
Q4589060	6000000006861392266
Q4589078	6000000013505426139
Q4589128	6000000014286483250
Q4589139	6000000016718847259
Q4589221	6000000018545600506
Q45892321	6000000011536408881
Q4589280	6000000014291633030
Q4589301	6000000008798043641
Q458945	6000000027723943920
Q45896660	6000000013292565281
Q458975	6000000002188456327
Q45898365	6000000044719892002
Q458984	6000000109843827075
Q45899048	6000000063635190030
Q45899074	6000000035895085732
Q4589920	6000000023293393136
Q458994	6000000004023869923
Q458995	6000000017212825006
Q45899750	6000000009726779703
Q45901113	6000000105765907884
Q45901682	6000000002802960217
Q4590270	6000000009411909275
Q459030	6000000015207932746
Q45903003	6000000009663841883
Q459032	6000000009946962413
Q45904003	6000000002513136771
Q45904805	6000000018556512338
Q4590506	6000000001827614321
Q459055	6000000009569728714
Q4590559	6000000009291783223
Q459059	6000000013321528769
Q4590600	6000000043594029879
Q4590609	6000000008870403742
Q4590643	6000000168994992757
Q4590669	6000000137590124871
Q459079	6000000028972652997
Q459081	6000000177083989848
Q4590889	6000000014300715113
Q4590904	6000000014300783392
Q45909725	6000000003328633026
Q459104	6000000177138245822
Q459108	6000000084784033250
Q459118	6000000004654854142
Q459125	6000000012630004381
Q459138	6000000007274399633
Q459142	6000000003616761364
Q4591510	6000000007757502999
Q459155	6000000007350731396
Q459159	6000000001369756398
Q4591657	6000000013416825938
Q45917603	6000000096237618852
Q459197	6000000014127253691
Q459209	6000000007780619273
Q459216	6000000005796923736
Q45922231	6000000006567455634
Q459235	6000000068518384850
Q4592507	6000000020601651907
Q45925578	6000000021815695436
Q459259	6000000167634344822
Q459260	6000000007960640300
Q459263	6000000022771904283
Q459273	6000000007649777232
Q459293	6000000072987685147
Q459294	6000000017465113813
Q459300	6000000027170091481
Q459331	6000000016444082388
Q459344	6000000015198984824
Q459348	6000000010763704083
Q459349	6000000076679941724
Q459383	6000000026364017004
Q459397	6000000093724259964
Q45940	6000000035590906002
Q45940244	6000000073619177288
Q459429	6000000009449885374
Q459441	376470307830012909
Q459448	6000000009303283121
Q45946	6000000043228195910
Q459471	6000000059174890942
Q45947164	6000000004966168215
Q459481	6000000000307258798
Q45949624	6000000005017265146
Q45950	6000000181284290728
Q459501	6000000033510756896
Q459502	6000000032725096505
Q45951	6000000044190394492
Q45951831	6000000078465782917
Q459533	6000000044570040821
Q459536	6000000080397972513
Q459538	6000000001743071435
Q459556	6000000040859505755
Q459557	6000000163751270877
Q459559	6000000025385519307
Q45956	6000000043659409246
Q4595942	6000000020209057784
Q459611	6000000014531748027
Q459618	6000000027755786499
Q45962954	6000000024363213737
Q459631	6000000168349986642
Q459633	6000000006782645086
Q459637	6000000068427675822
Q459640	6000000085614212967
Q459656	6000000016975706118
Q459663	6000000003252065441
Q4596779	6000000131988442053
Q459689	6000000024210699530
Q459693	6000000036493868589
Q459695	6000000008370336663
Q459699	6000000163197870974
Q45970	6000000003500252300
Q459710	6000000000237915544
Q459718	6000000179109656862
Q459719	6000000041998207339
Q459745	6000000067507730996
Q459752	6000000013194747655
Q459753	6000000003342440790
Q45976311	6000000023143537321
Q45976670	6000000033189862336
Q459771	6000000006101312688
Q459772	6000000032691114586
Q459777	6000000018515117588
Q45977809	6000000015478579156
Q45977865	6000000027456543693
Q459784	6000000002526827098
Q459786	6000000020096671444
Q459809	6000000048936794128
Q45981671	6000000026866542783
Q4598174	6000000171505423912
Q459830	6000000184174698838
Q45985	6000000065737301841
Q459855	6000000020380299682
Q459868	6000000109852944845
Q459871	6000000078625610770
Q459888	6000000178259439841
Q459894	6000000000350890514
Q459899	6000000018713467596
Q459925	6000000092818502861
Q459926	6000000029265225969
Q459928	6000000013529885891
Q459933	6000000076021476843
Q45993863	6000000149549419889
Q459947	6000000002167928584
Q459954	6000000035141030458
Q459962	6000000159338133821
Q459969	6000000027257905363
Q459973	6000000028105875137
Q459977	6000000068420492839
Q459991	6000000012255177730
Q46000	6000000013090557913
Q46002157	6000000010011998593
Q460023	6000000066655511843
Q46002506	6000000012518311750
Q460035	6000000046008054873
Q46005021	6000000004394556740
Q460055	6000000014578703034
Q460061	6000000003126517823
Q460062	6000000004294381446
Q460063	6000000069706544885
Q460066	6000000014017254157
Q460095	6000000134739812864
Q4601328	6000000025888580271
Q46014678	6000000020695526175
Q460148	6000000002673322039
Q460151	6000000013196231736
Q460161	6000000168933628913
Q460169	6000000030751070681
Q460180	6000000014551688851
Q460191	6000000050617488172
Q460202	6000000030822727900
Q460211	6000000016376615684
Q460216	6000000047882825077
Q46024039	5075830144480079764
Q460246	6000000026191047909
Q460279	6000000029574841417
Q46028803	6000000080136493071
Q460329	6000000085350758128
Q460330	6000000146288554064
Q46035626	6000000028108805721
Q460360	6000000014915659460
Q460366	6000000004900150146
Q46037065	6000000023808221606
Q460376	6000000163837096626
Q460378	6000000001422751228
Q460394	6000000043423893582
Q46039611	6000000177159505827
Q46040	6000000176755669843
Q46041245	6000000018971352299
Q46041521	6000000015644078937
Q460425	6000000077427381639
Q460431	6000000021209012829
Q460451	6000000009628487266
Q460474	6000000049394855112
Q460475	6000000050559373987
Q460491	4774391
Q4605	6000000011524984867
Q4605238	6000000008489286572
Q460549	6000000020322417904
Q460568	6000000209298201862
Q460582	6000000097373539018
Q4605867	6000000010657862468
Q460589	6000000007264127206
Q4606072	6000000003020319581
Q460624	6000000031412944204
Q460648	6000000135131567821
Q460652	6000000042378344270
Q460657	6000000084939140482
Q460660	6000000011560098112
Q460662	6000000002290167595
Q460676	6000000073616065007
Q460699	6000000010495345362
Q460705	6000000010009031708
Q460723	6000000045475463902
Q460738	6000000006728443153
Q460747	6000000134600878006
Q460756	6000000033323596135
Q460799	6000000013518037602
Q46080	6000000015592692246
Q460801	6000000030874728544
Q460804	6000000008278858384
Q460836	6000000010258878670
Q460852	6000000072415830022
Q460863	6000000046311313109
Q4608738	6000000045804217220
Q460876	6000000031850367998
Q46089	6000000003410812595
Q46091647	6000000007551831338
Q46091731	6000000052387839885
Q460918	6000000010825339077
Q460926	6000000011614083321
Q460941	6000000088349708871
Q460955	6000000006101354384
Q460956	6000000156955421840
Q46096	6000000010535762550
Q460960	6000000000670402772
Q46098344	6000000017676634084
Q46099292	6000000019410804570
Q461044	6000000006595103964
Q46104964	6000000077113420300
Q461083	6000000143556900987
Q461085	6000000068144072966
Q46109271	6000000006282772487
Q461103	6000000055087341947
Q461104	6000000012617978602
Q461111	6000000091160823846
Q46114177	6000000007303791912
Q46114700	6000000002188475224
Q461163	6000000175187007064
Q461164	6000000180809777922
Q461169	6000000000352417280
Q46117185	6000000014090813267
Q46118286	6000000009387496105
Q4612	6000000011939349659
Q46120	6000000030080732303
Q461216	5294726780490132221
Q46121812	6000000032196295981
Q461228	6000000013281585560
Q46123	6000000011504226573
Q46123384	6000000038520086274
Q4612349	6000000030399438768
Q461238	6000000073518450711
Q461240	6000000079105512874
Q461250	6000000019445302176
Q461259	6000000177752745842
Q461264	6000000188818681877
Q461296	6000000157319331853
Q46129797	6000000026646832032
Q461300	6000000175525517879
Q461309	6000000075905484032
Q461347	6000000015169352174
Q461348	6000000057001397888
Q461367	311721719450002663
Q461370	6000000028000675504
Q461377	6000000015293074130
Q4613831	6000000008260831761
Q4613864	6000000014857625648
Q461389	6000000022805487069
Q46139	6000000011034048721
Q461391	6000000050037017891
Q461409	6000000012955559101
Q461409	6000000157693383843
Q46141458	6000000010018645621
Q461416	6000000027135513809
Q461429	6000000004079799904
Q461477	6000000143372842897
Q461493	6000000183808394832
Q461504	6000000046901654509
Q46151	6000000013304110766
Q461512	6000000043435712448
Q46151953	6000000039588671314
Q46152111	6000000000320758315
Q46152168	6000000016258452594
Q461526	6000000045822986944
Q461529	6000000038047964943
Q461553	6000000016024046210
Q461569	6000000003366686127
Q461571	6000000000019891751
Q461579	6000000028319003473
Q461581	6000000080627226002
Q461584	6000000014144084263
Q4616	6000000005395646559
Q461600	6000000010571690199
Q461611	6000000029348079249
Q46161900	6000000027779584650
Q461620	6000000011646703440
Q461621	6000000035919359196
Q461624	6000000007770373058
Q461630	6000000002244425187
Q461633	6000000005738503015
Q461636	6000000104506281938
Q461646	6000000163423834073
Q461649	6000000048115731091
Q461663	6000000047405442070
Q461664	6000000036433105203
Q461667	6000000000196844689
Q461677	6000000151012987821
Q461679	6000000042305567724
Q461681	6000000029326840177
Q461687	6000000129659009826
Q461697	6000000010113049538
Q461698	6000000046898974821
Q461709	6000000078351991257
Q461719	6000000030472035020
Q46172	6000000009590503122
Q461721	6000000013071805275
Q461726	6000000020798562000
Q461727	6000000046095274351
Q461734	6000000007193559421
Q461740	6000000001762256308
Q461754	6000000047364410007
Q461758	6000000012256537848
Q461762	6000000180222969837
Q46178480	6000000013940981420
Q461800	6000000075406374826
Q46180397	6000000066531902821
Q461823	6000000043577306466
Q461846	6000000000348814152
Q461850	6000000038296398050
Q461865	6000000009774553422
Q461867	6000000179043593822
Q461872	6000000011460728522
Q461882	6000000037426352206
Q461923	6000000007112267271
Q461926	6000000002416742882
Q461929	6000000087009302862
Q461935	6000000137125272906
Q46194407	6000000008656459468
Q461957	6000000006824466121
Q461961	6000000017250308188
Q461980	6000000017112046021
Q461990	6000000013412682347
Q462002	6000000015332532686
Q46200498	882049
Q46203560	6000000001820980821
Q462049	6000000037039457536
Q462051	6000000040800714979
Q462055	6000000006120208498
Q462065	6000000009766990240
Q462110	6000000009742332221
Q46211312	6000000078774154744
Q462118	6000000000097809034
Q462124	6000000002188429605
Q462125	6000000089803462840
Q46213108	6000000076700206112
Q462143	5112503376390129366
Q46215420	6000000021842032652
Q462156	6000000002125435659
Q46216078	6000000021843355975
Q462169	6000000000695227922
Q46217	6000000003887241693
Q462173	6000000048327543822
Q462175	6000000001777579676
Q4622	6000000188769344828
Q462216	6000000015110531928
Q46222	6000000003783525490
Q462228	6000000006727853855
Q462270	6000000079140535822
Q462273	2515950
Q46228294	6000000037835797309
Q462289	4752397999400030133
Q462305	6000000012956933096
Q462309	6000000013707950229
Q462310	6000000002764484763
Q462318	6000000067818705082
Q462327	6000000063339299980
Q462333	6000000020210730294
Q462341	6000000010462211949
Q462354	6000000047329698443
Q462355	6000000003362988736
Q462357	6000000145330191073
Q462363	6000000000293468033
Q462366	6000000038826864182
Q462368	6000000002178327434
Q462386	6000000166327345834
Q46239045	6000000045239150833
Q46239115	6000000019925856779
Q462398	6000000014298519314
Q46239886	6000000008250907244
Q462403	6000000026090323504
Q462408	6000000019751409562
Q462440	6000000029715244672
Q462462	6000000108347888833
Q462465	6000000014140720282
Q46246814	6000000015313829778
Q46246909	6000000024406451676
Q462473	6000000016829073746
Q46248	6000000032102486821
Q462480	6000000166028909821
Q462481	6000000036559214326
Q462493	6000000002188563201
Q46250615	6000000000537334969
Q462524	6000000078066288281
Q462529	3641567
Q462532	6000000007542978769
Q462548	6000000002702265846
Q462562	6000000039976731447
Q46256429	2845401
Q462565	6000000026351536511
Q462574	4817462875710026971
Q46257798	6000000178228376853
Q462578	6000000027250237929
Q462582	6000000011805700350
Q4625873	6000000013661550387
Q462604	6000000017716760252
Q462629	6000000119536577154
Q462656	6000000172869687833
Q462657	6000000002188453338
Q462666	6000000000114300580
Q46267639	6000000007527816436
Q462683	6000000140733006842
Q462700	6000000005059324750
Q462707	6000000027148075596
Q462714	6000000019886415821
Q462749	6000000037657214837
Q462762	6000000009120594795
Q462769	6000000029114146098
Q462787	6000000031463387757
Q462791	6000000033497945464
Q462805	6000000006444762139
Q462806	6000000017577621138
Q462843	6000000050502058031
Q462879	6000000006567687172
Q462900	6000000051825297866
Q462925	6000000081051520911
Q462981	6000000027755030237
Q462982	6000000015131573227
Q463032	6000000037654061035
Q463046	6000000008873733478
Q463058	6000000003493162078
Q463099	6000000001656387350
Q4631	6000000185312428867
Q463124	4203625137090063471
Q463132	6000000009924528401
Q46313229	6000000075766049975
Q46314895	6000000033638200002
Q46316114	6000000017669012133
Q46316270	6000000017668576622
Q46316534	6000000002188542993
Q463181	6000000006906805952
Q463185	6000000123676961876
Q463204	6000000028043609081
Q46321469	6000000072512417901
Q463216	6000000025902453597
Q46322012	6000000080014068821
Q463221	6000000138611363119
Q463224	6000000050374650929
Q46322554	6000000036929452939
Q463229	6000000018321420101
Q463233	6000000025662533881
Q463239	6000000014755243101
Q46324502	6000000175935365936
Q46325166	6000000021122752549
Q463265	6000000000973001434
Q463269	6000000001654943578
Q463272	6000000030730467825
Q463275	6000000016939861570
Q46327774	6000000010056705515
Q463284	6000000019310906429
Q46329	6000000003887432416
Q463296	6000000003411785832
Q46329930	6000000029598002391
Q463302	6000000024914738773
Q463319	6000000034635010925
Q46332751	6000000006951182766
Q463339	6000000003403980458
Q46334020	6000000017603672690
Q463343	6000000011471495556
Q463362	6000000041095903828
Q46337745	6000000033192874096
Q463381	6000000029657304926
Q463385	6000000017857360974
Q463402	6000000178684940849
Q463407	6000000067029578846
Q463411	6000000081767904617
Q46341233	6000000027595884674
Q463423	6000000023162506500
Q463424	6000000057001792861
Q463425	6000000000479834004
Q463440	6000000011327757133
Q4634434	6000000032923854231
Q46344691	6000000027597128507
Q463448	6000000144186474051
Q46345774	6000000173691747483
Q463462	6000000003136058179
Q463478	6000000013007873626
Q46348050	6000000017593334979
Q463491	5167204065210119923
Q463497	6000000009658491493
Q463500	6000000152603822009
Q463505	6000000010521779745
Q463528	6000000040904046198
Q463530	6000000015489989861
Q463531	6000000016796018859
Q463533	6000000002170342825
Q46354913	6000000076718673637
Q463553	6000000075226826943
Q463557	6000000012738079524
Q463570	6000000018110501497
Q46357544	6000000026743820564
Q463581	6000000025040365457
Q463588	6000000002999923121
Q4636	6000000008914852183
Q46360415	6000000010973010199
Q463612	6000000177613223910
Q463614	6000000019288604451
Q463630	6000000177850282918
Q463651	6000000133673938954
Q46365581	6000000064840913420
Q46366625	6000000070908378821
Q463673	6000000012679472887
Q463692	6000000029060913196
Q46369290	6000000003655655569
Q46370105	6000000043993880126
Q463703	6000000008353311863
Q463705	6000000151388602848
Q46370903	6000000182574697871
Q463717	6000000011332673066
Q46371880	6000000001488315021
Q463724	6000000027324005671
Q463728	6000000015676454804
Q46373	6000000011151822777
Q463732	6000000105683461048
Q463734	6000000021810433653
Q463746	6000000058466344034
Q463766	6000000014395230690
Q463767	6000000041021373117
Q463777	6000000039041920630
Q463784	6000000010632289846
Q46378566	6000000009991180854
Q46378695	6000000067851663827
Q46378810	6000000014528864249
Q46378950	6000000019077560616
Q463793	6000000015669591715
Q463803	6000000011207612933
Q463833	6000000111906410860
Q463856	6000000007495489206
Q463877	6000000006276643167
Q46387809	6000000054082120938
Q46388509	4847780256440018516
Q463891	6000000015682353475
Q46396121	6000000127642622831
Q463975	6000000061091970834
Q46397561	6000000019796154079
Q463978	6000000024513278771
Q464	6000000152742816941
Q464023	6000000010708239483
Q46402826	6000000062110606064
Q464037	6000000003005329988
Q464038	6000000014169635880
Q464044	6000000069437524095
Q46405	6000000002600206641
Q464056	6000000021467646717
Q46408	6000000000015071787
Q464128	6000000046136008964
Q464151	6000000019127050813
Q464152	6000000119435690837
Q464167	6000000045804885160
Q464168	6000000018768536365
Q464189	6000000069428697847
Q464192	6000000051260800848
Q464207	6000000002541119882
Q464208	6000000079409099250
Q464213	6000000017648179434
Q464219	6000000009580313304
Q464232	6000000018697531445
Q464238	6000000183952142832
Q464241	6000000011311341292
Q464245	6000000007394405609
Q464251	6000000016099499832
Q464256	6000000023218957084
Q464264	6000000073641631940
Q464277	6000000070323228958
Q46428	6000000001688467653
Q464281	6000000000351117273
Q464282	6000000028976666853
Q464299	6000000020114930615
Q464313	6000000012915218094
Q464318	6000000015257220130
Q464324	6000000012684277621
Q464362	6000000004208148545
Q464367	6000000025742382734
Q464378	6000000145524614917
Q4643781	6000000003275315285
Q464393	6000000134658506975
Q464405	6000000051075909991
Q464408	6000000110601237870
Q464449	6000000003424534304
Q464450	6000000000405577287
Q46445036	6000000176419953852
Q464466	6000000011799647869
Q464470	6000000037870622960
Q464479	6000000014300711620
Q464497	6000000047758582149
Q46450253	6000000041581394970
Q464506	6000000004868548803
Q464513	6000000011265223421
Q464518	6000000041970592165
Q464522	6000000119104962428
Q46453064	6000000184177319838
Q464554	6000000002727198196
Q464563	6000000010029164728
Q464565	6000000014616316275
Q464573	6000000008612278529
Q464576	6000000084818536114
Q464603	6000000032064834002
Q464614	6000000014361544620
Q464626	4534388
Q46464025	6000000002526406670
Q46465751	6000000002555286311
Q46467108	6000000168149215921
Q464674	6000000002188450096
Q464680	6000000071150779881
Q464700	6000000151582983363
Q4647023	6000000032968638059
Q464719	6000000167785232822
Q464724	6000000027307811592
Q464726	6000000004004920633
Q464733	6000000035528904694
Q464737	6000000083695939832
Q464743	6000000015654946333
Q4647445	6000000012996506925
Q4647448	6000000000866098387
Q4647448	6000000103322241821
Q4647471	6000000043965886850
Q4647507	6000000095723801888
Q4647523	6000000176383164865
Q464753	6000000008685476835
Q4647536	6000000028182727286
Q4647580	6000000035216424397
Q4647582	6000000001788469779
Q4647584	6000000013071078680
Q4647599	6000000090925445834
Q4647620	6000000029240365832
Q4647634	6000000029832766443
Q464764	6000000072388997370
Q4647699	6000000055148193834
Q4647738	6000000042943401470
Q464774	6000000015291337318
Q464778	6000000045470078002
Q4647792	6000000075082526867
Q4647811	6000000032301136512
Q4647860	6000000035248231418
Q4647884	6000000103335314002
Q4647885	6000000172123743910
Q46479	6000000012898157716
Q464793	6000000031190557610
Q4647996	6000000005252969769
Q4647998	6000000063644919929
Q464808	6000000030919219621
Q464810	6000000007315778422
Q4648109	6000000021872037953
Q46481608	6000000019883408518
Q4648182	6000000002904621198
Q4648216	6000000015220933542
Q4648242	6000000081393197078
Q46482519	6000000206643367841
Q4648288	6000000079140938694
Q464835	6000000009868165305
Q4648410	6000000029832417032
Q4648478	6000000153594252825
Q46484987	6000000040506182834
Q464853	6000000016530671008
Q464864	6000000182646314822
Q464876	5107009272950044292
Q464879	6000000020917999185
Q464914	4759025
Q4649237	6000000004831549668
Q464934	6000000003454280458
Q464943	6000000029959162150
Q464946	6000000024321981398
Q464957	6000000019172008335
Q464969	6000000003709282494
Q464971	5294598020870124041
Q464973	6000000000455208199
Q4649927	6000000006595423073
Q464994	6000000003869336104
Q465000	6000000015299388194
Q46500824	6000000182211350850
Q46501174	6000000087914669822
Q46501587	6000000015029683836
Q465018	4423504445030026455
Q465060	6000000017936455383
Q46506667	6000000115137676198
Q46507	6000000079734749876
Q465109	6000000013632354280
Q4651169	6000000013651776712
Q465117	6000000021766195488
Q465125	6000000015132415135
Q465126	6000000031557104378
Q465130	6000000009535480025
Q465131	6000000000048982171
Q465134	6000000128283696858
Q465138	6000000001142226490
Q46514046	6000000172903671584
Q465148	6000000015714677345
Q465152	6000000141555294033
Q465163	6000000012555843995
Q465166	6000000001063055862
Q465179	6000000012750776710
Q465183	6000000078265988870
Q465189	6000000042495997885
Q465193	6000000053311504884
Q4652	6000000000740522647
Q465207	6000000056325413830
Q465223	6000000137115713016
Q465232	6000000008381039785
Q465237	6000000032428428443
Q465242	6000000017946122206
Q465251	6000000015761951539
Q465265	6000000034495620264
Q465273	6000000015014941070
Q465281	6000000071472874869
Q465292	6000000085189493884
Q465295	6000000035799585916
Q465320	6000000020719936859
Q465324	6000000179946677883
Q465335	6000000009627204928
Q465348	6000000081538246092
Q465354	6000000013103575619
Q465366	6000000002188444152
Q465377	6000000166645115104
Q465385	6000000174806236039
Q465386	6000000007062413250
Q46540495	6000000017517240153
Q465405	6000000010626509672
Q465421	6000000021792998663
Q465424	6000000013143632017
Q465426	6000000010621270762
Q465437	6000000007320296231
Q465442	6000000069481462856
Q46544776	6000000023265680873
Q465456	6000000020348442982
Q465479	6000000006728436710
Q46548	6000000083511502134
Q465485	6000000009303775258
Q465488	6000000026463890931
Q465493	5643519036530111839
Q465517	6000000022543814153
Q465524	6000000181932681823
Q465571	6000000080241303186
Q465574	6000000001473766006
Q465580	6000000010311351849
Q465593	6000000020294380966
Q465594	6000000010556089422
Q46559667	6000000007167451465
Q465597	6000000046574297004
Q465598	6000000030111050252
Q465617	6000000027760482187
Q465636	6000000018709158653
Q465637	6000000014160139343
Q465638	6000000040807841356
Q465641	6000000009958958264
Q465651	6000000015189649460
Q465671	6000000017345196360
Q465676	6000000020486354503
Q465679	6000000003524202364
Q465681	6000000021127637836
Q465687	6000000007757721551
Q465702	6000000029701305801
Q465715	6000000008849961161
Q465717	6000000012817996771
Q46573478	6000000035983244092
Q465738	6000000001187115278
Q465759	6000000080667664897
Q465767	6000000047281557987
Q465772	6000000000701930816
Q465775	6000000006027672014
Q465787	6000000009287629432
Q46581664	6000000001358309337
Q465828	6000000081650417174
Q46582863	6000000002583378309
Q465829	6000000012799602888
Q465836	6000000022802068114
Q465844	6000000007328237457
Q46585511	6000000005913551448
Q465874	379475862710013761
Q465877	6000000015384761445
Q465902	6000000015399294708
Q465919	6000000017470440603
Q465935	6000000145344243080
Q465937	6000000002423182475
Q46594623	6000000006444784706
Q465950	6000000037688293977
Q46595398	6000000017047664004
Q465956	6000000184175369822
Q465957	6000000002188416589
Q46599	6000000007444954778
Q465991	6000000003232541820
Q465994	6000000175819396878
Q465997	6000000011319809242
Q46600326	6000000000797712625
Q466009	6000000002489825441
Q46602	6000000014619321161
Q466051	6000000033349880871
Q466055	6000000041397307703
Q466063	6000000021450466831
Q466064	6000000035326761287
Q466068	6000000017535743240
Q46607744	6000000166450614956
Q466085	6000000040635822988
Q466093	6000000024091704334
Q4661090	6000000060704296634
Q46611532	6000000021761149830
Q4661189	6000000016934602700
Q4661191	6000000018095133287
Q4661202	6000000184260997825
Q4661215	6000000005615954001
Q4661223	6000000011582339298
Q4661227	6000000019498719227
Q4661244	6000000007980739685
Q466125	6000000007282786508
Q466131	6000000037608023042
Q4661322	6000000000132341538
Q466139	6000000063114723904
Q466142	6000000014295240488
Q4661583	6000000012696587417
Q466162	6000000023970303346
Q466171	6000000015868027409
Q4661742	6000000006843256864
Q4661747	6000000030364474256
Q4661750	6000000142067320908
Q4661753	6000000022684679221
Q4661788	6000000003828083371
Q4661789	6000000030270015757
Q4661819	6000000015732914156
Q4661914	6000000019263551805
Q4661918	6000000003075941680
Q4661942	6000000025900612787
Q4661950	6000000030378952786
Q4661983	6000000018156952072
Q4662074	6000000098636359030
Q466219	6000000114610519870
Q4662192	6000000074175572259
Q4662192	6000000109535715822
Q4662210	6000000091692740226
Q4662225	6000000021477434931
Q4662269	6000000023052032877
Q4662302	352149103270004361
Q466238	6000000175105455200
Q4662428	6000000108293143017
Q466244	6000000029622162231
Q4662471	6000000146803016912
Q4662498	6000000000398444128
Q4662514	6000000046683422278
Q4662538	6000000003939228859
Q466254	6000000027064484787
Q4662552	6000000025348718687
Q4662561	6000000027271758313
Q4662571	6000000014093968957
Q466261	6000000000769996920
Q4662681	6000000011299785907
Q4662738	6000000005441228824
Q4662741	6000000020089444137
Q4662798	6000000047910969072
Q466284	6000000002764505122
Q4662905	6000000015953817283
Q466299	6000000001089021335
Q466305	6000000000835080188
Q4663066	6000000013982718676
Q466309	4139927776210036833
Q46633	6000000007746459067
Q466339	6000000080861101181
Q466361	6000000012967828606
Q4663644	6000000010759741395
Q466373	6000000050967585855
Q466386	6000000038439493026
Q466396	6000000008342469025
Q466400	6000000040605526656
Q466404	6000000016115462699
Q4664138	6000000014169165503
Q4664155	6000000000470492411
Q466417	6000000082507464178
Q466419	6000000042573473164
Q4664195	6000000015915687106
Q466422	6000000079461042156
Q4664460	6000000042306599808
Q4664468	6000000013053566221
Q4664478	6000000002022978756
Q4664490	6000000006052305013
Q4664507	292391597660006813
Q466489	6000000091222907979
Q466498	6000000006351749124
Q466499	6000000002249523389
Q466502	6000000016024396245
Q466508	6000000003147611296
Q466523	6000000057465196863
Q4665255	4245254205610061551
Q46652807	6000000025266225020
Q466535	6000000047240585210
Q466539	6000000140257053019
Q466546	6000000066855856924
Q4665472	6000000039262697070
Q466556	6000000145381054827
Q46656	6000000036216475055
Q466574	6000000016250440820
Q46658	6000000016127961055
Q466584	6000000026199425528
Q466595	6000000049515490844
Q466607	6000000014660547067
Q466623	5386191862400079517
Q466627	6000000014201419352
Q4666301	6000000088444670984
Q4666362	6000000110996001861
Q466639	6000000033129158755
Q4666443	6000000025779430280
Q4666532	6000000008781083613
Q4666540	6000000054292328179
Q4666542	6000000046128929118
Q4666572	6000000011714935966
Q4666575	6000000070234793893
Q4666603	6000000048202023131
Q4666609	6000000000496656204
Q4666619	6000000005599183019
Q466662	6000000029581399266
Q4666620	6000000029587577987
Q4666622	6000000012002116153
Q4666623	6000000002831295378
Q4666626	6000000016699252880
Q4666629	6000000017034766785
Q466677	6000000002208813988
Q466683	6000000041781732663
Q466703	6000000145021175956
Q466705	6000000069453347822
Q466711	6000000180617169922
Q466712	6000000145223759865
Q466733	6000000143250067900
Q466740	6000000136340381824
Q466750	6000000136290113022
Q4667529	6000000077871504004
Q4667621	6000000013699736242
Q4667624	6000000015915560788
Q4667626	290537488050007510
Q4667661	4419611
Q4667667	6000000012004436278
Q4667670	6000000021468023554
Q4667679	6000000006444278733
Q4667691	6000000021468257020
Q4667692	6000000020865134820
Q4667698	6000000016326387036
Q46677	6000000040058108985
Q4667713	6000000018596083628
Q466779	6000000182597158839
Q466780	6000000074824947825
Q466795	6000000047259550830
Q466808	6000000145787507842
Q4668137	6000000045921297940
Q4668138	6000000023288902652
Q4668142	6000000003635196236
Q4668144	6000000001959359611
Q4668158	6000000013091917801
Q4668160	6000000013837407237
Q4668162	6000000184489742886
Q466832	5266931031290068243
Q466838	6000000039775132853
Q466850	6000000018329514309
Q466855	6000000014656617182
Q4668551	6000000016145311580
Q466860	6000000086815217980
Q466862	6000000026135040942
Q4668740	6000000030633995833
Q4668742	6000000002643248061
Q4668747	6000000105324205886
Q4668748	6000000002161719120
Q4668752	6000000027628898088
Q4668759	6000000074192021896
Q4668761	6000000175710696824
Q4668767	6000000019219126890
Q4668781	6000000000306750976
Q4668809	6000000015987623356
Q4668814	6000000153313803842
Q4668818	6000000013503281554
Q4668828	6000000021822453616
Q466883	6000000002233699182
Q4668831	6000000014874944523
Q4668834	320685537810006355
Q4668834	4085117038700022540
Q4668838	6000000002512230364
Q4668839	6000000114817812863
Q4668851	6000000003929474950
Q46688547	6000000006861906025
Q4668862	358904046700012987
Q4668863	6000000023375414171
Q4668865	6000000006444139137
Q4668883	6000000000908871221
Q4668900	6000000038432646127
Q4668901	6000000024105118469
Q4668909	6000000013270660390
Q4668916	6000000008471946386
Q4668931	6000000103326647085
Q4668932	6000000036430950155
Q4668933	6000000003942790726
Q4668946	6000000052226143372
Q4668955	6000000124656878914
Q4668959	6000000026866820504
Q4668973	6000000035868619322
Q4668980	6000000027929688752
Q4668981	6000000010360776382
Q4669032	6000000001768142038
Q4669034	6000000108540441821
Q4669038	6000000075674026857
Q4669045	6000000020773114833
Q4669064	6000000049020585288
Q4669076	6000000000167547527
Q4669081	6000000033253049860
Q4669099	6000000019025293956
Q4669104	6000000015583905036
Q4669111	3934138609340036667
Q4669118	6000000022539089771
Q4669119	980001
Q4669127	6000000002803055683
Q4669130	6000000003591429451
Q4669131	6000000018275140136
Q4669138	6000000036886807344
Q466914	6000000007538722310
Q4669151	6000000056647291183
Q4669152	6000000014966579936
Q4669163	6000000008398275321
Q4669164	6000000000348795548
Q4669174	6000000034633548868
Q4669186	6000000008219173454
Q4669194	6000000018443462201
Q466921	6000000028372871526
Q4669211	6000000004334932837
Q4669215	6000000000954625727
Q4669225	6000000003938331712
Q4669230	6000000160587090821
Q4669234	6000000008882056921
Q4669245	6000000122002353833
Q4669257	6000000003517741627
Q4669260	6000000000961693966
Q4669266	383507634770007409
Q4669275	6000000008327550780
Q466934	6000000057034902071
Q4669355	320622772580007991
Q4669358	6000000004818848769
Q4669363	6000000030797872137
Q4669372	6000000002364479214
Q4669375	6000000156660138933
Q4669377	6000000011028263616
Q4669383	6000000012886058781
Q4669384	363686890290005913
Q466945	6000000017549121117
Q4669644	6000000017018808773
Q4669647	4208612322590064770
Q466976	6000000004337882701
Q4669979	6000000069870441116
Q466998	6000000025591605384
Q467007	6000000003219759759
Q4670138	6000000156501417828
Q4670298	6000000011130730529
Q46703634	6000000013046115223
Q4670375	5724229622900020732
Q4670428	6000000206231951843
Q467047	6000000025258805296
Q4670478	6000000014863464945
Q467055	6000000001483228110
Q467077	6000000012642265161
Q467087	6000000018774765327
Q467091	6000000018138443050
Q467093	6000000006348543556
Q467106	6000000040293409994
Q467109	6000000015920951811
Q467122	6000000013539416457
Q46713268	6000000077224889509
Q467133	6000000013539848525
Q467134	6000000176881536833
Q467140	6000000014110754421
Q467148	6000000006712152499
Q467156	6000000019949471440
Q467167	6000000002765016376
Q467171	6000000067129423888
Q467172	4050475
Q467177	6000000000100432010
Q467182	297815449410004082
Q4672234	6000000033052676526
Q467231	6000000176035733892
Q46727581	6000000183937540885
Q46728216	6000000064669908998
Q467288	6000000197694557829
Q467306	6000000004325713769
Q467319	6000000012291030987
Q467325	6000000002115997099
Q467328	6000000026229808848
Q46734896	6000000002188670949
Q467352	6000000011309108041
Q467362	325232175610006379
Q4673626	6000000036512867651
Q467368	6000000037471744048
Q4673740	6000000026393559235
Q4673742	6000000030970655460
Q46737704	6000000028244508168
Q467402	6000000056940269482
Q467408	6000000008881398025
Q46741	6000000150846225853
Q467423	6000000031307020301
Q467434	6000000178067930822
Q467451	6000000035415563196
Q467460	6000000022532689162
Q467462	6000000024033356581
Q467469	6000000003645908825
Q467477	6000000006899069071
Q467482	6000000114631799850
Q467494	6000000021316460214
Q467502	6000000015799117541
Q467519	6000000106699750868
Q467526	6000000076971497634
Q467544	6000000024669659003
Q46755	6000000007293828762
Q467560	6000000139721075834
Q467563	6000000019033220553
Q467574	6000000029430494419
Q467575	6000000004423771184
Q4675793	6000000011434970460
Q46758365	6000000027108946965
Q4675930	6000000181930056839
Q467601	6000000021845695350
Q467604	000000222235507075
Q467611	6000000013428012725
Q4676126	6000000052211720085
Q46762	4948565574310041717
Q467621	6000000178189362950
Q467630	5156611092820121874
Q467646	6000000007148734430
Q467669	6000000020999374086
Q467676	6000000016905917192
Q467680	6000000018111347651
Q467694	6000000022814391535
Q467705	6000000024568836887
Q4677186	6000000189719347824
Q467727	6000000035640900388
Q467744	6000000021266524539
Q4677688	6000000028579010152
Q467770	6000000021768268614
Q46778	6000000012614286609
Q467785	6000000063335676931
Q467787	6000000056627164853
Q46779	6000000090942633832
Q467797	6000000044001508013
Q467805	6000000001782007281
Q467837	6000000006727764421
Q4678544	6000000002802612229
Q467857	6000000028679385937
Q467861	305129709120006437
Q4678628	6000000010433373545
Q4678630	6000000009204921462
Q4678653	6000000081061910749
Q4678668	6000000025298714763
Q4678737	6000000003942667352
Q4678762	6000000017474755413
Q467882	6000000028676837040
Q4678853	6000000010144417836
Q4678865	6000000019736028032
Q4678866	307658935300004671
Q4678868	6000000019735780474
Q4678876	6000000082323638335
Q467891	6000000037653462471
Q4678917	6000000056434581035
Q4678919	6000000018222276664
Q4678932	6000000091018880002
Q4678957	6000000075892369983
Q4678988	6000000002265992419
Q4678990	6000000037405989774
Q4679020	6000000015517550015
Q4679027	6000000075731273828
Q4679038	6000000007335960937
Q4679049	6000000085672437939
Q4679059	6000000002447233940
Q4679063	6000000054365179849
Q467908	6000000037584591164
Q467912	6000000003219289472
Q4679140	6000000005255417412
Q4679166	6000000054571531096
Q4679169	6000000024717275826
Q4679173	6000000014320831343
Q4679214	6000000026844052977
Q4679235	6000000006633564007
Q4679242	6000000003518646318
Q4679304	6000000006468002001
Q467935	6000000035005766345
Q4679358	6000000072442885861
Q4679366	6000000034000803654
Q4679368	4982971988110133639
Q4679405	6000000011049509440
Q4679453	6000000108579782919
Q467946	6000000013321692239
Q4679477	6000000020854500176
Q467948	6000000014081943182
Q4679488	6000000021928468507
Q46795	6000000041558906073
Q4679569	6000000014112869413
Q4679578	6000000012609197243
Q467959	5640487571440083139
Q4679620	6000000011550548870
Q4679628	6000000065555686045
Q4679697	6000000023104612149
Q4679754	6000000102106082828
Q4679777	6000000099961978843
Q4679781	6000000021277243095
Q4679786	6000000043310196876
Q4679798	6000000079360036822
Q467982	6000000174064467691
Q4679846	6000000012601293999
Q467987	5597176169780027965
Q4679873	6000000100328694901
Q4679889	6000000180897747835
Q4679895	6000000001759780133
Q4680006	6000000046624094883
Q4680015	6000000002386196939
Q468017	6000000017277700620
Q468037	6000000019053231359
Q4680413	6000000005072538435
Q468048	6000000079152430850
Q4680505	6000000020722679466
Q468053	6000000179168972834
Q468058	6000000001129811377
Q468084	6000000006823825246
Q46809	6000000008141728253
Q468097	6000000032009421109
Q4681015	6000000009403518901
Q468109	6000000017123138078
Q468116	6000000017859415953
Q4681258	6000000028181626131
Q4681272	6000000003076994504
Q4681278	6000000009709646433
Q4681280	6000000049470541136
Q468130	6000000150788809823
Q468148	6000000010980607656
Q4681731	6000000036543256260
Q4681745	6000000176818068830
Q4681847	6000000075801600335
Q4681848	6000000024272814151
Q4681850	6000000010954409018
Q4681855	6000000047182549958
Q4681873	6000000004868044971
Q4681879	6000000025888805106
Q4681883	6000000016651633381
Q4681891	6000000038898516153
Q4681893	6000000018351391122
Q468191	6000000004996405358
Q4681932	6000000007195371031
Q4681944	6000000149621807843
Q468195	6000000013315992454
Q4681952	6000000020759068741
Q4681970	6000000040786961897
Q4682006	6000000021305011892
Q468202	6000000077102986106
Q46820453	6000000007980519928
Q468214	6000000018084359010
Q468219	6000000014141266963
Q4682313	6000000023935224838
Q4682326	6000000007345268921
Q468247	6000000000504360440
Q468248	6000000036668310977
Q468251	6000000163411733824
Q468252	6000000013486457205
Q46826317	6000000006127907180
Q46826416	6000000001710773315
Q468272	6000000026423985184
Q468273	6000000035092352179
Q468277	6000000181611479822
Q468280	6000000027952725710
Q4682827	6000000177034505823
Q4682828	6000000001982805509
Q468291	6000000009958308889
Q4682983	6000000029779455682
Q46830	6000000012178097681
Q4683095	6000000011489518934
Q468316	6000000069638191257
Q468334	6000000017602840367
Q468345	6000000181091733821
Q468350	4826506364510127616
Q468351	6000000023189971081
Q468356	6000000008392222920
Q468357	6000000009494798757
Q468364	6000000008461425733
Q468368	6000000035699818572
Q468394	6000000012547551133
Q4683988	6000000032814494036
Q468403	6000000007520219247
Q4684051	4979603765070117787
Q4684067	6000000017056086423
Q4684068	6000000007077344494
Q4684071	6000000038709753354
Q4684073	6000000032038227983
Q4684075	6000000005005992184
Q4684120	6000000068513607852
Q4684130	6000000149451791841
Q4684133	6000000003994367118
Q4684135	6000000010859597299
Q4684152	6000000011135986540
Q4684154	6000000008761440178
Q4684159	6000000002746147115
Q4684168	6000000051406332922
Q4684187	6000000041980070772
Q4684188	6000000069485816916
Q468419	6000000017343469304
Q4684193	6000000033020852310
Q4684194	6000000003087306219
Q4684238	6000000015760906815
Q468426	6000000011160979465
Q4684272	6000000000489451033
Q4684312	6000000022580919462
Q4684324	6000000021328904353
Q4684326	6000000021328801584
Q4684327	6000000030905896024
Q4684335	6000000103432321015
Q4684342	6000000017443985350
Q4684345	6000000007258564264
Q4684348	6000000016619014395
Q4684368	6000000010533354985
Q4684396	6000000008301556618
Q4684398	6000000023488627226
Q4684399	6000000020096911016
Q4684414	6000000015017859729
Q4684423	6000000174137873830
Q4684424	6000000002802596224
Q4684437	6000000016643207336
Q4684457	6000000012501804259
Q4684458	6000000049081200989
Q4684463	6000000182188785822
Q4684468	6000000015809395766
Q4684476	6000000027874217451
Q4684478	6000000016036019640
Q4684492	6000000078653486952
Q4684495	2067346
Q4684518	6000000010071931289
Q468452	6000000031369670821
Q4684523	6000000012952662400
Q4684528	6000000047382082883
Q4684528	6000000198269340830
Q468466	6000000002466521385
Q468467	6000000013291165045
Q468476	6000000014300963126
Q4684777	6000000007739471753
Q4684788	6000000078447319240
Q468482	6000000000504150428
Q4684869	6000000010424487152
Q468487	6000000006057010001
Q4684874	6000000010757466924
Q4684912	6000000036211220620
Q468492	6000000172422582797
Q46849740	6000000035283768396
Q4685059	6000000043664785977
Q468510	6000000005755592046
Q4685164	6000000108764465072
Q468517	6000000128729870483
Q4685183	6000000049907196459
Q468519	6000000032867811019
Q4685265	6000000016748041514
Q4685494	6000000051541330905
Q4685505	6000000098891386860
Q4685550	6000000004882610068
Q4685569	6000000054529914929
Q4685633	6000000164534869822
Q4685665	6000000014162557275
Q4685673	6000000078252472836
Q4685706	6000000048396185972
Q468577	6000000008880664495
Q4685790	6000000000379707795
Q4685934	6000000011041846877
Q46859414	6000000127830430821
Q468597	6000000010941860356
Q468611	6000000029845537918
Q468612	6000000082895989726
Q468635	6000000180620020834
Q468658	6000000014631490784
Q468662	6000000134177815821
Q468667	6000000040534843484
Q468677	6000000009397557516
Q46868	6000000019558177001
Q468682	6000000031824612646
Q468684	6000000040108652164
Q4686933	6000000027885673046
Q4686978	6000000175245789903
Q4686988	6000000019283164053
Q468701	6000000047852335261
Q46870208	6000000052746042821
Q468708	6000000008658298506
Q468715	6000000000351109618
Q468716	6000000015604255147
Q468736	6000000013417747214
Q468758	6000000004638220634
Q4687744	6000000002422201930
Q4687745	6000000002427767725
Q468789	6000000017374069085
Q468807	6000000045707344876
Q468848	6000000027889257293
Q468860	6000000125725392821
Q46887587	6000000020491043901
Q46888524	6000000077665774290
Q468888	6000000068219081029
Q46889340	6000000025644782083
Q46889908	6000000039225767992
Q468915	6000000036497063115
Q468925	6000000002750205102
Q4689378	6000000007947217159
Q4689393	6000000014015193729
Q468958	6000000071219286074
Q468968	6000000000307256074
Q46896993	6000000038961920926
Q4690359	6000000003925858494
Q469041	6000000001397767143
Q469063	6000000008653703232
Q469068	6000000057516656902
Q469078	6000000142811395822
Q46908	6000000174071236571
Q469083	6000000137800918948
Q469086	6000000017208826875
Q469094	6000000035873116959
Q469096	6000000178603149824
Q469115	6000000036818575360
Q469125	6000000029601815997
Q4691254	336014294240007051
Q469131	6000000015292605103
Q469134	6000000028818259436
Q469139	6000000046051683070
Q469150	6000000006439823179
Q469154	6000000079201977847
Q469161	6000000014686451325
Q469164	6000000141015467059
Q4691673	6000000020803620376
Q4691675	6000000073513661849
Q46916817	6000000016511343749
Q469171	6000000071763781061
Q46918081	6000000014190770213
Q4691955	6000000015124607274
Q46919607	6000000031460282034
Q469198	5486989845790114453
Q46919858	6000000014190803130
Q46921460	6000000025300817563
Q469222	6000000028086449201
Q469233	6000000008620108106
Q4692481	6000000020134367088
Q46925757	6000000031649667326
Q469259	6000000000113726613
Q469269	6000000024551868323
Q46928	6000000029299493158
Q469283	6000000041187675376
Q4692970	6000000023937786279
Q4693007	6000000016935374027
Q4693008	6000000016700881801
Q4693017	6000000002251125695
Q469302	6000000000769976455
Q4693021	6000000016442512049
Q4693022	6000000011872480503
Q4693023	6000000052746120863
Q4693026	6000000003615258059
Q4693031	6000000012921409573
Q4693037	6000000069318061910
Q4693048	6000000027428030020
Q4693054	6000000030730652613
Q4693057	6000000050467277882
Q4693060	6000000045531459832
Q4693063	6000000017594158064
Q4693067	6000000019974655930
Q4693070	6000000047102157854
Q4693079	6000000019389335514
Q4693080	6000000060778589934
Q4693083	6000000005002967798
Q4693085	6000000018285458521
Q4693096	6000000017222024002
Q4693097	6000000004053959835
Q4693115	6000000130336275908
Q4693118	6000000019380121165
Q4693121	6000000007210828279
Q4693125	6000000020907708889
Q4693132	6000000002116357037
Q4693145	6000000105537196832
Q4693164	6000000013254595372
Q4693245	6000000114025207909
Q46936573	6000000007452631927
Q469371	6000000025595500931
Q46937920	6000000151154622832
Q469387	6000000075422027003
Q46939853	6000000190091320868
Q4694177	6000000014143128237
Q469421	6000000008440480365
Q469437	6000000008290640802
Q469439	6000000054517086059
Q46944138	1538646
Q469450	6000000075507082907
Q4694653	6000000030472376291
Q4694662	6000000005585191141
Q4694669	6000000001722532105
Q469467	6000000011090502669
Q4694703	6000000011278930411
Q469474	6000000027592198549
Q46948606	6000000012997376768
Q4694983	6000000011702066312
Q469507	4179298375950074140
Q469514	6000000016829448912
Q4695184	6000000012379698999
Q469546	6000000002764431968
Q469550	6000000039944831523
Q469559	6000000059328281882
Q469575	6000000006048296001
Q469595	6000000035606571212
Q469631	6000000002188425614
Q469643	6000000001500850848
Q469661	6000000006843698824
Q469664	6000000005021134911
Q4696679	6000000009281773875
Q4696709	6000000170448784234
Q469673	6000000020169640982
Q4696803	6000000035826269841
Q469681	6000000001244721672
Q4696850	6000000078492536821
Q469693	6000000005587871667
Q4697028	6000000045893613571
Q4697035	6000000004079761993
Q4697038	6000000016748833367
Q4697051	6000000018657311737
Q469710	6000000016353140982
Q4697103	6000000010360614485
Q4697105	6000000006421819899
Q4697131	6000000008570578180
Q4697191	6000000036194801979
Q4697201	6000000014385100210
Q469726	4740850540080080319
Q4697374	6000000004557349151
Q4697461	6000000003600701056
Q469749	6000000032456728290
Q469761	6000000056673646833
Q469783	329701056720007585
Q46978779	6000000032649972900
Q469791	6000000010503650858
Q469800	6000000019897009417
Q469822	6000000029840494992
Q469838	6000000003571567838
Q469840	6000000177162478831
Q46984704	6000000039225543372
Q469850	6000000025791445784
Q469882	6000000013375360361
Q469884	6000000017068828317
Q469888	6000000002412138187
Q469891	6000000009527342351
Q46991245	6000000010381440127
Q46992431	6000000000134256821
Q46992534	6000000035969134216
Q46992584	6000000008042207499
Q46992671	6000000008042513205
Q46992730	6000000016076992193
Q46992993	6000000008730737123
Q46992998	6000000030001162012
Q469938	6000000069557485948
Q46993817	6000000019980107056
Q46993869	6000000021263347113
Q46994793	6000000040650543043
Q46994879	6000000019133267421
Q469949	6000000016145834562
Q46995032	6000000017540354557
Q46995043	6000000020184926855
Q46995106	6000000026463453172
Q46995325	6000000137025258847
Q469954	6000000103283712837
Q46995413	6000000061494659184
Q469956	6000000092460967952
Q46995750	6000000002188536882
Q46995762	6000000005087433131
Q46995802	6000000121336610839
Q46995878	6000000020907483598
Q46995881	6000000031677555225
Q46995916	6000000031674158646
Q469962	1551393
Q46996209	6000000082970604504
Q469963	6000000030001376770
Q46996335	6000000051194017982
Q46996348	6000000003084230419
Q4699651	6000000018809378584
Q46996919	6000000095217097073
Q46997055	6000000024638319252
Q46997420	6000000024638257008
Q469975	6000000006727753606
Q469976	6000000146296059865
Q4699780	6000000010506413032
Q46998016	6000000022758486055
Q46998079	6000000020907997425
Q46998171	6000000002644583227
Q46998204	6000000040996547879
Q46998243	6000000001174256702
Q469983	6000000120859504877
Q46998320	6000000027765995889
Q46998332	6000000001230669291
Q46998358	6000000180567567868
Q46998425	6000000034881083576
Q46998687	6000000024538840153
Q46998757	6000000002961459270
Q469996	6000000010590951267
Q46999763	6000000013690001767
Q4700	6000000016436157452
Q47000	6000000016127988098
Q470002	6000000011317350276
Q470004	6000000002325795879
Q470005	6000000039497155872
Q470007	6000000168993680070
Q47001355	6000000013343157453
Q47001474	6000000035181614446
Q470015	6000000122021485023
Q47001678	6000000027001534717
Q470023	6000000004189825222
Q47002377	6000000128100093878
Q47002524	6000000018037780367
Q47002570	6000000007969520367
Q470027	6000000067816104821
Q47002718	6000000020488618078
Q47002825	6000000025926313353
Q470030	6000000074753864844
Q470033	6000000025008429880
Q47003668	6000000020560098460
Q470040	6000000084849404052
Q470041	6000000010018910359
Q47004239	6000000025656978384
Q47004335	6000000023773331283
Q47004750	6000000007567060776
Q47005282	6000000026295781800
Q4700542	6000000010764290467
Q47005751	6000000176927370831
Q47005897	6000000114712415857
Q47006175	6000000030186296023
Q470062	6000000183182588835
Q4700621	6000000056836304898
Q470063	6000000029557705504
Q47006548	6000000006769728158
Q470067	6000000069421986843
Q47007	6000000104143674235
Q47007075	6000000041972352460
Q47007409	6000000029665589865
Q47007460	6000000026885931108
Q47007473	6000000008497497871
Q47007474	6000000029245967959
Q47007479	6000000019475308309
Q47007561	6000000010559691015
Q47007880	6000000009634476018
Q47008107	6000000043571731864
Q47008125	6000000044925147938
Q47008150	6000000014024196808
Q47008162	6000000011921590567
Q47008277	6000000006348733139
Q4700861	6000000044516107490
Q4700876	6000000000170371315
Q47008945	6000000011600056257
Q47008953	6000000011599810534
Q47009011	6000000010011183965
Q470091	6000000075326852857
Q470092	6000000118183625049
Q47009368	6000000216857060387
Q47009399	6000000176824729839
Q47009493	6000000006565579001
Q47009660	6000000011471557377
Q47009695	6000000042703109510
Q47009803	6000000003121624539
Q4701	6000000002141629184
Q470101	6000000184086798014
Q47010303	6000000007242724771
Q47010394	6000000010198488809
Q47010565	6000000079608864850
Q47010594	6000000095766654172
Q47011011	6000000006369982975
Q47011235	6000000175982462876
Q47011306	6000000114255041027
Q47011457	6000000025412823825
Q47011512	6000000053760041225
Q47011556	6000000018529181149
Q47011634	6000000000088261777
Q47011789	6000000076836479950
Q47011848	6000000013749280860
Q47011987	3972277692270045425
Q47012137	6000000024904991036
Q47012162	6000000024832977115
Q470123	4273968022860014834
Q47012320	6000000012056707676
Q47012408	6000000025358660377
Q47012494	6000000022977887972
Q47012516	6000000047501793211
Q47012739	6000000076689454101
Q47012760	6000000006835707644
Q47012772	6000000013733680592
Q47012841	6000000010817169569
Q470132	6000000040382485864
Q470133	6000000013735331118
Q4701360	6000000016383415286
Q470140	6000000060773062875
Q47014187	6000000185193266827
Q47014262	6000000108105930832
Q470147	6000000071426011915
Q47014769	6000000002501791754
Q47014859	6000000016747476446
Q47014978	6000000002214269177
Q47014991	6000000039894333103
Q47015941	6000000039917604003
Q47016085	6000000024432071184
Q47016858	6000000074061709821
Q470169	6000000002764852972
Q4701768	6000000084992410448
Q470177	6000000007718311626
Q4701770	6000000020785940163
Q4701777	6000000171918084034
Q47017953	6000000086069493840
Q47018093	6000000042981961882
Q470182	6000000029718450470
Q470190	6000000001665174352
Q470191	6000000008896270249
Q470193	6000000201712656882
Q470198	6000000008176993317
Q470200	6000000005740201001
Q4702090	6000000010008411177
Q470221	6000000040028090246
Q4702270	6000000011174260678
Q470242	6000000017739173474
Q470252	6000000025085413341
Q470260	6000000007357484356
Q470269	6000000015737086111
Q470282	6000000010849595542
Q47028502	6000000077465914787
Q47029171	6000000000599357567
Q47029488	6000000207958676833
Q4703059	6000000038040606614
Q470306	6000000010551528696
Q470313	6000000009397631385
Q470322	6000000074791708995
Q470334	6000000020444176241
Q470335	6000000016283748275
Q4703421	6000000037497116162
Q47034603	6000000006127682994
Q47034652	6000000006872088276
Q47034705	6000000025490377261
Q47034804	6000000025101377504
Q470349	6000000030999255905
Q47034905	6000000012850980545
Q47034909	6000000036267150275
Q47034913	6000000015726035516
Q47034921	6000000031294407576
Q47034929	6000000181185666822
Q47034988	6000000183920165891
Q47034994	6000000140761685922
Q47035009	6000000021134418063
Q47035015	6000000183779411857
Q47035039	6000000047971143927
Q47035104	6000000176754238829
Q47035177	6000000009044086177
Q470352	6000000036527523621
Q47035262	6000000013733558483
Q47035554	5260178281790066999
Q47035589	6000000017351206247
Q47035598	6000000019074257924
Q47035626	6000000116786813267
Q47035678	6000000012722709708
Q4703581	6000000076549037978
Q47036081	6000000024316602096
Q47036092	6000000000277892608
Q470361	6000000000238061054
Q470362	6000000010243147664
Q47037424	6000000139659255344
Q47037428	6000000005437508783
Q4703762	6000000182088119917
Q47038330	6000000017044848120
Q47038383	6000000013661154278
Q47038457	6000000024311772970
Q47038467	6000000179295130832
Q47038489	6000000007554409853
Q470388	6000000018303489061
Q470398	6000000002135458053
Q47040173	6000000009324243058
Q470405	6000000143328232822
Q4704055	6000000077773260739
Q4704130	6000000011170703828
Q4704150	6000000177101519970
Q4704193	6000000046924683220
Q47042239	6000000130340398822
Q4704282	6000000020973518690
Q4704287	6000000054363711912
Q4704337	6000000076107421246
Q4704344	6000000076624909148
Q470436	6000000094258114832
Q47044519	6000000022688196372
Q4704698	6000000179773098905
Q4704772	6000000101811762883
Q4704817	6000000005937036081
Q4704854	6000000028586781762
Q4704888	6000000010288877793
Q470492	6000000103731621846
Q470497	6000000023151767915
Q4704975	6000000003093329982
Q470500	6000000109731648832
Q470503	6000000008533210366
Q470529	6000000166933968862
Q470533	6000000002933546202
Q470534	6000000068423673864
Q470543	6000000145386429823
Q47054719	6000000186052847834
Q4705516	6000000016511338355
Q4705517	6000000044056660967
Q470554	6000000071506853868
Q47055580	310929011350002852
Q470578	6000000142741457822
Q470581	6000000000486265651
Q47058195	6000000002906980951
Q470583	6000000134413118901
Q470588	6000000028501144833
Q470591	6000000144408992857
Q4706102	6000000015817551469
Q4706156	6000000078313415938
Q470617	6000000187623012824
Q4706242	6000000008726394934
Q4706244	6000000015883563161
Q4706256	6000000011302086104
Q4706282	6000000026843376085
Q4706446	6000000066076437821
Q4706518	6000000009926256240
Q470654	6000000057805207889
Q470663	6000000024296532175
Q4706673	6000000019219689073
Q4706674	6000000009665108894
Q4706683	6000000026427149368
Q4706693	6000000036299000239
Q47067181	6000000077316907316
Q47067184	6000000003921080573
Q47067186	6000000025565922185
Q47067382	6000000180865976884
Q470674	6000000056985965054
Q47067958	6000000008199824629
Q470680	6000000032009682948
Q47068007	6000000038147544068
Q47068014	6000000022786868553
Q47068018	6000000024452627876
Q47068022	6000000029609847757
Q470681	6000000077639969340
Q47068192	6000000018726784124
Q47068250	6000000019105458740
Q47068442	6000000077439921823
Q47068451	6000000033285452397
Q47068526	6000000081110119855
Q47068699	6000000031870385973
Q4706925	6000000000701659118
Q4706981	6000000080180536535
Q4707016	6000000002968723256
Q470704	6000000014167212160
Q4707067	6000000003506997667
Q4707074	6000000009920329193
Q4707101	6000000096482935821
Q4707110	6000000017465965028
Q47071116	6000000017409079654
Q4707129	6000000002188551397
Q4707145	4821291873670079854
Q470718	6000000004205710152
Q470731	6000000052887228834
Q4707409	363711323970001161
Q47074502	6000000177843692924
Q470748	6000000000371528242
Q4707509	6000000040879699847
Q4707520	6000000004868937658
Q470755	6000000016421614667
Q4707575	6000000081145969958
Q470767	6000000041011150480
Q4707698	6000000014694081881
Q4707734	6000000014698514880
Q47077414	6000000071269545592
Q4707749	6000000088739037821
Q4707833	6000000011816292078
Q4707841	6000000000628763020
Q4707850	6000000022759537516
Q47078593	6000000069534715835
Q470786	6000000035199470977
Q4707928	6000000018022067808
Q470799	6000000046331995037
Q470812	6000000022170521363
Q4708151	6000000001551831145
Q4708171	6000000010641350517
Q4708192	6000000018860762444
Q47082299	6000000000019902596
Q4708284	6000000008384492306
Q4708285	6000000017088434925
Q4708286	6000000043659284160
Q470831	6000000021134645400
Q4708320	6000000006412966142
Q470847	6000000016828927770
Q470848	6000000015121088909
Q470856	6000000014019100864
Q4708671	6000000202238127868
Q4708684	6000000013340609155
Q47086846	6000000097336399863
Q47086865	6000000013670237228
Q4708711	6000000008808763366
Q47087146	6000000197226912823
Q470875	6000000022265662120
Q47087535	6000000010340562798
Q47087538	6000000010360063962
Q47087579	6000000002980202229
Q47087615	6000000003484992003
Q47087615	6000000120421585847
Q47087663	6000000002225386340
Q4708767	6000000164806995017
Q47087679	6000000006174892452
Q47087703	6000000001352354635
Q47087718	6000000006445916223
Q47087732	6000000000251880024
Q47087755	4690508946990089702
Q47087760	6000000003076498906
Q47087762	6000000003075903980
Q47087765	6000000008551566610
Q47087770	6000000005063315084
Q47087772	6000000005063400129
Q47087776	6000000002298453082
Q47088	6000000014585182554
Q47088041	6000000053737231993
Q47088199	6000000026434944220
Q47088574	6000000007725018565
Q47088625	6000000189021653839
Q47088635	6000000016189631348
Q47088703	6000000014170432278
Q47088809	6000000001637221067
Q47088820	6000000000251756417
Q47088823	6000000001353543178
Q47088828	6000000000560303259
Q47088840	6000000001188051710
Q47088846	6000000003076003124
Q47088855	6000000001188032705
Q47088960	6000000011345695300
Q470890	6000000030251127889
Q47089131	6000000008667807178
Q47089167	6000000034860636712
Q47089186	6000000002188477181
Q47089205	6000000002188477098
Q47089445	6000000015918825737
Q47089607	6000000091640582991
Q4709004	6000000012995871405
Q4709016	6000000020372642686
Q47090467	6000000009577409466
Q470909	6000000020869212306
Q47090984	6000000135760152850
Q47091231	6000000137613801229
Q47091822	6000000080063333070
Q47091974	6000000073577929524
Q47092635	6000000149451312038
Q47092664	6000000017805386351
Q47092738	6000000019624187982
Q470928	6000000019131848443
Q47092815	6000000003099166220
Q47092851	6000000002908647363
Q47092871	6000000001188184033
Q47092877	6000000001188184070
Q47092885	6000000000250512673
Q47092902	6000000000293431692
Q47092910	6000000000293431707
Q47092924	6000000000293433481
Q47092925	6000000058193057871
Q47092937	6000000004579722997
Q47092959	6000000004850331304
Q47092966	6000000000426575370
Q47092993	6000000001238658022
Q47093076	6000000017263870225
Q47093100	6000000004097348835
Q47093451	6000000001238806000
Q47093835	6000000001239006004
Q470939	6000000007700697731
Q470945	6000000050057566831
Q4709494	6000000000352440584
Q470954	6000000015085427192
Q470961	6000000008088508281
Q4709614	6000000045275290956
Q4709619	6000000012517119445
Q4709621	6000000049471013880
Q4709623	6000000015374596382
Q4709638	6000000120707940845
Q470964	6000000016400144671
Q4709640	6000000002820796482
Q4709683	6000000020971741413
Q4709690	6000000018102606812
Q4709698	6000000185163540008
Q4709751	371338429420012131
Q4709771	6000000099249015838
Q4709832	6000000108355335895
Q4709846	6000000154641559833
Q4709853	6000000023871920593
Q470986	6000000012414240658
Q4709874	6000000000205671869
Q4709884	6000000007312677541
Q4709916	6000000180781245826
Q4709943	6000000103883302972
Q4709953	6000000033606342892
Q47100	6000000013239472922
Q4710007	6000000014874779482
Q4710010	6000000060989251228
Q4710027	6000000016252323012
Q4710031	6000000164861586056
Q4710031	6000000186937659829
Q4710056	6000000000344636586
Q4710060	6000000016936078976
Q4710072	6000000024557680559
Q4710080	6000000078076460822
Q4710104	6000000041094083375
Q4710111	6000000013282508922
Q4710116	6000000023451081890
Q4710173	6000000034118373512
Q471018	6000000179933140835
Q47102	6000000004237788865
Q4710227	6000000013067811678
Q471023	6000000109517076873
Q4710230	6000000000206563135
Q4710240	6000000044388574690
Q4710246	6000000052779745821
Q4710263	6000000081117871194
Q4710268	6000000050816511824
Q4710274	6000000015169176564
Q4710275	6000000003635380508
Q4710276	6000000019924656914
Q4710297	6000000015182333317
Q4710308	4864069046870010832
Q4710312	6000000019125242342
Q471032	6000000027575562809
Q4710321	6000000005034308111
Q4710334	6000000074006260821
Q4710338	6000000071776252908
Q4710369	6000000074197339031
Q471037	6000000182405682859
Q4710382	6000000043431072720
Q4710388	6000000006796595292
Q4710397	6000000033837503870
Q4710415	6000000020643697601
Q4710422	6000000002373420052
Q4710450	6000000006444175183
Q4710500	6000000179250291858
Q4710502	6000000017378856871
Q47105259	6000000009925283295
Q4710526	6000000001655722126
Q4710544	6000000179027436956
Q4710558	6000000074087741881
Q4710559	6000000030663809128
Q4710567	6000000000329649148
Q47105709	6000000019716935316
Q4710575	6000000022274412739
Q471060	6000000014188674367
Q4710614	6000000184910605976
Q4710638	6000000013098264201
Q4710644	6000000001655712720
Q4710651	6000000034429618250
Q4710665	6000000003792231572
Q4710681	6000000038404341830
Q4710702	6000000022102389490
Q4710707	6000000149633413946
Q4710721	6000000009268550139
Q47107308	6000000018147333130
Q4710735	6000000012818915676
Q4710764	6000000166664424936
Q4710769	6000000025130513219
Q4710795	6000000017716228410
Q4710805	6000000002919364000
Q471081	6000000178198950852
Q4710843	6000000015605824868
Q47108853	6000000009389029090
Q4710888	6000000057566930821
Q4710895	6000000022190249677
Q4710896	6000000035768137996
Q4710919	6000000027899119187
Q4710938	6000000040701726600
Q4710939	6000000029855238991
Q4710939	6000000041606165950
Q4710946	6000000010841670400
Q4710980	6000000002831290247
Q4710982	6000000048301942190
Q4710990	6000000056193757881
Q4710993	6000000020342903055
Q4710996	6000000000878533233
Q47109978	6000000058980911904
Q4711018	6000000002579236343
Q4711044	6000000017919593042
Q4711049	6000000019277287155
Q4711077	6000000014874654013
Q4711083	5526991892090049820
Q4711085	6000000023459406413
Q4711090	4952767041150131177
Q4711130	6000000026186826680
Q4711134	295014689540002580
Q4711148	6000000008452347567
Q4711180	6000000005931521733
Q4711205	6000000002480112946
Q4711208	6000000018568820309
Q471121	6000000156672312821
Q4711213	6000000025618706505
Q4711244	6000000027898147805
Q4711255	6000000010081912330
Q4711313	6000000003605727070
Q4711363	6000000019755534811
Q47113829	6000000003282818528
Q4711384	6000000138960182898
Q4711386	6000000138959188080
Q4711391	6000000009269547640
Q4711394	6000000036489741653
Q471143	6000000026633757366
Q4711472	6000000207214235904
Q4711514	6000000026933313232
Q4711522	6000000126430095822
Q4711536	6000000025542273742
Q4711556	6000000011117891500
Q4711559	6000000003389038663
Q47115692	6000000150590606941
Q4711637	6000000004310222665
Q47117460	6000000041778042052
Q471175	6000000178987656821
Q4711768	6000000026147197048
Q471179	6000000137003555896
Q47117955	6000000030019889422
Q47118451	6000000071063112001
Q47118457	6000000021109716103
Q47119235	6000000033026942013
Q4711933	6000000083459567273
Q4711981	357705609880006960
Q47119813	6000000034658350846
Q47120	288464670320003682
Q4712033	6000000013899315642
Q471204	6000000028786026298
Q471207	6000000018061616709
Q4712167	6000000002565873924
Q4712188	6000000009956419527
Q47122	6000000016006512002
Q471222	6000000038712603934
Q4712231	6000000002819258678
Q4712254	6000000056429809860
Q4712295	6000000021123570280
Q4712298	6000000037889674021
Q47123145	6000000002802251699
Q471232	6000000090852844260
Q4712364	6000000048927404834
Q471237	6000000008205346192
Q4712372	6000000073182343228
Q4712414	6000000020699176367
Q471245	6000000019605501195
Q47124765	6000000049299349828
Q471250	6000000018546402741
Q4712511	6000000100251916012
Q4712535	6000000009592457547
Q471260	6000000000478097547
Q4712668	6000000009121590054
Q471269	6000000073498709826
Q471275	6000000010364886227
Q471278	6000000015445010447
Q47128085	6000000016099946339
Q47128283	6000000179533896823
Q471286	6000000003123439178
Q47129530	6000000016823486777
Q471303	6000000007220484543
Q471307	6000000015912721253
Q471309	6000000028103988198
Q471313	6000000016293427467
Q471315	6000000145375583837
Q47131905	6000000154700932872
Q471324	6000000020012621346
Q471325	6000000004968047341
Q471328	6000000068449652063
Q4713403	6000000039650654113
Q47134181	6000000127104309878
Q4713527	6000000072408736200
Q4713532	6000000000320748404
Q4713554	6000000176305086832
Q4713567	6000000018268455068
Q4713568	6000000016128861248
Q4713574	6000000040594040908
Q4713578	6000000046925179079
Q471387	6000000039503141112
Q47139	6000000042124651558
Q471393	6000000021810161496
Q4713941	6000000000608254242
Q4713964	6000000136887940849
Q471402	6000000008730742624
Q471406	6000000015988237093
Q4714100	6000000013267155492
Q4714105	6000000004671656938
Q4714124	6000000031371699881
Q47141434	6000000027724704006
Q4714182	6000000032321380362
Q471421	6000000001874251910
Q4714256	6000000013424838875
Q471428	6000000020456160020
Q4714283	6000000002143058583
Q471431	6000000174766148240
Q47143126	6000000016524539802
Q4714335	6000000101310256938
Q4714360	6000000002580674559
Q47144723	6000000055893327003
Q4714503	6000000048749855838
Q4714520	6000000040608355638
Q4714542	4467408324820044590
Q4714562	5545187480580117061
Q4714583	6000000000513713952
Q471460	6000000081733037893
Q4714600	6000000164670728432
Q4714655	6000000183714048859
Q4714703	6000000002433006099
Q47147076	6000000078692769849
Q47147093	6000000016211645330
Q4714722	6000000019766404368
Q471479	6000000056993216216
Q4714859	6000000016662492917
Q4714920	6000000018843090746
Q4714927	6000000022977167466
Q4714933	6000000010673278158
Q4714934	6000000006798322843
Q4714938	6000000015797069039
Q4714947	6000000002383266050
Q471495	6000000062151800833
Q4714958	337227918210011772
Q4714960	6000000010692976453
Q4714963	6000000015775059157
Q4714966	6000000002394659885
Q4714969	6000000006798487500
Q4714978	6000000009375587813
Q4714979	6000000002100892509
Q4714986	6000000014661233693
Q4714990	6000000037728921004
Q4715009	6000000024773252427
Q4715028	6000000023358571855
Q47152	6000000013302282601
Q47153764	6000000181233174881
Q47154079	6000000039202172827
Q471542	6000000008881347600
Q47155550	6000000150735982860
Q47155654	6000000002043119197
Q47155728	6000000011026192884
Q4715587	6000000002236812252
Q47156183	6000000010705902364
Q47158363	6000000026048329862
Q47159	6000000088375743964
Q4716031	6000000003798401049
Q4716155	6000000000047643505
Q471619	6000000015722989093
Q47162	6000000004654107097
Q47162194	6000000026049166883
Q471626	6000000009625033451
Q4716285	6000000018868764907
Q47163030	6000000036352383952
Q47163172	6000000001122248747
Q47163622	6000000019079044171
Q471638	6000000029309513991
Q4716404	6000000066842617922
Q471641	6000000137448019821
Q4716439	304383856610003816
Q4716502	368675552040003147
Q4716525	6000000025095182338
Q47165330	6000000015445526638
Q4716602	6000000051608051885
Q47166266	6000000015548147652
Q47166316	6000000010924134229
Q47166587	6000000178742533822
Q47167478	6000000011688930280
Q471694	6000000034563036869
Q47169741	6000000026029341161
Q4716981	6000000145331355974
Q4716984	6000000176890441834
Q471703	6000000019233183223
Q47170554	6000000084686308572
Q4717085	6000000000622205516
Q47171473	6000000008302363262
Q4717190	6000000074185439847
Q471727	6000000176937191867
Q4717330	6000000021052817044
Q4717364	6000000015748484273
Q471751	6000000002401669943
Q4717529	6000000017431157249
Q471764	6000000020360593876
Q471777	6000000013186074259
Q471794	1042392
Q471801	6000000176543466835
Q4718111	5415618129140067497
Q4718152	6000000084561890984
Q4718175	6000000016452592536
Q4718184	6000000004046878854
Q4718195	6000000103604445830
Q4718199	6000000103489047830
Q4718208	6000000027838684206
Q4718230	6000000017089145557
Q4718237	6000000029935375268
Q471824	6000000172299856966
Q4718242	6000000048051126950
Q4718251	6000000018048495964
Q4718265	6000000003288539141
Q4718270	6000000175384581030
Q4718277	6000000022511947959
Q4718278	6000000026137295276
Q4718301	6000000014726375917
Q4718311	6000000008630275004
Q4718322	6000000014482359754
Q4718324	6000000024531155513
Q4718326	6000000028103000258
Q4718353	6000000015590613492
Q4718354	6000000022248457544
Q4718359	6000000013246496617
Q4718363	6000000085255330187
Q47183677	6000000040286832431
Q47183677	6000000186871662848
Q47183824	6000000076189647936
Q4718386	6000000024462242090
Q4718391	6000000011308152779
Q4718396	6000000020798880624
Q4718401	6000000074812854122
Q4718402	6000000020311031045
Q471841	6000000080575745235
Q4718429	6000000156956731846
Q4718434	6000000027894589804
Q4718450	6000000008630269901
Q4718454	6000000000459894337
Q4718457	6000000004229170382
Q4718469	6000000021845018235
Q4718476	6000000003221122695
Q471851	6000000006580593073
Q4718517	6000000074814031869
Q4718523	6000000037149280319
Q4718533	6000000023833936672
Q4718539	6000000002764514670
Q471854	4983886426460118911
Q4718545	3383025
Q4718551	6000000101318629835
Q4718560	6000000003147128602
Q4718568	6000000017854379893
Q4718574	6000000189434094855
Q471858	6000000007849790681
Q4718588	6000000025437917243
Q4718590	6000000031939574244
Q4718614	6000000006582951054
Q4718620	6000000018788997727
Q4718621	6000000106674637896
Q4718625	6000000022784990523
Q4718631	6000000008639179446
Q4718645	6000000004086401730
Q4718657	6000000073519233019
Q4718658	6000000038592933906
Q4718660	6000000162003459981
Q4718665	6000000073503851057
Q4718669	6000000013289689192
Q4718684	6000000028022285036
Q4718733	6000000027288022078
Q4718734	6000000020215838273
Q4718747	6000000007897430156
Q4718753	6000000002975232849
Q4718764	6000000024907694429
Q4718769	6000000008780362438
Q4718776	6000000011648545136
Q4718778	6000000025414987503
Q4718788	6000000040372465898
Q4718829	6000000003446156786
Q4718832	6000000026067306096
Q4718873	6000000002115881129
Q4718874	6000000002024105838
Q4718876	6000000013384974454
Q4718878	6000000029029904044
Q4718887	6000000017203803163
Q4718888	6000000017203398104
Q4718889	6000000056542005209
Q4718891	6000000017202231347
Q4718892	6000000010360514417
Q4718897	6000000038687611981
Q4718903	6000000001975933716
Q4718909	6000000023414631883
Q4718911	6000000132340491979
Q471892	6000000012155020573
Q4718920	6000000075526746826
Q4718938	6000000020253591286
Q4718955	6000000106011696830
Q4718973	6000000002805492933
Q4718976	6000000013260339650
Q4718980	6000000008734043579
Q4718981	6000000000560081444
Q4718983	6000000018591086342
Q471899	6000000062812334891
Q4718993	363455350330012355
Q4719020	6000000014418404352
Q4719031	6000000066604365928
Q4719038	6000000015732841001
Q4719041	6000000015559724082
Q4719048	6000000006907183782
Q471905	6000000008060356693
Q4719056	6000000008630269818
Q4719061	6000000000953865106
Q4719064	6000000032631230031
Q4719067	6000000105321801913
Q4719071	6000000000953839536
Q4719077	310066225550004594
Q4719089	6000000038359515093
Q471909	6000000008825952771
Q4719091	6000000011341652499
Q4719102	6000000026578347924
Q4719110	6000000050114854966
Q4719112	6000000002281053156
Q471912	6000000016329719917
Q4719121	6000000056512783872
Q4719138	6000000010320857091
Q4719141	6000000040984579263
Q47191423	6000000035011346090
Q4719143	6000000000795131114
Q4719144	6000000095639767828
Q4719152	6000000041286305881
Q4719175	6000000010650179448
Q4719180	6000000186185196996
Q4719184	6000000021223830716
Q4719191	6000000175546555822
Q4719194	6000000001529243999
Q4719239	6000000029946060423
Q4719246	6000000027269642892
Q4719255	6000000030033739172
Q4719295	6000000024472186317
Q4719300	6000000083032867239
Q4719322	6000000018810269303
Q4719356	6000000034414523197
Q471937	6000000016329599694
Q4719374	6000000019011613287
Q4719382	6000000013593024423
Q4719389	6000000010207144443
Q4719391	6000000011173966212
Q4719397	6000000103948424859
Q4719408	6000000001398892231
Q4719411	6000000015801218335
Q4719412	6000000009794505706
Q4719422	6000000021264512198
Q4719432	6000000023980506083
Q4719442	6000000054455369825
Q4719461	6000000087308587986
Q4719470	6000000026355984185
Q4719479	6000000070271806176
Q471948	6000000006434719271
Q4719486	6000000003221246458
Q4719487	6000000003221246493
Q4719489	6000000010218986779
Q4719518	6000000020209718227
Q4719519	6000000016569142357
Q4719532	6000000012060749660
Q47195438	6000000034761684866
Q4719551	6000000002277787453
Q4719558	6000000025283752058
Q471957	6000000165618230835
Q4719577	6000000036240685729
Q4719580	6000000014350463967
Q4719581	6000000008394633959
Q4719608	6000000003265684425
Q4719610	6000000009633890232
Q4719637	6000000013937640478
Q4719638	6000000010792787803
Q4719644	6000000011706875941
Q471965	6000000015664107369
Q4719669	6000000021087931038
Q4719680	6000000009330651643
Q4719683	6000000010177708634
Q47196841	6000000020423348422
Q4719688	6000000068916087965
Q4719689	6000000184339139849
Q4719693	6000000034869573731
Q4719713	6000000015823128681
Q4719715	6000000002188529976
Q4719716	6000000019477147567
Q4719717	6000000037087478730
Q4719718	6000000037087572050
Q4719721	6000000002188493339
Q4719722	6000000027836202502
Q4719723	6000000017962543173
Q4719736	6000000011611933756
Q4719758	6000000038962138249
Q4719762	6000000120911806842
Q4719765	6000000023166262865
Q4719777	6000000103803115821
Q4719783	6000000159289120825
Q4719804	6000000049269175850
Q4719820	6000000074056931821
Q4719824	6000000013588561530
Q4719833	6000000000632009647
Q4719851	6000000078557291292
Q4719867	6000000018778568925
Q4719868	6000000014167103468
Q4719872	6000000004571308576
Q4719906	6000000047749569898
Q4719910	6000000000632150574
Q4719913	6000000003681287617
Q4719935	6000000037889381358
Q4719937	6000000018202829821
Q4719941	6000000004018379346
Q4719948	6000000012438269867
Q4719951	6000000033987601883
Q4719957	6000000120977737855
Q47199576	6000000082060688861
Q4719968	6000000083965446186
Q4720002	6000000012683543784
Q4720006	6000000034241107441
Q4720011	6000000087534614880
Q4720022	6000000003265297770
Q4720035	6000000036170764807
Q4720045	6000000003966465928
Q4720056	6000000002188028617
Q4720058	6000000099162209840
Q4720065	6000000037183044203
Q4720066	6000000013740801624
Q4720068	6000000023857012479
Q4720072	6000000013095472056
Q4720077	6000000008607263148
Q4720105	6000000022307184348
Q4720120	6000000046051575124
Q4720125	6000000074782724837
Q4720130	6000000019264273724
Q4720141	6000000014706080971
Q4720146	6000000003988593903
Q4720147	6000000011381832271
Q4720148	6000000011381874495
Q4720150	6000000002459851484
Q4720156	6000000023478230178
Q4720159	6000000002187992046
Q4720176	6000000012823100228
Q4720180	6000000007402710374
Q47201951	6000000080063167208
Q4720203	6000000019397127835
Q4720215	6000000183621677836
Q4720229	6000000027838157850
Q472024	6000000049072019988
Q4720241	6000000003216137107
Q4720248	6000000012536528711
Q4720258	6000000043181815006
Q4720268	6000000041037843066
Q4720270	6000000026378162866
Q4720286	6000000037672488445
Q4720295	6000000000037704087
Q4720304	6000000135665474911
Q4720315	6000000002908959503
Q4720319	6000000019379842684
Q4720322	6000000019380184082
Q4720328	6000000017261783052
Q4720351	6000000017572257037
Q4720362	6000000039102971156
Q4720362	6000000078910115139
Q4720371	6000000013402777113
Q4720374	6000000043851616438
Q4720375	6000000035109539081
Q4720390	6000000036173213238
Q4720399	6000000001591239067
Q4720409	6000000005048002286
Q4720427	6000000031029534282
Q4720429	6000000030471412319
Q4720472	6000000003219796362
Q472051	6000000039521161456
Q4720526	6000000004581033066
Q4720535	6000000041277195916
Q4720560	6000000088712194902
Q4720646	6000000018772038154
Q4720654	6000000004868044811
Q472071	6000000024171440843
Q4720726	6000000011205002790
Q4720734	6000000000351117227
Q47208248	6000000078827647863
Q472084	6000000178544672944
Q4720858	6000000010451771659
Q4720868	6000000011087815022
Q472089	6000000136791529368
Q4720909	6000000003274531437
Q472095	6000000027835036084
Q47209907	6000000108726834821
Q472101	6000000087775269842
Q47210413	6000000002355704138
Q4721202	6000000184075515833
Q4721209	6000000004268163534
Q4721225	6000000003959499987
Q472123	6000000042599906562
Q47213	6000000007121694058
Q4721409	6000000010104603105
Q4721424	6000000001384708321
Q4721428	6000000105780658907
Q4721465	6000000019115573439
Q472147	6000000043856713574
Q4721504	6000000076931222215
Q4721642	6000000006335732577
Q47216472	6000000096330535869
Q4721652	6000000013214697813
Q4721665	6000000006789293302
Q4721673	6000000011512185213
Q4721682	6000000002710080090
Q4721696	6000000029265431321
Q4721702	6000000015594809111
Q4721705	6000000035603812362
Q472172	6000000006131335087
Q4721731	6000000173068737843
Q4721742	6000000017701999984
Q4721749	6000000007034565088
Q4721750	6000000007034102601
Q4721751	6000000204743206828
Q4721754	6000000014451552027
Q4721763	6000000001442731793
Q4721794	6000000018856114638
Q4721796	6000000015803986656
Q472182	6000000071897513749
Q472186	6000000008269958481
Q47218838	6000000039818719602
Q472190	6000000015259798843
Q4721953	6000000031009680200
Q4722004	6000000040926078821
Q4722019	6000000026681487688
Q4722030	6000000003637348932
Q4722041	6000000003815860424
Q472212	6000000035210191210
Q4722127	6000000011238123436
Q4722184	6000000021990181601
Q4722188	6000000032582993847
Q4722189	6000000033258470461
Q4722214	6000000059815400944
Q4722240	6000000009180154873
Q4722241	6000000010340665160
Q4722255	6000000029658690168
Q4722255	6000000195386603132
Q4722258	6000000038779142347
Q4722267	378432368630004433
Q4722280	6000000012554616515
Q4722339	6000000176423569831
Q4722340	6000000077229648311
Q472237	6000000018604052003
Q4722382	6000000107498879904
Q4722412	6000000000347289972
Q4722414	6000000032150354003
Q4722421	6000000028334032929
Q4722429	6000000051550550034
Q4722434	6000000018458943609
Q4722439	6000000050415547930
Q4722449	6000000046299697080
Q4722455	6000000052360584868
Q4722461	6000000006989489997
Q4722462	6000000000241830397
Q4722470	6000000009128265260
Q4722472	6000000026240887791
Q4722473	6000000065778581844
Q4722478	6000000010045097737
Q4722485	6000000013414863980
Q4722489	6000000026049202534
Q472249	6000000037810822763
Q4722491	6000000026049548384
Q4722492	6000000026049625047
Q4722495	6000000028724549933
Q4722496	6000000169710971921
Q4722504	6000000007005543975
Q4722519	6000000025944354115
Q4722535	6000000165170321337
Q472254	6000000026216919180
Q4722556	6000000088312887007
Q4722557	6000000088313254968
Q4722569	6000000000985981438
Q4722571	6000000011852251844
Q4722581	6000000012554276042
Q4722585	6000000035460591106
Q47225937	6000000009365556371
Q4722601	6000000006729039162
Q4722604	6000000185630481036
Q4722609	6000000174825271074
Q4722617	6000000180895575973
Q4722620	6000000008631003821
Q4722636	6000000189814354825
Q4722639	6000000084969907009
Q4722674	6000000010011149260
Q4722676	6000000039008004111
Q4722680	6000000010629950239
Q4722687	6000000022498989514
Q4722698	6000000003177921848
Q472270	342105834810006166
Q4722707	6000000020860873057
Q4722713	6000000027269030432
Q472272	6000000004860875540
Q4722724	6000000013248218792
Q4722728	6000000145328303972
Q4722730	6000000067943638133
Q4722733	6000000104622194886
Q4722740	6000000027199354943
Q4722748	5044946078770069713
Q4722765	6000000208864313842
Q4722768	6000000105323922930
Q4722799	6000000002518065372
Q4722800	6000000029308918232
Q4722804	4590923
Q4722812	6000000202296240856
Q4722815	6000000040008633595
Q472282	6000000004037658406
Q4722827	6000000168140535322
Q4722883	6000000080860364956
Q4722896	6000000130187184206
Q4722912	6000000019083946004
Q4722918	6000000003747049114
Q4722927	6000000002324112269
Q4722941	6000000040591534513
Q4722944	6000000037591654845
Q4722957	6000000032140583900
Q4722960	6000000006970334090
Q4722969	6000000152308342821
Q4722974	6000000034418464360
Q4722996	6000000006335732563
Q4723004	6000000004571296845
Q4723016	6000000055019468090
Q4723031	6000000091016273859
Q4723036	6000000069927666390
Q4723038	6000000069902882172
Q4723040	6000000000937365368
Q4723041	6000000023453385938
Q4723042	6000000007006140737
Q4723047	6000000007612557738
Q4723052	6000000053049533026
Q4723055	6000000024033926075
Q4723056	6000000187650655830
Q4723059	6000000080277536068
Q4723060	6000000004151773095
Q4723061	6000000116265993996
Q4723069	6000000196622213822
Q4723081	6000000004151631588
Q4723082	6000000148590301896
Q4723084	6000000024690450860
Q47231	6000000005783131190
Q4723102	6000000015747296120
Q4723113	6000000188669199831
Q4723116	6000000057476181223
Q4723132	6000000024403923861
Q4723172	6000000020025141421
Q4723191	6000000042510785053
Q4723195	6000000000073666315
Q4723203	6000000023872770105
Q4723244	6000000002073491675
Q4723256	6000000221490276846
Q4723261	6000000056215872043
Q4723263	6000000055862294015
Q4723282	6000000004956827075
Q4723284	6000000026282622417
Q4723298	6000000016476790046
Q472330	4259282237630037020
Q4723329	6000000018109709018
Q4723336	6000000019939504004
Q4723344	6000000033869694979
Q4723345	6000000075009109111
Q4723368	6000000017596097143
Q4723373	6000000008220768712
Q4723380	6000000023524113360
Q4723383	6000000010908227564
Q4723386	6000000024715921733
Q4723389	6000000034324175959
Q4723397	6000000046188064896
Q4723400	6000000028875537265
Q4723405	476618
Q4723408	6000000097006570957
Q4723426	6000000054106903834
Q4723428	6000000002188489363
Q4723439	6000000053450282943
Q4723446	6000000008726254689
Q4723452	6000000013580341106
Q4723462	6000000014813205001
Q4723469	6000000017352335265
Q4723473	6000000055343688851
Q4723479	6000000014853033240
Q4723497	6000000180531895892
Q4723521	6000000012985673113
Q4723526	6000000011011855770
Q4723536	6000000011128967932
Q4723539	6000000010145271983
Q4723568	6000000008539933476
Q4723570	6000000012687527421
Q4723577	6000000041052409037
Q4723587	6000000075804967942
Q4723598	6000000011044064976
Q4723604	6000000015712188205
Q4723617	6000000105884396930
Q4723628	6000000098393092830
Q472364	6000000034606493660
Q4723646	6000000000720008889
Q4723647	6000000075879997175
Q4723654	6000000013429235999
Q47236555	5258978434260072422
Q4723674	6000000083784392078
Q4723680	6000000036766844315
Q4723681	6000000010934410911
Q4723700	6000000178334297706
Q4723726	6000000003329684176
Q4723728	6000000013239086594
Q4723748	6000000077896500923
Q47237496	6000000036326764625
Q472375	6000000055064811844
Q4723765	6000000067951995931
Q47237783	6000000006444774644
Q4723816	6000000173225225174
Q47238411	6000000006582519049
Q47238587	6000000010964155913
Q47238760	6000000178055167875
Q47238944	6000000003967272429
Q4723918	6000000003011918765
Q472396	6000000090582773870
Q4724	6000000030415788978
Q47240154	6000000183640285830
Q47240173	6000000184155210831
Q47240181	6000000010466491666
Q4724135	6000000054030523917
Q4724136	6000000002831290290
Q4724137	6000000006743286065
Q4724139	6000000024967314869
Q4724140	6000000005599033500
Q4724145	6000000039258120135
Q4724146	6000000002115961687
Q4724149	6000000026919185897
Q4724151	6000000003985149756
Q4724152	6000000009772023861
Q4724158	6000000007644906694
Q4724160	6000000017892324698
Q4724166	6000000075319639059
Q4724169	6000000007468224316
Q4724170	6000000033523085553
Q4724173	6000000006306759010
Q4724175	6000000032024865101
Q4724177	6000000013016447333
Q4724178	6000000010135886896
Q4724183	6000000005760798069
Q4724185	6000000020304701152
Q4724186	6000000022404964408
Q4724187	6000000023091149311
Q4724234	6000000081241834013
Q47242941	6000000043143251338
Q47243	6000000014765951256
Q4724475	6000000023449666104
Q4724605	6000000108450814821
Q472463	6000000000951042507
Q47247425	6000000019584600532
Q472490	6000000021398995414
Q472498	6000000026406918621
Q47250571	6000000002802590907
Q472506	6000000012572714232
Q472510	6000000046853889674
Q472517	6000000017285865370
Q472518	6000000194804808849
Q472520	6000000027930954231
Q472525	5591313907120139781
Q472535	6000000010789031559
Q472547	6000000013205057829
Q472549	6000000038380572928
Q47255040	6000000024407751447
Q4725569	6000000001288435072
Q472562	6000000014328555050
Q4725733	6000000129385053959
Q4725738	6000000179803491837
Q4725751	6000000009298492595
Q472576	6000000055171667886
Q4725769	6000000008715281127
Q4725770	6000000027910770688
Q472578	6000000031893473396
Q4725780	332441855750004940
Q4725783	6000000003419709214
Q4725796	6000000029665769839
Q4725832	6000000181795491987
Q4725834	6000000040467036371
Q4725840	6000000013753739253
Q4725858	6000000005966758093
Q4725862	6000000018492170493
Q4725895	6000000099069494832
Q47259029	6000000006713498178
Q4725909	6000000023655458300
Q4725958	6000000000714790099
Q4725969	6000000005415715839
Q4725984	6000000020097592106
Q472599	6000000016659527395
Q4726000	6000000010181140888
Q4726005	6000000004993778710
Q472601	6000000157510092836
Q4726018	6000000012442175558
Q472602	6000000010732526132
Q4726041	6000000043494091002
Q4726060	6000000090581871045
Q4726063	6000000162136396827
Q4726082	6000000038317118073
Q4726090	6000000002188536371
Q4726097	6000000003232579147
Q4726109	6000000003052509358
Q47261104	6000000075427246699
Q4726132	6000000025025386376
Q4726161	6000000151395792822
Q4726177	6000000015041339634
Q472623	299651508540003622
Q4726295	6000000015517018878
Q4726296	6000000008941373940
Q472635	4107583
Q472639	6000000003216090115
Q472646	6000000001260975059
Q472656	6000000163482409825
Q4726628	6000000019133940588
Q4726750	6000000016638477415
Q4726760	6000000050309910876
Q4726762	6000000019456802941
Q4726791	6000000185693338079
Q47268343	6000000017190721256
Q472691	6000000013514471170
Q472692	6000000001340447473
Q472697	6000000041318392868
Q47270118	6000000078773926991
Q4727017	6000000168828047223
Q472719	6000000003827330256
Q4727269	6000000012600703639
Q472732	6000000013077120738
Q4727348	6000000026011732456
Q472749	6000000002844953449
Q4727505	6000000019148038515
Q4727511	6000000022202584690
Q4727526	6000000076906001029
Q472756	383215207130011486
Q472772	6000000107271274153
Q472796	6000000012134027674
Q47282425	6000000003067566102
Q472830	6000000011503175034
Q47284	6000000022540653026
Q472845	6000000157700449821
Q47285	6000000001600098261
Q472851	6000000021936689301
Q4728519	6000000032268313348
Q472856	6000000000620838241
Q472860	6000000024875547513
Q47286375	6000000056471788854
Q472866	347785813880012657
Q472887	6000000062919613903
Q472891	6000000014112870151
Q472897	6000000019728261489
Q47291621	6000000100044751827
Q47291666	6000000059600621964
Q47291696	6000000037502546839
Q47291770	6000000025220072382
Q47291810	6000000174881627923
Q47292	4414000
Q47293	6000000010764509598
Q47293541	6000000086588769870
Q472936	6000000181588105847
Q47293903	6000000019337032001
Q47294196	6000000017071062142
Q472946	6000000003481726741
Q47294602	6000000018961586081
Q47295033	6000000017048074028
Q472954	6000000018696375263
Q472961	6000000070624705033
Q472970	6000000031648460755
Q472989	6000000010389470655
Q47299736	6000000095441537825
Q47299736	6000000184730734910
Q4730382	6000000015042225442
Q47303902	6000000080860546395
Q47303907	6000000086587660181
Q473050	6000000019385923055
Q4730501	6000000026843016727
Q4730508	6000000005759573551
Q4730572	6000000082995150579
Q4730583	6000000058295306821
Q47305939	6000000075054295854
Q473060	6000000002304406668
Q4730600	6000000097162425822
Q47306289	6000000003523546025
Q47306289	6000000042870420466
Q4730635	6000000046714823161
Q47306394	6000000022874673786
Q4730644	6000000003042910456
Q4730651	6000000001969271339
Q473066	6000000001915978007
Q4730670	6000000022976173109
Q4730703	6000000007547868292
Q4730721	6000000029410877415
Q473081	6000000110822419005
Q4730816	6000000000352499141
Q4730817	6000000056593515518
Q4730837	6000000068939593821
Q4730846	6000000036158019089
Q4730849	6000000031801138478
Q473096	6000000010118966685
Q4731015	6000000048109083939
Q4731027	6000000023922523289
Q4731140	6000000013063382415
Q4731144	6000000020327239255
Q4731151	6000000009458885407
Q4731217	6000000053446130992
Q473139	6000000008309832939
Q4731397	6000000009076640825
Q473143	6000000011360065547
Q47314927	6000000078360868282
Q4731504	6000000001100561533
Q4731510	6000000006582050582
Q4731527	6000000011485216118
Q4731531	6000000011485774827
Q4731534	6000000052904539210
Q4731560	6000000014072335049
Q4731566	6000000002337999856
Q4731569	6000000026066385330
Q4731615	6000000014265302923
Q4731655	6000000003739225094
Q4731664	6000000030670983748
Q4731667	6000000021972643436
Q4731674	6000000015647785791
Q4731729	6000000003277800558
Q4731729	6000000017866491189
Q473173	6000000151136208899
Q4731776	6000000001806826333
Q47317910	6000000042313993093
Q47317997	6000000005599217185
Q47318154	6000000002188508048
Q4731817	6000000016066308023
Q47318240	6000000015483843753
Q47318339	6000000020438562014
Q47318374	6000000016317496749
Q47318388	6000000034907848181
Q47318488	6000000037651085971
Q47318521	6000000023222012890
Q473186	6000000020538895090
Q4731893	6000000004977451824
Q47318945	6000000082644151889
Q4731904	6000000012375958373
Q47319183	6000000130096435135
Q47319195	6000000181330134821
Q4731943	6000000095268791860
Q473208	6000000037061206654
Q473225	6000000008496890943
Q473239	6000000044786014838
Q4732515	6000000066966188983
Q4732517	6000000041528283510
Q473257	6000000001228020429
Q4732694	6000000016147353220
Q4732800	6000000009487956160
Q4732804	6000000140180124036
Q4732843	6000000104908603922
Q473287	6000000042514163932
Q4732898	6000000163568433877
Q47329514	6000000007295294552
Q473306	6000000067023231905
Q473318	6000000001401167782
Q473330	6000000025988440517
Q4733330	6000000008873847480
Q4733450	6000000029456024113
Q4733452	6000000036288612143
Q4733521	6000000088967612045
Q4733523	3267640
Q4733533	6000000001857104491
Q4733538	6000000016631655363
Q4733597	6000000042631029614
Q4733604	6000000009552956792
Q4733608	6000000156866877823
Q4733620	6000000022580379388
Q473366	6000000009696779262
Q4733782	6000000000727131597
Q4733832	6000000018479916280
Q4733834	6000000012609432547
Q4733875	6000000177163770860
Q4733876	6000000103752646214
Q4733878	6000000008443642527
Q4734213	6000000031686417681
Q4734258	6000000042072325953
Q4734281	6000000081519385930
Q4734286	6000000164911883973
Q4734472	6000000037597321250
Q4734493	6000000037517363200
Q4734522	6000000004069231558
Q4734526	6000000155157430870
Q4734542	6000000024270366988
Q4734543	6000000013249646461
Q4734544	6000000077557476158
Q4734564	6000000000074506663
Q47345747	6000000005951777258
Q4734578	6000000012786951545
Q4734584	352353631090012994
Q47349774	6000000050082584914
Q47352328	6000000001742659550
Q4735300	6000000024333381395
Q4735301	6000000174366142121
Q4735311	6000000026052491748
Q47353253	6000000019079571230
Q47353314	6000000218287002864
Q47353318	6000000010401745220
Q4735357	6000000177080822825
Q4735374	6000000002764373981
Q473539	6000000143758984973
Q4735402	6000000003061678116
Q47355975	6000000047804137346
Q47357692	6000000009974536144
Q4735777	6000000108312175884
Q4735825	6000000041138684481
Q4735997	6000000000720012878
Q473613	6000000012667937965
Q47363967	6000000020963079436
Q47363987	6000000006568441773
Q47364178	6000000013601285636
Q47364487	6000000009263723217
Q47364607	6000000010440546333
Q47364723	6000000003953512674
Q47364743	6000000002188495501
Q47365	6000000000843602131
Q47365112	6000000036911640269
Q47365881	6000000013441121897
Q47366002	6000000015406056321
Q4736704	6000000196950772871
Q473685	6000000012132624516
Q4736918	6000000073850224826
Q47371721	6000000012021267461
Q473723	6000000015413116083
Q473756	6000000003011286030
Q4737618	6000000068345807163
Q4737626	6000000013587610751
Q4737639	6000000023052154461
Q4737650	6000000014161872723
Q4737653	320607645750006367
Q4737657	6000000015465490724
Q473770	6000000016434462607
Q473771	6000000010440896346
Q473775	6000000003742234162
Q473780	6000000032143337479
Q473782	6000000063205509856
Q473785	6000000017287595302
Q4738032	6000000018647347744
Q4738046	6000000003177832647
Q4738053	6000000007914874553
Q4738056	6000000183308118822
Q4738077	6000000000260507323
Q4738089	6000000079419786231
Q4738145	6000000038318946259
Q4738214	6000000149707326849
Q4738229	6000000006907138731
Q4738248	6000000036206826788
Q473841	346531082170011003
Q473847	6000000016514734261
Q4738704	6000000002188514234
Q4738832	4027609
Q473885	6000000006727749366
Q4738993	6000000014280060981
Q4739020	6000000084941044874
Q4739071	6000000008300697748
Q4739074	4965148877690052875
Q4739079	6000000001035432026
Q47391181	6000000078312568531
Q4739346	6000000055534895775
Q4739397	6000000073433119839
Q4739405	6000000005441967227
Q473941	6000000021882825361
Q4739418	6000000009290751777
Q47394666	6000000086587142129
Q4739544	6000000000875696237
Q4739591	6000000057735780128
Q473961	6000000015807041997
Q4739627	6000000011795073807
Q47396307	6000000077074118985
Q4739644	6000000019317725459
Q4739649	6000000033520863899
Q4739670	6000000039178414140
Q4739699	6000000037033106614
Q4739768	6000000017948402889
Q4739774	3467740
Q4739804	6000000057735876822
Q4739832	6000000021413405393
Q47401808	6000000013752387378
Q47403425	6000000003715710063
Q4740365	6000000011071057843
Q4740374	6000000017797686542
Q4740375	6000000042085722386
Q4740383	380818507490011282
Q4740385	6000000195643429827
Q4740387	6000000015732785087
Q474066	6000000054424479920
Q4740763	6000000089633618847
Q4740821	6000000024010387634
Q47408761	6000000005219950941
Q47411941	6000000030025985308
Q474120	6000000018835237271
Q47412329	6000000007789663238
Q4741297	6000000208113852823
Q4741298	6000000015337092479
Q474144	6000000083465743342
Q4741738	6000000049383291852
Q4741766	6000000031500481921
Q4741772	6000000000153982812
Q4741773	6000000013011113868
Q4741776	6000000013575045274
Q4741778	6000000000356932354
Q4741781	6000000031910890041
Q4741804	6000000018032494646
Q4741818	6000000020666053793
Q4741823	6000000026653976331
Q4741829	4438513241180076895
Q4741850	6000000015189636170
Q4741864	6000000013131664889
Q4741865	6000000056338855032
Q4741868	6000000027778779304
Q4741871	6000000019454171004
Q4741906	6000000013238601198
Q4741907	6000000031907317714
Q4741910	6000000005404649012
Q4741912	6000000009187454003
Q474192	6000000016975690063
Q47419209	6000000027855661067
Q474216	6000000020957605947
Q474217	6000000038192593544
Q47421733	6000000016035059202
Q474219	6000000003086322620
Q474220	6000000014357381371
Q4742208	6000000002188586713
Q4742229	6000000027465594320
Q4742233	6000000000769944719
Q474225	6000000001424408863
Q4742260	6000000013971158402
Q4742279	6000000010028121054
Q4742326	4682052948130120808
Q474235	323099058710002598
Q474250	6000000003147128732
Q47426	6000000002591768335
Q474264	6000000002939134824
Q474271	6000000012674021431
Q474290	6000000023780824105
Q474292	6000000000766977059
Q474313	6000000004536346194
Q474324	6000000017250331419
Q474331	6000000025768533732
Q474333	6000000035475730080
Q47434023	6000000105883650940
Q4743417	6000000024846857843
Q474344	6000000007827280044
Q474358	6000000017973415804
Q47436058	6000000035158240237
Q474392	6000000007934938336
Q47442947	6000000173001124999
Q474430	6000000019978974812
Q47443835	6000000003206861271
Q47444146	6000000041664036850
Q474461	6000000034563892866
Q47447	6000000040331447588
Q474490	6000000020506704762
Q474494	6000000201015112832
Q474499	6000000000484521539
Q47450558	1720363
Q47450770	6000000016273710340
Q47450857	6000000005577278777
Q47450962	6000000058937431439
Q47451018	6000000034404995190
Q47451036	6000000002499130425
Q47451138	5049592159500132406
Q474518	6000000015227761706
Q474519	6000000013634713554
Q474522	6000000019634010614
Q47452414	6000000031883885869
Q47452624	6000000048080194157
Q47452848	6000000135577250857
Q47452970	6000000023295682069
Q47452980	6000000069047077856
Q47453018	6000000020829650977
Q47453155	6000000050031718833
Q47453197	6000000107456746861
Q474532	6000000010470816494
Q47453327	6000000209545512853
Q47453403	6000000208177349853
Q47453408	6000000021968295353
Q47453460	6000000017264746998
Q47453480	6000000014662618484
Q47453517	6000000205960036844
Q47453658	6000000086048359002
Q47453660	6000000088460146827
Q47453666	6000000039707148218
Q47453706	6000000050599102911
Q47453789	6000000005230878846
Q474538	6000000078770823055
Q47453830	6000000073587528870
Q47453873	6000000042752924385
Q47453876	6000000032297760157
Q47453902	6000000042373043211
Q47453966	6000000182352638826
Q47454002	6000000038218295136
Q47454121	6000000067513058832
Q47454229	6000000015718241432
Q47454293	6000000015718268243
Q47454569	6000000105385056831
Q47454859	6000000010096235525
Q4745491	6000000018663696219
Q47454961	6000000026206108738
Q47454994	6000000031570854133
Q47455167	4613548357190127089
Q47455279	6000000004594270349
Q4745533	6000000024141978867
Q47455697	6000000022977668469
Q4745580	6000000007589509019
Q47455922	6000000015661096887
Q47456133	6000000002188389119
Q47456253	6000000000605768976
Q47456395	6000000006828445147
Q47456430	6000000176072421928
Q47456514	6000000012647051255
Q47456559	6000000029065402970
Q47456631	6000000043272887550
Q47456648	6000000004868960433
Q47456760	6000000009891750970
Q4745695	6000000003147132126
Q47457203	6000000176788256873
Q47457575	1793387
Q47457583	6000000043404692883
Q47457627	6000000018894598031
Q47457670	6000000015282173677
Q474578	6000000018977447568
Q47458174	6000000020720002361
Q47458291	6000000010536179862
Q47458790	6000000035425693185
Q47459774	6000000017689987065
Q47460007	6000000017345558526
Q47460305	6000000176818781838
Q47460408	6000000145956850874
Q47460721	6000000011456697497
Q47461914	6000000021211270603
Q47461943	6000000020948900825
Q47462056	6000000006128036005
Q47462088	6000000078671726360
Q47462120	6000000001299356285
Q47462230	297577728700005442
Q47462245	6000000002188526328
Q47462318	6000000017078316070
Q474624	6000000020649323503
Q474625	6000000033747259914
Q47462848	6000000012623426552
Q47462894	6000000177080436837
Q47463027	6000000050587614864
Q47463103	6000000087140271862
Q47463134	6000000010811476956
Q47463396	6000000001877484696
Q47463562	6000000026452280848
Q47463569	6000000002090482364
Q47464280	6000000031671395495
Q47465296	6000000007176701480
Q47465503	6000000208818279826
Q47465640	6000000015781597277
Q47466041	6000000005438470772
Q474672	6000000007723152117
Q47467436	6000000006886573257
Q47467705	6000000074751139918
Q47467971	6000000004967893761
Q47468034	6000000085512703914
Q47468264	6000000162005148821
Q47468303	6000000162005066872
Q47468329	6000000162004855961
Q47468414	6000000002188496979
Q47468551	6000000174345059315
Q47468575	6000000111431420821
Q47468594	6000000156826651847
Q47468603	6000000054632812849
Q47468606	6000000054632490124
Q47468683	6000000072502653101
Q47468688	6000000151399717865
Q47468972	6000000179791794834
Q47469080	6000000011643849178
Q47469260	366505102880011861
Q47469336	6000000028800066071
Q47469349	6000000074470495157
Q47469431	6000000047328487266
Q47469776	6000000000320705124
Q474707	6000000022749451587
Q47471388	6000000014341726015
Q47471538	6000000008661755555
Q47471628	6000000059942305826
Q47471761	6000000073416597033
Q47471765	6000000073417223823
Q4747269	6000000004538018818
Q4747270	6000000002545883153
Q47472711	6000000008630274955
Q47472727	6000000026041356522
Q47472996	6000000002802251740
Q47473061	6000000035375790248
Q4747350	338474026100012830
Q474738	6000000017159401641
Q47473987	6000000004175966354
Q4747436	6000000017535980214
Q47474434	6000000038940850386
Q474746	329030000500002342
Q47474752	6000000075249109194
Q47475705	6000000009397137401
Q474763	6000000037339282955
Q4747636	6000000074416245822
Q47476863	6000000019934332289
Q47476869	6000000015655938686
Q47477543	6000000012752914097
Q47477647	6000000019994008136
Q47477673	6000000015665034880
Q4747800	6000000027853156128
Q4747805	6000000017535926670
Q4747822	6000000177149481900
Q4747824	6000000014357667009
Q4747835	6000000034599875377
Q47478403	6000000003086959982
Q4747843	6000000003287517117
Q4747853	6000000017488014741
Q47478547	6000000010301689375
Q4747856	6000000009504044114
Q4747859	6000000014355503284
Q4747869	6000000046812106788
Q4747890	6000000002713577687
Q4747903	6000000010487198238
Q4747937	6000000012749968912
Q4747952	6000000038831796416
Q4747954	6000000013620656008
Q4747956	6000000070866589044
Q474796	6000000019264809206
Q4747965	6000000015579814709
Q4747967	6000000003197552424
Q47480	6000000000554277261
Q474801	6000000001142257482
Q474802	5294796818400123982
Q474810	6000000000076361207
Q47481470	6000000011252835870
Q47482013	4229864855880033763
Q47482211	6000000011628014910
Q47482228	6000000011628499577
Q47482235	6000000018761094509
Q47482256	6000000032948500287
Q47482530	6000000015321426092
Q47482671	6000000192575170868
Q47482897	6000000017399965557
Q47482951	6000000023734063041
Q47483059	6000000005598803527
Q47483112	6000000036082817484
Q47483261	6000000054970586943
Q474834	6000000003473290184
Q47484	6000000014620455148
Q47484093	6000000001877493192
Q47484153	6000000007224132392
Q47485181	6000000030026063874
Q47485362	6000000019659181820
Q47485426	6000000005599044862
Q474855	6000000026407347854
Q47485633	6000000028691753781
Q47485791	6000000007760185308
Q47485802	6000000003344436257
Q47486478	6000000010769521276
Q47486533	6000000017435903462
Q47486728	6000000011168683218
Q47486891	6000000002188475461
Q47486897	6000000017875791631
Q47486968	6000000002188552722
Q47487019	6000000018234159778
Q47487054	6000000178152033863
Q47487066	6000000005739923774
Q47487653	6000000005740688002
Q4748777	6000000010581053437
Q47488438	6000000015821971696
Q47488551	6000000036032587758
Q47488675	6000000005770351218
Q47488856	6000000005599044812
Q47489504	6000000017414232600
Q4748963	6000000003206310173
Q47490324	6000000040898889345
Q47490411	6000000181116991861
Q47490598	6000000000632017168
Q47490687	6000000000889110758
Q474907	6000000029280378802
Q4749079	6000000019152231109
Q4749087	4702641324180034006
Q4749165	6000000206010989852
Q47491657	6000000090583366821
Q47491667	6000000003868515860
Q4749170	6000000010561996668
Q4749171	6000000030222598718
Q47491942	6000000020772803829
Q47492443	6000000040899168957
Q47492605	6000000025079524661
Q4749274	6000000055890285179
Q4749287	6000000086539182852
Q47493042	6000000073648334106
Q47493165	6000000012983996919
Q47493584	6000000031046789777
Q4749380	6000000027758425013
Q4749417	6000000175369596200
Q474943	6000000000511219829
Q4749431	6000000139641882120
Q47494371	6000000002188383864
Q47494696	6000000007410655294
Q4749480	6000000133994590868
Q47494857	6000000013282323558
Q47495052	6000000056322337890
Q47495102	320636341070007953
Q47495238	6000000156860422837
Q47495417	6000000000273174185
Q47495603	6000000091336691923
Q4749588	6000000039756441988
Q47496	6000000049279717835
Q4749615	6000000014979774851
Q47496252	6000000018319661241
Q47496535	6000000101121494925
Q47496575	6000000002188489177
Q4749659	6000000100866444963
Q47496745	6000000099429361918
Q47498226	6000000022757008634
Q47498527	6000000093909301943
Q47498746	6000000021786419652
Q47498789	6000000048792720046
Q47499453	6000000044219255864
Q47499732	6000000185598202162
Q475	6000000002286575288
Q47500000	6000000058186596854
Q47500297	6000000003027296026
Q47500364	6000000023526869603
Q47500619	6000000190453163309
Q47500949	6000000186294205222
Q47500970	6000000154050279821
Q47501669	4530432689460050652
Q47502055	6000000039863281845
Q47502209	6000000181321349843
Q47502654	6000000127279571834
Q47502714	6000000174535418499
Q47502776	6000000020077018046
Q4750361	4571378357530121138
Q4750420	6000000043963013066
Q47504556	6000000020110765319
Q4750458	6000000069459215231
Q47504806	6000000173517376365
Q4750491	6000000195982460903
Q4750494	363004845310011347
Q47504972	6000000036268735087
Q4750531	6000000011997411745
Q4750543	6000000016294248567
Q47505801	6000000003579024495
Q47505881	6000000019195733073
Q47505935	6000000006128152809
Q47506053	6000000011706347252
Q47506068	6000000002110391764
Q47506553	6000000019360731316
Q475067	6000000006936420539
Q47506805	6000000013082932645
Q47506818	6000000080207604076
Q47506917	6000000019056251308
Q47507410	6000000053570348932
Q47507611	6000000076748683609
Q47507712	6000000050548629998
Q47507939	6000000036370633672
Q47507975	6000000036371357107
Q47507986	6000000013589012570
Q47508083	4180520864880059995
Q47508138	6000000002188670607
Q47508262	6000000010973509868
Q47508276	6000000007649944820
Q47508283	6000000159903014885
Q47508698	6000000049804285436
Q47509066	6000000011705688892
Q47509144	6000000043484297203
Q47509844	291040734630005997
Q47510002	6000000002873285343
Q47510252	6000000071714535130
Q47512733	6000000006127214395
Q47513380	6000000041158270016
Q47513701	6000000007563261835
Q47513918	6000000142888765830
Q47513919	6000000028409281671
Q4751406	6000000010153314041
Q475143	6000000222890031844
Q47514343	6000000028409797383
Q47514383	6000000030698214935
Q47514386	6000000028410188151
Q47514542	6000000028410191038
Q47514748	6000000177022379822
Q47514908	6000000079606021896
Q47514929	6000000019613483317
Q47514975	6000000002188670589
Q47515001	6000000002188536713
Q47515012	6000000052202344052
Q47515031	6000000024386225174
Q47515114	6000000049219877057
Q47515168	6000000049220238926
Q47515202	6000000009494647625
Q47516001	6000000012558209489
Q47516014	6000000019323346768
Q47516016	6000000053736559194
Q47516019	6000000069865534864
Q47516051	6000000016559168755
Q47516053	6000000009755326615
Q47516069	6000000012632854661
Q47516080	6000000026944636133
Q47516082	6000000009925284582
Q47516103	334147005780011951
Q47516117	6000000016252331986
Q47516119	6000000042331244084
Q47516123	6000000090827385095
Q47516174	6000000039784521887
Q47516200	6000000025123323767
Q47516210	6000000010265358015
Q47516226	358142204760012761
Q47516229	6000000065167687877
Q47516496	6000000002188383791
Q47516578	6000000025415603464
Q47516729	6000000050515519057
Q47516837	6000000017366219323
Q47517259	6000000028110116031
Q47517322	6000000034161408885
Q4751836	6000000003826264139
Q4751837	6000000061204042831
Q4751837	6000000073586874856
Q47518604	6000000012272234462
Q475188	6000000017639353895
Q4751888	6000000022132849558
Q47519108	6000000015817099928
Q47519111	6000000015817553064
Q47519232	6000000014478394207
Q47519395	6000000107712171843
Q47519824	6000000012735010858
Q47519867	6000000017786697582
Q4752004	6000000038575961997
Q47520126	6000000014478399658
Q47520334	4925240668810122454
Q47520357	6000000002872519582
Q4752054	6000000007098517608
Q4752056	6000000037482920933
Q4752058	6000000018798497464
Q4752062	6000000021670371179
Q4752075	6000000013062363391
Q4752076	6000000074752548365
Q47520803	6000000180452131843
Q47522	6000000182430749823
Q4752207	6000000004458391001
Q475223	6000000073600930319
Q47522505	6000000181767993871
Q47522685	6000000007300636787
Q47522754	6000000070738600865
Q47522758	6000000019888476579
Q47522770	6000000018960890807
Q47522771	6000000016455385282
Q47522772	6000000008560560044
Q47522843	6000000008171808201
Q47522844	6000000020483041208
Q47522969	6000000016033560929
Q47522980	6000000004005145561
Q47523036	6000000082009541055
Q47523191	6000000006603746249
Q47523732	6000000010857428176
Q47524262	6000000014592636607
Q47524335	6000000009633468142
Q47524627	6000000008138563689
Q47524638	6000000003502096134
Q47524706	6000000000695101344
Q47524731	6000000065100717861
Q47524754	6000000008925283661
Q47524781	6000000019289073736
Q47524833	6000000007452086306
Q47524858	6000000020972593011
Q47524951	6000000002188479550
Q47525530	352402280010011915
Q47525542	6000000032625766068
Q47525542	6000000202599448827
Q47525676	6000000012013499802
Q47526	6000000017070135661
Q4752638	6000000010200355810
Q47526690	6000000030107105844
Q47526969	6000000039598377954
Q47526986	6000000081310373212
Q47528406	6000000089866188985
Q47528457	6000000048639252097
Q47528726	6000000036809602066
Q47530513	6000000017933600946
Q47531122	6000000032625957007
Q47531127	6000000020106559283
Q47531643	6000000100147897876
Q47531998	6000000015271840516
Q47532054	6000000071004951197
Q47532078	6000000015334259164
Q47532218	6000000154323136889
Q47532618	6000000009404853891
Q4753463	6000000024818112958
Q47536146	6000000011249806002
Q47536179	6000000022280189911
Q47536214	6000000065175976092
Q47536369	6000000078655654936
Q47536375	6000000021584985358
Q47536808	6000000016294101133
Q47537068	6000000016293968936
Q4753722	6000000018095514301
Q4753741	6000000018339351024
Q47537453	6000000084017806093
Q47537461	6000000016802974266
Q47537499	6000000026365134791
Q4753753	6000000000905972096
Q4753757	6000000014859242937
Q47537666	6000000139326203822
Q47537668	6000000021827604382
Q47537670	6000000078553667003
Q47537671	6000000058775417605
Q4753776	6000000006725710579
Q4753777	6000000055155956170
Q4753799	6000000034647736901
Q4753807	6000000050036489851
Q4753808	6000000007989930331
Q4753809	6000000022563610480
Q4753815	6000000018350195117
Q4753816	6000000002384763577
Q47538296	6000000019227433697
Q4753831	6000000009459062477
Q4753835	6000000015966350448
Q47538364	6000000105699124951
Q47538633	6000000002831284389
Q4753879	6000000020326335612
Q4753905	6000000000125209914
Q4753933	386076284310012193
Q4753941	6000000020435199380
Q4753944	6000000186020209608
Q4753946	4894054827120071745
Q4753947	6000000014587511479
Q4753948	6000000001753022548
Q47540645	6000000034408915990
Q47540750	6000000024645114996
Q47540928	6000000141554210060
Q4754098	6000000108422454848
Q475413	6000000042924240930
Q47541458	6000000004884976323
Q47541510	6000000007809702588
Q47541717	6000000002313143181
Q47541748	6000000151503669178
Q47541755	6000000007051314569
Q47541771	6000000000003030838
Q47541939	5720357908750055494
Q47541941	6000000038292797874
Q47542046	6000000130096710120
Q47542048	6000000025125507892
Q47542064	6000000055533141379
Q4754220	6000000017442332270
Q47542356	6000000008842800276
Q47543481	6000000010572686355
Q47543921	6000000007992083335
Q47543942	6000000010421735177
Q47544073	6000000178270234866
Q47544096	6000000056024816889
Q47544148	5182434639100069323
Q47544347	6000000091270928901
Q47544370	6000000176170278914
Q47544399	6000000059007459971
Q47544423	6000000171845252185
Q47544437	6000000033142065026
Q47544448	6000000177871388845
Q47544454	6000000002937847566
Q47544455	6000000090827984869
Q47544468	6000000016803018723
Q47544471	6000000016802614778
Q47544478	6000000008308250955
Q47544595	6000000011177565532
Q47544701	6000000013396925215
Q47544770	6000000011177762344
Q4754545	6000000077588201086
Q47545747	6000000016294057371
Q47545822	6000000016293778823
Q47546393	6000000175643004839
Q47546716	6000000003912762698
Q47547	6000000121131072822
Q4754791	6000000006728303104
Q4754797	6000000026712002236
Q47548286	6000000152213303822
Q47548319	6000000130306702626
Q47548448	6000000157497488866
Q47548467	6000000151948862867
Q47548482	6000000166028830897
Q4754863	6000000081266119721
Q4754867	6000000004556805901
Q4754963	6000000145549770822
Q47550588	6000000001876653058
Q47551	6000000010955615855
Q4755108	6000000008370548512
Q4755122	6000000015109497589
Q4755221	6000000007656246933
Q4755240	6000000018285850823
Q4755257	6000000042516821768
Q4755369	6000000020375018246
Q4755377	6000000036413966913
Q4755389	6000000023772064911
Q4755401	6000000008312299110
Q4755417	6000000024349780300
Q4755422	6000000022996553359
Q4755447	6000000217948791945
Q4755463	6000000014070466974
Q4755466	6000000026780090665
Q4755467	6000000007084444888
Q47554800	6000000032840845186
Q4755482	6000000021579160706
Q4755490	6000000023980536943
Q4755511	6000000009563644540
Q4755513	6000000017442826225
Q4755516	6000000023540182921
Q4755518	6000000006939900038
Q4755536	6000000011667779277
Q4755565	6000000003510705816
Q4755590	6000000034958585185
Q47556	6000000134757257953
Q4755615	6000000015510350230
Q4755648	6000000049026479291
Q4755651	6000000009578219462
Q4755652	6000000026119458050
Q4755673	6000000016047520641
Q4755699	357369117540006979
Q4756032	6000000121044192910
Q4756041	6000000041032934818
Q47561	6000000014451733576
Q4756105	6000000022435804374
Q4756115	6000000007965027597
Q47561150	6000000004163002770
Q4756136	6000000019126389033
Q4756161	6000000011004119274
Q4756195	6000000021545247662
Q4756197	6000000015758488172
Q4756217	6000000003821537997
Q4756218	6000000003821709229
Q4756224	6000000013953804758
Q4756227	4247511001460063282
Q4756269	6000000012409121796
Q4756276	5645249221050101608
Q4756307	6000000018725186310
Q4756313	6000000017506508314
Q4756314	6000000017507714368
Q4756357	6000000002034776794
Q4756387	6000000014177489383
Q4756428	6000000020075000070
Q4756431	6000000130932594041
Q4756450	6000000002702985987
Q4756489	6000000010780383084
Q4756550	6000000012106820814
Q47565856	6000000055812345845
Q4756637	6000000010899747828
Q4756653	6000000066978593937
Q4756675	6000000033116836350
Q4756677	6000000009277465973
Q4756760	6000000028613565014
Q4756775	6000000035674170434
Q4756784	6000000175764551886
Q4756797	6000000002957696510
Q4756830	6000000010897835785
Q4756834	6000000048122363169
Q4756837	6000000011117475108
Q4756843	6000000006444777761
Q4756867	6000000092136309822
Q4756871	6000000104799655961
Q4756887	6000000033676548761
Q4756890	6000000018351784333
Q4756921	6000000032718787263
Q4757037	6000000015170170787
Q4757041	6000000183217075839
Q4757069	6000000024104735323
Q4757092	6000000083158075182
Q4757101	6000000009488970874
Q4757104	6000000168145529965
Q4757161	6000000000406250199
Q4757180	6000000148563216536
Q4757185	6000000025706697819
Q4757224	6000000029242059036
Q4757299	6000000037724243639
Q475733	6000000013051849487
Q4757350	6000000176467274823
Q4757369	6000000051825295353
Q4757373	6000000175077015111
Q4757374	6000000019544301116
Q4757382	6000000021891722790
Q4757410	6000000057910554886
Q4757433	6000000020376377323
Q4757435	6000000015732774117
Q4757438	6000000014804945136
Q4757469	6000000104518744276
Q4757473	6000000012677190348
Q4757474	6000000010987504240
Q4757475	6000000003938311762
Q4757523	6000000005437657696
Q4757554	6000000116221795990
Q4757570	6000000024682695593
Q4757609	6000000017486850834
Q4757612	4136143134680035365
Q4757626	6000000014208490983
Q4757668	6000000179882152837
Q4757710	6000000019168266160
Q4757719	6000000003601175553
Q4757739	6000000012693237703
Q4757757	6000000007577683360
Q4757842	6000000020005308085
Q4757848	6000000104064895835
Q4757860	6000000002115039695
Q4757921	6000000010283039730
Q4757943	6000000015974335408
Q4757965	6000000013203733681
Q4758020	6000000019246487801
Q4758040	6000000018705395180
Q4758050	6000000017155199517
Q4758110	6000000177926077995
Q4758111	6000000151958902826
Q4758117	6000000020561708540
Q47582135	6000000007990893219
Q4758296	6000000012609914441
Q47583	6000000068369581867
Q4758304	6000000079434688073
Q4758311	6000000035309905262
Q4758328	6000000050946614099
Q4758340	6000000108341939834
Q4758357	6000000010697671725
Q4758358	6000000019733776204
Q4758370	6000000007284036788
Q4758384	6000000023580434249
Q4758490	6000000015644797816
Q4758516	6000000018717414376
Q4758543	6000000045136939879
Q4758556	6000000014303454618
Q4758589	6000000176624052875
Q4758650	6000000029934822024
Q4758661	6000000019703315687
Q4758662	6000000029038698757
Q4758663	6000000029033086096
Q4758675	6000000050085438877
Q4758790	6000000076929277982
Q4758806	6000000112893955014
Q4758845	6000000005051911142
Q4758878	6000000041992010528
Q4758910	6000000006963057107
Q4758954	4710055206670080435
Q4758959	6000000033190746918
Q4758983	6000000027821030019
Q4758984	6000000058336631956
Q4759097	6000000016896579914
Q4759322	6000000012188156447
Q4759335	6000000012503748018
Q475952	6000000004539702668
Q4759565	6000000009752228981
Q4759609	6000000019400242052
Q4759619	6000000057636741010
Q4759638	6000000017671295157
Q4759652	6000000006621305012
Q4759662	6000000010808631390
Q4759665	6000000005276652032
Q4759667	6000000003500036955
Q475967	6000000000728021079
Q4759675	6000000040055628913
Q4759679	6000000002101023072
Q4759690	6000000006634522001
Q4759708	6000000002651721929
Q4759711	6000000037470970198
Q4759719	6000000012284203306
Q4759725	6000000017709436001
Q4759727	6000000036057708956
Q4759733	6000000174591342295
Q4759744	6000000015492325002
Q4759769	6000000023013409319
Q4759808	6000000017081031484
Q4759823	6000000065541856918
Q4759889	6000000025915568868
Q4759986	6000000074812074875
Q4760025	6000000177903664873
Q4760120	6000000017848146030
Q4760164	6000000011222154872
Q4760185	6000000004654539349
Q4760271	6000000010651102242
Q4760280	6000000140268377029
Q4761	6000000013543735246
Q47610936	373868165790011448
Q4761431	6000000000110008967
Q476144	6000000008418398906
Q4761573	6000000115956491034
Q476162	6000000181813673822
Q47619	6000000002225773552
Q476205	6000000040915945093
Q476220	6000000051366572885
Q47622815	6000000011345879649
Q47622984	6000000002898163081
Q476238	6000000011082637773
Q4762441	6000000076505924002
Q4762450	4342753202720064849
Q4762484	6000000003145085292
Q47624851	6000000085073472148
Q4762494	4342814737630065298
Q4762555	6000000076237133005
Q4762571	6000000030089968677
Q4762572	6000000017001806793
Q4762597	6000000013344080521
Q4762673	6000000014994484058
Q4762681	6000000002736053132
Q4762698	6000000038887907841
Q4762761	6000000047392571243
Q4762833	6000000179508612822
Q4762872	6000000177581899837
Q4762904	6000000145769122824
Q4762914	6000000163577784418
Q4762945	6000000181640103831
Q4762946	6000000018070362529
Q4762956	6000000163757612926
Q47631390	292569547540008490
Q4763197	6000000081810375142
Q4763235	6000000002992888379
Q47632680	6000000033045971192
Q47632995	6000000088763455904
Q47633095	6000000137304175827
Q47633285	6000000050948002312
Q47633333	6000000021490602353
Q47634241	6000000122494189822
Q47634579	6000000009188033241
Q47635022	6000000040209813866
Q47635145	6000000037357984790
Q47635162	6000000030971128148
Q47635583	6000000037469243871
Q47635677	6000000163559874581
Q47636313	6000000175863843822
Q47637044	6000000079672914872
Q47637084	6000000129879893871
Q47637246	6000000059827518821
Q47637926	6000000176082006821
Q47638610	6000000087365066850
Q47638977	6000000019729168668
Q47639046	6000000180575196124
Q4764058	297895890750007892
Q47640613	6000000032819828125
Q4764066	6000000015590643232
Q4764067	6000000027898764700
Q4764074	6000000004044562756
Q4764075	6000000024567173319
Q4764097	6000000032748774465
Q4764107	6000000033880382601
Q4764111	6000000030905977459
Q4764135	6000000017219301261
Q4764136	6000000017219808106
Q4764146	6000000005599025760
Q47641480	6000000183327576884
Q4764156	6000000000893279457
Q47641785	6000000037468951801
Q4764185	6000000077690679721
Q4764186	6000000030227724420
Q4764187	6000000080010641489
Q4764197	6000000102563518844
Q4764208	6000000009331500269
Q47642346	6000000088763374020
Q47642594	6000000079043437313
Q4764262	6000000010380962962
Q47642922	6000000055592554284
Q47642944	6000000111759824824
Q47643088	6000000163769110966
Q47644027	6000000008191316168
Q476443	6000000113606543822
Q47644535	6000000018688067994
Q4764472	6000000042191321825
Q4764533	6000000011435201992
Q4764534	6000000078426761875
Q47648373	6000000165358688976
Q47651	6000000079427856018
Q4765549	6000000013230662467
Q4765592	6000000002824571730
Q4765615	6000000006234611861
Q476562	6000000009465860983
Q4765644	6000000167363958913
Q4765648	6000000013123580314
Q4765651	6000000032577901601
Q4766028	6000000010854796387
Q4766030	6000000010320767854
Q4766170	6000000055086269896
Q4766181	6000000000379116741
Q4766182	6000000003579049095
Q4766191	340263497130013996
Q4766257	6000000014014496752
Q4766264	6000000113787317181
Q4766267	6000000010964529139
Q4766326	6000000009796886548
Q4766329	6000000005072548514
Q4766335	6000000019175375545
Q4766357	6000000015110900067
Q4766382	6000000001384124803
Q4766387	6000000165317680831
Q47664	6000000007370643476
Q4766403	6000000007410320052
Q4766538	6000000013642351664
Q4766628	6000000032599496164
Q4766629	6000000006598743972
Q4766630	6000000000077836229
Q4766644	6000000093849552849
Q4766655	6000000019954444070
Q4766661	6000000007066689520
Q4766665	6000000061013971028
Q4766680	6000000003017900339
Q4766705	6000000005438458595
Q4766733	6000000176948299898
Q4766736	6000000041153021832
Q4766738	6000000071298786982
Q4766749	6000000015053075050
Q4766753	6000000179807142830
Q4766756	6000000002200455397
Q4766809	6000000027105706920
Q4766812	6000000022205392570
Q4766845	6000000019885269973
Q4766861	6000000027707828321
Q4766874	6000000098631612472
Q4766878	6000000011550732654
Q4766891	6000000005440726318
Q4766892	6000000003198052364
Q4766901	6000000013425809020
Q4766904	6000000019122185986
Q4766910	6000000048502224092
Q4766924	6000000027235466128
Q4766928	6000000040150613018
Q4766932	6000000012479672774
Q4766951	6000000180590616826
Q4766969	6000000015120776504
Q4766976	6000000034361645729
Q4766979	6000000152278656109
Q4766980	6000000007882668479
Q4766985	6000000012267010571
Q4767027	6000000002565662509
Q4767052	6000000028203383885
Q47670543	6000000001148113130
Q4767063	6000000002262572067
Q4767080	6000000010876834524
Q4767086	6000000010680328248
Q4767099	6000000012813131461
Q4767106	6000000017727118876
Q47671723	6000000053915963961
Q4767180	6000000001399148963
Q4767182	6000000003981098638
Q4767187	6000000003589368529
Q4767188	6000000003590002290
Q4767208	6000000026036554342
Q4767245	6000000015613021301
Q4767246	6000000009357180201
Q4767255	6000000010556009803
Q4767283	6000000000658149730
Q4767288	6000000002951758910
Q4767297	6000000000682155825
Q4767302	6000000108349050871
Q4767311	6000000014569986551
Q4767313	6000000014771316771
Q4767336	6000000009796826643
Q4767349	6000000054435418972
Q4767364	6000000012154226650
Q4767399	6000000064156227293
Q47674	6000000050473126259
Q4767436	6000000013620813152
Q4767446	6000000000251756505
Q4767478	6000000029294321811
Q4767505	6000000011038100312
Q4767508	4680619906160030700
Q4767510	6000000020181137341
Q4767531	6000000003622247149
Q4767540	6000000003504391975
Q4767549	6000000017261433150
Q476755	6000000032125912102
Q4767613	6000000083763112845
Q4767640	6000000004417849003
Q4767643	6000000017615981180
Q4767654	6000000001389431465
Q4767668	6000000008701030142
Q4767814	6000000001710526999
Q4768055	6000000000351109645
Q4768074	6000000040993790945
Q4768080	6000000028746941382
Q47680827	339436681670011011
Q4768101	6000000002188615800
Q4768103	6000000008317417951
Q4768104	6000000020506062864
Q4768113	6000000112241714850
Q47681290	6000000017452399953
Q4768196	6000000003636924162
Q4768199	6000000184835860104
Q4768204	6000000010985909856
Q4768211	6000000006444583422
Q4768217	6000000013133906084
Q4768217	6000000100925654158
Q4768218	6000000006444774588
Q4768245	6000000117408619878
Q4768250	6000000017276321628
Q4768282	6000000036092786466
Q47683	6000000068431458822
Q4768325	6000000117362706235
Q4768331	6000000009950264056
Q4768335	6000000106685879985
Q4768338	6000000069600423945
Q47683698	6000000183368465832
Q4768406	6000000009571106285
Q4768416	6000000000804927065
Q4768449	6000000013293155796
Q4768454	6000000019580172271
Q4768456	6000000021929211262
Q4768468	6000000015750505441
Q4768505	6000000012534022280
Q4768536	6000000006444272842
Q4768537	6000000001546441508
Q4768539	6000000008754284347
Q4768547	6000000000701796602
Q4768568	6000000008148334242
Q4768660	6000000003232572822
Q4768674	6000000008378987053
Q4768696	6000000000628851865
Q4768719	5156967871850130372
Q4768727	6000000111212067835
Q4768741	6000000050439799850
Q4768760	6000000038896937303
Q4768797	6000000006444065505
Q4768824	6000000096564596864
Q4768835	6000000090821888011
Q4768860	6000000008477162537
Q4768861	6000000012603660351
Q4768863	6000000020695610172
Q4768871	6000000057224043890
Q4768880	6000000000156798121
Q4768885	6000000034827998883
Q4768902	6000000009402559174
Q4768972	6000000024461150749
Q4768975	6000000020720211109
Q4768980	6000000005244316606
Q4769102	6000000047194329863
Q4769113	6000000001148713097
Q4769119	6000000028992506467
Q4769132	6000000026783168652
Q4769173	6000000005784489334
Q4769226	6000000032520569499
Q4769244	6000000015026613738
Q4769247	6000000004293495205
Q4769255	6000000035285302964
Q4769275	6000000015651455634
Q4769278	6000000100251725982
Q4769280	6000000010763871412
Q4769295	6000000016062202500
Q4769303	6000000001638759222
Q4769364	6000000028006554791
Q4769369	6000000022319923828
Q4769394	6000000003990158744
Q4769407	6000000071747622836
Q4769436	6000000020733162792
Q4769441	5572639595980137940
Q47695	6000000014515850135
Q4769519	6000000008862504894
Q4769572	6000000008550008906
Q4769801	6000000022066511065
Q4769804	6000000022067173132
Q47698142	6000000019542999062
Q4769859	6000000009737315198
Q47698862	6000000092655821894
Q4770489	6000000032494250178
Q4770542	6000000018705765147
Q4770605	6000000017467533059
Q4770629	6000000127045152860
Q4770650	6000000002799062465
Q4770700	6000000003876453275
Q4770712	6000000004237618161
Q4770718	6000000012401985307
Q4770719	6000000004079831099
Q4770722	6000000012824993230
Q4770723	6000000011160568930
Q4770732	6000000051604561900
Q4770734	6000000002898068852
Q4770736	6000000004079668414
Q4770737	6000000004079555579
Q4770751	6000000007980617253
Q4770920	384201966460011653
Q4770951	6000000009448857346
Q4771079	6000000012997210513
Q4771098	6000000090454450168
Q4771106	6000000085215469061
Q477169	6000000016385142650
Q4771904	6000000004397267212
Q4771910	6000000011412720645
Q4771943	6000000003506725354
Q4771962	6000000002115924923
Q4771975	6000000014137771442
Q4771982	6000000046354542928
Q4772013	6000000006769206696
Q4772025	6000000011296550213
Q4772027	6000000002188529716
Q4772028	6000000002188542090
Q4772029	6000000009561807827
Q4772030	6000000005598767660
Q4772031	6000000010264594977
Q4772042	6000000006444790555
Q4772043	6000000045134099919
Q4772072	6000000034790491283
Q4772112	6000000001448130368
Q4772122	6000000046797915846
Q4772124	6000000138814191832
Q4772127	6000000030550880978
Q4772148	6000000002898218629
Q4772159	6000000003615466292
Q4772160	6000000008841692372
Q4772162	6000000006444223363
Q4772171	5577211285500027790
Q4772183	6000000016897093138
Q477224	6000000016306696941
Q4772250	6000000014472963633
Q4772256	6000000009950082713
Q4772304	6000000021812072618
Q4772309	6000000042170183828
Q4772330	6000000009318967776
Q4772333	6000000141883203147
Q4772339	6000000035571292633
Q477235	6000000055960872016
Q4772404	6000000014812684377
Q4772414	6000000081117456902
Q4772424	6000000018096623517
Q4772425	302458545850004911
Q4772430	6000000010044352592
Q4772449	6000000076675636287
Q4772454	6000000019073957771
Q4772479	6000000002188477327
Q4772489	6000000027127479438
Q4772515	6000000014800445997
Q4772536	6000000008337754523
Q4772543	6000000051217739705
Q4772547	6000000030441804906
Q4772558	6000000053617183761
Q4772567	6000000021953278187
Q477260	6000000052959333087
Q4772628	6000000007356051216
Q4772643	6000000010602369364
Q4772658	6000000055616100876
Q4772682	6000000046891338855
Q4772685	6000000026356207193
Q4772694	6000000026534894316
Q4772707	6000000071943779005
Q477271	6000000003216071692
Q4772740	6000000026076817371
Q4772765	6000000002447377451
Q4772772	6000000079937470293
Q4772788	6000000082638615187
Q4772789	6000000019776462197
Q4772809	6000000048570818922
Q4772829	6000000011656645064
Q477283	6000000007335928357
Q4772834	6000000028109450837
Q4772856	6000000009708979747
Q4772857	6000000010011165729
Q4772859	6000000173901977877
Q4772963	6000000053291625824
Q4772964	6000000006244977951
Q477300	6000000020933786049
Q4773027	6000000027421960129
Q4773028	6000000009938203655
Q4773085	6000000016547392377
Q4773086	6000000016547289897
Q4773096	6000000077145248157
Q4773098	6000000163668619847
Q4773112	6000000163842951876
Q4773144	6000000011928818213
Q4773147	6000000003265453952
Q4773149	6000000000556929113
Q4773149	6000000010329058169
Q4773164	6000000015321068248
Q4773199	6000000030440314397
Q4773212	6000000013304107278
Q4773225	6000000041315404817
Q4773234	6000000006976936905
Q477325	6000000014900774610
Q4773253	6000000002116061210
Q4773264	6000000011171689138
Q4773305	6000000001565783826
Q4773326	6000000015312780711
Q4773380	6000000015160631044
Q4773384	6000000025986038097
Q4773386	6000000151873353821
Q4773413	6000000001212398098
Q4773428	6000000052694208941
Q477345	6000000166902722879
Q4773453	6000000016758783228
Q4773467	6000000003218612797
Q4773503	6000000024997544470
Q4773552	6000000080602722851
Q4773581	6000000004592967857
Q4773645	6000000005852648001
Q4773652	6000000010323168082
Q4773671	6000000018179302617
Q4773771	6000000003639989318
Q4773779	6000000026326133211
Q4774	6000000008717381238
Q477404	6000000069592678848
Q4774858	6000000009661485669
Q4775087	6000000007005654254
Q477514	6000000023941543567
Q4775151	6000000007005687272
Q4775209	6000000007005562816
Q4775269	6000000007005804375
Q477530	6000000009868255882
Q4775329	6000000007005974248
Q4775364	6000000003364862730
Q4775374	6000000007006067177
Q4775408	6000000078312473269
Q4775415	6000000015260580049
Q4775420	6000000035631662175
Q4775480	6000000007006506046
Q4775482	6000000015181840765
Q4775492	6000000026352420966
Q47755	6000000014755613538
Q4775501	6000000176290011858
Q4775508	6000000010592396384
Q4775517	6000000032483321131
Q4775525	6000000093929139886
Q4775529	6000000010323159887
Q4775588	6000000043545206229
Q477559	6000000156882887822
Q4775608	6000000007006494398
Q4775663	6000000010821408314
Q4775685	6000000024753498395
Q4775700	6000000193315547839
Q4775702	6000000019237279127
Q4775703	6000000172780239945
Q4775740	6000000007006641261
Q477576	6000000165985901239
Q477577	6000000020263828807
Q4775797	6000000009365569435
Q4775805	6000000007391421386
Q4775813	6000000011912173454
Q4775820	6000000106182614827
Q4775822	6000000109023657187
Q4775831	6000000008013924689
Q4775844	6000000015157476297
Q4775856	6000000019783964421
Q477587	6000000026246205539
Q4775875	6000000109897054388
Q4775903	6000000020600083305
Q4775908	6000000114047927897
Q4775953	6000000052535162240
Q4775959	6000000007523853095
Q4775982	6000000026818201315
Q4775983	6000000016652627819
Q4776008	6000000203403584841
Q4776031	6000000017114704122
Q4776043	6000000008404369160
Q4776060	6000000056411472830
Q4776065	6000000011712093652
Q4776125	6000000113105131857
Q4776130	6000000009319014796
Q4776143	6000000037769250295
Q4776144	6000000192314009849
Q4776148	6000000002101151165
Q4776161	6000000001644034409
Q4776167	6000000011426318825
Q4776169	6000000014195647776
Q4776183	6000000077641847090
Q4776193	6000000002110810601
Q4776194	6000000011782558359
Q4776232	6000000018289860139
Q4776338	6000000002605744585
Q4776343	6000000015691626726
Q4776420	6000000003219796234
Q4776440	6000000021424311680
Q4776474	6000000047468421862
Q4776486	6000000141066186898
Q4776522	340586761900011340
Q4776548	6000000007006750237
Q4776569	6000000159901406884
Q4776650	6000000001147787317
Q4776664	6000000066755527822
Q4776767	6000000071112587053
Q477681	6000000014582338217
Q4776843	6000000098846504828
Q4776845	6000000109120964363
Q4776951	6000000178294458821
Q4776956	6000000163831317153
Q4777013	6000000016578118795
Q4777081	6000000134967571132
Q4777140	6000000052232042822
Q4777236	6000000016459696871
Q4777237	6000000026186410753
Q4777277	6000000054696456873
Q477737	6000000025347331353
Q47774183	6000000002689069898
Q4777419	6000000083334167213
Q4777451	6000000069289282043
Q4777453	6000000065241391012
Q4777498	6000000018210232778
Q4777532	6000000007029090567
Q4777545	6000000020668763386
Q4777591	6000000045894252928
Q4777615	6000000026495159005
Q4777620	6000000036705377481
Q4777634	6000000026922077804
Q4777635	6000000016407197061
Q4777674	390321773970011856
Q4777699	6000000004052450450
Q47778107	6000000008630277238
Q477783	6000000033696524435
Q47780	6000000090726043285
Q477807	6000000009457365834
Q47781761	6000000205727817828
Q47784069	6000000010896825399
Q4778486	6000000013602525344
Q4778594	6000000032208293462
Q47787617	6000000013403942056
Q47789950	6000000000938892559
Q477902	6000000000348784709
Q477906	6000000015965956716
Q477914	6000000020287430436
Q47791894	6000000082629062882
Q477971	6000000008121020888
Q477984	6000000015271621218
Q477999	6000000021293751253
Q4780022	6000000015413916641
Q4780226	6000000185161867331
Q4780229	6000000122423674824
Q4780628	6000000018812003153
Q478070	6000000002238227470
Q478117	6000000020905476235
Q478131	6000000004464805001
Q4781407	6000000026313993807
Q47814626	6000000116568551916
Q478183	6000000022877696923
Q4782077	6000000049096896821
Q4782104	6000000113634469881
Q4782912	6000000008439901088
Q4782949	6000000020093728608
Q4783032	6000000130212368822
Q478304	6000000002618659027
Q47832373	6000000131030134096
Q4783326	6000000044376828886
Q4783329	6000000026883982169
Q47833665	6000000004097657940
Q478347	6000000026187435123
Q478350	6000000184884685823
Q4783551	6000000017738166592
Q4784027	6000000185438664001
Q47842	6000000009796777603
Q4784222	6000000012246278649
Q478427	6000000009747361047
Q4784296	6000000033240069528
Q47843429	6000000112460767882
Q47843437	6000000158046236848
Q4784346	6000000079241065412
Q47843516	6000000137804675932
Q478450	6000000013433967631
Q4785132	6000000011277347616
Q4785438	6000000015952333868
Q47854563	6000000015344747227
Q478558	6000000141005323851
Q4785851	6000000008289371153
Q4785857	6000000008222968453
Q4785876	6000000002188374761
Q4785893	5207833398790031696
Q4785956	4712972127240078292
Q4785964	6000000003410589300
Q478599	6000000018309138806
Q478601	6000000006597710115
Q4786187	6000000007377426444
Q4786188	6000000003504240914
Q4786190	6000000004079692687
Q4786191	6000000005749871850
Q4786192	6000000008630249336
Q4786197	6000000018127589004
Q4786199	4311786683360067403
Q4786202	6000000009754794688
Q4786207	6000000126883031832
Q4786229	6000000101507804948
Q4786232	6000000003681283382
Q4786242	6000000025608978202
Q4786243	6000000018202221016
Q4786255	6000000012613849667
Q4786259	6000000017114674507
Q4786263	6000000001970328311
Q4786267	6000000010038916353
Q4786270	6000000009757329598
Q4786274	6000000010977546518
Q4786286	6000000000500425616
Q4786287	6000000012105420908
Q4786289	6000000002799130543
Q4786290	6000000016547341995
Q4786291	6000000018303355766
Q4786292	6000000009554477881
Q4786295	6000000012189047052
Q4786314	6000000012492219139
Q4786316	6000000003345398217
Q4786323	6000000000630267728
Q4786330	6000000008630270181
Q4786334	6000000017205410084
Q4786336	6000000004670575742
Q4786341	6000000008369927069
Q4786353	6000000011819130872
Q4786357	6000000093433937853
Q4786372	6000000040960114685
Q4786384	6000000027338247014
Q4786385	6000000011834990187
Q4786386	6000000011835294667
Q4786387	6000000005599025770
Q4786389	6000000005599025780
Q478639	6000000021277851239
Q4786390	6000000009944286220
Q4786391	6000000009944250283
Q4786396	6000000004086791542
Q4786401	6000000010207601304
Q4786405	6000000002415448442
Q4786424	6000000018133193403
Q4786426	6000000075614346993
Q4786431	6000000030881093864
Q4786435	6000000151536597834
Q4786438	6000000001436183493
Q4786453	6000000011706904403
Q4786454	6000000002188514400
Q4786455	6000000010177650205
Q4786456	6000000010176535377
Q4786468	6000000011658749384
Q4786478	6000000012380042393
Q4786480	6000000008158337098
Q4786481	6000000011335826084
Q4786482	6000000008153203026
Q4786496	6000000042493022866
Q4786498	6000000006101157699
Q4786503	6000000026283113574
Q4786504	6000000024235557346
Q4786513	6000000010272314494
Q4786518	6000000079359182681
Q4786519	6000000024445107117
Q4786520	6000000006582791541
Q4786528	6000000026296244947
Q4786530	6000000078484235289
Q4786542	6000000035121738826
Q4786545	6000000120925875986
Q4786553	6000000009514471895
Q4786697	6000000002201631110
Q4786699	6000000074785992051
Q4786744	6000000018757105376
Q4786759	6000000045231226281
Q4786782	6000000008713356366
Q4786802	6000000005599189425
Q4786813	6000000014361156445
Q478713	6000000011435023281
Q47875	6000000015086038623
Q47876347	6000000046903403345
Q47878	6000000009728941288
Q4787930	6000000071269493910
Q4788218	6000000045520249866
Q4788337	6000000013279043441
Q4788363	6000000007705324927
Q4789034	6000000015760041277
Q4789037	6000000012909466258
Q4789039	6000000016122336000
Q4789040	6000000007749823166
Q4789043	6000000009544489482
Q4789093	6000000022293712099
Q47895708	6000000082609588822
Q47899	6000000007324022270
Q47900	6000000036729812364
Q4790180	4200505102020048316
Q47902373	6000000011135591905
Q4790243	6000000033008013598
Q4790257	6000000006907275840
Q4790336	6000000020777059306
Q4790366	6000000014745623819
Q47903713	6000000011135172957
Q4790480	6000000016632732143
Q4790499	6000000027434606639
Q479052	6000000069304170910
Q47905425	6000000008735108792
Q47906	6000000003266030325
Q4790616	6000000016554448402
Q4790659	6000000020837534733
Q4790738	6000000013292518411
Q47910317	6000000069580731088
Q47913124	6000000011872540638
Q47913150	6000000063156597864
Q47913198	6000000007333624605
Q47913205	6000000174284092822
Q47913236	6000000007774190333
Q47915183	6000000020919289430
Q479175	6000000012165883318
Q4792117	6000000059916373849
Q4792185	6000000183890243841
Q4792190	6000000014587878439
Q479228	6000000022405615712
Q4792424	6000000141085077884
Q47926230	6000000011176601018
Q4792646	4455995847460050318
Q4792647	6000000011434017007
Q4792651	6000000023254388255
Q4792655	6000000022808761972
Q4792665	6000000185342654856
Q4792667	6000000136892731824
Q4792678	6000000027843805149
Q4792683	6000000041250460110
Q4792700	6000000038811566182
Q4792769	6000000022303610202
Q4792791	6000000176030546928
Q4792796	5560321383890137638
Q47928409	6000000008381728633
Q47928614	6000000008179067374
Q4792879	6000000014528343325
Q4792880	6000000031791091610
Q4792887	6000000006238547638
Q47930190	6000000013256937155
Q4793081	6000000002410636414
Q47930818	6000000011177258897
Q47931227	6000000016516565508
Q47931710	6000000019234156770
Q4793337	6000000077050915904
Q4793350	6000000041944354234
Q4793362	6000000077852087269
Q47933768	6000000016228202831
Q4793400	6000000028394853250
Q4793487	6000000019146728136
Q4793562	6000000066937354824
Q4793564	6000000010510275844
Q4793591	377386225290013778
Q4793593	6000000071299783873
Q4793598	6000000012297050993
Q4793599	6000000138674160093
Q4793601	6000000140129156830
Q4793602	6000000115690674839
Q4793604	6000000176975026822
Q4793616	4802571798870125029
Q4793623	6000000002892169034
Q4793675	6000000002801126104
Q4793686	6000000077892667229
Q4793814	6000000149002301880
Q4793943	6000000020721708210
Q4794023	6000000077898497921
Q4794060	6000000176994683849
Q4794074	6000000085126619942
Q47941217	6000000172226166703
Q4794186	6000000029820945124
Q479444	6000000003472734379
Q4794444	6000000001088154772
Q4794452	6000000026534447680
Q4794497	6000000021096766386
Q4794524	6000000011251156328
Q4794538	6000000017783933903
Q4794543	6000000018974570083
Q4794576	6000000028575886121
Q4794578	6000000085344243931
Q4794581	6000000024541479121
Q4794597	6000000017017179961
Q479460	6000000017401072688
Q4794600	6000000060385943930
Q4794603	6000000007612333375
Q4794604	6000000011726597790
Q4794607	6000000043098846082
Q4794616	6000000023403292530
Q4794617	6000000011253492826
Q4794624	6000000015301713214
Q4794630	6000000014942960947
Q4794640	6000000019285493173
Q4794641	6000000006589247594
Q4794645	6000000021160342349
Q4794647	6000000022560149248
Q4794650	6000000013384555989
Q4794651	6000000041071183503
Q4794657	6000000040870945985
Q4794659	6000000040478933240
Q4794665	6000000019291163481
Q4794668	6000000077770716960
Q4794672	6000000019497706284
Q4794679	6000000021828308859
Q4794685	6000000019417010426
Q4794687	6000000008325704545
Q4794693	6000000018015235944
Q4794695	6000000198527352934
Q4794704	6000000022150050106
Q479474	6000000093542596343
Q4794753	6000000032434111833
Q4794756	6000000052345855822
Q4794859	6000000042185288553
Q4794936	6000000078519714922
Q4794983	6000000024581045567
Q4795000	6000000178258775850
Q4795010	6000000044868159821
Q4795018	6000000143329817866
Q4795027	6000000021557063829
Q4795028	6000000035499754622
Q4795041	6000000035588609719
Q4795044	6000000009754859442
Q4795056	6000000086599398823
Q4795065	6000000000531933140
Q4795068	6000000152284079889
Q4795070	236594
Q4795081	6000000018850026228
Q4795088	6000000036906869520
Q4795090	6000000031808796047
Q4795125	6000000006990002329
Q4795129	6000000026041494148
Q4795155	6000000014695204004
Q4795164	6000000037541062041
Q4795176	6000000041074161313
Q4795181	6000000025664198570
Q4795207	6000000001738932185
Q4795213	6000000183435952824
Q4795233	6000000004111733056
Q4795289	6000000013851271867
Q4795291	6000000027561454306
Q4795297	6000000054513284047
Q4795302	6000000114091735824
Q4795308	170817
Q4795337	6000000064702104821
Q4795365	6000000007328031534
Q4795421	6000000038765576057
Q4795702	6000000021433565482
Q4795768	6000000084638447922
Q4796342	6000000012772427549
Q4796672	6000000021846531387
Q4796872	6000000000017743625
Q4797015	6000000068160881922
Q4797044	6000000015522120935
Q4797068	4042694615400128249
Q4797074	6000000034322890750
Q4797084	6000000057522259098
Q479718	6000000015129636069
Q47972297	6000000021524077644
Q4797413	6000000125379809825
Q4797444	6000000151864842822
Q4797446	6000000043436494060
Q4797448	6000000018515187044
Q4797516	6000000014339877426
Q4797537	6000000064624292289
Q479755	6000000013428790234
Q47975572	5335149751390130184
Q47977069	6000000171872164165
Q4797740	6000000004549385338
Q479777	6000000002188517029
Q4797778	6000000007377221587
Q4797795	6000000012875557348
Q4797803	6000000078572785934
Q4797809	4321528
Q4797826	6000000016241455812
Q4797827	6000000013332793184
Q4797828	6000000001102761670
Q4797853	6000000027576918921
Q4797857	6000000034171017385
Q4797868	6000000013431936791
Q4797901	6000000046843464149
Q4797909	6000000010224948207
Q4797910	6000000014613697289
Q47979300	6000000184031757854
Q4797939	6000000124625037826
Q4797950	6000000001915893411
Q47979567	6000000198454246125
Q4797961	6000000007303941455
Q4798002	6000000009647216862
Q4798009	6000000025781078391
Q4798022	6000000003891362579
Q4798023	6000000000070862760
Q4798031	6000000020547187462
Q4798033	6000000003612376962
Q4798034	6000000079144765146
Q4798035	6000000034389751106
Q4798047	6000000023268026173
Q4798051	6000000161440135849
Q479806	6000000018481618247
Q4798060	6000000011981151532
Q4798067	6000000000544360869
Q4798072	6000000004079619675
Q4798114	6000000014804022208
Q4798123	6000000019702448059
Q4798153	6000000033857747070
Q4798162	6000000097222829004
Q4798178	6000000011100835943
Q4798188	6000000009899092242
Q4798194	6000000018320154295
Q4798203	6000000171502384821
Q4798223	6000000006444602227
Q4798251	6000000027596498221
Q4798252	6000000009700191339
Q4798258	6000000013613590989
Q4798260	6000000026102502735
Q4798268	6000000040860924969
Q4798289	6000000020775510373
Q4798298	6000000010898071748
Q4798308	6000000072895357940
Q4798310	6000000000029224381
Q4798332	6000000010977433710
Q4798335	6000000116607323835
Q4798342	6000000016474226002
Q4798343	6000000030854398614
Q4798374	6000000175768726869
Q4798384	6000000200835093825
Q4798386	6000000002228914101
Q4798404	6000000040266520732
Q4798407	6000000012380595329
Q4798418	6000000001608979119
Q4798443	6000000032107200315
Q4798494	6000000075427670949
Q4798507	6000000004079835457
Q4798519	6000000013519071881
Q4798520	6000000013519621846
Q4798557	6000000146991571923
Q4798566	6000000095337974836
Q4798571	6000000026410235821
Q4798578	6000000122704851972
Q4798586	6000000007015565191
Q4798589	6000000052056831056
Q4798597	6000000015864448164
Q4798598	6000000115419362881
Q4798615	6000000018668753243
Q4798624	6000000007958663530
Q4798635	4797396847690068277
Q4798663	6000000047717042010
Q4798664	6000000047717564849
Q4798680	6000000020781680380
Q4798693	6000000175573606857
Q47987024	6000000174039582871
Q4798704	6000000030949527238
Q4798706	6000000004868960127
Q4798717	6000000107436323971
Q47987223	6000000056082433865
Q4798729	6000000032705788865
Q4798731	6000000026335530915
Q4798740	6000000015643558374
Q4798743	6000000015958741270
Q4798745	6000000024464537933
Q4798775	6000000004237382493
Q4798780	6000000083064213832
Q4798786	6000000157309492854
Q4798795	6000000054119581829
Q4798796	6000000035429852426
Q47987975	6000000017530969053
Q4798804	6000000054634705906
Q4798831	6000000016270654282
Q4798833	6000000054714982840
Q4798848	6000000069143012878
Q4798849	6000000006920145123
Q4798850	6000000015898314862
Q4798851	6000000006919752698
Q4798853	6000000023516541015
Q4798854	6000000024526861303
Q4798855	6000000024527233883
Q4798856	6000000003419661636
Q479887	6000000005231862590
Q4798875	6000000088551818918
Q4798877	6000000007466098711
Q4798891	5491313493740121430
Q4798898	6000000013235802902
Q4798905	6000000031905505175
Q4798914	6000000027574427904
Q4798916	6000000000352440709
Q4798918	6000000003759365048
Q4798923	6000000014460485709
Q4798953	6000000028620944971
Q47989641	6000000055719841830
Q4798965	6000000009267005701
Q4798980	6000000004787167007
Q4798984	6000000083319936018
Q4798989	6000000021776284958
Q4798994	6000000006444521320
Q4799000	6000000015816899460
Q4799001	6000000015817089146
Q4799003	6000000077725232314
Q4799010	6000000041485806870
Q4799023	6000000026050075501
Q4799069	6000000037494301263
Q4799071	6000000003219768239
Q4799073	6000000011164408584
Q4799074	6000000026185463122
Q47990780	6000000027241259921
Q4799082	6000000081494635355
Q4799090	6000000025292748928
Q4799091	6000000027126637544
Q47990982	6000000027241025230
Q4799117	6000000012978345674
Q4799122	6000000011244714824
Q4799125	6000000018418802235
Q4799132	6000000038358609676
Q4799179	6000000003342391895
Q4799228	6000000100561753902
Q4799232	6000000162278060922
Q4799233	6000000014784363590
Q479924	6000000043860799242
Q4799244	6000000010224759216
Q4799249	6000000058995809909
Q4799269	6000000004091829760
Q4799296	6000000185119196875
Q4799306	6000000013090517166
Q4799319	6000000018775430560
Q4799325	6000000019297882257
Q4799348	6000000182817567911
Q47993548	6000000201020387883
Q4799380	6000000015154466798
Q4799407	6000000156973962952
Q4799427	6000000076029690830
Q4799430	6000000019112837425
Q47994382	6000000017599334541
Q479945	6000000015127466672
Q4799475	6000000038752778847
Q4799482	6000000002188536778
Q4799484	6000000015906596146
Q4799502	6000000084965927266
Q4799508	6000000004868988475
Q4799509	6000000046717593179
Q4799510	6000000047097866990
Q4799526	6000000078143662159
Q4799532	6000000018726789632
Q4799537	6000000013344583331
Q4799546	6000000001115056534
Q4799570	6000000034823134999
Q4799573	6000000047702155261
Q4799590	6000000105837759908
Q4799595	6000000051513516926
Q4799609	6000000046667618019
Q4799611	6000000080189043961
Q4799618	6000000006788777126
Q4799620	6000000017798249105
Q4799621	6000000002758373620
Q4799624	6000000071692402934
Q4799625	6000000036313774475
Q4799633	6000000085036884199
Q4799661	6000000030914187278
Q4799664	6000000027879059754
Q4799682	6000000015549893843
Q4799703	6000000012640686828
Q4799715	6000000046767687902
Q4799721	6000000012302190201
Q4799728	6000000015628661443
Q47997282	6000000002765855713
Q4799731	6000000030960245037
Q4799734	6000000002178259438
Q4799740	6000000125265791883
Q4799749	6000000030029882687
Q4799783	6000000019601271063
Q4799794	6000000019477469134
Q4799808	6000000043939538274
Q4799810	6000000000126091224
Q4799821	6000000060835653896
Q4799840	6000000009648610912
Q4799841	6000000021594061330
Q4799843	6000000130994471831
Q4799848	6000000039356155889
Q4799859	6000000045271973852
Q4799878	6000000012771849304
Q4799882	6000000006581008523
Q4799890	6000000022814180063
Q4799896	6000000003219069872
Q4799902	6000000004868944400
Q4799930	6000000018739146236
Q4799939	6000000010273261602
Q4799943	6000000011041806317
Q4799970	6000000019205874327
Q4799986	6000000033992264108
Q4799988	6000000033991998231
Q4799992	6000000003006347353
Q4799993	6000000006444745786
Q4799995	6000000144703794114
Q4799997	6000000026520282022
Q4800004	6000000012417774499
Q4800036	6000000024777964058
Q4800049	6000000007700648380
Q4800065	6000000022147401704
Q4800071	6000000010360941607
Q4800078	6000000028608874551
Q4800084	6000000008863528677
Q4800089	6000000008529721047
Q4800094	6000000184304103826
Q48000977	6000000075932660337
Q4800118	6000000034445537840
Q4800131	6000000002773668533
Q4800133	6000000008002309245
Q48001349	6000000027240768543
Q4800147	6000000024315150306
Q4800162	6000000004027337020
Q4800168	6000000022249427833
Q4800180	6000000005360474838
Q4800217	6000000002790545201
Q4800225	6000000002773496707
Q4800232	6000000051502577386
Q4800245	6000000029020799953
Q4800271	4007253598390034739
Q4800274	6000000161440611846
Q4800278	6000000080002945078
Q4800291	6000000008863505180
Q4800306	6000000014693681087
Q4800309	6000000009938142214
Q4800321	6000000061605311387
Q4800330	6000000024255500940
Q4800335	6000000029609136102
Q4800342	6000000121263570821
Q4800346	6000000016281136814
Q4800347	6000000006444493549
Q4800348	6000000003891404214
Q4800362	6000000068795465103
Q4800371	6000000080621981117
Q4800376	6000000029291600203
Q4800379	6000000047778930233
Q4800383	6000000001561269616
Q4800386	6000000010131807534
Q4800397	6000000059056418878
Q4800404	6000000031907149855
Q4800431	6000000183963639831
Q4800494	6000000026885067916
Q4800546	6000000014217077826
Q4800549	4811461618130125702
Q4800553	6000000065052917023
Q4800556	6000000000235291155
Q4800581	6000000076834007168
Q4800605	6000000009655048103
Q4800606	6000000053844868109
Q4800612	6000000021940017877
Q4800675	6000000008973094661
Q4800687	6000000084668562858
Q4800697	6000000077952555601
Q4800700	6000000011263231740
Q4800701	6000000020238442697
Q4800718	5665394350870032455
Q4800724	6000000034295087456
Q4800742	6000000018096454139
Q4800773	6000000033305672087
Q4800791	6000000169752944007
Q4800795	6000000002765016662
Q480080	6000000026745302395
Q4801002	6000000181457713974
Q480113	6000000013343302868
Q4801368	6000000013434151407
Q4801372	6000000165187380828
Q480138	6000000013343325814
Q4801647	6000000031542708762
Q4801655	6000000002717987335
Q4801684	6000000002028123684
Q4801749	6000000008823644235
Q4801764	6000000047367227388
Q4801766	6000000002373359752
Q48020346	4845063983090065446
Q4802047	6000000022265720054
Q4802123	6000000010506580597
Q480215	6000000012921539610
Q4802202	6000000014824853014
Q480221	6000000012695140831
Q4802397	6000000016010715289
Q4802402	6000000008858419496
Q4802408	6000000011087296739
Q4802413	6000000020706173625
Q4802416	6000000031660910197
Q4802416	6000000069461605962
Q4802434	6000000014078335657
Q4802436	6000000030151367981
Q4802438	6000000007644172584
Q4802448	6000000008780336583
Q4802461	6000000010361999654
Q4802530	6000000040509548525
Q4802534	6000000081181562072
Q48025567	6000000000757436772
Q48025937	6000000000664305483
Q4802677	6000000001748704272
Q4802678	6000000000862184550
Q4802680	325807366270006518
Q4802686	6000000025887600556
Q4802688	6000000004370135036
Q4802691	5254140305570129725
Q4803101	6000000094817323360
Q4803107	6000000001481355938
Q4803111	6000000032256606203
Q4803112	6000000040657223566
Q4803116	6000000042493684161
Q4803119	6000000138730622891
Q4803128	6000000001561446756
Q4803133	325348026500007122
Q4803140	6000000061232487349
Q4803143	6000000003940729821
Q4803147	6000000017200004880
Q4803149	6000000039684618139
Q4803158	6000000027935652976
Q4803170	6000000073970420827
Q4803172	6000000000769872242
Q4803180	6000000009618301483
Q48033290	6000000015230612621
Q4803332	6000000026245209041
Q4803333	6000000002024210333
Q4803335	6000000050171986533
Q4803337	6000000020533207304
Q4803533	6000000012570972702
Q4803694	6000000018093990899
Q4803700	6000000012072778817
Q4803708	6000000020498455939
Q4803715	6000000124357995834
Q48038193	6000000003762337752
Q48041	6000000043329983656
Q480427	6000000028832242951
Q4804284	6000000001825040813
Q4804609	6000000008332965413
Q4804610	6000000025471436945
Q4804611	6000000014338056371
Q4804613	6000000000682228497
Q4804615	6000000039299586964
Q480473	6000000017567019797
Q4804822	6000000020883866543
Q4804824	6000000104061805822
Q480484	6000000141149611858
Q4805410	6000000017672002344
Q4805419	6000000043026154597
Q4805425	6000000079937640052
Q4805428	6000000039303911448
Q4805435	6000000058217807038
Q4805527	6000000076520172831
Q4805554	6000000016054026294
Q4805651	6000000178825373822
Q4805898	6000000000394937292
Q4806029	6000000035529485458
Q4806031	6000000185508731835
Q4806066	6000000053797504897
Q4806076	6000000124208683401
Q4806082	6000000066923270861
Q4806083	6000000082552751984
Q48061291	6000000068325250824
Q4806346	6000000002353185789
Q4806642	6000000027819127007
Q4806650	6000000007310982441
Q48067883	6000000004270564894
Q48069167	3596028
Q4806933	6000000016027431794
Q48070400	6000000008415432854
Q48070566	6000000015901456755
Q4807258	6000000010352436478
Q4807262	6000000003362704882
Q4807309	6000000000097102189
Q48073567	6000000004868768918
Q48074	6000000147170034822
Q48074542	6000000171750957822
Q48074992	6000000006853357751
Q48075049	6000000020812740922
Q48075088	5637259249980136803
Q48078433	6000000004566888307
Q48079100	6000000008520906535
Q48081777	6000000009111743849
Q4808308	6000000002296115395
Q4808432	6000000077979969048
Q4808437	2141536
Q4808528	300751774700007760
Q48085677	6000000018417428630
Q4808689	6000000002400282967
Q48087130	6000000013903529043
Q4808742	6000000019219770636
Q4808822	6000000000165399733
Q4808824	6000000002188475450
Q4809178	6000000026452753106
Q4809203	4073318
Q48093	6000000063652428898
Q480969	6000000000248911041
Q48097393	6000000064842704821
Q4809949	6000000003366767632
Q48100501	6000000007555440766
Q481009	6000000005599001096
Q48102688	6000000009365348386
Q481038	6000000014860876990
Q4810718	6000000016199322166
Q4810908	6000000019516545171
Q481096	6000000029840179771
Q4810975	6000000000750327944
Q4811062	6000000002188489199
Q48113098	6000000013718513882
Q4811406	6000000011088964256
Q4811407	6000000014431155768
Q4811421	6000000002113578135
Q4811427	6000000007225486870
Q48114457	6000000013671282728
Q48114990	6000000013632158595
Q48115	6000000005566826203
Q48120113	6000000013290384287
Q48121395	6000000011263552820
Q48122071	6000000076167882004
Q48123004	6000000021209667607
Q481231	6000000035589894351
Q48123624	6000000013300949505
Q481253	6000000031046892899
Q4812774	6000000020459947238
Q48128154	6000000007131944276
Q481301	6000000041278328880
Q481309	6000000022977273063
Q481329	6000000017297906859
Q481330	6000000014112773321
Q4813348	6000000018884523442
Q481340	5354984990440076111
Q481344	6000000050313603996
Q48136013	6000000037200277990
Q481398	6000000105974416880
Q481407	6000000033650106154
Q481422	6000000181639501859
Q481432	6000000134764285845
Q481458	6000000180110703895
Q481469	6000000003350197477
Q481482	6000000069637981383
Q4814829	6000000017542536579
Q481486	6000000011133846649
Q481489	6000000036385305660
Q48149	6000000195151286853
Q481550	6000000132583460828
Q4815635	6000000001488070239
Q4815644	6000000006817690673
Q4815657	6000000025041516727
Q4815670	6000000035777450131
Q481574	6000000024327254857
Q481580	6000000004160609904
Q481582	6000000112832401962
Q481616	6000000145778240844
Q48163779	6000000029835551664
Q481655	6000000030669504205
Q48168259	6000000052475867020
Q4816840	6000000015859079035
Q4816889	6000000001770093654
Q4816908	6000000037223863648
Q4816931	3140024
Q48173	6000000015823268328
Q4817499	363169260090007144
Q4818023	6000000176156124824
Q4818229	6000000008524639957
Q481832	6000000017258523432
Q4818357	6000000044587726870
Q48184675	6000000018909039693
Q4818480	5290938356230059771
Q48185	6000000011384302303
Q4818520	6000000009523996710
Q48187	6000000008407762007
Q481874	6000000012331641339
Q4818810	6000000038549806643
Q4819037	6000000001877493147
Q4819060	6000000003891352072
Q4819109	6000000002188493465
Q4819126	6000000001877493156
Q4819144	6000000031580995990
Q4819158	6000000040708093992
Q4819183	6000000007600862474
Q4819186	6000000036883661112
Q4819188	6000000002188475688
Q4819201	6000000176987189849
Q4819207	6000000061317596902
Q4819212	6000000015937698073
Q4819221	6000000007006175465
Q4819258	6000000179208064825
Q4819284	6000000081486604056
Q481935	6000000076951734324
Q4819420	6000000018744637326
Q4819505	6000000019295824067
Q4819546	6000000183070699840
Q48197577	6000000077910352847
Q48199302	369629771970012777
Q48199817	6000000017664802286
Q4820029	6000000014642167894
Q4820133	6000000026255784970
Q4820196	6000000001445470034
Q4820197	1376902
Q4820275	6000000019844611571
Q48204590	6000000013947987710
Q4820639	6000000015751389771
Q4820641	4192419942620052183
Q4820645	6000000024776298985
Q4820660	6000000026892317307
Q4820668	6000000013490604933
Q4820674	6000000020642017974
Q4820676	6000000049843866198
Q4820677	6000000000769372089
Q4820681	6000000035004565620
Q4820685	6000000020593676158
Q4820703	6000000014163339574
Q4820710	6000000016542895567
Q482073	6000000000420627993
Q4820730	6000000003175699623
Q4820735	6000000003124512687
Q4820747	6000000111899949015
Q4820751	6000000001735019346
Q4820760	6000000018923465709
Q4820761	6000000027901796077
Q4820779	6000000001330598433
Q4820789	6000000015732837315
Q482080	6000000013080472686
Q4820810	6000000014264488905
Q4820816	6000000080182338140
Q4820831	6000000015376934283
Q4820842	6000000007642416321
Q4820846	6000000015485307456
Q4820862	6000000015127450788
Q4820913	6000000010380998955
Q4820919	6000000049177506833
Q4820923	6000000010164148576
Q48209859	6000000009371541390
Q4820996	6000000078722794235
Q48210044	6000000006580939031
Q4821036	6000000039894378881
Q4821069	6000000012482384546
Q4821075	6000000039894101264
Q4821094	4369720879460049700
Q4821099	6000000002641553235
Q48211	6000000018328523394
Q4821108	6000000006450570564
Q4821148	6000000002166155582
Q4821166	6000000016914155390
Q4821177	6000000033094749935
Q4821184	5492800668140047042
Q4821209	6000000010122962058
Q4821223	6000000004296770730
Q4821253	6000000011362840678
Q4821270	6000000032776806131
Q4821273	6000000000178206797
Q4821284	6000000050986173833
Q4821304	6000000041255044123
Q4821367	6000000069948817834
Q4821369	6000000024269668552
Q4821370	6000000016850088835
Q4821376	6000000011697453607
Q4821383	6000000077158958223
Q4821384	6000000025902070223
Q4821391	6000000073716463323
Q4821395	6000000016137679001
Q4821399	6000000003425278046
Q4821409	6000000104972483870
Q4821410	6000000019384752994
Q4821421	6000000045347189882
Q4821424	6000000003321305031
Q4821429	6000000010011097486
Q4821431	6000000220056514257
Q4821440	6000000021135180903
Q4821448	6000000003045243348
Q4821449	6000000004978181764
Q4821453	6000000046903474215
Q4821471	6000000002188493857
Q4821472	6000000061137487959
Q4821474	6000000011582305814
Q4821478	6000000002188536723
Q4821483	6000000044085090937
Q4821484	6000000002465288897
Q4821488	6000000017804492377
Q4821496	6000000050502215842
Q4821504	6000000045196268877
Q4821512	6000000019087659966
Q4821517	6000000013740984178
Q4821518	6000000027731352903
Q4821522	6000000015343536078
Q4821526	6000000008370545645
Q4821535	6000000041689619923
Q4821540	6000000124427779884
Q4821541	6000000022162825067
Q4821544	6000000010202609845
Q4821545	6000000026335624366
Q4821546	6000000048162532147
Q4821550	6000000025903099266
Q4821551	6000000026151293974
Q4821560	6000000000753671317
Q4821564	6000000050185057843
Q4821566	6000000013852545945
Q4821569	6000000012677221273
Q4821586	6000000014728088177
Q4821593	6000000068377985843
Q482197	6000000056627661997
Q482209	6000000002188461505
Q4822191	6000000183069954083
Q4822226	6000000006767920975
Q4822392	6000000090364826856
Q48224659	6000000019966429497
Q48226	6000000001727606069
Q4822629	6000000009718301774
Q48227020	6000000003344928578
Q4822853	6000000079100836036
Q4822857	6000000043179818318
Q48229096	6000000050822376122
Q4822952	6000000026325989297
Q48229713	6000000004868521658
Q4822998	3929909070890034977
Q4823040	6000000044781440856
Q4823042	6000000035555493002
Q4823044	6000000037421244913
Q4823057	6000000014874356699
Q48231	6000000083419596311
Q4823183	6000000000875277647
Q4823229	6000000018686276951
Q4823280	6000000153885951946
Q48232971	6000000113770936830
Q4823306	6000000009562713645
Q4823332	6000000013206333820
Q4823336	6000000002703840073
Q48237524	6000000077915827191
Q48246	6000000042388225919
Q482496	6000000017296664767
Q48257893	6000000012937019946
Q48257893	6000000193248804827
Q48259	6000000009196905681
Q4826	6000000047865838629
Q4826119	6000000088641803845
Q4826645	6000000016560068032
Q4827386	6000000013070407665
Q4827738	6000000003541703234
Q4827842	6000000010061971140
Q4827935	6000000088073862956
Q48280	6000000000783761075
Q4828003	6000000007394025082
Q482807	6000000012838330474
Q482827	6000000034695617962
Q4828399	6000000010601597273
Q4828400	6000000015435718804
Q4828407	6000000043659367097
Q4828449	6000000032411981945
Q4828818	6000000015675049370
Q4828830	6000000006089525555
Q48289305	6000000002188524525
Q4828945	6000000015587614314
Q4829048	6000000166659559711
Q482907	6000000121175426021
Q48293641	6000000117627081890
Q4829394	331568956300001669
Q4829405	6000000003249185598
Q4829410	6000000001142324075
Q4829412	6000000006454388521
Q4829416	6000000003814599989
Q4829429	6000000015627596468
Q4829441	6000000094464636822
Q4829605	6000000077974264954
Q4829978	6000000040521176440
Q48301	6000000024582373475
Q4830230	6000000013485702756
Q4830244	6000000030998050193
Q4830245	6000000011784212853
Q4830248	6000000060222731840
Q4830265	6000000182164592821
Q483027	6000000004654539404
Q4830270	6000000040692607007
Q4830274	6000000006321339381
Q4830275	344146815060011563
Q4830277	6000000022880667560
Q4830278	6000000019241305129
Q4830280	6000000041700499417
Q4830282	6000000018327968320
Q4830283	6000000011994810052
Q4830293	6000000034947890865
Q4830295	6000000069593861994
Q4830319	6000000020389568026
Q4830349	6000000012995948220
Q4830357	3930489
Q4830365	6000000072979900911
Q48303745	6000000024296037082
Q4830377	6000000011822914717
Q4830380	6000000006112866048
Q4830390	6000000017719593481
Q48305	6000000011134200128
Q48305084	6000000049445245147
Q48305176	6000000082497170318
Q48305188	6000000067156743052
Q4830761	6000000151631594065
Q4831139	6000000007132047388
Q4831145	6000000011416513371
Q483118	6000000007015209542
Q4831184	6000000169729379821
Q48312814	6000000001504387569
Q4831431	6000000051168754000
Q48314335	6000000013947162818
Q483145	6000000017153129035
Q483148	6000000052272674016
Q4831480	6000000026986679583
Q48317153	6000000013903040333
Q483203	6000000030367840163
Q4832163	6000000001878924241
Q48322148	6000000001504387607
Q48322151	6000000009980004425
Q48322358	6000000018022872683
Q4832276	4352745187560028383
Q48322830	6000000019493541775
Q4832689	6000000000170425298
Q4832832	6000000132557638958
Q48330	6000000140289698221
Q483309	6000000050218521259
Q483325	6000000008470051922
Q48336167	6000000040805317550
Q48337	6000000013528470292
Q483376	6000000194571627836
Q483379	6000000006160145083
Q483382	6000000027527541466
Q4833879	6000000006741463523
Q4834024	6000000006823735426
Q483405	6000000027745719017
Q4834119	6000000006598896037
Q48348333	6000000024183503831
Q483507	6000000021400535467
Q483512	6000000010616387749
Q48352102	6000000004590717912
Q48357	6000000041430224080
Q48363	6000000020748047413
Q4837174	6000000004853662976
Q48373	6000000008526325585
Q48373205	6000000064194238085
Q4837349	6000000008176039762
Q4837660	6000000166206169840
Q483771	6000000015064743800
Q4837810	6000000016197182931
Q4838254	6000000010923495426
Q483837	6000000077753636156
Q483907	6000000027948374024
Q4839221	6000000016188338794
Q483934	6000000074467993378
Q483992	6000000046433010936
Q484030	6000000037188347317
Q4840753	6000000010532980337
Q48410	6000000002872157764
Q484141	6000000007343366390
Q4842110	6000000011147640846
Q4842212	6000000177022387840
Q48422345	6000000022258164604
Q4842520	6000000001835423379
Q48426301	6000000002434699157
Q484265	6000000013077352959
Q48427691	6000000006128310454
Q484280	6000000074788693021
Q484280	6000000074788900889
Q484302	6000000057843101014
Q4843146	6000000075399017849
Q484365	6000000017834151880
Q4844253	6000000026887211904
Q4844459	6000000007150171112
Q4844475	6000000011851759234
Q48447824	6000000004868960028
Q4844895	5024786724200076873
Q4845024	6000000018934673913
Q4845077	6000000021805675317
Q4845081	6000000017867248450
Q4845084	6000000026631954860
Q4845090	6000000014675123986
Q4845092	6000000127564838944
Q4845094	6000000050967280938
Q4845124	6000000062463404878
Q4845134	6000000031094646736
Q4845140	6000000062659764874
Q4845161	6000000057335561960
Q4845162	6000000012721967379
Q4845164	6000000065948302837
Q4845167	6000000003510579670
Q4845168	6000000006568348681
Q4845169	6000000033426542854
Q4845175	6000000057371825842
Q4845177	6000000018596270430
Q4845180	6000000057330724237
Q484523	6000000025099740035
Q4845393	6000000016956703587
Q484540	6000000078421906999
Q4845478	6000000004969886960
Q4845495	6000000039673159150
Q48457284	6000000007632855124
Q4845749	6000000077236306112
Q4845819	6000000035880380434
Q48459937	6000000003493643483
Q484605	6000000047331076861
Q484615	6000000009544618643
Q48465042	6000000015732314740
Q4846573	6000000100760541849
Q484662	6000000013285336680
Q484669	6000000024101867199
Q4846805	6000000058222069934
Q4846814	6000000036489544918
Q484688	6000000023022572442
Q484690	6000000015710821635
Q484693	6000000040498034266
Q4847359	6000000007292189927
Q48474011	6000000000769960361
Q48474019	6000000002188670975
Q4848333	6000000046080410850
Q4848334	6000000073183038860
Q4848339	6000000023076808586
Q4848360	6000000002543876767
Q48484	6000000004380479997
Q48487	6000000003622147412
Q484874	6000000080613028234
Q484881	6000000013082121565
Q48490116	6000000013903236110
Q48491234	6000000017721455853
Q48491795	6000000013903088491
Q484943	6000000026566419432
Q484985	6000000166774484872
Q4850373	6000000038533547444
Q4850386	6000000039315561835
Q4850751	6000000008091453581
Q4850754	6000000014586487952
Q48508205	6000000206564255882
Q485090	6000000022655231324
Q4850957	6000000008261521064
Q4850963	6000000030411405671
Q485158	6000000001759002555
Q485165	6000000018823461600
Q4852637	6000000011843429589
Q48527024	6000000034954794804
Q485285	6000000015712021371
Q485298	6000000184480816829
Q4852994	6000000173431951832
Q4853017	6000000077121628991
Q4853018	6000000014164647063
Q485310	6000000022659586073
Q4853308	6000000010453060680
Q4853309	6000000010453302967
Q4853351	6000000025115343630
Q4853353	6000000083957154522
Q4853497	6000000002999017027
Q48536345	6000000027946620613
Q485365	6000000013424951806
Q48537916	6000000054955091927
Q4853956	4519620
Q48541395	6000000115882084840
Q4854154	451143
Q4854155	6000000013427047154
Q4854156	6000000013547873287
Q48544	6000000001063161411
Q48548	6000000017143035043
Q485490	6000000017216436374
Q485508	6000000008511991787
Q48555774	6000000008115459157
Q48556046	6000000036422060023
Q485604	6000000079303722832
Q48562359	6000000091822592110
Q48562379	6000000006850243533
Q48562457	6000000007396100574
Q48562477	6000000003251886441
Q48563445	6000000042781808038
Q485635	6000000102688299839
Q48566	6000000016924736353
Q48568589	6000000013302403463
Q48574	6000000020294339263
Q4857643	6000000001299289840
Q4857667	6000000001299298150
Q48580	6000000001255932494
Q48583384	6000000014684311978
Q4858697	6000000011824611685
Q4858720	6000000006456977043
Q4858739	6000000004224190863
Q4858751	6000000067844090994
Q4858761	6000000002957388983
Q4858770	6000000013497934035
Q4858774	6000000076278331963
Q4858820	6000000046373727824
Q4858848	6000000024046993081
Q485885	6000000145400779829
Q4858861	6000000017536370320
Q4858899	6000000013682055233
Q48589	6000000057444798889
Q4858966	6000000011525516375
Q4858969	6000000002501817386
Q485901	6000000028147187077
Q4859046	6000000031682802678
Q4859059	6000000031754999307
Q4859067	6000000003827497711
Q4859106	6000000021674829467
Q4859140	6000000000586124947
Q4859202	6000000012901429371
Q4859221	6000000006892723063
Q4859225	6000000017856501475
Q4859241	6000000007086633021
Q4859300	6000000032480866297
Q4859303	6000000015118641298
Q4859326	6000000000398202429
Q4859354	6000000016939954065
Q4859356	6000000135788354880
Q4859381	6000000020560038382
Q4859393	6000000040234558821
Q4859423	6000000013280479096
Q4859726	6000000053908237995
Q4859747	6000000002955432428
Q4859760	6000000008170324883
Q4859926	6000000018156770216
Q4859930	6000000017214292461
Q4859931	3458113
Q4859934	6000000017207529931
Q4859935	6000000017207518975
Q4859942	6000000013988934743
Q485995	6000000114857837002
Q4859959	6000000122626466981
Q48601777	6000000004232900071
Q48603612	6000000011999899292
Q4860449	6000000017436816969
Q48605532	6000000076429708821
Q48605799	6000000014255515097
Q48606400	6000000076642552101
Q48606646	6000000076639683821
Q48606889	6000000013566822353
Q486096	6000000017618183199
Q486103	6000000113229402864
Q4861101	6000000075342540870
Q4861114	6000000064761650988
Q4861332	6000000017856748418
Q4861356	6000000010811276764
Q4861363	6000000183614004857
Q4861367	6000000027167126462
Q48614305	6000000019479678249
Q4861635	6000000003319805598
Q48616397	6000000026206513190
Q4861767	6000000002692120494
Q4861864	6000000181842408844
Q4862528	6000000031820677916
Q4862556	6000000100206189997
Q48627	6000000026715939913
Q4862947	6000000016424837141
Q4862957	6000000012729555791
Q4862973	6000000011214723872
Q48631536	6000000019344027554
Q4863449	6000000040548502518
Q48635407	6000000017348269955
Q4863542	6000000072360484946
Q4863653	6000000025609250902
Q4863799	6000000014371405753
Q4864013	6000000035819056615
Q4864015	6000000035819230990
Q48640597	6000000018943118978
Q4864091	6000000038197287703
Q4864132	6000000040209945449
Q48641749	6000000026358178397
Q48642047	6000000018222909566
Q48644116	5461033600560064524
Q48644558	6000000028180016463
Q48644564	6000000053694065859
Q48644565	6000000026351311012
Q48644658	6000000009394164942
Q48644668	6000000073960010862
Q4864477	6000000023885274924
Q48645149	6000000009558068677
Q4864519	6000000025930171863
Q48645191	6000000004664106503
Q48645198	6000000212172476828
Q48645263	6000000026683345539
Q48645308	6000000180208197828
Q4864570	6000000029898836566
Q4864682	6000000175750425844
Q4864755	6000000027593705550
Q4864782	6000000037770825338
Q4864808	6000000039062876520
Q4864905	6000000016838561865
Q48649106	6000000019204431373
Q4864917	6000000030940520249
Q4864918	6000000023095158795
Q4864926	6000000056341640878
Q48650020	6000000106261466836
Q48650712	6000000001631223190
Q4865083	6000000006251479597
Q4865095	6000000185313251897
Q4865195	6000000003070244471
Q4865196	6000000003225031448
Q4865231	6000000008815783030
Q4865251	6000000057069087951
Q4865254	6000000010561974933
Q4865294	6000000006231608770
Q48652967	6000000016981484074
Q48653	6000000020152791382
Q48654131	6000000026435558331
Q4865416	6000000126246726843
Q4865421	6000000016331201005
Q4865481	6000000002667384355
Q4865848	6000000008343561751
Q48658488	6000000145220921850
Q4865853	6000000002246402277
Q48658533	6000000006602621120
Q4865862	6000000204257913827
Q4865863	6000000044751259821
Q4865868	320142818620004689
Q4866142	6000000012394044526
Q4866335	6000000111349210821
Q4866341	6000000056765425845
Q486674	6000000006727790897
Q4866839	2443550
Q4866868	6000000048153581119
Q486692	6000000008892571470
Q4867099	6000000011186339006
Q48671	6000000012544621084
Q4867100	6000000028213759145
Q4867105	6000000041763910167
Q4867107	6000000014518162560
Q4867115	6000000078632794038
Q4867126	6000000016360679184
Q4867140	6000000013744586777
Q4867157	6000000016001114824
Q4867175	4821495548740035069
Q4867177	6000000004126589230
Q4867184	6000000016386501558
Q4867188	6000000048754918172
Q4867192	6000000008706609522
Q4867198	6000000047777819092
Q4867205	6000000015445847201
Q4867213	6000000036693568647
Q4867224	6000000019368027650
Q4867241	6000000028212630356
Q4867252	6000000017804708491
Q4867263	6000000003203183675
Q4867276	6000000013505553693
Q4867287	6000000016334234244
Q486740	6000000013451573528
Q486750	6000000177619027926
Q4867946	6000000050172926101
Q4867957	6000000032439289867
Q48681213	6000000174300308342
Q4868154	6000000002116179995
Q48682	5659604921100103257
Q4868278	6000000001958223042
Q48684	6000000016830405440
Q48684245	6000000000742090473
Q48685018	6000000030263898553
Q48687662	6000000013551056039
Q48688082	6000000012556204095
Q486883	6000000021733968062
Q48688470	6000000025899841027
Q48688661	6000000006919137033
Q48689346	6000000020626942470
Q48690	6000000025901610181
Q486908	6000000081305527464
Q4869084	298200243320003679
Q48691968	6000000020277581803
Q48698481	6000000074908322059
Q4869934	6000000028998519233
Q48700	6000000028473902236
Q48700051	6000000030884012148
Q48700391	6000000003306431927
Q4870087	6000000000421391296
Q48703095	6000000002765016497
Q4870379	6000000096384630879
Q487043	6000000042470184436
Q48704901	6000000022304723498
Q48704959	6000000002765016503
Q4870810	6000000180156556824
Q48708362	6000000021425032309
Q4870843	6000000006995917445
Q48709014	6000000019907305167
Q487125	6000000069277975866
Q487141	6000000049097608854
Q4871423	6000000076466025703
Q48714630	6000000021425140005
Q48720093	6000000003858651666
Q487213	6000000029195663058
Q48724	6000000025157107826
Q487289	6000000013356096497
Q487309	6000000001603377470
Q48731861	6000000000609971030
Q48735004	6000000012313508205
Q487355	6000000002964322240
Q4873576	6000000075326434147
Q4873847	6000000075141588067
Q487387	6000000013953596894
Q487418	6000000014001588720
Q4874348	6000000033792838475
Q4874419	6000000069574307943
Q487442	6000000018677427999
Q4874497	6000000081116629821
Q48745	6000000015837693113
Q487460	6000000036233057189
Q487473	6000000197505021834
Q48751399	6000000021411154306
Q487523	342563534270013830
Q4875338	6000000177011687037
Q487543	6000000074791628056
Q48755146	6000000003098208642
Q48755703	6000000002561110683
Q48759034	6000000003312241152
Q487604	6000000015862348180
Q48765	6000000071266260963
Q4877016	6000000041384738037
Q48771	6000000015890518327
Q487710	6000000008259143728
Q4877117	6000000010961380997
Q4877133	6000000015208183340
Q4877143	6000000059867906935
Q4877147	6000000011469931020
Q4877166	6000000040413597288
Q4877193	6000000003570148406
Q4877195	6000000015925769362
Q4877228	6000000002188458665
Q4877232	6000000077989003467
Q487724	6000000012475316261
Q48772419	6000000019706399237
Q4877250	4329816025780047418
Q48772666	6000000016302399720
Q48773871	6000000000114131754
Q48774	6000000007646809367
Q4877414	6000000079732743260
Q4877415	6000000057179236828
Q4877420	6000000013565423995
Q4877421	6000000002339451939
Q48775464	6000000179292131823
Q4877569	6000000016578961336
Q48776420	3641485
Q48780590	6000000009467930327
Q48780590	6000000088410483850
Q48781239	6000000009467879937
Q48781311	6000000011288227674
Q48781946	6000000012140410337
Q48782080	6000000018922885633
Q48786421	6000000002188526561
Q48787122	6000000029205174476
Q48787152	6000000044679246618
Q4878816	6000000044657467997
Q487882	6000000126644319843
Q4879037	6000000009490287508
Q4879111	6000000018776859811
Q48792	6000000012111263259
Q487927	6000000189744622832
Q4879485	6000000065561488942
Q4879486	6000000048602224077
Q487983	6000000012748630485
Q48800094	6000000019372693733
Q4880145	6000000010028826357
Q48801462	6000000012720767209
Q48804507	6000000165983869140
Q48805260	6000000165982444849
Q48806481	6000000141037193842
Q48806844	6000000001365018022
Q48808554	6000000145757224868
Q48809122	6000000015339706261
Q48809994	6000000150921370269
Q4881	6000000002187894136
Q48811292	6000000166186562303
Q48811456	6000000151403946243
Q48811520	6000000056327571983
Q4881234	6000000017876609033
Q48812369	6000000178598204845
Q4881356	6000000024595247034
Q48813637	6000000046244545830
Q48814191	6000000182735997822
Q4881538	6000000028694092894
Q48815464	6000000037888061985
Q48817	6000000044163785944
Q4881764	6000000076114367852
Q4881771	6000000026286320334
Q48817797	6000000001504778922
Q4881787	6000000057010295873
Q4881796	6000000013293465192
Q4882119	6000000097562477837
Q48821913	6000000042486033374
Q48823925	6000000020801656434
Q4882427	6000000000743619938
Q4882436	6000000024909526121
Q48825770	6000000033010995867
Q48826525	6000000038598216935
Q48827262	6000000006662617568
Q4882877	6000000011824639306
Q48830843	6000000041882090821
Q48830843	6000000144202428878
Q48832144	6000000145346879857
Q48835793	6000000002723363338
Q4883608	6000000081279635988
Q4883611	6000000004006878124
Q4883666	6000000015558570307
Q4883669	6000000008104107419
Q48839818	6000000166452372858
Q48841430	6000000171702076363
Q48842577	6000000078619260590
Q4884289	6000000017600365647
Q48844932	6000000014072432367
Q48845116	6000000017047292398
Q48845800	6000000006273645869
Q48847033	6000000184734097823
Q4884802	6000000015801972064
Q48848928	5536862949940125655
Q48848991	6000000004175509236
Q4884992	6000000000888630481
Q48850033	6000000081359240571
Q48850264	6000000180536000841
Q48850290	6000000180536206856
Q48850465	6000000077916518351
Q48850845	6000000220968455902
Q48851119	6000000063840190007
Q48851641	6000000046285278924
Q4885198	6000000046558818968
Q48852364	6000000168660229930
Q4885267	6000000102090605870
Q4885278	6000000022717922692
Q4885433	6000000084006400940
Q48854430	6000000202095324847
Q48854947	6000000016101067657
Q48855110	6000000015492327219
Q48855256	6000000080939256429
Q4885572	6000000012430853676
Q48856305	6000000124442734829
Q48856316	6000000141333933189
Q48856388	6000000174589316190
Q48856545	6000000015564297789
Q48856602	6000000011526045999
Q48856655	6000000082316313828
Q48856712	6000000097307862681
Q48856761	6000000016094111395
Q48856824	6000000011367925251
Q4885694	323969728680006378
Q4885715	6000000185674981953
Q4885722	6000000002764686962
Q4885849	6000000018152714856
Q4885994	6000000014014178089
Q4886065	6000000112069442363
Q4886084	6000000042292239384
Q48860964	6000000072412521499
Q48861210	6000000033635563932
Q48861576	6000000002632993308
Q48861642	6000000087338260289
Q48861661	6000000033601048976
Q48861694	6000000070154064348
Q48861786	6000000007370546518
Q4886189	6000000010724719199
Q48861908	6000000097123066169
Q48862068	6000000022555183335
Q48862400	6000000178524796833
Q4886328	6000000073373872903
Q4886330	6000000183993146834
Q4886368	6000000020587412207
Q4886372	6000000016410754305
Q4886376	6000000057430192221
Q48863895	6000000016028881222
Q4886406	6000000029665682918
Q4886439	6000000054923791886
Q488644	5500484485720074729
Q4886469	6000000004222478667
Q48864691	6000000003150850977
Q4886504	6000000026668459128
Q4886556	6000000025889760884
Q4886571	6000000024682082371
Q4886572	6000000021314685958
Q4886590	6000000085340077951
Q48866370	6000000037581496328
Q4886651	6000000014748599724
Q4886675	6000000060816061938
Q48866850	6000000097327190986
Q4886757	6000000027521389507
Q4886766	6000000047779412829
Q4886767	6000000077943539234
Q4886816	6000000143950128853
Q48869753	6000000000587099881
Q48870703	6000000007510802312
Q48871590	6000000007764028268
Q48871644	6000000166459526264
Q4887166	6000000011076542867
Q4887243	4605163386960126924
Q4887247	6000000016191573865
Q4887254	328212171700001181
Q4887286	6000000000841513726
Q4887293	6000000001075405281
Q4887303	6000000013307043676
Q4887318	6000000003165657436
Q4887394	6000000006589230980
Q4887399	6000000027528752716
Q48874305	6000000000661145767
Q4887488	6000000026982021159
Q488754	6000000151928532912
Q488771	6000000054683548817
Q48877232	6000000080665055881
Q48877238	6000000157730612824
Q4887795	6000000011143480275
Q4887822	6000000012956997840
Q4887828	6000000008122924575
Q4887829	6000000010807205007
Q4887831	6000000055987311997
Q4887881	6000000022835391237
Q4887921	6000000029559525451
Q4887923	6000000033607817393
Q4887926	6000000065522328851
Q4887959	6000000016175136008
Q4887981	6000000012640393402
Q4888076	6000000000176619148
Q4888152	6000000037316258478
Q4888154	6000000009377725783
Q4888163	6000000051436686926
Q4888169	6000000064491351922
Q4888182	5309569469890102446
Q4888204	6000000012591537228
Q4888205	6000000012591527280
Q4888226	6000000002787314054
Q4888255	6000000011303048671
Q4888257	6000000079208264137
Q4888303	6000000002288356115
Q4888322	6000000000266536245
Q4888326	6000000014408296288
Q4888328	6000000007418710947
Q4888335	6000000028145330784
Q4888339	6000000012676906699
Q4888354	6000000035568944412
Q4888355	6000000015918811268
Q4888378	6000000000664804413
Q4888379	6000000014854203834
Q4888384	6000000040472549119
Q4888386	6000000000437102203
Q4888398	6000000011324348157
Q4888407	6000000001577372124
Q4888429	6000000062746359836
Q4888440	6000000013743493558
Q4888455	6000000019102272796
Q4888467	6000000003502381169
Q4888470	6000000000676078932
Q4888476	6000000026668956825
Q4888479	6000000063797420876
Q4888483	6000000021334454967
Q4888490	6000000054923509915
Q4888498	6000000019625701265
Q4888499	6000000018290478363
Q4888499	6000000026535252497
Q4888501	6000000013560153670
Q4888503	6000000038790994871
Q4888513	6000000065159141855
Q4888516	6000000019596662572
Q4888521	6000000000619510696
Q4888526	6000000011448627487
Q4888536	6000000075081039832
Q4888546	6000000001857056392
Q4888559	6000000013897726729
Q4888572	6000000014799190284
Q4888582	6000000006598949942
Q4888593	6000000041490916378
Q4888614	6000000007529028746
Q4888615	363462496430010536
Q4888617	6000000013694641267
Q4888618	6000000001937645724
Q4888623	6000000177354650824
Q4888628	6000000021885591684
Q4888636	6000000010964027013
Q4888637	6000000007273423688
Q4888649	6000000001021430558
Q4888651	6000000104927857992
Q4888655	6000000012801043454
Q4888662	6000000021065299989
Q4888668	6000000017469763181
Q4888670	6000000084165596900
Q4888671	6000000034953102330
Q4888680	6000000179519029838
Q4888693	6000000181234360904
Q4888697	6000000085376954832
Q4888716	6000000008152487088
Q4888727	6000000005421047312
Q4888732	6000000012734131273
Q4888733	6000000142442377853
Q4888741	6000000029490607839
Q4888749	6000000158572878872
Q4888758	6000000007391541622
Q4888761	6000000017643491254
Q4888764	6000000019646905156
Q4888767	6000000003412785210
Q4888784	5709734608960063843
Q4888787	6000000001180084464
Q4888789	2195489
Q4888797	6000000028603261110
Q4888800	6000000046068311864
Q4888804	6000000016361477595
Q4888817	6000000014874664030
Q4888830	6000000008509053243
Q4888841	5213723677590079099
Q4888845	6000000112682478481
Q4888857	6000000025902661430
Q4888859	6000000182843041869
Q4888875	6000000028773819175
Q4888885	6000000008140113708
Q4888889	6000000025592827429
Q4888896	6000000071897955963
Q48889254	6000000008582485735
Q4888935	6000000060303028894
Q4888954	6000000040923650076
Q4888959	6000000041635813658
Q4888980	6000000010188559466
Q4888987	6000000024379691136
Q4889015	6000000002649910176
Q4889021	6000000012457715864
Q4889025	6000000025608942588
Q4889027	6000000017517294815
Q4889033	6000000041274686962
Q4889040	6000000017815319692
Q4889059	6000000007312686583
Q4889062	6000000002992823540
Q4889069	6000000008519227051
Q4889075	6000000006330055579
Q4889118	6000000023726804281
Q4889122	6000000044770429846
Q4889125	6000000090632063826
Q4889128	6000000040520135156
Q4889131	6000000003203183582
Q4889139	6000000001793447852
Q4889174	6000000035476958938
Q4889176	6000000127066935822
Q4889185	6000000002860831825
Q4889186	6000000017867566603
Q4889188	6000000173259280877
Q4889193	6000000027666552384
Q4889194	6000000141080182823
Q4889197	6000000123070718821
Q4889199	6000000015169351014
Q4889203	6000000000664530638
Q4889214	6000000003941815135
Q4889222	6000000004292161619
Q4889238	6000000057496516849
Q4889253	6000000016191778497
Q4889262	6000000034662972123
Q4889263	6000000017343935075
Q4889264	6000000015960499081
Q4889271	6000000003579833418
Q4889271	6000000083508695185
Q4889275	6000000017264431363
Q4889286	6000000008470327504
Q4889292	6000000006809250979
Q4889313	6000000006348568001
Q4889316	6000000012535061681
Q4889325	6000000003852503570
Q4889328	6000000066294512868
Q4889333	6000000026325973307
Q4889340	6000000014814198903
Q4889354	6000000018657431750
Q4889359	6000000003331339606
Q4889375	6000000011673146146
Q4889390	308409675590008255
Q4889403	6000000026395171195
Q4889405	6000000026395265995
Q4889406	6000000001902249631
Q48894144	6000000005599033434
Q4889415	6000000006290264298
Q4889416	6000000026286040362
Q4889420	6000000014460209649
Q4889426	6000000020342332965
Q4889566	6000000038035784142
Q4889630	6000000047233010054
Q48896406	6000000023545158185
Q4889668	6000000001133330030
Q4889708	6000000034452676769
Q4889731	6000000003263509518
Q4889757	297777961690001711
Q4889852	6000000012642969997
Q4889906	6000000183286560833
Q4889909	6000000001914885998
Q4889949	6000000021932010486
Q489	6000000015694680364
Q489000	6000000032715436402
Q489002	6000000181967561865
Q4890123	6000000006908552175
Q4890263	6000000040940882088
Q4890322	6000000041231160135
Q4890333	6000000011079070223
Q4890343	6000000007317535266
Q48903559	6000000026683529027
Q4890463	6000000003527500332
Q489047	6000000179141235829
Q4890482	6000000077411231915
Q4890777	6000000004152915847
Q4890922	6000000000674048441
Q4890936	6000000003491749301
Q4891057	6000000040059975029
Q4891196	6000000143932835940
Q4891453	6000000033547208139
Q4891703	3948994889740037803
Q4891795	6000000024548688433
Q4891796	6000000013270178608
Q4891823	6000000012896036219
Q4891842	6000000026091484071
Q4892065	6000000011132661956
Q4892066	6000000016461042195
Q4892074	6000000015290254666
Q48921007	1596914
Q489245	6000000017192867390
Q4892470	6000000174893102012
Q4892547	6000000179398604827
Q48926400	6000000002697000184
Q48926402	6000000035503950707
Q48926434	6000000011355706333
Q48927699	6000000097113228162
Q489279	6000000013355713117
Q4892816	6000000137024647834
Q4892884	6000000179057512830
Q4892889	6000000015779377294
Q4892898	6000000026173081013
Q4892929	6000000012762102647
Q4892968	6000000036548016806
Q48929736	6000000009765312869
Q4893000	6000000045011004821
Q4893027	6000000002991633857
Q48930466	6000000010132409748
Q4893059	6000000011663399464
Q4893065	6000000186183050373
Q4893066	6000000073951529094
Q48930661	6000000010131827798
Q4893077	6000000102681000031
Q4893079	6000000004295489525
Q4893080	6000000177077035896
Q48930831	6000000017085639746
Q4893087	6000000046368671893
Q48930940	6000000002765726500
Q4893102	6000000163316666833
Q48931120	6000000017076472793
Q4893120	6000000053146303843
Q4893121	6000000019045688620
Q4893126	6000000109916364876
Q4893127	6000000014230104603
Q4893130	6000000013249892818
Q4893139	6000000004868052469
Q48931508	6000000002765726521
Q48931706	6000000002765726515
Q4893174	6000000025140113013
Q4893180	6000000053449312090
Q4893181	6000000037973289123
Q4893205	6000000007705569674
Q48932174	6000000002765016720
Q4893245	6000000001744982483
Q4893250	6000000000806928192
Q4893260	6000000023400296482
Q48932958	6000000002765726508
Q4893308	6000000087110297992
Q4893322	6000000017786582411
Q4893334	6000000002389030015
Q4893337	6000000130850346839
Q4893346	6000000005954979389
Q4893351	6000000037428047604
Q4893400	6000000014797514580
Q4893471	6000000032813950063
Q4893508	6000000047885619999
Q4893519	6000000028704617458
Q4893541	6000000023509126135
Q4893552	6000000003534974275
Q4893671	6000000141840346041
Q4893672	6000000003009734738
Q4893680	6000000034840078862
Q4893683	6000000015985445057
Q4893711	6000000041772589372
Q4893720	6000000002729448360
Q4893733	6000000015686493360
Q4893737	6000000004867668773
Q4893928	6000000083141193866
Q4893940	6000000008896570710
Q4894142	6000000011382041564
Q4894172	6000000144176727908
Q4894175	6000000149279087845
Q4894213	6000000031103546825
Q4894229	6000000056647906926
Q4894246	6000000100396807875
Q4894291	6000000077470148014
Q4894292	6000000017713991320
Q4894295	6000000047468046146
Q4894303	4487090821060036203
Q4894305	6000000085692923880
Q4894329	6000000030621138842
Q4894589	6000000010146293228
Q4894594	6000000041368809240
Q4894596	6000000013495773429
Q4894604	6000000073242654881
Q4894608	6000000001360683261
Q4894609	6000000031049811392
Q4894928	6000000011558780770
Q4894971	6000000020253166202
Q4894986	6000000000478311435
Q4895012	6000000014779376207
Q4895066	6000000027417611017
Q4895080	6000000060229568925
Q4895083	6000000010269647351
Q4895102	6000000031913677963
Q4895133	6000000060209235506
Q4895141	6000000176435904914
Q4895145	6000000016390473994
Q4895150	6000000031912536372
Q4895160	6000000060308188884
Q4895170	6000000067073502821
Q4895180	6000000016985995855
Q4895190	6000000015610574064
Q4895200	6000000063535118869
Q4895211	6000000003477709937
Q4895262	6000000045082950858
Q4895327	6000000001156113907
Q4895336	6000000060229010036
Q4895357	6000000063531146821
Q4895368	6000000019386396659
Q4895372	6000000005091912617
Q4895378	6000000063452974873
Q4895415	6000000018120015864
Q4895429	6000000017315915083
Q4895435	6000000039074757702
Q4895443	6000000015052588172
Q48954733	6000000018464246516
Q4895509	6000000114707554985
Q48955491	6000000169729683987
Q48955601	6000000153528859848
Q4895571	6000000131767266825
Q4895585	6000000010385509549
Q48956	6000000013879237443
Q4895631	6000000005438507029
Q4895658	6000000018289505164
Q4895676	6000000174950014891
Q4895680	6000000036760712237
Q4895710	6000000007473385760
Q4895712	6000000038066776059
Q4895753	6000000054109687994
Q4895757	6000000025157197808
Q4895764	6000000009479701541
Q4895766	6000000001637066584
Q4895778	6000000002116032126
Q4895796	6000000079185920909
Q4895803	6000000024920521818
Q4895812	6000000005760838254
Q4895818	6000000040147943069
Q4895822	6000000032240727561
Q4895829	6000000005438503715
Q4895947	6000000038376443962
Q4896	5260144264140120453
Q4896120	6000000040414678250
Q4896135	6000000008439804506
Q48963363	6000000002188495772
Q48963492	6000000179476941972
Q4896361	6000000010801610521
Q4896363	6000000018678302141
Q48963702	6000000210412627849
Q4896373	6000000042372359762
Q48963730	6000000078003147402
Q48963780	6000000014569037222
Q4896381	6000000028105288197
Q48963846	6000000002764375363
Q489643	6000000016301796871
Q4896455	6000000013165370048
Q4896496	6000000017426785330
Q4896604	6000000092458281834
Q48969820	6000000026649834297
Q48973	4548332
Q48975751	6000000009145024543
Q48975931	6000000046471772933
Q48976177	6000000027509320492
Q48977363	6000000043418160879
Q48977640	6000000026424713461
Q48977722	6000000025510305662
Q48977776	6000000079088156835
Q48978069	6000000026268326531
Q48978096	6000000019884034553
Q4897890	6000000024919378587
Q4897933	6000000055151444232
Q48981342	6000000034864309997
Q48981961	6000000002188524513
Q4898231	6000000003445445308
Q4898274	6000000024715897423
Q4898286	6000000041155803570
Q48983	6000000004959121910
Q489831	6000000028324173874
Q4898311	6000000031918062958
Q4898348	6000000019134536935
Q4898394	6000000038322612456
Q489856	6000000010441988541
Q4898592	6000000003576279912
Q4898599	6000000108606067052
Q4898619	6000000027900606148
Q4898699	6000000180882603911
Q48987	6000000010192042355
Q4898704	6000000003216046893
Q4898710	6000000036033444013
Q4898781	6000000017689767488
Q4898802	6000000010153383702
Q4898803	6000000009448294462
Q4898816	6000000034654977373
Q4898820	6000000028006598654
Q4898836	6000000003005236227
Q4898857	6000000002502966411
Q4898866	6000000042361252353
Q4898899	6000000006574571640
Q4898952	6000000040326054908
Q48990	6000000013894011776
Q4899023	6000000006347608351
Q4899231	6000000016497420081
Q4899262	6000000005322776001
Q489931	6000000049893525335
Q4899434	6000000014973870468
Q4899465	6000000019965609176
Q4899482	6000000149449866837
Q4899490	6000000021797296725
Q4899521	6000000054167926021
Q4899584	6000000018077904097
Q4899609	6000000178780502859
Q4899656	6000000009825924496
Q48998034	6000000002188524495
Q4899881	6000000002601568960
Q49001	6000000018816510218
Q49001160	6000000012421927952
Q4900286	6000000010123860221
Q4900288	6000000010123740671
Q4900290	4000206226080035266
Q49004	6000000006257752242
Q49006095	6000000000555544431
Q490072	6000000014584628499
Q4901055	6000000028686303530
Q490171	6000000015699253589
Q49017329	6000000148781952821
Q49020	6000000008798032048
Q4902138	6000000010584554694
Q4902276	6000000016703084539
Q4902519	6000000012493195903
Q4902539	6000000019188370926
Q4902630	6000000022967901826
Q49026901	6000000084294627852
Q49027	6000000069636994225
Q49028049	5216589953280079424
Q4902845	6000000001164828893
Q4902971	6000000076983408124
Q49034	6000000009710927263
Q490347	6000000092346069997
Q4903528	6000000010869525090
Q49036	6000000019997887985
Q490381	6000000015789834333
Q4903842	6000000041641871931
Q49039	6000000016943364391
Q4904088	6000000033677594205
Q49041527	6000000087930154894
Q4904185	6000000081259975019
Q4904809	6000000035106133471
Q490511	6000000038943473842
Q4905118	6000000006441908712
Q4905669	6000000060616001978
Q49057877	6000000095512331851
Q49061	6000000155800107832
Q49067	6000000034037166523
Q4906725	6000000009846777420
Q4906791	6000000105295381921
Q490686	6000000019584518841
Q490698	6000000023176475951
Q490699	6000000010876957452
Q49072	6000000026324068149
Q4907222	6000000025469476745
Q4907250	6000000085706747880
Q490733	6000000020265088386
Q49074	6000000002729634375
Q4907661	6000000003576714457
Q4907669	6000000002961327609
Q49078894	6000000074684967923
Q49079	6000000010650253876
Q490791	6000000003664525533
Q4907929	6000000028706568808
Q490802	6000000179380090838
Q4908034	3278363
Q49081	6000000011739364207
Q4908126	6000000032954483963
Q4908147	6000000078769047503
Q49081494	6000000139297259881
Q490824	6000000022973160035
Q4908250	6000000179074518868
Q4908291	6000000000676816974
Q49086	6000000016535070991
Q490865	6000000025265163158
Q490870	6000000001865040777
Q4908717	6000000044255865577
Q4908724	6000000014732050563
Q4908786	6000000073119824834
Q4908817	6000000007243673021
Q490887	6000000034335288518
Q4908906	6000000132255490868
Q4909002	6000000028057627540
Q4909115	6000000084827041972
Q4909179	6000000013072347427
Q4909200	6000000153524438933
Q490922	6000000004889391016
Q4909285	6000000074443223862
Q490944	6000000093710949926
Q4909549	6000000019162867868
Q4909578	6000000131465068293
Q4909771	6000000022616643182
Q49097998	4280345
Q4909800	6000000168870853266
Q4909820	6000000015823911342
Q4909894	6000000083786935947
Q49099212	6000000036337079340
Q4909942	6000000021466459874
Q4910014	6000000089950410856
Q491002	6000000012011868626
Q4910167	6000000042256118895
Q491019	6000000013872058169
Q4910205	6000000021700061259
Q49102553	378333106670012002
Q491027	6000000008381062009
Q4910306	6000000000691562571
Q4910321	6000000027899450079
Q49103611	6000000004346561455
Q49103793	6000000008667172898
Q491039	6000000060138032341
Q49104549	5718251672580043603
Q49104596	6000000049963035160
Q49104606	6000000005242826573
Q49104610	6000000011583118434
Q49104775	6000000006127393778
Q49104782	6000000019868055442
Q49104788	6000000007360838264
Q49104840	6000000157545451838
Q491077	6000000010876911655
Q491081	6000000151404426946
Q491083	6000000009504267616
Q4910847	6000000016510741649
Q4910878	6000000013092386914
Q491097	6000000040077263429
Q491100	6000000022176308450
Q49110546	6000000009404798543
Q4911153	6000000010861317767
Q4911169	6000000078215681362
Q4911188	6000000198115655942
Q4911217	6000000218434703822
Q4911284	6000000041430415083
Q491134	6000000015217282131
Q491137	6000000007353447294
Q4911371	6000000179939040823
Q49114543	6000000172297812187
Q4911483	6000000020514292172
Q4911497	6000000013407614979
Q4911521	6000000051228476078
Q491167	6000000042691420491
Q4911865	6000000021034254558
Q4911885	6000000020133390017
Q4912115	6000000178314252836
Q491219	6000000054170057190
Q4912283	6000000160073829821
Q4912313	6000000042784753447
Q4912321	6000000078637898945
Q4912322	6000000078636613791
Q4912331	6000000003276804566
Q4912363	6000000017203086370
Q4912373	6000000079477830181
Q4912471	6000000184230955904
Q4912651	6000000039628287575
Q4912667	6000000033104962094
Q491270	4021797524030120959
Q4912738	6000000008544187825
Q49128	6000000015127800827
Q491280	4021700294310039135
Q4912846	6000000178510986848
Q4912866	6000000078407794914
Q4912889	6000000181864943871
Q491295	6000000021367105620
Q4913109	6000000073129614129
Q491319	6000000000518733385
Q4913327	6000000013676759373
Q4913455	6000000066856386956
Q491355	6000000027838571327
Q49138521	6000000032543842905
Q49138558	6000000033502319177
Q4914	6000000025238901775
Q4914038	4809657672300081112
Q4914039	6000000010144821873
Q4914194	6000000001722378053
Q4915169	5209973317300089737
Q491530	6000000037653943449
Q4915530	368455395320011269
Q4915534	6000000063170305901
Q49155641	6000000037105073563
Q4915638	6000000015379454176
Q4915988	6000000031877628498
Q49161482	6000000005621582412
Q4916190	368455169760012041
Q4916212	6000000002553590908
Q4916214	6000000007646714548
Q4916216	6000000007407389192
Q4916218	6000000086134071840
Q4916223	6000000011570171303
Q4916234	6000000040704974619
Q4916235	6000000009837666204
Q4916240	6000000003769493666
Q4916244	6000000003549953719
Q4916281	5110305311770020459
Q4916284	4585371457740052612
Q4916316	6000000059867222314
Q4916467	6000000009938202225
Q49166219	6000000021063489196
Q49166240	6000000086358774007
Q49166750	6000000135561195863
Q49174471	6000000018162335237
Q49176222	6000000014710492919
Q491775	6000000106601009848
Q491787	6000000028522421031
Q4918289	6000000030578129170
Q4918451	6000000090120345038
Q49185024	6000000138095383255
Q491866	6000000013083003175
Q491915	6000000123489990922
Q491920	6000000058828288783
Q491933	6000000123553811822
Q491938	6000000029487687601
Q4919484	3128249
Q4919503	6000000035191140890
Q4919504	6000000006969193553
Q4919521	6000000018529705388
Q4919541	6000000002893888062
Q4919547	6000000018009550046
Q4919560	6000000061534919975
Q4919584	6000000021162044158
Q4919586	6000000003137773860
Q4919708	6000000002869844377
Q4919764	6000000019762085070
Q4919786	6000000017366121784
Q4919788	6000000011708022033
Q4919828	6000000010610128910
Q4919836	6000000014493081932
Q4919843	6000000005609095725
Q4919852	6000000001505141494
Q4919854	6000000020409245654
Q4919857	6000000015419811805
Q4919919	6000000019103005217
Q4919922	6000000001095084856
Q492024	6000000019091861277
Q4920452	6000000224924080828
Q4920714	6000000005011523759
Q49214	6000000009958376808
Q49216	6000000009958404801
Q492169	374316896810012049
Q492186	6000000141363418863
Q4921952	6000000015069084444
Q492216	6000000123491964855
Q492222	6000000123578087833
Q492247	6000000059112706821
Q4923075	6000000021520198100
Q492321	6000000094192300051
Q492327	6000000017017528167
Q49237	6000000001063289132
Q4923741	6000000004101923867
Q49237940	6000000009787879404
Q492391	6000000021220382798
Q492392	6000000071298809058
Q492397	6000000068058103827
Q492398	6000000018682081021
Q4924061	6000000182899198863
Q4924062	6000000024684898880
Q49240699	6000000001504786133
Q4924082	6000000007789702299
Q4924082	6000000008439009760
Q4924150	6000000040613826761
Q4924171	6000000031305468065
Q4924324	6000000159578796885
Q4924461	6000000053127702897
Q4924757	6000000010094810352
Q4924825	6000000002801212470
Q4924833	6000000005757239271
Q4924834	6000000002814147221
Q4924857	5709739479760063353
Q4924866	6000000113087845821
Q4924867	6000000010487327235
Q4924883	6000000026939296587
Q4924887	6000000043221136213
Q4924901	6000000004344675205
Q4924916	6000000003074727896
Q4924978	6000000012088020137
Q4925264	6000000110526107893
Q4925277	6000000028693646330
Q4925584	6000000008860027866
Q492566	6000000041002962843
Q4926	6000000043928139093
Q49263093	6000000000419998985
Q49264995	6000000014685326315
Q49266467	6000000012942788847
Q49266481	6000000006102172259
Q49266510	6000000018221187920
Q49266526	6000000004097055623
Q49266542	6000000036519095485
Q49266570	6000000004096935439
Q49267162	6000000012840415561
Q49267181	6000000094480252965
Q49267218	6000000007498471488
Q49267258	6000000015896082377
Q49267277	6000000005771586065
Q49267294	6000000026040010948
Q492677	6000000017588181178
Q49272176	6000000046406892131
Q4927323	6000000027341047468
Q49275165	6000000003891379991
Q49280	6000000029341743107
Q49284	6000000025608083237
Q49285	6000000017252908619
Q49287034	6000000006270091467
Q49287502	6000000016511428864
Q492975	6000000178799838860
Q493	6000000141557959877
Q493027	6000000184529495881
Q493028	6000000035309276085
Q49304	6000000007023862874
Q49310444	6000000034059895924
Q4931131	6000000010526438452
Q4931165	6000000030473848836
Q493118	6000000024906083521
Q493139	6000000017895503188
Q493146	6000000168134649154
Q49315478	6000000007697975427
Q493155	374311421670012231
Q4931632	6000000036366725424
Q4931634	6000000074918225884
Q4931668	6000000073126405889
Q4931712	6000000177308005963
Q4931714	6000000078593189503
Q4931792	6000000024975633568
Q4931799	6000000071000208317
Q4931817	6000000074798430836
Q4931979	6000000073376390903
Q4932043	6000000057514891088
Q4932057	6000000076812047355
Q4932202	6000000003590102702
Q4932385	6000000032012416282
Q4932411	6000000207959102828
Q49325	6000000007131602807
Q4932737	6000000008708291167
Q4932776	323907449960001366
Q4932790	6000000062915951940
Q4932953	6000000065997176822
Q4932963	6000000065997004045
Q4933	6000000028143812941
Q49331823	6000000006359727035
Q4933257	6000000042610117215
Q4933281	6000000027176527627
Q493330	6000000150670727942
Q4933387	6000000019446759304
Q4933461	6000000018787531024
Q4933488	6000000017360385328
Q4933551	6000000106853290845
Q4933557	6000000007075594016
Q4933589	6000000003330381498
Q4933592	6000000021428644503
Q4933617	6000000066588176981
Q4933632	6000000008925492450
Q4933685	6000000000400910097
Q4933732	6000000217550361882
Q4933751	6000000014044402422
Q4933778	6000000029792391454
Q4933813	6000000019041427686
Q4933815	6000000014915794178
Q4933819	6000000019041985100
Q4933887	6000000173113553959
Q4933890	6000000068875596024
Q4933898	6000000006128072318
Q4933908	6000000037032070681
Q4933950	6000000038455670159
Q4933970	6000000017625526616
Q4933996	6000000021626645073
Q4933999	6000000015781379675
Q4934	6000000028998087076
Q4934002	6000000019045707908
Q4934185	6000000019041938275
Q4934205	6000000019656839340
Q4934286	6000000014923508577
Q4934346	6000000000699156998
Q4934365	6000000015352850394
Q4934440	6000000008279957787
Q4934473	6000000001504793233
Q4934509	6000000176723289823
Q4934590	6000000122738750834
Q4934611	4586129164620053087
Q4934650	6000000008310769374
Q4934671	6000000004850622056
Q49347	6000000004335406123
Q4934714	6000000037698125651
Q4934721	6000000030230222164
Q4934787	6000000006719961437
Q4934806	6000000065488059889
Q4934812	6000000047466835875
Q4934827	6000000032858499536
Q4934918	6000000007013196070
Q4934936	6000000048432503011
Q4934939	6000000157536533822
Q4934954	6000000003867717882
Q4934997	6000000003740207797
Q4935019	6000000066367095842
Q4935066	6000000052492982871
Q4935076	6000000021848664846
Q4935086	6000000004139871008
Q4935151	6000000133959153822
Q4935209	6000000010153105063
Q4935223	6000000008478080503
Q4935234	6000000086797648473
Q4935245	6000000001408311038
Q4935295	6000000005909597495
Q49353	6000000025695557890
Q4935357	6000000120396274856
Q493539	6000000182783707825
Q4935395	6000000187654130836
Q4935430	6000000020879208437
Q4935431	6000000040149689657
Q4935442	6000000077867359394
Q4935445	6000000006127381916
Q4935467	6000000006796008214
Q49355	6000000002804522196
Q4935548	6000000040891694069
Q4935550	6000000009226348366
Q4935553	6000000009226092878
Q4935568	6000000040052501232
Q4935571	6000000059613588894
Q4935605	6000000012898677465
Q4935633	6000000193981973823
Q4935658	6000000039610636454
Q4935727	6000000015099823292
Q4935752	6000000041830487874
Q4935873	6000000180710006830
Q493594	6000000145226759877
Q4936037	6000000011524437328
Q4936052	6000000033091087892
Q4936063	6000000003355976429
Q4936078	3945849746400043272
Q493631	6000000151332018825
Q4936331	6000000008438374817
Q4936342	6000000166660330486
Q4936372	6000000027449462126
Q4936457	6000000024331186444
Q4936505	6000000078827126130
Q4936527	6000000003212482157
Q4936532	6000000008595227997
Q4936559	6000000005762363332
Q4936564	6000000005093395338
Q4936569	6000000126724144833
Q4936600	6000000036035126226
Q4936603	6000000165674021836
Q4936607	6000000038841954892
Q4936707	6000000017733670010
Q4936713	6000000007765772249
Q4936740	6000000006426710095
Q493687	6000000041971752349
Q4936910	6000000010908305319
Q493692	6000000075422496821
Q4936937	6000000021856570605
Q4936944	6000000004640216930
Q4936964	6000000009216226267
Q493702	6000000075422127036
Q493716	6000000079566235977
Q4937177	6000000041113768575
Q493718	6000000056337350838
Q4937199	6000000098563180827
Q4937214	6000000182973736865
Q493723	6000000075421669833
Q4937247	391174996900012819
Q4937272	6000000017995795569
Q4937273	6000000102044660048
Q493730	6000000010764260012
Q4937320	6000000013557037049
Q493733	6000000008359718596
Q4937350	6000000017167442617
Q493736	6000000075420062311
Q493738	6000000068366213145
Q4937425	6000000006127272607
Q4937445	6000000000900429011
Q4937482	6000000168666776101
Q4937621	6000000046296343267
Q4937648	6000000075585813869
Q493769	6000000075421051905
Q4937863	6000000012415432897
Q4937872	6000000028343153433
Q4938010	6000000018831325345
Q49380370	6000000005599062727
Q4938069	6000000015052057011
Q4938072	6000000019125491072
Q4938094	6000000028850449804
Q4938235	6000000014514325253
Q4938240	6000000003205515123
Q493830	6000000075420048067
Q4938316	6000000030913469080
Q4938364	6000000000484830292
Q4938400	6000000020584191181
Q4938402	6000000035442115990
Q4938440	6000000049182742883
Q4938505	6000000021088600134
Q4938512	6000000011183355235
Q493852	6000000075419394544
Q4938526	377003609620004968
Q4938547	6000000007187674066
Q4938564	6000000007098733371
Q4938582	6000000012754826437
Q4938592	6000000081548572980
Q4938604	3369688
Q4938609	6000000075732122918
Q4938677	6000000014409151909
Q4938680	6000000003268393978
Q4938712	6000000123751342841
Q4938714	6000000027931300191
Q4938722	6000000034720247543
Q4938761	4134207
Q4938766	6000000006799778775
Q4938768	6000000002101054064
Q4938773	6000000000170040392
Q4938790	6000000003410456914
Q4938797	6000000058182609240
Q4938817	6000000018338485280
Q4938871	6000000018254117672
Q4938874	6000000018254284214
Q4938904	6000000017511394524
Q4938996	6000000006812995612
Q4939021	6000000020131139654
Q4939057	6000000001530796078
Q493909	6000000145517420338
Q4939215	6000000010660554670
Q4939227	6000000015629835908
Q4939237	6000000035590034425
Q4939241	6000000021467880587
Q4939245	6000000010105076387
Q493925	6000000143758852950
Q4939258	6000000003253552748
Q4939269	6000000003253552141
Q493927	6000000002167435090
Q4939281	6000000020010806576
Q4939302	6000000020294279818
Q4939319	6000000040236502254
Q4939322	6000000016348383350
Q4939330	6000000002823094512
Q4939333	6000000007303272910
Q4939355	6000000013715517595
Q4939369	6000000010328383108
Q4939379	6000000175208844295
Q4939389	6000000004877404053
Q4939399	6000000003593060623
Q4939437	6000000096334208945
Q4939437	6000000169756909345
Q4939467	6000000006959370768
Q4939507	6000000015723304371
Q4939581	6000000084260681833
Q4939592	6000000021908528770
Q4939608	6000000030039629558
Q493962	6000000206973237852
Q4939679	6000000063329070882
Q4939691	6000000008196848410
Q4939733	6000000055004688908
Q49397534	6000000007348659242
Q4939762	6000000007532410365
Q4939779	6000000001169204382
Q4939837	6000000013405231167
Q4939879	6000000009220453005
Q4940011	6000000042144324771
Q4940016	6000000000879803071
Q4940044	6000000023268455850
Q4940047	6000000023268384908
Q4940053	6000000023268376858
Q4940074	6000000020924287131
Q4940083	6000000007414349430
Q4940090	6000000083322308373
Q4940093	6000000004133377899
Q4940099	6000000065643739821
Q4940145	6000000012000361758
Q494015	6000000134740827883
Q4940164	6000000172799239084
Q4940209	6000000021478660079
Q4940233	6000000037968905675
Q4940309	6000000139513197955
Q4940327	6000000006444055602
Q4940356	6000000018171527015
Q4940370	6000000001448378023
Q4940406	4308044178550028614
Q4940450	6000000019746451242
Q4940458	6000000183907771827
Q4940489	6000000011591230899
Q4940641	4585335656330031922
Q4940653	6000000018362777851
Q4940661	6000000034927573493
Q4940666	5171784124820119896
Q4940683	6000000030617463402
Q4940740	6000000010259962321
Q4940790	6000000006411321063
Q4940821	6000000002832476109
Q4940833	6000000053495249137
Q4940836	6000000002510414828
Q49408437	6000000017357811104
Q4940882	6000000020484095830
Q4940931	6000000011273856133
Q4940963	6000000019814463196
Q4940966	6000000018168867906
Q4940969	6000000019813271759
Q4940991	6000000054511087127
Q4941004	6000000066909032821
Q4941014	6000000014261056202
Q4941019	6000000021553699106
Q4941059	6000000021366394899
Q4941063	6000000021366152657
Q4941084	6000000025346259914
Q4941089	6000000007756041590
Q4941111	6000000024374396869
Q4941183	6000000035760307587
Q4941201	6000000009986576539
Q4941231	6000000019735106402
Q4941461	6000000007105936268
Q494147	6000000140288806184
Q4941515	6000000016554751088
Q4941548	6000000013656509923
Q4941565	6000000000052977492
Q4941827	6000000174897262893
Q4941831	6000000009969595163
Q4941855	6000000019136612792
Q4941859	6000000019137424184
Q4941918	6000000019138706521
Q4941990	6000000079204869935
Q4942023	6000000044517653227
Q494208	6000000028141844607
Q4942191	6000000126738905944
Q4942194	6000000003138289664
Q4942197	2360262
Q4942230	6000000004213145311
Q4942288	6000000003032156566
Q4942289	6000000019340359996
Q4942305	6000000007577489681
Q4942337	6000000010153200538
Q4942338	6000000013431412233
Q4942353	6000000001611038029
Q4942361	6000000026081956702
Q4942365	6000000043434061851
Q4942382	6000000002101138090
Q4942409	6000000023345860318
Q4942412	6000000024971702297
Q4942419	6000000003957484563
Q4942430	6000000027755581699
Q4942457	6000000047862915217
Q494257	6000000087813730912
Q494264	6000000036243566700
Q4942820	6000000007980816075
Q494287	6000000105185449486
Q4942883	6000000033818681051
Q4942999	6000000001483570524
Q4943095	6000000007225710431
Q4943112	6000000002908479971
Q4943250	6000000007832981476
Q4943363	6000000000190154681
Q4943414	3922650152130127920
Q4943471	6000000041236449447
Q4943542	6000000017469014045
Q4943562	6000000042050284068
Q4943632	6000000026395882348
Q4943669	6000000009051625444
Q4943704	6000000006816294767
Q4943706	6000000003577720499
Q4943780	6000000001296393174
Q4943901	6000000022301832244
Q4943920	6000000000165323677
Q494393	6000000178264938839
Q4943930	6000000006590080851
Q4944000	6000000006595705494
Q49440219	6000000081027220970
Q4944077	6000000014550889918
Q4944135	6000000001746025487
Q4944191	6000000041087282629
Q4944209	6000000077653647487
Q4944262	6000000008440320302
Q4944366	6000000007753195350
Q4944369	6000000000307283152
Q4944376	6000000005633983001
Q4944381	6000000016586458365
Q4944388	6000000003051097572
Q4944431	6000000027745364921
Q4944454	2381979
Q4944484	6000000166006194048
Q4944487	6000000010152985055
Q4944490	6000000054692569872
Q4944538	6000000076812124887
Q494455	6000000009442437774
Q49446	6000000049220009828
Q494466	6000000013497254528
Q49447205	6000000023806993839
Q4944723	6000000017196556223
Q4944790	6000000004886050086
Q4944795	6000000006566536095
Q49448023	6000000157568802888
Q4944886	6000000038668740934
Q4944921	6000000173355975889
Q4945030	6000000017253146642
Q4945033	6000000008549901094
Q4945046	6000000001030463024
Q4945057	6000000024800032264
Q4945058	6000000017042781358
Q4945068	6000000002278545394
Q4945112	6000000022486715119
Q4945173	6000000003667067809
Q4945188	6000000004648371095
Q4945207	6000000001288376056
Q4945241	6000000014521504966
Q4945257	341135742760004464
Q4945294	6000000006329684570
Q4945298	6000000109828826079
Q4945326	6000000127148880971
Q4945502	6000000011436191980
Q4945505	6000000007680227782
Q4945507	6000000012588213386
Q4945545	6000000016021940885
Q4945575	6000000141574370821
Q4945589	6000000002716550506
Q4945623	6000000010801331894
Q4945651	6000000015898170241
Q4945709	387540445720004042
Q4945711	6000000002987669866
Q4945748	6000000019828741899
Q49458134	6000000013489334656
Q4945859	6000000016338806707
Q4945884	6000000003778631403
Q4945888	6000000012667767396
Q4945893	6000000009856621506
Q4945900	6000000013173880845
Q4945961	6000000000348876099
Q4945997	6000000016249433857
Q4946039	6000000026526050281
Q4946054	6000000133970342822
Q4946064	377354482970012310
Q4946107	6000000022850180877
Q4946162	6000000003613640676
Q4946223	6000000025810455766
Q4946236	6000000010830579280
Q49463	6000000013387605767
Q4946323	6000000027726891367
Q4946326	6000000027727083523
Q4946350	6000000007416356516
Q49465	6000000021428342522
Q4946510	6000000066174122257
Q4946512	6000000030147636011
Q4946526	6000000031378883117
Q4946541	4578079877910069944
Q49465613	6000000005568298062
Q4946577	6000000011126865888
Q494660	6000000008518541049
Q494665	6000000073843575832
Q4946670	6000000041621474644
Q4946690	6000000036805346568
Q4946712	6000000155535654832
Q4946717	5544419786140135761
Q4946727	6000000035637742089
Q4946731	6000000001341075769
Q4946741	6000000023186282147
Q494675	6000000015604979897
Q4946829	6000000134601301029
Q4946842	6000000160307812821
Q494685	6000000016411940858
Q4946872	6000000016266733736
Q49469851	6000000008630249961
Q4947169	6000000023005155131
Q4947205	6000000025191473074
Q494745	6000000176659783827
Q4947559	6000000012688122525
Q4947612	6000000057838575927
Q4947706	6000000020169754418
Q4947708	6000000020169740467
Q4947716	6000000006845721630
Q4947758	6000000072114932848
Q4947874	6000000005451993002
Q4948025	6000000064801977884
Q49481	6000000009368006326
Q4948149	6000000004316706222
Q4948155	6000000004316942864
Q4948162	6000000006884162029
Q4948169	6000000012266286860
Q4948195	6000000011796875798
Q4948197	6000000019470283526
Q4948228	6000000003593226157
Q4948357	6000000016632721373
Q4948361	6000000009154693930
Q4948377	6000000076787837360
Q4948380	6000000038143620388
Q4948398	6000000003418669488
Q49484	6000000008169966947
Q4948406	6000000007051210062
Q4948442	6000000171582096104
Q4948462	6000000018499043957
Q4948521	6000000019495429313
Q4948528	6000000030759539620
Q4948585	6000000017319806145
Q4948588	6000000138960149957
Q494863	6000000000896903379
Q49487146	6000000049850022960
Q4948724	6000000008081708257
Q49487450	6000000012441874245
Q4948769	6000000025606216383
Q4948836	6000000013918423769
Q4948913	6000000057455715169
Q4948957	6000000052420990065
Q4948980	6000000059812885892
Q4948993	6000000002864906256
Q4949000	6000000183449525824
Q4949002	6000000007200319096
Q4949003	6000000007223967440
Q4949094	6000000019616081152
Q4949100	6000000019524961149
Q4949105	6000000061374723017
Q494921	6000000072991034045
Q4949278	6000000006239753448
Q494930	6000000015623358202
Q4949364	6000000033487640231
Q4949374	6000000013516711186
Q4949461	291046355520005995
Q4949504	6000000001603496088
Q4949508	6000000001801141737
Q4949545	6000000006419514271
Q494964	6000000003423054606
Q4949712	6000000008763425688
Q4949713	6000000015898170247
Q4949715	6000000043966808861
Q4949748	6000000010160816021
Q494976	6000000062287034759
Q4949761	6000000177404208821
Q4949840	6000000013290237627
Q4949871	6000000055025950869
Q4949909	6000000047922825894
Q49499577	6000000181081180845
Q4949974	6000000021790370402
Q4950025	6000000035923239798
Q4950069	6000000002472474030
Q4950085	6000000175894109835
Q4950155	6000000161601835850
Q4950158	6000000045699713931
Q4950174	6000000009443037191
Q4950177	6000000064115854341
Q4950277	6000000120997862097
Q4950435	6000000016936360369
Q4950480	6000000003550485766
Q4950487	6000000013371116677
Q4950540	4277567
Q4950588	6000000022684339647
Q4950609	6000000015236031546
Q4950618	6000000067258730893
Q4950730	6000000041792271176
Q4950738	6000000017727197004
Q4950746	6000000001823810300
Q4950789	6000000014934988144
Q4950818	6000000019591800020
Q4950820	6000000110404852831
Q4950863	6000000027572211997
Q4950886	6000000003161867549
Q4950962	6000000008212711511
Q4950979	6000000006944924061
Q4951102	6000000007848780205
Q4951146	6000000004169973419
Q4951174	4766587623770021709
Q4951323	6000000154322770859
Q4951326	6000000023372863874
Q4951333	6000000004674819464
Q4951458	6000000057112919898
Q49515667	6000000010820309910
Q4951632	6000000011725564998
Q4951692	6000000001884945474
Q4951765	6000000009253314222
Q4951912	6000000064769771913
Q4951921	6000000008889970449
Q4951933	365963929680007060
Q4951974	6000000010067852359
Q4951986	6000000007710916788
Q4951991	6000000009818978760
Q4952064	6000000014356717147
Q4952112	6000000054233217888
Q4952158	6000000012255679383
Q4952182	6000000076915521827
Q4952238	6000000013579586299
Q4952301	6000000053035912903
Q4952309	4560434084310075943
Q4952353	6000000006852964298
Q4952369	6000000024428975056
Q4952377	6000000177441932841
Q4952396	6000000008850145540
Q4952405	6000000034498981496
Q495243	6000000140689160371
Q4952433	6000000002820954143
Q4952454	6000000024092991455
Q4952483	6000000028889401682
Q4952494	6000000018254147595
Q4952518	6000000017746643562
Q4952535	6000000026605581613
Q4952701	6000000014428064791
Q4952769	6000000126515660821
Q4952850	6000000014468546641
Q495300	6000000136967927882
Q4953036	6000000072027298403
Q4953051	6000000012746608411
Q495306	6000000015842967900
Q4953063	6000000050819715882
Q4953065	6000000035019127467
Q4953069	6000000031876463776
Q4953082	6000000021721180187
Q4953096	6000000014751115460
Q4953107	6000000037205630841
Q4953110	6000000002583371343
Q4953125	6000000001352053311
Q4953135	6000000075732993961
Q4953166	6000000008319887136
Q4953217	6000000019926865336
Q4953233	6000000026765066010
Q4953244	6000000012840534224
Q4953247	6000000009576342748
Q4953249	6000000009574457467
Q4953255	6000000031520642397
Q4953264	6000000015030450337
Q4953277	6000000017986416972
Q4953287	6000000008198902943
Q4953327	6000000031136382817
Q4953348	6000000019895197088
Q4953441	6000000028318160494
Q4953460	6000000181199615822
Q4953488	6000000057456398861
Q4953495	6000000071147420164
Q4953537	6000000023215449174
Q4953603	4155051816920060497
Q4953656	6000000000909707302
Q4953659	6000000000238030188
Q4953662	6000000005743534131
Q4953745	6000000007653389535
Q4953782	6000000040983351869
Q4953806	6000000003089350548
Q4953812	6000000026082783611
Q4953822	6000000069920241001
Q4953837	6000000020039196173
Q4953847	6000000016396096830
Q4953904	6000000008306221785
Q4954013	6000000080828020305
Q4954113	6000000144169319908
Q4954167	6000000031721148362
Q495420	6000000011573054830
Q4954211	6000000029035897459
Q4954216	6000000029262142788
Q4954229	6000000010049049583
Q4954241	5015073919970085908
Q4954291	6000000015125422192
Q4954347	6000000180547261829
Q4954423	6000000009813240179
Q495444	6000000069986989436
Q4954445	6000000004106033256
Q4954469	6000000006789918233
Q4954484	6000000064367987827
Q4954494	6000000065035128391
Q4954512	6000000024488430337
Q4954644	6000000002577115099
Q4954648	6000000002577115120
Q4954673	6000000062744052894
Q4954717	6000000008525189949
Q4954776	6000000025927839467
Q4954776	6000000058817927138
Q4954781	6000000021966173694
Q4954800	6000000004079710182
Q4954803	6000000114291081845
Q4954860	6000000012737330428
Q4954867	6000000007168253370
Q4954882	6000000027061119963
Q4954892	6000000035816134488
Q4954934	6000000042423672636
Q4954997	6000000047762442883
Q4955011	6000000012541518730
Q4955053	6000000012558717487
Q4955054	6000000029991294532
Q4955062	6000000151658545509
Q495508	6000000178293720846
Q4955108	6000000121026548844
Q4955136	6000000011908831619
Q4955200	6000000019352792478
Q4955204	6000000019353279018
Q495521	6000000080620384953
Q4955250	6000000012494648571
Q495531	6000000001713340687
Q4955322	6000000021023773901
Q4955375	6000000109372281823
Q4955409	6000000021730647473
Q4955470	6000000069593204138
Q4955508	6000000009558801570
Q4955523	6000000144198779842
Q4955558	6000000021908647090
Q4955561	6000000008477441173
Q495560	6000000168201218822
Q4955748	6000000001169091087
Q4955780	6000000001709372551
Q4955893	6000000005644622005
Q4955941	6000000011250591621
Q495606	6000000000941590843
Q4956090	6000000017382626871
Q4956130	6000000009543236292
Q4956134	6000000036294738756
Q4956145	6000000022294193182
Q49561909	6000000186179986650
Q4956239	6000000002116028650
Q4956240	6000000002115918971
Q49563179	6000000028757778489
Q4956330	6000000036031551438
Q4956373	6000000018146846547
Q495638	6000000004160609962
Q495643	6000000000772899261
Q495644	6000000024680058680
Q495648	6000000012011757310
Q495652	5501991435400068983
Q4956561	5218726598450025221
Q4956679	6000000041973003723
Q4956689	6000000103473251857
Q4956752	6000000001893284015
Q4956807	6000000007723979752
Q4956830	6000000082512766874
Q495693	6000000024209457759
Q4956951	6000000047611278054
Q495697	6000000031952051067
Q4957034	6000000002805360161
Q4957212	6000000021236759447
Q4957315	6000000015985695491
Q4957379	6000000181620679838
Q4957433	6000000007923470687
Q4957471	6000000044158468969
Q4957484	6000000043087925451
Q4957490	6000000033240822957
Q4957496	6000000003664548237
Q49575	6000000005766379877
Q495754	6000000084286264181
Q495756	6000000008860343023
Q4957567	6000000017877653287
Q4957615	6000000012165816771
Q4957657	6000000004170147532
Q4957689	6000000010612262432
Q4957708	6000000078669356158
Q4957793	6000000014309150045
Q4957815	6000000013241758652
Q4957891	6000000005558109639
Q4958088	6000000060192081846
Q4958090	6000000005413424764
Q495813	6000000026259124127
Q4958236	6000000026591482319
Q4958287	5190165704780132662
Q4958416	6000000012849961365
Q495847	6000000036869802895
Q4958509	6000000171308328902
Q4958535	6000000015512068412
Q4958590	4429107223240031735
Q4958595	6000000007265576272
Q4958665	6000000019868245567
Q4958715	6000000018069962447
Q4958745	6000000038040704182
Q4958748	6000000006128248823
Q4958818	4793157210510123725
Q4958855	6000000005437535626
Q4958864	6000000008614040962
Q4958866	6000000019681228044
Q4958970	6000000128503863876
Q4958977	6000000041277991964
Q4958984	6000000010651235685
Q4958994	6000000070959260968
Q4959057	6000000001504897708
Q4959059	6000000012670773798
Q4959075	6000000043404184741
Q4959081	6000000019895345338
Q4959111	6000000007396187305
Q4959114	6000000023047354082
Q495914	6000000176891378836
Q4959147	6000000036448990825
Q4959159	6000000040350497367
Q4959294	6000000021500779726
Q4959310	6000000019101790964
Q4959313	6000000036349217257
Q4959323	6000000010057301994
Q4959336	6000000019881764896
Q495935	6000000031216173557
Q4959425	6000000005598091640
Q4959432	6000000181195794866
Q4959578	6000000006127693129
Q495966	6000000046011846033
Q4959699	4405440694800024801
Q4959702	6000000020205287863
Q495977	6000000002116232374
Q495980	6000000122453359822
Q4959929	6000000029392186663
Q4959967	6000000047363947937
Q4960005	6000000030667675022
Q4960021	6000000025273258798
Q4960076	6000000054690936142
Q4960107	6000000018726049217
Q4960110	6000000006590082811
Q4960141	6000000018074549457
Q4960143	6000000012685142582
Q4960144	6000000003399876597
Q4960255	6000000019933945325
Q4960305	6000000025412852689
Q4960328	6000000002864922670
Q4960330	6000000034457830080
Q4960333	6000000002864922752
Q4960336	6000000055580471821
Q4960373	6000000006127601312
Q496039	6000000017928382921
Q4960406	6000000015592503122
Q4960416	6000000019567478820
Q4960422	6000000071158061880
Q4960435	6000000006570289311
Q4960436	6000000156160769852
Q4960486	6000000025032986281
Q4960496	6000000006126968402
Q4960509	6000000007160941432
Q4960516	6000000039957074878
Q4960531	6000000019994063067
Q4960539	6000000071768838833
Q4960550	6000000008612054882
Q4960558	6000000071609699847
Q4960567	6000000093043550002
Q4960569	6000000037404909184
Q4960573	6000000071859233088
Q49606	6000000172535591169
Q4960712	6000000047768973974
Q4960804	6000000032029509297
Q496081	6000000034456283326
Q4960814	6000000025498947962
Q4960837	6000000014209710217
Q4960840	6000000014215470103
Q4960876	6000000044272036875
Q4961036	6000000034061027767
Q4961065	6000000003441193331
Q4961100	6000000029384113916
Q496118	6000000018923076488
Q4961260	6000000031308452927
Q4961283	6000000024641656330
Q4961301	6000000006449437048
Q4961493	6000000002709618192
Q4961597	6000000012676701937
Q4961641	6000000019988115842
Q4961680	4985406509170127175
Q4961721	1550089
Q4961725	1548888
Q49618	6000000018021577330
Q4961854	6000000023086896064
Q49618890	6000000011799756289
Q496191	6000000181944797848
Q4961995	6000000019943570001
Q4962014	6000000041748277323
Q4962020	6000000018003463474
Q4962025	6000000020020956272
Q4962097	6000000006127636982
Q4962201	6000000000379199782
Q4962236	6000000020089177177
Q4962300	6000000050234881351
Q496231	6000000002975444913
Q4962366	6000000015600169513
Q4962460	6000000129500499933
Q496264	6000000016035956833
Q4962642	6000000042680123047
Q496267	6000000008129922153
Q4962742	6000000025511786775
Q4962759	6000000010817317980
Q4962767	6000000006181324167
Q4962912	6000000012304172933
Q4962964	6000000069594799249
Q4963002	6000000009986539704
Q4963023	6000000083976793967
Q4963073	6000000017519477536
Q4963086	6000000041683554965
Q4963091	6000000007289124152
Q4963146	6000000134710646051
Q4963171	6000000184663697354
Q4963183	6000000003255945093
Q4963224	6000000061119755153
Q4963236	6000000002188383137
Q49633093	6000000124625960935
Q49633392	6000000015156963746
Q4963341	6000000079237930930
Q4963400	6000000030708821884
Q4963436	6000000084290965823
Q496345	6000000028755545691
Q49635814	6000000103881164861
Q4963602	6000000056342156861
Q4963710	6000000019263555794
Q4963813	6000000034498908177
Q4963952	6000000043700581901
Q4963955	5234908058570029093
Q4963988	6000000008421428582
Q4964001	6000000180416916844
Q4964006	6000000033874972272
Q4964047	6000000003781395306
Q4964115	6000000001053411342
Q4964128	6000000037378548924
Q4964144	6000000055743157882
Q496419	6000000178165875934
Q4964242	6000000005171132007
Q4964249	6000000023809119800
Q4964268	6000000041758821269
Q4964312	6000000010703511554
Q4964372	6000000023164274586
Q4964404	6000000048008492838
Q4964447	6000000034009485006
Q4964450	6000000034063647824
Q4964453	6000000180657426837
Q4964458	6000000181884891821
Q4964516	6000000024355827969
Q4964581	6000000115308455821
Q4964592	6000000014522278120
Q496468	6000000141377924900
Q4964771	6000000006783422139
Q4964775	6000000000981786849
Q4964847	6000000132363167109
Q4964910	6000000007980352894
Q496493	6000000006808666991
Q4964973	6000000173962356916
Q4964986	6000000013162104780
Q4965057	6000000029722578839
Q4965065	6000000177790110828
Q4965142	6000000094133653956
Q4965144	6000000025270963004
Q4965222	5481698442350100940
Q49652594	6000000113180622852
Q4965355	6000000018741874081
Q4965397	6000000000001481698
Q4965402	6000000007242250581
Q4965407	6000000006127366094
Q4965426	6000000020956083121
Q49657064	6000000082061391833
Q4965729	6000000015717890766
Q4965864	6000000022499109817
Q4966020	6000000020829936345
Q4966109	6000000006603438866
Q4966132	2243686
Q496638	6000000026150249273
Q4966391	6000000040137887088
Q4966565	6000000011077654904
Q4966737	6000000005599009877
Q4966765	6000000065510379008
Q4966788	6000000033240585297
Q4966802	6000000031238824907
Q4966808	6000000071654453844
Q4967036	6000000037730069067
Q4967045	6000000003869337356
Q4967093	6000000008445844292
Q4967126	6000000016410013764
Q4967157	6000000007464244341
Q4967167	6000000011756611557
Q4967225	6000000110569167878
Q4967243	6000000003099760808
Q4967274	6000000030868609967
Q4967306	4952086898400089619
Q4967308	6000000004018673389
Q49673080	6000000040255144564
Q49673186	6000000007318378089
Q49673281	6000000128501417825
Q4967393	6000000020114601946
Q4967427	6000000014827748301
Q4967436	6000000022748782993
Q4967637	6000000007321029017
Q4967688	6000000017999066650
Q496775	6000000000282731428
Q4967771	6000000198896843920
Q496779	6000000076988369830
Q4967805	6000000002278444175
Q4967827	1623030
Q4967830	6000000007336062190
Q4967834	6000000020114048544
Q4967882	6000000040890322890
Q4967996	6000000009965750738
Q4967999	6000000006127542182
Q4968082	6000000008630274624
Q4968156	6000000007954379188
Q4968239	6000000008520130005
Q4968244	6000000071785806982
Q4968247	6000000040051370361
Q4968347	6000000022300872518
Q4968357	6000000005736662779
Q4968368	6000000022795278782
Q4968396	6000000011327782383
Q4968400	6000000019187164452
Q4968434	6000000112696347932
Q496845	6000000004869028901
Q4968465	6000000018142571102
Q4968467	6000000020436883608
Q4968528	6000000031883559835
Q4968623	6000000009119471619
Q4968637	6000000002572783163
Q4968654	3807343
Q4968661	322112973990005104
Q4968715	6000000037453758099
Q4968733	6000000011017238916
Q4968748	6000000016000224399
Q4968754	6000000082343857129
Q4968808	6000000006127550242
Q4968820	6000000032189369080
Q4968859	6000000158809856881
Q4968933	6000000009705884570
Q4968967	6000000022349166183
Q4968992	6000000016989058037
Q49690128	358400597300011918
Q4969072	6000000023289641893
Q4969116	6000000022907065643
Q4969138	6000000041087624014
Q496915	6000000166017642868
Q4969176	6000000089103266913
Q4969185	6000000017643936659
Q4969188	6000000008986726413
Q4969205	6000000006127726346
Q496921	6000000166017593911
Q4969234	6000000024848540153
Q4969260	6000000019557150154
Q4969267	6000000001020188120
Q4969288	6000000054636987890
Q4969392	6000000022783411106
Q4969406	6000000047538161293
Q4969411	6000000065508867877
Q4969542	6000000003296939007
Q4969569	5262337274970057587
Q496959	6000000177199478863
Q4969619	6000000092806936054
Q4969624	6000000018186773506
Q4969649	6000000058779151199
Q49699	6000000074732670125
Q49699630	6000000052884573838
Q4969970	6000000027076898897
Q4969973	6000000039879116922
Q4969987	6000000007675332591
Q4969991	6000000123424393141
Q4970006	6000000006357629485
Q4970008	6000000014553944405
Q4970016	6000000021367309064
Q4970041	6000000006151019305
Q4970049	6000000011102121405
Q4970058	6000000007758570522
Q4970087	6000000017012225456
Q4970105	6000000163793458860
Q4970156	6000000024306719639
Q4970435	6000000002395696006
Q4970442	6000000122816305013
Q4970525	6000000002089706904
Q4970605	6000000010894294326
Q4970622	6000000124353355828
Q4970635	6000000008306856408
Q4970644	6000000025661108960
Q4970746	6000000003206492104
Q497075	6000000077004572946
Q4970779	6000000010433519903
Q4970785	6000000083649738929
Q4970788	6000000039774579837
Q4970887	6000000008418600985
Q4970907	6000000013715574428
Q4970910	6000000029714408343
Q4970933	6000000092341775845
Q4970956	6000000006127564903
Q497096	6000000003288068628
Q4971036	6000000024210042183
Q4971091	6000000007452637830
Q4971285	6000000003010129404
Q49713	6000000084651088403
Q4971306	6000000016649824358
Q4971348	5719124831600123179
Q4971441	6000000039933153136
Q4971452	6000000010280555706
Q4971468	6000000023213574260
Q4971483	6000000021493930014
Q4971511	6000000057190366955
Q4971537	6000000018659715077
Q4971744	6000000011908432924
Q4971747	6000000062866207822
Q4971784	6000000011433761914
Q4971790	6000000007198868437
Q4971805	6000000019806125941
Q4971809	6000000006412039025
Q497183	6000000026744937272
Q4971830	6000000003658669263
Q4971856	6000000006412020053
Q4971970	4172516597060059054
Q4972053	6000000001873687721
Q4972083	4158834737350033709
Q4972095	6000000007625259395
Q4972233	6000000093204993033
Q4972257	6000000001866317198
Q497234	6000000022170226968
Q4972443	6000000163394031998
Q4972560	6000000001866291489
Q4972624	6000000020546418973
Q4972658	6000000010199766187
Q4972683	6000000042654722346
Q4972692	6000000172619019606
Q4972717	6000000002003462511
Q4972936	6000000003098170958
Q4972943	6000000026956796037
Q4972952	6000000025438216857
Q4972954	6000000001360687809
Q4973002	6000000008649644785
Q4973023	6000000020910444536
Q4973072	6000000020112753367
Q4973197	6000000088401614874
Q4973233	6000000030970414144
Q4973237	6000000000800227971
Q4973242	6000000021867118987
Q4973340	6000000010782428146
Q4973346	6000000012696972147
Q4973350	6000000165552838915
Q4973353	6000000029664164748
Q49734	6000000012997071279
Q4973407	6000000017172936357
Q4973443	6000000042064215145
Q4973452	6000000022391149002
Q4973469	6000000037542124104
Q49735	6000000154880310844
Q4973552	6000000051568435132
Q4973599	6000000013608967907
Q4973605	6000000017937646605
Q4973695	6000000029134560672
Q4973723	6000000011573717655
Q4973757	6000000030833935031
Q4973791	6000000003353101633
Q4973814	6000000023385270189
Q4973971	6000000009441177973
Q4973995	6000000024006865355
Q4973998	6000000000487449279
Q4974012	6000000042509129447
Q4974018	6000000034978841893
Q497403	6000000021491736386
Q4974035	6000000008988536051
Q4974043	6000000104044341868
Q4974049	6000000032431369962
Q4974067	6000000025918377518
Q4974095	6000000041156156862
Q4974116	6000000002898211186
Q4974178	6000000057335859888
Q4974291	6000000009925032158
Q4974324	6000000025609256160
Q49744	6000000012516511468
Q4974411	6000000033620785917
Q4974441	6000000185160039921
Q4974499	6000000012046267940
Q4974551	6000000007389345265
Q4974560	6000000026050923723
Q4974564	6000000039985766855
Q49745825	6000000048442911354
Q4974651	6000000006563196169
Q4974655	6000000006127446841
Q4974690	6000000142019938861
Q49747	6000000014551447592
Q4974748	6000000020855389641
Q4974764	6000000019397443259
Q4974898	6000000028831117926
Q4974908	6000000002954829086
Q4974941	6000000015384452728
Q4975023	5459241284980042544
Q4975079	6000000020970995752
Q4975150	6000000041054616918
Q4975159	6000000007287294220
Q4975172	6000000018168532501
Q4975175	6000000018167626276
Q4975193	6000000023012963836
Q497522	6000000036986109875
Q4975249	6000000007106342029
Q4975264	6000000021908694791
Q4975341	6000000042109171937
Q4975367	6000000014896693304
Q4975368	6000000002757204299
Q4975370	6000000019627584614
Q4975373	6000000007158997285
Q4975378	6000000008812241042
Q4975387	6000000136800974336
Q4975394	6000000015901242129
Q4975419	6000000008869238999
Q4975453	6000000006943071253
Q4975464	6000000008804748267
Q4975508	6000000022973010525
Q4975516	6000000020678436774
Q4975519	6000000082613953083
Q4975548	6000000009636840725
Q4975558	6000000008766080737
Q4975567	6000000019269449598
Q4975574	6000000019269908365
Q4975586	5037534594350131368
Q4975808	6000000010308475605
Q4975810	6000000023730127820
Q4975970	6000000024760524215
Q4975986	6000000027485147675
Q49760	6000000137528910871
Q497600	6000000010318526757
Q4976035	6000000088655910853
Q4976087	6000000010569043605
Q4976163	6000000036063140547
Q4976177	6000000034499426043
Q4976200	6000000025703420463
Q4976237	6000000016472782599
Q4976274	6000000013355247682
Q4976323	6000000014441138413
Q4976415	6000000059912949977
Q4976419	6000000028456657501
Q4976451	6000000010467107369
Q4976469	6000000175919127823
Q4976492	6000000024376236977
Q4976498	6000000186263823381
Q49765	6000000000843510855
Q4976532	6000000036745309066
Q497656	6000000002120250634
Q4976602	6000000011512785231
Q4976603	6000000007033982470
Q4976604	6000000011512714793
Q4976607	6000000009350360510
Q4976612	6000000011541324026
Q497669	6000000178297243824
Q49767	6000000015913296167
Q497673	6000000178297237824
Q4976777	6000000018364588002
Q4976794	6000000024307594846
Q4976860	6000000020758602236
Q4976863	6000000042115980532
Q497689	6000000223360540679
Q4976935	6000000005795308579
Q4976961	6000000099439767930
Q4976968	6000000007390465371
Q4976984	6000000020381821274
Q4976986	6000000021730007888
Q4977101	6000000056149955828
Q4977137	6000000017233383558
Q49771843	6000000024226924604
Q49772016	6000000110788768825
Q49772132	6000000013471179118
Q4977233	6000000011519458405
Q4977241	6000000001504635579
Q4977258	6000000011171696486
Q49772618	6000000024793304064
Q4977262	6000000075766239842
Q49772626	6000000024793296453
Q49772810	6000000110786972930
Q49773373	6000000025473606138
Q4977340	6000000174652483149
Q4977388	6000000063155741891
Q4977413	6000000012857755741
Q4977416	6000000014033770123
Q4977448	323471593990001077
Q4977459	4123143451340025228
Q4977474	6000000007024680387
Q4977478	6000000007025287032
Q4977489	6000000074445281163
Q497749	6000000040223909966
Q4977529	6000000036601157140
Q4977530	6000000034498815175
Q49775435	6000000014478394556
Q4977550	6000000003611594920
Q4977594	6000000006167491511
Q4977618	6000000014675845151
Q4977626	6000000178802034851
Q4977635	6000000000770011865
Q4977687	6000000023909405562
Q4977728	6000000007914884623
Q4977739	6000000020918678399
Q4977743	6000000006357163583
Q4977786	6000000153787093869
Q4977800	6000000079067401883
Q4977837	6000000018703044019
Q49778638	6000000014478517938
Q4977945	6000000017864588093
Q497802	6000000023996656619
Q4978059	6000000007481459708
Q4978089	6000000002228534483
Q4978147	6000000040239666793
Q4978170	6000000010364995389
Q497827	6000000002046171442
Q4978285	6000000002651562018
Q4978304	6000000022921362311
Q497831	6000000004149463801
Q4978336	6000000176126557850
Q4978389	6000000015702492405
Q49784174	6000000019215937461
Q4978423	6000000010384703451
Q497849	6000000026282815860
Q497851	6000000029367907107
Q4978518	6000000002393412705
Q4978551	6000000005080817262
Q4978577	6000000003098616610
Q49786343	6000000016457618930
Q4978655	6000000060395814889
Q4978657	6000000005940843124
Q49786660	6000000016457612852
Q4978686	6000000016135498921
Q4978739	6000000067340486082
Q4978802	6000000006448761009
Q4978806	6000000040117518907
Q49788321	6000000010868761033
Q4978872	6000000033706388985
Q4978888	5379637024180127140
Q4978988	6000000040071610623
Q4979030	6000000031335045906
Q4979059	6000000049904760072
Q4979079	6000000177621032823
Q4979170	6000000036071019941
Q4979201	6000000003614158937
Q4979206	6000000065434101821
Q4979231	6000000020207621966
Q4979247	6000000013970775504
Q4979268	6000000062020437860
Q4979271	6000000010459425850
Q4979273	6000000078519087416
Q4979300	6000000151410747862
Q4979323	6000000006127037063
Q4979361	6000000011448498764
Q4979362	6000000005953294230
Q4979365	6000000143330736002
Q4979386	6000000034051602893
Q4979426	6000000006127453076
Q4979467	6000000016104082190
Q4979634	6000000012057602985
Q4979681	6000000004877331446
Q4979706	6000000042161563416
Q4979708	6000000075479165947
Q4979711	6000000075479195921
Q4979782	6000000006127401506
Q4979784	6000000029605750991
Q4979792	6000000006127381907
Q4979798	6000000002602481975
Q4979803	6000000006127346503
Q4979857	6000000054125326821
Q4979860	6000000015165622157
Q49799271	6000000010262946509
Q4979935	6000000026257665135
Q4979945	6000000038865776003
Q4979987	6000000002623432913
Q498	6000000005996006002
Q4980014	6000000013375850045
Q4980024	6000000032528947197
Q4980033	6000000008539220401
Q49800829	6000000010868757934
Q4980102	6000000036059119222
Q4980142	6000000017381069772
Q4980157	6000000024318489812
Q498019	6000000013041110838
Q4980194	6000000057471409497
Q4980198	6000000017943971922
Q4980225	6000000037362929034
Q4980231	6000000017026252680
Q4980233	6000000008680999270
Q4980239	6000000179560085871
Q4980247	6000000035689470551
Q4980265	6000000028888154526
Q4980280	6000000003726754346
Q4980296	6000000011701162781
Q4980310	6000000019584651122
Q4980311	6000000078470995001
Q4980313	6000000019584483150
Q4980339	6000000001402288187
Q4980343	6000000001099931771
Q4980389	6000000039248360140
Q4980404	6000000018763798278
Q4980409	6000000049235040333
Q4980412	6000000086086347961
Q4980425	6000000046064873897
Q498046	6000000006423870442
Q4980508	6000000008657309244
Q4980514	6000000021233220375
Q4980530	6000000019957652154
Q4980548	6000000176051965849
Q4980550	6000000022683477480
Q4980575	6000000012367794444
Q4980592	6000000004079674066
Q4980606	6000000004848299190
Q4980614	6000000012124638562
Q4980626	6000000178007859856
Q4980637	6000000036767604401
Q4980654	6000000070985672232
Q4980659	4592389631850013037
Q4980687	6000000065867040911
Q4980721	6000000053301653113
Q4980726	6000000021027284851
Q4980730	6000000021027284845
Q4980761	6000000019773646600
Q4980829	6000000177867624833
Q4980893	6000000057451716044
Q4980897	6000000033987183875
Q4980931	6000000007785859536
Q4980964	6000000002465146405
Q498098	6000000179749835830
Q4980985	6000000156790973931
Q4981000	6000000027263120212
Q4981039	6000000001606386303
Q4981058	6000000023605516452
Q4981071	6000000024093251227
Q4981095	6000000178415750821
Q4981124	6000000008409396494
Q4981128	6000000033240795948
Q4981150	6000000032175188907
Q4981199	6000000000262898917
Q4981305	6000000029999252954
Q4981340	6000000176726977829
Q4981382	6000000031180050853
Q4981388	6000000003945615421
Q4981390	6000000001834226304
Q4981402	6000000039139825458
Q4981419	6000000038093783134
Q4981432	6000000069473122857
Q4981452	6000000005244322144
Q4981598	6000000023220147376
Q498164	6000000069426341834
Q4981674	6000000024403051594
Q4981730	6000000051854240167
Q4981734	6000000023303144624
Q4981770	6000000028706120504
Q4981773	6000000028706337306
Q4981776	6000000029574155390
Q4981801	6000000057452749080
Q4981814	4513680248240076063
Q498188	6000000018358131667
Q4981897	6000000168958778296
Q49819	6000000030822456187
Q4981944	6000000057927899831
Q4981978	6000000014995293032
Q4982107	6000000022566225970
Q4982112	6000000014440182711
Q4982118	4172507189790072538
Q4982138	6000000049080524844
Q4982147	6000000000855503563
Q4982181	6000000041049941488
Q4982244	6000000043537081924
Q4982371	6000000007690254122
Q4982409	6000000020975202009
Q4982433	6000000019215598408
Q4982446	6000000028407790327
Q498246	6000000040888067860
Q4982512	6000000009441567168
Q4982515	6000000003221783773
Q4982518	6000000064213159028
Q4982604	6000000012737015313
Q4982628	6000000039676524144
Q4982702	6000000026174418020
Q49827020	6000000045053877009
Q4982733	2043556
Q4982757	6000000002489531092
Q4982799	6000000029227816277
Q49828	6000000037742123195
Q4982815	6000000002126889266
Q4982838	6000000054175090149
Q4982926	324690902830001644
Q4982942	6000000008859904792
Q4983060	6000000008788478623
Q4983192	6000000025471290128
Q4983194	6000000019681185079
Q4983215	6000000015543076795
Q4983290	6000000015106687398
Q4983324	6000000002831062672
Q4983367	6000000031211857371
Q4983385	6000000015772017520
Q4983389	6000000078555803994
Q4983409	6000000031355858822
Q4983437	6000000094774222751
Q4983441	6000000107056690928
Q4983474	6000000002998738188
Q4983493	6000000017866837235
Q4983566	6000000003858640158
Q4983599	6000000033620185037
Q4983620	6000000030696639181
Q4983623	6000000033646759550
Q4983634	6000000024502152789
Q4983723	6000000077449445086
Q4983741	1509054
Q498376	6000000040411037845
Q4983763	6000000023174582125
Q4983823	6000000183004545012
Q4983832	6000000019440490036
Q4983838	6000000184306591873
Q4983840	6000000013751895553
Q4983880	343757482190004580
Q4983885	6000000012118234065
Q498390	6000000007981870289
Q4983907	6000000071577766841
Q4983949	6000000004858425570
Q4983959	6000000024374559474
Q4983974	6000000024905071490
Q4983980	4427300601490055322
Q4983996	6000000005441492796
Q4984055	6000000009956194139
Q4984195	6000000183462496821
Q49842241	6000000012504647209
Q4984237	6000000030779856629
Q4984314	6000000028960805975
Q4984343	6000000068065249834
Q4984525	6000000070311176030
Q4984538	6000000025834850171
Q4984709	6000000088620403821
Q4984816	6000000166556470954
Q4984834	6000000006098953948
Q4984837	6000000181791244843
Q4984857	6000000007681105788
Q4984915	6000000101491378829
Q4985	6000000004199609491
Q498502	6000000048841122915
Q498503	6000000009216650476
Q49853462	6000000008269849475
Q49855344	6000000076587873896
Q4985609	6000000026979504226
Q498594	6000000180815143850
Q498601	6000000013485197503
Q4986044	6000000103948794889
Q4986072	6000000028583235047
Q498633	6000000006133777253
Q4986447	6000000013183847486
Q4987047	6000000021637384124
Q4987085	6000000006870145704
Q498715	6000000054919358821
Q49874153	6000000022695324144
Q498745	6000000008521009467
Q4987454	6000000011230177221
Q4987987	6000000015478775458
Q4988385	6000000037964068495
Q4988393	6000000019337896760
Q498840	6000000028105424938
Q4988489	6000000105783739931
Q4988517	6000000001745077236
Q4988521	6000000023894631677
Q4988547	6000000027314488976
Q4988633	6000000029735827017
Q4988696	6000000024433534830
Q4988701	6000000018036938811
Q49888090	6000000078718774172
Q498882	6000000174603423053
Q498883	6000000028246734184
Q4988865	6000000000728569213
Q4988946	6000000013630741161
Q498897	6000000004115472367
Q4989	6000000002188099738
Q498904	6000000028246571610
Q4989050	6000000058182514921
Q4989051	6000000181983063937
Q4989126	6000000016717133053
Q4989142	6000000011182671903
Q498915	6000000084511968453
Q4989153	6000000027240055639
Q4989272	6000000019288969871
Q4989309	6000000019138056066
Q4989335	6000000029369689873
Q4989376	6000000000840888998
Q4989403	6000000009214658236
Q4989596	6000000034085592442
Q4989641	6000000041472329998
Q498974	6000000028247166005
Q498976	6000000024252519133
Q4989804	6000000053299106981
Q4989818	6000000044151433054
Q4989852	388514548690006339
Q4989911	3937249465790062944
Q4990051	6000000182562532829
Q4990061	6000000180251246860
Q4990069	6000000002960096208
Q4990073	6000000001351945108
Q4990079	6000000016495499153
Q4990085	6000000017411455903
Q4990088	6000000011519244095
Q4990090	6000000011519311612
Q4990094	6000000007311244125
Q4990095	6000000041080653956
Q4990100	6000000023023711885
Q4990105	6000000038900107895
Q4990121	6000000017072808838
Q4990132	6000000003432136234
Q4990154	6000000178572121897
Q4990156	6000000012162960207
Q4990170	6000000011855799615
Q4990172	3029222
Q49902	6000000038969546637
Q499022	6000000016436214339
Q4990250	6000000036130457224
Q4990251	3190995
Q4990254	6000000049911298521
Q4990256	6000000014110806423
Q4990270	6000000018368193281
Q4990296	6000000004146357269
Q4990297	6000000051105631872
Q4990321	6000000107956399879
Q4990341	6000000029996924122
Q4990349	6000000050167953858
Q4990365	6000000010048336437
Q4990370	6000000072707111854
Q4990378	6000000009828013744
Q4990380	6000000098335432822
Q4990386	6000000000197900077
Q4990395	6000000040804081499
Q4990400	6000000009836623750
Q4990428	6000000073395357288
Q499043	6000000008049947507
Q4990447	6000000161874882930
Q4990463	6000000019595647242
Q4990481	6000000164953043826
Q4990482	6000000164949592651
Q4990494	6000000002959067579
Q4990504	6000000031116430821
Q4990509	6000000000879784241
Q4990511	6000000179460329869
Q4990548	6000000003044898773
Q499056	6000000073431181822
Q4990594	6000000002337229689
Q4990629	6000000083678528975
Q4990642	6000000024696085428
Q4990651	6000000029854906467
Q4990680	6000000069992026821
Q4990681	6000000069866291163
Q4990688	6000000001710724070
Q4990710	6000000009706551947
Q4990721	6000000144233134825
Q4990735	6000000100209547856
Q4990738	6000000003604241435
Q4990740	6000000005911601647
Q4990743	6000000006127607599
Q4990744	6000000006127607357
Q4990747	6000000001956531901
Q4990759	6000000010533113370
Q4990823	6000000120840052849
Q4990828	6000000027147552032
Q4990862	6000000017705188458
Q4990866	6000000177247121838
Q4990885	6000000140237550844
Q4990894	6000000034429484947
Q4990897	6000000006111210830
Q4990911	6000000048254499042
Q4990914	1520128
Q4990924	6000000022973469850
Q4990937	6000000018940320134
Q4990938	6000000017721938578
Q4990958	6000000007922429012
Q499097	6000000013890914837
Q4990973	6000000021848559994
Q4991	6000000017545285814
Q499103	6000000010221660916
Q4991037	6000000011546855296
Q4991040	6000000006128354525
Q4991041	6000000006128354338
Q4991045	6000000020798999018
Q4991062	6000000069312649896
Q4991063	6000000024317050020
Q4991077	6000000077875556183
Q4991084	6000000044297738994
Q4991090	6000000004145043210
Q4991092	6000000030224818917
Q4991132	6000000061832877954
Q4991134	6000000018542440181
Q4991140	6000000010206558268
Q4991147	6000000040179526246
Q4991148	6000000165182150967
Q4991149	6000000034010349396
Q4991164	6000000007256293282
Q499167	6000000030409475969
Q499172	6000000035454993657
Q4991790	6000000013356086258
Q499182	6000000013588983610
Q4991985	6000000005910802116
Q4992052	6000000022039637809
Q4992066	6000000019300618046
Q4992069	6000000002959042522
Q4992071	6000000002302642947
Q4992085	6000000008943401649
Q4992094	6000000027010703734
Q4992100	6000000023802734164
Q4992140	6000000018389630595
Q4992175	6000000019558572205
Q499218	6000000021519473354
Q4992201	6000000006235674106
Q4992249	6000000033889180918
Q4992331	6000000000095038197
Q4992359	6000000006323615099
Q4992385	6000000009626507899
Q4992397	6000000013062537981
Q499240	6000000083994848995
Q4992463	6000000018109524707
Q4992464	6000000025877137488
Q4992482	6000000008020133743
Q4992490	6000000006595707966
Q4992544	6000000013487754711
Q4992551	6000000054314022011
Q4992638	6000000018499856076
Q4992641	6000000003021086766
Q4992643	6000000021180048941
Q4992644	6000000061136914302
Q4992653	6000000007329215264
Q4992658	6000000007292300290
Q4992660	6000000014334583363
Q4992674	6000000002802396013
Q4992681	6000000041584312476
Q4992713	6000000090239349102
Q4992731	6000000019044730209
Q4992736	6000000016895299678
Q4992748	6000000008912014747
Q499284	6000000008357670179
Q4992875	6000000025293266088
Q499288	6000000020112708648
Q4992957	6000000023253763582
Q4992964	6000000028412892852
Q4993	6000000017546403142
Q4993017	6000000040664381969
Q4993025	6000000019723691225
Q4993033	6000000012734454230
Q4993043	6000000067096019912
Q4993047	6000000028704696884
Q4993107	6000000031890710821
Q499314	6000000020677099147
Q4993171	6000000017181682825
Q4993197	6000000005655069013
Q4993211	298758560500008057
Q4993246	6000000003943132381
Q4993295	6000000001504871581
Q4993297	6000000003732926699
Q4993298	6000000020487791502
Q4993313	6000000006706089197
Q4993316	6000000007442890275
Q4993326	6000000011222766312
Q4993335	6000000007388231362
Q4993340	6000000013886427746
Q4993377	6000000012028027205
Q4993396	6000000002907118861
Q4993411	6000000014461475034
Q4993412	6000000011506062984
Q4993416	6000000011644679139
Q4993418	6000000006575488173
Q4993420	6000000201122595827
Q4993421	6000000001887855950
Q4993442	6000000003613704545
Q4993477	6000000002184888420
Q4993517	6000000024697719670
Q49935448	6000000009878292139
Q4993670	6000000017106011007
Q4993676	6000000087381730864
Q4993687	6000000032029853970
Q4993703	6000000006079775823
Q4993772	6000000013712644007
Q4993798	6000000015698147090
Q4993807	6000000012638487339
Q4993815	6000000017402773248
Q4993968	6000000013259545007
Q4994031	6000000019347188684
Q4994054	6000000030735468729
Q4994083	6000000013499580797
Q4994132	6000000009685743664
Q4994135	6000000022783807469
Q4994165	6000000017738341578
Q4994293	6000000006563231148
Q4994309	6000000000251852029
Q4994310	6000000012674480560
Q4994338	6000000010119686544
Q4994343	355598018900011418
Q4994357	6000000074758455124
Q4994381	6000000014663934055
Q4994395	6000000097668816133
Q4994423	6000000008286440481
Q4994477	6000000025834912876
Q4994479	6000000024199487667
Q4994485	6000000000186441961
Q4994507	6000000000309901831
Q4994537	6000000198379516883
Q4994551	6000000019562265408
Q4994566	6000000010231128242
Q4994581	6000000064688757968
Q4994595	6000000001635128252
Q499508	6000000092334111853
Q499513	6000000042539229825
Q4995309	6000000015368245242
Q499557	6000000179847108825
Q499567	6000000069226939901
Q499572	6000000018910048612
Q499596	6000000156493938822
Q4996016	6000000054887909025
Q49961	6000000009437177160
Q499613	6000000013250286322
Q499615	6000000008327041587
Q499636	6000000184236686821
Q499644	6000000034542958819
Q499674	6000000007961563206
Q499677	6000000082041075126
Q499682	6000000081553279096
Q4997	6000000002188099690
Q49971	6000000044090451080
Q4997158	6000000002116357958
Q499736	6000000002198515774
Q499784	6000000009305978444
Q4997873	6000000068580754098
Q499832	6000000028203103890
Q49983754	6000000013835591594
Q4998605	6000000000896091582
Q4998609	6000000006322097908
Q4998665	6000000070659538041
Q49986752	6000000152745013079
Q499875	4148273458580039490
Q499876	6000000008415553952
Q499881	6000000052510053869
Q499908	6000000150670727897
Q4999130	6000000009055745869
Q499915	6000000181920613840
Q499921	6000000094053441881
Q4999688	6000000033231231891
Q4999706	6000000010545184413
Q499983	6000000014024052587
Q4999953	5010161545540048183
Q5000	6000000002188099667
Q50000756	6000000083618474901
Q50002	6000000046711658833
Q5000272	6000000072411745032
Q50003	6000000071220924821
Q5000322	6000000017483965684
Q500042	6000000002568950993
Q500046	6000000004593983245
Q50004623	6000000071158250836
Q50005	6000000046428201987
Q50006138	6000000058262758981
Q5000681	6000000011425838344
Q5000696	6000000150673913990
Q5000729	6000000015499337210
Q5000732	6000000038442048153
Q5000802	6000000119716200170
Q5000822	6000000039410621196
Q5000823	6000000014110521471
Q5000862	6000000000944063496
Q5000863	6000000008861773678
Q5000902	6000000075228279998
Q5000912	6000000042235582730
Q5000934	6000000007050514204
Q5001041	6000000043545989223
Q500127	6000000031090987239
Q50014057	6000000040148551448
Q500157	6000000007315682383
Q5001767	6000000004966374844
Q50017796	6000000024100493525
Q50020	6000000017206162274
Q5002170	6000000049342894958
Q500220	6000000009252735587
Q500237	6000000002658063694
Q5002389	6000000006234366443
Q50023940	6000000006972058081
Q5002420	6000000167486886828
Q50025511	6000000002459885282
Q50025834	6000000000307276152
Q50026275	6000000008407741155
Q500263	6000000069916888887
Q5002632	6000000073416769233
Q50026371	6000000006705866439
Q50030613	6000000089267891942
Q50031041	6000000058165978149
Q50031068	6000000173339502043
Q5003143	6000000013601879175
Q5003311	6000000008935874928
Q50033991	5672336862820125279
Q5003407	6000000011183721308
Q50034289	6000000012367688353
Q5003518	6000000028488725908
Q500352	6000000080652364044
Q500362	6000000002752751280
Q500370	6000000000700537374
Q500379	6000000073320419849
Q5004096	6000000015120746440
Q5004224	6000000017512297923
Q50042470	6000000065603983989
Q5004260	3347983
Q5004298	6000000041725685162
Q50043009	6000000016420174292
Q5004346	6000000071620277169
Q5004353	6000000012024419206
Q5004371	6000000036367702367
Q5004380	6000000009929253037
Q5004403	6000000014025859719
Q5004420	6000000038552609082
Q5004455	6000000073417514947
Q5004459	6000000009837750936
Q5004477	6000000042763461399
Q5004480	6000000013462645350
Q5004494	288517480610002623
Q50045876	6000000026383366825
Q500465	6000000163571419136
Q500480	6000000027710613551
Q500484	6000000028141631148
Q5004952	6000000014651029599
Q5005	6000000002188099636
Q5005016	6000000084555099666
Q5005017	6000000006253456574
Q5005024	6000000015333844715
Q5005034	6000000028367804353
Q5005035	6000000008626227451
Q500516	6000000029274669864
Q5005213	6000000005441261839
Q5005284	6000000177161465822
Q500546	6000000178341840822
Q500558	5140261779570046546
Q500572	6000000021733087800
Q50057270	6000000000549870551
Q50059102	6000000078311459004
Q50059107	6000000065344284870
Q50059115	6000000006590052005
Q50059171	6000000140185063987
Q50059181	6000000033558977405
Q50059210	6000000018162476115
Q50059232	6000000163837853445
Q50059265	6000000137835497903
Q5006141	6000000044356708205
Q5006229	6000000010755910727
Q50062358	6000000002444998011
Q5006271	6000000179699245884
Q5006307	6000000033745420330
Q50063075	6000000042087741995
Q5006346	6000000017028122145
Q5006349	6000000003266113417
Q5006361	6000000014478604176
Q5006401	6000000073120791968
Q500644	6000000009986315992
Q5006440	6000000024092700347
Q50064417	6000000012875098225
Q5006484	6000000014478423955
Q5006516	6000000085285142374
Q5006644	6000000078847583977
Q5006660	6000000014426068004
Q5006672	6000000081761366068
Q500668	6000000003802406051
Q5006707	6000000032292812548
Q500677	6000000007789343162
Q5006845	6000000011043988079
Q5006946	6000000041633566908
Q50069517	6000000078707546988
Q5006980	6000000015820867055
Q5007	6000000074792083833
Q50076176	6000000034864369913
Q50077289	6000000021693471680
Q500774	6000000176799523957
Q50078059	6000000013427553993
Q50078133	6000000034864013135
Q50078502	6000000125068906822
Q50079073	6000000125069631844
Q50079168	6000000019478784395
Q50079333	6000000019478431869
Q50081182	6000000173872574823
Q50081553	6000000008228174348
Q50081723	6000000151446331948
Q50085392	6000000025293031461
Q50085456	6000000015655004498
Q500872	6000000040417016832
Q500875	6000000004833124111
Q5009	6000000074791684066
Q50090941	6000000008872682135
Q500967	6000000004225268579
Q501005	6000000022309483006
Q5010357	6000000014190655285
Q50104	6000000043306039094
Q5010512	6000000126257492000
Q50105527	6000000013603687557
Q501068	6000000021604336702
Q501118	6000000151362525959
Q50112535	6000000076466080844
Q501142	6000000043130543876
Q50122371	6000000025844666382
Q50124126	6000000025833717332
Q50125049	6000000080837493110
Q50125619	6000000024787627374
Q50126003	6000000041170632009
Q501268	6000000121590085858
Q50127055	6000000001526093271
Q50127116	6000000002149397175
Q50127202	6000000025844593375
Q50129180	6000000120147853835
Q50130769	6000000011106486412
Q501324	6000000005607659789
Q50133017	6000000049135513828
Q50133157	6000000017307176406
Q50133584	6000000008630249695
Q501346	6000000137123512876
Q50134879	6000000105091681831
Q501379	6000000041408916163
Q501387	6000000016043499991
Q50139309	6000000016502904112
Q501397	6000000018568497536
Q50139781	6000000057064318850
Q501411	6000000011025856986
Q50143175	6000000123909301047
Q50143180	6000000083948842944
Q50143838	6000000036798026066
Q50144532	6000000001483035327
Q501446	6000000000307252135
Q501460	6000000054566616821
Q501471	6000000040580708833
Q501484	6000000062026408887
Q501485	6000000039298969901
Q501492	6000000016079423900
Q501493	6000000010733298143
Q5015	6000000095556837847
Q50150476	6000000020802955387
Q50151222	6000000003681939243
Q5015349	6000000010103670136
Q501660	5405797596870056211
Q5016636	6000000091138640986
Q5016637	6000000018164491832
Q5016639	6000000016126791919
Q5016783	6000000044823566828
Q501680	6000000058071066880
Q5016992	6000000053978792160
Q50170298	6000000018130971298
Q5017127	6000000177024429932
Q501722	6000000021424602034
Q5017421	6000000075979631839
Q501751	6000000003363130043
Q501756	6000000027508013441
Q5017634	6000000021991070177
Q5017731	6000000040776269093
Q5017931	6000000015719403289
Q501799	6000000046610491702
Q5018118	6000000101449420963
Q5018164	6000000030576989337
Q501820	6000000177032509822
Q5018244	6000000021119689282
Q501859	6000000022135569856
Q50186	6000000015739945588
Q5018676	6000000006891752188
Q50187	6000000015788542141
Q5018756	6000000173641225590
Q501880	6000000005069056434
Q5019153	6000000016397459808
Q5019197	6000000023655488445
Q5019205	6000000035306406261
Q5019208	6000000042081462879
Q5019215	6000000017697831785
Q5019222	6000000002576530578
Q5019228	6000000007484967423
Q5019230	6000000199474342883
Q5019247	6000000013291946164
Q5019251	6000000016126808427
Q5019257	6000000027325569082
Q5019260	6000000039712077179
Q5019271	6000000180583163828
Q5019274	6000000080604295883
Q5019281	6000000010050645719
Q501929	6000000001959152865
Q5019304	6000000019870499586
Q5019308	6000000005947737100
Q5019310	6000000020681668013
Q5019320	6000000025066039633
Q5019323	6000000052363634020
Q5019338	6000000010896825657
Q50193396	6000000021329813418
Q501955	6000000035834785467
Q50197273	6000000002618582801
Q50199162	6000000023262303516
Q50199163	6000000016987154548
Q50199337	6000000083279543914
Q50201957	6000000162543814877
Q502028	6000000022105365819
Q502065	6000000001787041761
Q50207996	6000000003216067504
Q50208728	6000000019895307210
Q50215179	6000000003232594369
Q50215781	6000000108868742821
Q50219206	6000000026532281493
Q50220614	6000000010896839658
Q50222729	6000000006369581145
Q50225783	6000000007559765597
Q50227525	6000000015280396393
Q502282	6000000006375806579
Q50228453	6000000009117102307
Q50228519	6000000008096604075
Q50228565	6000000172863893655
Q502292	6000000092013484836
Q50229301	6000000173285220528
Q50229804	6000000012238618509
Q50230238	6000000008096875620
Q50234342	6000000030746551176
Q502390	6000000176406055835
Q502396	6000000030066034035
Q5024032	6000000052978995986
Q50240670	6000000001312455233
Q5024122	6000000032208700839
Q50241270	6000000017918444507
Q5024199	6000000164662140827
Q5024234	6000000075862022867
Q5024315	6000000026245006039
Q5024336	6000000013763683029
Q5024337	6000000074660620959
Q5024362	6000000000269858044
Q5024381	6000000000695364622
Q5024384	6000000161228914971
Q5024386	6000000169691864858
Q5024395	6000000033132634832
Q5024397	6000000009331983976
Q5024400	6000000017389497010
Q5024424	6000000015579919753
Q5024430	6000000112949805974
Q5024438	4161277364190020046
Q5024455	6000000132770966115
Q5024475	6000000014874317902
Q5024476	6000000007574954939
Q5024478	6000000033255112953
Q5024516	6000000157585504857
Q5024532	6000000105417199923
Q50255328	6000000012151293477
Q50255466	6000000035141702010
Q5026415	6000000013309171921
Q502651	6000000172716314822
Q5026568	6000000013691591605
Q5026602	6000000018637589175
Q5026605	6000000018840533442
Q5026703	6000000145764396821
Q50275140	6000000008630266022
Q502763	6000000003219712938
Q50276347	6000000009916163188
Q50276603	6000000091195141268
Q50276763	6000000027546208008
Q50279313	6000000064337202127
Q5028092	6000000045533962821
Q5028116	6000000000241224601
Q50281264	6000000181049726823
Q50281370	6000000125067733872
Q50284345	6000000006442429257
Q50285284	6000000202378621840
Q50286444	6000000009318871510
Q502867	6000000054386504849
Q50286997	6000000006426535392
Q502885	6000000002188409365
Q50291045	6000000083910809979
Q50294454	6000000012997976096
Q50294757	6000000001970418184
Q50294984	6000000118384180838
Q50295076	6000000151355283903
Q50295486	6000000091213476876
Q50295720	6000000007499789606
Q50296138	6000000023188573814
Q502963	6000000010249612342
Q50296651	6000000007221915820
Q50296913	6000000010293685243
Q50297352	6000000013279446103
Q502983	6000000033967077210
Q502994	6000000035542424821
Q50300359	6000000080759441146
Q50301020	6000000020109770243
Q503013	6000000011723984445
Q5030144	6000000019594090413
Q50301709	6000000009463952058
Q5030210	6000000015729651115
Q50302571	6000000009523243739
Q503027	6000000032318361490
Q50306181	6000000019032369073
Q50306232	6000000004047268703
Q503068	6000000074903472063
Q503087	6000000082460915342
Q503091	6000000050306017216
Q50309772	6000000013174024151
Q50310270	6000000033770565249
Q50310475	6000000043008513150
Q50310783	6000000041952100619
Q503110	6000000084146280493
Q503119	356771762340004762
Q50313550	6000000025592801907
Q50314058	6000000027954077604
Q503143	6000000022366933915
Q50315136	6000000025139426316
Q50315559	6000000019820239367
Q5031575	6000000071666008882
Q50315940	6000000040326453534
Q50316074	6000000042220559396
Q503177	6000000002188374689
Q503183	6000000017073038526
Q50318486	6000000012001439450
Q50318617	6000000006127594436
Q50318690	6000000081065333556
Q50318734	6000000081057238958
Q503192	6000000019311020856
Q50319225	6000000010963173912
Q50319506	6000000020424007863
Q503196	6000000008852189725
Q503201	6000000006101322544
Q50320610	6000000015869891926
Q50320822	6000000032509896692
Q5032109	6000000035086768954
Q50321201	6000000015987717693
Q50322227	6000000190764656846
Q503225	6000000019556448589
Q50322963	6000000184209247872
Q50323048	6000000041641282321
Q50323460	6000000008776872596
Q50324795	6000000132514900863
Q50325221	6000000022420723943
Q503253	6000000021915171400
Q503258	6000000017613233725
Q503264	6000000016990608396
Q50326583	6000000042035266738
Q50326589	6000000012070060455
Q50326749	6000000012261939533
Q50326854	6000000003111706798
Q50326856	6000000009295158294
Q503286	6000000007800146257
Q503290	6000000008110730873
Q50329362	6000000000840993850
Q50329382	6000000113768002946
Q50329424	6000000059803941888
Q50329445	6000000029912876461
Q50330057	6000000017803784637
Q50330189	6000000032435092871
Q50331945	6000000036412221000
Q50332217	6000000172103163913
Q5033271	6000000020625416017
Q503337	6000000034319128395
Q503341	6000000015129920215
Q50335123	6000000036412061981
Q50335259	6000000025390238693
Q503355	6000000052841149821
Q50336345	6000000017983888402
Q503384	6000000007635412372
Q50340014	6000000029425212026
Q50341247	6000000040711866758
Q5034131	6000000011435010408
Q503426	6000000016044363523
Q5034290	6000000034343452109
Q50344023	6000000024406360886
Q50346736	6000000007095007422
Q50347225	6000000019304362531
Q50347227	6000000012756656430
Q50347237	6000000007985742259
Q50347256	6000000000023286538
Q50347257	6000000026201118602
Q50347260	6000000077136770907
Q50347283	6000000006127484731
Q50347299	6000000012074900414
Q50347306	6000000006913159790
Q50347310	6000000080539063062
Q50347316	6000000181962967830
Q50347318	6000000012630795870
Q50347321	6000000011969298485
Q50347322	6000000024240954336
Q50347330	6000000141019780927
Q50347332	6000000008019738309
Q50347342	6000000007523649771
Q50347367	6000000024321270856
Q50347503	6000000037964883261
Q50347508	6000000082389788531
Q50347512	6000000070495107139
Q50347806	6000000100309891954
Q50349249	6000000076721891549
Q50349409	6000000018450735831
Q50349416	6000000062265234055
Q50349760	6000000033526560665
Q5035018	6000000022139637496
Q50351193	6000000004121607519
Q503513	6000000064218662072
Q503517	6000000026105580259
Q50352302	6000000015958538119
Q50352303	6000000015958646300
Q5035237	6000000066837775143
Q5035238	6000000058625497859
Q503524	6000000023106964713
Q503529	6000000046375656860
Q50353342	6000000012377313333
Q503534	6000000026130890524
Q50354315	6000000157318762827
Q503545	6000000083782527267
Q503547	6000000008438730988
Q50354914	6000000005753006192
Q50355071	6000000035035224014
Q50355734	4429265737500075502
Q50355809	6000000039496446366
Q50356217	6000000021076235372
Q50356255	6000000123500163848
Q50356437	6000000221726568851
Q50357300	6000000023145224663
Q50357476	6000000011966616690
Q503580	6000000016361607937
Q50358699	6000000156307448834
Q503589	6000000008496891131
Q50359253	6000000021437950225
Q50359405	6000000021534190091
Q50359428	6000000022970212505
Q50359532	6000000052991809842
Q50359648	6000000084171945255
Q50359695	6000000150674442898
Q50359766	6000000178650150857
Q50359888	6000000009883875294
Q5036058	6000000013701218499
Q50361520	743932
Q50361544	6000000011006366246
Q503636	6000000022927487986
Q5036478	6000000019500444248
Q503649	6000000022815900953
Q50365120	6000000004670302333
Q50365369	6000000010831662979
Q50365602	6000000029624623719
Q50365663	6000000069653397895
Q50365663	6000000075258097981
Q503659	6000000043438568811
Q50365989	6000000032422217758
Q50366060	6000000071618400968
Q5036789	6000000003942782958
Q5036821	6000000000523281923
Q50368681	6000000024617920562
Q50368685	6000000170755208886
Q50368689	6000000001042980658
Q50368697	6000000022887259748
Q50368717	6000000040674204467
Q50368756	6000000180255064852
Q50368763	6000000008316985832
Q50368769	6000000024391063166
Q50368933	6000000013070601252
Q50369024	6000000008446663258
Q50369652	6000000012989780145
Q503698	6000000016591060052
Q503701	6000000043745732981
Q503706	6000000028045700117
Q503709	6000000018022361054
Q503717	6000000031463477485
Q50372324	6000000018736916824
Q5037330	6000000109849000966
Q50374540	6000000028375991728
Q50374719	6000000077534984821
Q50375665	6000000006618255001
Q50375735	6000000008542822054
Q50375808	6000000142901129822
Q50375810	6000000103881164915
Q50375825	6000000140720983050
Q50375942	6000000091358089878
Q503760	6000000081184714186
Q50376127	6000000004225432209
Q50376128	6000000007369499312
Q50376314	6000000008603892828
Q503764	6000000014545055404
Q50376439	6000000031387305805
Q50376606	6000000066371642972
Q50376686	6000000004038238155
Q503767	6000000008550073998
Q50376855	6000000013625171081
Q50376861	6000000004594262288
Q50377165	365276536520011535
Q50377215	6000000007094978416
Q50377420	6000000023280358654
Q50377509	6000000006573660444
Q50377557	6000000034636976113
Q50377568	6000000019856348567
Q50377595	6000000021728390419
Q50377647	6000000007456791370
Q50378070	6000000139710369873
Q50378416	6000000000645961159
Q50378541	6000000069783510842
Q50378691	6000000146043050904
Q50379062	6000000138090640881
Q50379083	356783480270013477
Q503791	6000000017329271303
Q50379117	6000000016622978803
Q50379132	6000000012286206315
Q50379325	6000000006365009537
Q50379751	6000000077797703868
Q50379784	6000000020055591012
Q50380244	6000000042326273940
Q50380248	6000000042326275929
Q50380445	6000000007929028894
Q50380452	6000000025454919367
Q50380482	6000000010591318573
Q503811	6000000014114261887
Q503816	6000000000159444061
Q503833	6000000076416315847
Q50383618	6000000003985003364
Q50383724	6000000022636993672
Q50383833	6000000019616225082
Q50383926	6000000014290198552
Q503840	6000000068413399823
Q50384331	6000000025469352019
Q50384369	6000000076612020336
Q50384639	6000000019420352513
Q50384639	6000000161255376821
Q50385757	6000000076838755282
Q50386641	6000000011169752478
Q503874	6000000063698952108
Q5038740	6000000005016060661
Q50389367	6000000014290450128
Q5038984	6000000017370013073
Q5039075	6000000080750708218
Q5039078	6000000006444656989
Q5039080	6000000011822914299
Q50391218	6000000124229270060
Q5039153	6000000019186217695
Q503917	6000000015733112512
Q50391723	6000000011401642394
Q5039178	6000000002805908479
Q50391896	6000000194601809834
Q50392969	6000000011264834581
Q50393079	6000000197772513821
Q50393874	6000000023090914860
Q503939	6000000143184969014
Q503948	6000000017279213453
Q503956	6000000012332839731
Q503962	6000000007749114252
Q50396243	6000000037699349018
Q5039745	6000000040026974990
Q5039751	6000000140724585822
Q5039752	6000000006128046326
Q5039785	6000000015839981255
Q5039789	6000000009907974110
Q5039796	6000000001504406171
Q5039799	6000000034051316254
Q5039816	6000000051216275897
Q50398160	3225663
Q50398186	6000000067866398825
Q50398256	6000000015952404307
Q503983	6000000059149691157
Q5039837	6000000000637330879
Q50398555	6000000187646051832
Q5039885	6000000069703846764
Q50398885	6000000076324655298
Q5039896	6000000010460588569
Q5039898	6000000074756884886
Q503991	4695072
Q5039914	6000000073794918837
Q5039933	6000000029538615310
Q5039947	6000000002665904343
Q5039960	6000000019881595214
Q503997	6000000007636295690
Q5039982	6000000038565279398
Q5039983	6000000078148252881
Q5039986	6000000032752388164
Q5039991	6000000006114794163
Q504	6000000015119840351
Q5040021	6000000005022656261
Q5040069	6000000064199981873
Q5040087	6000000090584968067
Q5040098	6000000063919637850
Q504011	6000000019688445444
Q5040125	6000000008689063909
Q5040127	6000000003500106921
Q5040128	6000000008865929664
Q50401520	6000000019711047096
Q5040157	6000000003137049560
Q5040164	6000000008943740822
Q5040166	6000000186530027917
Q5040170	6000000001920499515
Q5040171	6000000012705427924
Q5040172	6000000019779474512
Q5040176	6000000007950477131
Q5040192	6000000112244217899
Q5040232	6000000003072598446
Q5040240	6000000026299710118
Q5040248	6000000058182719876
Q5040249	6000000006127744615
Q504025	6000000015323498355
Q5040252	6000000024555945209
Q5040253	6000000007312691849
Q5040254	6000000000658972151
Q5040260	6000000016669750623
Q504029	6000000035567924702
Q504030	6000000092133174868
Q5040309	6000000007522445531
Q50403214	6000000116762799855
Q5040359	6000000008954307006
Q5040377	6000000003502626858
Q5040378	6000000007306021857
Q5040382	6000000006128299678
Q5040384	6000000006127496267
Q5040386	6000000014075935100
Q5040388	6000000020387745281
Q504039	6000000078250937255
Q5040417	6000000008508759505
Q5040418	6000000077890837208
Q5040425	6000000078312675993
Q504044	4752816986920071818
Q5040464	6000000038761925616
Q50404864	6000000001435382251
Q5040494	6000000010693624414
Q5040499	6000000087582665372
Q5040519	6000000085920936038
Q5040543	6000000014200349815
Q5040561	6000000007417409704
Q5040581	6000000009627036112
Q5040591	6000000028452964467
Q5040601	6000000017643511838
Q5040602	6000000000106315055
Q5040603	6000000017155211704
Q5040609	6000000006127542358
Q504061	6000000017671352701
Q5040612	6000000015642513455
Q5040614	6000000042490988494
Q5040652	6000000009634066393
Q5040655	6000000000349642439
Q504066	6000000030000898309
Q5040688	6000000021066178520
Q5040711	6000000002118798401
Q5040727	6000000028979432034
Q5040740	6000000000637332409
Q5040770	6000000041586501502
Q5040773	6000000033689093043
Q5040785	6000000016188292915
Q5040787	6000000074461761266
Q5040788	6000000031070596972
Q5040794	6000000083024556959
Q5040798	6000000011312012578
Q5040810	6000000022686936249
Q5040831	6000000085736121875
Q5040844	6000000083232094481
Q5040853	6000000022322076271
Q5040870	6000000054876300851
Q5040908	6000000002566947945
Q504092	6000000008891918388
Q5040957	6000000018249235997
Q5040958	6000000026695173887
Q5040963	6000000035677081066
Q5040967	6000000016227930505
Q5041014	6000000020741550648
Q5041016	6000000012944824974
Q5041017	6000000040374726108
Q5041017	6000000131049762832
Q5041115	6000000029324797997
Q5041122	6000000174189361854
Q5041132	6000000015291783376
Q50411737	6000000076806665864
Q504118	6000000116608130907
Q5041214	6000000013056907365
Q5041228	6000000022794656562
Q50412595	6000000003367536520
Q5041291	6000000013309046167
Q50412957	6000000018171728006
Q50413308	6000000219257211823
Q50413403	6000000037015398029
Q50413509	6000000077428152181
Q50413706	6000000025719411203
Q50413710	6000000039250419711
Q50413711	6000000088776611935
Q50413975	6000000084018480525
Q50414215	6000000191938338822
Q50414275	6000000008046059344
Q50414317	6000000176745424822
Q50414328	6000000021484112955
Q50414398	6000000014834205093
Q50414413	6000000180756321838
Q5041457	6000000009544611468
Q50415478	6000000116764138821
Q504160	6000000007743029518
Q5041602	6000000166392908946
Q50416080	5328377715470101357
Q5041618	6000000043258564283
Q5041671	6000000010637365414
Q504171	6000000008028892723
Q5041711	5025548127690027153
Q5041729	6000000001699460981
Q50417699	6000000148398983821
Q50417702	6000000019057112438
Q5041807	6000000037006957039
Q504182	6000000001886525343
Q50418260	6000000006147535301
Q5041865	6000000015810505196
Q50418666	6000000048740805839
Q50418726	6000000186183194441
Q5041891	6000000002218762501
Q504192	6000000183588804889
Q5041948	4154931999300060697
Q504198	6000000068385978955
Q5042032	6000000081997867748
Q5042059	6000000024007931156
Q5042061	6000000146154259835
Q5042124	3782247
Q504222	6000000182876788912
Q50422372	6000000010143060916
Q5042263	6000000015650696494
Q5042390	6000000076836039014
Q5042394	6000000013230111252
Q5042428	6000000029054824935
Q50424308	6000000032922448370
Q5042442	6000000021209009103
Q5042537	6000000009787581240
Q5042585	6000000025040070427
Q5042598	6000000023922655449
Q5042669	6000000032488752588
Q5042762	6000000017701200131
Q5042805	6000000001902416019
Q5042834	6000000021120556107
Q5042952	6000000031504463874
Q5042974	6000000016616418836
Q5042991	6000000007454875614
Q5043258	6000000010472468221
Q5043338	6000000000193073701
Q5043352	6000000049991812891
Q5043383	6000000003034438852
Q50434816	6000000062452717939
Q5043485	6000000019372040360
Q504352	6000000000273074784
Q5043520	6000000021693907616
Q5043523	6000000163669242824
Q5043587	6000000145476407826
Q5043594	6000000115120164825
Q504369	6000000012742537457
Q5043847	6000000030070008177
Q504387	6000000000757892394
Q504398	6000000011327834280
Q5044166	6000000013217276207
Q504419	6000000194737032877
Q5044228	6000000016866399011
Q5044312	6000000110257379946
Q5044317	6000000009290941929
Q5044365	6000000003109563089
Q5044437	6000000027363097574
Q5044469	6000000125859869948
Q5044502	6000000068967688988
Q5044548	6000000049223490835
Q504455	6000000036751020899
Q5044555	6000000008701109265
Q504458	6000000056221273970
Q5044670	6000000011360500725
Q5044674	6000000053364315424
Q5044702	6000000011663088677
Q5044727	6000000006583374219
Q5044800	6000000001550694239
Q504485	6000000003428719085
Q5044865	6000000078152868746
Q504489	6000000013541159918
Q5044946	6000000000632064364
Q5044973	6000000004934192669
Q5044979	6000000024799512247
Q504498	6000000003827359083
Q5044998	6000000002941150145
Q5045008	6000000009774545762
Q5045039	6000000012934180604
Q5045077	6000000055078844946
Q5045085	6000000151135442914
Q5045092	6000000011002956781
Q5045104	6000000019148273303
Q504512	6000000107631435267
Q5045123	6000000114766750841
Q5045141	6000000030990817443
Q504518	6000000003711994865
Q5045219	6000000015953607504
Q5045242	6000000002188670595
Q5045269	6000000002188370924
Q5045362	6000000036887197695
Q5045364	6000000003051977980
Q504548	6000000006822768937
Q5045483	6000000177957254896
Q504550	6000000145874060072
Q504551	6000000022792609202
Q504566	6000000010859897533
Q504569	6000000034302283105
Q504589	6000000015399220212
Q504593	6000000021233499496
Q504597	6000000026407715756
Q504611	6000000088875036234
Q5046197	6000000146753931939
Q504621	6000000007404133359
Q5046241	6000000003040518620
Q504625	6000000002023262945
Q5046270	6000000020773090828
Q5046310	6000000040680597118
Q504638	6000000137585916936
Q5046514	6000000077368037071
Q504652	6000000076238426105
Q5046529	6000000176663134861
Q5046557	6000000104929967281
Q504656	6000000137531686147
Q504658	6000000053188567073
Q5046589	6000000003636670806
Q5046590	6000000002287292201
Q5046592	6000000129467229167
Q5046610	6000000031455918857
Q5046683	6000000013497910218
Q504674	6000000007074446147
Q504687	6000000026283965855
Q5046908	6000000026232415983
Q5046996	6000000002278284636
Q5046997	6000000009004622154
Q5046998	6000000001538254504
Q5047001	6000000003159214744
Q5047012	6000000009670610913
Q5047013	6000000007210552345
Q504704	6000000184209247829
Q5047158	6000000013187371819
Q5047170	325453529870007126
Q5047203	6000000048931611053
Q50473089	6000000084019617898
Q504743	6000000176744779838
Q504753	6000000049846242267
Q504761	6000000167694735821
Q5047618	6000000059912786083
Q5047678	6000000017668537804
Q504800	6000000089046858851
Q504810	6000000043790437043
Q50482066	6000000012945991724
Q504824	6000000042497551115
Q504845	6000000032680230984
Q5048465	6000000013342083843
Q5048566	6000000034055259953
Q5048594	6000000011321424866
Q504871	6000000019844056715
Q504878	6000000019288964206
Q5048798	6000000035164359833
Q5048800	6000000005442277467
Q5048824	6000000079300164185
Q504886	6000000009352281365
Q504901	386922140170001334
Q5049014	6000000017866489786
Q5049029	6000000007482279276
Q5049037	6000000014338450231
Q5049039	6000000008008857470
Q5049046	6000000018467323970
Q5049078	6000000036395333503
Q5049088	6000000002013025069
Q5049094	6000000011029120312
Q5049097	6000000011578819679
Q5049101	6000000017506175471
Q5049146	6000000040445587382
Q504920	6000000009523964474
Q5049226	6000000002134627436
Q504932	6000000001200495470
Q504935	6000000040956483014
Q504939	6000000013217599007
Q5049496	6000000009805913225
Q504966	6000000013217792546
Q504969	6000000149946482884
Q50497537	6000000012802479427
Q504979	3681862
Q50498992	6000000022081295112
Q50499426	6000000023157367950
Q5050009	6000000009231475591
Q505003	6000000002318765057
Q505004	6000000016418979686
Q50500605	6000000084225611842
Q505010	6000000136845221892
Q505016	6000000032377367248
Q505017	6000000042447042639
Q505028	6000000115715522824
Q505037	6000000066111074836
Q505040	6000000004333318285
Q505055	6000000086507192998
Q50510204	6000000088812958823
Q50511485	3938975
Q50512227	6000000009085156065
Q50512395	6000000056065112899
Q50512397	6000000182562804823
Q50512405	6000000020071047718
Q50512429	6000000009190335760
Q50512430	6000000008803837957
Q505134	6000000095897095862
Q505141	6000000012813474381
Q505146	6000000003231034562
Q505150	6000000019078201364
Q505167	6000000019931442097
Q505173	6000000078883201700
Q505177	6000000017469975003
Q505178	6000000003098455011
Q5052051	6000000008248299121
Q505206	6000000145063578844
Q5052103	6000000045699854570
Q5052107	6000000018530350705
Q5052109	6000000004087719110
Q5052116	6000000002994644007
Q5052174	6000000034046711072
Q505219	6000000006348318834
Q505222	6000000046897977821
Q505234	6000000069930887269
Q50523605	6000000025556845251
Q505241	6000000026050812698
Q5052525	6000000015047153312
Q5052535	6000000046660010510
Q5052545	6000000011871755331
Q5052553	6000000023268571970
Q5052559	6000000023433375775
Q505256	6000000081196630827
Q505257	6000000008175101829
Q5052576	6000000008522787978
Q5052592	6000000039648501865
Q5052596	6000000015717365581
Q5052604	6000000035083220613
Q5052605	6000000001153251004
Q5052609	6000000026794719500
Q5052652	6000000018297074553
Q505267	6000000008239547690
Q5052691	6000000028976785727
Q5052698	6000000009206159099
Q505270	6000000018018870762
Q5052725	6000000051831171910
Q5052743	6000000002188674899
Q50527589	6000000024860371119
Q505279	6000000002718652147
Q505280	6000000067002188831
Q5052837	6000000076337530067
Q50528923	6000000024861423138
Q50528942	6000000000742829516
Q5052917	6000000009946596525
Q50529224	6000000042790035412
Q5052923	6000000096230153126
Q5052930	6000000008727732795
Q5052937	6000000009928132535
Q5052999	6000000006444780421
Q505307	6000000000177338247
Q505335	6000000013005624566
Q50534128	6000000192233030848
Q505349	6000000044113557327
Q5053591	6000000028184218737
Q505379	6000000001011945438
Q505391	6000000023051823866
Q505393	6000000015517079121
Q505402	6000000033431735821
Q505403	6000000025295428054
Q5054070	6000000031049520465
Q505414	6000000034258392352
Q50542097	6000000184234945946
Q505423	6000000080995579965
Q505427	6000000012743714473
Q505443	6000000102155805831
Q505450	6000000013195904649
Q505454	6000000184233245857
Q505463	6000000019540815011
Q50546407	6000000037015027717
Q505473	6000000174506711866
Q505476	6000000041748440156
Q505482	6000000177764595852
Q50550316	6000000052979006026
Q5055034	6000000039278437810
Q505511	6000000050043183854
Q505514	6000000127724633826
Q5055304	6000000083548093893
Q5055316	6000000003028931346
Q50554423	6000000163579441077
Q505548	6000000006727749316
Q5055529	6000000024773539389
Q505563	6000000026491299674
Q505581	6000000042490815551
Q505585	6000000071073043889
Q505586	6000000043649084885
Q5055868	6000000135256380832
Q5055922	6000000015843342098
Q5055949	6000000025905727668
Q5055959	6000000002188551789
Q5055959	6000000003217282814
Q5055972	6000000009664266657
Q5055974	6000000182045433843
Q50560046	6000000013356217378
Q5056012	6000000029767501379
Q5056018	6000000051690521377
Q50560515	6000000013332906800
Q5056056	6000000004867653790
Q5056066	6000000027128782970
Q5056078	6000000006883450297
Q5056091	6000000011782567588
Q5056099	6000000002188475397
Q5056108	6000000048127162878
Q5056109	6000000018741101054
Q5056111	6000000003056691436
Q5056115	6000000021646136925
Q5056178	6000000007104749302
Q5056198	6000000031791625979
Q5056199	6000000026741944780
Q5056227	6000000105089782823
Q5056242	6000000023028493215
Q5056253	6000000067956212823
Q5056268	6000000056976363970
Q5056297	6000000027580498282
Q5056346	6000000002606048271
Q5056349	6000000012391473140
Q5056351	6000000002220990843
Q5056352	6000000007105551319
Q5056396	373258154170002497
Q5056445	6000000022617439300
Q5056480	6000000011559319986
Q5056489	6000000011297990471
Q5056508	6000000003471590735
Q5056546	6000000006630066686
Q50568258	6000000009875388814
Q505683	6000000145878406892
Q5057065	6000000056691691985
Q5057071	6000000017233406944
Q5057078	6000000011111170209
Q5057089	6000000001640399364
Q505713	6000000006719841158
Q5057131	6000000086164679207
Q505715	6000000013208404215
Q505722	6000000042681586031
Q505730	6000000039540678974
Q50573207	6000000030085745836
Q50573718	6000000011219617719
Q50573753	6000000179086017869
Q50573832	6000000055399717078
Q50574052	6000000001820087166
Q505743	6000000017709830386
Q505759	6000000013239310241
Q505764	6000000017044978223
Q50576466	6000000000955643195
Q505768	6000000013059779940
Q505780	6000000029619702942
Q5057870	6000000083160555916
Q5057874	6000000030667419848
Q5057954	6000000027513597920
Q5057993	6000000085374198853
Q5058073	6000000003822937727
Q505819	6000000017758662522
Q5058216	6000000001354452659
Q50582599	6000000007274091162
Q505827	6000000058937771851
Q505831	6000000020583343133
Q505844	6000000000171442278
Q505850	6000000020318680984
Q50586196	4341635
Q505871	6000000015680120632
Q5058772	6000000075345887021
Q505878	6000000185435057405
Q505882	6000000177501097840
Q5058868	6000000047341351147
Q505887	6000000180454967828
Q50589347	6000000006258060048
Q505898	6000000098074859889
Q505900	6000000026633938943
Q505918	4256579394210070288
Q505921	6000000143848434831
Q505923	6000000000280479691
Q505934	6000000103674106847
Q505938	6000000152624243869
Q505946	6000000004259438851
Q505953	4694952
Q505957	6000000035334535791
Q505969	6000000015210941454
Q50597	6000000035657520902
Q505981	6000000024530154549
Q50598465	6000000017619261548
Q50598829	6000000031869864446
Q50599	6000000001903788696
Q505990	6000000026354712384
Q505994	6000000184484062872
Q505998	6000000003054001394
Q5060	6000000002188099491
Q506000	6000000029337964876
Q506016	6000000151343225227
Q506027	6000000018398984159
Q50603378	6000000182644744912
Q50605835	6000000052678358051
Q506069	6000000143347986278
Q50607479	6000000003477369115
Q506075	6000000020629573663
Q50608	6000000016155416825
Q50608355	6000000222056381860
Q506093	6000000002143879212
Q506098	6000000183984220851
Q506104	6000000022907077025
Q50611082	6000000013356305266
Q50611930	6000000013356135561
Q506134	6000000002352540056
Q506146	6000000011139529339
Q506152	6000000069649970079
Q506155	6000000050802436015
Q506159	6000000135722822892
Q506177	6000000017352647862
Q50617821	6000000017544588552
Q506188	6000000094558949849
Q506198	6000000145752327822
Q506212	6000000018568455457
Q506216	6000000000051344986
Q50623582	6000000011326646357
Q506237	6000000032203543659
Q5062441	6000000189925112829
Q506296	6000000030388581802
Q506312	6000000004842477548
Q50633407	6000000024239811738
Q5063492	6000000011715309769
Q5063493	6000000063690429916
Q506358	310709157580007085
Q506393	6000000142207366033
Q50641037	6000000024772771745
Q506415	6000000004145280433
Q506426	6000000010552858440
Q506427	6000000009578619607
Q50643058	6000000024772993482
Q50643378	6000000024773288444
Q50643891	6000000024773024158
Q50644208	6000000024773473928
Q50644332	6000000028616086423
Q50644991	6000000024772861229
Q506457	6000000018022275843
Q50646013	6000000024773260098
Q506463	6000000018858826770
Q50646832	6000000059613155913
Q50647037	6000000001102323120
Q506473	6000000140184873821
Q506500	6000000005849399021
Q506504	6000000076285523022
Q506507	6000000007471398539
Q506514	6000000002188445916
Q506521	6000000003634165265
Q506527	4256545493770064385
Q506533	5068560487790089757
Q506539	6000000023827379334
Q5065421	6000000015394560886
Q5065536	6000000045387511918
Q506554	6000000071621505285
Q50655737	6000000026729690103
Q5065619	6000000015433175355
Q506582	6000000048757767973
Q506592	6000000002447377966
Q50659345	6000000026559304180
Q50659718	5469614904680037603
Q50659747	5110544235730063739
Q50659836	6000000036458546594
Q506600	5062365283030042571
Q50660030	6000000023173925320
Q506613	6000000018593902963
Q506618	6000000005404797250
Q5066182	6000000000557899993
Q506620	6000000179487637822
Q50662704	6000000037997994589
Q50662946	6000000083959686889
Q506639	6000000047398003168
Q50663943	6000000003216112354
Q506640	4246895
Q50664129	6000000017458214454
Q5066520	6000000077021948032
Q5066656	6000000039111977627
Q506673	6000000074662465889
Q5066765	6000000014218711850
Q506679	6000000003386289876
Q506694	6000000042633596365
Q506711	6000000142432605821
Q506717	6000000006889547010
Q50672	6000000021478446998
Q506733	6000000009021821866
Q506734	6000000141081457922
Q5067369	6000000016146201007
Q50674268	6000000046371100502
Q50674817	6000000000352064995
Q50675211	6000000078364427356
Q5067802	6000000047848496989
Q5067810	6000000002759248110
Q5067811	6000000081995927015
Q5067813	6000000079585867203
Q5067830	6000000002764369626
Q5067834	6000000050165741880
Q5067846	6000000003410159383
Q50679443	6000000160064395868
Q50680654	6000000025403760507
Q50680692	6000000034959923892
Q50680702	6000000023906507163
Q50680724	6000000025374697993
Q506810	6000000013078350281
Q5068118	6000000071300010123
Q506828	6000000031045913984
Q506829	6000000015591662183
Q5068311	6000000097127477915
Q506859	6000000017638103125
Q506867	6000000166902392837
Q50687723	6000000024711585821
Q506878	6000000054174482391
Q5068846	6000000022908246351
Q506885	6000000084030158834
Q506891	6000000032328464565
Q5069045	6000000024030360172
Q5069046	6000000024746458214
Q50693034	6000000003645825345
Q506969	6000000013643734449
Q5069709	6000000019200378217
Q5069857	6000000012652507871
Q506988	6000000036222109095
Q50698997	6000000073711955989
Q5070022	6000000017534979376
Q5070288	6000000177449804035
Q507040	6000000000495907202
Q507046	6000000153726919822
Q507073	6000000176567983849
Q507075	6000000042726989008
Q50707753	6000000037015398023
Q507086	6000000000343970144
Q5070870	6000000014339898026
Q5071152	6000000029956558469
Q5071164	6000000025780971842
Q5071249	6000000012990477840
Q5071254	6000000012434025800
Q50713	6000000009776578804
Q507130	6000000015767793734
Q507156	6000000015871997666
Q5071618	6000000074709392214
Q507177	6000000013161926114
Q5072084	6000000011727331577
Q50723832	6000000006128310641
Q507243	5407199543680038521
Q50724675	6000000020791056391
Q50725549	6000000028168317493
Q5072562	6000000009367959455
Q507261	6000000033443842017
Q50726189	6000000006127607305
Q507298	6000000007672110235
Q507301	6000000021983558076
Q50730159	6000000141006157299
Q507304	6000000043082324612
Q5073163	6000000105213300844
Q50732212	6000000011739653524
Q5073269	6000000013246392557
Q5073280	6000000001791948540
Q507350	6000000046479596037
Q5073854	6000000008621128865
Q50743892	6000000016473689511
Q5074528	6000000069697752241
Q5074627	6000000027067548102
Q5074629	6000000027067194708
Q5074715	6000000033000828686
Q5074726	6000000012951252123
Q5074729	6000000039890991804
Q5074736	6000000003634327534
Q5074737	6000000008115158497
Q5074746	6000000029359397313
Q5074755	6000000028202812561
Q5074765	6000000020861137674
Q5074772	6000000015047937496
Q50747747	6000000000178387027
Q5074782	6000000052804740067
Q5074813	6000000011026697374
Q507482	6000000058008885821
Q5074821	6000000016961062636
Q5074824	4564295
Q507485	6000000028082747954
Q5074872	6000000018978515143
Q5074873	6000000001384209426
Q5074877	6000000015747091741
Q5074880	6000000032717632289
Q5074921	6000000015732750755
Q5074930	6000000094068138893
Q5074936	6000000016844686077
Q50749403	6000000069712923821
Q5074941	6000000015782380043
Q5074942	6000000112219089881
Q507495	3298526
Q5074951	6000000030948589337
Q5074956	6000000148749515941
Q5074958	6000000030901462084
Q5074968	6000000000459691529
Q5074971	6000000079301949407
Q507498	6000000042832404924
Q5074980	6000000009719679751
Q50749862	6000000146679491824
Q5074991	5055093231870051204
Q5074992	6000000011111445391
Q5074995	6000000009747297222
Q5075011	6000000021932128284
Q5075014	6000000120126582837
Q5075025	302593997680004913
Q5075039	6000000046200388941
Q5075047	6000000178728146821
Q5075049	6000000001734436746
Q5075062	6000000024346486893
Q5075067	6000000002813451221
Q5075070	6000000026997142976
Q5075086	6000000174087090539
Q5075093	6000000047524375862
Q5075108	6000000009889104291
Q5075111	6000000032083869019
Q5075115	6000000019700419040
Q5075117	6000000011205463656
Q507514	4330526409000061525
Q5075145	6000000077076433945
Q5075167	6000000015682009937
Q5075169	6000000017767298751
Q5075174	5551614439600121078
Q5075182	6000000019365489642
Q5075186	6000000018099012066
Q5075202	6000000035370777889
Q5075206	6000000084445231240
Q5075208	6000000000207250037
Q5075218	6000000040321192344
Q5075253	6000000006064653001
Q5075254	6000000009496849584
Q5075265	6000000037089708930
Q5075290	6000000017690506394
Q5075308	6000000005739664909
Q5075320	6000000013062186853
Q5075325	6000000026228982066
Q5075330	6000000013983769937
Q5075334	6000000003178084164
Q507536	6000000095428299085
Q5075369	6000000003891015115
Q5075370	6000000003891421545
Q5075406	6000000012336560729
Q5075419	6000000019582809619
Q5075451	6000000054309338865
Q5075464	6000000026082783473
Q5075473	6000000011303185508
Q5075487	6000000087307606856
Q5075494	6000000008113928910
Q5075499	6000000002188470595
Q5075509	6000000000695383037
Q5075526	6000000035591363541
Q5075537	6000000012369071658
Q5075539	6000000012370421315
Q5075540	6000000012369979870
Q5075541	6000000017451166113
Q5075542	6000000008630277230
Q5075562	6000000016809675937
Q5075563	6000000016810929683
Q5075564	6000000012370560913
Q5075566	6000000109848560911
Q50755863	6000000002188529869
Q5075590	6000000089464720828
Q5075591	6000000018457205635
Q5075595	6000000010515063970
Q50756002	6000000007105982235
Q5075601	6000000014161227731
Q5075619	6000000003446407779
Q5075634	6000000000070859859
Q507564	6000000016361309953
Q5075653	6000000020802909619
Q5075665	6000000028976413253
Q5075691	6000000026160141089
Q5075692	6000000021965718983
Q5075695	6000000073443612856
Q5075700	6000000019134058155
Q5075706	6000000000590543598
Q5075709	6000000009336180064
Q5075721	6000000009664167100
Q5075725	6000000001756169452
Q5075774	6000000002651228725
Q5075787	6000000155570585822
Q5075798	6000000009142528226
Q5075839	6000000026405043813
Q5075840	6000000014050378603
Q5075841	6000000002188536999
Q5075842	6000000007728364829
Q5075846	6000000011110681624
Q5075872	6000000004241431915
Q5075899	6000000023467109353
Q5075902	6000000007067101028
Q5075910	6000000069557796031
Q5075916	6000000031372147459
Q5075918	6000000111417036821
Q5075923	6000000029984859990
Q5075925	6000000030029687289
Q5075928	5580115654990056446
Q5075929	6000000010310389602
Q5075961	6000000029833350999
Q5075970	6000000017432575962
Q5075975	6000000077249032128
Q5075980	6000000002898218709
Q5075992	6000000152744928870
Q5076017	6000000003200414009
Q5076022	6000000031897986111
Q5076026	6000000012951155950
Q5076029	6000000011519479334
Q5076030	6000000010503928410
Q5076032	6000000019775187119
Q5076048	6000000018650205804
Q5076054	6000000006824433429
Q5076056	6000000003615408113
Q5076057	328211034520001173
Q5076061	6000000027966836187
Q5076062	6000000107456123845
Q5076070	6000000023353311566
Q5076073	6000000017765392259
Q5076083	6000000040022418100
Q5076084	6000000013741590994
Q5076097	6000000031059097848
Q507610	6000000069636250867
Q5076100	6000000002966337919
Q50761198	6000000018483537449
Q5076123	6000000009465511217
Q5076133	6000000055531606896
Q5076140	6000000012437460346
Q5076145	6000000019508840614
Q5076148	6000000002188526567
Q5076154	6000000017416175254
Q5076156	6000000016757112178
Q5076162	6000000085376951532
Q5076163	6000000038469259846
Q5076166	6000000025570415743
Q5076191	6000000013735146182
Q5076197	6000000004850931484
Q5076201	6000000148884945013
Q5076206	6000000000688983980
Q5076220	6000000016515660570
Q5076223	6000000008845171794
Q50762239	6000000008630274890
Q5076225	6000000071567762905
Q5076226	6000000014233022404
Q5076247	6000000024280159989
Q5076252	6000000001384708924
Q5076255	6000000043913951694
Q5076264	6000000009542584884
Q5076265	6000000000628847974
Q5076266	6000000006100947639
Q5076273	6000000026505363789
Q5076310	6000000029996843914
Q5076314	6000000067861808890
Q5076316	6000000052868383900
Q5076325	6000000006174980935
Q5076327	6000000053314122889
Q5076351	6000000022714386299
Q5076354	6000000020959356447
Q5076358	6000000035280281087
Q5076359	6000000046638461849
Q5076368	6000000012450152901
Q5076369	6000000012449679942
Q5076386	1649104
Q5076387	6000000017270011619
Q5076393	3946606788400076826
Q50763948	6000000023709909634
Q5076398	6000000073518926929
Q5076406	6000000010030559323
Q5076407	6000000009886057433
Q5076427	6000000118031114148
Q5076430	6000000037969922902
Q5076446	6000000040641908927
Q5076452	6000000012849603478
Q5076453	6000000013393976434
Q5076478	6000000005249844813
Q5076479	6000000008630274323
Q5076480	6000000012052750421
Q5076481	6000000012052437661
Q5076482	6000000015777815274
Q5076495	6000000073128561975
Q5076496	6000000013239099227
Q5076496	6000000042863079658
Q5076508	6000000002188508890
Q5076512	6000000151117874987
Q5076531	6000000011771808312
Q5076546	6000000000292394249
Q5076556	6000000066537666827
Q5076558	6000000008200980575
Q5076561	6000000179116425826
Q5076583	6000000006574583801
Q5076584	6000000002115897121
Q5076588	6000000016457723726
Q507659	6000000142885437914
Q5076611	6000000010030244077
Q5076612	6000000000490530264
Q5076622	6000000033842259145
Q5076627	6000000177194641854
Q5076629	6000000048248249863
Q5076633	6000000048247274674
Q5076636	6000000004867853168
Q5076637	6000000032353713036
Q507664	6000000000813493048
Q507665	6000000005395269119
Q5076667	6000000027651286834
Q5076668	6000000000122189854
Q5076680	6000000022420702564
Q5076686	6000000001099628804
Q5076687	6000000028869264275
Q5076710	6000000002807435957
Q5076715	6000000010985148651
Q5076717	6000000013231347200
Q5076724	6000000010800081849
Q5076755	6000000006366627770
Q5076765	6000000002627570072
Q5076771	6000000014877736559
Q5076779	6000000042634335520
Q5076781	6000000052257300064
Q50767982	6000000000527762173
Q5076812	6000000002004794941
Q5076815	6000000174071563931
Q5076822	1222242
Q5076826	6000000006341623014
Q5076828	6000000018181198009
Q50768586	6000000024913663932
Q507686	6000000019078952768
Q5076860	6000000010414490873
Q5076864	6000000007235885287
Q5076872	6000000084673428249
Q5076874	6000000002188389270
Q5076876	6000000025624464061
Q5076881	6000000024511777093
Q5076895	6000000115840571833
Q5076898	6000000034039654064
Q5076902	6000000005437996351
Q5076913	6000000039299198081
Q5076916	6000000013043177830
Q5076922	6000000017369497592
Q5076925	6000000003708170720
Q5076937	6000000010030700727
Q5076938	6000000009554588921
Q5076941	6000000011819094622
Q5076943	6000000068764708848
Q5076944	6000000006444755541
Q5076947	6000000024308660196
Q5076982	4230070956250032808
Q5076988	6000000027503113254
Q5076990	6000000033519051145
Q5076997	6000000026708696520
Q5077002	6000000010002085808
Q5077003	6000000010026909688
Q5077004	6000000009607614117
Q5077005	6000000019765564055
Q5077009	6000000025550570357
Q5077023	6000000005016531067
Q5077087	6000000015287702690
Q5077104	6000000017094738476
Q5077126	6000000030226585977
Q5077159	6000000091674235838
Q5077205	6000000178079879836
Q50772055	6000000017858977514
Q50772124	6000000163759053990
Q5077224	6000000020895828852
Q50772244	6000000178433096828
Q5077225	6000000057606073863
Q5077228	6000000018212021594
Q5077231	6000000064699761829
Q50772406	6000000140882622822
Q50772410	6000000136817051829
Q50772420	6000000166775220855
Q5077243	6000000006824495276
Q5077244	6000000106662009148
Q5077246	6000000026757029879
Q5077263	6000000001617143066
Q5077265	6000000000911075591
Q5077266	4067400
Q5077268	6000000069471955992
Q5077276	6000000012778865812
Q50772773	6000000151118255962
Q507728	6000000009902062428
Q50772854	6000000140728079958
Q5077292	6000000071047940874
Q5077299	6000000058259371852
Q5077300	6000000023250167397
Q50773083	6000000004235638249
Q5077309	6000000013269925508
Q5077311	6000000009929801427
Q5077312	6000000002764431962
Q5077322	6000000012903012513
Q5077325	6000000001617152309
Q5077333	6000000010896740743
Q5077339	6000000038830569606
Q5077353	6000000002898234999
Q5077355	6000000012687559473
Q5077357	6000000002188517826
Q5077370	6000000023487672915
Q5077372	6000000019360659076
Q5077376	6000000013684670422
Q5077380	6000000015208638114
Q5077387	6000000033895400084
Q5077398	6000000014437243499
Q5077407	6000000009188243015
Q5077424	6000000001396499858
Q5077427	6000000032737639072
Q5077439	6000000016534182078
Q5077444	6000000012091769683
Q5077454	6000000013185601155
Q50774788	6000000003199436742
Q5077479	6000000152253869014
Q507748	6000000012155320883
Q5077496	6000000041636020222
Q5077511	6000000027562585038
Q5077513	6000000001166463142
Q5077548	6000000016476928099
Q507756	6000000114575897917
Q5077583	6000000008439024759
Q5077586	6000000008962807361
Q5077616	6000000020781315618
Q5077618	6000000017939044352
Q5077624	6000000027396290742
Q5077641	6000000013311780049
Q5077651	6000000011486701952
Q5077652	6000000000820686614
Q5077655	6000000002188536685
Q5077683	6000000047399452833
Q5077684	6000000004212324336
Q5077686	6000000002188483286
Q5077687	6000000000351117300
Q5077689	6000000017122296678
Q5077709	6000000014404915857
Q5077724	6000000014733404856
Q5077725	6000000024715533119
Q5077736	6000000175884374855
Q5077762	6000000032533628137
Q5077771	6000000014874678653
Q5077781	6000000024351766740
Q5077790	6000000002023093166
Q5077796	6000000003895768777
Q5077811	6000000098724738833
Q5077834	6000000025620879185
Q5077835	6000000107556759841
Q5077841	6000000011525445651
Q5077845	6000000017405838738
Q5077852	6000000015841120600
Q5077858	6000000023433840100
Q5077863	6000000036173200084
Q5077881	6000000010109175335
Q507790	6000000056821775664
Q5077912	6000000015093320296
Q5077914	6000000182196120839
Q5077946	6000000002968688910
Q5077964	6000000011470852167
Q5077965	6000000033510094246
Q5077974	6000000017034274634
Q5077994	6000000006582905022
Q5078003	6000000042393757846
Q5078004	6000000029934662854
Q5078006	6000000006606085061
Q5078009	6000000014749036972
Q5078012	6000000019339422021
Q507802	6000000017275845294
Q5078029	6000000020895810873
Q5078044	6000000011059964932
Q5078066	6000000019546040645
Q507807	6000000014189922291
Q507827	6000000181587347840
Q5078298	6000000002576731688
Q5078300	6000000006501550616
Q5078302	6000000011158160893
Q507831	6000000176733297926
Q5078311	6000000034320646244
Q5078314	6000000037472864880
Q5078333	6000000079144252845
Q5078353	6000000161468764844
Q5078355	6000000000847479742
Q5078361	6000000008571908747
Q5078375	6000000014589686667
Q5078376	6000000020467243585
Q5078379	6000000024382694090
Q5078380	6000000024311054383
Q5078392	6000000005224379543
Q507840	6000000004630776886
Q5078410	6000000113143922110
Q5078411	6000000015065065575
Q5078424	6000000003872321517
Q5078425	6000000005598962097
Q5078428	6000000002427964092
Q5078431	6000000004867793896
Q5078433	6000000006444774132
Q5078440	6000000004079698752
Q5078473	6000000021953564250
Q5078496	5388840559650081412
Q5078512	6000000042896449600
Q5078543	6000000043068240949
Q5078543	6000000164965973064
Q5078569	6000000071412007957
Q5078574	6000000015207520820
Q50786021	6000000013354304542
Q507861	6000000014350286185
Q5078611	6000000019885467150
Q5078628	6000000182049032829
Q507864	6000000095933906848
Q5078642	6000000074273985046
Q5078651	6000000017094064988
Q5078670	6000000015392359889
Q5078682	6000000011777297254
Q5078694	6000000010321168419
Q5078711	6000000021476973680
Q5078718	6000000029980636733
Q5078720	6000000011818769089
Q5078721	6000000011818929910
Q5078724	6000000000584744075
Q5078726	5655967563490073343
Q5078728	6000000002950570883
Q507873	6000000013090145911
Q5078735	6000000080568977895
Q5078743	5395858439380111622
Q5078754	6000000002188552820
Q5078755	6000000014866626406
Q5078764	6000000004079625035
Q5078769	6000000069266943834
Q507878	6000000040490049262
Q5078794	6000000023132004245
Q5078824	6000000015370130584
Q5078843	6000000127431819821
Q5078849	6000000068026084938
Q5078853	6000000009316549040
Q5078857	6000000035162703691
Q507888	6000000075674307824
Q5078884	6000000107523337943
Q5078886	6000000104535653860
Q5078894	6000000015826122443
Q5078921	6000000001382379608
Q5078930	6000000013427569840
Q5078932	6000000183433184823
Q5078935	6000000000494619226
Q5078941	6000000003147132305
Q5078948	6000000005392625075
Q5078949	6000000004594035915
Q5078951	6000000001994417707
Q5078960	6000000000056962884
Q5078961	6000000172334572677
Q5078962	6000000023729056094
Q5078965	6000000034267083192
Q5078967	6000000027024770143
Q5078970	6000000003055178565
Q5078973	6000000016107078611
Q5078978	6000000012774325438
Q5078983	6000000183588491830
Q5078985	6000000026552219383
Q5078989	6000000001591358079
Q5078991	6000000002188542750
Q5078999	6000000019940933100
Q5079001	6000000032250677783
Q5079018	6000000079438047745
Q5079019	6000000046840624821
Q5079028	5400242064210055379
Q5079032	6000000021953817053
Q5079036	6000000017943569320
Q5079048	6000000048755182100
Q5079065	6000000071885478931
Q5079071	6000000079241003141
Q5079084	6000000051521339245
Q5079089	6000000010103197542
Q5079108	6000000016474340075
Q5079109	6000000008630277780
Q5079112	6000000016473619774
Q5079115	6000000021564137461
Q5079116	6000000066978758020
Q5079119	6000000104552440828
Q5079155	6000000016897506445
Q5079160	6000000016909505435
Q5079164	6000000001548213035
Q5079166	6000000006581589971
Q5079168	6000000009617704080
Q5079175	6000000104044160829
Q5079189	6000000019261361454
Q5079219	6000000008181199294
Q5079229	6000000019619291363
Q5079255	6000000000206473363
Q5079256	6000000017700164068
Q5079257	6000000008033145458
Q5079268	6000000017546896264
Q5079283	6000000019083378805
Q5079290	6000000021567953235
Q5079303	6000000029611352430
Q5079307	6000000018990945157
Q5079323	6000000013247972251
Q5079368	6000000004211995898
Q50793963	6000000037915202196
Q5079401	6000000002464559685
Q5079404	6000000000888676639
Q5079434	6000000084769804381
Q5079441	6000000014279359350
Q5079454	6000000024051983023
Q5079478	6000000014943918068
Q5079495	6000000011870726415
Q5079499	6000000018046063136
Q5079512	6000000013246431720
Q5079515	6000000010381107501
Q5079527	6000000002115881772
Q5079528	6000000023905061334
Q5079531	6000000017252459892
Q5079532	6000000025345034630
Q5079539	6000000014809067196
Q5079548	6000000076750057827
Q5079560	6000000056656156177
Q5079600	6000000053781684928
Q5079605	6000000108196627839
Q5079624	6000000034757903260
Q507964	6000000000307271913
Q5079642	6000000002121594119
Q5079691	6000000001189166131
Q5079700	6000000144164461876
Q5079723	6000000003939587960
Q507973	6000000071115309851
Q5079737	6000000025678716369
Q5079740	6000000025678122500
Q5079742	6000000006442381822
Q5079746	6000000005599025800
Q5079758	6000000013295358773
Q5079764	6000000075686976918
Q5079766	6000000029858465695
Q5079771	6000000018120345068
Q5079785	6000000018953719210
Q5079798	6000000000986015354
Q5079833	6000000007436011775
Q5079893	6000000030138324945
Q5079906	6000000061405566854
Q5079913	6000000055224062845
Q507992	6000000042514463068
Q507993	6000000037216825594
Q5079946	6000000014516059520
Q5079965	6000000014721349719
Q5079968	6000000071618737851
Q507999	6000000028928573386
Q5080033	6000000012804821437
Q50800586	6000000081056853271
Q5080064	6000000150811628838
Q5080067	6000000008579790926
Q5080077	6000000079112532128
Q5080097	6000000016271759953
Q5080112	6000000013520733638
Q50801199	6000000178807137861
Q5080126	6000000128987275905
Q5080139	6000000081000523475
Q5080156	6000000038168653088
Q5080191	6000000023497912376
Q5080193	6000000059807153041
Q5080196	6000000038219129118
Q5080205	6000000019729112095
Q5080208	6000000008507698736
Q5080215	6000000076118463706
Q5080239	6000000175958972867
Q5080247	6000000003938574387
Q5080257	6000000016701154816
Q5080260	6000000023475118238
Q5080266	6000000031305350678
Q5080271	6000000025956850395
Q5080292	6000000012749823606
Q5080304	6000000019898973093
Q5080316	6000000012363843267
Q50803162	295102936450004737
Q5080326	6000000010028675464
Q5080337	6000000021522034526
Q5080338	6000000061372779267
Q50803435	6000000017606296283
Q5080361	6000000016747921137
Q5080378	6000000018678836795
Q50804	6000000039992394270
Q5080404	6000000005005993740
Q5080420	6000000003714091499
Q508043	6000000172219897907
Q50804708	6000000019099788399
Q50804735	6000000032974877600
Q50804757	3937149026290041937
Q50804780	6000000003666583654
Q50804820	6000000016188611983
Q50804821	6000000006128168569
Q50804849	6000000047058694576
Q508049	6000000179641943924
Q50805182	6000000001358351425
Q5080530	6000000015592938834
Q5080542	6000000019000573784
Q5080543	6000000183564064337
Q5080551	6000000026694267574
Q5080565	6000000047291280951
Q5080568	6000000018721557005
Q5080571	6000000021043895709
Q5080586	6000000066653755854
Q5080607	6000000020232239514
Q5080610	6000000013550898366
Q5080622	6000000000197837440
Q5080626	6000000013090875170
Q50806280	6000000049822670939
Q5080630	6000000037469083974
Q5080638	6000000104613878080
Q5080644	6000000001328473278
Q5080647	6000000030897587170
Q50806690	6000000110278520110
Q5080676	6000000063415522821
Q5080681	6000000013266695454
Q5080683	6000000002447377379
Q5080685	6000000002447377371
Q5080686	6000000002447377355
Q5080688	6000000007086814022
Q5080690	6000000183256574823
Q5080707	6000000043198287929
Q5080712	6000000062934734843
Q5080735	6000000031443940027
Q50807393	6000000022796608928
Q50807440	6000000011709877581
Q5080750	4519634
Q5080755	6000000017547288697
Q5080764	6000000018635623884
Q5080771	6000000115823508022
Q50807797	6000000065228426870
Q50807856	6000000002499686301
Q5080790	6000000011601790348
Q5080792	6000000011624330143
Q50808045	6000000086474399888
Q5080817	6000000019477872924
Q5080826	6000000011633227124
Q50808494	6000000022003960830
Q5080850	6000000055956153012
Q5080851	6000000040938167400
Q5080854	6000000012995600594
Q5080855	6000000076325289904
Q5080858	6000000035751982111
Q50808706	6000000174947738264
Q5080876	6000000009392291412
Q5080890	6000000018704098092
Q5080903	6000000008682002835
Q5080914	6000000002776841657
Q5080923	6000000018316679320
Q5080936	6000000014011952623
Q5080952	6000000011399713551
Q5080955	6000000011399572750
Q508096	6000000173898612889
Q5080962	6000000121551619967
Q5080963	3447157
Q5080970	6000000041497149712
Q5080981	6000000019092739641
Q50809825	6000000142889502956
Q5080984	6000000042681751898
Q50810	6000000010860297451
Q5081011	6000000054653483996
Q50810165	6000000025362400386
Q5081022	6000000003872319509
Q5081023	6000000012514319022
Q5081024	6000000015290309134
Q5081027	6000000023360651736
Q5081032	6000000001276908053
Q5081041	6000000013620668112
Q5081048	6000000012646949669
Q5081049	6000000013354558984
Q5081067	6000000027231685898
Q5081069	6000000001503125832
Q5081082	6000000030951625012
Q5081089	6000000070620026168
Q508109	6000000035353372907
Q5081090	6000000144169137863
Q5081091	6000000070621096856
Q5081093	6000000029742834317
Q50810977	6000000006568712339
Q5081102	6000000032352692375
Q5081103	6000000011118034747
Q5081133	6000000002906905030
Q5081134	6000000175763739935
Q5081144	6000000014404524850
Q5081144	6000000069794321861
Q5081145	6000000025002502095
Q5081155	6000000079268058314
Q5081165	6000000008630790191
Q5081169	6000000108001026841
Q5081178	6000000015157155544
Q5081186	6000000009923828332
Q5081205	6000000013053630070
Q5081212	6000000006217699002
Q5081215	6000000020502261949
Q5081231	6000000028581243876
Q5081248	6000000010350089319
Q5081256	6000000009940054439
Q5081258	6000000002188508726
Q5081259	6000000002188508720
Q5081271	6000000040721685433
Q5081277	6000000035398622123
Q5081295	6000000012700971649
Q5081297	6000000016452339024
Q50813	6000000186252005898
Q5081301	6000000044382191074
Q5081302	6000000055276392995
Q5081303	6000000054641341974
Q5081314	6000000025118301254
Q5081315	6000000014844795675
Q5081343	6000000086165492861
Q5081356	6000000028701912102
Q5081364	3063265
Q5081365	6000000001384552936
Q5081375	6000000003937590654
Q5081379	6000000015671553805
Q5081387	6000000047470364154
Q5081390	6000000110790974919
Q5081398	6000000067660248924
Q5081414	6000000074658059217
Q5081415	6000000012430570619
Q5081418	6000000076115290895
Q508144	6000000096704490821
Q5081449	6000000024290138210
Q5081465	6000000004868058074
Q5081467	6000000050507263053
Q5081469	6000000004868944881
Q5081483	6000000039890738624
Q5081504	6000000072996503898
Q5081528	6000000012979137419
Q5081539	6000000005598801043
Q5081540	6000000025542972863
Q5081551	6000000109648542958
Q5081559	6000000016592419213
Q5081569	6000000011204973035
Q5081571	6000000011205176155
Q5081574	6000000000076316514
Q5081579	6000000074711249884
Q5081581	6000000078524335174
Q5081617	335079033660003731
Q5081618	6000000017818421120
Q5081626	6000000000351056927
Q5081627	6000000045144296937
Q5081631	6000000030127870358
Q5081646	6000000022227403909
Q5081649	6000000007698225272
Q5081652	6000000033242273848
Q5081656	6000000009389637544
Q5081658	6000000009389570621
Q5081660	6000000013370320794
Q5081669	6000000000186016931
Q5081706	6000000000587647520
Q5081716	6000000017516359979
Q5081736	6000000001877524137
Q5081742	6000000024022177529
Q5081754	6000000004085662652
Q5081777	4380676298050080101
Q508179	6000000017310625396
Q50818	6000000016018778694
Q5081801	6000000007014458963
Q5081813	6000000012629210304
Q508182	6000000017797334639
Q5081829	6000000003949275192
Q5081836	6000000140313491901
Q5081839	6000000017945877761
Q508187	6000000013702274538
Q5081880	6000000043659008770
Q5081892	6000000171684714456
Q50818941	6000000033909623658
Q5081896	6000000015049998065
Q5081904	6000000002188524360
Q5081906	6000000105253068209
Q5081917	6000000036173688950
Q5081921	6000000080185129222
Q5081946	6000000011824221072
Q5081955	6000000024849012165
Q5081956	6000000021633469664
Q5081969	6000000025542179662
Q5081999	6000000017689350567
Q5082014	6000000014235535633
Q5082019	6000000054251712127
Q508202	6000000011091973117
Q5082024	6000000068931608874
Q50820420	307995589670004368
Q50820465	6000000006589941210
Q50820471	332329261850014975
Q5082050	322671146970004210
Q5082090	6000000005437548065
Q5082094	6000000020289428813
Q5082099	6000000027414108378
Q50821	6000000141950557849
Q5082101	6000000014874657092
Q5082120	6000000065755638821
Q5082123	6000000007235182736
Q5082126	6000000046721828988
Q5082144	6000000033077642959
Q5082148	6000000087897148917
Q50821762	6000000008020781668
Q50821773	6000000024846023459
Q5082181	6000000035173068231
Q50821843	6000000023133743875
Q5082190	6000000013574677829
Q5082191	6000000055983096056
Q5082202	6000000178802191844
Q508221	6000000039404124487
Q5082215	6000000023053265220
Q5082218	6000000029330369184
Q5082226	6000000013029819659
Q5082228	6000000009327281251
Q5082229	6000000009327274288
Q50822434	6000000093577617866
Q5082244	6000000038768053244
Q50822484	6000000006444745813
Q50822509	6000000001593702130
Q5082251	6000000079903187914
Q50822568	6000000006444745801
Q5082259	6000000017705506248
Q508226	6000000012760247218
Q50822616	6000000006370945173
Q508227	6000000057601440957
Q5082276	6000000074676627381
Q5082286	6000000172835400339
Q50822927	6000000023360509139
Q50822944	6000000023360403341
Q50822977	6000000023360280317
Q50823	6000000020798622526
Q5082301	373322596500012036
Q50823030	6000000078217506921
Q5082305	6000000014384681206
Q50823057	6000000023360511226
Q5082306	6000000010181879135
Q50823070	355388866350012243
Q5082311	6000000006602669060
Q5082311	6000000015602177117
Q5082312	6000000031697992377
Q5082313	6000000014898386609
Q5082315	6000000011743972523
Q5082343	6000000010375447933
Q5082371	6000000074130739835
Q5082376	6000000001693215711
Q50823797	6000000165649472844
Q5082394	6000000002188466432
Q50823981	6000000002979822399
Q50823986	6000000005680460368
Q5082402	6000000017250410443
Q50824087	6000000008630269894
Q5082415	6000000014425474390
Q50824162	6000000008630269863
Q5082417	6000000033004997971
Q5082418	6000000033004311443
Q5082419	6000000033004509613
Q5082431	6000000025982913006
Q50824422	6000000010029868594
Q5082443	6000000002187805131
Q50824528	6000000061732964247
Q50824578	6000000002559784100
Q50824612	6000000001504552316
Q50824689	3987976
Q50824692	6000000016899542460
Q50824751	6000000003614185612
Q508248	6000000005965740776
Q5082487	6000000080872068460
Q5082494	6000000024145471998
Q5082500	6000000031815406863
Q5082505	6000000002188477014
Q5082507	6000000000911574358
Q50825106	6000000007587853707
Q50825129	6000000204051764870
Q5082516	6000000041107338873
Q5082516	6000000124492566837
Q5082543	6000000023079576736
Q50825534	5479162742080071838
Q5082557	6000000013598938701
Q5082570	6000000013599283892
Q5082578	6000000083978630467
Q5082601	6000000000284197728
Q5082604	6000000014374795165
Q50826198	6000000008952731542
Q5082624	6000000009345919713
Q5082625	6000000003424806465
Q5082626	6000000002188483633
Q5082631	6000000003424736790
Q5082638	6000000134917580019
Q5082648	6000000017948470698
Q5082664	6000000140017309927
Q5082675	6000000074271080918
Q50826805	6000000000416969724
Q5082682	6000000029010377289
Q5082685	6000000018128370317
Q5082687	6000000022449663057
Q5082690	3929688453430121754
Q50826919	6000000001400189759
Q5082693	6000000015546932729
Q5082705	6000000179778166841
Q5082709	6000000009926947567
Q5082710	6000000009926908870
Q5082711	6000000009927779397
Q5082712	6000000009928348258
Q5082729	6000000003007104656
Q50827291	6000000027538751612
Q50827302	6000000002188458338
Q5082733	6000000000769939601
Q5082737	6000000026186702208
Q5082738	6000000016702533486
Q5082750	6000000026818072930
Q50827645	6000000033694355260
Q5082770	6000000002351167319
Q5082782	4091101346990073618
Q5082783	6000000184851862824
Q5082784	6000000069049012004
Q5082788	6000000003468512205
Q50827904	6000000011061967345
Q50827931	6000000011061959287
Q50827938	6000000011061484809
Q5082814	6000000019470384139
Q5082818	6000000018213951342
Q50828389	6000000002765668957
Q5082844	6000000011692527832
Q5082845	6000000011692584341
Q5082846	6000000001877534621
Q5082847	6000000127540868984
Q508285	6000000019721019106
Q5082852	6000000171793033200
Q50828644	6000000006559181670
Q50828654	6000000020746262726
Q50828782	6000000028522664342
Q50828802	6000000038889380974
Q5082888	6000000007482855638
Q5082890	6000000084444339305
Q5082898	6000000023145792097
Q5082918	6000000053981027907
Q5082943	6000000018062096735
Q5082957	6000000015114570654
Q5082959	6000000002586607522
Q5082960	6000000015732719301
Q5082966	6000000046064089065
Q5082969	6000000019117212390
Q5082979	6000000027155590214
Q5082982	6000000013125997744
Q5082983	6000000013126088611
Q5082985	6000000003216137253
Q5083009	6000000040990599112
Q5083011	6000000015755617179
Q5083016	6000000013521615176
Q5083023	6000000003424984053
Q5083024	6000000009677927693
Q5083036	6000000005956491332
Q5083041	6000000011992215261
Q5083045	6000000010157347247
Q5083046	6000000056435138916
Q508305	6000000039286745482
Q5083058	6000000033114735192
Q5083062	6000000016466930693
Q5083075	6000000098973919765
Q5083082	6000000043579640033
Q5083119	6000000018271252356
Q5083121	6000000009934488385
Q5083127	6000000015971200899
Q5083128	6000000043358799084
Q5083132	6000000011032937217
Q5083146	6000000013522678564
Q5083149	4363715489210020695
Q5083155	6000000006811653320
Q5083158	6000000035369739388
Q5083166	6000000017436682792
Q5083208	6000000004154090822
Q508323	2186540
Q5083234	6000000048253177924
Q5083238	4994690904880134477
Q5083241	6000000011122949189
Q508325	6000000008538777761
Q508327	6000000010028822667
Q5083284	6000000032928434431
Q5083288	6000000043180545464
Q508329	6000000014608273273
Q5083303	6000000080063680831
Q5083342	6000000042946189372
Q50833651	6000000008353939642
Q5083370	6000000035815246711
Q508338	6000000136843631871
Q508341	6000000016943587823
Q5083421	6000000176500410829
Q5083429	6000000077454252821
Q5083442	6000000079103719525
Q5083445	6000000009979873254
Q5083446	6000000006240639737
Q5083459	6000000059113582732
Q5083472	6000000016810967319
Q5083474	6000000040574198079
Q5083483	6000000011214159597
Q5083509	6000000013382015531
Q5083513	6000000043440933944
Q5083520	6000000057047553877
Q5083524	6000000010925786015
Q5083527	6000000014927588218
Q5083537	6000000013029778922
Q508354	6000000000515215514
Q5083543	6000000034904553976
Q5083545	6000000114813844027
Q5083546	6000000013940353406
Q5083550	6000000069753072512
Q5083552	6000000081053093916
Q5083553	6000000063642861829
Q5083568	6000000045043303092
Q5083589	6000000009838253003
Q5083590	6000000028473875946
Q5083610	6000000002779286414
Q5083617	6000000030194704726
Q5083625	6000000009655030621
Q5083626	6000000009654676984
Q508363	6000000019482009121
Q5083650	6000000015321120100
Q508366	6000000012334729359
Q5083664	6000000009527008795
Q5083670	6000000039491202336
Q5083676	6000000023540719869
Q5083678	6000000026258515502
Q5083684	6000000005749525716
Q5083703	6000000041473045229
Q5083718	6000000014147860002
Q5083719	6000000003341575865
Q508373	6000000026244740540
Q5083737	6000000002809534169
Q5083742	6000000010298792535
Q5083743	6000000007393791758
Q5083746	6000000099561814823
Q50837523	6000000014311827250
Q5083763	6000000141078604929
Q5083769	6000000011225725455
Q5083776	6000000010241094230
Q5083785	6000000093928470921
Q50838	6000000046711894025
Q508392	6000000013567693274
Q5083979	6000000007160230223
Q5083989	6000000001460712740
Q50839939	6000000003580314981
Q5084007	6000000000628797566
Q50840131	6000000087020461867
Q5084022	6000000011846605700
Q50840262	6000000091253940075
Q5084032	6000000007026952012
Q5084033	6000000007026680043
Q5084034	6000000003217931944
Q5084035	6000000022917545476
Q5084037	6000000016698549929
Q5084044	6000000036579949436
Q5084058	6000000035162405574
Q5084065	6000000017287564743
Q50841191	6000000121151166956
Q50841310	6000000014897571717
Q508415	6000000014361341054
Q50841621	6000000038279553878
Q50841624	6000000038279404026
Q50841730	4393969
Q50841748	6000000014897563270
Q508421	6000000000311878119
Q508428	6000000013494542639
Q50843199	6000000022921758194
Q50843204	6000000023840526257
Q50843226	6000000045809532881
Q5084336	6000000026297860767
Q5084355	6000000028991695967
Q508439	6000000008419664748
Q50843970	6000000032376469521
Q50844875	6000000015665037248
Q5084501	6000000021668107489
Q50845296	6000000080269113870
Q5084562	6000000090341914924
Q508460	5260912612700045491
Q50846473	6000000032376441656
Q508473	6000000004559679711
Q50847312	6000000018668852791
Q50847340	6000000006602617410
Q5084772	6000000169832135831
Q50848188	6000000005598904952
Q50848258	6000000003655746433
Q5084870	6000000000529066927
Q5084926	6000000020172136664
Q5085019	6000000023994578952
Q5085033	6000000092302718949
Q5085096	6000000050044493923
Q50851871	6000000029605928437
Q50852136	6000000020205355851
Q508525	6000000006972162289
Q50853406	6000000008443225896
Q50854397	6000000074321180903
Q50855442	4366089571110034039
Q5085624	6000000178980285861
Q50857060	6000000087005199856
Q5085795	6000000001721276119
Q5085835	6000000016897206264
Q5085873	6000000010790520004
Q508588	6000000007060096650
Q5085921	6000000006975541475
Q5085936	6000000002188508533
Q5085940	6000000001900389779
Q5085957	6000000056451530076
Q5085976	6000000010794242542
Q5086008	6000000007403487409
Q5086049	6000000002188517422
Q5086057	6000000058021996027
Q5086093	6000000001607689320
Q5086119	6000000071573780866
Q5086135	6000000020252902414
Q5086138	6000000015628736940
Q5086150	6000000007329565062
Q5086156	6000000002188508605
Q5086164	6000000084841434831
Q50861692	6000000076903459709
Q5086189	6000000003197525642
Q5086206	6000000015892212793
Q5086208	6000000010049758029
Q5086211	6000000002765016596
Q5086223	6000000002802172122
Q50863032	6000000136971066142
Q5086341	6000000120310612821
Q5086343	6000000034667679520
Q508646	6000000002700730160
Q508648	5090785799070043757
Q5086483	6000000010264392083
Q5086489	6000000002341832946
Q5086496	6000000143301898828
Q5086508	6000000014887395410
Q50865284	6000000014587191832
Q50865652	6000000012376730448
Q50866318	6000000020435813609
Q50867519	6000000018155446805
Q50868508	6000000008630274961
Q50868795	6000000017669367006
Q50868901	6000000017669212055
Q50869071	6000000011204996205
Q508704	349653936780011701
Q5087173	6000000017100252039
Q5087183	6000000087597276884
Q508722	6000000009189552426
Q508738	6000000099953401822
Q508739	6000000037784096928
Q50874765	6000000177199995838
Q5087502	6000000011688375872
Q508752	4358234
Q50875284	6000000045486593911
Q50876942	6000000037997123038
Q508770	6000000212669518830
Q50877560	6000000072410033874
Q5087770	6000000103883527105
Q508799	6000000008106521503
Q508802	6000000028630493835
Q5088204	6000000003221236788
Q5088206	6000000014408271823
Q5088222	6000000011139957042
Q5088223	6000000023724390362
Q5088226	6000000023724679971
Q508823	6000000030621551066
Q5088232	6000000003978487850
Q5088237	6000000000440089157
Q5088246	6000000006719340617
Q5088252	6000000055626242059
Q5088270	6000000106226950904
Q5088291	6000000026616561907
Q508831	6000000157686199879
Q50883343	6000000031907800833
Q50883365	6000000055714410962
Q508834	6000000030194084538
Q508843	6000000011914216348
Q508848	6000000004869028931
Q508858	6000000036841644458
Q508860	6000000178596180925
Q50886112	6000000124676601010
Q508875	6000000130446456966
Q508891	6000000015721780729
Q508893	6000000024807482460
Q508904	6000000176879378833
Q508925	6000000023841790875
Q50893	6000000094213258826
Q508938	6000000083479743851
Q508939	6000000100808380837
Q508953	6000000014540285934
Q50896	6000000068431277934
Q508990	6000000019137655607
Q5090122	6000000058462972986
Q509026	6000000182855295831
Q509027	6000000008521766377
Q509060	6000000002115911400
Q5090848	6000000075484822892
Q509093	6000000016363471016
Q5090969	6000000074738235849
Q5090970	6000000074745345277
Q5091032	6000000017360688025
Q509112	6000000022863107397
Q5091179	6000000019821390895
Q50912559	6000000010917094050
Q509130	6000000181922882824
Q50914856	6000000048153432131
Q50916659	6000000018963480767
Q50916821	6000000017585278743
Q50917308	6000000009359820213
Q50917825	6000000017585278749
Q50918145	6000000078342814838
Q50918392	6000000017585664862
Q50918866	6000000187891404828
Q5091957	6000000001108802331
Q509216	6000000004220596426
Q50922	6000000000632012030
Q509225	6000000003872258815
Q5092338	6000000010248994747
Q509239	6000000069637792996
Q5092409	367806423600002188
Q50925361	6000000007245446604
Q50926	6000000003232532897
Q509262	6000000047377763064
Q509290	6000000038533837543
Q509314	6000000184405249853
Q50931409	6000000048518167834
Q50932960	6000000037917403643
Q5093451	6000000030949694486
Q509346	6000000008230819945
Q5093474	6000000070079551096
Q5093534	6000000006082805099
Q5093582	6000000015509944015
Q5093586	6000000024375787409
Q5093589	6000000046076114940
Q509360	6000000075504195861
Q5093605	6000000056013257926
Q5093626	6000000039157678042
Q5093646	6000000014338153788
Q5093672	6000000014033901081
Q5093679	6000000024473799132
Q509369	6000000062452500246
Q5093719	6000000024420353403
Q5093769	6000000008501594435
Q5093769	6000000091608885048
Q50938098	6000000003873261038
Q509426	6000000039284155899
Q50942950	6000000017973875531
Q5094352	6000000014931210549
Q509441	6000000015361458477
Q5094569	6000000013618766827
Q509461	6000000008933956490
Q50950987	6000000030410828469
Q5095185	6000000012827219470
Q5095186	6000000012827213391
Q5095188	6000000012827084697
Q5095210	6000000012952549297
Q509525	6000000163226183822
Q509531	6000000002895554362
Q5095375	4467179159600082028
Q509538	6000000001167254774
Q5095559	6000000004154843205
Q509570	6000000015915753233
Q509574	6000000006727778573
Q5095996	6000000024329981869
Q5095997	6000000024329562893
Q5095998	6000000029594861909
Q5096085	6000000174663907037
Q5096087	6000000036395295354
Q5096140	6000000018513271119
Q5096160	6000000135636483869
Q5096162	6000000022178731438
Q5096420	6000000007012991313
Q509643	6000000002213706414
Q509644	6000000028561815123
Q509660	6000000023773581362
Q5096614	6000000006763230385
Q509669	6000000032986792967
Q509671	6000000022553601258
Q509674	6000000136627464821
Q5096879	6000000083045817172
Q5096943	6000000002940812258
Q5097101	6000000006847083746
Q509734	6000000080704512967
Q509742	6000000014505706535
Q50975599	6000000176692394843
Q50975776	6000000053001738907
Q50975823	6000000174124029995
Q50976340	6000000007320786206
Q509792	6000000003438374795
Q5097950	6000000179252413824
Q50980693	6000000016838089463
Q50984	6000000002188458284
Q509844	6000000040375423087
Q50984830	6000000075418353868
Q50985977	6000000005564285240
Q5098611	6000000042349809685
Q509870	6000000048898664968
Q509877	6000000044017939951
Q509891	6000000079036211593
Q509904	6000000035513897207
Q509922	6000000042832402976
Q50993	6000000003219746232
Q5099303	6000000057519530922
Q50994140	6000000001843200280
Q50994317	6000000198970201880
Q50995551	6000000190137585829
Q509957	6000000183615534824
Q50995829	6000000024875522270
Q5099598	6000000034433828496
Q50997085	6000000016793293395
Q509971	6000000018380163542
Q50997212	6000000024227889001
Q509974	6000000026937334172
Q509977	6000000001357052379
Q50998	4308141486140069539
Q509982	6000000143316376012
Q50998360	6000000113739528893
Q50998872	6000000018576717591
Q51000	6000000019664175125
Q51000258	6000000011206365937
Q51000480	6000000003493744306
Q510009	6000000178398086856
Q51002105	6000000016473254570
Q510061	6000000007328160532
Q51007	6000000000307244864
Q51007746	6000000030257041868
Q5100988	6000000020397540898
Q510156	6000000024222269824
Q5101590	325709603440005745
Q51018781	6000000124451946854
Q51019	6000000014189611734
Q510200	3476220
Q5102159	6000000004079698029
Q51023	6000000005385018025
Q5102318	6000000120347327900
Q51023663	6000000181095662834
Q51025868	6000000134088942876
Q51025918	6000000005070132201
Q51027227	6000000182775450822
Q51028	6000000001504298716
Q510281	6000000015212193513
Q510294	6000000015998140993
Q510306	6000000004401962692
Q510320	6000000017452312058
Q510334	6000000014712237487
Q5103349	6000000049906422851
Q510336	6000000002188450078
Q510338	6000000225040375248
Q510352	6000000010686669433
Q510363	6000000000319901261
Q51036642	6000000016521893325
Q51037488	6000000073734134222
Q5103770	6000000003526261500
Q510386	6000000030213106109
Q5104	6000000071113400151
Q51040	6000000084018084937
Q510424	6000000012408258479
Q510435	6000000029658080629
Q510439	6000000028485499160
Q51043991	6000000175288920201
Q51044034	6000000178013610822
Q510443	6000000073745887902
Q5104673	6000000003869591534
Q510475	6000000031784562821
Q510479	6000000017796666050
Q51048109	6000000013095309205
Q51048511	6000000147891184833
Q510497	6000000015138982727
Q51049900	6000000022219648933
Q5105	6000000002743345797
Q510507	6000000018702159508
Q51051341	365416641760004575
Q51051371	6000000002554810401
Q51051408	6000000011646813170
Q51051522	6000000035439649477
Q510522	4485451142390032155
Q51052665	6000000019201829732
Q5105304	324710701620004570
Q510539	6000000113099466863
Q51054665	6000000007864700538
Q51056	5319372978170089688
Q5105604	6000000000134054098
Q51056171	6000000008897992394
Q5105638	6000000013855450840
Q510566	6000000016092549189
Q5105669	6000000099022597902
Q510583	6000000013630704161
Q5105991	6000000166211146822
Q510601	6000000040358230833
Q510605	6000000013631499456
Q5106097	6000000014874747989
Q51063000	6000000172740504873
Q5106473	6000000017896697727
Q5106645	6000000174407152948
Q51068	6000000002244407514
Q5106858	6000000007335983513
Q5106890	6000000190973527831
Q5106929	6000000035569450865
Q51071122	6000000030001412137
Q510712	6000000009286451385
Q510713	6000000143300217822
Q510721	6000000019149875018
Q510725	6000000016324282158
Q510753	6000000016530501056
Q510754	6000000006365445405
Q51076333	6000000008642216039
Q510764	6000000015408653728
Q5107670	6000000020292170473
Q51077198	6000000104308733836
Q5107724	6000000091636154919
Q51077294	6000000026656812870
Q51077298	6000000026654205085
Q51077379	6000000017719536868
Q510776	6000000013635803131
Q5107803	6000000041368078179
Q51078083	6000000019937581635
Q51078085	6000000023103206148
Q51078331	6000000013187722025
Q51078737	6000000045342556826
Q51078885	6000000044225828573
Q51078950	6000000005747009225
Q5107896	6000000062650915828
Q5107961	6000000055268675961
Q5107973	6000000041367666678
Q51080358	6000000071275945010
Q51080360	6000000008220683803
Q51080362	6000000022420401487
Q5108148	6000000131759345855
Q51082316	6000000004649895161
Q51082456	6000000044880804898
Q5108355	6000000122020802089
Q51084125	6000000018881399759
Q510848	6000000050325524829
Q5108579	6000000115315246157
Q510858	6000000009468602515
Q5108625	6000000040392231533
Q510874	6000000008364422623
Q51088	6000000176417901823
Q5108925	6000000055620469242
Q510898	6000000069941113837
Q5109149	6000000011570532763
Q5109151	6000000009580986818
Q5109156	6000000013935369277
Q5109158	6000000013093190543
Q5109159	6000000002527827014
Q5109162	6000000011219072627
Q5109246	6000000009806255357
Q5109250	6000000013473058228
Q5109270	6000000018369369633
Q5109271	6000000015897007779
Q5109272	6000000013908503698
Q5109279	6000000004155209101
Q510928	6000000112501896053
Q5109282	6000000006957160107
Q5109328	6000000039893017815
Q5109344	6000000043905405859
Q51093870	6000000025664096817
Q51093974	6000000053642487670
Q51094	6000000185011170962
Q5109411	6000000037335444230
Q5109420	6000000074069854920
Q5109442	6000000008569806952
Q510955	6000000017460802463
Q5109595	6000000110235121899
Q5109616	6000000006795307793
Q5109619	6000000008330463423
Q5109622	6000000012695465804
Q5109635	6000000013036518429
Q5109636	6000000014945209054
Q5109643	6000000036894873128
Q5109666	6000000011431712770
Q5109667	6000000040946268185
Q5109670	6000000008354273139
Q5109680	6000000008917920396
Q5109725	6000000068891559094
Q510973	6000000067446591822
Q5109742	6000000005599019415
Q5109760	6000000000185578681
Q5109786	6000000073519276850
Q5109800	6000000001660344888
Q5109803	6000000003404878926
Q5109835	5663376166830131776
Q51098401	6000000085414644860
Q5109864	6000000009647241471
Q5109890	6000000000512728174
Q5109906	6000000019498180718
Q5109963	6000000044101167154
Q511003	6000000005013998989
Q5110091	6000000007278015075
Q5110113	6000000000637332045
Q5110156	6000000012469508366
Q5110168	6000000011504897946
Q5110169	6000000101829572867
Q5110192	6000000066940188973
Q5110207	6000000021351821122
Q5110219	6000000019028192332
Q5110234	6000000178797436856
Q5110268	6000000003954663678
Q5110272	6000000010505982221
Q51103254	6000000007390820687
Q51103372	6000000007390861579
Q51103562	6000000007391280267
Q51103801	6000000018004067046
Q5110456	6000000036967931086
Q511046	6000000002872163011
Q5110660	6000000122626936902
Q5110699	6000000034945950049
Q5110713	6000000035583233826
Q5110738	6000000002540317908
Q5110746	6000000188512887897
Q5110829	6000000039305268207
Q5110867	6000000063012408912
Q511089	6000000008078219814
Q5110906	5261046640890066861
Q5110936	6000000153013690850
Q5111186	6000000005655801038
Q5111202	6000000027311903690
Q5111204	6000000020343256442
Q51114	6000000015863233101
Q511155	6000000042307719634
Q511155	6000000205281145903
Q511163	6000000010377157744
Q5111646	6000000022143865379
Q5111652	6000000016417080397
Q5111660	6000000014380120300
Q5111702	6000000019208084387
Q5111719	6000000024310297584
Q51117438	6000000006102411801
Q5111840	6000000011846404558
Q5111893	6000000076201128848
Q5111910	6000000088400955211
Q5111912	6000000028521829927
Q5111933	6000000010371736508
Q51119399	6000000006233886497
Q5111948	6000000016465996835
Q5111958	6000000017155430032
Q5111962	6000000001503691852
Q5111965	6000000010911549201
Q5111966	6000000017268529776
Q5111979	6000000005794368178
Q51119817	6000000057043301894
Q51119852	6000000176825715943
Q51119886	6000000024275682978
Q51119899	6000000070311099047
Q5112011	6000000014419283366
Q5112028	6000000010016652505
Q5112037	6000000028521811497
Q51120382	6000000174306150250
Q511206	6000000000702222002
Q5112061	6000000024280792448
Q5112102	6000000003603865622
Q511212	4179362422040074229
Q5112126	6000000011833280496
Q511215	6000000007288221848
Q5112159	6000000026055674027
Q5112163	6000000054748046851
Q5112179	6000000013694353996
Q5112197	6000000008379514065
Q51122166	6000000019734617553
Q5112222	6000000078142998094
Q5112224	6000000035008552879
Q5112284	6000000020933571410
Q5112297	6000000014579930309
Q51123	6000000004594579922
Q511231	6000000181100374841
Q5112318	6000000017872501088
Q5112370	6000000005793497384
Q5112377	305146719100006460
Q5112380	6000000000321416653
Q5112385	6000000017669530351
Q5112408	6000000008630287582
Q5112432	6000000017186805667
Q5112475	6000000020560541515
Q5112479	6000000014202211300
Q5112503	6000000020410249839
Q5112504	6000000016702318382
Q51125176	6000000012849459499
Q5112519	6000000032956738434
Q5112525	6000000001713404003
Q5112558	6000000000437747448
Q51125601	6000000013569130768
Q5112561	6000000005599009234
Q5112587	6000000084790284294
Q5112590	6000000001877508069
Q51126007	6000000070309674482
Q51127	6000000013734713402
Q5112713	6000000007602186817
Q5112731	6000000003132950605
Q511274	6000000110191073821
Q5112744	6000000016504565958
Q51127456	6000000007176768405
Q5112760	6000000001180254098
Q5112765	6000000011467051590
Q51127823	6000000022848479838
Q5112791	293379524900006903
Q5112795	6000000011385073299
Q51127986	6000000092221498821
Q51127994	6000000025616598363
Q51128110	6000000004096895234
Q5112823	6000000095720282950
Q51129	6000000106033894842
Q5112902	6000000016184004325
Q5112908	6000000122866375823
Q5112972	6000000021318759685
Q51130390	6000000050576944000
Q5113040	6000000068677332214
Q5113051	6000000015101453138
Q51130587	6000000079728475281
Q51130606	6000000025900553897
Q51131	6000000006599991144
Q5113115	6000000028746292928
Q5113118	6000000000402242801
Q511313	6000000038216440367
Q5113132	6000000030631951880
Q5113133	6000000024657525341
Q5113192	6000000013041393568
Q5113192	6000000086077245862
Q5113219	6000000010031415256
Q51132382	6000000051845242088
Q5113242	6000000013015328503
Q5113271	6000000023995242479
Q5113280	6000000182214854868
Q5113284	6000000156772304834
Q51133	6000000010681423829
Q5113306	6000000037015397999
Q5113307	6000000025703209551
Q51133511	6000000184731968841
Q51133515	6000000042851157996
Q5113352	6000000027634509530
Q5113358	6000000012843209671
Q5113360	6000000012845528494
Q5113362	6000000002181714803
Q5113380	6000000030130050684
Q5113428	6000000022670240733
Q51134295	6000000007375734239
Q5113432	6000000041646057165
Q5113440	6000000006444220607
Q5113448	6000000041475929224
Q5113460	6000000004963178631
Q5113463	6000000033415995293
Q5113465	6000000008923977441
Q5113482	6000000076933079409
Q5113497	6000000006128274017
Q51136793	6000000007059654450
Q51137	6000000137558007891
Q51137932	6000000043228371308
Q51138505	6000000048105147947
Q511386	6000000006589224606
Q511399	6000000133073952829
Q511400	317192327220002157
Q511400	6000000017668153262
Q511418	6000000135127011826
Q511424	6000000000016049117
Q511430	6000000021822686596
Q511467	6000000009170570763
Q511471	6000000000122704000
Q511483	6000000009544160291
Q511484	6000000046143004823
Q511512	6000000071393504173
Q511513	6000000012429088242
Q511520	6000000141006024934
Q511532	6000000166579315841
Q51154216	6000000122575480874
Q51154220	6000000068237778843
Q5115455	6000000030553908251
Q5115517	6000000028064979161
Q511554	6000000076945665299
Q5115574	6000000078484318124
Q5115597	6000000068495819863
Q51156700	6000000024175723216
Q51157518	6000000017253876074
Q51157554	6000000057056170909
Q511581	6000000024050502143
Q5115839	6000000070871500246
Q5115901	6000000028686802577
Q51162037	6000000028521904340
Q511635	6000000059254307847
Q51167689	6000000018277730631
Q51167777	6000000012479058724
Q51167819	6000000012478999701
Q51167858	6000000032171085258
Q51167880	6000000012478947173
Q51168211	6000000149885563821
Q511736	6000000000784436068
Q51174945	6000000024892406829
Q51174964	6000000008965021323
Q51175587	967964
Q511775	6000000019106431122
Q511777	6000000048641572875
Q51180294	6000000002188510750
Q5118198	6000000038773470950
Q5118317	6000000158629422822
Q511832	6000000054078323945
Q51184	6000000156871718232
Q51186	6000000084832330206
Q511869	6000000000307258068
Q51187097	6000000035108452722
Q51187277	6000000035108727392
Q511873	6000000039038386146
Q51189	6000000084834090834
Q511926	6000000002447374359
Q5119350	6000000003615716386
Q5119365	6000000027341428633
Q511946	6000000039429496629
Q5119489	6000000027820239031
Q511984	6000000008498629717
Q512	6000000165977714980
Q51200099	6000000023935341115
Q512006	6000000096184825903
Q512008	6000000027819046136
Q5120224	6000000109705251841
Q51204475	6000000013708371435
Q51205	6000000195640749866
Q5120507	6000000052221692850
Q5120536	6000000119106908901
Q512067	1663015
Q5120676	6000000052221669878
Q512071	6000000036842548108
Q512072	6000000002188496271
Q51207938	6000000032562947879
Q51211004	6000000016974106652
Q51211509	6000000020324930960
Q51211514	6000000016636547117
Q512118	6000000009266038387
Q5121310	6000000010148358011
Q512143	6000000020958230209
Q51215	6000000108545831042
Q51217	6000000223188194827
Q512183	6000000153591231891
Q5121903	6000000123729357972
Q51219621	6000000013493004680
Q51221	6000000174725436647
Q512218	6000000040490137861
Q51222323	6000000175651031825
Q51222471	6000000057920857856
Q5122270	6000000076970143779
Q512248	6000000034608593755
Q51227262	6000000020182428795
Q51228136	6000000020182218271
Q512309	6000000004293223321
Q51231	6000000015776069462
Q51233	6000000040507910458
Q512330	6000000045226717850
Q5124115	6000000024102441251
Q512434	6000000004988635174
Q51245856	6000000014120814218
Q512460	6000000151272197821
Q512490	6000000003573459400
Q5124973	6000000006787682740
Q5124993	6000000083267360182
Q5125016	328153368140006969
Q5125020	6000000029686742882
Q5125060	6000000008797207254
Q512509	6000000008745842778
Q5125110	6000000177160938865
Q5125137	6000000006918355049
Q5125148	6000000012365269050
Q5125177	6000000159559356821
Q5125195	6000000183516596824
Q512521	6000000000794772304
Q5125219	6000000024465829896
Q5125253	6000000091509853869
Q5125265	6000000057650802824
Q5125282	6000000013534701454
Q5125287	6000000038265772010
Q512532	6000000137847637843
Q5125357	2782598
Q512537	6000000042515667131
Q512551	6000000019883937061
Q51256476	6000000024558142969
Q512574	6000000002577886299
Q5125744	6000000003603571910
Q51257567	6000000035892836986
Q512577	6000000077321165289
Q5125947	6000000019954634365
Q512596	6000000028337332404
Q5125968	6000000003123075882
Q5125975	5434154646120125355
Q5125979	6000000025902525290
Q5125995	6000000033502038261
Q5126004	4225013
Q5126007	6000000095135781821
Q5126014	6000000029390781488
Q5126055	6000000005425311692
Q5126117	6000000001959742698
Q5126122	6000000001383051049
Q512613	6000000000260914816
Q5126158	6000000015518468683
Q5126162	6000000036217296058
Q5126195	6000000053262129833
Q512622	6000000039258394071
Q512627	6000000040564396030
Q51262989	6000000027686111129
Q5126364	6000000001959742647
Q5126388	6000000032607783163
Q5126398	6000000025502113478
Q5126408	5560437135660137369
Q5126424	6000000009606867453
Q5126454	6000000052360507009
Q5126457	6000000002801638633
Q5126469	377235266610013702
Q5126473	6000000015819011230
Q5126474	6000000079293486921
Q512648	6000000038858547928
Q5126480	6000000002911124118
Q5126506	6000000076178377030
Q5126521	6000000056341415905
Q5126530	6000000031055429298
Q5126541	6000000111175123107
Q5126572	6000000003448556109
Q5126597	6000000013684110060
Q5126603	6000000074076613923
Q5126613	6000000009968609456
Q5126638	6000000027295446844
Q5126644	6000000039103417033
Q5126650	6000000037086893116
Q5126651	6000000037086282884
Q5126654	6000000013425085938
Q5126677	6000000064115292845
Q5126688	6000000028932725673
Q512669	6000000007357420282
Q5126789	6000000016773947353
Q5126801	6000000008679989185
Q512692	6000000014306980440
Q5126966	6000000130277779966
Q51270870	6000000012961099384
Q5127154	6000000024352863536
Q51271707	6000000019735263125
Q51271713	6000000007839392365
Q51272173	6000000026653688611
Q5127248	6000000016408308642
Q512725	6000000061751927821
Q5127280	6000000017080355560
Q51273039	6000000017672192532
Q512738	6000000223339088856
Q51274129	6000000014980095473
Q51274244	6000000019735045514
Q512745	6000000012724538269
Q51276227	6000000019732732181
Q5127638	6000000017476938994
Q512764	6000000030815351735
Q51277581	6000000007778177526
Q51277978	6000000075123685856
Q512785	6000000017055223022
Q51279120	6000000023210961244
Q512800	4789984474940024243
Q51280449	6000000013488510013
Q512818	6000000093182452823
Q512842	6000000003960189744
Q512847	6000000094202511972
Q51284746	6000000022484161925
Q512862	6000000011769274996
Q5128621	6000000009616121108
Q5128634	6000000018847711857
Q5128637	6000000005761501441
Q5128641	6000000018529193928
Q5128644	6000000026600800363
Q51286478	6000000051953962012
Q51286557	6000000005780902005
Q5128671	6000000090919653853
Q5128674	6000000015695443600
Q5128759	6000000043082301515
Q512882	6000000015761124687
Q5128827	6000000177450313830
Q512883	6000000002513914809
Q5128874	6000000155923650838
Q5128968	6000000024504106519
Q5128970	6000000039770568914
Q5128981	6000000096151703355
Q5128982	6000000031068543947
Q5128983	6000000152638132843
Q5128988	6000000036440601982
Q5129087	5260321163000100109
Q5129152	6000000025081936861
Q5129154	334407081940013551
Q5129155	6000000065062956910
Q5129210	6000000041003466044
Q5129225	6000000018916701731
Q5129263	6000000051693458887
Q5129409	6000000087155521893
Q5129467	6000000031344465966
Q5129468	6000000017063132127
Q5129478	6000000013601419205
Q512948	6000000081750501823
Q5129504	6000000018231086252
Q5129524	6000000014592255756
Q5129530	6000000006596223815
Q512957	6000000030263650821
Q512978	6000000092310154874
Q5129834	6000000014874546765
Q5129850	6000000002773915946
Q5129883	6000000043233383830
Q5129947	6000000056429459894
Q513009	6000000005395246473
Q5130293	6000000011809284431
Q5130333	6000000047933729885
Q513043	6000000040382555948
Q51306463	6000000003957254268
Q513075	6000000178518664857
Q51308105	6000000031672892910
Q513091	6000000010181542223
Q51311280	6000000010655008658
Q5131134	6000000079448098202
Q5131153	6000000044184320518
Q5131173	6000000075124699865
Q5131183	6000000055865003203
Q5131248	6000000058189581827
Q5131272	6000000002729440401
Q5131289	6000000012607008208
Q51312990	6000000044350097043
Q513130	5173032609270112166
Q5131302	6000000024032213861
Q5131311	6000000103223058494
Q5131316	6000000012696455201
Q5131317	6000000156787412878
Q5131327	6000000013104022918
Q5131329	6000000069597449833
Q5131335	6000000144749232878
Q5131341	6000000032992216662
Q5131359	6000000002666032074
Q5131365	6000000010038332231
Q5131372	6000000026815081810
Q5131379	6000000040200460570
Q5131414	6000000119343556980
Q5131420	6000000000426799941
Q5131429	6000000024479229261
Q5131431	6000000000113300173
Q5131433	6000000001744942457
Q5131436	6000000010792876478
Q5131446	6000000034507811168
Q5131485	6000000005761409075
Q5131519	6000000026284009638
Q51315259	6000000024860554234
Q513157	6000000078762719390
Q51315765	4821140523030042818
Q513159	6000000000160924535
Q5131602	6000000002624908912
Q51316575	6000000036331589188
Q513167	6000000028258078980
Q513169	6000000055482632571
Q513185	6000000019165548982
Q51319363	6000000034717910030
Q51319384	6000000044025971372
Q51319489	6000000044026752120
Q5131954	6000000053270375061
Q5131965	6000000049921694956
Q5131974	6000000013239144760
Q5132000	6000000010909305238
Q5132050	6000000018019851280
Q51320817	6000000127461535955
Q513212	6000000075888801821
Q5132161	6000000019482043989
Q51323968	6000000134941654846
Q513243	6000000029783774134
Q51324971	6000000000352476949
Q51325049	6000000014290145099
Q5132544	6000000036395850378
Q5132564	6000000076481800856
Q5132588	6000000033474781383
Q51326178	6000000009793907816
Q51326916	6000000115188374092
Q51327661	6000000018192036339
Q5132795	6000000099908591834
Q513285	6000000079228026841
Q5132853	6000000015249824284
Q5132854	6000000032958604818
Q5132855	6000000007068979055
Q5132901	6000000012677332436
Q5132904	6000000002551200575
Q5132905	6000000075415984119
Q513298	6000000013230100053
Q5132985	6000000028607779166
Q51330	6000000027900181030
Q5133005	6000000007642495859
Q51330064	6000000011460167654
Q5133008	6000000106658895950
Q5133042	6000000039866333754
Q5133120	6000000014064131640
Q513320	6000000152597724830
Q5133200	6000000003447895546
Q5133272	6000000042307387949
Q5133273	6000000175303096033
Q513329	6000000016092669079
Q51334981	6000000007311112596
Q51336936	6000000032372724303
Q513371	6000000046509768895
Q51337408	6000000109753864848
Q51337753	6000000029881787263
Q51337916	6000000054123512838
Q51338315	6000000030689536322
Q51338717	6000000002325829253
Q51339089	332333150220011933
Q5133913	6000000181066114831
Q513394	6000000028374098794
Q5134068	6000000012696928411
Q51340826	6000000013656478183
Q5134103	6000000012834018472
Q5134121	6000000012677174364
Q5134174	6000000014458710774
Q5134175	6000000035525397007
Q5134220	6000000005755579159
Q51343922	6000000009162067991
Q51343949	6000000003298994062
Q5134482	6000000013014094358
Q5134501	6000000055895434860
Q5134571	6000000052430414986
Q5134603	6000000040163778900
Q51346626	6000000012912023357
Q5134701	6000000014413109466
Q513476	6000000033372621635
Q513514	6000000010523007464
Q51354378	6000000012357975850
Q51355073	6000000003791163714
Q5135594	6000000004881711079
Q513582	6000000144818305822
Q51359138	6000000181551855821
Q513593	6000000021504648638
Q51359540	6000000181548851831
Q5135989	6000000030291066652
Q5136052	6000000003399799450
Q5136053	6000000179752357866
Q513641	6000000005920782401
Q513644	6000000081840781459
Q51366638	6000000007538651852
Q5136754	6000000036150791840
Q513677	6000000042892849821
Q5136861	6000000015732759299
Q5136872	6000000037699885434
Q5136874	6000000008300038584
Q5136879	6000000179036221842
Q5136909	6000000022988529421
Q5136915	6000000172833979135
Q5136920	6000000130773384000
Q5136928	6000000036880399554
Q5136994	6000000014409235488
Q5137041	6000000044609617883
Q5137092	6000000085989981850
Q513711	6000000043683419845
Q51372171	6000000006444557617
Q513724	6000000000483918177
Q5137248	136055
Q513739	6000000152785653857
Q51375746	6000000102945824821
Q513768	6000000015135186554
Q513777	6000000031542980197
Q513802	6000000008022304455
Q513807	6000000077989280333
Q513820	6000000002765016590
Q51382531	6000000131522788184
Q5138912	6000000040565669181
Q51394992	6000000177180539858
Q51395698	6000000011212474453
Q51395818	6000000051904467855
Q513960	6000000042862282989
Q513975	5411994197570027315
Q513981	6000000069431551986
Q51400219	6000000141891403861
Q514019	6000000150908516867
Q514020	6000000057749287045
Q5140282	6000000012287206592
Q514041	6000000014612973978
Q514066	6000000015501962107
Q514072	6000000145220509985
Q514080	6000000003839047285
Q514086	6000000004251025871
Q514090	6000000001138733439
Q514092	6000000178704887865
Q514122	6000000143186507040
Q514178	6000000029487968978
Q51419418	6000000003677515964
Q514209	4903508373000120497
Q514218	6000000012733980891
Q5142260	6000000020353885889
Q51427206	6000000177202499824
Q514276	6000000020562009640
Q514281	6000000008333387763
Q514289	6000000069636338856
Q514294	6000000069481735895
Q5143016	6000000073116666930
Q5143035	6000000016885473504
Q514306	6000000137584031369
Q51431062	6000000003626566442
Q514329	6000000029427988825
Q514350	6000000001396986469
Q514381	6000000163795862841
Q514384	6000000000409626236
Q514420	6000000003579919258
Q514424	6000000006816191109
Q514456	6000000038601971725
Q514460	6000000001529954182
Q514465	6000000015472762109
Q5144663	6000000041110880603
Q5144715	6000000019718759914
Q5144845	6000000197287447832
Q51449024	6000000019404681786
Q5144945	6000000009300813817
Q5144948	6000000001580855473
Q5144953	6000000008924668456
Q5145011	6000000081252777107
Q5145095	6000000014066968466
Q514511	6000000005013357213
Q5145253	6000000042372466352
Q5145288	4847794115390024802
Q5145300	6000000016373845374
Q51453153	6000000031331006940
Q5145349	6000000037930916144
Q51453608	6000000024666074718
Q51453832	6000000020307144843
Q5145494	6000000049184003277
Q5145510	6000000016526076119
Q5145638	6000000016060110494
Q51457100	4952755364110130973
Q514596	6000000017371269777
Q51461	6000000022132131469
Q514615	6000000006267115479
Q5146234	6000000027061199898
Q5146260	6000000042977657311
Q51464643	6000000070296234042
Q51466	6000000034518636553
Q514660	6000000040048441407
Q5146721	6000000011700043080
Q5147018	6000000011700520260
Q5147102	6000000107638024229
Q5147104	6000000023018075017
Q514713	6000000002111415252
Q5147185	6000000017218071917
Q5147239	6000000002217786833
Q5147319	6000000058448683865
Q5147369	6000000140078252952
Q514738	6000000069641474897
Q5147524	6000000017125568776
Q51476	6000000027895353672
Q514761	6000000137843958851
Q514800	6000000125979362848
Q5148070	6000000004871052675
Q5148122	6000000030372902890
Q5148140	6000000024129703529
Q514839	6000000172364906126
Q51485994	6000000105523897141
Q51488	6000000008316847148
Q51490	6000000024221042125
Q51491	6000000008708614804
Q514917	6000000002134640733
Q51492	6000000024234253547
Q514931	6000000009784269533
Q5149346	6000000024286688663
Q5149348	6000000016454171750
Q514939	6000000013008225661
Q51495	6000000006777003192
Q5149532	5219324005960080219
Q514955	6000000180103105827
Q514967	6000000084484429978
Q514975	6000000024308353986
Q514978	6000000005955293221
Q51498	6000000069385085854
Q51499	6000000023721091121
Q514998	6000000012977672647
Q5150077	6000000191266444824
Q515008	6000000025903148272
Q51503	4525760648110124051
Q515039	6000000035550942217
Q51506	6000000013266252903
Q51508268	6000000024786790737
Q515090	6000000145779353133
Q51509325	6000000020490795741
Q515095	6000000076291255251
Q51509699	6000000039225813346
Q51510	6000000025330413425
Q51510813	6000000025644456281
Q51510898	6000000024235840084
Q515111	6000000001092042558
Q515113	6000000168925249964
Q51511789	6000000025375857498
Q51512255	6000000025375887484
Q51513	6000000001547929131
Q515131	6000000019090270122
Q515132	6000000018807636015
Q51513653	6000000025644858122
Q515151	6000000032171811931
Q51516095	6000000019640006526
Q515161	6000000074288206693
Q5151668	6000000046005947111
Q5151685	6000000007170334493
Q51517461	6000000019640692042
Q51519	6000000029345529733
Q5152	6000000003869262072
Q515214	6000000038360834669
Q51522	6000000010495786546
Q51523666	6000000016936065220
Q51525	6000000020731954977
Q51525861	6000000024568087516
Q51526153	6000000024586137806
Q51526360	6000000026635188325
Q51527286	6000000024607601900
Q51527696	6000000024567945342
Q51527812	6000000024223057825
Q51529108	6000000024586593296
Q51529580	6000000177645222863
Q515307	6000000125267773822
Q515321	6000000181571340860
Q5153237	6000000035348317859
Q515330	6000000015436111649
Q515331	6000000008333146070
Q51533632	6000000004631301713
Q515349	6000000003510285112
Q51535	6000000001715504214
Q515363	6000000010831163643
Q51537	6000000017717771122
Q515387	6000000037089311034
Q51539475	6000000075295304171
Q51539498	6000000011832656639
Q51540067	6000000075223076833
Q51540190	6000000055677252240
Q5154074	6000000006296531032
Q515417	6000000075302971071
Q51542062	6000000008138329716
Q51542886	6000000015348824237
Q515442	6000000015223742528
Q5154455	6000000074738147843
Q51544733	6000000027208439042
Q51544883	6000000018004054935
Q51545238	6000000036091117076
Q51545264	6000000100599235899
Q51545923	6000000006177229004
Q51546860	6000000000114171317
Q51547	6000000023992556138
Q51547586	6000000041217057355
Q51548197	6000000081745921897
Q51549	6000000009332757154
Q51549846	6000000019270088729
Q51550124	967984
Q515512	6000000027374841477
Q51551768	6000000063987111830
Q51552	6000000015985954469
Q51552894	6000000032085092696
Q515535	6000000013239552984
Q51555583	6000000169477379832
Q51556149	6000000079324825850
Q515562	6000000177913285828
Q515563	6000000018616694887
Q51558600	6000000039225452633
Q51558817	6000000039225676079
Q51559	6000000026734591000
Q51559288	6000000020490650767
Q51559602	6000000020490858166
Q51560040	6000000025300030311
Q51560302	6000000051519514887
Q515606	6000000042752206236
Q51561042	6000000040650030571
Q51561371	6000000000603872907
Q515615	6000000018976839730
Q51561994	6000000025957527212
Q51562	6000000074789988029
Q51562200	6000000038864139787
Q51562295	6000000040648337935
Q515632	6000000011791873718
Q51563783	6000000056727705882
Q51564	6000000137531824825
Q51564150	6000000078284432834
Q515651	6000000032125066044
Q51565503	6000000058111331206
Q51566	6000000007578022502
Q51567984	6000000011154413512
Q515684	6000000018116574934
Q51568950	6000000119351504925
Q515695	6000000054515705229
Q51569564	6000000009763868290
Q51570	6000000022076538424
Q515707	6000000001504706564
Q5157153	6000000008836505506
Q515741	6000000016399925428
Q515745	6000000033495845946
Q51574952	6000000173124035245
Q51575	323923223340005435
Q515761	6000000027528922996
Q515767	6000000097562275946
Q515768	6000000091749989878
Q5157697	6000000024046264311
Q515792	6000000028702173507
Q51581	6000000006817610415
Q51581772	4649920
Q51582	6000000000582684456
Q51583	6000000029152938337
Q515845	6000000113194756244
Q515858	6000000011623760329
Q5158663	6000000000424695172
Q515867	6000000078414104855
Q515868	6000000032597208185
Q5158780	6000000075430809939
Q515891	6000000156227597876
Q515894	6000000022076732709
Q515904	6000000007617281276
Q51590628	6000000006127032378
Q515914	6000000109045833840
Q51593118	6000000161050668821
Q51593127	6000000021947743575
Q515935	6000000045218147469
Q51593882	6000000074903467859
Q515939	6000000020759411832
Q51594215	6000000022364276234
Q5159439	6000000001929070417
Q51595341	6000000007437543388
Q515971	6000000019775005085
Q515981	6000000010353882288
Q515993	6000000166789422831
Q516008	3242507
Q516013	6000000016254269886
Q5160141	6000000111864602856
Q51601536	6000000048394539931
Q516028	6000000144810630452
Q516035	6000000029451352033
Q516045	6000000117372023835
Q516047	6000000040178698442
Q5160586	6000000045754433859
Q516066	6000000002137204641
Q516082	6000000177985740832
Q516106	6000000068425389843
Q5161086	6000000019103769644
Q516109	6000000178558217875
Q516115	6000000006821988735
Q516121	6000000025140714134
Q516130	6000000017596445289
Q516147	6000000011107245203
Q516173	6000000026783513750
Q516182	6000000000494278106
Q5161827	6000000074709128935
Q5161839	6000000018383288108
Q5161924	6000000038613209902
Q516200	6000000009305503164
Q5162036	6000000012701320907
Q5162140	6000000014049269890
Q5162175	6000000012723916343
Q516228	6000000005038494116
Q516229	6000000024063095147
Q51623850	6000000042296640041
Q5162484	6000000042305409411
Q5162491	6000000012272411282
Q5162536	6000000010931192873
Q516255	6000000015338300795
Q5162559	6000000000113843951
Q5162561	6000000000113846071
Q5162578	6000000015852431090
Q5162585	6000000021516874177
Q5162591	6000000096834788871
Q5162617	6000000019990216337
Q5162664	6000000004989918544
Q5162673	6000000184502402822
Q516276	6000000079886652018
Q51627632	6000000086358473050
Q516286	6000000075241271949
Q516298	6000000000230343278
Q51631459	6000000019282691601
Q516321	6000000040248162929
Q5163352	6000000012652781103
Q5163494	6000000013372584815
Q5163498	6000000024240689938
Q5163504	6000000024171283532
Q5163506	6000000030973595249
Q5163508	6000000078995377883
Q5163510	6000000013474598175
Q5163511	6000000000944063469
Q51635317	6000000037048677206
Q5163534	6000000178122422047
Q5163542	6000000001495386244
Q5163554	6000000097632135905
Q5163563	6000000021595755311
Q516358	6000000008630244481
Q5163592	6000000015375704269
Q516363	6000000163624888825
Q5163689	6000000179973007842
Q5163746	6000000183942848920
Q5163793	6000000008643436348
Q5163841	6000000002188385117
Q5163843	6000000016515896837
Q5163845	6000000054540768960
Q51640076	6000000012746312595
Q516406	6000000012016617656
Q51640702	6000000124239722833
Q516447	6000000097553070829
Q5164536	6000000025309013846
Q51646081	6000000018242153046
Q516464	6000000010774975223
Q516473	6000000009796937915
Q51648383	6000000004095444118
Q516497	6000000003216112631
Q51650539	6000000012746217183
Q516515	6000000039744190266
Q5165280	6000000036880087064
Q516554	6000000082773335290
Q516594	6000000055269808823
Q516610	6000000031433319300
Q516627	6000000160974205823
Q516630	6000000184609627922
Q5166404	6000000040857755250
Q516644	6000000015683288982
Q516661	6000000006403805216
Q51667676	6000000205543132938
Q5166779	6000000003908310475
Q51669052	6000000078843289739
Q51669118	6000000203824534845
Q51669252	6000000178773111828
Q51669676	6000000018568693149
Q51669830	6000000030452450591
Q51669859	6000000010121131874
Q51670512	6000000204901634861
Q51670617	6000000041256368906
Q51670636	6000000018515077421
Q51670793	6000000185632464727
Q51670799	6000000188825200825
Q516720	6000000001435366277
Q51672308	6000000006127032103
Q51673726	6000000036440626003
Q516738	6000000019532501788
Q51676	6000000000792907064
Q51677460	6000000080402692478
Q51677523	6000000016385265267
Q516786	6000000019845440716
Q51679893	6000000002162465717
Q5168101	6000000083068342025
Q51684896	6000000009658671206
Q51685347	6000000006127032387
Q516855	6000000013819241235
Q516858	6000000006582750538
Q5168622	6000000030693040122
Q51688611	6000000024962171987
Q516899	6000000013271513220
Q516935	6000000015455046620
Q5169413	6000000042228246960
Q5169470	6000000036399671002
Q516963	6000000006348729690
Q51696507	6000000030640606293
Q51696632	6000000030640781026
Q51696813	6000000125174104925
Q5169709	6000000039711812656
Q5169934	293596912340001359
Q517	6000000000350860821
Q517006	6000000017306503029
Q517008	6000000185104354881
Q51703	6000000010792376091
Q5170354	6000000019164218369
Q517036	6000000074716915137
Q517036	6000000074728420078
Q517044	6000000006927809505
Q5170446	6000000195854006853
Q51705035	6000000004868028580
Q5170573	6000000000886379032
Q5170586	6000000089209798919
Q5170600	6000000002998881430
Q517066	6000000009720764311
Q517072	6000000001435366249
Q5170723	6000000029707847916
Q51708368	6000000077915626219
Q5171146	6000000002447366380
Q5171147	6000000013311334265
Q517116	6000000012608911243
Q5171160	6000000047906630091
Q51711668	6000000011894384461
Q5171168	6000000017536190721
Q5171172	6000000078174088929
Q5171175	6000000030228294410
Q5171176	6000000111265022853
Q51711798	6000000018869099912
Q517118	6000000006084947212
Q5171182	6000000024490201449
Q51712344	6000000016650416002
Q5171241	6000000000276162347
Q5171257	6000000072744435871
Q5171261	6000000008298228590
Q5171271	6000000009389498561
Q5171288	6000000180400870835
Q5171304	6000000019422308610
Q5171318	6000000047937582735
Q5171329	6000000054110287944
Q5171331	6000000054110620890
Q5171333	6000000054110532919
Q5171336	6000000190985332868
Q5171338	6000000041581880851
Q517134	6000000005231001027
Q5171340	6000000046893967829
Q51713615	6000000002764377376
Q5171367	6000000012643278240
Q5171373	6000000012676572071
Q517138	4652561
Q5171385	6000000177402247860
Q5171386	6000000219436161838
Q5171389	6000000014854246848
Q5171424	6000000008765536305
Q5171426	6000000022601111863
Q5171428	6000000014255391654
Q5171436	6000000006582903686
Q5171441	6000000021662587552
Q5171445	6000000000530117512
Q5171455	6000000025985957003
Q5171456	6000000003681283311
Q5171472	6000000018155154185
Q51714741	6000000034659802454
Q517162	6000000148594865821
Q51717	6000000000522268695
Q51718021	6000000041943790044
Q517181	6000000010715119374
Q517191	6000000031596932468
Q51719228	6000000010403385767
Q51719259	6000000026938517143
Q51719277	6000000153195129845
Q51719603	6000000006357163176
Q51719615	6000000180733572849
Q51719661	6000000007417436834
Q51719749	6000000032688632875
Q51719759	6000000001912203148
Q5172032	6000000016912056837
Q5172033	6000000015210835801
Q5172034	6000000016912138625
Q5172059	6000000042702921434
Q517219	6000000031937260381
Q517222	6000000094154843015
Q51724133	6000000078046062089
Q517244	6000000002133162994
Q517252	6000000001685429360
Q51725674	6000000052351041135
Q51726079	6000000003579030155
Q517263	6000000027212570370
Q51731682	6000000007330272629
Q5173204	6000000002847945015
Q5173352	6000000065680134833
Q5173354	6000000000986503959
Q5173360	6000000051439367852
Q5173362	6000000020330468568
Q517349	6000000012997130536
Q517360	6000000124777071869
Q5173669	6000000037345118825
Q5173851	6000000013953679750
Q517404	6000000141073142943
Q517405	6000000014834439528
Q5174245	6000000019358029154
Q5174249	6000000058023634575
Q51744769	6000000080127037991
Q51745159	6000000019003924946
Q517467	6000000011858719014
Q5174670	6000000007525460611
Q51747196	6000000177000933821
Q51747201	6000000007675859635
Q517474	6000000076833961255
Q517493	6000000002033350509
Q51751961	6000000003687305674
Q51751973	6000000026049637507
Q51751992	6000000019336545181
Q51752394	6000000077258202822
Q51752421	6000000023482807142
Q51752429	6000000145377042833
Q51752442	6000000000348885425
Q51752538	6000000145586129822
Q51753	6000000000967175610
Q517539	6000000041847643894
Q51754	6000000001636586636
Q517562	6000000017209355043
Q51756954	6000000025376463033
Q51756972	6000000007238344225
Q51756978	6000000022347303152
Q51757039	6000000025375681537
Q5175715	6000000071592505822
Q5175721	6000000075848219972
Q5175744	6000000000322844234
Q51758580	6000000029286317795
Q5175993	6000000017696534696
Q5176153	6000000006583541104
Q517649	6000000047363868312
Q51765	6000000026102456218
Q5176647	6000000023253327001
Q5176662	6000000023854378727
Q5176678	6000000008001918856
Q5176679	6000000030646705217
Q5176691	6000000017051229346
Q5176699	6000000007311718049
Q5176707	6000000036368721384
Q51769	6000000030396674726
Q5177053	6000000003232551571
Q5177066	6000000002188461411
Q5177067	6000000002803864635
Q5177068	6000000008093301244
Q5177071	6000000002658539405
Q5177073	5528143365210051443
Q51775	6000000019156905682
Q51776	6000000014274158569
Q5177673	6000000023183551792
Q517781	6000000021368119377
Q51778539	6000000006155543456
Q517791	6000000003510175270
Q517792	6000000045162441947
Q517815	6000000006641760027
Q517837	6000000150670201893
Q5178462	6000000088408779953
Q5178466	6000000023633502036
Q5178471	6000000019394878219
Q517853	6000000012412562378
Q5178687	6000000039283123968
Q517871	6000000030998919795
Q5178860	6000000025550237611
Q5178863	6000000023474910373
Q517904	6000000016656433209
Q51790516	6000000182627952886
Q517908	6000000181904667950
Q51792264	6000000000955377037
Q51792756	6000000070260648089
Q517947	6000000039348347057
Q5179544	6000000074994534944
Q5179647	6000000180500291866
Q51798004	6000000018725759622
Q51799770	6000000041564986565
Q518000	6000000068387374966
Q518002	6000000020745035569
Q51803471	6000000002126111009
Q518038	6000000018069987864
Q51804923	6000000029475198720
Q51805141	6000000000660499451
Q518055	6000000180570955822
Q518067	6000000116856627936
Q51807127	6000000024239949159
Q5180958	6000000045960823313
Q518110	6000000016343660407
Q518139	6000000007635961200
Q5181413	6000000051262412973
Q518152	6000000151345470870
Q518165	6000000009099302353
Q518168	6000000090945851040
Q51819168	6000000153215529859
Q5182210	6000000030624882401
Q518231	6000000036830866185
Q518244	6000000015733222925
Q51825884	6000000028455792245
Q51826358	6000000020194276650
Q5182718	6000000019896625248
Q5182836	6000000019222780362
Q518284	6000000013089515728
Q5182871	6000000184389376838
Q5182894	6000000035233685764
Q518292	6000000022150315910
Q5183008	6000000066972901194
Q51831954	6000000077313035696
Q518325	6000000026163553090
Q518351	6000000010009780985
Q51835359	6000000002890309553
Q518385	6000000055125749831
Q518386	6000000026779101314
Q51839161	6000000020637770558
Q51839186	6000000048016508973
Q518393	6000000014613233457
Q518399	6000000008869902367
Q518407	6000000117622578881
Q518410	6000000177319208856
Q51841154	6000000056676194964
Q51841202	3899022
Q518424	6000000039868846386
Q51844210	6000000005020976412
Q51844315	6000000011102694917
Q51844325	6000000012343035566
Q51844329	6000000031459855937
Q51844334	6000000018908625252
Q51844336	6000000018908738844
Q51844343	6000000035752981788
Q51844346	6000000082994348075
Q51844355	6000000115959467928
Q51844372	6000000009431784171
Q51844378	6000000086906501406
Q51844379	6000000010241029533
Q5184445	6000000001758923891
Q51844648	6000000012973473878
Q518447	6000000035966972055
Q51844764	6000000003288618445
Q5184521	6000000025690170499
Q51845316	6000000082384779008
Q51846057	6000000030039565917
Q51846193	6000000024641685197
Q51846381	6000000141112571020
Q51846518	6000000003288618435
Q5184808	6000000020625214877
Q518482	4205643
Q51849776	6000000132364965901
Q518515	6000000034215061261
Q51852650	6000000013898108447
Q51852661	6000000166445617155
Q51852834	6000000015039666620
Q518543	6000000001510745424
Q51855131	6000000000660435789
Q518555	6000000077614141347
Q51857532	6000000002455521758
Q518576	6000000021214571332
Q5185987	6000000166562086822
Q518609	6000000031876907089
Q518613	6000000026996880801
Q518623	6000000017350966131
Q5186274	6000000003601656723
Q5186303	6000000055822173822
Q51864333	6000000006444211171
Q518668	6000000010792525126
Q518669	6000000031556245635
Q518684	6000000006869582945
Q51868490	6000000125193637839
Q518704	6000000000960745816
Q518756	6000000175794754821
Q5187561	6000000005599033224
Q5187589	6000000021534176900
Q518776	6000000119120356195
Q518779	6000000019505833174
Q51879234	6000000021653719464
Q51879395	6000000165618373920
Q51879467	6000000030814864075
Q51879472	6000000028417638351
Q51879503	6000000007298051436
Q51879526	6000000088715430123
Q5187969	6000000002188529724
Q51880	6000000113730973925
Q51880148	6000000020657607919
Q51880187	6000000063833142928
Q51880201	6000000022193436462
Q51880209	6000000016802955238
Q51880213	6000000020801468610
Q51880217	6000000002764937633
Q5188046	6000000006804667747
Q5188047	6000000002907131863
Q51880715	6000000017563130910
Q51880874	6000000007184680434
Q51881485	6000000018115808103
Q51881734	6000000002794573907
Q51881756	6000000078851300741
Q51881879	6000000028139904954
Q51882241	6000000092612111144
Q518823	6000000010452041317
Q51882356	6000000043047320489
Q51883201	6000000008212922017
Q51883476	6000000016472074808
Q51883506	6000000018077101423
Q51883613	6000000002115911900
Q51884560	6000000020801684907
Q51885543	6000000007752958606
Q51885566	6000000008175446561
Q51885665	6000000141985841905
Q51885745	6000000081548246012
Q51885837	6000000000148727067
Q51886099	6000000008509993482
Q518861	6000000035414690332
Q51886116	6000000020421930897
Q51886306	6000000019241183065
Q51886452	6000000019240929245
Q518868	6000000187077937893
Q518896	6000000014526551074
Q518907	4258707
Q5189227	6000000002892987800
Q518925	6000000090969573824
Q518945	6000000136884924828
Q518948	6000000028142579805
Q518966	6000000009776748421
Q518969	6000000074791453191
Q518995	6000000012162918612
Q519085	6000000134365419824
Q519086	6000000086958252399
Q51910337	6000000071414866282
Q51911	6000000131457765854
Q5191140	6000000179907485841
Q519119	6000000143823034858
Q519135	6000000059940147827
Q51913506	6000000002188502006
Q519143	6000000002920991637
Q519145	6000000013694898826
Q51914932	6000000077817948454
Q51915130	6000000077818206237
Q5191569	6000000009402379988
Q519165	6000000015224509135
Q5191686	6000000036725759938
Q519169	6000000027529096485
Q5191695	6000000021592222816
Q5191783	6000000009144342586
Q519179	6000000013300819055
Q519183	6000000019073351410
Q51918369	6000000033821834826
Q51918574	6000000018088455162
Q519191	6000000119692100832
Q519196	6000000018416568936
Q51920833	6000000069249744836
Q5192091	6000000010230019211
Q519223	4345096111930125808
Q519241	6000000031872601842
Q519256	6000000015209024625
Q5192572	6000000014725125308
Q519268	6000000035408169147
Q5192697	6000000075381997830
Q5192701	6000000075382323821
Q5192706	6000000075344559972
Q5192709	6000000075381028823
Q5192718	6000000075344398949
Q5192719	6000000075344739832
Q5192720	6000000075344363876
Q519282	6000000054191224873
Q5192864	6000000015953720544
Q5192982	6000000014108983540
Q5193068	6000000177497972863
Q51932079	6000000020173760575
Q519330	6000000007312130609
Q519332	299305036480001182
Q519341	6000000001620903127
Q519364	6000000002176641421
Q51936874	6000000038765928821
Q519374	6000000024933591219
Q51937981	6000000003493287048
Q5194141	6000000007218949331
Q51950359	6000000015478279173
Q51951066	6000000077838892217
Q51951286	6000000077832179197
Q51951422	6000000077839217331
Q5195146	6000000002548948005
Q51951932	6000000021120719726
Q51952198	6000000077838233388
Q51953113	6000000041176657740
Q5195339	6000000055231306895
Q5195342	6000000122773189828
Q519535	6000000002764361124
Q51953643	6000000019556629696
Q5195373	6000000032129793121
Q5195385	6000000074717499081
Q51954366	6000000009121076555
Q519547	6000000021023813658
Q51954854	6000000003500036794
Q51954886	6000000100434868850
Q51954888	6000000018978357210
Q51954893	6000000018978460150
Q5195494	6000000079667266357
Q51954940	6000000179401835883
Q51954976	6000000010876523922
Q51954991	6000000017414956443
Q51955045	6000000025049291327
Q5195685	6000000025929440070
Q5195704	6000000041473513846
Q5195707	6000000012260384537
Q5195751	6000000003255811068
Q5195836	6000000019794563205
Q5195845	6000000010346115329
Q5195867	6000000010944911043
Q5195869	6000000022951181603
Q519588	6000000035279943995
Q5195882	6000000039542569902
Q519590	6000000011696727960
Q51960	6000000028026094102
Q5196041	6000000010505491738
Q519655	6000000029080012087
Q5196758	6000000019244174335
Q5196765	6000000052409339068
Q5196766	6000000002799066935
Q5196774	6000000003086935984
Q5196779	5433686110900033753
Q5196799	6000000003216112334
Q519697	6000000004593191421
Q519699	6000000034694221992
Q5197046	6000000041804933224
Q51972565	6000000143171310923
Q5197290	6000000042535876451
Q5197295	6000000002626080734
Q519730	6000000000769872383
Q5197322	6000000182116769702
Q5197325	6000000108018962828
Q51973376	6000000012654108871
Q51973565	6000000031872891370
Q51973587	323805332770007768
Q51973772	6000000015469035341
Q519739	6000000012915928737
Q51973930	6000000066480040840
Q519744	6000000013659771199
Q519758	6000000027818800911
Q519772	6000000083257297124
Q519780	6000000015399194244
Q51989	6000000014582555813
Q519894	6000000040432371823
Q519898	6000000010298146220
Q519900	6000000090975491853
Q51990126	6000000017360511433
Q51990506	6000000008868550014
Q519920	6000000003197414314
Q519923	2902024
Q519963	6000000010588614396
Q519984	6000000043310657036
Q51998739	6000000013155498395
Q5200027	6000000041922907042
Q5200059	6000000019469096307
Q5200060	6000000051871581147
Q5200076	6000000076552506948
Q5200105	6000000018778090489
Q5200121	6000000033308857788
Q5200150	6000000001563176342
Q5200153	6000000090951029945
Q520026	6000000151388849852
Q5200386	6000000078080156904
Q52004467	6000000083992695303
Q5200594	6000000134683042821
Q520060	6000000057735829906
Q5200615	6000000011682174366
Q5200623	6000000007628469113
Q5200693	943219
Q5200717	6000000011904258202
Q52008125	6000000015973127268
Q5200813	6000000017201904555
Q5200814	6000000020426858228
Q52008156	3917877208820021427
Q52008190	6000000034864293332
Q52008215	6000000031046112824
Q5200850	6000000025718560188
Q5200914	6000000013677458886
Q5200933	6000000021500680346
Q5201060	6000000016193628044
Q5201065	6000000063016953821
Q5201068	6000000013694571199
Q5201075	6000000000538229197
Q5201076	6000000042018246947
Q5201078	6000000017534897727
Q5201094	6000000009754315015
Q5201098	6000000002950570890
Q5201104	6000000015488300024
Q5201119	6000000024548904996
Q5201132	6000000042469410733
Q5201136	6000000038558518439
Q5201138	6000000168851086857
Q5201152	6000000041979855724
Q5201158	6000000204633505856
Q5201163	6000000108334887850
Q5201171	6000000035585771452
Q520137	6000000058102653837
Q520153	6000000001957729433
Q520186	6000000044190486759
Q52018722	6000000179078057828
Q5202113	6000000009100194070
Q5202117	6000000075399249046
Q5202138	6000000093909984824
Q52021391	6000000058126385845
Q5202392	6000000020946508396
Q5202425	6000000002150085374
Q5202428	6000000015696621159
Q5202469	6000000183128169822
Q5202482	6000000027932884859
Q5202509	6000000022965282982
Q5202513	6000000000705716080
Q520252	6000000008591992181
Q5202522	6000000043541951337
Q520254	6000000103496311857
Q5202568	6000000007754268701
Q520273	6000000130265474823
Q520275	6000000001086204122
Q520296	6000000128642465881
Q5203101	6000000019681779300
Q520313	6000000004589096604
Q5203153	6000000172776747870
Q520327	6000000004286678406
Q52034461	6000000069227472114
Q52034571	6000000011255090961
Q5203488	6000000001850702638
Q5203713	6000000041667053932
Q5203801	6000000035212505174
Q520384	6000000152995930822
Q5203842	6000000041384795679
Q520399	6000000141104830041
Q52042	6000000017358457950
Q520461	6000000007443643062
Q520493	6000000001658276831
Q52049433	6000000187498811826
Q520505	6000000020179728331
Q52052779	6000000077380781822
Q520539	6000000001453344373
Q520550	6000000179899096846
Q520584	6000000012827400349
Q520594	6000000005412045849
Q520601	6000000039438393356
Q520607	6000000002765726754
Q52062886	6000000127554039853
Q52063047	6000000010827329669
Q52063272	6000000012096430037
Q52063273	6000000009200733373
Q52063293	6000000128573029858
Q52063360	6000000036926133617
Q52063403	6000000043154776237
Q52063614	6000000025128801906
Q52063621	6000000003950063822
Q52063730	6000000178629957857
Q52063731	6000000002764860223
Q52063751	6000000027107284778
Q520661	6000000014259779294
Q5206642	6000000080066816880
Q520665	6000000035086100443
Q5206850	6000000018786981609
Q520703	6000000007605245802
Q520726	6000000189717572839
Q520733	6000000102703429990
Q5207505	6000000003772702951
Q5207506	6000000001596490661
Q520751	6000000012422294501
Q520756	6000000058393675930
Q520796	6000000003805665380
Q520802	6000000134165210846
Q52081738	6000000002802395738
Q520819	6000000006823841751
Q5208215	6000000031989622911
Q5208263	6000000000091390987
Q52083568	6000000006444774978
Q52083630	6000000003494672016
Q52083654	6000000053248482161
Q52083810	6000000040650449436
Q52083824	6000000040650388370
Q52083839	6000000040650197183
Q52083847	2979047
Q52083930	6000000077913712867
Q5208396	6000000011500044575
Q52083983	6000000082843902012
Q52083998	6000000069955240878
Q520840	6000000009370048838
Q5208401	6000000032315257508
Q52084029	6000000119636830831
Q52084086	6000000013609045967
Q52084104	6000000013912413034
Q52084115	6000000022785872353
Q52084131	6000000044488393984
Q52084287	6000000024568750631
Q52084318	6000000040651035207
Q52084329	6000000077918993350
Q52084443	6000000077102698289
Q52084460	6000000015961580004
Q52084462	6000000010142034004
Q52084481	6000000025301033051
Q5208503	6000000007549333906
Q5208505	6000000007617053162
Q5208514	6000000021688716593
Q5208610	6000000010219071977
Q5208611	6000000007329714392
Q52086181	6000000040650119780
Q52086293	6000000072812563076
Q52086435	6000000007352465300
Q52086507	6000000027083187029
Q52086537	6000000000546803689
Q520868	6000000153733351832
Q5208978	6000000074788016726
Q520903	6000000042703899915
Q520915	6000000004147830142
Q520919	6000000108886903839
Q52095556	6000000014686253305
Q52095639	6000000014686367138
Q5209729	6000000044023971891
Q5209732	6000000083649736918
Q5209761	6000000000788339167
Q520979	6000000007827534395
Q5209868	6000000051173997863
Q52098934	6000000008876996438
Q52098953	6000000024434865722
Q5209968	6000000166741022829
Q52100410	6000000002174927048
Q521025	6000000161449829915
Q52102761	6000000024753611500
Q5210346	6000000027432146825
Q5210356	6000000036597589017
Q521037	6000000168766556821
Q5210428	6000000015579731845
Q5210451	6000000036838646047
Q5210553	6000000078854678839
Q5210664	6000000003216089053
Q521077	6000000037317427858
Q521081	6000000032509073105
Q52108692	6000000008716373536
Q521087	6000000001025690029
Q521103	6000000000314440025
Q521115	6000000019731844112
Q52113131	6000000018610472014
Q5211335	6000000056375181272
Q52114385	6000000026958449301
Q521145	305146827700003813
Q52116002	6000000033616927206
Q52116066	6000000033616976047
Q5211621	6000000022756395522
Q521172	6000000104831304821
Q5211758	6000000015952295975
Q521190	6000000016039598578
Q521191	6000000145219315003
Q52121912	6000000077909854940
Q521221	6000000015722731453
Q5212470	6000000063718048861
Q5212638	6000000026035821520
Q5212802	6000000081116865262
Q521286	6000000166454990851
Q5212926	6000000194640399825
Q521300	6000000075753015998
Q521302	6000000180800511857
Q521310	6000000193819780826
Q52131489	6000000019325804059
Q52131864	6000000039301460224
Q52132501	6000000171045052179
Q5213255	6000000020471234066
Q5213293	6000000183253890850
Q5213374	6000000010753323561
Q5213457	6000000150815190865
Q5213471	6000000060829218833
Q5213623	6000000111185987849
Q5213721	6000000058060949146
Q5213734	6000000079612600018
Q521377	6000000044655165019
Q5213821	6000000002480673984
Q5213836	6000000002347735387
Q5213877	6000000073223251585
Q5213984	6000000036558924775
Q521405	6000000163493328845
Q5214062	6000000014826705981
Q521410	6000000016715872868
Q5214144	6000000139000752892
Q5214268	6000000002549414774
Q521427	6000000033293087062
Q5214310	6000000015523635460
Q5214365	6000000050652460406
Q521444	6000000009548472071
Q52144638	6000000178873078760
Q5214501	6000000008521514217
Q52145024	6000000002986867502
Q52145036	6000000003011790388
Q52145126	6000000003011802527
Q521462	6000000094491113844
Q52146377	6000000163315256833
Q52146427	6000000071464147353
Q52146440	6000000009700245085
Q52146537	6000000008408096938
Q5214691	6000000025865539364
Q5214783	6000000040926839998
Q5214809	6000000035118373842
Q52148136	6000000017610714844
Q5214818	6000000176122314881
Q52148587	6000000124553181372
Q52148615	6000000010483016319
Q52148695	6000000009324814260
Q52148920	6000000019341210821
Q52149296	6000000030019222227
Q52149394	6000000071115120084
Q52149408	6000000011381300350
Q52149462	6000000057605317850
Q52149527	6000000024462258119
Q52149679	6000000007776980553
Q52149703	6000000045744771612
Q52150018	6000000011274210197
Q52150112	6000000011127141396
Q52150142	6000000012786799464
Q52150176	6000000002894023813
Q52150239	6000000075033129016
Q52150242	6000000087636504828
Q52150250	6000000004948407072
Q52150415	6000000172232251094
Q52150522	6000000082428287911
Q52150773	6000000000164943386
Q52150835	6000000014224522798
Q52150881	6000000038667707180
Q52150911	6000000083170781043
Q52150937	6000000004270488967
Q52150961	6000000019196534114
Q52151044	6000000001082804381
Q52151048	6000000003666914647
Q52151528	6000000077982500107
Q52151577	6000000044035163482
Q52151598	6000000116902133920
Q52151981	6000000006444855179
Q52152193	6000000041581561036
Q52152444	6000000035883444768
Q52152483	6000000040051420695
Q52152501	6000000039123140038
Q52152534	6000000047977620213
Q52152617	6000000021193051843
Q52152633	6000000041015971124
Q52152652	6000000022211767283
Q52152680	6000000035109024964
Q52152855	6000000012201324449
Q52152903	6000000030282738867
Q52153094	6000000018329704118
Q52153867	6000000006727880382
Q52154034	6000000022304923539
Q52154070	6000000038909355911
Q52154086	6000000017731571466
Q52154093	6000000035458922292
Q52154104	6000000023716018158
Q52154206	6000000086359441870
Q52154293	6000000003223065431
Q52154302	6000000211396459833
Q52154447	6000000020775365030
Q52154455	5551522331170037421
Q52154486	6000000041038068376
Q52154489	6000000005586730822
Q52154495	6000000184830283095
Q52154496	6000000017310564388
Q52154565	6000000022711958980
Q52154601	6000000019373423893
Q52154619	6000000157267839969
Q52154625	6000000002234980219
Q52154754	6000000018514805147
Q52154757	6000000027272170092
Q52154771	6000000011439853248
Q52154772	6000000001302026854
Q52154858	6000000020196873786
Q52154896	6000000001268407642
Q52155010	6000000026997895853
Q52155035	6000000012505567565
Q52155094	6000000063809075943
Q52155123	6000000023358701416
Q52155147	6000000030074974989
Q52155161	6000000074915301918
Q52155162	6000000046230014425
Q52155167	6000000038052510410
Q52155169	6000000076961489877
Q52155175	6000000026463629129
Q52155192	5322003358280010468
Q52155204	6000000004868028659
Q52155225	6000000052218501824
Q52155237	6000000068828344930
Q52155242	6000000005034028473
Q52155385	6000000011988372050
Q52155412	6000000167384869859
Q52155455	6000000024808503536
Q52155487	6000000035639563298
Q52155505	6000000007220371445
Q52155531	6000000180718005003
Q52155544	6000000012377146454
Q52155550	6000000000137308258
Q52155557	6000000023450537817
Q52155632	6000000001678701403
Q52155635	6000000001515136787
Q52155668	6000000082665890968
Q52155712	6000000001608879806
Q52155721	6000000025154369695
Q52155762	6000000026094519988
Q52155777	6000000182905498844
Q52155849	6000000028417282156
Q52155875	6000000003481741222
Q52155900	5402062434330082924
Q52155911	6000000172004993154
Q52155929	6000000043152517090
Q52155939	6000000024323646857
Q52155990	6000000014286588193
Q52155995	6000000051167942886
Q52156034	6000000001384459864
Q52156040	6000000036768172214
Q52156057	6000000000553007159
Q52156089	6000000070695511359
Q52156149	6000000140235114871
Q52156260	6000000068344947847
Q52156263	6000000002802829334
Q52156364	6000000012732158460
Q52156366	6000000009710266604
Q52156392	6000000006124728702
Q52156447	6000000055256521927
Q52156500	6000000181661854823
Q52156501	6000000181685993835
Q52156537	6000000157674684843
Q52156707	6000000142732065828
Q52156791	6000000053643076908
Q52156815	6000000003075648211
Q52156835	6000000087197771856
Q52156862	6000000016119008295
Q52156979	6000000027211579058
Q52157139	6000000140298495821
Q52157311	6000000172604827847
Q52157332	6000000017010712350
Q52157337	6000000039011665908
Q52157354	6000000078626984114
Q5215744	6000000017116490627
Q52157522	6000000001448176467
Q52157712	6000000163475117828
Q52157713	6000000163474999846
Q5215778	6000000011319182280
Q5215790	6000000001360687358
Q521585	6000000153915066824
Q52158520	6000000024464728188
Q52158554	6000000026982715372
Q52158558	6000000007191033567
Q52158591	6000000044797048961
Q52158600	6000000071946129604
Q52158718	6000000015151615084
Q52158863	6000000011505124327
Q52158872	6000000044254807645
Q52159104	6000000001384225606
Q52159113	6000000010965401711
Q52159123	6000000025163675838
Q5215919	6000000010798504860
Q52159501	6000000018147237078
Q52159584	6000000025769119018
Q52159589	6000000025768271783
Q52160085	6000000011043128219
Q52160116	6000000002764369444
Q52160614	6000000009104421472
Q52160651	6000000003374353270
Q52161039	6000000035731206182
Q52161157	6000000078250797173
Q52161559	6000000024250146377
Q52161581	6000000017786768379
Q52161603	6000000020516033347
Q52161656	6000000040983094550
Q52161661	6000000040984484477
Q52161787	6000000027971776560
Q521621	4044807823560045101
Q5216217	6000000015808814794
Q52162180	6000000034388860913
Q52162258	6000000163450860072
Q52162267	6000000001555748630
Q52162268	6000000034171473180
Q52162309	6000000025781317310
Q52162455	6000000141396300821
Q5216253	6000000008035517251
Q5216326	6000000046572353959
Q5216358	6000000175161373098
Q5216405	6000000017023059073
Q5216446	6000000000352560435
Q5216447	6000000015960585236
Q5216451	5492185503250068068
Q5216465	6000000070951296135
Q5216514	6000000124421932882
Q5216546	6000000059262050051
Q5216564	6000000017497898095
Q5216574	6000000005415213497
Q5216583	6000000021528693430
Q5216666	6000000001319692531
Q5216667	6000000001402361275
Q5216669	6000000019312655672
Q5216683	6000000124343139968
Q5216725	6000000033070102085
Q5216728	6000000001424408872
Q5216791	6000000013592402056
Q5216797	6000000100801984076
Q5216825	6000000078420469023
Q5216827	6000000060146246174
Q5216851	6000000022889061870
Q5216879	6000000023369820398
Q5216881	6000000072974549054
Q5216886	6000000015171509056
Q5216897	6000000013883849089
Q5216975	6000000000865791320
Q5216980	6000000015045737119
Q5216983	6000000014404966537
Q5216998	6000000018514869717
Q5217000	6000000014313158213
Q5217011	6000000007913434088
Q5217012	6000000008470271151
Q5217014	6000000005764780006
Q5217035	6000000076902889621
Q52170382	6000000012668041493
Q5217063	6000000071675815877
Q5217066	6000000091210714027
Q5217073	6000000046756725942
Q5217081	6000000032869110983
Q5217102	6000000034338991896
Q5217103	6000000012422526873
Q5217110	6000000077192413687
Q5217126	6000000013239221407
Q5217140	6000000005680456001
Q5217157	6000000018496187921
Q5217191	6000000026576258153
Q5217224	6000000012722834065
Q5217239	6000000009398146482
Q521725	6000000122570620906
Q5217267	6000000069954421206
Q5217316	6000000013984107283
Q52173242	6000000001312645015
Q521733	6000000076108309294
Q5217368	6000000018462423053
Q5217387	6000000003079405492
Q5217392	6000000010311368795
Q5217396	6000000036813229401
Q5217417	6000000016743623003
Q5217443	6000000025297314884
Q5217444	6000000017230701146
Q521746	6000000053557944842
Q5217474	6000000033577444102
Q5217486	6000000040980399865
Q521749	6000000038206151464
Q5217492	6000000019274963339
Q5217502	6000000027168232062
Q5217522	6000000077592379530
Q5217548	6000000034432297959
Q5217552	6000000085453840855
Q5217566	6000000216592553840
Q5217570	331623743980013375
Q5217583	6000000010212612199
Q5217592	6000000010087917235
Q5217613	6000000000773099395
Q521762	6000000011243523230
Q5217648	6000000030551699989
Q5217663	6000000015030237743
Q521769	6000000004345817536
Q521777	6000000018616293350
Q5217864	6000000047059769225
Q5217881	6000000025023796260
Q5217882	6000000040837621956
Q5217887	6000000002777029140
Q5217888	6000000112444975065
Q5217893	6000000064511199927
Q5217911	6000000011748587412
Q5217965	6000000001958921092
Q5217980	6000000012656383006
Q5217981	6000000049666016052
Q5217989	6000000020625063455
Q5217990	6000000024424071933
Q5217996	6000000019172211545
Q5218002	6000000025632215808
Q5218014	6000000020209834943
Q52180160	6000000018797810608
Q5218070	6000000004882537292
Q5218080	6000000001179910622
Q5218094	6000000079942652982
Q5218095	6000000012824309522
Q5218168	6000000018093975822
Q5218192	6000000076939666391
Q5218201	6000000001384269759
Q5218228	6000000077986888031
Q5218232	6000000027451942405
Q5218233	6000000004187531392
Q5218240	6000000181913230853
Q5218241	6000000023402338166
Q5218254	6000000080258539009
Q5218275	6000000012524461281
Q5218291	6000000005523520006
Q5218309	6000000006444764367
Q5218323	6000000062748104921
Q5218337	6000000029250107351
Q5218355	6000000009908338535
Q5218362	6000000056341798846
Q5218376	6000000002247619257
Q5218384	6000000047676551062
Q5218402	6000000011028010708
Q5218405	6000000184756658826
Q5218427	6000000012304967887
Q5218451	6000000069197854966
Q5218455	6000000024542464775
Q5218486	6000000019767837196
Q5218546	6000000008060997163
Q5218547	6000000036153144521
Q5218549	6000000009038257563
Q5218554	6000000014181738380
Q5218556	6000000022936068182
Q52186383	6000000027590872546
Q5218651	6000000000026256581
Q5218659	6000000016185839501
Q5218666	6000000046938503921
Q5218668	6000000033002795467
Q5218670	6000000174768535219
Q5218675	6000000000396543804
Q52186753	6000000032668219108
Q5218689	6000000004867826336
Q5218691	6000000004867826434
Q521871	6000000000728592688
Q5218750	6000000103661514821
Q52188031	6000000009804942810
Q5218934	6000000006439937372
Q5218941	6000000081134683174
Q5218949	6000000102537212979
Q5218951	6000000012941461938
Q5218966	6000000101114399299
Q5218983	6000000018961015769
Q5218995	6000000181741446838
Q5219006	6000000019380809439
Q5219007	6000000015379803487
Q5219011	6000000020460675242
Q5219015	4328773005400121608
Q5219018	6000000016128468279
Q5219054	6000000006964093867
Q5219094	6000000003147066640
Q5219104	6000000021478928275
Q5219106	6000000083865190503
Q5219107	6000000005437496936
Q5219119	6000000011393001676
Q5219153	6000000176499147837
Q5219155	6000000009224468865
Q5219184	6000000077058134131
Q52193169	6000000008392592677
Q5219458	6000000038239936201
Q521947	6000000167364527856
Q5219495	6000000012652952125
Q521950	6000000026190568131
Q521959	6000000045205157044
Q5219593	6000000015273376803
Q52196082	6000000017307645421
Q52196090	6000000140138794250
Q5219646	6000000107535422958
Q52196893	6000000010485422201
Q5220195	6000000000509581945
Q5220215	6000000105379287823
Q5220231	6000000105320065859
Q522057	6000000076993703868
Q5220831	6000000007353349147
Q5220857	6000000014223629016
Q522107	6000000174043221834
Q5221079	6000000003674895940
Q52210990	6000000178876363823
Q522120	6000000016534049363
Q5221232	6000000174667998251
Q5221370	6000000012567400042
Q52213753	6000000073351840023
Q5221403	6000000075502044977
Q52214045	6000000006603806117
Q52214045	6000000184833448874
Q52214799	6000000006603725372
Q52214799	6000000184834121835
Q522153	6000000004213938183
Q5221593	6000000013332047236
Q5221602	6000000005851642009
Q522162	6000000024696596936
Q52216465	6000000025620472467
Q522167	6000000024821887379
Q5221990	6000000028754240519
Q52220367	6000000045744724049
Q522207	6000000015530673899
Q522209	6000000008286397919
Q52221361	6000000024848736058
Q52222473	6000000014777266084
Q52222498	6000000008612099361
Q5222270	6000000003908514101
Q5222272	6000000003908228322
Q52223030	6000000025005861269
Q52224371	6000000034977066991
Q52225500	6000000068031239133
Q522262	6000000052498540948
Q52226391	6000000003132184009
Q52227275	6000000036121648892
Q5222849	6000000128469669828
Q5222852	6000000145251583847
Q5222908	6000000000387348504
Q5222916	6000000001908811547
Q522292	6000000005951640001
Q5222952	6000000011516118745
Q5222958	6000000001069489006
Q5223021	6000000079639725944
Q52235478	6000000007245307209
Q52236026	6000000015184665136
Q522372	6000000081184934219
Q522373	6000000076274150870
Q5223817	6000000071281775854
Q52238406	6000000004593214596
Q52238539	6000000027688187199
Q522396	6000000010772862218
Q52240385	6000000044084498875
Q52240404	6000000021941043543
Q52240624	6000000019528540150
Q522426	6000000015669749628
Q52242600	6000000008353706087
Q52242600	6000000025083616213
Q522435	6000000001488133660
Q522436	6000000020130334033
Q5224626	6000000130104066024
Q5224683	6000000073409103847
Q5224698	6000000073211202942
Q5224705	6000000003342297895
Q522490	6000000020854283465
Q5225162	6000000053364396127
Q52252853	6000000020514904404
Q522529	6000000043084065868
Q52255448	6000000071897410784
Q522569	6000000106994766991
Q522582	6000000029594318858
Q522597	6000000054380826956
Q5226010	6000000007041872054
Q5226163	6000000040860082152
Q5226265	6000000075884133914
Q52264004	6000000010967445245
Q522676	6000000009949554608
Q522684	6000000013448265767
Q52268943	6000000015282056354
Q52269095	6000000019372966147
Q52270583	6000000007224564093
Q52271200	6000000021718217033
Q52272135	6000000008435104811
Q52272402	6000000055285819823
Q5227687	6000000007844698498
Q5227845	294135478290001459
Q52278809	6000000014058410687
Q52280660	6000000018893158674
Q5228237	6000000082914731179
Q522838	6000000037779379939
Q52285473	6000000002765263904
Q5228635	6000000069531244904
Q5228661	6000000040312534006
Q5228762	6000000177659514826
Q522877	6000000017794878121
Q522888	6000000017286669585
Q5228934	6000000121562609822
Q5229126	6000000035589614750
Q52291551	6000000022889651159
Q522920	6000000009916148797
Q5229278	6000000025128663123
Q5229309	6000000177930053769
Q5229498	6000000176234008848
Q52295163	6000000103157140847
Q522952	6000000080347515121
Q52295492	6000000152359239016
Q522961	6000000086076685875
Q522964	6000000069884544581
Q5229691	6000000017192996881
Q522975	6000000001767994076
Q522990	6000000008103964257
Q5229903	6000000002443530021
Q523013	6000000024004601079
Q523053	6000000013302922065
Q52305800	6000000008604717997
Q5230583	6000000020663185858
Q52305851	6000000026161286855
Q52305987	6000000118400639136
Q52306083	6000000046828760858
Q5230624	6000000006992271224
Q523064	6000000014698115122
Q5230730	6000000012722046608
Q5230827	6000000017055293678
Q5230843	6000000006321274673
Q523087	6000000075339264179
Q5230870	6000000176228802863
Q523094	6000000039587526620
Q5230942	6000000036904439843
Q5230952	6000000081482929329
Q5230974	6000000013053291444
Q5231032	6000000017670618843
Q5231033	6000000028873902297
Q523105	6000000007555367564
Q523109	6000000022206348698
Q5231113	6000000007321888494
Q523120	6000000013566537741
Q5231206	6000000031348631206
Q523123	6000000015262797545
Q5231233	6000000009580609015
Q5231269	6000000018731258981
Q523127	6000000015402350089
Q5231316	349887658740001961
Q5231354	6000000021288831169
Q523143	6000000008880678813
Q52315077	6000000021913085801
Q5231604	6000000000307240787
Q5231625	6000000003904581481
Q5231630	6000000010048712254
Q5231650	6000000033011423205
Q5231655	6000000001915909601
Q52316587	6000000005035974651
Q52316589	6000000032542871226
Q5231664	6000000003693227263
Q5231706	6000000181904089866
Q523172	6000000054434585857
Q5231782	6000000009669017387
Q5231834	6000000045713561082
Q5231837	6000000006243534179
Q5231892	6000000048617530821
Q5231959	6000000132256017840
Q523207	6000000031093675229
Q5232084	6000000011100568936
Q5232146	6000000002054885698
Q5232260	6000000007033731678
Q5232459	6000000023527611830
Q5232496	6000000008267582723
Q523252	6000000008097759669
Q5232596	6000000072051323140
Q5232647	6000000003621626835
Q5232662	6000000002020580351
Q5232676	6000000002980330452
Q5232761	6000000064944128030
Q5232796	6000000038624918097
Q5232798	6000000075655070036
Q5232806	6000000001131117315
Q523283	6000000166411786303
Q5232867	6000000002928657045
Q5232929	6000000003274531432
Q52329549	6000000011364012260
Q5232969	6000000013141243461
Q5232994	6000000012889472193
Q5233054	6000000170127544828
Q5233075	6000000019298558813
Q523308	6000000016750810148
Q5233090	6000000062581590883
Q5233092	6000000002927433875
Q5233113	6000000018160566168
Q5233114	6000000013983902282
Q5233136	6000000001383089554
Q52331778	6000000024346723025
Q5233191	6000000012814745723
Q5233255	6000000002635374937
Q5233280	6000000044182103904
Q5233349	6000000026381870297
Q5233363	6000000176861067824
Q5233377	6000000006291440703
Q5233414	5343657430580103665
Q5233415	6000000017404467630
Q5233416	6000000017532526908
Q5233420	6000000030233761179
Q5233449	6000000169355007823
Q523346	6000000029350308121
Q5233476	6000000064175895081
Q5233505	6000000019792125675
Q523352	6000000002240840920
Q5233527	6000000055369051035
Q5233540	6000000015095962785
Q523355	6000000111946053107
Q5233641	6000000034745825697
Q5233734	6000000077147986013
Q5233742	6000000020774749232
Q5233749	6000000019251481226
Q5233749	6000000172476106876
Q5233752	6000000008839918583
Q5233766	6000000199013045821
Q5233797	6000000002031430921
Q5233819	6000000016314862456
Q523382	6000000013630558524
Q5233847	6000000010459331491
Q5233888	6000000002802476401
Q5233894	6000000078104496139
Q5233896	6000000017836947132
Q523390	6000000012329870126
Q5233905	6000000030856171016
Q5234018	292259899270008537
Q52340523	6000000013300415256
Q5234118	6000000163128717938
Q5234119	6000000011819946039
Q523415	6000000023215809314
Q5234153	6000000035075388200
Q5234165	6000000143803013981
Q5234177	6000000029681772896
Q523420	6000000182363914830
Q523424	6000000035525243181
Q5234246	6000000010094406072
Q5234247	6000000006822218753
Q5234382	6000000013299326162
Q5234522	6000000027813684373
Q5234551	6000000030208934907
Q5234555	6000000050974644260
Q5234685	6000000004148910717
Q5234782	6000000056224113223
Q5234782	6000000174816543060
Q5234819	6000000015058444334
Q5234849	6000000009128825590
Q5234905	6000000167801805875
Q5234936	6000000177567565847
Q5234943	6000000007370029255
Q5235027	6000000036960540571
Q5235044	6000000004079761966
Q5235149	6000000087963023035
Q5235165	6000000037357430954
Q5235233	6000000061024552844
Q5235245	6000000019753440921
Q5235253	6000000011196579034
Q5235256	6000000107529403328
Q5235271	6000000051826080884
Q5235307	6000000006907191244
Q5235310	6000000025472922994
Q5235362	6000000017097654634
Q523539	6000000124305681862
Q52354	6000000013432761751
Q5235479	6000000081532521059
Q5235531	6000000018164175188
Q523564	6000000039847291328
Q5235657	6000000093736463829
Q5235678	6000000027269571410
Q5235755	6000000002765603686
Q5235764	6000000002704966704
Q5235767	6000000161532489832
Q5235772	6000000034871150888
Q523578	6000000017215977333
Q5235827	6000000000348850427
Q5235833	6000000031942901355
Q5235834	6000000140251872904
Q5235849	6000000076843271466
Q5235859	6000000034944662095
Q5235906	6000000002076899405
Q523592	6000000015242912838
Q5235952	6000000049083066918
Q5236012	6000000052046346858
Q5236023	6000000001915168003
Q5236025	6000000182579726904
Q5236051	6000000016271930588
Q5236073	6000000010812085931
Q5236099	6000000104755279946
Q523613	6000000002608120773
Q5236134	6000000004644521367
Q5236228	6000000028560264051
Q5236238	6000000017496551756
Q523626	6000000150673013891
Q5236275	6000000027914367125
Q5236373	6000000003289715403
Q5236413	6000000004079535284
Q5236423	6000000093549985120
Q523644	6000000024486818706
Q5236441	6000000012580281713
Q5236465	6000000002838173736
Q5236503	6000000001915170827
Q5236589	5494252930610022546
Q5236618	6000000011824943379
Q5236628	4847625658810018686
Q5236632	6000000010895095728
Q5236739	6000000046000495505
Q5236787	6000000006348687755
Q5236795	176137
Q5236915	6000000063639859029
Q5236918	6000000013239063773
Q523694	6000000011194398558
Q5236993	6000000149871456833
Q5237001	6000000179045626822
Q5237060	6000000011182335047
Q5237104	6000000022201951176
Q5237164	6000000122512657892
Q5237204	6000000085569475924
Q5237218	6000000035792783220
Q5237313	6000000077950712627
Q5237369	6000000025519610112
Q5237383	6000000041781882892
Q5237388	6000000011801638184
Q5237398	6000000078485813245
Q5237499	6000000011173778905
Q5237500	6000000011706903980
Q5237550	6000000028543815999
Q5237580	6000000139437199695
Q5237595	6000000036292914290
Q5237599	6000000040105813858
Q52376016	6000000174745593866
Q5237612	6000000006782953644
Q5237620	6000000053246859945
Q5237655	6000000014558466748
Q5237664	6000000010647707951
Q5237670	6000000021385273414
Q5237793	6000000057465439940
Q5237832	6000000011600017778
Q5237935	6000000014866090312
Q52379459	6000000138954704883
Q5237960	6000000051089952891
Q5238028	6000000011361239993
Q5238032	6000000000632095655
Q5238035	6000000000480489459
Q5238136	6000000008847831128
Q523815	293925425010002413
Q5238201	6000000003419730024
Q5238203	6000000003419648354
Q5238204	6000000003419658514
Q5238233	6000000015893630116
Q5238243	6000000008970523455
Q5238249	6000000085570600831
Q5238315	6000000069296522206
Q5238325	6000000066753003894
Q523835	6000000135263774843
Q5238437	6000000055517949870
Q5238440	6000000003001523691
Q5238524	6000000041134280048
Q5238551	6000000103730294821
Q5238561	323744364600007795
Q52385749	6000000179166427834
Q5238584	6000000046628336010
Q5238589	6000000181254815839
Q5238666	6000000043082302071
Q5238687	6000000008906199969
Q523870	6000000040289036464
Q52388599	6000000004387429499
Q5238871	6000000077998345318
Q523888	6000000062012067183
Q5238883	6000000024848011642
Q5238956	6000000009925418324
Q5238963	6000000007321673558
Q5239025	6000000021785576381
Q5239090	6000000042001537936
Q5239097	6000000124443495839
Q5239102	6000000071264353072
Q5239104	6000000035173000221
Q5239107	6000000002993354683
Q52391090	6000000018163133241
Q5239126	6000000029695773569
Q5239220	6000000017488595635
Q5239242	6000000019137577679
Q5239252	6000000009074782711
Q5239255	6000000042517649002
Q5239338	6000000026867994027
Q5239360	6000000033050031152
Q5239397	6000000016189632642
Q5239437	6000000077867748096
Q5239472	6000000003677335427
Q5239528	6000000048603374985
Q52395622	6000000078169446849
Q5239614	6000000043725563415
Q5239619	6000000013910337890
Q5239626	6000000002778237848
Q5239626	6000000013104885635
Q523964	6000000020087544158
Q5239640	6000000083603346119
Q5239641	6000000042404512567
Q5239651	6000000013031689722
Q5239667	6000000167351467417
Q5239679	6000000006823468819
Q5239704	6000000017487111170
Q5239720	6000000187466245822
Q5239766	6000000017356534901
Q5239788	6000000011244476296
Q5239791	6000000010045571270
Q52398097	6000000023733557513
Q5239829	6000000031579650232
Q5239831	6000000014339658723
Q52398490	6000000024685706197
Q5239913	6000000102853329828
Q5239949	6000000002188368185
Q5239969	6000000097747704388
Q5240030	326729015500004367
Q5240093	6000000050207866835
Q5240122	6000000033283253266
Q524017	6000000006835500390
Q5240228	307066225450007096
Q5240231	6000000019857459904
Q5240252	318716870060003633
Q5240265	6000000028742037734
Q5240274	6000000021329373352
Q5240311	6000000078804808557
Q5240368	6000000115556328855
Q5240370	6000000163767894831
Q5240429	6000000078513667106
Q52405715	6000000178777089828
Q5240614	6000000002980607250
Q52407	6000000172867550827
Q5240703	6000000078383474983
Q524071	6000000033257118889
Q5240731	5710882617730135452
Q5240780	6000000030531372511
Q5240800	6000000178569785946
Q5240839	6000000012950454348
Q5240845	6000000119464482977
Q5240884	6000000076725198521
Q524093	6000000003827438682
Q524094	6000000006784226604
Q5240960	6000000028786523104
Q5240961	6000000005437463429
Q5240964	6000000014493574520
Q5240971	6000000008223671324
Q524106	6000000013292191999
Q5241077	6000000079460213821
Q5241098	6000000003940678342
Q52411	6000000008670524485
Q5241164	6000000007587781382
Q5241181	6000000055981055019
Q5241190	6000000015302510451
Q5241285	6000000013970477239
Q524137	6000000055571257864
Q5241452	6000000003866559210
Q5241458	6000000015597428825
Q5241460	6000000012701731327
Q5241478	6000000016228218997
Q5241479	6000000014417740600
Q524162	6000000140428231320
Q52416400	6000000003243122097
Q524168	6000000014182296514
Q52417022	6000000187030744847
Q5241851	6000000013243645870
Q52418658	6000000164236747851
Q5241888	6000000038623801925
Q52418964	6000000151399664885
Q52419387	6000000035997953798
Q52419629	6000000145549953854
Q5241988	6000000023166290371
Q524200	6000000006589243711
Q524217	6000000011800720609
Q52421981	6000000154872876831
Q52422470	6000000076932759227
Q524236	6000000015157974649
Q5242433	6000000049755844850
Q524248	6000000156210850884
Q5242727	6000000183381820844
Q5242758	6000000079387808854
Q524278	6000000022424431852
Q5242832	6000000023149609028
Q524290	6000000060273795951
Q5243059	6000000075424570830
Q524314	6000000019558135202
Q5243259	6000000006235957057
Q52432946	6000000010468136629
Q52433	6000000176741416911
Q5243309	6000000015065509629
Q52434872	6000000002188409385
Q524358	6000000126091217860
Q524360	6000000177427570824
Q52436292	6000000002889246168
Q524369	6000000054248981846
Q5243720	6000000083325020269
Q5243747	6000000002447381612
Q52437642	6000000024760773290
Q52437988	6000000032751112348
Q52438	6000000011023523935
Q5243878	6000000091012161959
Q524388	6000000178184936822
Q524392	6000000009958151381
Q5243965	6000000011702525024
Q5243987	6000000107501073870
Q5243989	6000000107499369840
Q52440	6000000040292033054
Q5244174	6000000014425747579
Q5244176	6000000097861927009
Q5244178	6000000043071451915
Q5244180	6000000064485834893
Q52442278	6000000029199045078
Q5244246	6000000000271568013
Q5244246	6000000083606814734
Q52442462	6000000024985431032
Q52442462	6000000179025058847
Q52442501	6000000029198809229
Q52443299	6000000031803039832
Q52443677	6000000024613926992
Q5244369	6000000002808743135
Q52443722	5724170012580137943
Q52443895	6000000032794594231
Q524440	6000000040983128586
Q524445	6000000055326068008
Q5244614	6000000025456521044
Q524470	6000000013885838851
Q524474	3111727
Q52448228	6000000019076715257
Q5244872	6000000036343536431
Q524489	6000000021775916744
Q524500	6000000027899337809
Q5245037	6000000016194807452
Q52450625	6000000020662222581
Q52451459	6000000007241497426
Q524529	6000000003593032718
Q524534	6000000003581290925
Q5245415	6000000182586320838
Q524543	348883925430002174
Q524544	5156887094190047618
Q524574	6000000035169497997
Q524575	6000000050632461507
Q5245784	6000000017516272722
Q52458018	6000000011026787381
Q5245973	6000000176036952835
Q5246109	6000000078393597756
Q5246161	6000000089143244028
Q5246182	6000000006281870526
Q5246201	6000000022717902168
Q524637	6000000006910465237
Q524659	6000000008736253157
Q524664	6000000003102147163
Q5246718	6000000183618163823
Q5246909	6000000005410284733
Q52469098	6000000051520333087
Q524693	6000000046940786396
Q524711	6000000001946025130
Q5247297	6000000019774853366
Q5247485	6000000084035817663
Q5247502	6000000001937653050
Q52476712	6000000015717433343
Q52476731	6000000029060775472
Q524768	6000000009958831212
Q524770	6000000055156611914
Q524772	6000000018580547715
Q524780	6000000043438837717
Q5248232	6000000040616293382
Q5248239	6000000006606049305
Q52482529	6000000026039614671
Q5248285	6000000048388233872
Q5248342	6000000183726635859
Q5248405	6000000156972658821
Q524850	6000000045558314017
Q5248571	6000000033685646120
Q5248575	6000000020975314384
Q524858	6000000002764365394
Q524860	6000000007796326339
Q524863	6000000163750368861
Q5248779	6000000012677082665
Q52487987	6000000029390602621
Q524896	6000000008395287283
Q5249169	6000000032345239770
Q5249192	6000000080803168971
Q524922	6000000015783076676
Q524930	6000000081305811162
Q5249301	6000000002447369144
Q524942	6000000022274701574
Q52495938	6000000017669258746
Q524960	6000000067019808445
Q52498302	6000000224546840179
Q52498719	6000000012797772235
Q5249886	6000000075756020836
Q5249887	6000000030233208502
Q5249911	6000000002674368062
Q52500090	6000000017810379338
Q525002	6000000014263959751
Q525020	6000000009580852740
Q5250204	6000000034315889734
Q525025	6000000029644723498
Q525035	6000000009957576606
Q52503573	6000000027022674187
Q525043	6000000088406276822
Q525052	6000000064834978836
Q525065	6000000076972848819
Q5250696	6000000179851963830
Q52508969	6000000003181457399
Q52509123	6000000002588529156
Q525092	6000000011723607242
Q525099	6000000026844915321
Q525110	6000000019832468987
Q52514942	6000000003243285068
Q525168	6000000024694402093
Q5251786	6000000010792950710
Q5251803	6000000008880128199
Q525192	6000000012798891487
Q525221	6000000014024160142
Q525229	6000000002111653475
Q5252290	6000000008491995211
Q5252362	6000000025292649521
Q525238	6000000223772194877
Q5252650	6000000077100766181
Q525283	6000000066365795826
Q52529077	6000000014320804965
Q5252928	6000000035608807366
Q525300	6000000040610199547
Q525306	6000000070990828846
Q5253145	6000000024580498167
Q52531778	6000000008350740374
Q525318	6000000058808601507
Q525330	6000000019360082217
Q52533305	6000000041575011144
Q52534278	6000000010218897911
Q52534365	6000000066686323892
Q52534665	6000000041276988113
Q5253545	6000000176475437836
Q52536084	6000000091400696982
Q52536128	6000000010793573723
Q525362	6000000029428513489
Q5253706	6000000002516097381
Q525378	6000000019832783624
Q52538334	6000000027049876695
Q5254343	6000000110569451843
Q525445	6000000005036527383
Q5254552	6000000003418684012
Q5254963	6000000178919984836
Q525511	6000000091243257949
Q5255204	6000000081022153315
Q5255232	6000000081914739243
Q525531	6000000179313716980
Q52553193	6000000018171731236
Q52553333	6000000013543249755
Q52553471	4023278520990079010
Q5255365	6000000089883881874
Q5255382	6000000002213763494
Q52554617	6000000027050457165
Q52554727	6000000016443173497
Q52554728	6000000173744414710
Q52554815	6000000000356334547
Q52554830	6000000083763440882
Q52554975	6000000071135522855
Q52555066	6000000037433963400
Q52555069	6000000025226438240
Q52555075	6000000020813849821
Q52555936	6000000022450356652
Q52556397	6000000072977453028
Q525606	6000000030859551017
Q525619	6000000015804050465
Q5256264	6000000020708782825
Q525628	6000000035439977538
Q525663	6000000028098760888
Q525670	6000000059996686184
Q5256919	6000000132406005828
Q52569686	6000000003112138632
Q52570	6000000002362009090
Q525700	6000000002605732103
Q5257072	6000000012999401657
Q5257094	6000000028974633508
Q525711	6000000069637786964
Q5257125	6000000014803976461
Q5257126	6000000016798326904
Q525713	6000000006598608545
Q5257157	6000000138930556934
Q525716	6000000028147964939
Q5257189	6000000027380905665
Q5257200	6000000030763013047
Q525733	6000000027470854398
Q5257345	6000000024387704140
Q525736	6000000094439179702
Q5257365	6000000030090178947
Q5257380	6000000035058531895
Q5257384	6000000034515260871
Q5257434	6000000035057528244
Q5257488	6000000011649469285
Q5257492	6000000018648576136
Q52575026	6000000006127284192
Q5257522	6000000018157067649
Q5257567	6000000002188630192
Q525757	6000000041688102751
Q5257640	6000000016045141477
Q5257656	6000000183562963833
Q525767	6000000137366109906
Q5257672	6000000012432951588
Q5257734	6000000004868960119
Q5257737	6000000004857609811
Q52577926	6000000135075840840
Q5258081	6000000000857165912
Q5258124	6000000007510668579
Q525813	6000000001550129831
Q5258156	6000000103864210885
Q5258190	6000000012677070801
Q52582	6000000032644149111
Q5258306	6000000165381939919
Q5258316	6000000141445032844
Q5258318	6000000010580810402
Q5258326	6000000071442534118
Q5258413	6000000007394003067
Q5258507	6000000015824969363
Q5258518	6000000010987501516
Q5258565	6000000003112674611
Q5258643	6000000021035011284
Q5258655	6000000028147401139
Q525867	6000000068739663981
Q5258710	6000000014735264433
Q52587392	6000000002577276935
Q525884	6000000182010067830
Q5258840	6000000003688071724
Q5258851	6000000006590520267
Q5258854	6000000002674896439
Q52589	6000000034269943851
Q525893	6000000003831071281
Q5258977	6000000071153854824
Q525903	6000000006589287344
Q525904	6000000046556479827
Q5259041	6000000035924132797
Q5259062	6000000039968471606
Q5259083	6000000026649350747
Q5259182	6000000000560322280
Q5259199	6000000048789178984
Q5259203	6000000012473134273
Q5259210	6000000181274943821
Q525935	6000000008557582426
Q525936	6000000141108855190
Q525950	6000000026272608643
Q52596	6000000017172577191
Q5259618	6000000032609686182
Q525984	6000000005384576883
Q5259866	6000000003203168265
Q5259901	6000000010807384292
Q5259909	6000000002775296554
Q5259916	6000000019749275709
Q5259920	6000000019749623776
Q526022	6000000071063215151
Q526044	6000000145331700848
Q52605928	6000000014057802988
Q526060	6000000017242720278
Q526105	6000000010573776893
Q52611	6000000027105198758
Q526113	6000000145341285063
Q526128	6000000006444746112
Q5261284	6000000009934593327
Q5261565	6000000008445731633
Q52617701	6000000032121096924
Q52617735	6000000007300821248
Q526179	6000000000959311346
Q526181	6000000018658182466
Q5261889	6000000020924413151
Q5262107	6000000002188493936
Q5262171	6000000142480462050
Q526220	6000000018704653051
Q5262203	6000000013043820089
Q5262275	6000000179236373823
Q526240	5338616666060024263
Q5262561	6000000009090264081
Q5262641	6000000049861794022
Q5262733	6000000002115855404
Q5262735	6000000003232566229
Q5262790	6000000012657978934
Q5262792	6000000027986016940
Q5262796	6000000026010752787
Q5262858	6000000003858554878
Q526287	6000000038712421233
Q52629407	6000000007408835286
Q5262975	6000000008496381663
Q52631023	6000000011750928488
Q5263110	6000000025677062478
Q5263119	6000000009729203098
Q5263286	6000000081285390282
Q526330	6000000096856607823
Q5263300	6000000001708945431
Q5263308	6000000013230490976
Q5263309	6000000013240625027
Q5263323	6000000025738985704
Q5263386	6000000009939103497
Q5263417	6000000000410433936
Q52634170	6000000016789736609
Q52634185	6000000064488161915
Q52634227	6000000010223550189
Q526343	305835495250007137
Q526345	5294680875640107797
Q526356	6000000037965766904
Q526357	6000000039280127559
Q52636165	6000000026150366043
Q52636579	6000000000933699719
Q52637267	6000000005598897792
Q52637815	6000000112299892076
Q52637858	6000000057005844909
Q5264	6000000011410012323
Q526406	6000000106600987904
Q5264142	6000000002799100954
Q5264222	6000000003650696033
Q52643034	6000000018305815113
Q5264694	6000000072515614135
Q5264703	6000000043046670760
Q5264706	6000000014146729585
Q5264720	6000000014024326583
Q5264721	6000000008873178767
Q5264723	6000000017797287107
Q5264724	6000000069564948939
Q5264725	6000000032209869975
Q5264758	6000000027341934500
Q526484	6000000139378029826
Q52651	6000000016822478204
Q526581	6000000048017768881
Q52658959	6000000019489926855
Q52658990	6000000177213840841
Q526592	6000000002860860154
Q526615	6000000046130855075
Q526673	6000000190046778093
Q52669300	6000000105522632883
Q526694	6000000184267371840
Q52669429	6000000026975880470
Q52669501	6000000011772156002
Q52669674	6000000029825397817
Q52669718	476987
Q52670263	6000000017585544594
Q526709	6000000013239804476
Q526716	6000000076929002184
Q526718	6000000018542552530
Q52673978	6000000056811074109
Q52674218	6000000007264182947
Q52674621	6000000007264370246
Q52675110	6000000056811693834
Q526755	6000000007258288948
Q526770	6000000069320428898
Q5267803	6000000041012733850
Q526787	6000000012989247082
Q52679	6000000017193930847
Q52680086	6000000018028714115
Q526803	6000000008250910035
Q5268184	6000000019099590797
Q5268205	6000000182427809821
Q5268414	6000000015116379694
Q52685435	6000000009413061071
Q52685634	6000000036730770121
Q526876	6000000007132115369
Q526879	6000000012965567051
Q526911	6000000135710737847
Q526915	4209739
Q52691532	6000000077849301061
Q526928	6000000092300101126
Q52693108	6000000015673012987
Q526932	6000000106872697848
Q526942	6000000000726846049
Q52694965	6000000007550023736
Q52695233	6000000064576250882
Q52695264	6000000024806062453
Q52695604	6000000031815249965
Q52696007	6000000036278353712
Q52696039	6000000036278536482
Q5269611	6000000024788970877
Q52696264	6000000030001463943
Q526966	6000000008011166315
Q52696676	6000000009930424562
Q526993	5224562042000062872
Q527001	6000000021884755469
Q5270053	6000000074746553892
Q527012	6000000127866396822
Q52702348	6000000086809573877
Q5270657	6000000074697927684
Q5270726	6000000012737285481
Q52707488	6000000024080615808
Q52708042	6000000002765647244
Q52708349	6000000024080568698
Q52709250	6000000065176250530
Q527095	6000000166226970844
Q527099	6000000177265387824
Q52709911	6000000011792672081
Q527103	6000000015653671946
Q5271122	6000000003681351803
Q5271143	6000000000280223244
Q5271173	6000000002145322016
Q5271185	6000000009316302052
Q5271190	6000000016093595857
Q5271252	6000000019475136816
Q5271254	6000000032210910920
Q5271258	6000000017538669180
Q527128	6000000006727778918
Q5271319	6000000122883839834
Q5271322	6000000056868614821
Q5271337	6000000009354017123
Q5271368	6000000008242297712
Q5271395	6000000020559807975
Q527140	6000000002502063773
Q5271408	6000000042857716480
Q5271445	6000000144715967940
Q52714485	6000000006373691031
Q527146	6000000040125245352
Q5271509	6000000029201603897
Q527177	4798948074490024774
Q5271919	6000000029556399862
Q527201	6000000175593766890
Q52720191	6000000009219055052
Q527202	6000000016256342312
Q52720527	6000000023681840986
Q52721021	6000000009220107866
Q527216	6000000052767009059
Q527218	6000000179150016842
Q527226	6000000008630269909
Q527242	6000000011998765086
Q52725762	6000000029141448953
Q5272615	6000000037699343952
Q5272728	6000000035503915949
Q5272818	6000000041156126125
Q5272886	6000000072452321239
Q5272918	6000000184269110850
Q5272970	6000000067195957853
Q527303	6000000069822788564
Q5273030	6000000010486568277
Q5273083	6000000023648127726
Q5273097	6000000009109937732
Q5273119	6000000009349312173
Q52731288	6000000024773328004
Q52731500	6000000029698682701
Q5273163	6000000064759189843
Q5273179	6000000042395166711
Q527324	6000000004117518263
Q5273322	6000000052235348477
Q52733351	6000000084154783869
Q5273345	6000000039968811117
Q5273364	6000000019005084668
Q527338	6000000013630930012
Q5273479	6000000020732491385
Q5273480	2201715
Q5273524	6000000008901024576
Q52735493	6000000019012976114
Q5273573	1602190
Q52735831	4003557
Q527359	6000000025259781173
Q52736027	943151
Q52736314	1745322
Q527375	6000000001554227975
Q52739493	6000000020306113134
Q5274121	6000000013127746925
Q527414	6000000081650663083
Q527420	6000000077313339279
Q5274239	6000000003926125595
Q5274240	6000000017011299851
Q5274241	6000000025499313873
Q5274331	6000000005558041042
Q52743948	6000000013949099279
Q527450	6000000024321512749
Q5274559	6000000043543370909
Q527462	6000000009567669422
Q5274623	6000000003493011384
Q5274648	333216836240004514
Q527479	6000000017563967347
Q527486	6000000015119720011
Q5274869	6000000008497779129
Q527493	6000000036971602379
Q527509	6000000047860044948
Q5275107	6000000010152819168
Q5275136	6000000056970787923
Q5275169	6000000011800644452
Q527553	6000000035997575065
Q5275592	6000000016324167184
Q5275593	6000000009992418255
Q5275632	6000000043235482225
Q527573	6000000020617194959
Q527599	6000000013850625240
Q527607	6000000109504919881
Q5276181	6000000035325631258
Q52766442	6000000008425851005
Q52767925	6000000006128310434
Q52768493	6000000090936593831
Q5276925	6000000014838108371
Q5276960	6000000083189875389
Q5276995	6000000040808232886
Q52770497	6000000024824245230
Q527705	6000000020115853759
Q52771566	6000000020360690715
Q527735	6000000028052100689
Q52775018	6000000002028697999
Q5277843	6000000024672287388
Q5277871	3724940
Q5277927	6000000008960624712
Q5278284	6000000011264731339
Q527835	6000000016694932095
Q5278391	6000000012655167487
Q527841	6000000019347141567
Q527843	6000000156643166857
Q52784655	6000000029308790800
Q52784687	6000000038845628339
Q5278480	6000000183613416902
Q5278485	6000000070648281931
Q5278534	6000000012654998510
Q5278542	6000000172777818822
Q527871	6000000014316046182
Q5278716	6000000018391674002
Q5278752	6000000009744112213
Q527882	6000000002525472310
Q527890	6000000011630736683
Q527897	6000000029902984497
Q5279084	6000000149927178947
Q527920	6000000003200201663
Q5279267	6000000031775665877
Q5279343	6000000023811588664
Q527981	6000000009626448487
Q5280191	6000000000536302638
Q52804230	6000000001357052425
Q5280795	6000000032919767213
Q5280796	6000000032866208491
Q5281002	6000000014472451278
Q52813864	6000000207422047839
Q52813936	6000000074584113847
Q528162	6000000003995170953
Q5281721	6000000002778880262
Q528192	6000000022729656825
Q528206	6000000001713374434
Q52821957	6000000014057490985
Q52821957	6000000039916267934
Q5282222	6000000006788399573
Q528235	6000000016543515045
Q528240	6000000114656595928
Q528261	6000000002334126691
Q52826182	5717750733620044143
Q52828689	6000000004934114559
Q52828927	6000000149640943943
Q528300	6000000067088778940
Q528309	6000000068846618938
Q528340	6000000029320652858
Q52834053	6000000011755237944
Q52834445	6000000019510639293
Q52834607	6000000018168930972
Q5283679	6000000040667374892
Q5283683	6000000003510619531
Q528382	6000000016558543132
Q5284	6000000002467188250
Q5284057	6000000031576147958
Q528428	6000000006885854780
Q5284367	6000000001653185455
Q52843822	6000000003938778580
Q528460	6000000017461547090
Q52846541	6000000002614390239
Q52847180	6000000000806377611
Q52847461	6000000026240660950
Q528476	6000000006598320910
Q5284816	6000000035569685421
Q5284829	6000000021150648833
Q5284834	6000000041239131581
Q5284870	6000000010580818582
Q5284905	6000000176951277888
Q528493	6000000000478368420
Q5285135	6000000009945992417
Q528521	6000000151400639911
Q528527	6000000015921568488
Q528528	6000000140691156859
Q528576	6000000024294747463
Q528596	6000000010481494522
Q528598	6000000086634017913
Q528612	6000000020768506115
Q528620	6000000145757500098
Q528631	6000000198254577857
Q5286615	6000000046470701913
Q5286753	6000000005441933138
Q528676	6000000011537596722
Q52869824	6000000159322594826
Q5287015	6000000026490396125
Q528702	6000000077050094235
Q528703	6000000113103806822
Q5287069	6000000001357461486
Q5287077	6000000056603223967
Q5287101	6000000178871111848
Q5287103	6000000071107229845
Q528742	307353290130001855
Q528752	6000000007503658343
Q52876	6000000090710993834
Q528775	6000000020182937946
Q52878	6000000003673683526
Q528788	6000000004829447054
Q528802	6000000070213638821
Q5288036	6000000013901474025
Q5288036	6000000038124363278
Q528811	6000000024033468890
Q528812	6000000030966684821
Q528836	6000000003985120103
Q5288821	6000000015603648097
Q5288937	6000000189171976846
Q5288962	6000000015183896435
Q5288993	6000000008265608346
Q52890	4209146
Q5289121	6000000006882628062
Q5289138	6000000197126881826
Q528922	6000000002915348176
Q5289257	6000000005278352006
Q528927	6000000069077573843
Q5289290	6000000014562524205
Q5289293	6000000014695228237
Q5289338	6000000043604835836
Q5289389	6000000009486760986
Q528943	6000000008332398507
Q528947	6000000007453978394
Q5289516	6000000056809081975
Q5289526	6000000006582720709
Q528965	6000000007490675148
Q528979	6000000035657141564
Q5289916	6000000014358313988
Q528997	6000000015194433471
Q529	6000000008542335623
Q5290102	6000000017374244232
Q5290128	6000000009246995627
Q5290358	6000000000202596979
Q5290360	6000000036951904876
Q5290362	6000000001758789747
Q5290373	6000000039681679204
Q52903743	6000000002095357569
Q5290407	6000000103363195836
Q5290410	6000000013029354677
Q5290431	6000000100775461827
Q529045	6000000003421420908
Q5290458	6000000061117167871
Q5290504	6000000163745534861
Q5290578	6000000010095820222
Q529090	6000000041641253036
Q5290904	6000000009980044528
Q5290920	6000000002447381586
Q5290939	6000000037956091317
Q5290953	6000000010838557085
Q529098	6000000156417419856
Q5290986	6000000001407682179
Q529102	6000000135123314837
Q52910827	6000000146236194866
Q5291111	6000000154350870821
Q5291131	6000000083753161967
Q529130	6000000012387004241
Q529140	6000000078388967850
Q52914502	6000000019209324650
Q529148	6000000012583448305
Q529156	6000000077772728440
Q52917	6000000041546984801
Q529189	6000000000608333055
Q529195	6000000037355200356
Q52920	6000000023718558262
Q529207	6000000016776491435
Q529209	6000000027040739854
Q529211	6000000011808715788
Q5292143	6000000009626477358
Q5292178	6000000076049964304
Q52922	6000000000333559871
Q5292232	6000000002702174575
Q5292239	6000000012350193592
Q5292240	6000000078346350893
Q529231	6000000021478388890
Q5292384	6000000002173042776
Q5292385	6000000001384608041
Q5292398	6000000076296326970
Q52924	6000000001561727235
Q5292409	6000000078404236978
Q529241	6000000105186765863
Q52925	6000000001390149431
Q529254	6000000184222410835
Q52926	6000000001561849052
Q529262	6000000122291636829
Q5292633	6000000063830071867
Q5292644	6000000036540095896
Q52926497	6000000176856444827
Q52927	6000000001561724257
Q5292721	6000000149242930571
Q529276	6000000001762339038
Q52928	310876642120006420
Q5292824	6000000056121697231
Q52929	4107368
Q529290	6000000089234355985
Q52929022	6000000019829524021
Q5292923	6000000016925397722
Q529294	6000000016494129029
Q529297	6000000014454851158
Q5292992	6000000092740476941
Q52930	4107259
Q5293003	6000000014440567167
Q52931	4369404
Q52932	6000000001368230897
Q52933	310829931440007062
Q529336	6000000032588232703
Q52934	6000000001368483175
Q529342	6000000015824786940
Q529344	6000000025124677090
Q5293464	6000000048899731302
Q5293480	6000000133387305897
Q52935	6000000000677886618
Q529351	6000000027739396012
Q5293521	6000000174863833086
Q52936	6000000001367482744
Q5293605	6000000001915168099
Q5293639	6000000056034904101
Q529367	6000000004079757411
Q5293676	6000000012714757222
Q529372	6000000035040004240
Q5293755	6000000039082814522
Q5293769	6000000026439669147
Q52938	6000000001368806207
Q529380	6000000071251526932
Q5293873	6000000171552723076
Q52939	6000000001164855134
Q5293951	6000000073591866872
Q5293960	6000000044011446091
Q5293973	6000000081984691865
Q5293975	6000000055685728879
Q5293998	6000000010851063566
Q52940	6000000005644700019
Q5294009	6000000010450489336
Q529401	6000000080190331189
Q5294023	6000000020021100582
Q5294025	6000000040238054996
Q52940596	6000000002905222196
Q52940644	6000000035987027450
Q5294122	6000000013701164204
Q5294124	6000000013695332829
Q5294125	6000000013695039188
Q529415	5260120766220057577
Q5294185	6000000040736655522
Q5294232	6000000206312509847
Q5294249	6000000039735151647
Q5294306	6000000140295013822
Q5294332	6000000050423663949
Q5294341	6000000071082083938
Q5294351	6000000024959867075
Q5294382	2822353
Q52944	6000000000698378262
Q529441	6000000006444750600
Q5294439	6000000015057969083
Q5294450	6000000010090353872
Q5294452	6000000025819169886
Q52945	4371107
Q5294506	6000000007097642119
Q5294522	6000000006733188225
Q5294526	6000000010223981712
Q5294587	6000000003253450812
Q52947	4369969
Q5294708	6000000015732860001
Q5294710	6000000010962729139
Q5294724	6000000082919465865
Q5294736	6000000026080342252
Q5294746	6000000061303300835
Q5294768	6000000019940120184
Q5294773	6000000073857433826
Q5294781	6000000006267698115
Q5294786	6000000013566657514
Q5294805	6000000007035974544
Q5294807	6000000009838856221
Q5294840	6000000018278781840
Q5294866	6000000026066868863
Q5294884	6000000012608070645
Q5294941	6000000002906923698
Q5294942	6000000041212471735
Q5294944	6000000012600086274
Q5294945	6000000089130653867
Q5294947	6000000012845217116
Q5294953	6000000074787392878
Q5294994	6000000002489541637
Q52950	6000000007753247555
Q529500	6000000069443762017
Q5295064	6000000116524263266
Q52950779	6000000010104235373
Q5295099	6000000012677242778
Q52951	4682019947080021618
Q529514	6000000018788751594
Q5295156	5535377772930062070
Q529517	6000000008967738052
Q5295228	6000000196123240857
Q5295231	6000000000718692382
Q529524	6000000006810377530
Q5295305	6000000143360652929
Q5295335	6000000027607434892
Q529539	6000000005598992705
Q5295464	6000000018774352196
Q529550	6000000023174478655
Q529558	6000000008175360364
Q5295582	6000000177986236845
Q52956	6000000009440687863
Q52958	6000000019752434390
Q529582	6000000010545021445
Q529591	6000000023203122866
Q529599	6000000176019348836
Q52960	6000000000333991126
Q529601	6000000007149069214
Q529608	6000000005684593001
Q529612	6000000039518753299
Q5296272	6000000109361069878
Q5296280	6000000075223774038
Q529638	6000000000623547573
Q529639	6000000004097311802
Q52964	6000000013400421736
Q529654	6000000002251217845
Q529663	6000000018102441828
Q52968	6000000006127636133
Q5296813	6000000020806975837
Q52969	6000000024873761726
Q529696	6000000018687856045
Q529699	4709896
Q5296995	6000000017371496242
Q52972	6000000042509058517
Q5297405	6000000071744270998
Q5297408	6000000035912547368
Q5297412	6000000023342032882
Q5297449	6000000015281561986
Q52974537	6000000110055834893
Q5297507	6000000038720327145
Q5297559	6000000010318208491
Q5297561	6000000027002950913
Q5297644	6000000016728990168
Q5297658	329896113710004159
Q5297666	6000000007104430666
Q5297687	6000000073810233117
Q5297703	6000000011071319517
Q5297721	6000000018049447146
Q529775	6000000032467511393
Q5297751	6000000015273165629
Q5297808	6000000177317827901
Q5297836	6000000035776214955
Q5297930	6000000004533525691
Q5297950	6000000025385566325
Q5297963	6000000059332733060
Q5297975	6000000006805377028
Q5297996	6000000010462602462
Q5298007	6000000033118607872
Q5298213	6000000009465450905
Q5298222	6000000006740489218
Q5298266	6000000000632193402
Q5298275	6000000026462495384
Q5298292	318412396020001671
Q5298296	316614051130004959
Q5298298	6000000001341193435
Q5298304	6000000004841460518
Q5298317	6000000028146003760
Q5298325	6000000040543907620
Q5298334	6000000179611883824
Q5298340	6000000015717549435
Q5298346	6000000047458688964
Q529838	6000000083018541053
Q5298385	6000000010056843432
Q5298390	6000000045959492060
Q5298430	6000000024036241670
Q5298437	6000000025542925230
Q5298439	6000000006118797605
Q5298449	6000000165832470829
Q5298454	6000000014149215091
Q5298463	6000000001961447466
Q5298470	6000000201605788838
Q5298479	6000000029122743949
Q52985	6000000027682429399
Q529855	6000000027293303494
Q5298567	6000000009720529485
Q52985750	6000000184089953824
Q529858	6000000069595207836
Q5298586	6000000002905988704
Q5298600	6000000002577615676
Q529861	6000000022969994834
Q5298615	6000000012977061154
Q5298641	6000000000157521132
Q5298642	6000000014340732161
Q5298644	6000000013414996698
Q5298649	358245516290006097
Q5298667	347991667950011398
Q5298677	6000000009353991741
Q5298678	6000000014839792107
Q529873	6000000035843370405
Q5298757	6000000007014454291
Q5299006	6000000017341749969
Q52990899	6000000087115099825
Q529914	6000000020195497209
Q52991709	6000000087115125822
Q52993449	286048103530004020
Q529962	6000000035729756927
Q529975	6000000017567512968
Q529984	6000000004655788055
Q53001	6000000021384896660
Q53002	6000000031306768993
Q5300213	6000000000816281124
Q53003	6000000009544014521
Q53003339	6000000001849614573
Q530037	6000000002975909501
Q53004	6000000011539388773
Q5300433	6000000037724036993
Q5300478	6000000041113115629
Q5300479	6000000041113440224
Q530056	6000000017088499621
Q5300560	6000000017233738191
Q5300580	6000000037197764081
Q53006	6000000145340662168
Q5300679	6000000027899443093
Q53009	6000000068386981003
Q530093	6000000008795648227
Q53010	6000000096329175920
Q530123	6000000041163254928
Q53013	6000000092655392073
Q5301316	6000000001396282231
Q5301345	6000000102780957828
Q5301406	6000000027146422110
Q5301421	6000000038378663793
Q5301437	6000000103321824855
Q5301445	6000000026702020736
Q5301449	6000000025983240816
Q5301457	6000000001431791756
Q5301463	6000000111211925881
Q53015	6000000068387834850
Q530153	6000000012695104053
Q5301552	6000000009056439070
Q5301573	6000000003219289484
Q5301577	6000000028278097356
Q5301611	6000000015620360807
Q5301624	6000000021023673092
Q5301639	6000000016349637553
Q53016604	6000000026997281838
Q5301661	6000000078070796057
Q5301679	6000000020648874483
Q5301689	6000000083010159862
Q5301698	6000000183407831845
Q5301723	6000000076400573018
Q5301725	6000000017508974281
Q5301728	6000000054253547862
Q5301738	6000000172506536079
Q5301767	6000000008328042337
Q5301770	6000000002889123772
Q5301840	6000000011796865796
Q5301846	6000000062824584942
Q530187	6000000003638486603
Q5301888	6000000003818206341
Q5301897	6000000056341904985
Q5301898	6000000015879651416
Q5301989	6000000016740086723
Q53020	6000000141106821872
Q5302006	6000000008944014741
Q530201	6000000002733292087
Q5302019	6000000032105664176
Q5302032	6000000021418869126
Q5302115	6000000010011377489
Q5302175	6000000000121293615
Q53023	6000000070556122481
Q5302316	6000000007711453261
Q5302353	6000000010221082722
Q5302357	341166608550003380
Q5302570	6000000012708231400
Q53026	6000000068375900863
Q5302604	6000000012749446704
Q530264	6000000016428012423
Q53028	6000000151005754055
Q53030337	6000000024530496645
Q53031	6000000002662303098
Q530310	6000000007043073647
Q530319	6000000015074922436
Q53032031	6000000024530954406
Q53032176	6000000017982799254
Q530333	6000000015302180220
Q53034	6000000069654600163
Q53035	6000000069481769892
Q53035335	6000000006127484898
Q53037	6000000137843852834
Q5303759	6000000039430222152
Q530377	6000000027420247495
Q530383	6000000023517449510
Q530386	6000000034123977135
Q5304049	6000000031480220378
Q53041	6000000151132923974
Q5304103	6000000006968344227
Q530423	1623833
Q530435	6000000030042669829
Q53045	6000000164465714181
Q5304515	6000000029259432155
Q53047577	6000000057728107824
Q53047650	6000000056965011854
Q530494	6000000003419541631
Q53050	6000000069718758843
Q530524	6000000002090632584
Q530550	6000000015063168964
Q5305596	6000000143786930890
Q530562	6000000002598400318
Q5305798	6000000000905967476
Q530581	6000000011031177588
Q5305858	6000000177924950897
Q530590	6000000178602492841
Q5305942	6000000073126085925
Q530617	6000000116855199357
Q5306259	6000000002643813083
Q530627	6000000174314007827
Q5306331	6000000129437768932
Q530639	6000000028495128853
Q530646	6000000184081107837
Q530647	6000000012385938325
Q530655	6000000044424899898
Q530656	6000000028315439080
Q5306591	6000000017617297779
Q53066421	6000000021185396791
Q530667	6000000048346159895
Q53068	6000000015212233370
Q530682	6000000012423667556
Q5306921	6000000041027087122
Q5306990	6000000178357080821
Q5307199	6000000054244917847
Q5307215	6000000007888382172
Q5307262	6000000015692542132
Q5307286	6000000010419556787
Q5307528	6000000023231149238
Q530755	6000000197694185881
Q530758	6000000000840115271
Q530765	6000000064380043468
Q53078108	6000000028711543497
Q530783	6000000013339031753
Q5307835	6000000009928728326
Q5307863	6000000014568943393
Q530808	6000000021948574020
Q530820	6000000027576133642
Q530824	6000000064576386013
Q530825	6000000090582640220
Q530839	6000000159287853828
Q530870	5180206760260114592
Q530875	6000000015208469692
Q530877	6000000049911737998
Q5308793	6000000057139958984
Q5308807	6000000050109685857
Q530883	6000000017494492665
Q53091259	6000000148756922850
Q530921	6000000015208693830
Q53092130	6000000012011854293
Q53092134	6000000011627495167
Q53092262	6000000012749201708
Q53093056	6000000008178431202
Q5309402	6000000000969926735
Q5309500	6000000048830640848
Q53095790	6000000038238672922
Q53097283	6000000006796039516
Q53098702	6000000030033289899
Q530997	6000000184532419821
Q53100	6000000015210314815
Q531001	6000000004593203003
Q5310055	6000000074717264939
Q5310067	6000000012417810948
Q5310077	6000000075327431006
Q5310091	6000000075401988831
Q5310097	6000000075325933755
Q5310311	6000000177151872966
Q531033	6000000000189534395
Q5310358	6000000022602950671
Q5310386	6000000178968574835
Q531040	6000000077296389970
Q5310438	6000000017112374285
Q53104997	6000000063200204007
Q53105362	6000000027668330690
Q531086	6000000018631007496
Q53111	6000000100225724896
Q53111024	6000000031734765075
Q531114	6000000000082884738
Q5311285	6000000000910411379
Q531133	6000000034876886260
Q531153	6000000009925210246
Q5311566	6000000039968167645
Q53117735	6000000051873196066
Q5311819	6000000020471588708
Q5311831	6000000018750988059
Q5311835	6000000025522528124
Q5311845	6000000171939983838
Q5311848	6000000175771871822
Q5311869	6000000026539127602
Q5311875	6000000033823489400
Q5311878	6000000011871467194
Q5311895	6000000003071284381
Q5311906	6000000003388964381
Q5311907	6000000009422823589
Q5311909	6000000009422950663
Q5311921	6000000014878677518
Q5311923	6000000039981273879
Q5311927	6000000017433136381
Q5311931	6000000006927373281
Q5311952	6000000057067311401
Q5311957	6000000013440340267
Q5311965	6000000009300777621
Q5311966	6000000024263312956
Q5311967	6000000011135034538
Q5311969	6000000024893286942
Q5311971	6000000025126488030
Q5311972	6000000008199188756
Q5311987	6000000003424793074
Q531199	6000000014656961410
Q53120	6000000056263415271
Q5312013	6000000025703741144
Q531210	6000000105085799924
Q5312320	6000000030901505156
Q5312322	6000000009617212165
Q531238	6000000080632864020
Q531240	4336510226100048418
Q531247	6000000178817374840
Q5312582	6000000075401637501
Q531273	6000000081745252380
Q53128657	6000000000003374146
Q531289	6000000019597973234
Q5312913	6000000039403098239
Q531293	6000000020956584523
Q53130091	6000000130449029922
Q531336	6000000017721742890
Q531358	6000000002454923838
Q531380	6000000174151316868
Q531385	6000000004003861812
Q531387	6000000002765747903
Q5314129	6000000016923266574
Q5314131	6000000013414995493
Q5314251	6000000005223565901
Q5314289	6000000054838364920
Q5314304	6000000052046993841
Q5314327	6000000012267023671
Q5314396	6000000019484114519
Q5314434	6000000029534171019
Q5314445	6000000177855069834
Q531450	6000000011199730525
Q5314516	6000000018284979559
Q5314527	6000000019408712665
Q5314608	6000000007859444870
Q531461	6000000002862630060
Q5314610	6000000006348961309
Q5314616	6000000017595176199
Q5314621	6000000016657213334
Q531467	6000000013448540265
Q5314705	6000000007153374491
Q531473	6000000017073531932
Q531477	6000000022335467030
Q531499	6000000043058839928
Q5315246	6000000039793584020
Q53153533	6000000077229133844
Q531548	6000000147750631122
Q53155238	6000000015716612410
Q531563	6000000133417670248
Q531569	6000000020666584880
Q53156927	6000000017933600667
Q53157043	6000000002413140078
Q531582	5450443637050110889
Q531594	6000000145084713822
Q531599	6000000025376757329
Q531624	6000000016265557023
Q531628	6000000138985670821
Q531701	6000000056759604034
Q531718	6000000015488833162
Q531721	6000000036065858567
Q5317376	6000000115005244892
Q5317386	6000000060129344035
Q531743	6000000005598791911
Q531759	6000000074475823362
Q5317742	6000000087129478873
Q5317761	6000000042386274153
Q531777	6000000157669206996
Q5317850	6000000146124808832
Q531788	6000000014103666284
Q531790	6000000003446670148
Q5318109	6000000127194258852
Q5318111	6000000001383089524
Q5318139	6000000020468137873
Q531814	6000000009774826524
Q5318156	6000000005913714638
Q5318178	6000000017747797986
Q5318201	6000000036457474939
Q5318227	6000000008660627026
Q5318288	6000000002120237488
Q531834	6000000013942932039
Q531843	6000000060785754868
Q531850	6000000017284522192
Q5318557	6000000024644307560
Q531868	6000000008707305354
Q5318864	6000000066365442885
Q531889	6000000003581531499
Q531893	6000000095898153904
Q531918	6000000076890848890
Q5319497	6000000063148553871
Q531951	1062488
Q531973	6000000016571130274
Q531978	6000000047092927910
Q531983	6000000000073476646
Q532010	6000000020011477532
Q5320118	6000000164102694838
Q532017	6000000023827911735
Q532023	6000000013340581195
Q5320241	6000000006215353013
Q5320242	6000000006214394013
Q5320243	6000000006214713001
Q532025	6000000124424436049
Q5320262	6000000152457705821
Q532098	6000000131328534842
Q532107	6000000002188496266
Q532111	6000000091773984011
Q53212000	6000000024035176845
Q532121	6000000016396851538
Q5321375	6000000029739328793
Q53215035	6000000006444798211
Q532169	6000000045998355898
Q5321713	6000000017578093125
Q53217149	6000000013239554889
Q5321726	6000000172444638314
Q532174	6000000050023143050
Q5321748	6000000041711774418
Q5321759	6000000147290719822
Q532180	6000000033373290923
Q5321816	6000000021276635994
Q532182	6000000103627796821
Q53218266	6000000018084855981
Q532184	6000000075918896821
Q5321841	6000000037565493243
Q5321862	6000000020169349996
Q5321871	6000000005599120113
Q5321890	6000000079588892745
Q5321908	6000000123507125998
Q532192	6000000013081291463
Q5322007	6000000015936973729
Q53220102	6000000006444395436
Q5322084	6000000013926644365
Q5322110	6000000043909260132
Q5322119	6000000030497865693
Q5322135	6000000012814375240
Q5322152	6000000013020163336
Q53221592	6000000007992261357
Q5322178	6000000013607601299
Q532220	6000000019923138320
Q53222038	6000000006444373631
Q53224375	6000000030143682735
Q53224424	6000000006444278433
Q532248	6000000012330687742
Q532279	6000000027790887500
Q53230360	6000000026653108843
Q53231341	6000000003265467472
Q532329	4547614728790128039
Q532337	6000000117376471829
Q53234043	6000000010926003643
Q532343	6000000039316272225
Q53234729	6000000020309347044
Q53235242	6000000019978394565
Q532354	6000000012963636521
Q532359	6000000010597809757
Q532375	6000000013516689303
Q53239088	6000000044057908907
Q532423	6000000050507810989
Q532442	6000000045721939863
Q532444	6000000035599706420
Q532445	6000000034338055697
Q532457	6000000036830432313
Q532480	6000000016562153668
Q532481	6000000178351261852
Q532522	6000000045780733918
Q532524	6000000094506021857
Q53252431	6000000062643959544
Q53252478	6000000020492582930
Q5325599	6000000002115904068
Q5325708	6000000004359728891
Q532574	6000000016841246325
Q5325741	6000000026844902112
Q5325768	6000000004392262393
Q5325780	6000000000704981008
Q5325804	6000000061088627198
Q5325809	6000000074075234904
Q5325827	6000000009766641872
Q5325830	6000000089516886654
Q532586	6000000026494103294
Q5325876	6000000097558460028
Q5325886	6000000122844125821
Q5325899	6000000021994845853
Q5325900	6000000108862847826
Q5325908	6000000003517070136
Q532592	6000000000051590571
Q5325954	6000000029324687049
Q5325969	6000000025501678552
Q5326005	6000000000207276263
Q5326015	6000000082665505498
Q5326044	6000000050652805313
Q5326064	6000000029559717442
Q5326072	6000000140994867834
Q5326099	6000000032059290481
Q5326112	6000000017208106185
Q5326138	6000000048455642083
Q532620	6000000013540344503
Q532624	6000000010162711132
Q532638	6000000028932358601
Q5326421	6000000030182344174
Q532643	6000000003827855731
Q5326431	6000000052616128875
Q5326452	6000000002275741299
Q532647	6000000045233266082
Q532659	6000000166918515838
Q532661	6000000045233397503
Q532671	6000000041176730512
Q532683	6000000021065086153
Q5327	6000000036987548400
Q532708	6000000010581874160
Q532760	6000000062304258085
Q532817	6000000099422998081
Q532827	6000000021915568822
Q532852	6000000107931348929
Q53286	6000000020075498015
Q53287072	6000000001357825397
Q532873	6000000026538148680
Q532915	6000000009925334819
Q53292	6000000030053782428
Q532935	6000000045746024112
Q5329368	6000000018776636962
Q53294	6000000026271393379
Q532958	6000000010792972617
Q532975	6000000038200151011
Q5329798	6000000016795873175
Q532982	368237188550004271
Q53300	6000000001137451410
Q533022	6000000019139842738
Q533042	6000000017548526432
Q533048	6000000182784330824
Q53305	6000000007540600374
Q53307957	6000000081440607978
Q53310	6000000007511693011
Q533121	6000000013564494999
Q5331464	6000000030708024911
Q533147	6000000008425657438
Q5331516	6000000008241324128
Q5331518	6000000032390659821
Q5331529	6000000011871781257
Q5331531	6000000022538562463
Q5331592	6000000014428226540
Q5331593	6000000015614318139
Q5331594	6000000019922592620
Q5331602	6000000094093771851
Q5331609	6000000074253435831
Q5331612	6000000012874065024
Q5331639	6000000002341991793
Q5331641	6000000001563102948
Q5331643	6000000018465338460
Q5331643	6000000180755772837
Q5331649	6000000053030832871
Q5331651	6000000003243617132
Q5331656	6000000014234000012
Q5331676	6000000015591740561
Q5331681	6000000003221207186
Q5331682	6000000065513854960
Q5331689	6000000020461272310
Q533169	6000000044035536349
Q5331702	6000000012531866013
Q5331705	6000000080343147977
Q5331708	6000000105499470847
Q5331717	6000000074265812821
Q5331719	6000000001314271538
Q5331722	6000000006290004755
Q5331724	6000000001678452627
Q5331735	6000000001384708825
Q5331736	6000000012794490630
Q5331739	6000000115334612724
Q5331744	6000000030572224264
Q5331750	6000000004851487427
Q5331764	6000000005103669198
Q5331811	6000000077305631690
Q533189	6000000009377320529
Q533207	4326203884240055483
Q533214	6000000035888581082
Q5332155	6000000180398673822
Q533230	6000000080427851842
Q53325	6000000011799971394
Q533284	6000000039350084683
Q5332852	6000000000437016536
Q533287	6000000018391566119
Q5333	6000000001939144341
Q533330	6000000001312950368
Q533353	6000000005964370129
Q53336877	6000000072431346847
Q53339805	4673010
Q53339820	6000000053748148912
Q533403	6000000000295886210
Q53342865	6000000019642407742
Q53343	6000000015506760409
Q53343256	6000000019986417054
Q53343693	366425699030011847
Q533441	6000000021746116238
Q533444	6000000039007991873
Q5334664	6000000179541489840
Q53346791	6000000013322865725
Q53346811	6000000008981457745
Q533469	6000000063793472885
Q53347247	6000000002641546927
Q5334742	6000000157910070878
Q5335035	6000000103944735222
Q533505	6000000039050790496
Q53350569	6000000009393814294
Q53350724	6000000069221935167
Q5335126	6000000014101587679
Q5335129	6000000102192097822
Q5335182	6000000006783329037
Q5335270	6000000196328350832
Q533544	6000000049862933899
Q533546	6000000071322490341
Q5335518	6000000036644657280
Q5335520	6000000060795564962
Q5335534	6000000036699657793
Q5335682	6000000029153623277
Q5335753	6000000082419911225
Q5335818	6000000048641410896
Q5335826	6000000006268150462
Q5335868	6000000028487777541
Q5335930	6000000002422731636
Q5335979	4587420446250041912
Q533605	6000000008843669825
Q5336080	6000000017739236595
Q5336218	6000000057594309545
Q53362190	6000000013165441305
Q5336272	6000000017265535860
Q533628	6000000007776846189
Q5336309	6000000012654664215
Q5336367	6000000003014665349
Q5336392	6000000054082895284
Q53364340	6000000010066859359
Q533649	5051650756060041721
Q5336525	6000000029153740736
Q5336736	6000000021478856334
Q53368333	6000000057048334901
Q53368361	6000000000006838103
Q53368387	6000000069828806604
Q5336861	6000000002674521348
Q533692	6000000013647158872
Q5336926	6000000008906425041
Q533693	6000000017828503424
Q533696	6000000017669930749
Q533702	6000000172520718876
Q53370392	6000000009729171746
Q53370540	6000000016146922666
Q5337105	6000000031302115897
Q5337123	6000000021516346750
Q5337126	6000000027612335213
Q5337132	6000000077139888992
Q5337135	6000000077253448821
Q5337136	6000000000021922560
Q5337168	6000000075678952069
Q5337205	6000000005006582245
Q5337250	6000000068819703834
Q5337259	6000000009515832852
Q5337294	310239665890004596
Q5337296	6000000087221571847
Q5337308	6000000020483518962
Q5337319	6000000014715487124
Q5337320	6000000024317982738
Q533733	6000000129560493326
Q5337337	6000000018702116541
Q5337338	6000000018702914261
Q5337354	6000000001462368307
Q5337355	6000000026118902022
Q5337362	6000000001456394469
Q5337394	6000000008530287036
Q5337395	6000000023912312089
Q5337411	6000000016607477895
Q5337426	6000000023387036903
Q5337435	6000000108202058838
Q5337444	6000000020960713913
Q5337457	6000000045146258900
Q5337468	6000000007390685315
Q5337469	6000000026615423508
Q5337488	6000000002787254073
Q5337523	6000000030432272724
Q533781	6000000094133633204
Q533801	6000000023404029085
Q5338031	6000000018615110344
Q5338401	6000000077053591567
Q5338484	6000000005739837352
Q5338486	6000000057541424825
Q5338493	6000000036019457902
Q53385049	6000000019842328294
Q5338518	6000000028593475928
Q5338521	6000000016141374356
Q5338522	6000000013403999326
Q5338526	6000000015434667738
Q5338528	6000000017209570508
Q5338529	6000000009959547429
Q5338531	6000000112998994834
Q5338542	6000000003550529600
Q5338545	6000000011707753305
Q5338547	6000000033099298854
Q5338588	6000000002287552201
Q5338588	6000000025113026723
Q5338592	6000000009639569293
Q5338596	6000000022323673065
Q5338628	6000000073512320848
Q5338635	6000000003859420155
Q533864	6000000034574144222
Q5338645	6000000028201547055
Q5338648	6000000060811573944
Q5338652	6000000007086625206
Q5338658	6000000004550122548
Q5338659	6000000000720012889
Q5338661	6000000031362608681
Q5338676	6000000016238479217
Q5338681	6000000008562017884
Q5338686	6000000026074636164
Q5338688	6000000008880733633
Q5338690	6000000172467907441
Q533881	6000000168924528330
Q533883	6000000010022755480
Q5338843	6000000107621661846
Q5338867	6000000077590089973
Q5338889	6000000032122016897
Q5338903	6000000012657496010
Q5338909	6000000003219721781
Q5338916	6000000050577275985
Q5338935	6000000032783175846
Q5338936	6000000017213803603
Q53389521	6000000024430188067
Q53389600	6000000022525297156
Q53390	6000000042482995311
Q53391708	6000000018081337146
Q53391909	6000000055391454925
Q5339229	6000000025489959307
Q5339241	6000000027383696235
Q5339261	6000000003687349296
Q53392642	6000000024430045435
Q5339269	6000000004882838488
Q5339275	6000000010317958464
Q5339283	6000000027926180483
Q5339297	6000000000405550150
Q533931	6000000019046957581
Q5339314	6000000029409990478
Q5339315	6000000007151166318
Q5339325	6000000026323837456
Q5339327	6000000006444735033
Q5339334	6000000074666305910
Q5339338	6000000033121761826
Q5339347	6000000007372136705
Q5339348	6000000010190094208
Q5339350	6000000010810862130
Q5339351	5596710559680058175
Q5339354	6000000018783801034
Q5339365	6000000006444777484
Q5339376	6000000022256696269
Q5339388	6000000030647462840
Q5339400	6000000024838213402
Q5339412	6000000062310163150
Q5339418	6000000026654118308
Q5339419	6000000026662806317
Q5339423	6000000112992580867
Q5339428	6000000019979945976
Q5339429	6000000000076298062
Q5339430	6000000001877478702
Q5339431	6000000003397006967
Q5339433	6000000027899271882
Q5339441	6000000000912133738
Q5339442	6000000183699472831
Q5339445	6000000018484729198
Q5339450	6000000026873764828
Q5339455	6000000036579926419
Q5339460	6000000011964395829
Q533947	6000000009108511595
Q5339478	6000000008790028940
Q5339482	6000000015716095509
Q533950	6000000047977405054
Q5339504	6000000017258421673
Q5339518	6000000011662782792
Q5339519	6000000029231747116
Q5339534	6000000018844061442
Q5339537	6000000001504894000
Q5339539	6000000012137509730
Q5339542	6000000013431480427
Q5339553	6000000011362918485
Q5339554	6000000024492183893
Q5339570	6000000056030138849
Q5339574	6000000004162498271
Q5339580	6000000183433080891
Q5339586	6000000000071662031
Q5339588	6000000000504951392
Q5339589	6000000006597211022
Q5339602	6000000055369476838
Q5339611	6000000017075761393
Q5339615	6000000031886424071
Q5339617	6000000013058221073
Q533963	6000000016199332346
Q5339631	6000000020623695476
Q5339654	6000000001794878836
Q5339656	6000000008700079698
Q5339657	6000000111842415855
Q5339664	367424198850003846
Q5339681	6000000020705787212
Q5339682	6000000017893511022
Q5339685	6000000048650025878
Q5339687	6000000021390428649
Q5339691	6000000107948523902
Q533970	6000000019856067284
Q5339721	6000000002831290234
Q5339728	6000000014405730706
Q5339732	6000000015760624878
Q5339736	6000000027122833885
Q5339742	6000000026240903989
Q5339749	6000000015947594389
Q5339752	6000000019084178376
Q5339758	5555682042520121313
Q5339762	6000000003458794320
Q5339763	6000000003458657020
Q5339763	6000000085401639918
Q5339764	6000000000333217519
Q5339765	6000000002577661311
Q5339769	6000000012875794365
Q5339774	6000000002339170514
Q5339775	6000000008369957307
Q5339780	6000000021527766372
Q5339785	6000000066102245821
Q5339791	6000000003656632846
Q5339793	6000000075853236937
Q5339800	6000000017376848156
Q5339802	6000000008630277470
Q5339804	6000000046535720899
Q5339809	6000000001183049193
Q533981	6000000017309405249
Q5339812	6000000056461499907
Q5339814	6000000057150879049
Q5339820	6000000006101453326
Q5339823	6000000004533485252
Q5339836	6000000018657212138
Q5339839	6000000010807537138
Q5339841	6000000002907032107
Q5339867	6000000145882879867
Q533987	6000000180473759842
Q5339884	6000000016756594088
Q5339887	6000000024171583963
Q5339893	6000000176410230822
Q5339898	6000000003086690547
Q5339900	6000000185630273022
Q5339904	388968312500002010
Q5339907	6000000016956318516
Q5339917	6000000083217073310
Q5339941	6000000064226149100
Q5339943	6000000130996144933
Q5339950	6000000016668776568
Q5339976	6000000004585690211
Q5340001	6000000101454851025
Q5340051	6000000015208584457
Q5340053	6000000018409461736
Q534006	6000000075999596964
Q5340082	6000000036741043287
Q5340088	6000000019617831039
Q5340094	6000000035782893223
Q5340106	6000000002648357246
Q534016	6000000009655012636
Q534019	6000000016337769805
Q5340248	6000000014404903549
Q5340249	6000000046037495154
Q5340250	6000000088945315027
Q5340294	6000000022937235497
Q53403	6000000007507199466
Q5340306	6000000014358495045
Q5340333	6000000003816785334
Q5340369	6000000081247359254
Q5340382	6000000078412898424
Q5340385	6000000077073350345
Q5340426	6000000158800190848
Q5340447	6000000002764525029
Q5340453	6000000008506888622
Q5340507	6000000003366248808
Q5340509	6000000026854259995
Q5340517	6000000002918342846
Q5340538	5517229568040132722
Q5340542	6000000018120249160
Q5340543	6000000000408269283
Q5340549	6000000001169881292
Q5340550	6000000008708486405
Q5340551	6000000008708397511
Q53405657	6000000019845822133
Q5340569	6000000032203036605
Q534057	6000000181967673822
Q5340576	6000000002424328876
Q534063	6000000080864153278
Q534064	6000000005682611110
Q5340649	6000000010830208844
Q5340659	6000000038657951522
Q5340685	6000000001183567329
Q5340732	376068189730013234
Q5340734	6000000003389296435
Q5340774	6000000015228354586
Q5340776	6000000083085877001
Q5340786	6000000017774676438
Q534080	6000000084529926856
Q5340816	6000000008439213447
Q5340826	6000000099473019842
Q534089	6000000000770001431
Q53410	6000000073843864305
Q534109	6000000076673309258
Q534116	6000000009212049842
Q534127	6000000072167373913
Q534128	6000000067847438094
Q5341360	6000000037577305008
Q5341361	6000000009574345540
Q5341362	6000000137114960821
Q5341364	6000000003502653420
Q5341368	6000000003647475334
Q5341372	6000000018168520294
Q5341387	6000000060303412911
Q5341393	6000000020076052318
Q5341394	6000000202205063822
Q5341400	6000000009472195536
Q5341401	6000000175029395071
Q5341432	6000000007051987296
Q5341442	6000000012677052119
Q5341455	6000000184425700843
Q5341463	6000000000368959352
Q5341473	6000000026173387859
Q5341484	6000000012965605053
Q5341485	6000000026325963606
Q5341506	6000000010372877463
Q5341528	6000000039211623715
Q5341534	6000000003094721300
Q5341539	6000000014874581430
Q5341545	6000000024639897218
Q5341558	6000000079265856852
Q5341560	6000000025371228233
Q5341580	6000000038203236610
Q5341585	6000000000115096974
Q5341586	6000000019284403332
Q5341590	6000000174720486971
Q5341596	6000000006444597423
Q5341608	6000000013288347108
Q5341614	6000000004571320741
Q5341622	6000000066652026961
Q5341628	6000000007331236231
Q5341634	6000000152280039874
Q5341641	6000000021135281859
Q5341644	6000000015274104511
Q5341648	6000000016155032549
Q5341653	6000000017236052374
Q5341654	367425659210003842
Q5341657	6000000027083648609
Q5341678	6000000176984064840
Q534169	6000000062443812200
Q5341695	6000000009728899414
Q5341698	6000000007436651651
Q5341708	6000000001610824659
Q5341716	6000000015061090869
Q5341724	6000000019094800553
Q5341751	6000000015249984773
Q5341753	6000000007038793056
Q5341761	6000000003232523957
Q5341781	6000000175887705841
Q5341783	6000000002116051644
Q5341793	6000000099228927846
Q5341803	6000000178558534828
Q5341819	6000000008839966635
Q5341821	6000000008839357123
Q5341828	6000000017926251886
Q5341831	6000000030970281324
Q5341838	6000000000695254675
Q5341855	6000000183708405861
Q5341883	6000000001898704235
Q5341886	6000000012573211131
Q5341887	6000000012574348770
Q5341891	6000000010515007516
Q5341892	6000000041510263591
Q5341894	6000000030939738930
Q5341916	6000000016324445076
Q5341919	6000000022216968567
Q5341920	6000000013343138154
Q5341921	6000000004867680875
Q5341925	6000000048484459843
Q5341929	6000000006444081570
Q5341939	6000000037680496463
Q5341941	6000000050493943171
Q5341948	6000000013372304369
Q5341949	6000000002831290615
Q5341951	6000000038970854447
Q5341953	6000000011157647680
Q5341954	6000000007456577860
Q5341962	6000000032162936608
Q5341964	6000000038608478678
Q5341974	6000000128958773947
Q5341989	6000000027897634739
Q53420	6000000021694052426
Q5342007	6000000003867154197
Q5342011	385058409900002295
Q5342024	6000000013679261243
Q5342025	6000000015761255122
Q5342026	6000000002455370465
Q5342034	6000000035599974299
Q5342040	6000000008946396034
Q5342041	6000000013415253566
Q5342054	6000000054656742821
Q5342064	6000000026755825862
Q5342065	6000000013344183217
Q5342068	4260113
Q5342073	6000000006598461887
Q5342074	6000000001982581710
Q5342093	6000000016763865175
Q5342115	6000000011571436119
Q5342118	6000000015846844185
Q5342140	6000000026964757533
Q5342147	6000000006252326016
Q5342154	6000000038869777890
Q5342158	6000000043335563687
Q5342166	6000000070949134080
Q5342177	6000000100727870010
Q5342179	6000000043311260572
Q5342180	6000000002188466679
Q5342184	6000000069524339141
Q5342195	6000000002849297801
Q5342206	6000000040970923903
Q5342217	6000000013403856971
Q5342218	6000000019553241091
Q5342251	6000000012990602704
Q5342254	6000000037979482117
Q5342257	6000000016301512196
Q5342266	6000000002898237024
Q5342269	6000000047574440821
Q534227	6000000091177161822
Q5342277	6000000039412446069
Q5342285	6000000010602729648
Q5342286	6000000025293811377
Q5342289	6000000011061845961
Q5342291	6000000179073865869
Q5342297	6000000019562392904
Q5342298	6000000120603410834
Q5342308	6000000073048262863
Q5342317	6000000016959849652
Q5342327	6000000016917567945
Q5342329	6000000016267225414
Q5342348	6000000023504537642
Q5342349	6000000011157229246
Q5342350	6000000025989481013
Q5342352	6000000064386368888
Q5342353	6000000082533226874
Q5342358	6000000015600376734
Q5342363	6000000006476400575
Q5342388	6000000035090075452
Q534239	6000000165979874621
Q5342392	6000000001053569182
Q5342400	6000000027950172259
Q5342403	6000000015013871983
Q5342404	6000000013041733357
Q5342412	6000000003463786190
Q5342422	6000000030884054618
Q5342426	6000000013547660304
Q5342440	6000000023467006857
Q5342451	6000000114330425952
Q5342460	6000000059193831899
Q5342462	6000000006444366051
Q5342463	6000000023790806362
Q5342468	6000000050437033856
Q5342471	6000000151686754161
Q5342478	6000000004868960440
Q5342483	6000000008321599676
Q5342492	6000000126295093835
Q5342504	6000000013817116097
Q5342511	6000000017275145126
Q5342514	6000000043431825220
Q5342529	6000000025941042475
Q5342557	6000000018099504385
Q5342558	6000000000711279591
Q5342558	6000000036125951001
Q5342562	6000000025532713198
Q5342567	6000000024186388930
Q5342574	6000000016766520992
Q5342584	6000000021302063177
Q5342591	6000000008447733407
Q5342594	6000000013688044999
Q5342596	6000000002539393565
Q5342597	6000000008447855415
Q5342612	6000000017195973254
Q5342627	6000000013761097323
Q5342629	6000000013076812520
Q5342630	6000000083068161950
Q5342644	6000000003132959623
Q5342655	6000000099122084821
Q5342678	6000000015181704465
Q5342688	6000000013213836801
Q5342701	6000000014874665068
Q5342714	6000000050536089022
Q5342715	6000000009325114584
Q5342726	6000000012803521279
Q5342728	6000000020881297032
Q5342742	6000000077808190879
Q5342743	6000000014386822142
Q5342752	6000000008630274303
Q5342758	6000000027573897582
Q5342772	6000000033894635392
Q5342784	6000000040323878253
Q5342792	6000000156297620822
Q5342805	6000000078078692919
Q5342807	6000000038629717985
Q5342810	6000000010058879636
Q5342811	6000000168641387835
Q5342813	6000000074783130826
Q5342859	6000000016273150214
Q5342861	6000000040266698260
Q5342863	6000000025804237039
Q5342877	6000000012646849201
Q5342892	6000000052825567889
Q5342894	6000000011772081825
Q5342896	6000000018679933135
Q5342901	6000000009675353147
Q5342912	6000000002023407361
Q5342913	6000000010810565285
Q5342915	6000000006999740002
Q5342915	6000000107621722887
Q5342918	6000000004868937864
Q5342919	6000000013250054701
Q5342929	6000000016912887350
Q5342939	6000000050676694832
Q5342946	6000000029301371261
Q5342947	6000000013331167750
Q5342955	6000000014018948100
Q5342959	6000000025415847378
Q5342967	6000000069560340209
Q5342994	6000000046941475133
Q5342998	6000000018698397482
Q534301	6000000012750569726
Q5343022	6000000006120274974
Q5343023	6000000021954568840
Q5343030	6000000156217381884
Q5343049	6000000052172172910
Q534305	6000000038325892808
Q5343055	6000000056421515980
Q5343056	6000000029739581569
Q5343070	6000000015942091463
Q5343074	6000000077101510114
Q5343077	6000000078706648110
Q5343078	6000000155854739834
Q5343095	6000000031309662944
Q5343097	6000000012096116509
Q5343102	6000000001877484836
Q5343123	6000000010685852986
Q5343153	6000000015809125824
Q5343163	6000000007418036960
Q5343165	6000000005420938096
Q5343168	6000000042309650350
Q5343174	6000000003901811624
Q5343176	6000000004079698732
Q5343183	6000000014589269053
Q5343184	6000000018965709001
Q5343190	6000000013001629254
Q5343196	6000000054849637846
Q5343213	4260321518710012828
Q5343220	6000000073430761922
Q5343235	6000000012767105392
Q5343256	6000000067565085821
Q5343278	6000000018656924324
Q5343286	6000000025636015368
Q5343297	6000000018949167629
Q5343301	6000000002188552839
Q5343311	6000000004154057818
Q5343313	6000000003455533139
Q5343315	6000000010324631765
Q5343316	6000000002115911703
Q5343317	6000000014048137567
Q5343318	6000000005598980572
Q5343319	6000000003455257999
Q5343332	6000000011542779855
Q5343349	6000000066917147828
Q5343351	6000000016910915797
Q5343362	6000000002006460157
Q5343364	6000000012749393336
Q5343365	6000000174703511206
Q5343367	6000000079144625913
Q5343371	3729375
Q5343374	6000000017688587811
Q5343392	6000000003217290029
Q5343402	6000000007512948597
Q5343406	5483709755190121062
Q5343422	6000000077139252666
Q5343428	6000000011167813840
Q5343429	6000000001877493988
Q5343439	6000000027290853690
Q5343444	6000000115826121854
Q5343455	6000000012261437117
Q5343471	4522632
Q5343479	6000000018215457131
Q5343483	6000000017026062767
Q5343494	6000000008998758771
Q5343496	6000000175544225864
Q5343504	6000000000963431071
Q5343505	6000000046876902068
Q5343512	353256103770012119
Q5343513	6000000003114192332
Q5343515	6000000013971012393
Q534354	6000000068891729881
Q5343553	6000000004036422629
Q5343569	6000000003076496515
Q5343570	964071
Q5343575	6000000013431559362
Q5343592	6000000015841633066
Q5343607	6000000062553242016
Q5343663	6000000067395473982
Q5343675	6000000011908470303
Q53437	6000000001470080006
Q534371	6000000004549350893
Q5343711	6000000015769516323
Q5343714	6000000026768059763
Q5343726	6000000024846068198
Q5343727	6000000018637135081
Q5343734	6000000019227230199
Q5343739	6000000142317330821
Q5343749	6000000103883108244
Q5343759	6000000008135867294
Q5343761	6000000002764858948
Q5343770	6000000020841711987
Q5343791	6000000084707578827
Q5343793	6000000015076601252
Q5343796	6000000008663085709
Q53438	5318646737330089414
Q5343815	6000000029174960848
Q5343816	6000000045144571838
Q5343832	6000000019061466027
Q5343833	6000000019071431211
Q5343839	6000000013334659416
Q53438402	6000000019681334187
Q534385	6000000033000355844
Q5343859	6000000018381965002
Q5343889	6000000027228678172
Q5343890	6000000009284359462
Q5343892	6000000005391817196
Q5343901	5207545392090105934
Q5343908	6000000008152806706
Q5343938	6000000029681633381
Q5343940	6000000024413338336
Q5343952	6000000022022470799
Q5343956	6000000001854344992
Q5343961	6000000008667420334
Q5343962	6000000009664472740
Q5343964	6000000029881388410
Q5343967	6000000023322447898
Q5343981	6000000178003911965
Q5343986	6000000012676904664
Q5343987	6000000021185399152
Q5344002	6000000080593500954
Q5344003	6000000032079412965
Q5344036	6000000083209163823
Q5344039	6000000025709881816
Q5344040	6000000066365422052
Q5344048	6000000048020482085
Q5344056	6000000093575394911
Q5344057	6000000003540363602
Q5344058	6000000017531764931
Q5344064	6000000150805387923
Q53440676	6000000015665026609
Q5344070	6000000178240268936
Q5344082	6000000034519418253
Q5344088	5326648089940121826
Q5344101	6000000004079705722
Q5344102	6000000020249847804
Q5344104	6000000020249452661
Q5344106	6000000010022794515
Q5344110	6000000023967536237
Q5344111	6000000023731168475
Q5344113	6000000019883181291
Q53441171	6000000003665867741
Q5344125	6000000042716054224
Q5344126	6000000010801134723
Q5344154	6000000058676484128
Q5344160	6000000003764565246
Q5344163	6000000020275585845
Q5344175	6000000013430808448
Q5344181	6000000015663054476
Q5344185	6000000001937713410
Q534419	6000000076895141840
Q5344192	6000000001720777279
Q53442	6000000014766170887
Q5344206	6000000019188069159
Q5344208	6000000002928597660
Q5344209	6000000028648274529
Q534428	6000000075682912029
Q5344286	6000000025877075294
Q5344294	6000000002721282433
Q5344312	6000000076787213307
Q534436	6000000013618246664
Q5344364	6000000010869029343
Q5344398	6000000146043242855
Q53444	6000000002240806179
Q5344410	6000000106319088830
Q5344417	6000000104933032893
Q5344421	6000000018898565685
Q5344429	6000000009885558055
Q5344445	6000000015396377544
Q534445	6000000007345355788
Q5344450	6000000004867702156
Q5344453	6000000027470991046
Q5344459	6000000065901249843
Q5344469	6000000009991150711
Q5344483	6000000004555722001
Q5344489	6000000002188674383
Q5344491	6000000004402978318
Q5344494	6000000006567159467
Q5344495	6000000006444645820
Q5344497	6000000006444459927
Q5344508	6000000047937839532
Q5344523	6000000030934594252
Q5344529	6000000007235885291
Q5344542	6000000005437646731
Q5344549	6000000022135300377
Q5344550	6000000006274806576
Q5344567	6000000070637141100
Q5344568	6000000029248264063
Q5344597	6000000036883585069
Q5344603	6000000000074474475
Q5344605	6000000001588496007
Q5344610	6000000057121812828
Q5344618	6000000077375268842
Q53446202	6000000001399631973
Q5344621	6000000009614666611
Q5344626	6000000021388098582
Q5344628	6000000007807173357
Q5344630	6000000001299356499
Q5344637	6000000002390685748
Q5344641	6000000003873974862
Q5344652	6000000019598975057
Q5344656	6000000083581633862
Q5344657	6000000002266457511
Q5344670	6000000010898600258
Q53446750	6000000001399689214
Q5344690	6000000031106949276
Q5344692	6000000043809590043
Q5344694	6000000184332477830
Q5344697	6000000030412181426
Q5344704	6000000012871361569
Q5344707	6000000013376546258
Q5344717	6000000026233954354
Q5344719	6000000070998487014
Q5344744	6000000013306986441
Q5344746	6000000011339264442
Q5344761	6000000052053053048
Q5344765	6000000003481741051
Q5344768	6000000082032911016
Q5344769	6000000038940895880
Q5344776	6000000078941807134
Q5344778	6000000008442153930
Q5344779	6000000000211145105
Q5344785	6000000019399226059
Q5344787	6000000012211771467
Q5344788	6000000012722800143
Q5344792	6000000020343181367
Q5344794	6000000072073440195
Q53448	6000000000307280073
Q5344800	6000000001384673677
Q5344809	6000000007898087291
Q5344811	6000000009995581388
Q5344812	6000000009995482407
Q5344816	6000000080811224093
Q5344835	6000000017751807997
Q5344844	6000000000903528022
Q5344845	6000000000903405330
Q5344847	6000000003163597785
Q534486	6000000037749970376
Q5344866	359853708530012333
Q5344870	6000000010145554563
Q5344872	6000000004079799432
Q5344879	6000000010971228611
Q5344880	6000000024105542349
Q5344882	6000000023351537511
Q5344886	6000000011041769083
Q5344887	6000000011040514679
Q5344888	6000000011361554014
Q5344925	6000000047421988869
Q534493	6000000006987789065
Q5344930	6000000000352435844
Q5344933	6000000017519519777
Q5344975	6000000003858624926
Q5344983	6000000000470294113
Q5344992	6000000012677184294
Q5344995	6000000131799437858
Q5345000	6000000000209542417
Q5345002	6000000010452038396
Q5345016	6000000173016083345
Q5345021	4952769695990028617
Q5345035	6000000030618234452
Q5345041	6000000013422110163
Q5345067	6000000000769890902
Q5345083	6000000000691099025
Q5345083	6000000005763028048
Q5345087	6000000025398905921
Q5345099	6000000001795021910
Q5345106	6000000000341470736
Q5345107	6000000014898714054
Q5345111	6000000162497691825
Q5345116	6000000020694603784
Q534512	6000000013480662207
Q5345124	6000000033143062053
Q5345125	6000000023324674916
Q5345127	6000000072524245025
Q5345141	6000000013924530572
Q5345148	6000000015696621986
Q5345183	6000000172869060161
Q5345193	6000000008998363508
Q5345194	6000000056525959921
Q53452	6000000000698805737
Q5345201	6000000023450969215
Q5345211	6000000003221224782
Q5345213	4475220823200055937
Q5345225	6000000020799748383
Q5345265	6000000013663875280
Q5345267	6000000012462314602
Q5345284	6000000009991145984
Q5345305	6000000096326524919
Q5345312	6000000006598959372
Q5345313	6000000006598461838
Q5345320	6000000034479185054
Q5345345	6000000177857876866
Q5345353	6000000017138781324
Q5345361	6000000003177889341
Q5345364	6000000036500663877
Q5345377	6000000003216128350
Q5345380	6000000077428578880
Q5345399	6000000009772163755
Q53454	6000000002842160255
Q5345406	6000000008076033977
Q5345407	6000000005749697738
Q5345410	6000000006592296806
Q5345411	6000000011073379675
Q5345413	6000000008630250198
Q5345442	6000000123463041822
Q5345457	6000000037932068844
Q5345466	6000000031676370989
Q5345476	6000000009926761021
Q5345480	6000000018378014730
Q5345487	6000000074312621853
Q5345498	6000000014898145636
Q5345517	6000000005087457054
Q5345519	6000000020530707442
Q5345547	6000000013112947436
Q5345552	6000000036625542575
Q5345553	6000000013425203075
Q5345573	6000000009984474244
Q5345589	6000000181865849939
Q5345591	6000000005740384896
Q5345596	6000000069145008164
Q5345599	6000000075413420829
Q5345607	5518753720810033524
Q5345627	6000000001175533370
Q5345628	6000000013721650070
Q5345632	6000000018164971866
Q5345635	6000000020959250257
Q5345650	6000000176923022860
Q5345655	6000000012787111600
Q5345663	6000000008136170309
Q5345666	6000000015942029017
Q5345667	6000000002188514428
Q5345688	6000000179392606845
Q534569	6000000019568223045
Q5345690	6000000020801177783
Q5345701	6000000009773981745
Q5345709	6000000002170142021
Q5345713	5285093065010027568
Q5345714	6000000107809720973
Q5345715	6000000007053840235
Q5345722	6000000027382146627
Q5345727	6000000004348367350
Q5345728	6000000002831290533
Q5345732	6000000002799091404
Q5345756	6000000011106998322
Q53457649	6000000028041455959
Q5345772	6000000011423463425
Q5345773	6000000003122603756
Q5345785	6000000010289816876
Q5345794	6000000057020491418
Q5345801	6000000004867686773
Q5345802	6000000028550520021
Q5345803	6000000022347211498
Q5345813	6000000092248281891
Q5345833	6000000016307078484
Q5345839	6000000015509748346
Q5345848	6000000039274169961
Q5345867	6000000017763073866
Q5345873	6000000019118218594
Q5345879	6000000000795216982
Q5345880	6000000017883971316
Q5345889	6000000008429347663
Q5345911	6000000030889768535
Q5345912	6000000070670785310
Q5345916	6000000002115838116
Q5345921	6000000024500686911
Q5345951	6000000013589163235
Q5345954	6000000006441132970
Q5345956	6000000024708332689
Q5345959	6000000024006736014
Q5345969	6000000013124841780
Q5345975	6000000004868239909
Q5345984	6000000028186808005
Q5345986	6000000024294230526
Q5345987	6000000046673344926
Q5345989	6000000003942667624
Q534599	6000000029981157889
Q5345996	6000000007355162273
Q5346006	6000000011523770928
Q534601	6000000013736986892
Q5346027	6000000027145856160
Q5346049	4401251073710049744
Q534605	332450459600014181
Q5346053	6000000020824700632
Q5346198	6000000026707934271
Q5346205	6000000033298633236
Q5346211	6000000056341549835
Q5346217	6000000046346315150
Q5346218	6000000180326133931
Q5346219	6000000018156356369
Q5346220	6000000179724412858
Q5346221	6000000071439163137
Q5346223	6000000014384876773
Q5346234	6000000005240061781
Q5346251	6000000050563267582
Q5346257	6000000004315598885
Q5346273	6000000180065622839
Q5346290	6000000005608179891
Q5346304	6000000003110946965
Q5346321	6000000031917903421
Q5346337	6000000055541729998
Q5346340	4143957965600044082
Q5346348	6000000105183965983
Q5346354	1734343
Q5346359	302889818300004057
Q5346361	6000000042816657170
Q5346397	6000000058113291557
Q5346405	6000000030303614091
Q5346410	6000000011055263790
Q5346457	4663258024900038799
Q5346459	6000000177853129837
Q5346460	6000000002290253603
Q5346469	6000000033215890117
Q5346480	6000000013008077062
Q5346485	6000000037255261347
Q5346486	6000000037631135872
Q5346510	6000000137620888845
Q5346513	6000000041196908790
Q5346516	6000000011117874626
Q5346539	6000000180897264830
Q5346545	6000000068499913993
Q5346553	6000000018529330907
Q5346570	6000000007574735074
Q5346573	6000000139719874823
Q5346600	6000000025023840302
Q5346601	6000000011999460656
Q5346605	6000000047193067032
Q5346620	6000000114286682869
Q5346627	6000000008439066363
Q5346636	6000000015732862014
Q5346646	6000000033283223067
Q5346648	6000000006795648015
Q5346649	6000000017275426500
Q5346655	6000000013043634499
Q5346666	6000000020548407282
Q5346669	6000000126255054027
Q5346676	6000000174139917210
Q5346692	6000000179415265854
Q5346693	6000000119914336569
Q5346714	6000000009729202297
Q5346735	6000000034902353841
Q5346744	6000000001337063633
Q5346748	6000000042379371242
Q5346755	6000000017574801949
Q5346791	6000000021356427098
Q5346793	6000000004069231410
Q5346794	6000000014074756016
Q5346798	6000000024684568050
Q5346800	6000000007241884559
Q5346802	6000000012737219905
Q5346805	6000000011738292254
Q5346806	6000000002617838345
Q5346814	6000000015722286594
Q534683	6000000009544499445
Q5346837	6000000028998527810
Q5346839	6000000012824216027
Q5346856	6000000033483643636
Q5346859	6000000167300868830
Q5346891	6000000033047362824
Q5346893	6000000065534550037
Q5346894	6000000021851781161
Q5346901	6000000001794792005
Q5346906	6000000015466570166
Q5346929	6000000018888224647
Q5346936	6000000031882795269
Q5346937	6000000016192604639
Q5346963	6000000003455215838
Q5346966	6000000001601357693
Q5346967	6000000013663680934
Q5347128	6000000036921351952
Q534721	6000000032032389821
Q5347464	6000000017550500926
Q5347468	6000000013421058163
Q5347475	6000000182629871823
Q5347486	6000000185978241158
Q5347535	4251288832930036482
Q5347563	6000000002509996862
Q5347564	6000000176819065871
Q5347584	6000000001982938876
Q5347601	6000000014142187654
Q5347681	6000000116471957827
Q5347708	6000000100727552911
Q5347719	6000000003770064845
Q5347769	6000000079052551318
Q5347770	6000000054331479821
Q5347782	6000000013240095607
Q5347788	6000000001275605068
Q5347898	6000000009541234086
Q534794	6000000142725951849
Q5347992	6000000065869198839
Q5347995	6000000010666129220
Q5347996	6000000020359720105
Q5347998	6000000014483597370
Q5348	6000000113450660842
Q5348003	6000000025345489212
Q5348015	6000000001324376498
Q5348052	6000000077121761912
Q5348210	6000000042208459450
Q534860	370814695290011831
Q5348678	6000000025539685483
Q5348850	6000000010530591458
Q53488512	6000000021384974892
Q534911	6000000059433776984
Q534915	6000000055751557830
Q534920	6000000046665169877
Q5349203	6000000009136584913
Q5349204	6000000075890192838
Q5349286	6000000003967959605
Q5349444	6000000003938827560
Q534945	6000000013343498373
Q5349477	6000000039869238860
Q534948	6000000008779695711
Q534949	6000000012538625272
Q5349498	6000000012631032448
Q5349499	6000000014817616108
Q5349506	6000000041290000340
Q5349509	6000000012182054737
Q5349515	6000000015698327529
Q5349517	6000000025634837122
Q5349520	6000000026900885568
Q5349528	6000000017164865100
Q534954	6000000024697180896
Q534960	6000000027989730753
Q5349609	6000000016936655073
Q534961	6000000008211722639
Q5349615	6000000017599315502
Q5349624	6000000006868804426
Q5349632	6000000020243165766
Q5349637	6000000001706000823
Q5349647	6000000039766559290
Q5349650	6000000004858177857
Q5349651	6000000006800957472
Q534966	6000000007362336248
Q5349664	6000000014522193854
Q5349669	6000000006595630094
Q5349687	6000000036528780451
Q5349689	6000000022881448816
Q5349691	6000000111953888840
Q5349696	6000000003755760952
Q5349697	6000000008211027033
Q5349698	6000000012695535436
Q5349699	6000000007613622437
Q5349701	6000000058424543352
Q5349708	6000000018949036374
Q5349712	6000000131031999846
Q5349719	6000000000637332260
Q5349720	6000000000637332233
Q5349724	6000000091622515496
Q5349768	6000000024276461803
Q5349851	6000000002488650154
Q5349865	4922464856720066618
Q535	6000000007522100028
Q535002	6000000069424241880
Q5350047	6000000018251128281
Q5350050	6000000013151431233
Q5350052	6000000011715810318
Q5350062	6000000006789298206
Q535012	6000000012974868699
Q53501266	6000000013211824864
Q5350148	6000000001152105024
Q53501992	6000000025166540147
Q53502738	6000000144823582850
Q53502855	6000000035614206528
Q53503104	6000000020812664574
Q535033	6000000074810890974
Q53504449	389452500610004250
Q5350479	6000000076558946830
Q53505148	6000000002596355240
Q535055	6000000145250963822
Q53505995	6000000021489494940
Q53507201	6000000046467688828
Q5351107	6000000007012681938
Q53516268	6000000081283865795
Q535180	2356986
Q535185	6000000002764686856
Q5351992	6000000143334299826
Q535254	6000000079103812908
Q5352540	6000000000769916340
Q5352542	6000000004382568354
Q535265	6000000017755815864
Q535290	6000000006791644327
Q5353057	6000000006123118703
Q53531172	6000000020205241362
Q535313	6000000006444777877
Q5353161	6000000001338568411
Q5353165	6000000016146683454
Q5353220	6000000009267012670
Q535323	6000000060488355935
Q5353285	6000000022468793664
Q535330	6000000003550597241
Q535334	6000000094061597846
Q53533801	6000000003711920802
Q53533801	6000000036956054022
Q53533801	6000000040178648528
Q535355	6000000054902136935
Q535360	6000000000518189947
Q5353693	6000000164953371108
Q5353701	6000000015208602656
Q5353709	6000000015445373957
Q5353715	6000000073967676027
Q5353813	6000000125424065944
Q5353820	6000000009396570167
Q5353821	6000000009524266085
Q5353824	6000000018669717314
Q535384	6000000025021896988
Q5353886	6000000047269560974
Q5353904	6000000004843358098
Q5353918	6000000077430021855
Q5353926	6000000040321957582
Q535396	6000000135257064821
Q5354026	6000000101373908878
Q5354032	6000000075343492849
Q5354071	6000000074722735957
Q53541	6000000014306781082
Q535412	6000000006804863391
Q5354133	6000000002577248153
Q5354162	6000000004993366937
Q5354208	6000000123561889825
Q5354216	6000000048898467950
Q5354235	6000000009959480484
Q5354240	6000000092180912132
Q5354244	6000000070968702893
Q5354249	6000000082323773410
Q5354255	6000000039817549945
Q5354266	6000000003910998898
Q5354278	6000000020680743549
Q5354280	6000000030835726489
Q5354324	6000000004881002269
Q5354337	6000000025648039792
Q5354348	6000000016694124916
Q5354354	6000000000842680234
Q5354355	6000000002665155925
Q5354359	6000000043051505219
Q5354365	6000000010094314996
Q5354369	6000000184854335856
Q5354380	6000000009986527185
Q5354381	6000000141892734821
Q5354387	6000000001868073693
Q5354414	6000000000769960709
Q5354457	6000000009827949782
Q5354468	6000000012610022887
Q5354476	6000000003938106152
Q53547	6000000124956074824
Q535470	6000000018280671713
Q53547588	6000000004867826356
Q5354865	6000000003134034134
Q535491	6000000178603026825
Q535504	6000000000905102144
Q535532	6000000142684912854
Q53554	6000000008402700378
Q535540	6000000105208590830
Q53554494	6000000004086780977
Q535546	6000000156191040837
Q535547	6000000107948971202
Q535548	6000000077060764185
Q535553	6000000020049543241
Q535562	6000000036036386954
Q53557525	6000000022930002143
Q535640	6000000165984714067
Q535641	6000000179013300835
Q53566192	6000000000387925485
Q535680	6000000028529374278
Q535697	6000000021122788687
Q5356984	6000000183241972870
Q53572602	6000000187306001824
Q535748	6000000070663264904
Q53575745	4830788301650129388
Q53577437	6000000019899924058
Q53577503	6000000002116399729
Q5357886	6000000012653800275
Q5357910	6000000074713832439
Q5357910	6000000075324369368
Q53579290	6000000023273487952
Q535810	6000000144737990865
Q535812	6000000014372103580
Q53581797	6000000004104357843
Q535823	6000000007706341215
Q535825	6000000071298269069
Q5358267	6000000075344493821
Q535833	6000000040816895557
Q535834	6000000166901523849
Q53584024	6000000005962423120
Q53584258	6000000006444222251
Q53584371	6000000006444385831
Q53584498	6000000032103127654
Q535857	6000000158176718822
Q5358595	6000000017738236351
Q535860	6000000026339527463
Q53587131	6000000039554416107
Q535872	6000000037865856953
Q535878	6000000086122321283
Q535887	6000000036323972750
Q53588931	6000000018031486481
Q53589713	6000000081069785847
Q5359187	6000000075345494877
Q5359255	6000000111125213847
Q5359261	6000000094213123838
Q5359265	6000000016518360710
Q5359459	6000000008109376440
Q535951	6000000054046489838
Q535953	6000000020244131560
Q5359565	6000000014042463936
Q5359587	6000000066557010250
Q5359589	6000000060736567003
Q5359607	6000000002188542314
Q535961	6000000069718134283
Q5359654	6000000031418915244
Q5359662	6000000004867392221
Q535985	6000000029658580552
Q535987	6000000001543481636
Q5359936	6000000008872418405
Q536008	6000000025347965283
Q5360160	6000000058149409934
Q5360187	6000000008524174092
Q5360262	6000000003077006445
Q5360268	6000000011297998242
Q5360270	6000000015432950686
Q5360279	6000000015049323014
Q5360281	6000000017071687006
Q53603	6000000030014113561
Q5360320	6000000019479642765
Q5360328	6000000023439433946
Q5360331	6000000184407801905
Q5360334	6000000009562729284
Q5360342	6000000009895513474
Q5360368	6000000103419807864
Q5360388	6000000004116889302
Q5360393	6000000013214754977
Q536042	6000000020368473272
Q5360444	6000000010994541994
Q5360458	6000000165564413102
Q5360460	6000000037848599570
Q5360463	6000000006274689165
Q5360471	6000000002562305738
Q5360472	6000000001636738207
Q5360474	6000000009508693763
Q5360478	6000000017574788167
Q5360510	6000000015982714732
Q53605194	6000000080596108404
Q5360520	6000000011071162852
Q5360560	6000000000485184968
Q5360567	6000000023717409488
Q5360573	6000000020317021234
Q5360594	6000000031317440588
Q5360601	6000000053621828081
Q5360612	6000000029265258012
Q5360620	6000000177526156875
Q5360639	6000000029921587981
Q5360695	6000000070950465760
Q5360742	6000000085365899943
Q536075	6000000052146069821
Q536076	6000000034496048292
Q5360762	6000000012634733890
Q5360773	6000000001130221788
Q5360780	6000000010453965790
Q5360840	6000000003218411557
Q5360841	6000000056339980831
Q5360846	6000000019830443890
Q5360849	6000000171719395973
Q5360862	6000000007975390921
Q5360882	6000000105245776850
Q5360892	6000000020489850895
Q5360899	6000000013237776780
Q5360902	5534466499140040886
Q5360918	6000000019846235383
Q5360918	6000000125030144224
Q5360920	6000000039312677612
Q5360930	6000000012080193008
Q5360932	6000000035335194186
Q5360952	6000000017545766223
Q5360956	6000000041884916103
Q5360982	6000000002889962695
Q5360995	6000000009629287410
Q5360997	6000000033326901038
Q5361001	6000000013270758668
Q5361007	6000000160670636846
Q536106	6000000008452437671
Q536111	6000000020398304390
Q5361118	6000000019474336933
Q5361147	6000000011276502817
Q5361200	6000000000523110939
Q53612044	6000000029589827077
Q5361206	6000000087660907085
Q5361214	6000000033808705969
Q5361216	6000000028223455974
Q5361232	6000000043228878227
Q5361267	6000000015152049285
Q5361269	6000000003774007424
Q5361278	6000000000877206079
Q5361279	6000000024553246953
Q5361284	6000000013546572895
Q5361286	6000000012793373769
Q5361288	6000000183261019850
Q5361292	6000000070987675905
Q5361341	6000000052482549128
Q5361401	6000000063917144924
Q5361424	6000000013829646794
Q5361426	6000000016301004027
Q5361443	6000000030949738613
Q5361481	6000000007298478562
Q5361485	6000000006321377110
Q5361489	6000000025678412620
Q53614893	6000000124940684083
Q5361519	6000000014914167146
Q5361557	6000000041516312990
Q5361573	6000000002783362300
Q5361582	6000000002765016749
Q5361653	6000000006762781356
Q5361662	6000000006099329384
Q5361667	6000000009617308084
Q5361669	6000000016324039591
Q5361687	6000000002278284244
Q5361726	6000000072070399909
Q5361734	6000000025514356953
Q5361735	4049319
Q5361737	6000000015018591642
Q5361750	6000000006725499108
Q5361751	6000000006838539121
Q5361754	6000000012390775948
Q5361755	6000000014723609412
Q5361756	6000000003937770742
Q5361770	6000000027761149170
Q5361774	6000000008640653960
Q5361781	6000000006440544929
Q5361781	6000000035872226143
Q5361783	6000000015761947797
Q5361789	6000000009803162024
Q5361791	6000000010620492346
Q5361793	6000000000117957813
Q5361794	6000000009816975446
Q5361802	6000000001677878315
Q5361804	6000000000688439248
Q5361816	6000000004881039964
Q5361821	6000000013135814966
Q5361821	6000000187523632957
Q5361824	4844238263470092903
Q5361825	6000000021514515922
Q5361826	6000000003937034659
Q5361840	6000000026063635105
Q536191	6000000143253842909
Q53619267	6000000129016553921
Q53620	6000000022926313886
Q53620050	6000000010669311118
Q53620405	6000000011908520936
Q53620446	6000000019546841042
Q5362056	6000000002679512026
Q5362059	6000000008529795442
Q5362095	6000000009663833034
Q536210	6000000141038499072
Q5362126	6000000021296628055
Q5362130	6000000080343287877
Q5362138	6000000000898429313
Q5362141	6000000181907998883
Q5362144	6000000001354162037
Q536215	6000000028712555069
Q536215	6000000217822181823
Q5362150	6000000025890611369
Q5362157	6000000007979406867
Q5362163	6000000044681967044
Q5362177	332415284060013131
Q5362185	6000000182013993852
Q5362189	6000000016734813190
Q5362198	6000000006293481622
Q5362199	6000000000196449159
Q536223	6000000028392289542
Q536227	6000000137540098949
Q5362307	6000000001254880154
Q5362316	6000000110569773856
Q5362325	6000000012344836624
Q5362353	6000000021274325437
Q5362363	6000000002964077359
Q5362364	6000000001994167989
Q5362374	6000000003040439570
Q5362375	6000000027589648180
Q5362380	6000000008528801388
Q53624219	6000000019442852954
Q5362424	6000000062559855957
Q5362434	6000000005957208219
Q5362440	6000000027038719602
Q5362456	6000000001472002431
Q5362460	6000000064935185848
Q5362479	6000000102695620860
Q5362480	6000000020038211539
Q5362489	6000000015115216923
Q5362504	6000000006444270556
Q5362515	6000000100727355963
Q5362529	6000000021026666231
Q5362573	6000000009857268919
Q5362597	6000000022616767325
Q53626	6000000019211638898
Q5362600	6000000030947186083
Q5362639	6000000021321386818
Q5362647	6000000042359468200
Q5362653	4847362509180054838
Q5362655	6000000076056889911
Q5362664	6000000015466340892
Q5362676	6000000048902831326
Q5362685	6000000004868044506
Q5362691	6000000004868044276
Q5362692	6000000001369510943
Q5362696	5476069444540045271
Q5362717	6000000007593321331
Q53627524	6000000013967115371
Q5362754	6000000055036170821
Q5362776	6000000008286846382
Q5362781	6000000031828447840
Q5362782	6000000000514272630
Q5362794	6000000010252318898
Q53628	6000000018761303598
Q5362801	6000000066755658100
Q5362823	6000000040787894205
Q5362841	360313193060011569
Q5362847	6000000150641464132
Q5362849	6000000008630274289
Q536286	6000000012600783026
Q5362880	6000000006296161161
Q53628941	6000000000834446593
Q53628978	6000000020677061331
Q5362903	6000000000019929964
Q5362925	6000000001661716617
Q5362941	6000000000744548379
Q5362958	6000000004980006742
Q5362962	6000000001877465513
Q536297	6000000000032489824
Q5362970	6000000026036403841
Q5362988	6000000027418047014
Q5363005	3655316
Q5363028	6000000013332657579
Q5363052	6000000021468495738
Q5363059	6000000048781227852
Q5363082	6000000004382596896
Q5363094	6000000014826649675
Q5363115	6000000006444102621
Q5363123	6000000002908203240
Q5363139	6000000013909268172
Q536316	6000000009359060531
Q5363161	6000000058674632092
Q5363175	6000000036091008341
Q5363223	6000000026435500237
Q5363231	6000000007362593508
Q5363245	6000000003649630665
Q5363275	6000000025359239665
Q5363282	6000000026313135594
Q5363299	6000000012665228039
Q53633	6000000007935085925
Q5363314	6000000006583284494
Q5363335	6000000012362179442
Q5363336	6000000007929007506
Q5363339	6000000022966204108
Q5363345	6000000005739876383
Q5363368	6000000023968694730
Q5363369	6000000030121947792
Q5363377	6000000019399218277
Q536339	6000000011524360711
Q5363409	6000000004566406567
Q5363418	6000000009925126103
Q5363428	6000000019348430377
Q5363438	6000000000720012856
Q5363450	6000000027462996120
Q5363475	6000000000953842224
Q5363485	6000000071665399945
Q5363503	6000000010290002904
Q53635064	6000000119633642825
Q5363512	6000000035542248862
Q5363533	6000000012401814315
Q5363555	6000000012390853945
Q5363559	6000000001967299827
Q5363595	6000000002219081667
Q5363616	6000000002928648354
Q536365	6000000036565183113
Q5363652	6000000003681568109
Q5363657	6000000024864966671
Q5363659	6000000001299332178
Q5363660	6000000175945138870
Q53637	6000000000644262498
Q536371	6000000003828199366
Q536372	6000000040134721051
Q5363725	6000000030041295858
Q536373	6000000021273255178
Q5363730	6000000017564467157
Q5363734	6000000041172655862
Q5363761	6000000006181142549
Q5363763	6000000009154784995
Q5363769	6000000027434693340
Q5363774	6000000015252613373
Q5363786	6000000013472188882
Q5363790	6000000005039352783
Q5363791	6000000005025304600
Q5363927	6000000013417293175
Q536393	6000000012698066202
Q5363930	6000000010505709161
Q5363939	6000000074757919879
Q53641645	6000000175747045857
Q5364184	6000000003275183542
Q5364191	6000000006441141526
Q53642	6000000074470640851
Q536430	6000000181642011835
Q5364488	6000000195485071830
Q5364501	6000000082462240856
Q5364519	6000000143425941821
Q5364551	6000000000438424466
Q53645559	6000000006444398361
Q5364560	6000000009387000982
Q5364568	6000000151413649871
Q53645760	6000000000352554997
Q53645982	6000000014487515277
Q5364607	6000000074757897899
Q53646093	6000000157635650082
Q53646102	6000000000933753505
Q53646360	6000000002116399627
Q53646388	6000000003495291218
Q53646771	6000000003139134476
Q5364681	6000000003206025159
Q536469	4811688845730080895
Q53647063	6000000005799655734
Q53647259	6000000022380293056
Q53647352	6000000003649889926
Q5364761	6000000017387435585
Q5364775	6000000030784661889
Q53647873	6000000022158975273
Q5364801	6000000002802601012
Q536484	6000000178409149852
Q5364854	6000000000625898496
Q536486	6000000027033165245
Q53648755	6000000000619453148
Q53648805	6000000023341120571
Q53649191	6000000044132502261
Q5364935	6000000029380842100
Q5364976	6000000028977101856
Q5364999	6000000017268903014
Q53650	6000000024090007882
Q5365018	6000000035781546260
Q5365026	6000000022929896154
Q5365036	6000000026377731088
Q5365040	6000000009467894616
Q5365053	6000000080287565111
Q5365061	6000000036604050532
Q53650795	6000000006444745662
Q536508	6000000010342309943
Q5365102	6000000074749449880
Q5365163	5528014371940088491
Q5365230	6000000012784601163
Q536534	6000000013268594140
Q5365377	6000000007390776380
Q536546	6000000166885487953
Q5365469	6000000074750994395
Q5365523	6000000001608843304
Q536558	6000000000491283060
Q5365591	6000000011904072356
Q5365617	6000000019264514809
Q5365642	6000000088587045902
Q536568	6000000034981430727
Q5365686	6000000027898236956
Q5365718	6000000048644698885
Q5365719	6000000002262515016
Q5365743	6000000017836401942
Q5365834	6000000009361391854
Q5365836	6000000022245228637
Q5365837	6000000033142565359
Q5365866	6000000023107772306
Q5365871	6000000021367551116
Q5365893	6000000056337358178
Q5365914	6000000002188514979
Q5365927	6000000017207898461
Q5365943	6000000013206927153
Q5365945	6000000042469853157
Q5365961	6000000067030043933
Q5365970	6000000015579904314
Q5365971	6000000034812321749
Q5365986	6000000013802707077
Q5365987	4872813035300056781
Q5365997	6000000026313405602
Q53660	6000000037929814845
Q536603	6000000068092232827
Q5366150	6000000068896148913
Q5366157	6000000074827633992
Q5366196	6000000019499514112
Q5366214	6000000011172701520
Q536632	6000000069469564910
Q5366378	6000000013001315573
Q5366408	6000000021493995805
Q5366410	6000000008841096447
Q5366415	6000000017513597337
Q5366418	6000000007272394602
Q536645	6000000074699110827
Q5366478	6000000007311113227
Q5366490	6000000083130576685
Q5366494	6000000148045948866
Q5366523	6000000003703653903
Q5366528	6000000011094222843
Q5366530	6000000041919168939
Q5366573	6000000017936616418
Q5366634	6000000172403152274
Q5366667	6000000000431835917
Q5366680	6000000016014629001
Q5366691	6000000007764298514
Q536670	6000000054168973821
Q5366707	6000000017353266135
Q5366724	5027775873290050755
Q5366782	6000000022145556139
Q5367011	6000000004877301516
Q5367018	6000000007636946215
Q5367083	6000000184664644226
Q5367086	6000000016040306685
Q5367232	6000000033377880107
Q5367262	6000000079572647192
Q53672656	6000000023028402778
Q53672687	6000000008630269672
Q53673402	6000000042395252724
Q53673430	6000000075982514893
Q5367363	6000000006579919967
Q5367382	6000000007460243735
Q5367400	6000000102212776921
Q5367404	6000000027272078403
Q5367446	6000000030862870607
Q5367454	6000000149872974838
Q5367488	6000000036178395444
Q5367493	6000000017717309771
Q5367506	6000000006211229266
Q5367589	6000000035129957728
Q53676017	6000000010566558908
Q5367603	6000000003793487466
Q5367606	6000000015545148782
Q5367642	5216913204530089972
Q5367649	6000000073599145137
Q53678449	6000000012228118575
Q53678458	6000000006127529774
Q53678470	6000000007106139326
Q53679290	6000000019420629880
Q53679391	6000000024186364688
Q53679458	6000000107704783894
Q53679481	6000000055879979933
Q53679511	6000000107704783956
Q53679515	6000000028712422203
Q53679566	6000000011135525838
Q5368	6000000012720090829
Q53680	6000000035512720931
Q5368088	6000000070753004979
Q5368127	6000000013707313523
Q5368133	6000000050025648075
Q5368348	6000000015806522108
Q5368349	6000000001734195821
Q5368358	6000000138641548893
Q5368363	6000000041389058495
Q5368639	6000000180332743333
Q5368640	6000000015260539261
Q5368663	322316581550007416
Q5368671	6000000175618632829
Q5368712	6000000008597521362
Q5368719	6000000020173265239
Q5368726	6000000002832066642
Q536896	6000000184224185853
Q5369017	6000000074783546003
Q5369030	6000000025930686427
Q5369124	6000000000131225728
Q5369143	6000000000333978838
Q5369144	6000000000307222323
Q5369149	6000000012676906721
Q5369182	6000000011626833104
Q53693257	6000000026506723055
Q5369380	6000000075344967832
Q536992	6000000031800153198
Q5370	6000000012720469520
Q5370024	6000000075334305890
Q53700493	6000000017663434171
Q537005	6000000033428592243
Q53701	6000000180195445822
Q537010	6000000028204965227
Q5370334	6000000074766797435
Q537034	6000000017557780768
Q5370362	6000000032451840105
Q53704978	6000000016509607552
Q53705031	6000000007300657656
Q53707	6000000011557395821
Q537073	6000000013343401453
Q537083	6000000078143101663
Q5370833	6000000088611812637
Q5370853	6000000067501014969
Q5370883	6000000038026853898
Q5370885	6000000003040886642
Q5370908	6000000031374735086
Q5370910	6000000024065254395
Q53709706	6000000025890416614
Q537100	6000000014234359940
Q5371030	6000000001482739803
Q5371037	5576928600530056465
Q5371049	6000000006712086695
Q5371051	4642127508700031254
Q5371054	6000000001482481760
Q5371060	6000000001482735190
Q537112	6000000056985279908
Q5371150	6000000035419952090
Q5371197	6000000012891811877
Q5371217	6000000015033825196
Q5371225	6000000019478392278
Q5371249	6000000076727587822
Q5371251	6000000007594011206
Q5371277	6000000041952702148
Q5371289	6000000007992910077
Q53713	6000000001582652428
Q5371316	6000000069750975877
Q5371347	6000000013659623016
Q5371349	6000000025832023242
Q5371361	6000000209332352831
Q5371392	6000000013538885327
Q53714	6000000186248841091
Q5371408	6000000084405164843
Q5371409	6000000180938469953
Q5371410	6000000157645400835
Q5371422	6000000028961922911
Q5371442	6000000129288758916
Q5371447	6000000038382499850
Q5371450	6000000069152308976
Q5371465	6000000173065316030
Q5371479	6000000015086388121
Q5371486	2691745
Q5371503	6000000009036378321
Q5371516	6000000080776104173
Q537152	6000000015490433714
Q5371574	6000000164399559835
Q5371616	6000000021746334025
Q5371645	6000000114988648850
Q5371650	6000000009488018665
Q5371654	6000000011033568473
Q537170	6000000093579940861
Q5371805	6000000001091886472
Q5371841	6000000137336339349
Q5371851	6000000180245904888
Q5371852	6000000183326798822
Q5371891	6000000197270267852
Q5371906	6000000001092040976
Q537193	6000000021829166795
Q5372012	6000000011041814915
Q5372040	6000000010141795293
Q5372065	6000000041932331571
Q5372089	6000000046007488493
Q53721	6000000000047747997
Q5372107	6000000024657791899
Q5372152	6000000052176678830
Q5372177	6000000027417566602
Q537222	6000000136177395821
Q5372220	6000000018098671141
Q5372222	305885869020007129
Q5372235	6000000014112781627
Q5372252	6000000009566895418
Q5372254	6000000073374054955
Q537226	4554249386900128208
Q5372300	6000000021520777914
Q5372313	6000000024239260917
Q5372314	6000000003891579013
Q5372321	6000000004328418845
Q537234	6000000037469335091
Q5372349	6000000015750536803
Q5372353	6000000127555875893
Q5372368	6000000009764453857
Q5372390	6000000010123721624
Q5372398	6000000007294179217
Q5372408	6000000013287893023
Q53724520	6000000015215929823
Q5372462	6000000177002822892
Q537252	6000000035086424258
Q5372657	6000000016252925500
Q5372659	318672956360004650
Q537266	6000000002614259899
Q5372734	6000000060188957885
Q5372752	6000000065521864870
Q5372803	6000000002167406331
Q5372823	6000000067588945895
Q5372831	6000000020944246387
Q537287	6000000025539991059
Q5372896	6000000016935652991
Q5372900	6000000181950313863
Q5372926	6000000011041862428
Q5372929	6000000013271923289
Q5372949	6000000024019945346
Q5372958	6000000015662685902
Q5372973	6000000011524560506
Q5372985	6000000005391743071
Q537302	6000000015155426153
Q537306	6000000009332110274
Q537322	6000000011929179476
Q53732985	6000000015976613285
Q53733	6000000078892406972
Q5373341	6000000209449751975
Q5373366	6000000031461394982
Q5373425	6000000010311645313
Q5373427	6000000005599052656
Q5373478	6000000021674967623
Q53735058	6000000002188479501
Q5373530	6000000159558060850
Q5373534	6000000096825848869
Q5373569	6000000013185868652
Q5373580	6000000018965016149
Q5373605	6000000002809461212
Q5373621	6000000014746165033
Q53736681	6000000022948824841
Q5373697	6000000010924881468
Q537370	6000000009477804603
Q5373711	6000000024685418539
Q5373722	6000000038978447271
Q5373726	6000000189256802837
Q53739583	5262752121340109986
Q53740	6000000054626595844
Q53742435	6000000022292098775
Q537435	6000000003076783858
Q5374464	6000000075501212935
Q5374477	6000000074750115107
Q5374481	6000000102534173885
Q5374497	6000000075429168844
Q5374523	6000000074717759091
Q5374524	6000000074747146555
Q5374527	6000000074712247835
Q5374528	6000000074718583112
Q5374553	6000000074751280987
Q5374564	6000000074713001870
Q5374565	6000000074783790891
Q5374586	6000000075422908053
Q5374594	6000000038201534038
Q5374610	6000000075420035958
Q5374620	6000000038107348179
Q5374622	6000000074746237856
Q537463	6000000081067003902
Q5374640	6000000074747925081
Q537469	6000000067254741988
Q53747	6000000028939467109
Q5374825	6000000010681325994
Q5374889	6000000003741888094
Q5374917	6000000009534724705
Q5374918	6000000029624799834
Q537510	6000000017268444911
Q537520	6000000022147953249
Q537538	6000000008447244992
Q537570	6000000145499759821
Q537583	6000000009017154201
Q5376014	6000000012330746561
Q53761216	6000000015511403004
Q5376132	6000000015129499126
Q53762243	6000000198433039832
Q537633	6000000142756799821
Q5376592	6000000011647607597
Q5376599	6000000025066036020
Q5376600	6000000018733693495
Q537661	6000000005740671113
Q537666	6000000185011591976
Q5376709	6000000095218525883
Q5376717	6000000134801917044
Q537679	6000000011343490439
Q537705	3955341163760123140
Q537714	6000000011693802100
Q537722	4633293670700030914
Q537731	6000000027576962186
Q53773160	6000000010876770496
Q537733	6000000100290510929
Q5377461	6000000001498964218
Q53775348	6000000078929674871
Q53776938	6000000081070415149
Q537771	6000000020249417460
Q53778244	3020843
Q537819	6000000172336214908
Q537842	6000000015350693412
Q537854	6000000028536174376
Q537866	6000000002215524570
Q537869	6000000123643273043
Q537874	6000000021516613009
Q5378760	6000000007648777848
Q5378889	6000000013663823848
Q537892	6000000041249799276
Q537906	6000000012667695604
Q53790878	6000000044257338104
Q53790919	6000000040668737497
Q5379118	6000000004949815157
Q5379121	6000000001926343177
Q5379122	6000000014286848412
Q537914	6000000002188370006
Q5379192	6000000147169185999
Q5379266	6000000049226301010
Q5379272	6000000022795236098
Q5379278	6000000028457795568
Q5379283	6000000000742140723
Q5379293	6000000095375951826
Q5379300	6000000086347017960
Q5379309	6000000001011465066
Q5379315	6000000015756434301
Q5379316	6000000023183957905
Q537933	6000000070171583880
Q5379339	6000000024319208134
Q5379343	6000000014405087639
Q5379431	6000000002024041103
Q5379526	6000000067944195901
Q5379560	6000000019274509790
Q5379566	6000000038414871725
Q5379612	6000000050308449868
Q5379654	6000000000169857190
Q5379682	6000000034878732595
Q5379688	6000000031300734311
Q5379705	6000000036565176135
Q5379720	6000000013208171322
Q5379737	6000000045402153837
Q5379740	6000000082442537071
Q5379747	6000000012196710283
Q5379753	6000000177909592849
Q5379763	6000000000152048789
Q5379853	6000000010651493749
Q5379867	6000000083459558116
Q538025	6000000003133498815
Q538068	6000000028937600786
Q538091	6000000000933237738
Q538109	6000000025001998287
Q538125	6000000001841625213
Q538128	6000000097034856257
Q5381490	6000000125329076895
Q538174	6000000079190460235
Q538176	6000000015264511031
Q53818351	6000000017553761539
Q53818369	6000000006127401838
Q538191	6000000017039392922
Q538206	6000000057428643290
Q5382090	6000000002853077294
Q53822	6000000176336364875
Q53822090	6000000072257800883
Q5382241	375704210360013237
Q5382242	6000000064952553846
Q5382245	6000000014436270858
Q5382249	6000000033307294392
Q5382252	6000000025971748951
Q5382256	6000000000332107417
Q5382261	6000000152192208822
Q5382263	6000000178596653868
Q5382268	6000000021729554236
Q5382273	6000000050131358918
Q5382286	6000000006824121545
Q5382290	6000000008077061124
Q5382292	6000000016274956384
Q5382295	5289275073760059701
Q5382296	6000000017423770434
Q5382300	6000000042393544974
Q5382319	6000000003882408694
Q5382323	6000000002277323496
Q5382330	6000000024832264370
Q5382344	6000000001382814988
Q5382347	6000000003652900510
Q5382351	6000000002540945335
Q5382352	6000000005913710850
Q5382355	6000000015271924723
Q538252	6000000042443646142
Q538257	6000000015264070218
Q538264	6000000014350366215
Q53828738	6000000029076833999
Q53828741	6000000012634167626
Q53829447	6000000011276293773
Q538299	6000000055427901885
Q5383	6000000008762972867
Q538304	6000000037093626540
Q53834036	418270
Q53835079	6000000140728688147
Q53835107	6000000157510890823
Q538361	6000000000542661218
Q538362	6000000026798146857
Q53836469	6000000041283890323
Q53836603	6000000053963904204
Q538375	6000000015429886747
Q53837894	6000000018658757935
Q538379	6000000039847483801
Q53838031	6000000010791620958
Q53838052	6000000081052727089
Q53839563	6000000006127726162
Q53841606	6000000016747861158
Q538433	6000000006574552726
Q53843620	6000000019538575221
Q53843744	6000000032649656249
Q53843749	6000000020406591490
Q53843753	6000000024902478648
Q53843757	6000000020959259369
Q53843760	6000000010202425639
Q53843761	6000000010650467739
Q53844580	6000000019206567381
Q53844594	6000000019206589300
Q53844669	6000000007464902763
Q53844829	6000000079038831134
Q538455	6000000061823787940
Q538459	6000000003875372660
Q538478	6000000004571410417
Q5384929	6000000000311355150
Q5384934	6000000172973531850
Q5384940	6000000010792996545
Q5384947	6000000070164886100
Q5384947	6000000083397268390
Q5384948	6000000111799112860
Q5384951	6000000003891362176
Q5384954	6000000028261865422
Q5384955	6000000028256949046
Q5384958	6000000008267965669
Q53849964	6000000172765299081
Q5385003	6000000011619928947
Q5385004	6000000026507495379
Q5385007	6000000019226918223
Q5385009	6000000006597983119
Q5385014	6000000043961027859
Q5385015	5520032995740132157
Q5385019	6000000114664652821
Q538529	6000000007376364301
Q538532	6000000003855900492
Q538533	6000000012555933605
Q538543	6000000012739277690
Q538549	6000000009882015887
Q538578	6000000013043282437
Q538580	6000000116072411894
Q53858175	6000000006127699339
Q5385863	6000000011348494817
Q538589	6000000002451037935
Q5386001	6000000009568901668
Q5386005	6000000019120210432
Q5386052	6000000052536585896
Q538608	6000000017710656572
Q538609	6000000026130604670
Q538620	6000000021768981048
Q5386204	6000000077144347847
Q538633	6000000003055093402
Q5386378	6000000006582778102
Q5386441	6000000131462179903
Q538645	6000000002188466160
Q53864701	6000000175578786836
Q5386471	6000000026615125550
Q5386500	6000000017875996589
Q53865453	6000000100127755073
Q5386557	6000000022396044182
Q5386615	6000000049231654839
Q5386630	6000000076907715098
Q5386660	6000000181945657836
Q5386685	6000000039381818045
Q5386743	6000000021666441980
Q5386766	6000000021333137081
Q5386849	6000000049223711971
Q5386916	6000000042149381855
Q53869372	6000000015044367665
Q53869423	6000000004993791214
Q53869533	6000000006444784872
Q53869537	6000000002188536676
Q538696	6000000059110743919
Q5386986	6000000150837939262
Q5387022	6000000002889597690
Q53870650	6000000007131834276
Q5387118	6000000039084289415
Q5387154	6000000013951925531
Q538717	6000000039786594194
Q5387193	6000000030937688580
Q5387195	6000000023981624663
Q5387260	6000000034185359590
Q5387280	6000000083536851062
Q538731	6000000020328566262
Q5387341	6000000027899338423
Q5387364	6000000041098382181
Q5387389	6000000067464910022
Q5387453	6000000074784946939
Q5387459	6000000078404165832
Q5387463	6000000038831386037
Q5387483	6000000041582053096
Q5387495	6000000020897487485
Q5387620	6000000049910676902
Q5387638	6000000031878344970
Q5387676	6000000043990921446
Q5387679	6000000050179379990
Q5387783	6000000030047709940
Q5387823	6000000025797774832
Q538785	6000000044814045108
Q538786	6000000058201904322
Q5387906	6000000007908908348
Q5387933	6000000107035123952
Q538794	6000000145341013899
Q5387999	6000000041742569621
Q5388007	6000000019659428912
Q5388026	6000000015180230085
Q5388051	6000000166018926903
Q5388062	6000000008105334227
Q5388121	6000000174744306954
Q5388125	6000000017044497445
Q5388452	6000000002721978162
Q538846	6000000000554771902
Q5388487	6000000025888371884
Q5388489	6000000003252323043
Q5388510	6000000022796182273
Q5388521	6000000014666629186
Q5388556	6000000015063301984
Q5388558	6000000009677111018
Q5388562	6000000012587670686
Q5388590	6000000000933642031
Q5388626	6000000007601473522
Q5388660	6000000014327760725
Q5388675	6000000019182354325
Q538868	6000000003388253765
Q5388695	6000000041793107380
Q5388738	6000000019491462930
Q5388739	6000000007922272975
Q5388783	6000000020378963068
Q5388803	6000000060300124004
Q5388830	6000000140450861864
Q5388837	6000000040126197216
Q5388851	6000000021606381494
Q5388862	4829279215170072613
Q5388890	6000000024920993148
Q5388904	6000000178058901888
Q5388908	6000000006293947775
Q5388914	6000000007850544401
Q5388915	6000000005231975404
Q5388930	6000000022260538916
Q5388931	6000000021390364522
Q5389257	6000000030456668090
Q538944	6000000045707077821
Q538946	6000000032559325880
Q5389673	6000000033069002957
Q5389720	6000000000698460618
Q5389721	6000000022250532917
Q5389762	6000000003711533100
Q538978	6000000036841537623
Q5389794	6000000018329484246
Q5389798	6000000000782938095
Q5389800	6000000041346410942
Q5389802	6000000055657279979
Q5389813	6000000001339899151
Q5389816	6000000011891247795
Q5389829	6000000009673811346
Q5389830	6000000010070603072
Q5389831	6000000067162727992
Q5389836	6000000007223676431
Q5389843	6000000028672392290
Q5389845	6000000012704925446
Q538998	6000000212720420857
Q538999	6000000034229450407
Q539	6000000011327774732
Q539024	6000000010084755535
Q5390365	6000000010469581260
Q5390447	6000000008887551505
Q5390473	6000000025606287189
Q5390573	6000000026378432391
Q539064	6000000106961896414
Q5390681	6000000037561521568
Q5390729	6000000037561335800
Q5390811	6000000038380567879
Q5390863	362062935240011942
Q5390893	6000000078772328123
Q539092	6000000016309118627
Q539099	6000000029245465934
Q53910617	6000000024793614455
Q5391066	6000000022629192098
Q539107	6000000022985272315
Q539115	6000000082507693040
Q539116	6000000083631090011
Q5391264	6000000087967173875
Q5391281	6000000007272644383
Q5391284	6000000012939497416
Q53912845	6000000078879903575
Q539130	6000000036835454458
Q5391363	6000000010923284448
Q539138	6000000066833707902
Q5391516	6000000000761909731
Q5391594	6000000010187132507
Q539171	6000000057516114033
Q5391718	6000000000238070280
Q539172	6000000025663588241
Q53917237	6000000014154866129
Q5391868	6000000002214655593
Q5391882	6000000089470656118
Q539189	6000000006719205050
Q5391937	6000000003012287293
Q539197	6000000015207772088
Q53919793	6000000017335851702
Q5391980	6000000010773387688
Q5392049	6000000015662624519
Q5392075	6000000179288378839
Q5392117	6000000019648864026
Q539212	6000000025610810237
Q53921809	6000000018156636702
Q5392183	6000000022065736187
Q5392271	6000000012641296676
Q539239	6000000008933224543
Q5392428	6000000068044163923
Q539245	6000000024317440176
Q5392565	6000000026215964141
Q5392568	6000000114018530939
Q5392576	6000000031121825118
Q5392609	6000000007209182749
Q5392645	6000000143891840839
Q5392686	6000000024374184438
Q5392688	6000000015092426796
Q5392779	6000000123323145898
Q5392782	6000000017430739082
Q5392784	6000000086350033837
Q539280	6000000033684337146
Q5392803	6000000016816674401
Q5392837	6000000011110366759
Q5392864	6000000177146505067
Q5392870	6000000009938147655
Q5392872	6000000015392739493
Q5392903	6000000011928487969
Q5392939	6000000008678784371
Q5392957	6000000183382666838
Q5392960	6000000017226151936
Q5393004	6000000012608698959
Q5393031	6000000004139844253
Q5393067	6000000007274060620
Q5393158	6000000114230491873
Q5393168	6000000015065698266
Q5393179	5353633881780021286
Q5393182	6000000065936977821
Q5393229	6000000008230493925
Q5393248	6000000002726412593
Q5393251	6000000016559544023
Q5393271	6000000015840337337
Q5393303	6000000027591341725
Q5393320	6000000026546799406
Q53934128	6000000018603945076
Q5393431	6000000041277936844
Q5393448	6000000074664209838
Q5393459	6000000017843152163
Q539346	6000000003481266015
Q5393488	6000000137736570821
Q5393504	6000000015435165641
Q5393536	6000000088060484877
Q5393576	6000000035728106929
Q5393596	6000000023401814391
Q5393602	6000000113874021182
Q5393603	6000000012368319531
Q5393618	6000000002188508759
Q5393658	6000000015032293483
Q5393669	6000000016118047737
Q5393708	6000000015654040411
Q5393709	6000000015654309354
Q539376	6000000013394927302
Q5393782	6000000007251604740
Q5393810	6000000033910496842
Q5393826	6000000043357356344
Q539383	6000000013247321704
Q539385	6000000126922477843
Q5393874	6000000078118786856
Q53939	6000000009414536366
Q539390	6000000075644656014
Q53939081	6000000018156621739
Q5393912	6000000174101394839
Q5393914	6000000056186090932
Q5393934	6000000024262360881
Q5393944	6000000014024445027
Q539396	6000000016153300439
Q5393965	6000000000320659078
Q53939861	6000000018306512520
Q5393988	6000000011324015223
Q5393996	6000000016234689130
Q5394038	6000000002420865130
Q5394049	4162872820370069399
Q5394060	6000000142201989886
Q5394067	6000000017661421952
Q5394081	6000000006276643308
Q5394085	6000000082343111880
Q5394100	6000000022177618997
Q5394212	6000000000357393032
Q5394229	6000000026734625875
Q5394250	6000000008242275204
Q539427	6000000000872817411
Q5394356	6000000011320966633
Q5394372	6000000057804720821
Q5394378	6000000150591438880
Q5394389	6000000015816072847
Q539443	6000000020812681055
Q539444	6000000045708191852
Q539451	6000000013939716046
Q539461	6000000035246942126
Q539464	6000000024929989702
Q53946510	6000000015795084618
Q539470	6000000045234324081
Q539474	6000000013145477726
Q5394849	6000000045908624062
Q539486	6000000068367339873
Q5394905	6000000028753572254
Q5394913	6000000015229705815
Q5394922	6000000042494182518
Q5394929	6000000038744590843
Q539493	6000000044774501060
Q5394936	6000000092210998859
Q5394945	6000000063719694909
Q5394951	6000000072414946849
Q5394977	6000000025968664270
Q5394978	6000000002129442823
Q5394988	6000000078152442402
Q5394992	6000000028560739994
Q5394993	4626772356160128754
Q5394999	6000000198721022825
Q5395009	6000000000475134630
Q5395012	6000000037048685118
Q539503	6000000088053016039
Q5395047	6000000108327949076
Q5395057	6000000183485232861
Q5395069	5527883955490124877
Q539509	6000000030599515025
Q5395108	6000000002759013431
Q5395141	6000000015605696475
Q5395161	6000000006575335678
Q5395163	6000000019274419363
Q5395168	6000000178176650887
Q5395171	6000000111643446857
Q5395188	6000000072855346863
Q53951974	6000000148018369821
Q539521	6000000044126751062
Q5395212	6000000020654633491
Q5395218	6000000084492572043
Q539525	6000000024152321000
Q53952907	6000000011426214943
Q5395301	6000000021425065801
Q53953260	6000000023764231963
Q53953355	6000000039016535169
Q539536	6000000045752370925
Q5395436	6000000002497650203
Q539544	6000000020307179939
Q53954447	6000000042925407194
Q539562	6000000045761942900
Q53956917	6000000046679415942
Q5395755	6000000088959437848
Q539582	6000000006945699629
Q5395830	6000000011969308421
Q5395839	6000000101497278832
Q5395842	6000000034246791325
Q539587	6000000045823168821
Q5396	6000000019705557665
Q5396017	6000000002885325939
Q5396042	4448353360200026765
Q539607	6000000145973120885
Q5396074	6000000051149871823
Q5396082	6000000007050588735
Q5396086	6000000177531419900
Q5396105	6000000057964423353
Q5396126	6000000049992773038
Q5396135	6000000144538667864
Q53961567	6000000055082734827
Q5396174	6000000026337827337
Q5396199	6000000020564011011
Q539626	6000000015698126568
Q5396294	6000000093412736836
Q539635	6000000181504431821
Q5396401	4408854745850029378
Q5396569	6000000090197678368
Q5396585	6000000007022090421
Q539675	6000000019539157563
Q5396787	6000000131014420904
Q5396811	6000000039258394671
Q5396823	6000000120607768826
Q5396836	6000000156137526828
Q5396961	6000000015270311552
Q5396967	6000000000047013363
Q5396998	6000000004170373606
Q539704	6000000039712614845
Q5397101	6000000079282249610
Q539712	6000000000046430384
Q5397177	6000000000105332094
Q5397278	6000000002148581084
Q5397309	6000000034073028367
Q5397347	6000000083616194698
Q5397435	6000000007377108255
Q5397448	6000000020882106526
Q5397527	6000000001283901225
Q5397628	6000000010571294879
Q5397672	6000000000647381289
Q539773	6000000178329623821
Q5397751	6000000120144127837
Q539781	6000000014715055642
Q5397965	6000000007690469550
Q5398031	6000000021273646229
Q5398120	6000000094047527884
Q5398181	6000000003108655227
Q5398251	6000000040631139213
Q5398353	6000000161534847849
Q539845	6000000011756937196
Q5398525	6000000068667688934
Q5398564	6000000000886030646
Q5398566	6000000039104423203
Q5398572	5036463121490106149
Q5398592	6000000016206635683
Q539872	6000000183444889827
Q539878	6000000082808569211
Q5398788	6000000003086367721
Q5398864	6000000002244321596
Q539891	6000000076905607908
Q53989385	6000000035130590127
Q5399151	6000000000555740344
Q539917	6000000029262858414
Q5399237	6000000051807045041
Q5399254	6000000015802304285
Q539926	6000000182735550845
Q5399287	6000000004834197776
Q539930	6000000001141797295
Q539931	6000000124186689822
Q53993216	6000000003638017223
Q5399405	6000000086662495872
Q5399412	6000000175250086025
Q53994533	6000000032508932368
Q5399460	6000000018273470686
Q5399536	6000000143260140898
Q53996484	6000000076344021904
Q53996535	6000000055560178887
Q53996658	6000000005441911701
Q53996921	6000000026982956880
Q53996934	6000000011479937085
Q53996954	6000000007048086026
Q5399732	6000000008342212975
Q53997966	6000000014177899028
Q5399917	6000000004872434271
Q5400092	6000000081315201979
Q5400132	6000000083649442898
Q5400154	6000000000106714526
Q5400233	6000000004334954013
Q5400247	6000000021515825857
Q5400253	6000000022562943615
Q540031	6000000038945343958
Q5400345	6000000039205301219
Q540037	6000000014947693970
Q540039	6000000015451339527
Q5400422	6000000080004212821
Q540045	6000000179664384822
Q540048	6000000009349925194
Q5400507	6000000086636301271
Q5400516	6000000006817760648
Q5400532	6000000047975037106
Q5400625	6000000001691519108
Q5400643	6000000007385444903
Q54006699	6000000022770573244
Q5400683	6000000050375172041
Q540070	3144169
Q5400716	6000000020181711345
Q54007172	6000000109019842096
Q5400739	6000000004201222563
Q5400749	6000000002960999411
Q5400882	6000000030696250487
Q5400927	6000000020486800020
Q5400930	6000000032507144646
Q5400932	5233705893310081857
Q5400941	6000000025832307239
Q5400945	6000000015762161541
Q5400954	6000000003664515157
Q540098	6000000013193327447
Q5400997	6000000136975255886
Q54010207	6000000078392477884
Q540105	6000000010608175458
Q5401128	6000000035037662835
Q540113	6000000007243462851
Q5401163	6000000026685085366
Q5401166	6000000181797613864
Q5401177	6000000000509833305
Q5401180	6000000042487190449
Q5401185	6000000006707557491
Q5401203	6000000012177865491
Q5401206	6000000011028678023
Q5401209	6000000031226589821
Q5401237	6000000027774230466
Q5401251	6000000034066677698
Q5401274	6000000002255197810
Q5401285	6000000003956327599
Q5401302	6000000019300098471
Q5401328	334113056470004584
Q540134	6000000146855509822
Q5401423	6000000003005130400
Q5401438	6000000000502493353
Q540146	6000000028264139567
Q5401518	6000000023643073072
Q540155	6000000010080119768
Q540166	6000000034005223102
Q540177	6000000019131780464
Q54019	6000000002143472001
Q54019124	6000000010032336446
Q540192	6000000019114688475
Q5401956	6000000074320881821
Q5402001	6000000001750345295
Q5402034	6000000100729236879
Q5402043	6000000008239376830
Q5402091	6000000104581211202
Q540219	6000000001977691002
Q54022	6000000000845147888
Q540220	6000000010894822064
Q540235	6000000008682561858
Q5402372	6000000042559804216
Q540244	6000000000858917186
Q5402463	6000000025537232292
Q5402465	6000000004834197752
Q540247	6000000071112336822
Q540253	6000000032213201479
Q5402632	5213819130880079421
Q5402640	6000000126181343968
Q5402735	6000000002929888742
Q540275	6000000004237254369
Q540279	5087058928930053552
Q5402826	6000000171832493118
Q5402923	6000000016214435015
Q5402958	6000000011069984548
Q5403036	6000000030476588195
Q540308	6000000001482646452
Q5403112	6000000016099831484
Q5403136	6000000016303891539
Q5403147	6000000021947218027
Q5403149	6000000081440551834
Q540321	6000000016303489849
Q5403210	6000000001133341001
Q5403228	6000000003572186256
Q5403247	6000000000544316474
Q5403255	6000000024289859325
Q5403264	6000000019622354112
Q5403271	6000000037704028766
Q5403273	6000000006444668323
Q5403315	6000000138130939919
Q540338	6000000052212706922
Q540344	6000000026087019202
Q5403619	6000000005791047206
Q5403772	6000000010181949769
Q5403855	6000000001699565600
Q5403873	6000000007819873219
Q540393	6000000059853555923
Q5404082	6000000076396851901
Q54041	6000000002842268469
Q5404124	6000000017321399110
Q5404138	6000000037802174006
Q5404155	6000000019219074336
Q540418	6000000001500536234
Q540427	6000000036310254239
Q540431	6000000017496322580
Q5404394	6000000004690152966
Q540443	6000000010621909937
Q5404498	6000000006801853597
Q540452	6000000039241560108
Q540463	6000000184175154834
Q540477	6000000151402552894
Q5404771	6000000002554879658
Q540484	6000000075249881694
Q54049	6000000053647124923
Q5404918	6000000039352571103
Q5405002	6000000019393618795
Q5405004	6000000003257099165
Q540504	6000000001531530865
Q540506	6000000029030145628
Q5405068	6000000008679793018
Q5405098	6000000042437301996
Q540521	6000000036971947874
Q5405218	6000000024948427690
Q5405276	6000000003570842652
Q5405284	6000000007979459237
Q5405288	6000000131667754864
Q540530	6000000013984384722
Q5405300	6000000168950902369
Q5405305	6000000009923148712
Q540532	6000000006727753666
Q5405323	6000000046240000238
Q540538	6000000009428109687
Q5405390	6000000057354666926
Q54054	6000000001338972115
Q540551	6000000000893790337
Q540552	6000000102661732067
Q5405627	3753520
Q5405628	6000000000112815551
Q540565	6000000049097976845
Q540567	6000000013019313403
Q5405751	6000000035109914995
Q5405834	6000000038288736201
Q5405840	6000000006787252249
Q5405849	6000000004858470572
Q5405855	6000000003023756442
Q540597	6000000049097139124
Q5405984	6000000074069281905
Q5406028	6000000004136485764
Q5406062	6000000039327647712
Q540608	6000000015200907021
Q540613	6000000000695824768
Q5406183	6000000022568812398
Q5406363	6000000035199642958
Q5406363	6000000090289844882
Q54064453	6000000030364121584
Q5406559	6000000073415373846
Q540665	6000000009776406163
Q5406749	6000000041022250934
Q5406852	6000000001865835334
Q5406886	6000000127554421842
Q540689	6000000051914773050
Q5406920	6000000184498371824
Q5406927	6000000003633286279
Q5406941	6000000102625098856
Q5406942	6000000027670799302
Q5406970	6000000181642592861
Q5406972	6000000015732727897
Q5406977	6000000085795378829
Q5407007	6000000176474498849
Q5407011	6000000056381865871
Q54070195	6000000009216772164
Q5407040	6000000012676571150
Q5407045	6000000041297854942
Q5407076	6000000124321476833
Q5407082	6000000070880038833
Q5407093	6000000181108894823
Q5407100	6000000035007391996
Q5407114	6000000014960930339
Q5407151	6000000010556822725
Q5407166	6000000184678361911
Q5407194	6000000168000911839
Q5407237	6000000117645808092
Q5407263	6000000077487901653
Q5407466	5052607870460089540
Q540752	6000000001706714294
Q5407532	6000000026700573361
Q54075387	6000000008763251800
Q5407539	6000000183860413849
Q5407546	6000000010260796767
Q5407555	6000000077248691956
Q5407570	6000000013230649070
Q5407585	6000000014337650015
Q5407626	6000000157964163843
Q5407642	6000000014634816767
Q5407654	6000000042174995430
Q5407670	6000000009103310047
Q5407698	5338109321010122190
Q5407748	6000000149600391022
Q54077525	6000000078809910718
Q5407775	6000000033914257793
Q5407801	6000000008579703446
Q5407808	6000000069568626126
Q540784	6000000029702346680
Q5407848	6000000006843848642
Q5407851	6000000029867304417
Q5407882	6000000043790550525
Q540792	6000000019962289760
Q5407951	6000000066849085859
Q540800	6000000020855528518
Q5408053	5699458417270134751
Q5408054	6000000004990434153
Q5408065	6000000086872596316
Q5408136	6000000020771439163
Q5408189	6000000009092695258
Q5408218	6000000009043901113
Q5408230	6000000010721951699
Q5408286	6000000088116451825
Q5408294	6000000002997112131
Q5408295	6000000011536003586
Q5408314	6000000071230903831
Q5408321	6000000179401380979
Q5408382	6000000006917151447
Q540840	6000000003526461077
Q5408401	6000000172206793152
Q540845	6000000014523100117
Q5408457	6000000077362642115
Q5408554	6000000026213963623
Q5408584	6000000177251484821
Q5408603	389867927900004323
Q5408620	6000000017403383830
Q54086357	6000000039129218852
Q54086378	6000000182993437836
Q54087084	6000000024305039640
Q54087120	6000000021509126576
Q54087127	6000000010993522331
Q54087168	6000000017705887006
Q54087176	6000000017705483965
Q5408720	6000000010855698889
Q54087252	6000000007465996036
Q54087263	6000000008286630440
Q54087453	6000000019860616016
Q54087467	6000000042508604651
Q5408829	6000000050109902034
Q5408992	6000000003800424057
Q5409026	6000000008088644828
Q540908	6000000072101900821
Q540910	6000000011204341052
Q5409134	6000000016234544276
Q5409171	6000000145335527957
Q5409215	6000000003915215273
Q5409364	6000000058808436447
Q540947	6000000002814390019
Q540948	6000000014685189823
Q540953	6000000051311021915
Q5409541	6000000091192919016
Q54096455	6000000024461054132
Q5409677	6000000024417094784
Q540969	6000000013320266118
Q5409741	6000000015253188022
Q5409757	6000000009562185279
Q5409780	6000000000695389392
Q54097971	6000000050480018938
Q5409803	6000000117125944868
Q5409806	6000000019923851408
Q540981	6000000007255407342
Q540994	6000000004337886444
Q541005	6000000026590660070
Q54100554	6000000001166708587
Q54100905	6000000076302915720
Q54100968	4739412810490029009
Q5410159	6000000090233208834
Q541016	6000000028046746778
Q5410208	6000000006800250565
Q541034	6000000002845526999
Q5410403	6000000016828765584
Q5410459	6000000024921091133
Q5410517	6000000018684302633
Q541054	6000000020112192815
Q5410598	6000000121953721283
Q5410712	6000000024233332056
Q541074	6000000007878816370
Q5410832	6000000009577708899
Q5410914	6000000000020371932
Q5411103	6000000007388928840
Q5411169	6000000021041255621
Q541117	6000000000596272314
Q541118	5233239231570128210
Q5411287	6000000013248048849
Q5411298	6000000054011485872
Q5411300	6000000015871305011
Q5411427	6000000009648135955
Q5411517	6000000081322132838
Q541160	6000000022000603698
Q541177	6000000022162394218
Q541188	6000000181095418831
Q541189	6000000028047249503
Q5411895	6000000103699911131
Q5412071	6000000007460404286
Q5412079	6000000008815360373
Q5412102	6000000007749396576
Q5412366	6000000008237063642
Q541251	6000000046132696846
Q5412624	6000000001790366856
Q5412700	6000000048555719987
Q5412930	6000000001187870866
Q541300	6000000000333559568
Q5413079	6000000021096072677
Q5413257	6000000007344387454
Q541330	6000000017460532225
Q5413301	6000000019057568927
Q5413419	6000000127899756868
Q54134791	6000000079832792982
Q5413597	6000000003673046307
Q541361	6000000011622352800
Q5413636	6000000056155868068
Q541365	6000000015340125390
Q5413657	6000000031038652885
Q541374	6000000155874627836
Q5413778	6000000030270189609
Q541388	6000000012380320489
Q5413933	6000000167074665855
Q5413967	6000000002471873569
Q5414124	6000000020434691498
Q5414227	6000000001147712657
Q5414228	6000000030941490074
Q5414253	6000000019359392673
Q5414299	6000000017634085741
Q5414305	6000000017906096682
Q5414317	4411753852160042163
Q5414319	6000000001300434501
Q5414319	6000000009440896136
Q5414323	6000000030599388306
Q541433	6000000003194401756
Q541443	6000000157648431824
Q541458	6000000150856946903
Q54145977	6000000044013115151
Q541485	6000000078370378445
Q541493	382669965870005759
Q5415001	6000000005760646108
Q5415020	6000000020910433222
Q5415056	6000000019123539122
Q5415064	6000000029599308261
Q5415085	6000000018250502578
Q5415112	6000000000984159425
Q5415114	6000000015036177142
Q5415121	6000000018492928687
Q5415123	6000000091777982952
Q5415133	6000000008682143534
Q5415135	6000000013123920365
Q5415153	6000000010135357810
Q5415158	6000000003292942503
Q541516	5327772481460057734
Q5415172	6000000017536206377
Q5415202	6000000010228919060
Q5415206	3937623694130050610
Q5415214	6000000009415556860
Q54152696	6000000149880400286
Q5415276	4171249504940058620
Q54153081	6000000009477451683
Q5415313	6000000015713383664
Q5415317	6000000020978821633
Q5415328	6000000078345679935
Q5415337	6000000002188489779
Q5415393	6000000014416104595
Q5415426	6000000017080361190
Q5415429	6000000117781166825
Q5415458	6000000126229644499
Q5415495	6000000031883904844
Q5415502	6000000066267969966
Q5415515	6000000004005145209
Q541555	6000000015548836652
Q5415597	6000000094960598143
Q541571	6000000176373412836
Q54158301	6000000017699465926
Q541584	6000000070975010873
Q54158583	6000000017699939883
Q5415923	6000000044152517253
Q541599	6000000074079315983
Q5416077	6000000001190796160
Q5416082	6000000045193113821
Q5416149	6000000060802231822
Q54161883	6000000008044405071
Q541619	6000000015404582435
Q5416210	6000000006436726633
Q5416234	6000000147161263937
Q5416246	6000000002765016473
Q5416247	6000000176200226906
Q54162487	6000000001194126808
Q5416293	6000000014817929738
Q5416305	6000000009804936486
Q5416313	6000000017041126102
Q5416318	6000000025804449273
Q5416328	6000000067236484955
Q5416349	6000000031672617095
Q541637	6000000009554279411
Q5416370	6000000127902702889
Q5416385	6000000001276538506
Q5416407	6000000013370826006
Q5416431	6000000010085350126
Q54164320	6000000001194183785
Q5416437	6000000086179596849
Q5416443	6000000002188552280
Q5416444	6000000002188552292
Q5416445	6000000072577683840
Q5416448	6000000011071240449
Q5416458	6000000013890407840
Q541650	6000000110566679026
Q5416518	6000000015240991464
Q5416536	6000000007619305694
Q54165531	6000000014760521692
Q54165621	6000000055092266378
Q54165918	6000000010381389427
Q54166096	6000000024317763695
Q541661	6000000015541490998
Q541674	6000000006587531235
Q54168	6000000003092905998
Q541685	6000000128819618833
Q5416893	6000000039183015650
Q5416894	6000000009607649806
Q5416912	6000000056919799860
Q541695	6000000024602653030
Q5416976	6000000021827407396
Q5416994	6000000061098118011
Q541700	6000000022701238532
Q541701	6000000072880938320
Q541702	6000000019714920082
Q5417027	6000000108870933823
Q5417032	6000000170061905079
Q5417047	6000000013390147681
Q5417057	6000000009298223442
Q5417067	6000000091635224400
Q541708	6000000013318936963
Q5417087	6000000177272971855
Q541714	6000000019118446845
Q541729	6000000181916604854
Q5417354	6000000154208046834
Q5417359	6000000000954607014
Q541736	6000000013628501699
Q541755	6000000000120513135
Q54177514	6000000182105408832
Q541778	6000000079138499354
Q541787	367821612820004055
Q541789	6000000013627411701
Q541801	6000000006727757812
Q54181077	6000000100747969916
Q5418207	6000000014102512565
Q541823	6000000023463938252
Q5418374	6000000000882696070
Q541839	6000000018796445625
Q5418822	6000000027758728905
Q5418858	6000000077906535458
Q5418896	6000000019557503478
Q5418903	363194277480003036
Q5418941	6000000078252048065
Q5418963	6000000044861649833
Q5418969	6000000017249423150
Q5418971	6000000011069681425
Q5418985	6000000002115920691
Q541929	6000000013298561612
Q5419326	6000000008471359846
Q541949	6000000001180345237
Q541981	6000000012921869414
Q54200162	6000000018098268766
Q542015	6000000003940503509
Q542045	6000000020070420009
Q5420532	6000000011994989508
Q5420586	6000000002860816755
Q542061	6000000068386054196
Q54207591	6000000027931621275
Q542096	6000000084052413049
Q542099	6000000015136086306
Q542101	6000000017485013321
Q542102	6000000011851714286
Q5421040	6000000001608947335
Q542106	6000000027461807838
Q54211960	6000000015500048705
Q542162	6000000175273735976
Q542163	6000000006727753958
Q54216662	6000000015717883787
Q542217	6000000003409491442
Q542230	6000000073175604493
Q542242	6000000127832700917
Q542255	6000000017813952104
Q5422554	6000000003439507113
Q542264	6000000021490490565
Q542267	6000000032600472012
Q5422907	6000000031178321317
Q5422915	6000000005438503880
Q5422966	6000000009538827377
Q542297	6000000029861641264
Q5422980	6000000044259114179
Q5422989	6000000026832766090
Q5422990	6000000015500758945
Q5423000	6000000142879772250
Q5423066	6000000007149403039
Q5423068	6000000019055657701
Q5423069	6000000007223305410
Q5423071	6000000014862573594
Q54231276	6000000004641831489
Q5423137	6000000003075917131
Q5423148	6000000016970962020
Q5423155	6000000001037619159
Q5423160	6000000007141511847
Q5423163	6000000183613640856
Q5423168	6000000010618920682
Q542321	6000000017906001485
Q5423322	6000000013822478154
Q5423340	6000000091387283974
Q5423351	6000000041217953125
Q542337	6000000014224302529
Q5423374	6000000026959094419
Q5423377	6000000057424536918
Q5423380	6000000078197331932
Q5423382	6000000011335849943
Q5423387	6000000029429181639
Q5423417	6000000009861695836
Q5423424	6000000000556925809
Q5423425	6000000172108308116
Q5423738	6000000002447361710
Q5423783	6000000030529713109
Q5423784	6000000019348727760
Q542381	6000000018544761189
Q5423817	6000000013415349311
Q5423833	6000000043433980904
Q5423872	6000000013844320535
Q5423893	6000000015732801249
Q54239205	6000000030284110869
Q5423955	6000000039176407793
Q5423994	6000000145275924831
Q5424044	6000000041949589235
Q542406	6000000069451462058
Q542428	6000000001608923737
Q54245245	6000000014064992056
Q542468	6000000030408622073
Q542481	6000000007332651059
Q542489	6000000052272622918
Q54250680	6000000018612601173
Q54250744	6000000163423110922
Q542522	6000000164909651432
Q542529	6000000009785817801
Q542546	6000000032065425317
Q542571	6000000073633482115
Q542590	6000000015830763413
Q542663	6000000020040109180
Q542677	6000000121960089877
Q542683	6000000011798608960
Q542695	6000000001753229028
Q542706	6000000035091764538
Q542718	6000000019961306900
Q542719	6000000002607443101
Q542747	6000000150676264966
Q542751	6000000008396199256
Q5427694	6000000006127417939
Q5427783	6000000067574444821
Q5427895	6000000024502173974
Q542811	6000000150919598823
Q5428163	6000000000316496620
Q542823	6000000013510903527
Q542825	6000000138034516823
Q542828	6000000014130665130
Q542860	6000000030398583384
Q54287205	6000000010041309584
Q54287770	6000000010041551344
Q542880	6000000054169567950
Q54288092	6000000016294307654
Q542886	6000000094123535866
Q542902	6000000015357424974
Q54290251	6000000034430809893
Q5429167	6000000009775176202
Q542917	6000000013414189849
Q54292520	6000000034410671119
Q5429291	4181147173850074488
Q542938	6000000010733126038
Q5429541	6000000043123281046
Q5429616	6000000177064096824
Q542973	4062828
Q542978	6000000005415317159
Q5430177	6000000000944063560
Q543019	6000000008630681174
Q5430198	6000000019357075900
Q5430337	6000000031012055129
Q543036	6000000037752557729
Q543040	6000000007161473389
Q54304896	6000000180877229821
Q54304936	6000000024318150048
Q54304969	6000000014914184015
Q543073	6000000073122017131
Q543107	6000000207403763845
Q54311306	6000000000834389524
Q5431143	6000000183067268842
Q543118	6000000017215771637
Q5431237	6000000024405776075
Q543131	6000000002820158539
Q54313165	6000000020546444232
Q54313184	6000000006444102742
Q54313738	6000000106755415821
Q54313927	6000000001055591148
Q54314	6000000016803283009
Q54314358	6000000183850345821
Q543149	6000000062922597836
Q543158	6000000061916156178
Q5431904	6000000076910194607
Q543195	6000000010319332129
Q543198	6000000029862710872
Q5432	6000000011872078222
Q54322885	6000000131547165821
Q54323652	6000000008064016814
Q54324485	6000000001504525898
Q54326263	6000000021122852125
Q543293	6000000145332997963
Q543311	6000000003463376811
Q5433560	6000000074784247527
Q543376	6000000014659232297
Q5433784	6000000074787055197
Q5433802	6000000074747370966
Q543381	6000000014817937021
Q543383	6000000018215392839
Q543385	6000000002251259376
Q54338694	6000000001484333112
Q543393	6000000145349655822
Q5433955	6000000017590140376
Q5433958	6000000041397740258
Q5433966	6000000014015092027
Q5434024	6000000028648363962
Q5434034	6000000032398907467
Q5434047	6000000000443266744
Q5434047	6000000019734770717
Q5434058	6000000026272783862
Q543407	6000000011253835356
Q543417	6000000042710803485
Q543431	6000000088057306880
Q5434440	6000000049862443965
Q543468	6000000015716271052
Q543475	6000000000067859961
Q54347909	6000000001727224123
Q543494	6000000013118661523
Q54353340	6000000005035063021
Q543536	6000000002543840430
Q54353890	6000000008942605059
Q543544	6000000072030650628
Q543556	6000000089423076844
Q54355814	6000000005034948537
Q54358424	6000000103224575940
Q54360964	6000000006762247515
Q543613	6000000012600783036
Q5436227	6000000183361645859
Q5436234	6000000001384258675
Q5436283	6000000005437543277
Q54363633	6000000011303395018
Q5436461	6000000001801008701
Q54365295	6000000018081997918
Q54366062	6000000197480404868
Q543663	6000000046721327880
Q543666	6000000023232567987
Q543677	6000000016375232544
Q543700	6000000036180702051
Q54370492	6000000025680092081
Q543711	6000000007862502762
Q543723	6000000003730640392
Q543738	6000000016024466949
Q543742	6000000038711779780
Q543772	6000000054564635835
Q5437728	6000000003342425411
Q54378129	6000000024225676192
Q543788	6000000022218300500
Q543798	6000000092122704096
Q5438315	1214841
Q5438328	6000000067119434453
Q5438601	6000000084814424198
Q543862	6000000005226455182
Q5438635	6000000000001477186
Q543865	6000000000051817104
Q5438663	6000000025524695024
Q5438672	6000000045581676349
Q5438712	6000000021096313080
Q543877	6000000008353411065
Q5438793	6000000110210659821
Q5438800	6000000069123764887
Q5438851	5281661986380026833
Q5438863	6000000012954111057
Q54388714	6000000020349299613
Q5438879	6000000175373451153
Q5438901	6000000027543503382
Q5438929	6000000091778226821
Q5438976	6000000094597651048
Q5438990	6000000185259713846
Q54390	376435597380002734
Q543908	4936615161900052098
Q543909	6000000043009077011
Q543935	6000000006127523501
Q5439505	6000000019536182661
Q543953	6000000010187135656
Q54397542	6000000023387999978
Q54397782	6000000021429245960
Q544019	6000000053661896021
Q544029	5003482826180074485
Q5440488	6000000083777023899
Q54406307	6000000019351626899
Q544075	6000000003764980680
Q544086	6000000006727790312
Q5440970	2976390
Q5440974	6000000026324742114
Q5440996	6000000066115114827
Q5441017	6000000013623680085
Q544105	6000000008130835291
Q5441064	6000000007273797757
Q544111	6000000019405445314
Q5441114	6000000075213714875
Q544165	6000000008550666261
Q5441694	6000000026605875261
Q5441759	6000000080045237890
Q5441799	6000000043102734876
Q5441828	6000000090720119928
Q5441831	6000000007277641495
Q5441838	6000000094322859855
Q5441839	6000000043464972178
Q5441841	6000000003658675010
Q5441845	6000000023699538060
Q5441931	6000000007692870851
Q5441994	6000000023871519467
Q544202	6000000016543090512
Q5442052	6000000028108532705
Q544207	6000000127093437896
Q5442123	6000000039130839305
Q5442124	6000000163743022838
Q5442158	373820576370011744
Q5442169	6000000013075732606
Q5442207	6000000023884882953
Q5442228	6000000035939089860
Q5442235	6000000013743151431
Q5442247	6000000001852341798
Q5442253	6000000034280872833
Q5442258	6000000044633532887
Q5442263	6000000020332383789
Q5442270	6000000012059227338
Q5442301	6000000033726259730
Q5442303	6000000015521489427
Q5442327	6000000007804266690
Q5442329	6000000028624120987
Q5442333	6000000025022258997
Q5442339	6000000006412282384
Q5442340	6000000005760119590
Q5442357	6000000024035562231
Q5442389	6000000032010589004
Q544245	6000000115126468836
Q544250	6000000007111090818
Q5442665	6000000011039429400
Q544284	6000000024562461409
Q5443	6000000002873341198
Q54433233	6000000022433673903
Q5443379	6000000075610542055
Q544338	869591
Q5443383	6000000032510830762
Q544341	6000000183942801854
Q54435352	6000000007645219013
Q5443612	6000000007628954464
Q5443639	6000000024405994966
Q544364	6000000143352303821
Q544368	6000000007523534063
Q5443685	6000000022089501029
Q5443710	6000000106250863830
Q544372	6000000036136086220
Q5443788	6000000077404291200
Q5443800	6000000000211309913
Q5443802	6000000000377835632
Q5443812	6000000195296433823
Q5443818	6000000020288026092
Q544383	6000000008840730702
Q5443832	6000000034984276954
Q5443844	6000000053535188874
Q5443856	6000000003932109519
Q544387	333727306870012646
Q5443885	6000000046016802869
Q5443885	6000000183991929821
Q5443888	6000000012444084047
Q5443897	6000000001539920091
Q5443899	6000000020895416016
Q5443941	6000000006872912745
Q5443945	6000000002188542172
Q5443946	6000000006444996891
Q544396	6000000009627932001
Q5444	6000000142904793858
Q5444043	6000000038005280370
Q5444044	6000000027017939472
Q5444091	6000000007391235560
Q54441081	6000000030197401881
Q5444165	6000000000307240760
Q544428	6000000016991572381
Q544436	6000000019154587927
Q5444427	6000000064299137664
Q5444429	6000000019068226735
Q5444511	6000000182815204837
Q5444556	6000000014377498052
Q5444579	6000000001688759274
Q544458	6000000163458011834
Q5444587	6000000127795767821
Q5444605	6000000002454915697
Q544461	6000000016172048532
Q544464	6000000018497682901
Q544465	6000000018722226215
Q5444785	6000000032839354028
Q5444826	6000000003410777352
Q544485	6000000015983146324
Q5444876	6000000017112238378
Q54448877	6000000176662435911
Q544489	6000000010446631546
Q5444958	6000000037255090864
Q544496	6000000001500847862
Q5444976	6000000189368938832
Q544500	6000000183409040822
Q544509	6000000005017619142
Q544517	6000000000285356187
Q544518	6000000176860205856
Q544522	6000000006909360177
Q5445367	6000000001498649050
Q544537	6000000010119503374
Q5445394	6000000179877469832
Q544548	6000000014685391037
Q544552	6000000016229149414
Q544561	6000000004478947015
Q5445888	6000000012011764823
Q544602	6000000007464165271
Q544609	6000000003158041919
Q544611	6000000084783206064
Q544622	6000000024379810620
Q544627	6000000014681234270
Q5446289	6000000028831272087
Q544632	5255415582580108847
Q544644	6000000061371198898
Q544651	6000000025000826950
Q544654	6000000036134156076
Q5446751	6000000077147572072
Q54469054	6000000022050840036
Q544724	6000000016912864120
Q5447258	6000000002648763224
Q5447259	6000000002648873108
Q544738	3811641
Q544743	6000000198775503821
Q544765	6000000017625785257
Q544781	6000000002914493039
Q54478474	6000000009995809729
Q54478554	6000000057625391895
Q544795	6000000043543213828
Q54480558	6000000137999446040
Q544810	6000000219473984847
Q54481131	6000000030870113932
Q54482332	6000000069911986063
Q5448241	6000000177034638856
Q54484136	6000000177385827890
Q54484830	6000000071562508095
Q5448496	6000000006520866018
Q5448703	6000000015388074806
Q544873	6000000004145879873
Q544895	6000000008221871471
Q544899	6000000038966282086
Q544902	6000000174548150822
Q54491193	6000000009155615106
Q5449205	6000000014095142883
Q544951	6000000073502555833
Q544953	6000000019739750653
Q544983	5063162337860126267
Q544990	6000000163837763274
Q54499089	6000000009156054799
Q54499628	6000000005103675887
Q54501351	6000000055225975833
Q545017	6000000017906561018
Q545020	6000000056785568903
Q54503266	6000000020267632825
Q545035	6000000010697404587
Q545038	6000000030558097909
Q545047	6000000000348935910
Q5450538	6000000054929997218
Q5450579	6000000003761904486
Q5450607	6000000002739521187
Q5450611	6000000001360693496
Q5450620	6000000007620596549
Q5450626	6000000014826214082
Q5450632	6000000006335742406
Q5450647	6000000040956951162
Q5450648	6000000016167183323
Q5450653	6000000084887616968
Q5450655	6000000040749633120
Q5450656	6000000058875992852
Q5450661	6000000028429800436
Q54506629	6000000024250172999
Q54506634	6000000038401605324
Q54506636	6000000174163771024
Q54506638	6000000011371285373
Q54506649	6000000024641935158
Q54506657	6000000039197863301
Q54506659	6000000018498943989
Q54506674	6000000018322428491
Q54506686	6000000040335464286
Q54506693	6000000025891578448
Q54506700	6000000096833473950
Q54506705	6000000040444198234
Q54506713	6000000023638796114
Q54506725	6000000019747443723
Q54506727	6000000012723069453
Q54506737	6000000026516159385
Q54506748	6000000164027684883
Q54506756	6000000037952738305
Q54506762	6000000018327263942
Q54506764	6000000019978880221
Q54506768	6000000024004697852
Q54506777	6000000025765765785
Q5450678	6000000001113717855
Q54506780	6000000025752897503
Q54506805	6000000024613972198
Q54506811	6000000044637015212
Q54506825	6000000029995205191
Q5450683	6000000026465094866
Q54506855	6000000077597645050
Q54506869	6000000043227731043
Q54506871	6000000022347222910
Q54506874	6000000012922523351
Q54506875	6000000024361952840
Q54506878	6000000018069924855
Q54506879	6000000035002026959
Q54506884	6000000035066747835
Q54506899	6000000017237204231
Q54506901	6000000027930443149
Q54506907	6000000037694573033
Q54506915	6000000018411438211
Q54506924	6000000016117284294
Q54506941	6000000025719041996
Q54506943	6000000025718423646
Q54506947	6000000025620994827
Q54506957	6000000017832748271
Q54506960	6000000021193730788
Q54506968	6000000022201313988
Q54506974	6000000024404139049
Q54506981	6000000179145704823
Q54506984	6000000018325687576
Q54506988	6000000035768055060
Q54506996	6000000014400772695
Q54507010	6000000023050559873
Q54507016	6000000176770260920
Q54507027	6000000052997499915
Q54507028	4633032063760041771
Q54507031	6000000029183793092
Q54507034	6000000105831071924
Q54507043	6000000033288357867
Q54507046	6000000021518799167
Q54507057	6000000018385884624
Q54507066	6000000016239673091
Q54507070	6000000108539137986
Q54507073	6000000033354879789
Q54507083	6000000023980333356
Q54507084	6000000042668860150
Q54507086	6000000023700010914
Q54507098	6000000025890434448
Q54507099	6000000124980685215
Q54507123	6000000005231058021
Q54507165	6000000009956366543
Q54507179	6000000010411934201
Q54507186	6000000013412011665
Q54507187	6000000018490207179
Q54507200	6000000026695922816
Q54507202	6000000077433014894
Q54507216	6000000024957526981
Q54507219	6000000013405904820
Q54507229	6000000011646498113
Q54507238	6000000026175394970
Q54507257	6000000024569558903
Q54507258	6000000029141174757
Q54507275	6000000132757823064
Q54507296	6000000023880891065
Q54507299	6000000026175557528
Q54507305	6000000021185881141
Q54507312	6000000029553416241
Q54507320	6000000006994061152
Q54507323	6000000006993246831
Q54507340	6000000018359707338
Q54507343	6000000013609566139
Q54507371	6000000077551370939
Q54507372	6000000024681377795
Q54507376	6000000046268629116
Q54507411	6000000012343509819
Q54507427	6000000037576423237
Q54507429	6000000037576016135
Q54507436	6000000024724522894
Q54507441	6000000015541035309
Q54507466	6000000017026198851
Q54507478	6000000018406457781
Q54507482	6000000017414989400
Q54507484	6000000018327290168
Q54507488	6000000031068878688
Q54507494	6000000018568722165
Q54507519	6000000025644789913
Q54507521	6000000038974352964
Q54507524	6000000040017515527
Q54507525	6000000015541147043
Q54507528	6000000105511181133
Q54507531	6000000020146083786
Q54507544	6000000025016652851
Q54507549	6000000028278817731
Q54507549	6000000039265892442
Q54507555	6000000109508368091
Q54507556	6000000018064790055
Q54507558	6000000072721655074
Q54507563	6000000072721326957
Q54507567	6000000038340405166
Q54507581	6000000020421313338
Q54507610	6000000014064708829
Q54507613	6000000028529225638
Q54507623	6000000025702683984
Q54507629	6000000017962385287
Q54507635	6000000090713995046
Q54507643	6000000083078273495
Q54507646	6000000029903157089
Q54507653	6000000025292752988
Q54507658	6000000018424589552
Q54507669	6000000019666896622
Q54507675	6000000038364278853
Q54507697	6000000012627157420
Q54507707	6000000020988495194
Q54507712	6000000025020664225
Q54507715	6000000082371923442
Q54507749	6000000054773529934
Q54507751	6000000046539087868
Q54507755	6000000172223816982
Q54507758	6000000027405443643
Q54507761	6000000040284816527
Q54507766	6000000025263427988
Q54507779	6000000037594915965
Q54507785	6000000015746274309
Q545090	6000000018466653049
Q545123	6000000090139159821
Q545152	6000000003243412515
Q545154	6000000055399331957
Q5451902	6000000001079060592
Q545200	6000000058150778115
Q5452132	6000000020415984707
Q5452178	6000000002490914244
Q545221	6000000025753517170
Q545230	6000000017004933881
Q545233	6000000021064349216
Q545261	6000000139445614906
Q54527	6000000028497053312
Q545277	6000000076695610341
Q545298	6000000166198614858
Q545301	6000000067824588890
Q545307	6000000020075301043
Q545357	6000000177243006831
Q545363	6000000030792028851
Q545364	6000000005563321962
Q545366	6000000005608437439
Q545370	6000000128590670822
Q545378	6000000042313348698
Q545381	6000000097526756088
Q54539	6000000001412308145
Q545396	6000000071944027830
Q5454	6000000057300153213
Q54540	6000000040778525716
Q54545	6000000059766340967
Q54547	6000000022590806343
Q54547362	6000000056595034821
Q545488	6000000106619600950
Q54549822	6000000003410483628
Q5455186	6000000013230246586
Q54551911	6000000034865564984
Q54551977	6000000001856054761
Q54551987	6000000068660309955
Q54552117	6000000002499709846
Q54553055	6000000011542659107
Q54553442	6000000015748307235
Q54553517	6000000030279869422
Q54553888	6000000004097649109
Q545544	6000000036490779137
Q54555054	6000000054637911841
Q54555059	6000000032042149890
Q5455509	6000000020128713170
Q54555224	6000000014565832905
Q5455545	6000000017763495071
Q5455548	6000000012954377283
Q54555897	6000000014763530381
Q54555971	6000000018474115225
Q54555975	6000000019046132068
Q54555980	6000000014209783884
Q54556162	6000000013938593012
Q54556176	6000000009977693817
Q54556180	6000000020327464202
Q54556182	6000000054015188944
Q54556563	6000000006444256882
Q545567	6000000026119043162
Q5455717	6000000024596491631
Q545573	6000000009129214467
Q54558462	6000000075965610898
Q545604	6000000089076927053
Q545628	6000000070864122015
Q545634	6000000047814301311
Q545644	6000000027471267989
Q545664	6000000026036284531
Q545695	6000000071115270844
Q545696	6000000035497878618
Q545702	6000000151328598896
Q545740	6000000078995025014
Q54575159	6000000023442470065
Q545764	6000000049176585935
Q54576903	6000000023442429689
Q54577	6000000166419600839
Q54578872	6000000044012775582
Q545805	6000000015867990226
Q545809	6000000025968795911
Q5458090	6000000056350126831
Q5458117	6000000026368313034
Q545818	6000000017437419074
Q545822	6000000015604268251
Q545823	6000000104306381877
Q54583	6000000036397310021
Q545830	6000000176443594834
Q54584	6000000011205754306
Q545846	6000000029389422954
Q5458506	6000000016466024450
Q5458653	6000000011453864827
Q5458769	6000000015699683255
Q5458782	6000000003288502948
Q5458803	6000000030820381185
Q5458811	6000000009365670506
Q5458826	6000000003196436626
Q545888	6000000012507845750
Q54589173	6000000092287605501
Q545910	6000000014043563761
Q545912	6000000011439040208
Q545922	6000000136973015126
Q545924	6000000015633136703
Q545924	6000000205269304983
Q545931	6000000177041018851
Q54597040	6000000008371340442
Q546000	6000000015413404551
Q546008	6000000010764272125
Q5460273	6000000014688172487
Q5460275	6000000024154981425
Q546028	6000000177217336822
Q5460283	6000000008979656149
Q54603211	6000000067839087821
Q5460343	6000000017434479848
Q5460347	6000000022425107495
Q5460353	6000000010061894543
Q5460358	6000000061535087135
Q5460543	6000000180062135844
Q5460545	332413828450011042
Q5460565	6000000027059961822
Q5460570	6000000108530221983
Q54605779	6000000033064249949
Q54605959	6000000024076496668
Q5460603	6000000015519314727
Q5460606	6000000028548751868
Q5460612	6000000009314998218
Q5460622	6000000050198308821
Q5460622	6000000195673877829
Q5460654	6000000030778245331
Q5460664	6000000024171363278
Q5460673	6000000002778649056
Q5460681	6000000029114110563
Q5460693	6000000032767417043
Q5460714	6000000026495696348
Q546073	6000000000779508015
Q5460734	6000000026668053111
Q5460765	6000000029554114598
Q5460771	6000000005582672272
Q546078	6000000024210648461
Q5460782	6000000140139976910
Q5460786	6000000003222412282
Q5460808	6000000036487412633
Q546084	6000000009209567187
Q5460849	6000000072100451848
Q5460883	6000000037944230773
Q546097	6000000018637715050
Q546107	6000000123229968039
Q54610864	6000000037991107532
Q546115	6000000017582793639
Q5461385	6000000003949722015
Q546140	6000000015893770414
Q546175	6000000013078767302
Q5461787	6000000026889422916
Q546182	6000000041296709343
Q5461886	6000000028068643512
Q546200	6000000016829761463
Q546204	6000000017786831791
Q54623950	6000000071560445857
Q5462398	6000000103395116593
Q5462418	6000000003399123644
Q5462425	6000000140796181823
Q5462468	6000000041151157318
Q5462487	6000000063156670921
Q5462550	6000000074560844125
Q546288	6000000157841462878
Q546323	6000000023951011919
Q546342	6000000032178930937
Q54634386	6000000006444220622
Q54635369	6000000076883992073
Q54635440	6000000036622378051
Q546355	6000000057278646892
Q5463586	6000000015043028311
Q5463716	6000000038226985835
Q5463829	6000000038236922287
Q5463889	6000000015042930529
Q546405	6000000072476106925
Q546411	6000000009118722803
Q5464230	6000000014235072326
Q5464492	6000000001064093167
Q546467	6000000017208815176
Q5464674	6000000038440779897
Q5464685	6000000019258623170
Q5464832	6000000029921934058
Q54649686	6000000050385791821
Q54650859	6000000016522011927
Q5465232	6000000028819105006
Q546533	6000000002188424535
Q546555	6000000051094002821
Q546565	6000000018604811298
Q546568	6000000117719016855
Q546572	6000000016671917891
Q54657308	6000000005071363139
Q546575	6000000009956728682
Q546577	4874956398660060289
Q54658752	6000000020300382972
Q546591	6000000179969691874
Q546613	6000000004236864763
Q5466425	6000000010721948760
Q546662	6000000022601089496
Q54666761	6000000027722734592
Q54666765	6000000082608849875
Q54670298	6000000025281376398
Q5467247	6000000023338750194
Q546727	6000000011337786390
Q546746	6000000006596099619
Q546756	6000000009477471105
Q5467566	6000000042512930841
Q5467797	6000000012369589799
Q5467829	6000000031584279894
Q54684	6000000080233746830
Q546872	6000000000647173134
Q546877	6000000008107087214
Q5468846	6000000019044760005
Q546907	6000000007345799370
Q546910	6000000137577102879
Q54692	6000000015901828162
Q546926	6000000008278419013
Q54693	6000000076809648029
Q546941	6000000176652626981
Q546945	6000000000819455604
Q546949	6000000009217333438
Q546962	6000000014280623525
Q546970	6000000019995103419
Q546986	6000000027776253784
Q5470000	6000000029074099472
Q547002	6000000069557628173
Q54700899	6000000018580358920
Q547017	6000000001339449427
Q547033	6000000001480663764
Q5470435	6000000181391037897
Q5470461	6000000016476777834
Q5470464	6000000019793640029
Q5470466	5631260458220042390
Q5470471	6000000073804139167
Q5470514	6000000007726758024
Q5470516	6000000001382953838
Q547055	6000000018939363063
Q5470550	6000000015732867294
Q547056	6000000009388456907
Q547074	6000000007705782856
Q547078	6000000017265439830
Q5470842	6000000019279435798
Q547104	6000000020814982498
Q54711	6000000014825089429
Q5471132	6000000009307280487
Q547153	6000000020600116081
Q547154	6000000015274867154
Q547167	6000000073525708589
Q54721185	6000000081999663156
Q547218	6000000038069415430
Q547225	6000000006727820748
Q547227	6000000020733208828
Q547230	6000000050675494937
Q547250	6000000177005768848
Q5472867	6000000009319094878
Q547291	6000000007036716536
Q547342	6000000001404084773
Q547352	6000000007291126543
Q5473526	6000000002370586218
Q5473565	6000000003048771314
Q5473607	6000000011343666106
Q5473646	6000000047588935945
Q5473653	6000000066649360821
Q547366	6000000114449679948
Q5473667	6000000021330841372
Q5473686	6000000020293880466
Q5473687	5535277830970125326
Q5473699	6000000039398504208
Q5473740	6000000014346975375
Q5473776	6000000078555257030
Q5473885	6000000002451834230
Q547406	6000000134361194839
Q5474238	6000000032263084130
Q547440	6000000079095999852
Q547451	6000000019995969804
Q547470	6000000026334637626
Q5474857	6000000079267271590
Q547486	6000000141959836851
Q5474899	6000000089530322918
Q5474917	6000000144809826983
Q547495	323825843040007760
Q5475068	6000000000838184416
Q547511	6000000083674719100
Q5475245	6000000010693708011
Q547527	6000000001861951345
Q5475304	6000000004190310186
Q5475350	6000000016983058848
Q54753539	6000000032181067567
Q547536	6000000005739760286
Q5475405	6000000018331638851
Q5475582	6000000021302910861
Q5475760	6000000121059948822
Q5475831	6000000183280240839
Q5475851	6000000149462027867
Q547587	6000000142898501058
Q5475922	6000000050412970956
Q5475984	6000000083569435622
Q5476014	6000000006786983471
Q547604	6000000074172406856
Q5476105	6000000015789679222
Q5476260	6000000016056284936
Q5476316	6000000003413019001
Q547653	6000000012825487121
Q547655	6000000020690042628
Q5476554	6000000112540853890
Q5476568	328996897600002321
Q547669	6000000101469700826
Q547679	6000000019907886153
Q5476860	6000000000907508576
Q5476927	6000000007212672894
Q5476985	6000000000047225844
Q547714	6000000073225511822
Q5477249	6000000009651827351
Q5477369	6000000002456385618
Q547739	6000000018713831012
Q547749	6000000166446443822
Q5477522	5003257364040025024
Q5477604	6000000009865576211
Q547767	6000000101464631152
Q5477922	6000000006693369001
Q547793	6000000026681548297
Q5477968	6000000007732622245
Q547802	6000000006621642200
Q5478131	6000000077580652005
Q5478142	6000000077262791889
Q5478165	6000000019116538715
Q5478212	6000000007158255493
Q5478223	6000000096172513897
Q5478288	6000000181290130255
Q54782887	6000000014261745428
Q5478293	6000000103903508825
Q5478300	6000000034253261127
Q5478307	6000000013032055349
Q5478309	6000000009419832991
Q5478313	6000000013239279256
Q5478314	6000000056411321898
Q5478463	6000000000023287107
Q5478487	6000000006348465873
Q5478489	6000000000898835356
Q5478496	6000000007470634544
Q5478518	6000000023497105965
Q5478537	6000000034014379324
Q5478552	6000000000100617338
Q5478554	6000000013146186018
Q547856	6000000002188304528
Q5478568	6000000006444753914
Q5478570	6000000012938156179
Q5478577	6000000039887876970
Q5478586	6000000105278459085
Q5478594	6000000012483317444
Q5478594	6000000041492533790
Q5478600	6000000076862873457
Q54786149	6000000025804004210
Q5478624	6000000025066561959
Q5478653	6000000002872789051
Q5478657	6000000010242046632
Q5478669	6000000003772750964
Q5478685	6000000019470483717
Q5478688	6000000016126551231
Q54786890	6000000025804236429
Q5478707	6000000029925237956
Q5478731	6000000002188489985
Q5478772	6000000089454871300
Q5478793	6000000027271437359
Q5478794	6000000000413379471
Q5478798	6000000027363377884
Q5478825	6000000054078913065
Q5478831	6000000006444755036
Q5478854	6000000006189020478
Q5478858	6000000003410772898
Q5478872	6000000002907131769
Q5478877	6000000002345523126
Q5478895	6000000084047021303
Q5478909	6000000011000378838
Q5478917	6000000010658456291
Q547892	6000000011251476316
Q5478929	6000000002581706638
Q547893	6000000001324098449
Q5478941	6000000011696326755
Q5478959	6000000012452420208
Q5479007	6000000035606789529
Q5479018	6000000006953570312
Q5479069	6000000053693287360
Q5479115	6000000006595559730
Q5479157	6000000007024874152
Q5479161	6000000005388724053
Q547925	6000000011260117211
Q5479277	6000000076698417931
Q5479311	6000000151333613856
Q5479403	6000000121679248828
Q547944	6000000010276166432
Q54794473	6000000025109820039
Q547947	1586031
Q547960	6000000033706443893
Q54797145	6000000011705414345
Q547980	6000000024182764923
Q5479838	6000000010651011913
Q5479842	6000000035347333177
Q5479848	6000000043293595875
Q5479848	6000000220954206899
Q5479856	6000000020459037865
Q5479879	6000000052371850867
Q5479914	6000000000535355687
Q5479915	6000000012357425804
Q5479932	6000000001642504010
Q5479939	6000000060826704872
Q5479968	5052559855870125954
Q5479993	6000000019269486494
Q5480004	6000000011544374216
Q5480006	6000000012385663883
Q548001	6000000016803925096
Q5480022	6000000019754711853
Q5480023	6000000008707799736
Q5480038	6000000019978825991
Q548004	6000000005438481082
Q5480052	6000000013306785444
Q5480057	6000000080061843274
Q5480103	6000000015592518201
Q5480105	6000000015592331443
Q5480106	6000000034309927754
Q5480129	6000000024247669710
Q5480132	6000000010035050382
Q5480139	4507581928430050769
Q5480156	6000000023496942416
Q5480158	6000000023469489108
Q5480159	6000000176984896828
Q5480202	6000000015844663095
Q5480206	6000000006450559102
Q5480209	6000000013014383512
Q5480227	6000000003949764802
Q5480231	6000000011828780140
Q5480233	6000000003943015896
Q5480236	6000000026343180276
Q54802362	6000000016035345682
Q5480249	6000000024316577863
Q5480258	6000000016909345005
Q5480260	6000000019234167019
Q5480263	6000000009551868446
Q5480269	6000000013052443068
Q5480274	6000000059261981244
Q5480285	6000000006854265385
Q5480298	6000000033114402092
Q5480299	6000000015069046928
Q5480347	6000000003506725779
Q5480351	6000000036148627081
Q5480357	6000000001990054442
Q5480367	6000000024133533917
Q5480372	6000000012892323231
Q5480390	6000000009527257496
Q5480392	6000000004868960611
Q5480399	6000000034386432171
Q5480417	6000000027020486005
Q5480439	6000000073621658510
Q5480451	6000000011341782651
Q5480453	6000000013332587211
Q5480488	6000000026294166538
Q5480495	6000000024355788918
Q5480498	6000000002188504985
Q5480500	6000000017080358390
Q5480509	6000000002673051588
Q5480517	6000000022309936039
Q5480518	6000000022464667274
Q54805487	326516443060007349
Q5480554	6000000078161754964
Q5480564	6000000018060608255
Q5480568	6000000019953765421
Q5480571	6000000032086638992
Q5480583	6000000011761041544
Q5480594	6000000002963758788
Q5480600	6000000004868808050
Q5480616	6000000016863245010
Q548063	6000000077230056180
Q5480661	6000000011385823915
Q5480680	6000000066845013821
Q5480682	337776962080012120
Q5480692	6000000031011487924
Q5480720	6000000010027100438
Q5480723	6000000099176471108
Q5480742	6000000136534749822
Q5480753	6000000018807542159
Q5480758	6000000013010852345
Q5480759	6000000014465123277
Q54807768	6000000006264599046
Q5480792	6000000047048234854
Q5480796	6000000022966112940
Q548080	6000000186276535130
Q5480810	6000000071016187515
Q5480818	6000000031578788851
Q5480820	6000000002825096822
Q5480826	6000000068830687892
Q5480833	6000000055560027987
Q5480848	6000000005598904833
Q548086	6000000032954200022
Q5480880	6000000009587906765
Q5480882	6000000017196347117
Q5480883	6000000014315485557
Q5480895	6000000012360862506
Q5480896	6000000029654009388
Q5480909	6000000028149411226
Q5480910	6000000014990945132
Q5480939	6000000013341578315
Q5480946	6000000014859695037
Q5480963	6000000073117751822
Q5480992	6000000014437214648
Q5480998	6000000089671273840
Q5481005	6000000029608180350
Q5481006	6000000077863511413
Q5481040	6000000099777645826
Q54810486	6000000125892360890
Q548108	6000000048800051864
Q54810846	6000000045072058870
Q5481086	6000000007226014346
Q5481089	6000000000618940312
Q5481089	6000000110425272864
Q5481108	6000000146798288823
Q54811345	6000000001905169723
Q5481139	6000000038553539850
Q5481150	6000000020854474490
Q5481161	6000000002188548035
Q5481171	6000000032476877843
Q5481210	6000000050822434857
Q5481211	6000000030299610304
Q5481217	6000000012391544130
Q548122	6000000040709557927
Q5481229	6000000028411720428
Q548124	6000000011058530635
Q5481244	6000000013239836720
Q5481265	6000000025926037209
Q5481268	6000000002898234846
Q5481278	6000000007511744136
Q5481280	6000000001727213462
Q5481292	6000000008550730776
Q5481296	6000000056854793840
Q5481306	6000000019980036570
Q5481309	6000000021728672816
Q5481311	6000000029009565998
Q5481321	6000000012197068524
Q5481323	6000000001779778809
Q5481327	6000000017803173772
Q5481333	6000000007763102456
Q54813399	6000000012304840607
Q5481351	6000000019127845021
Q5481356	6000000029588933964
Q54813693	6000000077074731277
Q5481370	6000000008606279939
Q5481388	6000000000352556869
Q5481401	6000000001389322676
Q5481430	6000000044089669951
Q5481434	6000000018848830823
Q5481471	6000000004301977781
Q5481476	6000000211200135846
Q5481481	6000000043089122081
Q5481482	6000000055354917922
Q5481486	6000000169051975672
Q5481495	6000000026322860954
Q5481496	6000000026322490352
Q54815000	6000000180896896869
Q5481529	6000000029174952037
Q5481536	6000000028651020479
Q5481543	6000000125026275822
Q5481547	4223558526550068255
Q5481578	6000000001356979879
Q5481585	6000000013687538311
Q548159	6000000016394577626
Q5481591	6000000003941417500
Q5481591	6000000111799309932
Q548160	6000000143147975829
Q5481618	6000000033667116135
Q5481628	6000000024421140265
Q5481638	5285261182300027754
Q5481659	6000000002156619181
Q5481668	6000000016466808648
Q5481678	6000000009933966564
Q5481680	6000000009335901649
Q5481682	6000000035109434155
Q5481704	6000000006444784725
Q5481718	6000000002867182007
Q5481719	6000000021301645681
Q5481721	6000000007315833520
Q54817335	6000000015232466758
Q5481739	6000000016637332632
Q5481747	6000000016149955027
Q5481765	6000000015174528029
Q5481777	3018800
Q5481783	6000000001689750764
Q5481787	6000000049120848850
Q5481789	6000000011851538972
Q5481824	6000000006353293110
Q548184	6000000141079280869
Q5481846	6000000003397199482
Q5481850	6000000002641574149
Q5481870	4401106443480028084
Q5481878	6000000041788488346
Q5481905	6000000073121592983
Q5481927	6000000017216022676
Q54819297	6000000173367923202
Q5481938	6000000059532526118
Q5481957	6000000050138257082
Q54819609	6000000008516952971
Q54819617	4001168633590127302
Q54819657	6000000003827535953
Q54819689	6000000019613033695
Q5481969	6000000001322198040
Q54819694	6000000054757102956
Q54819697	6000000002748064530
Q5481980	6000000012891734985
Q54819968	6000000007112108683
Q54819978	6000000014355574331
Q5481998	6000000042168483955
Q54819982	6000000003087258282
Q54819987	6000000069589750821
Q5482001	286655623570008702
Q5482005	6000000000549347663
Q5482007	6000000001868064171
Q5482008	6000000000461643465
Q5482011	6000000020502479966
Q5482014	6000000012650544979
Q5482016	6000000012651486581
Q5482017	6000000000549270760
Q5482018	6000000043759724899
Q5482019	6000000027136551867
Q5482020	6000000002802889755
Q5482021	6000000012651642325
Q5482033	6000000031722869890
Q5482035	6000000020559153603
Q5482046	6000000013453776079
Q5482053	6000000025550405010
Q5482059	6000000026439334675
Q5482062	6000000012892029530
Q5482068	6000000001877519531
Q5482070	6000000010869105021
Q5482072	6000000015726112126
Q54820788	6000000007452506057
Q5482088	6000000013374557998
Q54820920	6000000175818694823
Q5482102	6000000065641492885
Q5482128	6000000002283737852
Q5482133	6000000028704658842
Q5482157	6000000009315652719
Q5482168	6000000002831295331
Q5482184	6000000008592235057
Q5482203	6000000019980036715
Q5482205	6000000099507127827
Q5482220	6000000004571308589
Q5482229	373323242490006582
Q5482237	6000000097209675838
Q5482238	6000000000867286417
Q5482243	6000000007419378446
Q5482243	6000000016937900027
Q5482292	6000000017875022228
Q5482298	6000000002159796689
Q5482310	6000000025258223635
Q5482325	6000000011055864648
Q5482339	6000000079147302248
Q5482357	6000000001356359410
Q5482370	6000000003784133658
Q5482379	6000000023785169109
Q5482382	6000000008734109745
Q5482389	6000000004868923101
Q54823953	6000000143907065852
Q54824014	6000000006402691074
Q5482405	6000000040612252906
Q54824221	6000000003827497501
Q5482425	6000000000446102055
Q54824306	6000000012310587313
Q5482431	6000000008736749418
Q54824321	6000000035301849693
Q54824322	6000000047263617175
Q548244	6000000084256796187
Q54824497	6000000053259088113
Q5482460	6000000036629647715
Q5482463	6000000022454466542
Q5482469	6000000006444369824
Q5482474	6000000027880489928
Q5482495	6000000002339460099
Q5482501	6000000068058755856
Q54825054	6000000087898341847
Q54825056	6000000022710784013
Q5482515	6000000002872735859
Q5482523	6000000013536794364
Q5482528	6000000010289731711
Q5482549	6000000002801186174
Q5482551	6000000026351788400
Q5482552	6000000016116267524
Q548256	6000000145646494822
Q5482566	6000000006444496260
Q5482583	6000000005438503623
Q54825962	6000000076814724877
Q5482600	6000000000574131308
Q5482612	6000000003216137481
Q5482633	6000000023527140338
Q5482634	6000000003340023920
Q5482651	6000000000841476522
Q5482655	6000000015297137060
Q548266	6000000000497318965
Q5482663	6000000021786859945
Q54826665	6000000060803630881
Q5482680	6000000016541953375
Q5482683	6000000074070955920
Q5482688	6000000002188445701
Q5482703	6000000018222144464
Q5482708	6000000029204249023
Q5482709	6000000020266417051
Q5482721	6000000029204009285
Q5482723	6000000018637575136
Q5482725	6000000012238944302
Q5482727	6000000010792953444
Q5482745	6000000094632563828
Q5482754	6000000049179613866
Q548276	6000000166866211935
Q5482768	6000000058993713855
Q5482786	6000000010022727598
Q54828	6000000040235628894
Q5482803	6000000002337297761
Q5482804	6000000009991375607
Q54828178	6000000030269315079
Q5482829	6000000029301448326
Q5482833	6000000017533580775
Q5482838	6000000030769939462
Q5482863	6000000005223215446
Q5482873	6000000029376331730
Q54828763	6000000096098962974
Q5482921	6000000040563350962
Q5482925	6000000057234296862
Q548306	6000000027621627425
Q5483102	6000000008113557333
Q5483130	6000000004655062467
Q548314	6000000001893602506
Q5483150	6000000002781735628
Q548317	6000000122021749822
Q5483170	6000000089373173280
Q5483212	6000000016438166234
Q5483305	6000000001199722034
Q548332	6000000003364818583
Q54833290	6000000031143039997
Q5483364	6000000156191966822
Q54833949	6000000006260586396
Q54834023	6000000001865275757
Q54834029	6000000036723008829
Q54834030	6000000000084900497
Q54834106	6000000011323975277
Q5483428	6000000011561288577
Q5483445	4132471
Q5483485	6000000094849564947
Q5483541	6000000163437326930
Q5483563	6000000113613068053
Q5483571	6000000067579378847
Q5483574	6000000068560676857
Q5483575	6000000070773513837
Q548359	6000000180041191826
Q5483597	6000000003657227116
Q548373	6000000071778568844
Q5483790	6000000027147120154
Q5483889	6000000029784680628
Q5484000	6000000002188517674
Q5484012	6000000000259792081
Q5484038	6000000175325049837
Q5484060	6000000015694460711
Q5484076	6000000021121403657
Q5484106	6000000013194091766
Q5484111	6000000017454618411
Q5484146	6000000132382884987
Q5484147	6000000000507983823
Q54841523	6000000018904379296
Q5484165	6000000000367149269
Q5484202	6000000002917350102
Q5484255	6000000037103497899
Q5484266	6000000023770132314
Q5484280	6000000015772042850
Q5484299	6000000071576905835
Q5484305	6000000015594992281
Q5484306	6000000015761127833
Q54843140	6000000021224785125
Q5484320	6000000190459360834
Q5484338	6000000015613173056
Q5484339	6000000078640014120
Q5484348	6000000090667615552
Q5484401	6000000004561468932
Q5484413	6000000180991077822
Q5484445	6000000111438952821
Q5484482	6000000009958653340
Q5484519	6000000166391728266
Q548453	6000000015191846996
Q54845396	6000000016352253171
Q54846032	6000000071024860303
Q54846076	6000000021769938348
Q548462	6000000023661120382
Q5484739	6000000078535579879
Q5484752	6000000002053587189
Q5484785	6000000001148013507
Q5484829	6000000021932156591
Q548484	6000000163803876822
Q54848497	6000000023235551341
Q548485	6000000013269705053
Q5484873	6000000018466550241
Q5484881	6000000184035455840
Q5484885	6000000015702215141
Q5484896	6000000178081634833
Q5484900	6000000012593100956
Q548491	6000000036833202118
Q5484933	6000000003695813899
Q5484966	6000000015264223024
Q5484982	6000000015314172623
Q5485070	6000000041131894484
Q5485072	6000000004018508849
Q548508	6000000017378856072
Q5485138	6000000000908876506
Q54851756	6000000017313118393
Q5485176	6000000081594397178
Q5485179	6000000033183788881
Q5485204	6000000031305394986
Q5485229	6000000040610351566
Q5485251	6000000006741208270
Q5485296	6000000165970737269
Q5485302	6000000015116163071
Q54853285	6000000218343258941
Q54853403	6000000034892211859
Q5485344	6000000008880993091
Q5485376	6000000176424396855
Q54854045	6000000051106581846
Q54854073	6000000011103777738
Q5485417	6000000014656759769
Q5485421	6000000080361914822
Q548543	6000000016594534306
Q5485430	6000000025456548041
Q5485457	5502955873140032038
Q5485472	6000000002907131732
Q5485515	6000000078580548836
Q54855311	6000000032238466008
Q5485561	6000000018868197211
Q54855630	6000000024887207407
Q5485569	6000000004534405748
Q5485581	6000000093574352188
Q5485585	6000000155106471842
Q548560	6000000008052810528
Q548563	6000000120998559870
Q54856717	6000000018224519822
Q548569	6000000013684138007
Q5485736	6000000071707074098
Q5485755	6000000002214360086
Q54857631	6000000015511985921
Q54857938	6000000194913136827
Q548587	6000000183157680822
Q5485882	6000000013982256240
Q548589	6000000052622473847
Q5485900	6000000006816124305
Q54859517	6000000013370818789
Q5485952	6000000014450211023
Q5485956	6000000179543789825
Q54859828	6000000016348578223
Q54859854	6000000028694494127
Q54859874	6000000178775278823
Q54859883	6000000004188424950
Q54859899	6000000176035662835
Q54859925	6000000021189834349
Q54859926	6000000012032134991
Q54859935	6000000002802308000
Q5486001	6000000027084634074
Q54860222	6000000021152234496
Q5486027	6000000060908708013
Q54860381	6000000157675305823
Q54860401	6000000019584306774
Q54860424	6000000140769414961
Q5486043	6000000014814651651
Q5486055	6000000080843356921
Q54860642	6000000001174398826
Q548607	6000000182429795822
Q54860790	6000000083844512869
Q54860828	6000000083837721343
Q5486097	6000000023969704238
Q54861128	6000000192988579845
Q5486115	6000000183589029846
Q548613	6000000011433991119
Q5486192	6000000039681887954
Q54862509	6000000011420467274
Q5486251	6000000111288766884
Q54862786	6000000027530506093
Q54863094	6000000001877544105
Q54863213	6000000002216951054
Q54863232	6000000011380635747
Q5486343	6000000005742786772
Q5486360	6000000076030818955
Q5486368	6000000006169625993
Q54863732	6000000030652763459
Q5486377	6000000001915100725
Q5486382	6000000006797493042
Q5486398	6000000035984543472
Q5486411	6000000078554133934
Q5486414	6000000105884396061
Q5486417	6000000076030783990
Q54864821	6000000012873078238
Q54865172	6000000012699634704
Q54865191	6000000033046095961
Q5486523	6000000000677537611
Q54865512	6000000001053343161
Q5486552	6000000018413825674
Q5486613	6000000051659161011
Q5486641	6000000002800015305
Q5486664	6000000036745387884
Q54867	6000000008085597237
Q5486743	6000000074816118826
Q5486758	6000000074747433122
Q5486770	6000000011668986088
Q54867730	6000000001623423011
Q54867731	6000000171894732835
Q54867884	6000000010145456493
Q5486799	6000000164083153583
Q54868	6000000003375666092
Q54868096	6000000006443299879
Q5486823	5673375541680060833
Q54868448	6000000005743276154
Q54868524	6000000016386067024
Q54868681	6000000024280293102
Q54868687	6000000004472528009
Q54868848	6000000015645329072
Q5486889	6000000061014018842
Q5486894	6000000008880490845
Q5486913	6000000073189607925
Q548696	6000000011372856821
Q54869883	6000000000413059069
Q54869994	6000000000171070587
Q5487059	6000000009763662355
Q54870669	6000000135588293101
Q5487073	6000000036883232772
Q5487077	6000000088864488180
Q54871210	6000000004087437096
Q5487128	6000000041189411873
Q54871458	6000000011022591356
Q54871933	6000000008240794823
Q54872557	6000000011022638709
Q54872630	6000000009366600589
Q5487288	6000000000973017876
Q5487312	6000000022628632482
Q5487389	6000000178412654885
Q5487434	6000000000908875177
Q5487451	6000000039180902889
Q5487473	6000000051300273889
Q54874773	6000000050244214935
Q54874832	6000000050243937923
Q54874834	6000000008714469953
Q54874836	6000000017093086512
Q5487496	6000000007512011052
Q54874972	6000000081495185227
Q54875358	6000000026161512351
Q5487543	6000000010749300380
Q5487550	6000000025930226700
Q54875527	6000000017093893074
Q5487599	6000000001126395715
Q5487641	6000000027779883016
Q5487681	6000000006290398907
Q54877400	6000000067879521974
Q54877442	6000000018112962180
Q5487764	6000000088064376908
Q5487795	6000000099209064826
Q5487811	6000000000101051219
Q548782	6000000005783474017
Q5487844	6000000112294861212
Q5487845	6000000025891402657
Q5487850	6000000020869226236
Q5487858	6000000072078815074
Q54878670	6000000000664417851
Q54878673	6000000017803807217
Q54878680	6000000026118310480
Q54878696	6000000055637516926
Q54878703	6000000021389182627
Q5487881	6000000017654082540
Q54879327	6000000002497430181
Q54879335	6000000039676978153
Q5487971	6000000083749346898
Q5487979	5563930285850082471
Q5488020	6000000181601974841
Q5488037	6000000021480909777
Q5488056	6000000021674338755
Q5488063	6000000071904261435
Q5488093	6000000021567068524
Q54881062	6000000086851206823
Q5488117	6000000003013686464
Q5488176	6000000081203345823
Q5488185	6000000022174314053
Q5488190	6000000069269255886
Q5488206	6000000140757923006
Q5488227	6000000179730857831
Q5488257	6000000020527796101
Q5488261	6000000015171890636
Q548839	6000000022814989367
Q5488427	6000000099247072905
Q5488468	6000000015861639568
Q5488497	6000000015702584004
Q54885	6000000032105338298
Q5488530	6000000004117815044
Q5488553	6000000004654077760
Q5488556	6000000132704335830
Q5488577	6000000111040783015
Q5488581	6000000003165162619
Q5488591	6000000006962042839
Q5488598	6000000019853536785
Q548861	6000000071119982936
Q5488649	6000000076378462048
Q5488650	4674696026280029213
Q5488751	6000000033497194709
Q5488784	6000000145342244890
Q5488847	6000000015896747591
Q5488855	6000000015320948328
Q5488864	6000000007068352411
Q5488925	6000000016131554274
Q5488960	6000000020881560008
Q5488989	6000000040736938218
Q5489007	6000000177830077873
Q5489054	6000000017982367353
Q54891	6000000004095866985
Q548914	6000000002764509816
Q5489142	6000000163842432826
Q5489175	6000000054078432889
Q5489187	6000000042569491427
Q5489205	6000000026463169173
Q548921	6000000029821206557
Q5489233	6000000044346921545
Q5489252	6000000074312702846
Q548928	6000000012730402417
Q5489280	6000000038415149250
Q5489315	6000000000232255003
Q5489346	6000000050753643012
Q5489396	6000000014064700645
Q5489397	6000000026560776365
Q5489469	6000000017544459026
Q54894705	6000000068558498976
Q54895010	6000000029019797004
Q5489521	6000000189958194921
Q5489585	6000000017403636361
Q548964	6000000018407386730
Q5489664	6000000133893068100
Q5489730	330180945810004156
Q548975	6000000012302765508
Q5489759	6000000001172147022
Q5489774	6000000007179005410
Q5489823	6000000150860175104
Q5489847	6000000003579414904
Q5489856	6000000015579858941
Q5489879	6000000011768647980
Q5489947	6000000005392093869
Q5490018	6000000182897886227
Q549005	6000000006348382961
Q5490145	6000000084152641871
Q5490155	6000000017517263364
Q5490183	6000000029507924155
Q549028	6000000022988488821
Q5490320	6000000015509926123
Q5490325	6000000002370578282
Q5490366	6000000026832722434
Q5490368	6000000026832743636
Q5490405	6000000004310609501
Q5490427	6000000168670796908
Q5490445	6000000018110570247
Q5490446	6000000000693301240
Q5490529	6000000054753931846
Q5490555	6000000069334255826
Q5490626	6000000006816095668
Q5490632	6000000008061975998
Q5490643	6000000025783582619
Q54906573	6000000039676960329
Q5490848	6000000035808014360
Q5490866	6000000000082528098
Q549094	6000000043606939856
Q5490948	6000000033518479178
Q549097	6000000006891731228
Q549109	6000000003465105643
Q5491153	6000000116637502836
Q54911630	6000000140747765834
Q5491189	6000000088039427621
Q5491251	6000000015018966207
Q5491273	6000000174240477238
Q5491274	6000000026273618512
Q5491315	6000000106399135877
Q5491332	6000000038677273445
Q5491345	6000000017113101631
Q5491346	6000000002969916324
Q5491382	6000000025083545700
Q5491382	6000000045026394003
Q54913866	6000000024680074061
Q549141	6000000007292892738
Q5491430	6000000012723643313
Q5491440	6000000000664529842
Q54914577	6000000129330870082
Q5491473	6000000016265557617
Q5491494	6000000001743289213
Q54915213	6000000029098757306
Q5491523	6000000008111460402
Q5491529	6000000052309195821
Q549155	6000000081436246030
Q5491574	6000000025956513590
Q5491582	6000000152415191823
Q549159	6000000157670490822
Q5491611	6000000011050519562
Q5491612	6000000018904061056
Q5491683	6000000108614192950
Q5491754	6000000001916007693
Q5491769	6000000043344380899
Q5491806	6000000009764966390
Q5491809	6000000020292867902
Q5491877	6000000031389286109
Q5491897	6000000000301743511
Q5491907	6000000178426316891
Q5491926	6000000030330944235
Q5492018	6000000060290571900
Q54920389	6000000001937819343
Q5492059	6000000005482515026
Q5492079	6000000076790959880
Q549208	6000000134401867834
Q5492116	6000000020436987267
Q5492203	6000000007042680954
Q5492252	6000000003591251019
Q5492361	6000000028128991831
Q5492383	6000000038703740064
Q5492388	6000000028003490424
Q549242	6000000032821941932
Q54924527	6000000030949852214
Q5492488	6000000033014165218
Q549250	6000000085756894870
Q5492529	6000000169025492836
Q5492544	6000000040036914131
Q5492566	6000000072811320136
Q5492570	6000000006411457039
Q5492573	6000000122657909821
Q5492584	6000000009977463122
Q54925893	6000000127203447822
Q5492593	6000000071738045001
Q5492599	6000000095616194859
Q5492621	6000000013684095135
Q5492624	6000000009352644932
Q5492626	6000000007635968235
Q5492646	6000000003570695953
Q5492673	6000000003169285685
Q5492787	6000000056909650913
Q5492861	6000000068799764839
Q549287	6000000014160670159
Q5492907	6000000053549616860
Q5492916	6000000069597808829
Q5492920	6000000070714956129
Q5492931	6000000141896583847
Q5492939	6000000004948243291
Q5492990	6000000004300116615
Q54929941	6000000112730972842
Q5493011	6000000181163140836
Q5493013	6000000109618568821
Q549310	6000000022986941979
Q54931085	6000000152241259823
Q5493112	6000000000127148766
Q5493136	6000000043585774151
Q5493164	6000000029227940358
Q5493185	6000000001524534169
Q5493242	6000000078449932922
Q54932501	6000000014290554902
Q549326	6000000155788741838
Q54933290	6000000171058120965
Q54933549	6000000014541521479
Q5493382	6000000007042909127
Q54934405	6000000178713589821
Q5493443	6000000180964919821
Q5493444	6000000008268332609
Q549345	6000000081979804143
Q5493459	6000000011823578334
Q5493461	6000000012952142321
Q5493508	6000000021591171681
Q5493555	6000000012523305842
Q54935583	6000000057078365898
Q5493574	6000000002294845266
Q5493675	6000000079595875440
Q5493843	6000000077330811082
Q549387	6000000145768095840
Q5493971	6000000003582185887
Q5494013	6000000011358846120
Q54941176	6000000040606356826
Q54941264	6000000017275145834
Q54941477	6000000017275145801
Q54941537	6000000017275108949
Q54941777	6000000017275804272
Q549419	6000000183195757868
Q54941995	6000000017276331099
Q54942129	6000000004353596916
Q5494244	6000000078048512951
Q549431	6000000009516244513
Q54943576	6000000000352435620
Q54943840	6000000069075831823
Q5494398	6000000004140168944
Q54944007	6000000016805208961
Q5494441	6000000041236799228
Q54945	6000000003732012396
Q5494510	6000000150625273908
Q5494512	6000000083660975903
Q5494523	6000000002921163312
Q5494568	6000000023700658992
Q5494659	6000000010950807884
Q5494709	6000000006690779130
Q5494752	6000000074357970518
Q5494786	6000000078396497526
Q5494822	6000000025582462895
Q5494837	5308941136080101232
Q5494841	6000000078332287078
Q5494850	6000000013637983256
Q549487	6000000000604555436
Q549495	6000000010212826491
Q54949603	324682119530005511
Q5494968	6000000000047482043
Q54950407	324726936230005521
Q549505	6000000038406737289
Q549506	6000000002789414538
Q5495083	6000000013265865272
Q5495092	6000000015625397003
Q5495123	6000000021889406602
Q54951576	6000000105911418146
Q5495169	6000000164920336284
Q5495231	6000000083943065993
Q549535	6000000007222618214
Q5495365	6000000107719990865
Q5495424	6000000046413914067
Q5495433	4328527189240055456
Q54954686	6000000008661808906
Q54954816	6000000195620141853
Q54954852	6000000007417839577
Q5495496	6000000003058583721
Q549550	6000000037470130876
Q5495523	6000000161484161858
Q5495541	6000000022079580184
Q5495556	6000000007362058249
Q5495627	6000000009494199582
Q5495706	6000000078840576189
Q5495713	6000000040326912621
Q5495719	6000000089281147003
Q54957312	6000000019998098123
Q54957364	6000000019998064251
Q5495740	6000000071011525968
Q5495746	6000000025637100874
Q54957623	6000000021411068535
Q5495798	6000000020341163979
Q5495826	6000000052865576845
Q5495828	6000000041670385936
Q5495844	6000000003600555390
Q5495850	6000000121950260559
Q5495877	6000000094336029836
Q5495997	6000000002188462829
Q54960171	6000000013088312270
Q54960183	6000000167979090847
Q54961251	6000000026448219534
Q5496171	6000000047817347833
Q54961920	6000000017038801008
Q5496215	6000000037469348401
Q549627	6000000009163219920
Q5496275	6000000103069323837
Q5496339	6000000031630859894
Q5496389	6000000006852524130
Q5496395	6000000013820022294
Q5496418	6000000002140956286
Q5496481	6000000016036045136
Q5496528	6000000027492628869
Q5496546	6000000037882533410
Q5496547	328766924470004935
Q5496613	6000000015263920805
Q5496618	6000000039057646706
Q549666	6000000086975713957
Q5496675	6000000021398477416
Q5496696	6000000027007858271
Q5496702	6000000045238226825
Q5496711	6000000036040750531
Q5496814	6000000051171532926
Q5496926	6000000188998073930
Q54969448	6000000066559455030
Q5496948	6000000016160589244
Q5496970	6000000000293433130
Q5496974	6000000026279946383
Q5496982	6000000045677481460
Q5496987	6000000001959713378
Q5496989	6000000005082495740
Q5496996	6000000060405507846
Q5497004	6000000014141067515
Q5497013	6000000014814638569
Q549705	6000000089450698822
Q5497055	6000000013920781050
Q5497069	6000000005033688085
Q5497075	6000000021871200714
Q5497123	6000000043442215699
Q5497132	6000000140316650017
Q5497141	6000000025952861853
Q5497154	6000000015435789286
Q5497155	6000000033164067101
Q5497176	6000000016986645662
Q5497222	6000000015271363728
Q5497223	6000000026094043430
Q5497236	6000000015404878083
Q5497238	6000000010161882605
Q5497244	6000000072824985086
Q5497245	6000000047985935123
Q5497259	6000000176589000822
Q54972620	6000000028748833006
Q5497282	6000000013266070565
Q5497289	6000000016867744700
Q5497290	6000000014170021069
Q5497296	6000000021163712649
Q5497299	6000000012599859115
Q5497300	6000000042955477367
Q5497304	6000000028166225091
Q5497309	6000000004088801228
Q5497316	6000000010994639344
Q5497332	6000000034568184964
Q5497333	6000000034590928225
Q5497336	6000000013017515328
Q5497345	6000000050310008841
Q5497357	6000000024211542834
Q5497372	6000000003186107482
Q549738	6000000010904491478
Q5497391	6000000060303931887
Q5497398	6000000015581433640
Q5497403	6000000014814629834
Q5497407	6000000025752646258
Q5497415	6000000089462225902
Q5497434	6000000039299435070
Q5497437	6000000024832252299
Q5497451	6000000021932510101
Q5497455	6000000019683782127
Q5497467	6000000022944488147
Q5497475	6000000020895748302
Q5497489	6000000003693114342
Q5497491	6000000005598815027
Q5497502	6000000013056129876
Q5497504	6000000016034816114
Q5497509	6000000003263852011
Q5497522	6000000032537741314
Q5497523	6000000007787969708
Q5497530	6000000064032011989
Q5497568	6000000024488063934
Q5497569	6000000004868808117
Q549757	6000000012203158889
Q5497586	6000000019394994114
Q5497599	6000000014231050181
Q5497613	6000000177923830831
Q5497624	6000000082084284965
Q5497626	6000000170019802902
Q54976433	6000000003812008431
Q5497654	6000000019471738162
Q5497657	6000000011296353496
Q5497661	6000000032560149181
Q5497665	6000000043125698276
Q5497684	6000000010453262102
Q5497688	6000000031116067099
Q5497710	6000000059259156061
Q5497714	6000000014354094486
Q5497718	6000000013283152287
Q5497725	6000000051398193839
Q5497745	6000000018019490276
Q5497748	6000000053973862541
Q5497758	6000000002799105281
Q5497760	6000000013439564274
Q5497772	6000000017881130717
Q5497782	6000000027146249361
Q5497797	6000000016862610411
Q5497802	6000000026269649872
Q5497804	6000000026437042099
Q5497805	6000000015310610597
Q5497812	6000000176723713833
Q5497813	6000000015310452526
Q5497814	6000000014874987436
Q5497816	6000000018692260800
Q5497821	6000000011069268419
Q5497842	6000000033600019242
Q5497844	6000000056444022901
Q5497847	6000000121680181829
Q5497853	6000000026064110472
Q549786	6000000035215296267
Q5497863	6000000011519944057
Q5497868	6000000061296660828
Q5497880	6000000015323027814
Q5497883	6000000184721265880
Q5497889	6000000186220246171
Q5497891	6000000004079698760
Q5497892	6000000000278504348
Q5497909	6000000027561193288
Q5497944	6000000039311930265
Q5497948	6000000003198384800
Q5497951	6000000016525639320
Q5497957	6000000143268595823
Q5497958	6000000020704542991
Q5497984	6000000004273988137
Q5498002	6000000051802100846
Q5498005	6000000082642647893
Q5498007	6000000002230323536
Q5498016	6000000009969952267
Q5498016	6000000081777594003
Q5498018	6000000001299400731
Q5498019	6000000005598992049
Q5498024	6000000033617332711
Q5498025	6000000001578812576
Q5498028	6000000035802113830
Q5498036	6000000018213980560
Q5498041	6000000034363954854
Q5498069	6000000014233650496
Q5498071	6000000004205948122
Q5498094	6000000027881589063
Q5498095	6000000031569108861
Q5498097	6000000004867887034
Q5498119	6000000003522757824
Q5498135	6000000152649074975
Q5498137	6000000013609534522
Q5498147	6000000030983265854
Q5498148	6000000002435241442
Q5498154	6000000001299392610
Q5498158	6000000039632890914
Q5498170	6000000062650391048
Q5498174	6000000026286905887
Q5498208	6000000076771017031
Q5498231	6000000010123477733
Q5498235	6000000009466518111
Q5498236	6000000012549836219
Q5498237	6000000012549700633
Q5498238	6000000002188477952
Q5498275	6000000010030134661
Q5498276	6000000016912087847
Q5498278	6000000000897788092
Q5498283	6000000020274945662
Q5498292	6000000024092428189
Q5498298	6000000029206396041
Q5498299	6000000017926104031
Q5498321	6000000013235736904
Q5498338	6000000008458397727
Q5498340	6000000011402194937
Q5498343	6000000016912323001
Q5498361	6000000028207314683
Q5498373	6000000019529968468
Q5498392	6000000016547458134
Q5498400	6000000011130753562
Q5498419	6000000013001995516
Q5498428	6000000029489551935
Q5498448	6000000017279128814
Q5498470	6000000077198775171
Q5498477	6000000009808100393
Q5498483	6000000025041717594
Q5498488	6000000063709288255
Q5498489	6000000004079761986
Q5498505	6000000036863144524
Q5498507	6000000056508730841
Q5498519	6000000039108484649
Q5498541	6000000002907032357
Q5498548	6000000001083225126
Q5498551	6000000000986388435
Q5498552	6000000039870922537
Q5498565	6000000029850678346
Q54985653	6000000024714379125
Q5498567	6000000008630274740
Q5498569	6000000020625711917
Q5498570	6000000010164803819
Q5498597	6000000002116184661
Q549861	6000000003709765907
Q5498646	6000000032693371315
Q5498650	6000000000076315897
Q5498654	6000000004116860831
Q5498658	6000000014898264266
Q549866	6000000002378405122
Q5498671	6000000000728012327
Q5498684	6000000018733335406
Q5498684	6000000112871610137
Q5498709	6000000032849944412
Q54987238	6000000009838721655
Q5498734	6000000004671622425
Q5498741	6000000013095101527
Q5498747	6000000011134954529
Q5498767	6000000004132215686
Q5498768	6000000002188386165
Q5498768	6000000016324839203
Q5498769	6000000028669846139
Q5498771	6000000046992569867
Q5498794	6000000024182307146
Q5498810	6000000014328719867
Q5498815	6000000002907000405
Q5498819	6000000168838707833
Q549882	6000000019105854689
Q5498837	6000000011708400578
Q5498838	6000000011708129185
Q5498848	6000000002831295403
Q5498871	5395873728210025775
Q54988731	6000000029783201123
Q5498875	6000000000301860152
Q5498877	6000000000280448807
Q5498879	6000000004670538988
Q5498882	6000000013953660322
Q5498888	6000000011470862919
Q5498952	6000000072434483121
Q5498976	6000000007616755255
Q5498980	6000000074664719995
Q5498984	6000000014472416309
Q5499002	6000000024290161081
Q5499022	6000000033646777166
Q5499028	6000000006602677741
Q5499034	6000000001383010694
Q5499057	6000000010512821541
Q5499077	6000000030995298389
Q5499100	6000000035593836868
Q5499101	6000000027593511142
Q5499120	6000000164503353852
Q5499167	6000000009504796884
Q5499235	6000000065537046883
Q5499266	6000000079252843229
Q5499271	6000000038652926805
Q5499277	6000000034948285863
Q5499287	6000000016648288680
Q5499303	6000000017276000533
Q5499305	6000000008169193025
Q5499306	6000000016646011612
Q5499313	6000000188273443835
Q5499320	6000000001504889523
Q5499430	6000000175882579828
Q5499433	6000000005238325036
Q5499439	6000000011273602218
Q5499460	6000000011262575529
Q5499461	6000000011262604313
Q5499463	6000000007512010431
Q5499464	6000000041308739297
Q5499466	6000000006127651052
Q5499474	6000000205630565876
Q549948	6000000071035947638
Q5499485	6000000015216636683
Q5499495	6000000007462835964
Q5499496	6000000011273485453
Q5499500	5618997834420133132
Q5499505	6000000003784411427
Q5499508	6000000017495974933
Q5499517	6000000018962957779
Q5499519	6000000041308739253
Q5499521	6000000021958127100
Q5499522	6000000033813229300
Q5499524	6000000025095460850
Q5499526	6000000000587797609
Q5499531	6000000016937732320
Q5499532	6000000057369244115
Q5499533	5464422695570114203
Q5499534	6000000018224797896
Q5499545	6000000009800792318
Q5499548	6000000019508306814
Q5499551	6000000003173389627
Q5499554	6000000105597146834
Q5499578	6000000138748635905
Q549966	6000000007097388524
Q549981	6000000008392997254
Q549996	6000000058669745926
Q55002816	6000000068571734860
Q5500375	6000000026885233141
Q55004	6000000015242095277
Q55004472	6000000009286608215
Q55006878	6000000177386655838
Q55006961	6000000007630780130
Q55007109	6000000080839182051
Q55007473	6000000014980595881
Q55008046	5231895820310043211
Q5500942	6000000068830383909
Q55010	6000000026830567106
Q55010010	6000000035194490420
Q5501008	6000000179781883841
Q5501023	6000000000087783065
Q5501221	6000000002802894945
Q550125	6000000017607546910
Q55013581	6000000145226745872
Q55013586	6000000011332144628
Q550136	6000000067030387857
Q55014088	6000000079242101677
Q550146	6000000013785558048
Q550149	6000000082373283840
Q5501607	6000000023709999260
Q550162	6000000141043369919
Q55018271	6000000009448850820
Q550183	6000000003075209631
Q55019151	6000000041129079532
Q55019313	6000000024045759570
Q55020620	6000000008356037622
Q55022486	6000000008470973035
Q55024141	6000000017210070082
Q550245	6000000019829827288
Q550255	6000000015839470866
Q55025707	6000000021913924311
Q55026489	6000000206246504927
Q550281	6000000034277881547
Q550288	6000000066371337892
Q55029729	6000000009554193146
Q55030305	6000000013560847237
Q55031155	6000000084420194957
Q550318	6000000024266474884
Q55033298	6000000072223726838
Q55033695	6000000002350018328
Q55033821	6000000157278238873
Q55035331	6000000103426070016
Q5503563	6000000006272967866
Q5503586	6000000015829205282
Q5503593	6000000095355050168
Q5503598	6000000011358302526
Q5503711	6000000002188615073
Q5503713	6000000043127516184
Q5503760	6000000012886033781
Q5503761	6000000196950609849
Q5503811	6000000014177663408
Q55038248	6000000083703889824
Q5503834	6000000089394172110
Q5503848	6000000075365156852
Q55038745	6000000176240638830
Q5503907	6000000014875668091
Q5503925	6000000034730333047
Q5503926	5102770388150032601
Q5503947	6000000025074082983
Q550395	6000000026633944910
Q5503961	6000000041764640441
Q5503974	6000000008743172090
Q55039924	6000000014745128292
Q550411	6000000003351918788
Q55041374	6000000170642345837
Q55042093	6000000002576682633
Q55042238	6000000084572511899
Q55043178	6000000041098635911
Q5504534	6000000015771002116
Q55046045	5184419395860027064
Q550463	6000000020308037536
Q5504654	6000000016591261565
Q5504753	6000000007654493681
Q5504755	6000000001642423051
Q5504758	6000000031342141920
Q550480	6000000000806262424
Q5504801	6000000006357529662
Q5504807	6000000032675852977
Q5504813	6000000012363056544
Q55048378	6000000008780347250
Q5504887	6000000000518471755
Q5504893	6000000009056240829
Q55048996	6000000175613242977
Q5504900	6000000132261610882
Q550493	6000000001792837847
Q5504934	6000000011447986805
Q5504977	6000000016677389024
Q5504984	6000000063137455876
Q5505005	6000000171760840615
Q5505007	6000000000637332400
Q5505031	6000000019261177352
Q5505059	6000000125833023963
Q5505115	6000000006796922575
Q5505124	6000000015842573239
Q5505126	6000000001074304793
Q5505134	6000000077406446919
Q55052200	6000000076954743063
Q55053062	6000000023529774994
Q55054421	6000000000705259120
Q550569	6000000000967255080
Q550575	6000000034187876520
Q55061094	6000000000634665006
Q550612	6000000010588304888
Q550614	6000000000319818291
Q550629	6000000087586655284
Q550632	6000000002891674297
Q55063282	6000000173453710833
Q55063770	6000000018833441248
Q550639	6000000033730044144
Q55064328	6000000015129571176
Q55064544	6000000007990641319
Q55064584	6000000071458409224
Q55064693	6000000005599033002
Q5506484	6000000010078034066
Q55065086	6000000018135289187
Q550652	6000000002509258566
Q550653	6000000097745776893
Q55065303	6000000029185998608
Q55065351	6000000025989422842
Q55065436	6000000206250229838
Q550657	6000000003940574720
Q55065968	6000000194703578852
Q550660	6000000020564698406
Q550665	6000000048061767851
Q5506716	4649814
Q550677	6000000084873883950
Q55067986	6000000025152829293
Q5506832	6000000075507580911
Q55068430	6000000002452726727
Q55068526	6000000039359553481
Q55068554	6000000009393538320
Q5506857	6000000012827520384
Q55068666	6000000015286728513
Q550688	6000000181917304823
Q55068832	6000000016669557972
Q55068919	6000000012433804113
Q55068989	6000000033273151737
Q550690	6000000022867212024
Q55069251	6000000011278031528
Q550695	6000000008062493318
Q55069834	6000000073963257137
Q55069866	6000000053031596970
Q55069916	6000000157688007837
Q55069936	6000000044138368234
Q550701	6000000012367520389
Q5507030	6000000007637970471
Q55070571	3704625
Q550707	6000000015707494953
Q55070761	6000000000224948623
Q55071024	6000000007133813221
Q55071194	6000000026192839707
Q550714	6000000002188440464
Q55071594	6000000022638153969
Q55072047	6000000011546975496
Q55072357	6000000011205307754
Q55072449	6000000018348077751
Q55072687	6000000072630450143
Q55072695	6000000104657981830
Q55072801	6000000075300528837
Q55072828	6000000107503964990
Q55072832	6000000107534080002
Q550729	6000000077435133669
Q5507312	6000000009796930005
Q55073252	6000000026029117000
Q55073307	6000000163190766952
Q55073728	6000000081035039865
Q55073734	6000000027431086035
Q55073783	6000000084527788551
Q55073786	6000000085758328885
Q55074020	6000000147028876873
Q55074042	6000000028973519592
Q55074093	6000000054667173857
Q550741	6000000145524493871
Q55074633	6000000080855317827
Q550748	6000000016431154512
Q55075548	6000000000769909482
Q55075556	6000000019047512445
Q550759	6000000057248710252
Q55075928	6000000059404331876
Q55075969	6000000009166589835
Q55076036	5062835876510079424
Q55077411	6000000024957081993
Q5507789	6000000000701225901
Q55078058	6000000015554510111
Q55078184	6000000011715422233
Q55078195	6000000147694000885
Q55078261	6000000041615528882
Q55078261	6000000057292158973
Q55078301	6000000025944068508
Q55078330	6000000024374738443
Q55078353	6000000041047342112
Q55078391	6000000005562613948
Q550784	6000000006763717227
Q55078463	6000000022227358597
Q5507946	6000000008630628548
Q5507949	6000000014809948310
Q550803	6000000071160210640
Q550815	6000000014744143355
Q55082155	6000000012737504316
Q5508258	6000000033670565424
Q550829	324517406800002850
Q55084027	6000000073960779939
Q5508445	6000000056644165135
Q550850	6000000016197531821
Q55085963	6000000006438420404
Q55086924	6000000106951293125
Q55086937	6000000079472910966
Q55087438	6000000003827470236
Q55087460	6000000003827746845
Q550884	6000000145527991039
Q55088890	6000000021707362170
Q55088896	6000000032153719377
Q55088907	6000000015579333835
Q55088910	6000000021809668114
Q55088911	6000000021809567572
Q55088912	6000000021815135480
Q55088916	6000000058205165945
Q55088919	6000000115312553846
Q55088923	6000000024773714249
Q55088933	6000000019124829865
Q55088934	6000000024774445883
Q55088937	6000000018300067172
Q55088948	6000000179352756821
Q55088951	6000000043558429084
Q55088953	6000000042127110012
Q55088955	6000000018517670142
Q55088964	6000000011978899434
Q55088981	6000000042261439221
Q55088983	6000000019125599256
Q55088988	6000000035817213212
Q55088989	6000000040976240630
Q55088990	6000000026576463206
Q55088991	6000000036361666862
Q55088993	6000000126028609826
Q55088994	6000000046058144947
Q55088999	6000000024786020870
Q55089001	6000000018003338110
Q55089002	6000000011447270159
Q55089003	6000000024499909914
Q55089004	6000000027291509185
Q55089012	6000000015392769081
Q55089015	6000000018307720051
Q55089016	6000000018316340008
Q55089025	6000000021077487767
Q55089027	6000000018377908415
Q55089030	6000000008814453602
Q55089062	6000000018517787023
Q55089066	6000000024607079924
Q55089079	6000000019433935176
Q55089086	6000000016938470737
Q55089097	6000000025593542923
Q55089098	6000000026013931043
Q55089099	6000000039195782821
Q55089101	6000000077121633108
Q55089115	6000000011629649476
Q55089116	6000000011399481981
Q55089118	6000000077123908658
Q55089128	6000000026074081484
Q55089129	6000000022202083313
Q55089137	6000000029556824103
Q55089139	6000000022873413335
Q55089140	6000000021633674014
Q55089145	6000000172666442822
Q55089146	6000000017664422369
Q55089147	6000000070397552973
Q55089154	6000000037666861380
Q55089155	6000000037667349836
Q55089158	6000000024275956877
Q55089164	6000000024773854908
Q55089170	6000000015817148344
Q55089174	6000000040027084961
Q55089179	6000000030066278142
Q55089180	6000000024120587559
Q55089182	6000000024801002058
Q55089183	6000000025767692876
Q55089198	6000000024803134832
Q55089201	6000000024225662870
Q55089202	6000000040821490853
Q55089205	6000000034391271454
Q55089209	6000000024502528441
Q55089210	6000000036729994962
Q55089218	6000000026695482249
Q55089219	6000000024803533873
Q55089221	6000000024802871356
Q55089226	6000000037515249204
Q55089232	6000000143293273821
Q55089234	6000000017264306300
Q55089251	6000000024778826211
Q55089255	6000000077580332059
Q55089257	6000000018359643277
Q55089264	6000000073302954222
Q55089265	6000000024319193205
Q55089272	6000000077429856974
Q55089286	6000000028411124041
Q55089294	6000000005102966322
Q55089295	6000000013489305091
Q55089298	6000000024048677321
Q55089355	6000000039752806749
Q55089367	6000000075952563939
Q55089370	6000000026381821936
Q55089373	6000000026189752892
Q55089379	6000000042187111901
Q55089380	6000000024779297014
Q55089381	6000000042168931594
Q55089391	6000000018117933470
Q55089392	6000000028158679460
Q55089393	6000000024786160790
Q55089398	6000000042189743997
Q55089400	6000000081071576622
Q55089403	6000000009235037795
Q55089411	6000000042234329068
Q55089414	6000000020867157887
Q55089420	6000000028958122047
Q55089427	6000000040947995543
Q55089428	6000000010427534308
Q55089432	6000000024486340133
Q55089437	6000000021609720881
Q55089448	6000000042728563832
Q55089458	6000000014804567087
Q55089472	6000000016314284662
Q55089473	6000000018329178901
Q55089474	6000000077226279291
Q55089489	6000000025500132542
Q55089503	6000000053973268972
Q55089507	6000000028314977505
Q55089510	6000000029998585144
Q55089548	6000000021567866910
Q55089553	6000000028538308825
Q55089560	6000000010505177300
Q55089593	6000000024317905927
Q55089600	6000000023794497733
Q55089611	339434758110012232
Q55089628	6000000167600344155
Q55089660	6000000039699129417
Q55089670	6000000024250804113
Q55089716	6000000016907539632
Q55089717	6000000014929875267
Q55089730	6000000168164152002
Q55089746	6000000024902604746
Q55089758	6000000013751672581
Q55089760	6000000055577937868
Q55089764	6000000068900287945
Q55089765	6000000038557115059
Q55089783	6000000012726254133
Q55089786	6000000028482084363
Q55089800	6000000026663508545
Q55089812	6000000008907827284
Q55089832	6000000019007569353
Q55089836	6000000024754510951
Q55089841	6000000018825511367
Q55090027	6000000023697553458
Q55090029	6000000073428212718
Q55090035	6000000024901460754
Q55090039	6000000024901337360
Q55090044	6000000024597994392
Q55090055	6000000039410364970
Q55090060	6000000206541040964
Q55090062	6000000021190773905
Q55090067	6000000021185511756
Q55090068	6000000021693027717
Q55090069	6000000018895762023
Q55090072	6000000021692786946
Q55090077	6000000007308358857
Q55090085	6000000025309458491
Q55090087	6000000077609964499
Q55090088	6000000008033773400
Q55090093	6000000208384892831
Q55090098	6000000045980714231
Q55090101	6000000012642488775
Q55090253	6000000043606288871
Q55090256	6000000032843234840
Q55090261	6000000017206520973
Q55090263	6000000040486017097
Q55090263	6000000047548670221
Q55090264	6000000028392219167
Q55090266	6000000025731258896
Q55090270	4272089020970054985
Q55090277	6000000077597561832
Q55090278	6000000047127948025
Q55090280	6000000046800728137
Q55090281	6000000035366184717
Q55090282	6000000035766126017
Q55090284	6000000018203742040
Q55090290	6000000040843030840
Q55090298	6000000020327440636
Q55090300	6000000025985031409
Q55090304	6000000018203012825
Q55090306	6000000040749514491
Q55090310	6000000035920196568
Q55090312	6000000020529739478
Q55090313	6000000026334742446
Q55090317	6000000012514296394
Q55090318	6000000018397597102
Q55090322	6000000099768187125
Q55090323	6000000023403959471
Q5509033	6000000012983860524
Q55090330	6000000025954900832
Q55090348	6000000029854339153
Q55090348	6000000094069319839
Q55090359	6000000017034480541
Q55090371	6000000038765845137
Q55090373	6000000024694285595
Q55090398	6000000011634908580
Q55090415	6000000022248336614
Q55090417	6000000019811706421
Q55090429	6000000177179484864
Q55090436	6000000038866350142
Q55090438	6000000035154454829
Q55090439	6000000007385177397
Q55090461	6000000037997310192
Q55090472	6000000011508310094
Q55090474	6000000018133722823
Q55090480	6000000039754661825
Q55090481	6000000046803182157
Q55090487	6000000016142045758
Q55090495	6000000024317802698
Q55090496	6000000035068720400
Q55090499	6000000024901207545
Q55090500	6000000024900950584
Q55090510	6000000011747561062
Q55090523	6000000011379180892
Q55090528	6000000007523401193
Q55090536	6000000013505607983
Q55090538	6000000013504477562
Q55090545	6000000018557060132
Q55090547	6000000033712241641
Q55090550	6000000020530332073
Q55090554	6000000198002893843
Q55090573	6000000028479210303
Q55090582	6000000025631900190
Q55090583	6000000024998121913
Q55090601	6000000003082819684
Q55090610	6000000017405468189
Q55090616	6000000018568628231
Q55090619	6000000012974577869
Q55090622	6000000018579838316
Q55090623	6000000011584380105
Q55090624	6000000011492738652
Q55090626	6000000006637399001
Q55090632	6000000046047056845
Q55090638	6000000020669128188
Q55090643	6000000043391346914
Q55090653	6000000148344301874
Q55090656	6000000196086816839
Q55090662	6000000016175711061
Q55090665	6000000008752663609
Q55090667	6000000008660274934
Q55090672	6000000040445509997
Q55090674	6000000011852070048
Q55090681	6000000025769048137
Q55090682	6000000012091879822
Q55090685	6000000025769276003
Q55090687	6000000025769194866
Q55090690	6000000021975916401
Q55090693	6000000046226233131
Q55090694	6000000068729102840
Q55090699	6000000015521589159
Q55090700	6000000043497871935
Q55090731	6000000026096650076
Q55090749	6000000032133642763
Q55090751	6000000208387398825
Q55090753	6000000015670424456
Q55090755	6000000012504155878
Q55090758	6000000040260214035
Q55090759	6000000025862183289
Q55090762	6000000012462748777
Q55090768	6000000018474559097
Q55090771	6000000012391696560
Q55090784	6000000025259941918
Q55090785	6000000025281270029
Q55090786	6000000066636176842
Q55090791	6000000022008871234
Q55090795	6000000025677505466
Q55090798	6000000005167846002
Q550908	6000000180877979936
Q55090800	6000000038065822963
Q55090802	6000000182081797891
Q55090807	6000000083081032258
Q55090812	6000000007385068806
Q55090818	6000000016342997265
Q55090820	6000000016373061687
Q55090822	6000000029281752978
Q55090828	6000000029902448807
Q55090837	6000000010290745607
Q55090966	6000000022310800130
Q55090971	6000000022308782526
Q55090973	6000000007527961204
Q55090979	6000000008661271374
Q55090980	6000000009719629312
Q55090982	6000000035157790967
Q55090986	6000000084717869017
Q55090989	6000000006445049256
Q55090992	6000000026055948594
Q55091001	6000000044205565984
Q55091011	6000000084656719828
Q55091017	6000000051263619027
Q55091018	6000000024533992934
Q55091024	6000000034187710632
Q55091027	6000000040230454821
Q55091030	6000000208409055823
Q55091034	6000000020555777726
Q55091084	6000000040276398035
Q55091090	6000000027438876226
Q55091092	6000000018328650428
Q55091096	6000000025274011919
Q550911	6000000158023874838
Q55091149	6000000007939094236
Q55092006	6000000178703627829
Q550926	6000000032127019009
Q55092619	6000000023783359263
Q55092693	6000000020328377441
Q55092697	6000000011622610595
Q55092704	6000000029178561188
Q55092707	6000000025224465293
Q55092711	6000000023447866887
Q55092734	6000000041446434819
Q55092743	6000000090346490445
Q55092747	6000000025911884445
Q55092802	6000000183429127832
Q55092803	6000000026051653144
Q55092804	6000000021727288161
Q55092807	6000000018202235188
Q55093410	6000000028499135909
Q55093568	6000000013057653488
Q55093572	6000000028953409299
Q55093608	6000000019232921217
Q55093613	6000000005555657009
Q55093620	6000000012780619596
Q55093811	6000000184931318113
Q55093819	6000000014358659107
Q55093850	6000000024279832265
Q55093854	6000000035043700540
Q55093861	6000000046343863693
Q55093869	6000000015139729608
Q55093926	6000000014311834152
Q55093944	6000000024805540011
Q55093948	6000000024680493949
Q55093956	6000000072697707922
Q55093958	6000000013061174904
Q55093959	6000000012343723649
Q55093963	6000000018572850476
Q55093980	6000000019125497863
Q55093986	6000000025719011194
Q55094027	6000000022104241322
Q55094128	6000000186351524821
Q55094193	6000000176146304826
Q55094214	6000000019316866150
Q55094271	6000000028646373900
Q55094273	6000000010933663063
Q55094274	6000000015510464293
Q550957	6000000051327070877
Q5509577	6000000157883493840
Q55096205	6000000029185187394
Q550966	6000000020387626971
Q5509699	6000000075502715091
Q55097263	6000000009523400091
Q55097533	6000000157292419048
Q55097628	6000000012752092359
Q55097691	6000000013070560998
Q55097856	6000000059173308125
Q55097860	6000000024500636932
Q55097869	6000000015331464117
Q55097879	6000000016650173869
Q55097893	6000000005045421270
Q55097894	6000000024772681133
Q55097898	6000000174167144720
Q55097903	6000000022363643329
Q55097904	6000000018188899721
Q55097942	6000000062705168821
Q55097944	6000000013406118897
Q55097999	6000000179904742902
Q55098004	6000000022045052526
Q55098176	6000000049699263115
Q55098245	6000000018146995471
Q55098257	6000000024248264388
Q55098259	6000000034471711847
Q55098261	6000000024248885867
Q55098343	6000000037784263189
Q55098344	6000000018637167731
Q55098353	6000000029137600434
Q55098354	6000000042696169928
Q55098527	6000000028262868532
Q55098533	6000000009188285960
Q55098534	6000000051118208833
Q55098536	6000000023197003372
Q55098541	6000000045659845901
Q55098560	6000000076888183576
Q55098564	6000000018416482405
Q55098566	6000000018425477197
Q55098580	6000000014066757730
Q55098593	6000000015905183475
Q55098596	6000000011478185252
Q55098691	6000000029649151113
Q55098694	6000000020977060750
Q55098698	6000000011532890277
Q55098707	6000000024679775949
Q55098708	6000000182181826850
Q55098709	6000000021077399554
Q55098711	6000000003083143576
Q55098713	6000000050363456835
Q55098719	6000000007707538637
Q55098727	6000000012224438298
Q55098731	6000000017993074046
Q55098733	6000000014275620680
Q55098746	6000000108760003876
Q55098750	6000000037600585252
Q55098751	6000000037736920031
Q55098753	6000000018614981327
Q55098754	6000000026925472360
Q55098775	6000000040924906094
Q5509880	6000000010945936731
Q55098851	6000000012778323593
Q55098858	6000000018513751751
Q55098879	6000000020328280782
Q55098895	6000000040048424741
Q55098962	6000000020387225943
Q55099108	6000000206446820839
Q55099641	6000000031672728957
Q55099709	6000000020515657845
Q55099939	6000000019138010742
Q55099945	6000000003083287738
Q55099946	6000000033076613307
Q55099970	6000000029303095761
Q55099973	6000000021815140278
Q55100008	5542721272980053836
Q55100022	6000000011387147644
Q551005	6000000017607521889
Q55100579	6000000021185513162
Q55100585	6000000026669237777
Q55100586	6000000020515657174
Q55100589	6000000018569040705
Q55100854	6000000026040768111
Q55100895	6000000025608670416
Q55102031	6000000194400696842
Q55102091	6000000030120826068
Q55102239	6000000025137659870
Q55102282	6000000163448301902
Q55102414	6000000086228669004
Q55102483	6000000051235052922
Q55102485	6000000178308963826
Q55102526	6000000018880600096
Q55102538	6000000011302183146
Q55102941	6000000006099758238
Q55102970	6000000149636525821
Q55102980	6000000149636127850
Q55102989	6000000181601643901
Q55103033	6000000003083181952
Q55103040	6000000013998753550
Q55103112	6000000027308941386
Q55103166	6000000119779721823
Q551032	6000000020168696065
Q55103252	6000000036273633322
Q55103368	6000000018667598594
Q55103411	6000000021579958975
Q55103424	6000000020516191838
Q55103435	6000000035130870866
Q55103437	6000000034200732832
Q55103452	6000000025310003186
Q55103466	6000000025225917583
Q55103508	6000000039704119947
Q55103517	6000000040537682953
Q55103518	6000000015979922731
Q55103524	6000000016497594288
Q55103541	6000000010724120218
Q55103558	6000000182139911846
Q55103567	6000000042085840940
Q55103943	6000000027629852004
Q55104020	6000000023091241833
Q55104317	6000000112497729852
Q55104418	6000000098315499056
Q55104450	6000000112493185888
Q55104462	6000000020447841623
Q55104479	6000000040977315946
Q55104558	6000000065189628014
Q55104577	6000000004566864353
Q55104604	6000000050554423836
Q55104703	6000000221474478875
Q55104710	6000000031251821829
Q55104769	6000000109254580845
Q55104769	6000000195203580830
Q55104901	6000000040308487878
Q55104916	6000000025452765025
Q55104929	6000000018059400380
Q55104988	6000000096367603842
Q55104995	6000000007365687239
Q55105041	6000000020447236345
Q55105068	6000000018060840139
Q55105074	6000000099221726690
Q55105170	4638217077050031146
Q55105399	6000000018974723401
Q55105401	6000000029091438852
Q55105402	6000000025341267906
Q55105404	6000000008285081302
Q55105408	6000000006834463662
Q55105409	6000000010552230303
Q55105412	6000000009782663901
Q55105415	6000000013504326974
Q55105417	6000000018347342445
Q55105420	6000000020291071542
Q55105421	6000000035921206840
Q55105424	6000000011320406115
Q55105428	6000000179797058854
Q55105435	6000000019528526106
Q55105447	6000000025155216740
Q55105455	6000000010632066076
Q55105462	6000000044257679926
Q55105463	6000000024518613588
Q55105465	6000000024787772417
Q55105469	6000000029718194115
Q55105490	6000000008448375673
Q55105498	6000000012806643885
Q55105500	6000000105925756826
Q55105501	6000000018327591415
Q55105509	6000000020986378880
Q55105510	6000000020328654404
Q55105536	6000000018117675358
Q55105545	6000000018603108189
Q55105547	6000000029799980049
Q55105548	6000000029797173401
Q55105561	6000000017299326090
Q55105565	6000000019873023259
Q55105580	6000000072715006539
Q55105582	6000000035829979430
Q55105590	6000000019436026190
Q55105592	6000000002765606805
Q55105594	6000000021236625768
Q55105603	6000000068642481899
Q55105606	6000000038554555859
Q55105626	6000000010218475484
Q55105640	6000000084516119412
Q55105646	6000000018374620433
Q55105649	6000000038364062551
Q55105652	6000000034390074121
Q55105653	6000000026808835606
Q55105655	6000000042579094995
Q55105688	6000000033979182032
Q55105697	6000000127538920858
Q55105698	6000000024014613343
Q55105701	6000000175095468283
Q55105702	6000000025657071324
Q55105707	6000000025658152108
Q55105708	6000000017793670472
Q55105752	6000000018688284085
Q55105795	6000000182745346933
Q55106001	6000000003339897406
Q55106111	6000000009626184924
Q55106113	6000000013355690110
Q55106117	6000000007527705714
Q55106205	6000000004200375157
Q55106235	6000000055566154894
Q55106325	6000000149478924844
Q55106352	6000000026177881834
Q55106353	6000000025661000378
Q55106354	6000000034405675761
Q55106355	6000000054424581915
Q55106358	6000000178508634978
Q55106443	6000000057130726166
Q55106446	6000000039077007080
Q55106450	6000000035152548890
Q55106451	6000000035816060925
Q55106452	6000000180095574830
Q55106460	6000000025371344564
Q55106464	6000000009999219347
Q55106466	6000000012995965507
Q55106470	6000000015975854732
Q55106471	6000000015975763214
Q55106472	6000000038931374971
Q55106490	6000000076884563993
Q55106534	6000000192169611830
Q55106693	6000000014523571241
Q55106749	6000000112435276963
Q55106918	6000000013163190239
Q55106971	6000000014884259741
Q55107004	6000000147740165844
Q55107077	6000000026379026283
Q55107099	6000000024537250199
Q55107220	6000000013235809406
Q55107388	6000000079473044938
Q55107456	6000000014804632824
Q55107459	6000000008834901573
Q551075	6000000056763272945
Q55107535	6000000036767565473
Q55107581	6000000007522132708
Q55107645	6000000079471950190
Q55107983	6000000028954011823
Q55108039	6000000032544423923
Q55108639	6000000036868815875
Q551089	6000000182771863824
Q55110670	6000000003827751209
Q55111497	6000000016987156503
Q551123	4213961327330041687
Q551132	6000000181914068844
Q551141	6000000000294427700
Q55114310	6000000015622967400
Q55114575	6000000016020899949
Q551153	6000000003806187311
Q5511569	6000000109554087779
Q5511602	6000000076943932190
Q5511627	6000000007034555650
Q5511653	6000000171994046287
Q55117182	6000000017978584108
Q5511758	6000000177085085841
Q55117798	6000000158830725822
Q55118063	6000000071065851160
Q551188	6000000144744646157
Q55118811	6000000209050413826
Q55118895	6000000078387852505
Q551193	6000000175564720861
Q55120135	6000000018851632182
Q551202	6000000017361834865
Q5512020	6000000013999674887
Q55120220	6000000025483566602
Q5512143	6000000025004864884
Q5512167	5266440080970058365
Q5512185	4016969592640075814
Q55122165	6000000025673348097
Q55122166	6000000025673170401
Q55122173	6000000031100760478
Q5512219	6000000021302423781
Q5512220	6000000024348178085
Q55122288	6000000036618613863
Q55122380	6000000031291955677
Q55122813	6000000020773824868
Q55123013	6000000011466768333
Q55123065	6000000183880113910
Q5512312	6000000177388462845
Q55123140	6000000030997147256
Q55123304	6000000174303168864
Q55123601	6000000071853825034
Q5512387	6000000163310547822
Q5512394	6000000015337187081
Q55124228	6000000015529864194
Q55124298	6000000008657962336
Q55124796	6000000218343258845
Q551248	6000000023175343171
Q5512482	6000000180980748969
Q55124836	6000000196842319853
Q55124932	6000000180878834823
Q55125254	6000000036316530540
Q5512565	6000000077246516876
Q55126027	6000000053551534869
Q55126846	6000000004096239934
Q55126918	6000000065554177884
Q55126969	6000000180815120868
Q55127019	6000000013812064467
Q55127125	6000000059994527877
Q55127157	6000000076562899902
Q55127358	6000000002188493498
Q55127428	6000000178839962976
Q55127498	6000000051546081105
Q55127502	6000000016232314442
Q55127719	6000000040752227987
Q55127785	6000000043607956997
Q55127870	6000000015466217722
Q55128850	6000000002663281353
Q55129721	6000000011048321811
Q55129723	6000000011048281797
Q55129836	6000000037088544199
Q551305	6000000087511333085
Q55130968	6000000019884262765
Q55131032	6000000016352548880
Q55131052	6000000017134706784
Q55131056	6000000015104386628
Q55131719	6000000087660151852
Q55131883	6000000072031621970
Q55131908	6000000017002465485
Q55131925	6000000007995165615
Q55132932	6000000010462509653
Q551331	6000000181930920835
Q55133256	6000000088023553850
Q55133410	6000000040340425966
Q55133414	6000000061225403897
Q55133419	6000000075577538271
Q55133491	6000000012684755299
Q55133511	6000000017623910533
Q55133723	6000000069894378901
Q55133753	6000000062444008869
Q55133782	6000000040387785222
Q55133885	6000000017198873549
Q55133916	6000000002173817541
Q55133918	6000000086167721208
Q55133918	6000000184088276836
Q55133923	6000000010409516789
Q55133944	6000000030642431387
Q55134193	6000000049904078882
Q551342	6000000018104586456
Q55134248	6000000028062733934
Q55134399	6000000062557569911
Q55134411	6000000105447656875
Q551361	6000000002631714496
Q551362	6000000001702891295
Q551364	6000000012676883200
Q55136893	6000000019845871907
Q551377	6000000194913269839
Q55138830	6000000032203540332
Q551391	6000000075405147917
Q551414	4764924335160072495
Q551419	6000000007871979187
Q551426	6000000071387776149
Q551439	6000000026217007277
Q55144296	6000000103773812921
Q551456	6000000021150902387
Q551478	6000000115136788862
Q551505	6000000035137523513
Q551512	6000000029803351702
Q551521	6000000092103073876
Q551525	6000000065501071835
Q55153252	6000000016127435269
Q5515357	6000000061264890014
Q551538	6000000019489976028
Q551542	6000000093202809967
Q551544	6000000010067529764
Q55154786	6000000046949729005
Q551550	6000000088066972029
Q55155239	6000000011685041994
Q5515526	6000000009623881335
Q5515531	6000000022171111640
Q5515576	6000000024859444904
Q5515595	6000000001502816765
Q551560	6000000017424216494
Q5515612	6000000038479621008
Q5515632	6000000027593759480
Q5515643	6000000024950107964
Q5515663	324523266570007919
Q5515672	6000000034955757340
Q5515676	6000000021051291489
Q551568	6000000021904323804
Q5515699	6000000013163674559
Q5515709	6000000112265382924
Q5515718	6000000042599690348
Q5515733	6000000018098990905
Q5515739	6000000006600458187
Q5515740	6000000002182111259
Q5515754	6000000001195938500
Q551578	6000000012760151658
Q5515794	6000000122613004843
Q5515816	6000000012729530573
Q5515862	6000000034208182762
Q5515877	6000000002300965873
Q5515893	6000000014072185712
Q551596	6000000050559640010
Q5516086	6000000027470313967
Q5516124	6000000120988279935
Q551615	6000000015309718234
Q551624	6000000020338221249
Q5516257	6000000025860621228
Q55163	6000000002870283187
Q55163380	6000000023012131240
Q551634	6000000011242461940
Q55164902	6000000017062496212
Q55165	6000000052934003857
Q551652	6000000014959422073
Q55167737	4612382
Q551678	6000000101314846833
Q55168043	6000000017316172441
Q55168271	6000000087873448903
Q55168568	6000000006727764771
Q55169530	6000000020690620911
Q551699	6000000000065326306
Q55170	6000000019946874182
Q5517067	6000000056888785821
Q551710	6000000104725722368
Q5517163	6000000054963022825
Q55172392	6000000110263569259
Q551725	6000000000350830586
Q55173472	6000000020485243274
Q551737	6000000177233695821
Q5517386	6000000018710445543
Q55174	6000000017756626533
Q5517441	6000000041165440948
Q55174663	6000000120664847131
Q5517479	6000000046576325493
Q5517628	6000000025609423741
Q551763	6000000018698342013
Q5517678	6000000062558527955
Q55177047	6000000070094304264
Q55177143	6000000062692848858
Q551787	6000000024988948424
Q55179361	6000000042945391294
Q55179470	6000000026082729258
Q55180541	6000000006727810139
Q551811	6000000036812503995
Q5518210	6000000009292381613
Q5518211	6000000004868816369
Q5518311	6000000178399888826
Q55184182	6000000010132417131
Q55184271	6000000047453869036
Q55184440	6000000013702628570
Q551845	6000000078958195036
Q55185011	6000000033740403512
Q551854	6000000225427722825
Q55185592	6000000050594983936
Q551861	6000000076507728217
Q55187179	6000000078130891136
Q55187947	6000000001631230576
Q55187965	6000000001631230863
Q55187985	6000000077192107198
Q551882	6000000022731943835
Q55188219	6000000009163248247
Q5518822	6000000188818250842
Q55188844	6000000091724193997
Q551894	6000000020181631911
Q551896	6000000139914879847
Q55190	6000000067752309827
Q551901	6000000027513905980
Q551909	6000000000413683126
Q55191090	6000000001009234763
Q551912	6000000025767421943
Q55191256	6000000056233600912
Q55192929	6000000002978722693
Q55193	6000000165822082833
Q55193084	6000000084002216844
Q55193122	6000000014567875554
Q55193241	6000000013376419309
Q55193407	6000000000452947252
Q55193411	6000000017965048195
Q55193413	6000000084648169976
Q55193510	6000000033008431839
Q55193546	6000000016328155056
Q55193596	6000000181437668855
Q55194000	6000000003526682317
Q55194195	6000000053505914954
Q55194709	6000000006837031541
Q55194709	6000000021198646136
Q5519570	6000000171890059103
Q5519571	6000000000320748381
Q55195745	6000000183664925821
Q55195781	6000000028662597033
Q55195782	6000000019233400358
Q55195806	6000000041857842381
Q55196407	6000000042706922352
Q55197184	6000000040485567131
Q551974	6000000015117501490
Q551978	6000000018172387488
Q551979	6000000032433185925
Q551999	6000000031467208744
Q5520002	6000000052868273867
Q55200238	6000000037855858567
Q552007	6000000008280936726
Q552010	6000000024861342929
Q5520101	6000000013123649061
Q5520204	6000000002178230036
Q552026	6000000011880037483
Q552067	6000000026229094743
Q5521018	6000000010506069771
Q552124	6000000155517245842
Q552126	6000000009967179533
Q5521415	6000000013106933972
Q5521442	6000000023371526847
Q55215351	6000000024831204899
Q552156	6000000140213298259
Q5521590	6000000075506715844
Q5521598	6000000039081737469
Q552162	6000000181483104891
Q55217096	6000000032160138967
Q55217274	6000000125626939859
Q55217404	6000000174082179122
Q552175	6000000013742903767
Q55217843	6000000044649129897
Q55218045	6000000003936255907
Q55218200	6000000049128761913
Q55218358	6000000006444307161
Q55218406	6000000125882188932
Q55218436	6000000003244355398
Q55218592	6000000000405552888
Q55218624	6000000106752560878
Q552191	6000000009422904786
Q552196	6000000081877587863
Q55220379	6000000070999541114
Q55221	6000000008452472969
Q55223040	6000000079621587899
Q552232	6000000004047354577
Q55224929	6000000015819167630
Q55224941	6000000021677235818
Q55224942	6000000021677074557
Q55225053	6000000015896589578
Q55225236	6000000172991504345
Q55225239	6000000020790336141
Q5522524	5309362592380040381
Q5522542	306702782240007091
Q552255	355603282360012329
Q55225585	6000000142714492828
Q55225744	6000000109056585913
Q55225781	6000000013428753872
Q55225895	6000000176323708864
Q5522590	6000000032126315262
Q55225941	6000000141005616047
Q55225979	6000000140725554941
Q55226010	6000000174435405904
Q55226053	6000000171710424821
Q55226064	6000000019357261174
Q55226164	6000000178259506853
Q55226187	6000000015170978469
Q55226204	6000000022831371423
Q55226270	6000000178392277886
Q55226288	6000000141025331209
Q55226333	6000000015754605841
Q55226335	6000000025510012959
Q55226405	6000000156414113834
Q55226407	6000000177393811862
Q55226449	6000000179799988835
Q55226495	6000000022180394410
Q55226533	6000000071024964998
Q55226548	6000000072434700962
Q55226624	6000000163238213821
Q55226641	6000000027066448539
Q55226713	6000000156262086824
Q55226890	6000000163326313821
Q55227161	6000000143550753906
Q55227183	6000000179350329822
Q55227186	6000000008500360978
Q55227213	6000000085354278413
Q55227280	6000000041827413839
Q55227327	6000000083859833526
Q55227367	6000000141061660941
Q552274	6000000000048935301
Q5522745	4821520736370082313
Q55227519	6000000141005529942
Q55227551	6000000037779324988
Q552276	6000000007302884390
Q55227613	6000000090851749955
Q55227769	6000000182410907825
Q55227805	6000000175435665828
Q55227841	6000000144810273057
Q55227854	6000000101015097908
Q55227856	6000000141037062332
Q55227863	6000000150915359404
Q55227883	6000000069594225562
Q55227895	6000000065497021062
Q55227948	6000000166236685847
Q55227956	3356132
Q55228010	6000000166770188935
Q55228037	6000000066522326848
Q55228097	6000000080812210115
Q55228270	6000000124362243916
Q55228384	6000000135131442868
Q55228411	6000000145546747861
Q55228549	6000000174849608823
Q55228625	6000000175569739853
Q55228671	6000000020344079269
Q55228865	6000000010512210651
Q55228869	6000000015340003234
Q55228925	6000000008328390896
Q55229187	6000000050555838983
Q55229314	6000000027197855995
Q55229390	5431800835220048478
Q55229779	6000000078623085578
Q55230	6000000024682551715
Q55231655	6000000046051304039
Q55231770	6000000152623038858
Q552326	6000000020461055884
Q55233248	6000000140300031822
Q552336	6000000145343282847
Q55233889	6000000001801008778
Q55233923	6000000025901959659
Q552353	6000000036091432206
Q5523623	6000000036445222848
Q5523651	6000000022170773103
Q55236615	6000000021692386239
Q55236631	6000000038766727106
Q55236634	6000000018423510971
Q55236635	6000000033429198821
Q55236640	6000000124537320821
Q55236664	6000000015447422935
Q55236682	6000000011186260439
Q55236698	6000000033785363243
Q55236704	6000000011613283864
Q55236717	6000000018009469726
Q55236721	6000000111135623436
Q5523680	6000000073066014946
Q55236809	6000000106695355907
Q55237054	6000000010579944205
Q55237057	6000000015924999188
Q55237058	6000000010542476269
Q55237061	6000000021545430518
Q55237078	6000000011478827640
Q55237330	6000000013271938211
Q55237337	6000000037598553158
Q55237346	6000000025804314198
Q55237352	6000000021582756947
Q55237356	6000000017733240433
Q55237364	6000000017893987658
Q55237369	6000000024569581931
Q55237378	6000000023953632882
Q55237644	6000000038266648918
Q55237747	6000000007532951855
Q55237942	6000000119317956975
Q55238064	6000000016231617822
Q55238097	6000000015516830096
Q55238105	6000000007962861517
Q55238110	6000000024290576441
Q55238132	6000000015340441744
Q55238169	6000000015340023432
Q55238191	6000000016976463418
Q55238238	6000000015503047495
Q55238247	6000000012407388030
Q55238249	6000000026802049951
Q55238261	6000000010686592875
Q55238305	6000000082705707878
Q55238373	6000000018689050181
Q55238377	6000000032678587827
Q55238380	6000000016407618786
Q55238394	6000000027269856386
Q55238397	6000000010001116318
Q55238404	6000000026884017843
Q55238406	6000000018287255024
Q55238430	6000000003940592904
Q55238452	6000000006270313300
Q55238480	6000000056095653082
Q55238512	6000000068757390217
Q5523871	6000000079217761869
Q55240124	6000000037053795355
Q55240458	6000000001504596834
Q552408	6000000107024415833
Q55242	6000000017915879026
Q552422	6000000055771403880
Q552423	6000000124514628921
Q552424	323964854840004458
Q55243536	6000000050616282255
Q55243657	6000000007105846709
Q552437	6000000012934712347
Q552443	6000000002188453645
Q55245	6000000008681103755
Q552450	6000000066854385970
Q5524531	6000000032775697780
Q552459	4554204419990055178
Q552465	6000000002764385681
Q552469	6000000033237610405
Q552472	6000000086473779923
Q552476	6000000051261024827
Q5524866	6000000046570618959
Q5524963	6000000137812902860
Q552497	6000000004147193670
Q55250	6000000010486404041
Q5525010	6000000036838257547
Q5525030	6000000025298455221
Q5525040	6000000057461565821
Q5525086	6000000041546338579
Q5525114	6000000166027373822
Q5525118	6000000002153452081
Q5525140	6000000018595994120
Q552529	6000000022560330436
Q5525394	6000000094141478892
Q5525629	6000000010788891647
Q55257481	6000000039425442834
Q55257931	6000000002188376895
Q5525828	6000000036421166625
Q55259271	6000000010223954070
Q55260	6000000017209893087
Q552613	6000000078342545138
Q5526136	6000000015509786597
Q5526158	6000000025298212602
Q552617	6000000075572662935
Q55262113	4400408688580051677
Q552625	6000000000307249254
Q552630	6000000000071109850
Q552638	6000000134218464832
Q55264	6000000090117070841
Q55264534	6000000017971785021
Q55264636	6000000032778874429
Q5526468	6000000007199898995
Q55264699	6000000014224713595
Q55264790	6000000018447723667
Q55264793	6000000034437745769
Q55264804	6000000036211131504
Q55264815	6000000034848052082
Q5526538	6000000019086007887
Q5526544	6000000016170405203
Q5526592	6000000008092750402
Q55266	6000000010486628745
Q552660	1631819
Q55266002	6000000131476078848
Q55266005	6000000126026099832
Q55266768	6000000010339433691
Q5526746	6000000026159007868
Q552698	6000000004327818281
Q5527395	6000000011131726802
Q552751	6000000078824462962
Q552758	6000000020095007108
Q552770	6000000011727781844
Q552772	6000000015241389212
Q55279657	6000000003827746901
Q55279668	6000000003827746913
Q55280226	6000000042511924745
Q55280265	6000000002997314733
Q552806	6000000029362917795
Q5528071	6000000000889491204
Q5528093	6000000005759584192
Q55281125	6000000179877293833
Q552813	6000000029593794815
Q55281486	6000000015461329388
Q5528167	6000000010204216980
Q5528174	6000000012386726329
Q55281745	6000000145441241821
Q55281853	6000000016317792920
Q55281875	6000000141115919875
Q55281877	6000000072447510829
Q55281881	6000000142897606916
Q552819	4634400011490020317
Q55281936	6000000215838839855
Q55282117	6000000043150410333
Q552828	4656073754760035902
Q55283120	4565994046890036260
Q55283130	6000000027400005381
Q55283362	6000000028379018321
Q5528372	6000000001535256144
Q5528373	6000000000286137967
Q5528380	6000000182953837821
Q552844	6000000006582903737
Q55284438	5181379548560068927
Q55284446	324183408440006371
Q55284779	6000000046950140821
Q55284786	6000000040185356823
Q55285044	6000000060305800963
Q55286113	6000000014913582345
Q552875	6000000014234880777
Q5528805	6000000170683172938
Q552884	6000000107092343076
Q5528850	6000000024363669437
Q5528867	6000000025238420851
Q552900	6000000053046009846
Q552921	6000000017856459034
Q55292444	6000000058059579892
Q552925	6000000014316793598
Q552927	6000000098108774868
Q552938	6000000002958984912
Q55294	325232449390001638
Q552942	6000000030751955100
Q552951	6000000007968789804
Q55296351	6000000008941061743
Q5529699	6000000009389549331
Q552971	6000000001198587309
Q553001	6000000062286538010
Q55301495	6000000008940722305
Q553019	6000000010953193036
Q55303	6000000040204605780
Q5530715	6000000051652619310
Q553077	4775621892700075243
Q553108	6000000014282174883
Q5531085	6000000015233655042
Q553115	6000000013548748010
Q553116	6000000020407800933
Q55311628	6000000002290167618
Q55311654	6000000005362486080
Q55311666	6000000005362448836
Q553120	6000000073341564021
Q5531204	6000000003320436837
Q5531230	6000000008549867296
Q553124	6000000045396207874
Q55312932	6000000012503818112
Q5531317	6000000039309716888
Q553132	6000000149859191029
Q5531323	6000000122540380834
Q5531333	6000000009710774599
Q5531353	6000000066692205978
Q553138	6000000001372062337
Q5531389	6000000043355450519
Q55313952	6000000082798390136
Q5531465	6000000176855516827
Q553147	6000000001620156680
Q55314715	6000000007335888636
Q5531480	6000000077011202431
Q55314897	6000000009459680506
Q55315284	6000000012613341450
Q55315331	6000000057048758102
Q553155	6000000014379788478
Q553158	6000000005599062972
Q55316221	6000000080217236106
Q55316370	343685289930012302
Q553166	6000000052098682931
Q55316672	6000000177847918824
Q553168	6000000002130081934
Q55316930	6000000021106527382
Q553175	6000000145599821822
Q55317517	6000000006282810515
Q553176	6000000002991079614
Q55317789	6000000009959872150
Q55317818	6000000017470580058
Q553179	6000000181932725871
Q55318135	4111710776450078417
Q55318697	6000000188308140831
Q553187	6000000017378850850
Q553196	6000000013266676824
Q5532001	6000000002649845592
Q55322233	6000000008681634406
Q5532286	6000000012518142414
Q553229	6000000015786991377
Q553249	6000000036231893077
Q553254	6000000032878921878
Q55326141	6000000003551051286
Q553264	6000000025742874980
Q5532688	6000000089275896879
Q5532690	6000000089275581948
Q553276	6000000015558567718
Q553292	6000000003580332101
Q5533020	6000000032538576125
Q553307	6000000020147942254
Q5533092	6000000002981811012
Q5533106	6000000075591803041
Q5533112	6000000010062831749
Q5533114	6000000011821761539
Q5533194	6000000014255666336
Q553321	6000000020250016703
Q55333323	6000000046468239205
Q55333492	6000000091121823875
Q55333580	6000000040055772287
Q553338	6000000185312170909
Q553340	6000000041112133910
Q55334242	6000000013924148874
Q553349	6000000016417587893
Q5533550	6000000018417042524
Q553362	6000000010476003733
Q5533645	6000000024699232034
Q55336650	6000000071380886924
Q55338807	6000000015387265337
Q553397	6000000181932967854
Q553413	6000000177613770941
Q55341384	6000000172205129079
Q553415	6000000158174695822
Q55341899	6000000013821616765
Q5534231	6000000039084438173
Q5534304	6000000026491987239
Q553436	6000000025387509067
Q55343666	6000000003901893346
Q553440	6000000026187067042
Q5534401	6000000019321769821
Q5534415	6000000036174436826
Q5534472	6000000009292333413
Q5534480	6000000010164336695
Q55344930	6000000017613724365
Q5534498	6000000029491641428
Q55345097	6000000019748856924
Q5534512	6000000050383796868
Q5534540	4043264145750078188
Q5534546	6000000052101813041
Q5534562	6000000016683894642
Q5534578	6000000050535473041
Q5534600	6000000002188493459
Q5534601	6000000002188493482
Q5534646	6000000030945918118
Q55346731	6000000032694477115
Q5534679	6000000003111991016
Q55346809	6000000032694393138
Q5534708	6000000175573697869
Q5534721	6000000082652289335
Q55347238	6000000000909242044
Q55347415	6000000034978920399
Q5534757	6000000053437769821
Q5534765	6000000079058071989
Q5534838	6000000006444304857
Q5534862	6000000026463157810
Q5534874	6000000057064203908
Q5534880	6000000019761798017
Q5534894	6000000076075615821
Q5534908	6000000020390015806
Q5534925	6000000004881711138
Q5534926	4450176264850059840
Q553493	6000000029321110324
Q5534932	6000000002204714312
Q5534950	6000000003932879458
Q5534962	6000000027604106674
Q5534969	6000000015545643442
Q5535000	6000000014852968898
Q55350643	6000000002950834024
Q553533	6000000012273051610
Q553553	6000000011368184620
Q553554	6000000024278396440
Q5535607	6000000043428599710
Q5535635	6000000006943736825
Q5535643	6000000122582771833
Q5535644	6000000014076533024
Q5535645	6000000016219288579
Q5535658	6000000024594181358
Q5535673	6000000070762103047
Q5535674	6000000029033306274
Q5535677	6000000179499046863
Q553569	5380034142330041974
Q5535690	6000000120578817879
Q5535699	6000000033938193789
Q5535705	6000000150066670833
Q5535712	6000000013999755504
Q5535732	6000000039516441915
Q5535734	4439568367700031993
Q5535746	6000000025832392884
Q5535749	6000000028481207942
Q553575	6000000026664737934
Q5535780	6000000034103628433
Q5535798	6000000015096468996
Q5535803	6000000007495927982
Q5535824	6000000039431833484
Q5535838	6000000182979818821
Q55358539	6000000095631658929
Q55358784	6000000014310607381
Q5535939	6000000034195407140
Q5535949	6000000020031404300
Q5535955	6000000185567713953
Q5535984	6000000012823367283
Q5536005	6000000002407824938
Q5536026	6000000014344611567
Q5536028	6000000002442326072
Q5536042	6000000013701156498
Q5536043	6000000034339806719
Q5536044	6000000002115887046
Q5536045	6000000013703416176
Q5536047	6000000041141745929
Q553605	6000000014152804394
Q5536060	6000000013248814524
Q5536061	6000000034316453625
Q55360664	6000000110821165010
Q5536068	6000000012409999408
Q5536072	6000000106583815821
Q5536093	6000000010811633531
Q5536096	6000000030951395277
Q5536099	6000000039049626524
Q5536113	6000000014874676585
Q5536138	6000000014255389227
Q553614	6000000141076898971
Q5536152	6000000114650122837
Q55361521	6000000103463230039
Q5536168	6000000042035590093
Q553617	6000000055481111452
Q5536177	6000000009277579291
Q5536178	6000000012536326994
Q5536186	6000000017798371924
Q5536187	6000000010697461043
Q5536197	6000000013281397317
Q5536225	6000000016675725456
Q5536227	6000000001608989574
Q553624	6000000080639077209
Q55362426	5581529959620066715
Q5536253	6000000036509270740
Q553626	6000000018751044006
Q5536274	6000000006582517244
Q5536277	6000000021554836668
Q55362774	6000000019052023982
Q5536278	6000000013006248098
Q5536279	6000000000632175399
Q553628	4342180853270125842
Q55362868	6000000084883428941
Q55362912	6000000013821775224
Q55362955	6000000009128271828
Q55363293	6000000077412472909
Q55363302	6000000014578521716
Q55363478	6000000001779436330
Q5536388	6000000017275096179
Q5536391	6000000054566852282
Q5536395	6000000069476471292
Q5536399	6000000114714269872
Q5536412	6000000063115982990
Q5536420	6000000006987878562
Q5536443	6000000111839462023
Q5536449	6000000002801229769
Q5536454	5295443393960030519
Q55364686	6000000005913863565
Q5536469	6000000026551700109
Q55364918	6000000042112258297
Q5536493	6000000011932700739
Q5536513	6000000002628354364
Q5536518	6000000144995891830
Q5536524	6000000024294159566
Q5536527	6000000035718984656
Q5536539	6000000012452112084
Q5536544	6000000187878305824
Q5536568	6000000003217912299
Q5536596	6000000091984147012
Q5536611	6000000011818213592
Q5536612	6000000011818297604
Q5536614	6000000011818647029
Q5536626	6000000018012097581
Q55366654	6000000083255898110
Q5536670	6000000030190400097
Q55366712	6000000151852632821
Q5536673	6000000026903115191
Q5536688	6000000019842400153
Q553673	6000000017119997132
Q5536736	6000000002741249824
Q5536743	6000000003114425643
Q5536746	6000000074941399835
Q55367567	6000000178393058838
Q5536757	6000000002188524635
Q5536758	6000000007463619982
Q5536761	6000000004883090917
Q5536767	6000000003890767059
Q5536779	6000000121495406833
Q5536782	6000000000825412213
Q5536820	6000000014384624234
Q5536832	6000000002188470787
Q5536833	6000000002188470822
Q5536849	6000000030109179936
Q5536861	6000000070153812820
Q5536862	6000000002695087185
Q5536875	6000000066481357844
Q5536880	6000000052047852097
Q5536891	6000000037837394143
Q5536895	6000000034676489838
Q5536920	6000000001877468536
Q5536922	6000000044208038105
Q5536924	5410148307920139286
Q5536929	6000000022200623130
Q5536936	6000000019467733908
Q5536943	6000000000352464691
Q5536961	2799212
Q5536970	6000000002802766432
Q5536980	6000000002188514173
Q5536981	6000000002386123516
Q5536983	6000000089411696832
Q5536990	6000000052265852932
Q5536992	6000000012772594926
Q5537009	6000000018478785025
Q553704	6000000040937902061
Q5537046	6000000000650239705
Q5537063	6000000020115372142
Q5537084	6000000003004423263
Q5537086	6000000002116238724
Q5537104	6000000015652644903
Q5537115	6000000026161255445
Q5537119	6000000011157581707
Q5537120	6000000011157235010
Q5537137	6000000006108037681
Q5537154	6000000000295562926
Q5537157	6000000000255739079
Q5537165	6000000011050238751
Q5537168	6000000013519047229
Q5537174	6000000010596824484
Q5537179	6000000010048520571
Q5537180	6000000006101259491
Q5537184	6000000048750531930
Q5537198	6000000029648548946
Q5537208	6000000014854559266
Q55372104	6000000029131412017
Q5537227	6000000005923661273
Q5537235	6000000002651313662
Q5537237	6000000007370747775
Q5537238	6000000001488054581
Q5537252	6000000019330552621
Q5537264	6000000013053340051
Q5537273	6000000009171892914
Q5537274	6000000009140103114
Q5537275	6000000009141447689
Q5537283	6000000006602618225
Q5537286	6000000032081791714
Q5537288	6000000079475251839
Q553730	6000000015282276660
Q55373266	6000000038845552872
Q5537334	6000000014804049012
Q5537356	6000000001877470702
Q5537357	6000000002188504997
Q5537358	6000000011110974350
Q5537359	6000000024893297770
Q5537375	4642736
Q5537378	6000000076605847832
Q5537402	6000000040639706262
Q553742	6000000051027037070
Q5537443	6000000007066653390
Q5537447	6000000026843096490
Q55374771	6000000064223471893
Q55375	6000000059142658008
Q553750	6000000141076133150
Q5537507	6000000003022132720
Q5537509	6000000141553292937
Q5537511	6000000004868061689
Q5537512	6000000007104768911
Q5537514	6000000010228906332
Q5537519	6000000019508453916
Q5537521	6000000016451886153
Q5537522	6000000030601856474
Q5537525	6000000019683878165
Q5537526	6000000008849166014
Q5537541	6000000026548824895
Q5537546	6000000036726125852
Q5537557	6000000013429136378
Q5537577	6000000185626342831
Q5537581	6000000019031424776
Q5537606	6000000024235683155
Q55376068	6000000020382495801
Q5537608	6000000010503623905
Q5537609	6000000010503899556
Q5537628	6000000001972409620
Q55376458	6000000025985837991
Q5537646	6000000125063442861
Q5537657	6000000017335521383
Q5537665	6000000002188674160
Q5537676	6000000033112574092
Q5537679	5258943501240072664
Q5537689	6000000004105974239
Q5537699	6000000030130649845
Q5537702	6000000011336575210
Q5537703	6000000013111842744
Q5537704	6000000005682677001
Q5537705	6000000030150939394
Q5537716	6000000052046788960
Q5537757	6000000014552261805
Q55377580	6000000077351459389
Q5537761	6000000082994209910
Q5537774	6000000157293543854
Q5537782	6000000085254972839
Q5537810	6000000056338096115
Q5537827	6000000025765930473
Q5537834	6000000079144340161
Q5537835	6000000075500706001
Q5537845	6000000154672044822
Q5537852	6000000010388576435
Q5537861	6000000017338215922
Q5537862	6000000007445276821
Q5537863	6000000013422826268
Q5537866	6000000007264257842
Q5537867	6000000007561795140
Q5537870	6000000010241357032
Q5537871	6000000009646224075
Q5537883	6000000010056691735
Q5537884	6000000010056662370
Q5537885	6000000010056578494
Q5537886	6000000006712139013
Q5537887	6000000002803151966
Q5537889	6000000010056849623
Q5537895	6000000012559163988
Q553790	6000000162024630821
Q5537907	6000000031007558070
Q5537908	6000000029330455954
Q5537917	6000000003098460076
Q5537919	4465718
Q5537924	6000000007014359676
Q5537938	6000000017939391471
Q5537940	6000000052127765212
Q5537942	6000000015745104857
Q5537947	6000000013431558442
Q5537954	6000000016674651651
Q5537963	6000000003939087312
Q5537966	6000000005082495628
Q5537977	6000000008528393427
Q5537983	6000000010801870560
Q5537988	6000000176657553879
Q5537999	6000000022642983610
Q5538023	6000000074665898881
Q5538034	6000000000677560926
Q553804	6000000177845346951
Q5538057	6000000173843466302
Q5538071	6000000043182990010
Q5538074	6000000011602171048
Q5538076	6000000008630701543
Q5538077	6000000010030694438
Q5538110	6000000000117868028
Q55381168	6000000052622881871
Q5538121	6000000176040948891
Q5538127	6000000003370234385
Q55381307	6000000007742185215
Q5538134	6000000104514626103
Q5538141	6000000030884301038
Q5538154	6000000015415698795
Q5538155	6000000016872526923
Q55381599	6000000021546342457
Q5538163	6000000026492690030
Q5538164	6000000011551345592
Q5538166	6000000011551320320
Q5538172	6000000002188508885
Q5538175	6000000002831290041
Q553819	6000000011844544286
Q5538191	6000000023395191438
Q5538199	6000000002188524790
Q5538201	6000000016020913364
Q5538208	6000000012621939856
Q5538216	6000000183152336862
Q5538222	6000000008742228882
Q5538228	6000000010223525760
Q5538228	6000000111124736938
Q5538230	6000000001591022152
Q5538231	6000000184458998847
Q5538264	6000000003446102586
Q5538290	6000000002188514620
Q5538295	6000000029328526890
Q5538307	6000000035682264950
Q5538318	6000000033238756283
Q5538319	6000000035497521040
Q5538326	6000000044920648192
Q5538338	6000000017816891116
Q5538341	6000000190736302855
Q5538359	6000000003216068973
Q5538361	6000000034918541879
Q5538389	6000000012606166335
Q55384	6000000058008301833
Q5538418	6000000001608999435
Q55384299	6000000013373475267
Q5538434	6000000002188386881
Q553844	4436238359160128215
Q5538446	6000000009458265104
Q55384606	6000000022830601365
Q5538467	6000000002439224694
Q5538476	6000000019233132601
Q5538488	6000000021594433878
Q553849	6000000054687266102
Q5538493	6000000020472137987
Q5538494	6000000023195229885
Q55385014	6000000004648526836
Q5538527	6000000045166434103
Q5538531	6000000017594628639
Q55385429	6000000021315324739
Q5538570	6000000031499872301
Q5538581	6000000177761962871
Q553859	6000000002214547745
Q5538590	6000000016992777065
Q5538593	6000000017530359372
Q5538608	6000000032648497471
Q5538617	6000000031371372483
Q5538619	6000000100325423877
Q5538632	6000000024908962260
Q55386376	6000000013824563457
Q55386481	6000000007844403259
Q5538649	6000000013235558439
Q5538651	6000000031475723709
Q5538654	6000000031476040885
Q55386653	6000000100518478822
Q55386655	6000000107139163824
Q5538668	6000000041770671093
Q5538670	6000000039576463833
Q5538684	6000000009806708677
Q5538685	6000000000437787302
Q55386886	6000000001365390657
Q55386995	6000000020573264374
Q5538700	6000000033142459157
Q5538756	6000000080058995101
Q55387673	6000000030383561867
Q55387690	6000000018511494481
Q55387703	6000000018726192439
Q5538774	6000000013126448274
Q5538783	6000000108370272984
Q55388056	6000000060501678865
Q553882	6000000015409441103
Q55388229	6000000037705226084
Q55388268	6000000040947669295
Q55388290	6000000030415801688
Q5538830	6000000076302987357
Q55388361	6000000078029699880
Q55388441	6000000060501614061
Q5538846	6000000020033241035
Q55388499	6000000018776911197
Q55388506	6000000078619484246
Q55388514	6000000017728833459
Q5538854	6000000073712638237
Q55388554	6000000018555810942
Q55388679	6000000015138921675
Q5538868	6000000039210813044
Q5538875	6000000029651743312
Q553888	6000000006802872216
Q55388812	6000000055003203855
Q55388818	6000000007378809361
Q55388830	6000000007621367540
Q55388834	5237666390510043179
Q55388855	6000000019733548469
Q55388862	6000000006707111179
Q55388872	6000000015741536651
Q55388890	6000000088742153918
Q5538893	6000000016881658447
Q5538894	6000000015580122403
Q55388985	6000000140439820025
Q5538903	6000000036423028783
Q55389036	6000000083823376048
Q5538916	6000000053149509884
Q5538917	6000000018271966971
Q553892	6000000032569894306
Q5538924	6000000002728142151
Q5538925	6000000005599517594
Q55389270	6000000022930105151
Q55389276	6000000006403124515
Q553893	6000000016278821628
Q55389332	6000000017944381086
Q5538943	6000000020569945116
Q5538947	6000000036506481541
Q553895	6000000054983776129
Q5538954	6000000011837453131
Q5538960	6000000001608805230
Q5538986	6000000013175448821
Q5538987	318712601850003665
Q5539000	6000000047394529020
Q5539005	6000000100079733870
Q5539020	6000000031589753376
Q553903	6000000011930025811
Q5539032	6000000011455223633
Q5539040	6000000015384667733
Q5539041	6000000014197448020
Q5539081	6000000046374575859
Q5539092	6000000004593857538
Q5539092	6000000016126968003
Q553910	6000000052079914845
Q5539133	6000000003147121934
Q5539137	6000000002407826005
Q5539139	6000000100768763909
Q5539165	6000000022599313656
Q5539170	6000000055357872013
Q5539172	6000000008439120386
Q5539174	6000000025651965601
Q5539182	5552916971590043464
Q5539183	6000000003263242414
Q55392	6000000022349329812
Q5539213	1953262
Q55392196	6000000070733298978
Q55392244	6000000168835942301
Q55392259	6000000051881545863
Q55392318	6000000070733307942
Q5539234	6000000025817412494
Q55392373	6000000051851527853
Q5539242	6000000001130609847
Q5539258	6000000024680223816
Q5539271	6000000011132547179
Q5539272	6000000017154954770
Q5539273	6000000005680925002
Q5539274	6000000005675112793
Q553928	6000000021843285080
Q5539283	6000000020240480216
Q5539289	274078
Q5539297	6000000000307243594
Q5539297	6000000190049523923
Q5539299	6000000004867878746
Q5539301	6000000140442568821
Q5539304	6000000002188479405
Q5539313	6000000009060429886
Q5539325	6000000022247150952
Q5539334	6000000041566636910
Q5539337	6000000015832641086
Q5539338	6000000002188536935
Q5539339	6000000004868052460
Q5539344	6000000002116015557
Q55393725	6000000006438934101
Q55393730	6000000141015290874
Q5539375	6000000014803277054
Q5539382	6000000016766623965
Q5539384	6000000012110292958
Q5539395	6000000031801787844
Q55393972	6000000031351699956
Q55394009	6000000017671347328
Q553942	6000000044938652025
Q5539426	6000000042303059708
Q5539431	6000000001714923190
Q5539442	6000000106719116966
Q5539460	6000000081537428859
Q553947	6000000008825309603
Q5539474	6000000016476754957
Q5539478	6000000007787737025
Q5539479	6000000016700607876
Q5539480	6000000011689307602
Q55394837	6000000034943255928
Q5539487	6000000032755246191
Q5539488	6000000071052731835
Q55394880	6000000085389595836
Q5539495	6000000040086604565
Q55395024	6000000038456619271
Q553951	6000000011571211388
Q5539510	6000000011060291989
Q5539521	6000000041718341468
Q5539523	6000000022501328130
Q5539549	6000000045488565983
Q553955	6000000008088694091
Q5539556	6000000007488565334
Q55395585	6000000035173523635
Q55395616	6000000078296401857
Q55395657	6000000044552368667
Q5539568	6000000043438499287
Q5539569	6000000029097017436
Q55395701	6000000021177452888
Q55395708	6000000024846574042
Q55395718	6000000007249773299
Q55395720	6000000006620368960
Q55395730	6000000024846388843
Q5539576	6000000007166417380
Q55395802	6000000004850026048
Q55395883	4981363029300107974
Q553959	6000000212138527828
Q55395907	6000000179850235829
Q55395913	6000000176649986969
Q55395925	6000000011634724170
Q55395929	6000000023450371900
Q55395966	6000000000252397358
Q55396012	6000000077332071954
Q5539602	6000000023685672430
Q55396023	6000000083134773132
Q55396032	6000000004681045615
Q55396043	6000000078121136201
Q5539614	6000000000772839052
Q5539616	6000000000618758305
Q5539619	6000000124953436870
Q5539623	6000000033797524102
Q5539639	6000000000297228444
Q5539649	6000000013080698845
Q5539676	6000000004549673005
Q5539679	6000000172547498827
Q5539682	6000000015549711464
Q5539685	6000000013248500492
Q55397107	6000000042466984207
Q5539725	6000000007466163037
Q5539742	6000000005953516988
Q5539756	6000000003910261650
Q5539757	6000000010685852983
Q5539767	6000000021342216648
Q5539773	6000000011951232752
Q5539792	6000000076919742834
Q5539800	6000000008630269916
Q5539804	6000000014320585537
Q5539805	6000000002188526287
Q5539814	6000000023525494553
Q5539816	6000000008202565385
Q5539820	6000000014048012970
Q5539820	6000000034973417913
Q5539826	6000000010810565225
Q5539827	6000000016747049826
Q5539832	6000000047563216907
Q5539833	6000000011338159929
Q5539836	6000000011338203909
Q5539839	6000000077965443912
Q5539842	6000000024389550179
Q5539857	6000000039307427747
Q5539873	6000000015353941423
Q5539909	6000000009655396271
Q55399153	6000000040899477821
Q5539935	6000000015310900297
Q5539964	6000000006878636778
Q5539972	6000000014081392449
Q5539996	6000000010392880334
Q554000	6000000025085581249
Q5540019	6000000015843424050
Q55400235	6000000042790772567
Q5540047	6000000090385653850
Q55400560	6000000148861376939
Q5540072	6000000178893696867
Q5540077	6000000013374999272
Q554008	6000000163423083486
Q5540093	6000000013212867411
Q55400943	6000000026010755775
Q5540098	6000000012362659071
Q5540102	6000000012363488531
Q5540107	6000000024862917173
Q55401148	6000000028808061286
Q5540124	6000000024516495192
Q55401734	6000000024420346125
Q5540175	6000000008630269855
Q5540178	6000000010641068141
Q55401780	6000000012255771212
Q5540180	6000000000584758321
Q5540189	6000000032077575090
Q55401912	6000000024420376092
Q55402	6000000021799309995
Q5540231	6000000022228563803
Q5540255	6000000011384513970
Q5540256	6000000011039985390
Q5540308	6000000001980207404
Q55403219	6000000077607820067
Q5540325	6000000010573543604
Q5540329	357137
Q5540333	3728996
Q5540334	6000000007070968726
Q5540335	6000000010323580969
Q5540336	6000000002115864068
Q5540338	6000000013385067401
Q5540358	327472482190007907
Q5540410	6000000026211244006
Q5540415	6000000009700086710
Q5540432	6000000009298570578
Q5540433	6000000176615685823
Q5540437	6000000002188526816
Q5540458	6000000019859486261
Q5540466	6000000082708609308
Q5540467	6000000035059924828
Q5540470	6000000016271594298
Q5540473	6000000001667324856
Q5540475	6000000021558647769
Q5540477	6000000146053928948
Q5540483	6000000017506142011
Q5540486	6000000026748088110
Q55404947	6000000006985219798
Q5540498	6000000015375770324
Q5540506	6000000001518343444
Q5540511	6000000010842844921
Q5540512	6000000001877495587
Q5540513	6000000001877495599
Q5540514	6000000011088200067
Q5540520	6000000005438507567
Q5540521	6000000042659833317
Q5540526	6000000001443595061
Q5540531	6000000018565905456
Q5540555	6000000155195103948
Q5540561	6000000011273632360
Q5540566	6000000003045022892
Q5540575	6000000000462633828
Q5540576	6000000026602706658
Q5540592	6000000026102244085
Q5540593	6000000026280779569
Q5540595	6000000029911163860
Q5540610	6000000002186795034
Q5540612	6000000028709223506
Q5540615	6000000000572805350
Q5540616	6000000013270354472
Q5540635	6000000017250288230
Q5540639	6000000008127599458
Q5540643	6000000011518858404
Q554065	6000000081243625108
Q55406514	6000000022926308920
Q5540666	6000000094193832962
Q5540693	6000000007053717676
Q55407	6000000008630534044
Q5540700	6000000008642132168
Q5540707	6000000013951881280
Q55407076	6000000033371066659
Q5540719	6000000020690612795
Q5540728	6000000074005395903
Q5540729	6000000030409549898
Q5540738	6000000013603966700
Q5540739	6000000013604049355
Q5540747	6000000071162750131
Q55407670	6000000017701484948
Q5540774	6000000005599189702
Q5540777	6000000005599014737
Q5540779	6000000015519270440
Q5540781	6000000155355097825
Q5540788	318826234620003655
Q5540792	6000000053452867821
Q5540812	6000000015509378800
Q55408173	6000000011378733211
Q5540830	6000000013288816902
Q55408328	6000000020603318629
Q55408334	6000000003664465233
Q5540840	6000000012952304121
Q5540853	6000000000266832278
Q5540859	6000000007257619323
Q5540868	6000000035974191158
Q5540870	6000000035974360942
Q5540872	6000000035974647019
Q5540878	6000000020802428434
Q5540884	6000000017132891486
Q5540888	6000000166743348283
Q5540899	6000000000567731470
Q554091	6000000032584566628
Q5540936	6000000076781526273
Q5540941	4225494824990031780
Q5540947	6000000004868787027
Q5540949	6000000013163924929
Q5540954	6000000005175654001
Q55410	6000000048355707887
Q5541005	6000000072416921730
Q5541011	6000000048396042911
Q5541025	6000000012724017745
Q5541046	6000000000970013112
Q5541048	6000000011747821208
Q554105	6000000016384154991
Q5541060	6000000029627914219
Q5541083	6000000015958876068
Q5541089	6000000015842740654
Q5541090	6000000025453809564
Q5541118	6000000025845954024
Q5541122	6000000063300258099
Q554113	6000000013272932935
Q5541183	6000000011747763402
Q5541184	6000000012437693435
Q5541189	6000000005790664212
Q5541199	6000000017448174925
Q554122	6000000060769432827
Q5541242	6000000029262118132
Q5541254	6000000030265114226
Q5541257	6000000014698314132
Q5541261	6000000004198026165
Q5541264	6000000002188056246
Q5541266	6000000003772730540
Q5541279	6000000008550253317
Q5541304	6000000021430721625
Q5541307	6000000028702583741
Q554131	6000000014309246079
Q5541314	6000000003446296174
Q5541324	3413849
Q5541340	6000000020282345201
Q5541350	6000000009569086894
Q5541351	6000000026260212124
Q5541354	6000000079341606873
Q5541358	6000000008254767574
Q5541392	6000000000875478280
Q5541401	6000000005250222132
Q5541419	6000000000657903006
Q5541426	6000000017071909482
Q5541427	6000000103043572900
Q5541445	6000000026173080738
Q5541449	6000000018390567259
Q5541475	6000000006781473805
Q5541476	6000000026095601574
Q5541485	6000000013214933824
Q5541497	6000000030521602185
Q5541499	6000000061184306324
Q55415	6000000041614327542
Q5541503	6000000009567150522
Q5541508	6000000007864455290
Q5541509	6000000037124775320
Q5541511	6000000008925467447
Q5541517	6000000080780444838
Q5541518	6000000041739731223
Q5541526	6000000007370552578
Q5541527	6000000083834778211
Q5541528	6000000004973559816
Q5541539	6000000089337118155
Q5541542	6000000011717756193
Q55415629	6000000006836250417
Q55415630	6000000017264540245
Q5541566	6000000012435052896
Q5541570	6000000026420973305
Q5541587	6000000015258810294
Q5541595	6000000002665528125
Q5541617	6000000008871414634
Q5541621	6000000002831280381
Q554164	4063303
Q5541645	6000000006595615566
Q5541647	6000000030327456662
Q5541651	6000000002188536894
Q5541657	6000000007418691192
Q5541659	6000000064382835093
Q5541669	6000000011734445286
Q5541678	314032125370005906
Q5541682	6000000000076319468
Q5541686	6000000006444360190
Q55416881	6000000010868676982
Q5541697	6000000043440146486
Q55416998	6000000010868702821
Q5541710	6000000014586314334
Q5541711	6000000184514657455
Q5541718	6000000053023142910
Q5541723	6000000004079807145
Q5541724	6000000113333136849
Q5541729	6000000002684339110
Q5541739	6000000008249113839
Q5541745	6000000014169722342
Q554175	6000000003923443410
Q55417553	6000000121881746903
Q5541758	6000000013428045395
Q5541772	6000000018018727103
Q5541776	6000000003122804047
Q5541788	6000000156148762917
Q5541799	6000000055127606990
Q55418	6000000225586280945
Q5541811	6000000015300622650
Q55418192	6000000140323556918
Q55418208	6000000178406603879
Q55418282	6000000040895599101
Q55418301	6000000006725940048
Q55418318	6000000136325767832
Q55418335	6000000124624777853
Q5541834	6000000006784573645
Q55418372	6000000052061759832
Q55418394	6000000015761776632
Q5541840	6000000020320264184
Q55418404	6000000011842619024
Q55418409	6000000183744193870
Q5541845	6000000080869200835
Q55418453	6000000154832002918
Q55418457	6000000003022189916
Q55418467	6000000021106667356
Q5541860	6000000016513191256
Q5541861	6000000003147128864
Q55418637	6000000075268144856
Q55418643	6000000160995599850
Q5541866	6000000027014051215
Q55418676	6000000073400040253
Q55418678	6000000009516226459
Q5541868	6000000015714560842
Q5541869	6000000115437893822
Q55418712	6000000006901720758
Q55418722	6000000023235572090
Q55418736	6000000011616073662
Q55418747	6000000023910588488
Q55418785	6000000104519342877
Q55418836	6000000032547188725
Q5541884	6000000032036093329
Q55418857	6000000175767654840
Q55418871	6000000019072205079
Q5541896	6000000025361612948
Q55418967	6000000009984566354
Q5541898	6000000183827737822
Q55419	6000000015985291954
Q55419026	6000000061016236925
Q55419073	6000000003005488352
Q5541917	6000000011003850316
Q5541919	6000000003689410920
Q55419309	6000000017799799997
Q55419440	6000000023373488780
Q55419478	6000000037432773642
Q5541951	6000000010981358570
Q5541955	6000000007254304223
Q5541959	6000000012822225374
Q5541962	6000000038794120134
Q5541979	6000000030432616910
Q55420	6000000029694623714
Q5542009	6000000028762350102
Q5542012	6000000002758367547
Q5542015	6000000043011726328
Q55420230	6000000027531131153
Q5542024	6000000014826640988
Q5542029	4934621400450124155
Q5542038	6000000019290606684
Q5542070	6000000014681405300
Q5542071	6000000016321811337
Q554209	6000000177424338821
Q55421	6000000164025725891
Q5542101	6000000090404251831
Q5542102	6000000012301387936
Q5542128	6000000032527756647
Q5542143	6000000017275770177
Q55421436	6000000009349916758
Q5542164	6000000012761780813
Q5542194	6000000013617040220
Q55422	6000000026130962157
Q5542200	6000000001255734137
Q5542201	4547612326350032920
Q5542202	6000000015606509527
Q5542218	6000000081267155255
Q5542238	6000000000628424612
Q5542257	6000000016545775806
Q5542258	6000000000271564408
Q5542269	381178456360011265
Q5542274	6000000174747654260
Q5542283	6000000001633667482
Q55422832	6000000016443871261
Q55422892	6000000014815253706
Q5542292	6000000000830366884
Q5542299	6000000103719476839
Q5542304	4832534149250058433
Q55423207	6000000003076705393
Q55423265	6000000003076705416
Q5542342	6000000033843289379
Q5542399	6000000011171297200
Q5542410	6000000075948865824
Q5542447	6000000079213615909
Q5542459	6000000014949571781
Q5542478	6000000078847990758
Q5542480	6000000023712772159
Q5542486	6000000113453516851
Q5542487	6000000016481122018
Q5542490	6000000009951030283
Q5542491	6000000012851302310
Q5542499	6000000074797853821
Q5542503	6000000012181967443
Q5542506	6000000003161197320
Q55425178	6000000064850804071
Q5542544	6000000019039302828
Q5542547	6000000021263985660
Q5542551	6000000021264087295
Q5542554	6000000011490611926
Q5542557	6000000026817935084
Q5542558	6000000026817857392
Q5542559	6000000000300516844
Q5542564	6000000026817751457
Q5542569	6000000076930982344
Q5542570	6000000014576547161
Q5542571	6000000002024142002
Q5542572	6000000010554378203
Q5542573	6000000010240232152
Q5542574	6000000007293370456
Q5542575	6000000004079636481
Q5542576	6000000010554274982
Q5542578	6000000006127434756
Q5542579	6000000101135135912
Q5542589	6000000008897823126
Q554259	6000000086861533199
Q5542599	6000000008996957782
Q55426	6000000087363292896
Q5542607	6000000007247633305
Q5542611	6000000010022354742
Q5542617	6000000010062131852
Q5542622	6000000006127732217
Q5542625	6000000006127578412
Q5542628	6000000009401515923
Q5542632	6000000009726668887
Q5542635	6000000019043101049
Q5542638	6000000019043096176
Q55426386	6000000017091899203
Q5542641	6000000009605753521
Q5542649	6000000000931399697
Q5542653	6000000056939517055
Q554266	6000000119533022906
Q5542663	6000000013150960744
Q5542687	6000000009047657443
Q5542688	6000000040374969116
Q554269	1649141
Q5542700	6000000010321465964
Q55427044	6000000022274409266
Q5542711	6000000002188529964
Q5542714	6000000017982061183
Q5542716	6000000008630254913
Q5542727	6000000074295943025
Q5542731	6000000173112322430
Q5542735	6000000027877461890
Q5542751	6000000093895271832
Q5542759	6000000079321026209
Q5542760	6000000014063610049
Q5542772	6000000018879061378
Q554278	6000000003710431448
Q5542792	6000000000003325370
Q5542798	6000000031105778411
Q55428059	6000000006127732711
Q5542822	6000000003733886997
Q5542823	6000000063627974100
Q5542834	6000000042511816917
Q5542836	6000000002907039613
Q5542838	6000000009886623760
Q5542842	6000000002425153161
Q5542844	6000000003952206366
Q5542846	6000000026069873036
Q55428478	6000000019920866001
Q5542853	6000000013006384070
Q5542857	6000000019044311199
Q5542865	6000000015421887187
Q5542868	6000000001180223248
Q5542870	6000000006128072168
Q5542872	6000000049168584120
Q5542875	6000000008366930797
Q5542876	6000000184553326858
Q5542883	6000000000147279447
Q5542891	6000000008367372737
Q5542896	6000000007408541894
Q5542904	6000000009678601388
Q5542906	6000000029923293416
Q5542918	6000000085494462001
Q5542920	6000000009771984477
Q5542932	6000000014409047974
Q5542936	6000000013837408675
Q5542944	6000000014809576461
Q5542945	6000000002188517601
Q5542996	6000000029664807470
Q55430068	6000000045486613857
Q554301	6000000133393863822
Q5543013	6000000029204814263
Q5543039	6000000012771735259
Q5543043	6000000013028081153
Q5543052	6000000024928429979
Q5543056	6000000108303137907
Q5543057	6000000176655405887
Q5543060	6000000001259448313
Q5543063	6000000004627932112
Q5543075	6000000174562541836
Q5543081	6000000041117848994
Q5543082	6000000027524756739
Q5543134	6000000010573965307
Q554315	6000000031568445886
Q5543153	6000000003522729629
Q5543155	6000000038707843551
Q55431879	6000000145528347892
Q5543191	6000000003548207581
Q5543193	6000000013239571384
Q5543194	6000000011542659049
Q5543195	6000000011543698386
Q5543204	6000000014506316259
Q5543218	6000000001647932482
Q5543219	6000000016128747696
Q5543220	6000000072027484660
Q5543237	6000000019380242026
Q554324	6000000009356885404
Q5543242	6000000022820413342
Q5543245	6000000022783387548
Q5543259	6000000000214130935
Q5543261	6000000021625321779
Q5543274	6000000015765082436
Q5543285	6000000053663185983
Q5543295	6000000015798934138
Q5543297	6000000006295785929
Q55433	6000000003974162537
Q5543303	6000000058100657879
Q5543307	6000000009995568364
Q5543318	6000000095913090837
Q5543323	6000000019205741751
Q5543337	6000000023158110554
Q5543338	6000000015864589414
Q5543350	6000000029948757539
Q5543373	6000000028207550171
Q5543376	6000000002188458652
Q5543378	6000000024064608408
Q5543406	6000000183377818867
Q5543413	6000000004547840912
Q5543414	6000000150374004872
Q55434267	6000000017282149013
Q5543430	6000000006986013638
Q5543447	6000000009776172395
Q5543449	6000000009775701743
Q5543452	6000000008357063541
Q55434653	6000000011325811945
Q5543487	6000000017405250561
Q55435	6000000149234136180
Q5543509	6000000076287031958
Q5543533	6000000017619450118
Q5543534	6000000011121142745
Q5543560	6000000010828047472
Q5543568	6000000036508440426
Q5543572	6000000019045669995
Q5543576	6000000019046099069
Q554358	6000000180219782884
Q5543583	6000000039403399061
Q5543584	6000000039684287899
Q5543594	6000000022672520207
Q5543599	4686730
Q5543601	6000000082790223843
Q5543607	6000000012772118622
Q5543665	6000000055576487103
Q5543698	6000000105000014833
Q554370	6000000015466987441
Q5543700	6000000008006730201
Q5543710	6000000054288875834
Q5543740	6000000007086529001
Q5543742	6000000003747227550
Q5543755	6000000024105340935
Q5543757	6000000020157309267
Q5543767	6000000022952211894
Q5543771	6000000000007924139
Q5543777	6000000158102355848
Q55438	6000000136980086892
Q5543819	6000000028050788138
Q5543821	6000000009648578858
Q5543823	6000000014462451103
Q5543831	6000000003128888298
Q5543832	6000000028747292007
Q55438329	6000000183241747821
Q5543836	6000000028754193584
Q5543839	6000000001383009541
Q5543839	6000000041021799475
Q5543840	6000000047867688062
Q5543842	6000000018355401993
Q5543850	3054457
Q5543859	6000000003306128393
Q5543876	6000000077601897449
Q5543882	6000000007605413060
Q5543891	6000000007524635829
Q5543892	6000000099262560991
Q55438957	6000000080185164151
Q5543901	6000000037075583639
Q5543905	6000000000014363984
Q5543907	6000000027647658513
Q5543909	6000000019521611608
Q5543916	6000000002515856389
Q5543927	6000000030568169336
Q5543932	6000000107457417933
Q5543938	6000000049471898911
Q5543947	6000000001504570616
Q5543951	6000000006119520565
Q5543973	6000000015058526481
Q5543977	6000000017555920984
Q55439838	6000000011051351730
Q5543985	6000000015947287929
Q5544006	6000000010155770706
Q5544019	6000000001044932933
Q5544041	6000000009048686647
Q5544048	6000000054390518092
Q5544052	6000000012881037985
Q5544053	6000000020319345651
Q5544068	6000000041087609981
Q5544070	6000000004997558400
Q5544076	6000000048034267037
Q5544091	6000000031116589318
Q5544108	6000000013694792158
Q5544112	6000000023034242082
Q5544118	6000000024815938882
Q5544123	6000000086988934864
Q5544126	6000000018503382822
Q5544131	6000000024458941424
Q5544144	6000000020376654576
Q554416	6000000151133920920
Q5544188	362064757470007963
Q5544192	6000000072086700823
Q5544193	6000000006348666468
Q55441940	6000000036991928390
Q5544195	6000000075313545095
Q5544197	6000000017818584709
Q55442	6000000163367089850
Q5544201	6000000028188868555
Q5544223	6000000019197769753
Q5544230	6000000029625394918
Q55442319	6000000002802344471
Q5544239	6000000003891971107
Q5544266	6000000022891760126
Q5544269	6000000053076318943
Q5544273	6000000027900231275
Q5544274	6000000077550775860
Q5544283	6000000054422778906
Q5544287	6000000002928377428
Q5544290	6000000072646713584
Q5544294	6000000017838726571
Q5544298	6000000020625823101
Q554431	6000000016638115877
Q5544317	6000000004145200933
Q5544329	6000000013953796601
Q5544363	6000000009274963679
Q5544374	6000000157869133824
Q5544378	6000000116374351885
Q5544383	6000000055667897880
Q5544393	6000000034606182065
Q5544420	359093034540002386
Q5544422	6000000145839527827
Q5544426	6000000021647342367
Q5544429	6000000029473682226
Q5544430	6000000011741692299
Q5544431	6000000019183450791
Q5544433	6000000012282873234
Q5544434	6000000002045155360
Q5544435	6000000005331185018
Q5544436	6000000012238185688
Q5544437	6000000021647500201
Q5544443	6000000071665730829
Q5544445	6000000002188383748
Q5544472	6000000023478447176
Q5544489	6000000032934891264
Q5544499	6000000043967775939
Q5544520	6000000052475900868
Q5544525	6000000021099235097
Q5544534	6000000017228999783
Q554454	6000000009427116946
Q5544568	6000000018314996523
Q5544593	6000000013018347824
Q5544616	3940592298200029896
Q554464	6000000021519388141
Q55446402	6000000041689709399
Q5544663	6000000038762783372
Q5544666	6000000016383981518
Q5544670	6000000001402327890
Q5544672	6000000006563284759
Q5544692	6000000012807870763
Q5544693	6000000013497398828
Q5544700	6000000039777622877
Q5544702	6000000000112105331
Q5544715	6000000031834433300
Q5544722	6000000014711490669
Q5544724	6000000011851617129
Q5544725	6000000020945741287
Q5544737	3067824
Q5544741	6000000066597087942
Q5544745	6000000023513534303
Q5544753	6000000000566304087
Q5544756	6000000003975290296
Q5544758	6000000026420534323
Q5544759	6000000004333437226
Q5544760	6000000010806161324
Q5544773	6000000157652337829
Q5544778	6000000013663727275
Q5544779	6000000002447336375
Q5544782	6000000013663277764
Q5544784	6000000056512666879
Q55447948	6000000013731334882
Q5544835	6000000072735986874
Q5544847	6000000003366282442
Q5544861	6000000007408162212
Q5544871	6000000045139292836
Q5544908	6000000181087646827
Q554492	6000000000311762065
Q5544953	6000000009514258558
Q5544955	6000000029639595692
Q5544956	6000000036837114252
Q5544968	6000000019244549490
Q5544990	6000000025889343708
Q5544992	6000000030430225869
Q5544993	6000000017114638031
Q5544996	6000000012976298214
Q5545023	6000000015159820131
Q5545038	6000000156541602921
Q5545043	6000000177047084871
Q5545050	6000000012970932156
Q5545051	6000000016408738765
Q554506	6000000177694873889
Q5545073	6000000026448986287
Q55450927	6000000178308535863
Q5545103	6000000000847690744
Q5545104	6000000003263655371
Q5545115	6000000013471063508
Q5545126	6000000052053325864
Q5545131	6000000020376987490
Q5545132	6000000016881786076
Q5545133	6000000016881578401
Q5545147	6000000013222383729
Q5545156	6000000029079199928
Q5545165	6000000002649954217
Q55451657	6000000022609769555
Q55451797	6000000015945720147
Q55451835	6000000011612836736
Q55451928	6000000043648743035
Q5545198	6000000018193730418
Q55452	6000000006943019039
Q5545204	6000000001384348911
Q5545218	6000000000112100843
Q5545242	6000000148037680822
Q55452458	4318755618110030607
Q5545251	6000000020952138507
Q5545256	6000000010649512711
Q5545277	6000000010113153054
Q55452843	6000000116553608165
Q5545294	6000000002188551758
Q5545299	6000000018460287749
Q5545306	6000000019199182805
Q5545312	6000000004571339958
Q5545329	6000000066933707995
Q5545334	6000000005849616002
Q5545345	6000000003216058025
Q55453455	6000000003827474568
Q5545347	6000000008115327904
Q5545360	6000000021200128004
Q5545373	6000000037945744852
Q5545376	6000000006194341662
Q55453784	6000000022785030092
Q5545405	4658423628450061190
Q5545419	1460133
Q5545421	6000000026423875930
Q5545448	6000000020639465576
Q5545456	6000000019735274435
Q55454591	6000000037472538841
Q5545466	6000000008537085727
Q5545473	6000000006582531302
Q5545475	6000000065008874843
Q5545476	6000000024269229635
Q5545482	6000000014897391516
Q5545487	6000000040295741770
Q5545497	6000000002159797053
Q5545499	6000000003655925874
Q5545500	6000000000076316061
Q55455029	6000000039006575996
Q5545509	6000000005851370001
Q5545527	6000000033143450026
Q5545528	6000000079043773409
Q5545536	6000000012459291048
Q5545546	4015915591380041964
Q55455539	6000000090831461941
Q55455540	6000000097413910833
Q5545563	6000000038830982067
Q5545566	6000000012596767406
Q5545591	6000000034753297469
Q55456	6000000069481256897
Q554560	6000000009697433221
Q55456034	6000000125047871840
Q55456038	6000000021751498106
Q5545618	6000000021178123956
Q5545629	6000000042304977935
Q5545632	6000000017443064273
Q5545658	6000000206070357837
Q554566	6000000019298679181
Q5545661	6000000019522890024
Q5545668	6000000026009105654
Q5545724	6000000013208269773
Q5545742	6000000034193562313
Q5545771	6000000016294241806
Q55457904	6000000068241606946
Q5545797	6000000195567556822
Q55458	6000000150667097975
Q5545802	6000000014736791945
Q5545805	6000000002188674322
Q5545806	6000000010299527641
Q5545807	6000000018893201996
Q5545821	6000000020582812149
Q55458343	6000000001843120856
Q5545841	6000000002188674048
Q5545843	6000000010057112290
Q5545844	6000000005438481039
Q5545854	6000000016852445602
Q5545875	6000000013492380555
Q5545896	6000000031807134197
Q5545922	6000000000351068345
Q5545924	6000000011243568111
Q5545926	6000000033447094823
Q5545928	6000000033276791975
Q5545932	6000000008348211449
Q5545942	6000000065341821870
Q5545944	6000000028227360376
Q5545957	6000000012534761174
Q5545962	6000000026241591850
Q5545964	6000000034412979601
Q5545967	6000000034864547861
Q5546009	6000000003038136404
Q5546015	6000000001753420539
Q5546019	6000000021417404765
Q5546030	5543197283140079424
Q5546032	6000000004047281163
Q5546036	6000000000086342591
Q5546044	6000000121867758132
Q5546052	6000000014338524150
Q5546053	6000000014413724707
Q554610	6000000003892560571
Q5546144	6000000012657589540
Q5546157	6000000052959693240
Q5546159	6000000011064062715
Q5546160	6000000006582201639
Q5546186	6000000014749791224
Q5546188	6000000046228505963
Q55461991	6000000009581655860
Q554620	6000000002765747908
Q55462038	6000000060382619850
Q5546207	6000000006805051738
Q5546208	6000000051805600844
Q5546215	6000000007372983248
Q5546224	6000000016546070320
Q5546232	6000000007633299848
Q5546233	6000000031698454805
Q5546247	6000000021843330528
Q5546252	6000000008819838874
Q5546255	6000000035507737671
Q5546257	6000000000107071210
Q5546261	6000000046854231297
Q5546265	6000000021723923942
Q5546274	6000000040899150915
Q5546276	6000000017663111948
Q554629	6000000036209071788
Q5546297	6000000111183075880
Q5546305	6000000040076387214
Q5546310	6000000144771420063
Q5546312	6000000004047263119
Q5546317	6000000019419100535
Q5546336	6000000012383434916
Q5546342	6000000028615096417
Q5546349	6000000027209902081
Q5546350	6000000081043074967
Q5546356	6000000010726434375
Q5546383	6000000033865049811
Q55463855	6000000030520313773
Q5546389	6000000003523009221
Q5546392	6000000026175485124
Q55463948	4239979606750123987
Q5546432	6000000001877544967
Q5546460	6000000015292096041
Q55464623	6000000041366021134
Q5546475	6000000003951634272
Q55465	6000000176397904860
Q55465047	6000000030388892287
Q5546526	6000000006442207254
Q5546556	6000000028409881713
Q5546569	6000000002188526299
Q5546570	5051847210640132129
Q5546571	6000000011285268224
Q5546589	6000000018272821219
Q5546625	6000000196927729877
Q5546631	4485622520550061094
Q5546632	6000000071313472872
Q5546679	329962591950002483
Q5546680	6000000006101401827
Q5546685	6000000010380224257
Q5546688	6000000040754892040
Q5546689	6000000083501468804
Q554670	6000000017877675467
Q5546705	6000000083366569871
Q5546707	6000000016492126963
Q5546718	6000000003396298101
Q554679	6000000021390922913
Q55468	6000000068425802830
Q55468390	6000000135282136829
Q55468599	6000000007304528655
Q554689	6000000083247319567
Q55469	6000000010451955883
Q5546907	6000000002662933004
Q5546999	6000000020531557025
Q5547	6000000043263239915
Q554702	6000000015626930737
Q5547081	6000000036395355281
Q5547084	6000000025243439723
Q5547158	6000000034771764330
Q5547210	6000000010817401806
Q55472972	6000000180077057834
Q554730	6000000007180868255
Q5547306	6000000003591670681
Q5547309	6000000003085501484
Q5547319	5464030642890053717
Q5547336	6000000012975803732
Q5547358	6000000009615694570
Q5547362	6000000011410105499
Q5547372	6000000009427750881
Q5547396	6000000019785371826
Q5547407	6000000015391003357
Q5547425	6000000010264819503
Q55474304	6000000090828810643
Q554746	6000000024447430732
Q5547493	6000000041922401682
Q5547505	6000000008478183285
Q5547516	6000000006995714641
Q5547522	6000000001149462252
Q5547537	6000000008479042408
Q5547542	6000000019882593195
Q5547550	6000000008479653684
Q5547555	6000000008479339198
Q5547561	6000000061371033902
Q5547571	6000000001173226330
Q5547585	6000000001138249461
Q5547606	6000000019056434743
Q5547641	6000000018319458023
Q5547655	6000000126012167025
Q5547677	6000000057448483883
Q5547683	6000000018319191303
Q55476969	6000000022016899947
Q5547715	6000000026271219393
Q5547719	6000000026269699267
Q5547741	6000000017453032253
Q5547763	6000000174843105346
Q55477699	6000000003956966737
Q5547787	6000000008114108149
Q5547791	6000000016674810356
Q5547796	6000000000856099296
Q55478109	6000000006157909673
Q5547816	6000000147761504984
Q5547843	6000000019059395038
Q5547901	6000000173144873903
Q5547915	6000000093272285859
Q554792	6000000016349580573
Q5547923	6000000167834678830
Q5547967	6000000038458872253
Q5547992	6000000019067827077
Q5548000	6000000007167821893
Q5548004	6000000008667786937
Q5548010	6000000007168076331
Q5548047	6000000077867402895
Q5548097	6000000029695810946
Q5548098	6000000010515006539
Q5548099	6000000012554448215
Q5548105	6000000014902573262
Q5548121	6000000019569347142
Q5548182	6000000009402359888
Q5548205	6000000163714971821
Q554822	6000000038609531786
Q5548243	6000000002783012478
Q5548261	6000000006918521417
Q5548308	6000000024850480374
Q5548324	4796405918530123938
Q5548345	6000000120394654928
Q5548353	6000000031707326498
Q5548594	6000000020733023989
Q554860	6000000145230228269
Q5548600	4112994
Q5548655	6000000025810627514
Q5548663	6000000084808715904
Q5548691	6000000009637020733
Q5548696	6000000109499761872
Q5548713	6000000037476625041
Q55487460	6000000034588163354
Q5548860	6000000070268330858
Q5548897	6000000001502447400
Q5548901	6000000019262861829
Q5548915	6000000017668570507
Q5548928	6000000027570658593
Q5548930	6000000014423041700
Q5548940	6000000012123421763
Q5548958	6000000005694041007
Q5548986	6000000021973496807
Q5548987	6000000019426878504
Q5548996	6000000015396369188
Q554900	6000000123786392821
Q5549001	6000000029078813189
Q5549004	6000000015739752105
Q5549056	6000000065767521870
Q5549108	6000000166413578968
Q5549125	6000000001608959914
Q5549131	6000000003321227366
Q5549133	6000000004868937807
Q5549181	6000000015937632260
Q5549188	6000000023884090491
Q5549192	6000000028577721445
Q5549197	6000000052946681993
Q5549214	6000000005598962880
Q554923	364498431550002439
Q5549244	6000000138115551925
Q5549264	6000000003086738301
Q5549272	6000000022628674939
Q5549326	6000000073964749925
Q554933	6000000004629286323
Q5549340	6000000001447825276
Q5549348	6000000034236022697
Q5549352	6000000002188502692
Q5549386	6000000009984137220
Q55494161	6000000000305143096
Q5549449	6000000016415972934
Q5549544	6000000000351064379
Q5549593	6000000014256472126
Q5549622	6000000020377024281
Q5549632	6000000017847926270
Q5549668	6000000086470378936
Q55496725	6000000006206603259
Q55496742	6000000006206149818
Q5549678	6000000010503978074
Q55497	6000000009572953621
Q5549700	6000000003891727766
Q55497069	6000000032448024311
Q554971	6000000017105142114
Q5549747	6000000031742360689
Q554978	6000000058334884869
Q5549792	6000000006047907001
Q554988	6000000016155875526
Q55499506	6000000002774679823
Q55499633	6000000041166450825
Q55499652	6000000041166058669
Q555004	6000000015968767539
Q5550065	6000000007300205482
Q555008	6000000007471837562
Q55500945	6000000017595168900
Q555010	6000000019776331028
Q5550132	6000000011275767236
Q555015	6000000015133327263
Q5550185	6000000053120992960
Q5550189	6000000010057898136
Q5550208	6000000006166433041
Q5550209	6000000003086994504
Q55502221	6000000021210025115
Q55502258	6000000044268164727
Q5550333	6000000003352436724
Q55503711	6000000007617081017
Q555038	6000000163839339848
Q5550461	5346111190520026923
Q5550466	6000000077446690474
Q5550474	6000000046795617988
Q5550482	6000000025026298860
Q55504842	6000000014853842142
Q5550531	5645735778670128581
Q555056	6000000068369236861
Q5550694	6000000015374037377
Q5550696	6000000010070176361
Q55506998	6000000002668433018
Q5550729	6000000003022958162
Q5550741	6000000018027477980
Q5550765	6000000050773080909
Q5550773	6000000008023126799
Q5550786	6000000022346318183
Q55507958	6000000028605728615
Q5550904	6000000175743016846
Q55509159	6000000010354793622
Q5550938	6000000163834792887
Q555098	6000000097644654070
Q5550990	6000000023252737552
Q5550995	6000000010132664395
Q5551064	6000000011798191842
Q5551186	6000000013953370816
Q5551188	6000000001432653729
Q5551317	6000000021424257347
Q5551333	6000000001823740415
Q5551517	6000000008997187751
Q5551531	6000000010449146344
Q5551615	6000000015780426855
Q55516401	6000000011279008352
Q55517707	6000000006823550031
Q5551795	6000000034854848203
Q555182	6000000044338067040
Q55518456	6000000035155122818
Q5551905	6000000047354231015
Q55519845	6000000023063082224
Q555207	6000000005583310573
Q55520955	6000000037255271413
Q5552169	6000000000189731240
Q555226	6000000024837891188
Q5552279	6000000021848210811
Q5552297	6000000028339873427
Q5552318	6000000019090255382
Q5552354	6000000016482893961
Q555236	6000000013030583005
Q5552394	6000000022438137162
Q5552399	6000000024007560333
Q5552429	6000000001137691138
Q555246	6000000042469722642
Q5552491	6000000025039089821
Q5552501	6000000007167950656
Q5552582	6000000013061979162
Q5552587	6000000013914677128
Q555264	6000000042838320600
Q555271	6000000180254651823
Q5552733	6000000078037019062
Q55527369	6000000003827611991
Q555276	6000000044847051821
Q5552879	6000000004152771414
Q5552883	6000000009226229706
Q5552913	6000000054768996873
Q55529817	6000000017300603377
Q5553	6000000156872990822
Q5553059	6000000014390979304
Q5553076	6000000027894766502
Q555309	4206634373520051147
Q55530930	6000000116584845822
Q5553099	6000000012860179233
Q5553100	6000000056949316841
Q5553101	6000000006870616022
Q5553102	6000000080410858823
Q5553105	6000000007672065934
Q555313	6000000002188420411
Q5553142	6000000029775109004
Q5553212	6000000000077706929
Q555323	6000000020041579803
Q5553243	6000000011130991117
Q5553261	6000000025915287506
Q5553263	6000000002764344075
Q55532773	6000000066972883954
Q5553278	6000000020838393774
Q5553282	6000000012868383226
Q55532855	6000000049991316315
Q5553286	6000000041427052193
Q5553299	6000000050359570827
Q5553341	6000000078071230538
Q555336	6000000007777667467
Q5553366	6000000006823509705
Q5553375	292288680720004750
Q5553379	6000000013450535800
Q5553386	6000000015430603958
Q5553389	5299141810660030167
Q5553401	6000000026201034279
Q5553403	6000000002950142538
Q555341	6000000026067369822
Q5553416	6000000083770321905
Q5553465	6000000013371750374
Q5553468	6000000004079799876
Q5553476	6000000002447381564
Q5553477	6000000105783686316
Q5553525	6000000035120340273
Q555354	6000000010626400329
Q5553542	6000000081007015985
Q5553589	6000000024615521402
Q5553604	6000000179129649843
Q555362	6000000000307265456
Q5553662	6000000002549437160
Q5553726	5110299687380020995
Q555389	6000000018800157709
Q555403	6000000027822687387
Q55540355	6000000038365078334
Q555409	6000000003232543511
Q55540924	6000000048215266947
Q55541515	6000000094475966827
Q55541648	6000000154830668847
Q5554179	6000000013413189902
Q555421	6000000015252625084
Q5554253	6000000065236231829
Q555426	6000000017943251963
Q5554291	6000000013384018477
Q555434	6000000013343143045
Q5554595	6000000013105957830
Q5554680	6000000088427774928
Q5554786	6000000178685900901
Q5554828	6000000024140333716
Q555487	6000000027597242876
Q555498	6000000051451125845
Q5555048	6000000016384635918
Q555506	6000000016047301280
Q5555074	4751810715520129137
Q555508	6000000141109694824
Q5555123	6000000021213529822
Q555516	6000000002803052282
Q55551844	6000000083050397101
Q55551861	6000000070568628844
Q55551873	6000000055376999869
Q55551950	6000000020380386070
Q5555251	6000000019883671635
Q5555392	6000000017856790771
Q555541	6000000001510332557
Q5555450	6000000027050301828
Q55555152	6000000133235922828
Q5555650	6000000010806388684
Q555578	6000000159898596821
Q555588	6000000112879900891
Q555602	6000000003592291249
Q55560309	6000000024487695614
Q55560503	6000000024487785725
Q555613	6000000137809556114
Q5556149	6000000031716267877
Q555615	6000000042559698478
Q555633	6000000041773580253
Q5556348	6000000043907455703
Q5556388	6000000071222149231
Q5556396	6000000133693148866
Q555665	6000000001469860196
Q5556673	6000000050808526040
Q55566884	6000000178428375835
Q5556691	6000000021661112060
Q555672	6000000043282730242
Q5556756	6000000011239195705
Q5556760	6000000011406712817
Q55567964	6000000184627719835
Q5556801	6000000002990771563
Q5556836	6000000007511564027
Q555691	6000000122021658903
Q5556933	6000000024655054281
Q5556993	6000000009956036774
Q55571046	6000000002764431499
Q5557113	6000000028386242910
Q5557161	6000000004567026240
Q5557170	6000000019300881253
Q555720	6000000155863897822
Q555723	6000000000120214986
Q555730	6000000176791631843
Q5557304	6000000083854330839
Q5557308	6000000166183626041
Q5557317	6000000043546611101
Q5557332	6000000019355680514
Q5557339	6000000012626064830
Q5557347	6000000181403763951
Q555735	6000000016417980315
Q5557366	6000000005441228877
Q5557371	6000000006110829212
Q5557378	6000000001388822478
Q555738	6000000174900804494
Q5557408	6000000086234070911
Q5557444	6000000003249316874
Q5557470	6000000009365582928
Q5557473	6000000021077754805
Q5557477	6000000009364832737
Q5557532	6000000019071498401
Q5557536	6000000001035670903
Q5557596	6000000166750189880
Q5557673	6000000011766610346
Q5557725	6000000000424253843
Q5557791	6000000078877293879
Q555781	6000000029834587643
Q55578528	6000000003858754686
Q55578575	6000000013404354192
Q5557877	6000000031801822334
Q5557882	6000000163449708937
Q5557933	6000000093388540333
Q5557953	6000000026575855518
Q555817	6000000139436420917
Q5558202	6000000007416224989
Q5558271	6000000026810567540
Q555828	6000000140830629844
Q55583392	6000000018263389116
Q55583807	6000000178399786822
Q5558512	6000000026634533944
Q5558551	6000000012600436216
Q555856	6000000040648206866
Q5558566	6000000019928840597
Q5558571	6000000027358581795
Q5558574	6000000003150892305
Q5558580	6000000019078222734
Q5558583	6000000030946439522
Q5558586	6000000024654056922
Q5558604	6000000022756404450
Q55586128	6000000081767388167
Q555864	6000000017544588548
Q55586941	6000000050220586881
Q55587391	6000000026205984156
Q55587443	6000000007967192158
Q55587553	6000000027721914213
Q55587569	6000000055561735869
Q55587858	6000000000359637669
Q55587877	6000000043311425255
Q55587985	6000000071458734143
Q5558843	6000000015040986416
Q5558869	6000000006129048268
Q5558872	6000000015810538748
Q555890	6000000001617711715
Q5558911	6000000012958833461
Q5558915	6000000012619709069
Q5558919	6000000014529228605
Q5558924	6000000006902827405
Q55589754	6000000146035635934
Q555898	6000000065489108860
Q55589993	6000000016230023736
Q55590117	6000000171661129000
Q55590142	6000000174351692069
Q55590150	6000000001560430660
Q55590175	6000000026130317213
Q55590206	6000000151948621826
Q55590216	6000000014488546319
Q5559022	6000000017184780153
Q55590232	6000000007572135662
Q55590233	349798694680003885
Q55590524	6000000013431878459
Q55590541	6000000041572142774
Q555907	6000000008148839797
Q555910	6000000071371282855
Q55591721	6000000063157232977
Q5559176	6000000024331560908
Q5559228	6000000002814081094
Q5559244	6000000002813981631
Q555926	6000000000074565618
Q5559263	6000000010694849616
Q5559289	6000000080012355949
Q5559312	6000000042214295782
Q55593154	6000000017853680529
Q55593643	6000000027573191286
Q5559399	6000000057239838833
Q55594079	6000000016374816991
Q55594086	6000000007391549773
Q55594104	6000000008562607099
Q5559411	6000000001506686105
Q55594174	6000000008562607095
Q5559424	6000000010153983077
Q5559449	6000000029658028836
Q555945	6000000172892116969
Q5559454	6000000082242821035
Q55594587	6000000018086253374
Q5559459	6000000138058326107
Q55594594	6000000115282634885
Q55594624	6000000024156038423
Q55594625	6000000013248398891
Q55594626	6000000024985527370
Q55594628	6000000024388929112
Q55594631	6000000004590077368
Q55594632	6000000175159712972
Q55594634	6000000015583594656
Q55594635	6000000024985661234
Q55594636	6000000030618792477
Q55594637	6000000175050384878
Q55594639	6000000095434275876
Q55594642	6000000012891096488
Q55594644	6000000015712338422
Q55594645	6000000140204417098
Q55594649	6000000118089785832
Q55594650	6000000037904771168
Q55594653	6000000125332025836
Q55594665	6000000022714056900
Q55594700	6000000022713980864
Q55594704	6000000026077445596
Q55594722	6000000050937750900
Q55594723	6000000050937141952
Q5559522	6000000090132382882
Q555953	6000000150686604840
Q5559534	6000000048105935398
Q5559554	6000000003607756497
Q5559555	6000000007803189114
Q5559567	6000000010867055937
Q5559577	6000000008062308666
Q5559601	6000000061754604856
Q5559612	6000000034317050068
Q5559620	6000000000593027012
Q5559625	6000000004881527589
Q555963	6000000070659800003
Q5559649	6000000003858547485
Q5559661	6000000023264051359
Q5559672	6000000012796169726
Q5559677	6000000003938036844
Q555972	6000000023757662288
Q55597377	6000000084426130034
Q5559754	6000000018903169029
Q5559774	4229400542400122452
Q555978	6000000006803968458
Q5559790	6000000015542210675
Q5559798	6000000010793544697
Q5559803	6000000016814548044
Q55598194	6000000018089790371
Q55598997	6000000083160692533
Q55599024	286233911410004066
Q55599028	6000000082519105216
Q55599094	6000000038240538450
Q5559910	6000000022684508353
Q5559916	6000000026174656821
Q5559922	6000000024616621062
Q555993	6000000022710839980
Q5559956	6000000179512500848
Q5560007	6000000019091159314
Q5560011	6000000006590107072
Q5560016	6000000019090512792
Q5560022	6000000006590052943
Q5560057	6000000000420651767
Q5560063	6000000017719591938
Q5560067	6000000007277142746
Q5560073	6000000007225415152
Q5560079	6000000000700228080
Q556013	6000000012525381456
Q5560131	6000000019304823350
Q55603085	6000000183493092828
Q556034	6000000044123167833
Q5560342	6000000022629178087
Q55603587	6000000024799378128
Q55603597	6000000012936190815
Q5560391	6000000025361499482
Q5560419	6000000044368125905
Q5560431	6000000020799174926
Q55604608	6000000006815942507
Q5560519	6000000022395653663
Q5560552	6000000177442995864
Q55606175	6000000012632380964
Q5560622	6000000000622333325
Q55606278	6000000001360683068
Q55606308	6000000178608166823
Q55606468	6000000010703721575
Q55606494	6000000008417037220
Q5560657	6000000010796881575
Q556067	6000000032119700913
Q55607051	6000000076679835841
Q5560729	6000000010495935599
Q556073	6000000011060874155
Q5560755	6000000030949943344
Q5560789	6000000003023954383
Q5560798	6000000006907164075
Q55607999	6000000163825825044
Q5560837	6000000015763729147
Q5560839	6000000003725211097
Q5560848	6000000030440547338
Q5560894	6000000010241827948
Q5560909	6000000017224499865
Q5560922	6000000030246031235
Q5560925	6000000038663538190
Q5560942	6000000098811574850
Q5560945	6000000013441119227
Q5560960	5535004332160028097
Q5560963	6000000001165886399
Q5560967	6000000010370446558
Q5560968	6000000010370641472
Q5560980	6000000006444229667
Q55609835	6000000001301908710
Q5561028	6000000008028072610
Q5561029	6000000077510576309
Q5561042	6000000077510265735
Q5561046	6000000027086395788
Q5561056	6000000176536856832
Q55610572	6000000044398961834
Q5561063	6000000013048593480
Q5561066	6000000007557531339
Q5561070	6000000022084909920
Q5561074	6000000077511972052
Q5561088	6000000042003106995
Q5561102	6000000003205440242
Q55611055	6000000026550663238
Q5561110	6000000010422354374
Q5561111	6000000011624739868
Q5561113	6000000019092800522
Q5561115	6000000085705859007
Q5561118	6000000000019952626
Q55611573	6000000024976772024
Q5561169	6000000035346023434
Q5561196	6000000150625435892
Q5561198	6000000009316552529
Q5561207	6000000006101453322
Q556121	6000000178042808843
Q5561270	6000000006979041910
Q5561280	6000000012536326791
Q5561286	6000000006979145857
Q5561294	2002310
Q55613146	6000000001522992219
Q5561340	6000000007158101548
Q5561342	6000000026201133203
Q55613457	6000000178767056836
Q5561353	6000000026192235190
Q5561357	6000000026191722254
Q55613628	6000000039816932442
Q5561373	6000000026191890019
Q5561379	6000000026191767263
Q5561382	6000000002798425169
Q55614777	6000000097616621357
Q5561482	6000000024741711930
Q5561490	6000000148576684823
Q5561502	6000000024816369130
Q55615208	6000000024133268733
Q55615335	6000000049998880444
Q5561551	6000000012282902283
Q5561607	6000000008630249353
Q5561615	6000000000112118626
Q5561624	6000000008541588371
Q55616254	6000000020500488688
Q5561642	6000000032278818750
Q5561646	6000000033900921365
Q556165	5265760150910036709
Q5561653	6000000011541847993
Q5561663	6000000023400748172
Q5561675	6000000016359827426
Q55616762	6000000104850109828
Q5561679	6000000015842289524
Q5561708	6000000031367551304
Q5561710	6000000028491464047
Q5561711	6000000027110525887
Q5561714	6000000047365381855
Q5561722	6000000089859358881
Q5561735	6000000036888903914
Q5561737	6000000002135047263
Q5561769	6000000005597860813
Q5561786	6000000000889125861
Q55618340	6000000122565652914
Q55618682	6000000051316109057
Q55618869	6000000000934273406
Q5561994	6000000037060601014
Q5561998	6000000006265065051
Q5562074	6000000023851332813
Q5562099	6000000020790798749
Q5562197	6000000018098455433
Q5562335	6000000007448007272
Q55623651	6000000120984058033
Q5562374	6000000021846707232
Q55624366	6000000006952483107
Q5562482	6000000014166534383
Q5562492	6000000046809770162
Q55625470	6000000021801763956
Q5562564	6000000021857236163
Q5562579	6000000007025966290
Q5562586	6000000028893398780
Q55625928	6000000039358549109
Q55625954	6000000028731396849
Q55625954	6000000084096777850
Q5562598	6000000007318765242
Q5562605	6000000017616764401
Q5562608	6000000000099889840
Q5562612	6000000019741474734
Q55626132	6000000065587302040
Q556264	6000000157658940822
Q55626459	6000000026783585894
Q55626461	6000000002299737262
Q55626632	6000000028242500673
Q55627035	6000000014263913750
Q5562740	6000000000165006569
Q5562744	6000000001501429473
Q55628254	6000000030684768404
Q556283	6000000047372447174
Q5562888	6000000003274888364
Q5562890	6000000002736610064
Q5562894	6000000006127231356
Q5562903	6000000042395146957
Q5562909	805287
Q55629139	6000000081482392570
Q5562915	6000000005545740001
Q5562986	6000000165337644027
Q5562987	6000000007785281329
Q5563004	6000000049545722901
Q5563073	6000000024806296030
Q55631120	6000000062268644822
Q55631456	6000000077241450868
Q5563169	6000000033349663394
Q55631829	6000000079615890872
Q5563212	6000000163831040075
Q556325	6000000085577124826
Q55633100	6000000077305788075
Q556337	6000000145530084957
Q5563385	6000000165605259899
Q556343	381718677350011414
Q556346	6000000006713164632
Q5563572	6000000019624566564
Q55636	6000000034099220857
Q5563634	6000000163588822462
Q556367	6000000048129852884
Q5563696	6000000002271480310
Q55637	6000000016650241326
Q55637008	6000000024515448979
Q5563710	6000000002696832264
Q55637703	6000000007294114404
Q55637799	6000000027597615734
Q55637848	6000000018610143163
Q55638148	6000000027597815378
Q556384	6000000042727237854
Q5563860	6000000041472462856
Q5563862	6000000021870656921
Q5563867	6000000068981597962
Q5563884	6000000019493690300
Q5563907	6000000006127159308
Q55639153	6000000031848184415
Q55639180	6000000196829576847
Q5563931	6000000022890391067
Q55639399	6000000047755807383
Q55639607	6000000003075821514
Q55639635	6000000018323877319
Q5563964	6000000006595591723
Q5563972	6000000028049858109
Q5563978	6000000183612153822
Q5563983	6000000020445557226
Q55639837	4236547026380122924
Q5563987	6000000019105448214
Q5563991	6000000019105555150
Q5563995	6000000065543059883
Q5563999	6000000006590135479
Q556400	6000000091332910181
Q5564004	6000000026796632287
Q556401	6000000174301413044
Q5564010	6000000006590141907
Q55640142	6000000006376677599
Q5564029	285640246410003190
Q556404	6000000001675866117
Q5564042	6000000090989844851
Q55641148	6000000077953954875
Q5564138	6000000003782252517
Q5564148	6000000003666717465
Q5564157	6000000015653979620
Q5564234	6000000015232179638
Q5564253	6000000017947618703
Q5564387	6000000021041196765
Q55644919	6000000003219762119
Q556451	6000000153591676827
Q55645410	6000000013431764925
Q55647220	6000000007012542106
Q55647247	4464589012670081700
Q55647494	6000000035845994047
Q5564771	6000000068980501844
Q55647911	4004771
Q55647920	4004699
Q55648079	6000000005918880535
Q55648444	6000000025982941841
Q55648918	6000000006712167456
Q5564911	5254038781340071824
Q55649144	6000000002067905733
Q5564944	6000000026045079361
Q5564968	6000000012468310353
Q55649758	6000000009388176349
Q55649814	6000000002673651509
Q55649894	6000000003510034070
Q556499	6000000078213395936
Q55649904	6000000024076364060
Q55650003	4113664
Q55650520	6000000001744877823
Q55650682	6000000042809592416
Q5565126	6000000074700918127
Q5565210	6000000006425089820
Q5565212	6000000008962069600
Q5565219	6000000007359565313
Q5565221	6000000006127752255
Q5565230	5380268382840117473
Q5565233	6000000006127473525
Q5565237	6000000006944792233
Q5565241	6000000006944505900
Q5565248	6000000008164162651
Q5565266	6000000013376066982
Q55652771	6000000024093521695
Q55652973	6000000052709229134
Q5565302	6000000076411178009
Q5565305	6000000000180094246
Q556534	6000000015735182965
Q55653414	6000000063223823893
Q5565367	6000000069211597860
Q55653754	6000000112756901822
Q55653798	6000000225785029062
Q5565391	6000000030792174102
Q55654028	6000000018305569793
Q55654045	6000000006878830960
Q55654078	6000000016352398020
Q5565422	6000000149942517876
Q5565427	6000000156414403936
Q5565457	6000000156481433825
Q5565469	6000000176629224954
Q5565521	6000000076609428054
Q5565556	6000000000350865009
Q55655627	6000000017547504053
Q55655763	6000000011641090285
Q55655765	6000000014559598715
Q55655932	6000000011969026656
Q55656152	6000000115428800949
Q55656338	6000000009936422483
Q55656415	6000000012568316370
Q5565647	6000000014983073636
Q5565653	6000000015319327638
Q55656606	6000000112431070174
Q55656739	6000000197229487876
Q55656850	6000000013407551131
Q5565686	6000000006128227956
Q5565689	6000000007365340985
Q5565692	6000000006128227943
Q5565704	6000000010324089777
Q5565830	6000000002011219847
Q5565842	6000000023524105844
Q556585	6000000020331384016
Q5565890	6000000002159582008
Q556591	6000000013689800747
Q5565912	6000000002810136340
Q5565923	6000000084813930934
Q5566027	6000000006821986885
Q5566036	6000000073429148866
Q5566039	6000000006127607318
Q5566043	6000000006822379194
Q55661716	6000000087430714856
Q5566383	6000000044746795076
Q5566391	6000000013613051967
Q5566400	6000000016003120488
Q5566409	6000000010602108248
Q5566422	6000000021632529003
Q5566436	6000000011516462414
Q556644	6000000043993963858
Q5566457	6000000092577802962
Q5566467	6000000069267713825
Q5566471	6000000018338276280
Q5566514	6000000019112939949
Q5566549	6000000003107440414
Q5566575	6000000012901804039
Q5566578	6000000012901814584
Q5566928	6000000179571724854
Q55670260	6000000027330744381
Q55670304	6000000003244362812
Q55670851	6000000018828140410
Q55670856	6000000039374745633
Q55670859	6000000013330339448
Q55670860	6000000017892238627
Q5567104	6000000016026754425
Q55671573	6000000019152274522
Q55672581	6000000009628286423
Q5567264	6000000016032786237
Q55672979	6000000004216867726
Q556731	6000000108116122842
Q55673347	6000000081838828061
Q55673464	6000000025623116280
Q55673474	6000000045996388956
Q55673482	6000000088043183844
Q55673516	6000000029778361262
Q55673530	6000000059272215071
Q55673566	6000000181754465847
Q55673594	6000000002764937258
Q55673598	6000000009954798631
Q55673599	6000000012673997529
Q55673601	6000000031784096254
Q55673613	6000000024644383681
Q55673616	6000000038497967252
Q55673621	6000000040318060833
Q55673624	6000000023794463842
Q55673664	6000000007014468377
Q55673680	6000000025580049011
Q55673694	6000000044111177821
Q55673704	6000000016907210828
Q55673724	6000000172123071053
Q55673774	6000000103289553893
Q55673804	6000000022925054166
Q55673810	6000000030747104835
Q55673838	6000000059996804891
Q55673881	6000000023953417223
Q55673893	6000000069206674853
Q55673897	6000000033929738015
Q55673924	6000000027529581007
Q55673932	6000000054865219917
Q55673955	6000000019079813181
Q55673978	6000000085196263910
Q5567400	6000000032280303218
Q5567405	6000000032280467140
Q55674051	6000000034956052464
Q55674065	6000000037736542881
Q55674097	6000000043963105692
Q55674102	6000000030915882937
Q55674105	6000000064626584822
Q55674108	6000000034159478457
Q55674113	6000000082515624522
Q5567413	6000000180759978825
Q55674134	6000000057638660194
Q55674145	6000000023224581507
Q55674146	6000000032803627168
Q55674148	6000000044550038868
Q55674163	6000000087835229931
Q55674173	6000000019452312018
Q55674181	6000000010043151720
Q55674185	6000000185909282829
Q55674196	6000000210063150852
Q55674197	6000000115150255867
Q55674210	5176269730010059269
Q55674215	6000000027722109480
Q55674232	6000000028181980512
Q55674246	6000000098870764953
Q55674247	6000000009597751132
Q55674248	6000000025720991998
Q55674252	6000000091808159977
Q55674288	6000000114035183970
Q55674305	6000000019895958933
Q55674309	6000000037644995662
Q55674310	6000000178689806882
Q55674320	6000000014854011273
Q55674373	6000000026122587849
Q55674397	6000000069056822864
Q55674420	6000000077104485444
Q55674422	6000000201304096833
Q55674423	6000000015382766647
Q55674427	6000000015198904997
Q55674443	6000000003032172852
Q55674457	6000000004848632265
Q55674469	6000000010380548757
Q556745	6000000003681180104
Q55674505	6000000181739748822
Q55674516	6000000024638525945
Q55674530	6000000001782302076
Q55674542	6000000002178108261
Q55674550	6000000178918365843
Q55674552	6000000162039986888
Q55674554	6000000084615229881
Q55674567	6000000013389630057
Q55674574	6000000027010891939
Q55674582	6000000104876451251
Q55674603	6000000035121785725
Q55674604	6000000001902672416
Q55674647	6000000041803640011
Q55674674	6000000026884330760
Q55674712	6000000048843540847
Q55674716	6000000001731987946
Q55674736	4760768416110120198
Q55674754	6000000084123553055
Q55674755	6000000013621086301
Q55674759	6000000024386216436
Q55674766	6000000011472908853
Q55674768	6000000054427819905
Q55674773	6000000020702391688
Q55674775	6000000078307894917
Q55674807	6000000012697604281
Q55674810	6000000140104249433
Q55674825	6000000167973695951
Q55674833	6000000019203999962
Q55674840	6000000030469053946
Q55674849	6000000058155711866
Q55674855	6000000056809531880
Q55674886	6000000023854960318
Q55674889	6000000036157780195
Q55674895	6000000025135410988
Q55674897	6000000075420564899
Q55674906	6000000029144585080
Q55674928	6000000056219654891
Q55674966	6000000166014464837
Q55674971	6000000026140764294
Q55674998	6000000016163803237
Q55674999	6000000011162070591
Q55675034	6000000022804817063
Q55675062	6000000026353984961
Q55675064	6000000016296383887
Q55675087	6000000002765113862
Q55675091	6000000013278954613
Q55675102	6000000057247510862
Q55675111	6000000031118473191
Q55675114	6000000078808463484
Q55675120	6000000006921359401
Q55675125	6000000084320779069
Q55675130	6000000023828660465
Q55675143	6000000048698062232
Q55675145	6000000007890234659
Q55675167	6000000030406135864
Q55675170	6000000015660095625
Q55675173	6000000009225396788
Q55675197	6000000010358118698
Q55675201	6000000080399670840
Q55675203	6000000178878602832
Q55675244	6000000004095944326
Q55675246	6000000073596342120
Q55675257	6000000019412780873
Q55675268	6000000032785139974
Q55675271	6000000028047181414
Q55675275	6000000047051007887
Q55675311	6000000103224894114
Q55675321	6000000057089840834
Q55675322	6000000026828775518
Q55675323	6000000059957050937
Q55675343	6000000016750181659
Q55675358	6000000023910569209
Q55675407	6000000180928657824
Q55675422	6000000023813386014
Q55675432	6000000024631809621
Q55675438	6000000021805967451
Q55675442	6000000021239234321
Q55675468	6000000069493452960
Q55675541	6000000029976959919
Q55675558	6000000022665320102
Q55675611	6000000061372119957
Q55675614	6000000164105048828
Q55675616	6000000133563914857
Q55675635	6000000064432365872
Q55675642	6000000181337809869
Q55675650	6000000002765651970
Q55675695	6000000055761959032
Q55675714	6000000095230968936
Q55675739	6000000053755738963
Q55675746	6000000018185888369
Q55675765	6000000054318594123
Q55675774	6000000034485997258
Q55675820	6000000098224525849
Q55675876	6000000071445713867
Q55675884	6000000128835784833
Q55675887	6000000035561321772
Q55675893	6000000030211953777
Q55675927	6000000023275651963
Q55675972	6000000025571898261
Q55676000	6000000026815672340
Q55676033	6000000008199221088
Q55676062	6000000019316738745
Q55676075	6000000002803049962
Q55676115	6000000020378726188
Q55676130	6000000035561598241
Q55676142	6000000072799107926
Q55676144	6000000085718576039
Q55676148	6000000181762691822
Q55676191	6000000033560921391
Q55676204	6000000076322566900
Q55676270	6000000074449815890
Q55676293	6000000055242083047
Q55676294	6000000004096070634
Q55676320	6000000000157562587
Q55676323	365087485110012806
Q55676347	6000000011409879398
Q55676352	6000000011727446067
Q55676385	6000000210103309842
Q55676390	6000000045599527112
Q55676415	6000000108098843360
Q55676420	6000000016182014615
Q55676433	6000000020351512564
Q55676451	6000000016237665184
Q55676453	6000000015321857213
Q55676454	6000000029362211098
Q55676459	6000000009705148217
Q55676469	6000000016758659660
Q55676475	6000000035411115544
Q55676487	6000000026050293423
Q55676489	6000000039131226008
Q55676514	6000000009359371463
Q55676524	6000000064361731054
Q55676544	6000000024449299934
Q55676547	6000000090422008162
Q55676553	6000000112632054934
Q55676554	6000000182437819822
Q55676563	6000000103406101969
Q55676579	6000000083977279485
Q55676588	6000000014384848342
Q55676594	6000000071161717053
Q55676637	6000000055341152883
Q5567664	6000000056463509301
Q55676647	6000000062534273827
Q55676660	6000000129508521841
Q55676685	6000000069964231030
Q5567669	6000000179910691822
Q55676699	6000000000818476479
Q55676754	6000000037715979195
Q55676769	6000000059829208083
Q55676782	6000000081106184186
Q55676783	324793666860005474
Q55676785	6000000174537498027
Q55676794	6000000077662382169
Q55676796	6000000002765668666
Q55676813	6000000113388342823
Q55676820	6000000050110743896
Q55676823	6000000059992847895
Q55676834	6000000035142775303
Q55676835	6000000081176920714
Q55676838	6000000025737766659
Q55676864	6000000006293947295
Q55676866	6000000007535675992
Q55676926	6000000084546115891
Q55676929	6000000124539956838
Q55676964	4443393
Q55676966	6000000084249862066
Q55676986	6000000181103922821
Q55677011	6000000071312696547
Q55677017	6000000007390423383
Q5567704	6000000034756410902
Q55677091	6000000171832376353
Q55677098	6000000017065361533
Q55677107	6000000084736426547
Q55677125	6000000083536544306
Q55677164	6000000015679457907
Q55677179	6000000115578508874
Q55677188	6000000027388367863
Q55677227	6000000015876994633
Q55677233	6000000029860254672
Q55677281	6000000051251764090
Q55677282	6000000041233400108
Q55677284	6000000007014458524
Q55677291	6000000060237619853
Q55677296	6000000037873716879
Q55677394	6000000168132595032
Q55677396	3971385670780030851
Q55677398	6000000042037696251
Q55677404	6000000001995207158
Q55677412	6000000083865426143
Q55677420	6000000134930577881
Q55677422	6000000017072836606
Q55677428	6000000084025202230
Q5567745	6000000022930056029
Q55677483	6000000073191692451
Q55677488	6000000026174460190
Q55677493	6000000178385354833
Q55677497	6000000035911525796
Q55677519	6000000024473948588
Q55677521	6000000025780831764
Q55677541	6000000077233402824
Q55677560	6000000179881498912
Q55677561	6000000015031102016
Q55677590	6000000031556432349
Q55677597	6000000181026223890
Q55677599	6000000116616113159
Q55677632	6000000078553474667
Q55677646	6000000185658158003
Q55677650	6000000025525422035
Q55677657	6000000039576167893
Q55677665	6000000066592279020
Q55677678	6000000020448545343
Q55677679	6000000001961819806
Q55677680	6000000005041697341
Q55677687	6000000072068757353
Q55677693	6000000139428285952
Q55677697	6000000027610870990
Q55677702	6000000043830502355
Q55677708	6000000016073794697
Q55677717	6000000015509601815
Q55677727	6000000018917783445
Q55677737	6000000104556156697
Q55677742	6000000179607570825
Q55677744	6000000032071137207
Q55677767	6000000022759338730
Q55677831	6000000071861427934
Q55677833	6000000058142162905
Q55677835	6000000002764488013
Q55677866	6000000026727491131
Q55677878	6000000033647918087
Q55677895	6000000054815780850
Q55677907	6000000007014376910
Q55677930	6000000024330866407
Q55677932	6000000036899362538
Q55677941	6000000027084676395
Q55677955	6000000010832369608
Q55677972	6000000002215915691
Q55677976	6000000024893572266
Q55677979	6000000020758479506
Q55677992	6000000008300786361
Q55678005	6000000010531806577
Q55678008	6000000043048185442
Q55678015	6000000026518377222
Q55678022	6000000007969120935
Q55678023	6000000053671565843
Q55678035	6000000177679336893
Q55678040	6000000133085820821
Q55678052	6000000075585270112
Q55678083	6000000075364213849
Q55678098	6000000011408323803
Q55678099	6000000011409634201
Q55678106	6000000003601069861
Q55678108	6000000179713334850
Q55678127	6000000073704013915
Q55678133	6000000013318638388
Q55678148	6000000011909970707
Q55678158	6000000039214017121
Q55678200	6000000064039612867
Q55678207	6000000035183859108
Q55678267	6000000023893762644
Q55678292	6000000049561938490
Q55678331	6000000171919580962
Q55678367	6000000021067227667
Q55678378	6000000024551873915
Q55678405	6000000027954217405
Q55678407	6000000070291733967
Q55678420	6000000038014436987
Q55678448	6000000038635538217
Q55678452	6000000179256272828
Q55678468	6000000091051004845
Q55678495	6000000055287372008
Q55678518	6000000029781699156
Q55678584	6000000145847961889
Q55678613	6000000034414549450
Q55678616	297061524290002800
Q55678627	6000000008416486833
Q55678655	6000000040182472642
Q55678665	6000000172730274120
Q55678684	6000000031500474556
Q55678767	6000000181578542824
Q55678772	6000000018948288600
Q55678803	6000000066605520848
Q55678808	6000000108722607034
Q55678875	6000000017641564828
Q55678876	6000000180546089225
Q55678951	6000000112874079057
Q55678976	6000000045328078867
Q55679012	6000000180956913825
Q55679066	6000000135077412822
Q55679145	6000000083043112342
Q55679158	6000000068989717902
Q55679166	6000000059620137211
Q5567917	6000000035767087649
Q55679211	6000000045041024346
Q55679212	6000000019744923902
Q55679219	6000000109744036983
Q55679226	6000000001745554016
Q55679261	6000000093491731249
Q55679290	6000000064618285087
Q55679312	6000000018559260489
Q55679313	6000000130993594143
Q55679333	6000000041894704077
Q55679372	6000000004097643399
Q55679405	6000000180299476872
Q55679454	6000000016213544306
Q55679477	6000000135639162098
Q55679493	6000000010725708984
Q55679539	6000000095110819866
Q55679545	6000000014997511231
Q55679567	6000000089030915787
Q55679609	6000000001360129688
Q5567967	6000000082022005152
Q55679677	6000000007280365874
Q55679696	6000000092124152930
Q55679706	6000000029157927277
Q55679737	6000000126429519824
Q55679786	6000000011615962025
Q55679798	6000000049391109872
Q55679813	6000000015612254469
Q55679838	6000000180128414826
Q55679840	6000000068855666859
Q55679864	6000000026011312643
Q55679874	6000000016553613916
Q55679877	6000000139555086837
Q55679884	6000000086480788211
Q55679891	6000000176532350827
Q55679894	6000000113764384301
Q55679907	6000000178777406829
Q55679912	6000000097956503826
Q55679913	6000000056464370902
Q55679918	6000000016431403148
Q55679955	6000000019846301011
Q55680004	6000000126479570826
Q55680101	6000000106988740100
Q55680103	6000000091852690407
Q55680114	6000000015636229128
Q55680116	6000000025000130311
Q55680122	6000000012823720980
Q55680165	6000000025652837633
Q55680177	6000000092342402078
Q55680182	6000000041274528617
Q55680191	6000000180230880866
Q556802	6000000027857733239
Q55680221	6000000065859913080
Q55680239	6000000124502547875
Q55680279	6000000026426015334
Q55680291	6000000057575358916
Q55680299	6000000103304936873
Q55680319	6000000012205972309
Q55680341	6000000025101534394
Q55680355	6000000023867439013
Q55680357	6000000059874040993
Q55680361	6000000009918885328
Q55680369	6000000038982134852
Q55680370	6000000182301697852
Q55680373	6000000002764373884
Q55680384	6000000030315952799
Q55680385	6000000016308200709
Q55680414	6000000041236351555
Q55680451	6000000002765673183
Q55680460	6000000017349053258
Q55680475	6000000020437131652
Q55680479	6000000011433711145
Q55680515	6000000027298661763
Q55680532	319809943800002233
Q55680553	6000000004096116245
Q55680607	6000000182446468853
Q55680612	6000000038960528883
Q55680624	6000000073342887115
Q55680628	6000000168913441828
Q55680652	6000000027877601036
Q55680657	6000000076847257698
Q55680684	6000000084077392460
Q55680712	6000000031206559268
Q55680720	6000000062450961829
Q55680742	6000000020348342135
Q55680743	6000000045597903862
Q55680746	6000000021336971014
Q55680770	6000000002802416622
Q55680777	6000000077477976001
Q55680794	6000000012846577074
Q55680817	6000000029284625666
Q55680818	6000000030000969543
Q55680819	6000000028726142878
Q5568083	6000000014754612166
Q55680831	6000000051631808134
Q55680840	6000000071233577966
Q55680845	6000000077837945852
Q55680849	6000000007077468819
Q55680882	6000000020669901101
Q55680889	6000000038262801434
Q55680898	6000000076895710695
Q55680911	6000000031317355403
Q55680918	6000000004170634867
Q55680934	6000000019066184488
Q55680967	6000000003774725451
Q55680988	6000000098514349834
Q55681001	6000000068741883015
Q55681035	6000000010353747224
Q55681072	6000000054862772986
Q55681077	6000000059315719180
Q55681100	6000000025401504190
Q55681109	6000000002830117237
Q55681122	6000000093914044882
Q55681128	6000000025563530692
Q55681157	6000000184137120828
Q55681290	6000000016395419968
Q55681291	6000000016235521118
Q55681325	6000000109827757974
Q55681328	6000000024348112534
Q55681337	6000000024530030716
Q55681373	6000000013082711835
Q55681402	6000000022922753230
Q55681429	6000000134669731844
Q55681430	6000000118595841883
Q55681453	6000000093914015838
Q55681463	6000000008446975328
Q556815	6000000077280743262
Q55681511	6000000082601468089
Q55681512	6000000059453152002
Q55681523	6000000061094248063
Q55681526	6000000133001318825
Q55681531	6000000002955206529
Q55681566	6000000043831090444
Q55681589	6000000037762360079
Q55681604	6000000008658424646
Q55681613	6000000040220574742
Q55681643	6000000019479913007
Q55681648	6000000013753678375
Q55681652	6000000173499050284
Q55681653	6000000030886932449
Q55681674	4393990904950122750
Q55681679	6000000025781289834
Q55681729	6000000025889793653
Q55681734	6000000061512529919
Q55681738	5517311203240124004
Q55681786	6000000071784099594
Q55681793	6000000000810093880
Q55681797	6000000086881624830
Q55681821	6000000071656674833
Q55681822	6000000071664211976
Q55681841	6000000173501333821
Q55681885	6000000019446324820
Q5568189	6000000009404797018
Q5568192	6000000003997660726
Q55681922	6000000075953188676
Q55681942	6000000143812930332
Q5568197	6000000006128279072
Q55681974	6000000020641241110
Q55681978	6000000001082817511
Q5568200	297791937500008003
Q55682028	6000000002764519641
Q5568204	6000000009404615042
Q5568208	6000000008294135889
Q5568212	4919049312770059090
Q5568216	6000000006128124789
Q55682168	6000000183744454833
Q55682177	6000000039975800760
Q5568219	6000000003467136455
Q55682216	6000000014783112421
Q5568222	4919155471140058471
Q5568226	6000000011852041517
Q55682261	6000000180254041906
Q55682328	6000000000144917080
Q55682332	6000000019298345881
Q5568234	6000000037644869821
Q55682402	6000000143187366850
Q55682418	6000000030261427047
Q55682421	6000000073588419260
Q55682425	6000000073588406351
Q55682507	6000000032369715937
Q55682508	6000000020221173994
Q55682519	6000000033890136863
Q55682523	6000000096586194834
Q55682535	6000000024831863956
Q55682544	6000000008972091962
Q55682574	6000000040993319622
Q55682607	6000000000490114526
Q55682610	6000000140768010844
Q5568264	6000000002799765243
Q55682646	6000000111731480824
Q55682658	6000000127353056879
Q55682662	6000000070645994013
Q55682664	6000000084342492840
Q55682694	6000000038443024895
Q55682733	6000000189545162832
Q55682741	6000000137929320821
Q55682742	6000000022963716205
Q55682747	6000000068746013984
Q55682751	6000000021341295439
Q55682752	6000000035066290282
Q55682770	6000000182939394856
Q55682783	6000000043307378311
Q55682840	6000000012664317168
Q55682843	6000000016348432224
Q55682852	6000000064926945921
Q55682901	6000000008390538353
Q55682989	6000000005405195380
Q55683001	6000000000092914655
Q55683026	6000000033845540243
Q55683079	6000000001127161771
Q55683095	6000000046278296848
Q55683110	6000000007080834697
Q55683122	6000000009944019844
Q55683128	6000000038917916838
Q55683142	6000000085510157850
Q55683149	6000000030032882320
Q55683166	6000000003026337718
Q55683182	6000000031840787552
Q55683203	6000000002485451828
Q55683238	6000000071002814865
Q55683241	6000000097794404849
Q55683246	6000000099577667161
Q55683257	6000000182992072842
Q55683264	6000000114574499284
Q55683271	6000000038766934794
Q55683277	6000000180840700825
Q5568330	6000000002799568920
Q55683307	6000000026104659717
Q55683326	6000000006112615311
Q55683341	6000000032146378718
Q55683350	6000000049806739821
Q55683380	6000000018193870328
Q55683393	6000000001504371105
Q55683394	6000000004097094388
Q55683399	6000000054910922822
Q55683426	6000000021763352888
Q55683429	6000000018367978611
Q55683450	6000000126226438889
Q55683459	6000000018997370262
Q55683475	6000000083953989515
Q55683490	6000000074333573969
Q55683499	6000000080700127988
Q55683500	6000000023972966240
Q55683506	6000000037794057421
Q55683515	6000000033374977874
Q55683518	6000000020881560003
Q55683550	6000000015422150316
Q55683582	6000000036589838882
Q55683585	6000000076722641834
Q55683599	6000000007171712268
Q55683626	6000000084615830155
Q55683682	6000000022734579274
Q55683703	6000000007453741933
Q55683736	6000000103009368060
Q55683750	6000000033286478945
Q55683757	6000000102069421843
Q55683768	6000000024320732617
Q55683778	6000000048689881078
Q55683784	6000000004096128085
Q55683817	6000000012915733325
Q55683821	6000000018869178799
Q55683822	6000000014515995248
Q55683823	6000000016503494020
Q55683824	6000000027523079564
Q55683846	6000000018979218492
Q5568389	6000000114994782943
Q55683897	6000000016432261253
Q55683928	6000000015739600385
Q55683945	6000000039304522804
Q55683977	6000000002764672691
Q55683980	6000000089500738827
Q55683984	6000000130495949854
Q55684003	6000000072801352833
Q55684047	6000000028819112050
Q5568405	6000000111905545962
Q55684054	6000000024434419878
Q55684079	4527017737830089617
Q5568408	6000000008549095996
Q55684083	6000000018591099406
Q55684099	6000000041808090845
Q55684102	6000000077053815392
Q55684120	6000000083730113203
Q55684131	6000000054688393840
Q5568415	6000000029056000176
Q55684151	6000000002042548976
Q55684154	6000000021158884914
Q55684166	6000000020793338193
Q55684171	6000000008839026717
Q55684192	6000000178093218852
Q55684195	6000000005773375440
Q55684222	6000000068091528831
Q55684237	6000000020697883307
Q55684260	6000000021185304534
Q55684263	6000000043632088905
Q5568428	6000000109895589115
Q55684331	6000000020706156942
Q55684336	6000000136094231850
Q55684337	6000000033670657101
Q5568434	6000000008551025733
Q55684347	6000000028062602386
Q55684348	6000000020899085808
Q55684349	6000000137598751119
Q55684350	6000000016303857254
Q55684363	6000000024105440070
Q55684367	6000000082638093018
Q55684368	6000000076902079682
Q5568437	6000000062110118087
Q55684382	6000000077641416184
Q55684384	6000000175888686833
Q55684391	6000000181458493845
Q55684399	6000000027755030957
Q5568440	6000000018521604491
Q55684403	6000000021756089598
Q55684405	6000000026017045011
Q55684406	6000000048005133887
Q55684416	6000000016307576648
Q55684417	6000000016307947230
Q55684418	6000000016308190223
Q55684420	6000000016304249421
Q55684421	6000000009478020266
Q55684429	6000000037593509551
Q55684436	6000000057894281118
Q55684453	6000000020655939299
Q5568447	6000000029320218414
Q55684477	6000000000310869478
Q55684484	6000000181880426835
Q55684486	6000000023773976636
Q55684496	6000000015248607757
Q55684497	6000000020948259691
Q55684507	6000000024723612043
Q55684529	6000000008840248990
Q55684530	6000000021708089968
Q55684537	6000000011357775973
Q5568454	6000000009805554216
Q55684546	6000000076914006580
Q55684587	6000000020794463423
Q55684591	6000000018358756094
Q55684596	6000000024973816674
Q55684600	6000000036814633994
Q55684612	6000000020020828868
Q55684614	6000000077052792307
Q55684650	6000000080888611788
Q55684660	6000000024916474962
Q55684673	6000000013218273246
Q55684705	6000000070268419182
Q55684719	6000000055241913880
Q55684743	6000000040147843134
Q55684766	6000000001177306286
Q55684769	6000000036984234338
Q55684789	6000000008341287199
Q55684822	6000000021237859918
Q55684845	6000000002764953835
Q55684872	6000000004095811655
Q55684873	6000000040309893697
Q55684909	6000000020602935184
Q55684919	6000000000848245063
Q55684926	6000000024976137263
Q55684972	6000000081248871821
Q55684978	6000000069424603121
Q55685020	6000000010084603678
Q55685022	6000000016407052093
Q55685035	6000000034431200141
Q55685038	6000000024035386751
Q55685048	6000000065053188913
Q55685074	6000000034412663892
Q55685081	6000000020210394050
Q55685098	6000000020952239965
Q55685115	6000000077662409269
Q55685118	6000000021335143930
Q55685119	6000000023441816978
Q55685121	6000000006322534418
Q55685132	6000000076902924009
Q55685151	6000000020756792417
Q55685152	6000000014443994412
Q55685178	6000000010027528649
Q55685203	6000000058422497957
Q55685206	6000000073816827873
Q55685216	6000000013166479375
Q55685219	6000000027615677838
Q55685221	6000000022350023232
Q55685234	6000000029330651383
Q55685272	6000000062533908821
Q55685280	6000000031120110572
Q55685291	6000000033852218633
Q55685292	6000000021442034257
Q55685304	6000000064023043883
Q55685314	6000000025643317847
Q55685320	6000000001782356276
Q55685324	6000000029910035958
Q55685330	6000000057681321825
Q55685348	6000000003484245903
Q55685349	6000000031928837723
Q55685350	6000000027949963491
Q55685365	6000000049596433830
Q55685372	6000000059494877897
Q55685377	6000000002764937343
Q55685416	6000000003495136061
Q55685422	6000000031852403426
Q55685430	6000000088499365976
Q55685431	6000000020406653176
Q55685436	6000000001699523420
Q55685445	6000000114485697879
Q55685453	6000000041937550453
Q55685467	6000000002775799172
Q55685474	6000000013248993668
Q55685480	6000000006286627277
Q55685504	6000000041134552093
Q55685533	6000000002802349502
Q55685534	6000000009414514615
Q55685535	6000000021167960836
Q55685537	6000000020375120144
Q55685557	6000000120108362821
Q55685574	6000000059931344090
Q55685582	6000000024971042871
Q55685592	6000000026250101330
Q55685594	6000000033392567031
Q55685612	6000000059828565927
Q55685617	6000000023940090271
Q55685624	6000000078200190352
Q5568569	6000000021278266963
Q5568656	6000000134168842821
Q5568658	6000000016732133657
Q5568666	6000000032785805025
Q55686822	6000000041006972564
Q55686931	6000000007888226045
Q556870	5155757957260058284
Q5568788	6000000101856180847
Q556880	6000000013415502680
Q5568803	6000000066596738221
Q55688130	6000000002322681773
Q5568833	6000000004154479378
Q5568836	6000000000038689791
Q5568842	6000000031115030310
Q556885	6000000013967752960
Q5568869	6000000093256951917
Q5568945	6000000009659169558
Q55689454	6000000045700291150
Q5568965	6000000019908805030
Q5568972	6000000006568703201
Q5568976	6000000033193270143
Q5568990	6000000006128111844
Q5569035	6000000027542561077
Q5569101	6000000022246851630
Q5569143	6000000003479254402
Q5569165	6000000046353887543
Q5569194	6000000009562041171
Q55691997	4490039901900022183
Q5569210	6000000014615370418
Q556932	6000000012176078564
Q55693975	6000000013100499791
Q5569413	6000000010585546012
Q5569477	6000000009199221145
Q5569505	6000000014341192953
Q556951	6000000023039260299
Q55695129	6000000046754098888
Q5569527	6000000007663997276
Q55695621	6000000079798052562
Q55696160	6000000015240874113
Q55696473	6000000006877912997
Q5569710	6000000019124113995
Q5569715	6000000019124130851
Q5569743	6000000021989859585
Q5569773	6000000004293759756
Q5569776	6000000008118648044
Q5569780	6000000019124946187
Q5569785	4305865062820055367
Q5569790	6000000019372589917
Q5569793	6000000009185783683
Q5569835	6000000008996398880
Q5569838	6000000019255032008
Q5569846	6000000019124879506
Q5569850	6000000008996708512
Q5569981	6000000007510377168
Q5569998	6000000003885415237
Q557	6000000027420412414
Q5570015	6000000019860211762
Q5570057	6000000005391231935
Q5570095	305408018890001470
Q557019	6000000181627755825
Q5570209	6000000057839034824
Q557026	6000000015626935913
Q5570376	6000000012459095142
Q55704	6000000015245336758
Q5570408	6000000011218957226
Q557049	334407500240012807
Q5570504	6000000026495821192
Q5570566	6000000029541390401
Q557057	6000000076291799881
Q5570570	6000000013310317405
Q557066	3018186
Q5570669	6000000019275346931
Q55707049	6000000132303346836
Q557074	6000000018736146666
Q55707618	6000000020470637448
Q5570784	6000000011033267375
Q55708	6000000171744815220
Q5570801	6000000080403953989
Q5570808	6000000004842852586
Q557081	6000000032300063735
Q5570812	6000000018137760157
Q5570888	6000000003205515088
Q5570892	6000000003147617194
Q5570904	6000000003667415371
Q557091	6000000012616123811
Q5570931	6000000011593945394
Q5570937	6000000019299570688
Q5570995	6000000015321412828
Q5570999	6000000015321401639
Q5571048	6000000012124448684
Q5571080	6000000124316635967
Q5571116	6000000019173079114
Q5571119	6000000006127564356
Q5571126	6000000010048746579
Q5571128	6000000007426735585
Q5571133	1966669
Q5571164	6000000026056399037
Q557117	6000000006944320572
Q5571174	6000000021885627361
Q5571192	6000000003720086975
Q5571198	6000000013984937135
Q5571203	6000000007426366085
Q5571210	6000000162256226821
Q55712233	6000000009103269583
Q5571227	6000000036551105016
Q5571237	6000000003459831774
Q557124	6000000014474036243
Q5571248	6000000034982990018
Q55712536	6000000023709059864
Q5571256	6000000081029556904
Q5571274	6000000007688328500
Q55712847	5135733108460036289
Q55712997	6000000017671260691
Q5571309	6000000040930424075
Q5571314	6000000058265423932
Q5571319	6000000022781432743
Q5571324	6000000048168239930
Q5571325	6000000007321349080
Q5571329	6000000016252550676
Q55713368	6000000025039642935
Q5571337	6000000003276788523
Q557134	6000000030909458068
Q55713641	6000000029711192013
Q5571370	6000000063159771860
Q5571370	6000000085504704934
Q5571375	6000000011673227201
Q5571379	6000000149549469024
Q557138	6000000135729202833
Q5571383	6000000017649850465
Q5571388	6000000056412392958
Q55713886	6000000042951564977
Q5571391	6000000174197769935
Q5571397	6000000081997908259
Q5571405	6000000016892693120
Q5571409	365964101940007000
Q55714174	6000000028091835380
Q5571424	6000000016893897662
Q5571427	6000000010298725915
Q5571454	6000000110566954462
Q5571456	6000000184056917864
Q5571465	6000000010593018677
Q5571466	6000000023055290588
Q5571482	6000000003455762287
Q55714854	6000000051711606225
Q5571517	6000000018056317040
Q5571534	6000000071236197222
Q5571541	6000000011002549976
Q5571545	6000000058414952918
Q5571604	6000000008533488626
Q55716290	6000000139438456851
Q5571646	6000000025023646750
Q5571657	6000000004146032212
Q5571660	6000000010579978389
Q5571682	6000000008779134371
Q5571716	6000000003503532356
Q5571742	6000000020583677584
Q55718	6000000039632750657
Q5571830	6000000136498677821
Q55718343	6000000010432516289
Q5571900	6000000007737524296
Q55719229	6000000002335188470
Q5571945	6000000024762010246
Q55719951	6000000023288141793
Q55719958	6000000034588220844
Q55719967	6000000072027298397
Q55719970	6000000037110206761
Q55719976	6000000026068032434
Q55720	375384606500002749
Q55720013	6000000148128905109
Q55720018	6000000112386727026
Q5572002	6000000019175346827
Q55720033	6000000011147778534
Q55720048	6000000043494886676
Q55720099	6000000001356964878
Q55720103	6000000012420969926
Q55720105	6000000013062373424
Q55720114	6000000018650445836
Q55720114	6000000179754075834
Q55720131	6000000198327644878
Q55720135	6000000056742261866
Q55720140	6000000013126782891
Q55720140	6000000078492717879
Q55720164	6000000082536057966
Q55720165	6000000012787072826
Q55720171	6000000012492491572
Q55720184	6000000005052700854
Q55720207	6000000062827096895
Q55720211	6000000080986932016
Q55720214	6000000069784030880
Q55720230	6000000026649756202
Q55720231	6000000028816680583
Q55720283	6000000022122664458
Q55720294	6000000048847272821
Q55720295	6000000041191566481
Q55720298	6000000174001905821
Q55720302	6000000013910768095
Q55720308	6000000131171288825
Q55720308	6000000176564014824
Q55720320	6000000040345468051
Q55720326	6000000001402609740
Q55720348	6000000003249272188
Q55720359	6000000002660566874
Q5572037	6000000018961524292
Q55720374	1649222
Q5572041	6000000001627064187
Q55720483	6000000032983871851
Q5572052	6000000007158499316
Q55720571	6000000005929135496
Q55720587	6000000000320658335
Q55720593	6000000002258189238
Q55720615	6000000016236200641
Q55720618	6000000027171425932
Q55720620	6000000012548555935
Q55720625	6000000003939180687
Q55720653	6000000049382652869
Q55720656	6000000176619949864
Q55720671	6000000049827753839
Q55720672	6000000002866281936
Q55720680	6000000041305449554
Q55720696	6000000097132988858
Q55720717	6000000013386614432
Q55720720	6000000057429505939
Q55720736	6000000044488541833
Q55720738	6000000015694203251
Q55720750	6000000003940700954
Q55720761	6000000009697261636
Q5572078	6000000018962427052
Q55720805	6000000032936300691
Q55720808	6000000145241302889
Q55720812	6000000036998271137
Q5572082	6000000017166013945
Q55720824	6000000047906843989
Q55720861	4525638575730123344
Q55720862	6000000038321269178
Q55720865	6000000003216093657
Q55720885	6000000000124520508
Q55720912	6000000019160867084
Q55720914	6000000175998202828
Q55720927	6000000041056003709
Q55720931	6000000002954034785
Q55720937	6000000005597557430
Q55720944	6000000009668965134
Q55720959	6000000032655634332
Q55720994	6000000072067146351
Q55720999	6000000101799259821
Q55721000	6000000137603596821
Q55721012	6000000015887516924
Q55721023	6000000131761193872
Q55721033	619016
Q55721037	6000000012679333681
Q55721039	6000000051906115012
Q55721045	6000000154863440924
Q55721051	6000000047473859896
Q55721066	5422450907800106420
Q55721074	6000000002906997675
Q55721078	6000000038246684525
Q5572108	6000000001666811062
Q55721084	6000000029322313676
Q55721092	6000000001489832479
Q55721136	6000000113065202998
Q55721139	6000000009523400099
Q55721153	6000000017195458823
Q55721175	6000000003040701217
Q55721231	6000000198080656857
Q55721273	6000000111266433179
Q55721285	6000000145157130822
Q5572130	6000000004114712909
Q55721312	6000000026518011561
Q55721369	6000000028748776133
Q5572137	6000000031551070850
Q55721378	374178804780012211
Q55721383	6000000017378847476
Q55721398	6000000005597939387
Q55721404	6000000024478102374
Q55721405	6000000006839180042
Q55721436	6000000008231407461
Q55721444	6000000175813117848
Q5572145	6000000007131671432
Q55721468	6000000038856119345
Q55721470	6000000010057864143
Q55721491	6000000024033498912
Q55721517	6000000007283421733
Q55721519	6000000013401974828
Q55721530	6000000142120008916
Q55721560	6000000185213915858
Q55721564	6000000002716738393
Q55721580	6000000081018593063
Q5572171	5673381138300102153
Q55721753	6000000101466720845
Q5572190	6000000004317074939
Q557220	6000000029324544020
Q5572204	6000000002810717038
Q5572211	6000000069425677875
Q5572222	6000000018807790885
Q557223	6000000006240838585
Q5572230	6000000029488766221
Q5572279	6000000181198822882
Q55723	6000000041772142914
Q55723134	6000000025039767875
Q5572363	6000000013027737810
Q5572406	1051731
Q5572477	6000000010458552655
Q5572550	6000000181511244853
Q5572568	6000000005909704406
Q5572583	6000000015432310373
Q55725946	6000000051326522465
Q55725951	6000000072233222821
Q55726002	6000000009140088634
Q55726159	6000000085859650876
Q55726161	6000000020243561686
Q5572625	6000000081548508058
Q5572635	6000000011927367586
Q5572648	3369661
Q5572656	6000000007041419187
Q5572702	6000000010448852303
Q5572707	6000000015657868923
Q5572824	6000000024160970147
Q5572843	6000000013354666920
Q55729	6000000041376003821
Q5572926	6000000006128133651
Q55729485	6000000024791634428
Q5572987	6000000188259877824
Q5573016	6000000013043550066
Q5573026	6000000124776538911
Q557305	6000000031922158465
Q5573088	6000000000759429058
Q5573143	6000000177872006827
Q5573147	6000000177211840836
Q5573237	347767058270011288
Q5573251	6000000006158205282
Q5573300	6000000011140730108
Q5573323	6000000088875740978
Q5573378	6000000006910391239
Q5573388	6000000006595562591
Q5573455	6000000106274234861
Q5573458	6000000030065948837
Q5573495	6000000123922309846
Q5573531	6000000041279729211
Q5573538	6000000012992303700
Q5573541	6000000037542394358
Q557355	6000000092762275822
Q557360	6000000004054483469
Q5573612	6000000103420844824
Q5573616	6000000001450231809
Q55736380	6000000026830199083
Q5573651	6000000034719838586
Q5573679	6000000014520827193
Q5573690	6000000031893533317
Q55736971	6000000085030380260
Q557375	6000000020746985844
Q55737626	6000000006235646194
Q5573763	6000000014653555101
Q5573767	6000000075214758176
Q5573776	6000000022324181164
Q5573781	6000000050740461827
Q5573790	6000000018186809103
Q5573833	6000000003219793647
Q5573836	6000000003272899339
Q55738497	6000000035067404851
Q55738695	6000000177535828836
Q55738709	6000000024536352922
Q5573885	6000000011377035908
Q5573886	6000000019699173914
Q5573898	6000000006242431712
Q55739006	6000000029515728827
Q55739105	6000000023296453693
Q55739122	6000000011446728956
Q55739143	6000000023296732942
Q55739147	6000000028896722540
Q5573924	6000000012821057224
Q55739347	6000000028625128238
Q55739353	6000000023682055930
Q5573938	6000000045329634940
Q55739468	6000000176574478845
Q55739546	6000000018644654223
Q5573958	6000000058185266865
Q5573988	6000000088884527850
Q5573994	6000000017497448384
Q55740135	6000000026600860174
Q55740326	6000000156829088849
Q55740449	6000000008472871268
Q55740503	6000000007014414419
Q55740860	6000000072405586180
Q55741030	6000000180093425844
Q5574107	6000000011534488513
Q5574112	6000000009869249319
Q5574176	6000000002309829549
Q557419	6000000013343247730
Q5574193	6000000061130758920
Q5574196	6000000000156013722
Q5574206	6000000037923918592
Q5574217	6000000055594306924
Q5574222	6000000023103800374
Q55743	6000000015668171382
Q557436	6000000012570165490
Q5574360	6000000070780293822
Q55743631	6000000002130205002
Q55743655	6000000073749973986
Q55743661	6000000176395026976
Q55743685	6000000023064854871
Q55743733	6000000012808655776
Q55743749	6000000008952352532
Q55743754	6000000021941327248
Q55743767	6000000081194427311
Q55743822	6000000031270182093
Q55743944	6000000009029763753
Q557443	6000000073399423102
Q5574460	6000000138759597018
Q5574553	6000000034720631011
Q5574572	6000000018254235320
Q5574577	6000000018252400777
Q5574598	6000000018260819531
Q55746007	6000000008989214298
Q5574601	6000000018255094193
Q5574604	6000000018254291869
Q5574618	6000000018254117668
Q557463	6000000013343436225
Q5574648	6000000021757669248
Q5574680	6000000080774497983
Q5574686	6000000025098853310
Q5574694	4506871564040025046
Q5574697	6000000009456402447
Q5574702	6000000019456308374
Q5574707	6000000193658292823
Q55747208	6000000014373308222
Q557482	6000000010029216099
Q5574857	6000000003273396011
Q557489	6000000166924029822
Q557491	6000000002188424299
Q5574966	6000000163051305825
Q5575089	6000000010675249388
Q5575095	6000000009153896419
Q5575098	6000000003782869070
Q5575104	6000000014960669333
Q5575113	6000000000472979801
Q5575123	6000000000465972546
Q5575153	6000000017516349117
Q5575191	6000000003089370298
Q55752208	6000000073370713840
Q55752214	6000000050562602833
Q55752787	6000000008205863407
Q557531	6000000001591904173
Q55753459	6000000015915536222
Q55753471	6000000001579457784
Q55753483	2847441
Q55753506	6000000179122804856
Q55753525	6000000017445268795
Q55753556	6000000042146117354
Q55753564	6000000145949096913
Q55753572	6000000175546185840
Q55753579	6000000077245862326
Q55753620	6000000080583374317
Q55753954	6000000000422981159
Q55754026	6000000024791737898
Q55754075	6000000006341803105
Q55754171	6000000012578463522
Q55754245	6000000012942981449
Q55754316	6000000172476684644
Q55754317	6000000172476537129
Q55754320	6000000198931279884
Q55754462	6000000207286203815
Q55754469	6000000038000858531
Q55755001	6000000186133088916
Q557551	6000000020171595221
Q5575510	6000000027382225939
Q557556	6000000019146551337
Q5575580	6000000001801796027
Q5575583	6000000006765189344
Q55755872	6000000002507560701
Q5575593	6000000001329520025
Q5575600	6000000006127744635
Q5575607	6000000001801755169
Q557561	6000000011337135661
Q5575615	6000000003962156085
Q5575631	6000000001870702725
Q5575635	6000000003174748171
Q5575638	6000000003961938588
Q55756455	6000000034930950336
Q55756754	6000000006276178183
Q55756913	6000000006276117395
Q557575	6000000195622722862
Q55758117	6000000000955990248
Q55758183	6000000000954232250
Q55758282	6000000000623808226
Q55758521	6000000014968045725
Q5575855	6000000015791919895
Q5575879	6000000020679325289
Q5575893	6000000006126982471
Q55759041	6000000008450425749
Q5575909	6000000000333761423
Q55759109	6000000017998983511
Q5575914	6000000000539546781
Q55759225	6000000004319566154
Q55759243	6000000003005485612
Q55759606	6000000018586995796
Q5575981	6000000033032810055
Q55759876	6000000016587159435
Q5575993	6000000032115207202
Q557600	6000000011151896708
Q5576001	6000000018711088914
Q557601	6000000183999099826
Q55760299	6000000008604675790
Q5576032	6000000172716361341
Q557605	6000000008843528857
Q55761	6000000172533347175
Q55761022	6000000054369831833
Q5576143	6000000015415217771
Q5576215	6000000022796101293
Q5576219	6000000084322747884
Q5576231	6000000041740338446
Q5576242	6000000030426829776
Q5576250	6000000019160480826
Q5576257	6000000037102367269
Q55762880	6000000004654672389
Q55762894	6000000003995003723
Q5576344	6000000001351675693
Q5576348	6000000014705573496
Q5576370	6000000008771025951
Q5576375	6000000011651412527
Q5576380	6000000013514418104
Q5576391	6000000015718640206
Q5576399	6000000026024052876
Q5576407	6000000177770938851
Q55764179	6000000016821671614
Q5576418	6000000027541319997
Q5576423	6000000037887528116
Q5576447	6000000029741708856
Q5576467	6000000107081877990
Q5576493	6000000021224794010
Q5576507	6000000033077562067
Q5576519	6000000026094791123
Q5576533	4065811836970071402
Q5576536	6000000002618533122
Q5576547	6000000005436735213
Q5576548	1968769
Q55765588	6000000002650554424
Q5576561	6000000002601866292
Q5576571	6000000038286803777
Q5576573	6000000013106142711
Q55765768	6000000012437328822
Q5576607	6000000094294489045
Q5576645	6000000110272006147
Q55766527	6000000022614426726
Q55766632	6000000011569554289
Q55766832	6000000009636498788
Q55767	6000000007550730013
Q55767069	6000000003668475181
Q5576725	6000000011421693528
Q55767397	3242997
Q55767738	6000000017884780119
Q55767797	6000000178337536866
Q55768044	6000000028066064761
Q55768135	6000000004061565267
Q55768411	6000000016695002905
Q55768511	6000000022934034050
Q55769019	6000000061591309822
Q55769051	6000000055267731917
Q55769109	6000000000321416608
Q55769116	6000000068329115837
Q55769127	6000000004111163984
Q55769465	6000000002379011128
Q55769495	6000000003615845863
Q55769502	6000000061281283144
Q55769529	6000000006202068051
Q55769608	6000000087120421855
Q55769617	6000000103419215112
Q55769643	348693656830003714
Q55769732	6000000075246190697
Q55769859	6000000061281145310
Q557699	6000000036470740817
Q5576993	6000000011607073230
Q5577	6000000006803436186
Q5577001	6000000080951094909
Q55770148	4371182407720064491
Q55770267	6000000001383009626
Q55770790	6000000013440479524
Q55770974	6000000058733926998
Q5577098	6000000032556697175
Q557711	383305922940007586
Q5577120	6000000016918786062
Q55771261	6000000172459432071
Q5577152	6000000006128206519
Q55771529	6000000017716131189
Q55771532	6000000059605648010
Q55771782	6000000051955092138
Q55772	6000000016047871071
Q55772148	6000000013440247942
Q5577219	6000000012821363376
Q55772217	6000000156866579905
Q5577222	6000000002600369943
Q55772330	6000000112765994821
Q55772345	6000000037579204304
Q557726	6000000047586458031
Q5577263	6000000088067735909
Q55772910	6000000020389471764
Q55772945	6000000008533150490
Q5577295	6000000016877464300
Q557730	6000000065115185845
Q5577306	6000000026425163054
Q5577319	6000000090693438855
Q55773264	6000000172246358798
Q55773444	6000000006286385012
Q5577360	6000000038190402203
Q5577366	6000000034978372982
Q5577376	6000000009246405057
Q557738	6000000124780180998
Q5577382	6000000017972705366
Q5577388	6000000026421400929
Q5577408	6000000026421104278
Q5577444	6000000024513831794
Q55774619	6000000008908810171
Q5577465	6000000038190585995
Q55775	6000000036534456149
Q5577516	6000000028888389220
Q5577534	6000000033538262488
Q55775445	6000000033206967074
Q557760	6000000166018843822
Q5577602	6000000006128227811
Q5577653	6000000029350886740
Q5577683	6000000031616467030
Q5577694	6000000009417568075
Q5577703	6000000006236580513
Q5577709	6000000009476051204
Q5577769	6000000016247713221
Q5577778	6000000020206765398
Q5577796	6000000019853407263
Q5577806	6000000019840533589
Q5577811	6000000061196467823
Q5577836	6000000021026235857
Q5577862	6000000084971027928
Q5577909	6000000014955905559
Q557792	6000000017317594154
Q557795	6000000142783633821
Q5577956	6000000043072286105
Q5577980	6000000027664222961
Q5577986	6000000027661563637
Q557801	6000000036691188057
Q5578015	6000000018975875424
Q5578043	6000000008526693860
Q5578055	6000000000518989277
Q5578058	6000000033235912965
Q5578065	6000000010629302428
Q5578078	6000000013503215853
Q5578086	6000000033236037859
Q5578088	6000000109741130822
Q5578116	6000000013503070997
Q5578126	6000000013715528374
Q55781293	6000000000215491217
Q5578133	6000000085084972763
Q5578149	6000000131447868843
Q5578242	6000000032201853125
Q5578262	6000000016910811161
Q55782725	6000000006280861046
Q5578294	6000000175209263103
Q5578298	6000000175209965842
Q5578351	6000000166178791979
Q5578363	6000000012898794308
Q5578369	6000000013152745337
Q5578375	6000000001011012012
Q557843	6000000001801422384
Q5578534	6000000183347452838
Q5578552	6000000014319709910
Q5578762	6000000024005895573
Q5578778	6000000005383833665
Q5578784	6000000019652049380
Q55789337	6000000130488996834
Q5578986	6000000018117631079
Q557910	6000000063542831821
Q55791220	6000000022644017762
Q55791362	6000000002188598537
Q5579167	6000000032396016984
Q55792088	6000000002188444795
Q5579211	6000000022814515223
Q5579215	6000000024544518501
Q5579223	6000000022814177462
Q55792313	6000000016454450436
Q5579260	6000000026145321595
Q557930	6000000002802960262
Q5579313	6000000084260426109
Q5579321	6000000018646914774
Q5579380	6000000004587121084
Q5579406	6000000165032868047
Q5579417	6000000017895642836
Q5579435	6000000001098043196
Q5579452	6000000021908589230
Q5579470	6000000013373308598
Q5579524	6000000165984322876
Q557954	6000000141071326843
Q55796	6000000007443942591
Q5579650	6000000006270512063
Q5579684	6000000081989132848
Q5579706	6000000152702081885
Q5579717	6000000011553810540
Q55797176	6000000023991205403
Q5579721	6000000021811285225
Q5579732	6000000121241642948
Q5579998	6000000043412325051
Q5580	6000000011021199413
Q55800	6000000009948468501
Q5580030	6000000001950981568
Q5580109	6000000026434700733
Q5580193	6000000013092990404
Q5580297	6000000000014054414
Q5580332	6000000031951242625
Q5580341	6000000025526454978
Q5580347	6000000094077730846
Q5580381	6000000020546635080
Q558044	6000000010362966754
Q55804865	6000000104648362983
Q5580490	6000000031421804850
Q5580503	6000000007532413254
Q5580507	6000000006911627092
Q5580511	6000000004870648619
Q5580519	6000000007532410361
Q558054	6000000082609736955
Q5580666	6000000188519275914
Q5580703	6000000006127985923
Q5580714	6000000015975213841
Q5580720	6000000083638179130
Q55807497	6000000053642725876
Q5580824	6000000013135859351
Q5580827	6000000013135781155
Q5580842	6000000007924761476
Q55808473	6000000104318828107
Q55808562	6000000016331492296
Q5580871	6000000009762910000
Q55808767	6000000184029443823
Q5580881	6000000011536457635
Q5580888	6000000006127120913
Q5580892	6000000020865415341
Q5580906	6000000001777678028
Q5580921	6000000010543545378
Q5580925	6000000148863015027
Q5580929	6000000001709565457
Q5580933	6000000000923535042
Q55809547	6000000006727800262
Q558097	6000000136894170848
Q55809757	6000000156487367860
Q55810074	6000000018272447406
Q558101	6000000010887303898
Q5581012	6000000013109282684
Q558104	6000000017727824076
Q55810416	6000000129657597934
Q5581049	6000000077100753051
Q55810490	6000000016458513196
Q5581164	6000000004161086211
Q5581178	6000000000739807163
Q5581199	6000000003376808873
Q55812044	6000000105073739842
Q5581206	6000000005071280216
Q5581214	6000000014566183137
Q55812903	6000000006597131117
Q55813155	6000000090900118015
Q5581332	6000000138018948294
Q55813566	6000000043493665129
Q55813588	6000000008460529306
Q5581360	6000000015741103429
Q5581369	6000000028863329831
Q5581373	6000000001584413549
Q55813824	6000000009969225943
Q558139	6000000021617416215
Q55814249	6000000009969280175
Q55814956	6000000000905948613
Q55815092	6000000060943969825
Q5581516	6000000000690762808
Q5581529	6000000007511906421
Q5581532	6000000001448442237
Q5581536	6000000002451749197
Q55815407	6000000037857403246
Q5581542	6000000006127578425
Q5581545	6000000004170912532
Q5581549	6000000006127578057
Q5581551	6000000006127576716
Q5581555	6000000006127355566
Q5581559	6000000001343726648
Q5581563	6000000006127578665
Q5581571	6000000006127517988
Q5581581	6000000006127523097
Q55816166	6000000081289543930
Q55816261	6000000023205950519
Q5581635	6000000032219615251
Q55816403	6000000022382617683
Q558166	6000000008322711570
Q5581681	6000000074506154839
Q55816845	6000000003938327477
Q5581704	6000000032686969376
Q558177	6000000027930296577
Q558178	6000000057032099874
Q55818654	6000000013440447435
Q55818656	6000000022318388322
Q5581871	6000000020377095239
Q558188	6000000012889632712
Q5581880	6000000007181807694
Q5581895	6000000000840162682
Q5581902	6000000021911826582
Q558192	6000000038918791844
Q5581921	6000000020109737178
Q5581958	6000000003996562390
Q558196	6000000017939491463
Q5581962	6000000000244543714
Q5581965	6000000002754663944
Q5581969	6000000000355473807
Q5581971	6000000000646373825
Q5581976	6000000000199598898
Q5581981	6000000000743501064
Q5581985	6000000000612159204
Q5581988	6000000000011248308
Q5581990	6000000000612159195
Q5581994	6000000000041606072
Q5582	6000000021691208720
Q558201	6000000028045278764
Q5582016	6000000183351184840
Q5582116	6000000023268299272
Q5582127	6000000068026903064
Q5582176	6000000009887090783
Q5582212	6000000004084046600
Q5582218	4544379760090065040
Q558223	6000000015129297510
Q5582273	6000000020923080760
Q5582280	6000000024207598035
Q5582287	6000000024206209006
Q5582311	6000000000555910209
Q5582334	6000000017624207301
Q5582355	6000000065643607834
Q55823756	6000000203242169840
Q5582399	6000000147166394886
Q55824505	6000000015121584942
Q55824549	6000000181724658821
Q5582468	6000000002904480852
Q55825337	6000000042380040530
Q55825358	6000000042040172127
Q55825456	6000000001191246560
Q55825515	6000000000478060473
Q55825583	6000000076576434933
Q55825811	6000000009504034578
Q5582591	6000000149850023942
Q5582624	6000000056939932881
Q5582637	6000000008330117815
Q5582649	6000000006184130630
Q5582652	6000000011725690494
Q55827454	6000000024087796681
Q5582751	6000000001582706558
Q5582786	6000000007234349989
Q5582790	6000000007234150040
Q55828434	6000000025479858865
Q55829356	6000000077127928962
Q55829365	6000000006727035425
Q558295	6000000140835868824
Q5582990	6000000029321561447
Q55829938	6000000059893808881
Q55829974	6000000007042818733
Q55830105	6000000042756097996
Q55830563	6000000008289541743
Q55830617	6000000113296312954
Q5583069	6000000022486268427
Q5583073	6000000022486650286
Q558309	6000000012183519394
Q55831580	6000000016176174064
Q55832	6000000022969299980
Q5583208	6000000171706537645
Q5583221	6000000021478557017
Q5583226	6000000010858904337
Q55832553	6000000183679610254
Q5583314	6000000039179243666
Q55833250	6000000166686341962
Q558333	6000000000913308649
Q55833339	6000000013440492905
Q55833464	6000000028917657632
Q55833509	6000000021720983247
Q5583370	6000000042609045730
Q5583374	6000000079639460108
Q55834	6000000012116900229
Q5583445	339105763610005147
Q5583447	339380369790011052
Q5583456	6000000020350469151
Q55835	6000000020143805219
Q558354	6000000062362374823
Q55835696	6000000029592575865
Q55835887	6000000013164034086
Q55835953	6000000043175982542
Q55836	6000000006882663201
Q55836608	6000000001515002415
Q5583684	6000000077201776629
Q5583694	6000000097626336871
Q55837081	6000000175111364842
Q55837084	6000000002625377963
Q55837102	6000000011828411850
Q55837281	6000000019056220950
Q55837410	6000000022040422394
Q55837565	6000000005598897915
Q55837586	6000000002513756810
Q5583759	6000000181323533868
Q55837592	6000000059995312001
Q55837622	6000000076932854242
Q5583776	6000000027057029785
Q55837887	6000000041462374216
Q5583795	6000000024102455237
Q558380	6000000038918637004
Q55838236	6000000002188386581
Q55838441	6000000092705692151
Q55838471	6000000071112066129
Q55838521	6000000079299008870
Q55838595	6000000064158846847
Q5583927	6000000053093609235
Q55840	6000000175240581896
Q5584023	6000000015419813494
Q55841	6000000003094805100
Q5584115	6000000017214086841
Q5584136	6000000028852380778
Q5584144	6000000057024251259
Q558416	6000000044345339765
Q558419	6000000036235712336
Q55842	6000000027343084236
Q5584229	6000000006595630923
Q55842688	6000000031986598896
Q55842698	6000000050607683248
Q55842783	6000000013383350589
Q55842810	6000000026521060794
Q55842863	6000000085282576892
Q5584291	6000000013046250874
Q55842935	6000000090166847007
Q55843037	6000000018846933411
Q55843134	6000000013376463553
Q55843138	6000000182763898825
Q55843156	6000000017893969272
Q55843179	6000000012516111523
Q55843183	6000000023075790925
Q55843260	6000000123786453878
Q55843282	6000000060717925044
Q55843291	6000000007316934389
Q55843302	6000000084107285888
Q55843332	6000000002765603663
Q55843336	6000000058731730214
Q55843397	6000000048304175936
Q55843412	6000000023417453924
Q55843435	6000000009837357175
Q55843437	6000000015752225030
Q55843438	6000000002765065902
Q55843445	6000000068489892848
Q55843455	6000000001504336279
Q55843492	6000000100171584288
Q55843528	6000000008093570260
Q55843534	6000000016600070447
Q55843600	6000000021584573829
Q55843656	6000000033545597445
Q55843685	6000000078226293614
Q55843712	6000000010584604632
Q55843736	6000000055748094152
Q55843753	6000000086494239890
Q55843786	6000000084006553900
Q55843806	6000000007801807225
Q55843808	6000000004957122848
Q55843824	6000000010917111716
Q55843832	6000000040139285792
Q55843840	6000000016348658027
Q55843846	6000000000171902481
Q55843948	367753901810013759
Q55843970	5000764943460127708
Q55844	6000000015084412333
Q55844019	6000000024755744830
Q55844030	6000000016006709723
Q55844054	6000000035519553098
Q55844121	6000000180928234829
Q55844178	6000000011657344957
Q5584418	6000000041897926008
Q55844194	6000000017470016717
Q55844195	6000000017469611888
Q5584420	6000000039588497264
Q55844284	6000000010461885202
Q55844285	6000000007995586398
Q55844286	6000000007995565385
Q55844289	6000000032496772432
Q55844317	6000000022484395865
Q55844322	6000000015771556299
Q55844328	6000000016291811450
Q55844336	6000000015584061160
Q55844343	6000000016588082322
Q55844369	6000000040677886410
Q55844387	6000000015907937660
Q55844393	6000000017928942129
Q55844474	6000000014893675658
Q55844484	6000000007014376615
Q558445	6000000181086490844
Q55844508	6000000002802227464
Q55844559	6000000004549415088
Q55844564	6000000010503673601
Q55844585	6000000021956244275
Q5584465	6000000035936054829
Q55844656	6000000019509067906
Q55844662	6000000008093438687
Q55844665	6000000049787462878
Q55844666	6000000019923354098
Q5584469	6000000001340455349
Q55844698	6000000008242629247
Q55844742	6000000027291480702
Q55844800	6000000008658916669
Q5584481	6000000002395389417
Q55844820	6000000013472475708
Q5584485	6000000008649471741
Q55844856	6000000053302788964
Q55844864	6000000120131816880
Q5584490	6000000003733325131
Q55844901	6000000024320624099
Q55844926	6000000025566764118
Q55844974	6000000056673437824
Q55844975	6000000061548465844
Q55844979	6000000030484465235
Q55844984	6000000010502070562
Q55844988	6000000061304827821
Q55845045	6000000004097582316
Q5584506	6000000009718220062
Q55845124	6000000076787242956
Q55845151	6000000023853374855
Q55845169	6000000081531861332
Q55845179	6000000017166627348
Q55845181	6000000057733311931
Q55845182	6000000057733621881
Q55845199	6000000026972895937
Q55845201	6000000004957519774
Q55845239	6000000020746334643
Q55845240	6000000002765080511
Q55845287	6000000007419085659
Q55845368	6000000015521669123
Q55845371	6000000173762687956
Q55845422	6000000010715043642
Q55845424	6000000012941059793
Q55845444	6000000019067643038
Q55845447	6000000018515904095
Q55845496	6000000177211838888
Q55845590	6000000002764484898
Q55845594	6000000002764488080
Q55845673	6000000082371400489
Q55845702	6000000088677840871
Q55845707	6000000018808809790
Q55845718	6000000002764858262
Q55845735	6000000009648918750
Q55845740	6000000065882375902
Q55845754	6000000084108313982
Q55845769	6000000011684246477
Q55845770	6000000023744216839
Q55845775	6000000111828455529
Q55845790	6000000179588767821
Q55845822	6000000032465193822
Q55845854	6000000031737136199
Q5584586	6000000000127550238
Q55845884	6000000176121267879
Q55845898	6000000067821996829
Q55845962	6000000008450254110
Q55845976	6000000129653650882
Q55846	6000000002429179051
Q558460	6000000035795749450
Q55846002	6000000039189764889
Q55846007	6000000016878521559
Q5584609	6000000020637480642
Q55846152	6000000037146898927
Q55846180	6000000002192097272
Q55846227	6000000017079302303
Q55846239	6000000016231853045
Q55846289	6000000180300621839
Q55846369	6000000032205027000
Q55846376	6000000011243065890
Q5584638	356724097230011578
Q55846385	6000000015239426666
Q55846405	6000000061911096905
Q55846406	6000000010070283757
Q55846416	6000000009629937239
Q55846417	6000000000348858151
Q55846455	6000000024010682642
Q55846464	6000000024694676674
Q55846474	6000000104519117827
Q55846476	6000000027758627208
Q55846506	6000000018637945183
Q55846526	6000000004095821258
Q5584667	6000000026872235155
Q55846689	6000000116533708876
Q55846701	6000000004097643066
Q55846722	6000000024408277074
Q55846729	6000000009377405922
Q55846748	6000000080131746346
Q55846759	6000000000348804044
Q55846766	6000000016292169358
Q55846835	6000000021975997914
Q55846842	6000000026601270681
Q55846865	6000000024295932278
Q55846911	6000000072073049057
Q55846913	6000000072073284010
Q55846914	6000000041049372438
Q55846925	6000000016015396461
Q55847009	6000000019075087051
Q5584702	6000000044969983854
Q55847104	6000000020771107325
Q55847107	6000000015958391413
Q55847120	6000000080837148360
Q55847138	6000000180190338844
Q55847178	6000000016304230315
Q55847194	6000000062439606063
Q55847217	6000000080765824048
Q5584728	6000000013549404197
Q55847365	6000000016564188836
Q55847441	6000000055392376911
Q55847487	6000000113779852862
Q55847517	6000000113997691840
Q55847526	6000000009895090586
Q55847575	6000000085615999860
Q55847582	6000000013441260809
Q55847611	6000000036091222359
Q55847669	6000000064419686880
Q55847676	6000000082659549310
Q55847708	6000000024476040431
Q5584772	4308167047540043433
Q55847743	6000000075361671839
Q55847747	6000000083080240883
Q5584775	4308047557610031401
Q5584776	4308044124740042778
Q55847781	6000000039904614912
Q55847791	6000000010094943660
Q55847810	6000000192467953829
Q55847811	6000000176885826863
Q55847825	6000000064622630029
Q55847842	6000000004370501630
Q55847843	6000000011535008400
Q55847850	6000000027540610230
Q55847885	6000000055948859878
Q55847895	6000000032832654900
Q55847897	6000000017934813684
Q55847918	6000000218639672821
Q55848064	6000000002344439156
Q55848114	6000000044217774331
Q55848134	6000000167885704845
Q55848162	6000000021944581011
Q55848165	6000000021944581046
Q55848177	6000000004122519048
Q55848179	6000000007472353522
Q55848219	6000000016306851053
Q55848220	6000000016259978189
Q55848222	6000000009976975504
Q55848228	6000000002765673053
Q55848230	6000000070154008885
Q55848236	6000000028747554372
Q55848250	6000000195283129828
Q55848261	6000000107120657915
Q55848267	6000000047653380835
Q55848271	6000000016195867282
Q5584829	6000000006733500908
Q55848319	6000000010860560951
Q55848349	6000000072072153854
Q55848354	6000000008595052175
Q55848385	6000000066185927885
Q55848427	6000000010505389603
Q55848447	6000000019104321713
Q55848481	6000000042104648877
Q55848486	6000000039351313935
Q55848487	6000000068348157209
Q55848497	6000000028786500087
Q55848498	6000000068349368963
Q55848539	6000000015513983213
Q55848564	6000000002188456636
Q5584858	337312276510012922
Q55848606	6000000032878256687
Q55848609	6000000181046953835
Q55848618	6000000073845618431
Q55848627	6000000010838381867
Q55848658	6000000024038741459
Q55848691	6000000076934213503
Q55848749	6000000011157682446
Q55848753	6000000085190430834
Q55848760	6000000013025174943
Q55848775	6000000013529815953
Q55848824	6000000106987526855
Q55848856	6000000002651705111
Q558489	6000000015742305569
Q55848934	6000000050795742286
Q55848949	6000000016528763341
Q55848974	6000000024902542536
Q55848994	6000000023839335530
Q55848999	6000000016312412110
Q55849017	6000000000833091020
Q55849073	6000000012941577001
Q55849107	6000000028564097219
Q5584918	6000000035590510530
Q55849224	6000000076964898827
Q5584923	6000000075312266100
Q55849232	6000000202688413821
Q55849292	6000000074652288891
Q55849319	6000000022808131299
Q55849320	6000000032890596018
Q5584940	6000000003334317534
Q55849513	6000000077103251265
Q55849514	6000000077102834752
Q55849525	6000000010583714014
Q5584953	6000000053437522002
Q55849619	6000000074825133860
Q55849661	6000000002764898491
Q55849662	6000000002764860166
Q55849663	6000000002764860246
Q55849706	6000000023231729950
Q55849733	6000000023742712927
Q5584974	4495790243290048089
Q55849767	6000000018221147825
Q55849873	6000000056305619821
Q5584989	6000000051400053907
Q55849893	6000000016537837022
Q55849897	6000000101388207968
Q55849898	6000000038572157839
Q55849900	6000000071796999514
Q55849924	6000000012801169388
Q55849927	6000000017761543002
Q55849935	6000000015513299919
Q55849996	6000000085441442898
Q55849999	6000000016713674598
Q55850004	6000000038018853279
Q55850070	6000000018289715562
Q55850071	6000000024977443302
Q55850073	6000000010854690072
Q55850098	6000000025398027420
Q55850153	6000000026149167550
Q55850160	6000000011224033092
Q55850187	6000000020766414140
Q55850193	6000000028025863630
Q55850194	6000000028026052928
Q55850271	6000000017518568507
Q55850281	6000000180953601848
Q5585050	286885904760002137
Q55850505	6000000024682924739
Q55850523	6000000109765211948
Q55850548	6000000016369369632
Q55850549	6000000024291327661
Q55850550	6000000016369094341
Q55850554	6000000020690085579
Q5585059	6000000002981616271
Q55850590	6000000025071914673
Q55850615	4157563507060040225
Q55850710	6000000061500353230
Q5585072	6000000015264066618
Q5585076	6000000069218231828
Q5585077	6000000007313358493
Q5585080	6000000021225784242
Q55850821	6000000018858222171
Q55850848	6000000131604302841
Q5585085	6000000007313714260
Q55850893	6000000163878095823
Q55850909	6000000078395444345
Q55850912	6000000076206434833
Q55850933	6000000009813377361
Q55850961	6000000012089235986
Q55850974	6000000107007111974
Q55850978	6000000016006728682
Q55850979	6000000016006676416
Q55850994	6000000025182767039
Q558510	6000000009999174448
Q55851084	6000000015906402349
Q55851121	6000000042387928154
Q55851136	6000000068743916436
Q55851172	6000000177430236851
Q55851188	6000000068335428998
Q55851296	6000000064030219996
Q5585133	6000000031615649942
Q5585137	6000000031594075872
Q5585138	6000000007851547590
Q55851386	6000000016364739796
Q55851387	6000000016332554245
Q55851391	6000000068090182893
Q55851392	6000000010561208837
Q55851393	6000000010512883038
Q55851394	6000000010077657478
Q55851411	6000000214156203837
Q55851416	6000000054879884951
Q55851425	6000000096708677969
Q55851458	6000000012611367717
Q55851470	6000000024799328717
Q55851472	6000000016600460275
Q55851484	6000000018910417008
Q55851487	6000000180923848998
Q55851498	6000000016713298718
Q55851542	6000000060052027821
Q55851564	6000000001944778184
Q55851566	5424349646630074382
Q55851599	6000000058240084847
Q55851691	6000000040704130830
Q55851694	6000000011733761436
Q55851696	6000000024642790245
Q55851713	6000000029278181356
Q55851714	6000000057015133889
Q55851731	6000000056483887912
Q55851771	6000000082970291984
Q55851931	6000000025592968176
Q5585206	6000000006127067474
Q55852076	6000000004097657625
Q5585209	6000000023355875938
Q55852121	6000000002765080453
Q55852135	6000000181019509833
Q55852213	6000000070155215771
Q5585223	287590424360001443
Q5585232	6000000069844380940
Q55852337	6000000011646885300
Q55852355	6000000132462531165
Q55852375	6000000014159858582
Q55852377	6000000050993996334
Q5585245	6000000006127076347
Q55852480	6000000000051774498
Q55852492	6000000110539069141
Q55852493	6000000077117132827
Q55852575	6000000010220693847
Q5585262	6000000003912496227
Q55852647	6000000043482393909
Q55852651	6000000022326296543
Q55852669	6000000070748720507
Q55852676	6000000015540795790
Q55852677	6000000011718245050
Q55852681	6000000099204122857
Q55852682	6000000038028919945
Q55852705	6000000074793575933
Q5585272	6000000011590679170
Q55852734	6000000030772941104
Q5585275	6000000037251062195
Q55852787	6000000064421964838
Q55852791	6000000041009798843
Q55852830	6000000007193265442
Q55852835	6000000041655672337
Q55852845	6000000007995472353
Q55852845	6000000138533592856
Q55852849	6000000087432659883
Q55852851	6000000007995431948
Q55852852	6000000016830634059
Q55852854	6000000007993696886
Q55852855	6000000038187844361
Q5585291	295778030210001480
Q55852910	6000000007338257435
Q55852970	6000000020959097833
Q55852971	6000000020958944256
Q5585299	6000000102782556906
Q55853014	6000000007014385459
Q5585310	6000000011133639546
Q55853141	6000000004153496983
Q55853149	6000000016291605630
Q5585319	6000000001364379870
Q55853227	6000000075255663381
Q55853255	6000000015295821693
Q55853270	6000000103295460990
Q55853271	6000000103296177938
Q55853330	6000000002765697319
Q55853369	6000000084544617948
Q55853379	6000000019539954034
Q5585342	6000000009461093862
Q55853442	6000000013492930469
Q55853444	6000000016234135006
Q55853472	6000000020919431123
Q55853558	6000000018883626787
Q55853567	6000000019766570400
Q55853578	6000000083080118161
Q55853581	6000000065882084827
Q55853584	6000000065883521903
Q55853584	6000000083080178994
Q55853603	6000000001732799412
Q55853690	6000000019843849050
Q5585373	6000000012285171723
Q55853744	6000000177095479842
Q55853748	6000000033785011151
Q55853760	6000000035819544313
Q55853763	6000000011241263803
Q55853798	6000000081800117139
Q55853852	6000000017067952001
Q55853853	6000000083665933869
Q55853865	6000000002765110800
Q5585388	6000000083188018346
Q5585390	6000000078557455388
Q55853905	6000000173131091106
Q55853912	6000000012178486874
Q55853952	6000000022930272941
Q55853958	6000000021546277395
Q55854046	6000000045519331031
Q55854131	6000000014893023852
Q55854144	6000000024807347482
Q55854145	6000000081003395093
Q55854154	6000000076227812046
Q55854155	6000000014893692450
Q5585416	6000000013134446319
Q55854188	6000000007014454722
Q55854189	6000000006920888632
Q55854195	6000000016070115133
Q55854246	6000000014589840104
Q55854249	6000000041888842500
Q5585425	6000000017834758758
Q55854290	6000000009796613036
Q55854341	6000000103738286953
Q55854346	6000000022541934169
Q55854356	6000000082876504441
Q55854358	6000000059938301844
Q55854360	6000000015469321729
Q55854378	6000000002466496863
Q55854381	6000000004959355444
Q55854494	6000000094406761821
Q5585454	6000000022230977090
Q55854568	6000000040919175033
Q55854596	6000000099530331821
Q55854597	6000000013432375577
Q55854599	6000000013433627493
Q55854613	6000000000157518525
Q55854626	6000000020960219049
Q55854657	6000000035611112951
Q55854661	6000000010219905119
Q55854662	6000000010250527018
Q5585468	6000000012011732955
Q55854692	6000000015465161195
Q5585470	6000000009190508789
Q55854721	6000000002765851665
Q55854763	6000000027344511091
Q55854772	6000000037025846860
Q55854774	6000000017894292509
Q55854777	6000000180670686839
Q55854780	6000000107720325851
Q55854781	6000000180671137838
Q55854786	6000000010996343267
Q55854807	6000000030997824897
Q55854858	6000000172735843988
Q55854862	6000000008822627446
Q55854866	6000000003588540134
Q55854901	6000000026439284296
Q55854936	6000000081140125140
Q55854940	6000000035421348662
Q55854949	6000000081129073091
Q55854966	6000000172096564315
Q5585502	6000000019149758920
Q55855087	6000000014737900824
Q55855112	6000000020769865532
Q55855131	6000000015260678771
Q55855132	6000000016305842258
Q55855134	6000000016232173682
Q55855155	6000000017271612533
Q55855156	6000000042884210050
Q55855159	6000000048635729151
Q55855287	6000000012515678832
Q55855306	6000000004358315838
Q55855317	6000000014516805179
Q55855337	6000000023700341543
Q55855338	6000000028204353756
Q55855347	6000000072545120825
Q55855348	6000000035028061174
Q55855349	6000000039732341977
Q55855349	6000000070151335068
Q55855396	6000000077874854344
Q55855422	6000000006570654758
Q55855433	6000000017124977821
Q55855440	6000000025598089976
Q55855447	6000000047102384836
Q55855453	6000000051627478859
Q5585548	6000000010057712807
Q55855515	6000000000118991023
Q5585552	6000000130366174868
Q55855532	6000000025596349177
Q55855580	6000000007335258810
Q55855590	6000000023665498964
Q55855593	6000000096344680196
Q55855600	6000000024172070526
Q55855602	6000000014328533220
Q55855676	6000000083616562372
Q5585577	6000000005437543659
Q55855771	6000000000886394268
Q55855801	6000000007014376646
Q55855807	6000000010566398864
Q55855823	6000000126412329827
Q55855843	6000000007412933413
Q5585589	6000000024460802023
Q55855940	6000000023964153242
Q55856029	6000000013441404884
Q55856050	6000000014673163204
Q55856051	6000000030725621737
Q55856199	6000000015540340322
Q5585624	6000000181967976843
Q55856253	6000000020447090308
Q55856257	6000000022650629059
Q55856261	6000000178536249837
Q55856279	6000000009966461609
Q55856305	6000000008584009952
Q55856306	6000000037532882976
Q55856311	6000000034625006051
Q55856313	6000000021457990144
Q55856386	6000000075361825142
Q55856390	6000000075360240829
Q55856394	6000000019934644210
Q55856395	6000000019934342530
Q55856419	6000000005583801119
Q55856439	6000000217398318850
Q55856443	6000000013659342555
Q55856449	6000000013659813653
Q55856455	6000000079934068172
Q5585646	6000000018662547764
Q55856489	6000000065387488821
Q55856525	6000000088607533909
Q55856606	6000000011269605008
Q55856610	6000000018605265610
Q55856631	6000000190348432821
Q55856633	6000000190345220888
Q55856654	6000000013854859608
Q55856655	6000000190271132823
Q55856720	6000000030484159538
Q55856725	6000000082014690048
Q55856727	6000000082014335985
Q55856730	6000000028724007712
Q55856732	6000000003112331171
Q55856739	6000000010502519615
Q55856740	6000000010502069585
Q55856755	6000000092278979183
Q55856770	6000000016491085473
Q55856771	6000000016490263943
Q55856777	6000000020762991399
Q55856836	6000000156874668840
Q55856891	6000000019033213219
Q55856894	6000000006101011384
Q55856904	6000000013140932589
Q55856914	6000000009938646074
Q55856929	6000000015260724516
Q55856934	6000000113725890002
Q5585694	6000000073242369037
Q55856987	6000000018024191198
Q55857009	6000000040414532555
Q5585702	6000000021715400046
Q55857023	6000000038495691966
Q55857025	6000000038495507915
Q55857142	6000000050791732093
Q5585717	6000000018792343488
Q55857185	6000000008284466777
Q55857187	6000000018397448827
Q55857192	6000000010706779990
Q55857193	6000000008285046250
Q55857198	6000000018602925641
Q55857199	6000000020420264902
Q55857205	6000000021637420342
Q55857211	6000000020420792427
Q55857213	6000000020387986550
Q55857216	6000000027014155217
Q55857284	6000000030997688424
Q55857368	6000000016432074905
Q55857369	6000000016431912353
Q55857371	6000000016431667742
Q55857372	6000000016431912514
Q55857379	6000000095729180851
Q55857384	6000000010373062137
Q55857390	6000000048606753856
Q55857391	6000000048447497849
Q55857399	6000000016211874764
Q55857402	6000000016215729651
Q55857511	6000000057740307127
Q55857517	6000000057733870825
Q55857560	6000000004055881116
Q55857630	6000000025582547420
Q55857632	6000000025582445173
Q55857634	6000000016309696200
Q55857649	6000000019091716384
Q5585765	6000000032967994851
Q55857676	6000000037146892516
Q55857730	6000000075578811856
Q55857734	6000000075577670141
Q55857759	6000000020746323577
Q55857762	6000000033840029343
Q55857768	6000000105062772824
Q5585778	6000000176936066846
Q55857877	6000000007368781013
Q55857879	6000000007372142577
Q55857882	6000000007403680205
Q55857885	6000000066165197883
Q55857886	6000000007382338466
Q55857898	6000000101974995821
Q55857967	6000000198180509912
Q55858058	6000000013432194621
Q55858060	6000000013432296872
Q55858068	6000000016331421083
Q55858070	6000000016296157734
Q55858071	6000000016296656768
Q55858076	6000000017139423563
Q55858077	6000000068975055850
Q55858078	6000000068975186822
Q55858127	6000000048649453101
Q55858197	6000000076697566997
Q55858209	6000000019112249041
Q5585831	6000000048015914333
Q55858332	6000000010611593918
Q55858347	6000000031454801804
Q55858351	6000000016278808205
Q55858352	6000000017441444982
Q55858407	6000000017480319050
Q55858427	6000000033502332115
Q55858444	6000000129373100857
Q5585845	6000000005026691554
Q55858484	6000000013376335548
Q55858590	6000000054902661107
Q55858606	6000000049081656037
Q5585861	6000000007160231536
Q55858619	6000000097061835839
Q55858622	6000000073240931176
Q55858656	6000000173262380082
Q55858680	6000000036990713345
Q55858692	6000000180855897841
Q55858694	6000000180856512821
Q55858759	6000000002802219695
Q55858767	6000000025049689749
Q55858806	6000000019100205186
Q55858827	6000000002639352293
Q55858828	6000000055248120337
Q55858859	6000000179924429825
Q55858879	6000000084431743821
Q5585888	6000000064201323458
Q55858881	6000000084431505905
Q55858915	6000000180718175865
Q55858923	6000000009710111374
Q55858924	6000000038524723938
Q55858925	6000000018809036390
Q55858956	6000000016499017200
Q55858983	6000000103200050591
Q55858996	6000000053841610835
Q558590	349753054790012626
Q55859001	6000000025996678458
Q55859027	6000000009103206896
Q55859053	6000000011242578703
Q55859057	6000000012735225551
Q55859058	6000000010482925404
Q55859086	6000000082397759141
Q55859087	6000000082398321843
Q5585911	6000000011434985192
Q55859129	6000000024625186002
Q55859149	6000000011115072983
Q55859153	6000000112520781965
Q55859161	6000000068787167094
Q55859162	6000000068787230088
Q55859174	6000000042931974033
Q55859198	6000000008461304285
Q5585920	6000000017651863032
Q55859206	6000000026983159708
Q55859240	6000000032506167864
Q55859296	6000000021315474264
Q5585930	6000000001174170390
Q55859433	6000000004097643383
Q55859448	6000000027397700865
Q55859456	6000000007170316265
Q55859463	6000000023474667428
Q55859492	6000000027196735321
Q55859678	6000000206648823843
Q55859760	6000000022629897895
Q55859793	6000000106268371853
Q5585981	6000000181713039877
Q55859847	4111140661360037527
Q55859868	6000000028165989446
Q55859872	6000000017928788435
Q5585988	6000000024726659830
Q55860078	6000000081472308021
Q55860107	6000000037261149168
Q55860135	6000000015509902545
Q55860136	6000000032952845160
Q55860137	6000000012185978889
Q55860152	6000000025049887800
Q55860169	6000000014962516324
Q55860184	6000000057033713902
Q55860235	6000000011193092928
Q55860238	6000000026727074682
Q55860344	6000000039859384825
Q55860449	6000000006450934563
Q55860456	6000000048743337888
Q55860461	6000000043052406290
Q55860464	6000000016330388328
Q55860473	6000000082529100948
Q55860477	6000000032548963846
Q55860484	6000000013294060016
Q55860512	6000000078308512877
Q55860515	6000000018567854036
Q55860637	6000000027362064060
Q55860642	6000000027361908602
Q55860645	6000000027361959667
Q55860654	6000000010131584352
Q55860715	6000000018684146037
Q55860718	6000000010480660323
Q55860720	6000000041734589090
Q55860724	6000000018679224231
Q55860878	6000000051918293924
Q5586152	6000000015046239186
Q558619	6000000014383457205
Q55861922	6000000179868062836
Q5586270	6000000009835988417
Q5586287	6000000007107046369
Q5586304	6000000007370936614
Q55863347	6000000030326216159
Q55863351	6000000030326023520
Q558636	6000000010302392654
Q5586403	6000000024568869876
Q558647	6000000015257579041
Q55864702	6000000035242343377
Q5586486	6000000013793702966
Q5586506	6000000039785100310
Q5586515	6000000012728377540
Q5586547	6000000012677150931
Q5586552	6000000055528472939
Q5586572	6000000019715834078
Q5586574	6000000022776300878
Q5586576	6000000185671422891
Q5586580	5724817265390065992
Q5586598	6000000016531261422
Q5586602	6000000006121814521
Q558664	6000000016988709220
Q55866561	6000000015491637177
Q55866675	6000000015491552298
Q5586696	1793388
Q5586698	6000000037878003101
Q55867251	6000000017138580175
Q558673	6000000044009687992
Q5586737	6000000004366034854
Q5586813	6000000100767225967
Q5586815	6000000000527873852
Q5586843	6000000022770520482
Q55868674	6000000150882709986
Q55868842	6000000200883805829
Q5586890	6000000017764714759
Q5586894	6000000025983683742
Q5586900	6000000041566098252
Q5586910	6000000000638378772
Q5586915	6000000019557179777
Q5586932	4195969690250032740
Q55870003	6000000181468730066
Q55870136	6000000029453442519
Q5587028	6000000000553772165
Q5587051	6000000017512587298
Q5587063	6000000004690398035
Q5587076	6000000017144940134
Q5587079	5232852295850117453
Q5587110	6000000003500689983
Q5587113	6000000010153409138
Q55871347	6000000008682761850
Q5587144	6000000069520662041
Q5587166	932676
Q5587179	6000000036922397047
Q5587206	6000000019409368045
Q558722	6000000022658179870
Q5587232	6000000007223927516
Q5587236	6000000006127817165
Q5587244	6000000007223638917
Q5587283	6000000019670007284
Q558729	6000000168872776524
Q5587291	6000000009241279434
Q5587303	6000000048068260930
Q5587313	6000000026780311673
Q5587321	6000000069898884885
Q5587323	6000000023738341198
Q5587328	6000000166650200824
Q5587336	6000000023016502086
Q55873360	6000000007606210832
Q558738	6000000143127757842
Q55874091	6000000027593777324
Q55874094	6000000001943066402
Q55874140	6000000002487224778
Q5587422	6000000015499767761
Q55874257	6000000070707314902
Q55874267	6000000171893477397
Q5587434	6000000010759481169
Q55874352	6000000002435226975
Q55874420	6000000030817501987
Q55874425	6000000068867449084
Q55874482	6000000012150576833
Q558747	5099757960090062883
Q55874715	6000000003708447510
Q55874765	6000000012028383745
Q55874866	6000000101310048889
Q5587488	6000000003994505444
Q55874900	6000000025703391196
Q55874901	6000000042210098279
Q55874938	6000000031926972121
Q5587497	6000000022262757854
Q558750	6000000018788741724
Q5587503	6000000023770188956
Q55875052	6000000066160991878
Q55875462	6000000111782507927
Q55875485	6000000002765237882
Q55875487	6000000014257035656
Q55875530	6000000035518014043
Q55875614	6000000009959805892
Q5587565	6000000053495388991
Q5587578	6000000126198221836
Q55875932	6000000039794536121
Q55876214	6000000023415738113
Q55876242	6000000005599137710
Q558764	6000000022147406904
Q5587642	6000000001452673280
Q558766	6000000015128418529
Q55877202	6000000013432201607
Q55877221	6000000056441544998
Q558783	6000000210007442831
Q5587832	6000000015798236151
Q558789	1219388
Q5587918	6000000142032734094
Q55879616	6000000025314199832
Q5588	6000000009795491650
Q5588004	6000000175537188828
Q558801	6000000055975017336
Q5588012	6000000004402674794
Q5588041	6000000000813101050
Q5588048	6000000089087269163
Q5588051	6000000051603779886
Q5588059	6000000014685006511
Q558806	6000000000875085602
Q5588065	6000000023207053991
Q5588069	6000000009649478961
Q5588070	6000000019125306386
Q55880993	6000000024681244992
Q55880998	6000000002726207289
Q55881133	6000000053326415821
Q55881188	6000000019951266562
Q55881189	6000000079448645883
Q55881193	6000000039375451836
Q55881201	6000000068457890835
Q55881225	6000000075057689847
Q558815	6000000141086775860
Q5588155	6000000029963192728
Q55881576	6000000014348520748
Q55881616	6000000121083694830
Q5588165	6000000024499698380
Q5588170	6000000023088686394
Q5588185	6000000038096107113
Q55881898	6000000037859757385
Q5588202	6000000015942614774
Q55882025	6000000058026502873
Q5588206	6000000002424947217
Q5588208	6000000024404473595
Q5588217	6000000017766110642
Q55882186	6000000017235044842
Q5588222	6000000014609546009
Q55882229	6000000029625814703
Q55882281	6000000026951030831
Q55882336	6000000011086349875
Q55882652	6000000014024238449
Q55882874	6000000026516126453
Q55882999	6000000018526614335
Q55883246	6000000014282178732
Q5588326	6000000019808340876
Q55883298	6000000016299827791
Q55883386	6000000007371878809
Q5588339	6000000018167284470
Q55883434	6000000024917855828
Q55883437	6000000006156865944
Q5588344	6000000019812334951
Q55883449	6000000024917485186
Q55883469	6000000024917511232
Q55883497	6000000018192001461
Q5588354	6000000019813212743
Q55883638	6000000011242330924
Q55883680	6000000032529554339
Q558837	6000000171872217929
Q55883982	6000000184031011855
Q5588401	6000000085853469044
Q55884154	6000000138351269938
Q55884157	6000000061911022003
Q55884176	6000000069896644870
Q55884337	6000000013664935582
Q55884339	6000000009629797948
Q55884342	6000000009877226654
Q558844	6000000069752317389
Q55884404	6000000151683512885
Q55884531	6000000007014475817
Q558846	6000000007954195378
Q55884783	6000000030373600377
Q55884787	6000000056442052902
Q5588499	6000000006873549082
Q5588501	6000000018023783477
Q55885058	6000000016331440191
Q55885060	6000000001504523727
Q55885157	6000000024695584972
Q5588516	6000000013040183701
Q55885391	6000000016457999410
Q55885396	6000000048471980042
Q55885399	6000000013432171218
Q5588547	6000000066924458118
Q5588554	6000000018792739900
Q55885544	6000000024612040248
Q5588557	6000000018545977928
Q55885613	6000000001829735069
Q5588562	6000000006127170676
Q5588566	6000000021827805229
Q55885686	6000000017470563124
Q5588571	6000000028393150444
Q55885987	6000000024753369330
Q5588602	6000000015903628143
Q5588604	6000000011939383269
Q5588607	6000000086085838109
Q5588618	6000000012090918537
Q5588632	6000000054118112883
Q5588635	6000000006078877464
Q55886420	6000000180300431863
Q5588665	6000000006127021933
Q5588668	6000000006127021943
Q55886747	6000000077255613395
Q55886758	6000000021026296135
Q55886767	6000000015452769089
Q5588678	6000000003744786730
Q5588684	6000000018647525779
Q5588689	6000000053349263998
Q55887201	6000000012942045782
Q55887211	6000000070761604110
Q55887220	6000000070761468230
Q55887345	6000000124563185833
Q5588749	6000000171920254162
Q55887728	6000000117109195821
Q55887730	6000000013432177342
Q55887971	6000000032081403462
Q55888232	6000000024404599484
Q55888296	6000000027515319907
Q55888372	6000000127810786005
Q55888501	6000000018704875086
Q55888503	6000000017200445036
Q55888516	6000000017298969724
Q55888519	6000000024892743767
Q5588884	6000000030201086875
Q55889014	6000000018822746291
Q55889019	6000000173296791077
Q55889121	6000000018117973038
Q55889445	6000000016601574383
Q55889542	6000000016695566424
Q5588959	6000000019543534865
Q5588963	6000000019544068144
Q55889699	6000000043488279249
Q5588970	6000000000505682296
Q55889708	6000000024833671999
Q55889898	6000000031377414846
Q55889968	6000000020971624699
Q5589	6000000009783948477
Q55890039	3832059
Q55890043	3842508
Q55890084	3830697
Q55890102	6000000016119301695
Q55890113	6000000011622770339
Q55890256	6000000016226599205
Q5589026	6000000026154522772
Q55890278	6000000071680141151
Q5589038	6000000018066581274
Q55890458	6000000022799128994
Q5589046	6000000054063173826
Q5589052	6000000082377669878
Q55890665	6000000047653658939
Q55890677	6000000015632232787
Q55890704	6000000020723541360
Q5589072	6000000003098997746
Q55890751	5321996489480072889
Q5589076	6000000025346577255
Q55890917	6000000036807129125
Q55890920	6000000036807862906
Q55890971	6000000026452137474
Q55891002	6000000125846923821
Q55891008	6000000017535040760
Q55891047	6000000053455319132
Q5589117	6000000006590195224
Q55891249	6000000082933229460
Q55891485	6000000026379134047
Q55891513	6000000010503912525
Q55891846	353222940070011005
Q55891846	6000000103767173367
Q55891851	6000000013767018617
Q55891904	6000000025998266109
Q55891908	6000000016309536164
Q55892324	6000000169474549831
Q55892412	6000000097116040960
Q55892747	6000000086177117995
Q55892840	6000000016365507161
Q55892861	6000000041624173456
Q55892864	6000000018974442480
Q55892867	6000000005641342001
Q55892899	6000000002764502665
Q55893163	6000000024611985800
Q558933	6000000024932821373
Q55893340	6000000032627052730
Q55893414	6000000075654872833
Q55893427	6000000017396637430
Q5589356	6000000017273197886
Q55893677	6000000195521174846
Q55893678	6000000011299951500
Q55893707	6000000007686821139
Q55893780	6000000009570919151
Q55893791	6000000007014458875
Q5589390	6000000006999322349
Q55894041	6000000007754064850
Q55894085	6000000017407452991
Q55894090	6000000023262976002
Q55894315	6000000077513699594
Q5589442	6000000011304220827
Q55894488	6000000065159956893
Q55894492	6000000015762752252
Q55894496	6000000041717780241
Q55894504	6000000041718137115
Q55894625	6000000010750105302
Q55894642	6000000100801979968
Q55894651	6000000024747416199
Q55894692	6000000010505734482
Q55894721	6000000083938792340
Q55894750	6000000002912106965
Q55894769	6000000083948266268
Q55894774	6000000083938884183
Q5589484	6000000073587284197
Q5589488	6000000011622797864
Q5589498	6000000019430310636
Q55895029	6000000033437945930
Q55895039	6000000045961357304
Q55895047	6000000020456515881
Q55895283	6000000032464956334
Q55895352	6000000085388491964
Q55895405	6000000176972586826
Q55895412	6000000038489523791
Q55895413	6000000080785143836
Q55895578	6000000000658154156
Q5589558	6000000024024305246
Q55895582	6000000000658138238
Q55895583	6000000019442906841
Q5589563	6000000083960596155
Q55895915	6000000016296178260
Q55896120	6000000199274166824
Q55896135	6000000168178131054
Q55896147	6000000012428410917
Q55896207	6000000174352510881
Q55896309	6000000021343416202
Q55896312	6000000122012303821
Q5589639	6000000009243848637
Q55896395	6000000013166611413
Q55896427	6000000012416118609
Q5589645	6000000018339179364
Q55896463	6000000019869439433
Q5589650	6000000003174877098
Q5589660	6000000003274880642
Q55896606	6000000037532744030
Q55896612	6000000166440758981
Q55896855	6000000018359530240
Q55897035	6000000218352607828
Q5589707	6000000183056217923
Q55897110	6000000024447588325
Q55897141	6000000015519424058
Q55897192	6000000134170933022
Q558972	6000000142207485063
Q55897335	6000000043938446946
Q55897349	6000000016573202147
Q5589747	6000000068217786963
Q5589767	6000000016936554168
Q55897679	6000000005020591452
Q55897689	6000000018798375978
Q55897743	6000000091854266826
Q55897780	6000000068325947821
Q5589781	6000000005453525101
Q55897870	6000000136143744821
Q55897873	6000000136206232821
Q5589792	6000000009513092256
Q55897930	6000000066491058139
Q5589799	6000000003296482653
Q5589810	6000000014922451119
Q558983	6000000005599028198
Q55898342	6000000048743391843
Q55898485	6000000024499918971
Q55898563	6000000015345360033
Q558988	6000000015139104964
Q5589920	6000000029857909752
Q55899337	6000000091804682964
Q558994	6000000019172868357
Q55899453	6000000053557856199
Q558995	6000000042998438438
Q55899818	6000000015367756284
Q55899994	6000000138504888821
Q55900	6000000046710888111
Q5590008	6000000014095525334
Q55900112	6000000021557460149
Q55900160	6000000010585100837
Q55900165	6000000032149254521
Q55900172	6000000014888507391
Q55900173	6000000014891238303
Q5590020	6000000009305793588
Q55900288	6000000032283081146
Q55900301	6000000177093424846
Q55900302	6000000113589666974
Q55900321	6000000024531378471
Q55900332	6000000015975532644
Q55900343	6000000013173987186
Q55900379	6000000015895951627
Q55900491	6000000025212422415
Q55900541	6000000026450934089
Q55900546	6000000131557355879
Q55900567	6000000035027673192
Q55900594	6000000011189604329
Q55900656	6000000019908992370
Q55900860	6000000020355102888
Q55900866	6000000013383193593
Q55900883	6000000016527329824
Q55900907	6000000034840567113
Q55901117	6000000035194046884
Q55901185	6000000026312175854
Q55901328	6000000090053636052
Q55901357	6000000001256254043
Q55901365	6000000014885120427
Q5590154	6000000018872445006
Q55901571	6000000002792561094
Q5590158	6000000018874624879
Q5590160	6000000011851372667
Q5590169	6000000020087582037
Q559017	6000000020789030965
Q5590180	6000000001383693840
Q55901806	6000000017508519255
Q55901896	6000000009313502440
Q55901936	6000000022214974882
Q55901943	6000000040679696945
Q55901959	6000000019836478017
Q55901961	6000000043887176005
Q5590200	6000000013192526997
Q55902264	6000000035349396375
Q55902307	6000000017135967081
Q55902335	6000000071556396177
Q55902351	6000000128640695832
Q55902354	6000000064118142972
Q55902364	6000000007161307327
Q55902407	6000000040338867285
Q55902440	6000000023896609997
Q55902629	6000000083235871712
Q55902645	6000000011601091977
Q55902701	6000000026091819614
Q55902723	6000000082065930219
Q55902813	6000000006200767656
Q55902824	6000000041621110763
Q55902829	6000000026870962101
Q55902883	6000000012737107482
Q55902893	6000000000254923196
Q55902899	6000000015558193092
Q559029	6000000010793544852
Q55902987	6000000017237731783
Q55903103	6000000039792835375
Q55903138	6000000169753199935
Q55903154	6000000021240773934
Q55903182	6000000004833588054
Q55903195	6000000109030347868
Q55903220	6000000027018404554
Q55903269	6000000001573957147
Q55903312	6000000202521431861
Q559034	6000000007051004363
Q55903487	6000000031610924874
Q55903582	6000000026646037936
Q55903687	6000000077224767201
Q55903711	6000000175872905835
Q55903776	6000000002042548949
Q55903888	6000000016417253578
Q5590389	6000000003945399714
Q55904028	6000000013650872966
Q55904038	6000000014514317460
Q55904056	6000000015644424764
Q5590407	6000000026433911361
Q55904152	6000000037628188646
Q5590420	6000000056030470978
Q5590424	6000000007511668922
Q5590427	6000000007511657150
Q55904294	6000000025398277306
Q55904330	6000000013092394678
Q5590456	6000000052533197840
Q55904643	6000000008469681991
Q55904813	6000000023195368979
Q55905099	6000000180463632827
Q5590514	6000000003134607284
Q55905236	6000000210063267835
Q55905525	6000000001729290825
Q55905586	6000000039793298404
Q55905679	6000000037094105282
Q559057	6000000152160428823
Q55905876	6000000138509280821
Q55905950	6000000181892042839
Q55906017	6000000014331057463
Q5590627	6000000015344112512
Q55906305	6000000033543261236
Q55906470	6000000103290780962
Q55906681	6000000005229240535
Q5590677	6000000026188662887
Q55907081	6000000083768709490
Q55907193	6000000006443942008
Q559074	6000000017596583284
Q55907578	6000000007280768740
Q5590758	6000000012385060285
Q55907828	6000000078551214913
Q5590791	6000000013117000900
Q55907934	6000000040365559912
Q559081	6000000019351721410
Q5590823	6000000042781734213
Q55908309	6000000022136049512
Q55908337	4086645837340049872
Q55908374	6000000003901685917
Q55908476	308354777220002096
Q55908501	6000000179585419833
Q55908508	6000000014024893073
Q55908692	6000000042080850838
Q55908852	6000000004097337364
Q55908919	6000000002066105185
Q55909128	6000000032213152410
Q5590921	6000000012962073012
Q55909291	6000000036224199176
Q55909309	6000000002188420271
Q559094	6000000008438466994
Q55909449	6000000118408791848
Q55910	6000000015855469064
Q5591001	6000000143915786861
Q5591005	6000000018489624392
Q5591014	6000000010572749626
Q5591022	6000000004671637243
Q5591064	3363799
Q55910758	6000000071723788054
Q5591076	6000000001070908114
Q5591082	6000000041074894852
Q5591097	6000000001608899990
Q5591099	6000000004205948108
Q5591114	5716004802430109749
Q5591114	6000000019840755248
Q55911296	6000000208382562829
Q559115	6000000002325234977
Q5591171	6000000016534132786
Q5591176	6000000003050702903
Q5591181	6000000167989893001
Q5591185	6000000018865528898
Q55911965	6000000012444085280
Q5591199	6000000179005004842
Q559120	6000000021915048261
Q55912081	6000000023598216407
Q5591212	6000000002898218517
Q55912179	6000000023008465499
Q55912202	6000000011525135801
Q55912260	6000000001902672605
Q5591233	6000000041118084590
Q5591245	6000000003779748509
Q55912483	6000000002364329280
Q5591257	6000000015951826731
Q5591260	6000000001504907560
Q5591269	6000000015277366800
Q5591285	6000000003779748530
Q5591303	6000000042215900969
Q5591315	6000000053548466092
Q5591328	6000000011688515283
Q55913556	6000000024917251460
Q55913578	6000000021020281365
Q55913615	6000000024034559637
Q55913726	6000000042444061795
Q5591377	6000000078256047324
Q5591387	6000000019582414516
Q55913890	6000000007706129229
Q55914063	6000000024366232135
Q5591414	6000000092913977968
Q55914174	6000000066213214831
Q55914286	6000000006443779420
Q55914339	6000000059874698258
Q55914644	6000000002188466056
Q5591467	6000000036155567159
Q5591469	6000000025810003204
Q55914877	6000000007357749238
Q5591489	6000000030353874124
Q5591493	6000000020203424502
Q55914966	6000000012525289723
Q55914977	6000000015291474031
Q55914994	6000000015340026253
Q5591500	6000000007424436438
Q55915007	6000000012480688303
Q55915067	6000000017725660376
Q55915168	6000000013631159421
Q5591523	6000000003577178369
Q55915257	6000000026314301126
Q55915269	6000000038495131667
Q55915303	6000000017064880076
Q55915304	6000000017976940079
Q55915313	6000000015519431145
Q55915321	6000000052213695002
Q55915413	6000000089917979477
Q5591567	6000000024816657823
Q55915670	6000000011634934223
Q55915799	6000000015646093638
Q5591583	6000000009976652203
Q55915847	6000000008301024943
Q55915862	6000000028786020504
Q55915917	6000000044381432033
Q55916108	6000000030938877944
Q55916121	6000000013233962828
Q55916370	6000000014650327927
Q5591639	6000000027425208102
Q5591643	6000000002839151694
Q55916449	6000000014027733285
Q5591648	6000000010791156208
Q5591660	6000000004404788648
Q55916654	6000000016023598229
Q55916745	6000000001902672916
Q5591686	6000000003308653944
Q5591723	6000000040282582210
Q5591755	6000000006128152266
Q5591818	6000000009750951963
Q5591867	6000000013146354609
Q5591871	6000000008393966665
Q5591877	6000000008394003001
Q5591908	6000000041344067021
Q5591915	382688727720004005
Q5591919	6000000009608212298
Q5591924	6000000017904641509
Q5591948	6000000027330495970
Q5591949	6000000019757407166
Q5592	6000000010949438175
Q55920761	6000000177110436852
Q559213	6000000019369216063
Q55922	6000000012945318109
Q5592258	6000000019378244835
Q5592274	5033619801760123525
Q5592277	6000000148731285857
Q559235	6000000026091307882
Q559260	6000000001095330164
Q559264	6000000015751966137
Q5592643	6000000038513384480
Q5592664	6000000052130001916
Q559269	6000000017173392851
Q55927	6000000020787063174
Q559279	6000000000784652443
Q559295	6000000008251819803
Q5593	6000000008763058722
Q55930	6000000028172370870
Q5593038	4355680725530039262
Q5593048	6000000051517153821
Q559312	5486593031590113450
Q55932	6000000047194293859
Q55932381	6000000022990948997
Q5593302	6000000021050303077
Q5593350	6000000006300868727
Q559339	6000000003493089663
Q55935676	6000000080907021830
Q55935820	6000000054368007929
Q5593645	6000000153078369838
Q55936728	6000000164671745179
Q55936882	6000000008467507032
Q55936894	6000000054363786839
Q55936933	6000000006276822028
Q5593719	6000000020747015945
Q55937937	6000000003655780092
Q5593818	6000000019736598045
Q5593853	6000000019812458003
Q55939631	6000000026091871045
Q5594	6000000011214689897
Q5594152	6000000001035670873
Q55941847	6000000057203200897
Q559426	6000000010298757958
Q55942802	6000000031137631520
Q559430	6000000021861742292
Q55943480	6000000003940257338
Q559440	6000000033929488619
Q55944257	6000000003245131030
Q559445	6000000000089583364
Q559448	6000000013103541786
Q55944877	6000000002991557129
Q559452	6000000205616959834
Q55946080	6000000021136294504
Q55946424	6000000133415127691
Q55946620	6000000029494183832
Q5594777	6000000027414293321
Q559478	6000000012665701448
Q55947990	141702
Q55948420	6000000004180260601
Q55948420	6000000005996673001
Q5594937	6000000010429118297
Q5594949	6000000008250708121
Q55949547	6000000001970305426
Q55949598	6000000015422080208
Q55949944	6000000126883821870
Q559506	6000000014608315134
Q55950642	6000000022746692817
Q55950711	6000000008987510445
Q559522	6000000163234685822
Q5595230	6000000000222556010
Q559529	6000000136628612838
Q5595434	6000000008249775558
Q5595448	6000000002151502302
Q5595463	6000000014303171593
Q5595465	6000000001804882416
Q5595468	6000000132315240895
Q55955	6000000005849285001
Q559550	6000000143254697894
Q559551	6000000001959029817
Q5595589	6000000020935849226
Q55956341	6000000025200369756
Q55956344	6000000157654329863
Q559565	6000000140997792023
Q559567	6000000134347899829
Q559577	6000000134081570838
Q55958229	6000000164708736156
Q55959031	6000000030638869823
Q5596061	6000000020694395118
Q55960995	6000000010561639553
Q5596141	6000000060228044821
Q5596165	6000000040761803333
Q5596192	6000000021466910990
Q5596255	6000000006568941019
Q5596382	6000000082736805834
Q559640	6000000006360226425
Q55964535	6000000016809156192
Q55964574	6000000084459996925
Q5596491	6000000008851411907
Q5596693	6000000093911567822
Q5596701	6000000010048609859
Q55967209	6000000027614300698
Q559674	6000000010641638096
Q5596754	6000000180534445821
Q5596779	6000000029576999827
Q5596803	6000000006127120680
Q5596887	6000000072705491900
Q5596890	6000000012537573445
Q5596898	6000000002245312332
Q5596904	6000000013372266663
Q5596905	6000000044209276079
Q5596929	6000000009737350489
Q559693	6000000175865735932
Q5596931	6000000013007195184
Q5596934	6000000018479111126
Q5596937	6000000025066339141
Q5596944	6000000000759438507
Q5596971	6000000017591127268
Q5596974	6000000008630249712
Q5597	6000000010953086905
Q559700	6000000074711039980
Q559709	6000000011301361792
Q55972274	6000000000216977053
Q5597308	6000000017876325981
Q55973178	6000000024867035708
Q55973629	6000000000280531218
Q5597419	6000000013091024503
Q559744	6000000074738330022
Q55975252	6000000064644017889
Q5597588	6000000006884560011
Q559761	6000000166918177822
Q559765	6000000006908768233
Q5597675	6000000036855300701
Q5597693	6000000005013515051
Q5597706	6000000001133441215
Q559771	6000000037469216239
Q5597719	6000000135683494098
Q5597729	6000000009583670110
Q5597804	5441290134230125829
Q55978562	6000000000001315314
Q55978600	6000000181216464842
Q55978815	6000000017009068483
Q55978838	6000000010714959310
Q5597890	6000000021973496352
Q55978961	6000000017309131284
Q55978981	6000000165354681885
Q55979071	6000000191967953821
Q55979073	6000000078253522855
Q55979091	6000000031086291896
Q55979111	6000000019247712176
Q55979149	6000000003311579024
Q55979202	6000000003146278497
Q55979236	6000000001162034790
Q55979281	6000000166683840840
Q55979288	6000000023061213109
Q55979298	6000000029963105853
Q55979301	6000000000900426924
Q55979310	6000000053816419105
Q55979315	6000000018485194354
Q559794	6000000183255160828
Q5598	6000000002364319214
Q559803	6000000028694196126
Q559815	6000000135721350887
Q5598267	6000000007511906463
Q5598301	6000000050804594887
Q5598324	6000000000840331220
Q55983753	6000000022136249868
Q55983772	6000000022990695298
Q559840	6000000029718657090
Q5598401	6000000031175550973
Q5598411	6000000183589508834
Q55984130	6000000140312766849
Q55984137	6000000122234575834
Q55984139	6000000122233359148
Q55984165	6000000173155262979
Q55984171	6000000007248057242
Q55984191	6000000040500343993
Q559847	6000000039522184824
Q559852	6000000032064586422
Q559857	6000000010487569110
Q5598581	6000000011978292428
Q55986168	6000000024172165226
Q55987212	6000000015966728068
Q55987266	1335488
Q55987313	6000000021823516185
Q55987362	6000000009861102843
Q55987674	6000000033377743511
Q55988072	6000000016325338327
Q55988373	6000000169029437824
Q55988471	6000000080832802895
Q5598941	6000000006126620106
Q5598961	6000000027131390796
Q55989799	6000000002433529813
Q5599	6000000006789856001
Q5599023	6000000018750991144
Q55990391	6000000015222126629
Q55991097	6000000000438095983
Q5599154	6000000131530550034
Q55991812	6000000019276460530
Q55991942	6000000011903156132
Q55992054	6000000043294569059
Q55992127	6000000000442859731
Q55992725	6000000080770239361
Q5599361	6000000002510638525
Q5599381	6000000003630687970
Q55994	4036218628960027150
Q55994010	6000000030674741821
Q55994212	6000000032390082969
Q559950	6000000091138249087
Q559957	6000000021556734183
Q559962	6000000077770933896
Q55997930	6000000003105227878
Q559980	6000000008106670701
Q55998153	6000000034819386938
Q55999665	6000000008827824535
Q55999781	6000000028836515310
Q56000250	6000000105080643845
Q56000273	6000000026627625283
Q56000420	6000000001501551114
Q56000901	6000000026560958411
Q560011	6000000001461758327
Q560017	6000000029201767724
Q560021	6000000009026840804
Q5600227	6000000015323293649
Q5600289	6000000086584512892
Q5600293	6000000001224088327
Q5600298	6000000032550658979
Q5600305	6000000030718143998
Q5600314	2050811
Q56003710	6000000021849800498
Q560042	6000000151397184830
Q5600429	6000000019496289471
Q5600449	6000000025752307471
Q56005044	6000000050084074026
Q5600515	6000000058008964986
Q56005428	6000000081958686126
Q5600558	6000000025446474000
Q56005583	6000000019323303241
Q5600562	6000000027262034523
Q5600579	6000000025608309769
Q5600594	6000000022661227062
Q56005986	6000000044584553612
Q5600600	6000000173847744821
Q5600626	6000000110801858246
Q56006398	6000000009112022217
Q56006558	6000000003527015735
Q560067	6000000019623411107
Q56006724	6000000073374423980
Q56006728	6000000006802912032
Q56006806	6000000009118789157
Q56006852	6000000020132063501
Q56006972	6000000035865606052
Q56007054	6000000189879057862
Q56007081	6000000013577730961
Q56007101	4649793
Q56007125	6000000019294626993
Q56007145	6000000009462170216
Q56007205	6000000052597927139
Q56007211	6000000184992656822
Q56007219	6000000023119983589
Q56007263	6000000017200322385
Q56007331	6000000011770499823
Q56007462	6000000009128271782
Q56007509	6000000001464146536
Q56007535	6000000080592700548
Q5600785	6000000005751298279
Q5600806	6000000019887099485
Q5600828	6000000006823317346
Q5600833	6000000054682975030
Q5600837	6000000052280492247
Q560087	6000000131456968128
Q5600882	6000000041757851126
Q5600893	6000000024352485816
Q5600898	6000000007158763961
Q56009	6000000009414494474
Q5600902	6000000001658182635
Q5600921	5588788314910057900
Q56009281	6000000090718446948
Q5601022	6000000039178068076
Q56011	6000000031985072974
Q56011063	6000000006596426046
Q5601119	6000000020880595047
Q5601123	6000000020880594977
Q5601154	6000000021133227936
Q5601221	6000000010827550728
Q56012758	6000000008897949778
Q560129	6000000180400016870
Q5601297	6000000004086446189
Q560132	6000000035800197435
Q560134	6000000166206994897
Q56014	6000000037500323525
Q5601414	6000000003743082445
Q56015029	6000000024791435534
Q56016	6000000000204832550
Q56016005	6000000027271701086
Q560170	6000000003227276016
Q5601995	6000000034812425891
Q5601997	6000000034812609827
Q56021183	6000000003185978626
Q5602152	6000000013071417394
Q560233	6000000163195842823
Q5602421	4844120130560024577
Q5602454	4938911248370041814
Q5602458	6000000003133512723
Q5602472	6000000000307489346
Q5602480	6000000006588863216
Q5602487	6000000007093494248
Q5602498	6000000019351893294
Q56025061	6000000020360810197
Q56025164	6000000063688059059
Q560252	6000000007600013961
Q5602525	6000000002930341075
Q5602529	6000000019262971816
Q560256	6000000051772049932
Q5602577	6000000019136838344
Q5602582	6000000019136845913
Q56025848	6000000127140959452
Q5602592	6000000008506988156
Q5602596	6000000012662795493
Q5602602	6000000008507108746
Q5602622	6000000018795300498
Q5602625	6000000060603455202
Q5602632	6000000021828853031
Q5602647	6000000060607625912
Q5602664	6000000000390787632
Q5602669	6000000019202566090
Q5602676	6000000017097211296
Q5602678	6000000017097237101
Q560272	6000000006727757286
Q5602729	6000000068139422850
Q560274	6000000079271097784
Q5602780	6000000003096639645
Q56027863	6000000081064747005
Q5602801	6000000001504321018
Q560281	6000000001753227825
Q5602814	6000000007938223069
Q5602818	6000000009402005394
Q5602821	6000000019127847922
Q5602831	6000000016165977127
Q5602840	6000000007022386130
Q560286	6000000034504313428
Q5602899	6000000022173411923
Q5603	6000000009543696250
Q5603036	6000000183407736851
Q560305	6000000010132675314
Q5603051	6000000007217207651
Q5603056	6000000007247450183
Q5603107	6000000040335331951
Q5603128	6000000005103867129
Q560321	6000000029111111746
Q5603239	6000000019139123690
Q56032723	6000000057328072988
Q56033470	6000000018857601128
Q56033498	6000000006375916309
Q56033853	6000000081064713220
Q5603396	6000000181845542843
Q56033970	6000000011112239497
Q5603416	6000000025803624151
Q56034422	6000000050828937868
Q5603476	6000000005392005485
Q5603480	6000000021148416017
Q5603505	307080656240006492
Q5603530	6000000040970394857
Q56035770	6000000222809815856
Q5603583	6000000006845979001
Q56036052	6000000069954745949
Q5603628	6000000081535447908
Q5603633	6000000024172003272
Q56036358	6000000121606979888
Q56036383	6000000076934569311
Q56036390	6000000053980881918
Q56036409	6000000155237125851
Q56036423	6000000007339041814
Q56036862	6000000095343382822
Q56037077	6000000001669649864
Q56037077	6000000078815222423
Q56037337	6000000014507143038
Q5603753	6000000007827629546
Q5603759	6000000007827622540
Q5603762	6000000002633361410
Q560390	6000000038935198863
Q56039201	6000000000062884543
Q56039970	6000000029845547394
Q5604	359887443050007456
Q5604000	6000000179883277848
Q56041985	6000000018504252092
Q5604209	6000000037802063856
Q560421	6000000173506046108
Q5604251	6000000041013773921
Q56042566	6000000047102218873
Q5604262	6000000014013075874
Q560427	6000000015341483839
Q560429	6000000018203970721
Q560433	6000000037128125643
Q56043305	6000000052432554904
Q5604348	6000000000668143649
Q56043532	6000000177355567840
Q5604374	6000000104348443821
Q5604457	6000000020068042256
Q560447	6000000001449262167
Q5604477	6000000147744031899
Q56044832	6000000178298546835
Q5604507	6000000014724975442
Q5604512	6000000173796792699
Q5604516	6000000069867268125
Q5604518	6000000019363295315
Q5604531	6000000069828517253
Q5604537	6000000012602651488
Q5604541	6000000069866807333
Q5604547	6000000046895252072
Q560455	6000000053458727261
Q56045546	6000000017643443203
Q5604555	6000000015483069100
Q56045603	6000000037509283156
Q56045908	6000000034367831545
Q56045980	6000000008512011412
Q560462	6000000068827561835
Q5604660	6000000006127159864
Q5604676	6000000014946913706
Q5604688	2360253
Q56046905	6000000020305807403
Q5604693	6000000126739950821
Q560476	6000000016276801520
Q560482	6000000015719332332
Q5604848	6000000003656012158
Q5604855	6000000007722281372
Q560488	6000000010877868141
Q5605002	6000000068062223959
Q5605139	6000000134688392840
Q560516	6000000184000074829
Q5605165	6000000016451903631
Q56051829	6000000073621050105
Q5605183	6000000025660787092
Q5605194	6000000019936043114
Q56051955	6000000073593717914
Q5605199	6000000017025202095
Q56052026	6000000170620559865
Q5605203	6000000017024837370
Q56052066	6000000010355512934
Q5605224	6000000033159990066
Q56052286	6000000009135518118
Q5605272	6000000026979595047
Q56053207	6000000016295990300
Q56053236	6000000042860540524
Q56053840	6000000016317436276
Q560539	6000000014082395756
Q5605428	4848003368430054605
Q56054396	6000000017407271600
Q5605441	6000000031238388521
Q5605453	6000000006828286802
Q56054564	6000000010462782521
Q560546	6000000034252741917
Q5605461	6000000019297147003
Q56054630	6000000028229340117
Q56054709	6000000011159118158
Q56054748	6000000024760303305
Q5605497	6000000022200834334
Q5605501	6000000011380486170
Q5605509	6000000024374634244
Q56055110	6000000133692609925
Q5605516	6000000018657680897
Q560552	6000000092273129998
Q56055390	6000000019627673492
Q5605550	6000000006128133379
Q5605556	6000000007305603646
Q5605561	6000000013311032943
Q5605565	6000000019149843256
Q5605572	6000000006127836483
Q5605594	6000000037827389903
Q56056057	6000000016294087463
Q5605607	6000000049465373928
Q5605648	6000000017547036281
Q5605651	6000000020086878142
Q5605654	6000000019150333530
Q5605657	6000000019150184987
Q5605661	6000000019150469176
Q5605676	297814844800004130
Q5605679	6000000027236138657
Q5605682	6000000011549873518
Q5605687	6000000011549761083
Q5605691	6000000006276120270
Q5605695	6000000004009826354
Q5605702	6000000014468190511
Q5605709	6000000039603650198
Q560571	6000000015722722576
Q5605716	6000000002602313592
Q5605720	6000000002602030056
Q5605725	6000000010420499395
Q5605731	6000000006127526528
Q5605737	6000000002602027336
Q5605741	6000000006412515372
Q5605746	6000000003957467485
Q5605790	6000000176141425834
Q5605879	6000000012983968082
Q5605883	6000000005984963007
Q5605886	6000000012653933324
Q5605895	6000000012653701557
Q5605906	6000000005985041001
Q5605915	6000000019866172125
Q5605919	6000000012984206421
Q5605924	6000000012983994974
Q5605948	6000000179102779870
Q560595	6000000002188479676
Q5605974	6000000019159594952
Q5605978	6000000019735304110
Q560598	6000000017737539874
Q5605983	6000000055570611868
Q5606078	6000000019665644687
Q5606084	6000000190496229830
Q5606087	6000000009154493793
Q5606090	6000000019211345031
Q5606094	6000000024317375745
Q5606105	6000000018749276943
Q5606129	6000000008334169445
Q560616	6000000006936820676
Q56061813	6000000009876021766
Q56061835	6000000005442236087
Q56061848	6000000016294081514
Q56061912	6000000016280306167
Q560622	6000000017709574525
Q56062325	6000000037359574782
Q56062807	6000000141811873903
Q5606289	6000000083863928397
Q5606295	6000000100765353293
Q56063778	4377195838400023551
Q560639	6000000016648249861
Q56064173	6000000006127366006
Q560643	6000000013999221613
Q56064615	1720565
Q56064616	6000000011504213159
Q56064767	6000000007679712675
Q56064798	6000000093585326988
Q56064822	6000000013440427735
Q5606483	4914615475540121227
Q560649	6000000017512719343
Q56065206	6000000012059930599
Q5606528	6000000028867437229
Q5606547	6000000055753241860
Q5606560	6000000019884626051
Q5606587	6000000001306034282
Q5606589	6000000017354660547
Q5606683	6000000072280586832
Q5606721	6000000015749016570
Q5606731	6000000012422239264
Q560676	6000000001915901155
Q5606857	6000000001986617986
Q5606879	6000000002328855177
Q5606891	6000000032149860937
Q5606897	6000000011080848959
Q5606902	6000000008458314676
Q5606949	6000000010951841055
Q5606963	6000000006893616290
Q5607017	6000000000106504400
Q5607040	6000000019160647595
Q56070632	6000000009606805228
Q56070662	6000000027760960414
Q560707	6000000006907142723
Q56070745	6000000044138036891
Q5607129	6000000026467714937
Q56071354	6000000141894160049
Q560714	6000000068439788009
Q5607146	6000000020169677248
Q56071518	6000000003001618467
Q560716	6000000002225264244
Q56071722	6000000081242270532
Q56071805	6000000042834829296
Q56071925	6000000015044497524
Q56072267	6000000005071241661
Q560725	6000000077654965593
Q56072520	6000000183641823902
Q56072689	6000000032303787922
Q56072693	6000000019612983180
Q56072736	6000000017851940532
Q560731	6000000017738583833
Q56073104	6000000036473453627
Q560733	6000000003998173346
Q56073437	6000000020226678004
Q560735	6000000010695287457
Q560746	6000000010072952996
Q5607471	6000000039811043391
Q5607510	6000000034677389007
Q560753	6000000007496818900
Q5607533	6000000032979783055
Q560757	6000000000961695094
Q5607590	6000000068161309821
Q5607644	6000000185079009853
Q5607657	308566082720007092
Q5607686	6000000003709018595
Q5607708	6000000013230380352
Q5607720	6000000106413473860
Q5607728	6000000016042604185
Q5607729	6000000024213751889
Q560774	6000000016806193051
Q5607791	6000000080596579204
Q5607839	6000000077843574701
Q5607841	6000000088314416867
Q5607842	6000000036128472388
Q5607848	6000000021824921281
Q560787	6000000002061588041
Q560790	6000000018474120516
Q560792	6000000000128188484
Q5607942	6000000025079971237
Q5607992	6000000015829210588
Q5608	6000000009389428221
Q5608019	6000000018307834719
Q5608123	6000000006444753685
Q5608139	6000000010262326711
Q5608214	6000000022305296391
Q5608262	6000000109919400023
Q5608326	6000000074359054836
Q5608329	6000000028262629773
Q5608335	6000000007103791401
Q560836	6000000052751418277
Q5608366	6000000057835687004
Q5608372	6000000053816488902
Q5608376	6000000057837979890
Q5608386	6000000057837967951
Q560839	6000000014016870153
Q5608401	6000000011321008078
Q56084379	6000000016294084218
Q56085031	6000000025157367160
Q560853	6000000090670055874
Q5608537	6000000007071786090
Q56085719	6000000024846703450
Q5608579	6000000018073045158
Q56085834	6000000017061413163
Q56087012	5262036942820120743
Q56087644	6000000006734625325
Q5608795	6000000085603659005
Q56088189	6000000089146627822
Q56088205	6000000052270762930
Q56088247	6000000000838085337
Q5608838	6000000003478993223
Q5608852	6000000005796317625
Q5608866	6000000000527965334
Q56089130	6000000010042402229
Q560900	6000000183383242833
Q56090670	6000000183193580849
Q5609105	6000000024582891884
Q5609112	6000000084959822220
Q5609181	6000000018697899524
Q5609194	6000000079824448329
Q560921	6000000056605243268
Q5609211	6000000001180237298
Q5609242	6000000016521653812
Q5609244	6000000016522379222
Q560926	6000000141112764741
Q56093	6000000010571779656
Q560930	6000000015271224733
Q560938	6000000043908150493
Q56094	3922571700940041502
Q5609429	367747546520012649
Q560949	6000000003353095523
Q560955	6000000017969226216
Q560958	6000000000260685611
Q5609591	6000000018558207810
Q56096008	6000000018894634400
Q5609602	6000000010964427874
Q5609609	6000000019762809350
Q5609612	6000000018558764175
Q5609616	6000000025417257265
Q560962	6000000024616561992
Q5609632	6000000003890761919
Q5609671	6000000016495925606
Q5609677	6000000020319578590
Q5609701	6000000000088610487
Q56097132	6000000000539591902
Q56097155	6000000000333662899
Q56097178	6000000019581356784
Q56097285	6000000041596177242
Q5609865	6000000000623315473
Q560990	6000000078362037614
Q5609935	6000000003708829240
Q5609964	6000000007832496861
Q5609970	6000000002188517015
Q5609972	6000000002188520782
Q5609974	6000000006444798302
Q5610027	6000000010801918681
Q5610044	6000000006127496905
Q56100878	6000000000199967906
Q5610121	6000000003002066360
Q56101272	6000000006566716166
Q56101362	6000000019804940951
Q561019	6000000019343920313
Q56101965	6000000026715285489
Q56102	6000000013961951402
Q561027	6000000018114497364
Q56102816	6000000002831290311
Q56102849	6000000016521664882
Q56102954	6000000175156796382
Q56102960	6000000016721480336
Q56103071	6000000107453203939
Q561031	6000000004168798507
Q56103124	6000000011145845914
Q56103940	6000000024890698704
Q56104055	6000000010781641553
Q5610434	6000000027810268509
Q56104918	6000000002928648861
Q5610526	6000000003133699820
Q5610529	6000000025989050771
Q561069	6000000008098026509
Q56107154	6000000093711540833
Q5610730	6000000009374644026
Q5610736	6000000020792558409
Q561074	6000000018221006545
Q5610815	6000000103360350898
Q5610819	6000000002370578121
Q5610859	6000000007453551696
Q5610869	308926309000005688
Q5610872	6000000001597389082
Q5610894	6000000006784788403
Q5610897	308197269790007059
Q5610904	337468472010004998
Q5610936	6000000079638964938
Q561101	6000000014759021550
Q56110265	6000000012135119298
Q5611046	6000000177521249850
Q561107	6000000010792940918
Q561109	6000000060405113023
Q5611116	6000000004094636332
Q561112	6000000011549185459
Q5611125	6000000005781279270
Q561117	6000000026199923424
Q561127	6000000025741317946
Q5611358	6000000009128265617
Q5611439	6000000017478015662
Q56116116	6000000054184584821
Q56116135	6000000050696095999
Q56116246	6000000050695852154
Q561163	6000000005037299688
Q56116437	6000000050696107928
Q561169	6000000014201204887
Q561173	6000000002113066241
Q56117312	6000000022318043278
Q56117358	6000000005438426365
Q56117462	6000000005438426336
Q56117796	6000000005035974734
Q5611792	6000000015229145380
Q56118102	6000000041993983159
Q56118373	6000000061705492829
Q56118472	6000000194995155829
Q56118594	6000000020777468762
Q561186	6000000018216068649
Q56118699	6000000020777628446
Q56118763	6000000005736457164
Q5611891	6000000015290269063
Q56119579	6000000031937943811
Q56119628	6000000031938255066
Q5611966	4874018777900080865
Q5611966	6000000016203891023
Q5611966	6000000029017582962
Q56120676	6000000178900075835
Q56121584	6000000029998998239
Q561224	2205409
Q5612511	6000000004169961696
Q5612565	6000000024997365135
Q5612574	6000000014081705349
Q5612575	4065102714980123267
Q561259	6000000044513554757
Q5612624	6000000001153482440
Q5612725	6000000034147015885
Q5612753	6000000009604848035
Q5612772	6000000005247690146
Q5612782	6000000016674573155
Q561283	6000000030446222970
Q5612839	6000000018464069447
Q561284	6000000047364822154
Q5612899	6000000034201296991
Q5612906	6000000013382475623
Q5612921	6000000007674717461
Q5612926	6000000003781450075
Q5612935	6000000011082014158
Q5612970	6000000021633215862
Q5612981	6000000017231604369
Q5612985	6000000013185874754
Q5613061	6000000002188517249
Q5613115	6000000075406168904
Q5613126	6000000054129691982
Q561315	6000000035659535888
Q561319	6000000006251268501
Q5613200	6000000143552646962
Q5613214	6000000000181955380
Q5613219	6000000002262914106
Q5613226	5543006079720103081
Q5613227	6000000019677254478
Q5613293	6000000027562031480
Q561332	6000000012107628853
Q5613371	6000000009420754859
Q5613442	6000000030032967485
Q5613446	6000000025095765062
Q5613463	6000000011716124308
Q5613467	6000000004212973634
Q5613476	6000000000410668397
Q5613480	6000000001458150885
Q5613494	6000000024317447897
Q5613496	6000000116767309848
Q5613508	6000000005250720637
Q561352	6000000019336739988
Q5613525	6000000006331802395
Q5613543	6000000022831950888
Q5613549	6000000016360409270
Q5613551	6000000022832642611
Q5613556	6000000025996568996
Q5613560	6000000009914082307
Q5613578	6000000031629838926
Q5613581	6000000012462370624
Q5613591	6000000007043154095
Q5613598	6000000012993727217
Q5613604	6000000006769883556
Q5613612	6000000007425875336
Q5613618	6000000007425859315
Q561365	6000000011506888953
Q561371	6000000001368943339
Q5613710	6000000017016540363
Q561372	6000000072379691841
Q5613770	6000000095690271962
Q5613808	4791474
Q5613813	6000000003950706720
Q5613876	6000000000280483370
Q561401	6000000014607812320
Q5614029	6000000031337949634
Q5614033	6000000020850303686
Q5614059	6000000003196969537
Q561411	6000000000628802598
Q561414	6000000020339493029
Q561420	6000000178198799837
Q5614244	6000000034682920507
Q5614280	6000000024957461039
Q5614289	6000000003021605697
Q5614295	6000000004543547904
Q5614408	6000000015734798274
Q561448	6000000015359752213
Q5614500	6000000007833824229
Q5614547	6000000015282841506
Q5614565	6000000011088258068
Q561458	6000000028590659779
Q5614592	6000000065039276887
Q5614632	6000000010150091689
Q56146457	6000000006058815005
Q561465	6000000013704886131
Q561468	6000000059429087156
Q561474	6000000015350566220
Q5614741	6000000002792037952
Q5614831	6000000003011008944
Q5614936	6000000006595575469
Q561494	6000000079216378089
Q5614944	6000000024725437250
Q5614957	6000000024725484432
Q5614965	6000000006590055668
Q5614967	6000000021728155526
Q5614974	6000000006595562774
Q5614977	6000000006595575457
Q5615018	6000000023582629510
Q5615032	6000000020208907986
Q5615054	6000000002143505687
Q5615115	6000000006590048443
Q56151312	6000000095714617831
Q5615134	6000000027351520133
Q5615161	6000000001140972093
Q5615164	6000000016660346077
Q5615194	6000000077952613885
Q561520	6000000009489121446
Q5615201	6000000030645346366
Q5615235	6000000000082303956
Q5615252	6000000074812389851
Q5615317	6000000017773969750
Q5615348	6000000026885810796
Q5615350	6000000178961160830
Q5615380	4448793678250061206
Q5615402	6000000001354535460
Q5615421	6000000022710373243
Q5615424	6000000030225002218
Q5615428	6000000069132559926
Q5615440	6000000014423781219
Q5615444	6000000006590177796
Q5615454	6000000009588259980
Q5615478	6000000009804902650
Q56155165	6000000110804573017
Q5615518	6000000040082978930
Q561554	6000000017629055490
Q5615573	6000000020377211117
Q5615606	6000000014619170421
Q5615619	6000000145368255853
Q5615624	6000000040226824480
Q5615629	6000000012054724754
Q5615633	6000000012053987400
Q5615642	6000000006127769949
Q5615650	6000000005951100674
Q5615665	6000000018963464046
Q5615693	6000000036339738443
Q56157	6000000013503497626
Q5615733	6000000003193580035
Q5615782	6000000172081321908
Q561579	6000000009225176722
Q56158	6000000014260921715
Q5615926	6000000003977856809
Q5615929	6000000077942379029
Q561596	6000000014198162032
Q5616010	6000000005904755006
Q5616058	6000000006719290829
Q5616061	6000000006724960558
Q5616072	6000000010672761775
Q5616075	6000000004209750017
Q5616079	6000000001009237489
Q5616087	6000000019632069301
Q5616109	6000000157487258013
Q56161234	6000000038934912288
Q56161285	6000000077108332310
Q5616162	6000000012482904130
Q5616165	6000000133677149834
Q5616167	6000000019193823791
Q56161782	6000000042352701438
Q5616189	6000000036177359742
Q5616206	6000000019412861271
Q5616213	6000000004545491942
Q56162633	6000000010683395221
Q561632	6000000007960495341
Q56163331	6000000012976935761
Q56163371	6000000080764026862
Q56163379	6000000065458332877
Q56163397	6000000019043977129
Q56163399	6000000021520276382
Q56164097	6000000001402200493
Q56164358	6000000025873721663
Q56164366	6000000012722941466
Q56164389	6000000026048949425
Q5616448	6000000020529334113
Q56164526	6000000026050171253
Q56164619	6000000016909055238
Q56164627	6000000026050238101
Q56164835	6000000107052782253
Q5616499	6000000000332209229
Q561650	6000000019380443586
Q5616503	6000000175685455842
Q56165043	6000000026244478768
Q5616520	6000000025578312985
Q56165233	6000000025042049248
Q5616554	6000000083668538460
Q561656	6000000019842220785
Q5616563	6000000008548725999
Q5616566	6000000008548871223
Q56166111	6000000025927269472
Q561662	6000000001380253350
Q561662	6000000209567756836
Q56166223	6000000009772733733
Q561664	6000000020944062950
Q56166452	6000000076826637131
Q561666	6000000039574885026
Q56166655	6000000009772331837
Q56166683	6000000009772367069
Q56166703	6000000009772750754
Q56166741	6000000009772804838
Q561670	6000000069557776345
Q561676	6000000075724253877
Q561690	6000000080955184035
Q5616931	6000000021766667224
Q5616940	6000000077654609108
Q5616942	6000000077653968350
Q561698	6000000098305637846
Q5616985	6000000007407796626
Q5617062	6000000090951269069
Q5617127	6000000026279675056
Q561716	6000000015152907216
Q5617161	6000000007509216729
Q5617178	6000000078370258067
Q5617250	6000000064687933857
Q5617299	6000000008639058047
Q56173670	6000000055608168102
Q561737	6000000011757361526
Q56173728	6000000054690327945
Q56173975	6000000011832384960
Q56174024	6000000012261589672
Q5617448	6000000068650400829
Q56174545	6000000009783049096
Q56174573	6000000015730989643
Q561752	6000000049001159894
Q56175291	6000000003031754104
Q56175587	6000000064756069826
Q56175790	6000000024007387710
Q56176246	6000000024507049693
Q56176246	6000000074561656909
Q56176458	6000000014269713659
Q561765	6000000114530648821
Q56176510	6000000009803408582
Q5617655	6000000027906458478
Q5617656	6000000154319811822
Q56176669	6000000009783247323
Q56177012	6000000010688883049
Q5617703	6000000020234511238
Q56177073	6000000008773234617
Q561772	6000000009176641930
Q56177597	6000000002188479472
Q561777	6000000019310787496
Q56178388	6000000018777757667
Q56178689	6000000007714355650
Q5617897	6000000012956038303
Q56179197	6000000011071092943
Q56179343	6000000046473292165
Q561797	6000000080388935855
Q56179824	6000000001135962085
Q56179920	6000000020958934470
Q56180001	6000000019609917001
Q56180146	6000000055518561991
Q561804	6000000083994582576
Q56180652	6000000019129671145
Q56180866	6000000011158048704
Q56180942	6000000003931496703
Q561814	6000000032281625894
Q5618144	6000000015241331783
Q5618147	6000000084350563880
Q56181487	6000000196927108916
Q56181773	6000000010977504046
Q561818	6000000000121370148
Q5618220	2470149
Q56182218	6000000039213527088
Q561826	6000000004003585647
Q56182791	6000000009708295615
Q56182863	6000000009737262039
Q561829	6000000024684148465
Q56183335	6000000028466237245
Q561837	6000000005074227128
Q56183846	6000000004591214934
Q56183991	6000000002188514954
Q56184467	6000000017671978592
Q56184641	6000000100303642864
Q5618503	6000000053890075005
Q561852	6000000048457001432
Q56185314	6000000045956187540
Q5618570	6000000040309365670
Q56185709	6000000183505002822
Q5618573	6000000006126959377
Q56185730	6000000002488750410
Q5618597	6000000007298803214
Q5618601	6000000009552993168
Q5618610	6000000003889134023
Q5618613	6000000019211629654
Q5618617	6000000007483605529
Q5618631	6000000002148121003
Q5618637	6000000008175318107
Q5618647	6000000018029730383
Q5618652	6000000019582435443
Q56186531	6000000073582242033
Q56186621	6000000039278149301
Q56186625	6000000039278467981
Q5618664	6000000008512973510
Q561867	6000000013270846568
Q5618674	6000000000424570082
Q5618676	6000000019582874693
Q5618683	6000000008812988913
Q5618692	6000000006127621422
Q5618694	6000000011003826148
Q5618701	6000000012774068324
Q5618707	6000000003236952140
Q5618711	6000000018612701072
Q5618716	6000000024885974767
Q561873	6000000176660925881
Q5618741	6000000069044507950
Q5618748	6000000005923541299
Q5618759	6000000003694920477
Q56187649	6000000021025993137
Q5618766	6000000008820838686
Q5618770	6000000006127523477
Q5618774	6000000001340717081
Q56187789	6000000079422388971
Q5618783	6000000006127526339
Q5618788	6000000019910894382
Q5618800	6000000012159725691
Q5618813	6000000006127907767
Q5618818	6000000008627639459
Q5618821	6000000031474594306
Q56188658	6000000077774794098
Q56189	6000000012697550218
Q5618955	6000000011870304392
Q5618956	6000000009766020435
Q5618959	6000000040237372746
Q5618960	6000000176380186833
Q5618961	6000000017315416245
Q5618967	6000000053792134010
Q5618969	6000000013761079106
Q5618990	6000000010060006802
Q5618997	6000000008196473174
Q5619001	6000000009066311802
Q5619002	6000000020585688469
Q56190046	6000000010910384107
Q5619006	5554683568280037566
Q5619028	6000000011115858131
Q5619042	6000000028765330539
Q5619050	6000000015460684155
Q5619061	6000000016494889158
Q56190647	6000000002513989678
Q5619092	6000000001499036347
Q5619093	6000000003135611408
Q5619102	6000000020894987218
Q5619116	6000000018014004369
Q5619121	6000000001539847476
Q5619131	6000000005928156305
Q5619136	6000000156671865821
Q5619146	6000000000164762045
Q561916	6000000021625021977
Q5619170	6000000030153802075
Q56191847	6000000041429841944
Q5619206	6000000001827617726
Q561921	6000000183886997938
Q5619217	6000000003510627613
Q5619218	6000000013081273237
Q5619230	6000000019300965478
Q56193771	6000000077447736821
Q5619391	6000000020693779102
Q5619430	6000000033944169268
Q5619435	6000000008197401235
Q56194790	6000000044911002942
Q5619532	6000000155076465916
Q5619551	6000000042231189429
Q561957	6000000175631948822
Q5619591	6000000050037278858
Q561960	6000000080361282166
Q5619609	6000000003051156251
Q5619610	6000000074698958866
Q5619633	6000000014372697025
Q561981	6000000038164257907
Q56198206	6000000000762442915
Q56198308	6000000022757780236
Q56198706	6000000001384673497
Q56198796	6000000077439033857
Q561988	6000000030123418005
Q56198843	6000000001310149731
Q56198890	6000000000696753072
Q5619892	6000000026546327516
Q5619903	6000000008392434574
Q56199071	6000000130359867835
Q5619945	6000000032536401563
Q56199987	6000000189013535877
Q562001	6000000007273878327
Q5620059	6000000125262644927
Q5620070	6000000026707213921
Q5620100	6000000026392330236
Q5620194	6000000018028483707
Q56202949	6000000173154206845
Q562033	6000000010329098223
Q5620390	6000000024915354375
Q5620415	6000000032685452025
Q562042	6000000012396549481
Q5620421	6000000047336916920
Q5620467	6000000022485382249
Q5620522	6000000014569752810
Q5620546	6000000007327658263
Q5620549	6000000011324390984
Q5620641	6000000173490345791
Q5620654	6000000018605086403
Q5620657	6000000024364331511
Q562084	6000000143325666870
Q562087	6000000003887557213
Q5620937	6000000015751424021
Q5620959	6000000018031430884
Q562097	6000000136534963992
Q5620980	6000000006127651007
Q5620987	6000000070671909842
Q5620994	6000000003200338188
Q5621000	6000000143136854943
Q5621003	6000000124817408848
Q5621010	6000000002134732090
Q5621018	6000000008802874563
Q562102	6000000009316706475
Q5621027	6000000019558217447
Q5621050	5334310421170111957
Q5621052	6000000007122410548
Q5621053	6000000009572259401
Q5621064	6000000009083739897
Q56210734	6000000183881777822
Q562108	6000000098127727845
Q5621089	6000000007232491536
Q5621103	6000000014705303027
Q5621109	6000000018308080285
Q5621132	6000000055959600031
Q5621141	6000000011058532634
Q5621157	6000000010582278169
Q5621178	6000000024886196890
Q5621192	6000000009296398363
Q5621214	6000000004301735013
Q5621215	6000000013004938771
Q5621219	6000000016479000526
Q562122	6000000016035834680
Q5621220	6000000006420084180
Q5621226	6000000151143893861
Q5621240	6000000004297933804
Q5621259	6000000021332546300
Q562127	6000000006128363083
Q5621288	6000000039817568497
Q562137	6000000003827374420
Q5621379	6000000002315213075
Q5621480	6000000010145393359
Q5621495	6000000143232447264
Q5621534	6000000116908108826
Q5621545	6000000014803519520
Q5621549	6000000113751444959
Q5621553	6000000005576936427
Q5621554	6000000022866860153
Q5621555	6000000005688122007
Q5621557	6000000178358895843
Q5621566	6000000016486694828
Q5621575	6000000036987445153
Q5621576	6000000050273477899
Q5621587	6000000018709635141
Q5621589	6000000018719851048
Q5621591	6000000130590812988
Q5621592	6000000018725966643
Q5621593	6000000031684345942
Q5621594	6000000006127631622
Q5621597	6000000018933986013
Q5621605	6000000011615244576
Q5621610	6000000011615114537
Q5621616	6000000018707107818
Q5621619	6000000018726192123
Q562162	6000000010958856417
Q5621628	6000000018719026343
Q562164	6000000021198697337
Q56216567	6000000041485579186
Q5621658	6000000011003597447
Q56216872	6000000003890916995
Q5621688	6000000001675945975
Q5621691	6000000001675946274
Q5621697	6000000000166960220
Q5621706	6000000015652969109
Q5621707	314115214230001710
Q5621710	6000000025620602787
Q5621713	6000000039356369083
Q562174	6000000041325260935
Q5621826	6000000014207440705
Q56218448	6000000005806768001
Q56218448	6000000052997639039
Q5621868	6000000014695942726
Q56219	6000000131555496892
Q56219116	6000000045075564023
Q56219116	6000000052996940954
Q5621937	6000000003645734944
Q56220	6000000037490039079
Q5622002	6000000019226085344
Q5622047	6000000018847675936
Q5622068	6000000008630275012
Q562209	6000000143251597023
Q5622104	6000000023128518500
Q56221137	6000000001636210409
Q56221157	349929039490001998
Q56221298	6000000004571333843
Q56221422	6000000066286956839
Q5622182	6000000056385417134
Q5622193	6000000009527270323
Q5622196	6000000009048067263
Q5622227	6000000033363413324
Q5622241	6000000019753894475
Q5622280	6000000016487517286
Q5622288	6000000028136958465
Q5622308	6000000028191161098
Q5622372	6000000001580934005
Q5622400	6000000000865532038
Q5622406	6000000009485387672
Q56224061	6000000056745602975
Q5622428	6000000025526606988
Q56224458	6000000011451201426
Q5622472	6000000050458233896
Q5622474	6000000015385256361
Q5622523	6000000076280864822
Q5622535	6000000000940724101
Q562257	6000000024822078534
Q5622573	6000000010554043340
Q5622587	6000000070176941152
Q56226060	6000000017171578064
Q56226087	6000000000856698252
Q56226108	6000000014908458554
Q5622617	6000000056411641840
Q56226179	6000000003327772701
Q56226223	6000000010154415469
Q56226253	6000000015877653096
Q562266	6000000019833064735
Q5622688	6000000004153807678
Q5622690	5027511162530069070
Q5622748	6000000018647221296
Q5622753	6000000172119806833
Q5622757	6000000175910345823
Q5622787	6000000006127779412
Q5622790	6000000006127713486
Q56227925	6000000032487607885
Q5622794	6000000006127779424
Q56229182	6000000024957686828
Q56229335	6000000002115904751
Q56229437	6000000007925162543
Q56229804	6000000003288506009
Q5623038	6000000028090140314
Q5623111	6000000006127453436
Q56231156	6000000005806916002
Q56231163	6000000005807266007
Q56231163	6000000052997021973
Q56231319	6000000076802114390
Q5623133	6000000001545788339
Q5623169	6000000067418074847
Q5623170	3242946
Q5623188	6000000001095238413
Q56232078	6000000166692267832
Q5623250	6000000011205468221
Q56232548	6000000039123610610
Q56232553	6000000008353095808
Q56232555	6000000002551808017
Q56232555	6000000063535200894
Q56232575	6000000004594322702
Q5623261	6000000016485555950
Q5623276	6000000067425201822
Q56232911	6000000017302470386
Q56232930	6000000006582475091
Q56232997	6000000013538957194
Q56233019	6000000017583815217
Q5623312	6000000020094655738
Q56233134	6000000008325220748
Q56233143	6000000008323934114
Q56233146	6000000015719317963
Q56233293	6000000166892679895
Q5623378	6000000129330497854
Q562339	6000000010475760969
Q562339	6000000038176898879
Q5623423	3930968813630115722
Q5623430	6000000049820761837
Q56234397	6000000010505395806
Q5623451	6000000175991835834
Q5623475	6000000009607643753
Q56234880	6000000133697978045
Q56234896	6000000085055000822
Q5623540	6000000036565377231
Q5623554	6000000008737518032
Q5623576	6000000080353956109
Q56235873	6000000012539004252
Q56235966	6000000022792810209
Q562364	6000000009774443220
Q5623705	6000000011157749883
Q56237443	6000000020691566176
Q562375	6000000096834171086
Q5623813	6000000007694686822
Q5623885	6000000042191104773
Q5623932	6000000002935056470
Q56240026	6000000042855029091
Q562402	6000000009047909813
Q56240351	6000000160076322821
Q56240398	6000000003354234452
Q56240645	6000000176109054825
Q56240720	6000000086401432836
Q56240761	6000000011529958384
Q56240762	6000000011529871397
Q5624121	6000000008806093343
Q56241737	6000000048949397951
Q56241876	6000000002435511084
Q56242032	6000000011241102159
Q5624210	6000000006718168753
Q5624314	6000000003664456134
Q56243160	6000000090823179065
Q56243178	6000000035425122850
Q56243210	6000000013753460032
Q5624361	6000000008659913716
Q56243610	6000000026890669697
Q56243659	6000000003232538102
Q5624380	6000000025641938060
Q5624392	6000000004301669103
Q5624398	6000000056957257888
Q5624443	6000000003120173513
Q56244506	6000000010505429561
Q5624513	6000000086759372827
Q56245170	6000000020361405193
Q5624563	6000000006809941864
Q5624579	6000000028694191223
Q5624749	6000000002188374128
Q56247744	6000000012473027635
Q56247745	6000000012473037555
Q56247870	301046968790007815
Q56248036	6000000001564372277
Q56248071	6000000016012290046
Q56248080	6000000122830066850
Q562481	6000000056341871930
Q5624820	6000000015312961039
Q5624845	6000000018776538812
Q56248690	374271268030012169
Q56248722	6000000002277807231
Q56248735	6000000023055841208
Q5624886	6000000015041215832
Q56248894	6000000010703323202
Q562489	6000000004263743379
Q5624919	6000000018838278634
Q5624921	6000000019240932337
Q56249309	6000000024710787258
Q5624943	6000000017705973271
Q56249509	6000000014975670310
Q562507	6000000006909676300
Q56251023	6000000003219731124
Q5625148	6000000022940803267
Q562515	6000000083128762854
Q562521	6000000049591985833
Q5625211	6000000001414171478
Q5625219	6000000001414274486
Q5625237	6000000005738958663
Q56252850	6000000015436608814
Q56253105	6000000108136404821
Q5625320	6000000016545354983
Q56253327	6000000007335945758
Q56253638	6000000158340244822
Q56253640	6000000157654329911
Q56253848	6000000173762937216
Q562540	6000000011071262498
Q56255150	6000000022665159861
Q56255150	6000000022670959103
Q56255150	6000000053781199125
Q56255204	6000000084182942023
Q56255250	6000000014017262178
Q5625539	6000000016649537967
Q562554	6000000083555951194
Q56255473	6000000078084461107
Q56255614	6000000077403579912
Q56255670	6000000150863685869
Q56255773	6000000007451962208
Q5625581	6000000087739879940
Q56255813	6000000181387909843
Q56255855	6000000078446766915
Q56255908	5117883423090064665
Q56255920	6000000003836407690
Q56255923	6000000099426115926
Q56255936	6000000122082199867
Q5625596	6000000002188440370
Q56255970	6000000022648878121
Q56256032	6000000035110739051
Q56256146	6000000083024664083
Q56256154	6000000028471510322
Q56256239	6000000019750005141
Q56256562	6000000073549658830
Q5625663	6000000015737488889
Q5625666	6000000009976585259
Q56256675	6000000002802349676
Q56256757	6000000073541935825
Q56257019	6000000039225934127
Q56257289	6000000082532831856
Q56257313	2739919
Q56257700	364344889710007644
Q56257770	6000000056574410866
Q5625786	6000000003254463512
Q5625789	6000000035329843123
Q56258045	6000000014820979027
Q5625818	6000000043485078025
Q56259763	6000000007340563969
Q5625993	6000000015600115545
Q56260247	6000000003827671682
Q56260257	6000000027181145645
Q56260275	6000000006101381662
Q56260310	6000000002764440187
Q56260323	6000000005599183013
Q56260324	6000000005599075997
Q56260371	5561084939450055451
Q56260382	6000000077587190487
Q56260390	6000000001384708931
Q56260393	6000000030124878035
Q56260583	6000000078881790699
Q56260844	6000000172614408235
Q56260965	6000000002192041289
Q56261014	6000000067776213821
Q5626139	6000000011208789787
Q5626144	6000000037579328564
Q5626146	6000000007287488094
Q5626148	6000000007680468910
Q5626154	6000000019249498452
Q5626157	6000000007287577896
Q56261581	6000000008820969076
Q5626160	6000000007680282493
Q56261609	6000000002192238130
Q5626164	6000000007722187291
Q562621	6000000037960827041
Q5626212	6000000109015562938
Q5626216	6000000126262824976
Q5626257	6000000016709330736
Q5626263	6000000018553666389
Q5626305	6000000016022966157
Q5626314	6000000016022201117
Q562641	6000000000470938084
Q5626486	312540909880007066
Q5626623	6000000074315397926
Q5626646	6000000094620605209
Q562665	6000000015614890673
Q5626669	6000000015428012496
Q5626695	6000000023013602883
Q56266951	6000000041856480278
Q5626700	6000000019190627022
Q5626702	6000000019190148251
Q5626706	6000000019187832103
Q5626711	6000000019254479702
Q5626817	6000000022512310309
Q5626830	6000000007171690172
Q5626848	6000000186884001845
Q5626855	6000000021451274403
Q5626862	6000000015898382201
Q5626869	6000000008611936524
Q5626886	6000000019252872259
Q5626899	6000000018671310594
Q5626919	6000000002076862185
Q5626964	6000000025108985934
Q5626983	292248393720006873
Q562700	6000000181947006850
Q5627008	6000000019276269524
Q5627012	6000000021178945951
Q5627020	6000000019276339330
Q5627034	6000000012659465121
Q5627100	6000000001489118987
Q56271230	6000000020170458469
Q56271239	6000000176832919824
Q5627170	6000000016570851116
Q5627186	384325540150004197
Q562719	6000000025809107009
Q5627190	384321226820012556
Q5627193	387537774640003109
Q5627207	6000000006127434751
Q5627253	6000000070086203003
Q5627280	6000000008779783204
Q5627338	6000000123032991857
Q56273409	6000000183742757923
Q56273426	6000000002042837532
Q56273604	6000000035136929745
Q56273767	6000000173839400896
Q5627410	6000000004129363015
Q56274180	6000000009185902705
Q5627420	6000000018914883676
Q5627435	6000000025356464842
Q5627474	6000000001673309650
Q56275577	6000000002430497103
Q5627617	6000000003001049878
Q56277449	6000000037691340527
Q5627763	6000000046789466051
Q5627768	6000000076677431947
Q56277732	6000000030026086148
Q5627821	4771443
Q5627825	3718545
Q56278503	6000000188670809827
Q56278617	6000000019003500939
Q5627901	6000000055584812273
Q56279333	6000000001727306111
Q56279773	6000000032104303871
Q56279808	6000000032104055278
Q5628042	6000000075325837063
Q5628049	6000000097362718821
Q5628068	6000000035711715508
Q5628072	6000000076466279175
Q5628091	6000000013713153880
Q56281027	6000000004540727262
Q5628103	6000000063149658986
Q56281179	6000000003141783492
Q5628123	6000000061682688821
Q5628126	6000000019583502261
Q5628130	6000000003778689707
Q5628135	6000000009485490455
Q5628136	6000000004084794009
Q56281400	6000000089848080822
Q5628142	6000000006127836891
Q5628163	6000000001054870520
Q56281650	6000000025983066416
Q5628172	6000000030039714700
Q5628175	6000000019520148931
Q5628179	6000000019271045023
Q5628196	6000000007689194729
Q5628202	6000000103189463017
Q5628203	6000000011554184335
Q56282062	6000000002112097689
Q5628208	6000000009856800252
Q5628235	6000000081402515940
Q5628245	6000000011171906645
Q5628285	6000000000038182889
Q5628302	6000000136536020872
Q5628307	6000000014360911226
Q56283352	6000000055822926859
Q5628339	6000000183408589823
Q56283462	6000000020379733162
Q56283468	6000000010165167965
Q5628359	6000000030550123029
Q5628364	6000000021845669968
Q56283743	6000000077773122069
Q5628383	6000000026780674572
Q56283960	6000000041874368434
Q56284021	6000000096431928838
Q5628403	6000000008394406941
Q5628424	6000000012117705328
Q5628428	6000000007556967444
Q5628432	6000000007557266307
Q5628445	6000000018028414891
Q56284487	6000000022941944909
Q5628461	6000000006127783288
Q5628468	6000000003923866433
Q5628471	6000000006127783298
Q56284758	6000000034301374058
Q56284791	6000000024451780970
Q56284856	6000000009774759409
Q56284856	6000000081321410973
Q5628491	6000000084504786914
Q5628492	6000000054691004967
Q56285117	6000000002896070937
Q56285210	6000000000579619347
Q56285213	6000000004148992320
Q5628538	6000000000147403569
Q5628544	6000000000502430372
Q56285601	6000000077488989993
Q5628577	6000000013185704557
Q5628593	6000000011214463270
Q5628637	6000000073959816902
Q5628656	6000000012960007245
Q562874	6000000004048676055
Q5628851	6000000172668606912
Q56289475	6000000004079770017
Q562902	6000000045707253006
Q5629029	6000000007741213205
Q562908	6000000003301242751
Q562917	6000000054297570976
Q5629298	6000000038815133120
Q5629311	6000000037964417078
Q562934	6000000015639467247
Q562939	6000000009317042044
Q5629502	6000000025512360778
Q5629513	6000000053645707080
Q5629547	6000000022588492851
Q5629576	6000000004368797982
Q5629580	6000000003578897828
Q5629584	6000000004368760146
Q5629593	6000000019275691564
Q562960	6000000012875886516
Q5629624	6000000006128083059
Q5629675	6000000011460745517
Q5629684	6000000019281039653
Q5629711	6000000004139754244
Q5629777	6000000053604766832
Q5629781	692407
Q5629840	6000000095708020833
Q5629850	6000000009420697215
Q562994	6000000009856621667
Q56299682	2683246
Q56299935	6000000007984667000
Q56299964	6000000007345431388
Q56299975	6000000000945053014
Q56299979	6000000004974496181
Q56300034	4366438803110122217
Q56300061	6000000006127170475
Q5630011	6000000001620917013
Q56300246	6000000030769496830
Q5630029	6000000084551193884
Q56300372	6000000009079212741
Q56300806	6000000138205540834
Q56300838	6000000004073119362
Q56301104	6000000036621844484
Q56301332	6000000013821229382
Q56301576	6000000013255932859
Q563017	6000000071380357839
Q56301839	6000000002450516577
Q56301907	6000000003877034767
Q563023	6000000161452413900
Q563026	6000000021966908997
Q563027	6000000012901830827
Q56303886	6000000020731596403
Q56304269	6000000181332912937
Q5630444	6000000011233950148
Q5630454	6000000008048128713
Q5630490	6000000006127013005
Q5630501	6000000006126999797
Q5630523	6000000006126999748
Q5630527	6000000033779526570
Q563053	6000000011792109343
Q5630541	6000000002479681439
Q5630560	6000000011726670651
Q5630564	6000000006126999760
Q56305681	6000000081323187912
Q56305953	6000000216575990822
Q5630602	6000000006126999834
Q5630611	6000000006126999772
Q5630618	6000000007484003231
Q5630641	6000000007045860511
Q5630674	6000000003605464794
Q563069	6000000043253814430
Q5630690	6000000007483091531
Q5630693	6000000005021959102
Q5630718	6000000007483055633
Q56307518	6000000024586709225
Q56307562	6000000018049001343
Q56307638	6000000015609482805
Q56307971	6000000176134192831
Q56308184	6000000030020600983
Q56308194	6000000061775570829
Q56308221	6000000022368008457
Q56308231	6000000112429111874
Q56308241	6000000033193871094
Q56308321	6000000172719005130
Q56308623	6000000087141432930
Q56308660	6000000008571515936
Q56308906	6000000074236413821
Q56308938	6000000009125538122
Q56308952	5165031287430058787
Q56309026	6000000126025790845
Q56309355	6000000050029696360
Q56309412	6000000028183347541
Q563098	6000000015025440497
Q56310060	6000000018136794734
Q56310333	6000000036432355541
Q56310370	6000000022436386859
Q56310416	6000000195370525841
Q56310581	6000000017671958365
Q56310632	6000000033654309583
Q56310790	6000000214152922838
Q56311316	6000000078646045171
Q56311382	6000000052768651953
Q563138	6000000037713045223
Q56314169	6000000002173066266
Q563158	6000000068080606923
Q563164	6000000150855844029
Q56316514	6000000185987773178
Q5631717	6000000001882093349
Q56317854	6000000016538258746
Q56319375	6000000086168602927
Q56319432	6000000086168435841
Q56319437	6000000034717438105
Q563196	6000000013079980519
Q563209	6000000015918960222
Q563217	6000000134561065860
Q563232	6000000006191275361
Q56323700	6000000080484873834
Q563239	6000000026719589422
Q563243	6000000034839130498
Q563248	6000000042387581117
Q56326780	6000000001504296879
Q56327205	6000000000153041104
Q56327431	6000000122563285933
Q56327804	6000000017770748406
Q56328438	6000000018774819012
Q56328925	6000000075503046060
Q56328930	6000000015798062778
Q56329404	6000000014026340040
Q56329527	6000000028281708795
Q56329888	6000000067644791834
Q563305	6000000007801938806
Q56331414	6000000006577055182
Q56331448	6000000005740749492
Q56331603	6000000006576954348
Q56331998	6000000005051410079
Q56332131	6000000005051247261
Q56332235	6000000133236172821
Q56332361	6000000133220983008
Q563342	6000000013287604816
Q56334680	6000000022194646095
Q563347	6000000001053495455
Q563371	6000000016631828463
Q56338022	6000000133122869966
Q56338360	6000000011528272328
Q56338363	5489268340060102196
Q56338508	6000000216749907851
Q56339206	6000000016094909827
Q56339209	6000000159684767821
Q56339295	6000000002101168016
Q56339681	6000000121576954864
Q56339683	6000000000694194161
Q56339820	4490229108530048071
Q56339829	6000000077657361856
Q56339944	4950895299540010027
Q56340216	6000000015042956392
Q56340605	6000000194590487906
Q56340612	6000000003389084397
Q56340753	6000000020433936691
Q56340899	6000000040933844480
Q563432	6000000177170967850
Q563436	6000000003847388010
Q56344373	6000000008404901746
Q563460	6000000019033951083
Q56346644	6000000100774536881
Q563469	6000000000796541278
Q56349385	6000000013483889269
Q56349490	6000000030432268150
Q56349611	6000000008288384516
Q56351166	338472633760007377
Q563524	6000000029347534832
Q563526	6000000023034699920
Q563546	6000000007862792790
Q563549	6000000024696497968
Q56356192	6000000012454111490
Q563577	6000000047326128208
Q56358770	6000000000657943866
Q563596	6000000047860601283
Q56359981	6000000003388929075
Q5636462	6000000010546216053
Q5636474	6000000028647205895
Q5636475	6000000005431361272
Q5636476	6000000020957535711
Q5636479	6000000013210696311
Q5636480	6000000032440393957
Q56364803	6000000027947337120
Q5636481	6000000000133689969
Q5636486	6000000029074340518
Q5636495	6000000012732408770
Q5636499	6000000024193371795
Q5636502	6000000011919914265
Q5636513	6000000065326178032
Q563665	6000000027911463164
Q56366698	6000000015712189135
Q563672	6000000060185451836
Q56367803	6000000008289526527
Q56367856	6000000009886909252
Q56368844	6000000007176801795
Q563699	6000000092002842925
Q5637020	6000000029772086597
Q5637033	6000000009137597604
Q5637130	6000000030269643907
Q56371919	6000000007606890913
Q56372108	6000000004880970410
Q56372182	6000000003649716312
Q56372331	364493767690007647
Q5637335	6000000016131756871
Q56373638	6000000053049183109
Q56373653	6000000002890051365
Q563737	6000000045701174114
Q56373801	6000000002043252409
Q563740	6000000027018373714
Q5637424	6000000177170967860
Q5637425	6000000177170967829
Q5637601	6000000015529462191
Q563765	6000000003204101271
Q5637697	6000000004786466001
Q56377661	6000000039330256833
Q56377826	6000000078636880483
Q56378006	6000000000389144292
Q56378906	6000000011104297424
Q56379569	6000000018953062682
Q56379603	6000000006796364164
Q56379636	6000000182981055916
Q56379700	6000000007947239645
Q56379798	6000000151410767834
Q5637985	6000000002777139244
Q56379891	6000000001098819530
Q563800	6000000016651310532
Q56380028	6000000151409897863
Q56380135	6000000014458920431
Q5638156	6000000012408774874
Q563817	6000000025502886224
Q563840	6000000006727830775
Q563843	6000000002764365721
Q56384787	6000000042853995959
Q5638567	6000000015069667001
Q5638571	6000000007409141122
Q56387370	6000000009562349124
Q5638757	6000000012409096687
Q56388670	6000000013805766946
Q56389083	6000000025454765744
Q56389095	6000000037947002735
Q56389223	6000000011467369842
Q56389277	6000000058685851936
Q56389707	6000000082778633093
Q56389730	6000000016462474133
Q5639007	6000000038101197391
Q56390274	6000000179747680822
Q56390434	6000000000881188296
Q56390437	6000000010036907890
Q56390457	6000000148108909888
Q56390595	6000000034032285978
Q5639080	6000000002933182051
Q5639082	6000000021423493535
Q56390962	6000000096670962966
Q56391131	6000000006508277004
Q5639121	6000000025415323134
Q56391807	6000000008278993724
Q56391808	6000000174583192834
Q56392105	6000000025503342486
Q56392186	6000000019623616539
Q5639235	6000000002116381418
Q56392421	6000000176873271916
Q5639249	6000000045742325950
Q56392496	6000000112056161921
Q56392629	6000000084890578008
Q5639293	6000000025820350427
Q56393329	6000000019325945106
Q5639379	6000000043585887238
Q563940	6000000003827435418
Q563941	6000000071002240087
Q563946	6000000023713199158
Q56394654	6000000007097554716
Q56394877	6000000043991141251
Q56394896	6000000027955469313
Q5639540	6000000019482186322
Q5639624	6000000021664058438
Q56396980	6000000007332642324
Q56397541	6000000111226079887
Q56398973	6000000012759591569
Q56399008	6000000010121969188
Q56399134	6000000003355516152
Q56399171	6000000019596793027
Q56399309	6000000028977411687
Q56399480	6000000003194552342
Q56400935	6000000037961066935
Q56400957	6000000062570991862
Q56400990	6000000032347266022
Q56400991	6000000016399986099
Q56401221	6000000104567458860
Q56401231	6000000010526042905
Q56401436	6000000156294221022
Q56401554	6000000003549099353
Q56401563	6000000173648353869
Q56401618	6000000037543867398
Q56401645	6000000072518726659
Q56401674	6000000064193075821
Q56401992	6000000037178650033
Q56402002	6000000045014328854
Q56402006	6000000036905813940
Q56402104	6000000058496666949
Q56402397	6000000008198914718
Q56402481	6000000173384814129
Q56402707	6000000010541395584
Q56402773	6000000020664265746
Q56403380	6000000156747010822
Q56403405	6000000005231646045
Q56403444	6000000126784628858
Q56403828	6000000002836300017
Q56403866	6000000005762874182
Q56403917	6000000174050532986
Q56403951	5352468178200119622
Q56403953	6000000024706014873
Q56404002	6000000001980979676
Q56404003	6000000001389335881
Q5640425	6000000042305625113
Q56404888	6000000000211854678
Q5640551	6000000177070636834
Q56405675	6000000027488740694
Q5640587	6000000011899915297
Q56405900	6000000017604821726
Q56406697	6000000081807873965
Q56406762	6000000021098466061
Q56406784	6000000007057740438
Q5640695	6000000072510496185
Q5640699	6000000039771304140
Q5640726	6000000037694186319
Q56407523	6000000012067758792
Q56407526	6000000018904728376
Q56407598	6000000007925262261
Q5640761	6000000065603633927
Q5640814	6000000176540551848
Q56408336	6000000041717788836
Q5640835	6000000003495229310
Q5640836	6000000009198518658
Q5640864	6000000032544407824
Q5640896	6000000078122210863
Q5640930	6000000069595295098
Q56409307	6000000001504654637
Q5641026	6000000063132868863
Q56410574	6000000014895273847
Q56410622	6000000011778102102
Q56411170	6000000018715198104
Q5641296	6000000042081250091
Q5641297	6000000019785584868
Q5641305	6000000081783389836
Q56415032	6000000011754658678
Q56416988	6000000007645414449
Q56417569	6000000016317233293
Q5641773	6000000097127563979
Q56417733	6000000011535272414
Q56417756	6000000016447467286
Q5641802	6000000134572459931
Q56418187	6000000016233087303
Q5641859	6000000010721987637
Q5641861	6000000011524735080
Q5641862	6000000003645734951
Q5641863	6000000019999847608
Q5641867	6000000011206758221
Q56421833	6000000002709599983
Q56422361	6000000177164773866
Q564226	6000000003264610957
Q56422936	6000000209660946949
Q56423074	6000000008725990981
Q56423417	6000000039622355862
Q5642363	6000000018790513496
Q5642366	6000000008497838540
Q5642369	6000000107025008975
Q56424491	6000000006796551010
Q56424584	6000000061675592831
Q56424909	5650035818310085106
Q56424912	6000000007308663894
Q56424952	6000000006586437007
Q56425129	6000000011326548801
Q56425894	6000000035193972655
Q5642630	6000000002998903268
Q56426852	6000000042221382941
Q56427523	6000000001382976383
Q5642805	3137288
Q5642810	6000000009551705123
Q5642965	6000000047927952068
Q5642968	6000000019243525625
Q5642969	6000000016266813438
Q5642974	6000000017337292340
Q5643004	6000000174806487822
Q5643094	6000000042469928113
Q5643133	6000000013355281878
Q5643220	6000000011493681271
Q5643222	6000000008199632597
Q5643228	6000000006434941299
Q56432962	6000000012770757550
Q56433962	6000000042262492164
Q56434044	6000000049812501194
Q56434089	6000000112418655898
Q56434220	6000000013898355961
Q56434415	6000000002658315476
Q56434717	6000000003876621045
Q56434769	6000000025079843259
Q56434945	6000000070665083892
Q56435090	6000000000527047049
Q56435675	6000000000779697876
Q56435739	6000000018696642980
Q5643577	6000000063554879888
Q56435982	6000000114700975933
Q5643724	6000000002267098193
Q5643726	6000000033326584320
Q5643729	6000000011934047504
Q5643739	6000000015244417747
Q5643740	6000000032380350458
Q5643759	6000000056398302141
Q5643760	6000000023469501594
Q5643763	6000000012481677854
Q5643765	6000000020406618669
Q5643769	6000000003353391744
Q5643773	6000000012346889371
Q56438234	6000000014635532329
Q5643826	6000000016885432081
Q56438377	6000000011414743113
Q56439765	6000000010645860280
Q5644068	6000000027307110855
Q56440795	6000000001573162454
Q56440847	6000000001573299131
Q5644085	6000000015685121458
Q56440914	6000000013381365583
Q56441036	6000000007209867258
Q56441375	6000000040337440004
Q5644310	4162875715680022157
Q5644386	6000000161917274875
Q5644496	6000000042169170389
Q56446775	6000000199642721821
Q5644686	6000000038241454261
Q56446997	6000000019695687893
Q5644727	6000000018078561730
Q5644845	6000000016026155060
Q56448906	6000000077224725248
Q5644893	6000000060171870074
Q5644901	6000000002220861271
Q5644921	6000000050506807975
Q5644938	6000000018069498811
Q5644940	6000000011467393564
Q5644946	6000000013557323695
Q56449466	6000000013217469246
Q5644974	6000000077270710852
Q56450908	6000000054624272852
Q56451893	6000000000491266605
Q5645257	6000000183094350401
Q5645350	6000000031795885844
Q5645403	5401765401300043531
Q5645435	6000000039262789888
Q5645546	6000000038947861666
Q56457878	6000000097879865067
Q56458067	6000000039825501217
Q56458810	6000000003827774962
Q56458915	6000000080915173071
Q56459081	6000000021944912832
Q5645926	6000000025607191049
Q56459480	6000000184724728915
Q5646006	6000000020170225781
Q5646057	6000000001699451110
Q56461595	6000000154673829970
Q56461835	6000000054624407844
Q56462062	6000000016721074708
Q56462198	6000000082397394164
Q56462712	6000000014169856605
Q56464225	6000000008606907687
Q5646569	6000000065946153830
Q5646626	6000000209795796834
Q5646763	6000000178387267845
Q5646782	6000000017494100533
Q56468199	4907487274170072847
Q5647258	6000000034249142178
Q5647267	6000000000489478750
Q56473914	6000000134610992958
Q56473999	6000000134610520003
Q5647540	6000000013283989587
Q5647561	6000000001209304592
Q564766	6000000004122471153
Q56476674	6000000082001868839
Q5647826	6000000032259062308
Q56478618	6000000009692593937
Q56478978	6000000024106107872
Q56479452	6000000097510034934
Q5648147	6000000000923181736
Q5648330	6000000077750956389
Q5648376	6000000014349684587
Q5648392	6000000175942228487
Q5648473	6000000059568222103
Q5648511	6000000173747048950
Q5648561	6000000001580846242
Q56485732	6000000079863210364
Q56486442	6000000182264915838
Q56486570	6000000161930808822
Q5648673	6000000008202613172
Q5648687	6000000130728863828
Q5648753	6000000012577790903
Q5648781	6000000003178127032
Q56487858	6000000000348777697
Q5648816	6000000043857243072
Q5648840	6000000157970195843
Q5648846	6000000075206972881
Q56488702	6000000011026209883
Q56488765	6000000020584627222
Q56488771	6000000052709982871
Q56488782	6000000026769524519
Q5648884	6000000013103077744
Q5648886	6000000056153977095
Q5648888	6000000012124176429
Q564889	6000000002879968647
Q5648899	6000000000535391519
Q5648933	6000000040240075955
Q5648935	6000000002764921524
Q56489372	6000000002649884673
Q56489392	6000000004879495558
Q56489394	6000000018614036887
Q56489395	6000000020758136373
Q56489523	6000000016521876907
Q56489543	6000000000887810183
Q56489564	6000000016522103541
Q5648959	6000000139177856879
Q56489605	6000000016521640699
Q56489639	373094392260006595
Q56489641	6000000036252524600
Q56489671	6000000009718583825
Q56489680	6000000016522263464
Q5648974	6000000125978303939
Q56489741	6000000015357018785
Q5648990	6000000002765848390
Q56490317	6000000013211480025
Q56490761	6000000030326533942
Q5649135	6000000003877391541
Q56491406	6000000008042007361
Q5649152	6000000028357908563
Q5649154	6000000074561101847
Q5649155	6000000042609209933
Q5649160	6000000021332834173
Q5649162	6000000195525084845
Q5649173	6000000013120128225
Q56491774	6000000017596130964
Q5649185	6000000008981315573
Q5649280	6000000086686012996
Q5649299	6000000074310165044
Q56493360	6000000002764523552
Q56494564	6000000013968336365
Q5649532	5191842885490031597
Q5649557	6000000095353142850
Q5649562	6000000040022564589
Q5649717	6000000010172665372
Q5649726	6000000033186830353
Q5649733	6000000002188586631
Q5649741	6000000101290345836
Q564977	6000000026829899953
Q5649816	6000000022849107944
Q5649831	6000000003203183788
Q5649835	6000000016204316429
Q5649843	6000000060894033960
Q5649845	6000000040943948075
Q5649885	6000000003889462273
Q5649895	6000000008551224675
Q5649896	6000000011524627646
Q5649932	6000000004097776153
Q5649954	6000000030268402080
Q5649968	6000000038938249110
Q5649971	6000000014962281404
Q5649974	6000000014962232571
Q5649979	6000000015755559165
Q5650004	6000000009846200976
Q5650006	6000000016147440152
Q5650010	6000000004082954277
Q5650025	6000000008426128851
Q5650036	6000000015752009049
Q5650044	6000000019149955536
Q5650050	6000000012257531473
Q5650058	6000000006205565327
Q5650069	6000000076336342905
Q5650077	6000000012496458185
Q5650090	6000000003893862652
Q5650103	6000000005441211103
Q5650111	6000000001138510011
Q5650120	6000000026648510228
Q5650121	6000000001169130535
Q5650135	6000000000759735757
Q5650140	6000000011131019348
Q5650142	6000000005962388285
Q5650147	6000000025490161979
Q5650162	6000000022261925432
Q5650186	6000000080763855045
Q5650197	6000000008319043121
Q5650204	6000000011349361483
Q5650209	6000000008260246964
Q5650251	6000000007694418750
Q5650255	6000000008897818842
Q5650297	6000000008335878879
Q5650307	6000000002775732586
Q5650340	6000000011667403660
Q5650344	6000000075002494054
Q56503512	6000000139314198931
Q5650371	6000000021413620887
Q5650377	6000000008889138102
Q5650392	6000000003850183022
Q5650423	6000000045870154863
Q5650434	6000000008614768950
Q5650492	6000000011390307245
Q5650514	6000000019248347253
Q5650533	6000000025947820381
Q5650597	6000000003362672095
Q56506017	6000000002759532264
Q5650603	6000000032646793780
Q5650609	6000000000527047016
Q5650632	6000000029745314904
Q5650638	5058934268660133241
Q5650656	6000000007899234032
Q5650692	6000000001224056340
Q5650696	6000000014603077569
Q5650727	6000000020239028267
Q5650756	6000000005091083280
Q5650766	6000000013775480862
Q5650783	6000000015519209215
Q5650787	6000000082244374083
Q5650793	6000000033740141727
Q5650807	6000000014691394041
Q5650824	6000000098324913535
Q5650841	6000000040107235091
Q5650851	6000000005424201939
Q5650894	6000000008124071775
Q5651026	6000000011140262547
Q56510537	6000000046081619985
Q5651083	6000000046193156060
Q56511559	6000000016744340063
Q5651188	5396448869250044098
Q56512348	6000000025497994570
Q56512405	6000000006447488094
Q56512716	6000000016352530975
Q565133	6000000013116350779
Q5651357	6000000033959762061
Q5651383	6000000038691858025
Q565148	6000000075404565192
Q565151	6000000008630249330
Q56515764	6000000017421118248
Q565171	6000000024684822972
Q565184	6000000002188496281
Q56518711	6000000003389073048
Q5651879	6000000015517125417
Q56520956	6000000102668257049
Q56520983	6000000082390286931
Q56521009	6000000022411978998
Q56521024	6000000000486855996
Q56521046	6000000000503617064
Q56521062	6000000179048225835
Q565225	6000000075431076821
Q56523001	6000000147118084841
Q56523675	4147475417680069198
Q56524090	6000000212691180835
Q56524347	6000000016521632764
Q56524465	6000000015356027752
Q56524963	6000000013536608741
Q56524970	6000000076929250618
Q56525269	6000000003772730484
Q56525275	6000000017949997748
Q56525438	6000000166577575877
Q56525704	6000000024570677100
Q56525893	6000000022054058688
Q56526281	6000000058536880725
Q56527571	6000000009108849653
Q56530793	6000000002955972280
Q5653357	6000000010442614110
Q565342	6000000053652586017
Q56536811	6000000009509448388
Q5653700	6000000019440507370
Q5653717	6000000003480908088
Q5653719	6000000011540315209
Q565374	6000000027742591263
Q5653746	6000000188271919851
Q5653776	6000000045232641986
Q5653779	6000000014287442517
Q5653794	6000000027597716518
Q5653812	5051938063960051257
Q5653821	6000000074295224999
Q5653843	5036660335920105557
Q5653869	6000000017156784127
Q5653884	6000000007452993201
Q5653904	6000000010319003799
Q5653910	6000000009636611385
Q5653915	6000000127671997829
Q5653932	6000000024802060485
Q5653963	6000000015666477193
Q5653967	6000000083202424686
Q5653969	6000000012976073239
Q5653976	6000000015074933311
Q5653981	6000000014792596067
Q5654009	6000000008381304036
Q565401	6000000002188450346
Q565422	6000000024914727013
Q56543468	6000000016522048305
Q56543543	6000000036441535792
Q56543559	6000000010048023356
Q565457	6000000084409670931
Q56545759	6000000019913327638
Q56545771	6000000169059584839
Q5654606	6000000003260506287
Q5654615	6000000002918024918
Q56547609	6000000082061233852
Q56548529	6000000050566239591
Q5654859	3998704616090126824
Q5654876	6000000040874311687
Q5654948	6000000051290115956
Q565495	6000000025817008491
Q5654973	6000000025003612151
Q5654986	6000000076721586638
Q5655026	6000000014318997042
Q5655028	6000000023050369842
Q5655032	6000000152490377844
Q5655049	6000000011118195783
Q5655149	6000000071685233100
Q5655283	6000000009420167104
Q5655669	6000000171663936908
Q56556692	6000000087554914868
Q5655693	6000000040874665982
Q56557385	6000000012503180444
Q565577	6000000006727753928
Q5655856	351473059750011844
Q56558755	6000000004933890019
Q56559370	6000000009709639664
Q56559535	6000000038302243678
Q56559660	6000000114732613859
Q565598	6000000084426133859
Q5655983	6000000015435744395
Q565604	6000000016651651794
Q56560401	6000000003221246664
Q56560444	6000000111288520875
Q565606	6000000111900331857
Q5656142	6000000175324685915
Q56562516	6000000005679716009
Q56562533	6000000203843456846
Q5656287	6000000001369414196
Q5656348	6000000018011444124
Q565639	6000000044076406918
Q56563991	6000000000320729768
Q5656584	6000000092323898862
Q565666	6000000003560475272
Q565684	6000000083189740265
Q565692	6000000026091520122
Q56569851	6000000003891557684
Q56570503	6000000082628516373
Q565707	6000000012419767502
Q56570790	6000000082238251973
Q565724	6000000006727778974
Q565745	6000000006127307711
Q5657471	6000000004229196008
Q5657539	6000000013217784640
Q5657617	6000000002272190443
Q5657656	6000000003203183657
Q5657768	6000000012377480053
Q5657793	6000000015911984299
Q56577958	6000000008470522313
Q565780	6000000002188470332
Q565791	6000000020923033816
Q5657966	6000000019351485843
Q5657970	6000000053027785896
Q5658006	6000000007524644667
Q565802	326231213090002393
Q5658033	6000000003511057304
Q56580337	6000000006270612023
Q565815	6000000001504410520
Q56582034	6000000018336711644
Q5658275	6000000207043631822
Q5658303	6000000027774134388
Q5658313	6000000030403044958
Q565833	6000000011048391778
Q5658334	6000000064354018260
Q56584074	6000000022165596296
Q56584084	6000000213928063835
Q5658777	6000000089685523017
Q5658858	6000000017072346426
Q56589275	6000000008597759994
Q56590071	6000000115222761928
Q56590336	6000000108679700894
Q5659035	6000000012147596867
Q5659066	6000000015592157084
Q565914	6000000003937220475
Q56594847	6000000011363596594
Q56595975	6000000007049079085
Q56596347	6000000024485984063
Q56598044	4141757338120023485
Q5659873	6000000023552560523
Q56598887	5044742445560124601
Q56599039	6000000010451062599
Q56599163	358916985170011863
Q56599388	6000000007220231267
Q56599419	6000000001820087120
Q56599431	6000000031508701891
Q56599434	6000000001820087156
Q56599497	6000000011956687562
Q56599498	6000000011957183527
Q56599499	6000000133459782907
Q56599500	6000000138659026033
Q56599502	6000000178911205850
Q56599504	6000000178911287830
Q56599552	6000000000864692056
Q56599578	6000000002188470793
Q56599685	6000000166750471832
Q56599690	6000000001959126675
Q56599705	6000000002188502650
Q56599712	6000000004868037936
Q56599797	6000000011101659350
Q56599799	6000000003876215660
Q5659983	6000000009280989640
Q5660002	6000000077582437924
Q5660023	6000000013013042701
Q5660066	6000000007303936444
Q5660079	6000000038367292821
Q5660120	6000000028857286573
Q5660134	6000000053695026028
Q5660154	6000000013664655315
Q5660182	6000000040604785605
Q5660193	6000000024171595143
Q5660201	6000000043130412441
Q5660209	6000000011039245374
Q5660238	6000000013581287999
Q5660243	6000000018300908792
Q5660366	6000000036467104330
Q5660398	1421129
Q56603982	6000000002333625633
Q56604128	6000000006705591669
Q56604142	6000000006706050095
Q56604172	6000000006705594834
Q5660418	6000000023500535996
Q56604180	6000000006706049009
Q56604192	6000000006706010046
Q56604214	6000000006705913241
Q56604391	6000000052136324830
Q56604533	6000000028263034338
Q566047	6000000024693976531
Q56604786	3978913524300031131
Q56604853	6000000032583831484
Q5660494	6000000006814855870
Q56605019	6000000017815777479
Q56605033	6000000017241868529
Q5660564	6000000011188162014
Q5660597	6000000041859067455
Q5660670	6000000038370124030
Q566072	6000000002006057620
Q5660724	6000000013323902024
Q5660743	6000000002979704918
Q5660825	6000000060038731821
Q5660856	6000000013472280688
Q5660863	6000000032393087821
Q56608634	6000000016866428022
Q5660914	6000000003005262990
Q5660994	6000000012386673781
Q5661070	6000000030952273890
Q5661110	6000000031672302649
Q56611599	6000000036255066419
Q56611642	6000000002831290439
Q56611689	6000000002831290264
Q56611826	6000000060836580857
Q56611885	6000000009057416686
Q5661208	6000000072435398066
Q56612080	6000000156528787847
Q56612175	6000000015730815542
Q56612330	6000000137135275844
Q56612412	6000000153058799834
Q56612426	6000000002529493277
Q56612433	6000000008323956082
Q56612473	6000000001443595073
Q56612596	6000000002685537507
Q5661267	6000000021049575789
Q5661277	6000000169295760837
Q5661330	6000000018967322022
Q5661371	6000000004619996011
Q5661393	6000000181763298829
Q5661410	6000000015603352510
Q5661458	6000000081538847461
Q5661534	6000000029205234123
Q5661544	6000000174490997929
Q5661616	6000000025792662430
Q56616478	6000000034911700147
Q5661732	6000000011489472070
Q5661743	6000000185383694996
Q5661759	6000000007395180790
Q5661785	6000000109596024839
Q5661808	6000000058634255839
Q56618369	6000000010876227581
Q566190	6000000033897312926
Q5661934	6000000027510999856
Q5661985	6000000004868944022
Q5662146	6000000132327726946
Q5662202	6000000000489506609
Q5662240	6000000180529646821
Q5662303	6000000130038037821
Q5662310	6000000092225498931
Q5662367	6000000044299797050
Q5662422	6000000029058350001
Q5662440	6000000028021407831
Q5662454	6000000043028878925
Q5662499	6000000016866750170
Q5662543	6000000055820907939
Q5662623	6000000097739532869
Q5662661	6000000007183840007
Q5662676	6000000015818243227
Q5662721	6000000010486762404
Q5662807	6000000025484466889
Q56628090	6000000015765377630
Q56628236	6000000017267931802
Q5662837	6000000036036812786
Q5662903	6000000043645660190
Q56629427	6000000039642357570
Q56629445	6000000004096535040
Q5662958	6000000017259210621
Q5662998	6000000006323436320
Q5663061	6000000000427129076
Q566312	6000000000744360559
Q56631992	6000000000227458546
Q566322	6000000018183879089
Q56632240	6000000007989182655
Q56632272	6000000015299354125
Q56632286	6000000008033945057
Q5663268	6000000168858674887
Q5663282	6000000012442731782
Q5663397	6000000021810067684
Q5663451	6000000001098582140
Q5663465	6000000007549952605
Q5663480	6000000036175994076
Q566349	6000000037104955326
Q56635	6000000055956199989
Q5663509	6000000011138031789
Q5663587	6000000045267814821
Q5663685	6000000002422216832
Q566371	6000000038405143041
Q566383	6000000036246597567
Q56638781	6000000009930083397
Q56640092	6000000014878005678
Q56640092	6000000020690678855
Q56640148	6000000020179739500
Q56640172	6000000036965561471
Q56640181	6000000020179769764
Q56640212	6000000035346309197
Q56640715	6000000018014810757
Q56641142	6000000097505819222
Q56641195	6000000093908518841
Q5664125	6000000009728899494
Q5664126	6000000000494688300
Q5664127	6000000011861365596
Q56641273	6000000093906501269
Q56641305	6000000011600213833
Q5664138	6000000007652063254
Q56641396	6000000011176778299
Q56641482	6000000037445368832
Q56641495	6000000015654146312
Q5664169	6000000012217314579
Q56641763	6000000014907406137
Q5664180	6000000007929173315
Q5664214	6000000024171701860
Q56642207	6000000004097082547
Q5664246	6000000014430628631
Q5664295	6000000001639364559
Q5664339	6000000008342958516
Q5664341	6000000042308143098
Q56643578	6000000070609143040
Q5664379	6000000002235939055
Q5664437	6000000042582309647
Q5664616	6000000014465933105
Q56646256	6000000003151896144
Q5664671	5338612531980104088
Q5664672	6000000010788412417
Q5664848	6000000181894431837
Q56648920	6000000057740162147
Q56649006	4198622006570072403
Q56649227	6000000057740264059
Q5664934	6000000108865334853
Q56649632	6000000002802236340
Q56649773	6000000071677531879
Q56649831	6000000158577940617
Q5664991	6000000023827324409
Q56649985	6000000006770212336
Q56650054	6000000018883269295
Q56650163	4508675483070050990
Q5665033	6000000021366300714
Q5665043	6000000008280410993
Q56650599	6000000006711679246
Q56650717	6000000020194826826
Q56650763	6000000039848588895
Q56650915	6000000034564935091
Q56650945	6000000009456675689
Q56650968	6000000176636247877
Q56650974	6000000034564372651
Q56650986	6000000005623805805
Q56650989	6000000041480080208
Q56651000	6000000061193847915
Q56651017	6000000024408279521
Q56651027	6000000009269258814
Q56651031	6000000006444764952
Q56651095	6000000020543694089
Q5665131	6000000042103737396
Q56651597	6000000020724158078
Q5665172	6000000009387504659
Q566522	6000000023526753963
Q5665267	6000000036152306107
Q5665342	6000000029307490466
Q56653509	6000000148757632886
Q56653859	6000000036058549088
Q5665386	6000000000148736408
Q56654070	6000000034388782315
Q56654093	6000000017124502956
Q5665419	6000000003690559825
Q5665589	6000000020877716703
Q5665611	6000000002292639390
Q5665621	6000000003317445265
Q5665623	6000000130741508838
Q5665634	6000000018795897264
Q5665650	6000000018658428259
Q5666162	6000000017046716061
Q56662	6000000072327432938
Q5666370	6000000018269984002
Q5666429	6000000002303156695
Q56665487	6000000082974128855
Q56665534	6000000097212749925
Q56665662	6000000014684540873
Q56665695	6000000054513651836
Q56665708	6000000002568030346
Q56665728	6000000004546999606
Q5666589	6000000003645697274
Q5666708	6000000020907444845
Q5666768	6000000122889964964
Q566677	6000000029603388119
Q5666857	6000000163744471886
Q56668789	6000000001745064864
Q56668895	6000000026283564976
Q56669319	6000000031498638646
Q5666945	6000000001365995795
Q5666990	6000000142109151166
Q56669976	6000000014454631781
Q5667028	6000000030727457707
Q5667032	6000000016976324151
Q56670529	6000000045043811423
Q5667054	6000000039002944439
Q5667072	6000000001180334128
Q56670748	6000000024046122250
Q56670754	6000000022908183959
Q56670932	6000000017554025440
Q5667175	5305749809250076976
Q5667278	6000000151158172928
Q5667295	6000000081651219821
Q5667303	364600800940010535
Q566737	6000000031671418894
Q5667375	6000000080768820827
Q5667486	6000000001157175016
Q56676024	6000000028367032240
Q56676194	6000000007975372455
Q56676203	6000000015655899905
Q56676410	6000000024197151187
Q566768	6000000013194265930
Q5667687	6000000017678825369
Q5667729	327315847010007921
Q5667744	5608614597510075295
Q56677537	6000000013300255704
Q5667783	6000000048662285247
Q56677844	6000000182810006821
Q56678120	6000000054277266942
Q5667839	6000000015440324856
Q56678391	6000000003276717143
Q56678614	6000000006325523459
Q5667868	6000000021321235388
Q56678721	6000000001873065196
Q56678744	6000000001873009242
Q56678836	6000000050319434876
Q56678994	6000000122246218992
Q566790	5271353907380139594
Q56679039	6000000143407077821
Q56679138	6000000038270051899
Q56679140	6000000019596020267
Q566797	6000000167785251245
Q5667978	6000000015361355301
Q566803	6000000113322824923
Q5668033	6000000000645067769
Q566806	6000000021887284140
Q5668094	6000000000266205431
Q5668103	6000000017643862101
Q56681434	6000000053653599903
Q5668145	6000000046349563559
Q56681696	6000000023079351199
Q56681711	6000000157668686950
Q56681893	6000000026649809090
Q56681904	6000000079134330828
Q56682017	6000000026573153429
Q5668220	6000000064839888827
Q56682451	6000000003686909073
Q5668259	6000000100317582866
Q566836	6000000052211665996
Q5668417	6000000179637522864
Q56685080	6000000039276005412
Q5668555	6000000024772950602
Q56685724	6000000014095268821
Q566861	6000000015271375379
Q566864	6000000090990934821
Q5668641	6000000109627063892
Q5668685	6000000006373010664
Q5668783	6000000047241622095
Q5668805	6000000046370442869
Q5668826	6000000151682461955
Q56689	6000000006727749103
Q566895	6000000002897021493
Q5668964	6000000029430315430
Q5669	6000000011220568418
Q5669010	6000000012620421703
Q56690517	6000000002275747755
Q5669100	6000000002553517168
Q566918	6000000007514198276
Q56692381	6000000017532116146
Q56692424	6000000003231563395
Q5669279	6000000009295385217
Q5669310	6000000027082533855
Q5669330	6000000039628324271
Q5669347	6000000024104433902
Q5669371	6000000013612842115
Q5669421	5080015349420080944
Q56694830	6000000004536705763
Q5669521	6000000025689225846
Q56695331	6000000040431617968
Q5669537	6000000014874927393
Q56695852	6000000151127241384
Q56695918	6000000069640490089
Q56695972	6000000014244989356
Q56696075	6000000047366626145
Q566964	6000000062461923088
Q56697151	6000000064819506868
Q56697169	6000000133443766987
Q56697171	5421097123320027357
Q56697191	6000000147751961892
Q5669723	6000000007321321617
Q56697274	6000000131333443849
Q56697289	6000000000885143336
Q5669849	6000000023094089044
Q5669904	6000000176793108847
Q5669933	6000000044547689086
Q5669978	6000000003540731251
Q5669992	6000000176540584854
Q567	6000000010886763323
Q5670043	6000000046058542872
Q56701949	6000000016039468980
Q56702236	6000000006348361810
Q5670289	6000000001444871376
Q56703279	6000000074188280340
Q56703391	6000000005914133867
Q5670343	6000000022616734647
Q56703601	6000000014856891471
Q5670371	5484495609360101605
Q567045	6000000075731293954
Q56704665	6000000109502831890
Q567047	6000000008130901448
Q5670473	6000000078905714529
Q56705	6000000019217859664
Q5670503	6000000056340875406
Q5670556	6000000006947120391
Q5670651	6000000020598584776
Q56706727	6000000081558187946
Q56706761	6000000002607376379
Q56706803	6000000000348896491
Q56706822	6000000083256756252
Q5670716	6000000018935758570
Q5670719	6000000050551911905
Q56707211	6000000086121810992
Q56707463	6000000087911064857
Q56707486	6000000008859152865
Q56707522	6000000011232795843
Q56707806	2233267
Q5670788	6000000179730367826
Q5670853	6000000055595238837
Q56708539	6000000040219626426
Q5670855	6000000003206846095
Q5670882	6000000015445649453
Q5670987	6000000016533824690
Q5671171	6000000083567743461
Q56711745	6000000049745647859
Q56711865	6000000049745222834
Q5671244	6000000017204798478
Q5671246	6000000001126524696
Q5671335	6000000081741995552
Q5671351	6000000017945415624
Q5671363	6000000025156178062
Q56713830	6000000075001118827
Q5671393	6000000008583435212
Q5671454	6000000026090788712
Q5671518	6000000028108863709
Q567157	6000000009800925405
Q567159	6000000017743628195
Q5671610	6000000028123146566
Q5671646	6000000016707958112
Q5671668	6000000011130815647
Q5671733	6000000005599120126
Q56720	6000000026352874257
Q5672178	6000000053133903076
Q5672232	6000000021972496991
Q56722929	6000000076715680492
Q5672320	6000000083098583594
Q5672352	6000000102201158887
Q5672384	6000000002764921536
Q5672588	6000000179808743904
Q5672594	6000000030408332219
Q5672637	6000000050212662923
Q56726440	6000000016584607802
Q5672785	6000000024263328842
Q5672824	6000000029840685915
Q5672840	6000000155587869917
Q56728859	6000000001357864184
Q5673	6000000017916682263
Q5673001	6000000023151110960
Q5673008	6000000068747301038
Q5673040	6000000015152879300
Q56731934	6000000015534751151
Q56732960	6000000013413711729
Q56733013	6000000015534671152
Q56733880	6000000003139948837
Q5673485	6000000178829494821
Q56735088	6000000019204323231
Q56735172	6000000002765880287
Q5673532	6000000010229156422
Q567354	6000000014073667311
Q5673541	6000000002324878750
Q5673551	6000000127373332829
Q5673572	6000000039916132176
Q56735761	6000000137985503859
Q5673594	6000000000149770589
Q56736493	6000000168961611894
Q56736670	6000000019125934966
Q5673678	6000000023173864322
Q56737548	6000000033733104398
Q5673774	6000000008212930121
Q567382	6000000122470393941
Q5673841	6000000022281013790
Q56739442	6000000002903742135
Q5674009	6000000015758268314
Q5674035	6000000000262920298
Q5674057	6000000013021509662
Q56741122	6000000075808145338
Q56741212	6000000043851798844
Q56741803	6000000084533033139
Q5674209	6000000165039427131
Q5674217	6000000004882539504
Q56742775	6000000001399228612
Q56742811	6000000028390232139
Q56742863	6000000013620611134
Q56743159	6000000006444302955
Q56745809	6000000007095851794
Q5674603	6000000039535228916
Q56749762	6000000022300937235
Q5674986	6000000008882468704
Q5675038	6000000173361759011
Q56750717	6000000071945694095
Q56750866	6000000023474761390
Q56750938	6000000023474909078
Q56751657	6000000080729170821
Q56752191	6000000008135747803
Q5675254	303255159940005662
Q56752554	6000000012035811214
Q5675268	6000000210944684821
Q56753424	6000000027820293433
Q5675350	6000000000106278002
Q5675354	6000000006282303314
Q5675363	6000000002540594949
Q5675368	6000000037608472306
Q56753850	6000000008147286312
Q56753974	4171240835160059170
Q56754438	6000000002188524403
Q56755173	6000000007512754931
Q56755214	6000000022961036880
Q56755230	6000000007512756251
Q5675566	6000000031137979841
Q56755976	6000000020668945998
Q5675670	6000000006296179102
Q5675697	6000000020330528235
Q5675776	6000000003518724364
Q5675871	6000000036529783018
Q56758870	6000000221093525864
Q56759342	6000000013602762048
Q56759684	6000000053000203431
Q56759886	6000000087395241842
Q56760205	6000000009289041982
Q56760296	6000000193820527844
Q56760532	6000000019895163218
Q56760693	6000000025594452099
Q567610	6000000043543332909
Q56761341	6000000002398948139
Q56761347	6000000004969795376
Q5676142	6000000014280866801
Q56761702	6000000148758890059
Q5676198	6000000011049174811
Q56764769	6000000025113939792
Q5676574	6000000002008469068
Q56765937	6000000013632158603
Q5676959	6000000019369518664
Q5676965	320417575650003460
Q5677015	6000000009459342719
Q5677031	6000000026504067951
Q5677082	6000000026589008122
Q5677096	6000000012803729019
Q5677102	6000000013434189995
Q5677111	6000000078054791445
Q5677136	6000000143316050450
Q5677141	6000000183992494836
Q5677143	6000000123471714834
Q5677155	6000000003307922308
Q5677218	6000000025021263053
Q56772613	6000000008889639526
Q5677280	6000000031989171809
Q5677294	6000000010883432721
Q56773177	6000000008889776413
Q5677338	6000000024961547434
Q567735	6000000029597518717
Q5677390	6000000054382800849
Q5677495	6000000012420489760
Q5677516	6000000073122680392
Q5677537	6000000010144322535
Q5677540	6000000018966038020
Q5677542	6000000024269744942
Q5677555	6000000006582951443
Q5677562	6000000066588244946
Q567757	6000000012989032136
Q5677648	6000000018597500229
Q5677651	6000000012914329681
Q5677667	6000000005940257395
Q5677694	6000000022171046915
Q5677699	6000000005940257299
Q56777201	6000000011627238625
Q567782	6000000003602075136
Q5677827	6000000083990799961
Q567812	6000000037383219884
Q5678195	6000000011149074274
Q567828	6000000177971756840
Q567830	6000000002715924770
Q5678396	6000000008672724116
Q567854	6000000042197431893
Q56786306	6000000022143916302
Q56786660	6000000026039437113
Q56787262	6000000049450492912
Q5679	6000000005395417045
Q5679023	6000000052408623821
Q5679090	4252494
Q567913	6000000016368336743
Q56791828	6000000007235956302
Q567924	6000000001872470289
Q567937	6000000016203190620
Q5679458	6000000006242913442
Q56795693	6000000003232523577
Q567958	6000000022820678998
Q567959	6000000003515741531
Q567964	6000000009006390830
Q56797160	6000000008388515182
Q568012	6000000181928654909
Q5680277	6000000089442320844
Q56804200	6000000164102621833
Q5680460	6000000005740132319
Q56805963	6000000013632158611
Q56806421	6000000150235275829
Q56806754	6000000013631469522
Q568078	6000000166910081824
Q56807956	6000000015436594809
Q56808208	6000000014359647610
Q56808266	6000000014359647625
Q56808513	6000000175069718844
Q5681	6000000011217877581
Q56810114	6000000183791691871
Q56811031	6000000016071053705
Q56811060	6000000011997988733
Q56811913	6000000003295649439
Q568136	6000000023472955082
Q56813942	6000000047863082522
Q56815963	6000000005026869491
Q56816739	6000000069839580959
Q56816856	6000000002068514118
Q56817021	6000000017929716680
Q56817061	6000000051906492030
Q56817072	6000000016477007586
Q5681980	6000000021517286675
Q56822754	6000000083641423857
Q56822767	6000000002803148923
Q56822809	6000000051513855991
Q56823588	6000000031498546694
Q56826689	6000000013019587818
Q56827094	6000000029678311047
Q56827162	6000000029575787892
Q568284	6000000007813814049
Q5683	6000000000779479226
Q568344	6000000174647472024
Q5683516	6000000000742292621
Q5683551	6000000053597751882
Q56836197	6000000010493215918
Q568372	6000000179990510836
Q56839306	6000000098162947821
Q568395	6000000004058555738
Q56839653	6000000003617019339
Q56840007	6000000002588976469
Q5684083	6000000018962344392
Q5684131	6000000056730418939
Q568421	6000000002494919190
Q56844106	6000000038854388843
Q568443	6000000002831295079
Q568453	6000000007337941947
Q56849197	6000000154672716340
Q56849233	6000000032883185320
Q56849339	6000000098177977197
Q56849402	6000000012216586414
Q56849403	6000000042022876895
Q56849449	6000000011477941418
Q56849468	6000000013367519116
Q56849519	6000000040775075863
Q56849609	6000000019943551660
Q5685	6000000026200286038
Q568500	4073267
Q568506	6000000055319030423
Q568509	6000000178066059825
Q568510	6000000008301202399
Q56853891	6000000000487447147
Q56854226	6000000003833438458
Q56854427	6000000007313243778
Q56854779	6000000003216145721
Q56855311	6000000051519741615
Q56855342	6000000002081667082
Q56855519	6000000014064103856
Q56856288	6000000012385864717
Q56856304	5543613789110064065
Q56856332	6000000000533940540
Q56856392	5543862817210079252
Q56856400	6000000002444448488
Q56856419	6000000019204046071
Q56856530	6000000004079555573
Q56856530	6000000004079831342
Q5685787	6000000028720822439
Q5685828	6000000092632939978
Q5686	4850927350690030004
Q56860162	6000000009362099094
Q56860229	6000000181854798840
Q56860767	6000000089173809882
Q56860967	6000000054482632825
Q56860980	6000000031570049589
Q56862130	6000000025688495036
Q56862244	6000000083952036080
Q5686264	6000000152716258913
Q568631	6000000129539443134
Q56864726	6000000000770011665
Q56865656	6000000125276257824
Q56865989	6000000032207140526
Q56866452	6000000057182512063
Q56866678	6000000009768417958
Q56866794	6000000015727378223
Q56867244	6000000059496535907
Q56867321	6000000001757006003
Q56867331	6000000012386087559
Q56867344	6000000003217282600
Q5686749	6000000026710604853
Q56867811	6000000103760566389
Q56867930	6000000006971980183
Q56868008	6000000008448123599
Q56868026	6000000008762009763
Q56868326	6000000002057865218
Q5686836	6000000051853868016
Q56869382	6000000018031596947
Q5687128	385443152410011121
Q56871466	6000000009773346259
Q56872097	6000000019051049122
Q56872312	6000000006724916307
Q56872438	6000000015265532130
Q56872951	6000000003607538128
Q5687462	6000000010732075529
Q5687501	6000000064801992852
Q56875537	6000000044956103880
Q56875556	6000000011022991850
Q56875687	6000000024473068780
Q56875693	6000000034064875920
Q5687645	6000000057773701606
Q568766	6000000130223311858
Q56876810	6000000053010617962
Q5687724	6000000017557898490
Q56879077	6000000156472292853
Q5687926	6000000016769301166
Q56879404	6000000002188542921
Q56879408	6000000024038159923
Q56879471	5543866563130026044
Q56879583	6000000006286758216
Q56879666	6000000068375568998
Q56879946	6000000066655076826
Q56879979	6000000006722970547
Q56880005	6000000005929454251
Q56880028	6000000182442065837
Q5688022	6000000046988236945
Q568804	6000000000123235404
Q5688166	6000000028711430216
Q56883643	6000000032026939338
Q56883873	6000000017849245958
Q56883938	6000000156472460835
Q56884023	6000000018464940395
Q56884069	6000000009784255616
Q56884086	6000000018040574493
Q56884100	6000000042707776753
Q56884260	6000000119020700063
Q56884505	6000000007357500292
Q56884806	6000000007225154741
Q56884922	6000000040564179247
Q56885014	6000000025296120322
Q56885511	6000000015482235338
Q568856	6000000175235696998
Q56885742	6000000023921144254
Q56886523	6000000030286244277
Q56886789	6000000021184722786
Q56887381	6000000028191193928
Q56887386	6000000027933886076
Q56887578	6000000167351468325
Q56887588	6000000002116021682
Q568893	6000000183353628829
Q5689024	6000000162240618917
Q568960	6000000020972221024
Q56899298	6000000041545243835
Q5689956	6000000054310075961
Q56901686	6000000025377971948
Q569021	6000000029263485687
Q569063	6000000034589252586
Q5690769	317840994730002360
Q5690822	6000000003219792639
Q569152	6000000013383603025
Q5691564	6000000014928184676
Q56927476	6000000013613988657
Q56927564	6000000013613827379
Q56927789	6000000027421944664
Q569335	6000000001504709429
Q569387	6000000011087045245
Q569405	6000000013343331969
Q5694438	6000000003128890544
Q569448	6000000028889285366
Q569451	6000000037702619628
Q569459	6000000006727917849
Q5694630	6000000029659393948
Q569494	6000000000652175026
Q56949579	6000000001048086613
Q569496	6000000000854957216
Q56949984	6000000001048115592
Q569505	6000000017789371342
Q56952016	6000000104531464972
Q5695438	5216735145250108511
Q569557	6000000179036177871
Q5695693	6000000021825550821
Q569571	6000000016328903381
Q5695717	6000000040287787479
Q569582	6000000002765016052
Q569583	6000000171515291913
Q5695882	6000000025378102551
Q5696082	6000000004090126308
Q5696132	287773552520005534
Q569620	6000000011460428439
Q569641	6000000035479784006
Q5696412	6000000018922350016
Q5696631	6000000079259444923
Q5696658	6000000026992988947
Q5696848	6000000004297770848
Q5696873	6000000094102045974
Q5696886	6000000006263367939
Q5696966	6000000012986483353
Q56969815	6000000001402506912
Q5696989	6000000003011838084
Q5697264	6000000015117257497
Q5697394	6000000008969563303
Q5697468	6000000004692733167
Q5697498	6000000072882192965
Q5697511	6000000006906152734
Q569771	6000000041879626667
Q5697729	6000000022167135542
Q5697764	6000000157582703823
Q5697772	6000000015290335615
Q5697823	6000000021424641580
Q5698192	6000000017955000710
Q5698210	6000000054235169012
Q5698231	6000000008763998774
Q569826	6000000020757908250
Q5698366	6000000130219916869
Q5698452	6000000072090768119
Q5698541	6000000064670534918
Q569857	6000000018685794367
Q569859	6000000043174847872
Q5698635	6000000028027787002
Q5698684	6000000037456562851
Q56987063	6000000025631593854
Q5698710	6000000004845485219
Q5698738	6000000004629988943
Q5698748	6000000003995194676
Q5698751	6000000051237128136
Q5699005	6000000020838773886
Q5699023	6000000041606035908
Q5699100	6000000030787084883
Q5699114	6000000002563348106
Q5699147	6000000002370570800
Q5699190	6000000022818536426
Q5699299	6000000006803037232
Q5699312	6000000015302506749
Q5699358	6000000019976290270
Q5699385	6000000022628538488
Q56995051	6000000182851397839
Q5699506	6000000016586122178
Q5699585	6000000034435085841
Q569959	6000000007016456185
Q569962	6000000001588894981
Q569974	6000000002898218446
Q5699746	6000000180575695852
Q5699756	6000000019171533315
Q5699782	6000000102895999826
Q569983	6000000001579253908
Q5699886	6000000009440122608
Q569995	6000000039053110375
Q5700025	6000000043907270765
Q5700032	6000000016784699019
Q570006	323033638920005251
Q570009	6000000025595588048
Q5700124	6000000021824207766
Q5700168	6000000006802063029
Q5700223	6000000077002401866
Q5700242	6000000029632910730
Q5700243	6000000016519576273
Q5700292	6000000081962709000
Q5700308	6000000077551477846
Q570031	6000000134347670822
Q5700348	6000000127050552830
Q5700364	6000000031078093200
Q5700388	6000000007522238844
Q5700403	6000000007003476313
Q5700420	6000000012803937268
Q5700425	6000000014056883662
Q5700430	6000000001919674200
Q5700435	6000000099267084841
Q5700470	6000000019630350056
Q5700535	6000000006196955546
Q5700621	6000000071953716114
Q5700704	6000000002239097107
Q570071	6000000033507844512
Q5700765	6000000011799062516
Q57008769	6000000033988283610
Q5701179	6000000037812478831
Q570122	6000000019374639695
Q5701279	6000000014420225326
Q5701408	6000000015844889492
Q5701480	6000000007522099585
Q570155	6000000000140288155
Q570168	6000000099016030857
Q5701681	6000000008549125133
Q5701687	6000000001598909315
Q570170	6000000046501265158
Q570176	6000000011922687074
Q5701788	6000000015643067571
Q57018202	6000000018965062741
Q5701823	6000000010506505629
Q5701866	6000000009367234373
Q5701882	6000000018879503966
Q5701963	6000000022945203162
Q5701965	6000000009334063126
Q5701994	6000000026322101121
Q5701997	6000000014043251569
Q5702033	6000000042350183111
Q5702054	6000000071381465940
Q5702063	6000000183340213895
Q5702100	6000000030125629855
Q5702135	6000000026903009257
Q5702413	6000000016943659008
Q5702437	6000000024145207663
Q5702484	6000000000414220686
Q5702491	6000000012780000961
Q5702593	6000000179327207906
Q5702629	6000000022040895873
Q5702672	4398289160490049691
Q5702674	6000000079104900271
Q5702756	6000000002173044428
Q5702760	6000000003761966028
Q570279	6000000003229855806
Q5702853	6000000074703142001
Q570293	6000000034659837711
Q5702956	5529234267960061064
Q5702975	6000000004868937651
Q5702986	6000000070658376932
Q5702990	6000000012154226655
Q5703007	6000000018285918459
Q5703033	6000000173791642857
Q5703113	6000000111576214892
Q5703123	6000000075787131865
Q5703139	6000000000975901114
Q5703188	6000000077145979048
Q5703234	6000000131781787016
Q5703252	6000000000351056917
Q5703275	6000000021302784778
Q5703283	6000000032699990268
Q5703285	6000000011031423422
Q5703301	6000000008746586598
Q5703430	5564635598480137420
Q5703478	6000000038094232005
Q5703478	6000000144823914851
Q5703494	6000000179680575833
Q5703609	6000000034317878925
Q5703623	6000000070448453822
Q5703666	6000000039609254394
Q5703710	5664369473320120543
Q5703726	6000000084921097892
Q5703729	6000000017261671400
Q5703761	6000000006800452005
Q57037849	6000000006789994005
Q5703795	6000000003667673451
Q5703833	6000000003274504621
Q5703855	6000000019225578304
Q5703900	6000000018010382152
Q5703964	6000000036563175967
Q5704357	6000000008826245719
Q5704404	6000000005241692642
Q5704413	6000000032326675569
Q5704417	6000000030210756265
Q5704515	6000000002823411313
Q5704533	6000000015452875837
Q5704534	6000000014442556134
Q5704553	6000000011253829133
Q5704559	6000000013744323861
Q5704564	6000000006357777574
Q5704577	6000000011300310173
Q5704613	6000000087486893062
Q5704677	6000000024436094271
Q5704854	6000000091698121828
Q5704869	6000000009169925051
Q570491	6000000002188374791
Q570494	6000000019543525443
Q5704970	6000000000302510788
Q5705259	6000000185555911559
Q570572	4809547656650023545
Q57058937	6000000001048132023
Q570603	6000000182740013881
Q57063	6000000017188559997
Q570641	6000000007512745706
Q57065	6000000013761592294
Q57066	6000000015643171607
Q570662	6000000006453922476
Q57067	6000000000634927928
Q57068	6000000017206390687
Q5706932	6000000008780306729
Q57070	6000000000634785920
Q5707022	6000000019492869960
Q570709	6000000003600222512
Q5707109	6000000075137207273
Q5707157	6000000010162021257
Q57072	6000000017183684108
Q5707217	6000000000954941223
Q5707227	6000000013549308474
Q570729	6000000030621697907
Q57073	6000000018132149214
Q5707332	6000000002625250191
Q5707334	6000000002089841373
Q5707358	5457906158150081101
Q57074	6000000014640008112
Q5707419	6000000000193308214
Q5707439	6000000019298399691
Q5707448	6000000080944592078
Q5707461	6000000006855335528
Q5707498	6000000019328799639
Q57075	6000000011124466943
Q5707531	6000000020461186134
Q5707533	6000000013265546687
Q570761	6000000013144983988
Q5707649	4543826
Q5707651	6000000083030360896
Q5707660	6000000034633841493
Q5707682	6000000009783531659
Q57077037	6000000018299080856
Q5707706	6000000009783504662
Q570773	6000000034316664635
Q57078	6000000002802407832
Q57078982	6000000063582401863
Q57079063	6000000033822275854
Q570793	6000000054295694053
Q5707932	6000000004857249380
Q570794	6000000009322151756
Q5707990	6000000090335208883
Q5707997	6000000090333890422
Q5708004	6000000077123824223
Q5708005	6000000090332683633
Q5708011	6000000036981974560
Q5708019	6000000010993068131
Q570810	6000000000083554871
Q570817	6000000149605877836
Q5708250	6000000017495937139
Q5708255	6000000011179114086
Q5708269	6000000027727009967
Q5708283	6000000027727083529
Q57083451	6000000076700162168
Q5708359	6000000007256233325
Q5708388	6000000010741235902
Q5708428	6000000026237246337
Q5708452	6000000034429919833
Q57084624	6000000012709273225
Q57084733	6000000153912974866
Q57085	6000000011922248258
Q5708546	6000000007416144787
Q5708594	6000000090384858934
Q5708682	6000000011003269490
Q57087	6000000010259352985
Q5708769	6000000015451443414
Q5708812	6000000039260014426
Q5708890	6000000082765793904
Q57089	6000000002798427321
Q5709034	6000000086401372948
Q5709148	6000000013789014618
Q5709260	6000000019929793857
Q5709263	6000000018749393133
Q5709446	6000000019355796284
Q57095	6000000000328944730
Q570952	5067446031430089825
Q5709530	6000000019277365919
Q5709564	6000000073353542051
Q5709686	6000000015037689778
Q570974	6000000015017870436
Q57098	6000000178654845871
Q570981	6000000002388243406
Q5709849	6000000204623020824
Q5709851	6000000066688007825
Q570989	6000000005599068410
Q5709912	6000000040582817001
Q5709921	6000000019355509691
Q5709929	6000000019357263180
Q57100	6000000029979779938
Q571000	6000000034562001381
Q5710025	6000000005925319164
Q571009	6000000075656062974
Q571011	6000000010330611107
Q5710181	6000000120607807866
Q571028	6000000002248921436
Q57103	6000000000119223126
Q571030	6000000009629061509
Q5710331	6000000081006758102
Q5710407	6000000014630777827
Q5710415	6000000014627890505
Q571054	6000000125277196821
Q5710590	6000000019357650346
Q57106	6000000028299538160
Q5710635	6000000027274271594
Q5710748	6000000085996381941
Q571075	6000000009439210500
Q5710792	6000000026476879173
Q5710897	6000000018788745303
Q57109	6000000020176648087
Q5710926	6000000025531233988
Q5710960	6000000003150132908
Q5710961	6000000032608160114
Q5710963	6000000042166722274
Q5711044	6000000051214682081
Q5711068	6000000008612246401
Q5711082	6000000012619684346
Q5711195	6000000000237984654
Q57112	6000000043261712658
Q5711217	6000000000238087888
Q5711432	6000000000573990754
Q5711458	6000000003910506528
Q5711473	6000000008123031594
Q5711526	6000000000759469351
Q5711545	6000000000759469289
Q5711560	6000000085198083961
Q5711614	6000000027870463910
Q5711617	6000000042504712271
Q5711626	6000000011309981155
Q5711645	6000000003313420070
Q5711655	6000000072710691536
Q5711671	6000000008864994322
Q5711706	6000000183286611839
Q57118	6000000010193002474
Q5711833	6000000202741211911
Q5711944	6000000010552410850
Q5711965	6000000055314500889
Q5711968	6000000001654218261
Q5711988	6000000074283157841
Q57120	6000000020786636186
Q571203	6000000041190953025
Q5712031	6000000019368227484
Q5712076	6000000004690688698
Q5712222	6000000008920828423
Q5712244	6000000019370870702
Q5712251	6000000008920764405
Q5712264	6000000014538687378
Q5712292	6000000036696040973
Q57123	6000000040955575149
Q5712470	6000000038999376433
Q57125	6000000013215404305
Q57126	4475232
Q57127	6000000013079249883
Q5712735	6000000024050667830
Q57128	6000000029782201109
Q5712825	6000000031840574058
Q57129	6000000033813259521
Q5713020	6000000000084875592
Q57131	6000000079260938474
Q5713109	6000000017944597246
Q5713138	6000000003312247997
Q5713176	6000000074096036991
Q57132	6000000020906281605
Q571323	6000000011367747331
Q5713244	365181672550013967
Q57133	6000000058027737953
Q5713359	6000000020461474192
Q5713363	6000000019380676194
Q5713388	6000000019380203316
Q57134	6000000023497119184
Q5713444	6000000008338335671
Q57135	6000000021478581482
Q5713593	6000000056680336839
Q57136	6000000009307466832
Q571361	6000000017585304420
Q5713698	6000000004967579822
Q57137	6000000023794453626
Q5713742	6000000000954141215
Q5713806	6000000006127032044
Q5713900	6000000021552817029
Q5713985	6000000054502242286
Q5714003	6000000017675089064
Q571401	352182760320013901
Q571408	6000000144740240120
Q5714099	6000000007470717571
Q57141	6000000041299549863
Q5714108	6000000002188536876
Q5714113	6000000002188536870
Q5714116	5396265406830082980
Q5714118	6000000002188536858
Q5714122	6000000004173251211
Q5714132	6000000002188536864
Q5714134	6000000002188536733
Q5714137	6000000020615905392
Q5714234	6000000019383982007
Q571426	6000000022756620252
Q5714296	6000000006254485207
Q5714309	6000000019383990256
Q5714342	6000000003734498678
Q571435	5178359672160123508
Q5714350	6000000008562951192
Q57144	6000000025997179943
Q5714409	6000000026377902113
Q5714431	6000000001926567049
Q5714444	6000000025274459840
Q57145	6000000000406481761
Q57146	6000000002130133237
Q571460	6000000007329696539
Q571463	6000000007336866596
Q57147	6000000016821850473
Q5714707	6000000034635898001
Q5714752	6000000002565662531
Q571476	6000000004634529220
Q57149	6000000192557639850
Q5714903	6000000006590082286
Q5714959	6000000010571546705
Q5714971	6000000036396916314
Q5714995	6000000032390124933
Q5715022	6000000011161180119
Q571504	6000000024975721629
Q57150507	6000000017722932363
Q57150964	6000000017681562245
Q57150968	6000000013948913481
Q57150972	6000000013898656118
Q57150979	6000000013711159745
Q57150983	6000000017718549686
Q57150999	6000000013701141214
Q57151027	6000000013699923448
Q57151030	6000000013699874834
Q57151072	6000000013948235451
Q57151120	6000000013653796309
Q57151126	6000000013638924298
Q57151130	6000000014154536418
Q57151142	6000000017962723005
Q57151165	6000000014154052518
Q57151167	6000000013691047062
Q57151179	6000000004296241222
Q5715118	6000000011261823231
Q57151193	6000000013799808383
Q57151194	6000000013799842221
Q57151213	6000000013693339131
Q57151225	6000000013720459096
Q57151238	6000000017660855216
Q5715124	6000000019577252527
Q57151242	6000000017865516002
Q57151266	6000000017956768809
Q57151284	6000000017358360243
Q57151297	6000000018001501163
Q57151304	6000000018035106016
Q57151354	6000000016702558108
Q57151405	6000000017954266532
Q57151409	6000000017827254522
Q57151418	6000000017726619270
Q57151430	6000000004296389062
Q5715148	6000000040348910340
Q57151486	6000000015764204023
Q57151491	6000000017805786342
Q57151501	6000000013821627239
Q57151517	6000000013629857890
Q57151519	6000000014982421622
Q57151553	6000000013671683059
Q57151564	6000000013785232368
Q57151579	6000000013821620534
Q57151586	6000000013821735468
Q57151603	6000000018030089791
Q57151624	6000000017727829568
Q57151637	6000000013645813308
Q57151649	6000000013712882064
Q57151652	6000000013644931252
Q57151656	6000000013712582565
Q57151688	6000000017736485934
Q5715170	6000000009302611399
Q57151763	6000000017621493791
Q57151774	6000000013694515545
Q57151783	6000000016680592893
Q57151803	6000000013815436154
Q57151816	6000000017832755660
Q57151836	6000000013637473035
Q57151853	6000000017670773207
Q57151858	6000000013658188130
Q57151866	6000000013771399682
Q57151877	6000000013818903971
Q57151919	6000000017836350421
Q57151949	6000000017936296278
Q57151953	6000000013662485060
Q57152056	6000000013701096341
Q57152069	6000000013751914867
Q57152072	6000000013752149223
Q57152093	6000000013638659895
Q5715212	6000000074712389943
Q57152210	6000000017918904958
Q57152227	6000000013694658411
Q57152229	6000000017937273398
Q57152233	6000000013718831925
Q57152244	6000000013321770838
Q57152264	6000000013639461893
Q57152267	6000000013638708223
Q57152283	6000000013629841462
Q57152284	6000000013629889291
Q57152286	6000000013629175931
Q5715264	6000000014159816540
Q5715283	6000000006364878967
Q5715290	6000000008094024696
Q57153	6000000001943346533
Q57154	6000000048188033136
Q5715406	4751467247520022717
Q5715462	6000000112937848857
Q5715492	6000000037362494184
Q57155	6000000157611389860
Q5715509	3137562
Q5715550	6000000008854869492
Q5715557	6000000016575170161
Q5715593	6000000005618185129
Q57156	6000000024117147284
Q571562	6000000020733021176
Q5715704	6000000082321420994
Q571572	6000000007375961189
Q571574	6000000033446501000
Q5715746	6000000002226214291
Q571577	6000000013655904424
Q571580	6000000001301153171
Q571584	6000000003514910639
Q5715923	6000000015842638392
Q5715928	6000000156624258837
Q5715941	6000000011864021959
Q5715958	6000000004181282325
Q571596	6000000180662057942
Q5715960	6000000024644867878
Q5715981	6000000032596518258
Q5715991	6000000016301977702
Q5715992	6000000011261415323
Q57160	6000000008768508633
Q5716005	5251650764620071698
Q5716034	6000000006593089316
Q5716069	6000000001629923100
Q5716074	6000000018207366359
Q5716096	6000000013397597459
Q5716149	6000000170621384501
Q571615	6000000030605384748
Q5716152	6000000001964141090
Q5716155	6000000004114984477
Q571619	6000000001738948504
Q57162	6000000026424290899
Q571623	6000000000307256612
Q5716230	6000000002893888029
Q5716240	6000000001340094042
Q5716256	6000000080589757240
Q5716258	6000000020377904619
Q5716261	6000000010726429166
Q5716310	6000000012363159310
Q5716316	6000000019717864444
Q571635	6000000008526662903
Q5716350	6000000124369430881
Q5716376	6000000014466854259
Q5716387	6000000013999616361
Q5716397	6000000008318588198
Q57164	6000000009430054982
Q5716414	6000000008889975699
Q571642	6000000008594345908
Q5716440	6000000017896663038
Q571645	6000000010879074478
Q571646	6000000015161398387
Q571649	6000000015423452162
Q57165	6000000000714860723
Q5716523	6000000040870865077
Q5716563	6000000011411344416
Q5716572	6000000030415784860
Q5716633	6000000061885127821
Q571666	6000000002188444787
Q5716662	6000000199133104878
Q5716681	6000000003275611019
Q571670	6000000007495271448
Q5716796	6000000023758995693
Q571680	6000000050859195085
Q5716802	6000000019224296823
Q57168682	6000000071710915988
Q57168809	6000000033277058695
Q571689	6000000008934050418
Q57169	6000000047590264165
Q57169034	6000000041020209990
Q57169060	6000000054841118088
Q57169064	6000000003935354368
Q57169067	6000000039660822890
Q571691	6000000003646036036
Q57169129	6000000013114882448
Q57169138	6000000006346187896
Q571692	6000000066551542013
Q5716957	6000000012600435811
Q5716991	6000000039813004136
Q57170	6000000021720694532
Q5717009	6000000013068855427
Q5717018	6000000032502029932
Q5717043	6000000015778802388
Q5717045	6000000172943229717
Q5717060	6000000080589796237
Q5717091	6000000014893421757
Q5717096	6000000002909317267
Q57171	6000000057024804974
Q571710	6000000006402216518
Q571713	6000000005909472098
Q571716	6000000151388391853
Q5717184	6000000108752392821
Q57172	6000000041338543843
Q5717254	6000000018675523789
Q5717266	6000000001714931912
Q5717273	6000000024266850993
Q5717291	6000000149937934827
Q57173	6000000004139095228
Q5717328	6000000155839248836
Q5717382	6000000013804799450
Q5717414	6000000047817025929
Q57174214	6000000119021354844
Q5717425	6000000028064684672
Q5717428	6000000018155363421
Q5717431	6000000025803921076
Q5717498	6000000031265329143
Q5717514	6000000014862210787
Q5717536	6000000102934485846
Q5717547	6000000010600756997
Q5717614	6000000030968693265
Q5717623	6000000037431784229
Q5717629	6000000027685481830
Q5717639	6000000077989073392
Q5717662	6000000029661925986
Q57177	6000000023497989138
Q5717706	6000000016679536818
Q5717730	6000000004079835616
Q5717754	6000000061183693157
Q57178	6000000009396749111
Q5717801	6000000015046003216
Q5717809	6000000034488747562
Q5717823	6000000039416250424
Q5717874	6000000000396495662
Q5717877	6000000011487659528
Q57179	6000000031203272300
Q5717906	6000000008839546966
Q57179089	6000000006360237946
Q571792	6000000025182302974
Q5717934	6000000070778582853
Q57180	6000000000307244934
Q5718051	6000000050345373901
Q571807	6000000018851221130
Q5718077	6000000002188504782
Q5718086	6000000002188536651
Q5718092	6000000006444102670
Q571810	6000000089227607043
Q5718122	6000000039569350451
Q5718149	6000000015714126496
Q571815	6000000002632289156
Q5718192	6000000007297041069
Q5718197	6000000016035038185
Q57182	6000000001733149791
Q5718202	6000000021663007681
Q5718237	6000000023724477135
Q5718257	6000000030889560823
Q5718312	6000000171540087908
Q5718316	6000000025997899609
Q5718325	6000000029901314274
Q5718357	6000000006253596559
Q5718391	6000000015652655980
Q5718403	4167164959320061430
Q5718414	4315085809590066710
Q5718422	6000000082856266944
Q5718442	6000000019188439359
Q5718463	6000000028888722024
Q5718470	6000000040393097474
Q5718472	6000000022638690509
Q5718485	6000000024100787070
Q5718491	6000000002188508650
Q57185	6000000019310646162
Q5718514	6000000035158563662
Q5718544	6000000004079625886
Q5718552	6000000018426264586
Q5718583	5384579723200135408
Q5718593	6000000002230344356
Q57186	6000000000164946731
Q5718640	6000000007741104797
Q5718652	6000000002980162651
Q5718658	6000000021062873405
Q5718665	6000000010503832749
Q5718682	6000000013985672722
Q5718694	6000000076277743033
Q57187	6000000025083828801
Q5718702	6000000011686324788
Q5718714	6000000033802420233
Q5718718	6000000014804018083
Q5718725	6000000014440946773
Q5718739	6000000030882674589
Q5718742	6000000010136248506
Q5718755	6000000006928494918
Q5718758	6000000027755320538
Q5718759	6000000007919877175
Q5718763	6000000027755485454
Q5718775	6000000007920522575
Q5718797	6000000019399111149
Q57188	6000000011627267683
Q5718839	4054731
Q5718849	6000000019301134165
Q5718851	6000000003096802060
Q5718857	6000000040254354180
Q571888	5476704212880100127
Q57189	4377150548440028999
Q5718929	6000000010003726788
Q5718947	6000000004868960286
Q5718962	6000000074272935953
Q57190	6000000009521607773
Q5719036	6000000001384695597
Q5719061	6000000036329340370
Q5719067	4626539106720028810
Q5719072	6000000012389939248
Q5719091	6000000010503995645
Q5719126	6000000018128654230
Q57191262	6000000065570174974
Q5719153	6000000016869655288
Q5719169	6000000024184440649
Q5719179	6000000006444128671
Q5719184	6000000167981187991
Q57192	6000000001060722344
Q5719218	6000000015519255407
Q5719237	6000000002188529803
Q5719240	6000000006444784562
Q5719244	6000000052928081138
Q5719247	6000000007033588769
Q5719256	6000000015916852532
Q5719262	6000000019127735903
Q5719265	6000000009677248751
Q5719270	6000000016151963698
Q5719299	6000000017687861870
Q57193	6000000041912115851
Q5719301	6000000009663514994
Q5719311	6000000005598831454
Q5719337	6000000019077175001
Q5719459	6000000005007624564
Q5719487	6000000021480640277
Q571950	6000000027000110639
Q5719508	6000000104801537934
Q5719518	6000000040080750466
Q5719535	6000000084356911655
Q5719551	6000000007717004389
Q5719560	6000000001231979169
Q5719563	6000000006444790538
Q5719566	6000000002551190561
Q5719568	6000000007605264289
Q5719571	6000000011138781223
Q57196	6000000002802209734
Q5719602	6000000008960054200
Q5719610	6000000011492627656
Q5719616	6000000001132888342
Q5719618	6000000005587363388
Q5719637	6000000013233615089
Q5719647	6000000016876745110
Q5719675	6000000014466856975
Q5719716	6000000013233887866
Q5719734	6000000011169689859
Q5719766	6000000013340661746
Q5719769	6000000026381853744
Q57197779	6000000043433100275
Q5719785	6000000107188471821
Q5719803	6000000019071520006
Q571983	6000000024173337591
Q5719831	6000000030970817741
Q5719849	6000000041827504403
Q5719887	6000000023629284708
Q5719953	6000000009570921438
Q5719975	6000000006444366032
Q57199780	6000000029680511251
Q5719980	6000000180434562875
Q5720001	6000000013175367534
Q57200020	6000000024458673281
Q5720008	6000000002059646897
Q572001	6000000035310405950
Q5720017	6000000003446235039
Q5720020	6000000000506153043
Q5720028	6000000001228589922
Q5720047	6000000026909442059
Q572007	6000000019875773041
Q5720076	6000000038811780190
Q5720093	6000000002235770665
Q5720100	6000000002019086905
Q5720103	6000000014250629681
Q5720113	6000000020212655014
Q57201455	6000000007470947536
Q5720146	6000000012385826364
Q5720164	6000000043435827363
Q5720174	6000000008242421452
Q5720177	6000000010985054545
Q5720184	6000000066366049840
Q5720187	6000000003505627442
Q5720192	6000000023091909105
Q57201957	6000000028210724131
Q57202	6000000035504327953
Q5720212	6000000006439823848
Q5720219	6000000081635057821
Q57202247	6000000006241174965
Q5720226	6000000009910795423
Q5720229	6000000020282566905
Q5720280	6000000067459928938
Q57203	6000000018670131832
Q5720337	6000000106901956942
Q5720340	6000000044791040885
Q5720349	6000000002188520698
Q5720352	6000000006593896083
Q57203567	6000000097114837831
Q5720357	6000000008448332566
Q5720381	6000000022835628783
Q5720392	6000000041720142156
Q57204	6000000049688136959
Q5720406	6000000015361540525
Q5720408	6000000036176739362
Q5720504	6000000035990413091
Q57205246	6000000064764909928
Q5720528	6000000011362187673
Q5720530	6000000036498317062
Q5720530	6000000083053027151
Q5720561	6000000010083472142
Q5720564	6000000014734380880
Q5720565	6000000011829757665
Q5720577	6000000016128339130
Q5720600	6000000034324169611
Q5720605	6000000046895322830
Q5720609	6000000007311782684
Q572063	6000000173852173995
Q5720633	6000000000047416682
Q5720643	6000000073199264926
Q5720684	6000000104527821855
Q5720686	6000000077321606856
Q5720689	6000000053247947537
Q5720692	6000000006917733039
Q57207	6000000000307239489
Q5720737	6000000031371333629
Q5720746	6000000013617040779
Q5720761	6000000000003358554
Q5720809	6000000008630274353
Q572084	6000000098665956865
Q5720855	6000000015731043162
Q57209	6000000007329537433
Q5720903	4910742596950135788
Q5720908	6000000009856697484
Q572091	6000000156476695930
Q5720911	6000000004560179079
Q5720939	6000000012676589362
Q5720950	6000000180696193834
Q5720970	6000000069068568849
Q5720979	6000000014337936226
Q5720981	6000000000400926420
Q5720997	6000000007193904238
Q5721	6000000019910001500
Q57210	6000000027257927884
Q5721025	4369147363350050880
Q5721031	6000000015579848581
Q5721046	6000000002151563317
Q5721051	6000000004047263144
Q5721055	6000000034156853635
Q5721058	6000000008962480230
Q5721092	6000000006582489427
Q5721098	6000000006582667193
Q57211	6000000040806586759
Q5721103	5551561940440037251
Q5721107	6000000020424261998
Q5721127	6000000004077361615
Q5721132	6000000030120488181
Q5721136	6000000176991943442
Q57212	6000000004051080234
Q5721225	6000000014657208248
Q572124	6000000025916169037
Q5721253	6000000013250175442
Q5721259	6000000021591392072
Q5721264	6000000019896436809
Q5721267	6000000002447377315
Q57212753	6000000163263732822
Q5721297	6000000002188496698
Q57213	6000000034232426853
Q572130	6000000002188402251
Q5721303	6000000013345065796
Q572132	6000000010978068281
Q5721347	6000000015544018265
Q5721357	6000000175537362842
Q5721364	6000000009431001378
Q5721383	6000000019276752742
Q5721387	6000000022907642576
Q5721387	6000000112885097062
Q5721426	6000000002235563418
Q572145	6000000002394428241
Q57214746	6000000015093787343
Q5721477	6000000010837918679
Q57215	6000000077852013646
Q5721500	4155013297780080871
Q5721520	6000000011261174237
Q5721524	6000000007287448432
Q5721525	6000000011542173060
Q5721529	6000000008448002679
Q5721542	6000000011686500897
Q5721553	6000000029628221071
Q5721556	6000000030936340035
Q5721559	6000000010562448669
Q5721572	6000000011969245548
Q5721593	6000000021730370316
Q5721595	6000000017004497170
Q5721599	6000000017956111980
Q5721610	6000000015243825210
Q5721626	6000000035160261641
Q572163	6000000007812229468
Q5721676	6000000016841757262
Q5721740	6000000000986644336
Q5721742	3978482
Q5721743	6000000012929150196
Q5721746	6000000007166523362
Q57218	6000000008374060249
Q5721804	5294997280780020017
Q5721812	6000000004565945129
Q5721826	6000000001916000214
Q5721829	6000000127896238878
Q572186	6000000034263635954
Q5721867	6000000063431105833
Q572189	6000000089802212954
Q5721896	6000000033380628854
Q5721902	6000000049658857978
Q5721921	6000000000549174550
Q5721974	6000000176803726823
Q5721979	6000000010944989633
Q5722001	6000000041383841148
Q5722010	6000000015440408667
Q5722016	6000000012982718830
Q5722018	6000000017450870305
Q5722040	327472716540006022
Q5722045	6000000040445248854
Q5722087	6000000020985898990
Q57221	6000000000846837611
Q5722116	6000000040047763612
Q5722148	6000000007227456361
Q5722165	5580662590570066798
Q5722171	4233529166540123327
Q5722174	6000000010073503524
Q5722186	6000000006444123489
Q5722211	6000000003894672635
Q5722219	6000000009434092338
Q5722230	6000000006444762793
Q5722233	4519222
Q5722236	6000000006444092520
Q5722242	6000000022305479373
Q5722270	6000000005415826426
Q5722273	6000000000965203365
Q5722276	6000000016240844501
Q5722290	6000000006101202813
Q5722296	6000000008472741704
Q5722324	6000000009536668797
Q5722330	6000000017140346828
Q5722355	6000000019723552164
Q5722357	6000000012621739483
Q5722365	6000000070984435821
Q5722387	6000000012645697083
Q5722464	6000000024908768960
Q57225	6000000008209282773
Q5722524	6000000000842872049
Q5722545	6000000021432323583
Q5722555	6000000015655964031
Q5722592	6000000022391458268
Q5722595	6000000022391159741
Q57226	6000000051904451956
Q5722601	335308932250014141
Q5722621	6000000025509538753
Q5722635	6000000014947862127
Q5722663	6000000087142224227
Q5722671	6000000001361648217
Q5722697	6000000071718069014
Q57227	6000000030086529142
Q5722712	6000000003375008589
Q5722743	6000000024685680599
Q5722744	6000000024900963939
Q5722752	6000000033981411379
Q5722756	6000000026882413889
Q5722783	6000000012820987499
Q57228	6000000000301852128
Q5722873	6000000012429660737
Q5722880	6000000009791459843
Q5722907	6000000012536454264
Q57230	6000000000470036276
Q5723012	6000000019357717652
Q5723041	6000000002006024387
Q5723062	6000000011852504202
Q5723072	6000000011518689764
Q5723083	6000000001153708683
Q5723086	6000000027118535129
Q5723089	6000000001631066593
Q5723092	6000000062308027853
Q5723097	6000000005850795001
Q5723100	6000000019415374623
Q5723114	6000000103881320033
Q5723119	6000000067955521839
Q5723128	6000000021666531035
Q5723133	6000000023086867492
Q5723151	6000000004571333501
Q5723170	6000000019542276894
Q5723186	6000000019921171094
Q5723192	6000000007306857980
Q5723202	6000000000759319698
Q5723211	334142234820003373
Q5723227	6000000013095230476
Q5723234	6000000122528070849
Q5723270	6000000011082990412
Q5723284	4317725205770068441
Q5723285	6000000016909509729
Q5723288	6000000003405603768
Q5723290	6000000009617704132
Q5723291	6000000015842474202
Q5723297	6000000058510731843
Q5723298	6000000003405475921
Q57233	6000000041168196543
Q5723301	6000000026909687366
Q5723304	6000000011131657862
Q5723307	6000000011262323425
Q5723308	6000000011133606888
Q5723310	6000000005599189709
Q5723313	6000000009617873470
Q5723324	6000000104063573822
Q5723330	6000000002773235706
Q5723333	6000000007036307365
Q572334	6000000014024190651
Q5723371	6000000019426661108
Q5723426	6000000015842156544
Q5723436	6000000104484613119
Q57234508	6000000010453456614
Q5723464	6000000003826271389
Q5723476	6000000052417925960
Q5723482	6000000014170215019
Q5723485	6000000002188674875
Q5723492	6000000000903557090
Q57235	6000000003238941244
Q5723511	6000000069518194914
Q5723585	6000000017389323737
Q57236	6000000003238865117
Q5723624	6000000024405681919
Q5723630	6000000024461759949
Q5723653	6000000046350117821
Q5723716	6000000028543877855
Q5723722	6000000049713514872
Q572373	6000000009646244394
Q5723737	349751637620012658
Q5723758	6000000036895161937
Q5723762	6000000019427413002
Q5723784	6000000017575443573
Q5723817	6000000044495794809
Q5723832	6000000014286769756
Q5723839	6000000029976941002
Q5723846	6000000022105549349
Q5723859	6000000010011018671
Q57238988	6000000016152316165
Q5723921	6000000029724170435
Q57239229	6000000045498117837
Q57239242	6000000174548039333
Q57239246	6000000057113888893
Q5723941	6000000027589244042
Q5723947	6000000017897163080
Q5723958	6000000024079736966
Q5723964	6000000038163559841
Q5723985	6000000017662507152
Q5723988	6000000019902417020
Q57240	6000000014120336680
Q5724053	6000000137798601839
Q57240584	6000000029680279490
Q5724067	6000000026014331441
Q5724070	6000000019428635075
Q57240882	6000000031147780070
Q5724095	6000000034268127852
Q5724099	6000000008270214629
Q57241069	6000000031146616542
Q57241365	6000000018701473304
Q5724152	6000000041049364565
Q5724162	6000000013280979612
Q5724166	6000000002129958089
Q5724175	6000000007273838795
Q5724185	6000000018606129382
Q5724188	6000000013030951702
Q5724192	6000000000315366400
Q57242	6000000003875351537
Q5724207	6000000007524318071
Q5724236	6000000001617152302
Q57242577	6000000001048102217
Q57242841	6000000017774073847
Q5724289	6000000007240451832
Q5724318	6000000012533909677
Q5724327	6000000018608340555
Q5724332	6000000031727355834
Q57243683	3946471725070042899
Q5724381	6000000034315755861
Q57243873	6000000046645400987
Q57244	6000000033306470138
Q5724411	6000000001094178731
Q57244149	6000000018348294498
Q5724427	5284789942030115772
Q5724432	6000000007433717341
Q5724446	6000000019732563885
Q5724449	6000000011480882135
Q57244521	6000000000434671498
Q5724474	6000000005231441679
Q5724488	6000000007522567449
Q57245	6000000000118952452
Q5724502	6000000008889728178
Q57245155	6000000006119014985
Q5724521	6000000008979441405
Q57246	6000000000467170611
Q5724602	6000000019430398440
Q5724608	6000000010896092455
Q5724619	6000000019612029358
Q5724638	6000000019572284903
Q5724646	6000000019572305554
Q5724665	6000000043235804533
Q5724668	6000000012688179661
Q5724676	6000000001229572599
Q5724686	6000000001457090562
Q57247	6000000100200757826
Q5724722	6000000003221122473
Q5724739	6000000080429553845
Q5724747	6000000024196670598
Q5724755	6000000019436391972
Q5724760	6000000006539300006
Q5724763	6000000025139792879
Q5724779	6000000022079893048
Q5724793	4788600317860081075
Q5724793	6000000119699074824
Q5724799	6000000006597074320
Q5724802	6000000001070542757
Q5724806	6000000017479294392
Q5724827	6000000011397856675
Q5724850	6000000006444099937
Q5724872	6000000008725438660
Q5724898	6000000092182214822
Q57249	6000000104574662102
Q5724902	6000000022754849654
Q5724913	6000000002188517867
Q5724916	6000000002188458714
Q572493	6000000073955863890
Q5724940	6000000024957837272
Q5724949	6000000031861704045
Q57249984	5528042425870077050
Q5725020	6000000033708376650
Q57250290	6000000071455337932
Q57250450	6000000013736381420
Q5725046	6000000007606144444
Q57250484	6000000183990303973
Q5725049	6000000136579312822
Q5725059	6000000032715300973
Q5725062	6000000025501270886
Q5725065	6000000009615485157
Q5725067	6000000006828452087
Q5725092	6000000007183383030
Q5725105	6000000019344206446
Q5725106	6000000011157663139
Q5725113	6000000016688805820
Q5725116	6000000019351742639
Q5725117	6000000018883293354
Q5725118	6000000002452813718
Q5725120	6000000000352513949
Q5725125	6000000085223509896
Q5725131	6000000074175038896
Q5725137	6000000001531530784
Q5725148	6000000008086707401
Q5725153	6000000179078839843
Q5725163	6000000009811215031
Q5725172	6000000008369841141
Q5725192	6000000042911078735
Q5725196	6000000019220053390
Q5725202	6000000066474444884
Q5725205	6000000013498118226
Q5725237	6000000032462293852
Q5725244	6000000027948117933
Q5725261	6000000000888611554
Q5725263	6000000031475917234
Q5725292	6000000085268737954
Q57253098	6000000086002203837
Q5725360	6000000019961341089
Q5725387	6000000024428685958
Q5725440	6000000038170325916
Q5725455	6000000003221414282
Q57254756	6000000025861741157
Q57255	6000000003849961485
Q5725522	6000000049596602123
Q5725534	6000000155020614890
Q5725541	6000000006289981433
Q5725544	6000000009427373100
Q5725559	6000000018555455178
Q5725559	6000000022030274095
Q5725568	6000000036889507632
Q5725572	6000000011633584247
Q5725578	6000000040969185862
Q5725584	6000000013175636251
Q5725625	6000000015550237944
Q5725631	6000000034455987078
Q5725644	6000000020132847371
Q57257	6000000026848494858
Q5725725	6000000003366237601
Q5725737	6000000050746127223
Q5725740	6000000001608991284
Q5725742	6000000013699556055
Q5725779	6000000012479349429
Q5725789	6000000001531536323
Q5725792	6000000063851794842
Q5725809	6000000107576505917
Q5725815	6000000003354133391
Q5725841	6000000110202788840
Q5725848	6000000011135572434
Q5725862	6000000039375037083
Q5725867	4079262211630124062
Q5725874	4064106
Q5725877	6000000085707006821
Q5725881	6000000029947392006
Q5725889	6000000011506991007
Q5725891	6000000003075671476
Q5725907	6000000059441243855
Q5725909	6000000011501416251
Q5725926	6000000000973659010
Q5725927	6000000018892673003
Q5725930	6000000006824331675
Q5725934	6000000017671345517
Q5725940	6000000011123650331
Q5725955	6000000010007628409
Q5725963	6000000010588765655
Q5725966	6000000010742419303
Q5725981	6000000041405760229
Q57260	6000000176866547948
Q5726004	6000000019196698682
Q5726005	6000000052899904846
Q5726007	6000000036513401325
Q5726031	6000000097084476861
Q5726050	6000000022643110318
Q5726057	6000000013333675961
Q5726080	6000000029335857144
Q57260890	326375434670005827
Q5726127	6000000017026920037
Q5726129	6000000011458319312
Q5726136	6000000000977059051
Q5726179	6000000000624332571
Q5726187	6000000015964153109
Q5726240	6000000043457224218
Q5726248	312187884380005009
Q5726259	6000000013512917177
Q57262712	6000000055582717825
Q5726272	6000000011120432638
Q5726277	6000000010172709421
Q5726313	6000000165923144193
Q5726326	6000000035912220514
Q5726329	6000000079056845466
Q5726353	6000000020169886248
Q57264	4533139
Q5726431	6000000013712437628
Q5726440	6000000013349445434
Q57264616	6000000090380261840
Q57264628	6000000103460029840
Q57264682	6000000019024232262
Q57264799	6000000065852755846
Q5726510	6000000018604734933
Q5726518	6000000019190663354
Q5726519	6000000076669808770
Q5726520	6000000019992677535
Q5726525	6000000044053589736
Q572655	6000000034920629394
Q5726564	6000000041759209900
Q5726581	6000000000504838495
Q57266	6000000029884361790
Q572661	6000000030230139994
Q5726623	6000000173724477954
Q572663	6000000039942290222
Q5726631	6000000079096354182
Q5726649	6000000004868221762
Q5726655	6000000009941129875
Q5726659	6000000004079807027
Q5726662	6000000009466917286
Q5726678	6000000004079807053
Q5726699	6000000078925971257
Q57267	6000000018135471262
Q5726704	6000000003589241083
Q5726713	6000000004549542674
Q5726727	6000000004868229803
Q5726728	6000000002898163314
Q5726733	6000000072385151860
Q57267472	6000000152442645822
Q5726762	6000000010007386995
Q5726789	6000000000743781161
Q5726813	6000000010339091561
Q5726820	6000000009666300081
Q5726821	6000000009991345982
Q5726834	6000000009995573077
Q5726838	6000000027871328901
Q572684	6000000001388014445
Q5726852	6000000003562975060
Q5726853	6000000173507960822
Q5726858	6000000004868044533
Q5726860	5543445599510042594
Q5726862	6000000005599105604
Q5726865	6000000004868937786
Q57268664	6000000080863107169
Q5726876	6000000042233825100
Q5726883	6000000002634259239
Q5726886	6000000058930524927
Q5726898	6000000001383089544
Q572690	6000000028563614894
Q57269307	6000000109759306905
Q5726939	6000000014214022377
Q5726954	6000000014897314222
Q5726956	6000000002134564254
Q5726983	6000000003694556329
Q5726992	6000000010902348326
Q5727007	6000000004639489111
Q5727009	6000000013542425949
Q5727012	6000000002114178849
Q5727015	6000000006567159317
Q57270169	6000000026636558500
Q57270221	5535960613250052377
Q5727028	6000000011727013229
Q5727037	6000000114712502009
Q5727042	6000000082654704952
Q5727063	6000000019441650479
Q5727071	6000000019442148127
Q5727078	6000000019442111961
Q5727102	6000000003370257102
Q5727115	6000000024531488191
Q5727127	6000000024105696217
Q5727131	6000000028242279453
Q5727132	6000000055021344221
Q5727138	6000000024532666919
Q5727153	6000000165656141833
Q5727162	6000000018060664019
Q5727166	6000000003622413931
Q5727180	6000000026270215431
Q5727183	6000000040986663596
Q5727185	6000000008689313921
Q5727196	6000000019661185314
Q5727202	6000000008805516688
Q5727216	6000000019453061536
Q5727237	6000000019442226972
Q5727241	6000000013536066735
Q5727243	6000000029984840410
Q5727247	6000000029985185955
Q5727269	6000000019469741434
Q5727276	6000000019452640008
Q5727287	6000000001168121486
Q5727290	6000000183895794876
Q572735	6000000006805410087
Q5727370	6000000028248549356
Q5727394	6000000007086620181
Q5727406	6000000024877009329
Q5727435	6000000006360240842
Q57274482	6000000037944460235
Q57274497	6000000012076747808
Q5727490	6000000011132538538
Q5727493	6000000011130990991
Q57275	6000000143119598937
Q5727505	6000000016961247937
Q5727546	6000000015291550600
Q5727549	6000000031154834304
Q5727582	6000000002721644159
Q57276	6000000031452554158
Q572761	6000000056032922047
Q5727663	6000000183752250845
Q5727693	6000000014973800422
Q5727784	6000000030502559043
Q5727810	6000000180713753826
Q5727813	6000000012800430241
Q5727828	6000000001197698793
Q5727842	6000000009301406614
Q5727867	6000000012723192230
Q5727871	6000000017756747070
Q5727887	6000000008300028416
Q5727895	6000000008299961961
Q57279013	6000000004969869121
Q5727903	6000000011126581406
Q5727949	6000000027486674253
Q5727993	6000000038397279852
Q57280	6000000043265287911
Q5728002	6000000016528860793
Q5728009	6000000016099034366
Q5728018	6000000012744035972
Q5728033	6000000010686173560
Q5728035	6000000002428493008
Q5728069	6000000004969859696
Q57281	6000000014745134476
Q5728118	6000000026185417630
Q5728124	6000000002188458992
Q5728158	6000000013663818867
Q5728161	6000000013663380967
Q5728164	6000000011799721511
Q5728191	6000000013756281940
Q5728199	6000000021097084942
Q5728215	6000000023541407593
Q5728218	6000000013511903708
Q572822	6000000050479586083
Q5728221	6000000014374271915
Q5728224	6000000013512703431
Q5728226	6000000002188383876
Q5728250	6000000012631082424
Q5728252	5578878976550039895
Q5728264	6000000003827184609
Q5728270	6000000051921581971
Q5728272	6000000060143518945
Q57283	6000000000408059439
Q5728305	6000000000634932001
Q5728330	6000000019436667580
Q5728397	6000000008617542651
Q5728400	6000000011833481335
Q5728403	6000000175267318870
Q5728480	6000000041096687050
Q57285	6000000020069256028
Q572850	6000000047520721080
Q5728503	6000000001546034848
Q5728509	6000000007451605874
Q5728579	6000000009170914808
Q5728581	6000000029859689302
Q5728583	6000000021066834486
Q5728589	6000000037057090871
Q57286	6000000000961695073
Q5728613	6000000014867976795
Q5728623	6000000006592187840
Q572867	6000000042890757107
Q5728696	6000000009353233431
Q5728699	6000000056074082103
Q57287	6000000001099160102
Q572875	6000000030056661868
Q5728763	6000000001675951109
Q572877	6000000203518862839
Q5728782	6000000024005827261
Q57288	6000000064774405085
Q5728825	6000000008907862702
Q5728838	6000000002897299407
Q5728843	6000000010033230823
Q5728846	6000000002177966557
Q5728848	6000000033090054708
Q572886	6000000004180212550
Q5728888	6000000018406535323
Q5728896	6000000140311765247
Q57289	6000000007477169298
Q5728911	6000000003120293139
Q5728915	6000000062838062890
Q5728923	6000000074669547866
Q57290	6000000037147391840
Q5729064	6000000011405568332
Q5729077	6000000153680999840
Q5729084	6000000003490644541
Q572913	6000000017194700898
Q5729143	6000000017402546010
Q5729159	6000000013280213389
Q5729174	6000000029808063346
Q5729178	6000000012349026359
Q5729185	6000000006444780444
Q5729188	6000000005851610137
Q5729197	6000000087870970904
Q5729199	6000000015664790164
Q5729212	6000000006232846405
Q5729214	6000000008880974349
Q57292329	6000000001915118028
Q5729236	5395831746360044042
Q572925	6000000181876159834
Q5729254	6000000154323809869
Q5729257	6000000000285189215
Q5729302	6000000017961670630
Q5729308	6000000001368738443
Q5729327	6000000036531910171
Q57293323	6000000002188477347
Q5729338	6000000031219298449
Q572934	6000000013510698308
Q5729343	6000000010155674149
Q5729346	6000000007399585423
Q5729355	6000000024617380369
Q5729368	6000000080353765030
Q5729400	6000000040151045236
Q5729406	6000000019454004294
Q572941	6000000012734520104
Q5729440	6000000019736283138
Q5729458	6000000063675210860
Q5729472	6000000002553595095
Q5729478	6000000008508014895
Q5729483	6000000002188520803
Q5729497	6000000010983322240
Q5729529	6000000100866168933
Q5729532	6000000017744179372
Q57295347	6000000011453502407
Q5729547	6000000141365163927
Q5729548	6000000066851579847
Q5729559	6000000028353799526
Q5729561	6000000023763086891
Q5729567	6000000016301097504
Q5729622	6000000096054127399
Q5729625	6000000046680912395
Q57296284	6000000010745993311
Q5729633	6000000000284233546
Q5729655	6000000013120341913
Q5729669	6000000193199786848
Q5729718	6000000043220918355
Q5729739	6000000183433827838
Q5729758	6000000004119465336
Q5729784	6000000021579528130
Q5729786	6000000021579346616
Q57298	6000000011175372555
Q5729818	6000000001532748812
Q5729834	6000000004867686794
Q5729858	6000000006967941509
Q5729863	6000000006968514105
Q5729871	6000000002154366181
Q5729874	6000000139368830953
Q5729889	6000000010943296844
Q5729891	6000000011547965782
Q5729899	6000000000921377439
Q572992	6000000163755863970
Q5730011	6000000006444128334
Q5730017	6000000040981349449
Q5730028	6000000050564119222
Q573003	6000000010592351521
Q5730037	6000000001659747347
Q5730053	6000000003419758061
Q5730065	6000000103856965898
Q5730087	6000000043865500851
Q5730097	6000000018851543915
Q5730107	6000000038858371028
Q5730113	6000000038553966915
Q5730138	6000000057048839827
Q5730150	6000000047762519839
Q5730189	6000000016465638872
Q5730190	6000000045137675019
Q5730192	6000000003657579161
Q57302	6000000000707719192
Q5730215	6000000014874622211
Q5730228	6000000009772294417
Q573023	6000000020426853267
Q5730239	6000000112491446008
Q5730248	6000000033927843183
Q5730252	6000000001655732858
Q5730255	6000000021330944423
Q5730289	6000000014765706040
Q573029	6000000015613645387
Q5730313	6000000009886060013
Q5730314	6000000009991217993
Q5730317	6000000021731880561
Q5730341	6000000038338754917
Q57303458	6000000003827624741
Q5730351	6000000002188479860
Q5730364	6000000033213603733
Q5730372	6000000033100698002
Q57303773	6000000025188664800
Q57304	2435340
Q5730409	6000000025900611821
Q5730410	6000000066658675902
Q573043	6000000042102138795
Q5730435	6000000011105156750
Q5730451	6000000012303255303
Q57304652	6000000010843206062
Q5730468	6000000001243260037
Q57304680	6000000003866585672
Q5730486	6000000008630935517
Q5730542	6000000023193240710
Q57305574	6000000026919914532
Q57305695	6000000020343504227
Q5730572	6000000010298858487
Q57305841	6000000056523512157
Q5730595	6000000009783528406
Q5730606	6000000041393233548
Q5730634	6000000178825925824
Q5730654	6000000028415404600
Q57307	6000000032764034123
Q5730708	6000000015275130537
Q5730714	6000000009324825414
Q5730738	6000000002188552695
Q5730750	6000000006892598386
Q5730759	6000000007150881994
Q5730764	6000000009436980438
Q5730768	6000000007452834552
Q5730819	6000000059132873893
Q5730821	6000000002802856359
Q5730931	6000000007777116707
Q5730988	6000000172251517037
Q5731018	6000000022783116423
Q5731039	6000000105336445855
Q5731064	6000000077739330246
Q5731097	6000000002385579011
Q5731188	6000000085300080842
Q57312	6000000001204308772
Q57312422	6000000109811513898
Q573125	6000000009795659635
Q573128	6000000078618116883
Q57312856	6000000015914497806
Q57313222	6000000026752819241
Q57313484	6000000011136600205
Q57313857	6000000113439321020
Q57314376	6000000014449088012
Q57314442	6000000005441483057
Q5731455	6000000025412253223
Q5731463	6000000001035684363
Q573147	6000000030839315857
Q5731508	6000000009642936415
Q57315098	6000000011453530692
Q573153	6000000040266952005
Q57315469	6000000135897084834
Q573174	6000000030959307000
Q573178	6000000040690098063
Q5731789	6000000007511954520
Q5731804	6000000027647846731
Q5731816	6000000002634833833
Q57319	6000000009776107873
Q573192	6000000029443913114
Q5731963	6000000017183857216
Q57320	5416023038210045947
Q573204	6000000011157145440
Q57321769	6000000041739931463
Q5732202	6000000113461697859
Q57323004	6000000198378202898
Q5732342	6000000067818087940
Q5732402	6000000077296185405
Q573246	6000000126678789822
Q5732483	6000000019761030144
Q5732509	6000000011797358581
Q5732543	6000000019479586599
Q5732551	6000000017745186134
Q573263	6000000002900361493
Q57326672	6000000216821014843
Q57327	6000000009200877593
Q573273	6000000163638995830
Q5732799	6000000038895660821
Q57328	6000000107266990955
Q57328106	6000000029657406973
Q573283	6000000016307688203
Q573284	6000000015844166112
Q5732871	6000000003723174656
Q5732900	6000000002110482438
Q5732919	6000000029447068972
Q5732932	6000000022242380918
Q5732949	6000000101617825056
Q5732950	6000000016974874666
Q5733074	6000000006127996521
Q573308	6000000116297555962
Q5733095	6000000000127985866
Q5733103	6000000011015687938
Q5733141	6000000011017521764
Q5733167	6000000031900572889
Q5733168	5278197875040068541
Q5733193	6000000079571311824
Q5733202	6000000008907878852
Q5733212	6000000000151998011
Q573327	6000000004836937450
Q5733290	6000000012282203851
Q5733298	6000000012282682554
Q5733305	5663407838620075638
Q5733312	5664587022260120056
Q5733462	6000000035101800922
Q57334623	6000000075609048858
Q5733465	6000000091732043866
Q57335	6000000026368679006
Q573352	6000000177509844831
Q5733571	6000000017259602512
Q5733610	6000000007782428492
Q5733641	6000000026328815239
Q5733652	6000000047714657314
Q5733680	6000000010320750979
Q5733716	6000000014400888982
Q5733744	6000000007046351391
Q5733759	6000000011100962445
Q5733763	6000000019483266692
Q5733773	6000000013487557145
Q5733798	6000000010140676578
Q5733811	312216902400004602
Q5733820	6000000007223919377
Q5733848	6000000009767078333
Q5733851	6000000018714337496
Q5733876	6000000017973973297
Q5733895	6000000175358258850
Q57339	6000000047817357000
Q5733912	6000000004868028723
Q5733922	6000000007580837322
Q5733929	6000000019490118587
Q5733964	6000000039105683138
Q5733967	6000000181335874848
Q5733979	6000000036676250050
Q57339865	6000000059706990270
Q573399	6000000080046250880
Q5733990	6000000005748195129
Q5734003	6000000002236689802
Q5734023	6000000092174078859
Q5734067	6000000020322396835
Q5734072	6000000062611825821
Q5734078	6000000120353290254
Q5734090	6000000005912347630
Q5734095	6000000005912356057
Q5734103	6000000010876185169
Q573412	6000000007949427756
Q5734145	6000000087542660165
Q5734148	6000000014191208321
Q5734156	6000000010550642365
Q5734170	6000000012783044385
Q5734229	6000000001721563719
Q5734235	6000000001721244149
Q57342430	6000000001383089534
Q5734246	6000000009154912201
Q5734261	6000000012268228502
Q5734267	6000000027306963299
Q5734284	6000000019854040599
Q5734383	6000000117830500868
Q57344	6000000046714253389
Q5734404	6000000004079698005
Q5734414	6000000176757704838
Q5734440	6000000041804348045
Q5734448	6000000036355008235
Q5734467	6000000000537449151
Q5734551	6000000128721426887
Q5734559	6000000007323693386
Q5734579	6000000046878674859
Q5734619	6000000045132604856
Q5734641	6000000012781719462
Q5734646	6000000006127928965
Q5734649	6000000004649249239
Q5734660	6000000010386848258
Q5734669	6000000012781338679
Q5734691	6000000002764858942
Q5734695	6000000012819486270
Q57347	6000000002802209210
Q5734704	6000000019253249828
Q5734709	6000000021000662027
Q5734734	6000000052767428036
Q5734754	6000000015732856201
Q5734756	6000000017637231172
Q5734789	6000000017272186116
Q5734798	6000000054975884032
Q5734811	6000000038889950943
Q5734817	6000000016164266558
Q5734877	6000000032439391210
Q5734911	6000000043177587210
Q5734929	6000000043176350987
Q5734945	340263141470012539
Q573496	6000000181932014858
Q5734960	6000000031820235768
Q5734962	6000000000197364949
Q5735013	6000000035012040803
Q5735033	6000000004357095416
Q5735087	6000000009514215147
Q57351	6000000037859816359
Q5735115	6000000020610949813
Q5735145	6000000017390445226
Q573515	6000000046716676135
Q5735159	6000000033238049422
Q5735185	6000000077044731833
Q5735221	6000000025845290156
Q573533	6000000087116603064
Q5735350	6000000020088045039
Q5735443	6000000015988646040
Q573546	6000000009797229552
Q573546	6000000075504451069
Q573548	6000000027014896821
Q5735504	6000000180306646871
Q5735561	6000000011399018670
Q5735586	6000000030109822112
Q5735643	6000000035585255950
Q5735646	6000000010667106838
Q5735666	6000000124426307933
Q5735671	6000000014418130191
Q5735731	6000000039162612084
Q57357379	6000000123909803881
Q573577	6000000016639383226
Q5735842	6000000026045783126
Q5735855	6000000048537037182
Q5735882	6000000059539095318
Q5735890	6000000005087238866
Q5735916	6000000011692077925
Q5735933	6000000025877523177
Q5735969	6000000044492667312
Q573609	6000000013342410096
Q57361	6000000016340752591
Q573612	6000000173448041412
Q5736186	6000000181676254903
Q5736213	6000000009550563439
Q5736216	6000000036875934037
Q5736218	6000000025468349061
Q57362796	4042297565980077685
Q5736330	6000000006595606427
Q5736448	6000000002898215914
Q5736480	6000000025542523972
Q5736495	6000000000550555245
Q57365	6000000058516357875
Q5736506	6000000054483765068
Q5736524	6000000026756141069
Q573653	6000000012861006253
Q573668	6000000023501324021
Q5736749	6000000109649582063
Q573675	332409947660010756
Q5736803	6000000009980808682
Q573690	6000000004079761904
Q5736971	6000000006951504195
Q5736981	6000000006977949011
Q5736994	6000000020376358119
Q5737055	6000000005762158655
Q573706	6000000014357873520
Q5737064	6000000006945702010
Q5737078	6000000006327224788
Q573709	6000000003209429634
Q573715	6000000020182226899
Q5737177	6000000057242106821
Q573720	6000000119412816822
Q5737409	6000000010503896640
Q5737435	6000000026271624336
Q573751	6000000040579280166
Q5737527	6000000000759443685
Q5737534	6000000000759443721
Q5737543	6000000020342395565
Q5737558	6000000018165576405
Q5737573	6000000020342802968
Q5737584	6000000083096941943
Q5737590	6000000000759438346
Q5737641	6000000042094016848
Q5737649	6000000006602743728
Q5737689	6000000027060749992
Q5737694	6000000000759439273
Q5737710	6000000053495266165
Q5737734	6000000001283826782
Q5737742	6000000037061491552
Q5737789	6000000017804579380
Q5737807	6000000019507607252
Q5737817	6000000017804483456
Q5737824	6000000017822824304
Q5737859	6000000022541191147
Q5737866	6000000019507385211
Q5737875	6000000173562426223
Q57379	6000000013289117094
Q5737918	6000000007158557267
Q573800	6000000074732736887
Q573802	6000000096070243824
Q573813	6000000011518486778
Q5738149	6000000014295701202
Q57382	6000000057950929974
Q5738366	6000000037611910451
Q5738395	6000000001210833261
Q57384	6000000004530036013
Q573842	6000000012437609453
Q573847	6000000002883145714
Q57384952	6000000011852343813
Q573858	6000000010595347375
Q57386	6000000023910495029
Q573861	6000000025969310415
Q573864	6000000016162937464
Q573875	6000000016127866327
Q573882	6000000002764740832
Q57389	6000000015242167948
Q57389419	6000000013966151102
Q573895	6000000020084530062
Q573896	6000000010957769941
Q5738965	6000000019764569098
Q5739029	6000000084813607913
Q573909	3977887868020122501
Q57390945	6000000012866896406
Q57391648	6000000013970396628
Q573926	6000000022410307277
Q57393	6000000015975113415
Q57394	6000000069756390840
Q573944	6000000007978141039
Q57394598	6000000010349912479
Q5739474	6000000116375160498
Q5739480	6000000001659444271
Q5739494	6000000019547380192
Q5739522	6000000033383467996
Q57395485	6000000022880971527
Q57395711	6000000011205035885
Q573959	6000000163656612841
Q5739600	6000000015579886679
Q573967	6000000081055086930
Q5739673	6000000003783106204
Q5739708	6000000032507319540
Q57397190	6000000039383935574
Q5739721	6000000073810826255
Q5739771	6000000011261405599
Q5739824	6000000037014365638
Q57398272	6000000008817560622
Q5739859	6000000006591524347
Q573987	6000000051713358825
Q5739885	6000000010089301507
Q57399	6000000083388142047
Q5739918	6000000196674307896
Q5739945	6000000006589171382
Q573996	6000000019299887452
Q5739969	6000000008439139923
Q573997	6000000014452447885
Q5740001	6000000014443430152
Q5740074	6000000018028053477
Q5740077	6000000016036073348
Q5740099	6000000016476726350
Q5740111	6000000023955822849
Q574013	6000000163666994912
Q57401350	6000000011468207574
Q5740161	6000000016992028156
Q5740229	6000000050830806864
Q574025	6000000018767823088
Q5740252	6000000032701345195
Q5740293	6000000010877248442
Q574030	6000000163660789833
Q5740337	6000000003705123552
Q5740370	6000000034741691063
Q5740531	6000000193229403832
Q5740655	6000000030979933521
Q57408037	6000000003502178243
Q574083	6000000171044098854
Q57408622	6000000003502178832
Q57408929	6000000024611897207
Q57408936	6000000096200374879
Q57409260	6000000018378756860
Q57409334	6000000003502114804
Q57410	6000000002880460523
Q5741022	6000000022210105489
Q574116	6000000004149004815
Q5741174	6000000015957640481
Q57414	6000000002100863058
Q5741401	6000000152515350895
Q574144	6000000095464881988
Q57415399	6000000179562434841
Q574156	6000000018277361216
Q5741576	6000000182232269823
Q5741652	6000000082970992265
Q5741662	6000000081308042740
Q5741675	6000000025838047628
Q57418069	6000000029059154387
Q57418460	6000000010062878750
Q57418816	6000000001483055718
Q57418834	6000000014112830277
Q57418921	6000000013971041503
Q57418922	6000000076817171140
Q57419406	6000000140677567822
Q57419427	6000000005442321049
Q5741967	6000000032589343366
Q5741985	6000000081977428114
Q57420	6000000026025288383
Q5742047	6000000003015468027
Q5742136	6000000010131461994
Q5742174	6000000181507051956
Q574222	6000000044229677943
Q5742235	6000000014091661053
Q57423	6000000000889288243
Q574232	6000000062707822020
Q57425	6000000024210309015
Q5742535	6000000014807149085
Q5742742	6000000003550056593
Q5742752	6000000005436379276
Q5742766	6000000000175755384
Q5742777	6000000005442303378
Q5742786	6000000000267884364
Q57428	6000000000307243451
Q5742932	6000000053153017835
Q5742991	6000000005965508460
Q574303	6000000002090480488
Q574306	6000000040430145873
Q5743117	6000000020462566905
Q574312	6000000111583651838
Q574317	6000000163563352893
Q5743346	1506357
Q5743374	6000000022352076868
Q57434	6000000197572810877
Q57437	6000000041146773537
Q5743831	6000000174899185828
Q5743852	6000000019519065150
Q574400	6000000012951329529
Q574402	6000000024935201681
Q5744035	6000000019519681283
Q574414	6000000017285439336
Q57442	6000000014313233804
Q5744240	6000000021289659665
Q5744270	5473322663640129857
Q5744284	6000000020074669535
Q5744295	6000000002584287609
Q5744303	6000000002419498209
Q5744318	6000000019539433681
Q5744327	6000000040736903010
Q5744339	6000000000974233105
Q5744372	4376374
Q5744384	6000000001877477634
Q5744398	6000000023000248550
Q5744409	6000000019522123097
Q5744415	6000000004850061516
Q5744418	6000000023000786995
Q5744424	6000000013216214604
Q5744431	6000000013216272715
Q5744437	6000000013216094129
Q5744448	6000000078310758709
Q574450	6000000024785487538
Q5744504	6000000036877869462
Q5744516	6000000039643236880
Q5744614	6000000029439875553
Q5744673	6000000001464101132
Q5744783	6000000007092964226
Q57448818	6000000092119570846
Q5744939	6000000131450386837
Q574496	6000000032941401230
Q574498	6000000074759436930
Q5744985	6000000025861660931
Q5745001	6000000020053025163
Q5745045	6000000107852438939
Q5745121	6000000038678456193
Q5745158	6000000023035111188
Q574516	6000000050630542836
Q57453	6000000010953870573
Q57454	6000000003365888478
Q574547	6000000021366188489
Q5745627	6000000020128505901
Q5745709	6000000036265118087
Q5745725	6000000018919941444
Q57457364	6000000061203039850
Q5745775	6000000011333707982
Q57457908	6000000079537833093
Q5745816	6000000000302088845
Q5745863	6000000019522501693
Q5746050	6000000029738286925
Q5746062	6000000040899289654
Q5746076	6000000033878041873
Q5746086	6000000025403515275
Q574616	6000000141064225058
Q5746206	6000000008099445905
Q5746220	6000000009037110202
Q574624	6000000135124771823
Q5746302	6000000006999566302
Q5746314	5196130948320104820
Q5746318	6000000028235749866
Q57464	6000000012534792374
Q5746410	6000000019526509119
Q5746418	6000000019526229550
Q5746446	6000000006829749685
Q5746460	6000000036728981222
Q5746534	6000000008260341622
Q5746541	6000000044252504360
Q57466408	6000000016256541718
Q57466760	6000000011071555428
Q57467	6000000038020704928
Q5746755	6000000008901297202
Q57468	6000000003221640265
Q5746857	6000000103296342821
Q57468891	6000000140299100914
Q57470	6000000174858415258
Q5747215	5018093517860066552
Q5747245	6000000008887968228
Q5747253	6000000008887423061
Q5747260	6000000012640622937
Q5747286	330767336500006125
Q5747294	6000000022392882310
Q5747318	330768891550001925
Q5747325	6000000007858595198
Q5747428	6000000062695688997
Q57475	6000000086521364856
Q57476588	6000000028304168451
Q57479	6000000027823651926
Q574794	6000000008637152302
Q574810	6000000001517854158
Q5748157	6000000020361769123
Q5748227	6000000019911550031
Q5748233	6000000001616101466
Q5748240	6000000001712166654
Q5748247	6000000026565705564
Q5748259	6000000026565964516
Q5748277	6000000001712259855
Q5748280	6000000001712351398
Q574832	6000000021528797087
Q5748320	6000000011606056159
Q5748328	6000000025804318959
Q5748331	6000000023084546267
Q5748334	6000000014217678793
Q57483488	6000000002695087938
Q5748490	6000000007006716066
Q5748499	6000000073056442910
Q5748505	6000000031507527097
Q5748514	6000000041315899818
Q57487	6000000008174318768
Q5748781	6000000007214064337
Q5748795	6000000006808821844
Q5748798	6000000001792337292
Q574885	6000000175530562838
Q5748866	6000000002429711804
Q5748895	6000000183228215345
Q5748973	6000000017543854296
Q57489732	6000000057024098997
Q5748988	6000000016875603572
Q5749	6000000042816039053
Q5749106	6000000033487845916
Q5749111	6000000019543043053
Q5749116	6000000019542276755
Q574926	6000000003001010467
Q5749325	6000000172534984055
Q5749387	6000000077227961356
Q5749485	6000000021747213708
Q5749578	6000000084675680968
Q574960	6000000054009110143
Q5749620	6000000080337294159
Q5749700	5459825708990136087
Q57497339	6000000016934440870
Q57497383	6000000012723300056
Q574980	6000000009976588969
Q5749810	6000000009197171380
Q5749889	6000000011828980430
Q57499716	6000000000568075180
Q5749980	323965543300006395
Q57500213	6000000100799095863
Q5750023	6000000007357339202
Q5750026	6000000143010079821
Q5750027	6000000001759046763
Q5750034	6000000015363753501
Q57501	6000000078837317847
Q5750152	6000000143571559860
Q5750185	6000000028182989003
Q5750277	6000000020839657412
Q5750282	6000000001758955871
Q5750288	6000000032374623747
Q5750303	6000000019513760376
Q575037	6000000079295892888
Q5750378	6000000026449584369
Q575043	6000000040836037545
Q5750479	6000000019613032858
Q5750508	6000000026135032068
Q5750538	6000000000696651178
Q5750620	6000000074829500994
Q5750625	6000000077915394127
Q5750626	6000000012527383468
Q57507	6000000001435762160
Q5750753	6000000075666645940
Q57508	6000000000307246659
Q5750815	6000000036137919133
Q5750850	6000000025246961438
Q5750858	6000000002427950033
Q5750895	331486716800012336
Q5750990	6000000013257429585
Q5751044	6000000010160694930
Q57510451	6000000017243799739
Q5751071	6000000044268270984
Q5751085	6000000068877943235
Q57511	6000000180954712839
Q5751149	6000000018071361048
Q57512	6000000026840526224
Q5751315	6000000045217745883
Q5751468	6000000028491900550
Q575154	6000000005004222347
Q57515793	6000000009545965955
Q5751645	6000000038624241554
Q5751770	6000000023753805187
Q5751792	6000000018070360891
Q5751815	6000000012408943937
Q5751862	6000000007250386446
Q5751877	6000000006127526310
Q5751882	6000000002656246672
Q5752	6000000016178875744
Q5752076	6000000001758991165
Q5752088	6000000038968781949
Q5752238	6000000052864054285
Q57522831	6000000014091453155
Q5752285	6000000006419657002
Q5752315	6000000188256232860
Q57523155	6000000014091479225
Q5752390	6000000013910899780
Q575253	6000000131292630936
Q5752535	4898523895600129466
Q5752570	6000000028186687082
Q5752650	6000000008141040895
Q57527	6000000006570476110
Q5752702	6000000027290548115
Q57528	6000000004170383455
Q57529	4540692
Q5753073	307303060460002727
Q57531	6000000002459840683
Q575318	6000000057600112069
Q5753257	6000000020793719581
Q5753257	6000000044303882306
Q5753261	6000000005255099935
Q5753267	6000000015988503941
Q57533	6000000003446622340
Q5753340	6000000016678738770
Q57535	6000000090733114187
Q5753599	6000000062440340959
Q57536	6000000002847110056
Q5753607	6000000114467802000
Q5753612	6000000027450421818
Q5753670	6000000049571632002
Q5753912	6000000007463951466
Q5753919	6000000007168687329
Q5753931	6000000002763416179
Q57540106	6000000043783142690
Q5754020	6000000017536690304
Q5754064	6000000006128235210
Q57541	6000000001554247194
Q5754197	6000000112689665844
Q5754283	6000000019556452313
Q5754346	6000000023158479195
Q5754352	6000000009216137315
Q5754384	6000000012055004625
Q57544	6000000200506852885
Q5754400	6000000009214236632
Q5754452	6000000005083868847
Q5754461	6000000005094582626
Q5754561	6000000021092044495
Q5754581	6000000008331521234
Q5754594	6000000005256397388
Q5754601	6000000006882608068
Q5754630	6000000008667036361
Q5754636	6000000020809264299
Q5754664	6000000008763559270
Q5754671	6000000016252507113
Q5754698	6000000018570992432
Q5754722	6000000008666842438
Q5754735	6000000008861600469
Q5754752	6000000009966045000
Q5754760	6000000020866067713
Q5754777	6000000017990843479
Q5754792	6000000019254842107
Q5754889	6000000088515212930
Q5754917	6000000011939009547
Q5754980	6000000001902101349
Q57550	6000000026378246008
Q5755011	6000000024871587276
Q57551099	6000000193145962831
Q5755182	6000000120661217105
Q57552	6000000063449139910
Q57553760	6000000044460290865
Q5755381	6000000018173602060
Q57554	6000000000068098208
Q5755434	6000000173288961000
Q5755750	6000000010712421803
Q57558582	6000000019771883489
Q57558587	6000000052057332932
Q57558600	6000000026946059292
Q57558688	6000000068973843952
Q57558788	6000000008708443546
Q5755975	6000000015040100769
Q5756044	6000000013290260026
Q5756054	6000000013290151629
Q5756071	6000000014985800057
Q575610	6000000026733131366
Q5756155	6000000033989964020
Q5756248	6000000112072342828
Q5756424	6000000005255676078
Q5756674	6000000024674798856
Q575668	4402163282490124794
Q5756690	6000000004145212267
Q5756719	6000000013054003358
Q5756760	6000000010110274607
Q5756771	6000000066156715866
Q57568	6000000029301767868
Q575689	6000000032584455953
Q57569	379729261220012874
Q5756942	6000000013335655670
Q5756952	6000000103360884851
Q5756987	6000000013081306531
Q57570	6000000041763690030
Q5757002	6000000024046848657
Q57572	6000000041424490562
Q5757267	6000000082711643875
Q5757314	6000000026621915265
Q57573358	6000000090480655090
Q57574	6000000021473041077
Q57574493	6000000004294692491
Q5757453	6000000120944735890
Q57575075	6000000004294692486
Q5757569	6000000031928440896
Q5757579	6000000023820383750
Q5757590	6000000000023254416
Q575761	6000000016883936234
Q57577683	6000000013217613430
Q57577913	6000000017554965671
Q575795	6000000038609482582
Q575799	6000000043872423922
Q5758103	6000000028186557998
Q575815	6000000087044671822
Q57582765	6000000143971448890
Q57582765	6000000143976347838
Q5758390	6000000065471949919
Q57584	6000000017269838766
Q57584034	6000000083251051953
Q57584408	6000000002609381789
Q57584600	6000000166885685184
Q57584667	6000000163741482873
Q57584856	6000000086547881030
Q57584897	6000000028140779957
Q57584908	6000000179153291887
Q57584931	6000000066923892821
Q57585	6000000024316674172
Q5758518	6000000014857491122
Q57585351	6000000038879046044
Q5758571	6000000006595580630
Q5758601	6000000049616920273
Q5758618	6000000049616171938
Q5758627	6000000097100121918
Q5758656	6000000019443265571
Q5758664	6000000001009438200
Q57587	6000000013177235181
Q5758707	4542603579550081025
Q57588	6000000110641308821
Q5758823	6000000014405300272
Q57588723	6000000008765334540
Q57589598	6000000007040558324
Q575900	6000000074750028006
Q57592	6000000044547583956
Q5759300	6000000004317305958
Q5759333	6000000003745321557
Q5759348	6000000016902098029
Q57593551	6000000009836363310
Q57594	6000000002188424870
Q57594181	6000000085553981827
Q5759529	6000000038040465870
Q5759595	6000000024970303432
Q5759618	6000000006987340414
Q5759681	6000000007460648272
Q57596875	6000000006741882461
Q57597151	6000000014713634829
Q5759902	6000000024822927536
Q576	6000000001688703206
Q5760097	6000000000264726644
Q5760099	6000000016499156252
Q5760170	6000000060715363180
Q57603	6000000081766780441
Q57603632	6000000050882735855
Q5760376	6000000032792337181
Q5760394	6000000015739182181
Q57604	6000000016441175802
Q57605574	6000000178961837822
Q5760576	6000000045700201944
Q57607092	6000000121002012005
Q5760724	6000000008653181315
Q5760738	6000000021854296561
Q5760872	6000000074757359106
Q57608920	3960629548610077733
Q5760946	6000000021481578341
Q5760955	6000000026684173382
Q57610	6000000176910757914
Q5761186	6000000016037295056
Q5761310	6000000019581513271
Q5761350	6000000008630249392
Q576143	6000000017355369002
Q57614314	6000000078492434884
Q5761464	6000000061533734181
Q5761470	6000000187194295909
Q57614856	6000000007387799240
Q5761527	6000000199877968826
Q5761562	6000000011115781565
Q5761568	6000000018740806061
Q5761573	6000000032280269057
Q5761589	6000000041610817971
Q57616561	6000000024235675534
Q5761680	6000000033317863866
Q5761759	6000000034137523887
Q57617651	6000000010070764485
Q57618151	6000000018312397715
Q5761848	6000000006110217143
Q57619	6000000018649291368
Q57619958	6000000013023646319
Q5762022	6000000000669823336
Q5762066	6000000179059830822
Q5762274	6000000024729163235
Q57623	6000000002915140855
Q5762493	6000000055395743869
Q5762506	6000000001629347459
Q5762528	6000000008600102928
Q57626	6000000001562041916
Q57628	6000000003232579010
Q57629	6000000003219742743
Q57629661	6000000001299388083
Q5762980	6000000002765192694
Q5762986	6000000025915078275
Q5762992	6000000001441076854
Q57630049	6000000013405980809
Q5763019	6000000007782308468
Q5763199	6000000015432329920
Q57632	4694693
Q5763330	6000000067874892041
Q5763356	6000000082059747979
Q57634393	6000000029573314246
Q57635	4532671
Q57637	4532743
Q57637179	6000000029573659035
Q5763826	6000000171503814834
Q576385	6000000035713514377
Q57638750	6000000016124781387
Q57641	6000000023233663874
Q576431	6000000013417106708
Q5764319	6000000012125411119
Q5764396	6000000026437585776
Q57645	4138662614410074729
Q576453	6000000013394460237
Q5764533	6000000085573954859
Q57646	6000000081540852954
Q5764701	6000000173136383516
Q57648	4107984
Q5764892	6000000008391033456
Q5764903	6000000020616427785
Q5765075	6000000183381202822
Q57651	5219779602350108620
Q5765264	6000000035094546533
Q57653	6000000004120107775
Q5765303	6000000049312844835
Q5765336	6000000017997525087
Q57654397	6000000039299212538
Q57656	6000000007795799554
Q5765609	6000000008847477658
Q5765669	6000000001942828460
Q57658	6000000003221554850
Q5765823	6000000000759428057
Q5765840	6000000044217387915
Q5765863	6000000007686140849
Q576589	6000000135607777894
Q57658910	6000000011590935178
Q57658931	6000000015116239076
Q57659823	6000000148998878940
Q57660802	6000000051371970848
Q57661	6000000046716566944
Q57661079	6000000012140939642
Q57661142	6000000021029451003
Q57661691	6000000001108640183
Q57661785	6000000013663803538
Q57662	312474987850005822
Q57662600	6000000137989667936
Q57663743	6000000019665751884
Q57664238	6000000025511971194
Q5766488	6000000019582905608
Q57665	6000000185748727828
Q5766563	6000000022684682417
Q57665951	6000000019976137154
Q57666	6000000000714796861
Q57667	6000000067687026925
Q5766745	6000000179958347836
Q57668	6000000000695635171
Q57669	6000000001550892563
Q57669496	6000000018892155323
Q5767039	6000000074315509940
Q5767097	6000000181458901824
Q5767115	6000000019583682009
Q5767122	6000000019035037948
Q5767136	6000000014815647565
Q5767242	6000000108710934949
Q5767281	6000000172648635822
Q5767350	6000000037865505922
Q57674	6000000001553887647
Q5767551	6000000009807268876
Q57676	6000000008281166227
Q576767	6000000058814134979
Q5767691	6000000013292321754
Q5767773	6000000024759600321
Q576779	6000000017935475067
Q576801	6000000042650842992
Q5768067	6000000031266061156
Q57681	6000000073860429873
Q5768148	6000000041792761990
Q5768158	6000000041792458826
Q5768206	6000000007583783242
Q576824	6000000014229084838
Q5768295	6000000008773381559
Q57684	6000000078839047025
Q576846	6000000177725446889
Q5768483	6000000020892797011
Q5768523	6000000092717301923
Q5768563	6000000014569094919
Q5768633	6000000033338427068
Q5768764	6000000014761581825
Q5768785	6000000013169188278
Q57688	6000000145021036835
Q57688644	6000000013413944207
Q5768874	6000000059644857942
Q5768882	6000000018671573503
Q5768889	6000000078953330055
Q57689	6000000056272962926
Q5768918	6000000012599936309
Q5768933	6000000011092643378
Q5769020	6000000001915224390
Q5769023	6000000012503308722
Q5769048	6000000010887242215
Q576907	6000000043463032389
Q5769070	6000000176384664839
Q5769127	6000000010384581831
Q5769158	6000000178790381843
Q5769162	6000000088844389955
Q5769163	6000000010468124291
Q5769187	6000000187218700857
Q5769196	6000000034207217248
Q5769205	6000000105922159030
Q5769234	6000000001502213421
Q5769243	6000000030752117373
Q5769293	6000000077904423237
Q5769314	6000000005817653005
Q57693590	6000000007964254128
Q576944	6000000093712183940
Q57695317	6000000010301638374
Q576965	6000000012646926591
Q57697441	6000000022772129177
Q57699059	6000000013019277868
Q57699598	6000000084624264023
Q57699669	6000000181042579969
Q5770004	6000000001112529006
Q57701171	6000000105338516009
Q57701939	6000000032120945051
Q57702573	6000000013019827460
Q57703619	6000000076165852079
Q5770374	6000000067124003072
Q5770487	6000000000951119537
Q577052	6000000188664784835
Q5770820	6000000018369424374
Q57708372	6000000179900821821
Q5770888	6000000176975213833
Q5770947	6000000007551562282
Q5770978	6000000007296782380
Q5770994	6000000010962844130
Q57710247	6000000027210745018
Q5771035	6000000011134945073
Q57710442	6000000022923165509
Q577114	6000000017419945458
Q5771165	6000000078911363821
Q57711726	6000000024792077063
Q57711948	6000000011623958084
Q5771276	6000000027164478980
Q57713	6000000021616841053
Q5771345	6000000006333535142
Q57714516	6000000017836154434
Q577160	6000000003626847732
Q577162	6000000175544151922
Q5771716	6000000009223949982
Q5771737	6000000010856166339
Q5771745	6000000009405033404
Q5771753	6000000014645807018
Q5771761	6000000019597638560
Q5771768	6000000019593929767
Q5771773	6000000019595892534
Q5771800	6000000079753591832
Q577193	6000000014746481837
Q57719690	6000000066892139821
Q5772036	6000000009387040218
Q5772067	6000000001699566905
Q57721	6000000029939049710
Q5772178	6000000000052417288
Q5772190	6000000036692776582
Q5772197	6000000009285240425
Q5772215	6000000010047905717
Q577222	6000000146295724851
Q5772234	6000000075789759966
Q5772288	6000000013372519477
Q5772296	6000000008908450535
Q5772302	6000000010521134167
Q5772437	6000000083020054746
Q57724607	6000000001463187327
Q5772563	6000000178678906898
Q57727330	6000000011101127444
Q577274	6000000071439112227
Q57727814	6000000011100937654
Q57728538	6000000032120884044
Q57728627	6000000021547804382
Q5772882	6000000003102366308
Q5772932	6000000005789803937
Q57729321	6000000069634904828
Q5772998	6000000001884440125
Q5773011	6000000000278654613
Q5773020	6000000004140321250
Q5773057	6000000022229684381
Q5773095	6000000021786346641
Q57731148	6000000000956005549
Q5773116	6000000018667967193
Q57731291	6000000000090846156
Q577320	6000000145873903908
Q5773279	6000000025267941878
Q5773319	6000000023052894856
Q5773438	6000000011634856971
Q5773558	2381774
Q5773567	6000000126113581058
Q5773597	6000000005945026062
Q5773618	6000000008015682710
Q5773639	6000000041581975787
Q57737	6000000016690704181
Q577370	6000000095875134877
Q5773765	6000000011022886910
Q5773772	6000000000966225182
Q5773780	6000000015190687196
Q57737927	6000000017068400614
Q5773923	6000000001753022205
Q57739888	6000000002651430692
Q5774093	6000000041563977126
Q5774120	6000000015700406499
Q57741263	6000000006127373827
Q5774191	6000000076834463179
Q5774277	6000000004566425194
Q57742872	6000000051753466083
Q5774290	6000000008588458349
Q5774297	6000000064486861337
Q5774503	6000000181853048878
Q5774539	6000000002496384903
Q5774585	359788565170011295
Q5774631	6000000039566337630
Q57747266	6000000084511077573
Q5774738	6000000017012201448
Q5774760	6000000038226020879
Q5774795	6000000017011975974
Q577504	6000000009536785506
Q57750666	6000000019743843283
Q5775073	6000000003808554451
Q5775141	6000000005037358032
Q577519	6000000140430077843
Q577522	6000000099919454975
Q577543	6000000104308670899
Q57757583	6000000026145524451
Q57760	6000000021507463685
Q577606	6000000060334660836
Q5776165	6000000010282290010
Q5776171	6000000007329765178
Q5776176	6000000002278450223
Q577621	6000000029244675164
Q57763	6000000017278231140
Q5776325	6000000021620368835
Q5776363	6000000002137857031
Q57764263	6000000000424875626
Q5776455	6000000021623373853
Q57764751	6000000017950042043
Q5776520	6000000004674639613
Q57765309	6000000032936521956
Q5776532	6000000004674816409
Q5776536	6000000004674521339
Q5776559	6000000003798258047
Q5776576	6000000016309239779
Q57765890	6000000017952531316
Q57766051	6000000017951988764
Q57766192	6000000017953592251
Q5776691	6000000078203173706
Q577671	6000000011234150024
Q57768	6000000194181952831
Q577680	6000000028008448985
Q57769494	6000000063279048834
Q57770264	6000000113752947862
Q57770400	6000000011964957961
Q5777072	6000000020090017043
Q57771068	6000000000029652825
Q5777312	6000000012673931299
Q5777354	6000000007013302599
Q5777382	4585849240060125890
Q57774294	6000000021599839678
Q57774340	6000000002530219234
Q577745	6000000145514648356
Q577751	6000000018753380419
Q57775102	6000000039866468339
Q57775406	6000000016556747941
Q57775607	6000000197165177848
Q5777573	6000000137532840982
Q57776111	6000000106280133827
Q5777654	6000000002820092473
Q57777	6000000020654701699
Q5777728	6000000015269970214
Q5777827	6000000117823265840
Q577806	6000000041770937999
Q5778075	6000000070570871918
Q5778081	291046077170002308
Q577810	6000000066986899838
Q57781480	6000000083446536376
Q5778159	6000000012498869418
Q5778221	6000000014903917404
Q5778433	6000000001262073532
Q57786069	6000000007447893267
Q577873	6000000015978879124
Q577879	6000000080587214512
Q5779007	6000000002423774655
Q5779015	6000000000076235210
Q5779021	6000000019609977611
Q5779027	6000000019610672500
Q5779121	6000000007464386541
Q5779125	6000000007464308710
Q5779217	6000000002447737425
Q5779239	6000000008657106928
Q5779254	6000000008899917234
Q5779289	6000000035530438903
Q5779293	6000000011851998782
Q5779309	6000000006128260311
Q5779321	6000000006128235626
Q5779341	6000000007954479935
Q5779359	6000000004690679508
Q5779404	6000000011797568556
Q5779448	6000000006127177050
Q5779454	6000000006127177059
Q5779461	6000000006701660476
Q5779472	6000000006420858410
Q5779478	6000000006127174653
Q5779483	6000000023072561919
Q5779494	6000000002456974112
Q57795	6000000000692792046
Q5779513	4614844
Q5779535	6000000006701764778
Q5779540	6000000006704252523
Q5779550	6000000180484364841
Q5779557	291015504880001094
Q5779576	6000000009866831073
Q5779581	6000000003881723191
Q5779747	6000000008794372382
Q5779854	6000000019627379721
Q57799	6000000005598776026
Q5779927	6000000005607909510
Q5779963	6000000003239590882
Q5779975	6000000002947768793
Q5780005	6000000022561402921
Q578007	6000000002188450056
Q578011	6000000058207027883
Q5780149	6000000002149543056
Q57802	6000000154145134853
Q5780255	4083281
Q5780280	6000000017405410315
Q5780286	6000000019626672455
Q578031	317235940510003535
Q5780321	6000000018255437100
Q5780335	6000000021632169040
Q578036	6000000124937337858
Q5780474	6000000011373361795
Q57805	6000000140203539861
Q5780541	6000000055560344890
Q5780553	6000000044210150860
Q5780558	6000000044209599144
Q5780694	6000000024392839043
Q5780734	6000000017073179769
Q5780775	6000000068875751825
Q57808	6000000076409343425
Q5780887	6000000121871769297
Q57809	6000000089457844231
Q5780956	6000000008627905018
Q5780984	6000000008285376448
Q5780994	3726155
Q5781003	6000000003376184795
Q5781009	6000000004139069441
Q578102	6000000022905472504
Q5781082	6000000190455312821
Q578117	6000000080028451987
Q57812	6000000056322321904
Q5781485	6000000172479099839
Q57815	6000000011985867996
Q5781560	6000000009477512103
Q5781565	6000000007294571474
Q5781647	6000000017319666465
Q57817328	6000000011077406725
Q5781840	6000000136532678837
Q5781848	6000000012766043394
Q5781866	6000000008496992298
Q5781878	6000000011390282109
Q5781891	6000000020386705915
Q5781941	6000000064769771907
Q57820	6000000016596828090
Q5782004	6000000006128152745
Q5782020	6000000002813191193
Q5782071	6000000017487731348
Q5782091	6000000022248618710
Q5782206	6000000008769490531
Q5782281	365963811270011693
Q57822852	6000000056391549931
Q5782291	365902010790011675
Q5782382	6000000021178866980
Q5782397	6000000014297264921
Q5782429	6000000018435513909
Q578245	6000000010774357989
Q5782528	6000000037470243913
Q5782600	6000000000941743670
Q5782632	6000000010067316801
Q5782638	6000000009818900589
Q5782684	6000000025321211984
Q5782834	6000000019639813556
Q5782847	6000000013431302238
Q5782860	6000000035323426011
Q57829	6000000000785786021
Q5782930	6000000007558101758
Q5782965	6000000006357529678
Q578302	6000000071435178860
Q57830436	6000000020514874955
Q5783071	6000000017602812521
Q5783077	6000000019639970677
Q5783207	6000000021637381629
Q5783235	6000000009036853158
Q57832787	6000000014797524193
Q5783279	6000000011458065038
Q57832806	6000000048248962031
Q5783345	6000000017441482474
Q57834300	6000000018608039243
Q57834866	6000000059175968237
Q57836160	6000000013629956236
Q57837424	6000000080402989913
Q5783793	6000000006590108086
Q578381	6000000184374606833
Q5783822	6000000039112070770
Q5783928	6000000010962302931
Q5783934	6000000010962350630
Q578400	6000000011985942723
Q57841	6000000002188445835
Q5784206	6000000017625270622
Q5784271	6000000000582858319
Q5784469	6000000033672777091
Q57845	6000000003857210338
Q5784539	6000000091720102976
Q57845520	6000000074035091821
Q578459	6000000025166068730
Q57845913	6000000054332354830
Q5784592	6000000074687899978
Q5784597	6000000010762472147
Q5784613	6000000008820350997
Q5784621	4428746741940128573
Q578466	6000000017469512036
Q5784692	6000000076844132263
Q5784773	6000000031200934920
Q57848	6000000011314384074
Q5784822	6000000031186586883
Q57849045	6000000001655578599
Q5784939	6000000017815277455
Q5784988	6000000001720231510
Q5785026	6000000019644285087
Q5785109	6000000009648675904
Q5785141	6000000049612745852
Q5785155	6000000010298592772
Q5785159	6000000064318443068
Q5785169	6000000010298963795
Q57851886	6000000011263231765
Q57852	6000000001367997047
Q5785203	6000000010298642388
Q5785251	6000000013579585981
Q5785360	6000000002589008831
Q5785420	6000000031663951199
Q5785437	6000000086721938180
Q5785559	6000000021660855066
Q5785580	6000000018327326752
Q5785596	6000000015745058878
Q5785658	6000000062552741337
Q5785668	6000000006160861134
Q5785819	6000000019507932885
Q5785843	6000000007330592266
Q5785855	6000000093055000049
Q5785863	6000000019273179034
Q5785876	6000000006851629384
Q5785935	6000000006853052332
Q5785976	6000000032005657710
Q5786047	6000000019054245704
Q57860563	6000000019601106280
Q5786064	6000000003265822882
Q5786075	6000000002134456350
Q5786083	6000000008510125446
Q5786117	6000000093055919883
Q5786136	6000000025511870304
Q5786143	6000000006852726591
Q57861629	6000000029639565759
Q57862094	6000000019600969662
Q5786245	6000000012011655354
Q5786333	6000000003265685906
Q57864213	6000000011403964119
Q578647	332298106930012923
Q5786489	6000000084389861829
Q5786502	6000000003094394895
Q5786522	6000000017007961428
Q5786576	6000000023598239388
Q5786648	6000000018716400689
Q5786657	6000000018017908094
Q5786686	6000000002129963768
Q5786832	6000000018029938885
Q5786841	6000000001137250215
Q5786847	6000000015882184422
Q5786852	6000000010765944233
Q5786866	6000000015881873341
Q57869005	6000000015436826320
Q5786904	6000000008513313842
Q5786911	6000000005585789112
Q5786924	6000000006962460115
Q5786945	6000000023415356854
Q578701	6000000021016705612
Q5787150	6000000019657537824
Q5787266	6000000011839372040
Q5787344	6000000026028077157
Q5787357	6000000040783911989
Q5787382	6000000024093299984
Q5787389	6000000024093145381
Q5787399	6000000024090289009
Q5787415	6000000024090041947
Q5787435	6000000024092895274
Q5787447	6000000024092591744
Q578746	6000000184226233825
Q5787555	6000000010426152038
Q5787703	6000000003656709886
Q5787974	6000000008049471330
Q5787987	6000000000685945496
Q5788058	6000000032396797880
Q5788067	6000000035531410981
Q5788092	6000000001536386374
Q578827	6000000000382935150
Q5788371	6000000181486395845
Q5788394	6000000011365830480
Q5788399	6000000050000114201
Q5788598	6000000020777208108
Q5788607	6000000000901141180
Q5788657	6000000042191813442
Q57887380	6000000013401461284
Q5788864	6000000012090083226
Q5788964	6000000014440872985
Q5789174	6000000022277490239
Q578918	6000000007061422100
Q578919	6000000004883432830
Q57892447	6000000052825559826
Q5789257	6000000009049688485
Q5789296	6000000007400968569
Q5789369	6000000071495980043
Q5789486	6000000002938195555
Q5789491	6000000007662204215
Q5789517	6000000010128506728
Q5789545	6000000006985065096
Q5789608	6000000013984651910
Q5789629	6000000097115879844
Q5789733	6000000047975749285
Q5789793	6000000059887759890
Q5789836	6000000003263328365
Q5789854	6000000089103128924
Q57898880	6000000016071884087
Q5789903	6000000017877861709
Q579	6000000006222973015
Q5790068	6000000002831290306
Q5790107	6000000010801601088
Q5790134	6000000002339896876
Q5790171	6000000023142335833
Q5790329	6000000021051500575
Q57903329	6000000018453526365
Q5790337	6000000009471636007
Q57905233	6000000009728903080
Q5790697	6000000004156058361
Q5790728	6000000008831013351
Q579076	6000000184591808822
Q57909	6000000003232579017
Q5790979	6000000023281044918
Q57909925	6000000000071443270
Q5791071	6000000002151477152
Q57911283	6000000083443807977
Q579115	6000000023499985689
Q5791238	6000000110417918821
Q57913	6000000006277541535
Q5791441	6000000002527884646
Q5791482	6000000021695343584
Q57915345	6000000061518356852
Q57915542	5551733102630120878
Q57915611	6000000011998965654
Q5791668	6000000024297089062
Q5791694	6000000008612068841
Q579170	6000000061041422821
Q579172	6000000163825542013
Q5791785	6000000006440879851
Q5791814	6000000039737494589
Q5791840	6000000000105678233
Q5791881	6000000013723985351
Q5791907	6000000019659638067
Q57919323	6000000052178881867
Q5791963	6000000042893537087
Q5791973	6000000000937384289
Q5791980	6000000028210533420
Q57920	6000000001480249149
Q5792035	6000000019659798123
Q5792104	6000000038852012549
Q57921528	6000000173704676876
Q57922	6000000029009632689
Q579220	6000000032340486201
Q579228	6000000007191410385
Q579241	6000000105796907076
Q57924424	6000000034809758896
Q5792529	6000000036133821012
Q5792658	6000000009992549191
Q5792678	6000000017820816322
Q5792685	6000000048330716895
Q5792716	6000000002793236326
Q5792729	6000000008019683558
Q5792794	6000000034456283128
Q5792804	6000000034456188316
Q5792830	6000000017241679369
Q5792836	6000000017241148534
Q5792842	6000000014608856765
Q5792849	6000000014608694917
Q5792855	6000000017241829071
Q579286	6000000145342283844
Q5792861	6000000017241135953
Q5792866	6000000016067067353
Q5792871	6000000017241606526
Q5792878	6000000017241829694
Q5792884	6000000030225131142
Q5792921	6000000001016447657
Q5792970	6000000028229802187
Q5792998	6000000003784540551
Q579324	6000000027558177685
Q5793265	6000000081697888266
Q5793327	6000000006197984911
Q5793339	6000000000818932960
Q579335	6000000098257606833
Q5793553	6000000013035395609
Q579366	6000000120991026118
Q57938	6000000031938702451
Q5793802	6000000008537602767
Q5793941	6000000008699315359
Q5793967	6000000038890410185
Q5794196	6000000017574824142
Q5794206	6000000022613395538
Q5794214	6000000003098892937
Q57943	6000000003232545126
Q5794347	6000000068322264821
Q57945	6000000022309878623
Q5794515	6000000112266641034
Q5794559	3943361273480037366
Q5794579	6000000003465246626
Q5794593	6000000021618026856
Q57946	6000000084348779898
Q579461	6000000085410817009
Q5794714	6000000004973159227
Q5794842	6000000012746575395
Q5794849	6000000017628103144
Q5794856	6000000012746200512
Q5794865	6000000012746642758
Q57949	6000000002188425836
Q57950	4215174429090031533
Q5795041	6000000035090732441
Q57950847	6000000166399539830
Q5795092	6000000019669562009
Q5795128	6000000164248000972
Q57952	6000000010695787538
Q5795248	6000000046717398235
Q5795431	6000000019671475123
Q5795477	6000000007964518630
Q57955113	6000000178777515854
Q57955133	6000000005035511548
Q57955154	6000000008201634482
Q5795555	6000000004639246019
Q5795564	6000000004639271135
Q5795570	6000000006597566034
Q5795578	6000000008879606866
Q5795600	6000000004115314532
Q5795608	6000000023172413906
Q5795618	6000000001541858231
Q5795653	6000000041125323833
Q5795679	2043554
Q57957095	6000000050557150083
Q5795712	6000000019197008044
Q5795740	6000000019196808131
Q5795754	6000000006917430891
Q5795769	6000000002346455219
Q5795821	6000000001351632190
Q5795875	6000000013269377095
Q57959	6000000021916733968
Q579591	6000000078004335529
Q5795928	6000000019681508024
Q5795944	6000000019681051755
Q5795950	6000000094843612835
Q579599	6000000047098724902
Q5796009	313550034450006423
Q5796038	6000000019683092504
Q5796046	6000000021706130466
Q5796063	6000000002527884274
Q5796139	6000000023389698907
Q5796181	6000000019683480190
Q5796282	6000000002615763487
Q57963	6000000030934614376
Q5796301	6000000040319965177
Q579636	6000000105757270865
Q5796410	6000000040899600944
Q5796518	6000000038629924633
Q5796530	6000000181761597825
Q5796549	6000000002565709427
Q57966	4604207
Q579660	6000000026177329040
Q5796652	6000000004314229651
Q5796668	6000000003205669135
Q5796734	6000000023149158475
Q57968	6000000011164006420
Q5796884	6000000019190920198
Q57968871	6000000016393137437
Q5796905	6000000001688625887
Q5796911	6000000019926632544
Q5796997	370983587200012757
Q5797044	6000000024788789218
Q5797052	6000000010800441829
Q5797126	6000000182213925979
Q5797159	6000000125934463055
Q5797181	6000000009563526483
Q57972	6000000002459854387
Q5797222	6000000009571576706
Q5797239	6000000009571621231
Q57974	6000000002188444192
Q5797416	6000000000819003710
Q5797423	6000000017726977940
Q5797450	6000000000819275036
Q5797462	6000000121494514830
Q5797471	6000000030072507863
Q57974980	6000000145956665944
Q579751	6000000073133064899
Q5797546	6000000011332103225
Q5797554	6000000011370804802
Q5797559	6000000017959460264
Q5797565	6000000038093744108
Q5797587	6000000000101149358
Q57975920	6000000079357315359
Q5797598	6000000002193793534
Q57976	4695029
Q5797620	6000000022983513840
Q5797646	6000000048194822093
Q5797661	6000000028239933169
Q5797667	6000000023059204366
Q579779	6000000074065024386
Q5797858	6000000017316674529
Q57980	6000000023482089304
Q5798061	6000000001735393600
Q57981	6000000180650112862
Q5798128	6000000031370504168
Q57981466	6000000020306953156
Q5798182	6000000021248632607
Q57982269	6000000017615462118
Q57982569	6000000150369247011
Q57983207	6000000021366163856
Q5798347	6000000022262459095
Q5798361	6000000019666177578
Q5798366	6000000014320475271
Q5798396	6000000014164192090
Q5798493	6000000064829178837
Q5798514	6000000019713188166
Q5798534	6000000020123707007
Q579859	6000000041637031989
Q57985949	6000000109024840927
Q57986	6000000006101459329
Q5798706	6000000003767219900
Q57987433	6000000192535639839
Q5798762	6000000015665026922
Q5798772	6000000024330237219
Q5798857	6000000019686789119
Q5798883	6000000019686986201
Q5798989	6000000002953647802
Q5799015	6000000128977882843
Q5799046	6000000019341218140
Q5799048	3701883
Q57991	6000000050185408741
Q5799101	6000000007347878360
Q5799108	6000000000726564476
Q5799181	6000000033546127015
Q5799199	6000000009419559053
Q57992	6000000000347866309
Q5799354	6000000069683279837
Q57994	6000000186257947824
Q5799445	6000000003287547022
Q5799514	6000000148879266846
Q5799549	6000000170027301312
Q5799568	6000000180854780869
Q5799656	6000000040250336859
Q5799669	5571526533500026930
Q5799698	6000000019702626756
Q5799744	5571502541370066487
Q5799756	6000000019701154847
Q5799800	6000000052248997836
Q579981	6000000131738178671
Q57998669	6000000023527773472
Q5799929	6000000006961989812
Q5800050	6000000182440791881
Q5800070	6000000019703801040
Q58000833	6000000025100905728
Q5800084	6000000002780235562
Q58000894	6000000006195071642
Q5800097	6000000008591673958
Q58001	6000000000632003152
Q5800157	6000000190999887923
Q5800177	6000000030666141977
Q58001822	6000000178251841822
Q5800209	6000000006290937321
Q5800216	6000000093390038877
Q58002344	6000000072404632839
Q58003	4030332842630031152
Q58003737	6000000083001905219
Q5800414	6000000034070385822
Q58005910	6000000051545597863
Q5800623	6000000035500415228
Q5800760	6000000059769615172
Q5800767	6000000059769835960
Q5800882	6000000025293029500
Q5800908	6000000044335607618
Q5800981	6000000092205518059
Q58010403	6000000165985097436
Q58010433	6000000098151266043
Q58010720	6000000153870409832
Q58010888	6000000177264569822
Q58010898	6000000018871471131
Q58011187	6000000140308806059
Q58011262	6000000024336068257
Q58011322	6000000027670205797
Q58011364	6000000104663737825
Q58011381	6000000191662120822
Q58011490	6000000081320864027
Q58012	6000000002144350650
Q58013	6000000041320297921
Q5801314	6000000022565089649
Q580137	6000000006241851160
Q5801525	4308064266150056813
Q5801534	4342791738300125831
Q58016	6000000003219727883
Q58016515	6000000111982122922
Q5801712	6000000000726656820
Q5801718	6000000000740264008
Q5801729	6000000005403671699
Q5801754	6000000113805346863
Q58019248	6000000016182509154
Q5801949	6000000013406615329
Q58020	6000000002188425967
Q5802152	6000000075892654838
Q5802205	6000000009094425334
Q580222	6000000044020006855
Q5802252	6000000019712331062
Q5802293	6000000007096021751
Q58023	5415727940560046047
Q5802301	6000000007096031453
Q5802327	6000000004292152892
Q5802420	6000000000113705535
Q58025	6000000001009251630
Q5802511	6000000011851490121
Q5802518	6000000006127557446
Q5802535	6000000006128046380
Q5802585	6000000007680828750
Q5802592	6000000011700725465
Q5802617	6000000007681039583
Q5802624	6000000011697911268
Q5802636	6000000020583798633
Q5802648	6000000003805171208
Q5802784	6000000052008725989
Q580283	6000000184223202856
Q5802878	6000000037402495261
Q5802982	6000000002930635840
Q5802988	6000000002949819452
Q58030265	6000000173391858216
Q58030897	1713795
Q58031	6000000101547173829
Q58031023	6000000019522342928
Q5803117	2331316
Q5803215	6000000021747606624
Q58033	6000000014063536524
Q58033564	6000000005100155060
Q5803390	6000000019508688090
Q5803416	6000000019508511490
Q5803422	6000000000166963914
Q58034290	6000000020665805911
Q58034313	6000000017895887535
Q58035	4573328356250026571
Q5803538	6000000062287979316
Q580355	6000000039681870896
Q5803577	6000000181185043851
Q5803583	6000000127558819945
Q58035844	6000000004160438059
Q5803670	6000000002324497415
Q58037	6000000002188615929
Q5803791	5596700209570068327
Q5803857	6000000068489798976
Q5803862	6000000023851330632
Q58038722	6000000032625593863
Q58039	6000000025770478310
Q5803900	6000000027830045263
Q5803936	6000000014190021837
Q5803942	3368896
Q5803979	4680164
Q58039932	6000000016235529424
Q5804007	6000000014740750272
Q5804013	6000000019717825329
Q5804278	6000000068437869043
Q58043	6000000022172305517
Q5804358	6000000002041559980
Q58045500	6000000084209679873
Q5804569	6000000006862203046
Q5804584	6000000176581589885
Q5804601	6000000008250803183
Q5804623	6000000019718439334
Q580464	6000000094118920940
Q5804665	6000000025069772871
Q580479	6000000073071333898
Q5804945	6000000036058445698
Q5804954	6000000118207285822
Q5805033	6000000008381718948
Q5805039	6000000017683331588
Q5805045	6000000006128061603
Q5805053	6000000017683941242
Q5805057	6000000029677007798
Q5805065	6000000008325024229
Q5805071	6000000018694119917
Q5805081	4240179727450124017
Q58051	6000000032727226883
Q580513	349122164770002184
Q58052	6000000000307254652
Q580523	6000000181300837829
Q5805318	6000000019734321603
Q5805326	6000000019541190386
Q5805365	6000000012614881397
Q58054	6000000024566936859
Q580545	5459215864940114223
Q5805534	6000000174952748130
Q58056	6000000002797683519
Q5805843	6000000080828504045
Q5805886	6000000015387459006
Q5805900	6000000022073794689
Q5805914	6000000013549475366
Q5805995	6000000030350102509
Q5806025	6000000017247169426
Q5806045	6000000017247041103
Q5806054	6000000004543633724
Q5806060	6000000008780356671
Q5806089	4351798001090066675
Q580615	6000000006727781185
Q5806169	6000000001610904048
Q58062	6000000003159502249
Q5806218	6000000087752570838
Q580624	6000000075326785863
Q58063	6000000000703760713
Q5806356	6000000023772322969
Q580638	6000000015187690704
Q5806380	6000000002425708360
Q5806385	6000000036081608813
Q5806407	6000000045541745882
Q5806411	6000000016962147857
Q5806682	6000000144169289880
Q58067	6000000000697437319
Q5806775	6000000062267390879
Q58068	6000000018911021038
Q5806827	6000000131302256850
Q5806838	6000000011656871717
Q5806854	6000000007234337237
Q5806875	6000000007008515352
Q5806883	6000000017345537951
Q58070016	6000000015517354886
Q58070354	6000000035816083492
Q58070479	6000000026566349864
Q58070488	6000000121654432102
Q58070710	6000000015938367969
Q58071124	6000000002661424232
Q5807136	6000000006127951020
Q58072856	6000000000047243107
Q58072946	6000000003801122586
Q58072990	6000000075279219946
Q58073048	6000000004133082228
Q58073076	6000000002387728132
Q580737	6000000029530843115
Q58074	6000000025313712254
Q5807423	6000000029638766495
Q5807430	4618600276920028011
Q5807435	6000000029659970105
Q5807443	6000000019736027504
Q5807467	6000000001584346252
Q5807498	6000000000501498572
Q5807514	6000000088773340832
Q5807580	6000000033788158094
Q58077	6000000069210056880
Q5807732	6000000018760641835
Q5807738	6000000019743843065
Q5807817	6000000018171026671
Q5807838	6000000010047559399
Q5807847	6000000013751821375
Q5807856	6000000034456901056
Q5807870	6000000021123991056
Q5807893	6000000026288696714
Q5807946	5338027381500069234
Q5807954	6000000006127824542
Q5807961	6000000004563621248
Q5807967	6000000006127824588
Q5807977	5335136891730057820
Q5807996	6000000003616310980
Q5808036	6000000104302155032
Q5808144	6000000022469130457
Q5808353	6000000025389184220
Q580841	6000000080622218092
Q5808417	6000000030746504535
Q5808435	6000000013538947497
Q5808441	6000000013520412758
Q5808448	6000000013538616703
Q5808456	6000000013539251103
Q58085601	6000000083150534059
Q5808708	6000000179421174894
Q5808775	6000000008520230956
Q58089003	6000000013440485312
Q5809	6000000000125550209
Q5809021	6000000042087225328
Q5809239	6000000016249525256
Q5809244	6000000024879426099
Q5809250	6000000017698869772
Q5809262	6000000025581627068
Q5809268	6000000009793545517
Q5809276	6000000007407943696
Q5809284	6000000029468011351
Q580930	6000000085301594022
Q58093237	6000000013312303061
Q5809516	6000000007060356216
Q5809643	6000000016838227937
Q580971	6000000046044302940
Q580974	6000000015119217159
Q5809989	6000000018234626195
Q58100	6000000008904338594
Q581018	6000000040542563944
Q5810210	6000000007963180713
Q5810246	6000000016733643560
Q5810299	6000000019751127547
Q5810528	6000000023039048641
Q5810582	6000000019752071805
Q5810598	6000000000147240583
Q581084	6000000079210352507
Q5810855	6000000002300409606
Q5810924	6000000181573237833
Q5811	6000000011200117958
Q5811047	6000000015051919814
Q5811061	6000000015319339229
Q5811091	6000000019758214241
Q5811133	6000000021679484184
Q5811139	6000000001360681672
Q5811172	6000000010268847239
Q5811179	6000000019083255676
Q5811186	6000000007816492984
Q5811192	6000000076479333877
Q5811219	6000000076479166936
Q581141	6000000002954758290
Q5811415	6000000022683351419
Q5811428	6000000003593050630
Q5811441	6000000003124227235
Q5811491	6000000003124274680
Q58115	6000000175531224822
Q5811518	6000000003124480507
Q5811523	6000000003121507999
Q5811565	6000000003593155305
Q5811633	6000000003124209484
Q5811683	6000000067022390054
Q5811777	6000000009045178411
Q5811812	6000000019762828187
Q5811980	6000000025251594598
Q5811982	4934539119530041065
Q5811995	6000000080238727894
Q5812039	6000000081036328262
Q5812086	6000000002577115168
Q58121	6000000022343047247
Q5812151	6000000002577115224
Q5812189	6000000027028687582
Q5812328	6000000010973829575
Q5812360	6000000012499134343
Q5812398	6000000001032778154
Q5812534	6000000011152493721
Q5812537	6000000008682117600
Q5812575	6000000110570292827
Q5812590	6000000051560806916
Q5812609	5543650082330080548
Q5812689	6000000011758881554
Q5812700	6000000010338977007
Q5812735	6000000033767152904
Q5812740	4179748886410040488
Q5812750	6000000001130696176
Q5812797	6000000011302378738
Q5812807	6000000011313872147
Q5812814	6000000011313861719
Q58128714	6000000103292789884
Q5812910	6000000070307218257
Q5812914	6000000013281160663
Q5812927	6000000035421305842
Q5812944	6000000006409042883
Q58129518	6000000023078694897
Q581309	6000000002302700752
Q58132	6000000185301430845
Q581340	6000000010486525507
Q5813446	6000000010694380472
Q581361	6000000078005544423
Q5813616	6000000007285499105
Q5813639	6000000006127657041
Q5813696	6000000010745973253
Q5813723	6000000006945735648
Q5813731	6000000007400136785
Q5813803	6000000026829440854
Q5813810	6000000013134814848
Q5813816	4964136134280038794
Q5813866	5602431066110101886
Q5813871	6000000002579564068
Q5813920	6000000038652496885
Q5813926	6000000006845019031
Q5813934	6000000014320962363
Q58143	6000000025428802010
Q5814314	6000000030161854212
Q581441	6000000026574229320
Q5814514	6000000008742813505
Q5814668	6000000054957411970
Q5814689	6000000007168132615
Q5814708	6000000011449304532
Q581476	6000000024430698160
Q581481	5068583326340113880
Q5814872	5233259162840102831
Q5814924	6000000007749393240
Q5814988	6000000052946005017
Q5815393	6000000005250785840
Q5815400	6000000005250785878
Q5815481	6000000177084546835
Q58156	5079896667110127407
Q5816	6000000012838158474
Q58161941	6000000017137340426
Q5816254	6000000031921433162
Q5816351	6000000034144819098
Q5816374	6000000034145386904
Q5816615	6000000091724377023
Q5816706	6000000004996859052
Q5816729	6000000051559970116
Q5816801	6000000031857221499
Q5816821	6000000002806411399
Q5816935	6000000021093063017
Q5816940	6000000021092983290
Q5816946	6000000017836753425
Q5816952	6000000011032848361
Q5816998	6000000009335941152
Q5817011	6000000019608865497
Q5817030	6000000007512889341
Q5817036	6000000008427083701
Q581704	6000000078114184821
Q58172890	6000000047234325871
Q581737	6000000037050872080
Q581742	6000000140764636844
Q58174410	361749141240011779
Q5817460	6000000030963375887
Q58175178	6000000077019771007
Q58175575	6000000023937489420
Q58175576	6000000002116129901
Q58175608	6000000015513429117
Q58175724	6000000025879651893
Q58175890	6000000009543495791
Q58176045	6000000002906770640
Q581763	6000000014718037062
Q58176437	6000000015513259233
Q5817693	6000000001496300028
Q5817766	6000000019540833369
Q581777	6000000017512273567
Q5817814	6000000001699402337
Q581786	234982
Q5817889	6000000028981495627
Q5817896	2567915
Q5817903	6000000028979723534
Q5817911	6000000006868283207
Q58179553	6000000021430889680
Q581808	6000000056357004847
Q58180847	6000000049535541030
Q58181864	6000000016492504387
Q5818215	6000000020317755757
Q5818322	6000000003510709818
Q5818407	6000000002532973018
Q5818412	6000000010552438381
Q5818420	6000000019777574162
Q5818482	6000000028868695828
Q5818694	6000000028278348019
Q5818699	6000000055336996829
Q5818743	6000000046234515906
Q58187437	6000000000527032358
Q5818751	6000000006595580096
Q5818772	6000000014166189113
Q5818785	6000000026921178776
Q58188033	6000000010187791703
Q58188050	6000000054755551205
Q58188077	6000000103291280937
Q58188098	6000000103298114821
Q58188100	6000000103292411839
Q58188103	6000000103291926867
Q58188149	6000000016600939688
Q5818865	6000000073710658198
Q5818922	6000000202719254832
Q5818928	6000000001147513681
Q58189489	6000000000527035316
Q5818953	4172617955900072982
Q581898	4250358535710036172
Q5818981	6000000110099254838
Q581903	6000000011414708443
Q5819070	6000000097519839082
Q5819089	6000000007660655252
Q5819102	6000000012667788201
Q58191275	6000000041319838185
Q5819146	6000000019241362704
Q5819153	6000000017378150587
Q5819164	6000000027045027959
Q5819170	6000000019241603360
Q5819171	6000000091231717145
Q58192329	6000000010789025123
Q58193236	6000000177728170839
Q58193440	6000000003036554009
Q58193469	6000000000769902736
Q581935	6000000000986662246
Q5819384	6000000036497495953
Q58194210	6000000121943622949
Q5819435	6000000078709144592
Q5819456	6000000078585591829
Q5819498	6000000026723649175
Q58195	6000000016297324035
Q5819562	6000000001877601076
Q581957	6000000002059313286
Q5819605	6000000001384559310
Q5819608	363786497250011679
Q5819620	6000000070676294977
Q5819662	6000000054065938215
Q581967	6000000039887944325
Q5819688	6000000019947537492
Q58196887	6000000033210912066
Q5819702	6000000051910451924
Q58197316	6000000008210908888
Q5819825	370732368110012748
Q5819828	6000000011534572222
Q5819841	6000000016922246327
Q58198496	6000000001019149158
Q5819850	6000000000110444571
Q58198502	6000000201698564844
Q5819911	6000000022754219048
Q581992	6000000102695775875
Q58199361	6000000165975156966
Q5820107	6000000039792463620
Q5820173	6000000055512829852
Q5820254	6000000008668551601
Q5820266	6000000007150056822
Q5820272	6000000039473386235
Q58202966	6000000013197225556
Q5820382	6000000037612434711
Q5820386	6000000018183946071
Q5820402	6000000079946444920
Q5820437	6000000016409741852
Q5820566	6000000015302901984
Q5820594	6000000047567881867
Q5820598	6000000028977074931
Q5820610	6000000042060907004
Q58206132	6000000057544714949
Q5820694	6000000155830905833
Q58208428	6000000021010743852
Q58208516	6000000017893976385
Q5820852	6000000043380071092
Q58208565	6000000048106058805
Q58208579	6000000030831196686
Q58208585	6000000030831446403
Q5820866	313974606750003695
Q58208708	6000000010941583707
Q5820873	314249063500006022
Q58209664	6000000146295271870
Q5821013	6000000002194247070
Q5821043	6000000029601240891
Q58211046	6000000026025331455
Q5821105	6000000021565779270
Q5821117	6000000021564491674
Q5821131	6000000021561674321
Q5821143	6000000020776418625
Q5821161	6000000044214539986
Q582117	6000000145348145870
Q58212054	6000000085653996994
Q58212507	6000000004596183006
Q5821300	6000000132258239050
Q5821332	6000000008757106605
Q5821356	6000000090381335834
Q5821411	6000000027105243829
Q5821422	6000000027104944666
Q5821440	6000000018296864481
Q58214857	6000000016458594306
Q58214979	6000000007271832862
Q582152	6000000076101937832
Q58215792	6000000043974568982
Q58215803	6000000106987531917
Q582160	6000000023696617757
Q58217803	6000000114860496850
Q582183	6000000029654225288
Q5822045	6000000008477896042
Q5822065	6000000021489075909
Q5822085	6000000001657121856
Q5822093	6000000007511816927
Q5822330	5673076595150033211
Q5822345	6000000180227632830
Q5822410	6000000003205752591
Q5822415	6000000024166897841
Q5822447	6000000029493298122
Q5822500	4865895965860031960
Q5822729	6000000007361429034
Q5822737	6000000002444194674
Q582274	6000000150862861856
Q582285	6000000012995636845
Q58229180	6000000017670252892
Q58229844	6000000091673447010
Q58230036	6000000028972526220
Q5823030	6000000008260592602
Q5823043	6000000008263557225
Q5823314	6000000015168197377
Q5823321	6000000015168405967
Q5823325	6000000034800024349
Q5823333	6000000011071250388
Q5823343	6000000007454763226
Q58233434	6000000083948219137
Q58233649	6000000015906199585
Q5823382	6000000004839926770
Q5823389	6000000004839891765
Q5823425	6000000008034160064
Q5823432	6000000007425634322
Q5823437	6000000005951508276
Q58234418	6000000026452330942
Q5823522	6000000005745056186
Q5823540	6000000005743572030
Q58236267	6000000011717760490
Q58237	6000000009313925849
Q58239682	6000000007299000714
Q5824015	6000000017055191119
Q58240165	6000000044796987842
Q5824101	6000000015250945683
Q5824288	6000000009171502722
Q5824309	6000000006755925958
Q5824389	6000000025126301453
Q5824491	6000000023738512060
Q582462	6000000082319152905
Q582476	6000000002803326141
Q5825256	6000000013324761279
Q5825501	6000000007324971196
Q5825508	6000000003306828990
Q582562	6000000014984135497
Q5825684	6000000044240732190
Q582603	6000000163395069910
Q5826241	6000000011101778251
Q582633	6000000065904671926
Q5826391	6000000019789739494
Q5826484	6000000132351448864
Q5826502	6000000020236698858
Q5826597	4403197294470041388
Q5826660	6000000005096054573
Q5826922	6000000006595611113
Q582694	6000000018864518706
Q582704	6000000015773876312
Q5827109	4387972576260082080
Q5827113	6000000089106645822
Q5827909	6000000028889124516
Q5827968	6000000179867284948
Q5828260	6000000008303594843
Q5828420	6000000109133199002
Q5828646	6000000017617414225
Q582890	6000000067161910861
Q582902	6000000010260431392
Q5829196	6000000178815484821
Q5829282	4479265
Q5829380	6000000001959534417
Q5829423	6000000005617841157
Q5829531	6000000002623347940
Q58298744	6000000133526201046
Q5829918	6000000014547731615
Q582996	6000000082795859909
Q5830130	6000000172046329018
Q583015	6000000028318391040
Q58304921	6000000040684986706
Q58304928	6000000041416219483
Q58306600	6000000011365614061
Q5830780	6000000008351260400
Q5830975	6000000176797617870
Q5831031	6000000177454343884
Q5831180	6000000017115760371
Q5831198	6000000000292065565
Q5831215	302020307320008233
Q5831229	6000000002907100958
Q5831247	6000000083851059887
Q5831263	6000000070701124030
Q583128	6000000014448390286
Q58313368	6000000010462233515
Q5831338	6000000014817948239
Q583148	6000000011553005880
Q5831483	6000000039050365082
Q58316706	6000000009182191738
Q58321052	6000000059331667949
Q58322868	6000000123932596848
Q58323071	6000000098891994875
Q58323444	6000000017594262539
Q58323616	6000000100769081820
Q58324150	6000000003077488073
Q58324802	6000000179048673965
Q58327494	6000000023403923822
Q58328678	6000000083833713821
Q5833030	6000000028835269622
Q5833080	6000000000300798208
Q5833089	4288929
Q5833102	4961014662830028107
Q5833106	4610174
Q5833124	6000000006277450348
Q58331702	6000000084057273599
Q58331862	6000000081292179391
Q58331882	6000000182877973822
Q58332059	6000000012197780117
Q58332067	6000000050186712041
Q58332099	6000000077271010828
Q58332226	6000000020519192258
Q5833232	6000000000140487786
Q58332912	6000000017795303615
Q58332948	6000000008110261742
Q58333006	6000000025797078706
Q58333053	6000000024899911649
Q58333137	6000000021662509899
Q58333178	6000000000320758338
Q58333261	6000000006078743843
Q5833353	6000000018138296536
Q58333597	6000000098245309045
Q5833388	6000000033544735821
Q58334154	6000000024294454450
Q5833529	6000000034482751857
Q5833533	6000000033608391550
Q5833555	6000000004247608594
Q58336275	6000000012952267401
Q58337198	6000000184654548910
Q58337578	6000000018058948179
Q5833866	6000000001957216664
Q58339007	6000000031234093376
Q5833992	6000000018041088469
Q5834117	6000000019081683461
Q583426	6000000007384057266
Q58345601	6000000036510815534
Q583534	6000000018433391024
Q58354966	6000000031769343837
Q583552	6000000041249298556
Q5835704	6000000052110911059
Q5835825	300333524050001907
Q58358600	6000000013711977124
Q58360209	6000000013711895196
Q5836096	6000000010061259902
Q5836102	6000000038914318834
Q583615	6000000014478391483
Q583636	6000000001657642149
Q58363991	6000000013711971112
Q58364008	6000000013711950109
Q583654	6000000003340851558
Q5836740	6000000012620984675
Q5836753	6000000071106444478
Q5836773	6000000016822776180
Q5836775	6000000179489731916
Q5836780	6000000001415875430
Q5836824	6000000006795942045
Q5836913	6000000000293428398
Q5836974	6000000019089322471
Q5836990	6000000033771658844
Q5837015	6000000009657779207
Q5837018	6000000043100688019
Q5837162	6000000015763825017
Q5837322	6000000139982467870
Q5837620	6000000013124081849
Q5837690	6000000025903665025
Q583783	6000000064528847838
Q58378323	6000000064118716829
Q58380860	6000000006891134916
Q5838104	6000000011623937990
Q58381273	6000000022784680431
Q58385763	6000000006916755707
Q5839185	6000000178078886846
Q583922	6000000003062932972
Q583967	6000000163141546821
Q58396770	6000000042585732055
Q584007	6000000172206735852
Q58401953	6000000069793570904
Q584027	6000000011161993763
Q58405256	6000000196073021834
Q58406789	6000000069847697590
Q58406969	6000000001808447195
Q58411785	6000000012214534207
Q584120	6000000017954313592
Q58413894	6000000014991595658
Q58415114	6000000083424862644
Q584155	6000000033895025404
Q58415533	6000000019035915000
Q58416647	6000000013555516395
Q58416987	6000000013356105082
Q5842234	6000000000631990985
Q584237	6000000019937588399
Q58424	6000000006740320171
Q58424398	6000000039323444995
Q58425884	6000000186854541881
Q58426	6000000015798254316
Q58426201	6000000029847126370
Q584267	6000000015720613496
Q58428	6000000009402932925
Q58429653	6000000046124356610
Q58430573	6000000212949100838
Q58430709	6000000038239780992
Q58431450	6000000047894191421
Q5843197	6000000053311929065
Q5843221	6000000002487211895
Q584344	6000000140689834972
Q584364	6000000035479823459
Q584382	6000000008376963351
Q584388	6000000140845671840
Q584403	6000000008260508803
Q584416	6000000023828012483
Q5844272	6000000012655527868
Q584430	6000000001068679621
Q5844416	5550949461640081859
Q584450	6000000071475230046
Q5844517	6000000006232262475
Q58446316	6000000009267423919
Q58447231	6000000017991286126
Q584500	6000000038302461160
Q58450492	6000000003149576835
Q58452231	6000000197870881831
Q58453104	6000000018073132776
Q58456522	6000000015211750851
Q58456557	6000000163378154841
Q58456650	6000000041585494271
Q58456691	6000000025284307853
Q58461016	6000000001830845041
Q58461121	6000000020489500873
Q5846192	6000000082733108508
Q58463798	6000000015518266974
Q58465538	6000000012154221705
Q58465588	6000000012154573173
Q58465669	6000000011026338678
Q584660	6000000021871287431
Q58468244	6000000193000792841
Q58472083	6000000016721713545
Q58473049	6000000016720745337
Q58473283	6000000024524991871
Q58473583	6000000016500771821
Q58473737	6000000017237213124
Q58479849	6000000029093989894
Q58479862	6000000072063837087
Q58479982	6000000029093643910
Q58480150	6000000029093159065
Q58481113	6000000010675764892
Q58481380	6000000071538931117
Q58484978	6000000107152827914
Q584850	6000000137326723943
Q5848508	6000000021849614457
Q58485677	6000000045993679986
Q584868	6000000013567106376
Q58487713	6000000010599461093
Q5848805	6000000007399230250
Q58488080	6000000031800750881
Q5849032	6000000083595410045
Q58490408	6000000006606200236
Q58490701	6000000036162295716
Q5849079	6000000028836044658
Q5849140	6000000081799207903
Q5849153	6000000032533646002
Q5849164	5113475602500082853
Q58495075	6000000013332679967
Q5849632	6000000046235266838
Q584973	6000000022849039837
Q5849905	6000000017452903972
Q5850287	360074801490001048
Q5850412	6000000000293260700
Q5850432	6000000007462937296
Q5850532	6000000040236466575
Q5850548	6000000131666785141
Q5850732	6000000018555018875
Q58514	6000000000440363134
Q58515033	4581473227300122936
Q585151	6000000167797774493
Q585177	6000000019218749852
Q5852307	6000000178977001461
Q5852435	6000000004654854116
Q5852556	6000000016690194503
Q5852594	6000000007516049437
Q585266	4051711
Q5852686	6000000003206842568
Q585323	6000000021411866255
Q58532715	6000000009295236212
Q5853376	6000000022250472687
Q5853737	6000000001169186902
Q5853775	6000000103665926884
Q585401	6000000140995786923
Q5854060	6000000016662879259
Q58540602	6000000060229162833
Q58541439	6000000016507314357
Q5854170	6000000009189437819
Q5854181	6000000002684559245
Q5854187	6000000097644245950
Q5854355	6000000019357051009
Q585460	6000000142616840835
Q585463	6000000017587885786
Q5854655	6000000026227995091
Q585489	6000000015040558212
Q5854947	6000000128634313847
Q5855197	6000000029777341908
Q5855254	6000000018088148399
Q5855290	6000000001919881426
Q5855295	4181143217910059947
Q585590	6000000014785062890
Q585605	6000000022783165100
Q5856124	6000000135806188991
Q5856223	6000000037117055465
Q585635	6000000020601015489
Q5856420	6000000001328567568
Q5856456	6000000023087443854
Q5856463	6000000023087129279
Q5856477	6000000086296556346
Q5856613	4646159556760082058
Q5856655	6000000204219950860
Q5856671	6000000079571799970
Q585668	6000000076932075227
Q585683	6000000019204661145
Q5856935	6000000015264277640
Q5856968	6000000018712814772
Q5856986	6000000014547301200
Q58570121	6000000014496702212
Q585703	6000000010610695528
Q5857404	6000000027706145250
Q58575	6000000015793361879
Q58575743	6000000101135236855
Q5857593	6000000009880270450
Q5857636	6000000009736137028
Q5857637	6000000008935324737
Q5857642	6000000002653581072
Q58576479	6000000061092643262
Q58577	6000000016546055018
Q5857700	6000000017577734244
Q58577242	6000000004086780366
Q5857765	6000000011338194146
Q5857800	6000000000389144238
Q5857861	6000000022484752896
Q58579	6000000010624275454
Q5858077	6000000034830396264
Q5858080	6000000000478932858
Q5858126	6000000015820128421
Q5858157	6000000016810977120
Q5858174	6000000013367099327
Q5858225	6000000032447806676
Q5858236	6000000085292885899
Q5858249	6000000116586110835
Q5858273	6000000000197079723
Q5858289	6000000015352466751
Q58583	6000000040877636849
Q5858381	6000000000907520875
Q5858485	6000000004829397471
Q5858495	6000000104530155874
Q5858503	6000000037036055109
Q5858549	6000000052867140293
Q58586	6000000007014361264
Q5858605	6000000018454943920
Q5858662	6000000080462026086
Q5858664	6000000080462026112
Q5858672	6000000002249805863
Q585870	6000000166907486858
Q585884	6000000008459392637
Q5858890	6000000018365087177
Q585897	6000000018152101217
Q5858973	6000000000594734180
Q5858974	6000000166407644098
Q5859008	6000000036949375196
Q5859038	6000000019508694274
Q5859044	6000000036478002548
Q5859047	6000000016108175242
Q5859192	6000000009689494802
Q58592	6000000077021852346
Q5859308	6000000006802468912
Q5859362	6000000010650793646
Q5859482	6000000028182983827
Q5859484	6000000028182706697
Q585953	6000000028043591388
Q5859586	6000000028045106553
Q5859674	6000000025879683610
Q585972	6000000136345720825
Q5859761	6000000029924457950
Q5859785	6000000042916401465
Q5859809	6000000000940158324
Q58600	4127923987560073429
Q5860117	6000000088382320301
Q5860280	6000000041391481353
Q5860427	6000000013022682231
Q5860443	6000000002188434668
Q5860447	6000000008378911565
Q5860460	6000000021132858821
Q5860504	6000000016975519259
Q5860506	6000000091347655826
Q5860551	6000000084566233854
Q5860563	6000000014056954203
Q5860598	6000000013914970955
Q586063	6000000115164641882
Q58608165	6000000007350718263
Q58608375	6000000025620050945
Q586084	6000000040638810863
Q5861009	6000000003886876977
Q58612	6000000015947336223
Q586137	6000000010674794555
Q586141	6000000166721551822
Q586153	6000000020610949697
Q5861598	6000000003492004763
Q586169	6000000182879032823
Q5861690	6000000016935351014
Q58617558	6000000094245923821
Q5861954	6000000041659740219
Q58620042	6000000026325310211
Q5862065	6000000084305256936
Q586227	6000000003353199822
Q586229	6000000000543333149
Q5862534	6000000011171214056
Q5862575	6000000023982997089
Q5862650	6000000093206718934
Q5862970	6000000012640657038
Q5863035	6000000013871073940
Q5863039	6000000000446523495
Q586320	6000000065069829878
Q586323	6000000013640011339
Q5863410	6000000002340417254
Q58634988	6000000000352476652
Q58635462	6000000000352367586
Q58635516	6000000103360188834
Q58635775	6000000000352367514
Q58635801	6000000026816390841
Q58637756	6000000004934114074
Q586407	6000000017513155122
Q5864221	6000000003095818313
Q58642316	6000000021166317471
Q586426	5294726672100132215
Q5864492	6000000030753597136
Q586453	6000000007280314215
Q5864724	4235001
Q586475	6000000024905369419
Q5864843	6000000009702871574
Q586488	6000000009850643282
Q586493	6000000009179792253
Q5864943	6000000002472480253
Q5864944	6000000002857745853
Q586503	6000000085290778950
Q5865088	6000000020790193819
Q5865141	6000000021749003176
Q58652296	6000000002612383566
Q5865315	6000000002746697063
Q5865344	6000000017176196598
Q5865352	6000000089863754117
Q5865380	6000000011662540662
Q5865394	6000000167812746881
Q586541	6000000006375868336
Q5865422	6000000103362017608
Q586545	6000000052996892026
Q5865487	6000000015435159458
Q5865500	6000000176291992265
Q5865509	6000000002823607361
Q5865547	6000000007576251267
Q5865558	6000000021817950303
Q5865585	6000000002044081913
Q5865624	6000000092780114113
Q5865640	6000000000771525080
Q5865646	6000000030226128705
Q5865666	6000000080246610950
Q5865736	6000000026449522584
Q5865799	6000000022229777738
Q5865817	6000000175058421871
Q5865914	6000000059318936843
Q586593	6000000012712284260
Q5865938	6000000115700532833
Q5865972	4361070657020128477
Q5866136	6000000009145489733
Q5866154	6000000001699375527
Q5866218	6000000013367360188
Q5866244	6000000008671204498
Q5866278	6000000010483052475
Q5866317	5555518908190121699
Q5866439	6000000009803651842
Q5866448	6000000001088920119
Q5866500	6000000004280743125
Q5866534	6000000015235788511
Q586678	6000000044725564011
Q5866805	6000000007094202026
Q58668406	6000000028092338358
Q5866971	6000000018202853498
Q5867058	6000000002922726654
Q5867191	6000000075297154173
Q5867226	6000000082238405976
Q5867565	6000000178444579313
Q58676	6000000000408073629
Q5867622	6000000008237661732
Q5867660	6000000047194586344
Q5867772	6000000176436012853
Q5867848	6000000002188434862
Q5867897	6000000076306708953
Q5867920	6000000083051567700
Q5867942	6000000025414440890
Q5867955	6000000027005296775
Q5868042	6000000016707599211
Q5868051	6000000122279989958
Q5868082	6000000010171726253
Q5868121	6000000051019098905
Q5868154	6000000173264525049
Q5868281	6000000012737444565
Q5868310	6000000001877519549
Q58685	6000000029827316931
Q586857	6000000122475635917
Q5868675	6000000016690211232
Q586884	6000000001374677532
Q5868942	6000000041238132220
Q5869062	6000000041470341321
Q5869087	6000000013327454845
Q5869109	6000000034358518869
Q586914	6000000006882592090
Q58695255	6000000197122269867
Q586953	6000000006444097439
Q5869596	6000000151353433852
Q5869712	6000000001209291602
Q586987	6000000037697530567
Q586996	6000000142728525832
Q58702072	6000000009285666202
Q587057	6000000073228516922
Q58707985	6000000010592202241
Q587102	6000000007997332341
Q587113	6000000037696980562
Q58714817	6000000004847328675
Q587156	6000000010083276176
Q5871775	6000000025004369233
Q5871924	6000000043574894115
Q5872171	6000000054191506183
Q5872294	6000000026381305480
Q5872300	6000000019250625990
Q5872340	6000000097071265888
Q5872419	6000000025524276258
Q5872438	6000000007399015270
Q5872484	6000000007444538379
Q5872490	6000000004316728109
Q58725242	6000000022161929291
Q587269	6000000016092423508
Q587274	5717440633790020467
Q58728	6000000007978035171
Q58728917	6000000019405514352
Q5872916	6000000004958168625
Q5872964	6000000076312222905
Q5873105	6000000003417965814
Q5873116	6000000019658688538
Q5873118	6000000023213951413
Q5873135	6000000019922903890
Q5873166	6000000018612734508
Q5873168	6000000011253491047
Q5873175	6000000011640607854
Q5873195	6000000007549189117
Q5873198	6000000016586595942
Q5873245	4523685090800070344
Q5873253	6000000019058380323
Q5873392	6000000001807307332
Q58735	6000000015086016626
Q5873501	6000000020460702144
Q5873631	6000000030623058821
Q5873711	6000000058131654904
Q5874069	6000000021146227157
Q587413	6000000053609982109
Q58742147	6000000091861469869
Q58743031	6000000007416477198
Q58743900	6000000007416708842
Q5874510	6000000078844675137
Q587454	6000000016099022916
Q587455	6000000004584263001
Q5874677	6000000017616080877
Q5874740	6000000015712250869
Q58750	6000000001463198694
Q58751	6000000177193752858
Q58753	6000000001573969626
Q58754391	6000000098066911877
Q58755148	6000000205791216904
Q587555	6000000184225733845
Q5875792	6000000021401653976
Q5875884	6000000036230630730
Q58759405	6000000006864860845
Q5875974	6000000026326775721
Q5875996	6000000033055794983
Q5876330	6000000173758907241
Q58764929	6000000033407902514
Q58765293	367987042430012817
Q58765298	6000000015106999668
Q58770	6000000002100225149
Q58773	311788525210007050
Q587741	6000000030926155217
Q58774370	6000000038377708862
Q58777	6000000001504298927
Q5877731	6000000010200796509
Q5877809	6000000002802452112
Q58779	323432678610004289
Q58779195	6000000010582297352
Q5878	6000000010525530215
Q587810	6000000056374370877
Q587820	6000000045934598999
Q5878262	6000000026285726044
Q5878455	6000000000128837992
Q5878524	6000000171912200276
Q5878604	6000000057292822907
Q5878786	6000000178036030829
Q58788	376472482500005799
Q587882	6000000000032559826
Q587883	6000000019098294292
Q5878987	6000000172725835138
Q5879	6000000008414670072
Q5879008	6000000039535298951
Q587932	6000000177464812866
Q5879527	6000000015056551837
Q587955	6000000001702285379
Q58795835	6000000143550761937
Q587962	6000000013939559101
Q58796375	6000000035425326542
Q58796530	6000000021384879335
Q5879719	6000000010734437229
Q5879850	6000000009009200700
Q5880080	6000000016969651965
Q58801	6000000058183966857
Q5880112	1803072
Q588024	6000000164956610839
Q58803014	5389538152740037193
Q588037	6000000016258687662
Q588039	6000000041809349230
Q58804646	6000000016388355136
Q588055	6000000151344908827
Q58805947	6000000008007211901
Q58806634	6000000030282640965
Q58806728	6000000070405331124
Q58806800	6000000005385143708
Q58807095	6000000018404615891
Q58807652	6000000008962811298
Q58808385	6000000021871046416
Q5880842	6000000004079710280
Q5880873	6000000018604098955
Q5881033	6000000019093514403
Q5881050	6000000109816573997
Q58810895	6000000029321755598
Q588109	6000000002366989330
Q5881096	6000000106496295821
Q58811	6000000143234296832
Q58811033	6000000080769196860
Q5881202	6000000029257566257
Q58813319	6000000019078848543
Q58813593	6000000040544020274
Q58814183	6000000026121120289
Q58814223	6000000033615381566
Q588143	6000000007662254986
Q58814549	6000000020275134062
Q5881460	6000000028021928652
Q58814631	6000000009285216321
Q58814757	6000000031215579733
Q5881497	6000000014310851311
Q58814972	6000000031216143961
Q58815122	6000000066654988156
Q58815525	6000000039819752413
Q5881553	6000000168821390845
Q58815541	6000000004079779470
Q58815549	4305650933690032179
Q58815623	6000000039817446178
Q58815817	6000000008870101710
Q58816244	6000000018618984428
Q58816291	6000000000352380570
Q58816302	6000000208303017862
Q58816305	6000000024906200448
Q5881643	6000000038526978767
Q58816682	6000000006515421660
Q5881677	6000000003040766056
Q5881738	6000000008879745955
Q5881944	6000000033325504187
Q588195	6000000015710956875
Q5882019	6000000004953450802
Q58821100	6000000084001658059
Q58821411	6000000198343005833
Q58821610	6000000037554057175
Q5882191	6000000032344779845
Q58822211	6000000003971146948
Q5882256	6000000021169468045
Q58822580	6000000002821432872
Q5882293	6000000032344568209
Q58824349	6000000171953017973
Q58825	6000000013351530390
Q588256	6000000013816857724
Q5882562	6000000178975417823
Q588259	6000000054018652058
Q5882613	6000000025378108157
Q5882681	6000000087762818020
Q5882737	6000000183407737041
Q58827828	6000000084000124359
Q58828	6000000003886555180
Q5882812	6000000182710043866
Q5882901	6000000007016858068
Q5882925	6000000011706417238
Q5882931	6000000000892398619
Q58830	6000000057109963494
Q5883054	6000000027236348299
Q5883102	6000000185905677822
Q5883144	6000000031919737171
Q5883152	5162949780540037635
Q5883199	6000000077116465868
Q5883208	6000000016695934899
Q5883292	6000000097333473833
Q58833335	6000000087998698959
Q5883336	6000000002265626390
Q58834	6000000029365201239
Q5883468	6000000064639462017
Q588347	373692230610004378
Q58835	6000000004122709587
Q58835799	6000000002014861810
Q58836	6000000015703321085
Q58836573	6000000024485340890
Q58836779	6000000024485392955
Q588369	2000961
Q58837002	6000000010018693437
Q58837032	6000000006590036754
Q58837048	6000000019248355403
Q58837119	6000000008231557160
Q58837199	6000000033996947132
Q588373	6000000146546817864
Q588384	6000000024088714177
Q58838770	3006453
Q58838815	6000000034901990027
Q5884016	3506209
Q58841247	6000000027683659776
Q58841594	6000000011545773042
Q5884392	6000000012263962899
Q588445	6000000180734482835
Q588449	6000000025241386521
Q58845	6000000101544826833
Q588463	6000000002901091175
Q58847	6000000009467352544
Q5885056	6000000025653268210
Q58851	6000000057432869220
Q588510	6000000017922848182
Q5885136	6000000011081439353
Q58851615	6000000084081982854
Q588520	6000000041557565392
Q58853	6000000080117988009
Q5885391	6000000024239201105
Q5885392	6000000019255562056
Q5885410	6000000031519777395
Q58854151	6000000017856139176
Q5885433	6000000009615745777
Q5885515	6000000019751746011
Q5885548	343736808040013047
Q5885602	6000000041685685365
Q5885682	6000000028831320120
Q5885836	6000000183200735837
Q5885872	6000000076911621580
Q588622	6000000003484245918
Q58863	6000000009553833491
Q58863264	6000000031790318554
Q588658	6000000155031254822
Q58866	6000000015690190941
Q58866621	6000000019337755301
Q58866982	6000000015738197089
Q588674	6000000004560698569
Q58867726	6000000001598005995
Q58867883	6000000006207275287
Q58868233	6000000007547480544
Q58868626	6000000013319428897
Q588694	6000000016504079181
Q5886987	4609097
Q58871139	6000000120270249327
Q58871163	6000000015550031221
Q588731	6000000032977823871
Q58873528	6000000020025940727
Q58873997	6000000036099069230
Q58874335	6000000074759627854
Q588745	6000000177210690854
Q58874503	6000000020614259778
Q58874649	6000000058037390960
Q58874706	6000000004642385218
Q5887532	6000000031328009656
Q5887544	6000000024213681648
Q58875513	6000000054188020981
Q58875849	6000000015855042708
Q5887588	6000000003645734861
Q5887592	6000000010423056240
Q58878094	6000000004644212107
Q588785	6000000000508705997
Q588808	6000000026831964967
Q58880950	6000000007052124415
Q58881170	6000000041087398376
Q5888233	6000000017141294902
Q5888256	6000000011567545216
Q588832	6000000026202289935
Q5888322	6000000171699668836
Q588833	6000000028433677835
Q58883555	6000000001562402037
Q5888356	6000000010182358858
Q5888376	6000000030431110687
Q5888403	6000000027724214538
Q5888422	6000000002631196439
Q5888442	6000000110117739829
Q58884966	6000000016813029580
Q5888536	6000000000667988408
Q58885857	6000000062440897858
Q5888676	6000000006345080060
Q5888700	6000000012962990937
Q5888709	4572550648030035869
Q58887157	6000000018009378255
Q5888740	6000000029683875680
Q5888802	6000000001699472355
Q5888812	6000000002631147905
Q5888940	6000000013905398104
Q5888996	6000000035119476276
Q5889005	6000000034634324877
Q5889045	5615978596050029406
Q58890785	6000000009419210809
Q58891514	6000000158046578836
Q5889222	4548908249070023237
Q58892330	4958028255070100989
Q58892343	6000000000726245161
Q5889248	384374326910012572
Q5889258	6000000025400835650
Q58892859	6000000007058198471
Q5889298	3062981
Q5889324	6000000021412232013
Q58893298	6000000002512290676
Q58894427	6000000005385377345
Q58894460	6000000031660579656
Q5889449	6000000000755362793
Q5889453	6000000001689204061
Q5889464	6000000000755489799
Q58894771	6000000010078653939
Q58894840	6000000012661642561
Q58894844	6000000012662268515
Q58894846	6000000012662261627
Q58894951	4016095570730036131
Q5889518	6000000002400087443
Q58895225	6000000036203857052
Q58895619	6000000047894008890
Q58895663	6000000054978115365
Q58895850	6000000002489723123
Q58895916	6000000017753836325
Q58896025	6000000018078121759
Q58896054	6000000018078190655
Q58896183	6000000017758218375
Q58896272	6000000017937249227
Q58896362	6000000040661485579
Q58896652	6000000001832818989
Q5889695	6000000002424519877
Q58897163	6000000026599496726
Q5889724	6000000010155265931
Q5889811	6000000183852260842
Q5889847	6000000110568431888
Q58898579	6000000189326295822
Q5889861	6000000001754984073
Q58898849	6000000084001184877
Q5889896	5129611636790045601
Q5889928	6000000020236483150
Q5889934	6000000002748815015
Q5889934	6000000021065175849
Q5889941	3210612
Q5889945	3945858155010020841
Q5889957	6000000087145007184
Q5890037	6000000045097114821
Q5890122	6000000120127847824
Q5890146	6000000208164480823
Q5890199	6000000017117544094
Q589027	6000000176396001823
Q5890284	6000000006589098326
Q5890299	6000000003399123614
Q589051	6000000167312269371
Q589052	6000000018184286179
Q58905280	6000000018529725796
Q589062	6000000157671498886
Q589065	6000000129871277831
Q58909767	6000000011136664201
Q589105	6000000020056885219
Q58912	6000000000783639088
Q5891354	6000000107123547883
Q5891441	6000000076424720855
Q58917641	6000000051680209977
Q58918094	6000000011308823344
Q5891852	6000000006346586949
Q5891940	6000000021749580897
Q589199	6000000016316819430
Q589204	4810329450470125454
Q58920588	6000000013982706230
Q58920593	6000000034324347764
Q589206	6000000018810462466
Q58921562	6000000083981140912
Q5892167	6000000019815685706
Q5892175	6000000003252785205
Q5892219	1281808
Q5892228	6000000005049052482
Q58923917	6000000011624615911
Q58923943	6000000000492849971
Q58925488	6000000009770121484
Q58925892	6000000009768940037
Q5892646	6000000018688054021
Q58926481	6000000009769153963
Q5892757	6000000041385721847
Q5892792	6000000015762095451
Q5892808	6000000015761864347
Q58928133	6000000014189894168
Q5892823	6000000019816688418
Q58929262	6000000021221646521
Q5893196	6000000080260510821
Q58932281	6000000180916000852
Q5893301	6000000022352113872
Q58933068	6000000037558706224
Q5893410	6000000017786645541
Q5893463	6000000019273463507
Q58934809	6000000041009271613
Q58935261	6000000078214897034
Q5893546	6000000031850541038
Q5893609	6000000041112733162
Q5893615	6000000011829997430
Q5893660	6000000069320976231
Q5893662	6000000071633763374
Q5893691	6000000019535214920
Q5893718	6000000026972756419
Q5893726	6000000002770808270
Q589374	5062381288350042103
Q5893797	6000000012662362457
Q589380	6000000014302863073
Q5893891	6000000000557361575
Q5893896	6000000002308211001
Q5893912	6000000029792985107
Q5893939	6000000020224809781
Q589397	6000000078227027865
Q58940599	5344806428620087357
Q5894264	6000000011147609190
Q5894298	6000000027774870886
Q5894348	6000000203685679835
Q5894391	6000000020546547874
Q5894434	6000000017877811199
Q5894528	6000000172227797919
Q5894574	6000000016071437899
Q5894907	6000000000759461210
Q589495	6000000000016663282
Q5895048	6000000019828957416
Q5895058	6000000022926532930
Q5895146	6000000019829198166
Q5895173	5544210202050128122
Q5895272	6000000056061646209
Q5895452	6000000018567639051
Q5895466	6000000000534681755
Q5895473	6000000053472904957
Q58954789	6000000019168075502
Q5895521	6000000007175326166
Q5895542	6000000041131570806
Q5895555	6000000006816505557
Q5895618	6000000001332263742
Q5895684	6000000003625840661
Q5895722	6000000020573016138
Q5895726	6000000215888155903
Q5896011	6000000158374553870
Q5896107	6000000016810930213
Q5896136	6000000023190423175
Q5896177	6000000014312933055
Q5896385	6000000013015960847
Q5896519	6000000034711772874
Q589683	6000000142684313836
Q58969566	6000000026979368879
Q589696	6000000184023140858
Q589699	6000000080285142900
Q5896992	6000000008201217092
Q5897105	6000000019854647063
Q589715	6000000037102399821
Q5897160	6000000034483300240
Q589719	6000000019578569314
Q58972386	6000000119442508830
Q589727	6000000013028794095
Q589728	6000000009906038363
Q5897311	6000000008349065253
Q5897318	6000000007294876328
Q5897338	6000000008297920302
Q5897376	6000000037614491092
Q5897386	6000000006156680054
Q5897484	6000000097779955422
Q589759	6000000014814064669
Q5897778	6000000007067602811
Q58978	6000000000635214337
Q5897889	6000000178077467824
Q5898082	6000000022669408945
Q5898100	6000000006127453696
Q5898122	6000000007304682433
Q589822	6000000035130453034
Q5898239	6000000033338548017
Q5898240	6000000003245163584
Q5898294	6000000017462671244
Q5898341	6000000006952812133
Q5898350	6000000036207980197
Q5898360	6000000031421838390
Q5898392	6000000178325197823
Q5898544	6000000035959937854
Q58985598	6000000048395932832
Q589876	6000000039977198936
Q589905	6000000003108090811
Q589919	6000000023514618036
Q5899226	6000000049021178122
Q589924	6000000019751379205
Q5899266	6000000001384552928
Q5899288	6000000083154658869
Q589942	6000000135747267980
Q589957	6000000038764345468
Q5899599	6000000008210517491
Q58998366	6000000035602706886
Q58999372	6000000011965557983
Q590	6000000016567335246
Q59000307	6000000013431859295
Q590007	6000000077136945718
Q5900167	6000000014114184241
Q5900305	6000000039768646758
Q5900387	6000000010447567598
Q5900594	6000000004533635970
Q5900606	6000000006597187039
Q590061	6000000067364397859
Q5900621	6000000015995146176
Q590086	6000000025511454621
Q5900861	6000000027361250484
Q5900871	6000000040253084348
Q5900878	6000000027361207693
Q5900932	5388606218770054616
Q590116	6000000024265521424
Q5901299	6000000049902673963
Q5901444	6000000077655688724
Q590146	6000000053639140027
Q5901501	6000000016606668150
Q5901542	6000000030247016833
Q5901566	6000000105709244078
Q590161	6000000151346811011
Q5901612	6000000021366259840
Q5901640	6000000020775353027
Q5901659	6000000061617546074
Q5901669	6000000126019151823
Q5901674	6000000079293472882
Q590172	6000000028107249200
Q590177	6000000175182539867
Q5901842	6000000089230489991
Q5901872	6000000004304141891
Q5901877	5226731893060115959
Q5901911	6000000017208124571
Q5901926	6000000026677662482
Q5901931	6000000017115737338
Q5901940	6000000025377000456
Q5901990	6000000010926824818
Q5902009	4631854238750051745
Q590202	6000000019385262013
Q5902064	6000000002497446368
Q5902087	6000000064159378887
Q5902109	6000000035673691101
Q5902117	6000000018382152482
Q5902125	6000000000307250247
Q5902149	6000000007625756843
Q5902173	6000000153749659859
Q590218	6000000016251423165
Q5902187	6000000013103785259
Q5902238	6000000083611179767
Q5902244	6000000017573800620
Q590227	5031922362950130285
Q5902458	6000000000850620484
Q590264	6000000077801219310
Q5902643	6000000033411118924
Q5902678	6000000001352254820
Q5902683	6000000139911771020
Q5902685	6000000105833541821
Q5902695	6000000164039216844
Q5902700	6000000065011736975
Q5902704	6000000079028531085
Q5902727	6000000016330083969
Q5902737	6000000037543068389
Q5902746	6000000015264056724
Q5902765	6000000015795194781
Q5902774	6000000121587767845
Q5902796	6000000147145801822
Q590280	6000000043443222107
Q5902810	6000000008471932360
Q5902822	6000000010307157455
Q5902829	6000000002889215188
Q5902833	6000000014472992001
Q5902836	6000000027372518613
Q5902856	6000000062715047835
Q5903001	6000000001229892422
Q59032561	6000000147825413983
Q5903377	6000000002986605647
Q5903709	6000000000658782989
Q5903759	6000000020948954375
Q5903868	6000000006595600508
Q5903868	6000000010480350391
Q590412	6000000059138710089
Q590413	6000000006092288331
Q59041931	6000000084001252853
Q590424	6000000013658930880
Q5904371	6000000042704626454
Q5904502	6000000175063556539
Q590453	6000000000076318692
Q5904545	6000000000639822881
Q59047591	6000000084001050876
Q5904831	6000000010460789619
Q5904844	307043175240002161
Q5904856	6000000017718535069
Q5904872	6000000006101042274
Q5904976	6000000068075648826
Q590501	6000000081295938832
Q590512	6000000144817816829
Q5905195	6000000016486599427
Q5905250	6000000012786693430
Q5905258	6000000037733779201
Q590532	6000000000708203639
Q5905325	6000000173673874186
Q5905370	6000000000011517337
Q5905381	6000000107318625840
Q590543	6000000014255412950
Q5905653	6000000007152720236
Q5905951	6000000000555404040
Q5905992	6000000015513422053
Q5906012	6000000015512004322
Q5906024	6000000028653073386
Q5906065	6000000174387096822
Q5906242	6000000070701201833
Q5906272	6000000020483805676
Q590644	6000000002292059061
Q5906472	6000000015810421512
Q5906627	4420687971470086705
Q5906632	6000000174620483139
Q5906828	6000000010505823368
Q590711	6000000023176443945
Q5907142	6000000006588570843
Q5907163	6000000013794813138
Q5907257	6000000002630431955
Q5907260	6000000018480579179
Q5907285	323072298940002563
Q5907292	6000000002042544135
Q59073016	6000000021616342032
Q5907303	6000000003793245447
Q5907317	6000000007980693054
Q5907330	6000000019867160350
Q5907349	5284757157040115408
Q5907364	6000000007278325990
Q59074159	6000000023373091945
Q5907447	6000000067875436889
Q5907456	6000000019867920596
Q59076060	6000000084102196369
Q5907683	6000000072535657028
Q5907984	6000000005435473983
Q5908480	2692558
Q5908487	4976513953430126612
Q590853	6000000044023487058
Q590856	6000000003528374484
Q5908617	6000000075850324314
Q59086255	6000000025905591271
Q5908691	6000000000572742029
Q5908704	6000000005231681048
Q5908725	6000000042652199874
Q5908970	6000000007819264894
Q5909044	6000000010309191599
Q59092264	6000000020348056823
Q59093817	6000000030565835989
Q5909523	6000000003493064173
Q5909545	6000000111441439911
Q5909629	6000000019871074999
Q590963	6000000026049598212
Q5909638	4793174715960123802
Q5909652	6000000008986713714
Q590966	6000000181830020823
Q5909680	6000000008988576897
Q59096983	6000000139168060955
Q59097033	6000000139183240131
Q59099028	6000000139183738833
Q59099326	6000000019867748594
Q59099726	6000000050498255898
Q59100100	6000000010320531196
Q59100155	6000000023051079833
Q5910313	6000000041282044741
Q5910318	6000000075734724229
Q5910327	6000000008614435046
Q5910335	6000000008614110023
Q5910343	6000000008614523943
Q5910361	6000000039065517663
Q5910451	6000000026382925612
Q591049	6000000054417779821
Q59112815	6000000013737587303
Q59114045	6000000023210746461
Q591148	6000000000957557881
Q5911678	6000000054148001951
Q591177	6000000019060320220
Q5911810	6000000019872146617
Q591185	6000000022731718542
Q5911873	6000000024716695755
Q591188	6000000030472892973
Q591189	6000000000856958037
Q5911900	6000000035339076244
Q5911946	6000000007005982101
Q5911962	6000000019883148069
Q5911977	6000000148727550921
Q5912	6000000009784021709
Q5912008	6000000019882283751
Q5912017	6000000006566228949
Q5912025	6000000022681346343
Q5912032	6000000019881704091
Q591205	308381975160001507
Q5912080	6000000068059094019
Q5912144	6000000049705087835
Q5912234	6000000009835538638
Q5912251	6000000012162942409
Q5912269	6000000033733722093
Q5912301	6000000009866960124
Q591235	6000000038499062727
Q5912373	6000000000169367585
Q5912410	6000000000169353691
Q591251	6000000178163323824
Q5912576	6000000078162267906
Q591280	6000000137324880839
Q5912834	6000000013299514518
Q5912890	6000000011811395245
Q59129	6000000043598149931
Q5912930	6000000041733829189
Q5912975	6000000012670715503
Q5912993	6000000012666756767
Q5913008	6000000019893572467
Q5913021	6000000035952132831
Q59130270	6000000181174147824
Q59130454	6000000026050120919
Q59130576	6000000006442362343
Q59130638	6000000083082835419
Q591307	6000000017671613774
Q59130825	6000000001325688511
Q5913117	6000000004238176240
Q591312	6000000143187441872
Q5913130	6000000008552909311
Q5913161	6000000008092569456
Q5913175	6000000004076763181
Q5913180	6000000032871667490
Q59131923	6000000173750123171
Q5913237	6000000083084932033
Q5913294	6000000014595538946
Q5913381	6000000179326401833
Q5913392	6000000011501729233
Q5913408	6000000011602046565
Q59134419	6000000015288760035
Q5913459	6000000000326695432
Q5913482	6000000038914584398
Q5913575	6000000003002394983
Q5913595	6000000019176472784
Q5913663	6000000006968983467
Q5913697	6000000000051965914
Q59137491	6000000024387151687
Q5913804	6000000018766822549
Q5913812	6000000008779183401
Q5913839	6000000008779022722
Q59139997	6000000166413801433
Q59140375	6000000051166763899
Q591407	6000000015751802858
Q5914095	6000000009831307256
Q5914136	6000000008913994147
Q5914152	6000000019900026860
Q5914156	6000000073181898871
Q5914160	6000000006127120320
Q5914181	6000000006127120304
Q5914189	6000000006127013313
Q5914206	6000000008671407084
Q591421	6000000013426669532
Q5914215	6000000006127013873
Q5914228	6000000007328238280
Q5914269	6000000012562147396
Q5914287	6000000009393905769
Q5914298	6000000012598517865
Q5914307	6000000009393981328
Q5914389	6000000010343972222
Q591439	6000000079142300517
Q5914689	6000000038734617222
Q5914703	6000000013474617383
Q591475	6000000012254149849
Q59149278	6000000010896819630
Q59149483	6000000025526819437
Q59149497	6000000105925282949
Q5914960	6000000026069914973
Q5915062	6000000137071714835
Q5915096	6000000082560682098
Q5915099	6000000002653095679
Q591513	6000000084563662925
Q59152486	6000000084237642081
Q59152573	6000000019844147581
Q591526	6000000017322445253
Q59152850	6000000028067649650
Q591529	6000000028224884941
Q591531	6000000142642716856
Q59153475	6000000000400926232
Q591539	6000000023341398459
Q59154957	6000000016277243674
Q59155060	6000000112127267822
Q5915513	6000000008496882321
Q59155461	6000000034662575363
Q5915564	6000000000580448162
Q59156547	6000000177529954903
Q5915683	4180982038340125483
Q5915745	6000000018904978904
Q5915902	6000000001437731307
Q5915913	6000000017411059515
Q59160090	6000000075652164000
Q59160494	6000000000970204089
Q59161469	6000000084237924973
Q5916153	6000000019898891222
Q5916176	6000000033347447913
Q5916189	6000000021501491188
Q59162029	6000000017671858572
Q59162778	6000000024233429311
Q591629	4908695578460057564
Q5916298	6000000006876904408
Q59163001	6000000029877741784
Q5916306	6000000006876150671
Q5916344	6000000011219277389
Q59164080	6000000084237369202
Q5916422	6000000082029390960
Q59164237	6000000026110405274
Q59164323	6000000083832906896
Q59164716	6000000071668143196
Q591653	6000000166243310823
Q5916532	6000000019904130668
Q59165544	6000000113408325821
Q5916602	6000000018007412209
Q5916611	6000000018029469528
Q5916637	6000000019905467697
Q5916755	6000000019907960509
Q5916794	6000000006196817783
Q591681	6000000016774146304
Q5916829	6000000019908563111
Q5916838	6000000006127147717
Q5916845	6000000019493512558
Q5916859	6000000030547054110
Q5916958	6000000041061996838
Q5917050	6000000011486932117
Q591712	6000000047595917089
Q59175476	6000000029425562914
Q5917649	6000000015160517056
Q5917753	6000000015772349899
Q591793	6000000009133173558
Q59179305	6000000027152263765
Q5918023	6000000039249003077
Q591809	6000000012555008211
Q59181052	6000000026620300763
Q59181319	6000000000172827835
Q59183421	6000000000420684202
Q59184001	6000000190593157852
Q59185017	6000000098673450919
Q5918782	6000000006299654108
Q5918793	6000000039563604151
Q5918801	6000000023941780982
Q5918809	5351906789480059584
Q5918829	5351956628530029819
Q5918837	6000000006298998339
Q5919012	6000000003682145306
Q5919037	6000000005249946120
Q591907	6000000009795758682
Q5919157	6000000176107850832
Q59191843	6000000009609584974
Q5919219	6000000012839669917
Q5919302	6000000035165661822
Q5919304	6000000012331861255
Q5919310	6000000023710966294
Q5919321	6000000026257227029
Q5919386	6000000027591056427
Q5919403	6000000008303605986
Q59194120	6000000083981368915
Q5919537	6000000015291840017
Q59195589	6000000021702852511
Q591957	6000000037631161412
Q5919593	6000000054695885155
Q5919636	6000000156929215846
Q5919657	6000000010641432909
Q5919664	6000000026712354651
Q5919751	6000000081255411828
Q5919784	6000000002290253689
Q59198070	6000000011274443851
Q591982	6000000173457525993
Q5919847	6000000030895459826
Q5919863	6000000184740536860
Q59198655	6000000083981369869
Q5919893	6000000048536984191
Q5919954	6000000010696051579
Q59200016	6000000083942591067
Q59200177	6000000080941370192
Q5920126	6000000043603361174
Q5920148	6000000000574770492
Q5920164	6000000014065235574
Q5920197	6000000006127693216
Q5920204	6000000006127193477
Q5920211	6000000007482654579
Q592023	6000000183101999864
Q5920335	6000000012842018410
Q59204	6000000068385236292
Q5920418	6000000130292267842
Q5920480	6000000106854735826
Q59205101	6000000146869337985
Q59205113	6000000007876799217
Q59205118	6000000016607463235
Q59205136	6000000019442838118
Q5920528	6000000106822144821
Q5920547	6000000033634627982
Q5920594	6000000054796664866
Q5920596	6000000092780399905
Q5920637	6000000020090097484
Q5920668	6000000007081732051
Q5920683	6000000183287221822
Q59208112	6000000019845782064
Q59208328	6000000013015574368
Q5920858	6000000002188616740
Q59208635	6000000019059684418
Q5920879	6000000093408626864
Q5920893	6000000008465504752
Q59209352	6000000157676613864
Q5920992	6000000183615327823
Q5921	6000000038772266365
Q59210	6000000140835764837
Q592101	6000000177835560923
Q5921151	6000000019509823907
Q5921159	6000000000864170379
Q5921164	6000000001166971750
Q5921191	6000000001699375624
Q5921230	6000000183255627830
Q5921259	6000000026565511614
Q592127	6000000033290474161
Q5921292	6000000006740599034
Q5921314	4166529136210071334
Q5921412	6000000023437783206
Q5921477	6000000009965945482
Q59215	6000000015981838980
Q5921545	6000000014110490867
Q5921597	6000000016162349810
Q5921600	6000000006936802383
Q5921618	6000000007820381164
Q5921639	6000000006589195096
Q5921683	6000000006112107416
Q5921747	6000000137556051025
Q5921758	6000000064838281129
Q5921853	6000000009285124773
Q59221912	6000000024976608314
Q592224	6000000019566350219
Q592237	6000000178273880835
Q5922570	6000000026814687095
Q5922672	6000000091992745015
Q5922698	6000000013632708651
Q5922702	4319173542060030682
Q5922802	6000000010922872745
Q5922888	6000000003665044087
Q5922899	6000000027579892111
Q5922903	6000000042534860901
Q5922908	6000000018763190375
Q5922921	6000000019284005968
Q5922940	6000000066608497990
Q59229428	6000000177969001878
Q5922943	6000000066608636063
Q592299	6000000019477033393
Q59230028	6000000001302377703
Q5923098	6000000172284314352
Q5923213	6000000053293107968
Q5923219	6000000015453892143
Q592322	6000000079182224690
Q5923288	6000000173324384891
Q5923300	6000000002325851160
Q5923390	6000000042531700084
Q592344	6000000141028684839
Q5923473	6000000005070589263
Q5923495	6000000177617773940
Q592361	6000000008592299689
Q5923708	6000000008535328143
Q5923756	5502941695460022715
Q592380	6000000037060104217
Q5923822	6000000009119474933
Q5923884	6000000037754275055
Q59238872	6000000163574999826
Q59238987	6000000000436764174
Q5923969	6000000011070757344
Q59239852	6000000041676193973
Q59240338	6000000079028987892
Q59241114	6000000001655578337
Q5924114	6000000019919913865
Q5924150	6000000019920465211
Q5924158	6000000003022385019
Q5924175	6000000008661995909
Q59242046	6000000030763093883
Q59242292	6000000039740643953
Q5924248	6000000028745708463
Q5924262	6000000014119910157
Q5924269	6000000072090898054
Q5924277	6000000044198854962
Q5924422	6000000014475040602
Q5924472	6000000032099560578
Q5924620	6000000001675949976
Q5924646	6000000166643125977
Q59247097	6000000015988907234
Q5924728	6000000025110262982
Q59247333	6000000075808747874
Q59247360	6000000011050691420
Q5924760	6000000003846770229
Q5924777	6000000025110305443
Q5924798	6000000010187309249
Q5924852	6000000173701765955
Q5924868	6000000013254533368
Q592487	6000000023824354964
Q5924876	6000000084916827203
Q5924883	6000000007333955528
Q5924936	6000000018364617149
Q5924944	6000000002746749203
Q592506	6000000008467694955
Q5925096	6000000021958925811
Q592511	6000000029154108080
Q5925322	6000000186212244867
Q5925396	6000000135056902010
Q5925402	5353729739150132563
Q5925464	6000000001758963881
Q592555	6000000024347891252
Q5925712	6000000075327134924
Q5925773	6000000032954775941
Q5925808	6000000039239245590
Q5925848	6000000019926110732
Q5925861	6000000024303405601
Q5925898	6000000019343830647
Q5925912	3662367
Q5925971	5122531468540083677
Q5925986	6000000006590063344
Q5926155	6000000019922821859
Q5926173	6000000083709043074
Q5926180	6000000083709085981
Q5926277	6000000081554693830
Q59263395	6000000080134756986
Q5926472	6000000017616650684
Q5926625	6000000007394181648
Q5926659	6000000001804969257
Q5926666	6000000109697533835
Q5926668	6000000007463935577
Q5926680	6000000011649031267
Q5926824	6000000007384874011
Q59268638	6000000018098386374
Q59269146	6000000060809949518
Q5927115	6000000030949856918
Q5927153	6000000015500079034
Q5927156	6000000015972942679
Q5927169	6000000066780605889
Q5927186	6000000001140919189
Q5927211	6000000006127334930
Q5927226	6000000018587832143
Q5927241	6000000018716511456
Q5927251	6000000015404664418
Q5927262	6000000107022071952
Q5927265	6000000034777029439
Q592733	6000000112080235876
Q5927340	6000000074701661224
Q5927340	6000000074732949943
Q5927346	6000000055193932370
Q5927422	6000000026104055382
Q5927431	5139112951090057275
Q5927448	6000000037769906270
Q5927451	6000000021424698013
Q5927474	6000000034023828865
Q5927583	6000000004241857694
Q5927620	6000000050632628077
Q59276697	6000000013182131996
Q592767	6000000007045070080
Q59276772	6000000084357641957
Q5927680	6000000001404634593
Q5927692	6000000084068935944
Q5927704	6000000079107661617
Q5927716	6000000002188552716
Q59277284	6000000083832771931
Q59277857	6000000084303443144
Q5927810	6000000001689288971
Q5927817	6000000019934182286
Q5927833	6000000019933686630
Q5927847	6000000024399784291
Q592793	6000000052759332909
Q5927936	6000000035547288163
Q5928	6000000009583573375
Q59280992	6000000011361775208
Q5928105	6000000032346211362
Q5928148	6000000008044154463
Q59281552	6000000083948006364
Q59282082	6000000010885100621
Q5928230	6000000019583285161
Q592827	6000000176454024836
Q5928288	6000000019936760399
Q5928392	6000000089759666907
Q59284980	6000000092292878849
Q5928606	6000000022789001583
Q5928631	6000000014209025429
Q5928677	6000000002864922733
Q5928688	6000000009527489440
Q5928693	6000000002864922715
Q5928737	6000000009725745384
Q59287785	6000000025879545699
Q592879	6000000063005307967
Q5928871	6000000073862378162
Q5928902	6000000121999366965
Q5928943	6000000088943190856
Q59289608	6000000016700867838
Q5929163	6000000002514459345
Q5929196	6000000090961774197
Q5929206	6000000090962866198
Q5929214	6000000090961180871
Q5929243	3883568
Q59293875	6000000010171563029
Q59295738	6000000120270248895
Q5929607	6000000027590140258
Q5929615	6000000009218903578
Q592964	6000000084932383128
Q59296779	6000000023939675012
Q59296834	6000000180770864839
Q5929714	6000000018347352374
Q5929786	6000000006606252076
Q5929788	6000000017675400410
Q5929795	6000000056340584460
Q5929847	6000000011205761723
Q59298490	6000000084237069567
Q592985	6000000082534074274
Q5929861	6000000012386100375
Q5929871	6000000012377990477
Q592988	6000000002378529265
Q5929882	6000000000016398999
Q5929914	6000000055668769481
Q5929925	6000000003937614255
Q59299584	6000000055914802937
Q5929964	6000000001237637217
Q5929989	6000000015711670470
Q59300057	6000000109363676835
Q5930039	6000000018482996836
Q5930045	6000000002188456735
Q5930057	6000000031496588814
Q5930073	6000000007452560097
Q5930075	6000000009534817032
Q5930102	6000000009839163978
Q5930217	6000000002385477049
Q5930256	6000000002202569120
Q5930268	6000000033362584338
Q5930271	6000000184407871855
Q5930279	6000000067137671072
Q5930315	6000000002188458831
Q59303175	6000000000567310644
Q5930319	6000000002803151976
Q5930321	6000000009387284678
Q5930351	6000000177588443873
Q59303554	6000000021398421923
Q5930364	6000000008428993361
Q5930367	6000000010164669735
Q59303971	6000000017132981497
Q5930416	6000000027757064594
Q5930434	6000000013613267684
Q5930471	293916916110007848
Q5930483	6000000179320339849
Q5930517	6000000016724473726
Q5930520	6000000006706288485
Q5930576	6000000105208237822
Q5930597	6000000009699045285
Q5930608	6000000016747122520
Q5930649	6000000015908255302
Q593066	6000000004096070894
Q5930668	6000000052057047926
Q5930684	4708966
Q5930687	6000000112357369034
Q5930726	6000000007574128690
Q5930733	6000000043605888940
Q5930743	6000000016434870366
Q5930747	6000000006127744216
Q59307535	6000000011633567339
Q5930757	6000000011286868602
Q5930787	6000000006128310615
Q5930794	6000000007574059978
Q5930801	6000000006999201556
Q5930802	6000000011389593999
Q5930803	6000000009533975362
Q5930808	6000000011101374227
Q5930822	6000000011101000186
Q5930829	6000000011828971160
Q5930838	6000000002225026281
Q5930843	6000000033760105870
Q5930852	6000000011751073979
Q593086	6000000004095722645
Q5930866	6000000019276918247
Q5930881	6000000035235208821
Q5930909	6000000012597002570
Q5930919	6000000019948995446
Q59309223	6000000156573054821
Q5930927	6000000012460722122
Q5930939	6000000016270488601
Q59309540	6000000040802228203
Q5930960	6000000011338074066
Q59309650	6000000040814246346
Q5930987	6000000007160673211
Q5930999	6000000007409703981
Q5931019	6000000042603941260
Q5931022	6000000000453707632
Q5931024	6000000007626598729
Q5931027	6000000023475103161
Q5931040	6000000023025632268
Q5931046	6000000022391573910
Q5931048	6000000007160717790
Q5931066	6000000014897750557
Q5931074	6000000058339300850
Q5931081	6000000008890247904
Q5931090	6000000016215978157
Q5931095	6000000016841687405
Q5931099	6000000008887558053
Q5931104	6000000008890300038
Q5931113	6000000018691368288
Q593112	6000000006901836489
Q5931127	4360436549490054964
Q5931168	6000000075684356123
Q5931171	6000000023210394994
Q593118	6000000079707751823
Q59311826	6000000011504098767
Q5931183	6000000017212674280
Q5931185	6000000002207710557
Q5931198	6000000179494227844
Q5931220	6000000022127776960
Q5931225	6000000019993726392
Q5931227	6000000013136999936
Q5931233	6000000000689051840
Q5931236	6000000076105237822
Q5931240	6000000013398664898
Q5931248	6000000007511965828
Q5931258	6000000008925773588
Q5931276	6000000009027891628
Q5931307	6000000016448832635
Q5931325	6000000075409676049
Q59313561	6000000040833828033
Q5931357	6000000016449892505
Q5931378	6000000007450451445
Q5931387	6000000005256397875
Q5931398	6000000012423732599
Q59314	6000000015721967147
Q5931400	6000000014346781876
Q5931404	6000000026724620448
Q5931408	6000000074071426328
Q5931419	6000000005256431418
Q5931428	6000000008228128686
Q5931433	6000000087599371930
Q59314418	6000000066884588856
Q593145	6000000085414311908
Q5931453	6000000011604145104
Q59314831	1568986
Q5931501	6000000071608815102
Q5931510	6000000071582027833
Q5931522	6000000011428518078
Q5931541	6000000005599044820
Q59315854	6000000084406652891
Q5931592	6000000004683435190
Q5931614	6000000019192143735
Q5931679	6000000078141839922
Q5931684	6000000007218690308
Q593169	6000000101678357843
Q5931745	6000000000286243170
Q5931748	6000000175847915838
Q5931759	6000000178146304918
Q5931767	6000000082865003927
Q5931773	6000000017821547006
Q5931773	6000000044054425329
Q5931795	6000000003558373349
Q5931816	6000000008274446649
Q5931824	6000000013157171483
Q5931843	6000000018879136603
Q5931844	6000000045556727364
Q5931850	6000000002218272516
Q5931857	6000000010182357245
Q5931911	6000000004880756561
Q5931914	6000000006410110068
Q5931927	6000000028062672938
Q5931959	6000000005694535004
Q5931962	6000000014326696571
Q5931973	6000000002979875965
Q5931989	6000000010430027442
Q5932016	6000000026464481061
Q5932043	6000000011117844715
Q5932049	6000000134016387846
Q5932056	6000000044189923160
Q5932059	6000000019685052479
Q5932075	6000000008630266037
Q5932110	6000000016793238120
Q5932111	6000000001507252789
Q5932123	6000000027596744471
Q5932131	6000000000609971213
Q5932131	6000000016442247658
Q5932173	6000000044313722103
Q5932184	6000000015384214336
Q59321885	6000000088089304890
Q5932206	6000000023250026319
Q5932209	6000000033237546083
Q5932220	6000000071157483011
Q5932227	4162397517050022490
Q5932242	6000000172042304175
Q5932249	6000000003584272590
Q5932275	6000000002188529426
Q5932277	6000000020720060394
Q5932286	6000000039747191904
Q59322967	6000000083981244885
Q5932297	6000000019272694794
Q5932300	6000000019273151178
Q5932335	6000000014430764606
Q5932338	6000000017196613688
Q5932368	6000000018242200745
Q5932433	6000000015182268558
Q5932434	6000000024986836135
Q5932457	6000000029562241242
Q5932487	358322171880013867
Q5932524	6000000016853698743
Q5932531	6000000032767961149
Q5932557	6000000007476311274
Q5932601	6000000018081135177
Q5932605	6000000018073072303
Q59326281	6000000026451823595
Q5932648	6000000010172598091
Q59326513	6000000062633176901
Q59326836	6000000084499062870
Q5932729	6000000020945674673
Q59327400	6000000131749225994
Q59327416	6000000033868442141
Q5932744	6000000163889762833
Q5932774	6000000057997369846
Q5932822	6000000001608812735
Q593286	302593782080005606
Q5932887	6000000005759890715
Q5932892	6000000002530262100
Q5932896	6000000010940501866
Q59329048	6000000151487335849
Q5932908	6000000019961207551
Q5932922	6000000007723552466
Q5932924	6000000009976812325
Q5932937	6000000002479619124
Q5932958	6000000019961485792
Q5932964	6000000015935696286
Q5932965	6000000020236164650
Q5932977	6000000023012061942
Q5933002	6000000020234515748
Q5933022	6000000024713959133
Q593304	6000000015470289508
Q5933045	6000000174132505988
Q5933054	6000000186583966832
Q5933059	6000000021646138054
Q59330964	6000000033638215044
Q5933108	6000000015590259533
Q5933122	6000000009276348230
Q5933144	6000000183305958836
Q5933150	6000000006101157184
Q5933172	6000000147140052925
Q59331863	6000000009103157794
Q59331882	6000000109744333829
Q5933189	6000000081074696871
Q5933208	6000000126863804821
Q5933241	6000000018645491013
Q59332491	6000000047000391924
Q5933273	6000000015915929705
Q5933355	6000000024375710106
Q5933362	6000000024375685239
Q5933371	6000000019963456638
Q5933425	6000000016185003757
Q5933474	6000000004681508590
Q59335	3460581
Q593350	6000000109846698900
Q59335113	6000000084419101431
Q5933577	6000000041513690402
Q59335843	6000000004532510942
Q5933588	6000000018525560687
Q59335924	6000000017064803286
Q59336282	6000000213537658821
Q5933654	6000000002691210977
Q5933696	6000000027343463793
Q593370	6000000007380123059
Q5933713	6000000092282745883
Q59337179	6000000073294983363
Q593372	6000000081549111196
Q5933790	6000000043386966401
Q5933845	6000000011071746016
Q5933848	6000000002188489743
Q5933857	5052000068670051249
Q5933892	6000000068358403827
Q5933953	6000000011570934584
Q5934082	6000000149541177835
Q5934086	6000000021010580917
Q59341241	6000000030938391944
Q59341248	6000000038795499881
Q5934162	6000000001188878501
Q5934173	6000000012674001537
Q5934177	6000000045927197452
Q59342099	6000000029072899867
Q59343588	6000000003988599408
Q5934399	6000000173677223844
Q5934402	6000000076611977036
Q5934448	6000000023190767673
Q5934496	6000000019061103283
Q5934530	6000000030289975905
Q593455	6000000000701216245
Q5934573	6000000043125279854
Q5934607	6000000020958253816
Q593462	6000000158828699863
Q5934636	6000000013320242795
Q5934833	6000000000253331323
Q5934839	6000000001017590071
Q5934840	6000000101128064177
Q59348407	6000000008199737807
Q5934883	6000000018003570207
Q59348872	6000000023050862019
Q59348887	6000000001980315158
Q593496	6000000020982846787
Q5935004	6000000009737451206
Q5935049	6000000079615412270
Q5935061	6000000018300075250
Q5935074	6000000014196264521
Q5935086	6000000013549273234
Q5935090	6000000022796371875
Q593513	6000000024101936461
Q5935204	6000000057339673894
Q5935211	6000000000113843639
Q5935213	6000000001803936647
Q5935234	6000000033740189541
Q59352727	6000000176109402821
Q593533	6000000067097244972
Q5935407	6000000011260155116
Q593553	6000000179985501828
Q5935552	6000000049239712017
Q593571	6000000002465279189
Q59357358	6000000137836626821
Q5935796	6000000003564036270
Q5935833	6000000001758993290
Q5935863	6000000176878108821
Q5935894	4266366891120038823
Q5935909	6000000066851887846
Q593592	6000000022863327219
Q59359434	6000000009458683058
Q5935952	4549827300630033900
Q5936136	6000000003253089589
Q5936144	6000000005776825101
Q5936189	6000000000639831435
Q5936205	318655785210003693
Q5936269	6000000017877623635
Q59362709	6000000002892144774
Q5936294	6000000010018267523
Q5936310	6000000005793654578
Q5936463	6000000022628219668
Q5936519	6000000017063985220
Q5936554	6000000006266777003
Q5936563	6000000016325100212
Q5936599	6000000089626907890
Q593661	6000000003687305816
Q593669	6000000020799380452
Q593671	6000000002333552420
Q5936739	3989549144730034216
Q5936769	6000000013234030735
Q59367782	6000000007208518645
Q593678	6000000007659978534
Q5936801	6000000047970209005
Q5936824	6000000011507455316
Q5937035	6000000010078278518
Q593706	6000000000446956140
Q5937087	6000000087271933973
Q593715	6000000010909149114
Q593735	6000000076701046278
Q5937387	6000000070706633821
Q5937405	6000000117746559031
Q5937460	6000000176432511861
Q5937463	6000000013570617958
Q5937485	6000000002914642959
Q5937496	6000000011348542272
Q593750	6000000046454348997
Q5937542	6000000032565784217
Q5937555	6000000003366516086
Q5937571	6000000059654536120
Q5937606	6000000002799278595
Q5937724	6000000015761586093
Q5937728	6000000083873884842
Q5937730	6000000006090332067
Q5937867	6000000183544265843
Q5937916	5315616735890088742
Q5937929	6000000011654110081
Q5937937	6000000011841469475
Q59381323	6000000004851487441
Q5938220	6000000038215235573
Q5938222	6000000022581315559
Q5938224	6000000042403344489
Q5938276	6000000048166950841
Q5938327	6000000084390515371
Q5938340	6000000000482059267
Q5938426	6000000002479416233
Q593843	6000000033435669596
Q5938553	6000000005020838046
Q5938568	6000000034479689138
Q5938576	6000000009397633801
Q5938593	6000000081767974848
Q5938643	6000000147086437919
Q5938691	6000000053921197858
Q5938702	6000000015797220097
Q5938833	6000000176348189825
Q5938858	6000000113499801875
Q5938917	6000000024253941322
Q5938979	6000000026667378880
Q5938997	6000000082031674127
Q59390988	6000000027486765228
Q5939170	6000000050046312172
Q5939194	6000000167952936878
Q5939196	6000000036409640055
Q593928	6000000028407821105
Q59393704	6000000016530543041
Q5939578	6000000002263748334
Q5939734	6000000084425580896
Q5939741	6000000173060010285
Q5939781	6000000036204607408
Q5939844	6000000025664275651
Q5939851	5182777864390086328
Q5939855	4932034876720050258
Q5939913	6000000169305017975
Q5939933	6000000015702164857
Q5939939	6000000017224839475
Q5939947	6000000015519848242
Q5939996	6000000020868301294
Q59400	6000000003921150978
Q59400114	6000000011005980101
Q5940060	6000000034307681861
Q59400877	6000000002512246836
Q5940151	6000000002220273039
Q5940178	6000000039328794029
Q59402049	6000000020423317084
Q5940211	6000000038092563838
Q5940213	6000000005385341253
Q5940218	6000000000101106785
Q594023	6000000029583476662
Q5940236	6000000020810983688
Q5940255	6000000019978093165
Q5940288	6000000002290023573
Q5940291	6000000010799754976
Q5940311	6000000017469155844
Q5940313	6000000078212063967
Q5940419	1507715
Q5940431	6000000035009983979
Q5940446	6000000004594029071
Q594046	6000000051452161846
Q5940464	6000000004654890321
Q5940496	6000000004535172692
Q5940558	6000000044847225080
Q5940569	6000000048395683001
Q5940571	6000000004654854306
Q5940589	6000000019582687492
Q5940596	6000000005390800470
Q5940620	6000000097171219980
Q5940636	6000000025819639262
Q5940654	6000000007929089587
Q5940670	6000000019979350090
Q5940679	6000000019582690112
Q5940683	6000000175267524903
Q5940702	6000000001800858492
Q5940761	6000000178287324861
Q5940786	6000000013405415608
Q5940822	6000000010039526816
Q5940827	6000000030391300389
Q5940833	6000000013060959131
Q5940835	6000000008798267633
Q5940836	6000000174083973908
Q5940839	6000000002135517157
Q5940883	6000000030127424823
Q5940966	6000000008917569708
Q5940973	6000000025241626874
Q5941009	6000000048810042983
Q594106	6000000029818560008
Q5941113	6000000019274094304
Q5941175	6000000000106746990
Q5941187	6000000000108580307
Q5941258	6000000001500820820
Q5941306	6000000039190045745
Q5941317	6000000039371113870
Q5941366	6000000006444102548
Q5941368	6000000175649385831
Q5941376	6000000021555215868
Q5941419	6000000007778322220
Q5941466	6000000046908874934
Q5941507	6000000002554221824
Q5941521	6000000002766808690
Q5941553	6000000076271082137
Q5941565	6000000013230769522
Q5941593	6000000029302100192
Q5941597	6000000030212923551
Q5941621	6000000009521642655
Q5941637	6000000011934567176
Q5941644	6000000078144069964
Q5941653	6000000021760581003
Q5941675	6000000021756020689
Q5941768	6000000032565114940
Q59418043	6000000051089637032
Q59418261	6000000037541925048
Q5941891	6000000183714024904
Q594191	6000000028023632923
Q5941924	6000000076115793850
Q5941975	6000000152603292821
Q5941980	6000000000505054720
Q594210	6000000166885135839
Q5942113	6000000015139385796
Q5942129	6000000027347900976
Q5942138	6000000178867788987
Q59421922	6000000011026282677
Q5942204	6000000000907498900
Q59422149	6000000087083927908
Q5942258	6000000017944492296
Q59422779	6000000049509521087
Q59423082	6000000049510222849
Q5942327	6000000014160477296
Q5942354	6000000048867593908
Q5942474	6000000116708062873
Q5942488	6000000070101984055
Q5942490	6000000007520690914
Q5942543	6000000002885394348
Q5942565	6000000000866742296
Q5942579	6000000073322396821
Q5942649	4489818977060032810
Q594265	6000000145743177827
Q5942651	6000000001287779098
Q5942748	6000000024943043706
Q5942770	6000000085379197911
Q5942828	6000000000202701545
Q594286	6000000013163940208
Q59429	6000000025579361014
Q5942938	6000000029484465821
Q594299	6000000009224691805
Q5943002	6000000157938845065
Q5943070	6000000019189309450
Q59431797	6000000062611203930
Q5943184	6000000000169842299
Q59431925	6000000062611412861
Q5943283	6000000113367099874
Q594329	6000000181900978832
Q5943328	3994315232770047795
Q5943341	6000000026042956517
Q5943397	6000000000150183059
Q5943414	6000000038239899075
Q5943416	6000000182797184828
Q594345	6000000094060147821
Q5943541	6000000024234142033
Q5943581	6000000023163523374
Q5943616	6000000000458734840
Q5943670	6000000074790927877
Q5943688	6000000000274262629
Q5943721	6000000001147664638
Q5943725	6000000009350159572
Q5943727	332440237870010732
Q5943760	6000000042291159296
Q5943769	6000000031342367150
Q5943772	6000000112753271827
Q5943836	6000000073508421001
Q5943839	6000000003102196795
Q594386	6000000001366324136
Q5943907	6000000003047607607
Q5943913	6000000007705513877
Q5943932	6000000007706540445
Q5943948	6000000017602374431
Q5943954	6000000007706447749
Q5943970	6000000007706189348
Q5943976	6000000018503906222
Q5944003	6000000004149434110
Q5944020	6000000000723391494
Q5944047	6000000014109347458
Q5944057	6000000015828309756
Q5944133	6000000178758214824
Q5944174	6000000174703945338
Q5944203	6000000001108027400
Q5944251	6000000014339021361
Q5944264	6000000010173624132
Q5944292	6000000004356329825
Q5944315	6000000032579193592
Q5944329	6000000067939927171
Q5944347	6000000176821739832
Q5944356	6000000011319699842
Q594442	6000000006431756321
Q5944462	6000000031785329284
Q5944497	6000000018962609016
Q594450	6000000008943057147
Q5944571	6000000013472345183
Q5944657	6000000005921230005
Q594466	6000000032933152844
Q5944678	6000000029120814204
Q5944748	6000000000632058973
Q5944795	6000000008591148007
Q5944825	6000000001699393501
Q5944848	6000000015891612114
Q5944910	6000000031070136869
Q5944957	6000000028398423211
Q5944964	6000000018877593081
Q5944991	5173696555900122334
Q5944999	6000000011498773717
Q5945010	6000000012698753979
Q5945036	6000000006128269781
Q5945044	322109408570002355
Q5945070	6000000001459981212
Q5945094	6000000012784544302
Q5945098	6000000001448225040
Q59451	6000000003972018094
Q59451094	6000000033968900847
Q594517	6000000176023003838
Q5945220	6000000002588810255
Q5945249	6000000007621362071
Q5945251	6000000000640687237
Q5945273	6000000011218256526
Q5945320	6000000014383154783
Q5945320	6000000045605746886
Q5945322	4912752993490024371
Q594534	6000000015832583309
Q5945346	6000000015797265082
Q5945352	6000000020802048700
Q5945361	6000000001913660164
Q5945369	6000000017354198682
Q59454	6000000003971789375
Q5945414	6000000011458921171
Q5945423	6000000001699471264
Q5945455	6000000022207254899
Q5945457	6000000032345900094
Q5945480	4328508356290012212
Q5945530	6000000004179852202
Q5945538	6000000055364142935
Q5945560	6000000017197225072
Q5945570	6000000017196518657
Q59456402	6000000002188429906
Q594570	6000000015228375217
Q5945712	6000000026302854914
Q5945721	6000000182668222821
Q5945797	6000000009609956487
Q5945805	3416000
Q5945826	6000000001699537278
Q5945867	6000000014192591205
Q5945869	6000000071225583103
Q5945889	6000000009573944627
Q5945909	357809292900013702
Q5945929	6000000002247452091
Q5945931	6000000004355709073
Q5945986	6000000140124109821
Q5946034	6000000001815568750
Q5946038	6000000000108644359
Q5946085	6000000004535161527
Q5946108	6000000037750834796
Q59461220	6000000026205548547
Q5946123	6000000013539669585
Q5946156	6000000174145538973
Q5946184	6000000001147550276
Q594620	6000000038942282070
Q5946265	6000000004367022283
Q5946302	1550063
Q5946304	6000000016829705519
Q594632	6000000009360127219
Q5946334	6000000015710907702
Q5946336	6000000007434140607
Q5946338	6000000016035308500
Q5946397	6000000019992540071
Q5946403	6000000122987605128
Q5946416	6000000019992403967
Q5946426	6000000044755415950
Q5946428	6000000008915143374
Q594644	6000000024821837911
Q5946457	6000000023075979090
Q5946487	6000000028301914587
Q5946547	6000000007739441976
Q5946567	6000000057251657837
Q5946602	6000000030853140707
Q5947134	6000000036734747709
Q5947146	6000000059044461091
Q5947158	6000000015238073876
Q5947249	6000000056414248952
Q5947263	6000000035148473526
Q5947282	6000000023517356815
Q59473563	6000000131060571844
Q594736	6000000033644229118
Q5947402	6000000075401325208
Q5947430	6000000017633619252
Q5947470	6000000038245483094
Q5947479	6000000172646320008
Q5947576	6000000115586982832
Q5947652	6000000076928112871
Q5947678	6000000030211728360
Q5947680	6000000114320862825
Q5947693	6000000001193940870
Q5947695	6000000000491994524
Q59477	6000000078353224981
Q59478	6000000073968434006
Q5947818	6000000000709067395
Q5947877	6000000030264161349
Q5947895	6000000025983301091
Q5947917	6000000013257170015
Q5948006	6000000016107480375
Q59480824	6000000006733313821
Q594829	6000000082681577081
Q5948327	6000000015864869554
Q5948341	6000000034796340299
Q5948349	6000000004032620568
Q5948383	6000000020008018428
Q59483956	6000000013095469579
Q59483977	6000000067013641891
Q59484397	6000000177409988832
Q59484614	6000000000064445635
Q59484617	6000000002314402295
Q5948483	6000000008488751028
Q5948510	6000000020008324151
Q5948610	6000000111621821824
Q594866	6000000057279238079
Q5948661	6000000034493552009
Q5948678	6000000017099659009
Q5948684	6000000001699393898
Q5948711	6000000050596015884
Q5948736	6000000011114144835
Q594878	4000405381070020521
Q59487855	6000000042423145490
Q594881	6000000020623441119
Q5948935	6000000003732488988
Q5948953	6000000039668972881
Q594896	6000000023515340131
Q5948965	6000000013088078685
Q5948975	4732173708180027731
Q5948990	6000000003732825587
Q5949018	6000000007396068534
Q5949027	6000000006127417864
Q5949034	6000000006127578083
Q5949042	6000000006127578221
Q5949053	6000000006127808578
Q59490530	6000000087198349040
Q594906	6000000015380920744
Q5949061	6000000027737008418
Q5949070	6000000007538804396
Q5949079	6000000013344652740
Q5949104	6000000039670476105
Q5949111	6000000026380121216
Q59491293	6000000009543823989
Q59491379	6000000018766613349
Q59491474	6000000003809023719
Q5949152	6000000074704751850
Q59492196	6000000030751067518
Q5949262	6000000004829397883
Q5949318	6000000008530771638
Q59494070	6000000017876810295
Q5949457	6000000013322200403
Q594946	6000000052894362155
Q5949527	6000000166752123827
Q5949534	6000000049986800036
Q5949556	6000000002843165816
Q594956	6000000024412684557
Q5949598	6000000008878986105
Q5949607	6000000008418037008
Q5949652	6000000007161003390
Q5949661	6000000006581074330
Q59497103	6000000075808489071
Q5949743	6000000013049668470
Q5949804	5559753237760055304
Q5949808	4941495062320139983
Q594982	6000000047012379058
Q5949902	6000000038753734103
Q5949912	6000000005851153009
Q5949913	6000000059703116914
Q594992	6000000017627270256
Q5949938	6000000016623690000
Q5949971	6000000064815802572
Q5950	6000000014103608609
Q5950032	6000000029268175570
Q5950045	6000000000885441451
Q5950067	6000000011056598355
Q5950105	6000000008074385213
Q5950142	6000000001758832083
Q595015	6000000086957263018
Q5950173	6000000025512728568
Q5950208	6000000003779862317
Q5950212	6000000013351165737
Q5950244	4459942369660082275
Q5950247	6000000000068992320
Q5950255	6000000027666369116
Q5950263	6000000173481798974
Q5950279	6000000020018680440
Q5950304	6000000015739280011
Q5950307	6000000042402704686
Q5950323	6000000006969880302
Q5950329	6000000008923323586
Q59503596	6000000015183904202
Q59503848	6000000122816503829
Q59503863	6000000171531992887
Q5950393	6000000007728665688
Q5950415	6000000026050082298
Q59504348	6000000003809489051
Q59504445	5429748037670122731
Q59504776	6000000002447269022
Q5950494	6000000049400451877
Q5950518	6000000008126265770
Q5950526	6000000025610517622
Q5950535	6000000000797129096
Q5950548	6000000034153602031
Q5950567	6000000000239253807
Q5950588	6000000057415795845
Q5950608	6000000007980739680
Q595063	6000000033059467521
Q5950633	6000000006846978179
Q5950645	6000000018606306306
Q5950676	6000000017005183086
Q5950685	6000000047814452975
Q5950691	6000000018617858218
Q5950793	6000000020021359181
Q5950802	6000000020221614154
Q5950810	6000000006128072753
Q5950822	6000000022671233252
Q5950849	6000000004987424462
Q595088	6000000007383480233
Q5950881	6000000001758778664
Q5950984	6000000002971368411
Q5951006	6000000007819619414
Q59510211	6000000077322350409
Q5951035	6000000033649539041
Q59510359	6000000000440504838
Q5951053	6000000009074058589
Q5951131	6000000006948774866
Q5951177	6000000112852408824
Q59511836	6000000003894073500
Q5951284	6000000029135135773
Q5951320	6000000023121138453
Q5951322	6000000139463158043
Q59513293	6000000024397221165
Q5951333	6000000015496746418
Q5951340	6000000015496869355
Q5951388	6000000016733734213
Q5951400	6000000008541011830
Q5951445	6000000015801924722
Q5951457	389121252370010531
Q5951483	6000000010259866293
Q5951505	6000000000953588596
Q5951537	6000000015145118496
Q5951552	6000000065855397025
Q5951585	6000000034452146999
Q5951594	6000000011413990260
Q5951622	6000000009749330301
Q5951630	6000000000259824037
Q59516401	6000000052948589877
Q5951644	6000000002486300713
Q5951664	6000000040229836862
Q59516688	6000000010562433303
Q5951677	6000000016459774542
Q5951710	6000000016484705970
Q5951720	6000000016484899157
Q5951743	6000000047325968216
Q5951772	6000000006127830052
Q5951779	6000000013400899375
Q5951781	6000000004841126072
Q5951795	6000000013400741602
Q5951832	6000000011851323715
Q5951918	6000000038225115837
Q5951955	6000000040654158217
Q5951971	6000000006128111007
Q5951989	6000000001264033449
Q5952048	6000000007255497390
Q5952056	6000000007328955820
Q5952082	6000000019910657633
Q5952099	6000000017254403122
Q5952104	6000000014737542234
Q5952114	6000000012673486597
Q5952132	6000000004995380500
Q5952193	6000000004293495155
Q5952198	6000000014736140481
Q5952215	6000000007744522363
Q5952223	6000000003891234887
Q5952248	6000000016383064083
Q59522494	6000000087661547991
Q5952256	6000000007173321469
Q5952272	6000000009106632936
Q5952280	6000000008806758888
Q5952314	6000000008914578545
Q5952325	6000000006846082681
Q5952326	6000000076688130347
Q5952331	6000000011851732519
Q5952337	6000000020024576232
Q5952356	6000000026353210106
Q59524566	6000000011082475899
Q59524655	6000000018462462168
Q59524778	6000000025538062158
Q59525	6000000028087896061
Q5952520	6000000074787741876
Q5952520	6000000075407736826
Q59525265	6000000028334328446
Q59525336	6000000078036129775
Q59525368	6000000078344365351
Q5952541	6000000020089459012
Q59525602	6000000030808884551
Q59525667	6000000002976823232
Q595257	6000000125705558821
Q5952595	6000000026577570299
Q59526589	6000000007184251499
Q59526974	6000000066693486821
Q59527427	6000000014488107364
Q59527516	6000000002304321271
Q59527621	5294897171440050722
Q5952764	6000000135025986084
Q59527680	6000000085534910131
Q5952772	6000000027706591629
Q59527892	6000000030139934512
Q5952796	6000000002096740032
Q59528051	6000000040173963311
Q59528118	6000000016519521053
Q59528430	6000000083860129029
Q59528472	6000000027229729892
Q59528723	6000000025066456850
Q5952889	6000000029490109589
Q5952895	6000000022851936540
Q59529104	6000000002802407139
Q59529199	6000000012045363519
Q595293	6000000008577402711
Q59529348	6000000143231608837
Q59529358	6000000019093087825
Q5952942	6000000002747461975
Q59529582	6000000055357749010
Q59529609	6000000134017069838
Q59529752	6000000018947454693
Q5952996	6000000020091533395
Q5953043	6000000038941646750
Q5953044	6000000018107047045
Q5953047	6000000004280750845
Q59530470	6000000029260668102
Q5953051	6000000018106472978
Q5953059	6000000069051511906
Q59530653	390716284900002155
Q5953077	6000000016924131916
Q59530784	6000000089167050862
Q59530867	6000000022448580238
Q59530896	6000000075255680821
Q5953101	6000000018750010071
Q59531019	6000000070673210289
Q59531081	6000000017644346259
Q5953128	6000000028462987790
Q59531280	6000000174883183833
Q59531340	6000000060716992919
Q59531472	6000000002415650096
Q59531477	6000000008179613258
Q5953148	6000000013706874619
Q5953150	6000000181611482826
Q59531501	6000000121063553923
Q5953162	6000000001758923476
Q5953164	6000000008581676108
Q59531649	4422482021840025900
Q59531684	6000000012290637733
Q5953172	6000000168951571075
Q59531782	6000000145819801822
Q59531863	6000000037600138965
Q5953187	6000000036357247600
Q59532069	6000000014150252041
Q59532209	6000000125166159949
Q59532562	6000000026712571684
Q59532678	5182467128030069338
Q59532688	6000000055608570995
Q59532857	6000000076661239871
Q59533014	6000000003076013078
Q59533229	6000000044781015828
Q59533255	6000000099426126069
Q59533277	6000000034827846700
Q59533320	6000000172337679821
Q59533353	6000000071805374120
Q5953336	6000000020110190427
Q59533537	6000000008469626013
Q59533664	6000000012484233279
Q5953373	6000000007861302808
Q59533735	6000000009168191641
Q5953385	6000000015600460073
Q5953446	6000000022292016554
Q5953549	6000000025858760066
Q5953556	6000000007666018364
Q5953590	1573323
Q5953592	6000000002153210134
Q5953660	6000000019881940727
Q5953679	6000000084209568060
Q59537495	6000000046928506030
Q59538149	6000000019036748936
Q5953870	6000000001722354282
Q5953897	6000000000137148107
Q5953910	6000000000973530050
Q59539489	6000000018163313939
Q595404	6000000137024163828
Q5954075	6000000004978424414
Q5954083	1793600
Q5954103	6000000089870068909
Q5954109	6000000092180682166
Q5954157	6000000020111820657
Q5954184	6000000037725870316
Q59541998	6000000006864860855
Q5954239	6000000002357048434
Q5954318	6000000020136760051
Q5954341	6000000179907663867
Q59543563	6000000010665480562
Q5954415	6000000010198910384
Q5954469	6000000140693592914
Q5954475	6000000013997560616
Q5954639	6000000011219395566
Q5954700	6000000022336784250
Q5954720	6000000022163211734
Q5954741	6000000179672818825
Q59548314	6000000022758156662
Q5954848	6000000018532539360
Q59548583	6000000008484702442
Q595487	6000000201014544843
Q595488	6000000056988531187
Q59549043	6000000022756392421
Q595494	6000000023532703197
Q5954958	6000000129867594072
Q5954960	6000000111339715821
Q5954992	6000000173290346173
Q5954995	6000000042531700080
Q5955067	6000000003801357205
Q5955140	6000000007537935529
Q59551583	6000000012896831203
Q5955180	6000000102412868877
Q5955193	6000000002907594865
Q59552591	6000000003827774941
Q5955329	6000000003801700128
Q5955357	6000000015634121609
Q5955376	6000000025126128389
Q59553792	6000000003827774934
Q5955385	6000000006127859201
Q5955392	6000000021334420003
Q59554355	6000000020199725492
Q59554635	6000000003353008312
Q59554808	6000000020200261815
Q5955510	6000000008403976524
Q5955514	6000000144765598026
Q5955530	6000000001605365278
Q5955533	6000000000648908818
Q5955535	6000000006364378373
Q5955545	6000000031852157245
Q59555461	6000000178533778836
Q5955560	6000000020532651094
Q595562	6000000171303255070
Q5955630	6000000004589827390
Q5955643	6000000007424024447
Q5955659	6000000025085297441
Q5955662	6000000010675976009
Q5955685	6000000110435139940
Q5955778	6000000020150987811
Q59558367	6000000021056415030
Q5955866	6000000181558176830
Q5955880	6000000007305167824
Q5955920	6000000177306565837
Q5955927	6000000075403306855
Q5955990	6000000012569875214
Q5956006	6000000004334218204
Q5956013	6000000020189435380
Q5956054	6000000019058806285
Q5956063	6000000077200381613
Q5956075	6000000050407650044
Q5956131	6000000017152768589
Q5956140	6000000005068469635
Q59562224	6000000178597958854
Q5956233	6000000074792262844
Q5956544	6000000020203272769
Q5956568	6000000008722204908
Q5956640	6000000026825093368
Q59566408	6000000017204821559
Q5956659	6000000024999375809
Q5956740	6000000050682408143
Q5956768	361737737930004738
Q595685	6000000014273454647
Q5956865	6000000056236531315
Q5956894	6000000033170885175
Q5956942	6000000004654890599
Q5956949	6000000184962157821
Q595696	6000000024090425980
Q595699	6000000107777009891
Q59570	6000000004208149283
Q5957021	6000000023133610126
Q5957068	6000000023040164155
Q5957119	6000000002941178981
Q5957154	6000000020423860846
Q5957174	6000000023164033315
Q5957190	6000000181549615840
Q5957206	6000000011543675543
Q5957218	6000000020423920825
Q59573904	6000000034074027131
Q5957464	6000000169728684029
Q5957556	6000000011255229279
Q5957571	6000000011122997872
Q5957611	6000000010320296892
Q59576527	6000000039012222983
Q59576616	6000000182396153821
Q5957675	6000000033895324380
Q5957800	6000000003897489461
Q5957831	6000000020849908834
Q5957844	6000000020855639834
Q59578550	6000000039031259143
Q5957868	6000000020855619884
Q5957901	6000000020546473988
Q5957915	6000000109504734849
Q5957932	4564726552250055937
Q5957946	6000000020546665856
Q59579665	6000000050893457501
Q5958010	6000000007305340004
Q5958134	6000000082771496884
Q5958155	6000000182361118843
Q59582296	6000000018235517482
Q59582519	6000000069413490897
Q5958277	6000000029659859371
Q5958290	6000000034456959341
Q5958309	6000000003953385018
Q5958323	6000000041073253498
Q5958379	6000000075481922936
Q5958425	6000000009703536270
Q595844	6000000015339552796
Q5958468	6000000020664481856
Q59584827	6000000016228299823
Q59584996	6000000157320830844
Q59585489	6000000011358008669
Q5958591	6000000075481965920
Q59586265	6000000016369576547
Q5958632	6000000022654094941
Q59586526	6000000002649964043
Q59588397	6000000041766893715
Q59588463	6000000180662016865
Q59588470	6000000023827583619
Q59588507	6000000019084138601
Q59588606	6000000094056585386
Q59588672	353115965490013002
Q59588784	6000000019970498264
Q59588822	6000000000052921555
Q59588860	6000000160661411833
Q59589022	6000000006347321341
Q5958936	6000000025543949918
Q59589811	6000000015582575795
Q59589819	6000000025430610006
Q59590855	6000000020209775284
Q5959137	6000000033345853621
Q5959158	6000000007538260168
Q5959177	6000000012047631837
Q59591803	6000000028673634264
Q595919	6000000032843663037
Q5959211	6000000009035279818
Q5959232	6000000003354185070
Q5959371	6000000005908547448
Q5959391	6000000016956352641
Q5959401	6000000076898919826
Q59594274	6000000190304815836
Q5959431	6000000074750250952
Q595946	6000000083013398746
Q5959461	6000000091766106103
Q5959480	6000000013173980231
Q5959493	6000000007885223091
Q5959575	6000000008088864317
Q5959583	6000000002918629629
Q59598447	6000000013496148030
Q59600579	6000000015425139648
Q596008	6000000031914938104
Q5960100	6000000024919454897
Q5960142	6000000177775993921
Q59601499	6000000006970272076
Q59601527	6000000180184425828
Q59601556	6000000170079272821
Q5960156	6000000020691697968
Q59601561	6000000076900331729
Q59601570	6000000035131253943
Q59601606	6000000016871701273
Q59601642	6000000095445822076
Q59601669	6000000112476993944
Q59601672	6000000013480629306
Q59601688	6000000027061479989
Q59601691	6000000057637189910
Q59601736	6000000019367850087
Q59601751	6000000119527860929
Q59601793	6000000134589550867
Q59601800	6000000025752789043
Q59601922	6000000100341512913
Q59601929	6000000068899684853
Q59601930	6000000023169926888
Q59601949	6000000002487676727
Q59601953	6000000011471536377
Q59601968	6000000013291834068
Q596026	6000000036489392325
Q5960300	6000000010579764042
Q59604537	6000000047073990954
Q5960602	6000000008753886937
Q5960625	6000000038814321171
Q596071	6000000076911977373
Q5960761	6000000137619991854
Q596078	6000000007066534006
Q5960854	6000000079600140884
Q5960873	355698486950012363
Q5960899	6000000017514310876
Q5961036	6000000026363936283
Q5961080	6000000179372138233
Q5961097	6000000040648668150
Q596114	6000000055891430551
Q59612407	6000000002802596472
Q596129	6000000014200690603
Q5961302	6000000000186652162
Q5961317	6000000019260476297
Q596137	6000000040997189938
Q596140	6000000019089153771
Q5961402	6000000022696274884
Q5961428	6000000034403577940
Q5961437	6000000017618964219
Q5961449	6000000034399648761
Q59615386	6000000018947137875
Q5961574	6000000178947583821
Q59615873	6000000040441806901
Q59616935	6000000023405358855
Q59617200	6000000002831284570
Q59617312	6000000010411447234
Q596176	6000000013494647039
Q59618000	6000000044520635936
Q5962036	6000000007026209050
Q5962069	6000000023063811933
Q59621409	6000000009916163184
Q5962186	6000000015064972241
Q5962194	6000000018794874183
Q596223	6000000082705298972
Q5962246	6000000010461160394
Q5962251	6000000006098966489
Q5962252	6000000002577250754
Q59623134	6000000028549620325
Q5962354	6000000016716754981
Q59624475	6000000041837414380
Q59624794	6000000079498254074
Q5962502	6000000009034666319
Q5962508	6000000028810513835
Q5962543	6000000008273713159
Q5962619	2485711
Q59626481	6000000033739006753
Q59626892	6000000019754442262
Q59626992	6000000075778044883
Q5962726	6000000013549623762
Q59627395	6000000079941933668
Q59627494	6000000014589229482
Q59627671	6000000051921429846
Q59627702	6000000018698706807
Q59627703	6000000003125267647
Q59627759	6000000029763382474
Q59627788	6000000055199727858
Q59627877	6000000032601205809
Q59627905	6000000094148755889
Q5962827	6000000001127161740
Q59628272	6000000106990341150
Q59628621	6000000028145405130
Q59628636	6000000014185970765
Q59628830	6000000002764431950
Q59629213	6000000054389486860
Q596293	6000000023755823237
Q59629347	6000000054074541898
Q59629496	6000000034917374449
Q59629503	6000000064585339847
Q59629505	6000000183600116462
Q59630	6000000035356611926
Q59630179	6000000000934463665
Q596304	6000000015926254243
Q59630535	6000000034721195646
Q5963143	6000000021567916519
Q59631555	3456917
Q59631915	6000000067096045864
Q596330	6000000080339345403
Q59633119	6000000041837533883
Q596339	6000000079501800149
Q5963441	6000000029659890041
Q5963453	6000000174419801160
Q5963454	6000000023171663349
Q5963462	6000000019584117377
Q5963495	6000000042583954068
Q59635	6000000012697603060
Q596353	6000000022966985341
Q5963575	6000000011569174633
Q59636861	6000000142890579833
Q5963695	6000000018076941792
Q5963768	6000000014027132606
Q59637984	6000000004171031623
Q596383	6000000026979702471
Q5963832	6000000070728638851
Q5963859	6000000091392116885
Q596386	6000000180839311894
Q59638953	6000000156940823866
Q59638970	6000000018948150186
Q5963958	6000000022977178844
Q596398	6000000012773966530
Q5964066	5644875113730038052
Q59640996	6000000007678435452
Q5964127	6000000075507623902
Q5964135	6000000016819961168
Q5964144	6000000003221255340
Q5964257	6000000008350405519
Q5964258	6000000000279167719
Q5964264	6000000020746774257
Q5964269	6000000020747410192
Q5964277	6000000156346207848
Q5964278	6000000017055886120
Q5964290	6000000020747288184
Q5964301	6000000090503220628
Q596431	6000000013929969252
Q5964312	6000000020745671376
Q5964316	6000000020747339266
Q5964323	6000000025957852888
Q5964330	6000000020746743353
Q5964335	6000000020746988826
Q5964342	6000000129275222832
Q5964352	6000000013936314402
Q596436	6000000019098794016
Q59644055	6000000026621213996
Q59644060	6000000043033697364
Q596442	6000000152659350867
Q596448	6000000027536388431
Q59645466	6000000044608949898
Q596461	6000000018668084216
Q596470	6000000097841431882
Q59647426	6000000006707732195
Q5965029	6000000177007380861
Q59650470	6000000020946484101
Q59651	6000000029240613884
Q59651777	6000000029717720932
Q59652027	6000000175896278912
Q5965206	6000000063475572848
Q596528	6000000016599370863
Q59653016	6000000013332982312
Q59653092	6000000176373286036
Q59653101	6000000014151979209
Q59653107	6000000077879089417
Q59653113	6000000179023634821
Q59653145	6000000002765041057
Q59653188	6000000018156877225
Q59653204	6000000000667462077
Q59653207	6000000060608476161
Q59653213	6000000023379180863
Q59653225	6000000061230705998
Q59653238	6000000043783089792
Q59653263	6000000178954784839
Q59653295	6000000043367060054
Q59653300	6000000007316928994
Q59653301	6000000043830174595
Q59653329	6000000081914772200
Q59653332	6000000166191282950
Q59653333	6000000007014434794
Q59653383	6000000016538466606
Q59653397	6000000001768303656
Q59653402	6000000180928084839
Q59653420	6000000178312021827
Q59653445	6000000016364451570
Q5965375	327410808350001912
Q596539	6000000031851868202
Q59654	6000000008502626964
Q59654560	6000000024699035734
Q5965488	6000000037665768709
Q5965499	6000000073056658821
Q5965563	6000000025343573211
Q596560	6000000181733064826
Q59656429	6000000048123125163
Q59656433	6000000024046621173
Q59656449	6000000016367765058
Q59656451	6000000019427954419
Q59656469	6000000152470143854
Q59656535	6000000054920172912
Q59656556	6000000004185933181
Q596571	6000000192603404824
Q5965758	5262332313810057078
Q5965823	6000000008314549930
Q5965896	6000000003417351929
Q596590	6000000127371323861
Q5966016	6000000075344644321
Q5966107	6000000029495273273
Q5966226	6000000011250415526
Q5966231	6000000016189990161
Q5966238	6000000012105641948
Q5966259	6000000030731745828
Q5966284	6000000085896854175
Q5966388	6000000059018482920
Q5966411	6000000018834458796
Q5966438	6000000007319279433
Q5966446	6000000007131908487
Q5966518	6000000150913483871
Q5966615	6000000202708655541
Q5966752	6000000034173389064
Q5966845	6000000009656657024
Q5966855	6000000011012886408
Q5966925	6000000019658563739
Q596698	6000000009316405475
Q5967049	6000000013854243594
Q596717	6000000027983901510
Q5967184	6000000017223052083
Q5967193	6000000017207871515
Q59672	6000000040388911785
Q5967202	6000000019305818389
Q596724	6000000156482721821
Q5967339	6000000135763331115
Q596748	6000000012964892412
Q5967534	6000000000142982779
Q5967623	6000000075900626855
Q5967651	6000000024333069526
Q5967657	6000000065485823821
Q59676957	386131526160002672
Q5967728	6000000030342343050
Q5967741	1261365
Q5967755	6000000022291913306
Q5967760	6000000007674218725
Q5967787	6000000104955656830
Q59678279	386131216060001392
Q59678630	6000000040341915644
Q5967924	6000000003965262353
Q5967931	6000000012422844691
Q5967931	6000000174343620705
Q5967935	6000000020178709573
Q5967943	6000000000885510102
Q5967996	6000000028828050753
Q59680064	6000000167609204300
Q59680824	6000000020193273005
Q5968267	6000000022890689045
Q5968280	6000000009580608986
Q5968339	6000000016717012596
Q59683897	6000000007226082323
Q5968396	6000000009707117778
Q5968540	4652557
Q5968545	6000000019330694078
Q5968560	6000000011032142547
Q5968584	6000000002995258716
Q59686265	6000000025634892865
Q59686341	6000000027755865609
Q5968744	6000000001699460896
Q5968861	6000000039783681296
Q59688884	6000000026230602129
Q5968926	6000000166664424903
Q596902	6000000178602334843
Q5969026	6000000017201678907
Q5969092	6000000172619231170
Q596911	6000000013700651151
Q5969151	6000000007705749272
Q59691744	6000000045843272836
Q59691840	6000000017036572205
Q5969195	6000000019349092015
Q596920	6000000083477421139
Q5969202	6000000015024874745
Q59692044	6000000015345267720
Q59692252	6000000018503147869
Q5969238	4585895231690052871
Q596925	6000000014540697489
Q59692501	6000000012963456196
Q59692604	6000000041033781507
Q59692631	6000000079251483836
Q59692641	6000000102879795821
Q59692766	6000000018867303579
Q59692787	6000000124999153076
Q59692791	6000000004592984178
Q59693180	6000000012197868092
Q5969329	6000000033811534085
Q59693304	6000000210456259874
Q5969335	6000000014520806837
Q59693501	6000000004590987080
Q5969407	6000000158830886831
Q5969439	6000000083531041200
Q5969481	6000000062471194857
Q5969507	6000000039756390591
Q5969561	6000000010606611617
Q5969592	6000000073175103106
Q5969650	6000000069080247834
Q5969708	6000000069314090017
Q5969715	6000000125269230858
Q5969765	6000000028540973003
Q5969775	6000000076886372004
Q5969819	6000000161367320903
Q5969978	6000000002894644029
Q5970024	6000000010343548353
Q5970061	6000000004086210662
Q5970099	6000000016429584606
Q5970117	6000000015155777727
Q5970145	6000000017816613694
Q5970153	6000000022809281280
Q5970157	6000000006514571001
Q5970161	6000000008778964611
Q59703861	6000000006929153059
Q5970672	6000000034960569858
Q5970677	6000000026436315366
Q5970761	6000000003694836391
Q5970955	6000000006782953862
Q5970996	6000000011182963085
Q5971007	6000000006427944172
Q59711169	6000000002512236993
Q59711630	6000000108366601879
Q59712096	6000000101846722896
Q5971253	6000000027229804005
Q5971436	6000000029223786527
Q5971467	6000000085382448963
Q59714933	6000000014657195772
Q59715470	6000000108300785822
Q5971736	6000000087682988262
Q5971739	6000000021176128351
Q5971740	6000000004377504663
Q5971770	358467534090004064
Q5971807	6000000001361669297
Q5971837	6000000000190032063
Q5971846	6000000003915049551
Q5971852	6000000177864671843
Q5971859	6000000028140853120
Q59718603	6000000174787864357
Q5971868	6000000021632089483
Q5971892	6000000082853853837
Q59719160	6000000158517223881
Q5971940	6000000073181472072
Q5972007	6000000000094838462
Q5972025	6000000020784833919
Q5972285	6000000008141406490
Q597251	6000000025068788949
Q59725307	6000000029227218182
Q5972541	6000000003123388301
Q5972660	6000000157610614849
Q5972757	6000000116641267833
Q59727812	6000000176156955834
Q59729	6000000152422838831
Q5972977	6000000074767623930
Q597298	6000000014946690603
Q597299	6000000006906816132
Q5973017	6000000014222395788
Q5973025	3904133
Q597306	6000000044364190468
Q597322	6000000005797660014
Q5973239	6000000110406074833
Q5973330	6000000068481958026
Q5973349	4191002927900051341
Q5973427	6000000007407418428
Q5973430	6000000000682689720
Q5973467	6000000072096399164
Q5973469	6000000021661130394
Q5973480	6000000002908252082
Q5973490	6000000021848458352
Q5973502	6000000082539279870
Q5973510	6000000020817565906
Q5973546	6000000006127758427
Q5973552	6000000002370633073
Q5973556	6000000003050794563
Q59736	6000000127096390915
Q5973650	6000000032279347869
Q5973699	6000000000018092423
Q5973742	6000000007127747340
Q5973747	6000000009562402661
Q5973785	6000000003257788438
Q5973792	6000000179675298890
Q5973861	6000000011812463057
Q5973870	6000000029797201719
Q5973883	6000000003032170360
Q5973927	6000000040278961911
Q5974134	6000000006960155537
Q5974180	6000000007884530114
Q5974184	6000000006823016267
Q5974210	6000000017595988940
Q5974218	6000000025527006709
Q5974223	6000000130759816058
Q5974252	6000000003087362229
Q597429	6000000116748401927
Q597433	6000000088078103852
Q5974349	6000000074791250860
Q59743982	6000000040833716089
Q5974461	6000000075488997123
Q5974486	6000000003602622759
Q5974580	6000000185161908823
Q5974619	6000000007300615646
Q59748133	6000000151735932833
Q5974858	6000000006769699138
Q59749161	6000000024947179330
Q5974992	6000000021119506440
Q5975017	6000000000047391288
Q5975022	6000000000047190401
Q5975027	6000000031450829244
Q5975035	6000000008314409440
Q5975041	6000000008309239480
Q5975067	6000000007514431340
Q5975074	6000000000190320091
Q5975085	6000000000190316448
Q5975104	6000000014149827474
Q5975278	6000000008389346082
Q5975296	6000000002188383524
Q597536	5003308148060066877
Q59754329	6000000024947564939
Q597553	6000000022503341357
Q5975640	6000000009402666282
Q5975811	6000000015311538945
Q597598	6000000013083361320
Q5976073	6000000008237608449
Q5976081	6000000013522528302
Q597613	6000000095386203822
Q5976229	6000000001515008834
Q597637	6000000004381823103
Q597654	6000000166930137853
Q5976666	6000000032227568790
Q5976684	6000000012240388850
Q5976701	6000000011812302154
Q597676	6000000038313778723
Q5976790	6000000026734190375
Q5976803	6000000021250980245
Q5976823	6000000044519770146
Q59768295	6000000002905888737
Q5976842	6000000012396102529
Q5976864	6000000040814426905
Q5976894	6000000044191693814
Q5977	6000000011312758665
Q5977028	6000000035304265493
Q5977066	6000000007408428221
Q597708	6000000056414934945
Q597713	6000000018003645067
Q59772375	6000000006881062257
Q597727	6000000015751089362
Q59773166	4553664079640013477
Q59773561	6000000016521972271
Q5977545	6000000007098888316
Q5977551	333257734220004857
Q5977557	6000000007098945215
Q597764	6000000016509187908
Q59777078	6000000045499344851
Q5977741	345496310060013685
Q5977766	6000000120301596829
Q597782	6000000007630705935
Q5977879	6000000020984646082
Q5977900	6000000033616529547
Q5977935	6000000003293310224
Q5977943	6000000173476782605
Q5977979	6000000075507534892
Q5977988	6000000011252410832
Q5978032	6000000026092448871
Q5978038	1386522
Q59780395	6000000020630247470
Q59781153	6000000007535035693
Q59781386	6000000007536583547
Q59781412	6000000086002234856
Q5978145	6000000035393121288
Q59781639	6000000001536162651
Q59782272	6000000009078111615
Q5978295	6000000074707635058
Q597832	6000000013632749033
Q59783500	6000000001747173073
Q59783585	6000000088039913964
Q5978410	6000000008329001219
Q59784437	6000000059568379923
Q59784584	6000000003076922034
Q597848	6000000013250084858
Q59784900	6000000003076114887
Q597855	6000000008509009967
Q59785712	6000000013507003852
Q59785813	6000000015732751036
Q59786085	6000000012620477657
Q59788187	6000000024269705538
Q5978897	6000000044239965191
Q5978904	6000000009587872374
Q597895	6000000055464925956
Q5979028	6000000000705074128
Q597907	6000000014638319948
Q5979121	6000000014101538837
Q597917	6000000036635212735
Q5979218	6000000024753618481
Q597958	6000000019134746299
Q597962	6000000007242731339
Q5979769	6000000010960947334
Q5979862	6000000003873358340
Q5979967	6000000003550543425
Q597999	6000000015964007217
Q598007	6000000012107730493
Q5980274	6000000004137541344
Q5980277	6000000003600964534
Q5980291	6000000014924113160
Q598030	6000000080591455968
Q5980303	6000000003218579227
Q5980332	6000000010726481296
Q5980340	6000000182203114830
Q5980385	6000000010866125231
Q5980441	6000000009977504346
Q5980451	6000000073641064195
Q598050	6000000026117281503
Q598054	6000000033471918048
Q59806855	6000000084238353870
Q5980736	6000000040449890563
Q5980776	6000000005760550385
Q598094	6000000083639870808
Q5980957	6000000014657153567
Q598097	6000000035863819752
Q5981035	6000000078344830469
Q5981054	6000000025098386296
Q5981108	6000000005598815122
Q5981110	6000000005598815296
Q5981112	6000000005598808776
Q598130	6000000011943712545
Q5981305	6000000073047874230
Q598132	6000000000491556320
Q59813285	6000000029277544362
Q59813923	6000000022961850409
Q59814841	6000000150786064875
Q59814846	6000000157091074831
Q59814849	6000000178004075830
Q59814854	6000000151403710941
Q5981491	6000000091799110842
Q59815753	6000000016179615847
Q5981597	6000000019992894237
Q598162	6000000184447001823
Q598173	6000000109252496833
Q5981837	6000000127110707823
Q5981879	6000000009920776624
Q5981951	6000000009939387500
Q59820052	6000000027965960348
Q5982027	6000000015258867379
Q5982040	6000000019441631786
Q59820419	6000000032943569850
Q5982042	6000000031305204709
Q59820609	6000000139314667955
Q5982061	6000000046717813974
Q59820627	6000000139314915832
Q5982082	6000000030283867311
Q59821	6000000024225121028
Q598210	6000000012801293702
Q59821186	6000000173610306094
Q5982137	6000000002795540919
Q59821526	6000000068968020146
Q59821570	6000000068968238045
Q59821630	6000000068968399874
Q59821673	6000000068968360942
Q5982172	6000000022990430771
Q5982179	6000000011820083233
Q59822157	6000000086356598454
Q59822183	6000000175771677833
Q59822219	6000000175582985871
Q59822243	6000000175355628113
Q59822318	6000000175002991249
Q59822353	6000000181698003265
Q59822392	6000000174824411026
Q59822408	6000000174716551317
Q59822439	6000000174551134255
Q59822472	6000000001206497063
Q59822485	6000000173850997871
Q59822498	6000000173847686335
Q59822558	6000000173507087522
Q59822880	6000000019546352742
Q5982348	6000000002267743547
Q5982375	6000000177145203907
Q59824	6000000180759967840
Q59824052	6000000017872398110
Q5982493	6000000018886121371
Q5982510	6000000013380571136
Q59825336	3981369670260031420
Q5982796	6000000018195088899
Q5982867	6000000033695492280
Q5982888	384266750680003352
Q5982899	6000000042642397898
Q5982911	6000000006277072283
Q5982929	6000000000304267922
Q5982939	6000000040463369236
Q59829530	4515258191270034347
Q59829556	6000000018959746345
Q5983003	4523643607260020887
Q59830211	6000000040025813867
Q5983043	6000000016402464605
Q598317	6000000042725728567
Q5983197	6000000007133040917
Q5983230	6000000031893998006
Q5983236	6000000065636759860
Q5983322	6000000174450907843
Q5983361	6000000055188569034
Q598344	6000000013248516957
Q5983466	6000000013019091786
Q5983494	6000000007599824006
Q5983521	6000000009145484698
Q598353	6000000126221423839
Q5983543	6000000134845988856
Q5983563	6000000003249522652
Q5983575	6000000017298347727
Q5983601	6000000039482370518
Q5983613	6000000018625012640
Q5983621	6000000034971882154
Q5983662	6000000015666297946
Q5983672	6000000006811550561
Q5983691	6000000013493957226
Q5983697	6000000007287852799
Q5983751	6000000001699399769
Q5983774	6000000000638497896
Q5983779	6000000048667985913
Q5983783	6000000021175859420
Q5983835	6000000000590226471
Q5983838	6000000022973685245
Q5983843	6000000007448985289
Q5983870	6000000021176399870
Q598388	6000000006283846358
Q5983891	6000000015967519643
Q5983918	6000000076771138308
Q5984016	6000000020276354994
Q5984017	5570379230570038625
Q598403	6000000022907724439
Q59840893	6000000178492818866
Q5984091	6000000030963104211
Q5984165	6000000050841073293
Q5984166	6000000016108519515
Q5984168	6000000003858782247
Q5984174	6000000014653504194
Q598423	6000000013018396764
Q5984250	6000000121840065543
Q5984258	6000000032489357856
Q5984318	6000000000853504012
Q598433	4905034940990084824
Q5984338	6000000019743613641
Q59843752	6000000042102883070
Q5984411	6000000000241085485
Q5984446	6000000014754519732
Q59845026	6000000075556558107
Q5984517	6000000008091100816
Q5984519	6000000016568347394
Q5984522	6000000000239608591
Q5984526	6000000002188434363
Q5984528	6000000031950315227
Q5984540	6000000021466380159
Q59845587	6000000061094697153
Q59845653	6000000123021680976
Q59845823	6000000084477938264
Q5984600	6000000008659662682
Q5984604	6000000005601305553
Q59846129	6000000175839359838
Q5984614	6000000010686500517
Q59846329	6000000173019839281
Q5984633	6000000036789341400
Q59846559	6000000000166960997
Q59846727	6000000172961334345
Q5984677	6000000013471759120
Q5984681	6000000042829146007
Q59846905	6000000172931621923
Q59847064	6000000172897437709
Q5984721	6000000077329897284
Q59847503	6000000019508059180
Q59847616	6000000026579270987
Q59849661	6000000016974073647
Q59850003	6000000178600889852
Q59850206	6000000122747020879
Q59850384	6000000183262976842
Q598506	6000000033585956908
Q59850693	6000000006590048985
Q5985082	6000000043799697834
Q59850964	6000000172823199308
Q59851133	6000000172718075192
Q59851511	6000000076378884978
Q59852022	6000000141005066954
Q5985212	6000000006420073810
Q5985281	6000000019922343548
Q5985285	6000000022807244641
Q5985294	6000000023025721083
Q5985428	6000000024889972341
Q5985502	6000000015345341065
Q5985507	6000000002577166831
Q5985512	6000000000698914992
Q5985525	6000000018228242459
Q5985662	6000000035092131896
Q5985706	6000000019642377240
Q5985831	6000000005617970822
Q5985895	6000000006493850719
Q5986008	6000000001588477880
Q5986021	6000000002239058718
Q59861234	6000000021451140892
Q5986762	6000000007872898881
Q5986806	6000000018914120890
Q598681	6000000180905990968
Q598692	6000000135020898387
Q598702	6000000112836010821
Q5987043	6000000196588035843
Q5987082	6000000040509697851
Q5987114	6000000008541834088
Q5987149	6000000051002042830
Q598716	6000000013639863096
Q59871705	6000000012333283868
Q5987173	6000000010725544942
Q59872	6000000008417428291
Q598737	6000000015062403689
Q59875890	6000000049125718084
Q59875990	6000000016622233275
Q5987624	6000000013973028789
Q598781	6000000009104430240
Q5987840	6000000027310858258
Q598786	6000000095082169134
Q5987996	6000000068222323942
Q5988137	6000000001878554839
Q5988138	6000000049330317111
Q5988279	6000000018019059263
Q59885	329312631660007410
Q5988733	6000000041932902454
Q598880	6000000029176136971
Q5988896	6000000182931617880
Q598897	6000000148025274850
Q598919	6000000116273794824
Q5989211	6000000016203048365
Q598939	6000000013320187566
Q598954	4755400349480063184
Q5989675	6000000006595611563
Q5989679	6000000022766348309
Q5989710	6000000076971464703
Q5989821	6000000021565741281
Q5989826	6000000075213363909
Q5989890	6000000010268099114
Q5989930	6000000000872218113
Q5989936	6000000090604502025
Q5989939	6000000012001603950
Q5990002	6000000017999522499
Q5990020	6000000006357529624
Q5990103	6000000171019089951
Q5990391	6000000028499075246
Q59904	6000000008417407251
Q59904105	6000000121966607853
Q599050	6000000012631203349
Q59905334	6000000077784492847
Q5990557	6000000027421705432
Q59905780	6000000089930587205
Q5990754	6000000011435661420
Q5990889	6000000015794861451
Q5990895	6000000008981849477
Q59909	6000000012417782051
Q5990904	6000000007452984264
Q5991033	6000000007113345229
Q59911969	6000000019541875715
Q5991214	4229769404290045881
Q5991219	6000000018365096202
Q5991250	6000000018604574469
Q5991331	6000000010676472203
Q5991376	6000000001753130679
Q59914364	6000000145055240973
Q59915910	6000000000446756651
Q59916009	6000000174789054908
Q59916304	6000000172423643228
Q599174	6000000015363601853
Q5991781	6000000003004567437
Q59917890	6000000021713465844
Q59917953	6000000057322452978
Q59918213	6000000140063299114
Q59918367	6000000009127830158
Q599187	6000000166670323959
Q59919196	6000000007445726342
Q59919198	6000000218979521831
Q59919234	6000000044299434606
Q5991930	6000000022771274894
Q5991938	6000000022770932769
Q59919397	6000000035593664861
Q599197	6000000019149261573
Q59919906	6000000054943260870
Q59919986	6000000013332892266
Q5992003	6000000011995761714
Q59920087	6000000013332888338
Q59921410	6000000013469281857
Q59921455	6000000013469606050
Q5992173	6000000176148359822
Q5992199	6000000032261097510
Q5992208	6000000007386520211
Q5992225	6000000012935416268
Q599226	6000000151345912889
Q5992260	6000000009217243940
Q5992284	297813251140001767
Q5992293	297811385340002559
Q5992302	4748507084810063145
Q599235	6000000006920551429
Q5992353	6000000032618717144
Q5992377	6000000017350976352
Q599238	6000000145234016878
Q5992403	6000000008630912026
Q5992465	6000000016001356117
Q59924759	6000000010440757306
Q5992481	4172880647240048804
Q5992485	6000000004881168369
Q599255	6000000021734406407
Q5992584	6000000001209369072
Q5992587	6000000000262168741
Q59925971	6000000017895621635
Q59926013	6000000042320768551
Q59926482	6000000033783467737
Q59926878	357041460690005906
Q59926899	6000000034540999819
Q5992715	6000000080244259830
Q5992732	6000000060751410860
Q599274	6000000176695350847
Q5992747	6000000027341167701
Q5992755	6000000008520734191
Q5992823	6000000012608545517
Q5992854	6000000013366109279
Q5992860	6000000021513437837
Q5992865	6000000015713994646
Q5992879	6000000015997566864
Q59928912	6000000015104963564
Q59928923	6000000080559525289
Q5992959	6000000013019067731
Q5992986	6000000002985599744
Q5993052	6000000013254792989
Q5993071	6000000016568211024
Q5993091	6000000002017165881
Q5993195	6000000038199510236
Q5993204	6000000014160494604
Q599324	6000000019460651619
Q599329	6000000013157119257
Q5993313	6000000019091504127
Q5993379	6000000011662634876
Q5993422	6000000029542569914
Q5993427	6000000175788610827
Q5993435	6000000000319843815
Q5993463	6000000022783132130
Q5993591	6000000033076830062
Q5993603	6000000088226766118
Q5993615	6000000012593206803
Q599362	6000000046564609821
Q5993667	6000000002334448696
Q599372	6000000179196872854
Q5993740	6000000035585134893
Q5993745	6000000051140921957
Q5993796	6000000010041448559
Q5993841	6000000002304145529
Q59939150	6000000033784024468
Q5993937	6000000028850562856
Q5993939	6000000008688788624
Q5993956	6000000031871366212
Q5994011	6000000011451527365
Q59940766	6000000001504293245
Q5994171	6000000022640628107
Q5994179	6000000109274125911
Q5994219	6000000081719425777
Q59943267	6000000001299693584
Q5994331	6000000013082650866
Q5994339	6000000016593987197
Q5994360	5382767397200042148
Q5994435	6000000050699604132
Q5994466	6000000008851076152
Q59945	6000000071416285411
Q5994542	6000000185161867347
Q5994553	6000000006583367418
Q5994558	6000000024239239003
Q5994689	6000000030109069092
Q59947827	6000000125032330859
Q5994786	6000000008456589249
Q5994806	6000000181067175822
Q59948489	6000000177561566870
Q59948717	6000000177563369822
Q5994972	6000000002207866576
Q59952633	6000000014898968273
Q5995276	6000000006600856124
Q599528	6000000016108646559
Q59953550	6000000014898567845
Q5995440	6000000006934783432
Q5995468	6000000100339324854
Q59955495	6000000019629887144
Q5995586	6000000100315343315
Q5995634	6000000118287075823
Q5995673	6000000180074864822
Q5995733	6000000166780964852
Q5995747	6000000011049084231
Q59960394	6000000106969177100
Q59960627	6000000002997305877
Q59960653	6000000026998725093
Q59961129	6000000062100803945
Q5996116	6000000017154937558
Q5996122	6000000002797442067
Q599621	6000000026588929127
Q599625	6000000008279593307
Q5996273	6000000027595869041
Q599629	6000000095873723968
Q5996347	6000000122507671406
Q599637	6000000082614393871
Q599651	6000000079249770174
Q5996565	6000000079359988203
Q599657	6000000196123142840
Q5996571	6000000020390010925
Q5996578	6000000024129941710
Q59966	6000000040855555835
Q599666	6000000084001783453
Q599670	6000000143173776947
Q599676	6000000102164915315
Q5996817	6000000022794486096
Q5996839	6000000007098024456
Q5996847	6000000020675659936
Q5996866	6000000178175372859
Q5996870	6000000008424721882
Q5996873	6000000029987577899
Q5996879	6000000039575629023
Q5996948	6000000022795743046
Q5996964	6000000002824620570
Q5997182	6000000033165925668
Q5997196	6000000015179194024
Q59972049	6000000008514829864
Q5997234	6000000004847156998
Q5997251	6000000017503159507
Q5997261	6000000001169154189
Q5997275	6000000007661694263
Q5997295	6000000003630059710
Q5997301	6000000018547049368
Q5997309	6000000018546837767
Q5997323	6000000140996410835
Q5997334	6000000085016856860
Q5997355	6000000006822813752
Q59973561	6000000181698704834
Q59973790	6000000104702957954
Q5997423	5032133068700123541
Q59974662	6000000018466780879
Q5997471	6000000012422440279
Q59975056	6000000177375551849
Q5997521	6000000002676073153
Q599757	6000000025361500368
Q5997574	6000000180199382845
Q5997607	6000000002032179406
Q5997628	6000000050368614846
Q5997630	6000000013204241783
Q5997815	6000000035078431852
Q5997895	6000000182997040982
Q5997899	6000000032346343168
Q5997918	6000000055247031893
Q5997953	6000000001726467193
Q599824	6000000014704658444
Q599825	6000000150911049905
Q599831	6000000156171993849
Q5998347	6000000002904639324
Q599839	6000000173816613285
Q5998445	6000000000378893019
Q5998528	6000000021663077210
Q5998567	6000000007216833807
Q5998653	6000000004011424486
Q5998690	6000000082706948840
Q599878	6000000026259710130
Q5998782	6000000018051710191
Q5999023	6000000022806991996
Q5999086	6000000022806693951
Q5999094	6000000042130607903
Q599916	6000000001430768239
Q599938	6000000014809152015
Q5999542	6000000022806719528
Q5999710	6000000031276195151
Q5999756	6000000153263105823
Q5999833	6000000024931238247
Q5999840	6000000058422019094
Q59998869	6000000004556796173
Q5999891	6000000067380835957
Q5999961	6000000006624115085
Q59999732	6000000051484539135
Q6000023	6000000004189426402
Q600005	6000000042218659496
Q6000088	6000000003036073169
Q6000246	6000000104972506057
Q600025	6000000112222294883
Q6000258	6000000011013564361
Q60004669	6000000002562434069
Q6000772	6000000007392944506
Q6000837	6000000011023734486
Q6000859	6000000016346311968
Q600092	6000000027188622664
Q6000923	6000000026381760378
Q600097	6000000162035599341
Q6001018	6000000018277833110
Q6001036	6000000018605222981
Q6001101	6000000085194912910
Q6001218	6000000011023063993
Q6001226	6000000036953452304
Q6001242	5002236901230044767
Q6001354	6000000022820872013
Q6001408	6000000076937829003
Q6001475	6000000001884766502
Q6001491	6000000006198063411
Q6001499	6000000002146525622
Q6001508	6000000002658565305
Q6001538	6000000012922828306
Q6001555	6000000006127542348
Q6001563	6000000006127542060
Q6001571	6000000013137173240
Q6001576	6000000002146667140
Q6001589	6000000011399399424
Q6001596	6000000011171277491
Q6001602	6000000007708809858
Q6001608	6000000006127550611
Q6001619	6000000010327065341
Q6001687	6000000040898531327
Q6001694	6000000006127542713
Q6001713	6000000215258693843
Q6001723	6000000022526667110
Q6001731	6000000022832885000
Q6001756	6000000033695035980
Q6001782	6000000056433271941
Q6001924	6000000006843663098
Q6001981	6000000036551728827
Q60020641	6000000039839934188
Q6002150	6000000028046764339
Q60022267	6000000063023295218
Q60022361	6000000073046484457
Q600233	6000000041088337062
Q60023578	6000000002997291840
Q60023989	6000000039151028469
Q60024	6000000000347786958
Q60024327	6000000012271213851
Q60024496	6000000027360848124
Q60025	6000000002765671773
Q6002552	6000000016456786401
Q60025893	6000000003549162664
Q6002636	6000000000352129874
Q60026489	6000000022247995984
Q6002679	6000000002830621816
Q600273	6000000054084032843
Q6002730	6000000027341432952
Q6002733	6000000000413828099
Q60027768	6000000077246816843
Q60028	6000000027702338493
Q6002801	6000000018071120994
Q6002891	6000000025830888233
Q60029	6000000010744368879
Q60029100	6000000076831321836
Q6002912	6000000030853776916
Q6002914	6000000075880581905
Q60029185	6000000003583752450
Q60029195	6000000060129104936
Q60029199	6000000054703707099
Q60029203	6000000025028583272
Q60029237	6000000014496041657
Q60029430	6000000091017602844
Q60029501	6000000174098388913
Q60030	6000000026507730631
Q60030471	6000000034741354301
Q600308	6000000125320300847
Q6003086	6000000006788260575
Q60031	6000000015264061931
Q6003114	6000000036865129763
Q6003187	6000000166893108927
Q6003189	6000000011024976715
Q60032074	6000000039835233408
Q600324	6000000018977791187
Q60032492	6000000078059563686
Q6003387	6000000025542406188
Q6003410	6000000022525200846
Q6003424	6000000018474234095
Q6003431	6000000047269468063
Q60034553	6000000015167174703
Q60034717	6000000025943141286
Q60034742	6000000017740650691
Q6003479	6000000008330802407
Q6003493	6000000014437495623
Q6003500	6000000022862425397
Q6003563	6000000035731311336
Q60035672	6000000021212496912
Q60035683	6000000157016587822
Q6003616	6000000022863743855
Q6003629	6000000022863177734
Q60036413	6000000056414891892
Q60036432	6000000031081178430
Q60036446	6000000126011315855
Q6003652	6000000026248048837
Q60036536	6000000007270502318
Q6003672	6000000022863643889
Q60037523	6000000009130363639
Q6003761	6000000005295508001
Q60038323	5529236858320049568
Q6003836	6000000030729354749
Q60038421	6000000134101156835
Q60038477	5225380316990026892
Q60038495	6000000000169570815
Q60038625	6000000076953971540
Q60038918	6000000120526946872
Q6003896	6000000018088808942
Q60039	6000000002239047528
Q600390	6000000014566245232
Q60039107	6000000009200558851
Q60039161	6000000011645065833
Q600393	6000000040616183297
Q60040406	6000000104575156273
Q60040412	6000000085488561135
Q60040431	6000000107785932875
Q60040437	6000000002688025643
Q60040445	6000000011175502513
Q6004118	6000000029572819709
Q6004142	6000000002182538206
Q600415	6000000003627716892
Q60041769	6000000008114341545
Q6004184	6000000038124157416
Q60042001	6000000029941811016
Q6004225	6000000016783269424
Q60043077	6000000018109886177
Q6004413	6000000122543611897
Q60045	6000000037107894133
Q60046014	6000000076934989959
Q6004635	6000000013581854210
Q60046752	6000000024526481316
Q6004684	6000000000029733133
Q6004692	6000000036964201888
Q6004700	6000000022548242743
Q6004708	6000000022548242748
Q6004714	4103371
Q6004721	6000000022548242753
Q60047626	6000000019593484576
Q600478	6000000018068732570
Q60048097	6000000080620700865
Q60048169	6000000080620793821
Q60048330	6000000008369918150
Q6004854	6000000002096689475
Q60048648	6000000043387266548
Q60048693	6000000086635538480
Q6004876	6000000026694515208
Q60048942	6000000005087736432
Q6004931	6000000008782548490
Q60049331	6000000078730805959
Q6004987	6000000033608189217
Q60050639	6000000171873528983
Q60050668	6000000020698411267
Q60050808	6000000087131870890
Q60050888	6000000076895068534
Q6005106	6000000003213572820
Q600511	6000000029069105626
Q60051964	6000000003618362731
Q60052	6000000015414161212
Q600526	6000000002809132087
Q6005311	6000000007899980881
Q60053146	6000000096229913120
Q6005325	6000000003024152787
Q6005334	6000000000617325772
Q6005343	6000000000533847939
Q60053724	6000000114585447927
Q60054121	6000000001504666665
Q6005455	6000000025002029670
Q6005477	6000000017560351567
Q6005619	6000000016203542486
Q600589	6000000018209656745
Q6005908	4767587
Q6005910	6000000024116117354
Q6005925	6000000022905306494
Q6005947	6000000143232756879
Q60060	6000000016428024539
Q6006028	6000000022695892180
Q6006035	6000000022905824808
Q60061634	6000000011757054435
Q6006165	6000000002297199978
Q60061776	6000000065485389275
Q60062037	6000000025914830567
Q6006222	6000000139904773072
Q6006225	6000000007416307004
Q60062748	6000000180807495893
Q6006297	6000000000617322959
Q600632	6000000044282184236
Q60063391	6000000103836564123
Q600636	6000000003985022856
Q60063608	6000000052258325933
Q60063675	6000000052259021922
Q6006510	6000000102763022892
Q60065312	6000000078886849943
Q60065415	6000000078887006857
Q60065784	6000000115136619731
Q60066	6000000014301210340
Q6006650	6000000046205564711
Q6006807	6000000009797496288
Q60070	6000000010361650538
Q6007000	6000000007321652761
Q6007008	6000000007321348998
Q6007018	6000000044466478160
Q600710	6000000027172907277
Q6007339	6000000013035820124
Q6007346	6000000019752427015
Q6007355	6000000009302748384
Q6007368	6000000019182238725
Q6007384	6000000003400137006
Q60074	6000000003936235481
Q6007434	6000000031850848284
Q6007668	6000000006373057079
Q6007698	6000000012913787639
Q60078356	6000000025526113446
Q60078591	6000000147825669970
Q60080	6000000006267790186
Q60082085	6000000029685805445
Q60082530	6000000024310058267
Q60082641	6000000019373429422
Q60082641	6000000042065501003
Q60083321	6000000070487472848
Q6008360	6000000009153882334
Q60084	6000000190729852823
Q6008486	6000000002529261258
Q6008605	6000000004189624198
Q60087	6000000045487902898
Q600875	6000000006740630127
Q6008846	6000000006758828088
Q600886	6000000009151953855
Q6008903	6000000035603802484
Q60091	6000000165351596884
Q60091786	6000000007950093288
Q60091944	6000000174546241896
Q60093	6000000039332305997
Q6009382	5262358226900022186
Q6009403	6000000054472665916
Q6009427	6000000019826521430
Q6009437	6000000019337552378
Q60095	6000000050406775849
Q6009516	1426349
Q6009680	6000000002531706047
Q60097086	6000000125036225924
Q60098384	6000000001854898259
Q6009843	6000000024308099530
Q6009858	6000000022969177821
Q60098722	6000000077113103474
Q60099625	6000000077112620688
Q6009977	6000000073898470821
Q600998	6000000007276948330
Q60099822	6000000077113890189
Q6010168	6000000177071821849
Q601021	6000000182783831864
Q6010265	6000000087200516115
Q601032	6000000096497667823
Q60104	6000000106278488912
Q60104208	6000000124278342937
Q6010532	6000000019685309526
Q60105345	6000000106161862828
Q6010640	4973535056800077522
Q6010769	6000000011909368578
Q60107781	6000000025647680225
Q60108	6000000040334530193
Q6010811	6000000001121772162
Q6010921	6000000010903506161
Q6010925	6000000152514318939
Q60109288	6000000030279694040
Q60113	6000000016020504673
Q601133	6000000039997896769
Q6011338	6000000009560378534
Q6011359	6000000001247634210
Q601136	6000000002187894144
Q60114	6000000093210740943
Q601146	6000000009828880352
Q601170	6000000014124585051
Q6011705	5262367784170072670
Q6011722	6000000016812814566
Q601187	6000000010450112044
Q601197	6000000180227010835
Q601202	6000000000440219615
Q601205	6000000145002616853
Q601209	6000000156885528826
Q6012266	4225060
Q6012308	6000000011809778685
Q6012367	6000000179754285833
Q6012552	6000000007216959634
Q60126	6000000045486688897
Q6012641	6000000035483710139
Q6012679	6000000007980478779
Q6012692	6000000003480975818
Q60127	6000000000628853162
Q6012711	6000000002658096248
Q6012727	6000000018569855985
Q6012762	6000000023167603563
Q6012769	6000000082889678937
Q6012774	6000000023167569433
Q60128	6000000037311976371
Q601307	6000000059314872840
Q6013122	6000000019911754831
Q6013162	6000000002111803228
Q60132	6000000016304217522
Q6013263	6000000049703974966
Q6013313	6000000010303516837
Q60133921	6000000096670828834
Q601353	6000000127068665031
Q601356	6000000178163365824
Q601358	6000000168922028245
Q6013610	6000000023172332868
Q6013617	6000000023172073920
Q6013732	6000000176900311838
Q601374	6000000006101404783
Q60139	6000000006444307222
Q6013913	6000000023173876947
Q6013963	6000000013925130298
Q6014069	6000000076910940797
Q6014186	6000000011445870219
Q6014228	6000000015260800783
Q601425	6000000071447154935
Q60142955	6000000199101406826
Q6014376	6000000077663723833
Q601439	6000000158163201834
Q6014425	6000000007897057441
Q6014434	6000000010310604246
Q6014469	6000000037592043791
Q6014503	6000000051713125921
Q6014507	6000000000639827843
Q6014532	6000000134931169150
Q6014555	6000000012182065384
Q60145584	6000000002997267387
Q60145637	6000000175278436951
Q60145669	6000000036280612502
Q6014571	6000000006411831769
Q6014578	6000000012993394775
Q6014586	6000000009726292212
Q6014589	6000000015026776331
Q60145986	6000000112123845850
Q6014602	6000000013344638000
Q6014618	4198641
Q6014635	4198655
Q6014673	6000000028068795209
Q6014686	6000000011219345259
Q60146919	6000000007259876243
Q6014702	6000000001609356764
Q6014725	6000000000759461983
Q60147302	6000000014156896589
Q60147504	6000000067863244415
Q6014755	6000000004535971799
Q60147568	6000000042790057266
Q6014779	6000000001609127338
Q601478	6000000030549817683
Q6014794	6000000036039373911
Q6014809	6000000023089357540
Q6014810	6000000024539675996
Q6014834	6000000039878954983
Q6014848	6000000022129592081
Q6014849	6000000011660806811
Q60148542	1725916
Q60148752	6000000017809329929
Q6014885	6000000007660749589
Q6014887	6000000039358028838
Q6014893	6000000003335313431
Q6014898	6000000004565326126
Q6014934	6000000004579437428
Q601495	6000000069595104221
Q60149565	6000000020531894815
Q60150075	6000000020531831034
Q60150112	6000000023941814462
Q60150135	6000000023935484077
Q60150197	6000000023935339763
Q601506	6000000155890129837
Q6015103	6000000181338634822
Q60151686	6000000078503371821
Q6015169	6000000024306899537
Q6015181	6000000012736122012
Q60151835	6000000019798353464
Q60152020	6000000031633345809
Q60152053	6000000188750546824
Q6015215	6000000005618773017
Q6015240	6000000180308985856
Q60152734	6000000002997389308
Q60153	6000000033279680179
Q6015309	6000000010896779501
Q6015315	6000000015831877148
Q6015351	6000000036490408882
Q60153939	6000000078797227868
Q6015400	6000000036906044090
Q60154379	6000000060129086948
Q60154413	6000000077113433407
Q6015443	6000000013095438851
Q60154450	6000000077113462549
Q6015453	6000000077015726465
Q60154679	6000000028792416873
Q6015571	6000000013068779413
Q6015629	6000000007328071854
Q6015637	6000000038455794551
Q6015644	6000000007327859666
Q6015747	5346882743570026907
Q6015786	6000000008673232305
Q601579	6000000034188001957
Q60158340	6000000031551660934
Q6015904	6000000147672394931
Q6015926	6000000003205511703
Q6015969	6000000041278188105
Q6015981	6000000024306664332
Q6016038	6000000029465910675
Q6016044	6000000024713381852
Q601609	6000000145759497333
Q6016133	6000000020341708745
Q601617	6000000026467525359
Q60161891	6000000085351623603
Q60161902	6000000024281388914
Q60162118	6000000003865837823
Q6016229	6000000021233564052
Q601625	6000000077946611169
Q6016275	6000000000767460512
Q6016298	6000000024306901356
Q60163	6000000025330946270
Q6016392	6000000024318229696
Q601640	6000000013659741732
Q6016417	6000000039904075205
Q6016452	6000000026290337596
Q6016606	6000000183578983900
Q601663	6000000021620535433
Q60166990	6000000020783288619
Q60167182	6000000020776912512
Q6016795	6000000022291793927
Q6016802	6000000019751156913
Q60168198	6000000024806048873
Q60168284	6000000012687156451
Q601683	6000000011286923902
Q6016831	6000000017960673394
Q60168319	6000000019347651546
Q6016846	6000000022471094552
Q601686	6000000021548267594
Q60168964	6000000131333514865
Q60168981	6000000079629578039
Q60169030	6000000041734202307
Q60169185	6000000007570524818
Q60169246	6000000083562159838
Q60169345	6000000008428095250
Q60169369	6000000120283810890
Q60169466	6000000012310673595
Q601696	6000000002393391528
Q60169655	6000000035933950032
Q6016968	6000000003418684587
Q60169711	6000000035933690119
Q60169717	6000000065120711871
Q60169740	6000000001608036752
Q60169744	6000000100932765921
Q60169750	6000000031283422906
Q6016976	6000000001874313140
Q60169786	6000000168667408330
Q6016984	6000000003418414995
Q6017073	6000000017786848467
Q60172398	6000000012440424009
Q60173097	6000000013601216353
Q60173333	6000000012610307907
Q6017386	6000000025998368532
Q601749	6000000135772768839
Q601751	6000000008852507506
Q6017519	6000000177041010823
Q60175455	6000000043836718466
Q6017554	6000000000400913988
Q60175964	6000000029323800933
Q6017601	6000000108290005901
Q6017606	6000000022365159289
Q60176186	6000000019347693370
Q60176326	6000000016166471975
Q6017639	6000000024402992435
Q60176499	6000000121924249886
Q6017719	6000000023738614183
Q60177401	6000000070684487050
Q601778	6000000151134860851
Q60178364	6000000023940083983
Q6017855	6000000006727930302
Q6017961	6000000004868937763
Q60180082	6000000078872463065
Q60180112	6000000125234094892
Q601805	6000000184094378833
Q60181278	6000000079142667939
Q60181345	6000000037950872713
Q60181348	6000000037520222141
Q6018174	6000000024410693271
Q60182	6000000181918551859
Q601820	6000000023738521102
Q60182029	6000000009200587197
Q60182051	6000000012013334872
Q60182142	6000000019934091310
Q6018296	6000000027562045349
Q60184021	6000000025295904401
Q60184763	6000000013522110808
Q6018486	6000000056263865238
Q60185	6000000002764431358
Q60185384	6000000005438503628
Q6018615	6000000003237806052
Q60186225	6000000018337631034
Q601865	6000000174116094992
Q60186766	6000000011048235000
Q601879	6000000019833011413
Q60189093	6000000021476445092
Q60189168	6000000025594980364
Q60189220	6000000014763179976
Q60189882	6000000014744353640
Q6019056	6000000009469478102
Q601909	6000000041219485913
Q60191716	6000000014733170806
Q60191806	6000000042514974693
Q601921	6000000014156276843
Q6019281	6000000024430032371
Q6019286	6000000055259741262
Q60192891	6000000028524554953
Q6019293	6000000002743395643
Q6019298	6000000002089699350
Q601931	6000000069637414895
Q6019315	6000000034766493682
Q6019322	6000000013348961689
Q60193462	6000000064669943955
Q60193496	6000000032816644913
Q60193502	6000000033079236166
Q60193508	6000000033078990714
Q6019351	6000000002089525838
Q6019373	6000000000065819710
Q60193774	6000000030015998652
Q60193789	6000000030959580051
Q60194020	6000000174465177006
Q60194027	6000000174465491880
Q60194042	6000000077305268539
Q60194048	6000000062302032865
Q60194066	6000000099000556853
Q60194077	6000000111814434133
Q6019416	6000000012599519408
Q60194196	6000000079265182907
Q60194302	6000000053812414868
Q60194797	6000000053441078036
Q60194809	6000000002188542999
Q6019506	6000000088104469907
Q60196580	6000000018314086583
Q60196637	6000000001901786615
Q60196727	6000000077916233165
Q60196937	6000000079613771843
Q601971	6000000021845861248
Q60197154	6000000121826841298
Q60197347	6000000086851618858
Q60197375	6000000066233167826
Q601975	6000000012555304085
Q60197944	6000000000411567355
Q60197960	6000000004592936053
Q60197986	6000000002801914345
Q60197991	6000000057956142138
Q60198028	6000000086384355981
Q60198198	6000000025359703060
Q60198253	6000000000430658237
Q6019871	6000000006579083674
Q6019878	6000000007218214466
Q60199	6000000001208870916
Q6019973	6000000009228794114
Q6020065	6000000000750234452
Q6020133	6000000175611769866
Q60202203	6000000008633312462
Q6020223	6000000030424065871
Q60202370	6000000017708911951
Q602040	6000000156193104852
Q6020421	6000000017183365001
Q6020503	6000000008173907687
Q6020524	6000000051801420886
Q6020574	6000000182075617826
Q60205875	6000000000076308868
Q6020597	6000000173998783822
Q60206	6000000010553596716
Q6020612	6000000179950681905
Q6020649	6000000011390409928
Q6020654	6000000014233418877
Q6020685	6000000142689329266
Q6020704	6000000036875870455
Q6020708	6000000176998641911
Q6020726	6000000019748950386
Q6020735	6000000175100008968
Q6020747	6000000089724355872
Q6020796	6000000011515598065
Q60208	6000000022878190002
Q6020993	6000000016717950198
Q60210478	6000000006987333250
Q60211	4215402871660053888
Q60212757	6000000008721541711
Q60213121	6000000022396292426
Q60213383	6000000083593255094
Q60213404	6000000009773037905
Q60214057	6000000025542867507
Q60214187	6000000025543436138
Q602160	6000000178292533915
Q6021677	6000000098344375461
Q60217	6000000014745136586
Q60217901	6000000022530328843
Q60218134	6000000144665326990
Q60218146	6000000150997338833
Q60218247	6000000145844341832
Q602183	6000000151446584995
Q60218656	6000000178170287860
Q602195	6000000032955860831
Q60220141	6000000003493646949
Q60220241	6000000082587242944
Q60220286	6000000169457535821
Q60220299	6000000032821942843
Q60220311	6000000083379782186
Q60220324	6000000064732147821
Q60220739	6000000034113161423
Q60221286	6000000002274463367
Q6022167	6000000007980422616
Q602218	6000000017681795450
Q6022212	6000000033928247901
Q60222244	6000000014198795974
Q6022236	6000000019275837799
Q6022244	6000000025094455153
Q6022267	6000000021807878159
Q6022275	6000000019275798407
Q6022280	6000000034694748489
Q602234	6000000057993175043
Q6022397	6000000010433203729
Q6022412	6000000010433413060
Q6022419	6000000010433510558
Q6022436	6000000007343388155
Q6022442	6000000016712793103
Q6022503	6000000168184798922
Q6022536	6000000018833795381
Q6022557	6000000003504076067
Q602260	6000000010123360754
Q6022711	6000000035884241816
Q60227614	6000000016697075027
Q60227922	6000000055584098821
Q6022797	6000000012873025357
Q60228211	6000000018056950472
Q60229	6000000136520080112
Q602294	6000000026311965576
Q60231902	6000000002997407023
Q60231939	6000000180063114843
Q60232	6000000000707629259
Q60232630	6000000115296495896
Q60232678	6000000179197807876
Q60232745	6000000179199221835
Q60232804	6000000069151250824
Q602329	6000000096824894979
Q60233041	6000000139383306943
Q6023321	6000000057948220854
Q60233297	6000000018698397852
Q60233559	6000000148738891899
Q60233689	6000000041801461341
Q60233748	6000000030831716941
Q60233770	6000000030831543245
Q602343	6000000157606212895
Q60234726	6000000000572224696
Q60234766	6000000010012410365
Q60235474	6000000180105192821
Q60235892	6000000013796968799
Q60236	6000000063175569020
Q6023620	6000000007740225166
Q60236396	6000000005104098225
Q60237663	6000000077889294870
Q60238078	6000000001387223183
Q60238320	6000000006629841006
Q60238630	6000000014814047463
Q60239	6000000002951578543
Q60239340	6000000005402709865
Q60239722	6000000128524313821
Q60240268	6000000030507520706
Q60240471	6000000200325379843
Q60240482	6000000116917310836
Q60240511	6000000017015478804
Q60240529	6000000118603591868
Q60240849	6000000113064431850
Q60241219	6000000017704719239
Q602420	6000000006917412241
Q60242155	6000000000356184431
Q60242557	6000000026494284978
Q60242858	6000000011876600987
Q60242920	6000000026213893754
Q60243025	6000000020599512861
Q60243036	6000000026760642022
Q60243835	6000000074840388988
Q60244262	6000000017259730874
Q60244303	6000000019456829185
Q60244413	294096128260006419
Q60244700	6000000022437036689
Q6024512	6000000030233798163
Q6024519	1547894
Q6024609	6000000032874566822
Q6024618	6000000185285320861
Q6024628	6000000011182004937
Q6024638	6000000012691536241
Q60247699	6000000007240394641
Q602486	6000000182861130822
Q6024862	6000000177100696823
Q60248807	6000000014804090847
Q6024976	6000000006411165541
Q6024997	6000000006127564896
Q60250	6000000026427592484
Q6025019	6000000181924835942
Q60252004	6000000031280464593
Q60252045	6000000025782747137
Q6025226	6000000056158379267
Q602525	6000000184269385829
Q60253893	6000000035374665954
Q60254101	6000000026122796424
Q602552	6000000017374063363
Q60255807	6000000017236766912
Q60256928	6000000031916965322
Q60257303	6000000017673258683
Q6025791	6000000054749499977
Q6025853	6000000064357281940
Q60259	6000000004095854442
Q6025923	6000000019270369698
Q602597	6000000046380315014
Q60260574	6000000017332472365
Q60260610	6000000017332720675
Q6026090	6000000000728569269
Q6026145	6000000012889342980
Q60261625	6000000009794446688
Q60262	311781946620004636
Q602624	6000000001370999758
Q60263	6000000012358149387
Q60263126	6000000029845998787
Q60265791	6000000019415554708
Q6026646	6000000176995441831
Q60266995	6000000018455406918
Q6026704	6000000015820716030
Q602672	6000000026118038394
Q60267743	6000000025509994098
Q602679	6000000021792934746
Q6026862	6000000036086209027
Q60268998	6000000029158933067
Q60271	6000000025502294267
Q6027107	6000000015994988009
Q6027253	6000000019325401372
Q60272951	6000000021010211234
Q6027369	6000000006845525889
Q60274517	6000000115687158834
Q60276132	6000000173247978968
Q602794	6000000060770287607
Q6027985	6000000005063840113
Q602802	6000000145032735839
Q6028190	6000000011359529693
Q6028226	6000000041854946666
Q60282292	6000000001421018682
Q6028250	6000000047751665959
Q60282565	6000000034028332611
Q6028280	6000000012651234262
Q60283898	6000000009575413177
Q602842	6000000141084678013
Q60284495	6000000009574066129
Q6028507	308382840140004357
Q60286	6000000000677840693
Q60286162	6000000009574887142
Q60287	6000000022553850705
Q602872	5581231031840039814
Q6028735	6000000067481427822
Q6028973	6000000019441066578
Q60291103	6000000041263435979
Q602919	6000000002624016039
Q60292	6000000003232545426
Q6029291	6000000002188674030
Q6029352	6000000010752982344
Q602946	6000000028438120906
Q60295	6000000007329564752
Q602954	6000000023525734944
Q6029546	6000000037813478315
Q60297873	6000000018203797070
Q60298353	6000000022215008979
Q6029917	6000000008015742557
Q6029932	6000000177082219824
Q6030002	6000000017465429197
Q60300239	6000000038474812430
Q6030063	6000000179394962852
Q60302	6000000091708644403
Q6030374	6000000019419781669
Q6030401	6000000019764393109
Q6030454	6000000180407618865
Q60306	6000000019452523725
Q6030694	6000000001427924064
Q6030700	6000000001429391938
Q6030815	6000000000284757427
Q6030823	6000000001009513798
Q6030836	6000000008294934238
Q6030845	6000000006128310419
Q6030853	6000000008354668409
Q603089	6000000136294244371
Q6030891	6000000030731630391
Q6030927	6000000178610318884
Q60309656	6000000015956160492
Q603105	6000000167242466088
Q60310505	6000000048400826842
Q603107	6000000009650508045
Q603114	6000000016555059501
Q60312421	6000000032394237267
Q60312481	6000000009885695088
Q60312511	6000000012597868412
Q6031268	6000000019255265073
Q603127	6000000002800904072
Q60312789	6000000090839905965
Q60312807	6000000016363577180
Q60312816	6000000001626143605
Q6031295	6000000177072963853
Q60314665	6000000023924415998
Q60315788	6000000042893190195
Q6031609	6000000007833044997
Q60316412	6000000008196659953
Q60317	6000000012358170707
Q6031735	6000000012755281702
Q6031741	6000000007463625193
Q6031752	329660282540006121
Q6031754	6000000019156042385
Q6031761	6000000011087935205
Q6031780	6000000006127255886
Q60318	6000000218896679860
Q6031851	6000000013120033735
Q603193	6000000136334336125
Q6031942	6000000038453413938
Q60319652	6000000041739784908
Q6031968	6000000009576104137
Q6032024	6000000026434010051
Q6032030	6000000011704218058
Q6032058	6000000010926041566
Q60320654	6000000013620720031
Q6032092	6000000011518784682
Q60322370	6000000023177194050
Q60322544	6000000022192494768
Q60322606	6000000001035695403
Q6032302	6000000017717931353
Q6032357	6000000014891550375
Q60324378	6000000181840976826
Q6032521	6000000003645672529
Q6032525	6000000003820953045
Q6032550	6000000011389631111
Q603268	6000000079461507181
Q6032761	6000000003216112770
Q603277	6000000019832355900
Q6032794	6000000007658042030
Q6032844	6000000000111955919
Q6032906	6000000001312218634
Q60329327	4376314
Q6032964	6000000007978343975
Q6032969	6000000177075439822
Q60329943	6000000153726171821
Q60330166	6000000077663862835
Q60330360	6000000005572474619
Q60330763	6000000031713875146
Q6033083	6000000011024309779
Q6033091	6000000073718168032
Q6033099	6000000089374576862
Q6033160	6000000035203491187
Q603317	6000000075944849837
Q6033181	6000000001827628598
Q6033187	6000000015454117753
Q60332375	6000000017877993656
Q60332432	6000000036481265930
Q60332441	6000000032156688795
Q60332541	6000000178077835850
Q6033296	6000000007266360318
Q6033299	6000000048866705954
Q60333002	6000000020438678688
Q6033326	6000000007637124229
Q6033361	6000000055594180841
Q6033372	6000000002913516518
Q6033451	6000000006357497932
Q6033473	6000000043461520216
Q6033478	6000000030042526048
Q6033485	6000000086953987955
Q6033488	6000000003559288761
Q6033491	6000000019457719656
Q6033497	6000000041180487878
Q60335	6000000012786847345
Q6033501	6000000013371533191
Q6033502	6000000003158355338
Q6033510	6000000007132382208
Q6033511	6000000011786947457
Q603352	6000000004150911910
Q6033545	6000000001584389516
Q6033551	6000000039101967305
Q60335560	6000000002765163567
Q6033580	6000000003158064743
Q6033589	6000000001584179566
Q60335894	6000000059054636068
Q6033626	6000000024672515846
Q603365	6000000020866567619
Q60337453	6000000203651786837
Q60337705	6000000010451418177
Q6033813	6000000000053405925
Q6033831	6000000038979144995
Q6033837	6000000003142008481
Q6033888	6000000003975629001
Q603390	6000000134063953929
Q6034008	6000000011788508623
Q6034075	6000000012117929592
Q6034086	6000000009965662746
Q6034095	6000000012597142860
Q6034107	6000000001386220282
Q6034123	6000000019909807211
Q6034139	6000000001297298240
Q6034157	6000000008988776807
Q603418	6000000181932313854
Q6034190	6000000012968430656
Q6034242	6000000007287071887
Q6034250	6000000012934676342
Q60342760	6000000013464477822
Q60343009	6000000013464412870
Q603436	6000000005231669244
Q60345336	6000000028201997562
Q603467	6000000042712824731
Q60347	6000000000634878881
Q60348	6000000012427803734
Q6035119	6000000001091207481
Q6035208	6000000000961364860
Q6035667	6000000014430983199
Q6035700	6000000009937841222
Q6035804	6000000100808698312
Q60363	6000000028884367908
Q60364415	6000000024032850000
Q60364767	6000000006293848866
Q6036521	6000000054187690963
Q603677	6000000182783633825
Q603678	6000000195296531853
Q60368093	6000000017442365474
Q60368159	6000000049453902859
Q60369	6000000008238341675
Q60371	4308161423560044092
Q603714	6000000009659699654
Q6037184	385442063630003801
Q6037424	6000000014932440401
Q6037430	6000000177177581852
Q6037467	3946033575230042917
Q6037597	6000000011647550170
Q6037657	6000000024787662958
Q603782	6000000015764062279
Q60378882	6000000002619561515
Q60378890	6000000002766617628
Q6037892	6000000000179981976
Q60379106	6000000011331754255
Q60379115	6000000011331747334
Q60379130	6000000079607333976
Q60379175	6000000015250157462
Q60379233	6000000041073833915
Q60379254	6000000073366249879
Q60379281	6000000032720253342
Q60379297	6000000079607850852
Q60379400	6000000013565566365
Q6037963	6000000053455641911
Q60379702	6000000015810772279
Q60380	4107726
Q60380938	6000000008212115020
Q6038127	6000000017137616312
Q60382	6000000000307239773
Q603820	6000000000118555751
Q603840	6000000179208035832
Q60384261	6000000036180851795
Q6038552	343023881150012194
Q603858	6000000106156423031
Q60386	4104101
Q6038612	6000000084551567248
Q6038726	6000000063788845882
Q60387413	6000000017591270457
Q6038822	6000000022420902510
Q60388266	6000000015665058630
Q60388604	6000000015665025908
Q60389148	6000000015664834550
Q60389514	6000000050183168415
Q6038997	6000000177162226851
Q60390201	6000000022866386604
Q6039048	321247122060002318
Q60391236	6000000090053948973
Q60391559	6000000015262508721
Q60392	6000000018208886133
Q60392486	6000000059954260884
Q6039259	6000000008613710683
Q6039333	6000000034881484302
Q6039346	6000000031757544323
Q6039351	6000000010459435625
Q6039510	6000000009739192747
Q6039582	6000000003849784207
Q6039615	6000000024932507014
Q6039625	6000000019149339948
Q6039683	6000000000813630314
Q6039687	6000000003067198056
Q60397	6000000000601286937
Q603978	6000000000999008594
Q603989	6000000143759458870
Q604016	6000000012355766235
Q60402722	6000000003075801598
Q6040292	6000000014284046642
Q6040314	6000000023063017350
Q6040490	6000000003409230445
Q60406	6000000025501667071
Q60408119	6000000043591340934
Q6040826	6000000003243872041
Q60408439	6000000077782057842
Q60409024	6000000034115270844
Q6040914	6000000005101552988
Q6041098	6000000021780198792
Q6041146	4818933543910034991
Q6041149	6000000015041209790
Q60411560	6000000077633429621
Q60411600	6000000077633092685
Q60411926	6000000024359949133
Q604128	6000000025525844335
Q6041283	6000000006431377313
Q6041538	6000000177195396836
Q6041561	6000000003427597739
Q60416567	6000000024442444865
Q60417057	6000000000534690487
Q60417342	6000000054473000826
Q60417873	6000000026377948731
Q6041846	6000000020370911472
Q6041854	6000000020370708667
Q6041886	6000000022103258553
Q60420303	6000000057537037870
Q60420409	6000000002499178469
Q60420575	6000000002499134284
Q6042098	6000000003089558194
Q60421397	6000000038833010161
Q60421409	6000000093284646853
Q60421419	6000000081500135854
Q6042143	6000000176996419851
Q60421580	6000000190144787821
Q60422	6000000039483943300
Q6042208	6000000084482510460
Q6042240	6000000177026228047
Q604235	6000000021623042522
Q6042423	6000000015801482117
Q6042488	6000000019898337060
Q6042575	6000000013651825923
Q6042619	6000000022144716456
Q6042643	6000000052371069905
Q6042806	6000000091869985619
Q60428824	6000000120834364893
Q6042899	6000000015727031595
Q60429	6000000000012279621
Q60429090	6000000140017662823
Q6042924	6000000010188771883
Q6042936	381721945510012328
Q60429663	6000000017194323337
Q60429752	6000000009221869660
Q60430682	6000000116885873154
Q6043091	6000000000105093554
Q604315	6000000007378655790
Q6043167	6000000060430036821
Q604333	6000000088003748994
Q60433512	6000000035651914310
Q604344	6000000182783714823
Q6043688	6000000181215695838
Q60437311	6000000116584677874
Q60438	6000000002757284099
Q60438404	6000000059266943136
Q60438487	6000000124957744840
Q60438602	6000000015665436135
Q60438604	6000000041734088884
Q60438987	6000000008679167750
Q60439207	6000000030633849883
Q604396	6000000145234402848
Q60439761	6000000051518950908
Q60440188	6000000027104374079
Q60440339	6000000041733590093
Q60440523	6000000077197040475
Q6044063	6000000011002760366
Q60441181	6000000077779936860
Q60441191	6000000020652228711
Q6044154	6000000038488275332
Q604419	300340430900007929
Q60442133	6000000004868073160
Q60442426	6000000035362374108
Q604434	6000000018625938976
Q60444833	6000000019435852242
Q60444835	6000000136772783959
Q60444875	6000000070478165239
Q60444882	6000000136773227822
Q60444917	6000000141899339942
Q60445175	6000000083670035565
Q604457	6000000175547557839
Q6044572	6000000010801294232
Q60446	6000000191846174852
Q6044699	6000000018068021137
Q6044728	6000000019665917374
Q60447409	6000000013441158693
Q60447494	6000000125392375834
Q60447505	6000000115254999998
Q6044761	6000000110286805834
Q6044777	6000000007514913282
Q6044808	6000000014714725089
Q6044827	6000000009574416897
Q604484	6000000001704949695
Q604485	6000000143325068960
Q60448626	6000000180092866897
Q60448632	6000000013744384081
Q6044867	6000000059584728025
Q6044875	6000000010801456991
Q6044972	6000000077434586430
Q60449814	6000000022007122539
Q6045089	6000000023135054678
Q60452	6000000010923284440
Q6045269	6000000021910191229
Q60453049	6000000006359730011
Q604531	6000000184322424843
Q604535	6000000010451568373
Q60455	6000000003153478709
Q6045525	6000000077434614258
Q6045540	6000000019057282070
Q60455488	6000000000885953360
Q60455851	6000000130218608875
Q6045639	6000000022832542259
Q6045662	6000000177057246841
Q60457327	6000000031610881333
Q6045757	6000000026899434341
Q6045804	4229356
Q60458082	6000000177349277862
Q6045814	6000000175797934838
Q6045829	4983826543490109811
Q60458297	6000000177349778829
Q60458449	6000000115006635527
Q6045861	6000000080947295862
Q60458612	6000000051601329825
Q6045877	6000000076387196821
Q6045889	6000000080946834869
Q6045895	6000000037300768147
Q6045907	6000000037299127768
Q6045913	6000000037254053395
Q6045942	6000000033193546158
Q60459496	6000000029162610305
Q60459559	6000000007182601614
Q6046007	6000000076410779179
Q6046035	6000000110440789973
Q6046096	6000000042650055800
Q6046101	6000000042872774932
Q60461846	6000000005746022056
Q60462187	6000000025208206767
Q60463506	6000000015585594675
Q6046371	6000000007743670260
Q604642	6000000019252207694
Q604646	6000000091257557830
Q60465	6000000010909771169
Q6046559	6000000036965464411
Q604661	6000000088313579992
Q604667	6000000020639364365
Q60467328	6000000000637332109
Q60467332	6000000003701994944
Q60467443	6000000023420534340
Q60467540	6000000015700408166
Q60467584	6000000020224220848
Q60467588	6000000025955255439
Q6046760	6000000181398363822
Q60467653	6000000015700578750
Q6046770	6000000039351015279
Q60467726	6000000015700584168
Q604683	6000000180291114848
Q604689	6000000178426261880
Q6046940	6000000086808438119
Q6047231	1744189
Q6047248	6000000011106517403
Q6047444	6000000030228037871
Q6047517	6000000001405790322
Q6047606	6000000023513834737
Q60476096	6000000007992380674
Q6047618	6000000013462142489
Q604763	6000000052482148893
Q6047693	6000000121231165822
Q6047700	6000000013165016629
Q6047821	6000000026437290672
Q6047997	6000000038796936329
Q60480333	6000000013737978128
Q6048095	6000000042124062172
Q60481181	6000000156086765823
Q60481184	6000000153912442929
Q60482316	6000000179003328864
Q6048235	6000000015271606593
Q6048243	6000000174408003210
Q6048265	6000000018702393448
Q60482683	6000000181726877923
Q60482691	6000000029447160674
Q60482695	6000000028938920512
Q60482816	6000000069467833856
Q60482826	6000000004747123018
Q60482904	6000000006796729540
Q60482908	6000000000011273658
Q60482914	6000000111767324922
Q60482918	6000000018579475815
Q60483663	6000000011285598071
Q60483673	6000000001032729701
Q60483675	6000000007050905900
Q60483686	6000000007250026475
Q60483752	6000000072802775409
Q60484416	6000000005414189917
Q60484775	6000000032755522329
Q60484805	6000000017476565364
Q60486310	6000000002802391385
Q60487494	6000000003379088581
Q604878	6000000013853358351
Q6048870	6000000176996914844
Q6048997	6000000027834645900
Q6049170	6000000035482923279
Q60492706	6000000058367838890
Q6049348	6000000003914869053
Q60493665	6000000003083337070
Q60493769	6000000003083265291
Q6049384	6000000177028827903
Q604942	6000000076493114462
Q6049455	6000000006589243446
Q6049475	6000000014899849176
Q604948	6000000152488129896
Q60495086	6000000002459825744
Q6049523	6000000023828511269
Q60495681	6000000003273182449
Q60495907	6000000052162718449
Q60496162	6000000033815333918
Q60496222	6000000120270903218
Q60496235	6000000138665354943
Q60496299	6000000076480901025
Q604969	6000000151913953838
Q60497117	6000000008528380338
Q6049760	6000000017220914283
Q6049768	6000000013672504146
Q6049803	6000000061394521901
Q6049817	6000000172792802783
Q60498607	6000000086041001011
Q6049946	6000000006295529223
Q60499495	6000000018117025895
Q60499498	6000000018117131048
Q60499523	6000000080560666952
Q60499524	6000000052274894821
Q60499569	6000000168828136310
Q60499601	6000000006123142111
Q60499927	6000000090359717825
Q6049994	6000000007978726450
Q6050	6000000008173120640
Q60500107	6000000062008884821
Q6050020	6000000031870003243
Q60500378	6000000181203240851
Q60500397	6000000013133217957
Q60500735	6000000124523868986
Q6050076	6000000035158185734
Q6050116	6000000007416589627
Q60502	6000000000413946493
Q60502460	6000000022655112813
Q605025	6000000145560316972
Q6050273	6000000019764566709
Q605029	6000000107604942832
Q6050301	6000000008778842149
Q6050309	6000000023753795835
Q6050337	6000000000716048376
Q6050345	6000000027080720295
Q60504	6000000008430154166
Q60505	6000000000307240942
Q6050527	6000000012952789571
Q60505533	6000000084237746915
Q6050700	6000000177009673130
Q60508	6000000006589261129
Q605087	6000000068358638138
Q605096	6000000157277832882
Q605099	6000000127069626927
Q6051034	6000000017215531820
Q6051078	6000000177062689851
Q60511	6000000000048910716
Q6051130	6000000005587517311
Q605119	6000000024499587943
Q6051250	6000000007835106907
Q605138	6000000002801481652
Q6051396	6000000001312521023
Q60514	6000000006436992293
Q6051420	6000000006127147693
Q6051457	6000000009083686761
Q6051464	6000000006127899706
Q60515456	6000000077470438770
Q60515669	6000000143344209920
Q60515935	6000000177201964824
Q60516	6000000003232545458
Q6051688	6000000030588228584
Q6051696	6000000030564628841
Q6051740	6000000017084524110
Q60517993	6000000164888958874
Q6051868	6000000008382012416
Q6051886	6000000008381728017
Q60518985	6000000010789268023
Q605191	6000000017373461537
Q605193	6000000166006857163
Q605196	6000000013689040573
Q60519816	6000000131023770908
Q6052034	6000000035562902325
Q60520583	6000000020330871011
Q60522	6000000002122357427
Q60522033	6000000045959678295
Q6052323	6000000008873727234
Q6052387	6000000066543969004
Q6052397	6000000008327462393
Q60525	6000000009004744727
Q60525511	6000000002514052450
Q60525593	6000000180135594826
Q60525643	6000000002676516085
Q60525693	6000000003772702526
Q6052618	6000000009790286732
Q60526220	6000000009571855565
Q60526270	6000000030944925859
Q60526311	6000000001748086839
Q60526355	6000000025293022873
Q6052654	6000000007300554704
Q605266	6000000003815037248
Q6052663	6000000007300761938
Q60527852	6000000166915148822
Q60528	6000000007508303990
Q6052821	6000000139427541082
Q60528390	6000000045238552211
Q6052883	6000000177107043822
Q60529597	6000000179106405821
Q6053012	6000000002716328058
Q605309	6000000009822235084
Q6053092	6000000177114438836
Q60531069	6000000039307868680
Q60531110	6000000003681536049
Q60531133	6000000006873574147
Q60531206	6000000014538694736
Q60531215	6000000011026205577
Q60531248	6000000011026379380
Q60531307	6000000003681536107
Q605320	6000000034087721109
Q6053315	6000000013441241721
Q6053316	6000000000261752524
Q60533328	6000000049696015944
Q6053351	6000000008697701532
Q6053375	6000000000801458007
Q60533750	6000000061517092441
Q6053426	6000000007462932408
Q6053435	6000000019910343262
Q6053495	6000000001009234241
Q60534950	6000000100318277962
Q60535	6000000000348826689
Q60535035	6000000002997340025
Q60536207	6000000003043523930
Q60536260	6000000001830697715
Q60536621	6000000002238584882
Q605376	6000000065539325893
Q6053765	6000000025273317416
Q60537663	6000000041607936229
Q60537685	6000000000513523591
Q60537906	6000000088761652997
Q6053800	6000000012898033845
Q6053808	6000000012891616885
Q6053817	6000000012898253127
Q6053832	6000000012898079616
Q60538438	6000000040230634923
Q605386	6000000150923777823
Q6053860	6000000019766187563
Q6053874	6000000012093024698
Q6053881	6000000011149677142
Q60539037	6000000047218715903
Q60539241	6000000016880266968
Q60539311	6000000016596981832
Q60540018	6000000055522867251
Q60540233	6000000002747460669
Q6054092	6000000178321108842
Q6054268	5320307891990053880
Q605428	6000000000926368566
Q6054311	6000000076676640944
Q6054348	6000000015546917014
Q6054399	4490779583160032540
Q6054405	6000000008941280324
Q60544126	6000000014528458245
Q6054420	6000000002973705720
Q60544277	6000000010789037001
Q6054429	6000000001463921455
Q60544294	6000000000351903686
Q605443	6000000010674101357
Q6054436	6000000001463616753
Q6054443	6000000006838693094
Q6054449	6000000009551893179
Q6054467	6000000001463681511
Q6054473	6000000012676901774
Q6054497	6000000003873115697
Q6054502	6000000008897928239
Q6054549	6000000001686323805
Q6054616	6000000019319694176
Q605467	6000000091188322826
Q60547	6000000012076243432
Q6054723	6000000026699226799
Q6054738	6000000134090645946
Q6054819	6000000062909285908
Q6054881	6000000081763854019
Q60549	6000000048632036886
Q6054920	6000000029802244109
Q60549554	6000000063787852918
Q6055113	6000000017916769674
Q60551712	6000000003159167553
Q605522	6000000145359469959
Q60552797	6000000105322566882
Q60552821	6000000009988555077
Q605530	6000000004008365035
Q60553045	6000000007511966014
Q60554	6000000000469781530
Q6055418	6000000009467763475
Q605564	6000000028036000951
Q6055723	6000000020600836748
Q6055737	6000000032346001840
Q6055752	6000000010056896227
Q6055766	6000000029854937977
Q6055783	6000000000148739511
Q60558043	6000000006643178012
Q6055830	6000000021424757166
Q60559236	6000000011139568646
Q60559388	6000000009647205410
Q60559555	6000000065553129103
Q60559787	6000000033241928617
Q60559880	6000000044627093905
Q60560	6000000000744080154
Q6056019	6000000021235665607
Q60560219	6000000011411708428
Q60560299	6000000003616053318
Q60560484	6000000002676349988
Q60560591	6000000019779326445
Q60560641	6000000011411921706
Q60561124	6000000028730944233
Q605614	6000000017475948281
Q60561631	6000000003043585838
Q60562411	6000000015645379382
Q60562613	6000000162473874852
Q60562814	6000000021176014391
Q60562831	6000000008296574132
Q6056350	6000000013302610386
Q605640	6000000015828604843
Q605643	6000000144726667025
Q60564598	6000000105537951942
Q6056573	6000000017963510406
Q6056591	6000000006128299719
Q60566	6000000040384311039
Q60566079	6000000084237995189
Q6056626	6000000011021804774
Q60567649	6000000008062291299
Q6056777	5295199112890123531
Q605678	6000000010242807994
Q60567829	6000000140090599858
Q6056814	6000000113596748834
Q60569647	6000000020988846183
Q6056980	6000000020050732652
Q6056987	6000000077147653258
Q60570	6000000024787516965
Q6057122	6000000089504414823
Q605719	323318351060002552
Q6057321	6000000001208426544
Q6057340	6000000019023590631
Q6057380	6000000007289341827
Q605746	6000000002855331821
Q6057555	6000000003432822184
Q60575788	6000000015159552170
Q60576937	6000000096227743860
Q60577356	6000000017155077866
Q60577704	6000000030063062148
Q60578074	6000000092542366824
Q60578685	6000000107531951842
Q6057878	6000000177022005831
Q60579	6000000018317988856
Q6057907	6000000179071984947
Q6057991	6000000177150640889
Q6057994	6000000019442600789
Q60580283	6000000038192577789
Q60581882	6000000002764690944
Q6058198	6000000166572936884
Q60582	6000000076302692293
Q60584208	6000000001453896569
Q605848	6000000012692903206
Q60585849	6000000010038884563
Q60586072	6000000060177625834
Q60586246	6000000000219226267
Q60586709	6000000030966789876
Q605874	6000000046719940850
Q6058750	6000000089948712948
Q60589069	6000000025834346452
Q60589915	6000000040949013311
Q6059110	6000000001504683158
Q60591851	6000000003524222659
Q6059190	6000000013285795026
Q60592	6000000035375976509
Q605924	6000000007332651146
Q6059259	6000000085737353664
Q60592796	6000000016681962312
Q6059377	6000000037433784581
Q6059383	6000000006196226602
Q6059390	6000000037434264996
Q6059405	6000000006196201572
Q6059413	6000000006196033414
Q60594166	6000000034291636801
Q60594587	6000000077246595908
Q60594626	6000000025571494161
Q60594736	6000000025571294091
Q6059485	6000000037443287446
Q60594900	6000000025578912054
Q6059516	6000000010373155790
Q60595331	6000000086357598821
Q6059936	6000000013646537629
Q6059974	6000000011037030830
Q605998	6000000015136947150
Q6060014	6000000003362875703
Q6060016	6000000177002375839
Q6060093	6000000012504750765
Q60601	5231535732550029808
Q6060104	6000000013401562118
Q6060118	6000000009365368728
Q606015	6000000019939351195
Q6060163	6000000023005064972
Q6060216	6000000030968656450
Q60602389	6000000041947238026
Q60602775	6000000001454045362
Q60602812	6000000044223131084
Q6060282	6000000002488008264
Q6060299	6000000051516140116
Q6060307	4654102699070025678
Q60603156	6000000006099457051
Q6060329	6000000006323356616
Q6060350	6000000023896755915
Q6060358	6000000081433351846
Q6060362	6000000177009376878
Q6060365	6000000017425518359
Q6060371	6000000023024970013
Q60604	6000000002100141737
Q60604399	6000000167787340877
Q60607	6000000001009256420
Q60607444	3997442043130035371
Q60607746	6000000040959177859
Q60607864	6000000065873454969
Q6060804	6000000177125606857
Q60608296	6000000086041231934
Q60608438	6000000086025279972
Q6060901	6000000177174747837
Q6060908	6000000177014213847
Q60609147	6000000011034272283
Q6060947	6000000010258432346
Q60610	6000000007329537419
Q606100	6000000028870281265
Q6061134	6000000005250922830
Q606129	6000000020377499425
Q60613108	6000000086528719335
Q60613192	6000000023283793854
Q60613246	6000000148239027821
Q60613315	6000000021149154964
Q60613315	6000000085609872831
Q60613463	6000000019800230710
Q60613480	6000000185473177942
Q60613496	6000000016058862211
Q60613597	6000000161505983822
Q60613986	6000000180739896822
Q60614343	6000000037999136248
Q60614385	6000000038095958930
Q6061447	6000000006126938274
Q60614786	6000000023758440953
Q606148	6000000150921496833
Q60616	6000000126767544842
Q6061623	6000000027158181148
Q60616363	6000000015143191275
Q6061644	367214315830013620
Q60616730	6000000032997140866
Q60616995	6000000041473219296
Q60617052	6000000057266270925
Q60617062	6000000085560277875
Q60617493	6000000017893567943
Q60617663	6000000057391495884
Q60617854	6000000021521824424
Q60617950	6000000057734973609
Q6061811	6000000008173602366
Q6061828	6000000177081261822
Q6061836	6000000011667925366
Q60618892	6000000086024508842
Q6061956	6000000179645103822
Q60622	6000000101484123930
Q6062217	6000000084327182880
Q6062259	6000000006127928348
Q6062266	6000000009005099317
Q6062282	6000000006127872415
Q6062289	6000000029844584708
Q6062302	6000000009440987623
Q60623076	6000000002997399891
Q60623093	6000000135778144852
Q60623107	6000000180839533854
Q6062313	6000000009985253767
Q60623151	6000000031641283878
Q60623182	6000000181047663841
Q6062322	4828273293720062240
Q60623221	6000000103676920070
Q60623287	6000000012967274614
Q60623299	6000000010647408934
Q60623466	6000000200483088826
Q60623499	6000000027539967240
Q60623503	6000000074824965840
Q60623505	6000000146470754016
Q60623517	6000000031292624164
Q60623518	6000000093993756823
Q60623540	6000000019789081527
Q60623544	6000000180554300842
Q60623557	6000000161549563840
Q60623571	6000000063790112964
Q60623572	6000000018432411309
Q60623611	6000000035557088452
Q60623636	6000000032207763120
Q60623641	6000000011869293874
Q60623662	6000000077050470219
Q60623680	6000000064799375986
Q60623733	6000000026063298528
Q60623752	6000000007014371912
Q60623769	6000000084102438952
Q60623772	6000000086974684879
Q60623780	6000000035547929389
Q60623788	6000000012620309416
Q60623804	6000000189376982844
Q60623814	6000000007014397748
Q60623817	6000000009376722586
Q60623858	6000000085926924847
Q60623867	6000000036643920050
Q60623884	6000000140304205880
Q60623933	6000000197039293821
Q60624358	6000000148710646843
Q6062437	6000000023912497868
Q60624818	6000000025557194076
Q6062498	6000000177046100822
Q6062539	6000000007169194247
Q6062601	6000000000349685490
Q6062608	6000000007782061359
Q6062616	6000000000852665236
Q6062625	6000000016275179682
Q60627121	6000000086029131863
Q60627261	6000000038656400750
Q60627380	6000000015683783714
Q60627385	6000000015683831528
Q60627396	6000000015683656235
Q60627463	6000000003827470523
Q60627799	6000000052287705003
Q60627843	6000000056871284833
Q60627859	6000000040741879090
Q60627871	6000000040742052831
Q60628021	6000000153038924867
Q6062836	6000000096540744903
Q60628587	6000000000361838264
Q6062866	6000000173096860526
Q60628675	6000000008584056517
Q60628704	6000000008583927525
Q6062896	6000000013793817634
Q6062919	6000000019076243448
Q60629251	6000000173060866913
Q6062930	6000000013801435980
Q60629535	6000000006231594819
Q6062969	6000000077845236127
Q6062983	6000000000646636987
Q606299	6000000019290793390
Q60631	4127770662090072605
Q6063138	6000000023464594970
Q606323	6000000082487594902
Q60632456	6000000003054519705
Q6063263	6000000026390578985
Q6063302	6000000177217336848
Q60633179	6000000012369398611
Q6063327	6000000016840050860
Q6063509	6000000009895173474
Q60635159	6000000116302284015
Q60635351	366217043540010512
Q6063599	6000000029958920287
Q6063607	6000000003502311878
Q6063614	331606306300002224
Q6063626	6000000012996546761
Q6063632	6000000011851775342
Q6063642	6000000009783694485
Q60637892	6000000006839346181
Q6063861	6000000012544270560
Q606389	6000000016775318137
Q60639	6000000018910978007
Q6063983	6000000192329009834
Q60640516	6000000028337313397
Q60640895	6000000028276895960
Q60642872	6000000175582947968
Q60642889	6000000176713993863
Q60642921	6000000175288609732
Q60643439	6000000084725728376
Q60643449	6000000103958021283
Q60643455	6000000059055384890
Q60643528	6000000049565845898
Q60643700	6000000014300262614
Q60644	6000000011194315668
Q60644528	6000000174888382051
Q60644677	6000000162280691849
Q60644798	6000000024382865216
Q606448	6000000006705864594
Q60644806	6000000100929499060
Q60644915	6000000072301122158
Q6064520	6000000007986229436
Q60645226	6000000018154346888
Q60646261	6000000013785727597
Q60647	6000000035869248843
Q6064730	6000000018844601143
Q6064739	6000000125281035920
Q60647662	6000000168350093144
Q60648179	6000000052952030040
Q60648818	5166530782980074855
Q60650	6000000023963788909
Q606543	6000000179381407047
Q6065495	6000000002781617307
Q6065539	6000000177009764882
Q606557	6000000175858322841
Q60656254	6000000029424109018
Q60656467	6000000014534393099
Q60656473	6000000000378205963
Q60656474	6000000110434276862
Q60656477	6000000003656844758
Q60656483	6000000007378046153
Q60657	6000000002188470324
Q60658134	6000000039429071885
Q6065881	6000000177060066822
Q60659189	6000000084316995332
Q6065940	6000000013923170506
Q6065941	6000000034495350319
Q6065958	6000000003978253583
Q6065988	6000000009622567627
Q60659880	6000000174028478230
Q6065994	6000000012168151275
Q6065995	6000000015509964070
Q60659952	6000000133389194070
Q6066004	6000000005912347943
Q60660067	6000000173907903159
Q60660152	6000000030040688928
Q60660178	6000000011023619058
Q6066018	6000000029778489335
Q6066020	6000000029778638856
Q6066026	6000000023144945511
Q60660274	6000000022396817044
Q6066028	6000000059616370115
Q60660295	6000000037532181047
Q60660314	6000000080622464848
Q6066038	6000000015759896408
Q6066083	6000000008614368234
Q6066105	6000000145682872833
Q6066129	6000000026434836045
Q6066139	6000000000571348740
Q60662	6000000180251246985
Q6066234	6000000006570616978
Q6066274	6000000009563342954
Q6066301	6000000043229608416
Q6066303	6000000070989326823
Q6066318	6000000002278449988
Q6066319	6000000179579437837
Q6066346	6000000201646920844
Q6066366	6000000003107826975
Q6066380	6000000003107896897
Q60664264	6000000173547456849
Q60664282	6000000000315007974
Q60664356	6000000185010602849
Q60664364	6000000011297896393
Q6066522	6000000182302213832
Q6066593	312774940430006480
Q60666100	6000000031506609351
Q60666770	6000000014273530458
Q606673	6000000043066091654
Q60667329	6000000021545517015
Q60667436	6000000006201279271
Q6066752	6000000013601754560
Q6066772	6000000064772457965
Q60668471	6000000055582272891
Q60668578	6000000008167852646
Q60669448	6000000049183475951
Q6066966	6000000007812657559
Q60669819	6000000018097436785
Q60669877	6000000033975126984
Q60669908	6000000021604244579
Q6067056	6000000030388010929
Q6067063	6000000014582042772
Q6067104	6000000006197967299
Q6067112	6000000003782463052
Q6067133	6000000011313849288
Q6067307	6000000009833827254
Q60673574	6000000003032112313
Q6067377	6000000006596669235
Q60674329	6000000116746202065
Q60674720	6000000071467287035
Q60675125	6000000049289917070
Q60675273	6000000141828715893
Q60675285	6000000141828617872
Q60675527	6000000008297663748
Q60675661	6000000044298996346
Q60675725	6000000038631884317
Q60675743	6000000037670410484
Q60676035	6000000042788377191
Q60676082	6000000164947801847
Q60676131	6000000021719863770
Q60676321	6000000111742553701
Q60676377	6000000110998877138
Q60676395	6000000178771352839
Q60676419	6000000007497543369
Q6067643	6000000008873741361
Q60676693	6000000006993590013
Q60677	6000000057344143316
Q6067721	6000000139409546825
Q6067733	6000000088720717835
Q6067740	6000000111573590821
Q60677673	6000000045389145841
Q606780	6000000010764172529
Q60678270	6000000146613357821
Q60678378	6000000001384641305
Q606792	6000000015958383263
Q60680	6000000024916709909
Q6068009	6000000056135796907
Q6068055	6000000001000787118
Q6068125	6000000002162324583
Q6068208	6000000014207498140
Q6068248	6000000056428360831
Q60683241	6000000179971007846
Q6068338	6000000000400508505
Q6068451	6000000181466442866
Q6068595	6000000000389141541
Q6068605	6000000006127985239
Q60686050	6000000014319812096
Q6068615	6000000013099533784
Q6068620	6000000021451264838
Q6068627	6000000006127985190
Q6068634	6000000005442321033
Q6068645	6000000002836457575
Q6068666	6000000013924144163
Q6068685	6000000021091420273
Q6068690	6000000021810915577
Q60687	6000000176889112978
Q6068718	6000000002763897985
Q6068722	5104025704650128938
Q60687392	6000000000696314473
Q60687875	6000000039428864078
Q60687876	6000000039428873162
Q60687893	4704707934970077167
Q60687907	6000000039428673471
Q6068797	6000000061705003017
Q6068803	6000000004115147104
Q6068812	6000000003378362055
Q6068819	6000000181926563844
Q6068820	6000000002188386723
Q6068824	6000000023110389270
Q6068858	6000000141119896899
Q6068865	6000000104300578829
Q6068897	6000000020176835156
Q6068905	6000000019335313527
Q6068916	6000000019334938681
Q6068925	6000000006127147469
Q6068934	6000000006127534232
Q6068942	6000000006127057954
Q6068946	6000000026464535372
Q6068950	6000000013333440367
Q6068957	6000000025180222080
Q6068969	6000000038934195015
Q6068982	6000000000137960977
Q6068987	6000000019511724526
Q60690	6000000019642418278
Q6069011	6000000035002324234
Q6069012	6000000016163858086
Q6069018	6000000034455816820
Q6069039	6000000010697000707
Q6069046	6000000015199761404
Q6069055	6000000006283488883
Q6069056	6000000173797705178
Q6069069	6000000001504251589
Q6069077	6000000046715625043
Q6069105	6000000010131196751
Q6069110	6000000013804020013
Q6069123	6000000005636733001
Q60691418	6000000016248286418
Q6069145	6000000015520820534
Q6069164	6000000001504212827
Q606920	6000000080636465131
Q60692134	6000000172375533457
Q6069214	6000000002765574152
Q6069228	6000000051211393021
Q6069285	6000000043253103358
Q6069290	6000000084061244885
Q6069327	6000000004829408412
Q6069337	6000000011392573323
Q6069351	381694479110006682
Q6069352	6000000177151052905
Q60693758	311759779760001455
Q60693898	6000000068502864871
Q60693900	1156049
Q60694048	6000000012167538275
Q60694051	6000000174377768188
Q60694151	6000000081716786829
Q6069419	6000000038168923523
Q60694393	6000000012241497493
Q60694554	6000000059580600999
Q60694656	6000000220599323877
Q60694906	6000000123228892436
Q60694939	6000000206791680852
Q60694940	6000000015561792237
Q60695063	6000000085823871964
Q60695108	6000000021147221505
Q60695140	6000000063156926934
Q60695238	6000000008834535281
Q60695256	6000000209135905842
Q606953	6000000178554116954
Q6069544	6000000006410717722
Q60695575	6000000056727124863
Q606962	6000000016816489455
Q6069620	6000000017379603767
Q606969	6000000114367375548
Q60697	6000000002188424776
Q6069764	6000000019281844533
Q6069770	6000000004356249734
Q6069776	6000000033161258743
Q6069834	6000000004629918747
Q6069849	6000000008363019124
Q6069891	6000000002267986124
Q6069962	6000000039461329871
Q6069963	6000000023773891668
Q607	6000000006190123808
Q6070024	6000000006127401097
Q6070032	6000000006200545096
Q6070044	6000000007512784254
Q6070053	6000000011892520427
Q6070059	6000000006127453057
Q6070068	6000000004310057362
Q607007	6000000016300666868
Q6070085	6000000040443694852
Q6070088	6000000001643054187
Q6070114	6000000037313659345
Q6070134	6000000006127434460
Q6070139	6000000016649272066
Q6070141	4246318790210126119
Q6070147	6000000017319728980
Q6070153	6000000020380178663
Q6070165	6000000007516525522
Q6070176	6000000013238987294
Q6070182	6000000013239051378
Q6070186	6000000030625813185
Q6070190	6000000013238871970
Q6070198	6000000009803275594
Q60702061	6000000032890658377
Q60702117	6000000032890785237
Q6070218	6000000157834575822
Q6070243	6000000009802599062
Q6070290	6000000001758803577
Q6070292	6000000018637214322
Q6070406	6000000013019502711
Q6070530	6000000035522927856
Q6070676	6000000000233491237
Q607069	6000000014130301442
Q6070697	6000000019509073422
Q60707	6000000001504612236
Q60709	4532996
Q60709073	6000000019438381074
Q6070963	6000000021049590020
Q6070968	4654139411200025948
Q60709731	6000000006287225306
Q6070979	6000000071126578995
Q60709803	6000000043326697929
Q6070982	6000000006127013268
Q6071074	6000000018142823100
Q60711109	6000000026462935882
Q60711511	6000000024683904742
Q6071198	6000000177920723829
Q6071362	6000000000395126003
Q607145	6000000026189988815
Q6071476	6000000033757290538
Q6071485	6000000033789486310
Q60715470	6000000177367412822
Q6071567	6000000043629637878
Q60716	3175301
Q6071603	6000000076735118932
Q6071609	6000000026363977033
Q6071617	6000000055153593221
Q6071634	6000000051899026941
Q6071642	6000000040318379673
Q60716465	6000000092562397159
Q6071666	6000000001546361078
Q6071694	6000000008934068703
Q6071708	6000000177125040839
Q60717766	6000000078467594885
Q60718	6000000173635487179
Q60718457	6000000017699117769
Q607189	6000000009625921604
Q607190	6000000176880490871
Q6071964	6000000176710317841
Q6071974	6000000005441967236
Q60720259	6000000018186619519
Q6072039	6000000016216639004
Q60721	5231729471730128390
Q60721353	6000000030008360430
Q6072146	6000000019613058900
Q60721540	6000000184146421891
Q6072211	6000000014168304617
Q60722604	6000000035468006290
Q6072401	6000000016783272197
Q6072633	6000000008769769179
Q6072642	6000000009151974389
Q6072649	6000000007706266178
Q607265	6000000002188502980
Q6072661	6000000078105251822
Q6072679	323967437050004383
Q60727	6000000008482973045
Q6072728	6000000015211130488
Q60727486	6000000010024317105
Q60728395	6000000010563952439
Q6072925	6000000021514683812
Q6072933	6000000177148339854
Q6072965	6000000000301250161
Q6072974	6000000040646924896
Q6073079	6000000003422246758
Q60731133	6000000055451234825
Q6073173	6000000015729016368
Q607320	6000000022924363465
Q60732385	6000000078083049318
Q60733011	6000000017628895521
Q60733238	6000000151447726887
Q6073339	6000000077414488888
Q60734180	6000000078288393143
Q60734291	6000000047173401526
Q6073462	6000000017001800702
Q6073468	6000000015433720847
Q60734919	6000000066451031302
Q6073540	6000000017476148142
Q60735596	6000000099584456281
Q6073623	6000000011657637995
Q6073651	6000000003857135724
Q60736988	6000000176873088934
Q60737	6000000000307246389
Q6073789	6000000177272963886
Q60738411	6000000000327791253
Q6073881	6000000149897088981
Q607389	6000000164027468913
Q60738950	6000000002699088615
Q60739262	6000000004591091878
Q60741	6000000001366787129
Q6074119	6000000177274714826
Q60741393	6000000003772730187
Q60741897	6000000128957036821
Q60742	6000000008278819565
Q6074247	6000000009904406978
Q6074252	6000000012409991648
Q6074255	6000000013477461693
Q60742691	6000000001299342455
Q60744	6000000001601907832
Q6074453	6000000035145068846
Q6074533	6000000027840042027
Q60745465	6000000040226423473
Q6074600	6000000043737353821
Q6074610	6000000009857838966
Q607464	6000000013657441836
Q6074648	6000000002139223432
Q6074676	6000000015906414218
Q6074686	6000000015489777535
Q6074691	6000000021024653204
Q60747	6000000000717955193
Q607472	6000000179491511860
Q6074722	6000000082693590868
Q6074742	6000000075420944840
Q6074780	6000000007243649348
Q60747997	4708714396700068977
Q6074812	6000000020734679375
Q6074812	6000000083861059019
Q6074815	6000000030638908129
Q6074819	6000000009939124802
Q60748294	6000000003006366192
Q607484	6000000141099464835
Q60749229	6000000021075880937
Q60749324	6000000027328736451
Q607495	6000000141035877190
Q6074987	6000000040325479045
Q60749880	6000000036443632009
Q60749976	6000000027268407290
Q60750	6000000028395248332
Q60750036	6000000000573286329
Q6075016	6000000054079010857
Q6075030	6000000154474193914
Q6075059	6000000043107513851
Q60750630	6000000020005195493
Q60750679	6000000013124443173
Q6075068	6000000023353333806
Q6075084	6000000047684775867
Q6075102	6000000003124655152
Q6075125	6000000048543111891
Q60752	6000000014850697720
Q6075217	6000000177152918846
Q6075227	6000000007925264252
Q60752314	6000000023232028840
Q6075255	6000000011570569893
Q607526	6000000056002312850
Q6075268	6000000010553497148
Q60752957	6000000029699532000
Q60755052	6000000151374188864
Q6075572	6000000177176135839
Q6075631	6000000177186595823
Q6075633	6000000049675087993
Q60756758	6000000028109741056
Q607573	6000000042886390403
Q6075791	6000000019276580477
Q6075823	3776770
Q6075841	4182680617400064437
Q6075847	6000000003535703612
Q6075856	6000000018984854036
Q6075876	6000000003041042204
Q6075878	6000000079465280372
Q6075885	6000000018168758026
Q6075900	6000000018168522417
Q607593	6000000002684614449
Q60759703	6000000027176031978
Q607599	6000000008472854557
Q6075993	6000000019138356342
Q6076001	6000000003075723217
Q6076058	6000000052476054924
Q6076060	6000000030693958290
Q6076080	6000000001607539445
Q6076086	6000000017697749368
Q6076101	6000000000808752128
Q6076108	6000000014053404722
Q6076118	6000000032809799002
Q6076143	6000000042470081350
Q6076149	6000000038219483207
Q6076167	6000000076689134296
Q6076172	6000000172948713414
Q6076183	6000000010143601647
Q60762024	6000000026299452401
Q6076207	6000000043681661013
Q6076220	6000000007701005364
Q6076228	6000000002207451269
Q6076243	6000000021620361929
Q6076265	6000000004079835523
Q6076289	6000000040925578015
Q6076292	6000000105980824940
Q60763	6000000007709404452
Q6076306	6000000017252895025
Q6076312	6000000002955925556
Q6076320	6000000039482458944
Q60763267	359207185190006168
Q6076337	6000000051047386895
Q6076349	6000000031818286381
Q6076387	6000000018090178169
Q6076398	6000000028208435061
Q60763986	6000000041318740732
Q6076406	6000000017267707788
Q6076480	6000000114524496881
Q60764901	6000000038706156934
Q6076492	6000000038740591117
Q6076507	6000000039335806676
Q6076514	6000000039674859907
Q6076520	6000000033459434872
Q6076550	6000000000026271091
Q6076554	6000000039247973056
Q6076586	6000000019937803122
Q60766192	6000000020829074584
Q6076627	6000000002624896556
Q6076639	6000000107627207859
Q6076643	6000000021398891334
Q6076677	6000000103877666368
Q607672	6000000017869924756
Q6076727	6000000015854313391
Q6076768	6000000003734730092
Q6076771	6000000109747999917
Q60767785	6000000035171886859
Q607678	6000000128590707907
Q6076787	6000000136113360836
Q6076795	6000000131678338953
Q60768068	6000000008769770752
Q6076809	6000000001583358626
Q6076845	6000000002048223405
Q6076862	6000000000798315279
Q6076904	6000000022783886257
Q6076913	6000000011833643635
Q6076935	6000000012609040496
Q6076970	6000000175337238036
Q6076980	6000000013000391434
Q6077015	6000000007106974228
Q6077018	6000000017488351140
Q6077028	6000000000386535973
Q6077032	6000000015049448465
Q6077053	6000000032170428882
Q6077078	6000000096994805881
Q6077090	6000000025122525762
Q6077109	6000000016758922120
Q6077120	6000000082735484320
Q6077196	6000000006822042562
Q6077196	6000000165826938842
Q6077198	6000000005438458589
Q60772	6000000013112784427
Q6077203	6000000005438458627
Q6077235	6000000021908658418
Q6077249	6000000011346164739
Q6077260	364568161860013828
Q60772638	6000000000411560485
Q6077270	6000000004088656026
Q6077273	6000000156239362839
Q6077298	6000000004149122082
Q6077300	6000000003205515134
Q60773408	6000000040445674851
Q6077347	6000000008775039227
Q6077353	6000000007249840486
Q60773580	6000000000076318212
Q60774418	6000000026027716289
Q6077484	6000000009420544547
Q6077504	6000000004708247018
Q60775476	6000000002188483347
Q60775506	6000000043335866561
Q6077552	6000000042124761243
Q6077555	6000000017577689308
Q6077564	6000000035084748154
Q60775957	6000000086242973835
Q6077630	6000000019881617483
Q6077653	6000000029899641818
Q60776596	6000000014528444749
Q60776607	6000000005923529529
Q60776634	6000000021936771440
Q6077668	6000000010249880042
Q607767	6000000019222855868
Q6077702	6000000179376282861
Q6077752	6000000015435753314
Q6077773	6000000013521971868
Q6077779	6000000001699995505
Q6077800	6000000016152946292
Q6077837	6000000005907443009
Q6077840	6000000005039198292
Q6078033	6000000177217860822
Q607807	6000000088608469009
Q60781	6000000027432111890
Q6078134	6000000004250256579
Q6078176	6000000186165181342
Q6078235	6000000006127996632
Q6078242	6000000002757215047
Q6078257	6000000002749071092
Q6078273	292360153750002961
Q6078284	6000000011157772349
Q60783	6000000015672978316
Q6078330	6000000002757343010
Q6078348	6000000101653775926
Q6078422	6000000000058417736
Q6078431	6000000004056148721
Q6078487	6000000015901242126
Q60785	6000000020962356582
Q6078520	6000000022890469988
Q60785230	6000000003139988722
Q6078537	6000000039888014375
Q6078554	6000000194193732856
Q6078561	6000000030110826845
Q6078563	6000000172590872458
Q6078640	6000000041346399329
Q6078649	6000000038182975827
Q6078664	6000000038183102258
Q6078673	6000000021661809474
Q6078720	6000000048801947881
Q60787617	6000000000306760740
Q6078788	6000000061213079927
Q6078892	6000000176997677828
Q60790399	6000000090662565017
Q6079080	6000000014416957159
Q60790898	6000000011135560647
Q60791	6000000003631860362
Q6079117	6000000053989833891
Q6079124	6000000015119243250
Q6079141	6000000007130272187
Q6079145	4207761
Q60791465	6000000026467646421
Q60791478	6000000039709064828
Q6079151	6000000010530291378
Q60791596	6000000013197840222
Q60791745	6000000023842720458
Q6079209	6000000006127446346
Q6079217	6000000008816392056
Q6079224	6000000008816364129
Q6079248	6000000009842402632
Q6079275	6000000013143783109
Q6079285	6000000010530904020
Q6079317	6000000038663416870
Q60793279	6000000040326096605
Q6079332	6000000025610661317
Q607935	6000000177072831829
Q60793627	6000000003891404542
Q6079396	6000000010530266624
Q607941	6000000022929119905
Q6079418	4207381
Q6079423	4207280
Q6079442	6000000010080744944
Q607948	6000000008725915584
Q6079497	6000000040886920203
Q6079512	6000000010038685167
Q6079541	6000000034814555078
Q6079559	6000000034813584732
Q6079580	6000000010038677703
Q60796	6000000003219723729
Q6079600	6000000034814574372
Q6079608	6000000095751339841
Q6079614	6000000010038903415
Q6079630	6000000006127526956
Q6079637	6000000006127907129
Q6079648	6000000006127526943
Q6079654	6000000002356407557
Q6079687	6000000181988589864
Q6079703	4497622364860078455
Q6079717	6000000005392016760
Q60798436	6000000005759438290
Q6079844	6000000019266021166
Q6079867	6000000006980260128
Q6079875	6000000006127322527
Q6079889	6000000006127322606
Q6079896	6000000006127859895
Q6079929	6000000009361603704
Q6079945	6000000040374494057
Q6079958	6000000038546843226
Q6079971	6000000103980700980
Q60800	6000000083776076658
Q6080005	6000000005618053879
Q6080046	6000000003791924321
Q6080069	6000000028301620476
Q60800745	6000000015174518163
Q60801	6000000069459103840
Q6080117	6000000002370578341
Q6080124	6000000002818691131
Q608016	6000000143123204848
Q6080164	6000000009855557161
Q608017	6000000093894484011
Q6080171	6000000011766508318
Q6080191	6000000007312819350
Q608022	6000000028617956067
Q608030	6000000179135424830
Q6080318	6000000016567010695
Q6080333	6000000019269777307
Q6080345	6000000012389430459
Q608036	6000000006729081397
Q608042	6000000093049395095
Q608043	6000000025953509728
Q6080478	6000000013016279850
Q6080655	6000000019640352086
Q6080694	6000000177119266841
Q60807825	6000000016464265160
Q60807849	6000000016478573819
Q60808	6000000085353196837
Q60808296	6000000007416930502
Q6080843	6000000177010528936
Q6080870	6000000183746739822
Q6080874	6000000034479100482
Q60808869	6000000086433760853
Q60809	6000000002966447793
Q6080913	6000000009388542411
Q6080930	6000000077918849047
Q60809459	6000000010749966800
Q608097	6000000008106538642
Q60810	6000000013539237289
Q608103	6000000009512736626
Q6081117	6000000177020134822
Q608113	6000000004053634470
Q6081130	6000000040180985165
Q6081169	6000000002417526162
Q6081299	6000000011070190935
Q6081307	6000000011070391316
Q6081380	6000000008378890699
Q6081443	6000000004653660357
Q608145	6000000154862631072
Q6081451	6000000012566471111
Q60815105	6000000109954741826
Q60815184	6000000079547619541
Q60815329	6000000011525258415
Q60815410	6000000002765910125
Q60815498	6000000018204254956
Q60815564	6000000025893457110
Q60815695	6000000012880165807
Q60815742	6000000113487567014
Q60815968	6000000004126131114
Q60815991	6000000012659141901
Q6081600	6000000012922597462
Q60816000	6000000038287117888
Q60816126	6000000037408289816
Q60816208	6000000117751275836
Q60816474	6000000016513116827
Q60816533	6000000059915074113
Q60816550	6000000017768165929
Q60816658	6000000177449702865
Q60816683	6000000171931857856
Q608167	6000000065267279821
Q60816780	6000000038415911116
Q60816845	6000000016409836515
Q60816949	6000000178070245823
Q60817006	6000000013133963106
Q60817134	6000000178817370844
Q60817147	6000000088024713856
Q60817204	6000000073740206905
Q60817261	6000000013484366311
Q60817290	6000000022319742802
Q60817577	6000000014100355511
Q60817611	6000000009755102043
Q60817698	6000000124433749910
Q60817762	6000000011807122347
Q60818155	6000000029576525112
Q60818158	6000000211452863822
Q60818177	6000000163753347163
Q6081818	6000000177124188847
Q60818228	6000000181782055847
Q60818264	6000000151443945870
Q60818354	6000000048086399935
Q60818360	6000000039103056470
Q60818460	6000000004398086311
Q60818604	6000000181429954842
Q60818649	6000000072533153868
Q60818732	6000000078344248547
Q60818748	6000000075480741919
Q6081875	6000000177025216872
Q60818776	6000000075554156090
Q60818934	6000000016492613485
Q60818942	6000000010687067564
Q60819004	6000000180668489843
Q60819048	6000000098981103034
Q60819130	6000000012350376049
Q60819274	6000000058507424882
Q60819299	6000000078365778981
Q60819324	6000000181562069835
Q60819328	6000000075586421978
Q60819376	6000000088429323060
Q60819474	6000000002802986528
Q60819503	6000000006712251970
Q60819506	6000000018515565599
Q60819576	6000000022411796937
Q60819586	6000000108126084840
Q60819626	6000000064322964873
Q60819655	6000000180221631822
Q60819656	6000000012231389430
Q60819692	6000000034625186000
Q60819732	6000000075750867836
Q60819754	6000000062040757940
Q60819769	6000000063166936177
Q60819842	6000000046137926994
Q60819846	6000000122043479955
Q60819870	6000000123787821834
Q60819933	6000000013148431162
Q60819935	6000000013150698405
Q60819951	6000000021985337770
Q60819965	6000000024833074027
Q60819968	6000000024846149545
Q60819994	6000000179059164828
Q60820007	6000000019831685860
Q60820027	6000000002764361857
Q60820094	6000000007864707810
Q60820097	6000000020371809392
Q60820102	6000000059701087822
Q60820114	6000000037838809692
Q60820129	6000000013263761944
Q60820135	6000000013467188700
Q60820237	6000000038760424944
Q60820249	6000000027965817043
Q60820250	6000000179081939847
Q60820284	6000000084460540076
Q60820294	6000000015818897284
Q60820312	6000000038303103927
Q60820316	6000000139902476019
Q60820330	6000000137386975821
Q60820341	6000000088875027937
Q60820346	6000000010414773192
Q60820354	6000000179095728828
Q60820366	6000000057099970980
Q60820386	6000000024842353006
Q60820402	6000000180334309514
Q60820441	6000000059244756337
Q60820497	6000000078425991826
Q60820533	6000000022423368832
Q60820539	6000000022309217417
Q60820577	6000000010454202561
Q60820715	6000000039322073560
Q60820783	6000000066273265867
Q60820788	6000000095634410833
Q60820793	6000000040106616911
Q60820879	6000000180257969844
Q60820918	6000000015295481848
Q60820940	6000000016370687964
Q60820951	6000000017251271072
Q60820977	6000000024696718618
Q60820990	6000000003702043042
Q60820994	6000000017748728482
Q60821010	6000000017166720820
Q60821044	6000000037146206129
Q60821161	6000000088379611912
Q60821165	6000000039912650189
Q60821216	6000000014292239450
Q60821242	6000000082587242936
Q60821509	6000000025014040874
Q60821524	6000000172750887510
Q60821547	6000000152659351003
Q60821554	6000000089155403891
Q60821596	6000000043015378012
Q60821611	6000000080706599888
Q60821629	6000000063371709940
Q60821644	6000000084535039860
Q60821686	6000000078551216010
Q60821694	6000000084543262040
Q60821713	6000000178628752887
Q60821768	6000000180766724838
Q60821785	6000000046673599911
Q6082184	6000000035677722348
Q60821956	6000000003147553868
Q60821983	6000000018165640327
Q60822075	6000000036763951532
Q60822110	6000000018173675141
Q60822111	6000000018173437824
Q60822113	6000000015180423757
Q60822119	6000000070220704883
Q60822136	6000000078766604569
Q60822149	6000000023680116834
Q60822166	6000000017236839521
Q60822299	6000000060300758862
Q60822300	6000000060271968869
Q60822304	6000000060299657540
Q60822347	6000000164244591945
Q60822362	6000000028230178139
Q60822364	6000000126471631833
Q60822378	6000000015061444670
Q60822401	6000000071680526842
Q60822447	6000000005600697022
Q60822478	6000000081364760894
Q60822484	6000000057511662098
Q60822488	6000000057512026822
Q60822502	6000000013484263194
Q60822505	6000000013657765370
Q60822506	6000000011397248080
Q6082255	6000000214689272840
Q608226	6000000017623266278
Q60822710	6000000074691421158
Q60822730	6000000002765016578
Q60822739	6000000075142544195
Q60822838	6000000009370016341
Q60822931	6000000073956210900
Q60822939	6000000026134040056
Q60822959	6000000009404906221
Q60822963	6000000009404567659
Q60822988	6000000078722794833
Q60822992	6000000039265951828
Q60822993	6000000039265810163
Q60823125	6000000007755858612
Q60823127	6000000006595559991
Q60823133	6000000042214679993
Q60823206	6000000037434398992
Q60823270	6000000012180862488
Q6082351	6000000001981063611
Q6082410	6000000006128061676
Q6082424	6000000018580219588
Q6082440	342023503920012946
Q6082455	6000000003580303855
Q6082462	6000000010608380550
Q6082470	6000000000230984994
Q6082478	6000000002513837282
Q60824785	6000000091727183868
Q60824877	6000000017909118643
Q608249	6000000041718407386
Q6082497	6000000002513787301
Q6082512	6000000167967587853
Q6082517	6000000126065452250
Q608254	6000000020433713722
Q60825451	6000000070958033886
Q60825586	6000000104517363830
Q6082566	6000000023215254076
Q6082628	6000000013270090524
Q60826569	6000000037897157851
Q6082663	6000000005619031308
Q60826887	6000000013237432456
Q6082690	6000000004547877989
Q60826924	6000000166073256822
Q60826958	6000000008114122536
Q6082697	6000000007985537209
Q60827195	6000000009480295237
Q60827372	6000000032154344596
Q60827515	6000000076858984610
Q6082791	6000000004634130311
Q60827935	6000000002765050514
Q60828106	6000000105995719053
Q60828422	6000000021412577291
Q60829104	6000000018128888199
Q60829186	6000000017173334876
Q60829318	6000000105744719933
Q60829335	6000000195311228822
Q60829561	4241326427590036650
Q60829643	6000000052635108299
Q60829754	6000000036605891821
Q60830025	6000000019962546217
Q60830293	6000000001421185247
Q60830309	6000000050488590994
Q60830346	6000000021468012381
Q60830433	6000000066212647821
Q60830445	6000000059123616821
Q60830469	6000000087388623865
Q60830522	6000000036167945825
Q60830573	6000000018611306560
Q6083063	6000000015118983001
Q6083072	6000000007769656038
Q608308	6000000011104160597
Q60830801	6000000072384500833
Q6083087	6000000021845259731
Q60830896	6000000003548295055
Q60831030	6000000194761593829
Q60831112	6000000085817303861
Q60831119	6000000054628115928
Q60831207	6000000173063638319
Q60831277	6000000038340372854
Q6083150	6000000000875884960
Q60831567	6000000030044068965
Q60831753	6000000027216238608
Q60832022	6000000009243548730
Q60832086	6000000003949742025
Q60832133	6000000203310622844
Q60832153	6000000185950073096
Q60832349	6000000194088093870
Q60832492	6000000190447208389
Q60832557	6000000017266118199
Q60832643	6000000115008936821
Q60832818	6000000002029103264
Q60832874	6000000038415463364
Q60832992	6000000038134753176
Q60833179	6000000170039017586
Q60833281	6000000003661233559
Q60833330	6000000125944612952
Q6083342	6000000015238472053
Q608336	6000000103466610835
Q60833731	6000000003196793741
Q60833784	6000000197407750839
Q60834017	6000000135137219827
Q60834019	6000000031150656832
Q60834029	6000000031215853017
Q60834085	6000000081130306340
Q60834193	6000000101398818837
Q60834302	6000000078032931640
Q60834324	6000000022913196964
Q60834501	6000000134924061823
Q6083461	6000000003243468924
Q60834885	6000000014523652580
Q6083499	6000000030814210868
Q60835092	6000000158872786833
Q60835120	6000000017697482939
Q60835393	6000000031277672755
Q60835434	6000000016092557910
Q60835437	6000000024506156332
Q6083559	6000000177091900824
Q60835634	6000000181108343846
Q60835637	6000000085609638847
Q6083580	4444497710280129005
Q60835951	6000000018135068274
Q60836006	6000000179646619829
Q60836104	6000000095486537975
Q60836141	6000000082411183891
Q60836359	6000000130747985821
Q60836398	6000000202682542838
Q60836402	6000000197123022822
Q60836416	6000000009375451765
Q60836445	6000000043200094653
Q6083645	6000000021643365377
Q60836458	6000000001341624940
Q60836498	6000000022977168529
Q60836548	6000000006781417432
Q6083676	6000000180832189825
Q60836860	6000000175582338862
Q60836931	6000000019807354908
Q60837164	6000000023422150957
Q60837164	6000000039231635275
Q60837164	6000000115013460850
Q60837164	6000000174716949089
Q60837164	6000000224021736043
Q60837253	6000000039230811488
Q60837258	6000000114213993823
Q60837266	6000000174259668157
Q6083733	6000000032051576318
Q60837380	6000000209018128831
Q60837422	6000000013193890092
Q60837460	6000000084611881002
Q60837528	6000000081766214178
Q60837747	6000000002188470156
Q60838	6000000008917878083
Q60838074	6000000052094505864
Q6083829	6000000055414540936
Q60838481	6000000003139155634
Q60838575	6000000174236857843
Q6083861	6000000022291160160
Q60838652	6000000024320769394
Q608387	6000000035383546629
Q60838703	6000000058825433981
Q60838788	6000000211185927830
Q60839020	6000000056240099859
Q60839090	6000000022178773567
Q608399	6000000018148622604
Q60840368	6000000104929007166
Q60840398	6000000156760602998
Q60840458	6000000003786046220
Q60840736	6000000007774324234
Q60840947	6000000166772250823
Q60841223	6000000113218584895
Q60841466	6000000145583989822
Q60841524	6000000051917269357
Q60841742	6000000183960227849
Q60841814	6000000022334550413
Q6084218	6000000012148237878
Q60842216	6000000084547280978
Q60842269	6000000164888279893
Q60842304	6000000151356959874
Q60842449	6000000179211551898
Q60842505	6000000064648913822
Q60842888	6000000047820100262
Q60842944	6000000023782048848
Q60843082	6000000016019402309
Q60843092	6000000016527345097
Q60843139	6000000014282405689
Q60843270	6000000035481297985
Q60843433	6000000011897300942
Q60843486	6000000182039839844
Q60843487	6000000043738589959
Q60843648	6000000002188456383
Q60843761	6000000010041733269
Q60843764	6000000068756598065
Q60843826	6000000016572466032
Q60843859	6000000047048614143
Q60843912	6000000029627565976
Q60843927	6000000025619779083
Q60843930	6000000011071037961
Q60843939	6000000025274752425
Q60843966	6000000016276215984
Q60844	6000000020985336983
Q60844242	6000000015551431030
Q60844427	6000000005598897670
Q60844577	6000000014853122717
Q6084460	6000000025361674012
Q60844756	6000000026066650195
Q60844768	6000000000623223465
Q6084481	6000000177024429902
Q60844810	6000000005025858398
Q60844825	6000000010658463923
Q6084483	6000000021437084219
Q6084488	6000000071432753675
Q60844953	6000000039222190912
Q60844968	6000000008296484199
Q60845009	6000000015361469196
Q60845015	6000000042884207105
Q60845034	6000000032702279823
Q60845042	6000000017683281265
Q60845049	6000000016228183782
Q60845071	6000000016534092683
Q60845158	6000000007281214502
Q60845227	6000000038029199159
Q6084528	6000000002840840156
Q60845301	6000000041199221217
Q60845446	6000000027702677104
Q6084594	6000000011539774313
Q60846	6000000018127262707
Q6084635	6000000177090348980
Q6084692	6000000003707270978
Q60847	6000000009938907484
Q6084715	6000000008237895552
Q6084736	6000000007224321226
Q6084808	6000000177076685874
Q6084833	6000000017444287793
Q6084853	6000000177086046823
Q6084910	6000000076972291013
Q6084938	6000000065331480948
Q6084969	6000000035177591455
Q6084985	6000000002134471853
Q6085050	6000000177171978848
Q6085109	6000000005442277740
Q6085131	6000000024292485395
Q6085142	6000000040045805274
Q6085150	6000000143158646142
Q6085168	6000000020682062637
Q608520	6000000026957303242
Q6085240	6000000177012239822
Q6085275	6000000005250802203
Q6085283	6000000005250802265
Q6085302	6000000001141858135
Q6085365	6000000007087192161
Q60854	6000000018883296484
Q6085555	6000000021423869492
Q6085569	6000000017623908122
Q6085588	6000000017623915246
Q6085600	6000000039538998936
Q6085615	6000000097056267656
Q6085650	6000000000626889264
Q608584	6000000017840730968
Q6085938	6000000026825304396
Q6085947	6000000026818176765
Q60860	6000000181939557921
Q6086039	6000000005942760005
Q6086045	6000000009262408239
Q60861	6000000038285541414
Q6086241	6000000020351874317
Q6086285	6000000009762827356
Q60862911	6000000085569678864
Q608633	6000000002906775134
Q6086334	6000000018374679983
Q6086346	6000000007979358643
Q608639	6000000081267566364
Q6086393	6000000177076235850
Q6086403	6000000177034928836
Q6086451	6000000048614478898
Q6086462	6000000006796244393
Q6086469	6000000008724197308
Q6086487	6000000013352882892
Q6086489	6000000089508427415
Q6086498	6000000011660411673
Q60865	6000000000087542542
Q6086534	6000000006767822500
Q608657	6000000076918585664
Q60866	6000000036824669119
Q6086633	6000000006807922603
Q6086648	6000000022712691331
Q6086655	6000000019410469334
Q608666	6000000158400842962
Q6086664	6000000018726151862
Q608672	6000000000262367095
Q6086723	6000000022907494551
Q6086752	6000000008458516804
Q6086765	6000000020267057536
Q608678	6000000081589403212
Q608679	6000000015981023251
Q6086792	6000000006814883139
Q6086796	6000000003208639310
Q6086804	6000000083438945220
Q6086863	6000000039684501367
Q60869	6000000063200429889
Q6086954	6000000006951621439
Q6086969	6000000027151299319
Q6086975	6000000006126968805
Q6087007	6000000000500748712
Q6087047	6000000014351189076
Q6087057	6000000177206530854
Q6087065	6000000043716851476
Q6087067	6000000025348437269
Q6087069	6000000177088969829
Q6087074	6000000014936656590
Q6087078	6000000008796764680
Q6087084	6000000030444576020
Q6087090	6000000001028572401
Q6087116	6000000000178495080
Q6087131	6000000027070060493
Q60872106	6000000042887963160
Q6087212	6000000001012098553
Q60872528	6000000042887763083
Q6087264	6000000013910139647
Q6087287	6000000031161567602
Q6087292	6000000002411385242
Q60873	6000000069906305153
Q6087301	6000000109848324045
Q6087320	6000000008212279224
Q608740	6000000008716265717
Q608745	6000000009307983975
Q608755	6000000041113306983
Q60876416	6000000057605194981
Q6087769	6000000007561638475
Q60877822	6000000177071016129
Q6087791	6000000023777594329
Q6087798	6000000011507762149
Q60878	6000000133956947199
Q6087823	6000000042402083941
Q6087927	6000000000870212572
Q608795	6000000180950635888
Q6088004	6000000007706958665
Q6088028	6000000177046100849
Q608811	6000000034560418066
Q6088115	6000000177163720839
Q608815	6000000005402709874
Q6088203	6000000008814831468
Q6088209	6000000010482975654
Q608829	6000000169342187488
Q6088358	6000000015539792055
Q60884	6000000002802209224
Q6088424	6000000048518162868
Q6088451	6000000034492906460
Q6088470	6000000023716721700
Q6088478	4125008039440072134
Q6088489	6000000023073624991
Q6088500	6000000177136430828
Q6088516	4125426609450123864
Q6088529	6000000004565255638
Q6088577	6000000029685362656
Q6088653	6000000181922972821
Q608866	6000000006444693774
Q6088671	6000000177074038839
Q60887	6000000018768536358
Q608870	6000000058183734883
Q60887871	6000000000074459828
Q60890669	6000000014141705295
Q60891	6000000015970998628
Q6089133	6000000076121150849
Q6089145	6000000006891059540
Q6089245	6000000174994969005
Q6089362	6000000000647318303
Q6089374	6000000032647262112
Q60894135	6000000010735218485
Q60895	6000000000408070707
Q6089506	6000000040699171355
Q6089508	6000000177083989834
Q6089512	6000000016552682621
Q6089519	6000000007078086535
Q6089575	6000000086209942914
Q6089587	6000000027814851369
Q6089591	6000000013279096558
Q6089592	6000000177020598838
Q6089801	6000000178893437846
Q6089813	6000000177174775835
Q60899	6000000029936720130
Q6090015	6000000031249382831
Q6090034	6000000007992917184
Q6090081	6000000004874805769
Q6090118	6000000010762788493
Q6090126	6000000004414029014
Q609022	4528488190390050369
Q6090225	6000000018531975350
Q609039	6000000010210466920
Q60904	6000000022933228020
Q60905	6000000015643784428
Q60906	6000000180408700834
Q60906095	6000000017578804988
Q60906140	6000000018041185371
Q6090699	6000000020584573754
Q609071	6000000024595252220
Q6090892	6000000067936108983
Q609095	5424458479560106639
Q6091170	6000000014783067363
Q6091184	6000000009835431340
Q609138	6000000133376575114
Q6091572	6000000016035194672
Q6091629	6000000033495013399
Q6091658	6000000014436509288
Q609172	6000000036066377934
Q609174	6000000163581497935
Q6091811	6000000177175696958
Q6091861	6000000091762828536
Q60919	6000000000307246847
Q6092016	4898295177320023077
Q6092067	3365289
Q6092251	6000000002854345218
Q6092267	6000000074840987943
Q6092330	6000000007481230312
Q6092385	6000000026306044337
Q6092396	6000000036292089942
Q6092404	6000000011634551625
Q609273	6000000019055000168
Q6092839	4563470
Q6092860	6000000000644214722
Q60930409	6000000081761923370
Q609316	6000000029232731967
Q609317	6000000018743229217
Q6093178	6000000177093332822
Q6093202	6000000077792049822
Q609328	6000000028493311782
Q60933748	6000000047272639000
Q6093394	6000000029320754325
Q6093430	6000000024373891572
Q6093477	6000000041562422691
Q6093535	6000000025351316749
Q60936596	6000000011653805309
Q6093739	6000000018806011112
Q609387	6000000003152856053
Q6093887	6000000005070162219
Q6093890	6000000177034928823
Q609391	6000000018962356886
Q6093933	6000000015781780072
Q6093946	6000000015780883233
Q6093961	6000000016328635736
Q609398	6000000004835013824
Q6093985	6000000068059324890
Q60940	6000000039342133830
Q6094039	6000000020227477754
Q609407	5170254810990103008
Q609410	6000000002167699487
Q60942	6000000018001580742
Q6094415	6000000088139306856
Q6094423	6000000190144762825
Q6094444	6000000178355859838
Q609447	6000000015610769126
Q6094500	6000000060891352940
Q6094565	6000000086308686950
Q6094577	6000000021394192963
Q60946	6000000119751309872
Q60946681	6000000081741544879
Q60948	6000000034910790708
Q60949914	6000000009533898703
Q60950314	6000000040645265193
Q60951	6000000006727790761
Q60952632	6000000075608832866
Q609527	6000000047283603023
Q60953	6000000010102643443
Q60956078	6000000006402553032
Q6095684	6000000010190483524
Q6095691	6000000010190576484
Q6095698	6000000010197238356
Q609571	5327561337760073745
Q6095764	6000000032121894234
Q6096	6000000009583580334
Q6096004	6000000024668609093
Q6096075	6000000028206010260
Q6096177	6000000050770033821
Q6096203	6000000039074161693
Q6096219	6000000042155450074
Q60962569	6000000037476285308
Q60962723	6000000006409539908
Q6096372	6000000014527906244
Q609638	6000000000941173014
Q6096390	6000000023190360112
Q6096410	6000000033052332655
Q609645	6000000068972174976
Q6096462	6000000019654108349
Q6096478	6000000149937717947
Q609654	6000000177100204827
Q609655	6000000037866835442
Q6096577	6000000006907514212
Q609658	6000000076878548845
Q6096684	6000000177184944839
Q6096691	6000000177059928876
Q6096693	6000000021479039852
Q6096701	6000000007661851399
Q6096777	6000000001459590493
Q6096789	6000000024213547183
Q6096808	6000000003793624038
Q6096865	6000000007690376269
Q60969	6000000022363564368
Q60969136	6000000016592891877
Q6096941	6000000010648246938
Q6096960	4378382
Q6096969	6000000177100636822
Q6097001	6000000105014318834
Q6097049	6000000027630119092
Q6097078	6000000011184618392
Q6097093	6000000019123069256
Q6097099	6000000177233921822
Q60971071	6000000024975695562
Q6097115	6000000028145532919
Q6097132	6000000015960251954
Q6097251	6000000078086616116
Q6097265	6000000016821834594
Q6097296	6000000043646692806
Q6097301	6000000037579403977
Q6097336	6000000019542863289
Q609736	4875351540730131381
Q6097371	6000000004280677367
Q6097395	6000000176997458908
Q6097428	6000000080282930852
Q6097429	4413174673400053700
Q60975047	6000000026052658928
Q6097508	4373518564050064866
Q6097531	6000000005585124684
Q6097536	6000000010698069599
Q6097571	6000000175559760867
Q609758	6000000009729152233
Q6097615	6000000003162475525
Q6097619	6000000047549465847
Q6097665	6000000175902221007
Q6097691	6000000179277350836
Q60977171	6000000023515241140
Q6097745	6000000002021136794
Q6097752	6000000006131366907
Q6097772	6000000077245294747
Q6097789	6000000000484982592
Q60978	6000000017090608455
Q6097813	6000000001864406440
Q6097856	6000000181858334878
Q6097913	6000000074345715833
Q6097943	6000000056115394923
Q6097975	6000000038103113118
Q6097988	4623019120770040307
Q6098017	6000000054687089087
Q609805	6000000003412452470
Q6098110	6000000016070288225
Q6098114	6000000017434169380
Q6098121	6000000038168961847
Q6098122	6000000177125606840
Q6098160	6000000005601412705
Q60981633	6000000011616325037
Q60981691	6000000166881121248
Q6098174	6000000031039857842
Q6098269	6000000003243483256
Q6098341	6000000004953437427
Q6098347	6000000080811487925
Q6098381	6000000186341875836
Q6098384	6000000028646242624
Q6098387	6000000029563019121
Q6098430	6000000003596183025
Q6098468	6000000008261168558
Q609849	6000000049932013312
Q6098507	6000000177264023843
Q6098624	6000000056964292821
Q609867	6000000000650776967
Q6098688	6000000007403086135
Q6098694	6000000007015189516
Q6098700	6000000002517301054
Q6098716	6000000006860780399
Q6098777	6000000177031181839
Q609879	6000000120112504931
Q60989	6000000011569269500
Q6099032	6000000117371955946
Q6099055	6000000003226128718
Q6099113	6000000019488340899
Q60991667	6000000009833235659
Q60991787	6000000031961456872
Q6099193	6000000050995222041
Q609929	6000000083109457563
Q6099316	6000000110280173895
Q6099326	6000000179644866827
Q6099395	6000000003177931549
Q6099397	6000000018282952960
Q60994589	6000000003928746538
Q6099460	6000000039570263843
Q6099477	6000000053706483936
Q609950	6000000104618418935
Q6099525	6000000000925626511
Q6099541	6000000010298963925
Q6099555	6000000011164407137
Q6099576	6000000177060833993
Q6099580	6000000001758792782
Q6099588	6000000019847208240
Q6099599	6000000177071075822
Q6099689	6000000046845873026
Q60997234	6000000042532086982
Q60997249	6000000040993167923
Q60997893	6000000008576478285
Q6099794	6000000027448071310
Q6099796	6000000002246730004
Q60998026	6000000028355882515
Q6099812	6000000003455322212
Q60998736	6000000002765045628
Q6099880	6000000082232334560
Q610002	6000000069418915856
Q6100061	6000000000345123541
Q6100062	6000000013270955334
Q61000867	6000000176064165868
Q6100097	6000000015035385875
Q6100116	6000000075903054143
Q6100118	6000000004690949047
Q6100127	6000000077253145640
Q610015	6000000037196478221
Q6100181	6000000011556462075
Q61004	1528345
Q610072	6000000182696871843
Q6100828	6000000032380774856
Q6100992	6000000005058377816
Q6101	6000000013387995317
Q61010021	6000000023526299256
Q61010250	6000000051485638887
Q6101100	6000000019707044024
Q6101144	6000000016115468404
Q6101247	6000000077337377823
Q6101258	6000000177107077890
Q6101264	6000000004954843741
Q6101294	6000000045766708852
Q6101308	6000000000523766212
Q6101314	6000000009083820096
Q61014240	6000000057049667948
Q6101448	6000000030544981134
Q6101451	6000000060654514822
Q6101463	6000000003729327195
Q61014779	6000000067254133940
Q6101481	6000000009465327597
Q61015	6000000007329537632
Q6101512	6000000013689726082
Q6101516	6000000035681885234
Q61018562	6000000176351323823
Q61019032	6000000036733906939
Q61020628	6000000002188468258
Q6102086	6000000177009297847
Q61021863	6000000028685813462
Q61022	6000000076879981476
Q61022067	6000000028684470620
Q61022690	6000000005391483298
Q61022904	6000000022684152263
Q61023	6000000016849559524
Q61023335	6000000015817365065
Q6102475	6000000177087543835
Q610252	2641501
Q6102558	6000000118844425831
Q6102575	6000000087022463903
Q610267	6000000076891249832
Q6102686	6000000038411763931
Q61027229	6000000029032009254
Q61030	6000000022161976285
Q610327	5580042203580085522
Q6103352	6000000012408507349
Q61037	6000000000413134495
Q6103749	6000000177257794822
Q61038776	6000000006348499336
Q61038837	302028329900005574
Q6103950	6000000011038091877
Q61041257	6000000015171015305
Q6104126	6000000003273361359
Q61041266	6000000015780348321
Q61041270	6000000015326375475
Q61041271	6000000027538437849
Q61041341	6000000001122357647
Q61041620	6000000011920087040
Q61041688	6000000063642443949
Q61043	6000000002764833784
Q61043074	6000000018689765235
Q61043676	6000000069564118056
Q61045	6000000132419490822
Q6104500	6000000031496383178
Q61045757	6000000179924161828
Q610459	6000000078848189742
Q61046	6000000010638873262
Q610462	6000000021501697011
Q61046228	6000000069706589038
Q61046230	6000000069706639095
Q6104816	6000000012690180441
Q6104841	6000000023910320225
Q61048947	6000000015509357126
Q6104895	6000000046558257945
Q61049	6000000021916691718
Q6104903	6000000012494880252
Q6104942	6000000033499452500
Q6104974	6000000015404985001
Q61050162	6000000053056400846
Q6105097	6000000025184939007
Q6105116	6000000058016417011
Q61051586	6000000207558412905
Q61052149	6000000077289926979
Q61052174	6000000025264987665
Q61052384	6000000036484403975
Q61052678	6000000044368648114
Q61052678	6000000209576251845
Q61052679	6000000209576504835
Q6105295	6000000179312567883
Q61053	6000000178794334987
Q610532	6000000115436689932
Q61053256	6000000177619630906
Q61053335	6000000079602283855
Q610539	6000000108525438957
Q61054337	6000000172822733826
Q61054369	6000000172685706928
Q61054391	6000000172657756027
Q61054425	6000000078825176839
Q61054443	6000000172578812109
Q61054449	6000000004567300004
Q6105456	6000000013429493311
Q61054612	5044742529380124608
Q6105601	6000000000338622455
Q61056295	6000000183873127821
Q6105665	6000000001759075459
Q61056660	6000000001812358374
Q6105675	6000000041959969501
Q6105710	6000000001183149525
Q610575	6000000009367285318
Q6105750	6000000013416721706
Q6105777	6000000054382263821
Q6105793	6000000020377468306
Q61058	283035809720006021
Q6105824	6000000001363776493
Q61059	6000000010555935275
Q6105938	6000000139664631928
Q6105956	6000000044517191274
Q6106020	6000000091404181035
Q61060704	6000000090142548972
Q610608	6000000031580472397
Q61060870	6000000031453468276
Q61061297	6000000059829316054
Q61061524	6000000003827685088
Q61061722	6000000027292612525
Q6106183	6000000035344678638
Q61061976	4967773956380039067
Q61061987	4967760823770029270
Q61061991	6000000007123171584
Q61062073	6000000010591477210
Q61062213	6000000029098888767
Q61062274	6000000006577031946
Q610626	6000000009982781359
Q61064	6000000024513335384
Q610648	6000000036439172892
Q6106488	6000000035708611828
Q6106640	6000000000448830471
Q6106644	6000000012772044014
Q6106646	6000000161471049823
Q6106774	6000000013413197395
Q6106781	6000000027627449208
Q6106795	6000000010061946937
Q61068753	6000000025081859979
Q61068759	6000000160289382828
Q61068858	6000000077698855263
Q61068877	6000000175490155957
Q61068916	6000000091164880852
Q61068958	6000000018048801308
Q61069004	6000000008279450432
Q61069319	6000000016177657324
Q6106944	6000000033739667204
Q61069684	6000000013048777647
Q6106971	6000000009928150694
Q610698	6000000001169157385
Q6106988	6000000013433693768
Q61069947	6000000165980171197
Q6107	6000000009083519278
Q61070137	6000000056752373906
Q61070298	6000000028791047388
Q61070511	6000000043045622766
Q61070661	6000000053485931060
Q61070703	6000000026384406744
Q61071	6000000016728900287
Q610716	6000000029340719476
Q6107182	6000000019470179413
Q6107264	374103104000012311
Q6107323	6000000016684500306
Q6107362	6000000022656994268
Q61074	6000000025085491685
Q610743	6000000003493143684
Q6107430	6000000033685070916
Q6107506	6000000012993870264
Q610767	6000000075354907877
Q61078	6000000002765671833
Q610783	6000000031189031215
Q610788	6000000005066298567
Q61078863	6000000186056018962
Q61078875	6000000015073089642
Q61078879	6000000005745755561
Q61078939	6000000019792834346
Q61078941	6000000031911766866
Q61078942	6000000049349904823
Q61078955	6000000074777962897
Q61079	4540802
Q61079007	6000000008952461783
Q610800	6000000093280450871
Q61080039	6000000002619617043
Q6108016	6000000185425425897
Q61080289	6000000008132958802
Q6108040	6000000003110356117
Q6108094	6000000001089138076
Q61081152	6000000002810367578
Q61081203	6000000018567635162
Q61081241	6000000037565668288
Q6108129	6000000073631862885
Q61081602	6000000011995236259
Q6108161	6000000185162081842
Q6108165	6000000003571235126
Q61081824	6000000011021897913
Q61081993	6000000018164404286
Q61082174	6000000018407699518
Q6108325	6000000002188434997
Q6108329	6000000001758993686
Q6108447	6000000050097124281
Q6108509	6000000034070527909
Q6108520	6000000000075947914
Q61086073	6000000005599175553
Q61087159	6000000011361292946
Q61087504	6000000069551332853
Q610882	6000000005910492888
Q61089790	5449304147750035761
Q61090	6000000031572743139
Q6109139	6000000030126465493
Q6109213	6000000078071983819
Q61092194	6000000029939047840
Q61092568	6000000018186611403
Q61092603	6000000076246871866
Q61093	6000000001469968240
Q61093150	6000000172281752198
Q61093322	6000000172256829877
Q61093590	6000000023449558230
Q61093630	6000000172255274927
Q61093691	6000000062654031032
Q61094130	6000000007330657353
Q6109414	6000000014168859504
Q6109451	6000000003216083521
Q6109517	6000000218365400850
Q6109572	6000000127641251900
Q6109574	6000000182414645824
Q6109587	6000000047375403948
Q6109593	6000000140506559834
Q6109633	6000000005762795381
Q6109673	6000000035983738605
Q61097	6000000004953005312
Q6109748	6000000005295300014
Q6109753	6000000170767407920
Q6109800	6000000088919531832
Q6109803	6000000179704378018
Q610981	6000000027630387727
Q6109832	6000000014462482603
Q6109855	6000000134635598829
Q6109913	6000000011921562363
Q6110021	6000000013313135855
Q6110070	6000000027779077519
Q6110120	6000000005387410740
Q6110121	6000000022306836282
Q6110143	6000000002447381692
Q611016	6000000085965544821
Q61102260	6000000001180243736
Q61102628	6000000121184829312
Q61102784	6000000038880194549
Q61102825	6000000122224963033
Q61102907	6000000006352101501
Q61102994	6000000035392213080
Q61103	6000000000307247496
Q61103177	6000000057184687880
Q61103289	6000000012832882801
Q61103326	6000000008670259033
Q61103352	6000000000568498170
Q61103394	6000000038963033446
Q61103533	6000000038428087243
Q61103558	6000000067068683821
Q611037	6000000020543640461
Q61103785	6000000000041641385
Q61104	6000000000051793774
Q61104009	6000000143169916933
Q61104144	6000000134093562011
Q61104302	6000000148032888999
Q61104498	6000000010815235616
Q61104597	6000000003226798775
Q61104606	6000000003050317626
Q61104611	6000000000697949425
Q61104672	6000000132496500822
Q61104713	6000000002343860396
Q61104721	6000000008260122205
Q61104733	6000000007025259323
Q61106	6000000041318121292
Q61106306	6000000172254311220
Q61106423	6000000172251604685
Q61106973	6000000172191947959
Q61107688	6000000172189766970
Q61108070	6000000172112643835
Q61108125	6000000172111991245
Q61108293	6000000172113002965
Q611085	6000000017094413089
Q61108606	6000000172084272057
Q61108823	6000000172083788265
Q61108982	6000000022756781761
Q61108998	57436
Q61109126	6000000172082407089
Q61109159	6000000008933436648
Q61109161	6000000120127517881
Q61109213	6000000018069267649
Q61109214	6000000017926567725
Q61109289	6000000038065589206
Q61109308	6000000009975167456
Q61109414	6000000025621174952
Q611096	6000000053108605959
Q61109624	6000000011469951037
Q61109730	6000000009986913051
Q61109769	6000000011802305172
Q61109776	6000000010615662703
Q61109986	6000000022683743600
Q61110	6000000072088450834
Q6111001	6000000075958699865
Q61110108	6000000008918881778
Q61110324	6000000084617279444
Q61110485	6000000007425842749
Q61110930	6000000026813140212
Q61110938	6000000009803603933
Q61111048	6000000007932632538
Q61111075	6000000023853749368
Q61111083	6000000002935283316
Q61111192	6000000006720722529
Q61111278	6000000039256873872
Q61111288	6000000002337511477
Q61111303	6000000077850493932
Q61111324	6000000003432184538
Q61111655	6000000010244270305
Q61111708	6000000008287054127
Q61111764	6000000007225335574
Q61111777	6000000082893901051
Q61111794	6000000009618026176
Q61111863	6000000007239356322
Q61111883	6000000030023338996
Q61111888	6000000036903151108
Q61111890	6000000008112696070
Q6111228	6000000026186969548
Q61112536	6000000219983728837
Q6111305	6000000004259805103
Q6111356	6000000001808904235
Q6111360	6000000028486169403
Q61113627	5096856034090070584
Q61113966	6000000203015056862
Q61114237	6000000203015588841
Q6111424	6000000007379797619
Q61114348	5596658056070058372
Q6111524	6000000012609038625
Q611160	6000000007119132331
Q61116167	6000000076393035990
Q61116968	6000000015669472173
Q6111699	6000000039916000076
Q6111737	6000000066108631913
Q61117738	6000000024709082896
Q61118630	6000000002421152023
Q6111907	6000000036395105612
Q6112048	6000000080462334865
Q6112061	6000000054317686936
Q6112070	6000000004947556945
Q6112161	6000000001688663339
Q6112163	6000000027947289653
Q6112175	6000000013618968151
Q6112177	6000000059318715232
Q61121973	6000000051953938008
Q6112234	381928957350006659
Q6112283	6000000005227347132
Q61123	6000000131270394871
Q611232	6000000079066524533
Q61124590	6000000034390045217
Q6112463	6000000178065025828
Q61124950	6000000172119866692
Q61125523	5703989125850116592
Q6112587	6000000094613229892
Q6112613	6000000016975521723
Q6112617	6000000016975325553
Q61126444	6000000036133646941
Q6112691	6000000057344629849
Q61127	385243216040011958
Q61127036	6000000008940753447
Q61127100	387966371340007337
Q6112720	6000000015128066563
Q6112727	6000000085468482880
Q61128	6000000057975623929
Q6112800	6000000025154362340
Q6112831	6000000021263732446
Q6112847	6000000012270530522
Q6112995	6000000000489346579
Q6112998	323976509540002753
Q6113053	6000000067764013897
Q6113084	6000000114666559884
Q61132	6000000041367869420
Q611320	6000000007789593381
Q61132363	6000000014803944782
Q611327	6000000019587861323
Q6113276	6000000007509707856
Q61132917	6000000019543565185
Q61132920	6000000019543494138
Q6113324	6000000010994480733
Q6113326	6000000011929174260
Q6113345	6000000147743221843
Q6113377	6000000008630347113
Q6113428	6000000000393956239
Q6113494	6000000008522260224
Q6113511	6000000026621679843
Q611352	6000000025792977825
Q6113531	6000000002043183656
Q6113555	6000000035604288819
Q61136	6000000002351214534
Q611362	6000000076235354829
Q611363	6000000127537201947
Q6113645	6000000041426652848
Q6113663	6000000031178545967
Q6113671	6000000139031356831
Q61136769	6000000083768566127
Q61136773	6000000049592146028
Q6113690	6000000029200651840
Q61137143	6000000078483132230
Q61137903	6000000012761714407
Q6113799	6000000006824640040
Q611384	4101712813520031801
Q611385	6000000041591376065
Q6113863	6000000014851703629
Q6113874	6000000031959526085
Q61139175	6000000006727858125
Q61139297	6000000007523426501
Q61139349	6000000025651231181
Q61139374	6000000025875082214
Q61139374	6000000078171890833
Q61139783	6000000006821069197
Q61139839	6000000001504702001
Q61139839	6000000016991756284
Q61139845	6000000006727862515
Q61139993	6000000010330967649
Q6114002	6000000056341323153
Q61140050	6000000009666658712
Q61140062	6000000003827611638
Q61140108	6000000015267815402
Q61140117	6000000006727830102
Q61140248	6000000014731086952
Q61140277	6000000009959698742
Q61140367	6000000003827746857
Q61140373	6000000003827746851
Q61140375	6000000003827167160
Q61140376	6000000003827746838
Q61140377	6000000003827746824
Q61140380	6000000003827746810
Q611405	6000000002457088008
Q61140540	6000000017370246065
Q61140546	6000000041659889197
Q61140743	6000000075577953889
Q6114075	6000000004372246799
Q6114281	6000000032656622826
Q6114343	6000000069375389127
Q6114554	6000000003687349602
Q6114566	6000000022603552332
Q61146	6000000014567582119
Q6114605	6000000009246043551
Q61147	6000000180929049822
Q6114726	6000000002979131067
Q6114763	6000000002810511029
Q6114767	6000000066186394895
Q6114941	6000000020910483661
Q6115039	3922620025910041644
Q61151	6000000075336714051
Q611518	6000000114818309822
Q61153723	6000000012734946259
Q6115390	6000000015132058941
Q61155	6000000001543450275
Q61155623	6000000071451681468
Q61156	6000000149595643237
Q6115730	6000000018547564925
Q6115748	6000000026923097328
Q6115864	6000000002465275895
Q6115904	6000000053961810826
Q61159087	367816058860002247
Q611595	6000000017573979105
Q6115971	6000000126842242851
Q61161331	6000000128860143841
Q6116204	6000000073414115652
Q6116248	6000000184869839844
Q611633	6000000003088649491
Q611638	6000000117150347842
Q61165044	6000000012003022878
Q6116588	6000000025142161876
Q61166	6000000083790741098
Q6116635	6000000029038984520
Q611670	6000000020905426405
Q6116702	6000000041910201936
Q611672	6000000173919080844
Q611673	6000000006356756010
Q6116763	6000000031998159381
Q61171	4369399430280014456
Q6117255	6000000103444802822
Q6117296	6000000185310097929
Q6117393	6000000034978473563
Q6117415	6000000176835711833
Q61175	6000000016810585420
Q6117636	6000000042443275946
Q6117643	6000000051807427840
Q6117658	6000000076393122175
Q6117663	6000000001758968603
Q61176755	6000000015270768350
Q611769	6000000011309638553
Q61177337	6000000082984184982
Q61177512	6000000014114387219
Q61177857	6000000015110173835
Q6117788	6000000118407236113
Q61178	6000000002764429835
Q6117843	6000000014212827041
Q61178846	6000000004967875224
Q61179680	6000000015179865759
Q6118118	6000000014167457914
Q611815	6000000073106571821
Q611817	6000000015519745032
Q611821	6000000092443256932
Q6118288	6000000008570210448
Q6118310	6000000019336425626
Q6118314	6000000016706389136
Q6118330	6000000007259161279
Q6118331	6000000006917666143
Q6118332	6000000108538143901
Q6118339	6000000012737547372
Q6118346	6000000020676786699
Q6118353	6000000019872391872
Q6118366	6000000011927879758
Q6118375	6000000003670764713
Q6118378	6000000035591575009
Q6118400	6000000004571320637
Q6118418	6000000104705766821
Q611846	6000000063787407924
Q6118522	6000000031203403026
Q6118524	4539383269060042894
Q6118535	6000000081665979931
Q6118558	6000000000728592654
Q6118610	6000000077084510996
Q6118627	6000000041288400965
Q6118637	6000000027575820484
Q6118656	6000000020785569070
Q611866	6000000072422807890
Q6118665	6000000000689008388
Q6118683	6000000155090316834
Q6118707	6000000107500439854
Q6118740	6000000003582516330
Q6118741	6000000077947560834
Q6118753	6000000017034920085
Q6118759	6000000054843643078
Q6118780	6000000040420638405
Q6118784	305669554430003846
Q6118792	6000000000029320750
Q6118810	6000000003101454594
Q6118817	6000000104735535128
Q6118820	6000000006589193834
Q6118825	1545827
Q6118855	6000000012118188792
Q6118856	6000000006589193901
Q61188799	6000000147264920043
Q61189	6000000077020173181
Q611891	6000000010847523033
Q61189192	6000000076637886108
Q6118939	6000000002898053683
Q61190	6000000020438002294
Q6119012	6000000105783675224
Q6119027	5632605115540082659
Q6119065	6000000077766433143
Q6119069	6000000052842787851
Q6119092	6000000016477162999
Q6119096	6000000065500288822
Q61191	6000000083647026873
Q6119112	6000000009607017474
Q6119114	6000000009514324988
Q6119116	6000000009607153132
Q6119120	6000000036651584115
Q6119143	6000000070705352443
Q6119168	6000000003562197016
Q6119184	6000000048075067852
Q6119188	6000000176831273864
Q6119204	6000000166470719821
Q6119206	6000000018113030525
Q6119219	6000000153776210857
Q61192387	6000000018853685630
Q611924	6000000033911400920
Q6119241	6000000012047100581
Q6119276	6000000056816618877
Q6119280	6000000046348659246
Q6119320	6000000015146662295
Q6119334	6000000002536774067
Q6119353	6000000012570120955
Q6119367	6000000024568574065
Q6119368	6000000000820474679
Q6119377	6000000038833536328
Q6119408	6000000035897142197
Q6119410	4440088
Q61194318	6000000175990217854
Q6119474	6000000014443224986
Q6119481	6000000026562415414
Q6119490	6000000018214024075
Q6119530	6000000002753063462
Q611956	6000000015987353648
Q6119609	6000000002426013725
Q6119702	6000000002188386684
Q61197668	6000000010762989563
Q61197676	6000000031150046341
Q61197686	6000000072395010826
Q61197691	6000000098108884021
Q61197693	6000000038224308988
Q61197695	6000000111075838868
Q61197697	6000000014553453031
Q61197711	6000000078124543934
Q61197724	6000000025619484261
Q61197743	6000000002404586491
Q61197764	6000000002404704764
Q61197772	6000000032059081222
Q61197773	6000000011308866273
Q61197838	6000000173674297954
Q61197876	6000000002764373239
Q61197877	6000000017102661518
Q61197907	6000000010827821048
Q61197983	6000000038195828509
Q61198055	6000000088381227913
Q61198061	6000000022228749252
Q61198063	6000000010571450035
Q61198074	6000000052565011923
Q61198131	6000000034625652921
Q61198137	6000000016481377306
Q6119814	6000000003177844928
Q61198141	6000000178349712821
Q61198167	6000000013667466069
Q61198174	6000000138666301825
Q61198191	6000000003139150568
Q61198233	6000000017451643668
Q61198238	6000000002800222748
Q6119826	4206765
Q61198357	6000000018000176290
Q61198360	6000000056702993001
Q61198435	6000000179290095850
Q61198437	6000000136776245898
Q61198440	6000000143834543922
Q61198534	6000000074686979199
Q61198548	6000000172752134979
Q61198697	6000000015973425369
Q61198710	6000000015212089874
Q61198775	6000000013699880686
Q61198912	6000000078552214883
Q61198984	324682004060007918
Q61198996	6000000180183669842
Q61199013	6000000002765045622
Q61199058	6000000016041903841
Q61199217	6000000164941420839
Q61199278	6000000116526596853
Q61199300	6000000067759199921
Q61199309	6000000067761385833
Q61199620	6000000033060731394
Q61199906	6000000008241185447
Q61199924	6000000002764690211
Q61199964	6000000075516449832
Q61200213	6000000137645681828
Q61200221	6000000063822466160
Q61200271	6000000016823277396
Q61200278	6000000011402108826
Q61200337	6000000183249954836
Q61200353	6000000178717076878
Q61200434	6000000026322790830
Q61200508	6000000084568883850
Q612023	6000000041360141789
Q6120253	6000000183826055877
Q61202639	6000000030904438780
Q612027	6000000015135716035
Q612029	6000000038174979058
Q61203	6000000006408985760
Q6120345	6000000144435791828
Q6120372	6000000031554024000
Q6120394	6000000092456405085
Q6120486	6000000025503228313
Q61205	6000000180737608909
Q6120511	6000000000116789941
Q6120528	6000000011525128443
Q6120571	6000000011975868277
Q6120581	6000000039892999152
Q6120634	4693110009900066997
Q6120636	6000000026118377215
Q6120674	6000000023615788096
Q61207	6000000002447248679
Q6120734	6000000010123386791
Q6120799	6000000185385060838
Q61208	6000000002188424551
Q612080	6000000045869800850
Q6120815	6000000037006303057
Q612083	6000000172935991114
Q6120836	6000000037628657188
Q6120839	6000000002979739042
Q6120856	6000000030272319461
Q6120866	6000000004057529663
Q6120874	6000000082995078429
Q6120931	6000000004347560495
Q6120939	6000000017737240181
Q6120969	6000000002636423082
Q6120989	6000000026090894730
Q6121067	366114237150013315
Q6121077	6000000038914969845
Q6121143	6000000051349789882
Q6121156	4815566143470026453
Q61211811	6000000024888391596
Q6121185	6000000002183650995
Q6121237	6000000005020838444
Q61212815	6000000001180387550
Q61213379	6000000041344770612
Q6121395	316735432380008306
Q61214	6000000001438792176
Q6121424	6000000002188099769
Q6121547	6000000006735148417
Q6121559	5009347636030138579
Q6121572	6000000002537892702
Q6121577	6000000006420818374
Q6121584	6000000044304435871
Q61216019	6000000009008699776
Q61217	6000000036168659081
Q612177	6000000163841230877
Q6121770	6000000080337866954
Q612192	319857527340003290
Q6122082	6000000016612391988
Q61221	6000000002459840553
Q6122103	6000000028786270017
Q61222	6000000041344215572
Q6122208	6000000102052433827
Q61223	6000000002764436344
Q61227	6000000034058632287
Q6122740	6000000109740672900
Q6122923	6000000075265621061
Q612300	6000000015311081291
Q612332	6000000015678068677
Q61234	6000000007329537405
Q6123664	6000000010655228296
Q6123787	6000000032129822421
Q6123850	6000000022629664165
Q6123870	6000000082511464543
Q61239	6000000140161174946
Q6123960	6000000010654046431
Q6123972	6000000016196742997
Q6123994	6000000075401305047
Q61240	6000000041032136389
Q612408	6000000000944063530
Q61241	6000000007329537412
Q6124178	6000000179457793823
Q61243	6000000001536987528
Q6124331	4819489343800042025
Q612436	6000000010564853750
Q61245	6000000025086573301
Q612451	6000000046683963968
Q61246	6000000001435041398
Q612462	6000000025890212912
Q6124630	6000000007820568806
Q6124747	6000000009407162741
Q6124758	315415586980008969
Q6124807	6000000047634645821
Q61249092	6000000177802032863
Q6124913	6000000050903289123
Q6125032	6000000004588639376
Q612509	6000000142765526827
Q6125184	6000000000459336534
Q6125275	6000000015674291821
Q6125286	6000000023771859476
Q6125312	6000000080463038025
Q6125346	6000000003891024516
Q6125348	6000000078168761883
Q6125361	6000000019482710255
Q6125383	6000000022260109934
Q6125415	6000000016937594778
Q6125426	5443107426520117784
Q6125441	6000000028106635637
Q61255	6000000099920943976
Q6125570	5005507132500106668
Q6125573	6000000002026989919
Q6125598	6000000186212113895
Q6125637	6000000009317712036
Q6125663	6000000052104404934
Q6125993	6000000055472086931
Q61260	6000000025312502053
Q6126127	6000000007315892648
Q61263	6000000048073944128
Q612641	6000000017710493462
Q6126447	6000000023219706403
Q61265	6000000177194758899
Q61266	6000000008148545434
Q61268429	6000000006444283454
Q61268437	6000000005381077114
Q61268438	6000000000307262542
Q61268621	6000000030120783203
Q61268656	6000000178693847834
Q61268658	6000000012612474733
Q61268669	6000000019545338364
Q61268684	6000000007014484571
Q61268687	6000000179882590822
Q61268690	6000000017698451980
Q61268691	6000000023418687171
Q61268693	6000000002803191901
Q61268696	6000000039265953821
Q61270	6000000000307246398
Q612701	6000000009074422104
Q6127174	6000000016265140670
Q61274	6000000002605546398
Q6127439	6000000051387164911
Q612744	6000000024731085348
Q61277	6000000003443261907
Q6127741	6000000025298647272
Q6127766	6000000006145504965
Q61278459	6000000073058609212
Q61278476	6000000025107930189
Q61278535	6000000003827612046
Q61278543	6000000000550492423
Q61278650	4498594833180034000
Q6127888	6000000143879684929
Q61279	6000000007774390284
Q61279293	6000000074694854908
Q612796	6000000042790149191
Q6127968	6000000017756663826
Q61279771	6000000081526614417
Q6128017	6000000015874187721
Q612804	6000000035546610134
Q6128043	6000000002726798133
Q6128053	329131676240005743
Q6128116	6000000181431131850
Q612814	6000000018216009397
Q6128165	6000000034295682962
Q61281773	6000000083735431544
Q61282	6000000000628817279
Q6128239	6000000010480248505
Q6128240	6000000000969802770
Q6128254	6000000004318344630
Q61282652	6000000169800643194
Q61282919	6000000001544476681
Q6128347	6000000018377735488
Q6128374	6000000022104005860
Q6128383	6000000031848513857
Q6128391	6000000007528014256
Q6128399	6000000113362057825
Q6128405	6000000002188510734
Q6128409	6000000027898060447
Q61284139	6000000041582489994
Q6128456	6000000039216934620
Q6128482	6000000014533586534
Q6128487	6000000016129819445
Q6128490	6000000001672679021
Q6128497	6000000013652962901
Q6128500	6000000012417807259
Q6128501	6000000002169472063
Q6128503	6000000011037091379
Q61285040	6000000153041298963
Q6128509	6000000052766017821
Q6128517	6000000001720655389
Q6128537	6000000016908918604
Q6128573	6000000012972386716
Q612860	6000000073747645268
Q6128609	6000000014970917921
Q6128618	6000000077370916224
Q61286200	6000000175873222867
Q6128623	6000000019883955422
Q61286286	6000000175873115837
Q61286393	6000000175871598827
Q6128654	6000000104574321008
Q61286581	6000000001670154635
Q6128757	6000000020000049453
Q6128760	5551733089850120872
Q6128762	6000000140513497830
Q6128820	6000000180422394891
Q6128825	6000000002765016382
Q6128836	6000000000889055556
Q6128885	6000000001709821369
Q6128887	6000000007878958627
Q6128903	6000000057074781846
Q6128918	6000000008357197578
Q6128975	6000000035348122167
Q6128988	6000000006272725132
Q6128996	6000000040785857329
Q6129058	6000000064690755821
Q6129105	6000000018143353869
Q6129117	6000000023158556307
Q6129177	6000000012934642148
Q6129193	6000000031901833352
Q6129198	6000000013724915031
Q6129215	6000000000442625795
Q6129299	6000000007248915353
Q6129301	6000000018614033765
Q6129303	6000000011852090748
Q6129362	6000000010027731622
Q6129364	6000000000965029073
Q61294196	6000000033843316063
Q6129422	6000000019529261250
Q6129440	6000000047759223111
Q6129450	6000000084763513044
Q61294807	6000000024112427493
Q6129576	6000000018289947545
Q6129636	6000000000352381365
Q6129640	6000000012993033255
Q6129664	6000000016349700358
Q61297	6000000053140205486
Q6129718	6000000013013601656
Q6129719	6000000013014035867
Q6129740	6000000001299345026
Q6129768	6000000018967266083
Q6129812	5414026246610116810
Q6129844	6000000010318267284
Q6129846	6000000047268470124
Q6129850	6000000014842994021
Q6129861	4320893441180054240
Q6129886	6000000015680115038
Q6129910	6000000035247171819
Q61299330	6000000086200198849
Q6129996	6000000003845471643
Q6130001	6000000003604590917
Q6130005	6000000012821362306
Q6130022	6000000048325317014
Q6130037	6000000005386181702
Q6130048	6000000015921924023
Q6130098	6000000048216574895
Q613011	6000000040433317834
Q6130188	6000000067466922934
Q6130260	6000000083839778067
Q61303	6000000069672876913
Q613031	6000000081454844083
Q61303358	6000000002188593394
Q6130367	6000000046016410903
Q613038	6000000143391117821
Q6130406	6000000003229376532
Q6130424	6000000010235575938
Q6130425	6000000001319711550
Q6130429	6000000011627399045
Q6130429	6000000075505399317
Q6130430	6000000010024347250
Q6130471	6000000024094779409
Q6130487	6000000006598467122
Q61305172	6000000011627027065
Q6130528	6000000026841400622
Q6130543	6000000001384027281
Q6130548	6000000026163102269
Q61305492	6000000012826338200
Q61305648	6000000013869807662
Q6130584	6000000000857156048
Q6130586	6000000002112707514
Q6130589	6000000005598808497
Q6130590	6000000003243324279
Q6130592	6000000003243285102
Q6130593	6000000008299278932
Q6130597	6000000008299609296
Q613061	6000000061014603821
Q6130631	6000000029408098318
Q61306471	6000000024999058599
Q61306555	6000000049228395047
Q613071	6000000012431920565
Q6130751	6000000044298244578
Q6130800	6000000001985319466
Q6130844	6000000084660293931
Q6130868	6000000003016380993
Q6130872	6000000144799397998
Q6130881	6000000002333778285
Q6130920	6000000075326908347
Q6130952	6000000046351903821
Q6130971	6000000017168577713
Q6130992	6000000013601829296
Q6131012	6000000013403826391
Q6131042	6000000016300540454
Q6131044	6000000029935259835
Q6131046	6000000154697316847
Q6131053	6000000003262403751
Q6131068	6000000010047883060
Q61310695	6000000005785750038
Q61310725	6000000002941504591
Q61310743	6000000005785579118
Q61310936	6000000005785437175
Q61311	6000000036573545610
Q61311257	6000000004869028515
Q61311264	6000000004869028529
Q61311277	6000000004869028543
Q61311308	6000000004869028557
Q61311318	4586360053510085903
Q61311328	4586362686060030599
Q6131148	6000000032600915371
Q6131153	6000000013332261072
Q6131180	6000000174677355541
Q6131184	6000000000125785253
Q6131195	6000000031637274285
Q6131200	6000000001772014152
Q6131224	6000000009887094814
Q6131248	6000000030874692334
Q6131249	6000000076564858834
Q6131251	6000000019357657239
Q6131256	4185938383880030460
Q61312775	6000000213237054823
Q6131286	6000000019412763423
Q6131290	6000000085395906821
Q6131303	6000000001238285986
Q6131317	6000000026270253512
Q61313297	6000000026935748483
Q613136	6000000006440556818
Q61313610	6000000000903487280
Q61313612	6000000003794081222
Q61313720	6000000006875137282
Q61313820	6000000008262617721
Q6131409	4059928856900010120
Q6131422	6000000034170176352
Q61314251	6000000002176608911
Q61314256	6000000175869926821
Q61314269	6000000003645832663
Q61314304	6000000196273751823
Q61314346	6000000019032360275
Q61314625	6000000003822948061
Q61314692	6000000046473625987
Q61314714	6000000175795737840
Q61314728	6000000175793650834
Q61314731	6000000175772081844
Q61314734	6000000175749227871
Q61314741	6000000175746187917
Q61314749	6000000175746381866
Q61314777	6000000175676171833
Q61314785	6000000175606129854
Q6131479	6000000012094360145
Q61314804	6000000175584524897
Q6131496	6000000083109403156
Q61314971	6000000175420426982
Q61314989	6000000174544601511
Q6131500	6000000009213125704
Q61315147	6000000043858558821
Q6131521	6000000061534883943
Q6131531	6000000004594399193
Q6131596	6000000035961511262
Q6131598	6000000007062095543
Q6131610	6000000008630201727
Q6131611	6000000008630701902
Q6131678	6000000004088839175
Q6131694	6000000052064756873
Q6131701	6000000033132545149
Q6131707	6000000014874764277
Q6131741	6000000034913750740
Q6131799	6000000034037952683
Q61318	3196368
Q6131807	6000000025557200211
Q6131813	6000000000743625883
Q6131815	6000000006360237399
Q6131820	6000000005250139683
Q61318704	6000000051519309850
Q61318792	6000000051518685221
Q6131887	6000000020184748855
Q6131924	6000000057074674883
Q6131935	6000000030954674404
Q6131984	6000000002613324440
Q6131994	6000000002333692902
Q6131998	6000000034640884913
Q6132026	6000000089007483855
Q6132032	6000000008333459792
Q6132045	933048
Q61321	6000000071740300872
Q6132126	6000000014225835926
Q61321429	6000000019824029891
Q61322	6000000196287451897
Q6132268	6000000049743634832
Q6132298	6000000025424539065
Q61323	6000000008375531650
Q6132314	6000000015059577591
Q6132323	6000000001617172960
Q6132370	6000000041668129444
Q6132383	6000000050314120036
Q6132385	6000000154939588889
Q6132403	6000000005437990636
Q6132411	6000000010289328965
Q61324279	6000000011627662899
Q6132433	6000000039068624324
Q6132456	6000000007007319384
Q6132462	6000000013432338246
Q6132473	6000000024861143101
Q6132489	6000000015633165429
Q6132491	6000000006289959896
Q6132523	6000000014990658586
Q6132560	6000000026885930910
Q6132590	6000000029437428124
Q613264	6000000024558347855
Q6132642	6000000041862595029
Q6132697	4586649944810086142
Q61327751	6000000002175485994
Q6132801	6000000023133731471
Q6132843	6000000018294361582
Q6132856	6000000079363477343
Q6132882	6000000012994941563
Q6132886	6000000036265118449
Q6132888	6000000012994701764
Q6132934	6000000019859028748
Q6132938	6000000002115996121
Q6132949	6000000016943995877
Q61329727	6000000175356411097
Q6132982	6000000031116808904
Q6132984	6000000017957801751
Q6132986	6000000031116036930
Q61329897	6000000175354481099
Q6133004	6000000024644240597
Q61330073	6000000140007203838
Q61330277	6000000148656439926
Q61330362	6000000175259147874
Q6133048	6000000067337143918
Q61330495	6000000175256417241
Q6133086	6000000005761678404
Q613313	6000000010103212207
Q6133135	6000000037453558255
Q6133186	6000000000443365167
Q613319	6000000079659777226
Q6133226	6000000015960385872
Q6133265	6000000059084831004
Q6133267	6000000003137142632
Q6133272	6000000004558270331
Q6133296	6000000027208600338
Q6133320	6000000036206929110
Q6133330	6000000109497740872
Q6133336	6000000013103676693
Q6133348	6000000028976789291
Q6133349	6000000048485802959
Q6133355	6000000032367990287
Q6133387	6000000019311123358
Q6133417	6000000015374271037
Q6133424	6000000040783315138
Q6133451	6000000012611408387
Q6133453	6000000015865037013
Q6133499	6000000002115872500
Q6133501	6000000018668438113
Q6133505	6000000010007407366
Q6133534	6000000034333186937
Q6133549	6000000024530203373
Q6133554	6000000005943794052
Q6133561	6000000008619005956
Q6133621	5338698768560047536
Q6133644	6000000019540206015
Q6133689	6000000152592490841
Q6133705	6000000174447382855
Q6133715	6000000012994528917
Q6133718	6000000019011103940
Q6133743	6000000055358967182
Q6133744	6000000002151513498
Q6133751	6000000018466316750
Q6133786	6000000004047263978
Q6133832	6000000013260369168
Q6133846	6000000001130972181
Q6133848	6000000027641154817
Q6133850	6000000077691917141
Q6133860	5084277653660135307
Q6133890	6000000003615291163
Q6133902	6000000064629157936
Q6133918	6000000014837831521
Q6133923	6000000006444174487
Q6133926	6000000001608850335
Q6133966	6000000005954948327
Q613397	6000000008173389250
Q6133970	6000000008630789750
Q6133991	6000000030967193197
Q6133997	6000000030191115938
Q6134032	6000000014826835418
Q6134034	6000000050791978927
Q6134041	6000000032939393674
Q6134061	6000000175998392822
Q6134077	6000000003043264178
Q6134079	6000000033645498412
Q6134102	6000000011071096589
Q6134115	6000000013694661195
Q6134150	6000000059400974983
Q6134158	6000000166866364201
Q6134176	6000000033542305105
Q6134180	6000000020865643011
Q6134188	4873789798100081136
Q6134196	6000000003232722227
Q61342	6000000019398830694
Q6134208	6000000087183304861
Q6134230	6000000017693975529
Q6134244	6000000002262353426
Q6134244	6000000023459492906
Q6134248	6000000011038124575
Q6134255	6000000004088544918
Q6134306	6000000028976758374
Q6134311	6000000155042919855
Q6134449	6000000019151719018
Q6134452	6000000019199128708
Q61344702	6000000000664469538
Q6134499	6000000013202140745
Q61345	6000000001194822688
Q6134500	6000000001474301121
Q6134516	6000000027206170557
Q6134548	6000000012432374950
Q6134561	6000000010002296139
Q6134565	6000000018370565545
Q6134572	6000000014565179173
Q6134577	6000000103642832855
Q6134578	6000000006368314017
Q6134661	6000000046904379978
Q6134669	6000000090318919825
Q6134699	6000000046508090850
Q6134727	6000000074011577891
Q6134813	5017755698640074274
Q6134815	6000000005759408407
Q6134846	6000000002898218472
Q6134848	6000000018173602024
Q6134862	6000000033233155286
Q6134880	6000000000306118314
Q6134900	6000000147788051834
Q6134916	6000000134657947890
Q6134927	6000000003221223988
Q6135004	6000000011203764108
Q6135005	6000000011203910766
Q6135007	373858251250007014
Q6135008	6000000011595456409
Q6135010	6000000011594970058
Q6135011	6000000011203130988
Q61350152	4043257350580028094
Q6135022	6000000003856088969
Q61350842	6000000015405884467
Q61351	4319972704230031309
Q6135105	6000000074692007155
Q6135157	6000000076214433938
Q6135188	6000000022967718406
Q6135206	6000000033642608324
Q6135258	6000000033525953992
Q6135260	6000000062836205821
Q6135268	4402050701820085231
Q6135275	6000000005748388052
Q6135276	6000000142186030821
Q6135287	6000000126047219293
Q6135289	6000000071619395347
Q61353	6000000019098254675
Q6135327	6000000017867026219
Q6135353	6000000003140585102
Q6135373	6000000009047081692
Q6135374	6000000000019890839
Q6135382	6000000024266506556
Q6135383	6000000002946571144
Q613539	6000000015095505359
Q6135424	6000000026222247492
Q6135427	6000000019738829631
Q6135431	6000000018847167732
Q6135434	6000000013384273017
Q6135445	6000000018239059312
Q6135474	6000000006769998340
Q6135478	5572590710510044990
Q6135487	6000000140192457839
Q6135515	6000000044212593012
Q6135521	6000000003197640991
Q6135527	6000000177773149847
Q6135565	6000000013698011344
Q6135599	6000000000350815666
Q613563	6000000081051220937
Q6135713	6000000079210464946
Q6135734	6000000018860022051
Q6135744	6000000016454204818
Q6135750	6000000022720992956
Q61358056	6000000013383182175
Q6135821	6000000020419702010
Q6135834	6000000039681743218
Q6135835	6000000004181676014
Q6135838	6000000009451212699
Q61358519	6000000013733445657
Q61358540	6000000013383225700
Q6135856	6000000065916368929
Q61358593	6000000024246846870
Q6135876	6000000013831446007
Q6135880	6000000012245865981
Q6135884	6000000042264293822
Q6135886	6000000059374118895
Q61358972	6000000023052145830
Q613590	6000000078370907935
Q6135904	6000000009729135787
Q6135910	6000000028073266546
Q6135912	6000000029011756022
Q6135946	6000000041056247827
Q6135963	6000000167581518099
Q6135970	6000000190185342926
Q6135975	6000000105978404821
Q6135979	6000000007709325250
Q6135983	6000000028244392768
Q6135995	6000000023360382460
Q61360	4694265
Q6136005	6000000036012435548
Q6136064	6000000078354353627
Q6136067	6000000000020186457
Q6136081	6000000027817132354
Q61361	6000000177931151823
Q6136165	6000000042768165504
Q6136215	6000000041571899806
Q6136223	6000000002188520265
Q6136226	6000000014092699418
Q6136288	6000000061148228413
Q6136296	6000000006581640759
Q6136296	6000000028729262313
Q6136330	6000000027773383180
Q6136337	6000000014897258971
Q6136344	6000000012995641033
Q6136373	6000000018088591929
Q6136389	6000000047460854356
Q6136564	6000000013568916889
Q6136567	6000000013568835518
Q6136585	6000000089308960123
Q6136623	6000000002120211531
Q6136771	6000000017428577269
Q6136785	6000000183417815203
Q6136790	6000000021421759203
Q6136796	6000000014094595767
Q6136797	6000000042893519788
Q6136797	6000000089112142870
Q6136813	6000000015132550182
Q6136828	6000000018012420496
Q6136864	6000000000891990673
Q6136906	6000000036513187036
Q613692	6000000014147621205
Q6136944	6000000016234456239
Q6136964	6000000033270198105
Q6136995	6000000046005267865
Q6136999	6000000010628422702
Q6137002	6000000039364183314
Q6137010	6000000015515968954
Q6137028	6000000014148353306
Q6137059	6000000012687067667
Q6137064	6000000001868073046
Q6137143	6000000083813881097
Q6137200	6000000075993066118
Q6137210	6000000027379829072
Q6137244	6000000004086366380
Q6137271	6000000106733441821
Q6137307	6000000007980018376
Q6137307	6000000178288927840
Q6137331	6000000012651823646
Q6137379	6000000031781694974
Q61374	6000000096383550073
Q6137410	6000000009393212865
Q6137442	6000000103178905079
Q6137504	6000000004047856787
Q6137514	6000000012605338350
Q6137542	6000000014874762817
Q6137546	6000000054362346862
Q6137598	6000000021970220445
Q61376	6000000122267075844
Q6137710	6000000061910325947
Q6137768	6000000020020415829
Q6137853	6000000105258385229
Q6137877	6000000003286343561
Q613794	6000000041326939242
Q6137969	6000000049748202841
Q6137973	6000000025292788889
Q6137990	6000000019202284553
Q6138037	6000000020126929266
Q6138078	6000000009794479759
Q6138080	6000000027590131292
Q6138121	6000000016755068867
Q6138128	6000000031065556507
Q6138142	6000000029152266877
Q613815	6000000007955145361
Q6138174	6000000003076697232
Q6138274	6000000011541201402
Q6138277	6000000033852373334
Q6138304	6000000046027932973
Q6138311	6000000003571707193
Q6138342	6000000064681713928
Q6138362	6000000073420846955
Q6138428	6000000060911408875
Q613846	6000000168826922111
Q613852	6000000009307453363
Q6138565	6000000020528575501
Q6138572	6000000008101510517
Q6138589	6000000015732878030
Q6138590	6000000006348740206
Q6138604	6000000026473600513
Q6138621	6000000016442445412
Q6138639	5569897521920071799
Q613864	6000000004044922326
Q6138665	6000000002747005556
Q6138667	6000000013909376050
Q6138693	6000000026649249334
Q6138694	6000000041608577546
Q6138700	6000000013136529199
Q6138751	6000000018272227031
Q6138782	6000000175883154826
Q61387828	6000000068216071941
Q6138786	6000000042418606473
Q6138827	2504356
Q6138829	6000000009397995340
Q6138831	6000000009607228735
Q6138841	6000000020229261088
Q6138870	6000000015796005569
Q6138890	6000000028121865154
Q6138901	6000000014736944385
Q6138920	6000000056586531880
Q6138929	6000000005441559628
Q6138938	6000000074145430821
Q6139020	6000000018819909974
Q6139044	6000000045607691904
Q6139048	6000000077312772861
Q6139068	6000000011706587543
Q6139107	6000000014151249164
Q6139107	6000000039034307954
Q6139108	6000000039034265869
Q6139118	6000000015550441043
Q6139127	6000000024618065264
Q6139160	6000000176533833824
Q6139181	6000000148738222055
Q6139259	6000000056341424897
Q6139264	6000000034370870768
Q6139316	6000000014879129086
Q6139330	6000000061392947860
Q6139346	6000000082559038870
Q6139421	6000000179213686835
Q6139496	6000000184991892374
Q6139555	6000000066783447965
Q6139585	6000000010792484062
Q6139632	6000000045140288898
Q6139644	6000000004047459471
Q6139652	6000000104801468866
Q6139671	6000000003946473440
Q6139681	6000000016546374649
Q6139727	6000000031659028583
Q6139779	6000000000952291367
Q6139786	6000000182822990851
Q6139790	6000000003038223674
Q61398	6000000045424383850
Q6139808	6000000043383728006
Q6139813	6000000015771987489
Q61398145	6000000005682928005
Q6139817	6000000016547822931
Q6139821	6000000042393542279
Q6139888	6000000016874207829
Q6139901	6000000017036346613
Q6139901	6000000040557363835
Q6139926	6000000004079679647
Q6139931	6000000006567166246
Q6139936	6000000018023716808
Q6139941	6000000013579708974
Q6139960	6000000043759352400
Q6139966	6000000012516431531
Q6139970	6000000012516382594
Q6140040	6000000011117400141
Q6140042	6000000011117635010
Q6140059	6000000012536127480
Q6140093	6000000001793761224
Q6140126	6000000076800483173
Q6140147	6000000050277609946
Q6140171	6000000003904550720
Q6140196	6000000017981210640
Q61402	6000000177831120823
Q6140201	6000000008532201000
Q6140203	6000000075398478913
Q614028	6000000026160307280
Q61403	6000000134666510833
Q6140306	6000000009172139021
Q6140323	6000000022915156083
Q6140358	6000000024432555897
Q6140358	6000000028250419434
Q61403782	6000000017275877403
Q61404110	6000000011736824348
Q6140440	6000000033233040363
Q6140478	6000000069889135839
Q6140497	6000000050622274895
Q6140508	6000000076460092572
Q6140564	6000000073122120319
Q6140588	6000000023196705696
Q6140591	6000000013380928946
Q6140610	6000000043928737902
Q6140645	6000000004259637441
Q6140663	6000000002660998641
Q6140676	6000000016766556856
Q6140687	6000000001591666490
Q6140692	6000000007417409316
Q61407	6000000025096265357
Q6140705	6000000024928297438
Q614071	6000000077227910489
Q6140731	6000000082798445353
Q61407388	6000000005599087543
Q6140754	6000000003191688424
Q61408	6000000008507809807
Q6140801	6000000024957530578
Q6140880	5499813582920031873
Q6140888	5563523012290109252
Q6140895	5544223856270079405
Q61409072	6000000042262044899
Q6140915	6000000035279333762
Q61409190	6000000085415563888
Q6140926	6000000014381751822
Q6140928	5218741198570127416
Q6140940	6000000024446173856
Q614104	6000000022744562175
Q61410486	6000000180072297922
Q6141049	6000000201722053861
Q6141065	6000000036529325971
Q6141090	6000000025454040089
Q6141093	6000000147766260845
Q61411	6000000124269788003
Q61412	6000000007062471409
Q6141203	6000000142433517942
Q6141242	6000000019113407827
Q6141246	6000000032422743649
Q6141270	6000000028220319015
Q6141275	6000000020582393079
Q6141283	6000000016461828282
Q6141289	6000000013535107345
Q6141295	6000000028603376022
Q6141324	6000000044738348000
Q614133	6000000057911568992
Q6141353	6000000003147121924
Q6141379	6000000006994704143
Q6141435	6000000059867799904
Q6141491	6000000027208463133
Q6141497	6000000017884357400
Q6141560	6000000006859898578
Q6141586	6000000026885940328
Q61415883	6000000013249369050
Q614160	6000000022104419952
Q6141600	6000000004009024202
Q6141602	6000000030121508475
Q6141724	6000000013001264670
Q6141733	6000000028494097989
Q6141754	6000000015579482734
Q6141779	1253678
Q6141782	6000000002188524323
Q6141790	6000000016310120358
Q6141794	6000000014983240365
Q6141796	6000000007508447522
Q6141797	6000000103853936062
Q6141807	6000000021398473017
Q6141818	6000000006221512038
Q6141839	6000000021476196945
Q6141855	6000000017114760146
Q6141884	6000000030190423848
Q6141894	6000000177044444884
Q6141906	6000000028266693040
Q6141913	6000000176764173881
Q6141977	6000000027528248750
Q6142057	6000000028456710258
Q6142061	6000000045210811183
Q614209	6000000183973911874
Q6142175	6000000019694483066
Q6142176	6000000013564598217
Q6142200	6000000008630275132
Q6142213	6000000135677466358
Q6142233	6000000012810877227
Q6142234	6000000028147003333
Q6142249	6000000013619582906
Q6142258	6000000001760379745
Q61423	6000000020069256024
Q6142308	6000000015841803950
Q6142337	6000000029824595068
Q6142409	6000000002424379486
Q6142411	6000000000250584167
Q6142472	6000000059387002067
Q6142475	6000000012762512430
Q6142501	331404143300011380
Q6142545	6000000162009283027
Q614257	6000000166887120874
Q6142571	6000000014222026072
Q6142601	6000000019871723935
Q6142634	6000000017673131660
Q6142675	6000000002350777345
Q6142688	6000000013371582209
Q6142697	6000000012937041552
Q6142800	6000000023091394603
Q6142813	6000000019243897626
Q6142815	6000000012561289912
Q6142849	6000000001531536304
Q6142850	4621989511690061879
Q6142862	6000000058414546823
Q6142873	6000000012239719270
Q6142877	6000000003883993160
Q6142883	6000000017122309234
Q6142887	6000000017107828044
Q6142936	6000000081460315866
Q61430	6000000019188180989
Q6143046	6000000037773234917
Q6143065	6000000117366818943
Q6143079	388886204330012525
Q6143091	6000000044801715021
Q61431	5231312333130116240
Q614310	6000000014334426078
Q6143109	6000000009182345113
Q6143140	6000000035583489127
Q6143149	6000000020449701477
Q6143153	6000000070395738926
Q6143192	6000000076794165439
Q6143202	6000000032726684183
Q6143227	6000000018314270581
Q6143234	6000000038344707529
Q6143236	6000000001580603508
Q61433	6000000182861853918
Q6143301	6000000035393142932
Q6143368	6000000013200687151
Q6143389	6000000105522703900
Q614340	6000000018307096972
Q6143418	6000000001886468936
Q6143468	6000000013945501657
Q6143494	6000000029598218367
Q6143495	6000000003891404236
Q6143497	6000000007226008360
Q61435	6000000003827363440
Q6143525	6000000180114414498
Q6143550	6000000041660223042
Q6143554	6000000010355441717
Q6143556	6000000005437667379
Q6143568	6000000000769956305
Q6143574	6000000019895269392
Q6143581	6000000030486414133
Q6143588	6000000015182306944
Q6143598	6000000010430521519
Q6143629	6000000003177635166
Q6143634	6000000008630255028
Q6143654	6000000011940249376
Q6143675	6000000000416246982
Q6143680	6000000175780116107
Q6143685	6000000030093696936
Q6143709	6000000012530015781
Q6143710	6000000004079820500
Q6143716	6000000002188479151
Q6143718	6000000002188458864
Q6143784	6000000005599189654
Q6143786	6000000004212455078
Q6143790	6000000017532108097
Q6143797	6000000009991270125
Q6143798	6000000026185374165
Q6143799	6000000007325441207
Q6143800	6000000078482895496
Q6143829	6000000017980730090
Q6143837	6000000182459861886
Q6143884	6000000014874638783
Q614389	6000000035235154442
Q61438903	6000000022626766457
Q6143894	6000000011254128765
Q6143907	6000000009916196024
Q6143920	6000000018168546559
Q6143932	6000000012544223428
Q61439395	6000000016827224285
Q61439643	6000000015909291247
Q6143965	6000000075789512209
Q6143997	6000000013522098267
Q61440	6000000030938733243
Q6144037	6000000008384516717
Q6144072	6000000003134911996
Q6144077	6000000033976822775
Q6144106	6000000013381978057
Q6144119	6000000137106060893
Q6144168	6000000041497665343
Q61442	6000000029944562395
Q6144205	6000000027345658243
Q6144229	6000000014819999800
Q6144233	6000000036843554190
Q6144249	6000000005910315696
Q6144269	6000000015906286524
Q6144291	6000000006436950078
Q6144329	6000000021730347316
Q6144343	6000000005393969345
Q6144344	6000000011624103875
Q6144360	6000000012838938840
Q6144363	6000000069578617848
Q6144370	6000000091608459830
Q6144375	6000000026616190269
Q6144376	6000000041992762066
Q6144405	6000000019940408133
Q6144435	6000000006444768305
Q6144437	6000000023458220381
Q6144441	6000000006444092949
Q6144499	6000000004140344695
Q614454	6000000015488693178
Q61446	6000000002802400698
Q6144602	6000000013432985426
Q6144631	6000000026148285744
Q6144647	6000000008511369101
Q6144651	6000000001599852360
Q614466	6000000088315565821
Q6144700	6000000141097153839
Q6144717	6000000018717775115
Q6144731	6000000042303725604
Q614478	6000000017099849686
Q61448	6000000002176677291
Q6144811	6000000032995188123
Q6144813	6000000032995094109
Q6144842	6000000181870893863
Q6144851	6000000012837963246
Q6144867	6000000023371591128
Q6144874	6000000010055641477
Q61449	6000000002188416054
Q6144936	6000000015702459370
Q6144952	6000000009076163801
Q6144958	6000000018657403557
Q6144958	6000000153939701829
Q6144972	6000000001383117255
Q6144986	6000000000307271975
Q6144989	6000000002188383961
Q6144995	6000000026095051380
Q6144998	6000000055677400145
Q61450113	6000000175255847840
Q61450203	6000000175126329322
Q61450211	6000000081525468539
Q61450238	6000000081526483834
Q61450262	6000000175125546078
Q6145027	6000000014578237962
Q6145033	6000000106891478870
Q61450337	6000000175000617153
Q61450353	6000000174966876149
Q61450410	6000000174966034926
Q61450507	6000000174927521849
Q6145052	6000000007510676522
Q61450526	6000000174926508849
Q61450588	6000000174924899917
Q61450637	6000000174888722414
Q61450656	6000000174888427268
Q61450685	6000000174825874871
Q61450713	6000000175583738851
Q61450792	6000000174751260534
Q61450845	6000000175747046845
Q6145086	6000000051375660935
Q61450871	6000000174719758945
Q6145096	6000000054759645824
Q6145098	6000000081266271367
Q61451	4694916
Q6145105	6000000015311861172
Q6145136	6000000006127441590
Q61451459	6000000018481496059
Q6145179	6000000076293917849
Q61452	6000000006101300935
Q6145225	6000000091701866935
Q6145227	6000000091701866843
Q61453	6000000077021312242
Q6145305	6000000079210383344
Q61453107	6000000182176590837
Q6145325	6000000014493359147
Q6145326	6000000022720570578
Q6145332	6000000015104155555
Q6145348	6000000008997564129
Q6145351	6000000002817733760
Q6145411	6000000011600771544
Q6145443	6000000039398931356
Q6145447	6000000009886735263
Q614545	6000000019103055708
Q6145463	6000000010040136140
Q6145465	6000000013214948647
Q6145486	6000000046040987315
Q61454932	6000000021248434424
Q6145509	6000000021402385127
Q6145547	6000000041039321964
Q61455484	6000000167315478825
Q6145554	6000000067343411938
Q6145654	6000000011042061233
Q6145714	6000000006986018845
Q6145716	6000000061116412874
Q6145725	6000000019291587948
Q6145733	6000000001383117284
Q6145738	6000000003178048355
Q6145741	6000000001383117312
Q614576	6000000023701179239
Q6145762	6000000174165927329
Q6145783	6000000018898878314
Q6145797	6000000018736899811
Q6145875	6000000007402498814
Q6145884	6000000104477093136
Q6145886	6000000013128292611
Q6145888	6000000002309876747
Q6145935	6000000021041815645
Q614596	6000000017611171308
Q6145975	6000000061016314876
Q6146021	6000000018628236800
Q6146029	6000000001909554773
Q6146033	6000000184409237854
Q6146126	6000000014042864119
Q6146182	6000000075430923829
Q61462	6000000000161098463
Q6146232	6000000075430941822
Q61463050	6000000005222477336
Q6146326	6000000005256397727
Q6146360	6000000074758806174
Q6146395	6000000003639799249
Q61464	6000000002188402493
Q6146406	6000000007122072301
Q61465753	339749258120011057
Q61465981	6000000174717340972
Q61465993	6000000174718060092
Q61466004	6000000174686141268
Q61466016	6000000174650069219
Q61466043	6000000174648184980
Q61466060	6000000174648228410
Q61466067	6000000174648338848
Q61466087	6000000174587220643
Q61466093	6000000006240294707
Q61466094	6000000006240781128
Q6146610	6000000007264813714
Q61466103	6000000174584624898
Q61466118	6000000174551808278
Q61466124	6000000006240347973
Q61466130	6000000174517577124
Q61466193	6000000011081666697
Q61466220	6000000005417759097
Q614663	6000000025768233058
Q61466744	6000000002459898566
Q61466907	6000000073620826907
Q61466913	6000000008630911996
Q61466944	6000000002116065018
Q61467255	6000000028813756887
Q61467410	6000000002187962151
Q61467928	6000000007528092223
Q61468631	6000000014539015921
Q61468721	6000000024436476063
Q61469275	6000000174441609661
Q614693	6000000001389232986
Q61469333	6000000174411728193
Q61469406	6000000174410463287
Q61469562	6000000174408989716
Q61469747	6000000000874481289
Q61469758	6000000174341842939
Q61469809	6000000174339503466
Q61469828	6000000174375763092
Q61469930	6000000174337783426
Q61470028	6000000209964181833
Q61470039	6000000174304874965
Q61470326	6000000174187305455
Q61470378	6000000174095917835
Q61470415	6000000174035934853
Q61471	6000000024800132080
Q61471261	6000000026201710776
Q61472266	6000000086123363089
Q61472421	6000000178329822823
Q614736	6000000009754115424
Q6147414	4101057
Q61474173	6000000044775725836
Q61474746	6000000011625046011
Q614749	6000000048789758894
Q614753	6000000020457641067
Q61475764	6000000035969579837
Q61476898	6000000071014170227
Q6147692	6000000010617580755
Q6147699	6000000152651103848
Q61477	6000000004098033953
Q6147704	6000000019582769092
Q61477077	6000000132501892872
Q614774	6000000028259667585
Q61477539	6000000034881995300
Q61480723	6000000108290462917
Q61481231	6000000011761101245
Q61481948	6000000003646023372
Q6148197	6000000176104468900
Q61482075	6000000016964725814
Q61482509	6000000002243852142
Q6148317	6000000009178701536
Q6148319	6000000000047189049
Q61483322	6000000002745070419
Q6148405	6000000029011349913
Q6148435	6000000003273391874
Q6148460	6000000011425923734
Q6148466	6000000000614799460
Q6148514	6000000014765317238
Q6148538	6000000000986418373
Q61485555	6000000174033461897
Q61485764	6000000015074994934
Q61485814	6000000024596690981
Q61485822	6000000071024745215
Q61485878	6000000024597005018
Q61485881	6000000087128339964
Q6148616	6000000008836879367
Q6148645	6000000002330718076
Q6148647	6000000000152907102
Q6148650	6000000030784986965
Q6148651	6000000016762904694
Q61486657	6000000174030380846
Q614867	6000000017624547061
Q61486790	6000000174028870392
Q614868	6000000035962594990
Q6148689	6000000002471715811
Q61487	6000000000900837244
Q6148703	6000000180596007900
Q6148718	6000000017460208622
Q61487343	6000000174001901886
Q6148821	6000000018977585596
Q6148827	6000000027610662318
Q6148832	6000000008447307889
Q6148894	6000000017201640821
Q6148899	6000000074759127964
Q61489	6000000001535193225
Q6148923	6000000074759335822
Q6148935	6000000080940108964
Q6148971	6000000002459662943
Q61489740	6000000173999464106
Q61489838	6000000002989217672
Q6148986	6000000010398174368
Q6149021	6000000075325393868
Q6149033	6000000020472522813
Q6149035	6000000016802661767
Q61490495	6000000173939337157
Q6149052	6000000022915423007
Q61490669	6000000173939203016
Q6149073	6000000014736137727
Q61490781	6000000078074416945
Q6149079	6000000008802592046
Q6149081	6000000151519118825
Q6149106	6000000023131879832
Q61491149	6000000173881121889
Q6149119	6000000008248195523
Q6149125	6000000018689582376
Q6149126	6000000003667636380
Q6149136	6000000003977691602
Q6149137	6000000001209224799
Q6149140	6000000013655304405
Q6149165	6000000057456002052
Q6149169	6000000036271429646
Q6149170	5283826698550086278
Q6149175	6000000010143669849
Q61491874	6000000173875838362
Q61491979	6000000004118733769
Q6149201	4473452550890045471
Q61492015	6000000173874603639
Q6149203	6000000002803148913
Q6149228	6000000012283193193
Q6149230	6000000019701796256
Q61492301	6000000005935722658
Q6149238	6000000078083456001
Q6149240	6000000004379883753
Q61492430	6000000003827409111
Q61492807	6000000002980072447
Q61492820	6000000006444065480
Q6149289	6000000081138571194
Q614929	6000000024374815405
Q6149290	6000000081050347958
Q6149299	6000000001389435575
Q61493043	6000000173848773637
Q61493283	6000000173780343904
Q6149330	6000000001389549670
Q61493753	6000000173680041877
Q6149403	6000000004215125053
Q614941	6000000181927559069
Q61494172	6000000173641448176
Q6149434	6000000027141893205
Q6149437	6000000067381554851
Q6149475	4537272308670022357
Q6149548	6000000037972228927
Q6149552	6000000035123549064
Q6149595	6000000116751527128
Q6149645	6000000006796070021
Q6149708	6000000020855211300
Q6149737	6000000121572316846
Q6149836	6000000031922356119
Q6149886	6000000205836640827
Q615	6000000039220628949
Q6150019	6000000004259126520
Q6150021	6000000004258564966
Q6150041	6000000018626246242
Q6150047	6000000006740484180
Q6150049	6000000006740504135
Q6150075	6000000019842167968
Q6150084	6000000002842972402
Q6150088	6000000017710195943
Q6150099	6000000183586935889
Q6150107	3988677513970048428
Q61501511	6000000032917192214
Q615016	6000000134061809373
Q6150179	6000000014190910508
Q6150188	6000000015016182662
Q6150190	6000000014639109132
Q6150246	6000000097313902015
Q6150248	6000000059606236959
Q6150275	6000000003658652472
Q6150306	6000000020345366087
Q6150336	6000000015057147075
Q6150341	6000000014819740443
Q6150341	6000000209174850826
Q6150388	6000000016821990923
Q6150421	6000000000690745400
Q6150441	6000000036490838058
Q6150473	6000000034984140611
Q615049	4433085656230128266
Q615053	6000000156480648838
Q6150539	6000000016698247337
Q6150867	6000000001509249767
Q6150901	6000000008496882691
Q61509100	6000000025524809702
Q6150973	6000000035284257103
Q6150973	6000000055213792833
Q61510770	6000000001493649183
Q6151119	6000000142205180884
Q6151146	6000000018277821237
Q6151165	6000000027780899117
Q6151178	6000000088390762987
Q61512	6000000001498767635
Q6151222	6000000007926133535
Q615123	6000000010550654118
Q6151235	6000000006444768901
Q6151236	6000000182815145845
Q6151281	6000000193292321825
Q6151466	6000000012591913399
Q615161	6000000061256399861
Q615200	6000000006728917112
Q6152127	6000000003745773409
Q6152129	6000000016116818480
Q6152150	6000000020358708942
Q6152192	6000000026782969445
Q6152241	6000000031924711336
Q6152349	6000000013301807655
Q6152373	6000000015389211905
Q61524	6000000083770647944
Q6152444	6000000017781558314
Q6152458	6000000000443503652
Q6152475	6000000016713691921
Q6152490	6000000017147113630
Q6152528	6000000002773587405
Q6152559	6000000003017900256
Q6152619	6000000005690053017
Q6152632	6000000014179347629
Q6152682	6000000005936669640
Q6152730	6000000009292474512
Q6152738	6000000008274335810
Q6152773	6000000021011760306
Q6152852	6000000014749434285
Q6152910	6000000015875786540
Q6152921	6000000087323701888
Q6152939	6000000014767012673
Q6153057	6000000010807411625
Q6153169	6000000017531756942
Q6153188	6000000027513553932
Q61532	6000000016323249357
Q6153326	6000000002907088824
Q6153336	6000000017531783957
Q6153369	6000000078220295986
Q6153402	6000000176801822011
Q6153407	6000000009495538253
Q6153647	4365050683280071511
Q6153686	6000000002850402696
Q6153729	6000000013831155619
Q6153746	6000000007436990367
Q6153755	6000000007050696926
Q6153778	6000000033753260085
Q6153800	6000000024716616393
Q6153940	4255886
Q61541	6000000028086216921
Q615419	6000000025620315437
Q61543	6000000019188371062
Q6154316	6000000006292134292
Q61543194	297800626400008998
Q615432	6000000132453482828
Q615435	6000000069558145864
Q6154352	6000000164136382821
Q6154402	6000000176817101877
Q6154487	6000000000557590966
Q61545	6000000041328455001
Q6154509	6000000029553833258
Q6154532	6000000002966451948
Q6154674	6000000011435695408
Q6154781	6000000019508516897
Q61548	6000000007329537312
Q6154855	6000000021233181906
Q6155262	6000000081557734462
Q61557	6000000005598992278
Q61558	6000000017237703814
Q6156017	6000000068773721419
Q6156105	6000000003665619877
Q61561939	6000000025524278787
Q61563370	6000000173575609997
Q61563586	6000000173545251868
Q615647	6000000038380630077
Q61565604	6000000175748663824
Q6156742	6000000002515759410
Q61567762	6000000014060554245
Q6156782	6000000003897404845
Q615681	6000000106421781976
Q61568325	6000000014060554238
Q61568372	6000000024824264236
Q615685	6000000016194351568
Q61569512	6000000193840010835
Q61570380	6000000109252298241
Q61571192	6000000000999540855
Q6157121	6000000023168458010
Q615713	6000000011243891758
Q61571347	6000000005438507428
Q615728	6000000063658183868
Q6157350	6000000001910853988
Q61573603	6000000005438503471
Q61573693	6000000012079534947
Q61573776	6000000083612494222
Q6157599	6000000037196720180
Q61576919	6000000003827280439
Q61576982	6000000003827280453
Q615781	6000000184459625841
Q61579480	6000000003171870099
Q61579485	6000000003171875284
Q61580059	6000000008870402497
Q61580103	6000000173199204988
Q61581480	6000000013751996111
Q61581592	6000000016420133503
Q61581667	6000000020168074450
Q6158229	6000000001801133157
Q6158231	6000000180993474829
Q61582442	6000000021627914457
Q6158321	386087587600012206
Q6158388	6000000009043582038
Q6158429	6000000002045813316
Q61586259	6000000076808241864
Q61587	6000000008175235210
Q61587262	6000000175099229136
Q615887	6000000013612690766
Q6158888	4525796
Q6158900	6000000082338163935
Q6159088	6000000006605476259
Q615910	6000000069822818326
Q61591325	6000000052825063042
Q6159144	6000000001816544211
Q6159147	6000000009404397733
Q6159373	6000000024817853575
Q61594	6000000022220536423
Q61594655	6000000014176803537
Q61594890	6000000019087730187
Q61594938	6000000002820812707
Q6159506	6000000000082307777
Q6159620	6000000016026548459
Q61597	319629007670005901
Q61598487	6000000033089636842
Q6159912	6000000002259660568
Q6159950	6000000003941239024
Q6159960	6000000035844331914
Q6159995	6000000022986783069
Q6160001	6000000179034900913
Q616004	6000000090957363856
Q6160053	6000000013488586683
Q6160116	6000000156417977019
Q6160365	6000000041115247180
Q6160429	6000000014283867449
Q6160439	6000000022467502249
Q61606131	6000000017476503800
Q6160648	6000000088671113864
Q61606675	6000000080944735360
Q616068	6000000000438422033
Q616083	6000000026284735781
Q6160970	6000000035049122817
Q61610	6000000050029819891
Q6161019	373020423820011450
Q6161028	6000000054083237041
Q6161033	6000000002154230758
Q6161064	6000000030329898334
Q61610856	6000000003714008535
Q61610875	6000000003934446089
Q61610878	6000000003934263554
Q61610896	6000000005599082056
Q61610909	5251646400590071736
Q61610956	6000000003455327448
Q61610958	6000000003455234858
Q61610963	6000000003455310901
Q616112	6000000007871832358
Q6161169	6000000020907944087
Q616117	4720136557250026822
Q6161188	6000000038251895832
Q61611924	6000000001259733099
Q61611924	6000000068585052014
Q61611926	6000000001259630560
Q61611932	6000000008857053006
Q61611932	6000000068585761862
Q61611934	6000000009223729967
Q61611934	6000000068585753875
Q61611940	6000000004670581733
Q6161211	6000000173977956935
Q6161235	6000000013851537197
Q6161237	6000000010470614146
Q6161251	6000000017670303821
Q6161297	6000000015832027001
Q61613	6000000019059054533
Q6161307	6000000007304847027
Q61613306	6000000017373326455
Q6161352	6000000010482490194
Q61613682	6000000056327521863
Q616138	6000000012357879365
Q6161399	6000000021509982386
Q6161423	6000000002134861176
Q6161442	6000000084876662623
Q61616	6000000050184582875
Q616169	6000000015240724507
Q6161695	6000000003549228295
Q6161733	6000000001883008064
Q6161754	6000000053799427049
Q6161951	6000000006096684427
Q6162127	6000000181527612822
Q6162161	6000000019386296356
Q6162229	6000000007834833854
Q61622921	6000000002464419169
Q61623108	6000000083942600155
Q6162311	6000000082380522245
Q6162355	6000000019494186461
Q6162452	6000000078353404096
Q6162468	6000000003429775728
Q61625154	6000000018077718399
Q616264	6000000075303960022
Q616273	6000000155265130827
Q61628	6000000143216869983
Q6162825	6000000013506087124
Q6162843	6000000071628356898
Q61628608	6000000016053910098
Q6162955	6000000021076935555
Q6162970	6000000009655077304
Q61630225	6000000002325793462
Q616305	6000000167350893986
Q6163063	6000000018708221567
Q6163265	6000000001701208518
Q61633	6000000041764828007
Q61633376	6000000012915033249
Q61633510	6000000185406488827
Q6163482	6000000178127169866
Q61635	6000000029145014170
Q6163504	6000000000486977662
Q61635443	6000000043710216899
Q61635721	6000000014745291345
Q6163596	6000000002110817093
Q6163680	6000000091228485460
Q6163722	6000000024852299508
Q61637313	6000000003390668580
Q61637318	6000000049984095865
Q61637326	6000000014060780173
Q6163766	6000000003529145844
Q6163770	6000000032964427837
Q61638	6000000012504892486
Q6163894	6000000046029861838
Q61638990	6000000010697057420
Q6163948	6000000017448607057
Q6163953	6000000002894398888
Q61639880	6000000019114895039
Q61639948	6000000017622730887
Q6164011	6000000018765336872
Q61640232	6000000031078723945
Q61640288	6000000068968308094
Q6164040	6000000121353897822
Q61640628	6000000009138481352
Q6164075	6000000062472972090
Q6164088	6000000028475547771
Q61641	6000000069214396847
Q61641393	6000000032454915993
Q61641501	6000000053039740914
Q61641830	6000000011863963920
Q616430	6000000033329942480
Q6164489	6000000201056517858
Q6164509	6000000006127177894
Q616461	6000000173619297854
Q61647051	6000000021985556481
Q61648	6000000007753024753
Q6164833	6000000002148383205
Q61649	362897660870013195
Q6164914	6000000025030367448
Q61650346	6000000006127409697
Q61651243	6000000103881164909
Q616519	6000000014563170238
Q61652	6000000016650085646
Q61653552	6000000030728729343
Q61653580	6000000221695682124
Q6165381	6000000008438087825
Q61653983	6000000176181145833
Q61653995	6000000174519296946
Q61654038	6000000011040449080
Q61654462	6000000171929919439
Q6165488	6000000036137379797
Q61656750	6000000009855174558
Q6165722	6000000003949693389
Q6165725	6000000000105638196
Q61658105	6000000043008608848
Q61658190	6000000012461936647
Q61659182	6000000003725920910
Q61660101	6000000007946478579
Q61660686	6000000026998761988
Q6166085	6000000019454207149
Q616618	342470603550004525
Q6166190	6000000019048785782
Q61662	6000000002802400684
Q6166226	6000000083199846839
Q616631	6000000018625174686
Q61663312	6000000025471540022
Q61663648	6000000031823706060
Q6166389	6000000007258005705
Q6166469	6000000090364946956
Q6166533	6000000073129206865
Q6166535	6000000020252014491
Q61665367	6000000179665533848
Q61665495	6000000000650426605
Q6166560	6000000009889929969
Q6166571	6000000075959843848
Q6166645	6000000032752397838
Q61666586	6000000009571304342
Q61667	6000000020884532702
Q6166726	6000000113076641091
Q6166792	6000000003009209493
Q6166795	6000000033771082028
Q6166810	6000000021088915056
Q6166835	6000000008521521389
Q6166848	6000000029322623313
Q6166851	6000000058193008119
Q6166908	6000000000340173137
Q6166925	3313107
Q6166984	6000000035585307006
Q61670	6000000026727462161
Q6167032	6000000179098570838
Q6167040	6000000033624110011
Q6167083	6000000006578767851
Q61671	6000000003827484082
Q6167111	6000000034117695279
Q6167163	6000000006951673848
Q61673	6000000181942758826
Q616735	6000000010992977536
Q6167372	6000000008496890934
Q6167375	6000000015263967254
Q61674	6000000075003169108
Q61674303	6000000001703942695
Q6167458	6000000180528640918
Q616747	6000000020349610752
Q6167539	6000000023097336681
Q6167550	6000000147236757850
Q616767	6000000178579262822
Q6167678	6000000027154155999
Q6167741	6000000000109475348
Q61677479	6000000032165969467
Q61677756	6000000043219347892
Q61677943	6000000173292674057
Q6167803	6000000012837460497
Q6167851	6000000014901657391
Q6167922	6000000014161249693
Q616798	6000000174381330959
Q6168045	6000000028239249261
Q6168073	6000000030611228192
Q6168178	6000000011265290368
Q6168190	6000000011240838575
Q6168199	6000000011045077432
Q61682	6000000031755318885
Q6168210	6000000003687509632
Q6168257	6000000017251011878
Q6168262	6000000017251011870
Q61683	6000000008276948488
Q6168382	6000000075504052903
Q6168430	6000000019270389413
Q616844	6000000007352605527
Q6168490	6000000013192503280
Q616850	6000000041635540212
Q61685007	6000000017805445990
Q61685024	6000000006712245311
Q6168521	6000000020645183557
Q6168547	6000000003723792032
Q61685639	6000000009706780305
Q61686036	6000000010538324620
Q6168605	6000000024819151842
Q6168738	6000000009607644807
Q616880	6000000014100583664
Q6168831	6000000026477968743
Q616886	6000000028283146489
Q6168861	5555886800320081581
Q6168869	6000000027777923475
Q6168873	6000000040228313556
Q6169057	6000000010301618794
Q6169069	6000000010302034737
Q6169101	6000000010047885188
Q6169160	6000000032419028969
Q61692	6000000003243402006
Q616929	6000000025739447821
Q6169309	6000000002509004210
Q6169314	6000000038127132888
Q61693378	6000000019046541176
Q6169351	6000000007223630160
Q6169356	6000000084692354084
Q61693947	6000000180227122899
Q6169449	6000000111527686821
Q61694872	6000000008488570310
Q61695444	6000000038134222629
Q61695473	6000000018947966399
Q61695512	6000000024987232076
Q61695618	6000000024918040166
Q6169564	6000000000106769043
Q6169586	6000000018409004770
Q616960	6000000038079511052
Q61696080	6000000022627220792
Q61696624	6000000040249714837
Q6169672	6000000034952197822
Q61697	6000000002764505932
Q6169707	6000000003559616362
Q6169756	6000000008427811836
Q6169762	6000000032962762921
Q6169768	6000000018532357152
Q61697684	6000000011403759374
Q6169786	6000000032557092714
Q61698690	6000000001805485431
Q6169879	6000000170819754892
Q61699244	6000000016863376251
Q6169954	6000000019951162103
Q6169957	6000000033670888871
Q6169963	6000000172036717861
Q6170001	6000000043289515569
Q6170009	6000000070174839581
Q6170026	6000000015260731232
Q6170074	6000000012934116107
Q6170088	6000000002803191333
Q61701084	4238710699300078370
Q6170169	6000000145930111902
Q6170178	6000000015061829919
Q6170208	6000000020570911032
Q617023	6000000052710777878
Q6170231	6000000007229412811
Q61702504	6000000151774789833
Q6170263	6000000007400284855
Q6170273	6000000023909819139
Q6170278	6000000023910954533
Q617031	6000000064619314158
Q6170328	6000000000011541364
Q61703394	6000000018146142441
Q6170345	6000000022987194906
Q6170353	6000000180057379822
Q6170392	6000000009401820460
Q61704059	6000000014711527205
Q61704134	6000000123507139956
Q61704281	6000000069460307502
Q6170445	6000000003123281130
Q6170520	6000000006783036267
Q6170538	6000000003902888157
Q6170647	6000000007392660490
Q6170659	6000000056401112088
Q6170702	6000000122737965912
Q6170736	6000000008389372254
Q61707745	6000000010259447830
Q6170823	6000000006195249003
Q6170830	380603773010007574
Q61708641	6000000021740350483
Q6170919	6000000068528922987
Q6170934	6000000010561914906
Q6170935	6000000006127037083
Q61710	6000000012057785519
Q61710226	6000000215617212834
Q61710299	6000000076905381849
Q6171065	6000000011537298076
Q6171104	6000000018504072248
Q61711172	6000000064670900980
Q61711333	6000000077865914142
Q6171143	6000000000652281084
Q61711449	6000000004317203709
Q61711985	6000000000825421014
Q6171251	6000000025123073093
Q6171270	6000000016176203667
Q6171343	6000000015865115236
Q6171363	6000000007272738308
Q6171381	6000000004535979729
Q6171386	6000000016225398282
Q6171391	6000000178850844822
Q61714	6000000018518015655
Q6171400	6000000004092643172
Q6171413	6000000048962064932
Q6171466	6000000002277330321
Q6171474	6000000039397980689
Q6171492	6000000027125919710
Q6171530	6000000025333685863
Q6171559	6000000029451052771
Q61715590	6000000217378042874
Q61716	6000000008317080747
Q6171629	6000000007014740015
Q6171629	6000000038335470514
Q6171660	6000000010111193090
Q6171668	6000000036081584643
Q61716883	6000000012813738479
Q6171701	6000000015547581986
Q6171709	6000000028662306177
Q61717391	6000000024065426918
Q61718045	6000000175947190837
Q61718133	6000000175947190871
Q6171816	6000000017224334042
Q6171818	6000000055421535098
Q61718881	6000000061206549460
Q61719014	6000000022249491822
Q61719383	6000000000689531854
Q6171962	6000000190873046915
Q6171982	6000000080431366837
Q61720	6000000033356141106
Q6172037	6000000005598815169
Q6172052	6000000000562038517
Q61720812	6000000003097233286
Q6172107	6000000030365183846
Q6172114	6000000034315929961
Q61721660	6000000017833094962
Q61721674	6000000045684234886
Q61721679	6000000011260935904
Q61721683	6000000045683926141
Q61721743	6000000012438923008
Q6172195	6000000006583374397
Q6172199	6000000002802960080
Q61722	6000000022943974287
Q61722005	6000000045296104980
Q6172282	6000000020880959278
Q6172292	6000000013515430178
Q61723	6000000017717683358
Q6172302	6000000024985668168
Q6172365	6000000021866506520
Q6172374	6000000133863917821
Q6172486	6000000002834938143
Q6172494	6000000032514878728
Q61725	6000000012003707949
Q6172597	6000000049513068409
Q617264	6000000000817342402
Q61726423	2508790
Q61726431	6000000000637344031
Q617267	6000000146294214980
Q6172733	6000000002407832430
Q6172736	6000000178744620846
Q6172745	6000000001699566476
Q6172756	6000000075307464548
Q6172758	6000000001338181818
Q61728111	6000000009795398485
Q6172858	6000000079612440905
Q61728587	6000000046898888952
Q6172905	6000000078732707831
Q61729127	6000000017865280710
Q6172959	6000000071721170161
Q6173010	6000000035133479853
Q6173014	5586532638340107438
Q6173019	6000000000627056140
Q6173024	6000000007802971642
Q6173037	6000000035421740048
Q6173071	6000000007627705141
Q61731559	6000000039867756015
Q61731564	6000000066518002821
Q6173160	6000000017097908575
Q6173167	6000000020197772633
Q61731706	6000000014710997168
Q6173197	6000000025879547342
Q61732	6000000000128799755
Q61732219	6000000021540936883
Q6173292	6000000008638521689
Q6173296	6000000051290023858
Q6173314	6000000024914048704
Q61733312	6000000008890238497
Q61733628	6000000003827774340
Q6173384	6000000010143152609
Q6173435	6000000017689800664
Q6173475	6000000006347882283
Q61734759	6000000179074388821
Q6173514	6000000024206966118
Q6173660	6000000026148284641
Q61737	6000000000634988555
Q6173735	6000000012995093414
Q61738085	6000000084553973060
Q617383	6000000008671088714
Q61739039	6000000002659876097
Q61740368	6000000021064149318
Q61740542	6000000003219634277
Q61740622	6000000001868073588
Q61740907	6000000051213550913
Q61741103	6000000079778636826
Q61741164	6000000018504050428
Q6174128	6000000019370802552
Q61741352	6000000013414524291
Q61741556	6000000034790803879
Q61741609	6000000081554916821
Q61741666	6000000019076413950
Q6174232	6000000007980896288
Q6174234	6000000000576512493
Q61743	6000000075745734876
Q61743814	6000000014588485730
Q6174457	6000000063156895836
Q6174516	6000000013969196713
Q61745236	6000000031318425856
Q6174556	6000000016829291568
Q6174561	6000000016829518063
Q6174565	6000000020180950391
Q6174566	6000000084115761986
Q61745676	6000000034752755877
Q6174571	6000000020180815689
Q61745956	6000000006402650047
Q61746435	6000000012898030820
Q61746514	6000000047977624977
Q61746528	6000000008156834642
Q61746553	6000000035107856792
Q61747178	6000000054766163901
Q61747268	6000000019307051749
Q61747364	6000000136817315930
Q61747419	6000000012985305471
Q61747630	6000000017373239432
Q61747642	6000000016240003092
Q61747995	6000000019651665453
Q61748229	6000000039098657869
Q61748332	6000000040737608472
Q6174877	6000000075906419934
Q61748895	6000000019644637196
Q61749217	6000000012529445535
Q61749615	6000000035654991459
Q61749703	6000000002501844733
Q6175000	6000000044269814246
Q61750033	6000000008382360532
Q61750233	6000000027434280463
Q61750248	6000000087891672861
Q61750379	6000000121437318822
Q61750766	6000000001091889507
Q61750771	6000000023992513836
Q61750790	6000000001091889532
Q61750800	6000000001530619310
Q61750828	6000000006348586512
Q61750831	6000000001364183173
Q61750968	6000000007091442245
Q6175097	6000000013407255296
Q61750984	6000000002187580716
Q61750985	6000000002187580727
Q61750987	6000000033170036048
Q6175099	6000000003215053834
Q61751	6000000018195876991
Q6175110	5539547008520089205
Q6175112	6000000001046977484
Q6175119	6000000037142138229
Q61751926	6000000026621398942
Q6175214	6000000036135903184
Q61752262	6000000102203585821
Q6175319	3141569
Q6175344	6000000004116679935
Q61754013	6000000034980887240
Q61754073	6000000026800459409
Q6175421	6000000006952770723
Q61754318	6000000001229533119
Q61754326	6000000010145286978
Q61754328	6000000003219737423
Q61754331	6000000002447377323
Q61754333	6000000008118708302
Q61754377	6000000000632073287
Q61754379	6000000000307287509
Q61754382	6000000003232538387
Q61754383	6000000008123544719
Q61754388	6000000004079619407
Q61754426	6000000039817165154
Q6175446	6000000012044161205
Q61754493	6000000003021689502
Q6175450	6000000033511430130
Q6175453	6000000104152995821
Q61754573	6000000003021761721
Q6175509	6000000003725194986
Q61755401	6000000037133764739
Q61756	6000000008447948747
Q6175604	6000000178027492908
Q617562	6000000047371798825
Q6175646	6000000042040976910
Q61756523	6000000026024975083
Q617568	6000000084991885847
Q61757025	6000000011126686253
Q61757112	6000000077628470143
Q61757133	6000000007697519117
Q6175725	6000000020135371001
Q6175747	6000000011223390896
Q6175760	6000000032799888439
Q61758	6000000000300817981
Q61758123	6000000001933289655
Q6175871	6000000064298980000
Q6175882	6000000029154008261
Q6175884	6000000140210163996
Q6175893	6000000006127846129
Q6175897	6000000000325881047
Q61759	6000000030003808718
Q6175916	6000000008806501013
Q6175919	6000000011321592482
Q6175928	6000000006127570851
Q6175932	6000000006127758064
Q6175936	6000000008806509059
Q6175938	6000000009253595175
Q6175942	6000000007510100335
Q6175945	6000000019324978972
Q6175963	4682385
Q61759744	6000000071424445877
Q61759751	6000000017302470483
Q61759753	6000000012381590744
Q617598	6000000058901801890
Q6175992	6000000015654194513
Q6175996	6000000081687243828
Q6176027	6000000006128046454
Q6176031	6000000020574568738
Q6176043	6000000012503603738
Q6176046	6000000006796115594
Q6176087	6000000014814164196
Q6176140	6000000070418570835
Q61761565	6000000010223832323
Q61762067	6000000010973356047
Q61762119	6000000018846642006
Q6176214	6000000027691191085
Q6176218	6000000001050868155
Q6176220	6000000000127632175
Q6176227	6000000000047201568
Q6176235	6000000009253741680
Q6176255	6000000183619276830
Q61763	6000000020172606151
Q6176369	6000000007472711951
Q61763922	6000000177895053832
Q617640	6000000151136334865
Q617641	6000000012787965367
Q61764105	6000000004540370758
Q6176439	6000000035530663399
Q6176459	6000000033822348083
Q6176514	6000000012787453930
Q6176515	6000000029664949095
Q6176517	288265690840002655
Q6176529	6000000069246987821
Q6176589	6000000020295328568
Q61766	6000000024860533836
Q6176670	6000000182597784821
Q61766799	6000000053449615985
Q61767083	6000000004567197757
Q61767124	6000000020052221096
Q61767169	6000000014379648798
Q61767183	6000000023008959667
Q617679	6000000178895814950
Q61768107	6000000035922889936
Q61768532	6000000014926705329
Q61769	6000000000601620492
Q617690	6000000075930281825
Q61769040	6000000003891404279
Q617694	6000000004657142575
Q61769911	6000000017039167159
Q6177077	6000000007224634649
Q617713	6000000171761489283
Q61771631	6000000017998694559
Q61771762	6000000006973119018
Q6177177	6000000021051691185
Q61771831	6000000009744383204
Q61771846	6000000008969815460
Q6177218	6000000036029972339
Q61773	6000000025954341098
Q61774	6000000011421582493
Q6177454	6000000006311601002
Q6177461	6000000014201532807
Q61774698	6000000143557723847
Q61774727	3940640097990075504
Q61775267	6000000014945207284
Q61775269	6000000041328905216
Q61775288	6000000003827671955
Q6177549	6000000014588309325
Q61777	6000000000307254380
Q6177728	6000000054070490030
Q617777	6000000167095698832
Q6177791	6000000080588292048
Q6177812	6000000025816993961
Q61778660	6000000016333901436
Q61778678	6000000018795857530
Q61778699	6000000009637640257
Q61778728	6000000210130357821
Q6177975	6000000004205774268
Q61780	6000000001390188280
Q61780330	6000000006330800592
Q6178041	6000000084674285895
Q61780844	6000000172760250312
Q61781	4284776786610034331
Q61781963	6000000025424987832
Q61781970	6000000012737086581
Q61782	6000000003310051225
Q6178273	6000000019193866482
Q6178284	6000000019351889270
Q6178293	6000000019277583839
Q6178389	6000000018871594633
Q6178395	6000000013715027513
Q6178437	6000000021952637726
Q6178451	6000000015518887205
Q6178477	6000000167568629475
Q61785001	4141664
Q6178565	6000000016384023600
Q61786	5036441958970123764
Q6178613	6000000021869754492
Q61787543	6000000173577146843
Q6178806	6000000026800912833
Q61788245	6000000174345362520
Q61789	6000000003581437848
Q6178944	6000000054477884889
Q6178949	6000000025610218352
Q61790417	6000000016168239372
Q61790613	6000000123020072838
Q61790621	6000000139371989962
Q61790674	6000000053258243026
Q6179070	6000000009517272058
Q6179098	6000000119010341989
Q61791188	6000000009742984796
Q61791343	6000000003519893430
Q61791372	6000000086469467825
Q61791599	2446244
Q617920	6000000020473591798
Q6179246	6000000003590145643
Q6179259	6000000053680417825
Q6179271	6000000053685113861
Q6179298	6000000107487639830
Q61793	6000000020718653862
Q617932	6000000032950911210
Q6179329	6000000166641216821
Q61793724	6000000000064412544
Q61793798	6000000000742463194
Q61794009	6000000172223761173
Q6179506	6000000052707478001
Q6179519	6000000003878389909
Q6179561	6000000015370068418
Q6179571	6000000085620329880
Q6179577	6000000015605696481
Q6179603	6000000006935007297
Q6179605	6000000014395516834
Q6179613	6000000014394812052
Q6179624	6000000004879732039
Q6179637	6000000187767851858
Q6179642	6000000002165815877
Q6179658	6000000025863936205
Q6179669	6000000027685164373
Q6179671	6000000006604342018
Q6179677	6000000013419355277
Q61797	6000000011621412938
Q6179713	6000000006587174848
Q6179756	6000000013953109114
Q61797649	6000000032399225377
Q6179770	6000000184637123836
Q6179778	6000000011638921098
Q617978	6000000020096510476
Q6179794	6000000000691908948
Q6179821	6000000001499149705
Q6179823	6000000016447231773
Q6179829	6000000009893618891
Q6179851	6000000011571959316
Q6179857	6000000008659437965
Q6179862	6000000008659412835
Q6179868	6000000019318496290
Q6179870	6000000015557346847
Q6179882	6000000057415722099
Q6179884	6000000003665506693
Q61798894	6000000012283719637
Q6180007	2389311
Q6180045	6000000024555062924
Q6180052	6000000013152005062
Q6180052	6000000024247189193
Q6180061	6000000009384813306
Q6180085	6000000018588661431
Q61801	6000000000355538742
Q6180155	6000000143338828973
Q6180283	6000000000142082156
Q618038	6000000145431150822
Q6180448	6000000009782867201
Q6180468	6000000034815457492
Q6180482	6000000023070076845
Q6180483	6000000024305859397
Q6180528	6000000011389836266
Q6180537	6000000038066590161
Q6180578	6000000026123281461
Q6180594	6000000167392754864
Q61806	6000000173645133137
Q6180605	6000000038383777706
Q6180665	6000000146991907125
Q6180667	6000000030980132034
Q6180679	6000000009686596639
Q6180718	6000000064611934845
Q6180736	6000000031170354245
Q6180744	6000000020207668094
Q6180746	6000000020207647868
Q6180757	6000000013016263498
Q6180763	6000000062830837915
Q6180765	6000000021780075201
Q618077	6000000037846703089
Q6180781	6000000086523541101
Q6180805	6000000003146907259
Q6180814	6000000014213401008
Q6180818	6000000014213251092
Q6180829	6000000009617753144
Q6180835	6000000002412408844
Q6180854	6000000045165109953
Q6180858	6000000002426296288
Q6180861	6000000066656152222
Q6180870	6000000032185350010
Q6180871	6000000050420684323
Q6180880	6000000019002429117
Q6180909	6000000079143554834
Q6180913	6000000131678689853
Q6180917	6000000005002908110
Q6180923	6000000019252384555
Q61809303	6000000006796339450
Q61809352	6000000013206321581
Q61809527	6000000005230694747
Q61809556	6000000008660274940
Q61809573	6000000005229118073
Q61809753	6000000166560588286
Q6180979	6000000001588075131
Q61809857	6000000007088686305
Q6180988	6000000013016208810
Q61810	6000000030243713105
Q6181030	6000000000953833845
Q6181053	6000000002677721780
Q6181098	6000000000468588877
Q6181110	6000000028755309984
Q6181114	6000000003611622459
Q6181169	6000000014803824617
Q6181232	6000000002766443900
Q61812443	6000000004266096473
Q61812450	6000000014730562242
Q61812452	6000000015175806324
Q61812751	6000000006402148248
Q6181305	6000000014206955814
Q61813364	6000000004054477684
Q61813370	6000000016057491792
Q61813378	6000000012645796307
Q61813391	6000000009964997697
Q6181340	6000000026575246811
Q61813409	6000000016057000528
Q61813429	6000000007708160260
Q6181361	6000000009927204789
Q61813913	6000000007378071757
Q61813966	6000000016242758412
Q61814	4104286
Q61814444	6000000009209440867
Q61814531	6000000009128263245
Q6181509	6000000011261294926
Q6181593	6000000016639258810
Q61816208	6000000007052246141
Q6181645	6000000015607235096
Q61816611	6000000174483954037
Q61816695	4543286370100022077
Q61816748	6000000108121935821
Q6181707	6000000016640120917
Q6181707	6000000088071373834
Q6181714	6000000002611148090
Q61817663	6000000012634459247
Q6181789	6000000069315166881
Q61818418	6000000000986926406
Q6181854	6000000044436286963
Q6181904	6000000009542941602
Q61819369	6000000122945867834
Q6181938	6000000005953294223
Q61819403	6000000002799102226
Q61819733	6000000019774420290
Q6181976	6000000006126968670
Q6181983	6000000006127057887
Q6182278	6000000031372444958
Q61823	6000000181930016829
Q6182318	6000000090542704940
Q6182324	6000000011500326268
Q618237	6000000201982874840
Q6182404	6000000009664195350
Q6182431	6000000001388770689
Q6182451	6000000016860951054
Q61824664	6000000173098315196
Q61824730	6000000173097290201
Q61824911	6000000174688351841
Q61824969	6000000174061343881
Q61825010	6000000173058847699
Q61825019	6000000173937038294
Q6182507	6000000031845362143
Q6182512	6000000006990584953
Q6182514	6000000006991914274
Q6182516	6000000076783431053
Q6182546	6000000006128111900
Q6182558	6000000023682573162
Q6182565	6000000013354940518
Q6182584	6000000013742905353
Q61826	311651932510002614
Q6182616	6000000001690046542
Q61826194	6000000016973592840
Q6182620	6000000103866354902
Q61826269	6000000000042565306
Q61826330	6000000004345163784
Q61826381	6000000173851724141
Q61826473	6000000051289652853
Q61826527	6000000173126789761
Q6182655	6000000051920175937
Q61826765	6000000175292280834
Q61826915	6000000002068005017
Q61826965	6000000173384464018
Q61827226	6000000015033635039
Q61827240	6000000173381171309
Q61827248	6000000173353829466
Q61827273	6000000173323307022
Q61827283	6000000173321396717
Q61827296	6000000173321777424
Q61827312	6000000173321672905
Q61827334	6000000173289780079
Q61827396	6000000173288140936
Q61827477	6000000173257113902
Q61827499	6000000173225398082
Q61827513	6000000173160019912
Q61828	6000000032075960920
Q6182811	6000000006951676250
Q6182842	5251887046610045132
Q6182848	6000000004257149419
Q6182854	6000000008527148557
Q6182899	6000000021488267848
Q61829036	6000000126267489033
Q61829254	6000000024115975421
Q6182929	6000000021488510887
Q6182941	6000000055018271821
Q61829465	6000000006326279094
Q61829468	6000000016353978203
Q6182973	6000000002515466374
Q6182980	6000000017574204036
Q6182990	6000000086728593826
Q61830138	6000000006326648073
Q61830430	6000000016354917031
Q61830809	6000000030898093117
Q61830886	6000000010601536088
Q61831	6000000068411584822
Q61831074	6000000002788744901
Q618311	6000000059081771495
Q6183118	6000000015963499582
Q61831200	6000000006324874798
Q6183136	6000000016291469538
Q618316	6000000002188409029
Q61832335	6000000000889693035
Q61832530	6000000013743916595
Q618330	6000000029161736689
Q6183384	6000000039429505911
Q6183427	6000000001483605905
Q61834677	6000000009976551625
Q618352	6000000038108346838
Q61835456	6000000010686900806
Q6183561	6000000022365121715
Q6183565	6000000010602414747
Q6183573	6000000003745363145
Q61836	6000000018417304226
Q6183614	6000000037199312023
Q6183663	6000000019553951094
Q6183754	6000000021187816920
Q6183760	6000000021187482014
Q6183766	6000000021186631252
Q6183770	6000000021188401868
Q6183775	6000000021187880113
Q6183781	6000000021051373394
Q61839	6000000044320186059
Q61839325	6000000010725958080
Q61839510	6000000061011115908
Q6183981	6000000007511974936
Q6184003	6000000127151541885
Q6184062	6000000075479303821
Q6184067	6000000075479415823
Q61841508	6000000041041041546
Q6184182	6000000033336289863
Q6184270	6000000071609175822
Q6184411	6000000044374926988
Q6184424	6000000002764886546
Q6184622	6000000015433127189
Q6184676	6000000180532530821
Q6184688	6000000106007022084
Q6184750	6000000000652796173
Q6184836	6000000001920917200
Q6184848	6000000006077263530
Q6184858	6000000006127346477
Q6184863	6000000000410803342
Q6184869	6000000044151504985
Q6184874	6000000007341554511
Q6184886	6000000006127381796
Q6184891	6000000001458026093
Q6184896	6000000010894303789
Q6184910	6000000006892321669
Q6184917	6000000001882275117
Q6184922	6000000003292656680
Q6184928	6000000005230414997
Q6184934	6000000006127346098
Q6184942	6000000001457868019
Q6184957	6000000000572409125
Q6184966	5542999283520036957
Q6184976	6000000000112378494
Q6184984	6000000013256073632
Q6184988	352414142060010777
Q6184994	6000000006127307855
Q6185014	6000000004235861942
Q6185018	6000000019483436060
Q6185058	6000000003945621536
Q6185066	6000000006127381458
Q6185066	6000000037357652995
Q6185080	6000000008147681771
Q6185085	6000000014577148394
Q6185089	6000000006127366066
Q6185095	6000000003945531663
Q6185098	6000000006127373494
Q6185117	6000000003949655715
Q6185130	6000000006127291182
Q6185366	6000000097185816041
Q6185404	6000000068320451156
Q61854567	6000000021027851437
Q61854645	6000000027107938535
Q61854658	6000000169351065857
Q618547	6000000007150827908
Q6185471	6000000019175271622
Q6185482	6000000002947161277
Q6185487	6000000009277007148
Q6185494	6000000009277674199
Q61855	349123709800002205
Q618550	6000000021826846095
Q61855162	6000000063117745857
Q6185536	6000000007513709479
Q61855574	6000000177172196864
Q6185558	6000000172328116532
Q6185575	6000000055671311874
Q6185588	6000000022504280660
Q6185597	6000000015161891455
Q6185676	6000000022673451507
Q6185701	6000000071806714060
Q61857228	6000000047940536961
Q61857747	6000000078449535106
Q6185828	6000000065754384115
Q6185846	6000000032852982052
Q61859	6000000034392348023
Q6185909	6000000006853037997
Q6185913	6000000090761510060
Q6185927	6000000008649800582
Q6185934	6000000008649556975
Q6186036	6000000025644498258
Q618605	6000000000555445317
Q6186071	4982821270860044149
Q6186078	6000000016213113596
Q6186094	6000000014130519469
Q6186107	6000000002734905477
Q6186110	292220209110007549
Q6186160	6000000077376520868
Q61861707	6000000127095907836
Q61861945	6000000135116530851
Q6186195	6000000014000994525
Q61862	6000000075297358951
Q61862123	6000000127094650916
Q6186216	6000000001383797386
Q6186231	4517665715760121363
Q6186236	6000000003785626866
Q6186277	6000000028833949704
Q6186278	6000000003940605414
Q6186295	6000000052535310905
Q6186302	6000000016517831205
Q6186305	6000000030053854167
Q6186311	6000000028834185417
Q6186313	6000000014874801434
Q6186314	6000000028833943298
Q6186317	6000000002845474169
Q6186344	6000000009457996090
Q6186373	6000000010935391167
Q6186393	6000000003001418990
Q61863995	4924505072980122782
Q6186403	6000000013884113084
Q6186407	6000000014279015777
Q6186410	5113081995520102563
Q6186416	6000000000551417105
Q6186425	6000000001549478494
Q6186432	6000000046288800832
Q61864528	6000000007095278361
Q6186453	6000000054247507916
Q6186483	6000000021616796878
Q6186498	6000000009126568956
Q6186506	6000000018938116894
Q6186524	6000000019494693383
Q6186526	6000000000875606988
Q6186540	6000000015249040054
Q6186564	6000000015201405662
Q61865658	6000000009573495100
Q6186575	6000000014082032193
Q61865919	6000000190526101825
Q6186609	6000000078942419823
Q6186612	6000000015647776279
Q6186630	6000000043942643329
Q61866351	6000000007114003478
Q6186636	6000000122422434923
Q61866383	6000000008870402525
Q6186639	6000000001464537222
Q61866390	6000000007145636249
Q61866397	6000000040184402226
Q61866403	6000000007145787342
Q61866447	6000000018002074091
Q61866450	6000000007113992878
Q61866451	6000000007145430719
Q61866452	6000000007145705340
Q61866458	6000000028264837074
Q61866459	6000000014877510105
Q61866459	6000000016281093490
Q61866459	6000000193579561824
Q61866479	6000000019626855464
Q61866483	6000000019567411059
Q61866798	6000000006425339238
Q61866800	6000000034408383737
Q61866930	6000000078735800838
Q61866956	6000000008869458251
Q6186696	6000000007202203449
Q61866960	6000000014925486486
Q61866996	6000000014819924628
Q61866998	6000000003827674201
Q61867007	6000000014936839315
Q6186702	6000000012131620493
Q61867225	6000000065595082999
Q61867293	6000000013071964518
Q6186740	6000000011706929001
Q6186767	6000000003274806698
Q6186792	6000000013440140656
Q6186803	6000000008344865064
Q6186805	6000000000686911383
Q6186899	6000000178993558442
Q61869	6000000015332213610
Q6186914	6000000015501094849
Q6186945	6000000144966855821
Q6186953	6000000103758724945
Q61869601	6000000019925887790
Q61869697	5260298344270110198
Q6186985	6000000030400563309
Q6187000	6000000024499496875
Q61870072	4211047
Q6187009	6000000032528885307
Q6187039	6000000104683051843
Q61870716	6000000009300843166
Q61870716	6000000190046853444
Q61870775	6000000039066020768
Q61870824	6000000020574094832
Q61870977	6000000018232400803
Q6187121	6000000110708021867
Q61871680	6000000003507294002
Q61873	4103927
Q6187324	6000000089549671866
Q61873349	6000000014764356001
Q61873751	6000000016281076366
Q61874101	6000000014877351235
Q61874196	6000000184821305861
Q61874269	6000000050006718870
Q61874291	6000000014877232491
Q61874291	6000000018647500505
Q61874318	6000000014058048980
Q61874318	6000000018647350250
Q61874467	6000000014877200718
Q6187470	6000000012864149272
Q6187486	4343804825340041015
Q61874947	6000000017947428521
Q6187496	4343794717080052365
Q6187556	6000000020923148320
Q6187568	6000000009639524755
Q6187597	6000000006263975685
Q6187624	375115405550013006
Q6187638	6000000014768111968
Q6187650	6000000063532023510
Q6187661	6000000000743348470
Q6187673	4680613938540129207
Q61876868	6000000022217218713
Q6187695	6000000008805595423
Q6187697	6000000001768142157
Q6187782	6000000014426980557
Q6187801	6000000041572744952
Q6187812	6000000019060707161
Q6187817	6000000015030393628
Q6187863	6000000019842480344
Q6187865	6000000000769960698
Q6187889	6000000013164382598
Q61879	6000000001504701432
Q6187917	6000000043730663046
Q6187980	6000000005739620647
Q61880	6000000181931665827
Q6188043	6000000040371867983
Q61881396	6000000021357808922
Q61881760	6000000019022508406
Q61882517	6000000025781122199
Q61885309	6000000071220926887
Q6188555	6000000003733036105
Q6188579	6000000031197337627
Q61885840	6000000036491941978
Q6188614	6000000006414204576
Q6188653	6000000027104267990
Q6188659	6000000000039396711
Q6188698	6000000076939056182
Q61887	6000000080506381915
Q6188756	6000000087119190942
Q6188771	6000000010056279225
Q6188777	6000000004594967673
Q6188786	6000000001458058448
Q6188792	6000000005081323057
Q6188800	6000000003883175964
Q6188807	6000000003733095940
Q6188812	6000000004595255227
Q6188819	6000000001834726248
Q6188829	6000000004594355023
Q6188849	6000000004642072894
Q6188894	6000000029304946908
Q61889	6000000013866262007
Q6188905	6000000007271039689
Q61889293	6000000157011113823
Q6188931	6000000011425620150
Q61889367	6000000015644348653
Q61889381	6000000014705209462
Q6188940	6000000018544516545
Q6188945	6000000011669407406
Q6188957	6000000041051076021
Q6189026	6000000007376678704
Q6189031	6000000030478564202
Q61890447	6000000176991943604
Q618908	6000000018193693285
Q6189095	6000000004191134373
Q6189103	6000000012258757694
Q6189113	6000000004191275139
Q6189121	6000000004191486127
Q61891246	6000000000293433145
Q6189149	6000000000143436664
Q6189155	6000000004649534140
Q6189164	6000000004649325703
Q6189212	6000000008668265351
Q6189247	6000000021358195982
Q61893	6000000032746109495
Q61893776	6000000009534211427
Q61893851	6000000000321338159
Q6189421	6000000034856040027
Q6189465	6000000040980550932
Q61895645	6000000151521405172
Q6189565	6000000049234889235
Q61895697	6000000062276254894
Q61895819	6000000037196128925
Q61895822	6000000003827188188
Q61895823	6000000003827674161
Q61895852	6000000003122303475
Q61896055	6000000002378364475
Q61896095	6000000000796814395
Q61896119	6000000025564546686
Q61896179	5185791655010116022
Q61896180	6000000003878135168
Q61896183	6000000006444299290
Q61896233	6000000003494695228
Q61896833	6000000002764440024
Q61898	6000000009130260995
Q61899282	6000000010312097820
Q619	6000000001389309978
Q6190185	6000000013331268822
Q6190209	6000000005942934783
Q6190227	6000000022588497145
Q6190227	6000000076701026012
Q6190279	6000000050274872838
Q6190286	6000000011068470908
Q6190293	6000000006127758271
Q6190297	6000000008656586142
Q6190309	6000000011734856820
Q6190332	6000000006952703553
Q6190360	6000000006127601506
Q6190366	6000000011723134559
Q6190376	6000000029778797684
Q6190389	6000000018712773119
Q6190396	6000000126022754856
Q61904279	6000000029696918338
Q6190438	6000000005573763409
Q6190466	6000000009684454014
Q6190492	6000000074303215294
Q61906165	6000000024337319644
Q61906168	6000000004850496920
Q619063	6000000002188370660
Q6190656	6000000014912603734
Q619068	4534317
Q6190725	6000000089209580810
Q6190730	6000000022683021392
Q6190734	6000000029778925505
Q6190740	6000000016472976373
Q6190765	6000000021302753287
Q6190771	6000000000840156453
Q6190801	6000000021225078882
Q6190807	6000000008852236146
Q6190813	6000000019456623247
Q6190823	6000000019456602347
Q6190864	6000000019870975888
Q6190869	6000000019556154395
Q6190872	6000000007538382188
Q6190882	313100724210006806
Q6190912	6000000109121165825
Q6190929	6000000012491887670
Q6190956	6000000067840334949
Q6190960	6000000000303436712
Q61910113	6000000006257772390
Q61910165	6000000006257903105
Q6191027	6000000007182167503
Q61910921	6000000002116268243
Q61910923	6000000001531231473
Q61910926	6000000010289020846
Q61910934	6000000003827545877
Q61910936	6000000012662692367
Q61910942	6000000001531231496
Q61911	6000000006127645027
Q61911112	6000000003051219675
Q61911138	6000000001744825876
Q61911152	6000000084606665821
Q61911164	6000000002188011456
Q61911448	6000000091348541964
Q61911466	6000000180617620833
Q61911535	6000000002101076351
Q61911575	6000000006727915995
Q61911671	6000000019948139459
Q619117	6000000000959013004
Q61911753	6000000006906839694
Q61911767	6000000006444798360
Q61911770	6000000019110319354
Q61911828	6000000006444130918
Q61911942	6000000075742744821
Q61911951	6000000055261709017
Q6191228	6000000017148261821
Q61912339	6000000000339704926
Q61912413	6000000184832917887
Q61912429	6000000006445395033
Q61912443	6000000003249000957
Q61912771	6000000003827496037
Q6191285	6000000056120447833
Q6191290	6000000056119983430
Q61913229	6000000000250518885
Q6191331	6000000022735520188
Q61913325	6000000006444672457
Q61913331	6000000003495180124
Q61913332	6000000002989071041
Q61913336	6000000003495180382
Q61913371	6000000006244202735
Q61913375	6000000003146923336
Q61913542	6000000165572546822
Q61913778	6000000003149686384
Q61914144	6000000042466915305
Q6191438	6000000011364650833
Q6191504	6000000024376559838
Q6191512	6000000074746130983
Q6191520	6000000018757286823
Q6191524	6000000023231360248
Q61915371	6000000042466760790
Q6191557	6000000007614615347
Q6191564	6000000074746052115
Q6191564	6000000074746326869
Q6191566	6000000073621876929
Q6191604	6000000019685208263
Q6191717	6000000030178956218
Q6191746	6000000059233398869
Q6191751	6000000028026513540
Q6191755	6000000018378251830
Q6191761	6000000011695417316
Q61918370	6000000097041337111
Q61919283	6000000088660602003
Q6191931	6000000006126675863
Q6191974	6000000084260148848
Q6191981	6000000053303949072
Q6191994	6000000007632673805
Q6191997	6000000021027050164
Q6192068	6000000120687047826
Q6192108	6000000181697765823
Q61921264	6000000088566842827
Q6192167	6000000102803119910
Q61923251	6000000050036478850
Q6192466	6000000030749670914
Q6192471	6000000030749991802
Q6192533	6000000008881336495
Q6192576	6000000019833008210
Q61926	6000000085827923851
Q61926006	6000000018141885207
Q6192676	6000000022670915665
Q6192688	6000000007562040563
Q61926909	6000000016303686328
Q6192693	6000000009522807120
Q6192705	6000000008175674895
Q61927228	6000000014377218855
Q61927249	6000000166252686834
Q61927334	6000000008630671481
Q61927337	6000000007179395766
Q61927402	6000000006444395958
Q61927520	6000000112570067425
Q61928214	6000000021594247934
Q61928386	6000000021593697839
Q61929	6000000104894896840
Q6192949	6000000037179621901
Q6192961	6000000012514209776
Q6192977	6000000031870396959
Q61929845	6000000017696258054
Q6193037	6000000057451900904
Q61930628	6000000040333821025
Q61930806	6000000040658607956
Q6193087	6000000017168615845
Q6193116	6000000033987156907
Q61931174	6000000081360299851
Q6193170	6000000079886461972
Q61931968	6000000043031058502
Q6193278	6000000007475302674
Q6193288	6000000001769867291
Q61932901	6000000001888940427
Q61933	6000000135075840830
Q6193364	6000000094797611867
Q6193390	4481173954640077107
Q6193404	6000000178912634824
Q6193449	6000000180576354840
Q6193455	6000000038689173057
Q6193459	6000000023205628253
Q619346	6000000006727753582
Q6193465	6000000007692252517
Q6193475	6000000023059045584
Q6193485	6000000078106235396
Q61934988	6000000026637719669
Q6193505	6000000014631041261
Q6193512	6000000008650680292
Q6193517	6000000008650653469
Q6193552	6000000077405392892
Q6193582	6000000000005856138
Q6193601	6000000069295766065
Q6193676	6000000009419621257
Q619370	6000000009360227518
Q6193704	6000000027761234220
Q6193726	6000000001264347515
Q6193769	6000000079459775580
Q6193942	6000000181855063833
Q6193957	6000000062619050935
Q61939738	6000000006350102010
Q61939898	6000000016269967611
Q6193998	6000000002565625244
Q6194026	6000000008137388393
Q6194028	6000000117735392918
Q6194030	6000000008137096735
Q61940424	6000000006588730018
Q61940430	6000000001180239409
Q61940457	6000000035996947976
Q61940531	6000000013334172715
Q61940630	6000000015736309514
Q61940641	6000000015736585352
Q61940667	6000000051551309874
Q61940957	6000000006257613441
Q6194139	6000000019581499490
Q6194176	6000000168178893929
Q61941992	6000000003943200064
Q61941994	6000000081925608176
Q61942156	6000000013441144823
Q6194224	6000000024115075338
Q6194244	6000000017624120436
Q61942785	6000000045580219041
Q61942974	6000000000629700081
Q61943026	6000000093908411993
Q61943404	6000000017572666073
Q61943559	6000000009907167599
Q61943569	6000000009947643016
Q61943961	6000000024404021704
Q6194410	6000000004648300471
Q61944144	6000000042049866868
Q6194416	6000000019910020311
Q61944270	6000000210341369836
Q61944349	6000000074666248863
Q61944425	6000000189687885826
Q61944500	6000000012482493016
Q61944593	6000000009548976500
Q6194522	6000000007520615469
Q6194532	6000000040411030131
Q619465	6000000017245778125
Q6194667	6000000056964106869
Q61946865	6000000034097105611
Q61946964	6000000021808205872
Q61947376	6000000021563681420
Q61947884	6000000006200108757
Q61948018	6000000082398724909
Q61948285	6000000036977240408
Q61948967	6000000002958543793
Q61949648	6000000006127752659
Q61949694	6000000006127484809
Q61950036	6000000006127752671
Q61950148	6000000012618453767
Q61950519	6000000006127231366
Q61950610	6000000006127193740
Q6195090	6000000131319725126
Q61950986	6000000017837478993
Q61951289	6000000074692467087
Q61951609	6000000008415609134
Q61951633	6000000006127223651
Q61952352	6000000174241304284
Q6195287	6000000017274038656
Q61953364	6000000012267356259
Q61953758	6000000008114849275
Q6195378	6000000001305730880
Q61953886	6000000006118407448
Q61954	364423690140003315
Q61954782	6000000015727031809
Q6195484	6000000050376137240
Q61955056	6000000006606181964
Q6195525	6000000003448552435
Q61955251	6000000001396499926
Q61955563	6000000010050424078
Q6195563	6000000002907118925
Q61956	6000000180823601861
Q61956028	6000000015423178299
Q61956098	6000000066641208865
Q61956105	6000000173922604605
Q6195633	6000000082325703236
Q61956482	5406189863780102642
Q6195673	6000000037938434779
Q6195741	6000000012117771359
Q61957699	6000000131468873826
Q6195832	6000000039816383491
Q619584	6000000021268809054
Q6195850	6000000009769280592
Q6195887	4196070755840047810
Q61959	6000000010383436578
Q6195917	6000000011311664813
Q6195943	6000000035802400136
Q61959593	6000000182657576898
Q61959680	6000000001804702573
Q6195986	6000000013237452656
Q61959905	6000000176157718822
Q61959976	6000000001862109197
Q61960221	6000000004301207610
Q6196047	6000000116628691872
Q61960655	6000000011667083320
Q6196107	6000000082734587809
Q6196145	6000000010446563519
Q6196159	6000000005737140391
Q6196196	6000000091819339965
Q6196250	6000000043130472434
Q6196266	6000000068800107248
Q61962928	6000000006444159859
Q61962934	6000000002908617931
Q61963014	6000000003243318420
Q61963016	6000000003636853181
Q61963089	6000000006582994318
Q61963095	6000000027879251096
Q61963158	6000000023194460282
Q61963182	6000000043110832694
Q61963197	6000000010708267839
Q61963238	6000000002006462797
Q61963429	6000000001903628286
Q61963457	6000000001903633564
Q61963500	6000000007335881482
Q61963533	6000000003769935354
Q61963613	6000000003828175218
Q61963737	6000000003796167907
Q6196400	6000000103249449932
Q61965226	6000000011650381540
Q6196529	5162024282630121822
Q61965500	6000000083403096030
Q6196586	6000000028030419684
Q61966	6000000001397485868
Q6196603	6000000024239615724
Q6196766	6000000004997607916
Q6196782	6000000023499514579
Q61967943	6000000013083098709
Q61967969	6000000006127141266
Q6196832	6000000071888971918
Q61968624	6000000014582596112
Q6196868	6000000004407626023
Q6196879	6000000004407798014
Q6196881	6000000004407606549
Q61968815	6000000003032254001
Q61968965	6000000172421357195
Q6197	6000000015255871584
Q61970	6000000073124838925
Q6197056	6000000018787531033
Q61970565	6000000083942738837
Q6197066	6000000005599033341
Q61971	6000000014569122556
Q61971170	6000000110996052822
Q61971294	6000000004867827616
Q61971596	6000000003646004191
Q61971645	6000000001069578027
Q61971885	6000000002216923065
Q61971926	6000000002216776538
Q61972	6000000006727849855
Q6197286	6000000024167058883
Q6197319	6000000047229429929
Q6197324	6000000047231998889
Q619734	6000000032432808103
Q6197350	6000000007693508819
Q61974	6000000006727830343
Q61974048	6000000013197173728
Q6197431	6000000017660501233
Q61974501	6000000083942337301
Q6197526	6000000006111356669
Q6197599	6000000032275184134
Q6197648	6000000001736139394
Q61976535	6000000020327152298
Q6197681	6000000014834482338
Q6197718	6000000008210989844
Q6197774	6000000035067883821
Q6197780	6000000019361833914
Q61978206	6000000026031720834
Q61978576	6000000045433296882
Q6197862	6000000034372081186
Q6197890	6000000006829153230
Q6198008	6000000042522804945
Q6198020	388613596210002012
Q6198026	6000000004129668835
Q6198032	6000000036268886408
Q61980582	6000000003821688707
Q61981	6000000092237140842
Q61982232	6000000010917358889
Q6198262	6000000003523265757
Q61982659	6000000008520820827
Q61982961	6000000007935400857
Q61983678	6000000024477662868
Q6198449	6000000015625409404
Q61984967	6000000184651793948
Q61985044	6000000011320641679
Q6198588	6000000093925603250
Q6198615	6000000066434497823
Q61986651	6000000040157986935
Q6198844	332036262160010687
Q61988492	6000000016296422943
Q61988979	6000000012499472770
Q61988990	6000000007922927951
Q61989026	6000000006126675607
Q61989122	6000000062798948821
Q61989246	6000000002650204798
Q61989387	6000000023680116839
Q61989474	6000000014577722421
Q61990473	5572074151190115723
Q61990892	5337312147950103754
Q6199099	6000000071111821180
Q61991072	5337317536890086543
Q61992358	6000000005024114337
Q61992571	6000000057572313833
Q6199259	1227761
Q6199276	6000000003500232415
Q61993410	6000000015795494869
Q61993487	6000000130409528892
Q6199368	6000000100172022826
Q6199388	6000000089261480778
Q61993902	6000000178446972824
Q61994543	6000000008218179393
Q6199476	6000000092994656836
Q61994931	6000000008507942790
Q61995073	6000000050130612417
Q6199516	6000000007535732847
Q6199565	6000000136308801096
Q61995857	6000000066653016902
Q61995980	6000000019324396046
Q6199606	6000000019556160628
Q61996172	6000000075656443059
Q61996341	6000000002388797129
Q61996424	6000000041915225057
Q61996504	6000000086925456846
Q6199653	6000000028486641080
Q61996595	6000000024474132236
Q61996971	6000000195494096849
Q61996987	6000000016774673131
Q61997075	6000000145344057838
Q61997167	6000000017218962809
Q61997319	4756231001450023535
Q6199757	6000000024567488103
Q6199767	6000000021617471884
Q6199789	6000000114241948825
Q6199823	6000000000598545281
Q61998365	6000000026367045935
Q61998729	6000000019938940246
Q61998781	6000000012840542074
Q6199899	6000000040843795067
Q61999158	6000000063305608025
Q6199931	6000000040190378130
Q61999614	6000000179074245827
Q6200043	5414890819520121136
Q6200066	6000000027677996767
Q6200205	6000000057188627997
Q62002405	6000000001915617974
Q6200300	6000000039272493315
Q6200306	6000000019949561249
Q6200312	6000000050375361792
Q6200348	6000000012179769111
Q6200366	6000000032056036360
Q6200377	6000000029954625017
Q62004	6000000025955011165
Q6200457	6000000014441011825
Q6200503	6000000009225027127
Q62005295	6000000004406696016
Q6200560	6000000096102955905
Q6200573	6000000037398996549
Q6200578	6000000032235343021
Q6200584	6000000011353334703
Q6200590	6000000011354196201
Q62006	6000000080658270125
Q62006398	6000000054754245892
Q62006524	6000000016039583853
Q62006647	6000000020461640793
Q62006847	6000000056872354204
Q62007508	347778535380006080
Q62007575	6000000179646206931
Q62008041	6000000096820729835
Q62008891	6000000013629100945
Q6200925	6000000024390342869
Q62010358	6000000177393365827
Q62011	6000000027542310125
Q6201114	6000000023389452902
Q62011341	6000000057504733829
Q6201227	6000000008088181018
Q6201245	6000000040123953827
Q6201257	6000000061006232885
Q6201326	6000000033477658909
Q6201330	6000000006823770138
Q6201336	6000000033527124964
Q6201341	6000000006823447597
Q6201348	6000000048837367322
Q6201378	1462205
Q6201418	6000000027925927239
Q6201454	6000000029610373401
Q62014623	6000000006728948130
Q62014623	6000000040596477225
Q6201534	6000000034265565023
Q6201605	6000000028706415223
Q6201615	6000000029077024881
Q6201643	6000000012769086751
Q6201655	6000000007322646439
Q6201666	6000000029331233547
Q62017149	6000000000991149542
Q6201717	6000000007322811370
Q62017276	6000000022863230191
Q62017333	6000000147170573839
Q6201740	6000000012687983247
Q62017577	5319196347070062724
Q6201776	6000000020733696769
Q62017908	6000000011363250781
Q62017972	6000000175001338436
Q6201799	6000000025108197685
Q62018018	6000000010408191884
Q62018115	6000000017938944798
Q62018284	6000000017939096068
Q62018346	6000000087594163938
Q62018399	6000000000979376110
Q6201849	6000000057631464874
Q62018731	6000000020435441672
Q62018981	6000000007228649378
Q62019007	6000000015518894618
Q62019132	6000000127625014112
Q6201926	6000000011689961814
Q620193	6000000090978172822
Q62019337	6000000031339655310
Q6201938	6000000007391202585
Q62019417	6000000078349674827
Q62019787	6000000053429721945
Q62020	6000000024179851431
Q62020349	6000000007316103432
Q62020364	6000000003135637238
Q62020367	6000000020438440209
Q62020368	6000000017705936857
Q62020371	6000000032321287174
Q62020577	6000000021002915109
Q6202160	6000000025984123479
Q62021705	6000000006872414146
Q6202192	6000000004868280866
Q62021958	6000000004086410657
Q6202199	6000000036058257752
Q6202257	6000000003492157929
Q62022605	6000000012422784258
Q6202293	6000000020181564067
Q62023312	6000000012411481684
Q6202342	6000000094189174045
Q62023569	6000000074714398989
Q62023576	6000000091768970889
Q62023742	6000000003122380613
Q62024	6000000002144344970
Q62024	6000000117134008095
Q6202412	6000000002738055689
Q6202417	6000000080545514005
Q62024320	6000000006285825075
Q62024978	6000000016332259755
Q6202515	6000000001060352814
Q620256	6000000006101344713
Q6202583	6000000045291786878
Q6202617	6000000016506029063
Q62026508	6000000053320577257
Q62026510	6000000050322386907
Q62027091	6000000019343601605
Q62027194	6000000089037983964
Q62027210	6000000161884993859
Q62027430	6000000011314489685
Q62027438	6000000017390253279
Q62027478	6000000007501146612
Q62027539	6000000011319084130
Q62027555	6000000021785484170
Q6202859	6000000027977520838
Q620287	6000000003588870006
Q6202920	4178638365840036414
Q62029428	6000000012946574945
Q62029447	6000000071391340089
Q62029492	6000000010460789451
Q62030161	6000000054569453850
Q6203035	6000000117757870916
Q62031904	6000000012307119822
Q62031990	6000000013622171012
Q62032584	6000000015754871107
Q62033175	6000000083233708080
Q62033482	6000000178040880948
Q6203369	6000000002649898502
Q6203382	6000000132857305833
Q6203389	6000000001882094382
Q6203455	6000000003349911683
Q6203461	6000000001943600102
Q6203467	6000000001114142089
Q6203472	6000000003350014110
Q6203476	6000000003349988508
Q62035321	6000000016185697950
Q6203596	5269836332940067894
Q62036	6000000130570369092
Q62036063	6000000003076410008
Q6203635	6000000004260164550
Q62036369	6000000055304146061
Q6203641	6000000179888230832
Q6203642	6000000013352584217
Q6203648	6000000009404988291
Q62036526	6000000141848167922
Q6203659	6000000009405011237
Q6203666	6000000012012566287
Q6203671	6000000013353089703
Q6203702	6000000004260372185
Q6203708	6000000012012282821
Q6203711	6000000013401651102
Q62037147	6000000001180267281
Q6203727	6000000000020579165
Q6203740	6000000001399377110
Q62038311	6000000022304782315
Q6203856	6000000015268843046
Q6203861	6000000019850032942
Q6203891	6000000009617843133
Q62041	6000000002844765379
Q6204185	6000000151347905118
Q62043	6000000002774950185
Q6204313	6000000006768776277
Q6204332	6000000004402458437
Q6204405	6000000040899062966
Q6204491	6000000012727935401
Q6204526	6000000006262978975
Q6204539	6000000045990359226
Q6204546	6000000003194396506
Q6204571	6000000081761884875
Q6204593	6000000190452520853
Q6204610	6000000166197935839
Q6204612	6000000006127726367
Q6204619	6000000007977860363
Q6204623	6000000050759701297
Q6204628	6000000018885447401
Q6204630	4172438573610048684
Q6204645	6000000012587970591
Q6204657	6000000012641210266
Q6204662	6000000012349041465
Q6204671	6000000007523104930
Q6204684	6000000113876311099
Q6204692	6000000041174829340
Q6204695	6000000022566301933
Q6204696	6000000006258259009
Q6204699	6000000030112258821
Q6204743	6000000003745640530
Q6204800	6000000097311981929
Q6204817	6000000008500614208
Q6204863	6000000000659184315
Q6204905	6000000003075765318
Q6204918	6000000002234940659
Q6204937	6000000000770134991
Q6204961	6000000014607670056
Q6204989	6000000020183570017
Q62050	6000000056328584846
Q62050078	6000000064295844121
Q6205008	6000000088974464999
Q6205055	6000000032705474815
Q6205057	6000000003772723147
Q6205281	6000000020090835592
Q6205285	6000000011914271220
Q6205299	500029
Q6205423	6000000008220537316
Q6205446	6000000038342717102
Q6205460	6000000006568309813
Q6205468	6000000006567562081
Q6205484	6000000089872967894
Q6205557	6000000006761942868
Q6205558	6000000031984292314
Q6205577	6000000029696457537
Q6205584	6000000007386491273
Q620559	6000000002399342430
Q6205590	6000000000804995015
Q6205592	6000000004303275587
Q62055963	6000000015368861152
Q62056	4308132713530068682
Q6205618	6000000010421464045
Q62056439	6000000022364862949
Q620568	6000000066940810019
Q62057084	6000000041473752600
Q6205725	6000000009965625146
Q6205768	6000000003665895187
Q620577	6000000024347492940
Q6205857	6000000055528662874
Q6205864	6000000006796250437
Q6205915	6000000006882613301
Q6205950	6000000178970642832
Q6205966	6000000005962059742
Q62059812	6000000005244202033
Q62059918	6000000009316734035
Q62059943	6000000012065752781
Q6205998	6000000021151655072
Q6206022	6000000024821386086
Q62060569	6000000030285861483
Q6206148	6000000075429819839
Q6206169	6000000009928765915
Q62063	6000000004025305942
Q6206300	6000000175579233974
Q6206308	6000000028263551598
Q6206316	6000000042378033124
Q6206359	6000000023605633591
Q6206374	6000000021700689315
Q6206392	6000000013400608577
Q6206397	6000000007442066395
Q6206403	6000000007443606036
Q62064064	6000000009119602422
Q6206408	6000000013175234469
Q6206421	6000000013175221906
Q6206425	6000000007441921037
Q6206426	6000000016499075927
Q6206431	6000000007443632679
Q6206436	6000000013352470750
Q6206484	6000000009199777749
Q6206508	6000000016130823568
Q62065126	6000000109760823922
Q62065251	6000000042133648531
Q620653	6000000042831328271
Q6206572	6000000082469414692
Q6206638	6000000044021448285
Q6206653	6000000001920499523
Q62066716	6000000011199731692
Q6206686	6000000104668703914
Q62067299	6000000045964943420
Q62067324	6000000152523471842
Q6206781	6000000040945860181
Q62068	6000000001260403655
Q62068099	289103125640005728
Q62068203	6000000011825684984
Q62068213	6000000013425537315
Q6206825	6000000007773345880
Q6206830	6000000018823263576
Q6206835	6000000021641394391
Q6206866	6000000018605308917
Q6206918	6000000007977555859
Q6206924	6000000022905861964
Q6206928	6000000007442888635
Q6206941	6000000008003408705
Q62070061	6000000087092289864
Q62070147	6000000009038695836
Q62070419	6000000024612495719
Q62070475	6000000007014376869
Q6207060	6000000174348348858
Q6207070	6000000024693467410
Q6207077	6000000008899908313
Q62070877	6000000023851601154
Q62071126	6000000083670720927
Q62071134	6000000039284430135
Q6207118	6000000184499509821
Q6207127	6000000000390755531
Q62071279	6000000181359002841
Q6207165	6000000029209562219
Q6207171	6000000175607740839
Q6207179	6000000015685072343
Q62071991	6000000011387399247
Q62072007	6000000011165132757
Q62072013	6000000011304305132
Q62072024	6000000011364808280
Q62072103	6000000017148145488
Q62072109	6000000011194325103
Q62072114	6000000140693235828
Q6207214	6000000019926168515
Q62072212	6000000013120027336
Q62072236	6000000035361871584
Q62072258	6000000005598924579
Q62072440	6000000010621180100
Q62072451	6000000057437971958
Q6207304	6000000014304566833
Q62073079	6000000183835254828
Q62073439	6000000013542779833
Q6207431	6000000014451421523
Q6207455	6000000008896368832
Q6207468	6000000008888552408
Q62075	6000000019090443827
Q62075153	6000000051812122029
Q6207529	6000000000106764482
Q6207541	6000000003083992595
Q62075577	6000000184177599889
Q620757	6000000042996086344
Q62075886	6000000012097845777
Q62076021	6000000012098283481
Q62076464	6000000024143111392
Q62076481	6000000006127576176
Q62076483	6000000070095448821
Q620766	6000000017681344242
Q6207664	6000000007843593483
Q6207673	6000000007844073730
Q62076905	6000000008673019738
Q6207707	6000000044412304026
Q6207815	6000000055025280853
Q62078396	6000000006290096600
Q62078494	6000000011842805551
Q62079244	6000000030952201071
Q62079264	6000000008537625485
Q6207937	6000000001009265638
Q62079556	6000000021135199219
Q62079561	6000000029202872531
Q62079601	6000000203705698824
Q62079622	5698447095650035965
Q62079623	6000000167609823085
Q62079625	6000000015937568545
Q62079627	6000000022453871142
Q62079632	6000000084983902355
Q62079640	6000000025705867852
Q62079646	6000000027592647255
Q62079659	6000000010793480516
Q62079669	4739539132660028580
Q62079786	6000000039330762211
Q62079809	6000000015125547023
Q62079811	6000000017228117412
Q62079835	6000000000856620552
Q62079883	6000000000124417047
Q62079900	6000000027932416378
Q62079919	6000000032599883998
Q62079936	5563335004480026912
Q62079938	6000000002035041589
Q62079953	6000000003351809801
Q62079981	6000000001969933227
Q62080	6000000000899996451
Q62080037	6000000107787171859
Q62080044	6000000077232632581
Q62080049	6000000018494783076
Q62080053	6000000015413034570
Q62080059	6000000024904134906
Q62080063	6000000031560263869
Q62080068	6000000022843098374
Q62080073	6000000023992920311
Q62080081	6000000175031605862
Q62080107	6000000022715830557
Q62080134	6000000020588814091
Q62080137	6000000038102470149
Q62080164	6000000025705583274
Q62080171	6000000048849129110
Q62080191	6000000017199306896
Q62080285	6000000089554555881
Q62080334	6000000049856433210
Q62080343	6000000177553886877
Q62080374	6000000012449027000
Q62080589	6000000024997552097
Q62080615	6000000022832258065
Q62080617	6000000013886662291
Q62080624	6000000023982326311
Q62080629	6000000006724757852
Q62080632	6000000026244115283
Q62080675	6000000020450233329
Q62080682	6000000008968862608
Q62080711	6000000034747894438
Q62080739	6000000032397981329
Q62080751	6000000089125650846
Q62080762	6000000030843664624
Q62080773	6000000031589161966
Q6208081	6000000046977925890
Q62080851	6000000073391320960
Q62080874	6000000018443489145
Q62080895	6000000022808997592
Q62080919	6000000015118954912
Q62080972	6000000002003070010
Q62080989	6000000006429228717
Q62080992	6000000022232204032
Q62081	6000000029985743757
Q62081029	6000000024416056741
Q62081049	6000000013927751706
Q62081080	6000000025705489428
Q62081127	6000000020640805099
Q62081131	6000000037740551041
Q62081249	6000000023993149943
Q62081259	6000000179593378848
Q62081274	6000000011631999235
Q62081291	6000000055392276829
Q62081344	6000000017267163095
Q62081355	6000000015942104499
Q62081366	6000000027981930178
Q62081388	6000000042760279812
Q62081421	6000000019630092518
Q62081423	6000000012449093671
Q62081443	6000000026712854011
Q62081447	6000000004609908007
Q62081488	6000000013174487288
Q62081508	6000000029921908400
Q62081510	6000000013806832253
Q62081518	6000000008527367599
Q62081527	6000000015243043003
Q62081536	6000000022658204847
Q62081564	6000000013926173343
Q62081616	6000000007287829347
Q62081994	6000000003147188013
Q620823	6000000041002463386
Q62082749	6000000030988318130
Q6208290	6000000176250139828
Q6208323	6000000178203225845
Q6208334	6000000180797913824
Q62083847	6000000011146644518
Q62083963	6000000006789371433
Q62084072	6000000092937066842
Q62084246	6000000171711559413
Q6208462	6000000049121758865
Q6208470	6000000046294408878
Q6208482	6000000026648397415
Q620849	6000000009412122341
Q62085	6000000019886028939
Q6208546	6000000007213893288
Q620855	6000000011377494037
Q6208565	6000000071294624896
Q62085783	6000000020533253219
Q620859	6000000011377430723
Q62086	6000000053001561279
Q62086183	6000000005598815102
Q62086191	6000000017665028419
Q62086199	6000000012424864305
Q62086208	6000000009926985071
Q62086212	6000000012662692520
Q62086236	6000000025497732296
Q62086246	6000000018746142626
Q62086264	6000000016840185727
Q62086267	6000000011130887222
Q62086270	6000000011543039172
Q62086307	6000000028666057220
Q62086345	6000000017148137017
Q62086360	6000000010883161378
Q62086390	6000000009666198716
Q62086393	6000000018889685311
Q62086443	6000000018172898496
Q62086650	6000000018261214366
Q6208667	6000000121492758839
Q62087094	6000000008358329821
Q6208747	6000000026188817990
Q6208757	6000000041830465333
Q62088	6000000016026871575
Q62088460	6000000020584029938
Q62089499	6000000026095063362
Q6208987	6000000034934743266
Q6208993	6000000023172153514
Q6208999	6000000012013017445
Q6209021	6000000039171815207
Q6209025	6000000007175892136
Q62090540	6000000023337475337
Q6209068	6000000011263130052
Q6209073	6000000025130147796
Q62090851	6000000038718633857
Q62091013	6000000002091689721
Q6209115	6000000015329540566
Q62091318	6000000005362635638
Q62091322	6000000005366652725
Q62091338	6000000000367195142
Q6209150	6000000045754190069
Q6209159	6000000005593648026
Q62091762	6000000073222348226
Q62091838	6000000007520951166
Q6209193	6000000038975145633
Q62092	6000000150918350099
Q6209322	6000000037992864852
Q620933	6000000000307246641
Q6209410	6000000015791838969
Q6209556	6000000000063430422
Q6209572	6000000003467389272
Q6209669	6000000024463295210
Q6209675	6000000153777753889
Q6209714	6000000077512620044
Q6209723	6000000163742397876
Q62097294	6000000045049780017
Q6209730	6000000005218083080
Q6209791	6000000024949983118
Q6209804	6000000018941324113
Q6209810	6000000003876232985
Q62098136	6000000072717908068
Q6209816	6000000023968161832
Q62098539	6000000020850216118
Q62098539	6000000035280323693
Q62098746	6000000017629311829
Q6209881	6000000047903896903
Q62099	6000000001318195121
Q6209910	6000000031061497309
Q6209934	6000000027361527459
Q6210033	6000000016633173470
Q6210045	6000000101616818871
Q6210115	6000000022190334943
Q6210140	6000000019765866049
Q6210162	6000000015907054284
Q6210210	6000000022615592227
Q6210214	6000000024831659618
Q6210251	6000000017388874898
Q621028	6000000021764164995
Q6210282	6000000114645466923
Q6210288	6000000175385333161
Q62104	6000000002188445883
Q62104711	4754996552740023509
Q6210485	6000000001504290373
Q6210522	362192182660003744
Q6210666	6000000055425707916
Q62107	6000000002188425991
Q6210701	6000000046981045884
Q6210704	6000000027948666098
Q6210720	4388228422920033169
Q62107944	6000000004069261597
Q6210795	6000000017586126379
Q62108	6000000036054542864
Q6210819	6000000018029396494
Q6210825	6000000078684648104
Q62108250	6000000037685405431
Q6210835	6000000031820552726
Q6210851	6000000006128133704
Q621087	6000000027743934637
Q62108722	6000000002531601426
Q62108796	6000000021506890398
Q62108876	6000000004154209168
Q62108982	6000000027467353260
Q62109	6000000000818490491
Q6210931	6000000182073178861
Q6210955	6000000000011601178
Q62109578	6000000065489122881
Q62109585	6000000033254532894
Q6210961	6000000000011491619
Q6210976	6000000071804047913
Q6210988	6000000079216452761
Q621099	6000000177505061827
Q6211184	6000000012919223703
Q6211227	6000000023204643045
Q62112386	6000000027127517217
Q62113185	6000000220142024835
Q6211343	6000000075480435882
Q62113696	6000000073486317821
Q6211504	6000000044328974860
Q62115573	6000000025509525240
Q6211596	6000000021625505698
Q62116	6000000002163961314
Q6211603	6000000069710539167
Q62116732	6000000119534473103
Q62116802	6000000103881164921
Q62117176	6000000173354800133
Q62118083	6000000179662959883
Q62118385	6000000000343214592
Q62118423	6000000004298255083
Q6211849	6000000038056184898
Q6211865	6000000024432036011
Q62119870	6000000008248363270
Q6212003	6000000027627330108
Q6212060	6000000017414534616
Q62120657	6000000002088421702
Q6212098	6000000172372520310
Q6212137	6000000026520427842
Q6212225	6000000115218225866
Q62122650	6000000009618439166
Q62123743	6000000195346533900
Q62124703	6000000097833022873
Q6212529	6000000061745414934
Q6212554	6000000012819641322
Q6212564	6000000028028151149
Q62125882	6000000153958334821
Q6212615	6000000006128227666
Q6212668	6000000068143054121
Q6212676	6000000060778179986
Q62127106	6000000081251500792
Q6212733	6000000178572787849
Q62128099	6000000000839950258
Q62128429	6000000002187918098
Q62129	6000000003632043033
Q62129156	6000000012200638707
Q62129752	6000000004297770956
Q62129893	6000000011666514003
Q62130146	6000000010007927143
Q62130216	6000000124321575839
Q62130458	6000000011212208454
Q62130560	6000000027561658057
Q62130944	6000000033092245992
Q62131194	6000000064177102076
Q6213150	6000000012537584710
Q6213166	6000000017267987338
Q6213231	6000000183917401827
Q6213246	6000000012245968512
Q6213287	6000000002482361212
Q6213296	6000000006160303035
Q62133	6000000020389147914
Q6213303	6000000001920474015
Q6213331	6000000107380578821
Q6213371	6000000006348543670
Q62134	6000000014767947053
Q6213423	6000000041077343576
Q6213444	6000000027961763298
Q6213460	6000000035816659312
Q6213514	6000000026378236790
Q6213562	6000000025293310764
Q6213586	6000000075968001071
Q6213598	6000000038656565331
Q6213641	6000000042012866257
Q6213655	6000000003307895528
Q6213656	6000000078252447887
Q6213713	6000000003501632405
Q621375	6000000073232593262
Q6213775	6000000011175989725
Q6213792	6000000015915409096
Q6213805	6000000034903780638
Q6213817	6000000007883582905
Q6213888	6000000001736227069
Q6213892	6000000003634127463
Q62139	6000000002188453448
Q6213973	6000000019678476947
Q6213982	6000000036496143857
Q6214025	6000000039065936676
Q6214095	6000000008864137536
Q62141862	6000000008630710646
Q6214231	6000000000695335073
Q6214233	6000000055261353041
Q6214256	6000000078516666957
Q621428	6000000170078857844
Q621437	6000000076109313862
Q62144	6000000003243272883
Q621443	6000000122539684845
Q6214439	6000000067470593875
Q6214643	6000000003456658194
Q62147	6000000179041220831
Q6214703	6000000124110268836
Q6214857	6000000015106465584
Q6214877	6000000033620146882
Q6214880	6000000010932227935
Q6214898	6000000001073463130
Q6214907	6000000016133102705
Q6214912	6000000030371042769
Q6214916	6000000025032008429
Q6214975	6000000011260607775
Q6214979	1499076
Q6214980	6000000010704177476
Q6214982	6000000016058029912
Q6214984	6000000025542903083
Q6214985	6000000016652684633
Q6214987	6000000015096729004
Q6214990	6000000026635588590
Q62150	6000000010622283987
Q6215016	6000000007961574017
Q6215039	6000000005441200878
Q6215042	6000000018529678684
Q6215044	6000000004053872746
Q6215050	6000000025758171034
Q6215066	6000000009513076641
Q6215067	6000000006587272879
Q6215082	6000000009964382416
Q6215084	6000000016669818470
Q6215090	6000000013154744825
Q6215096	6000000001504541675
Q6215097	6000000009188124583
Q6215103	6000000024291210051
Q6215109	6000000003502461993
Q6215124	6000000018157945131
Q6215127	6000000002831078650
Q6215131	6000000007211044463
Q6215144	6000000006889281598
Q6215144	6000000190195730821
Q6215150	1573492
Q6215158	6000000017458636470
Q6215174	6000000014466985445
Q6215184	390299889440003452
Q6215197	6000000022511028682
Q6215200	6000000005453477002
Q6215231	6000000004288798264
Q6215247	6000000007710544504
Q6215266	6000000011504897838
Q6215293	6000000006402504884
Q62153	6000000002772701085
Q6215301	6000000027593736914
Q6215366	6000000011758693208
Q6215371	6000000012806605196
Q6215374	6000000000688450349
Q6215418	6000000031503029428
Q6215423	6000000016022263571
Q6215465	6000000005441261779
Q621548	385247825670005220
Q6215492	6000000021303121772
Q6215514	6000000011829800501
Q6215516	6000000001741703380
Q6215524	6000000002797455857
Q6215529	6000000000981886781
Q6215590	6000000002451838496
Q6215594	6000000003645923222
Q6215598	6000000026452640735
Q6215599	6000000009696084090
Q6215614	6000000006127523192
Q6215621	6000000020894145601
Q6215663	6000000006564747541
Q6215672	6000000009240875649
Q6215733	6000000031355717862
Q6215738	6000000031355589898
Q6215788	6000000018834168234
Q6215788	6000000021341070703
Q6215806	6000000018172188216
Q6215912	6000000072628290348
Q6215949	6000000183237510906
Q6215955	6000000178235580863
Q621598	6000000041029912507
Q6215995	6000000002536015142
Q62160	6000000000679723667
Q6216004	4458999
Q6216044	6000000019035740142
Q6216079	6000000054565929880
Q6216087	6000000084967068823
Q6216096	1366483
Q6216100	6000000016484732869
Q6216146	6000000032884888461
Q6216152	6000000025221850026
Q6216156	6000000179357594859
Q6216193	6000000044414851792
Q62162436	6000000007901056252
Q6216358	6000000034228981936
Q6216367	6000000040164381743
Q6216378	6000000008260573139
Q6216466	6000000043335838044
Q6216490	6000000040558003964
Q6216496	6000000103850680010
Q6216540	6000000014312727419
Q6216562	6000000094878780856
Q6216564	6000000017424257587
Q6216566	6000000050502604922
Q6216580	6000000023039180434
Q6216584	6000000023040076872
Q6216599	6000000167395724847
Q6216604	6000000008630254855
Q6216606	6000000003722639744
Q621662	6000000009858086811
Q6216648	6000000014950149124
Q6216651	6000000038975112526
Q6216698	6000000011590783054
Q6216700	6000000030628775363
Q62167016	6000000004156734091
Q6216716	6000000199973230890
Q6216743	6000000102840059923
Q62167435	6000000004156471373
Q6216761	6000000001718811403
Q621679	6000000013095853461
Q6216797	6000000025388020735
Q6216816	6000000016729082176
Q6216818	6000000017442781315
Q6216866	6000000032495370998
Q6216888	6000000003900292015
Q6216892	6000000092767130825
Q6216918	6000000000987135429
Q6216960	6000000000530133352
Q6216966	6000000031868584531
Q6216970	6000000098111729892
Q6216981	6000000019881741139
Q6217003	6000000069086945821
Q6217022	6000000023700849005
Q6217036	6000000058400513982
Q6217038	6000000026173193896
Q6217097	390313417900002221
Q6217100	6000000013061888242
Q6217103	6000000004620327022
Q621733	6000000020019503005
Q6217359	6000000014463843697
Q6217365	6000000016147244345
Q6217371	6000000001753009613
Q6217379	6000000013019511696
Q6217386	6000000001753015019
Q6217401	6000000005395169319
Q6217445	6000000076799944349
Q6217447	6000000024319927058
Q6217484	6000000219104857858
Q6217509	6000000018973117427
Q6217598	6000000002665788323
Q6217602	6000000022966146857
Q6217606	6000000042488801933
Q6217649	6000000012687726757
Q6217691	6000000003815943069
Q6217710	6000000176592415904
Q6217755	6000000015127742277
Q621776	6000000024239947645
Q6217760	6000000042585052891
Q6217825	6000000149853897890
Q6217831	6000000018100946374
Q6217847	4688170538400033510
Q6217871	6000000002299756629
Q6217983	6000000012396069305
Q6217984	6000000016935587969
Q6217988	6000000081964545521
Q6218010	6000000004826831879
Q6218014	6000000039593260920
Q6218068	6000000007858436950
Q6218082	6000000021039097785
Q6218086	6000000136848301972
Q6218093	6000000019555964851
Q6218095	6000000039104237118
Q6218100	6000000002569716400
Q6218114	6000000014893421975
Q6218116	6000000019881270489
Q6218121	6000000006606273024
Q6218137	6000000000087331744
Q6218153	6000000000795140383
Q6218161	6000000020169983997
Q6218165	6000000010531177843
Q6218168	6000000050589050097
Q6218168	6000000079657073160
Q6218179	6000000019281434709
Q621818	6000000142422886821
Q6218185	6000000009429905361
Q6218192	6000000024669037886
Q6218194	6000000007960288712
Q6218204	6000000012473836933
Q6218225	6000000007673532370
Q621823	6000000020264894896
Q6218230	6000000007673470311
Q6218246	6000000001956462837
Q6218252	6000000008201346843
Q6218255	6000000028666158992
Q6218266	6000000083263129387
Q6218268	6000000014094269536
Q6218278	6000000082793611904
Q6218334	6000000183309938904
Q6218354	6000000046969896880
Q6218368	6000000011277588324
Q6218380	6000000023325079838
Q6218415	6000000135031214046
Q6218435	6000000056046092822
Q6218442	6000000016053666915
Q6218446	6000000064297421822
Q6218459	6000000039811267303
Q6218467	6000000006348755209
Q6218470	6000000002665559238
Q6218491	6000000003454509677
Q6218519	6000000031649398985
Q6218549	6000000026648361434
Q6218556	6000000073394373036
Q6218562	6000000000670575894
Q6218584	6000000012822043243
Q6218609	4241813112160062534
Q6218621	6000000080720354850
Q6218623	6000000176032456837
Q6218627	6000000082993354549
Q6218628	6000000077977427241
Q6218639	6000000013751707230
Q6218641	6000000000433714065
Q6218646	6000000006879531605
Q621866	6000000003146933953
Q6218665	6000000024640476193
Q6218759	6000000026463618663
Q6218766	6000000073736711047
Q6218773	6000000009308232659
Q621879	6000000022943863665
Q6218798	6000000007318476436
Q62188	6000000179379610843
Q6218807	343758059930005781
Q6218813	6000000010800967161
Q6218829	2574156
Q6218850	6000000007473420698
Q6218856	6000000007473804209
Q6218860	6000000007473673430
Q6218896	6000000012554400736
Q6218898	6000000012358043317
Q6218911	6000000042893102821
Q6218913	6000000002465162021
Q6218920	6000000013309345025
Q6218923	6000000046941396930
Q6218952	6000000069888222928
Q6218967	6000000011657532506
Q6218980	6000000066267632103
Q6218986	6000000084266877873
Q6219059	6000000042135894493
Q6219080	6000000025943770723
Q6219090	6000000001726634178
Q6219094	6000000001504570324
Q62191	6000000008764564935
Q6219112	6000000050681621019
Q6219122	6000000001169174487
Q6219176	6000000014565628150
Q6219178	6000000014565024534
Q6219191	6000000014576020180
Q6219205	6000000019236868270
Q6219217	5156433921600119315
Q6219239	6000000116793371821
Q6219285	6000000006568291400
Q6219287	6000000006489321302
Q6219288	6000000017197516387
Q6219290	6000000006455745104
Q6219302	6000000018231074687
Q6219317	6000000003594764616
Q6219336	6000000005220735092
Q6219340	6000000019373812785
Q6219370	6000000008796524908
Q6219401	6000000019253983599
Q6219417	6000000100806986874
Q6219444	6000000074794448970
Q6219448	6000000073519293821
Q6219483	6000000037134971552
Q6219488	6000000074571395026
Q6219491	6000000184428682850
Q6219496	6000000003430666640
Q62195	6000000006705642100
Q6219507	6000000022281149245
Q6219517	6000000185193394835
Q6219518	6000000023215590568
Q6219522	6000000013707330076
Q6219528	6000000026213143587
Q6219532	6000000020342104776
Q6219534	6000000006597101699
Q6219556	310828559540008204
Q6219558	5295630324970132352
Q6219560	6000000006582316240
Q6219564	6000000002450603432
Q6219566	6000000002808393961
Q6219587	6000000011624145618
Q6219629	6000000029581402116
Q6219636	6000000005597544918
Q6219648	6000000026036911718
Q6219650	6000000015745637383
Q6219699	6000000013266180142
Q6219739	6000000180405682830
Q6219749	6000000106662043905
Q6219755	6000000019271814035
Q6219779	6000000012786855859
Q6219781	6000000012786765988
Q6219791	6000000003939528204
Q6219795	367425168770013701
Q6219796	6000000002306727468
Q6219816	6000000004226332293
Q62198180	6000000219313565825
Q6219845	6000000092480475844
Q6219848	6000000015375169172
Q6219883	6000000007576754671
Q6219889	6000000011063865474
Q6219891	6000000138987530848
Q6219928	6000000003076121949
Q6219937	6000000073113567091
Q6219938	6000000007396671695
Q6219947	6000000003752246792
Q6219963	6000000007576904237
Q6219964	6000000009859568288
Q6219973	6000000035204211186
Q6219993	6000000009882991646
Q6220008	6000000040298481985
Q6220032	6000000033186860904
Q6220032	6000000045917957939
Q6220090	6000000029760026983
Q6220113	6000000186198539014
Q6220152	6000000013315312021
Q6220164	6000000013135914955
Q6220169	6000000194450939002
Q6220183	6000000026377908028
Q6220190	6000000016117470710
Q6220194	6000000013239249229
Q6220195	6000000026375139063
Q6220198	6000000023527078918
Q6220201	6000000026372780564
Q6220222	6000000186025728346
Q6220246	6000000037496064618
Q6220256	6000000028338696509
Q6220260	6000000011237749242
Q6220292	6000000004570621504
Q6220332	6000000055514996917
Q6220354	5517690744180124026
Q6220358	6000000006296079287
Q62204	6000000042999907375
Q6220445	6000000002085642282
Q6220486	6000000103708239900
Q6220501	6000000007511755663
Q6220514	6000000027040087525
Q6220546	6000000003040861467
Q6220559	6000000037973769900
Q6220566	6000000127556122879
Q62205836	6000000022293935927
Q6220609	6000000002466446848
Q6220618	6000000065076689827
Q6220645	6000000023709536668
Q6220650	6000000022566012139
Q6220652	6000000013921261598
Q6220656	6000000024234674172
Q6220675	6000000002159399466
Q6220677	6000000011449968773
Q6220679	6000000014425220107
Q6220713	6000000014994456126
Q6220738	4220725489310067676
Q6220755	6000000029097945056
Q6220767	6000000186014825139
Q6220770	6000000000743429719
Q6220780	6000000039276542903
Q6220814	6000000007606579491
Q6220821	6000000025892631100
Q6220862	6000000018989994333
Q6220874	6000000010962549846
Q6220916	6000000182334264830
Q6220924	6000000024131014204
Q6220924	6000000078136406109
Q6220926	6000000005047368147
Q6220947	6000000088878158847
Q6220990	6000000068837332425
Q6221038	6000000010299524491
Q6221045	6000000014706241068
Q6221093	6000000082910236277
Q6221131	6000000069146005089
Q6221165	6000000010028815839
Q6221185	6000000020614549740
Q6221218	6000000067821202924
Q6221220	6000000020266635062
Q6221250	6000000028767575903
Q622130	6000000000474113286
Q6221377	6000000046528479146
Q6221385	6000000043989498952
Q6221389	6000000027819024046
Q6221390	6000000009389437021
Q6221399	6000000036805755928
Q62214	6000000009463645275
Q6221409	6000000180844313861
Q6221527	6000000011049457643
Q6221539	6000000012401000720
Q6221544	6000000031271613871
Q6221599	6000000001504857194
Q6221623	6000000002188536664
Q6221625	6000000026498034620
Q6221627	6000000006705451298
Q6221629	6000000031466056916
Q6221635	6000000002773780654
Q6221658	6000000017267882833
Q6221683	6000000016384263313
Q6221687	6000000018289423753
Q6221690	6000000012983993832
Q6221695	6000000012875777009
Q62217	6000000010827781790
Q6221731	6000000020690612775
Q6221740	6000000016521025843
Q6221791	6000000013021060780
Q6221794	6000000012934159716
Q6221801	6000000022862790490
Q6221803	6000000022863305099
Q6221807	6000000002898111808
Q6221841	6000000013246850865
Q6221846	6000000013248163943
Q6221855	6000000015700354738
Q6221864	6000000034905500948
Q6221869	6000000034754577435
Q6221890	6000000004368404864
Q6221905	6000000030939522466
Q6221907	6000000023096220065
Q6221909	6000000023096082149
Q6221934	6000000069567214267
Q6221947	6000000031026012297
Q6221948	6000000066462903903
Q6221997	6000000025673343744
Q6222008	6000000010573777011
Q6222059	6000000105317869846
Q6222084	6000000024225976132
Q6222137	6000000033004697087
Q6222139	6000000019350124681
Q6222166	6000000022706477275
Q6222170	6000000035103084328
Q6222179	6000000036675477923
Q6222195	6000000014726173982
Q6222197	6000000023133612816
Q6222212	6000000013343171189
Q6222219	6000000014050417749
Q6222243	6000000029695209495
Q62223	6000000003047445753
Q6222348	6000000033866320868
Q6222363	6000000021681388160
Q6222439	6000000004671647219
Q6222446	6000000173870905044
Q6222473	6000000009055637147
Q6222504	6000000042149345190
Q6222537	6000000006100947657
Q6222542	6000000151406433889
Q6222555	6000000035899648764
Q6222577	6000000007461953734
Q6222597	6000000012657986624
Q6222650	6000000050938575434
Q6222679	6000000000628542653
Q6222708	6000000002166183563
Q6222710	6000000003648968816
Q6222750	6000000010197399501
Q6222752	6000000022939036765
Q6222761	6000000006440049748
Q6222774	6000000011725616834
Q6222776	6000000010048648241
Q6222778	6000000031562517972
Q6222782	6000000013280216760
Q6222805	6000000012659692272
Q6222821	6000000033276539062
Q6222823	6000000041273328977
Q6222825	6000000013046649443
Q62229	6000000013349066006
Q6222916	6000000000140645432
Q6222931	6000000000513419652
Q6222932	6000000000847453283
Q6222992	6000000036325384542
Q6223025	6000000034190862612
Q6223032	6000000032375880866
Q6223054	6000000006444229025
Q622307	6000000019133692485
Q6223077	6000000018257216279
Q6223081	6000000016775586974
Q6223117	6000000054530581625
Q6223118	6000000006103920311
Q6223143	323103200230004291
Q6223150	6000000019371373439
Q6223177	6000000000359614358
Q6223204	6000000028267275035
Q6223217	6000000022709138863
Q6223269	6000000009957728134
Q6223272	6000000023195469887
Q6223273	6000000035627852226
Q6223275	6000000033248092909
Q6223281	6000000004089690699
Q6223302	6000000166380477926
Q6223342	6000000021207630367
Q6223346	6000000003075426372
Q6223358	6000000014067825357
Q6223381	6000000057385104154
Q6223385	6000000013852029489
Q62234	6000000183196745844
Q6223451	6000000021480705036
Q6223455	6000000053005438013
Q6223487	6000000008989003214
Q6223487	6000000195910615828
Q6223530	6000000027398860324
Q6223549	6000000017470690649
Q6223559	6000000032209101953
Q6223565	6000000013564250624
Q6223572	6000000002736730281
Q6223574	6000000014803994031
Q6223575	6000000014803450985
Q6223619	6000000012867385276
Q6223624	6000000021446592280
Q6223645	6000000006979363766
Q6223645	6000000039384520778
Q6223647	6000000077470531391
Q6223695	6000000006597131387
Q6223696	6000000013663260925
Q6223819	6000000023499887956
Q6223865	6000000016693610513
Q6223890	6000000143204414086
Q6223915	6000000014034369548
Q6223915	6000000025891774256
Q6223959	6000000104305690861
Q6223976	6000000026843403831
Q6224026	6000000001384555948
Q6224105	6000000032686007573
Q6224107	6000000017798398238
Q6224109	6000000008299307814
Q6224111	6000000006444784604
Q6224184	6000000019579185032
Q6224234	6000000035500054955
Q6224246	6000000014781148599
Q6224324	5097281666040112751
Q6224348	6000000109506932064
Q6224477	6000000017394241917
Q6224482	6000000029084482260
Q6224495	6000000029085930032
Q6224498	6000000102322976830
Q6224510	6000000002529567567
Q6224516	6000000028760486334
Q6224562	6000000163638159600
Q6224571	6000000002688985865
Q6224645	6000000013224380523
Q6224653	6000000182618337861
Q6224658	6000000012384810391
Q6224660	6000000039073463109
Q6224661	6000000012385560403
Q6224669	6000000015509793675
Q6224672	6000000178909208002
Q6224680	6000000002188619298
Q62247	6000000000722027727
Q6224714	6000000013054569024
Q6224734	6000000030954400875
Q6224781	6000000017592136820
Q6224784	6000000016030565280
Q6224798	346317209800014763
Q6224808	6000000024079467636
Q6224834	6000000128530999882
Q6224888	6000000032365118662
Q6224890	6000000001630260906
Q62249	6000000014713248360
Q6224906	6000000001479031116
Q6224914	6000000044035600313
Q6224940	6000000003221236424
Q6224941	6000000016442181301
Q6224952	6000000006345896055
Q6224954	6000000006345182504
Q6224956	6000000006999290442
Q6224958	6000000005598815228
Q6224959	5202297265110062001
Q6224960	6000000003891054230
Q6224965	6000000005598815208
Q6224993	6000000002809620902
Q62250	6000000041365137855
Q6225019	6000000016533774965
Q6225019	6000000078467620842
Q6225020	5551305524970119547
Q6225023	6000000008221688615
Q6225029	6000000017541678173
Q6225061	6000000076969395871
Q6225088	6000000033336367821
Q6225112	6000000006444566755
Q6225114	6000000044038723183
Q6225119	6000000006444304751
Q6225141	6000000017256986002
Q6225143	6000000027287195825
Q6225155	6000000035130729985
Q6225159	6000000036490482156
Q6225171	6000000032809707137
Q6225181	6000000105331626106
Q6225190	6000000067135762945
Q62252	6000000145340807257
Q6225200	6000000094334424831
Q6225206	6000000013431975076
Q6225224	6000000021603692882
Q6225248	6000000030150635622
Q6225251	6000000079999565821
Q6225256	6000000037770247694
Q6225328	6000000071555556020
Q6225370	6000000006762343428
Q6225378	6000000032300220848
Q6225465	6000000069440283830
Q62255	6000000163817373835
Q6225597	6000000002188529493
Q6225618	6000000105738063948
Q6225631	6000000019914952243
Q6225652	6000000185515982861
Q6225694	6000000004636672091
Q6225698	6000000038938207214
Q6225710	6000000020220583487
Q6225727	6000000030109119410
Q6225754	6000000015735394025
Q6225775	6000000010446847582
Q6225784	6000000024459420006
Q6225788	6000000021830110117
Q6225801	6000000021493583287
Q6225857	6000000067752210958
Q6225894	6000000013293592051
Q62259	4369423
Q6225902	6000000030130938672
Q6225906	6000000004868028673
Q6225917	6000000006444174298
Q6225955	6000000056920546901
Q6225964	6000000013135592129
Q6225965	6000000075683845882
Q6225970	6000000007689079404
Q6225971	6000000009227609583
Q6225974	6000000027233771787
Q6225993	6000000014875055524
Q6226000	6000000025987540879
Q6226011	6000000008806943552
Q6226023	6000000042788465132
Q6226035	6000000002214848871
Q6226070	6000000039032740369
Q6226076	6000000076914062650
Q6226098	6000000025110403508
Q6226103	6000000024112133198
Q6226112	6000000000953663834
Q6226171	6000000176468030822
Q6226179	6000000038595050255
Q6226191	6000000013698683154
Q62262	6000000003996811479
Q6226247	6000000026244552511
Q6226251	6000000018604294267
Q62263	6000000002188424681
Q6226301	6000000056942490017
Q6226348	6000000004176799578
Q6226356	6000000011026356443
Q622636	6000000028121801668
Q6226396	6000000042024303126
Q6226397	6000000060789223949
Q62264	5260834362310100117
Q6226431	6000000077074663001
Q6226459	6000000053430328403
Q6226460	6000000052049429916
Q6226474	6000000012655087036
Q6226476	6000000057359845879
Q6226487	6000000013432247093
Q6226505	6000000017712786321
Q6226520	6000000030445716652
Q6226524	6000000013081155629
Q6226530	6000000011864144371
Q6226534	6000000025916561912
Q6226536	6000000025916341515
Q6226540	6000000006444674304
Q6226542	380213851490013153
Q6226567	6000000017275532450
Q6226599	6000000013019946237
Q6226600	6000000016503563066
Q6226604	6000000019128930128
Q6226672	6000000120751127869
Q6226678	6000000014833139822
Q62267	6000000002188402903
Q6226742	6000000002292030682
Q6226750	6000000014772266637
Q6226756	6000000025593560711
Q6226760	6000000017711592871
Q6226782	6000000026185367530
Q6226788	6000000001808317052
Q6226797	6000000040286870382
Q6226802	6000000017063361107
Q6226827	6000000010744615386
Q6226846	6000000015946794504
Q6226850	6000000001723734000
Q6226886	6000000024100925821
Q62268952	6000000110836959851
Q62269	6000000048561453839
Q62269225	6000000016116417821
Q6226936	6000000041095820833
Q6226938	6000000045963828852
Q6226953	6000000024582604987
Q6226967	6000000013006469335
Q6226969	6000000008707108300
Q6226977	6000000011148794397
Q6226978	6000000019165090209
Q6226993	6000000107511556900
Q6227035	6000000000769960796
Q62271	6000000121069894846
Q6227121	6000000013181765854
Q6227170	6000000004227083854
Q6227184	6000000011071304375
Q6227188	6000000032496169893
Q6227190	6000000058942423879
Q6227194	6000000096410692847
Q6227257	6000000012516892486
Q62273	6000000001535043017
Q6227318	6000000016714906439
Q6227350	6000000019233894020
Q6227352	6000000019831230180
Q6227355	6000000044056161965
Q6227360	6000000005250139712
Q6227380	6000000020373766446
Q6227389	6000000030826749295
Q62274	6000000002188456706
Q6227419	2797119
Q6227447	6000000025468263132
Q6227460	6000000065574070995
Q6227481	6000000187921729244
Q6227485	6000000003206727043
Q6227494	6000000025617550978
Q6227498	6000000018767100082
Q6227515	6000000173916910682
Q6227517	6000000007635550696
Q6227571	6000000012579485299
Q6227581	6000000035269679848
Q6227590	6000000077915830965
Q6227600	6000000038366004295
Q6227605	6000000089277116018
Q6227614	6000000011254054471
Q6227616	6000000007066699609
Q6227618	6000000017531240341
Q6227622	6000000012376437777
Q6227624	6000000004868750146
Q6227626	6000000009570820019
Q6227628	6000000006703154229
Q6227630	6000000004868052542
Q6227662	6000000006881841049
Q6227668	6000000006101190615
Q6227727	6000000011263176759
Q6227731	6000000013670317676
Q6227733	6000000027592025369
Q6227736	6000000027592288184
Q6227738	6000000018780640681
Q6227760	6000000013665106253
Q6227790	6000000009735250322
Q6227792	6000000009729108907
Q6227794	6000000012632505216
Q6227796	6000000017261108523
Q6227814	6000000013613941237
Q6227907	6000000006128310862
Q6227912	6000000007511974596
Q6227918	6000000006167029218
Q6227924	6000000006128310883
Q6227933	6000000051296169907
Q6227936	6000000008649956346
Q6227946	6000000016215975028
Q6227952	6000000006127423422
Q6227966	6000000018030813787
Q6227976	6000000008649885574
Q6227986	6000000018738005108
Q6227987	6000000001727136808
Q6227995	6000000018030697975
Q622800	6000000048845530885
Q6228004	6000000004080224001
Q6228020	1467360
Q6228025	6000000006127526166
Q6228030	6000000009239818534
Q6228033	6000000003549287270
Q6228037	6000000006128310869
Q6228048	6000000018029769770
Q6228125	6000000101397347094
Q6228130	308559259080001444
Q622814	6000000078657080822
Q6228151	6000000023013042501
Q6228206	6000000067850649933
Q6228218	6000000024454507892
Q6228222	366868814020004961
Q6228227	366814093280003818
Q6228236	6000000004851156181
Q6228255	6000000002931050260
Q6228261	6000000023249373407
Q6228270	2258038
Q6228276	2258113
Q6228284	2247266
Q6228296	6000000055720490859
Q6228302	6000000055720206039
Q6228311	6000000120912935043
Q6228322	6000000012824128441
Q6228340	6000000016476883776
Q6228348	6000000024724603620
Q622837	6000000008786185528
Q6228378	6000000072387392946
Q62284	6000000002188370376
Q6228432	6000000009509145574
Q6228434	6000000022400672718
Q6228436	6000000004867866645
Q6228439	6000000004867853301
Q6228445	6000000016674905897
Q62284523	6000000015060808372
Q62284529	6000000137323820016
Q62284623	6000000021937602778
Q62284624	6000000167127733823
Q6228485	6000000012658973204
Q6228533	6000000026938352546
Q6228539	6000000182621319822
Q6228548	6000000017526962874
Q6228551	6000000038920884054
Q6228569	6000000001912461960
Q6228581	6000000039739289139
Q6228583	6000000131692948976
Q6228590	6000000001351946204
Q6228626	6000000183330949827
Q622864	6000000073776162879
Q6228643	6000000002787337484
Q6228650	6000000007496964242
Q6228673	6000000035136069819
Q62287	6000000002188402219
Q6228772	6000000013152718344
Q6228773	6000000079065234829
Q6228780	6000000030905121737
Q6228784	6000000008581858923
Q6228791	6000000006441141491
Q6228800	6000000022162370215
Q6228833	6000000011519145631
Q6228838	6000000107161286824
Q6228839	6000000020387330406
Q6228850	6000000020386901412
Q6228873	6000000011519605335
Q6228877	6000000009047483819
Q6228879	6000000012692399973
Q6228880	6000000009047526035
Q6228882	6000000009047641045
Q6228884	6000000009047734389
Q6228885	6000000075309576227
Q6228907	6000000033498779011
Q6228911	6000000091698628040
Q6229011	6000000023145224687
Q6229035	6000000178610537830
Q6229042	6000000003208135552
Q6229057	6000000026106886694
Q6229108	6000000016909191823
Q6229133	6000000008630326479
Q6229170	6000000027191741091
Q6229172	6000000025916344976
Q6229174	6000000028614876812
Q6229180	6000000017288603141
Q6229197	6000000026680293824
Q62292204	6000000178003682826
Q6229261	6000000016767076136
Q6229296	6000000010304398125
Q6229360	6000000016066022340
Q6229408	6000000013000236091
Q62294311	6000000008779025896
Q6229479	6000000000865142166
Q6229485	6000000011908860654
Q6229505	6000000020553072197
Q6229516	6000000116228207047
Q6229525	6000000002603480939
Q6229533	6000000002972787019
Q6229552	6000000006705030843
Q6229555	6000000019346559182
Q6229557	6000000006100559593
Q6229559	6000000019484905894
Q6229564	6000000006810081066
Q6229580	4654537034410125547
Q6229583	6000000019358360646
Q6229593	6000000006808025216
Q6229600	6000000023017085228
Q6229610	6000000002898169151
Q6229660	6000000028917208727
Q6229686	6000000003306769288
Q6229704	6000000024316539284
Q6229717	6000000177694395030
Q6229738	6000000150627919890
Q6229743	6000000028807902428
Q6229764	6000000016573035325
Q6229790	6000000010560570517
Q6229867	6000000040839276007
Q6229871	6000000009554320007
Q6229874	6000000019799593835
Q6229878	6000000010008010498
Q6229902	6000000045885368844
Q6229949	6000000082448983139
Q6230047	5595300752380028663
Q6230062	500740
Q6230085	6000000006444455919
Q6230132	6000000020181598703
Q6230151	6000000089463681944
Q6230175	6000000000587827577
Q6230181	6000000008630275121
Q6230204	6000000064314595847
Q6230206	6000000015312726613
Q6230229	6000000005053041306
Q6230272	6000000040995245607
Q6230276	6000000084019662882
Q6230285	6000000084018126807
Q6230307	6000000077245297539
Q6230311	6000000032007859182
Q6230322	6000000024679685486
Q6230338	6000000028334101961
Q6230362	6000000024978828173
Q6230377	6000000011497919823
Q6230391	6000000055674305945
Q6230399	6000000009930083834
Q6230401	6000000003216076472
Q6230418	6000000000840209227
Q6230421	6000000024831610568
Q6230431	6000000028939666402
Q6230432	6000000125046972825
Q6230472	6000000013234314271
Q6230488	6000000023813855890
Q6230494	6000000023023837287
Q6230507	6000000026051467211
Q6230509	6000000030907421166
Q6230532	6000000013042819780
Q6230539	6000000007480350432
Q6230549	6000000019187832521
Q6230552	6000000013398637718
Q6230556	6000000017599962630
Q6230568	6000000006128178976
Q6230587	6000000012759466593
Q6230601	342029281110005533
Q6230604	6000000007090021369
Q6230607	6000000001877465573
Q6230611	6000000012678465229
Q6230629	6000000006150283773
Q623064	6000000040372913402
Q6230645	6000000025553352223
Q6230683	6000000037430131927
Q6230699	6000000000840225525
Q6230706	6000000000840690353
Q6230718	6000000000840676065
Q6230725	6000000047926804065
Q6230775	6000000013539156894
Q6230797	6000000119036269822
Q623087	4874822430710032566
Q6230875	6000000022889688017
Q6230883	6000000034369655630
Q6230884	6000000176938497832
Q6230902	6000000016078088124
Q6230912	6000000050934735954
Q6230926	6000000017032710231
Q6230970	6000000058426782604
Q6230981	6000000006836289848
Q6231023	6000000019083648444
Q6231048	6000000064683767954
Q6231067	6000000003937995612
Q6231075	6000000016303873863
Q6231096	6000000032416195052
Q6231116	6000000013539409733
Q6231125	6000000006945333558
Q6231147	6000000035116408190
Q6231167	6000000012880232778
Q6231183	6000000150838560884
Q623123	6000000014582160190
Q6231235	6000000050788966886
Q6231238	6000000025095249010
Q6231292	6000000058762957827
Q62313	6000000000118967275
Q6231312	6000000088667501966
Q6231315	6000000023808705003
Q6231327	6000000007644512580
Q6231334	6000000011888855294
Q6231336	6000000006031548018
Q623135	6000000008612205678
Q6231446	6000000113893441848
Q6231460	6000000183431587822
Q6231479	6000000005598904639
Q6231481	6000000006444780119
Q6231483	6000000005598904644
Q6231485	6000000010029870122
Q6231490	6000000006990088180
Q6231493	6000000042837316534
Q6231526	6000000151634370251
Q6231532	6000000007535882536
Q6231546	6000000031203601442
Q6231583	6000000031320373004
Q6231614	6000000032265350954
Q6231620	6000000001608984406
Q6231698	6000000025173637986
Q6231706	6000000015799163388
Q6231717	6000000003028280434
Q6231729	6000000113062371345
Q6231769	6000000002447358446
Q6231789	6000000040391912180
Q623185	6000000004181325095
Q6231874	6000000021690441391
Q6231898	6000000011305524209
Q6231900	6000000015591996892
Q6231908	6000000014141521323
Q6231958	6000000083158855483
Q6231962	6000000137823584033
Q6231996	6000000000825419986
Q6232023	6000000184811979829
Q6232043	6000000020625775066
Q6232085	6000000030330380315
Q6232136	6000000014302407386
Q6232151	6000000026938338723
Q6232154	6000000021330524551
Q6232186	6000000011071327376
Q62322	6000000154702806877
Q6232203	6000000025110677392
Q6232214	6000000087612533900
Q6232243	6000000068044952910
Q6232247	6000000006427669237
Q6232295	6000000007707384523
Q6232322	6000000050890498519
Q6232421	6000000106635246071
Q623243	6000000028711202144
Q6232441	6000000022012742256
Q6232462	6000000174461321748
Q6232520	6000000007343684238
Q6232532	6000000008851921888
Q6232537	6000000026243075858
Q6232539	6000000007343650315
Q6232545	6000000008994459504
Q6232550	6000000008994672285
Q6232570	6000000015732856091
Q6232597	6000000185782207860
Q6232606	6000000054921097040
Q6232624	6000000064407843034
Q6232646	301487939820002232
Q6232654	6000000015684631481
Q6232656	6000000023096298604
Q6232695	6000000008630249859
Q6232697	6000000006582727041
Q6232699	6000000015663320362
Q62327	6000000033896134861
Q6232701	6000000015549787103
Q6232709	6000000006933180109
Q6232724	6000000011624366465
Q6232764	6000000028089108680
Q6232800	6000000013376093631
Q6232856	6000000005962067955
Q6232866	6000000000252324893
Q6232892	6000000000934071573
Q6232934	6000000002115911150
Q6232938	6000000029178948463
Q6232953	6000000001085232388
Q6232975	6000000151685850920
Q6232995	6000000179447869378
Q6232998	6000000006289967577
Q6233057	6000000011757379399
Q6233139	6000000022905963195
Q6233176	6000000032015618120
Q6233203	6000000077998309047
Q623321	6000000070150553904
Q6233219	6000000000564554369
Q6233231	6000000011983565805
Q6233259	6000000006444176187
Q623326	6000000030128743235
Q6233261	365348233300013143
Q6233263	6000000000229824266
Q6233267	6000000027344016576
Q6233272	6000000008652294764
Q6233274	6000000018225710309
Q6233276	6000000014726102976
Q6233279	6000000027817943187
Q6233280	6000000014208829693
Q6233282	6000000002188670500
Q6233284	6000000007356120321
Q6233288	6000000003827280089
Q6233327	6000000170244351105
Q6233337	6000000030906343131
Q6233356	6000000011333837470
Q6233363	6000000024418858760
Q6233403	6000000017031121867
Q6233415	6000000002006251563
Q6233433	6000000007723561516
Q62334415	6000000206486800870
Q6233448	6000000006807780409
Q6233452	6000000089338063861
Q6233485	6000000023018743896
Q6233569	6000000039482847440
Q6233585	6000000021623006126
Q6233592	6000000003891404206
Q6233593	6000000058218048154
Q62336	6000000172816559432
Q6233680	6000000143783203981
Q6233695	6000000026410831875
Q6233695	6000000184346361849
Q6233700	6000000019581176258
Q6233719	6000000024723797223
Q6233723	6000000008336524021
Q6233750	6000000002931116061
Q6233774	6000000029546919005
Q6233816	6000000019484151703
Q6233875	6000000006993246041
Q6233886	6000000084993307933
Q6233892	6000000036990649602
Q6233903	6000000014796159365
Q6233913	6000000001608816147
Q6233933	6000000007470747699
Q6233948	6000000006993143079
Q623395	6000000049861779005
Q6233998	6000000021520566762
Q6234038	6000000001504552442
Q6234071	6000000020587642068
Q6234102	6000000043609016921
Q6234120	6000000080710129139
Q6234154	6000000218457623842
Q6234174	6000000025710599194
Q6234195	6000000023100670364
Q6234205	6000000000732358347
Q6234209	6000000015310207490
Q6234211	6000000042333324632
Q6234214	6000000014161811881
Q6234215	6000000025066632982
Q6234219	6000000017399654077
Q6234282	6000000138065896867
Q6234307	6000000002979760862
Q6234347	6000000002302832300
Q6234369	6000000002821498750
Q6234384	6000000048406459906
Q6234386	6000000002302408022
Q6234389	6000000039914964872
Q62344	6000000024305294899
Q6234411	6000000081436870439
Q6234418	6000000013320571986
Q6234475	6000000165576930321
Q6234505	6000000014110681797
Q6234536	6000000002501842656
Q6234560	6000000001584394438
Q6234563	6000000012853058138
Q6234574	6000000064133534026
Q6234601	6000000124490006898
Q6234611	6000000036497121722
Q6234626	6000000073961436029
Q6234655	6000000000854467528
Q6234670	6000000002603411002
Q6234705	6000000023473113564
Q6234722	6000000043385466376
Q6234814	6000000003551951402
Q6234867	3452974
Q6234875	6000000002824558915
Q6234881	6000000182823060860
Q6234901	6000000008871497640
Q623497	6000000001459346066
Q6235004	6000000014619027420
Q6235018	6000000023543522046
Q6235029	6000000004630678423
Q6235057	6000000107610995947
Q6235062	6000000108419563822
Q6235080	6000000003051221846
Q6235095	6000000013311279329
Q6235139	6000000069561986863
Q6235165	6000000039888104827
Q62352	6000000018703719122
Q6235273	6000000033069598563
Q6235279	6000000008606202588
Q6235315	6000000026448119191
Q6235339	6000000011701166027
Q6235369	6000000017882492637
Q6235461	6000000187548080872
Q62355	6000000039989674439
Q6235504	6000000069751770335
Q6235530	6000000027794676326
Q6235539	4233387577920033422
Q6235573	6000000008900422570
Q6235587	6000000011808460582
Q6235606	6000000009774780824
Q6235608	6000000000974757025
Q6235633	6000000089751503919
Q6235642	6000000028641003724
Q6235651	6000000015518929586
Q6235673	6000000000702134181
Q6235685	6000000171433491145
Q6235686	6000000083015149967
Q6235733	6000000005437450647
Q6235735	6000000002116154552
Q6235736	6000000077114164953
Q6235738	6000000004325472335
Q6235750	6000000045571975911
Q6235754	6000000006322753199
Q6235794	6000000003216083172
Q6235799	6000000199823234821
Q623586	6000000177093406872
Q6235882	6000000159853605957
Q6235910	6000000043696281856
Q6235915	6000000141890630003
Q6235930	6000000008630912005
Q623595	6000000010713017910
Q6235955	6000000003953350164
Q6235968	6000000029257563977
Q6235970	6000000007463032445
Q6235986	1552522
Q6236002	6000000007033482180
Q6236050	6000000006881998085
Q6236181	4360425417460029843
Q6236183	4863004384950039959
Q6236186	6000000000437737727
Q6236194	6000000041915133616
Q6236204	6000000006444407223
Q6236215	6000000019894669169
Q6236225	6000000015710597026
Q6236227	6000000017268050408
Q623624	6000000011014701941
Q6236256	6000000016008610489
Q6236265	6000000132952129018
Q6236290	6000000034855421661
Q6236294	6000000015065909269
Q6236299	6000000015065890415
Q6236303	6000000001299342816
Q6236305	6000000000658152258
Q6236326	6000000000091728042
Q6236330	6000000015982882772
Q6236332	6000000090741074914
Q6236410	6000000182764537840
Q6236412	6000000145826280822
Q6236417	6000000013000236038
Q6236423	6000000005732463493
Q6236438	1543907
Q6236441	6000000015022626848
Q6236456	6000000000305251472
Q62365	6000000020277688984
Q6236501	6000000000071159894
Q62365045	6000000020426120863
Q6236550	6000000031590245202
Q6236610	6000000002116028687
Q6236612	6000000014698491931
Q6236622	6000000001608955056
Q6236639	6000000040834611511
Q6236648	6000000055560792860
Q6236659	5406316222560045056
Q6236672	6000000102587137862
Q6236695	6000000007321230991
Q6236798	6000000037373197250
Q62368	6000000054879358015
Q6236808	6000000040926451667
Q6236812	6000000000529955179
Q6236815	6000000000981839365
Q6236822	6000000019558603365
Q6236879	6000000029224289114
Q6236887	6000000035515400434
Q6236900	6000000157500763830
Q6236920	6000000001567387063
Q6237021	6000000010518089975
Q6237038	6000000016476461407
Q6237090	6000000023881444211
Q62371	4711273640750077640
Q6237102	6000000017982870294
Q6237121	6000000011758708952
Q6237161	6000000014947984804
Q6237274	6000000017586136810
Q62373	6000000074286826853
Q62373111	6000000025570174816
Q6237344	6000000003478891872
Q6237353	6000000000946161180
Q6237358	6000000140185507009
Q6237379	6000000013312120145
Q6237389	6000000022218444476
Q6237391	6000000016465884809
Q6237418	6000000010205721578
Q6237424	6000000002502784036
Q6237426	6000000017530642383
Q6237445	6000000005660668020
Q6237467	6000000015742504950
Q6237474	6000000003454836739
Q6237507	6000000010658387169
Q6237511	6000000019581936909
Q6237519	6000000028603134383
Q6237548	6000000003939542119
Q6237549	297412379900007916
Q6237552	301460259680005653
Q6237603	6000000038707491036
Q6237605	6000000019057261664
Q6237608	6000000025358472710
Q6237617	6000000006721290146
Q6237683	6000000031621377090
Q62377	6000000025357523219
Q6237703	6000000014866897009
Q6237726	6000000006447076251
Q6237755	6000000128958458973
Q6237766	6000000011302312902
Q6237771	6000000029059277883
Q6237796	6000000048855024169
Q6237798	6000000013008327066
Q6237803	6000000003243526881
Q6237804	6000000023444967604
Q6237806	6000000003076322175
Q6237810	6000000005789339048
Q6237831	6000000002116194262
Q6237844	6000000021753916888
Q6237895	6000000026363911529
Q6237965	6000000020205542273
Q6237996	6000000022390538407
Q62380	6000000003627968712
Q6238013	6000000031890928270
Q6238028	6000000004404788903
Q6238039	6000000056238497970
Q6238051	6000000021424196528
Q6238057	6000000004404788885
Q6238090	6000000007312243523
Q62380982	5107543622780115065
Q6238150	6000000091840655893
Q62382112	6000000153750066828
Q6238235	6000000020652062745
Q6238282	6000000022825017307
Q6238282	6000000084413007970
Q6238303	6000000030332153231
Q6238306	6000000012391460032
Q6238327	6000000064380496822
Q6238332	365568
Q6238352	6000000002115859858
Q6238370	6000000003805497976
Q6238372	6000000027898931782
Q6238377	6000000003805545005
Q62383951	6000000010594092699
Q6238408	6000000006210664018
Q6238419	6000000013080778503
Q6238428	6000000081724873827
Q6238430	6000000013382115086
Q6238448	6000000004868028940
Q6238455	6000000005598973096
Q6238469	6000000026884649953
Q6238500	6000000038044816378
Q6238509	6000000037393940850
Q6238521	6000000115818125822
Q6238527	6000000021617312924
Q6238557	6000000003308649938
Q6238559	6000000029072157125
Q6238592	6000000002898234772
Q6238594	6000000015840848607
Q6238597	6000000002898234859
Q6238601	6000000040328859670
Q6238609	6000000003667242339
Q6238611	6000000001465085702
Q6238665	6000000018570782589
Q6238678	6000000008205424781
Q6238681	6000000025873547548
Q6238683	6000000026049900555
Q6238685	6000000021211663723
Q6238687	6000000026048813177
Q6238716	6000000019283252113
Q6238720	6000000092271180908
Q6238729	6000000026655304079
Q6238730	6000000014875102010
Q6238778	6000000009127578564
Q623878	6000000002116500243
Q6238783	6000000023140844469
Q6238790	6000000000631643905
Q6238800	3060374
Q6238831	6000000003076429244
Q6238845	6000000018160295225
Q62388462	6000000031513717556
Q62388474	6000000021640072972
Q6238855	6000000003199473658
Q6238860	6000000013475554815
Q6238868	6000000022929144777
Q6238869	6000000000986077607
Q6238872	6000000024451573773
Q62388877	6000000056172795128
Q6238903	6000000014931731838
Q6238911	6000000016476906635
Q6238912	5089539085420135671
Q6238939	6000000015312786653
Q6238946	6000000002666792614
Q6238954	6000000002221546286
Q6238957	6000000041568366316
Q6238961	6000000010591458237
Q6238967	6000000005428208981
Q6238985	6000000107057863876
Q6238997	6000000009562550589
Q62390144	6000000185963311925
Q6239031	6000000001877498320
Q6239069	6000000045003850821
Q62390928	6000000182597596033
Q6239112	6000000006721179070
Q6239116	6000000013417238094
Q6239118	6000000006438211170
Q6239143	6000000013515804832
Q62391605	6000000013690967113
Q62391613	6000000012941973280
Q62391803	6000000013815481311
Q62392189	6000000016229994416
Q6239222	6000000021051243721
Q62392234	6000000009697138596
Q6239250	6000000039772617215
Q62393	6000000000769944219
Q62393093	6000000015749470054
Q62393099	6000000007635878668
Q62393981	6000000180947845848
Q6239404	5615461504060132036
Q6239416	6000000052067671050
Q6239431	6000000039283172451
Q6239433	6000000003076386052
Q6239436	6000000008415259628
Q6239455	6000000003896437878
Q6239482	6000000013389166669
Q6239486	6000000010200898091
Q6239524	6000000022833691203
Q6239526	6000000045355745266
Q6239554	6000000007795420270
Q62395663	6000000023758391204
Q6239582	6000000000688937388
Q6239616	6000000004181197659
Q6239669	6000000009760116145
Q6239681	6000000022807435054
Q6239686	6000000022817748891
Q6239692	6000000022817010365
Q6239694	6000000023440903106
Q6239757	6000000027180855528
Q6239764	6000000025571659041
Q6239771	6000000004148885457
Q6239785	6000000107519896824
Q6239794	6000000049738296865
Q6239795	6000000015832764008
Q6239796	6000000018157658872
Q6239804	6000000017323232250
Q62398311	5464344523270064456
Q6239849	6000000031766157637
Q6239866	6000000034823127923
Q6239915	6000000020034347492
Q6239934	6000000013964297610
Q6239944	6000000040532128866
Q6239946	6000000006721888994
Q6239963	6000000022412007219
Q6239988	6000000002942216100
Q62400	6000000047978651929
Q6240015	6000000026559607825
Q6240018	6000000033958279828
Q6240050	6000000003317923604
Q6240059	6000000066972907194
Q6240063	6000000019595682366
Q6240065	6000000005953320030
Q6240076	6000000017309804094
Q6240080	6000000002894440165
Q62401	4290454638540043428
Q6240107	6000000030499728032
Q6240108	6000000030502232903
Q6240114	6000000015761300768
Q62401333	6000000002187974572
Q6240151	6000000002165248313
Q6240155	6000000018676593838
Q624017	6000000073067804828
Q6240197	6000000028816304633
Q6240199	6000000007085298607
Q62402	6000000026380400096
Q6240205	6000000009466322558
Q6240233	6000000006127057865
Q6240240	6000000003579030337
Q6240337	6000000009585266046
Q6240343	6000000017266756177
Q6240354	6000000009587443210
Q6240370	6000000010564052567
Q6240376	6000000009586226911
Q6240399	6000000035156544262
Q62404	6000000011466513618
Q6240416	6000000000611508210
Q6240417	6000000026520505864
Q6240419	6000000026519446665
Q6240422	6000000031758785784
Q6240428	6000000024180547856
Q6240437	6000000003649623560
Q62404499	6000000110298323842
Q6240453	6000000001915168051
Q6240476	6000000001300024919
Q6240550	6000000043974094811
Q6240564	6000000144931905238
Q6240570	6000000017072356240
Q6240578	6000000018886945087
Q6240582	6000000090158312935
Q6240589	6000000144931904913
Q6240593	6000000017072268738
Q6240606	6000000013218368412
Q6240621	6000000153737040872
Q6240638	6000000018833221333
Q6240653	6000000002960382391
Q6240658	6000000040335515015
Q6240660	4628424614180081448
Q6240664	6000000009803669628
Q6240756	6000000016499408225
Q6240762	6000000016499408211
Q6240782	6000000007754822409
Q6240785	6000000019846988396
Q6240806	6000000002299472544
Q6240816	6000000047195539319
Q6240832	6000000003194982486
Q6240846	6000000024225919389
Q6240852	6000000013422305198
Q6240912	6000000018326897850
Q6240932	6000000003040912659
Q6240962	6000000018726565004
Q6240968	6000000008802920739
Q6240973	6000000005622636797
Q6240991	6000000008803328924
Q6240996	4561480
Q6241003	6000000019961686325
Q6241025	6000000022553161207
Q6241030	6000000011205961987
Q6241036	6000000030242619114
Q6241042	6000000011072682182
Q6241058	6000000041585483546
Q6241083	290164430440006848
Q6241087	6000000006798924961
Q62411	6000000140146647046
Q6241121	6000000007948163312
Q6241262	6000000177339759835
Q62413	6000000001942917224
Q6241310	6000000015732793240
Q6241367	6000000116238821847
Q6241407	6000000077638244719
Q6241444	6000000027081033288
Q6241544	6000000019157478667
Q62415646	6000000172329763037
Q6241565	6000000012825691264
Q62415869	6000000024337321282
Q6241588	6000000047337096045
Q62415923	6000000002248129901
Q62416004	6000000005415486703
Q6241614	6000000045917787165
Q6241622	6000000104900823930
Q6241625	6000000004571358806
Q62416302	6000000024421220252
Q6241664	6000000011378133247
Q6241671	6000000011377481591
Q6241711	6000000010817947075
Q6241712	6000000028179144897
Q6241719	6000000013204629174
Q6241726	6000000000743106445
Q6241728	6000000099827191869
Q6241739	6000000077120253751
Q6241742	6000000018099692015
Q6241766	6000000021424290933
Q6241785	6000000021635140449
Q6241797	6000000011661270056
Q62418	6000000010846978055
Q6241806	6000000025454198351
Q6241808	6000000010120005402
Q6241820	6000000003216093047
Q6241828	6000000000526702182
Q6241914	6000000020225175100
Q6241949	6000000033278349732
Q6241958	6000000017252721339
Q6241983	6000000048694750848
Q62420196	6000000003276532696
Q6242062	6000000000076296511
Q62420875	6000000112960895977
Q6242146	6000000042837976996
Q6242276	6000000014065506254
Q6242277	6000000000352440496
Q6242329	6000000018760427163
Q6242377	6000000012722995466
Q6242380	6000000000053459423
Q6242396	6000000009693781718
Q6242410	6000000075125011109
Q6242412	6000000020059661095
Q6242442	6000000010300151989
Q6242448	6000000020931750398
Q6242466	6000000177715408967
Q6242494	6000000007042622238
Q62425	6000000059184613867
Q6242515	6000000011319500917
Q6242560	6000000011460191361
Q6242646	6000000002884087705
Q6242657	6000000059587375914
Q6242674	6000000184891002830
Q6242773	6000000008631003593
Q6242789	6000000013384607079
Q6242802	6000000021411112725
Q6242827	6000000034431370433
Q6242897	6000000001563106259
Q6242952	6000000013507503150
Q6242967	6000000035657960417
Q62430	6000000010744430951
Q6243069	6000000006232229008
Q6243105	6000000022172238852
Q6243110	6000000043603640359
Q6243121	6000000006186709352
Q6243129	6000000044841853833
Q6243223	6000000004148454658
Q6243229	6000000000494136071
Q6243295	6000000095247295905
Q6243316	6000000019280206361
Q6243319	6000000090612401862
Q6243342	6000000016474768108
Q6243349	6000000008207060377
Q6243355	6000000008062429436
Q6243470	6000000183357333821
Q6243553	6000000076114600924
Q6243594	6000000072441978274
Q6243604	6000000018263041703
Q6243625	6000000035436708047
Q6243630	6000000004779207001
Q6243645	6000000020918060308
Q6243659	6000000007748549638
Q6243686	6000000032437905919
Q6243707	6000000042290557295
Q6243797	6000000045016663996
Q6243876	6000000026982338534
Q6243891	6000000000602803817
Q6243895	6000000002188470937
Q6243897	6000000002188477970
Q6243898	6000000121377297930
Q6243910	6000000052039371884
Q6243914	6000000096481553839
Q6243917	6000000000806214064
Q6243923	6000000078521649400
Q6243936	6000000025056008059
Q6243939	6000000008769000424
Q6243972	2789670
Q6243975	2454043
Q6243977	6000000007454405896
Q6243981	6000000019598780245
Q6243999	6000000003216099073
Q6244030	6000000103749595195
Q6244049	6000000009648453937
Q6244096	6000000001500130506
Q6244106	6000000077305213906
Q6244138	6000000016844524917
Q6244155	6000000083703553201
Q6244160	6000000083655953952
Q6244164	6000000083677019702
Q6244171	6000000016282582465
Q6244173	6000000031069140477
Q6244175	6000000083675272922
Q6244192	6000000126248616824
Q6244196	6000000066961901821
Q6244202	6000000003353650500
Q6244217	6000000012677156359
Q6244225	6000000026647329248
Q6244245	6000000004746955026
Q6244252	6000000086573048850
Q6244260	6000000035821252590
Q6244264	6000000020075049329
Q6244269	6000000007509341855
Q6244276	6000000089111760936
Q6244281	6000000024387647203
Q6244335	6000000003939065286
Q6244387	6000000018961000292
Q6244399	6000000180934144824
Q62444	6000000103367996824
Q6244436	6000000171679343838
Q6244445	6000000171679343852
Q6244490	6000000018972684516
Q6244498	6000000000639577312
Q6244511	6000000023442405084
Q6244617	6000000180363189973
Q6244627	6000000012688656377
Q6244631	6000000011184735610
Q6244634	6000000019729159061
Q6244639	6000000012504705141
Q6244646	6000000008393879634
Q6244654	6000000023419522808
Q624466	6000000075421010944
Q6244698	329611452680005824
Q6244699	6000000002116051547
Q6244706	6000000006972093040
Q6244707	6000000013374046737
Q6244709	6000000002188674265
Q6244746	6000000006430224130
Q6244773	6000000076157955846
Q6244788	6000000017876475230
Q6244819	6000000028078910614
Q6244837	6000000002584817098
Q6244852	6000000013086589760
Q6244856	6000000014675660223
Q6244872	6000000008630254750
Q6244988	6000000045427182331
Q6245043	6000000008996617795
Q6245074	6000000003149764071
Q6245080	6000000020881445662
Q6245083	6000000002512708071
Q6245101	6000000017469037655
Q6245136	6000000037472352243
Q6245141	6000000006987959448
Q6245150	6000000013894338785
Q624516	6000000145514970973
Q6245192	6000000006444780981
Q6245234	6000000026873783014
Q6245250	6000000001636289119
Q6245253	6000000015476747628
Q6245275	6000000020574985928
Q6245297	6000000014620615395
Q6245304	6000000000908380315
Q6245316	6000000012267216206
Q6245322	6000000011469377682
Q6245328	6000000010443097678
Q6245337	6000000040798235263
Q6245347	6000000034892437835
Q6245353	6000000013939626373
Q6245359	6000000090263085009
Q6245370	6000000008249703178
Q6245375	6000000013430423738
Q6245390	6000000010244241124
Q6245416	6000000002464695616
Q6245419	6000000002464839887
Q6245447	6000000000352440301
Q6245454	6000000002831295162
Q6245477	6000000017242548243
Q6245482	6000000016181473163
Q62455	6000000181916113823
Q6245510	6000000004079615834
Q6245516	6000000006581386158
Q6245517	6000000029981949904
Q6245561	6000000004335165025
Q6245589	6000000017420355142
Q6245609	6000000044429393139
Q6245612	6000000001024681446
Q6245623	6000000003443321717
Q6245660	6000000005599052121
Q6245662	6000000009945300741
Q6245667	6000000173591916047
Q6245682	6000000078906731993
Q6245720	6000000013281090626
Q6245727	6000000156266220863
Q6245748	379108969390012471
Q6245757	6000000012663571639
Q62458049	6000000181000699821
Q62458096	6000000078081922400
Q6245846	6000000101442489188
Q6245886	5088357876070063095
Q62459	6000000060990769182
Q6245929	6000000013366146302
Q6245951	6000000010987364262
Q6246005	6000000011694154706
Q6246015	6000000015394922799
Q6246015	6000000052884617000
Q6246017	6000000015395109882
Q6246045	6000000009421450640
Q6246146	6000000040361201064
Q6246174	6000000039106449418
Q6246187	6000000015592032942
Q6246189	6000000038690116367
Q6246192	6000000010028197256
Q6246198	6000000049214597902
Q6246227	6000000029973697646
Q6246290	6000000183311517825
Q6246292	6000000022244970010
Q62463	6000000018999226161
Q6246319	6000000080225390821
Q6246342	6000000001638958344
Q6246352	6000000046485504862
Q6246377	6000000115124474832
Q6246386	6000000044564219049
Q6246414	6000000091334566867
Q62464364	6000000077661423627
Q6246456	6000000005476770001
Q6246460	6000000021571605931
Q6246482	6000000018618603280
Q6246505	6000000015911938358
Q624651	6000000013291513642
Q6246510	6000000027006420542
Q6246512	6000000019992340221
Q6246570	6000000073348816043
Q6246599	6000000005685626006
Q6246604	6000000016213371228
Q6246606	6000000011828914103
Q6246608	6000000008542735300
Q6246665	6000000096423637880
Q6246669	6000000027214749773
Q6246669	6000000107804300822
Q6246670	6000000001220242892
Q6246676	6000000004224384713
Q6246679	6000000017673532493
Q6246683	6000000015522035708
Q6246692	6000000070745586980
Q6246771	6000000002116415842
Q6246789	6000000011319002067
Q6246813	4102263216640066787
Q6246859	6000000027205926328
Q6246872	6000000013234146118
Q6246874	6000000003031916155
Q6246922	6000000032643360360
Q6246943	6000000119333909840
Q6246977	6000000100208615837
Q6246978	6000000024699141918
Q6246982	6000000100209573844
Q6246999	6000000009677490256
Q6247005	6000000013494594954
Q6247009	6000000012756450375
Q6247010	6000000030452722749
Q6247014	6000000008734092211
Q6247019	6000000007330670352
Q6247026	6000000103944529136
Q6247050	6000000006127517021
Q6247055	6000000012228150424
Q62470591	6000000015915988479
Q6247061	6000000001572135420
Q6247062	6000000006127534321
Q62470627	6000000051573764821
Q6247067	6000000002238710706
Q6247071	6000000001606339222
Q6247076	6000000180282085830
Q6247077	6000000007164763235
Q6247082	6000000006166646100
Q6247088	6000000043831125987
Q6247094	6000000007168889326
Q6247102	6000000009696225097
Q62471051	6000000167352727051
Q6247153	6000000012756841439
Q6247162	6000000018828048227
Q6247175	6000000006127899120
Q6247182	6000000000075144598
Q6247188	6000000012756631247
Q6247195	6000000018029499913
Q6247202	6000000012821654319
Q62472051	6000000004383616091
Q6247220	5296263599870060530
Q6247245	6000000000076055288
Q6247249	6000000012820730488
Q6247271	6000000030935096018
Q6247324	6000000026337039589
Q6247325	6000000020071290469
Q6247348	6000000003938789768
Q6247364	6000000041276410796
Q6247384	6000000017121565167
Q62474	6000000180158239824
Q6247438	6000000106007933040
Q6247479	6000000116760140821
Q6247503	6000000023680267512
Q6247505	6000000038350378798
Q6247516	6000000184333599830
Q6247557	6000000040442895571
Q62475737	6000000007589881229
Q6247670	6000000020117654850
Q6247684	4832540221030058272
Q62477	6000000000036831291
Q6247708	6000000038992406923
Q6247747	6000000038760436634
Q6247845	6000000002425534767
Q6247854	6000000006910202026
Q6247906	6000000001436183454
Q6247983	6000000023407612640
Q6247989	6000000016052890639
Q62480	6000000180999663066
Q6248044	6000000018285933515
Q6248090	6000000015344514489
Q6248128	6000000079327415825
Q6248130	305626290500005697
Q6248136	6000000020557499546
Q6248172	6000000020006969160
Q6248174	6000000040894338166
Q6248189	6000000010954643804
Q6248209	6000000067132117057
Q62482336	6000000084235466592
Q6248249	6000000098304103821
Q6248294	6000000008411532212
Q62483	6000000000350879192
Q6248301	6000000030813591675
Q6248319	6000000012632400813
Q6248352	6000000039952804296
Q6248356	6000000016211690162
Q6248366	6000000039151794666
Q6248371	6000000011637103482
Q6248390	5224816363020127529
Q6248461	6000000002765732823
Q6248469	6000000017448499832
Q6248490	6000000006796947592
Q6248497	6000000011518858558
Q6248501	6000000015606521255
Q6248501	6000000019385490679
Q6248544	6000000032074284630
Q6248549	6000000000752820146
Q62485499	6000000010008016343
Q6248583	6000000119036407847
Q6248601	6000000015334203666
Q6248662	6000000036603481847
Q6248670	6000000103669622864
Q624868	6000000032419974003
Q6248697	6000000011873509966
Q6248845	6000000000700878742
Q6248888	6000000013954904286
Q6248893	6000000018336408027
Q6248903	6000000071375634108
Q6248950	6000000004088352629
Q6248952	6000000015877738413
Q6248960	6000000026116499421
Q6248987	6000000060744349829
Q6249082	6000000020121876040
Q6249114	6000000015435247211
Q6249138	6000000009654116934
Q6249167	6000000000940577749
Q6249198	6000000085150423853
Q62492	6000000002883120542
Q6249219	6000000014476515057
Q6249221	6000000024657561060
Q6249260	6000000008899029564
Q6249345	6000000009432223676
Q6249346	6000000002958285065
Q6249349	6000000005625451573
Q6249439	6000000012588759087
Q6249465	6000000043236286300
Q6249506	6000000011118109305
Q6249531	6000000169738996826
Q6249592	6000000072410777897
Q62496	6000000035504032541
Q6249608	6000000013858579139
Q6249632	6000000019898201271
Q6249634	6000000023184891182
Q6249638	6000000003358963465
Q6249643	6000000015321320644
Q6249651	6000000201736844821
Q6249668	6000000040187354692
Q6249675	6000000031046507838
Q6249723	6000000099694294831
Q6249740	6000000011458113826
Q6249759	6000000028888531434
Q6249777	6000000004079757369
Q6249865	6000000011435658738
Q62499	6000000003628047924
Q6249909	6000000002188536119
Q6249912	6000000003615486538
Q6249914	6000000008630249889
Q6249916	6000000018157490505
Q6249935	6000000072906173833
Q62499681	6000000180310898840
Q6249969	6000000013394713155
Q6249971	6000000028393785462
Q6249981	6000000013199439501
Q6250029	6000000015601956478
Q6250063	6000000015819524310
Q6250084	6000000026284841471
Q62500846	6000000036339569393
Q62500946	6000000025598018355
Q6250100	6000000012608609071
Q62501586	6000000156656463724
Q6250211	6000000049148707075
Q6250218	6000000042493626822
Q6250233	6000000020382010181
Q6250240	6000000011288460738
Q6250246	4085422416810073020
Q6250246	6000000024461350668
Q6250271	6000000008582358316
Q62503	6000000180734765845
Q6250305	6000000000550319999
Q6250307	6000000006444753308
Q6250310	6000000006444222518
Q6250336	6000000022347925722
Q6250413	6000000041666600351
Q6250416	6000000016688262659
Q6250462	6000000016912381839
Q62505213	6000000143421161832
Q6250530	6000000067788633855
Q6250533	6000000000490743674
Q6250534	6000000012521341739
Q6250536	6000000022600339497
Q6250588	6000000006595673787
Q6250604	6000000014218663595
Q6250635	6000000002540151163
Q6250642	6000000006444774287
Q6250651	6000000014409442997
Q6250653	6000000008612212267
Q6250667	6000000011139943290
Q6250687	6000000013345279086
Q6250689	6000000014931178921
Q6250699	6000000028378635668
Q6250709	6000000012674987839
Q62507099	6000000026037378331
Q62507252	6000000047049490208
Q6250771	6000000019831269873
Q6250786	6000000004876514796
Q6250858	6000000018894615393
Q62509533	6000000025817051171
Q6250974	6000000025119688843
Q6251013	6000000021596562515
Q6251125	6000000039656168376
Q6251154	6000000013374593484
Q6251158	6000000149919985950
Q6251187	6000000012587644869
Q6251190	6000000019992993200
Q6251202	6000000006444716070
Q6251206	6000000051702218909
Q6251252	6000000023231729844
Q6251316	6000000037998318858
Q6251338	6000000077447314473
Q62513514	6000000029363383934
Q6251363	6000000074993573894
Q6251411	6000000019507644055
Q6251426	6000000030353791326
Q6251432	6000000009278643545
Q6251453	6000000013451844255
Q6251468	6000000002186689060
Q62515	6000000008562316921
Q6251593	6000000065604186021
Q62516	6000000003446657248
Q62516871	6000000002139187049
Q6251694	6000000047626434875
Q62517	6000000023682851211
Q6251738	6000000015263863646
Q6251750	6000000007757190199
Q6251761	6000000088736651858
Q6251764	6000000007076902404
Q625179	6000000075429614833
Q62517907	6000000026793622120
Q62517923	6000000178590471828
Q6251797	4344822
Q62518	6000000035943909159
Q6251802	6000000017444479203
Q6251861	6000000047976060462
Q6251878	6000000032893989914
Q6251892	6000000000076321016
Q6251894	6000000000076315949
Q6251928	6000000010750042374
Q6251932	6000000012755320002
Q62519423	6000000000608122429
Q62519478	6000000009936158969
Q6251959	6000000025276849342
Q6251963	6000000057101648854
Q6251980	6000000031758272343
Q6252009	6000000005059909513
Q6252028	6000000028395105244
Q6252040	6000000009800144446
Q6252053	6000000081309948176
Q6252055	6000000066585521030
Q6252086	6000000135630244846
Q62521	6000000021511099607
Q6252114	4087758144220023069
Q6252149	6000000015885378028
Q6252152	6000000103950677038
Q6252154	6000000015885137271
Q6252167	6000000076914459310
Q6252267	6000000019348178264
Q62522703	6000000001471107052
Q6252273	6000000022973419018
Q62522731	5328298398400074153
Q625228	6000000027486591893
Q62522836	6000000083200980826
Q6252291	6000000022973155163
Q6252301	6000000018078882774
Q6252307	6000000049629538369
Q6252308	6000000006181315369
Q6252310	6000000010087432415
Q6252313	6000000022973047365
Q62523296	6000000010563368698
Q6252340	6000000003955378779
Q6252357	6000000025454168875
Q6252388	6000000012362379225
Q6252430	6000000077452562007
Q6252443	6000000011129454143
Q6252444	6000000002188504397
Q6252472	6000000004863112216
Q6252491	6000000012876501823
Q6252493	6000000009737301660
Q6252495	6000000223056137863
Q6252523	6000000078525067898
Q6252541	6000000025359281492
Q6252572	6000000009459497699
Q6252576	6000000026685429184
Q62526	6000000184666967926
Q6252637	6000000037631519571
Q6252647	6000000121295003825
Q6252666	6000000002802731966
Q6252690	6000000011096774713
Q6252692	6000000090439617160
Q6252711	6000000010694740966
Q6252723	6000000017744532334
Q6252732	6000000021196185930
Q62528012	6000000057014798138
Q6252821	6000000003939079970
Q6252837	6000000030629846781
Q62528568	6000000008219726264
Q6252894	6000000145424224865
Q62529	6000000015520473442
Q6252902	6000000003277636158
Q62529378	6000000039083200959
Q6252945	6000000026985984631
Q6252957	6000000014201210842
Q62530	6000000011944572808
Q6253044	6000000002117744936
Q6253065	6000000007274279384
Q6253068	6000000004079705811
Q6253084	6000000024806561495
Q6253138	6000000000587647829
Q6253140	6000000008630274704
Q6253187	6000000008529547554
Q6253189	6000000006444102396
Q6253253	6000000006582624004
Q6253258	6000000010318026408
Q6253260	6000000010318008739
Q6253262	6000000084189219821
Q62532706	6000000014885843630
Q6253282	6000000027660880405
Q6253301	6000000015796443499
Q6253307	6000000048479239971
Q6253318	6000000011122351216
Q6253321	6000000010431152086
Q6253333	6000000016566611410
Q6253410	6000000027690192433
Q6253422	6000000078876180235
Q6253439	6000000009487749760
Q6253446	6000000012361345131
Q6253473	6000000002188542836
Q6253475	6000000002188542830
Q6253479	6000000021391788878
Q6253563	6000000156692979054
Q6253584	6000000056433405830
Q6253623	6000000012344626174
Q6253633	6000000171803857934
Q6253645	6000000017327176198
Q6253695	4420012
Q62537	6000000019092213337
Q6253701	6000000152202759851
Q6253724	4151738
Q6253725	6000000002115881848
Q62537563	6000000038529578009
Q62537589	6000000008452347550
Q62537605	305135853190004314
Q62538	4030861586110023994
Q6253857	6000000049219465408
Q6253889	6000000042081363379
Q6253895	6000000032344875867
Q62539	6000000031851116503
Q6253916	6000000076035570897
Q6253919	6000000007710870625
Q6253940	6000000023423027811
Q6253945	6000000001402194052
Q6253949	6000000045231325041
Q6253965	6000000002800546616
Q6254001	6000000061389529907
Q6254032	6000000015732902029
Q6254076	353440977400001706
Q6254150	6000000003219772937
Q6254162	6000000023381571998
Q6254167	6000000005441672034
Q6254170	6000000006597124075
Q6254208	6000000003615495124
Q6254213	6000000018117875295
Q6254217	6000000010660356265
Q6254230	6000000001776502098
Q6254254	6000000006090979253
Q6254268	6000000022496946862
Q6254284	6000000009832386010
Q62543	6000000048758664884
Q6254308	6000000000999466047
Q6254347	6000000005841926002
Q62543571	6000000069421049824
Q6254387	6000000004427927006
Q6254389	6000000008752674607
Q6254395	6000000017288214555
Q6254413	6000000091406777932
Q62544197	6000000074696249900
Q6254468	6000000138913099095
Q6254485	6000000046432121927
Q62546	6000000171292835956
Q6254631	6000000051067124908
Q6254644	6000000037513267573
Q6254658	6000000076235184879
Q6254685	6000000018001581335
Q6254790	6000000151459154870
Q6254850	6000000016623608324
Q62548540	6000000077157952955
Q6254862	6000000059270837838
Q6254879	6000000141921608855
Q6254886	6000000001637051459
Q62549	6000000001435667555
Q6254901	6000000094243590834
Q6254912	6000000008266131890
Q6254957	6000000026094084144
Q6254964	6000000015435535527
Q62550	6000000002188604075
Q6255010	6000000066457606088
Q6255012	6000000008840300169
Q6255024	6000000021603773906
Q6255047	6000000061839762871
Q6255053	6000000017669924527
Q6255057	6000000076882478862
Q6255065	6000000029797875216
Q6255077	6000000019673225950
Q6255088	6000000008274001313
Q6255102	6000000015642979756
Q6255110	6000000063248528833
Q6255141	6000000021384235003
Q6255148	6000000006128354519
Q625515	6000000026350944383
Q6255155	6000000013400675492
Q6255162	6000000013071620291
Q6255169	6000000013146397317
Q6255182	6000000007689043400
Q6255187	5277908077800038776
Q6255241	4075167511410072079
Q6255268	6000000176380681835
Q6255275	6000000023360295985
Q62553	6000000002188412239
Q6255302	6000000063666559871
Q6255309	325616160710002063
Q6255333	6000000024410649362
Q6255335	6000000100331951830
Q6255337	6000000006348439590
Q6255338	6000000008838348144
Q6255339	6000000017835061015
Q6255358	6000000013225998249
Q6255366	6000000013226119503
Q6255368	6000000012689073545
Q6255373	6000000011587657504
Q6255378	6000000018088442025
Q6255390	6000000017732710223
Q6255399	6000000009947305021
Q6255417	6000000039746813161
Q6255422	6000000010780608701
Q6255423	5433744635600050963
Q6255431	6000000039533308748
Q6255437	6000000018088497019
Q6255456	6000000010582047922
Q6255458	6000000024323367523
Q6255470	6000000030947512304
Q6255484	6000000017926183368
Q6255496	6000000019987585736
Q6255498	6000000069711251043
Q6255501	6000000032564551033
Q62555022	6000000015487542094
Q6255507	6000000091379111873
Q6255510	6000000014877561922
Q6255514	6000000002378787555
Q62555293	6000000083942310189
Q6255541	6000000008201064892
Q62555766	4122964762310081896
Q6255591	6000000017935936267
Q6255591	6000000062183490998
Q6255608	6000000040203642598
Q6255614	6000000174231901883
Q6255642	6000000011126775294
Q6255709	6000000000137794513
Q6255714	6000000024786562609
Q6255747	6000000053781958922
Q6255753	6000000047978977215
Q6255761	6000000024305313253
Q6255763	6000000010882716746
Q6255779	6000000024305543898
Q62558	359254381440001896
Q6255829	6000000022895147962
Q6255845	4047606686320039542
Q6255892	6000000077875536966
Q6255915	6000000079250852415
Q6255942	6000000008569205607
Q6255944	6000000023034417831
Q6255961	6000000002188495405
Q6255964	6000000002188514194
Q6255974	6000000031067146245
Q6255988	6000000000769985596
Q6255992	6000000000076308363
Q6255995	6000000003255290262
Q6256003	6000000016300562998
Q6256009	6000000002831290781
Q62560148	6000000182557755833
Q6256023	6000000021316565871
Q6256028	6000000178034689862
Q62560782	6000000101087208939
Q6256081	6000000006588835115
Q62560944	6000000011546328418
Q6256097	6000000009805090302
Q6256112	6000000024893134763
Q6256124	6000000009600201937
Q62561762	5384366166970064081
Q62561829	6000000003694059125
Q62562229	6000000017232987512
Q6256325	6000000052545248870
Q6256337	6000000012847085294
Q62563503	6000000011439270941
Q6256363	6000000002799082318
Q6256396	6000000180663121834
Q6256452	6000000000265078099
Q6256457	6000000016342325747
Q6256475	6000000082854243852
Q6256480	6000000051452480088
Q6256493	6000000029736748208
Q62565	6000000002882899955
Q6256500	6000000002376061631
Q6256505	6000000006996202145
Q6256528	6000000018143258478
Q625655	6000000043544984953
Q6256551	6000000016951708633
Q6256552	3316785
Q6256555	6000000029974864837
Q6256574	6000000017519416419
Q6256588	6000000007378050357
Q6256593	6000000007377921850
Q62566	6000000057706146821
Q6256628	6000000007393693935
Q6256634	6000000176721690973
Q62566501	6000000014725022025
Q6256651	6000000015430543205
Q6256653	6000000002637354566
Q6256655	6000000000769955303
Q62566814	6000000007523473408
Q6256688	6000000026779483371
Q6256690	6000000086635590534
Q62566949	6000000008231434421
Q62567268	6000000169610771247
Q6256730	6000000017944136112
Q6256748	6000000021790827730
Q62567483	6000000035611832821
Q6256751	6000000025693679391
Q6256756	6000000016909077677
Q6256759	6000000016908995292
Q6256761	6000000011204755958
Q6256763	6000000011204824327
Q6256771	6000000021041059857
Q62568128	6000000004372862258
Q62568155	6000000017424827051
Q6256818	6000000015998108257
Q6256820	6000000151519171857
Q62568520	6000000005256431076
Q6256859	6000000059147002857
Q6256871	6000000008350664726
Q6256879	6000000015853132309
Q6256904	6000000177787947835
Q6256931	6000000016898283325
Q6257008	6000000104826167836
Q6257015	6000000173575909043
Q6257037	6000000010218074043
Q62570387	6000000045386751877
Q6257039	6000000010002233029
Q6257047	345802654430012937
Q62570763	6000000022436036111
Q62571145	6000000002455497127
Q6257124	6000000006296086753
Q62571288	6000000177071016151
Q6257143	6000000029600766631
Q62571435	6000000000242275171
Q6257145	6000000000806396101
Q6257152	6000000017107780127
Q6257154	6000000002116206525
Q6257162	6000000018390707369
Q6257162	6000000022030169561
Q6257183	6000000012947330798
Q62572265	6000000080342889260
Q6257250	6000000002140982306
Q6257257	6000000000727393385
Q62572646	6000000006952890301
Q6257267	6000000000073100519
Q6257271	6000000013954386312
Q62572806	6000000015746424487
Q6257282	363775954370011668
Q6257332	6000000012695682095
Q6257343	6000000013041324825
Q6257376	6000000006444207638
Q6257398	6000000013412425978
Q6257403	6000000082772827035
Q6257405	6000000025836225750
Q6257411	6000000006261536469
Q6257418	6000000017979642548
Q6257431	6000000002666265562
Q6257437	6000000181334922911
Q6257453	6000000175606523841
Q6257460	6000000056341893901
Q6257465	6000000165181338867
Q6257470	6000000007032642350
Q6257472	6000000030204266220
Q6257473	6000000079641608327
Q6257497	6000000175604428835
Q6257514	6000000006977294040
Q6257521	6000000038680884656
Q6257544	6000000005026819569
Q6257549	6000000078059756905
Q62575492	6000000016047435072
Q6257550	6000000038680947520
Q6257576	6000000003589175395
Q6257586	6000000038681491953
Q6257633	6000000065486255869
Q6257639	6000000004273942242
Q6257659	6000000026355362296
Q6257678	6000000184223031855
Q62576853	6000000084827834268
Q6257688	6000000002503356486
Q62577704	6000000015697462144
Q6257847	6000000018316423695
Q6257849	6000000017353309222
Q6257882	6000000008176442370
Q6257889	6000000022645582070
Q6257891	6000000008847716685
Q6257894	6000000000814763650
Q62579	6000000002188615020
Q625794	6000000001170462460
Q6257986	6000000000637330778
Q6258040	6000000122039394838
Q6258065	6000000019816246022
Q6258074	6000000057471000107
Q6258086	5233447024590064979
Q6258096	6000000008260562630
Q6258174	6000000014959360422
Q62581912	6000000023780762478
Q62582197	6000000023781199884
Q6258229	6000000032744438735
Q6258265	6000000014386105413
Q6258357	6000000001959501175
Q6258375	6000000006907124949
Q6258404	6000000002188552688
Q6258411	6000000024904407547
Q6258418	6000000002188524066
Q6258426	6000000026199782083
Q6258484	6000000017713358165
Q6258496	6000000056779585851
Q6258527	6000000090754840046
Q6258557	6000000027448974808
Q6258645	6000000080767789256
Q62586485	6000000134059912325
Q62586733	6000000017775405428
Q6258679	6000000051374293905
Q6258712	6000000121867181226
Q6258734	6000000019230343306
Q6258737	6000000017982201289
Q6258753	6000000006444652001
Q62587668	6000000024638152863
Q62587675	6000000056455476821
Q6258771	6000000000436890123
Q62587726	6000000008158641898
Q6258789	6000000016281137425
Q62588089	6000000044624740867
Q62588100	6000000004097104308
Q6258837	5295881258970030404
Q6258882	6000000014495527389
Q6258896	6000000003275282216
Q62589105	6000000013339014690
Q6258912	6000000006770196889
Q6258914	6000000018572411585
Q6258970	6000000002328570899
Q62589979	6000000062884229823
Q6259024	6000000029795338069
Q6259028	6000000066769369117
Q6259047	6000000056411239929
Q6259067	6000000016907521508
Q6259092	6000000002803009926
Q6259105	6000000017464282701
Q6259129	6000000003828031786
Q6259135	6000000003988306835
Q6259165	6000000023497477438
Q6259169	6000000088645401822
Q6259180	6000000082556274897
Q6259210	6000000003403818490
Q6259213	6000000132034589663
Q6259269	6000000016024215251
Q6259271	6000000000855384035
Q62592912	6000000094465600862
Q62593	4030862018680031197
Q6259328	6000000000951146960
Q6259334	6000000006444566274
Q6259336	6000000002436628213
Q6259338	6000000009928505619
Q6259344	4034124
Q6259389	6000000015959981314
Q62594	6000000006455125489
Q62594017	6000000000720011068
Q6259403	6000000009740144772
Q62594262	6000000011367126247
Q6259441	6000000048076869921
Q6259462	6000000002505148013
Q6259470	6000000001579247819
Q6259487	6000000085571322865
Q62594962	6000000002959105943
Q6259499	6000000076929993864
Q62595008	1830798
Q6259508	6000000009991143540
Q62595087	6000000039641306523
Q6259517	6000000014350468792
Q6259525	6000000004652755083
Q6259543	6000000017426579707
Q6259565	6000000013525761310
Q6259590	6000000012213270420
Q62596	6000000022805530080
Q6259634	6000000163424193932
Q6259709	6000000025482806845
Q6259714	6000000035816318465
Q6259736	6000000004571320268
Q6259742	6000000005597264167
Q6259822	6000000006290318081
Q6259841	6000000029284766025
Q6259860	6000000003728566067
Q6259875	6000000023249743054
Q6259909	6000000000184997676
Q6259916	6000000180974358827
Q6260007	6000000071716263266
Q6260016	6000000013589030829
Q6260019	6000000003340930273
Q6260043	6000000074941139825
Q6260053	6000000030427480402
Q6260122	6000000001144904259
Q6260122	6000000027175530705
Q6260174	6000000058945243833
Q6260181	6000000019305217279
Q6260189	6000000007085583439
Q6260191	6000000032463644144
Q6260198	6000000002907025909
Q62602	6000000002188615956
Q6260200	5341349770460103349
Q6260220	370678740730013877
Q62602452	6000000004097011367
Q6260246	6000000192662445881
Q6260246	6000000194343875822
Q62602828	6000000014745966599
Q6260288	6000000019565558584
Q6260306	6000000008873296207
Q6260307	6000000001180345180
Q6260321	6000000013619905698
Q62604007	6000000001276999056
Q6260401	6000000029974673576
Q62604018	6000000060387256834
Q62604028	6000000005932170677
Q62604029	6000000011822424831
Q62604094	6000000023781228911
Q62604166	6000000014697109842
Q62604189	6000000024172540205
Q6260419	6000000021435979836
Q6260422	6000000009806278065
Q6260428	6000000016691560578
Q6260429	6000000016691596499
Q6260433	6000000000784633350
Q6260434	6000000002447269006
Q6260435	6000000008584856364
Q6260436	6000000024088581881
Q6260457	6000000000490438721
Q6260471	6000000049192991367
Q62605	6000000010584604442
Q6260504	6000000032185440866
Q62605047	6000000076443473307
Q62605299	6000000026956267923
Q6260558	6000000002787357232
Q62605592	6000000042841358377
Q6260560	6000000022573483618
Q6260567	6000000013268290898
Q62605738	6000000037788067546
Q6260586	6000000043273956455
Q6260588	6000000027667839103
Q6260592	6000000011323224826
Q6260621	6000000008450555619
Q6260630	6000000020640303825
Q6260676	6000000026434822721
Q62606899	6000000029444106819
Q62606972	6000000023781044306
Q62607	6000000024210225863
Q62607058	6000000071441484353
Q6260707	6000000004047445012
Q62607122	6000000020342094564
Q62607260	6000000020179296552
Q6260749	6000000019373779001
Q6260755	6000000004972858165
Q6260764	6000000011996303572
Q6260769	6000000061013657902
Q6260772	6000000000426799905
Q6260779	6000000004296682655
Q6260779	6000000006444674323
Q6260781	6000000008511448472
Q6260852	6000000013431592473
Q6260854	6000000000453526520
Q6260874	6000000003845132989
Q6260912	6000000000351068631
Q6260920	6000000005919782867
Q62609205	6000000012140671819
Q6260945	6000000047346060151
Q6260949	6000000007273253484
Q6260974	6000000012662136350
Q6260980	6000000005437672530
Q6261038	6000000027838341573
Q6261040	6000000040872984673
Q6261044	6000000000580476503
Q6261064	6000000013399970678
Q6261081	6000000006442416936
Q6261093	6000000016587537234
Q6261096	6000000012713358978
Q6261098	6000000002188551476
Q6261100	6000000002188551470
Q6261102	6000000008471820430
Q6261112	6000000015732810144
Q6261114	6000000013291364222
Q6261177	6000000103375550840
Q6261183	6000000002115970441
Q62612	6000000028496721052
Q6261207	6000000045141537858
Q6261208	6000000024437881879
Q6261239	6000000020253556839
Q6261287	6000000027817084174
Q6261291	6000000027723067174
Q62613	6000000003077378673
Q6261369	6000000102594428822
Q6261374	6000000006602672702
Q6261376	6000000006602672686
Q6261378	6000000024746567195
Q6261431	6000000004993963855
Q62614367	6000000065458489829
Q62614707	6000000018067502304
Q6261471	6000000015732466403
Q6261477	6000000071423852063
Q6261500	6000000018466529296
Q6261520	6000000006444119592
Q6261533	6000000026160882270
Q6261585	6000000005590958138
Q6261628	305550016360003842
Q6261638	6000000000826539189
Q62617	6000000076159799199
Q6261743	6000000121923208056
Q6261747	6000000021516380110
Q6261749	6000000001010624418
Q6261752	6000000004361442830
Q6261771	6000000107751195873
Q6261777	6000000184409287956
Q6261781	4007527799040073220
Q6261787	313404341760006626
Q6261807	6000000021664375068
Q6261809	6000000108219199823
Q6261835	302110204030003710
Q6261849	6000000010898590532
Q6261851	6000000002145074676
Q6261853	6000000000352435694
Q6261855	6000000021025921217
Q6261899	6000000190157392839
Q6261909	6000000000348869488
Q6261921	6000000015971845563
Q6261930	6000000010253369476
Q6261940	6000000021378603556
Q6261942	6000000014897313403
Q6261945	6000000027874739117
Q6261955	6000000020773752212
Q6261964	6000000042650145047
Q6261995	6000000071481446821
Q6262028	6000000007706564244
Q6262037	6000000176103080822
Q6262116	6000000054131463821
Q6262123	6000000184478885855
Q62622	6000000177874648873
Q6262229	6000000026201501915
Q6262288	4877800614080132065
Q6262319	6000000020560070303
Q6262397	6000000035727160156
Q6262403	6000000013393061036
Q6262451	6000000033294602956
Q6262488	6000000116661510921
Q6262502	6000000029658696123
Q6262507	6000000040980061724
Q6262531	6000000021121514124
Q62625466	6000000046223485841
Q6262558	6000000103884041903
Q6262560	6000000013004125286
Q6262572	6000000007210290532
Q6262581	6000000018037992875
Q6262668	6000000046149639858
Q6262675	6000000002188674316
Q6262680	6000000008630250012
Q6262685	6000000061184998181
Q6262713	6000000014245994852
Q6262740	6000000042196515181
Q6262742	6000000105698372123
Q6262765	6000000025752734080
Q6262790	6000000015494363251
Q6262795	6000000170184602821
Q6262833	6000000021579834703
Q6262835	6000000012429845046
Q6262838	6000000016515276177
Q6262841	6000000015947147919
Q6262845	6000000135802602835
Q6262854	6000000001593054595
Q6262857	6000000009655347662
Q62629013	6000000015645481126
Q6262918	6000000025694972119
Q6262958	6000000023970322841
Q6262971	6000000024199733078
Q6262989	6000000012120533194
Q6263020	6000000015579773832
Q6263055	6000000015548790410
Q6263080	6000000017185015919
Q6263105	4249498993550126175
Q6263117	6000000013054423249
Q6263159	6000000005026869718
Q62632	6000000091778561333
Q6263253	6000000052372604021
Q6263264	364669558810006162
Q6263265	6000000016986968463
Q6263272	6000000003005257548
Q6263346	6000000018431358879
Q6263354	6000000012151209421
Q6263356	6000000012391046134
Q6263362	6000000006917657155
Q6263377	6000000003099407141
Q6263420	4753287907390039803
Q6263433	6000000183141661821
Q6263505	6000000003359215650
Q6263553	6000000026915334542
Q6263555	6000000026917297265
Q62635568	6000000006519019122
Q6263557	6000000026916341356
Q6263568	6000000000135242952
Q6263570	6000000010942080612
Q62635835	6000000042064123278
Q6263585	6000000079466828694
Q6263592	6000000055724035546
Q6263596	6000000090536782821
Q6263600	6000000077914720871
Q6263617	6000000013340693502
Q6263619	6000000006602677831
Q62636220	6000000007097748803
Q6263632	6000000001589391899
Q6263660	6000000104113245868
Q6263670	6000000003966502334
Q6263706	6000000017311584512
Q6263729	6000000013051630291
Q6263734	6000000000137566947
Q6263756	6000000002995151858
Q6263756	6000000185162202828
Q6263820	6000000017738265649
Q6263882	6000000082596955654
Q6263884	6000000013449897630
Q6263933	6000000032024892330
Q6263939	6000000003887549560
Q6263980	6000000001929123622
Q6263983	4365130617150072279
Q62640	6000000042041322944
Q6264002	6000000028391376691
Q6264023	6000000023780719600
Q6264040	6000000020459806669
Q6264046	6000000011438157548
Q6264051	6000000013541202125
Q6264055	6000000003938299445
Q6264081	6000000021491408427
Q6264088	6000000010630312466
Q6264099	6000000023212167850
Q6264103	6000000023211732050
Q6264112	6000000011852041132
Q6264136	6000000165557449109
Q6264138	6000000011971756012
Q6264141	6000000174878241931
Q6264158	6000000041098108786
Q6264214	6000000028137476789
Q6264229	6000000019976379088
Q6264275	6000000043336536959
Q6264289	6000000014767026300
Q6264336	6000000081259110847
Q6264361	6000000003942646392
Q6264409	6000000026245485948
Q6264469	6000000010372288219
Q6264494	6000000000209545581
Q62645	6000000000634925666
Q6264510	6000000063113169885
Q6264545	6000000000658127555
Q6264559	6000000027525127663
Q6264577	6000000016811863858
Q6264596	6000000106452287823
Q6264603	6000000106016740941
Q6264632	6000000001238442451
Q6264678	6000000021381158708
Q6264684	6000000006589696017
Q6264705	6000000011157084212
Q6264707	6000000011156938303
Q6264709	6000000015058783364
Q6264713	6000000021575289644
Q6264792	6000000002603455227
Q62648	6000000179293880828
Q6264820	6000000046564037150
Q6264872	6000000023166062964
Q6264880	6000000069895542278
Q6264881	6000000033411411363
Q6264884	6000000014036298952
Q62649502	6000000007462155852
Q62649558	6000000009153654784
Q6264956	6000000018956298907
Q6264993	6000000012370052379
Q6264997	6000000102778081900
Q62650	6000000006727805931
Q6265011	6000000112845650945
Q6265033	347983830680012692
Q6265093	6000000007759871015
Q6265095	6000000007759855909
Q6265098	6000000007759735153
Q6265122	6000000031373121201
Q6265142	292850885600005942
Q6265169	6000000014691097024
Q6265170	6000000081253671868
Q6265172	6000000054107366886
Q62652468	6000000005767793053
Q6265250	6000000003941200298
Q6265281	6000000163415024489
Q6265458	6000000024583913390
Q6265481	6000000006092219285
Q6265483	6000000006906868812
Q6265506	6000000015562156800
Q6265542	6000000000614604789
Q6265561	6000000000166150229
Q6265587	6000000000350923523
Q6265599	6000000003660114838
Q62656	6000000100414502825
Q6265601	5596384242290087198
Q6265603	6000000003659553303
Q62656386	6000000016236200193
Q62656535	6000000016283858960
Q6265654	6000000000350899227
Q6265659	6000000000814120161
Q6265661	6000000007709804305
Q6265670	6000000003659356613
Q6265683	323047735510002592
Q62657252	6000000010917466060
Q6265928	6000000040393135034
Q62659643	6000000017745541012
Q6266062	6000000082543574821
Q62661	6000000014063675270
Q62663	6000000141910472148
Q6266311	6000000007775577608
Q62664	6000000025503392130
Q62664232	6000000038580797904
Q6266427	6000000078186134840
Q626662	6000000015601791068
Q62666381	6000000024280601551
Q62666952	4128333525240084188
Q62667	6000000002188445589
Q6266707	6000000029541453515
Q62667365	6000000091332884123
Q62667911	6000000008463195908
Q62667982	6000000003239762670
Q6266817	6000000113064338109
Q62668879	6000000024280606511
Q62669	6000000032021355825
Q626698	6000000013403611182
Q62670	6000000082821661127
Q6267002	6000000017840684596
Q62671	6000000008737487875
Q6267192	322361499030007410
Q62672	6000000003756965580
Q6267390	6000000167354652180
Q6267453	6000000024196548476
Q62675241	6000000030505208167
Q6267530	6000000084419537868
Q6267576	6000000059516788063
Q62675840	6000000002576524343
Q6267587	6000000044346782327
Q6267625	6000000177445173822
Q62677192	6000000009154789001
Q6267722	6000000047264201840
Q6267730	6000000058600191930
Q62677826	6000000040249692967
Q6267804	6000000075658305825
Q6267863	6000000019223076838
Q6267884	6000000024930184024
Q626805	6000000018948521110
Q62681941	6000000041922776220
Q6268201	6000000014081532740
Q6268342	6000000131461060853
Q6268485	6000000029541963870
Q62685987	6000000003734023128
Q6268683	6000000000280667167
Q6268950	6000000004843579771
Q62690	6000000028581461933
Q62693814	6000000008972018393
Q62694391	6000000006268708364
Q62696	6000000018940096622
Q62701	6000000184514226919
Q62703373	6000000009771102330
Q62705232	6000000002422334434
Q6270550	6000000027613168635
Q62705583	6000000007218445275
Q6270571	6000000184568866832
Q6270651	6000000015960565046
Q6270672	6000000014328179397
Q6270674	6000000014327765195
Q62707017	6000000054488414169
Q6270748	6000000017111934699
Q6270797	6000000021849268420
Q6270920	6000000058788438946
Q62709467	6000000026997022073
Q627098	6000000014130719098
Q6271007	6000000078679419952
Q6271007	6000000200903875863
Q627106	6000000010263132000
Q62710737	6000000176423580832
Q6271117	356758055510012398
Q6271233	6000000136302857837
Q62712764	6000000129586976935
Q62713325	6000000172940840094
Q62713354	6000000024479757790
Q62713742	6000000017661874300
Q62713743	6000000025663773821
Q62713759	6000000204135962832
Q62713808	6000000203860392858
Q62713945	6000000025441675128
Q62714140	6000000028105607229
Q62714276	6000000175423953822
Q62714471	6000000039648819977
Q62716	6000000072802764924
Q6271653	6000000011126090272
Q6271657	6000000008022984011
Q6271694	6000000002017898070
Q6271724	6000000024579828940
Q6271875	6000000102747735229
Q6271898	6000000135162679046
Q6271918	6000000018641116094
Q6271942	6000000002764417869
Q6272025	6000000040237809863
Q6272041	6000000006971266739
Q6272074	6000000019298533100
Q6272082	6000000001483941390
Q6272089	6000000026827985041
Q6272119	6000000067178229975
Q6272156	6000000019478982016
Q6272171	6000000001449666763
Q6272211	6000000011735176819
Q6272218	6000000009365345483
Q6272242	6000000000484935391
Q6272257	6000000050036142946
Q6272260	6000000007549194538
Q6272284	6000000007983734369
Q6272363	6000000033654317225
Q6272481	6000000003687349313
Q6272483	6000000003687349235
Q6272528	6000000172265408341
Q6272552	6000000000632042150
Q6272606	6000000012526493018
Q6272607	6000000007201095207
Q6272645	6000000003086853185
Q6272665	6000000013039483615
Q6272748	6000000001510800735
Q6272748	6000000022131380711
Q6272752	6000000096875933829
Q6272820	6000000000481705088
Q62728966	6000000224572153821
Q6272949	6000000011372702884
Q6273011	6000000007454347707
Q6273027	6000000006441918537
Q6273041	2623911
Q6273072	4961149898350028462
Q6273106	6000000074800465917
Q62731713	6000000119314512886
Q62732318	6000000013472302687
Q62732332	6000000019811521189
Q62732360	6000000016238484138
Q62732423	6000000017369740858
Q62732476	6000000016388299199
Q6273366	6000000063108319972
Q62734	6000000027823096761
Q6273469	6000000002464537723
Q62735815	6000000003084218432
Q6273622	6000000021302065970
Q6273645	5025579637730036506
Q6273655	6000000017587585703
Q6273655	6000000071634096826
Q62736660	6000000090602574074
Q6273853	6000000003262115314
Q6273860	6000000005419506494
Q6273869	6000000100826864883
Q6273978	6000000034454072010
Q6274022	6000000148701479857
Q6274099	6000000005943840428
Q62741	6000000004079761276
Q6274295	6000000074323773081
Q6274324	6000000003693479849
Q6274341	6000000036264893453
Q6274366	6000000028524687838
Q6274376	6000000004034267140
Q6274381	6000000030386674660
Q6274433	5027782398360115216
Q6274487	6000000051373945874
Q62745	6000000180508729862
Q6274528	6000000000711923823
Q6274598	6000000009128309577
Q6274602	6000000013318587920
Q6274635	5577270050330072815
Q6274643	6000000020248369149
Q6274670	6000000010132375035
Q6274687	6000000019937478921
Q62747	6000000016531757017
Q6274705	6000000183208826873
Q62747526	6000000062908539916
Q6274789	6000000020467223095
Q62748	6000000041188149542
Q62748299	6000000001720892889
Q6274866	6000000111821576889
Q6274932	6000000088071737319
Q62749751	6000000043398693025
Q6275241	6000000009567249334
Q62754	6000000024638515332
Q6275552	6000000002850481028
Q62757762	6000000040510092960
Q62758099	6000000001690091650
Q627588	6000000013403726560
Q62759289	6000000007879019611
Q62760520	6000000007879209594
Q62761	6000000073052003838
Q6276123	6000000022000867100
Q6276148	6000000143968634841
Q62765	6000000002764860212
Q62766	6000000032585178619
Q62766099	6000000006359976011
Q6276792	6000000054067241182
Q6276882	6000000100523591821
Q62769	6000000023795914230
Q62769462	6000000036630326070
Q62769470	6000000057098415842
Q62769834	6000000020708692008
Q62771355	6000000006437317477
Q62771467	6000000011623619592
Q62772	6000000023783960122
Q62775	6000000006231684572
Q6277757	6000000009506035945
Q62778221	6000000014191696504
Q62778221	6000000015185241568
Q62778302	6000000009542338005
Q62778317	6000000149842195967
Q62778342	6000000001389911469
Q62779229	6000000014948742921
Q62779229	6000000174719773425
Q6277979	6000000003101311384
Q62780720	6000000021377771019
Q62780763	6000000017021807513
Q62780787	6000000037222634982
Q62781065	6000000002187837772
Q6278224	6000000027438973249
Q6278226	6000000027629729619
Q6278334	6000000009618029802
Q6278418	6000000066847359831
Q6278499	6000000000224576567
Q627864	6000000012482746373
Q6278686	6000000017894291012
Q6278826	6000000020985999380
Q627888	6000000159035297821
Q6278883	6000000000375036325
Q62789	6000000002775795041
Q6278930	6000000033975080539
Q62789510	6000000010079128878
Q6278962	6000000084546201876
Q6279	6000000010061916215
Q6279061	6000000004877881847
Q6279191	6000000017669016090
Q6279196	6000000002188529432
Q6279198	6000000185902697829
Q6279290	6000000013083089122
Q6279376	6000000000271868144
Q62794	6000000179219884852
Q6279454	6000000013239062070
Q6279572	6000000032383557319
Q6279652	6000000111124964872
Q6279713	6000000178719803828
Q627973	6000000011702536759
Q6279768	6000000086691265824
Q6279798	6000000178605220271
Q62798	6000000011127315369
Q6279834	6000000018317466824
Q6279840	6000000005237897888
Q6279846	6000000077802931329
Q627985	6000000073333674873
Q6279912	6000000024657887353
Q6279925	6000000051997638923
Q6279937	6000000012624130326
Q6279958	6000000070954504937
Q6280027	6000000003173594398
Q6280055	6000000197275663821
Q6280128	6000000010164691182
Q6280240	6000000182356409850
Q6280546	6000000015491462431
Q6280579	6000000015263791901
Q6280647	6000000185647264225
Q628065	6000000134323046029
Q6280674	6000000193003454824
Q628070	6000000002161199065
Q62807047	4446472200270077838
Q6280770	6000000080995919968
Q628083	6000000022909526807
Q6280852	6000000015824229805
Q6280887	6000000015590277684
Q628089	6000000003446264213
Q6280911	6000000018657513398
Q628092	6000000057322998121
Q6280958	6000000036111424629
Q6280972	6000000021718438514
Q6280974	6000000163577337026
Q6280988	6000000018146165416
Q6281004	6000000150681051940
Q6281054	6000000012820099474
Q628111	6000000028104631730
Q6281120	6000000006602924965
Q6281129	6000000007258394832
Q6281178	6000000041777607833
Q6281184	63501
Q6281250	6000000013536880239
Q6281257	6000000045550369977
Q628132	6000000028748931015
Q6281326	6000000163667070826
Q6281346	6000000072434089544
Q6281350	6000000026874857256
Q6281356	6000000086002224887
Q6281368	6000000090460253022
Q6281372	6000000010047962592
Q6281456	6000000013515433234
Q6281490	363394821260011220
Q6281528	6000000111163762846
Q6281557	6000000024127542096
Q6281560	6000000015724849470
Q6281562	6000000017244248725
Q6281638	6000000000591489975
Q6281644	6000000002339185084
Q6281662	6000000012721582443
Q628168	347851177590012691
Q6281726	6000000032563696193
Q6281751	6000000025888196690
Q6281777	6000000004593895052
Q6281779	6000000042045408605
Q6281784	6000000057385514861
Q6281808	6000000021000491006
Q6281854	6000000016598380205
Q6281876	6000000015684327222
Q6281916	6000000013239246224
Q6281939	6000000009859766292
Q6281941	6000000010394250272
Q62819439	6000000018080967762
Q6281952	6000000105424495136
Q6281962	6000000013415060669
Q6281979	6000000006444290017
Q6282017	6000000014784463689
Q6282096	6000000077452819642
Q6282113	6000000000451817103
Q6282129	6000000015091409246
Q6282149	6000000018117636701
Q6282152	6000000018955215848
Q6282182	6000000013093703405
Q6282186	6000000055591014035
Q6282190	6000000033093133027
Q62822	377700396490007610
Q628222	6000000015744152673
Q6282253	6000000021329062130
Q6282262	6000000009805891220
Q6282344	6000000003300502154
Q6282369	6000000083713732864
Q6282374	6000000029058143166
Q6282399	6000000002304406067
Q6282408	6000000010714825126
Q6282456	6000000011649031737
Q6282459	6000000012960444505
Q6282479	6000000113166622125
Q6282486	6000000002247586995
Q6282532	6000000032166263620
Q6282559	6000000012659143236
Q6282586	6000000016456602716
Q628259	6000000008156505920
Q6282594	6000000010563064173
Q6282614	6000000006574969062
Q6282684	6000000010451456346
Q6282700	6000000107648451876
Q6282747	6000000011082601508
Q6282753	6000000078623332500
Q6282758	6000000023451152866
Q6282767	6000000001941464335
Q6282837	6000000083263455179
Q6282860	6000000030872908668
Q6282876	6000000012741990782
Q6282879	6000000048750957821
Q6282883	6000000032264464637
Q6282885	6000000033676833638
Q6282889	6000000001402177379
Q6282892	6000000016352053830
Q62829	6000000032055684993
Q6282903	6000000010573758381
Q628293	6000000010607383173
Q6282931	6000000037411420643
Q6282969	6000000043550655964
Q6282983	6000000017439114561
Q62830	6000000011330264208
Q6283012	6000000183789916843
Q6283023	6000000013007719893
Q6283050	6000000034151783571
Q6283070	6000000163743473130
Q6283073	6000000035444102323
Q6283089	6000000002209782419
Q62831	6000000063719640836
Q6283127	6000000068896176024
Q6283182	6000000002928630820
Q6283184	6000000002928665114
Q6283197	6000000002502642005
Q6283224	6000000155013803855
Q6283259	6000000018032338589
Q6283265	6000000003216078861
Q6283275	6000000002946311449
Q62833	6000000089009437016
Q6283360	6000000024018557821
Q6283366	6000000029215756846
Q6283390	6000000048456643121
Q6283417	6000000023201991026
Q6283429	6000000053848662822
Q6283438	6000000005438458619
Q62834445	6000000074325501933
Q628346	6000000054563819975
Q6283531	6000000002423526625
Q6283541	6000000000470532875
Q6283547	6000000006599012839
Q6283610	6000000000930886678
Q6283617	6000000063448632821
Q6283643	6000000001745105126
Q6283647	6000000065662030065
Q6283659	6000000013239249400
Q628369	6000000020706235242
Q6283712	6000000015732808274
Q628373	6000000185020352872
Q6283745	6000000012770146861
Q6283751	6000000058882988438
Q6283759	6000000001688768704
Q6283783	6000000026106656839
Q6283788	6000000026106494077
Q6283855	6000000031182945040
Q6283857	6000000002082082435
Q62839	6000000126767544862
Q6283902	6000000032123835389
Q6283906	6000000025374788104
Q6283928	6000000010824801047
Q6283949	6000000150941252839
Q6283976	6000000002766802309
Q62839852	6000000082244314870
Q6283989	6000000093982741826
Q6284021	6000000011250975563
Q6284047	6000000030663072012
Q6284056	6000000048963818923
Q6284064	6000000012197435397
Q6284066	6000000016033884190
Q6284070	6000000060139088929
Q6284089	6000000008448649494
Q6284098	6000000004827434022
Q62841054	6000000082244341101
Q6284119	6000000180761549862
Q6284127	6000000002175438989
Q6284127	6000000077109524857
Q62841609	6000000002992022185
Q62841783	6000000013391789299
Q62843	6000000030333433915
Q6284311	6000000006755427916
Q6284328	6000000023852941140
Q6284334	6000000077167483867
Q6284343	6000000159168391841
Q6284410	6000000015717238150
Q6284426	6000000106856053847
Q6284459	6000000007489003822
Q6284486	6000000004079444916
Q6284514	6000000014795964127
Q6284578	6000000021542805511
Q62846	6000000038364147904
Q62846165	6000000003827674140
Q6284618	6000000114766417969
Q62846337	6000000003827674147
Q6284645	6000000025154546266
Q6284686	6000000059412027835
Q62847009	6000000041326331471
Q6284723	6000000019319219230
Q6284729	6000000012544004500
Q62847531	6000000014057555844
Q6284783	6000000079300971731
Q6284805	6000000001345169631
Q6284810	6000000003889388854
Q62848171	6000000014059472078
Q6284844	6000000000296041388
Q62848611	6000000041062892003
Q6284862	6000000003939502104
Q6284897	6000000002898237839
Q6284900	6000000002898241075
Q62849028	6000000014947581219
Q6284944	6000000002764519976
Q6284946	6000000020585640170
Q6284952	6000000188617267845
Q6284987	6000000024291934679
Q6285016	6000000000108746984
Q6285019	6000000001688750689
Q6285034	6000000043725338301
Q6285041	6000000002764003735
Q6285088	6000000075098915823
Q62851	6000000019194259169
Q6285179	6000000018666001621
Q62852072	6000000014059740757
Q6285208	6000000016533886210
Q6285224	6000000113428910840
Q6285282	6000000024392757557
Q6285288	6000000148144677865
Q6285331	6000000003617043647
Q6285335	6000000077256595907
Q6285350	6000000001628888035
Q6285384	6000000017910914023
Q6285399	6000000000882266910
Q6285441	6000000115343755857
Q6285476	6000000012985346287
Q6285534	6000000009026026599
Q6285565	6000000174354996166
Q6285607	6000000044040125443
Q6285619	6000000000485186218
Q62856480	6000000008481576465
Q6285649	6000000034432554706
Q6285684	6000000022161626919
Q6285733	6000000015557262357
Q6285735	6000000107563646571
Q6285757	6000000008945505460
Q6285775	6000000023796617890
Q6285799	6000000015557346172
Q6285813	6000000008309571381
Q6285823	6000000077073526775
Q6285914	6000000013123366658
Q62860	6000000208407123821
Q6286046	6000000013620967685
Q6286056	6000000125886020822
Q6286074	6000000126859446846
Q6286087	6000000066414588871
Q6286090	6000000045494106960
Q62861	6000000129671740875
Q6286107	6000000016534116001
Q6286122	6000000000830796834
Q62861356	6000000011167468876
Q6286160	6000000003687349650
Q6286164	6000000020205410991
Q6286166	6000000003687349484
Q6286202	6000000013413274518
Q62862200	6000000049230165966
Q6286230	6000000039099963656
Q6286234	6000000018527719976
Q628624	6000000000721348306
Q6286291	6000000014406222320
Q6286295	6000000036585738922
Q6286303	6000000025485313946
Q6286307	6000000074447853045
Q6286371	6000000025263674833
Q6286395	6000000038872320875
Q6286432	6000000009028747799
Q6286448	6000000074669084856
Q6286574	6000000023418466909
Q6286577	6000000104643408077
Q6286598	6000000036087502443
Q6286623	6000000019599673053
Q62866526	6000000015865016537
Q6286659	6000000023539648762
Q6286667	6000000017115189142
Q6286693	6000000003077567473
Q6286713	6000000011399031788
Q6286715	6000000011398521058
Q6286779	6000000063044991821
Q6286786	6000000012804583067
Q6286786	6000000055077246918
Q6286804	6000000019855074864
Q6286808	6000000070727183866
Q6286818	6000000000895016490
Q6286940	6000000015301896011
Q6286953	6000000005557662001
Q6286965	5462626406590115930
Q6287025	6000000077611064040
Q6287038	6000000000906849118
Q6287067	6000000008268536782
Q6287121	6000000003183198157
Q628713	6000000091385080782
Q6287139	6000000084239401965
Q6287188	6000000003114730071
Q6287196	6000000041584032924
Q6287228	6000000025363587860
Q6287236	6000000010240231381
Q6287291	6000000008439832408
Q6287295	6000000012663557280
Q6287366	6000000020731586248
Q628738	6000000016218609587
Q6287393	6000000041925404294
Q6287472	6000000033360687457
Q6287501	6000000003077407147
Q6287514	6000000104767849821
Q6287566	6000000017087676307
Q6287581	6000000015702462376
Q6287586	6000000011727903392
Q6287588	6000000114695844828
Q62876	6000000020683893622
Q6287621	6000000015702511252
Q6287646	6000000045749080039
Q6287680	6000000042407311819
Q6287766	6000000005077233585
Q6287771	6000000018079142509
Q6287775	6000000000264650706
Q6287784	6000000025530337004
Q6287792	6000000017138357916
Q6287796	6000000006970778755
Q6287798	6000000079902310924
Q62878	304439076510006454
Q6287816	6000000013255241753
Q6287854	6000000015337135045
Q6287875	6000000020437181889
Q6287877	6000000017854817427
Q6287936	6000000026606405857
Q6287938	6000000007454441774
Q6287942	6000000009036521662
Q6287956	343635195750013041
Q6287958	6000000009959507515
Q62879975	6000000009233920192
Q6288009	6000000002704341185
Q6288024	6000000012290978862
Q628803	6000000018321950140
Q62880490	6000000003783286524
Q6288052	6000000010306529844
Q6288074	6000000015291758255
Q6288081	6000000013577336617
Q6288085	6000000082583063306
Q6288096	6000000119024382244
Q6288117	6000000059951396146
Q6288119	6000000054107271022
Q6288143	6000000176546993846
Q6288192	6000000186717173861
Q628821	6000000015592061344
Q6288248	6000000015489079304
Q6288254	6000000055521519232
Q62882758	6000000003405165850
Q6288298	6000000008509845452
Q6288346	6000000012074233850
Q6288349	6000000000845203579
Q6288415	6000000026051674278
Q6288424	6000000039739518297
Q6288426	6000000008917828073
Q6288429	6000000010177867663
Q6288435	6000000077723486039
Q6288438	6000000015624788102
Q6288461	6000000000921354370
Q62885	6000000001438392838
Q6288662	6000000024717199425
Q628880	6000000024526628518
Q6288859	6000000033098418203
Q6288908	6000000051269380403
Q62890	6000000175674391557
Q62890386	6000000010674908980
Q62891	6000000015128455115
Q628918	6000000021148383947
Q62893281	6000000011808819356
Q6289402	6000000204127388828
Q62894256	6000000004168638650
Q62894712	6000000030233429757
Q62894920	6000000034889599343
Q6289600	6000000004053091260
Q6289609	6000000013007002625
Q6289613	6000000012439203591
Q6289640	6000000003866908104
Q62896430	6000000011549463268
Q6289651	6000000017579302582
Q6289652	6000000025661113762
Q6289684	6000000178639024858
Q62897	6000000006344661174
Q6289705	6000000042125054070
Q6289733	6000000012199508455
Q6289739	6000000147817069892
Q6289775	6000000028856899645
Q6289788	6000000076372513315
Q6289810	6000000085096314847
Q6289816	6000000007560776348
Q6289828	6000000007554379758
Q628985	6000000031957422576
Q6289856	6000000000475138954
Q62898641	6000000154691478837
Q6289878	6000000013840733532
Q6289885	6000000047778706117
Q6289942	6000000018466353637
Q6289944	6000000002831295398
Q6289953	6000000018170988930
Q6289985	290640212190001446
Q6290015	6000000000677523109
Q6290022	6000000027872581327
Q6290028	6000000001980260414
Q62900395	6000000015833031476
Q6290051	6000000013102697065
Q6290053	6000000017696824128
Q62900754	6000000009375505435
Q62900897	6000000009376216468
Q62901159	6000000002632682154
Q6290121	6000000000352431141
Q6290143	6000000013124602804
Q62901446	6000000002631369881
Q6290166	6000000010068129915
Q6290172	6000000018839496846
Q62901780	6000000013071977690
Q62902088	6000000014934355380
Q6290220	6000000006802816858
Q6290227	6000000067832096867
Q6290239	6000000025157060038
Q62902608	6000000054192959119
Q6290266	6000000000359683666
Q6290272	6000000018087592607
Q6290287	6000000047943513939
Q6290290	6000000014325285700
Q6290296	6000000062316999830
Q6290319	6000000044881936833
Q62903214	6000000058254468011
Q6290336	4157971353870051066
Q6290416	6000000023753575282
Q6290441	6000000027113486635
Q6290443	6000000001402286435
Q6290452	6000000016621609526
Q6290468	6000000107114409862
Q6290474	6000000014181028524
Q6290490	6000000012942507461
Q6290508	6000000015739681447
Q6290508	6000000038696938371
Q6290521	6000000023221610843
Q6290537	6000000166666680951
Q6290553	6000000079945707140
Q6290564	6000000025363144887
Q6290571	4271552362790066611
Q6290585	6000000001754262897
Q6290631	6000000006442013492
Q6290634	6000000091207867032
Q6290637	6000000010123765285
Q6290650	6000000033210204633
Q6290657	6000000036510160851
Q6290661	358276780440011950
Q6290664	6000000017681481757
Q6290673	5554413670000104961
Q6290692	6000000018209643112
Q6290703	6000000016876286070
Q6290727	6000000014014431306
Q62907729	6000000006798356699
Q62908664	6000000013072122604
Q6290937	6000000002997389418
Q6290944	6000000048854080828
Q6290950	6000000033543979073
Q62910203	6000000024178499963
Q62910393	6000000003783607418
Q6291052	6000000138433995827
Q62910768	6000000014565164148
Q6291093	6000000022162736344
Q6291134	6000000109882788941
Q6291155	6000000104728032857
Q62911608	6000000002831786749
Q62912248	6000000003621371438
Q62912635	6000000011604308795
Q629131	6000000072877254212
Q6291353	6000000010869184112
Q6291373	6000000027952963646
Q6291393	6000000029476166615
Q6291415	6000000019705946496
Q6291424	6000000005438830077
Q6291432	6000000010472873158
Q6291440	6000000017249368056
Q6291453	367705130740003911
Q6291498	6000000009326614561
Q6291542	6000000010563111281
Q6291553	6000000045883152363
Q6291629	6000000114649842017
Q62916833	6000000002325358170
Q6291688	6000000006727696531
Q6291715	6000000011438121221
Q6291742	4031709629310040720
Q6291825	6000000112983304317
Q6291838	6000000026355412080
Q6291903	4237770674560047979
Q6291924	6000000003409002657
Q6291938	6000000054081431023
Q6291954	6000000008318145278
Q6292028	6000000025983333642
Q62920536	6000000010268081613
Q6292111	6000000003104067700
Q6292150	6000000080463294970
Q629216	6000000011715059350
Q62922281	6000000082917369871
Q62922481	6000000077983496136
Q6292272	6000000017719988258
Q62922983	6000000014948250812
Q62922983	6000000039437720340
Q6292326	6000000081914212110
Q62923562	6000000039437643422
Q629237	6000000068447708843
Q62923855	6000000041328245714
Q62923996	6000000041328179510
Q6292431	6000000001091989839
Q62925102	6000000083671749895
Q62925473	6000000025357598013
Q6292551	6000000027342555466
Q6292588	6000000011278320117
Q6292597	6000000012381309632
Q62926	6000000011560390598
Q6292611	6000000104542630864
Q6292614	6000000016028015748
Q6292719	6000000112751098845
Q62927560	6000000014620178367
Q6292807	6000000086669238868
Q629285	378222128390011308
Q6292921	6000000042360454314
Q6292985	6000000157605035886
Q62930	6000000049441023977
Q629304	6000000100110798822
Q6293075	6000000020802081234
Q6293114	6000000045882610345
Q62931960	6000000057572400824
Q6293202	6000000029049932560
Q6293213	6000000015081887191
Q6293220	6000000020733722528
Q6293233	6000000000556919127
Q6293240	6000000103189984837
Q6293248	6000000057431495138
Q6293260	6000000019299952895
Q62932657	6000000000224685690
Q629328	6000000135809260902
Q6293323	374042072120012237
Q6293349	6000000012075859631
Q6293362	6000000015835781062
Q6293434	6000000008780038975
Q62934345	883482
Q6293470	6000000015941492195
Q6293649	6000000010592850374
Q62937113	6000000007879128277
Q6293778	6000000008537633458
Q6293784	6000000001957262509
Q62938335	6000000001108681147
Q6293873	6000000008939827739
Q62938826	6000000092563363034
Q6294	6000000001961459395
Q62940315	6000000015687616021
Q6294038	6000000020866862428
Q6294054	380754901140006598
Q6294346	6000000177586732892
Q6294383	6000000016013218199
Q62944315	6000000023949788382
Q6294438	6000000095648726910
Q62944559	6000000023954133255
Q6294601	6000000049385031915
Q62949	6000000154012697895
Q629500	6000000115041006854
Q62952	6000000002970261910
Q62953616	6000000031877675521
Q62953698	6000000003721841433
Q62954	6000000006727800342
Q629554	6000000026684797563
Q62959277	6000000175139440990
Q62965	6000000008210840408
Q62966	6000000173757037970
Q62966855	6000000066845652868
Q629702	6000000069245186106
Q62971234	6000000082244555850
Q6297199	6000000015483508176
Q6297220	6000000020096300658
Q6297259	6000000004189287401
Q629726	6000000005049589063
Q6297380	6000000052353015921
Q6297401	6000000178923963842
Q6297411	6000000009920839316
Q629746	6000000015711539154
Q6297498	6000000003932666432
Q62975	6000000046207329794
Q6297503	6000000023041414755
Q6297515	6000000087658856837
Q62975984	4118511218580081710
Q62977	6000000049389437058
Q629784	6000000031798937042
Q6298030	6000000172341487968
Q6298058	6000000024891517381
Q6298186	6000000111141057846
Q62982	4751066780450080341
Q6298358	6000000148858227885
Q6298461	6000000003487901393
Q62985504	6000000037555431402
Q6298574	6000000006605382113
Q6298772	6000000156395333959
Q62988180	6000000009860812072
Q6298858	6000000006132953071
Q6298896	6000000069590076982
Q62989	6000000019308916738
Q6298941	6000000000420808992
Q6298943	6000000034760022342
Q62992	6000000100552907834
Q62992443	6000000020382687601
Q62993899	6000000025753485853
Q62994	6000000008113867200
Q62995853	6000000051613449147
Q62996	6000000005599214945
Q629961	6000000003345926246
Q6299664	6000000009781876907
Q6299782	6000000001653361422
Q62997846	6000000016184753238
Q6299828	6000000092115636935
Q62998777	6000000076749471093
Q6299957	6000000008613986359
Q63000	6000000002159471272
Q6300118	6000000077251756947
Q6300135	6000000000595957831
Q63001365	6000000007223401033
Q6300176	6000000146992716750
Q63002884	6000000016188419476
Q63003144	6000000069584030841
Q63003324	6000000020674284775
Q6300387	6000000007251610243
Q63003876	6000000034191189925
Q63003988	6000000096056749869
Q63004031	6000000076672583966
Q63004052	6000000082242324623
Q63004229	6000000031439367134
Q63004621	6000000013105376526
Q6300647	6000000000150621773
Q6300739	6000000051452095901
Q63010074	6000000007936450524
Q630116	6000000017755380992
Q6301250	6000000021969679875
Q6301364	6000000012042263080
Q6301383	6000000024079901467
Q6301388	6000000002978845753
Q63014	6000000000307247125
Q6301470	6000000000907540783
Q6301550	6000000015334214740
Q63016	6000000002188412255
Q6301718	6000000032206871832
Q6301812	6000000177495719862
Q6301888	6000000000527442938
Q6301913	6000000002017407378
Q6302002	6000000011343386493
Q6302042	6000000053003480207
Q6302054	6000000031344346963
Q6302076	6000000010616408698
Q6302161	6000000000961693947
Q63022739	6000000028794640043
Q63023	6000000025771698585
Q63024	6000000011026081298
Q63025	6000000031578826844
Q63025704	6000000013451870523
Q63025863	6000000006795270841
Q63026002	6000000019381902282
Q63026002	6000000189484130822
Q63026017	6000000086346288833
Q63026270	6000000003519147797
Q6302630	6000000025001940891
Q63027797	6000000014981296895
Q63028187	6000000003712013388
Q63028205	6000000011706829353
Q63028223	6000000011711901492
Q6302824	6000000067522796870
Q63028240	6000000003711942500
Q63028240	6000000036956718887
Q63028269	6000000006602145072
Q630283	6000000002971041990
Q63028689	6000000072915164884
Q63029073	6000000023186394987
Q63029103	6000000083068750312
Q63029103	6000000177211364855
Q63029127	6000000083067964625
Q63029132	6000000083068247581
Q63029141	6000000083068801292
Q63029141	6000000177210954884
Q63029224	6000000016022597183
Q63029318	6000000011517163192
Q63029331	6000000011517260938
Q63029339	6000000169345122836
Q63029351	6000000169342895521
Q63030	6000000000142121867
Q63030998	6000000035086503189
Q63032	6000000025467766216
Q6303208	6000000012255286640
Q63032197	6000000027409524666
Q63032258	6000000027435368102
Q63032546	6000000009375550427
Q63032707	6000000015905663461
Q63032711	6000000035236225755
Q63032790	6000000005393671151
Q63032797	6000000005393550836
Q6303310	6000000021859732926
Q63033322	6000000009101227669
Q63033396	6000000006713880741
Q63033444	6000000014947862071
Q63033502	6000000008996792721
Q6303353	6000000002602147481
Q6303376	6000000016766429366
Q63033788	6000000012579914688
Q6303453	6000000005963131465
Q6303501	6000000001644568228
Q6303513	6000000021439271128
Q6303531	6000000078160573031
Q6303553	6000000026628854992
Q6303696	6000000002501791186
Q63037	6000000016698377754
Q630371	6000000001185675279
Q6303725	6000000030821160688
Q6303758	6000000007418417929
Q6303886	6000000016174963059
Q63038991	6000000010516136503
Q63039104	6000000010791036520
Q63039503	6000000010790907141
Q63040371	6000000025002208031
Q63040651	6000000000149009611
Q630412	6000000008670271177
Q630413	6000000017359916072
Q63041675	6000000013798030895
Q63042	6000000005599219053
Q630424	6000000006828765091
Q63042585	6000000028649632053
Q63042799	6000000009430496577
Q63042942	6000000029320637740
Q63043	6000000035503978942
Q6304304	6000000002611371187
Q630439	6000000026299043290
Q6304425	6000000039139843038
Q63044441	6000000032718956243
Q6304541	6000000017289222976
Q63045627	6000000016804830584
Q6304587	4142183980070052940
Q630470	6000000141059523031
Q63048078	6000000007510331133
Q63049007	6000000019561747461
Q63049257	6000000019485362230
Q6304957	6000000040608493340
Q630504	6000000007351820231
Q6305076	6000000006952992928
Q63051	6000000017370294487
Q6305142	6000000049022439949
Q6305174	6000000031655282574
Q630519	6000000145515646996
Q6305233	6000000175744073821
Q63053	6000000024682162970
Q63055531	6000000178272675823
Q6305651	6000000173396072287
Q63057	6000000001573869044
Q6305726	6000000015459816222
Q6305730	6000000018930745203
Q6305765	6000000016143384218
Q6305772	6000000020921003312
Q6305784	6000000002418067594
Q63057929	6000000019277328081
Q63058057	6000000037811636259
Q6305852	6000000012871118749
Q6305897	6000000011212401079
Q63060	6000000012941149418
Q6306007	6000000143839808953
Q6306066	6000000120130537894
Q630611	6000000019922963015
Q63061468	6000000002910614526
Q6306182	6000000044769330912
Q63061841	6000000056327670837
Q63061880	6000000000368737507
Q6306244	6000000055524474321
Q6306280	6000000071687858858
Q6306290	6000000206243390852
Q6306298	6000000071690901428
Q6306317	6000000030147186570
Q6306335	6000000041008190058
Q630635	6000000015704326868
Q63063593	6000000006245429117
Q6306366	6000000008398270745
Q6306440	6000000026187441190
Q630646	6000000003999770543
Q63064737	6000000018465511328
Q6306521	6000000002870170751
Q6306549	6000000013429425794
Q6306557	6000000014980915634
Q6306561	6000000017848514454
Q63065666	6000000043688156916
Q6306601	6000000002173042545
Q6306645	6000000002696600838
Q6306806	6000000002426253299
Q6306924	6000000002803191328
Q6306935	6000000015212937061
Q63069597	6000000173525566904
Q63069605	6000000003150728724
Q63069623	4318501548080054941
Q63069624	6000000004403968069
Q63069629	6000000104665072860
Q63069630	6000000151333742830
Q63069698	6000000082736080938
Q63069709	6000000152737341912
Q63069715	6000000040907821834
Q63069720	6000000035155486953
Q63069725	6000000025307302934
Q63069740	6000000004404039994
Q63069742	6000000011403567123
Q63069749	6000000040907587556
Q63069754	6000000001879860783
Q63069755	6000000042494187331
Q63069758	6000000042518631864
Q63069768	6000000152670927857
Q63069781	6000000152664630877
Q63069789	6000000100771762093
Q63069791	6000000184849556905
Q63069792	6000000152655523823
Q63069796	6000000004404092260
Q63069803	6000000092691210839
Q63069804	6000000034476355237
Q6306988	6000000018238585768
Q6306998	6000000035707938982
Q63070	6000000004368161695
Q6307013	6000000029121426811
Q6307037	6000000019078869131
Q6307066	6000000019907678140
Q6307107	6000000131262102404
Q6307135	6000000023991973856
Q6307137	6000000013486107502
Q6307142	6000000002831290086
Q6307175	6000000016915882648
Q6307214	6000000019901782710
Q6307232	6000000032701349508
Q6307264	6000000012859816683
Q6307364	6000000015665401972
Q630738	6000000079569121250
Q6307399	6000000014384234868
Q63074029	6000000121663156029
Q6307423	6000000174012164054
Q6307479	6000000119382714845
Q6307523	6000000000233458554
Q63075264	6000000039725499795
Q6307536	6000000140316124841
Q6307574	6000000008538946127
Q630758	6000000181514916829
Q6307581	6000000019994703623
Q63075871	6000000138710557846
Q63076	6000000005599219969
Q6307634	6000000070660274887
Q6307756	6000000027269453641
Q63078	6000000028062806182
Q63079986	6000000025031973469
Q6308013	6000000073060672198
Q6308043	6000000016398089145
Q63080431	6000000132341819839
Q6308230	6000000040314869495
Q6308334	6000000015672046887
Q6308442	6000000028407222680
Q63084766	6000000003151912028
Q63084816	6000000013083320082
Q6308583	6000000142037974124
Q6308593	6000000017503110048
Q63086	6000000003309886676
Q63086179	6000000189502241849
Q63087979	6000000016046909588
Q6308811	6000000017089715172
Q63088611	6000000000470146551
Q63088890	6000000011241259440
Q6308895	6000000121375753911
Q63089608	6000000176649440039
Q63089647	6000000001460592175
Q6308981	6000000001567443416
Q6309015	6000000094466732875
Q6309045	6000000007162165343
Q6309131	6000000007656354349
Q63092058	6000000019819854268
Q6309270	6000000081885063827
Q63093	6000000002074469310
Q63093232	6000000070568685391
Q63093238	6000000122637842387
Q63093285	6000000177169418844
Q63093319	6000000148602786005
Q63093327	6000000082738832589
Q63093328	6000000042578135710
Q63093480	6000000176649097822
Q63093545	6000000173820390893
Q63093659	6000000054390817914
Q63093810	6000000135276450257
Q63095	6000000002281434244
Q630962	387916531710005755
Q6309621	6000000007774085849
Q6309621	6000000193839867857
Q6309641	6000000010037140761
Q6309654	6000000167886821834
Q630966	6000000000042868103
Q6309702	6000000087534686236
Q6309725	6000000003061727692
Q6309729	6000000008209808303
Q6309737	6000000015732814180
Q6309782	6000000001753229717
Q6309790	6000000017296369392
Q63098045	4642031
Q6309812	6000000027774450286
Q630982	6000000024102461972
Q63098261	6000000001687989223
Q63098335	6000000046123555603
Q63098382	6000000021333246120
Q6309841	6000000021690926946
Q63098504	6000000072169210995
Q63098567	6000000000954713773
Q63098626	6000000127634583834
Q6309880	6000000035661551844
Q63098853	6000000003501764781
Q63098880	6000000013050532652
Q6309912	6000000044335346201
Q6309936	6000000074447485897
Q63099418	6000000020381395893
Q6309956	6000000073968462079
Q6309992	6000000026545755812
Q6310006	6000000018116038031
Q63100431	6000000017698621551
Q63100453	6000000041765704824
Q631006	6000000014044837877
Q6310068	6000000066380089242
Q6310088	6000000025779828943
Q6310101	6000000024668048642
Q63101172	6000000074186768991
Q6310135	6000000041973600189
Q6310137	6000000002820711553
Q6310153	6000000036209071021
Q6310168	6000000036063530079
Q6310171	6000000001563102736
Q6310225	6000000029850960945
Q6310229	6000000079602009846
Q6310234	6000000008496650596
Q6310240	6000000026779099955
Q63102557	6000000019584805317
Q63102562	6000000019584310572
Q6310275	5025561607070076931
Q63102887	6000000031050918670
Q63103	6000000040308838926
Q63106	6000000014401088081
Q63106439	6000000002955206119
Q63107174	6000000044240781535
Q63107408	6000000076838390575
Q63107555	6000000179237679827
Q63108	6000000095365193909
Q63108350	6000000019057540285
Q63108491	371106741620011963
Q63110939	6000000018446302371
Q63111	6000000026692769057
Q63111253	6000000025727724141
Q63112049	6000000062563562345
Q63112067	6000000061288181928
Q63115314	4805012670380125095
Q631154	6000000176924022885
Q631177	6000000012802101970
Q63118598	6000000042040011233
Q63119272	6000000021885149652
Q63119349	6000000024386733954
Q631195	6000000014129752939
Q63119630	6000000000792368240
Q63119759	6000000011324229254
Q63119775	6000000004836925488
Q63121362	6000000011186390505
Q63121739	6000000092795209159
Q63121742	6000000015582136160
Q63122075	6000000177607315825
Q6312212	6000000110569875880
Q6312214	6000000023701226477
Q6312236	6000000031570571049
Q6312280	6000000013441856313
Q631233	6000000030752647355
Q6312333	6000000012811802676
Q63124053	6000000037597354899
Q63124057	6000000006127899941
Q63124065	6000000061267700618
Q63124083	6000000016035308200
Q63124681	6000000141013470857
Q63124716	6000000045915566415
Q63124792	6000000003469811127
Q631248	6000000010023907848
Q63125038	6000000015113255173
Q63125794	6000000032075370757
Q63126308	6000000038149257125
Q63126366	6000000041165350143
Q63127453	6000000043356062209
Q63127624	6000000043355941454
Q631304	6000000137999093945
Q63133691	6000000016299799602
Q63133732	6000000003370223707
Q63133785	6000000018407088729
Q63136635	6000000042981928875
Q631369	6000000075941526879
Q6313741	6000000003681550205
Q6313743	6000000174197955705
Q63138	6000000008019303897
Q63138562	6000000084647293268
Q6313957	6000000002111460431
Q63139690	6000000011491656627
Q63140	6000000081971375860
Q631416	6000000012826990343
Q6314318	6000000039382390701
Q63143368	6000000006888966068
Q63145058	6000000091023383829
Q6314528	6000000176161677848
Q63145508	6000000014714832773
Q63146255	6000000008484702447
Q63146261	6000000008484702437
Q63147	6000000029577034965
Q6314809	6000000033946426460
Q63148928	6000000031976872834
Q631496	6000000180249359830
Q63151339	6000000041588006125
Q6315255	6000000053025920922
Q6315276	6000000010502089999
Q6315290	6000000019833205141
Q6315297	6000000007606890500
Q63153900	6000000083199346080
Q63154926	6000000010207544424
Q63155313	6000000100142723945
Q63155341	6000000182345701896
Q63155350	6000000050506753023
Q63155391	6000000009046133000
Q63155498	6000000015655933742
Q63155632	4992951788930070182
Q63155740	6000000038991372076
Q63155770	6000000007321915500
Q63155854	6000000069885431527
Q63156157	6000000011157776457
Q63156185	6000000001877470225
Q63156287	6000000053276746040
Q63156376	6000000007745196151
Q63156744	6000000019564846414
Q63156883	6000000025173768912
Q63156922	6000000084344070413
Q63156931	6000000078440256867
Q63156935	6000000016299519895
Q63157058	6000000020943938643
Q63157112	6000000018579939535
Q63157132	6000000031235736923
Q63157213	6000000027858258262
Q63157251	6000000014666896624
Q63157617	6000000010798823994
Q63157798	6000000001443557106
Q63157890	6000000060767285968
Q63157981	6000000000766563135
Q63158	5483883812210121184
Q63158051	6000000028977106005
Q63158055	6000000017639866186
Q63158273	6000000009560476313
Q63158296	6000000013685701298
Q63158361	6000000047392659109
Q63158362	6000000047394409953
Q63158499	6000000013910542524
Q63158867	6000000013041710512
Q63158926	6000000031808535472
Q63159	6000000035430978928
Q63159032	6000000002266497082
Q63159087	6000000049225814841
Q63159167	6000000205027855840
Q63159171	6000000205027809838
Q63159173	6000000026937487926
Q63159377	6000000013682145201
Q63159395	6000000002115947664
Q63159562	6000000002447381617
Q63159689	6000000132853806821
Q63160028	6000000011382716602
Q63160973	6000000005250204996
Q63160981	6000000011649460517
Q63161118	6000000181866977825
Q63161326	6000000020932906547
Q6316164	6000000021731272207
Q63161648	6000000021485403928
Q63161765	6000000055614500942
Q63162071	6000000052160570324
Q63162086	6000000091359091095
Q63162505	6000000045106158839
Q63162540	6000000025861928457
Q63162689	6000000077599543085
Q63162691	6000000000688622610
Q63162824	6000000102321411827
Q63163032	6000000027274140336
Q63163040	6000000013373002687
Q63163106	6000000084085596104
Q63163157	6000000024772077054
Q63163220	6000000015144992988
Q631633	6000000145230415859
Q63163357	6000000016059954340
Q63163360	6000000034674282787
Q63164020	6000000092560858264
Q63164132	6000000002116009661
Q63164224	6000000222692081863
Q631651	6000000027967786901
Q63165731	6000000040788462373
Q63167276	6000000037019200194
Q63167276	6000000053597259821
Q63167325	6000000012955237041
Q63167518	6000000178680018886
Q63167518	6000000222418008828
Q63167535	6000000020368040140
Q63167571	6000000020368178804
Q63167605	6000000021418452424
Q63167737	6000000070099672821
Q63167799	6000000028264613610
Q63167819	6000000019919838027
Q63167855	6000000021417338756
Q63167859	6000000021418772048
Q63167876	6000000003589525232
Q63167883	6000000037175355120
Q63167951	6000000210469308829
Q63168025	6000000021288034894
Q63168041	6000000021287560495
Q63168082	6000000014984342388
Q63168096	6000000014877540218
Q63168101	6000000014984207896
Q63168110	6000000014877121982
Q63168115	6000000222390053893
Q63168283	6000000010770484554
Q63168301	6000000016363471951
Q63168335	6000000021515890373
Q63168794	6000000012954523357
Q63168879	6000000014169133564
Q63168938	6000000002001527067
Q6316947	6000000121844090112
Q63170144	6000000007411204364
Q63170165	6000000002580479458
Q63170236	6000000038831436592
Q63170254	6000000041386624128
Q63170381	6000000003986990952
Q63170423	6000000022347644319
Q63170683	6000000017192462179
Q63171269	6000000181929304836
Q6317591	6000000047508936325
Q6317591	6000000191625027876
Q63176	6000000077944309622
Q63176406	6000000023188824617
Q6317756	6000000003186112413
Q6317931	5139553490130104141
Q63179508	6000000010563368668
Q63180362	4877802340280057230
Q6318075	6000000049615667907
Q63183	6000000181046468888
Q631831	6000000080470602865
Q63183534	6000000001734052044
Q63183564	6000000002043193448
Q6318376	6000000055757820914
Q63183793	6000000044272132657
Q63183938	6000000024240400304
Q6318394	6000000026998110051
Q6318424	6000000004689122896
Q63184342	6000000006602122036
Q63184379	6000000020678780179
Q6318452	6000000025184730253
Q63184543	6000000018948201176
Q63184543	6000000053549242525
Q63184554	6000000016749863989
Q63184556	6000000021332853181
Q63184556	6000000024757976953
Q63184562	6000000018948092344
Q63184562	6000000053550135858
Q63184580	6000000002618369748
Q63184593	6000000009708825238
Q63184609	6000000014072762238
Q63184633	6000000065190697827
Q63184639	6000000003523661916
Q63184670	6000000021967256940
Q63184722	6000000041692541953
Q63184832	6000000022347696154
Q63185033	6000000015006611390
Q63185511	6000000002115149738
Q6318553	6000000019907682509
Q63185536	6000000044272640231
Q63185721	6000000012862520511
Q6318630	6000000014024842718
Q6318631	6000000014121681237
Q63187	6000000035148853373
Q631884	6000000022615544816
Q6318898	6000000114026682093
Q63189	6000000026980255494
Q63190	6000000016432559459
Q63191602	6000000031928871913
Q63192748	6000000008272665042
Q63193392	6000000008444091200
Q63193598	6000000016498937830
Q63193810	6000000078090730954
Q63194936	6000000024669179557
Q63195	6000000057013568380
Q63196624	6000000006601467233
Q63196658	6000000096299399889
Q63196696	6000000026727342189
Q63196804	6000000006559119001
Q63197085	6000000065070533846
Q63197200	6000000023856266487
Q63197634	6000000014194498155
Q63197668	6000000014777519624
Q63197681	6000000041693416972
Q6319769	6000000167600467974
Q63197765	6000000112267474297
Q63197774	6000000038092390886
Q63197789	6000000114209242821
Q63197795	6000000018946020887
Q63197798	6000000016751202419
Q63197804	6000000043660126143
Q63197936	6000000099802192008
Q63197945	6000000203147214832
Q63198003	6000000019495461286
Q6319804	6000000180058265866
Q63198052	6000000000426691228
Q63198411	6000000043442580210
Q6319842	6000000002874132388
Q63198568	6000000139686151071
Q63199264	6000000015151341627
Q63199268	6000000015151339453
Q63199269	6000000090935666822
Q63199297	6000000032120331605
Q63199301	6000000039322114116
Q63199302	6000000039322082019
Q63199303	6000000014067080113
Q63199303	6000000032120989012
Q63199304	6000000032120914200
Q63199305	6000000032120932037
Q63199308	6000000032120911019
Q63199313	6000000090935666830
Q63199316	6000000090935666826
Q63199317	6000000090934228042
Q63199321	6000000020182023637
Q63201	6000000052841628831
Q6320411	6000000022420196342
Q6320440	6000000023086739083
Q6320451	6000000016142007293
Q632046	6000000079360738972
Q6320460	6000000140035689959
Q6320467	6000000139178157825
Q6320478	6000000177564465851
Q6320482	6000000026116590307
Q6320538	6000000002717659745
Q6320543	6000000015995321487
Q6320565	6000000088570760821
Q6320568	6000000009374304440
Q6320572	6000000141385615930
Q6320574	6000000002452679460
Q6320597	6000000015091530774
Q6320599	6000000112513696890
Q6320603	6000000024419066897
Q6320653	6000000090010556922
Q6320663	6000000111044035968
Q6320693	6000000020627524736
Q6320699	6000000018012260356
Q632079	6000000010080371769
Q6320792	6000000002111470172
Q6320794	6000000002717569559
Q63208544	6000000106264919833
Q63209587	6000000064041728822
Q63210142	6000000015691292044
Q6321064	6000000076522705861
Q63211713	6000000002889527906
Q6321181	6000000016514862120
Q6321226	6000000132478220839
Q63212900	6000000040937523679
Q63212993	6000000025154933924
Q63213115	6000000014192289095
Q63213450	6000000006830171023
Q63213531	6000000041695915717
Q63213624	6000000022314473647
Q63213770	6000000010789390453
Q63213906	6000000006777964140
Q63214006	6000000078166476002
Q63214110	5606877421840103249
Q63214145	6000000003681572212
Q63214291	6000000000074454085
Q63214296	6000000000296773324
Q63214303	6000000003174305784
Q63214399	6000000020812689732
Q6321442	6000000008151874375
Q6321445	6000000025468132883
Q6321448	6000000003846922632
Q6321462	6000000008725001146
Q6321474	6000000002516093752
Q6321476	6000000009362553439
Q63214770	6000000019811139797
Q63214878	6000000015585187007
Q6321489	6000000005940137003
Q63214890	6000000033171607019
Q63214910	6000000031635346961
Q6321505	6000000012391407029
Q6321538	6000000014289023027
Q6321542	6000000014794139673
Q6321584	6000000011943423477
Q6321600	6000000007074865264
Q6321613	6000000020037293446
Q632163	6000000039942017804
Q6321637	6000000021162110008
Q6321727	6000000039379848853
Q63218464	6000000050406305856
Q63218669	6000000013371467708
Q63219	6000000179538046894
Q63219472	6000000009176596656
Q6321970	6000000005622489477
Q6321972	6000000007882577399
Q6321977	6000000007785353109
Q6322004	6000000154792891862
Q6322093	6000000041471887254
Q63221304	6000000013539237318
Q63221414	6000000014898210430
Q63221537	6000000014898370334
Q632219	6000000011604959386
Q63223657	6000000014898110555
Q63223768	6000000023852539867
Q63224862	6000000013539247829
Q63225060	6000000016501023456
Q63225068	6000000025386143094
Q63225122	6000000029385963628
Q63226141	6000000036079441677
Q63226251	6000000041689720714
Q632263	6000000008717886816
Q63226335	6000000013115562293
Q63226445	6000000019791335161
Q63226465	6000000001368825770
Q63226670	6000000026981850608
Q63226771	6000000035068141648
Q63226773	6000000021785892274
Q63226775	6000000024500411650
Q63226776	6000000038916673801
Q63226777	6000000019342071406
Q63226778	6000000038917167182
Q63226782	6000000038364537010
Q63226788	6000000017717399843
Q63226965	6000000021272708291
Q63226966	6000000021272978355
Q63226967	6000000007758147239
Q63226968	6000000040338417720
Q63226970	6000000021272708301
Q63227109	6000000003569649969
Q63227110	6000000003569749294
Q63227111	6000000013405703134
Q63227113	6000000054014756043
Q63227377	6000000019433696338
Q63227380	6000000028879250920
Q63227382	6000000026435968821
Q63227604	6000000072708215626
Q63227606	6000000028955192972
Q63227863	6000000015711930664
Q63228360	6000000022231079265
Q63229928	6000000025543484978
Q63229954	6000000007070961657
Q63229962	6000000005006485433
Q63229966	310281579760008254
Q63229996	6000000014094881436
Q63230355	6000000011565278520
Q632334	6000000013598362444
Q6323362	6000000008771316803
Q63236598	6000000002188477199
Q63238	6000000021417104892
Q6323916	6000000175918335850
Q63241204	6000000069631922848
Q63241594	6000000005768111711
Q63241663	6000000083255179657
Q63241747	6000000069954706057
Q63241763	6000000053963455223
Q63242107	6000000008378207769
Q63242307	6000000024640233930
Q63242481	6000000082397228261
Q63242517	3096772
Q63243013	6000000032753375982
Q63243028	6000000004977774677
Q63243144	6000000011171708739
Q63243156	6000000009522087533
Q63243387	6000000016501576098
Q63243483	6000000034807065017
Q63243635	6000000014211405265
Q63244	6000000078132549113
Q63244003	4837562160850035996
Q63244289	6000000026270159035
Q63244874	6000000007879077422
Q63245072	6000000090259582169
Q63245085	6000000090259839990
Q63245253	6000000009915272917
Q63245452	6000000007132106535
Q63245464	6000000048489101989
Q63245635	6000000005441081814
Q63245789	6000000002437328673
Q63245974	6000000031026451580
Q63246	6000000003243210279
Q63246115	6000000017316171161
Q63246248	6000000014888142995
Q63246386	6000000020882329545
Q63246456	6000000003815197805
Q63246517	6000000016567050572
Q63246557	6000000090318250002
Q63246567	6000000090318738576
Q63246615	6000000090322056958
Q63246640	6000000090318293467
Q63246653	6000000090322483929
Q63246663	6000000090322749973
Q63246677	6000000090318426831
Q63246689	6000000024893462821
Q63246799	6000000012410325199
Q63247704	6000000069212498850
Q63247796	6000000006444063255
Q63248026	6000000003938725007
Q63248106	6000000010424208029
Q63248333	6000000006777831626
Q63248341	6000000001180342832
Q63249213	6000000172459578193
Q63249262	6000000010599676487
Q63251500	4804995672550125074
Q63251603	6000000090320478005
Q63251744	4804994301730068540
Q63251975	4805000939220068615
Q63253731	6000000000393706252
Q63253747	6000000043000094060
Q63253756	6000000038749254881
Q63253916	6000000007803196971
Q63253919	6000000040347115562
Q63254181	6000000012859813075
Q63254204	6000000012860182494
Q63254237	6000000041803259702
Q63254267	6000000024999125813
Q63254272	6000000024998694485
Q63254305	6000000024998434492
Q63254320	6000000023501640621
Q63254325	6000000024999563129
Q63254343	6000000011627040650
Q63254355	6000000011626987867
Q63254388	6000000024999313058
Q63254486	6000000183513616826
Q63254540	6000000020989508325
Q63254558	6000000020989479929
Q63254578	6000000020989548314
Q63255363	6000000016526373627
Q63255394	6000000020960190206
Q63255676	6000000018856984212
Q63255748	6000000008678223507
Q63255824	6000000003753310700
Q63255990	6000000006918426408
Q63256031	6000000016248735132
Q63256069	6000000023262523826
Q63256069	6000000023262529125
Q63256224	6000000024962521349
Q63256387	6000000025970768540
Q63256577	6000000080809054976
Q63257851	6000000017667446695
Q63257999	6000000011661019418
Q63258058	6000000002986318212
Q63258089	6000000042208061704
Q63258121	6000000023501993424
Q63258143	6000000002825325013
Q63258146	6000000018409617130
Q63258155	6000000011707363894
Q63258223	6000000188781936897
Q63258244	6000000013090808005
Q63258292	6000000025610416302
Q63258344	6000000001384880289
Q63258426	6000000086685666983
Q63258451	6000000022641740270
Q632591	6000000009904420521
Q63259132	6000000048005589158
Q6326026	6000000027793226161
Q63261	6000000000307250056
Q6326206	6000000017199113409
Q63265	6000000019203589581
Q63265769	6000000016189309936
Q6326640	6000000035284272831
Q63269332	6000000085454796943
Q63269958	6000000034700990657
Q6327124	6000000001934304946
Q632714	6000000080186871983
Q6327151	6000000010462338418
Q6327264	6000000006128046588
Q63274829	6000000157893407900
Q63275452	6000000002459653510
Q632765	6000000075502732952
Q6327733	6000000058413402833
Q632812	6000000009803721820
Q63281996	6000000024538994854
Q63282091	6000000081317664976
Q632825	6000000038026022866
Q6328264	6000000031175773201
Q63283113	6000000020446614097
Q63283603	6000000129364446924
Q63283792	6000000168134569005
Q63284	6000000031801834292
Q63284349	6000000031045702507
Q63284580	6000000007725651678
Q63284584	6000000005597557825
Q6328534	6000000019706306980
Q63285807	6000000177690021855
Q63285826	6000000013407416771
Q632884	6000000179541709828
Q63291716	6000000013200110159
Q63292127	6000000020501760491
Q63292260	6000000062547632913
Q6329296	6000000026589274340
Q63293236	6000000140302546153
Q63293554	6000000020463030998
Q63294405	6000000158307734884
Q6329512	6000000021437796099
Q63295281	6000000039791589266
Q63296587	6000000008230016108
Q63298992	6000000032542487909
Q6329939	6000000076802399104
Q633	6000000056381754053
Q6330080	342032974900007076
Q63301561	6000000011503513787
Q63301592	6000000012832987224
Q63301609	6000000005440902430
Q63301633	6000000025114225237
Q63301831	6000000017143795883
Q63301889	6000000000284276320
Q63301951	6000000013188520362
Q63301979	6000000006425003034
Q63302043	6000000009571978108
Q63302051	6000000180568057830
Q63302058	6000000156419536821
Q63302062	6000000042717102534
Q63302076	6000000008549668748
Q63302116	6000000026365930821
Q63302169	6000000007758358315
Q63302186	6000000013908569243
Q63302211	6000000076856208895
Q63302217	6000000007095148324
Q63302280	6000000082516607985
Q63302308	6000000017424671601
Q63302826	6000000000610215251
Q63304671	5165111623560131130
Q633055	6000000023103271826
Q63305956	6000000028754063267
Q63306	6000000175973728892
Q63306407	6000000016283926731
Q633065	6000000006207310212
Q63306678	6000000014892713646
Q63306873	6000000016725007220
Q633069	6000000003108244773
Q63307122	6000000005440875767
Q63307335	6000000012391302765
Q63307458	6000000009522325696
Q63307490	6000000016008579349
Q63307632	317021172790008403
Q63307721	6000000067957844944
Q63308222	6000000033237617181
Q633084	6000000019758988028
Q63308465	6000000020275692852
Q633098	6000000002477485814
Q633113	6000000003146984974
Q63312305	6000000040561785799
Q633128	6000000000500430534
Q63313096	6000000005839849006
Q63313267	6000000007862401375
Q63314264	6000000036395669475
Q633144	6000000001944734847
Q633149	6000000003232538566
Q6331507	6000000078569354478
Q63315321	6000000003177746181
Q6331587	6000000039731062802
Q633159	6000000019320069190
Q633167	6000000009298551005
Q633168	6000000004670606623
Q633169	6000000019470162010
Q6331764	6000000091252280876
Q633180	6000000040076428060
Q633184	6000000038408852883
Q6331972	6000000040190187535
Q63320	6000000092715334222
Q633206	6000000027382182775
Q633209	6000000122506414869
Q633222	6000000045779755143
Q63323144	6000000084051106278
Q63323179	6000000005440818452
Q63323201	6000000008889865140
Q63323211	6000000019059686107
Q63323248	6000000020317058621
Q63323491	6000000010868146189
Q63323507	6000000010884935964
Q63323524	6000000024772493966
Q63323622	6000000079245095684
Q63323622	6000000092329166887
Q63323688	6000000020810933704
Q63323734	6000000011273850128
Q633241	6000000004829384811
Q633248	6000000014538646119
Q63325220	6000000034204960936
Q63325612	6000000096083440907
Q63326	6000000131689164851
Q633263	6000000010607406135
Q63326406	6000000026810456488
Q63326722	6000000016009749205
Q63326880	6000000057101268834
Q63327193	6000000005663298001
Q63327278	6000000017062620737
Q6332756	5311884210970077057
Q63327600	6000000015262010744
Q63328248	6000000045164711851
Q63328830	6000000007980739664
Q63329673	6000000006869009387
Q63329934	6000000064391860049
Q63330417	6000000015129088339
Q63330426	6000000003381469102
Q6333149	6000000012126149455
Q6333166	6000000007949665568
Q6333190	6000000016949849877
Q63332029	6000000035028288958
Q63332376	6000000015423592428
Q6333335	6000000028392948680
Q633335	6000000028248593220
Q633338	6000000014584348974
Q633354	6000000001843182613
Q633356	6000000013640976565
Q63336	6000000180182087858
Q633367	6000000099160740891
Q63338	6000000084692306651
Q633396	6000000003216110037
Q63341292	6000000007617108487
Q63341331	6000000096324973145
Q63341514	6000000048003167883
Q63341695	6000000005100121011
Q63341738	6000000025837188966
Q63341771	6000000013269422893
Q63342109	6000000015159415752
Q63342126	6000000015159765201
Q63342345	6000000016501128948
Q63342914	6000000023781176061
Q6334303	6000000006605397030
Q63343224	3458487
Q63343492	6000000145052731719
Q63343532	6000000075610708062
Q63343700	6000000018650537507
Q63343705	6000000083718125881
Q63343874	6000000020576452830
Q63344	6000000037628178888
Q63344292	6000000014927073844
Q63344319	6000000018856729829
Q63345400	6000000075653038869
Q63346106	6000000088275159857
Q63346392	6000000011422116552
Q63346650	6000000016252069080
Q63346918	6000000134935536889
Q63347276	6000000011138469749
Q63347394	6000000178921642857
Q63347947	6000000024616322371
Q63348293	6000000040338556605
Q63348526	6000000098401338851
Q63348763	6000000102793747024
Q63349101	6000000047052432189
Q63349172	6000000021224157525
Q63349342	6000000012343668428
Q63349653	6000000007052706893
Q6335003	6000000179806507827
Q63350461	6000000133239764821
Q63350748	6000000024503413396
Q63351579	6000000010310109216
Q63352685	6000000143340602992
Q6335559	6000000078009084988
Q63356063	6000000075850595925
Q6335631	6000000111248849863
Q633577	6000000019267621334
Q63358971	6000000032018824410
Q63359943	6000000019731324240
Q6336122	6000000178074834865
Q63363444	6000000010964709249
Q63366429	6000000173673490483
Q63367117	6000000026684342189
Q63367318	6000000002284992660
Q63367551	6000000006348665210
Q63368355	6000000015643520844
Q6337195	6000000008231554309
Q633721	6000000143231379347
Q63373117	6000000067239444150
Q63373362	6000000027430443608
Q63373362	6000000076917696903
Q63375334	6000000008597513917
Q63375495	6000000009005821409
Q63375495	6000000079549258542
Q63377570	6000000013143438604
Q63379080	6000000031319893952
Q63379166	6000000007044969506
Q63380	6000000013723236219
Q63380091	6000000145514193160
Q63380093	6000000158092948879
Q63381148	6000000016058405180
Q63381312	6000000123475940989
Q6338167	6000000060738865835
Q6338196	6000000012600075971
Q63384118	6000000002799102350
Q63384127	6000000005737211895
Q63384576	6000000176129566829
Q63384840	6000000006736758404
Q63384927	6000000000985214229
Q63386031	5443941686380107005
Q63386623	6000000030566024958
Q63386867	6000000090061469163
Q63386902	6000000012417480124
Q633887	6000000016212479326
Q63391521	6000000095872414953
Q633916	6000000063126026119
Q6339160	6000000051099927959
Q63392420	6000000155015234160
Q633931	6000000016396853174
Q63395	6000000041293307231
Q63396805	6000000069565619521
Q63396806	6000000155802340956
Q6339786	6000000078620425966
Q633991	6000000014584412366
Q6339959	6000000019981192063
Q634020	6000000035186222164
Q634047	6000000010582032423
Q63405919	6000000009729153663
Q63405957	6000000010310303810
Q63406	6000000007514015324
Q63406608	6000000119714928250
Q63406737	6000000033376899999
Q634072	6000000008116196389
Q634073	6000000176250030833
Q634100	6000000014846393374
Q634101	6000000024755727616
Q63410434	6000000015654246270
Q63411	6000000023437971864
Q63413	6000000182964302874
Q63413080	6000000001434916250
Q63413089	6000000004593300293
Q63413145	6000000058426439097
Q6341318	6000000006127607614
Q63413343	6000000013320015352
Q63413686	6000000011227683643
Q634174	6000000019795767226
Q63422080	6000000007725755310
Q63423935	6000000022968414861
Q63427686	6000000023781565147
Q63427849	6000000021854409564
Q63428	6000000042825986487
Q6342932	6000000007348356246
Q63430705	6000000022565448071
Q63430767	6000000017192438287
Q63431380	6000000010792449153
Q63432	6000000018646397843
Q63432000	5440144635030020007
Q63432697	6000000003282625941
Q634328	6000000157502382824
Q63433394	6000000016434034715
Q63434106	6000000017210307375
Q63434257	390306650740007554
Q63434319	6000000004087351732
Q63434324	6000000021693462917
Q63434352	6000000072758095821
Q63434674	6000000002173288123
Q6343476	6000000004957326689
Q634348	6000000017944057110
Q6343492	6000000006882462785
Q63435042	6000000000435826444
Q6343509	6000000019596269114
Q6343514	6000000024775917163
Q6343516	6000000007168977664
Q6343530	6000000057181870831
Q63435527	6000000057468567920
Q6343553	6000000000127025137
Q63435929	6000000020744022890
Q63435985	6000000003147038086
Q6343614	6000000085406490920
Q6343634	6000000003427469305
Q63436350	6000000017488415129
Q63436476	5107009395690044298
Q6343649	6000000048359108821
Q63436711	6000000013690335774
Q63436918	6000000100184190857
Q63437952	6000000016820068305
Q6343830	6000000004845156180
Q63438397	5080951331820105026
Q634391	6000000042061931407
Q63439566	6000000032527948897
Q63439677	6000000032525941411
Q63439936	6000000048624067828
Q63440171	6000000065852238922
Q63440959	6000000059485176834
Q63441788	6000000010048746273
Q63441885	6000000062172463227
Q63449695	6000000127625697821
Q63450384	6000000011429069695
Q63451	6000000015264223065
Q634517	6000000182008711877
Q63453023	6000000002302009791
Q63453727	6000000007271966454
Q63454103	6000000017585361783
Q634543	6000000025610744972
Q63455829	6000000009646082235
Q634564	6000000013443142670
Q63456697	6000000013589829646
Q63456796	6000000011064129835
Q63456805	6000000011065191941
Q63456839	6000000181563516821
Q63456921	6000000016500473573
Q63456949	6000000030802678785
Q63457061	6000000028671189749
Q63461353	6000000044412964850
Q63462253	6000000015634396107
Q634623	6000000181627911830
Q634634	6000000181931879832
Q63464868	6000000006414628034
Q63468095	6000000004096105594
Q63470	6000000010712186045
Q63471686	6000000006595580092
Q6347378	4876918231500046766
Q6347399	6000000009508468943
Q6347415	6000000008633836126
Q6347437	6000000174340831936
Q63475867	6000000167380126896
Q63477	6000000032247020194
Q63477559	6000000160200875828
Q634776	6000000021795526094
Q63479	6000000010341100695
Q634797	6000000015433383308
Q63479778	6000000041995697293
Q63479856	6000000002647551297
Q6348023	6000000075960349082
Q63480599	6000000003340699147
Q6348252	6000000008217994321
Q6348259	6000000007463475710
Q6348326	6000000016343826337
Q63484	6000000031499119480
Q63485364	6000000007014414331
Q63485384	6000000030047115608
Q63485417	6000000092950796823
Q63485418	6000000076872637849
Q63485518	6000000061910232888
Q63485555	6000000089735793822
Q63485594	6000000040388328147
Q63485607	6000000179334406848
Q63485647	6000000177058186830
Q63485700	6000000140778554854
Q63485763	6000000022255639139
Q63485777	6000000082009328077
Q63485801	6000000058188545821
Q63485867	6000000095881528848
Q63486147	6000000006127141938
Q63486150	6000000071242676952
Q63487558	6000000007463058414
Q63487566	6000000009935339732
Q63487634	6000000011671323252
Q6348816	6000000089125413976
Q63489228	6000000008661499947
Q63489245	6000000027854187068
Q6348925	6000000141952590125
Q63489477	6000000077603520585
Q63490617	6000000015626899886
Q63491176	6000000006616892006
Q634931	6000000018193344743
Q63493970	6000000184323616825
Q63494	6000000002188615943
Q63497084	6000000077417729326
Q6349724	6000000038401719023
Q63498918	6000000011311597715
Q63500	6000000008710474257
Q635003	6000000140998470866
Q635015	6000000033244436167
Q635015	6000000038237214350
Q63502508	6000000044120249928
Q63505	6000000022454784176
Q6350592	6000000006412961893
Q6350592	6000000083698555954
Q6350598	6000000002881821438
Q63507	6000000003806567031
Q63509	6000000019251108168
Q63512426	358166075540013915
Q63513102	6000000013456977103
Q635145	6000000012675175313
Q635154	6000000015132565216
Q635159	6000000025455747688
Q63516362	6000000184633404867
Q63517	6000000037181636817
Q63518581	6000000016011660821
Q63519706	6000000019759287237
Q635246	6000000046185399866
Q63527315	6000000042754216220
Q63529817	6000000094913372164
Q6353083	6000000002881665596
Q635315	6000000000293367254
Q63532625	6000000018179909706
Q635353	6000000016213688130
Q6353625	6000000132857836954
Q6353634	6000000066677301902
Q6353651	6000000063641042915
Q63537317	6000000037234417002
Q63539178	6000000012701324009
Q63539660	6000000010522481735
Q6354007	6000000010682875702
Q6354078	6000000007086677584
Q63541319	6000000068800848821
Q63541901	6000000013100688231
Q63541994	6000000068800884378
Q6354218	6000000048248790138
Q6354222	6000000010290664639
Q63542279	6000000013009546864
Q63542345	6000000011634527735
Q63542573	6000000011635245834
Q63543027	6000000017275571441
Q63548	6000000021612272793
Q635489	6000000003853749899
Q6354982	6000000026296148907
Q6355038	6000000132248881957
Q6355100	6000000009947072444
Q635520	6000000007240404580
Q63552525	6000000003080226274
Q63556	6000000013743186866
Q63558	6000000035137970489
Q63558078	6000000007417029602
Q635581	6000000141079714983
Q63558765	6000000113523778991
Q63560	330762873170007755
Q635604	6000000037140324832
Q63561887	6000000007416748723
Q63562625	6000000005058077205
Q63565427	6000000079104990433
Q63566499	6000000020111534115
Q635681	6000000146232258174
Q63569	6000000180794606920
Q6357079	6000000003199480474
Q635716	6000000007329533121
Q63573	6000000023699600268
Q6357362	6000000079868164969
Q63575	6000000000307252502
Q635773	6000000017064196751
Q635786	6000000006366195901
Q63585670	6000000018848559016
Q63586508	6000000003513749488
Q63586671	6000000007954385383
Q63591557	6000000177330934859
Q63593	6000000002188425999
Q63596	6000000019696463807
Q63597	6000000007329600413
Q635974	6000000175207072722
Q6359877	6000000015777432616
Q63599013	6000000030946069203
Q63600162	6000000011434412084
Q63603	4284798184440034609
Q63605	6000000002188436370
Q63608214	6000000183407598821
Q63609	6000000001194774331
Q6360957	6000000205949677856
Q63610746	6000000002813192175
Q63611	6000000009792449617
Q63611019	6000000002813192454
Q63612	6000000008510291623
Q6361321	6000000183276446821
Q636142	6000000042267529220
Q63615	5527816238510061078
Q63615178	6000000000637330870
Q63615211	6000000000501756759
Q63615796	6000000004118066625
Q63615800	6000000002765880264
Q63616330	6000000000537812431
Q63616730	6000000000985314482
Q63617342	6000000024225873847
Q63621741	6000000003512180360
Q63624246	6000000044973484927
Q63624246	6000000197449892862
Q636255	6000000036159509360
Q63629263	6000000016440894605
Q63630	6000000142276332948
Q636311	6000000007522200742
Q63632	6000000004289179363
Q636323	6000000039199522023
Q63634835	6000000023272786624
Q636357	373256913030012922
Q63637258	6000000021133684166
Q63637440	6000000010072794579
Q63637440	6000000017998310229
Q63637615	6000000164139404825
Q636380	6000000024438285149
Q6363864	6000000028741703851
Q63639	6000000011171680530
Q636426	6000000020678242807
Q63643	6000000040896268247
Q63644461	6000000002447472876
Q63645294	6000000025619826234
Q63645303	6000000021531829615
Q63645306	6000000016908071544
Q63645333	6000000051897485620
Q63649	6000000001390233175
Q63653	6000000008379292586
Q63653923	6000000024266999209
Q63656	6000000007037127397
Q63658347	6000000006404049402
Q6366254	6000000193490973824
Q636630	6000000078999015864
Q636631	297815802060003639
Q636637	6000000066281104936
Q636680	6000000012004888208
Q636688	6000000011327839560
Q636727	6000000014285056759
Q63672768	6000000012881380870
Q63672859	6000000148151103824
Q63672861	6000000150839414839
Q63672862	6000000037333736227
Q63672866	6000000085331982915
Q63672869	6000000019256870069
Q63672877	6000000011809246065
Q63672883	6000000082962516869
Q63672891	6000000039137810162
Q63672891	6000000039137898990
Q63672891	6000000148077435821
Q63672898	6000000085377760913
Q63672903	6000000212956102829
Q63672908	6000000024970160522
Q63672929	6000000148239940824
Q63672937	6000000148171753833
Q63672940	6000000048574977030
Q63672942	6000000006604180467
Q63672952	6000000025307822567
Q63672954	6000000025308459144
Q63672955	6000000023888464964
Q63672957	6000000055734012864
Q63672963	6000000044521144955
Q63672977	6000000184549324904
Q636733	6000000027569276197
Q63676210	6000000019373239826
Q63676405	6000000000619383272
Q63676437	6000000052654174887
Q63676446	6000000052673202847
Q63676624	6000000022704223327
Q63676678	6000000009776610569
Q63677054	6000000007416643086
Q63677232	6000000007416643092
Q63677544	6000000075973191428
Q63679	6000000001366671070
Q63681243	6000000083296435286
Q63681305	6000000137667849830
Q63681321	6000000011421330057
Q63681364	6000000033942399821
Q63681445	6000000002802236333
Q63683110	6000000003886020321
Q63683385	6000000043577333265
Q63683487	6000000182062834839
Q63683558	6000000095083788855
Q63686954	6000000003397931977
Q636886	6000000006853273126
Q636890	6000000041365890943
Q6369103	4695253205200089663
Q636923	6000000025818666060
Q6369305	6000000037326749446
Q6369310	6000000179823346951
Q6369341	6000000140282076826
Q6369361	6000000081961730267
Q6369367	6000000077290923874
Q636941	6000000029850937354
Q6369437	6000000072440216902
Q6369454	6000000007800213669
Q63695	6000000032192150504
Q6369571	6000000092465104907
Q6369717	6000000011541446242
Q636983	6000000006420158426
Q63699	6000000038495293619
Q6369969	6000000110417645826
Q6370094	6000000002012998447
Q637012	4501312073790059339
Q6370170	6000000003627869190
Q6370173	6000000020504380521
Q63702	6000000076403294870
Q63703907	6000000084451022059
Q6370402	6000000002874026750
Q6370417	6000000003779039338
Q63704225	6000000085075181153
Q637057	6000000015968826617
Q63708	6000000015872008159
Q6370834	6000000021937886418
Q63709	6000000030802922046
Q6370924	6000000058323922920
Q6370930	6000000225365904833
Q63709712	6000000005288609008
Q63711454	6000000117992221007
Q63711611	6000000077148733087
Q6371368	6000000016252016609
Q6371378	6000000016315976565
Q6371430	6000000171785770841
Q63714382	6000000017090415564
Q63715	6000000092855072927
Q6371551	6000000008239299103
Q63715732	6000000008994817369
Q6371583	6000000006589256293
Q63715864	6000000177525876821
Q6371648	6000000070203608042
Q6371674	6000000079466931014
Q6371738	6000000013488563504
Q637176	6000000031260325423
Q6371767	6000000000766156974
Q6371800	6000000082440638396
Q63718735	6000000086496982881
Q6371901	6000000011511052545
Q6371943	6000000011013937214
Q6371950	6000000113746310160
Q6372006	6000000010451125972
Q6372060	6000000039784885301
Q6372081	6000000175727554275
Q6372107	6000000021476435393
Q637213	6000000022820773976
Q63721330	6000000000695271650
Q637214	6000000009985649009
Q6372142	6000000002663007335
Q6372157	6000000009118160308
Q6372202	6000000012470255623
Q6372220	6000000005441407476
Q6372250	6000000011872725908
Q6372255	6000000019571409735
Q6372283	6000000084484534047
Q6372285	6000000033949945852
Q6372317	6000000011250886691
Q6372342	6000000001040801172
Q6372356	6000000024322937336
Q6372368	6000000009735933837
Q6372374	6000000174804344615
Q6372423	6000000095678874834
Q63724576	6000000003146904845
Q6372484	6000000181054468821
Q63724882	6000000000435727458
Q6372522	6000000032424705354
Q6372530	6000000034719135623
Q63725312	6000000020011447402
Q63727449	6000000034966604924
Q63728	6000000002764440181
Q6373030	6000000087408163155
Q6373041	6000000015383856334
Q637305	6000000209540089873
Q637306	6000000054707641291
Q6373068	6000000167080875965
Q6373079	6000000003273391834
Q63731	6000000185345435956
Q6373177	6000000002841943656
Q6373358	6000000047025818106
Q637353	6000000058473722124
Q637374	6000000019149854822
Q637377	6000000014558848029
Q637391	6000000017626575537
Q637407	6000000075430063855
Q637424	6000000076522180825
Q63744577	6000000009912486993
Q637459	6000000001504225293
Q637485	5172189472940074630
Q6374850	6000000005617018077
Q63749435	6000000156878972864
Q63750107	6000000166659029072
Q6375057	6000000192514426922
Q63751115	6000000022878646364
Q6375196	6000000003094681406
Q6375201	6000000014190806344
Q6375206	6000000002028254767
Q6375207	6000000001398893512
Q6375212	6000000003588855585
Q6375220	6000000001380352607
Q6375225	6000000001380066133
Q6375357	6000000008550508361
Q6375399	6000000049603515031
Q6375412	6000000011776947133
Q6375425	6000000014940011236
Q6375433	6000000172593003096
Q6375484	6000000027421367983
Q6375494	6000000015046341964
Q6375575	6000000007735982298
Q6375592	6000000035870650417
Q63755975	6000000178286167903
Q63756035	6000000007442622075
Q6375618	6000000084020785304
Q6375631	6000000015580522388
Q6375655	6000000102569836947
Q6375672	6000000014441115105
Q6375743	6000000177122805834
Q6375807	6000000015669070741
Q6375826	6000000031135282850
Q6375844	6000000032353394386
Q63758702	6000000037811834948
Q63758836	6000000001435452583
Q63758967	6000000156764095891
Q63759123	6000000007098862338
Q63759191	6000000038099913991
Q63759243	6000000020840865969
Q63759606	6000000094769897847
Q6375978	6000000180286992833
Q63761057	6000000180533965824
Q63761269	6000000072424924199
Q63761398	6000000151484001907
Q6376152	6000000007298188146
Q6376171	6000000082830330249
Q6376181	6000000013292532984
Q6376186	6000000007329593296
Q6376189	6000000028666172895
Q63762	6000000015934493783
Q6376210	6000000030845018032
Q6376211	6000000009944820567
Q6376213	6000000000193229495
Q6376216	6000000015669466121
Q63762177	6000000184048481838
Q6376234	6000000008630255020
Q6376235	6000000002624923701
Q6376247	6000000004202152120
Q63762591	6000000178962291876
Q63762604	6000000017309413424
Q63762871	6000000171063491875
Q63762872	6000000008286701445
Q63762903	6000000181185404824
Q6376323	6000000008317161459
Q6376330	6000000043305816393
Q6376366	6000000003681572061
Q6376371	6000000006999641185
Q6376387	6000000005760187457
Q63763917	6000000024351331123
Q6376410	6000000082795333075
Q6376444	6000000017567482619
Q6376486	330865314470002631
Q6376505	6000000006885089283
Q6376571	6000000045927028123
Q6376578	6000000026972180892
Q6376583	6000000007606458254
Q63766	6000000019071587610
Q6376615	6000000030394561806
Q637662	6000000015708368769
Q6376715	6000000056497494965
Q6376736	6000000000307265617
Q6376798	6000000025357658297
Q6376827	6000000047693949141
Q6376862	6000000011060277275
Q6376868	6000000008129238825
Q6376887	6000000042195734282
Q63769259	6000000014703989757
Q6376995	6000000191724219871
Q63770	6000000113739570969
Q6377015	6000000177273780901
Q6377023	6000000143317487021
Q637730	6000000000003385030
Q637733	6000000001906690481
Q6377395	6000000015466763373
Q63775	6000000006251305613
Q6377516	6000000213076483822
Q6377526	6000000035344946356
Q6377982	6000000040616865947
Q63786	6000000016371905798
Q6378678	6000000083751031856
Q6378726	6000000153027963851
Q6378727	6000000088659153198
Q6378728	6000000087571920978
Q6378731	6000000055357798821
Q63787781	6000000093399365047
Q63790036	6000000037850059424
Q63790061	6000000071455864385
Q63790085	6000000019355161971
Q637904	6000000063223265153
Q63791376	6000000001632647030
Q637949	6000000002696532364
Q63795282	6000000003937961366
Q63796565	288508584370004543
Q6379676	6000000000185621183
Q63797073	6000000077668403867
Q6379759	6000000010059547382
Q63798191	6000000016696861305
Q63798371	6000000017600613612
Q63799033	6000000033802405591
Q63799137	6000000021696593087
Q63799593	6000000024875235414
Q63801309	6000000005746282160
Q6380198	6000000014310758149
Q638020	6000000009786971518
Q63802235	6000000019195538241
Q6380287	5662301520920026182
Q6380526	6000000017231122948
Q63805766	6000000175391635844
Q63806412	6000000175665790959
Q63806478	6000000000307240778
Q63806730	6000000006928564279
Q63807117	6000000030385075029
Q63807439	6000000062774988836
Q63808583	6000000006455170227
Q63809010	6000000033871808355
Q63809011	6000000019195297755
Q63809018	6000000021476445206
Q63809036	6000000037836936125
Q63809097	6000000017826859485
Q63809124	6000000007811270021
Q63810213	6000000142886797905
Q6381155	6000000183809113854
Q6381162	6000000040945377840
Q6381183	6000000043806610922
Q6381195	6000000002355352332
Q6381205	6000000023250691846
Q6381216	6000000181819856885
Q6381220	6000000011632563721
Q6381231	6000000076449365888
Q6381239	6000000037717304077
Q6381245	6000000023110335548
Q63813	6000000002188604469
Q638146	6000000024975838118
Q6381598	6000000041177585158
Q6381625	6000000011150732819
Q6381629	6000000078706927010
Q6381828	6000000076962170040
Q638183	6000000179975547872
Q6381943	6000000000443248943
Q63819623	6000000012959876933
Q63819699	6000000016894128847
Q63820	6000000003405497395
Q6382113	6000000090753499558
Q6382115	6000000016739233297
Q6382115	6000000057961808035
Q6382117	6000000008312552267
Q6382117	6000000088793618826
Q6382137	6000000009182815491
Q6382362	6000000008312444415
Q6382364	6000000008312142195
Q63823815	6000000001371858784
Q63823815	6000000084221340115
Q6382384	6000000048662962893
Q6382460	6000000095081530914
Q63825902	6000000019252639679
Q63826	6000000028985756688
Q63826596	6000000011673667679
Q6382662	6000000010546467343
Q6382665	6000000006915262116
Q63826684	6000000007426641850
Q63826909	6000000000321067399
Q6382703	6000000096499352822
Q638320	6000000000469354513
Q63833	6000000014674790798
Q6383540	6000000011228867612
Q6383573	6000000037087812051
Q638359	6000000008279392709
Q6383713	6000000022421079708
Q638391	6000000004052685405
Q6384006	6000000063840232868
Q638418	6000000013907215433
Q6384314	6000000022616701685
Q6384322	4067933
Q63844536	4535118849500051625
Q63845	6000000024210361883
Q6384543	6000000075302779132
Q63845490	6000000043662524019
Q63846	6000000041681667879
Q63846090	6000000021089253895
Q6384619	6000000015579329911
Q6384665	6000000061519123846
Q63847238	6000000057004618901
Q63847539	6000000078637478293
Q6385022	6000000179701976888
Q63850375	6000000000955359826
Q63850624	6000000017876458367
Q63850723	6000000017876509389
Q6385074	6000000010027353438
Q63852	6000000033621033461
Q63852063	6000000002413358060
Q63852496	6000000010338281058
Q63852512	6000000013986196764
Q6385335	6000000006102172968
Q6385384	6000000006914150166
Q6385385	6000000010290702545
Q6385386	6000000006913164565
Q6385397	6000000002069415552
Q6385397	6000000009946460859
Q6385568	6000000129046837087
Q638558	6000000018137940198
Q638558	6000000024048926574
Q63856066	6000000026607200061
Q63856929	6000000108421632834
Q63858616	6000000108510155041
Q638599	6000000009129141310
Q638599	6000000080834032500
Q63859953	6000000024958958938
Q63860144	6000000118594963302
Q63860283	6000000051081907834
Q6386036	6000000025104238791
Q63860403	6000000152651898005
Q6386132	6000000009544907160
Q63861431	6000000025527857088
Q63861435	6000000025780077879
Q63861465	6000000039224121710
Q63861504	6000000009804944855
Q638617	6000000081105087914
Q63862927	6000000023909983612
Q63863086	6000000023450317518
Q63863104	6000000063222367821
Q6386365	6000000049875930842
Q6386374	6000000173125694042
Q638655	6000000009129064432
Q638655	6000000191130352822
Q63866120	6000000006605857181
Q63866340	6000000000435800208
Q63866813	6000000019394706902
Q63866820	6000000019394770692
Q63867578	6000000016805055611
Q638678	6000000002188434178
Q6386825	329526614800006140
Q63868289	6000000080588884075
Q63869519	6000000145850786865
Q63869543	6000000026378779276
Q63869667	6000000002719380353
Q63869764	6000000098112134077
Q63869769	6000000002785344116
Q6386978	6000000005961890009
Q63869934	6000000175373018822
Q63869954	6000000175570996822
Q63870	6000000162064187855
Q63870069	6000000015311533335
Q6387033	6000000036032972866
Q63870963	6000000080534603478
Q63871164	6000000010462145671
Q63871183	6000000185631222991
Q63871274	6000000058934035968
Q63871427	6000000081357409188
Q63872052	6000000135757019876
Q63872485	6000000018115411158
Q6387257	6000000041294219831
Q6387376	6000000037566725645
Q638741	6000000019289146180
Q6387413	6000000029686543669
Q6387434	6000000041829589605
Q63874440	5228873584600063600
Q638747	6000000019805805306
Q6387502	6000000032579345362
Q63877366	6000000006908191457
Q6387818	6000000029308704585
Q63879	6000000014079666962
Q6387911	6000000064848490841
Q63879233	6000000174223581015
Q6388070	6000000132849063833
Q63880992	6000000048698763074
Q63881057	6000000079563044269
Q63882	6000000058025989293
Q638824	6000000003411622797
Q6388408	6000000009832258475
Q638843	4065144192790021039
Q6388440	6000000124695154822
Q6388712	6000000083588900979
Q638877	6000000140734909822
Q63889820	6000000000170110152
Q63890947	6000000025619414554
Q6389134	6000000003216071905
Q6389135	6000000025039777511
Q63891370	6000000014675441640
Q63891543	6000000037556973067
Q638925	6000000026939553427
Q6389272	6000000147694226828
Q638932	6000000035270367007
Q6389326	6000000182235335836
Q63893537	6000000023463845956
Q63895	6000000076163501072
Q63895402	6000000175613813826
Q638962	6000000002849241612
Q6389887	6000000048648609859
Q6389903	6000000175734387823
Q6389946	6000000000629594289
Q6389985	6000000103848410082
Q6390159	6000000021805724645
Q6390166	6000000067482630074
Q6390168	6000000075231076862
Q6390187	6000000010027931149
Q6390193	6000000006817659621
Q6390219	6000000002820212816
Q6390263	6000000016362553670
Q6390280	6000000014043707039
Q6390309	6000000027654757220
Q6390380	6000000026491739707
Q6390412	6000000023388304007
Q6390424	6000000002188489102
Q6390426	6000000016754840274
Q6390431	6000000012380251327
Q6390432	6000000018291975901
Q6390443	6000000050525030269
Q6390508	6000000019975805127
Q6390533	6000000152612224835
Q6390578	6000000175964070824
Q6390637	6000000056428098186
Q6390677	6000000153771636830
Q6390705	6000000004106249758
Q639076	6000000069645587844
Q63908107	6000000146208520837
Q6390824	6000000177771633851
Q6390855	6000000078037362270
Q6390933	6000000009046700379
Q639106	6000000019139830678
Q6391343	6000000033045836018
Q6391374	6000000063674266849
Q6391686	6000000059603318835
Q6391763	6000000172250284876
Q63919420	6000000033692010182
Q639231	6000000049930260930
Q63926	6000000182083874823
Q639267	6000000151450072964
Q63927190	4635587
Q639274	6000000014813019378
Q63927596	285712661840003213
Q63927749	6000000005551597491
Q63927798	6000000027343025282
Q63927886	6000000087209055849
Q63927911	6000000137663683840
Q63928	6000000035127188850
Q63928537	6000000054930253977
Q6392947	6000000046622243314
Q63929479	6000000011324254827
Q6392951	6000000057412664043
Q63930	6000000008258391410
Q63930002	6000000122562669025
Q63930065	6000000069588254972
Q6393017	6000000002881809008
Q63930535	6000000009308092686
Q63931026	6000000053027424144
Q63931092	6000000033527912976
Q63931092	6000000162034099242
Q63931752	6000000009308139967
Q639329	6000000014554710665
Q639347	6000000003729707900
Q63935660	6000000006970030188
Q63936	6000000028646632926
Q639372	6000000145369216859
Q63938939	6000000003216051004
Q639392	6000000008798183579
Q63939905	6000000020544717709
Q63943662	6000000009557872873
Q63944099	6000000034841114127
Q6394725	6000000149050099839
Q63948307	6000000018464015705
Q63949236	6000000025783946381
Q63949236	6000000102690127113
Q63949431	6000000018095311958
Q63952463	6000000175341423378
Q63952692	6000000027436008074
Q63953085	6000000155507078951
Q63953145	6000000194703223867
Q63953179	6000000016413508241
Q6395369	6000000018552216073
Q63955	6000000048109984457
Q63955780	6000000123433197000
Q6395631	4606520008970077011
Q6395734	6000000002588663665
Q63958259	6000000008519711467
Q63958682	6000000175668213822
Q63958762	6000000166463091905
Q63958855	6000000033159041470
Q63958946	6000000173861314831
Q63959015	6000000178961607837
Q63959097	6000000155809664838
Q63959331	6000000024616941940
Q63962494	4215096483350033709
Q63963258	6000000008249546872
Q6396355	6000000039679283665
Q63965196	6000000024821843022
Q63965208	6000000024821852088
Q63965369	6000000024975168877
Q63965380	6000000176316663829
Q63965389	6000000173757975808
Q63965587	6000000075625275830
Q6396561	6000000111835406144
Q6396563	6000000044272096840
Q63965731	6000000001959242304
Q63965814	6000000103181971846
Q63965854	6000000038091312843
Q63965887	6000000052241387919
Q639665	6000000042060313092
Q63967271	6000000008703220026
Q63967527	6000000144743587907
Q63967942	336011986760011747
Q63967949	6000000077914599050
Q6396810	4712590769730068696
Q63968264	6000000135024714000
Q63968274	6000000044228278243
Q63968307	6000000141825824830
Q63968648	6000000173772392695
Q6396874	6000000056429712869
Q63968780	6000000092580264843
Q6396911	6000000010922983497
Q63969118	6000000002435220866
Q63969199	6000000025847451703
Q63969354	6000000175485587822
Q639694	6000000007287168852
Q63969595	6000000016508198990
Q63969778	6000000025055379617
Q6396984	6000000048660535643
Q6396991	6000000041660920240
Q63970234	6000000163268700840
Q639706	6000000011023657503
Q6397147	6000000169301237829
Q63972	6000000181299228881
Q639725	6000000120182510833
Q6397255	6000000050517392828
Q63973123	6000000006258047040
Q63974289	6000000003410500359
Q63974345	6000000042735851258
Q63974524	6000000167104046841
Q6397491	6000000065131989873
Q63975109	6000000175665790823
Q63975123	6000000006589282542
Q63975318	6000000083707189955
Q63975433	6000000029697647724
Q63975439	6000000078556673096
Q63975591	6000000182946099856
Q6397636	6000000039897300322
Q6397653	6000000075147162348
Q6397660	6000000177909464835
Q639768	6000000026592460467
Q6397725	6000000047194692908
Q6397750	6000000042869633589
Q639778	6000000000917355282
Q63977818	6000000001634761563
Q6397820	6000000080006582928
Q63979258	6000000001562887489
Q63979596	6000000045347195990
Q63980795	6000000020759849620
Q63980828	6000000043558564122
Q63980949	6000000002188425470
Q63980995	6000000004579965652
Q63981745	6000000078778716829
Q63982913	6000000079146069495
Q63983	6000000026119665859
Q639832	6000000007277778539
Q63984	6000000011864352379
Q63985112	6000000076920429050
Q63985953	6000000117834162858
Q63986077	6000000004639120899
Q63986348	6000000002275045179
Q63987125	6000000029553977476
Q63990	6000000007036975767
Q63993474	6000000013093580622
Q63994019	6000000042351810595
Q63994096	6000000062489607901
Q639964	6000000012644851646
Q6399715	6000000012860471207
Q63997402	6000000088025331871
Q63999176	6000000030932185803
Q64001255	6000000029301466384
Q640028	6000000177462988887
Q64002825	6000000030920684249
Q64005086	6000000006169630282
Q64005549	6000000012841687437
Q64005747	6000000018300405388
Q64006067	292836408140005883
Q64006071	6000000013650523619
Q64006132	6000000007638343884
Q64006143	6000000021665511461
Q64006163	6000000007234218498
Q64006180	6000000115308876860
Q64006266	6000000041694708871
Q64006290	6000000015352065085
Q64006347	6000000041698504787
Q64006351	6000000067330715837
Q64006355	6000000041457445737
Q64006378	6000000173166825835
Q64006391	6000000014863760008
Q64006402	6000000019226953360
Q64006420	6000000041945106200
Q64006440	6000000005685704009
Q64006442	6000000015210618390
Q64006444	6000000081035129821
Q64006464	6000000039240969230
Q64006584	6000000177056320821
Q64006675	6000000010056313114
Q64007313	6000000003635312128
Q64007333	6000000015151495712
Q640076	6000000028047244331
Q64007725	6000000012955061690
Q64008418	6000000003175672932
Q64008593	6000000053192497878
Q64009025	6000000009912537648
Q640093	6000000013031824929
Q64009554	6000000038473495217
Q64009683	6000000000589546499
Q64011269	6000000007723393317
Q64012032	6000000002799125984
Q640122	6000000010312231518
Q64013257	6000000008971176566
Q64013455	3464561
Q64013462	6000000002443685450
Q64013559	6000000014151269664
Q64013560	6000000024450098016
Q64014063	6000000000211140862
Q64014063	6000000000632099025
Q64014063	6000000140299639877
Q64014090	6000000195672892826
Q64014340	6000000014119371742
Q64014388	6000000009857564729
Q64014600	6000000006444328565
Q64014732	6000000005607259926
Q64014763	6000000024450610979
Q64014970	6000000062564279041
Q64015047	6000000019093161029
Q64015424	6000000010328530350
Q64015506	6000000018396524779
Q64015507	6000000018396825250
Q64015508	6000000142035610904
Q64015509	6000000142034988167
Q64015510	6000000018396581414
Q64015511	6000000178862706841
Q64015515	6000000018396571182
Q640164	6000000178306921822
Q640167	6000000084656375846
Q64017835	6000000017166120734
Q64018	6000000069914514454
Q6401821	364570729610013587
Q6401821	6000000127920884917
Q64018328	6000000025821032377
Q6401909	6000000004869028996
Q64019185	6000000055357940092
Q64019300	6000000184279989832
Q64019462	6000000086011838170
Q64019796	6000000015837526637
Q64020078	6000000013875955246
Q64020574	6000000044084086947
Q64020581	5715141961950122033
Q64020582	6000000024361842984
Q64020907	6000000001329127127
Q64020918	6000000066555783015
Q64021	6000000012003815059
Q64021140	6000000003182051370
Q64021390	6000000061090540650
Q64021872	6000000001383010500
Q64023062	6000000044440087828
Q64023100	6000000133404560992
Q64023102	6000000015184421798
Q64023104	6000000024758300855
Q64023105	6000000015184594383
Q64023256	6000000012105500343
Q64023288	6000000015050685832
Q64023365	6000000014950323894
Q64023397	6000000014949515749
Q64023411	6000000014950530248
Q64023637	6000000003621241309
Q64023692	6000000002460307330
Q64024298	6000000040149846459
Q64024332	6000000011434884098
Q64024454	6000000006583083129
Q64024457	6000000018548719337
Q64024522	6000000006582899297
Q64024543	6000000002718281054
Q64024714	6000000017230136303
Q64024755	6000000020237257561
Q64024755	6000000114334907096
Q64024801	6000000002460340089
Q64024895	6000000003386455087
Q64024926	6000000003386312762
Q64024983	6000000036900609023
Q64025109	6000000017058245387
Q64025172	6000000005393401929
Q64025200	6000000084955805909
Q64025213	6000000084955803906
Q64025258	6000000084954097574
Q64025270	6000000020209832804
Q64025271	6000000090762123906
Q64025273	6000000221551929129
Q64025277	6000000084955293937
Q64025281	6000000020209249485
Q64025465	6000000183004738839
Q6402560	6000000002565896698
Q640259	6000000027254947109
Q64026233	6000000043285149843
Q64026304	6000000021807411584
Q64026336	6000000014947511396
Q64026351	6000000027741387085
Q64026353	6000000042843201238
Q64026357	6000000003515779615
Q64026376	6000000006706732763
Q64026403	6000000014947171750
Q64026406	6000000014947526392
Q64027369	6000000011475736133
Q64027377	6000000140909814821
Q64027451	6000000077642271933
Q64027475	6000000095380926825
Q64027481	6000000007632183913
Q64027811	6000000022645692977
Q640279	6000000140792717821
Q64029165	6000000087377003840
Q64029176	6000000039631157492
Q64029188	6000000039632693392
Q64029191	6000000015865016556
Q64029191	6000000039632765501
Q640292	6000000009341836064
Q64029201	6000000039633011993
Q64029211	6000000004379685722
Q64029213	6000000004379746900
Q64029221	6000000044357712443
Q64029232	6000000017749888797
Q64029233	6000000020523717835
Q64029285	6000000028221815579
Q64029409	6000000011243047286
Q64029497	6000000019742824976
Q64029509	6000000019742758352
Q64029554	6000000005255414753
Q64029604	6000000002188043110
Q64029780	6000000005266111001
Q64029793	6000000005266071015
Q64029997	6000000082940494981
Q64030036	6000000082939431798
Q64030195	6000000006642573178
Q64030267	6000000006643681075
Q64030295	6000000006630066138
Q64030557	6000000003691801633
Q64030636	6000000039038416360
Q64030636	6000000043659990192
Q64030637	6000000039038431238
Q64030637	6000000043659610689
Q64030675	6000000039228305378
Q64030677	6000000039267199428
Q64030677	6000000217789630882
Q64030677	6000000224022363985
Q64030704	6000000030838123024
Q64030731	6000000049092068929
Q64030732	6000000016750749312
Q64030763	6000000003691705822
Q64030764	6000000012977299654
Q64030773	6000000036953555336
Q64030818	6000000021332044659
Q64030818	6000000215231320833
Q64030864	6000000004380708492
Q64031190	6000000003519367732
Q64031445	6000000211186342823
Q64031559	6000000184323930835
Q64031578	6000000018467815611
Q64031587	6000000002117542984
Q64031594	6000000161419353908
Q64031643	6000000011470463576
Q64031652	6000000003075927080
Q64031656	6000000013135273347
Q64031660	6000000015918585015
Q64031679	386701555250012258
Q64031689	6000000018193312594
Q64031707	6000000004867686689
Q64031711	6000000008592091296
Q64032902	6000000209624855979
Q64033011	6000000018044290291
Q640338	6000000001533224058
Q6403413	6000000003453841426
Q64034619	6000000025645488617
Q64034627	6000000015354803773
Q64034694	6000000021525255771
Q64035964	6000000023622517961
Q64036069	6000000023622380985
Q640367	6000000012715737153
Q64038214	6000000023488858272
Q640405	6000000014416907017
Q640416	6000000120562552821
Q6404182	6000000010094817145
Q640420	6000000017629898590
Q6404476	6000000012288426443
Q6404656	6000000102436846829
Q64047	6000000013506733062
Q640475	6000000022966865684
Q64049	6000000018704920170
Q64051375	6000000022623036999
Q6405154	6000000127051520895
Q64051595	6000000038604865912
Q64052145	6000000210926117823
Q64052187	6000000210926036834
Q640543	6000000079650404971
Q64055	6000000175586659829
Q640581	6000000016844773137
Q640590	6000000000300258928
Q64060499	6000000059200055061
Q64060746	6000000023206133516
Q6406262	6000000027310017472
Q64063	6000000020387714481
Q6406633	6000000128689091032
Q64067269	6000000183007505842
Q64067277	6000000085592228837
Q64067284	6000000210919177837
Q64067296	6000000085591944840
Q64067296	6000000210925348821
Q64067301	6000000013229983313
Q64067306	6000000085678927191
Q64068849	6000000009766964493
Q6406895	6000000013076120520
Q64069859	6000000031785642672
Q64069980	6000000040324890728
Q64070573	6000000035915274565
Q64070577	6000000009978035763
Q64070578	6000000009978298223
Q64070583	6000000000357064351
Q64071015	6000000008159447404
Q640717	6000000156672386821
Q64076	6000000013925372786
Q64078584	6000000089261441011
Q64079	6000000024142280314
Q64082452	6000000005242300412
Q6408320	6000000151631666051
Q6408347	6000000020148507180
Q640835	6000000051086017857
Q640838	6000000035214480591
Q6408716	6000000042046089513
Q640879	6000000002253465789
Q64091515	6000000159377364833
Q640916	6000000136912108059
Q6409269	6000000050934601924
Q640929	6000000183562685850
Q6409312	6000000020164125743
Q64093766	6000000042998555149
Q64094	6000000062930474826
Q64095471	6000000053599387233
Q64096562	6000000042998725826
Q64097635	4661835
Q64098	6000000023996173598
Q640983	6000000026651078059
Q640991	6000000010876964455
Q6409915	6000000179641153835
Q64102	6000000001438869096
Q6410211	6000000013062095690
Q641022	6000000040391365647
Q641028	6000000022567061263
Q641035	6000000018001222191
Q641050	6000000068968236959
Q641102	6000000036054696108
Q64111090	6000000186272216834
Q641177	6000000182312010961
Q641242	6000000020339742089
Q6412708	6000000025377176082
Q64128	6000000025680758049
Q64132951	6000000011906428207
Q6413367	6000000001831226302
Q64135746	6000000042998713868
Q64136127	6000000216676424828
Q64136303	6000000216677190851
Q64136315	6000000216676570824
Q64136328	6000000216677127847
Q641367	6000000145371440997
Q64136766	6000000042998758821
Q64136852	6000000042998687954
Q64136869	6000000042998658093
Q64136900	6000000042998590121
Q64136949	6000000042998619119
Q64136983	6000000042998745977
Q64136994	6000000042998442311
Q64137004	6000000042998817821
Q64137101	6000000093424286843
Q64137101	6000000225425971854
Q64137117	6000000216651518849
Q64137150	6000000216651489824
Q64137169	6000000103508615901
Q64137298	6000000005393760494
Q64137321	6000000135513237325
Q64137518	6000000053598771025
Q64137544	6000000053598901022
Q64137593	6000000091387346958
Q64137874	6000000053598587238
Q64137913	6000000014121648677
Q64137943	6000000043771547405
Q64138272	6000000014121789057
Q64138280	6000000053599155220
Q64138286	6000000009107453410
Q64138355	6000000018768891127
Q64138420	6000000014017215169
Q64138425	6000000014121744241
Q64138428	6000000014110974294
Q64138445	6000000014110976325
Q64138621	6000000027948059632
Q64138711	6000000042733310086
Q64138794	6000000024335597911
Q64138912	6000000015722209065
Q64138913	6000000015722211129
Q64138934	6000000015722290073
Q64138935	6000000015722343015
Q64138936	6000000015722168165
Q64138941	6000000172386377491
Q64138946	6000000015722234059
Q64138949	6000000015722302037
Q64138981	6000000111100241095
Q64139018	6000000015387119746
Q64139021	6000000111045338831
Q64139058	6000000019135479064
Q64139076	6000000111045224935
Q64139080	6000000111045149038
Q64139081	6000000000394769364
Q64139108	6000000064935361943
Q64139133	6000000111045070051
Q64139135	6000000019134268882
Q64139139	6000000111045489933
Q64139183	6000000019135506034
Q64139249	6000000019135467113
Q64139263	6000000019135484157
Q64139274	6000000019134892759
Q64139463	6000000014017056292
Q64139590	6000000014017017459
Q64139742	6000000014017427010
Q64139826	6000000018991746027
Q64139856	6000000015721458896
Q64139930	6000000015721607372
Q64140013	6000000190459171253
Q64140097	6000000190459171249
Q64140138	6000000017115253979
Q64140292	6000000084989973014
Q64140301	6000000084983156850
Q64140310	6000000013925243554
Q64140326	6000000084989930027
Q64140327	6000000015354364806
Q64140386	6000000015353987716
Q64140423	6000000022723014340
Q64140455	6000000015354195753
Q64140459	6000000014961040532
Q64140468	6000000015354512075
Q64140794	6000000147693058519
Q64141346	6000000044382598011
Q6414177	6000000004047393927
Q6414193	6000000090631391879
Q64142	6000000025502887480
Q641425	6000000184199368823
Q64142521	6000000080579276926
Q6414592	6000000017260549961
Q64148677	6000000003769463283
Q64149137	6000000008259622738
Q64149613	6000000010960554143
Q64150	6000000018041647109
Q64150374	6000000026534562031
Q64151708	6000000012995930303
Q64152189	6000000014062285352
Q64152416	6000000003111981085
Q64152478	6000000026534112625
Q64152821	6000000018702952255
Q64153103	6000000176202187832
Q64153129	6000000000279124585
Q64153214	6000000012071848913
Q64153491	6000000033169635755
Q64153537	6000000072387425822
Q64153661	6000000013715622314
Q64154	6000000104894377954
Q6415499	6000000147748779929
Q64155010	6000000001180101780
Q6415540	6000000103285950878
Q6415543	6000000090241222821
Q64155979	6000000161897974834
Q641560	6000000019962324561
Q64156286	6000000001180101498
Q6415726	6000000042129408686
Q6415899	6000000000943616454
Q64159661	6000000173359655714
Q64160314	6000000022193140777
Q6416041	6000000179930139836
Q6416050	6000000003108601323
Q6416067	6000000058456275821
Q6416117	6000000028496885929
Q641612	6000000180525162824
Q6416161	6000000054133923890
Q64162	6000000057250755126
Q6416227	6000000177934042839
Q6416248	6000000114040446831
Q64164071	6000000037882359922
Q64164156	6000000019151409244
Q64166206	6000000013238657454
Q64166219	6000000009940268219
Q64166230	6000000028005549838
Q64166261	6000000024128077315
Q6416756	6000000076813056075
Q64167587	6000000025055802554
Q64167899	6000000002709000231
Q64168198	6000000059151481874
Q641686	6000000065444233918
Q64170491	6000000025014103040
Q641724	6000000012748386988
Q64173143	6000000052057393840
Q641736	6000000005229528553
Q64173802	6000000065899290938
Q64173814	6000000123231846377
Q64173895	6000000065899124987
Q64173930	6000000040651897281
Q64173952	6000000040652102037
Q64173990	6000000193660469843
Q64173993	6000000193660671836
Q64174008	6000000059118106965
Q64174201	6000000029718388130
Q64174218	6000000172891377220
Q64174477	6000000013072216538
Q64174493	6000000013072071832
Q64175956	6000000015213114248
Q64176050	6000000015642844395
Q64176147	6000000120489896833
Q64176149	6000000021324815178
Q64176164	6000000008259995959
Q64176189	6000000008259813139
Q64176207	6000000015354762375
Q64176207	6000000026178124684
Q64176211	6000000014109017793
Q64176357	6000000022201869927
Q64176422	6000000037722405001
Q64176479	6000000020376344839
Q641835	6000000010372987211
Q641850	6000000156514798883
Q6418533	6000000032435665184
Q6418554	6000000039147448347
Q6418617	6000000083543571127
Q64187	6000000135588503014
Q64188	6000000041329520837
Q64190	6000000006727855590
Q6419027	6000000178415853835
Q64193	6000000001504715146
Q6419307	6000000013115760213
Q6419312	6000000060781577262
Q6419321	6000000012402896032
Q6419335	6000000076745891109
Q6419365	6000000200691012844
Q6419385	6000000031138047047
Q64194	6000000001976574738
Q6419403	6000000031944469955
Q6419712	6000000182620351901
Q6419814	6000000006994290344
Q64198244	6000000121885832837
Q64198244	6000000210468409830
Q64198288	6000000210468380857
Q6419968	6000000011448327803
Q6419970	6000000013770542048
Q64199877	6000000022773291457
Q64199980	6000000023186175844
Q64200068	6000000038925958462
Q64200138	6000000038925816700
Q64200711	6000000022133997399
Q64201	6000000118593561846
Q6420304	6000000031581891003
Q64204	6000000005599214336
Q642041	6000000142413775088
Q6420471	6000000190454677093
Q6420477	6000000007379155383
Q6420482	6000000004147107288
Q642065	6000000020074097058
Q64207	6000000002459818207
Q642072	6000000077300684332
Q642090	6000000007452318759
Q64209094	6000000022686136140
Q64209262	6000000001462337532
Q64209338	6000000001462337571
Q64209599	6000000038924946078
Q64210785	6000000038143262004
Q64210797	6000000038143259977
Q64210802	6000000038143418357
Q64210803	6000000017736250315
Q64210959	6000000038926318979
Q64210968	6000000038925359762
Q64210969	6000000038925758462
Q64210972	6000000038924916009
Q64211132	6000000038015617254
Q6421115	6000000011194194443
Q64211654	6000000008439000526
Q64211705	6000000004338547529
Q64211734	6000000013169893608
Q64211739	6000000190449333831
Q64211742	6000000012313985685
Q64211750	4102803574530067112
Q64211755	6000000008260116218
Q64211839	6000000008260970288
Q6421184	6000000055142587821
Q64212241	6000000017946731805
Q64212388	6000000027079502527
Q64212434	6000000012047502168
Q64212452	6000000012056454159
Q64212453	6000000080086834282
Q64212597	6000000007418556981
Q64212840	6000000014882158539
Q64213039	6000000014882718867
Q64213906	6000000006972598480
Q64213938	6000000033739110968
Q642156	6000000021062200202
Q6421582	6000000016527140795
Q64216392	6000000024364040910
Q64216452	6000000011363435223
Q64216482	6000000011362783539
Q64217574	6000000037642922093
Q64218	6000000001977028302
Q64218934	6000000007025921371
Q64219006	6000000009849011500
Q642193	6000000103924450873
Q64220973	6000000115431658870
Q642219	6000000031048456104
Q64222	6000000003827455241
Q64223	6000000003628087450
Q64223405	6000000006738966648
Q64223514	6000000026165085389
Q64223559	6000000189484650823
Q64223560	6000000189484841838
Q64223658	346352929580013786
Q64223755	6000000065573549834
Q64223798	6000000025636713448
Q64224053	6000000020745097821
Q64224684	358277998110013876
Q64224693	358293209280011930
Q64224862	6000000007472182141
Q64224980	6000000008852537429
Q64225	6000000003243593042
Q64225367	6000000007499875563
Q64225378	6000000007500091229
Q64225976	6000000008851743249
Q64226328	6000000023172414827
Q642264	6000000023238221199
Q64226414	6000000034967759087
Q64226415	6000000042280026726
Q64226426	6000000034905207123
Q64228	6000000001563059145
Q64229816	6000000011243047286
Q64229865	6000000043820719065
Q64229916	6000000016749470854
Q64230191	6000000184553000822
Q64230461	6000000048706906949
Q64230810	6000000023341568414
Q64231107	6000000016092563639
Q64231107	6000000016093491394
Q64232418	6000000003526272689
Q64232548	6000000014058252422
Q6423311	6000000137126903954
Q64233127	6000000017226130149
Q64233496	6000000014569141484
Q642336	6000000025082057436
Q6423363	6000000000718389713
Q6423436	6000000032938025583
Q6423453	6000000027361501629
Q64234850	6000000016456609604
Q64234971	6000000016457667449
Q64235	6000000047686999931
Q64235109	6000000015346632611
Q64235885	6000000011422556193
Q64236033	6000000045744283574
Q64236033	6000000049988083831
Q64236100	6000000049984380848
Q64236100	6000000049987939876
Q64236237	6000000014981384143
Q64236237	6000000039914190583
Q64236445	6000000014059331182
Q64236639	6000000014058414649
Q64236827	6000000006707236093
Q64237005	6000000006713802686
Q642371	6000000002440922864
Q6423766	6000000018037635314
Q6423768	6000000017826586260
Q6423770	6000000009449006976
Q6423780	6000000003262466281
Q6423783	6000000036988388880
Q64238	6000000079241378509
Q642380	6000000004300492044
Q6423804	6000000003206015164
Q642382	6000000027014837574
Q6423876	6000000029407832899
Q6423879	6000000002637385506
Q6423886	6000000019347574334
Q6423902	6000000006327219719
Q6423929	6000000015354280774
Q6423943	6000000021575234369
Q6423944	6000000011458841151
Q6423949	6000000208317411840
Q6423978	6000000023340719786
Q6423987	6000000002834938559
Q6423996	6000000028974192104
Q6423998	6000000005014006430
Q6424004	6000000154879397847
Q642401	6000000014320050667
Q642403	6000000021214203914
Q64240607	6000000003391816060
Q64241530	6000000015385487035
Q64243	6000000003421224434
Q642430	6000000018029379722
Q642432	6000000002764531449
Q64244708	6000000011422554550
Q64245045	6000000193580003824
Q642451	6000000032151887427
Q64245119	6000000011422719413
Q642452	6000000017923372016
Q64245445	6000000011422306775
Q64245584	6000000016750164450
Q64246	6000000032092634388
Q64246498	6000000016749804646
Q64246498	6000000209567459822
Q64246880	6000000016750212167
Q64246951	6000000016749949954
Q64247157	6000000014980577088
Q64247356	6000000016750147492
Q64248852	6000000016750164457
Q6424999	6000000217933239823
Q642503	6000000015263264339
Q64250379	6000000014192970436
Q64250513	6000000121886176918
Q64253988	6000000024361664065
Q642556	6000000166010037822
Q64256222	6000000077990500872
Q64257	6000000014189232192
Q64257351	6000000014877434391
Q64257351	6000000016457645557
Q64257351	6000000193579841841
Q6425768	6000000032125179078
Q6425861	6000000028857417501
Q64260	6000000009709047389
Q642602	5261004273770138674
Q64262	6000000173467579192
Q64266	6000000009026872836
Q642674	6000000016885663908
Q64268	6000000025371541139
Q642680	6000000011004791948
Q64273677	6000000012301223950
Q642745	6000000047633232099
Q64275459	6000000040753291860
Q642793	6000000100415744074
Q642806	6000000100957109986
Q642809	6000000029717909777
Q642814	6000000140694781835
Q642827	6000000008873919247
Q64287805	6000000011422748340
Q64288018	6000000011422579547
Q64288097	6000000016457865277
Q64288190	6000000016457860151
Q64288363	6000000016457798475
Q64288463	6000000016457569962
Q6428883	6000000017708916838
Q6428923	6000000015776158996
Q64291	6000000057859046192
Q64294	6000000024611669346
Q642966	6000000184323219846
Q6429730	6000000015015673072
Q642976	6000000017906507543
Q6429760	6000000032723446379
Q6429778	6000000023270449183
Q6429863	6000000003887299731
Q6429865	6000000015594050151
Q6429869	6000000011401847767
Q6429951	6000000008527914242
Q6429960	6000000010422117243
Q6430005	6000000008256781474
Q643004	6000000008447858974
Q643004	6000000190046840259
Q64300553	6000000011422628749
Q643011	6000000137326596908
Q6430235	6000000011635520086
Q6430240	6000000034980421660
Q6430255	6000000015729537879
Q64305395	6000000032585993922
Q6430812	6000000015687644201
Q643106	6000000008529602286
Q6431168	6000000081798645328
Q643158	6000000018186113018
Q64317	6000000042558859450
Q64322	6000000041469953517
Q643237	6000000043111495202
Q643252	6000000069454911100
Q643262	6000000008798184796
Q643298	6000000002188601682
Q64331	6000000032055639310
Q64333	6000000006727823429
Q6433448	6000000014504100939
Q6433548	6000000038844285411
Q643364	6000000009151427339
Q64337080	6000000034812040891
Q64337104	6000000013233839872
Q64337108	6000000017588494502
Q6433735	6000000003681283300
Q64337794	6000000002188551764
Q64339284	6000000002188517992
Q64339371	6000000015799911437
Q64340526	6000000000533911423
Q64341	6000000032325509970
Q64346	6000000129618001842
Q643469	6000000019922901592
Q64347039	6000000008473806848
Q643472	6000000003444450146
Q643477	6000000037646219901
Q64348110	6000000113871106883
Q64348308	6000000001364088859
Q64349	6000000022782505401
Q64349066	6000000020681261521
Q64352427	6000000176976859881
Q643526	6000000013866257391
Q64354	6000000040219058969
Q64355164	6000000151287213822
Q64355237	6000000009507913907
Q64355337	6000000037581002253
Q64355393	6000000108401858822
Q64356	6000000180993204894
Q64358377	6000000016773581467
Q6435843	6000000026437002148
Q64358945	6000000017470931002
Q64361586	6000000007390592581
Q64361953	6000000006606046125
Q64362007	6000000180171240828
Q64362035	6000000150857747824
Q64362047	6000000026452582416
Q6436208	6000000014441475236
Q64362953	5615981436560048408
Q64362957	6000000074907881295
Q64364	6000000004131438648
Q643644	6000000051812265822
Q64364959	6000000014947675490
Q64365007	6000000086118405925
Q643652	6000000007497487266
Q64365458	6000000038091546162
Q64366667	6000000016597804895
Q64366756	6000000003526573834
Q64367848	6000000005394659450
Q64368053	6000000011810324732
Q64369194	6000000011711723448
Q64369353	6000000080106805871
Q64370064	6000000014058693454
Q6437103	6000000004535935304
Q6437211	6000000050327892841
Q64373677	6000000139407724020
Q64373751	6000000024838875066
Q64373835	6000000026779401449
Q64373840	6000000033962525998
Q64373845	6000000078247721112
Q6437416	6000000010497008545
Q64374282	6000000018182504973
Q64374395	6000000019087464403
Q64374425	6000000137355895124
Q64374443	6000000060322030651
Q64374512	6000000029718922431
Q64374578	6000000070499279823
Q643754	6000000002643398042
Q6437763	6000000015439839897
Q6437773	6000000019182454276
Q643778	6000000140473564037
Q6437882	6000000032248691249
Q6437900	6000000000112321674
Q6437903	6000000027688571046
Q6437904	6000000040374670924
Q6437905	6000000015459735153
Q6437917	6000000014959900854
Q6437921	6000000052991260931
Q6437927	6000000021340961665
Q6437953	6000000089764742906
Q6437960	6000000010113963445
Q6437984	6000000025095429832
Q6437998	6000000078280763397
Q6438003	6000000011634155868
Q6438065	6000000011044662480
Q64381	6000000089820513971
Q6438185	6000000076496590299
Q6438261	6000000074747691873
Q6438295	6000000003262667295
Q6438320	6000000007961330849
Q6438379	6000000037139361790
Q6438398	6000000066710984966
Q6438404	6000000007442176162
Q6438410	6000000059699811081
Q64384223	6000000173949110268
Q6438432	6000000014133664482
Q6438435	6000000006501422594
Q64387	6000000020651604384
Q64387635	6000000024153990434
Q64390949	6000000010599019667
Q6439744	6000000042886476209
Q64398230	6000000007397861199
Q6439827	6000000003588942294
Q6439828	6000000002395559120
Q643984	6000000031583287328
Q644005	6000000018022939014
Q64400851	6000000177955894848
Q6440139	6000000043764479821
Q6440182	6000000010780508953
Q6440186	6000000004399690953
Q64402125	6000000145975131845
Q64406	3987915172320124692
Q644060	6000000041931559585
Q6440713	5087376246890109114
Q64407999	6000000008833463786
Q64408201	6000000014528614927
Q6440968	6000000009947190409
Q6441068	6000000001299454380
Q64412	6000000040672912821
Q64414134	6000000184633014869
Q64415919	6000000001262019791
Q64416116	6000000079536992322
Q64416363	6000000000691944175
Q644179	6000000002188470440
Q64419145	6000000205356395831
Q6442253	6000000062102267629
Q6442415	6000000006412967148
Q64425900	6000000138661874879
Q64432337	6000000008636542282
Q644358	6000000085800876943
Q6443636	6000000008881370696
Q64437	6000000032004664890
Q64437949	6000000029040774704
Q64438165	6000000083696987414
Q64438284	6000000069752046108
Q64440	6000000041382428390
Q64440497	6000000004206254481
Q64441616	6000000182301089828
Q64441628	6000000015761255458
Q644418	6000000069700082206
Q64442	6000000029362030825
Q644420	6000000069116203822
Q64442544	6000000018116975455
Q64446269	6000000017079221631
Q64446283	6000000002801646288
Q64446460	6000000007864982264
Q64447624	6000000080702463833
Q64448577	6000000078091095886
Q64448587	6000000012539055451
Q6444957	6000000154559611970
Q64451	6000000018417230686
Q6445221	6000000032446898565
Q64457433	6000000021079521526
Q644584	6000000026202540633
Q6445999	6000000051147300124
Q64462	6000000003232543518
Q6446228	6000000037667399526
Q644629	6000000001759117500
Q644630	6000000032955010124
Q644635	6000000000632013655
Q6446719	6000000008772422654
Q6446737	6000000036433866973
Q64468	6000000006348504285
Q6446844	6000000026535960482
Q6446882	6000000179958700879
Q6446887	6000000069832615821
Q64470000	6000000180200076825
Q644706	6000000035814068006
Q6447103	6000000107928908245
Q6447106	6000000002729632508
Q644714	6000000026175792217
Q644726	6000000007890513589
Q644730	6000000015623647766
Q644738	6000000016967816723
Q644772	6000000017870519742
Q64481	6000000000368791728
Q64485261	6000000064577668831
Q64485281	6000000008761627106
Q64485294	6000000008761725816
Q64485661	6000000011371652282
Q64486608	6000000011470568988
Q6448729	6000000091357368035
Q64489	6000000071687118955
Q6449191	5218642536740080350
Q64492229	6000000013788528584
Q64493	333222144150003876
Q64493177	6000000004954642612
Q6449399	6000000016039231946
Q64494255	6000000006437290249
Q64494337	6000000007416828584
Q64495	6000000006727741968
Q64495089	6000000020855953460
Q64496618	6000000011863669865
Q6449678	6000000003209091929
Q64500791	6000000015354101671
Q645008	6000000163423782347
Q64501365	6000000024503395377
Q64501382	6000000036245722288
Q64502748	6000000120992059854
Q64503090	6000000027130229159
Q64503260	6000000077484402039
Q645036	6000000020053152330
Q64504129	6000000000486766761
Q64504548	6000000082314485036
Q64507479	6000000163447263967
Q64509	6000000002764505326
Q6451033	6000000071619556009
Q645106	6000000178555692852
Q6451061	6000000055421411941
Q64511	6000000081241150428
Q6451271	6000000054143453821
Q64513265	6000000077514126833
Q64513423	6000000004847030903
Q64513452	6000000028540221854
Q64513463	6000000016611105318
Q64513490	6000000004847061756
Q645138	6000000026382688598
Q6451398	6000000032327316318
Q64514634	6000000176886344915
Q645152	6000000043089342743
Q6451520	6000000009326189553
Q64516268	6000000010010910614
Q6451719	6000000003304564749
Q64517654	6000000037960216835
Q64518001	6000000007612462288
Q64518006	6000000037959793049
Q64518080	6000000026573153324
Q645188	6000000021467373370
Q64520	6000000056282298568
Q64520719	6000000015183037134
Q64520869	6000000163451223827
Q64521075	6000000054358538032
Q64521153	388596581870007433
Q645215	6000000020360090804
Q645216	6000000012544403794
Q64522945	6000000033740152345
Q64523701	6000000014715198404
Q645252	6000000002726438276
Q6452542	6000000063351089845
Q6452553	6000000006978603782
Q6452732	6000000016822670060
Q645325	6000000016403300169
Q645353	6000000006727805076
Q6453585	6000000179736622846
Q6453617	6000000025049709845
Q6453641	6000000014726185493
Q64539	6000000105347240995
Q6453944	4569173902610035275
Q6454150	6000000001828008364
Q6454209	6000000179704477830
Q6454278	6000000004129516369
Q6454361	6000000027361936814
Q64544	6000000026189690952
Q6454428	6000000033531655262
Q6454637	6000000010290722733
Q6454780	6000000033515652808
Q6454785	6000000017070479519
Q6454793	6000000025605784295
Q6454823	6000000041211574283
Q6454862	6000000088091660852
Q64548689	6000000099756528237
Q645516	6000000181551138821
Q6455234	6000000001785652721
Q6455234	6000000078904344463
Q645524	6000000078704997874
Q6455249	6000000070473592014
Q6455251	6000000000168194985
Q64553	6000000000899772697
Q6455381	6000000002881550947
Q64556151	6000000039487131189
Q6455641	6000000008428976164
Q64557	6000000000844737047
Q6455786	6000000000256970268
Q64558	6000000021987195371
Q6455955	6000000015748904932
Q645598	6000000086912331925
Q645627	6000000058052324050
Q6456366	6000000035558646922
Q6456367	6000000035558660151
Q6456380	6000000024360019393
Q6456505	6000000015381141150
Q64565681	6000000002043178578
Q64566	6000000017785482066
Q6456693	6000000032121461100
Q6456977	6000000134049331821
Q64570132	6000000019872106329
Q645704	6000000096194435975
Q645722	6000000090277532045
Q64573	6000000010941154100
Q64576584	4179623635010025627
Q64576822	6000000087915528025
Q64576862	6000000019237122097
Q64577281	6000000026761637187
Q64577744	6000000001648517610
Q64577791	6000000000990670808
Q64578013	6000000008497013888
Q64578037	6000000008497013882
Q64578154	6000000061711512196
Q64578344	6000000006127564569
Q64579	6000000179288574865
Q64579094	6000000171937468907
Q645800	6000000053622456149
Q6458059	6000000006602606629
Q6458065	6000000032389903290
Q6458144	6000000017556583089
Q6458171	6000000009625030442
Q64582	6000000017511390542
Q64583673	6000000013198547303
Q64584	6000000024998390936
Q64584484	6000000019338049670
Q64585086	6000000017150400598
Q64585097	6000000020263818826
Q64585124	6000000020263801967
Q64585177	6000000013049031071
Q6458538	6000000021806067529
Q64585583	6000000013151998045
Q64585698	6000000013152236122
Q645870	6000000018318945845
Q64587117	6000000011161398255
Q64587278	6000000018934756452
Q645873	6000000017254419162
Q64588573	6000000086292750074
Q64589595	6000000166494715826
Q64589913	6000000026038605496
Q64589913	6000000049891880868
Q64589924	6000000049783396894
Q64589935	6000000017626295676
Q64590	6000000050175037830
Q64590005	6000000009646717030
Q64590037	6000000013020100907
Q64590195	6000000000740261119
Q64590228	6000000019237379308
Q64590450	299695862400008970
Q64590630	6000000011207257622
Q6459075	6000000028265435165
Q64592	6000000000057397384
Q6459272	6000000084370068957
Q6459448	6000000024828719901
Q64595155	6000000052186090692
Q6459670	6000000185570633899
Q64596798	6000000167350988038
Q64596973	6000000005916615714
Q645970	6000000008725357402
Q64597225	6000000028015829906
Q645997	6000000019056576308
Q64603	4258972782170052507
Q646032	6000000067955452887
Q646034	6000000019858960165
Q646043	6000000150673670855
Q64604773	6000000024160473725
Q64604876	6000000014698209265
Q64605671	6000000039852827934
Q64605858	6000000139855604834
Q64606	6000000040050334513
Q646060	6000000040266632220
Q64607	6000000040228516339
Q6460952	6000000076970272278
Q6460957	5596040696090046946
Q6461094	6000000090551125936
Q6461111	6000000015809137668
Q64613	6000000003232543558
Q646146	6000000056429048821
Q64614656	6000000021636363346
Q646148	6000000095740446547
Q64615180	6000000021636523903
Q64616168	6000000083825505848
Q64617504	6000000001544590980
Q6461980	6000000050481951968
Q646201	6000000026216271104
Q646208	6000000008036511204
Q6462278	6000000182819514834
Q64623	6000000026175676867
Q6462303	6000000022773460981
Q6462360	6000000017757151730
Q64623772	6000000024976692209
Q646238	6000000178180735864
Q64624711	6000000019189510002
Q64624719	6000000019189499082
Q64625	6000000017234743806
Q6462592	6000000049614361839
Q6462632	6000000044499799826
Q6462632	6000000109954545825
Q64626848	5328276119400022334
Q64626962	6000000058099706013
Q64627089	6000000143829369031
Q646271	6000000028953072590
Q64632	6000000171523386686
Q64633	6000000052177958838
Q64633541	6000000171971024519
Q64634491	6000000010595387135
Q64636596	328141431300006994
Q646367	6000000040367441066
Q64637	6000000030910042838
Q646382	6000000000213635745
Q64638852	6000000027763627845
Q6464027	6000000128705592054
Q64641396	6000000019981516706
Q6464224	6000000015388872432
Q6464231	6000000023769064489
Q64643228	6000000007513187213
Q64644160	6000000015680749070
Q64645	6000000176172498910
Q646455	6000000023235414108
Q646460	6000000068798161927
Q64651769	6000000002764698326
Q646529	6000000008269679875
Q64653894	6000000009731192741
Q646542	6000000003911696714
Q6465735	6000000011809164170
Q64657924	6000000066156899859
Q64658118	6000000010498042986
Q6466217	6000000016750162166
Q6466217	6000000028264102517
Q646649	6000000019317355313
Q64666038	6000000029286647886
Q64666039	6000000183383671504
Q646661	6000000017842185203
Q64666142	6000000035430682914
Q64666145	6000000035430695854
Q64666784	6000000012192233501
Q64666857	6000000015187054623
Q64667534	6000000138790487887
Q64667807	6000000008851214057
Q64667814	6000000001490492955
Q64667822	6000000081529395821
Q64667835	6000000023162087053
Q64668524	6000000024211985045
Q64670	6000000004018992036
Q64674180	6000000172546713097
Q6467479	6000000011809802080
Q646772	6000000116747149145
Q64678	6000000025745553967
Q6467932	6000000018368937539
Q64681484	6000000006828761295
Q64681681	389685138680003299
Q64681751	6000000006828645389
Q64682112	6000000030580511559
Q64682595	6000000062451674915
Q64682596	6000000009484784361
Q64682845	6000000088912580866
Q64683295	6000000003666602967
Q64683338	6000000014416897509
Q64683527	6000000001831301053
Q64683528	6000000000759439137
Q64683539	6000000003597942066
Q64683572	6000000016671379781
Q64683576	6000000016213894355
Q64683579	6000000022016033368
Q64683599	6000000002527847727
Q64683623	6000000073498371829
Q64683625	6000000037323503993
Q64683629	6000000183991275858
Q64683630	6000000037323936829
Q64683649	6000000006709261259
Q64683665	6000000007802311062
Q64684052	6000000116888327529
Q64684069	6000000035022754163
Q6468421	6000000006264639394
Q6468424	6000000003493196979
Q6468435	6000000055789260899
Q6468443	6000000003792096193
Q6468467	6000000005052764038
Q64684771	6000000176807734823
Q64684949	6000000202595124848
Q64684954	6000000013996118622
Q64685136	6000000005909245974
Q64685225	6000000013655837829
Q64685413	6000000011852313394
Q64685503	6000000030887908933
Q64685523	6000000023911862996
Q64685536	6000000072604319891
Q64685591	6000000022174999630
Q64685600	6000000007015379438
Q64685618	6000000016872500507
Q64685631	6000000017307225159
Q64685634	6000000035036882387
Q64685642	6000000033990918020
Q64685658	6000000010912233712
Q64685669	6000000031116983357
Q64685698	6000000009921424993
Q64685724	6000000026532281363
Q64685760	6000000000070867214
Q64685771	6000000000076315725
Q64685779	6000000010666934038
Q64685808	6000000023148848099
Q64685892	6000000018852069763
Q64685903	6000000038209056958
Q64685942	6000000016952021142
Q64685950	6000000019374532008
Q64685951	6000000015975548494
Q64685967	6000000045294708886
Q64686000	1238127
Q64686642	6000000014577602410
Q64686762	6000000007086520107
Q64686868	6000000006727863885
Q64686879	6000000126025441821
Q64686906	6000000002188444510
Q64686922	6000000021361963120
Q64689	6000000046583264491
Q64689146	6000000109725313841
Q64689162	6000000036360780497
Q64689176	6000000014070592303
Q64689194	6000000014885092735
Q64689349	6000000019413268372
Q64689350	6000000022393039951
Q64689352	6000000023953191543
Q64689353	6000000020529963960
Q64689459	6000000040286772506
Q64689570	6000000021354946906
Q64689676	6000000037933688446
Q64689779	6000000040842653016
Q64689787	6000000020328813854
Q64689790	6000000025067401247
Q64689793	6000000021856783214
Q64689797	6000000027751249934
Q64689812	6000000014884933701
Q64689822	6000000085578787821
Q64689825	6000000037962268522
Q64689828	6000000016112660446
Q64689940	6000000018665325622
Q64690096	6000000023964104757
Q64690410	6000000180500924855
Q64690455	6000000182184380826
Q64690615	6000000017874411786
Q64690630	6000000009944768650
Q64690654	6000000034487951354
Q64690723	6000000040308471317
Q64690734	6000000038870633904
Q64690796	6000000076681256825
Q64690800	6000000008026790227
Q64690821	6000000082604952087
Q64690830	6000000014957838932
Q64690841	6000000017497329015
Q64690843	6000000018633319526
Q64690884	6000000035373025326
Q64690886	6000000055626565569
Q64690894	6000000002946251070
Q64690896	6000000021652938941
Q64690907	6000000014054009220
Q64690909	6000000009895082221
Q64690928	6000000029141417082
Q64690936	6000000095920981841
Q64690945	6000000039750440132
Q64690958	6000000018106670728
Q64690964	6000000011880410148
Q64690971	6000000025259612642
Q64690972	6000000035130584113
Q64690978	6000000078577207105
Q64690996	6000000029903104610
Q64691013	6000000064102045832
Q64691015	6000000040411176912
Q64691016	6000000021819508948
Q64691018	6000000028790216027
Q64691020	6000000026120287232
Q64691021	6000000136732342821
Q64691023	6000000009738556272
Q64691024	6000000018114731017
Q64691025	6000000024787144913
Q64691027	6000000006114840123
Q64691028	6000000021918676573
Q64691029	6000000018528228387
Q64691031	6000000025901385720
Q64691036	6000000024570087297
Q64691042	6000000016398970827
Q64691054	6000000017236033153
Q64691084	6000000040230120259
Q64691096	6000000028476211008
Q64691102	6000000084338369227
Q64691106	6000000013580330633
Q64691107	6000000017624995290
Q64691109	6000000073558121821
Q64691111	6000000024556018128
Q64691113	6000000035366787111
Q64691116	6000000024823117678
Q64691117	6000000015293087230
Q64691121	6000000010209845186
Q64691122	6000000025307822715
Q64691124	6000000026284699836
Q64691126	6000000018387033869
Q64691127	6000000026177055523
Q64691128	6000000028272494598
Q64691134	6000000017718060129
Q64691136	6000000019360720467
Q64691141	6000000012827604398
Q64691142	6000000012827643252
Q64691143	6000000013319277954
Q64691150	6000000011320747798
Q64691151	6000000020777054689
Q64691153	6000000017378898478
Q64691157	6000000016117215213
Q64691177	6000000017385756100
Q64691189	6000000024545677247
Q64691190	6000000025781350721
Q64691194	6000000018570257817
Q64691196	6000000025765628615
Q64691206	6000000035298746041
Q64691209	6000000110869247831
Q64691214	6000000009382559220
Q64691216	6000000039248648689
Q64691217	6000000053384967262
Q64691221	6000000007652667786
Q64691223	6000000182774728829
Q64691226	6000000016847937306
Q64691227	6000000026025070260
Q64691232	6000000208405813847
Q64691243	6000000106630432958
Q64691244	6000000206541271822
Q64691251	6000000040229560350
Q64691256	6000000029135837535
Q64691270	6000000124450379108
Q64691271	6000000045488181876
Q64691284	6000000180472625825
Q64691288	6000000178511919822
Q64691290	6000000060486761988
Q64691291	6000000015896018623
Q64691313	6000000018306727869
Q64691316	6000000043652452431
Q64691321	6000000008679350230
Q64691332	6000000015710227410
Q64691333	6000000003915542041
Q64691334	6000000004015657966
Q64691346	6000000016964103635
Q64691347	6000000016975419327
Q64691350	6000000017968809638
Q64691358	6000000023524451231
Q64691369	6000000018425211283
Q64691378	6000000007529465847
Q64691381	6000000022226736726
Q64691384	6000000024469590913
Q64691385	6000000022922347735
Q64691392	6000000025279402578
Q64691394	6000000022464606385
Q6469140	6000000031000574836
Q64691403	6000000037604845246
Q64691427	6000000082438239680
Q64691430	6000000012391696468
Q64691431	6000000024900476884
Q64691433	6000000013609988891
Q64691434	6000000068728762069
Q64691443	6000000020530486950
Q64691524	6000000024728559962
Q64691526	6000000083871844637
Q64691642	6000000024725321340
Q64691664	6000000024535853374
Q64691670	6000000040308625824
Q64691688	6000000070153421922
Q64691713	6000000020777335298
Q64691736	6000000018828468402
Q64691841	6000000019057249294
Q64692251	6000000010668303710
Q646929	6000000145622989822
Q64694725	6000000027724247916
Q646958	6000000047582202075
Q6469582	6000000031027005742
Q6469637	6000000103248290833
Q6469680	6000000084256755483
Q6469705	6000000019967013536
Q6469731	4641547
Q64697912	3937263457510075378
Q64697954	6000000015185156846
Q64698166	6000000019289593283
Q64698590	6000000026389636538
Q64698779	6000000032083041127
Q64698779	6000000034983859765
Q64698825	6000000018308564572
Q6469906	6000000166749610953
Q6469914	6000000005791557943
Q64699193	6000000024788233137
Q64699197	6000000022760400012
Q6469920	6000000002188385380
Q6469927	6000000007993674159
Q64699639	6000000002115897373
Q6469999	323490105240001051
Q6470017	6000000007400404992
Q6470028	6000000003230154196
Q6470036	6000000003219718207
Q6470045	6000000050217902866
Q647006	6000000029095487797
Q6470100	6000000026370517663
Q6470120	6000000002188551339
Q6470121	6000000005598819832
Q6470126	6000000017155191364
Q6470146	6000000008630244886
Q6470159	6000000001487780297
Q64702067	6000000017407359313
Q6470210	6000000074493868821
Q6470217	6000000010062371925
Q6470230	6000000002188495803
Q6470232	6000000003275693577
Q6470233	6000000022755215101
Q6470239	6000000022162431564
Q6470259	6000000036991510095
Q64704	6000000002074343520
Q6470403	6000000006602628801
Q6470427	6000000003273880990
Q6470428	6000000005598973019
Q6470430	6000000005599044842
Q6470465	6000000084621205907
Q6470485	6000000012652872184
Q6470502	6000000013250172312
Q6470568	6000000002188504191
Q6470571	6000000008571708061
Q64705780	6000000046332790296
Q64705857	6000000035068214642
Q6470588	5185111609840123436
Q64706053	4375540609140013757
Q64706094	6000000017948301573
Q64706117	6000000007337082598
Q64706129	6000000017948132258
Q64706254	6000000008657541422
Q64706327	6000000008657537290
Q64706344	6000000013643919389
Q64706392	6000000013898487009
Q64706423	6000000024997551903
Q64706464	6000000018568395931
Q64706470	6000000021259886895
Q64706532	6000000000464225611
Q64706696	6000000030810219041
Q64706863	6000000007588293640
Q64706971	6000000005908421662
Q64706973	6000000005908812256
Q64706986	6000000000007800851
Q64707	6000000034701950722
Q64707041	6000000013870856361
Q64707149	6000000024773257246
Q64707159	6000000011424572410
Q64707204	6000000023434385657
Q64707216	6000000022231267347
Q64707230	6000000023896460099
Q64707397	6000000010693060464
Q64707414	6000000014149126434
Q64707421	6000000029444080909
Q64707908	6000000000211902042
Q64708116	6000000016497847217
Q64708172	6000000008561871040
Q6470940	6000000010931188724
Q647104	6000000100956471321
Q64710924	6000000018641218929
Q64710929	6000000018641156691
Q64710942	6000000030960156368
Q64711421	6000000006568309844
Q64711557	6000000114470008821
Q64711567	6000000019391238808
Q64711679	6000000017993831771
Q64712023	6000000011566734388
Q64712043	6000000023404152932
Q64712072	6000000033355182476
Q64712072	6000000041969863789
Q64712104	6000000040253095151
Q64712152	6000000024587980945
Q64712262	6000000026225980135
Q64712268	6000000025123149887
Q64712273	6000000010580097540
Q64712442	6000000007309608320
Q64712500	6000000024552412302
Q64712581	6000000010807079495
Q64712714	6000000031378547498
Q64712875	6000000021147767027
Q64713188	6000000008680637311
Q64713246	6000000024740092651
Q6471416	6000000028500648153
Q6471419	6000000073590309867
Q64714293	6000000115697894891
Q64715460	6000000040287145010
Q64716177	6000000007991931062
Q64716522	6000000011413180804
Q64717	6000000022465116088
Q64718	6000000006436148827
Q6472036	6000000020012235075
Q64722035	6000000056049116917
Q64728118	6000000010566350858
Q64728187	6000000040456422869
Q64728709	6000000008966475791
Q64728733	6000000042707074138
Q64729157	6000000021925036844
Q64731337	6000000006845546559
Q647319	6000000008630797832
Q64732468	6000000010460918367
Q64732473	6000000069998108710
Q64732474	6000000209310218883
Q64732492	6000000046097571021
Q64732733	6000000004316620679
Q64732854	6000000129316441898
Q64732858	6000000006864271957
Q64732873	6000000002541580794
Q64732961	6000000123227785104
Q64733012	6000000019045455959
Q64733532	6000000002747549168
Q64733923	6000000177026149865
Q64734036	6000000016435974768
Q64734080	6000000109021544937
Q64734121	6000000082375271924
Q64734156	6000000016203057892
Q64734463	6000000196086050849
Q6473495	6000000002802596618
Q64735272	6000000023406073848
Q647355	6000000082580699958
Q6473571	6000000008114701996
Q64736692	6000000184902016821
Q64737798	6000000015902483225
Q64737919	6000000038222136119
Q64737960	6000000178841417822
Q6473886	6000000175518764874
Q64739	6000000025307446000
Q647391	6000000021023051272
Q647399	6000000078013717930
Q64741285	6000000007231321644
Q647419	6000000009027019090
Q647441	6000000166379666257
Q6474463	6000000030181087006
Q6474476	6000000076979454399
Q6474477	6000000173879771192
Q647455	5431220586520110963
Q64745750	6000000064012213997
Q64745989	6000000047715435881
Q64746788	6000000081034358103
Q64746805	6000000007414214712
Q64747026	6000000013464568957
Q64747417	6000000103831483916
Q64747905	6000000051485589880
Q64748316	6000000008047916772
Q64748436	6000000024275885929
Q64748479	6000000134334473826
Q64748495	6000000004079493849
Q64748583	6000000014051574420
Q64748593	6000000024686864601
Q64748659	6000000070664784139
Q64748941	6000000035661243132
Q64749173	6000000085828037565
Q647497	6000000007665528232
Q64750	6000000025537100664
Q647505	6000000015819809082
Q64750738	6000000003262627703
Q647521	6000000019280503253
Q64753716	6000000035388887009
Q64755669	6000000004591070348
Q64755702	6000000017268056213
Q64755708	6000000055039275851
Q64755713	6000000116735860856
Q64755715	5228071915300101815
Q64756261	6000000017939079109
Q647563	6000000136813656848
Q647567	6000000007810896665
Q64757496	6000000000847695545
Q64757738	6000000018032566807
Q64757780	6000000010100471994
Q64757924	6000000026027118991
Q64758569	6000000022643273598
Q64758706	6000000022643287805
Q64759	6000000016331509318
Q64759091	6000000151868819821
Q64759161	6000000062737968909
Q64759210	6000000025423516973
Q64759245	6000000000524367837
Q64759400	6000000006243419031
Q64759402	6000000156184984821
Q64759414	6000000021293569491
Q64759417	6000000028166453279
Q64759433	6000000017028419263
Q64759487	6000000024330563930
Q64759573	6000000039392156275
Q64759734	6000000019656078267
Q64759793	6000000136811566161
Q64760526	6000000222325309848
Q64761035	6000000028889743892
Q64761616	6000000188084885157
Q64761698	6000000051224257281
Q64761743	6000000131761531821
Q64761749	6000000017433924574
Q64762732	364469049820005149
Q64763853	6000000086477572838
Q64764867	6000000024584697110
Q64764913	6000000013074222850
Q64765	6000000004109298294
Q64765255	6000000010566558886
Q647660	6000000151265560828
Q647664	6000000001042071191
Q64766967	6000000004074525216
Q64768672	6000000154562503847
Q64770455	6000000172660241948
Q647706	6000000175077386940
Q647715	6000000110588615867
Q64771903	5465897167050043555
Q64773	6000000001442741435
Q647744	6000000015674377429
Q64775664	6000000042531958679
Q64776636	6000000022364213237
Q64776929	6000000007940948882
Q64777090	6000000054279752821
Q64777434	6000000015618933001
Q64779165	6000000011590714846
Q64779612	6000000008889933364
Q64779888	6000000090777335102
Q647805	6000000171727202844
Q64781	6000000031041993596
Q647812	6000000032720728322
Q64781902	6000000022780148904
Q64782	6000000003232368529
Q64782306	6000000006419505974
Q64782327	6000000008211006873
Q64782504	6000000000207767458
Q64782564	6000000013465579460
Q64782594	6000000036729670193
Q64782866	6000000028475990144
Q64782866	6000000063562803963
Q647830	6000000007014475685
Q64783393	6000000021638802414
Q64783641	6000000024613959062
Q64784310	6000000017919008221
Q64784953	6000000035823107070
Q64785342	6000000002870113445
Q6478568	6000000008249997071
Q64785882	6000000011771918428
Q64785936	6000000006127496865
Q64785957	6000000009368967941
Q64786096	6000000023723876997
Q64786212	6000000025833883201
Q64786746	6000000001545759703
Q6478675	6000000008115062366
Q64787064	6000000073629747041
Q64787093	6000000073629859029
Q647871	6000000043574464283
Q64787488	6000000096343153920
Q64787493	6000000048631491914
Q64787494	6000000179346638844
Q64787495	6000000195746186849
Q64787522	6000000010069514211
Q64787527	6000000015392886172
Q64787536	6000000129634354911
Q64787540	6000000021579980536
Q64787544	6000000082495671834
Q64787546	6000000071261685870
Q64787550	6000000023028705267
Q64787553	6000000026027112813
Q64787554	6000000030593407980
Q64787555	6000000024539986896
Q64787557	6000000028635908055
Q64787558	6000000189145219823
Q64787571	6000000032047788821
Q64787572	6000000035130508355
Q64787573	6000000019526323475
Q64787576	6000000029553343029
Q64787578	6000000022482461883
Q64787582	6000000036501270205
Q64787592	6000000018379005474
Q64787594	6000000018377929706
Q64787631	6000000006606248219
Q64787635	6000000037697261838
Q64787636	6000000000583720934
Q64787637	6000000025375633557
Q64787638	6000000125363971836
Q64787639	6000000018368649040
Q64787640	6000000035004487454
Q64787644	6000000030166210062
Q64787647	6000000021272895574
Q64787652	6000000079282110496
Q64788339	6000000000070901992
Q64788472	6000000003105240278
Q64788721	6000000078200789325
Q647889	6000000004351682054
Q647911	6000000140776121038
Q647947	6000000025846055827
Q647954	6000000012662643274
Q64795420	6000000024225885396
Q64796804	6000000019351968813
Q64796988	6000000113740859017
Q64797201	6000000011361877546
Q64797319	6000000083347094436
Q64797327	6000000015518940111
Q64797584	6000000002188425464
Q6479786	6000000028693902864
Q647979	6000000000177082370
Q64798	6000000021466848512
Q6479877	6000000003716152124
Q64799	6000000008278709544
Q64804	6000000177189320840
Q648043	6000000040889781478
Q6480458	6000000001094986086
Q6480459	6000000059037528854
Q648051	6000000017756873906
Q64806	6000000042558133547
Q64808233	6000000007400129925
Q64808959	6000000007400310978
Q64809033	6000000058341522835
Q648091	6000000006893467176
Q648095	6000000019082853666
Q6480979	6000000006727849582
Q64809864	6000000011670439235
Q64811135	6000000068159172006
Q64811432	6000000068324906108
Q6481280	6000000046563255860
Q648130	6000000020209782046
Q6481301	6000000009580470937
Q64813570	6000000018030164452
Q648147	6000000012339953840
Q64815289	6000000038190701115
Q64816729	6000000021690306766
Q64818394	6000000007296911364
Q64819741	6000000079417505056
Q64821109	6000000028765464183
Q64821125	6000000045537736928
Q6482114	6000000010554244292
Q6482116	6000000012876297854
Q64821187	6000000022060100825
Q64821392	6000000002188615028
Q64821818	6000000123131710821
Q64821965	6000000008779232847
Q64822106	6000000000723379241
Q64822126	6000000000723355236
Q64822135	6000000006590080110
Q64822220	6000000007706318730
Q64822300	6000000018135711174
Q64822959	6000000018074405332
Q64822987	6000000018502982805
Q64823257	6000000012883650979
Q6482408	6000000184552570827
Q648247	6000000163456993871
Q64825325	6000000013938388032
Q64825329	6000000001138350065
Q64825428	6000000009387791572
Q64825437	6000000009387878521
Q64825985	6000000027782214879
Q6482631	6000000005226932015
Q64827019	6000000072762586915
Q64827156	6000000022863507888
Q64827453	6000000003827611602
Q64827517	6000000044023878089
Q648278	6000000015805151512
Q648281	6000000001024690729
Q64828847	6000000012873773517
Q64828868	6000000012873788540
Q648291	6000000142892217870
Q64830	6000000182638264971
Q648303	6000000024807312237
Q64830345	6000000173875441287
Q64830633	6000000054781987891
Q64831008	6000000151867921821
Q64831018	6000000006127355084
Q64831076	6000000007303791526
Q64831083	6000000012184662645
Q64831147	6000000007303753730
Q64831193	6000000018110270827
Q64831200	6000000178428375855
Q64831223	6000000018110800936
Q64831542	6000000024773260006
Q64831543	6000000041988704260
Q64831554	6000000024773678170
Q64831565	6000000024773678164
Q64831575	6000000064930920867
Q64831580	6000000081483255200
Q64831692	6000000007587245135
Q64832262	6000000069538466864
Q64832391	6000000000555534704
Q648325	4180860667250037110
Q64833682	6000000025300079352
Q64833793	6000000007725171733
Q64833806	6000000007725644367
Q6483409	6000000170991256821
Q6483460	6000000080664094851
Q6483541	6000000035742793165
Q648359	6000000008309402793
Q6483605	6000000019129673227
Q6483606	6000000023246629585
Q64836100	6000000040648172364
Q6483611	6000000040850531219
Q6483622	6000000011303173657
Q6483623	6000000011842490601
Q6483626	6000000011541006088
Q6483629	6000000011314874410
Q648366	6000000025015723042
Q64840186	6000000003937228577
Q64842202	6000000008628583952
Q64842232	6000000004567993243
Q64843034	6000000012875597629
Q648454	6000000020506479322
Q64846051	6000000114756407821
Q648473	6000000043578163832
Q64847361	6000000010558211559
Q64847373	6000000011889991178
Q64847706	6000000018963891179
Q64848295	6000000006855184079
Q64848442	6000000180310415853
Q64848472	6000000103870099886
Q6484876	5710197291610028410
Q6484883	6000000002799053859
Q6484908	6000000188524707898
Q64850002	6000000032085136349
Q64850341	6000000090390376106
Q64850455	6000000163839156851
Q648516	6000000000701222091
Q6485161	6000000003086797022
Q64852750	6000000019139740774
Q64852838	6000000017328222686
Q64852934	4808998942030013249
Q64853179	6000000181563506866
Q64853692	6000000013536608634
Q64853701	6000000016759284402
Q64853802	6000000002042544245
Q6485417	6000000088761638887
Q64854469	6000000022303508567
Q6485534	6000000067402731884
Q648557	6000000010764513768
Q64856	6000000016119203768
Q6485621	6000000006444223352
Q648570	6000000065589186438
Q64859020	6000000013489385222
Q64859206	6000000024473929909
Q64860301	6000000038143926950
Q64860464	6000000076787232464
Q64860513	6000000064142784862
Q64860734	6000000038143569374
Q6486097	6000000011833738740
Q64862592	6000000024034643398
Q648632	6000000010763137444
Q64863326	6000000003095870170
Q64864596	6000000052982487014
Q64865414	6000000007420777554
Q64866587	6000000025500419147
Q64867094	6000000013082348176
Q648680	6000000077487830345
Q64868069	6000000069433678837
Q64869592	6000000027936905175
Q64870332	6000000053841783855
Q64870835	6000000049649130877
Q6487279	6000000056341639839
Q648729	6000000017466161634
Q64873662	6000000011061018054
Q64873663	6000000079953890992
Q64873831	6000000009648909595
Q6487411	6000000013480047368
Q6487512	6000000017131297788
Q64875344	6000000186435001837
Q64875952	6000000025876033286
Q64875982	6000000015517498880
Q64876039	6000000002992528580
Q64876060	6000000007393450595
Q64876073	6000000011834408820
Q64876081	6000000034807087011
Q64876106	6000000020238333636
Q64876114	6000000127219462839
Q64876126	6000000041877975170
Q64876134	6000000012043918360
Q64876395	6000000025848058335
Q64876855	6000000040485901204
Q64877745	6000000182524193827
Q64877779	6000000035649684057
Q64877788	6000000025756343949
Q64878	6000000019807134545
Q64883	6000000028610271525
Q648834	6000000026379674454
Q64888	6000000181968267837
Q6488855	6000000179210918832
Q648897	6000000076567491091
Q6489001	6000000025540476225
Q64891234	6000000011070246481
Q6489408	6000000039659757158
Q648946	6000000021052189369
Q648968	6000000006444753219
Q6489698	6000000036586357972
Q64897002	6000000011257214521
Q6489902	6000000008546388478
Q64899126	6000000003666729150
Q64900365	6000000134935900844
Q6490150	6000000011812556801
Q6490204	6000000166435086897
Q64902529	6000000007257596458
Q649052	6000000084327898915
Q6490625	6000000028499958845
Q64907230	6000000024626447552
Q6490795	6000000003310136368
Q649081	6000000031609062011
Q64909431	6000000025371456630
Q64910010	6000000018985056780
Q6491025	6000000012023766279
Q6491060	6000000014874801287
Q6491105	6000000098971562938
Q6491139	6000000000151455705
Q64911419	6000000018186750230
Q6491144	6000000035582052126
Q6491295	6000000063386287828
Q6491338	6000000098194084821
Q6491348	6000000015303239406
Q6491391	6000000104316280142
Q6491421	5404437347710066478
Q6491462	6000000011288167300
Q6491475	6000000014129759386
Q6491506	6000000009633083934
Q6491515	6000000063539359913
Q6491555	6000000014790670183
Q6491567	6000000007231708542
Q6491629	6000000072201650821
Q6491631	6000000212975580824
Q6491663	6000000039485869051
Q6491679	6000000009466941590
Q6491699	6000000003095038547
Q6491752	6000000042855696961
Q6491769	6000000010132278401
Q6491774	6000000006327235895
Q64918	4259075521300127246
Q649181	6000000019310290646
Q64918124	6000000016803412033
Q64918167	6000000016664116721
Q64918188	6000000013060472440
Q64918223	6000000026134005688
Q64918254	6000000024626428404
Q64918348	6000000024668603264
Q64919840	6000000052964652871
Q64920031	6000000005415741272
Q64923	6000000182084111826
Q649230	6000000000117958579
Q64924136	6000000018845490292
Q64928254	6000000023983381739
Q64930009	6000000037737385839
Q64930507	6000000017664585329
Q64931121	6000000056261425834
Q64931880	6000000014102102509
Q64931912	6000000013406012259
Q64931942	6000000020340448006
Q64932495	6000000013335629627
Q64932543	6000000013354486625
Q64935980	6000000070481957328
Q649382	6000000136543061826
Q649390	6000000006807597473
Q6494041	6000000076457346076
Q64940533	375691517090011982
Q64941498	6000000016798841694
Q64941846	6000000023983469399
Q64943613	6000000091842874058
Q64943881	6000000017143040022
Q64944485	6000000025541553297
Q64944829	6000000182756263834
Q649457	6000000010011559337
Q6494610	6000000011468027470
Q64947166	6000000033938537313
Q64947740	6000000041944027778
Q64948903	6000000007167614823
Q64950	6000000023175532070
Q649500	6000000015030631810
Q6495014	6000000039929507475
Q64952	6000000028702624501
Q64952046	6000000024317995950
Q64952255	6000000010827982570
Q64952323	5093890248990109830
Q64953327	6000000010707023812
Q649552	6000000021229014401
Q64956	6000000000307256699
Q649593	6000000000240183686
Q6496144	6000000012824723226
Q649615	5588773022510112169
Q649627	6000000024595155430
Q64963	6000000122588075900
Q64964881	6000000026203002722
Q64965	6000000008114832398
Q64965	6000000031614950133
Q649653	6000000183984272852
Q649667	6000000039798037197
Q649674	6000000016601574287
Q64967966	6000000029478042851
Q64968	6000000105088673857
Q64970742	6000000040372336753
Q64971	6000000002188416171
Q64971179	6000000040372863933
Q649721	6000000018003238860
Q649747	389434736580004238
Q64975	6000000000325736375
Q64976	6000000003631933625
Q64976203	6000000001504410709
Q64976759	6000000224171002853
Q64976909	6000000148756584844
Q64976954	6000000055528468885
Q64977033	6000000006795798783
Q64977059	6000000150499731821
Q64977268	6000000002751739225
Q6497763	6000000039630361043
Q64978	6000000002361930708
Q64979787	6000000030745538857
Q649801	6000000115585554905
Q649822	6000000011692444879
Q64983	6000000024611538323
Q6498325	6000000069637833827
Q64983923	6000000038242291906
Q64984591	6000000175877582852
Q64985416	6000000011717641439
Q64985536	6000000007535682348
Q649865	6000000016235642053
Q6498719	6000000004767842016
Q64987389	6000000028433252890
Q6498756	6000000014013529226
Q64987771	6000000028433333960
Q6498802	6000000004086391649
Q6498851	6000000026091871009
Q6498881	6000000024680039510
Q6498895	6000000001482606710
Q64989	6000000009078850312
Q649898	6000000011788222723
Q6499018	6000000032439419954
Q6499070	6000000076109271923
Q64990775	6000000011283494283
Q64991283	6000000085913676916
Q6499147	6000000041886830440
Q6499193	6000000073121688991
Q6499205	6000000031329189286
Q64992157	6000000006128072141
Q64992691	6000000000742554978
Q6499330	6000000018437067797
Q6499336	6000000013628216541
Q64993593	6000000010269395907
Q6499369	6000000000687818361
Q649938	6000000008238263445
Q6499408	6000000026297006615
Q6499450	6000000032468076923
Q64994998	6000000043754097992
Q64995	6000000181038574836
Q64995080	6000000002764431586
Q64995097	6000000013476638891
Q64995330	6000000012206407746
Q64995430	6000000006127824721
Q64995490	6000000001402196095
Q64995531	6000000025031877705
Q6499575	6000000001630970965
Q64995950	6000000167812863865
Q64996	6000000000632030578
Q64996101	6000000011690563221
Q64996104	6000000055063758821
Q64996342	6000000020999369779
Q649971	6000000010597375902
Q649987	6000000016981275792
Q65003	6000000126465743884
Q6500422	6000000032491810295
Q6500507	6000000006444566543
Q6500565	6000000008859977829
Q65005990	6000000003701084210
Q65006094	6000000035610525352
Q65006098	6000000046040467965
Q6500642	6000000107925276924
Q6500662	6000000059309892220
Q6500675	6000000001377963130
Q65007351	6000000007961188227
Q65007408	6000000020838796671
Q6500756	6000000013399679743
Q6500758	6000000022844059203
Q65007783	6000000002512384445
Q65007955	6000000087811238843
Q65007968	6000000018232007816
Q65007974	6000000089279633874
Q65007993	6000000015918747480
Q65008	6000000027105403312
Q650080	6000000013218270578
Q6500828	6000000000352457526
Q6500836	6000000021957442591
Q6500860	6000000065542022093
Q6500873	6000000015953783613
Q6500901	6000000019003516597
Q6500914	6000000011520586567
Q6500947	6000000002758901323
Q6501160	6000000033369024075
Q65012401	6000000076849737317
Q6501320	6000000021496318347
Q6501397	6000000083649585053
Q65013976	6000000071371566303
Q6501399	6000000049221898024
Q6501401	6000000000572839320
Q650142	6000000038713303867
Q6501423	6000000142208074959
Q6501452	6000000028855202928
Q650151	6000000022792599176
Q6501551	6000000016832109009
Q6501678	6000000003340891829
Q65017050	6000000192667527850
Q6501706	6000000035965020996
Q6501838	6000000039423037887
Q650188	6000000012257682856
Q6501882	6000000007463868278
Q6501888	6000000007691950689
Q6501889	6000000032842161897
Q6501891	6000000000025407413
Q6501900	6000000000439469834
Q650211	6000000007015076083
Q650219	6000000002765647605
Q650220	6000000031056279684
Q6502395	6000000034348758023
Q65025	6000000005599165559
Q6502596	6000000078589210277
Q6502600	6000000016477287223
Q65027184	6000000002803049686
Q650272	6000000077253341604
Q65027205	6000000024154006015
Q6502724	6000000180037424879
Q6502725	6000000022569357687
Q6502735	6000000000893074841
Q6502765	6000000173254857857
Q6502802	6000000040260324338
Q65028027	6000000026123944445
Q65028065	6000000011771278358
Q65028629	6000000007242730313
Q65029113	6000000035608578344
Q65029598	6000000007519011091
Q65030	6000000009792706540
Q65030189	6000000113760700484
Q650303	6000000136572199914
Q65030674	6000000037129847619
Q650307	6000000010762917005
Q65031186	6000000080631668887
Q65031384	6000000014717542396
Q65031429	6000000175131806114
Q65031556	6000000059648395098
Q65031786	6000000039075877086
Q65032015	6000000007892265323
Q65032153	6000000092713979441
Q65032200	6000000206607123834
Q65032370	6000000009848809603
Q65034840	6000000080087608858
Q65034903	6000000030437744452
Q65034967	6000000024708463083
Q65035	6000000044384425918
Q65035053	6000000023895723926
Q6503562	6000000018948151012
Q65036968	6000000178267779826
Q65037096	6000000079322850833
Q65037124	6000000142210781821
Q65037291	6000000021363333002
Q65037368	6000000215922145822
Q6503738	6000000013440273216
Q65037392	4139295237080010574
Q65037577	6000000076810308908
Q65037586	6000000076453481994
Q65038	6000000006727741006
Q65038088	6000000040919795793
Q65038088	6000000058372825281
Q65038203	6000000014660547059
Q65038215	6000000003729629326
Q6503832	6000000002066275848
Q65038600	6000000017690553716
Q650390	6000000013123554596
Q6503926	6000000028912887029
Q6503928	6000000029820030793
Q6503938	6000000030431910357
Q6503945	6000000107910938833
Q65039700	6000000014199868953
Q6504003	6000000003216076492
Q6504006	6000000003216076534
Q6504020	6000000024743907689
Q6504106	6000000007561103444
Q65041193	6000000010829003096
Q65041238	6000000052738052881
Q6504130	6000000016465759667
Q650417	6000000003827727709
Q6504180	6000000006444674659
Q65042	6000000036902005508
Q65042016	6000000003899908648
Q6504225	6000000183829575845
Q6504226	6000000012677356282
Q6504236	6000000080603606861
Q6504251	6000000099323917880
Q6504253	6000000011180795497
Q65042825	6000000173669501904
Q6504314	6000000015831065514
Q6504399	6000000056338025012
Q650446	6000000015062440776
Q6504469	6000000000231193809
Q6504482	6000000063870748897
Q6504495	6000000175285170585
Q65045	5483876184910056958
Q6504546	6000000000070452748
Q6504602	6000000002134627423
Q6504602	6000000122229669863
Q6504608	6000000001784044703
Q6504686	3567399
Q6504718	6000000000769872628
Q6504720	6000000018013873757
Q65047664	6000000021412232498
Q65048232	6000000011135472658
Q65048246	6000000007461945239
Q65048256	6000000041417879877
Q65048426	6000000037398806984
Q65048427	6000000062462546023
Q65048524	5678629122440050446
Q6504975	6000000017673699227
Q65050720	6000000059316839875
Q65051481	6000000003022174056
Q65051500	6000000002930995845
Q65052070	6000000014397587342
Q65054700	6000000176089488828
Q65054798	6000000023488139306
Q65054852	6000000000004505102
Q65054886	3855918
Q65054949	6000000009968876337
Q65055093	6000000184506167830
Q6505598	6000000181398524837
Q65056212	6000000009129342914
Q6505635	6000000075670565843
Q65056524	6000000013489624975
Q650573	6000000017636782097
Q65057437	6000000019558118028
Q6505777	6000000022622862959
Q6505783	6000000167257587282
Q650579	6000000016542021972
Q65059	6000000024143829690
Q6505902	6000000105306414973
Q6505918	6000000109716200918
Q65059223	6000000050048961829
Q65060242	6000000188574346874
Q65060242	6000000204954852883
Q65060957	6000000021623094357
Q650612	6000000022842629846
Q6506344	6000000004272435540
Q6506360	6000000000550015655
Q6506380	6000000030926600868
Q6506424	6000000018806511166
Q6506442	6000000021973063797
Q6506449	6000000038328848192
Q65064819	6000000027408706010
Q65065326	6000000098403524822
Q65066470	6000000000893263706
Q65067265	6000000018865267883
Q650684	6000000021064745087
Q65071111	6000000006839126177
Q65075	6000000073049727271
Q6507727	6000000015809435205
Q65081556	6000000023773277340
Q6508226	6000000013164763049
Q65082753	6000000023773202032
Q65083023	6000000023773217917
Q650878	6000000034296225746
Q65088	6000000003631840010
Q65088181	6000000006348530044
Q65088304	6000000009729155235
Q65088428	6000000018286668665
Q65088546	4925417798510067016
Q65088614	6000000015240066689
Q650909	6000000020880197291
Q6509202	6000000010394335916
Q6509213	6000000075218367920
Q65092182	6000000081777169918
Q65093882	6000000138496278821
Q65094	6000000085634841976
Q65095	6000000074321136839
Q6509519	6000000019445958407
Q6509536	6000000005403567120
Q65095366	6000000083744512931
Q65095532	6000000010554971077
Q65095941	6000000096178545971
Q65095984	6000000059424257850
Q65096213	6000000033833807270
Q65096735	6000000026517262899
Q6509794	6000000126428112842
Q650989	6000000007785416239
Q651	6000000025576201044
Q65101250	6000000029325597246
Q65102294	6000000067307310821
Q651059	6000000019607539891
Q65108976	6000000016694897213
Q6511052	6000000027291797462
Q651112	6000000003220505291
Q6511230	6000000074177306864
Q65113295	6000000027324347586
Q65113879	6000000053550259964
Q65114217	6000000022866489605
Q65115314	6000000025987915966
Q65115317	6000000010963353603
Q6511666	6000000026903520737
Q65116834	6000000042726372893
Q65116993	6000000031659454872
Q65117016	359207633310004226
Q65117529	6000000017370030399
Q6512	4976577905160078340
Q65120634	6000000000676671077
Q65123	6000000037154203362
Q65123012	6000000003105241876
Q65123618	6000000202669803868
Q65124223	6000000017927653904
Q65124261	6000000003828256474
Q65124306	6000000027059725766
Q65124380	6000000090552182710
Q6512491	6000000176176146840
Q651253	6000000006264686026
Q65126053	6000000182752754852
Q65126230	6000000134790287315
Q65126761	6000000058181438015
Q65127235	6000000178100873827
Q65127724	6000000186409068838
Q65129104	6000000014937150254
Q6512943	6000000018568600162
Q65129911	6000000051334707821
Q65131	6000000181929385852
Q65131378	6000000116326361072
Q65132324	6000000054212141925
Q65132344	6000000148735904839
Q651329	6000000121492150833
Q65133	6000000001504709374
Q6513369	6000000023131292204
Q6513396	6000000054868220124
Q65134156	6000000010887133309
Q6513425	6000000004128136256
Q6513517	6000000007981809772
Q6513537	6000000092161510902
Q651358	6000000149946689845
Q65136	6000000181929274840
Q6513655	6000000001110421509
Q65136685	6000000019976081039
Q6513735	6000000008280961104
Q6513812	6000000008476739639
Q65139	6000000001397656691
Q6513908	6000000011491445527
Q6513965	6000000010749677658
Q6514418	6000000000302026383
Q6514493	6000000064339631060
Q6514501	6000000001843080549
Q65145325	6000000015200292490
Q65145364	6000000037561048885
Q65145480	6000000030123976475
Q65145679	4721915082160027189
Q651457	5231804513280116394
Q6514593	6000000038040953692
Q6514618	6000000025185450178
Q6514642	6000000035918213301
Q6514654	6000000004834133414
Q65146616	6000000182428652824
Q6514662	6000000024293502074
Q6514718	6000000027060524214
Q6514719	6000000202765503865
Q6514728	6000000019457302939
Q6514760	6000000052687770051
Q6514873	6000000110309363857
Q6514882	6000000013266311256
Q651490	6000000015242534320
Q65149724	6000000150925254876
Q6514975	6000000015805886168
Q6514980	6000000015799134105
Q65150865	6000000025911891017
Q65152055	6000000043382091886
Q65152713	6000000008379589723
Q6515299	6000000001421897683
Q65154	6000000015690741110
Q65154003	6000000001757324308
Q65154098	6000000050006955876
Q65156019	6000000040137380809
Q65156128	6000000049328116209
Q65156228	6000000055099554965
Q6515794	6000000013403599162
Q65159173	6000000093262985893
Q65159797	6000000018002892717
Q65159834	6000000193158542839
Q65161047	6000000016117854830
Q65161860	6000000017021421098
Q65162197	6000000008491202785
Q65162573	6000000089203215248
Q6516309	6000000041058029291
Q65163098	6000000061164744025
Q65163157	6000000206277695823
Q65163177	6000000011451165427
Q65163195	6000000015346160805
Q6516349	6000000011034397522
Q65163583	6000000129587508099
Q65163610	6000000090934136915
Q6516364	6000000037564497079
Q65164141	6000000173863644174
Q65164141	6000000173864199956
Q65164350	6000000088014350878
Q65164703	6000000015346711509
Q65164824	6000000040569269675
Q65165226	6000000014694922369
Q65165253	6000000085376482175
Q65165253	6000000210868930833
Q6516562	6000000177380458843
Q65165738	6000000045947651937
Q65166122	6000000084368162184
Q65166309	6000000190447208346
Q6516650	338355405450002323
Q65167183	6000000015150785072
Q65167248	6000000024386679077
Q65167330	6000000020880585772
Q6516750	6000000057348826952
Q65167529	6000000078656368858
Q65167650	6000000014946510560
Q65168061	6000000037423740859
Q65168589	6000000010310212107
Q6516885	6000000017340865147
Q6516899	6000000012193045954
Q65169499	6000000033475655524
Q65169515	6000000176897866836
Q65169600	6000000027126063156
Q65169600	6000000039039306978
Q65169603	6000000182147543890
Q65169895	6000000178728995821
Q65169919	6000000015153479676
Q65170	6000000002504747082
Q65170026	6000000001407101881
Q65170168	6000000000947367189
Q65170955	6000000007281305021
Q6517102	6000000038132889083
Q6517106	6000000006971658536
Q6517155	6000000011550602247
Q6517188	6000000012773879244
Q6517243	6000000034076524881
Q65172476	6000000016338508255
Q65173414	6000000000008554908
Q65173870	6000000006595373339
Q65175296	6000000178728962821
Q65175374	6000000178728765835
Q65175598	6000000037776836230
Q65175661	6000000194652989826
Q65175668	6000000012647955232
Q65175688	6000000194652055996
Q65176	6000000013469190944
Q651771	6000000019916833980
Q65180	6000000000327055398
Q65185	6000000000521419317
Q651852	6000000007218065462
Q6518660	6000000127238305837
Q651872	6000000104876055990
Q65187741	6000000006285132164
Q65189	6000000000566916987
Q651899	6000000151930941865
Q65190442	6000000000947532257
Q65190497	6000000067508250882
Q6519064	6000000023605549037
Q6519079	6000000177687445828
Q6519176	6000000015654133754
Q6519187	6000000018740828136
Q6519195	6000000140299639844
Q6519244	6000000041032890805
Q651926	6000000182551986861
Q6519373	6000000011360439408
Q6519391	6000000076117514939
Q6519404	6000000029525450902
Q6519406	6000000013013329623
Q6519418	6000000010582120009
Q6519422	6000000006335738602
Q6519424	6000000018949163199
Q6519435	6000000025152067836
Q6519441	6000000011906961448
Q6519458	6000000052368961935
Q65194596	6000000000759429100
Q65194746	6000000014395777562
Q6519478	6000000024793047423
Q6519480	6000000002417023153
Q6519677	6000000166392862482
Q65197127	6000000011755669823
Q6519735	6000000031370675834
Q651974	364424031480010522
Q6519787	6000000016512500260
Q6519901	6000000156502159871
Q6519925	6000000063390022821
Q65199408	6000000019237159040
Q65201	6000000002197306708
Q65201496	6000000072975889934
Q65202	6000000052896386938
Q65202752	6000000018465356508
Q65204	6000000015593834400
Q6520456	6000000019478033183
Q6520459	6000000000376770215
Q65204627	6000000183497138875
Q65205	6000000010844835734
Q652066	6000000014385476056
Q6520800	6000000009346625569
Q652083	6000000002553494391
Q6520845	6000000008518179714
Q65209	6000000010638198405
Q6520972	6000000007743188838
Q6521002	6000000011071349320
Q6521090	6000000001388904019
Q65212430	6000000059828441858
Q65212974	6000000068655150067
Q65213393	6000000006947126078
Q65214	6000000013548850723
Q652144	6000000020588724383
Q652145	6000000175589358868
Q65214951	6000000006813344132
Q65214974	6000000180130679880
Q6521533	6000000106247748037
Q6521538	6000000001075465731
Q65215394	6000000010697560471
Q65215431	6000000008968437471
Q65215436	6000000076773881523
Q65215471	6000000012985153721
Q6521567	6000000007454803117
Q6521576	6000000010364105581
Q6521584	6000000104927383835
Q65216121	4135494081350028426
Q65216142	6000000026810906261
Q65216200	6000000007891669764
Q65216722	6000000051945921831
Q65216942	6000000080625559926
Q6521778	6000000030484541403
Q65218055	6000000018241621328
Q65218157	6000000180475366889
Q65218546	6000000019567637581
Q65218607	6000000103215449837
Q65219	6000000041943887227
Q652195	6000000091242838837
Q652196	6000000164497468828
Q65221	6000000040202415677
Q652211	6000000082387742408
Q6522132	6000000168498627073
Q65223868	6000000003139171340
Q65224027	6000000024683298489
Q65224051	6000000012478665977
Q65224080	6000000005598803004
Q65224147	6000000016812709807
Q65224189	6000000016492601934
Q65224197	6000000016491714951
Q65224297	6000000015203672095
Q65224463	6000000017370133213
Q65224603	6000000016448876581
Q65224702	6000000016450130689
Q65224880	6000000025634342079
Q65225135	6000000003014990244
Q6522546	6000000078845628640
Q6522726	6000000005080589340
Q6522781	6000000040607227095
Q652281	6000000003446245579
Q65229155	6000000000038134995
Q652292	6000000023074187185
Q6522924	6000000055414707963
Q652295	6000000036604366036
Q65229609	6000000168993827878
Q65229661	6000000079023715271
Q6522969	6000000069446946471
Q65229983	6000000011556575216
Q65230	6000000026866119690
Q652301	6000000004293366975
Q65230298	6000000000923493017
Q65230873	6000000009703363331
Q6523093	6000000008034685472
Q6523095	6000000176573628877
Q65232	6000000005599001018
Q65232170	6000000018137018578
Q65234	6000000003375383789
Q6523537	6000000035557896295
Q65235409	6000000002792616736
Q6523567	6000000010826908606
Q65236151	6000000009501565365
Q6523681	6000000010764420439
Q6523712	6000000041453327859
Q6523724	6000000102011279884
Q6523768	6000000014131917518
Q65237917	6000000034061478929
Q6523813	6000000004995222797
Q6523814	6000000124781622882
Q6523818	6000000114875575826
Q6523843	6000000080990065843
Q6523864	6000000101449177953
Q6523878	6000000027431479598
Q65239	6000000015644768715
Q6523908	6000000006248850502
Q6523964	6000000083164151783
Q6524011	6000000079278168170
Q6524082	6000000042506533767
Q6524105	6000000030867216330
Q6524127	6000000001659978180
Q6524146	6000000003670124135
Q6524214	6000000026649233510
Q6524266	6000000002256010553
Q6524295	6000000012782059638
Q6524393	6000000075612666828
Q65244688	6000000032505162155
Q6524501	6000000037007574505
Q6524510	6000000115238269859
Q6524529	6000000017918500799
Q65245364	6000000008231121514
Q6524545	6000000000801100628
Q65245550	6000000088928140368
Q6524556	6000000055665600103
Q6524563	6000000125757585095
Q6524564	6000000176282365821
Q6524566	6000000018636069465
Q6524616	6000000024294682791
Q65246675	6000000002578803083
Q6524693	6000000071123840869
Q65246963	6000000018623561226
Q6524723	6000000028654478525
Q6524753	6000000003128270975
Q6524761	6000000020115753336
Q65248	6000000001504336318
Q6524850	6000000024102538373
Q6524857	6000000081024293055
Q6524874	6000000006666431411
Q652495	6000000026245623041
Q65249667	6000000011174382427
Q6525002	6000000173444624087
Q6525052	6000000005242879290
Q6525082	6000000017175274446
Q6525093	6000000030333346613
Q6525095	6000000029468873877
Q65251	5550951923260081574
Q6525125	6000000164064014215
Q652514	6000000001924256022
Q65251484	6000000006828847091
Q65251600	6000000029515499839
Q6525167	6000000003017432981
Q65251755	6000000004645231177
Q6525211	4225215479160069287
Q65252171	6000000007420350097
Q6525253	6000000007418635668
Q6525282	6000000008583020765
Q6525289	6000000006583310192
Q6525300	6000000000677534977
Q6525314	6000000015651565526
Q6525323	6000000043062469679
Q6525359	6000000079453130019
Q6525367	6000000003345710368
Q6525372	6000000032205606464
Q6525374	6000000002280312094
Q6525377	6000000008737076633
Q6525380	374681141440012389
Q6525386	6000000001779983778
Q6525408	6000000014018869221
Q6525457	6000000091688796072
Q6525463	6000000013532700979
Q6525484	6000000025678353230
Q65254886	6000000009580242056
Q6525496	6000000076279191852
Q6525501	6000000010546286466
Q6525508	6000000036929920954
Q6525509	6000000056965960822
Q6525510	6000000048167362371
Q6525517	6000000001994265230
Q6525519	6000000027640975481
Q6525583	6000000007851978415
Q6525596	6000000024571863535
Q6525635	6000000014120935554
Q6525654	6000000182309617829
Q6525672	6000000081282723861
Q6525757	6000000076227290938
Q6525762	6000000135603272150
Q652581	4638692632060031796
Q6525864	6000000028686495868
Q6525864	6000000034830126570
Q6525865	6000000150399572901
Q6525870	6000000029469154431
Q65259360	6000000063217111871
Q652595	6000000124153909905
Q65260	6000000015806057330
Q65262	6000000002764505404
Q65262292	6000000008771553887
Q6526293	6000000012391062745
Q65263053	6000000011399906302
Q65264	6000000177430398918
Q65264102	6000000025484501627
Q65264127	6000000087665232904
Q65264437	6000000006438787111
Q6526544	6000000053363076830
Q6526552	6000000026012872775
Q6526557	6000000018657945767
Q6526650	6000000001803949608
Q6526692	6000000015793693073
Q6526923	6000000065986078876
Q6526939	6000000007062966735
Q6526957	6000000009484052374
Q6526991	6000000014266329048
Q6526999	6000000019249886924
Q6527	6000000014145069293
Q6527009	6000000007963918358
Q6527022	6000000039570062092
Q6527024	6000000026089725209
Q6527049	6000000156544387846
Q6527050	6000000093416126825
Q6527063	6000000106864486936
Q6527093	6000000008368620981
Q65271	6000000024439772143
Q6527174	6000000180240362850
Q6527273	6000000020758794955
Q6527341	6000000077141872594
Q652763	6000000025619132955
Q65281304	6000000028753951955
Q652859	6000000125316603055
Q652869	6000000011174214114
Q65287	6000000010833110261
Q6528899	6000000031530234362
Q6528927	6000000035207570872
Q6528948	6000000015702258255
Q65292	6000000011467000327
Q65292532	6000000008478910732
Q6529275	6000000000307254394
Q65293	6000000003243449909
Q6529315	6000000001987073442
Q6529384	6000000007329532573
Q6529406	6000000035171568224
Q652975	6000000024439719155
Q6529765	6000000035441845428
Q65298269	6000000179803804824
Q652987	6000000012892665315
Q65299	6000000016511842417
Q6529975	4353661578250053939
Q6529991	6000000177010862822
Q6530	6000000033799174069
Q6530298	6000000001975344480
Q6530331	6000000010261879026
Q65304	6000000004999500001
Q6530421	6000000001195311404
Q6530599	6000000053560248833
Q6530704	6000000003403096857
Q6530705	6000000017803622103
Q6530715	6000000009238225745
Q653072	6000000064766820979
Q6530788	6000000048355969128
Q6530799	6000000036032376008
Q6530819	6000000023321231032
Q6530854	6000000000351109627
Q6530857	6000000010677316093
Q6530860	6000000180472843822
Q6530869	6000000004688623645
Q6531001	6000000036245987139
Q6531032	6000000028732905938
Q6531053	6000000047338125909
Q6531084	6000000020559143583
Q6531109	6000000182576217917
Q6531110	6000000011385040459
Q6531204	6000000062471948057
Q653125	6000000006789450256
Q653126	6000000028063844992
Q6531687	6000000007387094740
Q653169	6000000010658992830
Q65317	6000000079077385242
Q6531842	6000000015743280139
Q6531876	6000000006720438515
Q6531899	6000000040488299954
Q6531900	6000000178117180910
Q65319258	6000000011703624107
Q6531939	6000000006155591007
Q6531954	6000000177573481869
Q6531985	6000000011649525237
Q65321	6000000176904889833
Q653234	6000000003904550107
Q653285	6000000029177507701
Q6532996	6000000002802853396
Q65332	6000000000489470481
Q6533223	6000000038238195306
Q6533345	6000000073123425004
Q6533414	6000000179649662825
Q6533419	6000000000433430902
Q653366	6000000150217595841
Q65337	6000000043238199060
Q653387	6000000077904326560
Q6533883	6000000037364009085
Q65340	6000000045985636032
Q653413	6000000039825042851
Q6534478	6000000029582978836
Q6534770	6000000193440985830
Q6534781	6000000020053662827
Q6534788	6000000138461510821
Q653496	6000000014201331794
Q65350	6000000024680044847
Q65350894	6000000025069753214
Q65351	6000000011627460287
Q65351702	6000000008190802059
Q6535284	6000000080772086909
Q6535323	6000000045208543024
Q6535366	6000000022105528077
Q6535370	6000000057209415542
Q6535382	6000000019795234087
Q6535387	6000000104064183822
Q6535435	6000000043925265998
Q6535458	6000000003405957497
Q6535468	6000000105834733877
Q6535494	6000000003522656744
Q6535500	6000000083426289951
Q6535501	6000000183215156846
Q6535518	6000000040338125920
Q6535526	6000000008223559355
Q6535528	6000000001079605473
Q6535535	6000000003017862033
Q6535541	6000000002766308814
Q6535641	6000000015705418961
Q653571	6000000022075901873
Q6535742	6000000039869345864
Q6535897	6000000011972393842
Q653614	6000000027570672450
Q6536165	6000000031898918102
Q6536181	6000000027966063529
Q6536224	6000000013006753767
Q6536237	6000000011819898096
Q6536239	6000000114309707835
Q6536260	6000000007226261769
Q6536276	6000000003147188018
Q6536282	6000000039281205135
Q6536284	6000000012882791310
Q6536299	6000000040909050569
Q6536315	6000000017936628526
Q6536326	6000000073819880835
Q6536363	6000000021832062741
Q6536369	6000000015120415781
Q6536402	6000000015520183941
Q6536419	6000000029451968027
Q6536441	6000000048762659962
Q653645	6000000166193329118
Q6536509	6000000027596622224
Q6536524	6000000010132127324
Q6536525	6000000177424680844
Q6536547	6000000019370548120
Q6536553	6000000106710685903
Q6536570	5720834470670101958
Q6536582	6000000011278511273
Q6536595	6000000012596427000
Q6536606	6000000003714055014
Q653661	6000000150172057856
Q6536616	6000000013375400494
Q6536618	6000000014415560571
Q6536624	6000000046963299989
Q6536635	6000000011820536986
Q6536643	312416262460005784
Q65366484	6000000026298772504
Q6536659	6000000076146367851
Q6536674	6000000043740383223
Q6536675	6000000025084149017
Q6536677	6000000012153875582
Q6536682	6000000011820599007
Q6536683	6000000021946936461
Q6536684	6000000042024387260
Q6536754	6000000043658924216
Q653677	6000000059449348047
Q6536780	4825158311310042537
Q6536795	6000000122946063821
Q6536798	6000000024510093104
Q6536859	6000000010895793990
Q6536876	6000000013725000220
Q6536887	6000000018937677319
Q6536895	6000000005624733664
Q6536900	6000000000197862600
Q6536923	6000000040421009713
Q6536926	6000000017268890262
Q6536938	6000000053804824853
Q6536939	6000000025360960258
Q6536960	6000000007756032806
Q6536977	6000000066702908821
Q6536981	6000000006295560272
Q6537048	6000000014517588064
Q6537050	6000000017353258201
Q6537070	2734142
Q6537074	5013332554020118429
Q6537082	6000000039184974265
Q6537089	6000000079540412044
Q6537107	6000000003540578636
Q6537122	6000000082852445898
Q653713	6000000007380528302
Q6537151	6000000019481628733
Q6537159	6000000008682644579
Q6537161	6000000014255024118
Q6537163	6000000010463564297
Q6537167	6000000000840977056
Q6537170	6000000054940441885
Q6537190	6000000170299015825
Q6537196	6000000050095865823
Q65376	6000000008429090856
Q6537736	6000000012909748258
Q6538	6000000014744040091
Q653809	6000000022655152893
Q653834	6000000010934478762
Q653839	6000000145608710822
Q653847	6000000017853360210
Q6538737	6000000032447028190
Q6538838	6000000075346146007
Q6538859	6000000074738670164
Q6538971	6000000075405551967
Q6539062	6000000075424534864
Q6539077	6000000075425474919
Q6539084	6000000075405574904
Q6539105	6000000074749120934
Q65391976	6000000007740969189
Q65391980	6000000017963511569
Q6539386	6000000012699539857
Q653990	6000000026576358227
Q6539954	6000000010466230498
Q6539969	6000000014111552353
Q6539974	6000000075607522880
Q6540245	6000000016755518606
Q6540384	6000000207402203845
Q6540449	6000000002185620344
Q6540464	6000000071449834255
Q654047	6000000019056070229
Q6540517	6000000007337530313
Q6540523	6000000007337172821
Q65406	6000000111030586840
Q6540867	6000000012306123406
Q65409237	6000000003709783148
Q6541993	6000000044439958986
Q6542427	6000000001421599798
Q65428	6000000054209808828
Q65428659	6000000028549380491
Q6542929	6000000031825405315
Q6542955	6000000180851192822
Q65432	6000000013331771165
Q654356	6000000010583139474
Q654356	6000000070618756308
Q6543683	6000000034920416361
Q654376	6000000007319443234
Q6544051	6000000119722357952
Q6544227	6000000002188470460
Q654459	6000000025650741052
Q654473	6000000025650906046
Q6544743	6000000002188470423
Q65449	6000000025752108040
Q654513	6000000176914697838
Q65454	6000000032548660865
Q65455796	5148988210070047136
Q65455813	6000000131263673825
Q65455855	6000000012875724041
Q654559	6000000013184097295
Q65460	6000000019477454744
Q65460884	6000000001504251453
Q654635	6000000005796966019
Q65465008	6000000012356366404
Q65465014	6000000119915593832
Q65466	6000000026481025586
Q654664	6000000156497057822
Q654686	6000000084224752840
Q6546973	6000000065437932850
Q6546991	6000000010439236753
Q654730	6000000015121362328
Q6547430	6000000009607222692
Q6547459	6000000032577236829
Q654747	6000000036547130890
Q6547481	6000000055255905101
Q654753	6000000001164871112
Q65475823	6000000207117057847
Q6547623	6000000002997294319
Q6547634	6000000080938518985
Q6547704	6000000018702175382
Q6547710	6000000020206408306
Q6547714	6000000001843012248
Q654775	6000000000128191591
Q6547787	6000000036525826888
Q654779	6000000003225373192
Q6547857	6000000221795372852
Q65479491	6000000144679673952
Q6547977	6000000022809878872
Q6548089	6000000013414564257
Q6548100	6000000004850782701
Q6548136	6000000003129398072
Q6548149	6000000025416352866
Q6548159	6000000077895205518
Q6548168	6000000076931071977
Q6548175	6000000039082940048
Q6548210	6000000032556321037
Q65482395	6000000011448214612
Q6548258	6000000080988021822
Q6548264	6000000019945070953
Q6548268	6000000037088184984
Q6548273	6000000041990717831
Q6548281	6000000000497283146
Q654831	6000000015928361029
Q654848	6000000040296867098
Q6548485	6000000056968644954
Q6548526	6000000017796843408
Q6548530	6000000013678634865
Q6548542	6000000015035660668
Q6548567	6000000005441428980
Q65486222	6000000017615773992
Q65486252	6000000009047987020
Q654867	6000000003219718351
Q65488095	4500932260350024215
Q654886	6000000002518346963
Q65489	6000000030873784821
Q6549044	6000000015721545161
Q65493	6000000041898640755
Q6549336	6000000014110129981
Q65493427	6000000011551636924
Q6549346	6000000185569993096
Q6549357	6000000183587342925
Q654942	6000000025941186581
Q65494333	6000000183383671486
Q65496135	6000000154564634833
Q654973	6000000142752957827
Q6549935	6000000023251381911
Q6550042	6000000090710629914
Q65501	6000000173937223207
Q65501428	6000000002676376669
Q6550218	6000000027103244340
Q6550235	6000000022671637860
Q6550235	6000000041188015320
Q65502720	6000000175727358870
Q65503876	6000000002977027583
Q65504	6000000066283096908
Q65504265	6000000076681133726
Q655043	6000000072053178821
Q655048	6000000018268297074
Q6550499	6000000029490804760
Q65505	6000000064942295845
Q6550512	6000000022953325890
Q6550521	6000000036290724104
Q6550592	6000000011157001918
Q6550601	6000000024779272598
Q6550623	6000000013925312127
Q6550780	6000000001768316347
Q655083	6000000017095121095
Q6550845	6000000003250040582
Q65508938	6000000003027752497
Q65509	6000000002188416841
Q655094	6000000016475545562
Q65510254	6000000032468743590
Q655110	6000000091193168827
Q65511807	6000000015579349662
Q65511865	6000000002676457587
Q655120	6000000012242946523
Q65512013	6000000002676397535
Q655122	6000000018478042666
Q65512484	6000000020180108832
Q65512492	6000000028882754147
Q65512530	6000000077914277982
Q65512588	6000000015717917544
Q65512592	6000000015717753963
Q6551441	6000000014623041382
Q655149	6000000069416338829
Q6551490	6000000016044044380
Q65515135	6000000000008565491
Q6551534	6000000001357224284
Q6551537	6000000018920618010
Q65515728	6000000000728605213
Q65515746	6000000006870141232
Q6551575	6000000015732767202
Q655163	6000000084182215884
Q6551749	6000000015697502272
Q65517873	6000000017385282115
Q65518	6000000000369974214
Q6551924	6000000180040630832
Q6551995	6000000054962855915
Q6552074	6000000115670796926
Q655213	6000000073176184949
Q655221	6000000018032700339
Q6552556	6000000015755405496
Q655274	6000000007664026602
Q655347	6000000005584103178
Q655350	6000000047981936203
Q65537	6000000070693521970
Q6553882	6000000075402941062
Q655400	6000000014194613515
Q65546295	6000000018137684897
Q6554670	6000000018010579181
Q6554671	6000000103503938878
Q65547160	6000000007619862373
Q65548366	6000000138545682978
Q655484	6000000002531170950
Q65548442	6000000016832355614
Q65548994	6000000029947077986
Q6554926	6000000016941564944
Q6554936	6000000018604006086
Q655494	6000000031559026669
Q6555004	6000000017879424257
Q65550110	6000000104025035926
Q65550643	6000000044050623541
Q655521	6000000000351107729
Q65553166	6000000006796376321
Q65553199	6000000006783189917
Q65553248	6000000002633020209
Q65553271	6000000012491982534
Q65553319	6000000012491833888
Q65553353	6000000003273396807
Q65553362	6000000003273408070
Q65553377	6000000006769315784
Q65553381	6000000020880458312
Q65553384	6000000014659977470
Q65553386	6000000003273396794
Q65553386	6000000006634450002
Q65553410	6000000083948103162
Q65553498	6000000037759183166
Q65553649	6000000053399025854
Q655548	6000000009182931724
Q65554829	6000000104123765856
Q655549	6000000033279376548
Q65555152	6000000018099437035
Q6555534	6000000009398144613
Q6555540	6000000178923442906
Q6555545	6000000030044261890
Q6555554	6000000011337232890
Q6555586	6000000018210827923
Q6555592	6000000006444777273
Q6555593	6000000006444777297
Q6555603	6000000026464255737
Q6555615	6000000002188386786
Q6555620	6000000016585290976
Q6555623	6000000015175648579
Q6555629	6000000090578522825
Q6555638	6000000013425825435
Q65556470	6000000057136879824
Q6555660	6000000039312157871
Q6555675	6000000034978968595
Q6555706	6000000011127082476
Q65557121	6000000013991222339
Q65557360	6000000084813728542
Q6555746	6000000037093560170
Q6555748	6000000004377646707
Q655575	6000000007220360682
Q6555778	6000000014733652758
Q6555779	6000000026588433103
Q6555785	6000000095454243009
Q6555788	6000000009614883109
Q6555789	6000000056525351365
Q6555795	6000000010177394425
Q6555801	6000000041272546356
Q6555814	6000000007177855578
Q6555815	5396171900270038097
Q6555816	6000000002188674024
Q6555817	6000000011107784429
Q6555844	6000000003659475265
Q65558574	6000000057458747980
Q65558745	6000000022859966642
Q65559605	6000000008141733856
Q65559812	6000000174423108911
Q65560011	6000000002186025483
Q65560035	6000000022860842091
Q655601	6000000006783848347
Q65560550	6000000009959110627
Q65560830	6000000008231180995
Q65561120	6000000008251270352
Q6556136	6000000015324683103
Q65561365	6000000016028079175
Q65562004	6000000027323982395
Q65562317	6000000183383671057
Q65562328	6000000016522075387
Q65562346	6000000013948755048
Q65562675	6000000181815483829
Q655637	6000000041262278533
Q65563782	6000000002649110650
Q65564983	6000000001388971796
Q655660	6000000006101157752
Q655687	6000000012242132986
Q6556963	6000000013043705644
Q6556993	6000000180329650825
Q65570	6000000027937140457
Q6557023	6000000009938134853
Q65572315	6000000013375032711
Q6557236	6000000081845562882
Q6557265	6000000016976703182
Q6557349	6000000016475659389
Q655762	6000000179239437846
Q655778	6000000004095722822
Q655779	6000000035477902314
Q6557799	6000000176372184821
Q6557825	6000000058265371048
Q6557933	6000000041659530910
Q655807	6000000014656499534
Q655809	6000000012440269408
Q6558106	6000000172293590421
Q65581288	6000000022669646236
Q6558577	6000000019390620765
Q65586572	6000000026532415059
Q6558725	6000000019170234588
Q6558736	6000000013173978518
Q6558757	6000000000137551626
Q65588822	6000000183431922898
Q65588900	6000000027473165553
Q65588955	6000000039231693447
Q65588955	6000000224022640852
Q65589	6000000085572633856
Q65589122	6000000089501090871
Q65589206	6000000025049237218
Q65589312	6000000013488980843
Q6558985	6000000064122024062
Q65590251	6000000016916485475
Q6559049	6000000180916331822
Q65590972	6000000078283664845
Q655913	6000000069458359886
Q65595978	6000000128923149840
Q65596371	6000000027473246705
Q65596943	6000000104156796971
Q65598544	6000000008926616597
Q65600	6000000079214983614
Q65600722	6000000171701817504
Q65600731	6000000014569765793
Q65600734	6000000014570639037
Q65600735	6000000014570506304
Q65600737	6000000014570478141
Q65600744	6000000014570707072
Q65600745	6000000014570689025
Q65600748	6000000014570682149
Q65600757	6000000014570603356
Q65600759	6000000014570463257
Q65600768	6000000065568665859
Q656035	6000000071905107247
Q65604201	6000000050605951117
Q65604484	6000000022932739881
Q656052	6000000036288575707
Q65613055	6000000149625990922
Q65613536	6000000036514088962
Q65613543	6000000053596178919
Q6561668	6000000180896554830
Q65616874	6000000182640322827
Q65617406	6000000011060757551
Q65619738	6000000015152315910
Q65619757	6000000011755860162
Q65619761	6000000012042882154
Q65619761	6000000038236259648
Q65619763	6000000024948542189
Q65619784	6000000024948014771
Q65619785	6000000015152209735
Q65619796	6000000042396676789
Q65619798	6000000089782519082
Q65619800	6000000130754697836
Q65619808	6000000038227257045
Q656200	6000000011692468199
Q65620038	6000000000106331537
Q65621667	6000000123211749037
Q656220	6000000012813514309
Q65622516	6000000000590159366
Q65622907	6000000098829565163
Q6562310	6000000000713135609
Q656241	6000000056197684899
Q656258	6000000029732530266
Q656266	6000000016101510288
Q65628	6000000020574921671
Q656292	6000000011058643731
Q65633978	6000000006275146209
Q656358	6000000166019550822
Q65640479	6000000001360687245
Q65642311	6000000181452708877
Q65642388	6000000109726356844
Q65642563	6000000147469477859
Q65643427	6000000035683947227
Q65643666	6000000003943200392
Q65644	6000000016991878025
Q65647	6000000001547676181
Q656477	6000000037306716965
Q656478	6000000003040835694
Q656479	6000000014136921945
Q65648	6000000014812055816
Q65648	6000000041114020676
Q65648480	6000000064016450821
Q65648512	5642516985450065381
Q65648584	6000000181715449832
Q65649992	6000000021705086039
Q656507	5414302763320085127
Q656511	6000000018031781411
Q65657699	6000000002600160053
Q65657764	6000000018684696022
Q65657765	6000000128364340823
Q656578	6000000136972923997
Q65657939	6000000006620644852
Q65658693	6000000175626573928
Q65658899	6000000075286133990
Q65659051	6000000012972166874
Q65659213	6000000006285124186
Q65659221	6000000006284792650
Q65659246	6000000000040515209
Q65659371	6000000002764365462
Q65660783	6000000000829815003
Q656626	6000000007337309666
Q656629	6000000175934263883
Q656642	6000000000491424408
Q65665236	6000000174548250034
Q65665395	6000000006862179197
Q65665723	4957548570900052156
Q65665743	6000000005621632021
Q65665751	6000000183353501085
Q65666	6000000185905655845
Q65666289	6000000026257036431
Q656700	6000000163835681862
Q6567101	6000000136311339960
Q65672371	6000000030966659858
Q6567261	6000000013173096528
Q656754	6000000099165399861
Q65675438	6000000030635935576
Q6567787	6000000038239812070
Q6567787	6000000212948216846
Q65679766	6000000024033367751
Q65679935	6000000014711038592
Q65679937	6000000040298731533
Q65679941	6000000040324870642
Q65679943	6000000073194826213
Q65679985	6000000178572656823
Q65680	6000000014282651569
Q65680089	6000000018821039787
Q65680121	6000000021435228508
Q65682027	6000000021592222571
Q65682213	6000000177808800828
Q65682585	6000000082676283847
Q65683	6000000090790525996
Q65683888	6000000014551966239
Q65683906	6000000081782714381
Q65683956	6000000182366433684
Q65684000	6000000002410095570
Q65684060	6000000022785752224
Q65684133	6000000047514872910
Q65684309	6000000002573142052
Q65685079	6000000042464358977
Q656901	6000000001272355013
Q65693	6000000034733488101
Q65695	6000000004004247501
Q656969	6000000020052788427
Q65697611	6000000011246662123
Q65697961	6000000053596353833
Q65698	6000000025031200382
Q65698011	6000000021590133305
Q656981	6000000026382326910
Q65702	6000000025272527216
Q65704	6000000001545596804
Q65705909	6000000027005696931
Q65706017	6000000000550085435
Q65706021	6000000007455250636
Q65706036	6000000044553450711
Q65706047	6000000035373552984
Q65706071	6000000009412714861
Q65706144	6000000009749349185
Q65706177	6000000039319367337
Q65706307	6000000014552026355
Q65706308	6000000002764690731
Q65706324	6000000001873808505
Q65706587	6000000046248475930
Q65707180	6000000129141418821
Q657077	6000000046406382232
Q65710	6000000008918306790
Q6571090	6000000041338320966
Q65713	6000000001389913914
Q657137	6000000001504274387
Q657148	6000000077377315316
Q65718196	5396813155380065607
Q65718590	6000000010012449363
Q65718644	6000000010012304543
Q65718651	6000000010012254757
Q65718666	6000000010012321743
Q65718811	6000000066730109878
Q657191	6000000011263828510
Q6572157	6000000001618514558
Q657232	6000000023221820821
Q657301	6000000002280348443
Q65730906	6000000016203897521
Q65734788	6000000096227409735
Q657367	6000000186245574479
Q657368	6000000074715108906
Q657379	6000000052500310062
Q65740178	6000000049223852899
Q657402	6000000028208090439
Q657417	6000000015529546876
Q657432	6000000084171460861
Q65745978	6000000020603044470
Q657475	6000000013086821997
Q65749	6000000079217697876
Q657500	6000000033293876371
Q65751	6000000025969711037
Q657515	6000000018207261744
Q65752060	6000000024330841376
Q6575221	6000000011177280851
Q657541	6000000028054094292
Q65755384	6000000013505875125
Q657569	6000000003642202912
Q657576	6000000042258169499
Q65760	6000000006127668281
Q65762288	6000000033496893039
Q657636	6000000001369733240
Q65764	6000000142447047907
Q65766	6000000117893148841
Q65766586	6000000090849956900
Q65767586	6000000041367471726
Q65768922	6000000083171370173
Q65769282	6000000016730343477
Q65769407	6000000017099482459
Q65769473	6000000062656401916
Q65769610	6000000036096720830
Q65770502	6000000103036749869
Q65772	6000000007492331300
Q657778	6000000003146871080
Q657787	6000000026592944887
Q65780518	6000000105924213834
Q657814	6000000012617406308
Q65782	6000000030062840255
Q6578208	6000000075577304350
Q657828	6000000054119625882
Q657848	6000000000963625032
Q6578723	6000000007804067905
Q65789793	6000000068642324864
Q65794758	6000000182896908830
Q6579565	6000000080085422775
Q6579597	6000000007633176011
Q65796759	6000000135728624826
Q65797284	6000000003441103722
Q65797976	6000000037532699751
Q6579800	6000000009034122673
Q65798430	6000000075420211183
Q65798432	6000000075429491838
Q65798434	6000000075428278316
Q65798435	6000000075428922049
Q65798477	6000000075429526842
Q65798478	6000000074736794839
Q65798479	6000000075429403934
Q65798481	6000000075429661830
Q65798482	6000000075429611835
Q65798483	6000000075427565635
Q65798484	6000000075429606854
Q65798485	6000000074716891348
Q65798486	6000000075427185741
Q65798487	6000000075429689822
Q65798488	6000000075429592879
Q65798489	6000000075429576859
Q65798490	6000000075429529898
Q65798491	6000000075429510873
Q65798492	6000000075429325992
Q65798493	6000000075429427942
Q65798494	6000000075428306369
Q65798495	6000000075429552899
Q65798497	6000000075429142063
Q65798501	6000000075429738843
Q65798502	6000000075429596881
Q65798504	6000000075429834838
Q65798506	6000000075429552914
Q65798512	6000000074791738985
Q65798513	6000000074791545203
Q65798514	6000000017555247903
Q65798516	6000000075430001867
Q65798518	6000000075429801924
Q65798519	6000000075429681968
Q65798520	6000000075429787930
Q65798521	6000000075427565762
Q65798522	6000000075430039851
Q65798523	6000000075429949891
Q65798524	6000000075429042266
Q65798525	6000000075430139848
Q65798526	6000000075428354413
Q65798527	6000000075429851915
Q65798528	6000000075430092852
Q65798529	6000000075430085868
Q65798530	6000000074792005843
Q65798531	6000000074791893925
Q65798532	6000000074791624077
Q65798533	6000000075427565798
Q65798534	6000000075429707968
Q65798535	6000000075430043919
Q65798536	6000000075430016873
Q65798537	6000000075430231879
Q65798538	6000000075430297822
Q65798539	6000000075430193853
Q65798540	6000000075430300823
Q65798541	6000000075429846052
Q65798542	6000000075430020976
Q65798543	6000000075430388822
Q65798544	6000000075429540052
Q65798547	6000000075430335932
Q65798548	6000000075430363938
Q65798550	6000000075430159912
Q65798551	6000000075428354584
Q65798552	6000000075430031024
Q65798553	6000000075430451916
Q65798554	6000000075428514595
Q65798555	6000000075430710824
Q65798556	6000000075430267012
Q65798557	6000000075430658846
Q65798558	6000000075430682898
Q65798559	6000000075430340969
Q65798560	6000000075430587885
Q65798561	6000000075430684912
Q65798562	6000000075430464928
Q65798563	6000000075430739843
Q65798564	6000000075430614876
Q65798565	6000000075430412014
Q65798566	6000000075430894848
Q65798567	6000000075430833874
Q65798568	6000000075430899837
Q65798569	6000000074698459841
Q65798570	6000000075430277927
Q65798571	6000000075430514839
Q65798572	6000000075430358909
Q65798573	6000000075430787904
Q65798574	6000000075430672927
Q65798575	6000000075430336931
Q65798576	6000000075430505832
Q65798577	6000000075430743895
Q65798578	6000000075428354530
Q65798579	6000000075430340913
Q65798580	6000000075430757872
Q65798581	6000000075429948213
Q65798582	6000000075431001837
Q65798583	6000000075430162037
Q65798584	6000000075431099827
Q65798585	6000000075431135834
Q65798586	6000000075430903863
Q65798588	6000000075430653974
Q65798589	6000000075431163847
Q65798590	6000000075431181835
Q65798591	6000000075431232855
Q65798592	6000000075430798022
Q65798593	6000000075430354034
Q65798594	6000000074703716843
Q65798595	6000000075430590020
Q65798596	6000000075431062875
Q65798597	6000000075429435339
Q65798598	6000000075431099898
Q65798599	6000000075431275825
Q65798600	6000000075430762941
Q65798601	6000000075431206877
Q65798602	6000000075431282869
Q65798603	6000000075430936927
Q65798604	6000000075430463138
Q65798605	6000000075431365855
Q65798606	6000000075430143252
Q65798607	6000000075430824067
Q65798608	6000000075431066962
Q65798609	6000000075430892045
Q65798610	6000000075431429878
Q65798611	6000000075431339928
Q65798612	6000000074712198028
Q65798613	6000000074786494837
Q65798614	6000000075431674822
Q65798615	6000000075431561876
Q65798616	6000000075430953173
Q65798617	6000000075431388921
Q65798618	6000000075430889040
Q65798619	6000000075480514233
Q65798621	6000000075479660748
Q65798622	6000000075480873977
Q65798623	6000000075480815120
Q65798624	6000000075481223852
Q65798625	6000000074785985955
Q65798626	6000000075480874002
Q65798627	6000000075481264830
Q65798628	6000000075481069987
Q65798629	6000000075480589273
Q65798630	6000000075481007010
Q65798631	6000000075480478348
Q65798632	6000000074737301875
Q65798633	6000000075481235851
Q65798634	6000000075481208894
Q65798635	6000000075480174533
Q65798636	6000000075481134934
Q65798637	6000000075481276865
Q65798638	6000000075481337834
Q65798639	6000000075481112976
Q65798640	6000000075481275900
Q65798641	6000000075481271896
Q65798642	6000000075481334860
Q65798643	6000000075481361849
Q65798644	6000000075481345843
Q65798646	6000000075480625295
Q65798647	6000000075481245124
Q65798649	6000000075481713822
Q65798650	6000000075481653866
Q65798651	6000000075481644915
Q65798652	6000000075481813822
Q65798653	6000000075481518023
Q65798654	6000000075481619960
Q65798655	6000000075481298159
Q65798656	6000000075481458090
Q65798657	6000000075481850860
Q65798658	6000000075481386117
Q65798659	6000000075481912822
Q65798660	6000000075481354191
Q65798662	6000000075481547073
Q65798663	6000000075481586981
Q65798664	6000000075481832900
Q65798665	6000000075480985423
Q65798666	6000000075481270213
Q65798667	6000000075481017325
Q65798668	6000000075481608034
Q65798669	6000000075481816944
Q65798670	6000000075481556047
Q65798671	6000000075481950858
Q65798672	6000000075481606016
Q65798673	6000000074792120831
Q65798674	6000000075481458165
Q65798675	6000000074687605004
Q65798676	6000000075481896028
Q65798677	6000000075481908897
Q65798678	6000000075481580133
Q65798679	6000000075481577262
Q65798681	6000000075481580151
Q65798683	6000000075481335273
Q65798684	6000000075481362214
Q65798685	6000000075481959950
Q65798686	6000000075481716075
Q65798687	6000000075481580172
Q65798688	6000000075480838698
Q65798690	6000000075482139836
Q65798691	6000000075481009627
Q65798692	6000000075481486419
Q65798693	6000000075482041860
Q65798694	6000000075480838790
Q65798695	6000000075481860028
Q65798696	6000000075482270823
Q65798697	6000000075481576237
Q65798698	6000000075482205869
Q65798699	6000000075481905054
Q65798700	6000000075481790077
Q65798701	6000000075482103982
Q65798702	6000000075482141908
Q65798703	6000000075481688212
Q65798704	6000000075481671197
Q65798705	6000000075481236501
Q65798706	6000000075482040996
Q65798707	6000000075482173890
Q65798708	6000000075481355509
Q65798709	6000000075481458341
Q65798710	6000000075482328891
Q65798711	6000000075482355869
Q65798712	6000000075482195919
Q65798713	6000000075482113020
Q65798714	6000000075482307907
Q65798715	6000000075482092020
Q65798716	6000000075482190052
Q65798718	6000000075481880196
Q65798723	6000000075482442897
Q65798724	6000000075482349948
Q65798725	6000000075481608389
Q65798726	6000000075482354975
Q65798727	6000000075482047190
Q65798728	6000000075481466578
Q65798729	6000000075482254059
Q65798730	6000000075482372984
Q65798732	6000000075482219077
Q65798733	6000000075482527858
Q65798734	6000000075481880301
Q65798735	6000000075482194064
Q65798736	6000000075482365995
Q65798738	6000000075482366002
Q65798739	6000000074712398962
Q65798740	6000000075481671429
Q65798741	6000000075482553852
Q65798742	6000000075482367009
Q65798743	6000000075482468989
Q65798745	6000000075481616580
Q65798749	6000000075482406020
Q65798750	6000000075481386562
Q65798751	6000000075482406042
Q65798753	6000000075481466685
Q65798754	6000000075482327149
Q65798755	6000000075482617902
Q65798756	6000000075482743822
Q65798758	6000000075481607575
Q65798760	6000000075482390043
Q65798761	6000000075481671566
Q65798762	6000000075481466741
Q65798763	6000000075481506699
Q65798767	6000000075482706896
Q65798769	6000000075482477147
Q65798770	6000000074692664860
Q65798771	6000000075482352312
Q65798772	6000000075482186326
Q65798773	6000000075482194316
Q65798774	6000000075482839919
Q65798775	6000000075482738006
Q65798776	6000000075482946922
Q65798777	6000000075482964898
Q65798778	6000000075482734098
Q65798779	6000000074726053916
Q65798780	6000000075483110853
Q65798781	6000000075482724043
Q65798782	6000000075483029970
Q65798783	6000000075482908985
Q65798784	6000000075481950559
Q65798785	6000000075482186471
Q65798786	6000000075483199838
Q65798787	6000000075482341404
Q65798788	6000000075483247896
Q65798789	6000000075483380822
Q65798790	6000000075483376829
Q65798791	6000000075483195885
Q65798792	6000000075483174908
Q65798793	6000000075483114881
Q65798794	6000000075483402836
Q65798795	6000000075483024047
Q65798797	6000000075482838160
Q65798798	6000000075482847177
Q65798799	6000000075482128612
Q65798800	6000000075483153091
Q65798801	6000000075483024070
Q65798802	6000000075483017143
Q65798803	6000000075483514838
Q65798804	6000000075483033193
Q65798805	6000000075483327063
Q65798806	6000000075483454901
Q65798807	6000000075483629834
Q65798808	6000000075482665426
Q65798809	6000000075481950801
Q65798810	6000000075483396095
Q65798811	6000000075483317986
Q65798812	6000000075482972248
Q65798813	6000000075483402055
Q65798814	6000000075483252037
Q65798815	6000000075483508902
Q65798816	6000000075483652864
Q65798817	6000000075483897889
Q65798818	6000000075483936849
Q65798819	6000000075483446229
Q65798820	6000000075483986867
Q65798821	6000000075483506180
Q65798822	6000000075482819459
Q65798823	6000000075483722040
Q65798824	6000000075484134879
Q65798825	6000000075483945018
Q65798826	6000000075484241833
Q65798827	6000000075483565124
Q65798828	6000000075484122912
Q65798829	6000000075484124940
Q65798830	6000000075484084897
Q65798831	6000000075484326833
Q65798832	6000000075484327839
Q65798833	6000000075484254868
Q65798834	6000000075484181889
Q65798835	6000000075484200987
Q65798836	6000000075484438880
Q65798837	6000000075484360923
Q65798838	6000000075484446918
Q65798839	6000000075484553836
Q65798840	6000000075484229007
Q65798842	6000000075484589864
Q65798843	6000000075483473501
Q65798844	6000000075484685823
Q65798846	6000000075484493000
Q65798847	6000000075484460978
Q65798848	6000000075484052214
Q65798849	6000000075429275063
Q65798850	6000000075483624513
Q65798851	6000000075484376103
Q65798852	6000000075484794852
Q65798853	6000000075484730908
Q65798854	6000000075484832844
Q65798855	6000000075484549045
Q65798856	6000000075484419141
Q65798857	6000000075484503112
Q65798858	6000000075484948839
Q65798859	6000000075484702963
Q65798860	6000000075484399152
Q65798861	6000000075484559113
Q65798862	6000000075484924951
Q65798863	6000000075484593066
Q65798864	6000000075484736049
Q65798865	6000000075484859967
Q65798866	6000000075485126845
Q65798867	6000000075485296849
Q65798868	6000000075485122891
Q65798869	6000000075484515248
Q65798870	6000000075484364373
Q65798871	6000000075484631136
Q65798872	6000000075485168985
Q65798873	6000000075485155012
Q65798874	6000000075485404872
Q65798875	6000000075485398898
Q65798877	6000000075484856179
Q65798878	6000000075485324039
Q65798879	6000000075485099115
Q65798880	6000000075485549903
Q65798881	6000000075485265146
Q65798882	6000000075485155147
Q65798883	6000000075484061723
Q65798884	6000000075485569932
Q65798885	6000000075485582940
Q65798886	6000000075485679908
Q65798887	6000000075484691502
Q65798888	6000000075485953871
Q65798889	6000000075486017878
Q65798890	6000000075485886979
Q65798891	6000000075486116891
Q65798892	6000000075485762043
Q65798893	6000000075486283838
Q65798894	6000000075486239854
Q65798895	6000000075485853003
Q65798896	6000000075485324394
Q65798898	6000000075486092055
Q65798899	6000000075485959002
Q65798900	6000000075486032035
Q65798902	6000000075485840296
Q65798904	6000000075486469924
Q65798905	6000000075486593851
Q65798906	6000000075486580904
Q65798907	6000000075486413051
Q65798908	6000000075486414002
Q65798909	6000000075486662904
Q65798910	6000000075486446017
Q65798911	6000000075485970232
Q65798912	6000000075486562045
Q65798913	6000000075486162248
Q65798914	6000000075486471005
Q65798915	6000000075486470056
Q65798916	6000000075486550054
Q65798917	6000000075486412116
Q65798918	6000000075486507007
Q65798919	6000000075486947829
Q65798920	6000000075486003278
Q65798921	6000000075486820914
Q65798922	6000000075486923859
Q65798923	6000000075486638198
Q65798924	6000000075487399872
Q65798925	6000000075487335092
Q65798926	6000000075487544826
Q65798927	6000000075486915205
Q65798928	6000000075487008136
Q65798929	6000000075487490991
Q65798930	6000000075487074278
Q65798931	6000000075487483083
Q65798932	6000000075487617972
Q65798933	6000000075487334115
Q65798934	6000000075487865853
Q65798936	6000000075487842886
Q65798937	6000000075487559099
Q65798938	6000000075487925889
Q65798939	6000000075487879993
Q65798940	6000000075487901950
Q65798941	6000000075487654156
Q65798942	6000000075488016920
Q65798943	6000000075487832970
Q65798944	6000000075487927963
Q65798945	6000000075488034923
Q65798946	6000000075415638105
Q65798947	6000000075488143903
Q65798948	6000000075488054949
Q65798949	6000000075487823108
Q65798950	6000000075487995077
Q65798951	6000000075488308847
Q65798952	6000000075488276919
Q65798953	6000000075487388338
Q65798954	6000000075488356824
Q65798955	6000000075488363825
Q65798956	6000000075487739118
Q65798957	6000000075488300886
Q65798958	6000000075488263870
Q65798959	6000000075488311865
Q65798960	6000000075488272907
Q65798961	6000000075488034038
Q65798962	6000000075487388352
Q65798963	6000000075488421822
Q65798964	6000000075488301845
Q65798965	6000000075488414834
Q65798966	6000000075488025080
Q65798967	6000000075487515258
Q65798968	6000000075488202993
Q65798970	6000000075488131008
Q65798971	6000000075488101037
Q65798972	6000000075488597824
Q65798973	6000000075488308904
Q65798974	6000000075488570840
Q65798975	6000000075487539379
Q65798976	6000000075488573843
Q65798977	6000000075487745289
Q65798978	6000000075488470911
Q65798979	6000000075488512931
Q65798980	6000000075488753822
Q65798981	6000000075488763854
Q65798982	6000000075488854913
Q65798983	6000000075488866882
Q65798984	6000000075488475188
Q65798985	6000000075489057822
Q65798987	6000000075487925310
Q65798988	6000000075488794951
Q65798989	6000000075488785012
Q65798990	6000000075488119275
Q65798991	6000000075487618430
Q65798992	6000000075489139840
Q65798993	6000000075488435145
Q65798994	6000000075487903494
Q65798996	6000000075488271301
Q65798997	6000000075488761119
Q65798998	6000000075489351890
Q65798999	6000000075489478847
Q65799000	6000000075488782193
Q65799001	6000000075489064034
Q65799002	6000000075489529838
Q65799003	6000000075489212941
Q65799004	6000000075489597874
Q65799005	6000000075489507925
Q65799006	6000000075489458932
Q65799007	6000000075489447986
Q65799008	6000000075489579909
Q65799011	6000000075489894856
Q65799012	6000000075489519029
Q65799013	6000000075489624935
Q65799014	6000000075489298081
Q65799015	6000000075490040825
Q65799016	6000000075489965875
Q65799017	6000000075489723000
Q65799018	6000000075489625036
Q65799019	6000000075490175856
Q65799020	6000000075489541152
Q65799021	6000000075490290839
Q65799022	6000000075490113910
Q65799024	6000000075489851064
Q65799025	6000000075490143875
Q65799027	6000000075490174908
Q65799028	6000000075490374822
Q65799031	6000000075490097941
Q65799032	6000000075490274989
Q65799034	6000000075490006028
Q65799035	6000000075489358356
Q65799036	6000000075489513323
Q65799037	6000000075490461822
Q65799038	6000000075489081395
Q65799039	6000000075490057011
Q65799040	6000000075490477976
Q65799041	6000000075490727904
Q65799042	6000000075490624934
Q65799043	6000000075490728015
Q65799044	6000000075490516122
Q65799045	6000000075491056826
Q65799046	6000000075490547084
Q65799047	6000000075490968876
Q65799048	6000000075491122863
Q65799049	6000000075490576066
Q65799050	6000000075491241887
Q65799051	6000000075491355841
Q65799052	6000000075490350333
Q65799053	6000000075490832250
Q65799054	6000000075491366856
Q65799055	6000000075491423846
Q65799056	6000000075490687042
Q65799057	6000000075490921112
Q65799058	6000000075491685842
Q65799059	6000000075491361023
Q65799060	6000000075491175073
Q65799061	6000000075491361967
Q65799062	6000000075491510021
Q65799063	6000000075491624898
Q65799064	6000000075491427064
Q65799065	6000000075490971253
Q65799066	6000000075491357063
Q65799067	6000000075491384099
Q65799068	6000000075491977834
Q65799069	6000000075492021832
Q65799070	6000000075491893918
Q65799072	6000000075491988928
Q65799073	6000000075491727029
Q65799074	6000000075491462210
Q65799075	6000000075491965986
Q65799076	6000000075492114912
Q65799077	6000000075492071896
Q65799078	6000000075491662138
Q65799079	6000000075491662143
Q65799080	6000000075492349823
Q65799081	6000000075492324842
Q65799082	6000000075492382847
Q65799083	6000000075491883047
Q65799084	6000000075492399905
Q65799085	6000000075492104037
Q65799086	6000000075492106183
Q65799087	6000000075492407904
Q65799088	6000000075491727248
Q65799089	6000000075492750830
Q65799090	6000000075492427074
Q65799091	6000000075492600897
Q65799092	6000000075492631957
Q65799093	6000000075492665921
Q65799094	6000000075492821888
Q65799095	6000000075492700900
Q65799096	6000000075492773861
Q65799097	6000000075492886834
Q65799098	6000000075492284053
Q65799099	6000000075492669939
Q65799100	6000000075058494825
Q65799101	6000000075492810870
Q65799102	6000000075491878246
Q65799103	6000000075492206090
Q65799104	6000000075492938833
Q65799105	6000000075492503046
Q65799106	6000000075493060919
Q65799107	6000000075493132872
Q65799108	6000000075494668866
Q65799109	6000000075495709517
Q65799110	6000000075496628007
Q65799112	6000000075496700021
Q65799113	6000000075495690644
Q65799114	6000000075496906894
Q65799115	6000000075497213853
Q65799116	6000000075496845062
Q65799117	6000000075496716156
Q65799118	6000000075497198898
Q65799119	6000000075497142921
Q65799120	6000000075497218914
Q65799121	6000000075497021945
Q65799122	6000000075497053007
Q65799123	6000000075497454832
Q65799124	6000000075497515841
Q65799125	6000000075497079040
Q65799126	6000000075497346078
Q65799127	6000000075497393913
Q65799128	6000000075497219070
Q65799129	6000000075497597878
Q65799130	6000000075497613920
Q65799131	6000000075497513022
Q65799132	6000000075497731930
Q65799133	6000000075497595079
Q65799134	6000000075497674937
Q65799137	6000000075497178241
Q65799139	6000000075498702991
Q65799140	6000000075498854860
Q65799141	6000000075498864891
Q65799142	6000000075498831945
Q65799143	6000000075498435167
Q65799144	6000000075498310252
Q65799145	6000000075498852997
Q65799146	6000000075498714007
Q65799147	6000000075498970068
Q65799148	6000000075499310911
Q65799149	6000000075498688098
Q65799150	6000000075499205859
Q65799151	6000000075499157895
Q65799152	6000000075498609227
Q65799153	6000000075499485843
Q65799154	6000000075498969137
Q65799155	6000000075498886166
Q65799156	6000000075499347909
Q65799157	6000000075498429361
Q65799158	6000000075498961127
Q65799159	6000000075499289086
Q65799160	6000000075499219072
Q65799161	6000000075498718359
Q65799162	6000000075499329054
Q65799163	6000000075499772844
Q65799166	6000000075499097382
Q65799167	6000000075499678941
Q65799168	6000000075499716965
Q65799169	6000000075499595080
Q65799171	6000000075499753968
Q65799172	6000000075499533159
Q65799173	6000000075499741028
Q65799174	6000000075499889891
Q65799175	6000000075498718595
Q65799176	6000000075500133824
Q65799177	6000000075499997894
Q65799178	6000000075500017063
Q65799179	6000000075500425822
Q65799180	6000000075500424824
Q65799181	6000000075500492872
Q65799182	6000000075500518844
Q65799183	6000000075500576844
Q65799184	6000000075500562897
Q65799185	6000000075500568867
Q65799186	6000000075500530893
Q65799187	6000000075500619837
Q65799188	6000000075500450889
Q65799189	6000000075500185101
Q65799190	6000000075500340025
Q65799191	6000000075500715873
Q65799193	6000000075500682889
Q65799194	6000000075500265190
Q65799195	6000000075500786894
Q65799196	6000000075500387149
Q65799197	6000000075501135826
Q65799198	6000000075500653113
Q65799199	6000000075501135909
Q65799200	6000000075500977907
Q65799201	6000000075500430208
Q65799202	6000000075501258840
Q65799204	6000000075501268833
Q65799205	6000000075501120038
Q65799206	6000000075501021024
Q65799207	6000000075501228910
Q65799208	6000000075501411837
Q65799209	6000000075501368863
Q65799210	6000000075501052063
Q65799212	6000000075500798279
Q65799213	6000000075501288960
Q65799214	6000000075501443825
Q65799215	6000000075501213974
Q65799216	6000000075501133072
Q65799217	6000000075501103148
Q65799218	6000000075501365883
Q65799219	6000000075501006104
Q65799220	6000000075501209031
Q65799221	6000000075501076074
Q65799222	6000000075501387880
Q65799223	6000000075501438889
Q65799224	6000000075500352445
Q65799225	6000000075501334942
Q65799226	6000000075501228990
Q65799227	6000000075501520862
Q65799228	6000000075501390946
Q65799229	6000000075501343923
Q65799230	6000000075501334961
Q65799231	6000000075501329964
Q65799232	6000000075501515859
Q65799234	6000000075500999150
Q65799236	6000000075501580859
Q65799238	6000000075500894304
Q65799239	6000000075501624860
Q65799240	6000000075501454959
Q65799241	6000000075501407078
Q65799243	6000000075501716908
Q65799244	6000000075501608088
Q65799245	6000000075501186190
Q65799247	6000000075501784899
Q65799248	6000000075501954882
Q65799249	6000000075501285232
Q65799250	6000000075501781960
Q65799251	6000000075501729939
Q65799252	6000000075500817536
Q65799253	6000000075501880911
Q65799254	6000000075501930873
Q65799255	6000000075501711063
Q65799256	6000000075501925999
Q65799257	6000000075502142824
Q65799258	6000000075501486235
Q65799259	6000000075502187834
Q65799260	6000000075501797029
Q65799261	6000000075501342392
Q65799262	6000000075502538981
Q65799263	6000000075502624121
Q65799264	6000000075502864906
Q65799266	6000000075502908128
Q65799267	6000000075502620380
Q65799268	6000000075503156067
Q65799269	6000000075503173020
Q65799270	6000000075502841155
Q65799271	6000000075503093028
Q65799272	6000000075503420841
Q65799273	6000000075503013180
Q65799275	6000000075503295911
Q65799276	6000000075503009097
Q65799277	6000000075503215974
Q65799278	6000000075502539460
Q65799279	6000000075502916099
Q65799280	6000000075503286971
Q65799281	6000000075503418873
Q65799282	6000000075503323886
Q65799283	6000000075503375903
Q65799284	6000000075503433862
Q65799285	6000000075503394887
Q65799286	6000000075503173050
Q65799287	6000000075503244952
Q65799288	6000000075503252965
Q65799289	6000000075503468822
Q65799290	6000000075503405843
Q65799291	6000000075503031092
Q65799292	6000000075501929769
Q65799293	6000000075503298953
Q65799294	6000000075502903275
Q65799295	6000000075503284970
Q65799296	6000000075502863223
Q65799297	6000000075502443509
Q65799298	6000000075503247030
Q65799299	6000000075502886254
Q65799300	6000000075503143038
Q65799301	6000000075502539488
Q65799302	6000000075503208057
Q65799303	6000000075503427851
Q65799304	6000000075503058083
Q65799305	6000000075503301918
Q65799306	6000000075502595452
Q65799307	6000000075503265952
Q65799308	6000000075503244967
Q65799309	6000000075503424891
Q65799310	6000000075503431851
Q65799311	6000000075503278944
Q65799312	6000000075502974100
Q65799313	6000000075503253015
Q65799314	6000000075502864181
Q65799315	6000000075503044031
Q65799316	6000000075502917224
Q65799317	6000000075502914246
Q65799318	6000000075503492829
Q65799319	6000000075502788342
Q65799320	6000000075503319962
Q65799321	6000000075503506850
Q65799322	6000000075503524822
Q65799324	6000000075503381863
Q65799325	6000000075502848151
Q65799326	6000000075503489838
Q65799327	6000000075503013250
Q65799328	6000000075503524839
Q65799329	6000000075503397926
Q65799330	6000000075503253977
Q65799331	6000000075503506855
Q65799332	6000000075503181070
Q65799333	6000000075502917256
Q65799334	6000000075503123065
Q65799335	6000000075503285007
Q65799336	6000000075503222027
Q65799338	6000000075503370943
Q65799339	6000000075503471877
Q65799340	6000000075503253984
Q65799341	6000000075503431875
Q65799342	6000000075426566885
Q65799343	6000000075503250072
Q65799344	6000000075503118070
Q65799345	6000000074688081943
Q65799347	6000000075503125148
Q65799348	6000000074688652959
Q65799349	6000000075503531854
Q65799350	6000000075502347516
Q65799351	6000000075503480882
Q65799352	6000000075503818845
Q65799353	6000000075503775881
Q65799354	6000000075503834824
Q65799358	6000000075503951908
Q65799359	6000000075503170420
Q65799360	6000000075503712226
Q65799361	6000000075504129942
Q65799363	6000000075504157892
Q65799364	6000000075503832232
Q65799365	6000000075504438823
Q65799366	6000000075504524057
Q65799367	6000000075504755947
Q65799368	6000000075504572031
Q65799369	6000000075504827914
Q65799370	6000000075504811948
Q65799371	6000000075504838858
Q65799373	6000000075504772986
Q65799374	6000000075504825975
Q65799375	6000000075504979839
Q65799376	6000000075504964823
Q65799377	6000000075504991904
Q65799378	6000000075505006858
Q65799379	6000000075505506880
Q65799380	6000000075505597824
Q65799381	6000000075505566916
Q65799382	6000000075505530905
Q65799383	6000000075505452983
Q65799384	6000000075505559908
Q65799385	6000000075504898330
Q65799386	6000000075505649849
Q65799387	6000000075505732829
Q65799388	6000000075505339129
Q65799389	6000000075505380024
Q65799390	6000000075505058196
Q65799391	6000000075505831867
Q65799392	6000000075505811879
Q65799393	6000000075504924318
Q65799394	6000000075505816868
Q65799395	6000000075505936850
Q65799396	6000000075505810917
Q65799397	6000000075505812902
Q65799398	6000000075505984891
Q65799399	6000000075504976262
Q65799400	6000000075506082826
Q65799401	6000000075506078880
Q65799402	6000000075505735077
Q65799403	6000000075505380264
Q65799404	6000000075505362255
Q65799405	6000000075506335827
Q65799406	6000000075506130942
Q65799407	6000000075505873195
Q65799408	6000000075505974068
Q65799409	6000000075506474822
Q65799410	6000000075506486826
Q65799411	6000000075506276049
Q65799412	6000000075506076092
Q65799413	6000000075505360557
Q65799414	6000000075506784847
Q65799415	6000000075506326123
Q65799416	6000000075506802827
Q65799417	6000000075506467072
Q65799418	6000000075506681927
Q65799419	6000000075506639962
Q65799420	6000000075506905866
Q65799421	6000000075506318118
Q65799422	6000000075506526144
Q65799423	6000000075506060611
Q65799424	6000000075507125960
Q65799425	6000000075506737085
Q65799426	6000000075507138941
Q65799427	6000000075507308901
Q65799428	6000000075507154933
Q65799429	6000000075506563332
Q65799430	6000000075507307845
Q65799431	6000000075507206991
Q65799432	6000000075506835252
Q65799433	6000000075506355408
Q65799434	6000000075506530280
Q65799435	6000000075507323936
Q65799436	6000000075507354977
Q65799451	6000000075506134918
Q65799621	6000000075413510904
Q65799724	6000000074767740359
Q65799989	6000000031973907977
Q65799991	6000000033481770804
Q65800034	6000000074726119851
Q65800144	6000000029594953872
Q65800609	6000000075406478120
Q65800664	6000000075506693912
Q65800695	6000000075506450244
Q65801101	6000000016773210411
Q65801115	6000000144034513968
Q65801768	6000000074687785901
Q65801769	6000000075494511911
Q65801771	6000000075492010318
Q65801772	6000000075492355981
Q65801773	6000000075491993070
Q65801774	6000000075492170822
Q65801775	6000000075492197838
Q65801776	6000000075492246836
Q65801778	6000000075486113698
Q65802235	6000000075497365894
Q65802246	6000000075492820973
Q65802762	6000000016127820187
Q65803056	6000000074730427998
Q65803232	6000000074759987847
Q65803696	6000000074717813821
Q65803714	6000000075398834955
Q65803796	6000000074730675844
Q65803820	6000000075398653824
Q65803822	6000000075381258828
Q65803827	6000000075345299830
Q65803837	6000000075403279843
Q65803852	6000000074758861935
Q65803862	6000000074739307875
Q65803868	6000000075398927904
Q65803876	6000000075346103104
Q65803884	6000000074739626884
Q65803889	6000000074738785085
Q65803896	6000000074736047089
Q65803940	6000000075344204032
Q65803945	6000000074760056868
Q65804318	6000000016773715552
Q658061	6000000002188424527
Q6580661	6000000011514290660
Q65807261	6000000015343397969
Q6580885	6000000029956931409
Q65809981	6000000043388512828
Q658107	6000000047593795842
Q65813	6000000180885767866
Q65814111	6000000074727174101
Q65815	6000000047977664197
Q65815027	6000000075406194124
Q6581539	6000000028713876281
Q6581543	6000000015293702663
Q6581557	6000000028694808867
Q6581583	381037968530013244
Q6581648	6000000002679822381
Q65816892	6000000038107308549
Q65817118	6000000075485296972
Q65817125	6000000075484923092
Q65817235	6000000074737247850
Q65817464	6000000074710530934
Q6581747	6000000009617589090
Q65817476	6000000074748987828
Q65817702	6000000075429710091
Q65817705	6000000075691112269
Q65817856	6000000075430677839
Q65818108	6000000074747054952
Q65818112	6000000074747026969
Q65818116	6000000074747173849
Q65818193	6000000074746640867
Q65818234	6000000075499383821
Q65818238	6000000075499212889
Q65818242	6000000075498929120
Q65818246	6000000075498156559
Q65818250	6000000075499252920
Q65818336	6000000074748938842
Q65818340	6000000074748302243
Q65818344	6000000074748516089
Q65818358	6000000075498939152
Q65818369	6000000075498941118
Q65818373	6000000075499547821
Q65818508	6000000074728080825
Q65818646	6000000074757945455
Q65818651	6000000074758396132
Q65818708	6000000074705331890
Q65818744	6000000075407170835
Q65818885	6000000074725272004
Q65818889	6000000074725285049
Q65818893	6000000074725425850
Q65818897	6000000074725365934
Q65819002	6000000075406141061
Q65819010	6000000075406712821
Q65819014	6000000075406454027
Q65819018	6000000075406669858
Q65819030	6000000074710615862
Q65819047	6000000074725714186
Q65819067	6000000074727863965
Q65819072	6000000074727842991
Q65819124	6000000074756811108
Q65819128	6000000074757240005
Q65819158	6000000075430196995
Q65819162	6000000074784437397
Q65819311	6000000075430760877
Q65819319	6000000075431001842
Q65819324	6000000075430800918
Q65819328	6000000075431038828
Q65819439	6000000074746356613
Q65819443	6000000074746864178
Q65819447	6000000074747119973
Q65819451	6000000074747134906
Q65819455	6000000074746356618
Q65819459	6000000075501221821
Q65819505	6000000074748919856
Q65819508	6000000074748169295
Q65819511	6000000074748728964
Q65819537	6000000074748726961
Q65819540	6000000074747743593
Q65819544	6000000074748706967
Q65819562	6000000074783708925
Q65819567	6000000074783534945
Q65819571	6000000074783756863
Q65819577	6000000074783718944
Q65819615	6000000074727833935
Q65819620	6000000074727872919
Q65819623	6000000074727952891
Q65819628	6000000074727701084
Q65819707	6000000074704091010
Q65819711	6000000074704176947
Q65819716	6000000074703607353
Q65819812	6000000074686583195
Q65819816	6000000074686864003
Q65819820	6000000074686828026
Q65819824	6000000075854674887
Q65819828	6000000075854767830
Q65819879	6000000074710557903
Q65819883	6000000074710608875
Q65819887	6000000074710133109
Q65819940	6000000074748000884
Q65819944	6000000074748119833
Q65820021	6000000074748708933
Q65820025	6000000074748879894
Q65820058	6000000075421660849
Q65820066	6000000075421552899
Q65820071	6000000075421207077
Q65820074	6000000075421476928
Q65820101	6000000074748510043
Q65820105	6000000074748844862
Q65820109	6000000074748792951
Q65820113	6000000074748544083
Q65820128	6000000074712020838
Q65822	6000000026053244678
Q6582291	6000000001202978661
Q6582319	5568574890810114831
Q6582568	6000000030190516195
Q6582790	6000000022913826905
Q658280	6000000025622136141
Q658299	6000000079244186960
Q658307	6000000019266886316
Q65831	6000000180920208982
Q6583270	6000000177009673032
Q6583305	6000000175096050077
Q65833494	6000000071223638682
Q658343	6000000180521648832
Q65836	6000000071800694097
Q65837787	6000000091633298979
Q658382	6000000031884788945
Q6584070	6000000013263447211
Q6584096	6000000009709445258
Q658420	6000000166207106923
Q658426	6000000000082065817
Q65843804	6000000186712380823
Q65844411	6000000034371688984
Q65844676	6000000019169223846
Q65845	6000000024730798821
Q65846777	6000000002692337801
Q65848951	6000000054755793821
Q65849111	6000000030877243531
Q65849328	6000000174971118921
Q6584933	6000000003128241205
Q658494	6000000017102813666
Q65850130	6000000207668929839
Q65850442	6000000027099460273
Q658506	6000000019540864426
Q65850929	6000000018273138363
Q65851698	6000000173810918526
Q65852017	6000000021526486490
Q658549	6000000014824640056
Q658553	6000000010053416532
Q658554	6000000000840528578
Q658567	6000000057450800891
Q658571	6000000072431034103
Q658572	6000000017297820954
Q658578	6000000015816087359
Q658581	6000000017375830614
Q65860	6000000040679629832
Q65861	6000000033306656003
Q658614	6000000000769271683
Q658625	6000000025293070888
Q65863	6000000119538755910
Q658655	6000000042839213091
Q658659	6000000000018790416
Q65865980	6000000074684878109
Q65865984	6000000074685015895
Q65865992	6000000074738209925
Q65865996	6000000074738539821
Q65866000	6000000074701979002
Q65866004	6000000074702149824
Q658668	3240468
Q65867	6000000032257566641
Q65867258	6000000000002987375
Q65868497	6000000088757302965
Q658687	6000000003076336545
Q6586985	6000000016446397021
Q6587051	4337308164880062015
Q6587136	6000000011320124005
Q65871713	6000000019169329908
Q658724	4533241721310089451
Q658734	6000000007045159151
Q658735	6000000009787560671
Q65875600	6000000132411461855
Q658760	6000000027033352037
Q658803	4541604
Q6588072	6000000003407137847
Q6588087	6000000003133658186
Q65882569	6000000078161431394
Q65885	6000000005599165663
Q658853	6000000017477179415
Q658874	6000000068969547887
Q658916	6000000001881945753
Q65894	6000000003827346960
Q65895818	6000000172001010211
Q658969	6000000068967744998
Q65898	6000000040184183242
Q65898972	6000000022318546671
Q65899	6000000011578796311
Q65899051	6000000044394230883
Q65899848	6000000054980450837
Q6590089	6000000006939571308
Q65901	6000000039677806085
Q65901485	6000000130108962833
Q65901493	6000000075607315848
Q65901496	6000000074692189927
Q65902	6000000040403241038
Q659020	6000000178535714824
Q65903084	6000000074688156921
Q65903089	6000000074687211556
Q65903123	6000000074705180021
Q659069	6000000013452034170
Q65907566	6000000177668967821
Q65907781	6000000057333991217
Q65907998	6000000019169820242
Q65908896	6000000019459009064
Q65909561	6000000011496237041
Q65909566	6000000011496237497
Q65909608	6000000011496053464
Q65909617	6000000011496244470
Q65910	6000000177520268872
Q659163	6000000134212204830
Q65917	6000000077715170061
Q6591775	6000000072312796740
Q65920375	2381914
Q65921411	6000000017757259528
Q65921494	6000000210469447824
Q65921528	6000000014194656840
Q65921553	6000000019802917520
Q65921560	6000000018459740105
Q65921573	6000000003273404280
Q65921579	6000000003273404286
Q65921580	6000000003273404291
Q65921582	6000000013462432580
Q65921595	6000000200204191860
Q65921600	6000000011546275294
Q65921641	6000000011243025319
Q65921883	6000000039821079537
Q65921883	6000000087115650903
Q65921915	6000000019776334456
Q65921978	6000000003720533077
Q65922014	6000000019776514396
Q65922270	6000000002764373732
Q65922309	6000000003524233922
Q65922430	6000000024824409575
Q65922485	6000000003524386119
Q65922518	6000000004094545327
Q65922698	6000000040075803545
Q65922704	6000000014569626438
Q65922716	6000000017199593158
Q65922718	6000000014569351390
Q65922732	6000000003623040376
Q65922734	6000000014192057500
Q65922734	6000000215547984829
Q65922750	6000000014192148375
Q65922757	6000000090936237828
Q65922773	6000000024757937587
Q65922775	6000000024758117024
Q65922778	6000000024758135136
Q65922795	6000000024760361691
Q65922849	6000000024760158210
Q65922851	6000000024760179374
Q65922852	6000000024760599982
Q65923016	6000000175565298822
Q65923230	6000000040183028957
Q65924279	6000000011178318362
Q65924423	6000000054440782939
Q65924647	6000000031233375085
Q65924685	6000000037861161282
Q65925	6000000003243247195
Q65925019	345660482580011831
Q65925262	6000000018738433593
Q65926375	6000000023601321425
Q65927	6000000088517958981
Q65927108	6000000042081128938
Q659284	6000000139181302938
Q65928932	6000000000638727236
Q6592946	6000000000033127388
Q65929463	6000000008830961383
Q65929554	6000000009126494599
Q65929589	6000000003253083933
Q65929706	6000000038763733106
Q65929712	6000000015346595221
Q65929823	6000000044791646149
Q65929869	6000000014947110014
Q65929872	6000000014946960614
Q6593050	6000000054020460887
Q65931853	6000000193010282821
Q65931919	6000000076562322009
Q65932	6000000014476694021
Q65932144	6000000014191698313
Q65932151	6000000014191824528
Q65932151	6000000049331907084
Q65932399	6000000006603634871
Q65933131	6000000038200800598
Q65933135	6000000044798574996
Q65933139	6000000044822573107
Q65933202	6000000044797320985
Q65933211	6000000055656574955
Q65933239	6000000055622427871
Q65933297	6000000043820331871
Q65933310	6000000024823139445
Q6593335	6000000164911499995
Q65933359	6000000043800174695
Q65933426	6000000039760941425
Q65933436	6000000039760830302
Q65933446	6000000009465450285
Q65933459	6000000039011963879
Q65933484	6000000000515524527
Q65935131	6000000018702966681
Q65935315	6000000031455539825
Q65936324	6000000024211094328
Q65936827	6000000012028848635
Q65936939	6000000091623105994
Q6593713	6000000003216076596
Q65937214	6000000026304388361
Q6593846	6000000048476808937
Q65938650	6000000053643116944
Q65939888	6000000029816195684
Q65939982	6000000005599531177
Q65940520	6000000027991538993
Q6594276	6000000110419707899
Q6594286	6000000109753340850
Q65943688	5612945113290059895
Q65943719	5612945144420059801
Q65944	6000000034414793301
Q65945039	6000000181714762833
Q65946207	6000000014799058794
Q65947	6000000001881912272
Q65947897	6000000125626067943
Q65947965	6000000007702463357
Q65948187	6000000058753583095
Q65948373	6000000007702034523
Q65948554	6000000045762654311
Q65948635	6000000055527055886
Q6594874	6000000011163256172
Q659488	4697280
Q659498	6000000010046045492
Q65949817	6000000011160513352
Q65950109	6000000040412355390
Q65950497	6000000019456322589
Q65951628	6000000027274630952
Q65951650	6000000027274587946
Q65951672	6000000008988610637
Q65951909	6000000122946033823
Q65952002	6000000007104038846
Q65952016	6000000013040846462
Q65952229	6000000022590843080
Q65952725	6000000016812751445
Q65953262	6000000128262875144
Q65953987	6000000163824140987
Q6595505	6000000024700788391
Q659557	6000000003474123075
Q659572	6000000002421614625
Q65958	6000000048567632032
Q65960	6000000013900303559
Q65960594	6000000018616410313
Q65960658	6000000023267940458
Q6596100	6000000041387120230
Q65961611	6000000145968494363
Q65961843	6000000025802041941
Q65961954	6000000058807150868
Q65962647	6000000025563360098
Q65962651	6000000040722104295
Q65963	6000000011351647343
Q65963179	6000000009136712743
Q65963208	6000000016656794695
Q65963662	6000000016381497411
Q65963783	6000000017947648012
Q65963999	6000000181589166120
Q65964201	6000000069459797837
Q65964276	6000000076592467852
Q659645	6000000012222537302
Q65964575	6000000136040621024
Q65965271	6000000082684841100
Q65965337	6000000012239635192
Q65965538	6000000018438118850
Q65965673	6000000061735172204
Q65965909	6000000010774483168
Q65965968	6000000015545412048
Q65966149	6000000112256097087
Q65966460	6000000016400185976
Q65967231	6000000015775498220
Q65967901	6000000027439097109
Q659690	6000000026298551391
Q65969390	6000000087914609889
Q6596990	6000000074717790822
Q65969950	6000000108289031831
Q65970	6000000013310998700
Q65972	6000000034410538791
Q65973	6000000058812518161
Q659733	6000000000446368904
Q659740	6000000135066754129
Q65974951	6000000000229908200
Q65975656	6000000015583787861
Q659775	6000000012480053795
Q65978073	6000000032670517060
Q65979552	6000000015583925121
Q65979709	6000000005231975384
Q6598224	6000000074751386825
Q6598303	6000000041909297523
Q659835	6000000009762156718
Q659840	6000000081807671091
Q6598516	6000000005406488269
Q659858	6000000007566510581
Q659873	6000000080807972269
Q65988328	6000000057959872893
Q65989	6000000000096872168
Q6598952	6000000027255356852
Q65990	6000000040698926223
Q659919	6000000002319020564
Q659951	6000000019274481628
Q65996	6000000015978180657
Q659962	6000000044817879080
Q659988	6000000003739309347
Q66000314	6000000013219722884
Q66001	6000000014745326347
Q66002	6000000021473103829
Q660020	6000000000196854600
Q66003790	6000000125029573861
Q66004356	6000000024693313001
Q66006181	6000000003266921310
Q6600659	6000000002167737030
Q66010685	6000000061517821858
Q66010994	6000000103875716834
Q66011736	6000000036930047044
Q66011744	6000000009946739308
Q660122	6000000020795760846
Q66012989	6000000101517564859
Q66013894	6000000014608093283
Q6601769	6000000000029746565
Q66018162	6000000179415828871
Q66018432	6000000019441410206
Q66019	6000000056648098882
Q66020001	6000000020299125908
Q66020609	6000000002942387437
Q66021394	6000000169857425832
Q66022202	6000000034883957002
Q660224	6000000007885810452
Q66022693	6000000140848759911
Q66022694	6000000018057576596
Q66022774	6000000021532023484
Q66023	6000000134642832062
Q66023110	6000000008379737296
Q66023251	6000000048693233362
Q66024610	6000000015902204667
Q660251	6000000044584172459
Q66025100	6000000006127434707
Q660253	6000000141062626877
Q66029325	6000000015029264295
Q66037	6000000026746566522
Q66039139	6000000013431972478
Q66041234	6000000177706196866
Q6604632	6000000031744255976
Q66049174	6000000208676182950
Q66049797	6000000033190318556
Q66049964	6000000036082333828
Q66051	6000000003105144813
Q66052013	6000000049127618065
Q660545	6000000177119469823
Q66056751	6000000020801591067
Q660570	6000000017259391290
Q66057461	6000000038075062947
Q66057504	6000000026244198696
Q66057540	6000000018058081210
Q66057560	6000000014114470016
Q66057563	6000000011286004421
Q66057649	6000000058455195093
Q66057657	6000000022309822940
Q66057690	6000000042171310964
Q66057760	6000000016475628227
Q66057783	6000000026244331296
Q66057810	6000000016363082526
Q66057831	6000000016363796881
Q66058097	6000000000609971197
Q66058259	6000000044526831833
Q66061	6000000033276068968
Q660646	6000000017669824054
Q6607107	6000000037654342131
Q660745	6000000018164272573
Q66075	6000000012884346303
Q660767	6000000027039530347
Q6607726	324182055790006385
Q660779	6000000173420587867
Q660800	6000000029690643825
Q660827	6000000065870711964
Q66085034	6000000010782197869
Q66085240	6000000018210232763
Q66085262	389595540030003314
Q66086126	6000000009420558644
Q66086339	6000000008780014065
Q6608672	6000000000151813774
Q66087072	6000000008449220943
Q66087157	6000000036312080259
Q66087738	6000000017264398290
Q66087799	6000000006451716406
Q66087924	6000000015116902943
Q66088037	6000000002055785232
Q66088294	6000000002742083300
Q66088306	6000000067775336877
Q66088338	6000000015084795057
Q66089836	6000000008538116160
Q66090	6000000004097564517
Q66090507	6000000009138732663
Q66091158	6000000102052690850
Q660913	6000000007690981645
Q660917	6000000036789960131
Q66091814	6000000040047770924
Q66092	6000000082012315829
Q66097	6000000036526015823
Q661008	6000000035076019423
Q661018	6000000013185069045
Q66102	6000000135745685866
Q661037	6000000001180345746
Q66105067	6000000014596170957
Q66107	6000000004837753648
Q661085	6000000008265624432
Q66112	6000000010784711002
Q661122	6000000140747008140
Q661150	6000000126745153941
Q661165	6000000020022681246
Q66118963	6000000023059382920
Q66119	6000000000886388129
Q66120947	6000000084658425028
Q66121281	6000000029242600835
Q66121562	6000000012004427360
Q66123	6000000167241891080
Q661233	6000000003138392873
Q66123355	6000000029899761738
Q66123612	6000000079301346383
Q66123639	6000000012640215620
Q66123788	6000000029899756346
Q66123823	6000000034434721301
Q66123825	6000000044221974853
Q66124267	6000000029899245320
Q66124300	6000000029899658459
Q66124347	6000000090088366833
Q66124714	6000000010754218746
Q66124846	6000000004152830783
Q66126	6000000039871397310
Q66126461	6000000083403566351
Q66126594	6000000028463731323
Q66126618	6000000024515391244
Q66130	6000000002188424848
Q66132307	6000000015831718712
Q66132655	6000000001827603016
Q66132658	6000000020590241252
Q66132691	6000000020590186208
Q661328	6000000024445169641
Q66134276	6000000001166367485
Q66135	6000000023811145563
Q66137175	6000000084758035071
Q66137426	6000000084758730822
Q66137588	6000000011131724174
Q66139836	325300441190006449
Q66140	6000000040351640145
Q661407	6000000032777787338
Q661428	6000000002005743462
Q66143802	6000000006097307200
Q661448	6000000140845317821
Q66145	6000000174646552890
Q661453	5294705825110117665
Q661469	6000000048244318757
Q66147	6000000056733699082
Q661473	6000000084832051467
Q661504	6000000013841490348
Q6615222	6000000017244302966
Q661527	6000000007635500381
Q66153	6000000036817917063
Q66154993	6000000013432253680
Q661562	6000000024277447786
Q66157	6000000143880873857
Q661580	6000000163804452824
Q661587	6000000002764719412
Q6615977	6000000006712254954
Q661604	6000000004838081617
Q6616173	6000000009217684296
Q66162	6000000106962357318
Q66163	6000000092175634854
Q661630	6000000086312082039
Q661633	6000000088407888826
Q6616512	6000000007303735055
Q6616644	6000000029311609382
Q661668	6000000023926847872
Q66169	6000000017158103399
Q661697	340594355600002691
Q66173008	4532208356450080062
Q661737	6000000018181653013
Q6617494	6000000016274793002
Q66180	6000000181548691877
Q66183	6000000015935258106
Q661831	6000000017129302574
Q661840	6000000151463433870
Q661848	6000000181499982851
Q661861	6000000001319545944
Q66188026	6000000002512279516
Q66190	6000000180306713868
Q6619166	6000000007472274981
Q6619411	6000000003082722230
Q66196128	6000000003827611819
Q662014	6000000001606127449
Q66202	6000000028277715399
Q662054	6000000008231272560
Q66207	6000000006936841464
Q662084	6000000032458881302
Q662143	6000000036314722863
Q66217	6000000068521725871
Q662218	4353336735440066587
Q6622265	6000000032089775824
Q66225	6000000008260685546
Q66225620	6000000004097582610
Q662282	6000000003158870307
Q662287	6000000078884612094
Q662288	6000000180475116821
Q66232	6000000022898417882
Q662323	6000000017953563988
Q66236795	6000000001727302346
Q66244692	6000000002188475351
Q66245	6000000082420302896
Q662470	6000000033134039283
Q662539	6000000143185306835
Q662544	6000000080108512447
Q662588	6000000006909665478
Q662607	6000000123449612938
Q66262	6000000039952332745
Q662634	6000000005561758260
Q6627652	6000000015016085309
Q66280	6000000034960656785
Q662809	6000000069253857843
Q662815	6000000041136168584
Q66282	6000000035748215791
Q66284	6000000026965393923
Q66284492	6000000003859611177
Q66286	6000000223646740891
Q66286075	6000000037630441252
Q6628727	6000000006279882343
Q66292	6000000015960507216
Q662943	6000000041489736908
Q663033	6000000023940064680
Q66305329	6000000091515155874
Q663054	6000000020842809694
Q66305943	6000000070671361941
Q663070	6000000012929915795
Q66307081	6000000030047053302
Q663073	6000000003827355753
Q66307752	6000000077100910930
Q663092	6000000003137265471
Q66309209	6000000016325277088
Q66309338	6000000040413244044
Q663096	6000000026807604478
Q66309957	6000000002184437671
Q66309981	6000000102725415939
Q66310009	6000000042189998658
Q66310033	6000000012282707675
Q66310050	6000000102723354248
Q66310116	6000000035101046157
Q66310276	6000000011867209889
Q66310432	6000000013135939280
Q66311274	6000000003931628401
Q66311349	6000000007511656579
Q66311384	6000000025565909295
Q66311613	6000000012821762243
Q66312043	6000000129346546207
Q66312060	6000000004086775573
Q66312174	6000000031135387190
Q66312372	6000000025899979747
Q66312899	6000000022077650185
Q66312935	6000000002339373424
Q663131	6000000018555180123
Q66313559	6000000003681236639
Q663151	6000000021676270398
Q66315249	6000000102840550827
Q663154	6000000002302486560
Q6631643	6000000027933514226
Q66316923	6000000001873144768
Q66317051	6000000179680550859
Q66317269	341307176020012824
Q66317348	6000000060999600273
Q66317404	6000000010733183293
Q66317557	6000000176133525835
Q66317624	6000000048447815858
Q66317668	6000000029903956206
Q66317716	6000000031796646614
Q66317897	6000000059238045078
Q663205	6000000013448232394
Q663216	6000000007078317529
Q66329894	6000000217662607822
Q66332	6000000027365538098
Q66335833	6000000071696099204
Q66336325	6000000073975686898
Q663376	6000000006768432193
Q66343	6000000061265231928
Q6634413	5451210309040078834
Q663451	6000000018310057354
Q663457	6000000149944122054
Q6634649	387397696870004959
Q663465	6000000023157348121
Q663485	6000000001384027254
Q66350989	377705567730013897
Q663538	6000000151465856223
Q663550	6000000155552293849
Q6635604	6000000007760548551
Q66360608	6000000021138117215
Q66360730	6000000017685356166
Q66360741	6000000018567874151
Q66360792	6000000076898849989
Q66361245	6000000033599837838
Q66361316	6000000157311026930
Q66361316	6000000185894292815
Q66361441	6000000046067835894
Q6636185	6000000022303990004
Q6636216	6000000028687199277
Q66362884	6000000070855651033
Q6636298	6000000028676634521
Q66363152	6000000081759408665
Q66363340	6000000011968398883
Q66363597	6000000017859632178
Q66363654	6000000020758121203
Q66363716	6000000016269970234
Q66363863	6000000211328489829
Q66363888	6000000016275309390
Q66363906	6000000007635968577
Q66363963	6000000025031347074
Q66363987	6000000003874160939
Q66364506	6000000010616663047
Q66364522	6000000004948315824
Q66364541	6000000024290189825
Q66364567	6000000004957519703
Q66364570	6000000036472915124
Q66364617	6000000002513723967
Q66364668	6000000027231319633
Q66364695	6000000017531779802
Q66364700	6000000013536660581
Q66364701	6000000013536631649
Q66364714	6000000016767500123
Q66364816	6000000012813858472
Q66364858	6000000012814064607
Q66364870	6000000026270920002
Q66364889	6000000001877534728
Q66364891	6000000001877534612
Q663652	6000000003168280689
Q6636524	6000000000390192592
Q6636548	6000000015168909949
Q66367	6000000105088491824
Q66368075	6000000001399723322
Q66368433	6000000039321672092
Q66368435	6000000014192629757
Q66368438	6000000039321789014
Q66368443	6000000039321628970
Q66368444	6000000012343076495
Q66368461	6000000014927606875
Q66368461	6000000085077908048
Q66368476	6000000010352994007
Q66368478	6000000014961401261
Q66368479	6000000053464163840
Q66368495	6000000014568946360
Q66368497	6000000018843898760
Q66368601	6000000008084883488
Q66369	6000000024584453983
Q66370739	6000000015966453604
Q66370748	6000000016006797124
Q66370774	6000000013343437060
Q66370839	6000000057238712906
Q66370863	6000000087138568821
Q66370913	6000000062344625029
Q66370927	6000000087137583881
Q66370986	6000000013103559762
Q663721	6000000140730218834
Q66372246	6000000069801564211
Q66372472	6000000145559142972
Q66372501	6000000150994146843
Q66372586	6000000010685071774
Q66372723	6000000002188483210
Q66372751	6000000059660277111
Q66372759	6000000179448132863
Q66372775	6000000002188483257
Q66372885	6000000010503596813
Q66372979	6000000010503647490
Q66373044	6000000004100206824
Q66373471	6000000000954060604
Q66373829	6000000015689848890
Q66374542	4405391195410024991
Q663748	6000000032846012817
Q66375	6000000087642981330
Q66376502	6000000055528170131
Q66377905	6000000003441212060
Q66378728	6000000006719705483
Q66380842	6000000184675357873
Q66380848	6000000172048605077
Q66380849	6000000008870484063
Q66380854	6000000008870409422
Q66380856	6000000016423035577
Q66381640	6000000014138010539
Q66382604	6000000076802210334
Q66384761	6000000017912684877
Q66385196	6000000016269905527
Q663856	6000000014091993113
Q66386586	6000000133368134104
Q663875	6000000003215703226
Q66387978	6000000010488749288
Q66388	6000000025791422722
Q66388485	6000000053643120885
Q66389088	6000000007541973433
Q66389413	6000000013441165706
Q66391	6000000017430769600
Q663924	6000000002997322725
Q66394831	6000000020675433620
Q66395	6000000003944771970
Q66396348	6000000004097657684
Q66396961	6000000051443911256
Q6639738	6000000000426702253
Q6639841	6000000006712203835
Q66402	6000000008379599322
Q664052	6000000089554590153
Q664073	6000000002188479168
Q66408	6000000006939215028
Q664099	5084299441180081882
Q66410	6000000031986043399
Q664164	6000000000307247336
Q66418	6000000177676937851
Q66419917	6000000023452359386
Q66421204	6000000023452304502
Q664223	6000000005599062997
Q66424	6000000002145044196
Q66424212	6000000039132354541
Q66424262	6000000015783259160
Q66424577	6000000032214768220
Q66426123	6000000019628166263
Q66428	6000000051629883825
Q66428591	6000000005587083213
Q664291	360915884980002733
Q66429442	6000000012960601201
Q66429486	6000000019627854371
Q66429532	6000000019627755268
Q66430	6000000069747026821
Q66433691	6000000002134519364
Q66435	6000000002765050533
Q66436488	6000000019139568391
Q66436507	6000000019127981518
Q66436587	6000000069427925134
Q66438158	6000000050560580938
Q66439	6000000000348782433
Q66439325	6000000017955210907
Q66439505	6000000011088304353
Q66439524	6000000000910812411
Q66439533	6000000225515147892
Q66441	6000000180124033822
Q66442309	6000000005250709942
Q66442315	6000000005250861165
Q66443076	6000000112233544091
Q66443524	6000000017184067312
Q66445	6000000174389317185
Q664453	6000000033188950829
Q664465	6000000150685289896
Q66448492	6000000041954301292
Q664486	6000000081831978001
Q66448856	6000000173889956928
Q66448875	6000000002838513525
Q66451	6000000181930296864
Q664512	6000000033150139323
Q66453114	6000000083397360885
Q66453973	6000000016784884813
Q66453982	6000000042036990601
Q66458645	6000000015772484080
Q66458791	6000000017205070944
Q66459006	6000000050554531342
Q664592	6000000028006849139
Q66459533	6000000025360269161
Q66459566	6000000014831726146
Q66459642	6000000014831894708
Q664640	6000000007396834823
Q6646654	5652256665760066461
Q66466827	6000000019430698146
Q66466850	6000000017429581077
Q66466874	6000000054572271144
Q66466885	6000000071573940877
Q66467262	6000000028297075109
Q66467305	6000000017877672853
Q66467354	6000000001562708032
Q664680	6000000003884854614
Q66469	6000000014063357610
Q66472	6000000011623134290
Q66472695	6000000103418484853
Q66475	6000000070152596003
Q66477993	6000000013515972245
Q664782	6000000180696390954
Q6647851	6000000088779423023
Q66480035	6000000006444777915
Q66480694	6000000046823416825
Q66480880	6000000088323097959
Q66481	6000000038580444049
Q66481361	6000000019388570375
Q664816	6000000042112694257
Q66483883	6000000007435062998
Q66484	6000000026520934035
Q66486074	6000000020413132812
Q664862	6000000039921729002
Q66486265	6000000209194594821
Q66486286	6000000056773866990
Q66486304	6000000056773898951
Q66486563	6000000000700988706
Q66486568	6000000010677895085
Q66488894	6000000006127381343
Q664901	6000000158052089847
Q66491	6000000180863813826
Q66491023	6000000013603894175
Q66491041	6000000013603919043
Q66493	6000000016020258924
Q66493561	6000000001119532618
Q66493590	6000000001119532611
Q66495242	6000000017295995764
Q66495337	6000000061600870948
Q66495731	6000000106030376834
Q66496642	6000000069264444829
Q66498126	6000000024962374457
Q66498202	6000000017124574602
Q66498324	6000000016369520782
Q66498651	6000000024512272557
Q66498825	6000000009976946323
Q66498874	6000000000280530109
Q66498971	6000000056638236850
Q66499103	6000000204477296827
Q66499123	6000000008042821650
Q66499144	6000000017018381300
Q66499174	6000000004832382612
Q66499190	6000000037201470842
Q66501	6000000017211490091
Q66501629	6000000089486809840
Q66502	6000000013987619853
Q66505	6000000000142194753
Q665051	6000000143251899899
Q66509791	6000000045467701056
Q665129	6000000090989854821
Q66513422	6000000028055549686
Q665139	6000000066102302843
Q66516	4104280
Q665161	6000000000406354780
Q6651643	6000000002679476313
Q6651833	6000000075327213851
Q66524	6000000002764429936
Q66525	6000000007329615301
Q665262	6000000151118753892
Q6652694	6000000167796215386
Q6652881	6000000031315871280
Q66530	6000000001504551770
Q6653141	6000000021866494784
Q66531776	6000000114230047939
Q6653290	6000000015759095202
Q66533	6000000008114663291
Q6653339	6000000020472686761
Q6653421	6000000021305960949
Q665345	6000000156978673825
Q6653453	6000000075405897852
Q6653472	6000000074752636978
Q66535	6000000000707740918
Q6653539	6000000002030702304
Q665356	6000000012088692087
Q665358	6000000037053137204
Q6653604	6000000074712812884
Q6653701	6000000075613787947
Q66537049	6000000050828425905
Q6653828	6000000074730048854
Q6653828	6000000074784036900
Q6653838	6000000074727177421
Q665388	6000000056271506044
Q6653909	6000000006280417013
Q6653996	6000000041633273335
Q6654066	5435822724770125086
Q665416	6000000014590437314
Q665422	6000000014585122564
Q665436	6000000010062674502
Q66544713	6000000026037648858
Q66545558	6000000030991445297
Q66545567	6000000069155496870
Q66546	6000000007329608051
Q66547870	6000000014057568426
Q6655028	6000000001374255162
Q66551	6000000009792529592
Q66553	6000000002188409264
Q66556	6000000000300773426
Q66557236	6000000107543896219
Q66557566	6000000081749768233
Q66561	6000000008106726290
Q6656247	6000000196127081860
Q66562822	6000000057349091921
Q665630	6000000038743274071
Q66564523	6000000016105048466
Q665649	1415824
Q66565	6000000009280396991
Q66565745	6000000008524376463
Q66565860	6000000009369575190
Q6656684	6000000126532683834
Q665672	6000000013246279051
Q665695	6000000181942255835
Q6657059	6000000161880372855
Q66570952	6000000055037237987
Q66571	6000000093138409821
Q66571155	6000000049029590897
Q665770	6000000024988061657
Q66578418	6000000007760679018
Q66583	6000000018163254522
Q66584160	6000000040257830309
Q665850	6000000001943109960
Q66587063	6000000001394010194
Q66587202	6000000028674953360
Q66589	6000000004964748670
Q66590047	6000000026546881415
Q665919	6000000034079967987
Q66592	6000000007774052969
Q665955	6000000016968131537
Q665962	6000000026325295017
Q66596279	6000000007773306917
Q6659644	6000000104758460926
Q6659658	6000000013248487275
Q6659691	6000000066814669821
Q66597445	6000000059092023972
Q6659782	341869294050013382
Q6660071	6000000026745021961
Q66600797	6000000040651538859
Q66602	6000000003827359559
Q66602635	6000000006402699229
Q66603	6000000010888277113
Q6660303	6000000070500205792
Q6660332	6000000017936590797
Q66603490	6000000007008797116
Q66603512	6000000023175119127
Q66604005	6000000002281816565
Q66605689	6000000183963255824
Q6660580	6000000019633368582
Q66605823	6000000013369940101
Q66605843	6000000013371087606
Q66606143	6000000016965987245
Q66606149	6000000028972326042
Q66606209	6000000023133610122
Q66606260	6000000013986651274
Q66606345	6000000171953429952
Q66606848	6000000025808930520
Q66606892	6000000004868937902
Q66606906	6000000000989650248
Q66606907	6000000016502007923
Q66606908	6000000007433818665
Q6660692	6000000021208463740
Q66606938	6000000050987411992
Q66606963	6000000010869753719
Q66607003	6000000001382991790
Q6660849	6000000003611410745
Q66612	6000000000052479364
Q66615	6000000006744009321
Q66615145	6000000020389460294
Q6661642	6000000004671599162
Q66619189	6000000007453258647
Q66619359	6000000000072446817
Q66619366	6000000017042471373
Q66619442	6000000056953481827
Q66619667	6000000039433234512
Q666197	6000000156639169863
Q6662085	6000000052898515241
Q66622811	6000000010506060148
Q6662316	6000000013146321684
Q6662352	6000000183663011855
Q6662469	6000000035676390175
Q6662474	6000000015901269184
Q6662537	6000000030747978355
Q6662539	6000000015656024021
Q6662599	6000000032622105168
Q6662637	6000000027647163463
Q6662675	6000000014300711081
Q666270	6000000036136198568
Q66627003	6000000002290082590
Q6662708	6000000030793618937
Q6662734	6000000014875157028
Q6662742	6000000054885164152
Q6662763	6000000002799105139
Q6662779	6000000012379633268
Q6662782	6000000017711643769
Q66627831	6000000002906856310
Q6662789	6000000001812025216
Q6662799	6000000023867742836
Q66628	6000000035677871867
Q6662809	6000000011525151021
Q6663352	6000000036603358849
Q6663439	6000000013694598151
Q66636624	6000000022807891951
Q66637932	6000000022807509604
Q66639	6000000002188586024
Q6663953	6000000013143585172
Q66642	6000000008222062635
Q6664392	6000000177121524822
Q66644406	6000000014828792286
Q66645	6000000006250934792
Q666468	6000000165151763434
Q66647238	6000000011288655219
Q66647359	6000000110263991837
Q66647425	6000000002643757541
Q66647930	6000000015173769571
Q66647934	6000000214437265821
Q66647943	6000000214437335823
Q66647969	6000000081439818354
Q66647986	6000000004160810501
Q66647986	6000000082655910910
Q66647989	6000000042014811435
Q66647990	6000000042015204833
Q66647991	6000000042019247349
Q66647994	6000000042019416155
Q666499	6000000003515430744
Q666504	6000000134419550823
Q66650408	6000000028370748771
Q6665184	6000000075430096966
Q66653971	6000000037146662920
Q66659037	6000000025554580906
Q66660194	6000000008391593712
Q66660211	6000000008391406642
Q66660275	6000000103854110896
Q66660296	6000000001407466151
Q6666133	6000000008269283278
Q666620	6000000023437929942
Q6666284	6000000013663527044
Q6666327	6000000030171395215
Q66663358	6000000048769761986
Q66664072	6000000038354895988
Q6666538	6000000057679407927
Q66665459	6000000056745638866
Q66665467	6000000179296115822
Q6666556	6000000005599114894
Q66666054	6000000070667613296
Q666662	6000000040043867033
Q6666722	6000000066979004866
Q6666723	6000000002263874948
Q6666725	6000000041288212128
Q6666736	6000000020802859479
Q66667777	6000000065940752849
Q666681	6000000155234494111
Q66669150	6000000071796205162
Q6667055	6000000060913450874
Q66670677	6000000071455544997
Q66671	6000000008174116051
Q6667132	6000000035504999901
Q666715	6000000019417492190
Q6667185	6000000006574510581
Q666719	6000000015119277994
Q66671911	6000000019374381662
Q6667235	6000000079867370880
Q66672651	6000000021122102375
Q666744	6000000006817653987
Q666744	6000000097093655862
Q666785	6000000001244761921
Q66679574	6000000008231897799
Q66680668	6000000037377331548
Q66680755	6000000027521850178
Q66680760	6000000027521844120
Q66680961	6000000010627578999
Q66681224	6000000022656970828
Q66681333	6000000022636453999
Q6668282	328763939650004911
Q66682978	6000000016328331265
Q6668302	6000000030854785931
Q6668331	6000000000303706115
Q66683315	6000000016328212471
Q66683628	6000000005638154001
Q666838	6000000035840534586
Q66684056	6000000008941126602
Q66684566	6000000002499765828
Q66684573	6000000018259786033
Q66684591	6000000010682773345
Q66684654	6000000020720299012
Q6668481	6000000007900767559
Q66684996	6000000086180348994
Q666852	6000000108732394834
Q666861	6000000000899095035
Q6668629	6000000024893039567
Q6668636	6000000024893232938
Q666875	6000000075285809874
Q66687958	349206019310001474
Q6668857	6000000025879517090
Q66688900	6000000036671648362
Q66689014	6000000028990517610
Q66689181	6000000019870736038
Q66690151	6000000006257898080
Q66690342	5285062750860039155
Q66691224	6000000179950838867
Q66691283	6000000040636842258
Q66691489	6000000070970821122
Q66692039	6000000020330915771
Q6669273	6000000177035379823
Q66692898	6000000053799926998
Q666931	6000000015848741866
Q6669445	6000000184581165866
Q66694580	6000000006257621353
Q66695	6000000066646227838
Q66698	6000000002188399586
Q66698757	6000000041955601892
Q66698764	6000000071942984017
Q66698784	6000000014486406519
Q6669880	6000000085932696886
Q66698810	6000000151409404032
Q66698811	6000000014449079464
Q66698814	6000000026351701734
Q66698828	618649
Q66698853	6000000000167046769
Q66698879	6000000052864819869
Q66698897	6000000046681266903
Q66698933	6000000019543945292
Q66698995	6000000141848528877
Q66699014	6000000057724089300
Q66699118	6000000109057986301
Q66699163	6000000144482169821
Q66699299	6000000007645497081
Q6669930	4711955692550077970
Q66699317	6000000004047305433
Q66699529	6000000027469419879
Q66699541	6000000141440694837
Q66699619	6000000162679185915
Q66699922	6000000006589449095
Q667026	6000000141061971823
Q66703	6000000008279208356
Q6670321	6000000182199512909
Q66704	6000000039927608052
Q66706002	6000000091167997821
Q66706287	6000000013521661306
Q66706780	6000000007589659888
Q667074	6000000000515967055
Q66707437	6000000010673881697
Q66707627	6000000019756148816
Q66707675	6000000019853359872
Q66708976	6000000034338590136
Q66709477	6000000013070842441
Q667095	6000000166018089885
Q66711286	6000000013061910296
Q66711518	6000000078155225474
Q66711592	6000000019811211765
Q66711671	6000000003273404265
Q66711838	6000000006449259080
Q66711892	6000000015061850535
Q66711924	4259818462770020051
Q66712208	6000000084704564992
Q66712289	6000000016015575397
Q66712315	6000000018636688549
Q66712336	6000000056739545746
Q66712375	6000000020294146845
Q66712398	6000000181840330837
Q66712402	6000000020676890482
Q66712405	6000000027691770971
Q66712420	6000000006258090899
Q66712532	6000000014384670497
Q66712915	6000000030966822987
Q66712988	6000000008439643193
Q66712994	5427058932390047635
Q66712995	6000000006533863005
Q66713145	6000000010954410583
Q6671424	6000000002188450116
Q66715	6000000176120254085
Q66715179	6000000014535647369
Q66716565	6000000017818424998
Q66718008	6000000006257516587
Q66718150	6000000036327605905
Q66720607	6000000071288170221
Q66721172	6000000017753363294
Q66721309	6000000011135553968
Q66722621	6000000030662196058
Q66722739	6000000143228367872
Q66722859	6000000016773999083
Q66723899	6000000026481961973
Q66724766	6000000013805862408
Q66725002	6000000003940081779
Q66725707	6000000196131197858
Q66725801	6000000013334035639
Q66727	6000000002188444548
Q667280	6000000010963134221
Q6672801	6000000023320406263
Q6672826	6000000150717236833
Q66728578	6000000005858207019
Q6672901	6000000000431383641
Q6673145	6000000177125103837
Q66732	6000000033760770800
Q667320	6000000139432187832
Q66733075	6000000087015579848
Q66734575	6000000057110381291
Q66735208	1508836
Q66735995	6000000006590094911
Q66736170	6000000124375214944
Q66736202	6000000151404343102
Q66736208	6000000025510299985
Q66737135	6000000011511446788
Q66737919	6000000029192697440
Q66738100	6000000003740508504
Q66740321	6000000006444784494
Q66740669	6000000009385432327
Q66740679	6000000002634953707
Q66741767	6000000053643295918
Q66741780	6000000053642983994
Q66741800	6000000024463456144
Q66743530	6000000052117362276
Q66746	6000000008416646618
Q667465	6000000041827237113
Q66748	6000000008417349327
Q66748915	6000000006341309183
Q667495	6000000096131419656
Q66750752	6000000061602689873
Q66750766	6000000002091204348
Q66750783	6000000019092955647
Q66750786	6000000035476628869
Q66750812	6000000138988156822
Q66750816	6000000061603171867
Q66750819	6000000072582966920
Q66750820	6000000036973439000
Q66750823	6000000003966465883
Q66750827	6000000201105465867
Q66750828	6000000050192807114
Q66750830	342723942520011115
Q66750835	6000000003525921065
Q66750869	6000000031545376902
Q66750878	6000000020418326277
Q66750882	6000000001180400845
Q66750883	6000000055250697030
Q66750906	6000000126648763863
Q66753032	6000000032505531872
Q66753632	6000000018319557114
Q66753728	6000000163355262841
Q66753833	6000000026271216196
Q66754	6000000022251445818
Q66754096	6000000015741054647
Q66756	6000000003700353820
Q66759297	6000000004566668594
Q66759349	6000000038384845758
Q66759351	6000000124370714880
Q6676039	6000000013112085147
Q66761130	6000000113099940821
Q6676141	6000000008854226806
Q66761823	6000000112299442830
Q66763705	6000000033337468940
Q66763729	6000000086964929821
Q66764109	6000000103788309928
Q66764622	292373984150002914
Q66764772	6000000001482606360
Q66765080	6000000027754642209
Q66769557	6000000001504226311
Q667709	6000000089627699951
Q667722	6000000005945733139
Q66773543	292260315390002981
Q66777060	6000000185962277933
Q667771	6000000179287978836
Q66777147	6000000003098894740
Q66777931	6000000086583953411
Q66777934	6000000038091311986
Q66777935	6000000038091390961
Q66777935	6000000048707441043
Q66777937	6000000014072365770
Q66777976	6000000086468284005
Q66777977	6000000020458436063
Q66777983	6000000025957525318
Q66777999	6000000086721326343
Q66778008	6000000015346409950
Q66778015	6000000015346469338
Q66778035	6000000006720506057
Q66778039	6000000009375655271
Q66778041	6000000009375402957
Q66778043	6000000185603061082
Q66778052	6000000011833671801
Q66778055	6000000035160045089
Q6677995	6000000003581505059
Q66780133	6000000054967544042
Q66780151	6000000046664002983
Q66780941	6000000012977498908
Q66782	6000000018127270284
Q66784	6000000020759082916
Q66784697	1041436
Q667861	6000000156489193822
Q6678694	6000000000307243740
Q6678766	6000000041035168011
Q6678797	6000000027329188001
Q6678887	6000000008712847566
Q6678888	6000000003714053717
Q6678891	6000000003273919609
Q6678901	6000000026441142937
Q6678902	6000000002188464370
Q6678905	6000000026407078964
Q6678906	6000000002954304912
Q667891	6000000136286341898
Q6678911	6000000032214956958
Q6678913	6000000031817034021
Q6678918	6000000000632135638
Q6678922	5545144121560117278
Q6678926	6000000002188504176
Q6678927	6000000002850945652
Q6678928	6000000016912017300
Q6678929	6000000002188466623
Q66789600	6000000003732957621
Q66789601	6000000016094251183
Q66789602	6000000002996790050
Q66789603	6000000016094065516
Q66789606	6000000014960994116
Q66789607	6000000086162913948
Q6678983	6000000016762755018
Q6679036	6000000002188458577
Q6679038	6000000002188383680
Q6679041	6000000002188504002
Q6679043	6000000002188479664
Q6679044	6000000002188479556
Q6679050	6000000018252196052
Q6679052	6000000002188479183
Q6679053	6000000008630260214
Q6679055	6000000002188458640
Q6679056	6000000003714160477
Q6679059	6000000007461684734
Q6679084	6000000014059122872
Q6679103	6000000013007443462
Q6679126	6000000028242908786
Q6679152	6000000010998759631
Q66791608	6000000006913349542
Q66791608	6000000083699494983
Q6679186	6000000025957533131
Q6679196	6000000006789496764
Q6679204	6000000005598791297
Q6679205	6000000002188504163
Q6679207	6000000010619669815
Q6679208	6000000011341901755
Q6679210	6000000003714160501
Q6679211	6000000005679135955
Q6679229	6000000002782922383
Q6679252	6000000001299375102
Q6679254	6000000011319647355
Q6679259	6000000001545864573
Q6679261	6000000005598819858
Q6679274	6000000002188470891
Q6679279	6000000004079619415
Q6679281	6000000002188368620
Q6679282	6000000002764377386
Q6679302	6000000033248778616
Q6679336	6000000023489859701
Q6679337	6000000010574975320
Q6679339	6000000056626424821
Q6679342	6000000001877506907
Q6679344	6000000008630255199
Q6679346	6000000016445858444
Q6679347	6000000002954440619
Q667935	6000000019536564955
Q6679352	6000000002188368643
Q6679354	6000000010051556629
Q6679399	6000000000307276143
Q66794051	6000000009616260011
Q6679411	6000000006101202731
Q6679416	6000000002188670751
Q6679423	6000000016640578991
Q6679438	6000000002188670737
Q6679443	6000000011830513322
Q6679447	6000000013700741053
Q6679448	6000000017023551190
Q6679449	6000000002188412703
Q6679454	6000000017982325409
Q6679459	6000000002188551523
Q6679747	6000000011944938742
Q6679808	6000000019199290807
Q6679824	6000000013417398704
Q6679825	6000000012934495254
Q6679840	6000000002188489065
Q6679900	6000000013043507369
Q6679904	6000000015891606146
Q6679906	6000000009589307884
Q6679913	6000000002188504129
Q6679917	6000000013417320746
Q6679918	6000000005683938027
Q6679920	6000000013415245290
Q6679922	6000000003485981047
Q6679923	6000000006444790306
Q6679927	6000000026041297883
Q6679939	6000000009675109364
Q6680006	6000000002188496767
Q6680019	6000000013429285825
Q6680022	6000000015265121819
Q6680023	6000000007033268530
Q6680026	6000000002188412727
Q6680028	6000000001299345464
Q6680030	6000000011819202387
Q6680031	6000000014327626340
Q6680032	6000000019364306676
Q6680033	6000000028242747363
Q66801735	6000000002230117813
Q6680265	5674243845930060809
Q6680373	6000000025830656140
Q6680405	293605304290002426
Q668047	6000000020023103598
Q6680498	3834690
Q6680503	6000000011160183925
Q6680516	6000000007074346373
Q6680527	6000000036721590899
Q6680530	6000000047247646011
Q6680535	6000000196490815904
Q6680571	6000000000400669281
Q6680573	6000000173746011877
Q6680603	6000000025498845281
Q6680613	6000000002339460561
Q6680643	6000000017509109344
Q6680665	6000000032296488942
Q6680698	6000000023214698433
Q6680716	6000000182223100838
Q6680754	6000000019567948712
Q66808	6000000016897297441
Q6680806	6000000181637982836
Q6680844	6000000012983705716
Q6680889	6000000020447628703
Q66809358	6000000017002155289
Q66809367	4415032
Q66809375	6000000080627368392
Q66809447	6000000021690963039
Q66809478	6000000026106997742
Q66809566	6000000031290206524
Q6680965	6000000051218157559
Q668098	6000000011894195390
Q668099	6000000014744042880
Q66810040	344436617120004019
Q66810107	6000000001727302638
Q66811096	6000000044918832838
Q66811727	6000000017075939144
Q66811887	6000000008851277717
Q66812050	6000000001843182868
Q6681206	6000000003681572040
Q66812090	6000000013164072656
Q6681228	6000000006419450811
Q66812428	6000000006811456636
Q66812814	6000000018397377363
Q66812822	6000000005004022691
Q6681382	6000000013373256935
Q6681433	6000000019346583208
Q6681483	6000000022338328604
Q668153	6000000145346253840
Q66816	6000000010953538863
Q66817383	6000000065926430867
Q66817408	6000000074786226919
Q6681745	6000000008480970237
Q66817485	6000000167495332822
Q66817511	6000000021529164287
Q66817622	6000000038521304986
Q6681775	6000000000211095902
Q66817844	6000000024158284864
Q66819035	1041541
Q66819842	6000000004015889485
Q66820587	297851151970001719
Q66820950	6000000000251006155
Q66821103	6000000006252848347
Q66821186	6000000015763737381
Q66821335	6000000017403602353
Q66821421	1041706
Q66821543	6000000001186827215
Q66821589	6000000004947405656
Q66821744	6000000016509355638
Q668220	6000000008482418403
Q66822997	6000000011627753561
Q66823278	6000000033698320366
Q66823326	6000000175013496942
Q66823346	6000000003938265824
Q66823413	6000000010655122193
Q66825658	6000000124333838837
Q66826112	6000000018780142894
Q66827014	6000000086491165846
Q66828234	6000000023498718135
Q66828240	6000000029965314769
Q66828242	6000000002115924370
Q66828267	6000000004032317193
Q66828276	6000000009315851201
Q668283	6000000090989099839
Q66828311	6000000053856123059
Q66828444	6000000180517226863
Q66829403	6000000177083285821
Q66830	6000000065871748887
Q668303	6000000114082688004
Q668328	6000000023025472134
Q6683491	4178651540320064143
Q66835854	6000000137683758868
Q66836833	6000000088708055261
Q66838	6000000019639429469
Q66840990	6000000179042316855
Q668424	6000000000770002090
Q668440	6000000071760799130
Q66845825	6000000016607446597
Q66845825	6000000086631925901
Q6684592	5435531085790115368
Q6684761	6000000004671647308
Q66848189	6000000004032790851
Q6684883	6000000014485565468
Q6685029	6000000018038738035
Q66851142	6000000016394966110
Q66851541	6000000041575602291
Q668525	6000000061525130969
Q6685376	6000000050948925984
Q6685454	6000000051660519821
Q6685478	6000000021991708430
Q6685730	5675044146280101891
Q6685769	6000000075333941079
Q6686019	6000000024957652934
Q6686287	6000000017637342274
Q668638	6000000002427581286
Q66864	6000000021703193891
Q6686418	6000000028475630035
Q6686506	6000000028202319782
Q6686509	6000000039997759336
Q6686606	6000000142664337890
Q6686688	6000000013518016425
Q6686729	6000000002121371275
Q6686769	6000000148688955238
Q6686771	6000000012901903205
Q6686927	6000000178940906876
Q6686962	6000000057287848046
Q6687084	6000000036347762995
Q6687120	6000000069956736922
Q6687162	6000000177172710500
Q6687212	6000000016476838273
Q6687226	6000000011717219833
Q668723	6000000006788402374
Q6687232	6000000012091920181
Q6687234	6000000167556088504
Q6687292	6000000025820184069
Q6687298	6000000001507375441
Q6687328	6000000157628449846
Q6687373	6000000026903414277
Q6687391	6000000034672539350
Q6687410	6000000031737421969
Q6687411	6000000012542880358
Q6687447	6000000145241240870
Q6687475	6000000032609713605
Q6687493	292461633610002703
Q6687639	6000000033232961935
Q6687659	6000000014270395378
Q6687680	6000000042928041241
Q6687682	6000000007729957023
Q6687797	6000000093217043855
Q6687826	6000000103882085032
Q6687836	6000000005797564240
Q668786	6000000002850327303
Q6687902	6000000026239831675
Q6687903	6000000173720527348
Q6687919	5225117586750062878
Q6687926	6000000085716122875
Q6687937	6000000039891031422
Q6687948	6000000031506595775
Q668798	6000000163418277822
Q6687997	6000000010465712536
Q6688023	6000000026523542137
Q6688034	6000000015711165630
Q6688094	6000000106209488303
Q6688138	6000000000641005198
Q6688159	6000000002373287470
Q6688189	6000000041999341109
Q6688191	6000000075885384930
Q66882	6000000002240801701
Q6688231	6000000026872938278
Q6688236	6000000015747385472
Q6688278	6000000054175032091
Q6688279	6000000148029892864
Q6688322	6000000012361247941
Q6688381	6000000015392804279
Q66884055	6000000008063018519
Q6688452	6000000077951006019
Q66884804	6000000007979244301
Q6688491	6000000003075747352
Q6688518	6000000015717409020
Q6688520	6000000012755986091
Q6688534	5720324980680083731
Q6688563	6000000061535673893
Q6688629	6000000174173269370
Q6688687	6000000017563482169
Q6688697	4402035436960049679
Q6688739	6000000177353215903
Q6688782	6000000004630639873
Q66888	6000000001504715942
Q6688801	6000000020388039941
Q6688828	6000000007981649762
Q6688837	6000000178118062821
Q6688844	6000000008009725258
Q6688893	6000000028101343492
Q66889	6000000006727757276
Q6688982	6000000018061631215
Q6689005	6000000013077886639
Q668957	6000000005065443285
Q668969	6000000086907237933
Q66898186	6000000003827484812
Q66898585	6000000002765685557
Q66898725	6000000012821405193
Q668993	6000000028040871929
Q66899338	6000000025255005342
Q6689967	6000000075406317981
Q6690023	6000000012228862588
Q669024	6000000001907277164
Q669028	6000000012459022853
Q669029	6000000026077404826
Q6690404	6000000001554380015
Q6690711	6000000114083770778
Q669076	6000000007033778072
Q669087	6000000006788391332
Q6690891	6000000048515742976
Q66912040	6000000015983352767
Q66914	6000000002764693846
Q6691517	6000000002478017023
Q66916	6000000018221810034
Q66918881	6000000036919591943
Q669189	6000000003146963477
Q6691892	6000000030814851460
Q66919105	6000000021106612599
Q669193	6000000012088971189
Q66921	6000000180951365909
Q66921220	6000000017103195372
Q66921381	6000000016805223703
Q6692693	6000000043098927220
Q669316	6000000013019276578
Q6693184	6000000075052809960
Q6693212	6000000041636719499
Q66936	6000000014746321248
Q6693609	6000000026313604111
Q6694	6000000009469727496
Q6694156	6000000004867991958
Q6694444	6000000143569387956
Q6694740	6000000019296830019
Q6694818	6000000075345376002
Q6694925	6000000075403242824
Q6694932	6000000075406366849
Q6694945	6000000016707212775
Q6694988	6000000086878106858
Q669500	6000000008494756298
Q6695109	6000000017649991353
Q669518	6000000010707110749
Q6695528	6000000041122720271
Q6695529	6000000001823921391
Q6695637	6000000121291069827
Q6695846	6000000140428474129
Q669597	6000000040453991851
Q669600	6000000026214888611
Q6696084	6000000048115132857
Q6696139	6000000015663763770
Q6696167	6000000094745746822
Q6696264	6000000015194004118
Q6696264	6000000174792516849
Q66965300	6000000016981351967
Q6696640	6000000008439226428
Q6696683	6000000013239123443
Q6696706	6000000146318362950
Q669685	6000000011536507238
Q6696881	6000000020838716584
Q6696946	6000000016144808308
Q6696956	6000000004079710152
Q6697081	6000000193012310839
Q6697086	6000000001915895817
Q6697114	6000000034846176773
Q6697132	6000000002474707444
Q6697146	6000000077189424726
Q6697152	6000000016202821107
Q6697216	6000000042332480583
Q6697220	6000000060827037823
Q6697224	6000000041932263027
Q6697263	6000000163743121190
Q669728	6000000022494861508
Q6697303	6000000018783344551
Q6697403	6000000180168605867
Q6697470	6000000012587661088
Q6697474	6000000022567615967
Q6697475	6000000029285416873
Q6697495	6000000014314225655
Q6697522	6000000018012160059
Q6697527	6000000012228524399
Q6697545	6000000014345579805
Q6697553	6000000027374965022
Q66975631	6000000035477006110
Q6697568	6000000026324657707
Q6697572	6000000002494275046
Q6697588	6000000018648640258
Q6697592	6000000006184965151
Q669760	6000000014825119399
Q6697601	6000000013182015001
Q6697607	6000000013004304822
Q6697617	6000000021000567378
Q6697620	6000000021451668943
Q669773	6000000019747653326
Q66978	6000000020683212243
Q6697855	6000000019988703617
Q66979463	6000000031818863172
Q66980214	6000000182016211857
Q66980839	6000000000440960578
Q6698108	6000000009785056663
Q6698131	6000000040240095850
Q6698169	6000000015606495067
Q6698188	6000000053735435181
Q6698198	6000000025973169658
Q669820	6000000017228101354
Q6698204	6000000136536277844
Q6698217	6000000082040174620
Q6698231	6000000002499530482
Q6698237	6000000016004256180
Q66982731	6000000003717151314
Q6698274	6000000177345050853
Q6698324	6000000052694503833
Q6698331	6000000010322811595
Q66983756	6000000018687871310
Q6698378	6000000003187084770
Q6698392	6000000016452211725
Q6698401	6000000011460713564
Q6698433	6000000018578860796
Q6698466	6000000009029130481
Q6698487	6000000000267227707
Q6698488	6000000016003737609
Q6698502	6000000024600579552
Q6698504	6000000042580548360
Q6698519	6000000014876045661
Q6698541	6000000020370280673
Q6698548	6000000009673381807
Q6698552	6000000009979320249
Q66986447	6000000045676304026
Q66987	6000000071060696100
Q6698956	6000000031085605998
Q6698973	6000000007034789257
Q6698980	6000000016729019682
Q6699007	6000000015702507307
Q6699086	6000000018967840132
Q6699092	6000000024202398098
Q6699097	6000000014984253770
Q669910	6000000045086796134
Q6699124	6000000012861650287
Q6699131	6000000019240581344
Q66992	6000000023712232223
Q6699201	6000000074824928116
Q6699210	6000000022097984709
Q6699238	6000000030909132295
Q6699284	6000000046864701914
Q6699310	6000000057966280950
Q669934	6000000051036107026
Q6699406	6000000016465839555
Q6699407	6000000021450126224
Q6699443	6000000089014488932
Q6699444	6000000015962675967
Q6699462	6000000014655971374
Q6699463	6000000002925838109
Q6699466	6000000054583939963
Q6699467	6000000002452544562
Q6699469	6000000013373634921
Q669956	6000000069162296854
Q6699975	6000000141116445041
Q670006	6000000017487586792
Q6700081	6000000145075511823
Q6700113	6000000006236044024
Q6700115	6000000182428869860
Q6700134	6000000178299805839
Q670030	6000000190730678855
Q6700395	6000000169981496821
Q6700406	6000000030140865107
Q6700453	6000000023232206016
Q67005	6000000015673754216
Q670050	6000000012408620451
Q670054	6000000021403137653
Q670075	323980878400001404
Q6700787	6000000009102172441
Q6700949	6000000001699566434
Q67009683	6000000008631003315
Q6701	6000000006595089395
Q6701003	6000000017151279094
Q670103	6000000000252501962
Q6701036	6000000002093632121
Q6701038	6000000033670650821
Q6701198	6000000000473419296
Q670121	6000000008182044101
Q6701213	6000000060164574268
Q6701258	6000000009120555607
Q67013	6000000037003965001
Q670136	6000000013821619918
Q67014104	6000000002189208815
Q6701424	6000000086806196912
Q6701484	6000000049127276840
Q6701485	6000000064357282831
Q6701512	6000000175692029849
Q6701604	6000000007297306565
Q6701624	6000000003880332138
Q6701642	6000000083175271794
Q670179	6000000012593560235
Q67018	6000000082011473286
Q6701909	6000000016264606239
Q6701935	6000000024333945592
Q67019587	6000000020172118175
Q6701990	6000000022702452347
Q6702097	6000000075906849366
Q6702207	6000000014932161157
Q6702236	6000000028701388243
Q67023	6000000158352147886
Q6702322	6000000001519458306
Q6702449	6000000003419620571
Q6702450	6000000002188385469
Q6702456	6000000003419807134
Q67025	6000000023417237603
Q6702558	6000000009719896572
Q6702738	6000000017632925315
Q6703025	6000000186408113831
Q670319	6000000009784036118
Q67038	6000000001366725294
Q670381	6000000066686370831
Q6704503	6000000074714657083
Q6704538	6000000037746022713
Q6704682	6000000016422659353
Q670492	6000000002881564766
Q670497	6000000009801167016
Q67051	6000000012227655610
Q670514	6000000023158223706
Q670522	6000000157268505868
Q6705487	6000000038623827848
Q6705491	6000000011883012421
Q6705525	6000000002227869185
Q6705539	6000000013184779149
Q6705547	6000000066612041024
Q6705550	6000000026750388156
Q6705557	6000000068812644868
Q6705561	6000000013268268748
Q6705571	6000000016010855153
Q6705573	6000000019470461238
Q6705577	6000000018272294340
Q6705591	6000000011582250785
Q6705596	6000000010487183483
Q6705619	6000000017070421611
Q6705627	6000000001915792156
Q6705642	6000000035585666890
Q6705647	6000000008548967452
Q6705656	4007949029210124632
Q6705722	6000000028415100468
Q6705743	6000000069526243359
Q6706039	6000000032601994821
Q670611	6000000020771331365
Q67061809	6000000006283429678
Q6706526	6000000010798458511
Q670658	6000000110231426840
Q670661	6000000008479248534
Q670694	6000000090983248962
Q6707046	6000000027899850497
Q67076	6000000020985202452
Q6707601	6000000066372731963
Q6707644	6000000021468252002
Q6707691	6000000010123798401
Q670779	6000000178965080860
Q6707876	6000000026232132037
Q6707971	6000000126777617821
Q6708020	6000000035691466985
Q6708023	6000000010463000086
Q6708027	6000000173484867149
Q6708029	6000000001612196410
Q67080365	6000000013687200121
Q6708041	6000000001959086347
Q6708048	6000000172454928381
Q6708085	6000000198535378863
Q6708092	6000000140250799879
Q670812	6000000019059140226
Q6708242	6000000010408930081
Q670826	6000000002750194894
Q67083173	6000000001631228427
Q67083285	4318268150920068395
Q67083462	6000000002188514118
Q67083526	6000000002188456532
Q67083575	6000000002188456694
Q67083769	6000000010091156457
Q67084149	6000000006284040308
Q67084743	6000000015346603641
Q67084836	6000000014960757977
Q67084913	6000000014961166539
Q67085030	6000000037377658029
Q67085041	6000000037376582346
Q670852	6000000034585579803
Q670858	6000000072246723023
Q6708596	6000000110405896860
Q6708623	6000000064494859906
Q6708685	6000000072026966274
Q67087	6000000007478806339
Q67087721	6000000013695140932
Q67089	6000000031572634172
Q67089414	6000000013845779665
Q67089471	6000000013695145033
Q67089573	6000000011600802486
Q6709020	6000000010601848788
Q670908	6000000002764690866
Q6709101	6000000008970911993
Q6709135	6000000150350310821
Q6709148	6000000028107536269
Q670917	6000000179023332847
Q670919	6000000003558574524
Q6709198	6000000000288134090
Q670922	6000000014981447529
Q67093	6000000002765848011
Q6709345	6000000020585041236
Q6709521	6000000066607604047
Q6709631	6000000003681568084
Q670967	6000000000151481960
Q67098906	6000000092461504867
Q670990	6000000100229671876
Q67099063	6000000023311431007
Q67099206	6000000003621188428
Q67099262	6000000016034472207
Q671014	6000000064773505512
Q6710285	6000000019139772334
Q67104447	6000000010488148770
Q67104686	6000000134918495829
Q6710687	6000000018315239300
Q6710749	6000000018126196662
Q6710776	6000000015356865526
Q67108588	6000000178070494004
Q6711	6000000000052864759
Q67110	6000000076698824538
Q6711099	6000000074242777822
Q67111	6000000164062616912
Q67111020	6000000017376190254
Q6711112	6000000011286329588
Q67111719	6000000015733659844
Q6711255	6000000039465201999
Q671147	6000000032167482847
Q6711506	6000000044364380059
Q67123771	6000000180694030886
Q671247	6000000020892259486
Q6712504	6000000107704808873
Q67125948	6000000145238467823
Q6712648	6000000022673067948
Q6712724	6000000023067079821
Q6712738	6000000063127685056
Q6712833	6000000003097419248
Q67129394	6000000000321416322
Q67130154	6000000033427661416
Q67130181	6000000000320658288
Q67130207	6000000006439812648
Q67130289	6000000183714595826
Q67130347	6000000018846717242
Q67131079	6000000064529579821
Q67131080	6000000014883438399
Q67131082	6000000064528881874
Q67131090	6000000015729176718
Q67131094	6000000002392615562
Q67131105	6000000015729328171
Q67131106	6000000030573927981
Q67131115	6000000015729176395
Q67131116	6000000015729102659
Q67131119	6000000002392795184
Q67131186	3917774724880102798
Q67132	6000000026150575397
Q67132455	6000000103752336986
Q6713255	6000000014537753848
Q6713275	6000000058653263922
Q67133333	6000000026325944029
Q671386	6000000023175421394
Q67138961	6000000002622816159
Q67139	6000000018883603245
Q671391	6000000014329905514
Q67139241	6000000002482633675
Q67139520	6000000014677719763
Q67139600	6000000132375075842
Q67139775	6000000025358720599
Q67139775	6000000028265488634
Q67139831	6000000048123673028
Q67139831	6000000215575679823
Q67139869	6000000015186411471
Q67139895	6000000222423063828
Q67139905	6000000014984350649
Q67139906	6000000021287340663
Q67139909	6000000043443516330
Q67139909	6000000225518401840
Q6714	6000000006595371172
Q671411	6000000044019790899
Q671414	4016986774940024354
Q67141938	6000000035429163036
Q67142	6000000176264231828
Q67145714	6000000025141100990
Q67146914	6000000184874313854
Q67146945	6000000004103511362
Q67146952	6000000019405123784
Q67146952	6000000184873430903
Q67146956	6000000004094591311
Q67146960	6000000014070751137
Q67146963	6000000015865097298
Q67146964	6000000090934778822
Q67146992	6000000090933069879
Q67147	6000000006968450670
Q67147001	6000000015865151189
Q67147001	6000000016457775349
Q67147028	6000000006740374043
Q67147035	6000000037019069108
Q67147040	6000000037018907064
Q67147049	6000000014192174251
Q67147054	6000000014191959761
Q67147055	6000000037019180209
Q67147064	6000000003621993807
Q67147066	6000000006713760653
Q67147078	6000000006799641586
Q67147082	6000000015798268491
Q67147086	6000000006740338098
Q67147157	6000000002665115069
Q67147172	6000000015185339581
Q67147183	6000000015185739482
Q67147201	6000000015185837405
Q67149	6000000037989272534
Q67151453	6000000000987180311
Q67153065	6000000004693232257
Q67153154	6000000028188261998
Q67153159	6000000004693222776
Q67153606	6000000023113182708
Q67153705	6000000023113259728
Q67153802	6000000018623937130
Q67154104	6000000069554969875
Q67155801	6000000011508122363
Q67156251	6000000087744642019
Q671583	6000000067165411016
Q671585	6000000003941239423
Q671596	6000000011135083523
Q67160	6000000038186393852
Q67162	6000000045951815914
Q67168166	6000000032129921206
Q67168460	6000000032129239681
Q67168924	6000000039947404769
Q671725	6000000064109460947
Q6717269	6000000075507248870
Q67173440	6000000069664701844
Q67173507	6000000097604965972
Q67173584	6000000061012385822
Q67173643	6000000001975175361
Q67173731	6000000014569388304
Q67173756	6000000013924659429
Q67173764	6000000014568857879
Q67173768	6000000019441100061
Q67173770	6000000009375439665
Q67173805	6000000025743803265
Q67173869	6000000003712803056
Q67173920	6000000003771230766
Q67173932	6000000024988412526
Q67173945	6000000011578794069
Q67173960	6000000022877386576
Q67174160	6000000041459767609
Q67174397	6000000014656544416
Q67174415	6000000039301022878
Q67174422	6000000014655504669
Q67174672	6000000019735397721
Q67174680	6000000019483652347
Q67174696	6000000004148327075
Q67174905	6000000021288509884
Q67174911	6000000064525812821
Q67174992	4489971129160032482
Q67175120	6000000016289830287
Q67175576	6000000008307380122
Q67175641	6000000032446921465
Q67175672	6000000220958151877
Q67177786	6000000031644463905
Q671786	6000000049109583824
Q67179	6000000176260132828
Q67179836	6000000010199458069
Q67180966	6000000029267533557
Q6718112	6000000008526577762
Q67181615	6000000023839460185
Q67183	6000000038142569865
Q67183382	6000000052130320074
Q67184079	6000000006294191132
Q67184121	6000000019901915666
Q67186076	6000000029957339144
Q671861	6000000012105090865
Q67186111	6000000029957492828
Q67186716	6000000006496808396
Q671872	6000000002452409934
Q67187508	6000000213502966826
Q67188053	6000000111759918882
Q671883	6000000019702896066
Q67188583	6000000132476090985
Q67189	6000000180993063913
Q67192	6000000018412244865
Q671927	6000000176174752904
Q67192890	6000000144747973822
Q67194	6000000001340334219
Q67194989	6000000050546290870
Q671958	6000000025309635999
Q67196	6000000002188502117
Q67196931	6000000133165074843
Q67196984	6000000133166576821
Q67196993	6000000016777531279
Q67197075	6000000133167229821
Q671971	6000000009754321207
Q67197145	6000000028852813027
Q67197379	6000000180966737823
Q671976	6000000045680255345
Q67197824	6000000037882811397
Q67197848	6000000034645647516
Q67197869	6000000010144811459
Q67198008	6000000173884029872
Q67198079	6000000069427751236
Q67198088	6000000069425255036
Q67198091	6000000083356715205
Q67198141	6000000005436563125
Q67198165	6000000050423279834
Q67198166	6000000040435259159
Q67198181	6000000076779256276
Q67198201	6000000069491291009
Q67198226	6000000014119187418
Q67198251	6000000017290013768
Q67198288	6000000035396950185
Q67198301	6000000000359637747
Q67198343	6000000005058347236
Q67198408	6000000097038989849
Q67198421	6000000069468106997
Q67198422	6000000051570141974
Q67198424	6000000069296936614
Q67198444	6000000012631089334
Q67198456	4098826880540083840
Q67198470	6000000183641515870
Q67199093	6000000030070826986
Q671993	6000000132359189920
Q67199341	6000000196896737830
Q67199477	6000000003007729171
Q67199499	6000000030070481312
Q67199515	6000000030070810009
Q67199531	6000000030070626746
Q67199541	6000000030070284808
Q67199554	6000000001285137022
Q67199604	6000000003007365019
Q67199813	6000000019777287374
Q67199824	4934855430350110090
Q67200032	6000000019777018878
Q67200065	6000000011517553594
Q67200089	6000000011517673201
Q67200173	6000000011517568511
Q67200473	6000000012016449221
Q67200876	6000000006959532474
Q67201075	6000000007014414823
Q67201366	6000000012934366574
Q67201572	6000000086596748928
Q67201601	6000000061697912993
Q67201618	6000000086597237857
Q67201625	6000000024046753985
Q67201640	6000000174450868833
Q67201645	6000000015812397692
Q67202188	6000000034953057215
Q67202261	6000000005750376071
Q67202319	6000000173545976029
Q67203340	6000000032942651052
Q67203666	6000000000421967538
Q67203946	6000000002624659095
Q67204126	6000000052431816835
Q672047	6000000035625509068
Q67204737	6000000011979830166
Q67205598	6000000172761249171
Q6720667	6000000000529569939
Q67207770	6000000076825404012
Q67208	6000000026828990961
Q6720825	6000000074771347848
Q672099	6000000059315684822
Q67210066	6000000032115649993
Q67210810	6000000018623437969
Q6721426	6000000175373767992
Q67214274	6000000182427843824
Q6721430	6000000020799277457
Q6721445	6000000011624967270
Q6721448	6000000015324835481
Q6721450	6000000001436183487
Q67214502	6000000000836350499
Q6721453	6000000092128213944
Q67214663	6000000102009992821
Q67214680	6000000156806190826
Q67214915	6000000006347342470
Q6721503	6000000012979080877
Q6721528	6000000015059753254
Q6721539	6000000025016111844
Q6721602	6000000015435524404
Q67218737	6000000021185609984
Q6722	6000000000114284058
Q67220285	6000000119057657834
Q67222834	6000000017357868432
Q67224	6000000027191326365
Q67224005	6000000009316783925
Q67224634	6000000181009472835
Q67226025	6000000002649884444
Q67226314	6000000188391115830
Q67228912	6000000067264199829
Q67229	6000000031656856552
Q672301	6000000008771717540
Q67231105	6000000075563336993
Q67232	6000000015644441308
Q6723291	6000000018061456060
Q672378	6000000041093660006
Q6724209	6000000075328516479
Q6724264	6000000013642269269
Q672492	6000000047631984153
Q6724947	6000000076273709890
Q67252	6000000171689024605
Q6725281	6000000016706789250
Q6726004	6000000026530542067
Q672620	6000000186576251860
Q6726269	6000000163898560841
Q67263	6000000182038903843
Q6726317	6000000004972913395
Q67263265	6000000080282326060
Q6726658	6000000081030754242
Q672671	6000000035915194182
Q6726877	6000000016066210079
Q6727032	6000000002799102047
Q6727070	6000000031892377493
Q67270880	6000000029739421784
Q6727190	6000000017224575977
Q67272090	6000000029739795012
Q67273081	6000000029740545094
Q672742	6000000009181610833
Q6727922	6000000183320151832
Q6728409	6000000011040145701
Q67285	6000000021470605433
Q6728696	6000000008370452074
Q6728715	6000000001703995027
Q6729035	6000000022146193866
Q672919	6000000029120948855
Q6729193	6000000013443220657
Q6729457	6000000009544358064
Q67297899	6000000082705292796
Q6729875	5093850958620028088
Q6729902	6000000015563903596
Q6729935	6000000015337134628
Q673029	6000000006129275777
Q6730298	6000000071860378151
Q67312691	6000000016521844840
Q6731329	6000000018639350870
Q6731347	6000000012081568834
Q67317	6000000000506926601
Q6732085	6000000080819502702
Q6732096	6000000008785983326
Q6732159	6000000010869787868
Q6732169	6000000027557332256
Q6732177	6000000021590663370
Q67322	6000000054082150828
Q67323	6000000070680150143
Q673239	6000000021274983536
Q6732667	6000000010212782388
Q673298	6000000001925000259
Q6733	6000000016048646516
Q673304	6000000150954515903
Q6733062	6000000028123695117
Q6733243	6000000063004233459
Q67333	6000000057241154031
Q673336	6000000008575514718
Q67336185	6000000006127726359
Q67337	6000000077125478166
Q67340780	6000000010899533010
Q6734346	6000000008438402728
Q6734360	6000000013262019168
Q67344	6000000003479755825
Q6734820	6000000010525066310
Q673500	350586336350001179
Q6735551	6000000036882806923
Q6735604	6000000132492440927
Q673586	6000000016394947569
Q67359771	6000000043003879295
Q67360033	6000000006894399017
Q67361409	6000000031160988981
Q67362	6000000008093504242
Q673686	6000000050634300841
Q6736935	6000000042039382947
Q6737008	6000000009986720645
Q673710	6000000032505649441
Q67373382	6000000111756996371
Q67377	6000000009177114435
Q673774	6000000006181432181
Q67379555	6000000014010021232
Q6738014	6000000000954750502
Q6738023	6000000007454774780
Q6738085	6000000031390039028
Q6738174	6000000007303824493
Q6738306	6000000000700939566
Q6738313	6000000007013907821
Q67386468	6000000182482625821
Q67387205	6000000014408431327
Q673897	5294696723120123372
Q67390475	6000000022571310602
Q6739112	6000000007288336285
Q67392714	6000000024156851878
Q67392947	6000000006836708521
Q67395961	6000000205499296832
Q67396689	6000000046750962178
Q67396689	6000000067675571876
Q6739796	4367052003500034552
Q673990	6000000017115778070
Q6739909	6000000006082972615
Q6740166	6000000167999566906
Q674027	6000000016441974352
Q6740377	6000000061399497836
Q6740380	6000000017199451480
Q67406162	6000000067298648821
Q67406244	6000000183435068842
Q6740645	6000000029061823723
Q67407	6000000004095722976
Q6740838	6000000015393659810
Q6740851	6000000057025553986
Q67409	6000000010585058122
Q6741218	6000000002674229590
Q674128	6000000090966577871
Q674132	6000000140751067919
Q674150	6000000078107655754
Q674169	6000000137582470839
Q674177	6000000021424715626
Q67418	6000000018153330896
Q674190	6000000002368229441
Q674207	6000000166207683891
Q6742236	6000000030033568308
Q674225	6000000000567722599
Q6742262	6000000027394812535
Q674232	6000000013393758028
Q6742384	6000000077283577926
Q6742439	6000000015396040455
Q6742475	6000000006265071056
Q6742478	6000000001608900070
Q67424827	6000000001788567152
Q6742487	6000000009412770445
Q6742491	6000000069561741070
Q67425	6000000029100063932
Q6742520	6000000004948812148
Q6742524	324186501290006427
Q6742641	6000000003226150413
Q6742651	2781792
Q6742663	6000000001609008495
Q6742674	6000000077946324180
Q674270	6000000191112540851
Q67427361	6000000016455633139
Q67428452	6000000041394169424
Q67428456	6000000003883274341
Q67429891	6000000011209039049
Q674299	6000000009756985356
Q67431	6000000006288405061
Q67433783	6000000076611399150
Q674343	6000000001488261623
Q67435681	6000000031058055253
Q674371	6000000007607448715
Q67437130	6000000019301622579
Q6743773	6000000026232570734
Q6743960	6000000001601405125
Q67440098	6000000061336162859
Q67441	6000000005598776711
Q67443149	6000000018623937120
Q67443499	6000000017675998240
Q67443725	6000000020758253879
Q6744435	6000000015517367756
Q67444433	6000000054701641116
Q674456	6000000076464721692
Q67446048	6000000047427104914
Q6744757	6000000006439920873
Q674496	6000000012252135646
Q6744992	6000000001454269992
Q6745072	6000000006239245438
Q6745110	6000000142039403859
Q6745160	6000000082475159533
Q6745194	6000000018357238488
Q67452700	6000000017711679216
Q67454	6000000057071675874
Q674585	6000000020916508354
Q674615	6000000009868011784
Q674633	6000000181932508880
Q6746514	6000000004032917348
Q674661	6000000019025615977
Q67471709	6000000008247682731
Q674735	5033166406500050750
Q6747461	6000000018080176775
Q674790	6000000037716776812
Q6747988	6000000035091994630
Q6748051	6000000177932346834
Q67482882	6000000106909257925
Q6748352	6000000001234964649
Q6748498	6000000062598545847
Q67488380	6000000013922347535
Q67490	6000000091852134486
Q67490326	6000000050046611932
Q67490761	6000000050046104335
Q67491989	6000000132358546939
Q67494	6000000013476670698
Q6749446	6000000031338786346
Q67494770	6000000003195513551
Q674952	6000000143203804838
Q674957	6000000068363447982
Q67495758	6000000071454611425
Q67498110	6000000022557804644
Q67498145	317936454160005140
Q675	6000000026679931825
Q6750233	6000000003511839155
Q6750278	4402155795400037158
Q6750350	341438989540012813
Q67504069	6000000010589425564
Q67504134	6000000004102611685
Q6750471	6000000000898602925
Q6750587	6000000080060400946
Q6750612	6000000001609981246
Q6750687	6000000018316566115
Q67507195	6000000018581947647
Q67507411	6000000015271535889
Q6750811	6000000000187160315
Q67508337	6000000006795889987
Q67508635	6000000006796588158
Q675093	6000000002631904773
Q6751015	6000000006768447725
Q6751034	6000000035890022221
Q675107	6000000002881721409
Q675109	6000000055671299927
Q67511818	6000000076684297893
Q6751191	6000000003716046738
Q675151	6000000000090846739
Q67515809	6000000008450380775
Q6751640	6000000001426972304
Q6751644	6000000126802629823
Q6751659	6000000011998697660
Q6751682	6000000041031727975
Q675190	6000000020298461700
Q67520	6000000012071834107
Q67522	6000000142464309823
Q6752370	6000000013986180606
Q6752381	6000000014142890405
Q6752412	6000000016682904262
Q6752451	6000000027450409535
Q6752481	6000000022408611226
Q675250	6000000000144358198
Q6752546	4579731631810061161
Q6752558	6000000079303476403
Q675258	6000000007329615615
Q6752602	323238442620004252
Q6752672	6000000020925505515
Q6752795	6000000013239212483
Q6752810	6000000177832218300
Q67528189	6000000037405682446
Q6752825	2241891
Q6752895	6000000006578388668
Q6752913	6000000026108326279
Q6752929	6000000003347663080
Q6752980	336029211850002442
Q6753011	6000000001046021423
Q6753379	6000000084485331890
Q67534612	6000000024052181709
Q67534746	6000000043617666974
Q675348	6000000041995401879
Q67535	6000000021466436953
Q67535109	6000000005063528298
Q675361	6000000010985987467
Q6753644	4337850700030013267
Q67538	6000000014338608686
Q67539313	6000000006436199323
Q675402	6000000010593018265
Q67540235	6000000020378739926
Q675408	6000000002027495415
Q6754499	6000000003055870831
Q675493	6000000003760873898
Q6755312	6000000019272291781
Q6755321	6000000012091965725
Q6755525	6000000075420641151
Q675557	6000000042515071372
Q675570	6000000041060133780
Q675583	5286284991120105188
Q6755840	6000000006257510310
Q6755850	6000000177034989851
Q67559	6000000009526182559
Q6755913	6000000179229189836
Q675596	6000000008520363193
Q6756014	6000000013238961192
Q67561	6000000037199437959
Q6756142	6000000020744919251
Q67561632	6000000040149076119
Q6756226	2161665
Q6756249	6000000180431355836
Q6756303	6000000036901802821
Q67563473	2174373
Q6756362	6000000184844585846
Q6756366	6000000020518034972
Q67564148	6000000088996184851
Q6756451	6000000012372999278
Q6756452	6000000012482812673
Q6756466	6000000006058944001
Q6756467	6000000000270329749
Q6756506	6000000105740991907
Q6756617	6000000088627755958
Q675662	6000000015201664999
Q67567	6000000057433443914
Q675676	6000000006828413716
Q67567678	6000000017618958421
Q6757040	6000000173571956121
Q6757092	6000000112945734012
Q6757146	6000000003346151863
Q6757160	6000000040236836385
Q67572592	6000000030666235203
Q67572597	6000000027916431119
Q675726	6000000014558551563
Q67572804	6000000027917005063
Q6757465	6000000068364322967
Q67574905	6000000027344972196
Q67575306	6000000019582606456
Q67575613	6000000023738275281
Q67576	6000000133959884822
Q6757634	6000000015429223293
Q6757730	6000000006101187989
Q675776	6000000000914847365
Q675784	6000000014044458339
Q6757930	6000000003446033978
Q67579339	6000000006127013259
Q67580	6000000002802339759
Q6758033	5553622576230054372
Q6758035	6000000010594585999
Q675811	6000000015531483671
Q6758138	6000000055420316911
Q6758151	6000000032701386880
Q6758171	6000000008800251338
Q6758173	6000000180686739066
Q6758208	6000000035347037598
Q6758260	6000000009450072334
Q6758294	6000000007791145550
Q6758294	6000000057526372914
Q6758295	6000000176036026848
Q67583	6000000046334458112
Q6758332	6000000002199373698
Q6758342	6000000003847137824
Q6758388	6000000020637654935
Q6758391	6000000002512279943
Q6758404	6000000002341916570
Q6758434	6000000004016434448
Q6758436	6000000019600429904
Q6758448	6000000010684470311
Q6758477	6000000033003213046
Q675849	6000000012561156892
Q6758544	6000000009885887685
Q6758548	6000000010411393391
Q6758608	6000000011061001184
Q675869	6000000036418402500
Q67587	6000000080837871115
Q675875	6000000009763567039
Q6758768	6000000003219779104
Q67588593	6000000039013095897
Q6758895	6000000006420605980
Q6758898	6000000002842301030
Q67589207	6000000023753999533
Q6758952	6000000002783171750
Q6758974	6000000005717137004
Q67589823	6000000085012707005
Q6759054	6000000066756411475
Q675906	6000000145389540821
Q6759143	6000000041134372375
Q6759164	6000000017672047867
Q6759175	6000000016092561484
Q67592	6000000016370825108
Q6759206	6000000009385274688
Q6759227	6000000017448193723
Q6759243	6000000005599217121
Q6759245	6000000023135825949
Q6759278	6000000022392539979
Q6759287	6000000006602672799
Q6759296	6000000012508256601
Q6759322	6000000013230110474
Q675934	6000000010868873288
Q6759340	6000000001180155260
Q6759346	6000000016093603922
Q6759391	6000000056385260915
Q67594	6000000029207388390
Q675940	6000000011501820624
Q6759414	6000000003124507211
Q6759419	6000000178991494821
Q6759420	6000000008838301128
Q6759426	6000000041766655650
Q675945	6000000034339354906
Q6759456	6000000010563093079
Q6759458	6000000027145837967
Q6759465	6000000006444679826
Q6759466	6000000020167500912
Q6759483	6000000024238551565
Q675949	6000000166446604925
Q6759497	6000000020117729338
Q6759506	6000000024075771954
Q6759516	6000000046560157966
Q6759526	6000000004181314630
Q6759545	6000000020952576561
Q6759573	6000000020879691647
Q6759576	6000000017897136967
Q6759580	6000000008508368113
Q6759588	6000000020010327583
Q6759593	6000000000986617828
Q6759625	6000000003443047561
Q6759646	6000000018202019369
Q6759649	6000000009513964835
Q6759655	332518452970011223
Q6759672	6000000027967984508
Q675971	6000000025968468657
Q6759753	6000000178258893889
Q6759760	6000000023201458700
Q6759761	6000000026067773099
Q6759788	5562358118040071389
Q67597941	6000000074081465852
Q6759801	6000000001714638367
Q67598080	6000000116688977972
Q6759824	6000000036791308027
Q6759834	6000000001260719574
Q6759846	6000000001724921034
Q6759848	6000000011135593373
Q6759857	6000000032512077943
Q6759878	6000000003191796165
Q6759892	6000000001958921078
Q6759903	6000000025359505853
Q6759908	6000000006444594462
Q6759908	6000000028398378187
Q6759919	6000000226905530821
Q6759931	6000000021000443468
Q6759934	6000000043859850875
Q6759939	6000000018643848286
Q6759946	6000000041089468960
Q6759979	6000000002603444142
Q6759982	6000000007475193608
Q6759988	6000000036312435414
Q6759991	6000000012967860301
Q6760022	326821499970005219
Q6760046	6000000010599394272
Q676025	6000000072435473870
Q6760309	6000000077496987146
Q67603371	6000000018533002073
Q676049	6000000002831254986
Q67605631	6000000038924891509
Q6760588	6000000011639773978
Q6760594	6000000016492129881
Q6760598	6000000016512982203
Q6760686	6000000022448990332
Q6760739	6000000009605937514
Q6760759	6000000023602132554
Q6760787	6000000026037037513
Q6760803	6000000014541166865
Q6760818	6000000184221219912
Q6760823	6000000030532498373
Q6760826	4001352989220074623
Q6760831	6000000009698623042
Q6760899	6000000026577597222
Q67609	6000000041317231779
Q6760926	6000000031276916103
Q6760979	6000000104492303839
Q6760984	6000000010030530374
Q67610	6000000041030017712
Q6761001	6000000057278687960
Q6761004	6000000059602370835
Q6761039	6000000064665880861
Q6761045	6000000002301401615
Q6761057	6000000031135470713
Q6761077	6000000006376935786
Q6761094	6000000145231113089
Q6761162	6000000003814551240
Q6761178	6000000134610327002
Q67611810	6000000027654069747
Q6761200	6000000002188483639
Q6761251	6000000006972110100
Q6761280	6000000000193843885
Q6761281	6000000004205666287
Q6761303	6000000004215111414
Q6761305	6000000042741564381
Q6761317	6000000011380144228
Q6761326	6000000015886489687
Q6761365	6000000017917856446
Q6761366	6000000023680130152
Q6761369	6000000017942900513
Q6761488	6000000027235798208
Q6761513	6000000164531047826
Q6761522	6000000035477910754
Q6761541	6000000004695819307
Q6761563	6000000050465401271
Q6761569	6000000020855673085
Q6761591	6000000025983570200
Q6761633	6000000058542392210
Q6761651	6000000009334663729
Q6761661	6000000002019032912
Q6761663	6000000004018379433
Q6761676	6000000002605658375
Q6761688	6000000179511926821
Q676173	6000000161374392821
Q6761843	6000000113714288900
Q6761851	6000000088729113941
Q676186	6000000084295255907
Q6761910	6000000054201989821
Q6761932	6000000001843182892
Q6761935	6000000021453035958
Q6761938	6000000010002210549
Q67619477	6000000027611893317
Q6761953	6000000015782286342
Q6761976	6000000003055607846
Q6761984	6000000110570009892
Q6762013	6000000037006432733
Q6762024	6000000040444260203
Q6762170	6000000014639150036
Q6762174	6000000006798368611
Q6762182	6000000003665780726
Q6762184	6000000003665652348
Q67621867	6000000034590754321
Q6762222	6000000110569681890
Q67622451	6000000020746273717
Q676226	6000000019795471628
Q6762287	6000000014767098381
Q6762323	6000000020268368746
Q6762332	6000000015385821524
Q6762401	6000000183640775934
Q6762413	6000000090890545017
Q67624934	6000000002590442115
Q6762566	6000000001073459404
Q67625774	6000000088995652920
Q6762633	6000000143996661821
Q6762682	6000000135749834086
Q6762721	6000000010507189468
Q6762757	6000000032533290466
Q6762795	6000000007705475663
Q6762848	6000000004079698491
Q6762851	6000000017208111644
Q6762864	6000000089477853893
Q6762867	6000000147599144836
Q6762875	6000000015158792093
Q6762901	6000000013145052246
Q6762913	6000000109333917944
Q6762922	6000000180779964926
Q6762939	6000000078605295941
Q67629454	6000000007320864481
Q6762953	6000000007614119978
Q6762972	6000000001868073346
Q6763006	6000000115720526028
Q6763009	6000000084641286213
Q676301	6000000002749967389
Q6763017	6000000069199941335
Q6763024	6000000000579008220
Q6763059	6000000013601828298
Q6763074	6000000077073638303
Q676318	6000000077142656872
Q6763245	6000000017797056209
Q676328	6000000020868586561
Q67633	6000000049506608922
Q6763312	6000000105756148039
Q6763315	6000000032201118930
Q6763428	6000000003825032846
Q6763544	6000000023872293305
Q6763590	6000000152738837877
Q6763649	6000000182589002829
Q67637	6000000083387712201
Q6763732	6000000082381839873
Q676389	6000000036872930380
Q676392	6000000073634609905
Q6763928	5052550445590125927
Q676399	6000000015745229369
Q6764450	5052483165770028542
Q67644668	6000000012923606199
Q676449	6000000012362950433
Q676455	6000000013081962158
Q6764658	6000000025357609849
Q6764795	6000000000755376294
Q6764966	6000000054030270423
Q6764996	6000000042516658968
Q6765021	6000000003454663127
Q6765073	6000000007252156407
Q6765173	6000000033111190050
Q6765188	6000000021985552201
Q6765203	6000000010799839650
Q6765217	6000000017945863003
Q6765220	6000000021675069683
Q6765236	6000000100979572830
Q6765247	6000000027947524320
Q6765366	6000000071155466836
Q6765371	6000000016265815692
Q6765381	6000000019160805269
Q6765385	6000000013403598933
Q6765463	6000000010562464918
Q676555	6000000020340400849
Q6765650	6000000079886250009
Q6765719	6000000098716742840
Q6765729	6000000023885227593
Q6765998	6000000011136988474
Q6766173	6000000002881317117
Q6766189	6000000045145936940
Q6766219	6000000003709018619
Q6766231	6000000028337196374
Q6766236	6000000015832290649
Q6766277	6000000029902476909
Q6766283	6000000025592201843
Q6766287	6000000003150074648
Q6766297	6000000027946556533
Q6766308	6000000043052892857
Q6766316	6000000006783237108
Q6766334	6000000008630269956
Q6766350	6000000017729402277
Q6766465	6000000038825459988
Q6766575	6000000009617829111
Q6766577	6000000023203433322
Q676664	6000000020069678111
Q6766776	6000000010880339688
Q6766892	6000000017168671921
Q6766952	4134627444370028536
Q6766957	6000000176372221850
Q6767080	6000000034631106843
Q67671938	6000000077671062608
Q67672063	6000000010131686383
Q6767311	6000000042356431280
Q6767367	6000000043631448191
Q6767432	6000000053092184971
Q676747	6000000082309552639
Q67676	6000000010427760880
Q6767600	6000000183636039887
Q6767604	6000000006728267896
Q6767612	6000000073991090966
Q6767774	6000000038940577630
Q6767775	1915515
Q6767793	6000000051855447889
Q676783	6000000016471264009
Q6767843	6000000071074722876
Q6767877	6000000003370185636
Q6767880	6000000008907518704
Q6768098	6000000008344020258
Q6768102	6000000175804922832
Q6768367	6000000022202938109
Q6768368	6000000003366265119
Q6768481	6000000005956646057
Q6768687	6000000023729258516
Q6768823	6000000075398485000
Q6768952	6000000024611713758
Q6768962	6000000035363963448
Q67690	6000000068910889909
Q676901	6000000003955539388
Q6769013	6000000006440773437
Q6769197	6000000103421750870
Q6769412	6000000194813537828
Q6769493	6000000023362229813
Q67695	6000000003219746255
Q6769504	6000000028694015522
Q676953	6000000010780858060
Q676958	6000000019418600064
Q6769647	6000000053201141887
Q67698	6000000003550231999
Q6769832	6000000129371210665
Q676987	6000000000398150463
Q67698766	6000000001758051783
Q6769910	6000000075426972830
Q6769969	6000000016300924513
Q6770367	6000000006412263972
Q6770389	6000000027819866860
Q6770490	6000000015927072224
Q67710011	6000000020343114782
Q6771073	6000000084211307058
Q67711	6000000008821023138
Q6771134	6000000017911955335
Q6771204	6000000101299753221
Q6771242	6000000006936888516
Q6771249	320243970930005984
Q677155	6000000002658096372
Q677159	6000000051231122842
Q6771724	6000000016642209932
Q6771841	6000000013899378325
Q6772038	6000000006444369608
Q6772045	6000000007345599384
Q6772046	6000000008630964244
Q6772050	6000000004139957429
Q6772056	6000000007220645438
Q6772062	6000000000701119720
Q677219	6000000010572189111
Q6772237	6000000085572772889
Q677260	6000000145561267915
Q677282	6000000089186833981
Q677285	6000000064921033833
Q67729	6000000031537427069
Q6772964	6000000002254340165
Q6772983	6000000006598453470
Q67730186	6000000027382098935
Q677305	6000000005824052007
Q6773350	6000000106183050894
Q6773416	6000000016310542416
Q6773481	6000000031499446863
Q6773500	6000000025954953347
Q6773513	6000000025709871287
Q6773515	6000000034983986605
Q6773543	6000000164952684868
Q6773578	6000000140435481048
Q6773579	6000000086636467951
Q6773581	6000000007743025445
Q6773593	6000000008629606261
Q6773597	6000000003097732853
Q6773601	6000000055366694507
Q6773671	6000000020946877078
Q6773676	6000000024333266648
Q6773677	6000000028925515268
Q6773698	6000000030227562673
Q67737	6000000026087011155
Q6773741	6000000056699420849
Q6773769	6000000087861610863
Q6773775	6000000030286240044
Q6773794	6000000012888540932
Q6773929	6000000003604892718
Q6774064	6000000126155425828
Q6774076	6000000084695687386
Q6774100	6000000136774429053
Q6774111	6000000017602841649
Q6774127	6000000020812790743
Q6774310	6000000017651770425
Q6774321	6000000049441405964
Q6774333	6000000018557943922
Q6774338	6000000015915773238
Q6774344	6000000011739421889
Q6774355	6000000002998775689
Q6774381	6000000006444526250
Q6774390	6000000001782683471
Q6774396	6000000036275087037
Q6774459	6000000016476822245
Q6774468	6000000002115953255
Q6774484	6000000016936607185
Q6774485	6000000008441074700
Q6774502	6000000098340198039
Q6774512	6000000027693053218
Q6774517	6000000114702654845
Q6774525	6000000000628854290
Q6774535	6000000064383486946
Q6774554	6000000043279300222
Q6774555	6000000133393670841
Q6774561	6000000007961971210
Q6774591	6000000002427975676
Q6774615	6000000029603804621
Q677469	6000000079588122046
Q677483	6000000017495162400
Q6774867	6000000045280240247
Q6774873	6000000047818495311
Q6774910	6000000013589216414
Q6774941	6000000023175467707
Q6774955	6000000179954012830
Q6774959	6000000165972252886
Q6774968	6000000078316995874
Q6774999	6000000007760780567
Q6775077	6000000011303668162
Q67751	6000000009120003127
Q6775105	6000000150610638879
Q6775132	6000000010391328185
Q6775137	6000000005598831530
Q6775247	6000000025307291477
Q6775255	6000000140076164895
Q6775270	6000000012543613219
Q6775274	6000000000769956851
Q6775310	6000000017478361792
Q6775330	6000000012388712545
Q6775351	6000000030907079306
Q6775365	6000000015335049414
Q6775526	6000000149533361842
Q6775553	6000000120566773873
Q6775560	6000000179198200822
Q6775564	6000000014623211722
Q6775578	6000000007235929323
Q6775579	6000000006263946187
Q6775590	6000000171682892832
Q6775619	6000000018024232368
Q6775640	6000000048407348905
Q6775641	6000000004103103191
Q67757	6000000161391603159
Q67758	6000000181921456822
Q6775835	6000000049314546711
Q6775838	6000000000788612610
Q677587	6000000021100703831
Q6775886	6000000049094426248
Q677589	6000000003622673011
Q6775926	6000000001227096663
Q6775946	6000000178098260848
Q6775972	6000000063923599829
Q6776013	6000000016657971129
Q6776035	6000000024318230368
Q6776088	6000000019817825780
Q6776110	6000000045150703861
Q6776115	6000000002598028008
Q6776121	6000000222217921910
Q6776167	6000000071373351919
Q6776176	6000000164920224018
Q6776183	308391705060005685
Q67762	6000000003495120371
Q6776217	6000000016271020737
Q6776301	6000000031084043860
Q6776344	6000000018810583742
Q6776353	6000000017100082275
Q677637	6000000016071384691
Q6776445	6000000030359841746
Q6776487	6000000030944527822
Q6776496	6000000010253779461
Q6776499	6000000185477726535
Q6776549	6000000009997754537
Q6776589	6000000003143705695
Q6776649	6000000029408486590
Q6776701	367023633770002998
Q677671	6000000027013165289
Q6776791	6000000017933145909
Q6776796	6000000040998825525
Q6776800	6000000050102039557
Q6776864	6000000012539257470
Q6776913	6000000011568899112
Q6777020	6000000011604035387
Q6777086	6000000006918489275
Q6777265	6000000116462938826
Q6777326	6000000087188523848
Q6777353	6000000027046720564
Q6777439	6000000019767542069
Q6777444	6000000010343173459
Q6777458	6000000055425476937
Q6777492	6000000001957371052
Q67776	4241326404030058922
Q67776672	6000000010801444320
Q677769	6000000001572879603
Q6777691	6000000009985080932
Q6777725	6000000023782717952
Q6777861	6000000006829191393
Q67779	6000000015271648735
Q67780365	6000000025153626616
Q6778062	6000000026547106378
Q6778087	6000000045961391904
Q677821	6000000166071337822
Q6778302	6000000003137341284
Q67783941	6000000025041558300
Q6778398	6000000058555641937
Q6778409	4510199107050128837
Q6778421	6000000010103990561
Q6778430	6000000030642862977
Q6778431	6000000034347985332
Q6778454	296435620510001236
Q6778502	6000000037605775028
Q6778514	6000000059107267771
Q677861	6000000001880512591
Q6778724	6000000031011947140
Q6778732	320477339650002260
Q6778750	6000000014169890095
Q6778759	6000000177042824821
Q677876	6000000000470697302
Q6778773	6000000002942044135
Q6778792	6000000029017542631
Q6778794	6000000001788461646
Q677882	6000000073507221961
Q6778824	6000000008583710841
Q6778829	6000000073419038821
Q6778849	6000000000350933166
Q6778855	6000000043289602131
Q6778857	6000000089305178154
Q6778938	6000000000825419975
Q677894	6000000182431925844
Q6778954	6000000008729501761
Q67789666	6000000001504206185
Q6778977	6000000015975502457
Q6778998	6000000018155209519
Q6779011	6000000004086391622
Q6779013	6000000051226726916
Q677902	6000000011399531276
Q67790350	6000000000280667048
Q6779036	6000000027655214135
Q6779085	6000000010722301321
Q6779099	6000000000307240849
Q6779104	6000000004556075996
Q6779107	6000000003022159696
Q6779116	6000000003163459484
Q6779124	6000000003229971892
Q6779127	6000000040311618293
Q6779163	6000000015757556081
Q6779164	6000000061546567919
Q6779174	6000000013890333268
Q6779176	6000000010810700074
Q6779208	6000000006769985127
Q6779213	6000000000669484817
Q6779213	6000000081490851216
Q6779226	6000000010031849881
Q6779243	6000000054830170467
Q6779251	6000000004881711183
Q6779256	6000000043086067542
Q6779264	6000000012593504637
Q6779266	6000000004744369001
Q6779277	6000000008438890894
Q6779291	6000000002190058495
Q6779314	6000000002799386055
Q6779334	6000000175750929833
Q6779338	6000000031371322523
Q6779348	6000000002992856267
Q6779350	6000000010010984837
Q6779360	6000000054113836887
Q6779377	336038047300006039
Q6779380	6000000024237770163
Q6779394	6000000033276972138
Q6779397	6000000029562294654
Q6779401	6000000144173022823
Q6779402	6000000002977454200
Q6779408	6000000165373243823
Q6779410	6000000008044139393
Q6779420	6000000012859789483
Q6779431	6000000006440858049
Q6779467	6000000024036409267
Q6779472	6000000025376917368
Q6779476	6000000000307240724
Q6779477	6000000002447374465
Q6779485	6000000071943712848
Q6779495	4272442723540031183
Q6779503	6000000017535573033
Q6779516	6000000007543057410
Q6779526	6000000002173044568
Q6779542	6000000014726506625
Q6779566	6000000001727306102
Q6779567	6000000014723477791
Q6779571	6000000033608325238
Q6779623	6000000013239436889
Q6779642	6000000010945600243
Q6779647	6000000004868044447
Q6779667	6000000012760081174
Q6779674	6000000022109086680
Q6779683	6000000031905830842
Q6779697	6000000001727306023
Q6779721	6000000011160964301
Q6779740	6000000027855980582
Q6779742	6000000026365888003
Q6779745	6000000031684995673
Q6779764	6000000016596954308
Q6779773	6000000006438121373
Q6779827	6000000044011815956
Q6779830	6000000003891404557
Q6779879	6000000031691988032
Q6779892	6000000078344005497
Q6779916	6000000029718295869
Q6779938	6000000007775498610
Q6779967	6000000018173223860
Q6779999	6000000013053269441
Q6780025	6000000000875268226
Q6780060	6000000017856292855
Q6780062	6000000022829379660
Q6780075	6000000022189533787
Q6780095	6000000017906131707
Q6780099	6000000001323241523
Q6780100	6000000201348127885
Q6780101	6000000026027878449
Q678012	6000000002174434788
Q6780153	6000000150892793116
Q6780164	6000000001212183034
Q6780178	6000000042488392435
Q6780183	6000000019663667257
Q67801918	6000000017452118588
Q678021	6000000031576973873
Q6780233	6000000015058017476
Q6780246	6000000009729156151
Q6780270	6000000022046726956
Q6780279	6000000001489832326
Q6780304	6000000017426277834
Q6780328	6000000024296488065
Q6780332	6000000017536342154
Q6780348	6000000093843010965
Q6780353	6000000012108323737
Q6780361	6000000174225186878
Q6780362	6000000005599028748
Q6780364	6000000104755757822
Q6780364	6000000191084207841
Q6780365	6000000000581088367
Q6780378	325596146610002049
Q6780379	6000000019196459414
Q6780384	6000000011612894763
Q678040	6000000115685735902
Q6780406	6000000011881926866
Q6780409	6000000019219118922
Q6780420	6000000018156397292
Q6780427	6000000013366320304
Q6780467	6000000018702579024
Q6780485	6000000012685662338
Q6780492	6000000138671991938
Q6780517	6000000017389348168
Q678053	6000000059805525125
Q6780530	6000000044279528175
Q6780531	6000000001103133097
Q6780584	6000000042379538811
Q6780588	6000000012406072802
Q678060	6000000022961824252
Q6780609	6000000026544586145
Q6780623	6000000006056725014
Q6780624	6000000017567445989
Q6780677	6000000036309691637
Q6780682	6000000070560831231
Q6780692	6000000000590484551
Q6780716	6000000006804688581
Q6780721	6000000003940555062
Q6780745	6000000027947423332
Q6780772	6000000012955935778
Q6780787	6000000033447289924
Q6780795	6000000061497448821
Q6780796	6000000011828789471
Q6780814	6000000009562385125
Q6780823	6000000006788800051
Q678083	6000000072095861825
Q6780836	6000000021135185111
Q6780849	6000000009334481087
Q6780853	6000000149340129821
Q6780869	5260690606960072896
Q6780870	6000000003891579780
Q6780887	6000000003656211531
Q6780894	6000000020343362486
Q6780903	6000000010299495830
Q678091	6000000176651318855
Q6780918	6000000010862210671
Q678094	6000000210911103824
Q6780944	6000000000490779202
Q6780958	6000000000270517613
Q6780959	6000000025596646224
Q6780964	6000000004079835309
Q6780965	6000000013016633271
Q6780966	6000000013365658965
Q6780992	6000000006444357831
Q6781001	6000000032530371230
Q6781046	6000000002188502246
Q67813	6000000035683714518
Q6781474	6000000074727224994
Q6781673	6000000017640454999
Q67818	6000000137614764268
Q6781960	6000000035478164046
Q6782028	6000000007363973524
Q6782186	6000000012000636239
Q678230	6000000007634435217
Q678252	6000000151400650871
Q678279	6000000012292142866
Q678289	6000000182696780838
Q67835	6000000006953722985
Q6783539	6000000014874827393
Q6783573	6000000067554246869
Q6783576	6000000037673188616
Q6783600	6000000021055142433
Q6783608	6000000056699347927
Q6783623	6000000024542566183
Q67836795	6000000004829330267
Q678371	6000000015099722984
Q67837721	6000000106620483886
Q67840446	6000000025752686396
Q6784157	6000000013355792911
Q678439	6000000046132165231
Q678441	6000000163423130001
Q67845	6000000180956802828
Q678483	6000000177093618064
Q6784852	6000000040338205073
Q6784929	6000000004306630066
Q678541	6000000153575580870
Q67859	6000000002188470176
Q6786326	6000000017102607955
Q67864528	5322197603090119831
Q678646	6000000002764373812
Q678675	6000000065328599863
Q6786798	6000000019481344110
Q67869048	6000000103466638844
Q678692	6000000003505641554
Q6786929	6000000076406325197
Q6786930	6000000168500164821
Q6786932	6000000178790215838
Q6786933	6000000093443374938
Q6786998	6000000182484247873
Q67870193	6000000093510575871
Q6787048	6000000006727125589
Q6787053	6000000033905376187
Q6787106	6000000080334199099
Q6787110	6000000006420022181
Q6787113	6000000029139081844
Q6787126	6000000018274329932
Q6787134	6000000013451757257
Q6787155	6000000003866785740
Q6787160	6000000013683085796
Q6787165	6000000047955218859
Q6787197	6000000001353702696
Q6787268	6000000011550805028
Q6787390	6000000007709237276
Q6787462	6000000002272119515
Q6787474	6000000037033722515
Q6787503	6000000076863591919
Q6787507	6000000180071809846
Q6787510	6000000001504714302
Q6787518	6000000069176576064
Q678754	6000000136773986834
Q6787542	6000000000703192695
Q678767	6000000131416081821
Q678789	6000000134079640995
Q6788038	6000000003792364203
Q678834	6000000143252981022
Q6788347	6000000007059574901
Q678840	6000000069616357875
Q678842	6000000031779359648
Q67885	6000000011048675439
Q6788570	6000000054362884875
Q678858	6000000015853550512
Q6788603	6000000008971852061
Q67888	6000000076700303110
Q6788837	6000000183055509864
Q67888409	6000000054018641053
Q6788906	6000000055425137838
Q67890	6000000002927030585
Q678907	6000000020893082038
Q6789123	6000000075766118866
Q6789271	6000000079010825038
Q678929	6000000034953975840
Q67895	6000000089419664109
Q678986	6000000027723134827
Q678989	6000000018859769055
Q6790080	6000000004229146778
Q6790082	6000000004284152458
Q6790083	6000000162929324142
Q67901	6000000020351991356
Q6790102	6000000085604351821
Q6790103	6000000032794267206
Q6790105	6000000027155306804
Q679016	6000000036604505685
Q6790162	6000000029302079452
Q6790173	6000000025510393968
Q6790183	6000000033194256763
Q6790198	6000000025723295247
Q6790221	6000000007170000356
Q6790267	6000000083904241341
Q6790308	6000000050418051852
Q6790350	6000000011342067718
Q6790355	6000000029957580418
Q6790358	6000000018212861569
Q6790402	6000000004079710687
Q6790403	6000000018978168793
Q6790415	6000000007337806498
Q6790452	6000000028206221708
Q679049	6000000126586372040
Q6790546	6000000010546033993
Q6790601	6000000000025307248
Q6790621	6000000014902494857
Q6790622	6000000000470049243
Q6790632	6000000052959798475
Q6790646	6000000008630347107
Q6790709	6000000010799429042
Q6790710	6000000163751684950
Q679074	6000000014528359948
Q67908	6000000106825205833
Q6790834	6000000031665676181
Q6790834	6000000036770232975
Q67908419	6000000027523993188
Q679085	6000000004689201817
Q6790886	6000000185304757854
Q6790939	6000000071153089986
Q6791019	6000000054943955838
Q6791029	6000000055277793874
Q6791089	6000000036329310949
Q6791104	6000000173160942059
Q6791127	6000000103777397133
Q6791148	6000000035819839949
Q6791156	6000000002748115908
Q6791275	6000000175780260823
Q6791298	6000000066958263954
Q6791326	6000000014127657817
Q6791358	6000000019467998008
Q6791421	6000000014381688582
Q6791422	6000000014381882312
Q6791515	6000000017603043851
Q6791523	6000000040310627344
Q6791527	6000000018374115827
Q6791537	6000000030123977038
Q679157	6000000028408939773
Q6791589	6000000010651183947
Q679164	6000000032168275001
Q679167	6000000015773460825
Q6791692	6000000034902667479
Q6791696	6000000027241992994
Q67917	6000000025769791494
Q679170	6000000016152346457
Q6791707	6000000000380204215
Q6791712	6000000035348913743
Q6791797	6000000003579815827
Q679184	6000000026520738835
Q6791901	6000000003745510074
Q6792009	6000000009599842058
Q6792010	6000000054375494010
Q6792061	6000000002658502785
Q679220	6000000026784417852
Q6792210	6000000014529399281
Q6792217	6000000006322772024
Q6792223	6000000001126398148
Q6792230	6000000012527300295
Q6792251	6000000002972977404
Q6792272	6000000006231726429
Q6792278	6000000009180346182
Q6792289	6000000013823563311
Q67923	6000000007926634534
Q6792312	6000000013073630764
Q679259	6000000117844874002
Q679266	6000000002603370196
Q67927	6000000179033797881
Q6792732	6000000034062105978
Q6792754	6000000006809376583
Q6792790	6000000006916556646
Q6792833	6000000011037755141
Q679286	6000000025438725968
Q6792868	6000000027923280420
Q6792884	6000000042305780894
Q6792921	6000000006444616846
Q6792938	6000000034605183216
Q6792946	6000000017698348860
Q6792973	99541
Q6793009	6000000030961673612
Q6793027	6000000008630275196
Q6793078	298646310090008007
Q6793079	6000000006729154026
Q6793084	6000000077164846608
Q6793085	6000000002115859243
Q6793089	6000000008414925804
Q6793093	6000000002188477531
Q67931184	6000000175882317968
Q6793120	6000000011542874823
Q6793122	6000000035559566886
Q6793131	6000000036696966419
Q6793137	6000000035059919958
Q679316	6000000007605542448
Q6793186	6000000056876029160
Q67932	6000000100184394840
Q6793235	6000000020381799730
Q6793236	6000000036017139747
Q6793239	6000000049541589454
Q6793251	6000000092342651847
Q6793255	6000000001912953272
Q6793266	6000000035046173910
Q6793290	6000000026537958267
Q6793324	6000000042075940844
Q6793390	6000000002188514142
Q6793398	1076082
Q6793405	6000000071412472896
Q6793460	6000000040342387821
Q6793469	6000000158622257822
Q67934694	6000000009463009194
Q6793496	6000000044401875843
Q6793498	6000000025371709628
Q6793505	6000000030482656133
Q6793516	6000000110061608061
Q6793553	6000000013116537211
Q6793554	6000000002889372907
Q6793556	6000000003098183734
Q679362	6000000011687336097
Q6793650	6000000023743210025
Q6793663	6000000016988224718
Q67938	6000000172412818843
Q6793828	6000000019910992294
Q6793829	6000000066689644853
Q6793830	6000000013887048916
Q679414	6000000020530175294
Q6794251	6000000042900903181
Q6794294	6000000016175637709
Q6794525	6000000032310431149
Q6794578	6000000082407882329
Q6794588	6000000004157603134
Q6794591	6000000039398467866
Q6794600	6000000157246634898
Q6794601	6000000157246634855
Q67946574	6000000036480624102
Q67946745	6000000035963318066
Q67947140	6000000181421338867
Q6794737	6000000000582681805
Q6794745	6000000016127739112
Q6794760	6000000006968208058
Q6794774	6000000018419079256
Q6794808	6000000034406509423
Q6794816	6000000011146038185
Q6794853	6000000076184363110
Q6794870	6000000009514113590
Q6794896	6000000050133304486
Q6794901	6000000002765893961
Q6794912	6000000218186091825
Q6794923	6000000003219289480
Q67950	6000000166019826902
Q679500	6000000002236879044
Q67950287	6000000009949950159
Q6795081	6000000019046651100
Q6795151	6000000034916394590
Q679516	6000000189545018837
Q6795163	6000000039836004102
Q6795164	6000000007315947249
Q6795180	6000000018549381617
Q6795186	6000000133417911859
Q6795188	6000000102210864861
Q6795193	6000000003894230451
Q67952	6000000017324707765
Q6795204	6000000011124363780
Q67953	6000000064022438875
Q6795304	6000000015732804252
Q6795376	6000000005665168711
Q6795388	6000000060404852884
Q6795395	6000000020275823565
Q6795430	6000000029421905448
Q679555	6000000008220629722
Q6795666	6000000042842017881
Q67956765	6000000003021963947
Q6795692	6000000001758923830
Q6795730	6000000024004746572
Q6795744	6000000038164793085
Q6795779	6000000044018514146
Q6795780	6000000029013415731
Q6795942	6000000009923480426
Q679597	6000000003886079565
Q6796079	6000000026300456327
Q6796085	6000000038196617163
Q6796091	6000000056340155949
Q6796102	6000000002764379801
Q6796132	6000000071538838852
Q6796133	6000000039082767230
Q6796136	6000000041128910127
Q6796154	6000000018717864189
Q6796162	6000000004867686847
Q679617	6000000039913954469
Q67963	6000000008687973270
Q67964	6000000134409572829
Q6796505	6000000035596813919
Q6796532	6000000025693784460
Q6796541	6000000018784959578
Q6796546	6000000022892984899
Q6796617	6000000017107373796
Q6796901	6000000019268812730
Q6797076	6000000002501814370
Q6797275	6000000006725932480
Q67973	6000000106004118038
Q6797395	6000000015655402127
Q6797407	6000000016180814868
Q6797418	6000000070571798173
Q6797423	6000000058000842844
Q679752	6000000015131628962
Q67976	6000000077977213860
Q679784	6000000069707091898
Q679788	6000000030264265118
Q67979167	6000000011708151444
Q67981	6000000136539087106
Q679851	6000000141001063857
Q67985559	6000000051073145009
Q679886	6000000056709835080
Q67992	6000000178600865887
Q6799284	6000000022820210862
Q6799354	345587367400003130
Q6799712	6000000131289521154
Q67997353	6000000031466452811
Q67998907	6000000064120113928
Q67999546	6000000007062396421
Q680	6000000043237534974
Q6800114	6000000001789451433
Q6800158	6000000044284484529
Q6800406	4532987566590051591
Q680045	6000000023771786265
Q6800651	6000000001661711522
Q680070	6000000027879264639
Q68007935	6000000008857181702
Q68008	6000000026816323445
Q6800859	6000000121948689851
Q68012885	6000000127397551821
Q6801689	6000000000181667706
Q68017140	6000000006127719056
Q680178	6000000092561135834
Q680192	6000000165980712842
Q680207	6000000020154059499
Q6802282	6000000122612137923
Q68023589	6000000193587283822
Q680304	6000000003075109686
Q680317	6000000018095956798
Q68032634	6000000074906594215
Q680327	6000000029754780554
Q68034	6000000009792413754
Q68034526	6000000007171319252
Q680368	6000000003288199033
Q68037530	6000000007176960211
Q68045395	6000000022320435144
Q68047605	6000000182662955898
Q680490	6000000024875524291
Q68050	6000000145340687030
Q68051484	6000000008874356437
Q68053	6000000151463232856
Q68056	6000000178602449822
Q68057	6000000077989701531
Q6805783	4105415127840026964
Q68060	6000000070529056828
Q680627	4674074617140071442
Q680631	6000000010355968249
Q6806330	4604495227860034579
Q68064	6000000136543762916
Q680642	6000000182183502866
Q680651	6000000006589994197
Q680654	6000000017671335383
Q68066470	6000000175190082825
Q680666	6000000016034828206
Q68067	6000000163465166936
Q680671	6000000019907192127
Q680674	6000000011635406919
Q680690	6000000001596017656
Q68070	6000000021951691437
Q68072	6000000073608656199
Q680725	6000000017645440540
Q680728	6000000041261099833
Q680739	6000000009903680622
Q68074598	6000000195828157828
Q680754	6000000037944641957
Q68075420	6000000031050340510
Q680763	6000000043215652291
Q68077930	6000000082955708031
Q680784	6000000033812509430
Q6808048	6000000022512462613
Q68082	6000000168820897860
Q6808220	6000000023854665784
Q680826	6000000000720011025
Q680830	6000000001878777402
Q6808354	4187291809460041678
Q680844	6000000009129637636
Q68084537	6000000069783898957
Q6808633	6000000046342502923
Q68086335	6000000049232602824
Q680866	6000000012250533590
Q68087581	6000000182222863826
Q68087873	6000000027209910078
Q6808832	6000000003985267622
Q6808887	6000000002246987170
Q68089	6000000001504576152
Q680902	6000000002799130635
Q6809305	6000000003599730141
Q68094452	6000000001083065218
Q680950	6000000183321411841
Q68095345	6000000039904251402
Q6809555	385278647510003842
Q6809571	6000000177001926870
Q680982	6000000011336500900
Q6809826	6000000006403218551
Q68099210	6000000013086590098
Q68099987	6000000014675706851
Q681007	374752187950004534
Q681012	6000000035507265715
Q6810155	6000000017037085937
Q6810251	6000000001280977373
Q6810255	6000000005577301308
Q6810257	6000000002565873939
Q6810269	6000000000348786317
Q6810270	6000000027615599878
Q68103774	6000000122732372977
Q6810432	6000000030334392139
Q6810599	4028512088760011182
Q68106319	6000000085592712854
Q6810737	6000000140675623837
Q68107372	6000000104813598973
Q6810827	6000000077252506826
Q6810855	6000000086408413908
Q6810866	6000000000218756548
Q68109645	6000000023254336270
Q68110	6000000036988514093
Q6811199	6000000016073943125
Q6811204	6000000016073525745
Q68112701	6000000010984644029
Q6811320	6000000013659681620
Q6811353	6000000002403893504
Q6811422	6000000045200740902
Q6811429	6000000075344446846
Q68114478	6000000042133337569
Q68117	6000000046859149895
Q68118	6000000029264835905
Q6811800	342616035160012136
Q6811999	6000000205525953834
Q6812022	6000000016300702159
Q6812050	6000000007105291721
Q68121	6000000024695869009
Q6812196	6000000033710479918
Q6812385	6000000002257960951
Q6812687	6000000014542677459
Q6812710	6000000055483550103
Q68128436	6000000042133601637
Q68128436	6000000064350282435
Q6812865	6000000020960680886
Q6812888	6000000017767974441
Q6813152	6000000010081733648
Q68131843	6000000042133927822
Q6813198	6000000025095972773
Q681324	6000000006899213018
Q68133	6000000014744829937
Q681359	6000000079208150147
Q681365	6000000075513859860
Q6813859	6000000011625168201
Q6813871	6000000014340049288
Q6813874	6000000002764408919
Q6813877	6000000017512285958
Q6813883	6000000074451249181
Q6813885	6000000157360293889
Q6813897	6000000018353350128
Q6813898	6000000074867157853
Q6813899	6000000034545291464
Q6813901	6000000029673512944
Q6813938	4268638
Q6813949	6000000001277713625
Q6813958	6000000006972273266
Q6813959	6000000155177455841
Q6813968	6000000076681446658
Q6813988	6000000015425821236
Q6813990	6000000003101490239
Q6814070	6000000010273244853
Q681408	4172967902580123519
Q6814088	6000000058017174916
Q6814145	6000000008435486975
Q6814507	6000000002138324059
Q68146	6000000184727365838
Q681464	6000000008917995308
Q681465	6000000082251149822
Q6814689	6000000011599529152
Q68146892	6000000006810429136
Q681470	6000000026134422196
Q68147053	6000000006810171508
Q6814760	6000000000780010004
Q68147789	6000000052230466835
Q68148	6000000029410935433
Q68149705	6000000000576575310
Q68150073	6000000106867924911
Q68150105	6000000011515418767
Q68150495	6000000026200241430
Q681507	6000000150919439001
Q68151526	6000000181796659979
Q681548	6000000015181671742
Q681553	6000000014283977476
Q68155754	6000000005430353135
Q68156	6000000048193032114
Q68157484	6000000006810457108
Q681576	6000000040872346232
Q68158	6000000141597606177
Q6815923	6000000009928764028
Q68163	6000000003883410289
Q6816365	6000000182320365829
Q6816375	6000000008207290602
Q6816386	6000000009020453929
Q68164	6000000005741270250
Q6816574	6000000044527965337
Q68168431	6000000051134747137
Q68169	6000000171852892836
Q681735	6000000139375070035
Q6817634	6000000006603628794
Q68181000	6000000023068528130
Q68181586	6000000177508015822
Q6818188	6000000000750533283
Q6818195	6000000088408683833
Q68182957	6000000023702412441
Q68182988	6000000023703433607
Q68183997	6000000023702310613
Q68184121	6000000023703272530
Q68186374	6000000007312985340
Q681866	6000000014020206652
Q68188	6000000016830132893
Q6818955	6000000006440071329
Q6818964	6000000013167104233
Q6819407	6000000009923468024
Q6819411	6000000056411579864
Q6819422	6000000176997597027
Q6819593	6000000014623238067
Q6819595	6000000009663596220
Q6819599	6000000008231180672
Q6819671	6000000026510365307
Q6819677	6000000019962292919
Q6819728	6000000018709697511
Q68197545	6000000006810293303
Q6819781	6000000036758096383
Q68198	6000000023853740063
Q6819834	6000000002139061057
Q6819836	6000000010735598329
Q68199276	6000000008685734516
Q6820068	6000000046767523146
Q6820161	6000000003077426311
Q6820164	6000000047899496133
Q6820171	6000000002683104862
Q6820178	6000000176036758840
Q6820186	6000000153762833943
Q6820200	6000000103949055970
Q6820239	6000000044069442108
Q68202721	6000000041544747293
Q68206441	6000000011515855369
Q68207	6000000183930305821
Q6820727	6000000059498142126
Q6820856	6000000003216051979
Q6820891	6000000007978703775
Q68209	6000000018893206145
Q6820900	6000000009298535036
Q6820904	6000000005740275835
Q6820905	6000000001877504056
Q6820908	6000000025564768934
Q6820939	6000000003216058135
Q6820947	6000000000632202917
Q6821026	6000000037402298145
Q68210330	6000000027396151723
Q682117	6000000002516708656
Q68212	6000000003827355999
Q68213654	6000000002115920913
Q68214	6000000040762042853
Q6821445	6000000016550859956
Q6821955	6000000079937351873
Q682197	6000000017957009184
Q68222747	6000000026105548716
Q6822305	6000000172952940833
Q6822308	6000000079141606343
Q6822309	6000000019931195895
Q6822360	6000000111124744987
Q68224180	6000000009833721204
Q68224580	6000000057126907908
Q68224591	6000000070278818949
Q68225139	3921855442350020344
Q68225934	6000000011515786758
Q682281	6000000020988111346
Q68229	6000000003219772732
Q682310	6000000017487064021
Q68235	6000000011939220060
Q68235062	6000000183268758827
Q682376	6000000017914290346
Q682378	6000000049076417841
Q6824269	6000000016698150184
Q68245	6000000011782319088
Q682531	6000000000190131271
Q6825477	6000000015459880463
Q68257	6000000016442565208
Q68260	6000000090332937291
Q68260232	6000000023035106285
Q68262	6000000007271062531
Q682620	6000000044055848920
Q6826410	6000000008531215594
Q6826422	6000000033698653941
Q6826426	6000000121548311822
Q6826476	6000000030381000013
Q682678	5227346435230128146
Q6826826	6000000022876882252
Q68270	6000000000901322017
Q682701	6000000000632031573
Q682732	6000000178298543854
Q68273384	6000000020771313639
Q682736	6000000001534949474
Q682736	6000000084909374019
Q682770	6000000003232549865
Q682783	6000000003232545418
Q68278327	6000000007399083112
Q6827861	6000000001384232608
Q682787	6000000046655736215
Q6828065	6000000046461149001
Q6828203	6000000026232770857
Q6828226	6000000000898340579
Q6828289	6000000000889501006
Q6828359	6000000020963225137
Q68284	6000000020309033493
Q6828483	6000000020962766548
Q68285	6000000084909515934
Q6828520	6000000010249569590
Q6828582	335909965770012747
Q6828632	6000000018159341245
Q6828633	6000000020275817789
Q68286414	6000000011413864442
Q6828693	6000000008736803412
Q6828698	6000000013364383791
Q68287	6000000007725493237
Q6828700	6000000034107903351
Q6828758	6000000010584651336
Q6828787	300494257960005339
Q6828891	6000000036907096712
Q6828991	6000000048296684988
Q682902	6000000013416393442
Q6829051	6000000020376517416
Q68293	6000000014328189355
Q6829390	6000000000132210578
Q6829454	6000000002624249137
Q6829456	6000000062555883976
Q6829464	6000000044120809011
Q6829539	6000000002503114890
Q682957	6000000016519002073
Q6829575	6000000151685447469
Q6829577	6000000013306593126
Q6829589	6000000078594391686
Q6829632	6000000028103794721
Q6829689	6000000002263697240
Q6829703	6000000042703914398
Q68297947	6000000178533663848
Q68298575	6000000002188504806
Q682988	6000000146995953874
Q6829890	6000000173620997079
Q6829914	6000000042195529322
Q6829932	6000000026781231628
Q6830050	5419273308550104539
Q6830075	6000000026534029199
Q6830287	6000000027899399532
Q68302888	6000000187341653852
Q6830367	6000000002872523132
Q68303986	6000000032604530133
Q6830447	6000000030692583480
Q6830595	6000000028247213875
Q6830669	6000000173972601916
Q6830681	6000000014528772010
Q6830701	6000000019297093911
Q6830709	6000000019582689629
Q6830712	6000000017252476127
Q68309	6000000077277791514
Q6830920	6000000000587647001
Q68310	6000000071856275919
Q6831012	6000000007775523837
Q683105	6000000025306478221
Q683106	6000000015339935201
Q6831070	6000000007520899602
Q6831121	6000000001299375727
Q6831125	6000000011117933269
Q6831126	6000000011117778545
Q683115	6000000009213996900
Q6831230	6000000129648524037
Q6831280	6000000001608892229
Q6831315	6000000016330260439
Q683135	6000000018986085282
Q6831391	6000000027670370659
Q6831419	6000000019949558512
Q6831566	6000000014884864398
Q6831595	6000000027646062219
Q68317	6000000009872212471
Q68317093	6000000026268288890
Q6831800	6000000059852537599
Q6831854	390469526080002163
Q6831970	6000000043304118146
Q683198	6000000002315767125
Q6831997	6000000073875166848
Q68320	6000000024206798845
Q6832069	6000000031586584891
Q6832087	6000000058415090966
Q6832294	308598315100003804
Q6832337	6000000009887072623
Q6832339	6000000016512886538
Q6832360	6000000076366016938
Q6832423	6000000060792982219
Q6832463	6000000027005857772
Q6832499	6000000088695476831
Q68325	6000000041094118652
Q6832606	6000000071403636974
Q683268	6000000113742359593
Q6832793	6000000021199382286
Q6832835	6000000027019455621
Q6832918	6000000178969805834
Q6832995	6000000047377603073
Q6833001	6000000020315865915
Q6833045	6000000022190452223
Q6833078	6000000006998857368
Q6833095	6000000002188529753
Q6833338	6000000016960573377
Q6833382	6000000003441191156
Q6833454	6000000018678344970
Q6833555	6000000001510769086
Q68335981	6000000000234215354
Q683364	6000000004567766607
Q6833752	6000000027006587837
Q6833765	6000000006100921941
Q6833788	6000000009148559519
Q6833979	6000000007001472027
Q68340869	6000000029155782142
Q683410	6000000019090385803
Q6834103	6000000021666208148
Q6834180	6000000185039175829
Q68341814	6000000013404374360
Q6834207	6000000018327538633
Q68342208	6000000081442841877
Q6834253	6000000036696228805
Q6834281	6000000009465283229
Q6834294	6000000008265508357
Q6834401	6000000004868662085
Q6834422	6000000057240406875
Q6834447	6000000057031467107
Q683447	6000000035864344829
Q6834480	6000000127146402937
Q6834498	6000000114107384955
Q6834517	6000000128030885846
Q6834553	6000000174965093848
Q6834566	6000000009940161444
Q6834596	4516737082140077193
Q6834673	6000000007329215255
Q6834757	6000000043718825912
Q68347674	6000000040286775042
Q6834851	6000000019219211637
Q6834852	6000000034047617463
Q6834882	6000000002024142386
Q6835020	6000000081604017988
Q6835098	6000000009837384197
Q68351	6000000171739453996
Q683515	6000000011436603311
Q6835172	6000000006194741188
Q6835213	6000000004867439856
Q683522	6000000032260210939
Q6835230	6000000002116061197
Q6835299	6000000049503745943
Q683532	6000000025310991104
Q6835380	6000000006995745541
Q683579	6000000141073310877
Q6835895	6000000047048539006
Q68360	6000000000601434836
Q6836005	6000000011571210991
Q6836008	6000000009403468683
Q6836012	6000000175680377836
Q6836014	6000000004326752738
Q6836028	6000000182065295822
Q6836050	6000000014301862206
Q6836081	6000000002028771616
Q6836087	6000000035273381371
Q68362	6000000020827072922
Q683620	6000000020196186001
Q683621	6000000186255914556
Q6836247	6000000003489221932
Q6836377	6000000002802596845
Q6836389	4487887822510060308
Q6836413	6000000019885822891
Q6836448	6000000039024987322
Q683650	6000000016308353348
Q6836500	6000000015755832173
Q6836630	6000000009007641252
Q6836710	6000000179217485848
Q6836968	6000000076163150965
Q683708	6000000008903297411
Q6837139	6000000022833398871
Q683725	6000000003196750823
Q6837364	6000000050938731323
Q6837474	323509137520006432
Q683785	6000000017260690137
Q68379	6000000014058693649
Q683798	6000000143230402010
Q68381	6000000008301751649
Q6838118	6000000017459776931
Q68383	6000000084707724851
Q6838597	6000000166550258946
Q68386	6000000010910186242
Q6838610	6000000001715504260
Q6838628	6000000034615650225
Q6838676	6000000007997011606
Q683876	6000000036487828996
Q6838778	6000000102761193047
Q6838810	6000000085082979873
Q68388810	6000000019886967296
Q6838891	6000000069426690865
Q683897	6000000007625716753
Q683903	6000000000145896052
Q683907	6000000048755348840
Q683913	6000000068883633946
Q6839283	6000000006444780047
Q68394	6000000027321190623
Q6839716	6000000012178795721
Q6840045	6000000002447394010
Q6840124	6000000009677874358
Q684014	6000000006276655050
Q684020	6000000019861661049
Q6840274	6000000028276788393
Q684034	6000000125856710934
Q6840749	6000000012461676181
Q684076	6000000103270484938
Q6841169	6000000010052230215
Q6841350	6000000000687493540
Q684140	6000000012609150532
Q684195	6000000015198202392
Q6842046	6000000014874751820
Q6842206	6000000035175013547
Q68426580	6000000000634781759
Q68426721	6000000022941079838
Q68430192	6000000000064258006
Q684309	6000000010592435713
Q68432685	6000000017415685218
Q6843420	4051270572860028752
Q684358	6000000003163765829
Q6843612	6000000002672936888
Q68436481	6000000009793298840
Q684376	6000000011850307512
Q6844268	6000000054642192821
Q68443	6000000183217412863
Q6844432	6000000030432424694
Q68446	6000000007297766993
Q684463	6000000019550950623
Q6844637	6000000056088326989
Q6844727	6000000021675074346
Q6844758	6000000077923379163
Q6844819	6000000039797563914
Q6844836	6000000043183438757
Q6844857	4342797072590052504
Q6844905	6000000006581621368
Q6844964	6000000041758152987
Q68449859	6000000025451961937
Q6844996	6000000064810522868
Q68450	6000000114355385858
Q6845177	6000000007900701974
Q6845377	6000000016511797825
Q6845385	6000000020344320273
Q6845555	6000000000634213647
Q6845608	6000000027444831526
Q6845692	6000000086395562142
Q6845834	6000000037698888416
Q684591	6000000008722754544
Q6846090	6000000039950840168
Q68461	6000000012787951212
Q6846151	6000000041684227310
Q684616	6000000009182969228
Q6846166	6000000007329593358
Q6846173	6000000184408393080
Q6846303	6000000032691857527
Q68464080	6000000011199864745
Q6846413	6000000014112838248
Q68465	6000000041371931188
Q6846521	6000000025343173098
Q6846701	6000000046008062976
Q684675	6000000167326689196
Q6846837	6000000092764979860
Q6846992	6000000176868434850
Q68470206	6000000166657752862
Q684712	6000000019112658965
Q6847197	6000000014090747318
Q684735	6000000002188370796
Q68475206	6000000026370163967
Q6847683	6000000007323320332
Q6847727	6000000202921681830
Q6847833	6000000006444537456
Q684795	6000000033079613827
Q68483	6000000002764502921
Q684845	6000000018462897020
Q6848478	6000000042148811766
Q6848486	6000000005934810098
Q684856	6000000007005550518
Q6848562	6000000177708651829
Q684863	6000000011061102834
Q684869	6000000017218360008
Q6848825	6000000174224721508
Q6848854	6000000034236702976
Q6848964	6000000127919723047
Q684900	359016806190002322
Q684901	6000000022827074798
Q6849057	6000000007315679015
Q68491284	6000000016643383098
Q684928	6000000178296898825
Q6849444	6000000183974415842
Q6849449	6000000051252011833
Q68497590	6000000013261630225
Q684978	6000000005438491971
Q6850043	6000000017728235548
Q6850053	6000000145229483968
Q68501	6000000077495853935
Q6850106	6000000003665123794
Q6850110	6000000006778428614
Q6850111	6000000116751077836
Q6850111	6000000131452743880
Q6850113	6000000006626583006
Q6850120	6000000018626484458
Q6850133	6000000014655912900
Q6850136	6000000057339709088
Q6850138	6000000012000875009
Q6850228	6000000017874439581
Q6850266	6000000009308077165
Q68505	6000000002226915183
Q6850543	6000000051346879986
Q685064	6000000181996649844
Q6850717	6000000155424341822
Q6850938	4708082454440124793
Q6850950	6000000031577866704
Q6850976	6000000015620374774
Q6850992	6000000006833021891
Q6850999	6000000176791288867
Q6851017	6000000157913761840
Q6851106	6000000075982734112
Q685117	6000000181967960880
Q6851244	6000000071611145523
Q6851310	6000000028975090129
Q6851316	6000000010297686051
Q6851335	6000000010504559039
Q6851383	6000000006127534966
Q6851399	6000000012140495354
Q68514	6000000018874164189
Q6851487	6000000003185117329
Q685149	6000000045752804055
Q6851502	6000000010799889301
Q6851529	6000000000941929091
Q6851550	6000000001531193696
Q685156	6000000016908895354
Q68516	6000000071573142830
Q68519	6000000025503071359
Q685199	6000000116226266862
Q6852229	6000000013374345486
Q68523	6000000087804650873
Q685242	6000000012095455289
Q68525	6000000030826925039
Q6852559	6000000074753073825
Q68527	6000000002955215177
Q6852951	6000000074738641865
Q68531	6000000000310900913
Q68532993	6000000016910590386
Q68533	6000000004335369751
Q685342	6000000140784996841
Q6853517	6000000000985441449
Q68535462	6000000013896221982
Q68537	6000000039952690690
Q6854016	6000000032168970115
Q68542	6000000095628632223
Q68543	6000000013030102206
Q6854601	6000000010773012602
Q6854834	6000000006444278770
Q685495	6000000179976219830
Q68551	6000000086664969958
Q685530	6000000015450033916
Q68554	6000000000489559433
Q6855629	6000000010802026401
Q685581	6000000015681016460
Q68558716	6000000024318793899
Q68560	376458179730012918
Q68560322	6000000006838644288
Q68561539	6000000007722199396
Q68564350	6000000009321861483
Q68565146	6000000009322256324
Q6856547	6000000009798055269
Q68568260	6000000012748631172
Q685704	6000000016495750344
Q6857059	6000000021024036114
Q685709	6000000031056008546
Q68574	6000000037140580973
Q68574884	6000000013019215451
Q68577662	6000000019038108707
Q68578542	6000000009472917237
Q68580000	6000000001094907056
Q6858097	6000000015889830527
Q68582	6000000180655989969
Q6858203	6000000021402000819
Q68582797	6000000083564534822
Q6858508	6000000178920563822
Q6858509	2284789
Q6858514	6000000008383958280
Q6858518	6000000002941851745
Q68585297	6000000178131803821
Q68586135	6000000083539701854
Q68586178	6000000015352561934
Q68586836	6000000137999438975
Q6858690	6000000014420201644
Q68587911	6000000133393304977
Q68590	6000000041388594516
Q68590553	6000000015634981258
Q685953	6000000020423353313
Q6859560	6000000014170590969
Q685992	6000000007209725513
Q686014	6000000056401065446
Q6860160	6000000013260450867
Q6860298	5384959704830042168
Q6860312	6000000001356986764
Q6860317	6000000173231704990
Q6860347	6000000018515469486
Q686036	6000000002614287163
Q68603778	6000000041609300400
Q686050	6000000158031596887
Q6860635	6000000002142720808
Q686064	6000000019594751245
Q6860652	6000000043198059165
Q6860871	6000000003615864986
Q6860997	6000000001080314913
Q6861067	6000000175569070838
Q6861140	6000000061720947930
Q6861141	6000000042179142082
Q6861283	6000000014874462628
Q68613	6000000042422489924
Q6861304	6000000012676526116
Q686138	6000000014091825544
Q6861385	6000000029723114964
Q6861406	6000000015596487650
Q6861422	6000000052235944120
Q6861458	6000000007338516086
Q68615	6000000143803732984
Q6861525	6000000003464227990
Q6861541	6000000003147071375
Q68620	6000000009500863798
Q68621	6000000177320992822
Q6862158	6000000017538421635
Q6862199	6000000036857685899
Q686232	6000000008379920052
Q68632151	6000000028434733821
Q68635	6000000173464584927
Q68637	6000000178693248840
Q686390	6000000110266027425
Q686396	6000000179412083822
Q686398	6000000011360172252
Q6864333	6000000002673714086
Q68643446	6000000003406070714
Q6864507	6000000001714224122
Q68645545	6000000014585186627
Q6864625	6000000031615620961
Q68646383	6000000001631219631
Q6864668	6000000029015000622
Q686476	6000000016622872106
Q6864776	6000000002948927171
Q68651240	6000000040477642930
Q686530	6000000041756968902
Q68656725	6000000040626536079
Q686568	6000000000742607655
Q6865743	6000000023130178145
Q686597	6000000020307870514
Q686619	6000000053534339922
Q68664175	6000000015638546915
Q68673	6000000031662201700
Q6867492	6000000039548974305
Q68675724	303119388390006422
Q6867710	6000000003637238618
Q6867902	6000000115577472828
Q686829	4708335741190080421
Q68683	6000000015449957425
Q6868790	6000000017404521705
Q6868800	6000000183686481825
Q6868804	6000000075927353852
Q686888	6000000011369707324
Q6869070	6000000178847606851
Q68691715	6000000022708143641
Q6869444	6000000001664517787
Q6869627	6000000008102163426
Q68697	6000000035480526764
Q687	6000000031548060062
Q68701318	6000000027775630905
Q687014	6000000015756307255
Q687028	6000000001009256086
Q687042	6000000039947222113
Q687049	6000000148575732854
Q687061	6000000009255961098
Q687070	6000000028488646617
Q687082	6000000003277800525
Q68708940	6000000104189529858
Q68710	6000000035001959481
Q687135	6000000015737774032
Q687153	6000000015314603167
Q687167	6000000000675851823
Q687173	6000000000114169754
Q6872223	6000000012980326879
Q68726	6000000007014390010
Q687276	5569895822410138427
Q6872817	4821314524080052792
Q6873038	6000000004828100329
Q6873232	6000000035098307564
Q6873252	6000000057644869996
Q6873283	6000000053842368043
Q6873327	6000000040131175008
Q687335	6000000009656589566
Q6873356	6000000011057923716
Q6873369	6000000003704362419
Q6873382	6000000006822382928
Q6873450	6000000077471905653
Q6873648	4007589962120073527
Q6873683	6000000025835630876
Q6873686	4708346100380068947
Q6873690	6000000000799037487
Q68738834	6000000034929717505
Q6873885	6000000003178136846
Q6874126	6000000017737159006
Q687424	6000000134943897892
Q687428	6000000050604254821
Q68743	6000000060816204476
Q6874403	6000000008490246665
Q687461	6000000166591254876
Q687469	6000000015853834400
Q68746917	6000000010424206086
Q68751	6000000036980707453
Q687522	6000000015907693908
Q68753	6000000177162017872
Q687552	6000000003762337166
Q68757	6000000040679741848
Q68761	6000000009518134765
Q687630	6000000017029291490
Q6876352	6000000044400732220
Q687638	6000000000413444750
Q68764895	6000000177394478828
Q68764915	6000000177394235835
Q68768	6000000121590791860
Q687681	6000000076460733223
Q68768429	6000000014834138937
Q6876877	6000000020150344258
Q68770	6000000016365015925
Q68771	6000000005599165234
Q687794	6000000023249930287
Q687854	6000000013294844888
Q687874	6000000019541381047
Q6878870	6000000040100127478
Q68791	6000000016690115323
Q6879422	6000000125834274872
Q68798104	6000000008018719833
Q68801436	6000000018437830397
Q688067	6000000026536602942
Q6880940	6000000126540301838
Q6881135	6000000173876441200
Q68811580	6000000125990913825
Q6881160	6000000067350482872
Q6881161	6000000003596252643
Q6881192	6000000004957334781
Q68812	6000000039299699476
Q6881216	6000000030250990312
Q688128	6000000024739178913
Q6881327	6000000014874998811
Q6881343	6000000041546794636
Q6881428	6000000025727650145
Q68815	6000000080093589001
Q68817642	6000000131476078998
Q68817667	6000000010641014360
Q6882	6000000016866827614
Q68820895	6000000007498407604
Q68824	6000000023472749798
Q688255	6000000063298999821
Q68828	6000000002188464468
Q688280	6000000040052486008
Q6882988	6000000038223653465
Q68831528	6000000014091835403
Q688332	6000000064320246042
Q688336	6000000175812559838
Q6883628	6000000039892625812
Q68837857	6000000049651884068
Q688382	6000000181962405847
Q688412	6000000018381062728
Q6884243	6000000013953281569
Q6884326	6000000185092809825
Q68843327	6000000020758240929
Q6884333	6000000185091907857
Q68844492	6000000004097657949
Q688455	6000000022423538630
Q68851	6000000004533205653
Q688529	4276238571750045394
Q6885325	6000000016611459054
Q688544	6000000023470252535
Q6885559	6000000012568930228
Q6885755	295791345800008001
Q688627	6000000017402186971
Q688628	6000000037859456335
Q68865	6000000012004141646
Q688766	6000000029817276225
Q6887736	6000000023743368042
Q6888111	6000000027128855722
Q688817	344558977520012716
Q68882106	6000000005230993121
Q68884296	6000000010451996968
Q68884547	6000000018762439069
Q688937	6000000002350219556
Q6889741	1610815
Q68898	6000000040123100575
Q6889805	6000000003823278318
Q6889847	6000000003254369091
Q6889983	6000000004152923587
Q6890006	6000000143581365837
Q68900672	6000000157893948821
Q689012	6000000022340128289
Q689030	6000000016135341212
Q6890477	6000000001140365160
Q6890498	6000000001753085606
Q68910865	6000000137336654927
Q68911	6000000113207824771
Q68911112	6000000184430805868
Q68911830	6000000148100625940
Q68912435	6000000178726186873
Q68913	6000000156436045918
Q68913180	6000000016980657327
Q68918	6000000002188374256
Q689190	6000000184301756890
Q6892071	6000000020828245536
Q68922423	6000000175209632917
Q689244	6000000157014765824
Q68927275	6000000022603507895
Q689274	6000000016508975469
Q689279	6000000011724431751
Q689281	6000000026467589234
Q6892814	6000000024700788383
Q689289	4336877695150013613
Q689291	6000000021877022024
Q689308	6000000006870427946
Q68933013	6000000003364373072
Q6894680	6000000013556717504
Q68946814	6000000026588089100
Q68946859	6000000026588364864
Q6894712	6000000035614280913
Q6894781	6000000221832899877
Q6894784	6000000209924487841
Q68948	6000000023924944404
Q689486	6000000094139973821
Q689489	6000000017385256451
Q689493	6000000007216588479
Q689498	6000000026954096490
Q68950298	6000000017242247097
Q689563	6000000091183748871
Q68958057	6000000176635524858
Q68959028	6000000002765726731
Q68959071	6000000006568347933
Q689612	6000000024779675375
Q689638	6000000015603293776
Q6896540	6000000013229966639
Q6896568	6000000009514850957
Q689660	6000000111648354834
Q6896606	6000000029836562444
Q68968	4349564145400013432
Q6897329	6000000013692381466
Q68975126	6000000024834821864
Q6897746	6000000017046581339
Q689799	6000000070760946451
Q68983	6000000077227547601
Q689856	6000000003239281055
Q68987	6000000018021053731
Q68997607	6000000006269104225
Q6899909	6000000014095540273
Q6899925	6000000047768448964
Q6899995	6000000125829731999
Q6900365	380645561420011281
Q6900537	6000000175776052829
Q690063	6000000121490992822
Q6900634	6000000135070132941
Q690103	6000000016616374862
Q690112	6000000144034904836
Q6901209	6000000174235388863
Q690123	6000000003729245367
Q69019	6000000004537963572
Q6902207	6000000107072378869
Q6902210	6000000123489873846
Q69024465	6000000003418669478
Q6902477	6000000004084784510
Q69028	6000000020669333606
Q69032663	6000000005598888828
Q69033	6000000063230307822
Q6903393	6000000003184809169
Q6904054	6000000002188517085
Q6904055	6000000002188517092
Q6904059	6000000035018037861
Q690406	6000000028204348368
Q6904060	6000000018274255205
Q6904061	6000000057519792850
Q6904063	6000000009559860807
Q6904065	6000000004868960399
Q6904078	6000000048665878003
Q6904079	6000000015714185122
Q6904094	6000000019268749003
Q6904100	6000000063426625936
Q6904111	6000000008630274593
Q6904116	6000000000352440683
Q6904117	6000000020985663075
Q6904132	6000000051047089076
Q6904137	6000000019975923974
Q69042	6000000011653229978
Q69043873	6000000002338499551
Q69045	6000000013112846272
Q6904644	6000000010639452866
Q6904693	6000000111241011956
Q6904798	6000000095936936851
Q6904848	6000000051529208030
Q6904955	6000000018023809351
Q6904957	6000000024905619839
Q69053924	6000000050808408050
Q69054	6000000028340299684
Q69054936	6000000006424292436
Q690554	6000000118612851038
Q6905557	6000000042535638796
Q6905636	6000000017536294021
Q690564	6000000178297352830
Q6905650	6000000020502556122
Q6905748	6000000043650278884
Q6905753	6000000027556654882
Q6905787	6000000010039288219
Q6905922	6000000095896275912
Q690609	6000000181907436865
Q6906118	6000000019476597594
Q69063599	6000000014541510021
Q690685	6000000010750222168
Q690707	6000000011908171261
Q690708	6000000028679913829
Q690713	6000000001722361566
Q690725	6000000141073234028
Q6907469	6000000027254234943
Q690759	6000000176798220829
Q6907846	6000000114108817874
Q69079589	6000000008871792327
Q6908366	6000000013983039523
Q6908378	6000000001970017307
Q6908563	6000000014496771009
Q69087	6000000040097660273
Q690874	6000000034848132971
Q6908996	6000000040962338072
Q6909593	6000000019711417064
Q6909609	6000000012533371454
Q6909616	6000000007637688730
Q6909628	6000000016182205729
Q6909650	6000000002911293921
Q6909652	6000000006733348547
Q6909671	3916713006770044463
Q691012	6000000002366088705
Q69103	6000000004869028845
Q691072	6000000002188402259
Q6910729	6000000000890117782
Q691084	6000000194760691830
Q691127	6000000037072358902
Q6911275	6000000014566607235
Q6911461	6000000004079775836
Q6911580	6000000106942998949
Q6911583	6000000074679061852
Q6911643	6000000047623340122
Q691168	6000000001575222893
Q69116970	6000000015275095076
Q6911720	6000000013151457428
Q6911747	6000000013381072230
Q6911775	6000000006954820513
Q6911776	6000000010096394598
Q691182	6000000028390780320
Q6911841	6000000017252466679
Q6911918	6000000011717198837
Q69120	6000000041811327113
Q691209	6000000013470603055
Q691234	6000000028971379536
Q6912371	6000000003510709403
Q6912396	6000000016006481983
Q6912448	6000000012973940366
Q6912451	6000000077875098632
Q69127	6000000181929581823
Q691320	6000000163835585899
Q69133799	6000000017947076520
Q69133918	6000000029029991183
Q691345	6000000019165592978
Q6913512	6000000031926798958
Q6913527	6000000033076047444
Q6913550	6000000033115804908
Q6913591	6000000007097511625
Q6913615	6000000009247932265
Q6913616	6000000195657225834
Q6913689	6000000022600725137
Q6913696	6000000008672846000
Q6913699	6000000041020474217
Q6913788	6000000038527619558
Q691381	6000000003493392055
Q6913890	6000000145823413835
Q6913937	6000000009700094231
Q691402	6000000000837888160
Q6914213	6000000018031078702
Q691422	6000000025138933353
Q6914495	6000000008181842263
Q6914540	6000000003513702899
Q6914727	6000000018878586145
Q6914738	6000000042393255893
Q6914750	6000000002335263126
Q6914751	6000000014898546533
Q69148050	6000000050501980118
Q69148100	6000000050502057979
Q6914840	6000000007540504431
Q6914846	6000000010960429092
Q6914873	6000000021291711180
Q6914916	6000000012345800604
Q6914947	6000000043254137857
Q69150677	6000000034902317072
Q691515	6000000140444218864
Q69152577	6000000091240941977
Q691526	6000000136844699988
Q69152880	6000000013205354821
Q69153053	6000000013204885907
Q6915383	6000000012316416173
Q6915392	6000000027628320625
Q6915415	6000000011163671734
Q6915565	6000000000330999735
Q6915698	6000000003229310754
Q6915699	6000000001856031386
Q6915701	6000000089917963094
Q6915707	6000000044192025016
Q6915715	6000000001612621349
Q6915735	6000000018267221957
Q6915738	6000000025124674486
Q6915743	6000000021827002815
Q6915744	6000000033026021969
Q6915765	6000000004590641744
Q6915770	6000000016700039929
Q6915773	6000000000827496674
Q6915792	6000000016641530270
Q6915801	6000000058832680897
Q6915804	6000000012275714034
Q6915805	6000000015782742175
Q6915817	6000000080494919881
Q6915820	6000000014733323539
Q6915838	6000000046632443921
Q6915853	6000000003132931168
Q6915856	6000000016190832649
Q6915858	6000000019275338335
Q6915863	6000000001562887292
Q6915863	6000000075649841833
Q6915865	6000000001521644431
Q6915874	6000000003942685478
Q6915879	6000000178750699361
Q6915906	6000000206584942835
Q6915932	6000000003637793083
Q6915945	6000000043109079634
Q6915949	6000000018310778172
Q6915957	1680398
Q6915977	6000000007454475144
Q6915981	6000000012858992435
Q6915984	6000000017336220084
Q6915988	6000000007340443459
Q6916031	6000000024033952213
Q6916098	6000000001633652769
Q6916106	6000000011895245306
Q6916128	6000000081495784169
Q6916131	5692336502540040782
Q6916151	6000000024772571983
Q6916159	6000000004339651517
Q6916162	4715114215510036884
Q6916166	6000000003205649640
Q6916182	353000158110012074
Q6916185	6000000030872233101
Q6916196	6000000014874345949
Q6916273	6000000002930860069
Q6916380	6000000071400579231
Q691648	6000000015131280726
Q6916572	6000000049206182912
Q6916574	6000000064381766938
Q6917278	6000000003229501869
Q6917390	6000000006576336127
Q6917647	6000000009749884718
Q69178	6000000020723522424
Q69181	6000000022198978974
Q691860	6000000039920777951
Q69189	6000000026406652639
Q6919330	6000000013255229382
Q691973	6000000081105589250
Q6919835	6000000024608700020
Q692	6000000003051311313
Q6920356	6000000023912760970
Q692053	6000000014680000036
Q692056	6000000000782228017
Q692068	6000000043307170355
Q692098	6000000009855095318
Q692100	6000000180851623822
Q692107	6000000009926327694
Q692120	6000000002188424307
Q692158	6000000009158547844
Q692160	6000000178254890823
Q692165	6000000033076239407
Q692166	6000000000518902212
Q69217	6000000069200108914
Q69221	6000000026297788859
Q6922134	386085603030005637
Q692235	6000000012859717391
Q692240	6000000031007188269
Q692265	300537894950005354
Q69236	6000000010323627292
Q692383	6000000006111861272
Q69241344	6000000002265059837
Q69242701	6000000017946655670
Q692434	6000000003904573322
Q69244	6000000039299932291
Q692461	6000000193971147828
Q69246517	6000000187334164824
Q6924675	6000000003901253265
Q692496	6000000014159907926
Q69251	6000000076769102683
Q692510	6000000001746085573
Q692528	6000000183073352826
Q69255	4242173428030062528
Q692550	6000000016487733408
Q692594	6000000071107069942
Q69260	6000000026795560342
Q692632	6000000007362129332
Q6926361	6000000016168532757
Q692645	6000000022391192850
Q692671	6000000002292947818
Q692690	6000000014888513784
Q69270	6000000000007477089
Q692725	6000000040541842234
Q6927251	6000000087691965906
Q69274331	6000000030795009019
Q69275	6000000025142946517
Q6927527	6000000009360707304
Q6927576	6000000013100627592
Q6927765	6000000001742911247
Q6927768	6000000072977386958
Q6927773	6000000004086139262
Q69278	6000000050632990025
Q692793	6000000012470657653
Q692800	6000000029699068987
Q692806	6000000020586640396
Q69283361	6000000013637236687
Q692841	6000000007459917935
Q692904	6000000024293207590
Q69291520	6000000019131785260
Q692925	6000000004695958741
Q692927	6000000000264820806
Q69299909	6000000047520609031
Q6930070	6000000007827040075
Q69301791	6000000012643815938
Q693024	6000000056720546033
Q693029	6000000197959395826
Q6930384	6000000010573544595
Q693047	6000000015029325891
Q6930484	6000000011439014777
Q693053	6000000004213866601
Q693086	5062392931000061084
Q69310	6000000003827727681
Q6931168	6000000012961938252
Q69312007	6000000036746770123
Q693121	6000000007678347463
Q69314	6000000007802627661
Q69314468	6000000174046502012
Q693172	6000000018484577164
Q693186	6000000014861687630
Q69319	6000000035128357932
Q693204	6000000082819082218
Q6932399	6000000042898194102
Q69327	6000000003827727695
Q69327280	6000000013277084529
Q693288	6000000141111714978
Q693290	6000000143189760889
Q6932902	6000000000285288577
Q693317	6000000134405639204
Q6933240	6000000008248298988
Q693328	6000000181926810837
Q69337592	6000000005693609008
Q69339	6000000001354952389
Q693401	6000000018028461147
Q693402	6000000177620993822
Q69341	6000000045039287000
Q6934582	6000000024775098817
Q693499	6000000012955074490
Q69350	6000000003827521373
Q693511	6000000134191716822
Q69352019	6000000000261571499
Q69355095	6000000011248203621
Q693555	6000000008630249246
Q6935577	6000000009727974470
Q69360150	6000000002188524938
Q69360234	6000000019096999464
Q6936035	6000000011577931889
Q69360928	6000000183383670860
Q693635	6000000156668960831
Q6936847	6000000017756647213
Q69370522	6000000003877855947
Q6937407	6000000174132510046
Q6937531	6000000080621549858
Q69376	6000000020760255961
Q69380654	6000000008538186340
Q6938214	6000000144631945858
Q69382823	6000000024904399114
Q693829	6000000046421993249
Q69384053	6000000056956676976
Q693843	6000000059804708028
Q6938588	6000000011384283021
Q6938631	6000000002601458383
Q6938645	6000000081316680783
Q6938646	6000000000157983580
Q69386477	6000000006979190560
Q6938658	6000000011274022520
Q6938684	6000000017208179018
Q6938855	6000000157646205860
Q6939124	6000000076060614105
Q6939162	6000000135770013893
Q6939170	6000000046014385903
Q6939205	6000000010027830156
Q6939206	6000000048652173909
Q6939233	6000000011274080554
Q6939240	6000000004247153222
Q69392748	6000000005415106240
Q69393305	6000000189325668821
Q6939331	6000000003612510527
Q6939339	6000000070277959986
Q6939350	6000000015984885328
Q6939363	6000000023898031900
Q6939366	6000000015615764311
Q6939385	6000000171891104855
Q69394	6000000172548784372
Q6939451	6000000020038030219
Q6939453	6000000046619663992
Q69395	6000000030644730108
Q6939614	6000000014726531539
Q69399559	6000000012597139788
Q694031	6000000053783105954
Q694048	6000000015711302741
Q694070	6000000183111897842
Q694077	5412422031940056832
Q694093	4162958974740022237
Q694108	6000000016679040885
Q69416	6000000013812096329
Q6941777	6000000019271529205
Q694197	6000000003827484069
Q69420	6000000008115635586
Q694204	6000000035501352088
Q69422	6000000007176021127
Q69422316	6000000005599009633
Q69425	6000000007329600417
Q69430	6000000018978448009
Q694300	6000000165168978043
Q69430308	6000000048153363405
Q6943284	6000000004344776707
Q694375	6000000001380064644
Q69439	6000000177099774868
Q69440764	6000000026602855518
Q69441441	6000000010309110032
Q694458	6000000007467323105
Q69446	6000000002188412231
Q69447	6000000018070126685
Q69449	6000000001504709338
Q694498	6000000020882019845
Q694499	6000000022573130468
Q69452	6000000085577197833
Q69453178	6000000000634083817
Q69454	6000000007281018781
Q69456	6000000007209409707
Q694609	6000000006576797514
Q69463478	6000000006127393245
Q69464307	6000000088429325045
Q69464577	6000000075791283344
Q69464635	6000000015643361017
Q69465	6000000008107132308
Q694665	6000000037909887237
Q694669	6000000147791766889
Q69468	6000000001504709383
Q694686	6000000008736134981
Q69468961	6000000021493404611
Q694698	6000000016514955741
Q694726	6000000166677247868
Q69473	6000000033945859028
Q6947457	6000000036286558251
Q6947520	6000000177000371833
Q6947662	6000000021910271853
Q6947677	6000000151490208064
Q694785	6000000007477733373
Q694799	6000000069715018873
Q694809	6000000161041883822
Q6948093	6000000017595471960
Q6948094	6000000015676173896
Q6948103	6000000020775513557
Q6948117	4938760394030078154
Q694813	6000000015443811075
Q694826	6000000058458346844
Q69482903	6000000012451706986
Q69483	6000000017157060668
Q6948304	6000000173814523990
Q6948308	6000000074087158847
Q6948415	6000000026338524375
Q6948422	6000000017167764579
Q6948432	6000000018513556430
Q6948435	6000000009226378480
Q6948451	6000000084211307835
Q6948452	6000000032073908900
Q6948453	6000000009066030024
Q6948632	6000000025678412640
Q694902	6000000173232766164
Q69490702	6000000030708965137
Q69490709	6000000016530543901
Q694922	6000000017747639540
Q6949328	376274973330004761
Q694941	6000000178511889833
Q6949530	6000000002186786812
Q6949605	6000000000335028606
Q6949635	6000000018463199042
Q6949743	6000000002326014710
Q6949744	6000000017102357344
Q6949754	6000000021040285119
Q6949758	6000000013744402066
Q694986	6000000004355750088
Q6950008	6000000009897956238
Q6950095	6000000019819315174
Q69501296	6000000030896521085
Q69501360	6000000033159356469
Q6950281	6000000002043192158
Q69504	4335941829960051115
Q69506757	6000000186222049070
Q695099	6000000006777967079
Q695109	6000000141066405119
Q695113	6000000017405904972
Q695149	6000000015593927051
Q69515479	6000000068137091870
Q6951671	6000000017532405142
Q6951733	6000000014130501632
Q695210	311715669240001482
Q69521123	6000000028623444251
Q69522955	6000000002882890282
Q69523841	6000000013599890579
Q69523881	6000000150786883849
Q695239	6000000001110135118
Q69524078	6000000025238423226
Q69524860	4561422582250129536
Q69525944	6000000179592895830
Q695262	6000000007737925632
Q69527121	6000000004115477021
Q695276	6000000007452477835
Q695279	6000000003918021187
Q695284	6000000016630353454
Q69534968	6000000057653413905
Q695358	6000000016347048207
Q69536	6000000054877392203
Q695363	6000000016376108930
Q695384	6000000095751026527
Q69541	6000000006727778360
Q69543221	6000000002188552744
Q695468	6000000059786571001
Q695474	6000000002605579554
Q695479	6000000041792495927
Q695489	6000000015065172419
Q69550	6000000018844114084
Q695501	6000000026024084819
Q695530	6000000008379530603
Q69554006	6000000006580586461
Q695549	6000000002249633160
Q695553	6000000012534367513
Q695569	6000000037518573904
Q69557	6000000009851724374
Q69557526	6000000011687089849
Q695576	6000000013717865167
Q69557860	6000000011687333527
Q69558749	6000000020982380348
Q69558838	6000000017160018828
Q6955980	6000000013948729327
Q695608	6000000001738237647
Q6956144	6000000038777741826
Q69562	6000000180303390833
Q69562246	6000000019359297578
Q69562986	6000000019359571001
Q695653	6000000145231138831
Q69566	6000000022516539434
Q695672	6000000024793019151
Q695675	6000000081964001214
Q695717	6000000093412356264
Q6957179	6000000049837090104
Q695730	6000000180863545854
Q69574	6000000138999850463
Q695744	6000000071948266912
Q6957460	287140913220001917
Q69574773	6000000060609693052
Q695748	6000000016963193064
Q695755	6000000025414414164
Q695762	6000000008319552989
Q6957774	6000000077784474848
Q6957775	6000000016516041726
Q69578	6000000037009368242
Q6957815	6000000077770010601
Q69579052	6000000001375087558
Q695804	6000000008689005800
Q695815	6000000050825375104
Q6958238	6000000004955785096
Q695839	6000000006198950774
Q6958468	6000000085016607997
Q695853	6000000147053805583
Q695854	6000000000348993084
Q695861	6000000141068927834
Q6958649	6000000003101552172
Q695875	6000000121660661993
Q695886	6000000035387841233
Q695901	5562537212110065050
Q6959069	6000000032935316613
Q695929	6000000014139171805
Q695932	6000000025079536631
Q695938	6000000023696769044
Q695944	6000000001570922640
Q695970	6000000017797975610
Q695996	6000000034887669180
Q696000	6000000082252404825
Q696011	6000000037152747547
Q696036	6000000002188416126
Q696039	6000000004122582036
Q696040	6000000003446636393
Q6960402	4802560320830041832
Q6960436	6000000027343059606
Q6960514	6000000032120789885
Q696052	6000000013019666469
Q696055	6000000142886398971
Q69606088	6000000147781925841
Q696064	6000000019330734369
Q6960751	6000000079254476123
Q696086	6000000109119603014
Q6961217	6000000009946650125
Q6961306	6000000009652156451
Q6961359	6000000010304873918
Q6961400	6000000013722508027
Q696150	6000000040992964536
Q6961607	6000000007418237802
Q6961715	6000000013246755761
Q6961744	6000000018740608048
Q6961757	6000000146317136919
Q69618	6000000006127682109
Q6962174	6000000027329846391
Q6962176	6000000002152962458
Q6962179	6000000001254866178
Q6962211	6000000010612208657
Q6962237	6000000031877735075
Q69624406	6000000083187414052
Q6962576	6000000018214943874
Q6962638	6000000033578163606
Q6962642	6000000033955085885
Q6962679	6000000178223207824
Q6962689	6000000006718872723
Q6962713	6000000003627922626
Q6962725	6000000039017220934
Q6962775	6000000004872514878
Q6962785	6000000011493135106
Q6962795	6000000009580596735
Q6962831	6000000180509888840
Q6962865	6000000024402599894
Q6962879	6000000011127183001
Q6962937	6000000000134247678
Q6962958	6000000064586875960
Q6962998	6000000178156413822
Q696306	6000000069456645478
Q6963107	6000000070710847543
Q6963124	6000000010505469031
Q6963162	6000000007796060333
Q6963162	6000000039193404274
Q696343	6000000163758576867
Q696347	6000000080004152848
Q6963801	6000000069317521297
Q6963807	6000000036962031330
Q6963813	6000000142021673999
Q6963925	6000000017469061170
Q6963926	6000000184436843821
Q696443	6000000007810359369
Q69645	6000000064365233836
Q696465	6000000023449110163
Q6964682	6000000023835507435
Q696473	6000000169074306008
Q6964734	6000000002799062208
Q6964870	6000000021209477110
Q6964871	6000000000774749044
Q6964872	6000000001926390513
Q6964932	6000000017162802523
Q69649522	6000000015812080354
Q6965023	6000000012429393723
Q69651	6000000002765065916
Q696523	6000000010963173843
Q69652494	6000000007329775003
Q69654333	6000000006580474650
Q696549	4879321607850132582
Q6965560	6000000006769361026
Q6965625	6000000031911668845
Q6965629	4612288273270078491
Q696577	6000000001335774968
Q69658673	6000000004325837339
Q6965890	6000000063130698829
Q69659468	6000000025913265950
Q696599	6000000181039002842
Q6966052	3898747
Q696614	6000000002003962516
Q6966356	6000000166939029825
Q696637	6000000015329698167
Q69664	6000000031788977921
Q696666	6000000054755650821
Q69667126	6000000006822523185
Q69667608	6000000006822544192
Q696691	6000000067007547918
Q696692	6000000003595610384
Q696700	6000000025457739793
Q69670193	6000000013649451236
Q69670905	6000000013816963240
Q69671203	6000000014155297054
Q696720	6000000109255095212
Q69672248	6000000006284828023
Q696726	6000000019733461299
Q696734	6000000001009256177
Q696744	6000000140230928821
Q6967447	6000000015926131926
Q6967511	6000000002594597723
Q696763	6000000165689707861
Q696774	6000000082554935953
Q696778	6000000015853735422
Q696782	6000000015663704744
Q6968070	6000000020190563920
Q6968174	6000000013080496952
Q6968207	6000000014170150897
Q6968208	6000000008353131111
Q6968293	6000000014211650581
Q696832	6000000084769994868
Q6968340	6000000183963532835
Q6968502	6000000003493024813
Q6968508	6000000180527176826
Q696857	6000000155864226824
Q6968828	6000000002438120994
Q6968836	6000000178792989867
Q6968855	6000000181111949832
Q6968887	6000000042702006155
Q6968901	6000000007168059651
Q6968970	6000000013064045984
Q6968998	6000000015737801786
Q6969013	6000000017844085471
Q6969016	6000000015593183548
Q6969017	6000000002304406497
Q6969024	6000000150634971120
Q6969044	6000000077589214498
Q6969056	6000000052131070827
Q6969057	6000000125630939109
Q6969077	6000000007534969871
Q6969099	6000000001356826356
Q6969118	6000000014405753022
Q6969175	6000000010865350680
Q6969177	6000000017119964530
Q6969237	6000000026051393741
Q6969267	6000000007821300515
Q6969279	6000000094461501856
Q6969292	6000000060731612903
Q6969294	6000000000710429913
Q6969319	6000000190840575835
Q6969320	6000000020501429653
Q6969320	6000000020598522916
Q6969348	6000000015025915982
Q6969383	6000000003939481017
Q6969392	6000000001378029620
Q6969412	6000000040574409980
Q6969415	6000000000882123137
Q6969435	6000000026868437378
Q6969453	6000000006768871466
Q6969469	6000000052206070934
Q6969470	6000000013869965111
Q6969471	6000000011415737589
Q6969471	6000000021438494179
Q6969472	6000000046177009107
Q6969475	6000000017091433393
Q6969480	6000000148726849195
Q6969482	6000000001509048659
Q6969487	6000000022587597571
Q6969488	5708159950940028868
Q6969491	6000000020006908288
Q6969495	6000000014394311198
Q6969498	6000000020114768145
Q6969501	6000000010456475737
Q6969504	6000000012556205789
Q6969528	6000000091702033849
Q6969539	6000000080005733904
Q6969544	6000000024194948554
Q6969548	6000000001690010640
Q6969550	6000000039519009333
Q6969557	6000000011812748719
Q6969563	6000000018217089066
Q6969565	6000000015957624798
Q696957	6000000018774893087
Q6969573	6000000073370987932
Q6969589	6000000051563488821
Q6969606	6000000016755681787
Q6969610	6000000004027671966
Q6969613	6000000183587598885
Q6969615	6000000002704122087
Q6969624	6000000058872869975
Q6969626	5211200763980089789
Q6969632	6000000001387142120
Q6969638	6000000003101803042
Q6969643	6000000000071160075
Q6969648	6000000011321592451
Q6969649	6000000012512994855
Q6969661	6000000003076377640
Q6969680	6000000000882557473
Q6969684	6000000045524432959
Q6969687	6000000012002740776
Q6969688	6000000024120574688
Q6969694	6000000012795767560
Q6969701	6000000018475302609
Q6969704	6000000001489793286
Q6969705	6000000013043128737
Q6969708	6000000009016873284
Q6969725	6000000150002848821
Q6969727	6000000007812107476
Q6969729	6000000018290088883
Q6969733	6000000014837581975
Q6969747	6000000182291757835
Q6969754	6000000041318565023
Q6969756	6000000012836758119
Q69697682	6000000004594308460
Q6969784	6000000039106152334
Q6969789	6000000158313946887
Q6969801	5260660156010110460
Q6969802	6000000035629432275
Q6969805	6000000034830818432
Q6969808	6000000002642399766
Q6969815	6000000017867689295
Q6969823	6000000001550288200
Q6969829	6000000007454863435
Q6969832	6000000001727096476
Q6969839	6000000023524517870
Q6969846	6000000014225025932
Q6969850	6000000017191056882
Q6969853	6000000029119064228
Q6969871	6000000002950545629
Q6969879	6000000023688454880
Q6969882	6000000002968689568
Q6969891	6000000012943195297
Q6969894	6000000001830736323
Q6969903	6000000023794243168
Q6969911	6000000004077619286
Q6969916	6000000006762266338
Q6969922	6000000076900488349
Q6969929	6000000131521256855
Q6969933	6000000005422955728
Q6969938	6000000007068040703
Q6969941	6000000018165839530
Q6970275	6000000002388843966
Q697055	6000000036831895824
Q69707	6000000018908834622
Q697096	6000000010769354495
Q697100	6000000018495992038
Q697110	6000000011393026518
Q697125	6000000140999409825
Q697131	6000000017026107846
Q6971395	6000000030956900177
Q6971437	6000000010190395778
Q6971664	6000000104507899910
Q69720	6000000013669247155
Q697200	6000000092107679281
Q697259	6000000037729790564
Q697274	6000000166572868455
Q6973368	6000000035724800828
Q697357	6000000038072961892
Q6973621	6000000029593194297
Q697383	6000000142885460908
Q697409	6000000012653347804
Q697412	6000000075386006821
Q69741361	6000000012556982592
Q69741530	6000000033170047793
Q6974169	6000000012898694042
Q6974480	6000000006298707395
Q6974591	6000000013591129552
Q697471	6000000068430601826
Q69748	6000000021332969131
Q697499	6000000025954896034
Q697535	6000000075508854877
Q6975448	6000000168924549071
Q69755	6000000102912244872
Q697553	6000000074727302369
Q69755534	6000000000436954597
Q69755534	6000000039403119607
Q697562	6000000014128473048
Q69756235	6000000002615292232
Q697567	6000000074747203990
Q69756781	6000000000436954608
Q697571	6000000075503616877
Q697597	6000000143193859948
Q69760575	6000000007374077870
Q697636	6000000069971247187
Q697647	6000000081126481602
Q69765063	6000000016804137486
Q69770	6000000081062667338
Q6977068	6000000002278474725
Q6977107	6000000031253326057
Q697716	6000000074247156833
Q6977252	322852785790004274
Q697758	6000000015870248978
Q69776	6000000019731663446
Q697765	6000000060255010036
Q697780	6000000008202658980
Q697783	6000000007432636827
Q697786	6000000017373839709
Q697799	6000000011423324807
Q697816	6000000140183169540
Q697818	6000000002673590305
Q69782	6000000055452616950
Q6978222	3418788
Q69783208	6000000005777964588
Q697834	6000000006945827705
Q697839	6000000017423029718
Q6978395	6000000003683692888
Q697850	6000000016951477465
Q697863	6000000074090467919
Q697867	6000000090988859822
Q69787886	6000000015707960353
Q6978874	6000000014923582356
Q697888	6000000080135684399
Q69788818	6000000002166198144
Q6979120	6000000009304519146
Q6979293	6000000037130096554
Q69796	6000000026745911437
Q697963	6000000003572237326
Q69796883	6000000111905794868
Q69796913	6000000070446961863
Q69798427	6000000017957786967
Q69798704	6000000013694872289
Q697996	6000000070780873860
Q698005	6000000022219801903
Q698043	6000000016522403686
Q698051	6000000002188374713
Q698065	6000000009797282415
Q698066	6000000178351595863
Q6980746	6000000013206940357
Q6980778	6000000000995586258
Q698083	6000000021581775674
Q6980832	6000000031919248970
Q69808332	6000000172406897911
Q69809	6000000101639167879
Q698102	6000000008260951961
Q69811220	6000000033096303108
Q69811236	6000000013461647291
Q698118	5068572954690061719
Q6981236	6000000180938978834
Q6981249	6000000003381382726
Q6981310	6000000176926759849
Q698136	6000000019634084411
Q6981367	6000000000762274657
Q6981444	6000000005013705841
Q6981454	6000000003653072546
Q698146	6000000053201897951
Q69814887	6000000083941891953
Q698149	6000000002207357788
Q69815811	6000000016249740383
Q698173	6000000179200522859
Q69818540	6000000001154635119
Q698190	6000000075398964865
Q69820	6000000090021984914
Q698200	6000000072080559860
Q698211	6000000031985259884
Q698212	6000000074790189888
Q6982194	6000000002085871678
Q69822325	6000000017343934392
Q69823081	6000000016294250079
Q69825	6000000105924149060
Q6982733	352174203560012900
Q6982807	6000000003603603765
Q698304	6000000091247569366
Q698305	6000000034893768481
Q69831244	6000000019479109168
Q69831632	6000000013271245526
Q6983335	6000000082429074892
Q6983351	6000000006151459107
Q698341	6000000000234314127
Q698353	6000000010764096053
Q698358	6000000079046896869
Q6984037	6000000066975390996
Q698406	6000000173519399340
Q6984070	6000000177257877853
Q698411	6000000008834610450
Q6984183	6000000012685262294
Q698436	6000000184924440836
Q698444	6000000143946040837
Q698453	6000000031619341316
Q6984557	6000000010375142641
Q6984850	6000000003963965347
Q6984873	6000000003070405130
Q6985298	6000000018290064653
Q698543	6000000074792494924
Q69856	6000000045994298840
Q698576	6000000074751392823
Q698592	6000000015210369244
Q6985952	6000000011897428215
Q6985998	6000000173553423975
Q69860245	6000000012199917480
Q6986049	6000000012781974722
Q69860493	6000000013649040775
Q698607	6000000022405539753
Q6986070	6000000166268165821
Q6986091	6000000037749413849
Q69861389	6000000013691592536
Q69862	4939088932860069666
Q6986296	6000000157619766827
Q69865	6000000025832924692
Q698651	6000000007112062100
Q6986702	6000000026744255771
Q6986710	6000000156642316840
Q698672	6000000015520062854
Q6986802	6000000166381802884
Q6986921	6000000166192923073
Q6986939	6000000006885698067
Q6986956	6000000026518527972
Q698709	6000000016831039059
Q698714	6000000035267169419
Q6987683	6000000086662141930
Q698775	6000000047087772235
Q6987799	6000000140148244904
Q69878	6000000049941311055
Q6987805	6000000022921785257
Q6987807	6000000029382423962
Q6987813	6000000022934173409
Q6987834	6000000022929945031
Q69878607	6000000021790309301
Q698801	6000000070585841845
Q698808	6000000027876032519
Q698819	6000000086418349869
Q698824	6000000040897130797
Q6988284	6000000052100700206
Q6988334	6000000016756667118
Q69883383	6000000006725473077
Q6988459	6000000009999711649
Q698846	6000000011250077200
Q69885122	6000000042125172086
Q69888085	6000000060661598833
Q6988852	6000000030569063823
Q6988917	6000000137535987557
Q698907	6000000035420089452
Q6989077	6000000024402492390
Q698917	6000000017033156121
Q6989174	6000000005749880402
Q698922	6000000179395567828
Q6989263	6000000068838981232
Q69893850	6000000000839119117
Q69894	6000000038020767960
Q6989468	6000000129467491309
Q69894739	6000000001504659577
Q6989570	6000000014274098106
Q6989672	6000000007407059516
Q6989760	6000000177084092864
Q698977	6000000014051946310
Q698984	6000000012471621938
Q698984	6000000190047717715
Q69899880	6000000176628275867
Q69900085	6000000066089034935
Q6990072	6000000002810149803
Q6990102	6000000004670676288
Q6990137	6000000018773001457
Q6990157	6000000025941220502
Q699022	4059470140230070263
Q6990286	6000000033030002741
Q6990295	6000000015319513082
Q6990343	6000000059046938251
Q699038	6000000060200716979
Q69904035	6000000040057488889
Q6990541	6000000179689293845
Q6990617	6000000014874715522
Q6990670	6000000008915926164
Q6990679	6000000026425322663
Q6990685	6000000026648341274
Q6990692	6000000107580634848
Q699071	6000000051950542237
Q6990747	6000000074818404823
Q69907519	6000000018901518922
Q69907726	6000000050546974877
Q6990836	328317968960005504
Q699085	6000000078578155436
Q6990955	6000000015546861974
Q69910	6000000003375499380
Q6991173	4165748
Q69912906	6000000027262034515
Q699130	6000000077783365033
Q69916	6000000005599137755
Q6992240	6000000001620854256
Q699241	6000000003353290621
Q69926598	6000000177040000881
Q699266	6000000074725335071
Q699288	6000000026781859831
Q69929	6000000002188425924
Q699326	6000000025229336944
Q699354	6000000090835837833
Q6993554	6000000007416351759
Q6993660	6000000006299566083
Q699376	6000000084993989097
Q6993777	6000000166405599116
Q69938948	6000000205151338898
Q699410	6000000008830915967
Q699435	6000000075508659967
Q699444	6000000019782857079
Q69944878	6000000021632420813
Q6994663	6000000002782163796
Q699476	6000000010132625047
Q69947831	6000000171768825268
Q699481	6000000000307247354
Q699485	6000000074787452200
Q6995041	6000000050330096090
Q69950727	6000000001140897878
Q6995278	6000000164910913113
Q699541	6000000017535877111
Q699547	6000000014327620594
Q699565	6000000021866098372
Q699571	6000000030413204387
Q699597	6000000015774229303
Q6996164	6000000008477254467
Q699617	6000000015975700089
Q699619	6000000180593326919
Q69962	4241552010090078820
Q699627	6000000011626643918
Q699639	6000000075060976856
Q69964882	5293592086110123832
Q699652	6000000018717629095
Q6996539	6000000003676821913
Q699664	6000000075061575830
Q699674	6000000030569873176
Q69970	6000000004236943383
Q699701	6000000016648741586
Q699702	6000000010712931458
Q6997282	6000000016207818874
Q69973701	5293593967580029483
Q699738	6000000005598912788
Q699743	6000000005599062963
Q699748	389458683580006431
Q69975	6000000003827359314
Q6997558	6000000048437858084
Q699761	6000000020957976058
Q69979080	6000000041973303707
Q69980	6000000053561390833
Q6998032	6000000078919181182
Q699844	6000000071278085989
Q699861	6000000150919502041
Q6998671	6000000012431648483
Q6998707	6000000084770337866
Q699890	6000000113487491942
Q699895	6000000178297484827
Q699899	6000000142706985834
Q699900	6000000017798576568
Q69990180	6000000049936650140
Q699903	6000000044397492177
Q699916	6000000002188436725
Q69994	6000000078893925064
Q6999424	6000000143550071875
Q6999543	6000000141073158981
Q6999649	6000000069645917860
Q699970	6000000040161512544
Q6999716	6000000068375101832
Q6999759	6000000010572015223
Q69998415	6000000009925576529
Q69999	6000000011449349457
Q6999943	6000000178555647859
Q7000070	6000000145220388842
Q70001305	6000000000470045336
Q7000209	6000000177540740945
Q7000212	6000000152213283871
Q7000289	6000000165981004910
Q7000535	6000000002619603001
Q7000547	6000000163842018822
Q700057	6000000002240844355
Q7000586	6000000008637840677
Q70006	6000000006869146455
Q700060	6000000007329544150
Q700068	6000000074790709864
Q70006884	6000000042349824552
Q70007	6000000136975456881
Q70007091	6000000103186335859
Q70007289	6000000103185393245
Q700073	6000000016338275485
Q7000880	6000000151124274028
Q700090	6000000030259714820
Q7000941	6000000002515126091
Q7000970	6000000025579705878
Q70010478	6000000002116112148
Q70010489	6000000015822408016
Q700105	6000000080340323276
Q70011	6000000039053947742
Q70011434	6000000013362293536
Q70011506	357359
Q70011676	6000000010757491108
Q70011831	3729176
Q70011932	3729311
Q700136	6000000014537212445
Q7001410	6000000057578766904
Q7001495	6000000172942950628
Q7001604	6000000140774903824
Q7001736	6000000071888672903
Q700178	6000000044583596939
Q700179	6000000009797419358
Q7001817	6000000008962334317
Q7001902	6000000137847068823
Q7001963	6000000013899580798
Q7001970	6000000156206829878
Q7001989	6000000145523651827
Q7002006	6000000024949647167
Q700213	6000000032106365519
Q70022995	6000000037885513195
Q7002361	6000000166883935008
Q7002372	6000000167112380857
Q7002434	6000000174153909982
Q7002686	6000000156830272861
Q7002742	6000000145758182124
Q700284	6000000074768344947
Q700292	6000000009671203114
Q7003070	6000000008672303520
Q7003181	6000000141939391826
Q7003221	4507365725600024602
Q700325	6000000013883013871
Q7003278	6000000110567506633
Q700333	6000000075508457974
Q7003457	6000000046365122950
Q70038240	6000000016294081413
Q7004130	6000000002857874649
Q7004173	6000000001389799056
Q7004205	6000000090587515835
Q700425	6000000001479974048
Q700437	6000000001707613192
Q70045	6000000010886482840
Q7004589	6000000026023967791
Q7004690	6000000013424681961
Q7004730	6000000058122300247
Q7004775	6000000003931767347
Q7004865	6000000027229146543
Q7004875	3724946
Q700518	6000000015751462609
Q700564	6000000004183452849
Q700576	6000000130544660928
Q70058293	6000000019300710024
Q700589	6000000025610389780
Q70058971	6000000041455224948
Q70060	6000000154331347828
Q7006297	6000000047967346277
Q700644	6000000002188424784
Q7006635	6000000011813646381
Q70070342	6000000033506534138
Q70071	6000000017421940188
Q700720	6000000024644672465
Q700724	6000000013504562716
Q7007247	6000000017016171792
Q70074152	6000000116525448854
Q70075669	6000000079388355827
Q700771	6000000014426721238
Q700779	6000000013373748252
Q700791	6000000004225503056
Q700797	6000000015436761192
Q7007977	6000000002302923575
Q700804	6000000120712190827
Q70087	6000000081130397963
Q700898	6000000032738643658
Q700903	6000000012663567836
Q700909	6000000074696594840
Q70091	6000000010923284444
Q700941	6000000003657085355
Q700956	6000000163453847048
Q700975	6000000002600721566
Q700979	6000000041857017987
Q70098	6000000078644376333
Q70099193	6000000179679879854
Q70102	6000000037599781104
Q7010454	4382317209620076142
Q701048	6000000009698505616
Q701051	6000000056815739328
Q701078	6000000092821855879
Q701085	6000000002188416737
Q701087	6000000002188429456
Q701093	6000000006101344917
Q701095	379750621230012941
Q701099	6000000002902436790
Q701103	4280402990090033752
Q701104	6000000012529454501
Q70114	6000000016505412057
Q70114913	6000000019481730943
Q701150	6000000179460206879
Q70115674	6000000044225829254
Q70116	6000000023236323594
Q70116036	6000000008992215697
Q70119933	6000000040325306137
Q701205	6000000091180737871
Q701232	6000000014278311305
Q701257	6000000039242146217
Q70127965	6000000061913011210
Q701302	6000000075344511058
Q701318	6000000075326818859
Q701326	6000000074733219824
Q701339	6000000014482555823
Q70136	6000000114504756842
Q70137082	6000000048246364881
Q70138	6000000000961695057
Q701387	6000000061176660553
Q70140	6000000002802339766
Q7014447	5198521639910062066
Q701445	6000000075326843342
Q701480	6000000074731916485
Q701498	6000000089977317014
Q701503	6000000012592375027
Q701504	6000000040173014735
Q701515	6000000069757606229
Q70153	6000000020607515725
Q701534	6000000074738047202
Q701539	6000000074753151851
Q701541	6000000001781378451
Q701556	6000000075334853990
Q701559	6000000027793598129
Q701575	6000000009753596091
Q701587	6000000115547562878
Q7015920	6000000156884994869
Q701601	6000000020344668835
Q7016380	6000000023329486937
Q70163878	6000000013184786916
Q701640	6000000057548758887
Q701669	6000000001360681905
Q7016991	6000000000674089364
Q7017007	6000000002802743142
Q701713	6000000074734980966
Q701714	6000000021237871289
Q701723	6000000000632033547
Q7017368	6000000212106634849
Q701741	371353522060013055
Q701743	6000000019965895087
Q701792	6000000019155909370
Q7017968	323862676250006430
Q701798	6000000014064182465
Q7018446	6000000089861832854
Q7018456	6000000122215172848
Q7018876	6000000006241084157
Q7018893	6000000002764852742
Q701926	4825525352520052756
Q7019327	6000000009201709903
Q701952	6000000167390132852
Q701960	6000000173432723033
Q701968	6000000081090507821
Q701972	6000000008692140861
Q7019953	6000000056729804187
Q70200	6000000002764677188
Q7020121	6000000097190748956
Q702016	6000000013792055998
Q7020219	319667969530002238
Q7020232	6000000150631306832
Q7020238	6000000012438709285
Q702024	6000000013806744368
Q7020287	6000000001572131439
Q70203191	6000000010974081699
Q7020353	6000000176540083852
Q7020395	6000000015162792675
Q7020456	6000000004091752635
Q70205821	6000000022601876889
Q70205959	6000000022601473680
Q70206182	6000000074084450587
Q70206283	6000000074801462536
Q70206957	6000000006127550680
Q70206992	6000000008510164238
Q70207028	4705575120530123991
Q7020791	6000000024950096830
Q702090	6000000002188429448
Q7020964	6000000041758913899
Q70212925	6000000001804685633
Q70213	6000000016359139707
Q70213132	6000000007322059330
Q70213908	6000000017798542549
Q7021424	6000000002904419589
Q70215	6000000172620384937
Q702158	6000000019098693499
Q70219571	6000000003999950053
Q702198	6000000016492017517
Q7021994	6000000013272863706
Q70220	6000000022347710224
Q702209	6000000003858815852
Q70225844	3243905
Q70226326	6000000001570552501
Q702272	6000000180943020880
Q70227852	6000000054194955088
Q7022906	6000000012846185231
Q7022929	6000000016335450160
Q7022971	716234
Q702306	6000000050737754036
Q70233	6000000034738450773
Q70233755	6000000168674653045
Q7023464	6000000075326488414
Q70238701	6000000002765880276
Q70238932	6000000002765880269
Q70241285	6000000007385844017
Q7024130	4482678165480129884
Q70242725	6000000006270223001
Q702428	6000000031478550658
Q70244	6000000002188450440
Q702468	6000000014408565250
Q702473	6000000003918042229
Q70248954	6000000145956282924
Q70249	6000000015128576328
Q7024935	6000000005024264629
Q7024997	6000000022588384737
Q7025023	6000000008563912210
Q7025032	6000000013370685665
Q7025033	6000000004047277433
Q7025038	6000000017856928266
Q7025068	6000000010514987830
Q7025087	6000000035209117138
Q70250903	6000000137822308842
Q70250912	6000000135577460942
Q70250928	6000000040530033031
Q70251	6000000086741229088
Q70251158	6000000009069933389
Q7025120	6000000006762519061
Q7025121	6000000009393682743
Q7025125	6000000024501459883
Q7025130	6000000016040199519
Q70251721	6000000013601909347
Q7025188	6000000005598831030
Q70251968	6000000050503730333
Q70252115	6000000187613558870
Q70252280	6000000020545451407
Q70252385	6000000003234511169
Q70252746	6000000010667683401
Q70252840	6000000151727686862
Q7025321	6000000177763558922
Q70253361	6000000178334331827
Q7025352	6000000031506176223
Q7025396	6000000018069632529
Q7025416	6000000015321047586
Q7025423	6000000023526232468
Q7025432	6000000057005964877
Q7025436	6000000002809314537
Q70254542	6000000169576382918
Q70254608	6000000086874611896
Q7025470	303089726290001091
Q70254968	6000000012812150571
Q7025504	6000000022228509403
Q7025565	6000000012136175496
Q7025584	6000000017648348083
Q7025707	6000000056231189866
Q7025755	6000000013389696527
Q7025782	6000000013344671983
Q7025796	6000000013374564896
Q7025797	6000000001678746949
Q70258	6000000030900051106
Q7025805	6000000006277277723
Q7025841	6000000178363478861
Q7025958	6000000000461709313
Q7026007	6000000022846250105
Q7026038	6000000010073233022
Q7026073	319430653710004103
Q7026124	6000000002115911068
Q7026134	6000000027852836054
Q7026230	6000000001926040313
Q7026240	6000000018172902025
Q7026331	6000000006602672827
Q7026340	6000000000484542729
Q7026368	6000000022587570309
Q7026434	6000000006444632887
Q7026457	6000000179210552828
Q7026476	6000000002931618963
Q7026497	6000000001031773747
Q702651	6000000076904001188
Q702668	5062396647720020024
Q7026704	6000000116824301881
Q7026750	6000000007086105548
Q702678	6000000081266396933
Q70270	6000000086650808954
Q7027005	6000000041609463571
Q7027299	6000000061118840965
Q7027478	6000000163576357855
Q7027480	6000000182075189870
Q702749	6000000000051806643
Q7027538	6000000079262889221
Q7027621	1092982
Q7027787	6000000023855263115
Q702835	6000000016230057096
Q702841	6000000013710254688
Q7028486	6000000127146946853
Q7028565	6000000018867363378
Q70286	6000000120609044867
Q7028910	6000000012442715224
Q7028935	6000000055818390843
Q70289903	6000000010925127128
Q7029321	6000000008743240885
Q7029378	6000000003219898626
Q7029382	6000000002738196331
Q7029397	6000000000106506274
Q70295036	6000000006284506228
Q7029528	6000000014541200134
Q7029534	6000000145937749164
Q7029558	6000000015747431385
Q70295772	6000000023001926163
Q7029735	6000000009124632669
Q7029826	6000000204482304821
Q7029877	6000000002764523527
Q7029958	6000000182084704833
Q70300	6000000039199853338
Q7030174	6000000009411965463
Q7030286	6000000006165721515
Q7030341	6000000007016027855
Q7030359	6000000022673266911
Q70309	6000000018678090223
Q703091	6000000019285120258
Q7030941	6000000049079273876
Q70314	6000000026866345620
Q7031420	909328
Q7031464	6000000042965816082
Q7031467	6000000008281585809
Q7031470	6000000007099071640
Q7031475	6000000016384233929
Q7031479	306493401460007149
Q7031504	6000000003902823032
Q7031517	6000000165619511035
Q7031524	6000000003261839284
Q7031582	6000000012209599115
Q7031589	6000000003859123865
Q7031591	6000000008340939776
Q70318	6000000021457037501
Q7032340	6000000010913316286
Q703236	6000000083271848299
Q7032378	6000000028427860958
Q7032381	6000000005688379004
Q70324	6000000181037246891
Q7032403	6000000031767775272
Q7032446	6000000042486517378
Q7032450	6000000002188612170
Q70326	6000000031370200998
Q703278	6000000046686082975
Q703279	6000000003958968521
Q703303	6000000076305430028
Q703307	6000000003736800545
Q703328	6000000075061158005
Q703330	6000000180168731851
Q70335	6000000035631739741
Q703369	6000000021319116401
Q70337	6000000035109369731
Q703370	6000000124297052855
Q703377	6000000085567824871
Q70338811	6000000115345975824
Q7033887	6000000139386748864
Q703423	6000000000307244449
Q703427	6000000021794937408
Q703429	6000000156765380823
Q7034445	6000000049600081527
Q7034586	6000000015732761530
Q7034616	6000000006333598572
Q70346281	6000000002188424930
Q70350	6000000026829262871
Q7035023	6000000007361952426
Q7035061	6000000183274210836
Q7035079	6000000004588342085
Q70352	6000000008709978532
Q7035226	6000000033267972473
Q7035249	6000000008597652824
Q703531	6000000014692437157
Q703538	6000000184267201863
Q703549	6000000145759332844
Q7035491	6000000008165885228
Q70356	6000000041049673827
Q7035612	6000000004198479059
Q70356753	6000000009034914382
Q703569	6000000135119654855
Q7035699	6000000179692310821
Q7035781	6000000077489671342
Q7035860	6000000024568717451
Q7035864	6000000008848927399
Q703588	6000000105798052000
Q7035927	6000000077856617847
Q703611	6000000112878483101
Q7036159	6000000026026387586
Q703624	4109891
Q703639	6000000075377324863
Q7036393	6000000040063725914
Q703642	6000000013382265431
Q7037044	6000000042732571768
Q70372	6000000019419797114
Q7037201	6000000005607672582
Q7037217	6000000002464718055
Q7037220	6000000003068873066
Q7037226	6000000006127417413
Q703723	6000000034119944735
Q7037237	6000000001482600901
Q7037242	6000000005441141248
Q7037263	6000000014419014260
Q7037268	6000000013951823609
Q7037270	6000000004648694386
Q7037290	6000000020574562201
Q7037332	6000000015040266637
Q7037353	6000000011257620871
Q7037379	6000000005441200988
Q7037388	6000000014910837815
Q70374	6000000069545592937
Q703740	6000000057163932836
Q7037405	6000000019917903561
Q7037435	6000000007274249328
Q7037438	6000000053997283956
Q7037443	6000000003383890544
Q7037452	4085737513370051084
Q703750	6000000166885957887
Q703754	6000000137537030859
Q70375707	6000000077496596561
Q703759	6000000029139336367
Q703780	6000000003219072992
Q7037842	6000000040821812355
Q7037878	6000000019149061240
Q7037890	6000000148888531836
Q7037935	4870818235940028440
Q7037977	6000000020340486614
Q7038071	6000000007287023916
Q7038136	6000000010492474087
Q7038163	6000000056432793186
Q7038470	6000000011953092998
Q70386767	6000000006828452884
Q70387067	6000000006828522603
Q7038809	6000000023685892860
Q703882	6000000016793958650
Q703908	6000000026189882610
Q703925	6000000003216089360
Q7039273	6000000032676888244
Q703935	6000000005438491975
Q70394	5697649007920124141
Q703951	6000000078492613955
Q70396	6000000015907988519
Q703963	6000000018922904650
Q703968	6000000020975271224
Q703973	6000000062905425400
Q70398294	6000000002906886022
Q7039833	6000000002595002472
Q7039986	379234894230012517
Q70400	6000000180657923822
Q704005	6000000037473946239
Q704026	6000000020584119313
Q704059	6000000008557862283
Q704066	5699436199970135193
Q70407257	6000000020962194199
Q7040755	6000000040100662111
Q7040908	6000000006987060061
Q7040917	6000000001524552684
Q7040988	6000000200776920852
Q7041017	6000000005921659281
Q7041179	6000000042039893270
Q7041180	6000000110062526891
Q704139	6000000045886897053
Q70415	6000000014745997243
Q7041689	6000000084219272014
Q704169	6000000151463280872
Q704178	6000000003309293163
Q7041924	365036105600013017
Q70419603	6000000011845691220
Q704208	5406593868500113571
Q704225	6000000088139535846
Q704227	6000000034343448015
Q70423	6000000157672009951
Q70423	6000000226189671877
Q704238	6000000166007528876
Q704244	6000000006729081319
Q70425763	6000000011844513431
Q704265	6000000014101666627
Q704305	4767511370480073221
Q704310	6000000000632003699
Q704332	6000000003243582035
Q704340	6000000091701108978
Q70435	6000000023473198069
Q704355	6000000030304859099
Q70436191	6000000013699922205
Q704364	6000000064129674974
Q704368	6000000018536927867
Q7043884	323511023230006387
Q70439	6000000107448620316
Q704395	6000000177762918844
Q704399	6000000032560853074
Q70443	6000000113541208179
Q704433	6000000006930251084
Q70444020	6000000005439244360
Q70445	6000000084317660892
Q7044697	6000000000348784773
Q70447006	6000000105508110882
Q704473	6000000097620922308
Q70447628	6000000182825518902
Q704489	6000000000307282446
Q704501	6000000007605843256
Q70450361	6000000025137464330
Q704506	6000000003771707643
Q70451427	6000000010188926403
Q704516	6000000030004370151
Q704521	6000000026096099523
Q7045291	6000000009496056564
Q7045295	6000000013302210444
Q704534	6000000179898210821
Q704535	6000000003581827139
Q70453543	6000000000136020817
Q7045357	6000000035215568573
Q7045381	6000000012664909440
Q7045441	6000000003017394984
Q7045446	6000000077314359979
Q704552	6000000002802355466
Q7045572	6000000004641788514
Q7045611	6000000029010980694
Q70456207	6000000001423518466
Q704572	6000000098481616881
Q7045814	6000000002774344223
Q704601	5666878796980087771
Q704607	6000000013330945442
Q704611	6000000123216875195
Q704616	6000000011945258637
Q704619	6000000074789870105
Q704620	6000000025243799833
Q7046220	6000000016487222916
Q704645	6000000019177339869
Q70464798	6000000002188461794
Q704671	6000000016417015586
Q704673	6000000074746049896
Q70468	6000000025070271757
Q704681	6000000137646710841
Q70469223	6000000035086499273
Q7046928	6000000024772362247
Q7046945	6000000170019355659
Q7046991	6000000035379963821
Q7047166	6000000013516914804
Q7047190	6000000092577428302
Q7047218	6000000105409404877
Q7047260	6000000000117049962
Q704735	6000000075406419943
Q70474175	6000000006435794263
Q7047511	4257414055880051472
Q704759	6000000024917670119
Q704763	6000000008714553680
Q704777	6000000145003895854
Q70478	6000000015751687920
Q70478102	328301744600005549
Q704783	6000000179359145860
Q70478645	6000000034789931690
Q70478812	328303716570005530
Q704792	6000000151400354845
Q704809	6000000014451728760
Q7048137	6000000020457776004
Q70482685	6000000061712637947
Q7048319	6000000007297796269
Q704835	6000000015030285183
Q704836	6000000014902240862
Q7048464	6000000004331684178
Q70485349	6000000006608695001
Q704860	6000000011692772719
Q704868	6000000013163900921
Q704881	6000000079422749216
Q704893	6000000017562628392
Q704910	6000000074726934772
Q7049111	6000000013885473696
Q704917	6000000079353499851
Q704926	6000000031683190253
Q704931	6000000017853789888
Q7049373	6000000001227881018
Q704938	6000000011886210571
Q704939	6000000003918003834
Q7049410	6000000115632137937
Q704954	6000000007049203742
Q7049549	6000000005370427034
Q704970	6000000030383710886
Q704992	6000000014812029943
Q704995	6000000033367293461
Q7050077	6000000081451338864
Q7050162	6000000012862474270
Q7050204	6000000015716945234
Q705022	6000000007357582251
Q7050221	6000000027470961222
Q7050227	6000000081021597319
Q705048	6000000006845373628
Q705058	6000000026791369324
Q7050710	6000000132307304881
Q7050738	359671751080011165
Q705081	6000000179251323857
Q705103	6000000021413670816
Q70512	6000000007062696095
Q705120	6000000000707719940
Q7051558	6000000023754551046
Q705162	6000000163422921029
Q705163	6000000080714859988
Q7051657	6000000031900597848
Q705176	6000000006444214534
Q7051917	6000000002789971986
Q7051963	6000000007782209843
Q705199	6000000016114733117
Q7052025	6000000079116501922
Q7052051	6000000015782147995
Q7052136	6000000003327772404
Q7052147	6000000171798623828
Q7052186	6000000001692535253
Q7052188	6000000195598535821
Q7052196	6000000041456463554
Q7052232	6000000168365527849
Q7052295	6000000014157250486
Q7052297	6000000051848471241
Q7052302	6000000021293851873
Q7052306	6000000073620635387
Q7052323	6000000045197033867
Q7052360	6000000005433581923
Q705245	6000000195223651823
Q7052481	6000000015396193620
Q7052542	6000000003891387005
Q7052555	6000000007017799745
Q7052556	6000000006607778109
Q7052562	6000000040187609203
Q7052590	6000000006713051666
Q7052603	6000000039431643371
Q7052644	6000000071548769982
Q70527	6000000180125433828
Q705270	6000000059595740857
Q7052769	6000000001520751280
Q705282	6000000009784490676
Q7052841	6000000018123792835
Q7052990	6000000027361104641
Q70530	6000000060643774842
Q7053020	6000000030329413878
Q705308	6000000081317820558
Q7053083	6000000059867854861
Q705311	6000000000046313487
Q7053120	6000000038651180245
Q70531592	6000000077024246018
Q70532	6000000041234277140
Q705322	6000000075770468936
Q70532428	6000000002624679835
Q7053314	6000000145889088827
Q705333	6000000020367705430
Q70534	6000000021473160993
Q705340	6000000025591372722
Q705354	6000000027843962140
Q705358	6000000003827359120
Q70536	6000000011193955037
Q7053758	6000000033190439699
Q70538	6000000015606493721
Q705399	6000000046292578906
Q705400	6000000019983126539
Q705408	6000000019985631076
Q70542	6000000009719561670
Q705427	6000000008913671046
Q7054454	6000000025818654179
Q7054514	6000000018675988049
Q705460	6000000060492769898
Q705472	6000000035343357374
Q705482	6000000027181617280
Q70549274	6000000204248117093
Q705498	6000000016324552618
Q705500	6000000028376313556
Q7055067	6000000001421958561
Q705507	6000000059905599861
Q7055084	6000000013972471851
Q7055095	6000000009508673126
Q7055179	6000000022629009990
Q705525	6000000041148213522
Q70554	6000000013076256515
Q705550	6000000072903120986
Q705567	6000000022721948982
Q705577	6000000075482199143
Q70560	6000000041030248906
Q70561437	6000000003159585694
Q705624	6000000043025685106
Q705628	6000000026273467897
Q705630	6000000029199809665
Q7056343	6000000025792576593
Q705658	6000000016552652858
Q705659	6000000018118506224
Q705697	6000000002447223736
Q705708	6000000063628644064
Q7057128	6000000086733509197
Q705722	6000000103470716002
Q705738	6000000003177038494
Q705748	6000000057750955154
Q705753	6000000065503315070
Q705772	6000000041406213967
Q7057796	6000000081552103068
Q705791	6000000017564278350
Q705803	6000000015423632851
Q705823	6000000082846333903
Q7058233	6000000027149783617
Q705841	6000000000906120862
Q705843	6000000017513165551
Q7058461	6000000008532085198
Q705852	6000000151110072945
Q70585209	6000000077654339235
Q7058793	6000000077891077451
Q705892	6000000073306990966
Q70590	6000000000628797008
Q7059050	6000000003134037854
Q705922	6000000003273354385
Q70593	6000000022489140944
Q705954	6000000019057261566
Q705956	6000000029340004976
Q70596	6000000004097614533
Q705971	6000000015749103188
Q705972	6000000019329403095
Q705984	6000000020934715735
Q70599	6000000002188370460
Q706007	6000000014814855082
Q706020	6000000027176160459
Q706024	6000000088138158848
Q7060279	6000000032506740399
Q706034	6000000011136879377
Q70604	6000000031815506903
Q7060665	4596807117710064752
Q706069	6000000002188612947
Q706071	6000000010143601441
Q7060741	6000000008744444790
Q7060754	6000000042103614929
Q706076	6000000021553037051
Q706082	6000000040680187635
Q706087	6000000166881685836
Q706093	6000000180618149946
Q706100	6000000002651985801
Q7061193	6000000036648703862
Q706123	6000000096440401858
Q70612601	6000000002188374212
Q70612864	6000000138094427992
Q706143	6000000039983363364
Q706147	6000000073200229054
Q7061496	6000000013235653407
Q7061623	6000000069860178855
Q7061648	6000000013282786451
Q706165	6000000066170370874
Q706168	6000000075244064286
Q706172	6000000013041985521
Q706175	6000000029815548778
Q706178	6000000030959972178
Q70618	6000000022816211598
Q706189	5241546171340065657
Q7061928	6000000008458340548
Q706197	6000000031416643693
Q706214	6000000049404405834
Q7062257	4369473
Q706231	6000000013144025597
Q706235	6000000163643425834
Q706248	6000000012621152460
Q706267	6000000011843429260
Q7062707	6000000011956154047
Q706295	6000000080743169046
Q7063075	6000000000319642616
Q7063198	6000000040065092859
Q70632	323488943050002573
Q706324	6000000012737342413
Q7063273	6000000032972956251
Q706335	6000000032019299502
Q706347	6000000012851723324
Q7063489	6000000074791205250
Q706358	6000000036842518034
Q706363	4844113074870018459
Q706375	6000000036365898293
Q7063915	6000000002764921055
Q706405	6000000029855059699
Q706406	6000000026187543641
Q706411	6000000013883562166
Q706417	6000000030596131014
Q7064185	6000000044396500281
Q706422	6000000006724636608
Q7064463	6000000002675871294
Q706451	6000000077515344913
Q7064579	6000000061752324263
Q706459	6000000010060296628
Q706462	6000000021278578102
Q706463	6000000013184069938
Q7064640	381682427890012306
Q706467	6000000027324473873
Q706477	6000000018122129551
Q7064938	6000000178404309825
Q706504	6000000089433329831
Q706518	6000000175951736846
Q706526	6000000072176863104
Q7065346	6000000007760768217
Q706542	6000000007481520876
Q7065428	6000000087342966999
Q706548	6000000121606363877
Q706549	6000000033478737902
Q706555	6000000029917566962
Q706560	6000000004379510143
Q706565	6000000092453268924
Q706566	6000000053099932169
Q706577	6000000174914041889
Q706579	6000000067276445825
Q706585	6000000145547128838
Q706591	6000000106714072827
Q7065913	6000000000923686064
Q706593	6000000184225479824
Q706602	6000000035006071383
Q706613	6000000020838368794
Q706619	6000000000033344579
Q7066233	6000000001374249412
Q706658	6000000020215751015
Q7066597	387341487660005638
Q7066605	6000000006350217018
Q706661	6000000027742529514
Q7066638	6000000077999991320
Q706666	6000000017315249956
Q706668	6000000021345083862
Q706669	6000000026378259211
Q706672	3941144434610037234
Q706683	6000000003221312465
Q706689	6000000140728350879
Q70670	6000000021476602821
Q7067000	6000000025661494332
Q7067221	6000000040053085032
Q706734	6000000008840075576
Q7067493	6000000003551893025
Q7067499	6000000023056437506
Q706753	6000000014180018662
Q706771	364657686310013854
Q706779	6000000038237996290
Q70678	6000000175807720844
Q7067829	6000000011276125046
Q706784	6000000075326673369
Q706792	6000000075343965311
Q7068	6000000020611115546
Q70680508	6000000011128132316
Q70680834	6000000016453064131
Q7068129	6000000026188017252
Q706815	6000000038201294534
Q70681897	4442179164560017415
Q706826	6000000080806133923
Q706837	6000000044185814821
Q706842	6000000177594207835
Q706861	6000000074691592112
Q7068627	6000000158641664828
Q706867	6000000025755472614
Q706869	6000000009542894708
Q706879	6000000012653564770
Q706881	6000000003500055340
Q706883	6000000075406323850
Q706889	6000000010355119520
Q706891	6000000014026178389
Q706898	6000000070263345607
Q7069142	6000000018373818181
Q70691622	6000000018213160730
Q706927	6000000075326786873
Q7069352	6000000074791664953
Q7069358	6000000074791874835
Q7069368	6000000074791887821
Q7069369	6000000074791690971
Q7069397	6000000074791817849
Q7069401	6000000074791173351
Q7069404	6000000074791523050
Q7069420	6000000074791841891
Q7069433	6000000074791919830
Q7069436	6000000074791819956
Q7069442	6000000074791788899
Q7069447	6000000074791664992
Q70698068	6000000009315691060
Q706983	6000000009684516757
Q706993	6000000028042645296
Q70700	6000000003827359350
Q7070145	6000000074306044943
Q707025	6000000027886837855
Q707029	6000000006375415030
Q70703	6000000039996711999
Q707032	6000000119124752023
Q707055	6000000177504466895
Q70707	6000000177400107880
Q7070763	6000000074791898821
Q707079	6000000031377182452
Q70708166	6000000021277306162
Q7070839	6000000074791576068
Q7071	6000000007512818128
Q707106	6000000077139510172
Q707111	6000000181933902822
Q707116	6000000009286489808
Q707137	6000000149662966828
Q7071370	6000000083542105616
Q707143	6000000000324789349
Q707146	6000000075326724041
Q707148	6000000141064390839
Q707154	6000000003273354395
Q707159	6000000011871121240
Q707178	6000000004240023887
Q707186	6000000012336445462
Q7071874	6000000014417541701
Q7071897	5457127925390042578
Q707192	6000000003051295021
Q707201	6000000047361407066
Q7072015	6000000016315171219
Q707215	6000000006101344808
Q7072194	6000000074791589998
Q70723	6000000035040305070
Q707306	6000000007859703828
Q707310	6000000044245384832
Q707316	6000000004157131510
Q70737	6000000177334234902
Q707374	6000000016603374874
Q7073844	6000000024684027133
Q70740157	6000000009856152294
Q7074064	6000000033132615361
Q70741328	6000000013137545725
Q707422	6000000037996269027
Q707432	6000000018478517458
Q707440	6000000022686469396
Q707455	6000000025945112600
Q7074558	6000000033275615092
Q7074563	6000000003615106271
Q7074685	6000000004190746490
Q707476	6000000002776605978
Q7074818	6000000018666420148
Q7074819	6000000003604861053
Q707498	6000000001398290180
Q707511	348322934460012649
Q707528	6000000036506403069
Q7075330	291376926200006864
Q707554	6000000007863059344
Q707558	6000000012609124206
Q707569	6000000017640099458
Q707580	6000000137666849839
Q707581	6000000003492201868
Q707594	6000000019150485686
Q70760	323484712110004248
Q707617	6000000016445531068
Q707621	6000000007862920055
Q7076252	6000000002459862872
Q70763	6000000002322291596
Q70764	6000000025754924057
Q707647	6000000013136542529
Q7076677	6000000010811130721
Q707676	6000000050954922098
Q7076764	6000000006358942381
Q7076766	6000000008427525403
Q7076784	6000000020653179087
Q70768	6000000008093605411
Q7076827	6000000047803639848
Q7076829	6000000148737858850
Q7076834	6000000011544694356
Q7076837	6000000008883534714
Q7076843	6000000015777374703
Q7076845	6000000016576237840
Q7076848	6000000057047983221
Q7076849	6000000187414113842
Q70769	6000000002188466959
Q707695	6000000008302701871
Q70771	6000000013343445800
Q707716	6000000014883177675
Q707724	6000000143327975886
Q7077381	6000000014282438341
Q7077385	6000000049213871154
Q707739	6000000015131628228
Q7077396	6000000009514457741
Q707750	6000000015258773677
Q7077515	6000000006798333646
Q7077517	6000000176494124645
Q7077549	6000000006705926238
Q707756	6000000074726317893
Q70776	6000000001504571422
Q707760	6000000012838228481
Q707773	6000000097529165041
Q70778	6000000016242773144
Q7077807	6000000063002208895
Q707785	6000000027943363968
Q707787	6000000008535527563
Q7077886	6000000002188458134
Q707804	6000000153653661822
Q70781	6000000010219010525
Q707811	6000000014346901626
Q70781705	6000000019341317101
Q707825	6000000041147108112
Q707838	6000000017816324854
Q7078391	6000000037643938809
Q707840	6000000158044516846
Q707845	6000000025965531152
Q7078539	6000000001440174438
Q70786155	6000000013059792429
Q70786705	6000000003195650729
Q70786930	6000000079034889905
Q707875	6000000074787988921
Q70788	6000000178655650830
Q707889	6000000000063280683
Q707911	6000000166878316213
Q707915	6000000069773518821
Q70792	6000000010383126347
Q707924	6000000103184912008
Q707932	6000000035006468311
Q707945	6000000025030408165
Q70795	6000000020933665248
Q707954	6000000046718506317
Q707974	6000000002343730662
Q70798	6000000024697874074
Q7079909	6000000016933504848
Q7079920	6000000022305709003
Q7079929	6000000000602840250
Q7079932	1681866
Q7079945	6000000001889498476
Q707999	6000000029572573879
Q70800	6000000012886013501
Q708002	6000000019748621081
Q708007	6000000100403820120
Q7080096	6000000001306295239
Q708024	6000000017945637867
Q708028	6000000141043013849
Q708034	6000000014452550358
Q708039	6000000017748636350
Q70804	6000000022148547985
Q708049	6000000056471578922
Q70805	6000000037139645208
Q708057	6000000056378206899
Q70806178	6000000027487418416
Q708072	6000000179665704839
Q708073	6000000080806769831
Q708099	6000000074758673174
Q708108	6000000075325768822
Q70812	6000000181992806840
Q708123	6000000081710312923
Q708140	6000000000879441803
Q708144	6000000119413483878
Q708153	6000000090699761156
Q708164	334311541860005476
Q708175	6000000002144303917
Q70818	6000000013245791414
Q708192	6000000013952915263
Q7081993	4029837678000011123
Q70820	6000000001500239587
Q708209	6000000151403402858
Q70823	6000000040971135129
Q708238	6000000119344477831
Q70824	6000000165620061895
Q708241	6000000187236594888
Q708251	6000000008394181447
Q708255	4400627632100028020
Q708256	6000000147740502834
Q708265	6000000003627976814
Q708284	6000000011524588167
Q7082852	6000000006421222021
Q7082860	6000000024502922760
Q7082866	6000000006328936949
Q7082884	6000000013806632600
Q7082905	6000000000637332757
Q7082926	6000000040383191889
Q7082934	6000000008054308018
Q7082937	6000000014588029721
Q7082939	6000000011984408305
Q7082941	6000000006900318100
Q7082967	6000000001753015834
Q7082973	6000000003172180411
Q7082977	6000000015165484143
Q7082979	6000000034324393313
Q7082983	6000000178469621822
Q7082995	6000000037209342983
Q7082998	6000000016187180297
Q7082999	6000000011994894457
Q708300	6000000000227532017
Q7083008	6000000074824509178
Q708302	6000000013535745648
Q7083048	6000000024320446083
Q708308	6000000078246502536
Q7083141	6000000044470388122
Q7083144	6000000182080260016
Q7083152	6000000003362704713
Q7083156	6000000039493313268
Q7083161	6000000010298301760
Q7083162	6000000011468549127
Q7083190	6000000014938686534
Q7083198	6000000014477416540
Q708320	6000000076194003840
Q70832128	6000000196250646849
Q7083213	6000000169296126852
Q7083216	6000000012420445675
Q7083218	6000000008033009768
Q7083232	6000000001668621170
Q7083237	6000000003362704914
Q7083244	6000000178891228829
Q7083251	6000000021439315935
Q7083252	6000000018011234025
Q708333	6000000036649953222
Q708334	6000000107469459974
Q70833673	6000000000440776109
Q70834	6000000031332187243
Q70834209	6000000000440536895
Q708347	6000000075346538848
Q7083474	6000000012941089376
Q70835	6000000106824254825
Q708351	6000000018718948612
Q708354	6000000074728895858
Q708359	6000000050556612468
Q708360	6000000074768592833
Q708371	6000000069776541055
Q70838	6000000015973069048
Q708401	6000000016482187493
Q70840208	6000000016910469894
Q708405	6000000033699168209
Q708414	6000000021280167809
Q70842	6000000037052085762
Q708421	5551762370480105894
Q708422	6000000009377801080
Q7084305	6000000010563277403
Q708470	6000000012652879172
Q708472	6000000082818129901
Q708479	6000000015249071463
Q7085	6000000002437545919
Q70850	6000000001366540381
Q708512	6000000177006847890
Q708515	6000000036789248117
Q708520	6000000081104538277
Q708522	6000000074751436860
Q708525	6000000008285618442
Q708543	6000000063114781950
Q70855	6000000016314649936
Q70855885	6000000219963148823
Q708559	6000000019202327893
Q708563	6000000068365638903
Q70857	6000000015701114388
Q708573	6000000007014397988
Q7085784	6000000014116290033
Q7085785	6000000003745610334
Q7085786	6000000049273520850
Q7085795	6000000010328486907
Q7085796	6000000010358430847
Q7085798	6000000055827841035
Q70858	6000000038079151218
Q7085800	6000000006918993767
Q7085801	6000000042108308761
Q7085803	6000000018058910906
Q7085804	6000000033547061374
Q7085807	6000000033547102420
Q7085821	6000000032479838813
Q7085824	6000000001827568500
Q7085825	6000000057833819822
Q7085831	6000000009120415204
Q7085844	6000000209331879949
Q7085847	6000000016527293156
Q7085852	6000000020485355859
Q7085854	6000000023183851992
Q7085857	6000000024154117477
Q7085858	6000000006888337281
Q7085859	6000000002722421834
Q70858658	6000000052199513305
Q7085866	6000000016473061649
Q7085875	6000000049800941829
Q7085879	6000000007276916105
Q7085881	6000000176609280840
Q7085883	6000000037899668900
Q7085891	6000000040870884971
Q7085895	6000000019575082606
Q70859	6000000002802426685
Q7085904	6000000016652617445
Q7085910	6000000006374856511
Q7085918	6000000006420103676
Q7085919	6000000005099793358
Q7085922	6000000001503587544
Q7085926	6000000002665663187
Q708593	6000000040362119801
Q7085937	6000000011403062079
Q7085938	6000000028624814259
Q708594	6000000041229228253
Q7085949	6000000010268928462
Q708595	6000000088098730851
Q7085950	6000000014101315006
Q7085956	6000000042376022218
Q708603	6000000020316258941
Q708607	6000000023908905951
Q7086152	6000000132149352841
Q708622	6000000180615921856
Q708637	6000000038107074640
Q70864	6000000028062839074
Q708644	6000000049502574905
Q7086473	6000000022160178495
Q7086474	6000000008177074013
Q708648	6000000041877928680
Q7086483	6000000026890242608
Q7086545	6000000062938241991
Q7086550	6000000034306682694
Q708656	6000000000250643222
Q708665	6000000037133998168
Q708666	6000000010626400594
Q7086695	6000000009350939106
Q7086736	6000000009217793209
Q708680	6000000140177023932
Q7086876	4929655338500088334
Q7086882	6000000009544754056
Q70869	6000000043374916976
Q7086909	6000000084673308560
Q7086914	6000000012899785822
Q7086918	6000000005227044173
Q70870094	6000000148304786822
Q708704	6000000024024884956
Q7087112	6000000000727149435
Q7087145	5097277262620053894
Q7087146	6000000028067803487
Q7087148	6000000033379428191
Q7087169	6000000025114794940
Q7087183	6000000012978152561
Q7087184	6000000009958804599
Q70872	6000000084504351922
Q7087202	6000000115162100174
Q7087222	6000000017595183532
Q708727	6000000175537925868
Q70873	6000000016596553665
Q70873154	6000000040494535271
Q7087387	6000000029641221290
Q70874210	4574140899900026568
Q7087425	6000000010394358530
Q70874345	6000000050892852898
Q7087436	6000000006032276006
Q708746	6000000023086458893
Q7087466	6000000014170829205
Q7087468	6000000018940936980
Q7087471	6000000010967511150
Q7087481	6000000075894300404
Q7087491	6000000000986532126
Q70875	6000000042388072336
Q7087502	6000000039679565239
Q7087505	6000000012732358275
Q7087507	6000000007417606203
Q7087510	4362969843380061856
Q7087513	6000000012687067333
Q7087525	6000000034469596498
Q708753	6000000028893468718
Q7087531	6000000027128774215
Q7087537	6000000078169904983
Q7087568	6000000007418711015
Q7087583	6000000042899700159
Q7087588	6000000015735684134
Q7087590	6000000015363641121
Q7087619	6000000013271127585
Q7087628	6000000104555706355
Q7087642	6000000004871062470
Q7087647	6000000015865429885
Q7087669	6000000047819520724
Q7087670	6000000010904570485
Q7087674	6000000022383321192
Q7087675	6000000015732275444
Q7087688	6000000183432894850
Q7087706	6000000027105424582
Q7087710	6000000033792566722
Q7087742	6000000004078757493
Q7087751	6000000020010847989
Q7087756	6000000019109211459
Q708776	6000000015207911420
Q7087769	6000000010894968128
Q708777	6000000185631493868
Q7087777	6000000000171342496
Q7087798	6000000051557428033
Q708780	6000000004335743489
Q708784	6000000016302121138
Q7087840	6000000003523997552
Q7087845	6000000006444428539
Q7087846	6000000016781083200
Q7087849	6000000010945715894
Q7087859	6000000011693766066
Q708788	6000000024005374270
Q7087940	6000000026751671516
Q708795	6000000026741206242
Q7087956	6000000007048955427
Q708797	6000000064942655095
Q70880	5429702008350110018
Q7088024	6000000026067433499
Q70880354	6000000187475132826
Q708804	6000000112337375011
Q7088045	6000000079074437841
Q7088046	6000000002898218454
Q7088070	6000000003123062282
Q7088088	6000000051252055969
Q7088095	6000000056991464927
Q708819	6000000033305194187
Q708824	6000000050897771948
Q7088380	381790909450012284
Q7088388	6000000044544960085
Q7088390	6000000001229010933
Q70884	6000000104894578019
Q708843	6000000012087962772
Q708845	6000000001070518141
Q7088489	6000000011330370756
Q70885	6000000007185537241
Q708853	5206002628960127528
Q708867	6000000017552320043
Q70887	6000000001504723592
Q708874	6000000002322350605
Q7088797	6000000002338650705
Q70888	6000000031341228898
Q7088803	6000000025014260389
Q7088805	6000000025004997321
Q7088808	6000000012715560280
Q7088814	6000000014902371113
Q7088825	6000000016333364868
Q7088829	6000000000820463860
Q7088897	6000000043700719831
Q7088941	6000000002789067898
Q708900	6000000011626975712
Q708901	6000000002898163577
Q708902	5500581722140131033
Q708904	6000000002799102958
Q708905	6000000174902336366
Q70891	6000000024388586960
Q708910	6000000075407620938
Q708911	6000000006899732352
Q708913	6000000013356001521
Q708914	6000000000664325164
Q708929	6000000027328900879
Q708933	6000000072341237838
Q708934	6000000027167658949
Q708943	6000000181952128852
Q708948	6000000039523401670
Q70895	6000000077016897557
Q708961	6000000011164138223
Q708963	6000000029864028151
Q7089791	6000000012977783328
Q70898	6000000016596689576
Q708980	6000000108838209821
Q7089886	6000000079680671162
Q70899	6000000003538706117
Q709002	6000000001650436056
Q70902073	6000000017669290184
Q709021	6000000032333695836
Q70903	6000000019695732407
Q7090429	6000000141115349841
Q709044	6000000005964151896
Q709049	6000000024865402048
Q70905	6000000000601327813
Q709050	6000000022940944502
Q709064	6000000003131336327
Q709067	6000000181286447901
Q709077	6000000019993200945
Q70908040	6000000013804601239
Q709082	6000000031299284440
Q7091	6000000073049147902
Q70910	6000000018610472222
Q709102	6000000030694053229
Q709118	6000000011478025286
Q709124	6000000001382750693
Q709129	6000000017071747528
Q709133	6000000028336638098
Q709146	6000000075550199438
Q709148	6000000044399181577
Q70914808	6000000014646348388
Q709153	6000000090354075070
Q709161	6000000010874614509
Q709166	6000000047479483004
Q709167	6000000009617695985
Q70917	6000000015908147285
Q709177	6000000055472636892
Q709178	6000000017670189389
Q709189	6000000034606297843
Q709193	6000000003149417345
Q709195	6000000008700253210
Q709197	6000000047446156632
Q709210	6000000075555120870
Q709211	6000000080939177162
Q709215	6000000001058565910
Q709216	6000000075419770994
Q709220	6000000208377832862
Q709227	6000000020053770232
Q709229	6000000007964109166
Q709231	6000000075405040939
Q70924	6000000184844872839
Q709240	6000000059413147878
Q709241	6000000049897548973
Q709258	6000000001482915658
Q70927	6000000009528459213
Q709270	6000000001370083303
Q709271	6000000025694154531
Q709280	6000000016205662621
Q70928459	6000000172843313829
Q709286	6000000072050307622
Q709289	6000000029835678430
Q709300	6000000067080216873
Q709301	6000000028971776366
Q70930859	6000000004583560995
Q70932	6000000002188399665
Q709330	6000000041244020061
Q709339	6000000050900623015
Q709340	6000000004032746971
Q709343	6000000016898969715
Q709345	6000000016508571926
Q709355	6000000015832583662
Q709356	477815
Q709361	6000000002477807592
Q709367	6000000002634401437
Q709368	6000000032999317136
Q709371	6000000043376266363
Q709373	6000000024392210970
Q7093795	6000000005360246002
Q709384	6000000003493822045
Q70940	6000000115155105868
Q709405	6000000020970238907
Q709413	6000000003121123702
Q709419	6000000017970908528
Q70943	6000000023175362612
Q7094390	6000000023853111084
Q7094392	6000000002412951871
Q709453	6000000015310597816
Q709454	6000000003317443762
Q709460	6000000038131726945
Q709463	6000000184389021082
Q709490	6000000018853097677
Q709499	6000000150646197884
Q70950	6000000023700061654
Q709503	6000000010617002758
Q70950406	6000000013581768169
Q709509	6000000015707006110
Q709513	6000000013715124535
Q709516	6000000033409013926
Q70951671	6000000000251849997
Q709522	6000000011945272128
Q709527	6000000024475726628
Q709537	6000000000496076696
Q709548	6000000181946731836
Q709550	6000000075508601828
Q7095551	6000000041063781973
Q70956	6000000145073288823
Q709562	6000000020757405980
Q709578	6000000008734385415
Q709586	6000000074792744837
Q709595	6000000010210442332
Q709610	6000000080939927915
Q709611	6000000009664584305
Q709621	6000000001142619337
Q709641	6000000034834502625
Q709658	6000000124310583828
Q709685	6000000052432128838
Q709706	6000000166769286937
Q70971	6000000006605172561
Q709727	6000000184155596824
Q709735	6000000020624023000
Q709738	6000000037120473460
Q709742	3728599
Q709751	6000000026905766303
Q709752	6000000007932612527
Q709771	6000000026408947461
Q709772	6000000008515567422
Q709780	6000000040213656580
Q709788	6000000008725723491
Q709790	6000000011003625525
Q709825	6000000001818484178
Q709840	6000000026443966013
Q709844	6000000015460707831
Q709853	6000000007923720052
Q70986	6000000085238428948
Q70986264	362681120550012822
Q709870	6000000010800675455
Q70988	6000000011466995245
Q709880	6000000005786683043
Q709890	6000000014119961189
Q709892	6000000014228079519
Q709893	6000000084954622834
Q709899	6000000008605240288
Q7099	6000000002955209515
Q709906	6000000016445437650
Q70991	6000000011604116432
Q709913	6000000092068036821
Q70992	6000000023869788892
Q7099217	6000000028259688785
Q709922	6000000117691180825
Q709930	6000000011963661129
Q709936	6000000151345950007
Q7099438	6000000075118169845
Q709944	6000000008008628169
Q709956	6000000008529638624
Q70996	6000000047317552926
Q709961	6000000015422548463
Q7099655	6000000023159312878
Q70997	6000000002220308447
Q709975	6000000013356016586
Q709977	6000000005394069567
Q709986	6000000042590763563
Q70999	6000000007472260768
Q709990	6000000016226464977
Q709994	6000000022783372048
Q7099963	6000000032606426664
Q709997	6000000017205312208
Q710016	6000000023545158192
Q71002333	6000000006438304438
Q710026	6000000017966866460
Q71003178	6000000006437548181
Q71004	6000000000872451125
Q710057	6000000002965035063
Q71007	6000000082419991876
Q71007406	6000000006743356254
Q71007456	6000000001702887748
Q710080	6000000171058800177
Q710089	6000000140471238849
Q710101	6000000122745471858
Q710106	6000000013260274115
Q71011	6000000003623359886
Q71013	6000000041329985883
Q710132	6000000018212260392
Q710136	6000000013124137786
Q71014	6000000019651827409
Q71015	6000000041300162745
Q7101537	6000000018267661035
Q7101550	6000000007709514624
Q7101555	6000000016014042099
Q710158	6000000000526810793
Q71016	6000000041308511436
Q710166	6000000030656321594
Q710186	6000000041428339010
Q710192	6000000039432931084
Q71020	6000000026245482085
Q71022	6000000030072673387
Q71023	6000000029987537485
Q710231	6000000034472801924
Q710235	6000000095484197864
Q71024	6000000030077520835
Q7102453	6000000074656611225
Q710247	6000000021450430320
Q710258	6000000125239914986
Q71026	6000000180557973855
Q710269	6000000113222237841
Q710270	6000000074685645890
Q7102701	6000000014606135137
Q710276	6000000168838142018
Q7102773	4396769219860122824
Q7102841	6000000200183417913
Q71029	6000000000414033568
Q7103016	6000000013343248504
Q7103041	6000000012965834023
Q7103051	6000000009053707789
Q7103052	6000000003540311339
Q7103054	6000000005693391009
Q7103059	6000000083386755273
Q7103073	6000000039095974689
Q7103098	6000000016476908207
Q71031	6000000024193455883
Q7103138	6000000013835201625
Q710315	6000000080335413287
Q7103189	6000000052149457945
Q710319	6000000027861718516
Q71032	6000000013759425136
Q7103209	6000000002188542704
Q7103216	6000000005065952894
Q7103289	6000000040362788267
Q710331	6000000029861974923
Q7103501	6000000029775207515
Q710365	6000000015520112178
Q710368	6000000109653558966
Q7103716	6000000012449915892
Q710379	6000000151679146992
Q710383	6000000022771959077
Q710392	6000000027413230454
Q7104	6000000020572653243
Q710407	6000000002499123032
Q7104084	655509
Q7104092	6000000074697541825
Q710410	6000000004671778503
Q7104158	6000000009628355630
Q7104158	6000000089204309377
Q7104160	6000000002666797914
Q7104162	6000000048981063849
Q7104172	6000000006767827725
Q710418	6000000021759017888
Q71042	6000000032292886550
Q710430	6000000001255865626
Q710431	6000000013488587395
Q710434	6000000038852020858
Q710439	6000000013343369259
Q710446	6000000024289975257
Q71044841	6000000002367146454
Q710458	6000000017882075229
Q710482	6000000004838088326
Q710496	6000000004183977279
Q710497	6000000007305233590
Q710500	6000000080809982846
Q71052	6000000000635294055
Q7105211	6000000008010843982
Q7105223	6000000043883530855
Q7105229	6000000006103923278
Q7105236	6000000028462096496
Q7105249	6000000104523844847
Q7105250	6000000021622680682
Q7105252	6000000006348720897
Q710526	6000000006788777090
Q710538	6000000027862258814
Q71055	6000000024275614298
Q710559	6000000038119843583
Q710566	6000000037471752236
Q710569	6000000163493891829
Q7105737	6000000005599068996
Q7105754	6000000014874653025
Q7105784	6000000002188470498
Q710580	6000000006822751230
Q7105810	6000000008939702694
Q7105852	6000000037856280937
Q7105914	6000000021083779945
Q7105924	6000000017643673480
Q7105956	6000000012693786619
Q7105975	6000000014874509331
Q7105993	6000000075228471192
Q7106010	6000000075491179462
Q7106014	6000000006101202823
Q7106024	6000000178038358921
Q7106033	6000000007527738230
Q7106034	6000000176153967848
Q71060461	6000000039262060035
Q7106059	6000000017433276234
Q7106069	6000000007282337218
Q7106091	6000000106670912838
Q7106108	6000000015305403089
Q7106109	6000000009636421425
Q7106129	6000000103885572957
Q710619	6000000000050769762
Q71062	6000000002188420379
Q7106227	6000000069506393175
Q7106242	6000000048534923894
Q7106251	6000000099160299177
Q7106253	6000000028428177743
Q7106259	6000000018601993615
Q710627	6000000003887179878
Q7106296	6000000041391442604
Q71063	6000000130271949072
Q7106326	6000000017286920251
Q710650	6000000008550541363
Q7106548	6000000018067946784
Q710677	6000000062999009042
Q7106874	6000000180220722827
Q71069	6000000035087837030
Q7106908	6000000010758312921
Q7106911	6000000085980745834
Q7106918	6000000058325763834
Q7106931	6000000020652007324
Q7106936	6000000025426752907
Q7106941	6000000010036561403
Q7106954	6000000147642871835
Q7106960	6000000004987389203
Q710699	6000000069381438156
Q710721	6000000034473802839
Q7107241	6000000081108889908
Q710731	6000000009562289574
Q710733	6000000002763594431
Q710735	6000000023374540965
Q7107462	6000000007340111451
Q710747	6000000020542695545
Q710748	6000000177216585860
Q710752	6000000013490050776
Q710764	6000000169072012871
Q710776	6000000024669493976
Q7107889	6000000112576828841
Q710797	6000000065354729195
Q7108031	6000000020721589704
Q7108058	6000000001699404899
Q7108101	6000000031077535326
Q7108108	6000000008630278173
Q710811	6000000012827054479
Q7108119	6000000038670436229
Q7108120	6000000015546298537
Q7108126	6000000033170148625
Q7108132	6000000122886649279
Q7108136	6000000036218445061
Q7108154	6000000002188383555
Q7108159	6000000002115872366
Q7108164	6000000021319629499
Q7108196	6000000180283871837
Q71082	6000000029277900983
Q710827	6000000024282847830
Q71085	6000000034429622109
Q710862	6000000022097727292
Q710863	6000000042190826577
Q7108639	6000000017819728102
Q7108640	6000000000924445025
Q7108641	6000000001877548223
Q7108642	6000000010842698295
Q7108704	6000000013394596252
Q7108710	6000000013000018505
Q7108757	6000000003516990479
Q7108767	6000000032692281123
Q7108776	6000000021866751659
Q7108786	2610798
Q7108802	6000000039110835293
Q7108819	6000000024102771918
Q7108835	6000000015250519827
Q71089	6000000023388769025
Q71089180	6000000011626717422
Q7108924	6000000006838863609
Q7108973	6000000017225153557
Q7108989	6000000049258624825
Q7109059	6000000009441430908
Q710906	6000000022814017008
Q7109065	6000000014130693139
Q7109108	6000000043417269328
Q710911	6000000020483891682
Q710916	6000000002921787815
Q7109338	6000000002350242026
Q710944	6000000002599363121
Q710953	6000000016186542578
Q7109541	6000000002786964843
Q7109550	6000000008052131947
Q710956	6000000003761776897
Q7109561	6000000004221502452
Q7109566	6000000076889907333
Q7109567	6000000050526137890
Q7109573	6000000035731613971
Q7109589	6000000130987130953
Q7109590	6000000007651978201
Q7109591	6000000017645204878
Q7109605	6000000014890796384
Q7109609	6000000013620134130
Q7109621	6000000016937427202
Q7109632	6000000212132507836
Q7109642	6000000005491659017
Q7109670	6000000000832828594
Q7109682	6000000002992432394
Q7109687	6000000002672177263
Q710969	6000000007441691486
Q7109692	6000000019573235635
Q7109697	6000000051684892886
Q7109710	6000000206247738864
Q7109711	5338410253550074604
Q7109713	4740696
Q7109718	6000000172903997293
Q7109734	6000000010993430205
Q7109772	6000000010886395673
Q7109836	6000000113064650950
Q710986	6000000004379172677
Q7109867	6000000015701849982
Q710988	6000000081105047660
Q7109889	6000000009522405875
Q7109892	6000000002802236312
Q71099	6000000035916982338
Q7109912	6000000007509971381
Q7109913	6000000021740779292
Q710996	6000000008177057453
Q7110078	348630591710011488
Q711029	6000000008630274848
Q711031	6000000056341990929
Q711045	6000000014092428930
Q7110536	6000000013100593969
Q711055	6000000023782319577
Q71106	6000000176949983823
Q711063	6000000048357212859
Q711071	6000000013122933694
Q711080	6000000012840653581
Q71109	6000000000717487245
Q711095	6000000026079016772
Q711100	6000000037051790075
Q711129	6000000014718119407
Q711132	6000000183196123840
Q711137	6000000077884789865
Q71114136	6000000022549039134
Q71114346	6000000017536354844
Q711149	6000000004170547274
Q711182	6000000172501203935
Q711226	6000000004127543678
Q71123113	6000000013525701412
Q711232	6000000002382676986
Q711243	6000000008594098775
Q711250	6000000173862032214
Q711269	6000000009215135037
Q71127	6000000091854839167
Q71127189	6000000008025382272
Q711278	6000000040839113009
Q711294	6000000014488389427
Q71130	6000000026138078965
Q711302	6000000015750581435
Q711303	6000000007007484165
Q711309	6000000003615170358
Q71131	311643159210008280
Q711318	6000000005368181243
Q711321	6000000031732310378
Q711326	6000000049560184124
Q7113291	6000000020380110362
Q7113295	6000000179951073862
Q7113301	6000000009568393533
Q7113316	4065364013550020984
Q711333	6000000001843182811
Q71133574	6000000187631957823
Q711358	6000000016008281222
Q711364	6000000075327361242
Q711378	6000000014268616028
Q711383	6000000002188011445
Q711391	6000000165979655145
Q711394	6000000024062642437
Q711411	6000000001243012198
Q7114115	6000000007273421728
Q711415	6000000015583144586
Q7114151	6000000025768626583
Q7114158	6000000014874645620
Q711418	6000000075345472901
Q711420	6000000072112061053
Q711423	6000000056944293102
Q711431	6000000030800457868
Q7114381	6000000055872247171
Q7114393	6000000013246131418
Q7114395	6000000123671708013
Q7114405	6000000078932807912
Q7114410	6000000000640015657
Q7114411	6000000000640015607
Q7114422	6000000017054832142
Q7114424	6000000004629907310
Q7114459	6000000028409531950
Q7114480	6000000032537590242
Q7114495	6000000017225053626
Q711452	6000000022184069249
Q7114521	6000000034752412493
Q7114540	6000000019254952651
Q7114546	6000000028744501949
Q7114566	6000000062295117021
Q7114583	6000000061023985852
Q7114604	6000000179290108824
Q7114613	6000000001547692429
Q7114630	6000000062800188821
Q7114714	6000000002480124437
Q7114864	6000000151609283822
Q7114975	6000000076778921667
Q711499	6000000067123647906
Q711506	6000000004565891749
Q71151265	6000000003177983080
Q711521	6000000001900861162
Q71153	6000000088975151845
Q711531	6000000166575997848
Q711547	6000000073629095297
Q711567	6000000002188005762
Q711568	6000000011520146431
Q711569	6000000181930178825
Q711588	6000000011649323477
Q711589	6000000008267841905
Q711591	6000000178892105827
Q711593	6000000023107530822
Q711594	6000000023470502014
Q711596	6000000003076117279
Q711629	6000000013089421280
Q711631	6000000015556623947
Q7116417	6000000020447315653
Q711642	6000000000689094144
Q71164427	6000000013537727037
Q7116452	6000000015683924329
Q711651	6000000005603353122
Q7116567	6000000047985569251
Q711658	6000000012618898061
Q7116689	6000000205044796831
Q711673	6000000120573199826
Q71167916	6000000010626491215
Q711681	6000000143213975979
Q71169	6000000007525809653
Q711697	6000000025185009836
Q7117003	6000000002802560499
Q711701	6000000009639579465
Q711703	6000000027208300200
Q7117193	6000000001357170605
Q7117258	6000000012091956461
Q711727	6000000182121987825
Q7117303	6000000027131209905
Q711731	6000000055038231025
Q711732	6000000010027297080
Q711734	6000000009207060320
Q7117409	6000000006900208494
Q711742	285676629010005089
Q7117449	6000000001304748431
Q711745	6000000096349426145
Q711754	6000000015134603790
Q71176	6000000008115069229
Q711760	6000000010660098873
Q711767	6000000080280650846
Q711778	6000000075406184924
Q711785	6000000024514673053
Q71180856	6000000030708904026
Q711815	6000000074732623120
Q711818	6000000009951206181
Q711818	6000000176143809831
Q711832	6000000036434696996
Q711839	6000000075406254886
Q711844	6000000074699465859
Q711851	6000000002183411601
Q711854	6000000008269897310
Q711867	6000000035446944326
Q711869	6000000015140844346
Q711874	3930971869770036224
Q711880	6000000001385995520
Q711892	6000000017468365498
Q711909	6000000143106770591
Q71191	6000000074745289905
Q711913	6000000058122365229
Q71192	6000000007014445522
Q711921	6000000114749061095
Q711935	6000000012455893156
Q711950	6000000013632814363
Q711954	6000000000595633718
Q71196	6000000008105671271
Q711966	6000000023595819846
Q711977	6000000041390057825
Q711989	6000000019201828133
Q711990	6000000018263892370
Q711992	6000000002503133462
Q711999	6000000158857038823
Q712009	6000000119147148950
Q71201	6000000032810190013
Q712014	6000000021805460669
Q712024	6000000032036424678
Q712025	6000000002336748777
Q712028	6000000029917538824
Q71203	6000000011634790608
Q712035	6000000075915941113
Q712039	6000000166883667577
Q712059	6000000012224519660
Q71206	6000000001433658765
Q712063	6000000005231975356
Q712066	6000000174440098873
Q712071	6000000024943556854
Q712073	6000000145528882881
Q71208	6000000017421645793
Q712082	6000000074720121605
Q712089	6000000015928827026
Q712093	6000000012121350765
Q7120934	6000000018736696044
Q71210	6000000016380250969
Q712109	6000000075406863822
Q712113	6000000074734431863
Q7121271	6000000004372551353
Q712128	6000000017631770038
Q7121337	6000000002802601393
Q712134	6000000034315800130
Q712137	6000000075325183078
Q712139	6000000040047027137
Q7121418	6000000000767972342
Q712146	6000000002619552007
Q7121498	6000000048825745907
Q7121501	6000000127724781914
Q7121513	6000000011095502071
Q712157	6000000012411823794
Q7121582	6000000012533159870
Q712169	6000000024089169533
Q712177	6000000014138229039
Q7121787	6000000052178367134
Q7121797	6000000068903521902
Q71218	6000000024875941269
Q7121872	6000000103018606990
Q7121931	6000000012867715284
Q712197	6000000026996536633
Q712199	6000000076921739612
Q712203	6000000033710649660
Q712221	6000000084180520923
Q712222	6000000040065478207
Q712223	6000000094384901852
Q712224	6000000025872978484
Q712228	6000000057851377921
Q712239	6000000140995617899
Q712240	6000000016662834251
Q712245	6000000065123224853
Q712246	6000000082724034894
Q712251	6000000022248463866
Q712254	6000000024447581419
Q712256	6000000031758885867
Q712298	6000000024725852180
Q712307	5381873893240053641
Q712325	6000000074767443882
Q712332	6000000094884331850
Q712345	6000000074733459894
Q712353	6000000003481266033
Q712359	6000000014239261800
Q71236	6000000001340366085
Q712364	6000000019978045446
Q71237	6000000077515335309
Q712370	6000000041973313166
Q712372	6000000074757757023
Q712376	6000000012871335420
Q71239496	6000000013812801403
Q7124040	6000000002764505197
Q712408	6000000045708624879
Q7124080	6000000143230724966
Q712412	6000000050792860317
Q71241733	6000000000327085231
Q71241819	6000000010801676364
Q71241953	6000000187653984869
Q712425	6000000019356674976
Q71243	6000000000844844958
Q712437	6000000125367994950
Q712440	4837286702900079745
Q712444	6000000003388919143
Q712450	6000000016789202741
Q712454	6000000183034098862
Q712465	6000000002312024018
Q712465	6000000018799773340
Q712468	6000000015177410837
Q712472	6000000001753041930
Q712484	6000000014358542431
Q712489	323074733960005276
Q71251	6000000041310596256
Q71253	6000000021303328774
Q712531	6000000150787941908
Q712542	6000000007426365302
Q712543	6000000134082658853
Q71255	6000000081181476495
Q71256	6000000015135749985
Q712592	6000000110094363831
Q712595	6000000074712519021
Q71260	6000000013349516247
Q7126093	6000000032275302898
Q71263	6000000088033269824
Q7126304	6000000021167586851
Q712641	6000000076692634970
Q712683	6000000020850652419
Q712715	6000000098200237838
Q712718	6000000015880241855
Q71272597	6000000026136625702
Q7127267	6000000063832591908
Q7127439	6000000057719192821
Q712746	6000000011060160755
Q71275	6000000004829488854
Q71275098	6000000024463027779
Q712756	6000000016444290127
Q7127637	6000000021168165923
Q712765	6000000015194691676
Q712788	6000000074757452237
Q712791	6000000015945619585
Q71280	6000000013524347058
Q712803	6000000050272261960
Q712812	6000000042129855508
Q7128223	6000000010581354476
Q7128261	6000000042148925337
Q712848	6000000034095806671
Q712851	6000000021438457233
Q712860	6000000020408364316
Q712869	6000000061406261920
Q7128704	6000000040420933829
Q7128708	6000000003346291139
Q7128761	6000000135622262909
Q7128771	6000000057777400944
Q712878	6000000068370064168
Q7128783	6000000074792966978
Q7128791	6000000026491086214
Q7128800	6000000111255390905
Q7128812	6000000051299450947
Q7128828	6000000057777106010
Q7128831	6000000057777106007
Q7128853	6000000074921654086
Q712889	6000000006101404795
Q7128915	6000000043657713338
Q7128934	6000000018519157978
Q7128945	6000000017877367258
Q7128956	6000000019860014090
Q7128987	6000000052182767166
Q7129012	6000000079098212085
Q7129096	6000000019920706493
Q7129124	6000000020923789644
Q712914	6000000057052176821
Q7129150	6000000017225919248
Q712916	6000000074767783890
Q712923	6000000047143642887
Q7129266	6000000026345804296
Q712928	6000000068873831960
Q712930	6000000024978918172
Q71294	6000000041111145499
Q712941	6000000017664121855
Q712946	6000000015768950699
Q71295424	6000000013644752854
Q712955	6000000042334532198
Q71296092	6000000013643830939
Q712968	6000000034589916368
Q712971	6000000021916761090
Q71297370	6000000013644968531
Q71297760	6000000013638007577
Q712979	6000000002278450231
Q71298891	6000000006437339338
Q712989	6000000022305463489
Q713004	6000000001877493836
Q71301	6000000180610550822
Q713013	6000000074727128158
Q713014	6000000060724372181
Q713017	6000000035787899890
Q713025	6000000063990360821
Q713029	6000000172633263855
Q71303421	1053537
Q71303480	6000000002703568199
Q713040	6000000057700849958
Q713046	6000000080334052129
Q71308	6000000020558431447
Q713081	6000000017389385562
Q71309884	6000000011211935804
Q71310	6000000041035454844
Q71310644	6000000005415223546
Q713108	6000000074751411862
Q71311	6000000053046672095
Q71312734	6000000038172085806
Q71313023	6000000009234682649
Q713132	6000000007047848108
Q713140	6000000166072346826
Q713145	6000000001599759655
Q71315	6000000034585677982
Q713156	6000000009837160271
Q71317	6000000026087993896
Q71317245	6000000021410754800
Q713176	6000000004083046016
Q713183	6000000035106671866
Q713187	6000000019687933028
Q71319	6000000008709815877
Q713192	6000000013083159577
Q713195	6000000006580525302
Q713196	6000000002370580860
Q7132152	6000000010282725212
Q7132154	6000000007067936595
Q7132253	6000000078875947006
Q713226	6000000080480971838
Q713231	6000000010977181173
Q713235	6000000002802906376
Q713243	6000000031029697255
Q713249	6000000012934163873
Q713256	1419109
Q71326	6000000040680020849
Q713265	6000000024222092699
Q713268	6000000144727434910
Q713270	6000000003780962490
Q713271	6000000080278937403
Q713284	6000000016361995858
Q713286	6000000130146740887
Q71332	6000000041014522324
Q713325	6000000011057781785
Q713326	6000000005438458691
Q713335	6000000021213837382
Q71333510	6000000006440304054
Q71334310	6000000148150346836
Q71335	6000000073846695846
Q71337210	6000000021966356019
Q713375	6000000008763510408
Q71337577	6000000025720365208
Q71338959	6000000043050282647
Q713398	6000000017507782374
Q713402	6000000025032483327
Q71341	6000000127811409006
Q713423	6000000012490259663
Q713443	6000000079236628659
Q713451	6000000004097766698
Q713462	6000000063718027872
Q713467	6000000012641623354
Q713468	6000000009590431910
Q71347	6000000033170601484
Q713474	6000000122559316908
Q713479	6000000014427894415
Q71348	6000000027008257698
Q713505	6000000035558867696
Q71351370	6000000006879424217
Q71353	6000000002802349747
Q713539	6000000014663629438
Q71354	6000000039538326396
Q713545	6000000122737344017
Q713552	6000000123938841834
Q713560	6000000074717152838
Q71357	6000000023783492997
Q713570	6000000023545243414
Q7136512	6000000017877228478
Q713658	6000000074707080866
Q7136595	6000000004993081912
Q713668	6000000013914643246
Q713672	6000000012048165369
Q713674	6000000001396502822
Q713692	6000000159110574875
Q7136943	6000000000544399922
Q713705	6000000073736665032
Q71372	6000000014607339824
Q7137312	6000000000795923177
Q7137316	6000000058748791687
Q7137357	6000000151376190882
Q713738	6000000018186689755
Q713749	390307261710005010
Q713760	6000000061335516821
Q7137645	6000000026405040449
Q7137646	6000000017333837880
Q713765	6000000012757645488
Q713770	6000000019858156812
Q713788	6000000175573371833
Q713820	6000000072077034557
Q7138232	6000000000538229289
Q71383	6000000032755026797
Q7138361	6000000024557407650
Q7138397	6000000003887621027
Q7138517	6000000076184359024
Q71386569	6000000006127322428
Q713867	6000000022140326021
Q71386702	6000000010267806494
Q71386789	6000000012057249495
Q71386805	6000000022472882056
Q71387	6000000001131984041
Q71391171	344147500240011548
Q71392027	6000000015563974809
Q713929	6000000181033966970
Q713931	6000000009111843638
Q713935	6000000023853655542
Q713943	6000000084515964985
Q713959	6000000076659841880
Q71396743	6000000008615604611
Q71397125	6000000019459822301
Q71397247	6000000006590082075
Q713974	6000000000572785173
Q71397707	6000000017946870491
Q7139881	6000000027821815719
Q7139960	6000000007541695636
Q713997	6000000020954184240
Q71400031	6000000008279335514
Q7140048	6000000015905391678
Q71402381	6000000048245304879
Q714039	6000000058194310839
Q714044	6000000003022010249
Q71406581	6000000019532247325
Q71406608	6000000010324504312
Q71406710	6000000027645365974
Q71406747	6000000018849962922
Q71406881	6000000022770951819
Q71407	319629316270003297
Q71407169	6000000019748666737
Q71407197	6000000006127564877
Q71407576	6000000048245792979
Q71409819	6000000048245578132
Q71410	6000000050032256919
Q714106	6000000012599153242
Q714113	6000000074711832965
Q714122	6000000145355531851
Q714126	6000000089271616821
Q71412810	292677429760007511
Q71412868	6000000191039316872
Q71412934	6000000011829567918
Q71412966	6000000022554335681
Q71412988	6000000016166301745
Q71413047	6000000019691119179
Q71413051	6000000004974675056
Q71413055	6000000005450342014
Q71413060	6000000001833540464
Q71413914	6000000006437411493
Q71414	6000000044025941423
Q714148	6000000051517102051
Q714164	6000000074749143888
Q7141648	6000000012596980712
Q7141655	6000000002301686412
Q714178	6000000006571377431
Q7141836	6000000003935777290
Q7141837	6000000009461966861
Q7141838	6000000003871826882
Q714185	6000000021124307511
Q7141867	6000000053245194891
Q7141940	6000000043643134272
Q71420434	6000000053643095039
Q71425	6000000026016713415
Q714250	6000000015508251112
Q714261	6000000118182424821
Q714269	6000000039541768981
Q714270	6000000075398037832
Q714276	6000000002765600718
Q714286	6000000008292149189
Q714304	6000000151468366867
Q714310	6000000151024129822
Q71432	6000000011694205367
Q714322	6000000016575286679
Q7143236	6000000000441059122
Q714333	6000000052535416015
Q7143369	6000000010664847903
Q7143380	6000000034367532166
Q71434028	6000000180821859835
Q714341	6000000181914077823
Q7143415	6000000166555246167
Q714361	6000000015886248730
Q7143618	6000000136817734120
Q714362	6000000000628798016
Q714370	6000000087132026880
Q714371	6000000137560777864
Q71438	6000000023615758872
Q714381	6000000114724068212
Q7143859	6000000118584065928
Q71439	6000000090745317834
Q7143911	6000000046247268948
Q714401	6000000015747132829
Q7144011	6000000110569523926
Q714404	6000000014273802190
Q7144051	6000000114038446854
Q714406	6000000057653737844
Q71441020	6000000086834225436
Q71441040	6000000013734250305
Q714418	6000000013530872866
Q71442	6000000062287679044
Q71442193	6000000013745981017
Q714425	6000000016251328120
Q7144390	6000000078420309003
Q714440	6000000071777457171
Q71447	6000000081559850092
Q714475	6000000002378493325
Q714480	6000000002168323316
Q71449	6000000010495509980
Q714490	6000000012667141672
Q7144900	6000000017673583110
Q714510	6000000006361916248
Q714516	6000000048333669993
Q714526	6000000176654655821
Q7145372	6000000002301806045
Q71454372	6000000023496912764
Q7145485	6000000007980320912
Q7145490	6000000035554944028
Q7145583	6000000013425015122
Q7145674	6000000006886285513
Q7145705	6000000177562259822
Q714574	6000000064382467995
Q71457572	6000000002802251707
Q7145767	6000000009675120408
Q714577	6000000074097312020
Q714586	6000000030266548960
Q7145891	6000000040520981474
Q7145975	6000000002078557406
Q714598	6000000063533582917
Q714600	6000000013301074241
Q7146023	6000000017005009014
Q7146030	311821150420001441
Q714604	6000000166275146821
Q7146054	6000000020735881883
Q7146055	6000000041929738891
Q7146090	6000000002637292617
Q71461	6000000027817461959
Q7146106	6000000009532647969
Q7146154	6000000028284642799
Q7146168	6000000000926192314
Q71461731	6000000000871075029
Q7146195	6000000000860991577
Q71462	6000000175021429881
Q714620	1661883
Q7146203	6000000017765296659
Q7146212	6000000018889139517
Q7146231	6000000009635579049
Q7146245	4515899102790036536
Q7146257	6000000079239765827
Q7146291	6000000030149968373
Q7146295	6000000180054713861
Q7146302	6000000151687305021
Q7146319	6000000180445876841
Q7146485	6000000013237024346
Q7146529	6000000011331566703
Q7146561	6000000015260113271
Q71466	6000000006339732376
Q7146600	6000000006290219369
Q714661	6000000015179286373
Q7146673	6000000014539447878
Q7146679	6000000002637222615
Q7146692	6000000006893547474
Q7146755	6000000020925286274
Q7146766	6000000038025829449
Q7146786	6000000021766661224
Q7146847	6000000015773219355
Q714685	6000000012077321193
Q714686	6000000013826629314
Q7146989	6000000079189744313
Q7147014	6000000002764325018
Q7147037	6000000000150683650
Q7147044	6000000002187931915
Q7147047	6000000003714091671
Q714709	6000000001625812623
Q71472	6000000109107266011
Q7147271	6000000012471853487
Q714728	6000000069541555946
Q7147309	6000000048247388015
Q7147311	6000000035514192123
Q7147314	6000000013632176107
Q7147421	6000000063019685860
Q7147460	6000000012657377079
Q714747	6000000065067207947
Q714748	6000000035591529145
Q71474995	6000000151947471824
Q71475060	6000000151947339821
Q7147519	6000000005749989894
Q7147569	6000000005560170033
Q7147576	6000000033032346397
Q714758	6000000024337319649
Q714759	6000000035612824416
Q71476	6000000019883228296
Q7147631	6000000031311426827
Q714765	6000000046738473056
Q714768	6000000015360717101
Q7147687	6000000175780116063
Q7147783	6000000011118210821
Q7147784	5155634809430121728
Q714780	6000000001570250622
Q7147813	6000000019207147165
Q7147839	6000000055074818866
Q7147847	6000000023089967149
Q7147854	6000000021967456255
Q714787	6000000016578655225
Q71479	6000000012788901536
Q7147955	6000000071415492032
Q714803	6000000001777399343
Q714824	6000000012828835435
Q7148277	6000000012666954936
Q714839	4577488242690078154
Q71484	6000000034960757191
Q7148440	6000000011691714338
Q71484787	6000000058195610006
Q7148495	6000000031528101794
Q7148568	6000000026290918214
Q7148584	6000000178565859865
Q714864	5524129492980075870
Q714880	6000000015850809030
Q714884	6000000081567447022
Q7148950	6000000033132048511
Q7148974	6000000089864587831
Q7149037	6000000083795033945
Q7149045	6000000018752039228
Q714909	6000000016188362850
Q71491	6000000013529737298
Q7149146	6000000016546259646
Q7149156	4224587568730044885
Q7149244	6000000014322056846
Q714925	6000000011082501802
Q7149253	6000000080463975903
Q714926	6000000011855729473
Q7149338	6000000078382872464
Q7149388	6000000147796434950
Q714942	6000000008620079776
Q7149495	6000000017842567014
Q7149507	6000000007293267463
Q714956	6000000033985913908
Q714960	6000000006873543151
Q7149641	6000000010916763396
Q714967	318539364040006971
Q7149714	6000000016429125766
Q714972	6000000029530302975
Q7149729	6000000022541246825
Q714981	6000000016594426704
Q7149831	6000000013113210848
Q7149835	5035461941750077150
Q7149861	6000000140045177995
Q7149884	6000000015651611805
Q71499	6000000072325375846
Q714994	6000000018327949444
Q7149960	6000000026521410324
Q7149969	6000000077818281602
Q715004	6000000003645908805
Q7150049	6000000023786617145
Q7150076	6000000184222223882
Q7150077	6000000008935212044
Q7150118	6000000076886560882
Q7150180	6000000014670257040
Q7150198	6000000013640755835
Q7150218	6000000001353539008
Q7150240	6000000010103648011
Q715027	6000000014177063892
Q7150365	6000000076907427932
Q7150372	6000000032296004509
Q7150388	6000000017466972081
Q7150408	6000000003375882793
Q715043	6000000127101084981
Q7150455	6000000183256305832
Q715048	6000000009130536890
Q715049	6000000023050716989
Q7150504	6000000003515861642
Q715051	6000000002115875750
Q7150523	6000000025467913523
Q715054	6000000029009625891
Q7150572	6000000038826550881
Q715058	6000000035509933349
Q7150610	6000000006028153011
Q715063	6000000011229354572
Q7150684	6000000011833079408
Q7150719	6000000045821859907
Q715072	6000000050795803285
Q7150730	6000000038795781833
Q7150740	6000000013682148269
Q7150747	6000000002314166797
Q7150854	6000000000157888907
Q7150897	6000000016749123269
Q715090	6000000071713299416
Q7151074	6000000015579949097
Q715115	6000000012450808741
Q7151241	6000000010515729231
Q7151262	6000000007352406399
Q715127	6000000033237141454
Q715128	6000000008569123090
Q715129	6000000016404674712
Q7151452	6000000010131842045
Q715146	6000000143249450829
Q7151504	6000000125899704923
Q7151510	3952358142590052741
Q7151515	6000000018069184474
Q7151539	6000000115971819832
Q715155	6000000054932584175
Q715156	6000000026587929732
Q7151579	6000000006340332375
Q715163	6000000018370407393
Q7151660	6000000036156882985
Q715167	6000000035459202010
Q7151671	6000000042152522457
Q715169	6000000000523807875
Q715175	6000000040284409403
Q715176	6000000015363458041
Q7151819	6000000021248987872
Q7151828	6000000010800327874
Q7151874	6000000014361438229
Q7151888	6000000068446181861
Q7152003	6000000032399206552
Q7152008	4893421025140071351
Q71520324	6000000013175175617
Q7152119	6000000074081131087
Q715216	6000000166906754287
Q7152240	6000000025490191920
Q715225	6000000002188005800
Q7152290	4820512888120127495
Q715230	6000000003446557531
Q715232	6000000090834139882
Q715243	6000000007453144969
Q7152500	6000000032636924659
Q7152663	6000000073059701870
Q71526810	6000000005436732556
Q715270	6000000000733882326
Q7152708	6000000086573373897
Q7152764	6000000054820524027
Q7152778	6000000014726433578
Q715280	6000000032226607480
Q71529	6000000008740683306
Q7152908	6000000114329598929
Q7152909	6000000015198018734
Q7152923	6000000077100655374
Q7152925	6000000011746978917
Q7152926	6000000083309287026
Q7152973	6000000020343123268
Q7153036	6000000016793274157
Q7153186	6000000088020618971
Q715324	6000000035524881803
Q7153240	6000000086832676039
Q7153245	6000000011579501959
Q71532742	6000000013352510250
Q7153325	6000000031504285185
Q7153400	6000000008075194503
Q7153408	6000000028976378106
Q71534192	6000000013327665475
Q7153433	6000000053341020213
Q7153443	6000000172666393266
Q7153455	6000000178801598854
Q7153482	6000000058752697869
Q715352	6000000003353661737
Q715355	6000000041994666232
Q71536	6000000035914147817
Q715363	6000000026120018248
Q7153632	6000000002171058108
Q7153645	6000000002194291639
Q7153736	6000000000582298598
Q7153748	6000000014357189282
Q7153788	5597967885330031149
Q71537918	6000000004671628160
Q715383	353134856720001744
Q715393	6000000043749818858
Q7153985	6000000021722760113
Q715399	6000000041930629438
Q715401	6000000181942706825
Q7154063	6000000008231085488
Q7154065	6000000009869593824
Q71541	6000000017378464035
Q715410	6000000000192942457
Q7154131	6000000175349883863
Q71541703	6000000020855337295
Q7154196	6000000131238750846
Q7154299	6000000006444136680
Q7154347	6000000010040435329
Q7154489	6000000051742816852
Q7154502	6000000042152432761
Q715455	6000000169071053191
Q7154576	6000000177700773857
Q71546	6000000025901193218
Q715460	6000000024919411504
Q7154615	6000000175865210827
Q7154646	6000000127094663863
Q7154879	6000000125843759846
Q7154940	6000000015677165769
Q7154941	6000000055469687058
Q7155004	6000000013537416763
Q7155012	6000000084115905914
Q7155048	6000000008383080233
Q7155069	6000000111162819825
Q7155073	6000000007512495540
Q7155075	6000000006893834048
Q7155083	6000000015483392258
Q7155100	6000000190201601840
Q7155106	6000000016776970838
Q715511	6000000081003846863
Q715515	6000000021889460384
Q7155225	6000000010934966342
Q715523	6000000025808678920
Q715524	6000000059641797094
Q7155242	382708299610004985
Q7155389	6000000005737604900
Q7155537	6000000015729123514
Q7155539	6000000016433987494
Q7155673	6000000092436552045
Q715571	6000000021426042946
Q7155759	6000000009131953205
Q71557609	6000000074702211416
Q715582	6000000054563230085
Q715596	6000000028931612931
Q715609	6000000078489096468
Q7156155	6000000021927687658
Q715618	6000000183271156860
Q7156217	6000000018626136541
Q715623	6000000111793246925
Q715627	6000000075606588919
Q7156286	6000000018785714024
Q715631	6000000090956037986
Q715635	6000000001888459692
Q715642	6000000015257457620
Q715644	6000000003160678139
Q715659	6000000043803352848
Q71567570	6000000074702591095
Q7156835	6000000001868073594
Q7156952	2102119
Q715713	6000000057794693897
Q715765	6000000172256025836
Q715790	6000000013333472183
Q715792	6000000002979906585
Q71580	6000000122551658850
Q7158075	6000000020801384074
Q7158113	6000000032485396838
Q715814	6000000162331356852
Q7158156	6000000046868688855
Q71581613	4742114
Q71581613	6000000010123464950
Q715842	6000000180075144825
Q715847	6000000023174833923
Q71586536	6000000106986498047
Q715868	6000000000020845412
Q715877	4207767
Q715889	6000000040107417848
Q71589646	6000000080834174870
Q715904	6000000014318252807
Q7159083	6000000033355746868
Q7159084	6000000001504268959
Q7159086	6000000008569979010
Q7159088	6000000042021931487
Q7159094	6000000019360490833
Q7159096	6000000019413596134
Q7159099	6000000020074033930
Q7159114	6000000008206954631
Q7159124	6000000014101501091
Q71593990	6000000188255323919
Q7159418	6000000011217834511
Q7159595	6000000008531393243
Q7159604	6000000014057433414
Q7159631	6000000011404352815
Q7159675	6000000016108468039
Q7159726	6000000130773359587
Q7159729	6000000002082895562
Q7159749	6000000013051744053
Q7159771	6000000019169941276
Q7159788	6000000054081707175
Q71598503	4465754121880030231
Q7159858	6000000028477117034
Q71598751	6000000037596277968
Q7159882	6000000011264828857
Q7159895	6000000008871865365
Q71599	6000000009772047747
Q715991	6000000026577697818
Q7159977	6000000000426458290
Q71600	6000000009527279563
Q716001	6000000018665753328
Q7160014	6000000002188517682
Q7160015	6000000015519896150
Q7160027	6000000178216349933
Q7160035	6000000003048955879
Q71600375	6000000012057130479
Q7160061	6000000076112300838
Q71602	6000000029144769282
Q716029	6000000054077930883
Q716034	6000000002779557070
Q7160393	6000000092207662873
Q7160480	6000000020586194430
Q7160481	6000000002374782432
Q71605251	6000000074802649997
Q7160624	6000000027021644923
Q7160656	6000000052361776143
Q71606627	6000000003940463417
Q7160685	6000000069138381981
Q7160703	6000000013364270486
Q7160737	6000000004168905434
Q7160746	6000000060174173124
Q71608	6000000003125267482
Q716081	6000000177863765828
Q7160876	6000000075378014833
Q7160890	6000000075376714893
Q7160897	6000000074730779040
Q716090	6000000009268959931
Q7160902	6000000074731298867
Q7160941	6000000004086797580
Q716095	6000000015610635475
Q7160953	6000000023245924457
Q716107	6000000176554023857
Q7161103	6000000143392719821
Q7161105	6000000042029906005
Q7161161	6000000006790395148
Q716126	6000000023966912102
Q7161278	6000000001384337498
Q7161325	6000000140073820117
Q716142	6000000179807914823
Q716147	6000000020097520218
Q716181	6000000015383744121
Q716184	6000000050750525142
Q716184	6000000075505755822
Q716194	6000000011707309990
Q716197	6000000085568738853
Q716202	6000000075429580851
Q716203	6000000095085076948
Q71620658	6000000113415084822
Q7162109	6000000035141655895
Q7162143	6000000003113122871
Q716220	6000000076898478868
Q716237	6000000075423963916
Q716242	6000000074712783837
Q716250	6000000027780699650
Q7162587	6000000003354857976
Q716267	6000000039304299890
Q71627	6000000109326823271
Q716271	6000000001504868372
Q716278	6000000006090125106
Q7162900	6000000019426262315
Q716294	6000000009781333193
Q7163015	6000000009567065411
Q7163016	6000000009566906573
Q716308	6000000023799590065
Q7163090	6000000046768158154
Q716312	6000000023216135851
Q716331	6000000075424335983
Q716347	6000000003655498871
Q7163483	6000000034456276058
Q716358	6000000049337823430
Q716369	6000000074711381821
Q716389	6000000074699295023
Q716405	6000000075506912117
Q71642	6000000178919075855
Q716429	6000000028745944002
Q7164356	6000000067754551896
Q71643562	6000000037189292167
Q71644656	6000000062347114911
Q716460	6000000152469847867
Q716466	6000000069304531840
Q716469	6000000136529942862
Q716508	6000000022903380014
Q7165102	6000000029392718970
Q71652	6000000000628855151
Q7165317	6000000006935283722
Q7165609	6000000036135845937
Q716563	6000000026907955633
Q716579	6000000015728298139
Q716598	6000000004229093286
Q716607	6000000006507819001
Q716614	6000000000041564163
Q716650	6000000010246469620
Q7166615	6000000003579049152
Q7166641	6000000016540874391
Q7166650	6000000040218708973
Q7166678	6000000178428667892
Q7166692	6000000000728592696
Q7166694	6000000014062160825
Q7166709	6000000206231904851
Q7166713	6000000035292222627
Q7166714	6000000011252970471
Q7166731	6000000009099671254
Q7166736	6000000025053735872
Q7166741	6000000024656737418
Q7166749	6000000220419027827
Q7166761	6000000007776640447
Q7166763	6000000041850559436
Q7166765	6000000020031148958
Q7166777	6000000023214416243
Q7166794	6000000025095534082
Q7166803	6000000025637824357
Q7166809	6000000053896673084
Q7166814	6000000020094736877
Q7166819	6000000006172912409
Q7166823	6000000016126773108
Q7166829	6000000028343035875
Q716701	6000000006507578012
Q7167105	6000000012245517124
Q7167113	6000000056651645165
Q7167121	6000000000814473780
Q7167133	6000000014751625112
Q7167157	6000000071170879825
Q7167242	6000000077977522870
Q7167249	6000000023084048522
Q7167250	6000000013014411201
Q7167272	6000000007007659317
Q7167282	4371912883080014068
Q7167284	6000000035183487081
Q71673	6000000077022042080
Q7167311	6000000010912238987
Q716732	6000000024513093250
Q7167325	6000000001877504223
Q7167346	6000000018078835253
Q7167353	6000000025024035317
Q7167361	6000000021674650739
Q7167388	6000000008429913492
Q7167394	6000000001877504236
Q7167456	6000000027065409932
Q7167530	1680345
Q7167536	1680573
Q7167565	6000000031568960933
Q7167582	6000000001344896621
Q7167590	6000000005915841154
Q7167613	6000000026879761952
Q7167640	6000000009649647460
Q7167655	6000000002188526370
Q7167656	5051788400500028473
Q7167663	6000000000847453844
Q71676701	6000000124880404833
Q716769	6000000009263695320
Q7167779	6000000010335278279
Q7167789	6000000013255682917
Q7167793	6000000010955864908
Q7167794	6000000008270168425
Q7167795	6000000024871445086
Q71678	6000000008714342907
Q716787	6000000075481929214
Q7167916	6000000017308273197
Q716799	6000000000148735688
Q71680165	6000000031183133572
Q71680595	6000000020982603521
Q71680598	6000000076929457751
Q716806	6000000005595238809
Q71680627	6000000006815372709
Q71680637	6000000018441160234
Q716808	6000000089162650033
Q71681576	6000000021553098241
Q716827	6000000011807352799
Q716834	6000000039530704906
Q716845	6000000019843403082
Q716850	6000000003714053912
Q71687106	6000000117891292822
Q716875	6000000055254039289
Q716876	6000000074727200026
Q716886	6000000088766809897
Q716906	6000000018547596864
Q716911	6000000039542577169
Q716921	6000000005934887877
Q716927	6000000011460744474
Q716929	6000000010702338211
Q71694493	6000000012462018636
Q716948	6000000005255726296
Q71694833	6000000027161942262
Q716950	6000000039009487239
Q716959	6000000075505921987
Q7169599	6000000142181022896
Q71696	6000000020871694111
Q716964	6000000074791728826
Q716975	6000000029243326927
Q716978	6000000018080252421
Q7169792	6000000013807525658
Q716991	6000000014056005973
Q716993	6000000025513955475
Q7169969	6000000049808365928
Q716998	6000000071424901928
Q7170133	1634639
Q717024	6000000122719522102
Q7170325	6000000005584858207
Q717034	6000000047378061106
Q7170383	6000000017671233068
Q71703965	6000000067386983006
Q717066	6000000093058372823
Q717071	6000000138665676878
Q717081	6000000083199776270
Q7170945	6000000065193326870
Q717102	4072009629020010191
Q717126	6000000081531134342
Q7171266	6000000028206784876
Q7171318	6000000009168002321
Q717133	6000000018031393460
Q717150	6000000013630548167
Q717154	6000000012243360332
Q717179	6000000011637024489
Q717181	6000000015488608080
Q7171818	6000000060989074203
Q7171821	6000000044431526043
Q7171822	6000000177031920836
Q7171858	6000000013414325778
Q717186	6000000011906309233
Q7171871	6000000027895330470
Q7171890	6000000182805927887
Q7171906	6000000033325777856
Q7171938	6000000159188212821
Q717194	6000000015257307561
Q7172000	6000000146238768995
Q7172002	6000000056523522952
Q7172006	6000000070206977876
Q717203	6000000018059847147
Q7172101	6000000139006867833
Q7172129	6000000144466183837
Q717221	6000000073632509080
Q7172213	6000000038367026945
Q7172225	6000000037009423089
Q71722538	6000000194582980859
Q7172344	6000000046294439109
Q7172390	6000000006991356552
Q7172391	6000000006991508407
Q717241	6000000019886146080
Q7172427	6000000038334790404
Q7172435	6000000018604363019
Q7172441	6000000018961526124
Q7172442	6000000009879331202
Q7172458	6000000014893501185
Q7172468	6000000024278809956
Q717247	6000000033744907328
Q71725	6000000000307246822
Q7172527	6000000003362922728
Q7172564	6000000018825798038
Q7172565	6000000004079835799
Q7172593	6000000012962794409
Q7172617	6000000003795600467
Q7172629	6000000053451649821
Q7172630	6000000017689731043
Q7172639	6000000020979945573
Q717265	6000000006988144587
Q7172661	6000000030399379002
Q7172662	6000000068324757097
Q7172709	6000000002437758017
Q7172709	6000000060278813908
Q7172745	6000000010865516627
Q7172746	6000000011723752049
Q7172748	6000000010866307359
Q7172761	6000000082819370019
Q7172784	6000000008355701027
Q7172787	6000000000467948221
Q7172792	6000000019908896378
Q7172815	6000000008618632557
Q7172866	6000000016275090920
Q7172892	6000000025631336253
Q7172897	6000000059442460005
Q7172913	6000000041109251057
Q7172975	6000000015760783874
Q7172978	6000000005438441342
Q7172983	6000000087083604821
Q7173006	370775229820013919
Q7173006	6000000111374145821
Q7173018	6000000035506369335
Q717302	6000000077282832943
Q7173023	6000000031439207064
Q7173039	6000000054311440845
Q7173048	6000000005758026943
Q71730485	6000000001129300473
Q7173075	6000000010333817961
Q7173076	6000000010868297373
Q7173077	6000000003216065058
Q7173080	6000000010334834459
Q7173106	6000000053055943255
Q7173119	6000000007143534907
Q7173144	6000000011243282010
Q717316	6000000064669544915
Q7173175	6000000006444753037
Q7173199	6000000018230044522
Q7173238	6000000003616073847
Q7173240	6000000176454072828
Q7173318	6000000057260883945
Q7173331	6000000002268782468
Q7173333	6000000013209940262
Q717336	6000000016044687465
Q7173376	6000000056184562969
Q7173388	6000000030747215316
Q7173413	6000000006906904070
Q7173432	6000000011381120314
Q7173494	6000000034301722985
Q717353	6000000016368673038
Q71735777	6000000050547927898
Q717360	6000000180856033825
Q7173619	6000000003132236415
Q7173620	6000000003132588252
Q7173632	5019001133550024976
Q7173646	312652
Q7173679	6000000004057169027
Q717372	6000000139329688835
Q7173742	6000000010335132388
Q7173750	6000000031640187927
Q7173768	6000000010002247244
Q7173808	6000000010799713047
Q7173813	6000000006444339537
Q7173832	6000000013830911155
Q71738416	6000000011424937303
Q7173853	6000000033894210283
Q7173874	6000000009674713433
Q717388	311653582440008279
Q7173887	6000000017337526954
Q7173905	6000000008163167366
Q7173922	6000000024410535048
Q7173953	6000000008952402738
Q7173974	6000000010051513517
Q7174008	6000000091978653869
Q7174024	6000000031496816222
Q7174025	6000000000242503636
Q7174028	6000000000277191578
Q7174033	6000000001806465926
Q7174039	6000000026712991330
Q7174048	6000000003370257007
Q717406	6000000000774632858
Q717406	6000000052996546964
Q7174092	6000000006597111621
Q717410	6000000019701568799
Q7174141	6000000033833764430
Q71741763	6000000030449098070
Q7174181	6000000176935751928
Q7174246	1257175
Q7174254	6000000024292130627
Q7174257	6000000009343459985
Q7174271	6000000041836963342
Q7174366	6000000018659346271
Q7174386	6000000030262958234
Q7174391	6000000031941155124
Q7174402	6000000006598320821
Q7174407	6000000180675223904
Q7174422	6000000005600906019
Q7174442	6000000042151623216
Q7174471	6000000010088771623
Q7174478	6000000017411916724
Q7174538	6000000022245954064
Q7174576	6000000009642701574
Q7174586	6000000030909044376
Q717462	6000000002090122805
Q7174647	6000000012200591882
Q7174648	6000000018626027772
Q7174649	6000000028155091891
Q7174651	6000000080413573374
Q7174658	6000000008886120110
Q7174682	6000000022921413457
Q717470	6000000008304800601
Q7174722	6000000068328623887
Q717477	6000000179043853082
Q71748	6000000135566273849
Q7174800	6000000018164640293
Q7174816	6000000057770790187
Q717484	5135841571980120256
Q7174863	6000000104055807842
Q717488	6000000019273429101
Q717492	6000000007511317353
Q7174965	6000000015639584773
Q7174988	6000000024154765468
Q7175014	6000000019470074995
Q7175038	6000000024902266773
Q7175075	6000000000443363937
Q7175093	6000000025634387667
Q7175143	6000000026932404109
Q7175152	6000000046716732827
Q7175169	6000000011654134792
Q7175172	6000000009319135327
Q7175198	6000000015908007865
Q717522	6000000019281909262
Q717528	6000000053643070826
Q7175370	5360642676170088255
Q71754	6000000080398427780
Q717540	6000000003098252985
Q7175415	6000000011135377050
Q7175426	6000000017644934421
Q717543	6000000001484262391
Q7175491	6000000013344704778
Q7175516	6000000001504723713
Q7175530	6000000027014698108
Q7175532	6000000143167427952
Q7175566	6000000001818477258
Q7175651	6000000020546123286
Q7175651	6000000107804300840
Q7175674	6000000029364746471
Q7175677	6000000114710035873
Q7175686	6000000006110566361
Q7175689	6000000000637332393
Q7175694	6000000029208090290
Q71757	6000000040274590681
Q7175743	6000000095419031837
Q7175779	6000000003025729206
Q7175850	6000000064113669034
Q7175870	6000000046237440856
Q7175921	6000000011123681449
Q7175939	6000000107602425895
Q7175955	6000000011117543136
Q717596	6000000142902757841
Q7175989	6000000034525372894
Q7176	6000000014719864661
Q7176066	6000000078843087634
Q717607	6000000023969058857
Q7176081	6000000103418844599
Q7176084	6000000018789270609
Q7176098	6000000077487966328
Q7176102	6000000022190509435
Q7176146	6000000167386282831
Q717618	6000000013669121454
Q7176201	6000000016774112204
Q7176214	6000000031665679465
Q7176220	6000000007763103576
Q7176222	6000000023183132488
Q7176228	6000000007993357615
Q7176243	6000000000210025835
Q7176256	6000000020254406089
Q7176266	6000000007096079021
Q7176326	6000000076352740262
Q7176329	6000000085309167825
Q7176349	6000000082420221906
Q7176353	6000000006290004860
Q7176402	6000000096189631826
Q7176410	6000000007076971602
Q7176514	6000000009215370132
Q7176518	6000000002011263575
Q7176544	6000000010073582346
Q7176547	6000000003077361073
Q717655	6000000049833608061
Q717656	6000000055076678963
Q7176562	6000000094834980847
Q717657	6000000031550791170
Q7176622	6000000019992307297
Q717674	6000000027268082769
Q7176742	6000000002208758309
Q7176743	6000000077838690106
Q7176750	6000000011937226982
Q717676	6000000019289069092
Q7176764	6000000011127192858
Q717679	6000000000388651294
Q7176803	6000000073303696329
Q717683	6000000103449874874
Q7176840	6000000000167621087
Q717687	6000000002388901307
Q7176874	6000000001360687367
Q7176877	6000000000632163107
Q7176929	6000000045397505926
Q717693	6000000177445593841
Q717697	6000000019367571642
Q71770	6000000054964452237
Q717700	6000000112554815395
Q7177015	6000000010688737062
Q717706	6000000021424702583
Q7177109	6000000007159103918
Q7177113	6000000050682710110
Q717712	6000000008457302156
Q7177135	6000000034847136199
Q7177150	6000000021836329604
Q7177164	6000000040778315885
Q7177277	5672088420850114940
Q7177284	6000000022401739481
Q7177285	6000000021559064236
Q7177297	6000000015732814429
Q7177344	6000000015732724351
Q7177361	6000000041972696813
Q7177388	6000000013935207039
Q7177408	6000000011266155321
Q7177456	6000000000401054081
Q7177468	6000000017133945311
Q717747	6000000007725764435
Q7177487	1697003
Q71775	6000000004873746447
Q7177525	6000000001375801071
Q7177530	6000000017089393301
Q7177531	6000000005441141337
Q7177536	6000000004549585301
Q717755	6000000015419162970
Q7177620	6000000040019941441
Q7177655	6000000016790637412
Q7177657	6000000012200718692
Q7177696	6000000010505754811
Q717771	6000000020034352160
Q7177777	6000000075294452900
Q7177786	6000000015732900112
Q7177808	6000000022251685208
Q7177832	6000000039590393525
Q7177884	6000000003891265889
Q7177949	6000000002139579142
Q7177965	6000000223261322970
Q71781624	6000000019151148525
Q717830	6000000034772550088
Q717841	6000000011137205919
Q7178498	6000000008334348403
Q7178582	6000000178380366860
Q7178706	6000000049140805098
Q7178720	6000000032744630387
Q7178722	6000000009928710474
Q7178729	6000000169806484000
Q7178796	6000000023186738915
Q71788	6000000006127682160
Q717888	6000000057602988874
Q717894	6000000008268444781
Q7179013	6000000068835200914
Q717904	6000000075420149898
Q7179286	6000000033562327534
Q7179292	6000000097187761304
Q7179304	6000000011657408158
Q7179310	6000000182806211861
Q7179312	6000000028875473565
Q71794	6000000020436619239
Q71795	6000000002188475150
Q717951	6000000115298136823
Q7179526	6000000074702874493
Q7179624	6000000004094636313
Q7179635	6000000006346891651
Q717965	6000000074770129341
Q717972	6000000075324373505
Q717981	6000000075405157191
Q71798163	6000000190193944822
Q71799284	6000000008952461792
Q7180007	6000000006184919235
Q718017	6000000074745402860
Q718020	6000000006982012595
Q718027	6000000025836458590
Q718045	6000000026420146713
Q718056	6000000002845066754
Q71808	6000000041782385921
Q718093	6000000086334795835
Q7181205	6000000003550632040
Q7181206	6000000003550624276
Q7181219	6000000016487050188
Q7181222	6000000026013591318
Q718127	6000000047279882134
Q7181277	6000000014350057290
Q71813474	330790176850006187
Q7181378	6000000011927525789
Q718141	6000000068020467927
Q71814197	6000000002802707515
Q718148	6000000009404055790
Q718168	6000000031984557591
Q71816947	6000000002802707465
Q7181722	6000000140126360076
Q718174	6000000003493135644
Q7181790	6000000018893691963
Q7181894	6000000000542582692
Q71819	6000000013530030140
Q71819204	6000000002802583971
Q7181963	6000000001622760017
Q7181966	6000000029798004974
Q718201	6000000074758960129
Q718203	6000000007425877516
Q718206	6000000074733590184
Q718209	6000000084565607391
Q718217	6000000074734423849
Q7182247	6000000017679203211
Q718227	6000000074734517880
Q7182327	6000000009686027983
Q718238	6000000074767492869
Q718247	6000000025550024674
Q718250	6000000021674857752
Q7182506	6000000177956719824
Q7182534	6000000100884078999
Q718254	6000000074699493841
Q7182907	6000000018266685811
Q7182910	6000000048174837833
Q7183010	6000000017460738300
Q7183012	6000000082905640483
Q7183099	6000000036316333731
Q7183103	6000000030948991232
Q7183113	6000000006591599148
Q7183117	6000000003506681728
Q7183126	6000000012629950244
Q7183147	6000000026700382556
Q7183156	6000000055591544870
Q7183166	6000000023150531130
Q7183172	6000000002944970014
Q7183181	6000000039950422244
Q7183200	6000000001767460410
Q7183218	6000000007097466218
Q718323	6000000050095667953
Q7183232	6000000177247923869
Q7183243	6000000184454947833
Q7183256	6000000030367620040
Q7183269	6000000103885921885
Q7183303	6000000001531251590
Q7183311	6000000025514797015
Q7183316	312504447440004614
Q718333	6000000003493373009
Q7183344	6000000011336098590
Q718335	6000000064691866948
Q7183398	6000000001626170225
Q7183402	6000000027467869871
Q718341	6000000002060016105
Q7183437	6000000078343730980
Q7183458	6000000033137994032
Q7183470	6000000002209147312
Q7183477	6000000017507803001
Q7183494	6000000032461849169
Q718351	6000000010164849460
Q7183543	6000000009924652388
Q7183548	6000000009544223406
Q7183550	6000000003432276305
Q7183555	6000000004168896793
Q7183563	370026347440012091
Q7183582	6000000003762309417
Q7183587	6000000075480245981
Q7183604	6000000007084936864
Q7183612	6000000163836183826
Q7183626	6000000002206252295
Q718363	6000000009118328564
Q7183632	6000000010098181995
Q718366	6000000177720078826
Q7183662	6000000035066054623
Q7183669	6000000013777263153
Q7183670	6000000008197501119
Q718370	6000000103197956844
Q7183717	6000000014202277785
Q7183720	6000000038391528526
Q7183721	6000000179412163900
Q7183737	6000000022876417551
Q7183756	6000000026981767112
Q7183762	6000000003942386533
Q7183768	6000000047051873179
Q7183813	6000000044070469892
Q7183819	6000000183595688827
Q7183859	6000000019275348247
Q7183875	6000000199774717908
Q7183894	6000000006591406925
Q718392	6000000106691784119
Q7183925	6000000070689605077
Q7183961	6000000001070489332
Q7183964	6000000013408563363
Q7183968	6000000180627853111
Q7183985	6000000026436039679
Q7183995	6000000001180342644
Q7183996	6000000038400406131
Q7184012	6000000033783880448
Q7184030	6000000016510330506
Q7184031	6000000137546235828
Q718404	6000000009397424822
Q7184088	6000000042000241825
Q7184091	6000000019766423321
Q7184105	6000000056627798883
Q7184109	6000000003446132714
Q718415	6000000008231167180
Q718419	6000000003021930300
Q7184204	6000000039083843315
Q7184205	6000000000999421834
Q7184207	6000000011966619706
Q7184215	6000000003077187745
Q7184217	6000000005747717250
Q7184217	6000000018614486577
Q7184243	6000000001877524270
Q7184258	6000000003679323952
Q718426	6000000077996073927
Q7184266	6000000026882982947
Q7184271	6000000094470535849
Q7184280	6000000003748467375
Q7184280	6000000006597041132
Q7184285	6000000030855785504
Q7184306	318715761180006672
Q7184309	6000000053748422892
Q7184335	6000000003968095083
Q7184342	6000000010771103013
Q718435	6000000033741292227
Q7184378	6000000002665481881
Q7184379	6000000034862859874
Q7184381	6000000000351109901
Q718440	6000000101446338103
Q7184405	6000000008066278045
Q7184407	6000000009129894979
Q7184415	6000000045507842064
Q7184417	6000000016756112388
Q7184420	6000000007257512214
Q7184428	6000000066461591837
Q7184436	4200300739260124023
Q7184446	6000000020187157125
Q7184447	6000000004969795468
Q7184456	6000000024680715343
Q7184475	6000000000394339560
Q7184481	6000000015490804038
Q7184488	6000000056478948113
Q7184501	6000000012313493761
Q7184537	6000000029578464652
Q7184538	6000000003077520994
Q7184570	6000000035266831736
Q7184588	6000000057135264527
Q7184598	6000000043311548199
Q7184613	6000000003219699194
Q7184614	6000000003219699175
Q718465	6000000015615110188
Q7184662	6000000007014440880
Q7184744	6000000001588458205
Q7184755	6000000035945777147
Q7184758	6000000092462360822
Q7184767	6000000015289493106
Q7184788	6000000002845231403
Q7184864	6000000035944955047
Q7184907	6000000111003204872
Q718495	6000000042375654282
Q718511	6000000085569915876
Q718512	6000000011692786833
Q718520	6000000003694482366
Q718537	6000000021502076508
Q71854	6000000002188475255
Q718542	6000000026199478310
Q718557	6000000142180962034
Q7185583	6000000073511574079
Q7185654	6000000010580788413
Q7185689	6000000013386489322
Q7185780	6000000019883344464
Q7185808	6000000049590904856
Q7185812	6000000017785634312
Q718584	6000000065384923821
Q7185855	6000000035334798083
Q7185930	5606894533090128895
Q7185944	6000000028044781484
Q7186	4754071530090030120
Q7186024	6000000003689050577
Q718609	6000000026531785497
Q7186337	6000000004088625718
Q71863539	6000000002802707535
Q7186355	6000000006598581797
Q7186357	6000000043431587925
Q7186361	6000000016641319826
Q7186365	6000000020368500123
Q7186369	6000000095798943874
Q7186375	6000000001383804988
Q7186375	6000000037516615153
Q7186384	6000000006514378072
Q718650	6000000182964707891
Q7186650	6000000085573541850
Q7186678	6000000105427663903
Q7186681	6000000112268009174
Q7186685	6000000042938430576
Q718690	6000000002389152360
Q718691	6000000007980651302
Q71870143	6000000083948728054
Q718710	6000000016193874305
Q718718	6000000001413407612
Q718722	4157782166490074628
Q718724	6000000005441697552
Q718735	6000000029285553182
Q71873743	6000000033837955128
Q71874	6000000014110546766
Q718762	6000000008724435045
Q718786	6000000080906689989
Q71880830	6000000040539683504
Q718813	6000000021913735262
Q718827	6000000040173376869
Q718835	6000000019252333322
Q7188386	6000000003692113167
Q7188546	6000000034457637957
Q7188553	6000000015178493312
Q7188555	6000000132403689839
Q7188558	6000000048124591055
Q7188568	6000000009708976788
Q71886	6000000022486924189
Q7188608	6000000013403540104
Q7188618	6000000039649218852
Q7188619	6000000019354325146
Q718866	6000000082418968977
Q718870	6000000037376417861
Q718911	6000000033002946940
Q718919	6000000000836147633
Q718922	6000000012610527031
Q71898	6000000140206080959
Q7190006	6000000026247664423
Q719018	6000000001873240724
Q7190236	6000000037471558721
Q719030	6000000002351366013
Q719092	6000000027723159678
Q719109	6000000142667030826
Q719121	6000000084098736385
Q719138	6000000149633187822
Q719156	6000000054201722880
Q719161	6000000043509898042
Q719162	6000000078590873964
Q719180	6000000065746846854
Q7191807	6000000014598221145
Q7191815	6000000001116201132
Q7191929	6000000042209482338
Q7191944	6000000010155281279
Q7191946	6000000014874649572
Q7191960	6000000077950946938
Q7191976	6000000003539308185
Q71919830	6000000006437361453
Q7191996	6000000002877630127
Q719200	6000000024129108368
Q7192000	6000000081502858510
Q7192025	6000000127926878085
Q719204	6000000007676113728
Q7192049	6000000039998598239
Q719209	6000000025850770434
Q7192091	6000000025889497293
Q7192112	6000000104517552902
Q7192114	6000000070315163356
Q7192121	6000000030209254211
Q719215	6000000012546206233
Q7192209	6000000038913101574
Q7192278	6000000050326772089
Q719228	6000000008220105828
Q7192320	6000000003274480801
Q7192435	6000000010554088828
Q719247	6000000024683457429
Q7192493	6000000000255542102
Q7192509	6000000004056258769
Q7192512	6000000017538380891
Q7192519	6000000047409736914
Q7192551	6000000015107806302
Q7192592	6000000037133123859
Q7192594	6000000006297033334
Q7192595	6000000014467001465
Q7192609	6000000011156696311
Q7192619	6000000024714288958
Q719263	6000000029154480132
Q7192701	6000000034603424030
Q719273	6000000063335743939
Q7192746	6000000068733190857
Q7192761	6000000001689504750
Q719277	6000000028665937958
Q7192780	6000000015644571013
Q7192787	6000000016569933858
Q7192815	6000000023275326402
Q7192834	2867077
Q7192841	6000000018179401066
Q7192854	6000000016975397336
Q7192858	6000000014324959504
Q7192923	6000000056349912861
Q7192962	6000000150788587871
Q719324	6000000054311577897
Q719330	6000000000945950603
Q719357	6000000006719322761
Q719360	6000000177318659841
Q719369	6000000011365479230
Q71937	6000000011025949443
Q719372	6000000033181113199
Q71941	6000000006277481406
Q719424	6000000010404355540
Q719428	6000000012676876888
Q719447	6000000014290240896
Q719449	6000000010944279348
Q719483	6000000027082786325
Q7194906	6000000016944250428
Q7194909	6000000003746221739
Q719491	6000000039075973636
Q719501	6000000003552628982
Q719507	6000000030247497941
Q719533	6000000175249996254
Q71953601	6000000179048660893
Q719559	6000000017394918688
Q719568	6000000027631275633
Q719579	6000000159436946826
Q719583	6000000007386146120
Q719588	6000000009026918179
Q719596	6000000023042655931
Q719598	6000000010258224134
Q7196241	6000000004344099526
Q719626	6000000000741834713
Q719630	3782735
Q719635	6000000188123397834
Q7196383	6000000028357344737
Q719640	6000000008560945172
Q719679	6000000001843182803
Q719684	4036180954120036761
Q719691	6000000009924428743
Q7196972	6000000180286207845
Q7196977	6000000020410208324
Q7196988	6000000012482943237
Q7197	6000000003606548032
Q719701	6000000026953713994
Q7197030	6000000077097122860
Q7197032	6000000013442023703
Q7197035	6000000011393053232
Q719706	6000000006101437245
Q719717	6000000014525836904
Q71973	6000000139641806960
Q719745	6000000003363258270
Q7197485	6000000016698304456
Q719782	6000000002646483693
Q719786	6000000016049141507
Q71978626	6000000006794929456
Q719791	6000000005029597324
Q7198	6000000015256128571
Q719802	6000000010482337602
Q7198031	6000000038575570209
Q719808	6000000009447402600
Q719860	6000000026544600951
Q719860	6000000026545685167
Q7198954	6000000047088244248
Q7199	5327778888470121672
Q71990389	6000000056638926836
Q719916	6000000009776725634
Q71992988	6000000076741449824
Q719931	6000000080006787289
Q719941	6000000038828591360
Q71995	6000000003827400440
Q719957	6000000041364088376
Q719965	6000000032982042946
Q719973	6000000074927190876
Q7199764	6000000074791847910
Q719978	6000000009534059478
Q719983	6000000011116437821
Q719985	6000000090957914823
Q7200	6000000003465776578
Q720005	6000000006338614270
Q720012	6000000017132020206
Q720017	6000000026765196818
Q720022	6000000010779060637
Q720027	6000000015352218831
Q720037	6000000029867044394
Q72004261	6000000138596143018
Q720047	6000000019818327484
Q720065	6000000017691592184
Q72008	6000000025580957093
Q720090	6000000141554341871
Q720093	6000000008501425201
Q720118	6000000182465535822
Q720120	6000000041907654171
Q720121	6000000030482867977
Q720138	6000000207407610852
Q720156	6000000002659190200
Q72017528	6000000125049139919
Q72018612	6000000035613730549
Q720198	6000000011969425787
Q720225	371490257860013187
Q7202417	6000000031635952106
Q720242	6000000019080119670
Q7202476	6000000019660106568
Q720259	6000000012683889518
Q72028	6000000018413673428
Q720285	6000000062451642119
Q720317	6000000076955227173
Q720355	328316105790002105
Q720374	6000000019025685458
Q7203926	6000000011927834831
Q720416	6000000020531840858
Q720427	6000000109924131959
Q720441	6000000040480507006
Q720443	6000000120389053011
Q720471	6000000002578217603
Q720488	6000000068128631057
Q72048987	6000000002290074531
Q7204999	6000000015519685278
Q72050	6000000184707134876
Q720500	6000000001100887789
Q7205000	6000000024890424627
Q7205004	6000000015519449467
Q720521	6000000027543318154
Q720527	6000000016396954574
Q720530	6000000025915225548
Q720538	6000000014794530014
Q720558	6000000054065829103
Q720568	6000000011439313055
Q72057	6000000103774146906
Q720581	6000000027935997221
Q72060059	4753357316720112427
Q720603	6000000013600013042
Q720618	6000000140895937822
Q72062	6000000000472568431
Q720632	6000000178622567840
Q720659	6000000169682814839
Q72066	6000000140206918896
Q72067012	6000000080330608262
Q720681	6000000012954001689
Q72068178	6000000006918634839
Q720688	6000000078344671824
Q72070	6000000017717805247
Q720704	6000000014416948132
Q72072028	6000000012157869973
Q72073616	6000000008408320678
Q720742	6000000028064590950
Q72076	6000000184226005822
Q720766	6000000003527023698
Q720775	6000000011274294461
Q720777	6000000027577488669
Q72079274	6000000010132664433
Q72083016	6000000024144945680
Q720832	6000000020109948409
Q72083709	6000000076809260992
Q72084199	6000000020234415428
Q72084928	6000000007884900908
Q72085149	6000000016124776552
Q720861	6000000000160892628
Q720868	6000000016025632039
Q72087	6000000002188655517
Q72088	6000000029719150868
Q7208823	6000000098074405918
Q720900	6000000052964256005
Q720910	6000000000400926847
Q720914	6000000028800240845
Q720915	6000000005066323450
Q7209226	6000000030193699033
Q720934	6000000078259816881
Q72096	6000000014249250418
Q720971	6000000016347630117
Q7209784	6000000006579930093
Q720989	6000000178500412898
Q72099869	6000000070877156914
Q7210	6000000075062210855
Q721000	6000000003232590120
Q7210121	6000000167351280837
Q721027	6000000073822525186
Q721031	6000000107187426822
Q72104	6000000048567370197
Q72106	6000000081019548831
Q721077	6000000018331286857
Q721082	6000000018481321346
Q721083	6000000000002754253
Q721085	6000000009920306233
Q72110	6000000181017181921
Q721102	4083885460290125130
Q72112	6000000011545158020
Q721128	6000000014066099123
Q721139	6000000007473470189
Q721144	6000000178602747831
Q721148	6000000068215773955
Q721159	6000000002856866548
Q721185	6000000018481531125
Q721191	4605150153140036087
Q7212002	6000000016500493946
Q721215	6000000177920166859
Q721219	6000000017526882707
Q7212234	6000000003101331626
Q7212245	6000000006712202192
Q721225	6000000015181656017
Q7212277	6000000006977430108
Q721241	6000000032416877707
Q721251	6000000098815801822
Q72126	6000000003059051524
Q721275	6000000011675214518
Q721287	6000000021342866315
Q72129	6000000096677574945
Q7212915	6000000002992541379
Q721310	6000000093424873966
Q7213105	6000000002861189260
Q72132	6000000026769443358
Q7213269	6000000031324145989
Q7213275	6000000003691906442
Q72133328	6000000089664584822
Q721355	6000000069526073075
Q721358	6000000089667359183
Q721358	6000000094834724821
Q721386	6000000022079500803
Q7214	6000000074733129824
Q721417	6000000029153824973
Q721420	6000000075423967903
Q721433	6000000078362806877
Q721439	6000000184383806865
Q72144	6000000022950366888
Q721446	6000000009507402711
Q72145	6000000036429528842
Q721465	6000000128075355025
Q721467	6000000015271796300
Q72147	6000000088281252877
Q721476	6000000019171923899
Q72148	6000000096186587958
Q721488	6000000156837922823
Q72149101	6000000001504688599
Q72150	6000000002092879353
Q72150305	6000000017262748959
Q721518	6000000082750924956
Q72153	6000000030931535970
Q72155424	6000000013376157119
Q721558	3917303501350032822
Q721570	6000000022914362846
Q721599	6000000006726975297
Q72160167	6000000070487055082
Q721608	6000000142984760822
Q7216242	6000000027574117636
Q7216248	6000000085374433597
Q72163	6000000007987676898
Q7216323	6000000027059476863
Q721633	6000000176796370941
Q72164672	6000000006180497001
Q7216732	6000000003692266132
Q7216757	6000000002861189254
Q721693	6000000007620833354
Q7217162	6000000007520225300
Q721723	6000000058122348097
Q7217233	6000000037555928839
Q721738	6000000069566196001
Q721741	6000000001563612429
Q721749	6000000007268705250
Q72175	6000000018896868743
Q7217513	6000000040416166504
Q721763	6000000009013011223
Q721766	6000000018658341686
Q721770	6000000024091561980
Q7217815	6000000027307465871
Q7217831	6000000001428375089
Q721799	6000000004979942643
Q72181585	6000000184585567946
Q721816	6000000004337716354
Q721819	6000000020095837148
Q721839	6000000028014140513
Q721842	6000000004368143398
Q721855	6000000030288498919
Q72186	6000000058012546864
Q721867	6000000053195524868
Q721871	6000000025069619025
Q7218748	6000000012653526346
Q72187710	6000000026699979159
Q7218833	6000000003619894273
Q721887	6000000009796018026
Q721892	6000000006937684379
Q721897	6000000007321671650
Q721915	6000000000658989125
Q721918	6000000026116790899
Q7219202	6000000017414866026
Q721925	6000000026116789862
Q72194	6000000013895142269
Q72194015	6000000007316847683
Q721943	6000000014211050899
Q721948	6000000048411943825
Q72195092	6000000008304158443
Q721957	6000000012974820596
Q721963	6000000011233792128
Q721965	6000000083280557902
Q72196639	6000000006437238421
Q72198	6000000025097325764
Q721991	6000000017887815052
Q721995	5079811680450043067
Q722001	6000000016129630086
Q722003	6000000148116449863
Q72201540	6000000007132311604
Q722042	6000000177912425845
Q722059	6000000013631193828
Q722061	6000000068449109862
Q722068	6000000174072219079
Q7220699	4550802582620023991
Q7220725	297811137290006350
Q7220799	6000000008842372722
Q722085	6000000178293847856
Q722119	6000000027557443051
Q722127	6000000076868789822
Q722156	6000000046146389873
Q7221592	6000000182650567859
Q722164	6000000053085139199
Q72217	6000000024116136993
Q7221819	6000000025284423735
Q7221911	6000000014597390933
Q722193	5487878421170121031
Q72219489	6000000004372859708
Q722196	6000000122099562851
Q72219950	6000000040489692160
Q7222113	6000000031339117056
Q7222293	6000000010579946715
Q722230	6000000093869233005
Q722241	6000000024186054149
Q722246	6000000076826620559
Q722261	6000000001442499186
Q722273	6000000015344040038
Q722278	6000000178292150925
Q7222823	6000000031339033076
Q722288	6000000074709621947
Q72229	6000000074361763001
Q722308	6000000033129652003
Q722310	6000000007926471336
Q722320	6000000069866394113
Q722337	6000000059142022643
Q72234483	5476593818990039356
Q7223677	6000000006599250020
Q722373	6000000011119317425
Q72238	6000000072630528366
Q722400	6000000014189407575
Q722412	6000000057678918882
Q722462	6000000075555941800
Q722463	6000000003588931480
Q72247	6000000013343504410
Q722473	6000000000664584651
Q722485	6000000144816219041
Q7224958	6000000050973946068
Q722503	6000000029443149004
Q722512	6000000167092918840
Q722513	6000000056374110916
Q722517	6000000104637977090
Q7225491	6000000074789209821
Q722570	6000000007337654957
Q7225787	6000000183464613837
Q7225790	6000000038059490151
Q7225807	6000000023234048802
Q7225915	6000000074767271848
Q7226	6000000000429623932
Q722610	6000000069458367077
Q72261382	6000000045413285063
Q7226315	6000000037870134592
Q722639	6000000003769547080
Q722644	6000000003771003284
Q722667	6000000020090723013
Q72267	6000000013373025270
Q722677	6000000143187393896
Q722689	359323647740003125
Q722701	6000000073377260138
Q722724	6000000000619294124
Q7227287	6000000016477222239
Q7227291	6000000038238629448
Q722730	5156736685000067412
Q722738	6000000000978937304
Q72274	6000000010503212766
Q7227480	6000000012609115721
Q722759	6000000020520443721
Q722761	6000000016682318289
Q722761	6000000185431397889
Q7227623	6000000175044227724
Q722763	6000000018034249432
Q722792	6000000058253554066
Q722793	6000000001649143306
Q72281	6000000039149841415
Q72281175	6000000024987439055
Q72283	6000000019188539068
Q722830	6000000008574213192
Q722835	6000000009828278671
Q7228387	6000000199804330917
Q7228496	6000000019499778190
Q72286214	6000000002234055392
Q7228667	6000000021468011314
Q722890	6000000173225141403
Q7228995	6000000001014904607
Q7229	6000000003076631625
Q72291	6000000007106168461
Q722912	6000000031091132945
Q72292	6000000001780785740
Q722921	6000000021701319655
Q722926	6000000145558053822
Q7229313	6000000002850370037
Q72294527	6000000013959621252
Q7229567	6000000015526159584
Q72295773	6000000000965433715
Q72297	6000000018425702353
Q722975	6000000011079512812
Q72304	6000000184882608826
Q723067	6000000014212957687
Q723071	6000000221575712846
Q7231	6000000016726795726
Q72311013	6000000017108198388
Q723134	6000000027760217878
Q723139	6000000082474141120
Q723141	6000000026667960873
Q723145	6000000103277563912
Q723148	6000000040047836298
Q723149	6000000003041129383
Q72315	6000000152208836891
Q7231650	6000000002748404702
Q723170	6000000035954093080
Q723174	6000000033893265555
Q723189	6000000008998537967
Q72319439	6000000010492348642
Q723199	6000000003454157511
Q72322	6000000075567549954
Q723222	6000000091668211825
Q723234	6000000012140425179
Q723235	6000000018943297634
Q723242	6000000180432812848
Q723247	6000000180757144860
Q723274	6000000000599593257
Q723278	6000000065771234836
Q723281	6000000001293073595
Q72328989	6000000177132537838
Q723295	6000000027738100187
Q723300	6000000003897531325
Q7233046	6000000009792461753
Q72331086	6000000026365913927
Q72331638	6000000052117551992
Q72331976	6000000052117945821
Q723320	6000000031975314990
Q723328	6000000014571635477
Q72334	6000000014721146204
Q72335618	6000000014374078508
Q723360	5087435051320128154
Q72336028	6000000047597417044
Q723364	6000000156182013823
Q723370	6000000015539963534
Q723371	6000000151913141828
Q723374	6000000003035641739
Q723395	6000000032156641004
Q723404	6000000029157667234
Q723415	6000000008808478889
Q723444	6000000015321270135
Q723451	5344099257510086673
Q723475	6000000007130949236
Q723488	6000000007121716978
Q723488	6000000175981129822
Q72350	6000000029467047824
Q723506	6000000080193783832
Q723547	6000000070186685892
Q7235521	6000000010808039395
Q7235558	6000000015354235853
Q7235577	6000000023911824146
Q723569	6000000137328423855
Q723585	6000000007076249911
Q72359	6000000010573312117
Q7235904	6000000015292106027
Q7235907	6000000056431129913
Q723591	6000000034840900657
Q723595	6000000068447089171
Q723604	6000000018462252919
Q7236048	6000000001637813415
Q723607	6000000094484346836
Q72361295	6000000115286578896
Q723627	6000000000556020686
Q7236341	6000000018892360183
Q723643	6000000079502051037
Q723652	6000000135111943822
Q723658	6000000142757635821
Q723666	6000000043796170102
Q723674	6000000018186639870
Q723680	6000000078013510425
Q7236881	6000000012677133458
Q7236896	6000000074725316459
Q7236896	6000000075483280267
Q7236918	6000000011129483938
Q7236926	6000000009993930161
Q723693	6000000021635230889
Q723703	6000000003071284045
Q723738	6000000070184061920
Q72374	6000000030284340689
Q723772	6000000062436936833
Q723809	6000000013075204899
Q723812	6000000034773989455
Q723828	6000000078005309740
Q72383304	6000000017619443168
Q72384	6000000013310172823
Q723842	6000000069435693110
Q72385236	6000000000161836510
Q72385887	6000000000280139510
Q72385920	6000000091685288884
Q723877	5035825172400026903
Q7238798	6000000004193417668
Q72388	6000000031752461838
Q72389783	6000000015235973727
Q72390099	4298988455130043057
Q72390134	6000000015285106809
Q723902	6000000010373089063
Q723917	6000000034837592656
Q723926	6000000015768445187
Q723938	6000000014235587306
Q723945	6000000116440434822
Q723956	6000000022757284708
Q72397075	6000000083684945870
Q72397258	6000000145955881014
Q723973	6000000047192913187
Q72397656	6000000022601995922
Q7239766	6000000004372883756
Q723978	6000000014372952305
Q723993	6000000016482530687
Q723998	6000000179367787849
Q72400	6000000017205994164
Q72402	6000000041514332504
Q72403007	6000000031975972161
Q7240311	6000000008391953461
Q724047	6000000181947158890
Q72405	6000000025757965527
Q7240564	6000000114866268843
Q724069	6000000013219307891
Q724082	6000000000920256100
Q724084	6000000002188409379
Q7240859	6000000003400602570
Q7240872	4014777519380075698
Q7241	6000000001432347258
Q7241059	6000000003937839955
Q724113	6000000016342343055
Q724116	6000000013195938117
Q724121	6000000017714544277
Q724123	2860725
Q724135	6000000000549998804
Q724145	6000000040337448877
Q724153	6000000001605552336
Q724156	6000000062173178084
Q724163	6000000067398796852
Q724164	6000000055142287956
Q724167	6000000010262966955
Q724180	6000000017693657144
Q7241876	6000000012795211282
Q724193	6000000054889521821
Q7241952	6000000004868115598
Q724197	6000000020277789471
Q7242008	6000000009420805471
Q724204	6000000013191728234
Q724205	6000000001765099091
Q724212	6000000020832139230
Q724220	6000000025513344014
Q724227	6000000115002003854
Q724235	6000000009967802867
Q724239	6000000040375566601
Q72424755	6000000020868808544
Q724250	6000000016344317825
Q724252	6000000002332619509
Q7242565	6000000003203183800
Q7242578	6000000183775704822
Q724268	6000000184266887857
Q7242721	6000000000821257871
Q724276	6000000127093942842
Q7242963	6000000007589595414
Q7242965	6000000008222085108
Q7242970	6000000009561626076
Q724298	6000000003687349328
Q7243	6000000010513805631
Q724306	6000000073269919821
Q7243060	6000000001332913038
Q724308	6000000151719341854
Q724323	6000000001596270880
Q724329	6000000013172276250
Q724339	6000000009546058267
Q724343	6000000044026822855
Q7243658	6000000041597222884
Q7243799	6000000016610657858
Q7243838	377726914430005810
Q7243972	6000000001949080323
Q7243992	6000000008278760023
Q724401	6000000007628802639
Q7244058	6000000002188601788
Q7244061	6000000002188601698
Q7244075	6000000004128915787
Q7244086	6000000032559588043
Q7244108	6000000008379322891
Q7244216	4325438787340129923
Q7244274	6000000003843225328
Q7244277	6000000002188420435
Q724434	6000000020545086056
Q724437	6000000007297856376
Q72444	6000000010421891850
Q724444	6000000008087420923
Q7244511	6000000002188586700
Q7244539	6000000009136870908
Q7244548	6000000037583367794
Q7244566	6000000002188593048
Q7244615	6000000008552490767
Q7244636	6000000014805351075
Q7244685	6000000000632151685
Q7244690	6000000008597517382
Q7244691	6000000014148649625
Q7244716	305941860200005653
Q7244731	6000000014603568913
Q7244734	6000000016381651087
Q72447510	6000000068824060979
Q7244785	6000000040783902888
Q7244832	6000000041837179583
Q7244922	6000000084123882435
Q724497	6000000030736020882
Q7245	4239183543700124287
Q724503	6000000013184868120
Q72451	6000000013677152105
Q724521	6000000011060386776
Q7245288	6000000033083489443
Q724538	6000000191888767825
Q72454392	6000000038537999320
Q7245574	304672972480005601
Q7245578	6000000010334027023
Q7245579	6000000083199746088
Q7245582	6000000006339029109
Q7245583	6000000035557870199
Q7245589	6000000000351290241
Q7245593	6000000009641214200
Q7245623	6000000008615724401
Q7245628	6000000075339779862
Q72456512	6000000174435615093
Q724629	6000000001814008666
Q724639	6000000070775395982
Q72464295	6000000174436553979
Q72465	6000000212828980840
Q724670	6000000021591036496
Q724707	6000000009317991656
Q72470753	6000000035581947220
Q724747	6000000178997483822
Q72476	6000000010865815689
Q72480	6000000002487775371
Q724807	6000000181961176901
Q724811	6000000078552228904
Q724817	6000000009190764168
Q724825	6000000000307283655
Q724833	6000000021401162937
Q72485	6000000014892721546
Q724856	4430332760190128724
Q724860	6000000024653332554
Q72486116	6000000173652701890
Q724871	6000000025343185113
Q724873	6000000163824021137
Q7248931	345336799380011800
Q724898	6000000020692626332
Q72492	6000000029515503019
Q7249370	6000000064639007855
Q724941	6000000023287451606
Q7249534	6000000011471169176
Q724962	6000000146208532891
Q724963	6000000056341746885
Q724974	6000000001249306136
Q7250	6000000012560754962
Q725008	6000000016193144590
Q7250143	6000000018544395342
Q725034	6000000143300826881
Q725042	6000000001296217353
Q725054	6000000002833383807
Q72505784	6000000008408409970
Q7250598	6000000074746374010
Q725060	6000000029149064680
Q725078	6000000072717828999
Q725086	6000000012600105376
Q7250862	6000000035868715666
Q725088	6000000015362512879
Q7250882	6000000041477579343
Q725092	6000000026533552895
Q7251	6000000000688677702
Q72510	6000000133918050827
Q725104	6000000008645092042
Q725105	6000000016509484772
Q725105	6000000017696582426
Q72511	6000000093076408821
Q725112	6000000088197931831
Q725118	6000000014429701050
Q725153	6000000035940757157
Q725155	6000000000132210332
Q725162	6000000012874479654
Q725172	6000000013512954793
Q725186	6000000045683057074
Q725191	6000000006107662075
Q725199	6000000051235976009
Q725227	6000000003875785779
Q72524	6000000035490444143
Q7252492	6000000074758148880
Q725266	6000000033316125102
Q725267	6000000052803208848
Q725279	6000000181933594825
Q725288	6000000027779462713
Q725292	6000000021065273181
Q725298	6000000031626258905
Q725299	6000000044863001840
Q725303	6000000020748547694
Q7253044	6000000010997293699
Q725306	6000000002400594313
Q725318	6000000071715836758
Q725322	6000000003509962119
Q725323	6000000003626354889
Q7253236	6000000096168464837
Q72534	6000000218345048847
Q7253406	6000000002613032844
Q725347	6000000054188183859
Q725368	6000000002603663840
Q725374	6000000015346369898
Q72538	6000000054688698871
Q725384	6000000007403549606
Q7253846	6000000018896287979
Q725395	6000000080065292979
Q725403	6000000052659116861
Q725427	6000000008805174258
Q72543	4931791050640117585
Q72544	6000000005051747283
Q725443	6000000085213222989
Q725472	6000000022420161579
Q725478	6000000037521953900
Q725486	6000000027183406866
Q725494	6000000177168533858
Q72550371	6000000000636541705
Q725507	6000000090095936179
Q72550957	6000000007872972222
Q72553	6000000016019168248
Q7255367	6000000089673004936
Q72557	6000000166643060409
Q725579	6000000013102350270
Q725583	6000000151450749888
Q725589	6000000033083342054
Q725590	6000000026562118905
Q72559843	6000000006588164104
Q72560	6000000024773263990
Q725625	6000000029840895837
Q725629	6000000181942143853
Q725646	6000000025612588964
Q72566	6000000002188412591
Q725681	6000000076697377711
Q725686	6000000056564244862
Q72571423	6000000010513367290
Q72572	6000000006961573391
Q725728	6000000015040331671
Q725737	6000000109122117907
Q725741	6000000007454593130
Q72575	4276948620390069283
Q72576670	6000000022464635897
Q72579	6000000015683347458
Q725792	6000000050137711944
Q725797	6000000081866073033
Q725815	6000000056675804985
Q725825	6000000141074458865
Q725828	6000000047239683091
Q725833	6000000001819399072
Q725861	6000000026285145056
Q725863	6000000067582848853
Q72587	6000000010705900233
Q725874	359250386580010720
Q725880	6000000013909105371
Q7258834	6000000074732678210
Q72588571	6000000190593531821
Q7259	6000000005395440156
Q725904	6000000172457451996
Q72590430	6000000027018684665
Q725907	6000000002330374018
Q725908	6000000025359598707
Q725921	4491559295410061890
Q72592166	6000000000329683923
Q725927	6000000080544308232
Q725931	6000000003949828307
Q725940	6000000026324227888
Q7259727	6000000019346761424
Q725977	6000000016000486459
Q72599	6000000000305760302
Q7259933	6000000176095735997
Q725999	6000000012176122318
Q72600	6000000002192223095
Q726010	6000000020128653046
Q726029	6000000021269683276
Q726033	6000000039077929955
Q72604	6000000137530845840
Q726073	6000000026257213185
Q726082	6000000017359982067
Q726083	6000000002196842509
Q726085	6000000045320388830
Q726087	6000000012427315620
Q726105	6000000107698252831
Q726114	6000000075681001899
Q726118	6000000179395157835
Q726126	6000000076753913828
Q72614	6000000006824545191
Q726140	6000000025429435421
Q726142	6000000143875923836
Q726148	6000000011023960955
Q726156	6000000008648432448
Q726175	6000000007036920399
Q726177	6000000079642291893
Q726198	6000000012732629787
Q726217	6000000069533721217
Q726223	6000000012722322807
Q726226	6000000081191049849
Q72628	6000000025694111592
Q726280	6000000044152038908
Q726283	6000000070281855824
Q726293	6000000093562126848
Q72631	6000000001602061490
Q726310	6000000014245070390
Q726315	6000000005024112711
Q7263172	6000000059099709194
Q726321	6000000178919638828
Q726327	6000000002898226313
Q72633136	6000000003891404354
Q72633699	6000000016187539475
Q726355	6000000180249663835
Q726361	6000000177082285823
Q726365	6000000162538115999
Q726369	6000000037765183715
Q726374	6000000012698949367
Q726376	6000000000521720286
Q726398	6000000028022864164
Q7264027	6000000012265724429
Q7264042	6000000017939491940
Q7264046	6000000015356551960
Q726414	6000000100768986248
Q72642	6000000022450335235
Q726427	6000000009876313193
Q72643	6000000096667528162
Q72644869	6000000050006628000
Q726453	6000000001818365123
Q7264590	6000000034313661225
Q7264635	6000000024303245972
Q7264637	6000000011331627416
Q7264714	6000000024761597868
Q7264716	6000000017419766550
Q7264719	6000000174706795945
Q7264732	6000000023124198863
Q726477	6000000021274343565
Q7264864	360161841640001157
Q7264864	6000000078903060121
Q726503	6000000032328187664
Q726510	6000000018221168745
Q726518	6000000006823071249
Q72652	6000000007339628182
Q726521	6000000008531107288
Q726529	6000000064443589821
Q72654	6000000022360733910
Q7265414	6000000039977522597
Q72659	6000000178699182828
Q726590	5239305445950070111
Q726607	6000000000594974977
Q726625	6000000090992766837
Q72663299	6000000010565281088
Q726655	6000000058219803896
Q726692	6000000000408276265
Q72671471	6000000013037917193
Q726728	6000000070799780014
Q726744	6000000104514631236
Q726753	6000000000489138908
Q7267584	6000000075346010996
Q7267599	6000000074785873020
Q7267607	6000000074793244897
Q726764	6000000156884145822
Q72678	6000000029530811488
Q7268	6000000074771299837
Q72681	6000000082749699254
Q726811	6000000083437204332
Q7268210	6000000075426952822
Q726825	6000000141113347182
Q726839	6000000096877903842
Q72685649	6000000008105360089
Q726857	6000000019137519566
Q726861	6000000044399335596
Q726864	6000000021620762057
Q726890	6000000013239250509
Q72690399	6000000003722642492
Q726906	6000000026188212943
Q726953	6000000026239365681
Q7269626	6000000082594687313
Q726965	6000000003891018331
Q7269653	5486995581440073203
Q7269741	6000000037829754830
Q726979	6000000079200781839
Q726996	6000000000790776266
Q727001	6000000003234538069
Q727006	6000000015818575015
Q727012	6000000176653786936
Q7270190	6000000078250851397
Q727024	6000000145518693902
Q727036	6000000010169664729
Q72705	6000000063801002704
Q727052	6000000000469997915
Q72707	6000000014356674085
Q727082	6000000007441152228
Q727086	6000000022130399944
Q72709	6000000023712153512
Q727090	6000000015272905686
Q727099	6000000001000476933
Q7271	6000000074771283870
Q727112	6000000036363416380
Q727125	6000000033910622601
Q7271370	6000000034988516400
Q72713947	6000000022605609945
Q727148	6000000039283129083
Q72717	6000000029837228178
Q727170	6000000083877132879
Q727175	6000000038739325961
Q72718166	6000000120389044861
Q727187	6000000028480710055
Q727202	6000000012091568092
Q7272114	6000000012710108769
Q7272115	6000000010513839576
Q7272146	6000000009697305270
Q727220	6000000019134103339
Q727226	6000000022904920582
Q727237	6000000073315672843
Q727249	6000000005607200071
Q72726401	6000000017830333234
Q727289	6000000202608813823
Q7273	6000000015662407099
Q727301	6000000016383140966
Q72730231	6000000068518382984
Q72730669	6000000005441098246
Q727310	6000000078970927117
Q72731301	6000000003159212893
Q727324	6000000013639266139
Q72734	6000000011460461698
Q727340	4609859
Q7273452	6000000054522309841
Q727346	6000000003177827143
Q7273494	6000000002188243803
Q7273505	6000000013222401915
Q7273520	6000000015738830281
Q7273540	6000000026077219901
Q7273553	6000000000038116876
Q7273586	6000000024799667660
Q7273587	6000000024800002354
Q7273638	6000000044123160018
Q7273646	6000000030998597099
Q72736575	6000000210496145243
Q7273668	6000000151529360836
Q7273678	6000000001172139114
Q7273720	6000000054967547032
Q72738331	6000000084607522124
Q7273925	6000000009170480975
Q7274039	6000000001180125575
Q7274070	6000000014907131391
Q7274106	6000000081791532072
Q727443	6000000086522420905
Q727463	6000000178793591833
Q7274640	6000000010530373738
Q72748	6000000075678122207
Q72748202	6000000036898521061
Q727525	6000000137535990876
Q727555	6000000011915522957
Q72756	6000000180624544823
Q727574	6000000012059376271
Q727580	6000000069377860965
Q7275840	6000000075507675965
Q727587	6000000033511489858
Q72758713	6000000041282228750
Q72758754	6000000111083928920
Q727612	6000000035311313534
Q72762	6000000080561499622
Q727621	6000000013733644565
Q727629	6000000121600412951
Q727636	6000000034314121928
Q727637	6000000015563784072
Q727643	6000000030969750144
Q727645	6000000022686414484
Q727653	6000000026653586274
Q72766344	6000000031917057979
Q727671	6000000181010486821
Q727677	296171229970004855
Q727696	6000000006254179706
Q7277	6000000074771302852
Q72770	4113919
Q72773	6000000074317784822
Q727740	6000000006886037247
Q727748	6000000001862247958
Q727753	6000000016510380186
Q727759	6000000068747821947
Q7277954	6000000009823931586
Q72781278	6000000081785941953
Q72782	6000000069563826965
Q727821	6000000010200788744
Q7278420	324182509110006402
Q727847	6000000019986400891
Q7278604	6000000013641356306
Q72786069	6000000175335587408
Q72787	6000000022851583968
Q7278956	6000000006772115287
Q72790	6000000002252085153
Q727904	6000000008707080079
Q727905	6000000003858695567
Q72790973	6000000031950467147
Q72790973	6000000038603060774
Q72792	6000000047595401061
Q7279237	6000000000898756951
Q7279267	6000000092669834399
Q7279274	6000000076118103852
Q7279275	6000000177621286835
Q7279302	6000000007323151642
Q727932	6000000012397307387
Q7279331	6000000008062884200
Q7279343	6000000042924560968
Q7279347	6000000082736706045
Q7279359	6000000010056085805
Q7279360	6000000040984665799
Q727938	6000000010554427608
Q7279421	6000000047767682842
Q7279432	6000000178004937905
Q7279474	6000000001518354805
Q72795	6000000006101180867
Q727953	6000000002388885538
Q727970	6000000014092113805
Q727985	6000000085483672967
Q7280	6000000074770965996
Q72800	6000000148729714863
Q728006	6000000008449522780
Q728007	6000000011303437731
Q7280179	368454938340012007
Q728029	6000000025583597263
Q72803623	6000000003157787788
Q728050	6000000015197430809
Q728062	6000000003410730892
Q72808	6000000026622508037
Q728087	6000000003110531467
Q72809	6000000002131324638
Q728133	6000000181948305823
Q7281390	6000000084110657226
Q72814	6000000019924654703
Q7281498	6000000076787822228
Q728162	6000000030413953413
Q72819	6000000033896512683
Q7281913	6000000000400728116
Q728194	6000000019935071679
Q72819529	6000000012761764941
Q728197	6000000048692856002
Q7282	6000000074771119906
Q728201	6000000048609180947
Q7282036	6000000014303855420
Q7282057	6000000022798406853
Q728212	6000000020154634645
Q728214	6000000040518104841
Q72821444	6000000006771525389
Q728217	6000000076131701835
Q7282210	6000000010390371365
Q7282258	6000000027859654059
Q7282328	6000000001420179190
Q7282348	6000000001758925278
Q7282470	6000000014819066914
Q72825	6000000016092688939
Q728262	6000000013245869157
Q728293	6000000176987416886
Q728305	6000000012114949393
Q7283094	6000000003709262386
Q7283130	6000000006861003981
Q7283137	6000000031766346141
Q7283148	6000000039165548434
Q7283149	6000000123216087014
Q7283155	6000000183406068843
Q7283164	6000000022131214019
Q7283165	6000000015158765036
Q7283172	6000000016541243343
Q7283193	6000000006203663067
Q72832	6000000184106266835
Q7283201	6000000018347154494
Q7283202	6000000006867962325
Q7283203	6000000081320610033
Q7283204	6000000035193129293
Q728322	6000000144748594907
Q7283228	6000000027426717873
Q728328	6000000063737537883
Q728331	6000000109139929839
Q728337	6000000039995062928
Q72834	5528122870090049724
Q7283400	6000000032559689903
Q72836	6000000037989905256
Q72836121	6000000041561719973
Q728365	6000000033762576354
Q72838	6000000019477374235
Q7283849	6000000032214271845
Q728396	6000000031444598690
Q728403	6000000008356857051
Q7284067	6000000164962999867
Q72842899	6000000010859507572
Q728432	6000000080360643872
Q728434	6000000018269780220
Q728434	6000000154956689946
Q728439	6000000157718797846
Q7284409	6000000076907033381
Q7284421	6000000003251140814
Q7284435	6000000013049350313
Q7284533	6000000007014445005
Q7284541	6000000032163045440
Q728478	6000000003456463662
Q728484	6000000157295128829
Q7284967	6000000114009716330
Q7285	6000000074770348208
Q728501	6000000001027713459
Q72850857	6000000181675543828
Q72852	6000000020676879877
Q72853	6000000039971059137
Q728530	6000000020053488821
Q7285307	6000000010515502441
Q728542	6000000017806800927
Q728543	6000000008259254226
Q7285487	6000000000315886529
Q72856416	6000000011460713858
Q72857969	6000000005697941280
Q728583	6000000157018400823
Q728586	6000000177082306846
Q728589	6000000150923583893
Q72859	6000000021438112404
Q7286	6000000011478397985
Q72860	6000000022471393282
Q728601	6000000013041427849
Q72860281	6000000006794786742
Q72861	6000000023525608044
Q728615	6000000012125111984
Q72862	6000000027949396629
Q7286312	6000000010208062642
Q72863612	6000000183225950845
Q72864	6000000128000085821
Q7286570	6000000178009448823
Q7286583	6000000031808170766
Q7286896	6000000014514046213
Q72869	6000000000303690159
Q7286907	6000000003815165796
Q7286907	6000000064851926884
Q7286919	6000000011316883156
Q728694	6000000003827674168
Q728712	6000000025297301412
Q7287147	6000000001916429914
Q7287182	6000000069158650865
Q7287185	6000000010717861342
Q7287188	6000000008044406305
Q7287206	6000000006194970308
Q7287216	6000000034053575031
Q7287229	6000000029677964430
Q7287232	6000000010371498140
Q7287239	6000000076886104304
Q7287243	6000000010228779146
Q7287257	6000000178851926828
Q7287260	6000000000273023174
Q7287283	6000000001277159606
Q72872944	6000000183692397897
Q7287321	6000000001690077343
Q7287328	6000000046558422280
Q7287332	6000000141915432120
Q7287336	6000000029473795133
Q72873445	6000000181416917917
Q7287346	6000000028746259935
Q7287366	6000000028891038327
Q7287390	6000000012752002322
Q7287399	6000000056341382877
Q7287436	6000000167154901833
Q7287440	6000000062746476917
Q7287447	6000000005600297023
Q7287455	6000000065582725929
Q7287458	6000000042127856849
Q7287471	6000000006444668216
Q7287486	6000000077422820368
Q7287488	6000000025403794863
Q728749	6000000023165411979
Q7287496	6000000008231085907
Q7287499	6000000002831280504
Q7287502	6000000003121129011
Q7287505	6000000017337914222
Q72875133	6000000002354297137
Q7287531	6000000091285246823
Q7287538	6000000018501536829
Q7287549	6000000016465885864
Q7287564	6000000086535483949
Q7287593	6000000025068886044
Q7287619	6000000176347018842
Q7287635	6000000022624144453
Q7287637	6000000045298726233
Q7287641	6000000131341085217
Q7287648	6000000075684828859
Q7287655	6000000024745959685
Q7287658	6000000037205737916
Q7287671	6000000006725587447
Q7287685	6000000020557300621
Q7287688	6000000013320216533
Q7287704	6000000048008194031
Q7287728	6000000176514012822
Q7287750	6000000014026379453
Q7287809	6000000003114601282
Q7287827	6000000077193282124
Q7287828	6000000021289785161
Q7287845	6000000015878402036
Q728786	6000000000769996962
Q7287871	6000000007362776533
Q7287891	6000000164645743822
Q7287912	6000000027720609557
Q7287914	6000000058541863085
Q7287916	6000000058605282618
Q7287939	6000000028101392487
Q7287940	6000000056345872909
Q7287952	6000000026404880554
Q7287958	6000000043335694594
Q7287971	6000000012632864378
Q7287977	6000000175728467865
Q7287981	6000000012937314281
Q7287989	6000000048924580856
Q7287996	6000000029638072924
Q7288032	6000000078893682190
Q7288037	6000000002648721770
Q7288055	6000000020035204979
Q728806	6000000049645936852
Q7288070	6000000063413325821
Q7288116	6000000020853804038
Q7288118	6000000172532871925
Q7288126	6000000006762253579
Q7288127	6000000018465551846
Q7288139	6000000072727866334
Q7288147	6000000015732814834
Q7288167	6000000041552490978
Q7288196	6000000027391789938
Q7288197	6000000021384697219
Q7288215	6000000169049057877
Q7288241	6000000043384989466
Q7288268	6000000011467588795
Q7288269	6000000058126597018
Q728830	6000000007389262598
Q7288305	6000000015232012966
Q728833	4731275613620028411
Q7288344	6000000068538705876
Q72884	6000000028062592110
Q72885	6000000001911729097
Q7288530	6000000009584060117
Q728855	6000000049692279869
Q7288569	6000000178526658891
Q728861	6000000083542645942
Q728867	6000000094880710800
Q7288714	6000000031591408523
Q728876	6000000028070455982
Q7288763	6000000016799933853
Q7289	6000000074771291856
Q728925	6000000000704095876
Q72897	6000000005008588316
Q7289876	6000000000074420753
Q728988	6000000010094792178
Q728991	6000000013675823632
Q7289935	6000000017518390946
Q729012	6000000021470301204
Q7290127	6000000041435766895
Q7290138	6000000034907397358
Q729018	6000000014969693100
Q729031	6000000216583257825
Q729032	6000000069413005831
Q7290436	6000000000071053216
Q729054	6000000000985588776
Q72905548	6000000015955708349
Q7290570	6000000003347663020
Q7290709	6000000017968959911
Q72908	6000000008328671933
Q729088	6000000009145903514
Q729091	6000000026778308108
Q729098	6000000023911493261
Q72911	6000000001046267671
Q729129	6000000178119753821
Q729137	6000000008945408083
Q729145	6000000051444443095
Q729147	6000000031905517507
Q7291476	6000000000629562225
Q7291480	6000000029590615012
Q7291555	6000000000271766243
Q7291651	6000000007311177664
Q7291689	6000000043188048328
Q7291710	6000000007618860312
Q7291715	6000000009544454504
Q7291784	6000000008872198065
Q7291827	6000000003522781968
Q729185	6000000089870650013
Q7291850	6000000001960166968
Q7291861	6000000183411707822
Q7291864	6000000004868960051
Q7291885	6000000010007627237
Q72919	6000000002142087088
Q72919199	6000000020341698628
Q7292	6000000074771309840
Q7292032	82274
Q7292097	6000000018039774015
Q729220	6000000016648042940
Q72922187	6000000003084239858
Q7292332	6000000028496454703
Q7292384	6000000111375178822
Q72924	6000000026010668468
Q7292453	6000000010565196765
Q7292455	6000000171517080896
Q72926628	6000000019829593267
Q72927	6000000030792826354
Q72927058	6000000175890146840
Q729299	6000000010673338366
Q7293	6000000075326827877
Q729311	6000000080585562846
Q72932	6000000030367871744
Q729326	6000000151125404861
Q7293267	6000000088066747173
Q729328	6000000150668178105
Q729330	6000000012327031633
Q72934044	6000000042965681745
Q7293476	6000000026547974996
Q729356	6000000010764434938
Q7293568	6000000109345962887
Q729364	6000000004307076200
Q72936603	6000000008239521927
Q72936835	6000000031874668609
Q72937	6000000001194777580
Q72937154	6000000018003959273
Q72937528	6000000004543877968
Q7293755	6000000028584915103
Q7293755	6000000031589938413
Q7293760	6000000004113658828
Q72937962	6000000022467846134
Q72938	6000000182139222876
Q72938728	6000000012095128223
Q7293953	4111161852820078645
Q7293970	6000000018821898590
Q7293995	6000000010093764911
Q7294	6000000015841869884
Q72941063	6000000016310606190
Q72941175	6000000016722156600
Q7294282	6000000002028686091
Q72944	6000000000061094847
Q7294436	6000000001699436774
Q7294452	6000000000281664561
Q7294453	6000000028043787920
Q729462	6000000055075230926
Q729486	6000000004230899968
Q7294912	6000000034605954528
Q72949840	6000000117701852921
Q729508	6000000127147968074
Q729510	6000000016162365795
Q7295101	6000000036441340650
Q7295105	6000000002845613658
Q7295109	6000000006409681640
Q7295118	6000000068861328861
Q7295119	6000000024216334069
Q7295124	310403552040005696
Q7295126	6000000024872349368
Q729525	6000000013450835230
Q72952792	6000000011176529675
Q729529	6000000017453026197
Q7295346	6000000046295997272
Q7295408	6000000089672850835
Q729543	6000000002740477598
Q7295476	6000000017602752341
Q729564	6000000034084267640
Q72957	6000000029913870113
Q72958816	6000000016869790130
Q729594	6000000009102567240
Q7295944	6000000009583760174
Q72960434	6000000023401146873
Q7296149	6000000037013654016
Q7296199	6000000030696524244
Q7296232	6000000072857495858
Q7296233	6000000011707650838
Q729627	6000000000632175362
Q72964187	6000000177510331840
Q729648	6000000013762873640
Q72965345	6000000113739689832
Q729661	6000000007738595610
Q729662	6000000019543584031
Q72967	6000000018569919033
Q72968089	6000000011081616293
Q729694	6000000015978515430
Q7297	6000000075326412119
Q7297138	6000000151498416954
Q7297148	6000000084913121921
Q7297171	6000000038316991270
Q72972	6000000000300840957
Q7297213	6000000003849903616
Q7297286	6000000066830588821
Q7297393	6000000000028884728
Q7297409	6000000061480413835
Q7297443	6000000021455313780
Q7297476	6000000091550713824
Q7297517	6000000019880221780
Q7297546	6000000076787337292
Q7297570	6000000178176113830
Q7297602	6000000020165358164
Q7297612	6000000006945570187
Q7297707	6000000002352355137
Q7297715	6000000041239665824
Q7297778	6000000166749877945
Q72978	6000000000518705246
Q729781	6000000019185704246
Q7297811	335726453760006055
Q7297834	6000000048335960999
Q72979	6000000020933690035
Q729796	6000000167084916830
Q7298	6000000015700412259
Q72981044	6000000104892865896
Q72981052	6000000033169437015
Q7298115	6000000012787373424
Q7298165	6000000011693428506
Q72982531	6000000006437259222
Q729828	6000000027524532265
Q72983	6000000078636635393
Q729837	6000000035728941116
Q72984	6000000002447358945
Q729842	6000000054244075045
Q72984610	6000000077071670903
Q7298604	6000000010879237975
Q729862	6000000166787064852
Q7298645	6000000029902110872
Q72986604	6000000026944693203
Q7298684	6000000082822043933
Q7298748	6000000003233337482
Q7298806	6000000088959096100
Q7298812	6000000014156440576
Q72988271	6000000002765877986
Q72988386	6000000016282733697
Q729885	6000000035390652057
Q7298860	6000000048944457998
Q7298872	6000000028816411068
Q7298928	6000000080066029186
Q7298932	6000000013052244049
Q7298934	6000000000875614058
Q7298987	6000000007321822889
Q7299056	6000000009549574632
Q7299076	6000000004326116920
Q7299082	6000000100986788846
Q7299085	6000000006450659219
Q7299110	6000000069438806950
Q7299123	6000000023526824238
Q7299127	6000000046667029640
Q7299172	6000000017261219815
Q72992040	6000000025023081738
Q7299253	6000000015263602857
Q7299259	6000000013778041323
Q7299305	6000000193955628822
Q72994	6000000002765606822
Q72996	6000000006966929113
Q729969	6000000014058049020
Q72997	6000000000119010019
Q7299719	6000000176980707849
Q729983	6000000173096386958
Q7299845	4948766099560041617
Q72999	6000000040707835008
Q73000	6000000000463507157
Q730008	6000000011889600051
Q73001	6000000000412666194
Q730017	6000000007171574296
Q73003414	6000000009393500915
Q730045	6000000003936176118
Q730056	5107551399890115298
Q7300587	6000000121957375981
Q73007	6000000031136712556
Q73007641	6000000182059152823
Q73008815	6000000058451257866
Q730089	6000000156919542823
Q73009562	6000000017685101026
Q730100	6000000176956649883
Q730110	6000000008550293782
Q730128	6000000101047303864
Q73013657	6000000043165111943
Q7301472	6000000094123191864
Q730149	6000000013163522829
Q73015	6000000000406738125
Q730157	6000000016290446141
Q7301664	6000000071772840904
Q7301672	6000000003061678195
Q7301677	6000000008231139791
Q7301742	6000000015760783329
Q7301758	6000000036714357949
Q73017833	6000000012598558386
Q73018167	6000000018061512001
Q7301817	6000000001649236241
Q7301818	6000000168192936563
Q7301838	6000000003146907141
Q7301875	6000000000209545174
Q7301975	6000000006513667636
Q7302	6000000015720813726
Q7302000	6000000002526222631
Q73020105	6000000014322985443
Q730234	6000000151402021003
Q730239	6000000168984673969
Q7302408	6000000183939172218
Q7302441	6000000006769627533
Q730270	6000000042559217123
Q73030	6000000054571776859
Q730310	6000000010484310112
Q730325	6000000081587965922
Q73034992	6000000015471518260
Q730358	6000000048097485825
Q7303630	6000000089686720842
Q730367	6000000016968012677
Q7303672	6000000103335738925
Q73037569	6000000005145763008
Q7303760	6000000023422051948
Q73039	6000000176414434827
Q7303934	6000000129323181924
Q7304	6000000007265312908
Q73041350	6000000046050650352
Q73042373	6000000030892055483
Q7304248	6000000006264693289
Q73044185	6000000003105261291
Q7304575	6000000078054841917
Q7304602	6000000068034238883
Q730470	6000000015476043283
Q73049605	6000000000572434025
Q730516	6000000008277337396
Q730569	6000000001245020015
Q73058	6000000041397381115
Q730582	6000000076895023859
Q73059	6000000018588769755
Q7306334	6000000010982122464
Q7306619	6000000018698361432
Q7306646	6000000022159854075
Q7306657	6000000031923236054
Q7306661	6000000031068514295
Q73067	6000000002002567729
Q730692	6000000079389410822
Q730697	6000000104668828823
Q73076	6000000016300218018
Q730800	6000000179620771822
Q730802	6000000011627119485
Q7308062	6000000018382922003
Q73085	6000000025592514005
Q7308571	6000000011852405216
Q7308582	6000000011772699055
Q73086	6000000096339990148
Q7308603	6000000053130703922
Q7308613	6000000015850656610
Q7308616	6000000014024510412
Q7308617	6000000009397669195
Q7308620	6000000012634120698
Q7308622	6000000031008774954
Q7308632	6000000024237362993
Q7308652	6000000024293526893
Q7308653	6000000014442842637
Q7308659	6000000013195947308
Q7308666	6000000018702311347
Q7308718	6000000001600536412
Q7308725	6000000018711490881
Q7308734	6000000022202632243
Q7308739	6000000036943496550
Q7308740	6000000154561469826
Q7308745	6000000004868058439
Q7308751	6000000017087965380
Q7308780	6000000066640988824
Q7308791	6000000011824153862
Q7308798	6000000040187336404
Q7308799	6000000019575978031
Q7308815	6000000178423625867
Q7308826	6000000009886695750
Q730883	6000000180047928824
Q7308843	6000000000615112945
Q7308844	6000000010811430987
Q7308845	6000000003891557877
Q7308860	6000000006602669450
Q7308877	6000000032423407950
Q730889	6000000137140189887
Q73089	6000000000562038199
Q7308908	6000000003827145505
Q7308933	6000000007200945519
Q73093	6000000013760596328
Q7309340	6000000042190226583
Q730936	6000000028024972993
Q730957	6000000003541952041
Q730958	6000000012479391274
Q73096168	6000000071271924020
Q730962	6000000021633669129
Q730966	6000000145086299862
Q730969	6000000176037675829
Q73098	6000000026187174340
Q7309943	6000000035556454729
Q7309985	6000000004078737715
Q7310009	6000000030467875608
Q7310019	6000000011297481585
Q7310021	6000000018981486749
Q7310024	6000000082873381107
Q7310029	6000000173126777605
Q7310034	6000000015580060188
Q7310037	6000000181849641824
Q7310288	6000000008871381000
Q731030	6000000075405584889
Q7310376	6000000008730629105
Q7310383	6000000044788642853
Q7310413	6000000128833166825
Q7310415	6000000017638195769
Q731050	6000000023723190899
Q731056	6000000182834935830
Q73106	6000000015812048880
Q731076	6000000028085970744
Q731088	6000000184989110836
Q731097	6000000035561000792
Q7311	6000000026909774718
Q731106	6000000043587231966
Q731108	6000000069592290845
Q73111	6000000014046029248
Q73111278	6000000002188508067
Q731125	6000000021856245188
Q73113	6000000011938147161
Q731148	6000000015271312670
Q731168	6000000020998143759
Q73116903	6000000015564530332
Q7311795	6000000148426453821
Q731187	6000000057239787142
Q73119397	6000000043433760249
Q731195	4190390744760074800
Q7312	6000000015691167757
Q731215	6000000022906036268
Q7312257	6000000020237121307
Q73122752	6000000050214438972
Q7312345	4655274973240085291
Q7312347	6000000008477502387
Q731264	6000000017987921876
Q73128420	6000000031939708924
Q73129106	6000000010228301211
Q7312928	4647145278130033113
Q7312958	6000000042056885496
Q7312983	6000000070680414939
Q73131	6000000012780090518
Q731311	6000000015252606219
Q731316	6000000009774290133
Q7313297	6000000050894877920
Q731331	6000000118389254826
Q73133828	6000000000064735922
Q7313483	6000000022963397239
Q731354	6000000043381535047
Q7313570	6000000008873766160
Q73136	6000000024221078416
Q7313621	6000000142927802844
Q7313647	6000000012442082800
Q7313672	6000000027688506275
Q7313697	6000000016434510176
Q7313733	6000000081535033867
Q7313770	6000000026892331231
Q7313779	6000000014585691483
Q731379	6000000018833451108
Q7313795	6000000062267171832
Q7314	6000000016435442492
Q731435	6000000021633784023
Q731448	6000000151269260833
Q731456	6000000012318531465
Q73146476	6000000182954301854
Q73146908	6000000182637686821
Q73148	6000000021579621451
Q7314890	6000000010411609277
Q731492	6000000009888740776
Q7315	6000000015692056314
Q731504	6000000006324196406
Q73153410	6000000056638592852
Q7315713	6000000000491269791
Q73160190	6000000038582196654
Q731621	323770308500002743
Q73164	6000000018998816624
Q731656	6000000008862351668
Q73168	6000000015461363462
Q731680	6000000026215993124
Q731694	6000000046285123863
Q7317	6000000003816323621
Q731703	6000000097314025667
Q731706	6000000028376708868
Q7317152	325047766010005539
Q73173007	6000000009465005388
Q7317423	6000000025109541395
Q7317432	6000000035781235606
Q7317433	6000000035781325386
Q7317450	6000000042919349877
Q7317457	6000000005956820070
Q7317458	6000000022988608981
Q7317459	6000000021065660929
Q7317480	6000000084684974107
Q7317484	6000000012388076513
Q7317490	6000000000102458349
Q73175	6000000084502020956
Q7317501	6000000004978816697
Q7317505	6000000056637825971
Q7317514	6000000008713355267
Q7317531	6000000002692724472
Q7317532	6000000001691177823
Q7317642	340915372210012732
Q731770	6000000010598675473
Q7317710	6000000073420264944
Q731783	6000000034606558572
Q731786	6000000000947380885
Q73179705	6000000003891113210
Q731808	6000000018767937999
Q731813	5251988875650129314
Q7318144	6000000017383931526
Q731818	6000000017204494763
Q731829	6000000015123499466
Q731865	6000000000708494706
Q731876	6000000024307304559
Q73189	6000000018071867431
Q731905	6000000125084854821
Q7319131	6000000030081483794
Q7319149	6000000045607739923
Q7319175	6000000056342027896
Q7319186	6000000094888900055
Q731924	6000000019537397494
Q7319248	6000000038343933092
Q73193	6000000023983645971
Q731930	6000000023937971901
Q7319315	6000000104309021907
Q7319325	6000000140149301944
Q7319337	6000000030713500544
Q731937	6000000010763898917
Q7319429	6000000054482226938
Q7319518	6000000013777408722
Q7319573	6000000080099384161
Q7319596	6000000006108037860
Q7319601	6000000030168039632
Q7319629	6000000033641078540
Q7319633	6000000011071280380
Q73196917	6000000007537808851
Q7319875	6000000007299022628
Q7319895	6000000112472901850
Q7320422	6000000177115588851
Q732055	6000000168885938847
Q7320575	6000000013450615664
Q7320832	6000000015791803682
Q7320840	6000000026448237302
Q732114	6000000004974629913
Q7321348	6000000065230840848
Q732135	6000000023826873135
Q732153	6000000017155630992
Q732160	6000000067598349829
Q7321605	6000000071820094981
Q732166	6000000001689750715
Q7321835	6000000055170880907
Q732185	6000000068412630821
Q732188	6000000019011386218
Q73219	6000000003431995337
Q7322	6000000000432836404
Q732202	6000000017641964811
Q732204	6000000019907721686
Q73221908	6000000018116623219
Q7322352	6000000078638348912
Q7322474	6000000015203556893
Q732248	6000000013684135688
Q73225550	6000000007823896645
Q73226474	6000000005835325015
Q7322749	6000000010303858745
Q73227620	6000000028258406953
Q7322787	6000000004569042403
Q7322800	6000000071121766175
Q7322917	6000000025469502342
Q732295	6000000017699325409
Q7322961	6000000178428420822
Q7323024	6000000006444223237
Q732313	6000000015419319303
Q732327	6000000029538626921
Q7323402	6000000026767789377
Q7323434	6000000071152642947
Q7323511	6000000010588298256
Q7323617	6000000001546475051
Q7323631	6000000019291256142
Q7323643	6000000008934762918
Q7323649	6000000016922504751
Q7323665	6000000021830820906
Q7323674	6000000023095073857
Q7323685	6000000025524852456
Q7323686	6000000034564261020
Q7323708	6000000006576608119
Q7323728	6000000033968921863
Q7323736	6000000105853162748
Q7323740	6000000006575082599
Q7323747	6000000013332818657
Q7323748	6000000023515139016
Q7323750	6000000013332919477
Q7323756	6000000037813553365
Q7323765	6000000019319446011
Q7323779	6000000017420024754
Q7323798	6000000020342682484
Q7323812	6000000017766741299
Q7323828	6000000002788095053
Q7323845	6000000043729847994
Q7323847	6000000028452970222
Q7323889	6000000001242167403
Q7323902	6000000013617648728
Q7323909	6000000017666844806
Q7323910	6000000056433636217
Q7323916	6000000022912962956
Q7323926	6000000012566190366
Q7323932	6000000036033059634
Q7324	6000000001646208494
Q7324028	6000000009946154009
Q7324073	6000000014717898067
Q73240823	6000000007196085490
Q7324089	6000000000250388698
Q7324104	6000000005761759020
Q7324110	6000000171174226834
Q7324115	6000000034759620849
Q7324116	6000000071687266457
Q7324133	6000000001383844838
Q732414	6000000018647397831
Q7324153	6000000077372302420
Q7324158	6000000012335881511
Q7324164	6000000015404805260
Q7324167	6000000003446416281
Q7324187	6000000000070862806
Q7324206	6000000001783108208
Q7324207	6000000008630910191
Q7324214	6000000009954642201
Q7324231	6000000075787733911
Q7324247	6000000037680482440
Q7324259	6000000018964105549
Q7324261	6000000093905465209
Q7324264	6000000033194458370
Q7324296	6000000012673562910
Q7324298	6000000002188508661
Q7324299	6000000002188508633
Q73243	6000000057609744938
Q7324304	6000000026405041206
Q7324304	6000000073979684984
Q7324378	6000000019895054310
Q7324418	6000000000112139529
Q7324427	6000000031316992548
Q7324442	6000000002603745485
Q7324457	6000000008521353816
Q732448	6000000016910330241
Q7324486	6000000027272700902
Q7324495	6000000010002757042
Q7324496	6000000005249813457
Q7324503	6000000011572321045
Q7324514	6000000002931014843
Q7324520	6000000017273269876
Q7324521	6000000013301392496
Q7324532	6000000026480923581
Q7324583	6000000011243243869
Q7324597	6000000013619212661
Q7324629	6000000014516179708
Q7324632	6000000013433625139
Q7324684	6000000007513730205
Q7324695	6000000002551762516
Q7324703	6000000042682786140
Q7324717	6000000002738771293
Q732472	6000000050795246887
Q7324725	6000000033709644317
Q7324727	6000000005250216709
Q7324735	6000000050012288039
Q7324739	6000000000436874455
Q732474	6000000026547659940
Q7324765	6000000034588668033
Q7324768	6000000040783230250
Q7324771	6000000026435787876
Q7324794	6000000012137969599
Q7324795	6000000012138072353
Q7324802	6000000020074779668
Q7324809	6000000152197370946
Q7324811	6000000000613954004
Q7324831	6000000013077287797
Q7324846	6000000015698783573
Q7324849	6000000119336654841
Q7324892	6000000021582727652
Q7324902	6000000002400760089
Q7324902	6000000140277645824
Q7324925	6000000013213820244
Q7324926	6000000013213256100
Q7324930	6000000006906884717
Q7324935	6000000084507283061
Q7324946	6000000164884036930
Q7324953	6000000012813478431
Q7324972	6000000013450872032
Q7324974	6000000004970294650
Q7324976	6000000031237197061
Q7325001	6000000089078492314
Q7325004	6000000018222426453
Q7325013	6000000004868061848
Q7325015	6000000000307250301
Q7325016	6000000002188514609
Q7325020	6000000077194897596
Q7325036	6000000014874807051
Q7325085	6000000006775430507
Q7325129	6000000011223923571
Q732513	6000000021689636536
Q7325150	6000000016756061271
Q7325168	6000000013518795367
Q73252140	6000000000859493395
Q7325252	6000000151069807825
Q7325282	6000000027880205497
Q73253	6000000016894362161
Q7325314	6000000063789651018
Q7325318	6000000023814207957
Q7325326	6000000040441041414
Q7325333	3992758597370073870
Q7325349	6000000032212140553
Q7325372	6000000176836539824
Q732541	6000000002145124055
Q7325433	6000000017510414161
Q7325437	6000000069992239863
Q7325442	6000000001368835018
Q7325449	6000000035196807723
Q732545	6000000000731754008
Q7325491	6000000038353633384
Q7325531	6000000021015539300
Q7325555	6000000010496821227
Q7325602	6000000009888993464
Q7325609	6000000053658441492
Q7325642	6000000019619378682
Q7325672	6000000001491430252
Q7325687	6000000014208576202
Q732569	6000000002527167561
Q7325690	6000000001877484314
Q7325691	6000000030150702600
Q7325692	6000000030151247391
Q7325696	6000000014837993233
Q73257	5528150512620023968
Q7325721	6000000011832867920
Q7325722	6000000029301729853
Q7325726	6000000036217695199
Q7325736	6000000054820854949
Q7325757	6000000012697659426
Q7325758	2411815
Q7325764	6000000035922448029
Q7325801	6000000120114164843
Q7325810	6000000044040239988
Q7325813	6000000011500369423
Q7325836	6000000177261459886
Q7325861	6000000010202544741
Q7325871	6000000026531890256
Q7325877	6000000104567125991
Q7325884	6000000088436353831
Q7325898	6000000001999273084
Q7325917	6000000017634595447
Q7325928	6000000018834011196
Q7325950	6000000005428629111
Q7325961	6000000012741242790
Q7326006	6000000014854629853
Q7326013	6000000004079799835
Q7326025	6000000006805278233
Q7326028	6000000024311298315
Q7326042	6000000013565188999
Q7326071	6000000006999542302
Q7326079	6000000003243404403
Q7326083	6000000008630274376
Q7326088	6000000015605389237
Q7326097	6000000030006519524
Q7326098	6000000007006342134
Q732610	6000000006591588178
Q7326101	6000000113063303194
Q7326109	6000000002403597130
Q7326120	6000000040333598742
Q7326121	3829230
Q7326137	6000000183409010835
Q7326151	6000000138667119834
Q732617	6000000027685236381
Q7326223	6000000123516324853
Q7326228	6000000022866529372
Q7326231	6000000016615223316
Q7326239	6000000010658694681
Q7326245	6000000020643585472
Q7326246	6000000012662671640
Q7326247	6000000011039806126
Q7326287	6000000001536718574
Q7326300	6000000024630108401
Q7326304	6000000014819602713
Q7326369	6000000013433097640
Q7326370	6000000015973015291
Q7326371	6000000002898234792
Q7326394	4545979709690023067
Q7326397	6000000001180243280
Q7326399	6000000043278750891
Q7326400	6000000015965021028
Q7326411	5476091876350056118
Q7326429	6000000005437543170
Q7326454	6000000019600950651
Q7326525	6000000027817118821
Q7326558	6000000014442943386
Q7326562	6000000073176739822
Q7326573	6000000100767690500
Q7326581	6000000017429499767
Q732661	6000000021824773823
Q7326680	6000000000076296148
Q7326709	6000000048234185141
Q7326750	6000000180760094898
Q732678	3970714729430045179
Q7326790	6000000173389957590
Q7326803	6000000048479924484
Q7326832	6000000016397540546
Q7326872	6000000176029298822
Q7326876	6000000088490251996
Q7326884	6000000007035553025
Q7326887	6000000019246225665
Q73269595	6000000014766682281
Q73269739	6000000116300907132
Q7326995	6000000077737988388
Q7327	6000000026064697163
Q7327059	6000000026002170091
Q7327064	6000000014057982171
Q7327077	6000000075963925836
Q7327091	6000000006864217567
Q7327095	6000000039690167774
Q7327116	6000000002116376886
Q7327117	6000000015731013046
Q732712	6000000003888814991
Q7327122	6000000010810728369
Q7327131	6000000106687574835
Q7327174	6000000064490217937
Q7327183	6000000010521954549
Q732720	6000000039681368009
Q7327207	6000000015109237992
Q73272104	6000000116256431825
Q7327223	6000000102600290890
Q7327224	6000000050835876852
Q7327226	6000000001877509098
Q7327230	6000000012549738394
Q7327243	6000000009324142097
Q7327244	6000000011853083047
Q7327277	6000000021806785809
Q7327278	6000000017875976869
Q732728	6000000003923064914
Q7327320	6000000009755470640
Q7327352	6000000020546375268
Q7327353	6000000007355898325
Q7327402	6000000012950748527
Q7327403	6000000000152895821
Q7327419	6000000053321008004
Q7327436	6000000011361792257
Q7327439	6000000006444768042
Q7327444	6000000050513254374
Q7327445	6000000038330270097
Q7327481	6000000000352440280
Q7327485	6000000009267648253
Q7327486	6000000056082470864
Q7327488	6000000017244637147
Q7327492	6000000011502109145
Q7327517	6000000035215249227
Q7327527	6000000083369172410
Q7327531	6000000013580454067
Q7327582	6000000008648245267
Q7327621	6000000175882317832
Q7327636	6000000152018842822
Q7327638	6000000055305650892
Q7327653	6000000030226586437
Q7327675	6000000006444270089
Q73277098	6000000136813912833
Q7327762	6000000012640824845
Q7327763	6000000013406447624
Q7327770	6000000036773916208
Q7327869	6000000014494998070
Q7327884	6000000010262770732
Q7327885	6000000009539464392
Q7327886	299379893200004398
Q7327890	6000000056776050082
Q7327917	6000000024580329228
Q73279362	6000000059973666821
Q7327962	6000000006444209699
Q7327976	6000000007605667163
Q7327977	4863157318970076182
Q73279851	6000000083859883986
Q732799	6000000027640562372
Q7328	6000000013885219727
Q7328004	6000000013706305875
Q7328033	6000000000426618015
Q7328034	6000000008630274391
Q7328035	6000000022303811115
Q7328036	6000000022304706460
Q7328051	6000000010136000897
Q7328052	6000000019349866415
Q7328055	6000000016757903609
Q7328077	6000000087736099842
Q7328095	6000000019034384001
Q7328165	6000000177727576826
Q7328183	6000000012772030469
Q7328185	6000000019176883007
Q732819	6000000029986710116
Q732820	6000000102712119866
Q7328204	6000000014349202052
Q7328205	6000000037693975642
Q7328214	364599749830006061
Q732822	6000000015727447440
Q73282357	6000000068369726821
Q7328239	6000000027325900131
Q7328239	6000000058611413912
Q7328249	6000000003275717636
Q7328287	6000000019365036864
Q7328356	6000000012876696752
Q7328360	6000000078742611566
Q7328362	6000000009693609499
Q7328385	6000000043335578629
Q7328387	6000000017488599301
Q7328390	6000000036161757821
Q7328399	6000000138936069864
Q7328401	6000000020035249075
Q7328407	6000000014832011159
Q7328408	6000000014831843483
Q7328410	6000000027729112681
Q7328434	6000000003370178325
Q7328435	6000000014668753575
Q7328454	6000000000769936221
Q7328485	6000000024248391442
Q7328487	6000000018869391011
Q73285245	6000000006835760659
Q7328547	6000000007840213275
Q7328566	4114248791330047823
Q7328571	6000000016948623800
Q7328574	6000000024872999223
Q73286	6000000046761763151
Q7328623	6000000178221522847
Q7328629	6000000026410209463
Q7328653	6000000011723996454
Q7328659	6000000017702635549
Q7328668	6000000002115911035
Q7328679	309183526350008285
Q7328682	6000000001791469043
Q7328682	6000000061300319953
Q7328686	6000000176770959882
Q7328692	6000000048532035833
Q7328715	6000000001781660399
Q732872	6000000001655712844
Q7328720	4908229279440023196
Q732874	6000000032630900972
Q7328784	6000000008231167127
Q7328790	6000000016128459414
Q7328800	6000000023524013725
Q7328810	6000000179497780844
Q732882	6000000181933830829
Q7328831	6000000066752296958
Q7328847	6000000006444768550
Q7328865	6000000147084216009
Q7328866	6000000005239582070
Q7328867	6000000009179351262
Q7328868	6000000023702067325
Q7328870	6000000029302120242
Q7328892	6000000073044344884
Q7328896	6000000003280545073
Q7328900	6000000011426983941
Q7328901	6000000023077248242
Q7328907	6000000034444325968
Q73289130	6000000015035404121
Q73289133	6000000100963755075
Q73289160	6000000078502771849
Q73289166	6000000022098798847
Q73289168	6000000088258873935
Q73289171	6000000032120922161
Q73289186	342222185080001593
Q73289244	6000000019135717118
Q73289247	6000000019135719121
Q7328926	6000000078524570129
Q73289270	6000000078507596908
Q73289271	6000000078508252969
Q73289275	6000000063172035689
Q73289278	6000000078505947923
Q73289289	6000000004057498948
Q73289292	6000000004057498957
Q7328932	6000000205744837829
Q7328939	6000000001170547105
Q732895	6000000173778357929
Q73289510	6000000179010085822
Q73289514	6000000085480940920
Q73289524	6000000050041464107
Q7328954	6000000006453273418
Q7328957	6000000000830339293
Q7328974	6000000058047709924
Q7328977	6000000007357315281
Q732901	6000000177093293847
Q7329097	6000000020865502420
Q7329120	6000000002005901766
Q7329135	5441604087340134656
Q7329142	6000000021674972859
Q7329145	6000000013497261980
Q7329181	6000000003263261246
Q7329193	6000000012364337319
Q7329199	6000000026420613715
Q7329200	6000000026421068048
Q7329211	6000000035039175904
Q732926	6000000032977452339
Q7329285	6000000007418462981
Q7329318	6000000080109729582
Q7329319	6000000017655393853
Q7329340	6000000006597131858
Q7329347	6000000066944048061
Q7329350	6000000030432347378
Q7329358	6000000026102554087
Q7329378	6000000016463560549
Q7329383	6000000013521446968
Q7329387	3075426
Q7329390	6000000185572338791
Q7329393	6000000004580982469
Q7329408	6000000003086834254
Q7329411	6000000096021585821
Q7329413	6000000048947208858
Q7329426	6000000023524011549
Q7329440	6000000011040478390
Q7329441	6000000013539866585
Q7329523	6000000000887912700
Q7329528	6000000007286617548
Q7329543	6000000038077881412
Q7329548	6000000012597729415
Q7329550	6000000000387940784
Q7329570	6000000006602672876
Q7329611	6000000003146914966
Q7329637	6000000013407034643
Q7329640	6000000021026077060
Q7329642	6000000049955263325
Q7329644	6000000003827346300
Q7329648	6000000049000142833
Q7329660	6000000014897300277
Q7329686	6000000047121544324
Q7329710	6000000012798489743
Q7329749	6000000011004073256
Q7329751	6000000011017082277
Q7329767	6000000001179931730
Q7329767	6000000057492125821
Q7329769	6000000017498288010
Q7329771	6000000062614373116
Q7329785	6000000042207030035
Q7329807	6000000006180529007
Q7329818	6000000000286600393
Q7329818	6000000008317740322
Q7329829	6000000020024429370
Q7329841	6000000014252415278
Q7329844	6000000039255794408
Q7329853	6000000171878024844
Q7329879	6000000001389410095
Q7329880	6000000005599214842
Q7329883	6000000057182394130
Q7329888	6000000020600676864
Q7329889	6000000029575233480
Q7329897	6000000025526564986
Q7329898	6000000003096309525
Q7329915	6000000022553219828
Q7329943	6000000024528919296
Q7329971	6000000008745867982
Q7329990	6000000030069852604
Q7329994	6000000033740437178
Q7330021	6000000209310303843
Q7330032	6000000016914100588
Q7330035	6000000014765200462
Q7330042	6000000021334599989
Q7330043	6000000009947907615
Q7330050	6000000035051658395
Q7330055	6000000003370223534
Q7330071	6000000011468123701
Q7330083	6000000001562708481
Q7330093	6000000008718048959
Q7330094	295328011650001438
Q7330101	6000000105289154848
Q7330108	6000000000227689434
Q7330112	6000000011993348447
Q733019	6000000027971068558
Q7330219	6000000014185566011
Q7330257	6000000178587158857
Q7330264	6000000107622880894
Q73302874	6000000010094711922
Q7330326	6000000016180625648
Q7330328	6000000033739737260
Q73303865	6000000003376306057
Q7330391	6000000091693394010
Q7330405	6000000035267634961
Q73304368	6000000010094633170
Q733045	6000000015840785811
Q733063	6000000015776090853
Q733083	6000000011615500190
Q7330830	6000000122234831849
Q73308852	6000000002628440156
Q7330895	6000000024730058752
Q7330913	6000000021503941007
Q7330917	6000000004594035742
Q7330964	6000000011069430803
Q7330989	6000000015864012336
Q7330991	6000000046610188864
Q733103	6000000026093871925
Q733118	6000000007038603092
Q7331230	6000000081252492478
Q7331258	6000000164018672983
Q7331297	6000000013342236145
Q733140	6000000007043010991
Q7331434	6000000179010000899
Q7331444	6000000079573371963
Q7331675	6000000007487450470
Q7331816	6000000008139056504
Q7331987	6000000084758058113
Q733246	6000000021344405310
Q73326658	6000000024101355385
Q7332770	6000000023482833186
Q733299	6000000121867676896
Q7333	6000000010664006607
Q7333112	6000000035480703683
Q7333141	6000000025931348989
Q733342	6000000086899658822
Q733353	6000000013402644927
Q733360	6000000143183133129
Q7333716	6000000045238264553
Q7333914	6000000007149528755
Q733392	6000000079566623921
Q73340	6000000016300084127
Q7334008	6000000021500662846
Q73340975	6000000071392927916
Q733412	6000000117631807831
Q7334211	6000000012677333439
Q7334227	6000000024101380305
Q73343	6000000015201430831
Q733433	6000000067011493260
Q733440	6000000017737240763
Q73346	6000000171735000904
Q73347	6000000033957982969
Q7335	6000000032941542019
Q733518	6000000003537977423
Q7335189	6000000010545006571
Q733545	6000000011832737200
Q733546	6000000145222157824
Q7335494	6000000071460165069
Q73355	6000000007014475853
Q73355057	6000000009796856397
Q7335537	6000000013658692951
Q7335542	6000000011725186748
Q733563	6000000028166290108
Q7335781	6000000013340705703
Q7336	6000000012838794587
Q733602	6000000152707410082
Q73361	6000000064307940002
Q733612	6000000069501794097
Q73361289	6000000020721810093
Q73362	6000000077110348641
Q7336315	6000000073058626876
Q733640	6000000015670080852
Q7336493	6000000066681802821
Q73365	6000000080036223843
Q7336548	6000000049574274850
Q7336559	6000000021714488042
Q733680	6000000016465546920
Q733692	6000000014033341747
Q733698	6000000021383426463
Q7337	6000000008871190054
Q73372	6000000073871174033
Q733725	6000000173000381655
Q73372834	6000000003084244907
Q73375287	6000000007014458629
Q73375954	6000000015223502749
Q733791	6000000006985938570
Q73379464	6000000003084255969
Q73379665	6000000020166364955
Q73381351	6000000019562237466
Q733814	6000000001408784168
Q73382	6000000024156579137
Q733836	6000000018268902179
Q73386097	6000000013050941248
Q733878	6000000055931949846
Q7339	6000000008871372854
Q73390	6000000180244238822
Q733901	6000000017051759394
Q7339221	6000000051514026011
Q73393249	6000000004868960643
Q73394	6000000004692760179
Q7339715	6000000005624854877
Q7339719	6000000204804849887
Q7339841	6000000015585681960
Q733999	6000000026476200063
Q73400672	6000000140488820821
Q7340178	6000000145852578879
Q73402	6000000091670461803
Q734043	6000000027576200824
Q7340481	6000000057295774880
Q734054	6000000002317363557
Q73407	6000000030263687591
Q7340773	6000000036460847819
Q73410	6000000028967827278
Q734111	6000000032534540401
Q7341184	6000000004086787664
Q7341185	6000000046073572051
Q73411908	6000000177714399823
Q7341228	6000000034091447008
Q73412712	6000000073324649139
Q734130	6000000026669263111
Q7341325	6000000004263674837
Q7341326	6000000082758456073
Q7341328	6000000008024029288
Q7341344	6000000017674542739
Q7341350	6000000019338116446
Q73413537	6000000014187218738
Q7341355	6000000008231086025
Q734143	6000000166425633904
Q7341442	6000000043669212897
Q7341467	6000000039437089234
Q7341494	6000000032166721578
Q73415	6000000021513759821
Q7341540	6000000000913740983
Q7341542	6000000112890455909
Q7341554	6000000088727577911
Q7341565	6000000029936491973
Q73415828	6000000018502128432
Q7341588	6000000003441098629
Q7341626	6000000009120236873
Q7341646	6000000041918409964
Q7341659	6000000002435636425
Q7341662	6000000022809984253
Q7341692	6000000033231221093
Q7341695	6000000026607749480
Q7341751	6000000025820547415
Q7341753	6000000056264550077
Q7341776	6000000045142059896
Q7341794	6000000029660115173
Q73418	6000000032596330912
Q7341809	6000000021929151088
Q7341832	6000000009985837676
Q7341833	6000000036545955867
Q7341834	6000000017503046489
Q7341835	6000000079187235886
Q7341839	6000000019188024287
Q7341861	6000000023488247927
Q7341872	6000000010228845937
Q7341896	6000000047559032236
Q7341900	6000000000184834830
Q7341932	6000000020381607515
Q7341936	6000000064212306938
Q7341939	6000000018127819880
Q7341943	6000000138331461821
Q734202	6000000009924632978
Q7342029	6000000009471480248
Q7342032	6000000029243502803
Q7342049	6000000038919765407
Q7342051	6000000000934830052
Q7342072	6000000010404172473
Q7342074	6000000003562932332
Q7342075	6000000010862959510
Q7342088	6000000214361607823
Q7342093	6000000032919154050
Q7342094	6000000032919056012
Q7342105	6000000030883703749
Q7342109	6000000030940143113
Q7342116	6000000004148891756
Q7342141	6000000017489034325
Q7342145	6000000017489108388
Q7342193	5650367556150045338
Q7342195	6000000005937137234
Q7342208	6000000037175568816
Q7342223	6000000014521773372
Q7342224	6000000024310015914
Q7342246	6000000007606104268
Q7342254	6000000012750652643
Q7342255	6000000009326647181
Q7342312	6000000004079625521
Q7342338	6000000007761297332
Q7342370	6000000007772886942
Q7342377	6000000002477078258
Q7342386	6000000020038377662
Q7342447	6000000118257031872
Q7342455	6000000103399655857
Q7342459	6000000002188526555
Q7342461	6000000002159670420
Q7342463	6000000002339454928
Q7342491	6000000084179512554
Q7342536	6000000021120572819
Q7342554	6000000018233374510
Q7342579	6000000012632772242
Q734264	6000000011252938860
Q7342641	6000000011022570531
Q7342649	6000000063802570033
Q7342651	6000000002898231851
Q7342652	6000000063802841005
Q73426558	6000000062563905148
Q7342659	6000000127572861822
Q7342665	6000000187370609841
Q7342682	6000000019775043484
Q7342684	6000000093399015963
Q7342703	6000000017444868367
Q7342719	6000000035337688948
Q7342727	6000000119593332834
Q7342735	6000000052495825938
Q7342736	6000000004868944930
Q7342745	6000000023779902955
Q7342746	6000000015396543006
Q7342747	6000000033112752198
Q7342750	6000000006444304744
Q7342781	6000000003766501514
Q7342781	6000000024833229740
Q7342786	6000000011319059423
Q7342805	6000000000972135102
Q7342842	6000000031060421500
Q7342889	6000000021470288186
Q7342905	6000000025293123420
Q734294	6000000143414478822
Q7342960	6000000026452020044
Q7342961	6000000022323308099
Q7342970	6000000024194996489
Q734298	6000000073543097821
Q7342986	6000000001877475089
Q7342990	6000000015823016826
Q7342996	6000000013235571947
Q7342997	6000000019691976447
Q7343010	6000000002080870841
Q7343023	6000000046251317361
Q7343038	6000000010799323220
Q7343039	6000000016875189699
Q7343040	6000000016875286330
Q7343050	6000000002116095041
Q7343073	6000000002980001197
Q7343080	6000000030334905654
Q7343101	6000000046794474901
Q7343121	6000000222283984846
Q7343129	6000000027898878699
Q7343132	6000000024787716372
Q7343170	6000000007185137314
Q7343171	6000000035524034892
Q7343178	6000000016583452966
Q7343191	6000000017490696027
Q7343192	6000000017856740218
Q7343195	6000000009048866776
Q7343218	6000000073716219217
Q7343248	6000000019586290765
Q7343265	6000000017073511976
Q734329	6000000020956589220
Q734330	6000000027544764539
Q7343301	6000000016394879257
Q7343316	6000000012568399810
Q7343367	6000000016432118648
Q7343374	6000000025424630419
Q7343375	6000000012380627311
Q7343376	6000000011336499861
Q7343385	6000000012285294211
Q7343389	6000000000402596997
Q7343392	6000000021516103866
Q7343394	6000000002188496539
Q7343408	6000000025065815100
Q7343470	6000000059821880538
Q7343478	6000000146044540949
Q7343485	6000000190051244833
Q7343529	6000000148590266973
Q734353	6000000000544698793
Q7343543	6000000008697056373
Q7343544	6000000016465018942
Q734355	6000000070582311897
Q7343551	6000000020397457072
Q7343553	6000000021276265748
Q7343553	6000000119133864006
Q7343577	6000000000785738289
Q7343596	6000000003098082973
Q7343607	6000000019947249246
Q7343610	6000000014169893965
Q7343661	6000000026816199117
Q7343688	6000000014024467668
Q7343690	6000000017507401283
Q73437	6000000028930186123
Q7343706	6000000045206581913
Q7343711	6000000057269940831
Q7343721	6000000006444226034
Q7343758	6000000021968440042
Q7343779	6000000021983219995
Q7343828	6000000000350950414
Q7343891	6000000183305818859
Q7343909	6000000015580638863
Q7343946	6000000025890977992
Q7343951	309461044460008302
Q7343952	6000000008629151845
Q7343953	6000000019255489643
Q734397	6000000000474640482
Q7343973	6000000084294523672
Q7343979	6000000107399234828
Q7343994	6000000043103462603
Q7344006	3800519
Q7344027	6000000025593853098
Q7344049	6000000006769180939
Q7344082	6000000010487074482
Q7344085	6000000023091947280
Q73441	6000000027151873310
Q73441	6000000174744306838
Q734412	4809642718540069687
Q7344144	6000000012429838191
Q7344148	6000000001225208082
Q7344166	6000000006286035376
Q7344173	6000000017874821608
Q7344233	6000000005073289002
Q7344241	6000000008630844435
Q7344250	5551624930400136417
Q7344253	6000000025804344023
Q7344254	6000000031695017069
Q7344305	6000000021652426526
Q7344325	6000000031874992037
Q7344339	6000000024594999451
Q734434	6000000006756019458
Q7344350	6000000016814420360
Q7344359	6000000002115859252
Q734436	6000000002209081036
Q7344362	6000000100362051834
Q7344364	6000000003827346632
Q7344386	6000000011071716586
Q734445	6000000009727811561
Q7344453	6000000040369782313
Q7344476	6000000008670382936
Q7344495	6000000013759767706
Q7344505	6000000028204490198
Q7344530	6000000108728670967
Q7344571	6000000022387339471
Q7344576	6000000017112642246
Q734458	6000000015891550391
Q7344583	6000000040336614687
Q7344601	6000000027629831856
Q7344609	6000000183964503888
Q7344675	6000000019779521100
Q7344691	6000000077101932850
Q734473	6000000043378502177
Q7344759	6000000033986420939
Q7344760	6000000014405428505
Q7344781	6000000034046217710
Q7344792	6000000178537092838
Q73448	6000000039184063297
Q7344823	6000000022513802496
Q7344826	6000000018665979327
Q7344837	6000000018163548557
Q7344850	6000000073772012430
Q7344856	6000000066941876013
Q7344861	6000000014865438091
Q7344885	6000000048305789862
Q7344895	4167
Q73448992	6000000020091910827
Q7344903	6000000018788010676
Q7344917	6000000001915893037
Q7344923	6000000026104599062
Q7344946	6000000028760816596
Q7344956	6000000019075157198
Q7344964	4007832244330054249
Q7344971	6000000076111261904
Q7344973	6000000003495120310
Q7344981	6000000003518024311
Q7344985	6000000011204801905
Q7344986	6000000005740352266
Q7344988	6000000009587335021
Q7344989	6000000033593838268
Q7345	6000000065875328000
Q7345002	6000000013694398219
Q7345003	6000000014698195914
Q7345033	6000000017036127489
Q7345043	6000000036507001828
Q7345062	6000000054462387845
Q7345079	6000000037139437007
Q7345088	6000000018756419684
Q7345101	6000000103748917828
Q7345115	6000000183434951877
Q7345147	6000000192984133869
Q7345160	6000000000035280180
Q7345161	6000000011223842527
Q7345164	6000000036535530280
Q7345166	6000000030290725282
Q7345167	6000000071760303061
Q7345190	6000000015662601012
Q7345200	6000000120369296861
Q7345201	6000000017518343237
Q7345209	6000000029701417909
Q7345214	6000000002188483079
Q7345234	6000000042154573976
Q7345257	6000000003553266070
Q734526	6000000049848778815
Q7345274	6000000013166410132
Q7345277	6000000002188257325
Q7345277	6000000175078811440
Q7345284	6000000042248222968
Q7345301	6000000010714590095
Q7345315	6000000049911055119
Q7345348	6000000007291006374
Q7345363	6000000003128890522
Q7345377	6000000022659370687
Q7345401	6000000008744891863
Q7345402	6000000014875485399
Q7345403	6000000014875845330
Q7345423	6000000052633231161
Q7345424	6000000039305403441
Q7345432	6000000078342833295
Q7345437	6000000003901281634
Q7345438	6000000019556947918
Q7345451	6000000003409110882
Q7345453	6000000018789021267
Q7345470	6000000106209487866
Q7345481	6000000024321495636
Q73455	6000000019378934316
Q7345508	6000000030944690038
Q7345526	6000000011519000477
Q7345539	4604015143380047640
Q7345554	6000000012272610462
Q7345562	6000000176059422840
Q7345570	6000000035170605999
Q7345588	6000000001712754762
Q7345626	6000000148937121821
Q7345639	353256515440012121
Q734565	6000000014291064114
Q7345699	6000000003096138658
Q7345700	6000000003107486782
Q7345707	6000000000154121062
Q7345722	6000000018238806605
Q734580	6000000010230291782
Q7345804	6000000080240517304
Q7345831	6000000073121851944
Q7345851	6000000089220650827
Q7345894	6000000024969856774
Q734595	6000000008192081032
Q7345956	6000000041215991990
Q7345989	6000000040657950698
Q7346	6000000032197786110
Q73460079	6000000035306770877
Q734601	6000000022047011366
Q734606	6000000207888437893
Q7346075	6000000004086446200
Q7346098	6000000001299405496
Q73461	6000000058536261834
Q7346114	6000000009947718589
Q7346115	6000000015664748465
Q7346116	6000000025766065450
Q7346117	6000000015664736927
Q7346147	6000000006863620627
Q7346201	6000000030970915310
Q7346289	6000000044770879872
Q734630	6000000020866074145
Q7346312	6000000012413982723
Q7346328	6000000028008203620
Q7346349	6000000020192931337
Q7346351	6000000090463959834
Q7346352	6000000012423346964
Q7346355	6000000031724983147
Q7346356	6000000008507568082
Q7346357	6000000012651422101
Q7346370	6000000002188514829
Q73464	6000000073325424311
Q7346406	6000000038999350892
Q7346414	6000000012844880953
Q734642	6000000138238416842
Q73465	6000000006187649284
Q734654	6000000006518423001
Q7346561	6000000009524339457
Q734659	6000000022838615742
Q7346633	6000000018084889920
Q734668	6000000035235898212
Q7346692	6000000054290435302
Q7346699	6000000023422473872
Q7346708	6000000022144124418
Q7346712	6000000145132950839
Q7346724	6000000012824165150
Q734674	6000000020827465358
Q7346743	6000000015604251408
Q7346749	6000000021731075845
Q7346755	6000000018390332414
Q7346763	6000000009100104283
Q7346768	6000000067079408094
Q734678	6000000034189224972
Q7346787	6000000002188517445
Q734679	6000000038800990843
Q7346805	6000000105781092064
Q7346810	6000000078058609534
Q734682	6000000085290767842
Q7346822	6000000020114576325
Q7346828	6000000184665288825
Q7346844	6000000080752975182
Q7346851	6000000006329746084
Q7346856	6000000039684557314
Q7346881	6000000004592999919
Q7346917	6000000070001805891
Q7346945	6000000009710423707
Q7346946	6000000023770685259
Q7346947	6000000026534647654
Q7346950	6000000000770011895
Q7346952	6000000000954197619
Q7346973	6000000020006571817
Q7346976	6000000000070859462
Q7346985	6000000171809996825
Q7346992	6000000054996233858
Q7347008	6000000020153417892
Q7347009	6000000008602565931
Q7347024	6000000038473315618
Q7347027	6000000009267027187
Q7347028	6000000007004175612
Q7347034	6000000053039677967
Q7347073	6000000041056096049
Q7347075	6000000073123916874
Q7347077	6000000073066458979
Q7347079	6000000081971573932
Q734713	6000000001165790366
Q7347153	6000000041390590645
Q7347188	6000000026589743006
Q7347191	6000000014874624020
Q7347275	6000000000730355967
Q7347282	6000000013125805261
Q7347283	6000000174716148828
Q7347382	6000000001299284165
Q7347393	6000000016477288044
Q734742	6000000015154293245
Q7347430	6000000025423612451
Q7347432	6000000031719414737
Q7347435	6000000044370729197
Q7347443	6000000008788523529
Q7347483	6000000006719323392
Q7347524	6000000177118609840
Q7347541	6000000013215177683
Q7347547	6000000091776495421
Q7347557	6000000037056954821
Q7347565	6000000079210699136
Q7347577	6000000014284700483
Q7347585	6000000041496818849
Q7347585	6000000091631081508
Q7347588	6000000017969309076
Q73476	6000000035113485877
Q7347603	2861150
Q7347654	6000000176953329848
Q7347663	6000000013207660399
Q7347675	6000000001383998852
Q7347684	6000000040388458120
Q7347707	6000000034867866190
Q7347724	6000000025760410926
Q7347731	6000000077892179274
Q7347732	6000000077602956171
Q7347739	6000000009274522296
Q7347741	6000000022813097137
Q7347745	6000000017671885364
Q7347746	6000000017671359678
Q7347747	6000000016874538699
Q7347795	6000000056341515083
Q7347803	6000000140060247932
Q7347811	6000000042919808121
Q7347823	6000000106220476311
Q7347832	6000000031044581775
Q734786	6000000022842011736
Q73479	6000000018367637265
Q7347902	6000000021071603662
Q7347907	6000000032919147854
Q7347908	6000000034903139022
Q7347931	6000000008112890392
Q7347952	6000000025717454144
Q7347965	6000000020389261484
Q7347991	6000000036888395513
Q7348012	6000000012492834967
Q7348024	6000000152608539840
Q7348033	6000000031210417705
Q7348046	6000000027129565593
Q7348061	6000000041633630836
Q7348074	6000000009812959345
Q7348077	6000000010810731331
Q7348078	6000000028202347821
Q734810	6000000022850649882
Q7348102	6000000085048562290
Q7348137	6000000008946279840
Q7348159	6000000004840273856
Q7348172	6000000016883806078
Q7348178	6000000008011086536
Q73482	6000000056762277876
Q7348220	6000000073510685878
Q7348261	6000000014221683775
Q7348278	3784374
Q7348281	6000000002930913919
Q7348287	6000000015095733020
Q734851	6000000190730224874
Q7348780	6000000029206856365
Q734879	6000000179199228823
Q7348806	6000000030568022343
Q7348817	6000000017531767622
Q7348822	6000000012677220477
Q7348836	6000000019532750528
Q7348837	6000000014595197430
Q734884	6000000036106395244
Q7348843	6000000163837237296
Q7348863	6000000002188524229
Q7348864	6000000008472810835
Q7348866	6000000002188524281
Q7348867	6000000002188524271
Q7348875	6000000056656279016
Q7348879	6000000000903575203
Q7348880	6000000001503456503
Q7348893	6000000056278189821
Q7348900	6000000002103025794
Q7348907	6000000006603726058
Q7348911	6000000012677176300
Q7348922	6000000083078958348
Q7348934	6000000095896204886
Q7348936	6000000025703151805
Q7348957	6000000042538040110
Q7349	6000000015789790559
Q7349017	6000000052821739891
Q7349025	6000000033652186502
Q7349026	6000000020918568302
Q7349046	6000000001564005088
Q7349061	6000000003051298426
Q7349067	6000000003622405031
Q7349068	6000000020257437257
Q7349069	6000000022831185228
Q7349080	6000000031111745041
Q7349081	6000000147102560898
Q7349127	6000000015638876693
Q7349136	6000000003615460013
Q7349144	6000000025718503907
Q7349145	6000000003891054832
Q7349146	6000000007021818359
Q7349158	6000000035091138651
Q7349167	6000000000644055971
Q7349179	6000000000953498685
Q7349206	6000000073304595123
Q7349222	6000000002722152625
Q7349239	6000000050366923835
Q7349241	6000000103173589202
Q7349242	6000000010026949669
Q7349279	6000000180834389821
Q7349283	326197958600007343
Q7349303	6000000009290635018
Q7349308	6000000006864375604
Q7349309	6000000020288906410
Q7349324	6000000020360842179
Q7349333	6000000029122639953
Q7349339	6000000024712471998
Q7349340	6000000037601609517
Q7349346	6000000023212388289
Q7349361	6000000023995855585
Q7349362	6000000021489861604
Q7349366	6000000012106446263
Q7349367	6000000029919182367
Q7349368	6000000176474797821
Q7349375	6000000013447693106
Q7349391	6000000071665883441
Q7349399	6000000043927146933
Q7349403	6000000054366642868
Q7349433	6000000176757788172
Q734944	6000000010733401881
Q7349446	6000000074304494165
Q7349448	6000000007858960907
Q7349469	6000000009569816245
Q7349474	6000000008593915402
Q7349499	6000000014094468582
Q7349502	6000000018084896936
Q7349524	6000000006213253265
Q7349535	6000000000151628380
Q7349546	6000000018851778703
Q734955	6000000004027926667
Q7349552	6000000109321802826
Q7349558	6000000114620078821
Q7349563	6000000002068536512
Q7349573	6000000042376291879
Q7349579	6000000020377490926
Q7349602	6000000012662257341
Q7349604	6000000018081088257
Q7349653	6000000026666891430
Q7349674	5478098837680021905
Q7349686	6000000014874862647
Q7349688	6000000015446559508
Q7349693	6000000009947093440
Q7349694	6000000002188110878
Q7349697	6000000004394537193
Q7349738	6000000044152178875
Q7349741	6000000001880188796
Q7349765	6000000002188551824
Q734977	6000000000750569101
Q7349778	6000000001322496047
Q73498	6000000022197717746
Q7349824	6000000015558956280
Q7349866	6000000029587191850
Q7349889	6000000004860566130
Q7349893	6000000020329495860
Q7349943	6000000014711187316
Q7349944	6000000043939838317
Q7349956	6000000000700963878
Q734996	6000000000377595223
Q7349964	6000000007114237245
Q7349975	6000000002188477248
Q7349990	6000000041873482733
Q73500016	6000000076399160015
Q7350003	5350249460100029883
Q7350082	6000000030493454342
Q7350119	6000000003015001554
Q7350142	6000000001583363189
Q7350153	6000000076704543438
Q7350166	6000000013162252039
Q7350170	6000000017642050872
Q73501873	6000000002764373573
Q7350196	6000000029760480806
Q7350197	6000000008063875667
Q7350208	6000000001983383127
Q73502226	6000000084758713457
Q7350243	6000000120622528833
Q7350257	6000000002812033074
Q7350258	6000000002811983704
Q7350320	6000000018788777526
Q7350365	6000000066974340915
Q7350370	6000000026066473175
Q7350395	6000000197112195838
Q7350407	6000000000097920777
Q7350415	6000000000426688430
Q7350416	6000000025633159527
Q7350419	6000000007273429798
Q7350420	6000000001768255798
Q7350436	6000000078562780909
Q7350440	6000000005428650971
Q7350443	6000000000301785311
Q7350444	6000000013559683507
Q7350448	6000000013291053923
Q7350450	6000000003198052445
Q7350461	6000000000888783203
Q7350463	6000000023850819816
Q7350472	6000000013662826094
Q7350473	5036451681380089023
Q7350484	6000000038910283472
Q7350496	6000000013536247740
Q7350504	6000000000973235338
Q7350517	6000000000433311931
Q7350523	6000000019133918368
Q7350535	6000000002115973729
Q7350536	6000000015263849872
Q7350572	6000000009627418638
Q7350576	5701050685050035841
Q7350580	6000000009769153967
Q7350584	6000000001889586804
Q7350585	6000000041911486542
Q7350601	6000000017744033503
Q7350603	6000000014265395015
Q7350660	6000000035435522189
Q7350677	6000000042132722373
Q7350699	4283681255990060688
Q735080	6000000002766225089
Q7350811	6000000017594057529
Q7350815	6000000008327452244
Q7350822	6000000012434047881
Q7350828	6000000010302172706
Q7350829	6000000002889273117
Q7350830	6000000010306040295
Q7350832	6000000002499765430
Q7350848	6000000018665957435
Q7350853	6000000004867702140
Q7350854	6000000008630245171
Q7350883	6000000026903393818
Q7350922	6000000013401062152
Q7350956	6000000023254167968
Q7350969	6000000012826587439
Q7350971	6000000010674506197
Q7350984	6000000001471848688
Q7351	6000000015805823607
Q7351013	6000000022693789609
Q7351016	6000000173390796984
Q7351019	6000000039391575798
Q735103	6000000018287071254
Q735104	6000000100784949830
Q7351045	6000000025151530080
Q7351050	6000000012330735462
Q7351093	6000000020280551059
Q7351099	6000000028888274344
Q7351117	6000000033408024871
Q7351129	6000000022110899910
Q7351133	6000000001877544633
Q7351134	6000000016040379194
Q7351141	6000000003495294287
Q7351142	6000000006444589793
Q7351160	6000000019465307357
Q7351164	6000000015516921428
Q7351171	6000000001877548105
Q7351172	6000000001877548122
Q73511755	6000000100778987821
Q7351186	6000000009561421473
Q7351203	6000000063550296857
Q73512210	6000000043183207876
Q7351222	6000000005599217587
Q7351226	6000000007176960217
Q7351227	6000000011931004291
Q7351254	6000000046612151891
Q7351256	6000000035818745769
Q7351277	6000000008248237491
Q7351289	6000000006201599156
Q7351298	6000000015293985424
Q73513	6000000012734142431
Q7351307	6000000068667364836
Q7351311	6000000041388620415
Q7351312	6000000021451772991
Q7351314	6000000013001045167
Q7351315	6000000013001224168
Q7351340	6000000116928675927
Q735136	6000000041148197561
Q7351378	6000000005857671004
Q7351392	6000000003770209204
Q7351406	6000000003827232265
Q7351423	6000000000437148369
Q7351435	6000000017451552363
Q7351440	6000000006285867120
Q7351443	6000000003210388413
Q735147	6000000000335188869
Q7351510	6000000105410674863
Q735152	6000000148071647821
Q7351552	6000000008630274735
Q735170	6000000010564131311
Q7351711	6000000037156079902
Q735182	6000000106765198834
Q7351890	6000000173808311920
Q735191	6000000022901236048
Q7351910	6000000031503297546
Q7351939	6000000001672308051
Q7351961	6000000065160437249
Q73520	6000000025238223286
Q735204	6000000013613180427
Q7352050	6000000049062076966
Q7352100	6000000009504825890
Q7352108	6000000065677445881
Q73521099	6000000024145383463
Q73522	6000000200858014838
Q73522024	6000000024324469798
Q735221	6000000142882216779
Q735223	6000000019908910669
Q73523	6000000078877401995
Q7352349	6000000011333600468
Q735235	6000000012530602763
Q735241	6000000136890252826
Q7352429	6000000027899285314
Q735247	6000000176618999822
Q73525	6000000021803868985
Q735252	6000000058821985857
Q7352570	6000000014607400471
Q735259	6000000015160283252
Q7352592	6000000025800521899
Q7352612	6000000081563887961
Q7352653	6000000003215889660
Q7352664	6000000060410433850
Q7352693	6000000026799670020
Q735271	6000000039967802497
Q7352720	6000000003128890605
Q7352728	6000000079322286044
Q735273	6000000030428998991
Q7352835	6000000052969966168
Q7352839	6000000008880376136
Q735285	6000000029636860886
Q7352901	6000000017028817775
Q7353001	6000000025901622940
Q7353020	6000000015435143446
Q735304	6000000048705518940
Q7353040	6000000041280509155
Q73531	6000000029002345995
Q735310	6000000022784146172
Q7353209	6000000042126917823
Q735331	6000000022847145823
Q735351	6000000022848224647
Q7353557	6000000003221536811
Q7353742	6000000163831624917
Q735399	6000000007550904434
Q735407	6000000051298591274
Q7354114	6000000010652018581
Q735412	6000000019805081586
Q73542825	6000000007014427958
Q73543623	6000000012478982292
Q7354493	6000000138541250937
Q73545514	6000000018658896927
Q73549322	6000000009514804208
Q735508	6000000019543984223
Q735519	6000000017166531688
Q73552514	6000000007980757471
Q73554404	6000000013431512246
Q73554584	6000000101314397821
Q7355487	6000000073238108419
Q735556	6000000177084092833
Q735560	6000000174299069781
Q7355665	6000000013060892971
Q7355725	6000000073732874887
Q7355749	6000000163659408822
Q7355750	6000000035887155428
Q73558	6000000010856172300
Q7355806	6000000177615643849
Q73558175	6000000007279008830
Q73558995	6000000018689718666
Q735593	6000000017487324270
Q7356130	6000000014287014760
Q7356240	6000000055619234209
Q735654	6000000024304289527
Q7356579	6000000178233617856
Q7356589	6000000022810705637
Q7356609	6000000014037194837
Q7356632	6000000047096267107
Q7356640	6000000195879450822
Q7356658	6000000078682749875
Q7356679	6000000041308508885
Q73566849	6000000017224460296
Q7356707	6000000067478354965
Q7356736	6000000076176558939
Q73568	6000000085657970835
Q7356813	6000000000687755900
Q7356815	6000000017207526564
Q73569234	6000000183433167825
Q7356969	6000000028615213197
Q7356972	6000000007553868558
Q7357017	6000000043890739077
Q7357031	6000000009119179426
Q7357101	6000000120748062156
Q7357115	6000000068159375947
Q7357184	6000000013239210261
Q7357195	6000000014245131808
Q7357461	6000000019701738375
Q73575191	4898531661830134395
Q7357591	6000000039794284154
Q735770	6000000135142680827
Q73577767	6000000038997860643
Q7357799	6000000005248690486
Q7357799	6000000110252543821
Q7357865	6000000003232505224
Q735788	6000000038319656535
Q7357940	6000000013370681119
Q735795	6000000103238466902
Q7357970	376127922550011459
Q7358051	6000000016820444842
Q7358052	6000000066097373395
Q7358081	6000000045754217947
Q7358152	6000000012537119023
Q7358155	6000000042759900205
Q7358265	6000000038093693099
Q7358299	6000000012511626180
Q7358318	6000000178133002832
Q7358326	6000000107653039910
Q7358340	6000000002116028856
Q7358341	6000000025930163540
Q7358352	6000000027214569255
Q7358418	6000000010010547686
Q7358420	6000000013599090891
Q735843	6000000079504474472
Q7358432	6000000028888048140
Q7358446	6000000002304441793
Q73584635	6000000100306714142
Q7358524	6000000017939264820
Q7358527	6000000001825604128
Q7358553	6000000002244361189
Q7358558	6000000005083428129
Q735856	6000000073069441170
Q7358592	6000000009514179499
Q7358615	6000000006788777211
Q73587	6000000027257950273
Q7358710	6000000027915131868
Q7358734	6000000002311736951
Q7358739	6000000011599926290
Q7358752	6000000020881937029
Q7358760	6000000006728055093
Q7358812	6000000060417065833
Q7358905	6000000014437971398
Q7358906	6000000019109527262
Q7358907	6000000072975255839
Q7358961	6000000067864449151
Q7359022	6000000009451780238
Q7359026	4576439987240036757
Q7359035	4812341798850052088
Q7359043	6000000006882733001
Q7359117	6000000030045130170
Q7359149	6000000078140256482
Q7359171	6000000009888592267
Q7359192	6000000007606420496
Q7359203	6000000010181023229
Q73593158	6000000010361453290
Q73594555	6000000016913022171
Q73597475	6000000024901180952
Q735977	6000000012588602926
Q735989	6000000023850157603
Q735994	6000000000452283389
Q7359943	6000000075506553305
Q7360070	4172973914390062044
Q73601134	6000000001504113251
Q7360158	6000000001383994965
Q7360200	6000000006824492078
Q7360211	6000000007788486944
Q7360234	6000000065542119833
Q73602524	6000000018855979854
Q736026	6000000002660483374
Q7360284	6000000110509557087
Q7360303	6000000015865374971
Q7360342	6000000178704915257
Q7360364	6000000052826330877
Q736038	6000000024513381144
Q7360382	6000000021845936892
Q7360400	6000000035766775003
Q7360409	6000000016545769915
Q7360480	6000000104867811040
Q736064	6000000000481834464
Q7360686	6000000004159917959
Q7360690	6000000017053103684
Q7360694	6000000044957112823
Q7360725	6000000084138563947
Q7360740	6000000007266107802
Q7360745	6000000060829815896
Q7360747	6000000050034469065
Q7360753	6000000007179973496
Q7360766	6000000017866492374
Q7360773	6000000028399468713
Q7360778	6000000007925098588
Q7360793	6000000052105987923
Q7360801	6000000014901549694
Q7360804	6000000048928462841
Q7360807	6000000026829963578
Q7360809	6000000018648103584
Q7360822	6000000042412886434
Q7360827	6000000002187274322
Q736099	6000000145873746859
Q73610346	6000000087003005980
Q73610765	6000000025604821908
Q7361130	6000000005092280189
Q7361161	6000000167058727040
Q736123	6000000088612172027
Q736130	6000000011872845726
Q7361377	6000000075507703860
Q7361401	6000000101199688822
Q7361428	6000000001324321434
Q736145	6000000013218544878
Q7361552	6000000075506553310
Q736156	6000000070741762987
Q7361731	6000000075507570943
Q73617673	6000000003531623600
Q7361777	6000000075507005179
Q7361796	6000000075507616970
Q7361819	6000000075507741843
Q7361965	6000000055664095907
Q7362013	6000000002649038124
Q7362073	6000000015994543710
Q7362134	6000000002188456267
Q7362144	6000000038766906301
Q7362170	6000000056643403840
Q7362204	6000000078542004891
Q736223	6000000007106693227
Q7362236	6000000089956147111
Q7362260	6000000000933727877
Q7362314	6000000182037203821
Q736237	6000000010607836444
Q73626801	6000000023392200826
Q736275	6000000037425028657
Q736277	6000000015719366714
Q73628	6000000180758339879
Q73629065	6000000006768380266
Q736304	6000000145561622823
Q73631059	6000000001568303180
Q7363187	6000000046607079979
Q73632666	6000000084499770174
Q73637	6000000008115171242
Q7363747	6000000054380241112
Q736385	6000000016489089706
Q7364006	6000000031460569042
Q7364014	6000000003209457045
Q7364161	6000000071735996316
Q7364249	6000000015198172104
Q736449	6000000016126262427
Q7364497	6000000179327480833
Q7364547	6000000000933968194
Q73646	6000000077410387872
Q7364620	6000000036838109576
Q7364647	6000000003441001528
Q7364667	6000000015045980283
Q73646834	6000000013694571431
Q73647	6000000004881711213
Q7364728	6000000000307287892
Q7364750	6000000005599087571
Q736477	6000000024101744178
Q7364773	2283514
Q7364785	6000000012380615272
Q7364795	6000000020167431047
Q7364855	6000000026615156190
Q7364869	6000000032705621339
Q7364892	6000000083376834619
Q7364904	6000000015121592015
Q7364909	6000000007251925364
Q7364912	6000000014810068420
Q7364959	6000000015738890221
Q7365026	6000000009680065561
Q7365057	6000000010206425843
Q7365115	6000000177908030893
Q7365130	6000000000351271997
Q7365140	6000000013053769768
Q7365160	6000000017778724145
Q7365303	6000000013025492059
Q7365334	6000000017797163129
Q736536	6000000025260940745
Q736538	6000000094130164822
Q7365386	6000000015857710799
Q7365404	6000000059099786885
Q7365425	6000000027153927784
Q736545	6000000012597850341
Q7365461	6000000079313942833
Q736554	6000000033657323333
Q73656	6000000063719757871
Q736566	6000000031439201081
Q7365722	6000000010554244511
Q7365744	6000000068837388095
Q7365756	6000000150643280935
Q7365773	6000000030588081730
Q736578	6000000010322568261
Q7365780	6000000024805412458
Q7365833	6000000010734846293
Q7365862	6000000055414631869
Q7365873	6000000024615661335
Q7365892	6000000132487097831
Q736610	6000000018815210976
Q73665	6000000043188285013
Q73666	6000000015702628787
Q736672	6000000021413797808
Q73667297	6000000026175448292
Q7366871	6000000018807258419
Q736690	6000000060737062878
Q7366931	6000000016441751293
Q7366933	6000000016437193175
Q7366933	6000000025891900954
Q7367034	6000000155882293822
Q7367044	6000000003232519857
Q7367044	6000000190049523926
Q7367055	6000000000254169022
Q7367093	6000000180225706828
Q7367205	6000000001075405643
Q7367231	6000000004867653654
Q7367232	6000000003111636914
Q7367252	6000000015234911422
Q7367256	6000000063831563857
Q7367304	6000000009090295309
Q7367329	6000000020486330494
Q7367344	6000000004089137419
Q7367503	6000000015039965303
Q7367534	6000000043925636556
Q7367535	6000000002145500209
Q7367649	6000000071784863830
Q73676501	6000000085225343914
Q7367667	6000000072807092153
Q736768	6000000156880388921
Q7367707	6000000021702058336
Q7367709	6000000015020330748
Q7367713	6000000019939915747
Q736772	6000000011439581941
Q7367831	6000000001185567360
Q7367848	6000000019939378001
Q7367850	6000000066974603844
Q7367857	6000000016897827053
Q7367863	6000000003151417113
Q73679	6000000018789186980
Q7367933	6000000017262898800
Q736794	6000000026213062363
Q7367943	6000000014801651564
Q7367955	6000000018810087069
Q73680	6000000035412027845
Q7368216	6000000129046561899
Q73682335	6000000042969806904
Q7368272	6000000017008797111
Q736829	6000000028676719379
Q736833	6000000041945057891
Q7368363	6000000007362820415
Q736843	6000000166648296940
Q7368464	6000000070402613371
Q73688143	6000000051323680007
Q73688475	6000000025085402959
Q736890	6000000017220184072
Q7368962	6000000034945950059
Q736903	6000000014956054085
Q7369232	6000000047714730873
Q7369291	6000000001608756100
Q7369293	6000000049445307023
Q736932	6000000081110256668
Q736934	6000000009546643210
Q7369378	6000000000129723001
Q7369476	6000000024294908183
Q7369477	6000000014879139329
Q7369574	6000000020108916040
Q73697141	6000000003939869797
Q736977	6000000140995663258
Q7369859	6000000179328843834
Q7370094	6000000035397451818
Q7370095	6000000030643961502
Q7370101	6000000045886710176
Q7370102	6000000038456672523
Q7370106	6000000070190663821
Q7370113	6000000012623211601
Q7370115	6000000015424440611
Q7370119	6000000013698029298
Q7370127	6000000006348490795
Q7370131	6000000014874703612
Q7370163	6000000140091571933
Q7370470	6000000054080233001
Q73705	6000000132277156923
Q737050	6000000023710936992
Q73707267	5044738382260028279
Q73709880	6000000007788110406
Q7371	6000000084940088863
Q737110	6000000002726816121
Q737118	6000000019665807192
Q73712054	6000000014384346388
Q73713	6000000072516392867
Q737135	6000000033883622125
Q73717037	6000000180350911823
Q737171	6000000022479583963
Q737183	6000000179896445853
Q7372090	6000000047602634181
Q7372094	6000000010028102604
Q7372096	6000000055517372160
Q7372100	6000000024352198117
Q7372108	6000000050578825830
Q7372112	6000000011342496994
Q7372120	6000000030282116506
Q7372122	6000000001713212649
Q7372123	6000000006444278536
Q7372124	6000000019993637339
Q7372131	314570752380004516
Q7372134	6000000015531436200
Q7372138	348312991680012623
Q7372142	6000000052488843115
Q7372143	6000000015343290478
Q7372145	6000000011124110094
Q7372147	6000000010078769948
Q7372156	6000000014171730694
Q73721606	6000000046121338937
Q7372187	6000000009937849219
Q7372198	6000000069500510314
Q7372199	730920
Q7372210	6000000010367507320
Q7372211	6000000017072891363
Q7372233	6000000001608968782
Q737227	6000000090965523838
Q7372338	6000000027932403067
Q7372362	6000000179281403865
Q7372427	6000000059424169446
Q7372504	6000000024376153357
Q7372512	6000000021989674087
Q737253	6000000011335125875
Q7372559	6000000038691016388
Q7372571	6000000029158653094
Q737258	6000000014684627128
Q7372644	6000000001383015595
Q7372694	6000000035585284116
Q73727	6000000165168512971
Q7372723	6000000179200500822
Q7372732	6000000014083836422
Q7372760	6000000040756388146
Q7372763	6000000075258112733
Q7372796	6000000136021841827
Q7372868	6000000015291786528
Q737288	6000000011459837126
Q7372952	6000000041319400695
Q737297	6000000029077820015
Q737301	6000000019128113191
Q7373022	6000000032563252594
Q7373023	6000000009387344717
Q7373024	6000000107178331822
Q73730320	6000000011130460855
Q7373047	6000000012133188449
Q7373089	6000000001328471877
Q7373090	6000000179380467829
Q7373219	6000000045764542131
Q7373221	6000000177125764843
Q7373333	6000000170104059835
Q7373465	6000000074901452890
Q73736897	6000000027650926446
Q7373852	6000000103717754828
Q7374	6000000000115416611
Q7374127	6000000063928761034
Q737414	6000000140502859822
Q7374140	6000000014667534117
Q737428	6000000018981762560
Q7374403	6000000032107315188
Q737465	6000000151394389868
Q7374760	6000000063928338066
Q7374832	6000000024038407155
Q737491	6000000010764869697
Q737493	6000000033555876074
Q737503	6000000008240098509
Q737533	6000000000842892424
Q73756425	6000000019990592868
Q7375677	6000000015719366459
Q73759	6000000010677644038
Q7375921	6000000180241220847
Q7375935	6000000022617592291
Q7375960	6000000142207052208
Q7375977	6000000006736586295
Q7375978	6000000054428412924
Q7376025	6000000152661070899
Q73761684	6000000111321010821
Q73762108	6000000039164936700
Q73762155	6000000010865886103
Q73762261	6000000001662993102
Q73762265	6000000001662826402
Q73762281	6000000018985700954
Q73762458	6000000025070940250
Q73762691	6000000007470581124
Q73762735	6000000015772873288
Q73762774	6000000000624789385
Q73762790	6000000000276200807
Q73762793	6000000011534929163
Q73762831	6000000012118455694
Q73762904	6000000000503304750
Q7376291	365943982140005462
Q73763136	4264437977280128056
Q73763212	6000000009467585048
Q73763216	6000000001561145231
Q73763247	6000000001664018159
Q73763483	4263630100270128037
Q737635	6000000150768766936
Q7376408	1174928
Q7376445	6000000089637917829
Q737669	6000000103658697880
Q737687	6000000040055973855
Q7376885	6000000035539923359
Q7376908	6000000010497069692
Q7376946	6000000041606086452
Q737703	6000000014309354032
Q73770842	6000000082927512038
Q7377133	6000000048570571849
Q7377139	6000000038829863493
Q7377148	6000000019423039085
Q737720	6000000007265152348
Q7377202	6000000019127405147
Q737726	6000000009693636615
Q7377274	6000000007047526351
Q7377282	6000000088761421053
Q7377316	6000000076682280062
Q7377369	6000000050177545527
Q737739	6000000010487237563
Q7377391	6000000013082990841
Q7377396	6000000009140070534
Q737740	6000000176913237841
Q7377411	6000000002447381541
Q7377413	6000000011055241751
Q7377416	6000000012725008623
Q7377457	6000000055587958345
Q7377458	6000000016036086497
Q7377468	6000000076045605918
Q7377472	6000000018965888417
Q7377478	6000000002178133469
Q7377486	6000000055540410969
Q7377487	6000000030452321426
Q73774954	6000000012422567846
Q7377518	6000000007443153635
Q7377586	6000000111818992941
Q737762	6000000001984154360
Q737772	6000000032644967316
Q737786	6000000008558018149
Q7377873	6000000184087969853
Q737794	6000000065912584849
Q7377957	6000000003392563583
Q7377994	6000000054134101949
Q7377995	6000000018733228615
Q7378001	6000000018680442726
Q7378010	6000000000888622327
Q7378013	6000000036059744097
Q7378020	6000000025220745854
Q7378023	6000000039156220283
Q7378026	6000000000888408821
Q7378032	6000000041194108731
Q7378056	6000000004670256985
Q7378062	6000000017335012364
Q7378068	6000000004670364877
Q7378082	6000000013184987371
Q7378087	6000000002908965575
Q7378089	6000000001342597099
Q7378094	6000000075555707947
Q7378096	6000000009577724811
Q7378104	6000000020734613658
Q7378104	6000000083860923267
Q7378110	6000000018483992359
Q7378114	6000000032171863022
Q7378586	6000000001448511584
Q73786575	6000000015823810582
Q73786937	6000000015823274708
Q7378734	6000000007451802389
Q7379083	6000000021608170156
Q737928	6000000018085391577
Q737960	6000000001768094688
Q737964	6000000027434664951
Q7379763	6000000030649013964
Q73799662	6000000019304496464
Q7380262	6000000011318515897
Q7380263	6000000002175963020
Q7380294	6000000002246214554
Q7380298	6000000010044584103
Q7380355	6000000013813925933
Q7380363	6000000086433113846
Q7380377	6000000055559858845
Q73806261	6000000003146907099
Q7380701	6000000176090518822
Q7380718	6000000001367773850
Q73812570	6000000190769758822
Q7381354	6000000004133101861
Q73813790	6000000038542093274
Q7381412	6000000056341280927
Q7381421	6000000026518765971
Q7381424	6000000044679299974
Q7381434	6000000015856248257
Q7381470	6000000147813682912
Q7381471	6000000073063784855
Q7381482	6000000111098387938
Q7381491	6000000105980574877
Q738151	6000000080744302623
Q7381551	6000000018297263699
Q7381553	6000000020376363089
Q7381578	6000000032421955139
Q7381613	6000000004258984590
Q7381640	6000000017131349604
Q7381668	6000000020374818709
Q7381668	6000000022710893041
Q7381669	6000000020376168961
Q7381675	6000000027952278321
Q7381740	6000000037693108070
Q7381749	6000000002576883363
Q7381788	6000000005017462766
Q7381797	6000000167522840821
Q7381804	6000000010791739714
Q7381806	6000000010792396342
Q7381807	6000000009462000029
Q7382	6000000075326965283
Q73820702	6000000107989289844
Q73822057	6000000112371511883
Q73823051	6000000012402105140
Q7382570	6000000106231898888
Q7382777	6000000011182420633
Q7382874	6000000181784661822
Q7382889	6000000056932904959
Q7382914	6000000003276594336
Q7382917	6000000021883273312
Q7382919	6000000024049230965
Q7382923	6000000000769960576
Q7382933	6000000061089036044
Q7382975	6000000106257077861
Q7383013	6000000003088165234
Q7383019	6000000028543540560
Q7383023	6000000175044235939
Q7383024	6000000163113323822
Q7383047	6000000179005775891
Q7383110	356757937240011528
Q7383117	6000000008733384850
Q7383124	6000000010120315211
Q7383137	6000000062600821846
Q7383158	6000000002764408594
Q7383161	6000000016960418598
Q7383175	6000000018741297001
Q7383211	6000000182634524894
Q7383270	6000000022706341886
Q7383367	6000000066623440842
Q738355	6000000090505672074
Q738358	6000000156019246822
Q7384013	6000000038000038340
Q7384014	6000000038000400828
Q738404	6000000046194404881
Q7384239	6000000177791042832
Q7384371	6000000081191607829
Q7384599	6000000034745586866
Q738471	6000000020405363515
Q738498	6000000178965408854
Q73850853	6000000006959929176
Q738521	6000000039916658240
Q738532	6000000023893365003
Q7385387	6000000003882561872
Q738539	6000000104586217979
Q73856	6000000009600233581
Q738577	6000000014428210916
Q738585	6000000145237916925
Q738615	6000000003417399129
Q7386161	6000000150174222885
Q73862	6000000048295483899
Q738623	6000000019977984569
Q738635	6000000007220887435
Q7386594	6000000002027396258
Q7386596	6000000002538117459
Q7386598	6000000002110825000
Q7386600	6000000003094530644
Q7386663	6000000015262383462
Q7386721	6000000018045846420
Q738679	6000000003282689402
Q73868	6000000015733155237
Q73872	6000000016810277265
Q7387421	6000000042768498499
Q7387447	6000000001915074535
Q7387458	6000000043572565828
Q7387639	6000000067939453822
Q738773	6000000177621621823
Q7387765	6000000043905154950
Q7387856	6000000003014925122
Q738786	6000000015374970602
Q7387870	6000000056729836003
Q7387951	6000000067407823821
Q7387981	382528652980013242
Q73880	6000000140785311869
Q73880409	6000000032343067220
Q738838	6000000000007354728
Q73885076	6000000032326688883
Q738873	6000000142687371821
Q73889791	6000000058523288944
Q73890	6000000010302721387
Q73891393	6000000003772730514
Q73892	6000000004538086514
Q738941	6000000013164184243
Q73895	6000000007466115231
Q73896539	4877798586220081849
Q73897087	6000000002435291320
Q738980	6000000012262207148
Q73899413	6000000122052720911
Q739008	6000000008513173589
Q739020	6000000066936343918
Q739041	6000000009288481703
Q739061	6000000166575774822
Q739091	6000000038020681911
Q739130	6000000020167019854
Q739144	6000000011344540486
Q739148	6000000017339250206
Q739160	6000000046135713838
Q739176	6000000008370707332
Q739190	6000000017444083391
Q739194	6000000082237960018
Q739205	6000000092124672449
Q739215	6000000029702643135
Q739229	6000000014781271885
Q73924	6000000046508104841
Q739253	6000000003310151061
Q739264	6000000027005368096
Q739266	6000000050226664937
Q739275	6000000003255317269
Q739286	6000000003855891041
Q739291	6000000145343712384
Q73935	6000000032874514563
Q739362	6000000041321211083
Q73938	6000000225767084857
Q739390	6000000010350503500
Q739419	6000000163423547035
Q739438	6000000083063266602
Q73948	6000000181913227825
Q739511	6000000024236867765
Q739522	6000000051744789898
Q739540	6000000182000748825
Q739542	6000000000001538987
Q739554	6000000178215872854
Q7395779	6000000145748646061
Q739597	6000000036037569758
Q73961	6000000049843900387
Q7396222	6000000013430505116
Q739630	6000000141040853906
Q739662	6000000091223208833
Q739663	6000000047710394044
Q739669	6000000005392422020
Q7396856	6000000014021828155
Q7396857	6000000016953048366
Q7396861	6000000011205295583
Q7396870	6000000006602672896
Q7396872	6000000015668392300
Q7396873	6000000010157239311
Q7396874	6000000010156554391
Q7397441	6000000040568457924
Q739746	6000000127152697877
Q739749	6000000011673567621
Q7397940	6000000052123722909
Q73980	5196546892450020539
Q7398165	6000000177064576845
Q739843	6000000140753272887
Q739866	6000000037009222340
Q73987680	6000000041314926383
Q73990479	6000000000608335436
Q739917	6000000060625789005
Q73994202	6000000013091280400
Q739994	6000000178966854848
Q74004	6000000081458409316
Q740044	6000000105090611826
Q740048	6000000156796385822
Q74005	6000000026478817635
Q740071	6000000037137032430
Q740077	6000000003779202618
Q740086	6000000002838712505
Q74009699	6000000000759469371
Q740112	6000000002069317973
Q74012940	6000000017589265199
Q74019	6000000003858624656
Q740211	6000000066767703873
Q740234	6000000026697117640
Q74024621	6000000042359851242
Q7402657	6000000018070307569
Q74028	6000000129571147000
Q740284	4928577124800075643
Q74030998	6000000008897757375
Q74032	6000000003199506739
Q740330	6000000001516780376
Q740332	6000000074768665970
Q7403744	3137346
Q740396	6000000082648009911
Q74040	6000000036227288298
Q74042	6000000000612545327
Q7404427	6000000002169844788
Q740452	6000000019965762881
Q74048	6000000105925180424
Q7405036	6000000153056957836
Q7405063	6000000183142894922
Q7405066	6000000066089554625
Q74051	6000000179815795823
Q7405153	6000000005599105998
Q7405156	6000000000984508363
Q7405162	6000000014021469487
Q7405175	6000000089633616950
Q7405200	6000000025832275255
Q7405264	6000000007245159387
Q7405266	6000000017308073397
Q74053	6000000171689159550
Q7405318	6000000110569773915
Q7405331	6000000057775599061
Q740549	6000000005488555012
Q7405507	6000000007007317010
Q7405633	6000000019286272918
Q7405635	6000000002765016777
Q740571	6000000171753620024
Q74058601	6000000038609249058
Q740596	6000000034629867857
Q74059836	6000000010414501873
Q74062303	6000000022079339495
Q740631	6000000027414916501
Q740638	6000000127719560896
Q740641	6000000020224453060
Q740642	6000000014504657672
Q7406450	6000000025708847174
Q740657	6000000010355685584
Q7406614	6000000009700134222
Q7406671	6000000144733346873
Q7406701	6000000163824575002
Q7406710	6000000179419368936
Q740673	6000000075422028007
Q74068301	6000000022079159398
Q7407	6000000004005928612
Q740706	6000000025359837003
Q74070964	6000000020017064196
Q7407142	6000000001690520235
Q740716	6000000013163042445
Q740717	6000000019893635255
Q7407184	6000000068232325863
Q7407207	6000000007290953770
Q740729	376376034340012869
Q7407328	6000000031125032170
Q7407356	6000000178906361838
Q7407389	4940716197010019693
Q7407413	6000000039770659678
Q7407456	6000000004358690878
Q7407507	6000000029864366036
Q7407541	6000000041802156106
Q74075720	6000000058597703821
Q7407581	6000000085414289053
Q7407583	6000000000250523554
Q7407641	6000000006784000069
Q740767	6000000161402133821
Q7407795	6000000006591207578
Q7407818	6000000067163486991
Q7407828	6000000176214166846
Q7407878	6000000012412858325
Q7407952	6000000023982662039
Q740798	6000000021051567308
Q7408131	6000000096166354846
Q740816	6000000182097396845
Q7408185	6000000032589626929
Q7408358	6000000179845017902
Q7408361	6000000184784704844
Q7408365	6000000000060899387
Q74085	6000000119740641873
Q7408682	6000000032008706506
Q7408759	4181746520550036116
Q740880	6000000026620231860
Q7408805	6000000031485888841
Q7409	6000000015643372498
Q7409045	6000000002857329346
Q740917	6000000075326516086
Q740928	6000000160882117824
Q740933	6000000027934212601
Q7409365	6000000033754605026
Q74093741	6000000008478927832
Q7409631	6000000045870183062
Q740966	6000000027475347772
Q74096901	6000000031311477052
Q7409702	6000000016454454488
Q7409744	6000000042361647105
Q7409777	6000000176638125925
Q7409794	6000000071269133893
Q7409796	6000000027996683975
Q74098	6000000022017477402
Q7409836	6000000005388479323
Q7409837	6000000036346437883
Q740991	6000000002364585932
Q741007	6000000068559763840
Q7410214	6000000021729971717
Q7410219	6000000017227370036
Q7410226	6000000019469223711
Q7410227	6000000032699470757
Q741023	6000000036576063988
Q7410236	6000000011555897565
Q7410239	6000000003658803283
Q7410248	6000000019549914572
Q741030	6000000018528043323
Q7410367	6000000016164672588
Q7410382	6000000010535696344
Q7410384	6000000176587570827
Q741041	6000000184989454823
Q741054	6000000015402418699
Q741058	6000000015069877202
Q7410696	6000000080632146187
Q7410714	6000000040513809605
Q7410715	6000000047976767625
Q7410718	6000000154851241863
Q7410719	6000000018020345503
Q7410725	6000000003607819223
Q7410728	6000000017827205790
Q7410747	6000000077375884232
Q7410754	6000000024266587153
Q7410756	6000000001591548829
Q7410757	6000000006158952964
Q7410769	6000000026890154770
Q7410776	5537632346030125766
Q7410779	6000000010414396949
Q74107804	6000000019924090665
Q7410785	6000000051954438999
Q7410786	6000000023466588758
Q7410794	6000000002277277716
Q7410797	6000000025957533228
Q7410797	6000000038548627824
Q7410803	6000000104115361048
Q7410811	6000000108731350935
Q7410831	6000000017107900915
Q7410841	6000000044919108858
Q7410869	6000000011037505777
Q7410879	6000000013228501224
Q7410883	6000000013586824129
Q7410886	6000000017034275035
Q7410888	6000000012620797664
Q7410895	6000000024566126059
Q7410902	6000000037801993423
Q7410911	6000000012420849539
Q7410912	6000000011928407413
Q7410916	6000000105202296988
Q7410934	6000000039971515945
Q741094	6000000002775098463
Q7410945	6000000012363038333
Q7410946	6000000001132686437
Q7410949	6000000035556150974
Q7410959	6000000015226519442
Q7410962	6000000032630995393
Q7410973	6000000017448690003
Q7410980	6000000000470080419
Q74110	6000000016707842099
Q7411024	6000000031032916932
Q7411025	6000000002115855863
Q7411032	6000000019463896400
Q7411040	6000000020378495964
Q7411047	6000000015291715083
Q7411057	6000000104508735167
Q7411067	6000000008799765920
Q7411069	6000000003512915098
Q7411070	6000000038079927895
Q7411088	6000000001553660296
Q7411089	6000000002447351632
Q7411092	6000000182838639837
Q7411093	6000000038401393507
Q7411094	6000000002789302462
Q7411097	6000000001368730439
Q7411099	6000000000588785030
Q74111	6000000019058303097
Q7411104	6000000013227311235
Q7411106	6000000007401998240
Q7411114	6000000014066125584
Q7411124	6000000026161186952
Q7411137	6000000015962640977
Q7411145	6000000004948352694
Q7411146	6000000004957379249
Q7411177	6000000003221693598
Q7411180	6000000014108254466
Q7411194	6000000019665217254
Q7411198	6000000114317684022
Q741120	6000000013633576564
Q7411201	6000000005912356045
Q7411202	6000000005912347983
Q7411203	6000000000889238228
Q7411204	6000000004017298690
Q7411217	6000000013015243784
Q7411224	6000000008549006735
Q7411225	6000000008548517148
Q7411228	6000000003723579420
Q7411233	6000000048402165842
Q7411241	6000000014032756529
Q7411256	6000000172684888755
Q7411268	6000000126112620390
Q7411272	6000000000265929786
Q7411297	6000000010103764528
Q7411299	6000000012986195645
Q7411307	6000000180826723009
Q7411309	6000000006598437097
Q7411314	6000000006987543172
Q7411319	6000000000320749253
Q7411320	6000000016896678356
Q7411372	6000000010791007795
Q7411373	6000000108613156851
Q7411376	6000000001319636367
Q7411379	6000000014346321114
Q7411380	4400749891890024488
Q7411384	6000000053028670864
Q7411391	6000000014726312519
Q7411399	6000000019547248553
Q7411414	6000000017625374310
Q7411428	6000000035920995625
Q7411436	6000000000930323216
Q7411445	6000000022350210293
Q7411446	6000000036947187384
Q7411463	6000000013062219300
Q7411475	6000000029602118619
Q7411477	6000000007235752169
Q7411489	6000000178630164846
Q7411507	6000000004854194074
Q7411513	6000000002824538463
Q7411513	6000000114598621152
Q7411535	6000000012397141100
Q7411539	6000000172915357866
Q7411554	6000000001608999190
Q7411598	6000000035086057819
Q74116	6000000140449216103
Q7411610	6000000000910032239
Q7411616	6000000022420276164
Q7411619	6000000018172804011
Q7411626	6000000020775586875
Q7411627	6000000000166115309
Q7411638	6000000014210217607
Q7411667	6000000032756604241
Q7411670	6000000021329668869
Q7411671	6000000052839343933
Q7411685	6000000012542910098
Q7411691	6000000020118051426
Q741170	6000000017307354145
Q7411701	6000000004086650686
Q7411716	6000000011253634019
Q7411717	6000000066554730974
Q7411717	6000000102517239313
Q7411717	6000000184137770975
Q7411722	6000000002427988755
Q7411724	6000000016511342396
Q7411726	6000000001832176965
Q7411727	6000000015118518844
Q7411736	6000000026649806841
Q7411737	6000000004079757691
Q7411738	6000000179585590822
Q7411752	6000000029640964094
Q7411764	6000000113906447800
Q7411781	6000000026283655847
Q7411787	6000000024018725571
Q7411791	6000000027375091767
Q7411805	6000000188128037908
Q7411832	6000000032041847355
Q7411839	6000000002427650174
Q7411849	6000000001248680112
Q741185	6000000019442192965
Q7411854	6000000019463782332
Q7411870	6000000024333036574
Q7411873	6000000027960105935
Q7411879	6000000002435859440
Q7411889	6000000001287970346
Q741189	6000000005767614374
Q7411891	6000000012620015147
Q7411894	6000000006412914539
Q7411913	6000000021133636789
Q7411923	6000000001959236981
Q7411943	6000000007070963476
Q7411966	6000000017739157071
Q7411971	6000000183259932874
Q741198	6000000000481782333
Q7411980	6000000035435865573
Q7411984	6000000010486624191
Q7411986	6000000036153591374
Q7411989	6000000000630306294
Q7411996	6000000125864556843
Q7412015	388681711700012516
Q7412017	6000000059863412850
Q7412020	6000000080067722821
Q7412023	6000000001308933533
Q7412028	6000000183261420829
Q7412036	6000000010028826348
Q7412037	6000000004004479218
Q7412045	6000000002823946205
Q7412059	6000000002870175443
Q7412060	4315384389350053562
Q7412060	6000000020131062651
Q7412063	6000000103829412491
Q7412064	6000000069223336863
Q7412070	6000000017866003192
Q7412120	6000000017466297841
Q7412122	6000000027412463458
Q7412124	6000000000310668976
Q7412125	6000000019057019615
Q7412126	6000000001354060944
Q7412129	6000000007604204152
Q7412130	6000000017514946115
Q7412133	6000000048879011845
Q7412141	6000000001635736794
Q7412149	6000000008218053430
Q7412151	6000000004047459127
Q7412152	6000000066474852823
Q7412158	6000000079210959029
Q74121852	6000000019717992795
Q7412187	6000000011174286259
Q7412190	6000000002799102358
Q7412191	6000000023203956012
Q7412194	6000000001903816140
Q7412197	6000000001383089811
Q7412197	6000000019464321264
Q7412210	6000000007281342323
Q7412211	6000000002723785709
Q7412219	6000000001842922974
Q7412223	6000000014320326987
Q7412225	6000000027750823028
Q7412231	6000000008971602473
Q7412232	6000000000490835823
Q7412233	6000000007454587831
Q7412234	6000000016505798881
Q7412252	6000000106709432028
Q7412269	6000000176009943901
Q7412273	6000000019477910059
Q7412275	6000000020329570942
Q7412276	5664942768280026989
Q7412280	6000000020440292372
Q7412281	6000000027629097385
Q7412289	6000000018965334526
Q7412295	6000000013154691659
Q7412296	6000000014428176251
Q7412302	6000000020812195221
Q7412304	6000000000709674518
Q7412323	6000000106375329827
Q7412327	6000000001383111591
Q7412342	6000000000316622319
Q7412349	6000000020865388898
Q7412351	6000000011011804302
Q7412379	6000000003549442037
Q7412383	6000000005599105455
Q7412384	6000000029597523029
Q7412388	6000000003975018957
Q7412389	369597219850011729
Q7412399	6000000009648575766
Q7412409	6000000014350030453
Q7412410	6000000013223603321
Q7412412	6000000003443925938
Q7412417	6000000035872833242
Q7412419	6000000008009426516
Q7412467	6000000178056142861
Q7412469	6000000015851359119
Q7412480	6000000034599965854
Q7412486	6000000045008076925
Q7412499	6000000023466831181
Q7412509	6000000069561394822
Q7412518	6000000006606049428
Q7412529	6000000017370580368
Q7412533	6000000178258214823
Q7412541	6000000018008843043
Q7412549	6000000023204604886
Q7412556	6000000012297951730
Q7412559	6000000036535634226
Q7412568	6000000002617823249
Q7412569	6000000021437798863
Q7412577	6000000010858239268
Q7412581	6000000004158481415
Q7412584	6000000072441470196
Q7412591	6000000182015736822
Q7412606	6000000048652223214
Q7412612	6000000039870571345
Q7412619	6000000018214057249
Q7412625	6000000043179862987
Q7412628	6000000017353330133
Q7412631	6000000002501825239
Q7412637	6000000002339177065
Q7412643	6000000007226654428
Q7412645	6000000007179439638
Q7412652	6000000027014830927
Q7412654	6000000011124326354
Q7412657	6000000011198935460
Q7412681	6000000020223068185
Q7412687	6000000002133239172
Q7412688	6000000010065920777
Q7412690	6000000022303296343
Q7412710	6000000002451847149
Q7412711	6000000036728616005
Q7412716	6000000109735217001
Q7412721	6000000010546044615
Q7412724	6000000017401990889
Q7412726	6000000150386662859
Q7412739	6000000034256309541
Q7412742	6000000000229602424
Q7412761	6000000010800414440
Q7412768	6000000001383118928
Q7412779	6000000026762379824
Q7412781	6000000010207287501
Q7412795	6000000147177011908
Q7412796	6000000007649279464
Q74128	6000000002231924837
Q7412800	6000000015732860022
Q7412828	6000000000140318257
Q7412834	6000000044420390030
Q7412853	6000000008340819729
Q7412860	6000000001843182527
Q7412874	6000000006180422075
Q7412876	6000000012517511485
Q7412877	6000000006180459042
Q7412878	6000000011491705493
Q7412881	6000000001650662249
Q7412894	6000000046121707855
Q7412907	6000000001902337320
Q7412913	6000000183255641824
Q7412917	6000000028101599593
Q7412919	6000000004079757273
Q7412920	6000000002831295388
Q7412928	6000000004018675359
Q7412932	6000000001713428565
Q7412933	6000000000545465899
Q7412937	6000000071665219947
Q7412945	6000000013836458085
Q7412957	6000000015291250959
Q7412964	6000000186283547518
Q7412965	6000000002667640246
Q7412966	6000000173611411848
Q7412967	6000000017103608086
Q741298	6000000181931622823
Q74131	6000000022936282986
Q741327	6000000001169174983
Q741330	6000000053793408181
Q74137	6000000154325006823
Q741387	6000000145777218898
Q741393	6000000001254080268
Q74139635	6000000017539279609
Q741409	6000000012306673390
Q74141693	6000000012641047446
Q74141891	6000000007607050282
Q74142528	6000000022687916216
Q741428	4797474586400041736
Q74142805	6000000025389483555
Q74143409	6000000003615716434
Q741442	6000000011621243597
Q74145	6000000000051746206
Q741456	6000000013497064860
Q741462	6000000021665890960
Q741482	5126416215000064775
Q741496	6000000109011785856
Q7415	6000000047042272385
Q741503	5258874368740020771
Q741513	6000000009397601400
Q741540	6000000014238973502
Q741572	6000000073350690945
Q7416	6000000009590563861
Q741605	6000000027507401189
Q7416118	6000000037052944511
Q7416341	6000000016511962980
Q7416343	6000000009568866107
Q7416579	6000000035309216606
Q7416730	6000000139528371834
Q7416742	6000000016250204577
Q741709	6000000090952018197
Q741710	6000000084584021180
Q7417259	6000000143312298821
Q741735	6000000024639459572
Q741736	6000000001723257071
Q7417369	6000000018756772442
Q741744	6000000003976912696
Q741759	6000000044930784884
Q7417602	6000000016651836618
Q741772	6000000015107314860
Q74178067	6000000134649067892
Q741784	6000000024101609770
Q7418	6000000075327685274
Q741817	6000000018646801737
Q74185088	6000000034674767671
Q74185540	6000000014072407650
Q741862	6000000080180515172
Q741870	6000000012921864532
Q741874	6000000045238692252
Q741893	6000000174820046912
Q7419	6000000075328258026
Q741909	6000000028994243577
Q741918	6000000005961450841
Q74194816	6000000003239283608
Q74197	6000000040678435368
Q74197887	6000000006586883723
Q74198362	6000000015759069299
Q741990	6000000016750266718
Q74199397	6000000013611752563
Q742	6000000010267936881
Q7420	6000000075328312953
Q74200	6000000164713082986
Q74201471	6000000012482937132
Q7420209	6000000120530068899
Q7420215	6000000011278764954
Q742025	6000000006727717017
Q7420257	6000000011289222302
Q74203	6000000026441544199
Q7420427	6000000104799195048
Q742045	6000000033084269588
Q742047	6000000015951080750
Q74205487	6000000088843130886
Q74205579	6000000056057532862
Q74205777	6000000012504108902
Q7420603	6000000066162431946
Q742072	6000000004591140799
Q74209244	6000000173843499548
Q74209478	6000000035191586833
Q74211780	6000000075027260083
Q74211818	6000000008479225086
Q74211865	6000000048459096891
Q74212207	6000000008479608589
Q74212953	6000000013026680584
Q74214532	6000000019830374212
Q74214707	6000000015731314983
Q7421544	6000000017191117180
Q7421558	6000000033507949385
Q7421570	6000000178605231830
Q7421649	6000000074437443857
Q7421650	6000000026745817360
Q7421664	6000000038689222090
Q7421685	6000000045880242339
Q7421728	6000000020167725892
Q7421763	6000000029620258943
Q7421777	6000000007315941518
Q7421783	6000000005441081761
Q7421788	6000000063631879067
Q7421812	6000000003834452139
Q74218278	6000000052256693957
Q74218667	6000000011632859872
Q742189	6000000089712383893
Q742191	6000000003827181690
Q742192	6000000016998019049
Q742198	6000000013246574317
Q742204	6000000064485191915
Q7422041	6000000026326047231
Q7422046	6000000012755171713
Q7422060	6000000000424977691
Q7422083	6000000013461615134
Q74221	6000000000006491376
Q742210	6000000016289985238
Q7422112	6000000007007826313
Q7422152	6000000003040870730
Q7422170	6000000111696171825
Q7422195	6000000002684799779
Q742221	6000000014145871180
Q7422217	6000000021321976413
Q7422266	6000000069162343153
Q7422292	6000000000351290206
Q7422311	6000000002984693424
Q742233	6000000002435807524
Q7422335	6000000125071823842
Q7422342	6000000013270773862
Q7422343	6000000075808764825
Q7422355	6000000017268587389
Q7422362	6000000020113983999
Q7422374	6000000002388220245
Q7422391	6000000002814141459
Q7422421	6000000077894837366
Q7422495	6000000044529754017
Q74225073	6000000018646892786
Q74225073	6000000018648008635
Q7422544	6000000010763832347
Q7422565	6000000052154167871
Q7422569	5122168867590137948
Q7422604	6000000007878820325
Q7422634	6000000039033184119
Q7422652	6000000175772341826
Q7422690	6000000000711289187
Q7422696	6000000084446852235
Q7422703	6000000015703098875
Q7422704	6000000018154502055
Q742271	6000000021720242971
Q742280	6000000022718074836
Q7422829	6000000001678681888
Q742284	6000000023254091990
Q7422868	6000000007263574656
Q7422896	6000000040811113466
Q742290	4546077
Q7422902	6000000001031665266
Q742300	6000000011306499860
Q742322	6000000009315356302
Q74233	6000000035624301973
Q742332	6000000141158875018
Q74235	6000000134723741004
Q742361	6000000013838302441
Q742371	6000000034952705426
Q742459	6000000023724604011
Q742477	6000000085716991879
Q7424848	6000000010020058841
Q742496	6000000044552328821
Q742501	6000000000964266330
Q742504	6000000020434695686
Q742508	6000000014838126155
Q7425117	6000000201950416842
Q742525	6000000031709884887
Q74259240	6000000029323196262
Q742596	6000000017885912259
Q7426	6000000013733469109
Q74262822	6000000167311579802
Q74262841	6000000054202554865
Q742634	6000000140230812900
Q74265307	6000000026559561175
Q742722	6000000020104796553
Q7427304	6000000068854257896
Q7427308	6000000037815585515
Q7427315	6000000016434159374
Q7427335	6000000036822364055
Q7427342	6000000025943089871
Q7427368	6000000173466188823
Q7427454	6000000035284161503
Q742774	6000000053141408026
Q7428053	6000000015346237890
Q74282	6000000138583749822
Q7428221	6000000013548877810
Q742825	6000000104559657854
Q74283	6000000007330389743
Q742873	6000000013474408350
Q742878	6000000177683254859
Q7428852	6000000066701074895
Q742896	6000000031549163666
Q74289991	6000000001885062263
Q7429196	6000000177862956836
Q742952	6000000017538150810
Q742959	6000000048244251821
Q74297	6000000016303856249
Q742974	6000000036306626860
Q742978	6000000022829662820
Q743010	6000000151357261839
Q743056	6000000011139729762
Q74306	6000000030793231738
Q743079	6000000026179193819
Q74310	6000000002803002443
Q743106	6000000068978805955
Q743154	6000000016394837096
Q743162	4785987917060123541
Q743162	6000000015840049440
Q743168	6000000071162302182
Q74318	6000000083909191895
Q74321	6000000002898158956
Q743219	6000000010272314345
Q743229	6000000008321365369
Q74324	6000000052783634837
Q743262	6000000138489836900
Q7433067	6000000043015390512
Q7433073	6000000014056412273
Q7433081	6000000003943016434
Q7433083	6000000017824100188
Q743319	6000000002581589029
Q7434034	6000000141110282917
Q743424	6000000180419901890
Q7434247	6000000021567238850
Q74342855	6000000011171200014
Q74344	6000000055864340860
Q743442	6000000022905596850
Q743451	6000000024901034816
Q743460	6000000004654905036
Q743462	6000000027146699462
Q743472	6000000002388623442
Q74349	6000000008439466372
Q743492	6000000003988717300
Q7435459	6000000041317819037
Q743567	6000000019976267921
Q7435893	6000000024366847739
Q7435896	6000000073127703833
Q7435918	6000000080752654286
Q7435922	6000000037534883907
Q7436031	6000000010394112414
Q743625	6000000048601452172
Q74364034	6000000021520952793
Q74364594	6000000165827351865
Q74365728	6000000001444585333
Q743673	6000000002602978800
Q743679	6000000064774181959
Q743684	6000000002764975937
Q7436908	6000000003374409643
Q7436953	6000000007607281412
Q7437083	6000000050895193013
Q7437249	6000000017442388150
Q7437329	6000000049337783853
Q74373569	6000000075210616978
Q7437507	6000000001529377865
Q7438	6000000207622180897
Q743802	6000000026828071622
Q7438213	6000000047902956829
Q743865	6000000007400350775
Q7439298	6000000057050375893
Q7439299	6000000000305031964
Q74398	6000000000142377445
Q743984	6000000178306830826
Q743995	6000000021043220616
Q744008	6000000199328080832
Q744019	6000000136568779856
Q744023	6000000042897592106
Q744037	6000000033984130142
Q744046	6000000022877333268
Q74405	6000000179980449852
Q7440617	6000000071159329009
Q744064	6000000019307076070
Q744084	6000000003412785442
Q7440840	6000000028243302489
Q74409658	6000000044071995816
Q744098	6000000022912769024
Q74410	6000000008020573803
Q7441031	6000000151666003839
Q7441095	6000000040287455880
Q7441178	6000000038663246957
Q744123	6000000010736996787
Q74414466	6000000005230855775
Q7441463	6000000147599600822
Q7441528	6000000055074847924
Q7441787	6000000003940442108
Q74422511	6000000036146005303
Q7442355	6000000041686772773
Q7442423	6000000058934361821
Q7442470	6000000003586980671
Q7442474	6000000018999899667
Q744249	6000000025123330161
Q7442638	6000000011205039656
Q7442690	6000000133889181913
Q7442700	6000000024544775962
Q744298	4431493806280128894
Q74432	6000000022494587471
Q744332	6000000018308229107
Q744337	6000000022177040544
Q74434	6000000015860498750
Q744357	6000000016096052259
Q74435825	6000000110569865923
Q74437105	6000000109754440927
Q744389	6000000009823890434
Q744402	6000000029681734665
Q7444047	6000000007846116005
Q744435	6000000015043121517
Q744446	6000000012832616294
Q744469	6000000096383173078
Q74449107	6000000021766719347
Q7445	6000000066832707931
Q744541	6000000003887169325
Q744560	6000000018660623510
Q74458488	6000000000424721635
Q744590	6000000010974364252
Q7445931	6000000014744405766
Q7446	6000000013039322232
Q744641	6000000003914655912
Q74465	6000000093334370866
Q7447	3924961611540042656
Q7447599	6000000058817119941
Q744798	6000000027818114709
Q744807	6000000015182097670
Q744819	4271414635180030272
Q7448373	6000000009059343417
Q7448383	6000000037537667714
Q7448398	6000000012230173398
Q7448405	6000000000726032035
Q7448413	6000000003782576241
Q744848	6000000085052806401
Q744866	6000000010526401141
Q7448719	6000000023698559286
Q7448915	6000000004270731186
Q744915	6000000166914005835
Q74492630	6000000009923264690
Q744932	6000000015062795607
Q744955	6000000028608140466
Q7449747	1888319
Q7450212	6000000001656387943
Q745041	6000000016499646041
Q74511	6000000094182351919
Q74514	6000000016313242844
Q74515	6000000027533507254
Q74517	6000000036629565822
Q7451998	6000000018434400867
Q745216	6000000015565742617
Q7452273	6000000033559004382
Q745235	6000000080179160892
Q745241	6000000042231824833
Q74524955	6000000006589171337
Q7452596	6000000044455250990
Q74526	6000000145344280826
Q74528439	6000000017152824854
Q745286	6000000016445793017
Q7453105	6000000030728541430
Q7453115	6000000010581149299
Q7453238	6000000011188323482
Q7454157	6000000022806597808
Q7454162	6000000076954188672
Q7454484	6000000104564550005
Q74546812	6000000051413181152
Q74547677	6000000041173332208
Q74550963	6000000035668259246
Q745536	6000000026918860347
Q74556766	6000000003858484594
Q74557	6000000042559505879
Q745578	6000000155784156955
Q74557956	6000000016117834296
Q7456436	6000000037534866902
Q7456443	6000000013037584526
Q7456454	6000000055535465894
Q7456501	6000000105923273852
Q7456515	6000000084228928067
Q7456529	6000000015509796365
Q7456535	6000000047100926911
Q7456586	6000000019274052458
Q7456606	6000000002603437523
Q7456615	370678485010011799
Q7456630	6000000000943820827
Q7456636	6000000067751470045
Q7456638	6000000012970580205
Q745671	6000000017061350517
Q745731	6000000020023680425
Q7457872	6000000006860933178
Q7457876	6000000011552345975
Q7457878	6000000026187513998
Q7457889	6000000002627285251
Q7457991	3765480
Q7458153	6000000002188552129
Q7458155	6000000026039695343
Q7458216	6000000026230603378
Q7458219	6000000094817323230
Q7458224	6000000184095056836
Q7458253	6000000055978262915
Q7458254	6000000009376276443
Q745830	6000000044861769044
Q745833	6000000018751148065
Q74585	6000000037130402170
Q7458633	6000000004592936134
Q745868	6000000009148108373
Q745874	6000000069594175975
Q7459	6000000075424789107
Q745903	6000000032065985888
Q7459129	6000000011487504999
Q7459131	6000000010757152815
Q7459132	6000000017108433811
Q7459157	6000000023165877917
Q7459163	6000000007015346520
Q7459175	6000000011139920079
Q7459176	6000000011140349075
Q7459204	6000000051070833047
Q7459237	6000000014516235025
Q7459238	6000000177134949913
Q7459241	6000000067834839063
Q74595	6000000006322203950
Q7460163	6000000137213564843
Q74607	6000000006348733429
Q7460956	6000000015400424220
Q746101	6000000016607188368
Q746108	6000000165822687830
Q7461322	6000000010444289909
Q746201	6000000017088267739
Q74620210	6000000015312276692
Q746219	6000000066959440959
Q74621946	6000000092004229956
Q74621952	6000000056071680020
Q74622	6000000015593836847
Q74622001	6000000069970531869
Q74622089	6000000027126239089
Q74622118	6000000071681167206
Q74622201	6000000013064457632
Q74622278	6000000018436328383
Q746224	6000000011341912774
Q74622849	6000000086592903885
Q746292	6000000018712710919
Q74639	6000000070009265920
Q74642	6000000070640998891
Q746420	6000000019396049239
Q746458	6000000015160283532
Q74649601	6000000002183411643
Q746500	6000000031057898391
Q74651	6000000105431302883
Q746530	6000000002587470458
Q746534	6000000015682366706
Q746609	6000000100372048222
Q74662908	6000000015073609675
Q7466342	4449467716800027741
Q74666990	6000000080115051940
Q746677	6000000135720777965
Q746752	6000000004109978367
Q74676	6000000024005745170
Q746807	6000000173449121163
Q746823	6000000075915053823
Q74685	6000000033682077186
Q746854	6000000083052030385
Q746871	6000000077950388350
Q746897	6000000015730548310
Q74692771	6000000019990543387
Q74695005	6000000016565726194
Q74696	6000000011302033290
Q746960	4499787265960062962
Q74698187	6000000027644407245
Q74698273	6000000004566059394
Q746988	6000000178271060854
Q747	6000000014798079864
Q74707927	6000000012272716185
Q7471	6000000012652766149
Q747128	6000000015607576526
Q74718	6000000006451855180
Q747199	6000000015737797412
Q74720541	6000000008139166139
Q7473	6000000012652423092
Q747341	6000000010574137223
Q74735325	6000000017808338489
Q7473585	6000000029356592257
Q747375	6000000015042018657
Q7474	6000000009361651202
Q7474062	6000000002517159065
Q747440	6000000009870155017
Q74745063	6000000181065840907
Q74747	6000000002188416473
Q7475	6000000006579930009
Q747531	6000000022825237260
Q747533	6000000045886908842
Q74754	6000000007356632248
Q74757	6000000081816705832
Q74760281	6000000001643907352
Q74764	6000000095749347866
Q7476639	6000000021237160167
Q747697	6000000175783935854
Q7477	6000000006582015988
Q74771	6000000116350287835
Q747723	6000000043329394897
Q74774511	6000000076892088032
Q747814	6000000152213465833
Q7478671	6000000014987120820
Q74788895	6000000006435699607
Q7479	6000000006579919975
Q74790	6000000013106736639
Q747922	6000000035041166173
Q74793	6000000122583436888
Q747955	6000000126751779890
Q74799530	6000000011903683318
Q74800601	6000000186277062876
Q748066	374184121000012246
Q74807	6000000052214228822
Q748077	6000000001396282238
Q748113	6000000017267142879
Q748116	6000000084842020856
Q74811755	6000000026941779660
Q74812373	6000000021096493835
Q748127	6000000023868022053
Q74814661	6000000001383086680
Q748177	5374253247920041896
Q74818946	6000000010078683568
Q748221	6000000040833861381
Q748222	6000000070722043977
Q748239	6000000145354012854
Q74828053	6000000044366770998
Q7482877	6000000075881741078
Q7483	6000000012653141335
Q74830023	6000000002764365865
Q74830116	6000000041860228873
Q748303	6000000011599770189
Q748332	6000000136890992864
Q7483375	6000000182168950845
Q748341	6000000109825317190
Q7483501	6000000021118766061
Q7484	6000000012653210412
Q748404	6000000036019777565
Q74840526	6000000151438756895
Q7484096	6000000085601075885
Q748472	6000000003046781574
Q74847537	6000000012633077437
Q748526	6000000119093755931
Q748553	6000000011435116822
Q74856	6000000018326443432
Q7485654	6000000009474452923
Q748584	6000000028026683266
Q74860893	6000000006348245030
Q748610	6000000010810742323
Q7486104	4815287363370125649
Q7486136	4815288083240069452
Q7486164	4815388743030026182
Q74865	6000000016323172518
Q7486661	6000000006902448279
Q7486915	6000000013494712719
Q74869238	6000000058571706855
Q7487	6000000013948818440
Q748727	6000000084269400924
Q7487321	6000000008937096270
Q7487321	6000000177874913865
Q74875947	6000000042838181805
Q74876	6000000002188416355
Q748799	6000000013497563920
Q7488174	6000000177786419829
Q74881780	6000000153407704821
Q7488179	6000000039888273240
Q748837	6000000060604904907
Q7488832	6000000020894474407
Q7489	6000000012653031887
Q748904	6000000178173857855
Q748941	6000000035256789924
Q7489442	6000000009593176751
Q748960	6000000022815334647
Q748967	6000000083153234214
Q748989	6000000016330415163
Q7489895	6000000042394192835
Q74899	6000000007425574390
Q7489908	6000000040470516847
Q7489908	6000000180101463830
Q7490	6000000011124267034
Q7490158	6000000008807645268
Q7490197	6000000105693317505
Q749025	6000000014431742302
Q7490304	6000000008506328476
Q74903062	6000000112400199941
Q749039	6000000047941265483
Q749041	6000000003963762092
Q7491181	6000000074998237111
Q7491478	6000000004104766120
Q7492	6000000012653441830
Q749200	6000000126643679009
Q749220	6000000019542969182
Q7492281	6000000025646228680
Q749242	6000000021240774214
Q7492575	6000000014636907188
Q7492683	6000000047182267860
Q7492891	6000000040362216976
Q749292	6000000002978674260
Q7493059	6000000007465780470
Q7493060	6000000033000240340
Q7493180	6000000040265929260
Q7493357	6000000119183564821
Q7493375	6000000019962536119
Q7493418	6000000013123970587
Q7493469	6000000008170114771
Q749349	6000000025752740450
Q7493502	6000000183515697892
Q7493560	6000000025695008902
Q7493564	6000000141981156883
Q7493761	6000000049833776404
Q7493820	6000000027755843431
Q7493825	6000000038739128464
Q7494	6000000012653556397
Q7494055	5163329002890047402
Q7494059	6000000009353006901
Q7494127	6000000075504100891
Q7494424	6000000008116006623
Q7494534	6000000002491443250
Q7494611	6000000018419038375
Q7494889	6000000006580964392
Q7494902	6000000018452782610
Q7495091	6000000026245698905
Q7495156	6000000026827628235
Q7495157	6000000002304344422
Q7495160	6000000039630710848
Q7495166	6000000041348467101
Q7495230	6000000003147134367
Q7495237	6000000002872657848
Q7495391	6000000017176406072
Q7495403	4465880173320044544
Q7495425	6000000017389257578
Q7495430	6000000157245550821
Q7495464	6000000012176938062
Q7495515	6000000000470144995
Q749557	6000000074680400040
Q749590	6000000174872453854
Q7495905	6000000010031256178
Q7495918	6000000017924729844
Q7495924	6000000074725342879
Q7496	6000000012653602320
Q74960512	6000000190842663874
Q7496148	6000000014022533005
Q7496187	6000000018282614635
Q749628	6000000021545369374
Q749645	6000000008671682066
Q74967300	6000000026133335181
Q749678	6000000141041537822
Q74968	6000000023115997101
Q7496986	6000000024077203673
Q7496998	6000000028297780549
Q7497	6000000012653490170
Q7497000	6000000004644502229
Q749702	6000000081244086852
Q74972	6000000042562947091
Q749735	6000000076626717054
Q749775	6000000000628854528
Q7498	6000000075059372946
Q749837	6000000037542227036
Q74984	6000000078782298524
Q749852	6000000012779851249
Q7498649	6000000063149369846
Q74987	6000000197727716850
Q7498711	6000000004008747399
Q7498790	322360559370006360
Q74988	6000000041012036138
Q7498805	6000000015708282662
Q7498813	6000000016576266428
Q7498823	6000000010772481506
Q749887	6000000041156281862
Q7498899	6000000016217848442
Q749892	6000000078324288833
Q749913	6000000049116611828
Q74992	6000000097632603244
Q749945	6000000039477397921
Q749953	6000000017710068221
Q7499573	6000000007467399812
Q7499580	6000000025867328523
Q7499586	5277534533170058651
Q7499595	6000000000285726424
Q7499603	6000000018599348358
Q7499635	6000000100332348846
Q7499636	6000000038889516233
Q7499650	6000000165338571873
Q7499657	6000000027933697272
Q7499663	6000000010351737192
Q7499671	6000000000027946040
Q7499687	6000000029878051859
Q7499770	6000000182363440839
Q7499979	6000000008477233768
Q7500	6000000074687231205
Q7500251	6000000003796999233
Q7500258	6000000016992529418
Q7500261	6000000001396282195
Q750098	6000000184381171838
Q75017175	6000000166012301830
Q75021	6000000002962650446
Q75021623	6000000078425309887
Q75023	6000000084318378867
Q7502326	6000000030956363215
Q7502492	6000000021672878045
Q75025310	6000000021540590956
Q750345	6000000000344426715
Q75036680	6000000097185779384
Q75038538	6000000086456118047
Q75039	6000000037153141825
Q7504	4754226263020030553
Q75041	6000000001504698342
Q7504668	6000000012413283622
Q7504817	6000000026891333260
Q7504910	6000000001781666980
Q75050607	6000000011087722517
Q750520	6000000154084913824
Q75059	6000000042595417964
Q75064	6000000171522151798
Q75067976	6000000006348412618
Q75072133	6000000174858676017
Q75075	6000000006099980551
Q75075	6000000207665355848
Q75076012	6000000154315812823
Q750768	6000000003956968564
Q7507735	6000000017689965855
Q7507809	6000000066775209864
Q7507811	6000000043172135621
Q75078151	300606692380007798
Q7507951	6000000046095530182
Q7507958	6000000004195134623
Q75086406	6000000065013031865
Q75087	6000000034701780711
Q7508984	6000000003558924975
Q7508986	6000000014429740081
Q7508994	6000000051508360835
Q75090	6000000030938436613
Q7509013	6000000048170703716
Q7509030	6000000041526673179
Q7509038	6000000004948256702
Q7509062	6000000143010286835
Q7509068	6000000007417973257
Q75091096	6000000000162012247
Q7509122	6000000004868058446
Q7509123	6000000001877504625
Q7509134	6000000000111057950
Q7509139	6000000011518406986
Q7509144	6000000019580250083
Q75091543	6000000002043232180
Q7509160	6000000013000413635
Q7509185	6000000129263534841
Q7509227	6000000029851215881
Q7509236	6000000007517244227
Q7509271	6000000003615807445
Q7509278	6000000052986991923
Q7509313	4753207070810030116
Q7509332	6000000082833509069
Q7509338	6000000003146923134
Q7509413	6000000015820988668
Q7509426	343736053370001776
Q75095304	6000000000796888188
Q75096463	6000000025277696621
Q750977	6000000015604258080
Q75101	6000000013917953866
Q75101180	6000000002459911719
Q75103	6000000049704065132
Q75103824	6000000001744995872
Q75104	6000000022319056319
Q75106	6000000025957685546
Q7510656	6000000024680552654
Q7510675	6000000014804114513
Q7510702	6000000042592558620
Q7510740	6000000073722154847
Q75112	6000000000632003309
Q751200	6000000155580147831
Q7512377	6000000089960952185
Q7512472	6000000020681511673
Q7512495	6000000003566930528
Q7512496	6000000089342606858
Q75125686	6000000007362670760
Q75126	6000000000635173830
Q751260	6000000179225883842
Q751263	6000000013639852382
Q75128432	6000000008640414980
Q7512883	6000000013125042301
Q7512885	6000000011505366640
Q7512888	6000000021458212947
Q7513080	6000000017315853097
Q7513099	6000000018986947868
Q7513111	6000000009571131597
Q7513123	6000000023356852866
Q7513228	6000000135830453881
Q7513229	6000000011261173292
Q7513231	6000000032057658925
Q7513234	6000000011574306595
Q7513242	6000000015645321559
Q7513264	6000000049823036844
Q7513265	6000000023008146043
Q7513282	6000000017084405111
Q7513284	6000000055779483848
Q7513289	6000000007039858385
Q7513293	6000000023219686473
Q7513302	6000000021211816303
Q7513326	6000000033180699610
Q7513356	6000000011296529597
Q75134	6000000055187793932
Q75135398	6000000009500552888
Q75135459	6000000013393844681
Q75135647	6000000013752410384
Q75135726	6000000190842441832
Q75135792	6000000078676000790
Q75135860	6000000003681353575
Q75135875	6000000013313309207
Q75135876	6000000012972930278
Q75135883	6000000013313192346
Q75135890	6000000013313153691
Q75139	6000000043825965981
Q751402	6000000079238023844
Q7514090	6000000002437276599
Q7514107	6000000019457096309
Q7514118	6000000005761665453
Q751416	6000000012977359117
Q7514179	6000000034753725396
Q7514184	6000000012153182103
Q7514194	6000000150833414141
Q7514224	6000000017460248254
Q7514230	6000000003137072276
Q7514332	6000000003411967118
Q751465	6000000017374242656
Q75151	6000000073618462929
Q75151006	6000000016003058937
Q75153352	6000000006440179638
Q751542	6000000131555302921
Q75155	6000000002764507007
Q75156420	6000000049866015020
Q75156838	6000000016748816353
Q7515726	6000000000490997279
Q7515728	6000000018883524742
Q75157957	6000000206683231832
Q75158	6000000002802407962
Q7516194	6000000012096791268
Q75163	6000000026533403234
Q75167	6000000009645766406
Q75168968	6000000006127231324
Q7516903	6000000018108655489
Q7517	6000000074791880828
Q75171	6000000036861845933
Q7517116	6000000094751826821
Q7517127	6000000017228187384
Q751735	6000000067922617835
Q75174	6000000000881163515
Q7517472	6000000003713725209
Q7517474	6000000015959243153
Q75175	6000000019790779611
Q7517584	6000000047277752843
Q7517593	6000000025053079045
Q7517611	6000000043277518629
Q7517616	6000000048408423939
Q7517634	6000000014177824558
Q7517663	6000000019325482089
Q7517668	6000000002185474415
Q75179006	6000000054973683031
Q75179907	6000000075022475926
Q7518009	6000000008458743899
Q75180158	6000000075039675914
Q7518076	6000000033290164847
Q7518079	6000000177669711914
Q7518176	6000000009756787200
Q7518301	6000000000240022418
Q7518325	6000000002927771337
Q75185	6000000099321564822
Q75185540	6000000013481749662
Q75186256	6000000050198217371
Q7518707	6000000112987736821
Q7518727	6000000013385270559
Q7518783	6000000004370833245
Q7518789	6000000020978430680
Q7518791	6000000015353374378
Q7518882	6000000009552965005
Q7518900	6000000017442083335
Q7518916	6000000002517855052
Q7518918	6000000002518659200
Q7519	6000000074791736904
Q7519043	6000000179283079841
Q7519108	6000000001689996281
Q7519136	6000000002764110959
Q75191761	4501997123160122321
Q7519182	6000000124128647908
Q7519242	6000000019219785394
Q75192651	4171474427040062241
Q7519277	6000000010679078034
Q7519315	6000000021573388098
Q7519347	6000000007614355616
Q75193713	6000000047810318896
Q7519442	6000000032752331978
Q7519470	6000000003027301118
Q7519525	6000000102755636223
Q75195562	6000000163315180848
Q7519638	6000000041949355597
Q751973	6000000141103546853
Q7519803	6000000085572427857
Q75198472	6000000014833146782
Q7520	6000000074791708961
Q75200	6000000024987232014
Q75200386	6000000113215916839
Q7520047	304065794300008278
Q7520049	308410284730004351
Q7520070	6000000023738275788
Q7520094	6000000020574944341
Q75202	6000000010708210001
Q7520367	6000000032069883283
Q75204	6000000019697591451
Q7520408	6000000048944405915
Q7520422	6000000017599452029
Q752072	6000000076444713824
Q75209464	6000000100806986880
Q75209785	6000000025377032585
Q7521	6000000074791744946
Q7521428	6000000020573878327
Q7521450	6000000069460097822
Q7521754	6000000177099209853
Q75220	6000000024079184522
Q75223806	6000000025377021761
Q7523	6000000074791657982
Q752303	6000000031950363266
Q75233861	6000000005441248089
Q75236792	6000000016991858315
Q75237	6000000023286939432
Q75237190	6000000013700079999
Q75237200	6000000001547788071
Q75237201	6000000018224821336
Q75237204	6000000013703717125
Q75237207	6000000033300617868
Q75237211	6000000055612249366
Q75237246	6000000047780453232
Q75237259	6000000003827643358
Q75237338	6000000071372874392
Q75237360	6000000044170781254
Q75237427	6000000082002372921
Q75237433	6000000010048463793
Q75237488	6000000002116145440
Q75237490	6000000002116145387
Q75237670	6000000030143080221
Q75237672	6000000030143108109
Q75237674	6000000013685601816
Q75237679	6000000006956533165
Q75237735	6000000002116181412
Q75237738	6000000000352560261
Q75237742	6000000002116181474
Q75237762	6000000002116181208
Q75237765	6000000023543447015
Q75237766	6000000023543287061
Q75237770	6000000002116181232
Q75237771	6000000002116181239
Q75237777	6000000002116181282
Q75237787	6000000002116181185
Q75237812	6000000002116181931
Q75237813	6000000002116181924
Q75237814	6000000000814483458
Q75237817	6000000002116181938
Q75237819	6000000002116181917
Q75237826	6000000013661414392
Q75237879	6000000002116181746
Q75237913	6000000002188466482
Q75237975	6000000004285440714
Q75237977	6000000006444099909
Q75238002	6000000009389615281
Q75238004	6000000023390724554
Q75238005	6000000023390233543
Q75238007	6000000014197373071
Q75238097	6000000003494781958
Q75238106	6000000003243309538
Q75238182	6000000003877958068
Q75238241	6000000003210397426
Q75238265	6000000003087063355
Q75238266	6000000003895515837
Q75238270	6000000013390183421
Q75238386	6000000008379647460
Q75238417	6000000036041112174
Q75238430	6000000012384055216
Q75238431	6000000011023608701
Q75238520	6000000022292623998
Q75238522	6000000002188429071
Q75238523	6000000002188429079
Q75238545	6000000002188429015
Q75238551	6000000002188429047
Q75238609	6000000002907039101
Q75238686	6000000003203168833
Q75238697	6000000058545648840
Q75238722	6000000016144123543
Q75238744	6000000018080639723
Q75238745	6000000018080909368
Q75238759	6000000012561545322
Q75238786	6000000002831295342
Q75238788	6000000027873123321
Q75238797	6000000042326973845
Q75238809	6000000038756668866
Q75238812	6000000038756855048
Q75238819	6000000042329496119
Q75238821	6000000038754732780
Q75238829	6000000026380244221
Q75238830	6000000006727849960
Q75238888	6000000020069042346
Q75238915	5527888907510077352
Q75238954	6000000018799053824
Q75238956	6000000219964903912
Q75238959	6000000000668352856
Q75238977	6000000019347244070
Q75238979	6000000028246368817
Q75238996	6000000015549956043
Q75239061	6000000018791372288
Q75239065	6000000015985257391
Q75239066	6000000018797592989
Q75239068	6000000001299326665
Q75239101	6000000002188479688
Q75239120	6000000017536185057
Q75239130	6000000005583868510
Q75239131	6000000001260640375
Q75239152	6000000003899447926
Q75239208	6000000001522986345
Q75239210	6000000001522986907
Q75239248	6000000009644862954
Q75239250	6000000017666323895
Q75239266	6000000015819643449
Q75239268	6000000015819809377
Q75239269	6000000051478924847
Q75239274	6000000015819734723
Q75239349	6000000033914845876
Q75239366	6000000002831295347
Q75239380	6000000001260873952
Q75239496	6000000009282246373
Q75239497	6000000009281947139
Q75239530	6000000049973467033
Q75239581	6000000027045430014
Q75239589	6000000021107957542
Q75239640	6000000027045370053
Q75239644	6000000027045411938
Q75239724	6000000008616238812
Q75239726	6000000008616303342
Q75239733	6000000003216087439
Q75239757	6000000027099080257
Q75239817	6000000028816385625
Q75239818	6000000010251958448
Q75239822	6000000031672296512
Q75239847	6000000000806275136
Q75239894	6000000015439367075
Q75239908	6000000002188466536
Q75239923	6000000001608923488
Q75239928	6000000005598808028
Q75239932	6000000028246561385
Q75239935	6000000031672335615
Q75239956	6000000031672195750
Q75239959	6000000024845829012
Q75239969	6000000002188548917
Q75239977	6000000004026742200
Q75240000	6000000026091193601
Q75240012	6000000007913912582
Q75240031	6000000005599114922
Q75240037	6000000005599183123
Q75240042	6000000009314860355
Q75240055	6000000007329574157
Q75240065	6000000000307240919
Q75240072	6000000002188386796
Q75240080	6000000003605647504
Q75240124	6000000013378275196
Q75240127	6000000031091195197
Q75240129	6000000007648335775
Q75240134	6000000001987258291
Q75240137	6000000001987214491
Q75240152	6000000001355825046
Q75240154	6000000001355900020
Q75240155	6000000005598801363
Q75240169	6000000027911056533
Q75240238	5295428268170030585
Q75240240	6000000066701208934
Q75240256	6000000002141944504
Q75240281	6000000009996192716
Q75240283	6000000009995938665
Q75240315	6000000025298612599
Q75240318	6000000016672479244
Q75240341	6000000019407605115
Q75240346	6000000019407023794
Q75240385	6000000012416661562
Q75240390	6000000012416392428
Q75240455	6000000001457244023
Q75240505	6000000005597105544
Q75240516	6000000010700166058
Q75240519	6000000002041098650
Q75240520	6000000000632189615
Q75240540	6000000006444099915
Q75240542	6000000000396813760
Q75240561	6000000009618377288
Q75240599	6000000005229682486
Q75240623	6000000000448933944
Q75240625	6000000039222248288
Q75240628	6000000039222179053
Q75240676	6000000028551161075
Q75240687	6000000024200552896
Q75240704	6000000005091407143
Q75240711	6000000021569005037
Q75240716	6000000005437672668
Q75240719	6000000052608407849
Q75240723	6000000011520584481
Q75240726	6000000052605393264
Q75240727	6000000011542226664
Q75240729	6000000011543145214
Q75240730	6000000025005072183
Q75240733	6000000018165011256
Q75240736	6000000013646605435
Q75240743	6000000031024568933
Q75240749	6000000006906868891
Q75240786	6000000002617177111
Q75240791	6000000013300218754
Q75240820	6000000005599199416
Q75240827	6000000002962574117
Q75240829	6000000026091374975
Q75240833	6000000015549725236
Q75240841	6000000002187788741
Q75240869	6000000018430991639
Q75240878	6000000023109617836
Q75240929	6000000002188436418
Q75240950	6000000021441169042
Q75240952	6000000021441222618
Q75240958	6000000021441426613
Q75240959	6000000020279449981
Q75240961	6000000021441283331
Q75240965	6000000020279171501
Q75240965	6000000021509025250
Q75240966	6000000021507770132
Q75240969	6000000021506977706
Q75240970	6000000021507705580
Q75240989	6000000021507959713
Q75240993	6000000003220052481
Q75240995	6000000003239877021
Q75241	6000000044642415826
Q75241007	6000000001231002131
Q75241009	6000000001230864882
Q75241015	6000000019726797100
Q75241016	6000000013269527011
Q75241028	6000000019874028824
Q75241038	6000000004577927304
Q75241052	6000000003870484900
Q75241053	6000000003869873945
Q75241076	6000000006995521629
Q75241204	6000000002135143593
Q75241219	6000000034662204644
Q75241284	6000000006444183694
Q75241299	6000000128680770917
Q75241332	6000000003649666891
Q75241360	6000000000652533635
Q75241371	6000000011813956352
Q75241377	6000000011814029443
Q75241378	6000000078616039477
Q75241379	6000000078617219320
Q75241381	6000000007606839901
Q75241389	6000000006444768081
Q75241410	6000000019989589921
Q75241412	6000000020138065793
Q75241451	6000000066556493962
Q75241465	6000000020961748539
Q75241482	6000000003900274012
Q75241591	6000000014273270741
Q75241593	6000000014273361205
Q75241600	6000000021870790428
Q75241612	6000000014273285566
Q75241641	6000000179121296822
Q75241645	6000000021877938151
Q75241697	6000000110791197927
Q75241727	6000000007607025316
Q75241742	6000000003891143881
Q75241744	6000000053848452945
Q75241786	6000000019947591272
Q75241798	6000000003891154055
Q75241799	6000000017687189987
Q75241801	6000000029058769390
Q75241810	6000000007989333434
Q75241843	6000000052105421858
Q75241845	6000000051513566897
Q75241889	6000000040839175545
Q75241923	6000000013420152346
Q75241947	6000000007989255616
Q75241999	6000000001360673729
Q75242	6000000024060207452
Q75242035	6000000021402062844
Q75242045	290762153430005022
Q75242046	290743557370003213
Q75242059	6000000005599025856
Q752421	6000000151332554842
Q75242177	6000000013000372700
Q75242177	6000000015656031627
Q75242178	6000000015656197268
Q75242181	6000000002188458114
Q75242181	6000000022920089890
Q75242255	6000000031547919842
Q75242284	6000000013000436337
Q75242286	6000000006295955080
Q75242288	6000000000104571939
Q75242315	6000000031547294811
Q75242335	6000000017087790652
Q75242337	6000000006444798257
Q75242349	6000000017088176257
Q75242350	6000000012857885561
Q75242360	6000000001299356466
Q75242372	5527877243270051584
Q75242374	6000000016148678889
Q75242375	6000000006444777905
Q75242424	6000000029055947851
Q75242434	6000000030111184833
Q75242438	6000000030111165150
Q75242444	6000000081054238010
Q75242449	6000000056022953874
Q75242533	6000000007960728439
Q75242550	6000000005599028544
Q75242583	6000000005597798062
Q75242587	6000000022765982687
Q75242592	6000000010307273453
Q75242602	6000000022766646310
Q75242660	6000000003481830100
Q75242666	6000000017004716335
Q75242673	6000000017004893153
Q75242758	6000000051998580864
Q75242760	6000000031190207957
Q75242762	6000000051997348489
Q75242763	6000000031189442000
Q75242874	5614410931770121793
Q75242913	6000000025041995149
Q75242967	1712901
Q75242971	1712864
Q75242974	6000000015511563300
Q75243035	6000000052969994980
Q75243041	6000000002188461004
Q75243044	6000000052969059129
Q75243056	6000000015499708225
Q75243095	6000000056615777821
Q75243116	6000000015511587378
Q75243122	6000000017004896085
Q75243165	1752936
Q75243195	6000000015511316824
Q75243196	6000000013323489686
Q75243222	6000000015500125344
Q75243228	6000000015500046747
Q75243232	6000000015303274923
Q75243236	6000000000351082820
Q75243255	6000000015500190043
Q75243261	6000000015500128307
Q75243265	6000000015500053611
Q75243272	6000000079213824141
Q75243291	6000000003904581256
Q75243293	6000000003904581730
Q75243313	6000000029677649392
Q75243324	6000000011298729516
Q75243325	6000000005598904066
Q75243328	6000000012463772406
Q75243336	6000000011575685600
Q75243342	6000000042923958363
Q75243345	6000000007474464309
Q75243357	6000000029678596228
Q75243382	6000000005588463761
Q75243461	6000000029678619849
Q75243484	6000000013140270725
Q75243485	6000000013140449564
Q75243487	6000000022220157139
Q75243506	6000000078383307531
Q75243511	6000000013140745274
Q75243555	6000000002188470485
Q75243557	6000000013332965605
Q75243558	6000000013333008805
Q75243565	6000000013332932876
Q75243585	6000000003901409925
Q75243589	6000000004651030128
Q75243606	6000000005599009699
Q75243616	6000000012303252583
Q75243619	6000000017138703038
Q75243644	6000000011810247675
Q75243647	6000000011811042211
Q75243647	6000000107337091821
Q75243649	6000000011810713745
Q75243650	6000000107336563822
Q75243674	6000000003620573400
Q75243674	6000000003620888341
Q75243681	6000000019317208848
Q75243687	6000000002188502234
Q75243692	6000000037333590951
Q75243708	6000000014383673415
Q75243710	6000000014383602726
Q75243716	6000000014385191587
Q75243725	6000000001504296934
Q75243738	6000000007294694338
Q75243764	6000000014471647002
Q75243776	6000000013174961642
Q75243783	6000000007302376373
Q75243793	6000000015185250804
Q75243810	6000000007293165169
Q75243817	6000000007293165140
Q75243820	6000000007294201596
Q75243824	6000000007294335240
Q75243832	6000000007292984407
Q75243843	6000000012283589311
Q75243856	6000000004304246122
Q75243857	6000000006720041542
Q75243862	6000000007210612661
Q75243879	6000000007208852563
Q75243887	6000000007280189486
Q75243889	6000000007280285699
Q75243890	6000000007279902851
Q75243892	6000000007262938356
Q75243897	6000000015497216608
Q75243910	6000000016047588062
Q75243911	6000000015975847818
Q75243940	6000000007525592287
Q75243975	6000000012747984907
Q75243982	6000000012813005673
Q75244067	6000000055507255833
Q75244078	6000000009227979223
Q75244084	6000000023981641679
Q75244133	6000000023982422900
Q75244156	6000000052063601851
Q75244160	6000000013621509004
Q75244164	6000000018883360218
Q75244176	6000000002188424892
Q75244182	6000000055506796880
Q75244195	6000000029927108391
Q75244196	6000000011319037122
Q75244198	6000000012380393840
Q75244198	6000000020382472606
Q75244199	6000000012380754469
Q75244202	6000000012380767696
Q75244204	6000000012380764209
Q75244205	6000000017592727039
Q75244244	6000000183077087832
Q75244366	6000000026986368446
Q75244367	6000000014095948199
Q75244373	6000000068072580851
Q75244469	6000000124944321873
Q75244542	6000000037098867968
Q75244545	6000000005781796173
Q75244551	6000000018258899704
Q75244564	6000000015796106121
Q75244572	6000000000352431708
Q75244583	6000000025514806482
Q75244599	6000000010869350252
Q75244606	6000000020418667690
Q75244606	6000000062294361846
Q75244609	6000000044974145852
Q75244636	6000000052419503924
Q75244661	6000000006727794542
Q75244740	6000000005599137896
Q75244821	6000000016358693885
Q75244842	6000000012723783891
Q75244860	6000000004079807059
Q75244941	6000000002188436410
Q75244989	6000000010411328608
Q75245070	6000000023125152876
Q75245084	6000000055549078158
Q75245119	6000000019950737993
Q75245123	6000000005599165999
Q75245126	6000000005599165758
Q75245143	6000000190456182011
Q75245155	6000000044978659882
Q75245157	6000000005760981586
Q75245211	6000000005599137856
Q75245225	6000000014311667452
Q75245263	6000000006608111138
Q75245295	6000000037155481341
Q75245299	6000000010103670127
Q75245330	6000000005599165986
Q75245334	6000000004543533878
Q75245348	6000000004109348792
Q75245350	6000000004109116398
Q75245366	6000000015549301607
Q75245439	6000000004672212676
Q75245529	6000000005599165931
Q75245560	6000000036333494096
Q75245566	6000000006727741988
Q75245591	6000000012805062577
Q75245608	6000000012788794413
Q75245611	6000000012797443293
Q75245619	6000000053411099084
Q75245627	6000000034638718249
Q75245629	6000000034639914941
Q75245632	6000000044433664025
Q75245636	6000000034643841272
Q75245638	6000000034644003415
Q75245644	6000000026041107123
Q75245648	6000000044598580418
Q75245665	6000000055585099116
Q75245711	6000000044599594835
Q75245716	6000000044600017990
Q75245717	6000000024886657698
Q75245719	6000000024886833361
Q75245720	6000000024890307503
Q75245722	6000000044600246060
Q75245723	6000000044600781854
Q75245727	6000000044583870645
Q75245732	6000000026041150973
Q75245733	6000000026040775759
Q75245768	6000000005588560710
Q75245806	6000000044586855567
Q75245851	6000000044551355036
Q75245980	6000000005598808115
Q75246158	6000000002188489933
Q75246163	4535642243410071188
Q75246447	6000000066472092908
Q75246488	6000000023680270482
Q75246533	6000000011555827866
Q75246536	6000000012380545373
Q75246537	6000000152781851195
Q75246542	6000000020382941779
Q75246542	6000000023780769378
Q75246558	6000000012380548623
Q75246571	6000000011722608679
Q75246599	6000000003936248647
Q75246612	6000000004109273248
Q75246664	4985487808270043902
Q75246726	6000000012448054340
Q75246779	6000000010228923810
Q75246792	6000000010956993822
Q75246792	6000000068585336929
Q75246797	6000000010958824311
Q75246797	6000000068584085299
Q75246885	6000000033548353290
Q75246889	6000000017205470439
Q75246936	6000000013788746789
Q75247238	6000000002188674328
Q75247256	6000000028184676754
Q75247263	6000000026899489600
Q75247277	6000000057181427258
Q75247313	6000000006101209018
Q75247317	6000000018192676592
Q75247327	6000000025594330098
Q75247330	6000000025594561852
Q75247331	6000000025594397541
Q75247342	6000000025594193065
Q75247343	6000000025594048211
Q75247345	6000000010241393014
Q75247348	6000000009355352289
Q75247349	6000000002188458998
Q75247351	6000000002188475930
Q75247373	6000000025596107169
Q75247374	6000000015732834867
Q75247376	6000000008630249273
Q75247383	6000000015733232551
Q75247384	6000000019753746628
Q75247391	6000000000728100469
Q75247398	6000000022863349113
Q75247405	6000000022940882563
Q75247411	6000000004867304495
Q75247417	6000000016207831926
Q75247421	6000000008321478731
Q75247423	6000000002188508143
Q75247450	6000000001504235920
Q75247477	6000000081796573094
Q75247486	6000000081797358862
Q75247493	6000000002115890341
Q75247497	6000000079344454833
Q75247517	6000000023867820943
Q75247523	6000000018665717299
Q75247531	4820364864740053346
Q75247583	6000000081794312210
Q75247586	6000000081799979542
Q75247588	6000000081801242822
Q75247589	6000000013615170208
Q75247598	6000000015600609341
Q75247604	6000000081801305045
Q75247621	6000000055041659843
Q75247673	6000000021416332188
Q75247680	6000000021416786970
Q75247683	6000000021416235787
Q75247699	6000000021415432548
Q75247701	6000000021416789054
Q75247829	6000000017913130794
Q75247925	6000000011935270831
Q75247979	6000000003827624347
Q75247984	6000000006444211641
Q75247987	6000000001578832027
Q75247989	6000000003098332257
Q75248011	6000000012686655641
Q75248026	6000000056428047872
Q75248033	6000000007451763193
Q75248036	6000000000352435706
Q75248038	6000000009513590194
Q75248045	6000000009513683600
Q75248047	6000000013613757010
Q75248048	6000000026104532879
Q75248050	6000000013613617470
Q75248051	6000000013613271675
Q75248072	6000000016202766486
Q75248083	6000000026590416030
Q75248087	6000000000601857016
Q75248159	6000000009570998714
Q75248167	6000000002619524122
Q75248168	6000000005598847469
Q75248173	6000000002619577652
Q75248175	6000000066654864041
Q75248190	6000000007006342144
Q75248205	6000000002113522375
Q75248207	6000000003243328531
Q75248252	6000000014044846434
Q75248262	6000000013547631237
Q75248273	6000000000112100994
Q75248275	6000000003601179845
Q75248290	6000000036425722181
Q75248325	6000000002188483725
Q75248330	6000000005598973009
Q75248343	6000000006444566810
Q75248362	6000000000700886851
Q75248389	6000000003086695836
Q75248391	6000000005915973376
Q75248401	6000000002831295572
Q75248404	6000000024338632021
Q75248407	6000000026104516983
Q75248411	6000000031401375480
Q75248418	6000000005916608174
Q75248425	6000000005916905009
Q75248432	6000000024247243647
Q75248443	6000000024240953667
Q75248445	6000000024246305931
Q75248446	6000000024249775365
Q75248459	6000000031401627288
Q75248467	6000000003605659069
Q75248490	6000000003485953485
Q75248500	6000000003443501376
Q75248511	6000000031019434854
Q75248514	6000000002176608790
Q75248516	6000000003714100233
Q75248536	6000000008621415726
Q75248538	6000000002188483705
Q75248539	6000000002188483713
Q75248545	6000000003875342191
Q75248548	6000000019528015198
Q75248560	6000000030381993254
Q75248573	6000000000006652323
Q75248587	6000000003108357501
Q75248600	6000000002898169374
Q75248616	6000000007377335896
Q75248620	6000000018854014137
Q75248621	6000000005598819479
Q75248623	6000000005598819541
Q75248626	6000000001593673001
Q75248627	6000000003763442823
Q75248628	6000000003764193123
Q75248630	6000000003985183367
Q75248631	6000000018852901166
Q75248647	6000000001504225361
Q75248649	6000000001504225377
Q75248664	6000000008471784337
Q75248669	6000000018854014143
Q75248671	6000000011820797754
Q75248673	6000000011820501377
Q75248675	6000000011821053613
Q75248676	6000000011821289732
Q75248678	6000000016523465848
Q75248687	6000000005598924539
Q75248689	6000000005598973027
Q75248690	6000000010134908011
Q75248696	6000000005598973078
Q75248707	6000000002618674926
Q75248708	6000000002619220234
Q75248711	6000000024850955870
Q75248718	6000000005599189195
Q75248721	6000000009735681993
Q75248736	6000000010965012195
Q75248743	6000000005599052463
Q75248764	6000000022542005152
Q75248766	6000000002220864179
Q75248774	6000000020775935665
Q75248792	6000000013646294297
Q75248793	6000000018164668702
Q75248801	6000000028551830224
Q75248803	6000000031687311963
Q75248832	6000000028551292118
Q75248835	6000000028553082828
Q75248837	6000000028552141274
Q75248839	6000000028552484945
Q75248843	6000000009421634172
Q75248846	6000000011906897842
Q75248847	6000000002898158879
Q75248853	6000000010022684569
Q75248854	6000000009459083837
Q75248857	6000000011999681256
Q75248862	6000000003540363493
Q75248865	6000000006444290957
Q75248867	6000000001457221003
Q75248869	6000000002188551386
Q75248871	6000000003540304629
Q75248874	6000000008270513750
Q75248880	6000000040845772835
Q75248884	6000000025012923988
Q75248890	6000000025023688774
Q75248893	6000000023165507142
Q75248899	6000000005599028554
Q75248901	6000000005599098298
Q75248903	6000000005599028601
Q75248904	6000000005599028573
Q75248910	6000000009294632774
Q75248920	6000000002220900321
Q75248922	6000000002188552729
Q75248924	6000000002221019076
Q75248926	6000000002221023082
Q75248927	6000000002220968784
Q75248929	6000000002221022295
Q75248930	6000000002220962176
Q75248932	6000000002220990332
Q75248933	6000000002220952377
Q75248942	6000000005597283236
Q75248954	6000000002188489905
Q75248974	6000000002188477493
Q75248980	6000000005599214658
Q75248995	6000000011106655199
Q75249002	6000000017077652764
Q75249003	6000000017077902452
Q75249012	6000000009924826809
Q75249019	6000000017674492775
Q75249030	6000000021728117653
Q75249052	6000000012497956205
Q75249053	6000000004212213446
Q75249057	6000000004211969916
Q75249062	6000000002188477485
Q75249063	6000000005598888566
Q75249070	6000000007016031056
Q75249079	6000000008631003212
Q75249083	6000000009884756154
Q75249085	6000000005598912027
Q75249092	6000000004212306095
Q75249096	6000000008631003476
Q75249101	6000000008631003344
Q75249104	6000000002188386925
Q75249106	6000000002188386958
Q75249108	6000000002188386741
Q75249109	6000000002188504871
Q75249112	6000000005598912236
Q75249114	6000000005598904778
Q75249115	6000000005598904819
Q75249123	6000000001075405936
Q75249129	6000000002188386932
Q75249130	6000000004868037967
Q75249140	6000000005599025203
Q75249143	6000000005599105475
Q75249158	6000000005598808878
Q75249167	6000000006711525596
Q75249172	6000000003891063910
Q75249174	6000000010685999912
Q75249181	6000000026538774972
Q75249186	6000000032872713242
Q75249188	6000000005599052193
Q75249194	6000000005598831075
Q75249200	6000000005599052183
Q75249202	6000000006101202852
Q75249204	6000000005599052203
Q75249221	6000000006971819650
Q75249255	6000000002116164323
Q75249270	6000000005598847889
Q75249273	6000000011999560641
Q75249284	6000000003899302989
Q75249285	6000000016511404856
Q75249299	6000000002115920709
Q75249303	6000000002188495842
Q75249306	6000000002188495836
Q75249309	6000000002188495779
Q75249346	6000000002188479562
Q75249358	5270677630770023631
Q75249390	6000000021826965052
Q75249399	6000000030006381642
Q75249411	6000000040826673062
Q75249414	6000000005598843845
Q75249416	6000000002188477946
Q75249417	6000000011588956880
Q75249420	6000000051551411083
Q75249422	6000000028274647024
Q75249423	6000000001608725855
Q75249425	6000000009380079885
Q75249426	6000000009607571341
Q75249429	6000000005598819971
Q75249433	6000000002188458556
Q75249436	6000000002188458572
Q75249438	6000000009924483649
Q75249463	6000000015857414666
Q75249469	6000000025038095903
Q75249470	6000000017047610018
Q75249472	6000000011117789929
Q75249477	6000000037101527069
Q75249479	6000000019831506250
Q75249480	6000000037101416184
Q75249482	6000000037101790914
Q75249486	6000000078549424407
Q75249488	6000000003733957250
Q75249491	6000000003714066881
Q75249494	6000000024269702514
Q75249498	6000000002188489749
Q75249506	6000000002188504883
Q75249507	6000000037101196837
Q75249509	6000000002188504912
Q75249511	6000000037101239894
Q75249512	6000000037101238899
Q75249515	6000000037186752286
Q75249520	6000000037626021907
Q75249524	6000000037626028060
Q75249526	6000000037625650498
Q75249534	6000000037187233947
Q75249535	6000000037186703528
Q75249537	6000000037186572325
Q75249560	6000000013538078522
Q75249562	6000000011543061557
Q75249583	6000000010011179725
Q75249584	6000000009314586258
Q75249589	6000000010010968449
Q75249590	6000000002188479378
Q75249599	6000000004671640946
Q75249603	6000000014433516465
Q75249605	6000000054027180030
Q75249608	6000000002188475936
Q75249609	6000000002188477205
Q75249641	6000000012424719252
Q75249643	6000000006444753753
Q75249658	6000000008630249498
Q75249671	6000000077688383379
Q75249673	6000000010037025248
Q75249676	6000000005599105741
Q75249680	6000000077685006686
Q75249683	6000000077692302097
Q75249690	6000000037432503631
Q75249695	6000000011176569646
Q75249716	6000000006444063683
Q75249725	6000000006444750607
Q75249738	6000000019619315035
Q75249740	6000000016516814002
Q75249743	6000000013435539267
Q75249756	6000000166106947833
Q75249758	6000000005403363669
Q75249761	6000000005403400785
Q75249767	6000000002188479866
Q75249769	6000000002188483007
Q75249777	6000000002188479638
Q75249783	6000000002188412687
Q75249813	6000000002188479829
Q75249834	6000000028143922646
Q75249880	6000000006444753837
Q75249886	6000000002188466751
Q75249889	6000000004868937634
Q75249898	6000000077639035913
Q75249906	6000000077638254146
Q75249934	6000000002230377307
Q75249937	6000000001488334008
Q75249940	6000000001488203051
Q75249941	6000000001488217131
Q75249942	6000000001488293147
Q75249944	6000000002280933013
Q75249950	6000000005692901005
Q75249952	6000000035010885331
Q75249955	6000000001488298170
Q75249969	6000000077638202082
Q75249973	6000000077638184083
Q75249975	6000000009955526788
Q75249982	6000000047368715941
Q75249985	328212179530006083
Q75249997	6000000024337556564
Q75249999	6000000024337556573
Q75250002	6000000024338573154
Q75250003	6000000024393526046
Q75250018	6000000024244077470
Q75250051	6000000011819209682
Q75250057	6000000009554748484
Q75250058	6000000002188458905
Q75250066	6000000002188458843
Q75250067	6000000002188489673
Q75250070	6000000002188479242
Q75250079	6000000002230181274
Q75250086	6000000023412195990
Q75250098	6000000002178165466
Q75250119	6000000022720632255
Q75250121	6000000022720697085
Q75250126	6000000010007614252
Q75250128	6000000010007549291
Q75250130	6000000056633805842
Q75250139	6000000004079799930
Q75250141	6000000002188489755
Q75250144	6000000002188489767
Q75250146	6000000002188489773
Q75250151	6000000014589969978
Q75250157	4937851775630124648
Q75250168	6000000000587647203
Q75250173	6000000007107335616
Q75250180	6000000012105599599
Q75250210	6000000022720784364
Q75250212	6000000022720522233
Q75250216	6000000009655384275
Q75250218	6000000082745051216
Q75250222	6000000009735577416
Q75250232	6000000018893091827
Q75250237	6000000191633500849
Q75250238	6000000018893931062
Q75250240	6000000003932667638
Q75250245	6000000008451339164
Q75250251	6000000003114639784
Q75250273	6000000003076554620
Q75250295	6000000014391820161
Q75250296	6000000002188508836
Q75250298	6000000031077345405
Q75250308	6000000011589158216
Q75250310	6000000009607395540
Q75250316	6000000038091406079
Q75250319	6000000005599052930
Q75250330	6000000017876749017
Q75250342	6000000006583255682
Q75250348	6000000051523083030
Q75250353	6000000007107209697
Q75250376	6000000008631003530
Q75250379	6000000002188386994
Q75250382	6000000002188389019
Q75250384	6000000002188386901
Q75250387	6000000002188386913
Q75250389	6000000002188386965
Q75250390	6000000002188386989
Q75250391	6000000002188389006
Q75250392	6000000002188389013
Q75250394	6000000002188470979
Q75250402	6000000004139464740
Q75250403	6000000004139609493
Q75250407	6000000002188383975
Q75250408	6000000001877493845
Q75250410	6000000013302256829
Q75250420	6000000008630249728
Q75250424	6000000001547696454
Q75250430	6000000001547783631
Q75250501	6000000023539665115
Q75250508	6000000010895065646
Q75250510	6000000013250456524
Q75250513	6000000016704023229
Q75250516	6000000013250385073
Q75250521	6000000110678116868
Q75250523	6000000077689635442
Q75250524	6000000005599105546
Q75250542	6000000002024149346
Q75250544	6000000004079619609
Q75250549	6000000011130732442
Q75250550	6000000014387232091
Q75250554	6000000008630249783
Q75250557	6000000008630249799
Q75250558	6000000008630249807
Q75250561	6000000002188477218
Q75250564	6000000002188477235
Q75250571	6000000002188479490
Q75250578	6000000002188479425
Q75250579	6000000002188479459
Q75250599	6000000003891579006
Q75250605	6000000003891652972
Q75250608	6000000005599033640
Q75250644	6000000002188493716
Q75250645	6000000037355845234
Q75250660	6000000017041595093
Q75250670	6000000011399502008
Q75250672	6000000002188468415
Q75250678	6000000008006590921
Q75250680	6000000008630249829
Q75250682	6000000010361003205
Q75250688	6000000011819046985
Q75250689	6000000002188477964
Q75250693	6000000019698263355
Q75250698	6000000003714066967
Q75250700	6000000037309034804
Q75250709	6000000020376314884
Q75250712	6000000011600422725
Q75250723	6000000002188496729
Q75250728	6000000002188496779
Q75250730	6000000002188496756
Q75250733	6000000002188496988
Q75250736	6000000018842984719
Q75250738	6000000002188496831
Q75250744	6000000013765693738
Q75250754	6000000002188477800
Q75250755	6000000005599194419
Q75250764	6000000019489399029
Q75250765	6000000019488379434
Q75250772	6000000111756996379
Q75250776	6000000002188479200
Q75250780	6000000010007505015
Q75250783	6000000002188479218
Q75250804	6000000012424959536
Q75250810	6000000035852374047
Q75250813	6000000002167824041
Q75250827	6000000001299363788
Q75250829	6000000007864389471
Q75250831	6000000002188477958
Q75250832	6000000037652116097
Q75250838	6000000008631003237
Q75250843	6000000015739603832
Q75250852	6000000006444668513
Q75250853	6000000005599199914
Q75250855	6000000001299405733
Q75250866	6000000003114215459
Q75250870	6000000003111839473
Q75250872	6000000005599025108
Q75250873	6000000005598776912
Q75250879	6000000091303200822
Q75250883	6000000013522569441
Q75250885	6000000013522392953
Q75250890	6000000023515418732
Q75250892	6000000015947945773
Q75250894	6000000010119647412
Q75250898	6000000031627679725
Q75250899	6000000015947648761
Q75250902	6000000016689148066
Q75250907	6000000026076588311
Q75250918	6000000002188496787
Q75250941	6000000002188489155
Q75250943	6000000002188517944
Q75250947	6000000014528373733
Q75250953	6000000009979994162
Q75250955	6000000026666895140
Q75250958	6000000012438527121
Q75250961	6000000002188504877
Q75250963	6000000003120113676
Q75250964	6000000019831458283
Q75250969	6000000019831494278
Q75250975	6000000002188517099
Q75250977	6000000002188517299
Q75250980	6000000048666323826
Q75250981	6000000002188470985
Q75250983	6000000002188477941
Q75250988	6000000004079757789
Q75250999	6000000012597461651
Q75251000	6000000056029445927
Q75251003	6000000002188470805
Q75251004	6000000002188470811
Q75251012	6000000006707044452
Q75251015	6000000042700828628
Q75251018	6000000002188470689
Q75251019	6000000002188475912
Q75251038	6000000002188470429
Q75251041	6000000002188470556
Q75251044	6000000002188470582
Q75251054	6000000002188502680
Q75251058	6000000002188470471
Q75251063	6000000002188470512
Q75251084	6000000007749193873
Q75251086	6000000000437204456
Q75251088	6000000000437658525
Q75251107	6000000025403123825
Q75251108	6000000003972010872
Q75251117	6000000002188475138
Q75251121	6000000002831290035
Q75251130	6000000017712532718
Q75251135	6000000006444526425
Q75251145	6000000009591235187
Q75251146	6000000001877468576
Q75251149	6000000003714066870
Q75251150	6000000008834602687
Q75251151	6000000003993118288
Q75251163	6000000026204710144
Q75251181	6000000002459894490
Q75251220	6000000101379713928
Q75251233	6000000101372544079
Q75251238	6000000101372771968
Q75251239	6000000101373332849
Q75251245	6000000101372477963
Q75251247	6000000101372728993
Q75251248	6000000101373390853
Q75251250	6000000101373573848
Q75251251	6000000101372597938
Q75251280	6000000026449255825
Q75251292	6000000026463368360
Q75251293	6000000026463595220
Q75251307	6000000008630249934
Q75251311	6000000002351653166
Q75251323	6000000002188383591
Q75251327	6000000002188470775
Q75251337	6000000002188475943
Q75251339	6000000123216668840
Q75251340	6000000015853830223
Q75251342	6000000010027330027
Q75251343	6000000002188475960
Q75251344	6000000002188475984
Q75251347	6000000002188477440
Q75251349	6000000002188475900
Q75251350	6000000009934627758
Q75251352	6000000002188477193
Q75251353	6000000002188477358
Q75251356	6000000002188475870
Q75251358	6000000002024149459
Q75251362	6000000009655108520
Q75251364	6000000008630249954
Q75251375	6000000003891265197
Q75251382	6000000002188383661
Q75251384	6000000002188383612
Q75251388	6000000012597444857
Q75251413	6000000004868044917
Q75251440	6000000012386346220
Q75251452	6000000002188383674
Q75251455	6000000012385854551
Q75251461	6000000012386240707
Q75251472	6000000004868044660
Q75251476	6000000023530618561
Q75251478	6000000012386240536
Q75251479	6000000023530704138
Q75251499	6000000011301674853
Q75251500	6000000040825751189
Q75251507	6000000005599170973
Q75251512	6000000051378148047
Q75251517	6000000002188386948
Q75251529	6000000005599028858
Q75251532	6000000002188386972
Q75251534	6000000005598904843
Q75251535	6000000005599068768
Q75251540	6000000002188670521
Q75251547	6000000007470402414
Q75251553	6000000010769890264
Q75251554	6000000010769844225
Q75251557	6000000013757871140
Q75251560	6000000002188674286
Q75251567	6000000006444205195
Q75251584	6000000010894751978
Q75251592	6000000011176528071
Q75251597	6000000016516434851
Q75251604	6000000017876503354
Q75251607	6000000013232157850
Q75251611	6000000011541048014
Q75251620	6000000013522611581
Q75251626	6000000026744151910
Q75251628	6000000031708066843
Q75251632	6000000016688974612
Q75251634	6000000016688774576
Q75251718	6000000002188496961
Q75251720	6000000002188496973
Q75251741	6000000003243284953
Q75251747	6000000002135314431
Q75251748	5341378102440103669
Q75251765	5284959838330130911
Q75251767	5284952638730047903
Q75251777	6000000001877513833
Q75251780	6000000016516164096
Q75251783	6000000016515972517
Q75251784	6000000004868028666
Q75251787	6000000009298591432
Q75251790	6000000013425800489
Q75251792	6000000013425653608
Q75251810	6000000003891387259
Q75251831	6000000008357050586
Q75251833	6000000008356791038
Q75251841	6000000016735514339
Q75251846	6000000001877506619
Q75251847	6000000001877468462
Q75251850	6000000008357244663
Q75251856	6000000017122216114
Q75251857	6000000009532109122
Q75251860	6000000001877534937
Q75251871	6000000015477620228
Q75251878	6000000031015924389
Q75251880	6000000002188479746
Q75251882	6000000002188479752
Q75251885	6000000002188479765
Q75251893	6000000002188479853
Q75251896	6000000004868061889
Q75251915	6000000031626853845
Q75251919	6000000005598962815
Q75251920	6000000009911114982
Q75251922	5410178445910138739
Q75251930	6000000014358349418
Q75251932	6000000040326341698
Q75251937	6000000001591232217
Q75251940	6000000001591392612
Q75251942	6000000001591607766
Q75251946	6000000003605600287
Q75251949	6000000003605618180
Q75251954	6000000004012255982
Q75251956	6000000001355884207
Q75251960	6000000001355930079
Q75251963	6000000001355913316
Q75251968	6000000000921306333
Q75251992	6000000003681404251
Q75251993	6000000003945604092
Q75251999	6000000002188542841
Q75252	6000000172736972338
Q75252006	6000000006999249387
Q75252019	6000000009356577022
Q75252090	6000000013010583998
Q75252097	6000000019248002076
Q75252112	6000000002715638683
Q75252125	6000000006444102737
Q75252160	6000000006971810918
Q75252161	6000000046926953109
Q75252185	6000000008248665169
Q75252198	6000000026981413849
Q75252201	6000000026981248987
Q75252207	6000000037750739962
Q75252211	6000000027989866486
Q75252217	6000000008356834914
Q75252237	6000000010897903063
Q75252239	6000000010898298630
Q75252242	6000000019296452554
Q75252258	6000000007470489259
Q75252259	6000000013236382260
Q75252259	6000000021730723350
Q75252265	6000000006720801812
Q75252267	6000000006720984417
Q75252269	6000000006720680908
Q75252270	6000000026454845283
Q75252272	6000000056411436876
Q75252294	6000000013425815458
Q75252308	6000000003216067246
Q75252309	6000000169313217671
Q75252318	6000000001877472625
Q75252319	6000000012874584937
Q75252322	6000000037979552983
Q75252327	6000000026437523975
Q75252346	6000000000352457535
Q75252445	6000000009934627752
Q75252450	6000000003891080293
Q75252463	6000000002188470575
Q75252468	6000000002188470637
Q75252469	6000000002188470644
Q75252470	6000000002188502770
Q75252477	6000000035705196671
Q75252478	6000000010977204863
Q75252492	6000000036209517566
Q75252513	6000000006444452330
Q75252534	6000000001470008491
Q75252546	6000000024393486501
Q75252572	6000000031401168578
Q75252574	6000000031401980098
Q75252594	6000000037873283957
Q75252605	6000000005599114876
Q75252613	6000000003111848407
Q75252615	6000000003111807615
Q75252616	6000000012640925261
Q75252618	6000000005599014965
Q75252631	6000000005599014849
Q75252634	6000000005599068754
Q75252635	6000000005598932611
Q75252637	6000000005599019235
Q75252645	6000000005599014347
Q75252654	6000000005599014572
Q75252657	6000000003111736632
Q75252668	6000000003112048221
Q75252714	6000000001466902528
Q75252721	6000000004224910940
Q75252732	6000000017046439456
Q75252741	6000000002188477770
Q75252742	6000000002188477777
Q75252747	6000000009589340655
Q75252750	6000000013536516295
Q75252751	6000000013536562004
Q75252759	6000000008630249993
Q75252770	6000000003221246672
Q75252772	6000000006602619798
Q75252773	6000000007452834276
Q75252777	6000000011361316576
Q75252781	6000000056443797957
Q75252782	6000000007015346457
Q75252789	6000000023530714197
Q75252794	6000000036996458451
Q75252799	328128265560001109
Q75252805	6000000055474203068
Q75252807	6000000055474569944
Q75252823	6000000001608910291
Q75252830	6000000053265462992
Q75252832	6000000026179166352
Q75252841	6000000059533194856
Q75252845	6000000051520604888
Q75252855	6000000048077308933
Q75252866	6000000002188479816
Q75252883	6000000027273786605
Q75252886	6000000002188483335
Q75252889	6000000002188514839
Q75252906	6000000019683668881
Q75252919	6000000036547545833
Q75252923	6000000014431523065
Q75252938	6000000004079775022
Q75252948	6000000002220913019
Q75252954	6000000003221255538
Q75252964	6000000027611056967
Q75252968	6000000008159677389
Q75252971	6000000037605326827
Q75252973	6000000037100602309
Q75252976	6000000002188504974
Q75252978	4794451405130020603
Q75252979	6000000002188504905
Q75252983	6000000002188504928
Q75252986	6000000002188504941
Q75252988	6000000002188508769
Q75252992	6000000053358771238
Q75253001	6000000008630250020
Q75253005	6000000051287922902
Q75253006	6000000051288128911
Q75253008	6000000051288212007
Q75253009	6000000051288480898
Q75253013	6000000008630250043
Q75253016	6000000008630250057
Q75253027	6000000015664706668
Q75253028	6000000013677624173
Q75253056	6000000018893825053
Q75253058	6000000031009309974
Q75253060	6000000031009088459
Q75253066	6000000004119215332
Q75253067	6000000004119397031
Q75253165	6000000011117737956
Q75253167	6000000001355993384
Q75253177	6000000001261273061
Q75253203	6000000014528462588
Q75253208	6000000037203294012
Q75253212	6000000001488055933
Q75253219	6000000005599062120
Q75253224	6000000006444755826
Q75253232	6000000009301406624
Q75253235	6000000011134790895
Q75253253	6000000022105088410
Q75253268	6000000022105146965
Q75253274	6000000031707675476
Q75253283	6000000022149833870
Q75253300	6000000016512022422
Q75253322	6000000011137755954
Q75253323	6000000005598962919
Q75253338	6000000005598962823
Q75253339	6000000014909225377
Q75253343	6000000002188479903
Q75253367	6000000007878997082
Q75253368	6000000007879173235
Q75253370	6000000010235431970
Q75253378	6000000009363953135
Q75253381	6000000001877495261
Q75253384	6000000055253355402
Q75253400	6000000011820655315
Q75253401	6000000007356470321
Q75253403	6000000005598791290
Q75253416	6000000001355884465
Q75253425	6000000028021865994
Q75253434	320116433120005994
Q75253435	6000000007048442434
Q75253438	6000000011180189700
Q75253441	6000000003455102740
Q75253442	6000000008630250115
Q75253444	6000000008630250123
Q75253446	6000000011194591583
Q75253452	6000000011194143181
Q75253453	6000000011194511123
Q75253467	6000000008578719766
Q75253475	6000000001504225434
Q75253476	6000000011821173973
Q75253478	6000000001504225411
Q75253486	6000000011821122823
Q75253488	6000000023204215016
Q75253515	6000000039849428322
Q75253517	6000000039849483134
Q75253520	6000000039849223784
Q75253522	6000000039863301642
Q75253525	6000000018334470451
Q75253530	6000000019247883289
Q75253553	6000000002188489828
Q75253580	6000000006602669400
Q75253582	6000000001299298486
Q75253585	6000000015713866181
Q75253586	6000000006444102232
Q75253606	6000000005320919029
Q75253611	6000000007436427673
Q75253622	6000000011688674155
Q75253639	6000000008630250152
Q75253646	6000000001877484141
Q75253649	6000000008630250187
Q75253652	6000000002831290600
Q7525366	6000000002502998521
Q75253666	6000000008078546228
Q75253667	6000000006384243327
Q75253677	6000000005599189280
Q75253717	6000000025412580915
Q75253721	6000000011688832162
Q75253722	6000000069709757833
Q75253725	6000000016819987831
Q75253726	6000000052159402903
Q75253734	6000000021898256046
Q75253735	6000000021917895208
Q75253750	6000000052478607977
Q75253752	6000000020979944931
Q75253755	6000000019077560621
Q75253765	6000000009984132047
Q75253770	6000000005599075166
Q75253791	6000000009616316923
Q75253794	6000000008630254251
Q75253795	6000000008630254259
Q75253803	6000000009618218293
Q75253807	6000000037203286306
Q75253808	6000000037203357288
Q75253811	6000000006883120693
Q75253813	6000000006882959987
Q75253814	6000000006883674056
Q75253816	6000000006883319372
Q75253820	6000000006883674104
Q75253829	6000000006883113715
Q75253831	6000000006883161519
Q75253840	6000000006883501294
Q75253842	6000000006883189676
Q75253846	6000000004868028815
Q75253847	6000000004867680636
Q75253875	6000000006883657261
Q75253878	6000000005598791606
Q75253879	6000000005599014812
Q75253887	6000000013497862940
Q75253892	6000000003945630366
Q75253932	6000000002188489166
Q75253944	6000000009672726899
Q75253945	6000000002188483888
Q75253948	6000000002188483991
Q75253956	6000000007043580664
Q75253964	6000000002188477821
Q75253998	6000000012076169845
Q75254056	6000000020015158580
Q75254070	6000000023530971048
Q75254080	6000000029776396018
Q75254107	6000000023748974955
Q75254109	6000000090708482008
Q75254190	6000000005599214483
Q75254212	6000000002783090017
Q75254227	6000000005599014727
Q75254231	6000000005599014297
Q75254233	6000000005599014935
Q75254270	6000000005598912044
Q75254285	6000000002551190547
Q75254291	6000000009485430645
Q75254296	6000000016074943578
Q75254299	6000000003203180602
Q75254309	6000000009886509753
Q75254326	6000000023390787215
Q75254337	6000000009886710858
Q75254352	6000000077596232466
Q75254353	6000000077596959019
Q75254365	6000000009886906011
Q75254366	6000000009887097380
Q75254368	6000000009886909685
Q75254369	6000000009886711094
Q75254372	6000000009886774737
Q75254374	6000000009887189229
Q75254375	6000000009887140920
Q75254376	6000000011998668172
Q75254379	6000000003128889698
Q75254380	6000000050457434952
Q75254382	6000000003128889666
Q75254383	6000000003203180579
Q75254386	6000000050457420029
Q75254387	6000000014742193527
Q75254389	6000000050457424821
Q75254392	6000000014741900670
Q75254396	6000000050456667553
Q75254399	6000000070664403140
Q75254402	6000000009666198658
Q75254407	6000000026178756328
Q75254421	6000000019260384117
Q75254423	6000000019260099960
Q75254433	6000000019003855057
Q75254437	6000000002459894121
Q75254440	6000000077597902877
Q75254441	6000000077596425284
Q75254447	6000000077597058038
Q75254472	6000000003203168053
Q75254478	6000000003203183029
Q75254482	6000000041012728509
Q75254493	6000000018576393478
Q75254500	6000000090708641879
Q75254516	6000000003891387506
Q75254525	6000000051526709829
Q75254526	6000000051526453996
Q75254528	6000000180607450830
Q75254529	6000000031190343201
Q75254535	6000000052054084980
Q75254539	6000000052054180856
Q75254568	6000000005599129584
Q75254583	6000000110670346907
Q75254587	6000000111269603016
Q75254590	6000000034537561563
Q75254598	6000000011223501046
Q75254613	6000000069709719873
Q75254615	6000000002898163384
Q75254627	6000000043629411930
Q75254641	6000000013428069334
Q75254644	6000000077074297825
Q75254668	6000000002188489519
Q75254684	6000000009385728965
Q75254685	6000000002249837008
Q75254700	6000000002188479891
Q75254703	6000000002188479910
Q75254708	6000000002188483019
Q75254711	6000000002188479588
Q75254712	6000000002188479568
Q75254714	6000000002188479594
Q75254715	6000000002188479607
Q75254716	6000000002188479600
Q75254736	6000000002188479385
Q75254738	6000000002188479392
Q75254739	6000000002188479411
Q75254758	6000000079306436250
Q75254761	6000000005599028668
Q75254764	6000000005599052649
Q75254773	6000000017038984903
Q75254774	6000000017041645147
Q75254776	6000000017041618287
Q75254777	6000000017041583369
Q75254778	6000000017041618366
Q75254780	6000000017040634580
Q75254782	6000000017040868304
Q75254783	6000000017041583333
Q75254785	6000000017041604279
Q75254789	6000000011697355559
Q75254790	6000000002188483894
Q75254797	6000000006582492450
Q75254800	6000000015212392228
Q75254801	6000000015212413019
Q75254808	6000000037134760952
Q75254809	6000000037134037774
Q75254811	6000000037134204486
Q75254818	6000000002188504923
Q75254821	6000000037625311400
Q75254826	6000000030881855121
Q75254852	6000000011131204952
Q75254858	6000000067855478993
Q75254860	6000000044732944877
Q75254941	6000000116913848467
Q75254950	6000000006438196023
Q75254951	6000000013417483601
Q75254957	6000000017541641365
Q75254972	6000000016190061160
Q75254975	6000000002188496843
Q75254984	6000000005438503183
Q75254985	6000000005438503188
Q75254986	6000000005438503152
Q75254988	6000000005438503193
Q75254994	6000000176155079838
Q75254999	5166602975140058771
Q7525500	6000000040267223024
Q75255004	6000000026285826582
Q75255008	6000000026603953050
Q75255014	6000000010135126717
Q75255023	6000000025678936590
Q75255033	6000000051510303857
Q75255038	6000000027152854729
Q75255042	6000000018668837694
Q75255048	6000000026024358423
Q75255078	6000000007429280275
Q75255113	6000000006582348348
Q75255168	6000000011520584536
Q75255174	6000000002831290540
Q75255175	6000000064325684824
Q75255184	6000000007356328854
Q75255192	6000000010612230753
Q75255199	6000000003923219022
Q75255204	6000000003922751870
Q75255218	6000000012095371655
Q75255225	6000000012096082450
Q75255229	6000000066558638829
Q75255273	6000000004868527509
Q75255290	6000000031839028192
Q75255340	6000000019198040995
Q75255344	6000000002188475924
Q75255363	6000000016699070654
Q75255364	6000000002188502622
Q75255366	6000000002188502528
Q75255370	6000000002188502628
Q75255372	6000000036589829102
Q75255374	6000000048208034821
Q75255376	6000000002188470651
Q75255378	6000000002188470657
Q75255379	6000000002188470663
Q75255381	6000000002188470670
Q75255426	6000000025295491875
Q75255428	6000000004868750039
Q75255433	6000000000889604379
Q75255437	6000000006444768629
Q75255443	6000000012436257404
Q75255461	6000000009617922008
Q75255464	6000000032117806166
Q75255470	6000000025276769255
Q75255471	6000000025276237801
Q75255494	6000000019196864613
Q75255515	6000000048550388006
Q75255518	6000000021194117850
Q75255530	6000000002188483275
Q75255538	6000000051498326966
Q75255544	6000000012597380700
Q75255548	6000000013436114172
Q75255550	6000000015254524226
Q75255553	6000000069711874870
Q75255565	6000000017508526267
Q75255574	6000000006721171177
Q75255606	6000000003039329766
Q75255610	6000000003039329908
Q75255629	6000000068236595917
Q75255659	6000000021192538990
Q75255669	6000000007899565287
Q75255670	6000000007899625276
Q75255679	6000000068236124125
Q75255711	6000000003714091480
Q75255719	6000000003713984039
Q75255721	6000000022877868112
Q75255731	6000000011382678283
Q75255732	6000000011382597340
Q75255735	6000000032197561378
Q75255739	6000000011382808518
Q75255741	6000000011382538748
Q75255745	6000000034862953205
Q75255762	6000000006492519982
Q75255770	6000000013772035486
Q75255817	6000000027035148938
Q75255821	6000000018543173040
Q75255869	6000000040877737755
Q75255872	6000000002115890671
Q75255898	6000000026923864681
Q75255901	6000000002188517305
Q75255913	6000000003486138912
Q75255915	6000000013757200903
Q75255916	6000000010769604733
Q75255917	6000000013757200897
Q75255919	6000000013758168001
Q75255920	6000000010769808279
Q75255921	6000000013758168006
Q75255924	6000000010971055619
Q75255926	6000000010960369525
Q75255930	6000000010960033564
Q75255931	6000000010958856997
Q75255933	6000000019117393342
Q75255936	6000000019117393348
Q75255937	6000000019117393352
Q75255939	6000000019117519313
Q75255951	6000000010767050599
Q75255954	6000000010766826918
Q75255965	6000000042716913821
Q75255966	6000000022692758148
Q75255969	6000000039626905841
Q75255972	6000000020563568408
Q75255976	6000000038447061995
Q75255977	6000000020566152000
Q75255989	6000000020563164799
Q75255995	6000000016817743137
Q75256050	6000000010596871801
Q75256051	6000000007429284228
Q75256070	6000000000644898534
Q75256074	6000000008631003697
Q75256101	6000000008631004035
Q75256115	6000000026106448496
Q75256123	6000000028064620431
Q75256126	6000000022776264572
Q75256146	6000000012990577615
Q75256153	6000000024114130185
Q75256154	6000000019477273023
Q75256197	6000000030757219031
Q75256236	6000000018262654640
Q75256240	6000000037583284206
Q75256242	6000000010242170438
Q75256247	6000000008078288618
Q75256277	6000000006602672611
Q75256333	6000000015664072410
Q75256341	6000000019344206015
Q75256346	6000000019344040149
Q75256348	6000000000076308847
Q75256350	6000000014472399914
Q75256354	6000000037953505621
Q75256355	6000000037954289943
Q75256366	6000000006602628813
Q75256372	6000000005599052685
Q75256373	6000000005599052665
Q75256375	6000000005599052601
Q75256378	6000000005598942728
Q75256388	4940858328100119940
Q75256394	6000000002282091218
Q75256421	6000000011123086869
Q75256486	6000000028205198108
Q75256514	6000000006605151301
Q75256522	6000000004079748528
Q75256600	6000000003409207180
Q75256607	6000000012439208072
Q75256615	5551312413370136776
Q75256616	6000000035356677610
Q75256619	6000000035357943356
Q75256620	6000000006454085725
Q75256627	6000000031939585869
Q75256638	6000000007429191598
Q75256641	6000000004079770788
Q75256701	6000000007429253301
Q75256719	6000000031285530292
Q75256724	6000000025635384009
Q75256729	6000000020276468122
Q75256753	6000000015397429173
Q75256761	6000000007463149666
Q75256784	6000000052054099926
Q75256818	6000000015918920787
Q75256823	6000000009621440854
Q75256828	6000000006602657637
Q75256830	6000000002188674631
Q75256868	6000000006581566991
Q75256881	6000000006602619846
Q75256886	6000000002188470943
Q75256909	6000000009868074329
Q75256911	6000000002282027348
Q75256912	6000000002282111193
Q75256920	6000000017370552954
Q75256940	6000000006602621211
Q75256944	6000000006602621089
Q75256967	6000000010459261635
Q75256975	6000000015240755438
Q75256980	6000000015240718779
Q75256983	6000000015240999084
Q75256987	6000000091290900821
Q75256996	6000000006990354135
Q75256999	6000000006990100337
Q75257003	6000000006990153079
Q75257006	6000000076250161309
Q75257007	6000000006989787715
Q75257008	6000000030756737076
Q75257011	6000000006989637657
Q75257037	6000000011575633990
Q75257040	6000000002188470961
Q75257041	6000000079343907821
Q75257049	6000000006988656937
Q75257050	6000000003615695818
Q75257053	6000000055580550043
Q75257059	6000000028746885723
Q75257061	6000000043051152242
Q75257086	6000000052740063869
Q75257095	6000000031861185513
Q75257098	6000000031861022507
Q75257099	6000000019619685109
Q75257101	6000000015265355758
Q75257102	6000000031861777857
Q75257103	6000000015264821929
Q75257105	6000000019619749274
Q75257119	6000000031862935024
Q75257129	6000000009624056403
Q75257146	6000000000016528539
Q75257150	6000000031077457096
Q75257165	6000000010683777650
Q75257169	6000000006455163377
Q75257170	6000000006455664003
Q75257172	6000000006568291421
Q75257181	6000000006568223484
Q75257183	6000000026274940149
Q75257184	6000000002447212593
Q75257193	6000000017197490738
Q75257197	6000000006480531001
Q75257200	6000000006470118754
Q75257204	6000000006444244627
Q75257212	6000000031188647830
Q75257216	6000000001299298821
Q75257222	6000000015354033492
Q75257227	6000000017197723042
Q75257233	6000000015654161870
Q75257249	6000000015654392022
Q75257254	6000000008636181350
Q75257259	6000000017197736037
Q75257261	6000000000531933185
Q75257267	6000000010027205194
Q75257279	6000000008448705582
Q75257284	6000000009860987905
Q75257286	6000000009861235684
Q75257288	6000000002188517581
Q75257299	6000000002188508231
Q75257319	6000000031007602743
Q75257321	6000000013185778744
Q75257324	6000000013685425577
Q75257327	5166595068270130602
Q75257328	6000000031007782186
Q75257346	6000000071956040706
Q75257353	6000000010145161669
Q75257358	6000000012516875498
Q75257359	6000000003120352779
Q75257362	6000000003119922199
Q75257379	6000000002188368671
Q75257384	6000000019258217872
Q75257388	6000000002116138408
Q75257389	6000000002188493722
Q75257398	6000000010301689957
Q75257400	6000000003734033273
Q75257403	6000000002188493800
Q75257408	6000000002188493710
Q75257409	6000000002188493652
Q75257411	6000000003615691643
Q75257412	6000000002188493863
Q75257412	6000000012713359154
Q75257422	6000000006989787765
Q75257446	6000000017202420948
Q75257448	6000000002188493728
Q75257449	6000000002188493734
Q75257452	6000000002188493782
Q75257453	6000000010228290452
Q75257457	6000000006602664818
Q75257460	6000000003687349550
Q75257463	6000000016525604458
Q75257470	6000000040606852179
Q75257477	6000000002188495308
Q75257478	6000000003495294837
Q75257479	6000000003495294852
Q75257482	6000000005761044177
Q75257484	6000000002188493476
Q75257485	6000000002188493692
Q75257486	6000000002188493471
Q75257491	6000000002188495063
Q75257493	6000000002188495080
Q75257495	6000000007086552216
Q75257496	6000000007987621185
Q75257497	6000000007988084486
Q75257522	6000000003615441530
Q75257533	6000000002135557251
Q75257538	6000000034435784296
Q75257543	6000000002116138312
Q75257544	6000000002188552736
Q75257559	6000000007266742377
Q75257561	6000000008429755809
Q75257565	6000000007296461643
Q75257566	6000000000083661491
Q75257567	6000000003615721280
Q75257576	6000000002116138207
Q75257579	6000000009617392881
Q75257580	6000000003828418830
Q75257583	6000000002240745804
Q75257584	6000000002176621586
Q75257587	6000000002116138260
Q75257641	6000000002188489726
Q75257648	6000000006597111127
Q75257649	6000000009795679009
Q75257665	6000000038416866180
Q75257669	6000000013340825064
Q75257672	6000000077909661057
Q75257690	6000000010071180288
Q75257697	6000000003891045866
Q75257700	6000000003890921398
Q75257710	6000000023132666870
Q75257711	6000000023132426968
Q75257750	6000000031528303350
Q75257766	6000000003221246416
Q75257790	6000000035628968057
Q75257793	6000000029392354843
Q75257794	6000000029392117455
Q75257821	6000000057673684944
Q75257830	6000000005761208038
Q75257831	6000000005761013144
Q75257833	6000000013127283356
Q75257847	6000000010306628992
Q75257855	6000000063347767882
Q75257856	6000000002188495128
Q75257859	6000000002188495139
Q75257860	6000000002188495168
Q75257888	6000000002188495009
Q75257889	6000000002188495015
Q75257892	6000000002188495021
Q75257894	6000000002188495033
Q75257897	6000000002188495039
Q75257898	6000000002188495045
Q75257901	6000000006990138006
Q75257905	6000000006995521612
Q75257912	6000000006989794433
Q75257914	6000000002178186237
Q75257915	6000000006989898198
Q75257922	6000000002497397742
Q75257929	6000000010026784441
Q75257960	6000000002188495122
Q75257961	6000000002188495134
Q75257985	6000000002188493954
Q75258042	6000000077488207870
Q75258050	6000000005598942693
Q75258055	6000000005598904480
Q75258066	6000000175825476844
Q75258102	6000000018258505384
Q75258107	6000000008907746886
Q75258130	6000000008356602086
Q75258146	6000000011358681339
Q75258189	6000000000437222246
Q75258201	6000000005599019314
Q75258219	6000000021749310551
Q75258225	6000000006147663322
Q75258235	6000000004868229676
Q75258236	6000000016311095469
Q75258238	6000000004867293272
Q75258239	6000000004867293278
Q75258242	6000000004868229697
Q75258246	6000000004868229718
Q75258247	6000000004867682011
Q75258257	6000000004867682084
Q75258258	6000000011648985748
Q75258264	6000000004867682122
Q75258265	6000000004868229864
Q75258271	6000000004867682152
Q75258275	6000000041405606301
Q75258278	6000000069709678906
Q75258286	6000000008630254341
Q75258287	6000000008630254349
Q75258291	6000000057048634980
Q75258310	6000000010318068434
Q75258334	6000000014416223117
Q75258335	6000000014415951396
Q75258343	6000000014415917845
Q75258347	6000000016457638520
Q75258349	6000000014415911726
Q75258353	6000000014416365120
Q75258386	6000000217037792840
Q75258396	6000000007864631387
Q75258401	6000000059241164939
Q75258413	6000000038721541069
Q75258420	6000000011305188270
Q75258423	6000000005599028678
Q75258427	6000000002188551402
Q75258440	6000000002188483854
Q75258475	6000000103487857828
Q75258484	6000000001056765110
Q75258510	6000000002898234754
Q75258514	6000000014416271706
Q75258520	6000000014416109863
Q75258526	6000000037644664126
Q75258583	6000000044518899094
Q75258590	6000000031629378821
Q75258672	6000000023882312319
Q75258681	6000000002188496814
Q75258683	6000000018846101113
Q75258747	6000000018336231645
Q75258773	6000000002499610101
Q75258784	6000000003265467495
Q75258829	6000000025989248046
Q75258832	6000000007015707010
Q75258835	6000000016699079493
Q75258835	6000000094053474931
Q75258841	6000000005599087720
Q75258848	6000000003119834892
Q75258866	6000000005598843628
Q75258867	6000000005598843618
Q75258869	6000000011176140602
Q75258874	6000000011176177476
Q75258875	6000000005740352009
Q75258902	6000000056046827912
Q75258904	6000000056022965830
Q75258913	6000000003118272896
Q75258919	6000000003118290601
Q75258927	6000000003119844491
Q75258929	6000000003119889222
Q75258930	6000000005598803608
Q75258933	6000000025390642063
Q75258943	6000000011111907425
Q75258945	6000000036894758427
Q75258966	6000000066656055859
Q7525898	6000000031500018555
Q75258980	6000000021808589062
Q75258981	6000000021808656840
Q75259000	6000000004868061724
Q75259013	6000000005599194517
Q7525903	6000000020234515157
Q7525905	6000000018499060735
Q75259076	6000000006792118241
Q75259081	6000000019343920123
Q75259086	6000000018275031347
Q75259097	6000000021598212538
Q7525911	6000000068026416867
Q7525914	6000000042451619814
Q75259141	6000000019619016451
Q75259154	6000000071692949307
Q75259166	6000000016515961459
Q75259167	6000000009298534331
Q7525917	6000000019267197294
Q75259184	6000000016516914347
Q75259190	6000000016516841314
Q75259192	6000000016516618924
Q75259193	6000000053265428022
Q7525920	6000000027325021509
Q7525922	6000000033303056368
Q75259221	6000000011821232314
Q75259223	6000000001504225198
Q75259249	6000000056626445826
Q75259255	6000000003936408048
Q75259261	6000000011515860630
Q75259267	6000000028017865243
Q75259268	6000000028020812765
Q7525927	6000000016144765609
Q75259281	6000000010323599066
Q75259289	6000000015549676998
Q75259313	6000000011122082786
Q75259314	6000000017674417734
Q75259319	6000000042215032326
Q75259338	6000000038705894005
Q75259341	6000000047006878852
Q75259343	6000000047006322933
Q75259358	6000000002188517873
Q75259361	6000000002188508656
Q75259365	6000000002188517885
Q75259375	6000000004079807237
Q7525939	6000000019164420576
Q7525941	6000000019164644665
Q75259422	6000000015655962087
Q75259431	6000000018718962600
Q75259432	6000000012386352894
Q75259436	6000000044269858914
Q7525945	6000000019167589759
Q75259450	6000000007988269314
Q7525948	6000000018142386084
Q75259524	6000000013043368310
Q75259604	6000000066558584835
Q7525961	6000000021027292189
Q75259614	6000000011117697765
Q75259624	6000000003923214123
Q75259628	6000000003405590510
Q75259633	6000000011117834235
Q75259635	6000000013435846233
Q75259636	6000000036895984004
Q75259642	6000000036896510038
Q75259659	6000000033733994878
Q75259677	6000000005438507482
Q7525968	6000000006146182453
Q7525969	6000000015199742260
Q75259690	6000000015479523227
Q75259692	6000000025678238264
Q75259693	6000000025678396128
Q75259695	6000000010591257026
Q75259697	6000000015497248339
Q75259700	6000000019975569309
Q75259703	6000000066389045858
Q75259708	6000000002188502534
Q75259710	6000000002188502541
Q75259721	6000000021092991293
Q75259742	6000000021092999571
Q75259747	6000000021093097332
Q75259749	6000000025492971232
Q75259761	6000000027288399737
Q75259762	6000000014117398405
Q75259764	6000000014117398410
Q75259765	6000000017333875580
Q75259767	6000000017333743665
Q75259775	6000000003455373558
Q75259776	6000000012162406819
Q75259792	6000000002188502662
Q75259793	6000000002188502656
Q7525983	6000000006267866065
Q75259834	6000000016735874639
Q75259866	6000000001877513841
Q75259871	6000000002831280150
Q75259878	6000000008899905475
Q75259883	6000000066388946873
Q75259899	6000000017508411986
Q7525991	6000000010954271493
Q75259915	6000000039213215444
Q75259924	6000000006721165223
Q75259929	6000000026450176254
Q7525993	6000000002898120133
Q75259930	6000000026450296897
Q75259940	6000000017229225147
Q75259942	6000000008630254471
Q7525995	6000000009939957084
Q75259966	6000000008836658165
Q7525997	6000000016688721291
Q7525998	6000000023716753818
Q75259985	6000000021198480577
Q75259994	6000000006444159885
Q75260002	6000000005739610398
Q75260004	6000000005739620249
Q75260015	6000000009292211567
Q7526004	6000000002116181507
Q7526006	6000000003858754182
Q75260063	6000000001355950584
Q75260064	6000000000641949081
Q75260068	6000000005477130001
Q7526007	6000000079142386851
Q75260072	6000000070740304147
Q75260096	6000000016048479347
Q75260099	6000000005876420015
Q7526010	6000000002689080901
Q75260101	6000000019117355347
Q75260104	6000000018576943179
Q75260108	6000000010769584563
Q75260117	6000000025926326923
Q75260138	6000000013379341049
Q7526014	6000000006200296171
Q75260160	6000000014760551838
Q75260176	6000000008631003850
Q75260180	3752329
Q75260182	6000000012785815441
Q75260191	6000000018143452358
Q7526020	6000000024268062903
Q7526023	6000000011904021223
Q75260239	6000000004148656619
Q7526026	6000000031278054240
Q75260288	6000000016551678477
Q7526029	6000000012207524885
Q75260301	6000000015095901167
Q7526031	6000000104572102869
Q7526034	6000000003404026564
Q75260341	6000000010317731140
Q75260344	6000000000129375394
Q75260345	6000000003930573730
Q7526036	6000000017638515222
Q7526037	6000000054201802920
Q75260403	6000000025894409765
Q7526041	6000000018995953023
Q75260420	6000000014493377373
Q75260423	6000000022617248121
Q75260438	6000000019016413380
Q75260452	6000000012713318137
Q75260466	6000000007107917215
Q7526047	6000000004385810717
Q75260472	6000000066655250911
Q75260476	6000000026681361020
Q75260480	6000000005598843158
Q75260489	6000000066655249923
Q75260499	6000000003495296728
Q75260529	6000000017564235554
Q75260547	6000000017983228616
Q7526055	6000000033219207248
Q7526056	6000000024199505045
Q75260564	6000000013544993942
Q75260569	6000000031322771337
Q75260575	6000000011839140829
Q75260576	6000000008123430601
Q75260579	6000000019077560611
Q75260585	6000000050552027850
Q75260597	6000000059861949823
Q7526060	6000000052045962121
Q75260624	6000000055257093967
Q75260629	6000000034562391656
Q7526065	6000000004652688611
Q75260651	6000000009569378613
Q75260657	6000000002188536074
Q7526072	6000000066598788202
Q7526075	6000000024243467134
Q7526077	6000000012771896099
Q75260771	6000000008248528673
Q75260773	6000000009437490458
Q75260775	6000000008248528698
Q75260780	6000000004382736301
Q75260783	6000000006444413458
Q75260784	6000000006444413469
Q75260794	6000000001544508664
Q75260796	6000000006444115049
Q75260798	6000000002135812214
Q7526081	6000000003687349529
Q75260811	6000000017818422712
Q7526082	6000000016774182800
Q75260831	6000000007023401329
Q75260832	6000000059902889836
Q75260842	6000000002766794977
Q75260868	6000000026274810031
Q7526089	6000000022573549081
Q75260940	6000000004867293514
Q7526095	6000000024550890012
Q7526096	6000000024552018826
Q75260966	6000000010023294438
Q7526098	6000000025621329853
Q752610	6000000140443474053
Q75261002	6000000006444452269
Q75261004	6000000017573689044
Q75261008	6000000003891404484
Q7526102	6000000006444432483
Q75261046	6000000021070613925
Q75261063	6000000018388602472
Q75261071	6000000009969080059
Q75261074	6000000014217105065
Q75261075	6000000044050756914
Q75261098	6000000023680572910
Q75261100	6000000023680572916
Q7526111	6000000003216058252
Q7526113	6000000011299209571
Q75261141	6000000013007173225
Q75261151	6000000004744233001
Q75261157	6000000003504681438
Q75261161	6000000011158099457
Q75261163	6000000016689164089
Q75261164	6000000016688948848
Q75261185	6000000026159515378
Q75261190	5580137334470116722
Q75261191	6000000004868323419
Q75261203	6000000003865134329
Q75261203	6000000185449836062
Q75261207	6000000006444413235
Q75261209	6000000006757234507
Q75261229	6000000003087080573
Q75261261	6000000008630254531
Q75261262	6000000008630254539
Q75261263	6000000005692840125
Q75261265	6000000009606922564
Q75261276	6000000005598803820
Q75261300	6000000003216080879
Q75261304	6000000002188444651
Q75261305	6000000002504642975
Q75261351	6000000002116191031
Q75261359	6000000008630690633
Q7526136	6000000007125086279
Q75261361	6000000011082392305
Q75261362	6000000020958579354
Q7526138	6000000010539306518
Q75261400	6000000002188495221
Q75261413	6000000002188514440
Q75261426	6000000005599014830
Q75261429	6000000005599014021
Q7526143	6000000015244403540
Q75261432	6000000005599019540
Q75261436	6000000005599014394
Q75261437	6000000005599014458
Q75261438	6000000005599014859
Q75261440	6000000005599014478
Q75261444	6000000005599014114
Q75261445	6000000005599062798
Q7526145	6000000025608906546
Q75261450	6000000005599014914
Q75261451	6000000013565600137
Q75261454	6000000005599019342
Q75261470	6000000006920340238
Q75261478	6000000003911364971
Q7526148	6000000021546464906
Q75261493	6000000031189037775
Q7526152	6000000017906402832
Q75261532	6000000004868229969
Q75261533	6000000004868229976
Q75261535	6000000004868229994
Q75261536	6000000004868237001
Q75261545	6000000004868237225
Q7526155	6000000014488403078
Q7526159	6000000003626639589
Q7526160	6000000011157553684
Q75261608	6000000039752999938
Q75261614	6000000028766517580
Q7526164	6000000038725138901
Q7526167	6000000019252331087
Q75261672	6000000018637028153
Q7526168	6000000022701610998
Q7526169	6000000019249058535
Q75261695	6000000008630254578
Q75261723	6000000008630254604
Q75261743	6000000008630254630
Q75261745	6000000008630254635
Q75261763	6000000006988456595
Q75261766	6000000011132310285
Q7526177	6000000020039486673
Q75261791	6000000026023693001
Q75261799	6000000004079619694
Q7526181	6000000002465710737
Q75261815	6000000015609219696
Q7526182	6000000027305378150
Q75261832	6000000002188674478
Q7526189	6000000028666177020
Q7526191	6000000013487572527
Q75261918	6000000046945005831
Q7526192	6000000013490785080
Q75261920	6000000046944962865
Q75261929	5088579087940111304
Q7526194	6000000006437166794
Q75261943	6000000009294860425
Q75261956	6000000051513637837
Q7526196	6000000012424800819
Q7526198	6000000006567159063
Q7526200	6000000026364103843
Q7526201	6000000019258923058
Q75262012	6000000075427910821
Q75262048	6000000015396510057
Q7526205	6000000019532413681
Q75262050	6000000015397293507
Q75262051	6000000015397684093
Q7526206	6000000117205836909
Q75262072	6000000015396734679
Q75262083	6000000002188520004
Q75262088	6000000019486712050
Q75262089	6000000079243644232
Q75262091	6000000017024975228
Q75262094	6000000015907858966
Q75262100	6000000035706709821
Q75262103	6000000012991597433
Q75262104	6000000008542676472
Q75262115	6000000004868044855
Q75262126	6000000014897468541
Q7526213	6000000011829769429
Q75262154	6000000018159796851
Q75262160	6000000012479212519
Q75262166	6000000019099156646
Q75262171	6000000010860554526
Q75262172	6000000023068156436
Q7526218	6000000007069872154
Q7526221	6000000042372340050
Q7526223	6000000012462594942
Q7526224	6000000023721037095
Q7526226	5467132510780118246
Q75262270	6000000038831814976
Q75262285	6000000051508379033
Q75262287	6000000004571358657
Q75262312	6000000009794325851
Q75262320	6000000010895186574
Q7526236	6000000037401035108
Q75262385	6000000009794612267
Q75262387	6000000023942485424
Q75262388	6000000009794609212
Q75262392	6000000002115993155
Q75262395	6000000009794739298
Q75262401	6000000007152320570
Q75262405	6000000002115911438
Q75262415	6000000016702218587
Q7526242	6000000037917526285
Q75262426	6000000003206507317
Q75262427	6000000014169613592
Q75262431	6000000031467831053
Q75262433	6000000026637568219
Q75262434	6000000003891404340
Q7526244	6000000033853181872
Q75262442	6000000023475081760
Q7526246	6000000003891387483
Q75262465	6000000003942585685
Q7526248	6000000018720416128
Q7526249	6000000027229462727
Q7526251	6000000027448695439
Q75262518	6000000002188466727
Q75262519	6000000002188514148
Q75262522	6000000002188466709
Q75262529	6000000002188466715
Q7526253	6000000017384075086
Q75262532	6000000002188524776
Q7526254	6000000042208666828
Q75262554	6000000007005249180
Q75262558	6000000042965512529
Q7526256	6000000017684070275
Q75262577	6000000009794314178
Q7526258	6000000008630269701
Q75262580	6000000030483254183
Q75262593	6000000002805603938
Q75262599	6000000010092337280
Q75262602	6000000027984057026
Q75262606	6000000000280735730
Q75262608	6000000013119346874
Q75262611	6000000013118925033
Q75262614	6000000013119404985
Q75262616	6000000001396000563
Q7526262	6000000019402901715
Q75262624	6000000009554740879
Q75262640	6000000001396282288
Q75262644	6000000001396000554
Q75262647	6000000001396282309
Q75262650	6000000015656040080
Q75262651	6000000001396282330
Q75262660	6000000009554788264
Q75262662	6000000039289518712
Q7526270	6000000025041778195
Q7526274	6000000018206636610
Q75262746	6000000010171529362
Q75262757	6000000044251197044
Q7526276	6000000000986753212
Q75262760	6000000004079757378
Q75262764	6000000003615703208
Q75262773	3973720554440079970
Q75262774	3973723608650030630
Q7526278	6000000007778208417
Q75262785	6000000010895329446
Q75262786	6000000010895186763
Q75262810	6000000026491441785
Q75262839	6000000013652689181
Q7526284	6000000026145896843
Q75262841	6000000013653074679
Q75262845	6000000060751712098
Q75262853	6000000008542044823
Q75262860	6000000034764224786
Q75262867	6000000017068737266
Q7526287	6000000002115864061
Q75262888	6000000030127922269
Q75262906	6000000071675629931
Q75262914	6000000002188524845
Q7526292	6000000014803771956
Q75262923	6000000002188524855
Q75262926	6000000002188524797
Q75262929	6000000002188524809
Q75262938	6000000013017395187
Q7526294	6000000025981999342
Q75262947	6000000002188524871
Q7526298	6000000000076315094
Q75262981	6000000017132732576
Q75262988	6000000021596899681
Q75262995	6000000021598338973
Q75263013	6000000031467711942
Q75263016	6000000031467019212
Q75263019	6000000023515708738
Q7526302	6000000051364323834
Q75263020	6000000023530339059
Q7526303	6000000000889478922
Q75263042	6000000009794632211
Q75263049	6000000023481799960
Q75263056	6000000033229168319
Q75263058	6000000033229595961
Q75263078	6000000001655722220
Q75263082	6000000011337021792
Q75263095	6000000088723289959
Q75263096	6000000052194222913
Q75263100	6000000052194192856
Q75263103	6000000072797531233
Q75263105	6000000072797806045
Q75263116	6000000035997815928
Q7526312	6000000015183044259
Q75263138	6000000003216145362
Q75263147	6000000009607415577
Q75263166	6000000017205577142
Q7526318	6000000012402098215
Q7526325	6000000000352513911
Q7526326	6000000022101809027
Q75263263	6000000002188368071
Q75263285	6000000002188368064
Q75263287	6000000002024149263
Q75263290	6000000001516384861
Q75263293	6000000004868058371
Q75263294	6000000008630254707
Q75263296	6000000008630254716
Q75263304	6000000002178186528
Q75263307	6000000055134253863
Q75263309	6000000055132763969
Q7526332	6000000028216404062
Q75263320	6000000011117701742
Q75263323	6000000027267337787
Q75263340	6000000010207144254
Q75263348	6000000010207176289
Q75263365	6000000039823673930
Q7526341	6000000001877548667
Q7526345	6000000042372351862
Q75263454	6000000014169111926
Q7526347	5573809417020038974
Q7526348	6000000041956606047
Q75263526	6000000031861765958
Q75263528	6000000018413042640
Q75263530	6000000018413654026
Q75263533	6000000011825033339
Q75263534	6000000011825094415
Q75263546	6000000011824364144
Q75263550	6000000011824094035
Q75263586	6000000003206402693
Q7526359	6000000069501546023
Q75263609	6000000019551308498
Q75263613	6000000026272172898
Q75263617	6000000010910800694
Q75263630	6000000014898550550
Q75263631	6000000024387671152
Q75263639	6000000014898520558
Q7526364	6000000033237099633
Q75263640	6000000014898762008
Q75263642	6000000014898321303
Q75263675	6000000013328319593
Q7526368	6000000024431882509
Q75263682	6000000014897368478
Q75263697	6000000010399271644
Q75263719	6000000016722581054
Q75263722	6000000027190703733
Q75263723	6000000031859525943
Q7526373	6000000047820300004
Q7526376	6000000026280707148
Q75263771	6000000019981963402
Q7526378	6000000014759002566
Q7526379	6000000014576359324
Q75263816	6000000002006366666
Q75263821	6000000006444130576
Q7526383	6000000008497248282
Q75263831	6000000008661311414
Q75263853	6000000011743858674
Q7526386	6000000086230044874
Q75263879	6000000034236110102
Q7526389	6000000002898226223
Q75263911	6000000015864044789
Q75263930	6000000002188502482
Q75263937	6000000011708757890
Q7526395	6000000053845660847
Q75263974	6000000031871984283
Q75263984	6000000026159629293
Q75263990	6000000003540504056
Q75263991	6000000037463296623
Q75263997	6000000003540341917
Q75263998	6000000003540293798
Q75264002	6000000037134034631
Q75264004	6000000002188504574
Q75264009	6000000002188504546
Q75264015	6000000002188504563
Q75264018	6000000087181475920
Q7526403	6000000022158417026
Q7526404	6000000002603688655
Q75264096	6000000017203267565
Q75264111	6000000039214880005
Q75264112	6000000039214883020
Q75264113	6000000039215547183
Q75264116	6000000039215657064
Q75264119	6000000039214622510
Q75264133	6000000003216128964
Q75264156	6000000018244916929
Q75264158	6000000018244649644
Q75264159	6000000009013326720
Q7526416	6000000015877581284
Q75264163	6000000021597723120
Q75264164	6000000015091355927
Q75264172	6000000093416705938
Q75264193	6000000012380558400
Q75264193	6000000020382928368
Q75264239	6000000014218316106
Q75264245	6000000006041416030
Q75264258	6000000010176203473
Q75264259	6000000009951051389
Q75264263	6000000026163740084
Q75264264	6000000013684639706
Q75264269	6000000026175071821
Q75264279	6000000026162033554
Q75264288	317862675870004295
Q75264322	6000000011336695891
Q75264325	6000000005048323405
Q75264328	6000000008863426829
Q75264351	6000000018343754936
Q75264355	6000000041004271068
Q7526439	6000000012583234575
Q75264433	6000000057021924857
Q75264436	6000000015800941712
Q75264439	6000000002188483025
Q75264440	6000000070474584295
Q75264447	6000000022321673122
Q75264448	6000000040340271955
Q7526445	6000000012346899865
Q75264455	6000000032684850797
Q75264458	6000000032685379928
Q75264477	6000000002188551440
Q7526450	6000000006348964543
Q75264501	6000000049827283775
Q75264511	6000000001608968103
Q75264515	6000000006444777919
Q75264516	6000000010042173547
Q75264527	6000000008630254786
Q75264534	6000000008630254810
Q75264536	6000000019982615486
Q75264543	6000000011651055265
Q75264550	6000000037907429834
Q75264552	6000000046583002957
Q75264556	6000000047475311883
Q7526457	6000000026919028060
Q7526458	6000000013187597874
Q75264611	6000000031673476864
Q75264613	6000000124550633922
Q75264619	6000000002809700722
Q75264636	6000000018388822454
Q7526465	6000000017429765755
Q75264652	6000000020678153846
Q75264656	6000000005598808957
Q75264661	6000000050215743998
Q75264672	6000000005598776190
Q75264685	6000000003216067198
Q75264687	6000000007233854634
Q75264694	6000000003216050323
Q7526470	5579624322060118445
Q75264701	6000000017978455364
Q75264706	6000000008630254839
Q75264708	6000000008630790172
Q75264712	6000000002116013384
Q75264712	6000000175569025826
Q75264714	6000000008630254846
Q75264719	6000000008630254899
Q75264724	6000000008630254928
Q75264728	6000000030940547233
Q75264737	6000000008630254996
Q75264739	6000000009618002328
Q75264749	6000000008630255051
Q7526475	6000000035127489601
Q75264750	6000000008630255059
Q75264752	6000000008630255066
Q75264753	6000000008630255074
Q75264755	6000000008630255082
Q75264763	6000000008630255117
Q75264765	6000000008630255124
Q75264766	6000000008630255132
Q75264775	5555285832560026288
Q75264777	6000000001877475123
Q75264778	6000000008630255168
Q75264783	6000000008630255183
Q75264786	6000000013516602748
Q75264799	6000000001877514326
Q75264808	6000000008630260297
Q75264812	6000000008630260312
Q75264816	6000000008630260327
Q75264821	6000000008630260340
Q75264830	6000000008630260367
Q75264831	6000000008630260375
Q75264837	6000000008630260389
Q75264856	6000000005598815177
Q75264857	6000000005598808977
Q75264859	5395809838000128897
Q75264884	6000000001877484845
Q7526489	6000000024096501537
Q75264902	6000000008630260425
Q7526491	6000000028391461500
Q75264917	6000000008630260486
Q75264921	6000000008630260499
Q75264926	6000000008630260513
Q75264927	6000000008630260521
Q75264931	6000000008630260541
Q75264934	6000000008630260556
Q75264935	6000000008630260564
Q75264939	6000000008630260580
Q75264943	6000000008630260594
Q75264945	6000000008630260601
Q75264946	6000000008630260608
Q75264950	6000000008630260615
Q75264952	6000000004326349110
Q75264953	6000000008630260623
Q75264956	6000000008630260659
Q75264958	6000000008630260667
Q7526496	6000000036310433665
Q75264961	6000000008630260674
Q75264962	6000000008630260682
Q75264965	6000000008630260689
Q75264970	6000000008630260722
Q75264976	6000000008630260745
Q7526498	6000000017603028606
Q75264985	6000000000566221509
Q7526499	6000000001522986330
Q75264990	6000000008630260811
Q75264997	6000000020558715946
Q7526501	6000000001522986940
Q75265010	6000000028856677416
Q75265014	6000000008630260877
Q75265024	6000000008630260922
Q75265026	6000000008630260929
Q75265037	6000000008630260971
Q75265043	6000000008630260992
Q75265055	6000000024852482016
Q7526510	6000000021063768410
Q75265114	6000000043183125891
Q75265119	6000000008630265218
Q7526513	6000000000504951961
Q75265149	6000000008630265241
Q75265152	6000000008630265256
Q75265153	6000000008630265263
Q75265155	6000000001877484924
Q75265156	6000000008630265277
Q7526518	6000000000352513747
Q7526520	6000000011856484161
Q75265201	6000000008630265388
Q75265202	6000000008630265396
Q75265203	6000000008630265404
Q7526523	6000000019197510929
Q7526524	6000000019624560085
Q75265250	6000000008630265520
Q75265251	6000000008630265527
Q75265256	6000000020558616256
Q75265258	6000000021849756322
Q7526526	6000000001590629620
Q75265271	6000000008630265603
Q75265277	6000000055595033059
Q75265281	6000000009607850463
Q75265294	6000000008630265670
Q75265301	6000000008630265681
Q75265302	6000000008630265687
Q75265306	6000000008630265692
Q75265312	6000000008630265707
Q75265316	6000000008630265731
Q75265322	6000000008630265745
Q75265324	6000000008630265753
Q75265326	6000000008630265761
Q7526533	6000000018218998675
Q75265332	6000000008630265781
Q75265336	6000000008630265794
Q75265352	6000000008630265844
Q75265357	6000000008630265859
Q7526539	6000000008305111154
Q75265395	6000000008630265945
Q75265399	6000000008630265960
Q75265402	6000000008630265968
Q7526541	6000000008863712773
Q75265414	6000000008630266007
Q75265417	6000000008630266030
Q75265419	6000000008630266045
Q7526542	6000000035186463291
Q75265422	6000000008630266052
Q7526544	6000000012401997561
Q75265442	6000000008630266124
Q75265456	6000000008630266171
Q7526546	6000000008863504454
Q7526549	6000000021849370793
Q7526553	6000000038566935451
Q7526557	6000000025252643889
Q75265579	6000000003216049750
Q75265583	6000000007233710192
Q75265585	6000000007233702971
Q75265586	6000000007233674182
Q75265590	6000000003216065306
Q75265596	6000000005598815272
Q75265598	6000000015625440510
Q75265604	6000000001877484992
Q7526568	6000000020268751787
Q75265688	6000000016001179516
Q75265690	6000000008579683187
Q75265707	6000000002447381526
Q75265708	6000000091175046337
Q75265712	6000000038920336444
Q75265713	6000000004868044641
Q75265715	6000000004079799888
Q75265716	6000000009607855408
Q7526572	6000000031310055290
Q75265725	6000000024596315586
Q75265735	6000000055518895917
Q75265738	6000000055518835975
Q7526574	6000000012463047228
Q75265746	6000000055396085084
Q75265763	6000000052943964881
Q75265765	6000000052943576316
Q75265776	6000000078754237031
Q7526578	6000000018343730935
Q7526579	6000000008630281226
Q75265791	6000000003216067207
Q75265795	6000000003216067334
Q75265807	6000000003216067184
Q75265812	6000000047868269993
Q75265815	6000000060755101962
Q75265816	6000000081566413932
Q75265819	6000000060755040912
Q75265820	6000000060755107912
Q75265827	6000000060754244134
Q75265840	6000000039215823344
Q7526585	6000000007344667268
Q75265857	6000000018244930886
Q75265859	6000000015863435276
Q75265860	6000000021597620334
Q75265862	6000000021597615601
Q7526587	6000000014854650352
Q75265873	6000000010612136867
Q75265881	6000000008630269507
Q75265883	6000000008630269513
Q75265887	6000000052194549859
Q75265889	6000000014534145414
Q7526589	6000000023053135972
Q75265891	6000000014533586807
Q7526590	6000000014897717646
Q75265906	6000000008630269518
Q75265908	6000000008630269526
Q75265910	6000000009985197341
Q75265911	6000000008630269533
Q75265913	6000000008630269542
Q75265915	6000000008630269550
Q75265922	6000000008630269572
Q75265924	6000000008630269580
Q75265925	6000000008630269588
Q7526594	6000000067561635856
Q75265945	6000000021849614488
Q7526596	6000000010735005753
Q7526597	6000000013329377217
Q75265971	6000000021849905974
Q75265976	6000000021849726840
Q75265978	6000000021849729874
Q75265985	6000000030737721745
Q75265992	6000000012417287121
Q75265992	6000000017797596186
Q75266006	6000000069804500937
Q75266009	6000000006455129208
Q75266009	6000000016004216331
Q75266009	6000000081250019025
Q7526604	6000000039063185508
Q75266044	6000000005047962816
Q75266049	6000000000066814729
Q75266063	6000000001877484933
Q75266065	6000000001877524745
Q7526607	6000000009836115084
Q7526609	6000000002765241414
Q75266115	6000000001877487844
Q75266117	6000000001877484889
Q75266123	6000000002273522475
Q75266126	6000000000587647230
Q75266132	6000000003899955767
Q75266133	6000000003900015770
Q75266134	6000000003900254335
Q75266139	6000000003900375130
Q7526614	6000000024500898372
Q75266149	6000000003942998403
Q75266155	6000000010022920416
Q75266156	6000000005598776541
Q75266190	6000000003221255544
Q75266199	6000000001180378004
Q7526623	6000000002116191098
Q7526625	6000000011934004184
Q75266251	6000000023075572099
Q75266251	6000000041297565997
Q75266257	6000000013000658359
Q75266265	6000000013492078838
Q75266294	6000000060197454821
Q75266297	6000000004868960582
Q7526630	6000000002957808650
Q75266301	6000000001608819563
Q75266306	6000000004079619587
Q7526632	6000000002188674340
Q75266326	6000000002116140769
Q7526634	6000000007355162261
Q75266341	6000000009568432147
Q7526636	6000000071027841855
Q75266360	6000000026743599320
Q75266365	6000000006581125168
Q75266368	6000000044518612436
Q75266369	6000000158331534948
Q7526638	6000000053654209082
Q75266388	6000000019489262080
Q75266415	6000000014060354738
Q75266416	6000000017943183284
Q75266421	6000000014062259703
Q75266447	6000000001504243853
Q75266449	6000000001504225182
Q7526645	6000000023718732661
Q75266456	6000000001504445894
Q7526647	6000000070646007885
Q75266475	6000000001504235680
Q75266477	6000000016549631240
Q75266485	6000000001877484872
Q75266514	6000000017266733033
Q75266515	6000000014465469366
Q75266516	6000000014465723069
Q75266531	6000000095699646288
Q7526654	6000000012536763575
Q75266546	6000000019075543891
Q7526655	6000000030096218955
Q75266552	6000000003649723174
Q75266569	6000000033219106237
Q75266570	6000000033219168089
Q7526658	6000000014056541165
Q75266593	6000000028071515207
Q75266595	6000000057163539952
Q75266597	6000000057163773885
Q75266599	6000000064206237850
Q75266600	6000000057164057833
Q75266603	6000000014021982682
Q75266606	6000000011799650871
Q75266617	6000000028356877306
Q75266628	6000000001299323004
Q7526663	6000000026315413446
Q75266632	6000000006444220265
Q75266638	6000000011828851173
Q75266643	6000000011828718778
Q7526665	6000000000941590834
Q7526668	6000000018720806123
Q75266686	6000000000796810806
Q75266696	6000000001272637310
Q7526670	6000000007110242499
Q75266725	6000000014803519540
Q75266729	6000000013565140753
Q75266735	6000000047447418389
Q7526675	6000000014423450338
Q75266752	6000000001299392998
Q75266758	6000000028936021465
Q75266782	6000000006582470357
Q75266783	6000000006582620069
Q75266815	6000000027033859897
Q75266838	6000000001355979054
Q7526685	6000000022250398612
Q75266853	6000000009950314447
Q75266868	6000000014988973884
Q7526688	6000000027239817906
Q7526690	6000000016921210098
Q75266907	6000000010022516074
Q7526692	6000000003523971203
Q75266924	6000000014692191326
Q75266926	6000000002764088371
Q7526693	6000000014438782328
Q75266934	6000000010370935547
Q75266938	6000000015675781832
Q75266943	6000000007498769281
Q75266962	6000000013384334336
Q75266980	6000000018996700068
Q75266982	6000000019104392562
Q75266983	6000000019104527328
Q75266996	6000000028242994077
Q75266999	6000000006704415001
Q75267016	6000000058324119897
Q75267020	6000000015864747708
Q7526703	6000000014471635065
Q75267036	6000000016131265787
Q75267037	6000000075862293856
Q75267066	6000000028243222568
Q7526707	6000000016169033845
Q75267076	6000000028243178527
Q7526708	6000000024308830047
Q75267081	6000000028243388903
Q75267083	6000000013464179764
Q75267084	6000000028243738313
Q75267089	6000000001194107994
Q75267091	6000000003615716392
Q75267092	6000000088410483838
Q7526710	6000000002831265414
Q75267100	6000000016211130755
Q75267137	6000000023075835016
Q75267138	6000000023076021907
Q7526714	6000000026867331418
Q75267147	6000000008834587479
Q75267153	6000000136942736982
Q75267158	6000000007808444329
Q75267162	6000000018429448409
Q75267164	6000000028248183676
Q75267166	6000000028247936692
Q75267169	6000000048427769000
Q75267176	6000000002188458634
Q75267180	6000000028243195157
Q75267197	6000000110635502121
Q75267200	6000000002418664152
Q75267201	6000000003097848421
Q75267203	6000000003615588165
Q75267204	6000000004388883869
Q75267211	6000000024624611321
Q75267221	6000000008630269633
Q75267248	6000000002187899334
Q75267258	6000000008630269661
Q7526726	6000000021946929063
Q75267261	6000000010164713641
Q75267263	6000000013276094942
Q75267267	6000000008630269683
Q75267270	6000000018206347604
Q75267301	6000000011696995469
Q75267304	6000000021895000298
Q75267305	6000000024304673758
Q75267310	6000000008630269727
Q75267312	6000000008630269734
Q75267313	6000000013599344784
Q75267343	6000000010164505913
Q75267344	6000000006444762690
Q7526736	6000000017671876602
Q75267362	6000000006444758006
Q75267371	6000000010051697967
Q7526738	6000000009405299366
Q7526740	6000000002820544774
Q75267400	6000000010051886876
Q75267406	6000000028022198782
Q7526743	6000000021036557245
Q75267439	6000000023786912430
Q75267443	6000000027338708087
Q75267444	6000000027337814527
Q7526745	6000000026632481518
Q75267462	6000000003615716737
Q75267473	6000000000884577324
Q75267479	6000000001213666048
Q75267483	6000000005685008001
Q75267485	6000000066447831829
Q7526749	6000000025013731830
Q75267514	6000000025082993709
Q75267517	6000000025083441240
Q75267518	6000000052080026225
Q75267530	6000000103346534821
Q75267535	6000000012416825995
Q75267537	6000000012417431800
Q75267566	6000000002188493430
Q75267569	6000000021929958718
Q75267572	6000000002188493442
Q75267586	6000000010411431528
Q75267611	6000000011319603256
Q75267613	6000000011319613286
Q75267615	6000000011319543400
Q75267620	6000000011318714189
Q75267622	6000000019059160312
Q75267624	6000000034972601296
Q75267643	6000000038257233173
Q75267645	6000000031012515366
Q75267646	6000000084025093091
Q7526765	6000000015784825643
Q7526766	309460684740004676
Q75267689	6000000047342123075
Q75267697	6000000023360407037
Q75267719	6000000043334188260
Q7526772	6000000028644061990
Q75267732	6000000027670174706
Q75267767	6000000021894947525
Q75267768	6000000021895095863
Q7526777	6000000011039251802
Q75267771	6000000029859651509
Q7526778	6000000010911255046
Q75267780	6000000021895097235
Q75267782	6000000010371962963
Q75267791	6000000019005965764
Q7526782	6000000018437245021
Q75267834	6000000028021995714
Q7526784	6000000011039385105
Q75267849	6000000017811727022
Q75267865	6000000058323287374
Q75267868	6000000058324091913
Q75267870	6000000058324154096
Q75267873	6000000058324106960
Q75267876	6000000058324703826
Q75267877	6000000058323574286
Q75267887	6000000013874605960
Q75267897	6000000039797698381
Q75267924	6000000009188689233
Q75267930	6000000023763302132
Q75267932	6000000023763120104
Q7526795	6000000026551972125
Q75267985	6000000033250104959
Q75267993	6000000066455125931
Q7526800	6000000023115226014
Q75268005	6000000003198358928
Q75268009	6000000002188495850
Q75268013	6000000012583283655
Q75268019	6000000002188495823
Q7526802	6000000028642348169
Q75268023	6000000009935489785
Q75268024	6000000002188495828
Q75268037	6000000008630269796
Q7526804	6000000028644061945
Q75268042	6000000008630269810
Q75268046	6000000008630269826
Q75268049	6000000008630269848
Q75268065	6000000048419844832
Q75268089	6000000010296787434
Q75268090	6000000010295232716
Q75268103	6000000017041091441
Q75268106	6000000017040280363
Q75268110	6000000034857206746
Q75268127	6000000006444072764
Q75268163	6000000032208942679
Q75268192	6000000005598803830
Q75268204	6000000011111168211
Q75268206	6000000021808458910
Q75268218	6000000002188458806
Q7526823	6000000013819427534
Q75268242	6000000002188542662
Q75268243	6000000002188526507
Q75268252	6000000011108288108
Q75268274	6000000006705509214
Q75268282	6000000015543312774
Q75268285	6000000002188508483
Q75268295	6000000008471238676
Q75268298	6000000011023657538
Q75268304	6000000008123394631
Q75268308	6000000006454027726
Q75268308	6000000027194766273
Q75268309	6000000020653166942
Q7526831	6000000018128089472
Q75268322	6000000002787413496
Q75268332	6000000013435259927
Q7526834	6000000012725878218
Q75268341	6000000003891421064
Q75268353	6000000023813612268
Q75268382	6000000100743414984
Q7526842	6000000023246986212
Q7526844	6000000023247186973
Q75268442	6000000072436224343
Q7526846	6000000027303786710
Q75268467	6000000006824471300
Q75268470	6000000006824552123
Q7526848	6000000026843096754
Q75268486	6000000015422918576
Q7526849	6000000038649961993
Q75268494	6000000020980184696
Q75268502	6000000013559373469
Q75268515	6000000009794013868
Q75268523	6000000017532278001
Q75268524	6000000011399334052
Q75268534	6000000011399449920
Q75268536	6000000011399376982
Q75268537	6000000026791412533
Q75268541	6000000011399668394
Q7526856	6000000024945926227
Q75268560	6000000002115870235
Q75268571	6000000019985830808
Q7526860	6000000004172595781
Q7526865	6000000016432246538
Q7526868	6000000028239092023
Q7526870	6000000019168055745
Q75268700	6000000006185234609
Q75268708	6000000027818381973
Q75268712	6000000002236578134
Q75268714	6000000076929709093
Q7526872	6000000079217431201
Q75268728	6000000013536718183
Q75268730	6000000027818114761
Q75268751	6000000010536471879
Q7526876	6000000023414861214
Q75268762	6000000006444768803
Q75268788	6000000005679250014
Q75268792	6000000026621550710
Q75268794	6000000003243328299
Q75268796	6000000005679449015
Q75268799	6000000003108278126
Q7526880	6000000002764377354
Q75268801	6000000000642023254
Q7526881	6000000025836187961
Q75268812	6000000015254680288
Q75268819	6000000006602672657
Q75268827	6000000040990765833
Q7526883	6000000018483290845
Q75268831	6000000040988219667
Q75268837	6000000011744781934
Q7526885	6000000019601314069
Q75268857	6000000026496716273
Q75268861	6000000011698614089
Q75268869	6000000006602672772
Q7526887	6000000004079698689
Q75268881	6000000011131710356
Q75268905	6000000022365136481
Q75268913	6000000010007769609
Q75268916	6000000010007903448
Q75268917	6000000010007852358
Q7526892	6000000036264075697
Q7526894	6000000025844976377
Q75268946	6000000024480764219
Q7526896	6000000041894147145
Q75268966	6000000010007893551
Q75268995	6000000021752770390
Q75269	6000000069142504880
Q75269005	6000000008630269940
Q75269016	6000000008630269979
Q7526902	6000000013346242201
Q75269020	6000000010094633736
Q7526904	6000000042348566833
Q75269051	6000000014269721485
Q75269053	6000000014267316370
Q75269072	6000000013127117529
Q75269073	6000000002912013303
Q7526908	6000000018323778378
Q75269089	6000000027911543191
Q75269110	6000000020759181003
Q75269116	6000000008630270006
Q75269122	6000000008630270029
Q75269124	6000000008630270037
Q75269135	6000000008630270088
Q75269138	6000000008630270104
Q75269145	6000000008630270134
Q75269148	6000000008630270142
Q7526915	6000000023389833047
Q75269163	6000000008630274202
Q7526917	6000000012412926846
Q75269174	6000000014511857381
Q75269177	6000000014511685394
Q75269187	6000000017148174363
Q7526919	6000000012413158077
Q75269194	6000000009944157951
Q75269196	6000000005599025810
Q75269198	6000000005599025750
Q7526923	6000000039210661141
Q75269289	6000000002188517146
Q7526929	6000000019054040157
Q75269292	6000000005598819697
Q75269301	6000000002447381511
Q7526931	6000000002831284755
Q75269321	6000000011993575720
Q75269325	6000000011993140199
Q75269332	6000000018887852686
Q75269339	6000000130208774095
Q75269349	6000000015726034280
Q7526935	6000000057280411888
Q75269350	6000000001877508749
Q7526936	6000000179609474879
Q75269371	6000000000437966045
Q7526939	6000000019318860245
Q7526941	6000000013053765165
Q75269419	6000000010987607113
Q75269428	6000000009912906253
Q75269434	6000000011819597926
Q75269443	6000000008064864481
Q75269445	6000000005479239030
Q75269449	6000000024545586322
Q75269455	6000000011599626457
Q7526946	6000000014076107056
Q75269465	6000000012644699269
Q7526952	6000000027126852435
Q75269525	6000000011828205134
Q75269526	6000000007406302453
Q75269528	6000000007406298632
Q75269529	6000000011829412325
Q75269530	6000000011828978624
Q75269535	6000000011828830627
Q75269536	6000000011829367561
Q75269537	6000000011829062589
Q7526954	6000000026741581403
Q75269555	6000000011828920829
Q75269565	6000000002115859567
Q75269569	6000000002115859773
Q7526957	6000000010303615353
Q75269571	6000000002115859669
Q75269576	6000000010008162245
Q75269597	6000000027805511793
Q75269604	6000000002188674411
Q75269606	6000000007184705214
Q7526961	6000000001060911756
Q75269612	6000000010240819093
Q75269619	6000000010240490849
Q7526962	6000000011195784548
Q75269620	6000000015605426024
Q75269628	6000000007277351168
Q75269631	6000000007277351163
Q75269634	6000000001877513052
Q75269639	6000000010683475875
Q7526964	6000000030689454288
Q75269643	6000000018550702243
Q75269646	6000000024833061919
Q75269651	6000000008630274311
Q75269655	6000000008630274328
Q75269657	6000000008630274336
Q75269658	6000000008630274361
Q75269659	6000000008630274368
Q75269668	6000000071675517830
Q75269670	6000000071674414086
Q7526969	6000000002831265409
Q75269694	6000000016675159386
Q7526970	6000000013224627051
Q75269706	6000000079487339712
Q75269713	6000000011372903378
Q75269722	6000000002188479139
Q75269724	6000000026909250603
Q75269725	6000000008326690315
Q75269729	6000000016909043689
Q75269736	6000000003891063269
Q75269737	6000000002188520787
Q7526975	6000000006904069026
Q75269755	6000000020787631858
Q75269756	6000000005437672584
Q75269761	6000000011303393054
Q75269761	6000000011529924652
Q75269768	6000000002116009637
Q75269776	6000000020249507441
Q75269788	6000000003241771801
Q75269802	6000000006444123052
Q75269803	6000000009878419201
Q75269803	6000000025792735993
Q75269812	6000000016672635611
Q75269815	6000000014823137246
Q75269819	6000000009666198829
Q75269822	6000000009562095478
Q7526983	6000000018278329712
Q75269830	6000000003910374536
Q75269834	6000000011520511462
Q75269841	6000000010056612551
Q75269846	6000000004326115536
Q75269856	6000000020027060880
Q75269871	6000000012477951157
Q75269879	6000000006903960120
Q75269881	6000000010370765399
Q75269884	328137211260007080
Q75269894	6000000010370511081
Q75269897	6000000000359866028
Q75269904	6000000019476853851
Q75269914	6000000017474885080
Q75269915	6000000009265430505
Q75269938	6000000010164614606
Q75269939	6000000011055626430
Q75269966	6000000003615716422
Q75269973	6000000005598942773
Q75269976	6000000000352370482
Q75270002	6000000083231779722
Q75270020	6000000097747359843
Q75270038	6000000015951060573
Q75270042	6000000014397897244
Q75270060	6000000014397840589
Q75270062	6000000014397871136
Q75270079	6000000012770344359
Q75270085	5286539764260115632
Q75270102	6000000018888766724
Q75270109	6000000027105516160
Q75270112	6000000014314901745
Q75270117	6000000021935786206
Q75270119	6000000021935797278
Q75270123	6000000162478497821
Q75270127	6000000022923656132
Q75270128	6000000022923040733
Q75270130	6000000014315378009
Q75270131	6000000011157628626
Q75270132	6000000035369232863
Q75270142	6000000014397213989
Q7527016	6000000024173366513
Q75270161	6000000003615716676
Q75270172	6000000065351343835
Q75270176	6000000003615716753
Q75270191	6000000005851491001
Q75270192	6000000003615716742
Q7527022	6000000019634027060
Q75270223	6000000032209929909
Q75270226	6000000032209937835
Q75270230	6000000036168017472
Q75270231	6000000036169169177
Q7527025	6000000068339388954
Q75270274	6000000015671913413
Q75270302	6000000009412080527
Q75270318	6000000050077287829
Q7527032	6000000019919698107
Q7527034	6000000032048504933
Q75270344	6000000000911442061
Q75270364	6000000019247860288
Q75270377	6000000037333531069
Q75270397	6000000016454349105
Q75270399	6000000012737592277
Q75270405	6000000017818452217
Q75270407	6000000012737635217
Q75270429	6000000004097377449
Q75270431	6000000008141406238
Q75270438	6000000002188604618
Q75270451	6000000003891009605
Q75270475	6000000015601757195
Q75270489	6000000029779216157
Q75270490	6000000024079571137
Q75270504	6000000001504274204
Q75270509	6000000003623742935
Q75270513	6000000003623760498
Q75270520	6000000003943265357
Q75270527	6000000001782883394
Q7527055	6000000011135703324
Q75270550	6000000014108822217
Q75270558	6000000037333114599
Q7527057	6000000010359179307
Q75270575	6000000014528822077
Q75270581	6000000009621616580
Q75270589	5295428051990030579
Q75270594	6000000013435800269
Q75270598	6000000003891421050
Q75270600	6000000003891421057
Q75270605	6000000003891421071
Q75270608	6000000018663443637
Q75270615	6000000003891421043
Q75270629	6000000010869007860
Q7527063	6000000016951966115
Q75270632	6000000010869175672
Q75270636	6000000030987518004
Q75270639	6000000017675128495
Q7527064	6000000000104837490
Q75270643	6000000010765289181
Q75270649	6000000009466924212
Q75270655	6000000010593649178
Q75270659	6000000002115997158
Q7527066	6000000055714282953
Q75270666	6000000011542992844
Q75270667	6000000002116027221
Q75270679	6000000003884905079
Q75270695	5546475993150063481
Q75270718	6000000042554149293
Q75270741	6000000008630274415
Q75270742	6000000008630274438
Q75270744	6000000008630274454
Q75270773	6000000014314397423
Q75270774	6000000053092977037
Q75270778	6000000015210463490
Q75270783	6000000020150521337
Q75270793	6000000010239553131
Q75270799	6000000008630274482
Q75270803	6000000030940838779
Q75270805	6000000008630274504
Q75270809	6000000008630274526
Q75270811	6000000010392071483
Q75270812	6000000010391237514
Q75270813	6000000002280953089
Q75270815	6000000023731482254
Q75270816	6000000002281059427
Q75270821	6000000011512293091
Q75270824	6000000008630274532
Q75270831	6000000006936428274
Q75270832	6000000006444174687
Q7527084	6000000006263794363
Q75270843	6000000015899290120
Q75270845	6000000003216080580
Q75270855	6000000009294220534
Q7527086	6000000020276467037
Q75270870	6000000008630274601
Q7527088	6000000011095338121
Q75270899	6000000006582454426
Q7527091	6000000024524728019
Q75270910	6000000020258912974
Q75270914	6000000020971221838
Q75270918	6000000013536589411
Q75270920	6000000003221246596
Q7527094	6000000048844782485
Q75270946	6000000023232047953
Q75270958	6000000001877524579
Q75270969	6000000034826425533
Q7527097	6000000001608981421
Q75270974	6000000008630274639
Q75270975	6000000008630274647
Q75270977	6000000020988994862
Q75270989	6000000008630274681
Q75270992	6000000008630274688
Q75270993	6000000005598819801
Q7527100	6000000000352508658
Q75271000	6000000006251211994
Q75271001	6000000075427896847
Q75271004	6000000002188517973
Q75271008	6000000008319676061
Q75271031	6000000000587647036
Q75271038	6000000002188542082
Q75271044	6000000009561972437
Q7527105	6000000009609090305
Q75271059	6000000037809077831
Q7527106	6000000104620191879
Q75271060	6000000000076315608
Q75271072	6000000005598962202
Q7527108	6000000013446106454
Q75271094	6000000016683555377
Q7527110	6000000033037548959
Q75271101	6000000011065107904
Q75271102	6000000011065708339
Q75271106	6000000016048620455
Q75271109	6000000016048465827
Q7527111	6000000015877335149
Q75271113	6000000114059553147
Q75271115	6000000012657939096
Q75271116	6000000008630274720
Q75271118	6000000041484657035
Q75271119	6000000058945524008
Q75271123	6000000029605913171
Q75271125	6000000015665477122
Q7527113	6000000013332764672
Q75271135	6000000003899313650
Q75271142	6000000021732800328
Q75271163	6000000004867680749
Q75271164	6000000004868237640
Q75271167	6000000006824404540
Q75271169	6000000010218705372
Q75271172	6000000166414962951
Q75271173	6000000014385419532
Q75271175	6000000002188508880
Q75271193	6000000047322916041
Q75271194	6000000015644547151
Q75271199	6000000015644481133
Q75271214	6000000009729155499
Q75271218	6000000013427156581
Q7527122	6000000013436755455
Q75271238	6000000017212027922
Q7527124	6000000019335974714
Q75271246	6000000003891009635
Q75271247	6000000023440908221
Q75271261	6000000006582343362
Q75271263	6000000006582698041
Q7527127	6000000046121449954
Q75271272	6000000016447109409
Q7527129	6000000006444526605
Q75271292	6000000008496999753
Q75271300	6000000002188542984
Q75271302	6000000026903114258
Q75271307	6000000004868937102
Q7527131	6000000023298879776
Q75271311	6000000004868944393
Q75271324	6000000005395278064
Q75271329	6000000011002998709
Q75271332	6000000008998495220
Q75271334	6000000001631798010
Q75271349	6000000001877509132
Q75271350	6000000002898158996
Q75271352	6000000034631709638
Q75271354	6000000001299356026
Q75271356	6000000007760091911
Q7527136	6000000011040514897
Q75271365	6000000014018537648
Q75271379	6000000015290361510
Q75271382	6000000055989601840
Q75271385	6000000013421766901
Q7527139	6000000022884420797
Q75271390	6000000002188489660
Q75271394	6000000009512429976
Q75271396	6000000019580722447
Q75271403	6000000019397489348
Q7527141	6000000028643451576
Q75271415	6000000008470741431
Q75271419	6000000008470516009
Q7527142	6000000024498877145
Q75271422	6000000016034069148
Q75271427	6000000011818497386
Q75271430	6000000011039487653
Q75271433	6000000004571410197
Q75271437	6000000011027489255
Q75271442	6000000054970152927
Q75271445	6000000011023709526
Q75271457	6000000009355292402
Q75271459	6000000022147596277
Q7527146	6000000013436695583
Q75271460	6000000004079831076
Q75271462	6000000015284490836
Q75271478	6000000002006036838
Q75271489	6000000019398617842
Q7527149	6000000013103018662
Q75271495	6000000006602664911
Q75271497	6000000006602628789
Q75271499	6000000007125765753
Q75271500	6000000010683262184
Q7527152	6000000016168217134
Q75271521	6000000011771935025
Q75271523	6000000011772100045
Q75271527	6000000018216820900
Q7527153	6000000002168978217
Q75271546	6000000002188517317
Q75271550	6000000007086552161
Q7527156	6000000017972795225
Q75271565	6000000002188477542
Q75271569	6000000013300191596
Q75271580	6000000064919447087
Q75271584	6000000002188508125
Q75271585	6000000011743891832
Q75271600	6000000010232961301
Q75271604	6000000006771010144
Q75271618	6000000022973587407
Q7527162	6000000016322595249
Q75271625	6000000009664369835
Q7527163	6000000014102242085
Q75271630	6000000009472227941
Q75271655	6000000084800715910
Q75271663	6000000010136259829
Q75271664	6000000019353928381
Q75271667	6000000019350078209
Q7527167	6000000036572343822
Q75271673	6000000009290728174
Q75271674	6000000007371056357
Q7527169	6000000025296460724
Q75271694	6000000007436176495
Q75271701	6000000024966676998
Q75271708	6000000019373201354
Q75271709	6000000052953756855
Q75271712	6000000052953836980
Q75271714	6000000014081360315
Q75271725	6000000019346491362
Q75271729	6000000028070599025
Q75271730	6000000031842623871
Q75271732	6000000019386024084
Q75271733	6000000019385784734
Q7527174	6000000022323392894
Q75271751	6000000002221159009
Q75271754	6000000005598803488
Q75271756	6000000002230309418
Q75271774	6000000005598803497
Q75271775	6000000002230211617
Q75271779	6000000016748244002
Q7527178	6000000052388120850
Q75271780	6000000007257460280
Q75271787	6000000005693555001
Q75271790	6000000005693699017
Q75271802	6000000051559719900
Q75271823	6000000006444211039
Q75271825	6000000023175271457
Q7527184	6000000013187891728
Q75271852	6000000030696934349
Q7527186	6000000014403912797
Q75271867	6000000014401146913
Q75271870	6000000008907727785
Q75271871	6000000014051582214
Q7527188	6000000019021230469
Q75271903	5410167475460027357
Q7527192	6000000028953036018
Q75271929	6000000055314504830
Q75271932	6000000024902333129
Q7527194	6000000042348405208
Q75271941	6000000087735950911
Q75271944	6000000010165053393
Q75271945	6000000008630274787
Q75271947	6000000011223589719
Q75271958	6000000033593556451
Q75271964	6000000008630274795
Q75271969	6000000010842522456
Q7527197	6000000018009579480
Q75271973	6000000010842692352
Q75271974	6000000009933869509
Q75271975	6000000007370730351
Q75271986	6000000002188475249
Q75271988	6000000033593686232
Q7527199	6000000013435899282
Q75271991	6000000011744447270
Q75271997	6000000013415505528
Q75272000	6000000002188502990
Q75272001	6000000016250508101
Q75272016	6000000001299365892
Q75272016	6000000031795914409
Q75272020	6000000005598755057
Q7527204	6000000036595974816
Q75272040	6000000007879200725
Q75272068	6000000003682987199
Q75272069	6000000003931255433
Q7527213	6000000027538262341
Q7527214	6000000015715269334
Q75272153	6000000011468250851
Q75272157	6000000010869297748
Q75272161	6000000002709554588
Q7527218	6000000016501832473
Q75272185	6000000005598819531
Q75272186	6000000005598801700
Q75272187	6000000002188529462
Q75272194	6000000014717644300
Q75272196	6000000010048506745
Q75272219	6000000006290219119
Q75272304	6000000009856975704
Q75272316	6000000011122634206
Q75272326	6000000012686379684
Q75272327	6000000014820678907
Q75272347	6000000005598819996
Q75272355	6000000024050986018
Q75272371	6000000007316489647
Q7527241	6000000003216071384
Q75272414	6000000005598801685
Q75272416	6000000005598791540
Q75272429	6000000050373412912
Q75272435	6000000008849417175
Q75272436	6000000019683819319
Q7527244	6000000038420564045
Q75272440	6000000025594871260
Q75272446	6000000003133448159
Q75272457	6000000016777260576
Q75272463	6000000003645818499
Q75272465	4622833893320071468
Q75272471	6000000023360227569
Q75272475	6000000023360301563
Q75272486	6000000001877540062
Q7527249	6000000025457902862
Q75272490	6000000010048380701
Q75272496	6000000026531542333
Q75272503	6000000016585366392
Q75272506	6000000015987964522
Q75272507	6000000010792424311
Q75272509	6000000010171137097
Q75272513	6000000010171668308
Q75272514	6000000010171728276
Q75272517	6000000010171279937
Q7527252	6000000019072202060
Q75272525	6000000012436616760
Q75272553	6000000001608870921
Q75272573	6000000023175167474
Q75272576	6000000016688905334
Q75272577	6000000016688511762
Q75272578	6000000007153116591
Q75272580	6000000023175355371
Q75272584	6000000023175069776
Q75272587	6000000005599014327
Q75272588	6000000056090398876
Q75272593	6000000012385597951
Q75272594	6000000012386345694
Q75272609	6000000009607150510
Q75272617	6000000005598815160
Q75272622	6000000009294740675
Q75272624	6000000005598958924
Q75272628	6000000027115045067
Q75272635	6000000017690044109
Q75272636	6000000011101084310
Q75272639	6000000017689961495
Q7527264	364406244920006864
Q75272653	6000000024544606281
Q75272654	6000000017658799222
Q75272655	6000000034617070089
Q75272663	6000000006101202828
Q75272666	6000000096988399003
Q75272668	6000000017375568348
Q75272669	6000000007184330304
Q75272673	6000000002264889434
Q75272676	6000000004570511802
Q7527268	6000000004394994102
Q75272682	6000000035967053833
Q75272683	6000000053799005865
Q7527270	6000000018429134496
Q75272700	6000000022220398422
Q75272705	6000000020705331480
Q75272706	6000000002831280615
Q7527271	6000000018429647051
Q75272713	6000000019337772063
Q75272718	6000000002188552833
Q75272723	6000000065011223833
Q75272724	6000000065009233001
Q75272740	6000000019335881457
Q75272742	6000000019336888364
Q75272743	6000000019336945226
Q75272744	6000000032210563932
Q75272746	6000000019335484212
Q75272774	6000000055597185857
Q75272777	6000000055596502990
Q75272778	6000000020234481399
Q75272784	6000000020234647853
Q7527281	6000000025510031330
Q75272814	6000000055812497830
Q75272816	6000000055812278902
Q75272826	6000000023806811014
Q7527284	6000000022976268068
Q7527285	6000000022974688402
Q75272851	6000000024551833358
Q75272862	6000000018678761511
Q75272865	6000000030027874726
Q75272867	6000000014528577731
Q7527287	6000000021986017067
Q75272871	6000000036118199666
Q75272886	6000000006444086901
Q75272893	6000000011123786295
Q75272894	6000000003234347010
Q75272911	6000000008541709746
Q75272914	6000000015724641928
Q7527292	6000000018791357830
Q75272928	6000000012479053566
Q75272929	6000000010030499265
Q75272932	6000000032192630978
Q75272933	6000000021732771988
Q75272935	6000000017967003960
Q75272948	6000000012645964093
Q75272951	6000000047233261832
Q75272957	6000000010030188306
Q75272958	6000000012686677540
Q7527296	6000000018791599076
Q75272965	5551972410400054637
Q75272968	6000000002831295314
Q75272970	6000000002831295325
Q75272973	6000000011129364437
Q7527299	6000000012401966079
Q75272991	6000000071296874089
Q75272992	6000000033248335530
Q75272997	6000000000352491250
Q75273	6000000024997177891
Q75273005	6000000044269776379
Q75273011	6000000000352491232
Q75273018	6000000013734383964
Q7527302	6000000018278504549
Q75273031	6000000023414497138
Q75273033	6000000023079924144
Q75273047	6000000011740589369
Q75273048	6000000002188524235
Q7527307	6000000002244468441
Q75273073	6000000002188502975
Q75273074	6000000022541744231
Q75273077	6000000022541558813
Q75273078	6000000030128044069
Q75273079	6000000022541745058
Q75273091	6000000014386085035
Q75273095	6000000007107491493
Q75273097	6000000013332620911
Q75273101	6000000009423368197
Q75273102	6000000007043853248
Q75273105	6000000012921629434
Q75273109	6000000015549999277
Q75273112	6000000035571009047
Q75273120	6000000011159281418
Q75273121	6000000009485601475
Q75273126	6000000027671006850
Q75273136	6000000014252438430
Q75273138	6000000019527150001
Q75273139	6000000004079820463
Q75273147	6000000014528573792
Q7527315	6000000019007426857
Q75273150	6000000002188510015
Q75273151	6000000026496682364
Q75273154	6000000026491101729
Q75273162	6000000016537065230
Q75273164	6000000016535500798
Q75273166	6000000021729395032
Q75273169	6000000002188510010
Q7527317	6000000002466504065
Q75273173	6000000108764465401
Q75273176	6000000055281730835
Q75273180	6000000029824936857
Q75273182	6000000029824944910
Q75273201	6000000010048644506
Q75273204	6000000019328970873
Q75273209	3973356159300025234
Q75273212	6000000026924017473
Q75273213	6000000026924245034
Q75273217	6000000009756520801
Q75273223	6000000029303364670
Q75273224	6000000028856712464
Q75273228	6000000028856745358
Q75273229	6000000178061961881
Q75273234	6000000025039156981
Q75273243	5555285832440026287
Q75273245	6000000007590861644
Q75273255	6000000014827073110
Q75273262	6000000014981350611
Q75273264	6000000024643718503
Q75273277	6000000120658666870
Q75273289	6000000008006719308
Q75273292	6000000008006733288
Q7527330	6000000002178179152
Q75273302	6000000013701173788
Q75273304	6000000013701577454
Q75273308	6000000028123544397
Q75273310	6000000013700942694
Q75273316	6000000001655704902
Q75273317	6000000011606302505
Q75273321	6000000009509382858
Q75273323	6000000019247694493
Q75273324	6000000048413344986
Q75273329	6000000026699842536
Q7527333	6000000001228849960
Q75273330	6000000026699987095
Q75273343	6000000009794502342
Q75273344	6000000009794380902
Q75273347	6000000001655704894
Q75273348	6000000004867853336
Q75273351	6000000071674272435
Q75273360	6000000006444229596
Q75273384	6000000011059531832
Q75273387	6000000096229186123
Q75273390	6000000072511524066
Q75273393	6000000024978239116
Q75273398	6000000024978000508
Q7527340	6000000009985205352
Q75273404	6000000026420544496
Q75273408	6000000012640927819
Q7527341	6000000011864068606
Q75273410	6000000012641015412
Q75273427	6000000036441339850
Q75273429	6000000017818479168
Q75273434	6000000026051699090
Q75273444	6000000026407893918
Q75273445	6000000021063523552
Q75273448	6000000026407814011
Q7527347	6000000009985365406
Q75273472	6000000023051184107
Q75273483	6000000002188536788
Q75273491	6000000016228986364
Q75273494	6000000052173346824
Q75273497	6000000006762848981
Q75273508	6000000001540946105
Q75273521	6000000014254938642
Q75273534	6000000014563170872
Q75273542	6000000034826698491
Q75273550	6000000002188475338
Q75273553	6000000005749774524
Q75273554	6000000002188383914
Q75273556	6000000042125236592
Q75273564	6000000002188385525
Q75273565	6000000005599120081
Q75273577	6000000009924276225
Q75273584	6000000009550555437
Q75273587	6000000002188542063
Q75273589	6000000017906687908
Q7527359	6000000037755546866
Q75273596	6000000017906923076
Q75273614	6000000013302109684
Q75273619	6000000017906498604
Q75273625	6000000011403960479
Q75273632	6000000024921195876
Q75273645	6000000080773574027
Q75273647	6000000026051821380
Q75273650	6000000001230736397
Q75273654	6000000025678882902
Q7527366	6000000010422177340
Q75273665	6000000008299757255
Q75273677	6000000004836934264
Q7527368	6000000004571326550
Q75273683	6000000017009624796
Q75273685	6000000002907032268
Q75273687	6000000028018943428
Q75273692	6000000046300156821
Q75273696	6000000014472665160
Q75273699	6000000055252560576
Q75273701	6000000031032690152
Q75273703	6000000055253775892
Q75273709	6000000002188529216
Q75273712	6000000019086868691
Q75273713	6000000012582882929
Q7527372	6000000012417581395
Q75273720	6000000011856046174
Q75273728	6000000030440733010
Q75273729	6000000025926501841
Q75273731	6000000015774316508
Q75273732	6000000005850981002
Q75273736	6000000018028031554
Q75273738	6000000011819374948
Q75273740	6000000002188508449
Q75273741	6000000002188508983
Q75273743	6000000013236071542
Q7527375	6000000017465029849
Q75273751	6000000013319349326
Q75273752	6000000013319315899
Q75273756	6000000010898018520
Q75273768	6000000008630797212
Q75273785	6000000011994014335
Q75273791	6000000075428224821
Q75273794	6000000073047673821
Q75273796	6000000017528102077
Q75273798	6000000205754170821
Q7527380	6000000002116191058
Q75273804	6000000012990422999
Q7527383	6000000018467697378
Q75273835	6000000008630274969
Q75273842	317938377770008855
Q7527385	6000000030655813233
Q75273874	6000000002979782761
Q75273878	6000000016473672670
Q75273884	6000000023751323050
Q75273887	6000000002188674155
Q75273889	6000000002188674170
Q75273891	6000000004868787550
Q75273892	6000000005599082071
Q75273894	6000000004012643003
Q75273895	6000000017508488887
Q75273900	6000000013115211348
Q75273904	6000000000352440464
Q75273914	6000000002188552105
Q7527392	6000000010541300858
Q75273921	6000000021836319712
Q75273922	6000000066457975940
Q75273939	6000000019831614029
Q7527394	6000000010541531062
Q75273942	6000000019831606121
Q75273944	6000000009914874157
Q75273950	6000000008299222043
Q75273957	6000000030758126509
Q75273959	6000000012403437234
Q7527396	6000000029606082832
Q75273984	6000000016756442908
Q75274005	6000000017338217640
Q7527401	6000000003572070186
Q75274011	6000000002005852344
Q75274015	6000000003391270973
Q75274037	3973320301390122652
Q75274038	6000000013389049854
Q7527404	6000000017255622671
Q75274045	6000000009914572160
Q75274046	6000000023742381948
Q75274047	6000000012092347436
Q75274053	6000000012092326167
Q75274055	6000000012092424698
Q75274062	6000000012092424704
Q75274064	6000000012092347430
Q75274066	6000000063437635925
Q75274070	6000000030092336672
Q75274072	6000000063438662825
Q75274076	6000000013607283945
Q75274079	6000000010048296604
Q75274082	6000000018150708793
Q75274086	6000000024128217829
Q75274087	6000000075969145999
Q75274093	6000000056762742025
Q75274104	6000000079562775994
Q75274130	6000000041659956497
Q75274139	6000000021591647863
Q7527414	6000000017429746266
Q75274151	6000000016211263377
Q75274160	6000000014799072929
Q75274164	6000000006127578658
Q75274166	6000000010889423393
Q7527417	6000000015864178527
Q75274170	6000000011658749379
Q75274184	6000000051521790910
Q75274185	6000000037651684252
Q75274202	6000000031202059357
Q75274208	6000000011592914448
Q75274218	6000000006602669030
Q75274220	6000000013607821594
Q75274225	6000000024746296780
Q75274228	6000000013608124411
Q75274230	6000000004079601502
Q75274231	6000000009965620327
Q75274231	6000000080750393188
Q75274232	6000000034348855086
Q75274235	6000000010212286189
Q75274239	6000000013608563107
Q75274241	6000000013607558724
Q75274244	6000000034350179778
Q75274246	6000000011990061805
Q75274251	6000000013111790979
Q75274254	6000000009915050048
Q75274266	6000000017898429445
Q7527427	6000000019164576489
Q75274285	6000000006444768072
Q75274287	6000000006567136732
Q7527429	6000000013374564060
Q75274291	6000000026426389611
Q75274293	6000000001370363222
Q75274295	6000000006444762321
Q75274297	6000000001370239516
Q75274304	6000000004079757728
Q75274309	6000000002188670181
Q75274326	6000000003087125114
Q75274327	6000000008428884406
Q7527433	6000000018565965841
Q75274339	6000000025130484390
Q7527435	6000000054448225829
Q75274362	6000000009979969621
Q75274375	6000000000049838446
Q75274379	6000000023746712874
Q7527438	6000000026002876236
Q75274383	6000000030952212210
Q75274388	6000000010431096804
Q75274392	6000000010307288070
Q75274402	6000000007304626064
Q75274403	6000000007304626070
Q75274413	6000000016699346242
Q75274414	6000000013538716833
Q75274419	6000000007287927070
Q7527442	6000000009996186136
Q75274423	6000000008630274989
Q75274440	6000000025926019876
Q75274445	6000000024206343558
Q7527445	6000000012803017663
Q75274469	4817785801290034512
Q75274470	4828269165160053251
Q75274476	4838285050110020541
Q7527448	6000000014216957003
Q75274486	4817535035060034560
Q7527449	6000000015652691495
Q75274491	6000000010855681214
Q75274495	4910742584620135782
Q75274499	6000000009850905571
Q7527450	6000000037492111224
Q75274501	5209697503680023571
Q75274508	6000000025431638132
Q75274515	6000000011111367321
Q75274517	6000000011111367117
Q75274518	6000000011111380310
Q75274521	6000000026050558081
Q75274522	6000000016863024773
Q75274529	6000000008705568035
Q75274536	6000000001877470647
Q75274540	6000000001877522991
Q75274544	6000000006927525606
Q7527455	6000000020126970248
Q75274552	6000000008630701667
Q75274558	6000000004109178753
Q75274563	6000000006602669205
Q75274566	6000000029029264650
Q7527457	6000000031283524873
Q75274570	6000000014425361847
Q75274571	6000000000151560679
Q75274578	6000000024478895718
Q75274585	6000000001722243557
Q7527459	6000000022101888710
Q75274592	6000000010030641200
Q75274598	6000000016998706359
Q75274599	6000000014424918454
Q75274600	6000000031323077010
Q75274604	6000000049098676136
Q75274605	6000000032533735016
Q75274609	6000000016998708117
Q75274611	6000000016998682114
Q75274615	6000000016998721123
Q75274623	6000000008630275026
Q7527464	6000000024635466042
Q75274642	6000000007635017806
Q75274643	6000000002188551458
Q75274646	6000000008630275034
Q75274649	6000000002175937113
Q75274665	6000000008630275041
Q75274668	6000000008630275048
Q75274674	6000000007635182988
Q75274679	6000000014742113218
Q75274697	6000000014200622567
Q75274704	6000000043355506949
Q75274706	6000000002188508494
Q75274708	6000000009569314486
Q75274712	6000000009569046944
Q75274715	6000000024248682251
Q75274729	6000000019331575139
Q75274730	6000000015823115343
Q75274733	6000000015822880970
Q75274734	6000000019476884512
Q75274736	6000000014216948219
Q75274737	6000000019476651429
Q75274739	6000000103405784919
Q75274742	6000000019476822609
Q75274765	5147161573370023781
Q75274771	6000000015592343050
Q75274772	6000000015592516036
Q7527478	6000000000644073698
Q75274787	6000000001590825158
Q75274793	6000000017853617369
Q7527480	6000000014018907079
Q75274804	6000000017093082626
Q75274805	6000000017094074040
Q7527481	6000000031625870175
Q75274811	6000000001608773986
Q75274823	6000000013330866708
Q75274824	6000000010135594895
Q75274827	6000000005599087534
Q75274831	6000000177049518824
Q75274832	6000000017854050607
Q75274839	6000000017854343226
Q7527484	6000000029518158084
Q7527485	6000000021437594126
Q75274857	6000000009887208277
Q7527487	6000000001319680176
Q75274912	6000000028525786940
Q75274916	6000000006452157010
Q75274918	6000000011336224667
Q75274919	6000000018294587227
Q75274923	6000000006451593587
Q75274929	6000000011336261278
Q75274930	6000000011335944006
Q75274933	6000000006451538796
Q75274935	6000000006451495739
Q75274938	6000000006446922014
Q75274939	6000000011743796588
Q75274940	6000000006455511002
Q7527495	4915627314020073575
Q75274954	6000000026885483249
Q75274965	6000000008630275127
Q75274968	6000000007125950211
Q75274970	6000000020269116081
Q75274971	6000000026353495234
Q75274977	6000000005599052640
Q75274978	6000000010683439997
Q75274980	6000000007125948202
Q75274982	6000000010683472689
Q75274988	6000000020514860082
Q75274991	6000000020514966957
Q75274994	6000000011117542746
Q75274996	6000000010810956229
Q75274999	6000000027035972882
Q75275	6000000019718729503
Q7527500	6000000032071309132
Q75275003	6000000027806208676
Q75275010	6000000003697183002
Q7527502	6000000023680558926
Q75275023	6000000024641815774
Q75275024	6000000024642426982
Q75275027	6000000007107556265
Q75275029	6000000024641826511
Q7527503	6000000088185325961
Q75275030	6000000013398198845
Q75275032	6000000024617255096
Q75275037	6000000008630275147
Q75275039	6000000011117871251
Q75275040	6000000011117726680
Q75275045	6000000011117786699
Q75275065	6000000072257709959
Q75275066	6000000072257379019
Q75275069	6000000017854399847
Q7527507	6000000031283672908
Q75275072	6000000006829043244
Q75275075	6000000007695564270
Q75275076	6000000002979964510
Q75275077	6000000006829023190
Q7527508	6000000026020387961
Q75275080	6000000016654552731
Q75275117	6000000025584973702
Q75275120	6000000019266890684
Q75275169	6000000007723284266
Q75275173	6000000013954049280
Q75275181	6000000017854566555
Q75275188	6000000000889353747
Q75275190	6000000002188536155
Q75275206	6000000010627576449
Q75275222	6000000018841098160
Q75275224	6000000019086993674
Q75275227	6000000005598767611
Q75275230	6000000005598803715
Q75275232	6000000015264589291
Q75275233	6000000005598904542
Q75275237	6000000006583116062
Q75275241	6000000040678465977
Q75275244	6000000029861832538
Q75275245	6000000011361602446
Q75275274	6000000002115859994
Q75275277	6000000017663044771
Q75275279	6000000002115864076
Q75275283	6000000016621481042
Q75275288	6000000002181935374
Q75275292	6000000009934625343
Q75275293	6000000001471825485
Q75275295	6000000001471725960
Q75275296	6000000004867747203
Q75275312	6000000055583466519
Q75275316	6000000015549900289
Q75275318	6000000058023785458
Q75275320	6000000058024038272
Q75275321	6000000015299044516
Q75275323	6000000058024313902
Q75275327	6000000007745976543
Q7527534	6000000002116204159
Q7527535	6000000076826835827
Q75275373	6000000017132225618
Q75275376	6000000017130769177
Q75275380	6000000017130758062
Q75275381	6000000017130746624
Q75275400	6000000002188529921
Q75275404	6000000011773771546
Q75275416	6000000011773391079
Q75275423	6000000011771877875
Q75275428	6000000103346641922
Q75275430	6000000010712759703
Q75275432	6000000011134945051
Q75275434	6000000013299172283
Q75275442	6000000067881256001
Q75275445	6000000067880326852
Q75275447	6000000011823221286
Q75275449	6000000045271073294
Q7527545	6000000018791172886
Q75275450	6000000011668859991
Q7527546	6000000006582609026
Q75275460	6000000016055267405
Q75275472	6000000009649437628
Q7527548	6000000067512504821
Q75275482	6000000029984373695
Q75275484	6000000029984893918
Q7527549	6000000014660391802
Q75275495	6000000009754230969
Q7527552	6000000004883441101
Q7527557	6000000019216198473
Q75275589	6000000083149179505
Q7527560	6000000011802606441
Q75275608	6000000083150017915
Q7527561	6000000010228973521
Q75275619	6000000051944906969
Q7527562	6000000017468993882
Q75275622	6000000051904979180
Q75275626	6000000111189241950
Q75275628	6000000039824841187
Q7527563	6000000009267932108
Q75275634	6000000111189185972
Q7527564	6000000009267690936
Q75275648	6000000002188526070
Q7527565	6000000034206397725
Q75275658	6000000012771225009
Q7527566	6000000011095053919
Q7527568	6000000027538775363
Q75275680	4695316993100022230
Q75275686	6000000008123272219
Q75275709	6000000016689045245
Q7527571	6000000031004005019
Q75275719	6000000013482655458
Q75275729	6000000000436521742
Q7527573	6000000014886111583
Q75275735	6000000024167346928
Q75275754	6000000014211395092
Q75275756	6000000014211118356
Q7527576	6000000014559422558
Q75275762	6000000000076315819
Q75275764	6000000000076316091
Q75275775	6000000011852145502
Q75275777	6000000011852192465
Q7527578	6000000010810267048
Q75275785	6000000011852369711
Q75275801	6000000036239935380
Q75275802	6000000030905987995
Q75275817	6000000019290624561
Q75275820	6000000071328690847
Q75275828	6000000055721057846
Q75275829	6000000055714643122
Q75275834	6000000018689802563
Q75275839	6000000011361189884
Q75275846	6000000083150097859
Q75275847	6000000011361476708
Q75275849	6000000011361764272
Q7527585	6000000050558655021
Q75275866	6000000011361268009
Q75275873	6000000056523030855
Q75275878	6000000011341350456
Q75275879	6000000056522607225
Q7527588	6000000027498101683
Q75275881	6000000056522990910
Q7527589	6000000027498069664
Q75275892	6000000016951647784
Q75275896	6000000019290899903
Q7527591	6000000000076297426
Q75275927	6000000017572001408
Q7527593	6000000021946749452
Q75275932	6000000056431920504
Q75275936	6000000010042534427
Q75275938	6000000016585000678
Q75275939	6000000007403464270
Q7527594	6000000029303184450
Q75275942	6000000007402935870
Q75275946	6000000013809627957
Q7527595	6000000007606047265
Q75275957	6000000033407905594
Q75275959	6000000030949563097
Q75275967	6000000063430103330
Q75275969	6000000063430361274
Q7527597	6000000026271363644
Q75275987	6000000011852301417
Q75275989	6000000011852214387
Q7527599	6000000011399386548
Q75275993	6000000011852242671
Q75275994	6000000011852225102
Q75275997	6000000011852262009
Q75275999	6000000011852214426
Q75276003	6000000031278275888
Q75276006	6000000031277853735
Q75276007	6000000030949601115
Q7527601	6000000002831265116
Q75276012	6000000031278558015
Q75276015	6000000050566595015
Q75276018	6000000031278515157
Q75276025	6000000031278421244
Q75276036	6000000011851377192
Q75276041	6000000011852354439
Q75276043	6000000030949613833
Q75276045	6000000051849354851
Q75276048	6000000030949626824
Q75276057	6000000080841299389
Q75276068	6000000034642094174
Q75276068	6000000079783706013
Q7527607	6000000014880302966
Q75276078	303113594420005652
Q75276078	6000000002188095479
Q75276105	6000000018791357824
Q7527611	6000000000900426978
Q75276110	6000000001958969539
Q75276113	6000000018797298177
Q75276117	6000000006582585058
Q75276143	6000000030949955356
Q75276145	6000000003687359988
Q75276152	6000000001299332111
Q7527617	6000000036894747164
Q75276189	6000000009944554548
Q7527619	6000000036894860008
Q75276192	6000000009944519712
Q75276197	6000000006583214035
Q7527620	6000000007429116522
Q75276202	6000000010910240596
Q75276209	6000000013507326689
Q75276216	6000000011204788752
Q75276221	6000000011205006333
Q75276228	6000000003935573765
Q75276229	6000000003935577618
Q75276231	6000000003935661683
Q75276241	6000000009327732167
Q75276259	6000000011648802968
Q7527627	6000000010869361449
Q75276277	6000000031278165612
Q75276280	6000000030949672684
Q75276281	6000000030949806267
Q75276284	6000000036239938358
Q75276289	6000000057057147891
Q7527629	6000000001488474957
Q75276298	6000000035955326978
Q75276302	6000000006605772270
Q75276304	6000000069713035173
Q75276308	6000000069709713376
Q7527631	6000000018622539352
Q75276314	6000000069713561611
Q7527633	6000000023179687002
Q75276384	6000000031057558279
Q75276390	6000000031057720861
Q75276415	6000000030949232570
Q75276418	6000000030948961551
Q75276447	6000000011541004608
Q7527645	6000000050553072213
Q75276456	6000000005739942146
Q75276461	6000000014024185646
Q7527647	6000000019833512015
Q75276473	6000000013250473166
Q75276479	6000000015859881291
Q7527648	6000000026452899267
Q75276508	6000000027521638493
Q75276509	6000000027521641270
Q75276511	6000000080841755194
Q75276516	6000000039062885312
Q75276518	6000000050501655289
Q75276533	6000000031277983448
Q7527655	6000000019216365374
Q7527663	6000000003249602213
Q75276639	6000000036238322695
Q75276665	6000000015698336062
Q75276683	6000000030949217348
Q75276689	6000000030949426005
Q7527670	6000000004172539543
Q75276714	6000000035956406160
Q75276715	6000000035956904112
Q7527672	6000000004172606518
Q75276728	6000000052080038894
Q75276736	6000000030905075152
Q75276737	6000000052082647019
Q75276743	6000000030904849553
Q75276759	6000000013019856549
Q75276761	6000000007463793082
Q75276763	6000000050501870232
Q75276765	6000000029961918581
Q75276768	6000000038677273396
Q75276779	6000000007263615237
Q75276782	6000000001877495084
Q75276787	6000000002898234525
Q75276801	6000000024617080489
Q75276824	6000000014271566022
Q7527684	6000000017257968362
Q7527688	6000000042555039173
Q75276883	6000000012658904055
Q75276905	6000000019200290538
Q75276912	6000000001608767616
Q75276914	6000000001608790811
Q75276919	6000000001368695712
Q75276926	6000000011613998028
Q75276930	6000000013340289022
Q75276934	6000000001608968055
Q75276952	6000000002898241140
Q7527696	6000000008915939607
Q75276968	6000000023786068574
Q7527698	6000000018161334121
Q75276984	6000000052005157894
Q75276988	6000000030552985925
Q75276989	6000000024617081876
Q75276994	6000000002898241134
Q75276995	6000000004079705755
Q7527700	6000000012477944101
Q75277004	6000000004079705708
Q75277012	6000000018284262112
Q75277014	6000000018283619633
Q75277017	6000000050558968056
Q75277028	6000000040518851222
Q75277030	6000000040519149866
Q75277032	6000000031082146984
Q75277041	6000000031081898361
Q75277051	6000000031082349971
Q75277053	6000000031082457937
Q75277063	6000000042598310759
Q75277064	6000000031082451982
Q75277066	6000000052157875217
Q75277069	6000000052158633843
Q7527707	6000000017809666824
Q75277072	6000000013536912690
Q75277076	5605430096940102399
Q75277082	6000000008033983923
Q75277086	6000000007989263250
Q7527709	6000000009729109109
Q75277095	5605430114180102305
Q75277097	6000000015298867621
Q7527710	6000000009729109155
Q75277109	6000000000081356493
Q75277123	6000000029266416005
Q75277134	6000000027838306767
Q75277172	5598682576800074283
Q75277174	5604338466850059040
Q75277188	6000000015550022128
Q75277189	6000000014327327167
Q7527720	6000000019167346606
Q7527722	6000000019167115489
Q75277231	6000000014327162805
Q7527724	6000000024508481534
Q75277240	6000000007989402213
Q75277246	6000000007989344301
Q75277253	6000000007989413204
Q75277254	6000000007988786178
Q75277256	6000000007989000169
Q75277261	6000000007989371304
Q75277266	6000000007989275448
Q7527730	6000000025926192578
Q75277305	6000000022251733658
Q75277312	6000000022257159041
Q7527732	6000000022628833047
Q75277366	6000000032275267142
Q75277372	6000000001720544902
Q75277384	6000000003216076833
Q75277385	6000000014866918050
Q75277394	6000000044179135172
Q75277397	6000000015550019163
Q7527740	6000000001512473033
Q75277401	6000000028200870882
Q75277408	6000000052941661886
Q75277409	6000000052941706839
Q7527742	6000000009894441684
Q75277425	6000000013806081721
Q75277426	6000000045388189895
Q75277455	6000000011456841044
Q75277459	6000000021894189048
Q7527746	6000000026157531464
Q75277461	6000000022135396783
Q75277466	6000000021894371821
Q75277484	6000000013504710594
Q75277485	6000000034764725860
Q75277487	6000000034764256986
Q75277490	6000000005599062111
Q75277504	6000000002898237863
Q75277511	6000000002898241004
Q75277514	6000000012709182231
Q75277516	6000000003505151711
Q75277522	6000000075609694245
Q75277525	6000000025487639460
Q75277527	6000000025487941457
Q75277530	6000000025487992613
Q75277531	6000000024318570565
Q75277536	6000000013261887726
Q75277644	6000000095419265830
Q7527766	6000000008773262369
Q75277686	6000000095419711905
Q75277693	6000000009466458831
Q75277694	6000000009466601491
Q75277696	6000000056857750434
Q75277699	6000000026552253871
Q75277702	6000000056861253893
Q75277703	6000000056860760133
Q75277707	6000000056861312978
Q75277713	6000000056861563878
Q75277715	6000000056861646833
Q75277719	6000000056852244980
Q75277724	6000000056854093846
Q7527773	6000000023165761198
Q75277733	6000000044208464990
Q75277734	6000000024330306836
Q75277736	6000000005437672642
Q75277739	6000000018001376886
Q75277740	6000000002116194393
Q75277744	6000000006582446505
Q75277755	6000000015774307522
Q75277761	6000000053360334091
Q75277768	6000000007090139228
Q75277773	6000000011132201013
Q75277802	6000000042578120059
Q75277806	6000000053359574223
Q75277852	6000000011457132406
Q75277857	6000000022135370769
Q75277866	6000000163851110898
Q75277871	6000000022135688993
Q75277873	6000000022135369703
Q75277874	6000000022232875193
Q75277876	6000000090707642155
Q75277877	6000000090708231867
Q75277898	6000000034764007903
Q75277900	6000000041453789108
Q7527791	6000000027146095918
Q75277919	6000000052823961073
Q75277937	6000000083771399851
Q75277939	6000000083771128060
Q75277941	6000000015549754577
Q7527795	6000000009206150707
Q75277957	6000000008836488403
Q75277965	6000000008945812609
Q7527797	6000000040991038194
Q7527798	6000000020382128023
Q75277989	6000000003891869234
Q75277998	6000000007297232758
Q75278005	6000000012403089575
Q75278014	6000000002617069818
Q75278017	6000000011427318607
Q7527803	6000000005598958227
Q75278031	6000000006101202774
Q75278044	6000000009223605415
Q75278065	6000000010758550623
Q75278076	6000000031280212320
Q75278107	5088564025250026168
Q75278109	5553639181390037737
Q75278134	6000000014742051001
Q75278135	6000000014742604141
Q7527814	6000000016453010209
Q7527815	6000000018429706477
Q7527817	6000000029401753751
Q7527822	6000000000352545036
Q75278222	6000000012370337237
Q75278226	6000000017450936394
Q7527823	6000000036311817564
Q75278253	6000000026500298131
Q75278258	6000000026501037988
Q7527827	6000000026200154925
Q75278270	6000000051512470936
Q75278275	6000000052049647605
Q75278280	6000000002188510030
Q75278288	6000000057164092838
Q7527829	6000000013604010334
Q75278292	6000000052050179289
Q75278314	6000000052050737904
Q75278334	6000000051512612846
Q75278335	6000000052047236279
Q75278338	6000000051512310128
Q75278339	6000000052048428961
Q75278340	6000000051512330085
Q75278342	6000000022945095409
Q75278346	6000000026496839608
Q75278353	6000000052047862128
Q75278372	6000000008631003846
Q75278378	6000000019164923417
Q75278379	6000000012370062328
Q75278392	6000000008630277245
Q75278396	6000000003485826627
Q7527840	6000000024106107326
Q75278406	6000000008630277301
Q7527841	6000000025821727363
Q75278446	6000000068070458883
Q75278457	6000000005739816355
Q75278524	6000000044622576855
Q75278527	6000000023729258545
Q75278529	6000000044622552903
Q7527853	6000000017248233988
Q75278540	6000000007080391174
Q75278555	6000000050810732273
Q75278556	6000000078411794013
Q75278566	6000000003216152142
Q75278573	6000000001877495674
Q7527858	6000000004027385379
Q75278582	6000000039186506101
Q75278583	6000000008630277377
Q75278584	6000000002115859656
Q75278587	6000000024545484466
Q75278594	6000000025056386861
Q75278603	6000000033314265234
Q75278604	6000000019990707086
Q7527861	6000000025453596962
Q7527865	6000000026177778436
Q75278714	6000000005688033009
Q75278716	6000000000629578476
Q75278720	6000000015530370157
Q75278722	6000000015530171408
Q75278729	6000000017164049419
Q75278735	6000000013487413828
Q75278743	6000000002188551344
Q75278744	6000000053254624935
Q75278751	6000000027150821956
Q75278757	6000000002116194103
Q7527876	6000000002116172967
Q75278761	6000000013196229289
Q75278766	6000000007961053563
Q75278776	6000000008043951916
Q75278778	6000000008044098380
Q75278783	6000000008043965885
Q75278792	6000000007988581907
Q75278794	6000000007988724707
Q75278795	6000000007988724749
Q75278797	6000000007988948207
Q75278798	6000000007988941608
Q7527880	6000000017872078689
Q75278800	6000000007988891532
Q75278803	6000000027163278077
Q75278804	6000000027156929680
Q75278817	5555450666630037045
Q75278819	6000000000076316626
Q75278821	6000000009325697997
Q75278827	6000000022295142304
Q75278843	6000000008044676571
Q7527886	6000000020458369823
Q75278866	6000000008044007953
Q75278868	6000000008044291389
Q75278869	6000000110054702154
Q7527887	6000000052153379859
Q75278870	6000000008044077591
Q75278872	6000000008044310286
Q75278876	6000000008043959031
Q75278877	6000000008044652274
Q7527888	6000000011260584785
Q75278887	6000000024954817174
Q75278897	6000000007845745369
Q75278903	6000000011157021765
Q75278906	6000000011157227413
Q75278910	6000000055927367887
Q7527892	6000000041713087139
Q75278925	6000000004867682876
Q75278928	6000000052067258017
Q75278932	6000000027143991084
Q7527894	6000000044457370006
Q75278944	6000000027142640321
Q7527895	6000000018157859573
Q75278954	6000000027142647419
Q75278959	6000000027157227000
Q7527897	6000000020575411951
Q75278973	6000000027156694655
Q75278979	6000000013574840542
Q75278982	6000000027156997626
Q75278983	6000000027156952813
Q75278987	6000000027157252210
Q75278988	6000000027157264987
Q7527899	6000000008630250099
Q7527900	6000000033853181878
Q7527902	6000000022101627150
Q7527904	6000000028468528244
Q75279055	6000000024430004863
Q75279063	6000000021558734597
Q75279067	6000000001877534961
Q75279069	6000000001877534968
Q7527907	6000000002503389149
Q75279074	6000000021559292958
Q75279076	6000000021559190182
Q75279077	6000000057052571866
Q7527910	6000000028762013002
Q75279116	6000000082664934666
Q75279122	6000000069164723845
Q75279145	6000000011301759079
Q75279147	6000000011302247668
Q7527915	6000000026373783138
Q75279157	6000000011744235130
Q75279165	6000000007015442359
Q75279176	6000000004867686126
Q75279179	6000000004868237982
Q7527919	6000000012386105656
Q7527920	6000000012722686966
Q75279209	6000000017468167397
Q7527921	6000000019072994267
Q75279219	6000000038589822276
Q75279224	6000000009273922925
Q7527923	6000000023011345366
Q75279231	6000000003216125381
Q75279238	6000000015562504737
Q75279241	6000000006928950241
Q75279283	6000000039062363639
Q75279286	6000000013158228283
Q75279322	6000000009076464906
Q75279325	6000000032310909886
Q75279328	6000000001877487294
Q75279338	6000000014225080489
Q75279339	6000000014225098129
Q75279362	6000000054488694994
Q75279363	6000000054488706007
Q75279370	6000000066935504228
Q75279371	6000000035028045397
Q75279373	6000000035028022371
Q75279381	6000000050358304052
Q75279391	6000000007153415285
Q75279408	6000000010359812778
Q75279409	6000000004867296327
Q7527941	6000000007775730395
Q75279430	6000000023442329404
Q75279432	6000000029824447515
Q75279435	6000000034581451588
Q75279438	6000000053074687400
Q75279442	6000000010146037233
Q75279442	6000000177726179827
Q7527945	6000000011148573777
Q7527946	6000000008630275154
Q75279483	6000000013613237920
Q75279484	6000000041956281580
Q75279487	6000000032209272123
Q75279499	6000000015511625304
Q75279501	6000000026275872491
Q75279503	6000000008946114308
Q75279507	6000000157612951822
Q75279508	6000000013224900359
Q75279512	6000000036544250492
Q75279529	6000000019384146270
Q7527953	6000000083823343659
Q75279531	6000000110728974855
Q75279534	6000000013299137461
Q75279553	6000000004868944888
Q75279554	6000000049122337830
Q75279562	6000000004868937109
Q75279570	6000000034336423945
Q75279574	6000000016511406575
Q75279580	6000000014692480777
Q75279584	6000000022220510183
Q75279586	6000000022220397693
Q75279589	6000000022220613047
Q75279596	6000000022220186510
Q75279615	6000000034223851906
Q75279620	6000000080811993902
Q75279624	6000000001877519942
Q7527964	6000000023796541991
Q75279666	6000000080541818148
Q75279667	6000000080542300824
Q75279668	6000000055560398851
Q7527967	6000000024696023768
Q75279680	6000000055560401855
Q75279681	6000000076346029844
Q75279682	6000000076345833941
Q75279684	6000000055560406870
Q75279685	6000000076346098912
Q75279693	6000000055560381837
Q75279694	6000000076307193928
Q75279695	6000000076344536890
Q75279696	6000000076346195835
Q75279720	6000000055559923049
Q75279722	6000000045514643846
Q75279750	6000000055560154946
Q7527976	6000000018576399771
Q7527977	6000000014818945891
Q75279772	6000000080541902157
Q75279780	6000000002188542967
Q75279782	6000000119235952851
Q75279786	6000000015133613201
Q7527979	6000000029924359738
Q75279791	6000000026825079824
Q75279792	6000000015133532526
Q75279813	6000000008570801919
Q75279815	6000000034786428106
Q75279816	6000000016601823062
Q75279820	6000000022453120232
Q75279824	6000000013535455696
Q75279831	6000000006437283534
Q75279835	6000000006297193211
Q75279837	6000000036168181502
Q75279839	6000000006437344624
Q75279840	6000000038919622604
Q75279842	6000000006437325688
Q75279848	6000000034814603975
Q7527985	6000000021437814852
Q75279850	6000000173187924237
Q75279851	6000000034814368175
Q75279853	6000000034814493062
Q75279855	6000000013043489576
Q75279897	6000000121223640865
Q75279898	6000000121223640883
Q75279899	6000000121223640874
Q75279902	6000000121223640847
Q7527991	6000000002115996468
Q7527992	6000000013776909545
Q75279922	6000000015701909383
Q75279926	6000000031916172109
Q75279938	6000000173186504403
Q75279946	6000000013538678610
Q7527998	6000000014478618495
Q75280	6000000174978267954
Q75280013	6000000005688092008
Q75280041	6000000016294463711
Q75280050	6000000078843146400
Q75280052	6000000073282562837
Q75280054	6000000002188524447
Q75280057	6000000002188510757
Q75280060	3964816050360039650
Q75280068	6000000090403532863
Q75280072	6000000054425041972
Q75280081	6000000009675236517
Q75280082	6000000009675324424
Q75280085	6000000009675381444
Q75280093	6000000015024099999
Q75280094	6000000019997551631
Q75280100	6000000019997914121
Q75280103	6000000019997858336
Q75280104	6000000038544705215
Q75280106	6000000016294232409
Q75280107	6000000019997427585
Q75280111	6000000019969503400
Q75280125	6000000059533257914
Q75280131	6000000004547697788
Q75280133	6000000071420611117
Q75280134	6000000037998239787
Q75280138	6000000009514284078
Q75280149	6000000017252421381
Q7528015	6000000011016545395
Q75280151	6000000180793225841
Q75280171	6000000012646886220
Q75280172	6000000012646868271
Q75280177	6000000022263662478
Q75280179	6000000036768756024
Q7528019	6000000018623185016
Q75280190	6000000003903631243
Q75280197	6000000015265305314
Q7528021	6000000009729120764
Q75280214	6000000010094464151
Q75280216	6000000014423627095
Q7528022	6000000022217799263
Q75280220	3458757
Q75280222	6000000026121409604
Q75280223	6000000026121131940
Q75280226	6000000026118426655
Q75280227	6000000026118280679
Q75280228	6000000026118525921
Q7528023	6000000019992423696
Q75280230	6000000010206425772
Q75280231	6000000026186728428
Q75280234	6000000010104223001
Q75280249	6000000017252328699
Q75280250	6000000017252382846
Q75280255	6000000035606078865
Q75280258	6000000012675634693
Q75280264	6000000066534286821
Q7528027	6000000012208753232
Q75280279	6000000071420508337
Q7528028	6000000012208428201
Q75280280	6000000071440033145
Q75280282	6000000071454589821
Q75280297	6000000019975009551
Q7528030	6000000012261837978
Q75280303	6000000003216142074
Q7528032	6000000006582685977
Q75280331	6000000059533450900
Q75280337	6000000025985187992
Q75280343	6000000082810893814
Q75280346	6000000097602738002
Q7528035	6000000024323842005
Q75280357	6000000005739713174
Q75280382	6000000006444144854
Q75280390	6000000025985124437
Q75280401	6000000054489724231
Q75280403	6000000091790761248
Q75280411	6000000011131903055
Q75280418	6000000011132054148
Q75280419	6000000011133838727
Q75280430	6000000011131137068
Q75280433	6000000002263874525
Q7528044	6000000000076308351
Q75280446	6000000044976183885
Q75280451	6000000052614145188
Q75280454	6000000026374634152
Q75280459	6000000026406980755
Q75280461	6000000032781801568
Q75280462	6000000032781928473
Q75280466	6000000010032711737
Q75280471	6000000012662347312
Q75280475	6000000040678407984
Q75280482	6000000075584227911
Q75280490	6000000030888268331
Q75280491	6000000014425335524
Q75280493	6000000014425277386
Q75280514	6000000013953663922
Q7528054	6000000015438761748
Q7528055	6000000003051199465
Q7528058	6000000019766132056
Q75280581	6000000020386905305
Q75280584	6000000051510039914
Q75280585	6000000002188530000
Q75280597	6000000002188536016
Q75280601	6000000051510108837
Q75280603	6000000002188536026
Q75280605	6000000032185622949
Q75280607	6000000051510103859
Q75280608	6000000032185458099
Q75280625	6000000003216080562
Q7528063	6000000019619806132
Q75280632	6000000014803709825
Q75280632	6000000018194083058
Q7528064	6000000006156680804
Q75280648	6000000019507048742
Q75280667	6000000015562156805
Q75280670	6000000016679595283
Q75280671	6000000030441264109
Q75280672	6000000030442142857
Q75280689	6000000022204757572
Q75280697	6000000022204560190
Q75280697	6000000025891598759
Q75280699	6000000022205218955
Q75280699	6000000025891810126
Q7528071	6000000021946852860
Q75280710	6000000014803952723
Q75280724	6000000014804146132
Q7528073	6000000028070123747
Q75280737	6000000016546316996
Q75280738	6000000066937927830
Q75280740	6000000016548084011
Q75280742	6000000055364189153
Q75280745	6000000014024572103
Q75280752	6000000051513368029
Q75280754	6000000009675197501
Q75280762	6000000010034852546
Q75280768	6000000019507202125
Q75280769	6000000019506698932
Q75280771	6000000026954917621
Q75280773	6000000078807349535
Q75280775	6000000016249811430
Q75280788	6000000020389269002
Q7528079	6000000035696130121
Q75280798	6000000013497925185
Q75280801	6000000013497859798
Q7528081	5284922071670027200
Q7528082	6000000006444092162
Q75280827	6000000014048933111
Q75280828	6000000020389898226
Q7528083	6000000023369346899
Q75280831	6000000024557789643
Q75280841	6000000013498152019
Q75280855	6000000020389939803
Q75280892	6000000006351106497
Q75280896	6000000048049722860
Q75280898	6000000066527704821
Q7528091	6000000025018451961
Q75280913	6000000050230333933
Q75280914	5166587485500085534
Q75280915	6000000002115961399
Q75280924	6000000001299365316
Q7528094	6000000026174050001
Q75280954	6000000002115864285
Q75280956	6000000026791409387
Q75280962	6000000081593823709
Q75280964	6000000002115961381
Q75280972	6000000081594893905
Q75280981	6000000050245534093
Q7528101	6000000004235362196
Q75281013	6000000024249385822
Q75281021	6000000001299384731
Q75281034	6000000011477929680
Q75281038	6000000066528221821
Q7528104	6000000025703679025
Q75281042	6000000066528213825
Q75281044	6000000066527939846
Q75281055	6000000050251821007
Q75281056	6000000017667684483
Q75281082	6000000033318419358
Q75281083	6000000002115872770
Q75281083	6000000017671887441
Q75281086	6000000002115872762
Q75281091	6000000002115872754
Q75281096	6000000017663139067
Q75281102	6000000017672523142
Q75281116	6000000017663054841
Q75281136	6000000023080920444
Q75281148	6000000013053269816
Q7528115	6000000009677800168
Q75281153	6000000002115864347
Q75281156	6000000080705418111
Q75281182	6000000026013409105
Q7528119	6000000002499727862
Q75281215	6000000002414105060
Q75281217	6000000051522768843
Q7528122	6000000017769758248
Q75281225	6000000010805474692
Q75281230	6000000056455504822
Q75281248	6000000007468062250
Q75281249	6000000007467935477
Q75281258	6000000052387753836
Q75281266	6000000010218914060
Q75281269	6000000052387641861
Q7528127	6000000011118187813
Q75281271	6000000006415853498
Q75281272	6000000006164853310
Q75281273	6000000052387931824
Q75281284	6000000052387814858
Q75281291	6000000024330310932
Q75281293	6000000026056319831
Q75281294	6000000026069922886
Q75281300	6000000052387899830
Q75281309	6000000026055672723
Q75281316	6000000002188495925
Q75281319	6000000002188495890
Q75281320	6000000002188495898
Q75281322	6000000002188495915
Q75281329	6000000009675148026
Q75281330	6000000072074329836
Q75281333	6000000027466599081
Q75281336	6000000075294667840
Q75281348	6000000006578467318
Q75281352	6000000015668648439
Q75281354	6000000015668492279
Q75281357	6000000015668559399
Q7528136	6000000018432109035
Q75281360	6000000015904334593
Q75281363	6000000002188529562
Q75281369	6000000076243253875
Q7528137	6000000018637457702
Q75281376	6000000070739917998
Q75281394	6000000027917009928
Q75281403	6000000013331321437
Q75281404	6000000013331161890
Q75281408	3964775305750078775
Q75281462	6000000002188524722
Q75281464	6000000002188524716
Q75281467	6000000002188524669
Q75281470	6000000002188524698
Q75281471	6000000023353427899
Q75281472	6000000023353340155
Q75281474	6000000023353443858
Q75281477	6000000002188524710
Q75281478	6000000002188524629
Q7528148	6000000056519353945
Q75281480	6000000004868960303
Q75281481	6000000002188524663
Q75281484	6000000012414759314
Q75281487	6000000002188524734
Q75281499	6000000002188524728
Q75281501	6000000027379886948
Q75281502	6000000027379807123
Q75281505	6000000056447745824
Q7528154	6000000020624753862
Q75281547	6000000009571989563
Q75281550	6000000003681560512
Q75281559	6000000027379872973
Q7528156	6000000029492154878
Q75281560	6000000027379989112
Q75281570	6000000027380487935
Q75281571	6000000027380082534
Q75281578	6000000029984414403
Q7528158	6000000013428018733
Q75281585	6000000029984283750
Q75281595	6000000001877470660
Q75281596	6000000026406079780
Q75281599	6000000027377303958
Q7528160	6000000002183054316
Q75281600	6000000027376976694
Q75281610	6000000027377426876
Q75281611	6000000027377479064
Q75281615	6000000027379879261
Q75281617	6000000019512324112
Q7528162	6000000029880038125
Q75281622	6000000052388105907
Q75281624	6000000052388516821
Q75281627	6000000028028309290
Q75281628	6000000029606817438
Q75281631	6000000025376541674
Q75281633	6000000025376755065
Q75281641	6000000052387642879
Q75281644	6000000052388241841
Q75281645	6000000052388272833
Q75281647	6000000029417023959
Q75281648	6000000029417146902
Q7528165	6000000022628831475
Q75281654	6000000052388089821
Q75281657	6000000056455287887
Q75281658	6000000080703802205
Q75281664	6000000013723911336
Q75281665	6000000025129659247
Q75281677	6000000103788484824
Q75281687	6000000025129513293
Q75281688	6000000025129407389
Q75281695	6000000033136367601
Q75281701	6000000020449851565
Q75281709	6000000016467135792
Q75281715	6000000017278359201
Q7528172	6000000019303696168
Q75281726	6000000017900503799
Q75281728	6000000017278264229
Q75281732	6000000017278327233
Q75281735	6000000017901042180
Q75281739	6000000017899224980
Q75281744	6000000017901250317
Q75281747	6000000017901471053
Q75281749	6000000007105529113
Q75281759	6000000017674492903
Q75281760	6000000017676274771
Q75281767	6000000017674832715
Q75281771	6000000017676306177
Q75281774	6000000066474203890
Q75281777	6000000042754432884
Q75281799	6000000030029676925
Q7528180	6000000004571326421
Q75281804	6000000030178802588
Q75281821	6000000038664589970
Q7528183	6000000185022107832
Q75281850	6000000053655516983
Q75281855	6000000009154589763
Q7528186	6000000017875620066
Q75281863	6000000024351758733
Q75281883	6000000025963502239
Q75281885	6000000044210226922
Q75281886	6000000025966663104
Q75281887	6000000025957821077
Q75281889	6000000025957664693
Q75281890	6000000025957370472
Q75281892	6000000025957188647
Q75281896	6000000025964712839
Q75281910	6000000025967517289
Q75281915	6000000025965459370
Q75281920	6000000019410896742
Q75281922	6000000019411074427
Q75281923	6000000034266741513
Q75281925	6000000042578069257
Q75281926	6000000011274047452
Q75281930	6000000016911107675
Q75281931	6000000022701629058
Q7528194	6000000001755280237
Q75281940	6000000051519070892
Q75281947	6000000030552992060
Q7528195	6000000001755259182
Q75281958	6000000010686599626
Q75281962	6000000011117733909
Q75281965	6000000032404276144
Q75281966	6000000032404436047
Q75281973	6000000012640760204
Q75281983	6000000017134191501
Q75281988	6000000010062616120
Q75281992	6000000003891421035
Q75281995	6000000015354008224
Q75281996	6000000059404208843
Q75281997	6000000059404255826
Q75281997	6000000059404456824
Q75282	6000000130600002961
Q75282011	6000000015045903663
Q75282015	6000000047702090202
Q7528202	6000000023746501934
Q75282053	6000000001843182974
Q75282062	6000000014529857276
Q75282064	6000000026465389097
Q75282065	6000000039076763216
Q75282072	6000000030618684864
Q75282074	6000000030618680906
Q75282075	6000000013158266299
Q75282079	6000000009606923176
Q75282082	6000000002265112497
Q75282086	6000000017790101286
Q75282089	6000000003681560494
Q75282092	6000000077605757237
Q75282098	6000000053430526832
Q75282100	6000000053185329821
Q75282104	5433032437330027500
Q75282111	5430111226630032894
Q75282116	5433725930700101556
Q75282121	6000000021546325229
Q75282122	6000000021546385116
Q75282138	6000000009878516208
Q75282139	6000000002518585235
Q75282153	6000000015187783242
Q75282155	6000000015187871156
Q75282156	6000000015187500717
Q75282157	5321963336250073166
Q7528217	6000000064693445336
Q75282197	6000000045208209266
Q75282202	6000000026130314155
Q75282206	6000000045111281838
Q75282215	6000000070158167988
Q75282219	6000000045237921077
Q75282223	6000000045238187011
Q75282225	6000000108026818821
Q75282234	6000000011544709255
Q75282243	6000000005598958950
Q75282245	6000000011544019856
Q75282246	6000000005598992170
Q75282249	6000000078594079068
Q75282252	6000000025491312050
Q75282253	6000000019657949160
Q75282262	6000000009949772076
Q75282263	6000000069905011613
Q75282266	6000000009950226626
Q75282270	6000000010321591392
Q75282272	6000000010297123881
Q75282273	6000000009911634216
Q75282275	6000000009836664644
Q75282276	6000000004883218059
Q75282278	6000000009027899504
Q75282279	6000000009027907530
Q7528228	6000000012390206540
Q75282284	6000000009909419955
Q7528231	6000000003479511414
Q75282334	6000000036218544086
Q75282337	6000000053254319874
Q75282341	6000000044208473643
Q75282343	6000000044209492293
Q75282352	6000000017402760611
Q75282359	6000000053186519821
Q75282360	6000000053186332963
Q75282367	5447397143520079137
Q75282369	6000000022879610796
Q75282374	5430051438450059678
Q7528238	6000000040510529424
Q75282397	6000000002115911354
Q75282400	6000000037141825821
Q75282407	5433277391190100376
Q75282412	5433222407700060703
Q75282418	6000000036040889406
Q75282427	6000000009950236281
Q75282430	6000000111756996159
Q75282438	5441224887570020615
Q75282439	6000000013526179041
Q75282445	6000000013526756190
Q75282451	5447819887600020052
Q75282478	6000000040628344475
Q75282480	6000000040627760369
Q75282487	6000000077621398675
Q75282488	6000000077622047396
Q75282492	6000000077622360637
Q75282493	6000000077622420154
Q75282495	6000000077622458207
Q75282501	6000000009950145564
Q75282512	6000000011538648354
Q75282518	6000000005598932310
Q75282520	6000000005681663024
Q75282536	6000000014657234175
Q75282537	6000000019754020245
Q75282545	6000000019753919264
Q75282546	6000000019752461712
Q75282550	6000000018891587942
Q75282555	6000000017870119885
Q75282558	6000000014657078502
Q75282574	6000000000452674713
Q75282575	6000000000452601456
Q75282578	3962539
Q7528258	6000000017665508690
Q75282580	6000000014273578980
Q75282584	6000000040838828314
Q75282587	4070796755560031410
Q75282588	4070813784720034266
Q75282592	6000000075428148926
Q75282597	6000000011830264758
Q75282603	6000000014273408855
Q75282605	6000000011830673528
Q75282606	6000000014273435673
Q75282610	6000000040838700702
Q75282614	6000000040839653846
Q75282616	6000000009412635645
Q75282618	6000000009412810997
Q75282629	6000000006925311099
Q75282634	6000000006925311095
Q75282636	6000000014907236592
Q75282638	6000000014906710615
Q75282639	6000000002188524116
Q75282641	6000000012509260158
Q75282643	6000000012539344366
Q75282666	4070702667720071185
Q75282674	6000000041055530369
Q75282682	6000000020389600875
Q75282690	6000000020389727941
Q75282720	6000000002188524098
Q75282724	6000000016850017793
Q7528273	6000000016491272464
Q75282731	6000000016850488391
Q75282732	6000000002188524104
Q75282735	6000000016850518524
Q75282740	6000000002188524110
Q75282744	6000000088960483836
Q75282745	6000000071662178053
Q7528276	6000000013329117713
Q75282794	6000000013014112767
Q75282808	6000000027378282906
Q75282810	6000000048761685081
Q7528282	6000000005750431027
Q75282830	6000000020375172622
Q75282831	6000000017039432154
Q75282833	6000000017039832213
Q75282834	6000000011156735198
Q75282848	6000000066937291012
Q75282851	6000000011156742069
Q75282854	6000000027809459922
Q75282860	6000000004079807046
Q75282861	6000000007090470239
Q75282863	6000000017909143979
Q75282875	6000000005598770847
Q75282878	6000000011156831619
Q75282880	6000000017038745184
Q75282882	6000000011156736166
Q75282886	6000000123676730924
Q75282894	6000000011155647839
Q75282895	6000000014038128721
Q75282899	6000000011156696304
Q75282919	6000000017040550295
Q75282920	6000000005599087688
Q75282937	6000000005598942537
Q75282938	6000000031895943857
Q7528294	6000000019177438423
Q75282943	6000000037017535099
Q75282944	6000000017040051521
Q75282946	6000000017038352919
Q75282950	6000000185903721821
Q75282952	6000000185903578823
Q75282953	6000000013434388056
Q75282955	6000000013435139825
Q75282963	6000000017040385065
Q75282964	6000000017040181151
Q75282969	6000000017039523897
Q75282971	6000000017039400674
Q75282972	6000000054513369079
Q75282979	6000000066937181927
Q75282981	6000000014760668406
Q75282984	6000000066938849905
Q75282988	6000000003370157714
Q7528299	6000000067860056921
Q75282990	6000000005599028854
Q75282992	6000000071743833182
Q75282994	6000000071743931009
Q7528302	6000000024318335468
Q75283024	6000000011589006739
Q75283029	6000000011589018754
Q75283034	6000000051551913992
Q7528304	6000000001814842444
Q75283041	6000000051552320845
Q75283043	6000000051552334838
Q75283045	6000000008630277384
Q75283047	6000000008630277391
Q75283048	6000000008630277398
Q75283050	6000000008630277405
Q75283051	6000000071744120000
Q75283052	6000000071744192994
Q75283064	6000000009708430328
Q75283065	6000000009708406616
Q75283068	6000000021064573230
Q75283078	6000000005599217521
Q75283079	6000000003370223247
Q75283089	6000000026621710800
Q75283092	6000000026621835628
Q75283093	6000000026622128600
Q75283095	6000000026622393196
Q75283098	6000000017213820236
Q75283099	6000000051561231037
Q75283103	6000000051561005198
Q75283105	6000000052939247821
Q75283110	6000000017213457757
Q75283114	6000000032782267967
Q75283117	6000000026406593339
Q75283118	6000000038037461927
Q75283119	6000000038036857219
Q7528313	6000000039440639942
Q75283138	6000000015303044276
Q7528314	6000000009466264872
Q7528316	6000000019736587344
Q7528317	6000000014893344814
Q7528319	6000000017427694573
Q75283191	6000000006581072140
Q75283196	6000000048925831027
Q75283198	6000000048926274882
Q75283206	6000000009397847893
Q75283209	6000000079655123009
Q75283211	6000000008044189515
Q75283218	6000000079655239945
Q75283225	3729106
Q75283226	6000000030596752433
Q7528323	6000000001456540999
Q7528324	6000000010868245001
Q75283242	6000000056606404201
Q75283243	357592
Q7528325	6000000003216104701
Q75283260	356634
Q75283261	356636
Q75283265	6000000013700105540
Q75283268	2284047
Q75283269	2284057
Q75283272	6000000027608541165
Q75283281	6000000013539009365
Q75283285	6000000027873147478
Q75283292	6000000016473725208
Q75283306	6000000025986682009
Q75283307	6000000025987003955
Q75283321	6000000013538206450
Q75283325	6000000011769858442
Q75283331	6000000026233627143
Q75283334	6000000011173859563
Q7528334	6000000007467695252
Q75283342	6000000017154840868
Q75283348	6000000027186695668
Q75283349	6000000015817317266
Q75283351	6000000001381383823
Q75283352	6000000024450702759
Q75283354	6000000001381790019
Q75283357	6000000015816705680
Q7528336	6000000028139541296
Q75283363	3729339
Q75283364	6000000004868787611
Q75283376	6000000001381765821
Q75283387	6000000037124260759
Q75283390	6000000037200272231
Q75283394	3729303
Q75283398	6000000014218262509
Q75283401	6000000024616746930
Q7528341	6000000001608770569
Q75283424	6000000050960159357
Q75283427	6000000082152409935
Q75283432	6000000001877522215
Q75283435	6000000002907032418
Q75283446	6000000014270462632
Q75283450	6000000011336610154
Q75283458	357371
Q75283466	6000000002115924177
Q75283476	6000000011336076100
Q75283485	6000000014325168246
Q75283503	6000000013755202257
Q75283505	6000000007649335338
Q7528351	6000000041047696226
Q75283526	6000000024240649951
Q75283528	6000000024240678224
Q75283535	6000000024240555366
Q75283539	6000000007617511150
Q7528354	6000000030394649600
Q75283540	6000000007618058393
Q75283542	6000000007727668100
Q75283547	358989
Q75283549	359366
Q7528355	6000000002188502845
Q75283550	6000000019331664678
Q75283555	3752336
Q75283558	6000000002115918616
Q75283561	6000000019332287084
Q75283565	6000000020365943773
Q75283572	6000000009950263825
Q7528358	6000000020543196845
Q75283600	6000000019744711104
Q75283602	6000000019742517878
Q75283604	3752512
Q75283606	3752552
Q7528362	6000000079360414737
Q75283632	6000000001131432700
Q75283633	6000000001131371144
Q75283635	6000000001131368208
Q7528364	6000000000174669720
Q75283646	6000000015665392200
Q75283648	6000000015665443020
Q7528365	6000000011123631463
Q75283673	184503
Q75283675	5604869569500128518
Q75283690	372352
Q75283691	6000000026667497575
Q75283698	912582
Q75283701	6000000002188514747
Q75283703	912664
Q75283706	6000000038990651401
Q75283708	913135
Q75283710	6000000026545688076
Q75283713	6000000002188514742
Q75283738	2283551
Q7528376	6000000004868221782
Q75283766	6000000002188524176
Q75283773	6000000015064993294
Q75283774	6000000015065172138
Q75283784	6000000015064704796
Q75283785	6000000002188524241
Q75283811	6000000010882435756
Q75283812	6000000010881946678
Q75283816	6000000008630277421
Q75283819	6000000006581042340
Q7528382	6000000022513270974
Q75283837	6000000026356169984
Q75283838	6000000026355926546
Q75283851	6000000043274184090
Q75283858	6000000041816957300
Q7528386	6000000011549995397
Q75283890	6000000004079740051
Q75283911	6000000040967808620
Q75283922	6000000002898218623
Q75283929	6000000010386522660
Q75283935	6000000004079625563
Q75283938	6000000048755656827
Q75283946	6000000004079625584
Q75283947	6000000037200716907
Q75283950	6000000037698682115
Q75283951	6000000037200520051
Q75283953	6000000037697637782
Q75283957	6000000037697974413
Q75283958	6000000037200204483
Q7528396	6000000014657197412
Q75283963	6000000037124082743
Q75283967	6000000016916620419
Q75283968	6000000053248492834
Q75283970	6000000030508098890
Q75283972	6000000030507987609
Q75283974	6000000003221255556
Q75283975	6000000002188489307
Q75283981	6000000004079625527
Q75283982	6000000002898169110
Q75283989	6000000004079625539
Q7528399	6000000075595839875
Q75284028	6000000079542848844
Q75284030	6000000016800343129
Q75284032	6000000016799697936
Q75284034	6000000033997319441
Q75284035	6000000057051981885
Q75284037	6000000031533718950
Q75284038	6000000019507056575
Q75284039	6000000019507304052
Q75284042	6000000019507078629
Q75284043	6000000020398000941
Q7528405	6000000016756762141
Q7528406	6000000019367180716
Q75284076	6000000015396023974
Q7528408	6000000019370928980
Q7528409	6000000019349893145
Q75284091	6000000019144873542
Q75284095	6000000016547584267
Q7528410	6000000013218476248
Q75284104	6000000063246333867
Q75284105	6000000079103513143
Q7528411	6000000042837650148
Q75284120	6000000051808376852
Q75284121	6000000013521651195
Q75284130	6000000013521792022
Q75284146	6000000006593083513
Q7528415	6000000017507780902
Q75284150	6000000017610861281
Q75284152	6000000017518249071
Q7528416	6000000017508316862
Q7528418	6000000007333065529
Q75284200	6000000025608597788
Q75284210	6000000015421871150
Q75284213	6000000039961884305
Q75284219	6000000017913074735
Q75284222	6000000006720849970
Q75284228	6000000006721330029
Q75284231	6000000080067691837
Q7528424	6000000015209002669
Q75284242	6000000008325654630
Q75284243	6000000019287603524
Q75284245	6000000002188495635
Q75284246	6000000008325020031
Q75284251	6000000011529724846
Q75284257	6000000002898163466
Q75284272	6000000011530003279
Q75284276	6000000010031764561
Q75284277	6000000023486983020
Q75284284	6000000023486288416
Q75284286	6000000007394389375
Q75284297	6000000010874736289
Q7528430	6000000002115890870
Q75284306	6000000003045036718
Q75284307	6000000003045036234
Q75284329	6000000026408825059
Q75284330	6000000026408951062
Q75284332	6000000026408718016
Q75284337	6000000025678593483
Q75284349	6000000004079625029
Q75284350	6000000002188520188
Q75284354	6000000075871027962
Q75284357	6000000075871277880
Q75284359	6000000012464535910
Q75284362	6000000010003068670
Q75284366	6000000018423476949
Q75284367	6000000012661127744
Q75284389	6000000012661507516
Q7528439	6000000022170846136
Q75284391	6000000097696494074
Q75284397	6000000026427329625
Q75284398	6000000055558542844
Q75284402	6000000010002255993
Q75284405	6000000027589960817
Q75284408	5070641792290039637
Q75284411	6000000006990301106
Q75284423	6000000027590003483
Q75284443	6000000011529760151
Q75284449	6000000006592017735
Q75284451	6000000006592395050
Q75284467	6000000006593559436
Q75284471	6000000006595123115
Q75284472	6000000006595123130
Q75284478	6000000025624210323
Q75284479	6000000177146344822
Q75284481	6000000077585106998
Q75284483	6000000077585249876
Q75284491	6000000021836403721
Q75284495	5555428569370037540
Q75284497	6000000013734949048
Q75284499	6000000013734905185
Q75284502	5555457844620136348
Q75284505	5555422679870064570
Q75284507	6000000025624557904
Q75284512	6000000013032327787
Q75284529	6000000025624095308
Q75284546	6000000010360096618
Q75284550	6000000012782810561
Q75284556	6000000080343120990
Q75284569	6000000064584921869
Q75284574	6000000064583471744
Q7528459	6000000034644341265
Q75284605	6000000078486870339
Q7528461	6000000017573747018
Q75284625	6000000002831280545
Q75284629	6000000002831280555
Q75284630	6000000060195330045
Q75284637	6000000002831280561
Q75284639	6000000060196065954
Q75284652	6000000002831280794
Q75284654	6000000002831280799
Q75284658	6000000002831280756
Q75284659	6000000000076319917
Q75284665	6000000002831280433
Q75284669	6000000002831284364
Q75284692	6000000031694793346
Q75284698	6000000009671171939
Q75284701	6000000015796518015
Q75284705	6000000026010710112
Q75284706	6000000020372880273
Q75284707	6000000031698063313
Q75284708	6000000031697756738
Q75284709	6000000028065101323
Q75284726	6000000023311955066
Q75284727	6000000023311983039
Q75284731	6000000023311781439
Q75284734	6000000014994973290
Q75284737	6000000054484094958
Q7528474	6000000019216108971
Q75284741	6000000036946074140
Q75284744	6000000023311863311
Q75284746	6000000053798610882
Q7528475	4702078393640024193
Q75284758	6000000053798771863
Q75284763	6000000050448690873
Q75284789	6000000026010039519
Q75284791	6000000053799772204
Q75284797	6000000009671921501
Q75284800	6000000050200098077
Q75284801	6000000020372873926
Q75284804	6000000025022953450
Q75284809	6000000015796410055
Q75284811	6000000042716662895
Q7528482	6000000015089731871
Q75284843	6000000031699572899
Q75284860	6000000006295751337
Q75284866	6000000042716600998
Q75284868	6000000042716382227
Q7528487	6000000010899585833
Q75284889	6000000042715946812
Q75284891	6000000042715934635
Q7528491	6000000030499622191
Q75284940	6000000014043925653
Q7528495	6000000002499814804
Q75284963	6000000015796579250
Q75284966	6000000007090460201
Q75284968	6000000002188479092
Q7528499	6000000002765241422
Q75285000	6000000013546899261
Q75285009	6000000017125642341
Q75285015	6000000015478344086
Q75285023	6000000015478246410
Q75285024	6000000053221763913
Q75285039	6000000015478294676
Q75285046	6000000015478284496
Q75285048	6000000080201821835
Q75285052	6000000015478065655
Q75285060	6000000015478327069
Q75285064	6000000015478077545
Q75285065	6000000015477910843
Q75285067	6000000031694543713
Q7528507	6000000012999800319
Q75285082	6000000015731590120
Q7528509	6000000019222109808
Q75285119	6000000069696586826
Q75285120	6000000050170474099
Q75285128	6000000027191058930
Q75285130	6000000011164295891
Q75285137	6000000005598776337
Q75285154	6000000013007648352
Q7528516	6000000018637471630
Q75285163	6000000044454336303
Q75285170	6000000071692401205
Q75285183	6000000026209494558
Q75285184	6000000025488472474
Q75285197	6000000015987834232
Q75285200	6000000002603661953
Q75285201	6000000012657962729
Q75285208	6000000011302942208
Q75285211	6000000013486496088
Q75285216	4821311779650035049
Q75285220	6000000012657997339
Q75285227	6000000017616479553
Q75285233	6000000006185138003
Q75285254	6000000007501203532
Q75285256	6000000002188385765
Q75285258	6000000017805630337
Q75285281	6000000028338610473
Q75285287	6000000022946289837
Q7528529	6000000039219261264
Q75285301	6000000040068741602
Q75285305	6000000010187147314
Q75285306	6000000007777259553
Q75285307	6000000010187013455
Q75285326	6000000012528752079
Q75285327	6000000034997483172
Q75285328	6000000012228090003
Q75285330	6000000013013176006
Q75285333	6000000002236640678
Q75285338	6000000005598831110
Q7528534	6000000015819730441
Q75285343	6000000000628851744
Q75285346	6000000014472919191
Q75285349	6000000063425108827
Q7528535	6000000030444809026
Q75285353	6000000002499378602
Q7528537	6000000047961207834
Q75285375	6000000010303597545
Q75285384	6000000002499765266
Q75285393	6000000010306628397
Q75285394	6000000010306696317
Q75285396	6000000010306327599
Q75285397	6000000010305176599
Q75285400	6000000010305593492
Q75285408	6000000010306261867
Q75285413	6000000010307190526
Q75285415	6000000017515828058
Q75285418	6000000010253232658
Q75285421	6000000001588783595
Q75285436	6000000017195796839
Q75285440	6000000016578973186
Q75285469	6000000013650864430
Q75285485	6000000018648376474
Q75285487	6000000015420566841
Q75285490	6000000018648309241
Q75285492	6000000046913182832
Q7528550	6000000023247498865
Q75285516	6000000014726713225
Q7528552	6000000026423717090
Q75285522	6000000011261242340
Q75285525	6000000014219951325
Q75285530	6000000050551338611
Q75285555	6000000076954963310
Q75285561	6000000015651556656
Q75285565	6000000020559286102
Q75285569	6000000023459023251
Q75285572	6000000031079547619
Q75285573	6000000021847721217
Q75285575	6000000063289984821
Q75285579	6000000020811461719
Q75285584	6000000021597657231
Q75285587	6000000016578386461
Q75285591	6000000000814473787
Q75285602	6000000025818801291
Q75285614	6000000003891404145
Q75285615	6000000003891063589
Q75285633	6000000017196363031
Q75285645	6000000013329240533
Q75285648	6000000013329301425
Q75285665	6000000003892076812
Q75285666	6000000015410279311
Q75285668	6000000002764921736
Q7528567	6000000014521956270
Q75285671	6000000004867878576
Q75285677	6000000004868558012
Q7528569	6000000021595768071
Q75285722	6000000184646836002
Q75285726	6000000112282310114
Q7528573	6000000002831265354
Q75285731	6000000007419785402
Q75285733	6000000016998658205
Q75285734	6000000016998769204
Q75285738	6000000014713481081
Q75285739	6000000013648871120
Q7528574	6000000002831265359
Q75285742	6000000031079312802
Q75285744	6000000010976565232
Q75285749	6000000054489961936
Q7528576	6000000015157224603
Q75285763	6000000010374730389
Q75285765	6000000002115859716
Q75285770	6000000017050821227
Q75285776	5692351289430062420
Q75285778	6000000096295915838
Q75285781	6000000000857012796
Q75285789	6000000000857064357
Q75285800	6000000013503988489
Q75285801	6000000013504068719
Q75285806	6000000013504209264
Q7528581	6000000025650680996
Q75285834	6000000037737109925
Q75285836	6000000043438457400
Q75285840	6000000024286619824
Q75285843	6000000026621800487
Q75285844	6000000026622343331
Q75285847	6000000022501496760
Q75285854	6000000002499686582
Q7528586	6000000009342794101
Q75285867	6000000026453230517
Q75285869	6000000008299709492
Q75285879	6000000009600667056
Q75285880	6000000008044679654
Q7528590	6000000030473289385
Q75285902	6000000002188551464
Q75285905	6000000002188551452
Q75285907	6000000014272527968
Q75285908	6000000025594881208
Q75285911	6000000025594995219
Q75285913	6000000006924734375
Q75285915	6000000014272183090
Q75285917	6000000012582817699
Q75285923	6000000014269409258
Q75285924	6000000025985165181
Q7528593	6000000009782305740
Q75285930	6000000014270252865
Q75285938	6000000008630277463
Q75285941	6000000033410303365
Q75285942	6000000033360694448
Q75285945	6000000014386563551
Q7528595	6000000021826556624
Q75285973	6000000002115920050
Q75285980	6000000006252257129
Q75285981	6000000031079406416
Q75285983	6000000000841476567
Q75285994	6000000003045101370
Q75285998	6000000013428032308
Q75286005	6000000011157327674
Q75286008	6000000006883319295
Q75286010	6000000003265933084
Q75286011	6000000003265784299
Q75286014	6000000032268959998
Q75286028	6000000005936432327
Q75286042	6000000007394003644
Q75286044	6000000007393722083
Q75286053	6000000056451712848
Q75286055	6000000003265752637
Q7528606	6000000006444541947
Q75286092	6000000053253720245
Q75286106	6000000010205569018
Q75286108	6000000094731557821
Q75286109	6000000010207257982
Q75286112	6000000026186348056
Q75286117	6000000033409082870
Q7528612	6000000002955851726
Q75286127	6000000011206692061
Q75286129	6000000076541572833
Q75286131	6000000050459497833
Q75286135	6000000050459445880
Q75286137	6000000037378546070
Q75286144	6000000081073647842
Q75286152	6000000011173592820
Q75286164	6000000011173966789
Q75286165	6000000010104233392
Q7528617	6000000011274875434
Q75286183	6000000023516475329
Q75286209	6000000014443535102
Q75286214	6000000014443408381
Q75286228	6000000013302125051
Q75286231	6000000050961597978
Q75286239	6000000008630277482
Q75286255	6000000010450838757
Q75286258	6000000051519037834
Q75286267	6000000007393658704
Q75286273	6000000008630277526
Q75286286	6000000013518385224
Q7528632	6000000011686325740
Q75286323	6000000020564037475
Q7528634	6000000035076184995
Q75286346	6000000015959899738
Q7528635	6000000015321103101
Q75286362	6000000010697706933
Q7528637	6000000017499486128
Q75286372	6000000007069368157
Q75286387	6000000038589732365
Q75286388	6000000031672687975
Q75286390	6000000011101167265
Q75286391	6000000011100645089
Q75286395	6000000011100738733
Q7528640	6000000023391277016
Q75286414	6000000045387647841
Q75286415	6000000015221747720
Q75286433	6000000013352790465
Q75286438	6000000004883051671
Q75286448	6000000004883206022
Q75286449	6000000004883103278
Q7528646	6000000007259718232
Q75286464	6000000003249574102
Q75286467	6000000003249613423
Q75286488	6000000029151670216
Q7528649	6000000005784376021
Q75286513	6000000000628858722
Q75286555	6000000009543976604
Q75286556	6000000009543921161
Q75286559	6000000095378660824
Q7528656	6000000029851216489
Q75286560	6000000009544227961
Q75286567	6000000074502092832
Q7528660	6000000021946605522
Q7528663	6000000023049060891
Q7528664	6000000031769394125
Q7528666	6000000009433655023
Q7528667	6000000032430805779
Q7528669	6000000019687950181
Q75286701	6000000009289322182
Q7528673	6000000018359866391
Q75286731	6000000009729202341
Q7528677	6000000029506422761
Q7528680	6000000022923492104
Q7528684	6000000023165912965
Q7528686	6000000022704647168
Q7528692	6000000002116181264
Q7528693	6000000018549518597
Q7528696	6000000008948628415
Q75286999	6000000017701600398
Q7528702	6000000011701312258
Q75287021	6000000008182397296
Q75287023	6000000008182120903
Q7528703	6000000022756513205
Q7528705	6000000067657274833
Q7528708	6000000027539499197
Q75287193	4973817582300130923
Q7528720	6000000016782884583
Q7528721	6000000016830765215
Q7528723	6000000085938009867
Q7528731	6000000015354124006
Q7528732	6000000021788825924
Q7528734	6000000034863751220
Q75287387	6000000008678784437
Q7528741	6000000011197091950
Q75287460	6000000068675286825
Q75287465	357326397430011761
Q7528747	6000000021469958297
Q75287476	6000000020427937220
Q75287479	6000000068749322874
Q7528751	6000000021330663676
Q75287533	6000000008584111256
Q75287536	6000000008583631055
Q75287537	6000000008584072367
Q75287539	6000000008584032490
Q75287540	6000000008583841708
Q75287543	6000000022938895056
Q75287544	6000000022936124947
Q75287547	6000000008584011651
Q75287549	6000000002188434080
Q75287552	6000000013440402883
Q75287555	6000000004358032181
Q75287557	6000000004357322271
Q75287558	6000000017448254068
Q75287559	6000000014824501363
Q75287564	6000000002188429975
Q75287566	6000000008584003823
Q75287571	6000000002188429995
Q75287572	6000000016370439066
Q75287574	6000000016142061769
Q75287575	6000000069252379847
Q7528758	6000000049621266030
Q7528760	335307162700001299
Q7528768	6000000031884409526
Q75287714	6000000057075070834
Q7528773	6000000016225790667
Q7528774	6000000003891113202
Q75287760	6000000016275783957
Q75287766	6000000028628196670
Q75287768	6000000071946578290
Q7528778	6000000024413425030
Q7528781	6000000007552678390
Q75287836	6000000050883837276
Q7528784	6000000015089515470
Q7528786	6000000014078236155
Q7528787	6000000020264036326
Q7528788	6000000007887398571
Q75287881	6000000002765097166
Q7528790	6000000036673486463
Q75287908	6000000017470629096
Q7528794	6000000024114157277
Q75287947	6000000014673803948
Q75287972	6000000056950295978
Q7528798	4983539286380108513
Q75288001	6000000058861352909
Q7528801	6000000020289601101
Q75288016	6000000002188434110
Q75288017	6000000024156469895
Q7528803	6000000001396499832
Q75288034	6000000071078549874
Q75288035	6000000015357223068
Q75288037	6000000022936109980
Q7528807	6000000007603943447
Q75288076	6000000068586709877
Q75288081	6000000002188429791
Q75288082	6000000002188429783
Q75288083	6000000002188429799
Q75288085	6000000063294237633
Q75288129	6000000008584105882
Q7528819	6000000021828697571
Q7528821	6000000010357710951
Q7528825	6000000016917548188
Q7528832	6000000023496432073
Q75288342	6000000002116009643
Q75288343	6000000005599194435
Q7528835	6000000026023389444
Q75288359	6000000005598924549
Q75288360	6000000002115870250
Q75288361	6000000011304599068
Q75288379	6000000023207740395
Q75288381	6000000023208032142
Q75288382	6000000012410574657
Q75288387	6000000047701846874
Q75288389	6000000052113539198
Q75288397	6000000011362599423
Q75288422	6000000013821372627
Q7528844	6000000021465093049
Q75288441	6000000057238996967
Q75288443	6000000037035647867
Q75288445	6000000005438507713
Q7528846	6000000026135728284
Q7528849	6000000014415211938
Q75288490	6000000007561380895
Q7528858	6000000026531789999
Q7528860	6000000014590539635
Q75288631	6000000018798479117
Q7528865	6000000011318276171
Q75288659	6000000017705704535
Q7528866	6000000033409248959
Q75288660	6000000007259513707
Q75288662	6000000017226786267
Q75288667	6000000031107627638
Q75288677	6000000077125845086
Q7528873	6000000004240042942
Q7528875	6000000004240164334
Q75288750	6000000013953978741
Q75288758	6000000037836686656
Q75288779	6000000002251167780
Q7528880	6000000023179825935
Q75288822	6000000013953982366
Q75288825	6000000013953915898
Q7528884	6000000000566341465
Q7528885	6000000011551313427
Q7528889	6000000020543110961
Q7528891	6000000020542993169
Q7528894	6000000020543148053
Q75289024	6000000026452795546
Q75289032	6000000019773470146
Q7528912	6000000010392511639
Q75289122	6000000007153737239
Q75289124	6000000011113510327
Q7528913	6000000004098042311
Q75289192	6000000000658990615
Q75289200	6000000013590935064
Q7528922	6000000008896485272
Q7528923	6000000026090581595
Q75289282	6000000021944022696
Q75289283	6000000021944581026
Q75289287	6000000021944581036
Q75289293	6000000027670066269
Q75289306	6000000022381838673
Q75289312	6000000031769048124
Q75289360	6000000013899018710
Q75289379	6000000013029374865
Q75289383	6000000013580291512
Q75289389	6000000012239760228
Q75289397	6000000007281335887
Q75289407	6000000007281414400
Q75289412	6000000007281567586
Q75289425	6000000027649432965
Q75289429	6000000027649404643
Q75289433	6000000027669168089
Q75289440	6000000005599183304
Q7528945	6000000015509742247
Q75289466	6000000008357152421
Q7528947	6000000025071238820
Q75289480	6000000014701537240
Q7528949	6000000022706439225
Q7528951	6000000030283778974
Q75289528	6000000013040148684
Q75289531	6000000013040695884
Q75289535	6000000013051862843
Q75289536	6000000013040589395
Q75289563	6000000006727741455
Q75289570	4242160930080061979
Q75289579	6000000008357095483
Q75289581	6000000005598760012
Q75289588	6000000013725529544
Q75289589	6000000013725594335
Q75289595	6000000014121916471
Q75289601	6000000014744755457
Q75289602	6000000014745123513
Q75289607	6000000080136038868
Q75289628	6000000030061255997
Q75289637	6000000014745609151
Q75289641	6000000030062685118
Q75289644	6000000030062083500
Q75289646	6000000030062630340
Q75289648	6000000030059247431
Q75289651	6000000030062632901
Q75289654	6000000030062887910
Q75289658	6000000030062582991
Q75289662	6000000030062688858
Q75289664	6000000030060764460
Q75289671	6000000030062500424
Q75289674	6000000014745393614
Q75289675	6000000041294483868
Q75289681	6000000076527268887
Q75289686	6000000041294550911
Q75289689	6000000041294603305
Q75289705	6000000041294600143
Q75289713	6000000041294553012
Q75289718	6000000041294198653
Q75289729	6000000080135633256
Q75289735	6000000093366389980
Q7528974	6000000024184991049
Q75289745	6000000018979393036
Q75289748	6000000093367259042
Q75289785	6000000030062859840
Q75289790	6000000088341849873
Q7528981	6000000055410109011
Q75289818	6000000088341879844
Q75289819	6000000030061583232
Q75289821	6000000030062528281
Q75289823	6000000030062600183
Q75289827	6000000030063134443
Q7528983	5577206924100056646
Q75289857	6000000030062807741
Q75289859	6000000030063566852
Q75289868	6000000030062847992
Q75289869	6000000088330560988
Q75289879	6000000088335384867
Q7528988	6000000020587417814
Q75289882	6000000088334536128
Q7528989	6000000024616477873
Q75289908	6000000030062797027
Q75289911	6000000030062570202
Q75289912	6000000088339365969
Q75289917	6000000088340591827
Q75289926	6000000010145043333
Q75289928	6000000010144647996
Q75289933	6000000081058358089
Q75289942	6000000009807108767
Q75289948	6000000088393574821
Q75289949	6000000088393764010
Q75289951	6000000088393227148
Q75289955	6000000088394510892
Q75289980	6000000088394614821
Q75289983	6000000029620472916
Q75289986	6000000030063003896
Q75289989	6000000030062818184
Q7528999	6000000026300662007
Q75289995	6000000002188495629
Q75289998	6000000002188495618
Q75290	6000000181907763826
Q7529014	6000000025594797404
Q7529016	6000000012216160339
Q7529017	6000000028237280270
Q7529019	6000000017621245963
Q7529022	6000000003007230303
Q75290240	6000000017196313074
Q75290244	6000000013390147625
Q75290246	6000000003265759569
Q75290247	6000000001299396813
Q7529030	6000000019225655591
Q7529032	6000000033872856635
Q7529034	6000000015353872089
Q7529036	6000000013349174237
Q7529038	6000000014425350157
Q7529039	6000000003891024777
Q7529043	6000000002116376900
Q7529046	6000000002831265257
Q7529049	6000000026274537289
Q75290519	6000000035980053325
Q75290528	6000000024124378706
Q75290552	6000000014159553287
Q7529058	6000000011856768536
Q7529061	6000000025998288901
Q75290670	6000000024194969726
Q7529069	6000000007003299008
Q7529070	6000000007002383850
Q75290704	6000000004036090671
Q75290706	6000000041978766894
Q75290707	6000000004079698038
Q7529075	6000000026423595594
Q7529077	6000000009326146308
Q75290777	6000000016921404543
Q7529078	3938148
Q7529081	6000000023175343236
Q7529082	6000000023175534913
Q7529086	6000000018136193269
Q7529089	6000000046998136957
Q7529090	6000000001263483207
Q7529092	6000000008248255561
Q7529100	6000000019168296941
Q75291027	6000000081153860843
Q7529108	6000000019291202333
Q75291093	6000000113742583833
Q7529110	6000000019290725989
Q75291100	6000000113741796028
Q75291112	6000000113742464909
Q7529112	6000000016585403135
Q7529113	6000000016145019862
Q7529120	6000000002831280358
Q7529123	6000000002831280427
Q75291247	6000000022783872171
Q7529125	6000000002831280439
Q7529126	6000000000076310339
Q75291263	6000000029593408754
Q75291275	6000000014295405813
Q7529129	6000000019947135806
Q7529131	6000000024760591569
Q75291310	6000000017926591027
Q7529133	6000000019059579207
Q75291334	6000000014295962666
Q7529135	6000000025740191611
Q7529136	6000000025739462690
Q75291389	6000000020355111091
Q7529140	6000000040991251079
Q75291400	6000000020355007057
Q75291419	6000000014062071191
Q7529142	6000000023208024192
Q75291422	6000000014062213396
Q75291465	6000000014062417147
Q7529147	6000000003773975730
Q7529148	6000000037474911353
Q75291488	6000000014062337720
Q7529152	6000000016512013344
Q75291524	6000000014062218906
Q7529153	6000000021828392787
Q75291530	6000000016146488827
Q7529155	6000000039193811184
Q75291557	6000000005359838001
Q75291559	6000000007543432722
Q75291562	6000000007544110486
Q75291582	6000000053308134859
Q75291597	6000000052005599319
Q75291608	6000000002907032455
Q7529161	6000000020723716692
Q75291611	6000000037829314290
Q7529162	6000000039311813592
Q75291639	6000000013720015294
Q7529173	6000000012576982700
Q75291746	6000000013339829164
Q7529178	6000000019871353927
Q75291808	6000000010443158431
Q75291810	6000000010443080983
Q75291813	6000000001205129184
Q75291849	6000000010218075145
Q75291850	6000000010218946574
Q75291857	6000000031215815201
Q7529186	6000000051318405697
Q75291861	6000000019773793174
Q75291863	6000000083628180235
Q7529187	6000000007429457268
Q75291880	6000000009402651819
Q75291901	6000000014571490084
Q7529194	6000000019796083664
Q7529196	6000000003891387359
Q7529197	6000000003891015917
Q75292	6000000024077241805
Q75292006	6000000144701203879
Q75292013	6000000003645671786
Q75292014	6000000005049061681
Q7529203	6000000021566695747
Q75292030	6000000004846529109
Q75292032	6000000004846529350
Q75292039	6000000004846529332
Q75292040	6000000004846529325
Q75292060	6000000003645765896
Q75292105	6000000037064503929
Q7529211	6000000014488045755
Q7529213	6000000011547041973
Q75292144	6000000003714131264
Q7529217	6000000030044355836
Q75292181	6000000029605845908
Q7529219	6000000019367250840
Q75292208	6000000025836660513
Q7529221	6000000022403276616
Q75292256	6000000024761292890
Q75292258	6000000002115894046
Q7529226	6000000014020547404
Q7529228	6000000016000705597
Q7529237	6000000006582186477
Q7529238	6000000024108187179
Q75292381	6000000042610796080
Q75292419	6000000006597079853
Q75292458	6000000031079458737
Q75292459	6000000021909802050
Q75292464	6000000077604907778
Q7529247	6000000023548524002
Q75292487	6000000019976303026
Q75292488	6000000019975820039
Q75292507	6000000029014681972
Q7529252	6000000023360049085
Q7529253	6000000013073508742
Q7529255	6000000016881917492
Q75292552	6000000016315059977
Q75292580	6000000009606923024
Q75292582	6000000047899291980
Q75292610	6000000003221246608
Q75292611	6000000003221255160
Q7529262	6000000021064896962
Q75292624	6000000003221251516
Q75292639	6000000010219142834
Q75292641	6000000009984045590
Q75292644	6000000003221255190
Q7529266	6000000016656975094
Q75292663	6000000003221255359
Q75292667	6000000003221255364
Q75292678	6000000015320987469
Q75292683	6000000003221255218
Q75292696	6000000009188637820
Q75292698	6000000053136880846
Q75292744	6000000003221251793
Q75292745	6000000003221251912
Q75292763	6000000046747037835
Q75292776	6000000003221251824
Q7529278	6000000001608757353
Q75292797	6000000003221251652
Q75292799	6000000003221251586
Q75292801	6000000003221251592
Q75292813	6000000053136907840
Q7529282	6000000016911913598
Q75292837	6000000003221246566
Q7529284	6000000000292339141
Q75292841	1712962
Q75292842	6000000015511288843
Q75292846	6000000019507489075
Q75292849	6000000003221246602
Q75292853	6000000014660176752
Q75292865	6000000014660159429
Q7529287	6000000012737529394
Q75292871	6000000009649628932
Q75292884	6000000057060878842
Q75292893	6000000009992296208
Q75292896	6000000009992215324
Q75292899	6000000010219118965
Q75292905	6000000003221246554
Q75292907	6000000003221246560
Q75292917	6000000045239980877
Q75292925	6000000003891404382
Q75292928	6000000056709898186
Q7529294	6000000009557957337
Q75292941	6000000045240004907
Q75292945	6000000056712028884
Q75292957	6000000056709811935
Q7529296	6000000003306769189
Q75292962	6000000047677147033
Q75292970	6000000009991706878
Q75292972	6000000015698051143
Q75292973	6000000015698077103
Q75292976	6000000015698111136
Q75292984	6000000006996505083
Q75293059	6000000051124054192
Q75293067	6000000010219145508
Q75293070	6000000003221246685
Q75293073	6000000003221246638
Q75293075	6000000003221251360
Q75293078	6000000003221246848
Q7529308	6000000026887314197
Q75293082	6000000003221251254
Q75293085	6000000003221251295
Q75293086	6000000035897803240
Q75293089	6000000035897902242
Q75293093	6000000035897847208
Q75293107	6000000018143468318
Q75293112	6000000003221251322
Q75293114	6000000003221251260
Q75293120	6000000033798862910
Q75293128	6000000004868058418
Q75293132	6000000001877493101
Q7529314	6000000026464578959
Q75293142	6000000012263138960
Q75293144	6000000102701140998
Q75293146	6000000012267012215
Q75293149	6000000007105061498
Q75293151	6000000011165300231
Q75293155	6000000011164823827
Q75293158	6000000011164978353
Q7529316	6000000002234246135
Q75293170	6000000068815207074
Q75293174	6000000005428551919
Q75293177	6000000005428534527
Q7529318	6000000023116268923
Q75293204	6000000009188209139
Q75293209	6000000009188602346
Q75293217	6000000053136562950
Q75293225	6000000053136937839
Q75293229	6000000053136952844
Q75293237	6000000010048271616
Q75293241	6000000013505609691
Q75293242	6000000015423739350
Q75293245	6000000023539648049
Q75293250	6000000005438470764
Q75293261	6000000007759789136
Q75293262	6000000007760161911
Q75293265	6000000007760267363
Q75293269	6000000031015626986
Q75293286	6000000007760353282
Q7529330	6000000011242452425
Q75293301	6000000026046673293
Q7529332	6000000008630952449
Q75293320	6000000002905103560
Q75293328	6000000027342027147
Q7529335	6000000010592383546
Q75293367	6000000016465369987
Q75293369	5555370287880081780
Q75293400	6000000012414040054
Q75293421	6000000034668915902
Q7529345	6000000016574489392
Q75293450	6000000008630260944
Q75293452	6000000008630260952
Q75293455	6000000027212193476
Q75293466	6000000019697061076
Q7529350	6000000026364868327
Q7529354	6000000021591027944
Q75293543	6000000008604834222
Q75293546	6000000024334829116
Q75293547	6000000008604633485
Q75293549	6000000008604463740
Q75293551	6000000030850763238
Q7529356	6000000029063472023
Q75293571	6000000008604691321
Q75293574	6000000024334696795
Q7529360	6000000010810480234
Q75293604	6000000008493636743
Q75293621	6000000008630265975
Q7529363	6000000010883122540
Q7529364	6000000010882904730
Q75293651	6000000062358542268
Q7529373	6000000003216065158
Q7529376	6000000002499203727
Q75293784	6000000008232068721
Q75293786	6000000058733525014
Q7529381	6000000011360813268
Q75293827	6000000004301595401
Q75293837	6000000008366565260
Q75293843	6000000008243102040
Q7529385	6000000018820800139
Q7529387	6000000039311983246
Q75293884	6000000003405522903
Q75293917	6000000004301693118
Q75293924	6000000081557283607
Q75293951	6000000078669627096
Q75293956	6000000078668372618
Q75293959	6000000078668674645
Q75294	6000000002802400550
Q7529400	6000000005599129136
Q7529403	6000000074181731043
Q7529404	6000000029350151192
Q75294086	6000000025468294112
Q7529409	6000000007723258790
Q7529412	6000000021040962085
Q75294133	6000000069476907925
Q7529416	6000000089669469932
Q75294170	6000000017840020276
Q7529418	6000000027254672705
Q75294207	6000000020432851395
Q7529424	6000000001877548611
Q7529429	6000000001877544624
Q75294338	6000000025439376231
Q75294360	6000000068771331855
Q75294364	6000000064119492857
Q75294365	6000000002971037310
Q75294453	6000000036928850898
Q75294459	6000000036940361208
Q7529457	6000000011852327366
Q7529459	6000000030949855065
Q7529462	6000000014419959474
Q7529466	6000000045202593821
Q75294663	6000000053584320952
Q75294669	6000000008169800808
Q75294678	6000000008178670951
Q7529469	6000000024643158157
Q75294699	6000000008114064347
Q7529471	6000000022756333291
Q75294713	6000000031078584479
Q7529479	6000000002116376660
Q75294826	6000000008278858907
Q7529483	6000000017466527202
Q7529486	6000000025647719106
Q7529487	6000000027324000608
Q75294880	6000000008115633358
Q7529491	6000000017591486185
Q75294922	6000000051248710314
Q7529494	6000000020048590875
Q7529495	6000000024277544463
Q75294951	6000000013266143953
Q75294968	6000000002188368996
Q7529497	6000000024277732484
Q75294970	6000000007386040750
Q75295014	6000000068771285891
Q75295017	6000000056443172853
Q75295021	6000000068771285887
Q75295023	6000000089865994832
Q75295027	6000000002188466072
Q75295029	6000000062551413217
Q75295030	6000000062551261146
Q75295037	6000000013589025986
Q75295045	6000000007451984850
Q75295048	6000000025315241858
Q75295076	6000000057391661833
Q75295079	6000000036371847876
Q7529508	6000000052566104906
Q75295083	6000000036381246237
Q7529510	378506866140013185
Q7529511	6000000027579555917
Q7529515	6000000009350408317
Q7529516	5336537828730085904
Q75295162	6000000002738805133
Q75295180	6000000002738746202
Q75295181	6000000008440498312
Q75295183	6000000077607376538
Q7529520	6000000022884227528
Q75295202	6000000077607174764
Q7529521	6000000011852289629
Q75295216	6000000082436976961
Q75295232	6000000061287843184
Q75295233	6000000061281583949
Q75295234	6000000061288282984
Q7529524	6000000018210917160
Q7529526	6000000018210949723
Q75295261	6000000061288348895
Q75295263	6000000080451060003
Q7529527	6000000008895893110
Q7529529	6000000023047480548
Q7529531	6000000028620968969
Q7529532	6000000011196460654
Q75295354	6000000008429453878
Q75295373	6000000008429486521
Q7529538	6000000038308138713
Q75295393	6000000047394952844
Q7529540	6000000016748314641
Q75295402	6000000056047559859
Q75295408	6000000036381632296
Q7529542	6000000002689069671
Q75295421	6000000036381012820
Q75295422	6000000036381314638
Q75295427	6000000036382023839
Q75295431	6000000036381428453
Q75295441	6000000036381875044
Q75295442	6000000008501477975
Q7529549	6000000025956564144
Q75295508	6000000074310834840
Q75295509	6000000020783576940
Q7529551	6000000018453482658
Q75295547	6000000074310718866
Q75295551	6000000093869404881
Q7529556	6000000028918604041
Q75295569	6000000028481034035
Q75295570	6000000059178923245
Q75295571	6000000028481171025
Q75295573	6000000028484821774
Q75295580	6000000028481036954
Q75295582	6000000059178257907
Q75295584	6000000036382021829
Q75295589	6000000041698106024
Q75295591	6000000025718242100
Q75295601	6000000015679772111
Q75295611	6000000025718269593
Q75295612	6000000052362419868
Q75295620	6000000036381629214
Q75295635	6000000036371574821
Q75295641	6000000036371124661
Q7529567	6000000019169662249
Q75295716	6000000036371467978
Q75295717	6000000036382513053
Q75295772	6000000026407127169
Q75295773	6000000006583188067
Q75295783	6000000051930114875
Q7529580	6000000014327051079
Q75295814	6000000068240336920
Q75295815	6000000068240458870
Q75295819	6000000013704642108
Q75295821	6000000013704397828
Q75295822	6000000089143867936
Q75295829	6000000010388750223
Q7529584	6000000031534763348
Q75295864	6000000026149940886
Q75295866	6000000026149195435
Q75295868	6000000026149086303
Q75295875	6000000018751284328
Q75295889	6000000080280112842
Q7529592	6000000009017184525
Q7529594	6000000025443307866
Q75295974	6000000036371534870
Q75295976	6000000036370741575
Q75295980	6000000036370997355
Q75295987	6000000069312284951
Q7529602	6000000017099736320
Q7529608	6000000021492866202
Q7529609	6000000014514296482
Q7529611	6000000015651428878
Q75296127	6000000050885873867
Q7529613	6000000002115897114
Q7529620	6000000016688202799
Q75296209	6000000066851677828
Q75296211	6000000210608072834
Q7529626	6000000019104122941
Q75296262	4817857641470034517
Q75296264	6000000023702284011
Q75296267	4817410775750034532
Q7529627	6000000006582663139
Q75296302	6000000051929594023
Q75296304	6000000051929789975
Q7529631	6000000017498985923
Q7529633	6000000017212861292
Q7529634	6000000046877933898
Q75296376	6000000008593373038
Q7529639	6000000006918022693
Q75296397	6000000016943658063
Q75296401	6000000016951864392
Q75296404	6000000030535203667
Q75296408	6000000001877504247
Q75296410	6000000001877495990
Q7529642	6000000018238620274
Q75296420	6000000005740701089
Q75296430	6000000026886110963
Q75296443	6000000051523396126
Q7529645	6000000009635724753
Q75296460	6000000003485847735
Q75296463	6000000008630277717
Q7529647	6000000011242380865
Q7529649	6000000031580821089
Q7529652	6000000031581087865
Q75296548	6000000001877522450
Q75296560	6000000010913380231
Q75296564	6000000077619784771
Q75296565	6000000011518891507
Q7529657	6000000006971727830
Q75296585	6000000037691104319
Q75296596	6000000021328442373
Q7529665	6000000019795353828
Q7529666	6000000006580997336
Q7529667	6000000022104912576
Q75296766	6000000002188508866
Q75296795	6000000002188475163
Q75296797	6000000002188475156
Q75296802	6000000002188475202
Q75296805	6000000016445672751
Q75296809	6000000000999148799
Q75296811	6000000066506706821
Q75296838	6000000002188475070
Q7529684	6000000013043739287
Q75296840	6000000002188475106
Q75296846	6000000006295413279
Q75296847	6000000002188475092
Q75296854	6000000002188475126
Q75296863	6000000009728903096
Q75296873	6000000038421751014
Q75296880	6000000015066751158
Q75296887	6000000009739626361
Q7529690	6000000013289381293
Q75296912	6000000029606172045
Q75296925	6000000036349104203
Q7529693	6000000024386036380
Q7529697	6000000013437976259
Q7529701	6000000021193722246
Q75297010	6000000027610511649
Q75297011	6000000002115961512
Q75297013	6000000027610625800
Q75297018	6000000035412216850
Q75297036	6000000001056694459
Q75297043	6000000003221251087
Q75297046	6000000052307107269
Q75297066	6000000019270169215
Q7529707	6000000001755209456
Q75297070	6000000002188386176
Q75297073	6000000002188386228
Q75297087	6000000051511891961
Q75297097	6000000006829436020
Q75297099	6000000006831010489
Q75297101	6000000016324904011
Q75297107	6000000002188383822
Q75297110	6000000002188383808
Q75297112	6000000002188383814
Q75297125	5709244370340129639
Q75297127	6000000024195696138
Q75297140	6000000013340566378
Q75297146	6000000002188389057
Q75297154	6000000002188386187
Q75297160	6000000002188386199
Q75297161	6000000002188386205
Q75297183	6000000009291730552
Q75297201	6000000015275850004
Q75297208	6000000052063991198
Q7529721	6000000000352457487
Q75297215	6000000042578228911
Q75297221	6000000009945142263
Q75297223	6000000051509973611
Q7529723	6000000023731117657
Q75297240	6000000013486196863
Q7529725	6000000002831280499
Q75297255	6000000026121152335
Q75297256	6000000009323832002
Q75297258	6000000022188651315
Q75297260	6000000015161241270
Q75297268	6000000024527146881
Q75297274	6000000009985190442
Q75297279	6000000051513166859
Q75297283	6000000051513084842
Q75297286	6000000002188489279
Q75297301	6000000017600474648
Q75297302	6000000002188450748
Q75297304	6000000002188425544
Q75297312	6000000009413720269
Q75297315	6000000032374435687
Q75297317	6000000002188445042
Q7529734	6000000043915251938
Q75297342	6000000047392935844
Q75297342	6000000047392949821
Q75297344	6000000047397360115
Q75297364	6000000014800743123
Q7529737	6000000039491449863
Q75297397	4817859808610060118
Q75297401	4817431614910027554
Q7529742	6000000013237030884
Q75297420	6000000007257769416
Q75297426	4821279472220042752
Q75297442	6000000015864052395
Q75297445	6000000066529183900
Q75297446	6000000066529671864
Q75297460	6000000015976134870
Q75297467	6000000031250890954
Q75297468	6000000015987954526
Q75297486	6000000015987736364
Q75297490	6000000015987172623
Q75297491	6000000015987305852
Q75297492	6000000015987003954
Q75297507	6000000010503460154
Q75297509	6000000012929462745
Q75297519	6000000017039559535
Q75297520	6000000011300398073
Q75297568	6000000014211546501
Q75297569	6000000009316656350
Q75297575	6000000015544762471
Q75297592	6000000002188510047
Q75297597	6000000024133774058
Q7529760	6000000021943929003
Q7529761	6000000027933982676
Q75297619	6000000097791098846
Q75297620	6000000015254673423
Q7529765	6000000019091276028
Q7529766	6000000015667914811
Q75297682	6000000007204584431
Q75297689	6000000002188510053
Q75297691	6000000002188510059
Q75297694	6000000002188510071
Q75297696	6000000002188510077
Q75297699	6000000002188508732
Q7529770	6000000017204888176
Q75297701	6000000002188510101
Q75297703	6000000013504373701
Q7529771	6000000006444674882
Q75297726	6000000009927862987
Q7529773	5234689268010064732
Q7529778	6000000029514098287
Q75297812	6000000055398656167
Q7529782	6000000023178348719
Q75297826	6000000016601682336
Q75297827	6000000016601956012
Q75297829	6000000021594004266
Q75297830	6000000021593855793
Q75297864	6000000022135601468
Q75297886	6000000015695018291
Q75297888	6000000054205114821
Q75297889	6000000054204818833
Q75297893	6000000054204845847
Q75297907	6000000006996130744
Q75297911	6000000017248712373
Q75297919	6000000043928404265
Q7529795	6000000025675967159
Q75297951	6000000009992398788
Q75297966	6000000010028154524
Q75297967	6000000004079698854
Q75297980	6000000006999166284
Q75297991	6000000006996045343
Q75297992	6000000006996043324
Q75298	6000000176994748826
Q75298007	6000000043958857054
Q7529806	6000000006882657110
Q75298063	6000000017881164807
Q75298064	6000000054378598870
Q75298067	6000000017880479922
Q75298071	6000000017879042930
Q75298079	6000000002188495645
Q7529810	6000000007054084218
Q75298100	6000000002188495668
Q75298114	6000000011478165701
Q75298116	6000000011478155832
Q75298117	6000000009512573853
Q7529812	6000000015353803959
Q75298124	6000000007649289896
Q75298126	6000000007649297907
Q7529816	6000000021749389072
Q75298167	6000000003891989597
Q75298169	6000000003891989585
Q7529817	6000000018278292529
Q75298171	6000000011818679305
Q75298176	6000000011818427017
Q75298184	6000000011818736549
Q75298219	6000000002188495685
Q75298221	6000000002188495697
Q75298222	6000000002188495692
Q75298228	6000000011478189397
Q75298229	6000000032739543955
Q75298230	6000000032696368952
Q75298234	6000000028135189777
Q7529825	6000000006444479365
Q75298257	6000000008550239179
Q75298273	6000000013498887479
Q7529828	6000000021331094003
Q75298285	6000000037661935006
Q75298286	6000000020276475151
Q75298290	6000000020276475157
Q75298296	6000000008630277760
Q75298299	6000000008630277768
Q75298312	6000000008630277775
Q75298316	6000000003221246866
Q7529832	6000000027949046254
Q75298320	6000000003221246986
Q75298338	6000000003221246906
Q75298356	6000000005599189324
Q75298389	6000000004868944682
Q7529839	6000000017213168552
Q75298396	6000000013491449187
Q75298397	6000000008630277788
Q75298407	6000000012976571469
Q75298426	6000000031589987333
Q75298432	6000000009513915906
Q75298440	6000000012267079377
Q7529846	6000000021836327785
Q75298460	6000000032046720764
Q75298466	6000000032047615427
Q7529847	6000000021836532205
Q75298473	6000000030167316631
Q75298476	6000000206335814892
Q75298489	6000000032048454096
Q7529849	6000000002265017718
Q75298541	6000000015499826088
Q75298548	6000000014302649011
Q75298552	6000000011316065416
Q75298555	6000000019378454048
Q75298569	6000000023084833932
Q75298571	6000000079344218866
Q75298573	6000000023084922922
Q75298574	6000000023084734122
Q75298582	6000000016158266682
Q75298588	6000000009141103104
Q75298594	6000000007436039798
Q75298608	6000000005849030001
Q75298609	6000000005849132009
Q75298639	6000000005428488914
Q75298649	6000000005761424075
Q75298651	6000000011991342777
Q75298654	6000000003216114798
Q75298660	6000000003400172236
Q75298662	6000000003400007840
Q75298663	6000000005849879009
Q75298665	6000000003400005752
Q75298673	6000000012386574180
Q75298674	6000000012386726871
Q75298676	6000000012380663252
Q75298682	6000000003221255532
Q75298683	6000000012380630431
Q75298692	6000000005843761266
Q75298695	6000000005846341012
Q752987	6000000208445357832
Q75298712	6000000008630269664
Q75298762	6000000012658320243
Q75298770	6000000005599001938
Q75298775	6000000009979875451
Q75298784	6000000015734457819
Q75298789	6000000077415628003
Q75298791	6000000077415502040
Q75298879	6000000003366035238
Q75298921	6000000014937028090
Q75298922	6000000014937005326
Q75298990	6000000014282643327
Q75298996	6000000002188416265
Q75299010	6000000015249525136
Q75299033	6000000003243427369
Q75299047	6000000024098513952
Q75299048	6000000024098513907
Q75299051	6000000002447085944
Q75299073	6000000023482041336
Q75299075	6000000002188508574
Q75299092	6000000004326209383
Q75299095	6000000007394272763
Q75299103	6000000023482770880
Q75299104	6000000095670669882
Q75299106	6000000022936663984
Q75299168	6000000006444092957
Q75299169	6000000015477808979
Q75299174	6000000017448101821
Q75299182	6000000005598815074
Q75299184	6000000005598760167
Q75299186	6000000016241450433
Q75299189	6000000005598808852
Q75299190	6000000005598815094
Q75299208	6000000016152835108
Q75299224	6000000086602922075
Q75299225	6000000024206654958
Q75299227	6000000005599114845
Q75299234	6000000005598808888
Q75299240	6000000005598808804
Q75299247	6000000005598815387
Q75299248	6000000053138353927
Q75299257	6000000015422418993
Q75299260	6000000023524274180
Q75299262	6000000026161758300
Q75299267	6000000005598815378
Q75299268	6000000020177091029
Q75299271	6000000016302903591
Q75299276	6000000009550629271
Q75299278	6000000027153948071
Q75299287	6000000027153975953
Q75299323	6000000019377179678
Q75299324	6000000024095657263
Q75299369	6000000008971947305
Q75299372	6000000004308943445
Q75299373	6000000172767707911
Q75299425	6000000019945380052
Q75299427	6000000019943334699
Q75299436	6000000011106703085
Q75299437	6000000017872725026
Q75299440	6000000007277495260
Q75299443	6000000020787573001
Q75299456	6000000019233186115
Q75299470	6000000055489393865
Q75299471	6000000018895886782
Q75299475	6000000018894571476
Q75299477	6000000007404585411
Q75299493	6000000018896183158
Q75299496	6000000016881632079
Q75299499	6000000069157300831
Q75299501	6000000002188470236
Q75299502	6000000022365238211
Q75299503	6000000052165424821
Q75299522	6000000020758423969
Q75299524	6000000020758352244
Q75299525	6000000045320212108
Q75299528	6000000045320550826
Q75299615	6000000002188453629
Q75299616	6000000022362762169
Q75299618	6000000021387733354
Q75299619	6000000021388471504
Q75299672	6000000016881682042
Q75299735	6000000002188470228
Q75299736	6000000022365113267
Q75299800	5183632579130123192
Q75299801	5183456413260048241
Q75299802	6000000002188502171
Q75299817	6000000026986051124
Q75299843	6000000096180794884
Q75299850	6000000106972462911
Q75299851	6000000056963794985
Q75299859	6000000025538809428
Q75299861	6000000025539194995
Q75299908	6000000016881548727
Q75299917	6000000009225659536
Q75299918	6000000009225702617
Q75299919	6000000009227709805
Q75299920	6000000009227709810
Q75299921	6000000009225702620
Q75299922	6000000009228118236
Q75299923	6000000009228118232
Q75299934	6000000016881768067
Q75299964	6000000029941299527
Q75299966	6000000085401886913
Q75299968	6000000029941388479
Q75299975	6000000029941705276
Q75299982	6000000011106981469
Q75299983	6000000001769541847
Q75299986	6000000006444656114
Q75300010	6000000002188412405
Q75300034	6000000029941833058
Q75300035	6000000061152201321
Q75300036	6000000029941879255
Q75300091	6000000014818192492
Q75300106	6000000014818602159
Q75300107	6000000054977546038
Q75300119	6000000046402482881
Q75300132	6000000027377976275
Q75300152	6000000011838117023
Q75300156	6000000008147238289
Q75300177	6000000002115887128
Q75300179	6000000002116025319
Q75300186	6000000078753947979
Q75300190	6000000012858253232
Q75300205	6000000002115872537
Q75300209	6000000034328210728
Q75300223	6000000011838368040
Q75300240	6000000031059565325
Q75300241	6000000016151555993
Q75300243	6000000016131046723
Q75300244	6000000016130778948
Q75300272	6000000024851328183
Q75300275	6000000017275772926
Q75300278	6000000052104858840
Q75300281	6000000003216083652
Q75300290	6000000052104656844
Q75300293	6000000031728767860
Q75300306	6000000015545348161
Q75300314	6000000015543821851
Q75300331	6000000012657403994
Q75300335	6000000011839144702
Q75300345	6000000014456025277
Q75300351	6000000014455922984
Q75300380	6000000014455959389
Q75300470	6000000001609014982
Q75300486	6000000001608733595
Q75300565	6000000006593457231
Q75300567	6000000002188517832
Q75300569	6000000017682643950
Q75300573	6000000018318952730
Q75300578	6000000019657556564
Q75300594	6000000019619697487
Q75300598	6000000027810174829
Q75300600	6000000031674400643
Q75300644	6000000120552876117
Q75300662	6000000010030203190
Q75300665	6000000052057299886
Q75300679	6000000055619890855
Q75300681	6000000055620725838
Q75300683	6000000010321351729
Q75300692	6000000052057139894
Q75300694	6000000031074190020
Q75300704	6000000053139504168
Q75300705	6000000031115723222
Q75300707	6000000031115827085
Q75300714	6000000016911285195
Q75300743	6000000052057501849
Q75300749	6000000036291589234
Q75300750	6000000036291524191
Q75300761	6000000036291961959
Q75300762	6000000036291823249
Q75300771	6000000050170546040
Q75300780	6000000050171593933
Q75300783	6000000010241670861
Q75300785	6000000048347650863
Q75300787	6000000025229455480
Q75300789	6000000101390082921
Q75300790	6000000138923361215
Q75300791	6000000138925214832
Q75300793	6000000015958890704
Q75300803	6000000020988962856
Q75300805	6000000008630277807
Q75300814	6000000008630277825
Q75300815	6000000008630277831
Q75300824	6000000010027706830
Q75300831	6000000037836499296
Q75300840	6000000036464867963
Q75300841	6000000036465083852
Q75300848	6000000025116286457
Q75300867	6000000002188479080
Q75300869	6000000011299812567
Q75300873	6000000010641687628
Q75300874	6000000025040055227
Q75300888	6000000025115411571
Q75300889	6000000025115522270
Q75300896	6000000025115768121
Q75300901	6000000001299323586
Q75300906	6000000002188504021
Q75300935	6000000002850943218
Q75300971	6000000028020873147
Q75300974	6000000054106094481
Q75300989	6000000077142840841
Q75300992	6000000034066363863
Q75300995	6000000008657010265
Q75301092	6000000047964126467
Q75301147	6000000008630277896
Q75301148	6000000008630277903
Q75301149	6000000017068610380
Q75301154	6000000026407064120
Q75301158	6000000002116009655
Q75301160	6000000001299373306
Q75301162	6000000001299289939
Q75301164	6000000001299287648
Q75301168	6000000005598992098
Q75301169	6000000005598897886
Q75301175	6000000015290178431
Q75301178	6000000011838774814
Q75301180	6000000011838121691
Q75301184	6000000020470602347
Q75301185	6000000012597124130
Q75301191	6000000027757840694
Q75301196	6000000018892172618
Q75301216	6000000042163395348
Q75301217	6000000031815934102
Q75301227	6000000018892182441
Q75301234	6000000052968139976
Q75301254	6000000021909599678
Q75301257	6000000013953871619
Q75301259	6000000013953772388
Q75301264	6000000013953644499
Q75301286	6000000023312655960
Q75301307	6000000005960987377
Q75301319	6000000011470655705
Q75301324	6000000011470904700
Q75301330	6000000011470745154
Q75301331	6000000011470782047
Q75301341	6000000052598732910
Q75301405	6000000013953962197
Q75301409	6000000015550154528
Q75301422	6000000010171957135
Q75301425	6000000013661293182
Q75301427	6000000021721362118
Q75301431	6000000021720808648
Q75301433	6000000013661095571
Q75301439	6000000013661377082
Q75301450	6000000013661414122
Q75301453	6000000012565816050
Q75301463	6000000006784231162
Q75301477	6000000018143511053
Q75301479	6000000018143280339
Q75301482	6000000018143495211
Q75301483	6000000040104195585
Q75301487	6000000018058947705
Q75301496	6000000050552504824
Q75301516	6000000001369543032
Q75301524	6000000024437386582
Q75301545	6000000014213517566
Q75301549	6000000025159113288
Q75301564	6000000017402193590
Q75301585	6000000026050600940
Q75301590	6000000026050565123
Q75301594	6000000026050613968
Q75301596	6000000008630884186
Q75301598	6000000026048942650
Q75301603	6000000006720950200
Q75301632	6000000005599189819
Q75301645	6000000077516129821
Q75301647	6000000055264674107
Q75301652	6000000015096288499
Q75301657	6000000030032700462
Q75301663	6000000013662342141
Q75301669	6000000024920954313
Q75301675	6000000031116700282
Q75301676	6000000031117050244
Q75301686	6000000013662342211
Q75301689	6000000002188551167
Q75301690	6000000002188551290
Q75301693	6000000002188551315
Q75301694	6000000023493353288
Q75301716	6000000052141062821
Q75301731	6000000002188458765
Q75301733	6000000050459620994
Q75301774	6000000010077658871
Q75301794	6000000002831290860
Q75301796	6000000000076318191
Q75301808	6000000002831290930
Q75301818	6000000036299060152
Q75301821	6000000019329419706
Q75301840	6000000030211154921
Q75301866	6000000030211227874
Q75301871	6000000059114915854
Q75301899	6000000030167298882
Q75301915	6000000012417055555
Q75301918	6000000014185491148
Q75301919	6000000012416261128
Q75301929	6000000009928225031
Q75301931	6000000009928417918
Q75301968	6000000052598342952
Q75301986	6000000009928265844
Q75301987	6000000009927867087
Q75301991	6000000002188385879
Q75301996	6000000002188496059
Q75301997	6000000002188385914
Q75302	6000000055671241998
Q75302007	6000000108628237661
Q75302144	6000000033821919997
Q75302158	6000000072051540955
Q75302222	6000000072051612918
Q75302227	6000000033821484256
Q75302243	6000000033821561233
Q75302266	6000000038140094845
Q75302278	6000000031495805367
Q75302305	6000000049818615907
Q75302305	6000000057238957886
Q75302306	6000000049818336079
Q75302306	6000000066543924981
Q75302307	6000000069764930186
Q75302357	6000000057238379102
Q75302371	6000000002188524150
Q75302374	6000000002188524144
Q75302389	6000000002188477563
Q75302399	6000000035007645558
Q75302403	6000000045752054906
Q75302409	6000000014404206126
Q75302414	6000000010002498968
Q75302416	6000000038030700912
Q75302421	6000000038030349520
Q75302436	6000000010411502535
Q75302446	6000000045751504523
Q75302450	6000000011204823357
Q75302455	6000000001889362055
Q75302457	6000000004868816183
Q75302480	6000000011725448137
Q75302495	6000000019258781567
Q75302498	6000000017333626521
Q75302558	6000000056643749864
Q75302559	6000000056643625879
Q75302561	6000000056643559959
Q75302581	6000000013525789115
Q75302583	6000000013525724385
Q75302603	6000000010987384838
Q75302608	6000000019753304590
Q75302650	6000000054410674833
Q75302652	6000000026199950939
Q75302653	6000000026199587318
Q75302664	6000000002188514646
Q75302675	6000000010977424703
Q75302695	6000000028470697878
Q75302711	6000000012447811759
Q75302712	6000000012448066313
Q75302717	6000000042726775636
Q75302718	6000000173775062463
Q75302727	6000000014401980190
Q75302734	6000000042726808619
Q75302745	6000000054454726886
Q75302746	6000000054456893856
Q75302751	6000000024720626227
Q75302756	6000000015101690260
Q75302764	6000000002188504044
Q75302770	6000000002188504057
Q75302774	6000000002188504075
Q75302785	6000000002188504081
Q75302789	6000000007898123244
Q75302796	6000000002188504087
Q75302800	6000000002188504103
Q75302839	6000000002188504039
Q75302841	6000000002188504119
Q75302903	6000000017256086269
Q75302906	6000000017255699523
Q75302909	6000000015354298666
Q75302915	6000000020824493435
Q75302926	6000000011935917940
Q75302931	6000000011165227658
Q75302933	6000000006809639049
Q75302934	6000000049846019132
Q75302942	6000000001877548097
Q75303012	6000000001877508121
Q75303015	6000000001877504525
Q75303062	6000000001877495010
Q75303065	6000000001877495961
Q75303066	6000000001877494000
Q75303085	6000000000076318758
Q75303112	6000000001877495692
Q75303117	6000000001877506377
Q75303120	6000000001877514231
Q75303135	6000000053845813858
Q75303141	6000000001877519779
Q75303142	6000000018487167016
Q75303148	6000000001877519813
Q75303162	6000000001877493965
Q75303163	6000000021996093961
Q75303173	6000000001877506668
Q75303191	6000000000594008647
Q75303193	6000000057024311965
Q75303229	912715
Q75303230	912690
Q75303233	912871
Q75303242	6000000024280727216
Q75303264	6000000002188514844
Q75303268	6000000002188514854
Q75303281	6000000051744724018
Q75303307	6000000002188514974
Q75303323	6000000002188514989
Q75303325	6000000002188514994
Q75303329	6000000002188517005
Q75303380	6000000002188508989
Q75303391	6000000002116190213
Q75303392	6000000002188508952
Q75303551	6000000079144259041
Q75303560	6000000031728342178
Q75303571	6000000030972319431
Q75303581	6000000009265349018
Q75303584	6000000009265369448
Q75303587	6000000009265401947
Q75303590	6000000005683759001
Q75303591	6000000020732229115
Q75303594	6000000026160691012
Q75303624	6000000028243768832
Q75303635	6000000019280028783
Q75303649	6000000054933514961
Q75303675	6000000015334506018
Q75303678	6000000015334288744
Q75303679	6000000015354319335
Q75303718	6000000011401154228
Q75303727	6000000054934505860
Q75303728	6000000078930666285
Q75303732	6000000078932056912
Q75303745	6000000054933417535
Q75303754	6000000011157567825
Q75303756	6000000011157757549
Q75303776	6000000003221246703
Q75303777	6000000003221246709
Q75303778	6000000010219170078
Q75303780	6000000010218988966
Q75303795	6000000013536908726
Q75303798	6000000003221246728
Q75303805	6000000024632061643
Q75303825	6000000012181472619
Q75303873	6000000036118281745
Q75303880	6000000036119039977
Q75303882	6000000030553093298
Q75303883	6000000030552313872
Q75303888	6000000030552673099
Q75303890	6000000030552777150
Q75303899	6000000030553101351
Q75303901	6000000030553148233
Q75303918	6000000007104546067
Q75303994	6000000051743908156
Q75303995	6000000120849851175
Q75304	6000000007551074316
Q75304007	6000000030989596626
Q75304017	6000000066379505887
Q75304022	3938769
Q75304031	6000000011477734664
Q75304033	6000000026023285291
Q75304034	6000000066378811028
Q75304036	6000000066378519153
Q75304038	6000000051744950845
Q75304041	6000000013042866010
Q75304048	6000000015610021295
Q75304084	6000000010002347059
Q75304098	6000000015287353061
Q75304120	6000000026021152849
Q75304138	6000000030552975834
Q75304139	6000000036621310408
Q75304150	6000000025957581529
Q75304158	6000000002188386758
Q75304161	6000000002188386753
Q75304188	6000000030552811081
Q75304229	6000000013374304502
Q75304253	6000000006450650238
Q75304261	6000000006450593584
Q75304284	6000000011117664799
Q75304285	6000000011117801722
Q75304305	6000000020787601143
Q75304306	6000000020787545020
Q75304313	6000000014673797202
Q75304314	6000000033974870507
Q75304340	6000000028502150988
Q75304365	6000000012414079845
Q75304397	6000000025608734504
Q75304406	6000000025608873718
Q75304407	6000000025608795642
Q75304410	6000000081796742794
Q75304437	6000000051414277066
Q75304454	6000000067633981846
Q75304455	6000000085644784856
Q75304461	6000000085661960028
Q75304501	6000000104576679882
Q75304529	6000000100811888864
Q75304530	6000000082602511896
Q75304542	6000000060905742909
Q75304544	6000000060905786829
Q75304550	6000000051744331945
Q75304555	6000000024943994230
Q75304556	6000000024943946645
Q75304571	6000000024956045248
Q75304580	6000000003943136254
Q75304594	6000000018245057450
Q75304595	6000000018245403513
Q75304609	6000000026013082205
Q75304632	6000000026119346970
Q75304681	6000000002188424922
Q75304683	6000000074381400827
Q75304688	6000000025580573873
Q75304691	6000000002188612576
Q75304693	6000000020389827710
Q75304695	6000000002188586836
Q75304703	6000000002188612611
Q75304705	6000000052726516872
Q75304706	6000000052724731082
Q75304717	6000000002188612788
Q75304720	6000000004543554410
Q75304722	6000000002188619336
Q75304723	6000000002188612804
Q75304726	6000000002188612809
Q75304760	6000000068353896875
Q75304824	6000000011303456874
Q75304826	6000000011305561261
Q75304830	6000000001949116001
Q75304831	6000000004097637493
Q75304835	6000000046177053061
Q75304841	6000000026354314746
Q75304858	6000000020787599111
Q75304862	6000000020787614127
Q75304915	6000000002188444659
Q75304916	6000000002188510383
Q75304929	6000000002115859813
Q75304932	6000000020373552033
Q75304996	6000000010069535243
Q75305010	6000000007277645350
Q75305015	6000000011206156596
Q75305035	6000000021149076939
Q75305036	6000000025758384603
Q75305039	6000000025758838146
Q75305040	5142278604730105237
Q75305041	5142278567750105230
Q75305099	5142598623980065760
Q75305101	5142632980880105390
Q75305133	6000000025755690004
Q75305134	6000000025755402409
Q75305136	6000000026138385576
Q75305143	6000000058397810089
Q75305144	6000000037699146130
Q75305177	6000000002188601297
Q75305180	5536983373570125632
Q75305182	5536994227790089297
Q75305195	5537106331160133953
Q75305212	5539205587200089332
Q75305215	5539216857790077990
Q75305264	6000000037032992868
Q75305286	6000000000076318736
Q75305292	6000000051758257855
Q75305303	6000000000076318714
Q75305305	6000000011422539525
Q75305311	6000000022347211562
Q75305319	6000000066689654231
Q75305324	6000000016384040116
Q75305329	6000000051758614877
Q75305331	6000000014875467353
Q75305337	6000000003210346005
Q75305350	6000000011470709634
Q75305357	6000000015208658035
Q75305360	6000000015216869074
Q75305375	6000000004079625172
Q75305378	6000000001602881362
Q75305379	6000000020398666912
Q75305382	6000000057220995062
Q75305570	6000000007975147842
Q75305571	6000000055490876940
Q75305577	6000000007974877314
Q75305602	6000000018896128285
Q75305604	6000000010360456471
Q75305612	6000000077625041091
Q75305638	6000000077625041107
Q75305656	6000000077625041103
Q75305657	6000000077625215993
Q75305739	6000000014443344963
Q75305785	6000000045054439849
Q75305830	6000000016916479905
Q75305832	6000000016914134221
Q75306	6000000020533021969
Q75306029	6000000003901603476
Q75306031	6000000019894072080
Q75306032	6000000002106742454
Q75306041	6000000023100271391
Q75306075	6000000059057988978
Q75306093	6000000013493550986
Q75306204	6000000029905725518
Q75306209	6000000029905640526
Q75306252	6000000051518526155
Q75306255	6000000051518902013
Q75306256	6000000051518639164
Q75306296	6000000009651103843
Q75306307	6000000051519224833
Q75306308	6000000025413921610
Q75306315	6000000025483230845
Q75306317	6000000051519087895
Q75306340	6000000055800338894
Q75306363	6000000051518720207
Q75306365	6000000028223087434
Q75306366	6000000028223145158
Q75306369	6000000002188389131
Q75306388	6000000047680426828
Q75306389	6000000047680298937
Q75306392	6000000047680533847
Q75306409	6000000002188458611
Q75306420	6000000013499104057
Q75306422	6000000013498485812
Q75306444	6000000041099498405
Q75306484	6000000002188385777
Q75306486	6000000002188385782
Q75306544	6000000025020540084
Q75306584	6000000023811211074
Q75306672	6000000052703338986
Q75306683	6000000023191370107
Q75306701	6000000007224139453
Q75306709	6000000038169678581
Q75306721	6000000052005717921
Q75306722	6000000009265526209
Q75306724	6000000009265252989
Q75306728	6000000051509074876
Q75306730	6000000037606139804
Q75306731	6000000051508872949
Q75306732	6000000052005853829
Q75306734	6000000051508836960
Q75306749	6000000036440316641
Q75306753	6000000036439830760
Q75306792	6000000051508804843
Q75306827	6000000051509226821
Q75306831	6000000038920033477
Q75306847	6000000052005847971
Q75306861	6000000052005851822
Q75306864	6000000052823675821
Q75306878	6000000052005520173
Q75306884	6000000018995189029
Q75306956	6000000004079692870
Q75306957	6000000004079698120
Q75306966	6000000035580740089
Q75307072	6000000004079615813
Q75307104	6000000004079615819
Q75307105	6000000002898158303
Q75307119	6000000002898211118
Q75307121	6000000030613681234
Q75307129	6000000006110167896
Q75307145	6000000002159817029
Q75307146	6000000002159696717
Q75307148	6000000002898163517
Q75307149	6000000004867653217
Q75307158	6000000002188520153
Q75307159	6000000004079625113
Q75307161	6000000052003069562
Q75307163	6000000003891760962
Q75307165	6000000042565346681
Q75307166	6000000073486021821
Q75307178	6000000004079625119
Q75307197	6000000002188520158
Q75307198	6000000002898163362
Q75307200	6000000080394502005
Q75307201	6000000002898163379
Q75307205	6000000004868265304
Q75307214	6000000010108948207
Q75307225	6000000009483716811
Q75307229	6000000077143770535
Q75307234	6000000017821167962
Q75307239	6000000047150593878
Q75307250	6000000047151249843
Q75307252	6000000002188520173
Q75307260	6000000002188520178
Q75307262	6000000052988746123
Q75307272	6000000002188520143
Q75307280	6000000005966182320
Q75307299	6000000087821921833
Q75307319	6000000012095147382
Q75307324	6000000020149710065
Q75307331	6000000018032311345
Q75307400	6000000009980795066
Q75307411	6000000011341271980
Q75307413	6000000011341886680
Q75307414	6000000018841313455
Q75307416	6000000010035388503
Q75307420	6000000017403047019
Q75307423	6000000041908881166
Q75307426	6000000026187061331
Q75307461	6000000012385586676
Q75307469	6000000011341694482
Q75307471	6000000011341742777
Q75307473	287091950350002460
Q75307481	6000000011341840250
Q75307497	6000000011341546433
Q75307499	6000000026919151489
Q75307529	6000000030067379137
Q75307531	6000000030049016550
Q75307534	6000000030050468829
Q75307546	6000000051523460007
Q75307579	6000000050175081833
Q75307603	6000000019258743353
Q75307621	6000000011223857507
Q75307640	6000000014846344966
Q75307660	6000000038258411951
Q75307673	6000000030826518071
Q75307682	6000000029605781127
Q75307683	6000000029605815108
Q75307692	6000000030941445089
Q75307694	6000000030941550039
Q75307697	6000000013076967892
Q75307709	6000000030941425948
Q75307723	6000000055677653937
Q75307733	6000000011300103088
Q75307735	6000000011300404421
Q75307736	6000000002188479086
Q75307772	6000000002188520731
Q75307774	6000000011412204686
Q75307799	6000000007466663639
Q75307802	6000000078013575146
Q75307805	6000000023079869473
Q75307855	6000000081793989859
Q75307887	6000000007469528352
Q75307894	6000000017244796184
Q75307895	6000000020374880520
Q75307906	6000000002188520859
Q75307910	6000000002115864311
Q75307945	6000000011130934257
Q75307946	6000000011129801953
Q75307950	6000000015549548876
Q75307954	6000000013634995236
Q75307980	6000000000352562291
Q75308017	6000000002764373744
Q75308018	6000000002764373725
Q75308021	6000000002764377348
Q75308029	6000000012117174930
Q75308036	6000000002764377359
Q75308042	6000000002764377370
Q75308080	6000000045325026901
Q75308095	6000000016777142548
Q75308097	6000000009928610730
Q75308098	6000000012416692380
Q75308106	6000000015652048027
Q75308108	6000000015651192995
Q75308109	6000000015651820030
Q75308111	6000000015651045731
Q75308112	6000000015651156901
Q75308114	6000000015651204764
Q75308121	6000000004867883955
Q75308125	6000000037492647867
Q75308126	6000000015652104206
Q75308167	6000000010317964344
Q75308186	6000000030951753259
Q75308188	6000000031283601037
Q75308238	6000000017065349548
Q75308240	6000000001586375053
Q75308259	6000000065131239174
Q75308272	6000000054481007927
Q75308273	6000000054488955252
Q75308290	6000000054488755999
Q75308291	6000000054488880901
Q75308319	6000000051758671997
Q75308330	6000000013181612798
Q75308333	6000000012921575470
Q75308335	6000000004671647247
Q75308366	6000000054480808146
Q75308367	6000000011142411412
Q75308369	6000000010317907157
Q75308374	6000000010317712766
Q75308376	6000000011142327446
Q75308377	6000000011142964530
Q75308396	6000000054482071037
Q75308397	6000000031116741861
Q75308419	6000000005437612810
Q75308423	6000000005437612825
Q75308442	6000000000076315755
Q75308443	6000000002831290101
Q75308445	6000000004079619966
Q75308447	6000000025556916074
Q75308465	6000000002188477301
Q75308485	6000000002898163368
Q75308486	6000000080397490376
Q75308494	6000000004079619682
Q75308495	6000000004079619889
Q75308505	6000000152781851189
Q75308526	6000000004868488107
Q75308527	6000000004079799653
Q75308564	6000000020397434680
Q75308579	6000000020398017284
Q75308598	6000000003687359024
Q75308605	6000000003687359018
Q75308613	6000000003934065953
Q75308615	6000000003934088142
Q75308626	6000000003266203105
Q75308627	6000000022688211898
Q75308636	6000000010323617521
Q75308654	6000000046658738200
Q75308660	6000000046660872052
Q75308664	6000000001056689287
Q75308669	6000000001056759291
Q75308679	6000000026270327649
Q75308680	6000000001056557381
Q75308684	6000000010208806566
Q75308689	6000000055973587462
Q75308696	6000000019516189713
Q75308699	6000000009729155535
Q75308700	6000000009729173983
Q75308715	6000000008630265270
Q75308717	6000000156627464833
Q75308721	6000000055973729237
Q75308733	6000000007166159204
Q75308734	6000000007166245207
Q75308741	6000000011135088164
Q75308745	6000000015543890329
Q75308747	6000000015544009396
Q75308755	6000000010757996214
Q75308757	6000000009991131171
Q75308761	6000000027380434296
Q75308763	6000000027380474510
Q75308780	6000000047552909829
Q75308786	6000000029605935221
Q75308789	6000000029606069561
Q75308790	6000000029605528759
Q75308799	6000000050517405968
Q75308803	6000000017878202925
Q75308825	6000000010799229566
Q75308826	6000000013447784556
Q75308829	6000000013447775702
Q75308841	6000000019153030023
Q75308844	6000000019152965123
Q75308849	6000000018712093306
Q75308866	6000000016249433767
Q75308871	6000000049503915834
Q75308877	6000000056477954970
Q75308885	6000000022670767533
Q75308886	6000000053838386037
Q75308888	6000000053838670934
Q75308924	6000000034282443681
Q75308929	6000000129622341016
Q75308930	6000000129622672974
Q75308952	5425498831550130553
Q75308953	5425505950830031176
Q75308955	6000000055562804290
Q75308969	6000000000006351919
Q75308993	6000000050459783846
Q75308997	6000000016250026304
Q75308998	6000000016249560757
Q75309015	6000000040991995884
Q75309017	6000000040991917096
Q75309057	5424753077180106877
Q75309063	6000000001142848911
Q75309102	5425052408790046913
Q75309103	5425056005930073819
Q75309122	6000000026326056630
Q75309151	6000000031018239028
Q75309152	6000000031017967053
Q75309170	6000000031452518671
Q75309172	6000000031452859175
Q75309190	6000000053800708881
Q75309192	6000000045260545002
Q75309205	6000000011457836824
Q75309211	6000000045260771910
Q75309212	6000000045260944821
Q75309222	6000000056645658838
Q75309224	6000000056645774956
Q75309247	6000000035707273712
Q75309250	6000000013044419581
Q75309256	6000000035707717831
Q75309257	6000000035707612107
Q75309261	6000000010304046894
Q75309262	6000000009673028553
Q75309265	6000000002831295185
Q75309267	6000000025994387001
Q75309269	6000000035707710988
Q75309272	6000000035707430292
Q75309282	6000000037814296290
Q75309285	6000000051945581886
Q75309290	6000000051945303013
Q75309299	6000000053979063204
Q75309312	6000000055559863835
Q75309320	6000000011167233178
Q75309322	6000000011107036472
Q75309325	6000000002188385814
Q75309335	6000000002188385830
Q75309340	6000000002188385836
Q75309352	6000000002188385206
Q75309353	6000000100439573821
Q75309355	6000000058475790993
Q75309358	6000000016712459288
Q75309370	6000000002188385931
Q75309372	6000000002188385937
Q75309386	6000000002188385958
Q75309405	6000000002188385985
Q75309407	6000000002188385991
Q75309422	6000000019908943041
Q75309423	6000000002188386032
Q75309426	6000000001655732932
Q75309431	6000000019908609679
Q75309440	6000000002188386050
Q75309442	6000000002188386055
Q75309444	6000000002188386143
Q75309490	6000000014906858769
Q75309501	6000000030996941855
Q75309508	6000000018668683488
Q75309510	6000000018668694690
Q75309514	6000000018668694523
Q75309515	6000000018668736187
Q75309522	6000000018668789508
Q75309624	6000000018668707611
Q75309625	6000000023922584228
Q75309626	6000000016324789394
Q75309628	6000000017065219272
Q75309647	6000000016324748964
Q75309660	6000000006831081363
Q75309662	6000000006831076927
Q75309665	6000000007630755548
Q75309666	6000000007630518666
Q75309687	6000000006831022481
Q75309691	6000000006831156828
Q75309705	6000000006831282069
Q75309716	6000000006831073505
Q75309717	6000000006831388149
Q75309720	6000000006831149309
Q75309721	6000000006831019469
Q75309722	6000000006831003762
Q75309754	6000000007467527345
Q75309756	6000000026258491128
Q75309758	6000000007467252675
Q75309847	6000000016599075426
Q75309851	6000000009162701011
Q75309864	6000000016599113451
Q75309901	6000000015274614596
Q75309935	6000000035314858383
Q75309957	6000000013464586923
Q75309980	6000000013486309524
Q75309982	6000000013486309537
Q7531	6000000028461505068
Q75310026	6000000069580208980
Q75310047	6000000026368020858
Q75310113	6000000004079698626
Q75310114	6000000025635608468
Q75310116	6000000002188385258
Q75310117	6000000020013773291
Q75310118	6000000002188385200
Q75310121	6000000020012471720
Q75310135	6000000002188385216
Q75310136	6000000010164610165
Q75310164	6000000025636128878
Q75310165	6000000002188385270
Q75310178	6000000005599175349
Q75310181	6000000002188385537
Q75310185	6000000002188385561
Q75310187	6000000002188385567
Q75310188	6000000002188385573
Q75310198	6000000002188385606
Q75310216	6000000023101752983
Q75310226	6000000028257771952
Q75310234	6000000023095820876
Q75310241	6000000002188385624
Q75310243	6000000002188385630
Q75310254	6000000011159267229
Q75310256	6000000035285623234
Q75310257	6000000014302372659
Q75310258	6000000014302371135
Q75310265	6000000023095512320
Q75310267	6000000014302494114
Q75310276	6000000014302422559
Q75310279	6000000034976761090
Q75310282	6000000026827504321
Q75310307	6000000023095749204
Q75310310	6000000016539255937
Q75310312	6000000016539301860
Q75310315	6000000023059251948
Q75310316	6000000067861767876
Q75310318	6000000067862156112
Q75310322	6000000016539482045
Q75310348	6000000001261205495
Q75310367	6000000013182362835
Q75310368	6000000013182471392
Q75310371	6000000005759824969
Q75310373	6000000005761023072
Q75310374	6000000121908470890
Q75310377	6000000040340477992
Q75310379	6000000013182465268
Q75310386	6000000000598662479
Q75310438	6000000034644802061
Q75310452	6000000052098285937
Q75310457	6000000052098132971
Q75310460	6000000052098594837
Q75310468	6000000056526073842
Q75310477	6000000014306463327
Q75310479	6000000020720287890
Q75310485	6000000056523018905
Q75310488	6000000056522494243
Q75310490	6000000014306136988
Q75310495	5551581029460079917
Q75310502	6000000014304482839
Q75310517	6000000020719978530
Q75310529	6000000011467243452
Q75310531	6000000023091330174
Q75310533	6000000014306463380
Q75310534	6000000026069241277
Q75310536	6000000026066111880
Q75310537	6000000026069836959
Q75310543	6000000026070007888
Q75310544	6000000026069331738
Q75310546	6000000026069912100
Q75310578	6000000036768736015
Q75310609	6000000037136447892
Q75310618	6000000037134862565
Q75310624	6000000055819667120
Q75310628	6000000055821822964
Q75310640	6000000027341894509
Q75310655	6000000011259930093
Q75310660	6000000013805947458
Q75310665	6000000041712510670
Q75310676	6000000034890978536
Q75310716	6000000021451691450
Q75310719	6000000019518859372
Q75310729	6000000006567145931
Q75310740	6000000002188489255
Q75310742	6000000009479063945
Q75310745	6000000002188489267
Q75310747	6000000002188489273
Q75310763	6000000014757757488
Q75310774	6000000002188489334
Q75310775	6000000002188489340
Q75310778	6000000018319172050
Q75310782	6000000002188489352
Q75310783	6000000002188489358
Q75310784	6000000007292102964
Q75310805	6000000030940760854
Q75310808	6000000000494657155
Q75310810	6000000002188489375
Q75310812	6000000002188489381
Q75310819	6000000002188489404
Q75310847	6000000002159711076
Q75310849	6000000002188489439
Q75310850	6000000002188489445
Q75310855	6000000002188489451
Q75310857	6000000002188489457
Q75310862	6000000023953087101
Q75310864	6000000023952539413
Q75310866	6000000076897610100
Q75310875	6000000025502168420
Q75310884	6000000002188489486
Q75310884	6000000010596379551
Q75310887	6000000002188489492
Q75310898	6000000010765470206
Q75310908	6000000002188489513
Q75310923	6000000011999149218
Q75310932	6000000010166065781
Q75310937	6000000017676327265
Q75310940	6000000002188489531
Q75310946	6000000023095929573
Q75310947	6000000002188489249
Q75310959	6000000017156039675
Q75310975	6000000002188508673
Q75310976	6000000002188368636
Q75310983	6000000015795713595
Q75310984	6000000020263417742
Q75311011	6000000015795656079
Q75311015	6000000041405853005
Q75311020	6000000011649094525
Q75311023	6000000026158742479
Q75311030	6000000002188517619
Q75311033	6000000002188517631
Q75311038	6000000011649088512
Q75311056	6000000019247044449
Q75311059	6000000016364772768
Q75311066	6000000019247101719
Q75311068	6000000051510040346
Q75311084	6000000002188517625
Q75311088	6000000002188517637
Q75311097	6000000009995088776
Q75311099	6000000009995941261
Q75311138	6000000023095788040
Q75311139	6000000002188520302
Q75311148	6000000039106904737
Q75311151	6000000002188520333
Q75311154	6000000006953211311
Q75311193	6000000011381516833
Q7531120	6000000178948970826
Q75311263	6000000162811787020
Q75311265	6000000014713545624
Q75311279	6000000070695132473
Q75311281	6000000070695983964
Q75311285	6000000070695260455
Q75311309	6000000015884555185
Q75311356	6000000031012712366
Q75311359	6000000002898169104
Q75311362	6000000023095827171
Q75311367	6000000031012412794
Q75311368	6000000031012661193
Q75311392	6000000023786454882
Q75311417	6000000034353687413
Q75311420	6000000044386452038
Q75311431	6000000011668386102
Q75311434	6000000023984642379
Q75311442	6000000023731529229
Q75311443	6000000023731402072
Q75311456	6000000023731648856
Q75311458	6000000023731629117
Q75311458	6000000038436494379
Q75311472	6000000023730964761
Q75311488	6000000002898169093
Q75311504	6000000023095695385
Q75311505	6000000004079625617
Q75311509	6000000027874649242
Q75311514	6000000009328098293
Q75311515	6000000023095613084
Q75311535	6000000017474266973
Q75311539	6000000013049204023
Q75311541	6000000012090029361
Q75311557	6000000004079619901
Q75311564	6000000025661639037
Q75311566	6000000025660754736
Q75311574	6000000007106072807
Q75311576	6000000026549072199
Q75311603	6000000015436892774
Q75311604	6000000015437547022
Q75311609	6000000051538622177
Q75311614	6000000071668760853
Q75311635	6000000029980727245
Q75311636	6000000002764373717
Q75311662	6000000027093175679
Q75311673	6000000053406013974
Q75311739	6000000023095766332
Q75311740	6000000023095621791
Q75311750	6000000052053017047
Q75311752	6000000016441488795
Q75311753	6000000055475594917
Q75311756	6000000052052806018
Q75311759	6000000052052438356
Q75311766	6000000002188551235
Q75311773	6000000013613810316
Q75311774	6000000013613633718
Q75311806	6000000014897720368
Q75311809	6000000014897700894
Q75311813	6000000026756816928
Q75311840	6000000002764373695
Q75311853	6000000009616340822
Q75311861	6000000021326409025
Q75311863	6000000065130940845
Q75311906	6000000023170527012
Q75311908	6000000023170059461
Q75311910	6000000016076064347
Q75311911	6000000016076138222
Q75311943	6000000007911003393
Q75311975	6000000016093966629
Q75311978	6000000020414675353
Q75311987	6000000013723856921
Q75311991	6000000013724029515
Q75311992	6000000013723913497
Q75311993	6000000013724134451
Q75312005	6000000013724016591
Q75312007	6000000016360960923
Q75312008	6000000016361224816
Q75312009	6000000016361129821
Q75312029	6000000093966293986
Q75312031	6000000093966326927
Q75312077	6000000093965252175
Q75312084	6000000014272136765
Q75312087	6000000014272349510
Q75312091	6000000014272337728
Q75312193	6000000003891045808
Q75312205	6000000003891265880
Q75312206	6000000025490564445
Q75312210	6000000025490533366
Q75312212	6000000025782956855
Q75312255	6000000003891265844
Q75312262	6000000003891265856
Q75312264	6000000025490687933
Q75312313	6000000016273843264
Q75312315	6000000016273179984
Q75312328	6000000047825306424
Q75312331	6000000016273670218
Q75312333	6000000016273740098
Q75312341	6000000059336461906
Q75312350	6000000016273464445
Q75312354	6000000016273542840
Q75312386	6000000013475387809
Q75312389	6000000012662713209
Q75312390	6000000012662735208
Q75312494	6000000035041856289
Q75312496	6000000035041686374
Q75312521	6000000027073055611
Q75312546	6000000026398236651
Q75312547	6000000026398029747
Q75312603	6000000026398352556
Q75312606	6000000026398196406
Q75312638	6000000026403933853
Q75312655	6000000026398543195
Q75312656	6000000026398521437
Q75312676	6000000026437610030
Q75312677	6000000025624081366
Q75312681	6000000013057115682
Q75312696	6000000026027878580
Q75312720	6000000037020000001
Q75312765	6000000014906952010
Q75312766	6000000056988002039
Q75312785	6000000006592296784
Q75312788	6000000026322909990
Q75312827	6000000002022266176
Q75312835	6000000084743736851
Q75312840	6000000044465055904
Q75312842	6000000019866347356
Q75312864	6000000044525107909
Q75312867	6000000102540736147
Q75312880	6000000009646973809
Q75312885	6000000031628761260
Q75312886	6000000031402721045
Q75312902	6000000013013413678
Q75312921	6000000026347326584
Q75312941	6000000032327670536
Q75312942	6000000026200137488
Q75312944	6000000023681156228
Q75312966	6000000011649403867
Q75312985	6000000019436682670
Q75312986	6000000019436975232
Q75313001	6000000011318622666
Q75313006	6000000011318750203
Q75313024	6000000011127372916
Q75313046	6000000066378157821
Q75313047	6000000066378170821
Q75313084	5166595140300130608
Q75313088	6000000014022108600
Q75313100	6000000025689806972
Q75313102	6000000002188504420
Q75313115	6000000009739521791
Q75313117	6000000015799463731
Q75313129	6000000025690092245
Q75313131	6000000025690287122
Q75313152	6000000001608947044
Q75313157	6000000025690264066
Q75313174	6000000014022009877
Q75313180	6000000033591204645
Q75313196	6000000004003940266
Q75313202	6000000017876550517
Q75313206	6000000025014441821
Q75313241	6000000023701647553
Q75313243	6000000017610849108
Q75313274	6000000017610808184
Q75313275	6000000017610808172
Q75313314	6000000019288289426
Q75313316	6000000019288303594
Q75313318	6000000017609445950
Q75313321	6000000013504650128
Q75313360	6000000014410044892
Q75313362	6000000020389944022
Q75313376	6000000033927881504
Q75313379	6000000033926619786
Q75313382	6000000011544694207
Q75313435	6000000023091627030
Q75313443	6000000010809944000
Q75313448	6000000006567136728
Q75313459	6000000018799176239
Q75313463	6000000021077986369
Q75313469	6000000012662248454
Q75313472	6000000012424161525
Q75313485	6000000017569229575
Q75313498	6000000026206169519
Q75313502	6000000026205966478
Q75313514	6000000009984252563
Q75313583	6000000025752130202
Q75313585	6000000020978219681
Q75313596	6000000016044925923
Q75313599	6000000084051793268
Q75313610	6000000014326139135
Q75313611	6000000014325797890
Q75313612	6000000012417440973
Q75313621	6000000014325906555
Q75313624	6000000012282970721
Q75313625	6000000012282454074
Q75313627	6000000054080516853
Q75313661	6000000033821437297
Q75313714	6000000000512539664
Q75313732	6000000007014365767
Q75313734	6000000026130286184
Q75313747	6000000005083572174
Q75313753	6000000002799105302
Q75313757	6000000000513104044
Q75313762	6000000011540950990
Q75313768	6000000009607710334
Q75313769	6000000009607642422
Q75313772	6000000009607409672
Q75313773	6000000108304994854
Q75313814	6000000010977696586
Q75313816	6000000017130470243
Q75313818	6000000185903314849
Q75313836	6000000045283977874
Q75313866	6000000035741040500
Q75313878	6000000014907183852
Q75313879	6000000039412705278
Q75313897	6000000077832503777
Q75313937	6000000035742918827
Q75313943	6000000001596017242
Q75313944	6000000001596017234
Q75313982	6000000039412018803
Q75313987	6000000039412398008
Q75313994	6000000039412556402
Q75313995	6000000015862254019
Q75313997	6000000014590454717
Q75313998	6000000014591361070
Q75314004	6000000053848344841
Q75314040	6000000002167254874
Q75314042	6000000002167254763
Q75314064	6000000002188517382
Q75314066	6000000017050845112
Q75314067	6000000017050287339
Q75314069	6000000017050724372
Q75314070	6000000017050803195
Q75314072	6000000017050802141
Q75314161	6000000017050799889
Q75314171	6000000083501540971
Q75314181	6000000185899466973
Q75314188	6000000017130331542
Q75314191	6000000010977439804
Q75314193	6000000021717208130
Q75314199	6000000031916155092
Q75314202	6000000066455840836
Q75314206	6000000004079698720
Q75314218	6000000021716923742
Q75314221	6000000185900389875
Q75314253	6000000015851151112
Q75314367	6000000011117820306
Q75314378	6000000015021011149
Q75314400	6000000027643268248
Q75314402	6000000027641582600
Q75314447	6000000025414280449
Q75314449	6000000092443188898
Q75314457	6000000012662237627
Q75314464	6000000050563121892
Q75314465	6000000050563033943
Q75314471	6000000050563183852
Q75314482	6000000013095209683
Q75314487	6000000013095129141
Q75314495	6000000050562900012
Q75314496	6000000050563117929
Q75314497	6000000050562939011
Q75314499	6000000050562627094
Q75314500	6000000066477038824
Q75314503	6000000050563009832
Q75314506	6000000025780925880
Q75314511	6000000050562043428
Q75314513	6000000050562783034
Q75314515	6000000050562251252
Q75314518	6000000026662798159
Q75314521	6000000066476822870
Q75314522	6000000026737094139
Q75314524	6000000002188524765
Q75314535	6000000002188536909
Q75314541	6000000024305559936
Q75314542	6000000024305187425
Q75314549	6000000050563271850
Q75314556	6000000023463348941
Q75314569	6000000050157778185
Q75314575	6000000078014299944
Q75314588	6000000045200569858
Q75314602	6000000009729130902
Q75314681	6000000012662212346
Q75314692	6000000035571310669
Q75314693	6000000035571593969
Q75314721	6000000031116705848
Q75314723	6000000031116496292
Q75314734	6000000048385577148
Q75314737	6000000009675228427
Q75314749	6000000056449934175
Q75314780	6000000002188517987
Q75314785	6000000002188524970
Q75314786	6000000005599052285
Q75314790	6000000013224828398
Q75314791	6000000053660063179
Q75314794	6000000006296466571
Q75314796	6000000013525320244
Q75314798	6000000036290504007
Q75314812	6000000002188524981
Q75314829	6000000018078433499
Q75314850	6000000002188526016
Q75314852	6000000066388854007
Q75314912	6000000017100252279
Q75314932	6000000025212766526
Q75314934	6000000025216997057
Q75314964	6000000080123101765
Q75314979	6000000011204438812
Q75314980	6000000011204760281
Q75314994	6000000002188524745
Q75315007	6000000015958991572
Q75315012	6000000042754296266
Q75315033	6000000009728899800
Q75315037	6000000036566271218
Q75315049	6000000002188524681
Q75315063	6000000052193667054
Q75315070	6000000012658566627
Q75315075	6000000025594455609
Q75315076	6000000025594730289
Q75315084	6000000044168025992
Q75315085	6000000044167320631
Q75315088	6000000017712656575
Q75315094	6000000011520768379
Q75315108	6000000026600893104
Q75315111	6000000051513665863
Q75315119	6000000020732582812
Q75315121	6000000002188551285
Q75315125	6000000012536627554
Q75315126	6000000050447971839
Q75315160	6000000002188524598
Q75315161	6000000002188524604
Q75315163	6000000002188524616
Q75315173	6000000034860975183
Q75315174	6000000002889793597
Q75315175	6000000035170010870
Q75315175	6000000042424434801
Q75315182	6000000013234037227
Q75315185	6000000078741161139
Q75315186	6000000078741673909
Q75315192	6000000078741712899
Q75315193	6000000180867708874
Q75315219	6000000078741244227
Q75315220	6000000078741535060
Q75315221	6000000078741251225
Q75315229	6000000002889818604
Q75315231	6000000002889292071
Q75315243	6000000034863560624
Q75315245	6000000023786108461
Q75315249	6000000034864425831
Q75315250	6000000081472079881
Q75315255	6000000002188524477
Q75315257	6000000002188524483
Q75315263	6000000002188524501
Q75315276	6000000073322616892
Q75315292	6000000078843676975
Q75315303	6000000011111361437
Q75315310	6000000002188524531
Q75315311	6000000008658645157
Q75315321	6000000078843817238
Q75315334	6000000002188524543
Q75315335	6000000002188524549
Q75315339	6000000105240166085
Q75315359	6000000046932987847
Q75315382	6000000011739283106
Q75315383	6000000011740540678
Q75315386	6000000011740622397
Q75315407	6000000015065266052
Q75315409	6000000015065157368
Q75315410	6000000015064899841
Q75315432	6000000015065066823
Q75315462	6000000095520544837
Q75315531	6000000026918962423
Q75315554	6000000002188548143
Q75315581	6000000014109045148
Q75315591	6000000013437703172
Q75315592	6000000032551941850
Q75315612	6000000029919675901
Q75315613	6000000029918861617
Q75315617	6000000003203183706
Q75315620	6000000003128880381
Q75315621	5296234873390075566
Q75315623	6000000053265874978
Q75315629	6000000017203202321
Q75315678	6000000020402257977
Q75315691	6000000007561581825
Q75315697	6000000004867686623
Q75315721	6000000007561622793
Q75315722	6000000054481330642
Q75315730	6000000012386036434
Q75315731	6000000034864608862
Q75315745	6000000007561644495
Q75315746	6000000007561482676
Q75315757	6000000058555062894
Q75315766	6000000058554796037
Q75315768	6000000058555168920
Q75315771	6000000052064682822
Q75315807	6000000056385073019
Q75315810	6000000015254819103
Q75315814	6000000009739163844
Q75315815	6000000007822397234
Q75315816	6000000007808054618
Q75315818	6000000007808136987
Q75315837	6000000045504163007
Q75315845	6000000052253285844
Q75315852	6000000032346958993
Q75315854	6000000056384840846
Q75315856	6000000039214217733
Q75315871	6000000066371914823
Q75315881	6000000008181791445
Q75315891	6000000008181918206
Q75315895	6000000009976608723
Q75315905	6000000020372825466
Q75315922	6000000027611753147
Q75315942	6000000034459520165
Q75315964	6000000000976259373
Q75315976	6000000013341020614
Q75315984	6000000013340669612
Q75315999	6000000054975665179
Q75316035	6000000031678703389
Q75316042	6000000031678179657
Q75316046	6000000055559963823
Q75316074	6000000031305066311
Q75316081	6000000002188524393
Q75316088	6000000002188524398
Q75316110	6000000030656975128
Q75316145	6000000002116028617
Q75316146	6000000003681560506
Q75316169	6000000031239076996
Q75316185	6000000014741480673
Q75316195	6000000007629963606
Q75316197	6000000007629949686
Q75316198	6000000021326364134
Q75316209	6000000007629775159
Q75316220	6000000013287606544
Q75316221	6000000013287924999
Q75316222	6000000010161675508
Q75316224	6000000010161457670
Q75316225	6000000010161473924
Q75316228	6000000013288085539
Q75316232	6000000013288059771
Q75316239	6000000053558134871
Q75316240	6000000067839852836
Q75316246	6000000055622873195
Q75316256	6000000055623132977
Q75316257	6000000056505358852
Q75316268	6000000033144739861
Q75316269	6000000000668377205
Q75316279	6000000003493384121
Q75316284	6000000013514464116
Q75316296	6000000017114806631
Q75316301	6000000023482334879
Q75316308	6000000025065800304
Q75316312	6000000057277780081
Q75316314	6000000025244609016
Q75316317	6000000025594942373
Q75316319	6000000014897798916
Q75316321	6000000056999740841
Q75316324	6000000025066473860
Q75316327	6000000003486506776
Q75316329	6000000023481906324
Q75316359	6000000051523624884
Q75316394	6000000013514258685
Q75316418	5043632670240110494
Q75316446	6000000020377077089
Q75316451	6000000020372906356
Q75316472	6000000013613819440
Q75316475	6000000002188508595
Q75316477	6000000009636120203
Q75316480	6000000002188508616
Q75316493	6000000004079705818
Q75316506	6000000001299326235
Q75316509	6000000025803584259
Q75316525	6000000023125256867
Q75316544	6000000024079510808
Q75316546	6000000013374108775
Q75316547	6000000052137738858
Q75316595	6000000002188495597
Q75316626	6000000037200087031
Q75316637	6000000037672013821
Q75316639	6000000037200125978
Q75316648	6000000037671850708
Q75316651	6000000001877504125
Q75316654	6000000037200090548
Q75316664	6000000002188470949
Q75316665	6000000037198964412
Q75316672	6000000014898179873
Q75316676	6000000057089132890
Q75316677	6000000002188495910
Q75316681	6000000046931730306
Q75316688	6000000015478385135
Q75316698	6000000009398166275
Q75316700	4506531270920083515
Q75316703	6000000017038707744
Q75316737	6000000010004144879
Q75316742	6000000015097959799
Q75316772	6000000013341128552
Q75316794	6000000018284090122
Q75316802	6000000014866544683
Q75316816	6000000008798328663
Q75316824	5447905700590020557
Q75316843	6000000011101045264
Q75316852	6000000013095394914
Q75316918	6000000066509909895
Q75316920	6000000066510180825
Q75316923	6000000069790424823
Q75316957	6000000003891989553
Q75316968	6000000000889525422
Q75317003	6000000011651334970
Q75317006	6000000025570111402
Q75317009	6000000002282096230
Q75317027	6000000041296882657
Q75317091	6000000016387887182
Q75317097	6000000011135507589
Q75317098	6000000011135540445
Q75317118	6000000012859816671
Q75317127	6000000050448502827
Q75317133	6000000010811916444
Q75317159	6000000068525050880
Q75317182	6000000011361806406
Q75317187	6000000040173403228
Q75317197	6000000010044576283
Q75317198	6000000010146135242
Q75317207	6000000011384394039
Q75317211	6000000004079807007
Q75317216	6000000009995906262
Q75317219	6000000028731274372
Q75317234	6000000027574488401
Q75317241	6000000055515647135
Q75317247	6000000015663519669
Q75317250	6000000015664705360
Q75317251	6000000015816216767
Q75317255	6000000023914349981
Q75317260	6000000001877526390
Q75317267	6000000001877514594
Q75317274	5319032617510114774
Q75317276	6000000017800925440
Q75317317	6000000072822885929
Q75317318	6000000019333889121
Q75317362	6000000016624339385
Q75317371	6000000058412802114
Q75317375	6000000027956255984
Q75317442	6000000053609172942
Q75317503	6000000005051127902
Q75317537	6000000019334371139
Q75317540	6000000019333704486
Q75317555	6000000019333926501
Q75317558	6000000019333701368
Q75317559	6000000019333732246
Q75317566	6000000076879175675
Q75317582	6000000019332931899
Q75317613	6000000019333323593
Q75317651	6000000020797056085
Q75317657	6000000016369191020
Q75317659	6000000013440421299
Q75317700	6000000002188440291
Q75317702	6000000004334310441
Q75317736	6000000004964903998
Q75317763	6000000016238247049
Q75317783	6000000027234647501
Q75317785	6000000027235057044
Q75317835	6000000015861987644
Q75317863	6000000016325471657
Q75317865	6000000014066196128
Q75317873	6000000016325686808
Q75317876	6000000081251823432
Q75317925	6000000018851214113
Q75317925	6000000183910750821
Q75317936	6000000018435729874
Q75317998	6000000011638896726
Q75318000	6000000099549457821
Q75318014	323982021500002689
Q75318027	6000000009206611402
Q75318030	6000000010945591347
Q75318033	6000000009739554528
Q75318035	6000000093865926752
Q75318036	6000000015066809232
Q75318069	6000000034076492394
Q75318082	6000000068489448233
Q75318084	6000000068489259036
Q75318092	6000000008449058912
Q75318092	6000000190046840271
Q75318107	6000000008449377721
Q75318111	6000000008449326269
Q75318111	6000000190046840268
Q75318115	6000000007305625878
Q75318160	6000000004139515934
Q75318160	6000000190046840274
Q75318239	6000000083003295825
Q75318283	6000000076502915929
Q75318284	6000000076503244031
Q75318326	6000000002188461344
Q75318327	6000000013668748587
Q75318334	6000000002188461366
Q75318357	6000000017823501850
Q75318378	6000000042809804840
Q75318414	6000000018451829043
Q75318420	6000000018851441069
Q75318480	6000000041316080127
Q75318484	6000000019264364538
Q75318486	6000000010334886125
Q75318489	6000000092594252964
Q75318491	6000000091796726860
Q75318493	6000000078499187939
Q75318502	6000000010784716192
Q75318505	6000000010784964813
Q75318510	6000000010785384299
Q75318519	6000000003965764028
Q75318522	6000000048677883855
Q75318530	6000000025570091485
Q75318531	6000000025570479243
Q75318535	6000000011158301380
Q75318538	6000000025956791436
Q75318541	6000000025956533333
Q75318551	6000000025570498066
Q75318553	6000000025957627917
Q75318554	6000000025957406582
Q75318558	6000000025570175592
Q75318560	6000000012423464081
Q75318561	6000000008630277919
Q75318564	6000000012424874573
Q75318567	6000000043459483728
Q75318568	6000000008712142098
Q75318569	6000000012424748553
Q75318573	6000000010581870825
Q75318602	6000000002764964204
Q75318603	6000000002802856407
Q75318619	6000000028193952314
Q75318627	6000000028196547042
Q75318628	6000000019070715020
Q75318631	6000000028197072123
Q75318632	6000000019070659128
Q75318652	6000000028196522093
Q75318666	6000000019332973634
Q75318698	6000000015796436972
Q75318700	6000000045746299016
Q75318713	6000000009739215196
Q75318715	6000000006028169012
Q75318716	6000000008630277941
Q75318718	6000000008630277949
Q75318733	6000000019679030516
Q75318738	6000000019378004685
Q75318741	6000000008630277983
Q75318748	6000000015353624636
Q75318754	6000000034446605468
Q75318758	6000000009782319721
Q75318759	6000000009782673366
Q75318773	6000000008630278024
Q75318774	6000000008630278032
Q75318792	6000000007850118360
Q75318808	6000000072822805874
Q75318811	6000000072822591923
Q75318834	6000000003904565436
Q75318843	6000000017122286363
Q75318846	6000000001299384466
Q75318873	6000000008907905649
Q75318903	6000000025039645205
Q75318905	6000000025040454755
Q75319052	6000000022923620641
Q75319053	6000000022924138282
Q75319065	6000000019419569255
Q75319067	6000000003891015499
Q75319072	6000000003891404792
Q75319074	6000000003891113325
Q75319077	6000000012438799011
Q75319080	6000000011541551060
Q75319082	6000000008711743030
Q75319089	6000000012566254245
Q75319091	6000000023497995261
Q75319106	6000000008844099967
Q75319108	6000000008697058899
Q75319117	6000000055787907843
Q75319120	6000000033609321949
Q75319124	6000000008710794034
Q75319134	6000000033609294405
Q75319139	6000000008712035678
Q75319157	6000000050551805380
Q75319158	6000000050552114164
Q75319163	6000000050552299048
Q75319165	6000000050552516888
Q75319173	6000000013688435064
Q75319176	6000000019454839541
Q75319198	6000000021434564210
Q75319200	6000000013688436030
Q75319205	6000000012385652455
Q75319208	6000000042101846646
Q75319209	6000000042101819540
Q75319210	6000000012385572746
Q75319215	6000000042452957834
Q75319216	6000000032345572345
Q75319216	6000000076145770884
Q75319219	6000000008630278039
Q75319223	6000000008630278055
Q75319225	6000000008630278070
Q75319227	6000000008630278077
Q75319229	6000000002188517891
Q75319233	6000000008630278107
Q75319235	6000000008630278115
Q75319237	6000000009588002078
Q75319245	6000000008630278139
Q75319246	6000000008630278146
Q75319248	6000000008630278151
Q75319249	6000000008630278158
Q75319255	6000000008630278165
Q75319258	6000000002762626738
Q75319266	6000000008630278189
Q75319269	5052522259200051466
Q75319297	6000000020052887048
Q75319345	6000000012438536835
Q75319347	6000000012439012412
Q75319357	6000000012438878718
Q75319360	6000000012438942726
Q75319362	6000000011542177067
Q75319429	6000000034997490593
Q75319431	6000000033233282061
Q75319450	6000000031056666283
Q75319465	6000000066459832824
Q75319471	6000000027990748970
Q75319483	6000000019418768263
Q75319486	6000000047052092938
Q75319489	6000000057273069872
Q75319491	6000000079195721134
Q75319495	6000000079195415169
Q75319499	6000000079196018958
Q75319500	6000000001589618758
Q75319522	6000000002773322538
Q75319602	6000000005598932367
Q75319603	6000000020652994236
Q75319604	6000000027990286458
Q75319606	6000000026040825719
Q75319607	6000000008472870901
Q75319609	6000000020652982549
Q75319649	6000000028695740506
Q75319650	6000000028697991950
Q75319674	6000000068238996833
Q75319696	6000000068238851851
Q75319703	6000000006970133384
Q75319714	5553731781710042793
Q75319715	5088572350680109500
Q75319716	6000000068241239938
Q75319718	6000000017073189293
Q75319770	6000000031073753017
Q75319771	6000000068241488835
Q75319781	6000000015840803628
Q75319835	6000000013340712820
Q75319836	6000000013340743856
Q75319837	6000000030079463319
Q75319840	6000000011039604740
Q75319843	6000000014397766525
Q75319857	6000000027852426795
Q75319887	6000000021591428109
Q75319892	6000000040869441978
Q75319893	6000000009607640475
Q75319896	6000000083211663994
Q75319900	6000000009325314889
Q75319901	6000000040869195205
Q75319907	6000000009980307558
Q75319911	6000000155325133824
Q75319925	6000000026660969472
Q75319933	6000000026666913705
Q75319937	6000000026667317815
Q75319947	6000000026667452176
Q75319949	6000000034810616698
Q75319968	6000000040165785984
Q75319988	6000000027990291906
Q75319989	6000000027990351834
Q75319998	6000000057236449916
Q75320018	6000000007257414418
Q75320025	6000000005694838002
Q75320036	6000000031233614332
Q75320037	6000000031233669245
Q75320049	6000000079195472079
Q75320051	6000000007722359751
Q75320052	6000000079195499117
Q75320067	6000000031233788054
Q75320070	6000000031233979823
Q75320078	6000000031233696462
Q75320080	6000000031233577720
Q75320082	6000000031233663156
Q75320090	6000000031233500674
Q75320092	6000000079195266354
Q75320106	6000000079195397242
Q75320116	6000000079194606694
Q75320123	6000000009927779555
Q75320246	6000000008472827889
Q75320275	6000000008428757607
Q75320277	6000000192620957847
Q75320281	6000000009926578112
Q75320282	6000000007304512723
Q75320298	6000000009926907095
Q75320300	6000000009926942805
Q75320302	6000000007287686074
Q75320305	6000000013381893991
Q75320308	6000000007287686080
Q75320312	6000000074692107920
Q75320314	6000000008579867860
Q75320316	6000000008579697015
Q75320320	6000000010164096177
Q75320339	6000000009979542048
Q75320340	6000000009980104339
Q75320346	6000000053149415841
Q75320347	6000000074699570972
Q75320350	6000000074699580997
Q75320351	6000000074699621959
Q75320390	6000000006360296924
Q75320397	6000000053164443827
Q75320414	6000000052672786077
Q75320426	6000000040656222324
Q75320448	6000000052673945847
Q75320461	6000000053164391843
Q75320462	6000000053163567833
Q75320464	6000000018381635565
Q75320497	6000000053149325940
Q75320499	6000000053149055950
Q75320525	6000000048018649849
Q75320528	6000000048018496840
Q75320607	6000000013255932400
Q75320676	6000000020665279970
Q75320679	6000000024908098969
Q75320684	6000000004079619719
Q75320729	6000000009927806551
Q75320738	6000000009927768598
Q75320739	6000000009927796607
Q75320740	6000000009927888506
Q75320746	6000000009512394590
Q75320747	6000000012996567596
Q75320750	6000000004957667481
Q75320753	6000000009927822794
Q75320758	6000000009532563897
Q75320769	6000000032771876147
Q75320774	6000000032772500511
Q75320776	6000000032773274850
Q75320786	6000000009927899678
Q75320787	6000000010164626090
Q75320790	6000000015820601297
Q75320793	6000000006444287233
Q75320794	6000000013646833288
Q75320796	6000000013647036054
Q75320798	6000000002361968513
Q75320800	6000000002361968457
Q75320801	6000000002361968171
Q75320811	6000000010164628518
Q75320815	6000000004370812220
Q75320817	6000000003872569074
Q75320821	6000000035082532278
Q75320823	6000000025643994173
Q75320826	6000000003483564390
Q75320841	6000000009108566095
Q75320851	6000000009568698536
Q75320858	6000000056023131958
Q75320875	6000000029392433950
Q75320903	6000000009928355250
Q75320904	6000000009928294472
Q75320906	6000000009927862784
Q75320908	6000000009512434507
Q75320911	6000000009512450081
Q75320934	6000000009927895839
Q75320936	6000000177595777840
Q75320941	6000000012878464318
Q75320957	6000000026041543361
Q75320958	6000000026041533708
Q75320960	6000000020665408786
Q75320961	6000000020653143063
Q75320965	6000000007470178412
Q75320966	6000000007469976785
Q75320967	6000000007467749536
Q75320969	6000000007469238705
Q75320971	6000000026403850899
Q75320973	6000000026404046847
Q75320974	6000000172544656572
Q75320984	6000000026400408334
Q75320996	6000000057019140824
Q75321007	6000000080704559998
Q75321019	6000000026403899870
Q75321020	6000000026404223876
Q75321041	6000000026406200888
Q75321046	6000000026406209009
Q75321048	6000000026406010620
Q75321082	6000000026404046618
Q75321083	6000000026406093621
Q75321126	6000000026403796841
Q75321128	6000000027989946537
Q75321148	6000000002188385909
Q75321150	6000000007648256141
Q75321159	6000000017122135146
Q75321169	6000000011494924565
Q75321199	6000000011495025336
Q75321207	6000000007277652335
Q75321213	6000000027306312262
Q75321221	6000000051288005047
Q75321232	6000000004868944186
Q75321236	6000000004868798522
Q75321238	6000000002188517287
Q75321248	6000000045861892010
Q75321249	6000000045883131624
Q75321266	6000000002188536953
Q75321298	6000000004868488098
Q75321300	6000000015726598253
Q75321309	6000000000388068373
Q75321320	6000000051287334034
Q75321321	6000000019474922706
Q75321324	6000000015604701373
Q75321325	6000000009527258294
Q75321327	6000000051518221922
Q75321328	6000000017103190864
Q75321329	6000000019474821470
Q75321332	6000000012463761510
Q75321339	6000000000388048792
Q75321340	6000000006444128060
Q75321345	6000000000642046347
Q75321363	6000000000642028948
Q75321375	6000000010048200932
Q75321378	6000000010048458746
Q75321380	6000000051521872898
Q75321381	6000000025371361360
Q75321382	6000000025371532446
Q75321385	6000000025371498624
Q75321387	6000000025371935207
Q75321391	6000000025372092312
Q75321405	6000000054040990012
Q75321413	6000000054043285988
Q75321428	6000000055362698934
Q75321433	6000000021580261290
Q75321462	6000000010098134422
Q75321465	6000000015604726069
Q75321475	6000000051287909271
Q75321479	6000000002898237173
Q75321485	6000000053981234325
Q75321488	6000000006929114630
Q75321492	6000000017604073445
Q75321495	6000000017604195097
Q75321503	6000000004079735804
Q75321506	6000000051288701821
Q75321509	6000000050364758973
Q75321510	6000000050364298158
Q75321513	6000000051526657175
Q75321515	6000000051527013832
Q75321516	6000000010410284187
Q75321517	6000000073584625879
Q75321523	6000000030980390703
Q75321529	6000000030164005816
Q75321530	6000000012841754444
Q75321537	6000000051526895927
Q75321538	6000000051526291305
Q75321541	6000000006851221131
Q75321546	6000000000055818382
Q75321549	6000000009991213980
Q75321553	6000000009991467694
Q75321564	6000000009991190521
Q75321567	6000000030882281367
Q75321576	6000000033239070967
Q75321581	6000000033239121933
Q75321589	6000000010001752596
Q75321594	6000000010002006180
Q75321596	6000000010002000511
Q75321612	6000000067851611821
Q75321620	6000000067851302937
Q75321676	6000000002188504207
Q75321679	6000000010987770858
Q75321687	6000000009991215801
Q75321695	6000000013356036196
Q75321696	6000000000056015827
Q75321700	6000000007014421199
Q75321702	6000000000056158556
Q75321710	6000000009048011301
Q75321712	6000000002188502457
Q75321713	6000000004868944074
Q75321714	6000000004868044955
Q75321742	6000000000352499757
Q75321743	6000000000352499769
Q75321744	6000000009047942999
Q75321746	6000000027703413283
Q75321747	6000000009608933631
Q75321749	6000000027703059573
Q75321754	6000000027703408744
Q75321757	6000000027703561228
Q75321766	6000000027703445281
Q75321767	6000000031402323335
Q75321769	6000000031403068967
Q75321798	6000000031402631141
Q75321821	6000000009048004629
Q75321846	6000000009048018620
Q75321850	6000000092632286887
Q75321853	6000000045380974877
Q75321857	6000000092631358088
Q75321858	6000000026023375765
Q7532186	6000000014381858459
Q75321864	6000000013006899157
Q75321865	6000000003424479857
Q75321868	6000000009886738952
Q75321870	6000000023880375987
Q75321872	6000000023880010474
Q75321874	6000000003446279271
Q75321878	6000000001448370005
Q75321879	6000000001448312451
Q75321892	6000000092581824854
Q75321917	6000000035917037846
Q75321928	6000000020373003466
Q75321934	6000000006421964093
Q75321936	6000000057104310162
Q75321939	6000000050547059821
Q75321941	6000000018502222537
Q75321979	6000000029881396192
Q75321983	6000000093051588935
Q75322007	6000000088408780216
Q75322023	6000000036597469824
Q75322043	6000000004867296794
Q75322044	6000000026438366007
Q75322048	6000000004867296800
Q75322050	6000000015985861728
Q75322051	6000000015984938022
Q75322053	6000000015984846217
Q75322059	6000000026924399919
Q75322063	6000000026924114984
Q75322069	6000000012501388257
Q75322076	6000000011196026046
Q75322086	6000000009609057661
Q75322151	6000000009608732920
Q75322174	6000000014478427920
Q75322185	6000000037537973729
Q75322205	6000000009666228715
Q75322212	6000000031079944442
Q75322233	6000000026434424678
Q75322234	6000000026434588401
Q75322241	6000000013055531773
Q75322244	6000000031080130941
Q75322301	6000000034827286141
Q75322302	6000000011350426657
Q75322305	6000000011297702988
Q75322306	6000000026146448391
Q75322309	6000000011297823244
Q75322310	6000000011297590405
Q75322315	6000000025955220301
Q75322318	6000000004079619828
Q75322321	6000000013167503395
Q75322326	6000000034360048635
Q75322328	6000000031079939461
Q75322339	6000000031080025328
Q75322361	6000000031079934364
Q75322363	6000000031080559843
Q75322365	6000000001075705433
Q75322368	6000000066506733824
Q75322374	6000000017922616109
Q75322375	6000000017921277847
Q75322417	6000000031080368471
Q75322425	6000000000924174083
Q75322427	6000000017819730104
Q75322431	6000000000925233084
Q75322461	6000000013383738740
Q75322468	6000000017819189526
Q75322471	6000000017819183997
Q75322473	6000000017819397634
Q75322476	6000000000924560578
Q75322480	6000000000925185003
Q75322482	6000000000925109083
Q75322485	6000000017818442432
Q75322487	6000000009465014896
Q75322488	6000000016191516810
Q75322490	6000000016191586402
Q75322491	6000000016191617210
Q75322494	6000000033500455435
Q75322498	6000000095088997889
Q75322507	6000000057059730825
Q75322510	6000000029933725663
Q75322514	6000000029947659375
Q75322519	6000000029933535448
Q75322521	6000000029933321769
Q75322529	6000000029944911142
Q75322530	6000000024893223139
Q75322536	6000000052051546822
Q75322538	6000000031079974310
Q75322540	6000000052051288946
Q75322541	6000000052051581960
Q75322543	6000000047024781866
Q75322546	6000000006838616972
Q75322547	6000000016535513536
Q75322552	6000000006838861444
Q75322556	6000000002188508900
Q75322570	6000000002188508905
Q75322581	6000000012174613234
Q75322582	6000000021516316108
Q75322589	6000000002188508915
Q75322592	6000000016536410770
Q75322622	6000000002188508925
Q75322623	6000000029925043212
Q75322627	6000000019147206429
Q75322633	6000000009976361881
Q75322640	6000000016273457494
Q75322644	6000000016273400186
Q75322661	6000000022825017234
Q75322669	6000000016691823870
Q75322682	6000000016318453097
Q75322683	6000000005747547252
Q75322687	6000000014521863112
Q75322708	6000000040438086969
Q75322713	6000000031080675929
Q75322714	6000000056867870829
Q75322722	6000000056867399943
Q75322723	6000000056867466821
Q75322725	6000000017402692193
Q75322735	6000000051944786908
Q75322736	6000000051944935832
Q75322747	6000000051943721045
Q75322790	6000000033286636045
Q75322797	6000000013165868311
Q75322798	6000000008805051658
Q75322799	6000000013165558675
Q75322801	6000000013165808337
Q75322810	6000000013043333743
Q75322812	6000000028244007825
Q75322814	350505042370001160
Q75322874	6000000035916538676
Q75322877	6000000004163194291
Q75322878	6000000012536605515
Q75322880	6000000012536999246
Q75322882	6000000012536432410
Q75322884	6000000012536761443
Q75322890	6000000017805792110
Q75322896	6000000009316392735
Q75322948	6000000002188551512
Q75322959	6000000008976385368
Q75322962	6000000017148423118
Q75322964	6000000029818643420
Q75322972	6000000010164628559
Q75322978	6000000009927874144
Q75322980	6000000068242231065
Q75322993	6000000008581613776
Q75323001	6000000018493545236
Q75323009	6000000013665309033
Q75323010	6000000013664907344
Q75323019	6000000013665174434
Q75323019	6000000055359733919
Q75323020	6000000055359444908
Q75323028	6000000029072047666
Q75323039	6000000014528481753
Q75323047	6000000022251838365
Q75323067	6000000030939544417
Q75323070	6000000010135384339
Q75323210	6000000010810459490
Q75323215	6000000026909776577
Q75323249	6000000051353077856
Q75323257	6000000002115961771
Q75323261	6000000015656027057
Q75323262	6000000006450724910
Q75323264	6000000006451106135
Q75323265	6000000086369846839
Q75323275	6000000027306894813
Q75323333	6000000017669170491
Q75323371	6000000037555938341
Q75323373	6000000068235795859
Q75323374	6000000068235776860
Q75323384	6000000028190903612
Q75323445	6000000030885406978
Q75323447	6000000030885523894
Q75323452	6000000032147813209
Q75323455	6000000029754876147
Q75323459	6000000030885261263
Q75323508	6000000047661974902
Q75323543	6000000026280149380
Q75323547	6000000011157674507
Q75323559	6000000076376207856
Q75323561	6000000076375950958
Q75323594	6000000076375864077
Q75323610	6000000024079407192
Q75323621	6000000017663084896
Q75323622	6000000017663726215
Q75323625	6000000059571087384
Q75323649	6000000017432200066
Q75323765	6000000001504573828
Q75323766	6000000000901480067
Q75323811	6000000076323434838
Q75323813	6000000076323290027
Q75323824	6000000010533562286
Q75323829	6000000051943711479
Q75323830	6000000002188612094
Q75323838	6000000002188612120
Q75323857	6000000009665277195
Q75323865	6000000010532722485
Q75323892	6000000010533769206
Q75323952	6000000081180190886
Q75323964	6000000081179339932
Q75323965	6000000081179417959
Q75323972	6000000081178484044
Q75323973	6000000081178544246
Q75323975	6000000081179657965
Q75323979	6000000017560012585
Q75323989	6000000081178484117
Q75324111	6000000020023101008
Q75324112	6000000057978008242
Q75324114	6000000002188420988
Q75324115	6000000002188612275
Q75324118	6000000068128364990
Q75324120	6000000010596903257
Q75324122	6000000003133729265
Q75324163	6000000075482026503
Q75324183	6000000019372521586
Q75324194	6000000042431387227
Q75324203	6000000006784928334
Q75324255	6000000025967855010
Q75324270	6000000070662763259
Q75324281	6000000009717931001
Q75324282	6000000009717996819
Q75324287	6000000017122090716
Q75324302	6000000009718025143
Q75324304	6000000009718025153
Q75324307	6000000025965448440
Q75324309	6000000029760143552
Q75324315	6000000029760457977
Q75324318	6000000026103410773
Q75324320	6000000009665423713
Q75324321	6000000009665606296
Q75324325	6000000009663827759
Q75324328	6000000032314613227
Q75324334	6000000024959541694
Q75324360	6000000116387075836
Q75324366	6000000022188771250
Q75324374	6000000002369230878
Q75324382	6000000002188510306
Q75324387	6000000008550544904
Q75324392	6000000001504235802
Q75324408	6000000009717967774
Q75324409	6000000009717959624
Q75324428	6000000003065368218
Q75324438	6000000010244967977
Q75324444	6000000010532971841
Q75324446	6000000010245330885
Q75324475	6000000016695591775
Q75324485	6000000002115838483
Q75324486	6000000002115838416
Q75324492	6000000003093602057
Q75324494	6000000003092905925
Q75324503	6000000027726204921
Q75324507	6000000017244407934
Q75324510	6000000033239069051
Q75324517	6000000003053537285
Q75324520	6000000003053529446
Q75324546	6000000001504551296
Q75324548	6000000025032248067
Q75324555	6000000001504573256
Q75324557	6000000002188424885
Q7532466	6000000120370942858
Q75324669	6000000013127117304
Q75324674	6000000013014008530
Q75324688	6000000013223559357
Q75324692	6000000013231620303
Q75324696	6000000013223306387
Q75324698	6000000013222784575
Q75324701	6000000013219006078
Q75324702	6000000013219195249
Q75324709	6000000013126377702
Q75324710	6000000013126266146
Q75324711	6000000013089363496
Q75324721	6000000013219329123
Q75324724	6000000013220196440
Q75324726	6000000013089276599
Q75324729	6000000013126431251
Q75324736	6000000013126410534
Q75324737	6000000013126427186
Q75324740	6000000013126358587
Q75324741	6000000013126562885
Q75324744	6000000013126132869
Q75324745	6000000013126708494
Q7532475	6000000040154315325
Q75324750	6000000013126387381
Q75324751	6000000013126572013
Q75324753	6000000013126366786
Q75324755	6000000045381739848
Q75324757	6000000013126729465
Q75324765	6000000013126372842
Q75324767	6000000013126773845
Q75324801	6000000013126320563
Q75324802	6000000013208507179
Q75324805	6000000013126377951
Q75324808	6000000002188601632
Q75324810	6000000002188601639
Q75324831	6000000002188601645
Q75324832	6000000025096509051
Q75324834	6000000002188601656
Q75324851	6000000081228905858
Q75324856	6000000030959227213
Q75324859	6000000005852738008
Q75324895	6000000005853043014
Q75324903	6000000013208481863
Q75324907	6000000004097614087
Q75324909	6000000004097614119
Q75324911	6000000013089557432
Q75324914	6000000013089206679
Q75324916	6000000013089260048
Q75324920	6000000019700814837
Q75324924	6000000019701520127
Q75324937	6000000002554864629
Q75324938	6000000002505923551
Q75324964	6000000005921706498
Q75324979	6000000002554967441
Q75324984	6000000012957912645
Q75324985	6000000013089399225
Q75325001	6000000013093907985
Q75325022	6000000012582291904
Q75325042	6000000013094226524
Q75325044	6000000013094354272
Q75325047	6000000013094236827
Q75325048	6000000013094262469
Q75325065	6000000013094283504
Q75325099	6000000013089381426
Q75325108	6000000013089530465
Q75325110	6000000019664158551
Q75325198	6000000057279769847
Q75325199	6000000025551456743
Q75325212	6000000013240240705
Q75325213	6000000013240355019
Q75325257	5310009560870077016
Q75325258	5310006199670125239
Q75325260	5310016898010052084
Q75325261	5310020201940061777
Q75325323	6000000063731284889
Q75325324	6000000063730594054
Q75325362	6000000093277087078
Q75325390	6000000063731694845
Q75325391	6000000063729979022
Q75325474	6000000057279830848
Q75325476	6000000084911482225
Q75325486	6000000022809841980
Q75325487	6000000084909942896
Q75325488	6000000013300520198
Q75325490	6000000084909969947
Q75325505	6000000084910862241
Q75325507	6000000091758668433
Q75325517	6000000020781233128
Q75325518	6000000069246424449
Q75325521	6000000057279703057
Q75325522	6000000070193797873
Q75325524	6000000070193335340
Q75325525	6000000020363745413
Q75325534	6000000057279658089
Q75325535	6000000093281280076
Q75325557	6000000002188440504
Q75325559	6000000057279909977
Q75325619	6000000053481385143
Q75325620	6000000053481699014
Q75325629	6000000053481661004
Q75325632	6000000053481647049
Q75325671	6000000013094217533
Q75325672	6000000013094219638
Q75325673	6000000013230678808
Q75325698	6000000013093461008
Q75325699	6000000013093991211
Q75325702	6000000013093887029
Q75325707	6000000013093811198
Q75325710	6000000083419369045
Q75325719	6000000013093927540
Q75325729	6000000013231177013
Q75325735	6000000057393135832
Q75325737	6000000057392242188
Q75325738	6000000057393628821
Q75325740	6000000057393693831
Q75325747	6000000040015803464
Q75325771	6000000002188461449
Q75325774	6000000002188461481
Q75325802	6000000018244346763
Q75325830	6000000032102509372
Q75325840	6000000026118476016
Q75325841	6000000026118114332
Q75325863	6000000009137024627
Q75325884	6000000006602076053
Q75325931	6000000006807819604
Q75325933	6000000004097582618
Q75325993	6000000002188424908
Q75325994	6000000032103065920
Q75325996	6000000032102874394
Q75325997	6000000032103176990
Q75326064	6000000015843758008
Q75326065	6000000044219549311
Q75326066	6000000044219594280
Q75326071	6000000013093898018
Q75326072	6000000013093844101
Q75326074	6000000013094006366
Q75326076	6000000009401428448
Q75326083	6000000007033178524
Q75326084	6000000007033482284
Q75326087	6000000007059804059
Q75326089	6000000013231528974
Q75326093	6000000002410112077
Q75326102	6000000018781963335
Q75326103	6000000026256935454
Q75326105	6000000038435335129
Q75326106	6000000033547486907
Q75326113	6000000007002918154
Q75326115	6000000007002225349
Q75326120	6000000007003174010
Q75326126	6000000010880063229
Q75326140	6000000010596195488
Q75326160	6000000017133413351
Q75326170	6000000079544679887
Q75326182	6000000013094210303
Q75326185	6000000013127020736
Q75326186	6000000013176608416
Q75326222	6000000002188615034
Q75326231	6000000002188615042
Q75326232	6000000002188615050
Q75326236	6000000002188615062
Q75326244	6000000002188615132
Q75326246	6000000002188612999
Q75326296	6000000004226958160
Q75326297	6000000002188461385
Q75326308	6000000024291684395
Q75326309	6000000004227232563
Q75326311	6000000004234423267
Q75326312	6000000023060073887
Q75326313	6000000004234782357
Q75326316	6000000038494383253
Q75326322	6000000060275361159
Q75326324	6000000056731584040
Q75326327	6000000056731652163
Q75326340	6000000009277491594
Q75326345	6000000004225992666
Q75326348	6000000004226101519
Q75326352	6000000002188461373
Q75326359	6000000002188412327
Q75326360	6000000013669088593
Q75326362	6000000008552954242
Q75326388	6000000015357650082
Q75326391	6000000015357224328
Q75326392	6000000077511021626
Q75326422	6000000037831755900
Q75326429	6000000002188440394
Q75326431	6000000015357289820
Q75326453	6000000015137003154
Q75326455	6000000050457564906
Q75326456	6000000015136965572
Q75326472	6000000038094896369
Q75326474	6000000038095134072
Q75326475	6000000051697658036
Q75326478	6000000051728098821
Q75326481	6000000051729284859
Q75326482	6000000065178982008
Q75326525	6000000051730244840
Q75326547	6000000065177899821
Q75326550	6000000002188440402
Q75326551	6000000002188440408
Q75326552	6000000020341497386
Q75326739	6000000023742720010
Q75326741	6000000002764501789
Q75326750	6000000003220261519
Q75326752	305132839240001444
Q75326815	6000000006356753432
Q75326857	6000000003208264657
Q75326860	4302805837340043613
Q75326861	6000000001167867626
Q75326872	6000000003243253266
Q75326875	6000000120115819974
Q75326891	4302809274970055393
Q75326910	4294066826090039746
Q75326933	6000000084815589087
Q75326949	6000000023727354009
Q75326950	6000000003239661352
Q75326952	6000000003239661357
Q75326953	6000000003208512685
Q75326976	6000000008024976857
Q75327021	6000000002764501835
Q75327024	6000000023742683907
Q75327025	6000000024448621909
Q75327027	6000000010596217241
Q75327028	6000000010595722334
Q75327077	6000000109744422000
Q75327087	6000000024448308356
Q75327088	6000000018979338127
Q75327191	6000000020251978428
Q75327218	6000000008027473115
Q75327219	6000000002188514103
Q75327225	6000000084815832852
Q75327255	6000000079833290404
Q75327286	6000000002188510867
Q75327294	6000000019195068939
Q75327295	6000000002188510849
Q75327355	6000000114111717948
Q75327359	6000000023498806482
Q75327377	6000000031872907350
Q75327420	6000000037810390956
Q75327421	6000000076747024816
Q75327447	6000000002188510873
Q75327454	6000000010541310987
Q75327482	6000000019204073178
Q75327497	6000000055363994913
Q75327500	340281440020007969
Q75327558	6000000019839694019
Q75327561	6000000018727278826
Q75327562	6000000019880192149
Q75327569	6000000019842945571
Q75327598	6000000019764530642
Q75327600	6000000019764806466
Q75327604	6000000006145379191
Q75327605	6000000006145490564
Q75327607	6000000015549243245
Q75327632	6000000003004470899
Q75327636	6000000035007821209
Q75327653	6000000010360481465
Q75327658	6000000035007730468
Q75327658	6000000181074490821
Q75327661	6000000173188604832
Q75327666	6000000013417389046
Q75327668	6000000013417170880
Q75327673	6000000013417445782
Q75327705	6000000015890751681
Q75327707	6000000015461821337
Q75327709	6000000012228079674
Q75327714	6000000028184629674
Q75327716	6000000052093307894
Q75327717	6000000052093281853
Q75327720	6000000013329065010
Q75327724	6000000013326517361
Q75327725	6000000012663325387
Q75327726	6000000013324530571
Q75327771	6000000013384828702
Q75327778	6000000013300209464
Q75327782	6000000013300217792
Q75327785	6000000003219799235
Q75327786	6000000009412751470
Q75327789	6000000013289377387
Q75327833	6000000014050088721
Q75327839	6000000079194598448
Q75327847	6000000019015461496
Q75327850	6000000019733877333
Q75327854	6000000079195145270
Q75327856	6000000031302828547
Q75327867	6000000079194441354
Q75327902	6000000027710889002
Q75327904	6000000004079831005
Q75327905	6000000004079831012
Q75327906	6000000027710616559
Q75327919	6000000015875391125
Q75327961	6000000053688130095
Q75327967	6000000002188385677
Q75327968	6000000053688360982
Q75327973	6000000002188383767
Q75327974	6000000017805404907
Q75327977	6000000035810461413
Q75327981	6000000026281438032
Q75327985	6000000017684044823
Q75327994	6000000010371958684
Q75328021	6000000027034213986
Q75328072	6000000015583169398
Q75328073	6000000053690855988
Q75328077	6000000053691367821
Q75328230	6000000053717859918
Q75328244	6000000011906638197
Q75328245	6000000011905888084
Q75328247	6000000011906764451
Q75328255	6000000011907134745
Q75328256	6000000024976867246
Q75328304	6000000062300800879
Q75328305	6000000058875310221
Q75328322	6000000053717993009
Q75328334	6000000005067386202
Q75328350	6000000002188517909
Q75328377	6000000001877540878
Q75328390	6000000054080116138
Q75328416	6000000002188458647
Q75328418	6000000035082283327
Q75328425	6000000013341125144
Q75328440	6000000034902452086
Q75328443	6000000013340866925
Q75328450	6000000053717861972
Q75328459	6000000092632240836
Q75328461	6000000013341059110
Q75328465	6000000013340005007
Q75328476	6000000021828638257
Q75328481	6000000019367859145
Q75328483	6000000021871204006
Q75328488	6000000030043971019
Q75328501	6000000053717492254
Q75328507	6000000013372667571
Q75328521	6000000003901508707
Q75328527	6000000003901769304
Q75328530	6000000053717448243
Q75328536	6000000053735471889
Q75328538	6000000003901492872
Q75328539	6000000003901823066
Q75328541	6000000003901806118
Q75328541	6000000021516572341
Q75328543	6000000003901628659
Q75328543	6000000021516716980
Q75328545	6000000019906331589
Q75328552	6000000003899334432
Q75328553	6000000025431658106
Q75328561	6000000003899657466
Q75328599	6000000003900658959
Q75328600	6000000015059599685
Q75328626	6000000010224582376
Q75328630	6000000003901108536
Q75328632	6000000003900957986
Q75328664	6000000002188489996
Q75328671	6000000004079807383
Q75328677	6000000002188489978
Q75328678	6000000039374497157
Q75328692	6000000030482688098
Q75328698	6000000015259533759
Q75328713	6000000010224551691
Q75328720	6000000010224567511
Q75328721	6000000055582192023
Q75328743	6000000002188508296
Q75328745	6000000002188508302
Q75328754	6000000002188496207
Q75328757	6000000010230039393
Q75328768	6000000003131892558
Q75328774	6000000003132012998
Q75328776	6000000010224789261
Q75328790	5355963665120077384
Q75328792	5355998358520035890
Q75328800	5356064713240036206
Q75328813	5356142657730035973
Q75328824	5339104038440074788
Q75328825	5339109285950130882
Q75328832	6000000055608454906
Q75328834	6000000055607779499
Q75328837	6000000047786972829
Q75328841	6000000002188502964
Q75328842	6000000002613336975
Q75328858	6000000003132136700
Q75328901	6000000070170718185
Q75328906	6000000001808317064
Q75328910	6000000003132912276
Q75328911	6000000003132877982
Q75328913	6000000003132914194
Q75328932	6000000045379925125
Q75328933	6000000045379938897
Q75328940	6000000002188464774
Q75328942	6000000002188458740
Q75328954	6000000019450086615
Q75328960	6000000020250373137
Q75328963	6000000020250770904
Q75328964	6000000044414754860
Q75328965	6000000034630845389
Q75328967	6000000044414483139
Q75328968	6000000034630686654
Q75328970	6000000085765296207
Q75328972	6000000085757332098
Q75328984	6000000044413703651
Q75328985	6000000034631331959
Q75328991	6000000083531567947
Q75329005	6000000083500592631
Q75329011	6000000034631421898
Q75329013	6000000029145541534
Q75329043	6000000020250665067
Q75329044	6000000020250767926
Q75329046	6000000020250531395
Q75329047	6000000037531552380
Q75329048	6000000017507174344
Q75329050	6000000017507086410
Q75329055	6000000014740278821
Q75329071	6000000020250778067
Q75329086	6000000023756902831
Q75329129	6000000011341829124
Q75329144	6000000066851385907
Q75329166	6000000019652347354
Q75329207	6000000026450986228
Q75329209	6000000026450866152
Q75329218	6000000051416224010
Q75329220	6000000078243338449
Q75329221	6000000051416951867
Q75329248	6000000039400138118
Q75329298	6000000078252346082
Q75329300	6000000095467382256
Q75329362	6000000022899686535
Q75329363	6000000022900695979
Q75329365	6000000009939583707
Q75329366	6000000009939761251
Q75329375	6000000057089401833
Q75329394	6000000034722698088
Q75329425	6000000025803630639
Q75329429	6000000018170988178
Q75329506	6000000026450877327
Q75329509	6000000026450917179
Q75329520	6000000026450942208
Q75329523	6000000029422465901
Q75329528	6000000026440842776
Q75329530	6000000026441849003
Q75329564	6000000024959931894
Q75329566	6000000024959812429
Q75329587	6000000004097637684
Q75329590	6000000004097637705
Q75329596	6000000064626058951
Q75329597	6000000064625807981
Q75329652	6000000017807585126
Q75329673	6000000017807104723
Q75329818	6000000002188466040
Q75329872	6000000016945912842
Q75329873	6000000029576251311
Q75329888	6000000024233994367
Q75329890	6000000024234306461
Q75329891	6000000024234736875
Q75329932	6000000024234285980
Q75329934	6000000024234275508
Q75330025	6000000016389726755
Q75330057	6000000002188466947
Q75330070	6000000002188466939
Q75330073	6000000002188466048
Q75330090	6000000002188468003
Q75330091	6000000002188468009
Q75330112	6000000023083493509
Q75330154	6000000002300492669
Q75330163	6000000019981832769
Q75330171	6000000023723697973
Q75330172	6000000057135412858
Q75330187	6000000002188468678
Q75330188	6000000002188468809
Q75330190	6000000002188468686
Q75330191	6000000002188468801
Q75330202	6000000090887369033
Q75330220	6000000002188468706
Q75330230	6000000002188470015
Q75330232	6000000002188470068
Q75330234	6000000034452184344
Q75330236	6000000034452635833
Q75330237	6000000034452273514
Q75330239	6000000034451400806
Q75330240	6000000034451875645
Q75330251	6000000034452843020
Q75330295	6000000018328783626
Q75330367	6000000002188468942
Q75330386	6000000002188466034
Q75330386	6000000024874478694
Q75330389	6000000083429288688
Q75330390	6000000083429617187
Q75330429	6000000033370584085
Q75330432	6000000083430117825
Q75330469	6000000033356201227
Q75330471	6000000033356211091
Q75330474	6000000002188470150
Q75330482	6000000017038826146
Q75330483	6000000017038777912
Q75330486	6000000031873245772
Q75330526	6000000025358603057
Q75330534	6000000035976902490
Q75330542	6000000041466051926
Q75330544	6000000037223467235
Q75330549	6000000104491536832
Q75330556	6000000006583622197
Q75330559	6000000190457524140
Q75330560	6000000190457524111
Q75330562	6000000006583345588
Q75330563	6000000005051862077
Q75330565	6000000002188456945
Q75330578	6000000025874581966
Q75330578	6000000219769028825
Q75330579	6000000030501679884
Q75330579	6000000219768971872
Q75330580	6000000219768937861
Q75330584	6000000002188456446
Q75330584	6000000219768835908
Q75330587	6000000031745955606
Q75330588	6000000031014960175
Q75330599	6000000031746362215
Q75330603	6000000028507764756
Q75330606	6000000039785175095
Q75330619	6000000032100902262
Q75330621	6000000220899970836
Q75330623	6000000220899985824
Q75330636	6000000036519136802
Q75330640	6000000021932925045
Q75330642	6000000021932530665
Q75330652	6000000005598843006
Q75330671	6000000015679577411
Q75330674	6000000015679643163
Q75330678	6000000002188456475
Q75330681	6000000030415635269
Q75330712	6000000015605212062
Q75330713	6000000030500447539
Q75330723	6000000020209053418
Q75330723	6000000219769011834
Q75330723	6000000219769019848
Q75330728	6000000015163565910
Q75330729	6000000015163721774
Q75330732	6000000074284988933
Q75330733	6000000022173188630
Q75330734	6000000022173579829
Q75330736	6000000094778133926
Q75330784	6000000021376736185
Q75330797	6000000002188456552
Q75330798	6000000002188456560
Q75330800	6000000018515004494
Q75330805	6000000002188456574
Q75330808	6000000002188456582
Q75330809	6000000002188456590
Q75330811	6000000002188456598
Q75330813	6000000002188456606
Q75330814	6000000014908192081
Q75330816	6000000014907953191
Q75330819	6000000034169352859
Q75330828	6000000002188456622
Q75330832	6000000030806982491
Q75330842	6000000002188456538
Q75330843	6000000082890668047
Q75330844	6000000069723136371
Q75330846	6000000069723702040
Q75330847	6000000024167325203
Q75330850	6000000024166878715
Q75330851	6000000024167160243
Q75330852	6000000024166898417
Q75330854	6000000024167050787
Q75330860	6000000024166998492
Q75330863	6000000024166871545
Q75330867	6000000082888447812
Q75330871	6000000002188456729
Q75330873	6000000002188409894
Q75330873	6000000221118445947
Q75330876	6000000002188456755
Q75330877	6000000002188456762
Q75330878	6000000015581599647
Q75330880	6000000002188456743
Q75330880	6000000190458846870
Q75330882	6000000002188456750
Q75330882	6000000190457408018
Q75330927	6000000002188456798
Q75330928	6000000015582817632
Q75330940	6000000002188456849
Q75330942	6000000015605784387
Q75330943	6000000002188456863
Q75330949	6000000002188456875
Q75330952	6000000002188456898
Q75330952	6000000025605240024
Q75330954	6000000002188456885
Q75330955	6000000002188456904
Q75330957	6000000002188456912
Q75330962	6000000002188456939
Q75330962	6000000025603508425
Q75330966	6000000014273435765
Q75330968	6000000002188456358
Q75330969	6000000002188456343
Q75330991	6000000076898445859
Q75331005	6000000013012065162
Q75331009	6000000026041262992
Q75331020	6000000029984960224
Q75331024	6000000003216110747
Q75331027	6000000026041060515
Q75331029	6000000026040356608
Q75331036	6000000068026588972
Q75331038	6000000055620141782
Q75331047	6000000017201823595
Q75331073	6000000007385687269
Q75331108	6000000053264904292
Q75331143	6000000005598980614
Q75331148	6000000035301052190
Q75331160	6000000005599114051
Q75331163	6000000037747640932
Q75331176	6000000035301263118
Q75331180	6000000005690378038
Q75331207	6000000002280964213
Q75331215	6000000053705832943
Q75331265	6000000005599075085
Q75331270	6000000055623345966
Q75331291	6000000120667534934
Q75331293	6000000122734951889
Q75331312	6000000055623257003
Q75331347	6000000009729050038
Q75331366	6000000015665208121
Q75331378	6000000016875687207
Q75331380	6000000028744585096
Q75331381	6000000052001727961
Q75331382	6000000014050130222
Q75331389	6000000010026992227
Q75331394	6000000023496411906
Q75331395	6000000014749494836
Q75331408	6000000011824087113
Q75331440	6000000010008010502
Q75331454	6000000134661480849
Q75331482	6000000067860180318
Q75331483	6000000002188495459
Q75331485	6000000002831290687
Q75331556	6000000002188495478
Q75331562	6000000033586389762
Q75331563	6000000002831290692
Q75331565	6000000002188495494
Q75331570	6000000002188495453
Q75331572	6000000006814908792
Q75331665	6000000031073361172
Q75331678	6000000020382305097
Q75331683	6000000013694985342
Q75331687	5043525209930037669
Q75331692	6000000013695002225
Q75331722	6000000047284483431
Q75331730	6000000047284831144
Q75331786	6000000005759295762
Q75331797	6000000035301561080
Q75331801	6000000035301712079
Q75331841	6000000013700549024
Q75331848	6000000014528785132
Q75331851	6000000022542124367
Q75331852	6000000018194167106
Q75331867	6000000014528767558
Q75331869	6000000009860678063
Q75331885	6000000023058813580
Q75331889	6000000008880954699
Q75331900	6000000011508302120
Q75331909	6000000036491258753
Q75331912	6000000009861146435
Q75331913	6000000009861268302
Q75331917	6000000009861192486
Q75331934	6000000002703102683
Q75331946	6000000020382002709
Q75332082	6000000003266397215
Q75332112	6000000014019336480
Q75332122	6000000055594593235
Q75332126	6000000011818009142
Q75332144	6000000054030052074
Q75332154	6000000054029915060
Q75332155	6000000075290673892
Q75332162	6000000069502448978
Q75332172	6000000029304037914
Q75332176	6000000029303992921
Q75332177	6000000029303956848
Q75332178	6000000042577998175
Q75332259	6000000002188495429
Q75332260	6000000033579247152
Q75332265	6000000014334469284
Q75332268	6000000014334269919
Q75332293	6000000001396000571
Q75332342	6000000015652221041
Q75332346	6000000015652705477
Q75332350	6000000015652353020
Q75332351	6000000015652641269
Q75332353	6000000115424321934
Q75332355	6000000016271894044
Q75332364	6000000057251028896
Q75332421	6000000050455903068
Q75332423	6000000050455751984
Q75332424	6000000050456418921
Q75332448	6000000077296737097
Q75332449	6000000003217282888
Q75332451	6000000069201719834
Q75332481	6000000003217282882
Q75332484	6000000003217282912
Q75332485	6000000023211603861
Q75332503	6000000051501105989
Q75332522	6000000134496808821
Q75332524	6000000134498819821
Q75332528	6000000157943322852
Q75332533	6000000112906337826
Q75332536	6000000014024467141
Q75332538	6000000014024363095
Q75332571	6000000004868960650
Q75332574	6000000018780754823
Q75332593	6000000002856275502
Q75332594	6000000074663510255
Q75332595	6000000069989043853
Q75332597	6000000002626452396
Q75332630	6000000017155066474
Q75332634	6000000068238073821
Q75332635	6000000033592539353
Q75332646	6000000068236662085
Q75332677	6000000066453640918
Q75332681	6000000011199672195
Q75332691	6000000011458325646
Q75332694	6000000011458483442
Q75332741	6000000055468969897
Q75332742	6000000055468969940
Q75332744	6000000030472971053
Q75332772	6000000052001825159
Q75332788	6000000001591689096
Q75332823	6000000085481857923
Q75332866	6000000023367012976
Q75332867	6000000023366140504
Q75332869	6000000055556257107
Q75332873	6000000055557316901
Q75332881	6000000051522940833
Q75332883	6000000053266862887
Q75332907	6000000111756995942
Q75332984	6000000002188383734
Q75332986	6000000001877548180
Q75332987	6000000001877548003
Q75332989	6000000001877508077
Q75333	6000000120571470919
Q75333023	6000000037771619969
Q75333046	6000000002188479299
Q75333068	6000000025454303821
Q75333069	6000000002188514552
Q75333091	6000000012842812071
Q75333107	6000000025453376309
Q75333111	6000000015656059181
Q75333115	6000000002178240510
Q75333119	6000000002178165651
Q75333122	6000000014111680245
Q75333142	6000000008630254741
Q75333161	6000000009502061652
Q75333163	6000000002159690011
Q75333172	6000000011754043767
Q75333176	6000000011753604070
Q75333237	6000000002188475345
Q75333257	6000000008630250136
Q75333260	6000000008630250165
Q75333286	6000000001456940071
Q75333304	6000000001456610463
Q75333325	6000000061257366835
Q75333337	6000000001228780905
Q75333354	6000000009569613742
Q75333373	6000000000044940863
Q75333391	6000000025946415687
Q75333401	6000000025946942807
Q75333402	6000000053265750957
Q75333406	6000000025948488977
Q75333407	6000000025946999796
Q75333419	6000000025954132936
Q75333447	6000000045380844910
Q75333466	6000000008615600823
Q75333474	6000000002188517311
Q75333479	6000000016515321692
Q75333497	6000000016515744135
Q75333510	6000000015877005096
Q75333526	6000000002188517196
Q75333541	6000000002188508166
Q75333554	6000000002188517168
Q75333571	6000000002188517174
Q75333577	6000000100326868863
Q75333589	6000000002188517179
Q75333591	6000000002188517162
Q75333593	6000000015724501166
Q75333677	6000000004079799647
Q75333680	6000000004079799640
Q75333685	6000000005603248094
Q75333687	6000000005602680196
Q75333693	6000000005602954223
Q75333706	6000000030871961944
Q75333727	6000000078036497832
Q75333744	6000000007107765274
Q75333852	6000000020316878114
Q75333857	6000000018645199426
Q75333859	6000000018645705405
Q75333881	6000000024352033463
Q75333893	6000000055548479114
Q75333919	6000000017766689444
Q75333931	6000000039105960121
Q75333939	6000000017766749171
Q75333940	6000000050564597152
Q75333999	6000000081919484843
Q75334000	6000000081918277493
Q75334014	6000000013013723710
Q75334026	6000000024114306052
Q75334091	6000000011337218639
Q75334102	6000000013014188423
Q75334115	6000000019710695455
Q75334120	6000000002188508285
Q75334123	6000000012051999166
Q75334129	6000000030069962224
Q75334131	6000000066455223835
Q75334149	6000000026451993620
Q75334158	6000000004148885896
Q75334159	6000000013235116424
Q75334160	6000000039571082381
Q75334163	6000000004148891795
Q75334165	6000000015987728867
Q75334246	6000000003935885734
Q75334278	6000000026450132245
Q75334279	6000000026452801188
Q75334281	6000000011303840994
Q75334296	6000000077445010857
Q75334351	6000000028018195672
Q75334360	6000000015976133810
Q75334362	6000000015976181351
Q75334372	6000000016018857752
Q75334384	6000000052824409959
Q75334385	6000000094811636236
Q75334424	6000000052824759821
Q75334502	6000000002188496704
Q75334511	6000000017518770438
Q75334524	6000000046373969896
Q75334534	6000000057434343513
Q75334538	6000000003891557859
Q75334541	6000000018614404782
Q75334542	6000000057435472866
Q75334545	6000000057435220033
Q75334583	6000000005599019064
Q75334602	6000000043739030916
Q75334623	6000000015652663292
Q75334643	6000000015652233078
Q75334672	6000000018278835036
Q75334755	6000000019684313037
Q75334756	6000000065029130118
Q75334802	6000000002188479537
Q75334830	6000000002188479530
Q75334849	6000000008880977546
Q75334860	6000000001588984003
Q75334887	6000000031628498368
Q75334890	6000000001577135665
Q75334903	6000000001577337520
Q75334913	6000000035704842543
Q75334918	6000000035705207631
Q75334919	6000000027491583566
Q75334920	6000000027491256692
Q75334944	6000000035706001087
Q75334958	6000000035704980451
Q75334960	6000000035705329254
Q75334970	6000000035698906129
Q75334975	6000000015652640051
Q75334981	6000000015652641076
Q75334984	6000000027453168001
Q75334986	6000000015652643031
Q75334994	6000000015652665166
Q75335	6000000028942442222
Q75335002	6000000015652717055
Q75335025	6000000035706027177
Q75335026	6000000077382323424
Q75335095	6000000035706345080
Q75335097	6000000001299284958
Q75335115	6000000035706095335
Q75335127	6000000003687365386
Q75335130	6000000017611009394
Q75335139	6000000048305529207
Q75335142	6000000021707372137
Q75335145	6000000003687359958
Q75335146	6000000000352559415
Q75335152	6000000031546206799
Q75335154	6000000031546467450
Q75335159	6000000006953243321
Q75335173	6000000017338203764
Q75335237	6000000003923246525
Q75335266	6000000026311239450
Q75335274	6000000018342917397
Q75335276	6000000003687365401
Q75335279	6000000003687365424
Q75335287	6000000003687370073
Q75335289	6000000011072892378
Q75335296	6000000028247411940
Q75335298	6000000028247316074
Q75335307	6000000046792635196
Q75335309	6000000046792731038
Q75335357	6000000108543896821
Q75335358	6000000029998916304
Q75335360	6000000036286297255
Q75335378	6000000018376001576
Q75335391	6000000031546461266
Q75335392	6000000031546455090
Q75335399	6000000019152311372
Q75335400	6000000019152202576
Q75335401	6000000026214974177
Q75335422	6000000009293796865
Q75335429	6000000013520016657
Q75335430	6000000015275651514
Q75335467	6000000009136930686
Q75335468	6000000015274441699
Q75335471	6000000009118549297
Q75335477	6000000008640719378
Q75335511	6000000015274392655
Q75335533	6000000019385514794
Q75335537	6000000013441237284
Q75335539	6000000015275266654
Q75335586	5180846459080069328
Q75335616	6000000016546080388
Q75335640	6000000042716025445
Q75335683	6000000060024928084
Q75335710	6000000011338074062
Q75335718	6000000028761040873
Q75335725	6000000012844962599
Q75335727	6000000012845145358
Q75335731	6000000015879252198
Q75335737	6000000035328144855
Q75335803	6000000002802172111
Q75335805	6000000002764356260
Q75335809	6000000056526524179
Q75335819	6000000017079417262
Q7533582	6000000037826803520
Q75335837	6000000009588577526
Q75335875	6000000009588421239
Q75335876	6000000009729120784
Q7533588	6000000007759923758
Q75335882	6000000034209636999
Q75335883	6000000010024289365
Q75335908	6000000056526662107
Q75335910	6000000056526497127
Q75335915	6000000023413070305
Q75335926	6000000002167361217
Q75335935	6000000011512172949
Q75335946	6000000040175760965
Q75335952	6000000040149759551
Q75335956	6000000024773463787
Q75335962	6000000025284390493
Q75335966	6000000006583174009
Q75335986	6000000006582674969
Q75335989	6000000006582610840
Q75335997	6000000017079473667
Q75336010	6000000006435911349
Q75336059	6000000010344108457
Q75336060	6000000002188479980
Q75336061	6000000002188479940
Q75336064	6000000002188479988
Q75336067	6000000002188479953
Q75336072	6000000002188479946
Q75336079	6000000002188479994
Q75336081	6000000002188480000
Q75336082	6000000005437486876
Q75336087	6000000005437486934
Q75336095	6000000002188483151
Q75336098	6000000066369087322
Q75336104	6000000008002120484
Q75336111	6000000007107551829
Q75336113	6000000007107331654
Q75336126	6000000002188483107
Q75336127	6000000002188483178
Q75336141	6000000002188483185
Q75336162	6000000015259022079
Q75336188	6000000066476401885
Q75336222	6000000002188483357
Q75336223	6000000002188483362
Q75336225	6000000002188483367
Q75336229	6000000071257309982
Q75336231	6000000071258179837
Q75336272	6000000002188483341
Q75336275	6000000067835820952
Q75336283	6000000078572730125
Q75336296	6000000022347742911
Q75336298	6000000022347628226
Q75336299	6000000022347704980
Q75336302	6000000022347228622
Q75336309	6000000002188483502
Q75336310	6000000002188483508
Q75336317	6000000002188483531
Q75336358	6000000011244406262
Q75336411	6000000015839863981
Q75336412	6000000015840129411
Q75336416	6000000023701160059
Q75336420	6000000013538978152
Q75336429	6000000004079799823
Q75336430	6000000016035083873
Q75336433	6000000004079799853
Q75336491	6000000062910942855
Q75336494	6000000062910835887
Q75336495	6000000062910725982
Q75336514	290979676490003209
Q75336531	6000000015549642698
Q75336592	6000000015549771095
Q75336593	6000000015549571454
Q75336602	6000000015662509727
Q75336603	6000000015663403240
Q75336604	6000000015665182206
Q75336618	6000000020398094874
Q75336620	6000000020398055924
Q75336623	6000000020397770616
Q75336624	6000000020397384784
Q75336626	6000000020397784677
Q75336630	6000000020398020852
Q75336631	6000000020397424644
Q75336633	6000000020397495702
Q75336643	6000000020397509973
Q75336645	6000000020397481933
Q75336650	6000000011326445766
Q75336652	6000000011326548506
Q75336654	6000000013127405363
Q75336680	6000000055205052830
Q75336704	6000000011327309267
Q75336738	6000000031014348264
Q75336748	6000000002764858910
Q75336752	6000000002765728429
Q75336753	6000000002765728401
Q75336775	6000000037623270437
Q75336792	6000000025915200679
Q75336836	6000000055395936201
Q75336837	6000000052944378893
Q75336838	6000000052944299035
Q75336845	6000000081370801913
Q75336849	6000000052944356915
Q75336866	6000000052944253092
Q75336867	6000000052943838255
Q75336870	6000000052944468882
Q75336889	6000000003892025449
Q75336906	6000000078752089612
Q75336908	6000000078747331232
Q75336909	6000000078752713838
Q75336960	6000000066935196345
Q75336974	6000000033446597304
Q75337021	6000000011692434911
Q75337042	6000000014749738483
Q75337045	6000000011118271814
Q75337046	6000000002831284848
Q75337051	6000000002831284826
Q75337058	6000000015161237580
Q75337071	6000000014318137562
Q75337072	6000000012750744288
Q75337086	6000000051498551858
Q75337112	6000000014748716875
Q75337115	6000000026325949080
Q75337118	6000000013694326826
Q75337121	6000000051498435842
Q75337131	6000000026326352973
Q75337147	6000000051498302880
Q75337167	6000000020437126924
Q75337170	6000000018889394586
Q75337174	6000000012597151563
Q75337178	6000000020437287829
Q75337180	6000000020441690783
Q75337188	6000000004868058212
Q75337190	6000000026369420671
Q75337198	6000000026410710377
Q75337210	6000000013168023619
Q75337223	6000000002188477858
Q75337226	6000000002188477864
Q75337227	6000000013383191830
Q75337229	6000000013381154444
Q75337231	6000000013381363728
Q75337232	6000000026411280344
Q75337234	6000000026411280339
Q75337260	6000000013384511305
Q75337262	6000000055855326855
Q75337269	6000000002188477869
Q75337274	6000000014660486109
Q75337276	6000000019397058026
Q75337309	6000000015840768416
Q75337331	6000000002188477892
Q75337334	6000000015065988184
Q75337337	6000000002188477898
Q75337339	6000000008880599091
Q75337341	6000000002188477904
Q75337343	6000000008880611925
Q75337348	6000000019336983887
Q75337349	6000000000076308857
Q75337355	6000000019337383730
Q75337360	6000000019337626688
Q75337362	6000000019337432982
Q75337365	6000000023073318614
Q75337367	6000000012651089995
Q75337369	6000000012651457859
Q75337383	6000000048344838830
Q75337393	6000000027682467202
Q75337397	6000000048346279891
Q75337433	6000000015664816919
Q75337442	6000000011386272627
Q75337466	6000000052825593170
Q75337477	6000000018765513743
Q75337494	6000000081253170063
Q75337534	6000000037455764181
Q75337612	6000000002188524372
Q75337637	6000000002188483842
Q75337692	6000000015839978341
Q75337694	6000000015839993453
Q75337698	6000000015840129492
Q75337705	6000000015840093749
Q75337732	6000000002188477555
Q75337741	6000000002188477570
Q75337744	6000000002188477584
Q75337745	6000000088955786141
Q75337758	6000000002188477623
Q75337830	6000000002188489030
Q75337832	6000000002188489036
Q75337849	6000000002188489077
Q75337851	6000000002188489084
Q75337852	6000000002188489091
Q75337858	6000000016254144030
Q75337944	6000000040502442855
Q75337972	6000000005686945772
Q75337974	6000000017652639573
Q75337989	6000000017018293061
Q75338	6000000022770521147
Q75338003	6000000035809873467
Q75338016	6000000009911717289
Q75338021	6000000009913090392
Q75338035	6000000035928008661
Q75338046	6000000035787486952
Q75338060	6000000013381189498
Q75338065	6000000002188475326
Q75338067	6000000002188477928
Q75338072	6000000023043014850
Q75338073	6000000056432967092
Q75338085	6000000007469779286
Q75338094	6000000007061686461
Q75338097	6000000004079807286
Q75338128	6000000015864395890
Q75338143	6000000057142812902
Q75338184	6000000002188508639
Q75338195	6000000012674310730
Q75338209	6000000020709341661
Q75338210	6000000025510578994
Q75338269	6000000028353637412
Q75338271	6000000033238347462
Q75338273	6000000033238508132
Q75338280	6000000033238253493
Q75338281	6000000033238547049
Q75338284	6000000033238500426
Q75338358	6000000057142765828
Q75338401	6000000019976437055
Q75338402	6000000019976347063
Q75338407	6000000019976367331
Q75338411	6000000081317505477
Q75338418	6000000057440679023
Q75338477	6000000011319261016
Q75338528	6000000002787889096
Q75338532	6000000002757081115
Q75338535	6000000112282140842
Q75338544	6000000017269906244
Q75338547	6000000017269333507
Q75338549	6000000017268970955
Q75338553	6000000017270140105
Q75338555	6000000043973902515
Q75338561	6000000044071563395
Q75338562	6000000044071895018
Q75338570	6000000033838729164
Q75338588	6000000036440922559
Q75338589	6000000036441429845
Q75338607	6000000015863751903
Q75338636	6000000114875943142
Q75338638	6000000114812974900
Q75338716	6000000010981924965
Q75338721	6000000010992567265
Q75338726	6000000010992633248
Q75338729	6000000002756944569
Q75338732	6000000002756534451
Q75338733	6000000002757160003
Q75338735	6000000002757314006
Q75338769	6000000002756933908
Q75338770	6000000002757243856
Q75338785	6000000011001234509
Q75338789	6000000010992155864
Q75338803	6000000002757232006
Q75338804	6000000002757177348
Q75338823	6000000042753031293
Q75338828	6000000010992117885
Q75338839	6000000010971481251
Q75338843	6000000013306562231
Q75338852	6000000020879418863
Q75338883	6000000025792068099
Q75338923	6000000020879512884
Q75338935	6000000109281496864
Q75338982	6000000010972112179
Q75338987	6000000010996170314
Q75338988	6000000010995969953
Q75338992	6000000010996100486
Q75338994	6000000010995843109
Q75339001	6000000001075380531
Q75339023	6000000055028753591
Q75339034	6000000006094373038
Q75339046	6000000006058497008
Q75339058	6000000010995934758
Q75339074	6000000009045507607
Q75339081	6000000012216071506
Q75339088	6000000028338454431
Q75339089	6000000010961361183
Q75339147	6000000036311314067
Q75339188	6000000002787954010
Q75339208	6000000002787709560
Q75339209	6000000002787689413
Q75339309	6000000014063930405
Q75339312	6000000014063975646
Q75339313	6000000014063967211
Q75339314	6000000066556486132
Q75339327	6000000018850245164
Q75339348	6000000015656063244
Q75339371	6000000002188520103
Q75339380	6000000015726112461
Q75339383	6000000000646197992
Q75339384	6000000000646311480
Q75339392	6000000031837803650
Q75339413	6000000016491379284
Q75339423	6000000012508163827
Q75339428	6000000016491017655
Q75339456	6000000015727179061
Q75339480	6000000004079619645
Q75339483	6000000004079601426
Q75339484	6000000025645047561
Q75339497	6000000060005333845
Q75339507	6000000023330354872
Q75339517	6000000023330014553
Q75339518	6000000023330026679
Q75339521	6000000032272573015
Q75339522	6000000024206308080
Q75339524	6000000000886030712
Q75339528	6000000014277151736
Q75339529	6000000014278066327
Q75339533	6000000000886021459
Q75339538	6000000018741706088
Q75339539	6000000000886030619
Q75339553	6000000057104438733
Q75339554	6000000057105137838
Q75339569	6000000040996238479
Q75339580	6000000008908655847
Q75339581	6000000121906076005
Q75339588	6000000004079619859
Q75339597	6000000004079619877
Q75339600	6000000004079619792
Q75339604	6000000004079619651
Q75339611	6000000018849620241
Q75339611	6000000183909688869
Q75339615	6000000048344980925
Q75339621	6000000090023492961
Q75339624	6000000008880502065
Q75339625	6000000002898234766
Q75339628	6000000004079619700
Q75339631	6000000011838887622
Q75339644	6000000004079619768
Q75339648	6000000004079619780
Q75339660	6000000052159817102
Q75339676	6000000004079619786
Q75339677	6000000014413292642
Q75339694	6000000025955206306
Q75339701	6000000055360916950
Q75339705	6000000025947660532
Q75339711	6000000054978344936
Q75339718	6000000025947518404
Q75339724	6000000009915103795
Q75339738	6000000056705523108
Q75339740	6000000056705021341
Q75339742	6000000056705806899
Q75339757	6000000056704275815
Q75339758	6000000056718608267
Q75339760	6000000030970951877
Q75339778	6000000002898111796
Q75339797	6000000019410796665
Q75339809	6000000052193236277
Q75339826	6000000032323289958
Q75339864	6000000005760904281
Q75339868	6000000004079757697
Q75339883	6000000017603934379
Q75339889	6000000017604214052
Q75339901	6000000024530438586
Q75339904	6000000011773003168
Q75339912	6000000013564258782
Q75339925	6000000076277047821
Q75339945	6000000014423620529
Q75339949	6000000011820059848
Q75339951	6000000002188493350
Q75339953	6000000002188493365
Q75339968	6000000050458538925
Q75339970	6000000050458699838
Q75339971	6000000048192636919
Q75339985	6000000050453929027
Q75339991	6000000006341262278
Q75340	6000000140229554968
Q75340025	6000000039084738378
Q75340026	6000000014422533739
Q75340035	6000000014423540092
Q75340058	6000000014423434035
Q75340076	6000000028276759646
Q75340082	6000000012095177206
Q75340083	6000000012094481725
Q75340090	6000000002188551349
Q75340091	6000000002188551334
Q75340093	6000000002188551356
Q75340096	6000000013440917229
Q75340119	6000000006110854009
Q75340120	6000000055584111987
Q75340122	6000000008544541193
Q75340129	6000000013188194353
Q75340133	6000000055584131097
Q75340135	6000000014388644199
Q75340141	6000000013187890923
Q75340163	6000000029996735977
Q75340165	6000000014325158569
Q75340173	6000000014324382989
Q75340177	6000000014325829187
Q75340179	6000000014325817512
Q75340185	6000000001368765012
Q75340187	6000000010240399466
Q75340195	6000000005843610001
Q75340196	6000000010240175827
Q75340202	6000000052987526246
Q75340204	6000000013490682759
Q75340206	6000000076826799216
Q75340217	6000000010145387249
Q75340229	6000000015953165422
Q75340232	6000000010145225622
Q75340293	6000000005850207018
Q75340298	6000000020249968147
Q75340301	6000000011135301240
Q75340305	6000000016035194436
Q75340306	6000000016035226341
Q75340307	6000000016035324606
Q75340309	6000000011650896902
Q75340341	6000000014311705341
Q75340343	6000000009294864725
Q75340345	6000000020798326911
Q75340347	6000000034753214749
Q75340361	6000000036834773699
Q75340385	6000000017282265524
Q75340394	6000000005909234612
Q75340405	6000000014552741015
Q75340406	6000000039218921996
Q75340407	6000000039218696060
Q75340424	6000000020398335969
Q75340427	6000000020402247385
Q75340432	6000000037110567286
Q75340467	6000000037356223020
Q75340468	6000000037356263122
Q75340474	6000000037355691717
Q75340513	6000000037355917593
Q75340525	6000000017547427268
Q75340529	6000000053908281883
Q75340531	6000000053910166949
Q75340537	6000000092688584916
Q75340549	6000000053908129964
Q75340552	6000000017546996648
Q75340627	6000000019541838027
Q75340717	6000000019541838031
Q75340718	6000000019541911179
Q75340721	6000000019541911185
Q75340740	6000000053906185913
Q75340763	5259066194250109371
Q75340821	6000000011361501794
Q75340918	6000000016688587818
Q75340931	6000000016688995140
Q75340938	6000000011336863622
Q75340941	6000000011336347157
Q75340950	6000000011336758519
Q75340951	6000000011336923513
Q75340953	6000000011336696171
Q75340956	6000000015935066915
Q75340962	6000000011336737533
Q75340964	6000000011336846418
Q75340966	6000000030096161214
Q75340967	6000000011336972218
Q75341059	6000000017554253076
Q75341061	6000000017553934611
Q75341071	6000000012536275095
Q75341125	6000000000394023700
Q75341155	6000000025818805878
Q75341156	6000000025818770997
Q75341158	6000000025818063767
Q75341159	6000000025818133688
Q75341260	6000000026400117428
Q75341265	6000000026405679839
Q75341276	6000000011361297666
Q75341350	6000000030633807051
Q75341352	6000000036215924140
Q75341355	6000000033077685954
Q75341356	6000000036216484902
Q75341365	6000000056384807847
Q75341368	6000000039214305330
Q75341371	6000000019394655475
Q75341374	6000000020238582827
Q75341404	6000000008834704403
Q75341408	6000000008834706521
Q75341410	6000000008834739339
Q75341416	6000000011361102980
Q75341439	6000000017683206441
Q75341442	6000000011361436148
Q75341443	6000000005599219147
Q75341479	6000000010431295090
Q75341483	6000000014386774437
Q75341507	6000000011361544636
Q75341515	6000000002188517434
Q75341518	6000000011361382019
Q75341520	6000000011361242670
Q75341523	6000000015095583764
Q75341529	6000000012644451515
Q75341539	6000000050511557017
Q75341544	6000000014558516893
Q75341545	6000000014558585536
Q75341603	6000000057016967832
Q75341620	6000000050512373284
Q75341623	6000000050513122870
Q75341654	6000000011361298502
Q75341661	6000000006146089456
Q75341682	6000000009176153584
Q75341706	6000000010536652390
Q75341768	6000000002188514217
Q75341773	6000000006360292616
Q75341782	6000000011707652398
Q75341803	6000000011707782764
Q75341806	6000000011707290147
Q75341817	6000000030958631885
Q75341852	6000000001153895945
Q75341858	6000000006918064847
Q75341863	6000000026533759572
Q75341897	6000000000129368469
Q75341902	6000000026534580201
Q75341911	6000000023083310548
Q75341930	6000000051507497829
Q75341933	6000000051507481840
Q75341940	6000000026756790836
Q75341943	6000000019736809023
Q75341952	6000000051508255826
Q75341955	6000000051507057918
Q75341957	6000000019606704400
Q75341963	6000000051508416843
Q75341964	6000000051508289935
Q75341969	6000000058989927888
Q75341974	6000000111186290845
Q75341978	6000000121077847909
Q75341980	6000000121082995889
Q75341982	6000000009316652225
Q75341984	6000000121081619940
Q75341986	6000000121082290855
Q75341991	6000000111185853935
Q75341992	6000000026227010585
Q75341994	6000000111186658963
Q75341995	6000000121084066954
Q75342	6000000001900582221
Q753420	6000000007337160174
Q75342022	6000000094193096191
Q75342023	6000000053093203857
Q75342034	6000000051506134020
Q75342047	6000000051505855038
Q75342050	6000000001794833145
Q75342056	6000000002188502944
Q75342058	6000000002188502875
Q75342060	6000000029792369186
Q75342091	6000000002188502903
Q75342094	6000000002188502910
Q75342114	6000000014867638758
Q75342118	6000000034786908156
Q75342121	6000000025892050787
Q75342126	6000000025892297204
Q75342130	6000000014867807728
Q75342131	6000000014859603139
Q75342142	6000000014859670003
Q75342159	6000000023143381387
Q75342163	6000000023143840911
Q75342166	6000000023143840916
Q75342286	6000000056919940823
Q75342288	6000000056919918895
Q75342320	6000000005694951002
Q75342362	6000000008545384718
Q75342367	6000000010372281355
Q75342370	6000000010371835805
Q75342371	6000000030666409957
Q75342373	6000000001080697464
Q75342374	6000000001058608287
Q75342384	6000000008256443034
Q75342385	6000000008260487177
Q75342413	6000000035929441379
Q75342414	6000000024499185331
Q75342417	6000000024499038482
Q75342487	6000000016303740394
Q75342489	6000000016303373738
Q75342523	6000000067379357860
Q75342590	6000000044925096006
Q75342594	6000000012163724202
Q75342613	6000000044924118102
Q75342686	6000000002907032624
Q75342691	6000000002907032638
Q75342692	6000000012787271340
Q75342718	6000000035927945800
Q75342719	6000000035927992671
Q75342721	6000000035928887961
Q75342723	6000000002188517493
Q75342724	6000000029076545869
Q75342725	6000000030962413465
Q75342726	6000000030962538013
Q75342774	6000000002188517523
Q75342775	6000000026353887957
Q75342778	6000000026188059073
Q75342780	6000000026187718234
Q75342791	6000000026187803700
Q75342792	6000000026187804438
Q75342795	6000000026188162937
Q75342803	6000000025278363673
Q75342805	6000000025278447483
Q75342806	6000000026188178881
Q75342809	6000000025278153399
Q75342811	6000000025279461039
Q75342812	6000000025278890166
Q75342814	6000000025279690889
Q75342819	6000000070642588965
Q75342820	6000000070642388330
Q75342823	6000000052208032838
Q75342839	6000000070642708017
Q75342870	6000000002188517335
Q75342878	6000000025903396423
Q75342886	6000000008606243627
Q75342889	6000000055571270172
Q75342902	6000000041742325832
Q75342903	302453114010002944
Q75342922	6000000012934482397
Q75342924	6000000012934536368
Q75342942	6000000012934569299
Q75342943	6000000012997494541
Q75342950	6000000012934504480
Q75342956	6000000117820015992
Q7534300	6000000057472960834
Q75343037	6000000012995966203
Q75343038	6000000025903489530
Q75343041	6000000013009400472
Q75343042	6000000013009337197
Q75343042	6000000040094947237
Q75343045	6000000013009307919
Q75343046	6000000025903762937
Q75343047	6000000013009378390
Q75343049	6000000013009250070
Q75343050	6000000002188517505
Q75343054	6000000008990599676
Q75343055	6000000008990597387
Q75343057	6000000008990665202
Q75343076	6000000002188517364
Q75343077	6000000026209278329
Q75343081	6000000026206193410
Q75343083	6000000038495808894
Q7534311	6000000091609459921
Q75343116	6000000026207601516
Q75343181	6000000011739471704
Q75343183	6000000004868558700
Q75343188	6000000018903850052
Q75343198	6000000009425896136
Q75343274	6000000013343216195
Q75343277	6000000008428562174
Q75343304	6000000009527268418
Q75343308	6000000013398358102
Q75343321	6000000004867296919
Q75343332	6000000043023224913
Q75343407	6000000021016443688
Q75343449	6000000018902813322
Q75343484	6000000005598942745
Q75343494	6000000034786265183
Q75343504	6000000018899930570
Q75343510	6000000031814194953
Q75343524	6000000023937909100
Q75343534	6000000010599961509
Q75343569	6000000007608388253
Q75343571	6000000004867686868
Q75343612	6000000013381380739
Q75343614	6000000010164538862
Q75343615	6000000013381784920
Q75343616	6000000013381845665
Q75343621	6000000013381798822
Q75343622	6000000033821736990
Q75343624	6000000013381296634
Q75343636	6000000033821747038
Q75343640	6000000013380810955
Q75343650	6000000033822747189
Q75343659	6000000071402919925
Q75343691	6000000033821810969
Q75343693	6000000017237917738
Q75343694	6000000056964047847
Q75343697	6000000056919828857
Q75343700	6000000056963700969
Q75343701	6000000056963619996
Q75343704	6000000017238618016
Q75343716	6000000017238314593
Q75343719	6000000053847955281
Q75343732	6000000032276223049
Q75343734	6000000013381402044
Q75343736	6000000013381806850
Q75343743	6000000008578924944
Q75343750	6000000008578615118
Q75343752	6000000008578931359
Q75343758	6000000020623793830
Q75343759	6000000027329214853
Q75343762	6000000008579703585
Q75343768	6000000052094975313
Q75343769	6000000052095753821
Q75343774	6000000051551945866
Q75343786	6000000009928127673
Q75343794	6000000044090994848
Q75343805	6000000019600686960
Q75343870	6000000008951115511
Q75343871	6000000026560654115
Q75343873	6000000008907944410
Q75343875	6000000029590606879
Q75343878	6000000008974625363
Q75343909	6000000012215900130
Q75343912	6000000001075405883
Q75343913	6000000002188542868
Q75343914	6000000056992760084
Q75343968	6000000002898237106
Q75343972	6000000030879598438
Q75343973	6000000050254489251
Q75344029	6000000030879791336
Q75344032	6000000050254427821
Q75344035	6000000050254359844
Q75344036	6000000050252210217
Q75344045	6000000027449659175
Q75344049	6000000027449635638
Q75344052	6000000027449739552
Q75344056	6000000027449717561
Q75344112	6000000025631106448
Q75344121	6000000026560607024
Q75344122	6000000026557776100
Q75344126	6000000012299842209
Q75344180	6000000014385055096
Q75344182	6000000069793497978
Q75344218	6000000044172969940
Q75344232	6000000026463065878
Q75344234	6000000004868558613
Q75344239	6000000016767357672
Q75344247	6000000026560726649
Q75344248	6000000026560404417
Q75344253	6000000026560618051
Q75344254	6000000087181089018
Q75344284	6000000026560358129
Q75344309	6000000026560266554
Q75344332	6000000026559451727
Q75344333	6000000026559899587
Q75344336	6000000026559338777
Q75344340	6000000026560065516
Q75344365	6000000023391023272
Q75344426	6000000016698779702
Q75344432	6000000013522204496
Q75344434	6000000013522305127
Q75344439	6000000046864527942
Q75344444	6000000046864052001
Q75344449	6000000046864399024
Q75344465	6000000046837048962
Q75344466	6000000016698621406
Q75344476	6000000016698684539
Q75344477	6000000046837998075
Q75344497	6000000016698609400
Q75344499	6000000046867467821
Q75344500	6000000046867316001
Q75344514	6000000016698712373
Q75344519	6000000016698805165
Q75344521	6000000046844972228
Q75344522	6000000046844559531
Q75344532	6000000016698401809
Q75344533	6000000046848111003
Q75344538	6000000046848206942
Q75344564	6000000057236589873
Q75344567	6000000025808925154
Q75344570	6000000067379202981
Q75344571	6000000016735718743
Q75344583	6000000022923276347
Q75344590	6000000013071532230
Q75344591	6000000013071532235
Q75344601	6000000012798740050
Q75344618	6000000025693753431
Q75344621	6000000025707893800
Q75344626	6000000013490722610
Q75344630	6000000013490899433
Q75344641	6000000015250546160
Q75344650	6000000017296541210
Q75344654	6000000035424038945
Q75344669	6000000035422982875
Q75344717	6000000030518506858
Q75344730	6000000075871738843
Q75344784	6000000066447916821
Q75344789	6000000005437612351
Q75344791	6000000028343317406
Q75344793	6000000028343253426
Q75344797	6000000013346256251
Q75344819	6000000028353356647
Q75344823	6000000013370543855
Q75344829	6000000028353556831
Q75344842	6000000013490831348
Q75344847	6000000013487499858
Q75344848	6000000039773589822
Q75344854	6000000012538674775
Q75344856	6000000024616964848
Q75344861	6000000013490856934
Q75344875	6000000027873980715
Q75344879	6000000027873609585
Q75344887	6000000027873757771
Q75344908	6000000027873498356
Q75344912	6000000027874222258
Q75344923	6000000027874443662
Q75344979	6000000004867205243
Q75345026	6000000048637562249
Q75345028	6000000048638123861
Q75345030	6000000048637451546
Q75345032	6000000048638191935
Q75345045	6000000048638253960
Q75345048	6000000031190460276
Q75345051	6000000028064797137
Q75345081	6000000026646886829
Q75345097	6000000030765559644
Q75345099	6000000030766389030
Q75345147	6000000020985984996
Q75345162	6000000014988333867
Q75345170	6000000016333696584
Q75345174	6000000016334268419
Q75345189	6000000026024142652
Q75345190	6000000026025040898
Q75345225	6000000081152779821
Q75345229	6000000002178126389
Q75345245	6000000035285840425
Q75345246	6000000035286196967
Q75345254	6000000068578776887
Q75345281	6000000004867300101
Q75345287	6000000048614711861
Q75345357	6000000004868798267
Q75345378	4502017463280083874
Q75345380	6000000020269289841
Q75345382	6000000041521999073
Q75345386	6000000041522211932
Q75345399	6000000020268927765
Q75345401	6000000011105930921
Q75345403	6000000012094837073
Q75345407	6000000024387646296
Q75345409	6000000002188458154
Q75345457	6000000013557051620
Q75345518	6000000030070121937
Q75345527	6000000002188502588
Q75345534	6000000002188502510
Q75345580	6000000068075653986
Q75345583	6000000024290548035
Q75345620	6000000002188502710
Q75345650	6000000017103704958
Q75345656	6000000017103830356
Q75345667	6000000005797583182
Q75345669	6000000005796944433
Q75345680	6000000012912793252
Q75345724	6000000024237282081
Q75345751	6000000017103378183
Q75345753	6000000051288367063
Q75345769	6000000002188502467
Q75345771	6000000017468946258
Q75345781	6000000002188502472
Q75345783	6000000002188502477
Q75345789	6000000055864065834
Q75345891	6000000001593161334
Q75345894	6000000001593055189
Q75345895	6000000001593056615
Q75345897	6000000001593223249
Q75345898	6000000001593035387
Q75345903	6000000001593333248
Q75345923	6000000029936543951
Q75345925	6000000035444606478
Q75345926	6000000034632111291
Q75345928	6000000002898163008
Q75345979	6000000030973315452
Q75345990	6000000009894342925
Q75345995	6000000005029923103
Q75346037	6000000014200233508
Q75346048	6000000054290851975
Q75346057	6000000014440278391
Q75346071	6000000014643941981
Q75346084	6000000004868239919
Q75346087	6000000004867686990
Q75346088	6000000004868798304
Q75346094	6000000013649618051
Q75346095	6000000013648880073
Q75346120	6000000004868798339
Q75346122	6000000024492687655
Q75346135	6000000015663253375
Q75346154	6000000002188475990
Q75346164	6000000002188477020
Q75346167	6000000002188477026
Q75346174	6000000002188477032
Q75346176	6000000002188477038
Q75346182	6000000002188477067
Q75346194	6000000002188477104
Q75346203	6000000002188477110
Q75346206	6000000002188477116
Q75346207	6000000002188477122
Q75346208	6000000002188477128
Q75346210	6000000002188477134
Q75346211	6000000002188477140
Q75346213	6000000002188477146
Q75346214	6000000002188477364
Q75346223	6000000002188477369
Q75346224	6000000002188477374
Q75346265	6000000002188477419
Q75346269	6000000006567159514
Q75346270	6000000002898169939
Q75346273	6000000002898169933
Q75346330	6000000008631003579
Q75346334	6000000025982485286
Q75346336	6000000016035220543
Q75346342	6000000076281133832
Q75346344	6000000076278258336
Q75346358	6000000055470693087
Q75346385	6000000014386606484
Q75346394	6000000039876454036
Q75346407	6000000003626422268
Q75346446	6000000010554463442
Q75346466	6000000116182760821
Q75346467	6000000044536148942
Q75346478	6000000135637646987
Q75346524	6000000018753442204
Q75346527	6000000020218144100
Q75346553	6000000019280215796
Q75346555	6000000025526393289
Q75346558	6000000030453374935
Q75346613	6000000019280912208
Q75346624	6000000134389592839
Q75346625	6000000057627635022
Q75346627	6000000057628221853
Q75346628	6000000016901314175
Q75346629	6000000004867300206
Q75346643	6000000176419343821
Q75346646	6000000057663419821
Q75346699	6000000045273528940
Q75346757	6000000024388481197
Q75346758	6000000056926120878
Q75346776	6000000026917330972
Q75346778	6000000054725562825
Q75346779	6000000009960111743
Q75346780	6000000009959742186
Q75346794	6000000056949852848
Q75346795	6000000056950061849
Q75346802	6000000056950014821
Q75346823	6000000015539885076
Q75346825	6000000032464675772
Q75346829	6000000032465243845
Q75346831	6000000056910507888
Q75346833	6000000032482223858
Q75346836	6000000032482227987
Q75346839	6000000032465168071
Q75346876	6000000056905086821
Q75346878	6000000022160786033
Q75346879	6000000022160702024
Q75346885	6000000032505695779
Q75346920	6000000032465163046
Q75346923	6000000020782713637
Q75346924	6000000020783193409
Q75346929	6000000020771377154
Q75346947	6000000032465739890
Q75346948	6000000032465279590
Q75346952	6000000032465469528
Q75346954	6000000032465730037
Q75347041	6000000009136878406
Q75347051	6000000017560887543
Q75347053	6000000017560195860
Q75347088	6000000060036062853
Q75347105	6000000044217861375
Q75347106	6000000044217911495
Q75347110	6000000044217914963
Q75347116	6000000044218779872
Q75347153	6000000061236145030
Q75347171	6000000002188475894
Q75347177	6000000011819318923
Q75347180	6000000002460649358
Q75347212	6000000094956416821
Q75347213	6000000011740589638
Q75347243	6000000027855302812
Q75347249	6000000049686603170
Q75347277	6000000172972864206
Q75347288	6000000004867697199
Q75347299	6000000026042733702
Q75347300	6000000004867300248
Q75347318	6000000017122132277
Q75347319	6000000017122086459
Q75347321	6000000017122002185
Q75347325	6000000017099663575
Q75347326	6000000017100396092
Q75347338	6000000053847986898
Q75347348	6000000002188524296
Q75347350	6000000034037079393
Q75347351	6000000079652788755
Q75347357	6000000010365577643
Q75347367	6000000079862187821
Q75347379	6000000004867300278
Q75347380	6000000004867300287
Q75347381	6000000054030600821
Q75347383	6000000057024620043
Q75347386	6000000016517038204
Q75347388	6000000100378597834
Q75347395	6000000000050022727
Q75347397	6000000011288264709
Q75347402	6000000009582059201
Q75347404	6000000009580349053
Q75347406	6000000010365927720
Q75347409	6000000010367552592
Q75347410	6000000017072808202
Q75347415	6000000019751308220
Q75347418	6000000016517197226
Q75347425	6000000016517197259
Q75347440	6000000053267220892
Q75347442	6000000053267246875
Q75347446	6000000034379859834
Q75347451	6000000015655905102
Q75347466	6000000019474646793
Q75347467	6000000020300321905
Q75347475	6000000030887840555
Q75347483	6000000026274621630
Q75347494	6000000017602326183
Q75347529	6000000026918954451
Q75347580	6000000001608818865
Q75347581	6000000001608995023
Q75347623	6000000009506658447
Q75347625	6000000009506108034
Q75347626	6000000014591310516
Q75347642	6000000011835660965
Q75347651	6000000011835562935
Q75347676	6000000011836074223
Q75347683	6000000003985034518
Q75347697	6000000055609400283
Q75347707	6000000069699861027
Q75347738	6000000013422339178
Q75347748	6000000006042148010
Q75347765	6000000006042355022
Q75347772	6000000009495468701
Q75347773	6000000009495508543
Q75347776	6000000014759002330
Q75347794	6000000027130310467
Q75347797	6000000027131194861
Q75347800	6000000007043980189
Q75347801	6000000007043668347
Q75347803	6000000010162985604
Q75347814	6000000027131265043
Q75347819	6000000014218365178
Q75347826	6000000010381090923
Q75347829	6000000067821643873
Q75347835	6000000002234378418
Q75347858	6000000010381611430
Q75347894	6000000015478228166
Q75347907	6000000010619492314
Q75347950	6000000002115924455
Q75347951	6000000020149929640
Q75347958	6000000023633842104
Q75347959	6000000024172993952
Q75347993	6000000008630277866
Q75347997	6000000008630277874
Q75348017	6000000005842444008
Q75348025	6000000002188493101
Q75348031	6000000018440971005
Q75348041	6000000002188493139
Q75348042	6000000080181346890
Q75348054	6000000002188412715
Q75348058	6000000002188493178
Q75348067	6000000007675474680
Q75348076	6000000002188493239
Q75348079	6000000019786456122
Q75348095	6000000050358162906
Q75348096	6000000050357682137
Q75348105	6000000022171364274
Q75348108	6000000050234372140
Q75348117	6000000013054048511
Q75348124	6000000016774557838
Q75348131	6000000050263227855
Q75348134	6000000050219937417
Q75348136	6000000050220465004
Q75348141	6000000014711550678
Q75348143	6000000050221796839
Q75348158	6000000003128880006
Q75348163	6000000021034610738
Q75348164	6000000003203168245
Q75348168	4821140520760127375
Q75348178	6000000003128883328
Q75348204	6000000002188412745
Q75348212	6000000014758917835
Q75348213	6000000000006733452
Q75348217	6000000051270066965
Q75348218	6000000051269671440
Q75348219	6000000051269907090
Q75348225	6000000015844545754
Q75348228	6000000027456820064
Q75348231	6000000022224340902
Q75348279	6000000026807324905
Q75348284	6000000019151571489
Q75348304	6000000027462830243
Q75348305	6000000027463702673
Q75348307	6000000027485623805
Q75348308	6000000027464363173
Q75348310	6000000027462753333
Q75348312	6000000027485765387
Q75348319	6000000027497240009
Q75348321	6000000027497184281
Q75348324	6000000027522123276
Q75348353	6000000027485858938
Q75348355	6000000027485138730
Q75348358	6000000027456606675
Q75348361	6000000027456567709
Q75348362	6000000027461705861
Q75348364	6000000027461602889
Q75348365	6000000027461814037
Q75348367	6000000027464025076
Q75348370	6000000027456787848
Q75348371	6000000020382439893
Q75348373	6000000023489917507
Q75348377	6000000015857433945
Q75348386	6000000058951713125
Q75348397	6000000015858023136
Q75348419	6000000003891396472
Q75348459	6000000015857617459
Q75348465	6000000068026452895
Q75348471	6000000015857175399
Q75348473	6000000015857400178
Q75348476	6000000015857034738
Q75348479	6000000067834765928
Q75348503	6000000068026117038
Q75348510	6000000068026490870
Q75348513	6000000068036314877
Q75348570	6000000076898473869
Q75348571	6000000076898414846
Q75348573	6000000076897921061
Q75348574	6000000076898069949
Q75348577	6000000076899614866
Q75348581	6000000004867300325
Q75348583	6000000076895074575
Q75348598	6000000076898499323
Q75348652	6000000050456812859
Q75348654	6000000050454743905
Q75348680	6000000050456345259
Q75348682	6000000055262545895
Q75348683	6000000037168921926
Q75348697	6000000027145838269
Q75348703	6000000010619465349
Q75348718	6000000020382052688
Q75348724	6000000020381588799
Q75348727	6000000022200692919
Q75348728	6000000108599299019
Q75348733	6000000108597635616
Q75348736	6000000108599231526
Q75348747	6000000024208080015
Q75348767	6000000024266522300
Q75348771	6000000024838259522
Q75348774	6000000024838303969
Q75348780	6000000031679668141
Q75348782	6000000031679069012
Q75348785	6000000014024107545
Q75348788	6000000031679349266
Q75348795	6000000031678852187
Q75348813	6000000024838085195
Q75348814	6000000020382063702
Q75348817	6000000024963074166
Q75348822	6000000047336441821
Q75348824	6000000047336083088
Q75348828	6000000053793101865
Q75348892	6000000085140745663
Q75348894	6000000085143019842
Q75348908	6000000031190593039
Q75348909	6000000031190781906
Q75348913	6000000031190651951
Q75348921	6000000048398452947
Q75348937	6000000031190651946
Q75348938	6000000005760123169
Q75348940	6000000005759747482
Q75348945	6000000023721503099
Q75348947	6000000017160137503
Q75348950	6000000079208559940
Q75348965	6000000011362612980
Q75348970	6000000032252989209
Q75348973	6000000011686602661
Q75348981	6000000017990082736
Q75348994	6000000015748777721
Q75348999	6000000015796443864
Q75349003	6000000015796404750
Q75349005	6000000015796379802
Q75349007	6000000015796394875
Q75349008	6000000015796487307
Q75349010	6000000015796386286
Q75349013	6000000015796400509
Q75349015	6000000003891009455
Q75349049	6000000015796574307
Q75349069	6000000016688614419
Q75349080	6000000015877207337
Q75349086	6000000000003333439
Q75349092	6000000015877382317
Q75349096	6000000015985772944
Q75349107	6000000017407286967
Q75349119	6000000017408248158
Q75349134	6000000028248200739
Q75349136	6000000028252181949
Q75349142	6000000027431184933
Q75349168	6000000027434818873
Q75349170	6000000027434291437
Q75349173	6000000027434423373
Q75349174	6000000027434748990
Q75349191	6000000027434219375
Q75349193	6000000027439246149
Q75349197	6000000027439048459
Q75349198	6000000027439198807
Q75349217	6000000027439244279
Q75349221	6000000027428039107
Q75349223	6000000027427359280
Q75349239	6000000066436984821
Q75349240	6000000019784369958
Q75349269	6000000018274255634
Q75349270	6000000013344477581
Q75349273	6000000013344627375
Q75349274	6000000013344635359
Q75349276	6000000013344636639
Q75349277	6000000048817890346
Q75349280	6000000012929718729
Q75349296	6000000018274301606
Q75349298	6000000012930087753
Q75349301	6000000018274327663
Q75349307	6000000048821688892
Q75349332	6000000018274298362
Q75349335	6000000018275933096
Q75349343	6000000015894693250
Q75349387	6000000026206004102
Q75349391	6000000082338742106
Q75349393	6000000082339474860
Q75349399	6000000047820268943
Q75349401	6000000001781666140
Q75349410	6000000026212929844
Q75349412	6000000026874822941
Q75349435	6000000076280716057
Q75349439	6000000076281447821
Q75349539	5596649853000130247
Q75349563	6000000011797014806
Q75349567	6000000013368236549
Q75349568	6000000013369846990
Q75349571	6000000017675650631
Q75349572	6000000017675485947
Q75349593	6000000040950155924
Q75349595	6000000040950539864
Q75349598	6000000031232819594
Q75349600	6000000004097944665
Q75349603	6000000023516281108
Q75349605	6000000011535520056
Q75349610	6000000039107561409
Q75349612	6000000039107772947
Q75349613	6000000039108024846
Q75349627	6000000023478985602
Q75349635	6000000016689581100
Q75349641	6000000024305123247
Q75349646	6000000015986257055
Q75349647	6000000019110408041
Q75349650	6000000009786968023
Q75349663	6000000025635711195
Q75349664	6000000025635447266
Q75349666	6000000025635554169
Q75349667	6000000025635765257
Q75349675	6000000025635771031
Q75349677	6000000025634831733
Q75349680	6000000010304302949
Q75349721	6000000024248856020
Q75349731	6000000017880208631
Q75349743	6000000017879361442
Q75349751	6000000017879018286
Q75349800	6000000014654627773
Q75349847	6000000009532925661
Q75349854	6000000009945003163
Q75349861	6000000009532925684
Q75349865	6000000009532812467
Q75349875	6000000016213298232
Q75349876	6000000028070135239
Q75349883	6000000003891557930
Q75349890	6000000000006750641
Q75349897	6000000000002609468
Q75349903	6000000017880208693
Q75349907	6000000000003267853
Q75349909	6000000000003399674
Q75349923	6000000013352689269
Q75349925	6000000024892798600
Q75349926	6000000013352385603
Q75349928	6000000013352520067
Q75349936	6000000013352778214
Q75349938	6000000024195604328
Q75349945	6000000031825082620
Q75349949	6000000031825421193
Q75349951	6000000024195767433
Q75349953	6000000013352810640
Q75349954	6000000013352721689
Q75349956	6000000013352884273
Q75349957	6000000019233047526
Q75349960	6000000031825377314
Q75349969	6000000011708302724
Q75349969	6000000052110435963
Q75350	6000000017516584117
Q75350005	6000000019896698163
Q75350012	6000000019896694278
Q75350013	6000000019896615466
Q75350016	6000000033065467650
Q75350017	6000000001878881764
Q75350019	4809554441080125317
Q75350023	6000000019896513658
Q75350054	6000000024892887277
Q75350060	6000000019896790057
Q75350062	6000000033071458235
Q75350074	6000000019896459391
Q75350082	6000000029936388264
Q75350086	6000000029936452075
Q75350121	6000000029936629879
Q75350124	6000000021809411638
Q75350147	6000000058938459906
Q75350149	6000000029904493901
Q75350164	6000000053298092834
Q75350170	6000000016543681234
Q75350173	6000000007385389741
Q75350174	6000000012414136069
Q75350178	6000000038006133037
Q75350182	6000000019368965453
Q75350184	6000000019368965823
Q75350190	6000000031545588850
Q75350196	6000000012414368411
Q75350199	6000000016543547933
Q75350203	6000000031544488843
Q75350213	6000000031539974624
Q75350233	6000000002188495417
Q75350245	6000000024387226626
Q75350251	6000000031018273673
Q75350254	6000000033600519330
Q75350255	6000000027342552850
Q75350267	6000000035218404502
Q75350268	6000000019321957241
Q75350270	6000000019321861327
Q75350274	6000000002188495483
Q75350286	6000000015655909795
Q75350289	6000000013614120068
Q75350292	6000000030616884586
Q75350293	6000000011260511451
Q75350297	6000000030616970426
Q75350301	6000000030616933433
Q75350304	6000000011336961741
Q75350341	6000000011337034709
Q75350344	6000000055673736949
Q75350348	6000000011336946624
Q75350356	6000000020304338683
Q75350360	6000000025264836473
Q75350366	6000000052000257665
Q75350370	6000000044159875050
Q75350392	6000000054129525873
Q75350395	6000000052002849049
Q75350400	6000000052002853082
Q75350403	6000000026023809807
Q75350405	6000000052000551254
Q75350407	6000000052000105799
Q75350411	6000000026023824731
Q75350429	6000000077863862197
Q75350451	6000000005603320012
Q75350452	6000000178890825831
Q75350468	6000000022592119302
Q75350470	6000000022591960457
Q75350497	6000000011458806242
Q75350497	6000000033841960803
Q75350498	6000000014404713004
Q75350500	6000000022012912166
Q75350501	6000000014404608515
Q75350501	6000000033842490909
Q75350507	6000000014404319980
Q75350521	6000000055609097862
Q75350522	6000000021326436905
Q75350532	6000000040661009242
Q75350562	6000000020730104085
Q75350564	6000000020730002271
Q75350597	6000000008270099920
Q75350606	6000000020543595694
Q75350609	6000000021064892841
Q75350615	6000000001513686679
Q75350624	6000000040295908328
Q75350650	6000000041956340996
Q75350664	6000000019477363343
Q75350667	6000000042578256833
Q75350669	6000000076745514115
Q75350688	6000000172380080837
Q75350690	6000000028011030673
Q75350774	5043459771220077645
Q75350776	5043467106510077661
Q75350781	6000000020052827244
Q75350788	6000000024388084842
Q75350790	6000000024387824524
Q75350791	6000000026885070249
Q75350793	6000000026884666497
Q75350799	5030400135180123460
Q75350826	6000000009293862563
Q75350830	6000000010934431960
Q75350834	6000000013521774668
Q75350835	6000000010062765374
Q75350840	6000000010058210240
Q75350841	6000000011087985639
Q75350849	6000000010090950761
Q75350888	6000000002898234779
Q75350892	6000000015840875533
Q75350928	6000000009985755938
Q75350939	6000000012648734002
Q75350973	6000000008606218457
Q75350981	6000000070695283397
Q75350986	6000000011135802243
Q75350993	6000000009995274409
Q75351018	6000000011160711693
Q75351023	6000000011160916611
Q75351025	6000000037432918556
Q75351029	6000000037433002344
Q75351037	6000000023197018111
Q75351039	6000000023197237001
Q75351040	6000000023196657461
Q75351042	6000000023196585772
Q75351045	6000000023196877477
Q75351046	6000000023196488672
Q75351049	6000000015545637809
Q75351051	6000000015546062061
Q75351052	6000000015546036480
Q75351060	6000000023197019493
Q75351067	6000000012674555421
Q75351092	6000000020149959081
Q75351100	6000000010684770593
Q75351102	6000000010684770589
Q75351125	6000000013694175339
Q75351139	6000000056878266875
Q75351143	6000000009930868259
Q75351153	6000000016211962642
Q75351155	6000000066543388845
Q75351169	6000000003827909664
Q75351176	6000000012439310680
Q75351182	6000000012439622921
Q75351206	6000000011304129061
Q75351252	6000000051741923222
Q75351253	6000000072577814869
Q75351270	6000000007166159207
Q75351273	6000000040855913999
Q75351294	6000000005083818356
Q75351295	6000000005083762816
Q75351306	6000000011467279236
Q75351329	6000000023099986381
Q75351331	6000000023101073868
Q75351342	6000000053325736887
Q75351354	6000000026915638713
Q75351375	6000000019369566072
Q75351376	6000000051522842027
Q75351385	6000000001877544976
Q75351388	6000000001877548038
Q75351390	6000000001877508085
Q75351391	6000000017089305150
Q75351398	6000000015549782168
Q75351405	6000000011701093517
Q75351408	6000000013677415963
Q75351411	6000000010867513135
Q75351422	6000000019369586243
Q75351430	6000000019369604067
Q75351441	6000000019369540275
Q75351502	6000000034133345078
Q75351527	6000000013032319441
Q75351553	6000000076280685957
Q75351566	6000000011397268369
Q75351566	6000000142156585879
Q75351574	6000000047786942919
Q75351574	6000000142156585875
Q75351582	3683533
Q75351598	6000000025970766581
Q75351601	6000000066381323975
Q75351658	6000000009669063092
Q75351684	6000000013053733433
Q75351685	6000000081153527821
Q75351701	6000000038420724875
Q75351706	6000000000889642074
Q75351715	6000000017872616159
Q75351737	6000000013096116433
Q75351746	6000000013095830176
Q75351750	6000000000889441196
Q75351752	6000000002420799254
Q75351774	6000000002188412303
Q75351785	6000000016735403714
Q75351788	6000000012387145342
Q75351808	6000000015539922518
Q75351810	6000000027758701950
Q75351825	6000000008201484454
Q75351834	6000000015280217247
Q75351861	6000000014521767771
Q75351864	6000000066386701846
Q75351867	6000000021595366617
Q75351871	6000000021595583753
Q75351878	6000000033986536939
Q75351894	6000000076904892147
Q75351898	6000000030885724772
Q75351899	6000000019015346489
Q75351913	6000000066386252048
Q75351942	6000000012180172120
Q75351945	6000000051562406998
Q75351951	6000000051562590884
Q75351952	6000000051562283992
Q75351962	6000000051562803834
Q75351967	6000000051562604832
Q75351989	6000000009730375632
Q75352029	6000000052005002100
Q75352205	6000000004868245292
Q75352222	6000000003214213380
Q75352229	6000000031082682459
Q75352243	6000000010135399884
Q75352287	6000000004888904003
Q75352290	6000000012657849592
Q75352294	6000000031488382201
Q75352338	6000000004886727422
Q75352340	6000000004886222943
Q75352350	6000000038378226879
Q75352357	6000000012657890627
Q75352370	6000000076897984982
Q75352385	6000000013017343153
Q75352386	6000000013017385016
Q75352389	6000000017322532447
Q75352418	6000000027611049546
Q75352430	6000000002246353069
Q75352444	6000000021957410220
Q75352451	6000000019102444806
Q75352459	6000000014866691745
Q75352460	6000000014866706370
Q75352476	6000000053706479971
Q75352478	6000000053706696859
Q75352483	6000000032940441522
Q75352487	6000000013507428674
Q75352526	6000000011362437580
Q75352533	6000000011361924562
Q75352537	6000000011362612931
Q75352542	6000000012414272343
Q75352544	6000000012413834806
Q75352548	6000000017614243868
Q75352560	6000000012536595049
Q75352599	6000000012385981428
Q75352616	6000000072188720078
Q75352623	6000000019590085482
Q75352653	6000000026173941462
Q75352655	6000000049985487917
Q75352706	6000000041967143941
Q75352716	6000000052004799879
Q75352731	6000000002188385735
Q75352752	6000000024493050551
Q75352754	6000000018648925529
Q75352758	6000000041967654839
Q75352767	6000000014048873366
Q75352807	6000000053841143857
Q75352808	6000000053841673919
Q75352858	6000000052064334928
Q75352871	6000000052065088822
Q75352896	6000000016983300448
Q75352897	6000000016983308350
Q75352922	6000000052064897837
Q75352927	6000000052065171879
Q75352937	6000000031371179275
Q75352942	6000000031371081460
Q75352944	6000000031370983793
Q75352958	6000000028764305184
Q75352962	6000000015046056017
Q75352965	6000000011130934895
Q75352968	6000000022543218595
Q75352970	6000000022543227620
Q75352985	6000000017113716662
Q75352988	6000000043270684074
Q75353003	6000000043269484829
Q75353006	6000000043266888356
Q75353014	6000000012657823589
Q75353015	6000000012657445618
Q75353071	6000000176545396884
Q75353087	6000000020151223117
Q75353092	6000000020151150424
Q75353095	6000000016766847717
Q75353103	6000000016767172867
Q75353116	6000000025595197885
Q75353117	6000000019632981996
Q75353120	6000000025595032234
Q75353121	6000000019962389865
Q75353123	6000000019418608880
Q75353127	6000000019418303647
Q75353131	6000000026014642836
Q75353133	6000000025594882529
Q75353138	6000000009617065195
Q75353173	6000000009617476214
Q75353219	6000000047584655926
Q75353221	6000000047584354121
Q75353235	6000000008528599641
Q75353242	6000000019633871326
Q75353253	6000000015737858711
Q75353254	6000000025678780555
Q75353271	6000000114272915875
Q75353280	6000000015738882126
Q75353285	6000000015738891175
Q75353297	6000000015738740529
Q75353298	6000000003687365474
Q75353299	6000000000352564037
Q75353301	6000000000352443043
Q75353310	6000000034697836206
Q75353312	6000000000352564049
Q75353313	6000000000352564057
Q75353320	6000000069800782836
Q75353333	6000000069790614078
Q75353334	6000000069790764843
Q75353369	6000000080330974091
Q75353471	6000000017115930038
Q75353484	6000000002445864176
Q75353485	6000000002453218472
Q75353499	6000000009462715946
Q75353503	6000000013340370903
Q75353504	6000000022645177349
Q75353505	6000000010545612957
Q75353510	6000000007386640399
Q75353542	6000000027726233060
Q75353546	6000000005599052092
Q75353549	6000000012803522968
Q75353562	6000000170019036821
Q75353579	6000000010883215535
Q75353583	6000000016213019837
Q75353614	6000000010344816679
Q75353619	6000000009719718266
Q75353620	6000000016917809004
Q75353637	6000000016917401800
Q75353665	6000000119527086869
Q75353670	6000000016300923739
Q75353672	6000000016301095009
Q75353720	6000000013613409698
Q75353721	6000000013613782909
Q75353727	6000000055254381180
Q75353752	6000000027421429309
Q75353754	6000000027420987485
Q75353779	6000000015351709880
Q75353790	6000000076827504007
Q75353804	6000000010345049327
Q75353833	6000000028223509478
Q75353836	6000000028223651877
Q75353843	6000000028223568527
Q75353844	6000000015908047871
Q75353848	6000000076827074175
Q75353849	6000000076827275043
Q75353861	6000000042683720908
Q75353867	6000000076827063069
Q75353871	6000000076825668607
Q75353880	6000000015734856124
Q75353931	6000000055608780270
Q75353950	6000000043052456614
Q75353961	6000000001299356193
Q75353982	6000000019896626417
Q75354073	6000000002188619026
Q75354080	6000000083640789638
Q75354134	6000000016975333125
Q75354137	6000000039569970901
Q75354166	6000000002188466661
Q75354170	6000000002188466667
Q75354177	6000000003119982432
Q75354179	6000000019397494091
Q75354180	6000000014051447428
Q75354193	6000000091806254959
Q75354224	6000000004867300534
Q75354225	6000000004867300543
Q75354227	6000000014690970255
Q75354228	6000000014689184941
Q75354229	6000000011686765341
Q75354234	6000000011686324837
Q75354246	6000000022252066082
Q75354248	6000000046969855983
Q75354249	6000000063640030070
Q75354256	6000000084019950020
Q75354290	6000000063640173981
Q75354350	6000000052138184822
Q75354357	6000000052137782852
Q75354469	6000000021145967876
Q75354498	6000000028212015770
Q75354513	6000000002188495003
Q75354522	6000000007988143556
Q75354523	6000000026175992133
Q75354540	6000000026179836987
Q75354542	6000000026179449322
Q75354564	6000000016525788050
Q75354566	6000000016525206656
Q75354577	6000000016699112640
Q75354581	6000000094053818890
Q75354582	6000000016698136132
Q75354605	6000000021546309265
Q75354606	6000000004867697533
Q75354635	6000000057049966865
Q75354685	6000000002115970985
Q75354694	6000000025928085951
Q75354696	6000000001608824464
Q75354699	6000000001608791583
Q75354703	6000000007085783027
Q75354730	6000000025927622731
Q75354733	6000000025928938098
Q75354744	6000000004868245548
Q75354808	6000000009735318629
Q75354811	6000000009735505602
Q75354812	6000000001406539206
Q75354832	6000000026010619155
Q75354840	6000000050516064126
Q75354842	6000000050514991995
Q75354850	6000000004867300632
Q75354968	6000000057050957926
Q75354971	6000000040606038737
Q75355035	6000000030225803188
Q75355036	6000000030225951219
Q75355041	6000000023808293335
Q75355042	6000000017047644007
Q75355048	6000000002188495531
Q75355074	6000000026601335074
Q75355085	6000000002188514283
Q75355098	6000000002188495710
Q75355143	6000000092202639856
Q75355159	6000000037185605557
Q75355161	6000000030882104840
Q75355162	6000000037186097147
Q75355174	6000000037606541747
Q75355179	6000000037186418406
Q75355181	6000000022756550366
Q75355217	6000000002188504848
Q75355218	6000000037626911344
Q75355229	6000000022758517050
Q75355239	6000000037627056156
Q75355256	6000000037186021907
Q75355257	6000000014759099098
Q75355262	6000000037605363025
Q75355307	6000000037624820076
Q75355313	6000000014201755887
Q75355314	6000000006597829134
Q75355328	6000000004868245636
Q75355330	6000000011319373855
Q75355332	6000000002188508775
Q75355333	6000000037627449272
Q75355335	6000000037627613072
Q75355355	6000000002188508780
Q75355357	6000000037643939003
Q75355362	6000000004867697648
Q75355371	6000000026551306665
Q75355379	6000000003943281471
Q75355383	6000000003943354175
Q75355390	6000000055581474842
Q75355393	6000000055583996827
Q75355399	6000000017689817150
Q75355401	6000000037214165751
Q75355402	6000000037187350017
Q75355404	6000000004867300698
Q75355405	6000000004867300710
Q75355409	6000000037652469855
Q75355412	6000000009622902165
Q75355415	6000000017527903615
Q75355435	6000000004867300756
Q75355436	6000000037187181615
Q75355439	6000000002188477982
Q75355444	6000000037652465176
Q75355461	6000000085668485998
Q75355463	6000000014565310141
Q75355470	6000000037652468218
Q75355471	6000000037652712944
Q75355477	6000000007864700545
Q75355480	6000000010073430421
Q75355496	6000000061557946821
Q75355501	6000000011175936150
Q75355512	6000000004867300787
Q75355513	6000000002188475369
Q75355516	6000000052941608948
Q75355522	6000000019206224469
Q75355533	6000000004867300807
Q75355537	6000000009318924926
Q75355549	6000000100083121826
Q75355551	6000000056298034829
Q75355572	6000000010612365287
Q75355577	6000000002188504794
Q75355585	6000000004867697778
Q75355595	6000000004867300842
Q75355601	6000000002188495366
Q75355603	6000000020909973747
Q75355609	6000000025041508431
Q75355610	6000000027414259961
Q75355613	6000000027415608071
Q75355615	6000000027415743859
Q75355617	6000000027415667385
Q75355618	6000000027415722118
Q75355624	6000000020910505212
Q75355628	6000000020910938913
Q75355629	6000000020910312730
Q75355631	6000000020910620157
Q75355633	6000000030917498078
Q75355657	6000000020910810128
Q75355690	6000000052573672240
Q75355691	6000000052574560850
Q75355699	6000000002188495968
Q75355701	6000000002765016058
Q75355702	6000000002188495975
Q75355704	6000000004867300850
Q75355705	6000000004867300859
Q75355716	6000000004867300868
Q75355733	6000000050564122837
Q75355735	6000000050563915973
Q75355743	6000000050564527843
Q75355746	6000000110062134910
Q75355751	6000000050564533821
Q75355775	6000000007462947536
Q75355778	6000000010867301737
Q75355780	6000000010867212713
Q75355781	6000000010333660178
Q75355783	6000000007463905471
Q75355788	6000000018376417914
Q75355798	6000000021015021154
Q75355802	6000000004868058989
Q75355805	6000000007462774005
Q75355807	6000000007462716116
Q75355809	6000000007463090533
Q75355813	6000000007462899393
Q75355816	6000000007462864902
Q75355819	6000000026325185701
Q75355822	6000000004867697844
Q75355843	6000000020304778116
Q75355851	6000000027574699073
Q75355854	6000000020304662058
Q75355865	6000000020302642127
Q75355867	6000000020304499346
Q75355881	6000000020304383949
Q75355882	6000000020304395577
Q75355898	6000000020304405002
Q75355905	6000000039075456711
Q75355925	6000000008002248253
Q75355927	6000000013233797201
Q75355936	6000000013231549089
Q75355943	6000000014310718427
Q75355946	6000000009933256927
Q75355947	6000000027572292438
Q75355950	6000000007370587567
Q75355952	6000000007370237051
Q75355955	6000000009934012596
Q75355956	6000000027569400571
Q75355972	6000000053846151052
Q75355984	6000000051512455932
Q75356025	6000000026077198657
Q75356058	6000000018283294674
Q75356060	6000000023742477906
Q75356064	6000000001056166351
Q75356072	6000000002237316790
Q75356075	6000000022976095052
Q75356076	6000000043989839393
Q75356078	6000000037433209423
Q75356083	6000000023590496842
Q75356086	6000000019600821832
Q75356098	6000000019601201508
Q75356135	6000000009568471088
Q75356186	6000000005760317351
Q75356189	6000000005760619305
Q75356191	6000000024616695841
Q75356198	6000000011106506448
Q75356205	6000000034812860918
Q75356226	6000000011829477354
Q75356262	6000000020390997905
Q75356281	6000000011518737464
Q75356283	6000000011518684058
Q75356298	6000000014318844019
Q75356307	6000000011518831894
Q75356320	6000000014318312722
Q75356329	6000000014318568039
Q75356346	6000000032776454550
Q75356347	6000000025209498206
Q75356406	6000000011518419186
Q75356408	6000000011518827548
Q75356411	6000000011518963525
Q75356412	6000000011518823795
Q75356433	6000000047986732917
Q75356448	6000000014319535452
Q75356451	6000000014319678784
Q7535646	6000000081253150910
Q75356488	6000000019205971347
Q75356491	6000000019090619442
Q75356494	6000000019029954041
Q75356498	6000000013235446380
Q75356499	6000000013235061739
Q75356510	6000000019207055245
Q75356518	6000000019207050280
Q75356527	6000000019206256785
Q75356547	6000000019104187889
Q75356557	6000000003891379517
Q75356569	6000000010978087460
Q75356577	6000000010977651963
Q75356580	6000000010977740887
Q75356587	6000000019081583260
Q75356590	6000000019081577322
Q75356593	6000000019080845723
Q75356596	6000000019081046286
Q75356604	6000000019081066814
Q75356615	6000000019080896879
Q75356622	6000000019081053927
Q75356641	6000000019081609081
Q75356645	6000000019081589125
Q75356654	6000000019081628452
Q75356658	6000000019081999162
Q75356667	6000000015865806363
Q75356671	6000000015865748413
Q75356673	6000000015865728578
Q75356674	6000000015865627548
Q75356678	6000000015865292885
Q75356681	6000000015865728451
Q75356683	6000000015865469473
Q75356684	6000000014416894269
Q75356686	6000000015865747787
Q75356694	6000000015865820490
Q75356695	6000000015865383691
Q75356705	6000000019078933577
Q75356714	6000000019090873248
Q75356715	6000000019090727862
Q75356717	6000000019091112081
Q75356722	6000000019090478777
Q75356725	6000000025065715131
Q75356731	6000000019029070853
Q75356736	6000000019029488352
Q75356743	6000000010977497700
Q75356751	6000000009782893444
Q75356766	6000000019330923501
Q75356769	6000000065043945821
Q75356803	6000000063582224821
Q75356810	6000000003943371760
Q75356822	6000000031276212171
Q75356825	6000000020770024648
Q75356838	6000000005750542162
Q75356839	6000000004079692526
Q75356841	6000000003484902753
Q75356844	6000000044973424101
Q7535685	6000000009958475602
Q75356857	6000000004079692714
Q75356858	6000000005750378739
Q75356909	6000000055468151950
Q75356913	6000000055469746101
Q75356919	6000000055468226840
Q75356920	6000000055469290822
Q75356921	6000000055469039022
Q75356923	6000000007043787253
Q75356937	6000000011819560366
Q75356945	6000000019725678032
Q75356949	6000000016201489010
Q75356950	6000000017930063871
Q75356952	6000000041280361497
Q75356957	6000000011819169141
Q75356970	6000000018595620813
Q75356972	6000000009397830593
Q75356982	6000000010030033979
Q75356992	6000000004868252009
Q75357006	6000000004867304017
Q75357010	6000000011819888920
Q75357012	6000000010029419128
Q75357013	6000000005781738219
Q75357015	6000000005781710478
Q75357020	6000000005781914308
Q75357022	6000000011819955347
Q75357032	6000000005782108210
Q75357061	6000000016322492307
Q75357065	6000000003891035082
Q75357067	6000000009848854959
Q75357077	6000000012657841246
Q75357089	6000000048398314036
Q7535709	6000000179650017824
Q75357101	6000000113759416860
Q75357105	6000000011771931930
Q75357120	6000000011771816659
Q75357126	6000000011772185274
Q75357127	6000000011772040741
Q75357128	6000000011772018644
Q7535713	6000000111077304912
Q75357137	6000000004867702014
Q75357140	6000000011772149449
Q75357147	6000000004867304064
Q75357153	6000000011204265290
Q75357155	6000000069992176945
Q75357168	6000000011041354145
Q75357172	6000000011041571885
Q75357177	6000000011041479432
Q75357183	6000000012228265973
Q75357185	6000000012228313393
Q75357197	6000000041280487037
Q75357198	6000000018069521628
Q75357200	6000000018060597642
Q75357207	6000000017064931452
Q75357228	6000000015396026418
Q75357231	6000000002831295525
Q75357240	6000000015396137728
Q75357249	6000000013235914363
Q75357261	6000000013095950547
Q75357262	6000000004867304081
Q75357271	6000000004868701766
Q75357290	6000000011364809912
Q75357306	6000000006711602845
Q75357315	6000000011034174335
Q75357323	6000000003987305219
Q75357338	6000000003216137083
Q75357349	6000000020149520803
Q75357355	6000000020150216730
Q75357360	6000000020150284261
Q75357361	6000000020150495063
Q75357363	6000000003043520487
Q75357364	6000000003043264259
Q75357380	6000000020150286941
Q75357430	6000000026027727381
Q75357435	6000000014038129525
Q7535747	6000000077453306410
Q75357590	6000000008631003586
Q75357593	6000000031928561258
Q75357600	6000000031928844041
Q75357614	6000000083672987489
Q75357617	6000000011385827039
Q75357629	6000000028730788576
Q75357648	6000000011399864593
Q75357671	6000000021073697650
Q75357673	6000000021075376165
Q75357698	6000000011467041605
Q75357707	6000000016080027446
Q75357730	6000000002898218572
Q75357735	6000000002898111778
Q75357759	6000000041280347272
Q75357760	6000000004867304141
Q75357761	6000000026192091554
Q75357767	6000000004867304156
Q75357768	6000000004867702123
Q75357770	6000000004867304189
Q75357777	6000000026191735470
Q75357778	6000000026192601972
Q75357781	6000000026192661901
Q75357784	6000000011198689198
Q75357785	6000000011198783629
Q75357787	6000000051523193855
Q75357789	6000000031009192523
Q75357791	6000000051980196898
Q75357801	6000000031009497858
Q75357803	6000000051980274876
Q75357804	6000000051522555272
Q75357806	6000000051523209861
Q75357823	6000000015665169027
Q75357862	6000000026423208217
Q75357863	6000000026422887347
Q75357865	6000000026423433068
Q75357870	6000000026423256338
Q75357871	6000000023914100345
Q75357873	3458300
Q75357874	3456725
Q75357892	6000000015665042786
Q75357894	6000000022786078203
Q75357920	6000000017837065056
Q75357946	6000000004867304206
Q75357952	6000000021331086931
Q75357965	6000000021330978570
Q75358010	6000000089669513850
Q75358011	6000000033852373328
Q75358013	6000000014302332497
Q75358016	6000000004867304214
Q75358038	6000000089729244899
Q75358048	6000000089957888017
Q75358059	6000000095888955992
Q75358062	6000000016578777522
Q75358066	6000000026271021195
Q75358070	6000000004867702192
Q75358074	6000000003249591791
Q75358119	6000000018049511553
Q75358136	6000000020392995932
Q75358138	6000000037632540641
Q75358139	6000000037632800406
Q75358155	6000000037632894065
Q75358164	6000000037633338644
Q75358171	6000000059564075932
Q75358174	6000000059564150237
Q75358194	6000000033291892402
Q75358195	6000000033292098957
Q75358204	6000000012571569097
Q75358206	6000000012571294755
Q75358208	6000000002312660672
Q75358264	6000000033292187828
Q75358292	6000000004867304255
Q75358296	6000000003407499132
Q75358305	6000000012454115332
Q75358312	6000000004868252292
Q75358321	6000000026036657666
Q75358322	6000000002188383602
Q75358324	6000000026036103784
Q75358325	5270258324840073546
Q75358345	6000000002188383624
Q75358346	6000000002188383630
Q75358389	6000000020051673575
Q75358394	6000000050558623064
Q75358400	6000000050558923827
Q75358451	6000000087461517977
Q75358485	6000000004867304299
Q75358506	6000000087461614906
Q75358527	6000000016045854249
Q75358534	6000000016045882445
Q75358540	6000000031299637495
Q75358544	6000000077191187364
Q75358548	6000000092280692887
Q75358584	6000000016045807610
Q75358600	6000000069499793161
Q75358605	6000000016045699425
Q75358640	6000000029602212590
Q75358889	6000000052615286834
Q75358891	6000000052615296855
Q75358916	6000000052615926854
Q75358940	6000000052615629822
Q75358942	6000000036800547868
Q75359015	6000000112281931849
Q75359066	6000000013472707320
Q75359068	6000000016670870890
Q75359072	6000000014185193475
Q75359180	6000000015803796410
Q75359183	6000000022934138859
Q75359187	6000000022929944101
Q75359189	6000000022929540326
Q75359190	6000000022933738461
Q75359192	6000000016818453759
Q75359193	6000000077761130237
Q75359200	6000000016290998423
Q75359206	6000000059620345621
Q75359276	6000000027456371792
Q75359277	6000000019608673718
Q75359390	6000000011361449573
Q75359402	6000000011361592590
Q75359405	6000000011361618500
Q75359406	6000000070696221849
Q75359408	6000000002115897319
Q75359418	6000000011361556417
Q75359428	6000000026353469216
Q75359430	6000000011361596586
Q75359432	6000000011361138874
Q75359436	6000000054819099872
Q75359479	6000000025875428416
Q75359482	6000000025854228139
Q75359489	6000000002764690396
Q75359491	6000000013218486936
Q75359499	4474985794860022419
Q75359521	6000000094833626897
Q75359522	6000000094833323922
Q75359524	6000000094834367821
Q75359525	6000000094833729893
Q75359526	6000000094833792922
Q75359528	6000000094833290122
Q75359529	6000000094834221001
Q75359532	6000000094835168821
Q75359534	6000000094835536825
Q75359546	6000000094835463845
Q75359559	6000000025851598257
Q75359561	6000000023909573282
Q75359564	6000000024462423153
Q75359571	6000000025851665424
Q75359572	6000000025852880512
Q75359578	6000000023909528603
Q75359579	6000000014091904397
Q75359581	6000000029046849250
Q75359582	6000000029045703642
Q75359584	6000000071858279087
Q75359585	6000000071818390950
Q75359589	6000000029046820600
Q75359591	6000000029047036427
Q75359594	6000000085675999881
Q75359643	6000000116821999837
Q75359714	6000000008107923863
Q75359750	6000000008108230619
Q75359758	5211424121660107181
Q75359799	6000000008290572172
Q75359815	6000000024380209080
Q75359821	6000000024434851970
Q75359849	5211564724420119898
Q75359882	6000000014785848612
Q75359884	6000000032575484145
Q75359885	6000000032575787850
Q75359890	6000000020181318218
Q75359893	6000000031153626908
Q75359898	6000000015716405072
Q75359906	6000000021330300197
Q75359922	6000000015719601991
Q75359923	6000000015719900699
Q75359926	6000000015714532520
Q75359933	6000000002188496296
Q75359995	6000000022144684587
Q75360001	6000000112861300877
Q75360006	6000000006100975729
Q75360043	6000000014091494472
Q75360071	6000000014091453369
Q75360072	6000000014091615392
Q75360110	6000000014577616394
Q75360124	6000000013153776614
Q75360178	6000000002188389100
Q75360184	6000000002188386456
Q75360194	3304348
Q75360195	6000000013548214470
Q75360198	6000000084762671006
Q75360252	6000000112857421050
Q75360306	3304988
Q75360307	3305013
Q75360309	6000000013548214475
Q75360317	6000000022150057911
Q75360323	4185639781590040680
Q75360327	4185681287150040818
Q75360347	6000000022149809404
Q75360350	6000000022150177912
Q75360389	6000000022149736300
Q75360407	6000000003882466243
Q75360410	6000000007068108362
Q75360413	6000000007068024332
Q75360414	6000000007067896933
Q75360418	6000000007068399086
Q75360441	6000000070980468886
Q75360443	6000000070980453920
Q75360478	6000000015966365544
Q75360479	6000000015926246802
Q75360481	6000000032630482848
Q75360483	6000000022670604439
Q75360496	5332897062910023357
Q75360527	6000000147690157910
Q75360529	6000000084786140466
Q75360532	6000000084792684101
Q75360541	6000000084792766057
Q75360554	6000000006364907863
Q75360556	6000000011116403216
Q75360560	6000000080609979854
Q75360561	6000000084808524287
Q75360564	6000000080609548217
Q75360565	6000000011116222827
Q75360570	6000000084833848237
Q75360571	6000000084835427859
Q75360594	6000000079824541432
Q75360604	6000000017758616249
Q75360608	6000000084904119514
Q75360612	5120934084550116023
Q75360641	6000000023373670135
Q75360643	6000000028517477837
Q75360648	6000000025155224695
Q75360717	6000000084895673827
Q75360725	6000000084904930830
Q75360727	6000000084904830983
Q75360729	6000000084904838868
Q75360731	6000000002188450724
Q75360732	6000000002188450716
Q75360765	6000000017719165939
Q75360767	6000000017719261560
Q75360773	6000000020676611388
Q75360774	6000000020676792014
Q75360788	6000000020669961060
Q75360801	6000000013548389499
Q75360802	6000000032602994937
Q75360807	6000000013659538686
Q75360846	6000000078640155812
Q75360849	6000000078641230393
Q75360852	6000000082747624080
Q75360853	6000000001631230680
Q75360854	6000000078641408000
Q75360860	6000000078673626405
Q75360891	6000000082747172460
Q75360904	5332532978630130172
Q75360907	6000000002188450844
Q75360908	5332710112150046321
Q75360911	5332728542080111241
Q75360913	5332746881400102377
Q75360914	5332736643780030946
Q75360915	6000000016923344247
Q75360937	5332553454350130464
Q75360948	6000000009524369687
Q75360958	6000000027159583014
Q75360965	6000000022171374975
Q75360968	6000000015942627129
Q75360969	6000000015942578464
Q75360972	6000000022172067858
Q75360974	6000000037583929825
Q75361056	6000000037582386511
Q75361062	6000000015942529456
Q75361065	6000000015994355809
Q75361097	6000000016175283977
Q75361099	6000000016175246923
Q75361103	6000000016175715483
Q75361104	6000000016175844228
Q75361106	6000000016175788579
Q75361139	6000000037581924854
Q75361272	6000000018673972683
Q75361286	6000000037583059400
Q75361333	6000000024727853350
Q75361337	6000000081013518063
Q75361339	6000000069145762826
Q75361340	6000000081013888903
Q75361343	6000000069146580871
Q75361344	6000000080863086029
Q75361347	6000000080863145042
Q75361452	6000000032606243898
Q75361454	6000000032606290855
Q75361457	6000000032606292118
Q75361459	6000000030753137900
Q75361478	6000000007068468181
Q75361479	6000000007067917977
Q75361495	6000000032606711896
Q75361496	6000000032606292405
Q75361502	6000000062602648057
Q75361523	6000000001091989920
Q75361524	6000000001147903206
Q75361527	6000000032655985561
Q75361528	6000000032656157198
Q75361530	6000000032656244520
Q75361531	6000000037149577637
Q75361533	6000000004079835640
Q75361534	6000000032656777369
Q75361537	6000000037544562047
Q75361538	6000000032656631320
Q75361576	6000000037545330837
Q75361579	6000000037544929610
Q75361611	6000000032656358881
Q75361612	6000000032656562069
Q75361614	6000000032605133684
Q75361615	6000000032605151601
Q75361617	6000000032605342705
Q75361626	6000000032656148303
Q75361628	6000000025137082306
Q75361629	6000000025137555094
Q75361632	6000000032656380864
Q75361633	6000000010905733499
Q75361635	6000000010905321107
Q75361640	6000000010905425863
Q75361649	6000000025137329318
Q75361661	6000000031262170271
Q75361667	6000000086812548920
Q75361670	6000000086809445829
Q75361671	6000000086809706334
Q75361673	6000000086811682045
Q75361674	6000000021823603341
Q75361676	6000000021823754077
Q75361682	6000000028734831444
Q75361685	6000000028734857573
Q75361698	6000000028734642576
Q75361700	6000000028734625422
Q75361701	6000000028734883378
Q75361703	6000000028734561635
Q75361704	6000000058900143000
Q75361706	6000000058900116009
Q75361722	6000000087433705927
Q75361724	6000000087435454190
Q75361755	6000000087433706055
Q75361759	6000000021823582736
Q75361761	6000000021823552869
Q75361762	6000000087257351827
Q75361765	6000000021823834941
Q75361767	6000000021823321372
Q75361772	6000000021825924774
Q75361800	6000000037556730324
Q75361803	6000000021211749972
Q75361809	6000000018146051696
Q75361811	6000000018145858772
Q75361812	6000000018145833372
Q75361814	6000000037579826195
Q75361819	6000000037579711409
Q75361828	6000000021392437224
Q75361830	6000000009949552426
Q75361834	6000000037579432505
Q75361837	6000000037607952051
Q75361840	6000000037607810329
Q75361842	6000000036768594821
Q75361883	6000000032079794688
Q75361885	6000000032080011495
Q75361910	6000000080805905009
Q75361915	6000000009521494096
Q75361969	6000000112089916822
Q75362027	6000000037402243356
Q75362047	6000000001433158574
Q75362098	4156881663630084205
Q75362101	4172171997150083782
Q75362103	4120813
Q75362106	6000000028500325760
Q75362107	6000000031700515891
Q75362116	6000000009520080017
Q75362126	4172175997350083134
Q75362158	6000000004079835661
Q75362159	4164925411590022517
Q75362232	6000000021212337591
Q75362251	6000000015809115249
Q75363017	6000000112897440878
Q75363018	6000000112897068888
Q75363024	6000000112897262877
Q75363026	6000000112897462864
Q75363028	6000000112897349896
Q75363075	6000000112895739281
Q75363234	6000000050795322848
Q75363247	6000000050795262833
Q75363248	6000000050794821169
Q75363251	6000000050793517699
Q75363254	6000000050795651892
Q75363473	6000000057250060968
Q75363570	6000000094194990018
Q75363608	6000000062601851115
Q75363711	6000000017668535680
Q75363713	6000000021745399970
Q75363750	6000000032782495009
Q75363752	6000000032782420200
Q75363756	6000000032782808858
Q75363758	6000000017668570657
Q75363767	6000000030885467854
Q75363776	6000000017668574734
Q75363790	6000000017669011148
Q75363798	6000000032782821933
Q75363803	6000000026281656964
Q75363804	6000000032748924004
Q75363810	6000000011512190171
Q75363813	6000000082819738330
Q75363849	6000000003884403535
Q75363850	6000000006713249025
Q75363853	6000000008344798414
Q75363928	6000000030232323487
Q75363932	6000000025130639503
Q75363934	6000000030233340866
Q75363954	6000000030262865108
Q75364062	5228555566700080610
Q75364124	5241184510800128711
Q75364150	6000000017553628903
Q75364151	6000000031005854520
Q75364209	6000000008352399235
Q75364250	6000000008352148743
Q75364282	6000000016790811253
Q75364288	6000000032497876248
Q75364291	6000000002856556826
Q75364317	6000000011343509003
Q75364321	6000000003891015660
Q75364380	6000000064799021860
Q75364381	6000000064862644898
Q75364387	6000000064797670436
Q75364392	6000000064798552942
Q75364393	6000000064797248134
Q75364440	6000000003891421140
Q75364441	6000000003891404939
Q75364450	6000000003891421147
Q75364601	6000000008494617393
Q75364714	6000000022652111971
Q75364816	6000000022652080013
Q75364879	6000000028250783519
Q75364919	6000000018747770671
Q75364930	6000000018868937760
Q75364932	6000000018869254612
Q75365029	6000000002188412530
Q75365050	6000000004097672176
Q75365067	6000000017790370885
Q75365120	6000000026025508350
Q75365122	6000000026025663559
Q75365124	6000000026025205503
Q75365160	6000000027292905701
Q75365162	6000000025710687001
Q75365163	6000000025707512054
Q75365167	6000000015394012121
Q75365181	6000000021918829331
Q75365188	6000000027274157876
Q75365209	6000000054864234901
Q75365263	6000000014590586523
Q75365288	6000000055186050076
Q75365292	6000000055186660891
Q75365333	6000000055187789983
Q75365367	6000000060181272843
Q75365423	6000000024292371580
Q75365426	6000000004097582088
Q75365443	6000000004097637041
Q75365452	6000000004097637067
Q75365628	6000000041457632966
Q75365631	6000000002188425228
Q75365635	6000000056497658953
Q75365636	6000000056497685992
Q75365647	6000000056498086862
Q75365648	6000000056498161849
Q75365650	6000000056498339882
Q75365669	6000000089792082922
Q75365733	6000000019923059571
Q75365734	6000000049268300217
Q75365737	6000000019923358455
Q75365831	6000000069241859874
Q75365854	6000000049269445853
Q75365859	6000000019494905843
Q75365866	6000000072516574879
Q75365909	6000000017786845674
Q75365931	6000000053346082089
Q75365932	6000000053346517821
Q75365937	6000000053346293843
Q75365969	6000000056612764850
Q75366020	6000000056611698518
Q75366066	6000000002188425001
Q75366068	6000000069123478088
Q75366071	6000000049267638032
Q75366100	6000000013432379871
Q75366106	6000000013433645500
Q75366135	6000000056963661872
Q75366141	6000000056963766892
Q75366142	6000000056963481060
Q75366191	6000000019853399478
Q75366193	6000000019853437207
Q75366200	6000000047009745541
Q75366307	6000000007259210305
Q75366308	6000000004097311645
Q75366372	6000000004055057512
Q75366373	6000000004059308394
Q75366375	6000000004349526349
Q75366376	6000000004349498959
Q75366380	6000000004349498971
Q75366382	6000000018421711078
Q75366383	6000000004059308400
Q75366388	6000000004053152511
Q75366400	6000000000074300075
Q75366407	6000000024840899870
Q75366443	6000000004059308388
Q75366500	6000000004059308406
Q75366502	6000000004350471021
Q75366552	6000000004350801898
Q75366587	6000000004351318332
Q75366596	6000000004059308418
Q75366599	6000000004059308382
Q75366601	6000000010740092887
Q75366639	6000000002188425074
Q75366641	6000000026468301011
Q75366642	6000000026354595268
Q75366660	6000000055155772908
Q75366676	6000000002188416195
Q75366677	6000000068361763960
Q75366680	6000000002188425109
Q75366682	6000000047050578901
Q75366683	6000000073105580827
Q75366699	6000000016485584297
Q75366714	6000000004096376275
Q75366716	6000000073112417031
Q75366741	6000000002188425117
Q75366764	6000000016485802411
Q75366765	6000000013493071083
Q75366814	6000000060202880848
Q75366816	6000000068015022998
Q75366819	6000000073044043243
Q75366826	6000000068787367905
Q75366827	6000000056442646120
Q75366836	6000000056442765083
Q75366846	6000000056808609848
Q75366863	6000000039760001945
Q75366879	6000000004079799427
Q75366882	6000000033271456453
Q75366886	6000000014818783329
Q75366916	6000000008290689252
Q75366967	6000000008488939742
Q75366968	6000000015260177936
Q75366970	6000000028092439883
Q75366971	6000000038095756113
Q75366973	6000000038095907891
Q75366975	6000000028101263543
Q75366976	6000000028101460823
Q75366978	6000000019917153434
Q75366991	6000000015260793120
Q75367015	6000000015260647786
Q75367016	6000000029062863889
Q75367018	6000000029062830950
Q75367019	6000000056986691090
Q75367029	6000000017792505219
Q75367046	6000000107515559180
Q75367071	6000000024531047085
Q75367079	6000000078363150159
Q75367081	6000000078363610839
Q75367116	6000000017265998387
Q75367120	6000000002643998577
Q75367123	6000000015163196211
Q75367125	6000000015163171170
Q75367222	6000000083300722816
Q75367225	6000000026082484342
Q75367257	6000000017266031370
Q75367258	6000000014274068603
Q75367260	6000000017266218779
Q75367262	6000000017266059387
Q75367263	6000000017266059395
Q75367265	6000000017266304680
Q75367272	6000000017266197526
Q75367273	6000000017266382736
Q75367277	6000000017266494230
Q75367279	6000000017266489244
Q75367285	6000000017266129648
Q75367287	6000000017266378737
Q75367322	6000000017266448829
Q75367325	6000000017265967600
Q75367359	6000000023356173852
Q75367362	6000000002188409133
Q75367364	6000000016258791084
Q75367367	6000000026082600995
Q75367378	6000000026081868662
Q75367379	6000000026082487292
Q75367390	6000000008210370360
Q75367407	6000000027560900087
Q75367408	6000000013725655296
Q75367409	6000000013725556726
Q75367420	6000000083297609909
Q75367423	6000000108318697893
Q75367424	6000000083297427105
Q75367427	6000000108318478001
Q75367480	6000000083297944968
Q75367523	6000000008230820853
Q75367525	6000000014188379286
Q75367526	6000000016777564319
Q75367528	6000000016777631086
Q75367529	6000000020261263633
Q75367531	6000000020262592226
Q75367568	6000000016774493589
Q75367607	6000000008230809850
Q75367609	6000000008230890343
Q75367633	6000000009287935385
Q75367763	6000000016053572694
Q75367786	6000000008462277989
Q75367788	6000000015582249609
Q75367790	6000000002188409902
Q75367791	6000000015582118915
Q75367791	6000000190459312122
Q75367794	6000000190459312132
Q75367796	6000000190459312162
Q75367801	6000000022973821703
Q75367802	6000000022975533565
Q75367802	6000000192177854078
Q75367807	6000000022976444894
Q75367809	6000000025426275031
Q75367811	6000000022973898751
Q75367817	6000000022969046958
Q75367818	6000000022969243839
Q75367820	6000000022969233906
Q75367821	6000000022969233901
Q75367844	6000000022976931946
Q75367847	6000000022973743753
Q75367848	6000000022975812299
Q75367853	6000000022969151832
Q75367855	6000000025426403829
Q75367856	6000000022973743774
Q75367858	6000000007286687723
Q75367860	6000000022975199017
Q75367873	6000000190455207955
Q75367890	6000000016313512045
Q75367891	6000000016313473288
Q75367898	6000000024093868489
Q75367918	6000000046970057238
Q75367933	6000000019534123818
Q75367934	6000000019535573103
Q75368014	6000000056969603821
Q75368183	6000000002188496462
Q75368186	6000000016554808505
Q75368211	6000000013681990642
Q75368224	6000000002764514042
Q75368285	6000000066851495866
Q75368286	6000000011744888569
Q75368321	6000000004097377423
Q75368323	6000000004097050598
Q75368363	6000000024388798893
Q75368391	5536573306600125759
Q75368396	6000000006101187984
Q75368397	5545906078560079784
Q75368429	5545962834580129097
Q75368434	6000000004015069298
Q75368448	6000000008321743159
Q75368458	6000000016275923780
Q75368465	6000000054418628021
Q75368466	6000000016275870474
Q75368469	6000000032867713212
Q75368486	6000000089573889831
Q75368491	6000000016275517872
Q75368494	6000000016275510827
Q75368498	6000000015136995125
Q75368502	6000000015137135037
Q75368537	6000000053637939074
Q75368539	6000000053638564912
Q75368540	6000000054292090927
Q75368543	6000000016275292836
Q75368544	6000000002188412359
Q75368753	6000000066851602896
Q75368757	6000000077821145743
Q75368816	6000000077643401081
Q75368834	6000000016317040997
Q75368835	6000000017042717976
Q75368837	6000000017042744862
Q75368844	6000000016020530470
Q75368870	6000000025173731575
Q75368905	6000000072426050316
Q75368906	6000000047050663899
Q75368971	6000000051290570223
Q7536900	5401080632610024872
Q75369001	6000000011603094985
Q75369029	6000000026579709305
Q75369029	6000000046932727938
Q75369058	6000000002188470258
Q75369060	6000000001877509978
Q75369061	6000000001877540982
Q75369068	6000000016671205093
Q75369082	6000000065135535909
Q75369123	6000000002188429814
Q75369126	6000000016671181143
Q75369127	6000000016671192054
Q75369136	6000000048768208905
Q75369222	6000000008583930387
Q75369223	6000000002188429757
Q75369225	6000000083156126302
Q75369227	6000000064159642829
Q75369228	6000000076834409240
Q75369230	6000000064158921864
Q75369250	6000000083206116244
Q75369292	6000000022150149929
Q75369295	6000000083206739860
Q75369309	6000000116820376945
Q75369311	6000000002188436867
Q75369332	6000000116820879959
Q75369349	6000000042115110503
Q75369402	6000000052522554131
Q75369405	6000000031076427232
Q75369416	5537399891280125899
Q75369420	6000000016476054180
Q75369422	6000000016476104083
Q75369478	6000000019002498867
Q75369484	6000000086785982918
Q75369485	6000000068768783822
Q75369487	5262295942240084314
Q75369522	6000000031052225895
Q75369534	6000000052521909181
Q75369535	6000000052529448848
Q75369543	6000000035099384167
Q75369570	6000000008583532977
Q75369574	6000000008583769719
Q75369576	6000000009162364042
Q75369577	6000000046459880238
Q75369579	6000000078378171234
Q75369594	6000000002188436888
Q75369595	6000000116819975822
Q75369600	6000000085676989850
Q75369607	6000000036303956501
Q75369715	6000000016783295757
Q75369742	6000000029618755142
Q75369752	6000000016783477094
Q75369796	6000000016783492291
Q75369843	6000000029615094925
Q75369846	6000000016046744976
Q75369848	6000000016047062539
Q75369951	6000000009964302906
Q75370004	6000000012442973736
Q75370017	6000000020308432812
Q75370020	6000000020309037819
Q75370045	6000000029678150498
Q75370046	6000000029678350012
Q75370055	6000000029678429006
Q75370187	6000000076630438970
Q75370188	6000000076630374076
Q75370191	6000000076630624927
Q75370192	6000000082701974954
Q75370281	6000000082702028895
Q75370320	6000000026001345572
Q75370361	6000000016811214967
Q75370362	6000000016811462221
Q75370363	6000000029552763179
Q75370366	6000000029552643202
Q75370367	6000000029552769731
Q75370370	6000000029554362042
Q75370371	6000000029552991997
Q75370390	6000000029553056417
Q75370406	6000000029553379121
Q75370407	6000000029553590121
Q75370434	6000000051846614853
Q75370439	6000000019348634550
Q75370442	6000000016811372464
Q75370445	6000000029549589612
Q75370446	6000000029551097499
Q75370448	6000000020409798459
Q75370463	6000000029552189025
Q75370464	6000000029552160179
Q75370469	6000000015942505253
Q75370484	6000000008213331646
Q75370485	6000000015955573003
Q75370501	6000000100445266840
Q75370561	6000000000197649955
Q75370588	6000000002764686911
Q75370603	6000000000197879635
Q75370632	6000000015955730796
Q75370643	6000000016812847511
Q75370648	6000000002188434376
Q75370656	6000000056080833934
Q75370694	6000000020721790570
Q75370696	6000000008379742418
Q75370700	6000000008379742202
Q75370703	6000000020722057966
Q75370704	6000000020721794598
Q75370707	6000000069505815594
Q75370853	6000000020721902634
Q75370855	6000000020722066094
Q75370857	6000000020721871685
Q75370859	6000000027579386492
Q75370860	6000000027579226764
Q75370885	6000000020722015195
Q75370887	6000000020721871643
Q75370971	6000000020721981393
Q75370972	6000000020722092040
Q75370975	6000000020721842338
Q75370976	6000000020722014480
Q75371013	6000000020722178914
Q75371038	6000000178170177821
Q75371039	6000000178214238858
Q75371092	6000000020721878762
Q75371094	6000000042831308018
Q75371110	6000000042830785338
Q75371113	6000000042831054879
Q75371122	6000000042831012668
Q75371130	4249504926830028363
Q75371132	4249386366120062936
Q75371160	6000000058051807018
Q75371162	6000000041945285399
Q75371165	6000000066263464863
Q75371218	6000000036761377932
Q75371250	6000000016820896278
Q75371251	6000000016819951946
Q75371253	6000000176586035823
Q75371255	6000000176586448821
Q75371290	6000000016820775236
Q75371292	6000000016820896434
Q75371373	6000000016998810244
Q75371376	6000000021233479500
Q75371379	6000000016998701489
Q75371399	6000000016819851422
Q75371400	6000000016561985165
Q75371481	6000000016819917987
Q75371483	6000000016820390962
Q7537152	6000000083841345905
Q75371547	6000000011744877435
Q75371548	6000000016820779185
Q75371582	6000000029786170857
Q75371601	6000000010208775166
Q75371629	6000000030725654068
Q75371633	6000000026467298804
Q75371641	6000000005438470780
Q75371662	6000000033706105821
Q75371663	6000000041690361538
Q75371667	6000000033705447616
Q75371669	6000000083377210468
Q75371672	6000000052103454854
Q75371675	6000000003884443851
Q75371701	6000000009729120507
Q75371707	6000000013041381791
Q75371708	6000000021717930628
Q75371728	6000000031008939839
Q75371729	6000000080067167080
Q75371738	6000000031008852077
Q75371754	6000000023352255404
Q75371755	6000000023351177676
Q75371779	6000000006713113227
Q75371780	6000000023352083484
Q75371790	6000000009728901565
Q75371796	6000000031112324912
Q75371797	6000000031112180351
Q75371921	6000000001496245049
Q75371923	6000000001496234513
Q75371955	6000000001495079983
Q75371958	6000000001495955206
Q75371972	6000000001495946179
Q75372025	6000000025014328124
Q75372033	6000000003884770567
Q75372038	6000000108531351905
Q75372056	6000000002831295408
Q75372059	6000000002831295419
Q75372060	6000000002188504381
Q75372069	6000000025223178251
Q75372080	6000000007253307569
Q75372081	6000000025690486907
Q75372086	6000000025689441810
Q75372118	6000000029767963035
Q75372126	6000000002188504448
Q75372131	6000000002188504466
Q75372134	6000000002831295393
Q75372139	6000000019474949285
Q75372177	6000000004148885794
Q75372188	6000000004148885999
Q75372189	6000000004148885985
Q75372199	6000000004148885950
Q75372256	6000000004148891119
Q75372288	6000000010135988203
Q75372290	6000000017883882635
Q75372321	6000000010135328541
Q75372350	6000000011055953413
Q75372411	6000000014577518983
Q75372413	6000000014577668202
Q75372415	6000000014577286662
Q75372417	6000000012414123105
Q75372449	6000000029079263912
Q75372493	6000000056407697148
Q75372495	6000000056409528898
Q75372497	6000000020704407514
Q75372503	6000000020704336177
Q75372527	6000000079226409830
Q75372528	6000000079226347840
Q75372529	6000000079226395822
Q75372531	6000000079224918108
Q75372532	6000000030987381213
Q75372542	6000000079226596854
Q75372559	6000000079226214878
Q75372561	6000000079226600821
Q75372564	6000000079225568945
Q75372565	6000000079226461872
Q75372583	6000000050358329896
Q75372599	6000000050358441029
Q75372600	6000000050358672892
Q75372603	6000000081026249536
Q75372605	6000000050358680949
Q75372634	6000000051516387392
Q75372666	6000000050358011022
Q75372689	6000000002188496891
Q75372691	6000000018843688746
Q75372695	6000000018844306060
Q75372738	6000000002024149322
Q75372742	6000000071221428829
Q75372744	6000000059141025941
Q75372747	6000000063640689863
Q75372748	6000000063641717826
Q75372749	6000000063641245056
Q75372752	6000000097627511867
Q75372753	6000000063641877821
Q75372758	6000000039196818100
Q75372759	6000000010488715471
Q75372763	6000000039197129936
Q75372766	6000000031806649887
Q75372778	6000000022251962865
Q75372788	6000000075487295970
Q75372792	6000000097746104491
Q75372811	6000000022251587668
Q75372817	6000000022251219798
Q75372821	6000000105001804993
Q75372827	6000000016512493600
Q75372828	6000000039194503574
Q75372829	6000000022251784687
Q75372831	6000000046968509456
Q75372838	6000000022252083175
Q75372840	6000000022251798584
Q75372842	6000000039197226833
Q75372845	6000000046971028000
Q75372846	6000000046970399534
Q75372858	6000000047128845834
Q75372859	6000000047128830821
Q75372861	6000000016512748395
Q75372876	6000000039190931931
Q75372877	6000000039190868846
Q75372879	6000000039190895831
Q75372882	6000000039190557182
Q75372884	6000000039190339978
Q75372887	6000000039190732959
Q75372888	6000000039190417633
Q75372907	6000000009864371295
Q75372910	6000000010373066760
Q75372911	6000000016717527356
Q75372913	6000000010340683026
Q75372914	6000000010330962184
Q75372915	6000000010351455399
Q75372917	6000000010351514395
Q75372920	6000000061229670780
Q75372948	6000000015287280103
Q75372952	6000000010004515929
Q75372962	6000000037651426899
Q75372983	6000000024129171956
Q75372990	6000000012640927922
Q75372999	6000000029244959225
Q75373017	6000000021558546951
Q75373019	6000000016831513323
Q75373020	6000000016831698061
Q75373033	6000000009862067678
Q75373045	6000000016346919783
Q75373065	6000000184357820822
Q75373066	6000000184356543846
Q75373083	6000000022375916230
Q75373099	6000000006591359118
Q75373131	6000000004867702592
Q75373149	6000000017431667007
Q75373152	6000000068777772891
Q75373166	6000000009753790119
Q75373168	6000000009754157569
Q75373175	6000000045461810241
Q75373200	6000000016514367379
Q75373203	6000000023483491324
Q75373204	6000000017478719859
Q75373206	6000000023483668061
Q75373210	6000000016513191193
Q75373213	6000000016475268155
Q75373215	6000000008508215666
Q75373218	6000000017790240860
Q75373220	6000000016259488328
Q75373237	6000000017791554982
Q75373239	6000000017792097365
Q75373255	6000000003943371797
Q75373256	6000000003943589193
Q75373259	6000000051755877977
Q75373266	6000000014914330324
Q75373268	6000000014826316834
Q75373275	6000000027834949526
Q75373276	6000000027855778813
Q75373278	6000000070745642338
Q75373291	6000000029013290738
Q75373305	6000000057676919929
Q75373306	6000000077911300904
Q75373308	6000000017794928388
Q75373309	6000000017790525805
Q75373311	6000000017793733529
Q75373318	6000000004096782241
Q75373320	6000000004096782233
Q75373321	6000000004096782266
Q75373341	6000000071921624327
Q75373342	6000000071921488766
Q75373348	6000000071921671508
Q75373366	6000000071921478913
Q75373368	6000000071921521924
Q75373371	6000000002188402171
Q75373372	6000000002188445344
Q75373378	6000000060321895832
Q75373382	6000000092688432868
Q75373385	6000000092688432842
Q75373392	6000000017505438026
Q75373394	6000000056279696113
Q75373396	6000000010996249455
Q75373398	6000000017504580832
Q75373411	6000000025482406681
Q75373413	6000000017505466449
Q75373415	6000000014741249267
Q75373416	6000000018684351107
Q75373418	6000000017506034151
Q75373427	6000000016475343546
Q75373428	6000000022489498882
Q75373431	6000000049567866960
Q75373439	6000000185819500892
Q75373441	6000000064585378905
Q75373481	6000000064118508860
Q75373483	6000000056834338903
Q75373484	6000000056834514842
Q75373486	6000000004867702648
Q75373487	6000000056834739870
Q75373489	6000000056834870869
Q75373490	6000000064118584875
Q75373517	6000000026432373549
Q75373520	6000000026433773921
Q75373533	6000000004868252772
Q75373541	6000000011663246400
Q75373554	6000000004868252781
Q75373569	6000000000070956041
Q75373571	6000000056110380908
Q75373575	6000000056110778827
Q75373577	6000000062874050843
Q75373588	6000000056110594009
Q75373590	6000000056110744912
Q75373591	6000000056110351188
Q75373601	6000000056110546859
Q75373607	6000000056110539859
Q75373608	6000000011072703955
Q75373611	6000000082530514737
Q75373630	6000000024516903881
Q75373634	6000000024093709652
Q75373635	6000000052158729839
Q75373638	6000000015826992386
Q75373669	6000000027473259500
Q75373675	6000000024739594192
Q75373677	6000000024739111144
Q75373681	6000000053596346833
Q75373690	6000000020378483207
Q75373691	6000000020378428258
Q75373712	6000000003093511873
Q75373714	6000000003093779378
Q75373715	6000000003093539219
Q75373716	6000000003094166614
Q75373742	6000000026613650957
Q75373742	6000000054972776338
Q75373755	6000000015632484490
Q75373756	6000000018726413341
Q75373759	6000000026335606082
Q75373760	6000000014664627143
Q75373798	6000000025375264195
Q75373815	6000000049988388335
Q75373817	6000000049988628047
Q75373834	6000000014693390662
Q75373836	6000000015672159803
Q75373860	6000000015562163270
Q75373869	6000000014596856599
Q75373884	6000000025524349046
Q75373887	6000000025523753295
Q75373899	6000000057034228039
Q75373980	6000000014216467133
Q75373997	6000000020378533798
Q75374003	6000000022930069989
Q75374005	6000000012941207094
Q75374042	6000000030163002474
Q75374058	6000000019002639792
Q75374066	6000000019002978100
Q75374108	6000000025739343130
Q75374110	6000000025739414108
Q75374111	4985633046910054651
Q75374114	4985910338030110928
Q75374155	6000000017860488603
Q75374220	6000000024632001169
Q75374241	6000000022603936474
Q75374265	6000000017570536420
Q75374269	6000000095360476082
Q75374284	6000000020376592224
Q75374287	6000000009136887997
Q75374307	6000000015067054480
Q75374310	6000000015067416141
Q75374318	6000000039588772537
Q75374319	6000000017470462505
Q75374321	6000000059757569876
Q75374338	6000000012940959030
Q75374349	6000000026102246232
Q75374354	6000000026102456396
Q75374461	6000000019535455419
Q75374468	6000000015171158526
Q75374471	6000000004868252825
Q75374504	6000000004868252835
Q75374507	6000000074380964974
Q75374511	6000000004867304784
Q75374566	6000000074382118099
Q75374568	6000000074383539856
Q75374573	6000000074385111847
Q75374576	6000000074385350834
Q75374577	6000000074383104128
Q75374578	6000000074385478853
Q75374580	6000000061236203979
Q75374582	6000000061236068105
Q75374597	6000000056110388840
Q75374602	6000000077596446234
Q75374604	6000000077596602214
Q75374617	6000000014756377212
Q75374624	6000000061236000977
Q75374627	6000000074390716855
Q75374647	6000000018016429236
Q75374648	6000000024643547380
Q75374665	6000000018016453203
Q75374669	6000000013565105584
Q75374672	6000000018015298712
Q75374709	6000000018853392378
Q75374711	6000000018853583306
Q75374713	6000000025488499318
Q75374715	5551817209360105226
Q75374718	6000000006582852015
Q75374720	6000000006582176786
Q75374724	6000000018853516286
Q75374725	6000000018853761476
Q75374726	6000000018853672374
Q75374728	6000000018853411652
Q75374735	6000000023207708594
Q75374740	6000000018853613597
Q75374747	6000000018853659367
Q75374749	6000000021839050437
Q75374754	6000000018854131017
Q75374797	6000000004867304832
Q75374821	6000000018853618485
Q75374823	6000000018853614488
Q75374825	6000000018853872105
Q75374844	6000000003216142577
Q75374931	6000000013565987133
Q75374932	6000000013565489320
Q75374935	6000000013565529796
Q75374944	6000000013640300124
Q75374961	6000000036244473879
Q75375055	6000000017600144190
Q75375058	6000000046898999900
Q75375062	6000000004350989616
Q75375069	6000000017600009135
Q75375071	6000000017600041019
Q75375078	6000000046637779902
Q75375124	6000000020704439401
Q75375142	6000000015626108784
Q75375148	6000000049124898968
Q75375150	6000000049128942880
Q75375151	6000000049125014091
Q75375153	6000000049125549882
Q75375212	6000000002188425568
Q75375221	6000000002188425647
Q75375223	6000000065095413035
Q75375227	6000000065095691895
Q75375246	6000000024670489029
Q75375265	6000000046637334058
Q75375266	6000000046639830825
Q75375318	6000000071080133851
Q75375320	6000000071079884875
Q75375403	6000000100988021839
Q75375404	6000000100988298882
Q75375416	6000000002188425655
Q75375418	6000000002188425661
Q75375510	6000000002188458320
Q75375521	6000000002188466375
Q75375524	6000000002188450820
Q75375526	6000000002188450812
Q75375527	6000000002188412343
Q75375529	6000000041770766443
Q75375531	6000000091341718019
Q75375532	6000000091342238832
Q75375534	6000000016369712483
Q75375541	6000000091340557913
Q75375569	6000000049807315242
Q75375571	6000000049807888008
Q75375572	6000000026432463918
Q75375589	6000000002188450828
Q75375592	6000000002188425456
Q75375600	6000000002188450764
Q75375612	6000000016275810985
Q75375635	6000000006503675011
Q75375636	6000000002188450788
Q75375639	6000000050551229061
Q75375641	6000000050551307149
Q75375642	6000000120905195896
Q75375643	6000000120879772111
Q75375659	6000000021088904470
Q75375660	6000000021089113004
Q75375661	6000000021088857498
Q75375674	6000000024977012033
Q75375706	6000000002188450615
Q75375708	6000000002188504717
Q75375710	6000000031013963510
Q75375714	6000000031014237109
Q75375719	6000000037647180237
Q75375721	6000000037647552831
Q75375729	6000000058404152867
Q75375731	6000000058404719089
Q75375784	6000000080581520911
Q75375785	6000000080581925854
Q75375851	6000000015974254955
Q75375856	6000000017576637217
Q75375860	6000000015962403542
Q75375861	6000000015962375695
Q75375865	6000000019191972843
Q75375867	6000000019192202403
Q75375880	6000000048874596969
Q75375915	6000000015974117499
Q75375933	6000000013343338163
Q75375938	6000000079650614097
Q75375939	6000000027168420771
Q75375960	6000000015993978419
Q75375961	6000000015996626374
Q75375964	6000000015996818862
Q75375977	6000000015997128358
Q75375980	6000000057393912946
Q75375981	6000000057393912964
Q75375985	6000000057393883851
Q75376068	6000000012660612928
Q75376069	6000000012661123510
Q75376071	6000000012661191983
Q75376074	6000000012661588382
Q75376075	6000000012660556979
Q75376116	6000000019911008054
Q75376193	6000000022332805239
Q75376195	6000000022332542572
Q75376208	6000000002188450575
Q75376211	6000000002188450546
Q75376215	6000000016317033723
Q75376231	6000000056901780830
Q75376232	6000000050441262971
Q75376280	6000000056902009853
Q75376321	6000000056279317014
Q75376327	6000000017504539976
Q75376334	6000000057253576988
Q75376370	6000000052162680892
Q75376371	6000000052162710853
Q75376373	6000000052162471246
Q75376374	6000000016308239765
Q75376374	6000000052162678095
Q75376395	6000000052162466962
Q75376403	6000000022922958567
Q75376405	6000000017345353994
Q75376409	6000000008289500147
Q75376410	6000000092688432892
Q75376457	6000000050512958896
Q75376562	6000000004997532274
Q75376566	6000000002188425707
Q75376569	6000000008450444443
Q75376574	6000000219833535826
Q75376591	6000000081663777860
Q75376595	6000000081663313914
Q75376601	6000000081662999976
Q75376611	6000000022130352509
Q75376613	6000000022130717033
Q75376615	6000000025582356558
Q75376616	6000000025582222699
Q75376618	6000000025582830842
Q75376620	6000000025582672248
Q75376634	6000000025582806879
Q75376635	6000000025581881594
Q75376636	6000000025582495316
Q75376644	6000000205618317863
Q75376645	6000000025582533012
Q75376646	6000000025582772933
Q75376661	6000000025582404212
Q75376662	6000000022130799981
Q75376664	6000000025582356686
Q75376665	6000000025582721235
Q75376668	6000000025582672363
Q75376679	6000000205617442890
Q75376697	6000000045316716899
Q75376709	6000000022131137087
Q75376712	6000000002188425715
Q75376715	6000000082748861242
Q75376716	6000000050406077029
Q75376718	6000000050406154009
Q75376732	6000000070577436863
Q75376762	6000000026145226116
Q75376763	6000000026145219132
Q75376777	6000000002466646147
Q75376786	6000000026145330555
Q75376833	6000000044212437867
Q75376834	6000000044210460909
Q75376845	6000000022172675135
Q75376847	6000000022172353806
Q75376848	6000000022172360780
Q75376850	6000000022172745016
Q75376880	6000000029839581978
Q75376882	6000000053798222860
Q75376883	6000000016301606051
Q75376884	6000000016301594042
Q75376948	6000000021823294595
Q75376955	6000000015892329026
Q75376959	6000000015962458068
Q75377001	6000000023316099607
Q75377003	6000000025863821037
Q75377009	6000000014170612829
Q75377011	6000000002188510679
Q75377012	6000000041838770758
Q75377016	6000000060389742014
Q75377019	6000000002188510692
Q75377053	6000000002188445074
Q75377056	6000000002188445082
Q75377061	6000000002188445102
Q75377081	6000000010779169044
Q75377089	6000000025410313878
Q75377096	6000000012414272577
Q75377099	6000000012414058673
Q75377101	6000000012414224317
Q75377109	6000000012414355588
Q75377111	6000000012417757558
Q75377157	6000000012414334440
Q75377163	6000000012414271833
Q75377165	6000000012414221356
Q75377173	6000000067687102954
Q75377181	6000000072425995421
Q75377183	6000000009310656491
Q75377191	6000000050791026850
Q75377216	6000000050790776928
Q75377269	6000000002764822532
Q75377271	6000000002802733005
Q75377272	6000000002764822537
Q75377279	6000000016369856449
Q75377283	6000000074294529671
Q75377288	6000000051331051068
Q75377289	6000000051295049927
Q75377348	6000000019200397302
Q75377349	6000000016359780743
Q75377390	6000000016359559777
Q75377399	6000000076456668123
Q75377404	6000000105502039922
Q75377406	6000000105502431926
Q75377409	6000000186227373912
Q75377429	6000000010779450553
Q75377431	6000000004133202676
Q75377435	6000000002188458254
Q75377438	6000000022410058436
Q75377439	6000000049076535107
Q75377441	6000000043127729045
Q75377476	6000000049076572978
Q75377494	6000000020771539925
Q75377496	6000000020771439078
Q75377497	6000000058197582848
Q75377498	6000000007404578358
Q75377501	6000000007404163717
Q75377555	6000000084549527909
Q75377556	6000000084549957885
Q75377584	6000000004096782218
Q75377586	6000000004096782210
Q75377646	6000000049499093299
Q75377647	6000000049499954994
Q75377666	6000000060708806893
Q75377668	6000000060708786836
Q75377669	6000000060708796107
Q75377670	6000000060708796135
Q75377680	6000000067156388838
Q75377686	6000000067156248000
Q75377688	6000000067156427909
Q75377698	6000000052094764218
Q75377699	6000000052095996021
Q75377707	6000000016574949725
Q75377719	6000000060708796070
Q75377720	6000000060708796131
Q75377722	6000000097666340861
Q75377734	6000000060708796139
Q75377735	6000000032442161822
Q75377737	6000000076167177989
Q75377739	6000000076167178020
Q75377741	6000000076167131180
Q75377742	6000000076167296892
Q75377744	6000000076167457901
Q75377746	6000000076166977147
Q75377748	6000000060708796123
Q75377749	6000000076165621210
Q75377753	6000000076203358919
Q75377761	6000000060708796083
Q75377765	6000000060708796074
Q75377774	6000000038828169895
Q75377779	6000000019718121790
Q75377780	6000000041770824785
Q75377783	6000000019718322237
Q75377785	6000000013431929981
Q75377787	6000000019718493031
Q75377845	6000000019730360344
Q75377847	6000000019731331003
Q75377877	6000000019730078583
Q75377879	6000000019730617589
Q75377888	6000000048471173369
Q75377889	6000000019730999993
Q75377894	6000000019730654808
Q75377898	6000000053578668079
Q75377900	6000000053579924922
Q75377903	6000000053580233948
Q75377904	6000000053580302851
Q75377908	6000000053582365836
Q75377910	6000000053582624834
Q75377921	6000000053595037983
Q75377922	6000000053594969092
Q75377934	6000000047050433027
Q75377936	6000000048472303925
Q75377937	6000000048470719561
Q75377939	6000000048472372069
Q75377940	6000000058096275018
Q75377946	6000000047049558673
Q75377948	6000000048472788828
Q75377949	6000000058196315989
Q75377953	6000000058196284903
Q75377973	6000000058098734993
Q75377977	6000000058097763025
Q75378014	6000000048471997213
Q75378017	6000000017429663402
Q75378019	6000000058005035888
Q75378021	6000000007403609415
Q75378027	6000000058005401899
Q75378028	6000000058008351924
Q75378110	6000000053578573864
Q75378113	6000000048471109492
Q75378147	6000000064024309865
Q75378158	6000000016319843089
Q75378162	6000000022409993104
Q75378164	6000000022410238857
Q75378183	6000000004667773754
Q75378190	6000000049684777045
Q75378195	6000000026410192199
Q75378198	6000000004357054664
Q75378199	6000000010740092641
Q75378200	6000000004357241273
Q75378202	6000000004357114950
Q75378205	6000000004357568744
Q75378293	6000000049109929837
Q75378308	6000000022410153866
Q75378340	6000000091801497862
Q75378359	6000000016385805339
Q75378409	6000000016325581221
Q75378411	6000000016325677218
Q75378412	6000000016325629566
Q75378420	6000000073201346195
Q75378421	6000000016325466914
Q75378424	6000000073201749896
Q75378426	6000000002188461851
Q75378427	6000000020769953532
Q75378430	6000000019297977446
Q75378436	6000000019299051706
Q75378485	6000000008790639066
Q75378567	6000000077152788548
Q75378569	6000000077155225859
Q75378573	6000000077154868932
Q75378600	6000000002188461905
Q75378674	6000000069130976864
Q75378677	6000000069130892101
Q75378689	6000000066960804865
Q75378743	6000000004134507786
Q75378744	6000000004134507792
Q75378745	6000000004741860001
Q75378748	6000000004134507780
Q75378749	6000000004134507798
Q75378752	6000000004134507804
Q75378753	6000000004133740172
Q75378755	6000000004133194450
Q75378756	6000000004134716033
Q75378759	6000000004703795001
Q75378763	6000000004721622002
Q75378778	6000000004134716039
Q75378780	6000000004134507810
Q75378781	6000000006443542916
Q75378786	6000000006443542906
Q75378806	6000000002188464019
Q75378807	6000000002188464062
Q75378809	6000000002188464027
Q75378825	6000000026468284148
Q75378830	6000000058599117899
Q75378835	6000000086925980941
Q75378839	6000000094617976834
Q75378848	6000000066946935822
Q75378850	6000000066946995856
Q75378853	6000000066946702905
Q75378855	6000000066946811920
Q75378857	6000000066972030821
Q75378859	6000000066947157831
Q75378861	6000000066946616032
Q75378873	6000000055073384308
Q75378874	6000000055074452821
Q75378877	6000000055074215045
Q75378880	6000000055247052932
Q75378999	6000000049452410127
Q75379027	6000000055073955822
Q75379106	6000000038054006862
Q75379135	6000000017064701650
Q75379137	6000000072428493926
Q75379149	6000000110593992888
Q75379156	6000000017064701654
Q75379160	6000000072427282327
Q75379163	6000000002773187735
Q75379164	6000000013432165806
Q75379166	6000000002188496499
Q75379167	6000000013432028996
Q75379172	6000000013432266444
Q75379176	6000000018701380699
Q75379178	6000000018701298196
Q75379217	6000000024170851688
Q75379221	6000000078334481826
Q75379257	6000000018948248744
Q75379295	6000000013433592749
Q75379305	6000000015261432164
Q75379318	6000000026145550216
Q75379320	6000000026145295106
Q75379349	6000000013432359727
Q75379350	6000000013431804018
Q75379352	6000000013432439321
Q75379355	6000000013432414616
Q75379365	6000000013432259169
Q75379366	6000000013432191107
Q75379420	6000000054739850906
Q75379431	6000000030182456399
Q75379433	6000000030182573956
Q75379434	6000000030182578003
Q75379443	6000000016688264880
Q75379444	6000000016685258754
Q75379453	6000000017809776806
Q75379455	6000000015263148084
Q75379463	6000000004097537480
Q75379465	6000000004097537489
Q75379471	6000000020344016542
Q75379472	6000000032782255301
Q75379474	6000000020344610882
Q75379480	6000000020254107834
Q75379491	6000000012941578552
Q75379499	6000000012941576938
Q75379508	6000000012941340677
Q75379515	6000000024380276837
Q75379526	6000000052823225875
Q75379533	6000000024434311885
Q75379587	6000000104808295821
Q75379592	6000000065137985941
Q75379633	6000000082856065671
Q75379651	6000000014755957026
Q75379784	6000000013432153319
Q75379787	6000000002188464954
Q75379788	6000000013431830010
Q75379791	6000000020253525194
Q75379793	6000000002764488153
Q75379794	6000000012941666326
Q75379842	6000000012941824136
Q75379881	6000000012944116189
Q75379883	6000000057062856970
Q75379904	6000000013431630142
Q75379907	6000000013431840146
Q75379924	6000000013431840162
Q75379988	6000000050837932832
Q75380008	6000000057261538852
Q75380013	6000000013432065175
Q75380045	6000000025741053157
Q75380054	4985580920420082337
Q75380056	6000000112719284821
Q75380064	6000000013431962199
Q75380065	6000000013431916563
Q75380078	6000000070345080835
Q75380104	6000000013432181302
Q75380166	6000000002188416187
Q75380167	6000000016661206470
Q75380169	6000000016661233308
Q75380170	6000000019946006019
Q75380172	6000000019945532244
Q75380197	6000000009560907072
Q75380231	6000000013431894859
Q75380235	6000000056784851246
Q75380248	6000000056785350874
Q75380256	6000000025880375409
Q75380257	6000000025880858112
Q75380309	6000000016683153558
Q75380311	5142412257800084250
Q75380312	5142412257850084251
Q75380320	5142290416830138614
Q75380333	6000000067037446867
Q75380341	6000000067036408840
Q75380346	6000000067036455834
Q75380378	6000000013432201458
Q75380405	6000000002188412319
Q75380408	6000000002188453207
Q75380409	6000000002188412311
Q75380438	6000000004097657773
Q75380472	6000000050792746097
Q75380663	6000000016500317831
Q75380665	6000000024108844951
Q75380666	6000000024088169340
Q75380668	6000000024088104302
Q75380698	6000000025903558774
Q75380705	6000000029516995315
Q75380713	6000000064230311930
Q75380727	6000000065883905846
Q75380732	6000000049440419157
Q75380734	6000000049440474030
Q75380740	6000000024348263847
Q75380748	6000000016571387706
Q75380760	6000000049440780019
Q75380776	6000000081267271973
Q75380803	6000000078039086043
Q75380805	6000000078039463848
Q75380860	6000000068900449833
Q75380861	6000000068899870125
Q75381	6000000087140212914
Q75381026	6000000032792612616
Q75381030	6000000079604572898
Q75381041	6000000026067403363
Q75381069	3419556
Q75381070	6000000000191860894
Q75381071	6000000000191937475
Q75381073	3419522
Q75381076	3419594
Q75381121	3419794
Q75381125	6000000021122846654
Q75381126	6000000021130790192
Q75381129	6000000074827454877
Q75381131	6000000022833660894
Q75381161	6000000021131322874
Q75381168	6000000021398533626
Q75381179	6000000032815397577
Q75381181	6000000032815897022
Q75381182	6000000032815838114
Q75381184	6000000032758375872
Q75381195	6000000074776587899
Q75381197	6000000113558413891
Q75381203	6000000023680559208
Q75381206	6000000002188464994
Q75381213	6000000002188468169
Q75381214	6000000002188468163
Q75381217	6000000002188466006
Q75381218	6000000025996304631
Q75381221	6000000025998360054
Q75381225	6000000059875374878
Q75381226	6000000091766789980
Q75381228	6000000067011499821
Q75381231	6000000059875416833
Q75381242	6000000014478712164
Q75381243	6000000014478600215
Q75381257	6000000019509843991
Q75381269	6000000030029127910
Q75381273	6000000022014582459
Q75381278	6000000011302237246
Q75381279	6000000030028808000
Q75381281	6000000003216121398
Q75381282	6000000003216121432
Q75381294	6000000022014260160
Q75381295	6000000023306014911
Q75381297	6000000023305272367
Q75381307	6000000017238589177
Q75381318	6000000000352508312
Q75381320	6000000000352508324
Q75381324	6000000021997450892
Q75381403	6000000003419492094
Q75381405	6000000003419467452
Q75381406	6000000003713984019
Q75381423	6000000001260985446
Q75381459	6000000000351128345
Q75381475	4290709902080050471
Q75381476	6000000000632008431
Q75381481	6000000003232523162
Q75381482	6000000003232523170
Q75381488	6000000003145227067
Q75381502	6000000004026685739
Q75381503	6000000004026713810
Q75381505	6000000004026707367
Q75381506	6000000000632176448
Q75381508	6000000002188554622
Q75381509	6000000002188554630
Q75381511	6000000003232523789
Q75381512	6000000003219721797
Q75381514	6000000002188514335
Q75381515	6000000002188551003
Q75381517	6000000002188551011
Q75381518	6000000003232523893
Q75381520	6000000003232523901
Q75381521	6000000003171835114
Q75381522	6000000003171830235
Q75381525	6000000003232523965
Q75381532	6000000019632981635
Q75381535	6000000002188445630
Q75381574	6000000004543731261
Q75381585	6000000000632008970
Q75381590	323485372450004242
Q75381628	6000000002898158984
Q75381629	6000000003232533075
Q75381631	6000000003232533082
Q75381633	6000000000632016570
Q75381636	6000000003219731117
Q75381681	6000000038329975260
Q75381684	6000000005599120081
Q75381686	6000000003232538150
Q75381687	6000000003219737166
Q75381688	6000000003232538198
Q75381690	6000000002618804028
Q75381698	6000000003171844005
Q75381700	6000000003171630831
Q75381701	6000000003232538268
Q75381703	6000000000632077529
Q75381705	6000000003219737294
Q75381713	6000000007329641513
Q75381721	6000000000307250554
Q75381783	6000000000307252246
Q75381822	5476415589710044897
Q75381827	6000000000632102511
Q75382021	6000000003219746383
Q75382081	6000000003931723745
Q75382144	6000000006444422042
Q75382161	6000000002459946278
Q75382247	6000000002188510217
Q75382255	6000000002188510225
Q75382256	6000000002188510233
Q75382258	6000000002188510241
Q75382259	6000000000632022610
Q75382261	6000000002188510257
Q75382291	6000000002159707077
Q75382295	6000000003098148560
Q75382296	6000000003484270298
Q75382300	6000000002459951128
Q75382302	6000000000351045716
Q75382303	6000000007329565077
Q75382307	6000000033635704989
Q75382342	6000000028336623286
Q75382371	6000000028336860288
Q75382386	6000000051506567836
Q75382388	6000000008631009216
Q75382394	6000000003872883521
Q75382397	6000000002576733346
Q75382457	6000000015212195142
Q75382514	6000000029916354118
Q75382515	6000000023063408864
Q75382609	6000000005413173641
Q75382614	6000000003219772724
Q75382618	6000000003219772748
Q75382633	5536339779160125483
Q75382658	6000000016868538100
Q75382758	6000000002188368547
Q75382777	6000000006444174368
Q75382782	6000000016007311404
Q75382787	6000000004868787480
Q75382842	6000000058425116092
Q75382879	6000000014824487621
Q75382918	6000000000307280936
Q75382922	6000000000307280952
Q75382924	6000000000632011359
Q75382952	6000000003232583949
Q75382962	6000000002929460371
Q75383002	4117069
Q75383020	6000000003272841206
Q75383041	6000000003273123110
Q75383062	6000000001561130988
Q75383065	6000000000632008880
Q75383094	6000000003722032888
Q75383096	6000000003219793827
Q75383124	6000000000170013506
Q75383189	6000000000307287341
Q75383218	6000000000632148466
Q75383236	6000000009412718893
Q75383237	6000000000632127341
Q75383239	6000000000632127332
Q75383252	6000000000307287902
Q75383255	6000000003232594355
Q75383257	6000000000307287928
Q75383275	6000000010618418327
Q75383291	6000000003823987973
Q75383305	6000000006356349959
Q75383318	6000000003825474716
Q75383347	6000000008962427203
Q75383350	6000000010487266574
Q75383353	6000000010487408075
Q75383358	6000000002188616474
Q75383360	6000000043974417659
Q75383370	6000000014674591884
Q75383371	6000000021696243594
Q75383387	323491898100007587
Q75383436	6000000012990900656
Q75383444	6000000002764373750
Q75383445	6000000002764377393
Q75383446	6000000013054456590
Q75383448	6000000020559045800
Q75383454	6000000008571955618
Q75383457	6000000002764690508
Q75383472	6000000002188604091
Q75383476	6000000003843478281
Q75383479	6000000012449633826
Q75383491	6000000022328490231
Q75383492	6000000022328235095
Q75383507	6000000003847011314
Q75383512	6000000003847549190
Q75383525	6000000003851952310
Q75383527	6000000003852860718
Q75383532	6000000006383248010
Q75383538	6000000014839709704
Q75383561	6000000002188615015
Q75383567	6000000017505369742
Q75383571	6000000002188607239
Q75383575	6000000002188607247
Q75383633	6000000014216811219
Q75383640	6000000011699890945
Q75383641	6000000011700295277
Q75383647	6000000002188607565
Q75383664	6000000055571171854
Q75383681	6000000045687202167
Q75383708	6000000001986316874
Q75383710	6000000008111958564
Q75383711	6000000027063026014
Q75383727	6000000018858931725
Q75383743	6000000002188598457
Q75383745	6000000002188598465
Q75383758	6000000001227733557
Q75383777	6000000002188402747
Q75383790	6000000007999511931
Q75383800	6000000001186021682
Q75383810	295311133510003576
Q75383814	6000000003605305210
Q75383816	6000000003143174652
Q75383826	6000000013417404639
Q75383861	6000000011567806030
Q75383874	6000000005022525310
Q75383875	6000000005022525317
Q75383876	6000000025388287647
Q75383882	6000000011682233942
Q75383883	6000000011682476496
Q75383885	6000000001975565188
Q75383948	6000000002073826639
Q75383963	6000000014215784290
Q75383982	6000000008224173711
Q75383993	6000000018036511137
Q75384074	6000000008138221631
Q75384075	6000000002188598088
Q75384077	6000000016275612845
Q75384078	6000000002188429951
Q75384085	6000000002188593484
Q75384122	6000000001504235474
Q75384125	6000000008274596509
Q75384126	4695286899930075444
Q75384169	6000000001194900313
Q75384174	6000000017701728337
Q75384175	6000000018244872883
Q75384238	6000000002188615642
Q75384295	6000000002393681844
Q75384312	6000000010210471544
Q75384315	6000000003008508359
Q75384624	6000000012064839320
Q75384680	6000000002043178550
Q75384693	6000000007605755021
Q75384760	5016804924040066620
Q75384768	6000000001877522744
Q75384887	6000000002188458526
Q75384892	6000000004223446935
Q75384900	6000000023083465454
Q75384909	6000000002024142280
Q75384916	6000000002188385446
Q75384927	6000000002024143367
Q75384939	6000000002188479062
Q75384941	6000000002188479068
Q75384942	6000000002188479110
Q75384948	6000000005599183888
Q75384949	6000000002188479044
Q75384950	6000000002188368033
Q75384959	6000000002188385464
Q75384986	6000000009323974460
Q75385006	6000000010598121287
Q75385038	6000000004109559865
Q75385107	6000000002184266852
Q75385164	6000000002447202897
Q75385172	6000000003681314157
Q75385174	6000000004181398035
Q75385189	6000000007470698328
Q75385191	6000000009777362136
Q75385202	6000000003681314162
Q75385237	347871934200012670
Q75385317	6000000014571626149
Q75385319	6000000001009244989
Q75385320	6000000006727790793
Q75385321	6000000006727790786
Q75385324	6000000001009250125
Q75385325	6000000001009250135
Q75385326	6000000020448043768
Q75385328	6000000001009244175
Q75385343	6000000001009250778
Q75385346	6000000005598888810
Q75385348	6000000005598888822
Q75385350	6000000001009250892
Q75385353	6000000001009250915
Q75385355	6000000001009250924
Q75385356	6000000001504541091
Q75385358	6000000001504541177
Q75385362	6000000001504541258
Q75385363	6000000112090701918
Q75385364	6000000011712886259
Q75385380	6000000007457301302
Q75385384	6000000003655984264
Q75385385	6000000003323172563
Q75385396	6000000000628848081
Q75385405	6000000018443948465
Q75385414	6000000003655934691
Q75385512	6000000007241229037
Q75385521	6000000001504541718
Q75385532	6000000002188453809
Q75385552	6000000008303191228
Q75385553	6000000007280060397
Q75385560	6000000002188429103
Q75385563	6000000008482943040
Q75385606	6000000003622980605
Q75385620	6000000003871822874
Q75385629	4280604071920045444
Q75385644	6000000016267249493
Q75385647	6000000090441904937
Q75385660	6000000007461989477
Q75385665	6000000002178282196
Q75385680	6000000002024142031
Q75385682	6000000006100947644
Q75385683	6000000002061747014
Q75385685	6000000024567835549
Q75385701	6000000006101401534
Q75385702	6000000015974442326
Q75385716	6000000002188475496
Q75385720	6000000081974471322
Q75385726	6000000081974655260
Q75385764	6000000037201183314
Q75385847	6000000002188475694
Q75385871	6000000010377183426
Q75385876	6000000002188475787
Q75385885	6000000002188475803
Q75385887	6000000002188475811
Q75385889	6000000015663571045
Q75385919	6000000000628848614
Q75385938	6000000004142522971
Q75385939	6000000004142578325
Q75385941	6000000004868960560
Q75385943	6000000015323143386
Q75385946	6000000008630254300
Q75385948	6000000008630254307
Q75385956	6000000006101202975
Q75385959	6000000006101202946
Q75385961	6000000037905545003
Q75385963	6000000004132343627
Q75385964	6000000004132380657
Q75385967	6000000007461705721
Q75385969	6000000011122179777
Q75385970	6000000004868944007
Q75385976	6000000006101202995
Q75385978	6000000032978165602
Q75385982	6000000004868944015
Q75386006	6000000007257470471
Q75386025	6000000007465576086
Q75386028	6000000056740266033
Q75386034	6000000007257365525
Q75386045	6000000056699447291
Q75386119	6000000006101202484
Q75386123	6000000007466119112
Q75386125	6000000007466735106
Q75386140	6000000007466404385
Q75386149	6000000007466484261
Q75386152	6000000121223507866
Q75386164	6000000004868692184
Q75386171	6000000006101202756
Q75386172	6000000037474692261
Q75386175	6000000121223508600
Q75386198	6000000010366733095
Q75386204	6000000000044999752
Q75386210	6000000011055428230
Q75386248	6000000007461974533
Q75386249	6000000055470262931
Q75386256	6000000055468278860
Q75386290	6000000011791654266
Q75386291	6000000014759071271
Q75386292	6000000013250560465
Q75386324	6000000016897080798
Q75386333	6000000024327476253
Q75386337	6000000003455451188
Q75386340	6000000010504207428
Q75386552	6000000018736612881
Q75386568	6000000009704635369
Q75386614	6000000000628757327
Q75386614	6000000033220169902
Q75386746	6000000001544469649
Q75386751	6000000008078374591
Q75386782	6000000042057134056
Q75386816	6000000007151890921
Q75386874	6000000000307276027
Q75386876	6000000002447167062
Q75386892	6000000003827661355
Q75386930	6000000023498422713
Q75386952	6000000015712397874
Q75386971	6000000000796862593
Q75386975	6000000072511822231
Q75387015	6000000047504259333
Q75387016	6000000047504096456
Q75387044	6000000047506809932
Q75387046	6000000047506752939
Q75387054	6000000041426199409
Q75387098	6000000026434030568
Q75387100	6000000011123313802
Q75387101	6000000026434768698
Q75387103	6000000026436088101
Q75387150	6000000026436198007
Q75387188	6000000027481004825
Q75387191	6000000027476532798
Q75387193	6000000039622325350
Q75387195	6000000039622614868
Q75387198	6000000012657398114
Q75387203	6000000012657475558
Q75387210	6000000011519175067
Q75387221	6000000038737843160
Q75387223	6000000073581321057
Q75387228	6000000002764377381
Q75387243	6000000013054772781
Q75387258	6000000019309554129
Q75387259	6000000011106517306
Q75387308	6000000004956624027
Q75387312	6000000000307262268
Q75387354	6000000006100846153
Q75387411	6000000029947928277
Q75387418	6000000012844230561
Q75387435	5483773590350067410
Q75387459	6000000035888598908
Q75387460	6000000008300632954
Q75387528	6000000002664320527
Q75387556	6000000003087019048
Q75387580	6000000006444566505
Q75387585	6000000050851915914
Q75387654	6000000006444102760
Q75387666	6000000002188483227
Q75387677	6000000051998144925
Q75387713	6000000010298292602
Q75387714	6000000011244208363
Q75387788	6000000001745051519
Q75387895	6000000008248262404
Q75387896	6000000000437167219
Q75387951	6000000003243309191
Q75388010	6000000002187899771
Q75388077	6000000056565729821
Q75388081	6000000057279552283
Q75388084	6000000028247833536
Q75388124	6000000000490885066
Q75388128	6000000000916369716
Q75388152	6000000006444102906
Q75388162	6000000000769880470
Q75388204	6000000067024231827
Q75388375	6000000056745493832
Q75388414	6000000056565609849
Q75388416	6000000021283048053
Q75388429	6000000069482948872
Q75388430	6000000069483209827
Q75388460	6000000017538392691
Q75388464	6000000057280018107
Q75388476	6000000002187913180
Q75388478	6000000006444360419
Q75388486	6000000008371014741
Q75388547	6000000002187894691
Q75388564	6000000151361058596
Q75388590	6000000172967514872
Q75388617	6000000005382274493
Q75388621	6000000078166803900
Q75388684	6000000025481856627
Q75388685	6000000014081695078
Q75388690	6000000026023615538
Q75388692	6000000004868944578
Q75388695	6000000011314969266
Q75388701	6000000002188475261
Q75388704	6000000005403439431
Q75388707	6000000002188520816
Q75388718	6000000010967291013
Q75388740	6000000005599209455
Q75388807	6000000003404012279
Q75388811	6000000016998811062
Q75388814	6000000007329600376
Q75388814	6000000190047747377
Q75388815	6000000009617748240
Q75388818	6000000002188612064
Q75388819	6000000007329600358
Q75388821	6000000047540603064
Q75388830	6000000003404396082
Q75388831	6000000000351128361
Q75388841	6000000021567940842
Q75388843	6000000010030843512
Q75388848	6000000000351109944
Q75388858	5527931509590049760
Q75388863	5528056051620133342
Q75388865	6000000003681287977
Q75388869	5528190998680133286
Q75388941	5667176795310059255
Q75388951	6000000011096543665
Q75388953	6000000011399266908
Q75388954	6000000011399275938
Q75388973	6000000002188615182
Q75388974	6000000013405637890
Q75388979	6000000002188615272
Q75388980	6000000002188615280
Q75388988	6000000002188399274
Q75388991	6000000002188456971
Q75388998	6000000002188416363
Q75389001	6000000002188517061
Q75389004	6000000002188517077
Q75389005	6000000017807029638
Q75389006	6000000017806949313
Q75389009	6000000017807118217
Q75389015	6000000017807225099
Q75389030	6000000015601361876
Q75389035	6000000056970207887
Q75389042	6000000008115691223
Q75389045	6000000008116147227
Q75389056	6000000008116032653
Q75389061	6000000008116175904
Q75389075	6000000016166039821
Q75389099	6000000009568838938
Q75389113	6000000002188440448
Q75389122	6000000002188461489
Q75389123	6000000029491046743
Q75389124	6000000002188461397
Q75389126	6000000002188461473
Q75389127	6000000026816145008
Q75389141	6000000002445466065
Q75389142	6000000005740664114
Q75389144	6000000001547566523
Q75389153	6000000012032222760
Q75389154	6000000001976060039
Q75389156	6000000001975954618
Q75389157	6000000001975910541
Q75389163	6000000000051824257
Q75389168	6000000034535631874
Q75389170	6000000010048023351
Q75389172	6000000057376808173
Q75389174	6000000041783432204
Q75389176	6000000019664170345
Q75389178	6000000004097582431
Q75389196	6000000049783303067
Q75389198	6000000049784265829
Q75389209	6000000002188468392
Q75389211	6000000002188510795
Q75389225	6000000002188461497
Q75389234	6000000029716232968
Q75389239	6000000002188402589
Q75389240	6000000002188402469
Q75389243	6000000015632687619
Q75389269	6000000057377614335
Q75389271	6000000057377556176
Q75389274	6000000057376873256
Q75389278	6000000057377303965
Q75389293	6000000009893946855
Q75389304	6000000015665308801
Q75389331	6000000007725633378
Q75389333	6000000007725417342
Q75389334	6000000007725564546
Q75389335	6000000007725750212
Q75389349	6000000013385292319
Q75389368	6000000026411060416
Q75389372	6000000026410024084
Q75389374	6000000026410024079
Q75389376	6000000026410333325
Q75389494	6000000021624441911
Q75389497	6000000004148927493
Q75389519	6000000008640681066
Q75389523	6000000008630789569
Q75389530	6000000000405561715
Q75389583	6000000012668036592
Q75389596	6000000011223170669
Q75389606	6000000038104461211
Q75389613	6000000185618868462
Q75389630	6000000003405460785
Q75389633	6000000004954029216
Q75389635	6000000002188424800
Q75389638	6000000030185053642
Q75389643	6000000002188502226
Q75389646	6000000002188502194
Q75389647	6000000002188502178
Q75389657	6000000003365848019
Q75389668	6000000021475794614
Q75389669	6000000025584023594
Q75389670	6000000002188402573
Q75389702	6000000023009287759
Q75389717	5260211713270067439
Q75389724	6000000001299381892
Q75389735	6000000010223222680
Q75389737	6000000010867675897
Q75389744	6000000003485370353
Q75389746	6000000009747244097
Q75389753	6000000009747289051
Q75389783	6000000003339622311
Q75389785	6000000039106762756
Q75389792	6000000000119577690
Q75389802	6000000005437498306
Q75389803	6000000005483393001
Q75389808	6000000000500425582
Q75389845	6000000183059730830
Q75389852	6000000024166096828
Q75389869	6000000003615913894
Q75389878	6000000002979763138
Q75389936	6000000011176154446
Q75389946	6000000180559917838
Q75389977	6000000002115929451
Q7539	6000000010847880400
Q75390100	6000000013373768768
Q75390103	6000000017967541881
Q75390122	6000000022155171993
Q75390137	6000000052264560823
Q75390207	6000000013373837663
Q75390211	6000000078267526867
Q75390224	6000000045864252983
Q75390227	6000000044056007173
Q75390241	6000000002188529970
Q75390265	6000000009748119416
Q75390273	6000000009748107581
Q75390279	6000000018607994286
Q75390280	6000000011021612205
Q75390287	6000000023481836293
Q75390293	6000000018607782821
Q75390295	6000000022658320012
Q75390302	6000000024753353943
Q75390303	6000000022658013437
Q75390307	6000000014946899293
Q75390309	6000000025679143144
Q75390311	6000000022658008488
Q75390313	6000000022658093311
Q75390327	6000000119310047341
Q75390328	6000000119310047285
Q75390330	6000000119310047509
Q75390333	6000000119310047529
Q75390334	6000000004571397781
Q75390407	6000000057160575825
Q75390431	6000000018607869802
Q75390446	6000000018608068257
Q75390462	6000000050580404117
Q75390465	6000000019190854188
Q75390472	6000000018607754953
Q75390473	6000000018616077117
Q75390490	6000000074180819124
Q75390498	6000000055989275883
Q75390501	6000000018615735821
Q75390502	6000000018616081196
Q75390504	6000000021388983603
Q75390506	6000000074180512973
Q75390512	6000000018607856515
Q75390515	6000000018607966423
Q75390516	6000000018608067199
Q75390518	6000000009747337978
Q75390519	6000000009747998255
Q75390535	6000000001355905520
Q75390555	1292459
Q75390602	6000000001490528746
Q75390635	6000000011944701090
Q75390636	6000000018536493808
Q75390639	6000000015354123524
Q75390640	6000000011945352410
Q75390662	6000000007897785248
Q75390670	6000000007897695691
Q75390696	6000000000665908507
Q75390712	6000000024462372941
Q75390736	6000000024969853067
Q75390739	6000000006763359225
Q75390747	6000000016056936244
Q75390763	6000000013520497937
Q75390772	6000000006920221117
Q75390847	6000000016452870055
Q75390852	6000000013824763608
Q75390866	6000000002494070699
Q75390868	6000000001591746044
Q75390874	6000000002494197303
Q75390882	6000000008231333437
Q75390886	6000000041522912912
Q75390913	311227918850007064
Q75390925	6000000002099581506
Q75390934	6000000002188612373
Q75390937	6000000002188586760
Q75390943	6000000016528359529
Q75390944	6000000016535053939
Q75390948	6000000017566211955
Q75390949	6000000016523480682
Q75390961	6000000002099687270
Q75390962	6000000002099663230
Q75390965	6000000061643107160
Q75390967	6000000002099685528
Q75390990	4290957926500051435
Q75390998	6000000016946624459
Q75391006	6000000011061222780
Q75391008	6000000174291120012
Q75391037	6000000002188453591
Q75391041	6000000002605540283
Q75391046	6000000026378536859
Q75391050	6000000005599189883
Q75391071	6000000013113549478
Q75391076	6000000002188464268
Q75391080	6000000002188461658
Q75391082	6000000002188461666
Q75391086	6000000135826604824
Q75391097	6000000015879466682
Q75391119	6000000031794996796
Q75391121	6000000014246516648
Q75391136	6000000037220117452
Q75391145	6000000013520621803
Q75391150	6000000002188510106
Q75391154	6000000037133352033
Q75391155	6000000003615792773
Q75391158	6000000003615792763
Q75391162	6000000002188510128
Q75391164	6000000002188510134
Q75391168	6000000002188470220
Q75391169	6000000002188470190
Q75391171	6000000002188470198
Q75391182	6000000008137640856
Q75391184	6000000008137500985
Q75391186	6000000008137704123
Q75391205	6000000008137806311
Q75391208	6000000008137645966
Q75391224	6000000008211228394
Q75391225	6000000008211241716
Q75391240	6000000008430511409
Q75391267	6000000008157137225
Q75391269	6000000002188402763
Q75391275	6000000002188402317
Q75391289	6000000002188586094
Q75391308	6000000024903555266
Q75391331	6000000014329574733
Q75391333	6000000093299712823
Q75391334	6000000014329655270
Q75391340	6000000051368020005
Q75391342	6000000051367598969
Q75391345	6000000012481557889
Q75391347	6000000041837526845
Q75391351	6000000012803223572
Q75391359	6000000000053733996
Q75391438	6000000018866186032
Q75391439	6000000067594797942
Q75391469	6000000002605987157
Q75391472	6000000002188425440
Q75391494	6000000005083521748
Q75391500	6000000008249913049
Q75391502	6000000008249855610
Q75391510	6000000027328487988
Q75391513	6000000069302767659
Q75391519	6000000008250293714
Q75391533	6000000017166452008
Q75391534	6000000008094529078
Q75391542	6000000008251065983
Q75391559	6000000008114854413
Q75391562	6000000008114385127
Q75391564	6000000002188615116
Q75391573	6000000008115142906
Q75391589	6000000004665133493
Q75391648	6000000022097724968
Q75391684	6000000002188612911
Q75391691	6000000002188601422
Q75391695	6000000002188612889
Q75391696	6000000005598962959
Q75391704	6000000016487787033
Q75391707	6000000002188612878
Q75391736	6000000002188601002
Q75391745	6000000001782763939
Q75391748	6000000022091717590
Q75391751	6000000003414875964
Q75391759	4798758402630123751
Q75391768	6000000022092740244
Q75391773	6000000002188616716
Q75391774	6000000002188616722
Q75391796	6000000003935120180
Q75391806	6000000002898163396
Q75391807	6000000018423655057
Q75391809	6000000018461059300
Q75391814	6000000017964859465
Q75391817	6000000024301539209
Q75391828	4798962917160080890
Q75391830	6000000006808584866
Q75391832	6000000000073610522
Q75391850	6000000014708906539
Q75391851	6000000002188607473
Q75391853	6000000014674726138
Q75391855	6000000002188416257
Q75391865	6000000014725318060
Q75391867	6000000014724952568
Q75391872	6000000014282415938
Q75391877	6000000014448247355
Q75391889	6000000014594149493
Q75391890	6000000014594532717
Q75391904	6000000014596170167
Q75391928	6000000017359883410
Q75391932	6000000006727853945
Q75391969	6000000014605154268
Q75391974	6000000014605827387
Q75391977	6000000014660161025
Q75391979	6000000002188601738
Q75391983	6000000014661682509
Q75391986	6000000014661820311
Q75392009	6000000014215839682
Q75392013	6000000014672169923
Q75392026	6000000002188402461
Q75392028	6000000014674675400
Q75392043	6000000002188425804
Q75392052	6000000002188593087
Q75392056	6000000014705746096
Q75392079	6000000014944732817
Q75392081	6000000014709831673
Q75392096	6000000008429571646
Q75392126	6000000009755417270
Q75392127	6000000009755266348
Q75392140	6000000008130605341
Q75392150	6000000003633819986
Q75392225	6000000002738769008
Q75392229	6000000113463616864
Q75392230	6000000022144734194
Q75392255	6000000004198436010
Q75392256	6000000002188374799
Q75392265	6000000010765875078
Q75392276	6000000008138556618
Q75392302	6000000008440458364
Q75392303	6000000004195018234
Q75392305	6000000004195184082
Q75392306	6000000004195123111
Q75392308	6000000008440501387
Q75392311	6000000008441308081
Q75392333	6000000059008423329
Q75392337	6000000015393898483
Q75392339	6000000015393857858
Q75392347	6000000104314988922
Q75392348	6000000013440156217
Q75392349	6000000017701453513
Q75392370	6000000009136301922
Q75392389	6000000002188450780
Q75392395	6000000008115623259
Q75392398	6000000018407257488
Q75392400	6000000016429439370
Q75392401	6000000016429450208
Q75392411	6000000037200602513
Q75392415	6000000008438833681
Q75392418	6000000008439691299
Q75392452	6000000008439746565
Q75392462	6000000002188402934
Q75392474	6000000008106188599
Q75392507	6000000002188412383
Q75392520	6000000002188601355
Q75392521	6000000026380683098
Q75392528	6000000014731342139
Q75392530	4299497488480068516
Q75392531	6000000016465608109
Q75392533	6000000002188420885
Q75392534	6000000019341538314
Q75392535	6000000019341985188
Q75392537	6000000019324893220
Q75392558	6000000002188434217
Q75392561	6000000005380248316
Q75392562	6000000000549512374
Q75392578	6000000008459822267
Q75392589	6000000008395859991
Q75392592	6000000008093518551
Q75392614	6000000008383582791
Q75392626	6000000008592542215
Q75392659	6000000008157187218
Q75392662	6000000008157054591
Q75392663	6000000008157268382
Q75392665	6000000002188429269
Q75392668	6000000008164660377
Q75392670	6000000008164626405
Q75392671	6000000008164465901
Q75392709	6000000012081068863
Q75392710	6000000032080179396
Q75392712	6000000032080479856
Q75392745	6000000002188409373
Q75392752	6000000008232161554
Q75392777	6000000022184479734
Q75392824	6000000007429330449
Q75392827	6000000003795277603
Q75392851	6000000008462941316
Q75392890	6000000016261582974
Q75392894	6000000010692925337
Q75392904	6000000027070046200
Q75392906	6000000028978027118
Q75392915	6000000008093466880
Q75392919	6000000014808023652
Q75392922	6000000014808072201
Q75392923	6000000010801710926
Q75392939	6000000001060491011
Q75392951	6000000008094436396
Q75392953	6000000027264614667
Q75392954	6000000008094392544
Q75392956	6000000054927273028
Q75392970	6000000008105631904
Q75392983	6000000016035572233
Q75393017	6000000026134644935
Q75393028	6000000002188416323
Q75393034	6000000030145679288
Q75393038	6000000030145720011
Q75393040	6000000030145383636
Q75393041	6000000030145561020
Q75393047	6000000186009936180
Q75393048	6000000045498947846
Q75393049	6000000002188440536
Q75393051	6000000030145322558
Q75393062	6000000030145638167
Q75393067	6000000030145809260
Q75393068	6000000058327023905
Q75393077	6000000079629432928
Q75393084	6000000055570886866
Q75393094	6000000020651860973
Q75393121	6000000059756581156
Q75393146	6000000053481686830
Q75393149	6000000002188402517
Q75393151	6000000028019218998
Q75393152	6000000028017485360
Q75393154	6000000002188440544
Q75393155	6000000113529379845
Q75393160	6000000002188440566
Q75393187	6000000016365993304
Q75393188	6000000007328623691
Q75393190	6000000022328995741
Q75393194	6000000026012913587
Q75393198	6000000046244837165
Q75393199	6000000052092644953
Q75393207	6000000032505796942
Q75393224	6000000008530433832
Q75393253	6000000006800719608
Q75393263	6000000004869241014
Q75393264	6000000004869244006
Q75393267	6000000010963236934
Q75393272	6000000015379570556
Q75393273	6000000016333696598
Q75393285	6000000003008437342
Q75393300	5078320578030134900
Q75393308	6000000010462807267
Q75393322	6000000012652439528
Q75393331	6000000038589652852
Q75393333	6000000038589582895
Q75393348	6000000019341465777
Q75393380	6000000005599025646
Q75393382	6000000005598843429
Q75393387	6000000005598843403
Q75393390	6000000002188458561
Q75393400	6000000010224729413
Q75393427	6000000010360432919
Q75393450	6000000002043214812
Q75393497	6000000012842292154
Q75393507	6000000004117361971
Q75393520	6000000011510662308
Q75393545	6000000004533872690
Q75393546	6000000009705720665
Q75393553	6000000001169224467
Q75393570	6000000008726893505
Q75393571	6000000011793017506
Q75393576	6000000007511733702
Q75393614	6000000012844727037
Q75393656	6000000012844147653
Q75393677	6000000018996704021
Q75393689	6000000008169151373
Q75393848	6000000008493852849
Q75393898	6000000008138667301
Q75393902	6000000015518419656
Q75393905	6000000008138601499
Q75393909	6000000008379098850
Q75393913	6000000008378800116
Q75393921	6000000020308733082
Q75393988	6000000022525636153
Q75393991	6000000008479488759
Q75393998	6000000003827151217
Q75394021	6000000026483907357
Q75394063	6000000019494841152
Q75394266	6000000010534753208
Q75394271	6000000001504251540
Q75394305	6000000005599001429
Q7539431	6000000017282255958
Q75394389	6000000003122459372
Q75394402	6000000030897160084
Q75394411	6000000013890291623
Q75394411	6000000077499605517
Q75394425	6000000017236731690
Q75394466	6000000035168142609
Q75394466	6000000042424853104
Q75394468	6000000035167855636
Q75394468	6000000042424963003
Q75394473	6000000039001622387
Q75394491	6000000008460356211
Q75394590	6000000053029500382
Q75394683	6000000039314446921
Q75394744	6000000028784456864
Q75394751	6000000023989569229
Q75394766	6000000008390969304
Q75394813	6000000009928420891
Q75394818	6000000197156310842
Q75394819	6000000012504340950
Q75394828	6000000022654491439
Q75394836	6000000016255301083
Q75394848	6000000016283962112
Q75394855	6000000012400602277
Q75394882	6000000016204493975
Q75394897	6000000016475387182
Q75394898	6000000002116376669
Q75394913	6000000015261103928
Q75394937	6000000004015975602
Q75394952	6000000085714602923
Q75394953	6000000086967819899
Q75394998	6000000013083376477
Q75395002	6000000000129400222
Q75395070	6000000019833810590
Q75395072	6000000007541634355
Q75395086	6000000012238181141
Q75395152	6000000008378315058
Q75395223	6000000025891809962
Q75395291	6000000002116229257
Q75395333	6000000006652076003
Q75395606	6000000010962278863
Q75395609	6000000010962531878
Q75395615	6000000018213983176
Q75395639	6000000010962574291
Q75395674	6000000010962455311
Q75395715	6000000108770470904
Q75395718	6000000010962868149
Q75395777	6000000048771324865
Q75395876	6000000053551524884
Q75396002	6000000047006312380
Q75396008	6000000017001410210
Q75396062	6000000010460499040
Q75396073	6000000059398779898
Q75396080	6000000059398847822
Q75396084	6000000067600376871
Q75396113	6000000108907352821
Q75396114	6000000059602359821
Q75396130	6000000067608532829
Q75396133	6000000056427244910
Q75396172	6000000057319035858
Q75396385	6000000185840369891
Q75396394	6000000054812509864
Q75396400	6000000002188461800
Q75396420	6000000016006492789
Q75396422	6000000016006816866
Q75396426	6000000002188461788
Q75396445	6000000031290092854
Q75396446	6000000031327766965
Q75396461	6000000016006279830
Q75396463	6000000016007079581
Q75396486	6000000180314338866
Q75396494	6000000034681567190
Q75396497	6000000034680965795
Q75396512	6000000016352764406
Q75396529	6000000016501319390
Q75396536	6000000018802765475
Q75396538	6000000004744219003
Q75396700	6000000050498011883
Q75396706	6000000019854562135
Q75396822	6000000002772953548
Q75396823	6000000002773082297
Q75396835	6000000022257540234
Q75396851	6000000016695553352
Q75396853	6000000016693526719
Q75396855	6000000016352848135
Q75396865	6000000024970443918
Q75396878	6000000017063957998
Q75396887	6000000009402773025
Q75396890	6000000002188458397
Q75396891	6000000013431781044
Q75396893	6000000013432233527
Q75396894	6000000070716193178
Q75396896	6000000070716364990
Q75396897	6000000091404223884
Q75396908	6000000016724172039
Q75396909	6000000016686004550
Q75396910	6000000018199213253
Q75396913	6000000018199179321
Q75396914	6000000057318963861
Q75396917	6000000050835455054
Q75396918	6000000050835443007
Q75396924	6000000057325451824
Q75396929	6000000057327408828
Q75396934	6000000185833156822
Q75396938	6000000017001430639
Q75396972	6000000048181582087
Q75396976	6000000000466858479
Q75396977	6000000012995707000
Q75396979	6000000000466731767
Q75396980	6000000052837831856
Q75396982	6000000000466931161
Q75396983	6000000000466931122
Q75396999	6000000097649915026
Q75397000	6000000097648930130
Q75397032	6000000003086748984
Q75397063	6000000003346605173
Q75397064	6000000018225270742
Q75397072	6000000002135022288
Q75397130	6000000010071512232
Q75397134	6000000017633066832
Q75397143	6000000065415877821
Q75397171	6000000011331872809
Q75397172	6000000011332026560
Q75397190	6000000001909602640
Q75397197	6000000012701536902
Q75397251	6000000011427770410
Q75397252	6000000011427105917
Q75397256	6000000019527904292
Q75397289	289100936710007237
Q75397385	6000000035856191180
Q75397405	6000000034531980257
Q75397407	6000000014692352983
Q75397411	6000000014693676067
Q75397419	6000000029997033847
Q75397423	6000000001383117333
Q75397478	6000000024903539177
Q75397479	6000000024903671880
Q75397482	6000000009275191630
Q75397483	6000000033570163007
Q75397485	6000000033666626326
Q75397488	6000000009274985708
Q75397489	6000000052487533940
Q75397496	6000000009274971733
Q75397531	6000000006580990201
Q75397533	6000000012775110018
Q75397544	6000000033821805555
Q75397546	6000000033822230858
Q75397549	6000000033821912163
Q75397623	6000000031785361123
Q75397647	6000000021089651272
Q75397648	6000000006854595192
Q75397650	6000000006854328902
Q75397681	6000000021089629232
Q75397683	6000000021089782947
Q75397705	6000000032836101077
Q75397711	6000000054420349927
Q75397714	6000000054420420850
Q75397767	6000000024006057013
Q75397770	6000000030944068509
Q75397771	6000000031137723331
Q75397795	6000000032511356157
Q75397796	6000000032511285834
Q75397808	6000000029517228946
Q75397810	6000000010825551790
Q75397841	6000000018009630641
Q75397843	6000000055354602842
Q75397937	6000000002135557450
Q75397940	6000000003243404894
Q75397944	6000000003243404923
Q75397947	6000000001744991960
Q75397952	6000000003243404859
Q75397955	6000000003243404866
Q75397960	6000000002116179398
Q75397963	6000000004673723587
Q75397975	6000000003243404413
Q75398010	4716366246920036117
Q75398011	6000000002005905324
Q75398017	4716343915420069414
Q75398057	6000000006444232132
Q75398079	6000000031146459244
Q75398105	6000000072256469835
Q75398107	6000000072256108048
Q75398160	6000000000095977404
Q75398166	6000000030434975987
Q75398181	6000000003306761964
Q75398185	6000000031534547979
Q75398188	6000000016790165588
Q75398191	6000000075972443866
Q75398192	6000000013422341589
Q75398193	6000000026049805808
Q75398195	6000000026648970225
Q75398198	6000000013422396279
Q75398216	6000000039901579264
Q75398219	6000000006110590404
Q75398221	6000000006110599435
Q75398250	6000000016047775338
Q75398268	6000000006444115680
Q75398284	6000000018290297310
Q75398287	6000000002799150006
Q75398321	6000000003890761957
Q75398342	6000000025982377811
Q75398373	6000000022218278613
Q75398377	6000000022251691331
Q75398381	6000000014737924317
Q75398385	6000000014737843413
Q75398388	6000000014737764483
Q75398431	6000000022251810995
Q75398433	6000000023569488876
Q75398437	6000000022251884840
Q75398438	6000000013425611293
Q75398447	6000000022251720128
Q75398483	6000000036517610869
Q75398505	6000000008647926464
Q75398510	6000000008630277683
Q75398600	6000000006971920342
Q75398621	6000000017062968072
Q75398624	6000000006450648477
Q75398641	6000000030998013230
Q75398649	6000000017062863560
Q75398659	6000000017062668132
Q75398670	6000000017942741042
Q75398678	6000000024316204842
Q75398693	6000000034812898682
Q75398697	6000000034813635366
Q75398700	6000000044601071946
Q75398706	6000000044601240903
Q75398737	6000000010874866135
Q75398739	6000000017468554474
Q75398740	6000000044601716836
Q75398747	6000000044601328946
Q75398763	6000000000141051693
Q75398764	6000000000141068640
Q75398913	6000000002263877680
Q75399024	6000000027745538026
Q75399135	6000000072570576311
Q75399277	6000000079488825039
Q75399281	6000000079489161848
Q75399285	6000000079495155991
Q75399307	6000000024945445691
Q75399336	6000000051561721105
Q75399353	6000000052092450821
Q75399355	6000000052092409837
Q75399377	6000000004139712478
Q75399383	6000000023396860854
Q75399414	6000000019703369226
Q75399435	6000000148175431821
Q75399475	6000000030489216367
Q75399476	6000000025622379830
Q75399479	6000000025622204430
Q75399480	6000000025623399057
Q75399486	6000000025622360912
Q75399489	6000000025623615877
Q75399492	6000000024379192205
Q75399639	6000000022281301205
Q75399640	6000000011458201678
Q75399669	6000000125992466864
Q75399681	6000000066378719888
Q75399683	6000000035630861283
Q75399773	6000000002188542026
Q75399869	6000000023180008111
Q75399875	6000000038376578849
Q75399893	6000000036031523276
Q75399915	6000000026326076653
Q75399947	6000000011548739273
Q75399949	6000000011548761242
Q75400016	6000000020514241545
Q75400021	6000000005087410027
Q75400032	6000000008759344413
Q75400040	6000000004016530034
Q75400046	6000000011356919130
Q75400060	6000000011127172915
Q75400081	6000000008758789706
Q75400083	6000000010073726212
Q75400089	6000000013380156740
Q75400096	6000000013379761934
Q75400103	6000000013379295053
Q75400111	6000000040075097728
Q75400116	6000000013379813444
Q75400133	4845070384060018484
Q75400400	6000000067981105873
Q75400430	6000000033710988374
Q75400480	6000000018790443947
Q75400484	6000000019881411590
Q75400486	347996778270011372
Q75400508	6000000014982156036
Q75400535	6000000014388837699
Q75400614	6000000006852874643
Q75400860	6000000051506601867
Q75400864	6000000003203183614
Q75400869	6000000051506342896
Q75400875	6000000051506035951
Q75400909	6000000006444413252
Q75400969	6000000006743218158
Q75400976	6000000029948255102
Q75400977	6000000055262051378
Q75400983	6000000055262197179
Q75400984	6000000055373032861
Q75401001	6000000003492598944
Q75401021	6000000057916194830
Q75401042	6000000102151127834
Q75401067	6000000009514853781
Q75401086	6000000012373483273
Q75401090	6000000007340443422
Q75401100	6000000007340444092
Q75401111	6000000120537274032
Q75401112	6000000017587296338
Q75401135	6000000019556185415
Q75401154	6000000019557757054
Q75401162	6000000019557493251
Q75401164	6000000019557416496
Q75401169	6000000019557133691
Q75401175	6000000019558199210
Q75401177	6000000019557871614
Q75401181	6000000019558233193
Q75401182	6000000019557891257
Q75401208	6000000019561277121
Q75401209	6000000010712892638
Q75401215	6000000019560637978
Q75401216	6000000019560621763
Q75401219	6000000019558118078
Q75401233	6000000001154019107
Q75401240	6000000023150378134
Q75401265	6000000014026513444
Q75401267	6000000019979963039
Q75401269	6000000045802196185
Q75401277	6000000045764347865
Q75401280	6000000045807334843
Q75401294	6000000045805779662
Q75401299	6000000052981349863
Q75401302	6000000017519977187
Q75401303	6000000017518832945
Q75401307	6000000026103896024
Q75401316	6000000026103447568
Q75401362	6000000017587027254
Q75401383	6000000003966465570
Q75401389	6000000026906795469
Q75401392	6000000001455908617
Q75401416	6000000025843133074
Q75401433	6000000026093555902
Q75401434	6000000026102870565
Q75401436	6000000026103127121
Q75401438	6000000026093331368
Q75401439	6000000026100123202
Q75401440	6000000026093272663
Q75401456	6000000007369603277
Q75401458	6000000007369579391
Q75401468	6000000082654787066
Q75401623	6000000163565299838
Q75401793	6000000007652373004
Q75401870	6000000082654529119
Q75401875	6000000082654500142
Q75401879	6000000082654978885
Q75401891	6000000082655382989
Q75401896	6000000020805806121
Q75401897	6000000020805943193
Q75401933	6000000084482115169
Q75401937	6000000037255620990
Q75401939	6000000084482272605
Q75401942	6000000084482705118
Q75401959	6000000020803475814
Q75401965	6000000020803744715
Q75401966	6000000043934043217
Q75401972	6000000020806762826
Q75401973	6000000020806477965
Q75401975	6000000019325237169
Q75401996	6000000082655979336
Q75401998	6000000082656463307
Q75402054	6000000020806598921
Q75402058	6000000020806679849
Q75402060	6000000020804778690
Q75402063	6000000020805375428
Q75402071	6000000020805482471
Q75402072	6000000020805468573
Q75402075	6000000007462602431
Q75402076	6000000007462530951
Q75402080	6000000022756561997
Q75402082	6000000022756356495
Q75402091	6000000007105964421
Q75402136	6000000015354289490
Q75402140	6000000015354076660
Q75402141	6000000015354319366
Q75402143	6000000015354259533
Q75402230	6000000015354332376
Q75402262	6000000015353987704
Q75402268	6000000015353961757
Q75402270	6000000015354006794
Q75402292	6000000015354237462
Q75402340	6000000007462244166
Q75402348	6000000110722858852
Q75402353	6000000046497811108
Q75402405	6000000005598776781
Q75402414	6000000018713467208
Q75402416	6000000033612693941
Q75402417	6000000018714151551
Q75402418	6000000018713936240
Q75402422	6000000018713812574
Q75402423	6000000018714196523
Q75402432	6000000018714111609
Q75402434	6000000018714442067
Q75402437	6000000018714418128
Q75402438	6000000018714143891
Q75402502	6000000012847098976
Q75402503	6000000018714339334
Q75402539	6000000018714676080
Q75402589	6000000029699529418
Q75402590	6000000029059233443
Q75402592	6000000029861792492
Q75402599	6000000018714761154
Q75402627	6000000008439452110
Q75402658	6000000039762321110
Q75402713	6000000086804148859
Q75402715	6000000009328110560
Q75402718	6000000086802197123
Q75402721	6000000086804299881
Q75402722	6000000086804686834
Q75402758	6000000070630937916
Q75402762	6000000070630843960
Q75402782	6000000030997685952
Q75402814	6000000030996708127
Q75402821	6000000016324022274
Q75402824	6000000016323932751
Q75402838	6000000003827384413
Q75402863	6000000003827799354
Q75402924	6000000029862077298
Q75403061	6000000003827650961
Q75403158	6000000012597417847
Q75403161	6000000027287825759
Q75403195	6000000029130414452
Q75403225	6000000006101401021
Q75403228	6000000014529644217
Q75403231	6000000029058780482
Q75403238	6000000044306763987
Q75403250	6000000014529583632
Q75403251	6000000029059377914
Q75403254	6000000029699328298
Q75403259	6000000006444139208
Q75403266	291707224930002926
Q75403269	6000000008176874838
Q75403271	6000000006444108931
Q75403340	6000000014667135758
Q75403343	6000000002684692096
Q75403347	6000000002428241366
Q75403397	6000000022926271894
Q75403408	6000000058239327894
Q75403415	6000000002907039145
Q75403541	6000000003199919197
Q75403548	6000000072417913212
Q75403555	6000000072418102974
Q75403556	6000000072415590303
Q75403558	6000000072410674754
Q75403567	6000000025821773512
Q75403652	6000000009539976541
Q75403653	6000000004148895347
Q75403681	6000000023211571192
Q75403696	6000000016324036753
Q75403698	6000000016323950916
Q75403700	6000000016324382508
Q75403701	6000000016323930776
Q75403704	6000000016324381191
Q75403705	6000000003485938879
Q75403706	6000000016324599108
Q75403709	6000000016324478767
Q75403744	6000000016324520795
Q75403749	6000000016324452222
Q75403766	6000000043989330427
Q75403769	6000000016323650938
Q75403770	6000000016323790604
Q75403771	6000000015907131916
Q75403774	6000000016323470922
Q75403776	6000000015917589097
Q75403777	6000000015917342920
Q75403779	6000000016323995145
Q75403800	6000000016324075418
Q75403809	6000000008001664577
Q75403812	6000000016324483714
Q75403875	6000000015534826084
Q75403911	6000000058451328860
Q75403921	6000000010713159274
Q75403940	6000000014797534418
Q75403941	6000000014797597421
Q75403953	6000000012640072180
Q75403956	6000000012590139364
Q75403982	6000000000436517962
Q75404001	6000000009315964659
Q75404038	6000000001260704304
Q75404166	6000000029602572925
Q75404167	6000000031907304450
Q75404170	6000000031907098813
Q75404172	6000000031898449653
Q75404175	6000000031898345591
Q75404180	6000000031907574960
Q75404182	6000000031907335469
Q75404210	6000000031898749010
Q75404211	6000000031907313283
Q75404236	6000000114752292882
Q75404240	6000000002116036800
Q75404259	6000000077119988330
Q75404260	6000000002116036814
Q75404272	6000000077119114704
Q75404286	5553596681740070095
Q75404352	6000000060481945985
Q75404439	6000000039194507916
Q75404451	6000000039009141086
Q75404458	6000000039193010219
Q75404484	6000000039009178934
Q75404486	6000000039009105013
Q75404497	6000000083309633349
Q75404551	6000000039174735259
Q75404565	6000000039174572532
Q75404579	6000000039174294668
Q75404647	6000000056867480275
Q75404649	6000000056867726089
Q75404700	6000000006436385297
Q75404835	6000000036818410481
Q75404837	6000000038273400612
Q75404839	6000000013270133175
Q75404856	6000000038155708153
Q75404936	6000000011204375086
Q75404979	6000000004571306959
Q75404994	6000000024846195765
Q75405020	6000000026887825974
Q75405024	6000000001522986913
Q75405068	6000000026028707157
Q75405115	5148165070350047041
Q75405179	6000000010884912704
Q75405180	6000000054324940944
Q75405192	6000000002898158775
Q75405196	6000000002898120141
Q75405198	6000000002898226231
Q75405230	6000000030951362437
Q75405233	6000000001608850133
Q75405234	6000000022897375891
Q75405240	6000000002764860071
Q75405276	6000000011256327087
Q75405278	6000000026937578539
Q75405331	6000000030951424513
Q75405352	6000000030951560237
Q75405404	6000000026337203462
Q75405601	6000000004836937703
Q75405649	6000000030952058850
Q75405650	6000000080516401830
Q75405652	6000000019557977321
Q75405670	6000000030951957853
Q75405686	6000000054595536912
Q75405691	6000000031283662967
Q75405700	6000000031283638990
Q75405778	6000000038440478126
Q75405826	6000000006938467201
Q75405832	6000000006811379020
Q7540593	6000000006817614670
Q75405957	5155765431050106387
Q75405994	6000000049434453842
Q75406034	6000000000182867912
Q75406056	6000000006378673121
Q75406158	6000000086083782822
Q75406221	6000000003053431346
Q75406329	6000000021049013539
Q75406382	6000000011117632539
Q75406384	6000000019827094853
Q75406386	6000000030952310308
Q75406399	6000000002898120040
Q75406425	6000000011117533700
Q75406427	6000000030952011261
Q75406443	6000000030951910565
Q75406504	6000000010617688554
Q75406617	6000000013861989207
Q75406620	6000000013861838863
Q75406625	6000000010868874098
Q75406626	6000000010868875576
Q75406629	6000000010874038900
Q75406631	6000000010874968520
Q75406632	6000000010874561667
Q75406635	6000000010875348797
Q75406636	6000000010868446145
Q75406638	6000000010868799396
Q75406640	6000000010868822637
Q75406642	6000000010868922216
Q75406645	6000000009940224245
Q75406655	6000000028203254664
Q75406659	6000000016689553149
Q75406661	6000000023114165301
Q75406664	6000000036291668380
Q75406666	6000000002898021492
Q75406667	6000000016689565062
Q75406669	6000000030978026589
Q75406670	6000000030979135903
Q75406726	6000000030977576713
Q75406755	6000000033446438784
Q75406803	6000000016689650051
Q75406804	6000000016689619018
Q75406807	6000000016689633035
Q75406809	6000000016689575017
Q75406810	6000000016689597049
Q75406816	6000000016689654026
Q75406854	6000000030951341103
Q75406868	6000000030951487960
Q75406932	6000000007763527204
Q75406940	6000000007763356414
Q75406979	6000000014660294556
Q75406993	6000000014660598017
Q75407022	6000000017392445072
Q75407068	6000000016035291310
Q75407187	6000000055041324821
Q75407188	6000000085352717884
Q75407220	6000000014750703124
Q75407240	6000000055041223966
Q75407303	6000000014255524269
Q75407304	6000000002711642587
Q75407307	6000000002713770407
Q75407372	6000000000218193535
Q75407388	6000000000217920759
Q75407407	6000000002713497158
Q75407409	6000000000201795266
Q75407426	6000000002711706615
Q75407431	6000000014255516177
Q75407433	6000000002711485454
Q75407447	6000000021441997349
Q75407668	6000000008332966292
Q75407825	6000000026539346464
Q75407833	6000000026538758493
Q75407860	6000000002499606939
Q75407878	6000000025371376114
Q75407906	6000000025377681015
Q75407960	6000000003231736445
Q75407984	6000000033904939311
Q75407993	6000000000230664888
Q75408082	6000000018738681686
Q75408094	6000000112972798834
Q75408131	6000000015726579570
Q75408189	6000000019130099005
Q75408200	6000000001231025396
Q75408210	6000000001231267088
Q75408218	6000000026275495670
Q75408222	6000000026276466177
Q75408225	6000000076623290953
Q75408260	6000000002188552172
Q75408263	6000000102669268376
Q75408435	6000000017089201359
Q75408456	6000000002115997083
Q75408458	6000000010972605128
Q75408498	6000000019216378286
Q75408508	6000000019216429373
Q75408510	6000000019215990759
Q75408531	6000000019216562119
Q75408541	6000000019217948044
Q75408570	5441311934590134326
Q75408579	6000000034952652605
Q75408581	6000000034952976057
Q75408606	5441295862980118222
Q75408625	6000000013524667499
Q75408627	6000000013525095198
Q75408630	6000000031733306320
Q75408632	6000000052067766956
Q75408647	6000000033277896707
Q75408772	6000000046194667356
Q75408844	6000000025930933128
Q75408849	6000000025930428452
Q75408856	6000000025931223892
Q75408863	6000000025931151892
Q75408865	6000000086558953850
Q75408867	6000000086560618919
Q75408869	6000000086558790020
Q75408880	6000000020826759760
Q75408883	6000000046747009909
Q75408896	6000000000940962891
Q75408952	6000000017089137274
Q75408954	6000000017089289015
Q75408956	6000000017089209172
Q75408960	6000000019367812534
Q75408963	6000000017089073355
Q75408968	6000000017089225760
Q75408998	6000000005760906015
Q75409016	6000000005760293579
Q75409020	6000000005021959647
Q75409021	6000000005021923741
Q75409033	6000000082150495837
Q75409190	6000000022758413191
Q75409191	6000000023623441768
Q75409221	6000000057239927862
Q75409227	6000000028707285416
Q75409234	6000000057181340075
Q75409245	6000000002805610852
Q75409271	6000000033379777821
Q75409384	6000000088724369821
Q75409438	6000000026644133601
Q75409457	6000000088723943938
Q75409469	6000000088724192931
Q75409518	6000000088724005917
Q75409520	6000000052158422134
Q75409523	6000000052158794868
Q75409554	6000000088724525914
Q75409628	6000000026890665651
Q75409635	6000000026891388863
Q75409640	6000000026892294389
Q75409642	6000000026892453320
Q75409657	6000000022756381782
Q75409811	6000000060325037980
Q75409818	6000000026843304904
Q75409822	6000000026841271532
Q75409834	6000000036173286196
Q75409837	6000000036173176449
Q75409866	6000000012417781149
Q75409886	6000000110643065306
Q75409964	6000000110643065331
Q75409965	6000000110643065315
Q75409968	6000000039851339863
Q75409975	6000000025379387183
Q75409981	6000000024851047825
Q75409997	6000000091799432913
Q75410	6000000062365711309
Q75410000	6000000091799758843
Q75410042	6000000016875702792
Q75410189	6000000010882917645
Q75410308	6000000026549131958
Q75410356	6000000003043538931
Q75410389	6000000014479542156
Q75410442	6000000030759650895
Q75410451	6000000022756433945
Q75410460	6000000051517899942
Q75410491	6000000051516907133
Q75410493	6000000051517310858
Q75410512	6000000007618699859
Q75410520	6000000051517615825
Q75410521	6000000051517603844
Q75410525	6000000051517552847
Q75410543	6000000037631566067
Q75410545	6000000037631056240
Q75410552	6000000051517517952
Q75410554	6000000051518128822
Q75410555	6000000037631235129
Q75410557	6000000037631342002
Q75410570	6000000016371654160
Q7541059	6000000019846910058
Q75410640	6000000051518191825
Q75410684	6000000051517511906
Q75410691	6000000026177871388
Q75410731	6000000029964553598
Q75410734	6000000076750022855
Q75410737	6000000052242394857
Q75410738	6000000052242538842
Q75410741	6000000052241681873
Q75410803	6000000051498893895
Q75410813	6000000051498649037
Q75410825	6000000051498990886
Q75410836	6000000051498600078
Q75410837	6000000053134604947
Q75410901	6000000051498908920
Q75410904	6000000053134431873
Q75410905	6000000051498777951
Q75410912	6000000051498989847
Q75410913	6000000053134452873
Q75410918	6000000022758377945
Q75410920	6000000031279471751
Q75410921	6000000022756534620
Q75410952	6000000011802453490
Q75410954	6000000022758520947
Q75410958	6000000052001454907
Q75410962	6000000052001291011
Q75410969	6000000026256432973
Q75410971	6000000026257254189
Q75410972	6000000025930966988
Q75410973	6000000054573388986
Q75410976	6000000054573438821
Q75410977	6000000047787099905
Q75411	6000000000307240742
Q75411040	6000000006603251221
Q75411187	6000000007233886443
Q75411193	6000000007233878687
Q75411249	6000000003216050047
Q75411251	6000000003216145330
Q75411303	6000000003216137875
Q75411306	6000000003216044902
Q75411338	6000000036131380654
Q75411359	6000000055519758901
Q75411377	6000000080065711793
Q75411399	6000000037607306368
Q75411444	6000000043962771881
Q75411449	6000000043962351354
Q75411509	6000000036973964620
Q75411511	6000000050347460877
Q75411514	6000000013953835782
Q75411547	6000000013953734265
Q75411552	6000000029987786292
Q75411590	6000000050348578821
Q75411597	6000000050320008971
Q75411686	6000000050347819873
Q75411715	6000000003891869228
Q75411750	6000000050347613970
Q75411818	6000000053247432097
Q75411886	6000000015912597821
Q75411916	6000000006987878578
Q75411922	6000000065030008821
Q75411925	6000000013090907068
Q75411934	6000000025441184853
Q75411936	6000000015656042372
Q75411938	6000000015655935631
Q75411939	6000000008277347821
Q75411991	6000000022221199315
Q75412023	6000000015644408676
Q75412031	6000000015656014289
Q75412033	6000000002115845338
Q75412037	6000000015644482344
Q75412039	6000000015222233877
Q75412041	6000000015655988612
Q75412042	6000000015655902968
Q75412045	6000000015655950627
Q75412046	6000000015655919519
Q75412049	6000000015655929553
Q75412085	6000000050030609841
Q75412087	6000000050029813446
Q75412149	6000000024208254218
Q75412150	6000000031986794055
Q75412152	5088565893460070609
Q75412162	6000000050029815913
Q75412164	6000000050029721096
Q75412176	6000000037626964223
Q75412264	6000000041584934620
Q75412266	6000000073519375825
Q75412269	6000000073519520302
Q75412298	6000000030882802715
Q75412300	6000000030883121989
Q75412304	6000000053792232066
Q75412311	6000000018644380460
Q75412327	6000000067620715844
Q75412366	6000000018643476713
Q75412422	6000000011186541480
Q75412432	6000000002085786541
Q75412434	6000000011186120756
Q75412438	6000000007940979330
Q75412462	6000000011994679554
Q75412466	6000000007941192302
Q75412470	6000000007940852871
Q75412480	6000000070677007860
Q75412507	6000000020905583078
Q75412532	6000000015907515878
Q75412539	6000000007940827517
Q75412540	6000000007940583154
Q75412547	4186235603470065303
Q75412550	6000000007942089281
Q75412551	6000000002115855498
Q75412554	6000000002115855507
Q75412557	6000000002115855638
Q75412561	6000000002115855647
Q75412653	6000000002115855659
Q75412656	6000000002115859138
Q75412683	6000000002115855653
Q75412708	6000000015907614285
Q75412711	6000000015907408544
Q75412713	6000000015907519624
Q75412720	6000000015907547563
Q75412723	6000000015907616108
Q75412725	6000000015907415402
Q75412729	6000000015907697023
Q75412759	6000000024283246201
Q75412797	6000000006608373014
Q75412800	6000000010084415881
Q75412826	6000000025240234860
Q75412843	6000000051521843157
Q75412846	6000000055623021129
Q75412848	6000000023125570845
Q75412849	6000000013430463548
Q75412854	6000000013430399619
Q75412895	6000000013646736248
Q75412971	6000000002115855683
Q75412974	6000000002115855521
Q75412975	6000000002115855537
Q75413005	6000000002115855695
Q75413006	6000000002115855530
Q75413012	6000000002115855514
Q75413025	6000000030028380600
Q75413138	6000000014522215145
Q75413144	6000000014522207120
Q75413277	6000000021543799746
Q75413287	6000000021544485085
Q75413290	6000000021544447125
Q75413301	6000000068237059865
Q75413378	6000000007356939218
Q75413379	6000000007356754434
Q75413380	6000000007356927300
Q75413382	6000000006736031166
Q75413386	6000000000117835107
Q75413451	6000000004571326543
Q75413453	6000000001877544814
Q75413458	6000000024480192382
Q75413459	6000000040383370218
Q75413467	6000000004571326616
Q75413469	6000000030231581509
Q75413470	6000000030850376184
Q75413473	6000000024474432869
Q75413474	6000000024473855785
Q75413531	6000000020264230094
Q75413533	6000000028614609345
Q75413582	6000000021096015623
Q75413582	6000000026539828548
Q75413584	6000000026544412941
Q75413683	6000000012999514813
Q75413686	6000000024464798087
Q75413687	6000000012999552580
Q75413696	6000000012999823415
Q75413697	6000000015625232287
Q75413699	6000000015625291027
Q75413710	6000000040951737276
Q75413716	6000000042555382212
Q75413759	6000000006597101594
Q75413778	6000000019324631441
Q75413788	6000000019324444001
Q75413834	6000000063496350837
Q75413848	6000000002504516974
Q75413870	6000000008248665157
Q75413874	6000000171976991071
Q75413889	6000000015353768192
Q75413890	6000000057581419919
Q75413891	6000000057581395982
Q75413895	6000000015354061598
Q75413920	6000000010113995709
Q75413922	6000000019167201526
Q75413939	6000000000889248488
Q75413950	6000000012877910146
Q75413954	6000000000889328063
Q75413958	6000000008882834576
Q75413966	6000000017046437592
Q75413970	6000000176563737827
Q75413977	6000000003681572100
Q75413977	6000000009600740146
Q75413982	6000000029762958363
Q75413993	6000000000889501473
Q75413997	6000000007858987136
Q75414000	6000000000889637965
Q75414009	6000000009561388467
Q75414012	6000000002100909943
Q75414016	6000000014159126894
Q75414024	6000000002102339144
Q75414026	6000000002102326751
Q75414030	6000000010810633588
Q75414044	6000000017555948683
Q75414057	6000000024850043154
Q75414066	6000000028641040218
Q75414072	6000000002103479149
Q75414092	6000000013265706736
Q75414226	6000000034207279942
Q75414287	6000000011094832856
Q75414400	6000000011095035023
Q75414403	6000000011095516911
Q75414487	6000000011094941166
Q75414489	6000000011668941334
Q75414650	6000000037705542847
Q75414662	6000000031053800977
Q75414674	6000000031053672281
Q75414676	6000000031053828971
Q75414679	6000000031053682252
Q75414777	6000000052580787939
Q75414789	6000000010874651870
Q75414792	6000000016276764168
Q75414800	6000000010874217968
Q75414863	6000000010874622014
Q75414866	6000000010875149628
Q75414869	6000000013862865543
Q75414884	6000000031822346242
Q75414904	6000000031822393967
Q75414960	6000000025256490874
Q75414965	6000000006087382564
Q75414973	6000000025253402118
Q75414975	6000000025253078783
Q75415105	6000000067820789943
Q75415165	6000000067820234964
Q75415249	6000000017487964231
Q75415251	6000000019717147020
Q75415252	6000000019716770086
Q75415254	6000000019717159001
Q75415275	6000000017487946631
Q75415278	6000000017487998364
Q75415279	6000000017487947763
Q75415299	6000000021719994309
Q75415316	6000000017487900809
Q75415325	6000000017480178921
Q75415337	6000000017487563887
Q75415353	6000000019710661459
Q75415401	6000000019716429704
Q75415402	6000000019716278829
Q75415443	6000000019716802343
Q75415445	6000000019716747588
Q75415447	6000000015656173020
Q75415529	6000000019716681615
Q75415533	6000000019716320778
Q75415576	6000000019709774966
Q75415693	6000000018850078540
Q75415693	6000000183909851830
Q75415697	6000000018849200930
Q75415697	6000000183909867838
Q75415702	6000000018850500185
Q75415702	6000000183910025823
Q75415711	6000000018851069168
Q75415711	6000000183910020822
Q75415714	6000000018850373659
Q75415714	6000000183909834879
Q75415723	6000000018849905676
Q75415723	6000000183909807835
Q75415743	6000000018850731381
Q75415743	6000000183909476829
Q75415747	6000000018850427818
Q75415752	6000000018851716295
Q75415759	6000000018851128640
Q75415762	6000000016863403007
Q75415764	6000000025089182231
Q75415770	6000000018851253526
Q75415810	6000000034644399953
Q75415810	6000000183909339822
Q75415813	6000000041381150989
Q75415814	6000000041381116173
Q75415817	6000000015781870055
Q75415994	6000000024282652350
Q75415995	6000000024282875921
Q75416011	6000000016863264686
Q75416059	6000000014288331028
Q75416061	6000000014287993301
Q75416122	6000000014478650712
Q75416140	6000000104126646975
Q75416142	6000000104128168858
Q75416263	6000000009728899678
Q75416264	6000000009729171403
Q75416267	6000000002497454919
Q75416282	6000000009728899785
Q75416342	6000000009729050032
Q75416345	3456777
Q75416659	6000000014049915835
Q75416674	6000000015643922977
Q75416675	6000000048050360936
Q75416679	6000000015644340599
Q75416680	6000000015655910844
Q75416804	6000000013646036196
Q75416807	6000000060259826893
Q75416912	6000000003967066972
Q75416913	6000000003967218981
Q75416919	6000000015655914871
Q75416924	6000000026121194904
Q75416935	6000000026919739930
Q75416955	6000000026121545903
Q75416958	6000000026121336878
Q75416959	6000000067871242870
Q75416988	6000000015655909696
Q75416995	6000000038147947112
Q75417	6000000007945564677
Q75417007	6000000026121169146
Q75417010	3458390
Q75417012	6000000013192488953
Q75417049	6000000028031387425
Q75417162	6000000028031450129
Q75417307	6000000038059141768
Q75417309	6000000038060962151
Q75417310	6000000038060660210
Q75417312	6000000038061074125
Q75417314	6000000048751242941
Q75417371	6000000048751468874
Q75417390	6000000048751575836
Q75417427	6000000038057698338
Q75417437	4922250408930114549
Q75417507	6000000025845933178
Q75417583	6000000022658326838
Q75417584	6000000025846147866
Q75417586	6000000008499855659
Q75417587	6000000071805388796
Q75417599	6000000008501346378
Q75417753	6000000020234573455
Q75417758	6000000020234737869
Q75417760	6000000003806273193
Q75417768	6000000024294034707
Q75417811	6000000036300952928
Q75417812	6000000009835885403
Q75417917	6000000008616537208
Q75417966	6000000031822113343
Q75417976	6000000055515273831
Q75417984	6000000010977497626
Q75417990	6000000011873675830
Q75417997	6000000003043297731
Q75418019	6000000097507291877
Q75418028	6000000014886065896
Q75418092	6000000005684721002
Q75418096	6000000019322822824
Q75418171	6000000025915445150
Q75418210	6000000006589445916
Q75418220	6000000033469714723
Q75418255	6000000023406851196
Q75418268	6000000023406852180
Q75418271	6000000005588036541
Q75418275	6000000056529296079
Q75418276	6000000056529494978
Q75418278	6000000056529753944
Q75418303	6000000023406846526
Q75418326	6000000015799613044
Q75418334	6000000010896800331
Q75418359	6000000035327935059
Q75418363	6000000056529671888
Q75418470	6000000017518405017
Q75418497	6000000017518107870
Q75418500	6000000017517911479
Q75418504	6000000055085528908
Q75418504	6000000065762345821
Q75418518	6000000017518339034
Q75418529	6000000017518356064
Q75418542	6000000023708137026
Q75418586	6000000034710980821
Q75418589	6000000052046966684
Q75418593	6000000009532947286
Q75418624	6000000006444369139
Q75418635	6000000006444052578
Q75418656	6000000011197151780
Q75418659	6000000011197094946
Q75418692	6000000014528352639
Q75418698	6000000014401656485
Q75418708	6000000020381460735
Q75418711	6000000020381768627
Q75418719	6000000066449660904
Q75418727	6000000035190495013
Q75418754	6000000003105974280
Q75418799	6000000000436875924
Q75418809	6000000116596200884
Q75418840	6000000057159558000
Q75418846	6000000038301088833
Q75419006	6000000038300904969
Q75419030	6000000018333915816
Q75419149	6000000000076303822
Q75419321	6000000029967643116
Q75419380	6000000004652240875
Q75419401	6000000112264731054
Q75419411	6000000084587884315
Q75419427	6000000013379868224
Q75419444	6000000029967239609
Q75419490	6000000029967791939
Q75419566	6000000051552486951
Q75419570	6000000052053029847
Q75419579	6000000016300967183
Q75419663	6000000017134425080
Q75419665	6000000017132933777
Q75419712	6000000007498527420
Q75419723	6000000020028734226
Q75419727	6000000005598801673
Q75419734	6000000013735901625
Q75419735	6000000013735946593
Q75419745	6000000013612914424
Q75419772	6000000034341218024
Q75419776	6000000034341327885
Q75419786	6000000037156090831
Q75419830	6000000062269152276
Q75419845	6000000040925404193
Q75419853	6000000012416778492
Q75419870	6000000013612753577
Q75419871	6000000013612745587
Q75419873	6000000018481206517
Q75419874	6000000013612953152
Q75419876	6000000013612959183
Q75419877	6000000013612763763
Q75419879	6000000018480621971
Q75419880	6000000013612952042
Q75419884	6000000013609057312
Q75419885	6000000013609026306
Q75419903	6000000010940426388
Q75419904	6000000010940099505
Q75419919	6000000019329211135
Q75419959	6000000013507345949
Q75419987	6000000040724600538
Q75419993	6000000015979746936
Q75419997	6000000012737531246
Q7542	6000000007748317716
Q75420026	6000000020883118732
Q75420102	6000000000796822255
Q75420103	6000000009767604155
Q75420186	6000000009026413621
Q75420193	6000000009026173726
Q75420195	6000000009026164712
Q75420200	6000000038919877255
Q75420213	6000000038920048928
Q75420214	6000000038919284790
Q75420218	6000000038919970191
Q75420232	6000000018899875765
Q75420321	6000000013379412687
Q75420328	6000000034785781850
Q75420353	6000000025596414676
Q75420359	6000000002115887985
Q75420362	6000000097507371027
Q75420363	6000000019896093742
Q75420366	6000000024616269409
Q75420372	6000000033410830927
Q75420394	6000000019896307592
Q75420396	6000000044817223823
Q75420414	6000000044816806185
Q75420455	6000000019896270722
Q75420489	6000000019896336741
Q75420492	6000000044757868044
Q75420543	6000000000993900555
Q75420638	6000000012879572459
Q75420643	6000000021865747250
Q75420662	6000000012879538529
Q75420740	6000000013163570162
Q75420741	6000000013153990695
Q75420744	6000000020209753591
Q75420752	6000000024902126174
Q75420754	6000000015334379962
Q75420757	6000000024360595172
Q75420760	6000000016511938481
Q75420767	6000000079940010887
Q75420802	6000000000076306537
Q75420809	6000000015302595697
Q75420910	6000000052052166334
Q75420914	6000000051552596955
Q75420916	6000000052053305950
Q75420919	6000000052052025674
Q75420965	6000000013354884905
Q75420967	6000000013354994554
Q75420968	6000000013355030224
Q75420971	6000000013355105374
Q75420972	6000000012417881572
Q75420975	6000000030445320139
Q75420988	6000000033318645940
Q75420990	6000000033318085564
Q75421016	4967088360600052355
Q75421031	6000000014189645539
Q75421032	6000000024976806282
Q75421033	6000000009467902902
Q75421037	6000000013449252413
Q75421044	6000000014695723491
Q75421047	6000000009769826442
Q75421057	6000000002831254706
Q75421063	5470408439690066042
Q75421064	6000000008630964729
Q75421066	6000000003649666916
Q75421071	6000000000076298154
Q75421082	5323086021450139015
Q75421098	6000000002831278502
Q75421104	6000000002831278519
Q75421127	6000000000076303792
Q75421144	6000000001876717113
Q75421174	6000000014726700666
Q75421180	6000000014726574465
Q75421188	6000000015250915329
Q75421193	6000000015250819683
Q75421209	6000000031304161647
Q75421245	6000000014726544323
Q75421247	6000000014726553856
Q75421271	6000000007002876501
Q75421273	6000000007032664303
Q75421281	6000000014726776017
Q75421346	6000000014726676166
Q75421349	6000000015222627747
Q75421350	6000000015222766321
Q75421353	6000000015222726629
Q75421354	6000000015222823045
Q75421378	6000000015222839032
Q75421380	6000000015249958690
Q75421384	6000000014726191919
Q75421402	6000000015250097416
Q75421403	6000000015250185114
Q75421406	6000000015250031986
Q75421409	6000000015250095651
Q75421410	6000000015250155883
Q75421412	6000000015250404840
Q75421423	6000000015250542606
Q75421426	6000000015250514879
Q75421432	6000000023180424929
Q75421456	6000000022295364910
Q75421463	6000000030472240066
Q75421477	6000000026338202660
Q75421479	6000000015250622831
Q75421490	6000000015250928165
Q75421498	6000000015250928231
Q75421503	6000000009609819247
Q75421510	6000000015222634179
Q75421533	6000000025752987890
Q75421583	6000000040125379123
Q75421584	6000000040125019634
Q75421649	6000000001996289280
Q75421686	6000000040125418860
Q75421727	6000000066458247851
Q75421730	6000000066458021931
Q75421756	6000000025957975125
Q75421759	6000000025958209918
Q75421771	6000000019019776359
Q75421775	6000000017904832234
Q75421779	6000000019020055571
Q75421797	6000000019017715799
Q75421799	6000000019019449929
Q75421802	6000000010426716388
Q75421803	6000000010425121074
Q75421811	6000000069537546213
Q75421814	6000000069537834919
Q75421815	6000000069537702980
Q75422100	6000000069503623890
Q75422117	6000000069503315167
Q75422118	6000000007464741104
Q75422120	6000000002106742447
Q75422121	6000000069537883234
Q75422193	6000000007980630642
Q75422195	6000000021247897323
Q75422204	6000000007980422466
Q75422313	6000000016517826384
Q75422315	6000000016517946164
Q75422416	6000000011651861219
Q75422423	6000000017884926332
Q75422436	6000000016035163258
Q75422438	6000000067247115826
Q75422443	6000000013564009604
Q75422446	6000000016035200492
Q75422450	6000000016035231576
Q75422456	6000000011651009479
Q75422470	6000000011651868241
Q75422526	6000000025647519224
Q75422573	6000000014758042063
Q75422583	6000000014757974541
Q75422635	6000000014758056687
Q75422666	6000000014758081783
Q75422684	6000000000307249165
Q75422730	6000000096195272005
Q75422731	6000000096195209956
Q75422736	6000000013761446370
Q75422779	6000000026622102998
Q75422828	6000000024474701068
Q75422861	6000000014846792068
Q75422875	6000000030967679917
Q75422877	6000000021988584594
Q75422880	6000000021988696967
Q75422889	6000000021988656132
Q75422892	6000000021988433763
Q75422903	6000000021988612999
Q75422953	6000000030967679941
Q75422956	6000000030967156773
Q75422960	6000000030967650126
Q75422965	6000000030967489445
Q75423055	6000000056526122883
Q75423113	6000000014358315293
Q75423114	6000000014358492060
Q75423118	6000000014358381178
Q75423119	6000000014358438013
Q75423128	6000000001509014173
Q75423131	6000000001509089090
Q75423158	6000000001508826695
Q75423180	6000000014358481073
Q75423181	6000000052172239974
Q75423195	6000000055518603947
Q75423196	6000000055519211899
Q75423201	6000000055519217865
Q75423202	6000000055518555039
Q75423205	6000000067837001821
Q75423208	6000000076902949236
Q75423307	6000000003891035122
Q75423314	6000000003891035140
Q75423328	6000000003891362162
Q75423369	6000000003891362155
Q75423376	6000000003891024761
Q75423378	6000000003891024745
Q75423453	6000000003891362169
Q75423469	6000000014394215203
Q75423754	5155709234250121784
Q75423782	6000000001525893538
Q75423798	6000000001525959074
Q75423805	6000000001525796815
Q75423808	389427320830010542
Q75423815	6000000001526424248
Q75423817	6000000001526260847
Q75423818	6000000017004379507
Q75423820	5156183212990074865
Q75423838	6000000030996872919
Q75423849	6000000017004731262
Q75423850	6000000034579447235
Q75423862	6000000067352565897
Q75423905	6000000003798258095
Q75424034	6000000056999990954
Q75424036	6000000024558668458
Q75424038	6000000024558994078
Q75424050	6000000033358265399
Q75424052	6000000033358568057
Q75424056	6000000033358538020
Q75424090	6000000024544517865
Q75424228	6000000023873193515
Q75424380	6000000024544163688
Q75424595	6000000027502370798
Q75424604	6000000055517577008
Q75424608	6000000027502369396
Q75424791	6000000041486978248
Q75424796	6000000012391854331
Q75424798	6000000012391792925
Q75424830	6000000013439785554
Q75424836	6000000002899347580
Q75424837	6000000002899236378
Q75424841	6000000002899951809
Q75424926	6000000003391383842
Q75424978	6000000027502535012
Q75425101	6000000019247057890
Q75425845	6000000010963660902
Q75425920	6000000021946630683
Q75425928	6000000038148682857
Q75425931	6000000038148195050
Q75425932	6000000026093713039
Q75425938	6000000026093007704
Q75425946	6000000026092988778
Q75425972	6000000026093610000
Q75426	6000000003159646194
Q75426026	6000000020647614397
Q75426105	6000000038147850254
Q75426113	6000000030990800293
Q75426118	6000000038147784454
Q75426120	6000000052178437859
Q75426121	6000000052178331940
Q75426123	6000000052178521838
Q75426138	6000000024835384661
Q75426156	6000000036227261652
Q75426157	6000000036227502560
Q75426169	6000000038148053224
Q75426225	6000000020436498032
Q75426229	6000000020436447987
Q75426231	6000000020448469937
Q75426243	6000000018668736232
Q75426244	6000000018669177059
Q75426256	6000000018668924920
Q75426269	6000000020448045640
Q75426272	6000000020448695862
Q75426285	6000000020414750357
Q75426286	6000000024119020276
Q75426295	6000000020446371517
Q75426296	6000000020446588373
Q75426315	6000000020446732987
Q75426341	6000000020446452751
Q75426386	6000000020446645992
Q75426390	6000000024118870791
Q75426392	6000000024119391229
Q75426511	6000000016034026591
Q75426588	6000000016018657254
Q75426612	6000000055261818212
Q75426654	6000000009675147582
Q75426657	6000000028277026018
Q75426666	6000000016033812386
Q75426678	6000000016034113160
Q75426687	6000000016034177221
Q75426806	6000000003645966113
Q75426908	6000000030452121505
Q75426918	6000000030452433962
Q75426932	6000000030452381348
Q75426933	6000000030452819195
Q75426935	6000000030452858039
Q75426961	6000000030453613141
Q75426990	6000000030453011877
Q75427020	6000000030452760405
Q75427039	6000000024335895832
Q75427040	6000000025758574007
Q75427042	6000000030909171583
Q75427043	6000000030909103701
Q75427047	6000000079316348066
Q75427142	6000000030910184994
Q75427144	6000000030909339366
Q75427155	6000000019853392223
Q75427166	6000000009037199128
Q75427172	6000000010883208909
Q75427175	6000000121836636858
Q75427179	6000000030903670893
Q75427180	6000000042660415533
Q75427188	6000000010890179958
Q75427333	6000000019857987102
Q75427349	6000000023496546343
Q75427350	6000000033626849040
Q75427353	6000000010317972382
Q75427392	6000000034598713104
Q75427412	6000000030970009894
Q75427413	6000000030969766504
Q75427475	6000000034599079192
Q75427506	6000000025403842988
Q75427791	6000000016275817895
Q75427792	6000000016276245337
Q75427798	6000000186400192821
Q75427799	6000000059622202093
Q75427846	6000000003647478621
Q75427895	6000000031306480218
Q75427896	6000000031306564080
Q75427897	6000000023798660193
Q75427944	6000000025461346306
Q75427958	6000000021699478878
Q75427960	6000000021699369894
Q75427964	6000000031306396220
Q75427966	6000000020821825260
Q75428000	6000000031306786066
Q75428008	6000000112282309933
Q75428034	6000000028697281128
Q75428170	6000000053709273869
Q75428189	6000000008840011267
Q75428203	6000000026615106164
Q75428210	6000000011254490678
Q75428227	6000000017589838742
Q75428232	6000000017591213259
Q75428285	6000000023211760020
Q75428307	6000000041199881856
Q75428310	6000000015875507060
Q75428339	6000000015906533552
Q75428354	6000000005439320530
Q75428364	6000000021440154407
Q75428371	6000000027803373327
Q75428373	6000000033816437217
Q75428374	6000000033815854427
Q75428376	6000000027803376071
Q75428419	6000000021788535474
Q75428424	6000000030971501822
Q75428429	6000000144478049844
Q75428438	6000000058079923862
Q75428439	6000000058079371050
Q75428446	6000000058080652837
Q75428499	6000000030971341434
Q75428500	6000000030971292498
Q75428523	6000000030971373271
Q75428570	6000000075294832023
Q75428572	6000000075294760063
Q75428592	6000000039623764135
Q75428617	6000000010298028812
Q75428657	6000000020981640578
Q75428699	6000000075708359834
Q75428735	6000000014410075758
Q75428804	6000000017623908240
Q75428845	6000000026818210905
Q75428849	6000000026817860256
Q75428857	6000000026817840427
Q75428867	6000000013340917735
Q75428903	6000000023700816505
Q75428936	6000000030890819981
Q75429368	6000000030890920845
Q75429383	6000000017610764249
Q75429387	6000000021600621843
Q75429505	6000000146810138978
Q75429506	6000000073174065957
Q75429534	6000000073176417038
Q75429633	6000000092649052221
Q75429635	6000000092650407973
Q75429700	6000000026051391221
Q75429739	6000000025596396177
Q75429742	6000000015733352212
Q75429745	6000000025593857642
Q75429746	6000000052178917821
Q75429757	6000000001254517441
Q75429788	6000000052204777946
Q75429808	6000000025593862380
Q75429810	6000000026199613083
Q75429817	6000000026199614232
Q75429834	6000000026199949856
Q75429916	6000000021597224633
Q75429928	6000000119242641821
Q75429929	6000000119241792821
Q75429961	6000000009013168080
Q75429967	6000000033407067943
Q75429972	6000000024907159205
Q75429976	6000000024907425072
Q75429977	6000000024907444964
Q75429980	6000000024887232032
Q75430004	6000000044601345934
Q75430062	6000000024907699289
Q75430064	6000000024907262333
Q75430067	6000000024907279066
Q75430089	6000000092650354978
Q75430355	6000000026050679645
Q75430361	6000000103464006864
Q75430365	6000000026050967573
Q75430370	6000000103014797930
Q75430397	6000000024542043904
Q75430425	6000000026050929121
Q75430426	6000000026050977095
Q75430431	6000000026050444692
Q75430442	6000000026024879769
Q75430443	6000000026025289126
Q75430465	6000000026024647264
Q75430492	6000000077226693131
Q75430494	6000000034648397312
Q75430556	6000000044255108581
Q75430559	6000000010228446062
Q75430560	6000000010228910845
Q75430561	6000000029084356001
Q75430578	6000000010228707930
Q75430585	6000000031034670312
Q75430588	6000000031034969042
Q75430589	6000000031034969993
Q75430645	6000000017610527899
Q75430647	6000000017610884251
Q75430840	6000000015601384522
Q75430842	6000000190175375459
Q75430845	6000000015601660036
Q75430846	6000000015600594826
Q75430848	6000000046162214838
Q75430849	6000000190175386181
Q75430850	6000000204869273366
Q75430976	6000000190175386170
Q75430977	6000000204868987424
Q75430985	6000000015601416665
Q75431060	6000000011604190559
Q75431062	6000000011604504378
Q75431114	6000000011604100085
Q75431123	6000000011604550355
Q75431134	6000000052063249874
Q75431138	6000000026533037740
Q75431151	6000000009532548022
Q75431234	6000000002188035342
Q75431281	6000000030971649816
Q75431284	6000000052048254826
Q75431325	6000000033510139135
Q75431335	6000000025688082496
Q75431339	6000000012401982945
Q75431369	6000000006092165198
Q75431438	6000000001744971235
Q75431496	6000000024182036534
Q75431519	6000000008528820836
Q75431521	6000000011758065450
Q75431529	6000000027733614582
Q75431531	6000000027736853287
Q75431558	6000000015664798362
Q75431581	6000000019469015560
Q75431581	6000000111211677870
Q75431584	6000000014401184641
Q75431650	6000000023723850900
Q75431674	6000000023723926831
Q75431676	6000000023723874021
Q75431681	6000000023723879284
Q75431683	6000000023723932869
Q75431687	6000000023723664170
Q75431688	6000000030415534680
Q75431691	6000000023723511204
Q75431696	6000000023729522041
Q75431698	6000000005175624001
Q75431716	6000000026082595394
Q75431722	6000000005173906004
Q75431735	5259319327740045583
Q75431737	5259319288080045577
Q75431738	6000000001161274221
Q75431744	353263611750013051
Q75431937	6000000020787258982
Q75431970	6000000044141729949
Q75431975	6000000087735503821
Q75431981	6000000087735581867
Q75431983	6000000087735505879
Q75431985	6000000018028910244
Q75431987	6000000015975515688
Q75432135	6000000026025069848
Q75432146	6000000017471106276
Q75432147	6000000017471172379
Q75432172	6000000003891751096
Q75432183	6000000001877519857
Q75432186	6000000001877540942
Q75432212	6000000018415324028
Q75432229	6000000013925834276
Q75432490	6000000026910359067
Q75432493	6000000004212767761
Q75432549	6000000026562284219
Q75432553	6000000025578967932
Q75432570	6000000016457428010
Q75432573	6000000052178024169
Q75432577	6000000030902010120
Q75432627	6000000009770289366
Q75432632	6000000086071462939
Q75432649	6000000022560479439
Q75432677	6000000032197840286
Q75432856	6000000004079820556
Q75432859	6000000004225723095
Q75432860	6000000003659259036
Q75432862	6000000003659231180
Q75432871	6000000004079820568
Q75432972	6000000077487656531
Q75432990	6000000083789945821
Q75433	6000000022899854043
Q75433097	6000000011255592841
Q75433145	6000000000352381123
Q75433148	6000000000352397923
Q75433223	6000000000352508089
Q75433225	6000000000352508107
Q75433228	6000000012976340572
Q75433231	6000000000352508152
Q75433232	6000000000352508175
Q75433235	6000000000352508164
Q75433236	6000000000352508195
Q75433242	6000000000352559996
Q75433447	6000000045275698860
Q75433451	6000000047707476907
Q75433453	6000000047707381986
Q75433456	6000000045275923838
Q75433463	6000000025454852234
Q75433507	6000000000352508344
Q75433616	6000000000352508670
Q75433632	6000000000352508742
Q75433728	6000000014528467860
Q75433731	6000000057676837227
Q75433733	6000000057677654854
Q75433734	6000000057677449867
Q75433736	6000000057677262021
Q75433740	6000000057677457902
Q75433761	6000000001340501020
Q75433788	6000000031651563216
Q75433794	6000000031791016961
Q75433821	6000000100322929162
Q75433859	6000000074296078948
Q75433948	6000000013025123803
Q75433953	6000000013024927713
Q75433957	6000000009294084193
Q75433966	6000000015007377826
Q75434002	6000000011399231503
Q75434221	6000000008377808894
Q75434227	6000000008377955818
Q75434301	6000000010700557108
Q75434305	6000000010702323744
Q75434309	6000000010702335704
Q75434320	6000000011000428000
Q75434325	6000000011000778584
Q75434328	6000000011000784582
Q75434342	6000000022485529533
Q75434367	6000000028356376570
Q75434381	6000000031591722057
Q75434389	6000000039083748952
Q75434390	6000000039083448719
Q75434393	6000000039083327727
Q75434394	6000000039083606494
Q75434397	6000000039083684489
Q75434399	6000000039083526574
Q75434480	6000000028303108058
Q75434482	6000000028302853471
Q75434485	6000000028356666811
Q75434486	6000000028356901261
Q75434488	6000000003654861626
Q75434537	6000000028357389000
Q75434543	6000000028356778282
Q75434544	6000000028356875579
Q75434547	6000000028357291997
Q75434560	6000000006348530039
Q75434563	6000000000293500989
Q75434565	6000000003076722238
Q75434566	6000000028356254725
Q75434569	6000000116600162204
Q75434619	6000000001820087281
Q75434627	6000000077487097905
Q75434628	6000000028357267342
Q75434630	6000000077486644383
Q75434643	6000000030118653046
Q75434691	6000000038721157376
Q75434748	6000000025977931888
Q75434769	6000000023582005109
Q75434854	6000000002339460155
Q75434878	6000000018214610217
Q75434880	6000000010962179097
Q75434894	6000000010041404025
Q75434901	6000000057049861321
Q75435007	6000000011656966370
Q75435008	6000000011656734767
Q75435015	6000000017331277252
Q75435042	6000000076620575958
Q75435052	6000000099926519232
Q75435157	6000000006444307451
Q75435159	6000000006444307458
Q75435160	6000000003615845235
Q75435204	6000000025467877128
Q75435205	6000000025467972237
Q75435208	6000000001877484827
Q75435209	6000000001877484975
Q75435230	6000000025467933362
Q75435240	6000000036217438156
Q75435249	6000000065925897877
Q75435252	6000000065924796858
Q75435259	6000000065924676046
Q75435298	6000000077913615274
Q75435342	6000000041652570008
Q75435387	6000000051551893845
Q75435412	6000000002907071340
Q75435511	6000000015734684485
Q75435525	6000000019390122919
Q75435712	6000000015734236741
Q75435865	6000000027415066120
Q75435902	6000000002188674209
Q75435959	6000000029601932450
Q75435967	6000000029606114633
Q75435969	6000000029601897754
Q75435979	6000000020388579302
Q75435983	6000000018836758630
Q75435985	6000000020388684200
Q75435990	6000000020388790634
Q75435993	6000000020390034059
Q75435998	6000000015101644343
Q75436004	6000000020389065358
Q75436047	6000000020388933956
Q75436060	6000000084621162933
Q75436062	6000000020397236918
Q75436064	6000000020389952287
Q75436069	6000000010164419729
Q75436073	6000000013012029217
Q75436074	6000000013011132102
Q75436188	6000000010032087146
Q75436190	6000000067958980881
Q75436197	6000000030621237784
Q75436238	6000000011384806615
Q75436244	6000000002115947991
Q75436249	6000000033349134522
Q75436250	6000000033349521160
Q75436254	6000000012858623515
Q75436257	6000000002115947951
Q75436259	6000000015222055015
Q75436298	6000000002115947784
Q75436301	6000000002115881472
Q75436308	6000000002045533868
Q75436309	6000000019177299486
Q75436324	6000000002497446583
Q75436328	6000000002497446599
Q75436341	6000000002497446591
Q75436344	6000000002497446828
Q75436355	6000000026187072881
Q75436357	6000000026187055994
Q75436358	6000000002497446952
Q75436375	6000000053721811875
Q75436386	6000000053721061128
Q75436425	6000000000855852221
Q75436427	6000000002497446570
Q75436432	6000000002497462121
Q75436441	6000000009729173998
Q75436483	6000000009729174017
Q75436496	6000000009729174011
Q75436504	6000000026186848256
Q75436510	6000000026187832079
Q75436524	6000000020327370712
Q75436525	6000000020559421823
Q75436530	6000000026121362891
Q75436560	6000000057100523851
Q75436633	6000000026121137857
Q75436635	6000000026121217884
Q75436636	6000000026121252905
Q75436638	6000000026121517907
Q75436643	6000000026192362344
Q75436644	6000000026192688027
Q75436650	6000000003008513298
Q75436655	6000000055608618831
Q75436674	6000000000593997994
Q75436690	6000000026199768264
Q75436711	6000000002497454637
Q75436749	6000000002497454560
Q75436753	6000000002497446899
Q75436754	6000000002497446906
Q75436756	6000000002497446914
Q75436757	6000000002497446920
Q75436761	6000000002497446860
Q75436859	6000000092562267281
Q75436909	6000000067958865950
Q75436911	6000000097979530821
Q75436997	6000000038698954205
Q75437000	6000000067958707970
Q75437003	6000000067959111843
Q75437004	6000000090398699847
Q75437007	6000000015850994558
Q75437010	6000000015851262079
Q75437012	6000000029559095327
Q75437099	6000000012984986618
Q75437153	6000000029559165060
Q75437154	6000000029559356012
Q75437156	6000000029559264587
Q75437174	6000000026107658136
Q75437176	6000000011337610887
Q75437203	6000000016457379013
Q75437208	6000000030901980211
Q75437216	6000000052177945138
Q75437227	6000000029558879716
Q75437229	6000000010864694682
Q75437239	6000000003993138291
Q75437240	6000000003993438003
Q75437258	6000000007185846463
Q75437263	6000000025514677685
Q75437287	6000000013302227016
Q75437290	6000000030988106851
Q75437304	6000000013023345760
Q75437467	6000000026660973654
Q75437468	6000000026660701484
Q75437470	6000000026660598447
Q75437471	6000000026664217072
Q75437474	6000000026666953098
Q75437476	6000000026666942180
Q75437523	6000000026662918101
Q75437524	6000000026662743197
Q75437601	6000000029392300204
Q75437711	6000000047961220905
Q75437743	6000000023241555106
Q75437744	6000000023246969879
Q75437752	6000000006964073333
Q75437757	6000000010272300543
Q75437761	6000000015705322883
Q75437763	6000000075432920987
Q75437793	6000000016129213164
Q75437795	6000000016128864733
Q75437798	6000000015950777599
Q75437800	6000000015950117980
Q75437809	6000000016128444450
Q75437814	6000000013022617653
Q75437820	6000000016130908013
Q75437821	6000000016130873002
Q75437822	6000000016130886012
Q75437824	6000000016130879062
Q75437829	6000000016130813538
Q75437830	6000000016130931148
Q75437852	6000000016130923341
Q75437853	6000000016131328897
Q75437856	6000000016131692375
Q75437858	6000000016131698482
Q75437877	6000000016130911460
Q75437885	6000000020650637655
Q75437887	6000000016128509574
Q75437934	6000000016130750801
Q75437944	6000000016131296122
Q75437945	6000000016152466019
Q75437948	6000000016131324044
Q75437951	6000000016131212213
Q75437972	6000000016152493318
Q75437973	6000000016152816023
Q75437976	6000000016152074676
Q75437982	6000000016152162643
Q75437990	6000000016152339802
Q75437998	6000000031589546761
Q75438005	6000000021827590045
Q75438012	6000000016152484559
Q75438024	6000000015950177900
Q75438067	6000000016128223891
Q75438070	6000000016128696010
Q75438073	6000000015950763594
Q75438076	6000000016129878639
Q75438078	6000000016130191209
Q75438079	6000000016130267151
Q75438080	6000000016130526321
Q75438109	6000000016130177363
Q75438112	6000000016130675603
Q75438130	6000000070692137102
Q75438136	6000000054898924031
Q75438138	6000000016129147767
Q75438164	6000000035315502191
Q75438167	6000000035315204560
Q75438170	6000000035315598202
Q75438248	6000000042057145940
Q75438281	6000000021827660837
Q75438304	6000000013240297250
Q75438305	6000000013240206450
Q75438337	362835720840013203
Q75438340	6000000014047903178
Q75438348	6000000031227697420
Q75438351	6000000031228129866
Q75438352	6000000031228120899
Q75438354	6000000018210907813
Q75438392	6000000017621918474
Q75438420	6000000017622030525
Q75438421	6000000033703487516
Q75438423	6000000038050567515
Q75438427	6000000021850547312
Q75438428	6000000038050996091
Q75438431	6000000038051211876
Q75438433	6000000002115918720
Q75438436	6000000002115883829
Q75438437	6000000002115918714
Q75438450	6000000089967034847
Q75438454	6000000203475888839
Q75438477	6000000032918887225
Q75438496	6000000026603674797
Q75438498	6000000032919016901
Q75438501	6000000032918708467
Q75438501	6000000184923629845
Q75438503	6000000184924883831
Q75438509	6000000032919206845
Q75438510	6000000027627012131
Q75438546	6000000039145230849
Q75438550	6000000039147668922
Q75438554	6000000050930407930
Q75438671	6000000054046675889
Q75438695	6000000013340675037
Q75438701	6000000009728901815
Q75438702	6000000013586519481
Q75438728	6000000017888017038
Q75438730	6000000017887759091
Q75438732	6000000005765094107
Q75438733	6000000005762744661
Q75438751	6000000017621967795
Q75438760	6000000002115918695
Q75438765	6000000043914620744
Q75438766	6000000002115918727
Q75438793	6000000066388671821
Q75438794	6000000066387880919
Q75438796	6000000066387811849
Q75438797	6000000066388567870
Q75438931	6000000017887866009
Q75438935	6000000064516348923
Q75438937	6000000013707183021
Q75439124	6000000001808317039
Q75439126	6000000001808317027
Q75439148	6000000030884119058
Q75439159	6000000024335484555
Q75439217	6000000019909406734
Q75439224	6000000019910740595
Q75439229	6000000019909608317
Q75439231	6000000019909395961
Q75439233	6000000019958594964
Q75439254	6000000019909042612
Q75439276	6000000002115887361
Q75439282	6000000002115839755
Q75439286	6000000016998502035
Q75439304	6000000049098889971
Q75439359	6000000085005371982
Q75439415	6000000019959293102
Q75439418	6000000019959308179
Q75439420	6000000019958324825
Q75439452	6000000019909668081
Q75439518	6000000016548541793
Q75439543	6000000074703811986
Q75439570	6000000015210511915
Q75439582	6000000024557822576
Q75439587	6000000009514251668
Q75439589	6000000035073981379
Q75439650	6000000009361087994
Q75439653	6000000009360945734
Q75439656	6000000009361001051
Q75439671	6000000009361078526
Q75439788	6000000031007676882
Q75439790	6000000030989191560
Q75439820	6000000016316829515
Q75439973	6000000044756582981
Q75439974	6000000044756624924
Q75439975	6000000044725882948
Q75440034	6000000013032613226
Q75440051	6000000067856275821
Q75440070	6000000009512649033
Q75440071	6000000009512254918
Q75440077	6000000032696350011
Q75440079	6000000032696037217
Q75440081	6000000032738400236
Q75440082	6000000032739365894
Q75440093	6000000032696254983
Q75440195	6000000031032938786
Q75440198	6000000035371029898
Q75440203	6000000031032855808
Q75440205	6000000031033074404
Q75440239	6000000067856509147
Q75440242	6000000067857347904
Q75440245	6000000067856463061
Q75440344	6000000045145568917
Q75440345	6000000045145636912
Q75440347	6000000092442204957
Q75440348	6000000045145966846
Q75440349	6000000045146287874
Q75440353	6000000045145289847
Q75440380	6000000031679929911
Q75440472	6000000010027935175
Q75440474	6000000010027993672
Q75440491	6000000000335344957
Q75440492	6000000005421303412
Q75440494	312651095600002409
Q75440498	312689896490004531
Q75440504	6000000000351618932
Q75440556	6000000001254506022
Q75440557	6000000001254480865
Q75440747	6000000006602672808
Q75440750	6000000022471485513
Q75440755	6000000003626646536
Q75440760	6000000003626659358
Q75440762	6000000011857177989
Q75440769	6000000003626819575
Q75440789	6000000041273867153
Q75440793	6000000003217282833
Q75440797	6000000003621228196
Q75440825	6000000027158084749
Q75440828	6000000047335492354
Q75440879	6000000047336272833
Q75440881	6000000047335901975
Q75440950	6000000012859789487
Q75440957	6000000012859717405
Q75440958	6000000012859717413
Q75440978	6000000029817201278
Q75441070	6000000002188536803
Q75441127	6000000030130426945
Q75441138	6000000039820143858
Q75441148	6000000019198017166
Q75441179	6000000014300693943
Q75441181	6000000014301241375
Q75441184	6000000019506691465
Q75441185	6000000017683735554
Q75441187	6000000014302375024
Q75441188	6000000019709232894
Q75441204	6000000019112824485
Q75441221	6000000019283110943
Q75441223	6000000019283341243
Q75441227	6000000026886141874
Q75441234	6000000026886049005
Q75441238	6000000021720196956
Q75441244	6000000021720124111
Q75441245	6000000021720123644
Q75441290	6000000021720312185
Q75441319	6000000026885800496
Q75441346	6000000072415409525
Q75441377	6000000014302106695
Q75441379	6000000014302259143
Q75441383	6000000014301216128
Q75441387	6000000014301200099
Q75441441	6000000019506681546
Q75441561	6000000003216061874
Q75441563	6000000019399988002
Q75441710	6000000000886030663
Q75441727	6000000036569269442
Q75441741	6000000036571191838
Q75441743	6000000036570849033
Q75441828	6000000035055492450
Q75441829	6000000035056725906
Q75441832	6000000079194754166
Q75441834	6000000035056309100
Q75441835	6000000035057219853
Q75441838	6000000076982435024
Q75441839	6000000079195492891
Q75441842	6000000079195437860
Q75441843	6000000079195509852
Q75441845	6000000076982318155
Q75441847	6000000076982246364
Q75441851	6000000030989910756
Q75441858	6000000024335720923
Q75441865	6000000017508446725
Q75441889	6000000079194492223
Q75441928	6000000079195009878
Q75441930	6000000079194450105
Q75441933	6000000030990000792
Q75441954	6000000079194784988
Q75442153	6000000025508646109
Q75442219	6000000008648302209
Q75442334	6000000011303454248
Q75442335	6000000011302995058
Q75442337	6000000042257813377
Q75442349	6000000011302865980
Q75442363	6000000014099359973
Q75442415	6000000034619403855
Q75442428	6000000007271342371
Q75442431	6000000084925732067
Q75442475	6000000018338068377
Q75442476	6000000018337681620
Q75442495	6000000045879787409
Q75442602	6000000059869444989
Q75442604	6000000059869300109
Q75442618	6000000034440833560
Q75442622	6000000034443227101
Q75442656	6000000002928651492
Q75442658	6000000001220381419
Q75442669	6000000009299212738
Q75442670	6000000002928598851
Q75442675	6000000002928677398
Q75442677	6000000002928677076
Q75442679	6000000002928641977
Q75442681	6000000002247293168
Q75442682	6000000008781691805
Q75442687	6000000009001863238
Q75442691	6000000022081592450
Q75442693	6000000002928604607
Q75442699	6000000012802099423
Q75442705	6000000002928651085
Q75442709	6000000002928584568
Q75442711	6000000002928665935
Q75442718	6000000002928657794
Q75442720	6000000002928589197
Q75442723	6000000002928657395
Q75442741	6000000012942870186
Q75442754	6000000002928604477
Q75442758	6000000012802713205
Q75442768	6000000002928665745
Q75442779	6000000012942501437
Q75442780	6000000004671674450
Q75442783	6000000002928641255
Q75442791	6000000012826514689
Q75442805	6000000002928610740
Q75442812	6000000002928636989
Q75442833	6000000010674918557
Q75442838	6000000012826767216
Q75442839	6000000012826475976
Q75442841	6000000012826586574
Q75442843	6000000012826689540
Q75442888	6000000012850492929
Q75442892	6000000002928589210
Q75442905	6000000012775699861
Q75442912	6000000012826639617
Q75442913	6000000002928616207
Q75442920	6000000002928592414
Q75442926	6000000007886896994
Q75442928	6000000007886842814
Q75442929	6000000002928625140
Q75442930	6000000002928610623
Q75442946	6000000012963417427
Q75442947	6000000012963511335
Q75442956	6000000029259491878
Q75442967	6000000012850280714
Q75442970	6000000012848761848
Q75443003	6000000004225752493
Q75443005	6000000012775837345
Q75443044	6000000029259693113
Q75443045	6000000002928598060
Q75443081	6000000022923720884
Q75443185	6000000002928598224
Q75443232	6000000002928653678
Q75443252	6000000022923768846
Q75443414	6000000013032643396
Q75443429	6000000013032652752
Q75443450	6000000013032213771
Q7544349	6000000013415772428
Q75443533	6000000018869998952
Q75443542	6000000012651372829
Q75443543	6000000051525266938
Q75443545	6000000051524571307
Q75443546	6000000048378381926
Q75443606	6000000025609272886
Q75443607	6000000025608879734
Q75443626	6000000000705751193
Q75443636	6000000024958368309
Q75443674	6000000016780969977
Q75443785	6000000018166633181
Q75443787	6000000010431043871
Q75443797	6000000000724080078
Q75443797	6000000017207483623
Q75444021	6000000004868923870
Q75444023	6000000004867878145
Q75444028	6000000004868555650
Q75444144	6000000042115687865
Q75444147	6000000053314901618
Q75444149	6000000036031880323
Q75444361	6000000030417914047
Q75444362	6000000030417552294
Q75444705	6000000031758085161
Q75444707	6000000031758292850
Q75444720	6000000031755235593
Q75444721	6000000021375006469
Q75444723	6000000021376736337
Q75444740	6000000051514034909
Q75444770	288442239020008047
Q75444772	288444118920004548
Q75444780	288448847890002586
Q75444946	289103413000007226
Q75444947	6000000034901778149
Q75445024	6000000077689442499
Q75445025	6000000014943178338
Q75445135	6000000032918330752
Q75445215	6000000034398447487
Q75445266	6000000004033829258
Q75445324	6000000003615541708
Q75445326	6000000006446007169
Q75445370	6000000018869624788
Q75445421	6000000014988881087
Q75445423	6000000013384227529
Q75445428	6000000014988778098
Q75445450	6000000031678931224
Q75445484	6000000026161372922
Q75445513	6000000055896486916
Q75445516	6000000031678867233
Q75445517	6000000034283151187
Q75445567	6000000013043385989
Q75445569	6000000013043510728
Q75445571	6000000016228143632
Q75445575	6000000055582310041
Q75445612	4061463
Q75445612	6000000022837101909
Q75445614	6000000022836437743
Q75445630	6000000003827455263
Q75445635	6000000003827524475
Q75445637	5552609313030136323
Q75445648	6000000002649731417
Q75445651	6000000012641284258
Q75445652	6000000002370658804
Q75445654	6000000002370479744
Q75445657	6000000002370437567
Q75445663	6000000002370686164
Q75445668	6000000002370717291
Q75445674	6000000003966400828
Q75445675	6000000002370622960
Q75445677	6000000003966688642
Q75445678	6000000003966851211
Q75445680	5552609429120136329
Q75445681	5553236933120054206
Q75445684	6000000002370351427
Q75445685	6000000008954175724
Q75445688	6000000002370138365
Q75445690	6000000000128521389
Q75445691	6000000003556595525
Q75445693	5553265106300054709
Q75445694	6000000002370308777
Q75445696	6000000003650190156
Q75445698	6000000001853905578
Q75445703	5553323630830070349
Q75445704	6000000004283453887
Q75445706	6000000002370154127
Q75445709	6000000004283838004
Q75445710	6000000003221146673
Q75445712	6000000000664321722
Q75445715	6000000002370135076
Q75445716	6000000002369969796
Q75445718	6000000002369798896
Q75445719	6000000002891826500
Q75445721	322084107820004050
Q75445722	322084240920004006
Q75445727	4561459
Q75445731	4561464
Q75445732	6000000002369946158
Q75445737	6000000006590080805
Q75445738	6000000006590080797
Q75445740	6000000006590036320
Q75445741	6000000006590036296
Q75445742	6000000006590036352
Q75445744	314478343470006262
Q75445745	6000000007496059323
Q75445756	6000000011615041535
Q75445766	6000000011615334347
Q75445770	6000000055895974115
Q75445771	6000000032814308155
Q75445789	6000000011541479225
Q75445793	6000000085463889823
Q75445807	6000000055896551934
Q75445816	6000000055896929841
Q75445864	6000000002116225761
Q75445882	6000000008923779942
Q75445907	6000000015655920195
Q75445910	6000000112282310013
Q75445917	6000000013925937026
Q75445918	6000000013925970183
Q75445921	6000000013925845615
Q75445926	6000000027485918712
Q75445996	6000000055473538870
Q75445998	6000000085714602928
Q75446012	6000000015655921322
Q75446017	6000000044966849954
Q75446022	6000000025453608138
Q75446025	6000000025607390600
Q75446203	6000000017800811613
Q75446256	6000000008428977684
Q75446263	6000000002134222407
Q75446269	6000000002850954176
Q75446271	6000000002378893078
Q75446277	6000000019432284760
Q75446278	6000000019432432243
Q75446315	3946238939830063906
Q75446317	6000000025809117349
Q75446321	6000000025809420973
Q75446325	6000000009405117492
Q75446342	6000000008428767101
Q75446356	6000000014591362273
Q75446358	6000000014590930283
Q75446359	6000000008429016251
Q75446361	6000000023696376561
Q75446362	6000000051442672919
Q75446364	6000000009506319979
Q75446365	6000000014591153231
Q75446371	6000000053183843198
Q75446372	6000000053193646933
Q75446376	6000000014590879997
Q75446421	6000000044966558936
Q75446465	6000000044966325369
Q75446474	6000000044966912929
Q75446475	6000000150404716865
Q75446520	6000000015655973412
Q75446531	6000000019076629734
Q75446532	6000000019076636807
Q75446534	6000000019076250796
Q75446536	6000000019076362999
Q75446550	6000000015655898462
Q75446556	6000000112282309897
Q75446557	6000000112282309888
Q75446559	6000000013679699671
Q75446570	6000000009773859146
Q75446626	6000000001915813900
Q75446626	6000000175751507842
Q75446627	6000000001915891508
Q75446627	6000000122529794823
Q75446666	6000000024450705331
Q75446667	6000000024450888214
Q75446680	6000000018210643060
Q75446688	6000000002188039969
Q75446705	6000000023927012183
Q75446842	6000000000682270662
Q75446892	6000000022160630157
Q75446920	6000000058323906909
Q75446922	6000000058323727986
Q75446927	6000000058323793933
Q75447	6000000091710472838
Q75447022	6000000012403292528
Q75447042	6000000025987260021
Q75447043	6000000025986832414
Q75447044	6000000010792747043
Q75447077	6000000059605884838
Q75447084	6000000011696765513
Q75447087	6000000011697713212
Q75447088	6000000059667592129
Q75447089	6000000001364011135
Q75447092	6000000001364077080
Q75447093	6000000013006474911
Q75447094	6000000006101209125
Q75447095	6000000001364037165
Q75447096	6000000001364105016
Q75447100	6000000001364204071
Q75447101	6000000000281989312
Q75447114	6000000031114163154
Q75447182	6000000028070535831
Q75447185	6000000028070318172
Q75447195	6000000007079806343
Q75447201	6000000077814219879
Q75447205	6000000077812007665
Q75447220	6000000036596029180
Q75447221	6000000036596109269
Q75447241	6000000015396737557
Q75447244	6000000015396912514
Q75447291	6000000002979969427
Q7544732	6000000029594992757
Q75447335	6000000028828237873
Q75447353	6000000028827866701
Q75447434	6000000007090413242
Q75447435	6000000015151961261
Q75447462	6000000019587488860
Q75447466	6000000026178167062
Q75447476	6000000156206593929
Q75447591	6000000005576936434
Q75447604	6000000023457782944
Q75447626	6000000010218905440
Q75447628	6000000010218568030
Q75447631	6000000010218983237
Q75447660	6000000086084538918
Q75447830	6000000055499200845
Q75447831	6000000055501981065
Q75447832	6000000071832426838
Q75447851	6000000083788055897
Q75447854	6000000088945071990
Q75447856	6000000088945821922
Q75447924	6000000020971743803
Q75447944	6000000000454734514
Q75447946	6000000000454723434
Q75447948	6000000000454792660
Q75447949	6000000086882066135
Q75447951	6000000028151118696
Q75447958	6000000003526355004
Q75447959	6000000002542026102
Q75448022	6000000082667713994
Q75448071	6000000076954005045
Q75448073	6000000028976851656
Q75448075	6000000028977251216
Q75448082	6000000008857180299
Q75448082	6000000068585522833
Q75448084	6000000013854621092
Q75448084	6000000068585337942
Q75448086	6000000016249570421
Q75448090	6000000016251796888
Q75448091	6000000013331794894
Q75448092	6000000025108818925
Q75448092	6000000159374796821
Q75448094	6000000025108145564
Q75448099	6000000016251799336
Q75448106	6000000016511954600
Q75448107	6000000008328022677
Q75448114	6000000076953067440
Q75448136	6000000032608855247
Q75448163	6000000014416893222
Q75448164	6000000014417103293
Q75448280	6000000015863719050
Q75448296	6000000000352380221
Q75448309	6000000028136946157
Q75448317	6000000057240586148
Q75448319	6000000015861722509
Q75448324	6000000013045679891
Q75448331	6000000027556964115
Q75448333	6000000012646718324
Q75448347	6000000018079204072
Q75448353	6000000016466222263
Q75448395	6000000026094842185
Q75448401	6000000026094390643
Q75448422	6000000016166314164
Q75448423	6000000021493770388
Q75448429	6000000021494027357
Q75448471	6000000016659559496
Q75448501	6000000040049777283
Q75448515	6000000035361860442
Q75448519	6000000040048057140
Q75448521	6000000040048061130
Q75448553	6000000010327467131
Q75448731	6000000018002865655
Q75448818	6000000039576600971
Q75448828	6000000016164528832
Q75448837	6000000015396704125
Q75448838	6000000015396335957
Q75448899	6000000016164688478
Q75448936	6000000021749566923
Q75448947	6000000045091095188
Q75449	6000000021466197279
Q75449077	6000000004979536271
Q75449079	6000000001494448852
Q75449081	6000000000351117759
Q75449085	6000000003014334979
Q75449087	6000000003014552202
Q75449089	6000000004287066859
Q75449106	6000000042391702434
Q75449133	6000000025578787867
Q75449134	6000000025572237411
Q75449141	6000000026015081962
Q75449142	6000000026015083937
Q75449208	6000000014325280695
Q75449210	6000000014324815646
Q75449220	6000000014325800591
Q75449221	6000000026976044176
Q75449222	6000000014325700408
Q75449478	6000000054026209852
Q75449480	6000000054025730282
Q75449556	6000000017099958175
Q75449557	6000000004868323450
Q75449565	6000000000437802964
Q75449584	6000000013046774284
Q75449698	6000000013184642194
Q75449725	6000000019359251214
Q75449761	6000000009461525590
Q75449763	6000000002106037490
Q75449764	6000000009369533545
Q75449768	6000000007604770519
Q75449772	6000000006444214154
Q75449774	6000000001970736543
Q75449786	6000000010752048099
Q75449794	6000000019367415464
Q75449807	6000000016756595474
Q75449819	6000000026389977882
Q75449840	6000000004629901756
Q75449876	6000000004079619972
Q75449878	6000000002898163423
Q75449887	6000000026093949436
Q75449925	6000000024408541025
Q75449927	6000000024408430275
Q75449931	6000000019373323627
Q75449971	6000000048890796045
Q75449980	6000000019349541586
Q75449982	6000000019349674169
Q75449983	6000000019346232106
Q75449988	6000000056805143962
Q75449994	6000000025171511030
Q75449998	6000000019515738102
Q75449999	6000000006890995688
Q75450001	6000000006890862490
Q75450009	6000000006890906473
Q75450012	6000000009188577280
Q75450014	6000000006891025213
Q75450032	6000000016917068363
Q75450036	6000000009188787207
Q75450037	6000000009188599865
Q75450039	6000000010381211369
Q75450056	6000000009188618298
Q75450062	6000000009188090992
Q75450072	6000000014893205558
Q75450155	6000000010022706023
Q75450157	6000000015859418647
Q75450173	6000000010022792491
Q75450175	6000000031008169711
Q75450270	6000000046453003827
Q75450277	6000000022560406483
Q75450299	6000000014326387973
Q75450321	6000000014370132787
Q75450324	6000000014387175005
Q75450435	6000000143332319154
Q75450442	6000000011449526067
Q75450451	6000000009607786625
Q75450452	6000000047664316992
Q75450476	6000000075288008016
Q75450491	6000000042707247045
Q75450495	6000000067870819045
Q75450525	6000000005793602324
Q75450530	6000000023028697835
Q75450532	6000000031011602421
Q75450661	6000000042219354963
Q75450676	6000000038973187979
Q75450871	6000000017469011464
Q75450872	6000000017468994743
Q75450920	6000000018553565209
Q75450922	6000000018553320502
Q75450924	6000000027417268067
Q75450934	6000000009041428839
Q75450941	6000000077444893858
Q75450996	6000000025243837478
Q75451032	6000000060197227032
Q75451051	6000000078550642907
Q75451056	6000000003495120304
Q75451060	6000000044315199907
Q75451101	6000000034733708962
Q75451109	6000000034733542854
Q75451110	6000000034733299149
Q75451118	6000000024408246470
Q75451121	6000000024408509043
Q75451122	6000000053314483452
Q75451129	6000000011095278685
Q75451135	6000000012634178606
Q75451370	6000000021378605672
Q75451393	6000000025023295452
Q75451445	6000000038176782479
Q75451448	6000000025608820780
Q75451458	6000000034487473078
Q75451486	6000000030920079614
Q75451611	5202297313380062007
Q75451641	6000000023353289975
Q75451650	6000000011128404200
Q75451657	5043821436080131349
Q7545166	6000000037724540968
Q75451661	6000000023735673450
Q7545167	6000000053122791834
Q75451676	6000000023352817510
Q75451683	6000000031042508821
Q75451685	6000000023353522189
Q75451686	6000000023353498171
Q7545169	6000000022686521548
Q75451950	6000000083571223913
Q75452	6000000046062400004
Q75452036	6000000031042416909
Q75452053	6000000023353579005
Q75452092	6000000023353507076
Q75452164	6000000016464505430
Q75452301	6000000025635101687
Q75452304	6000000025635739048
Q75452305	6000000025635710360
Q75452307	6000000025635837043
Q75452320	6000000025635944259
Q75452323	6000000025634979820
Q75452325	6000000037333588768
Q75452427	6000000025635213309
Q75452431	6000000025635372147
Q75452445	6000000013332823325
Q7545245	6000000188278008874
Q75452634	6000000025636581830
Q75452639	6000000029243362636
Q75452641	6000000025641271952
Q75452753	6000000013488723688
Q75452825	6000000013489081128
Q75452826	6000000013488969568
Q75452871	6000000010668378420
Q75453133	6000000013484969471
Q75453148	6000000013484572459
Q75453160	6000000013484438494
Q75453205	6000000003077097251
Q75453207	6000000000366116398
Q75453214	6000000006444391271
Q75453239	6000000011303583400
Q75453251	6000000011303798942
Q75453325	6000000021824466237
Q75453506	6000000034054579497
Q75453579	6000000006187317411
Q75453585	6000000029118625492
Q75453587	6000000023051324931
Q75453604	6000000024408457289
Q75453625	6000000002411796203
Q75453626	6000000007295339635
Q75453632	6000000076776213221
Q75453648	6000000026199957012
Q75453734	6000000078927371102
Q75453786	6000000002889590267
Q75453794	6000000000700912785
Q75453796	4039241
Q75453806	6000000000700986584
Q75453808	6000000006444081201
Q75453815	6000000001531193661
Q75453816	4038992
Q75453822	4038901
Q75453823	6000000006788784034
Q75453830	6000000006788780560
Q75453831	6000000001531190872
Q75453842	3669317
Q75453843	6000000006788780552
Q75453850	6000000006788780323
Q75453964	6000000059017045917
Q75453978	6000000022300518716
Q75454191	6000000031544166317
Q75454193	6000000019267904474
Q75454232	6000000047013968897
Q75454234	6000000081594088932
Q75454260	6000000010078962656
Q75454261	6000000012978429656
Q75454268	6000000010079089019
Q75454291	6000000024167026284
Q75454293	6000000035363803965
Q75454299	6000000043851921094
Q75454338	6000000023855488193
Q75454340	6000000023855522969
Q75454504	6000000017415580410
Q75454508	6000000017415777070
Q75454509	6000000017415702571
Q75454510	6000000014705233617
Q75454516	6000000015282495483
Q75454517	6000000014697218908
Q75454521	6000000032628307969
Q75454548	6000000030710247895
Q75454560	6000000014775732432
Q75454561	6000000014775280939
Q75454564	6000000054445986896
Q75454576	6000000014348522913
Q75454625	6000000016449937245
Q75454638	6000000009959840109
Q75454648	6000000014516111629
Q75454653	6000000015842705519
Q75454660	6000000032131319648
Q75454663	6000000032131712124
Q75454665	6000000053281876981
Q75454686	6000000014516764073
Q75454688	6000000014516751032
Q75454690	6000000031170528881
Q75454701	6000000014516704394
Q75454715	6000000014282583109
Q75454734	6000000000880571072
Q75454768	6000000014051110095
Q75454786	6000000014050446199
Q75454815	6000000007356680232
Q75454817	6000000004180411764
Q75454887	6000000002116384008
Q75454917	6000000003266341206
Q75454936	6000000002898163448
Q75454949	6000000001370444584
Q75454953	6000000001370544249
Q75454955	6000000002907039665
Q75454960	6000000025861514491
Q75454961	6000000025861722924
Q75454964	6000000024969388132
Q75454971	6000000024969399257
Q75454974	6000000015519083746
Q75454989	5555562025000026293
Q75454995	6000000007696504369
Q75455052	6000000001394108066
Q75455151	6000000008755441120
Q75455152	6000000001299342947
Q75455154	6000000001783414847
Q75455163	6000000001783244792
Q75455205	6000000020726324073
Q75455211	6000000020726324137
Q75455219	6000000001299342543
Q75455236	6000000006720648807
Q75455242	6000000006721216055
Q75455255	6000000002799105268
Q75455257	6000000002799105149
Q75455259	6000000004018554974
Q75455260	6000000002799105129
Q75455294	6000000017071211007
Q75455296	6000000016310460394
Q75455298	6000000026248852282
Q75455354	6000000018107878999
Q75455375	6000000016395530148
Q75455412	6000000026996871881
Q75455413	6000000042701310476
Q75455415	6000000027014865892
Q75455454	6000000002898237252
Q75455464	6000000010926456501
Q75455482	6000000019059604192
Q75455500	6000000011261415268
Q75455545	6000000015853810469
Q75455550	6000000015853963318
Q75455552	6000000042214618812
Q75455554	6000000042219340275
Q75455570	6000000021273567019
Q75455574	6000000021273594939
Q75455657	6000000001998491074
Q75455686	6000000002799105144
Q75455698	6000000001944756979
Q75455699	6000000001730774253
Q75455701	6000000001730771754
Q75455705	6000000001730768119
Q75455715	6000000009276805908
Q75455717	6000000003266340915
Q75455718	6000000004086366806
Q75455722	6000000002799082380
Q75455724	6000000002956997120
Q75455726	6000000032890213280
Q75455740	6000000016300699430
Q75455741	6000000002709518323
Q75456018	6000000021262063697
Q75456094	6000000021263763379
Q75456136	6000000019555930291
Q75456214	6000000010221690026
Q75456222	381120199560012208
Q75456292	6000000019562606027
Q75456305	6000000019562684105
Q75456320	6000000019563145045
Q75456404	6000000007114693236
Q75456407	6000000000352519459
Q75456410	6000000010221862512
Q75456481	6000000012646698014
Q75456510	6000000026159723043
Q75456512	6000000004151334817
Q75456600	6000000000085033515
Q75456698	6000000041426249783
Q75456722	6000000021264058978
Q75456725	6000000021251361847
Q75456726	6000000021251019602
Q75456769	6000000003966462168
Q75456780	6000000000352519556
Q75456782	6000000015282267201
Q75456783	6000000015281988536
Q75456837	6000000003966448481
Q75456838	6000000002353994909
Q75456844	6000000070671888827
Q75457386	6000000007605160830
Q75457388	6000000003243285241
Q75457390	6000000019733780857
Q75457392	6000000003463808041
Q75457434	6000000003463801102
Q75457439	6000000003463797887
Q75457440	6000000003463797877
Q75458470	6000000031054132482
Q75458532	6000000006444115488
Q75458534	6000000008651842929
Q75458542	6000000019566172029
Q75458547	6000000019562453358
Q75458549	6000000019565672466
Q75458554	6000000019565567906
Q75458563	6000000019563104627
Q75458565	6000000019564158184
Q75458568	6000000019563929335
Q75458569	6000000019562430698
Q75458576	6000000019565141455
Q75458578	6000000019565579425
Q75458580	6000000019565857183
Q75458581	6000000019564952573
Q75458584	6000000019565166910
Q75458585	6000000019566056068
Q75458591	6000000019564667157
Q75458609	6000000019564668264
Q75458612	6000000120636760924
Q75458616	6000000019565177132
Q75458618	6000000019565048163
Q75458633	6000000019565656099
Q75458636	6000000019565278157
Q75458640	6000000019565037930
Q75458644	6000000019565502761
Q75458647	6000000017587027260
Q75458650	6000000024976837585
Q75458680	6000000019563729167
Q75458684	6000000029409375011
Q75458688	6000000019562948080
Q75458728	6000000015920587534
Q75458759	6000000055305076914
Q75458766	6000000013212090963
Q75458768	6000000013125122478
Q75458798	6000000019558429004
Q75458799	6000000019558417039
Q75458812	6000000019558324564
Q75458824	6000000018200576471
Q75458826	6000000019561630080
Q75458847	6000000019561249077
Q75458851	6000000004079625370
Q75458903	6000000024321920196
Q75459054	6000000003966462176
Q75459073	6000000055531244929
Q75459075	6000000039683581376
Q75459203	6000000064178266848
Q75459245	6000000064178280864
Q75459388	6000000057433753198
Q75459564	6000000003966465675
Q75459567	6000000003966448513
Q75459629	6000000019696913402
Q75459757	6000000043466539741
Q75459760	6000000001455915452
Q75459761	6000000102669423883
Q75459767	6000000001455915521
Q75459768	6000000001455915144
Q75459769	6000000001455915158
Q75459773	6000000001455908723
Q75459775	6000000090943822823
Q75459780	6000000001455915228
Q75459781	6000000001455915242
Q75459783	6000000001455915257
Q75459785	6000000001455915271
Q75459787	6000000042111365617
Q75459788	6000000028380620536
Q75459792	6000000028380711306
Q75459796	6000000028380168768
Q75459799	6000000028381940838
Q75459802	6000000028381257136
Q75459807	6000000028380277604
Q75459816	6000000028381785998
Q75459818	6000000028381257236
Q75459819	6000000041955520613
Q75459824	6000000028384737861
Q75459826	6000000028383225669
Q75459855	6000000007345585327
Q75459857	6000000022969378863
Q75459863	6000000042110899813
Q75459867	6000000020575015453
Q75459878	6000000002814727824
Q75459908	6000000022558043030
Q75459909	6000000001455910031
Q75459912	6000000042110577077
Q75459926	6000000041934578962
Q75459933	6000000001455915172
Q75459937	6000000041940364031
Q75459938	6000000002814727742
Q75459944	6000000102665993312
Q75459958	6000000017207524651
Q75459986	6000000015501196878
Q75459988	6000000019885497291
Q7546	6000000003252172731
Q75460	6000000000437626271
Q75460006	6000000028384723412
Q75460030	6000000001455910045
Q75460047	6000000001455918682
Q75460050	6000000043466620659
Q75460065	6000000042111166503
Q75460100	6000000042110899781
Q75460108	6000000042110899793
Q75460112	6000000042111456840
Q75460117	6000000042110899805
Q75460120	6000000042110749841
Q75460124	6000000009228630761
Q75460125	6000000034475556632
Q75460144	6000000034476044154
Q75460152	6000000023526619557
Q75460180	6000000028386015048
Q75460236	6000000023526619551
Q75460239	6000000023527303251
Q75460241	6000000023527303256
Q75460268	6000000001455908737
Q75460272	6000000001455915336
Q75460277	6000000001455908060
Q75460282	6000000001455915399
Q75460286	6000000001455915424
Q75460287	6000000001455915438
Q75460289	6000000033156835851
Q75460316	6000000025415323153
Q75460353	6000000007878398905
Q75460523	6000000063150347881
Q75460526	6000000063150836827
Q75460607	6000000041111522372
Q75460810	6000000042111926049
Q75460812	6000000002814727800
Q75460814	6000000042111926056
Q75460815	6000000042111926042
Q75460817	6000000042111926035
Q75460819	6000000015478031607
Q75460829	6000000002814727808
Q75460830	6000000028385314190
Q75460835	6000000002814727750
Q75460840	6000000028384934388
Q75460842	6000000028384744198
Q75460843	6000000028385437184
Q75460846	6000000028386021903
Q75460850	6000000028386278893
Q75460852	6000000020075647716
Q75460855	6000000028386081942
Q75460868	6000000028384701272
Q75460967	6000000002814727777
Q75460968	6000000002814727655
Q75460970	6000000002814727606
Q75461177	6000000034473870944
Q75461426	6000000001455910518
Q75461633	6000000028385118175
Q75461643	6000000041934578974
Q75461675	6000000102668790824
Q75461784	6000000028225964723
Q75461785	6000000007245301334
Q75461792	6000000001455910422
Q75461796	6000000043466620667
Q75461797	6000000043466534720
Q75461798	6000000078092893884
Q75461800	6000000022969394884
Q75461803	6000000001455910254
Q75461804	6000000028226197083
Q75461852	6000000007345577695
Q75461948	6000000007345585516
Q75462099	6000000021062923331
Q75462108	6000000078093230830
Q75462112	6000000021063723157
Q75462132	6000000012749993290
Q75462141	6000000015282292371
Q75462146	6000000015282245268
Q75462148	6000000015282078982
Q75462151	6000000040547390323
Q75462158	6000000069860902210
Q75462325	6000000020691057099
Q75462633	6000000078093358825
Q75462672	6000000021182965985
Q75462689	6000000003006342594
Q75462701	6000000020471162754
Q75462702	6000000020471423135
Q75462727	6000000077548454759
Q75462735	6000000002477065818
Q75462793	6000000003006235522
Q75462858	6000000000725031224
Q75462879	6000000102666705414
Q75462882	6000000041955520603
Q75462903	6000000001354512348
Q75462907	6000000003006253376
Q75462911	6000000003006253784
Q75462915	6000000003006264202
Q75462918	6000000003006264310
Q75462919	6000000003006264949
Q75462923	6000000003006273888
Q75462927	6000000001579296135
Q75462929	6000000058366329928
Q75462944	6000000003966462184
Q75463052	6000000103838369107
Q75463122	6000000109339378475
Q75463330	6000000109340222028
Q75463595	6000000001455908660
Q75463603	6000000020575127877
Q75463610	6000000102668532928
Q75463617	6000000028385042113
Q75463618	6000000028381270556
Q75463628	6000000095245753951
Q75463697	6000000000325500552
Q75463734	6000000000934834990
Q75463794	6000000055262074888
Q75463835	6000000021428654179
Q75463851	6000000002499236745
Q75463859	6000000007345577746
Q75464173	6000000015536834003
Q75464187	6000000027823667178
Q75464240	6000000006422146897
Q75464246	6000000003827161491
Q75464250	4883023871030057921
Q75464251	6000000007087912003
Q75464254	6000000039155686395
Q75464255	6000000002134891848
Q75464371	6000000019562405248
Q75464375	6000000057915588825
Q75464384	6000000057916194834
Q75464388	6000000081024562538
Q75464391	6000000081025254045
Q75464392	6000000081025868925
Q75464395	6000000081025254312
Q75464396	6000000094599813821
Q75464398	6000000094600031821
Q75464399	6000000094597447831
Q75464401	6000000094597635839
Q75464403	6000000052948908050
Q75464411	6000000081025952868
Q75464412	6000000081025237435
Q75464414	6000000001331279524
Q75464416	6000000001331281522
Q75464423	6000000094594404821
Q75464424	6000000094594358830
Q75464426	6000000008115015285
Q75464426	6000000094603038821
Q75464427	6000000094603136823
Q75464429	6000000094602779821
Q75464431	6000000094601471924
Q75464434	6000000094618783224
Q75464469	6000000057915487202
Q75464479	6000000049238928883
Q75464482	6000000057915588829
Q75464489	6000000057915290861
Q75464490	6000000057915290856
Q75464519	6000000057915588841
Q75464526	6000000057915588833
Q75464528	6000000057916007829
Q75464532	6000000057915588821
Q75464576	6000000017519712858
Q75464577	6000000054841994251
Q75464585	6000000017519009934
Q75464801	6000000032186474352
Q75464804	6000000026810904958
Q75464808	6000000019252153805
Q75464809	6000000017062622368
Q75464975	6000000034075331381
Q75464986	6000000034074088862
Q75465	6000000021359458862
Q75465246	6000000026093429129
Q75465254	6000000026102198855
Q75465255	6000000026101618967
Q75465256	6000000069208278876
Q75465258	6000000005583751593
Q75465264	6000000026102195926
Q75465307	6000000102667546911
Q75465310	6000000102668390969
Q75465313	6000000030954182912
Q75465314	6000000001455908346
Q75465389	6000000003523348274
Q75465432	6000000019319076131
Q75465434	6000000019582868554
Q75465437	6000000019582592659
Q75465441	6000000019582872347
Q75465455	6000000015818348161
Q75465517	6000000015818164237
Q75465581	6000000022333530969
Q75465582	6000000022333500928
Q75465609	6000000010535033139
Q75465666	6000000010535438231
Q75465669	6000000010535438259
Q75465740	6000000024799712847
Q75465830	6000000120636761104
Q75465837	6000000019564398829
Q75465838	6000000120636760850
Q75465842	6000000120636760836
Q75465844	6000000120636760824
Q75465847	6000000025632438828
Q75466049	6000000043466720469
Q75466059	6000000001455910017
Q75466063	6000000028384811354
Q75466068	6000000028385383732
Q75466071	6000000028384256492
Q75466082	6000000028207324679
Q75466087	6000000021400828784
Q75466099	6000000068516729954
Q75466128	6000000068515964921
Q75466152	6000000066653049081
Q75466154	6000000066653180981
Q75466179	6000000066653253891
Q75466200	6000000068541552978
Q75466218	6000000024790120745
Q75466223	6000000024790642487
Q75466224	6000000024790487382
Q75466269	6000000068515491821
Q75466304	6000000053893882856
Q75466352	6000000022670224686
Q75466378	6000000022670229495
Q75466386	6000000008126816485
Q75466389	6000000022670207639
Q75466390	6000000053959593895
Q75466391	6000000022670233301
Q75466558	6000000019563710880
Q75466578	6000000105869752078
Q75466596	6000000105871965833
Q75466612	6000000105871085985
Q75466614	6000000105871502839
Q75466617	6000000023699083954
Q75466668	6000000105871703852
Q75466843	6000000000908874591
Q75466936	6000000024979931864
Q75467025	6000000017798118280
Q75467043	6000000026906857167
Q75467045	6000000023489801494
Q75467060	6000000023474677068
Q75467063	6000000019613056753
Q75467067	6000000023474554118
Q75467068	6000000024538290001
Q75467324	6000000003483963317
Q75467326	6000000003484168490
Q75467327	6000000003484395010
Q75467337	6000000019206048704
Q75467343	6000000003484442025
Q75467348	6000000003484395716
Q75467350	6000000003484504071
Q75467352	6000000003485133465
Q75467353	6000000003484355542
Q75467355	6000000003484429337
Q75467357	6000000003484404495
Q75467359	6000000003484340358
Q75467360	6000000003484477146
Q75467363	6000000003484576015
Q75467384	6000000003485508391
Q75467528	6000000023539663598
Q75467539	6000000002106083995
Q75467547	6000000014821731307
Q75467549	6000000014820819892
Q75467689	6000000005402879999
Q75467837	6000000024976457814
Q75467886	6000000014247227542
Q75467889	6000000033349503143
Q75468031	6000000017972760101
Q75468084	6000000017499331257
Q75468087	6000000017499486122
Q75468090	6000000004868907214
Q75468096	6000000001631237336
Q75468097	6000000001631280173
Q75468105	6000000001631314051
Q75468106	6000000001631336088
Q75468122	6000000004571333816
Q75468126	6000000006891445234
Q75468128	6000000006891569013
Q75468150	6000000052704450185
Q75468243	6000000000899067441
Q75468262	6000000000899086658
Q75468264	6000000021526123566
Q75468270	6000000051486510856
Q75468271	6000000051486392933
Q75468277	6000000051486574875
Q75468295	6000000021527308835
Q75468300	6000000021527147415
Q75468316	6000000021527093409
Q75468324	6000000021527233144
Q75468329	6000000021527106676
Q75468336	6000000016650716020
Q75468360	6000000025446934506
Q75468406	6000000021527114615
Q75468409	6000000014452668199
Q75468422	6000000021527141218
Q75468424	6000000021526590741
Q75468427	6000000021527295222
Q75468451	6000000021527345981
Q75468473	6000000010163429369
Q75468477	6000000081008830821
Q75468563	6000000014452531966
Q75468567	6000000014458487942
Q75468569	6000000014451676430
Q75468592	6000000059475897147
Q75468607	6000000021469860320
Q75468623	6000000019191101062
Q75468625	6000000014268194217
Q75468630	6000000014269282741
Q75468721	6000000011135262974
Q75468722	6000000021542565124
Q75468737	6000000002905001581
Q75468745	6000000107497579823
Q75468786	6000000014457988786
Q75468789	6000000014452689119
Q75468950	6000000006784547181
Q75468956	6000000006784509426
Q75469173	6000000041940956867
Q75469191	6000000055437974827
Q75469218	6000000063150164821
Q75469220	6000000020039629336
Q75469227	6000000059560892060
Q75469233	6000000034065406250
Q75469239	6000000034065564953
Q75469243	6000000034065435965
Q75469265	6000000059561692821
Q75469267	6000000034063668684
Q75469384	6000000034065722850
Q75469534	6000000033167855004
Q75469611	6000000066543723069
Q75469675	6000000001608993355
Q75469676	6000000001608964194
Q75469679	6000000067860487021
Q75469840	6000000008836888225
Q75469842	6000000008836808697
Q75469951	6000000030580861168
Q75469962	6000000036675513879
Q75469974	6000000030581033106
Q75470093	6000000015501285491
Q75470094	6000000084828776034
Q75470287	6000000015799135717
Q75470288	6000000015799434413
Q75470366	6000000012414141005
Q75470450	6000000000613820008
Q75470458	6000000042110471177
Q75470461	6000000042110467892
Q75470496	6000000042110822890
Q75470530	6000000042110899817
Q75470586	6000000090949019928
Q75470587	6000000090949768884
Q75470743	6000000034473584138
Q75470753	6000000028242892064
Q75470844	6000000047124831906
Q75470918	6000000047124933936
Q75470953	6000000001455910436
Q75470960	6000000001455908385
Q75470968	6000000090940322852
Q75470975	6000000012475626679
Q75471036	6000000047125116986
Q75471038	6000000072581303304
Q75471047	6000000047125125029
Q75471071	6000000072581321722
Q75471073	6000000047124776434
Q75471090	6000000004581820166
Q75471124	6000000102667551866
Q75471126	6000000041954970097
Q75471222	6000000001455910450
Q75471268	6000000028384939873
Q75471268	6000000041939543381
Q75471272	6000000028384737967
Q75471275	6000000022967502725
Q75471332	6000000028384819893
Q75471342	6000000028384277568
Q75471346	6000000032870258229
Q75471392	6000000006232533172
Q75471400	6000000028384249135
Q75471401	6000000028384998964
Q75471580	6000000102668487921
Q75471582	6000000014627846680
Q75471604	6000000050799365311
Q75471721	6000000071503525896
Q75471832	6000000008126797129
Q75471864	6000000076955154777
Q75471966	6000000001162269558
Q75471967	6000000004581830274
Q75471970	6000000001162304404
Q75472050	6000000021401640159
Q75472091	6000000001455908126
Q75472093	6000000001455908112
Q75472094	6000000001455908140
Q75472202	6000000019870005973
Q75472227	6000000019869878672
Q75472249	6000000019885769715
Q75472255	6000000001455908168
Q75472397	6000000001455908182
Q75472434	6000000009957623699
Q75472436	6000000009957527134
Q75472458	6000000021401314265
Q75472598	6000000020921940565
Q75472600	6000000020921876160
Q75472776	6000000001455908231
Q75472777	6000000020075419549
Q75472815	6000000001455908259
Q75472816	6000000003249602982
Q75472819	6000000003249606393
Q75472826	6000000030953488411
Q75472829	6000000030954012122
Q75472831	6000000030953517529
Q75472930	6000000009200301191
Q75473064	6000000041954969859
Q75473067	6000000041954822905
Q75473076	6000000041954970137
Q75473082	6000000041954970107
Q75473083	6000000041954944116
Q75473086	6000000041954951418
Q75473087	6000000041954951428
Q75473090	6000000041954951487
Q75473091	6000000041955530209
Q75473092	6000000041954951438
Q75473095	6000000041954951443
Q75473120	6000000041954951463
Q75473158	6000000041954951433
Q75473160	6000000041955535375
Q75473191	6000000041954951482
Q75473196	6000000041955761933
Q75473214	6000000041954951448
Q75473267	6000000041954951477
Q75473270	6000000041955733112
Q75473295	6000000041954951423
Q75473302	6000000041954969824
Q75473450	6000000002814727705
Q75473470	6000000041954969829
Q75473474	6000000041954969849
Q75473511	6000000041954969844
Q75473526	6000000001455910504
Q75473629	6000000002849887903
Q75473631	6000000002850150003
Q75473634	6000000002850134295
Q75473635	6000000002850160125
Q75473637	6000000021756135502
Q75473640	6000000021756690956
Q75473642	6000000021864633285
Q75473701	6000000002849995842
Q75473708	6000000002850555992
Q75473709	6000000002850699256
Q75473714	6000000002850619705
Q75473866	6000000002850035105
Q75473869	6000000007839318362
Q75474008	6000000045837255378
Q75474010	6000000045838746827
Q75474012	6000000109101129868
Q75474061	6000000109101467821
Q75474106	6000000007774547627
Q75474176	6000000007839318370
Q75474353	6000000045837566020
Q75474356	6000000001455908780
Q75474400	6000000002850041118
Q75474406	6000000078734561103
Q75474453	6000000078734408338
Q75474487	6000000082895044266
Q75474494	6000000002424980716
Q75474497	6000000002428815077
Q75474524	6000000002850319667
Q75474525	6000000002850488828
Q75474539	6000000013320671052
Q75474543	6000000007839185069
Q75474554	6000000027379938786
Q75474561	6000000027380474199
Q75474562	6000000028521917821
Q75474569	6000000028521921889
Q75474576	6000000042110467888
Q75474744	6000000078091812067
Q75474746	6000000078094771877
Q75474749	6000000055677711921
Q75474758	6000000055623263109
Q75474779	6000000092102018833
Q75474781	6000000018098323212
Q75474847	6000000078093223871
Q75474960	6000000027380189321
Q75474961	6000000027379932255
Q75474962	6000000028206193049
Q75475092	6000000112230919968
Q75475095	6000000006860583294
Q75475576	6000000078093212851
Q7547563	6000000150898945050
Q75475731	6000000020574562251
Q75475737	6000000020574565637
Q75475748	6000000020574566626
Q75475791	6000000020574695596
Q75475793	6000000020574958072
Q75475794	5227843311710136811
Q75475827	6000000020559793355
Q75475829	6000000001455908766
Q75475836	6000000002725155726
Q75475869	6000000006444357670
Q75475878	6000000041955520658
Q75475880	6000000001455908808
Q75476081	6000000035246101852
Q75476140	6000000028385421461
Q75476152	6000000001455911901
Q75476154	6000000034473764143
Q75476156	6000000034473778139
Q75476203	6000000026189158499
Q75476297	6000000100805626047
Q75476306	6000000002814727840
Q75476310	6000000030950676479
Q75476471	6000000030950755165
Q75476476	6000000042110390152
Q75476548	6000000042110501201
Q75476926	6000000000168523170
Q75476934	6000000000168145997
Q75476994	6000000000136020793
Q75476994	6000000189234907821
Q75477095	6000000000136020800
Q75477264	6000000083621876915
Q75477265	6000000083621667194
Q75477272	6000000079129740821
Q75477278	6000000011625619102
Q75477457	6000000000136020712
Q75477460	6000000000136020721
Q75477846	6000000020075900150
Q75477879	6000000020075953116
Q75477975	6000000003249586551
Q75477979	6000000003249566652
Q75477986	6000000043211089077
Q75478051	6000000028385318065
Q75478125	6000000028385374043
Q75478131	6000000057322252900
Q75478141	6000000016507977288
Q75478143	6000000016507656707
Q75478168	6000000047603455436
Q75478515	6000000075498476022
Q75478531	6000000054366349976
Q75478534	6000000054366676910
Q75478540	6000000054366814837
Q75478594	6000000029242574973
Q75478595	6000000029242659872
Q75478597	6000000086172710931
Q75478598	6000000086173325828
Q75478601	6000000011863690385
Q75478609	6000000011863669514
Q75478613	6000000086173543844
Q75478616	6000000086173635941
Q75478618	6000000086173756841
Q75478632	6000000086290104855
Q75478637	6000000086173545944
Q75478640	6000000086173229132
Q75478642	6000000086173568982
Q75478672	6000000086174001487
Q75478673	6000000086174835254
Q75478710	6000000086225665135
Q75478711	6000000086231202883
Q75478854	6000000003080509025
Q75478855	6000000003080456065
Q75478858	6000000004972496933
Q75478918	6000000003080463051
Q75478919	6000000003080448144
Q75478947	6000000004973160190
Q75478977	6000000004973425504
Q75478981	6000000086296092831
Q75478983	6000000086294505328
Q75478986	6000000029242111285
Q75478987	6000000029242521870
Q75478996	6000000086171676883
Q75478997	6000000086170579082
Q75479003	6000000034678224320
Q75479005	6000000086171952859
Q75479026	6000000034678134501
Q75479154	6000000029240286969
Q75479158	6000000086296402915
Q75479164	6000000086168018924
Q75479165	6000000086168048871
Q75479190	6000000035231510317
Q75479194	6000000035230880479
Q75479200	6000000028463066441
Q75479245	6000000057321987022
Q75479249	6000000057322211861
Q75479546	6000000001856054689
Q75479551	3212860
Q75479579	6000000000882770438
Q75479713	6000000018465892268
Q75479730	6000000092171974920
Q75479771	6000000021843807244
Q75479777	6000000002678845867
Q75479911	6000000007345578000
Q75479912	6000000007245060624
Q75479919	6000000007340443818
Q75479943	6000000047605136183
Q75479954	6000000007146323326
Q75480046	6000000028206086077
Q75480049	6000000035187697118
Q75480058	6000000047603435446
Q75480063	6000000078092663923
Q75480198	6000000078091117101
Q75480228	6000000026373502410
Q75480230	6000000026376209190
Q75480258	6000000035189011903
Q75480273	6000000102668673855
Q75480481	6000000055827987147
Q75480483	6000000055828218875
Q75480492	6000000036674564514
Q75480499	6000000025509466490
Q75480595	6000000031301706721
Q75480621	6000000018071481312
Q75481046	6000000018098323206
Q75481047	6000000028207236441
Q75481060	6000000117928789841
Q75481077	6000000018098070919
Q75481084	6000000078093180882
Q75481088	6000000028207327949
Q75481089	6000000031302227960
Q75481104	6000000078093606832
Q75481114	6000000035188609028
Q75481167	6000000028385420379
Q75481173	6000000028384947649
Q75481190	6000000028384674247
Q75481191	6000000028384689188
Q75481197	6000000028385120676
Q75481200	6000000028384701329
Q75481203	6000000102668565061
Q75481290	6000000102668261085
Q75481303	6000000102668957875
Q75481307	6000000102669212877
Q75481337	6000000102667922232
Q75481353	6000000028385387347
Q75481752	6000000003574559081
Q75481784	6000000084828975918
Q75481817	6000000084828980870
Q75481827	6000000022967811334
Q75481829	6000000099564879827
Q75481868	6000000022967693547
Q75481890	6000000018399757420
Q75481936	6000000018400030935
Q75481943	6000000018399747790
Q75481947	6000000018400025948
Q75481961	6000000001455910073
Q75481973	6000000001455910003
Q75481989	6000000001455908273
Q75482041	6000000018386815629
Q75482044	6000000001375384626
Q75482055	6000000035188424995
Q75482057	6000000001375393330
Q75482059	6000000047603476185
Q75482242	6000000004097627557
Q75482281	6000000001375393350
Q75482283	6000000001375384671
Q75482287	6000000026523785932
Q75482381	6000000039818064950
Q75482382	6000000039817786535
Q75482550	6000000001375393358
Q75482552	6000000110213665845
Q75482610	6000000004097627549
Q75482621	6000000028505168744
Q75482622	6000000028505776910
Q75482637	6000000004098042290
Q75482644	6000000004098042299
Q75482663	6000000028484496004
Q75482664	6000000028484281432
Q75482716	6000000001375393475
Q75482720	6000000001375393618
Q75482755	6000000113122188049
Q75482807	6000000001375393493
Q75482830	6000000001375393501
Q75482844	6000000001375393510
Q75482861	6000000001375393518
Q75482873	6000000001375393534
Q75482941	6000000001375393367
Q75482943	6000000001375384689
Q75483070	6000000001375393376
Q75483071	6000000001375384698
Q75483122	6000000000751429066
Q75483126	6000000000751415100
Q75483293	297824076860001687
Q75483296	297823974720003632
Q75483395	6000000027091184844
Q75483598	6000000075498057154
Q75483607	6000000075498665824
Q75483724	6000000000751273481
Q75483726	6000000000755047039
Q75484064	6000000075309537268
Q75484145	6000000000751110611
Q75484147	6000000000751207312
Q75484543	6000000003099843893
Q75484545	6000000002411884565
Q75484547	6000000003075012078
Q75484549	6000000002293698230
Q75484554	6000000002545804656
Q75484560	6000000001599450704
Q75484562	6000000001599665191
Q75484564	6000000001599628271
Q75484566	6000000001599715138
Q75484570	6000000001599452715
Q75484572	3359444
Q75484573	3359454
Q75484696	6000000018966801353
Q75484710	6000000031962500272
Q75484733	6000000002678805804
Q75484748	6000000029597923236
Q75484751	6000000031962156546
Q75484753	6000000031963793979
Q75484756	6000000019677514645
Q75484761	6000000002678832937
Q75484765	6000000059990276104
Q75484818	6000000017132043431
Q75484822	6000000059991292896
Q75484848	6000000059991332869
Q75484855	6000000001532426310
Q75484868	5608821222030118478
Q75484869	5520970271850033434
Q75484889	6000000016166848205
Q75484893	6000000012797169864
Q75484895	6000000014424951551
Q75484900	6000000012797568375
Q75484909	6000000008231434620
Q75484914	6000000014424993096
Q75484918	6000000014424768567
Q75484925	6000000025510265209
Q75484926	6000000019839549248
Q75484931	6000000041976142541
Q75484934	6000000041976144368
Q75484936	6000000019840321026
Q75484938	6000000019840096247
Q75484941	6000000123045503846
Q75484988	6000000017400549183
Q75484991	6000000000076316279
Q75484999	6000000017901990138
Q75485038	6000000003098003220
Q75485072	6000000047373530602
Q75485083	6000000002235083780
Q75485084	6000000002235295279
Q75485089	6000000028343977980
Q75485095	6000000010360535268
Q75485096	6000000053956919833
Q75485109	6000000019838727985
Q75485113	6000000021224800889
Q75485142	6000000026863230482
Q75485158	6000000014424941747
Q75485292	6000000006954127265
Q75485295	6000000006954295053
Q75485297	332278789140010748
Q75485298	332300423950013823
Q75485303	6000000009737563455
Q75485305	6000000009737604209
Q75485311	6000000004079835426
Q75485328	6000000017208027190
Q75485330	6000000017207999593
Q75485442	6000000025650740098
Q75485453	6000000032053294766
Q75485489	6000000022176524412
Q75485492	6000000013944894668
Q75485500	6000000022176525216
Q75485687	6000000019969234168
Q75485693	6000000013945125440
Q75485694	6000000043041008803
Q75485809	6000000009675099390
Q75485810	6000000052047027216
Q75485815	6000000009675272391
Q75485835	6000000014044488250
Q75485837	6000000047958273145
Q75485878	6000000014726413337
Q75485880	6000000025570977220
Q75485881	6000000014726245641
Q75485971	6000000036675109965
Q75486003	6000000017885023033
Q75486027	6000000036674448754
Q75486085	6000000081119641069
Q75486086	6000000009405008861
Q75486199	6000000006788320111
Q75486203	6000000001877534455
Q75486205	6000000001877493978
Q75486209	6000000001877495252
Q75486253	6000000041154022215
Q75486309	6000000023125585187
Q75486353	6000000019156706419
Q75486354	6000000019156288911
Q75486367	6000000033467663100
Q75486509	6000000036675862267
Q75486511	6000000036675955275
Q75486513	6000000036675588639
Q75486519	6000000036675745484
Q75486526	6000000036676253104
Q75486527	6000000036675447786
Q75486529	6000000036675752701
Q75486542	5551948124520042859
Q75486550	5088293491300070488
Q75486551	5088534510710070543
Q75486558	6000000003891822367
Q75486561	5088363765300135221
Q75486590	6000000036676045109
Q75486592	6000000036676381207
Q75486627	6000000025509569452
Q75486632	6000000047374438875
Q75486753	6000000014283001015
Q75487035	6000000023458320185
Q75487119	6000000034581064542
Q75487167	6000000055828616992
Q7548717	6000000003888963874
Q75487175	6000000055828777888
Q75487176	6000000055828361381
Q75487215	6000000019295540381
Q75487229	6000000021985752097
Q75487230	6000000021985839839
Q75487232	6000000008211108872
Q75487233	6000000021613116649
Q75487247	6000000021675606665
Q75487250	6000000129621820859
Q75487262	6000000173137417120
Q75487267	6000000021675580420
Q75487275	6000000081104199826
Q75487283	6000000021688293496
Q75487285	6000000021690805088
Q75487288	6000000026753758156
Q75487291	6000000021836274221
Q75487294	6000000021690426716
Q75487408	6000000021688296432
Q75487440	6000000092222819869
Q75487536	6000000021222040714
Q75487557	6000000017229491286
Q75487573	351264246460005262
Q75487576	6000000017614499679
Q75487578	6000000079208659924
Q75487599	6000000026552204300
Q75487637	6000000020406449300
Q75487643	6000000024358607665
Q75487698	6000000033186345912
Q75487702	6000000028021086814
Q75487771	6000000115325359821
Q75487778	6000000019357931257
Q75487779	6000000016820509661
Q75487781	6000000031692295825
Q75487785	6000000052066399070
Q75487789	6000000026551817543
Q75487790	6000000026552259393
Q75487830	6000000004191496574
Q75487832	6000000068533804891
Q75487842	6000000034856779241
Q75487853	6000000010381465708
Q75487854	6000000010381223648
Q75487886	6000000055583272511
Q75487904	6000000007992558324
Q75487917	6000000013322874780
Q75487962	6000000042578067126
Q75488013	6000000033303495908
Q75488014	6000000033300114133
Q75488024	6000000014201774344
Q75488045	357369093330006966
Q75488047	6000000002764803243
Q75488083	6000000109763915040
Q75488131	6000000010234745801
Q75488134	6000000010234779748
Q75488137	6000000010293596322
Q75488149	6000000010293675206
Q75488151	6000000018882142107
Q75488152	6000000002115859124
Q75488158	6000000010234843781
Q75488211	6000000026559564994
Q75488229	6000000010234843777
Q75488233	6000000010234843785
Q75488235	6000000010232579970
Q75488352	6000000024905251612
Q75488358	6000000001299326686
Q75488393	6000000001599255169
Q75488396	6000000001599357433
Q75488397	6000000001599401187
Q75488399	6000000001599248479
Q75488401	6000000001844744257
Q75488404	6000000001844778695
Q75488406	6000000001844561828
Q75488408	6000000001844962054
Q75488423	6000000001845002019
Q75488428	6000000001844950859
Q75488430	6000000001845111061
Q75488450	6000000001621959051
Q75488451	6000000002545804797
Q75488454	6000000002545918239
Q75488457	6000000002545918251
Q75488459	6000000004253470144
Q75488460	6000000002545918275
Q75488461	6000000002545918298
Q75488466	6000000002545918317
Q75488476	6000000002891217784
Q75488478	6000000001791808950
Q75488479	6000000001816977313
Q75488480	6000000032873453042
Q75488482	6000000019415301047
Q75488485	6000000083454703670
Q75488491	6000000001621953506
Q75488492	6000000019654409161
Q75488518	6000000026435118818
Q75488543	6000000032936120459
Q75488556	6000000001229512779
Q75488557	6000000001229531881
Q75488559	6000000001229566302
Q75488561	6000000077943000950
Q75488562	6000000009274522225
Q75488565	6000000009274119744
Q75488567	6000000009274334732
Q75488605	6000000082792205003
Q75488611	6000000011834600798
Q75488613	6000000017701479600
Q75488619	6000000002703079899
Q75488625	6000000082790746283
Q75488660	6000000117539462821
Q75488704	6000000083307208377
Q75488706	6000000083308147833
Q75488722	6000000024870458872
Q75488759	6000000006444768528
Q75488778	6000000030993028843
Q75488787	6000000030992683366
Q75488788	6000000072089208962
Q75488792	6000000030992813216
Q75488793	6000000030992952111
Q75488835	6000000004671609599
Q75488887	6000000032936011757
Q75488889	6000000034372154857
Q75488899	6000000024681005572
Q75488901	6000000020414655980
Q75488904	6000000020414267568
Q75488907	6000000004079820675
Q75488911	6000000004079820658
Q75488935	6000000025430798905
Q75488937	6000000034371731230
Q75488939	6000000011072152451
Q75488955	6000000034371995884
Q75488972	6000000055499066097
Q75489047	6000000032936220501
Q75489071	6000000055501469833
Q75489110	6000000029601981665
Q75489111	6000000055862507821
Q75489121	6000000039107722064
Q75489124	6000000012188634350
Q75489127	6000000039106977350
Q75489144	6000000044669899987
Q75489195	6000000032936639122
Q75489203	6000000057049326935
Q75489356	6000000013536181786
Q75489363	6000000029602544165
Q75489404	6000000013719930212
Q75489420	6000000016146379392
Q75489423	6000000015139821782
Q75489479	6000000009938178707
Q75489480	6000000009939225742
Q75489498	6000000009939387495
Q75489501	6000000009939387510
Q75489520	6000000004382495911
Q75489524	6000000000897512189
Q75489535	6000000012607811371
Q75489539	6000000015353951021
Q75489547	6000000015353882167
Q75489569	6000000006444360495
Q75489573	6000000006450581328
Q75489574	6000000014496031642
Q75489590	6000000013510967163
Q75489604	6000000017581520397
Q75489623	6000000013654016017
Q75489631	6000000021612640323
Q75489644	5410556621820115835
Q75489648	6000000006605844406
Q75489656	6000000024517845429
Q75489658	6000000024518014935
Q75489660	6000000078135405068
Q75489670	6000000024518902707
Q75489674	6000000024519559916
Q75489675	6000000024527460864
Q75489676	6000000022189120449
Q75489685	6000000015140030070
Q75489698	6000000017418973856
Q75489699	6000000017418973862
Q75489703	6000000017418882366
Q75489762	6000000016251758631
Q75489865	6000000100900769836
Q75489882	6000000029642213000
Q75489883	6000000029642049071
Q75489890	6000000015139394173
Q75489893	6000000015139328772
Q75489894	6000000013715215144
Q75489935	6000000022923217433
Q75489968	6000000020390191801
Q75490092	6000000001254512201
Q75490119	6000000001254520698
Q75490126	6000000001254506747
Q75490135	6000000001254487213
Q75490138	6000000001254485564
Q75490222	6000000001254492863
Q75490226	6000000001254495814
Q75490244	6000000001254503917
Q75490258	6000000025754647706
Q75490260	6000000023780514018
Q75490263	6000000013466618627
Q75490276	6000000023773308290
Q75490277	6000000025755760021
Q75490283	6000000021607234101
Q75490288	6000000021609738305
Q75490300	6000000000783712442
Q75490307	6000000012466005611
Q75490319	6000000114814514092
Q75490320	6000000114815509894
Q75490339	6000000005411642252
Q75490343	6000000005411642327
Q75490358	6000000026518032665
Q75490359	6000000026482100128
Q75490389	6000000036033655032
Q75490391	6000000036033321717
Q75490396	6000000067899193845
Q75490402	6000000016865600279
Q75490406	6000000021051755781
Q75490407	6000000002776984500
Q75490410	6000000009258002691
Q75490411	6000000009257924761
Q75490412	6000000002777069512
Q75490414	320587804220007016
Q75490416	6000000025082401484
Q75490418	6000000028652793231
Q75490418	6000000067898478896
Q75490420	6000000028653008893
Q75490422	6000000009267984789
Q75490423	5223251630270080264
Q75490425	5223261073240062873
Q75490427	6000000024920921947
Q75490428	4689286929110066857
Q75490431	6000000008492566666
Q75490432	6000000008853045848
Q75490434	6000000001356519903
Q75490437	5486144442810113370
Q75490437	6000000107827744844
Q75490439	6000000000133794844
Q75490442	6000000017453939218
Q75490445	6000000007601797759
Q75490446	6000000005417580126
Q75490448	6000000003747512427
Q75490450	6000000000209548302
Q75490451	6000000000664597674
Q75490461	296159950640007948
Q75490462	6000000000770062475
Q75490466	6000000008266733520
Q75490467	6000000002179619155
Q75490473	6000000005741100494
Q75490480	6000000000516403803
Q75490481	6000000000485385694
Q75490483	6000000001170528140
Q75490485	6000000008584380785
Q75490517	6000000029409066761
Q75490520	6000000016881999692
Q75490524	6000000014586497214
Q75490538	6000000054378348275
Q75490547	6000000010502416347
Q75490580	6000000030883216062
Q75490586	6000000012435693122
Q75490598	6000000057023962972
Q75490599	6000000017062733677
Q75490605	6000000000986823067
Q75490611	6000000000986753189
Q75490655	6000000026468697941
Q75490657	6000000026468703077
Q75490659	6000000011696667413
Q75490667	6000000026469356940
Q75490676	6000000103229339826
Q75490689	6000000016035339476
Q75490695	6000000030620283290
Q75490794	6000000017448762243
Q75490898	6000000076839794260
Q75490899	6000000012543883544
Q75490954	6000000030888869821
Q75490960	6000000030888914874
Q75490964	6000000014940071573
Q75490965	6000000034692357509
Q75490983	6000000116383903850
Q75491015	6000000121054999010
Q75491017	6000000121055910893
Q75491057	6000000030888841919
Q75491059	6000000030888982874
Q75491060	6000000030888816986
Q75491061	6000000030889046945
Q75491087	6000000019988374578
Q75491159	6000000037356265176
Q75491337	6000000013428755358
Q75491539	6000000025756060865
Q75491540	6000000023773228400
Q75491541	6000000025755998917
Q75491952	6000000000900429020
Q75491954	6000000000900429102
Q75491964	6000000000900429075
Q75491965	6000000023531780702
Q75492088	6000000019242506722
Q75492104	6000000031038432941
Q75492167	6000000006921497928
Q75492195	6000000034425945951
Q75492196	6000000002106742516
Q75492198	6000000002106742523
Q75492205	6000000002106742509
Q75492206	6000000002106742557
Q75492218	6000000002106742564
Q75492225	6000000013427731916
Q75492227	6000000013427737757
Q75492230	6000000034424963305
Q75492235	6000000054261479891
Q75492237	6000000054261918821
Q75492241	6000000047372461022
Q75492254	6000000002106738763
Q75492258	6000000002106738673
Q75492259	6000000057784090919
Q75492267	6000000011399444076
Q75492277	6000000002106742488
Q75492278	6000000057219631917
Q75492337	6000000002106742495
Q75492343	6000000054266796833
Q75492443	6000000006602648400
Q75492450	6000000011595350112
Q75492456	6000000011595515466
Q75492478	6000000010228786352
Q75492492	6000000002979903770
Q75492508	6000000030855140202
Q75492511	6000000009756437862
Q75492515	6000000015730574982
Q75492516	6000000015730901455
Q75492517	6000000015730982399
Q75492519	6000000015730794421
Q75492524	6000000015730365933
Q75492547	6000000019544197451
Q75492558	6000000011595535429
Q75492565	5240501875390128663
Q75492566	5240501910560128669
Q75492569	4983539420660108519
Q75492570	6000000006602669392
Q75492622	6000000056444460842
Q75492637	6000000022831328979
Q75492640	6000000022829859809
Q75492642	6000000022830334361
Q75492643	6000000023231381411
Q75492648	6000000022831145999
Q75492720	6000000030994410224
Q75492724	6000000017885238083
Q75492743	6000000006854257992
Q75492747	6000000006854618723
Q75492758	6000000030994409418
Q75492795	6000000034425836582
Q75492796	6000000015654146281
Q75492799	6000000042503207905
Q75492800	6000000009513483494
Q75492806	6000000054259775893
Q75492813	6000000054261155875
Q75492817	6000000054263386827
Q75492818	6000000054263739845
Q75492820	6000000054260107821
Q75492822	6000000031160687370
Q75492827	6000000054261408900
Q75492829	6000000034424734265
Q75492836	6000000034426231935
Q75492840	6000000054261088004
Q75492843	6000000034426318875
Q75492844	6000000054261643821
Q75492853	6000000007465258493
Q75493069	6000000015853726874
Q75493082	6000000014711178001
Q75493096	6000000014711027294
Q75493104	6000000044018010788
Q75493106	6000000021593124374
Q75493133	6000000033196935823
Q75493140	6000000042198805982
Q75493142	6000000007027051167
Q75493149	6000000007035141538
Q75493176	6000000015853916506
Q75493177	6000000035995826532
Q75493179	6000000035995939995
Q75493180	6000000035995870252
Q75493184	6000000035996170829
Q75493189	6000000022991619271
Q75493198	6000000022992853942
Q75493199	6000000022992695967
Q75493203	6000000022991478583
Q75493205	6000000053114954830
Q75493206	6000000025616003289
Q75493210	6000000004357441681
Q75493227	6000000001299294910
Q75493229	6000000022991423545
Q75493232	6000000022993464277
Q75493244	6000000051520064060
Q75493246	6000000051520436863
Q75493253	6000000051520058213
Q75493257	6000000016578513882
Q75493261	6000000035995856283
Q75493264	6000000006413024514
Q75493268	6000000035996063824
Q75493275	6000000001299359205
Q75493283	6000000002188536451
Q75493294	6000000051520658843
Q75493304	6000000033362655584
Q75493312	6000000051520344117
Q75493316	6000000027000292902
Q75493317	6000000028223088573
Q75493331	6000000051520224059
Q75493352	6000000006860670235
Q75493576	6000000010222791025
Q75493609	6000000003904565516
Q75493681	6000000020382425232
Q75493696	6000000002580592769
Q75493705	6000000006444392845
Q75493794	6000000016541582541
Q75493803	6000000014386894196
Q75493813	6000000014386929266
Q75493815	6000000014370725254
Q75493921	6000000014656638901
Q75493950	6000000014656987199
Q75494033	6000000014657105755
Q75494143	6000000025593011802
Q75494157	6000000025593785320
Q75494381	6000000007014445862
Q75494385	6000000007014468835
Q75494464	6000000006583106013
Q75494466	6000000006583009180
Q75494495	6000000004973559801
Q75494523	6000000006582354948
Q75494526	6000000006582758310
Q75494564	6000000013538164292
Q75494595	6000000030952766970
Q75494597	6000000030952809904
Q75494712	6000000006803245420
Q75494717	6000000002673019604
Q75494719	6000000000862321787
Q75494720	6000000003714086968
Q75494723	6000000006476177001
Q75494724	6000000002072680021
Q75494725	6000000004291358167
Q75494729	6000000000579925581
Q75494731	6000000000579930577
Q75494732	6000000006253500832
Q75494734	6000000007562348763
Q75494742	6000000006906876975
Q75494744	6000000006444307489
Q75494751	6000000004880854779
Q75494768	6000000012645820068
Q75494798	6000000003266326774
Q75494799	6000000003210329716
Q75494801	6000000000350946698
Q75494803	6000000000350946881
Q75494805	6000000006255301031
Q75494806	6000000005784625307
Q75494811	6000000001735727635
Q75494812	6000000001532096436
Q75494816	6000000002401512275
Q75494818	6000000002401507988
Q75494856	6000000006444307518
Q75494887	6000000023247294873
Q75494900	6000000023247104204
Q75494961	6000000011547499701
Q75494964	6000000011547792247
Q75494978	6000000022471485518
Q75495011	6000000024499053842
Q75495016	6000000063642413946
Q75495026	6000000036734359827
Q75495030	6000000026011392715
Q75495043	6000000024481720576
Q75495073	6000000002188674423
Q75495078	6000000009553839422
Q75495091	6000000024474744969
Q75495104	6000000024474759004
Q75495115	6000000024474541394
Q75495116	6000000024474765884
Q75495133	6000000013237391431
Q75495141	6000000041172274712
Q75495192	6000000017802094456
Q75495276	6000000007429563210
Q75495283	6000000076395384911
Q75495284	6000000003795303276
Q75495303	6000000053914459902
Q75495306	6000000086900276950
Q75495319	6000000006860833139
Q75495322	6000000024474116613
Q75495324	6000000024305960687
Q75495353	6000000023375379527
Q75495372	6000000024474066316
Q75495381	6000000024479222319
Q75495385	6000000024473933517
Q75495386	6000000024474126329
Q75495399	6000000024482198101
Q75495404	6000000024474423893
Q75495407	6000000024474334092
Q75495408	6000000024474135574
Q75495410	6000000027579450104
Q75495412	6000000027589365286
Q75495418	6000000025997867076
Q75495445	6000000025998004902
Q75495530	6000000024474421002
Q75495533	6000000030850292130
Q75495534	6000000030850415963
Q75495541	6000000030793337984
Q75495542	6000000030794095398
Q75495546	6000000030793405871
Q75495547	6000000030794068191
Q75495549	6000000030850770324
Q75495604	6000000030850345506
Q75495611	6000000030850834861
Q75495635	6000000024481853831
Q75495638	6000000009357438580
Q75495663	6000000030994754296
Q75495667	6000000014940125190
Q75495669	6000000014940153027
Q75495691	6000000031352433026
Q75495693	6000000031352946987
Q75495696	6000000022118453858
Q75495724	6000000030995101185
Q75495725	6000000030994944133
Q75495727	6000000024479722195
Q75495733	6000000025997696218
Q75495738	6000000015284289808
Q75495814	6000000031018257044
Q75495816	6000000053788606892
Q75495818	6000000025450197139
Q75495838	6000000024479382114
Q75495851	6000000031018708933
Q75495854	6000000024474177225
Q75495858	6000000024479604004
Q75495864	6000000025997928309
Q75495880	6000000025997812784
Q75495882	6000000025997996000
Q75495887	6000000025997928802
Q75495907	6000000025997936098
Q75495923	6000000027579067595
Q75495924	6000000032140547904
Q75495931	6000000030999652985
Q75495933	6000000030999616238
Q75495935	6000000030999735046
Q75495964	6000000030999773004
Q75495971	6000000010344566885
Q75496157	6000000036895694911
Q75496170	6000000036894825030
Q75496178	6000000036895651821
Q75496183	6000000036895967989
Q75496757	6000000011105997396
Q75496759	6000000018342472687
Q75496761	6000000000914142862
Q75496819	6000000031237397323
Q75496822	6000000031237242364
Q75496823	6000000003326568929
Q75496856	6000000015285631583
Q75496867	6000000035824113795
Q75496893	6000000022250707878
Q75496915	6000000008136901266
Q75496939	6000000022250425628
Q75496945	6000000083617124897
Q75496946	6000000083616841250
Q75496957	6000000023315025376
Q75496959	6000000038850374076
Q75496969	6000000039285923241
Q75496978	6000000076346457032
Q75496992	6000000009451378708
Q75496994	6000000076346778909
Q75496999	6000000009960032542
Q75497008	6000000013428837284
Q75497056	6000000089844709889
Q75497068	6000000069551726849
Q75497070	6000000019624457216
Q75497072	6000000026319008068
Q75497135	6000000019624533045
Q75497136	6000000026256183779
Q75497139	6000000031888463789
Q75497188	6000000011549140085
Q75497190	6000000009793950946
Q75497528	6000000015089007689
Q75497541	6000000025609250437
Q75497545	6000000025609486981
Q75497547	6000000025609434849
Q75497554	6000000025608984545
Q75497559	6000000086773117049
Q75497560	6000000086773346891
Q75497564	6000000025608625501
Q75497566	6000000024544474283
Q75497572	6000000034850385008
Q75497574	6000000034850136936
Q75497586	6000000073823463892
Q75497588	6000000025609464933
Q75497589	6000000025608764697
Q75497590	6000000025609326112
Q7549768	6000000070266269896
Q75497717	6000000000045373295
Q75497718	6000000000045183946
Q75497731	6000000001745453574
Q75497767	348003817640012627
Q75497771	6000000006444557196
Q75497807	6000000002337379260
Q75497818	6000000019172654141
Q75497820	6000000024079547077
Q75497822	6000000024079408163
Q75497828	6000000024079421411
Q75497834	6000000024079464200
Q75497868	6000000026875296973
Q75497888	6000000009437436178
Q75497890	6000000003334838300
Q75497895	6000000013395883194
Q75497911	6000000013053472731
Q75497949	6000000015585272435
Q75497954	6000000015585185975
Q75497956	6000000024695721178
Q75497988	6000000028239010876
Q75498047	6000000097506791903
Q75498057	6000000094056815852
Q75498061	6000000014897666525
Q75498078	6000000022451129159
Q75498255	6000000028070128663
Q75498558	6000000013993626704
Q75498566	6000000014052633767
Q75498570	6000000014053864825
Q75498571	6000000014056277803
Q75498574	6000000014053097659
Q75498575	6000000014056694168
Q75498648	6000000014049630193
Q75498672	6000000014049364909
Q75498736	6000000013053506707
Q75498750	6000000013053672359
Q75499074	6000000055405458859
Q75499077	6000000031009148853
Q75499098	6000000023194343103
Q75499105	6000000023195071910
Q75499107	6000000031653069937
Q75499108	6000000031652467104
Q75499287	6000000023195611846
Q75499301	6000000082819334876
Q75499318	6000000015357622794
Q75499337	6000000025822617145
Q75499359	6000000031058010229
Q75499389	6000000009316264519
Q75499391	6000000012921736206
Q75499421	6000000034311265871
Q75499435	6000000002115890705
Q75499445	6000000031009489216
Q75499452	6000000031009555165
Q75499495	6000000024557827692
Q75499546	6000000024558160834
Q75499553	6000000024558011166
Q75499815	6000000033211005095
Q75499816	6000000033211019113
Q75499848	6000000015888829512
Q75499954	6000000016055560545
Q75499954	6000000046909957937
Q75499957	6000000016055809486
Q75499959	6000000013041102820
Q75499962	6000000013041485698
Q75499963	6000000016275850935
Q75499964	6000000013018771316
Q75499966	6000000031752605868
Q75499970	6000000031753151821
Q75499971	6000000043268418106
Q755	6000000032526570878
Q75500015	6000000016055906084
Q75500015	6000000046909673041
Q75500016	6000000010191847603
Q75500016	6000000046909082180
Q75500021	6000000009475688710
Q75500023	6000000078549546999
Q75500023	6000000095480798859
Q75500024	6000000078550050922
Q75500026	6000000016055738337
Q75500028	6000000095479141085
Q75500032	6000000013041520413
Q75500035	6000000025227031436
Q75500037	6000000013041504540
Q75500039	6000000007110907232
Q75500039	6000000025227731537
Q75500040	6000000013040973031
Q75500044	6000000013523031084
Q75500052	6000000016048361991
Q75500054	6000000016048541215
Q75500070	6000000056445942938
Q75500071	6000000056446593821
Q75500072	6000000013371491983
Q75500076	6000000013018396680
Q75500189	6000000013024223024
Q75500197	6000000031752341034
Q75500198	6000000014108021891
Q75500202	6000000048001891411
Q75500222	6000000031753079876
Q75500245	6000000016923081199
Q75500259	6000000023970028753
Q75500262	6000000016911835578
Q75500263	6000000016912034997
Q75500268	6000000022012897604
Q75500269	6000000004881711112
Q75500272	6000000016912226686
Q75500273	6000000016912309512
Q75500274	6000000016980260174
Q75500281	6000000003967177883
Q75500292	6000000016911969888
Q75500295	6000000054822350992
Q75500394	6000000016909167368
Q7550042	6000000105751249821
Q75500507	6000000026510269650
Q75500508	6000000026513438950
Q75500515	6000000078472299006
Q75500518	6000000035910848441
Q75500544	6000000013616927146
Q75500545	6000000013616158860
Q75500553	6000000013617618212
Q75500556	6000000013616149890
Q75500558	6000000035911639296
Q75500561	6000000035911800246
Q75500564	6000000035911796107
Q75500565	6000000035911908035
Q75500604	6000000033645441426
Q75500614	6000000033645514327
Q75500619	6000000013617623692
Q75500621	6000000010209074375
Q75500630	6000000033645539459
Q75500651	6000000013617621447
Q75500670	6000000074700564069
Q75500678	6000000013617458341
Q75500683	6000000013167124003
Q75500685	6000000009119827573
Q75500688	6000000009123790915
Q75500702	6000000006201293455
Q75500703	6000000002311778883
Q75500704	6000000007297223920
Q75500707	6000000002684770797
Q75500709	6000000002760891499
Q75500719	6000000003099832177
Q75500721	6000000002807205331
Q75500839	6000000009124571975
Q75500840	6000000002293672540
Q75500848	6000000005826160018
Q75500849	6000000005825220017
Q75500850	6000000005823014011
Q75500853	6000000005824903001
Q75500854	6000000002073536534
Q75500855	6000000083183804005
Q75500857	6000000008779218388
Q75500858	6000000003653723593
Q75500860	6000000000909283399
Q75500861	6000000010620693011
Q75500862	6000000006119810013
Q75500864	6000000008176379052
Q75500868	6000000009127173701
Q75500873	6000000005843381001
Q75500879	6000000037136967298
Q75500892	6000000006201332079
Q75500893	6000000002411806725
Q75500915	6000000024830913137
Q75500919	6000000012646444755
Q75500932	6000000021841220311
Q75500937	6000000016275863021
Q75500946	6000000016276745597
Q75500949	6000000016276761745
Q75501	6000000025585110058
Q75501038	6000000003099644955
Q75501040	6000000003099874177
Q75501042	6000000003099874184
Q75501043	6000000008090547828
Q75501047	6000000001222245958
Q75501054	6000000093839053940
Q75501058	6000000093838527087
Q75501071	6000000096051849062
Q75501081	6000000027651419592
Q75501083	6000000027651842051
Q75501089	6000000053445053872
Q75501090	6000000075401021895
Q75501101	6000000009485731240
Q75501103	6000000000769872569
Q75501105	6000000006444183428
Q75501113	6000000001746773294
Q75501118	6000000001772341382
Q75501123	6000000007286704883
Q75501125	6000000002238995175
Q75501128	302331485380002953
Q75501158	6000000008269309242
Q75501160	6000000006444082379
Q75501206	6000000011495278592
Q75501283	6000000003257686178
Q75501289	6000000056941780007
Q75501293	6000000001498935829
Q75501330	6000000084358269086
Q75501378	6000000010879192049
Q75501391	6000000011518555022
Q75501395	6000000055608480332
Q75501440	6000000002805878030
Q75501505	6000000175882359866
Q75501511	6000000013018645351
Q75501521	6000000019714222114
Q75501522	6000000018028015561
Q75501574	6000000012994818957
Q75501575	6000000012994789722
Q75501576	6000000013374658840
Q75501582	6000000012994969521
Q75501584	6000000012995114229
Q75501594	6000000012995190380
Q75501600	6000000036266242823
Q75501609	6000000020787171131
Q75501625	6000000023080998938
Q75501627	6000000078135405063
Q75501638	6000000082665797153
Q75501645	6000000082665687020
Q75501671	6000000010042937969
Q75501688	6000000010042778033
Q75501702	6000000012995252389
Q75501703	6000000012995084723
Q75501711	6000000012999941228
Q75501714	6000000012999938357
Q75501716	6000000012999592986
Q75501717	6000000012999940349
Q75501718	6000000012999934359
Q75501724	6000000034235867158
Q75501791	6000000037671293092
Q75501823	6000000013679233214
Q75501828	6000000070406467913
Q75501879	6000000013235533406
Q75501899	6000000038150794330
Q75501924	6000000016995673454
Q75501926	6000000069512015916
Q75501941	6000000055515135880
Q75501976	6000000018026127503
Q75502030	6000000033333210495
Q75502031	6000000014932653148
Q75502108	6000000021194102854
Q75502120	6000000010191536161
Q75502120	6000000046910485829
Q75502130	6000000007110904201
Q75502130	6000000025227762580
Q75502134	6000000007456715809
Q75502135	6000000018342396710
Q75502137	6000000014108535727
Q75502152	6000000018028165187
Q75502158	6000000018027737793
Q75502178	6000000057178805891
Q75502181	6000000054454295918
Q75502199	6000000013522664433
Q75502202	6000000018028210185
Q75502214	6000000002116013944
Q75502387	6000000001369450332
Q75502402	6000000012413143650
Q75502410	6000000013235447081
Q75502420	6000000005228203038
Q75502428	6000000029365833666
Q75502441	6000000052351172862
Q75502442	6000000027911707669
Q75502444	6000000052351314842
Q75502449	6000000002760411068
Q75502451	6000000015859318161
Q75502453	6000000052351673854
Q75502455	6000000052351318153
Q75502458	6000000052351687857
Q75502463	6000000052351198924
Q75502465	6000000052350373444
Q75502471	6000000052351178970
Q75502482	6000000055610892155
Q75502486	6000000013235883597
Q75502488	6000000005220506505
Q75502558	6000000021322606407
Q75502560	6000000021428555692
Q75502564	6000000003216046993
Q75502566	6000000003216044971
Q75502568	6000000003216090221
Q75502575	6000000021321158720
Q75502625	6000000050550874988
Q75502626	6000000050551204825
Q75502629	6000000050551144836
Q75502643	6000000071556205038
Q75502645	6000000028726502895
Q75502725	6000000032321666858
Q75502728	6000000032788884006
Q75502778	6000000032321230701
Q75502781	6000000071556227984
Q75502815	6000000016164389163
Q75502817	6000000016164441153
Q75502831	6000000050550784066
Q75502899	6000000038150862310
Q75502919	6000000017361738238
Q75502924	6000000024715996909
Q75502926	6000000023760531394
Q75502928	6000000023760620078
Q75502930	6000000023760623031
Q75502932	6000000023760429290
Q75502934	6000000023760527007
Q75502935	6000000023760556905
Q75502945	6000000014048164604
Q75502956	6000000038980090767
Q75502997	6000000073581540961
Q75503	6000000080077316869
Q75503000	6000000073581753834
Q75503011	6000000068583827859
Q75503078	6000000005761033073
Q75503123	6000000002805892387
Q75503134	6000000055827843979
Q75503136	6000000055828012125
Q75503157	6000000000460623409
Q75503183	6000000055827244946
Q75503315	6000000034382990877
Q75503316	6000000034381629599
Q75503358	6000000005761051115
Q75503437	6000000013644084479
Q75503438	6000000011614229485
Q75503448	6000000011626280274
Q75503452	6000000011626284449
Q75503498	6000000031010703871
Q75503500	6000000031801632078
Q75503506	6000000031010629164
Q75503508	6000000136537395913
Q75503574	5425452169160027382
Q75503639	6000000022015937225
Q75503655	6000000022015920407
Q75503657	6000000022015896652
Q75503667	6000000121906716473
Q75503669	6000000033596915158
Q75503677	6000000033612247848
Q75503686	6000000039939743425
Q75503687	6000000039939925054
Q75503691	6000000033611527215
Q75503713	6000000121908204999
Q75503714	6000000076825760672
Q75503756	6000000022017595350
Q75503758	6000000022012824816
Q75503760	6000000022013054130
Q75503762	6000000022012856818
Q75503770	6000000022013240396
Q75503777	6000000005761025148
Q75503951	6000000019281922387
Q75503980	6000000076950335934
Q75503981	6000000076950673903
Q75503982	6000000076976508332
Q75504020	6000000076977362131
Q75504040	6000000021104595886
Q75504231	6000000015334242608
Q75504260	6000000013545279137
Q75504263	6000000033637880098
Q75504267	6000000033637151240
Q75504268	6000000120665807922
Q75504269	6000000120666332827
Q75504271	6000000120665757082
Q75504327	6000000015354167660
Q75504336	6000000025169689830
Q75504338	6000000015724349605
Q75504351	6000000025592705488
Q75504352	6000000021718507425
Q75504357	6000000021718338498
Q75504360	6000000021718589192
Q75504362	6000000021718564681
Q75504365	6000000021718690159
Q75504367	6000000021718653034
Q75504433	6000000021718754286
Q75504506	6000000028333913741
Q75504516	6000000008809256401
Q75504517	6000000055799423336
Q75504519	6000000055808335941
Q75504524	6000000055808771863
Q75504555	6000000009924982378
Q75504566	6000000009924725757
Q75504650	6000000055808981046
Q75504653	6000000055809129973
Q75504665	6000000053332779935
Q75504668	6000000053331847062
Q75504672	6000000055806514854
Q75504674	6000000055806376950
Q75504685	6000000055806142069
Q75504717	6000000053332627932
Q75504771	6000000055810863843
Q75504777	6000000055810329246
Q75504781	6000000034552271923
Q75504818	6000000015354332985
Q75504820	6000000044176702909
Q75504825	6000000044176739952
Q75504828	6000000044176783904
Q75504834	6000000120991320220
Q75504904	6000000053312681885
Q75504923	6000000120851296983
Q75504927	6000000120847771007
Q75504934	6000000120850343097
Q75504937	6000000120851739918
Q75504938	6000000120851635927
Q75504945	6000000013545397415
Q75504946	6000000013544825453
Q75504950	6000000053312228934
Q75504951	6000000013545283195
Q75504952	6000000013545056987
Q75505012	6000000120851502875
Q75505155	6000000017475020094
Q75505173	6000000016983716920
Q75505199	6000000016995664591
Q75505203	6000000093904002837
Q75505210	6000000016996045006
Q75505237	6000000017002337838
Q75505240	6000000069486353828
Q75505276	6000000002263836934
Q75505395	6000000002757369609
Q75505459	6000000002864354910
Q75505784	6000000021105382888
Q75506041	6000000035600089921
Q75506058	6000000077101058379
Q75506199	6000000002263838692
Q75506200	6000000002263856061
Q75506281	6000000002263836922
Q75506299	6000000028380402432
Q75506320	6000000024860555591
Q75506331	6000000007125856312
Q75506332	6000000007125883327
Q75506347	6000000008439541408
Q75506353	6000000007089549247
Q75506385	6000000002831284580
Q75506392	6000000035599693119
Q75506406	6000000035601280845
Q75506424	6000000035601385877
Q75506428	6000000035599699452
Q75506440	6000000008700101317
Q75506451	6000000008681354166
Q75506473	6000000010910792436
Q75506686	6000000008310263758
Q75506695	6000000008317717374
Q75506703	6000000009646430686
Q75506714	6000000035411327628
Q75506715	6000000035412272061
Q75506745	6000000015134375630
Q75506752	6000000015133788482
Q75506753	6000000015134591114
Q75506801	6000000003145391701
Q75506844	6000000017854271214
Q75506845	6000000017854923318
Q75506874	6000000009590720331
Q75506878	6000000009590477821
Q75506883	6000000009590725287
Q75506886	6000000009590271197
Q75506920	6000000009590783315
Q75506934	6000000009590806283
Q75506945	6000000090325023949
Q75507235	6000000044754105895
Q75507243	6000000044754378019
Q75507245	6000000044754534934
Q75507254	6000000003530151924
Q75507269	6000000044755209885
Q75507272	6000000044755224943
Q75507278	6000000044755154919
Q75507282	6000000044732766033
Q75507284	6000000044733161901
Q75507324	6000000044675255872
Q75507330	6000000044726338848
Q75507332	6000000044726459821
Q75507378	6000000014310631549
Q75507406	6000000014316132211
Q75507427	6000000002625057676
Q75507431	6000000024179641821
Q75507476	6000000024177058515
Q75507489	6000000024172624506
Q75507492	6000000014314534304
Q75507497	6000000070175948376
Q75507526	6000000038302544992
Q75507559	6000000015405911610
Q75507561	6000000009313129152
Q75507562	6000000039927617419
Q75507569	6000000016172038631
Q75507572	6000000009285183443
Q75507585	6000000024458508305
Q75507588	6000000024458659211
Q75507604	6000000013619231098
Q75507622	6000000002115838343
Q75507638	6000000009923712689
Q75507662	6000000020382221303
Q75507663	6000000010411415291
Q75507691	6000000039007865163
Q75507712	6000000020382258385
Q75507715	6000000020381797724
Q75507716	6000000010880035341
Q75507722	6000000002831284533
Q75507732	6000000014039875587
Q75507736	6000000003225138444
Q75507737	6000000014040681121
Q75507738	6000000003225375097
Q75507742	6000000003226235127
Q75507745	6000000058981334830
Q75507756	6000000003226580964
Q75507821	6000000038435696110
Q75507830	6000000004079835505
Q75507834	6000000016300740477
Q75507838	6000000004012485391
Q75507840	6000000005598776774
Q75507841	6000000029896946823
Q75507868	6000000009284760929
Q75507895	6000000030351493283
Q75507896	6000000030351620839
Q75507899	6000000030351035666
Q75507927	6000000010392768099
Q75507957	6000000008519039340
Q75507960	6000000008518288305
Q75507962	6000000008490096702
Q75508028	6000000035966436318
Q75508030	6000000035966525098
Q75508041	6000000100801286555
Q75508042	6000000100801285996
Q75508077	6000000033484977074
Q75508246	6000000003419373443
Q75508248	6000000003419260965
Q75508249	6000000002059462518
Q75508251	6000000001335127145
Q75508254	322334003430002359
Q75508256	6000000002824612574
Q75508256	6000000009554555782
Q75508258	6000000036651202972
Q75508271	6000000002824612140
Q75508271	6000000191708401887
Q75508275	6000000001223430240
Q75508288	6000000009274628051
Q75508323	6000000015594528284
Q75508325	6000000002447290888
Q75508330	6000000004366996050
Q75508333	6000000002447290896
Q75508334	6000000003615582341
Q75508341	6000000001430190348
Q75508354	6000000007788726579
Q75508358	6000000015594452547
Q75508360	6000000015594772175
Q75508378	6000000003615845540
Q75508384	6000000008354944734
Q75508385	6000000015594771299
Q75508391	6000000003419477081
Q75508392	6000000003419413582
Q75508395	6000000013558404113
Q75508396	6000000003419407354
Q75508397	6000000028605973264
Q75508453	6000000026255551043
Q75508465	6000000026257038361
Q75508468	6000000026257001572
Q75508501	6000000014734225866
Q75508522	6000000026257179243
Q75508550	6000000046044957988
Q75508554	6000000031619812708
Q75508555	6000000012930301428
Q75508556	6000000017948553868
Q75508592	6000000014129023142
Q75508616	6000000004079698768
Q75508620	6000000004079698812
Q75508621	6000000027524390859
Q75508680	6000000002447205885
Q75508717	6000000010826999648
Q75508719	6000000010826942548
Q75508727	6000000011533849960
Q75508733	6000000010826714985
Q75508734	6000000011534341422
Q75508757	6000000175882390822
Q75508870	6000000089839558945
Q75509029	6000000008457575376
Q75509044	5579155750760039480
Q75509065	6000000091359091757
Q75509095	6000000005105267348
Q75509102	6000000005140965001
Q75509103	6000000005141177009
Q75509161	6000000089839559037
Q75509162	6000000089839558894
Q75509164	6000000089838477625
Q75509222	6000000008258718956
Q75509223	6000000008259111381
Q75509227	6000000089839559007
Q75509238	6000000089839558993
Q75509240	6000000089839559045
Q75509242	6000000089839559051
Q75509246	6000000008259103077
Q75509260	6000000012155170942
Q75509284	6000000002380849092
Q75509298	6000000023183434571
Q75509306	6000000001156888088
Q75509310	6000000002379572800
Q75509321	6000000086090271153
Q75509328	5287209712260069358
Q75509333	6000000001572076650
Q75509391	6000000012214553697
Q75509538	6000000040749578968
Q75509539	6000000040749313328
Q75509551	6000000013734979892
Q75509632	6000000048636602315
Q75509650	6000000025809058901
Q75509653	6000000025808873512
Q75509737	6000000047922737881
Q75509743	6000000047911955025
Q75509755	6000000047911578172
Q75509771	6000000047909574051
Q75509774	6000000047918638935
Q75509777	6000000186252144827
Q75509863	6000000025141352930
Q75509871	6000000021595545607
Q75509874	6000000021595803107
Q75509875	6000000025141257017
Q75509891	6000000012869975481
Q75509901	6000000027638503964
Q75509903	6000000027065655088
Q75509918	6000000002115887245
Q75509932	6000000000732223799
Q75509932	6000000002459894502
Q75509939	6000000012875256880
Q75509941	6000000012875203654
Q75509942	6000000006581095230
Q75509953	6000000036072650577
Q75509959	6000000036074833318
Q75509982	6000000036074409226
Q75510026	6000000026465008294
Q75510059	6000000026464194624
Q75510060	6000000026464970545
Q75510097	6000000051526150113
Q75510106	6000000024776445617
Q75510119	6000000074687349935
Q75510163	6000000073758773000
Q75510198	6000000012870110279
Q75510199	6000000026606659761
Q75510216	6000000037815001461
Q75510218	6000000037769224036
Q75510225	6000000013255698113
Q75510229	6000000030822742871
Q75510253	6000000018659943256
Q75510263	6000000001877484509
Q75510268	6000000015208472802
Q75510272	6000000015511254035
Q75510277	6000000010869238728
Q75510282	6000000000732332196
Q75510291	6000000024238942208
Q75510296	6000000026981133667
Q75510297	6000000027066180300
Q75510299	6000000027065538246
Q75510307	6000000011519014420
Q75510310	6000000015726011448
Q75510359	6000000017312948717
Q75510467	6000000002820585730
Q75510642	6000000038005754966
Q75510654	6000000015197688748
Q75510659	6000000015198169292
Q75510661	6000000059089583919
Q75510671	6000000059088444833
Q75510678	6000000059089181180
Q75510685	6000000059088007101
Q75510701	6000000059089553954
Q75510706	6000000019581050207
Q75510709	6000000050581323070
Q75510712	6000000050584070862
Q75510719	6000000050584475838
Q75510796	6000000050546114821
Q75510799	6000000050584016829
Q75510803	6000000050583771884
Q75510915	6000000050581860162
Q75510920	6000000050582959084
Q75510932	6000000050583485998
Q75511020	6000000050584687827
Q75511091	6000000023530930855
Q75511096	6000000090177793822
Q75511098	6000000090142916870
Q75511158	6000000050584214885
Q75511253	6000000015198197386
Q75511260	6000000047811440888
Q75511273	6000000047811526032
Q75511274	6000000053130525011
Q75511277	6000000047811593112
Q75511278	6000000047811688009
Q75511307	6000000010373753053
Q75511332	6000000003668235928
Q75511337	6000000006727109351
Q75511341	6000000080643295908
Q75511344	6000000080643897845
Q75511345	6000000080642802158
Q75511359	6000000003657345359
Q75511400	6000000003636082612
Q75511410	6000000003638401393
Q75511442	6000000003635220087
Q75511446	6000000003635164625
Q75511459	6000000003638428332
Q75511461	6000000003658394587
Q75511488	6000000003638336764
Q75511489	6000000003842839431
Q75511491	6000000003692106665
Q75511545	6000000003634995854
Q75511673	6000000003668013643
Q75511676	6000000054462837868
Q75511678	6000000080643213883
Q75511680	6000000080642085399
Q75511681	6000000054462527821
Q75511683	6000000080642087131
Q75511705	6000000003668321464
Q75511708	6000000064049552843
Q75511709	6000000064048737977
Q75511733	6000000015254934160
Q75511748	6000000008994889122
Q75511751	6000000017087284646
Q75511752	6000000031012433093
Q75511761	6000000017087370416
Q75511774	6000000029478092524
Q75511777	6000000012033204448
Q75511780	6000000056418316022
Q75511859	6000000012033293316
Q75512035	6000000011316601087
Q75512037	6000000026486357004
Q75512039	6000000026487376892
Q75512040	6000000011561311249
Q75512048	6000000104618349201
Q75512061	6000000014989182603
Q75512065	6000000027078860083
Q75512067	6000000031011903743
Q75512070	6000000027086141029
Q75512073	6000000027078840223
Q75512076	6000000027085709542
Q75512081	6000000027065210457
Q75512089	6000000027065758977
Q75512098	6000000012501652931
Q75512100	6000000082954348973
Q75512125	6000000026981658018
Q75512127	6000000010373988206
Q75512132	6000000010373955539
Q75512142	6000000027065313978
Q75512145	6000000026981543145
Q75512148	6000000010373488150
Q75512256	6000000038005687821
Q75512258	6000000038005318298
Q75512309	6000000025231835137
Q75512339	6000000017087249463
Q75512340	6000000015928636926
Q75512359	6000000013032878530
Q75512370	6000000002281619056
Q75512469	6000000027078413162
Q75512471	6000000027086238139
Q75512474	6000000027065768865
Q75512481	6000000002188045170
Q75512492	6000000006444360978
Q75512534	6000000028304834831
Q75512535	6000000028304112718
Q75512552	6000000003615434002
Q75512573	6000000039513016717
Q75512649	6000000021623401968
Q75512671	6000000082498093670
Q75512682	6000000017404457592
Q75512725	6000000081984560264
Q75512739	6000000029321414942
Q75512776	6000000011335970686
Q75512780	6000000011336227859
Q75512786	6000000011336063152
Q75512789	6000000016527096820
Q75512858	6000000017362040455
Q75512875	6000000016881128042
Q75512927	6000000018668430379
Q75512955	6000000018668323855
Q75512959	6000000018668501224
Q75512965	6000000016526782524
Q75512966	6000000018668149642
Q75513033	6000000015592352277
Q75513034	6000000015592331572
Q75513036	6000000011336191704
Q75513039	6000000018314987064
Q75513041	6000000011708734597
Q75513042	6000000011709438257
Q75513049	6000000040993976929
Q75513055	6000000019517722512
Q75513074	6000000035098090660
Q75513085	6000000030944622935
Q75513093	6000000055021264871
Q75513098	6000000055021183980
Q75513099	6000000055020832263
Q75513102	6000000090274834988
Q75513112	6000000023909606574
Q75513113	6000000012651584344
Q75513146	6000000046383249119
Q75513154	6000000052149624838
Q75513155	6000000010030240271
Q75513164	6000000020533207568
Q75513168	6000000030938411388
Q75513172	6000000027630948650
Q75513173	6000000027065331500
Q75513178	6000000014637236079
Q75513183	6000000036081769832
Q75513192	6000000046373779215
Q75513196	6000000036080591722
Q75513199	6000000036080654327
Q75513222	6000000053110475031
Q75513239	6000000053087820137
Q75513240	6000000053087699087
Q75513252	6000000056615285876
Q75513255	6000000056594661315
Q75513256	6000000022558679510
Q75513268	6000000002898021446
Q75513292	6000000036291952988
Q75513294	6000000030911678118
Q75513333	6000000022558848208
Q75513335	363285344590012070
Q75513336	363283220930013356
Q75513373	6000000030935495249
Q75513389	6000000030934603227
Q75513411	6000000028129548476
Q75513419	6000000013831392274
Q75513437	6000000030941178256
Q75513463	6000000020013347626
Q75513464	6000000046840170899
Q75513469	6000000046840238885
Q75513734	6000000009849243934
Q75513777	6000000030944843924
Q75513801	6000000089793672828
Q75514085	6000000013499086653
Q75514089	6000000013498881371
Q75514093	6000000013498966234
Q75514094	6000000009238118817
Q75514105	6000000013498367859
Q75514113	6000000013498462421
Q75514119	6000000036293197918
Q75514218	6000000021517946800
Q75514280	6000000029474871192
Q75514364	6000000023718374611
Q75514435	6000000017345017656
Q75514457	6000000000800840152
Q75514490	6000000014319520011
Q75514500	6000000014320682854
Q75514512	6000000039851364886
Q75514543	6000000003814723552
Q75514580	6000000017108476607
Q75514592	6000000080101585964
Q75514593	6000000025516285748
Q75514597	6000000025515787726
Q75514766	6000000015730864891
Q75514768	6000000015731073066
Q75514772	6000000013699974579
Q75514773	6000000013700391204
Q75514777	6000000011518263173
Q75514786	6000000015730996766
Q75514821	6000000010765310591
Q75514826	6000000010765273570
Q75514862	6000000028580611144
Q75514863	6000000028578435821
Q75514892	6000000017307613423
Q75514896	6000000031314885126
Q75514906	6000000007787261186
Q75514908	6000000007787603403
Q75514999	6000000011304594579
Q75515001	6000000011304945270
Q75515014	6000000011305020204
Q75515017	6000000011304879388
Q75515091	6000000019498469727
Q75515095	6000000019498303963
Q75515099	6000000019498303985
Q75515113	6000000031013068463
Q75515123	6000000031012925661
Q75515152	6000000031013310066
Q75515201	6000000009677801076
Q75515205	6000000009677845008
Q75515208	5586606026600086291
Q75515209	5336567692250068643
Q75515211	6000000009681810487
Q75515215	5336537871740085910
Q75515221	5577239509020084913
Q75515282	6000000015877402402
Q75515333	6000000028383067336
Q75515349	6000000083935819304
Q75515814	6000000031853997431
Q75515835	6000000018824875273
Q75515914	6000000018824119193
Q75515936	6000000013054062713
Q75515940	6000000018824918226
Q75516049	6000000047649730951
Q75516055	6000000047650506828
Q75516086	6000000003891068289
Q75516091	6000000030206123851
Q75516094	6000000023458856227
Q75516098	6000000019586408600
Q75516139	6000000009729203139
Q75516143	6000000009729183012
Q75516155	6000000009550053002
Q75516167	6000000050564288159
Q75516173	6000000025346576515
Q75516177	6000000025346927163
Q75516178	6000000025346443715
Q75516193	6000000015884545252
Q75516401	6000000023430133135
Q75516415	6000000000076308577
Q75516457	6000000078484504270
Q75516462	6000000023198321845
Q75516522	6000000013873056185
Q75516530	6000000020978428571
Q75516533	6000000020975815653
Q75516536	6000000020978821266
Q75516575	6000000026816739268
Q75516650	6000000024264931821
Q75516742	6000000015353742836
Q75516763	6000000016457882260
Q75516766	6000000016457847344
Q75516773	6000000016458059019
Q75516799	6000000026993327304
Q75516927	6000000037173617874
Q75516929	6000000019410844090
Q75516931	6000000037173481144
Q75517109	6000000080286751925
Q75517190	6000000078055080072
Q75517247	6000000008844333710
Q75517254	6000000014216942051
Q75517274	6000000028681349763
Q75517307	6000000017573284363
Q75517308	6000000056445301967
Q75517310	6000000056446231849
Q75517331	6000000006444735302
Q75517416	6000000114815802888
Q75517423	6000000114816135875
Q75517436	6000000027431448308
Q75517439	6000000052083959945
Q75517441	6000000052084527895
Q75517462	6000000086418924845
Q75517464	6000000086419123821
Q75517467	6000000009649277134
Q75517469	6000000009649159098
Q75517485	6000000012386953713
Q75517537	6000000027431346623
Q75517546	6000000112936798833
Q75517548	6000000056446080835
Q75517625	6000000002115883966
Q75517648	6000000023179598103
Q75517657	6000000023180019838
Q75517677	6000000016193355564
Q75517722	6000000013725800932
Q75517722	6000000024128342944
Q75517814	6000000060739988908
Q75517825	6000000009333592703
Q75517829	6000000009333587093
Q75517830	6000000009333592728
Q75517835	6000000009333592763
Q75517838	6000000009333592779
Q75517847	6000000009333592800
Q75517863	6000000009333592829
Q75517877	6000000030442667068
Q75517896	6000000026041913228
Q75517906	6000000031243311833
Q75517908	6000000027416631434
Q75518122	6000000002802889706
Q75518137	6000000011662692985
Q75518143	6000000003134539929
Q75518239	6000000002787755315
Q75518243	6000000003216065064
Q75518247	6000000003216108206
Q75518252	6000000026531595976
Q75518291	6000000063144130858
Q75518294	6000000063143939864
Q75518301	6000000003216076925
Q75518309	6000000066447652826
Q75518311	6000000003216093224
Q75518313	6000000017616476206
Q75518321	6000000110980478077
Q75518333	6000000063145811868
Q75518339	6000000017116247176
Q75518340	6000000003217282775
Q75518353	6000000009606523488
Q75518356	6000000026529802915
Q75518357	6000000003216114749
Q75518359	6000000003216114741
Q75518360	6000000026528133366
Q75518415	6000000003216071849
Q75518454	6000000006380344384
Q75518487	6000000024792810509
Q75518528	6000000014577072599
Q75518576	6000000015855770255
Q75518578	6000000003186126107
Q75518595	6000000017242086669
Q75518598	6000000015626696363
Q75518601	6000000015626898009
Q75518668	6000000015725650273
Q75518709	6000000021923786584
Q75518851	6000000000724786936
Q75518852	6000000002322263629
Q75518854	6000000002240745634
Q75518859	6000000003891024547
Q75518890	6000000007003696985
Q75518894	6000000007003290043
Q75518895	6000000007002383864
Q75518896	6000000007002905473
Q75518900	6000000013343157146
Q75518928	6000000010071178367
Q75518929	6000000007002379804
Q75518932	6000000007032487124
Q75518936	6000000013342872937
Q75518953	6000000007002379787
Q75518956	6000000007003140147
Q75518961	6000000007003150144
Q75518963	6000000007001192697
Q75518965	6000000007002824388
Q75518971	6000000007009740086
Q75518974	6000000007062992997
Q75518976	6000000007038184365
Q75518991	6000000007003166002
Q75519030	6000000018765608314
Q75519032	6000000020263462415
Q75519138	6000000045626312167
Q75519277	6000000004182631511
Q75519279	6000000004078756322
Q75519293	6000000015798482956
Q75519294	6000000015798482939
Q75519297	6000000038425025920
Q75519298	6000000023265031843
Q75519301	6000000023264702532
Q75519311	6000000015772754874
Q75519313	6000000015773126039
Q75519315	6000000015773097401
Q75519318	6000000015773052842
Q75519320	6000000015773074384
Q75519343	6000000015843542310
Q75519346	6000000015843355370
Q75519362	6000000015772943503
Q75519364	6000000015772947767
Q75519383	6000000023482395097
Q75519474	6000000004041978003
Q75519484	6000000051499130914
Q75519487	6000000051499312878
Q75519493	6000000031543588691
Q75519498	6000000031543835446
Q75519804	6000000016625765255
Q75519806	6000000016625851049
Q75519807	819591
Q75519809	6000000016625791423
Q75519811	6000000016625547649
Q75519812	6000000016625524761
Q75519815	6000000016625161606
Q75519817	6000000016625241911
Q75519828	5088343136150081729
Q75519832	5088354017690081624
Q75519873	6000000006906543433
Q75519879	6000000004382755728
Q75519959	6000000003036748359
Q75519960	5088359237390081467
Q75519972	4563041921470129394
Q75519984	6000000007997312498
Q75519991	6000000006936428464
Q75520042	6000000002006346676
Q75520046	6000000003827191085
Q75520165	6000000032543043451
Q75520203	6000000016512601679
Q75520206	6000000016512971275
Q75520243	6000000006444123264
Q75520307	6000000029185311264
Q75520309	6000000029197506340
Q75520342	6000000001448171689
Q75520344	6000000001448209300
Q75520353	6000000006578875115
Q75520528	6000000000230587602
Q75520573	6000000038358700310
Q75520591	6000000038358902243
Q75520612	6000000024100854007
Q75520615	6000000024100784984
Q75521226	6000000009277265422
Q75521261	6000000013224483734
Q75521298	6000000013224467181
Q75521309	6000000013224855852
Q75521416	6000000038357953668
Q75521425	6000000052263729062
Q75521509	6000000002116015849
Q75521616	6000000037384522327
Q75521658	6000000019894096133
Q75521712	6000000013507753792
Q75521820	6000000011049959408
Q75521823	6000000003217290048
Q75521883	6000000066512905834
Q75521939	6000000007394290341
Q75521967	6000000014431077319
Q75521971	6000000014431113048
Q75522064	6000000014431099088
Q75522144	6000000014466665448
Q75522598	6000000058324343991
Q75522601	6000000058324235000
Q75522628	6000000058324568868
Q75522666	6000000058324592864
Q75522720	6000000039096868028
Q75522751	6000000058324653825
Q75522781	6000000058324589888
Q75522905	6000000058324384995
Q75523	6000000116533708885
Q75523199	6000000058324668829
Q75523267	6000000020988509789
Q75523296	6000000028240169348
Q75523297	6000000002980214537
Q75523303	6000000017429038284
Q75523357	6000000000112137297
Q75523363	6000000025912219167
Q75523364	6000000018869435128
Q75523381	6000000016301966860
Q75523387	6000000036227489273
Q75523389	6000000036227687988
Q75523735	6000000020127528289
Q75523936	6000000007153265214
Q75523938	6000000031283822083
Q75523940	6000000031283907978
Q75523961	6000000002115881586
Q75523987	6000000019990376546
Q75524019	6000000050658469822
Q75524022	6000000050658199018
Q75524045	6000000065347264840
Q75524069	6000000075124453891
Q75524120	6000000108375514834
Q75524128	6000000010602408961
Q75524135	6000000026579746957
Q75524138	6000000041273335708
Q75524144	6000000041273582273
Q75524149	6000000015787086199
Q75524155	6000000041273289650
Q75524156	6000000002115887079
Q75524161	6000000015786928922
Q75524162	6000000015844123540
Q75524187	6000000097636404227
Q75524188	6000000015786904758
Q75524190	6000000059156611919
Q75524193	6000000015786950351
Q75524200	6000000097636403984
Q75524204	6000000015786888422
Q75524205	6000000015867675299
Q75524206	6000000015786915802
Q75524210	6000000014758225945
Q75524230	6000000011049984362
Q75524297	5412203965010072848
Q75524344	324666313910007963
Q75524345	324660245860005485
Q75524354	6000000028977268782
Q75524364	6000000028977545123
Q75524372	6000000043661748937
Q75524375	6000000043659452080
Q75524384	6000000039928015795
Q75524385	6000000039928164807
Q75524389	6000000039928148842
Q75524391	6000000039927536642
Q75524397	6000000039928232385
Q75524407	6000000028977089494
Q75524442	6000000028977599225
Q75524444	6000000028977087614
Q75524453	6000000010602647812
Q75524502	6000000010599627335
Q75524513	6000000032343197166
Q75524514	6000000032343441827
Q75524533	6000000010602353156
Q75524541	6000000010603028400
Q75524543	6000000010602911690
Q75524546	6000000010602529577
Q75524550	6000000014189635779
Q75524555	6000000010602837271
Q75524578	6000000014190163769
Q75524580	6000000014190430334
Q75524595	6000000014190737016
Q75524605	6000000010599539839
Q75524606	6000000014190967273
Q75524607	6000000025823190895
Q75524626	6000000010599412952
Q75524664	6000000041259900105
Q75524665	6000000041259875076
Q75524672	6000000026579751957
Q75524673	6000000026578958509
Q75524689	6000000014893154451
Q75524696	6000000035910177161
Q75524725	6000000041259777349
Q75524726	6000000052175447999
Q75524727	6000000041259556382
Q75524730	6000000034637509572
Q75524731	6000000041259880259
Q75524736	6000000041259534817
Q75524749	6000000012043918356
Q75524751	6000000046865082896
Q75524753	6000000046864887051
Q75524757	6000000026579142704
Q75524763	6000000026579733383
Q75524765	6000000026579784158
Q75524770	6000000002551784184
Q75524773	6000000009693333163
Q75524786	6000000009693748437
Q75524788	6000000009693321901
Q75524789	6000000009693825272
Q75524793	6000000009693309591
Q75524798	6000000009693844368
Q75524877	6000000052176645276
Q75524878	6000000052171954041
Q75524944	6000000026579657168
Q75524950	6000000026579614418
Q75524962	6000000014758333842
Q75525037	6000000013073190888
Q75525096	6000000108309705822
Q75525141	6000000108309705867
Q75525149	6000000108309705834
Q75525189	6000000012877364381
Q75525257	6000000022251970537
Q75525314	6000000033232924662
Q75525315	6000000014147805603
Q75525331	6000000003217290016
Q75525334	6000000039682751759
Q75525396	6000000023065139978
Q75525398	6000000023065141131
Q75525406	6000000023064694176
Q75525408	6000000017658328628
Q75525415	335309161980011756
Q75525421	6000000038352542663
Q75525437	6000000022269759514
Q75525463	6000000040179557098
Q75525507	6000000179876502830
Q75525517	6000000025833559390
Q75525522	335306646650011745
Q75525524	6000000017650088828
Q75525564	6000000035229954333
Q75525568	6000000027592082001
Q75525569	6000000010325534555
Q75525819	6000000026423780919
Q75525935	6000000014877682766
Q75525998	6000000106426417821
Q75526098	6000000053037638857
Q75526147	6000000037152825188
Q75526157	6000000031080701239
Q75526165	6000000031080792100
Q75526188	6000000030655637923
Q75526190	6000000030654270402
Q75526197	6000000080543785165
Q75526467	6000000026423081523
Q75526497	6000000052176807218
Q75526511	6000000000352562314
Q75526532	6000000020908068208
Q75526534	6000000036614857938
Q75526585	6000000015394922099
Q75526724	6000000034236352007
Q75526741	6000000052175616876
Q75526745	6000000052175613873
Q75526746	6000000076589873836
Q75526748	6000000052060676009
Q75526759	6000000052175285980
Q75526760	6000000051520062062
Q75526764	6000000050788979875
Q75526773	6000000052174983150
Q75526785	6000000052171980034
Q75526790	6000000036164420130
Q75526793	6000000019374250320
Q75526797	6000000036164745874
Q75526816	6000000028018441592
Q75526823	6000000000096976817
Q75526832	6000000028019416770
Q75526835	6000000008682704376
Q75526836	6000000077443636070
Q75526884	6000000012598898361
Q75526904	6000000041459817821
Q75526912	6000000031032423445
Q75527082	6000000006597995063
Q75527109	6000000008487476838
Q75527110	6000000000348784736
Q75527116	6000000000348784640
Q75527122	6000000008844628807
Q75527128	6000000002765016509
Q75527130	6000000002765016515
Q75527135	4896808899660022515
Q75527137	6000000002765016543
Q75527145	6000000002765016584
Q75527149	6000000002765016572
Q75527155	6000000002765016449
Q75527157	6000000002765016455
Q75527178	6000000004671640452
Q75527180	6000000010881657932
Q75527183	6000000010881556060
Q75527195	6000000002765726633
Q75527218	6000000002765241477
Q75527222	6000000175980858878
Q75527226	6000000002765241555
Q75527235	6000000002765241580
Q75527306	6000000008243164447
Q75527309	6000000008243105017
Q75527311	6000000008245364490
Q75527313	6000000002765156173
Q75527326	6000000178910879823
Q75527328	6000000011903669948
Q75527340	6000000079132223985
Q75527361	6000000002802960250
Q75527365	6000000002764921506
Q75527368	6000000002764921512
Q75527377	6000000007014351649
Q75527381	6000000135476393846
Q75527383	6000000007393705100
Q75527454	6000000002802583609
Q75527457	6000000002802596956
Q75527477	6000000013239129136
Q75527478	6000000010602065698
Q75527504	6000000015844640044
Q75527507	6000000015844484432
Q75527509	6000000019276252517
Q75527535	6000000011566421141
Q75527575	6000000010581045591
Q75527580	6000000016685432017
Q75527685	6000000000055985789
Q75527692	6000000013355986066
Q75527693	6000000013356247239
Q75527696	6000000013355990165
Q75527751	6000000010881900309
Q75527767	6000000003869845544
Q75527775	6000000015844601023
Q75527780	6000000016657138580
Q75527838	6000000007166071514
Q75527840	6000000000796897345
Q75527850	6000000007227283046
Q75527851	6000000014099685571
Q75527852	6000000014099882338
Q75527854	6000000014099882333
Q75527882	6000000002005905536
Q75527908	6000000003210324372
Q75527946	6000000000118314537
Q75527952	5596707225250058426
Q75528035	6000000034026305953
Q75528065	3364353
Q75528069	3364281
Q75528070	3364292
Q75528087	3364179
Q75528108	6000000009085059185
Q75528110	3364140
Q75528116	3455705
Q75528122	3456110
Q75528128	6000000034458728860
Q75528140	6000000001608912085
Q75528143	6000000039212836732
Q75528159	3458613
Q75528170	6000000011571529988
Q75528214	6000000003891379712
Q75528235	6000000020186199132
Q75528238	6000000002386113757
Q75528292	3458864
Q75528294	6000000055471159927
Q75528300	6000000015711156880
Q75528397	3458440
Q75528438	6000000109013817844
Q75528523	6000000054445943854
Q75528563	6000000036573978212
Q75528570	6000000017345811031
Q75528573	6000000017345599530
Q75528575	6000000003216087931
Q75528714	6000000039212834896
Q75528715	6000000023460316119
Q75528718	6000000023462197879
Q75528721	6000000039007458518
Q75528750	6000000023459801238
Q75528764	6000000023459801234
Q75528796	6000000023462197875
Q75528857	6000000047182663037
Q75528929	6000000015718602316
Q75528961	6000000031033608740
Q75528990	6000000031033613038
Q75528996	6000000220245306826
Q75529	6000000066547163835
Q75529010	6000000001608849539
Q75529019	6000000030353707118
Q75529063	6000000052004074850
Q75529065	6000000052004197883
Q75529068	6000000055043262821
Q75529080	3313601
Q75529085	3273504
Q75529086	6000000033723834528
Q75529090	3273025
Q75529133	6000000046984491868
Q75529144	3273763
Q75529145	6000000100380412837
Q75529158	6000000103419945821
Q75529169	3273806
Q75529189	3273864
Q75529247	3273846
Q75529249	3773143
Q75529295	3273883
Q75529299	3792953
Q75529401	6000000003216065501
Q75529404	6000000017798088420
Q75529418	6000000003216065523
Q75529419	6000000047022195018
Q75529420	6000000047013362054
Q75529422	6000000047021440384
Q75529436	6000000002497462820
Q75529438	3313768
Q75529439	6000000003216065575
Q75529515	6000000028746264034
Q75529519	6000000011300386625
Q75529537	6000000011300679739
Q75529591	6000000003216065485
Q75529603	6000000003216065405
Q75529606	6000000003216065595
Q75529661	6000000031034528563
Q75529666	6000000053981769558
Q75529667	6000000053982119253
Q75529719	6000000021788791962
Q75529815	6000000014044190229
Q75529830	6000000010622552689
Q75529844	6000000023460479828
Q75529849	6000000010621999852
Q75529865	6000000052194325283
Q75529866	6000000054848754887
Q75529920	6000000036735935433
Q75529949	3939107
Q75530005	3939313
Q75530006	3939411
Q75530014	6000000008393530339
Q75530015	6000000008393459714
Q75530096	6000000039654232810
Q75530117	6000000079142308021
Q75530151	6000000015510031982
Q75530162	6000000007089372497
Q75530179	6000000079142010986
Q75530215	6000000004857990562
Q75530265	6000000027612374051
Q75530286	6000000009938491251
Q75530289	6000000013653050799
Q75530304	6000000016683170907
Q75530330	6000000017858333327
Q75530338	6000000017858382250
Q75530340	6000000017858212540
Q75530346	6000000001299384657
Q75530353	6000000031918162867
Q75530356	6000000031918166858
Q75530361	6000000022658103056
Q75530372	6000000017273187325
Q75530376	6000000017273112810
Q75530378	6000000017273210359
Q75530382	6000000017273189280
Q75530386	6000000017273268622
Q75530391	6000000050761663339
Q75530397	6000000050762806821
Q75530458	6000000031918148033
Q75530462	6000000031938096206
Q75530469	6000000031939039085
Q75530477	6000000031938575740
Q75530478	6000000031938787335
Q75530491	6000000031939184821
Q75530506	6000000031938138173
Q75530506	6000000103420214329
Q75530512	6000000031917804549
Q75530583	6000000023215784696
Q75530611	6000000054481772834
Q75530619	6000000016457840514
Q75530624	6000000016457682668
Q75530625	6000000016457604613
Q75530627	6000000016457652766
Q75530692	6000000038470722422
Q75530702	6000000017273382233
Q75530704	6000000017273388173
Q75530705	6000000013586519464
Q75530746	6000000011571810459
Q75530789	6000000005437489495
Q75530794	6000000045202446822
Q75530798	6000000045202341924
Q75530814	6000000009938463277
Q75530870	6000000009316233747
Q75530871	6000000009938133580
Q75530872	6000000017514099360
Q75530910	6000000023532747098
Q75531051	6000000031035115144
Q75531115	6000000081782004604
Q75531118	6000000067863304990
Q75531121	6000000081783171838
Q7553115	6000000032342196280
Q75531182	6000000081782110167
Q75531300	6000000003216083445
Q75531303	6000000003216083740
Q75531310	6000000013056363849
Q75531403	6000000076988477017
Q75531444	6000000012104926523
Q75531446	6000000012104978415
Q75531448	6000000012104350145
Q75531449	6000000012104574675
Q75531490	6000000019619323078
Q75531509	6000000055144884323
Q75531512	6000000055145522962
Q75531522	6000000093297167869
Q75531526	6000000009940059230
Q75531529	6000000007661456785
Q75531530	6000000015271338814
Q75531533	6000000015271631632
Q75531544	6000000015271601116
Q75531547	6000000015271338534
Q75531554	6000000003285842772
Q75531648	6000000001788657729
Q75531674	6000000019068319289
Q75531677	6000000019068678222
Q75531679	6000000019068337802
Q75531681	6000000019068561665
Q75531683	6000000019068832015
Q75531684	6000000019068537670
Q75531685	6000000019068245177
Q75531688	6000000019068008646
Q75531693	6000000010305450644
Q75531705	6000000010305096619
Q75531891	6000000002889504533
Q75531895	6000000012931495685
Q75531901	2913671
Q75531904	6000000041259591586
Q75531905	6000000034861000968
Q75531914	6000000056477472824
Q75531916	6000000008831958511
Q75531918	6000000034739033712
Q75531932	6000000056477445831
Q75531962	6000000000594132316
Q75531979	6000000052049721964
Q75531989	6000000030947642314
Q75532043	6000000052049650949
Q75532060	6000000051944846109
Q75532113	6000000009706835506
Q75532187	4226922301370045350
Q75532291	6000000015549468737
Q75532295	6000000023024585919
Q75532297	6000000023024585924
Q75532302	6000000053081816864
Q75532303	6000000077866796964
Q75532309	6000000011610914681
Q75532314	6000000053081583163
Q75532357	6000000026179226295
Q75532385	6000000053082273821
Q75532387	6000000015549625069
Q75532393	6000000023942533336
Q75532397	6000000050579455830
Q75532463	6000000012600682042
Q75532472	6000000015875128279
Q75532498	4622826591530038798
Q75532539	6000000024518680565
Q75532638	6000000027271789858
Q75532657	6000000011708478523
Q75532671	6000000017166975097
Q75532706	6000000017166949151
Q75532753	6000000017922877228
Q75532757	6000000018315017102
Q75532777	6000000018315002155
Q75532792	6000000018314732516
Q75532809	6000000140436001848
Q75532810	6000000141151282927
Q75532812	6000000140431429448
Q75532871	6000000025694501361
Q75532877	6000000030952071151
Q75532883	6000000026179009201
Q75532914	6000000038757893969
Q75532918	6000000011708351771
Q75532922	6000000038757026341
Q75532924	6000000054764686956
Q75532934	6000000038740221303
Q75532938	6000000011708528738
Q75532942	6000000011708265830
Q75532987	6000000041317746902
Q75532991	6000000035079397871
Q75532993	6000000035079830935
Q75533001	6000000038739803770
Q75533007	6000000038740428285
Q75533091	6000000049314157013
Q75533096	6000000026336893776
Q75533100	6000000005437990555
Q75533104	6000000027723475896
Q75533146	6000000015875034035
Q75533150	6000000015876295615
Q75533153	6000000015875000173
Q75533155	6000000015874939381
Q75533223	6000000002116036768
Q75533305	6000000028645924272
Q75533306	6000000028646111896
Q75533315	6000000002116164996
Q75533358	6000000003890767208
Q75533362	6000000023532696425
Q75533429	6000000018324148467
Q75533433	6000000011223792069
Q75533518	6000000063334119821
Q75533520	6000000063333145455
Q75533525	6000000025680314395
Q75533684	6000000013354898552
Q75533698	6000000039324699168
Q75533702	6000000031181539938
Q75533705	6000000039324741117
Q75533707	6000000039324590616
Q75533901	6000000055874596855
Q75533916	6000000013054693118
Q75533950	6000000026426415677
Q75533963	6000000025077947051
Q75533995	6000000009316135114
Q75534000	5421895172220121872
Q75534026	6000000017419177019
Q75534029	6000000011122375360
Q75534096	6000000022970750519
Q75534103	6000000022970801554
Q75534108	6000000022971087951
Q75534157	6000000103707730821
Q75534221	6000000013482554251
Q75534270	6000000017798942370
Q75534296	6000000011834773925
Q75534318	6000000009819124321
Q75534319	6000000001877487655
Q75534326	6000000173591738649
Q75534339	6000000037704807983
Q75534367	6000000015238551616
Q75534391	6000000057051501244
Q75534416	6000000037035434956
Q75534419	6000000037035403947
Q75534430	6000000005438507723
Q75534461	6000000007076218005
Q75534504	6000000013700478611
Q75534525	6000000013700948416
Q75534528	6000000013700030786
Q75534553	6000000050551913881
Q75534655	6000000084703529083
Q75534656	6000000084703639985
Q75534670	6000000032118618831
Q75534881	6000000002907039995
Q75534893	6000000035210286825
Q75534895	6000000014854479941
Q75534901	6000000014854587155
Q75534904	6000000075430888834
Q75534917	6000000011740502695
Q75534925	6000000024614753071
Q75534930	6000000002907032007
Q75534978	6000000052005735148
Q75534979	6000000035657020009
Q75534982	6000000035657052978
Q75534983	6000000025768223921
Q75535030	6000000052005735102
Q75535069	6000000053193925927
Q75535071	6000000053194105890
Q7553510	6000000009106611405
Q75535137	6000000036818972530
Q75535201	6000000031697748450
Q75535204	6000000016251328498
Q75535223	6000000016251232788
Q75535225	6000000016251327247
Q75535232	6000000052813187918
Q75535239	6000000002907032080
Q75535240	6000000024104291811
Q75535242	6000000024450932655
Q75535244	6000000024450579775
Q75535249	6000000002907032122
Q75535251	6000000002907032134
Q75535257	6000000002907032155
Q75535259	6000000034404696800
Q75535261	6000000002907032164
Q75535264	6000000016251259148
Q75535268	6000000002907032187
Q75535282	6000000018245044042
Q75535289	6000000018244907263
Q75535307	6000000016251156134
Q75535326	6000000016251205197
Q75535329	6000000016251339152
Q75535355	6000000051512852965
Q75535496	6000000007626859490
Q75535499	6000000024079781004
Q75535512	6000000024079781036
Q75535525	6000000033469463621
Q75535532	6000000036031214456
Q75535554	6000000002116176096
Q75535556	6000000007688757702
Q75535568	6000000002116176312
Q75535571	6000000002116176373
Q75535575	6000000007688931558
Q75535585	6000000036954812465
Q75535607	6000000018648392111
Q75535652	6000000108300170911
Q75535693	4847854220750039977
Q75535716	6000000011049907763
Q75535734	6000000020382323601
Q75535736	6000000026177763421
Q75535738	6000000024173998228
Q75535754	6000000039406583793
Q75535756	6000000017672211924
Q75535831	6000000052243009920
Q75535908	6000000018155094899
Q75535911	6000000036544702339
Q75535913	6000000024245582823
Q75535942	6000000004079820640
Q75535996	6000000021567099351
Q75536027	6000000002246147403
Q75536034	6000000043099636233
Q75536050	6000000011223575911
Q75536050	6000000116915305037
Q75536079	6000000018015478636
Q75536080	6000000018219876713
Q75536104	6000000030882904492
Q75536111	6000000050553652946
Q75536113	6000000007061974424
Q75536163	6000000072513548088
Q75536174	6000000025475745930
Q75536186	6000000018015272605
Q75536193	6000000049902595970
Q75536259	6000000000358340620
Q75536263	6000000025467815670
Q75536270	6000000049929258985
Q75536276	6000000018016531259
Q75536326	6000000052229674916
Q75536328	6000000147646322892
Q75536409	6000000018467904053
Q75536413	6000000021745410939
Q75536474	6000000068232735849
Q75536491	6000000024243583168
Q75536595	6000000025848014785
Q75536610	6000000086076887012
Q75536628	6000000007067032655
Q75536641	6000000013427286623
Q75536643	6000000013427047164
Q75536751	6000000008479354727
Q75536754	6000000008479548549
Q75536831	6000000009406943488
Q75536841	6000000009406961566
Q75536843	6000000017553190688
Q75536855	6000000017553338344
Q75536877	6000000006705786570
Q75536898	6000000006705994114
Q75536930	6000000006706095006
Q75536933	6000000007066117061
Q75536941	6000000006426120023
Q75536942	6000000016584204022
Q75536962	6000000016849891392
Q75536965	6000000016849886452
Q75536993	6000000009393415870
Q75537041	6000000027820792800
Q75537099	6000000013608903060
Q75537113	6000000018870272093
Q75537177	6000000031043081831
Q7553721	6000000019170557436
Q75537252	6000000037615797976
Q75537255	6000000037615978978
Q75537269	6000000009393728747
Q75537271	6000000014695023279
Q75537273	6000000014695111452
Q75537276	6000000014695171243
Q75537329	6000000019880194332
Q75537345	6000000014695108518
Q75537353	6000000001580952057
Q75537363	6000000014694946336
Q75537369	6000000020773926975
Q75537405	6000000014695188193
Q75537412	6000000004326111540
Q75537432	6000000004326197479
Q75537452	6000000011400058031
Q75537454	6000000011400450117
Q75537457	6000000011400609370
Q75537489	6000000021769024495
Q75537491	6000000022175164066
Q75537501	6000000014044052083
Q75537502	6000000018870283096
Q75537539	6000000006705876312
Q7553754	6000000032200195784
Q75537545	6000000006706044038
Q75537555	6000000006705579987
Q75537595	6000000052243163848
Q75537690	6000000009406893843
Q75537692	6000000017503805106
Q75537708	6000000018155410978
Q75537709	6000000023406293042
Q75537719	6000000104571946833
Q75537743	6000000018155736028
Q75537747	6000000024007983625
Q75537750	6000000018155584172
Q75537759	6000000104571764883
Q75537761	6000000052243470878
Q75537770	6000000052244178884
Q75537776	6000000048165084837
Q75537796	6000000002115875533
Q75537799	6000000002116036787
Q75537815	6000000033480630572
Q75537884	6000000019969184568
Q75537953	6000000030759805945
Q75537957	6000000009407110698
Q75537965	6000000033480745449
Q75538	6000000011026224427
Q75538043	6000000091701866909
Q75538081	6000000015538089898
Q75538095	6000000049903029129
Q75538097	6000000018467917013
Q75538124	6000000009406988748
Q75538126	6000000009406845848
Q75538134	6000000055217110004
Q75538331	6000000012919466084
Q75538405	6000000017337834041
Q75538524	6000000025850416849
Q75538525	6000000025848446241
Q75538528	6000000025848617933
Q75538530	6000000023631874377
Q75538531	6000000023635543821
Q75538533	6000000023252632227
Q75538543	6000000040831237278
Q75538765	6000000029145612132
Q75539085	6000000131709762910
Q75539086	6000000011286229232
Q75539088	5100019747280032292
Q75539089	6000000014197267490
Q75539105	6000000005051237183
Q75539108	6000000014197139772
Q75539108	6000000023052875196
Q75539111	6000000025542356434
Q75539115	6000000046976848834
Q75539116	6000000025848593856
Q75539136	6000000012106957792
Q75539155	6000000012106885801
Q75539176	6000000013890743401
Q75539195	6000000025848375288
Q75539248	6000000029361128760
Q75539263	6000000022889180690
Q75539267	6000000017337636313
Q75539268	6000000017337524430
Q75539284	6000000010534122970
Q75539288	6000000018637190907
Q75539306	6000000010715274501
Q75539311	6000000019503613862
Q75539358	6000000031057374593
Q75539361	6000000039727936489
Q75539423	6000000031057852881
Q75539426	6000000031057916949
Q75539489	6000000020623358331
Q75539505	6000000013426670676
Q75539507	6000000013427390222
Q75539509	6000000013427062886
Q75539515	6000000013426978145
Q75539545	6000000023360805057
Q75539572	6000000039213596198
Q75539576	6000000039213778107
Q75539579	6000000084397892180
Q75539599	6000000084398034164
Q75539604	6000000084398569829
Q75539606	6000000084397672515
Q75539615	6000000084398367909
Q75539619	6000000084398751835
Q75539626	6000000084399412276
Q75539631	6000000084399599200
Q75539686	6000000084398633963
Q75539688	6000000084398802874
Q75539715	6000000084398695962
Q75539757	6000000023360624480
Q75539759	6000000034823037905
Q75539762	6000000034822635400
Q75539833	6000000031056555038
Q75539883	6000000010894800974
Q75540169	6000000025608036977
Q75540221	6000000009397944424
Q75540223	6000000009397895506
Q75540233	6000000009397804653
Q75540465	6000000017686294165
Q75540468	6000000017686322075
Q75540491	6000000018231400909
Q75540495	6000000038448340247
Q75540557	6000000055464162946
Q75540570	6000000008392354099
Q75540573	6000000008479539278
Q75540574	6000000008478990106
Q75540576	6000000008479488428
Q75540577	6000000012495163543
Q75540580	6000000012495025703
Q75540581	6000000010565496853
Q75540582	6000000010564957005
Q75540626	6000000008407838127
Q75540628	6000000008408221944
Q75540629	6000000010717574779
Q75540630	6000000010717684345
Q75540633	6000000010717266159
Q75540634	6000000010717701287
Q75540636	6000000010717577457
Q75540639	6000000010717737201
Q75540727	6000000013343527211
Q75540776	6000000026783630631
Q75540823	6000000058153807839
Q75540871	6000000125993141893
Q75540942	6000000005389265839
Q75540956	6000000101416108445
Q75541089	6000000017383769298
Q75541094	6000000017381881592
Q75541172	6000000019132722342
Q75541173	6000000001153151200
Q75541180	6000000001153247009
Q75541184	6000000001153151273
Q75541192	6000000019134207203
Q75541227	6000000063247208821
Q75541237	6000000057268901878
Q75541238	6000000057115024883
Q75541240	6000000057270106847
Q75541373	6000000015396335573
Q75541381	6000000015396529097
Q75541411	6000000055579287284
Q75541440	6000000023739890191
Q75541548	6000000008798647200
Q75541553	6000000003243404450
Q75541555	6000000004382499804
Q75541560	6000000009325652721
Q75541564	6000000011788986760
Q75541572	6000000009495972893
Q75541599	6000000009326435743
Q75541601	6000000009326424673
Q75541610	6000000009326518351
Q75541614	6000000009326328524
Q75541620	6000000019133845590
Q75541627	6000000026052756366
Q75541631	6000000025490428693
Q75541635	6000000025495464018
Q75541638	6000000025490629720
Q75541662	6000000051944420303
Q75541691	6000000031059112888
Q75541708	6000000037769437822
Q75541755	6000000009328658197
Q75541769	6000000026053795241
Q75541770	6000000026053966913
Q75541773	6000000024183636910
Q75541775	6000000024181703679
Q75541808	6000000026065560576
Q75541810	6000000018453335997
Q75541811	6000000026065661473
Q75541829	6000000026069201586
Q75541832	6000000026069788198
Q75541834	6000000026066033197
Q75541838	6000000026069653638
Q75541840	6000000026072278547
Q75541863	6000000026078197903
Q75541865	6000000026079472371
Q75541894	6000000026071420642
Q75541897	6000000026075379866
Q75541927	6000000026065660732
Q75542019	6000000010719206754
Q75542340	6000000006920850061
Q75542353	6000000006920699355
Q75542448	6000000006444623253
Q75542458	6000000004382495976
Q75542542	6000000027113887345
Q75542602	6000000008789387639
Q75542605	6000000007604028219
Q75542606	6000000000700952967
Q75542610	6000000062746868858
Q75542612	6000000062746919878
Q75542613	6000000062824770827
Q75542616	6000000018861428886
Q75542624	6000000062824306878
Q75542638	6000000004261375774
Q75542640	6000000057227812870
Q75542642	6000000004259874410
Q75542689	6000000101416108705
Q75542727	6000000002814710138
Q75542733	6000000039085068332
Q75542753	6000000039084917503
Q75542757	6000000039085338879
Q75542759	6000000039085066453
Q75542817	6000000003086879803
Q75542821	6000000009326254479
Q75542909	6000000002115940291
Q75542941	6000000024039021166
Q75542957	6000000042962994836
Q75542969	6000000023231175192
Q75543009	6000000024038790790
Q75543011	6000000024039032560
Q75543012	6000000033914547436
Q75543014	6000000024039000464
Q75543024	6000000007777651394
Q75543032	6000000007125928334
Q75543035	6000000017274010829
Q75543045	6000000007054012103
Q75543048	6000000046928715835
Q75543061	6000000023002402189
Q75543068	4536444337070063687
Q75543152	6000000005051379227
Q75543178	6000000024557889917
Q75543179	6000000024557466657
Q75543181	3527561
Q75543182	6000000030120341999
Q75543185	6000000010680345507
Q75543215	6000000005619937214
Q75543543	6000000017623415970
Q75543621	6000000038019243525
Q75543656	6000000002898234364
Q75543696	6000000008365186108
Q75543736	376239679510007297
Q75543764	6000000006854830500
Q75543772	6000000071174911822
Q75543818	6000000010897308881
Q75543882	6000000016300695195
Q75543891	6000000016300398859
Q75543906	6000000011069596816
Q75544	6000000010584551357
Q75544023	6000000023956244383
Q75544024	6000000023956678217
Q75544031	6000000027043704401
Q75544035	6000000027044185522
Q75544057	5415387186770068180
Q75544099	6000000016632274350
Q75544102	6000000000438194697
Q75544103	6000000016632249215
Q75544149	6000000018892480371
Q75544154	6000000010289037593
Q75544158	6000000010289312256
Q75544171	6000000024164505907
Q75544200	6000000010104155537
Q75544202	6000000010104299571
Q75544214	6000000009085088628
Q75544220	6000000026199411765
Q75544223	6000000009084946618
Q75544227	6000000020470445529
Q75544229	6000000020470545229
Q75544230	6000000012597305906
Q75544232	6000000041080435481
Q75544238	6000000032075296226
Q75544239	6000000018979073640
Q75544259	6000000013301215657
Q75544262	6000000013661336809
Q75544283	6000000026226508577
Q75544285	6000000026225786692
Q75544290	6000000041081671900
Q75544414	6000000026227409062
Q75544415	6000000020470520986
Q75544419	6000000020470390563
Q75544420	6000000012597705304
Q75544423	6000000023137311889
Q75544428	6000000018832815478
Q75544430	6000000023882392124
Q75544442	6000000024420898113
Q75544448	6000000024420518771
Q75544450	6000000012597502394
Q75544682	6000000037755046689
Q75544684	6000000037754389568
Q75544772	6000000019294685229
Q75544776	6000000019294850460
Q75544854	6000000044784632051
Q75544866	6000000044784767932
Q75544879	6000000014559262926
Q75544931	6000000016300366104
Q75544933	6000000016299985433
Q75544934	6000000016300450019
Q75544939	6000000016300407578
Q75544942	6000000016300310714
Q75544946	6000000016300619251
Q75544948	6000000016300097463
Q75544951	6000000016300577397
Q75544952	6000000016300165707
Q75544959	6000000016300625291
Q75544964	6000000016300263894
Q75544972	6000000016299884571
Q75544974	6000000016299904714
Q75545037	6000000014416115001
Q75545089	6000000017582788194
Q75545113	6000000009390162210
Q75545116	6000000024253210606
Q75545154	6000000012439073905
Q75545160	6000000001877506368
Q75545162	6000000036031536048
Q75545164	6000000001877484108
Q75545169	6000000012439125619
Q75545189	6000000002188542762
Q75545215	6000000009396416862
Q75545223	6000000014694192437
Q75545239	6000000001877495278
Q75545296	6000000001877498771
Q75545307	6000000009914753155
Q75545336	6000000044049251159
Q75545365	6000000001877544550
Q75545384	6000000055974995043
Q75545516	528163
Q75545544	528274
Q75545545	6000000007052823015
Q75545687	6000000028721261083
Q75545707	6000000009931113982
Q75545779	6000000052097342831
Q75545780	6000000052097405859
Q75545782	6000000030759803228
Q75545784	6000000030760000880
Q75545786	6000000052090162983
Q75545787	6000000052090626924
Q75545790	6000000052095237320
Q75545826	6000000003216071070
Q75545895	6000000013607651339
Q75545897	6000000010439211395
Q75545902	6000000013608095060
Q75545912	6000000032698467406
Q75545919	6000000044055342067
Q75545936	6000000008648191470
Q75545951	6000000119310047205
Q75545958	6000000019254936963
Q75545963	6000000015403472766
Q75545973	4514723651270057115
Q75545973	6000000090666372822
Q75546011	6000000006444656156
Q75546013	6000000006444226148
Q75546018	6000000000619397180
Q75546024	6000000003343494161
Q75546065	6000000032698422461
Q75546081	6000000029594806163
Q75546097	6000000013874856208
Q755461	6000000067158596881
Q75546143	6000000013607477164
Q75546159	6000000013607623098
Q75546172	6000000006720843824
Q75546209	6000000013607596826
Q75546253	6000000003887329120
Q75546330	6000000019084390270
Q75546433	6000000027341694401
Q75546433	6000000090666349832
Q75546462	6000000022281391979
Q75546469	6000000011324709233
Q75546490	6000000021153249240
Q75546795	6000000011838242809
Q75546797	6000000011838774917
Q75546799	6000000011838368192
Q75546869	6000000000490828899
Q75546874	6000000014369564260
Q75546918	6000000011649385582
Q75546923	6000000190904876844
Q75546931	6000000000641869839
Q75546944	6000000029076345130
Q75546947	6000000018643995270
Q75546952	6000000191364812840
Q75546955	6000000191030260850
Q75547011	6000000036721821205
Q75547017	6000000017300486580
Q75547069	6000000018460708911
Q75547085	6000000018460909738
Q75547088	6000000018460876975
Q75547203	6000000027572411294
Q75547324	6000000012709417243
Q75547345	6000000010189417131
Q75547354	6000000007371821833
Q75547367	6000000044083491823
Q75547837	6000000013333067245
Q75547926	6000000034756257856
Q75547941	6000000056444737821
Q75547959	6000000003891192562
Q75547967	6000000015760488381
Q75547974	6000000025416284381
Q75547977	6000000015760518585
Q75547996	6000000031279188910
Q75548025	6000000026603389193
Q75548047	6000000010220421817
Q75548110	6000000069552021835
Q75548269	6000000009429674241
Q75548272	6000000009429566986
Q75548284	6000000017850064964
Q75548290	6000000013328404596
Q75548299	6000000013329846869
Q75548302	6000000013329999354
Q75548305	6000000013330040314
Q75548307	6000000013330007590
Q75548317	6000000013329832094
Q75548387	6000000001122363242
Q75548437	373823896360002584
Q75548538	6000000016308626349
Q75548554	6000000011336852887
Q75548578	6000000023515247204
Q75548588	6000000015146643349
Q75548591	6000000015146885664
Q75548746	6000000010658862691
Q75548749	6000000010658970679
Q75548751	6000000183519441823
Q75548753	6000000008945610004
Q75548757	6000000008946061742
Q75548790	6000000008946061737
Q75548802	377034408620003007
Q75548807	377035429070003035
Q75548824	377034002710005802
Q75548830	6000000180053504848
Q75548835	377050624200012066
Q75548932	377061971720006576
Q75548948	377062904580004951
Q75548985	377068447170005810
Q75548988	6000000024512003069
Q75549165	6000000038704093290
Q75549183	6000000066853619826
Q75549188	6000000066851639466
Q75549221	377066417100005841
Q75549223	6000000034465374262
Q75549251	6000000012418022560
Q75549256	6000000012417839485
Q75549269	6000000012418027959
Q75549271	6000000038197814136
Q75549276	6000000038197993923
Q75549286	6000000017650423828
Q75549320	6000000012549214828
Q75549323	6000000080238961949
Q75549334	6000000009902643478
Q75549377	6000000034800078113
Q75549401	6000000010601896380
Q75549409	6000000010601996348
Q75549450	6000000027572602991
Q75549452	6000000027572619266
Q75549461	6000000009618038298
Q75549462	6000000009617804605
Q75549501	6000000007430044681
Q75549543	6000000017965602672
Q75549544	6000000017966538811
Q75549567	6000000002115875197
Q75549590	6000000001608777825
Q75549651	6000000000892720374
Q75549661	6000000013839991469
Q75549723	6000000003968305438
Q75549727	5659350380440067611
Q75549728	5415387228470068186
Q75549760	6000000098592425831
Q75549768	6000000098592425846
Q75549770	6000000098592425837
Q75549904	6000000012538493963
Q75549905	6000000012538850487
Q75550007	6000000050134104047
Q75550050	6000000020706476087
Q75550272	6000000090054978090
Q75550359	6000000012958214173
Q75550370	6000000012958645051
Q75550385	6000000025926447703
Q75550432	6000000002820626773
Q75550436	6000000002820579639
Q75550482	6000000013379340965
Q75550483	6000000000825422134
Q75550529	6000000052081273835
Q75550531	6000000052080932902
Q75550537	6000000058593065268
Q75550542	6000000067056936832
Q75550562	6000000002527529436
Q75550568	6000000002527529341
Q75550711	6000000016104442881
Q75550880	6000000002820741023
Q75550889	6000000001958969525
Q75550952	6000000010944570991
Q75550956	6000000010944717554
Q75550998	6000000013380129557
Q75551001	6000000013380660785
Q75551019	6000000000113327758
Q75551197	6000000066689393183
Q75551207	6000000023935798888
Q75551240	6000000030129924338
Q75551246	6000000014268931108
Q75551266	6000000028617103353
Q75551301	6000000026817352707
Q75551414	6000000027897424883
Q75551485	6000000030129364607
Q75551516	6000000012849412633
Q75551529	6000000002412939615
Q75551531	6000000002412943429
Q75551532	6000000002412659586
Q75551806	6000000017352097173
Q75551809	6000000008093419570
Q75551818	6000000006444784977
Q75551821	6000000006444065576
Q75551832	6000000006444665440
Q75551834	6000000003865095143
Q75551836	6000000006444777209
Q75551839	6000000006444777205
Q75551850	6000000006444665454
Q75551852	6000000001544549032
Q75551854	6000000018788278796
Q75551857	6000000017749090151
Q75551889	6000000012662811862
Q75551903	6000000011040207366
Q75551915	6000000069793265941
Q75551916	6000000069793208003
Q75551920	6000000069793575008
Q75551921	6000000069793078441
Q75551925	6000000069793006112
Q75551929	6000000073967326889
Q75551959	6000000011157656392
Q75551963	6000000011157623367
Q75551966	6000000022292373102
Q75551969	6000000022292183482
Q75551980	6000000022304025729
Q75551983	6000000022309247084
Q75551984	6000000022309382905
Q75551986	6000000017021862778
Q75551992	6000000007351190998
Q75551999	6000000018639030776
Q75552011	6000000017021483265
Q75552036	6000000016511425279
Q75552041	6000000012048547384
Q75552045	6000000022361144719
Q75552049	6000000022361727218
Q75552053	6000000022364141256
Q75552058	6000000022364556195
Q75552069	6000000022378898323
Q75552073	6000000022378879735
Q75552076	6000000014515446677
Q75552079	6000000022379763172
Q75552081	6000000014515696218
Q75552082	6000000022393888160
Q75552117	6000000010658987509
Q75552121	6000000183519261842
Q75552129	6000000042398313065
Q75552144	6000000011048491414
Q75552185	6000000016762587512
Q75552336	6000000012380709321
Q75552404	6000000021715346804
Q75552407	6000000016702989585
Q75552421	6000000028502303050
Q75552430	6000000012386249205
Q75552605	6000000007455278634
Q75552646	6000000012430429550
Q75552722	6000000004678979218
Q75552724	6000000004678951065
Q75552729	6000000004678866229
Q75552821	4830788356960027868
Q75552856	6000000003518783009
Q75552952	6000000020373189898
Q75553018	6000000037601939027
Q75553057	6000000011852211817
Q75553061	6000000011852251476
Q75553089	6000000058000970821
Q75553151	6000000024900483908
Q75553153	6000000024900506871
Q75553178	6000000023798994395
Q75553182	6000000023799126490
Q75553200	6000000008606437647
Q75553200	6000000020705456476
Q75553204	6000000057189900983
Q75553215	6000000008606660046
Q75553259	6000000008606734335
Q75553261	6000000008539125541
Q75553269	6000000020705100626
Q75553326	6000000054560040839
Q75553355	6000000069793587043
Q75553359	6000000073967142828
Q75553391	6000000069793621937
Q75553394	6000000073967251877
Q75553435	6000000073967654823
Q75553489	6000000001840560866
Q75553495	6000000020381640749
Q75553500	6000000020381954952
Q75553594	6000000019981845678
Q75553598	6000000200485380857
Q75553603	6000000013550833387
Q75553606	6000000041094257003
Q75553608	6000000023231404065
Q75553616	6000000007804663556
Q75553618	6000000001914046143
Q75553619	6000000023015513974
Q75553711	6000000052060025095
Q75553715	6000000052193442883
Q75553755	6000000055620190925
Q75553759	6000000055620137892
Q75553770	6000000052060116036
Q75553777	6000000031073905200
Q75553780	6000000055256558253
Q75553783	6000000052056972851
Q75553785	6000000057053593034
Q75553791	6000000052056903900
Q75553797	6000000052056929947
Q75553893	6000000013056324907
Q75554062	6000000001877544332
Q75554077	6000000031583195701
Q75554081	6000000031584997869
Q75554100	6000000002115845675
Q75554103	6000000005437990564
Q75554116	6000000012549672843
Q75554195	6000000012549691184
Q75554267	6000000012549850752
Q75554287	6000000012549509738
Q75554292	6000000012549917573
Q75554298	6000000029500998297
Q75554424	6000000024724999382
Q75554502	6000000011060062653
Q75554571	6000000055156612822
Q75554575	6000000012549819340
Q75554632	6000000070696217821
Q75554638	6000000012549495572
Q75554645	6000000046471101831
Q75554648	6000000041345643674
Q75554652	6000000001384215370
Q75554740	6000000065497157850
Q75554753	6000000021934295129
Q75554763	6000000017115784289
Q75554765	6000000031585587239
Q75554813	6000000017115621240
Q75554814	6000000017115602622
Q75554924	6000000020558788544
Q75554946	6000000020558799281
Q75554950	6000000020558960106
Q75554964	6000000020207857188
Q75554967	6000000021934113386
Q75554972	6000000021966813888
Q75554994	6000000028666309851
Q75554998	6000000037917353401
Q75555001	6000000028666226095
Q75555031	6000000028666285854
Q75555124	6000000031075496094
Q75555127	6000000031075555972
Q75555139	6000000025739049119
Q75555204	6000000008448096410
Q7555530	6000000041367763132
Q7555542	6000000060904183071
Q7555551	5023501656180036903
Q75555528	6000000003087110618
Q7555555	6000000040148775882
Q75555566	6000000023175528953
Q75555579	6000000014255431815
Q7555558	6000000050955817038
Q75555582	6000000013428506466
Q7555570	6000000019114263855
Q75555836	6000000014255698117
Q75555842	6000000068586845833
Q75555844	6000000100871985914
Q75555847	6000000014255684140
Q75555849	6000000026298014318
Q75555854	6000000026297810803
Q75555857	6000000026298278103
Q7555586	6000000131172509428
Q75555867	6000000026285868003
Q75555870	6000000026285353599
Q75555872	6000000026295629529
Q75555875	6000000026294204145
Q75555921	6000000026296843614
Q75555922	6000000026285519930
Q75555925	6000000026285353005
Q75555989	6000000026285203867
Q75556054	6000000100870602149
Q75556059	6000000100871657928
Q75556062	6000000100871954011
Q75556068	6000000100919648109
Q75556070	6000000100919881086
Q75556075	6000000100919797020
Q75556078	6000000100920438048
Q75556083	6000000100920597987
Q75556098	6000000100920869855
Q75556101	6000000100920835925
Q75556103	6000000100918829187
Q75556117	6000000100872098965
Q75556194	6000000100872594909
Q75556230	6000000100872808862
Q75556240	6000000100871819836
Q75556245	6000000100870631167
Q75556246	6000000100870441879
Q75556252	6000000100870553848
Q75556264	6000000100872158085
Q75556267	6000000100914365842
Q75556271	6000000100914852873
Q75556275	6000000100918744889
Q75556277	6000000100919050915
Q75556279	6000000100918474932
Q75556285	6000000100918656946
Q75556290	6000000100918610009
Q75556338	6000000100919166041
Q75556367	6000000031786150948
Q75556370	6000000031786075196
Q75556372	6000000031786088512
Q75556386	6000000031785600116
Q75556393	6000000031785886372
Q75556397	6000000053137732832
Q75556398	6000000031785730467
Q75556413	6000000008447845757
Q75556417	3923020515020111381
Q75556419	6000000014255581445
Q75556420	6000000031785893195
Q75556426	6000000031785977870
Q75556518	6000000011853346887
Q75556555	6000000008200514217
Q75556564	6000000002689088712
Q75556791	6000000024816415547
Q75556794	6000000013525951085
Q75556831	6000000001866932547
Q75556833	4809697939700078361
Q75556837	6000000013525701214
Q75556841	6000000053266856850
Q75556896	6000000013525756141
Q75557045	6000000014749821606
Q75557112	6000000014246192407
Q75557219	6000000055620234933
Q75557228	6000000010372318777
Q75557232	6000000037904783052
Q75557240	6000000031533480286
Q75557242	6000000031533382519
Q75557258	6000000017115603954
Q75557298	6000000098592425822
Q75557330	6000000109828387052
Q75557335	6000000109828387076
Q75557340	6000000109828387070
Q75557351	6000000110500362822
Q75557378	6000000020625822070
Q75557398	6000000008946036381
Q75557442	6000000016908376139
Q75557459	6000000003370250827
Q75557461	6000000015500890233
Q75557463	6000000026163215454
Q75557466	6000000026176993698
Q75557469	6000000015500923075
Q75557471	6000000015500877204
Q75557472	6000000110500362881
Q75557478	6000000110500362843
Q75557486	6000000110500362837
Q75557543	6000000019982771446
Q75557591	6000000033617405329
Q75557628	6000000004867826347
Q75557741	6000000139661411924
Q75557807	6000000006444102852
Q75557813	6000000006444102840
Q75557838	6000000001877544187
Q75557842	6000000032310394636
Q75557844	6000000032310774236
Q75557855	6000000029596826064
Q75557856	6000000015929092010
Q75557858	6000000015928822638
Q75557860	6000000015928881974
Q75558038	6000000006444665466
Q75558042	6000000006444557346
Q75558045	6000000006083621335
Q75558055	6000000003378552256
Q75558057	6000000006921450302
Q75558058	6000000001544446261
Q75558061	6000000006341493253
Q75558077	6000000006083814037
Q75558088	6000000002188008996
Q75558116	6000000031074845876
Q75558121	6000000079237489138
Q75558286	6000000003891009751
Q75558301	6000000020611820471
Q75558321	6000000006444115693
Q75558326	6000000003649889920
Q75558348	6000000000770008399
Q75558367	6000000002244361231
Q75558373	6000000006444402123
Q75558517	6000000006605728305
Q75558562	6000000080067087255
Q75558638	6000000003036831655
Q75558672	6000000006092376098
Q75558739	6000000015221591685
Q75558744	6000000028710638385
Q75558749	6000000037815401346
Q75558753	6000000016301765003
Q75559	6000000010323463019
Q75559051	6000000013057202407
Q75559053	6000000031077677079
Q75559054	6000000031077520473
Q75559064	6000000013056108807
Q75559126	6000000018678289628
Q75559196	6000000037930974381
Q75559224	6000000032999498743
Q75559230	6000000032998617329
Q75559241	6000000033002485504
Q75559368	6000000055398156062
Q75559375	6000000055398183088
Q75559437	6000000055398017140
Q75559439	6000000055398386821
Q75559442	6000000055398071050
Q75559445	6000000061374541918
Q75559448	6000000061374644862
Q75559468	6000000015652224210
Q75559485	6000000081134306187
Q75559494	6000000022789811693
Q75559771	6000000016124270203
Q75559803	6000000038092643007
Q75559807	6000000023342019092
Q75559816	6000000024452334046
Q75559818	6000000024452467959
Q75559879	6000000031078053344
Q75559884	6000000013949233323
Q75559891	6000000053328581239
Q75559893	6000000025573682238
Q75559964	6000000037816584533
Q75559988	6000000014049681488
Q75559993	6000000010372439751
Q75560002	6000000014050088420
Q75560004	6000000014050829502
Q75560019	6000000014050166345
Q75560023	6000000014049730881
Q75560043	6000000035929602825
Q75560065	6000000066468967972
Q75560195	6000000013490843090
Q75560237	6000000013490730088
Q75560250	6000000013490843100
Q75560313	6000000034877939856
Q75560343	6000000063299877934
Q75560345	6000000005437489976
Q75560347	6000000063300159830
Q75560348	6000000063300200856
Q75560358	6000000063300191874
Q75560360	6000000063300247851
Q75560363	6000000063299848942
Q75560366	6000000016071070431
Q75560372	6000000016364448077
Q75560376	6000000013490692302
Q75560407	6000000014191459404
Q75560414	6000000013490824047
Q75560429	6000000013490797267
Q75560434	6000000013490737313
Q75560537	6000000055397937049
Q75560539	6000000055397861821
Q75560547	6000000045054286828
Q75560550	6000000045054193978
Q75560553	6000000075291304968
Q75560593	6000000045053152468
Q75560597	6000000045053638966
Q75560718	6000000000579608197
Q75560849	6000000027670864592
Q75560936	6000000008486694006
Q75560944	6000000006444082494
Q75561216	6000000006444082557
Q75561239	6000000003615547826
Q75561264	6000000000352440476
Q75561268	6000000000352440696
Q75561271	6000000000352440724
Q75561274	6000000039552211307
Q75561282	6000000006101202818
Q75561288	6000000003178014605
Q75561342	6000000024105679211
Q75561386	6000000010423462404
Q75561432	6000000002802957659
Q75561477	6000000011242653058
Q75561573	6000000014893058451
Q75561577	6000000029597733844
Q75561579	6000000029597605953
Q75561581	6000000015929054065
Q75561622	6000000015941673764
Q75561624	6000000015941978746
Q75561631	6000000027191401371
Q75561647	6000000027191585664
Q75562094	6000000029358896870
Q75562096	6000000029357428319
Q75562100	6000000011853592092
Q75562101	6000000011853725249
Q75562113	6000000052066901003
Q75562130	6000000017198194083
Q75562133	6000000017194704992
Q75562144	6000000017201548475
Q75562149	6000000017196624279
Q75562154	6000000017196556960
Q75562158	6000000017196747477
Q75562161	6000000017196622423
Q75562176	6000000017196438379
Q75562299	6000000031078583386
Q75562300	6000000032453949798
Q75562353	6000000053039918882
Q75562360	6000000053039659988
Q75562362	6000000053039698895
Q75562373	6000000053039728860
Q75562376	6000000057182952414
Q75562378	6000000053029992895
Q75562381	6000000093197261529
Q75562387	6000000027385609343
Q75562447	6000000026271095570
Q75562449	6000000046916847912
Q75562492	6000000052153759245
Q75562494	6000000026270791520
Q75562510	6000000033519626923
Q75562531	6000000031078765941
Q75562538	6000000052156525857
Q75562540	6000000052156227919
Q75562679	6000000054637827878
Q75562682	6000000054637796880
Q75562683	6000000054638058845
Q75562686	6000000054638048825
Q75562689	6000000054636701578
Q75562690	6000000054637639963
Q75562696	6000000054637199208
Q75562702	6000000054637591987
Q75562709	6000000054637032259
Q75562710	6000000008759695765
Q75562830	6000000055372877953
Q75562855	6000000013342812611
Q75562867	6000000018978910781
Q75562872	6000000005438503895
Q75562890	6000000018979394510
Q75562894	6000000034387927120
Q75562895	6000000034387740517
Q75562900	6000000034388037236
Q75562908	6000000018979244452
Q75562913	6000000018979455058
Q75562918	6000000018979106964
Q75562920	6000000018979443063
Q75562925	6000000018978120879
Q75562927	6000000013840844873
Q75562930	6000000018978246295
Q75562957	6000000012391273031
Q75562981	6000000013343081104
Q75562985	6000000013343166436
Q75562987	6000000019519590665
Q75562992	6000000034818430026
Q75562995	6000000052095020896
Q75562997	6000000052094473995
Q75563000	6000000052095148821
Q75563001	6000000052095019881
Q75563004	6000000052088144899
Q75563011	6000000052094996929
Q75563031	6000000034818340029
Q75563034	6000000076603529821
Q75563055	6000000034818387125
Q75563077	6000000034818294080
Q75563080	6000000076592669821
Q75563094	6000000019520542144
Q75563107	6000000052093299834
Q75563108	6000000052093263868
Q75563136	6000000013343170258
Q75563145	6000000052094315897
Q75563156	6000000052094295917
Q75563177	6000000054061030854
Q75563181	6000000054060650134
Q75563382	6000000013155351831
Q75563432	6000000013328476103
Q75563452	6000000027524213016
Q75563454	6000000013332596100
Q75563456	6000000013332367999
Q75563488	6000000012663118009
Q75563491	6000000012662704978
Q75563493	6000000012662794367
Q75563500	6000000012663392255
Q75563504	6000000012662606048
Q75563535	6000000019517083762
Q75563538	6000000025862363196
Q75563541	6000000012663481421
Q75563543	6000000012663415820
Q75563561	6000000025862875438
Q75563565	6000000025863073983
Q75563567	6000000052434057871
Q75563571	6000000052433695024
Q75563591	6000000052493298189
Q75563596	6000000025863628658
Q75563635	6000000020627992965
Q75563639	6000000020627890760
Q75563640	6000000020627792586
Q75563641	6000000020627977998
Q75563709	6000000020627860405
Q75563712	6000000020627829179
Q75563714	6000000020627956501
Q75563716	6000000020627914268
Q75563749	6000000020628094170
Q75563753	6000000012663522375
Q75563754	6000000012663618365
Q75563759	6000000012663746226
Q75563760	6000000012663651473
Q75563766	6000000012663744359
Q75563771	6000000012663527953
Q75563777	6000000012663506184
Q75563781	6000000012663569636
Q75563829	6000000020627987672
Q75563867	6000000025678639770
Q75563875	6000000012390672332
Q75563941	6000000020628089021
Q75563979	6000000025944436024
Q75563994	6000000029754584919
Q75564038	6000000025578946007
Q75564042	6000000109848555659
Q75564050	6000000025578258017
Q75564052	6000000002116190965
Q75564057	6000000025578200905
Q75564058	6000000025579186830
Q75564086	6000000025577750047
Q75564096	6000000055373073855
Q75564098	6000000055372786931
Q75564102	6000000055372546104
Q75564105	6000000016694796698
Q75564106	6000000020259125982
Q75564149	6000000018211045045
Q75564152	6000000022201396923
Q75564158	6000000022201314303
Q75564161	6000000022201384013
Q75564167	6000000028063942655
Q75564183	6000000181937321833
Q75564215	6000000042756348867
Q75564226	6000000010235566899
Q75564468	6000000018211009095
Q75564472	6000000011935179653
Q75564475	6000000018210857395
Q75564481	6000000026405877752
Q75564487	6000000026406546923
Q75564488	6000000026406517580
Q75564713	6000000013324331532
Q75564714	4068291351600123292
Q75564714	6000000013323906183
Q75564720	6000000027523881622
Q75564726	6000000014402703144
Q75564731	6000000014401267292
Q75564739	6000000010973549572
Q75564747	6000000010973263050
Q75564755	6000000014402332522
Q75564768	6000000010973402689
Q75564832	6000000020372927899
Q75564838	6000000020376889180
Q75564840	6000000013660350523
Q75564871	6000000020376975086
Q75564894	6000000020376860179
Q75564898	6000000032241192935
Q75564903	6000000020372919972
Q75564916	6000000030033758238
Q75564921	6000000030035921931
Q75564955	6000000056921232988
Q75564998	6000000017364203817
Q75565000	6000000003495332865
Q75565020	6000000049910688963
Q75565059	6000000049910771191
Q75565062	6000000050199414156
Q75565114	6000000003649776785
Q75565401	6000000013427617674
Q75565405	6000000056432802058
Q75565406	6000000046469088840
Q75565423	6000000056433009924
Q75565427	6000000046468971874
Q75565430	6000000030499670254
Q75565592	6000000006820998096
Q75565783	6000000013663659263
Q75565786	6000000013663295751
Q75565788	6000000013663689160
Q75565801	6000000013663796002
Q75565804	6000000012435485420
Q75565807	6000000013663903060
Q75565808	6000000017912920115
Q75565812	6000000017912527836
Q75565818	6000000017913038039
Q75565819	6000000017912660219
Q75565821	6000000017912702500
Q75565828	6000000013663818617
Q75565832	6000000002115894959
Q75565834	6000000017912689145
Q75565840	6000000021464851456
Q75565842	6000000054276483873
Q75565845	6000000011541346465
Q75565885	6000000006721276212
Q75566014	6000000020893216777
Q75566020	6000000025489256641
Q75566023	6000000025489153121
Q75566029	6000000025489315031
Q75566066	6000000030131063627
Q75566146	6000000042598578324
Q75566151	6000000042580114368
Q75566360	6000000053800346855
Q75566364	6000000018283945167
Q75566368	6000000053787647058
Q75566370	6000000052003388179
Q75566459	6000000053248829940
Q75566488	6000000012771711430
Q75566488	6000000033547832465
Q75566503	6000000018283664759
Q75566506	6000000031034889618
Q75566520	6000000053248482066
Q75566521	6000000016820382873
Q75566607	6000000055042678967
Q75566628	6000000015095901155
Q75566676	5295844596360087128
Q75566710	6000000006444635005
Q75566769	6000000019208347770
Q75566785	6000000018062204121
Q75566849	6000000031875226855
Q75566969	6000000160382431821
Q75567053	6000000013751757382
Q75567057	6000000013751891307
Q75567065	6000000072256401100
Q75567125	6000000005438412427
Q75567133	6000000017197391464
Q75567153	6000000017199296075
Q75567155	6000000017198808914
Q75567180	6000000082790299841
Q75567189	6000000075733180295
Q75567227	6000000003891751159
Q75567235	6000000010945520746
Q75567277	6000000003649771525
Q75567311	6000000008522267475
Q75567327	6000000000792298142
Q75567398	6000000012701351228
Q75567415	6000000010863748239
Q75567418	6000000012995127225
Q75567504	6000000002413317173
Q75567506	6000000011842199739
Q75567564	6000000019470297024
Q75567565	6000000026118952932
Q75567568	6000000026117741782
Q75567574	6000000013226583360
Q75567589	6000000017276878910
Q75567592	6000000026118741156
Q75567595	6000000026118695199
Q75567601	6000000020164642478
Q75567627	6000000062319008146
Q75567762	6000000019379896874
Q75567764	6000000054070839295
Q75567844	6000000055408768947
Q75567864	6000000026013998012
Q75567882	6000000020382413404
Q75567884	6000000018496845110
Q75567901	6000000183491021822
Q75568	6000000008429031324
Q75568035	6000000003370232297
Q75568132	6000000004097649275
Q75568159	6000000011884938203
Q75568163	6000000011657607304
Q75568176	6000000055465043014
Q75568194	6000000011662756869
Q75568282	6000000018106085535
Q75568308	6000000013664037099
Q75568315	6000000013664094181
Q75568319	6000000003681572206
Q75568337	6000000014733472598
Q75568367	6000000011567135313
Q75568446	6000000008604797161
Q75568465	6000000046558735963
Q75568478	6000000046559454570
Q75568492	6000000042190290156
Q75568501	6000000019410707039
Q75568502	6000000056433325099
Q75568512	6000000014504631464
Q75568534	6000000012433335359
Q75568548	6000000013514462048
Q75568555	6000000035083032889
Q75568562	6000000013514295783
Q75568563	6000000013514409259
Q75568588	6000000013514397231
Q75568672	6000000008135829496
Q75568747	6000000027071515611
Q75568874	6000000002413233609
Q75568884	6000000015907103949
Q75568889	6000000015907427472
Q75568900	6000000015906771270
Q75568998	6000000032955494520
Q75569056	6000000041047641522
Q75569068	6000000041047786020
Q75569089	6000000011588407631
Q75569113	6000000025972742071
Q75569115	6000000025972742269
Q75569127	6000000001504285727
Q75569132	6000000025524574694
Q75569133	6000000030085161015
Q75569135	6000000025524794824
Q75569136	6000000024143840416
Q75569139	6000000014215852323
Q75569141	6000000016068665506
Q75569146	6000000028334874872
Q75569147	6000000028334010741
Q75569154	6000000001504225684
Q75569158	6000000014218068427
Q75569160	6000000014218512003
Q75569161	6000000014218422189
Q75569164	6000000001504576902
Q75569168	6000000014215066659
Q75569175	6000000017402170031
Q75569178	6000000014216282083
Q75569182	6000000025498343843
Q75569184	6000000028014139994
Q75569195	6000000025037682905
Q75569200	6000000023284850066
Q75569203	6000000018208825092
Q75569210	6000000001068150898
Q75569213	6000000007994337588
Q75569220	6000000004668399880
Q75569221	6000000012390865013
Q75569223	6000000012391097544
Q75569224	6000000004668627398
Q75569227	6000000004668606145
Q75569228	6000000004668680164
Q75569230	6000000004668573405
Q75569238	6000000007254907558
Q75569241	6000000007254753359
Q75569261	6000000010191780209
Q75569321	6000000007015852312
Q75569323	6000000040832064683
Q75569454	6000000007016128005
Q75569460	6000000007354784264
Q75569462	6000000001095029868
Q75569465	6000000005082118502
Q75569469	6000000005082287534
Q75569470	6000000005082385997
Q75569473	6000000005082405121
Q75569522	6000000005082876568
Q75569539	6000000021484943821
Q75569540	6000000005082971748
Q75569542	6000000021482558286
Q75569545	6000000005083167333
Q75569553	6000000021482387687
Q75569555	6000000021482569584
Q75569569	6000000017824043197
Q75569572	6000000017824058184
Q75569573	6000000017824108032
Q75569582	6000000001058628547
Q75569583	6000000001095126065
Q75569587	6000000001095123926
Q75569593	6000000001095298206
Q75569624	6000000001058575338
Q75569626	6000000001058617277
Q75569629	6000000001095605064
Q75569632	6000000001095648093
Q75569680	6000000009743198432
Q75569698	6000000007244688765
Q75569749	6000000039376833915
Q75569768	6000000003249613428
Q75569779	6000000011546153066
Q75569821	6000000010156832535
Q75569832	6000000032310581288
Q75569895	6000000029381069872
Q75569907	6000000011467176261
Q75569916	5181943796500114138
Q75569947	6000000059029284833
Q75570002	6000000020406718893
Q75570012	6000000020398257581
Q75570051	6000000077866832075
Q75570061	6000000037823460577
Q75570064	6000000037824392821
Q75570066	6000000037824207002
Q75570070	6000000015221436839
Q75570072	6000000037824126882
Q75570171	6000000001877509208
Q75570204	6000000011035823687
Q75570223	6000000014244503037
Q75570225	6000000014244394367
Q75570230	6000000010249777512
Q75570240	6000000002354099652
Q75570246	6000000004836902567
Q75570285	6000000017326851398
Q75570292	6000000005619464825
Q75570295	6000000005619442545
Q75570329	6000000103759613990
Q75570348	6000000016549161010
Q75570369	6000000028082038096
Q75570374	6000000010002173291
Q75570376	6000000010001931124
Q75570391	6000000020028730397
Q75570414	6000000011142073937
Q75570592	5139017472650022814
Q75570696	6000000076376078921
Q75570716	6000000006444378658
Q75570728	6000000015761028417
Q75570758	6000000003867900848
Q75570767	6000000006582530228
Q75570917	6000000014162303229
Q75570922	6000000001082797127
Q75570971	6000000008961851652
Q75570985	6000000008958823203
Q75570987	6000000008959515665
Q75570999	6000000020388504500
Q75570999	6000000020388506359
Q75571005	6000000042360160314
Q75571029	6000000038173042089
Q75571047	6000000025438264872
Q75571058	6000000022395194853
Q75571059	6000000008925933963
Q75571065	6000000025438427108
Q75571075	6000000025431343325
Q75571082	6000000025438653822
Q75571283	5573807134870115873
Q75571472	6000000017079593330
Q75571519	6000000017079168643
Q75571537	6000000017079243289
Q75571564	6000000017079280366
Q75571584	6000000017079413449
Q75571587	6000000052172386932
Q75571588	6000000052171988137
Q75571653	6000000017079304180
Q75571656	6000000024617175873
Q75571658	6000000017079420098
Q75571662	6000000024617214823
Q75571664	6000000014560701425
Q75571674	6000000014560577221
Q75571686	6000000017078420981
Q75571690	6000000024616915486
Q75571691	6000000017079288277
Q75571721	6000000024616415764
Q75571722	6000000013990699421
Q75571724	6000000052116086848
Q75571733	6000000030879779713
Q75571831	6000000052119460916
Q75571894	6000000070696316067
Q75571899	6000000070696145143
Q75571902	6000000070696156239
Q75571905	6000000070696470880
Q75571964	6000000052064322097
Q75571991	6000000004148891124
Q75572049	6000000002115875474
Q75572052	6000000000567477481
Q75572082	6000000032954717077
Q75572086	6000000000567601390
Q75572089	6000000000567603438
Q75572183	6000000008913363184
Q75572185	6000000008913866545
Q75572204	6000000017132750793
Q75572214	6000000017132636534
Q75572219	6000000016551582508
Q75572236	6000000016551714434
Q75572239	6000000016551867065
Q75572331	6000000001018955112
Q75572334	6000000001713383096
Q75572336	6000000001713383076
Q75572342	6000000000424814099
Q75572345	6000000002188040679
Q75572567	6000000010229478493
Q75572575	6000000038111829261
Q75572581	6000000002115875608
Q75572587	6000000042039190344
Q75572596	6000000002115875508
Q75572606	6000000030759196732
Q75572623	6000000042039396918
Q75572636	6000000004148880735
Q75572637	6000000026104195733
Q75572669	6000000004148885142
Q75572671	6000000004148885159
Q75572672	6000000030759937956
Q75572678	6000000002116036721
Q75572692	6000000011152224949
Q75572754	6000000028154183046
Q75572755	6000000013694592816
Q75572757	6000000013694906630
Q75572784	6000000011551453037
Q75572841	6000000041286454323
Q75572873	6000000000368352855
Q75572889	6000000023269927470
Q75572896	6000000023270023943
Q75572897	6000000023269764368
Q75572900	6000000000883827141
Q75572920	6000000013942968186
Q75573058	6000000031054102063
Q75573089	6000000186360938834
Q75573122	6000000015916214125
Q75573234	6000000008630952467
Q75573271	6000000044431390846
Q75573281	6000000044434523586
Q75573284	6000000044435045868
Q75573383	6000000016883790190
Q75573398	6000000039275536037
Q75573442	6000000016840230444
Q75573505	6000000006448415522
Q75573512	6000000053318307311
Q75573540	6000000006155918949
Q75573550	6000000029880233940
Q75573576	6000000028985724908
Q75573606	6000000056068803053
Q75573611	6000000012921169646
Q75573623	6000000004867826099
Q75573627	6000000048891121863
Q75573651	6000000000687145349
Q75573655	6000000027855696361
Q75573667	6000000018891648640
Q75573671	6000000019756170841
Q75573686	6000000027835131105
Q75573693	6000000010977712410
Q75573709	6000000004868923092
Q75573732	6000000146917332828
Q75573735	6000000010977430915
Q75573739	6000000010977475078
Q75573747	6000000010977599730
Q75573895	6000000015924871618
Q75573896	6000000015924826572
Q75573919	6000000007061046673
Q75574017	6000000019322001559
Q75574023	6000000055997207137
Q75574170	6000000025223875967
Q75574238	6000000051352538060
Q75574242	6000000051352728144
Q75574245	6000000051353097873
Q75574294	6000000026493704253
Q75574295	6000000026494001879
Q75574339	6000000003086959899
Q75574353	6000000011342643461
Q75574354	6000000031160766082
Q75574357	6000000031160814163
Q75574366	6000000019321765682
Q75574372	6000000019321752797
Q75574381	6000000189236453840
Q75574421	6000000009589088906
Q75574439	6000000013250073770
Q75574442	6000000013249965776
Q75574445	6000000013250084954
Q75574449	6000000013249701253
Q75574454	6000000009589061010
Q75574460	6000000020704475401
Q75574464	6000000004361134854
Q75574470	6000000005761148168
Q75574472	6000000005761063077
Q75574474	6000000009517298425
Q75574475	6000000005760740482
Q75574489	6000000002188552111
Q75574491	6000000002188552117
Q75574514	6000000005760075909
Q75574516	6000000011065144807
Q75574530	6000000008866653695
Q75574533	6000000009467866591
Q75574536	6000000005761183134
Q75574537	6000000016147538494
Q75574539	6000000016147470501
Q75574545	6000000046474387159
Q75574550	6000000025223175602
Q75574570	6000000013024483118
Q75574574	6000000025223889839
Q75574594	6000000010793006235
Q75574609	6000000000650201378
Q75574631	6000000030038745507
Q75574632	6000000034132450369
Q75574645	6000000026454766188
Q75574646	6000000026454758439
Q75574705	6000000055612171933
Q75574955	6000000091822842876
Q75575033	6000000052499830412
Q75575034	6000000052500177193
Q75575037	6000000052500061332
Q75575038	6000000052500356978
Q75575084	6000000091343863106
Q75575106	6000000091807154830
Q75575109	6000000091806876992
Q75575113	6000000052480800103
Q75575119	6000000091342868013
Q75575130	6000000052500093089
Q75575154	6000000052499970113
Q75575158	6000000052500412938
Q75575165	6000000052481041976
Q75575190	6000000052481184908
Q75575211	6000000052481059053
Q75575274	5293625976920060467
Q75575301	6000000109827742440
Q75575320	6000000020943887324
Q75575327	6000000016536826262
Q75575330	6000000021728554484
Q75575519	6000000012429488598
Q75575521	6000000012429531378
Q75575529	6000000027259336168
Q75575815	6000000014160498123
Q75575817	6000000004404809018
Q75575884	6000000011804175242
Q75575902	6000000002428272796
Q75575914	6000000026463287834
Q75575915	6000000022923387273
Q75575918	6000000011803051033
Q75575948	6000000081923388056
Q75575958	4163330522520032257
Q75575963	6000000026368066195
Q75576161	6000000004836939019
Q75576180	6000000017275719714
Q75576182	6000000000605909216
Q75576201	6000000007060997520
Q75576210	6000000074679297884
Q75576211	6000000004836937424
Q75576235	6000000008735101864
Q75576340	6000000004338020944
Q75576413	6000000001915739987
Q75576418	6000000031005052082
Q75576507	6000000019226255579
Q75576510	6000000019226253227
Q75576533	6000000002704139167
Q75576622	6000000001821188186
Q75576667	6000000034739290384
Q75576673	6000000034738971688
Q75576704	6000000004973164939
Q75576730	6000000002115812978
Q75576781	6000000011107199196
Q75576866	6000000004973169887
Q75576921	6000000021146818902
Q75576923	6000000021146805476
Q75576956	6000000003504443266
Q75576958	6000000011123674441
Q75576981	6000000013472297524
Q75576999	6000000024387457562
Q75577125	6000000001821190150
Q75577130	6000000038530505012
Q75577166	6000000031060332821
Q75577171	6000000031059687579
Q75577227	6000000015772572743
Q75577234	6000000015874707563
Q75577236	6000000035130885975
Q75577241	6000000015876374582
Q75577300	6000000007090159381
Q75577303	6000000007090114343
Q75577334	6000000009938178717
Q75577358	6000000010304501277
Q75577377	6000000030228423848
Q75577379	6000000019738782783
Q75577397	6000000029824953911
Q75577400	6000000029824979962
Q75577415	6000000051552319889
Q75577417	6000000034442815937
Q75577430	6000000015876386842
Q75577441	6000000011552742144
Q75577444	6000000010289043691
Q75577444	6000000160123951856
Q75577480	6000000010161417898
Q75577529	6000000006891867051
Q75577530	6000000006891702280
Q75577533	6000000006891629320
Q75577539	6000000010862902174
Q75577542	6000000003076288419
Q75577546	6000000004079779460
Q75577549	6000000003076833780
Q75577551	6000000006882795772
Q75577553	6000000006883297508
Q75577555	6000000006883448042
Q75577557	6000000006900056300
Q75577558	6000000006899709919
Q75577562	6000000001475330052
Q75577564	6000000003076126358
Q75577565	6000000022286191736
Q75577571	6000000022289799893
Q75577575	6000000085347547879
Q75577583	6000000000817333217
Q75577585	6000000000817333228
Q75577586	6000000010279857283
Q75577598	6000000006727971816
Q75577599	6000000006728007772
Q75577602	6000000009888617803
Q75577606	6000000006439812924
Q75577608	6000000001475216451
Q75577611	6000000001475316025
Q75577613	6000000001475316041
Q75577616	302580654010001363
Q75577622	6000000006439812969
Q75577624	6000000001540729837
Q75577627	6000000000436796701
Q75577638	6000000003827464889
Q75577704	6000000006881234189
Q75577705	6000000001475005429
Q75577707	6000000001474878917
Q75577709	6000000006816135357
Q75577716	6000000005415306496
Q75577718	6000000005415306592
Q75577719	6000000001854561995
Q75577721	6000000003076288546
Q75577723	6000000002889606561
Q75577785	6000000001293741501
Q75577788	6000000006439812974
Q75577795	6000000001854942306
Q755778	6000000166469937822
Q75577815	6000000000318606073
Q75577829	6000000028632472421
Q75577830	6000000028632495575
Q75577834	6000000006761989565
Q75577836	6000000028632464069
Q75577841	6000000006724754190
Q75577844	6000000006761708988
Q75577846	6000000006762088317
Q75577852	6000000006442297316
Q75577853	6000000003076395199
Q75577863	6000000002677669119
Q75577863	6000000029742167710
Q75577867	6000000000748640984
Q75577885	6000000000748889664
Q75577891	6000000007043508226
Q75577897	6000000094883604823
Q75577902	6000000007042881643
Q75577913	6000000023385993937
Q75577916	6000000009634935832
Q75577927	6000000003232359062
Q75577931	4316809134690054714
Q75577935	4316790185020043803
Q75577935	6000000003086566841
Q75577939	6000000003076222210
Q75577942	6000000026715902910
Q75578010	6000000006446301025
Q75578012	6000000000474908557
Q75578014	6000000006445906237
Q75578015	6000000006446286037
Q75578057	6000000000474908894
Q75578063	6000000006444513424
Q75578065	6000000004237732442
Q75578071	6000000003938276268
Q75578072	6000000006444693266
Q75578074	6000000004237689447
Q75578082	6000000004237732550
Q75578085	6000000003076523663
Q75578086	6000000003484308836
Q75578092	6000000003484308841
Q75578094	6000000003076523655
Q75578123	6000000006444597982
Q75578125	6000000007728661298
Q75578138	6000000002889351576
Q75578146	6000000044451583937
Q75578168	6000000008260301097
Q75578171	6000000008164885839
Q75578175	6000000003075941889
Q75578178	6000000008260380669
Q75578182	6000000006439812998
Q75578192	5200247408800041784
Q75578194	6000000008164880630
Q75578196	6000000000769833681
Q75578198	6000000003075948082
Q75578201	6000000008260490354
Q75578202	6000000007679257936
Q75578204	6000000001363858109
Q75578209	6000000008260494668
Q75578211	6000000002288832581
Q75578212	6000000003938168417
Q75578212	6000000118076825029
Q75578216	6000000001727113570
Q75578218	6000000001142236451
Q75578220	6000000049339901904
Q75578227	6000000007326298490
Q75578241	6000000013281261694
Q75578242	6000000008260468720
Q75578244	6000000007808828919
Q75578250	6000000001356826880
Q75578251	6000000016071727085
Q75578253	6000000006444125848
Q75578309	6000000007809302675
Q75578310	6000000007809302720
Q75578319	6000000006444422414
Q75578320	6000000022675017007
Q75578327	6000000113073634846
Q75578331	6000000003897309413
Q75578334	5685960151780132917
Q75578337	6000000000483281002
Q75578341	6000000000483101838
Q75578348	6000000004630664392
Q75578350	6000000004630664402
Q75578357	6000000002930825688
Q75578358	6000000004630657322
Q75578361	6000000006174776552
Q75578362	6000000004630672408
Q75578389	6000000000524651173
Q75578391	6000000004558400838
Q75578400	6000000008260441792
Q75578402	6000000001998793798
Q75578403	6000000002747912585
Q75578406	6000000002889470298
Q75578413	6000000001998393961
Q75578415	6000000006756546041
Q75578439	6000000003712628861
Q75578440	6000000008165085379
Q75578442	6000000004237638825
Q75578448	6000000008260332658
Q75578449	6000000008260485843
Q75578454	6000000008260332406
Q75578460	6000000077922983905
Q75578461	6000000008260494371
Q75578465	6000000000388865227
Q75578467	6000000002247892648
Q75578471	6000000180311910910
Q75578474	4674522040160029188
Q75578481	6000000095335240927
Q75578487	6000000050897767159
Q75578652	6000000011223541283
Q75578673	5200251233340105642
Q75578680	6000000058770991845
Q75578687	6000000011107477588
Q75578707	6000000007553652858
Q75578722	6000000017953571121
Q75578752	6000000090239349132
Q75578758	6000000007553775317
Q75578771	6000000090239349143
Q75578773	6000000090239349224
Q75578817	6000000010161566176
Q75578827	6000000007553481904
Q75578831	6000000022567388284
Q75578832	6000000022567239443
Q75578874	6000000035278138886
Q75578887	6000000014798464171
Q75578891	6000000010161763677
Q75578905	6000000022567253434
Q75579006	6000000001465521351
Q75579062	6000000001465518734
Q75579161	6000000096308138834
Q75579181	6000000011152426034
Q75579289	6000000006449174018
Q75579331	6000000025234366970
Q75579335	6000000007261268528
Q75579336	6000000013230550903
Q75579370	6000000025234604947
Q75579433	6000000034809733946
Q75579498	6000000002286916603
Q75579504	6000000000922674161
Q75579532	6000000002116337747
Q75579535	6000000053129374894
Q75579614	6000000053129392853
Q75579617	6000000053129190033
Q75579689	6000000031020972801
Q75579915	6000000025232575228
Q75579939	6000000117996223881
Q75579955	6000000025239158072
Q75579957	6000000036946948380
Q75580037	6000000002504781574
Q75580039	6000000002504794558
Q75580097	6000000011853545747
Q75580181	6000000018571182599
Q75580398	6000000016169671529
Q75580429	6000000008630701631
Q75580433	6000000025570113316
Q75580464	6000000019050035071
Q75580475	6000000034760932299
Q75580489	6000000006101404603
Q75580496	6000000013297319325
Q75580545	6000000004882888412
Q75580630	6000000030939730321
Q75580686	6000000030988941034
Q75580755	6000000030988352728
Q75580756	6000000030988853134
Q75580762	6000000030988567560
Q75580763	6000000030988907010
Q75580773	6000000030988970974
Q75580869	6000000029324392155
Q75580872	6000000051502189858
Q75580920	6000000003883036665
Q75580929	6000000003525829849
Q75580931	276117
Q75580964	6000000003478908238
Q75580967	6000000007286609736
Q75581035	6000000076929434542
Q75581043	6000000076930095307
Q75581051	6000000013536586010
Q75581150	6000000026200535218
Q75581249	6000000005018628699
Q75581254	6000000013926083155
Q75581258	6000000050180721883
Q75581265	6000000020774673384
Q75581268	6000000020774725711
Q75581308	6000000020774751204
Q75581313	6000000021193380117
Q75581384	6000000011014160734
Q75581389	6000000015863997391
Q75581393	6000000015863924408
Q75581404	6000000015883535879
Q75581414	6000000020223844210
Q75581500	6000000058535037885
Q75581507	6000000005950182590
Q75581511	5631667481470104294
Q75581512	6000000009837352881
Q75581550	6000000009837395093
Q75581594	6000000040087345716
Q75581598	6000000014024478101
Q75581605	6000000058539034005
Q75581619	6000000080583602202
Q75581622	6000000017647735088
Q75581653	6000000080582983454
Q75581654	6000000080583789111
Q75581665	6000000058536535100
Q75581966	6000000027124905881
Q75582013	6000000109661662914
Q75582016	6000000109662046821
Q75582137	6000000001153676894
Q75582160	6000000000076316258
Q75582162	6000000034336779821
Q75582163	6000000031928070762
Q75582167	6000000051498817445
Q75582170	6000000051503644885
Q75582171	6000000051504008844
Q75582175	6000000015876422286
Q75582178	6000000031928142785
Q75582194	6000000031928812022
Q75582198	6000000051505662832
Q75582235	6000000051505803821
Q75582250	6000000051503665896
Q75582275	6000000051502705038
Q75582301	6000000051501106280
Q75582314	6000000031928627062
Q75582319	6000000031928593145
Q75582334	6000000000076321028
Q75582339	6000000002188670969
Q75582440	6000000054227266154
Q75582505	6000000015884564482
Q75582517	6000000015500789824
Q75582518	6000000016908006855
Q75582520	6000000016908261099
Q75582528	6000000015865602081
Q75582618	6000000051551621913
Q75582638	6000000008394942349
Q75582676	6000000008259775679
Q75582708	6000000008032280444
Q75582766	6000000002273958008
Q75582766	6000000025891561781
Q75582787	6000000011360723779
Q75582810	6000000011360480122
Q75582818	6000000055614722878
Q75583012	6000000024946076206
Q75583026	6000000025001993401
Q75583039	6000000024946014060
Q75583045	6000000012402371610
Q75583052	6000000024945858373
Q75583060	6000000024946058593
Q75583063	6000000024946045219
Q75583079	6000000024945948433
Q75583085	6000000024946257957
Q75583087	6000000024945582749
Q75583088	6000000024945989745
Q75583091	6000000024945826582
Q75583095	6000000024945989774
Q75583106	6000000024945762666
Q75583118	6000000002771714039
Q75583128	6000000024946277872
Q75583161	6000000024945954325
Q75583223	6000000024946269870
Q75583608	6000000055456162377
Q75583644	6000000071328111919
Q75583648	6000000013196996961
Q75583650	6000000013218267030
Q75583689	6000000018216659209
Q75583704	6000000013693389686
Q75583718	6000000026090569612
Q75583832	6000000008896294251
Q75583850	6000000008896343213
Q75583901	6000000013942708983
Q75583960	6000000008896223659
Q75583963	6000000008895892180
Q75583964	6000000017444313514
Q75583967	6000000017444270639
Q75583982	6000000017444296454
Q75584038	6000000026089802573
Q75584043	6000000026089776582
Q75584076	6000000007402375286
Q75584085	6000000028620280942
Q75584090	6000000034458593821
Q75584101	6000000071328584825
Q75584103	6000000007402361318
Q75584119	6000000028765413865
Q75584144	6000000046277317897
Q75584195	6000000045480987872
Q75584235	6000000022322915632
Q75584279	6000000003971601175
Q75584282	6000000003971287999
Q75584355	6000000003971565140
Q75584357	6000000003971439320
Q75584391	6000000003972172270
Q75584530	6000000023079481760
Q75584532	6000000034580723752
Q75584534	6000000023080358097
Q75584536	6000000025041686331
Q75584537	6000000025041873121
Q75584539	6000000025041883676
Q75584549	6000000023414038397
Q75584553	6000000023414622155
Q75584554	6000000023414491238
Q75584558	6000000023414828954
Q75584560	6000000023414759964
Q75584563	6000000023414810022
Q75584590	6000000033547942864
Q75584724	6000000052941798856
Q75584725	6000000052941732845
Q75584791	6000000022924806914
Q75584792	6000000014190771878
Q75584796	6000000014190844287
Q75584810	6000000014190842287
Q75584860	6000000089918936003
Q75584872	6000000014809130303
Q75584887	6000000055610223945
Q75584889	6000000055610198924
Q75584891	6000000089854115052
Q75584897	6000000089854115080
Q75584931	6000000014058269406
Q75584968	6000000011853621525
Q75584973	6000000011853722358
Q75584981	6000000011853449134
Q75584984	6000000015023434000
Q75584985	6000000011853742336
Q75585	6000000024387148445
Q75585166	6000000013383715143
Q75585168	6000000013384163497
Q75585187	6000000002115970947
Q75585190	6000000013384500757
Q75585218	6000000000517569768
Q75585220	6000000000517546183
Q75585251	6000000008463338674
Q75585253	6000000004850851113
Q75585254	6000000003196435181
Q75585257	6000000006101401749
Q75585266	6000000006101401737
Q75585296	6000000004172548380
Q75585336	6000000018483041843
Q75585337	6000000037735635089
Q75585440	6000000174260536923
Q7558551	6000000112214891980
Q75585676	6000000035473862642
Q75585680	6000000035475037145
Q75585681	6000000038234318101
Q75585683	6000000038234722888
Q75585684	6000000038234844833
Q75585695	6000000038234684903
Q75585701	6000000038234174364
Q75585702	6000000038234583996
Q75585704	6000000038234703951
Q75585705	6000000038234842892
Q75585709	6000000038234685941
Q7558571	6000000000496618568
Q75585723	6000000038234311057
Q75585726	6000000038233215695
Q75585754	6000000038234638847
Q75585756	6000000038234136159
Q75585759	6000000000765789098
Q7558576	6000000013269498313
Q75585771	6000000067355449336
Q7558580	6000000079141799293
Q75585859	6000000000765650550
Q75585870	6000000014320460813
Q75585871	6000000018484946200
Q75585875	6000000018485225742
Q75585877	6000000037731221434
Q75585880	6000000087598391971
Q7558590	5162683630450048079
Q75585932	6000000092581569155
Q7558600	6000000007538872281
Q75586014	6000000023994056653
Q75586058	6000000023047456597
Q75586059	6000000023047903061
Q75586095	6000000023047374811
Q75586101	6000000023047630664
Q75586117	6000000023048124955
Q75586132	6000000023048498005
Q75586144	6000000015807151292
Q75586146	6000000023047736619
Q75586168	6000000026118277431
Q75586170	6000000107276455998
Q75586198	6000000020610878588
Q75586206	6000000020610788675
Q75586209	6000000044924579821
Q7558621	6000000020733501118
Q75586238	6000000044924615822
Q75586289	6000000044925042831
Q7558630	6000000008717594619
Q75586379	6000000003086954036
Q75586387	6000000003086959024
Q75586396	6000000037816929626
Q75586398	6000000003086942092
Q75586414	6000000009506044270
Q75586422	6000000014514634066
Q75586426	6000000014514402930
Q75586467	6000000007336914855
Q75586512	6000000008789263698
Q75586660	6000000041487993902
Q75586667	6000000014740839165
Q75586765	6000000006606252035
Q75586788	6000000010717682814
Q75586796	6000000016578830266
Q7558682	6000000012713501615
Q75586828	6000000003827885577
Q7558686	6000000139509400872
Q75586891	6000000068760704871
Q75586907	6000000019707638744
Q75586911	6000000019708151102
Q75586913	6000000010801812638
Q7558692	6000000175616294858
Q7558693	6000000004693636109
Q75586981	6000000023361757715
Q7558708	6000000012615300269
Q75587084	6000000040521802029
Q75587116	6000000011193598106
Q7558715	6000000105415956001
Q7558725	6000000102639180854
Q7558731	6000000024358782938
Q75587359	6000000001399467941
Q75587360	6000000002115904229
Q75587377	6000000014529978440
Q75587458	6000000043756337882
Q75587461	6000000043793566627
Q75587476	6000000018726718572
Q7558749	6000000015855533876
Q75587501	6000000024464934925
Q75587509	6000000025441145928
Q75587515	6000000002115953026
Q75587522	6000000042577789595
Q7558756	6000000093113423822
Q7558757	6000000000281045290
Q75587660	6000000035636701225
Q7558768	6000000005931586232
Q75587686	6000000021676746210
Q7558770	6000000021478448551
Q75587730	6000000014892784888
Q75587732	6000000014893194498
Q7558777	6000000117742103111
Q75587787	6000000018969308184
Q75587850	6000000034966764692
Q75587851	6000000052230693827
Q75587896	6000000034404978545
Q75587923	6000000005735102108
Q75588008	6000000000769976591
Q75588010	6000000000769976581
Q75588056	6000000017248223993
Q75588129	6000000078926283678
Q75588222	6000000016253251904
Q75588255	6000000015290728089
Q75588277	6000000016997165545
Q75588286	6000000008507657462
Q75588292	6000000026382201301
Q75588297	6000000016253333463
Q75588340	6000000026369994616
Q75588343	6000000015066092414
Q75588452	388841762330012511
Q75588460	6000000019372968392
Q75588501	6000000016303376742
Q75588502	6000000016303647771
Q75588504	6000000016303791099
Q75588505	6000000016303351754
Q75588507	6000000016303740741
Q75588509	6000000016843721540
Q75588559	6000000016303943119
Q75588561	6000000016303903060
Q75588565	6000000016303880631
Q75588595	6000000030999626199
Q75588601	6000000017416044315
Q75588635	6000000088408780397
Q75588636	6000000037979086607
Q75588638	6000000037979715930
Q75588639	6000000006930943888
Q75588741	6000000003562823997
Q75588743	6000000008834597078
Q75588749	6000000008834573779
Q75588819	6000000008835733015
Q75588857	6000000049141772914
Q75588945	6000000017337708703
Q75588948	6000000015101139336
Q75589081	6000000015409999643
Q75589093	6000000012825326921
Q75589095	6000000016518474103
Q75589143	6000000015410495941
Q75589316	6000000031241035390
Q75589324	6000000040400550329
Q75589334	6000000054367872840
Q75589402	6000000017287432697
Q75589412	6000000089594111840
Q75589414	6000000074195605849
Q75589590	6000000030991627919
Q75589621	6000000035141595849
Q75589624	6000000035141414240
Q75589626	6000000029143862333
Q75589629	6000000026694859758
Q75589629	6000000029144006023
Q75589658	6000000017332639359
Q75589707	6000000001490547786
Q75590041	6000000009335587101
Q75590044	6000000003572070707
Q75590054	6000000001877470129
Q75590056	6000000055257115909
Q75590057	6000000055256523055
Q75590074	6000000017808448500
Q75590116	6000000005437612151
Q75590118	6000000005437560954
Q7559012	6000000003401260725
Q7559013	6000000190675050824
Q75590170	6000000018076920884
Q75590172	6000000018077204703
Q75590175	6000000018077608356
Q75590183	6000000023956204665
Q75590184	6000000023970499069
Q75590187	6000000023970115540
Q75590189	6000000001153820851
Q75590191	6000000001153909081
Q75590213	6000000015916321114
Q75590234	6000000006578488260
Q75590254	6000000055579488187
Q75590258	6000000021490563742
Q75590259	6000000021491134833
Q75590261	6000000016792383539
Q75590263	6000000022847426842
Q75590279	6000000015538089400
Q75590280	6000000015537995531
Q75590282	6000000015549354428
Q75590283	6000000018869580987
Q75590292	6000000015549254207
Q75590362	6000000037199868189
Q75590366	6000000037124212091
Q75590371	6000000037200259846
Q75590456	6000000037199429427
Q75590466	6000000037200287894
Q75590469	6000000037199484596
Q75590536	6000000002913484426
Q75590539	6000000031237756904
Q75590602	6000000017223850303
Q75590604	6000000019517887009
Q75590614	6000000008604717983
Q75590615	6000000017320682069
Q75590649	6000000003960066689
Q75590675	6000000003836242652
Q75590685	6000000003304956510
Q75590687	6000000003840271455
Q75590690	6000000003840877417
Q75590703	6000000003841012957
Q75590748	6000000003836034981
Q75590755	6000000075294446931
Q75590793	6000000029923048544
Q75590800	6000000009649629042
Q75590812	6000000009649589493
Q75590819	6000000009649615563
Q75590820	6000000009649500850
Q75590864	6000000016537055326
Q75590868	6000000016536680964
Q75590881	6000000016535515753
Q75590893	6000000016535860625
Q75590949	6000000036032730983
Q75590951	6000000036032711024
Q755910	6000000043517005844
Q75591015	6000000041479499343
Q7559108	6000000178144023853
Q75591086	6000000047949858945
Q75591220	6000000019624848041
Q75591221	6000000019624696727
Q75591262	6000000029923405152
Q75591282	6000000020941363135
Q75591330	6000000021752836717
Q75591352	6000000011808576086
Q75591361	6000000002665816089
Q75591363	6000000002665802175
Q75591368	6000000002313813829
Q75591378	6000000002665671690
Q75591381	6000000004405534060
Q75591386	6000000002665903122
Q75591390	6000000002424886732
Q75591399	6000000002666122330
Q75591411	6000000002670723232
Q75591413	6000000002667658086
Q75591414	6000000002668749231
Q75591417	6000000002670357401
Q75591436	6000000013455715021
Q75591437	6000000055980123875
Q75591452	6000000041804066083
Q75591454	6000000041803462775
Q75591459	6000000109874556870
Q75591483	6000000003216099516
Q75591488	6000000025765338469
Q75591516	6000000009887203364
Q75591526	6000000019396979898
Q75591532	6000000050564360861
Q75591533	6000000042964170821
Q75591622	6000000022798283788
Q75591711	6000000007462556991
Q75591727	6000000038531366088
Q75591779	6000000024160392626
Q75591836	6000000003043297017
Q75591838	6000000003043316797
Q75591839	6000000003043316821
Q75591851	6000000002116361468
Q75591984	6000000077422274493
Q75591988	6000000012725863793
Q75592157	6000000055822603832
Q75592168	6000000055822677821
Q75592169	6000000100898534864
Q75592173	6000000041342632076
Q75592178	6000000023496641763
Q75592226	6000000036996805055
Q75592252	6000000072799466894
Q75592341	6000000003890767202
Q75592449	6000000037629409939
Q75592620	6000000015918422291
Q75592626	6000000009617903900
Q75592705	6000000027737698558
Q75592752	6000000000310641480
Q75592766	6000000017223271394
Q75592781	6000000010513513356
Q75592843	6000000017434802403
Q75592970	6000000017964975099
Q75592971	6000000017964630798
Q75592974	6000000017962822027
Q75593083	6000000028021438024
Q75593096	6000000014262772247
Q75593337	6000000027452865396
Q75593429	6000000027453176447
Q75593440	6000000027452865703
Q75593442	6000000024128200832
Q75593473	6000000034641689444
Q75593481	6000000073891791821
Q75593516	6000000021797093320
Q75593521	6000000021796976661
Q75593584	6000000016844654630
Q75593614	6000000018140604300
Q75593615	6000000018781879754
Q75593702	4886480872930033646
Q75593763	6000000038481801890
Q75593769	6000000038481462350
Q75593797	6000000006280335160
Q75593864	6000000019133650436
Q75593867	6000000003062510183
Q75593873	6000000003062510174
Q75593878	6000000062295041975
Q75593880	6000000062217389821
Q75593885	6000000033678515941
Q75593886	6000000021685865386
Q75593888	6000000021685599547
Q75593896	6000000019133403130
Q75593898	6000000019132925664
Q75593916	6000000068661776824
Q75593983	6000000009773799657
Q75593993	6000000009773617005
Q75594013	6000000009772323580
Q75594034	6000000037607556156
Q75594062	6000000018298587063
Q75594073	6000000039183574484
Q75594130	6000000019007790318
Q75594131	6000000019007825159
Q75594158	6000000007066699658
Q75594234	6000000017532161045
Q75594249	6000000017116310245
Q75594263	6000000017116195459
Q75594264	6000000017116274090
Q75594265	6000000017116181433
Q75594270	6000000026818013901
Q75594323	6000000055262463293
Q75594338	6000000031032965857
Q75594361	6000000110714935821
Q75594385	6000000110715388821
Q75594391	6000000110714488888
Q75594400	6000000052099471837
Q75594406	6000000024227295532
Q75594456	6000000110719023821
Q75594507	6000000110789632006
Q75594517	6000000110791034838
Q75594543	6000000110786029369
Q75594556	6000000110791439879
Q75594565	6000000110791398904
Q75594566	6000000110791564873
Q75594573	6000000110791407991
Q75594579	6000000110790917163
Q75594581	6000000110788618493
Q75594590	6000000110791196074
Q75594646	6000000019205208615
Q75594706	6000000012859965717
Q75594731	6000000021704095223
Q75594734	6000000021688295556
Q75594793	6000000052951039867
Q75594900	6000000014478454257
Q75595140	6000000038382018965
Q75595373	6000000031895816981
Q75595433	4535653063210021207
Q75595439	6000000018753431200
Q75595441	6000000018753431207
Q75595452	6000000019509805622
Q75595457	6000000019509929095
Q75595460	6000000050011472910
Q75595467	6000000019509316913
Q75595468	6000000045149798941
Q75595471	6000000070399948035
Q75595490	6000000077366089070
Q75595541	6000000044710930946
Q75595567	6000000044712508889
Q75595577	6000000031032824163
Q75595614	6000000051690720101
Q75595617	6000000008135746721
Q75595646	6000000002115855856
Q75595651	6000000008836538723
Q75595850	6000000003370250242
Q75595858	6000000027146259126
Q75595864	6000000007561807031
Q75595866	6000000034541273945
Q75595943	6000000003891192576
Q75595947	6000000003891265814
Q75595950	6000000003891265802
Q75596006	6000000030990146197
Q75596032	6000000019507294262
Q75596036	6000000011701325565
Q75596039	6000000003867003275
Q75596042	6000000010090041690
Q75596129	6000000015664710243
Q75596132	6000000015664746302
Q75596139	6000000015664842169
Q75596140	6000000015664720349
Q75596156	6000000015663852072
Q75596157	6000000015663522433
Q75596158	6000000004285508182
Q75596158	6000000015663655339
Q75596305	6000000006168411136
Q75596307	6000000006168349183
Q75596313	6000000013110096642
Q75596314	6000000013471227286
Q75596349	6000000020858618055
Q75596351	6000000018026055047
Q75596402	6000000024567319890
Q75596474	6000000042911420976
Q75596495	6000000026620242964
Q75596498	6000000022452290849
Q75596529	6000000027381390140
Q75596538	6000000027381381990
Q75596550	6000000004570511868
Q75596558	6000000025423568404
Q75596560	6000000027409799228
Q75596564	6000000027409435490
Q75596565	6000000027410817016
Q75596567	6000000004570511820
Q75596569	6000000027409449556
Q75596572	6000000027411788422
Q75596573	6000000027408951746
Q75596585	6000000027416730034
Q75596617	6000000083885672574
Q75596720	6000000016219942475
Q75596726	6000000004868314958
Q75596728	6000000004867339178
Q75596734	6000000006987330695
Q75596737	6000000107669394834
Q75596741	6000000006987908199
Q75596748	6000000025688941765
Q75596753	6000000006988053106
Q75596765	6000000026106925554
Q75596769	6000000019477457104
Q75596785	6000000006280347110
Q75596869	6000000082534408925
Q75596871	6000000082534210054
Q75596890	6000000024616600131
Q75596892	6000000024616606006
Q75596923	6000000019255691955
Q75596935	6000000019255799174
Q75597054	6000000008836621584
Q75597057	6000000008836660731
Q75597065	6000000008836694287
Q75597068	6000000008836633708
Q75597132	6000000039771534571
Q75597168	6000000039777866892
Q75597211	6000000015731469632
Q75597214	6000000015731614002
Q75597266	6000000013664335677
Q75597269	6000000010564758398
Q75597280	6000000023898594420
Q75597297	6000000026791701161
Q75597357	6000000027127609538
Q75597367	6000000061534326188
Q75597377	6000000005081861882
Q75597504	6000000015829863702
Q75597597	6000000026425577202
Q75597685	5553530060880037042
Q75597686	6000000007727390288
Q75597730	6000000030171040425
Q75597741	6000000006582368499
Q75597745	6000000013778180025
Q75597747	6000000013777923519
Q75597749	6000000013778457061
Q75597751	6000000013778380444
Q75597882	6000000025631150198
Q75597913	6000000080017645902
Q75597918	6000000006952988445
Q75597928	6000000097796093846
Q75597943	6000000097795393859
Q75597987	6000000097797139832
Q75597992	6000000097798161853
Q75598017	6000000097796410888
Q75598023	6000000097795902826
Q75598044	6000000014717601192
Q75598059	6000000041567247190
Q75598141	6000000002005743177
Q75598168	6000000006444459498
Q75598184	6000000005739461523
Q7559819	6000000015549785951
Q75598204	6000000019580868102
Q75598212	6000000019580764872
Q75598213	6000000019581022178
Q75598215	6000000019580734951
Q75598218	6000000019580875060
Q7559823	6000000015500026632
Q75598240	6000000010867401459
Q75598256	6000000010878100931
Q7559827	6000000009292947408
Q7559829	6000000012597803417
Q75598362	6000000014191070240
Q75598363	6000000037468859830
Q75598366	6000000037468480287
Q75598372	6000000042280467427
Q75598406	6000000026213151480
Q75598450	6000000007219354479
Q75598469	6000000027853455756
Q75598482	3291536
Q75598540	6000000000769948582
Q75598548	6000000082510763938
Q75598567	6000000055690780217
Q75598615	6000000017087829558
Q75598616	6000000015663646087
Q75598618	6000000015663530374
Q75598619	6000000027118610002
Q75598631	6000000027117321368
Q75598636	6000000027104448780
Q75598642	6000000027103738518
Q75598653	6000000017088008182
Q75598665	6000000027127244828
Q75598668	6000000027126620749
Q75598681	6000000001655698956
Q75598682	6000000017219319402
Q75598683	6000000017219221831
Q75598687	6000000094312550081
Q75598695	6000000017219840592
Q75598702	6000000066693796900
Q75598704	6000000018741839382
Q75598708	6000000022191607156
Q75598710	6000000022191474690
Q75598868	6000000003360782007
Q7559887	6000000015549912680
Q75598885	6000000015664331164
Q7559889	6000000036556373260
Q75598949	6000000015562024571
Q75598950	5016415097070035135
Q75598951	5562963171000065707
Q75598959	2781736
Q75598961	6000000009543577901
Q75599055	6000000001285486541
Q75599084	6000000001655704586
Q75599105	6000000001655738291
Q75599128	6000000027287868379
Q75599133	6000000027287755388
Q75599152	6000000027288077840
Q75599154	6000000032863307667
Q75599156	6000000056882824835
Q75599169	6000000056883438069
Q75599173	6000000056883734910
Q75599186	6000000032863835021
Q75599189	6000000032863839031
Q75599191	6000000027288291081
Q75599199	6000000027288218985
Q75599201	6000000056882502185
Q75599237	6000000042326057130
Q7559928	6000000009976256786
Q75599316	6000000121645896824
Q75599319	6000000015222096603
Q75599320	6000000121645896850
Q75599321	6000000010161602350
Q75599363	6000000015656037403
Q75599367	6000000015656058416
Q75599368	6000000015655950947
Q75599380	6000000015655895751
Q75599440	6000000004868967080
Q75599442	6000000004868073521
Q75599478	6000000018175576782
Q75599479	6000000016712270414
Q75599480	6000000018175997238
Q75599481	6000000018175950546
Q75599490	6000000025804034503
Q75599491	6000000018175434934
Q75599580	6000000025804317346
Q75599587	6000000025804027488
Q75599598	6000000029014007690
Q75599616	6000000027968165913
Q75599621	6000000014820275296
Q75599623	6000000023213640323
Q75599644	6000000027191213839
Q75599683	6000000017200433616
Q75599715	6000000017200359998
Q75599735	6000000011965978305
Q75599775	6000000033409787895
Q75599776	6000000056820434946
Q75599787	6000000015282221221
Q75599795	6000000015282109576
Q75599818	6000000000583088364
Q75599832	6000000054975950991
Q75599852	6000000075572537838
Q75599856	6000000075572490931
Q75599864	6000000047584919150
Q75599933	6000000002116376854
Q75599939	6000000007344666350
Q75599943	6000000010250158069
Q75599944	6000000019582010195
Q75599946	6000000028753073716
Q75599948	6000000029424964551
Q75599961	4017258634290042016
Q75599962	6000000032166031366
Q75599966	6000000005436436981
Q75599971	6000000032166287077
Q75599981	6000000016673071149
Q75600029	6000000024641630161
Q75600035	6000000127178101896
Q75600049	6000000024641695249
Q75600061	6000000024642640904
Q75600066	6000000024642729883
Q75600099	6000000015236568733
Q75600104	6000000031959859975
Q75600117	6000000023746415946
Q75600127	6000000019479842767
Q75600152	6000000026364024045
Q75600201	6000000041045862900
Q75600202	6000000041046213937
Q75600261	6000000041043413801
Q75600265	6000000018657018346
Q75600271	6000000018453521685
Q75600277	6000000031800139495
Q75600277	6000000079931648888
Q75600278	6000000031800443896
Q75600279	6000000031800161408
Q75600313	6000000006828008296
Q75600355	6000000013372236005
Q75600391	6000000013372428566
Q75600442	6000000082625325225
Q75600445	6000000082626444007
Q75600518	6000000016912706056
Q75600532	6000000024641689373
Q75600535	6000000024641744166
Q75600541	6000000024641784624
Q75600556	6000000001632837541
Q75600596	6000000038752656977
Q75600599	6000000011255378447
Q75600685	6000000039485121944
Q75600731	6000000039483031062
Q75600739	6000000004661163364
Q75600771	6000000004973554444
Q75600780	6000000050453439854
Q75600786	6000000050453501829
Q75600857	6000000015064870981
Q75600903	6000000006416332175
Q75600906	6000000006164468637
Q75600916	6000000050454187870
Q75600928	6000000007257559404
Q75600933	6000000002024105832
Q75600934	6000000002024105565
Q75600936	6000000006157962056
Q75600938	6000000003502729158
Q75600939	6000000000052456959
Q75600941	6000000006416177421
Q75600943	6000000006158018069
Q75600944	6000000006160793258
Q75600947	6000000006423095701
Q75600949	6000000055620448954
Q75600953	6000000006160510501
Q75600956	6000000006164659589
Q75600957	6000000028200743128
Q75600960	6000000060490706821
Q75600962	6000000006417030015
Q75600964	6000000055620254035
Q75600965	6000000055620049004
Q75600966	6000000071452330503
Q75600967	6000000041651411000
Q75600970	6000000038521100997
Q75600972	6000000071452764148
Q75600998	6000000011555238484
Q75601004	6000000020317403282
Q75601016	6000000180105182892
Q75601017	6000000052002785369
Q75601026	6000000006534263003
Q75601028	6000000003129086020
Q75601060	6000000021808499906
Q75601120	6000000017521696516
Q75601151	6000000054821147837
Q75601262	6000000119525031829
Q75601265	6000000119524944870
Q75601272	6000000119525174842
Q75601276	6000000119525140845
Q75601349	6000000031746265982
Q75601365	4620817698050127363
Q75601376	6000000002006470520
Q75601473	6000000017404751691
Q75601479	6000000038186680259
Q75601615	6000000020426753135
Q75601691	6000000025438543392
Q75601715	6000000011361911747
Q75601765	6000000006205591675
Q75601766	6000000006205583906
Q75601776	6000000012414135705
Q75601780	6000000013298730151
Q75601837	6000000012417868226
Q75601868	6000000012417730865
Q75601878	6000000012417838369
Q75601883	6000000012417838364
Q75601886	6000000012418170681
Q75601903	6000000012417332404
Q75601946	6000000012414170698
Q75601951	6000000035206192172
Q75601960	6000000012415024553
Q75601964	6000000012414181788
Q75601990	6000000012414591751
Q75601996	6000000012414945436
Q75602000	6000000012414942165
Q75602025	6000000054105728042
Q75602048	6000000026530354317
Q75602057	6000000012432922022
Q75602133	6000000012433294934
Q75602136	6000000012433014753
Q75602137	6000000012433258702
Q75602152	6000000012432983057
Q75602154	6000000040996146829
Q75602156	6000000012433492384
Q75602157	6000000012433419466
Q75602191	6000000012433277150
Q75602209	6000000011362204527
Q75602212	6000000011362682633
Q75602261	6000000024206148098
Q75602292	6000000011362755381
Q75602294	6000000043851949129
Q75602323	6000000006827859988
Q75602325	6000000006828503078
Q75602343	6000000026135272066
Q75602345	6000000026228820500
Q75602378	6000000022623051695
Q75602380	6000000017890554415
Q75602399	6000000017891340841
Q75602469	6000000007006662356
Q75602496	6000000016916149980
Q75602497	6000000016916953281
Q75602512	6000000016881343275
Q75602535	6000000019177776648
Q75602540	6000000014386522890
Q75602542	6000000025992209999
Q75602555	6000000014601552681
Q75602556	6000000014601557860
Q75602557	6000000023403573608
Q75602639	6000000084232808152
Q75602790	6000000024613164683
Q75602794	6000000024613554875
Q75602796	6000000024613536876
Q75602799	6000000024613418012
Q75602833	6000000024613577998
Q75602835	6000000013890649912
Q75602888	6000000052137295004
Q75603	6000000006591356515
Q75603008	6000000020193581979
Q75603012	6000000021367074715
Q75603091	6000000052003721337
Q75603097	6000000049930442861
Q75603190	6000000059259485976
Q75603191	6000000015212886564
Q75603192	6000000026790325012
Q75603195	6000000026791397964
Q75603218	6000000074751371998
Q75603222	6000000034359018934
Q75603226	6000000009412819633
Q75603234	6000000009412698180
Q75603243	6000000056573267849
Q75603244	6000000082596959625
Q75603257	6000000013371507921
Q75603302	6000000005438507307
Q75603306	6000000005438507453
Q75603323	6000000006712517640
Q75603324	6000000006712495131
Q75603390	6000000019175572390
Q75603464	6000000009418031281
Q75603545	6000000066701363833
Q75603551	6000000017287083588
Q75603575	6000000026817515541
Q75603584	6000000016271363639
Q75603589	6000000013194758964
Q75603606	6000000145972447962
Q75603648	6000000037090787279
Q75603677	6000000046930737838
Q75603703	6000000010103404437
Q75603706	6000000042075496119
Q75603833	6000000014822177512
Q75603839	6000000104240778850
Q75603840	6000000007089228740
Q75603844	6000000007089491343
Q75603848	6000000007089360459
Q75603861	6000000008373359712
Q75603863	6000000083636243821
Q75603865	6000000007089367221
Q75603871	6000000008439586696
Q75603889	6000000030171485840
Q75603925	6000000030171158410
Q75603940	6000000104240778943
Q75603977	6000000030176249019
Q75603998	6000000030176836885
Q75604065	6000000055527039850
Q75604100	6000000030177150869
Q75604132	6000000011832898629
Q75604146	6000000007755375572
Q75604163	6000000041195770491
Q75604167	6000000041195997127
Q75604175	6000000041196133896
Q75604193	6000000041196178070
Q75604197	6000000032466839597
Q75604240	6000000020168815305
Q75604350	6000000004586552737
Q75604414	6000000003216076559
Q75604446	6000000027457747836
Q75604452	6000000015476950912
Q75604455	6000000015478593168
Q75604474	6000000015478510219
Q75604516	6000000091120177933
Q75604525	6000000015478581529
Q75604530	6000000015549743057
Q75604532	6000000015549771050
Q75604541	6000000015549711253
Q75604544	6000000015549701509
Q75604545	6000000042489465148
Q75604548	6000000015549673539
Q75604592	6000000011603695942
Q75604609	6000000011604056504
Q75604652	6000000016517223740
Q75604696	6000000018437922477
Q75604773	6000000044176747449
Q75604792	6000000069940750259
Q75604794	6000000017243218742
Q75604806	6000000008933999425
Q75604826	6000000015477426609
Q75604827	6000000015477835334
Q75604857	6000000018438217658
Q75604867	6000000018438941027
Q75604875	6000000018439088239
Q75604917	6000000009307569276
Q75604918	6000000018438415580
Q75604924	6000000009300391299
Q75604932	6000000018438235348
Q75604932	6000000081027475265
Q75604934	6000000018438519113
Q75604936	6000000010798933892
Q75604947	6000000018438207917
Q75604953	6000000018438227149
Q75604954	6000000018438238450
Q75604972	6000000018438210445
Q75604975	6000000018438211434
Q75605013	6000000018784939299
Q75605019	6000000010684470638
Q75605052	6000000054490576913
Q75605121	6000000026917171284
Q75605145	6000000114091268968
Q75605146	6000000114109549225
Q75605214	6000000040089690926
Q75605356	6000000079058085082
Q75605383	6000000013449095671
Q75605418	6000000030672551889
Q75605420	6000000025572394569
Q75605422	6000000014211512079
Q75605531	6000000013632132626
Q75605606	4886484051780033877
Q75605644	6000000028250113650
Q7560568	6000000010667715194
Q75605700	6000000086265087832
Q75605702	6000000086264908914
Q75605709	6000000086264997861
Q75605716	6000000005761527153
Q75605718	6000000010360793522
Q75605772	6000000014409470254
Q75605776	6000000022826366070
Q75605779	6000000023032889752
Q75605793	6000000008127624797
Q75605902	6000000008700494343
Q75605903	6000000008700499139
Q75605904	6000000008700479074
Q75605908	6000000008700546873
Q75605919	6000000008700539724
Q75605921	6000000027946480031
Q75605924	6000000008700454575
Q75605929	6000000008700109463
Q75605966	6000000052607617903
Q75606000	6000000044784312349
Q75606091	6000000018226955318
Q75606117	6000000092523449843
Q75606119	6000000115284760205
Q75606123	6000000115286603078
Q75606124	6000000115287433856
Q75606192	6000000015286143807
Q75606193	6000000015286543673
Q75606196	6000000015287023299
Q75606197	6000000015286939519
Q75606198	6000000015287143885
Q75606285	6000000009204443409
Q75606287	6000000028108849518
Q75606300	6000000002802856084
Q75606301	6000000002802856090
Q75606304	6000000004566723286
Q75606307	6000000002802856365
Q75606319	6000000002764921869
Q75606320	6000000002764921875
Q75606335	6000000017279472416
Q75606352	6000000021159483249
Q75606383	6000000019024959203
Q75606388	6000000082150808875
Q75606404	6000000019024982045
Q75606450	6000000016842034598
Q75606466	6000000025238613414
Q75606481	6000000015254622733
Q75606484	6000000005850382001
Q75606486	6000000005850833006
Q75606526	6000000027380047648
Q75606650	6000000035075293907
Q75606665	6000000013330380084
Q75606668	6000000036425569264
Q75606669	6000000019916291783
Q75606688	6000000013330859600
Q75606690	6000000013330355051
Q75606698	6000000034389839594
Q75606698	6000000034389865938
Q75606761	6000000040811680347
Q75606813	6000000013399700876
Q75606898	6000000013330793754
Q75606907	6000000013330873409
Q75606928	6000000029364564325
Q75606931	6000000015987613913
Q75606936	6000000015988327930
Q75606938	6000000016059927942
Q75606941	6000000016059967401
Q75606942	6000000016060048359
Q75606979	6000000016059985754
Q75606981	6000000016059903577
Q75607003	6000000016060121631
Q75607024	6000000016060079165
Q75607027	6000000016060211268
Q75607067	6000000016060011449
Q75607071	6000000016060205290
Q75607072	6000000016060171740
Q75607073	6000000016059887893
Q75607079	6000000016060008177
Q75607080	6000000016060110943
Q75607082	6000000016059583930
Q75607084	6000000016060058472
Q75607086	6000000016060190293
Q75607087	6000000016060247679
Q75607090	6000000015983623442
Q75607091	6000000016060366418
Q75607133	6000000026405707644
Q75607134	6000000014051311676
Q75607147	6000000052097909907
Q75607314	6000000030990619463
Q75607317	6000000030990683314
Q75607353	6000000019641685790
Q75607355	6000000019642257216
Q75607358	6000000019641683986
Q75607360	6000000019642345093
Q75607362	6000000019642283161
Q75607363	6000000019641823994
Q75607386	6000000019642383084
Q75607390	6000000019642419386
Q75607412	6000000019642589018
Q75607415	6000000019641745950
Q75607466	6000000015933466622
Q75607519	6000000012463804368
Q75607603	6000000015923121801
Q75607607	6000000035627988101
Q75607640	6000000035628152113
Q75607647	5175091061660074903
Q75607655	6000000024851664230
Q75607659	6000000016503638119
Q75607689	6000000044186530007
Q75607723	6000000012999912386
Q75607774	6000000047961841169
Q75607788	6000000047961205404
Q75607790	6000000047961737036
Q75607874	6000000025833867972
Q75607880	6000000014967351351
Q75607922	6000000017140364787
Q75607928	6000000018931678512
Q75607929	6000000018932826013
Q75607934	6000000080329053703
Q75607984	6000000023755856465
Q75607986	6000000023755983813
Q75607988	6000000023756194688
Q75607992	6000000039872128978
Q75607995	6000000002153379551
Q75607999	6000000002831295273
Q75608004	6000000019544847268
Q75608007	6000000049615526840
Q75608009	338643594680014064
Q75608091	6000000066370640132
Q75608093	6000000057671780266
Q75608095	6000000038705619822
Q75608197	6000000023360133908
Q75608213	6000000015663283532
Q75608220	6000000040048372037
Q75608251	6000000026427547533
Q75608260	6000000026426530783
Q75608286	6000000026428489103
Q75608301	6000000026426982125
Q75608305	6000000026427067495
Q75608311	6000000017286528738
Q75608338	6000000016241037514
Q75608341	6000000015740113007
Q75608423	6000000038284912070
Q75608446	6000000038284779001
Q75608473	6000000054898769996
Q75608476	6000000013073602882
Q75608538	6000000041511316597
Q75608539	6000000041511735982
Q75608547	6000000014657749565
Q75608551	6000000026077281237
Q75608562	6000000083270197913
Q75608617	6000000004868451674
Q75608627	6000000026028841843
Q75608634	6000000077767971884
Q75608682	6000000050564345847
Q75608689	6000000059441610155
Q75608691	6000000059442084842
Q75608700	6000000019947262559
Q75608755	6000000015730492325
Q75608778	6000000016688774761
Q75608780	6000000019989646440
Q75608802	6000000014190743168
Q75608805	6000000014190294816
Q75608808	6000000014190772253
Q75608894	6000000013953791355
Q75608895	6000000013953789425
Q75608943	6000000023753923681
Q75608982	6000000027044307033
Q75608984	6000000036504187581
Q75608987	6000000027044215463
Q75608988	6000000027021673928
Q75608990	6000000027043643655
Q75608991	6000000027044386520
Q75608992	6000000027043730593
Q75608996	6000000027044390987
Q75608999	6000000027021702349
Q75609000	6000000027022018446
Q75609004	6000000027022186185
Q75609005	6000000027022505859
Q75609006	6000000027022540892
Q75609067	6000000004678836481
Q75609077	6000000004678848107
Q75609338	6000000013071560595
Q7560935	6000000075906085836
Q75609601	6000000001177180843
Q75609658	6000000018263533219
Q75609698	6000000036879575666
Q75609814	6000000009584398269
Q75609884	6000000143870624926
Q75609936	6000000006952921950
Q75609943	6000000006953135480
Q75609947	6000000097793419844
Q75609952	6000000006953243313
Q75609958	6000000026353694387
Q75609962	6000000026392621248
Q75609966	6000000026392743250
Q75609992	6000000006241296633
Q75610043	6000000006037969001
Q75610045	6000000039107363881
Q75610048	6000000082979910850
Q75610051	6000000082979659085
Q75610069	6000000006038917238
Q75610081	6000000009213308350
Q75610085	6000000017077956941
Q75610094	6000000000112110903
Q75610095	5338404532090032079
Q75610099	338703206860014037
Q75610159	6000000021701318926
Q75610161	6000000002916185087
Q75610164	6000000013075960051
Q75610189	6000000028017858486
Q75610195	6000000013076701585
Q7561039	6000000074716121849
Q75610460	6000000077860722491
Q75610465	6000000077807689807
Q75610487	6000000011175647117
Q75610498	6000000055314065966
Q75610500	6000000013379677552
Q75610511	6000000023375903338
Q75610537	6000000015705440854
Q75610539	6000000019415827540
Q75610665	6000000077366016872
Q75610666	6000000077365936877
Q75610690	6000000002115845685
Q75610695	6000000039680784717
Q75610706	6000000014897718170
Q7561071	6000000075345995948
Q75610765	6000000020867634866
Q75610770	6000000039681456180
Q75610819	6000000016689335008
Q75610843	6000000017219078158
Q75610844	6000000019310514858
Q75610865	6000000007090466206
Q75610881	6000000020236164584
Q75610898	6000000009778380908
Q75610900	6000000017217276897
Q75610952	6000000038412070382
Q75610991	6000000014401825652
Q75611062	6000000055322252887
Q75611064	6000000027723315263
Q75611080	6000000009422126380
Q75611082	6000000022670187017
Q75611085	6000000021840312973
Q75611088	6000000002106744404
Q75611089	6000000006990235013
Q75611140	6000000006986668019
Q75611143	6000000006985311390
Q75611147	6000000006989625655
Q75611164	6000000041465845351
Q75611167	6000000017894149490
Q75611177	6000000036840739996
Q75611241	6000000057260886958
Q75611247	6000000014402403657
Q75611249	6000000014402401968
Q75611264	6000000010973597455
Q75611266	6000000040510496165
Q75611276	6000000006442126788
Q75611280	6000000023496705212
Q75611293	6000000006442741512
Q75611294	6000000054330770890
Q75611308	6000000077065722260
Q75611310	6000000073979484869
Q75611320	6000000007289216421
Q75611326	6000000054332551942
Q75611331	6000000054333015914
Q75611378	6000000073979508069
Q75611383	6000000054331493963
Q75611384	6000000074034897881
Q75611391	6000000054332141851
Q75611451	6000000014402516201
Q75611454	6000000014402181457
Q75611506	6000000055322459925
Q75611534	6000000025737940629
Q75611540	6000000025739106261
Q75611541	6000000025739416026
Q75611544	6000000052825705955
Q75611547	6000000025738835480
Q75611548	6000000025737763620
Q75611549	6000000025739015381
Q75611553	6000000052825594060
Q75611556	6000000031691980351
Q75611558	312028301880005957
Q75611569	6000000026365439013
Q75611574	6000000100881873853
Q75611584	6000000004671663659
Q75611586	6000000004671897396
Q75611599	6000000029976827992
Q75611607	6000000022670226765
Q75611611	6000000091512525822
Q75611629	4506482331210050586
Q75611631	4506476973760038530
Q75611649	6000000031011135608
Q75611711	6000000010367322693
Q75611756	6000000029976008064
Q75611757	6000000013075437875
Q75611783	6000000013075066190
Q75611815	6000000040995924419
Q75611823	6000000040996074341
Q75611832	6000000040995956300
Q75611834	6000000040996115014
Q75611835	6000000000843302031
Q75611839	6000000014314762425
Q75611842	6000000040995995107
Q75611921	6000000062269796342
Q75611931	6000000005760363339
Q75611932	6000000052178799856
Q75611950	6000000037145864952
Q75611952	6000000037145813958
Q75611965	6000000062270074948
Q75611972	6000000056825078889
Q75611975	6000000052177989001
Q75611988	6000000046826867995
Q75611991	6000000014161653583
Q75612	6000000014664006649
Q75612031	6000000009301406654
Q75612077	6000000001078426822
Q75612489	6000000026538353685
Q75612490	6000000026538693412
Q75612533	6000000004097649265
Q75612537	6000000004097726740
Q75612619	6000000109020720034
Q7561262	6000000010144177746
Q75612633	6000000028481833528
Q75612662	6000000026497685841
Q75612663	6000000002188536842
Q75612664	6000000025415248506
Q75612668	6000000026002870777
Q75612676	6000000025415107577
Q75612680	6000000026007257741
Q75612681	6000000026008669981
Q75612697	6000000002188536718
Q75612698	6000000017338919363
Q75612700	6000000026013233704
Q75612703	5096846744110054080
Q75612706	6000000026013771030
Q75612707	6000000026013092689
Q75612711	6000000026013417486
Q75612713	6000000026013833064
Q75612714	6000000026013497081
Q75612716	6000000026012735812
Q75612717	6000000017338393273
Q75612722	6000000006726813328
Q75612724	6000000006727034158
Q75612790	6000000009618348331
Q75612792	6000000009617905196
Q75612842	6000000054848767993
Q75612878	6000000011399034311
Q75612881	6000000011399030364
Q75612941	6000000052568007829
Q75613080	6000000013412768356
Q75613081	6000000002858264335
Q75613093	6000000014898735326
Q75613097	6000000015958543685
Q75613105	6000000022162741249
Q75613149	6000000005599170492
Q75613162	6000000009550054879
Q75613175	6000000000045397123
Q75613211	6000000008024010458
Q75613213	6000000000208254404
Q75613277	6000000035005356377
Q75613279	6000000035005369543
Q75613280	6000000035005598316
Q75613283	6000000083714115234
Q75613585	6000000106417411145
Q75613588	6000000106417960075
Q75613645	6000000015653691955
Q75613733	6000000027338454171
Q75613735	6000000013288128107
Q75613742	6000000040784455086
Q75613750	6000000040566361236
Q75613840	6000000021843304241
Q75613842	6000000008336958908
Q75614	6000000010629090765
Q75614049	6000000032187571285
Q75614062	6000000086523442145
Q75614063	6000000032186816470
Q75614065	6000000032186850282
Q75614066	6000000032187788905
Q75614179	6000000005597656022
Q75614184	6000000007048545448
Q75614187	6000000007730659364
Q75614238	6000000013312168895
Q75614275	6000000038711997889
Q75614338	6000000019330078788
Q75614364	6000000017711923565
Q75614383	6000000038228390858
Q75614384	6000000038228366897
Q75614389	6000000017711933330
Q75614407	6000000024212796316
Q75614420	6000000074782010104
Q75614471	6000000007538023305
Q75614479	6000000037932677162
Q75614481	6000000037932780074
Q75614482	6000000037932870912
Q75614497	6000000037932003619
Q75614789	3930626782620122315
Q75614862	390290360260011821
Q75614892	6000000011297413422
Q75614893	6000000011297159679
Q75614895	6000000011301025834
Q75614925	6000000013541822257
Q75614929	390290971310005904
Q75614975	6000000008259742759
Q75614985	6000000043182709533
Q75614986	6000000033940833743
Q75615024	6000000021785909191
Q75615054	6000000006728055408
Q75615063	6000000002115997128
Q75615075	6000000021785416319
Q75615107	6000000021946751088
Q75615141	6000000048815692821
Q75615142	6000000048816321830
Q75615176	6000000048827622991
Q75615184	6000000072962478307
Q75615186	6000000072961038464
Q75615193	6000000072965520951
Q75615249	6000000001877487540
Q75615273	6000000013095134826
Q75615331	6000000021847726881
Q75615332	6000000021847505476
Q75615333	6000000013094937079
Q75615359	6000000030906873885
Q75615377	6000000002115859454
Q75615407	6000000030906760341
Q75615438	6000000051505850026
Q75615615	6000000014679379319
Q75615621	6000000013094843826
Q75615639	6000000014678557840
Q75615699	6000000005596869579
Q75615700	6000000005596744957
Q75615701	6000000005596740766
Q75615706	6000000005596644601
Q75615708	6000000000806377579
Q75615779	6000000006598047163
Q75615796	6000000006824589093
Q75615808	6000000026317637003
Q75615812	6000000026318671864
Q75615813	6000000014637193538
Q75615816	6000000014636115801
Q75615827	6000000026298246642
Q75615829	6000000026299105307
Q75615831	6000000026299154320
Q75615859	6000000026298997607
Q75615861	6000000026312456141
Q75615883	6000000026299351838
Q75615893	6000000026298946608
Q75615895	6000000033292937886
Q75615897	6000000026299302910
Q756159	6000000020943286419
Q75615927	6000000030884274176
Q75615933	6000000014201893222
Q75615934	6000000014201777744
Q75615936	6000000052825925842
Q75615945	6000000031896415014
Q75615949	6000000031896385024
Q75615969	6000000031896306996
Q75615971	6000000030748084091
Q75615985	6000000002704114093
Q75615987	6000000002704184134
Q75615988	6000000002704239002
Q75615990	6000000002703438925
Q75615992	6000000002703927037
Q75616004	6000000002703786381
Q75616007	5591872516500030687
Q75616206	6000000021464608757
Q75616338	4502714981870031819
Q75616346	6000000010744565551
Q75616349	6000000010744678324
Q75616352	6000000010744620904
Q75616365	6000000015865646108
Q75616366	6000000000565901981
Q75616378	6000000005438488497
Q75616379	6000000005438488529
Q75616403	6000000000566441198
Q75616405	6000000000566258458
Q75616416	6000000000566072954
Q75616418	6000000000566446142
Q75616420	6000000028724294190
Q75616423	6000000116599982907
Q75616426	6000000116599982900
Q75616428	6000000156928551852
Q75616434	6000000018789788680
Q75616438	6000000000566243907
Q75616452	6000000003216063718
Q75616456	6000000000566679010
Q75616458	6000000000566482493
Q75616475	6000000041738907938
Q75616534	6000000024436061413
Q75616535	6000000024436594874
Q75616581	6000000091739104828
Q75616702	6000000029983619790
Q75616710	6000000000232615303
Q75616784	6000000008530122433
Q75616792	6000000000565948978
Q75616807	6000000002106006142
Q75616807	6000000035218975086
Q75616811	6000000002850939658
Q75616830	6000000009246052497
Q75616850	6000000001396499805
Q75616905	6000000031221431657
Q75616926	6000000011569786303
Q75616937	6000000011688721648
Q75616939	6000000035039779236
Q75616965	6000000066098353821
Q7561697	6000000006824333408
Q75616970	6000000015782212150
Q75617007	6000000029303215291
Q75617012	6000000016276102931
Q75617023	6000000004872380159
Q75617030	6000000020223919116
Q75617112	6000000015032356955
Q75617123	6000000008648222321
Q75617129	6000000024313211098
Q75617134	6000000024316556845
Q75617160	6000000027271158720
Q75617164	6000000024311054668
Q75617170	6000000024310150811
Q75617172	6000000018679675092
Q75617188	6000000012979273269
Q75617190	6000000023642753116
Q75617227	6000000092561116010
Q7561735	6000000010641712207
Q75617429	6000000013371556462
Q75617432	6000000010229159428
Q7561744	6000000001510497741
Q75617445	6000000013371454913
Q75617446	6000000010229074551
Q75617448	6000000010228917584
Q75617547	4845085848180033614
Q75617615	6000000029014137007
Q75617627	6000000028277009968
Q75617629	6000000028276580817
Q75617630	6000000003697664525
Q75617633	6000000028276677087
Q75617634	6000000028276881852
Q75617640	6000000028319708927
Q75617671	6000000015511189325
Q75617673	6000000034461836191
Q75617675	6000000015511262057
Q75617687	6000000026559340590
Q75617692	6000000019389007419
Q75617696	6000000019388813815
Q75617706	6000000003999273151
Q75617794	6000000000112120465
Q75617797	6000000006906904690
Q75617822	6000000015500777319
Q75617836	6000000015500972019
Q75617842	6000000132097019821
Q75617850	6000000030946848594
Q75617868	6000000084035896263
Q75617925	6000000025184492784
Q75617926	6000000025184074521
Q75618159	6000000034460833745
Q75618235	6000000024919540042
Q75618392	6000000051552503901
Q75618490	6000000041124110690
Q75618526	6000000071083781907
Q75618531	6000000011434396048
Q75618603	6000000072809285039
Q75618605	6000000072809146246
Q75618722	6000000009513652844
Q75618752	6000000023539544015
Q75618786	6000000051392787987
Q75618900	6000000000352426586
Q75618902	6000000023008273466
Q75618904	6000000051552651838
Q75618906	6000000011388819685
Q75618929	6000000076800765833
Q75618947	6000000011072028783
Q75618956	6000000027654823034
Q75618960	6000000027654441694
Q75619067	6000000035218713340
Q75619137	6000000052053801885
Q75619167	6000000029013894124
Q75619172	6000000052053752887
Q75619173	6000000052053811845
Q75619304	6000000008597091566
Q75619323	6000000004549684155
Q75619349	6000000006817752345
Q75619362	6000000000138836476
Q75619364	944707
Q75619371	6000000006783347728
Q75619373	6000000003681536243
Q75619381	6000000006770138077
Q75619382	6000000006770003397
Q75619407	6000000011079848215
Q75619417	6000000024130978201
Q75619438	6000000006894255028
Q75619457	6000000076591863859
Q75619469	6000000006817834317
Q75619507	6000000001868073675
Q75619510	6000000023911366457
Q75619511	6000000023911491709
Q75619512	6000000001383054697
Q75619580	6000000006781889760
Q75619613	6000000017798358323
Q75619615	6000000017798214470
Q75619629	6000000067958751823
Q75619692	6000000038534964997
Q75619693	6000000026118605470
Q75619694	6000000034659125939
Q75619697	6000000009955904051
Q75619717	6000000120636760891
Q75619725	6000000050518114288
Q75619763	6000000027596242757
Q75619768	6000000027596744340
Q75619810	6000000024724175976
Q75619863	6000000031116807256
Q75619872	6000000006158612506
Q75619883	6000000011062250170
Q75619926	6000000018170766632
Q75619936	6000000015725190896
Q75619957	6000000029014175975
Q75619963	6000000047882501872
Q75619992	6000000029013460709
Q75619996	6000000029013363804
Q75620000	6000000029014174963
Q75620001	6000000029013928798
Q75620012	6000000015536140425
Q75620107	6000000010411466320
Q75620131	6000000010411222866
Q75620141	6000000011649227821
Q75620142	6000000050557156058
Q75620188	6000000035933186486
Q75620189	6000000013433028061
Q75620237	6000000017018242217
Q75620263	6000000026184007238
Q75620300	6000000004309202437
Q75620304	6000000000276146890
Q75620329	6000000000232607651
Q75620333	6000000000490879975
Q75620345	6000000007403839218
Q75620346	6000000000769985770
Q75620348	6000000000350936915
Q75620350	6000000000337400915
Q75620360	6000000000490880043
Q75620366	6000000000490879968
Q75620373	6000000003494670763
Q75620378	6000000003494670226
Q75620410	334086909030004575
Q75620465	6000000006444209961
Q75620620	6000000006444176025
Q75620622	6000000007315511114
Q75620641	6000000003649717627
Q7562074	6000000016925093542
Q75620765	6000000001347548554
Q75620767	6000000000490878650
Q75620768	6000000006444735546
Q75620801	6000000082605707316
Q75620802	6000000082606781868
Q75620808	6000000063147061943
Q75620811	6000000063146858896
Q75621033	6000000088410483822
Q75621053	6000000067862910856
Q75621073	6000000002115920904
Q75621075	6000000002116021329
Q75621208	6000000016920961975
Q75621219	6000000028714997337
Q75621227	6000000004079735918
Q75621330	6000000000140843664
Q75621334	6000000000140895530
Q7562144	6000000029732698854
Q75621469	6000000097554569874
Q75621497	6000000016921229613
Q75621499	6000000059182823830
Q75621501	6000000059182704935
Q75621531	6000000024006893068
Q75621533	6000000062743635925
Q75621546	6000000024011708795
Q75621547	6000000038348569242
Q75621552	6000000056444253847
Q75621553	6000000004100702228
Q75621554	6000000037769033884
Q75621556	6000000056443947974
Q75621590	6000000037768817714
Q75621592	6000000037815802346
Q75621613	6000000037628607100
Q75621617	6000000037628652922
Q75621618	6000000037628509460
Q75621621	6000000037629043886
Q75621623	6000000037628744360
Q75621624	6000000059183179821
Q75621626	6000000037630115976
Q75621645	6000000037628804363
Q75621650	6000000004100643549
Q75621656	6000000037768807226
Q75621659	6000000037768523659
Q75621698	6000000004100705157
Q75621701	6000000004100692201
Q75621705	6000000024014352250
Q75621709	6000000024011871569
Q75621723	6000000024007490575
Q75621728	6000000024007613168
Q75621730	6000000024007707217
Q75621750	6000000024006660330
Q75621753	6000000024006830204
Q75621755	6000000024006252764
Q75621758	6000000024006875936
Q75621760	6000000059183065926
Q75621765	6000000024015449342
Q75621771	6000000024014806295
Q75621773	6000000024011729649
Q75621777	6000000035786011253
Q75621783	6000000035786710831
Q75621879	6000000024017206004
Q75621882	6000000024018273120
Q75621884	6000000024018306173
Q75621888	6000000024018506847
Q75621914	6000000024016631221
Q75621934	6000000090357774153
Q75622069	6000000024006828023
Q75622073	6000000056881088902
Q75622074	6000000024006504447
Q75622075	6000000024006774834
Q75622079	6000000024006693144
Q75622080	6000000024006782065
Q75622085	6000000024006697147
Q75622140	6000000017621354214
Q75622144	6000000054202396840
Q75622147	6000000077256189052
Q75622162	6000000054202579860
Q75622163	6000000054202494954
Q75622166	6000000054213462821
Q75622178	6000000024246340978
Q75622306	6000000024247001041
Q75622307	6000000024246995870
Q75622322	6000000013383065656
Q75622334	6000000081105211058
Q75622336	6000000081105326907
Q75622359	6000000059182478907
Q75622363	6000000059182439052
Q75622364	6000000024252089988
Q75622405	6000000067861958245
Q75622409	6000000041125021335
Q75622411	6000000016114750911
Q75622412	6000000016115129177
Q75622415	6000000016115139126
Q75622434	6000000041124674644
Q75622446	6000000041125352211
Q75622449	6000000055410101009
Q75622456	6000000055409933123
Q75622456	6000000055410322835
Q75622487	6000000001868071463
Q75622490	6000000001531536288
Q75622496	6000000001384215355
Q75622522	6000000024007519313
Q75622558	6000000025737865063
Q75622561	6000000012470356270
Q75622563	6000000050247664865
Q75622568	6000000012470389270
Q75622569	6000000012470296498
Q75622598	6000000006891233864
Q75622600	6000000074680852835
Q75622626	6000000175928324834
Q75622638	6000000175928324956
Q75622639	6000000175928325048
Q75622640	6000000074680668945
Q75622642	6000000175928324823
Q75622646	6000000187764393822
Q75622660	6000000015546036633
Q75622662	6000000015545899777
Q75622663	6000000015545801620
Q75622717	6000000176310049830
Q75622720	6000000032346871033
Q75622722	6000000029408474264
Q75622839	6000000003922721134
Q75622868	6000000022656962042
Q75622869	6000000022657063015
Q75622978	6000000019154900956
Q75623	6000000061263041821
Q75623008	6000000014759002583
Q75623013	6000000024626723287
Q75623026	6000000029687054433
Q75623027	6000000029688236178
Q75623073	6000000187756469849
Q75623087	6000000007635273320
Q75623094	6000000007607831849
Q75623159	6000000012890176094
Q75623179	6000000007822729451
Q75623239	6000000048306230925
Q75623317	6000000029225905437
Q75623318	6000000035022009373
Q75623318	6000000121860521880
Q75623342	6000000007285996285
Q75623389	6000000010282791302
Q75623401	6000000015796082283
Q75623411	6000000181591547821
Q75623419	6000000015550035123
Q75623422	6000000015550058144
Q75623464	6000000015549885638
Q75623467	6000000002809377914
Q75623485	6000000010423874436
Q75623523	6000000054028705111
Q75623524	6000000007635379306
Q75623526	6000000013809608398
Q75623531	6000000054029057015
Q75623539	6000000046795815294
Q75623542	6000000054028595325
Q75623552	6000000054028494210
Q75623554	6000000054028936086
Q75623559	6000000026379384252
Q75623563	6000000042579966250
Q75623575	6000000013809328915
Q75623579	6000000017692301247
Q75623584	6000000042579836387
Q75623585	6000000091701866851
Q75623628	6000000027040354981
Q75623651	6000000024778571367
Q75623811	6000000026576942076
Q75623814	6000000007607030649
Q75623943	6000000009735250218
Q75623997	6000000027040375963
Q75624058	6000000007607803855
Q75624060	6000000007607887575
Q75624063	6000000003890921576
Q75624177	6000000002648845233
Q75624230	6000000034383850982
Q75624239	6000000187756511859
Q75624240	6000000187756733822
Q75624287	6000000007242155182
Q75624306	6000000007345388527
Q75624310	6000000027782526904
Q75624311	6000000007345570443
Q75624317	6000000002447355685
Q75624318	6000000002447355738
Q75624324	332332372270014088
Q75624325	332327261560003093
Q75624326	332328492070010746
Q75624329	332323647280012125
Q75624331	6000000024630564453
Q75624333	332323807320014958
Q75624336	332485492960013216
Q75624338	6000000000275136667
Q75624339	333184872240012983
Q75624340	6000000000626382733
Q75624351	6000000071421293202
Q75624353	6000000015755540667
Q75624361	6000000018145957333
Q75624385	6000000011691958661
Q75624386	6000000011692251533
Q75624443	6000000006823730125
Q75624450	6000000006823877063
Q75624466	6000000037204407377
Q75624553	6000000024154344068
Q75624632	6000000026221544322
Q75624727	6000000026225973372
Q75624743	6000000094642800903
Q75624775	6000000026376716316
Q75624794	6000000026377864230
Q75624795	6000000026376569307
Q75624820	6000000026377873170
Q75624824	6000000026226117079
Q75624862	6000000026227568661
Q75624867	6000000026378082360
Q75624958	6000000017018064132
Q75625036	6000000009369168944
Q75625081	6000000035379387748
Q75625082	6000000012658408899
Q75625128	6000000021710436142
Q75625308	6000000007252393227
Q75625422	6000000002618529030
Q75625441	6000000002624893777
Q75625456	6000000026185109020
Q75625607	6000000034766549069
Q75625671	6000000058945513974
Q75625803	6000000004079775046
Q75625868	6000000007286604663
Q75625970	6000000010799320975
Q75625982	6000000010799196929
Q75626015	6000000039110077136
Q75626017	6000000029696597137
Q75626031	6000000010298262425
Q75626038	6000000120633932190
Q75626089	6000000010931242385
Q75626090	6000000022618875299
Q75626092	6000000010931125885
Q75626093	6000000010930847093
Q75626094	6000000010931071603
Q75626095	6000000081389499291
Q75626113	6000000012646608107
Q75626115	6000000086131484024
Q75626118	6000000026286112906
Q75626120	6000000012646756908
Q75626121	6000000078378111063
Q75626122	6000000012646747129
Q75626184	6000000012646653122
Q75626187	6000000016175486791
Q75626203	6000000023649216441
Q75626209	6000000023651645834
Q75626213	6000000023648561369
Q75626254	6000000002167859125
Q75626270	6000000017010830607
Q75626286	6000000002589269550
Q75626373	6000000041125641167
Q75626465	6000000018659996134
Q75626466	6000000018659236672
Q75626469	6000000026160444816
Q75626472	6000000021016536631
Q75626527	6000000018659539614
Q75626584	6000000069545190418
Q75626585	6000000069498372954
Q75626681	6000000018192968795
Q75626682	6000000018192853823
Q75626685	6000000012565824126
Q75626686	6000000012566113586
Q75626695	6000000019386451079
Q75626715	6000000019917340151
Q75626751	6000000012566578271
Q75626757	6000000050878042865
Q75626888	6000000013744183903
Q75626908	6000000013698415204
Q75626910	6000000019935544512
Q75626912	6000000079340748852
Q75626914	6000000079340511903
Q75626935	6000000032871094105
Q75627051	6000000090603142224
Q75627052	6000000050411810180
Q75627088	6000000050412211918
Q75627107	6000000011386385271
Q75627117	6000000011244666825
Q75627121	6000000023028608931
Q75627122	6000000031305500018
Q75627131	6000000034630976341
Q75627145	6000000023028735861
Q75627235	6000000026159705197
Q75627263	6000000008964477936
Q75627272	6000000026161133017
Q75627278	6000000031310734759
Q75627280	6000000031312482933
Q75627348	6000000038201428940
Q75627358	6000000034303830009
Q75627360	6000000022754667802
Q75627362	6000000024451042130
Q75627367	6000000023028411022
Q75627369	6000000023028285497
Q75627392	6000000026160162998
Q75627403	6000000026159732669
Q75627435	6000000015891493154
Q75627456	6000000015890425829
Q75627458	6000000015890788916
Q75627461	6000000029797253244
Q75627470	6000000026980337698
Q75627490	6000000084799741211
Q75627491	6000000084800002214
Q75627492	6000000026160969699
Q75627494	6000000026161377266
Q75627496	6000000026161180550
Q75627517	6000000023362156229
Q75627526	6000000004102894468
Q75627527	6000000035537646106
Q75627528	6000000006286525521
Q75627529	6000000006285506091
Q75627532	6000000006287112242
Q75627607	6000000006285568021
Q75627699	6000000036032821845
Q75627712	6000000005793880210
Q75627714	6000000003075201464
Q75627715	6000000109534151858
Q75627724	6000000011132802528
Q75627762	6000000003128888359
Q75627786	6000000155085918821
Q75627812	6000000003128890967
Q75627814	6000000004672043100
Q75627815	6000000003128890978
Q75627828	6000000003128888315
Q75627837	6000000021066104507
Q75627840	6000000021066318137
Q75627864	6000000011680623149
Q75627905	6000000003075142381
Q75627906	6000000006445986111
Q75627908	6000000002411383636
Q75627911	6000000005793627608
Q75627913	6000000003075257132
Q75627915	6000000005794153069
Q75627917	6000000002683010151
Q75627918	6000000002061115128
Q75627920	6000000002061699201
Q75627923	6000000005943942438
Q75627929	6000000006175919316
Q75627932	6000000003075012731
Q75627933	6000000003075146521
Q75627942	6000000003075187763
Q75627943	6000000005944496060
Q75627953	6000000094653791838
Q75627960	6000000017975442363
Q75627962	6000000006444521518
Q75627971	6000000002314692531
Q75627974	6000000005819929001
Q75627975	6000000002314657843
Q75627981	6000000005819428005
Q75627982	6000000002683994206
Q75627984	6000000002314879040
Q75627986	6000000008418390926
Q75627989	6000000028105389125
Q75627991	6000000000559995993
Q75628048	6000000041967639909
Q75628051	6000000041967558063
Q75628071	6000000041967037480
Q75628072	6000000011049992239
Q75628086	6000000011149601021
Q75628089	6000000041967289979
Q75628090	6000000011149679374
Q75628091	6000000011149545620
Q75628104	6000000011132238627
Q75628187	6000000053360299142
Q75628192	6000000054511795050
Q75628219	6000000011131727129
Q75628225	6000000011132622016
Q75628247	6000000011132750541
Q75628286	6000000027874865992
Q75628288	6000000027874863024
Q75628290	6000000056005381055
Q75628294	6000000010649929314
Q75628295	6000000010649908289
Q75628297	6000000010649699747
Q75628298	6000000010649917365
Q75628303	6000000010649836394
Q75628405	6000000005797058529
Q7562854	6000000003605748984
Q75628549	6000000009304316129
Q75628635	6000000000941590292
Q75628650	6000000009513315698
Q75628652	6000000009512862967
Q75628805	6000000018431935290
Q75628833	6000000019363797664
Q75628835	6000000019368956805
Q7562884	6000000014757521588
Q75628966	6000000048816833873
Q75628968	6000000030948880452
Q7562898	6000000004996478570
Q75629011	6000000013300795751
Q75629013	6000000010897218706
Q75629018	6000000085536506844
Q75629020	6000000034490651835
Q75629087	6000000013645043615
Q7562922	6000000006928841151
Q7562938	6000000009468090995
Q75629435	6000000009226016995
Q75629441	6000000016055042936
Q75629444	6000000024277408854
Q75629446	6000000024277448834
Q75629449	6000000024616757481
Q75629450	6000000024616374694
Q75629469	6000000024616653526
Q75629470	6000000024616829655
Q75629471	6000000024616715469
Q75629493	6000000015682343391
Q75629639	6000000025346083548
Q75629640	6000000025345971469
Q75629649	6000000025345781245
Q75629679	6000000010897992812
Q75629687	6000000085005391972
Q75629695	6000000004671689637
Q75629721	5645904570600084107
Q75629809	6000000032437109511
Q75629810	6000000032785539686
Q75629812	6000000078927175208
Q75629814	6000000032785159702
Q75629833	6000000032787080972
Q75629834	6000000032787267930
Q75629844	6000000032786798977
Q75629845	6000000032436937760
Q75629846	6000000008645378978
Q75629850	6000000026106608132
Q75629851	6000000026106007785
Q75629856	6000000026106745115
Q75629888	6000000026106296306
Q75629894	6000000033021556864
Q75629896	6000000032438411355
Q75629898	6000000030880512055
Q75629900	6000000078927914140
Q75629901	6000000033021734860
Q75629902	6000000033023878678
Q75629904	349099332100011551
Q7562996	6000000048811502227
Q75629965	6000000033020940770
Q75629966	6000000033021892136
Q7562997	6000000002188593529
Q75629992	6000000032419944876
Q75629994	6000000032419915978
Q75629995	6000000033021251165
Q75629998	6000000030886883059
Q75629999	6000000030886662252
Q75630000	6000000030886179774
Q75630005	6000000030887368827
Q75630012	6000000030901202785
Q75630015	6000000030901521893
Q75630088	6000000027314760301
Q75630114	6000000030947394843
Q75630124	6000000030947035556
Q75630139	6000000030947185240
Q75630143	6000000030947289163
Q75630166	6000000005250144184
Q75630223	6000000030947199017
Q75630224	6000000030947298877
Q75630263	6000000030947195358
Q75630265	6000000030947536821
Q75630266	6000000033635262237
Q75630288	6000000030947697843
Q75630294	6000000030947613888
Q75630295	6000000055595494176
Q7563035	6000000015935514624
Q75630392	6000000046472751990
Q75630426	6000000033710988382
Q75630428	6000000033710986478
Q7563044	6000000022407016025
Q75630460	6000000034444452919
Q75630462	6000000034444241941
Q75630463	6000000077120561822
Q75630465	6000000050911600240
Q75630493	6000000033711184321
Q75630494	6000000033710602637
Q75630498	6000000034442785979
Q75630505	6000000033990350810
Q75630549	6000000025358859110
Q75630556	6000000028139490950
Q75630593	6000000033734909980
Q75630627	6000000006999490224
Q75630694	6000000024407324874
Q75630722	6000000050563380962
Q75630737	6000000050563404060
Q75630758	6000000000602931385
Q75630761	6000000069792860247
Q75630764	6000000021207959899
Q7563080	6000000002149993080
Q75630820	6000000021213730693
Q75630827	6000000021214241062
Q75630832	6000000021207867845
Q75630838	6000000021208063994
Q75630839	6000000021207488502
Q75630842	6000000021207924588
Q75630843	6000000021207617698
Q75630847	6000000021207912768
Q75630848	6000000021207357470
Q75630849	6000000021207920586
Q75630850	6000000021208006244
Q75630865	6000000021208168060
Q75630867	6000000021208043462
Q75630905	6000000021207991965
Q75630948	6000000010050732656
Q75631035	6000000021949997188
Q75631053	6000000041111397008
Q75631094	6000000002115953186
Q75631121	6000000002765257648
Q75631157	6000000002188536085
Q75631188	6000000003424826369
Q75631190	6000000003424915063
Q75631192	6000000024051883284
Q75631192	6000000090417717892
Q75631196	6000000024051751363
Q75631208	6000000090412289918
Q75631214	6000000011774487202
Q75631215	6000000011773572025
Q75631219	6000000011772849909
Q75631264	6000000077766895787
Q75631268	6000000011774589319
Q7563127	6000000002799100943
Q75631289	6000000015445560581
Q75631301	6000000015436273281
Q75631326	6000000015436305202
Q75631327	6000000015212717833
Q75631328	6000000059258143811
Q75631330	6000000015213036228
Q75631331	6000000059259412821
Q75631334	6000000015213055137
Q75631336	6000000061288039006
Q75631337	6000000059259358868
Q75631340	6000000061287315892
Q75631341	6000000061289138825
Q75631396	6000000077766710426
Q75631430	6000000000280956106
Q75631467	6000000077025465389
Q75631468	6000000077025425243
Q75631478	6000000034877093220
Q75631479	6000000009984351676
Q7563148	6000000007980816060
Q75631480	6000000009984499862
Q75631500	6000000006893637057
Q7563156	6000000074304637111
Q75631651	6000000018889103227
Q75631674	6000000082356647666
Q75631681	6000000034876988730
Q75631682	6000000015376634554
Q75631691	6000000015376757331
Q75631692	6000000081059044876
Q75631709	6000000077201173502
Q75631743	6000000050755625854
Q75631770	6000000024107050156
Q75631806	6000000010050443026
Q75631818	6000000003602300626
Q75631823	6000000003602282505
Q75631825	6000000003602282518
Q75631992	6000000048762499578
Q75631999	6000000033238243289
Q75632003	6000000033237990809
Q75632005	6000000033238558900
Q75632040	6000000033238294940
Q75632050	6000000033237162486
Q75632052	6000000007745314905
Q75632114	6000000033239064058
Q75632143	6000000000280766772
Q75632160	6000000024142515581
Q75632180	6000000040448626069
Q75632219	6000000012811683518
Q75632250	6000000012811547415
Q75632251	6000000012811531220
Q75632254	6000000012811278685
Q75632262	6000000012811431087
Q75632328	6000000048762563951
Q75632400	6000000034140465932
Q75632487	6000000013874303540
Q75632499	6000000052205574178
Q75632505	6000000053840615214
Q75632506	6000000053841079975
Q75632512	6000000011626098439
Q75632518	6000000024032593314
Q75632530	6000000053840792075
Q75632533	6000000053841310822
Q75632534	6000000053841300847
Q75632544	6000000053841327848
Q75632566	6000000019011696692
Q75632586	6000000030181023145
Q75632900	6000000013874375135
Q75632903	6000000021728059961
Q75632908	6000000011732629523
Q75632979	6000000067958995821
Q75632980	6000000067958209950
Q75632995	6000000040153230635
Q75632997	6000000083149461039
Q75633001	6000000050206779821
Q75633004	6000000067958119082
Q75633011	6000000067958970840
Q75633030	6000000003993055927
Q75633041	6000000007745487834
Q75633043	6000000007745633263
Q75633045	6000000007745690230
Q75633108	6000000007762303721
Q75633116	6000000025757632152
Q75633118	6000000001782148005
Q75633119	6000000095043459846
Q75633124	6000000007746157621
Q75633137	6000000007745806112
Q75633139	6000000021717383245
Q75633142	6000000021717457392
Q75633143	6000000021717386739
Q75633155	6000000008595175539
Q75633156	6000000054016310829
Q75633179	6000000055554499841
Q75633180	6000000021717466454
Q75633181	6000000021717358739
Q75633200	6000000021717293766
Q75633201	6000000021717358631
Q75633218	6000000008435651450
Q75633337	6000000050505634271
Q75633339	6000000050509306883
Q75633352	6000000050506674083
Q75633356	6000000021193361338
Q75633362	6000000050505366127
Q75633371	6000000030952932709
Q75633387	6000000050506411205
Q75633391	6000000050506284842
Q75633393	6000000050507947389
Q75633405	6000000050518439169
Q75633415	6000000050518965838
Q75633463	6000000027644806355
Q75633680	6000000011286229237
Q75634073	6000000015753430718
Q7563408	6000000021810365781
Q75634084	6000000033970916021
Q75634089	6000000014051310005
Q75634090	6000000033972954934
Q75634100	6000000033972423095
Q75634101	6000000033971068471
Q75634106	6000000033972911939
Q75634109	6000000026810934406
Q75634119	6000000026465455022
Q75634125	6000000033972067536
Q75634172	6000000035879108354
Q75634177	6000000053915392868
Q75634178	6000000026041368994
Q75634179	6000000014050088513
Q75634185	6000000033971929591
Q75634189	6000000033973798831
Q75634304	6000000019131790962
Q75634327	6000000013764843305
Q75634329	6000000002188674777
Q75634335	6000000013507341924
Q75634342	6000000014268592079
Q75634344	6000000002188520592
Q75634345	6000000002188520587
Q75634346	6000000002188520424
Q75634355	6000000179250677867
Q75634378	6000000013544819972
Q75634409	6000000006444188567
Q75634412	6000000005361415001
Q75634414	6000000007764781309
Q75634427	6000000017213161671
Q75634473	6000000008261031377
Q75634479	6000000015865063910
Q75634481	6000000015865220140
Q75634564	6000000047604326070
Q75634565	6000000047604431054
Q75634567	6000000002106738881
Q75634570	6000000045993730198
Q75634606	6000000091359090880
Q75634809	6000000052186368895
Q75634810	6000000052185208606
Q75634825	6000000052186028258
Q75634845	6000000052186252866
Q75634857	6000000052185844454
Q75635	6000000040956035272
Q75635127	6000000052186143059
Q75635143	6000000052186185000
Q75635153	6000000052186183027
Q75635181	6000000080978084822
Q75635314	6000000052185737255
Q75635316	6000000052186266918
Q75635323	6000000049976074917
Q75635342	6000000054570957940
Q75635352	6000000080985659836
Q75635353	6000000045994454048
Q75635374	6000000029038264804
Q75635407	6000000029032778449
Q75635434	6000000028203171836
Q75635467	6000000015499200844
Q75635485	6000000002115890395
Q75635497	6000000002802856431
Q75635545	6000000013431672674
Q75635548	6000000013431635866
Q75635550	4735524321670029712
Q75635552	4735524321620029711
Q75635553	6000000011710707500
Q75635556	6000000011726902521
Q75635632	6000000011726717933
Q75635657	6000000011726783003
Q75635660	6000000180389032844
Q75635857	6000000011726967298
Q75635875	6000000011726922471
Q75635882	6000000011710857408
Q75635916	6000000049716085940
Q75635929	6000000011710311558
Q75635983	6000000011708108042
Q75635987	6000000132414901425
Q75636009	6000000011709627457
Q75636011	6000000051509164941
Q75636022	6000000058645817827
Q75636027	6000000011708052969
Q75636032	4738654651880080465
Q75636037	6000000011710565420
Q75636038	6000000013431736217
Q75636045	6000000011709798782
Q75636047	6000000011709758413
Q75636055	6000000011708738126
Q75636082	6000000006444240843
Q75636113	6000000018967687830
Q75636118	6000000023912634799
Q75636158	6000000037817743081
Q75636171	6000000037818028838
Q75636189	6000000037817940160
Q75636231	6000000001877508765
Q75636281	6000000018078929606
Q75636291	6000000019419077322
Q75636309	6000000002106742606
Q75636332	6000000046200769847
Q75636441	6000000046187440502
Q75636443	6000000046187356567
Q75636448	6000000046200045517
Q75636475	6000000046188594864
Q75636477	6000000046188603948
Q75636487	6000000046201054824
Q75636497	6000000042924237915
Q75636529	6000000035009719839
Q75636553	6000000035009087493
Q75636758	6000000057523670178
Q75636966	6000000000954642432
Q75636997	6000000017272018028
Q75636999	6000000017271084907
Q75637032	6000000017271941550
Q75637085	6000000017272186112
Q75637096	6000000074608228885
Q75637127	6000000017272018034
Q75637131	6000000017272198346
Q75637134	6000000017272199276
Q75637139	6000000017272199268
Q75637141	6000000017272199272
Q75637171	6000000010421949029
Q75637175	6000000010421871916
Q75637179	6000000010422259516
Q75637185	6000000010421748180
Q75637186	6000000010422131511
Q75637187	6000000010422162641
Q75637349	6000000052064614852
Q75637350	6000000052064776887
Q75637358	6000000013504563738
Q75637366	6000000181986399833
Q75637373	6000000015498838552
Q75637380	6000000015549383642
Q75637387	6000000015499007906
Q75637390	6000000011042621470
Q75637394	6000000015549260726
Q75637476	6000000045142967933
Q75637511	6000000013514935413
Q75637512	6000000013515020273
Q75637526	6000000013505681035
Q75637546	6000000024851012848
Q75637554	6000000079361614891
Q75637578	6000000024913513880
Q75637580	6000000013505682569
Q75637608	6000000012357441716
Q75637614	6000000013096880270
Q75637620	6000000034373259039
Q75637624	6000000034373345889
Q75637638	6000000012357378356
Q75637646	6000000034373253025
Q75637651	6000000013524713176
Q75637657	6000000013525150010
Q75637661	6000000034373178957
Q75637667	6000000012357432640
Q75637691	6000000046187795821
Q75637692	6000000046187512959
Q75637697	6000000046187558102
Q756377	6000000028155074087
Q75637704	6000000046187746979
Q75637747	6000000007216572476
Q75637758	6000000010039500029
Q75637762	6000000011770167215
Q75637769	6000000003982799222
Q75637773	6000000013477617947
Q75637792	6000000013477895014
Q75637844	6000000012056370787
Q75637845	6000000012057203583
Q75637868	6000000012057567245
Q75637871	6000000012058779628
Q75637879	6000000013478600432
Q75637881	6000000013478559751
Q75637885	6000000052064236995
Q75637936	6000000052064551029
Q75637969	6000000037807094191
Q75637971	6000000037805973504
Q75637987	6000000001084292523
Q75638018	6000000014161987504
Q75638020	6000000014162389109
Q75638046	6000000001084265053
Q75638226	6000000013406719181
Q75638228	6000000143881821073
Q75638233	6000000039977043900
Q75638236	6000000028286066229
Q75638260	6000000003216051531
Q75638266	6000000009684839924
Q75638281	6000000003216054706
Q75638282	6000000003216089341
Q75638302	6000000003216054018
Q75638310	6000000003216054351
Q75638320	6000000003216054714
Q75638355	6000000009683909038
Q75638356	6000000009684995206
Q75638377	6000000003216051400
Q75638403	6000000003216051312
Q75638406	6000000003216104732
Q75638416	6000000003216050659
Q75638417	6000000003216054758
Q75638420	6000000003216050504
Q75638424	6000000003216051278
Q75638432	6000000003216054652
Q75638433	6000000003216110712
Q75638479	2773535
Q75638483	2773481
Q75638487	6000000003216046974
Q75638488	6000000003216050056
Q75638489	6000000003216049263
Q75638499	6000000003216049241
Q75638500	6000000003216110845
Q75638503	6000000034762247415
Q75638551	6000000003216051612
Q75638583	6000000003216051555
Q75638584	6000000003216054030
Q75638586	6000000003216051058
Q75638607	6000000027657904967
Q75638624	6000000003216083471
Q75638630	6000000003216049592
Q75638646	6000000019207077191
Q75638650	6000000003216054619
Q75638652	6000000019207148742
Q75638653	6000000019207497058
Q75638657	6000000007978915805
Q75638662	6000000003216128786
Q75638664	6000000007978896791
Q75638668	6000000003216046428
Q75638671	6000000003216049038
Q75638739	6000000007233808873
Q75638742	6000000003216049807
Q75638791	6000000003216050885
Q75638826	6000000003216050980
Q75638850	6000000056547736916
Q75638851	6000000056547444068
Q75638852	6000000003216104144
Q75638853	6000000003216104116
Q75638855	6000000003216049697
Q75638856	6000000003216049911
Q75638868	6000000006864193739
Q75638871	6000000046708051983
Q75638872	6000000017609842992
Q75638882	6000000003216046636
Q75638925	6000000020705487244
Q75638929	6000000003216050436
Q75638936	6000000003216050938
Q75638937	6000000003216087657
Q75638940	6000000003216054435
Q75638948	6000000003216067609
Q75638952	6000000017431201099
Q75638967	6000000010371650606
Q75638971	6000000019207455153
Q75638974	6000000019206244983
Q75638977	6000000029324590454
Q75638985	6000000003216104802
Q75638996	6000000003216046908
Q75639020	6000000051991154838
Q75639022	6000000051991449855
Q75639031	6000000051994475853
Q75639032	6000000051998963865
Q75639036	6000000051999062939
Q75639039	6000000051998997014
Q75639045	6000000051999224128
Q75639048	6000000003891379508
Q75639100	6000000025678748279
Q75639114	6000000025345563161
Q75639115	6000000030882714317
Q75639122	6000000030882743369
Q75639126	6000000030882698380
Q75639133	6000000017058795160
Q75639171	6000000006444659220
Q75639174	6000000026455238497
Q75639175	6000000003891379499
Q75639186	6000000046905875859
Q75639189	6000000046908603034
Q75639263	6000000046906256871
Q75639266	6000000046907624996
Q75639293	6000000015974791848
Q75639365	6000000034665765276
Q75639379	6000000024859639189
Q75639395	6000000026454556733
Q75639396	6000000046914589199
Q75639416	6000000046915912893
Q75639421	6000000046908255939
Q75639451	6000000026748383298
Q75639814	6000000045645271381
Q75639820	6000000034205392001
Q75639853	6000000083149170273
Q75639855	6000000083149434197
Q75639949	6000000045627487026
Q75639964	6000000011554754235
Q75639965	6000000061833660956
Q75639971	6000000016131380733
Q75639971	6000000038784797925
Q75639986	6000000044299078771
Q75639989	6000000044299655226
Q75639992	6000000044299390452
Q75639993	6000000044300152851
Q75639996	6000000044299327548
Q75640018	6000000061833636175
Q75640037	6000000002263877688
Q75640040	6000000045627346833
Q75640043	6000000045626803194
Q75640045	6000000025739339022
Q75640132	6000000047968757475
Q75640152	6000000039058784276
Q75640155	6000000039058654416
Q75640157	6000000010768313190
Q75640166	6000000010766790188
Q75640168	6000000011658320287
Q75640241	5645904596070084113
Q75640283	6000000010769422370
Q75640333	6000000007978010716
Q75640366	6000000090707198987
Q75640381	6000000082980041829
Q75640657	6000000020466562621
Q75640685	5149265984860066728
Q75640730	6000000019264246554
Q75640751	6000000009661032983
Q75640752	6000000009662580885
Q75640761	5007633696080106349
Q75640775	6000000036653168190
Q75640815	6000000015959654626
Q75640953	6000000019206930222
Q75640959	6000000051945912912
Q75641049	6000000078706403143
Q75641113	6000000017649046707
Q75641181	6000000040752861363
Q75641182	6000000040753293166
Q75641221	6000000043851622260
Q75641282	6000000043851743965
Q75641398	6000000050507431858
Q75641476	6000000050507280990
Q75641478	6000000050507156010
Q75641483	6000000050502829016
Q75641487	6000000050502718112
Q75641488	6000000050503028984
Q75641490	6000000050507353028
Q75641497	6000000011552990873
Q75641499	6000000050503154823
Q75641501	6000000050506628381
Q75641570	6000000034280493664
Q75641582	6000000034280450374
Q75641660	6000000034267588788
Q75641748	6000000047802947932
Q75641749	6000000047803153827
Q75641855	6000000052089908062
Q75641873	6000000014713010529
Q75641874	6000000014713391007
Q75641884	6000000038589491276
Q75641920	6000000009770078866
Q75641952	6000000003216119053
Q75641967	6000000003216114957
Q75641991	6000000003216114934
Q75642016	6000000003216114976
Q75642026	6000000127364235923
Q75642051	6000000017644528604
Q75642060	6000000057465157091
Q75642061	6000000060331977835
Q75642181	6000000058451437052
Q75642191	6000000009446922914
Q75642192	6000000009446885360
Q75642213	6000000064012804994
Q75642221	6000000064011873699
Q75642233	6000000064013049846
Q75642242	6000000064013059838
Q75642277	6000000064013014871
Q75642289	3981491538230031369
Q75642290	3981500518190045860
Q75642304	6000000058451539869
Q75642307	6000000036365690484
Q75642310	6000000015959941771
Q75642311	6000000015960295369
Q75642312	6000000015960682931
Q75642329	6000000058451452948
Q75642343	6000000058450473241
Q75642358	6000000058451392924
Q75642359	6000000058505436341
Q75642377	6000000025942248784
Q75642385	6000000025942488365
Q75642417	6000000034427012081
Q75642445	6000000014513242805
Q75642446	6000000014513943355
Q75642532	6000000022438204054
Q75642914	6000000057050780518
Q75642985	6000000039989195038
Q75643014	6000000017287224817
Q75643021	6000000034993189147
Q75643108	6000000006788428360
Q75643183	6000000036425176143
Q75643303	6000000017743257058
Q75643304	6000000017743874168
Q75643345	6000000017742686604
Q75643358	6000000017742224244
Q75643369	6000000017741931370
Q75643376	6000000026002737518
Q75643377	6000000017740931409
Q75643378	6000000017742244724
Q75643383	6000000017742523084
Q75643498	6000000017742905010
Q75643500	6000000017742278289
Q75643510	6000000047806906784
Q75643522	6000000017740379704
Q75643524	6000000047807940883
Q75643528	6000000072815526825
Q75643550	6000000036573609090
Q75643572	6000000014567829707
Q75643577	6000000055610160009
Q75643578	6000000055609935053
Q75643588	6000000030990745540
Q75643593	6000000057047787888
Q75643601	6000000023305495156
Q75643612	6000000026377798532
Q75643618	6000000030990751442
Q75643635	6000000030990850191
Q75643640	6000000006118364002
Q75643642	6000000006788412421
Q75643643	6000000003266340099
Q75643645	6000000006788481222
Q75643647	6000000004086366830
Q75643718	6000000027378250272
Q75643730	6000000006795878392
Q75643731	6000000006797522256
Q75643732	6000000055609896152
Q75643735	6000000055609865915
Q75643736	6000000055609848182
Q75643742	6000000027378774878
Q75643747	6000000006797230589
Q75643754	6000000006797568124
Q75643831	6000000027379839946
Q75643834	6000000027379952366
Q75643841	6000000048845754019
Q75643882	6000000027380013024
Q75643963	6000000027379814953
Q75643967	6000000055609777218
Q75643974	4765534830310080516
Q75643984	6000000037169261833
Q75643986	6000000055610504881
Q75644086	6000000030088374847
Q75644089	6000000030088148092
Q75644133	6000000004883497373
Q75644148	6000000004879647112
Q75644156	6000000004883153064
Q75644157	6000000015252860515
Q75644158	6000000015252893293
Q75644159	6000000004883152301
Q75644161	6000000013434544160
Q75644163	6000000013434763856
Q75644164	6000000013434400633
Q75644165	6000000004879484798
Q75644167	6000000004883249142
Q75644171	6000000004883276233
Q75644172	6000000004883194633
Q75644220	6000000004882905807
Q75644228	6000000077484467994
Q75644293	6000000031036718834
Q75644295	6000000031036605996
Q75644395	6000000007025537226
Q75644403	6000000007024735912
Q75644406	6000000007025735116
Q75644528	6000000042837644322
Q75644593	6000000014692469809
Q75644747	6000000017528561197
Q75644997	6000000025349760161
Q75645149	6000000063633454827
Q75645185	6000000009728901511
Q75645200	6000000009728901385
Q75645205	6000000034579874260
Q75645206	6000000034580594099
Q75645208	6000000034580727125
Q75645209	6000000076921805880
Q75645322	6000000016898415364
Q75645324	6000000008177389274
Q75645335	6000000036556949370
Q75645346	6000000025917826143
Q75645358	6000000056860997382
Q75645359	6000000009636138241
Q75645373	6000000056849514858
Q75645409	6000000016907190887
Q75645416	6000000034579653088
Q75645417	6000000034578011766
Q75645532	6000000028686521323
Q75645533	6000000028685047681
Q75645537	6000000016898058830
Q75645538	6000000016898134963
Q75645563	6000000016909005189
Q75645575	6000000016909055074
Q75645576	6000000016909076037
Q75645594	6000000016908037567
Q75645596	6000000033986042749
Q75645602	6000000016907819445
Q75645608	6000000016907895572
Q75645615	6000000016907853144
Q75645620	6000000003216093186
Q75645625	6000000025085041972
Q75645636	6000000025085126871
Q75645683	6000000025084561605
Q75645684	6000000025085098983
Q75645685	6000000025085020379
Q75645790	6000000003216058903
Q75645792	6000000063831405918
Q75645793	6000000063831257892
Q75645796	6000000003216058984
Q75645801	6000000003216061004
Q75646019	6000000014815097409
Q75646032	6000000030890234782
Q75646042	6000000010293368847
Q75646043	6000000013229717194
Q75646057	6000000030892189995
Q75646072	6000000025348365531
Q75646073	6000000025349243084
Q75646105	6000000025349290864
Q75646107	6000000025348776331
Q75646108	6000000025348633514
Q75646111	6000000025349242924
Q75646164	6000000025344907111
Q75646201	6000000104318117892
Q75646311	6000000007322046454
Q75646332	6000000007322001571
Q75646338	6000000007322127277
Q75646356	6000000007321693757
Q75646359	6000000007321671602
Q75646381	6000000056050377985
Q75646384	6000000056050043003
Q75646391	6000000007321878662
Q75646393	6000000007321933585
Q75646394	6000000007321859808
Q75646395	6000000007321813502
Q75646397	6000000007321343888
Q75646399	6000000007321530267
Q75646484	6000000034665880255
Q75646737	6000000027572441213
Q75646745	6000000027572170510
Q75646747	6000000027572405998
Q75647076	6000000034707263461
Q75647152	6000000034767043084
Q75647173	6000000026300243708
Q75647222	6000000034765746361
Q75647237	6000000053844134101
Q75647238	6000000053844946828
Q75647240	6000000053844913861
Q75647260	6000000053844136281
Q75647261	6000000054070309135
Q75647268	6000000054070826947
Q75647274	6000000054071106828
Q75647280	6000000053314318090
Q75647292	6000000053844048141
Q75647374	6000000015499545600
Q75647375	6000000015538163056
Q75647389	6000000026199920017
Q75647422	6000000017810464419
Q75647424	6000000017811147459
Q75647452	6000000016302058695
Q75647602	6000000024818000994
Q75647712	6000000099931888865
Q75647763	6000000016267045380
Q75647774	6000000016301101042
Q75647776	6000000016301017396
Q75647777	6000000016301227284
Q75647781	6000000016301116094
Q75647783	6000000016301068668
Q75647784	6000000016301084605
Q75647785	6000000016267199036
Q75647788	6000000016301267039
Q75647790	6000000016301118107
Q75647791	6000000016267020254
Q75647792	6000000016266973540
Q75647799	6000000016300709897
Q75647801	6000000016301106787
Q75647815	6000000003765054628
Q75647836	6000000016301136651
Q75647838	6000000016301311456
Q75647841	6000000016301247130
Q75647842	6000000016301277389
Q75647843	6000000016301303156
Q75647844	6000000016301239487
Q75647889	6000000016299508583
Q75647890	6000000016300057195
Q75647891	6000000016300037436
Q75647892	6000000016300105245
Q75647898	6000000016300301755
Q75648168	6000000082797609832
Q75648173	6000000079728081347
Q75648174	6000000079728092219
Q75648200	6000000116929525912
Q75648201	6000000116928997022
Q75648203	6000000116929857999
Q75648207	6000000116929911030
Q75648218	6000000043212787108
Q75648245	6000000116930260871
Q75648251	6000000116929813987
Q75648252	6000000116929050255
Q75648257	6000000116928997301
Q75648360	6000000032009921443
Q75648430	6000000032009769607
Q75648431	6000000032010217062
Q75648437	6000000082797078080
Q75648703	6000000084510180916
Q75648795	6000000196715428838
Q75648796	6000000196715108863
Q75648824	6000000080561756159
Q75648830	6000000017676110291
Q75648831	6000000080562482939
Q75648880	6000000052299071890
Q75648905	6000000037867847011
Q75648912	6000000050518086194
Q75648922	6000000055615945833
Q75648927	6000000050565871717
Q75648928	6000000055616624849
Q75648932	6000000055616748851
Q75648933	6000000055616187964
Q75648939	6000000033910086721
Q75648952	6000000050518317932
Q75648966	6000000050566366252
Q75648971	6000000050566598839
Q75648972	6000000050566636858
Q75648973	6000000055619261934
Q75649029	6000000015710410835
Q75649030	6000000034687464456
Q75649036	6000000019858518026
Q75649038	6000000034690153876
Q75649039	6000000034688607734
Q75649045	6000000034690046985
Q75649151	6000000069639112914
Q75649172	6000000027820596031
Q75649174	6000000027723198664
Q75649185	6000000005588577336
Q75649186	6000000005588216561
Q75649247	6000000027104282981
Q75649436	6000000067874696873
Q75649447	6000000010578548753
Q75649448	6000000010546472538
Q75649449	5568410599680039336
Q75649635	6000000131585668822
Q75649636	6000000011285797272
Q75649638	6000000011285705362
Q75649700	6000000023023597860
Q75649702	6000000023023663829
Q75649733	6000000023023263216
Q75649752	6000000015710282708
Q75649757	6000000015710447216
Q75649758	6000000015710516049
Q75649760	6000000015710439045
Q75649880	6000000075498670864
Q75649885	6000000042280789002
Q75649885	6000000075498160129
Q75649886	6000000042280640170
Q75649886	6000000067875056821
Q75649889	6000000009773985959
Q75649891	6000000019303713264
Q75649896	6000000015907520736
Q75649898	6000000015907727052
Q75649900	6000000015907408643
Q75649938	6000000015907448962
Q75649943	6000000015907657378
Q75649945	6000000015907720222
Q75649947	6000000015907678152
Q75649950	6000000015907871198
Q75649975	6000000030971208107
Q75650046	6000000097185905850
Q75650069	6000000017343193148
Q75650070	6000000001355625881
Q75650072	6000000001355835178
Q75650143	6000000026241575201
Q75650149	6000000059894204930
Q75650161	6000000075272230064
Q75650163	6000000075271952344
Q75650164	6000000075272324065
Q75650165	6000000075273977001
Q75650174	6000000024208126371
Q75650180	6000000004956106904
Q75650182	6000000032757705650
Q75650186	6000000075274613960
Q75650188	6000000075274737919
Q75650209	6000000075569201827
Q75650212	6000000049020920049
Q75650215	6000000003918024364
Q75650240	6000000049021580841
Q75650242	6000000049290706251
Q75650245	6000000051998237969
Q75650256	6000000005599082912
Q75650261	6000000120851682857
Q75650268	6000000051998504010
Q75650272	6000000051998679936
Q75650278	6000000049021246076
Q75650281	6000000020614403155
Q75650285	6000000003917960179
Q75650344	6000000054465600045
Q75650357	6000000058443238868
Q75650360	6000000050554815917
Q75650373	6000000033471068346
Q75650375	6000000016302836089
Q75650376	6000000033426030934
Q75650401	6000000033425430810
Q75650404	6000000031958107706
Q75650406	6000000033425665370
Q75650423	6000000030971179480
Q75650424	6000000081083820226
Q75650436	6000000030971165067
Q75650440	6000000095691861848
Q75650441	6000000030971003092
Q75650442	6000000164469755856
Q75650444	6000000030970821391
Q75650451	6000000057484036947
Q75650452	6000000057484520884
Q75650455	6000000057483596980
Q75650456	6000000095690989063
Q75650461	6000000057483892977
Q75650465	6000000030971162171
Q75650504	6000000015907605839
Q75650520	6000000015907779192
Q75650568	6000000030915081138
Q75650570	6000000030915143075
Q75650605	6000000004079619737
Q75650628	6000000010980573966
Q75650632	6000000011613906778
Q75650633	6000000011614099752
Q75650667	6000000011649444305
Q75650668	6000000011649461257
Q75650688	6000000069793047715
Q75650689	6000000069793875035
Q75650718	6000000011649138554
Q75650725	6000000081085970877
Q75650818	6000000006451729074
Q75651034	6000000014613159958
Q75651101	6000000005842329008
Q75651108	6000000015254343241
Q75651264	6000000010668188078
Q75651265	6000000010668404291
Q75651266	6000000010668410237
Q75651268	6000000010668410247
Q75651431	6000000019210503305
Q75651441	6000000011701358026
Q75651442	6000000022457093456
Q75651445	6000000082870664001
Q75651454	6000000067878415897
Q75651638	6000000023673410270
Q75651738	6000000076671491096
Q75651739	6000000037020548319
Q75651742	6000000021947950144
Q75651758	6000000053082073034
Q75651760	6000000012985116463
Q75651761	6000000053081814013
Q75651785	349101738040012638
Q75651788	349101854520013480
Q75651792	349099675680012688
Q75651794	349097531590011491
Q75651796	349098288090012698
Q75651805	333235391170012194
Q75651833	6000000002092590624
Q75651842	6000000002092448881
Q75651880	6000000026463676129
Q75651882	6000000024493003480
Q75651957	6000000031009517680
Q75651960	6000000094436707377
Q75651962	6000000096215090952
Q75651983	6000000051997772168
Q75652010	6000000077484763830
Q75652014	6000000077484576858
Q75652019	6000000077484534925
Q75652048	6000000077483463225
Q75652067	6000000025617326432
Q75652075	6000000077484148054
Q75652090	6000000032713941074
Q75652097	6000000015254480073
Q75652099	6000000015254399374
Q75652106	6000000051945392034
Q75652108	6000000054010524854
Q75652122	6000000051945813948
Q75652123	6000000051945497240
Q75652126	6000000051945697039
Q75652127	6000000051945349161
Q75652128	6000000051945423102
Q75652136	6000000051945067199
Q75652143	6000000051945372045
Q75652155	6000000051945629880
Q75652178	6000000051945321062
Q75652179	6000000041960050089
Q75652181	6000000051945740832
Q75652294	6000000038757667299
Q75652393	6000000090780920854
Q75652545	6000000076110811992
Q75652546	6000000055012471856
Q75652580	6000000066387759925
Q75652581	6000000066387903853
Q75652689	6000000054570706015
Q75652691	6000000054571072075
Q75652693	6000000054571291958
Q75652716	6000000082482203374
Q75652837	6000000066387892832
Q75652873	6000000013536442165
Q75652935	6000000007464236539
Q75652946	6000000007621290672
Q75652977	6000000007464504206
Q75653014	6000000077869160859
Q75653015	6000000077868862161
Q75653025	6000000013332889385
Q75653077	6000000010668018076
Q75653079	6000000007473791611
Q75653090	6000000010668551517
Q75653115	6000000007474245207
Q75653125	6000000007473897713
Q75653126	6000000007473966667
Q75653137	6000000007474024310
Q75653139	6000000007473328943
Q75653245	6000000007473090055
Q75653247	6000000007473249643
Q75653257	6000000007473134791
Q75653259	6000000010668404751
Q75653262	6000000007473635250
Q75653264	6000000007473628274
Q75653276	6000000007473491910
Q75653277	6000000007473455088
Q75653377	6000000012228277429
Q75653378	6000000012228260618
Q75653382	6000000036048757974
Q75653388	6000000045033942826
Q75653436	6000000016166494255
Q75653438	6000000057047778950
Q75653440	6000000052965487332
Q75653466	6000000000352380506
Q75653510	6000000022346312712
Q75653529	6000000012228524394
Q75653553	6000000001608754728
Q75653593	6000000022346337555
Q75653599	6000000022347280277
Q75653601	6000000022347355878
Q75653615	6000000019411509562
Q75653616	6000000019411570078
Q75653804	6000000088771001982
Q75653808	6000000007882355496
Q75653810	6000000007887049328
Q75653879	6000000008299646210
Q75653887	6000000020381844207
Q75653915	6000000007394428374
Q75653917	6000000011092815328
Q75653928	6000000013546009279
Q75653929	6000000007394511915
Q75653930	6000000014213518081
Q75653942	6000000046757904059
Q75653952	6000000018741081042
Q75653961	6000000025551657476
Q75653963	6000000010883204730
Q75654	6000000022258693514
Q75654040	6000000026330957697
Q75654098	6000000006241466800
Q75654131	6000000033259720718
Q75654138	6000000081204823089
Q75654148	6000000053459885821
Q75654152	6000000039287064442
Q75654153	6000000033991808432
Q75654164	6000000023548541906
Q75654168	6000000023547434289
Q75654184	6000000007745498323
Q75654191	6000000011336044189
Q75654208	6000000004993828083
Q75654214	6000000011335744790
Q75654217	6000000011335957065
Q75654221	6000000024091929800
Q75654224	6000000011335968023
Q75654230	6000000026817717787
Q75654231	6000000000683727191
Q75654232	6000000000683583938
Q75654246	6000000078512453884
Q75654274	6000000078512231059
Q75654280	6000000052640366051
Q75654394	6000000033581927190
Q75654395	6000000033607403031
Q75654397	6000000033582255854
Q75654399	6000000033581736922
Q75654410	6000000013924722165
Q75654412	6000000033607510873
Q75654456	6000000033607524908
Q75654463	6000000033607316104
Q75654504	6000000033615543855
Q75654535	6000000033582122099
Q75654536	6000000033604454074
Q75654542	6000000033582110128
Q75654545	6000000033582183074
Q75654549	6000000033582224060
Q75654582	6000000074702964861
Q75654615	6000000014730720286
Q75654616	6000000014729388779
Q75654665	6000000023532419972
Q75654678	6000000017402913426
Q75654699	6000000028228606052
Q75654823	6000000026338629741
Q75654845	6000000070177881941
Q75654866	6000000012364093888
Q75654961	6000000018136225452
Q75654966	6000000018136233182
Q75654978	6000000014766374839
Q75654979	6000000014766315861
Q75655	6000000013618275054
Q75655009	6000000030951802856
Q75655023	6000000030951367531
Q75655063	6000000035366109138
Q75655078	6000000002779024192
Q75655079	6000000002778851956
Q75655083	6000000035366777830
Q75655089	6000000003216137746
Q75655093	6000000003216137463
Q75655100	6000000003216137969
Q75655101	6000000005061796490
Q75655102	6000000003216137894
Q75655189	6000000002764858883
Q75655305	6000000039161151368
Q75655624	6000000003615729255
Q75655717	6000000024120293759
Q75655727	6000000015725717248
Q75655734	6000000034514954703
Q75655749	6000000052978001848
Q75655761	6000000041885162968
Q75655779	6000000023739040083
Q75655798	6000000056448776854
Q75655836	6000000056485093592
Q75655931	6000000063127352336
Q75655936	6000000063838265826
Q75656120	6000000010030383248
Q75656121	6000000011688881694
Q75656122	6000000056574860826
Q75656134	6000000056573271821
Q75656138	6000000056573137879
Q756563	6000000004561187754
Q75656345	6000000010030300921
Q75656400	3929799557960050549
Q75656450	6000000112966831860
Q75656466	6000000030990205600
Q75656488	6000000030990154809
Q75656497	6000000030990284432
Q75656563	6000000019551112816
Q75656595	6000000002802782442
Q75656704	6000000110955094978
Q75656781	6000000056888016347
Q75656826	6000000056887673058
Q75656841	6000000056887300964
Q75656846	6000000010028826360
Q75656866	6000000056846762828
Q756569	6000000020587925805
Q75656912	6000000056887981364
Q75656922	6000000022706332530
Q75656924	6000000022706728370
Q75656927	6000000025625229272
Q75656929	6000000025627966992
Q75656941	6000000022707889932
Q75657023	6000000024196964539
Q75657047	6000000057701356920
Q75657173	6000000022706300430
Q75657230	6000000025629203873
Q75657233	6000000025629203899
Q75657511	6000000019210056956
Q75657654	6000000056939986995
Q75658088	6000000003055397557
Q75658096	6000000045509077822
Q75658098	6000000044846522942
Q75658142	6000000011955928689
Q75658266	6000000018740843119
Q75658268	6000000027572257649
Q75658284	6000000054451247886
Q75658299	6000000018741091031
Q75658315	6000000178354292413
Q75658413	6000000077980217693
Q75658434	6000000055262038936
Q75658445	6000000050682393301
Q75658540	6000000020930994165
Q75658646	6000000011204545546
Q75658648	6000000011204497647
Q75658818	6000000035183394235
Q75658828	6000000013019891634
Q75658831	6000000020474017898
Q75658836	6000000029962710862
Q75658869	6000000025664459019
Q75658872	6000000025664231169
Q75658874	6000000025664247235
Q75658889	6000000032630629079
Q75658895	6000000025657419953
Q75658898	6000000025657479848
Q75658901	6000000025663746178
Q75658920	6000000057369278893
Q75658922	6000000057302909834
Q75658923	6000000057369581845
Q75659029	6000000000352499840
Q75659031	6000000000352499887
Q75659033	6000000022232257763
Q75659043	6000000059833690982
Q75659066	6000000059833142287
Q75659069	6000000059834887849
Q75659098	6000000022232263762
Q75659101	6000000022289353910
Q75659153	6000000059832754323
Q75659261	6000000000352499908
Q75659267	6000000022232747248
Q75659302	6000000006280342051
Q75659314	6000000000352499727
Q75659464	6000000012871207343
Q75659512	6000000012871018392
Q75659526	6000000012871018387
Q75659528	6000000018872248281
Q75659531	6000000064656506838
Q75659575	6000000054510910302
Q75659579	6000000023080299497
Q75659581	6000000071896438009
Q75659584	6000000071896452991
Q75659592	6000000071896382031
Q75659594	6000000071895814670
Q75659596	6000000071896648859
Q75659600	6000000023081305106
Q75659745	6000000018906574632
Q75659747	6000000032575284199
Q75659858	6000000082870869861
Q75659898	6000000053041312935
Q75660273	6000000039143862594
Q75660365	6000000030962479898
Q75660368	6000000030962437079
Q75660566	6000000009506321327
Q75660568	6000000047863223376
Q75660581	6000000002898163014
Q75660584	6000000006421837509
Q75660586	6000000040990870261
Q75660596	6000000015912604654
Q75660599	6000000015916275065
Q75660603	6000000009506342535
Q75660659	6000000027753487411
Q75660674	6000000018060495607
Q75660677	6000000006690795179
Q75660696	6000000003891751145
Q75660699	6000000077915710013
Q75660722	6000000038705089634
Q75660730	6000000057672853835
Q75660879	6000000057674958181
Q75660896	6000000057674694966
Q75660930	6000000057674810994
Q75660941	6000000057675056913
Q75660963	6000000014591109506
Q75660989	6000000033851886172
Q75661040	6000000057674330035
Q75661482	6000000003265080231
Q75661493	6000000003265768052
Q75661518	6000000023125608966
Q75661589	6000000013224822019
Q75661629	6000000051983499823
Q75661634	6000000051983169939
Q75661637	6000000001633292175
Q75661903	6000000013503444666
Q75661910	6000000052518112272
Q75661918	6000000013503861837
Q75661921	6000000013504040199
Q75661948	6000000055561006094
Q75661950	6000000023979718566
Q75661981	6000000014528797092
Q75662175	6000000002116065522
Q75662177	6000000002116065516
Q75662180	6000000016632347355
Q75662392	6000000010057658003
Q75662401	6000000024851101830
Q75662431	6000000055467901981
Q75662434	6000000024850964873
Q75662440	6000000024851004831
Q75662447	6000000024851040850
Q75662471	6000000017072928420
Q75662474	6000000103234287964
Q75662493	6000000019976583048
Q75662544	6000000013379633950
Q75662552	6000000008337886278
Q75662589	6000000047842196889
Q75662635	6000000033589515859
Q75662653	6000000033588760149
Q75662723	6000000017362293034
Q75662723	6000000163570352949
Q75662760	6000000024211670626
Q75663009	6000000001880438369
Q75663209	6000000019220955001
Q75663244	6000000003216108297
Q75663247	6000000003216104359
Q75663487	6000000011614616228
Q75663489	6000000020542564316
Q75663494	6000000011626098682
Q75663574	6000000011625900056
Q75663576	6000000011626094874
Q75663581	6000000011626074181
Q75663585	6000000000136020705
Q75663598	6000000020547266712
Q75663647	6000000035190465847
Q75663666	6000000014024596232
Q75663737	6000000060530215835
Q75663836	6000000120968749967
Q75663838	6000000120968806050
Q75664037	6000000043878721218
Q75664132	6000000058655198096
Q75664264	6000000003249586705
Q75664464	6000000077072794059
Q75664584	6000000015354332664
Q75664586	6000000015354432123
Q75664597	6000000015354246909
Q75664600	6000000055749513027
Q75664674	6000000015354516002
Q75664680	6000000015354273508
Q75664692	6000000121175216913
Q75664694	6000000121175658821
Q75664878	6000000015354346314
Q75664894	6000000121175908857
Q75664956	6000000003265493905
Q75665015	6000000003265701287
Q75665029	6000000003265520749
Q75665059	6000000038436904096
Q75665062	6000000038436598558
Q75665111	6000000055305701849
Q75665158	6000000000136020593
Q75665179	6000000017798397899
Q75665195	6000000020503511876
Q75665209	6000000001404207293
Q75665238	6000000018193862953
Q75665248	6000000018194113886
Q75665251	6000000035880305088
Q75665255	6000000055469220996
Q75665269	6000000035879186429
Q75665285	6000000067865866867
Q75665293	6000000035168964318
Q75665299	6000000113540150109
Q75665301	6000000113539066279
Q75665306	6000000020626784885
Q75665309	6000000035149766557
Q75665310	6000000035149992311
Q75665323	6000000035170006906
Q75665326	6000000113942780829
Q75665332	6000000014024522461
Q75665349	6000000037793698342
Q75665379	6000000079816007169
Q75665712	6000000009493545131
Q75665730	6000000097386622872
Q75665858	6000000188053467842
Q75666117	6000000002642627545
Q75666126	6000000010032427278
Q75666192	6000000029893859099
Q75666197	6000000026163181162
Q75666200	6000000015975332949
Q75666224	6000000015971809339
Q75666227	6000000015971319496
Q75666316	6000000004868944902
Q75666322	6000000004868944916
Q75666356	6000000004868058704
Q75666410	6000000006744024261
Q75666424	6000000004868808699
Q75666432	6000000004868944979
Q75666440	6000000004868944993
Q75666443	6000000018355270274
Q75666446	6000000018355938477
Q75666566	6000000069806982033
Q75666571	6000000069807679949
Q75666761	6000000031055499912
Q75666764	6000000031055396113
Q75666766	6000000031055424205
Q75666785	6000000016775400444
Q75666787	6000000069804518015
Q75666806	6000000016742480858
Q75666939	6000000013096034092
Q75666944	6000000013096358555
Q75667046	6000000010872287553
Q75667096	6000000036032799557
Q75667176	6000000016743396034
Q75667177	6000000025460949179
Q75667261	6000000048088857821
Q75667328	6000000015974975050
Q75667330	6000000015974968219
Q75667333	6000000016253310979
Q75667333	6000000017130475840
Q75667345	6000000015974605895
Q75667349	6000000015975013074
Q75667535	6000000029238898955
Q75667669	6000000013437756099
Q75667674	6000000027259951767
Q75667685	6000000045485774934
Q75667720	6000000031117062831
Q75667730	6000000031117230857
Q75667776	6000000003216067426
Q75667778	6000000015286918138
Q75667867	6000000106685504046
Q75667904	6000000003891869221
Q75668127	6000000018675487381
Q75668175	6000000026221646573
Q75668239	6000000033678502048
Q75668241	6000000033678194737
Q75668305	6000000019154581039
Q75668329	6000000026241284658
Q75668370	6000000095694490837
Q75668451	6000000015065680371
Q75668462	6000000001394050088
Q75668467	6000000000675312489
Q75668497	6000000001393792821
Q75668500	6000000000688801015
Q75668503	6000000000688603843
Q75668568	4809589480000081409
Q75668571	6000000015519982218
Q75668574	6000000015520037683
Q75668600	4809642737330033375
Q75668602	4810398345590042069
Q75668639	6000000000675543768
Q75668644	6000000025112894991
Q75668665	6000000021730389862
Q75668704	6000000000659787332
Q75668723	6000000011553131185
Q75668740	4809705518470081265
Q75668743	6000000000659761457
Q75668745	6000000000675941477
Q75668802	6000000020517422073
Q75668874	4809899481640125236
Q75668876	6000000162943505821
Q75668898	6000000001878778134
Q75668901	4809949085680069550
Q75668903	6000000001393896091
Q75669000	6000000000675266333
Q75669009	6000000001393939228
Q75669022	6000000020798599271
Q75669027	6000000009719459303
Q75669029	6000000009726352102
Q75669031	6000000009726307529
Q75669033	6000000020502132814
Q75669038	6000000020502099855
Q75669072	6000000009726223688
Q75669075	6000000001394055053
Q75669077	6000000001394050033
Q75669111	6000000023305973876
Q75669184	6000000001394116119
Q75669229	6000000001840624476
Q75669250	6000000025424780078
Q75669252	6000000025424542187
Q75669367	6000000002467047756
Q75669377	6000000002447223500
Q75669378	6000000003484306785
Q75669451	6000000025424159397
Q75669548	6000000001394211219
Q75669582	6000000011053566315
Q75669585	6000000001394191476
Q75669595	6000000009726332658
Q75669598	6000000015250098369
Q75669608	6000000020560318029
Q75669618	6000000020560309085
Q75669637	6000000020563054770
Q75669660	6000000011053329764
Q75669668	6000000001394166706
Q75669688	6000000011057317921
Q75669692	6000000011057331699
Q75669702	6000000001394309367
Q75669718	6000000020787591577
Q75669727	6000000011059539378
Q75669756	6000000011059477516
Q75669794	6000000001404238014
Q75670140	6000000015263447662
Q75670147	6000000043415753887
Q75670204	6000000025402461349
Q75670304	6000000021710455340
Q75670307	6000000021710099270
Q75670310	6000000021710528170
Q75670313	6000000055979596021
Q75670337	6000000020005446014
Q75670341	6000000013124638505
Q75670344	6000000021709636603
Q75670628	6000000037119253394
Q75670666	6000000006184977212
Q75670670	6000000006183985651
Q75670673	6000000088603437959
Q75670674	6000000088603291020
Q75670712	6000000088497944415
Q75670764	6000000017938986280
Q75670767	6000000034701652828
Q75670814	6000000015263436238
Q75670817	6000000015263324559
Q75670945	6000000015263396909
Q75670949	6000000015263293767
Q75671108	6000000015263521338
Q75671275	6000000069548241918
Q75671308	6000000069548142871
Q75671606	6000000023418935962
Q75671678	6000000060541663833
Q75671684	6000000060541861837
Q75671686	6000000060542176821
Q75671696	6000000060541317881
Q75671781	6000000022162756281
Q75671783	6000000027310313912
Q75671854	6000000060532285821
Q75671863	6000000060531749875
Q75671865	6000000060531896894
Q75671869	6000000060532766821
Q75671879	6000000009728902052
Q75671974	6000000020543332884
Q75671983	6000000001404207426
Q75672087	6000000057185423075
Q75672137	6000000019295429571
Q75672143	6000000030956703033
Q75672145	6000000087914814984
Q75672188	6000000073047829985
Q75672191	6000000027310282078
Q75672193	6000000027310171556
Q75672212	6000000030956688097
Q75672215	6000000087913925232
Q75672242	6000000030956695881
Q75672248	6000000030956768076
Q75672251	6000000001658416731
Q75672253	6000000001658302568
Q75672286	6000000001393792533
Q75672299	6000000077600269967
Q75672318	6000000000688762170
Q75672321	6000000172860415082
Q75672375	6000000000688674498
Q75672378	6000000100102257177
Q75672391	6000000000688736316
Q75672402	6000000000688602719
Q75672408	6000000000688716385
Q75672421	6000000001393896125
Q75672424	6000000163319918878
Q75672783	6000000002709554572
Q75672881	6000000023482660999
Q75672898	6000000026218524589
Q75672901	6000000026220409892
Q75672912	6000000006110599723
Q75673152	6000000025018488030
Q75673176	6000000033472589862
Q75673505	6000000005974934011
Q75673603	6000000024641639964
Q75673605	6000000012384081355
Q75673626	6000000002188552195
Q75673656	6000000025992545230
Q75673659	6000000028070270445
Q75673704	6000000002188552064
Q75673710	6000000015959112360
Q75673712	6000000002188552082
Q75673727	6000000002188552094
Q75673775	6000000021516508649
Q75673796	6000000010585159863
Q75673798	6000000010686711229
Q75673803	6000000002188551868
Q75673821	6000000002188551913
Q75673848	6000000024035591684
Q75673852	6000000002188552263
Q75673865	6000000024096823307
Q75673866	6000000037018836359
Q75673872	6000000002188552309
Q75673874	6000000026039576502
Q75673879	6000000022252042981
Q75673881	6000000037017503070
Q75673943	6000000002188552377
Q75673950	6000000002188552388
Q75673957	6000000002188552394
Q75673998	6000000024010611953
Q75674072	6000000017924535512
Q75674127	6000000071030833030
Q75674130	6000000002188552585
Q75674133	6000000022251657259
Q75674145	6000000002188552595
Q75674179	6000000002188551836
Q75674207	6000000011532511272
Q75674352	6000000002116032229
Q75674440	6000000000110257167
Q75674441	6000000000067470753
Q75674443	6000000000426818464
Q75674446	6000000000426818357
Q75674453	6000000002116028812
Q75674508	6000000017038427729
Q75674519	6000000002116032037
Q75674524	6000000076901448123
Q75674529	6000000002116028914
Q75674543	6000000051507031847
Q75674554	6000000148331591021
Q75674571	6000000110787692966
Q75674606	6000000023079912933
Q75674611	6000000075259283821
Q75674630	6000000075259402821
Q75674633	6000000075258987020
Q75674635	6000000075259363854
Q75674658	6000000075256486150
Q75674660	6000000004079820071
Q75674691	6000000013235136006
Q75674694	6000000013235086589
Q75674697	6000000013235258935
Q75674710	6000000168488684086
Q75674737	6000000013235128153
Q75674742	6000000056279448140
Q75674744	6000000176009424917
Q75674754	6000000176009424924
Q75674761	6000000013235449076
Q75674768	6000000013235572420
Q75674990	6000000018897666798
Q75675164	6000000002898085870
Q75675199	6000000075277121879
Q75675238	6000000075509874901
Q75675274	6000000030952669282
Q75675276	6000000030953093865
Q75675285	6000000030952373664
Q75675286	6000000030952905869
Q75675406	6000000030952703519
Q75675483	6000000031004341854
Q75675486	6000000019188508396
Q75675492	6000000030906803797
Q75675593	6000000055364105052
Q75675667	6000000030952969134
Q75675672	6000000030953181829
Q75675674	6000000030953045001
Q75675783	292649053990002714
Q75675811	6000000030996706034
Q75675814	6000000016270486047
Q75675895	6000000009404942823
Q75675903	6000000009505889525
Q75675942	6000000028415569972
Q75675953	6000000002603558980
Q75675954	6000000003615754857
Q75676021	6000000019591314430
Q75676023	6000000019592088046
Q75676081	6000000049018315517
Q75676158	6000000039267446203
Q75676160	6000000039286934276
Q75676178	6000000052959930833
Q75676181	6000000052959671112
Q75676191	6000000053416279871
Q75676195	6000000053415217486
Q75676201	6000000052959794225
Q75676211	6000000053426069939
Q75676214	6000000052960054970
Q75676222	6000000052960225006
Q75676225	6000000053933785829
Q75676283	6000000052909770871
Q75676288	6000000039267363499
Q75676291	6000000039286846422
Q75676299	6000000052911095850
Q75676310	6000000052922973919
Q75676388	6000000052922450946
Q75676390	6000000052960372834
Q75676393	6000000080855571869
Q75676421	6000000052960224045
Q75676424	6000000052960090128
Q75676434	6000000039287319482
Q75676471	6000000082600693461
Q75676484	6000000014725146764
Q75676487	6000000014725110853
Q75676489	6000000041894997841
Q75676492	6000000041893739168
Q75676502	6000000019056493768
Q75676511	6000000068763920850
Q75676514	6000000002769959452
Q75676541	6000000068236393137
Q75676562	6000000068236024121
Q75676573	6000000052664927853
Q75676721	6000000027163351530
Q75676743	6000000024312089435
Q75676786	6000000033767747343
Q75676824	6000000009629931248
Q75676841	6000000053002969063
Q75676847	6000000053005114736
Q75676852	6000000053003735821
Q75676855	6000000053003680858
Q75676857	6000000053058232989
Q75676875	6000000039287279591
Q75676880	6000000053219917825
Q75676886	6000000053276632873
Q75676888	6000000053278123854
Q75676910	6000000053219909829
Q75676912	6000000053219286947
Q75676944	6000000053220092824
Q75676952	6000000053220048842
Q75676954	6000000053272418885
Q75676967	6000000053219929876
Q75676985	6000000029239865594
Q75676997	6000000059362107113
Q75677009	6000000058861415158
Q75677010	6000000058858692918
Q75677088	6000000045941526541
Q75677100	6000000064047519854
Q75677102	6000000077465763901
Q75677108	6000000082521863314
Q75677111	6000000082524385901
Q75677114	6000000082523860092
Q75677125	6000000082522519192
Q75677134	6000000082543723256
Q75677171	6000000030970829672
Q75677182	6000000064049433833
Q75677185	6000000030971057153
Q75677187	6000000030970951354
Q75677192	6000000030971096063
Q75677193	6000000030971089079
Q75677197	6000000030970881684
Q75677200	6000000003917905781
Q75677266	6000000064049445833
Q75677282	6000000064073325870
Q75677334	6000000046028932865
Q75677396	6000000017672375537
Q75677396	6000000098493625873
Q75677398	6000000017672360465
Q75677425	6000000046021627897
Q75677476	6000000009328109753
Q75677478	6000000009328138597
Q75677490	6000000009327908025
Q75677521	6000000025890946406
Q75677541	6000000025891112761
Q75677691	6000000010347660813
Q75677769	6000000027380577202
Q75677770	6000000027380520518
Q75677773	6000000027380595497
Q75677784	6000000027379966718
Q75677825	6000000023680118514
Q75677827	6000000043024080222
Q75677830	6000000032238795451
Q75677833	6000000032239613916
Q75677916	6000000021214147787
Q75677919	6000000021214425094
Q75678184	6000000012943613651
Q75678187	6000000028343407706
Q75678194	6000000045676359404
Q75678196	6000000045676908843
Q75678205	6000000102884740823
Q75678208	6000000102884721849
Q75678298	6000000016517420427
Q75678308	6000000077518821266
Q75678347	6000000002116051507
Q75678362	6000000018389349126
Q75678415	6000000006877049179
Q75678465	6000000031072939495
Q75678468	6000000052805761828
Q75678530	6000000026336597814
Q75678554	6000000096122002008
Q75678568	6000000006882646082
Q75678593	6000000000310573908
Q75678609	6000000016165184163
Q75678647	6000000082098549828
Q75678656	6000000009557802723
Q75678684	6000000016169282981
Q75678687	6000000016169129507
Q75678709	6000000016169070814
Q75678710	6000000016169126784
Q75678713	6000000016169209474
Q75678731	6000000011692602091
Q75678734	6000000011692601847
Q75678742	6000000012553131467
Q75678768	6000000121031380874
Q75678778	6000000019858519059
Q75678780	6000000019858292612
Q75678784	6000000019858267852
Q75678789	6000000025333379882
Q75678791	6000000025333232061
Q75678811	335291474190014131
Q75678819	6000000107005901935
Q75678858	6000000017361643249
Q75678874	6000000163556323848
Q75678944	6000000002116268593
Q75678947	6000000002115883484
Q75678972	6000000024079591724
Q75678975	6000000024079579660
Q75679125	6000000016169237457
Q75679132	6000000016169379726
Q75679136	6000000016169358957
Q75679139	6000000016169429243
Q75679144	6000000016169307905
Q75679255	6000000024392174965
Q75679262	6000000004017645173
Q75679288	6000000004017645301
Q75679303	6000000004017645342
Q75679309	6000000004017645360
Q75679313	6000000004017645373
Q75679316	6000000004017645386
Q75679327	6000000033358898283
Q75679336	6000000004017645426
Q75679346	6000000004017645451
Q75679349	6000000004017645466
Q75679356	6000000004017645498
Q75679360	6000000004017645506
Q75679372	6000000004017645534
Q75679385	6000000004017645587
Q75679388	6000000004017645599
Q75679390	6000000004017645609
Q75679394	6000000004017645619
Q75679634	6000000004025887122
Q75679641	6000000004025887143
Q75679644	6000000004025887153
Q75679648	6000000004025887161
Q75679650	6000000004025887174
Q75679653	6000000004025887183
Q75679682	6000000004025887245
Q75679685	6000000004025887253
Q75679763	6000000004025887425
Q75679772	6000000004025887445
Q75679775	6000000004025887452
Q75679777	6000000004025887459
Q75679790	6000000031141199210
Q75679793	6000000031140791151
Q75679795	6000000031141232079
Q75679838	6000000021777089090
Q75679916	6000000031141343100
Q75679918	6000000031141244675
Q75679943	6000000031141702001
Q75679945	6000000031141384562
Q75679949	6000000004025887842
Q75679951	6000000004025887850
Q75679954	6000000031373581056
Q75679956	6000000031373521209
Q75679998	6000000004025887945
Q75680000	6000000031141788175
Q75680006	6000000004025887968
Q75680075	6000000031391304513
Q75680096	6000000031141709259
Q75680264	6000000037322487394
Q75680319	6000000004025895606
Q75680356	6000000031142016984
Q75680361	6000000004025895700
Q75680365	6000000004025895710
Q75680397	6000000004025895819
Q75680399	6000000004025895828
Q75680404	6000000004025895847
Q75680407	6000000004025895855
Q75680428	6000000004025895898
Q75680457	6000000004025895967
Q75680458	6000000004025895975
Q75680466	6000000004025895997
Q75680469	6000000004025902005
Q75680479	6000000031141805508
Q75680483	6000000031141634729
Q75680532	6000000004025902144
Q75680560	6000000031141413748
Q75680563	6000000031141627768
Q75680578	6000000004025902258
Q75680585	6000000004025902270
Q75680617	6000000004025902340
Q75680676	6000000004025902486
Q75680725	6000000004025902634
Q75680727	6000000004025902648
Q75680730	6000000004025902662
Q75680734	6000000004025902677
Q75680765	6000000004025902741
Q75680823	6000000004025902858
Q75680825	6000000004025902879
Q75680828	6000000004025902892
Q75680860	6000000004025902959
Q75680862	6000000004025902967
Q75680898	6000000004025907046
Q75680900	6000000004025907055
Q75680928	6000000004025907111
Q75680930	6000000004025907120
Q75680937	6000000004025907131
Q75680940	6000000004025907139
Q75680964	6000000004025907205
Q75680967	6000000004025907211
Q75680968	6000000004025907219
Q75680973	6000000062456946891
Q75680976	6000000004025907238
Q75681000	6000000004025907283
Q75681003	6000000004025907290
Q75681072	6000000004025907421
Q75681075	6000000004025907428
Q75681102	6000000004025907486
Q75681177	6000000004025907656
Q75681182	6000000004025907683
Q75681188	6000000004025907705
Q75681196	6000000004025907723
Q75681289	6000000003761922210
Q75681337	6000000004025907999
Q75681351	6000000004025911039
Q75681467	6000000003978490563
Q75681469	6000000003978496580
Q75681677	6000000004025911710
Q75681679	6000000004025911729
Q75681681	6000000004025911749
Q75681684	6000000004025911757
Q75681735	6000000004025911871
Q75681738	6000000004025911884
Q75681741	6000000004025911897
Q75681743	6000000004025911909
Q75681745	6000000132466378079
Q75681780	6000000004025917007
Q75681783	6000000004025917017
Q75681819	6000000004025917156
Q75681820	6000000004025917168
Q75681844	6000000004025917229
Q75681851	6000000004025917249
Q75681860	6000000004025917270
Q75681865	6000000004025917283
Q75681881	6000000004025917329
Q75681884	6000000004025917339
Q75681903	6000000004025917447
Q75681982	6000000004025917675
Q75681990	6000000004025917691
Q75681992	6000000004025917700
Q75682030	6000000004025917800
Q75682033	6000000004025917809
Q75682074	6000000004025917917
Q75682079	6000000004025917936
Q75682104	6000000004025917988
Q75682107	6000000004025917999
Q75682110	6000000004025922012
Q75682112	6000000004025922027
Q75682115	6000000026028869114
Q75682124	6000000004025922061
Q75682132	6000000004025922093
Q75682137	6000000004025922116
Q75682141	6000000004025922130
Q75682143	6000000004025922142
Q75682149	6000000084376434094
Q75682152	6000000089191054821
Q75682154	6000000025871931853
Q75682160	6000000004025922204
Q75682171	6000000004025922241
Q75682173	6000000004025922249
Q75682181	6000000004025922269
Q75682184	6000000004025922276
Q75682187	6000000004025922282
Q75682190	6000000004025922288
Q75682195	6000000028962104994
Q75682202	6000000004025907696
Q75682205	6000000004025917495
Q75682219	6000000004025922337
Q75682221	6000000004025922345
Q75682224	6000000004025922356
Q75682227	6000000004025922362
Q75682229	6000000004025922376
Q75682232	6000000004025922388
Q75682235	6000000004025922398
Q75682238	6000000004025922405
Q75682240	6000000004025922413
Q75682243	6000000004025922420
Q75682246	6000000004025922426
Q75682248	6000000004025922433
Q75682253	6000000004025922449
Q75682256	6000000004025922458
Q75682259	6000000004025922467
Q75682262	6000000004025922477
Q75682265	6000000004025922487
Q75682267	6000000004025922496
Q75682270	6000000004025922508
Q75682272	6000000004025922519
Q75682275	6000000004025922526
Q75682277	6000000004025922533
Q75682281	6000000004025922543
Q75682283	6000000004025922549
Q75682284	6000000004025922556
Q75682287	6000000004025922562
Q75682290	6000000004025922572
Q75682293	6000000004025922578
Q75682297	6000000004025922590
Q75682300	6000000004025922600
Q75682302	6000000004025922612
Q75682307	6000000004025922630
Q75682308	6000000004025922642
Q75682310	6000000004025922651
Q75682311	6000000004025922660
Q75682313	6000000004025922670
Q75682314	6000000004025922677
Q75682317	6000000004025922687
Q75682319	6000000004025922693
Q75682323	6000000004025922706
Q75682324	6000000004025922713
Q75682326	6000000004025922719
Q75682329	6000000004025922734
Q75682331	6000000004025922743
Q75682338	6000000004025922770
Q75682339	6000000004025922776
Q75682341	6000000004025922784
Q75682343	6000000004025922792
Q75682344	6000000004025922801
Q75682349	6000000004025922821
Q75682350	6000000004025922829
Q75682352	6000000004025922838
Q75682354	6000000004025922846
Q75682355	6000000004025922853
Q75682357	6000000004025922861
Q75682364	6000000004025922891
Q75682367	6000000004025922910
Q75682369	6000000004025922920
Q75682372	6000000004025922937
Q75682375	6000000004025922956
Q75682381	6000000004025922984
Q75682387	6000000004025927008
Q75682389	6000000004025927019
Q75682390	6000000004025927027
Q75682392	6000000004025927037
Q75682396	6000000004025927061
Q75682398	6000000008586525517
Q75682401	6000000004025927086
Q75682403	6000000004025927094
Q75682406	6000000004025927110
Q75682407	6000000004025927118
Q75682409	6000000004025927128
Q75682410	6000000004025927134
Q75682413	6000000004025927145
Q75682415	6000000004025927151
Q75682417	6000000004025927161
Q75682418	6000000004025927169
Q75682420	6000000004025927175
Q75682421	6000000004025927181
Q75682427	6000000004025927201
Q75682430	6000000004025927223
Q75682432	6000000004025927235
Q75682433	6000000004025927245
Q75682437	6000000004025927261
Q75682438	6000000004025927271
Q75682441	6000000004025927286
Q75682443	6000000035379911994
Q75682455	6000000004025927345
Q75682464	6000000004025927385
Q75682466	6000000004025927392
Q75682469	6000000004025927406
Q75682471	6000000004025927418
Q75682478	6000000004025927447
Q75682481	6000000004025927460
Q75682483	6000000004025927468
Q75682491	6000000004025927502
Q75682494	6000000004025927507
Q75682516	6000000004025927567
Q75682525	6000000004025927589
Q75682527	6000000004025927600
Q75682531	6000000004025927619
Q75682537	6000000004025927635
Q75682544	6000000004025927662
Q75682832	6000000004025931247
Q75682834	6000000004025931261
Q75682837	6000000004025931269
Q75683056	6000000004025931711
Q75683059	6000000004025931723
Q75683102	6000000004025931800
Q75683104	6000000004025931808
Q75683227	6000000004025938055
Q75683243	6000000004025938113
Q75683245	6000000002692038900
Q75683320	6000000004025938285
Q75683322	6000000004025938294
Q75683418	6000000004025938512
Q75683420	6000000004025938522
Q75683423	6000000004025938530
Q75683428	6000000004025938544
Q75683431	6000000004025938555
Q75683433	6000000004025938567
Q75683436	6000000004025938580
Q75683821	6000000004025941408
Q75683831	6000000004025941434
Q75683834	6000000004025941440
Q75683850	6000000004025941487
Q75683853	6000000004025941495
Q75683856	6000000004025941503
Q75683867	6000000004025941532
Q75683870	6000000004025941540
Q75683897	6000000004025941605
Q75683918	6000000004025941649
Q75683933	6000000004025941682
Q75683986	6000000004025941798
Q75684146	6000000004025945106
Q75684149	6000000004025945115
Q75684152	6000000004025945126
Q75684154	6000000004025945136
Q75684158	6000000004025945145
Q75684173	6000000004025945181
Q75684190	6000000004025945216
Q75684239	6000000004025945313
Q75684264	6000000004025945373
Q75684343	6000000004025945554
Q75684349	6000000004025945579
Q75684381	6000000004025945681
Q75684383	6000000004025945693
Q75684414	6000000004025945755
Q75684416	6000000004025945765
Q75684419	6000000004025945775
Q75684457	6000000004025945854
Q75684517	6000000004025945973
Q75684519	6000000004025945981
Q75684557	6000000004025948079
Q75684558	6000000004025948088
Q75684561	6000000004025948097
Q75684572	6000000023062155857
Q75684652	6000000004025948293
Q75684654	6000000004025948302
Q75684658	6000000004025948311
Q75684664	6000000004025948332
Q75684669	6000000004025948350
Q75684703	6000000004025948430
Q75684706	6000000004025948439
Q75684716	6000000004025948462
Q75684721	6000000004025948473
Q75684725	6000000004025948479
Q75684730	6000000004025948491
Q75684740	6000000004025948515
Q75684743	6000000004025948521
Q75684766	6000000004025948557
Q75684769	6000000004025948566
Q75684771	6000000004025948578
Q75684783	6000000004025948610
Q75684785	6000000004025948619
Q75684790	6000000004025948636
Q75684802	6000000004025948665
Q75684804	6000000004025948675
Q75684812	6000000004025948704
Q75684815	6000000004025948712
Q75684818	6000000004025948722
Q75684905	6000000004025948925
Q75684911	6000000004025948941
Q75685222	6000000004025951558
Q75685227	6000000004025951580
Q75685309	6000000004025951691
Q75685314	6000000004025951700
Q75685317	6000000004025951708
Q75685505	6000000004025951921
Q75685510	6000000059324940845
Q75685515	6000000057710811907
Q75685539	6000000004025951972
Q75685556	6000000004025951998
Q75686	6000000023838100094
Q75686193	6000000004025955773
Q75686194	6000000004025955785
Q75686196	6000000104875975034
Q75686212	6000000004025955846
Q75686260	6000000004025955982
Q75686458	6000000004025959394
Q75686478	6000000004025959437
Q75686484	6000000004025959450
Q75686610	6000000004025959697
Q75686613	6000000004025959705
Q75686638	6000000004025959754
Q75686643	6000000026028522407
Q75686651	6000000004025959791
Q75686657	6000000004025959806
Q75686721	6000000004025959955
Q75686725	6000000004025959964
Q75686808	6000000004025963116
Q75686820	6000000004025963137
Q75686913	6000000004025963331
Q75686917	386852933660003079
Q75686922	6000000004025963351
Q75686942	6000000004025963396
Q75687003	6000000004025963523
Q75687066	6000000004025963657
Q75687092	6000000004025963710
Q75687103	6000000004025963732
Q75687175	6000000004025963880
Q75687178	6000000004025963886
Q75687194	6000000004025963917
Q75687199	6000000004025963928
Q75687286	6000000004025969094
Q75687289	6000000004025969100
Q75687292	6000000004025969106
Q75687305	6000000004025969133
Q75687354	6000000004025969224
Q75687358	6000000004025969230
Q75687360	6000000004025969236
Q75687363	6000000004025969242
Q75687433	6000000004025969366
Q75687435	6000000004025969371
Q75687465	6000000004025969431
Q75687664	6000000004025969880
Q75687676	6000000004025969921
Q75687678	6000000004025969929
Q75687681	6000000004025969943
Q75687683	6000000004025969950
Q75687684	6000000004025969956
Q75687686	6000000004025969963
Q75687691	6000000004025969985
Q75687695	6000000004025969996
Q75687699	6000000035379144661
Q75687701	6000000035379144674
Q75687702	6000000004025970025
Q75687706	6000000004025970035
Q75687708	6000000004025970045
Q75687711	6000000004025970055
Q75687713	6000000004025970065
Q75687716	6000000004025970075
Q75687723	6000000004025970097
Q75687724	6000000004025970104
Q75687730	6000000004025970125
Q75687733	6000000004025970132
Q75687736	6000000004025970139
Q75687751	6000000023113047490
Q75687811	6000000004025970384
Q75687815	6000000004025970391
Q75687887	6000000017789212771
Q75687891	6000000017948118150
Q75687894	6000000017818022423
Q75687897	6000000004025970580
Q75687899	6000000004025970588
Q75687902	6000000004025970596
Q75687904	6000000004025970603
Q75687907	6000000004025970610
Q75687909	6000000004025970617
Q75687912	6000000004025970625
Q75687915	6000000004025970632
Q75687917	6000000017947908974
Q75687920	6000000004025970650
Q75687923	6000000017948240026
Q75687929	6000000017948067501
Q75687932	6000000004025970684
Q75687934	6000000017817651553
Q75687937	6000000004025970700
Q75687940	6000000004025970708
Q75687943	6000000004025970716
Q75687948	6000000017948139331
Q75687975	6000000004025970806
Q75687981	6000000004025970822
Q75687984	6000000004025970830
Q75687989	6000000104082808821
Q75687991	6000000104082608828
Q75687996	6000000037216920975
Q75688005	6000000004025970884
Q75688007	6000000004025970892
Q75688009	6000000004025970898
Q75688023	6000000004025970930
Q75688034	6000000004025970956
Q75688044	6000000004025970983
Q75688052	6000000004025976003
Q75688054	6000000004025976011
Q75688065	6000000004025976039
Q75688093	6000000004025976094
Q75688132	6000000009312919812
Q75688134	6000000009312919816
Q75688158	6000000004025976237
Q75688174	6000000004025976276
Q75688178	6000000004025976284
Q75688188	6000000004025976306
Q75688191	6000000004025976314
Q75688197	6000000004025976327
Q75688201	6000000017818120072
Q75688205	6000000004025976341
Q75688208	6000000004025976349
Q75688214	6000000004025976361
Q75688218	6000000004025976367
Q75688242	6000000004025976411
Q75688251	6000000004025976427
Q75688261	6000000004025976445
Q75688334	6000000004025976570
Q75688341	6000000004025976585
Q75688358	6000000004025976613
Q75688361	6000000004025976619
Q75688365	6000000004025976625
Q75688377	6000000032258554199
Q75688381	6000000004025976656
Q75688383	6000000004025976664
Q75688393	6000000004025976685
Q75688400	6000000004025976701
Q75688405	6000000004025976713
Q75688411	6000000024197373765
Q75688421	6000000004025976744
Q75688446	6000000004025976783
Q75688448	6000000004025976789
Q75688460	6000000004025976812
Q75688497	6000000004025976878
Q75688502	6000000004025976891
Q75688513	6000000004025976912
Q75688519	6000000004025976927
Q75688523	6000000004025976935
Q75688546	6000000004025976984
Q75688551	6000000004025976998
Q75688554	6000000004025982006
Q75688623	6000000004025982144
Q75688625	6000000004025982152
Q75688628	6000000004025982159
Q75688656	6000000004025982202
Q75688668	6000000004025982222
Q75688762	6000000004025982379
Q75689528	6000000004025984940
Q75689530	6000000004025984946
Q75689538	6000000004025984964
Q75689540	6000000004025984971
Q75689547	6000000004025984983
Q75689553	6000000004025988005
Q75689555	6000000004025988011
Q75689622	6000000004025988152
Q75689675	6000000004025988259
Q75689860	6000000004025988646
Q75689863	6000000004025988651
Q75689865	6000000004025988656
Q75689904	6000000004025988764
Q75689993	6000000004025988993
Q75689995	6000000004025988998
Q75689998	6000000004025997003
Q75690025	6000000004025997060
Q75690029	6000000004025997067
Q75690034	6000000004025997079
Q75690036	6000000004025997087
Q75690038	6000000004025997095
Q75690043	6000000004025997103
Q75690047	6000000004025997111
Q75690244	6000000004025997492
Q75690249	6000000004025997504
Q75690293	6000000004025997590
Q75690301	6000000004025997613
Q75690304	6000000004025997621
Q75690306	6000000004025997628
Q75690310	6000000016305756235
Q75690333	6000000016305846837
Q75690370	6000000004025997763
Q75690379	6000000004025997785
Q75690382	6000000004025997791
Q75690404	6000000004025997843
Q75690408	6000000004025997849
Q75690436	6000000004025997912
Q75690485	6000000004026005013
Q75690488	6000000004026005023
Q75690491	6000000004026005033
Q75690494	6000000004026005039
Q75690528	6000000004026005114
Q75690531	6000000004026005125
Q75690582	6000000004026005245
Q75690612	6000000004026005306
Q75690785	6000000004026005634
Q75690905	6000000004026005842
Q75691243	6000000004026008329
Q75691249	6000000004026008337
Q75691313	6000000004026008410
Q75691329	6000000004026008452
Q75691332	6000000004026008458
Q75691339	6000000004026008474
Q75691348	6000000004026008494
Q75691379	6000000004026008550
Q75691381	6000000004026008558
Q75691387	6000000004026008570
Q75691392	6000000014432358655
Q75691417	6000000004026008631
Q75691420	6000000004026008639
Q75691428	6000000004026008659
Q75691430	6000000004026008665
Q75691446	6000000004026008703
Q75691473	6000000004026008756
Q75691475	6000000004026008764
Q75691478	6000000004026008771
Q75691480	6000000004026008778
Q75691485	6000000004026008791
Q75691492	6000000004026008808
Q75691501	6000000004026008825
Q75691503	6000000004026008831
Q75691509	6000000004026008843
Q75691515	6000000004026008855
Q75691517	6000000004026008861
Q75691520	6000000004026008867
Q75691534	6000000004026008898
Q75691554	6000000004026008948
Q75691557	6000000004026008954
Q75691562	6000000004026008967
Q75691570	6000000004026008985
Q75691573	6000000001830602129
Q75691580	6000000004026014006
Q75691582	6000000004026014014
Q75691587	6000000004026014022
Q75691594	6000000004026014040
Q75691597	6000000004026014047
Q75691609	6000000001830497764
Q75691616	6000000008637244299
Q75691623	6000000004026014132
Q75691626	6000000004026014139
Q75691628	6000000004026014146
Q75691631	6000000004026014153
Q75691657	6000000004026014220
Q75691661	6000000004026014226
Q75691663	6000000004026014234
Q75691690	6000000004026014299
Q75691722	6000000009693910634
Q75691724	6000000004026014378
Q75691726	6000000004026014389
Q75691729	6000000004026014398
Q75691734	6000000004026014414
Q75691755	6000000004026014476
Q75691758	6000000004026014485
Q75691762	6000000004026014493
Q75691770	6000000004026014511
Q75691772	6000000004026014517
Q75691781	6000000009693826299
Q75691784	6000000004026014550
Q75691790	6000000004026014562
Q75691795	6000000004026014574
Q75691805	6000000004026014608
Q75691808	6000000004026014619
Q75691811	6000000004026014630
Q75691822	6000000004026014665
Q75691824	6000000006588377511
Q75691830	6000000004026014684
Q75691850	6000000004026014787
Q75691852	6000000004026014794
Q75691855	6000000004026014800
Q75691862	6000000004026014828
Q75691867	6000000004026014841
Q75691871	6000000004026014847
Q75691873	6000000004026014853
Q75691878	6000000004026014871
Q75691881	6000000004026014879
Q75691883	6000000004026014894
Q75691886	6000000004026014904
Q75691889	6000000004026014912
Q75691893	6000000004026014920
Q75691894	6000000004026014927
Q75691896	6000000004026014941
Q75691898	6000000004026014952
Q75691901	6000000004026014963
Q75691903	6000000004026014974
Q75691906	6000000004026014982
Q75691917	6000000004026018008
Q75691927	6000000009694115228
Q75691933	6000000004026018053
Q75691947	6000000004026018095
Q75691950	6000000004026018104
Q75691952	6000000004026018116
Q75691955	6000000004026018539
Q75691960	6000000004026018143
Q75691967	6000000004026018166
Q75691969	6000000004026018175
Q75691973	6000000004026018183
Q75691978	6000000004026018196
Q75691982	6000000004026018208
Q75691987	6000000004026018221
Q75691999	6000000004026018246
Q75692012	6000000004026018270
Q75692015	6000000004026018278
Q75692017	6000000004026018286
Q75692020	6000000004026018294
Q75692022	6000000004026018304
Q75692028	6000000004026018316
Q75692031	6000000004026018323
Q75692081	6000000004026018423
Q75692095	6000000004026018458
Q75692121	6000000004026018514
Q75692125	6000000004026018523
Q75692134	6000000100588163865
Q75692267	6000000004026018824
Q75692270	6000000004026018832
Q75692281	6000000004026018856
Q75692289	6000000004026018872
Q75692292	6000000004026018880
Q75692297	6000000004026018898
Q75692303	6000000004026018912
Q75692305	6000000004026018921
Q75692315	6000000004026018946
Q75692317	6000000004026018955
Q75692320	6000000004026018963
Q75692322	6000000004026018972
Q75692326	6000000004026018980
Q75692329	6000000004026018989
Q75692331	6000000004026018998
Q75692406	6000000004026019148
Q75692409	6000000004026019157
Q75692420	6000000004026019185
Q75692441	6000000004026019234
Q75692447	6000000004026019251
Q75692450	6000000004026019260
Q75692453	6000000004026019269
Q75692459	6000000004026019279
Q75692464	6000000004026019285
Q75692469	6000000004026019293
Q75692495	6000000047269016880
Q75692498	6000000148884280823
Q75692518	6000000004026019346
Q75692549	6000000004026019386
Q75692553	6000000004026019396
Q75692556	6000000004026019404
Q75692561	6000000004026019412
Q75692610	6000000004026019480
Q75692828	6000000004026019668
Q75692831	6000000004026019677
Q75692858	6000000004026019707
Q75692886	6000000009693782134
Q75692950	6000000004026019806
Q75694170	6000000014744149652
Q75694704	6000000004026032906
Q75695148	6000000004026040793
Q75695180	6000000004026040886
Q75695214	6000000004026040976
Q75695215	6000000004026040988
Q75695218	6000000004026040998
Q75695236	6000000004026046049
Q75695243	6000000004026046067
Q75695250	6000000004026046084
Q75695253	6000000004026046092
Q75695269	6000000004026046130
Q75695272	6000000004026046141
Q75695274	6000000004026046148
Q75695275	6000000004026046154
Q75695277	6000000004026046160
Q75695287	6000000004026046187
Q75695290	6000000004026046193
Q75695298	6000000004026046209
Q75695301	6000000004026046222
Q75695329	6000000004026046281
Q75695350	6000000004026046323
Q75695361	6000000004026046354
Q75695367	6000000004026046372
Q75695369	6000000004026046380
Q75695374	6000000004026046393
Q75695387	6000000004026046420
Q75695389	6000000004026046428
Q75695395	6000000004026046441
Q75695444	6000000004026046542
Q75695446	6000000004026046550
Q75695475	6000000004026046610
Q75695477	6000000004026046618
Q75695485	6000000004026046637
Q75695490	6000000004026046651
Q75695553	6000000004026046783
Q75695562	6000000070858745940
Q75695564	6000000070858340941
Q75695572	6000000004026046833
Q75695630	6000000004026046982
Q75695650	6000000004026057036
Q75695659	6000000004026057058
Q75695661	6000000004026057065
Q75695664	6000000004026057072
Q75695715	6000000004026057210
Q75695718	6000000004026057215
Q75695847	6000000004026057483
Q75695849	6000000051192548882
Q75696	6000000039988470825
Q75697066	6000000004026095868
Q75697076	6000000004026095894
Q75697079	6000000004026095903
Q75697112	6000000004026095975
Q75697302	6000000004026113344
Q75697305	6000000004026113354
Q75697320	6000000004026113390
Q75697323	6000000004026113398
Q75697328	6000000004026113410
Q75697463	6000000004026113683
Q75697468	6000000004026113698
Q75697554	6000000004026113865
Q75697556	6000000088711578502
Q75697582	6000000004026113929
Q75697587	6000000004026113936
Q75697970	6000000004026130707
Q75697993	6000000004026130760
Q75697997	6000000004026130769
Q75698	6000000010908940959
Q75699	6000000005599165706
Q75699048	6000000004026174080
Q75699052	6000000004026174095
Q75699053	6000000004026174105
Q75699057	6000000004026174122
Q75699064	6000000004026174144
Q75699066	6000000004026174156
Q75699070	6000000004026174181
Q75699072	6000000004026174195
Q75699073	6000000004026174205
Q75699575	6000000004026174815
Q75699580	6000000004026174824
Q75699592	6000000004026174846
Q75699608	6000000004026174878
Q75699611	6000000004026174886
Q75699618	6000000004026174895
Q75699622	6000000004026174904
Q75699642	6000000004026174929
Q75701598	6000000004026188894
Q75701623	6000000075934247974
Q75701644	6000000004026189008
Q75701653	6000000004026189030
Q75702169	6000000004026197158
Q75702576	6000000015182095665
Q75702582	6000000004026201990
Q75702584	6000000015182219535
Q75702598	6000000015182459527
Q75702600	6000000004026204033
Q75702711	6000000010010651592
Q75702713	6000000004026204274
Q75702718	6000000004026204286
Q75702720	6000000004026204292
Q75702723	6000000004026204298
Q75702725	6000000004026204304
Q75702728	6000000004026204310
Q75702732	6000000004026204321
Q75702735	6000000004026204327
Q75702740	6000000004026204338
Q75702742	6000000010010692337
Q75702818	6000000004026204521
Q75702823	6000000004026204538
Q75702845	6000000004026204609
Q75702850	6000000004026204625
Q75702853	6000000004026204636
Q75702854	6000000004026204645
Q75702857	6000000004026204654
Q75702859	6000000004026204661
Q75702874	6000000073403927010
Q75702877	6000000004026204707
Q75702881	6000000073404152924
Q75702914	6000000004026204786
Q75702917	6000000004026204791
Q75702948	6000000004026204854
Q75702973	6000000004026204907
Q75702979	6000000004026204920
Q75702984	6000000004026204935
Q75702986	6000000004026204942
Q75703294	6000000024323226503
Q75703312	6000000004026207680
Q75703314	6000000003043403668
Q75703328	6000000013366624619
Q75703329	6000000013366185191
Q75703438	6000000004026207974
Q75703470	6000000004026217050
Q75703473	6000000004026217059
Q75703475	6000000004026217065
Q75703481	6000000004026217079
Q75703550	6000000055207651170
Q75703558	6000000004026217266
Q75703563	6000000004026217280
Q75703564	6000000004026217290
Q75703569	6000000004026217303
Q75703577	6000000004026217331
Q75703580	6000000033358190749
Q75703582	6000000004026217346
Q75703585	6000000033358898263
Q75703592	6000000033358190740
Q75703604	6000000004026217395
Q75703606	6000000004026217401
Q75703611	6000000004026217415
Q75703614	6000000004026217422
Q75703617	6000000004026217430
Q75703649	6000000004026217561
Q75703658	6000000004026217589
Q75703755	6000000076044273025
Q75703756	6000000076044301840
Q75703765	6000000004026217895
Q75703771	6000000004026217906
Q75703773	6000000004026217914
Q75703784	6000000004026217939
Q75703834	6000000004026218036
Q75703850	6000000004026218072
Q75703858	6000000008586332525
Q75703860	6000000004026218096
Q75703865	6000000004026218108
Q75703913	6000000004026218207
Q75703933	6000000004026218250
Q75704242	6000000006920474109
Q75704342	6000000021753024938
Q75704366	6000000030119634110
Q75704368	6000000050578167896
Q75704371	6000000050576386169
Q75704374	6000000050577869174
Q75704377	6000000028685965941
Q75704395	6000000030028125689
Q75704482	6000000024513364203
Q7570507	6000000083357627167
Q75705090	6000000034890815967
Q75705108	6000000034890373283
Q75705128	6000000034890412263
Q75705219	6000000024172289878
Q75705228	6000000160312571836
Q75705230	6000000160312758827
Q75705235	6000000160308502827
Q75705238	6000000020428878912
Q75705240	368226469680011325
Q75705331	6000000024171850486
Q75705333	6000000024171727651
Q75705337	6000000024172190955
Q75705340	6000000052097780835
Q75705358	6000000024172168104
Q75705366	6000000024172273828
Q75705368	6000000024172070282
Q75705383	6000000011117767870
Q75705385	6000000037759393872
Q75705447	6000000015921416239
Q75705560	6000000064708435821
Q75705586	6000000014049344507
Q75705658	6000000016286063687
Q75705698	6000000020503482238
Q75706135	6000000020543213272
Q75706177	6000000055836703865
Q75706325	6000000020543221190
Q75706332	6000000040906831497
Q75706340	6000000020543344899
Q75706423	6000000020878063053
Q75706843	6000000000301933829
Q75706936	6000000011649106381
Q75706946	6000000011648937531
Q75706957	6000000011648877116
Q75706959	6000000011649011908
Q75706977	6000000011648736870
Q75706978	6000000011649239236
Q75707013	6000000011648593015
Q75707103	6000000043028933049
Q75707111	6000000043028960962
Q75707121	6000000116293508448
Q75707154	6000000116293508439
Q75707199	6000000064253261850
Q75707557	6000000030568425053
Q75707562	6000000079097383710
Q75707579	6000000012559642150
Q75707588	6000000015782222813
Q75707590	6000000046603939897
Q75707606	6000000029946252351
Q75707633	6000000119310047729
Q75707756	6000000121031573890
Q75707776	6000000121030839947
Q75707858	6000000006270416745
Q75707878	6000000121033290871
Q75707913	6000000121030234520
Q75707919	6000000121033051990
Q75707999	6000000121032700834
Q75708011	6000000003265346800
Q75708031	6000000019226983481
Q75708048	6000000030724748635
Q75708054	6000000030724826785
Q75708059	6000000030726439847
Q75708062	6000000030726149058
Q75708123	6000000030726499151
Q75708187	6000000026776260497
Q75708196	6000000015065984432
Q75708200	6000000026370407300
Q75708265	6000000025346748886
Q75708299	6000000011095992868
Q75708357	6000000006444307302
Q75708358	6000000006444307309
Q75708363	6000000005007593061
Q75708369	6000000008417612011
Q75708382	6000000006444656138
Q75708383	6000000000915441584
Q75708387	6000000000619462409
Q75708403	6000000024723988559
Q75708415	6000000016688963742
Q75708438	6000000025902686892
Q75708473	6000000023760423338
Q75708476	6000000023760161748
Q75708481	6000000023760288783
Q75708807	6000000041828652894
Q75708872	6000000040099611234
Q75708974	6000000002188542911
Q75709022	6000000006444307323
Q75709076	6000000029245703791
Q75709095	6000000053552133116
Q75709098	6000000053917026863
Q75709114	6000000035615086405
Q75709150	6000000036032702992
Q75709161	6000000036032152398
Q75709166	6000000036032680078
Q75709269	6000000000359614430
Q75709354	6000000036031095485
Q75709697	6000000026920957533
Q75709758	6000000015986449377
Q75709876	6000000026922975735
Q75709908	6000000026923332683
Q75709910	6000000026923654163
Q75709924	6000000026921545888
Q75710032	6000000050554886191
Q75710034	6000000050555143916
Q75710081	6000000019177159536
Q75710103	6000000057051723895
Q75710171	6000000026933620763
Q75710213	6000000047889176842
Q75710244	6000000031236471438
Q75710250	6000000031236565457
Q75710422	6000000031236937956
Q75710432	6000000031236926136
Q75710499	6000000021663531407
Q75710552	6000000022075243240
Q75710556	6000000022075103332
Q75710569	6000000015796650680
Q75710595	6000000026117762198
Q75710602	6000000026117965877
Q75710809	5589838551760139387
Q75710907	6000000031234662966
Q75710912	6000000031236937965
Q75710917	6000000031236764277
Q75710934	6000000031234667430
Q75710999	6000000031234609110
Q75711	6000000016640887628
Q75711128	6000000050555250874
Q75711177	6000000053300587106
Q75711185	6000000053304659076
Q75711205	6000000053302058872
Q75711212	6000000053302300833
Q75711220	6000000053290925304
Q75711251	6000000011553081958
Q75711254	6000000011552295054
Q75711267	6000000053304538838
Q75711270	6000000053304586843
Q75711321	6000000057137933020
Q75711342	6000000050561908921
Q75711344	6000000057185736840
Q75711376	6000000050561882061
Q75711810	6000000009706189067
Q75711815	6000000043382051872
Q75711818	6000000043381626239
Q75711823	6000000009706153721
Q75711891	6000000010910220974
Q75711893	6000000009699968984
Q75711935	6000000004558769936
Q75711940	6000000004558980148
Q75711944	6000000004559033081
Q75711949	6000000004547939274
Q75711968	6000000019272837883
Q75711981	6000000026023414207
Q75712019	6000000027934074956
Q75712100	6000000026023731411
Q75712107	6000000031579994741
Q75712108	6000000031580616836
Q75712160	6000000031580567092
Q75712165	6000000051511002214
Q75712180	6000000031579986635
Q75712241	6000000051511911841
Q75712293	6000000015421175786
Q75712298	6000000015421363035
Q75712313	6000000015420984993
Q75712317	6000000015655928415
Q75712323	6000000015511587002
Q75712325	6000000015511474331
Q75712328	6000000015511528295
Q75712330	6000000015511477471
Q75712354	6000000015511557146
Q75712360	6000000015511558129
Q75712362	6000000015510928920
Q75712381	6000000015511466455
Q75712384	6000000015511483189
Q75712397	6000000015511420685
Q75712401	6000000015511503588
Q75712404	6000000015511536407
Q75712406	6000000015511429402
Q75712517	6000000015511558298
Q75712529	6000000015511625005
Q75712534	6000000015511614018
Q75712538	6000000054106753865
Q75712617	6000000039181626603
Q75712654	6000000015511579083
Q75712678	6000000015511662272
Q75712689	6000000002643372050
Q75712694	6000000015511482620
Q75712699	6000000024392333397
Q75712766	6000000015511631268
Q75712771	6000000022938826006
Q75712809	6000000048248681821
Q75712811	6000000024482198342
Q75712813	6000000048248324028
Q75712816	6000000048248783827
Q75712821	6000000048248366124
Q75712835	6000000048248259469
Q75712862	6000000015511442755
Q75712920	6000000033824022600
Q75712940	6000000010792473245
Q75712952	6000000000667928877
Q75712980	6000000016689104575
Q75712985	6000000024304841766
Q75713002	6000000016689241001
Q75713337	6000000022758436182
Q75713371	6000000016689269062
Q75713511	6000000046659566342
Q75713514	6000000046660223170
Q75713547	6000000040476552860
Q75713562	6000000009699962636
Q75713608	6000000009699708909
Q75713624	6000000029765885006
Q75713746	6000000009706544580
Q75713791	6000000021949208393
Q75713849	6000000006854728009
Q75713853	6000000015912519728
Q75714005	6000000014612466202
Q75714267	6000000016684739139
Q75714292	6000000009729187005
Q75714475	6000000019864353529
Q75714487	6000000024181830672
Q75714548	6000000028064877908
Q75714579	6000000046746683582
Q75714582	6000000046746778428
Q75714594	6000000005842915001
Q75714704	6000000004571410150
Q75714761	6000000048146548837
Q75714866	6000000001069676549
Q75714871	6000000001069676560
Q75714883	6000000001069676628
Q75714970	6000000001069676927
Q75714992	6000000006804852061
Q75714995	6000000006598676100
Q75715	6000000162661899861
Q75715028	6000000006589545332
Q75715036	6000000007273401597
Q75715041	6000000008212283490
Q75715132	6000000015742330027
Q75715270	6000000008044002572
Q75715274	6000000008093229446
Q75715297	6000000035971693187
Q75715298	6000000035971861912
Q75715301	6000000035970946594
Q75715413	6000000028341747717
Q75715685	6000000030349177289
Q75715703	6000000120810492822
Q75715760	6000000195524523821
Q75715791	6000000084205314052
Q75715794	6000000195524376821
Q75715796	6000000120788536828
Q75715831	6000000041653374237
Q75715839	6000000041653190491
Q75715842	6000000041653691854
Q75715852	6000000121176357535
Q75715855	6000000121178728913
Q75715857	6000000041653369242
Q75715880	6000000055305675875
Q75715886	6000000120641142994
Q75715901	6000000055304905565
Q75715907	6000000120784120821
Q75715910	6000000120784477821
Q75716022	6000000018440533788
Q75716086	6000000121178050821
Q75716091	6000000121178790889
Q75716096	6000000121177636144
Q75716101	6000000121179054854
Q75716405	6000000016884896259
Q75716511	6000000015972074299
Q75716533	6000000015975573598
Q75716535	6000000015974828208
Q75716545	6000000015974730559
Q75716556	6000000025488189554
Q75716561	6000000025488394079
Q75716585	6000000016070905975
Q75716602	6000000016071265518
Q75716605	6000000016071219508
Q75716607	6000000016071388100
Q75716630	6000000016071343822
Q75716634	6000000016071340822
Q75716645	6000000046822836841
Q75716720	6000000016071632006
Q75716878	6000000016071287921
Q75716906	6000000016071602693
Q75716940	6000000025967585411
Q75716942	6000000025967690222
Q75716951	6000000016071453869
Q75716953	6000000016071725598
Q75716957	6000000016071922302
Q75716960	6000000005576583833
Q75716992	6000000016072145102
Q75717029	6000000016071936474
Q75717041	6000000016072185292
Q75717043	6000000016072100301
Q75717046	6000000016072264178
Q75717190	6000000025967029477
Q75717222	6000000015972210165
Q75717523	6000000025616421645
Q75717543	6000000013899234155
Q75717557	6000000012803022557
Q75717566	6000000025617826145
Q75717610	6000000012806294645
Q75717789	6000000009883837287
Q75717794	6000000012806029045
Q75717875	6000000013953613769
Q75717880	6000000015726187111
Q75717885	6000000011541488826
Q75717887	6000000035367310990
Q75717893	6000000035366338466
Q75717931	6000000020762180856
Q75718	6000000033220221857
Q75718087	6000000035365445653
Q75718094	6000000001877519524
Q75718113	6000000011541484440
Q75718149	6000000054024803186
Q75718164	6000000018944201699
Q75718182	6000000008147347647
Q75718199	6000000025454906262
Q75718223	6000000033868164540
Q75718224	6000000054030250862
Q75718226	6000000033868164572
Q75718640	6000000008605593920
Q75718647	6000000008605330081
Q75718651	6000000008605695699
Q75718671	6000000008605560693
Q75718674	6000000008605706374
Q75718676	6000000008605695501
Q75718687	6000000008462296433
Q75718703	6000000008605951368
Q75718721	6000000052242707963
Q75718974	6000000019725101272
Q75718990	6000000019725649379
Q75719005	6000000030024292445
Q75719122	6000000014803641217
Q75719171	6000000064157729821
Q75719192	6000000030059629069
Q75719196	6000000019724147537
Q75719205	6000000055974801730
Q75719269	6000000073519899556
Q75719357	6000000079470391281
Q75719375	6000000025618042179
Q75719433	4024260915600078616
Q75719440	4024264157970078771
Q75719455	4024209590600121458
Q75719462	6000000013543373751
Q75719470	6000000013543486418
Q75719472	4023249470340121412
Q75719925	6000000013537005104
Q75719932	6000000013536939494
Q75719942	6000000013537020015
Q75719948	6000000013536983114
Q75719949	6000000012977756181
Q75719986	4023290162790028283
Q75719989	6000000053134169826
Q75719998	6000000024463519057
Q75720001	4022938083330079048
Q75720003	6000000024463381427
Q75720014	3999463270600074419
Q75720051	3992790794880073642
Q75720078	3992788995250029975
Q75720127	3992786840100074020
Q75720218	6000000020543681785
Q75720221	6000000053133788061
Q75720236	5569900420000115267
Q75720258	6000000003836581089
Q75720312	6000000010161750355
Q75720315	5007607913680138552
Q75720322	5007615521630086654
Q75720325	5007615431100086648
Q75720330	5007619252100120909
Q75720467	6000000047929208938
Q75720472	6000000055611812930
Q75720507	6000000023510737828
Q75720525	6000000055611594127
Q75720584	6000000023510738832
Q75720587	6000000055610927076
Q75720630	5578694645800072723
Q75720634	5578704666730072376
Q75720889	5578742903640039488
Q75720894	5578532925250030102
Q75720918	4845047699280139951
Q75720943	6000000033786216102
Q75720970	5486985521480073056
Q75720976	5487011158800084548
Q75720982	6000000017475576037
Q75720997	6000000083224758835
Q75720999	6000000083224253526
Q75721096	6000000054848512821
Q75721125	5533633582520024020
Q75721142	6000000083866148299
Q75721206	5487205102140039785
Q75721209	5487222401530045635
Q75721245	5484627789030057036
Q75721248	5484669607100084733
Q75721306	5616040890820120617
Q75721329	6000000081044079066
Q75721347	5478188560780071962
Q75721365	5490852668250023035
Q75721402	6000000007711440897
Q75721405	6000000007712055370
Q75721410	6000000007711891548
Q75721418	5096830994260128138
Q75721444	6000000007740890362
Q75721481	6000000008382197737
Q75721490	6000000015086653405
Q75721496	6000000024559358765
Q75721539	6000000010392691981
Q75721620	6000000007711398931
Q75721623	6000000007713020296
Q75721627	6000000007729995686
Q75721629	6000000007730057525
Q75721635	6000000007730150369
Q75721639	5682651601520089748
Q75721662	6000000010030902299
Q75721681	6000000003564630084
Q75721686	6000000003564534295
Q75721687	6000000003991199011
Q75721699	6000000003991254059
Q75721702	6000000084367184888
Q75721707	6000000084367324849
Q75721722	6000000003991254080
Q75721727	6000000007171033523
Q75721739	6000000003991338007
Q75721741	6000000003999209284
Q75721742	6000000003999209299
Q75721748	6000000003999573075
Q75721750	6000000003999593156
Q75721784	6000000003543365478
Q75721786	6000000002263868898
Q75721790	4854388971110074702
Q75721792	6000000005393143397
Q75721797	6000000006989313269
Q75721800	5416482134900105332
Q75721801	6000000001299393713
Q75721807	6000000003968623130
Q75721811	6000000001299289589
Q75721813	6000000001299342522
Q75721814	6000000001299351240
Q75721817	6000000003979405077
Q75721818	6000000001083005045
Q75721819	6000000001274844278
Q75721821	6000000001082876468
Q75721822	6000000001241005565
Q75721824	6000000001887177229
Q75721825	6000000001299037453
Q75721828	6000000001299351151
Q75721831	6000000024759506372
Q75721841	6000000001299373432
Q75721846	5424180623740068405
Q75721848	6000000000835073077
Q75721851	6000000003543268329
Q75721861	5598243965650047021
Q75721865	5309850457850089120
Q75721871	5424146504230074584
Q75721874	5580121686780027278
Q75721898	6000000006988994933
Q75721915	5676697097460060449
Q75721955	6000000002263874404
Q75721984	5569888861280124964
Q75722025	6000000001941065875
Q75722028	6000000003128890647
Q75722105	6000000010799936358
Q75722107	6000000008836393276
Q75722118	6000000013720258404
Q75722120	6000000013708673599
Q75722164	6000000003562801464
Q75722168	6000000003569711255
Q75722172	6000000003569625544
Q75722189	6000000003570297702
Q75722191	6000000003570875713
Q75722379	6000000003573706645
Q75722383	6000000003573771103
Q75722385	6000000003573836551
Q75722402	6000000003573910018
Q75722514	6000000003577494773
Q75722515	6000000003577491969
Q75722517	6000000003577780209
Q75722577	6000000003577407969
Q75722584	6000000003577574735
Q75722587	6000000003577095828
Q75722600	6000000003577764648
Q75722648	6000000008836291533
Q75722732	6000000008836373328
Q75722788	6000000010800845697
Q75722792	6000000055517433858
Q75722805	6000000055520487945
Q75722824	6000000008836244962
Q75722829	6000000008836444339
Q75722832	6000000008836384475
Q75722856	6000000008835753979
Q75722857	6000000008836498642
Q75722965	6000000026937930471
Q75723019	6000000029350792491
Q75723042	6000000011742165631
Q75723045	6000000029351858131
Q75723096	6000000000566211230
Q75723190	6000000010977454010
Q75723200	6000000176183902926
Q75723375	6000000051521189422
Q75723392	6000000007911889783
Q75723519	6000000010030778391
Q75723584	6000000051518964831
Q75723593	6000000051518865870
Q75723595	6000000051518805980
Q75723597	6000000039550903458
Q75723600	6000000039551293148
Q75723612	6000000102182110084
Q75723614	6000000168825901824
Q75723622	6000000111735354892
Q75723698	6000000003217290003
Q75723704	6000000024102431627
Q75723915	6000000015549307451
Q75723917	6000000069640705009
Q75723929	6000000069646813337
Q75723974	6000000015549216380
Q75723977	6000000015549120000
Q75723983	6000000023884325550
Q75723988	6000000015549101544
Q75724217	6000000094784906847
Q75724221	6000000094784376932
Q75724297	6000000051523363102
Q75724350	6000000015420886426
Q75724351	6000000015511322642
Q75724354	6000000103406428896
Q75724356	6000000103406961841
Q75724409	6000000038497183345
Q75724473	6000000051523381911
Q75724497	6000000001229462946
Q75724499	6000000001229464796
Q75724537	6000000083787933975
Q75724539	6000000026270737622
Q75724541	6000000027610960313
Q75724544	6000000074790753900
Q75724576	6000000027523419346
Q75724583	6000000027524342905
Q75724596	6000000027523826643
Q75724603	6000000027590212359
Q75724611	6000000011134156562
Q75724614	6000000011134147525
Q75724697	6000000027523784601
Q75724698	6000000027523531255
Q75724701	6000000027523212536
Q75724703	6000000027521936966
Q75724705	6000000011696571511
Q75724707	6000000027524317073
Q75724709	6000000027523816603
Q75724732	6000000027573212309
Q75724735	6000000027523409021
Q75724736	6000000027523451003
Q75724739	6000000008805464458
Q75724834	6000000015151623962
Q75724840	6000000015152108477
Q75724851	6000000013094147492
Q75724857	6000000015152156552
Q75724862	6000000007090359314
Q75724872	6000000056815462975
Q75724878	6000000007667045566
Q75724906	6000000024004708808
Q75724908	6000000024005237174
Q75724940	6000000022173099422
Q75724961	6000000002115920536
Q75724965	6000000003891727760
Q75724970	6000000135400406836
Q75725032	6000000027778892652
Q75725036	6000000027779006075
Q75725046	6000000003891054511
Q75725050	6000000003890753784
Q75725052	6000000003891396759
Q75725054	6000000003891054574
Q75725111	6000000076254086907
Q75725114	6000000076254197826
Q75725235	6000000003891396737
Q75725237	6000000103407115823
Q75725260	6000000003891396899
Q75725325	6000000003891396767
Q75725328	6000000028262728292
Q75725390	6000000003891396716
Q75725391	6000000003891054544
Q75725425	6000000142574826822
Q75725512	6000000023231532619
Q75725527	6000000024006215612
Q75725568	6000000051289069044
Q75725570	6000000051289345851
Q75725572	6000000026036706010
Q75725580	6000000051288664329
Q75725678	6000000006793653093
Q75725704	6000000022173334828
Q75725713	6000000007130150210
Q75725778	6000000007130150219
Q75725784	6000000078481680863
Q75725810	6000000035077413040
Q75725820	6000000051289304831
Q75726002	6000000039161107439
Q75726045	6000000012358076207
Q75726059	6000000047204395995
Q75726105	6000000018207469749
Q75726134	6000000007235694721
Q75726187	6000000015549461005
Q75726249	6000000036955955153
Q75726255	6000000009514643999
Q75726265	6000000025330400896
Q75726266	6000000014244283685
Q75726269	6000000024195631548
Q75726270	6000000024195680339
Q75726273	6000000055892845949
Q75726385	6000000070614711015
Q75726391	6000000018870131552
Q75726396	6000000018869686513
Q75726397	6000000018869628993
Q75726400	6000000018869865734
Q75726402	6000000018869645575
Q75726417	6000000044978823837
Q75726420	6000000021423620668
Q75726422	6000000021424028373
Q75726459	6000000021701318903
Q75726509	6000000021701356855
Q75726547	6000000005735750564
Q75726549	6000000011153468395
Q75726551	6000000011152468897
Q75726553	6000000011152789738
Q75726555	6000000023150782300
Q75726558	6000000023150742106
Q75726562	6000000011154357258
Q75726566	6000000023150622076
Q75726599	6000000034055195947
Q75726641	6000000027733837302
Q75726648	6000000004096500845
Q75726650	6000000017960006057
Q75726656	6000000031116523790
Q75726679	6000000006580763004
Q75726684	6000000028070151638
Q75726834	6000000016837533218
Q75726888	6000000038132578527
Q75726892	6000000012991950844
Q75726895	6000000030880488640
Q75726897	6000000012583211617
Q75726949	6000000003890761980
Q75726951	6000000003891018124
Q75727116	6000000003890692750
Q75727139	6000000003891404640
Q75727141	6000000003891054245
Q75727143	6000000003891404647
Q75727145	6000000003891054253
Q75727184	6000000030885840108
Q75727225	6000000003891404739
Q75727232	6000000013384688779
Q75727257	6000000003891015100
Q75727259	6000000003891009269
Q75727262	6000000003891015577
Q75727320	6000000022911436295
Q75727323	6000000036345184864
Q75727328	6000000007003409023
Q75727331	6000000009046072312
Q75727332	6000000003275647804
Q75727343	6000000009045782057
Q75727524	6000000011744259729
Q75727589	6000000021843620818
Q75727591	6000000016281030149
Q75727592	6000000016280786606
Q75727595	6000000016280901887
Q75727662	6000000013027400096
Q75727668	6000000013027711008
Q75727689	6000000017016204982
Q75727702	6000000015098841937
Q75727780	6000000003891015395
Q75727812	6000000003891015409
Q75727814	6000000052150445821
Q75727816	6000000024186000663
Q75727821	6000000003891015086
Q75728051	6000000008816033722
Q75728209	6000000013384831347
Q75728232	6000000038170405221
Q75728234	6000000013384839833
Q75728270	6000000036345165951
Q75728273	6000000002115911461
Q75728295	6000000036345257300
Q75728302	6000000002115920543
Q75728306	6000000002115920632
Q75728309	6000000002115920639
Q75728313	6000000036344335766
Q75728318	6000000053800940821
Q75728410	6000000002115920610
Q75728424	6000000002115920516
Q75728425	6000000023568656495
Q75728431	6000000023570254348
Q75728467	6000000026118732150
Q75728472	6000000027590127650
Q75728485	6000000007267262636
Q75728486	6000000007267256515
Q75728490	6000000007267441294
Q75728494	6000000007267206867
Q75728499	6000000007267353342
Q75728501	6000000007267134458
Q75728506	6000000007267111346
Q75728509	6000000007267174440
Q75728512	6000000007266935900
Q75728517	6000000007266821912
Q75728521	6000000007266532019
Q75728530	6000000007267227202
Q75728537	6000000007267052405
Q75728544	6000000007266936390
Q75728562	6000000002044612355
Q75728588	6000000013102332151
Q75728596	6000000013102301812
Q75728618	6000000013102223758
Q75728625	6000000013102395824
Q75728760	6000000061224385937
Q75728764	6000000008231407566
Q75728874	6000000020223540351
Q75728891	6000000017758275146
Q75728903	6000000013531340802
Q75728914	6000000020225218121
Q75728918	6000000020224718760
Q75728921	6000000013532374394
Q75728924	6000000064330022496
Q75728925	6000000013102324034
Q75728980	6000000035858890111
Q75729013	6000000035858939261
Q75729016	6000000013102924597
Q75729018	6000000013532694323
Q75729021	6000000013531019990
Q75729023	6000000035858566851
Q75729026	6000000013532380958
Q75729041	6000000013532637237
Q75729043	6000000013532720631
Q75729084	6000000015975636504
Q75729138	6000000084638519872
Q75729241	6000000033065826941
Q75729273	6000000000484526293
Q75729273	6000000041112851816
Q75729279	6000000030350270880
Q75729461	6000000040845491641
Q75729503	6000000026636630596
Q75729662	6000000090780920886
Q75730	6000000155539451839
Q75730047	6000000013074435261
Q75730101	6000000017429763592
Q75730172	6000000035557486369
Q75730269	6000000035558232940
Q75730294	6000000035556445272
Q75730342	6000000050203608121
Q75730388	6000000015972532628
Q75730581	6000000013332853339
Q75730742	6000000015354124785
Q75730745	6000000026186922944
Q75730747	6000000026185545239
Q75731120	6000000105919578870
Q75731155	6000000105911236981
Q75731158	6000000105912709996
Q75731167	6000000091150638882
Q75731214	6000000054975787375
Q75731217	6000000054977275910
Q75731219	6000000054977070073
Q75731298	6000000002497436747
Q75731305	6000000015354382436
Q75731311	6000000015354153738
Q75731313	6000000002115970016
Q75731425	6000000010041235010
Q75731560	6000000054425190895
Q75731562	6000000016294506628
Q75731646	6000000026827507977
Q75731812	6000000013653141715
Q75731814	6000000010896829545
Q75731900	6000000050507778855
Q75731905	6000000068078918915
Q75731909	6000000021330713588
Q75731915	6000000008631009227
Q75731939	358248016780006062
Q75731951	6000000065457156843
Q75731984	6000000031240211508
Q75731989	6000000031240948882
Q75731991	6000000031240913897
Q75732002	358244035560003945
Q75732006	358245684060003911
Q75732025	358245183020012796
Q75732031	347190137700014745
Q75732318	6000000033239762639
Q75732320	6000000033240107096
Q75732412	6000000043066144000
Q75732448	6000000043257106027
Q75732451	6000000043257216012
Q75732456	6000000043257302985
Q75732784	6000000026049137300
Q75732862	6000000004079705335
Q75732865	6000000032837161154
Q75732871	6000000034176444582
Q75732902	6000000032837143411
Q75732923	6000000018381134578
Q75732943	6000000023498229198
Q75732992	6000000032837273232
Q75732994	6000000071385098146
Q75732995	6000000013373051634
Q75733018	6000000091797798841
Q75733079	6000000041029290848
Q75733096	6000000050507768904
Q75733119	6000000024211653119
Q75733230	6000000002497436762
Q75733449	6000000020238631811
Q75733452	6000000009858809544
Q75733456	6000000015652242310
Q75733458	6000000019343821128
Q75733460	6000000015652604112
Q75733468	6000000026325903839
Q75733478	6000000019391404572
Q75733481	6000000019397025574
Q75733485	6000000018453005694
Q75733487	6000000018452930970
Q75733492	6000000018453554306
Q75733500	6000000013546901115
Q75733503	6000000015478363215
Q75733537	6000000035214230376
Q75733572	6000000035214304340
Q75733576	6000000035214144590
Q75733606	6000000035214699117
Q75733667	6000000015478057813
Q75733670	6000000081736463284
Q75733673	6000000081737129238
Q75733676	6000000081737427906
Q75733868	6000000054595552907
Q75733869	6000000081738144850
Q75733884	6000000090710714097
Q75733885	6000000090710616905
Q75733890	6000000090688073980
Q75733926	6000000081738483276
Q75733940	6000000081737152925
Q75733941	6000000081736054206
Q75733962	6000000015478057829
Q75734014	6000000053221782841
Q75734035	6000000015478322969
Q75734044	6000000015478391368
Q75734055	6000000008541364417
Q75734118	6000000015478214586
Q75734220	6000000015478547051
Q75734224	6000000057052518880
Q75734256	6000000011458287514
Q75734264	6000000044495247091
Q75734319	6000000033594131180
Q75734335	6000000026065661594
Q75734337	6000000026079819580
Q75734343	6000000018453634192
Q75734459	4592168459080053188
Q75734459	6000000026079698653
Q75734478	6000000008490353239
Q75734567	5606011537340048245
Q75734580	4592096185760086536
Q75734582	6000000022147763172
Q75734584	4592096206780012610
Q75734657	4592073582270030706
Q75734658	4592209733060126415
Q75734661	4592073609650012699
Q75734668	4591997601930012684
Q75734669	4592081724440012602
Q75734672	4591997527160063885
Q75734789	6000000026080061045
Q75734797	6000000011103743188
Q75734801	6000000011103716195
Q75734809	6000000026080103377
Q75734851	6000000026079830498
Q75734859	6000000069941796379
Q75734898	6000000036120903348
Q75734916	6000000096841974840
Q75734935	6000000027081310982
Q75734937	6000000027081080102
Q75734943	6000000027081344945
Q75734952	6000000081053831122
Q75734962	6000000027078535566
Q75734971	6000000027081113346
Q75734977	6000000027081155546
Q75734979	6000000027080865808
Q75735006	6000000014058031119
Q75735082	6000000026494441600
Q75735088	6000000026494495359
Q75735092	6000000014057905188
Q75735094	6000000021062858858
Q75735095	6000000014057916400
Q75735097	6000000014057693735
Q75735102	6000000035109450035
Q75735145	6000000036578429938
Q75735180	6000000009155626976
Q75735182	6000000009155695739
Q75735184	6000000014057982314
Q75735199	6000000014057912375
Q75735204	6000000036578421083
Q75735212	6000000014057948422
Q75735217	6000000051516399879
Q75735250	6000000051516420911
Q75735253	6000000051516498859
Q75735268	6000000051497480217
Q75735272	6000000014057893455
Q75735275	6000000051497525305
Q75735276	6000000028083882739
Q75735306	6000000012582702943
Q75735318	6000000014057846450
Q75735365	6000000051497808966
Q75735392	6000000013237075837
Q757354	6000000017906737836
Q75735400	6000000019975818020
Q75735409	6000000044535660969
Q75735437	6000000007538169125
Q75735451	6000000044536314012
Q75735459	6000000044536409973
Q75735539	6000000044535691908
Q75735541	6000000044535679029
Q75735560	6000000044535815045
Q75735562	6000000044535941908
Q75735564	6000000044536107821
Q75735635	6000000001755099924
Q75735665	6000000001755169487
Q75735671	6000000001755145947
Q75735786	6000000043227397697
Q75735788	6000000043227913840
Q75735908	6000000003891054149
Q75735911	6000000013180141497
Q75735928	6000000003891971064
Q75735931	6000000019145781445
Q75736019	6000000003891018968
Q75736032	6000000003891018162
Q75736033	6000000003891018978
Q75736046	6000000041631183067
Q75736048	6000000043227598395
Q75736118	6000000041631099137
Q75736123	6000000043228152922
Q75736211	6000000041631023376
Q75736265	6000000003254902037
Q75736272	6000000003195656684
Q75736293	6000000026825318136
Q75736303	6000000026825078390
Q75736319	6000000167585081821
Q75736323	6000000027557078345
Q75736333	6000000003195617567
Q75736336	6000000003195629849
Q75736337	6000000003195750410
Q75736340	6000000003195856029
Q75736343	6000000003195771445
Q75736356	6000000002966523585
Q75736358	6000000002953797983
Q75736362	6000000002959411361
Q75736366	6000000002978949179
Q75736367	6000000002963436373
Q75736390	6000000002959599188
Q75736392	6000000002953179444
Q75736394	6000000002953229363
Q75736407	6000000002953622592
Q75736412	6000000002952144710
Q75736434	6000000002953250885
Q75736438	6000000002975043901
Q75736441	6000000003026769760
Q75736445	6000000003026930443
Q75736461	6000000002963385182
Q75736476	6000000002962399310
Q75736479	6000000003026307512
Q75736558	6000000008205387240
Q75736602	6000000034758490410
Q75736829	6000000020377625712
Q75736833	6000000022770574457
Q75736839	6000000044337787856
Q75736843	6000000044336786629
Q75736866	6000000044337790913
Q75736868	6000000044337695976
Q75736884	6000000044337718130
Q75737000	6000000024902073403
Q75737014	6000000027722581881
Q75737048	6000000011518907393
Q75737056	6000000025889336954
Q75737058	6000000025888654756
Q75737068	6000000025889692114
Q75737070	6000000025889187256
Q75737167	6000000030847678866
Q75737194	6000000002904886667
Q75737200	6000000013432316339
Q75737208	6000000019730323163
Q75737220	6000000003026496567
Q75737222	6000000003026463451
Q75737230	6000000014141708510
Q75737232	6000000003026556133
Q75737276	6000000008203095093
Q75737279	6000000018808822926
Q75737281	6000000008203138127
Q75737402	6000000008518651141
Q75737419	6000000025065668886
Q75737427	5605976358580059083
Q75737461	6000000031211373357
Q75737495	6000000008519017414
Q75737510	6000000066987583863
Q75737621	6000000035584141707
Q75737738	6000000010394492492
Q75737742	6000000044536012879
Q75737758	6000000007538377009
Q75737761	6000000007538455686
Q75737818	6000000082409365132
Q75737820	6000000082409797038
Q75737839	6000000040544067114
Q75737978	6000000082381429936
Q75737979	6000000082379881400
Q75738	6000000079638075784
Q75738026	6000000030970294250
Q75738029	6000000030970497880
Q75738033	6000000030970467950
Q75738054	6000000005936445022
Q75738056	6000000005936158421
Q75738060	6000000006146267323
Q75738080	6000000051845638915
Q75738089	6000000035580908926
Q75738109	6000000076917106120
Q75738111	6000000016201464958
Q75738117	6000000076917498113
Q75738119	6000000011852335567
Q75738134	6000000009514786484
Q75738139	6000000034535761018
Q75738156	6000000031011208283
Q75738219	6000000038238126924
Q75738349	6000000038237991155
Q75738354	6000000033300339060
Q75738446	6000000006782164385
Q75738505	6000000085736415946
Q75738507	6000000090769740946
Q75738689	6000000042837585263
Q75738712	6000000042837666236
Q75738721	6000000042838108821
Q75738728	6000000042939570045
Q75738731	6000000031412021252
Q75738915	6000000042832120652
Q75738972	6000000031536961902
Q75738976	6000000031537145849
Q75738996	6000000031534567763
Q75739016	6000000031537372011
Q75739034	6000000031537174081
Q75739039	6000000031536558419
Q75739070	6000000031535764794
Q75739350	6000000011231951097
Q75739370	6000000007538801288
Q75739389	6000000092905901915
Q75739426	6000000024229871266
Q75739620	6000000023299961903
Q75739625	6000000024097659319
Q75739630	6000000024413924297
Q75739635	6000000024227710008
Q75739638	6000000024793021246
Q75739641	6000000024414597872
Q75739645	6000000024227349562
Q75739716	6000000058794107947
Q75739745	6000000058788974981
Q75739839	6000000024413305666
Q75739842	6000000024227418186
Q75739848	6000000028247241139
Q75739858	6000000110788420851
Q75739864	6000000024793388022
Q75739870	6000000110787539914
Q75739968	6000000083369918278
Q75739990	6000000024438152640
Q75740001	6000000083377775919
Q75740004	6000000083370019159
Q75740007	6000000083376778663
Q75740037	6000000083377304271
Q75740076	6000000083376793793
Q75740114	6000000041513152054
Q75740118	6000000040858004672
Q75740198	6000000033808176006
Q75740205	6000000024438558075
Q75740209	6000000024437718712
Q75740232	6000000055196082929
Q75740238	6000000068343119824
Q75740240	6000000068342531892
Q75740242	6000000074084964259
Q75740267	6000000024438605855
Q75740277	6000000024437843797
Q75740343	6000000095796041822
Q75740351	6000000095794873857
Q75740382	6000000028948764083
Q75740400	6000000031562112387
Q75740410	6000000047810982510
Q75740443	6000000047812527010
Q75740453	6000000031560513810
Q75740458	6000000031561505374
Q75740461	6000000034775219936
Q75740464	6000000034775230015
Q75740501	6000000031562637261
Q75740537	6000000028219590845
Q75740540	6000000031562111263
Q75740542	6000000047909071851
Q75740544	6000000048060226876
Q75740550	6000000047908960020
Q75740551	6000000047909114931
Q75740553	6000000048031486267
Q75740555	6000000048032446830
Q75740570	6000000024444542933
Q75740576	6000000024445063958
Q75740579	6000000024444522958
Q75740581	6000000024445109907
Q75740584	6000000024445019008
Q75740596	6000000048030245905
Q75740900	6000000002116140120
Q75740910	6000000002187865373
Q75740960	6000000108467211840
Q75741081	6000000016818395290
Q75741259	6000000000026312665
Q75741263	6000000038359808101
Q75741265	6000000038360036860
Q75741492	6000000009046773783
Q75741509	6000000009047104221
Q75741736	6000000033592735925
Q75741737	6000000033592758964
Q75741739	6000000008256617509
Q75741763	6000000033592228238
Q75741765	6000000033592300197
Q75741769	6000000033592787915
Q75741814	6000000033593321948
Q75741829	6000000033593143147
Q75741833	6000000003566810284
Q75741862	6000000033593491855
Q75741867	6000000033593181230
Q75741957	6000000015865413333
Q75742	6000000003827527093
Q75742017	6000000029798817787
Q75742019	6000000015865342794
Q75742023	6000000015865033711
Q75742059	6000000015865227900
Q75742061	6000000015865543067
Q75742065	6000000029798764510
Q75742069	6000000029799077073
Q75742076	6000000029799077135
Q75742086	6000000029799201459
Q75742089	6000000029799272870
Q75742139	6000000015865524370
Q75742242	6000000083617654523
Q75742244	6000000022629758599
Q75742249	6000000083617848192
Q75742251	6000000024876397668
Q75742259	6000000026077294243
Q75742266	6000000052176674978
Q75742267	6000000078388074300
Q75742511	6000000088960114980
Q75742771	6000000002802259418
Q75742797	6000000111301741166
Q75743038	6000000044186743011
Q75743069	6000000063333336261
Q75743071	6000000063333983875
Q75743123	6000000051520539892
Q75743125	6000000031078884204
Q75743206	6000000027129832647
Q75743233	6000000027130069928
Q75743241	6000000001719350135
Q75743248	6000000001713394070
Q75743337	6000000033593415160
Q75743424	6000000033592409921
Q75743434	6000000003216080392
Q75743443	6000000022628288948
Q75743446	6000000022628217086
Q75743450	6000000007089875423
Q75743494	6000000015133588256
Q75743667	6000000026647300966
Q75743669	6000000027052556132
Q75743671	6000000027050435510
Q75743673	6000000027053946937
Q75743676	6000000015133714064
Q75743681	6000000026647209955
Q75743688	6000000026646945989
Q75743695	6000000026013383216
Q75743702	6000000026645454082
Q75743707	6000000015132677785
Q75743714	6000000026644145432
Q75743750	6000000004012488201
Q75743775	6000000015132677748
Q75743788	6000000026645388979
Q75743808	6000000001299356846
Q75743812	6000000001299345441
Q75743814	6000000015908151861
Q75743833	6000000011852172676
Q75743840	6000000015918384437
Q75743849	6000000011852501246
Q75743863	6000000015987771955
Q75743886	6000000015975543634
Q75743907	6000000015989154316
Q75743910	6000000015989125391
Q75743913	6000000015989096637
Q75743914	6000000015989097855
Q75743921	6000000016167869757
Q75743928	6000000016168196540
Q75743931	6000000084606911098
Q75743954	6000000016144510388
Q75743956	6000000016144775053
Q75743960	6000000115272258821
Q75743964	6000000115272318823
Q75743977	6000000015987911930
Q75743981	6000000016144897303
Q75744	6000000026919449268
Q75744097	6000000016168581788
Q75744143	6000000077690980220
Q75744355	6000000047615171060
Q75744359	6000000047615005218
Q75744455	6000000025169727165
Q75744485	6000000047615932336
Q75744494	6000000047616625851
Q75744496	6000000047616497848
Q75744502	6000000047616100118
Q75744525	6000000047615262145
Q75744534	6000000047616349862
Q75744536	6000000047616398838
Q75744539	6000000047615496550
Q75744547	6000000047615452039
Q75744589	6000000015725593924
Q75744642	6000000047615311962
Q75744646	6000000053672540927
Q75744735	6000000024106382860
Q75744737	6000000080569476987
Q75744739	6000000024106144306
Q75745221	6000000002115881562
Q75745226	6000000012434733187
Q75745231	6000000012434974132
Q75745233	6000000012435117550
Q75745237	6000000012435210540
Q75745242	6000000012433323921
Q75745244	6000000071028065652
Q75745349	6000000012433836659
Q75745376	6000000001170449383
Q75745522	6000000052148870957
Q75745680	6000000012434147432
Q75745700	6000000012434374787
Q75745764	6000000012434260236
Q75745779	6000000024698100116
Q75745784	6000000012433568145
Q75745786	6000000024697909308
Q75745789	6000000071318369148
Q75745793	6000000053654225070
Q75745799	6000000077365746722
Q75746083	6000000017602271370
Q75746089	6000000017602436613
Q75746131	6000000001899705856
Q75746196	6000000017602457181
Q75746203	6000000017280732963
Q75746205	6000000017280811974
Q75746208	6000000017280796643
Q75746210	6000000017602431294
Q75746217	6000000017602392403
Q75746253	6000000035662949420
Q75746254	6000000096147246840
Q75746324	6000000054203490957
Q75746340	6000000054204373880
Q75746404	6000000028901723585
Q75746408	6000000028905520973
Q75746590	6000000020381783314
Q75746598	6000000020381859968
Q75746631	6000000020381803314
Q75746634	6000000020381722387
Q75746650	6000000026142428197
Q75746659	6000000026140727741
Q75746679	6000000023216524232
Q75746684	6000000043251066011
Q75746685	6000000043250587643
Q75746738	6000000019163152225
Q75746740	6000000019332383579
Q75746759	6000000031897353167
Q75746953	4658817503110087269
Q75746965	6000000019332705292
Q75747143	6000000042286422692
Q75747147	6000000029979428010
Q75747210	6000000044306107108
Q75747341	6000000039214249973
Q75747372	6000000010358954927
Q75747376	6000000020256508025
Q75747429	6000000010359304332
Q75747447	6000000055153659841
Q75747495	6000000026552317046
Q75747538	6000000010359393300
Q75747902	6000000044225546049
Q75747915	6000000044225341377
Q75747979	6000000040381096530
Q75747980	6000000019958512626
Q75747997	6000000019958797475
Q75748	6000000046719619081
Q75748004	6000000017390343268
Q75748008	6000000058983698262
Q75748074	6000000037367932860
Q75748107	6000000035268638305
Q75748196	6000000019959107140
Q75748205	6000000019418749853
Q75748220	6000000019959238233
Q75748223	6000000037174376996
Q75748228	6000000037174820982
Q75748235	6000000037175034062
Q75748251	6000000037174228577
Q75748328	6000000019136937921
Q75748358	6000000019137539716
Q75748406	6000000018960607573
Q75748410	6000000019075874601
Q75748435	6000000019075531331
Q75748453	6000000008093435481
Q75748474	6000000019412837667
Q75748478	6000000019477147045
Q75748527	6000000025890628200
Q75748532	6000000025890600177
Q75748548	6000000025889654674
Q75748551	6000000025890387191
Q75748558	6000000025890592113
Q75748569	6000000025890068660
Q75748574	6000000019477754267
Q75748580	6000000035019480644
Q75748585	6000000040896802403
Q75748682	6000000026215641880
Q75748684	6000000009770121492
Q75748686	6000000026215387681
Q75748770	6000000050581172160
Q75748772	6000000022754854269
Q75748797	6000000041582606855
Q75748799	6000000036081428899
Q75748802	6000000041571960540
Q75748803	6000000041616441090
Q75748809	6000000041629471594
Q75748818	6000000041616763634
Q75748943	6000000016982539853
Q75748948	6000000016982589221
Q75748949	6000000040896052168
Q75748951	6000000016634552055
Q75748958	6000000016982468347
Q75749021	6000000016626504031
Q75749060	6000000008092819593
Q75749087	6000000040896172094
Q75749090	6000000040896388126
Q75749104	6000000040895993781
Q75749105	6000000024791082243
Q75749108	6000000008092687855
Q75749175	6000000008092685373
Q75749176	6000000008092706589
Q75749194	6000000019962632127
Q75749198	6000000019962388795
Q75749219	6000000019962280685
Q75749221	6000000019962368718
Q75749232	6000000041638132877
Q75749287	6000000019418395764
Q75749326	6000000026758683886
Q75749329	6000000026756782590
Q75749346	6000000026756988833
Q75749368	6000000003687349219
Q75749371	6000000026754809368
Q75749373	6000000026600623795
Q75749375	6000000026756073926
Q75749441	6000000050034144860
Q75749445	6000000011497577038
Q75749460	6000000011508759963
Q75749482	6000000049995742890
Q75749484	6000000049995598062
Q75749505	6000000049995738967
Q75749517	6000000049995835943
Q75749522	6000000049995402172
Q75749524	6000000049995943881
Q75749547	6000000049995961881
Q75749548	6000000014319966666
Q75749559	6000000014320143163
Q75749560	6000000014320015838
Q75749563	6000000014320280174
Q75749574	6000000014020391477
Q75749581	6000000040894683925
Q75749635	6000000014019410875
Q75749644	6000000029989799365
Q75749668	6000000050194856038
Q75749677	6000000014019684834
Q75749771	6000000014019149644
Q75749900	6000000046495525680
Q75749950	6000000015511274900
Q75749952	6000000055563697913
Q75749954	6000000055563035254
Q75749956	6000000055563519008
Q75749960	6000000069790659980
Q75749969	6000000015420858587
Q75750102	6000000011649319706
Q75750147	6000000020204363355
Q75750151	6000000059105445254
Q75750153	6000000059105416336
Q75750330	6000000009729171396
Q75750333	6000000009729171782
Q75750334	6000000009729091179
Q75750338	6000000009729171509
Q75750340	6000000009729090981
Q75750341	6000000009729171797
Q75750375	6000000009729171557
Q75750382	6000000009729171645
Q75750390	6000000009729171475
Q75750396	6000000004829561769
Q75750401	6000000004829804660
Q75750411	6000000026520266888
Q75750419	6000000011297526746
Q75750453	6000000010877745750
Q75750693	6000000024458666110
Q75750721	6000000042787499069
Q75750725	6000000067836043832
Q75750848	6000000015946715669
Q75750850	6000000015946112905
Q75750854	6000000036597434865
Q75750860	6000000028243989787
Q75750870	6000000030969113483
Q75750874	6000000030969415851
Q75750883	6000000044452627360
Q75750887	6000000044454580109
Q75750888	6000000066690409830
Q75750890	6000000030969336321
Q75750893	6000000030969262447
Q75750984	6000000009474168442
Q75750991	6000000022755107920
Q75751038	6000000024839095242
Q75751046	6000000028686865509
Q75751054	6000000024839228168
Q75751057	6000000068463910062
Q75751073	6000000000129390752
Q75751078	6000000000129390741
Q75751084	6000000000129375052
Q75751095	6000000024456363898
Q75751100	6000000016352845967
Q75751104	6000000024451055091
Q75751110	6000000016353218041
Q75751116	6000000000129368661
Q75751119	6000000054976853200
Q75751140	6000000024451083911
Q75751180	6000000022755944134
Q75751187	6000000022751441488
Q75751213	6000000010967625232
Q75751240	6000000024778820872
Q75751256	6000000024778911860
Q75751260	6000000024778738334
Q75751266	6000000024778046555
Q75751271	6000000024850985549
Q75751274	6000000024505913311
Q75751280	6000000066656456870
Q75751339	6000000025338834200
Q75751359	6000000025049157971
Q75751365	6000000025049166975
Q75751369	6000000028348921031
Q75751371	6000000054977099048
Q75751379	6000000000129372552
Q75751386	6000000000129372563
Q75751392	6000000025049213829
Q75751397	6000000000129368628
Q75751524	6000000000129375307
Q75751529	6000000000129386718
Q75751538	6000000025299013432
Q75751546	6000000000129365126
Q75751548	6000000000129365116
Q75751549	6000000000129368578
Q75751551	6000000000129368589
Q75751555	6000000000129327352
Q75751565	6000000009498364554
Q75751569	6000000028686811728
Q75751578	6000000028687287927
Q75751583	6000000028687076180
Q75751588	6000000034674842565
Q75751595	6000000028686933351
Q75751596	6000000009502144405
Q75751599	6000000024851108776
Q75751603	6000000024850918121
Q75751628	6000000000129375404
Q75751635	6000000026145233987
Q75751642	6000000026145476007
Q75751644	6000000026145276477
Q75751721	6000000161572519833
Q75751769	6000000070862488899
Q75751776	6000000111793299837
Q75751788	6000000008280103941
Q75751791	6000000002910664836
Q75752056	6000000018859881115
Q75752058	6000000018859881109
Q75752084	6000000026405789178
Q75752165	6000000015816637980
Q75752174	6000000051525401909
Q75752176	6000000051525478852
Q75752447	6000000024484452584
Q75752460	6000000014039104699
Q75752534	6000000055404179873
Q75752640	6000000040935928728
Q75752672	6000000040935948653
Q75752772	6000000066656487823
Q75752793	6000000031216122028
Q75752800	6000000066655132098
Q75752804	6000000031216509869
Q75752832	6000000066654959915
Q75752888	6000000031568833144
Q75752892	6000000089141173992
Q75752894	6000000031568884995
Q75752900	6000000031561560038
Q75752947	6000000089141724897
Q75753151	6000000033065128213
Q75753153	6000000033065070436
Q75753160	6000000033065544179
Q75753177	6000000033064975396
Q75753264	6000000006712047947
Q75753266	6000000006712061215
Q75753572	6000000034674561387
Q75753616	6000000034675044980
Q75753619	6000000034674658412
Q75753937	6000000059822558220
Q75753942	6000000059822558225
Q75753961	6000000059822687067
Q75753974	6000000059822863951
Q75754000	6000000038221307507
Q75754017	6000000059823021852
Q75754030	6000000053818868989
Q75754139	6000000045210067829
Q75754177	6000000038989973421
Q75754182	6000000038990998136
Q75754199	6000000026547601258
Q75754205	6000000026538770564
Q75754212	6000000026544223066
Q75754221	6000000026543510370
Q75754223	6000000026539273963
Q75754225	6000000026536057527
Q75754226	6000000026552255509
Q75754237	6000000038991032536
Q75754246	6000000031015436142
Q75754555	6000000029763312952
Q75754560	6000000024504513134
Q75754570	6000000056496574893
Q75754638	6000000056519553852
Q75754692	6000000056519274989
Q75754761	6000000025618086253
Q75755001	6000000022644076298
Q75755030	6000000022333034605
Q75755043	6000000022333401931
Q75755059	6000000024386350425
Q75755068	6000000012874689137
Q75755072	6000000032263211675
Q75755096	6000000016841175493
Q7575510	6000000012212237026
Q75755161	6000000025890944259
Q75755177	6000000025890759662
Q75755276	6000000056500669851
Q75755542	6000000009136862790
Q75755556	6000000011534227703
Q75755558	6000000011534603245
Q75755564	6000000011534354567
Q75755566	6000000011534248658
Q75755569	6000000011535031442
Q75755581	6000000011533849905
Q75755583	6000000011533666146
Q75755610	6000000003687349660
Q75755612	6000000000241774383
Q75755613	6000000000241629797
Q75755729	6000000009729173236
Q75755732	6000000009728901788
Q75755733	6000000009728901776
Q75755736	6000000009728894352
Q75755753	6000000009728894372
Q75755756	6000000009729153293
Q75755760	6000000009729173347
Q75755771	6000000009729173255
Q75755775	6000000009729171651
Q75755782	6000000017116331178
Q75755784	6000000009729171689
Q75755794	6000000009729171715
Q75755795	6000000009729124669
Q75755799	6000000009729171857
Q75755810	6000000009729173381
Q75755813	6000000035020290735
Q75755834	6000000009729172077
Q75755838	6000000009729172002
Q75755849	6000000009729173430
Q75755894	6000000009729171483
Q75755897	6000000035093483871
Q75755903	6000000009729172116
Q75755932	6000000009729172178
Q75755976	6000000010792493874
Q75755992	6000000010792880630
Q75756088	6000000057025540948
Q75756091	6000000016371319853
Q75756136	6000000079134241847
Q75756138	6000000079133437933
Q75756164	6000000030885295054
Q75756195	6000000046372710795
Q75756206	6000000017579015454
Q75756246	6000000034245118856
Q75756247	6000000034242028640
Q75756254	6000000078034691873
Q75756266	6000000016701006195
Q75756270	6000000025229744721
Q75756274	6000000025230966135
Q75756349	6000000025126070497
Q75756355	6000000070665413129
Q75756401	6000000014423325324
Q75756493	6000000026546190685
Q75756527	6000000012634718941
Q75756572	6000000031054124832
Q75756597	6000000026227544970
Q75756682	6000000014544745146
Q75756702	6000000056776654881
Q75756727	6000000025804083689
Q75756826	6000000091616506872
Q75756991	6000000027528523117
Q75756993	6000000052801286916
Q75757015	6000000043851485240
Q75757032	6000000033092216657
Q75757065	6000000003922699219
Q75757118	6000000023482116009
Q75757206	6000000023482214005
Q75757209	6000000023481849568
Q75757211	6000000023482113684
Q75757240	6000000052137800950
Q75757378	6000000052137748895
Q75757393	6000000052137837857
Q75757418	6000000052137836853
Q75757420	6000000052147114981
Q75757423	6000000003132683051
Q75757762	6000000079895665886
Q75757786	6000000038724716109
Q75757788	6000000035754411812
Q75757795	6000000039162170552
Q75757797	6000000003217277976
Q75757811	6000000017405258105
Q75757813	6000000013910915718
Q75757860	6000000007605731612
Q75757863	6000000007606333177
Q75757867	6000000030665732077
Q75757885	6000000019330848563
Q75757892	6000000027595687690
Q75757895	6000000027596340840
Q75757901	6000000019335768581
Q75757904	6000000019335889677
Q75757920	6000000019343220823
Q75757938	6000000068035346987
Q75757940	6000000068035477894
Q75757950	6000000035218876265
Q75758019	6000000068035384958
Q75758028	6000000068035474896
Q75758052	6000000041586216689
Q75758055	6000000041586799821
Q75758068	6000000030884146863
Q75758103	6000000014121856402
Q75758107	6000000014121702380
Q75758119	6000000035121235498
Q75758122	6000000035121784838
Q75758124	6000000035121609301
Q75758132	6000000035121040820
Q75758231	6000000066652905911
Q75758335	6000000010262679123
Q75758338	6000000006886247159
Q75758340	6000000010263026263
Q75758342	6000000010263387518
Q75758346	6000000010262795628
Q75758402	6000000010262731585
Q75758405	6000000010262929295
Q75758408	6000000010264194382
Q75758411	6000000082667446949
Q75758432	6000000010263602890
Q75758443	6000000010262766112
Q75758467	6000000028140736075
Q75758494	6000000026392673932
Q75758496	6000000027168553042
Q75758592	6000000000845239096
Q75758618	6000000006829267444
Q75758630	6000000003495228848
Q75758633	6000000003495234515
Q75758722	6000000010272450267
Q75758736	6000000015705462790
Q75758740	6000000075433150855
Q75758742	6000000015705296665
Q75758744	6000000015706291538
Q75758746	6000000015711341010
Q75758800	6000000012788300204
Q75758811	6000000006037619005
Q75758930	6000000031678741457
Q75758997	6000000027611075553
Q75759004	6000000019191013481
Q75759114	6000000015941995473
Q75759118	6000000015941879732
Q75759119	6000000015942035515
Q75759122	6000000015942010142
Q75759148	6000000021584910545
Q75759164	6000000017603300508
Q75759167	6000000000814483991
Q75759173	6000000026885882665
Q75759178	6000000000814483969
Q75759179	6000000031586274272
Q75759182	6000000018301643189
Q75759184	6000000026885849547
Q75759216	6000000016132207856
Q75759314	6000000010594180002
Q75759323	6000000010596968268
Q75759325	6000000037856864552
Q75759444	6000000003687365187
Q75759446	6000000003687365168
Q75759484	6000000057060169265
Q75759550	6000000001655738014
Q75759555	6000000026589383781
Q75759803	6000000067821146984
Q75759807	6000000067821302846
Q75759826	6000000074493668834
Q75759903	6000000031211303195
Q75759915	6000000008529627164
Q75759925	6000000008518587308
Q75759928	6000000008518149097
Q75759942	6000000008518528889
Q75759946	6000000008519612580
Q75759950	6000000008530258029
Q75759976	6000000009946216109
Q75760080	325286672320001674
Q75760081	5493080475960103763
Q75760082	5493091350790116282
Q75760084	6000000008307982110
Q75760085	6000000001316260766
Q75760088	6000000002860982929
Q75760090	6000000001531365182
Q75760092	6000000000155791865
Q75760094	6000000001053001844
Q75760096	6000000000497528845
Q75760108	5493080499000103769
Q75760108	6000000027315677967
Q75760116	6000000017775457020
Q75760119	6000000036544310956
Q75760134	6000000006839341337
Q75760137	6000000024282343221
Q75760148	6000000006839466027
Q75760149	6000000024294350197
Q75760156	6000000006839335270
Q75760190	6000000022022278564
Q75760192	6000000006839471144
Q75760196	6000000030624404638
Q7576020	6000000007078115468
Q75760201	6000000006839548051
Q75760222	6000000007473808361
Q75760223	6000000011692038459
Q75760225	6000000016587845024
Q75760228	6000000016615383958
Q7576023	6000000010030022919
Q75760230	6000000003616574188
Q75760255	6000000002447355560
Q75760267	6000000001878290189
Q7576039	6000000010201687706
Q75760401	6000000004097050603
Q75760408	6000000069651079933
Q75760431	6000000011769537354
Q75760452	6000000011769449302
Q75760462	6000000057020489909
Q75760478	5608600565640128237
Q75760488	6000000011769851819
Q75760496	6000000011769717100
Q75760504	6000000007845445120
Q75760507	6000000017423680626
Q75760511	6000000079054023944
Q75760523	6000000050157804848
Q7576054	6000000019090810510
Q75760593	6000000076281212034
Q75760646	6000000014563692264
Q75760649	6000000019592115044
Q75760651	6000000019591981254
Q7576081	6000000020759212337
Q7576082	6000000001013028770
Q7576083	6000000019068406273
Q75760880	6000000017603209205
Q75760882	6000000031789610596
Q75760883	6000000013300292530
Q75760916	6000000055677519954
Q7576104	6000000013536131023
Q75761078	6000000005599068314
Q75761079	6000000005599068224
Q75761081	6000000005599068103
Q7576114	6000000010769290297
Q75761144	6000000013300352454
Q75761155	6000000092445462051
Q75761220	6000000051526607935
Q75761222	6000000002067682860
Q75761227	6000000013868005205
Q75761230	6000000011822996706
Q75761332	6000000014884279813
Q75761360	6000000000305370058
Q7576137	6000000035398504395
Q75761402	6000000021342664081
Q75761501	6000000055620587373
Q75761527	6000000007538609767
Q7576153	6000000026229078031
Q75761533	6000000036266782192
Q7576155	6000000097036169837
Q75761591	6000000007538631641
Q7576160	6000000006594779278
Q75761621	6000000043737650987
Q75761640	6000000027692657592
Q75761641	6000000027693054190
Q7576165	6000000000827446141
Q75761658	6000000132355231111
Q75761667	6000000004097050590
Q75761670	6000000063812688821
Q75761680	6000000016905870388
Q75761684	6000000009792459618
Q75761685	6000000009792666329
Q75761687	6000000009792601781
Q75761689	6000000016905216223
Q75761692	6000000009792571729
Q75761699	6000000009792462657
Q7576170	6000000015946991916
Q75761703	6000000038236511578
Q75761709	6000000018958255973
Q75761807	6000000015396604073
Q75761870	6000000027755306080
Q75761871	6000000027756338937
Q75761966	6000000015264754728
Q75761976	6000000019510858298
Q75762002	6000000003217282821
Q75762006	6000000015760522360
Q75762017	6000000013292714461
Q75762025	6000000013292626592
Q75762028	6000000017406582017
Q75762030	6000000017406562146
Q75762052	6000000024904130987
Q75762061	6000000032368167328
Q75762062	6000000032371807405
Q75762065	6000000024904213426
Q75762085	6000000030886690061
Q75762089	6000000028726386076
Q75762139	6000000028652054658
Q75762140	6000000028726876626
Q75762142	6000000028652656130
Q75762170	6000000032419660082
Q75762210	6000000013867986212
Q75762246	6000000056734429855
Q75762305	6000000013262079273
Q75762321	6000000013261849607
Q75762333	6000000005781817037
Q75762523	6000000040372460701
Q75762528	6000000040372807923
Q75762552	6000000002043178129
Q75762554	6000000005727619002
Q75762595	6000000007938821176
Q75762601	6000000008630291546
Q75762612	6000000088184371857
Q75762660	6000000029356883072
Q75762683	6000000002451395316
Q75762706	6000000029361320024
Q75762708	6000000029361473947
Q75762729	6000000029361398109
Q75762775	6000000013690841159
Q75762781	6000000011254148303
Q75762829	6000000001877513003
Q75762831	6000000001563219494
Q75762833	6000000011262743160
Q75762883	6000000029356980043
Q75762941	6000000026573418020
Q75762949	6000000052622753825
Q75762956	6000000027575888806
Q75762958	6000000031252397352
Q75762962	6000000006563284695
Q75762966	6000000006101474259
Q75762969	317896868900005207
Q75762972	6000000004405351354
Q75762975	6000000004405351363
Q75762976	6000000006101469529
Q75762978	6000000006101469536
Q75762981	6000000014588638083
Q75762987	6000000003263276619
Q75762989	6000000003263297837
Q75762991	6000000041415073885
Q75762993	6000000006101469652
Q75762995	6000000036626445572
Q75762999	6000000000632095914
Q75763	6000000148579270852
Q75763004	317878625870006618
Q75763014	6000000000632054413
Q75763015	6000000000632173128
Q75763016	6000000003263280232
Q75763019	6000000006101469659
Q75763028	6000000014568575347
Q75763033	6000000006101469806
Q75763072	6000000003615785891
Q75763073	6000000003615785883
Q75763075	6000000003615788147
Q75763078	6000000003615788140
Q75763106	6000000002810198901
Q75763107	6000000002810330817
Q75763108	6000000000219107990
Q75763132	6000000009898880243
Q75763166	6000000000769976347
Q75763271	6000000001421982450
Q75763275	3940763537820037478
Q75763278	3940698315690075348
Q75763281	6000000000386068355
Q75763294	6000000000770728666
Q75763297	6000000002813569290
Q75763302	3940762027900122717
Q75763313	6000000000386122193
Q75763317	6000000000387632456
Q75763321	3940704083990075356
Q75763324	6000000000442680950
Q75763328	6000000000442612828
Q75763342	6000000006988000571
Q75763348	6000000001417139547
Q75763352	6000000041145208561
Q75763365	6000000000493202295
Q75763368	6000000007909728527
Q75763371	6000000007425887924
Q75763374	6000000007425873633
Q75763378	6000000005933320385
Q75763379	6000000005933135660
Q75763383	6000000000921266128
Q75763398	3940636756930050702
Q75763400	3940647819700122991
Q75763403	3940649752330037788
Q75763409	3940657271380122902
Q75763412	6000000000349367670
Q75763416	6000000002821562168
Q75763418	6000000000442377581
Q75763452	6000000000442707584
Q75763459	3940673068590122913
Q75763462	3940676982280042110
Q75763464	6000000000442636793
Q75763476	3940685186590062735
Q75763481	6000000000385844659
Q75763483	6000000000386110059
Q75763487	6000000000386027450
Q75763500	3940713006500037619
Q75763542	3940732152490122325
Q75763545	3940735436080122701
Q75763552	6000000000921376772
Q75763554	6000000000921303067
Q75763558	3940737731420037149
Q75763562	3940740652070037075
Q75763566	3940744069760050034
Q75763571	3939665662740122308
Q75763573	6000000019753300243
Q75763577	6000000009688989430
Q75763632	6000000003525920710
Q75763688	3940805712330063197
Q75763691	3940807222180062817
Q75763707	6000000001080421524
Q75763710	6000000010494247365
Q75763719	6000000003154846471
Q75763730	6000000002024203383
Q75763733	6000000002024203404
Q75763745	388885189980004163
Q75763748	388884995290001364
Q75763752	3940833478460122399
Q75763755	3940836525310122922
Q75763758	6000000001745043423
Q75763763	6000000003177401828
Q75763770	6000000027398541960
Q75763773	6000000003177361798
Q75763777	6000000002931133577
Q75763780	6000000006444459447
Q75763785	6000000005909031578
Q75763804	6000000000442662939
Q75763807	6000000003076323094
Q75763833	6000000002821485791
Q75763844	6000000011503104281
Q75763846	6000000002686329583
Q75763851	4269929351360031865
Q75763870	6000000002239126552
Q75763876	6000000003937232215
Q75763880	6000000005287386004
Q75763898	6000000002928665734
Q75763919	6000000003076655604
Q75763921	6000000001809053481
Q75763925	6000000005288369005
Q75763927	6000000002686312493
Q75763970	6000000005337219041
Q75763972	6000000005338624033
Q75763976	6000000005338689001
Q75763983	6000000005299855005
Q75764005	6000000001430253167
Q75764007	6000000003615291036
Q75764010	6000000003615291044
Q75764019	6000000000351005345
Q75764024	6000000000350996035
Q75764027	6000000000484924259
Q75764030	6000000040910152128
Q75764037	6000000000181192465
Q75764054	6000000000630310084
Q75764073	6000000006431576339
Q75764075	6000000003601157088
Q75764077	6000000001180221322
Q75764086	6000000018750849059
Q75764089	6000000003484295371
Q75764090	6000000003681303043
Q75764091	6000000003525921668
Q75764095	6000000013262216235
Q75764100	6000000013262025407
Q75764112	6000000002447208103
Q75764114	6000000002447208096
Q75764125	6000000013262124418
Q75764146	6000000003148536177
Q75764218	6000000007606420311
Q75764219	6000000006444040924
Q75764239	6000000079142507903
Q75764259	6000000040274307916
Q75764323	6000000006597171708
Q75764365	6000000016159505923
Q75764366	6000000016159510927
Q75764485	6000000001632242437
Q75764497	328061686980006956
Q75764502	365271294610012938
Q75764503	6000000008988733108
Q75764506	6000000002649950900
Q75764517	6000000003703332552
Q75764523	6000000008630844412
Q75764534	6000000003076126040
Q75764535	6000000003075885186
Q75764537	6000000003076436403
Q75764540	6000000001384080300
Q75764541	304806675910007182
Q75764544	6000000001385995193
Q75764579	6000000003484301154
Q75764609	6000000002287534439
Q75764610	340368685180004468
Q75764611	6000000003484301266
Q75764614	340369106960004032
Q75764617	6000000000769899566
Q75764620	6000000002930841168
Q75764624	6000000012570355797
Q75764626	6000000003484301329
Q75764628	6000000006444247720
Q75764630	6000000003075739527
Q75764632	6000000000769899552
Q75764634	6000000000769899580
Q75764636	6000000000769899608
Q75764647	6000000003146973950
Q75764648	6000000002172391911
Q75764656	6000000005528304009
Q75764660	6000000003484301486
Q75764673	6000000003484301526
Q75764675	6000000003484301531
Q75764677	4844878614660121514
Q75764683	6000000003484301559
Q75764684	6000000000697193363
Q75764687	6000000003484301577
Q75764693	6000000001938046442
Q75764696	6000000003484301609
Q75764698	6000000003076436054
Q75764700	6000000003147013399
Q75764702	6000000003147013261
Q75764704	6000000003147028260
Q75764706	6000000003147013253
Q75764708	6000000000898458396
Q75764710	6000000001136770779
Q75764717	6000000003484301711
Q75764720	6000000003484301721
Q75764721	6000000003484301730
Q75764726	5234079718280064473
Q75764730	6000000003076141267
Q75764734	6000000003077473081
Q75764736	6000000003484301788
Q75764738	6000000003077473095
Q75764741	6000000006440683164
Q75764743	6000000000770011376
Q75764748	6000000002447248931
Q75764749	6000000000770011346
Q75764752	6000000000770011356
Q75764755	6000000000770011366
Q75764756	6000000000770011386
Q75764759	6000000001385995309
Q75764761	6000000003076590181
Q75764763	6000000006233069417
Q75764765	6000000006233358095
Q75764767	6000000001553531458
Q75764774	6000000006791036152
Q75764778	6000000003484301953
Q75764780	6000000040652405822
Q75764783	6000000040652037430
Q75764786	6000000002837472060
Q75764788	6000000002229672804
Q75764790	6000000002229791947
Q75764792	6000000002837433137
Q75764794	6000000003484304023
Q75764796	6000000002837432465
Q75764798	4844979715870139462
Q75764804	6000000006100873331
Q75764807	6000000003075827172
Q75764809	6000000003939689239
Q75764811	6000000035480620257
Q75764816	4085716866640023156
Q75764819	6000000035480688202
Q75764820	6000000000769893428
Q75764829	6000000003076212016
Q75764832	6000000007175061223
Q75764839	6000000000535565192
Q75764841	4085726869310032690
Q75764844	6000000000769893456
Q75764853	6000000000351085690
Q75764854	6000000000769905162
Q75764856	6000000000496618326
Q75764866	6000000000521924203
Q75764868	6000000028086132461
Q75764871	6000000028086563866
Q75764873	6000000029722521275
Q75764874	6000000003076130238
Q75764877	6000000002101833050
Q75764879	6000000001385995703
Q75764881	6000000001713445493
Q75764882	6000000005936175645
Q75764885	6000000005946779322
Q75764887	6000000010916775474
Q75764889	6000000003484304436
Q75764891	6000000002135416198
Q75764892	6000000006440304229
Q75764894	6000000000219067479
Q75764900	6000000002665353372
Q75764901	6000000003177756942
Q75764904	304809679070008267
Q75764906	304808375460005599
Q75764910	6000000003138954532
Q75764912	6000000002447223760
Q75764914	6000000001383974977
Q75764915	6000000001383974880
Q75764917	6000000001383974858
Q75764921	6000000002447223784
Q75764924	6000000003484304600
Q75764928	6000000005929149225
Q75764932	6000000001316176619
Q75764934	6000000001316316832
Q75764942	6000000003484304652
Q75764950	6000000003051227203
Q75764953	6000000003051238749
Q75764954	6000000003051155450
Q75764956	6000000003051238738
Q75765	6000000179663030874
Q75765002	683438
Q75765005	6000000003147003269
Q75765013	6000000000769899621
Q75765016	6000000000769899635
Q75765023	6000000003077227742
Q75765025	6000000003484304951
Q75765027	6000000001385995712
Q75765037	6000000003484304994
Q75765038	6000000003076966290
Q75765041	6000000001136812408
Q75765043	6000000003484306038
Q75765047	6000000003484306058
Q75765053	6000000003484306079
Q75765055	6000000006100873978
Q75765085	6000000006444270310
Q75765089	6000000004287083336
Q75765094	6000000006444366861
Q75765098	6000000004287358742
Q75765102	6000000006444366293
Q75765104	6000000004286811866
Q75765106	6000000006444682981
Q75765123	6000000003484306258
Q75765125	4085708327270051323
Q75765127	6000000002447205597
Q75765132	6000000012301687134
Q75765133	6000000003615640924
Q75765176	6000000003075712826
Q75765178	6000000000426809893
Q75765180	6000000003490621418
Q75765182	6000000002248073930
Q75765184	6000000002241130363
Q75765187	6000000001689514804
Q75765188	6000000000490901414
Q75765190	6000000000630282510
Q75765193	6000000009075523253
Q75765199	5527520127850133141
Q75765200	6000000000769851671
Q75765202	6000000000351082404
Q75765203	6000000000769851699
Q75765205	6000000003076457861
Q75765206	6000000002035175770
Q75765207	6000000002953874318
Q75765234	5252956445660083304
Q75765239	4085426917270037238
Q75765243	6000000003681297807
Q75765248	4085422461330037234
Q75765250	4085420219420037232
Q75765253	6000000002447205421
Q75765254	6000000002035336220
Q75765258	6000000002035374251
Q75765259	6000000002035347499
Q75765285	6000000003146923305
Q75765291	6000000003146923284
Q75765295	6000000003146923261
Q75765299	6000000003146923252
Q75765302	6000000001609610967
Q75765303	6000000003146923244
Q75765306	6000000002889694630
Q75765308	6000000003146968807
Q75765310	6000000002647330327
Q75765313	6000000000438316191
Q75765314	6000000002647193595
Q75765319	6000000002647443061
Q75765323	6000000001598105254
Q75765398	6000000006444092242
Q75765403	6000000006444092267
Q75765407	6000000006444097211
Q75765410	6000000006444391007
Q75765411	6000000006444097221
Q75765416	6000000006100879818
Q75765418	6000000006100879822
Q75765422	6000000003484306646
Q75765427	6000000003484306656
Q75765428	6000000003484306661
Q75765430	6000000003484306666
Q75765433	6000000000769890874
Q75765435	6000000000769890888
Q75765439	6000000000769890919
Q75765441	6000000004672852020
Q75765444	6000000003146923228
Q75765446	6000000003693258169
Q75765448	6000000002701845373
Q75765453	6000000006441962170
Q75765455	6000000003076130218
Q75765470	6000000006444272436
Q75765472	6000000002043241341
Q75765477	6000000004867385962
Q75765478	6000000006444267681
Q75765481	6000000006444267674
Q75765500	6000000006727990224
Q75765501	6000000002422798744
Q75765504	6000000003484306824
Q75765506	6000000041132373046
Q75765508	6000000003077529562
Q75765607	6000000031389171321
Q75765611	6000000002349697140
Q75765619	6000000028143962859
Q75765624	6000000002860912693
Q75765627	6000000000769888503
Q75765628	6000000000769888493
Q75765630	6000000004488076005
Q75765632	6000000000769888533
Q75765637	6000000000769888569
Q75765638	6000000000769888583
Q75765639	6000000000769888597
Q75765641	6000000000769888607
Q75765642	6000000000769888621
Q75765645	6000000000769888635
Q75765646	6000000000769888649
Q75765647	6000000000522041746
Q75765649	6000000004335255622
Q75765650	6000000003681172242
Q75765651	6000000003484298805
Q75765654	6000000005592372272
Q75765656	6000000003615503340
Q75765658	6000000003615554962
Q75765660	6000000002517383044
Q75765661	6000000003615554861
Q75765663	6000000014454187561
Q75765675	6000000000292881207
Q75765677	6000000003484298844
Q75765691	6000000010621722232
Q75765694	6000000000770204997
Q75765696	6000000010283385473
Q75765701	6000000003077526856
Q75765704	6000000003075678380
Q75765706	6000000003147013269
Q75765708	6000000003147028267
Q75765713	6000000002930994640
Q75765718	6000000006160340602
Q75765719	6000000006727992708
Q75765721	6000000002529777459
Q75765723	6000000004398718344
Q75765724	6000000000834409234
Q75765728	6000000002837277333
Q75765730	6000000002837383269
Q75765733	6000000001487042197
Q75765740	6000000007659213189
Q75765743	6000000003075920194
Q75765744	6000000004630571358
Q75765748	6000000002247552324
Q75765750	6000000001412401234
Q75765753	6000000003076838039
Q75765767	6000000003938816095
Q75765767	6000000161447877005
Q75765771	6000000007282974994
Q75765775	6000000003939042280
Q75765777	6000000003939689209
Q75765784	6000000002249499602
Q75765786	6000000003484308419
Q75765788	6000000001363116787
Q75765791	6000000006645949008
Q75765792	6000000004237699814
Q75765795	6000000003075917857
Q75765797	6000000010283512278
Q75765798	6000000010621179726
Q75765801	6000000000229567914
Q75765802	6000000006442142448
Q75765805	6000000003076395279
Q75765807	6000000003523570149
Q75765808	6000000000229567173
Q75765810	6000000001625364368
Q75765812	6000000003484308494
Q75765814	6000000003484308499
Q75765816	6000000003466719340
Q75765818	6000000000186252021
Q75765820	6000000006100885889
Q75765823	6000000006728065126
Q75765828	6000000000129312009
Q75765830	6000000002248107327
Q75765835	4603504651960077337
Q75765837	6000000000426548139
Q75765840	6000000000426548181
Q75765852	6000000006444719679
Q75765853	6000000173692426238
Q75765858	6000000001322492927
Q75765867	6000000003441382754
Q75765870	6000000003484308672
Q75765875	6000000000966149998
Q75765878	6000000022643434738
Q75765879	6000000000770891633
Q75765881	6000000000485024224
Q75765884	6000000002106680086
Q75765886	6000000000796814453
Q75765894	6000000003076590175
Q75765901	6000000000682016965
Q75765903	6000000003858820622
Q75765905	6000000005189963002
Q75765909	6000000001620229367
Q75765911	6000000007076401140
Q75765915	6000000003484308811
Q75765916	6000000003484308816
Q75765927	6000000003484308846
Q75765937	6000000006333221372
Q75765940	6000000002043283912
Q75765943	6000000002766563093
Q75765945	6000000003807001999
Q75765950	6000000003077467734
Q75765951	6000000004133037263
Q75765954	6000000000769960321
Q75765955	6000000000769993201
Q75765956	6000000000628761005
Q75765961	6000000000977897758
Q75765962	6000000004132969979
Q75765967	6000000016795752719
Q75765969	6000000004132536885
Q75765972	6000000003122427255
Q75765974	6000000006588985752
Q75765977	6000000002436308129
Q75765987	6000000024503230291
Q75765989	6000000002040674685
Q75765993	6000000000628759926
Q75765999	6000000000628759963
Q75765999	6000000008231185955
Q75766	6000000021287711244
Q75766017	6000000026191483727
Q75766023	6000000011150965776
Q75766025	6000000007251101365
Q75766030	6000000006589509400
Q75766031	6000000006588945855
Q75766038	6000000024291211759
Q75766046	6000000000769993317
Q75766048	6000000000769993329
Q75766068	6000000001737753137
Q75766073	6000000001737769477
Q75766075	318717519770005174
Q75766077	6000000018050738053
Q75766084	6000000002354621407
Q75766085	6000000018847274336
Q75766090	6000000003681283327
Q75766092	6000000003681283339
Q75766095	6000000003681283367
Q75766105	6000000002247316402
Q75766107	6000000008530297825
Q75766111	6000000000518783576
Q75766257	6000000010742295081
Q75766267	6000000007539525233
Q75766268	6000000007539456485
Q75766285	6000000003681568046
Q75766288	6000000003681568121
Q75766291	6000000003681568127
Q75766293	6000000000433589195
Q75766295	6000000000433715095
Q75766298	6000000000433383821
Q75766301	6000000003681568096
Q75766303	6000000000426790852
Q75766305	6000000009508220300
Q75766307	6000000004228866437
Q75766309	6000000002531893114
Q75766312	6000000009508100230
Q75766313	6000000004228866469
Q75766315	6000000002531755637
Q75766329	6000000014688121595
Q75766332	6000000052622374825
Q75766344	6000000009515667293
Q75766348	6000000000442442291
Q75766352	6000000000442378259
Q75766355	6000000000442436405
Q75766356	6000000000442430664
Q75766360	6000000009515494497
Q75766414	324652354130002875
Q75766422	6000000014088546442
Q75766429	6000000001782704304
Q75766431	6000000001086832287
Q75766433	6000000024450177883
Q75766434	6000000024450185911
Q75766444	6000000016476738508
Q75766452	6000000009968741344
Q75766453	6000000047229758095
Q75766462	6000000009968447673
Q75766464	318788481440002474
Q75766465	6000000024746016396
Q75766481	6000000003138871455
Q75766488	6000000003077514164
Q75766489	6000000003075954239
Q75766492	1783737
Q75766502	6000000000769960730
Q75766504	6000000007476951246
Q75766506	6000000007476872205
Q75766508	6000000007476915319
Q75766513	318825866780004676
Q75766515	6000000000769836305
Q75766523	6000000007141441663
Q75766528	6000000007141592666
Q75766532	6000000007141575422
Q75766557	6000000000769993516
Q75766559	6000000006348454082
Q75766561	6000000010103783088
Q75766563	6000000001055215572
Q75766565	6000000002977173497
Q75766568	6000000007523538145
Q75766574	6000000003345971881
Q75766592	6000000000769956599
Q75766595	6000000010220651626
Q75766596	6000000010223183038
Q75766598	6000000015315223401
Q75766600	6000000015274309798
Q75766603	6000000015315294202
Q75766604	6000000015315224409
Q75766606	6000000010220732025
Q75766611	6000000008537992984
Q75766624	6000000001396470398
Q75766625	6000000001396356559
Q75766629	6000000199877489187
Q75766631	6000000005103493614
Q75766650	6000000009554522593
Q75766651	6000000038609058337
Q75766654	6000000042009283399
Q75766655	6000000004087948071
Q75766672	6000000008542094740
Q75766674	6000000008541802103
Q75766676	6000000004063736979
Q75766677	6000000014851229346
Q75766680	6000000008542094805
Q75766681	6000000008542047477
Q75766683	6000000007097610400
Q75766684	6000000007097820177
Q75766687	6000000007097430389
Q75766693	6000000013261896663
Q75766697	6000000006348530840
Q75766699	6000000006348530848
Q75766700	6000000002630432852
Q75766701	4908753732550064844
Q75766704	6000000041998374859
Q75766706	6000000024500703824
Q75766709	6000000002630433814
Q75766713	6000000001540778116
Q75766719	6000000013261970414
Q75766720	6000000013262010159
Q75766723	6000000000769985398
Q75766731	6000000000769985440
Q75766733	6000000000769985454
Q75766738	6000000000769966648
Q75766739	6000000000770008298
Q75766741	6000000007114587250
Q75766745	6000000000770008318
Q75766748	6000000002447031871
Q75766751	6000000000769985476
Q75766754	6000000028356477765
Q75766755	6000000000769985486
Q75766757	6000000013262092033
Q75766765	6000000008127245032
Q75766767	6000000008127214691
Q75766771	6000000008127247813
Q75766772	6000000077017435133
Q75766783	6000000013262027196
Q75766797	319661610610002231
Q75766798	3026678
Q75766801	6000000003146973745
Q75766809	6000000000921398443
Q75766817	6000000001412100103
Q75766820	6000000021806437112
Q75766827	6000000021806409247
Q75766848	6000000003669232174
Q75766850	6000000003175014447
Q75766852	6000000000329535213
Q75766854	6000000003177822184
Q75766856	6000000002447394459
Q75766858	6000000000984440877
Q75766862	6000000003076182806
Q75766864	6000000003184853412
Q75766866	6000000003184913195
Q75766874	6000000003588234042
Q75766912	6000000003822962365
Q75766914	6000000003822846432
Q75766916	6000000003681353913
Q75766918	6000000019091219923
Q75766920	6000000003681379732
Q75766926	6000000003681379756
Q75766936	6000000003681379774
Q75766947	4239104427940047651
Q75766953	6000000009475697507
Q75766955	4356363535740053584
Q75766972	6000000004334943871
Q75766975	6000000004334943883
Q75766980	6000000011725502453
Q75766983	6000000025862111571
Q75766985	6000000003076390158
Q75766986	6000000009412647142
Q75766991	6000000009412647153
Q75766993	6000000009412647158
Q75766995	6000000003796744543
Q75767011	6000000011151127061
Q75767012	6000000002700077107
Q75767027	6000000010831660941
Q75767050	4839774210350044003
Q75767096	6000000008536815972
Q75767099	6000000032968225222
Q75767101	6000000032967691508
Q75767119	6000000005781789031
Q75767143	6000000013261855679
Q75767153	6000000013261936058
Q75767455	6000000008116159370
Q75767553	6000000012580637533
Q75767558	6000000015252850430
Q75767564	6000000081497488873
Q75767582	6000000047779248058
Q75767590	6000000024331623921
Q75767591	6000000024331205745
Q75767619	6000000011630820713
Q75767625	6000000018740876019
Q75767637	6000000018751217052
Q75767644	6000000018740206058
Q75767646	6000000016563927683
Q75767649	6000000016905115539
Q75767652	6000000016743138461
Q75767653	6000000018751731047
Q75767655	6000000018751747038
Q75767664	6000000003005298645
Q75767666	6000000073501885130
Q75767677	6000000018752074186
Q75767783	6000000016498683205
Q75767904	6000000009729108731
Q75767906	6000000009728902180
Q75767911	6000000008291612362
Q75767912	6000000008269809105
Q75767914	6000000009735250237
Q75767919	6000000009729108766
Q75767924	6000000009735250456
Q75767958	6000000025543266174
Q75768002	6000000081069919035
Q75768289	6000000010250008545
Q75768317	6000000006890573382
Q75768320	6000000023996170280
Q75768421	6000000073743146887
Q75768441	6000000012580714220
Q75768452	6000000016552149655
Q75768454	6000000049910755274
Q75768461	6000000073742134957
Q75768463	6000000073742630821
Q75768466	6000000073742850903
Q75768488	6000000061728025939
Q75768491	6000000007357679390
Q75768494	6000000007642330616
Q75768499	6000000007642182721
Q75768501	6000000007642416260
Q75768510	6000000020345330001
Q75768512	6000000024526692155
Q75768520	6000000017794340347
Q75768524	6000000048571429887
Q75768531	6000000026134531246
Q75768534	6000000026134465488
Q75768537	6000000026135732936
Q75768549	6000000007416294023
Q75768566	6000000016564255465
Q75768568	6000000016563983229
Q75768700	6000000002115872918
Q75768716	6000000053428954894
Q75768732	6000000018751111208
Q75768804	6000000025955477660
Q75768809	6000000025955660990
Q75768811	6000000025955407660
Q75769177	6000000081879026954
Q75769184	6000000025758637374
Q75769202	6000000083513897358
Q75769207	6000000088410545868
Q75769227	6000000052054567871
Q75769264	6000000070184007847
Q75769269	6000000070183794087
Q75769282	6000000028314895050
Q75769284	6000000023921448957
Q75769445	6000000017818284117
Q75769547	6000000026552095560
Q75769740	6000000078025839718
Q75769751	6000000081972227559
Q75769790	6000000023252286178
Q75769828	6000000012996679342
Q75769832	6000000044557866916
Q75769839	6000000044789832961
Q75769855	6000000005437592723
Q75769907	6000000030130649046
Q75769909	6000000030130669905
Q75770022	6000000056385556981
Q75770071	6000000056385746918
Q75770133	6000000015420637517
Q75770137	6000000015420884061
Q75770139	6000000015419811897
Q75770144	6000000015420711143
Q75770146	6000000015419953661
Q75770150	6000000015420534652
Q75770153	6000000015419974697
Q75770155	6000000015420377691
Q75770158	6000000015420384621
Q75770161	6000000015420498521
Q75770164	6000000015511477383
Q75770197	6000000015420384547
Q75770215	6000000015421054878
Q75770219	6000000035535468191
Q75770224	6000000015511391693
Q75770227	6000000002649906949
Q75770238	6000000015511394565
Q75770249	6000000015511614253
Q75770251	6000000015511244948
Q75770326	6000000031412658864
Q75770335	6000000031412698942
Q75770337	6000000031412570145
Q75770342	6000000044149286017
Q75770346	6000000044165231156
Q75770387	6000000008530483714
Q75770466	6000000047801826377
Q75770581	6000000031235423145
Q75770586	6000000031235444049
Q75770600	6000000031235207501
Q75770604	6000000031235230599
Q75770672	6000000002904793976
Q75770732	6000000031236591898
Q75770737	6000000031236618885
Q75770738	6000000031236561113
Q75770924	6000000031235568276
Q75770929	6000000031235661052
Q75771150	6000000033102505359
Q75771178	6000000015511564539
Q75771239	6000000027504523063
Q75771264	6000000006444128870
Q75771265	6000000006444169947
Q75771339	2072213
Q75771346	2072214
Q75771366	6000000020248189890
Q75771393	6000000020262930208
Q75771418	6000000031187089572
Q75771419	6000000031187302122
Q75771433	6000000013586519473
Q75771489	6000000013195954263
Q75771495	6000000013195869599
Q75771514	6000000026133419846
Q75771525	6000000020817107486
Q75771551	6000000017766637133
Q75771566	6000000017766170824
Q75771572	6000000030144603350
Q75771622	6000000028482396821
Q75771693	6000000035580736445
Q75771702	6000000035580854991
Q75771804	6000000010825272099
Q75771974	6000000052145902879
Q75772134	6000000020005702005
Q75772139	6000000005361344025
Q75772179	6000000026255376143
Q75772180	6000000007468141213
Q75772216	6000000007468077241
Q75772226	6000000026255840109
Q75772233	6000000007468609229
Q75772237	6000000007467992573
Q75772288	6000000007468628221
Q75772294	6000000007468550218
Q75772295	6000000007468547266
Q75772299	6000000007469425214
Q75772301	6000000008265366253
Q75772385	6000000007468550277
Q75772387	6000000007468654271
Q75772388	6000000007467748357
Q75772389	6000000007467773796
Q75772403	6000000007467722490
Q75772407	6000000007467030792
Q75772415	6000000000774530256
Q75772417	6000000011003178529
Q75772419	6000000011002705029
Q75772429	6000000007468460207
Q75772431	6000000011003096510
Q75772461	6000000001608721031
Q75772502	6000000007209134249
Q75772583	6000000001508657415
Q75772640	6000000085843750923
Q75772784	6000000097803819822
Q75772787	6000000097796543882
Q75772947	6000000014189521996
Q75772974	6000000014189601503
Q75772986	6000000017803790116
Q75773156	6000000020344541392
Q75773166	6000000026133217467
Q75773168	6000000026133414206
Q75773169	6000000026133137681
Q75773239	6000000079360764933
Q75773243	6000000013224768437
Q75773257	6000000069789646847
Q75773262	6000000069788926158
Q75773264	6000000069789689878
Q75773335	6000000034574321468
Q75773357	6000000031799956805
Q75773400	6000000031800616023
Q75773404	6000000031873261052
Q75773436	6000000031800855512
Q75773454	6000000069790325847
Q75773456	6000000069789716209
Q75773459	6000000069789716228
Q75773461	6000000069790379856
Q75773462	6000000069790350891
Q75773467	6000000069790300909
Q75773470	6000000069790089091
Q75773474	6000000069790389922
Q75773528	6000000053480242825
Q75773541	6000000011003070662
Q75773543	6000000011003032989
Q75773590	6000000009324883263
Q75773590	6000000032331510494
Q75774	6000000057680133001
Q75774018	6000000026134529886
Q75774337	6000000093903453926
Q75774342	6000000002898234993
Q75774344	6000000002898237018
Q75774436	6000000084797442871
Q75774445	6000000007961373804
Q75774446	6000000007961676826
Q75774449	6000000007961351689
Q75774451	6000000009023660833
Q75774454	6000000002115859293
Q75774470	6000000007988865773
Q75774763	6000000008640674342
Q75774838	6000000010281729810
Q75774841	6000000002106043683
Q75774843	6000000013261838747
Q75774982	6000000003243429404
Q75775021	6000000006100960457
Q75775022	6000000002106169658
Q75775065	6000000006979988031
Q75775071	6000000003436548006
Q75775074	6000000007992563367
Q75775172	6000000018828324049
Q75775183	6000000078773803174
Q75775211	6000000053202663887
Q75775224	6000000053202006014
Q75775267	5552909508910121259
Q75775349	6000000113609477838
Q75775395	6000000007263597406
Q75775400	6000000016276390498
Q75775411	6000000018005916141
Q75775414	6000000018005905142
Q75775417	6000000019398280527
Q75775419	6000000024446527629
Q75775430	6000000024526543415
Q75775434	6000000017794177210
Q75775437	6000000028547295516
Q75775440	6000000048636677857
Q75775443	6000000017793881682
Q75775477	6000000048623525277
Q75775479	6000000024388952836
Q75775482	6000000024388508309
Q75775510	6000000056926029840
Q75775532	6000000000796896984
Q75775645	6000000016057559243
Q75775745	6000000006444364929
Q75775754	6000000012422505564
Q75775760	6000000004990885350
Q75775764	6000000001087379787
Q75775768	6000000002766818220
Q75775771	6000000007889116715
Q75775774	6000000000632496848
Q75775777	6000000002766794336
Q75775780	6000000024105196138
Q75775783	6000000052265485856
Q75775789	6000000031044103168
Q75775794	6000000052265060937
Q75775800	6000000078549671007
Q75775802	6000000078550263858
Q75775805	6000000078549646332
Q75775817	6000000030327833074
Q75775822	6000000051463448140
Q75775823	6000000051465564823
Q75775834	6000000052263924904
Q75775838	6000000052263896955
Q75776121	6000000008300618471
Q75776143	6000000030327726215
Q75776160	6000000030327624758
Q75776166	6000000030327608450
Q75776215	6000000030327648213
Q75776222	6000000030327897827
Q75776223	6000000030327596494
Q75776230	6000000052226324053
Q75776347	6000000016057497435
Q75776349	6000000016057540442
Q75776429	6000000006444239775
Q75776431	6000000006444239783
Q75776478	6000000007606058517
Q75776541	6000000002116191051
Q75776613	6000000014339268733
Q75776614	6000000013291136429
Q75776646	6000000012992081531
Q75776647	6000000020382291851
Q75776649	6000000020382108131
Q75776650	6000000020382006071
Q75776651	6000000020381880661
Q75776705	6000000035326655365
Q75776706	6000000012990501819
Q75776711	6000000013048339770
Q75776716	6000000013048695220
Q75776721	6000000064176538888
Q75776736	6000000013048547424
Q75776739	6000000023780526185
Q75776742	6000000013045002260
Q75776769	6000000023773363379
Q75776807	6000000048472917869
Q75777285	6000000009645954514
Q75777289	6000000003014183018
Q75777292	6000000032766890452
Q75777296	6000000032767517887
Q75777300	6000000003013990012
Q75777304	6000000003014086081
Q75777306	6000000003014047132
Q75777308	6000000003014083016
Q75777309	6000000003014023441
Q75777314	6000000003013805221
Q75777316	6000000032766960125
Q75777322	6000000032767001019
Q75777328	6000000032767492961
Q75777334	6000000032767398502
Q75777340	6000000032767389395
Q75777342	6000000032767113191
Q75777344	6000000032767463845
Q75777346	6000000032767533830
Q75777349	6000000007958754689
Q75777350	6000000032767433916
Q75777405	6000000032769042078
Q75777489	6000000048624480918
Q75777532	6000000004096535668
Q75777541	6000000178033802853
Q75777665	6000000013261817381
Q75777718	6000000006987506561
Q75777729	6000000019691645020
Q75777731	6000000019691427279
Q75777736	6000000024529929585
Q75777767	6000000010945512623
Q75777773	6000000024530346843
Q75777787	6000000013259019222
Q75777804	6000000025616337985
Q75777808	6000000013259625488
Q75777834	6000000006987888112
Q75777869	6000000025688872441
Q75777926	6000000013703179123
Q75777939	6000000013702795429
Q75777962	6000000013240207222
Q75777988	6000000008631004188
Q75777989	6000000013239863805
Q75778	6000000053489377707
Q75778028	6000000107543518864
Q75778056	6000000114579176039
Q75778061	6000000111582503842
Q75778062	6000000047929442821
Q75778082	6000000016149131462
Q75778122	6000000057240307048
Q75778131	6000000037367303992
Q75778148	6000000012695483037
Q75778198	6000000013812997858
Q75778282	6000000008630886253
Q75778293	6000000015652753224
Q75778300	6000000033292420756
Q75778499	317708477140002329
Q75778531	6000000002188529893
Q75778587	6000000023532549002
Q75778618	6000000014466538794
Q75778623	6000000057221913831
Q75778632	6000000001958985583
Q75778634	6000000011830927351
Q75778657	6000000023482022405
Q75778670	6000000015947448124
Q75778694	6000000022559921153
Q75778696	6000000022560374198
Q75778831	6000000002835574441
Q75778841	6000000002835402810
Q75778843	6000000002835529458
Q75778859	6000000173839311822
Q75779157	6000000029515873308
Q75779166	6000000031031646011
Q75779187	6000000000806394597
Q75779344	6000000007559524263
Q75779345	6000000007559432075
Q75779352	6000000019021622048
Q75779766	6000000059322279048
Q75779832	6000000059322313863
Q75779833	6000000037468149576
Q75779861	6000000028686264979
Q75779891	6000000019837028918
Q75779898	6000000019839553357
Q75779899	6000000019838713556
Q75779901	6000000019839254262
Q75779904	6000000035372576606
Q75779930	6000000019840015059
Q75780	6000000008469593415
Q75780050	6000000030070220570
Q75780054	6000000030070328145
Q75780134	6000000143278281848
Q75780143	6000000040187485222
Q75780274	6000000027810380892
Q75780349	6000000026353856917
Q75780351	6000000026353454761
Q75780358	6000000201294572845
Q75780456	6000000000814483998
Q75780494	6000000018311105955
Q75780517	6000000007089741485
Q75780527	6000000007090113218
Q75780531	6000000018301778153
Q75780538	6000000018301821074
Q75780572	6000000000814487058
Q75780573	6000000032592704748
Q75780576	6000000014335208593
Q75780723	6000000007090209208
Q75780836	6000000007090058237
Q75780838	6000000042001150356
Q75780847	6000000007088834876
Q75780870	6000000007090095214
Q75780871	6000000055801042951
Q75780879	6000000016700798293
Q75780880	6000000014335392373
Q75780888	6000000023472739840
Q75780903	6000000003266341220
Q75780909	6000000011539519473
Q75780936	6000000004079692876
Q75780942	6000000014334774184
Q75780947	6000000014336048196
Q75780963	6000000014334639711
Q75780966	6000000014335850149
Q75780989	6000000014335008089
Q75781007	6000000014335137082
Q75781065	6000000027467812147
Q75781067	6000000027467701099
Q75781069	6000000090023353552
Q75781112	6000000068358443840
Q75781167	6000000068357031009
Q75781261	6000000080588344517
Q75781287	6000000075863469825
Q75781296	6000000014437629759
Q75781296	6000000210869345860
Q75781304	6000000019233517390
Q75781326	6000000017314439649
Q75781341	6000000019233051873
Q75781348	6000000019233771135
Q75781449	6000000019359886524
Q75781451	6000000019233503900
Q75781453	6000000015006999890
Q75781490	6000000019360183236
Q75781501	6000000057114383831
Q75781520	6000000019338493250
Q75781525	6000000019359994093
Q75781529	6000000019359757298
Q75781567	6000000018443873266
Q75781570	6000000019359965343
Q75781576	6000000026349905106
Q75781755	6000000007090034513
Q75781758	6000000007089959408
Q75781759	6000000007090364220
Q75781769	6000000007090404210
Q75781770	6000000033278912124
Q75781771	6000000016300878399
Q75781783	6000000015796647927
Q75781805	6000000015796695201
Q75781815	6000000007090283231
Q75781861	6000000015784921329
Q75781874	6000000052056335914
Q75781879	6000000052055425354
Q75781882	6000000052055593182
Q75781931	6000000015796632756
Q75781974	6000000015784734551
Q75781979	6000000015784800894
Q75781980	6000000015796768079
Q75781987	6000000015796715295
Q75782	6000000003700371589
Q75782009	6000000007090034454
Q75782013	6000000007090092510
Q75782024	6000000007090157272
Q75782031	6000000007090363201
Q75782033	6000000007090368201
Q75782036	6000000007090373205
Q75782042	6000000015854905880
Q75782045	6000000015855152001
Q75782124	6000000015854267758
Q75782175	6000000007090269290
Q75782184	6000000015784743444
Q75782205	6000000040779819836
Q75782208	6000000040802014851
Q75782228	6000000014416885449
Q75782239	6000000040779730826
Q75782271	6000000040779442373
Q75782296	6000000015796415679
Q75782301	6000000017154141378
Q75782302	6000000017154178219
Q75782305	6000000017153782772
Q75782307	6000000017154087718
Q75782309	6000000017154214203
Q75782653	6000000003216119380
Q75782733	6000000068358183898
Q75782739	6000000023786286467
Q75782742	6000000012536398348
Q75782752	6000000033420583632
Q75782775	6000000023351233689
Q75782799	6000000009742455060
Q75782802	6000000009743242507
Q75782804	6000000009743325461
Q75782808	6000000009743378507
Q75782819	6000000010174714243
Q75782834	6000000010174274084
Q75782841	6000000010174647879
Q75782979	6000000002491259078
Q75782985	6000000017616383458
Q75782991	6000000017616381136
Q75783087	6000000010372728492
Q75783091	6000000033278917098
Q75783113	6000000007090208501
Q75783121	6000000016253278541
Q75783121	6000000017130387780
Q75783134	6000000050552162821
Q75783136	6000000080867448493
Q75783220	6000000033331537913
Q75783378	6000000078927449972
Q75783382	6000000069792852902
Q75783541	6000000024032471211
Q75783554	6000000007626748517
Q75783615	6000000005250222156
Q75783657	6000000004333383651
Q75783663	6000000014161855696
Q75783672	6000000014161924261
Q75783676	6000000014161841158
Q757837	6000000039398292821
Q75783716	6000000013819136676
Q75783718	6000000024171533947
Q75783752	6000000013552725952
Q75783805	6000000003694686076
Q75783816	6000000023362177923
Q75783821	6000000023362213934
Q75783828	6000000005250156264
Q75783900	6000000020282582802
Q75783931	6000000106474157894
Q75783932	6000000106457525875
Q75783972	6000000012524611755
Q75783995	6000000066981059426
Q75784	6000000018289776710
Q75784001	6000000023361977182
Q75784002	6000000023361769353
Q75784062	6000000020288398895
Q75784064	6000000020284991662
Q75784109	6000000010802031209
Q75784171	6000000007749815573
Q75784213	6000000009265666203
Q75784220	6000000012662642607
Q75784302	6000000042748119252
Q75784309	6000000189110421839
Q75784313	6000000189110600828
Q75784508	6000000014047707121
Q75784528	6000000181985813888
Q75784533	6000000001129000515
Q75784711	6000000007455381685
Q75784784	6000000018133860816
Q75784786	6000000018134761617
Q75784838	6000000034639492544
Q75784867	6000000018740968091
Q75784891	6000000020389053003
Q75784909	6000000025890091749
Q75784910	6000000077619230560
Q75784934	6000000036950745574
Q75784937	6000000009154029050
Q75784940	6000000009153633362
Q75784968	6000000044287905213
Q75785087	6000000086829290845
Q75785105	6000000077372370069
Q75785106	6000000021527222968
Q75785143	6000000021527229038
Q75785184	6000000021527154370
Q75785190	6000000038040512895
Q75785193	6000000021526046579
Q75785202	6000000038039557362
Q75785204	6000000038040069923
Q75785206	6000000038040281909
Q75785211	6000000038040350148
Q75785228	6000000021527203298
Q75785316	6000000024446495370
Q75785322	6000000036550306980
Q75785365	6000000036547482598
Q75785430	6000000035857641181
Q75785454	6000000067578252823
Q75785467	6000000067578405821
Q75785473	6000000067578825823
Q75785498	6000000140786785836
Q75785563	6000000035853842709
Q75785570	6000000035857264380
Q75785597	6000000067578171821
Q75785599	6000000026064753339
Q75785601	6000000080332325120
Q75785608	6000000027518324910
Q75785652	6000000011696630669
Q75785654	6000000011696951424
Q75785662	6000000060909270037
Q75785668	6000000017705769112
Q75785674	6000000011697458396
Q75785684	6000000027522054460
Q75785690	6000000014713780028
Q75785695	358487409970010669
Q75785732	6000000011696808386
Q75785792	6000000112933617987
Q75785993	6000000040028959659
Q75786	6000000074380242826
Q75786024	6000000113187963868
Q75786038	6000000009378234775
Q75786092	6000000001159510592
Q75786094	6000000020295639317
Q75786111	6000000020295717245
Q75786119	6000000009916241348
Q75786272	6000000009334991166
Q75786288	6000000038204169821
Q75786371	6000000052569900081
Q75786372	6000000052499108910
Q75786459	6000000028414981627
Q75786523	6000000009153633365
Q75786547	6000000041116227992
Q75786577	6000000028414892535
Q75786643	6000000041116228018
Q75786682	5289156659710050195
Q75786686	6000000004359216665
Q75786771	6000000003940372539
Q75786773	6000000003940372453
Q75786774	6000000028415278055
Q75786777	6000000003634711672
Q75786779	6000000003938171958
Q75786788	6000000001159628365
Q75786790	6000000003210322936
Q75786794	6000000002666370561
Q75786796	6000000001625607033
Q75786799	6000000007602875612
Q75786801	6000000012216579328
Q75786805	6000000006444360705
Q75786848	6000000030576581100
Q75786866	6000000028415501277
Q75786874	6000000028415083460
Q75787066	6000000029081097997
Q75787084	6000000058790764823
Q75787175	6000000025294325000
Q75787184	6000000006444515527
Q75787186	6000000006444515534
Q75787195	6000000001159523601
Q75787197	6000000003938684986
Q75787199	5664625027010059885
Q75787201	6000000000426646710
Q75787206	6000000000689082849
Q75787207	6000000003940367440
Q75787218	6000000003940375487
Q75787220	6000000006414569247
Q75787223	6000000000742128100
Q75787224	6000000000796822821
Q75787225	6000000001159718053
Q75787245	6000000028415281970
Q75787295	6000000004630779826
Q75787296	6000000003617355892
Q75787425	6000000028652608577
Q75787445	6000000027692968277
Q75787627	317084983400006556
Q75787661	6000000006583198158
Q75787689	6000000006583511024
Q75787703	6000000006582745781
Q75787739	6000000006582979576
Q75787745	6000000006582757834
Q75787750	6000000010383082106
Q75787762	6000000026920816538
Q75787902	6000000035506121141
Q75787953	6000000010595196955
Q75787967	6000000020398001465
Q75788104	6000000007324153430
Q75788106	6000000007324188279
Q75788108	6000000007324150331
Q75788110	6000000007324315208
Q75788115	6000000007324143679
Q75788119	6000000007324151512
Q75788121	6000000007323113770
Q75788136	6000000001599665530
Q75788138	6000000028123430493
Q75788167	6000000010083362651
Q75788169	6000000010083039678
Q75788171	6000000002783060226
Q75788372	6000000040227577438
Q75788373	6000000040227640303
Q75788405	6000000010022663182
Q75788469	6000000007345328936
Q75788479	6000000039867500484
Q75788487	6000000066517596852
Q75788491	6000000066517942823
Q75788526	6000000008062774021
Q75788691	4198620184810061472
Q75788775	6000000007323011318
Q75788787	6000000007878401388
Q75788790	6000000007878457412
Q75788817	6000000007878451628
Q75788818	6000000007878302991
Q75788824	6000000007878643513
Q75788853	6000000008062914017
Q75788857	6000000008062925684
Q75789	6000000010909701088
Q75789028	6000000027779130893
Q75789058	6000000013332376147
Q75789247	6000000054919130924
Q75789264	6000000057075590827
Q75789368	6000000026999815613
Q75789369	6000000026999940410
Q75789450	6000000025873978842
Q75789553	6000000014865363420
Q75789559	6000000035872471835
Q75789564	6000000035872251116
Q75789587	6000000018271467509
Q75789591	6000000018271367893
Q75789653	6000000016181913541
Q75789656	6000000008188645745
Q75789661	6000000055475351058
Q75789701	6000000014865373445
Q75789735	6000000017524095066
Q75789798	6000000023204462863
Q75789887	6000000001504237209
Q75789892	6000000004177430071
Q75789893	6000000001504428985
Q75789903	6000000052184858078
Q75789966	6000000021621805339
Q75789971	6000000012657895288
Q75789974	6000000012658000201
Q75789987	6000000024305095094
Q75789989	6000000024305101134
Q75789999	6000000000587822864
Q75790	6000000022705924272
Q75790000	6000000000587789875
Q75790019	6000000012267016149
Q75790027	6000000023927012178
Q75790060	6000000000842904129
Q75790123	6000000019744150939
Q75790125	6000000019744692202
Q75790140	6000000032669977345
Q75790142	6000000032670286007
Q75790146	6000000032670089391
Q75790167	6000000055258619254
Q75790169	6000000055258763046
Q75790194	6000000050548880870
Q75790195	6000000015806634492
Q75790198	6000000015806948959
Q75790202	6000000048163887851
Q75790209	6000000014314411653
Q75790216	5088573616840031713
Q75790218	6000000000592651323
Q75790220	6000000000592621191
Q75790223	6000000000592656205
Q75790224	6000000000592627209
Q75790226	6000000000592609222
Q75790234	6000000014315392652
Q75790235	6000000014310749397
Q75790238	6000000048163501227
Q75790242	6000000050548286128
Q75790258	6000000014310773144
Q75790265	6000000000843583093
Q75790289	5553487802050110208
Q75790324	6000000034038920092
Q75790455	6000000006582501515
Q75790501	6000000015549649845
Q75790503	6000000015549729326
Q75790555	6000000026121152615
Q75790600	6000000015549839050
Q75790607	6000000015665184472
Q75790623	6000000015664932439
Q75790634	6000000015665165478
Q75790700	6000000015665220123
Q75790877	6000000004630457549
Q75790908	6000000026916920724
Q75791032	6000000015664726603
Q75791035	6000000015664870688
Q75791080	6000000041961127984
Q75791096	6000000002689080541
Q75791112	6000000018853704271
Q75791117	5553562905130037522
Q75791130	6000000036671289529
Q75791170	6000000084031812678
Q75791235	6000000006453730371
Q75791239	6000000006506143008
Q75791241	6000000006506763005
Q75791244	6000000006563315341
Q75791246	6000000006566330232
Q75791249	6000000017860873893
Q75791252	6000000017860592259
Q75791254	6000000017862737038
Q75791256	6000000017862703266
Q75791279	6000000034328306510
Q75791284	6000000005395314305
Q75791304	6000000175233632821
Q75791382	6000000005576686766
Q75791387	6000000047335112051
Q75791404	6000000085224019821
Q75791407	6000000085224257884
Q75791512	6000000063251360825
Q75791514	6000000063256616834
Q75791525	6000000063257270825
Q75791610	6000000014095528640
Q75791667	6000000002341415339
Q75791669	6000000003494762608
Q75791809	6000000007668193453
Q75791813	6000000007668274815
Q75791818	6000000007668413559
Q75791819	6000000014137920622
Q75791824	6000000038622923864
Q757919	6000000182867887899
Q75791939	6000000082235082882
Q75791949	6000000002115875741
Q75792011	6000000043356495098
Q75792017	6000000007667035211
Q75792022	6000000027815237628
Q75792027	6000000014127533747
Q75792150	6000000026467734351
Q75792390	6000000023834594839
Q75792393	6000000023833143095
Q75792460	6000000014056413499
Q75792494	6000000013053399473
Q75792506	6000000074787896836
Q75792573	6000000014098733469
Q75792587	6000000029777784634
Q75792588	6000000013948976366
Q75792591	6000000029778434562
Q75792593	6000000016673865305
Q75792663	6000000017115561192
Q75792665	6000000015665027327
Q75792678	6000000000112131568
Q75792681	6000000007066699939
Q75792732	6000000009655251546
Q75792733	6000000002770985455
Q75792736	6000000024971078056
Q75792738	6000000113551941990
Q75792828	294783553370001706
Q75792830	6000000002067913070
Q75792869	6000000051508258884
Q75792871	6000000051513128214
Q75792909	6000000051508396881
Q75792912	6000000051513795877
Q75792916	6000000026600593767
Q75792920	6000000016917595396
Q75792922	6000000051508245922
Q75792924	6000000016917921544
Q75792926	6000000026600751227
Q75792953	6000000014049288882
Q75792955	6000000029602544175
Q75793004	6000000021661208348
Q75793025	6000000036432454041
Q75793062	6000000055300680072
Q75793066	6000000022889302395
Q75793119	6000000055804511988
Q75793134	6000000075144786881
Q75793166	6000000023981457978
Q75793171	6000000012797138124
Q75793226	6000000030753957948
Q75793230	6000000012797201049
Q75793232	6000000004079799181
Q75793237	6000000004079799175
Q75793239	6000000012811069248
Q75793256	6000000012811108220
Q75793263	6000000030389453111
Q75793266	6000000030389488942
Q75793288	6000000030388859750
Q75793292	6000000030388344805
Q75793340	6000000012811062205
Q75793343	6000000030753774930
Q75793357	6000000012811017310
Q75793358	6000000012810992991
Q75793368	6000000012797508790
Q75793380	6000000179219972821
Q75793415	6000000012810892162
Q75793417	6000000012811115046
Q75793432	6000000014018396892
Q75793446	6000000032452398980
Q75793452	6000000032452547967
Q75793472	6000000009913290456
Q75793566	6000000011297535421
Q75793725	6000000036546800751
Q75793739	6000000000337251407
Q75793745	6000000006444139113
Q75793747	6000000006444139154
Q75793754	6000000031031668272
Q75793757	6000000066557237240
Q75793838	6000000005079579990
Q75793878	6000000036549183985
Q75793908	6000000026009165734
Q75793911	6000000026010262078
Q75793914	6000000026010404074
Q75793916	6000000014511253796
Q75793917	6000000014511326997
Q75793917	6000000026008692368
Q75793921	6000000026008879712
Q75793975	6000000027383951125
Q75793977	6000000027394677017
Q75794042	6000000022627730063
Q75794180	6000000035455138096
Q75794210	6000000032095013842
Q75794247	5423433743440106449
Q75794272	6000000082664806867
Q75794282	6000000040912540900
Q75794415	6000000066986635821
Q75794543	6000000058593935038
Q75794546	6000000058594132906
Q75794590	6000000058593951006
Q75794606	6000000036955577863
Q75794717	6000000050820530078
Q75794719	6000000082664630843
Q75794720	6000000082664166989
Q75794722	6000000082664230134
Q75794723	6000000082664310006
Q75794724	6000000082663998026
Q75794727	6000000082664294090
Q75794732	6000000082664518974
Q75794743	6000000082664519004
Q75794746	6000000082663983950
Q75794747	6000000082664518980
Q75794755	6000000082664518962
Q75794859	6000000009488780282
Q75795	6000000076839354227
Q75795115	6000000050820807875
Q75795116	6000000050820074352
Q75795158	6000000002784663371
Q75795297	6000000019323881841
Q75795300	6000000003249606875
Q75795304	6000000058654691400
Q75795309	6000000058655646825
Q75795311	6000000058655678853
Q75795356	6000000058590052853
Q75795402	6000000017791824752
Q75795404	6000000017791093171
Q75795410	6000000017792520314
Q75795413	6000000017862352454
Q75795440	6000000022491031870
Q75795926	6000000013325370824
Q75795997	6000000002173042272
Q75796035	6000000080749366905
Q75796036	6000000080749146929
Q75796133	6000000023872871525
Q75796136	6000000000112134054
Q75796137	6000000002167243053
Q75796153	6000000081685990821
Q75796163	6000000054442504862
Q75796185	6000000017513742014
Q75796401	6000000058042898977
Q75796426	6000000058043184877
Q75796441	6000000058042829060
Q75796456	6000000011123055747
Q75796469	6000000046344389158
Q75796486	6000000046344658937
Q75796490	6000000058043091867
Q75796543	6000000045141459310
Q75796549	6000000005395526304
Q75796796	6000000018105217411
Q75796849	6000000026093960951
Q75796854	6000000026092952564
Q75796859	6000000026093373615
Q75796862	6000000026093856171
Q75796869	6000000026093578398
Q75796874	6000000026093933123
Q75796881	6000000026093791134
Q75796892	6000000026093518656
Q75796902	6000000026093841554
Q75797	6000000008849010086
Q75797000	6000000026093685786
Q75797051	6000000036671950988
Q75797060	6000000026093184787
Q75797157	6000000058042391950
Q75797277	6000000025566110545
Q75797303	6000000007274089184
Q75797310	6000000016914159262
Q75797413	6000000008947306814
Q75797420	6000000001771137915
Q75797561	6000000059648209900
Q75797604	6000000011081315528
Q75797610	6000000011080993059
Q75797656	6000000011081083232
Q75797659	6000000016925364087
Q75797663	6000000010073563219
Q75797669	6000000070960827856
Q75797760	6000000037642519181
Q75797834	6000000026107568246
Q75797845	6000000026199604320
Q75798347	6000000105029468931
Q75798348	6000000105030499853
Q75798351	6000000105030540826
Q75798353	6000000105027427358
Q75798570	6000000020542571983
Q75798594	6000000020542416507
Q75798596	6000000020542627938
Q75798606	6000000003977656490
Q75798613	6000000003977490047
Q75798658	6000000020876581444
Q75798667	6000000020876337208
Q75798670	6000000020877239257
Q75798783	6000000107006372834
Q75799314	6000000062122785267
Q75799317	6000000027323322399
Q75799321	6000000027312917119
Q75799323	6000000027312635419
Q75799325	6000000027312895014
Q75799327	6000000027312711656
Q75799334	6000000027312952120
Q75799338	6000000027312843596
Q75799341	6000000027313029668
Q75799345	6000000027312414731
Q75799347	6000000027312924741
Q75799351	6000000027313243882
Q75799353	6000000027312832664
Q75799355	6000000027313703541
Q75799360	6000000027313735420
Q75799362	6000000027313479820
Q75799365	6000000027313903452
Q75799367	6000000027313837267
Q75799392	6000000027314281797
Q75799452	6000000025597371267
Q75799454	6000000025597847176
Q75799455	6000000027289195844
Q75799458	6000000027296769748
Q75799466	6000000027295954424
Q75799495	6000000027296174761
Q75799501	6000000027297476045
Q75799512	6000000027297833021
Q75799514	6000000027288742462
Q75799617	6000000027311986450
Q75799619	6000000027289080124
Q75799624	6000000027296649140
Q75799629	6000000025597409332
Q75799646	6000000027315840102
Q75799648	6000000027314864260
Q75799808	6000000027320766517
Q75799849	6000000096310184842
Q75799851	6000000007385787527
Q75799853	6000000027323517185
Q75799900	6000000027320222813
Q75800035	6000000027324959637
Q75800037	6000000027324959631
Q75800042	6000000027314694349
Q75800047	6000000107005939821
Q75800093	335297744410006087
Q75800100	6000000000216270090
Q75800145	335303373730007040
Q75800302	335276931420012568
Q75800337	335292763840014161
Q75800374	6000000026135238725
Q75800378	6000000026135187046
Q75800468	6000000009023837249
Q75800493	6000000020020568002
Q75800591	6000000020020568009
Q75800975	6000000011106411980
Q75800981	6000000017855126417
Q75800996	6000000075303254918
Q75801000	6000000075303014174
Q75801003	6000000075302161720
Q75801098	6000000037849014782
Q75801102	6000000037849932917
Q75801105	6000000037848895479
Q75801108	6000000037849651923
Q75801112	6000000037849584939
Q75801116	6000000037849584944
Q75801119	6000000037849013075
Q75801122	6000000037754414322
Q75801167	6000000037851787934
Q75801176	6000000037850116487
Q75801179	6000000037850233548
Q75801215	6000000062123428873
Q75801343	6000000038368973425
Q75801347	6000000023769317726
Q75801386	6000000007568409929
Q7580148	6000000141580971904
Q75801603	6000000027292528895
Q75801699	6000000009716441952
Q75801703	6000000009716628691
Q75801709	6000000084272097900
Q75801716	6000000084271837114
Q75801724	6000000009716487563
Q75801725	6000000084271946077
Q75801792	6000000015510689837
Q75801814	6000000002006177751
Q75801848	6000000017098472180
Q75801851	6000000015511263305
Q75801854	6000000015511130431
Q75802065	6000000033359686022
Q75802068	6000000033359329719
Q75802368	6000000006379334040
Q75802448	6000000023991764111
Q75802454	6000000079733303123
Q75802474	6000000019879441433
Q75802476	6000000019878514782
Q75802655	6000000016912487325
Q75802706	6000000078440644845
Q75802754	6000000006604202156
Q75802905	6000000003249606728
Q75802985	6000000032574440269
Q75803009	6000000032575165854
Q75803012	6000000032572890400
Q75803031	6000000032575162935
Q75803076	6000000032574734542
Q75803163	6000000052095014979
Q75803197	6000000052095163893
Q75803201	6000000052094608074
Q75803311	6000000045380114897
Q75803322	6000000007606144331
Q75803445	6000000017099812601
Q75803448	6000000017099378868
Q75803459	6000000016520024015
Q75803477	6000000039632413730
Q75803480	6000000039632956854
Q75803523	6000000011244156510
Q75803672	6000000021870921723
Q75803735	6000000010103753447
Q75803738	6000000013176442638
Q75803750	6000000004047834136
Q75803794	6000000028012246723
Q75803818	6000000028357433923
Q75803822	6000000028356198236
Q75803825	6000000012841393680
Q75803827	6000000032574754731
Q75803837	6000000026867436688
Q75803933	6000000046344449133
Q75803953	6000000017917702132
Q75803977	6000000014062197431
Q75804007	6000000025509731981
Q75804011	6000000025509340348
Q75804044	6000000044020401821
Q75804047	6000000051510802723
Q75804112	6000000028070599926
Q75804290	6000000011552749424
Q75804345	6000000050501738500
Q75804590	6000000006444745140
Q75804629	6000000028070362071
Q75804634	6000000073514828243
Q75804672	6000000019879913120
Q75804716	6000000019879821819
Q75804801	6000000039212766390
Q75804944	6000000012557354529
Q75804988	6000000019469339224
Q75805039	6000000003203183717
Q75805045	6000000042398126237
Q75805049	6000000038326208135
Q75805052	6000000038326315056
Q75805113	6000000053639628845
Q75805116	6000000017939144305
Q75805129	6000000015920314945
Q75805195	6000000016323584497
Q75805201	6000000016323834210
Q75805216	6000000016229299014
Q75805267	6000000015601854766
Q75805515	6000000038385546586
Q75805523	6000000080650687249
Q75805542	6000000038386196936
Q75805566	6000000038385521701
Q75805606	6000000038386100972
Q75805619	6000000020659164231
Q75805622	6000000075657599108
Q75805633	6000000005087273434
Q75805661	6000000038381958065
Q75805702	6000000038377494004
Q75805713	6000000038381949040
Q75805724	6000000038381304756
Q75805770	6000000112473439256
Q75805780	6000000038381956067
Q75805808	6000000038381779330
Q75805828	6000000038381439705
Q75805839	6000000038381794395
Q75805853	6000000080651047837
Q75805942	6000000016914328646
Q75806019	6000000032870630459
Q75806024	6000000032870627608
Q75806469	6000000034671043955
Q75806522	6000000051525796876
Q75806528	6000000051525802841
Q75806536	6000000051525215198
Q75806549	6000000051525834857
Q75806556	6000000033705062747
Q75806580	6000000048365126858
Q75806589	6000000048365264932
Q75806594	6000000048371643837
Q75806607	6000000048372074932
Q75806615	6000000048372662039
Q75806621	6000000048373611926
Q75806639	6000000048376340574
Q75806650	6000000048377211052
Q75806659	6000000048377459906
Q75806678	6000000048373692821
Q75806684	6000000008880953600
Q75806689	6000000048374115364
Q75806694	6000000048376207826
Q75806698	6000000048376143829
Q75807235	6000000028182617000
Q75807262	6000000027136481957
Q75807623	6000000002499814834
Q75807650	6000000002499227046
Q75807666	6000000002499838850
Q75807687	6000000005598815772
Q75808184	6000000054456819823
Q75808195	6000000104997963044
Q75808383	6000000011115625048
Q75808417	6000000009913319381
Q75808534	6000000077376169951
Q75808537	6000000007036897092
Q75808543	6000000007036895015
Q75808547	6000000010020709255
Q75808868	6000000010510338003
Q75809228	6000000007463131659
Q75809231	6000000007052852081
Q75809233	6000000007052685157
Q75809239	6000000007052921103
Q75809241	6000000007052742319
Q75809247	6000000007052824044
Q75809273	6000000056445268003
Q75809283	6000000031914805237
Q75809286	6000000007052840044
Q75809295	6000000043952854826
Q75809297	6000000026107512148
Q75809346	6000000007463316581
Q75809469	6000000022714370323
Q75809476	6000000003298581661
Q75809496	6000000007052762100
Q75809691	6000000031230363565
Q75809698	6000000031230704082
Q75809700	6000000031230385737
Q75809806	6000000011055586074
Q75809809	6000000037536715130
Q75809941	6000000019126820596
Q75809950	6000000019126702996
Q75810258	6000000014235192092
Q75810263	6000000014234881700
Q75810720	6000000013224797575
Q75810919	6000000002106738819
Q75810950	6000000077487131880
Q75810986	6000000047342228953
Q75811174	6000000026102508164
Q75811182	6000000026102572167
Q75811222	6000000002106738687
Q75811228	6000000002106744133
Q75811244	6000000002106738712
Q75811247	6000000002106744146
Q75811250	6000000002106738719
Q75811262	6000000002106744160
Q75811391	6000000017758058428
Q75811408	6000000011255518955
Q75811516	6000000007352089095
Q75811518	6000000007352089076
Q75811523	6000000031585177025
Q75811524	6000000031585704872
Q75811541	6000000023342043080
Q75811554	6000000024225864250
Q75811585	6000000016321734325
Q75811721	6000000019288482137
Q75811772	6000000006892001959
Q75811777	6000000023479693331
Q75811780	6000000023480112096
Q75811791	6000000037682012358
Q75811806	6000000108586653847
Q75811895	6000000007036537585
Q75812	6000000029228160035
Q75812083	6000000030437038232
Q75812090	6000000002115872845
Q75812200	6000000002115864610
Q75812207	6000000002115864617
Q75812341	6000000014891221402
Q75812349	6000000011128017601
Q75812353	6000000003699066649
Q75812356	6000000017688991438
Q75812359	6000000017688856647
Q75812363	6000000017689062962
Q75812366	6000000017689287213
Q75812372	6000000002115864729
Q75812375	6000000002115864736
Q75812381	6000000016324173076
Q75812451	6000000002115872957
Q75812457	6000000017687884613
Q75812459	6000000017689160677
Q75812465	6000000017687884726
Q75812471	6000000075708257857
Q75812528	6000000003691575053
Q75812530	6000000017688940293
Q75812536	6000000017688725372
Q75812539	6000000002115864941
Q75812544	6000000002115864950
Q75812611	6000000006351666042
Q75812623	6000000002115864897
Q75812650	6000000002115875009
Q75812668	6000000002115872990
Q75812683	6000000002116384700
Q75812693	6000000002115864979
Q75812759	6000000002115870048
Q75812776	6000000002115870062
Q75812792	6000000002115870093
Q75812799	6000000002115870102
Q75812911	6000000017805275889
Q75812954	6000000013234568262
Q75812967	6000000013234482492
Q75813140	6000000038889217451
Q758132	6000000068387175949
Q75813351	6000000029054221997
Q75813355	6000000029054248872
Q75813374	6000000025540841016
Q75813376	6000000025540569326
Q75813399	6000000031972493761
Q75813403	6000000009735316333
Q75813428	6000000025038345911
Q75813440	6000000038981664942
Q75813443	6000000038981718951
Q75813445	6000000028856579514
Q75813448	6000000028856690610
Q75813467	6000000002689080561
Q75813588	6000000033249922919
Q75813631	6000000021120772963
Q75813753	6000000009729108930
Q75813756	6000000009729108920
Q75813767	6000000033569627137
Q75813795	6000000009729109009
Q75813797	6000000009735185753
Q75813801	6000000030884111720
Q75813810	6000000009735250307
Q75813819	6000000007777722396
Q75813831	6000000007777683852
Q75813834	6000000007777853361
Q75813865	6000000007777438097
Q75813875	6000000007777850641
Q75813884	6000000017650140167
Q75813887	6000000017650112256
Q75813934	6000000017652038361
Q75813940	6000000017652054344
Q75813943	6000000017652437076
Q75813949	6000000017652384511
Q75813958	6000000017652378804
Q75814	6000000000349137907
Q75814051	6000000009729090278
Q75814052	6000000009735497499
Q75814069	6000000009729108951
Q75814077	6000000032031069793
Q75814089	6000000031972911186
Q75814092	6000000032425857525
Q758141	6000000017372660616
Q75814111	6000000031973085919
Q75814118	6000000033705705301
Q75814157	6000000033705599078
Q75814269	6000000004630266211
Q75814306	6000000009729165219
Q75814317	6000000009729049538
Q75814381	6000000047884990269
Q75814387	6000000047885627870
Q75814390	6000000033705486262
Q75814396	6000000033274100327
Q758145	6000000151942707854
Q75814737	6000000012267537339
Q7581475	6000000046625215085
Q75815042	6000000030427083892
Q75815483	6000000051323883869
Q75815511	6000000009775014859
Q75815618	6000000042747345778
Q75815670	6000000078927935198
Q75815676	6000000042749695371
Q75815685	6000000108141773822
Q75815691	6000000078928114119
Q75815694	6000000078929934829
Q75815819	6000000056256342850
Q75815890	6000000056144420847
Q75815898	6000000056255300856
Q75815916	6000000033588373096
Q75815938	6000000033587404639
Q75815985	6000000030565750550
Q75816041	6000000015250963923
Q75816049	6000000009927227747
Q75816054	6000000009926985081
Q75816066	6000000034335389908
Q75816074	6000000009934390939
Q75816080	6000000009934390952
Q75816087	6000000031652129016
Q75816099	6000000009934922024
Q75816105	6000000009935699475
Q75816106	6000000076707622831
Q75816112	6000000009935355834
Q75816117	6000000009934922014
Q75816119	6000000009934922029
Q75816152	6000000108594511821
Q75816175	6000000014244333396
Q75816186	6000000013362569610
Q75816189	6000000009331454508
Q75816196	6000000180349255821
Q75816254	6000000032794249694
Q75816322	6000000030566226985
Q75816346	6000000033543774029
Q75816363	6000000032767110856
Q75816396	6000000051502683836
Q75816417	6000000051501217140
Q75816423	6000000034353240605
Q75816431	6000000034336429962
Q75816446	6000000002766408453
Q75816484	6000000014093211491
Q75816493	6000000014172349993
Q75816513	6000000003150023335
Q75816556	6000000061170513190
Q75816580	6000000146795269070
Q75816687	6000000032751294014
Q75816726	6000000005912266862
Q75816804	6000000061170679992
Q75816813	6000000011153211723
Q75816822	6000000011153313397
Q75816848	6000000053960687858
Q75816914	6000000008501932642
Q75816945	6000000008501932661
Q75816947	6000000036794068909
Q75816989	6000000016039113580
Q75816993	6000000016039367772
Q75816996	6000000046704064871
Q75816998	6000000002695087961
Q75817	6000000002188374136
Q75817015	6000000033995745622
Q75817103	6000000032752381828
Q75817145	6000000031116939240
Q75817494	6000000010960530081
Q75817642	6000000002765848850
Q75817682	6000000010960568578
Q75817728	6000000178703152904
Q75817906	6000000026835230731
Q75817920	6000000027637283679
Q75817922	6000000057794582941
Q75817965	6000000029428229287
Q75817988	6000000007236232217
Q75817993	6000000010414481120
Q75818	6000000030350744464
Q75818003	6000000010414659810
Q75818009	6000000010414447002
Q75818013	6000000010414473733
Q75818016	6000000010414496785
Q75818019	6000000010414463730
Q75818025	6000000010414465127
Q75818028	6000000010414465131
Q75818056	6000000034045119349
Q7581816	6000000013621764454
Q7581818	6000000013621700408
Q75818541	6000000002116167517
Q75818550	6000000002116167526
Q75818553	6000000002116167566
Q75818570	6000000031572622226
Q75818574	6000000031572712173
Q75818630	4042300910260037795
Q75818705	6000000003827859258
Q75818771	6000000032767072876
Q75818798	6000000060800657991
Q75818800	6000000060800496863
Q75818868	6000000013292646470
Q75818895	6000000026050162325
Q75818897	6000000026050003137
Q75818902	6000000026023339712
Q75818904	6000000024507403940
Q75818981	6000000031640505017
Q75818985	6000000025143047663
Q75819000	6000000010030103176
Q75819009	6000000008630886204
Q75819017	6000000008630884011
Q75819021	6000000003266330636
Q75819024	6000000008630886461
Q75819069	6000000003765765491
Q75819078	6000000001736323125
Q75819081	6000000001737672670
Q75819084	6000000007086978237
Q75819088	6000000003615447430
Q75819116	6000000003053431431
Q75819149	5209198738020079604
Q75819157	5209198748590079610
Q75819160	378393585970004434
Q75819164	6000000000706030763
Q75819172	6000000006110873523
Q75819176	6000000000770142567
Q75819178	6000000000770142914
Q75819181	6000000003423786821
Q75819190	6000000004151449481
Q75819210	6000000024265218852
Q75819216	6000000003938632746
Q75819218	6000000000497490286
Q75819257	6000000003341572857
Q75819335	6000000010800470395
Q75819360	6000000103202253033
Q75819365	6000000103203816217
Q75819368	6000000103204754832
Q75819386	6000000103356056881
Q75820	6000000015231241945
Q75820039	6000000060902329007
Q75820140	6000000060799904195
Q75820145	6000000060799987048
Q75820147	6000000060909242949
Q75820150	6000000060800003106
Q75820217	6000000081343578849
Q75820335	6000000010281724407
Q75820419	6000000010235080469
Q75820423	6000000010234832005
Q75820479	6000000010234848954
Q75820509	6000000010281613434
Q75820519	6000000019698541329
Q75820528	6000000018885136226
Q75820638	6000000001737634348
Q75820645	6000000008943935527
Q75820648	6000000007941956461
Q75820691	6000000044669955923
Q75820696	6000000044669918866
Q75820718	6000000044669601124
Q75820745	6000000028952803443
Q75820747	6000000037750662094
Q75820768	6000000050363246878
Q75820798	6000000025388522056
Q75820831	6000000060909332908
Q75820882	6000000024039215482
Q75820888	6000000056676434060
Q75820915	6000000033635798255
Q75820918	6000000056675460276
Q75820943	6000000056676654862
Q75820947	6000000026094212907
Q75820952	6000000056676414085
Q75820954	6000000056676736821
Q75820966	6000000033637142895
Q75821052	6000000131687944834
Q75821136	6000000072686347832
Q75821138	6000000039127314533
Q75821141	6000000008833043047
Q75821156	6000000020317307238
Q75821162	6000000019556090252
Q75821191	6000000010210100044
Q75821219	6000000016701101012
Q75821220	6000000016700725923
Q75821232	6000000010090902644
Q75821234	6000000010091046580
Q75821236	6000000010091055429
Q75821237	6000000041274499049
Q75821247	6000000013771062928
Q75821253	6000000015863650079
Q75821308	6000000031579921986
Q75821321	6000000031580067138
Q75821366	6000000002115918628
Q75821369	6000000002115918643
Q75821411	6000000024874893342
Q75821417	4400487857040028005
Q75821424	4401106443550028085
Q75821430	4368064560630123297
Q75821433	4401794414570124401
Q75821506	6000000010810919969
Q75821528	6000000082000180940
Q75821530	6000000082000350869
Q75821557	6000000024105257767
Q75821559	6000000082000255861
Q75821693	6000000017275024447
Q75821904	6000000045146387009
Q75821956	6000000004993695099
Q75821999	6000000190545280118
Q75822002	6000000190545280112
Q75822008	6000000026408486140
Q75822013	6000000026901205504
Q75822019	6000000000585049083
Q75822021	6000000000584722693
Q75822037	6000000038060275140
Q75822051	6000000010973577305
Q75822069	6000000064314959712
Q75822071	6000000064315104620
Q75822147	6000000030901434948
Q75822151	6000000030920468221
Q75822166	6000000011273899793
Q75822225	6000000031109026363
Q75822227	6000000031109171262
Q75822231	6000000031181074934
Q75822262	6000000031109149130
Q75822266	6000000031157624604
Q75822277	6000000031275567841
Q75822347	6000000004883224039
Q75822361	6000000004883027551
Q75822482	6000000011790694904
Q75822507	6000000007365291563
Q75822601	6000000027345230145
Q75822749	6000000013518365825
Q75822789	6000000031814284865
Q75822797	6000000031821562436
Q75822799	6000000015759916256
Q75822802	6000000016953321307
Q75822804	6000000077864409012
Q75822807	6000000077862984535
Q75823	6000000032009113106
Q75823034	6000000025687861657
Q7582310	6000000013135774079
Q75823199	6000000006444665294
Q75823250	6000000024424795679
Q75823253	6000000015760001500
Q75823261	6000000080857480920
Q75823279	6000000016953447432
Q75823301	6000000027168464394
Q75823322	6000000024582714741
Q75823364	6000000057232191886
Q75823382	6000000055560415858
Q75823402	6000000055559498068
Q75823404	6000000055560527875
Q75823408	6000000055558432346
Q75823419	6000000026539281403
Q75823428	6000000010960439775
Q75823439	6000000024211902006
Q75823441	6000000024211773085
Q75823442	6000000024211681248
Q75823445	6000000024211799240
Q75823446	6000000010948733500
Q75823484	6000000010960138421
Q75823486	6000000010974772780
Q75823500	6000000010960400936
Q75823503	6000000178822609828
Q75823525	6000000010960366509
Q75823526	6000000178823478829
Q75823600	6000000033733357946
Q75823603	6000000009934916749
Q75823721	6000000026535682548
Q75823725	6000000037404182545
Q75823960	6000000019997215911
Q75823976	6000000019997858039
Q75824069	6000000019997597499
Q75824081	6000000009673979907
Q75824091	6000000019997550028
Q75824097	6000000004079820664
Q75824139	6000000004079820652
Q75824146	6000000019969175888
Q75824148	6000000028084636686
Q75824151	6000000019996773586
Q75824153	6000000037493416018
Q75824155	6000000019996426781
Q75824158	6000000037493147692
Q75824206	6000000019979479451
Q75824213	6000000019997151363
Q75824215	6000000019997190333
Q75824219	6000000019997405103
Q75824224	6000000019979372757
Q75824225	6000000030994056934
Q75824228	6000000019996363594
Q75824261	6000000032650298475
Q75824300	6000000019979287894
Q75824364	6000000019979411735
Q75824374	6000000019997144525
Q75824400	6000000019979528904
Q75824420	6000000010868849359
Q75824426	6000000019997055793
Q75824433	6000000019979750717
Q75824439	6000000004079820604
Q75824444	6000000004079820622
Q75824449	6000000004079820628
Q75824451	6000000019979846216
Q75824459	6000000019980006050
Q75824461	6000000019997167758
Q75824522	6000000005412813440
Q75824526	6000000005412844594
Q75824555	6000000019997291794
Q75824581	6000000048816524955
Q75824586	6000000048816705888
Q75824619	6000000030948913471
Q75824621	6000000019997545462
Q75824623	6000000019979931277
Q75824628	6000000057119562821
Q75824637	6000000019997627289
Q75825	6000000025635203673
Q75825018	6000000018696375477
Q75825095	6000000022846498843
Q75825192	6000000043928727076
Q75825196	6000000055399500849
Q75825244	6000000043927691629
Q75825277	6000000080749301930
Q75825351	6000000043928648074
Q75825428	6000000043959380850
Q75825630	6000000017204888191
Q75825641	6000000100351641935
Q75825727	6000000003904581489
Q75825764	6000000052063890354
Q75825767	6000000038260916371
Q75825795	6000000022844227196
Q75826009	6000000011808253029
Q75826049	6000000027842077389
Q75826050	6000000027842254101
Q75826138	6000000025999328229
Q75826190	6000000032375917372
Q75826242	6000000011831311060
Q75826263	6000000019513368384
Q75826283	6000000031314079919
Q75826318	6000000002115940208
Q75826320	6000000028910792035
Q75826321	6000000028910758940
Q75826339	6000000002116048738
Q75826525	6000000023079735195
Q75826593	6000000020514972085
Q75826624	6000000034827579831
Q75826625	6000000034827591878
Q75826672	6000000031182913333
Q75826679	6000000006444762013
Q75826679	6000000009382850767
Q75826708	6000000055524223950
Q75826726	6000000021385300104
Q75826738	6000000017906547854
Q75826755	6000000014479408287
Q75826768	6000000014479399192
Q75826777	6000000028064909508
Q75826797	6000000018496250797
Q75826849	6000000008461084596
Q75826850	6000000008460984976
Q75826861	6000000024791408963
Q75826865	6000000024791040605
Q75826874	6000000065564678963
Q75826940	5549518257840080544
Q75827050	6000000076826443168
Q75827076	6000000007714612254
Q75827082	6000000044600595896
Q75827084	6000000044600526921
Q75827086	6000000053043172857
Q75827087	6000000053042861028
Q75827091	6000000053043065142
Q75827092	6000000053043804873
Q75827095	6000000053042435067
Q75827096	6000000053043867855
Q75827109	6000000053043187836
Q75827123	6000000031283672860
Q75827158	6000000052944307100
Q75827375	6000000017115676307
Q75827376	6000000017115002760
Q75827498	6000000024656333399
Q75827541	6000000052979493195
Q75827547	6000000052977213201
Q75827548	6000000022437224700
Q75827551	6000000008375946702
Q75827553	6000000008375932262
Q75827575	6000000000077282206
Q75827590	6000000014217823141
Q75827600	6000000081557894010
Q75827603	6000000081557280267
Q75827605	6000000035665237858
Q75827876	6000000084449350893
Q75827880	6000000084426700957
Q75827881	6000000084384910013
Q75827883	6000000084426254044
Q75827884	6000000084447573875
Q75827905	6000000084447621267
Q75828	6000000021559621365
Q75828298	6000000013484002280
Q75828312	6000000013486120749
Q75828323	6000000033868876826
Q75828829	6000000005061013006
Q75828833	6000000026697519169
Q75828835	6000000026697884950
Q75829195	6000000026697554440
Q75829234	6000000005087630676
Q75829254	6000000005087649690
Q75829260	6000000005087653474
Q75829271	6000000005087523777
Q75829273	6000000005087707538
Q75829374	6000000060909484038
Q75829385	6000000060909577020
Q75829387	6000000060909718902
Q75829408	6000000022437922520
Q75829510	6000000022437902371
Q75829658	6000000008899233248
Q75830151	6000000048348157850
Q75830766	6000000034461953884
Q75830906	6000000038139271260
Q75831021	6000000066541961128
Q75831144	5358751683560023661
Q75831147	6000000060909011325
Q75831218	6000000082339181964
Q75831534	6000000014299323980
Q75831644	6000000038036581513
Q75831660	6000000066542396992
Q75831934	6000000025349463108
Q75831941	6000000025349503209
Q75831943	6000000025349418125
Q75831979	6000000025349289287
Q75831991	6000000025349397144
Q75832255	6000000073419514003
Q75832260	6000000073418164529
Q75832318	6000000014300232465
Q75832324	6000000014301129570
Q75832398	6000000014300195599
Q75832408	6000000014300457567
Q75832414	6000000014300353226
Q75832417	6000000014300172377
Q75832420	6000000014300386600
Q75832423	6000000014300494113
Q75832587	6000000033038022986
Q75832590	6000000033036749744
Q75832621	6000000060909491991
Q75832635	6000000108765533822
Q75832849	6000000029236373106
Q75832858	6000000029237082166
Q75832970	6000000029236033098
Q75832973	6000000029226234896
Q75833367	6000000026140030304
Q75833372	6000000026143176064
Q75833470	6000000026138374736
Q75833472	6000000026139767730
Q75833490	6000000026143859845
Q75833496	6000000026143857839
Q75833625	6000000019921099237
Q75833654	6000000010668063223
Q75833664	6000000010668087309
Q75833681	6000000039150113194
Q75833755	6000000172960321102
Q75833872	6000000022456280288
Q75833883	6000000057841921144
Q75834118	6000000078723411253
Q75834140	6000000078723017525
Q75834215	6000000026405666032
Q75834215	6000000073979777971
Q75834262	6000000026404536021
Q75834370	6000000078928537236
Q75834446	6000000078929335019
Q75834449	6000000078928700230
Q75834497	6000000089594037006
Q75834912	6000000013631506207
Q75834945	6000000013631599444
Q75834972	6000000013617610675
Q75834975	6000000013618099177
Q75835062	6000000045134994871
Q758354	6000000177161465877
Q75835653	6000000012598408868
Q75835932	6000000048464023427
Q75835946	6000000009728902971
Q75835953	6000000009729171229
Q75835966	6000000009728902989
Q75836029	6000000048946785865
Q75836031	6000000048946415966
Q75836035	6000000048946634850
Q75836047	6000000048946681833
Q75836134	6000000069806478481
Q75836289	6000000012121377358
Q75836299	6000000002106048869
Q75836726	6000000104316755881
Q75836782	6000000104316016253
Q75836838	6000000048032639867
Q75836908	6000000104315885881
Q75836912	6000000104314480099
Q75836970	6000000104316321984
Q75836975	6000000104317620821
Q75837194	6000000003613113644
Q75837222	6000000001421078923
Q75837454	6000000126414220821
Q75837471	6000000002898029252
Q75837644	5078521420850053318
Q75838072	6000000000555366244
Q75842	6000000035829669404
Q75845	6000000000118562053
Q75847319	6000000013146356608
Q75848611	6000000004590212852
Q75849	5165190685110074463
Q75849681	6000000056518336044
Q75850178	6000000004364742437
Q75850242	6000000024889017694
Q75850243	6000000011123613838
Q75850255	6000000014461257168
Q75850256	6000000014461248250
Q75850277	6000000033185968345
Q75850300	6000000107149384851
Q75850304	6000000010532391366
Q75850309	6000000010532255452
Q75850333	4949464553990111267
Q75850334	6000000107669394879
Q75850350	6000000107150032833
Q75850351	6000000053695022951
Q75850354	6000000031873706073
Q75850518	6000000004364667327
Q75850519	6000000004364692874
Q75850548	6000000032098302932
Q75850549	6000000032097966200
Q75850577	6000000088416209878
Q75850581	6000000082658819262
Q75850615	6000000038353283961
Q75850619	6000000064653281948
Q75850626	6000000036566168125
Q75850635	6000000064653352936
Q75850636	6000000024412199944
Q75850640	6000000013694964067
Q75850642	6000000028070631120
Q75850645	6000000028070485736
Q75850654	6000000050514383941
Q75850655	6000000050514670966
Q75850661	6000000023680512950
Q75850665	6000000023680502114
Q75850669	6000000050514127891
Q75850674	6000000050562436984
Q75850679	6000000057166443945
Q75850687	6000000081539296967
Q75850729	6000000016321561249
Q75850729	6000000068903019848
Q75850732	6000000016321590014
Q75850732	6000000068902839921
Q75850753	6000000017271364447
Q75850770	6000000014326763985
Q75850785	6000000016321675128
Q75850786	6000000016321613088
Q75850792	6000000016320622979
Q75850802	6000000016321710313
Q75850834	6000000016321448902
Q75850854	6000000011126693859
Q758509	6000000019843048687
Q75850915	6000000017422249017
Q75850915	6000000065858299931
Q75850916	6000000017271134572
Q75850946	6000000011228657535
Q75851295	6000000036578570947
Q75851378	6000000016321657605
Q75851454	6000000018869639711
Q75851561	6000000028481835664
Q75851583	6000000028482556830
Q75851602	5492420096810116203
Q75851604	6000000030998853111
Q75851643	6000000003525416501
Q75851661	6000000071815730490
Q75851689	6000000036731982895
Q75851691	6000000001180249733
Q75851715	6000000011124840678
Q75851717	6000000011125069203
Q75851720	6000000006990334095
Q75851727	6000000011879216099
Q75851729	6000000011878543169
Q75851736	6000000035326433832
Q75851737	6000000009606905351
Q75851807	6000000037961438929
Q75851814	6000000116599638918
Q75851817	6000000061224263822
Q75851837	6000000183074217852
Q75851839	6000000183075258827
Q75851858	6000000028217992563
Q75851926	6000000001230726099
Q75851932	6000000030116693036
Q75851935	6000000011299732854
Q75851936	6000000032467371827
Q75851938	6000000116600247964
Q75851941	6000000011885452240
Q75851942	6000000011134540448
Q75851952	6000000002361968526
Q75851957	6000000002361968264
Q75851958	6000000004103705477
Q75851966	6000000010006576439
Q75851967	6000000004103479710
Q75851972	6000000002361968558
Q75851980	6000000004102630919
Q75851982	6000000011885309000
Q75851997	6000000127931598826
Q75851998	6000000076296048917
Q758520	6000000006567141395
Q75852009	6000000004102461917
Q75852149	6000000035306010880
Q75852171	6000000063749530826
Q75852197	6000000012543685354
Q75852200	6000000036012232795
Q75852203	6000000034535510966
Q75852213	6000000036012598567
Q75852235	6000000011846099142
Q75852247	6000000007219744218
Q75852251	6000000007219744213
Q75852396	6000000007219744223
Q75852411	6000000007219744227
Q75852415	6000000007220042318
Q75852453	6000000007219616457
Q75852456	6000000007219637712
Q75852485	6000000007219616461
Q75852499	6000000007219425320
Q75852501	6000000007219425325
Q75852528	6000000007219629494
Q75852529	6000000007219629498
Q75852638	6000000015108327800
Q75852640	6000000006566831969
Q75852664	6000000008379206063
Q75852674	6000000010308271611
Q75852677	6000000015191030847
Q75852678	6000000008853884112
Q75852720	6000000002764921489
Q75852724	6000000006161176202
Q75852762	6000000012875149447
Q75852790	6000000011123824004
Q75852793	6000000008379816731
Q75852796	6000000014418104589
Q75852798	6000000011335118072
Q75852822	6000000014326630802
Q75852823	6000000015134310062
Q75852825	6000000011127027693
Q75852828	6000000011127334416
Q75852831	6000000017188731047
Q75852832	6000000015134213215
Q75852834	6000000000246664135
Q75852857	6000000011163570434
Q75852860	6000000011163762332
Q75852861	6000000011163594562
Q75852871	6000000010516786058
Q75852873	6000000010518235635
Q75852886	6000000034951934352
Q75852899	6000000004016435714
Q75852910	6000000008528760001
Q75852911	6000000008528979492
Q75853	6000000017352183248
Q75853503	6000000023582573922
Q75853875	6000000053427975968
Q75853922	6000000026227637826
Q75853974	6000000011206223136
Q75854	6000000015700986558
Q75854015	6000000050458579595
Q75854023	6000000026124040154
Q75854029	6000000026123621646
Q75854030	6000000026123298644
Q75854032	6000000026123799494
Q75854056	6000000026124990169
Q75854057	6000000026123971424
Q75854058	6000000026123815680
Q75854059	6000000011199004235
Q75854061	6000000027041019154
Q75854063	6000000026117345183
Q75854072	6000000076541558895
Q75854074	6000000076542093821
Q75854077	6000000076540645971
Q75854080	6000000076542561824
Q75854082	6000000076540848942
Q75854095	6000000076542743872
Q75854222	6000000001937306913
Q75854269	6000000022514146067
Q75854276	6000000033668922278
Q75854297	6000000035186935240
Q75854322	6000000000136019760
Q75854326	6000000000136019744
Q75854347	6000000035944333960
Q75854351	6000000035944273168
Q75854516	6000000011289226144
Q75854519	6000000011289262528
Q75854532	6000000007958110264
Q75854694	5018992804280066644
Q75854855	6000000013520225290
Q75854923	6000000014863156431
Q75854957	6000000012429767661
Q75854982	6000000006422219284
Q75855008	6000000025597411538
Q75855011	6000000000628848786
Q75855026	6000000006422467109
Q75855055	6000000010360771395
Q75855149	6000000014185641001
Q7585516	6000000015713889088
Q75855238	6000000165577821888
Q75855269	6000000037214610462
Q7585528	6000000011131008564
Q75855282	6000000037215378611
Q75855283	6000000037216704900
Q758553	6000000093948756969
Q75855308	6000000006421615865
Q75855311	6000000013771909704
Q75855320	6000000006175045287
Q75855322	6000000000278186594
Q75855324	4570963057580121226
Q75855325	6000000000278185326
Q75855329	6000000003076487133
Q75855331	6000000003076487651
Q75855332	6000000003076487639
Q75855336	6000000000551473045
Q7585535	6000000005685742017
Q75855351	6000000008542090429
Q75855355	6000000007740583562
Q75855373	6000000000524496121
Q75855375	6000000006816764286
Q75855376	4907685095270033741
Q75855377	6000000003615541976
Q75855378	6000000006567775270
Q75855380	6000000006817300771
Q75855381	6000000000248739861
Q75855383	6000000006444481834
Q75855384	6000000001405791031
Q75855386	6000000003221104570
Q75855388	6000000004670606677
Q75855396	6000000007306737738
Q75855398	6000000007306645513
Q75855401	6000000007306446949
Q75855402	6000000007306674616
Q75855452	6000000001690059776
Q75855456	6000000001702920184
Q75855458	6000000000337394200
Q75855459	6000000012003948360
Q75855471	6000000008640866436
Q75855479	6000000002663180921
Q75855485	6000000057476381822
Q75855490	6000000008531519723
Q75855499	6000000008531782515
Q75855505	6000000008531161505
Q75855508	6000000008527598469
Q75855510	6000000008531106805
Q75855517	6000000008531187524
Q75855519	6000000008531224753
Q75855520	6000000001382973272
Q75855523	6000000008527187807
Q7585553	6000000002188536982
Q75855531	6000000008530961296
Q75855533	6000000008530586977
Q75855537	6000000008530432103
Q75855538	6000000008530686919
Q75855543	6000000008530843913
Q75855545	6000000008527078988
Q7585563	6000000009331452497
Q75855670	6000000028007330906
Q75855688	6000000008399752454
Q75855697	6000000008399348174
Q7585576	6000000003494281951
Q75855768	6000000005004056970
Q75855772	6000000002443686221
Q75855773	6000000012823637619
Q75855774	6000000012823848428
Q75855782	6000000012823637616
Q75855783	6000000040423716076
Q7585580	6000000013433119260
Q75855815	6000000040423636185
Q75855818	6000000040423317570
Q75855820	6000000016337538700
Q75855825	6000000010632059841
Q75855839	6000000007788400030
Q7585584	6000000003403262370
Q75855852	6000000007789013540
Q75855856	6000000010632238285
Q7585586	6000000005598815292
Q75855874	6000000007788764939
Q75855885	6000000007076750026
Q75855887	6000000014851350495
Q75855899	6000000004064446940
Q75855901	6000000010632045954
Q75855902	6000000004064581771
Q75855903	6000000014851321493
Q75855911	6000000004064624884
Q75855927	6000000010621866407
Q75855936	6000000010631081587
Q7585597	6000000011176022864
Q7585599	6000000004868044438
Q75856	6000000000601600393
Q75856080	6000000050076024872
Q75856089	6000000032473265512
Q75856218	6000000024568761378
Q75856228	6000000037215960452
Q75856349	6000000109845245998
Q75856357	6000000085601068908
Q75856421	6000000109845444828
Q75856430	6000000002115989916
Q75856431	6000000002115989960
Q75856440	6000000002115993012
Q75856478	6000000014417125154
Q75856600	6000000041361986857
Q75856623	4401311759170040102
Q75856646	6000000000483632036
Q75856662	6000000000483372479
Q75856663	6000000001689487923
Q75856723	6000000002115875905
Q75856728	6000000027120968167
Q75856732	6000000010011090661
Q75856734	6000000002115859925
Q75856756	6000000010011415271
Q75856757	4401331954140051341
Q75856779	6000000029894316489
Q75856785	6000000037672648187
Q75856790	6000000008044233143
Q75856793	6000000054500568057
Q75856794	6000000054501268046
Q75856799	6000000054501107143
Q75856802	6000000054502764945
Q75856878	6000000030067414225
Q75856898	4401352533710036773
Q75856955	6000000024222749951
Q75856959	6000000024222812983
Q75856988	6000000019736485603
Q75856990	4401377168160123583
Q75856993	4401246390730084363
Q75857036	6000000004547848885
Q75857056	6000000021866131956
Q75857057	6000000021866148045
Q75857064	6000000021865900567
Q75857124	6000000070859291637
Q75857126	6000000070860587834
Q75857145	6000000000865771953
Q75857171	6000000059264193248
Q75857219	6000000021452303124
Q75857224	6000000021877927326
Q75857229	6000000010801794405
Q75857234	6000000023212045789
Q75857242	6000000031819313921
Q75857245	6000000024849983023
Q75857259	6000000026324934894
Q75857264	6000000091148519124
Q75857265	6000000107669335840
Q75857277	6000000091148519142
Q75857284	6000000026000916426
Q75857307	6000000056196843834
Q75857433	6000000015614957112
Q75857443	6000000012391035795
Q75857445	6000000012391112657
Q7585772	6000000100858842118
Q75857772	6000000021066547677
Q75857866	6000000038173124334
Q75857874	6000000040567123563
Q75857952	6000000038173089846
Q75857954	6000000038172999978
Q75857988	6000000016620989133
Q75858133	6000000022805807075
Q75858223	6000000052142013821
Q75858248	6000000022403577244
Q75858320	6000000055511638861
Q75858422	6000000050509416833
Q75858432	6000000050562276170
Q75858433	6000000015959827791
Q75858435	6000000050562330241
Q75858454	6000000050561936296
Q75858476	6000000027750352534
Q75858509	6000000002188551038
Q75858520	6000000035506344043
Q75858524	6000000035506114309
Q75858527	6000000057043539845
Q75858528	6000000017672718244
Q75858535	6000000057042759951
Q75858537	6000000035506368106
Q75858541	6000000035506401085
Q75858550	6000000035506379985
Q75858554	6000000035506257334
Q75858556	6000000035506519050
Q75858560	6000000023940992211
Q75858563	6000000035506348356
Q75858602	6000000026385636012
Q75858672	6000000026339657062
Q75858673	6000000179644699851
Q75858701	6000000026338984302
Q75858703	6000000026339102973
Q75858762	6000000026338824573
Q75858770	6000000026338676791
Q75858773	6000000026338648787
Q75858782	6000000026339034388
Q75858783	6000000026339207861
Q75858849	6000000036502750608
Q75858850	6000000025855402847
Q75858851	6000000025852227398
Q75858867	6000000025985264627
Q75858877	6000000049027036834
Q75858881	6000000049027476942
Q75858886	3677510
Q75858899	3677220
Q75858997	6000000036503992114
Q75859005	6000000027008718044
Q75859012	6000000027008586767
Q75859015	6000000043993370026
Q75859032	6000000043992831542
Q75859041	6000000035546569031
Q75859060	6000000107507250870
Q75859062	6000000035260394373
Q75859063	6000000035260173747
Q75859097	6000000055357797900
Q75859098	6000000051561301847
Q75859101	6000000051561385830
Q75859106	6000000051561306088
Q75859111	6000000051562310901
Q75859113	6000000051562447851
Q75859116	6000000052087645950
Q75859117	6000000052097450861
Q75859121	6000000055368751925
Q75859126	6000000092966473822
Q75859350	6000000080727628821
Q75859416	6000000024913538465
Q75859422	6000000024913990408
Q75859465	6000000040320625837
Q75859488	6000000025768833544
Q75859578	6000000003122427663
Q75859607	6000000039795697859
Q75859647	6000000036621790836
Q75859668	6000000036621532310
Q75859669	6000000015652247081
Q75859681	6000000015652255141
Q75859683	6000000026338519649
Q75859692	6000000045257406018
Q75859696	6000000077653261266
Q75859706	6000000019376376553
Q75859710	6000000011424649789
Q75859731	6000000015652217177
Q75859735	6000000015652383089
Q75859739	6000000015652249147
Q75859801	6000000023208232881
Q75859829	6000000033994406131
Q75859832	6000000033995086871
Q75859902	6000000007080767283
Q75859905	6000000017132852863
Q75859966	6000000049765587917
Q75859992	6000000055462545068
Q75860163	6000000002101216281
Q75860193	6000000018109411632
Q75860194	6000000018109739253
Q75860215	6000000025987580928
Q75860335	6000000010668381521
Q75860339	6000000010668498203
Q75860343	6000000010668503966
Q75860346	6000000010668588345
Q75860349	6000000010668604453
Q75860360	6000000010667392502
Q75860361	6000000010667308651
Q75860531	6000000076499550108
Q75860586	6000000084328286272
Q75860896	6000000042917654905
Q75860897	6000000042917370127
Q75860965	6000000004886875628
Q75860966	6000000004887166018
Q75860991	6000000036015560966
Q75860994	6000000036014570901
Q75861070	6000000045228540821
Q75861099	6000000045228300891
Q75861122	6000000003299268127
Q75861123	6000000003299268060
Q75861136	6000000024093915573
Q75861150	6000000014161432026
Q75861176	6000000003299268143
Q75861183	6000000003299268085
Q75861301	6000000031034978650
Q75861309	6000000019070638917
Q75861311	6000000019069066023
Q75861378	6000000080330545501
Q75861381	6000000077296249389
Q75861412	6000000043665073885
Q75861419	6000000013532812138
Q75861437	6000000031037335918
Q75861453	6000000031036393649
Q75861469	6000000031037390918
Q75861479	6000000031037101190
Q7586188	6000000065849515843
Q75861920	6000000073966147072
Q75861963	6000000018967093893
Q75861977	6000000073966427872
Q75861998	6000000073966481897
Q75862064	6000000044257952644
Q75862117	6000000066554389941
Q75862119	6000000031055762095
Q75862120	6000000031055838987
Q75862122	6000000031055845134
Q75862123	6000000031055890118
Q75862124	6000000031055974287
Q75862141	6000000031055850781
Q75862142	6000000031055795490
Q75862164	6000000031055834217
Q75862191	6000000031055566388
Q75862192	6000000031055325723
Q75862193	6000000031055462682
Q75862227	6000000031057495830
Q75862234	6000000031057681845
Q75862241	6000000031057325074
Q75862298	6000000035009357354
Q75862333	6000000046472522967
Q75862335	6000000014744146842
Q75862353	6000000017332919948
Q75862361	6000000017332909790
Q75862383	6000000000765816001
Q75862437	6000000019102400488
Q75862444	6000000024949197767
Q75862485	6000000025999919508
Q75862492	6000000026008108901
Q75862501	6000000026000540270
Q75862519	6000000025999907812
Q75862525	6000000026000055293
Q75862532	6000000025999874491
Q75862538	6000000026000203988
Q75862546	6000000025999960766
Q75862551	6000000026000407927
Q75862556	6000000026000014693
Q75862557	6000000026000024183
Q75862600	6000000025999960570
Q75862601	6000000025997379364
Q75862625	6000000025999709726
Q75862626	6000000025999852626
Q75862668	6000000041722197970
Q75862694	6000000037784190349
Q75862751	6000000037784844133
Q75862753	6000000037784270399
Q75862758	6000000037784768331
Q75862831	6000000080912611053
Q75862857	6000000025343432546
Q75862859	6000000025344043464
Q75862862	6000000025344269082
Q75862866	6000000027078002428
Q75862873	6000000102352992900
Q75862928	6000000007089445434
Q75863008	6000000018541427856
Q75863023	6000000002188464358
Q75863264	4070727202970071453
Q75863309	6000000030942766110
Q75863649	6000000103644419828
Q75863661	6000000103644419822
Q75863711	6000000103644313944
Q75863713	6000000103644313938
Q75863864	6000000026663453555
Q75863866	6000000026663677114
Q75863870	6000000026663427640
Q75863875	6000000033403525955
Q75863880	6000000026420846220
Q75863883	6000000026663818845
Q75863884	6000000026663269670
Q75864028	6000000029175152861
Q75864049	6000000028018455955
Q75864097	6000000065040535000
Q75864128	6000000003249606451
Q75864129	6000000003249606929
Q75864265	4998008347970031869
Q75864269	6000000017080486216
Q75864281	6000000017080392338
Q75864284	6000000017080396284
Q75864287	389311470180003291
Q75864292	6000000017080373789
Q75864293	6000000017080089744
Q75864294	6000000017080510010
Q75864298	6000000017080282742
Q75864302	6000000017080438179
Q75864320	6000000020382235622
Q75864400	6000000005087217914
Q75864403	6000000005086685985
Q75864404	6000000005087259221
Q75864563	6000000011713477065
Q75864692	6000000027073576579
Q75864704	6000000001608743867
Q75864727	6000000038092030147
Q75864750	6000000024279508692
Q75864762	6000000030553516109
Q75864765	6000000030553281425
Q75864776	6000000017692036423
Q75864782	6000000024472133862
Q75864901	6000000013229716925
Q75864932	6000000066682335825
Q75864934	6000000066682559954
Q75864955	6000000002765268760
Q75865028	6000000002820863897
Q75865030	6000000002820967543
Q75865044	6000000009421087266
Q75865065	6000000002821142285
Q75865067	6000000003209950143
Q75865112	6000000002765360795
Q75865115	6000000052006570852
Q75865117	6000000002772193386
Q75865258	6000000039131612821
Q75865268	6000000030568346936
Q75865322	6000000003340354376
Q75865323	6000000003295213721
Q75865330	6000000003340178933
Q75865339	6000000014684531349
Q75865340	6000000025293287274
Q75865348	6000000014684558413
Q75865359	6000000025294084241
Q75865365	6000000020382159426
Q75865389	6000000009584381254
Q75865467	6000000076540623375
Q75865652	6000000057842394909
Q75865671	6000000057842246986
Q75865679	6000000113723337857
Q75865708	6000000057842430945
Q75865755	6000000067878434896
Q75865769	6000000076687272637
Q75865770	6000000076686789630
Q75865774	6000000067878567828
Q75865779	6000000003216093596
Q75865788	6000000076686894587
Q75865805	6000000076678599896
Q75865819	6000000081105640238
Q75865820	6000000020706108571
Q75865823	6000000081105697275
Q75865850	6000000015510856402
Q75865851	6000000067878026048
Q75865869	6000000016286362218
Q75865881	6000000026377984569
Q75865932	6000000008541212549
Q75865933	6000000008539315405
Q75866	6000000040970935218
Q75866004	6000000036080786917
Q75866021	6000000027030074709
Q75866028	6000000036621165492
Q75866051	6000000011649312320
Q75866053	6000000011649372257
Q75866059	6000000050557462924
Q75866060	4885965208040071243
Q75866061	6000000011649321388
Q75866066	6000000050559441061
Q75866089	6000000007160914942
Q75866090	6000000007160954426
Q75866092	6000000011649341260
Q75866093	6000000050557184779
Q75866095	6000000011648806179
Q75866096	6000000011649436320
Q75866099	6000000050559442904
Q75866100	6000000011649460317
Q75866101	6000000011649371400
Q75866111	6000000011649225813
Q75866114	6000000050557863148
Q75866119	4885983619310021871
Q75866332	6000000038162594191
Q75866346	6000000069797779877
Q75866351	6000000024032707893
Q75866389	6000000015127434506
Q75866392	6000000015129194409
Q75866400	6000000006444266907
Q75866401	5245476985300070983
Q75866402	2267359
Q75866403	2317848
Q75866405	6000000006444264039
Q75866478	6000000050516765123
Q75866482	6000000050517115112
Q75866486	6000000013794489664
Q75866538	6000000003891333848
Q75866553	6000000003891054726
Q75866617	303889825380004186
Q75866658	6000000023970662006
Q75866659	6000000023970689203
Q75866668	6000000006582551597
Q75866669	6000000006582679533
Q75866680	6000000006582475598
Q75866682	6000000006582444792
Q75866684	6000000031230276194
Q75866692	6000000006582798150
Q75866729	6000000023956678181
Q75866730	6000000002831280783
Q75866731	6000000023956561105
Q75866736	6000000023956244350
Q75866757	6000000023956402456
Q75866760	6000000023969718718
Q75866761	6000000023970324172
Q75866763	6000000023970192247
Q75866765	6000000023956019819
Q75866766	6000000006582517777
Q75866884	6000000000241887197
Q75867017	6000000060016032845
Q75867022	6000000060016448872
Q75867080	6000000000352380171
Q75867088	6000000000352380494
Q75867093	6000000000352380186
Q75867097	6000000000352380639
Q75867099	6000000000352513197
Q75867100	6000000011440306786
Q75867103	6000000005574204340
Q75867104	6000000000359422301
Q75867106	6000000000359512214
Q75867140	6000000000352380527
Q75867150	6000000000352402359
Q75867160	6000000036227929075
Q75867168	6000000000352508838
Q75867170	6000000000352508850
Q75867172	6000000000352508895
Q75867180	6000000000352508954
Q75867192	6000000000352513034
Q75867194	6000000000352513384
Q75867197	6000000000352513075
Q75867202	6000000000352513098
Q75867205	6000000000352513165
Q75867208	6000000000352513110
Q75867212	6000000000352513134
Q75867216	6000000000352513232
Q75867219	6000000000352513372
Q75867223	6000000000352513256
Q75867225	6000000000352513292
Q75867254	6000000032675830097
Q75867263	6000000032684231229
Q75867266	6000000032675943030
Q75867267	6000000032684705871
Q75867270	6000000032684642044
Q75867302	6000000014093211498
Q75867304	6000000040339608647
Q75867307	6000000032684572514
Q75867332	6000000032685142014
Q75867340	6000000014093178383
Q75867342	6000000014173958746
Q75867363	6000000036210085023
Q75867462	6000000001747528771
Q75867484	6000000052581526014
Q75867510	6000000052581037939
Q75867514	6000000052581030887
Q75867519	6000000015664503124
Q75867522	6000000015664538028
Q75867523	6000000015664441122
Q75867524	6000000015664449427
Q75867527	6000000015664469340
Q75867533	6000000015664476116
Q75867534	6000000015664441237
Q75867541	6000000015664569224
Q75867543	6000000015664474178
Q75867553	6000000025929008172
Q75867559	6000000015664669232
Q75867593	6000000015664451195
Q75867609	6000000038228346620
Q75867692	6000000004867380996
Q75867694	6000000004867385060
Q75867868	6000000040239940751
Q75867913	6000000026698698752
Q75867923	6000000023132667292
Q75867952	6000000027816829033
Q75867958	6000000052064957842
Q75868	6000000017617078422
Q75868105	6000000038261365869
Q75868116	6000000038260356705
Q75868126	6000000083071218895
Q75868128	6000000007265618387
Q75868140	6000000012950333424
Q75868141	6000000013677365407
Q75868198	6000000052064233213
Q75868214	6000000054487012844
Q75868215	6000000054488107870
Q75868354	6000000032798326135
Q75868357	6000000078440646822
Q75868371	6000000006603999636
Q75868404	6000000006604223161
Q75868409	6000000006604173238
Q75868534	6000000024451040271
Q75868621	6000000025969613575
Q75868786	6000000015974843550
Q75868948	6000000073516477923
Q75868950	6000000073511983819
Q75869030	6000000045456891933
Q75869066	6000000050273138015
Q75869101	6000000010679091806
Q75869102	6000000025967675769
Q75869105	6000000025965460729
Q75869136	6000000019752200663
Q75869142	6000000008848877532
Q75869144	6000000025968261329
Q75869151	6000000010342152409
Q75869160	6000000023207979985
Q75869162	6000000030121238535
Q75869207	6000000023207814356
Q75869208	6000000023207999111
Q75869246	6000000019702077993
Q75869250	6000000039140280844
Q75869409	6000000025967626431
Q75869415	6000000071675557003
Q75869445	6000000025968999263
Q75869551	6000000001427877020
Q75869553	6000000012230895930
Q75869554	6000000001427672774
Q75869655	6000000006167446457
Q75869658	6000000006167462612
Q75869688	6000000003279984746
Q75869694	6000000012231465522
Q75869696	6000000003280920596
Q75869715	6000000176296920830
Q75869716	6000000004364668384
Q75869720	6000000005854598010
Q75869753	6000000005855547001
Q75869776	6000000005857324008
Q75869777	6000000005857481004
Q75869790	6000000004364577347
Q75869791	6000000005858391001
Q75869792	6000000004364462304
Q75869795	6000000003225375065
Q75869797	6000000003225368355
Q75869798	6000000001426193130
Q75869801	6000000001426243019
Q75869804	6000000001426240387
Q75869805	6000000045354917966
Q75869809	6000000001427545005
Q75869810	6000000001427635075
Q75869812	6000000001427539044
Q75869815	6000000004363321084
Q75869824	6000000005173859595
Q75869825	6000000026240464225
Q75869833	6000000006297063616
Q75869835	6000000006297196261
Q75869836	6000000006297395028
Q75869837	6000000006297376140
Q75869838	6000000006297101521
Q75869845	6000000032719613054
Q75869848	6000000006280504056
Q75869849	6000000005602895128
Q75870	6000000091776835355
Q75870016	6000000012098554351
Q75870028	6000000026922758862
Q75870041	6000000008124212290
Q75870052	6000000035929656191
Q75870079	6000000035929439988
Q75870080	6000000015732853888
Q75870089	6000000035930344920
Q75870111	6000000027270864707
Q75870112	6000000027271790026
Q75870117	6000000027271158814
Q75870121	6000000040566103630
Q75870137	6000000040566305598
Q75870157	6000000040566214678
Q75870186	6000000040856557234
Q75870195	6000000040566512294
Q75870208	6000000040565998218
Q75870209	6000000077586611197
Q75870211	6000000040566709868
Q75870212	6000000016699121868
Q75870220	6000000016699257105
Q75870227	6000000016699025601
Q75870231	6000000027271545794
Q75870234	6000000027271398437
Q75870237	6000000027271644901
Q75870239	6000000005087098628
Q75870240	6000000020666510159
Q75870306	6000000074797499015
Q75870310	6000000074797484037
Q75870319	6000000011846211143
Q75870345	6000000004148780848
Q75870349	4090075482120125498
Q75870351	6000000001419899389
Q75870352	6000000001419812534
Q75870353	6000000011455227874
Q75870356	6000000011455155976
Q75870385	6000000011867019049
Q75870390	6000000011867684263
Q75870838	6000000016457819005
Q75870840	6000000016457588636
Q75870881	6000000016457753227
Q75870961	6000000009437521226
Q75870963	6000000009437240987
Q75871028	6000000084613198893
Q75871029	6000000084612699216
Q75871195	6000000013619176353
Q75871196	6000000013618720547
Q75871197	6000000013615601887
Q75871200	6000000013617646157
Q75871201	6000000013619240060
Q75871224	6000000013617891070
Q75871227	6000000013619437921
Q75871244	6000000013617932020
Q75871246	6000000013618089080
Q75871247	6000000009600695440
Q75871248	6000000051945824866
Q75871252	6000000009600746870
Q75871254	6000000013617511549
Q75871256	6000000009600713602
Q75871257	6000000013617628642
Q75871258	6000000009600710649
Q75871266	6000000013618114068
Q75871286	6000000013617647935
Q75871309	6000000013617346410
Q75871311	6000000013629892945
Q75871362	6000000013631239372
Q75871381	6000000013618083021
Q75871432	6000000013617030557
Q75871433	6000000013617626789
Q75871435	6000000013630590466
Q75871482	6000000017598476015
Q75871511	6000000048187206523
Q75871513	6000000048187572237
Q75871523	6000000019167050986
Q75871579	6000000079216835244
Q75871612	6000000110561983862
Q75871675	6000000030165113330
Q75871682	6000000006444407241
Q75871696	6000000082558671066
Q75871698	6000000021746410920
Q75871701	6000000021746433960
Q75871708	6000000078142269508
Q75871785	6000000078143190955
Q75871788	6000000078143259955
Q75871807	6000000078143585919
Q75871856	6000000012333348837
Q75871876	6000000005087538714
Q75871885	6000000005888888261
Q75871889	6000000005891383013
Q75871895	6000000036676672856
Q75871897	6000000005087103379
Q75871992	6000000025985877021
Q75872	6000000079635109855
Q75872066	6000000007287600883
Q75872078	6000000012813398150
Q75872104	6000000041135894711
Q75872109	6000000036227354683
Q75872121	6000000014667186261
Q75872123	6000000036227873949
Q75872152	6000000001426222310
Q75872155	6000000016324661863
Q75872232	6000000025987997853
Q75872286	6000000035934099028
Q75872299	6000000083067993031
Q75872318	6000000020514958535
Q75872338	6000000034452169009
Q75872340	6000000031285029623
Q75872344	6000000031285976147
Q75872403	6000000031283610848
Q75872408	6000000031283614870
Q75872462	6000000025987383348
Q75872478	6000000025987991832
Q75872500	6000000031285695849
Q75872540	6000000025988216855
Q75872541	6000000025987920849
Q75872554	6000000031285660115
Q75872600	6000000025992533112
Q75872602	6000000025989598788
Q75872608	6000000025988649255
Q75872716	6000000000796870470
Q75872754	6000000018860319907
Q75872813	6000000002787246512
Q75872905	6000000006815600221
Q75872927	6000000024511245839
Q75872927	6000000074561423051
Q75873057	6000000000392150033
Q75873058	6000000000391767463
Q75873163	6000000034038116756
Q75873166	6000000034038753361
Q75873171	6000000034038783755
Q75873269	6000000027341948185
Q75873273	6000000020601250149
Q75873298	6000000032266399832
Q75873299	6000000079459279095
Q75873303	6000000032265517316
Q75873304	6000000032266581845
Q75873335	6000000009440963002
Q75873339	6000000039283293824
Q75873342	6000000006877955129
Q75873486	6000000019015380280
Q75873488	6000000019015374218
Q75873489	6000000019015374207
Q75873495	6000000019015491244
Q75873497	6000000019826718880
Q75873596	6000000046845988071
Q75873597	6000000019760770680
Q75873604	6000000019746340519
Q75873605	6000000019747188134
Q75873621	6000000019759276739
Q75873650	6000000000394189421
Q75873658	6000000000433176587
Q75873661	6000000128974988033
Q75873677	6000000029277787416
Q75873680	6000000029278114209
Q75873724	6000000019332578182
Q75873726	6000000009755491765
Q75873729	6000000013520407681
Q75873732	6000000009755999286
Q75873737	6000000013520331785
Q75873761	6000000025988987602
Q75873830	6000000084611061389
Q75873834	6000000039412143883
Q75873837	6000000084611682527
Q75874	6000000008370176960
Q75874027	6000000019168656513
Q75874131	6000000022990704615
Q75874132	6000000022990936987
Q75874165	6000000022990460566
Q75874170	6000000000350942691
Q75874202	6000000009047910479
Q75874208	6000000009048014253
Q75874299	6000000006567159057
Q75874319	6000000006567159084
Q75874501	6000000024293990047
Q75874509	6000000024176667268
Q75874516	6000000024173322460
Q75874518	6000000024177774064
Q75874519	6000000024177175056
Q75874533	6000000024173297756
Q75874541	6000000024179000834
Q75874543	6000000007989506986
Q75874544	6000000000337364286
Q75874551	6000000022919420957
Q75874567	6000000024179872822
Q75874570	6000000024179850831
Q75874571	6000000024179706881
Q75874575	6000000024179894855
Q75874598	6000000024179431877
Q75874645	6000000036588343590
Q75874692	6000000024179431828
Q75874702	6000000025901144460
Q75874706	6000000048320248079
Q75874732	6000000025901393292
Q75874733	6000000025900989604
Q75874737	6000000025901759957
Q75874741	6000000025901906837
Q75874742	6000000025901774138
Q75874743	6000000025900989649
Q75874759	6000000048317809866
Q75874791	6000000163431749837
Q75874826	6000000081859900190
Q75874886	6000000011552258248
Q75874887	345353345140011805
Q75874923	6000000053309893254
Q75874925	6000000012434072138
Q75874966	6000000016241589243
Q75874995	6000000017611002900
Q75874998	6000000017611303437
Q75875090	6000000000310571647
Q75875339	6000000019070971096
Q75875368	6000000017229585002
Q75875383	6000000086930741875
Q75875408	6000000014884300908
Q75875409	6000000006049176001
Q75875415	6000000006046892001
Q75875512	6000000018870390284
Q75875521	6000000063687602855
Q75875537	6000000014897666625
Q75875538	6000000063687394983
Q75875542	6000000014897585449
Q75875550	6000000033868366401
Q75875555	6000000033868127724
Q7587557	6000000012860208472
Q75875621	6000000020629022561
Q75875624	6000000020629484962
Q75875627	6000000020629274068
Q75875630	6000000020628467816
Q7587576	6000000009633662567
Q75875799	6000000078548550672
Q75875801	6000000016945087967
Q75875802	6000000016945087987
Q75875803	6000000016945247208
Q75875810	6000000016945377147
Q75875811	6000000016945215655
Q75875813	6000000016945286503
Q75875814	6000000016944875545
Q75875876	6000000016945057567
Q75875921	6000000016945945960
Q75875924	6000000016945957913
Q75875949	6000000016943955502
Q75875973	6000000038332052856
Q75876039	6000000042102360837
Q75876062	6000000010290807666
Q75876173	6000000034710198943
Q75876245	6000000091720511030
Q75876258	6000000035132151156
Q75876273	6000000026089231197
Q75876274	6000000026089351577
Q75876295	6000000052969748912
Q75876307	6000000010666663993
Q75876348	6000000052965226002
Q75876351	6000000078702959618
Q75876395	6000000069793077039
Q75876420	6000000069794338016
Q75876473	6000000009747855305
Q75876492	6000000009747277190
Q75876505	6000000045134776893
Q75876506	6000000009747253909
Q75876510	6000000045144048867
Q75876638	6000000006444553640
Q75876724	6000000035361369344
Q75876758	6000000008541536573
Q75876768	6000000008541530640
Q75877041	6000000019999685825
Q75877087	6000000069597227898
Q75877090	6000000019680017127
Q75877126	6000000019417260330
Q75877268	6000000020008161508
Q75877302	6000000046920522843
Q75877303	6000000046923482686
Q75877311	6000000025939871425
Q75877318	6000000025937004345
Q75877322	6000000025933496593
Q75877323	6000000025939549916
Q75877328	6000000025938686985
Q75877330	6000000025935906369
Q75877336	6000000025933792165
Q75877354	6000000050563520854
Q75877541	6000000023286017826
Q75877698	6000000009415050639
Q75877701	6000000083471317936
Q75877754	6000000004151198163
Q75877766	6000000110883432821
Q75877775	6000000056941760891
Q75877810	6000000007635113121
Q75877820	6000000007635186540
Q75877828	6000000007635512231
Q75877830	6000000007635385738
Q75877836	6000000014358787589
Q75877839	6000000015550065871
Q75877854	6000000048458994034
Q75877859	6000000044087731987
Q75877904	6000000013639777808
Q75878	6000000038887978445
Q75878025	6000000031239215896
Q75878086	6000000000352402376
Q75878097	6000000102888452830
Q75878197	6000000018467041495
Q75878214	6000000052186111941
Q75878257	6000000052186082049
Q75878260	6000000052185757536
Q75878289	6000000055497293915
Q75878291	6000000055506513833
Q75878323	6000000076687042564
Q75878384	6000000026229109418
Q75878410	6000000018467053292
Q75878545	6000000028356661571
Q75878553	6000000018466991905
Q75878558	6000000028356360825
Q75878566	6000000018457003518
Q75878567	6000000028357051629
Q75878574	6000000053127896051
Q75878575	6000000036441012209
Q75878588	6000000018456784948
Q75878593	6000000018467036977
Q75878674	6000000028356344117
Q75878693	6000000026882533906
Q75879003	6000000010812111859
Q75879143	6000000014047724084
Q75879153	6000000014047707117
Q75879248	6000000050692269196
Q75879302	6000000028726839902
Q75879395	6000000028726422567
Q75879399	6000000041146476751
Q75879411	6000000041146476758
Q75879436	6000000041146476683
Q75879565	6000000027664451171
Q75879647	6000000052966665847
Q75879730	6000000016315218586
Q75879774	6000000013450911007
Q75879794	6000000013451127277
Q75879832	6000000109630231154
Q75879890	6000000003006342698
Q75879903	6000000002115897218
Q75879950	6000000013385123240
Q75879951	6000000013385030510
Q75879957	6000000023212233971
Q75880003	6000000081257028997
Q75880065	6000000028065401491
Q75880105	6000000010867709458
Q75880108	6000000010867749687
Q75880109	6000000013677737603
Q75880112	6000000080411564307
Q75880114	6000000080411841215
Q75880120	6000000080411860268
Q75880124	6000000010872277101
Q75880126	6000000010872553774
Q75880192	6000000021452434895
Q75880210	6000000080411361656
Q75880214	6000000010872814216
Q75880223	6000000010867473026
Q75880243	6000000044557595130
Q75880250	6000000095343740065
Q75880251	6000000013670570268
Q75880252	6000000013439876602
Q75880266	6000000001199785186
Q75880309	6000000013439901651
Q75880311	6000000013439787620
Q75880313	6000000049791049869
Q75880413	6000000009769828728
Q75880415	6000000009770121480
Q75880468	6000000003403196135
Q75880494	6000000014315720828
Q75880531	6000000015960590900
Q75880533	6000000022457092954
Q75880538	6000000085166581821
Q75880547	6000000085167809851
Q75880562	6000000085165302998
Q75880610	6000000045146560972
Q75880665	6000000030973571267
Q75880667	6000000030973686105
Q75880751	6000000025571929963
Q75881015	6000000029175128979
Q75881016	6000000029176356675
Q75881019	6000000029176412226
Q75881022	6000000029176561005
Q75881023	6000000029176702048
Q75881025	6000000029199282045
Q75881028	6000000029199843125
Q75881029	6000000029200005997
Q75881035	6000000029199422937
Q75881042	6000000029176611360
Q75881059	6000000029176807790
Q75881064	6000000029176918471
Q75881069	6000000029171781776
Q75881071	6000000029176612116
Q75881074	6000000029177635957
Q75881084	6000000029180074170
Q75881090	6000000029176129662
Q75881092	6000000029176709878
Q75881098	6000000053915627188
Q75881106	6000000014299472083
Q75881133	6000000017077902833
Q75881139	6000000014299794700
Q75881140	6000000014299323956
Q75881141	6000000014299535638
Q75881150	6000000042922369891
Q75881154	6000000029226183702
Q75881162	6000000009896361494
Q75881167	6000000029226474960
Q75881173	6000000014287789040
Q75881176	6000000029226435119
Q75881193	6000000015739697553
Q75881211	6000000038945031701
Q75881214	6000000029236335222
Q75881232	6000000038945503187
Q75881272	6000000014290144637
Q75881274	6000000014290113139
Q75881298	6000000014290283718
Q75881301	6000000014292805122
Q75881302	6000000014290135721
Q75881303	6000000014290130225
Q75881322	6000000014290416204
Q75881338	6000000014290206728
Q75881615	6000000057998166391
Q75881622	6000000025431654432
Q75881631	6000000082627428937
Q75881634	6000000082627139122
Q75881704	6000000057999308882
Q75881784	6000000038694979868
Q75881788	6000000064755592915
Q75881792	6000000064755561893
Q75881793	6000000064755217225
Q75881796	6000000043570599934
Q75881802	6000000064755596935
Q75881803	6000000064755978823
Q75881804	6000000064755719970
Q75881830	6000000038694529314
Q75881834	6000000038694776925
Q75881846	6000000064755848863
Q75881891	6000000038694541146
Q75881963	6000000020387099342
Q75882	6000000035476831896
Q75882040	6000000053200651951
Q75882042	6000000053200992832
Q75882044	6000000033565853098
Q75882048	6000000053200702999
Q75882050	6000000053201127821
Q75882057	6000000053199051664
Q75882060	6000000033566400841
Q75882061	6000000033565861195
Q75882063	6000000033565648460
Q75882065	6000000033565884438
Q75882083	6000000066604847821
Q75882084	6000000086611748968
Q75882088	6000000079480434436
Q75882090	6000000079480810300
Q75882092	6000000079536237330
Q75882108	6000000079536612418
Q75882112	6000000079480268813
Q75882116	6000000022178710021
Q75882125	6000000079536465082
Q75882128	6000000079481159931
Q75882152	6000000052501801825
Q75882229	6000000039577898365
Q7588229	342398718500011908
Q75882337	6000000013453730599
Q75882460	6000000013940980364
Q75882464	6000000027421169684
Q75882477	6000000019753696108
Q75882492	6000000026411678233
Q75882494	6000000026411554808
Q75882515	6000000026411433817
Q75882516	6000000026412006160
Q75882520	6000000026411923270
Q75882530	6000000026411644802
Q75882538	6000000026412512926
Q75882543	6000000026412220159
Q75882708	6000000020158996788
Q75882709	6000000020158903887
Q75882873	6000000006444256859
Q75882883	6000000026089174805
Q75882927	6000000038811963272
Q75882928	6000000038813084859
Q75882963	6000000050563310982
Q75883004	6000000016518323276
Q75883006	6000000016518360220
Q75883008	6000000016518439184
Q75883052	6000000016518404366
Q75883053	6000000016518341502
Q75883057	6000000016518302497
Q75883058	6000000016518291472
Q75883059	6000000016518335253
Q75883064	6000000016518283569
Q75883069	6000000012825482837
Q75883132	6000000020382140950
Q75883135	6000000006856203211
Q75883322	6000000019632685782
Q75883324	6000000005617547888
Q75883462	6000000033999007992
Q75883466	6000000033842636923
Q75883472	6000000019717114717
Q75883473	6000000033842524929
Q75883474	6000000033842556064
Q75883477	6000000034021548829
Q75883479	6000000034021650699
Q75883481	6000000034023304016
Q75883499	6000000034022645368
Q75883502	6000000034023072103
Q75883561	6000000034022684324
Q75883575	6000000034023338899
Q75883618	6000000034022746242
Q75883621	6000000034022466387
Q75883622	6000000034023038095
Q75883625	6000000034023296893
Q75883650	6000000033842290184
Q75883661	6000000033842206371
Q75883662	6000000033842352142
Q75883668	6000000033841908436
Q75883686	6000000033841849666
Q75883687	6000000033842031536
Q75883690	6000000033842152491
Q75883691	6000000033842408090
Q75883717	6000000033998908652
Q75883718	6000000034000101416
Q75883728	6000000034000393182
Q75883835	6000000019133607864
Q75883875	6000000002174699717
Q75883913	6000000043851145511
Q75883916	6000000053082277954
Q75883929	6000000044067944036
Q75883967	6000000065125227901
Q75883971	6000000002613459596
Q75883986	6000000103854196996
Q75883987	6000000103853080340
Q75883988	6000000103854608854
Q75883998	6000000109854408036
Q75884096	6000000026412535047
Q75884158	6000000026412482341
Q75884171	6000000002337240845
Q75884173	6000000083955138575
Q75884180	6000000030883950773
Q75884183	6000000015582072348
Q75884184	6000000039989214999
Q75884185	6000000015581942189
Q75884190	6000000030884665990
Q75884293	6000000015741634144
Q75884294	6000000015741561314
Q75884296	6000000038933547944
Q75884303	6000000038933610137
Q75884303	6000000082381811437
Q75884305	6000000067107682870
Q75884306	6000000022294036031
Q75884307	6000000022293738725
Q75884310	6000000082382558401
Q75884314	6000000177741339822
Q75884315	6000000038932943059
Q75884316	6000000177740939853
Q75884318	6000000015741011611
Q75884320	6000000038933958881
Q75884325	6000000038933030092
Q75884325	6000000082383260168
Q75884329	6000000082382549228
Q75884330	6000000082381745996
Q75884332	6000000082382664850
Q75884340	6000000030531232808
Q75884386	6000000018192353435
Q75884393	6000000038945351993
Q75884397	6000000038945079302
Q75884402	6000000038945650856
Q75884408	6000000038945626996
Q75884465	6000000032093248503
Q75884466	6000000029240763160
Q75884476	6000000038929716635
Q75884532	6000000038931951954
Q75884533	6000000026390726203
Q75884554	6000000026391775915
Q75884555	6000000038929907708
Q75884560	6000000026391056523
Q75884561	6000000038930825221
Q75884564	6000000038931696068
Q75884565	6000000026390603607
Q75884567	6000000026391865866
Q75884582	6000000026393722863
Q75884587	6000000026394015838
Q75884591	6000000026393422797
Q75884610	6000000026394686720
Q75884650	6000000038931832899
Q75884692	6000000038704937266
Q75884695	6000000038704694639
Q75884699	6000000038704551058
Q75884706	6000000050558204833
Q75884714	6000000013818903994
Q75884736	6000000107175332833
Q75884738	6000000107172162959
Q75884742	6000000107175526822
Q75884743	6000000107175419847
Q75884770	6000000107175632831
Q75884800	6000000107175802821
Q75884838	6000000023016823243
Q75884889	6000000107175757834
Q75884891	6000000107175069831
Q75884893	6000000107175918831
Q75884968	6000000019397025798
Q75884970	6000000019397080590
Q75884983	6000000021559176608
Q75884983	6000000025986678941
Q75885027	6000000025796649668
Q75885103	6000000042202568942
Q75885126	6000000019953742262
Q75885126	6000000041582422474
Q75885135	6000000038446258137
Q75885136	6000000038447294841
Q75885147	6000000022880910617
Q75885155	6000000008404356697
Q75885185	6000000016253742447
Q75885195	6000000011108322321
Q75885209	6000000013504631252
Q75885212	6000000015733430890
Q75885225	6000000040725088911
Q75885226	6000000019753934278
Q75885227	6000000033510920197
Q75885230	6000000019753783531
Q75885233	6000000019754107001
Q75885235	6000000040725658389
Q75885236	6000000040725494473
Q75885240	6000000040751741824
Q75885241	6000000040751244520
Q75885242	6000000040754480960
Q75885250	6000000040754829859
Q75885251	6000000040754757146
Q75885257	6000000040754030592
Q75885258	6000000040754374342
Q75885261	6000000040754596955
Q75885262	6000000040754065756
Q75885264	6000000040725721061
Q75885270	6000000040750965892
Q75885277	6000000040750470537
Q75885287	6000000040725820009
Q75885291	6000000040725351673
Q75885297	6000000019774377523
Q75885310	6000000040726039056
Q75885501	6000000076370954489
Q75885519	6000000076369910826
Q75885549	6000000065623107213
Q75885552	6000000066986507873
Q75885586	6000000042653201090
Q75885607	6000000015733338851
Q75885610	6000000025799582299
Q75885654	6000000025799426137
Q75885694	6000000015733375637
Q75885699	6000000007683253360
Q75885703	6000000007683338352
Q75885727	6000000025796610788
Q75885730	6000000025797746864
Q75885734	6000000025796796708
Q75885736	6000000007683371332
Q75885760	6000000022883363850
Q75885764	6000000019753706901
Q75886	6000000054803405821
Q75886062	6000000024571080832
Q75886064	6000000019255643518
Q75886065	6000000008963896473
Q75886095	6000000001608801289
Q75886097	6000000057519758855
Q75886179	6000000026041944234
Q75886180	6000000026042104828
Q75886216	6000000008963708150
Q75886217	6000000008963860708
Q75886221	6000000083609699248
Q75886222	6000000083609489431
Q75886233	6000000019255717479
Q75886236	6000000034879060019
Q75886245	6000000017982499030
Q75886250	6000000019255602441
Q75886251	6000000019255774108
Q75886265	6000000034879115967
Q75886270	6000000034878989056
Q75886312	6000000114190691034
Q75886363	6000000114193235836
Q75886366	6000000114193235852
Q75886382	6000000021068904596
Q75886604	6000000035317062459
Q75886622	6000000035318283098
Q75886649	6000000035320204770
Q75886650	6000000035316911059
Q75886687	6000000020497375045
Q75886699	6000000035317177137
Q75886708	6000000035316765639
Q75886724	6000000035317138173
Q75886789	6000000035317670210
Q75886791	6000000035316991530
Q75886899	6000000008880962502
Q75886998	6000000053843246886
Q75887005	6000000037945200573
Q75887016	6000000022108738541
Q75887018	6000000021894858355
Q75887037	6000000014458927556
Q75887040	6000000014459044211
Q75887052	6000000044680213853
Q75887128	6000000041488302733
Q75887130	6000000015959664710
Q75887173	6000000036942643041
Q75887181	6000000036943225896
Q75887182	6000000036943049020
Q75887186	6000000036942607565
Q75887214	6000000015960436015
Q75887216	6000000015960613900
Q75887217	6000000015960678533
Q75887218	6000000015960696234
Q75887219	6000000015960551430
Q75887220	6000000015960739154
Q75887221	6000000015960386743
Q75887222	6000000015960320982
Q75887225	6000000015960839019
Q75887230	6000000015960789400
Q75887231	6000000015960909341
Q75887238	6000000015959922972
Q75887240	6000000015960339549
Q75887242	6000000015960888471
Q75887247	6000000015960935196
Q75887254	6000000022456840249
Q75887256	6000000053587838842
Q75887283	6000000007652112925
Q75887290	6000000007675404799
Q75887294	6000000014246717971
Q75887347	6000000031796268052
Q75887352	6000000031795287380
Q75887392	6000000026238126824
Q75887417	6000000026240465245
Q75887443	6000000026230470055
Q75887470	6000000017093886915
Q75887476	6000000017094209624
Q75887477	6000000013522206593
Q75887496	6000000017094548066
Q75887497	6000000017094707423
Q75887498	6000000013522458251
Q75887501	6000000013522328418
Q75887503	6000000017094586546
Q75887504	6000000017094001890
Q75887508	6000000014604274730
Q75887516	6000000100599515848
Q75887519	6000000100599532834
Q75887555	6000000017358699657
Q75887717	6000000005610132330
Q75887743	6000000006516857004
Q75887745	6000000080630741115
Q75887746	6000000003092905563
Q75887747	6000000080630447372
Q75887887	6000000038739050179
Q75887888	6000000080631204838
Q75887890	6000000038739415840
Q75887894	6000000038738685520
Q75887896	6000000080633510515
Q75887914	6000000080633766477
Q75887917	6000000080633698456
Q75887991	6000000080630545207
Q75887998	6000000080629957460
Q75888005	6000000080633566093
Q75888020	6000000043376168887
Q75888058	6000000008881041580
Q75888077	6000000034755772445
Q75888078	6000000034756111942
Q75888094	6000000035630621702
Q75888107	6000000066377075907
Q75888131	6000000025376466091
Q75888270	6000000002337290213
Q75888582	6000000019333926764
Q75888620	6000000024759889344
Q75888621	6000000024758039832
Q75888636	6000000046860848955
Q75888639	6000000046860357364
Q75888668	6000000028835704775
Q75888671	6000000079214134953
Q75888871	6000000008881131405
Q75888886	6000000009477502565
Q75888890	6000000005250047459
Q75888894	6000000017071816178
Q75888939	6000000037561460242
Q75888944	6000000037561157781
Q75888947	6000000044605128167
Q75889	283827869810007173
Q75889017	6000000013862368163
Q7588915	6000000017079365940
Q75889162	6000000074767851993
Q75889163	6000000071004552839
Q75889175	6000000077238852415
Q75889209	6000000007250188431
Q75889213	6000000007250234290
Q75889231	6000000020962395290
Q75889281	6000000116610975825
Q75889283	6000000035581715563
Q75889326	6000000008873057737
Q75889328	6000000052156285922
Q75889374	6000000008881070535
Q75889375	6000000008873243968
Q75889474	6000000007940794974
Q75889479	6000000030748206398
Q75889487	6000000029301335952
Q75889506	6000000008836712470
Q75889509	6000000008836874229
Q75889549	6000000029118728764
Q75889562	6000000030024554306
Q75889565	6000000030024628866
Q75889612	6000000055314228900
Q75889633	6000000008881006519
Q75889650	6000000023975198968
Q75889820	6000000009729113871
Q75889935	6000000016006730245
Q75889961	6000000039308255040
Q75889984	6000000020704740209
Q75890046	6000000039308077549
Q75890137	6000000022109157427
Q75890225	6000000041466036495
Q75890337	6000000041183609016
Q75890476	6000000094642251889
Q75890508	6000000074824120838
Q75890702	6000000075862882821
Q75890717	6000000075835355861
Q75890736	6000000039780964980
Q75890754	6000000039781298829
Q75890762	6000000054865682863
Q75890801	6000000076294922980
Q75890804	6000000076295161934
Q75890819	6000000180462091852
Q75890836	6000000039555659145
Q75890838	6000000039556261829
Q75890850	6000000055661005906
Q75890874	6000000054874653076
Q75890999	6000000025397788459
Q75891	6000000023290391627
Q75891001	6000000025398174155
Q75891038	6000000056540318136
Q75891077	6000000045360966822
Q75891081	6000000032979484436
Q75891082	6000000032979792133
Q75891084	6000000162153650822
Q75891092	6000000045420323864
Q75891095	6000000032979928859
Q75891096	6000000032979905904
Q75891101	6000000018788606685
Q75891111	6000000018845586036
Q75891112	6000000023416794827
Q75891113	6000000023416794839
Q75891120	6000000024450573321
Q75891122	6000000002199446331
Q75891134	6000000026421128724
Q75891149	6000000083986596057
Q75891159	6000000008873029021
Q75891163	6000000022334760624
Q75891185	6000000010370227614
Q75891213	6000000015025965445
Q75891255	6000000034673695852
Q75891258	6000000025411217790
Q75891304	6000000026716450686
Q75891309	6000000026716125670
Q75891310	6000000026716982940
Q75891316	6000000029885622706
Q75891327	6000000025482917374
Q75891329	6000000042577779760
Q75891335	6000000042577967328
Q75891337	6000000019624435198
Q75891351	6000000019467901657
Q75891353	6000000019468330023
Q75891354	6000000001397251780
Q75891356	6000000057306773268
Q75891363	6000000026717174866
Q75891368	6000000063024958822
Q75891371	6000000033058218651
Q75891380	6000000006978197744
Q75891398	6000000032205118754
Q75891405	6000000025412436613
Q75891420	6000000025412877233
Q75891451	6000000025414333714
Q75891457	6000000025414598591
Q75891469	6000000025414935096
Q75891475	6000000025414830110
Q75891487	6000000025412332609
Q75891494	6000000025414733508
Q75891635	6000000000177737158
Q75891636	6000000000177756303
Q75891675	6000000000177711216
Q75891677	6000000000177710263
Q75891679	6000000000195851359
Q75891682	6000000000195533780
Q75891738	6000000025344282040
Q75891793	5184602093040027066
Q75891828	6000000025344072225
Q75891830	6000000115165629120
Q75891915	6000000025343786402
Q75891959	6000000025343912193
Q75891963	6000000025343785151
Q75891972	6000000025344054989
Q75891976	6000000025344055027
Q75892124	6000000069450451617
Q75892127	6000000059813070821
Q75892146	6000000069491667053
Q75892219	6000000026421183965
Q75892229	6000000022848396839
Q75892231	6000000025128921477
Q75892250	6000000025129662986
Q75892270	6000000053709156035
Q75892316	6000000073433198419
Q75892366	6000000011297407647
Q75892370	6000000072256568851
Q75892378	6000000046945032864
Q75892444	6000000034727709464
Q75892487	6000000109876459131
Q75892488	6000000031138961473
Q75892507	6000000109894546288
Q75892627	6000000039989358992
Q75892640	6000000041306525585
Q75892643	6000000053330182014
Q75892646	6000000053330578051
Q75892704	6000000003506270467
Q75892777	6000000000096076129
Q75892789	6000000000096008542
Q75892796	6000000034470506887
Q75892798	6000000034469267693
Q75892806	6000000031718784873
Q75892817	6000000034458057844
Q75892818	6000000030244733012
Q75892821	6000000034456382934
Q75892823	6000000030244788043
Q75892827	6000000007793776602
Q75892856	6000000002884835388
Q75892861	6000000002884835399
Q75892925	6000000034457684318
Q75892946	6000000086230524074
Q75892951	6000000086231022971
Q75892954	6000000114747555876
Q75892965	6000000045630102984
Q75892981	6000000114746833082
Q75893	6000000024684659141
Q75893007	6000000114747603899
Q75893036	6000000086231510890
Q75893046	6000000086230417871
Q75893072	6000000031718108587
Q75893165	6000000030719965561
Q75893172	6000000031718218385
Q75893174	6000000031718016555
Q75893176	6000000031718248105
Q75893177	6000000031718375934
Q75893223	6000000031718405865
Q75893224	6000000031718235351
Q75893245	6000000031718049502
Q75893246	6000000031717740756
Q75893248	6000000031718373946
Q75893297	6000000008873345549
Q75893369	6000000034457884156
Q75893407	6000000080754465052
Q75893534	6000000050503555002
Q75893553	6000000011935131572
Q75893571	6000000003891822829
Q75893617	6000000080251678258
Q75893622	6000000080253144843
Q75893637	6000000080290805160
Q75893650	6000000080291074130
Q75893651	6000000080290371407
Q75893653	6000000080292928875
Q75893655	6000000080292009239
Q75893662	6000000080190250941
Q75893725	6000000013329172340
Q75893726	6000000038285056300
Q75893733	6000000015852382129
Q75893763	6000000021255850476
Q75893866	6000000041141706881
Q75893870	6000000041141813821
Q75893879	6000000008392334486
Q75893888	6000000037041235387
Q75893892	6000000036519531237
Q75893894	6000000036519114745
Q75893906	6000000037042037822
Q75893917	6000000008392193428
Q75893934	6000000041141674869
Q75893935	6000000008392193422
Q75893993	6000000003244050163
Q75894042	6000000026089353537
Q75894061	6000000008392193434
Q75894062	6000000008392193439
Q75894063	6000000007027390165
Q75894066	6000000008392249975
Q75894068	6000000008392246495
Q75894069	6000000033359446353
Q75894074	6000000008392395365
Q75894075	6000000008392308892
Q75894078	6000000008392002970
Q75894080	6000000008392039186
Q75894083	6000000008392583375
Q75894084	6000000008392340816
Q75894085	6000000008392710340
Q75894152	6000000051999154906
Q75894218	6000000036990827478
Q75894253	6000000036991556869
Q75894283	6000000004770433008
Q75894480	6000000012329694334
Q75894719	6000000035189835239
Q75894758	6000000014024320646
Q75894829	6000000066934864846
Q75894832	6000000066934458017
Q75894850	6000000152688832834
Q75894861	6000000025623082609
Q75895024	6000000019961567779
Q75895053	6000000042147187824
Q75895084	6000000019962352493
Q75895138	6000000078316001897
Q75895139	6000000078315959161
Q75895140	6000000078312709466
Q75895158	6000000078316401821
Q75895161	6000000078313422821
Q75895162	6000000078312830218
Q75895164	6000000078313105095
Q75895181	6000000107769552098
Q75895201	6000000020034302468
Q75895339	6000000014397820422
Q75895343	6000000032463694153
Q75895356	6000000015772103702
Q75895373	6000000019920998010
Q75895375	6000000019962599107
Q75895378	6000000019962352740
Q75895380	6000000019962528516
Q75895381	6000000019962679641
Q75895382	6000000019962799064
Q75895391	6000000016416010851
Q75895441	6000000020006566855
Q75895611	6000000012634080761
Q75895678	6000000008394194801
Q75895691	6000000116293508500
Q75895693	6000000116293507918
Q75895697	6000000116293508473
Q75895705	6000000008394048319
Q75895733	6000000015500261245
Q75895738	6000000008394151451
Q75895741	6000000008394186513
Q75895761	6000000084751300166
Q75895763	6000000084751296201
Q75895769	6000000084751325112
Q75895775	6000000015511291452
Q75895777	6000000041446557207
Q75895790	6000000015511382068
Q75895791	6000000015511394072
Q75896094	6000000185361653909
Q75896159	6000000042578124055
Q75896162	6000000042577863595
Q75896173	6000000001702183891
Q75896176	6000000002129608063
Q75896178	6000000010531152291
Q75896181	6000000010713493839
Q75896191	6000000026815373160
Q75896193	6000000026815479873
Q75896202	6000000026812962383
Q75896203	6000000026813236221
Q75896205	6000000037153519687
Q75896206	6000000037154203917
Q75896311	6000000015664889046
Q75896316	6000000033358985314
Q75896320	6000000031038379989
Q75896333	6000000033358894273
Q75896362	6000000033359336688
Q75896378	6000000008392193444
Q75896379	6000000025068491918
Q75896393	6000000033331556975
Q75896659	6000000006444223332
Q75897022	6000000009995601433
Q75897171	6000000041849404469
Q75897262	6000000016573007472
Q75897268	6000000041721933491
Q75897342	6000000010810108310
Q75897344	6000000041642229990
Q75897348	6000000010809803048
Q75897352	6000000041642150736
Q75897358	6000000041642668671
Q75897369	6000000041642903170
Q75897600	6000000034027281021
Q75897644	6000000038648870952
Q75897726	6000000082870662948
Q75897811	6000000034344035894
Q75897819	6000000082870291106
Q75897837	6000000082867678869
Q75897902	6000000067137732846
Q75897907	6000000144682828890
Q75897988	6000000045388129281
Q75897988	6000000054571053895
Q75898034	6000000050761117879
Q75898035	340475065910012626
Q75898291	6000000028302351211
Q75898337	6000000027050337965
Q75898340	6000000025852742316
Q75898439	6000000052094950823
Q75898451	6000000036549342127
Q75898453	6000000052094218966
Q75898460	6000000066689912996
Q75898468	6000000052094587842
Q75898482	6000000026025629195
Q75898532	6000000059140805089
Q75898620	6000000111840102878
Q75898621	6000000033870158706
Q75898624	6000000005438481808
Q75898627	6000000111842611000
Q75898643	6000000111843731939
Q75898645	6000000111843643016
Q75898652	6000000111841441833
Q75898654	6000000111841378894
Q75898655	6000000021813429795
Q75898658	6000000111843669868
Q75898661	6000000063640912821
Q75898778	6000000063640762987
Q75899425	6000000042202473964
Q75899441	6000000006110599892
Q75899508	6000000067837165822
Q75899534	6000000066380027840
Q75899600	6000000084801849077
Q75899692	6000000023131745053
Q75899730	6000000016285805526
Q75899731	6000000016285948603
Q75899828	6000000076828947909
Q75899998	6000000021452365995
Q75900	6000000035504260831
Q75900040	6000000019312870902
Q75900080	6000000028019298967
Q75900104	6000000028017954562
Q75900128	6000000057280126871
Q75900136	6000000092674122178
Q75900141	6000000028018421132
Q75900260	6000000017080384545
Q75900286	6000000002986102944
Q75900289	6000000002986313054
Q75900515	6000000033986237720
Q75900516	6000000033986585131
Q75900533	6000000033987298343
Q75900548	6000000033986697285
Q75900550	6000000026377849687
Q75900552	6000000033986665370
Q75900554	6000000026377890209
Q75900555	6000000026377872643
Q75900568	6000000033990966264
Q75900569	6000000066651174982
Q75900571	6000000077120028091
Q75900625	371192354240002501
Q75900713	6000000065151075198
Q75900762	6000000016547013573
Q75900765	6000000016546988342
Q75900796	6000000019399649905
Q75900799	6000000019399904216
Q75900868	6000000015684660718
Q75900870	6000000015684871085
Q75900886	6000000017783396242
Q75900899	6000000036145779274
Q75900900	6000000023968690475
Q75900960	6000000042728768279
Q75900968	6000000068073493014
Q75900969	6000000030989779570
Q75900971	6000000053037579940
Q75900973	6000000030989757459
Q75900976	6000000030990016064
Q75900978	6000000030990032101
Q75901	6000000002150367547
Q75901014	6000000003216061860
Q75901016	6000000003216128355
Q75901133	6000000083430705791
Q75901210	6000000186150253902
Q75901216	6000000003479732383
Q75901255	6000000059518816839
Q75901262	6000000066534591835
Q75901293	6000000032007907194
Q75901294	6000000181458764845
Q75901296	6000000032007907310
Q75901308	6000000032007486454
Q75901320	6000000033730148191
Q75901337	6000000032008313055
Q75901342	6000000039222511872
Q75901344	6000000039222181021
Q75901349	6000000011041773421
Q75901357	6000000073520341995
Q75901409	6000000018170761666
Q75901411	6000000042578111054
Q75901413	6000000035636786204
Q75901416	6000000020918011111
Q75901479	6000000021198355641
Q75901520	6000000059132763132
Q75901586	6000000019205253544
Q75901627	6000000019204900985
Q75901635	6000000019205745283
Q75901637	6000000047927184952
Q75901639	6000000093710317004
Q75901683	6000000023756707873
Q75901693	6000000047968020906
Q75901705	6000000041793366446
Q75901706	6000000047927470136
Q75901707	6000000047927857827
Q75901710	6000000093710317045
Q75901755	6000000076688312074
Q75901757	6000000076689228834
Q75901758	6000000076688652005
Q75901760	6000000076687946317
Q75901761	6000000076688633952
Q75901765	6000000076714566879
Q75901767	6000000076713995999
Q75901773	6000000003006342706
Q75901795	6000000018024694706
Q75901798	6000000013073551253
Q75901812	6000000008952849847
Q75901860	6000000007251306826
Q75901879	6000000007251232451
Q75901914	6000000025183731374
Q75902102	6000000017688795335
Q75902105	6000000017688933251
Q75902108	6000000017689836338
Q75902123	6000000063641224888
Q75902177	6000000047967816870
Q75902273	6000000019169279692
Q75902277	6000000019168975956
Q75902282	6000000019169437480
Q75902293	6000000019190964075
Q75902297	6000000015858699261
Q75902302	6000000039112795449
Q75902495	6000000000769906970
Q759026	6000000025807506236
Q75902633	6000000025346508012
Q75902636	6000000025346717857
Q75902725	6000000057252454925
Q75902727	6000000057252548883
Q75902730	6000000018160548044
Q75902736	6000000021966357058
Q75902740	6000000018508725461
Q75902748	6000000042484093652
Q75902751	6000000042484185667
Q75902753	6000000042485231193
Q75902761	6000000042484378926
Q75902765	6000000042483884654
Q75902766	6000000042470008084
Q75902799	6000000042485494103
Q75902812	6000000021966402959
Q75902814	6000000023149542399
Q75902815	6000000057249831935
Q75902822	6000000181883922023
Q75902880	6000000057251424908
Q75902885	6000000025751940656
Q75902887	6000000038008742894
Q75902909	6000000002798723677
Q75902957	6000000055404664841
Q75903072	6000000018991584043
Q75903073	6000000017913155464
Q75903098	6000000014826991955
Q75903105	6000000019418988329
Q75903117	6000000018991341505
Q75903157	6000000022067928423
Q75903160	6000000207328177960
Q75903161	6000000018940911033
Q75903162	6000000018940955025
Q75903223	6000000060483861821
Q75903272	6000000040736209114
Q75903280	6000000051511214857
Q75903286	6000000051510633338
Q75903357	6000000040562350629
Q75903408	6000000026025164711
Q75903520	6000000011434402187
Q75903547	6000000016539802390
Q75903547	6000000069794085042
Q75903635	6000000017152691171
Q75903655	6000000068336333853
Q75903851	6000000024407229604
Q75903874	6000000024407722241
Q75903883	6000000024407229582
Q75903887	6000000024407515411
Q75903911	6000000024407886071
Q75904225	6000000042577617046
Q75904252	6000000042577869160
Q75904256	6000000034777112411
Q75904262	6000000042578272171
Q75904267	6000000050180707357
Q75904279	6000000031570907044
Q75904340	6000000052981066829
Q75904381	6000000029303621112
Q75904707	6000000017672900467
Q75904710	6000000017671255903
Q75904854	6000000076745743032
Q75904866	6000000042577447268
Q75904867	6000000042577517325
Q75905047	6000000001589676036
Q75905305	6000000109780312835
Q75905373	6000000028744319153
Q75905378	6000000028744364163
Q75905379	6000000028744608824
Q75905386	6000000028744636991
Q75905418	6000000028744287318
Q75905421	6000000028742753730
Q75905448	6000000066468051174
Q75905452	6000000017952417333
Q75905474	6000000024100553877
Q75905477	6000000050445235858
Q75905487	6000000034445031992
Q75905509	6000000039060965405
Q75905510	6000000023459167947
Q75905518	6000000039038052533
Q75905550	6000000039038660916
Q75905593	6000000039008006938
Q75905618	6000000000644064738
Q75905619	6000000000644064664
Q75905744	6000000082815393014
Q75905787	6000000006597518047
Q75905789	6000000000982143895
Q75905799	6000000052738757941
Q75905899	6000000080612798004
Q759059	6000000016278508733
Q75905903	6000000006567145936
Q75905953	6000000008126056272
Q75906073	6000000017352456624
Q75906121	6000000017352564616
Q75906255	6000000063641437833
Q75906256	6000000063641427875
Q75906285	4163330522580032258
Q75906373	6000000004534471978
Q75906551	6000000007606495865
Q75906559	6000000025849531192
Q75906615	6000000025844357532
Q75906616	6000000025844342349
Q75906651	6000000019979896488
Q75906659	6000000033363324314
Q75906673	6000000017079287720
Q759067	6000000166467273830
Q75906702	6000000079854882141
Q75906703	6000000033363606222
Q75906709	6000000033363693150
Q75906756	6000000033363777134
Q75906804	6000000033363237662
Q75906820	6000000033363159902
Q75906861	6000000033363728540
Q75906879	6000000019979983123
Q75906921	6000000025833170734
Q75906922	6000000025834064595
Q75906942	6000000025846258047
Q75906945	6000000025845875657
Q75906948	6000000025846261294
Q75906950	6000000025846010043
Q75906951	6000000025847492095
Q75906954	6000000025847337493
Q75906955	6000000025847703854
Q75906975	6000000025845969424
Q75906989	6000000027431793949
Q75906991	6000000027431300415
Q75907000	6000000025849575150
Q75907380	6000000017706010563
Q75907548	6000000010961183223
Q75907605	6000000040612785605
Q75907689	6000000008871976623
Q75907775	6000000024079696657
Q75907802	6000000026811979901
Q75907808	6000000071372623208
Q75907819	6000000026010028309
Q75907822	6000000026009822657
Q75907824	6000000026010478889
Q75907826	6000000026010419890
Q75907885	6000000008873932212
Q75907902	6000000036530157060
Q75907922	6000000063641532858
Q75907923	6000000063641542902
Q75907928	6000000063641147091
Q75907979	6000000000950651910
Q75908018	6000000011361356145
Q75908035	6000000028112817868
Q75908036	6000000022628146972
Q75908068	6000000107088013878
Q75908081	6000000052149792835
Q75908254	6000000009580813244
Q75908258	6000000017963463030
Q75908264	6000000082974275604
Q75908273	6000000052097622923
Q75908275	6000000052100473932
Q75908284	6000000045779580948
Q75908289	6000000052101762982
Q75908302	6000000052100593923
Q75908303	6000000052097769846
Q75908320	6000000081537358993
Q75908335	6000000178349491829
Q75908337	6000000006824656048
Q75908354	6000000009755645392
Q75908360	6000000021942078607
Q75908422	6000000045779477027
Q75908424	6000000009731171009
Q75908427	6000000068070051835
Q75908463	6000000046121471098
Q75908466	6000000046121285305
Q75908478	6000000046121304164
Q75908482	6000000046121526936
Q75908484	6000000046121287060
Q75908486	6000000046121915070
Q75908535	6000000024225965114
Q75908540	6000000032169999225
Q75908567	6000000024225895585
Q75908569	6000000024225788660
Q75908575	6000000024225989165
Q75908711	5100528019050070635
Q75908762	6000000005924883305
Q75908763	6000000019501550310
Q75908767	336333966080012630
Q75908769	6000000019501828187
Q75908795	6000000013760572643
Q75908807	6000000013760468842
Q75908809	6000000013760949213
Q75908872	6000000007393865828
Q75908894	6000000040340055203
Q75908967	6000000012999878663
Q75908972	6000000008375690107
Q75909037	6000000052048362248
Q75909039	6000000033261186215
Q75909219	6000000011616283322
Q75909224	6000000009664267325
Q75909249	6000000011572753286
Q75909253	6000000015315031024
Q75909263	6000000015315056474
Q75909264	6000000010454336548
Q75909270	6000000010467164242
Q75909303	6000000015315167111
Q75909307	6000000050445295869
Q75909318	6000000019478363001
Q75909320	6000000019477836776
Q75909322	6000000019477878843
Q75909325	6000000019477866687
Q75909327	6000000019477886768
Q75909363	6000000019478446051
Q75909366	6000000019478514037
Q75909369	6000000019478343241
Q75909406	6000000019478077244
Q75909410	6000000025881360335
Q75909424	6000000019478059257
Q75909427	6000000025875190092
Q75909441	6000000025874890985
Q75909444	6000000025864384937
Q75909446	6000000025875049950
Q75909458	6000000019478348130
Q75909460	6000000025878699967
Q75909490	6000000013237185351
Q75909527	6000000014256163934
Q75909532	6000000024715839312
Q75909546	6000000019476795185
Q75909564	6000000024110996461
Q75909583	6000000000238926610
Q75909710	6000000016865375766
Q75909780	6000000003891054154
Q75909817	6000000019003559020
Q75909838	6000000019003461273
Q75909841	6000000019003502273
Q75909873	6000000096208436920
Q75910091	6000000071675144256
Q75910147	6000000071675789874
Q75910249	6000000029830631103
Q75910258	6000000019002956872
Q75910259	6000000019003630048
Q75910263	6000000127630765007
Q75910266	6000000127631639867
Q75910268	6000000034808646849
Q75910272	6000000034807155809
Q75910274	6000000034807547608
Q75910278	6000000034808200357
Q75910284	6000000127649887958
Q75910286	6000000014763558127
Q75910289	6000000002447351844
Q75910290	6000000034803067949
Q75910293	6000000034802884216
Q75910450	6000000013520392581
Q75910473	6000000013090753588
Q75910475	6000000013521354851
Q75910476	6000000091167813862
Q75910734	6000000013521673385
Q75910926	6000000079323275310
Q75910955	6000000003216080486
Q75910960	6000000003216083762
Q75910963	6000000003216080492
Q75910964	6000000029994464036
Q75910971	6000000024295080087
Q75910973	6000000024294740581
Q75910982	6000000003216076937
Q75911	6000000000910401554
Q75911073	6000000003216080313
Q75911079	6000000015799298322
Q75911105	6000000016147112565
Q75911111	6000000017857322277
Q75911113	6000000006444455462
Q75911120	6000000002275747196
Q75911137	6000000038234564172
Q75911145	6000000074310859024
Q75911166	6000000020528664111
Q75911280	6000000022976945927
Q75911291	6000000073419887829
Q75911294	6000000073419839887
Q75911297	6000000073419953026
Q75911299	6000000073420086007
Q75911317	6000000022976443973
Q75911329	6000000022976233931
Q75911341	6000000026781051371
Q75911346	6000000073422245029
Q75911367	6000000073423144839
Q75911406	6000000073423198003
Q75911425	6000000022976940516
Q75911426	6000000022977189260
Q75911450	6000000010878438362
Q75911484	6000000074174975868
Q75911488	6000000074179802412
Q75911489	6000000074180525838
Q75911491	6000000018615908457
Q75911495	6000000008307330962
Q75911496	6000000014527438233
Q75911510	6000000007081018400
Q75911513	6000000052138140962
Q75911524	6000000007080417539
Q75911525	6000000007041271741
Q75911528	6000000007080621325
Q75911633	6000000037887439297
Q75911768	6000000014655144305
Q75911773	6000000018678373859
Q75911778	6000000014655126985
Q75911781	6000000018678308448
Q75911784	6000000018678604333
Q75911787	6000000018678506334
Q75911877	6000000014655063244
Q75911879	6000000027806475953
Q75911885	6000000014487113031
Q75912001	6000000018678506013
Q75912060	6000000018678559111
Q75912067	6000000018678579510
Q75912119	6000000018678627182
Q75912127	6000000014655088426
Q75912142	6000000015212045564
Q75912143	6000000015212130353
Q75912146	6000000015212126312
Q75912155	6000000026300744737
Q75912157	6000000005029360538
Q75912238	6000000015815806311
Q75912265	6000000052675193834
Q75912269	6000000052674736079
Q75912283	6000000053848800961
Q75912284	6000000053849017833
Q75912287	6000000027502865084
Q75912301	6000000052046191898
Q75912302	6000000052046151965
Q75912304	6000000050457954209
Q75912314	6000000052046416821
Q75912316	6000000052046270916
Q75912323	6000000052046192968
Q75912335	6000000011363602362
Q75912352	6000000022066905208
Q75912357	6000000092912842873
Q75912470	6000000021198726759
Q75912548	6000000000950587260
Q75912554	6000000024255382689
Q75912573	6000000024256166739
Q75912574	6000000035176828051
Q75912575	6000000035176939905
Q75912577	6000000035176469334
Q75912583	6000000025781724325
Q75912606	6000000025781796202
Q75912613	6000000028111347486
Q75912686	6000000003795621674
Q75912688	6000000003795572581
Q75912699	6000000003795517062
Q75912700	6000000003795414447
Q75912731	6000000003795650221
Q75912735	6000000007696183590
Q75912737	6000000007696249376
Q75912739	6000000022628306882
Q75912889	6000000022628078427
Q75912906	6000000022628248941
Q75912907	6000000022628213741
Q75912923	6000000054225702173
Q75912954	6000000054226194876
Q75913	6000000004097731966
Q759131	6000000033540397033
Q75913117	6000000025997142269
Q75913118	6000000025996633537
Q75913150	6000000070644521317
Q75913183	6000000026000076645
Q75913195	6000000038005566166
Q75913197	6000000038005821953
Q75913198	6000000077245886764
Q75913276	6000000077246139592
Q75913313	6000000077246741195
Q75913343	6000000038236628783
Q75913344	6000000038237104764
Q759134	6000000011304250605
Q75913402	6000000019367785659
Q75913407	6000000021827897337
Q75913451	6000000021827953142
Q759136	6000000016547648193
Q75913619	6000000193598446847
Q75913681	6000000148961528832
Q75913691	6000000019642471885
Q75913952	6000000015962644291
Q75913978	6000000015962487542
Q75913983	6000000015424001323
Q75913984	6000000015962806024
Q75913988	6000000015962733331
Q75913995	6000000015423977278
Q75913997	6000000015212042612
Q75914001	6000000015423677611
Q75914006	6000000015423620880
Q75914012	6000000031216373866
Q75914017	6000000015423796205
Q75914024	6000000016175002210
Q75914025	6000000042795056037
Q75914029	6000000016175006079
Q75914063	6000000027836382871
Q75914101	6000000009047517378
Q75914114	6000000087813898080
Q75914116	6000000087814396032
Q75914164	6000000005438503926
Q75914174	6000000112593417251
Q75914179	6000000112603651824
Q75914181	6000000112602738869
Q75914194	6000000112605042821
Q75914268	6000000112605793838
Q75914274	6000000112601380824
Q75914283	6000000112601588825
Q75914284	6000000112602051821
Q75914288	6000000112602522821
Q75914289	6000000109757546494
Q75914290	6000000109757546467
Q75914301	6000000079323853984
Q75914306	6000000079323893901
Q75914310	6000000079322931318
Q75914432	6000000014478549938
Q75914435	6000000051509672824
Q75914456	6000000036440534140
Q75914458	6000000053125677949
Q75914546	6000000036440811866
Q75914638	6000000051509278044
Q75914653	6000000053128954822
Q75914664	6000000055559974866
Q75914674	6000000055564621953
Q75914718	6000000021865587560
Q75914731	6000000057303158924
Q75914734	6000000057303172885
Q75914787	6000000052005410525
Q75914792	6000000052006256077
Q75914794	6000000055571429943
Q759148	6000000144722597921
Q75914805	6000000052006488862
Q75914807	6000000053978832321
Q75914808	6000000052006378032
Q75914852	6000000055594488823
Q75914855	6000000055594510830
Q75914877	6000000051509422830
Q75914892	6000000055575775241
Q75914903	6000000051508992081
Q75914981	6000000024562464087
Q75914985	6000000024560826443
Q75915074	6000000015614113975
Q75915075	6000000015615222350
Q75915093	6000000016348207613
Q759151	6000000174726678803
Q75915102	6000000009729173565
Q75915106	6000000014473958901
Q75915109	6000000014478185753
Q75915111	6000000014474430080
Q75915113	6000000014474438032
Q75915136	6000000008356863918
Q75915141	6000000008357270234
Q75915144	6000000008357233408
Q75915149	6000000008357247621
Q75915157	6000000027346864803
Q75915168	6000000056821269036
Q75915420	6000000057099739519
Q75915425	6000000052147063038
Q75915705	6000000079085634996
Q75915709	6000000079083114806
Q75915726	6000000033194983267
Q75915818	6000000051508725159
Q75915820	6000000051509306066
Q75915823	6000000051509557821
Q75915825	6000000051509571933
Q75915826	6000000051508877137
Q75915829	6000000051508834074
Q75915831	6000000051509275980
Q75915875	6000000016348189479
Q75915876	6000000016348331285
Q75915985	1478641
Q75915995	6000000030029271862
Q75916	6000000049928666928
Q75916020	6000000050580474088
Q75916119	6000000089487485964
Q75916139	6000000089441750219
Q75916141	6000000089487042145
Q75916288	6000000000462185609
Q75916311	6000000039947682403
Q75916374	6000000039955667260
Q75916381	6000000069050163908
Q75916382	6000000027540650033
Q75916384	6000000027540610051
Q75916398	6000000069038254008
Q75916420	6000000112987840821
Q75916424	6000000014339261228
Q75916426	6000000014339379165
Q75916453	6000000112979729847
Q75916460	6000000017508374414
Q75916477	6000000053797340840
Q75916539	6000000087417860116
Q75916541	6000000016172038855
Q75916583	6000000053796760261
Q75916593	6000000052230669854
Q75916936	6000000052230336015
Q75916959	6000000017508589322
Q75916960	6000000017507804996
Q75916962	6000000017508388504
Q75916988	6000000031678583363
Q75917	6000000031732572020
Q75917091	6000000009995162576
Q75917107	6000000009994984851
Q75917138	6000000009995621724
Q75917147	6000000067018162847
Q75917149	6000000051288095914
Q75917159	6000000009995511257
Q75917164	6000000059053037961
Q75917168	6000000059053252908
Q75917214	6000000059052616013
Q75917273	6000000052173202967
Q75917415	6000000019827611695
Q75917522	6000000059156500078
Q75917551	6000000021079896310
Q75917552	6000000021080134826
Q75917556	6000000032718581333
Q75917559	6000000032719003927
Q75917564	6000000032718767204
Q75917572	6000000019816400509
Q75917654	6000000015422451389
Q75917709	6000000218758850533
Q75917709	6000000223708310829
Q75917788	6000000018485238549
Q75917794	6000000059156600918
Q75917820	6000000059157056825
Q75917824	6000000059157169828
Q75917942	6000000045117835821
Q75917947	6000000045117866821
Q75917972	6000000016817700219
Q75918011	6000000046989406146
Q75918012	6000000046992540133
Q75918047	6000000018684963590
Q75918052	6000000018683651802
Q75918055	6000000018683421572
Q75918056	6000000018683655755
Q75918060	6000000018683926848
Q75918061	6000000035037332135
Q75918063	6000000052119145854
Q75918065	6000000052119118877
Q75918069	6000000052119205827
Q75918112	6000000057213170836
Q75918119	6000000057212425989
Q75918121	6000000015403912328
Q75918122	6000000057036763833
Q75918252	6000000070474110057
Q75918272	6000000013520700034
Q75918534	6000000026660890308
Q75918536	6000000026664067509
Q75918539	6000000019352680945
Q75918541	6000000026663327817
Q75918543	6000000026663940338
Q75918545	6000000026663994271
Q75918546	6000000026664059538
Q75918554	6000000026663092268
Q75918563	6000000026663493250
Q75918693	6000000024386711365
Q75918715	6000000009047998485
Q75918761	6000000032126081184
Q75918768	6000000176742193870
Q75918798	6000000051522292824
Q75918801	6000000017686967288
Q75918937	6000000088771445911
Q75918942	6000000027252621902
Q75919	6000000057960047855
Q75919047	6000000013483960306
Q75919120	6000000105890663436
Q75919171	6000000164274750083
Q75919218	6000000006920868082
Q75919284	6000000016988364774
Q75919522	6000000014370651887
Q75919578	6000000052664296877
Q75919583	6000000052664263874
Q75919741	6000000034398699044
Q75919743	6000000034398683320
Q75919746	6000000079214311884
Q75919794	6000000034856327206
Q75919796	6000000034856772954
Q75919817	6000000034398875928
Q75919832	6000000034398818921
Q75920210	6000000029851763093
Q75920214	6000000029853019884
Q75920699	6000000025837210912
Q75920701	6000000025837116943
Q75920704	6000000025836747201
Q75920706	6000000020270069485
Q75920723	6000000033613284890
Q7592078	6000000016925286719
Q75920804	6000000017260290670
Q75921292	6000000014897385875
Q75921296	6000000014897614480
Q75921306	6000000025345024021
Q75921315	6000000014897622995
Q75921358	6000000025344779072
Q75921370	6000000014897692888
Q75921427	6000000029226483985
Q75921430	6000000014290951017
Q75921499	6000000014897698965
Q75921504	6000000022452331023
Q75921508	6000000014897674410
Q75921514	6000000022452274900
Q75921518	6000000022452386027
Q75921527	6000000022452408869
Q75921533	6000000022452421928
Q75921606	6000000002447267984
Q75921608	6000000003301681738
Q75921611	6000000006442297096
Q75921612	6000000002696528041
Q75921614	6000000006810542023
Q75921618	6000000000207091176
Q75921624	6000000003076347964
Q75921626	6000000006809803378
Q75921628	6000000003221149779
Q75921630	6000000007602711464
Q75921632	6000000000442615155
Q75921857	6000000018399991777
Q75921859	6000000018400027611
Q75921868	6000000018399826518
Q75922011	6000000017518356982
Q75922016	6000000033509733491
Q75922029	6000000016898464001
Q75922089	6000000002392726014
Q75922091	6000000002392726007
Q75922178	6000000028018250064
Q75922179	6000000020917839845
Q75922352	6000000054841957526
Q75922359	6000000032652972380
Q75922362	6000000032654355101
Q75922587	6000000044256366775
Q75922590	6000000044210263411
Q75922621	6000000016996044761
Q75922681	6000000179188845900
Q75922683	6000000179194764871
Q759227	6000000002062988283
Q75922773	6000000015423612367
Q75922774	6000000015423692219
Q75922803	6000000002115838087
Q75922805	6000000002115838065
Q75922934	6000000088823844860
Q75922936	6000000088823481062
Q75922983	6000000114903107827
Q75923045	6000000077545188854
Q75923187	6000000050577007997
Q75923191	6000000050577221864
Q75923196	6000000013490850409
Q75923201	6000000013490994340
Q75923206	6000000027862248640
Q75923209	6000000027867011084
Q75923211	6000000058164812269
Q75923213	6000000061258232832
Q75923217	6000000027871813891
Q75923235	6000000027862013973
Q75923238	6000000027861959534
Q75923243	6000000027861892500
Q75923244	6000000027861843747
Q75923248	6000000027862244171
Q75923266	6000000027896744789
Q75923268	6000000027862048766
Q75923270	6000000027862260463
Q75923272	6000000027870416941
Q75923277	6000000027896971136
Q75923282	6000000027896850203
Q75923284	6000000027896917396
Q75923293	6000000050578159929
Q75923297	6000000050577968006
Q75923301	6000000050577437179
Q75923306	6000000056003408880
Q75923311	6000000050577230287
Q75923313	6000000050578058908
Q75923318	6000000050578496821
Q75923328	6000000050576380372
Q75923332	6000000078317810995
Q75923341	6000000050577146104
Q75923381	6000000050577644908
Q75923388	6000000050576850997
Q75923389	6000000063582940883
Q75923519	6000000008049738297
Q75923520	6000000008049480201
Q75923536	6000000023149788169
Q75923538	6000000017558578852
Q75923553	6000000057238218914
Q75923579	6000000041530746074
Q75923580	6000000019753758265
Q75923582	6000000044535047124
Q75923707	6000000010333161509
Q75923708	6000000052066255030
Q75923714	6000000052065865279
Q75923728	6000000052066613844
Q75923730	6000000052066552993
Q75923731	6000000052066764845
Q75923736	6000000008614337018
Q75923805	6000000017863072533
Q75923814	6000000078428225518
Q75923821	6000000078428529416
Q75923839	6000000056009458822
Q75923841	6000000027810600868
Q75923889	6000000077693994047
Q75923912	6000000056383224093
Q75923985	6000000017705620385
Q75924037	6000000023927000816
Q75924040	6000000023940992204
Q75924052	6000000023940921256
Q75924068	6000000002188548927
Q75924084	6000000013498670597
Q75924099	6000000019396049545
Q75924103	6000000035526463872
Q75924106	6000000083255267619
Q75924127	6000000019582960446
Q75924139	6000000002188548957
Q75924146	6000000015549320289
Q75924171	6000000072903303048
Q75924177	6000000035132855545
Q75924177	6000000035133353088
Q7592420	6000000017986979617
Q7592421	6000000013574618504
Q7592424	6000000013574563650
Q75924261	6000000003891073348
Q75924283	6000000027779161822
Q75924286	6000000048346756833
Q75924399	6000000009514698725
Q75924476	6000000027874830090
Q75924479	6000000013384924328
Q75924481	6000000001820035269
Q75924508	6000000079610384234
Q75924513	6000000180397762838
Q75924515	6000000079610583013
Q75924518	6000000079610818990
Q75924546	6000000030929732657
Q75924551	6000000013384925679
Q75924552	6000000013384501027
Q75924558	6000000013384640725
Q75924564	6000000077877448108
Q75924577	6000000077876463733
Q75924612	6000000008979097013
Q75924652	6000000014805529392
Q75924653	6000000014805582329
Q75924689	6000000079610739077
Q75924691	6000000079610712178
Q75924693	6000000079611047848
Q75924700	6000000079610392234
Q75924757	6000000055408708860
Q75924758	6000000055408387996
Q75924771	6000000013527397601
Q75924809	6000000005597557575
Q75924822	6000000047387571864
Q75924824	6000000005597544332
Q75924999	6000000079610483071
Q75925	6000000015763577717
Q75925103	6000000016363503545
Q75925104	6000000016363517299
Q75925119	6000000013527399438
Q75925195	6000000005366304966
Q75925198	6000000055408744918
Q75925229	6000000079610913936
Q75925267	6000000042814055843
Q75925320	6000000021010507028
Q75925320	6000000103443634944
Q75925379	6000000013527387306
Q75925488	4914387758060033668
Q75925490	4914387917990033674
Q75925510	6000000043863032862
Q75925521	4914401259830065320
Q75925523	4914401481970065326
Q75925804	6000000005029335108
Q75925876	6000000002263873482
Q75925913	6000000025294344358
Q75926211	6000000021510728994
Q75926223	6000000041629703008
Q75926242	6000000024695576356
Q75926322	6000000001489667610
Q75926763	360238317540012487
Q75926766	6000000004237813861
Q75926768	6000000006949183333
Q75926769	6000000008607940465
Q75926770	6000000000101086659
Q75926774	6000000005740790419
Q75926784	6000000005732954682
Q75926785	6000000003022145779
Q75926787	6000000003022145784
Q75926789	6000000002906255789
Q75926790	6000000011537038275
Q75926791	6000000002649946625
Q75926793	6000000002649946828
Q75926796	6000000102151388821
Q75927248	6000000003639770062
Q75927250	6000000003639792030
Q75927291	6000000000538775391
Q75927415	6000000005077223014
Q75927508	6000000010072425740
Q75927509	6000000022922046437
Q75927513	6000000006187265964
Q75927603	6000000022922097573
Q75927612	6000000089891263530
Q75927667	6000000085512138834
Q75927692	6000000006180585972
Q75927841	6000000084268390055
Q75927877	6000000001672218162
Q7592810	6000000028720074684
Q75928106	6000000006296454299
Q75928235	6000000008630617831
Q75928363	6000000000232595592
Q75928533	6000000055582726844
Q75928542	6000000055582285148
Q75928546	6000000055582284156
Q75928548	6000000055582117136
Q75928552	6000000045795396065
Q75928556	6000000045796523894
Q75928577	6000000025185225825
Q75928579	6000000025184938332
Q75928596	6000000051288919854
Q75928794	6000000026300301328
Q75928835	6000000005029362116
Q75928839	6000000005029348947
Q75928843	6000000026300543356
Q75928844	6000000005029335788
Q75928845	6000000005029353265
Q75928846	6000000005029353823
Q75928851	6000000026300662019
Q75928853	6000000005029360256
Q75928861	6000000026300453926
Q75928868	6000000005029353294
Q75928870	6000000026300243732
Q75928876	6000000001608909689
Q75928887	6000000005029345033
Q75928890	6000000026300867308
Q75928891	6000000026300867302
Q75928897	6000000029341621035
Q75928900	6000000029341453141
Q75928918	6000000026300243678
Q75928921	6000000005029351856
Q75928925	6000000005029345677
Q75928930	6000000026300498756
Q75928932	6000000005029351117
Q75928993	6000000026300243702
Q75928997	6000000005029355917
Q75928999	6000000026300243696
Q75929007	6000000026300243738
Q75929014	6000000005029353037
Q75929031	6000000026300744767
Q75929043	6000000005029348726
Q75929059	6000000005029351355
Q75929087	6000000027359272373
Q75929093	6000000000232595611
Q75929094	6000000000332437233
Q75929144	6000000013751906396
Q75929165	6000000013751974517
Q75929186	6000000019764569897
Q75929188	6000000035854829255
Q75929217	6000000035081268489
Q75929221	6000000020249957586
Q75929248	6000000050550432986
Q75929362	6000000041041108271
Q75929387	6000000017214524878
Q75929388	6000000017214524872
Q75929393	6000000017213107621
Q75929395	6000000015665058177
Q75929410	6000000057595024258
Q75929423	6000000021836611467
Q75929424	6000000021836599412
Q75929432	6000000021836446299
Q75929436	6000000060399869840
Q75929440	6000000046620327281
Q75929460	6000000061392603087
Q75929482	6000000022576342827
Q75929484	6000000022576309856
Q75929487	6000000043274131967
Q75929568	6000000035059195849
Q75929569	6000000035058612021
Q75929572	6000000035058893012
Q75929708	6000000019378227868
Q75929851	6000000028615098976
Q75929854	6000000085123441330
Q75929860	6000000023194248083
Q75929894	6000000017880930665
Q75929897	6000000017881238434
Q75929902	6000000017850548905
Q75929905	6000000017881335574
Q75929906	6000000017851033778
Q75929915	6000000017881893357
Q75929917	6000000017878572725
Q75929927	6000000017882090106
Q75930012	6000000009017427297
Q75930018	6000000009017278415
Q75930020	6000000009017166547
Q75930032	6000000021489713112
Q75930048	6000000009836946696
Q75930049	6000000008891037751
Q75930150	6000000069650420864
Q75930164	6000000009077184926
Q75930190	6000000009858739181
Q75930192	6000000010295684913
Q75930194	6000000010295233090
Q75930196	6000000010298058955
Q75930247	6000000010313628055
Q75930257	6000000010313616649
Q75930260	6000000010313839685
Q75930261	6000000010297384195
Q75930262	6000000010313837804
Q75930265	6000000010316656665
Q75930268	6000000010316546188
Q75930270	6000000010317177073
Q75930272	6000000010315984754
Q75930321	6000000119097351027
Q75930374	6000000102550730833
Q75930380	6000000010317717439
Q75930381	6000000008357227580
Q75930393	6000000010318078297
Q75930397	6000000010297683939
Q75930399	6000000010317715470
Q75930400	6000000009858809519
Q75930403	6000000010321125352
Q75930404	6000000010321179224
Q75930415	6000000010321284418
Q75930422	6000000010320979979
Q75930425	6000000009858809524
Q75930427	6000000010321192182
Q75930433	6000000010321492094
Q75930434	6000000009858809529
Q75930439	6000000010321485183
Q75930440	6000000009858809534
Q75930449	6000000009776057489
Q75930488	6000000077247627971
Q75930518	6000000046702743002
Q75930527	6000000008604717992
Q75930534	6000000009028031434
Q75930535	6000000009836664660
Q75930536	6000000002499544941
Q75930537	6000000002499309408
Q75930557	6000000003891989714
Q75930564	6000000004571290289
Q75930565	6000000004571365707
Q75930566	6000000004571290353
Q75930576	6000000004571290297
Q75930581	6000000004571290273
Q75930583	6000000004571290302
Q75930638	6000000031631402988
Q75930719	6000000008560244018
Q75930724	6000000000654516179
Q75930786	6000000034850333009
Q75930789	6000000034850291077
Q75930939	6000000057118240821
Q75930996	6000000042580092318
Q75930998	6000000042598386138
Q75931009	6000000042598378163
Q75931116	6000000011042140019
Q75931119	6000000026134594163
Q75931120	6000000015499557915
Q75931130	6000000015549389766
Q75931134	6000000015499604606
Q75931138	6000000015499618470
Q75931139	6000000015499633425
Q75931140	6000000015499680256
Q75931141	6000000015499285956
Q75931142	6000000015549284677
Q75931156	6000000015499573622
Q75931159	6000000015499524823
Q75931160	6000000015549432147
Q75931162	6000000015549300922
Q75931188	6000000015549466703
Q75931209	6000000015549398933
Q75931259	6000000002603444109
Q75931284	6000000017478742449
Q75931297	6000000016673446690
Q75931338	6000000018644755702
Q75931339	6000000009544124503
Q75931340	6000000016672421888
Q75931428	6000000011833034602
Q75931430	6000000029423951362
Q75931455	6000000029343282193
Q75931467	6000000027810730833
Q75931473	6000000056009078026
Q75931478	6000000056008675163
Q75931697	6000000018376958939
Q75931736	6000000003089652135
Q75931808	6000000015423097626
Q75931883	6000000026249062157
Q75931968	6000000013753732200
Q75931969	6000000013753878240
Q75931971	6000000001714919235
Q75931972	6000000013760498434
Q75931974	6000000013751554710
Q75932	6000000022437906113
Q75932051	6000000186906865827
Q75932054	6000000005029360041
Q75932066	6000000026301094122
Q75932137	6000000008604794706
Q7593216	6000000003667972511
Q7593220	6000000015543980085
Q7593221	6000000016466232439
Q75932276	6000000013753783197
Q75932278	6000000013753642452
Q75932279	6000000013753619659
Q7593228	6000000011157935959
Q75932284	6000000013753790362
Q75932294	6000000013752516557
Q75932295	6000000013752511433
Q75932296	6000000013752358475
Q75932299	6000000013752718411
Q75932308	6000000013760443872
Q75932310	6000000013760507802
Q75932314	6000000001714917401
Q75932315	6000000013760449906
Q75932317	6000000013760917098
Q75932318	6000000013760362805
Q75932328	6000000013761202476
Q75932330	6000000005689658003
Q75932532	6000000013745038001
Q75932533	6000000013744789389
Q75932541	6000000013751755430
Q75932606	6000000023193044614
Q75932661	6000000046982237146
Q75932797	6000000013744749775
Q75932798	6000000013744751854
Q75932799	6000000013744757263
Q75932806	6000000013744622417
Q75932812	6000000013744831571
Q75932814	6000000013744696607
Q75932820	6000000013744677465
Q75932832	6000000031238947922
Q75932835	6000000031238871909
Q75932850	6000000016280686075
Q75932851	6000000016280489386
Q75932852	6000000021822312376
Q75932854	6000000012597032463
Q75932856	6000000016280904098
Q75932857	6000000016280859439
Q75932858	6000000017142229930
Q75932860	6000000016280662719
Q75932862	6000000016280850839
Q75932863	6000000016280938024
Q75932864	6000000016280874785
Q75932870	6000000016280881603
Q75932872	6000000016280911364
Q75932873	6000000016280944194
Q75932875	6000000016280897536
Q75932886	6000000030886680896
Q75932896	6000000030885956779
Q75932903	6000000004364919159
Q75932904	6000000013744722469
Q75932905	6000000013744621787
Q75932961	6000000036696199375
Q75932987	6000000017523578623
Q75933086	6000000001744821812
Q75933087	6000000037676199966
Q75933088	6000000013744661850
Q75933090	6000000013744693935
Q75933092	6000000013744497724
Q75933093	6000000013744629550
Q75933094	6000000013744698674
Q75933095	6000000013744903074
Q75933097	6000000013744660797
Q75933101	6000000013751653803
Q75933102	6000000013751952725
Q75933105	6000000013751998956
Q75933107	6000000013751942099
Q75933110	6000000013751784284
Q75933111	6000000013751918200
Q75933112	6000000013751582587
Q75933120	6000000013751107529
Q75933124	6000000013751519390
Q75933280	6000000012695130212
Q75933328	6000000010667877457
Q75933360	6000000010668202817
Q75933362	6000000010668291325
Q75933363	6000000010668015359
Q75933373	6000000010667918920
Q75933378	6000000010667862606
Q75933384	6000000010668021658
Q75933391	6000000010668162534
Q75933392	6000000010668113392
Q75933435	6000000000359614340
Q75933450	6000000010667292368
Q75933451	6000000023683299322
Q75933452	6000000010667092569
Q75933456	6000000010667212849
Q75933503	6000000016497550858
Q75933542	6000000007151112888
Q75933545	6000000002166185674
Q75933565	6000000022039818896
Q75933576	6000000021515464034
Q75933579	6000000032997412949
Q75933583	6000000001353910938
Q75933631	6000000082598356175
Q75933635	6000000082598569995
Q75933636	6000000082598790971
Q75933683	6000000010030135907
Q75933711	6000000026350970300
Q75933715	6000000009735559183
Q75933717	6000000035456820895
Q75933718	6000000035456582152
Q75933719	6000000035456584371
Q75933720	6000000035456417605
Q75933779	6000000084179443596
Q75933850	6000000002638625248
Q75933852	6000000002638556563
Q75934	6000000012910018754
Q75934125	6000000054565669980
Q75934144	6000000040067681785
Q75934154	6000000084801908857
Q75934196	6000000071465152980
Q75934197	6000000071465410929
Q75934287	6000000010377166617
Q75934365	6000000117469073835
Q75934398	6000000014044242435
Q75934400	6000000014044255243
Q75934430	6000000015271908254
Q75934456	6000000006444455926
Q75934482	6000000035120690809
Q75934494	6000000023131318962
Q75934499	6000000002977535092
Q75934520	6000000000460502944
Q75934521	6000000000460446964
Q75934523	6000000003714047758
Q75934525	6000000003714080933
Q75934585	6000000025852188890
Q75934605	6000000013760659192
Q75934606	6000000013760659197
Q75934607	6000000013760659202
Q75934610	6000000013760659207
Q75934625	6000000016625733054
Q75934627	6000000016625694403
Q75934631	6000000016664129554
Q75934648	6000000003890921058
Q75934669	6000000006102260841
Q75934670	6000000006102883280
Q75934679	6000000024217031866
Q75934709	6000000060485213877
Q75934866	6000000040439984170
Q75934977	6000000025652733944
Q75934979	6000000018663135235
Q75934988	6000000017876738229
Q75935011	6000000017876592305
Q75935034	6000000017876476916
Q75935064	6000000025014194250
Q75935136	6000000090890007906
Q75935136	6000000102678690523
Q75935140	621377
Q75935275	6000000080372837890
Q75935319	6000000018662392834
Q75935359	6000000010874580771
Q75935362	6000000010874570680
Q75935382	6000000007067061067
Q75935384	6000000008591944440
Q75935461	6000000018661609794
Q75935463	6000000018662566643
Q75935490	6000000016324932701
Q75935545	6000000024141691461
Q75935580	6000000007589636420
Q75935594	6000000003768326390
Q75935596	6000000026663458540
Q75935598	6000000060481349486
Q75935602	6000000026409284867
Q75935603	6000000026408852228
Q75935632	6000000006368439240
Q75935663	6000000021007330390
Q75935670	6000000028374769256
Q75935677	6000000055620361991
Q75935681	6000000055620363937
Q75935685	6000000055620634859
Q75935695	6000000003774407932
Q75935696	6000000031031554722
Q75935700	6000000011835082443
Q75935803	6000000017364466196
Q75935806	6000000012017053852
Q75935807	6000000017364698065
Q75935810	6000000017364615017
Q75935811	6000000017363533725
Q75935816	6000000017362043918
Q75935829	6000000027488935803
Q75935832	6000000017362560250
Q75935853	6000000027488759337
Q75935857	6000000055620049040
Q75935914	6000000026269242649
Q75935919	6000000023512861428
Q75935922	6000000023513200906
Q75935926	6000000020020513995
Q75935929	6000000023512549503
Q75935934	6000000023512828972
Q75935965	6000000006893552429
Q75935973	6000000020020368876
Q75935995	6000000014733829095
Q75936206	6000000007372074298
Q75936208	6000000023107674223
Q75936384	6000000014279927282
Q75936482	6000000036210289830
Q7593649	390296270810007644
Q7593650	6000000009138088559
Q7593674	6000000055195513130
Q75936786	6000000018437737188
Q75936898	6000000107437140955
Q75936899	6000000107449186915
Q75936900	6000000107449525829
Q75936902	6000000107447606204
Q75936907	6000000107437206937
Q75936910	6000000107449775821
Q75936914	6000000107449438884
Q75936945	6000000107438059821
Q75936949	6000000107438369845
Q75937	6000000000719856631
Q75937044	6000000039842091054
Q75937054	6000000041271930950
Q75937099	6000000017429426880
Q75937126	6000000017429822128
Q75937156	6000000177499501134
Q75937161	6000000015865215746
Q75937166	6000000015865355124
Q75937168	6000000080330904157
Q75937169	6000000015865357131
Q75937187	6000000015865443015
Q75937190	6000000015865143527
Q75937192	6000000098735729835
Q75937194	6000000015865193458
Q75937198	6000000015865307384
Q75937200	6000000015865347624
Q75937214	6000000005438507542
Q75937216	6000000015865098719
Q75937217	6000000015865461351
Q75937222	6000000015865425247
Q75937229	6000000018181074081
Q75937255	6000000015874795841
Q75937258	6000000015874869090
Q75937271	6000000001746175072
Q75937272	6000000001319734143
Q75937274	6000000001319607230
Q75937275	6000000001745763862
Q75937277	6000000001319769843
Q75937278	6000000001759693093
Q75937290	6000000042790729562
Q75937309	6000000028724003805
Q75937310	6000000028722633555
Q75937316	6000000069711435952
Q75937318	6000000069710847106
Q75937319	6000000069711288997
Q75937324	6000000069711543894
Q75937409	6000000072513848858
Q75937489	6000000026403847715
Q75937524	6000000002831280509
Q75937768	6000000027586924080
Q75937797	6000000075707228855
Q75937798	6000000034176563343
Q75937822	6000000075707251875
Q75937827	6000000075707977928
Q75937916	6000000075707942958
Q75937950	6000000013791927881
Q75938037	6000000075708361826
Q75938086	6000000092966473862
Q75938097	6000000000076316153
Q75938102	6000000023352290414
Q75938103	6000000057037199899
Q75938181	6000000004138542144
Q75938291	6000000022851494936
Q75938294	6000000015655913693
Q75938295	6000000042163071739
Q75938298	6000000042163622894
Q75938312	6000000031207767470
Q75938315	6000000031208131932
Q75938316	6000000031207942942
Q75938404	6000000052003356976
Q75938449	6000000013505199184
Q75938452	6000000013505152197
Q75938462	6000000017244514623
Q75938511	6000000009554436978
Q75938587	6000000011336930479
Q75938589	6000000011336793359
Q75938594	5295458083600060706
Q75938600	6000000000769985720
Q75938602	6000000006101312009
Q75938604	6000000008284230137
Q75938606	6000000008285095494
Q75938646	6000000054593816892
Q75938686	6000000038330335965
Q75938708	6000000007591050639
Q75938736	6000000012687271411
Q75938811	6000000002115881673
Q75938814	6000000002115839412
Q75938819	6000000002115838332
Q75938820	6000000002115838398
Q75938822	6000000002115838895
Q75938824	6000000002115838904
Q75938831	6000000002115839422
Q75938832	6000000002115839469
Q75938834	6000000002115839458
Q75938837	6000000002115881831
Q75938843	6000000004079692928
Q75938846	6000000002115881894
Q75938850	6000000002115838447
Q75938851	6000000002115838457
Q75938852	6000000002115838466
Q75938854	6000000002115838474
Q75938858	6000000002115838996
Q75938867	6000000002115838366
Q75938872	6000000012687211109
Q75938874	6000000012687216636
Q75938876	6000000012686741166
Q75938878	6000000012687642904
Q75938882	6000000012687739657
Q75938885	6000000012687674014
Q75938887	6000000002115883072
Q75938890	6000000012687710646
Q75938897	6000000012687413821
Q75938899	6000000012698814305
Q75938902	6000000016913652039
Q75938904	6000000002115883156
Q75938905	6000000002115883163
Q75938908	6000000002115883181
Q75938910	6000000002115883195
Q75938912	6000000002115883202
Q75938913	6000000002115883210
Q75938915	6000000002115883219
Q75938917	6000000002115883227
Q75938919	6000000002115883241
Q75938922	6000000002115883258
Q75938923	6000000002115883265
Q75938985	6000000002808998459
Q75939146	6000000136193358821
Q75939159	6000000030907360891
Q75939169	6000000023921364281
Q75939183	6000000027194545671
Q75939201	6000000023921145298
Q75939219	6000000040838852490
Q75939290	6000000036211296685
Q75939326	6000000009673382061
Q75939329	6000000009674811433
Q75939330	6000000009674835627
Q75939331	6000000009675175402
Q75939410	6000000017196331975
Q75939444	6000000025403776029
Q75939502	5556450202090054100
Q75939510	6000000016315059243
Q75939510	6000000028521710960
Q75939560	6000000015499909554
Q75939564	6000000079361445136
Q75939710	6000000176091173847
Q75939727	6000000025238623450
Q75939729	6000000015684585394
Q75939736	6000000013090818810
Q75939740	6000000013291194226
Q75939774	6000000030887945873
Q75939783	6000000019253988787
Q75939815	6000000047663481875
Q75939853	6000000004671640986
Q75939882	6000000002946610241
Q75939884	6000000003615446488
Q75939889	6000000012807117034
Q75939892	6000000012464938408
Q75939900	6000000015208276620
Q75940014	6000000038689984066
Q75940015	6000000038689814232
Q75940018	6000000002955690532
Q75940107	6000000025578910947
Q75940118	6000000008166341667
Q75940244	6000000082333862302
Q75940265	6000000020691126313
Q75940281	6000000028200967292
Q75940299	6000000028202335425
Q75940408	6000000008001390198
Q75940409	6000000008002282440
Q75940441	6000000088982777833
Q75940442	6000000088982664828
Q75940452	6000000015874189505
Q75940468	6000000034453935834
Q75940704	6000000027573376534
Q75940720	6000000029779161916
Q75940755	6000000017671298725
Q75940763	6000000049861280289
Q75940776	2359392
Q75940779	2359454
Q75941071	6000000097601805053
Q75941073	6000000097603308919
Q75941109	6000000082811988293
Q75941111	6000000082812409944
Q75941396	6000000097603059846
Q75941417	6000000097603019881
Q75941456	6000000026817345452
Q75941463	6000000013552397322
Q75941469	6000000026244853632
Q75941477	6000000032187171246
Q75941482	6000000032188785849
Q75941486	6000000032186652765
Q75941503	6000000070721106821
Q75941507	6000000097537493982
Q75941508	6000000070720574142
Q75941512	6000000070720812928
Q75941514	6000000070721186849
Q75941519	6000000070721336833
Q75941550	6000000026818192821
Q75941875	6000000026245007984
Q75941879	6000000016219833582
Q75941904	6000000020322187253
Q75941975	6000000002235207594
Q75941978	6000000026244843204
Q75941979	6000000026245681154
Q75941981	6000000026248084218
Q75941984	6000000009663618101
Q75941985	6000000015726605499
Q75941994	6000000002245146027
Q75942015	6000000017335565888
Q75942020	6000000017335475470
Q75942021	6000000017335475466
Q75942025	6000000017335236989
Q75942030	6000000017335717750
Q75942031	6000000027580671196
Q75942050	6000000027581154205
Q75942085	6000000020586253264
Q75942087	6000000036513010845
Q75942089	6000000020586131716
Q75942090	6000000020585599518
Q75942091	6000000020586234273
Q75942092	6000000020586226933
Q75942104	6000000066556840108
Q75942281	6000000028384672807
Q75942352	6000000076919728502
Q75942359	6000000016817654247
Q75942491	6000000031056873964
Q75942495	6000000008428908225
Q75942499	6000000008428421071
Q75942521	6000000014397689714
Q75942531	6000000053185664821
Q75942544	6000000014397879711
Q75942554	6000000013693776694
Q75942556	6000000013693647963
Q75942619	6000000054224387259
Q75942724	6000000072406535848
Q75942807	6000000089856979089
Q75943001	6000000027510820302
Q75943010	6000000078747259137
Q75943019	6000000078749743844
Q75943022	6000000078749504231
Q75943063	6000000078752084606
Q75943090	6000000046925673173
Q75943093	6000000046926215880
Q75943095	6000000016644285486
Q75943097	6000000078797108851
Q75943098	6000000016644954569
Q75943103	6000000016645073278
Q75943121	6000000016645387023
Q75943137	6000000046926022211
Q75943142	6000000079076916835
Q75943176	6000000046925991249
Q75943178	6000000078631628903
Q75943180	6000000078631859908
Q75943183	6000000078631508107
Q75943190	6000000078632179022
Q75943252	6000000055677091877
Q75943255	6000000056474399041
Q75943256	6000000056475180907
Q75943259	6000000079140324062
Q75943288	6000000079079783010
Q75943290	6000000079079554050
Q75943300	6000000055677281898
Q75943303	6000000055677309908
Q75943326	6000000001160360525
Q75943341	6000000079078769408
Q75943346	6000000055677203922
Q75943348	6000000055677125007
Q75943397	6000000025917938828
Q75943557	6000000054034976994
Q75943560	6000000054035097028
Q75943561	6000000031631555970
Q75943564	6000000031631050158
Q75943566	6000000031627789491
Q75943571	6000000016324208673
Q75943572	6000000016324150541
Q75943576	6000000016324225477
Q75943579	6000000016323927696
Q75943607	6000000016324334272
Q75943609	6000000016324364074
Q75943611	6000000016324373025
Q75943641	6000000016324379093
Q75943642	6000000016324218501
Q75943643	6000000016324056664
Q75943701	6000000033617672064
Q75943709	6000000033617249336
Q75943711	6000000033617520916
Q75943713	6000000033617388256
Q75943714	6000000033617562877
Q75944036	6000000019519343476
Q75944067	6000000013341309639
Q75944072	6000000037099394921
Q75944074	6000000008261031256
Q75944092	6000000019255358152
Q75944153	6000000019730254203
Q75944172	6000000055074806972
Q75944174	6000000040544043238
Q75944175	6000000055077390989
Q75944176	6000000055077613979
Q75944177	6000000040544007981
Q75944180	6000000040543979001
Q75944181	6000000055077809241
Q75944182	6000000055078581860
Q75944183	6000000055075929117
Q75944184	6000000055076242029
Q75944210	6000000025585191136
Q75944212	6000000025584852905
Q75944213	6000000025584534544
Q75944215	6000000014369378208
Q75944216	6000000008701158678
Q75944255	6000000015664864372
Q75944404	6000000042551662101
Q75944406	6000000057238218914
Q75944407	6000000016175105124
Q7594442	6000000011614530471
Q75944449	6000000000966212354
Q75944452	6000000007186793376
Q75944454	6000000000490394597
Q75944455	6000000000490424578
Q75944680	6000000039950488149
Q75944892	6000000112979206850
Q75944909	6000000051468831821
Q75944923	6000000013656058540
Q75945	6000000023783854007
Q75945162	6000000023755848436
Q75945196	6000000025941606703
Q75945255	6000000037361239687
Q75945443	6000000022572630529
Q75945460	6000000044370739438
Q75945490	6000000014989821487
Q75945609	6000000004579311282
Q75945665	6000000016515303799
Q75945681	6000000056433809174
Q75945795	6000000023673243270
Q75945796	6000000023672938698
Q75945916	6000000004867555500
Q75945918	6000000004868022223
Q75945923	6000000048557127010
Q75945974	6000000056674456842
Q75945990	6000000067875296171
Q75946029	6000000043132703009
Q75946030	6000000043132784874
Q75946031	6000000035878820919
Q75946040	6000000003891989736
Q75946041	6000000003891326239
Q75946116	6000000011399233212
Q75946228	6000000011831199927
Q75946231	6000000011831572181
Q75946252	6000000096205999832
Q75946271	6000000014713753130
Q75946279	6000000011398964332
Q75946284	6000000030879337736
Q75946286	6000000030879782973
Q75946496	6000000050555528823
Q75946497	6000000050555358923
Q75946516	6000000034206561733
Q75946565	6000000014423324273
Q75946583	4494469802800061458
Q75946603	6000000032277906843
Q75946617	6000000019309471595
Q75946646	6000000015864610222
Q75946647	6000000015864163792
Q75946652	6000000015866747452
Q75946654	4494495277480082750
Q75946664	6000000078806325505
Q75946681	6000000015864384809
Q75946683	6000000015203451191
Q75946686	4494510560870077625
Q75946687	6000000015203387562
Q75946691	6000000015864414303
Q75946697	4502090697550079728
Q75946701	6000000014325839018
Q75946706	4502102944720123145
Q75946716	4501928341950049618
Q75946719	6000000015874724119
Q75946724	6000000015874601375
Q75946725	6000000015874701843
Q75946772	6000000025651716228
Q75946781	6000000025652942432
Q75946786	6000000025653220991
Q75946787	6000000025652336657
Q75946803	6000000026899447217
Q75946812	6000000030143301369
Q75946814	6000000026900595701
Q75946818	6000000025856499862
Q75946820	6000000024379138035
Q75946855	6000000006096639192
Q75946862	6000000021176368996
Q75946865	6000000021176437879
Q75946964	6000000030142901758
Q75946967	6000000056449142894
Q75946986	6000000075497900677
Q75947003	6000000019477162142
Q75947008	6000000031221456361
Q75947095	6000000076236930879
Q75947099	6000000030143024432
Q75947106	6000000030142628791
Q75947128	6000000019207394198
Q75947130	6000000019207566007
Q75947139	6000000022853714164
Q75947149	6000000006891398281
Q75947162	6000000025122902790
Q75947294	6000000019111198346
Q75947386	5568410620680039342
Q75947473	6000000006132936080
Q75947474	6000000013970864787
Q75947549	6000000012851140308
Q75947550	6000000012851166441
Q75947609	6000000010578325932
Q75947615	6000000016739574122
Q75947624	6000000016739222786
Q75947636	6000000012790174391
Q75947643	6000000012851246455
Q75947645	6000000012850933588
Q75947688	6000000068869824932
Q75947714	6000000012790427207
Q75947755	6000000006891472575
Q75947760	6000000044640688821
Q75947902	6000000019099683020
Q75947936	6000000037103058250
Q75947945	373865683870007031
Q75947946	6000000026935872037
Q75947951	373859826770002636
Q75947953	373864461860012018
Q75947969	6000000019206877779
Q75948009	6000000026935825162
Q75948011	6000000030883779448
Q75948091	6000000019103748684
Q75948121	6000000040187656952
Q75948151	6000000013428521673
Q75948184	6000000001611231631
Q75948190	6000000033729843971
Q75948203	6000000026229165019
Q75948220	6000000032471596565
Q75948231	6000000025866493444
Q75948234	6000000025867354937
Q75948243	6000000025867537821
Q75948265	6000000029177383948
Q75948266	6000000029177423602
Q75948287	6000000075211542869
Q75948365	6000000008799700929
Q75948395	6000000015655968346
Q75948423	6000000015651663379
Q75948426	6000000024330296508
Q75948430	6000000015664715138
Q75948432	6000000025986103077
Q75948434	6000000035169211930
Q75948434	6000000042424894063
Q75948442	6000000015664825178
Q75948453	6000000015664795227
Q75948461	6000000015664700171
Q75948501	6000000024330700057
Q75948503	6000000025987000887
Q75948514	6000000025986809045
Q75948516	6000000026285426440
Q75948537	6000000077893545348
Q75948539	6000000025987126911
Q75948543	6000000077893142350
Q75948552	6000000028064314969
Q75948555	6000000028064379963
Q75948570	6000000028064411032
Q75948572	6000000028064092588
Q759486	6000000004074847547
Q75948613	6000000028064619884
Q75948684	6000000007706136260
Q75948724	6000000027911618786
Q75948726	6000000027948598035
Q75948747	6000000027949277411
Q75948795	6000000057024562964
Q75948797	6000000057024549020
Q75948800	6000000057024576006
Q75948803	6000000057023956478
Q75948877	6000000017258645195
Q75948880	6000000017258405946
Q75948884	6000000017258474220
Q75948886	6000000045591745880
Q75948889	6000000017258497760
Q75948908	6000000000070879843
Q75948909	6000000000070879831
Q75948940	6000000060255614862
Q75948944	6000000060255712921
Q75948949	6000000055927404923
Q75948953	6000000060255828877
Q75949003	6000000055927265093
Q75949015	6000000055927547851
Q75949121	6000000027198620543
Q75949133	6000000047780213950
Q75949165	6000000027199180001
Q75949179	6000000019397010815
Q75949193	6000000017050957221
Q75949270	6000000126010942989
Q75949321	6000000143162231848
Q75949404	6000000003013747236
Q75949410	6000000019291087426
Q75949419	6000000019291354395
Q75949500	338441988690012800
Q75949505	6000000037099030895
Q75949515	6000000012931464755
Q75949517	6000000126011708872
Q75949537	6000000029964873109
Q75949539	6000000029964806053
Q75949643	6000000053082034091
Q75949655	6000000029178130316
Q75949696	6000000041434399210
Q75949743	6000000017529252437
Q75949753	6000000017071024491
Q75949764	6000000016466412093
Q75949783	6000000070195414030
Q75949786	6000000070274918992
Q75949800	6000000029176922295
Q75949840	6000000029177420545
Q75949844	6000000029178527995
Q75949869	6000000029178287521
Q75949871	6000000029178282233
Q75949919	6000000016472971753
Q75949921	6000000029178125004
Q75949925	6000000016473754152
Q75949927	6000000029172763409
Q75949929	6000000029171701677
Q75949941	6000000028277178029
Q75949942	6000000028870092686
Q75949947	6000000028870150586
Q75949949	6000000028870140356
Q75949950	6000000028870439063
Q75949984	6000000028870239263
Q75950	6000000031061769290
Q75950051	6000000028870347894
Q75950204	6000000026272147958
Q75950205	6000000026271229730
Q75950211	6000000015046294124
Q75950215	6000000015045722392
Q75950216	6000000015046418490
Q75950247	6000000032880510821
Q75950338	6000000033379605944
Q75950399	6000000026364027450
Q75950408	6000000011336939146
Q75950414	6000000035711948488
Q75950415	6000000035712043252
Q75950416	6000000031672151627
Q75950560	6000000005599199410
Q75950595	6000000004606655010
Q75950599	6000000013451856697
Q75950600	6000000004877061935
Q75950604	6000000006807678023
Q75950605	6000000004879572640
Q75950608	6000000007181695324
Q75950648	6000000039258120155
Q75950649	6000000039258489574
Q75950656	6000000039257925250
Q75950658	6000000055518729888
Q75950758	6000000037864633935
Q75950762	6000000037864002710
Q75950767	6000000037864656905
Q75950791	6000000037864123608
Q75950905	6000000037864436965
Q75950924	6000000037864708896
Q75950998	6000000053130181945
Q75951	6000000018377780323
Q75951002	6000000053130346882
Q75951004	6000000003683010557
Q75951027	6000000053129694236
Q75951054	6000000039219840134
Q75951057	6000000038440371285
Q75951092	6000000040337471597
Q75951179	6000000114225304555
Q75951181	6000000114226787120
Q75951183	6000000114227541857
Q75951207	6000000014810424903
Q75951229	6000000014811726081
Q75951232	6000000053048530442
Q75951233	6000000014811186476
Q75951243	6000000014811260471
Q75951330	6000000018622718131
Q75951391	6000000016257381783
Q75951405	6000000019167276209
Q75951499	6000000190289809822
Q75951589	6000000017633260262
Q75951611	6000000017637773771
Q75951619	6000000017638454658
Q75951620	6000000019288236637
Q75951624	6000000019288302577
Q75951625	6000000019288629027
Q75951655	6000000019288360545
Q75951746	6000000019245440018
Q75951750	6000000014866180008
Q75951753	6000000019247574277
Q75951754	6000000019247740549
Q75951770	6000000015046708025
Q75951772	6000000021850619555
Q75951857	6000000067560520821
Q75951927	6000000021850951685
Q75952020	6000000035007745743
Q75952024	6000000035007722358
Q75952035	6000000036789387890
Q75952039	6000000036789363968
Q75952118	6000000010810969914
Q75952215	6000000076776627009
Q75952276	6000000015136086172
Q75952277	6000000015190624809
Q75952288	6000000010516934178
Q75952293	6000000010517233789
Q75952308	6000000071674820270
Q75952311	6000000071675046134
Q75952328	6000000025014372022
Q75952330	6000000025014033577
Q75952387	6000000047403230886
Q75952389	6000000047403488850
Q75952390	6000000047435285024
Q75952393	6000000050206593827
Q75952396	6000000047404235841
Q75952399	4355325270070067478
Q75952416	6000000047426176850
Q75952419	6000000047426204870
Q75952492	6000000004669764641
Q75952518	6000000002968689017
Q75952520	6000000024247171840
Q75952533	6000000047401402159
Q75952536	6000000047401426107
Q75952598	6000000025251981511
Q75952603	6000000028163290430
Q75952612	6000000025251641801
Q75952614	6000000025251022671
Q75952653	6000000017835498104
Q75952655	6000000017835283434
Q75952657	6000000017835500106
Q75952660	6000000017833977810
Q75952693	6000000017835144564
Q75952695	6000000017835353830
Q75952718	6000000083062238839
Q75952723	6000000039938199302
Q75952747	6000000013565556621
Q75952749	6000000013565344633
Q75952751	6000000013565383536
Q75952811	6000000013565360555
Q75952814	6000000068339843882
Q75952854	6000000068339755941
Q75952870	6000000068339958861
Q75952923	6000000135281155141
Q75952925	6000000015065803029
Q75952926	6000000097000146833
Q75952931	6000000054621992046
Q75952932	6000000054621621214
Q75952935	6000000017102386572
Q75952965	6000000017102484130
Q75953024	6000000066657192834
Q75953027	6000000066656455260
Q75953092	6000000070009436153
Q75953104	6000000073828630821
Q75953124	6000000042658024291
Q75953126	6000000061184053024
Q75953155	6000000052566102874
Q75953185	6000000015684885789
Q75953194	6000000053030277110
Q75953251	6000000052566144840
Q75953280	6000000003872483242
Q75953298	6000000052565878937
Q75953299	6000000052566302953
Q75953300	6000000052566551873
Q75953304	6000000052566097175
Q75953309	6000000052566191025
Q75953315	6000000052565883909
Q75953319	6000000032054713985
Q75953353	6000000003902326752
Q75953355	6000000008891037922
Q75953357	6000000003911027417
Q75953365	6000000027396271882
Q75953374	6000000003891024641
Q75953378	6000000019206216642
Q75953382	6000000025925876598
Q75953390	6000000091399333261
Q75953392	6000000003943191803
Q75953394	6000000003943359559
Q75953396	6000000003943667127
Q75953399	6000000003943738022
Q75953400	6000000091399333239
Q75953408	6000000124499958199
Q75953460	6000000003943593537
Q75953472	6000000003911449214
Q75953486	6000000003912027992
Q75953497	6000000003922442483
Q75953507	6000000009447111845
Q75953536	6000000009455208471
Q75953590	6000000092105095848
Q75953612	6000000003935779813
Q75953615	6000000003936069196
Q75953618	6000000003912402571
Q75953627	6000000003911984355
Q75953630	6000000003912127035
Q75953631	6000000003911720761
Q75953639	6000000010651314752
Q75953647	6000000010843206065
Q75953684	6000000009464774567
Q75953705	6000000043721734427
Q75953707	6000000043722035046
Q75953735	6000000027502954150
Q75953740	6000000027502591710
Q75953745	6000000027502419719
Q75953755	6000000027503003376
Q75953757	6000000027503175040
Q75953758	6000000027502864320
Q75953768	6000000027502830414
Q75953827	6000000010895877749
Q75953849	6000000035012106823
Q75953850	6000000037177385873
Q75953867	6000000003890767041
Q75953870	6000000003890767081
Q75953997	6000000033257167160
Q75953999	6000000033257242198
Q75954	6000000023437727963
Q75954001	6000000032520967299
Q75954003	6000000034117272452
Q75954009	6000000087251492839
Q75954032	6000000033257318281
Q75954034	6000000033938148891
Q75954048	6000000033938235843
Q75954075	6000000052102530885
Q75954098	6000000013340698520
Q75954123	6000000004671640828
Q75954125	6000000004671717688
Q75954148	6000000204486145826
Q75954161	6000000030282313911
Q75954163	6000000095476298769
Q75954186	6000000030282438843
Q75954189	6000000095477194156
Q75954200	6000000040613605986
Q75954201	6000000040613846051
Q75954203	6000000040613358636
Q75954205	6000000040613656463
Q75954354	6000000005081775439
Q75954359	6000000030279759782
Q75954477	6000000030282259938
Q75954487	6000000088100884854
Q75954488	6000000088100412034
Q75954562	6000000005081822420
Q75954563	6000000074694391986
Q75954564	6000000005081861799
Q75954610	6000000005081773258
Q75954611	6000000005081810750
Q75954715	6000000030282277933
Q75954752	6000000044051433745
Q75954796	6000000030281691401
Q75954802	6000000005081773117
Q75954916	6000000021718037001
Q75954936	6000000001877498806
Q75954952	6000000030282251148
Q75954955	6000000030282177994
Q75954966	6000000014908928306
Q75954968	6000000023728351313
Q75954978	6000000028341855215
Q75954983	6000000010896813449
Q75954985	6000000007227302047
Q75954986	6000000001877513952
Q75954987	6000000013653374652
Q75954988	6000000013653546180
Q75954992	6000000013653433727
Q75954993	6000000013658358719
Q75954995	6000000013658575066
Q75954996	6000000013658110786
Q75955	6000000178302968833
Q75955000	6000000010896735825
Q75955001	6000000010896800564
Q75955003	6000000013661183412
Q75955006	6000000010896845642
Q75955012	6000000010896826830
Q75955016	6000000010897132466
Q75955020	6000000010897062986
Q75955037	6000000010896756902
Q75955060	6000000010897018851
Q75955061	6000000010897159305
Q75955063	6000000013661585001
Q75955064	6000000010896780712
Q75955067	6000000013661362835
Q75955090	6000000013661423329
Q75955092	6000000029887204581
Q75955095	6000000029887429225
Q75955104	6000000010897097345
Q75955110	6000000010897087599
Q75955114	6000000010896765572
Q75955117	6000000013661619070
Q75955125	6000000010896786405
Q75955142	6000000082352352035
Q75955207	6000000014150298092
Q75955209	6000000007329177940
Q75955397	6000000017430431484
Q75955398	6000000027291836408
Q75955403	6000000027292111610
Q75955409	6000000011998358726
Q75955438	6000000019429334675
Q75955452	6000000019430681136
Q75955454	6000000024323647452
Q75955455	6000000011882697624
Q75955457	6000000024323901140
Q75955482	6000000023884939063
Q75955671	6000000076917534239
Q75955718	6000000028917658075
Q75955753	6000000034581180414
Q75955758	6000000058309607855
Q75955792	6000000076917071859
Q75955794	6000000076916992862
Q75955797	6000000076914667484
Q75955800	6000000076916342053
Q75955917	534793
Q75955921	534791
Q75955995	6000000050962405877
Q75955998	6000000050962226856
Q75955999	6000000009729199179
Q75956036	6000000083742330893
Q75956051	6000000076917773932
Q75956052	6000000076917697053
Q75956070	6000000054082485989
Q75956073	6000000054082618869
Q75956073	6000000062417257829
Q75956073	6000000175129707449
Q75956078	6000000012417425336
Q75956100	6000000011852372300
Q75956101	6000000011852267518
Q75956107	6000000011852378429
Q75956112	5127554572940064726
Q75956117	6000000032144310514
Q7595613	6000000002115993391
Q75956172	6000000046609566607
Q75956276	6000000026049615999
Q75956344	6000000032144532330
Q75956426	6000000071975614879
Q75956529	6000000002047161783
Q75956594	6000000010801805568
Q75956642	6000000014081529967
Q75956649	6000000125992461865
Q75956652	6000000005437592894
Q75956655	6000000035682233344
Q75956660	6000000035682124430
Q75956671	6000000014081514182
Q75956674	6000000014081424467
Q75956676	6000000026398071837
Q75956678	6000000014081804490
Q75956679	6000000014081299805
Q75956681	6000000014082879429
Q75956683	6000000014082850207
Q75956684	6000000002627330883
Q75956689	6000000014082861202
Q75956691	6000000014082909622
Q75956692	6000000014082872403
Q75956695	6000000014082744719
Q75956723	6000000014081541829
Q75956725	6000000026396579053
Q75956729	6000000016323310296
Q75956737	6000000040438243865
Q75956751	6000000030729324146
Q75956788	6000000026396814897
Q75956789	6000000026396750982
Q75956814	6000000019211021604
Q75956869	6000000097343092061
Q75956876	6000000024753843257
Q75956877	6000000024754816931
Q7595688	6000000008630274252
Q75956882	6000000015684712216
Q75956952	6000000013910534316
Q75956953	6000000013910586027
Q75956955	6000000013910409891
Q75957042	5406597837740137982
Q75957117	6000000024019730984
Q75957120	6000000024019874233
Q75957122	6000000024020045186
Q75957123	6000000010095075615
Q75957125	6000000024019984342
Q75957130	6000000024019848241
Q75957133	6000000024020031190
Q75957176	6000000057044923827
Q75957179	6000000031628222501
Q75957256	6000000019145914297
Q75957272	6000000019151694374
Q75957275	6000000019151865051
Q75957280	6000000019151609321
Q75957300	6000000014981439775
Q75957582	6000000091637547953
Q75957583	6000000034927203902
Q75957593	6000000039311836454
Q75957617	6000000051516489422
Q75957620	6000000051516625112
Q75957621	6000000051517309840
Q75957639	6000000051517154028
Q75957647	6000000051517052898
Q75957700	6000000051517269830
Q75957715	6000000052060636967
Q75957730	6000000037033610859
Q75957800	6000000039312139010
Q75957943	6000000183490941197
Q75957975	6000000032941613974
Q75958041	6000000031684918201
Q75958043	6000000044049585837
Q75958119	6000000039055694574
Q75958122	6000000039054913773
Q75958124	6000000039056132183
Q75958127	6000000039056437919
Q7595813	6000000161900637822
Q75958157	6000000039056260660
Q75958173	6000000039055924064
Q75958176	6000000039055992005
Q75958194	6000000039056314013
Q75958195	6000000039055917560
Q75958252	6000000026094653846
Q75958267	6000000007887380661
Q75958290	6000000007887359600
Q75958292	6000000007887184089
Q75958293	6000000007886129890
Q75958298	6000000006599295120
Q75958345	6000000013187317071
Q75958347	6000000013187843661
Q75958390	6000000033756468012
Q75958622	6000000025902802273
Q75958624	6000000025902829056
Q75958625	6000000025902766015
Q75958628	6000000032120445151
Q75958655	6000000053008715914
Q75958679	6000000030025319959
Q75958692	6000000025574331467
Q75958695	6000000025574028251
Q75958698	6000000025575030375
Q75958699	6000000025571441655
Q75958729	6000000011399374434
Q75958740	6000000078199833431
Q75958754	6000000078200871941
Q75958755	6000000066217055822
Q75958769	6000000077603588799
Q75958867	6000000015739114537
Q75958936	6000000014981212691
Q75958939	6000000034378207393
Q75958944	6000000029021216239
Q75958947	6000000029021280290
Q75958957	6000000029021116291
Q75958960	6000000029020881359
Q75958961	6000000029020984287
Q75958963	6000000029021237630
Q75958979	6000000029020839302
Q75959013	6000000046369456929
Q759591	6000000000891946146
Q75959160	6000000053266734323
Q75959221	6000000097529187288
Q75959236	6000000053267217897
Q75959239	6000000077395113826
Q75959313	6000000077395264821
Q75959338	6000000015655918077
Q75959343	6000000100851341880
Q75959345	6000000100851727821
Q75959398	6000000015656006178
Q75959407	6000000019013085317
Q75959516	6000000111842810948
Q75959604	6000000008097842230
Q75959616	6000000008081988247
Q75959620	6000000013532503076
Q75959622	6000000105944680821
Q75959625	6000000013532383902
Q75959634	6000000013533552766
Q75959637	6000000013534350400
Q75959641	6000000013534562155
Q75959644	6000000105945286850
Q75959690	6000000007988062466
Q75959709	6000000013393806908
Q75959760	6000000013392766685
Q75959763	6000000013392889225
Q75959780	6000000013393137476
Q75959782	6000000121199593877
Q75959784	6000000013392991985
Q75959798	6000000013392851961
Q75959801	6000000013392851083
Q75959809	6000000013393160413
Q75959833	6000000011829616824
Q75959840	6000000011828803187
Q75959848	6000000011829638824
Q75959850	6000000028773371770
Q75959902	6000000001608762875
Q75959906	6000000011341598204
Q75960	6000000089303667065
Q75960011	6000000006444745757
Q75960013	6000000006444745781
Q75960021	6000000006444745824
Q75960027	6000000023360507105
Q75960042	6000000052138582896
Q75960043	6000000052138813855
Q75960047	6000000052139156821
Q75960051	6000000052138514013
Q75960052	6000000052139199821
Q75960062	6000000052138840930
Q75960065	6000000052139180847
Q7596008	6000000013166211046
Q75960108	6000000045144683000
Q75960125	6000000019012608080
Q75960130	6000000012985145272
Q75960131	6000000053081725143
Q75960134	6000000053082293990
Q75960136	6000000053082377921
Q75960145	6000000053081184854
Q75960152	6000000053082103947
Q75960205	6000000012985044147
Q75960210	6000000012984992469
Q75960215	6000000012984775831
Q75960234	6000000011198626836
Q75960235	6000000030971579059
Q75960240	6000000035253274116
Q75960243	6000000035254134835
Q75960253	6000000018041360787
Q75960254	6000000023360425891
Q75960296	6000000015735261220
Q75960353	6000000002762659015
Q75960356	6000000015734255993
Q7596038	6000000025706058260
Q75960393	6000000010155855304
Q75960435	6000000016364120709
Q75960436	6000000019012798158
Q75960448	6000000016363920634
Q75960454	6000000019012924141
Q75960475	6000000019012669678
Q75960503	6000000020373203949
Q75960521	6000000009047493596
Q75960528	346715283540011029
Q75960531	6000000037027105272
Q75960539	6000000038325631821
Q75960548	6000000054105602843
Q75960611	6000000020381783669
Q75960613	6000000020382119346
Q75960621	6000000020382132283
Q75960633	6000000020382168508
Q75960655	6000000040675988957
Q75960667	6000000037561531505
Q75960692	6000000017338732184
Q75960725	6000000040095334059
Q75960752	6000000004018476584
Q75960778	6000000017339578480
Q75960781	6000000017340039031
Q75960799	6000000008994163350
Q75960810	6000000025985248260
Q75960824	6000000010195325394
Q75960826	6000000010195231142
Q75960833	6000000010201158493
Q75960839	6000000010208961790
Q75960849	6000000010201158497
Q75960855	6000000010201158507
Q75960857	6000000010201158512
Q75960860	6000000010200996869
Q75960877	6000000010201691765
Q75960878	6000000019473699599
Q75960880	6000000010201691770
Q75960885	6000000010201822560
Q75960888	6000000010191679833
Q75960891	6000000010195312271
Q75960894	6000000010195312277
Q75960896	6000000010199308760
Q75960918	6000000010191616803
Q75960922	6000000007589658807
Q75960923	6000000010195312282
Q75960940	285845136770008515
Q75960952	6000000017339352398
Q75960954	6000000017339555554
Q75960959	6000000057105504175
Q75960971	6000000017339616090
Q75960973	6000000017339116830
Q75961003	6000000040095677845
Q75961004	6000000021003467775
Q75961010	6000000021003965509
Q75961091	6000000009735333462
Q75961106	6000000030756980312
Q75961140	6000000030756934379
Q75961147	6000000017338198759
Q75961150	6000000017338559669
Q75961151	6000000017339114395
Q75961153	6000000017337798969
Q75961156	6000000026013773166
Q75961190	6000000003216080861
Q75961196	6000000081179769049
Q75961307	6000000014866183853
Q75961481	6000000011039892473
Q75961488	6000000007237850722
Q75961492	6000000008147459363
Q75961496	6000000015817157477
Q75961524	6000000011039187173
Q75961527	6000000011040211382
Q75961528	6000000036690508929
Q75961723	6000000011039852694
Q75961726	6000000011040097395
Q75961808	6000000039584386833
Q75962088	6000000026012205104
Q75962114	6000000038354031399
Q75962115	6000000036670056788
Q75962137	6000000026011320799
Q75962141	6000000053088333857
Q75962149	6000000026012336069
Q75962150	6000000020148226046
Q75962150	6000000036734765827
Q75962161	6000000066690684017
Q75962162	6000000066691048915
Q75962166	6000000036673985861
Q75962171	6000000036673452649
Q75962217	6000000006931448270
Q75962219	6000000006931554190
Q75962228	6000000007629708427
Q75962456	6000000020275333093
Q75962458	6000000023053121944
Q75962474	6000000023053450853
Q75962480	6000000018275276092
Q75962549	6000000018274838681
Q75962557	6000000018275226102
Q75962581	6000000006368486210
Q759626	6000000019633942776
Q75962600	6000000079938500204
Q75962658	6000000051525209032
Q75962660	6000000012857944834
Q75962661	6000000038369977458
Q75962663	6000000053136027908
Q75962718	6000000051525286170
Q75962720	6000000051525335109
Q75962721	6000000051525092878
Q75962727	6000000015816809719
Q75962829	6000000031672515105
Q75962860	6000000031672478126
Q75962877	6000000054353718850
Q75962878	6000000025570529221
Q75962879	6000000031672544114
Q75962949	6000000033275129430
Q75962985	6000000025219155672
Q75962997	6000000017405044915
Q75963001	6000000017405300001
Q75963005	6000000017405183196
Q75963134	6000000009729166133
Q75963223	6000000010971943397
Q75963227	6000000001601590500
Q75963323	6000000034156513677
Q75963406	6000000002172989308
Q75963410	6000000020961942044
Q75963411	6000000207327634915
Q75963419	6000000023157411875
Q75963420	6000000000682301124
Q75963544	6000000014879835791
Q75963576	6000000038609546399
Q75963577	6000000038609816999
Q75963593	6000000050552088987
Q75963594	6000000050552237931
Q75963727	6000000006594776268
Q75963731	6000000006594908105
Q75963733	6000000020090950177
Q75963735	6000000020090997102
Q75963737	6000000020090948255
Q75963750	6000000020091047119
Q75963751	6000000006594981113
Q75963753	6000000006594975181
Q75963758	6000000059915609135
Q75963760	6000000039505416609
Q75963852	6000000013292841255
Q75963870	6000000003891333993
Q75963881	6000000059306154825
Q75963884	6000000059305999971
Q75963991	6000000003890692942
Q75963992	6000000003890748188
Q75964024	6000000025347419986
Q75964026	6000000025347335016
Q75964030	6000000025347424862
Q75964032	6000000025347401859
Q75964042	6000000025347212390
Q75964120	6000000003891340029
Q75964123	6000000003891073070
Q75964261	6000000025610632525
Q75964264	6000000010915070092
Q75964268	6000000012267000339
Q75964292	6000000008692285735
Q75964294	6000000017875352188
Q75964295	6000000017875289412
Q75964304	6000000015883291673
Q75964355	6000000016699411187
Q75964357	6000000196927394839
Q75964554	6000000021775851587
Q75964569	6000000021776079018
Q75964572	6000000021775656732
Q75964665	6000000019256451024
Q75964689	6000000029494301833
Q75964696	6000000025448087588
Q75964806	6000000025451320858
Q75964807	6000000025447314317
Q75964817	6000000042257813394
Q75964818	6000000042257813386
Q75964878	6000000042257017097
Q75964883	6000000042257771057
Q75964989	6000000019268684303
Q75964992	6000000019269486037
Q75965151	6000000018967070548
Q75965158	6000000018967120605
Q75965166	6000000070092913893
Q75965176	6000000018967121827
Q75965226	6000000080086141993
Q75965236	6000000016757121239
Q75965249	6000000175452137006
Q75965251	6000000058808037103
Q75965253	6000000026423052371
Q75965255	6000000020958565014
Q75965256	6000000020958552385
Q75965259	6000000026423193669
Q75965262	6000000010867415868
Q75965263	6000000175425269166
Q75965278	6000000175450202499
Q75965281	6000000175451710825
Q75965605	6000000005015707547
Q75965653	6000000038118587869
Q75965683	6000000005437612250
Q75965736	6000000016152218981
Q75965737	6000000016153390464
Q75965743	6000000020791087323
Q75965753	6000000033737674991
Q75965800	6000000100092262833
Q75965801	6000000100104969034
Q75965813	6000000003150265208
Q75965842	6000000020372970410
Q75965865	6000000033735987780
Q75965873	6000000033737428247
Q75965875	6000000033736730457
Q75965877	6000000016956914235
Q75965881	6000000068072956892
Q75965896	6000000033736722454
Q75965898	6000000068074615828
Q75965927	6000000033735968737
Q75965929	6000000033736807419
Q75965932	6000000017803484239
Q75966015	6000000008962780248
Q75966036	6000000008962732586
Q75966041	6000000008630844455
Q75966053	6000000029559031823
Q75966095	6000000002665840158
Q75966101	6000000008962911424
Q75966125	6000000021868615077
Q75966131	6000000046521582996
Q75966160	6000000021868727987
Q75966166	6000000021858871563
Q75966184	6000000021868823371
Q75966205	6000000023299185934
Q75966207	6000000021869517931
Q7596622	6000000009025485711
Q75966228	6000000021868983210
Q75966231	6000000021869318378
Q75966262	6000000021868721939
Q75966264	6000000021868685497
Q75966265	6000000021868601448
Q75966268	6000000029585318248
Q75966273	6000000018780614478
Q75966275	6000000018780401354
Q75966299	6000000008960620564
Q7596635	6000000005599014468
Q75966499	6000000025555250042
Q75966505	6000000038285558103
Q75966511	6000000025555055293
Q75966542	6000000002188520430
Q75966543	6000000002188520435
Q75966546	6000000002188520441
Q75966551	6000000002188520459
Q75966555	6000000002188520470
Q75966558	6000000002188520476
Q75966559	6000000002188520482
Q75966561	6000000002188520488
Q75966568	6000000019590808789
Q75966570	6000000014264361645
Q75966585	6000000002188520519
Q75966586	6000000002188520524
Q75966588	6000000002188520529
Q75966594	6000000002188520554
Q75966602	6000000059587704876
Q75966629	6000000006900940949
Q75966639	6000000009802948099
Q75966640	6000000004314669411
Q75966646	6000000009796743534
Q75966649	6000000036160801128
Q75966676	6000000013875841888
Q75966781	6000000002665840145
Q75966783	6000000027400295146
Q75966840	6000000002665842665
Q75966851	6000000013114082057
Q75966860	6000000011524645455
Q75966917	6000000005756340743
Q75966920	6000000005756861034
Q75966935	6000000011523458500
Q75966937	6000000017075868009
Q75966938	6000000015684660598
Q75967024	6000000054777788847
Q75967142	6000000076029163208
Q75967160	6000000039478635111
Q75967161	6000000039478837834
Q75967231	6000000029236378986
Q75967233	6000000029236070057
Q75967242	6000000074871093823
Q75967245	6000000078256486177
Q75967246	6000000012055409560
Q75967389	6000000004854296796
Q75967416	6000000025933473369
Q75967418	6000000025933543211
Q75967495	6000000024682964758
Q75967553	6000000009886056098
Q75967627	6000000078244815961
Q75967632	6000000078244805853
Q75967660	6000000002115883988
Q75967662	6000000017384925237
Q75967664	6000000029364156355
Q75967666	6000000029364271067
Q75967667	6000000029364441887
Q75967668	6000000029363789622
Q75967669	6000000029364383040
Q75967673	6000000008993688198
Q75967680	6000000008992225177
Q75967695	6000000107669335831
Q75967705	6000000002115859783
Q75967716	6000000002115887024
Q75967727	6000000002116015309
Q75967738	6000000004035551988
Q75967745	6000000052095986128
Q75967753	6000000009371277372
Q75967755	6000000009371660202
Q75967769	6000000107669207861
Q75967801	6000000015208591478
Q75967874	6000000014290486542
Q75967879	6000000036533380957
Q75967949	6000000002115887095
Q75967952	6000000002116015033
Q75967964	6000000002116015090
Q75967969	6000000046055055766
Q75967972	6000000046055530047
Q75967982	6000000046053774378
Q75967997	6000000014292677817
Q75968075	6000000002115883914
Q75968080	6000000002116015361
Q75968081	6000000002116015368
Q75968098	6000000042941421365
Q75968100	6000000002116015463
Q75968105	6000000002116015502
Q75968120	6000000002116015625
Q75968151	6000000042922414151
Q75968159	6000000033080231878
Q75968160	6000000033080098142
Q75968446	6000000031692132585
Q75968447	6000000031692062569
Q75968702	6000000015395091157
Q75968727	6000000058190844976
Q75968752	6000000027136315229
Q75968767	6000000018566441154
Q75968805	6000000026050155265
Q759689	6000000021661118330
Q75968900	6000000033992149344
Q75969052	6000000026049995334
Q75969056	6000000026049826356
Q75969102	6000000029174985300
Q75969103	6000000026049818193
Q75969115	6000000058309864945
Q75969116	6000000058309546094
Q75969119	6000000026049735673
Q75969134	6000000026049563329
Q75969227	6000000053705192823
Q75969311	6000000015654364280
Q75969313	6000000021331960877
Q75969321	6000000029526005071
Q75969354	6000000031254563334
Q75969358	6000000031254317555
Q75969359	6000000031254796042
Q75969361	6000000031254873932
Q75969362	6000000031254167680
Q75969372	6000000015086337618
Q75969414	6000000016241037609
Q75969418	6000000024478922816
Q75969433	6000000030630280646
Q75969571	6000000033077634081
Q75969589	5371377619730063036
Q75969628	6000000002980044592
Q75969703	6000000019072962204
Q75969704	6000000019006369916
Q75969709	6000000019072661568
Q75969715	6000000026173845167
Q75969848	6000000018967407511
Q75969854	6000000132583192874
Q75969859	6000000051994295929
Q75969861	6000000051994607872
Q75969863	6000000051994727882
Q75969864	6000000051993788997
Q75969868	6000000051995163847
Q75969882	6000000051995488821
Q75969883	6000000051994506829
Q75969887	6000000051994561823
Q75969906	6000000028624942236
Q75969980	6000000013644888351
Q75970027	6000000107669207822
Q75970134	6000000006809300678
Q75970136	6000000006809236219
Q75970247	6000000036535596860
Q75970258	6000000007852440264
Q75970259	6000000036938060969
Q75970298	6000000021135821644
Q75970303	6000000007852384406
Q75970343	6000000020888385472
Q75970367	6000000017097441010
Q75970395	6000000007891288298
Q75970436	6000000012879212941
Q75970488	6000000004566498915
Q75970489	6000000004566564529
Q75970509	6000000019965831402
Q75970510	6000000019750083716
Q75970512	6000000015212013002
Q75970525	6000000007852395530
Q75970631	6000000082495002904
Q75970743	6000000012729344586
Q75970771	6000000024598211039
Q75970773	6000000024598066249
Q75970784	6000000009675825416
Q75970792	6000000011157003117
Q7597081	6000000011117377990
Q75970826	6000000011039367566
Q75970851	6000000011039385096
Q75970855	6000000011039096975
Q75970884	6000000011039487626
Q75971061	6000000029724262527
Q75971089	6000000002264260174
Q75971091	6000000002303785014
Q75971092	6000000002264439213
Q75971099	6000000004571290227
Q75971101	6000000014090821072
Q75971104	6000000004571290183
Q75971106	6000000004571348340
Q75971111	6000000004571290204
Q75971115	6000000004571326315
Q75971117	6000000002264043270
Q75971119	6000000002264179095
Q75971125	6000000002263708195
Q75971151	6000000004571290170
Q75971169	6000000002266301387
Q75971172	6000000004570511511
Q75971182	6000000004570511191
Q75971234	6000000002304233371
Q75971264	6000000004570511638
Q75971267	6000000004570511892
Q75971269	6000000004570511873
Q75971270	6000000004571306404
Q75971292	6000000004571306411
Q75971303	6000000004570511921
Q75971304	6000000004570511938
Q75971310	6000000004570511944
Q75971315	6000000004571290585
Q75971432	6000000004570511952
Q75971449	6000000004570511958
Q75971486	6000000004570511932
Q75971498	6000000002266548374
Q75971507	6000000004571290394
Q75971546	6000000002296829019
Q75971562	6000000079052439523
Q75971567	6000000079052405414
Q75971574	6000000024039024276
Q75971578	6000000024039281079
Q75971579	6000000024039254981
Q75971615	6000000033358606314
Q75971718	6000000069562048981
Q75971794	6000000079054077027
Q75971929	6000000054848649821
Q75971966	6000000079058310821
Q75971968	6000000079056977415
Q75971987	6000000029286554212
Q75971988	6000000029287475962
Q75972001	6000000029287398309
Q75972004	6000000029287038743
Q75972255	6000000059237100421
Q75972316	6000000012414329880
Q75972318	6000000059235851031
Q75972320	6000000016211483179
Q75972336	6000000171054764914
Q75972337	6000000057112950830
Q75972348	6000000022617993820
Q75972356	6000000026475767686
Q75972359	6000000178114567875
Q75972396	6000000026473643092
Q75972424	6000000026478046170
Q75972426	6000000002116021300
Q75972427	6000000026478146947
Q75972448	6000000016614267408
Q75972498	6000000019291358646
Q75972521	6000000016614376268
Q75972540	6000000028426870849
Q75972712	6000000055576511900
Q75972717	6000000055576367916
Q75972720	6000000014915463715
Q75972722	6000000016681440272
Q75972724	6000000014915393213
Q75972730	6000000010004553830
Q75972734	6000000014915684179
Q75972775	6000000025810393549
Q75972780	6000000008125602139
Q75972791	6000000012098758468
Q75972805	6000000016699013850
Q75972808	6000000016913608634
Q75972809	6000000016614166462
Q75972872	6000000002116176089
Q75973030	6000000059361470833
Q75973031	6000000059344918821
Q75973044	6000000045626956938
Q75973050	6000000045627090850
Q75973054	6000000045626789086
Q75973073	6000000007125412489
Q75973074	6000000007125035720
Q75973079	6000000018060430502
Q75973217	6000000001608950004
Q75973223	6000000051551374002
Q75973228	6000000051551487896
Q75973260	6000000001608989583
Q75973293	6000000001608733966
Q75973294	6000000037944399052
Q75973298	6000000051550986265
Q75973300	6000000054021935259
Q75973301	6000000009261984597
Q75973470	6000000051551587994
Q75973491	6000000016013702393
Q75973763	6000000012472897742
Q75973769	6000000061996567833
Q75973772	6000000058349183950
Q75973958	6000000054022512825
Q75973960	6000000051551588917
Q75973961	6000000051551249146
Q75973991	6000000018215963246
Q75974	6000000015414311387
Q75974009	6000000015343089656
Q75974013	6000000036573777085
Q75974016	6000000036573683208
Q75974017	6000000015343372351
Q75974019	6000000015345128131
Q75974046	6000000036567214340
Q75974089	6000000015343544179
Q75974099	6000000015343466701
Q75974105	6000000015343474990
Q75974106	6000000015343518790
Q75974109	6000000015343640219
Q75974128	6000000015343411652
Q75974130	6000000015343719164
Q75974131	6000000015343551552
Q75974136	6000000052489428989
Q75974173	6000000015345087432
Q75974189	6000000015345302529
Q75974193	6000000015345227961
Q75974200	6000000015345274706
Q75974209	6000000015345357652
Q75974210	6000000033960339833
Q75974213	6000000033936254372
Q75974215	6000000015345454355
Q75974220	6000000015345341931
Q75974226	6000000015345544079
Q75974251	6000000015345564132
Q75974255	6000000015345589038
Q75974272	6000000015345480788
Q75974345	6000000015345315311
Q75974346	6000000033960028150
Q75974373	6000000068995641908
Q75974376	6000000030748047152
Q75974406	6000000030609479890
Q75974412	6000000030608503407
Q75974429	6000000030609431921
Q75974470	6000000030609553929
Q75974474	6000000030608268680
Q75974546	6000000001608944407
Q75974576	6000000068995807857
Q75974585	6000000015354421017
Q75974640	6000000015354013573
Q75974643	6000000015354147866
Q75974756	6000000015353961490
Q75974758	6000000021186360796
Q75974761	6000000021188172038
Q75974773	6000000031816399470
Q75974893	6000000031016648007
Q75974897	6000000011342633664
Q75974899	6000000011342543513
Q75974903	6000000011342525798
Q75974913	6000000011342384515
Q75974917	6000000011342510297
Q75975028	6000000076749282350
Q75975066	6000000033872238558
Q75975070	6000000033872243670
Q75975077	6000000024266549109
Q75975080	6000000024266571434
Q75975082	6000000024266754278
Q75975085	6000000024266564580
Q75975092	6000000016280814147
Q75975114	6000000000646251519
Q75975128	6000000027684561596
Q75975215	6000000069564259855
Q75975238	6000000024266771082
Q75975255	6000000015840395245
Q75975391	6000000018591076360
Q75975393	6000000019360985122
Q75975469	6000000031279250370
Q75975522	6000000013341600220
Q75975648	6000000021847657304
Q7597585	6000000030333648971
Q75975965	6000000028069783629
Q75975966	6000000155189852821
Q75975980	6000000024246095297
Q75976038	6000000011361272601
Q75976050	6000000018591503351
Q75976054	6000000018591820003
Q75976067	6000000018591747171
Q75976068	6000000018591765221
Q75976116	6000000003217282701
Q75976123	6000000094760375924
Q75976131	6000000015549811870
Q75976132	6000000015550242092
Q75976133	6000000015549904794
Q75976141	6000000015550022864
Q75976143	6000000015550147609
Q75976269	6000000012415719028
Q75976341	6000000050516688189
Q75976393	6000000034171125275
Q75976427	5606023980280059556
Q7597643	6000000025691097086
Q75976438	6000000000648915428
Q75976452	6000000034730451717
Q75976501	6000000010882196593
Q75976507	6000000010882458322
Q75976516	6000000073533571874
Q75976527	6000000012415265158
Q75976549	6000000003891134250
Q75976556	6000000052061468833
Q75976582	6000000032374477342
Q75976598	6000000002447355746
Q75976603	6000000059443889912
Q75976612	6000000205772434896
Q75976625	6000000003891285880
Q75976653	6000000030908750571
Q75976658	6000000039515596063
Q75976661	6000000016741553900
Q75976714	6000000059438309032
Q75976880	6000000016744454121
Q75976908	6000000032374302583
Q75976926	6000000059443904872
Q7597697	6000000009730649779
Q75976973	6000000017401943014
Q75976988	6000000003890692885
Q75977030	5606009524610117385
Q75977049	6000000131687174925
Q75977057	6000000003891326099
Q75977072	6000000012416032680
Q75977075	6000000082975851845
Q75977096	6000000073533740833
Q75977105	6000000003891134509
Q75977112	6000000024999571139
Q7597719	6000000077624410095
Q7597723	6000000026734008540
Q75977272	6000000059438465875
Q75977288	6000000205773177821
Q75977331	6000000090197264381
Q75977350	6000000003891134559
Q75977414	6000000059441820983
Q75977430	6000000059438475872
Q75977466	6000000034723438935
Q75977508	6000000059441835867
Q75977526	6000000014897659747
Q75977527	6000000034730840303
Q75977557	6000000074433018837
Q75977601	6000000012415634022
Q75977610	6000000016743042084
Q75977889	6000000010890970687
Q75977902	6000000011614485217
Q75977911	6000000003523006661
Q75977926	6000000010891191654
Q75977948	6000000006563284616
Q75977959	6000000010889704137
Q75977980	6000000006444130784
Q75977992	6000000006563284607
Q75978006	6000000071454373247
Q75978015	6000000033732650473
Q75978037	6000000003288153720
Q75978057	6000000003891312907
Q75978105	6000000034903928412
Q75978112	6000000051513651113
Q75978150	6000000012332695575
Q75978180	6000000003891326292
Q75978287	6000000051514028901
Q75978349	6000000030908932415
Q75978426	6000000012414496023
Q75978468	367942797670007438
Q75978544	6000000003891326206
Q75978548	6000000059441860894
Q75978556	6000000012416190442
Q75978617	6000000059439277296
Q75978685	6000000006994694250
Q75978686	6000000059441500131
Q75978707	6000000016742288544
Q75978718	6000000034731732967
Q75978741	6000000059438462067
Q75978744	6000000016743036119
Q75978771	6000000006994958067
Q75978807	6000000016747049595
Q75978811	6000000003891326083
Q75978840	6000000012416239259
Q75978849	6000000059439519926
Q75978939	6000000003891285901
Q75978959	5606021169100028110
Q75978983	6000000034668352654
Q75978999	6000000050558288831
Q75979013	367944407390013810
Q75979025	6000000037613874583
Q75979037	5605995668890075281
Q75979087	6000000059439719889
Q75979109	6000000003891326091
Q75979150	6000000059438576256
Q75979197	6000000010891083719
Q75979232	6000000003891326215
Q75979260	6000000011614279468
Q75979342	6000000003891326285
Q75979363	6000000029243508249
Q75979372	6000000019853550365
Q75979395	5606006615410032152
Q75979435	6000000059443474268
Q75979438	6000000194041473825
Q75979438	6000000194058879899
Q75979504	6000000002167528847
Q75979514	6000000003891362097
Q75979518	6000000003891326223
Q75979521	6000000003891326231
Q75979578	6000000033842125497
Q75979607	6000000028757559158
Q75979625	6000000047786726010
Q75979628	6000000077160121505
Q75979658	6000000023512455251
Q75979701	6000000050566550432
Q75979996	6000000034540698266
Q75980009	6000000079785976973
Q75980013	6000000002116028308
Q75980067	6000000025599564189
Q75980081	6000000009009268703
Q75980121	6000000034568499813
Q75980127	6000000031737364980
Q75980143	6000000033686008032
Q75980160	6000000057268710898
Q75980166	6000000025603473155
Q75980180	6000000027106383747
Q75980204	6000000057472871889
Q75980205	6000000036666095870
Q75980208	6000000014090892356
Q75980226	6000000057483269902
Q75980227	6000000027572969245
Q75980264	6000000020769656978
Q75980265	6000000031737008638
Q75980312	6000000015311074284
Q75980317	6000000034569533373
Q75980320	6000000019132921867
Q75980322	6000000039085797942
Q75980364	6000000006580583368
Q75980396	6000000051509417331
Q75980399	6000000013475505089
Q75980413	6000000055558841075
Q75980429	6000000086071429861
Q75980451	6000000036146804986
Q75980479	6000000094025388812
Q75980504	6000000025819363930
Q75980522	6000000003891379726
Q75980529	6000000014090705856
Q75980531	6000000052567930939
Q75980551	6000000030958859839
Q75980556	6000000027108196282
Q75980571	6000000007160914927
Q75980575	6000000022333462333
Q75980589	6000000034540984460
Q75980611	6000000034569006252
Q75980623	6000000057482876991
Q75980626	6000000012117212399
Q75980647	6000000014021929245
Q75980654	6000000053704763043
Q75980663	6000000034541136236
Q75980668	6000000016776614391
Q75980707	6000000055579680261
Q75980710	6000000014090507399
Q75980731	4709259102020034422
Q75980739	6000000051510046923
Q75980775	6000000001396525932
Q75980783	4709259035200025501
Q75980795	6000000016776111409
Q75980803	6000000021708754822
Q75980809	6000000034569229251
Q75980811	6000000054593189447
Q75980859	6000000052567946180
Q75980861	6000000018870492532
Q75980880	6000000014090720740
Q75980884	6000000116888327149
Q75980904	6000000015546481243
Q75980914	6000000015547400069
Q75980924	6000000019274422261
Q75980938	6000000014090892089
Q75980951	6000000057438089911
Q75980954	6000000015546542909
Q75980961	6000000018222141846
Q75980971	6000000057633568006
Q75980991	6000000027034860020
Q75980992	6000000013462441561
Q75980993	6000000063637497969
Q75981009	6000000007663225449
Q75981010	6000000051755547058
Q75981017	6000000090008576828
Q75981020	6000000062102415469
Q75981021	6000000069906816095
Q75981037	6000000027573432884
Q75981071	6000000057238455014
Q75981081	6000000015546545337
Q75981084	6000000090008576834
Q75981129	6000000057505395035
Q75981194	6000000027573048174
Q75981231	6000000057483252849
Q75981242	6000000016775798879
Q75981256	6000000034569262904
Q75981266	6000000015545029422
Q75981278	6000000063633436009
Q75981289	6000000027739141289
Q75981302	6000000010191359865
Q75981316	6000000047840238401
Q75981326	6000000029398580864
Q75981339	6000000079785400245
Q75981348	6000000054594579854
Q75981370	6000000116888327562
Q75981389	6000000014514617839
Q75981444	6000000016897517422
Q75981454	6000000016775919362
Q75981459	6000000034545327211
Q75981491	6000000031737063724
Q75981495	6000000034541181314
Q75981518	6000000009009364849
Q75981551	6000000010320617086
Q75981556	6000000026324689704
Q75981561	6000000057047610827
Q75981562	6000000027560376477
Q75981597	6000000055580037850
Q75981603	6000000116888326883
Q75981631	6000000044362461691
Q75981637	6000000018207223940
Q75981651	6000000017459226022
Q75981656	6000000018222400405
Q75981689	6000000025603588191
Q75981702	6000000054484431821
Q75981717	6000000031736911528
Q75981756	6000000073393484806
Q75981776	6000000025572167691
Q75981808	6000000054568426033
Q75981819	6000000001714905315
Q75981826	6000000029609572950
Q75981835	6000000029133494378
Q75981879	6000000012911532341
Q75981912	6000000009978511233
Q75981916	6000000052568043855
Q75981945	6000000025578899876
Q75981967	6000000012901937985
Q75982	422563
Q75982009	6000000055653797943
Q75982033	6000000034568682262
Q75982046	6000000003891379719
Q75982047	6000000034541315190
Q75982049	6000000009035768668
Q75982089	6000000066553824947
Q75982116	6000000063635069834
Q75982127	6000000034541184248
Q75982137	6000000057136312020
Q75982150	6000000025818504471
Q75982152	6000000069906911985
Q75982157	6000000010676373464
Q75982180	6000000043950694171
Q75982196	6000000044571242939
Q75982209	6000000016775919376
Q75982229	6000000090008656828
Q75982247	6000000073394355780
Q75982248	6000000002116028322
Q75982258	6000000033601090423
Q75982290	6000000016897448598
Q75982304	6000000055647771012
Q75982308	6000000055654487867
Q75982367	6000000015546548830
Q75982368	6000000027108297089
Q75982429	6000000016444252890
Q75982438	6000000015547187013
Q75982440	6000000011242446603
Q75982450	6000000025578912892
Q75982468	6000000028753080653
Q75982480	6000000055580722844
Q75982501	6000000036145903678
Q75982527	6000000033547310900
Q75982531	6000000034568497434
Q75982557	6000000088314511935
Q75982573	6000000031737274019
Q75982581	6000000024150288194
Q75982595	6000000035303520078
Q75982598	6000000017375348057
Q75982614	6000000014514041907
Q75982663	6000000052568139134
Q75982775	6000000023214031872
Q75982879	6000000037356117766
Q75982983	6000000014514484420
Q75983000	6000000025597903746
Q75983006	6000000034541018715
Q75983046	6000000066555830023
Q75983061	6000000014349816725
Q75983104	6000000055580091913
Q75983157	6000000053117617133
Q75983183	6000000063632428068
Q75983198	6000000014827077500
Q75983259	6000000017362168811
Q75983281	6000000025574794379
Q75983337	6000000013475425457
Q75983348	6000000116888326936
Q75983361	6000000073394495858
Q75983400	6000000027573391044
Q75983407	6000000034515525245
Q75983409	6000000039485407905
Q75983417	6000000034569810830
Q75983423	6000000014514768410
Q75983448	6000000000461657323
Q75983453	6000000034515062581
Q75983491	6000000015546506189
Q75983508	6000000030958401013
Q75983561	6000000031736589817
Q75983597	6000000033601274991
Q75983605	6000000074086145412
Q75983643	6000000029245842192
Q75983644	6000000034540974579
Q75983652	6000000034540860141
Q75983692	6000000057015734042
Q75983701	6000000027108315919
Q75983716	6000000001331196546
Q75983732	6000000012911538362
Q75983737	6000000012911476505
Q75983753	6000000070763425971
Q75983819	6000000012146196776
Q75983852	6000000034545291373
Q75983854	6000000002115911989
Q75983890	6000000003141158468
Q75983892	6000000012146896513
Q75983914	6000000017676042999
Q75983936	6000000016776111385
Q75983945	6000000034569186690
Q75983946	6000000038200666305
Q75983969	6000000051509937067
Q75984014	6000000034515724894
Q75984016	6000000034569698931
Q75984028	6000000000476994277
Q75984059	6000000016775798886
Q75984076	6000000012911522315
Q75984085	6000000063633108858
Q75984086	6000000037473059451
Q75984108	6000000034515644845
Q75984116	6000000027107996049
Q75984117	6000000024248832208
Q75984125	6000000015311042196
Q75984150	6000000034515932837
Q75984160	6000000066553922889
Q75984173	6000000077631070022
Q75984178	6000000034568712194
Q75984195	6000000070763527841
Q75984201	6000000059268137886
Q75984243	6000000012901734127
Q75984271	6000000021708048426
Q75984282	6000000066935031852
Q75984302	6000000015546537322
Q75984314	6000000070763586875
Q75984320	6000000066555694017
Q75984327	6000000055519153900
Q75984351	6000000003244801571
Q75984380	6000000025822144915
Q75984386	6000000001152868515
Q75984397	6000000054567929325
Q75984407	6000000034540786031
Q75984411	6000000007916081527
Q75984471	4967525236940042956
Q75984475	6000000012146919480
Q75984480	6000000001396497566
Q75984484	6000000066554221850
Q75984500	6000000016775919369
Q75984507	6000000036695365672
Q75984513	6000000009767264132
Q75984529	6000000001153024270
Q75984575	6000000066935114821
Q75984576	6000000034515523137
Q75984589	6000000055558701141
Q75984600	6000000021568122951
Q75984659	6000000034569908981
Q75984665	6000000034541535929
Q75984679	6000000012911522649
Q75984685	6000000006444232885
Q75984704	6000000102700734073
Q75984708	6000000002116337843
Q75984747	6000000025598001414
Q75984761	6000000003098047094
Q75984766	6000000007306379818
Q75984767	6000000053092724951
Q75984788	6000000017676936035
Q75984795	6000000024112965932
Q75984814	6000000019405110684
Q75984847	6000000011518875815
Q75984849	6000000011519096240
Q75984854	6000000011518952883
Q75984889	6000000027116838760
Q75984895	6000000041515014215
Q75984903	6000000013341379900
Q75984924	6000000041447836957
Q75984927	6000000003891073165
Q75984928	6000000003891073158
Q75984930	6000000041447687219
Q75984931	6000000003891024418
Q75984932	6000000003891024434
Q75984970	6000000003891725045
Q75984982	6000000037019295855
Q75984985	6000000037055285866
Q75985046	6000000018999006256
Q75985078	6000000016446493585
Q75985127	6000000014589252359
Q75985134	6000000093314576828
Q75985135	6000000093313800942
Q75985136	6000000014589482601
Q75985140	6000000014589133860
Q75985146	6000000014589489347
Q75985149	6000000014589379371
Q75985154	6000000090708257981
Q75985156	6000000090706951978
Q75985159	6000000090705723161
Q75985162	6000000090707508031
Q75985167	6000000013661567122
Q75985169	6000000013661025995
Q75985190	6000000090709657833
Q75985261	6000000111232299865
Q75985267	6000000034012334280
Q75985276	6000000026607472581
Q75985280	6000000026607161401
Q75985285	6000000023442701113
Q75985289	6000000111226132140
Q75985292	6000000111227061870
Q75985309	6000000027523239385
Q75985360	6000000111227291829
Q75985361	6000000111227083932
Q75985373	6000000051512374969
Q75985409	6000000157612807822
Q75985417	6000000077283783958
Q75985478	6000000077283215411
Q75985506	6000000024378844163
Q75985523	6000000012418209881
Q75985810	6000000054595083095
Q75985832	6000000083576305971
Q75985860	6000000031625733304
Q75985861	6000000031625979870
Q75985867	6000000012417885687
Q75985870	6000000012418260221
Q75985903	6000000052503954082
Q75985943	6000000052060498097
Q75985947	6000000052061132884
Q75986044	6000000017065375462
Q75986242	4914095303930085843
Q75986243	4914095280710085837
Q75986253	4914085428600065432
Q75986254	4914085445180065438
Q75986265	4992931889080133836
Q75986270	6000000003128883800
Q75986292	4992171988350062485
Q75986406	6000000076807918462
Q7598650	6000000011262070515
Q75986517	6000000002115881138
Q7598653	6000000015988238585
Q75986643	6000000051509772080
Q75986644	6000000051510113872
Q75986646	6000000035327576336
Q75986649	6000000021596675752
Q75986750	6000000017362669062
Q75986912	6000000025442381510
Q75986921	6000000068448434862
Q75986925	6000000005576900097
Q75986989	6000000022819942887
Q75986991	6000000014272494995
Q75987000	6000000022756224476
Q75987002	6000000025773471005
Q75987004	6000000018604714113
Q75987005	6000000022512093405
Q75987010	6000000049284532875
Q75987011	6000000049284138236
Q75987104	6000000011549623130
Q75987142	6000000010090462958
Q75987143	6000000034694356492
Q75987182	6000000016693886514
Q75987239	6000000018274543158
Q75987240	6000000018274255963
Q75987243	6000000018274482431
Q75987245	6000000018274742108
Q75987280	6000000015959196758
Q75987283	6000000015960031963
Q75987287	6000000015960770046
Q75987296	6000000015960836692
Q75987520	6000000002115929498
Q75987575	6000000034821421347
Q75987619	6000000055829200953
Q75987637	6000000013563224903
Q75987639	6000000023532120111
Q75987641	6000000013563866395
Q75987651	6000000013563879882
Q75987658	6000000054353473840
Q75987704	6000000054347438840
Q75987705	6000000054348340886
Q7598771	6000000178472632911
Q75987755	6000000013563902821
Q75987759	6000000013562892850
Q75987862	6000000026363972176
Q75987865	6000000053797175875
Q75987867	6000000053797169031
Q75987875	6000000020035266419
Q75987876	6000000006563284449
Q75987878	6000000030433649820
Q75987880	6000000006563284634
Q75987881	6000000024989766375
Q75987883	6000000006563284652
Q75987884	6000000006563284661
Q75987944	6000000034756249863
Q75987953	6000000015499740371
Q75988031	6000000012999762111
Q75988104	5541843538030127176
Q75988113	5088422096970044008
Q75988138	5541558776120115249
Q75988140	5541567797370041117
Q75988173	6000000003891835022
Q75988191	6000000018944324356
Q75988468	6000000011146855147
Q7598869	6000000017669904845
Q75988860	6000000070704340398
Q75988875	6000000041849194130
Q75988877	6000000041847804527
Q75989034	6000000082639522627
Q75989123	6000000022016886133
Q75989163	6000000084801744905
Q75989165	6000000084797401893
Q75989167	6000000084794637747
Q75989177	6000000176978358844
Q75989181	6000000008044429201
Q75989185	6000000084798168178
Q75989189	6000000084798322270
Q75989194	6000000084797969582
Q75989206	6000000051944618968
Q75989211	6000000026130960538
Q75989224	6000000084800891854
Q75989226	6000000104240778995
Q75989233	6000000084798231113
Q75989250	6000000084800801871
Q75989257	6000000000061568685
Q75989354	6000000022293623311
Q75989383	6000000016593171056
Q75989385	6000000014416900220
Q75989400	6000000026324828210
Q75989413	6000000022162879118
Q75989477	6000000025544655896
Q7598968	6000000163889671850
Q75989700	6000000068130219031
Q75989797	6000000013868641240
Q75989799	6000000013869370086
Q75989800	6000000007193426448
Q75989802	6000000013868635386
Q75989895	6000000085545667925
Q75989898	6000000085545622889
Q75989899	6000000031985960105
Q75990058	6000000030890684060
Q75990103	6000000028869311536
Q75990175	6000000002447355679
Q75990190	6000000026186416918
Q75990254	6000000019751281212
Q7599026	6000000076214626294
Q75990272	6000000019700240202
Q75990321	6000000031371374413
Q75990332	6000000028606600421
Q75990453	6000000078043134524
Q75990517	6000000088813293171
Q75990519	6000000062443354367
Q75990523	6000000067969406879
Q7599082	6000000065637178912
Q75990838	6000000025997013476
Q75990864	6000000025997310009
Q75990932	6000000027881049989
Q7599094	6000000012213164230
Q7599108	6000000003361856230
Q75991103	6000000050562113841
Q7599111	6000000022683795109
Q75991154	6000000016203501432
Q7599116	6000000052548692956
Q7599118	6000000142055905843
Q7599119	6000000002537957286
Q75991201	6000000025555082533
Q7599129	6000000023264213342
Q7599130	6000000105727142225
Q7599131	6000000008612796830
Q75991427	6000000057184660170
Q75991495	6000000025635870879
Q75991506	6000000092912842903
Q75991539	6000000076825656686
Q75991540	6000000076827499922
Q75991545	6000000076826707132
Q7599155	6000000025631380357
Q75991561	6000000076827564836
Q75991564	6000000039708908063
Q75991581	6000000092912842891
Q75991582	6000000092912842879
Q75991592	6000000039708804187
Q75991594	6000000031930709852
Q75991599	6000000092912842852
Q7599162	6000000081780132256
Q75991653	6000000015392947349
Q75991658	6000000034096362127
Q75991701	6000000092912842858
Q7599171	6000000014677747701
Q75991726	6000000020164950261
Q75991751	6000000034532327004
Q75991784	6000000012391925994
Q7599184	6000000011550469082
Q7599189	6000000043784098041
Q7599192	6000000037101337703
Q75991927	6000000072256530025
Q75991930	6000000072256544992
Q75991932	6000000057185512186
Q75991948	6000000072256995141
Q75991958	6000000026215859074
Q75991966	6000000050561506941
Q75991967	6000000026215844248
Q75991968	6000000026215879042
Q75991970	6000000057186103896
Q75992038	6000000050561712824
Q75992040	6000000026215220588
Q75992065	6000000026216039886
Q75992077	6000000050561807821
Q75992083	6000000026216059216
Q75992093	6000000050561639865
Q75992095	6000000014877926070
Q75992098	6000000050561386016
Q75992111	6000000013776320550
Q75992112	6000000050561343891
Q75992117	6000000013775952915
Q75992119	6000000013775952915
Q7599212	6000000002633260545
Q75992133	6000000050561847830
Q75992135	6000000043552941171
Q75992136	6000000050562081878
Q75992216	6000000039013512920
Q7599224	6000000081530664862
Q7599226	6000000012489769691
Q7599227	6000000002143272518
Q7599230	6000000027535040930
Q7599232	4169390278590082859
Q7599233	6000000078447372140
Q7599237	6000000012284127687
Q7599240	6000000077899875174
Q7599243	6000000037009185677
Q7599246	6000000006727465606
Q75992475	6000000012184596972
Q75992553	6000000026216547635
Q7599256	6000000000635187963
Q75992573	6000000041037841989
Q75992576	6000000006348370124
Q7599263	6000000000159464597
Q75992634	6000000028724192189
Q75992663	6000000026220899325
Q75992683	6000000026229056591
Q7599272	356225877060013378
Q75992745	6000000012492526336
Q7599275	6000000035742899827
Q7599276	6000000014826274892
Q75992802	6000000015664746960
Q75992810	6000000020169803848
Q75992845	6000000015499655820
Q75992901	6000000008179699421
Q75993020	6000000006110599853
Q75993022	6000000055979464008
Q75994090	6000000007465050554
Q75994187	6000000069504715005
Q75994189	6000000069504300234
Q7599424	6000000051739569257
Q75994417	6000000026160275783
Q75994419	6000000026160364140
Q75994458	6000000026160545001
Q75994460	6000000026159909622
Q7599452	6000000042514094128
Q75994556	6000000021931306655
Q75994593	6000000021931616915
Q75994595	6000000012538240934
Q75994614	6000000056409360916
Q75994631	6000000035581596713
Q75994662	6000000021709349466
Q75994727	6000000006953343908
Q7599476	6000000038239504458
Q75994791	6000000073965945072
Q7599484	6000000009552951789
Q75994879	6000000023851336990
Q75994951	6000000000462544463
Q75994963	6000000023146154929
Q75995012	6000000020669179946
Q75995014	6000000020707987531
Q75995020	6000000023264541420
Q75995032	6000000023262593926
Q75995045	6000000023149004451
Q75995049	6000000023148846559
Q75995051	6000000013686041168
Q75995052	6000000023150432838
Q75995055	6000000023150405837
Q75995057	6000000023149839527
Q75995061	6000000057251639933
Q75995068	6000000030586779572
Q75995074	6000000023149144281
Q75995092	6000000055782720879
Q75995093	6000000055782625898
Q75995103	6000000023149668416
Q75995104	6000000023149158248
Q75995115	6000000057253699186
Q75995117	6000000023149079044
Q75995120	6000000023149136052
Q75995122	6000000023148875254
Q75995124	6000000023149009129
Q75995125	6000000003400211412
Q75995127	6000000003400082366
Q75995133	6000000023149588988
Q75995137	6000000023150524842
Q75995138	6000000023150270121
Q75995141	6000000023150032092
Q75995142	6000000023150514845
Q75995147	6000000023150451046
Q75995148	6000000023150451053
Q75995150	6000000023149816417
Q7599518	6000000010131957817
Q7599523	6000000018712096065
Q7599531	6000000015045897358
Q75995343	6000000084053642563
Q75995373	6000000021388008175
Q75995402	6000000028022748540
Q75995457	6000000030769570321
Q75995459	6000000030769904826
Q75995477	6000000030766836887
Q75995525	6000000180157356866
Q75995639	6000000003216099928
Q7599568	6000000054309471890
Q75995714	6000000037005154765
Q75995723	6000000037006018995
Q75995736	6000000011285667246
Q75995738	6000000011285497580
Q75995764	6000000011285239030
Q75995767	6000000011286428980
Q75995769	6000000011286788039
Q75995773	6000000011287035071
Q75995777	6000000011287270520
Q75995781	6000000011289893873
Q75995782	6000000011289410043
Q75995783	6000000011289903949
Q75995798	6000000011290225279
Q75995814	6000000011290225289
Q75995828	6000000011287408475
Q75995830	6000000011287408480
Q75995831	6000000011295367494
Q75995835	6000000011286955784
Q75995845	6000000011292815178
Q75995849	6000000011295634226
Q75995858	6000000011286788034
Q75995859	6000000011287318359
Q75995864	6000000011286955789
Q75995865	6000000011287501568
Q75995867	6000000011285688499
Q7599609	6000000071158427942
Q75996199	6000000002386128040
Q75996203	6000000046990716909
Q75996227	6000000046990275227
Q75996232	6000000046990641974
Q75996238	6000000046990864821
Q75996244	6000000046990447187
Q75996300	6000000001954853391
Q75996336	6000000024063274951
Q7599635	6000000011025503348
Q75996519	6000000002386128431
Q75996546	6000000046990439903
Q75996547	6000000046990217995
Q75996550	6000000046991087862
Q75996560	6000000046991072943
Q7599658	6000000010051435527
Q7599659	6000000073392275982
Q75996590	6000000046990878963
Q75996592	6000000046990200675
Q75996598	6000000034688235101
Q75996604	6000000034688697916
Q75996605	6000000034687295629
Q75996607	6000000034687027677
Q75996610	6000000034688572995
Q75996613	6000000034688426103
Q75996619	6000000047808145262
Q75996624	6000000047804684877
Q75996654	6000000029759847082
Q75996674	6000000047804986926
Q75996682	6000000047804956949
Q75996715	6000000047805542844
Q75996726	6000000047805261945
Q75996727	6000000047805375862
Q75996732	6000000047807756557
Q75996740	6000000047804481056
Q75996769	6000000047805715951
Q75996772	6000000047805638130
Q75996787	6000000047804556043
Q75996792	6000000047806476863
Q75996840	6000000047806414909
Q75996841	6000000047804662914
Q75996843	6000000047804135245
Q75996965	6000000015019649956
Q75996977	6000000034687866178
Q75996992	6000000004655884386
Q75996995	6000000004655788407
Q75997087	6000000034688136129
Q75997088	6000000034686855988
Q75997091	6000000047807286881
Q75997099	6000000034688085927
Q75997106	6000000055594336921
Q7599711	6000000011177190620
Q75997116	6000000013809972998
Q75997162	6000000055594455931
Q7599720	6000000076697376928
Q75997385	6000000076152156839
Q7599747	6000000024552037870
Q7599748	6000000008405465628
Q75997484	6000000018596144732
Q75997512	6000000039152848024
Q75997515	6000000004535404536
Q75997518	6000000013475561672
Q75997523	6000000013207313639
Q75997525	6000000004535266720
Q75997526	6000000018594789231
Q75997531	6000000018595802023
Q75997532	6000000018594482783
Q75997536	6000000018596387698
Q75997549	6000000018594515760
Q75997552	6000000018596312312
Q75997554	6000000018594891170
Q75997558	6000000045299089283
Q75997559	6000000045295720860
Q75997562	6000000013475879264
Q75997564	6000000039053928228
Q75997567	6000000039053688713
Q75997579	6000000024943630435
Q75997585	6000000039027907888
Q75997592	6000000039054675347
Q75997600	6000000018591305355
Q75997602	6000000020352071248
Q75997605	6000000021276206197
Q75997606	6000000020352140230
Q75997609	6000000023850105443
Q7599762	6000000019180826255
Q75997622	6000000013490752223
Q75997634	6000000018591050258
Q75997637	6000000018591380609
Q75997638	6000000018591416158
Q75997640	6000000018591513074
Q75997670	6000000000167711477
Q75997673	6000000084365948016
Q75997675	6000000084366293944
Q75997682	6000000084365955896
Q75997685	6000000084365947903
Q75997713	6000000084363780711
Q75997770	6000000045239343069
Q75997772	6000000066614348840
Q75997773	4199609516390059414
Q75997777	6000000066614460841
Q7599808	6000000019954944113
Q75998113	6000000008809699108
Q75998170	6000000026049160492
Q75998212	6000000064837759002
Q75998218	6000000026049563370
Q75998254	6000000017888907370
Q75998341	6000000026049948192
Q75998391	6000000026046584024
Q75998398	6000000026043393301
Q75998491	6000000026040242218
Q75998497	6000000026040289355
Q75998539	6000000026042822024
Q75998542	6000000026026056680
Q75998545	6000000026026272602
Q75998578	6000000026042088483
Q75998815	6000000034357446866
Q7599882	6000000002323405326
Q7599886	6000000084649696910
Q75999044	6000000009360371752
Q75999057	6000000009365781091
Q75999113	6000000112477573943
Q75999131	6000000112477486857
Q75999168	6000000112477368884
Q75999175	6000000112475333030
Q75999179	6000000112475432988
Q75999210	5563554674950070795
Q75999211	6000000039276335802
Q75999212	6000000039279268070
Q75999230	5563554727790070701
Q7599930	6000000084300079122
Q75999376	6000000016914010188
Q75999377	6000000017506338227
Q75999378	6000000016913980358
Q75999379	6000000016913935458
Q7599938	6000000037010809569
Q75999381	6000000016913935462
Q75999382	6000000016913935466
Q75999384	6000000016913722741
Q75999385	6000000016914127759
Q75999388	6000000016914173187
Q75999391	6000000011297448271
Q75999416	6000000017543796422
Q75999428	6000000034206300560
Q75999432	6000000030507290430
Q7599944	6000000066603134995
Q75999448	6000000016914061864
Q75999451	6000000016913955827
Q7599947	6000000006824569264
Q75999473	6000000075754912123
Q75999485	6000000043070808097
Q75999488	6000000043070581394
Q75999491	6000000043070839945
Q7599955	6000000025415457481
Q75999614	6000000029807934248
Q75999617	6000000029808685031
Q75999644	6000000029807561239
Q75999646	6000000029807555505
Q75999719	6000000047803830899
Q75999720	6000000033785638179
Q75999722	6000000022830670858
Q75999731	6000000041970845071
Q75999734	6000000041971061188
Q75999738	6000000041970765219
Q76	6000000010349180549
Q76000000	6000000078928309966
Q76000002	6000000078927923075
Q76000017	6000000078927513150
Q76000099	6000000035948519092
Q76000123	6000000078927282064
Q76000179	6000000078926806418
Q76000220	6000000011232029086
Q76000223	6000000038473132629
Q76000225	6000000002447355671
Q76000233	6000000006954277123
Q76000236	6000000016539956335
Q76000236	6000000069793235957
Q76000237	6000000016540041432
Q76000237	6000000069794278934
Q76000242	6000000038473716991
Q76000245	6000000038473572364
Q76000269	6000000078927042331
Q76000276	6000000078928497903
Q76000280	6000000078927665045
Q76000295	6000000069790731097
Q76000564	6000000143206151150
Q76000869	6000000014136930958
Q76000876	6000000176404189851
Q76000989	4545960432570066199
Q76001030	6000000028263019501
Q76001030	6000000076700143901
Q76001066	6000000011297448237
Q76001106	6000000015700670210
Q76001251	2284923
Q76001266	6000000131731289924
Q76001272	6000000019873674117
Q76001332	6000000022824943059
Q76001334	6000000020964138344
Q76001343	6000000020963278733
Q76001345	6000000020966879054
Q76001385	6000000020962395348
Q76001396	6000000020962309266
Q76001399	6000000020962206522
Q76001406	6000000020962309326
Q76001494	6000000020962642151
Q76001508	6000000022826920067
Q76001571	6000000017963155303
Q76001572	6000000017963256066
Q76001576	6000000073858823822
Q76001584	6000000034335459834
Q76001585	6000000034335337944
Q76001590	6000000034335355100
Q76001802	6000000036621085209
Q76001943	6000000049172510904
Q76001944	6000000002510298874
Q76002011	6000000017803272649
Q76002018	6000000017803263875
Q76002028	6000000039500051965
Q76002045	6000000012533972556
Q76002047	6000000026479099851
Q76002048	6000000014576044849
Q76002050	6000000014244320698
Q76002054	6000000019287811387
Q76002313	6000000009075563752
Q76002319	6000000038377902007
Q76002337	389525882290005022
Q76002339	389528252570006517
Q76002341	6000000022670929604
Q76002349	6000000027916705917
Q76002366	6000000026531794845
Q76002447	6000000025398303823
Q76002449	4923381035260067188
Q76002457	6000000009077688864
Q76002549	6000000031639669774
Q76002580	6000000039440068563
Q76002581	6000000039440068532
Q76002725	6000000055595209886
Q76002735	6000000010932869837
Q76002739	6000000007067543576
Q76002741	6000000007067171869
Q76002746	6000000006956958159
Q76002755	6000000010932724171
Q76002793	6000000029778434568
Q76002838	6000000012492390965
Q76002844	6000000018081328413
Q76002847	6000000030392995470
Q76002858	6000000032979801965
Q76002944	6000000005436379438
Q76002946	6000000017692106774
Q76002951	6000000017692343064
Q76003041	6000000016830476032
Q76003047	6000000192330979827
Q76003159	6000000022977273447
Q76003161	6000000017692004976
Q76003166	6000000017692449727
Q76003179	6000000042579578818
Q76003182	6000000042580241896
Q76003184	6000000042580281860
Q76003204	6000000042589994364
Q76003227	6000000042590369221
Q7600327	6000000002120455662
Q76003270	6000000042580018401
Q76003285	6000000042580022435
Q76003286	6000000042579980606
Q76003320	6000000018885836445
Q76003324	6000000013258697045
Q76003327	6000000013258668917
Q76003330	6000000013258595813
Q76003340	6000000025173703913
Q76003340	6000000046844617792
Q76003371	6000000003891557814
Q76003373	6000000003891557822
Q76003374	6000000081252974264
Q76003379	6000000007009492378
Q76003390	6000000039625812242
Q76003504	6000000006972241561
Q76003505	6000000001230609322
Q76003512	6000000001230448247
Q76003544	6000000016098466766
Q76003599	6000000018489632511
Q76003616	6000000020629412845
Q76003647	6000000020282614812
Q76003657	6000000002802782432
Q76003689	6000000010004814609
Q76003788	6000000016484572832
Q76003789	6000000002245306918
Q76003793	6000000027581110908
Q76003801	6000000006423157930
Q76003802	6000000064684092876
Q76003813	6000000034133596845
Q76004	6000000214155728821
Q76004148	6000000076378628886
Q76004163	6000000076378623869
Q76004285	6000000003087068060
Q76004481	6000000114747489906
Q76004489	6000000086229414917
Q76004505	6000000077974624839
Q76004510	6000000015511025317
Q76004512	6000000015511012909
Q76004513	6000000005438426926
Q76004514	6000000015511063596
Q76004527	6000000017948469281
Q76004528	6000000017947664964
Q76004554	6000000024835079293
Q76004581	6000000002518707360
Q76004582	6000000038813780150
Q76004583	6000000038814150984
Q76004754	6000000002897755171
Q76004755	6000000002931520686
Q76004756	6000000002931685637
Q76004759	6000000002931598427
Q76004760	6000000002931605983
Q76004763	6000000002762437737
Q76004803	6000000100180591926
Q76004804	6000000026175011365
Q76004822	6000000031824913689
Q76004824	6000000014244325225
Q76004827	6000000014243612984
Q76004831	6000000031825099256
Q76004835	6000000014243680998
Q76004838	6000000014243704344
Q76004839	6000000014243706326
Q7600487	6000000013280825208
Q76005003	6000000015664766299
Q76005043	6000000019321765417
Q76005130	6000000206011080867
Q76005185	6000000038397220993
Q76005322	6000000045146755932
Q76005367	6000000038486129140
Q76005439	6000000057178766849
Q76005448	6000000015664822330
Q76005451	6000000046928729821
Q76005452	6000000046930075960
Q76005730	6000000020052707067
Q76005785	6000000070170047093
Q76005871	6000000015059939398
Q76005875	6000000015059619585
Q76005900	6000000015664738883
Q76006026	6000000022456004349
Q76006029	6000000022456087409
Q76006048	6000000008392481918
Q76006198	6000000020021399023
Q76006282	6000000084180053351
Q76006336	6000000015602732030
Q76006343	6000000055517810967
Q76006388	6000000000769985147
Q76006414	6000000016191765742
Q76006434	6000000008583893618
Q76006436	6000000026092027880
Q76006439	6000000026091578763
Q76006443	6000000026091720553
Q76006458	6000000017663392834
Q76006584	6000000011715737295
Q76006586	6000000011715513056
Q76006634	6000000046181998913
Q76006657	6000000022163685148
Q76006678	6000000083358092338
Q76006679	6000000083357871535
Q76006689	6000000176037647894
Q76006897	6000000038440061614
Q76006969	6000000013486117492
Q76006970	6000000013486160953
Q76006975	6000000013486056868
Q76006982	6000000002499134421
Q76006993	6000000002499123910
Q76006994	6000000002499223270
Q76007024	6000000002499134492
Q76007047	6000000041431312664
Q76007062	6000000025914846981
Q76007237	6000000024186284132
Q76007357	6000000078766700846
Q76007389	6000000056474846039
Q76007430	6000000045146488998
Q76007482	6000000016092879754
Q76007483	6000000016099786092
Q76007495	6000000012433485772
Q76007497	6000000077445600031
Q76007518	6000000023248660675
Q76007595	6000000016649500016
Q76007816	6000000017361665665
Q76007816	6000000033715561277
Q76007817	6000000017362081547
Q76007817	6000000163567824234
Q76007842	6000000023482300449
Q76007875	6000000019711056391
Q76007967	6000000017982632095
Q76007969	6000000017982517108
Q76007999	6000000055549434901
Q76008029	6000000032594227060
Q76008035	6000000026355927039
Q76008357	4101283318450128456
Q76008364	6000000010095407818
Q76008418	6000000057701900902
Q76008419	6000000074736376848
Q76008420	6000000074736187982
Q76008467	6000000031019669894
Q76008729	6000000015258366511
Q76008730	6000000054044332063
Q76008732	6000000054046370865
Q76008810	6000000019926194215
Q76008815	6000000016416701198
Q76008840	6000000019962517329
Q76008866	6000000020372910214
Q76008948	6000000020021288374
Q76008950	6000000020021047619
Q76008951	6000000020021359110
Q76008952	6000000020021362134
Q76009016	6000000108764465257
Q76009017	6000000108764465214
Q76009076	6000000010048532298
Q76009084	6000000027636887057
Q76009106	6000000058635866869
Q76009116	6000000058284358882
Q76009223	6000000055703418883
Q76009224	6000000055702250614
Q76009263	6000000021040683697
Q76009403	6000000008848788461
Q76009480	6000000082041270917
Q76009485	6000000006444392735
Q76009489	6000000006444392806
Q76009498	6000000037589017077
Q76009507	6000000026101870226
Q76009512	6000000017268925364
Q76009537	6000000026093301717
Q76009550	6000000098523074830
Q76009556	6000000031625963133
Q76009564	6000000031626091919
Q76009580	6000000016640953289
Q76009600	6000000018944683070
Q76009604	6000000020574396839
Q76009677	363757278280012245
Q76009698	363773068090011584
Q76010084	6000000041488136758
Q76010118	6000000053115868886
Q76010251	6000000017029996121
Q76010256	6000000142186948204
Q76010272	6000000069764603186
Q76010275	6000000010332700921
Q76010279	6000000004584568134
Q76010326	6000000006943270941
Q76010524	6000000033637871253
Q76010538	6000000090657871442
Q76010541	6000000090656563972
Q76010583	6000000078550288216
Q76010628	6000000025652072385
Q76010631	6000000025651872183
Q76010696	6000000034887939217
Q76011009	6000000053752228149
Q76011010	6000000039447112940
Q76011014	6000000051553868866
Q76011024	6000000082648506118
Q76011258	6000000012802913620
Q76011260	6000000054594341929
Q76011264	6000000054594481877
Q76011270	6000000056177917941
Q76011273	6000000056178060897
Q76011276	6000000023213640316
Q76011279	6000000038236956455
Q76011280	6000000038237294025
Q76011285	6000000054594499090
Q76011288	6000000054594644852
Q76011334	6000000023214031866
Q76011335	6000000023214031859
Q76011336	6000000038237110365
Q76011439	6000000031038172991
Q76011658	6000000075862589474
Q76011669	6000000014230873583
Q76011760	6000000002188483038
Q76011769	6000000040487204279
Q76011782	6000000000703075530
Q76011783	6000000009339129919
Q76011786	6000000009340276332
Q76011850	6000000002809028093
Q76011870	350657750490001144
Q76011871	350657650030001206
Q76011965	6000000011318560766
Q76011992	6000000016818468531
Q76011993	6000000016818696161
Q76011999	6000000016818293927
Q76012005	6000000016818246258
Q76012145	6000000023000067040
Q76012172	6000000046931889821
Q76012174	6000000046931750892
Q76012176	6000000071071158917
Q76012204	6000000025822590318
Q76012205	6000000025822771131
Q76012207	6000000052193472849
Q76012234	6000000015592741708
Q76012245	6000000062292177058
Q76012250	6000000097509147892
Q76012251	6000000017601322560
Q76012253	6000000017783719132
Q76012256	6000000017783707251
Q76012336	6000000014760427033
Q76012492	6000000009616483986
Q76012494	6000000024803461580
Q76012513	6000000009616404330
Q76012524	6000000009616733922
Q76012543	6000000056539204958
Q76012590	6000000003891989943
Q76012612	6000000003890652611
Q76012744	6000000072569286335
Q76012745	6000000072802447915
Q76012751	6000000097501262874
Q76012760	6000000072569706241
Q76012818	6000000055583139456
Q76012819	6000000055582998432
Q76012865	6000000085359440838
Q76012898	6000000031085595367
Q76012901	6000000029492385502
Q76012956	6000000026427099681
Q76012957	6000000017020032267
Q76012958	6000000017019895455
Q76012959	6000000026434644821
Q76012960	6000000058759425267
Q76012961	6000000058759845966
Q76012964	6000000058759810194
Q76012965	6000000058760638934
Q76013	6000000021142424571
Q76013001	6000000058760050936
Q76013002	6000000058760376031
Q76013004	6000000050535264833
Q76013008	6000000058760441822
Q76013012	6000000062375051860
Q76013013	6000000062375050882
Q76013016	6000000018452514365
Q76013017	6000000018452332644
Q76013018	6000000026433910903
Q76013019	6000000026431990255
Q76013092	6000000006444092370
Q76013144	6000000189220348825
Q76013155	6000000076325602821
Q76013185	6000000076325153107
Q76013190	6000000076324457400
Q76013213	6000000003939528771
Q76013215	6000000021732111351
Q76013220	6000000021140532814
Q76013231	6000000052080155121
Q76013241	6000000003937951623
Q76013318	6000000052080774846
Q76013328	6000000002188542128
Q76013342	6000000076325481893
Q76013370	6000000076325200024
Q76013372	6000000076324932186
Q76013406	5261011344280138577
Q76013617	6000000029390262120
Q76013825	6000000001877513624
Q76013837	6000000002116202989
Q76013853	6000000056444855821
Q76013982	6000000000724943490
Q76014063	6000000037544491970
Q76014078	6000000087180817060
Q76014166	6000000028538588954
Q76014167	6000000028538677928
Q76014173	6000000020388282704
Q76014174	6000000020388705959
Q76014228	6000000027394548475
Q76014230	6000000020388308554
Q76014238	6000000035298373879
Q76014242	6000000017267975962
Q76014265	6000000035298338874
Q76014269	6000000027672162062
Q76014273	6000000005437496099
Q76014309	6000000047184352836
Q76014316	6000000009456755632
Q76014424	6000000007090006383
Q76014426	6000000007705576367
Q76014430	6000000009430469201
Q76014435	6000000009455297389
Q76014447	6000000009456724028
Q76014448	6000000009457998221
Q76014450	6000000009456925409
Q76014500	6000000021822581688
Q76014511	6000000003615624599
Q76014561	6000000023673349414
Q76014562	6000000023673427331
Q76014567	6000000023673451258
Q76014568	6000000023673369120
Q76014570	6000000023673521069
Q76014573	6000000023673442188
Q76014574	6000000023673429133
Q76014581	6000000015796632896
Q76014603	6000000017399355847
Q76014617	6000000011852041552
Q76014621	6000000016280672397
Q76014622	6000000016280847153
Q76014631	6000000016280742981
Q76014636	6000000016280914023
Q76014638	6000000016280436583
Q76014656	6000000031801476220
Q76014658	6000000031801298655
Q76014824	6000000009927104575
Q76014827	6000000009927104580
Q76014829	6000000009927104570
Q76014885	6000000057250229124
Q76014917	6000000025258529530
Q76014958	6000000002103737208
Q76014959	6000000002103704359
Q76014966	6000000002921340118
Q76014974	6000000018104134579
Q76015049	6000000005414519613
Q76015059	6000000059268244936
Q76015075	6000000025349433386
Q76015122	6000000003249595028
Q76015145	6000000003249574905
Q76015285	6000000038292456028
Q76015286	6000000038311749738
Q76015388	6000000016882157672
Q76015656	6000000011104107511
Q76016127	6000000019313203050
Q76016134	6000000019509808056
Q76016206	6000000029793030100
Q76016211	6000000031893181320
Q76016284	6000000013432419201
Q76016473	6000000015864300930
Q76016485	6000000009985030845
Q76016491	6000000027615348995
Q76016509	6000000014327346249
Q76016543	4502012445550035020
Q76016544	6000000077517971213
Q76016610	6000000055655005939
Q76016629	6000000075850804906
Q76016741	6000000033379240561
Q76016743	6000000025914697650
Q76016825	6000000021051026599
Q76016830	6000000010810755201
Q76016831	6000000021051165250
Q76016839	6000000019129483680
Q76016841	6000000019129796154
Q76016842	6000000019130452190
Q76016847	6000000009616167683
Q76016871	6000000009614933336
Q76016925	6000000087702522923
Q76016969	6000000004868960733
Q76016970	6000000004868073902
Q76016971	6000000004868073585
Q76016986	6000000015895079745
Q76016987	6000000015894937844
Q76017074	6000000017287882794
Q76017138	6000000054080191965
Q76017144	6000000036573516566
Q76017166	6000000029906232960
Q76017174	6000000013940453924
Q76017329	6000000052504524900
Q76017334	6000000052504482885
Q76017335	6000000052504732821
Q76017336	6000000052504596825
Q76017338	6000000052504924849
Q76017377	6000000013449328396
Q76017379	6000000013449098460
Q76017381	6000000013449013020
Q76017434	6000000038705434538
Q76017441	6000000011826257533
Q76017540	6000000009543863842
Q76017682	6000000033712114976
Q76017684	6000000056322343126
Q76017718	6000000040945798397
Q76017739	6000000042747327692
Q76017760	6000000045632081146
Q76018064	6000000017939342225
Q76018111	6000000016431168464
Q76018118	6000000083501390880
Q76018123	6000000017770105996
Q76018133	6000000020456676042
Q76018148	6000000034510637352
Q76018150	6000000029926701816
Q76018156	6000000002447374458
Q76018158	5052497371030028809
Q76018184	6000000015326339686
Q76018186	6000000015326382919
Q76018201	6000000008341633507
Q76018201	6000000079291310360
Q76018207	6000000016245296384
Q76018211	6000000014210790893
Q76018222	6000000002115881496
Q76018224	6000000002115881507
Q76018287	6000000015664881181
Q76018323	6000000057024099359
Q76018351	6000000031278915347
Q76018387	6000000030923863504
Q76018389	6000000030924078176
Q76018424	6000000046987994990
Q76018431	6000000047021347950
Q76018448	6000000047025632991
Q76018461	6000000020559424009
Q76018462	6000000020559726822
Q76018463	6000000034341134961
Q76018464	6000000034340610814
Q76018481	6000000028702574177
Q76018595	6000000023763917051
Q76018626	6000000024379929729
Q76018667	6000000026167339834
Q76018680	6000000004671628181
Q76018737	6000000084408266260
Q76018797	6000000010120066237
Q76018810	6000000017258462340
Q76018815	6000000001876717123
Q76018856	6000000002206121626
Q76018909	6000000015270397479
Q76018919	6000000015269874765
Q76018921	6000000005438401557
Q76019010	6000000008761708648
Q76019035	6000000008250772057
Q76019087	6000000020209898167
Q76019091	6000000019403523304
Q76019094	6000000033077632066
Q76019097	6000000033077653919
Q76019176	6000000009050747534
Q76019184	6000000052108162027
Q76019292	6000000003216083425
Q76019358	6000000003891760330
Q76019398	6000000078753012604
Q76019408	6000000014961181695
Q76019412	6000000032937900143
Q76019413	4632007055770063464
Q76019417	6000000003891760314
Q76019424	6000000115227823870
Q76019432	6000000191902689868
Q76019476	6000000191903217823
Q76019479	6000000191903126823
Q76019495	6000000021451195787
Q76019496	6000000021451314405
Q76019498	6000000020427191686
Q76019515	6000000003055106975
Q76019555	6000000017079960758
Q76019557	6000000017080191779
Q76019559	6000000017080239000
Q76019560	6000000017080427115
Q76019561	6000000017080246305
Q76019562	6000000017080291257
Q76019568	6000000017080420036
Q76019569	6000000017080246326
Q76019570	6000000017080404149
Q76019574	6000000017080287210
Q76019602	6000000031078848711
Q76019622	366428708550011862
Q76019624	6000000014487441348
Q76019627	6000000014487386424
Q76019635	6000000015741843409
Q76019637	6000000014283259649
Q76019638	6000000014283263245
Q76019641	6000000014283357095
Q76019642	6000000014283165774
Q76019643	6000000014283192886
Q76019650	6000000018688483544
Q76019651	6000000015414191272
Q76019654	6000000017512794105
Q76019655	6000000017512701117
Q76019658	6000000015409292523
Q76019660	6000000015410052588
Q76019662	6000000020988341739
Q76019663	6000000015409543069
Q76019664	6000000015408799437
Q76019667	6000000008452422076
Q76019668	6000000003615784246
Q76019670	6000000003615910435
Q76019674	6000000008452422422
Q76019675	6000000008452446848
Q76019676	6000000008452357096
Q76019684	6000000030228158995
Q76019688	6000000018077006794
Q76019690	6000000027325889061
Q7601980	6000000042654083276
Q76019855	6000000006445003813
Q7601987	6000000145993287952
Q76019924	6000000027589368793
Q76019925	6000000027589411593
Q76019929	6000000027589628899
Q76019930	6000000051771520902
Q76019963	6000000001018029926
Q76019964	6000000003219686094
Q76019965	6000000008126758843
Q76019968	6000000006444428643
Q76019969	6000000006853347753
Q76019973	6000000006444085575
Q76019979	6000000003616081790
Q76019980	6000000026067967265
Q76019981	6000000010269796809
Q76019988	6000000019894553649
Q76020	6000000054873084306
Q76020011	6000000007606993514
Q76020171	6000000047716372155
Q76020188	6000000026981418826
Q76020229	6000000053747110872
Q76020230	6000000051288039962
Q76020251	6000000103234606081
Q76020298	6000000049802696897
Q76020360	6000000024848058065
Q76020379	6000000061385876887
Q76020546	6000000009770360354
Q76020551	6000000009770521272
Q76020556	6000000042360721100
Q76020557	6000000042360633975
Q76020561	6000000009769153975
Q76020562	6000000009769154011
Q76020602	6000000009770436231
Q76020604	6000000026215545943
Q76020692	6000000009770121496
Q76020693	6000000021235686614
Q76020698	6000000021221664468
Q76020746	6000000008138861245
Q76020751	6000000006110571309
Q76020813	6000000011339277295
Q76020825	6000000022758443091
Q76020827	6000000026214761803
Q76020829	6000000028763123910
Q76020832	6000000028764094904
Q76020846	6000000026215265666
Q76021047	6000000009496288780
Q76021083	6000000003891989863
Q76021093	6000000069943582934
Q76021110	6000000023925662976
Q76021112	6000000011710145301
Q76021113	6000000017451562204
Q76021114	6000000017451524376
Q76021115	6000000017129056396
Q76021117	6000000028266291965
Q76021176	6000000077105698176
Q76021178	6000000077105641200
Q76021193	6000000100080329874
Q76021223	6000000026269294507
Q76021224	6000000026269526955
Q76021227	6000000026269501201
Q76021245	6000000011551444531
Q76021248	6000000011551715372
Q76021261	6000000022640043886
Q76021262	6000000024208978359
Q76021330	6000000022640236975
Q76021332	6000000024291031924
Q76021334	6000000022638889531
Q76021354	6000000037468785885
Q76021370	6000000013474203414
Q76021372	6000000018798429968
Q76021373	6000000013474312513
Q76021374	6000000018798788064
Q76021379	6000000013474399148
Q76021380	6000000018798687409
Q76021398	6000000014116869836
Q76021399	6000000017926855174
Q76021400	6000000018691283614
Q76021401	6000000018691101931
Q76021438	6000000043122195014
Q76021439	6000000002115875792
Q76021487	6000000011487747760
Q76021493	6000000003859094010
Q76021497	6000000006442555879
Q76021505	6000000006441962944
Q76021508	6000000006444264849
Q76021510	6000000006444264859
Q76021515	6000000006444264921
Q76021516	6000000002638326284
Q76021558	6000000055135590829
Q76021571	6000000018418378244
Q76021572	6000000018418450476
Q76021578	6000000007418690290
Q76021581	6000000036221906328
Q76021582	6000000018418145586
Q76021583	6000000018418374743
Q76021617	6000000036222031978
Q76021703	6000000044648699900
Q76021731	6000000021454454377
Q76021840	6000000021454343293
Q76021845	6000000021454400978
Q76021846	6000000021454553051
Q76021848	6000000022470553975
Q76021850	6000000022470552998
Q76021881	6000000021454415033
Q76021910	6000000011825684944
Q76021911	6000000011826274239
Q76021914	6000000012516949200
Q76021917	6000000096172513822
Q76021966	6000000021451194276
Q76021967	6000000160390504821
Q76021989	6000000000830363248
Q76021991	6000000014418021559
Q76022007	6000000044425070977
Q76022008	6000000044425088189
Q76022013	6000000007915803444
Q76022016	6000000044515254333
Q76022048	6000000169708779008
Q76022107	6000000019351955835
Q76022130	6000000019352221171
Q76022131	6000000019351765918
Q76022201	6000000055836607933
Q76022209	6000000022228890929
Q76022226	6000000022228591468
Q76022229	6000000002188475853
Q76022279	6000000083411496097
Q76022285	6000000022228675301
Q76022286	6000000022228539388
Q76022367	6000000012395841408
Q76022380	6000000021454492049
Q76022382	6000000021454403524
Q76022384	6000000021454549948
Q76022387	6000000021454354937
Q76022436	6000000027663256034
Q76022449	6000000169708719558
Q76022504	6000000121859669963
Q76022505	6000000121896752822
Q76022509	6000000015817500856
Q76022529	6000000121859669895
Q76022536	6000000121859669906
Q76022547	6000000121859669862
Q76022574	6000000012864559365
Q76022575	6000000020455999158
Q76022652	6000000018977439446
Q76022710	6000000009446422576
Q76022711	6000000011044789518
Q76022722	6000000011045044257
Q76022730	6000000009446515284
Q76022802	6000000019454465178
Q76022803	6000000019871661185
Q76022811	6000000021732319936
Q76022816	6000000021732148271
Q76022821	6000000021722617184
Q76022824	6000000036652887424
Q76022830	6000000021730325743
Q76022832	6000000010563301464
Q76022891	6000000027079471080
Q76022909	6000000027079136130
Q76022961	6000000002272719527
Q76022986	6000000027034138202
Q76022992	6000000001745081848
Q76023029	6000000055610237008
Q76023031	6000000037169264827
Q76023104	6000000026246539507
Q76023128	6000000037585024431
Q76023156	6000000031014736801
Q76023159	6000000039236328896
Q76023323	6000000026377921841
Q76023331	6000000176849664919
Q76023394	6000000026078589695
Q76023399	6000000052000829461
Q76023564	6000000008789057195
Q76023605	6000000052967688186
Q76023635	6000000026589552870
Q76023830	6000000010095515305
Q76023831	6000000015073918743
Q76023891	6000000083323116077
Q76023920	6000000023132022070
Q76023922	6000000056157973922
Q76023980	6000000008832185974
Q76023990	6000000010562395636
Q76024	6000000013343446598
Q76024137	6000000015947875254
Q76024206	6000000003872104968
Q76024239	6000000019898199799
Q76024355	6000000075294088998
Q76024477	6000000012091560581
Q76024578	6000000014078456547
Q76024581	6000000014081430706
Q76024584	6000000014081727588
Q76024586	6000000014081723576
Q76024603	6000000005437496905
Q76024626	6000000034530470833
Q76024682	6000000025652836279
Q76024755	6000000006444645685
Q76024778	6000000004079625261
Q76024783	6000000032510961337
Q76024789	6000000032533154343
Q76024816	6000000051691899989
Q76024840	6000000051691715106
Q76024846	6000000088903220985
Q76024847	6000000088903221013
Q76024891	6000000018839459254
Q76024925	6000000051692010890
Q76024928	6000000051691867008
Q76024929	6000000051691663960
Q76024930	6000000051691872999
Q76024935	6000000051692222872
Q76024963	6000000018839560418
Q76024971	6000000051692150941
Q76024986	6000000020388748909
Q76024990	6000000020388755967
Q76024991	6000000020388540249
Q76025015	6000000010513707533
Q76025032	6000000010554426251
Q76025080	6000000006567159474
Q76025081	6000000006567159484
Q76025091	6000000006567159384
Q76025112	6000000004079636469
Q76025115	6000000073769292932
Q76025144	6000000006567159416
Q76025165	6000000037008317829
Q76025169	6000000006567136611
Q76025170	6000000006567136478
Q76025172	6000000006567159422
Q76025191	6000000004079625394
Q76025192	6000000004079625388
Q76025194	6000000004079625413
Q76025232	6000000004079625358
Q76025295	6000000018837015787
Q76025403	6000000014443113362
Q76025407	6000000014443233024
Q76025422	6000000017264866335
Q76025444	6000000017264860451
Q76025448	6000000016591960340
Q76025449	6000000066524117837
Q76025464	6000000016592241014
Q76025480	6000000020388689364
Q76025493	6000000017270452642
Q76025494	6000000039809641291
Q76025499	6000000020388525531
Q76025501	6000000020388729001
Q76025517	6000000021717331361
Q76025519	6000000021717585376
Q76025614	6000000025889880546
Q76025615	5537649768380077563
Q76025767	6000000028715681846
Q76025770	6000000013362708896
Q76025782	6000000013362795878
Q76025785	6000000013362305933
Q76025792	6000000009331306630
Q76025797	6000000013362252332
Q76025852	6000000016384903296
Q76025905	6000000016830430132
Q76026001	6000000014852383225
Q76026018	5724197127480138164
Q76026148	6000000084482730292
Q76026149	6000000037255357574
Q76026188	6000000032263419318
Q76026190	6000000032252014043
Q76026225	6000000043016865994
Q76026297	6000000072437819031
Q76026302	6000000072419198099
Q76026303	6000000072419382133
Q76026313	6000000043004551636
Q76026485	6000000039056292197
Q76026564	6000000000587647196
Q76026565	6000000002273608146
Q76026627	6000000050564183999
Q76026674	6000000083383108262
Q76026675	6000000083383573104
Q76026688	6000000072319451939
Q76026703	6000000004138485446
Q76026751	6000000039131097991
Q76026803	5258957855830021328
Q76026820	6000000011196034396
Q76026832	6000000031534883126
Q76026843	6000000017122079437
Q76026874	6000000011606295325
Q76026911	6000000016921707671
Q76026923	6000000020387132813
Q76026927	6000000020124953088
Q76026947	6000000018429230820
Q76026948	6000000034046185245
Q76026960	6000000032950750256
Q76026977	6000000033754785491
Q76026993	6000000010510695318
Q76027	6000000021185233675
Q76027012	6000000010509436822
Q76027198	6000000046796424032
Q76027211	6000000023510486247
Q76027222	6000000002777303936
Q76027250	6000000024391728820
Q76027253	6000000007343236370
Q76027280	6000000027610669591
Q76027291	6000000055530997221
Q76027345	6000000020769782828
Q76027351	6000000019420123436
Q76027355	6000000071445067093
Q76027369	6000000010510149151
Q76027373	6000000018372395132
Q76027374	6000000018381113210
Q76027375	6000000018371830833
Q76027376	6000000018372218775
Q76027377	6000000018372717449
Q76027472	6000000087704582874
Q76027481	6000000077991002020
Q76027483	6000000077990221418
Q76027488	6000000077990430210
Q76027501	6000000039240496700
Q76027504	6000000077991148941
Q76027509	6000000077990981035
Q76027517	6000000077990141612
Q76027524	6000000077991192968
Q76027533	6000000077990041771
Q76027558	6000000077990800065
Q76027610	6000000039432353371
Q76027886	6000000070403255885
Q76028	6000000007287682123
Q76028165	6000000014340990361
Q76028172	6000000014341006585
Q76028173	6000000014341098067
Q76028211	6000000020122593138
Q76028225	6000000014316106696
Q76028241	6000000005736828721
Q76028242	6000000005736918781
Q76028246	6000000005737369155
Q76028440	6000000077990064581
Q76028607	6000000077990621156
Q76028777	6000000011996932150
Q76028814	6000000035176852944
Q76028818	6000000009388362276
Q76028848	6000000015917726954
Q76028850	6000000020514143643
Q76028925	6000000016165089712
Q76028926	6000000016560339747
Q76028951	6000000013403709333
Q76028974	6000000011278364967
Q76028976	6000000011278364972
Q76028977	6000000013403651910
Q76028985	6000000057262228892
Q76028986	6000000015745067289
Q76028987	6000000057262452834
Q76028989	6000000015745934596
Q76028997	6000000002116167579
Q76029002	6000000083733346757
Q76029004	6000000015745587222
Q76029005	6000000015745596259
Q76029007	6000000047659592845
Q76029008	6000000010865419094
Q76029011	6000000011107115536
Q76029054	6000000015749969735
Q76029055	6000000002666352387
Q76029061	6000000015750328048
Q76029082	6000000015750155215
Q76029087	6000000015750342573
Q76029094	6000000016882118893
Q76029097	6000000016882169496
Q76029112	6000000007158944573
Q76029115	6000000007327566250
Q76029255	6000000079278187869
Q76029300	6000000046789088594
Q76029302	6000000046796300999
Q76029304	6000000016079831370
Q76029324	6000000029905637703
Q76029325	6000000029906162857
Q76029360	6000000030038804083
Q76029361	6000000030038949821
Q76029415	6000000001714588132
Q76029417	6000000001714588326
Q76029462	6000000017806080217
Q76029466	6000000017806071239
Q7602954	6000000095767745937
Q76029564	6000000113742783953
Q76029601	6000000017806032251
Q76029646	6000000049936888839
Q76029649	6000000049936592242
Q76029659	6000000017219418763
Q76029661	6000000017219576110
Q76029663	6000000052081429142
Q76029717	6000000017219534324
Q76029720	6000000017219407777
Q76029729	6000000017219407792
Q76029750	6000000017219596006
Q76029933	6000000015840328221
Q76030004	6000000015839785706
Q76030009	6000000017130010546
Q76030077	6000000027116558101
Q76030079	6000000027116154110
Q76030121	6000000000902850351
Q76030148	6000000016323385025
Q76030242	6000000005437617478
Q76030245	6000000016323268984
Q76030362	6000000023178964042
Q76030417	6000000017837635482
Q76030419	6000000017837095774
Q76030420	6000000019038119365
Q76030424	6000000019039246003
Q76030426	6000000019038982408
Q76030546	6000000016823876114
Q76030547	6000000016823824179
Q76030559	6000000012386003240
Q76030670	6000000025954697821
Q76030701	6000000025954796861
Q76030724	6000000050580202832
Q76030726	6000000050580176839
Q76030748	6000000050580745873
Q76030750	6000000050580892856
Q76030771	6000000015032096747
Q76030791	6000000002115845155
Q76030792	6000000002115845893
Q76030793	6000000002115845167
Q76030795	6000000002115845220
Q76030796	6000000002115845227
Q76030798	6000000008138732201
Q76030800	6000000002115845248
Q76030810	6000000023457894083
Q76030830	6000000020762807622
Q76030860	6000000001714588144
Q76031134	6000000055868027823
Q76031148	6000000018431513522
Q76031155	6000000055867914878
Q76031156	6000000055867624095
Q76031242	6000000018439106665
Q76031246	6000000019753552172
Q76031247	6000000034133099909
Q76031251	6000000018438794196
Q76031276	6000000021066067709
Q76031278	6000000029601480924
Q76031370	6000000087669545967
Q76031371	6000000087668803148
Q76031427	6000000016228647913
Q76031433	6000000050811926849
Q76031832	6000000013863737636
Q76031836	6000000013863707546
Q76031851	6000000037752791151
Q76031921	6000000002115845301
Q76031922	6000000002115845195
Q76031953	6000000025591136125
Q76031966	6000000012953172883
Q76031990	6000000055612824916
Q76032	6000000023795879704
Q76032052	6000000026259148891
Q76032055	6000000026258900026
Q76032057	6000000026259086122
Q76032058	6000000026258148233
Q76032059	6000000026258650562
Q76032060	6000000026259149083
Q76032124	6000000005927020164
Q76032126	6000000002802782285
Q76032127	6000000002802782291
Q76032135	6000000032537615177
Q76032162	6000000010159353221
Q76032231	6000000031634229949
Q76032240	6000000031633063373
Q76032282	6000000219897880846
Q76032286	6000000219898002830
Q76032287	6000000001075569816
Q76032296	6000000014803816427
Q76032298	6000000001075754467
Q76032307	6000000001075758541
Q76032309	6000000034553455223
Q76032329	6000000080336866243
Q76032367	6000000025037189872
Q76032467	6000000114251571895
Q76032471	6000000114249062956
Q76032545	6000000020999539311
Q76032547	6000000020999633174
Q76032549	6000000005437480152
Q76032561	6000000053747201918
Q76032563	6000000017653880378
Q76032589	6000000020776428178
Q76032593	6000000020776507116
Q76032594	6000000020776639829
Q76032599	6000000028191120303
Q76032603	6000000028191300030
Q76032614	6000000052067270871
Q76032861	6000000030107083677
Q76032971	6000000009388458474
Q76033093	6000000030105715842
Q76033190	6000000021049549871
Q76033191	6000000010050783359
Q76033193	6000000019331484349
Q76033196	6000000020234176799
Q76033197	6000000021740779284
Q76033199	6000000020233864208
Q76033230	6000000039101507268
Q76033232	6000000002115918635
Q76033244	6000000040951349906
Q76033258	6000000037018814127
Q76033260	6000000037055098898
Q76033353	6000000026364049861
Q76033415	6000000013736815003
Q76033416	6000000013736743112
Q76033577	6000000035041438169
Q76033650	6000000023075520611
Q76033660	6000000027470768255
Q76033662	6000000027470768261
Q76033665	6000000031400785600
Q76033669	6000000031401737009
Q76033712	6000000082029204856
Q76033739	6000000015841652365
Q76033745	6000000015841674213
Q76033748	6000000015841565309
Q76033869	6000000079053938977
Q76033871	6000000086735495854
Q76034045	6000000017032782297
Q76034060	6000000017033193007
Q76034067	6000000017032559307
Q76034070	6000000017032743760
Q76034081	6000000017028928570
Q76034110	6000000062911189899
Q76034140	6000000015511419480
Q76034148	6000000019264317263
Q76034190	6000000006906919627
Q76034193	6000000006906910700
Q76034194	6000000003090701218
Q76034201	6000000056518591930
Q76034222	6000000006907028350
Q76034224	6000000003939587093
Q76034226	6000000000967116182
Q76034248	6000000004558468684
Q76034250	6000000000475120056
Q76034328	6000000008651842924
Q76034395	6000000025140538811
Q76034403	6000000066934720574
Q76034405	6000000066936296821
Q76034421	6000000021843307411
Q76034463	6000000026727732160
Q76034571	6000000013329298339
Q76034620	6000000026729501194
Q76034621	6000000002115855397
Q76034624	6000000002115855425
Q76034722	6000000026729584752
Q76034816	6000000102589951844
Q76034900	6000000102586859934
Q76034919	6000000113482218851
Q76034924	6000000113482176865
Q76034980	6000000028049967008
Q76034982	6000000028539028984
Q76034983	6000000028538975944
Q76034987	6000000028539038960
Q76035	6000000045998449821
Q76035048	6000000016961346860
Q76035258	6000000089386044976
Q76035332	6000000050411672865
Q76035355	6000000004571410203
Q76035387	6000000006185193093
Q76035438	6000000022405015677
Q76035440	6000000022405234334
Q76035443	6000000022405227388
Q76035445	6000000022405211192
Q76035449	6000000013589170211
Q76035467	6000000022405253431
Q76035605	6000000022405020658
Q76035606	6000000015874119653
Q76035614	6000000067837338822
Q76035624	6000000022405031695
Q76035666	6000000013686092093
Q76035669	6000000013685936659
Q76035671	6000000013685862948
Q76035683	6000000013686067272
Q76035685	6000000057254567938
Q76035697	6000000048163796845
Q76035737	6000000024199588677
Q76035739	6000000024199564528
Q76035753	6000000056995424019
Q76035754	6000000016656634110
Q76035806	6000000074086064081
Q76035809	6000000023701045126
Q76035837	6000000023701173096
Q76035872	6000000072813916923
Q76035896	6000000032694528421
Q76035900	6000000032694644294
Q76035954	6000000010375613738
Q76036000	6000000075837180851
Q76036051	6000000102701351831
Q76036060	6000000079854947071
Q76036062	6000000079853261476
Q76036065	6000000102698897115
Q76036068	6000000102700103821
Q76036152	6000000102701073947
Q76036179	6000000008630801654
Q76036197	6000000008630789834
Q76036199	6000000023937475807
Q76036202	6000000002116081349
Q76036286	6000000023499482303
Q76036288	6000000023499239794
Q76036310	6000000081048997845
Q76036350	6000000038204017098
Q76036418	6000000055626818347
Q76036428	6000000009527345750
Q76036430	6000000023798963767
Q76036481	6000000056028756331
Q76036483	6000000056029338928
Q76036505	6000000055620228996
Q76036510	6000000067955242003
Q76036549	6000000029058243029
Q76036582	6000000058406651135
Q76036586	6000000017361391427
Q76036589	6000000017361256122
Q76036594	6000000028676056759
Q76036604	3909065
Q76036606	6000000004669035936
Q76036629	6000000017361588258
Q76036633	6000000017361735277
Q76036639	6000000055626896265
Q76036688	6000000073415144927
Q76036691	6000000073415278865
Q76036703	6000000020367123330
Q76036708	6000000073312602971
Q76036711	6000000073414811899
Q76036714	6000000073512999108
Q76036715	6000000073513249050
Q76036897	6000000017027994796
Q76036899	6000000017028027248
Q76037256	6000000015752836770
Q76037259	6000000000070711690
Q76037418	6000000093648333902
Q76037497	6000000093648333920
Q76037519	6000000093648333932
Q76037560	6000000093648333908
Q76037707	6000000020449996901
Q76037737	6000000020449776761
Q76037740	6000000020449924220
Q76037741	6000000020449727522
Q76037754	6000000009729128184
Q76037776	6000000024862742067
Q76037881	6000000025004670799
Q76038129	6000000000733016151
Q76038136	6000000017360763908
Q76038147	6000000028591727738
Q76038180	6000000028592617154
Q76038181	6000000028592808131
Q76038183	6000000050549697856
Q76038201	6000000050549784838
Q76038231	6000000006444481184
Q76038232	6000000001723398914
Q76038234	6000000006444983390
Q76038235	6000000006721890040
Q76038243	6000000006721890246
Q76038247	6000000003615770183
Q76038273	6000000019359297798
Q76038303	6000000018990942168
Q76038312	6000000072074062985
Q76038316	6000000018991175223
Q76038327	6000000037061892091
Q76038400	6000000010602003286
Q76038402	6000000010601932269
Q76038403	6000000003814495766
Q76038405	6000000003814705052
Q76038418	6000000013661722053
Q76038507	6000000102665957651
Q76038515	6000000052081584826
Q76038518	6000000052081507892
Q76038530	6000000052081574825
Q76038583	6000000021251727411
Q76038776	6000000102665957615
Q76038823	6000000002115839746
Q76038824	6000000002115839874
Q76038856	6000000002115845186
Q76038861	6000000002115890316
Q76038939	6000000071449171924
Q76038941	6000000071452222880
Q76038943	6000000071452112099
Q76039004	6000000014090701570
Q76039224	6000000025903064667
Q76039246	6000000011705488191
Q76039266	6000000011706414809
Q76039267	6000000011716912805
Q76039271	6000000011706400241
Q76039272	6000000011706277690
Q76039273	6000000015741434762
Q76039288	6000000017154008445
Q76039359	6000000067876854993
Q76039369	6000000017154267380
Q76039403	6000000020776514091
Q76039448	6000000019280297481
Q76039449	6000000030957300746
Q76039470	6000000019274479221
Q76039489	6000000006828633188
Q76039496	6000000091830517822
Q76039497	6000000091830517828
Q76039499	6000000091830517870
Q76039501	6000000091830517900
Q76039512	6000000057252369861
Q76039513	6000000057252324908
Q76039515	6000000057252320905
Q76039517	6000000057252064040
Q76039519	6000000057251785218
Q76039522	6000000179782905844
Q76039534	6000000057254022941
Q76039538	6000000015958573707
Q76039543	6000000030958194049
Q76039579	6000000014049323012
Q76039612	6000000017111362241
Q76039856	6000000203540562827
Q76039858	6000000026332251212
Q76039860	6000000026335784437
Q76039866	6000000026337126233
Q76039880	6000000057118720855
Q76039884	6000000031115682877
Q7604	6000000003310137473
Q76040037	6000000013521594677
Q76040074	6000000030504552779
Q76040160	6000000002764860014
Q76040169	6000000002803167390
Q76040170	6000000027118129268
Q76040171	6000000002765257866
Q76040180	6000000007635336864
Q76040184	6000000002764858921
Q76040187	6000000002765848931
Q76040241	6000000036573597538
Q76040242	6000000043371930114
Q76040244	6000000002764858926
Q76040245	6000000002764858931
Q76040248	6000000002764858889
Q76040381	6000000069477192120
Q76040423	6000000077164364529
Q76040431	6000000077164919190
Q76040438	6000000016732213880
Q76040442	6000000016345180542
Q76040443	6000000016325073340
Q76040448	6000000016538809140
Q76040452	6000000016538432789
Q76040463	6000000016325145855
Q76040469	6000000078412900631
Q76040472	6000000078413241344
Q76040508	6000000031401655131
Q76040633	6000000000438317210
Q76040680	6000000018563813632
Q76040730	6000000026669688121
Q76040920	6000000023286172197
Q76040923	6000000023286651886
Q76040968	6000000022628162896
Q76040994	6000000004124497472
Q76041	6000000074992107891
Q76041056	6000000023286921125
Q76041064	6000000025141012175
Q76041144	6000000035344348918
Q76041165	6000000025380508955
Q76041167	6000000030946750718
Q76041247	6000000040950717903
Q76041266	6000000040950742016
Q76041268	6000000040951060914
Q76041272	6000000040951144108
Q76041280	6000000040951060500
Q76041306	6000000040950609327
Q76041338	6000000009256341475
Q76041358	6000000029850526840
Q76041360	6000000029850617898
Q76041478	6000000018436146837
Q76041548	6000000028012141894
Q76041554	6000000015741583645
Q76041557	6000000010910009143
Q76041595	6000000015741558708
Q76041650	6000000011691651627
Q76041654	6000000020301295275
Q76041659	4969962312980130807
Q76041687	6000000016322662099
Q76041691	6000000016322603405
Q76041752	6000000016322627461
Q76041805	6000000051551074235
Q76041945	6000000018687178048
Q76041946	6000000018686275848
Q76041975	6000000014190087479
Q76042004	6000000039275481130
Q76042012	6000000009844245620
Q76042013	6000000001745417166
Q76042043	6000000007425381073
Q76042070	6000000071454504912
Q76042346	6000000007066852098
Q76042349	6000000007066689148
Q76042351	6000000007065573647
Q76042353	6000000007066679346
Q76042355	6000000007066787228
Q76042358	6000000007066950076
Q76042359	6000000013985620707
Q76042363	6000000007066934255
Q76042389	6000000071862652184
Q76042391	6000000199199834822
Q76042393	6000000002831275339
Q76042397	6000000007066888153
Q76042400	6000000007067089041
Q76042407	6000000007066804518
Q76042485	6000000011760384794
Q76042504	6000000055641913864
Q76042513	6000000010757700961
Q76042515	6000000010759787507
Q76042571	6000000009397848033
Q76042582	6000000009398193568
Q76042708	6000000029896338903
Q76042710	6000000029896058199
Q76042712	6000000029895062323
Q76042816	6000000003645997969
Q76042833	6000000006994314882
Q76042866	6000000005221563044
Q76042908	6000000002447381606
Q76042911	6000000002447381624
Q76043027	6000000052155582885
Q76043028	6000000056616025923
Q76043051	6000000015655938244
Q76043055	6000000015656014046
Q76043057	6000000018976503429
Q76043063	6000000030748203885
Q76043073	6000000030745032991
Q76043075	6000000070693259840
Q76043077	6000000030745101205
Q76043083	6000000039012046213
Q76043084	6000000030746023623
Q76043085	6000000030746474979
Q76043138	6000000030746558869
Q76043181	6000000030746552914
Q76043193	6000000030746248228
Q76043194	6000000030746471964
Q76043255	6000000030746335313
Q76043310	6000000084958822001
Q76043314	6000000030746816215
Q76043320	6000000008459938263
Q76043355	6000000030746338790
Q76043430	6000000030744514248
Q76043433	6000000030747239933
Q76043438	6000000030747150455
Q76043441	6000000030747493826
Q76043463	6000000030747240164
Q76043469	6000000030747894665
Q76043472	6000000055205468125
Q76043473	6000000030747919584
Q76043475	6000000081707845863
Q76043478	6000000081707598108
Q76043482	6000000030747964215
Q76043483	6000000066655324340
Q76043495	6000000016951606955
Q76043521	6000000031897381281
Q76043526	6000000031897318365
Q76043533	6000000132401703936
Q76043538	6000000076791421044
Q76043587	6000000031896505178
Q76043589	6000000031897065979
Q76043623	6000000031896793874
Q76043628	6000000031896280323
Q76043633	6000000030748159994
Q76043694	6000000015655929027
Q76043700	6000000024913827559
Q76043703	6000000032743888135
Q76043704	6000000081155758821
Q76043736	6000000079938049932
Q76043737	6000000079939032061
Q76043756	6000000015331312791
Q76043805	6000000016269716663
Q76043806	6000000016270182155
Q76043810	6000000016270092876
Q76043823	6000000016269435803
Q76043878	6000000021953612525
Q76043879	6000000002040607248
Q76043880	6000000019933366216
Q76043881	6000000016271514822
Q76043943	6000000091830517834
Q76044	6000000030808522772
Q76044100	6000000018608568031
Q76044101	6000000018608606004
Q76044295	6000000018608108815
Q76044315	6000000026999828167
Q76044317	6000000027033189112
Q76044320	6000000016383959659
Q76044334	6000000051520362029
Q76044494	6000000016474813269
Q76044506	6000000014700066280
Q76044529	6000000000191114602
Q76044530	6000000000191106563
Q76044531	6000000000191106813
Q76044574	6000000013090717577
Q76044576	6000000013090908585
Q76044595	6000000025998498983
Q76044604	6000000052047059008
Q76044607	6000000024158433073
Q76044621	6000000052046390927
Q76044662	6000000005383726054
Q76044665	6000000005383726064
Q76044695	6000000005383721644
Q76044752	6000000040706726906
Q76044806	6000000039275088588
Q76044950	6000000023731253788
Q76044956	6000000030886448997
Q76044996	358256500700007175
Q76044997	6000000019144012214
Q76045084	6000000075871337928
Q76045092	6000000021325127218
Q76045360	6000000024657802129
Q76045387	6000000008363447910
Q76045391	6000000008377545517
Q76045416	6000000024999609112
Q76045433	6000000013522086696
Q76045499	6000000018741638004
Q76045502	6000000018741468332
Q76045508	6000000018741468107
Q76045751	6000000014466612297
Q76045765	6000000029308812078
Q76045767	6000000029308820116
Q76045770	6000000029308101768
Q76045774	6000000029321246017
Q76045780	6000000029321842094
Q76045793	6000000029309385008
Q76045920	6000000019107017952
Q76045928	6000000080430929822
Q76045932	6000000080434321833
Q76045957	6000000080430692821
Q76045960	6000000080430575892
Q76046106	6000000083635301272
Q76046109	6000000011999019759
Q76046312	6000000002912013800
Q76046431	6000000039216444856
Q76046781	6000000025983315301
Q76046792	6000000015858956835
Q76046797	6000000025972828172
Q76046827	6000000025983539366
Q76046848	6000000025981465789
Q76046849	6000000025983829346
Q76046852	6000000025984135535
Q76047058	6000000016688388361
Q76047068	6000000020263310250
Q76047080	6000000020263152589
Q76047236	6000000003216061335
Q76047237	6000000056523432121
Q76047244	6000000028244008141
Q76047354	6000000006451613402
Q76047384	6000000055262112402
Q76047390	6000000029093721848
Q76047453	6000000029093869894
Q76047476	6000000104515569504
Q76047485	6000000082912436924
Q76047513	6000000082912688028
Q76047523	6000000082912528188
Q76047524	6000000082912693052
Q76047527	6000000176320045402
Q76047542	6000000029093199379
Q76047558	6000000014597957189
Q76047563	6000000016369665131
Q76047565	6000000016371527746
Q76047567	6000000016371454434
Q76047570	6000000016371771383
Q76047585	6000000016371543483
Q76047586	6000000016371526931
Q76047600	6000000016356158906
Q76047604	6000000016369297713
Q76047641	6000000016369237830
Q76047642	6000000055361905833
Q76047678	6000000007844044332
Q76047712	6000000037315758649
Q76047750	6000000026089938138
Q76047754	6000000018767342051
Q76047756	6000000011434739328
Q76047758	6000000011842978579
Q76047782	6000000010811243008
Q76047803	6000000038689832355
Q76047843	6000000026089602033
Q76047846	6000000026082651122
Q76047848	6000000026089343096
Q76047857	6000000026082344612
Q76047861	6000000026082760179
Q76047864	6000000026082142793
Q76047865	6000000026082612471
Q76047866	6000000026081956499
Q76047867	6000000026082592108
Q76047975	6000000050505164413
Q76047976	6000000050505965974
Q76048127	6000000089958445821
Q76048140	6000000019049813004
Q76048256	6000000002947035065
Q76048308	6000000052046612952
Q76048420	6000000035422040697
Q76048426	6000000171938638191
Q76048427	6000000030620818508
Q76048430	6000000019202988592
Q76048449	6000000019321963399
Q76048450	6000000019321966475
Q76048451	6000000037704258869
Q76048452	6000000037704048423
Q76048458	6000000019321930564
Q76048461	6000000019322056237
Q76048462	6000000019321920321
Q76048475	6000000035218437478
Q76048498	6000000035218257630
Q76048512	6000000019322052373
Q76048660	6000000015652670572
Q76048663	6000000015652660428
Q76048665	6000000015655782174
Q76048667	6000000015652736225
Q76048673	6000000015655715261
Q76048676	6000000037492082445
Q76048689	6000000015655895015
Q76048694	6000000068035090015
Q76048696	6000000037404559868
Q76048709	6000000053202127381
Q76048714	6000000037403509596
Q76048717	6000000037400992791
Q76048847	6000000034132579066
Q76048858	6000000021659317193
Q76048861	6000000021659792859
Q76048863	6000000034135831243
Q76048884	6000000034136506833
Q76049080	6000000018738780398
Q76049083	6000000018739250162
Q76049158	6000000018739329097
Q76049191	6000000029303555092
Q76049197	6000000029303573557
Q76049199	6000000029304054107
Q76049203	6000000029304194107
Q76049225	6000000029304121932
Q76049228	6000000029303804108
Q76049366	6000000038690533161
Q76049367	6000000051049316836
Q76049493	5089096823000070815
Q76049524	6000000052002739943
Q76049565	6000000043274040300
Q76049576	6000000036111002028
Q76049601	6000000018883167833
Q76049604	6000000056523750891
Q76049605	6000000056523971822
Q76049641	6000000000413898169
Q76049644	6000000020820804585
Q76049669	6000000036526211833
Q76049670	6000000036525314052
Q76049673	6000000036525324226
Q76049684	6000000029992828114
Q76049688	6000000029991276396
Q76049690	6000000029993645852
Q76049718	6000000016176931130
Q76049724	6000000030855705431
Q76049728	6000000030855806292
Q76049740	6000000053981749959
Q76049741	6000000053981850907
Q76049742	6000000053981648997
Q76049750	6000000014049262335
Q76049777	6000000016176816324
Q76049781	6000000053981614863
Q76049859	6000000016282617507
Q76049879	6000000022953205003
Q76050100	6000000001714628215
Q76050189	6000000019304644403
Q76050213	6000000053328958831
Q76050216	6000000053328620886
Q76050229	6000000077829188086
Q76050232	6000000053326810279
Q76050276	6000000083011590336
Q76050353	6000000034456084160
Q76050355	6000000053328020952
Q76050362	6000000053328164964
Q76050408	6000000057113837903
Q76050532	6000000016288835801
Q76050549	6000000091374151850
Q76050607	6000000076899028009
Q76050614	6000000002116025181
Q76050627	6000000008114691534
Q76050628	6000000007192946903
Q76050629	6000000007193469227
Q76050708	6000000032170163941
Q76050815	6000000022980473098
Q76050822	6000000086844890898
Q76050845	6000000110826272821
Q76050848	6000000009414756492
Q76051	6000000006324445339
Q76051111	6000000102662018288
Q76051143	6000000036654480384
Q76051148	6000000036655080822
Q76051154	6000000036655027029
Q76051162	6000000036654870783
Q76051164	6000000036655072148
Q76051165	6000000020341513858
Q76051167	6000000005077233362
Q76051183	6000000036654991654
Q76051206	6000000045140009959
Q76051207	6000000045139731120
Q76051228	6000000075787274853
Q76051230	6000000075787133976
Q76051262	6000000052176851919
Q76051265	6000000066369598860
Q76051269	6000000052177048836
Q76051270	6000000052176796042
Q76051275	6000000037046904069
Q76051277	6000000024008258258
Q76051279	6000000029779617821
Q76051287	6000000004957394178
Q76051393	6000000033637871583
Q76051394	6000000090681529886
Q76051399	6000000090677838694
Q76051402	6000000090680864097
Q76051437	6000000013954177506
Q76051694	6000000090654093184
Q76051713	6000000026145252588
Q76051715	6000000026145261913
Q76051717	6000000026145326262
Q76051725	6000000026145603033
Q76051726	6000000026145273332
Q76051729	6000000026145491341
Q76051731	6000000026145318552
Q76051734	6000000026145337469
Q76051759	6000000026145353353
Q76051790	6000000024310331406
Q76051830	6000000037413489873
Q76051832	6000000037413482907
Q76051833	6000000037413257215
Q76051834	6000000031974108054
Q76051837	6000000037413439902
Q76051856	6000000052475682067
Q76051857	6000000052476183967
Q76051860	6000000052476228000
Q76051862	6000000052476334032
Q76051863	6000000052476714823
Q76051894	6000000028013412133
Q76051928	6000000023049840135
Q76051945	6000000073858692129
Q76051970	6000000016938155748
Q76052000	6000000016938223949
Q76052119	6000000005437543222
Q76052136	6000000021504742763
Q76052151	6000000021517445451
Q76052153	6000000016348391366
Q76052160	6000000021517535448
Q76052164	6000000021517404651
Q76052174	6000000013823332403
Q76052222	6000000005438441350
Q76052230	6000000025927778150
Q76052252	4042295479030044206
Q76052271	6000000043221102686
Q76052275	6000000043222929486
Q76052277	6000000043224799842
Q76052279	6000000043221143319
Q76052287	6000000023342204222
Q76052312	6000000052002172821
Q76052314	6000000080278548821
Q76052337	6000000027064638786
Q76052344	6000000027065351234
Q76052362	6000000027065103554
Q76052403	6000000052001980956
Q76052409	6000000045144861945
Q76052436	6000000002497465324
Q76052438	6000000001608781409
Q76052486	6000000051705764948
Q76052488	6000000051706180942
Q76052491	6000000051706203868
Q76052517	6000000011851617866
Q76052542	6000000035929070854
Q76052543	6000000035928446168
Q76052544	6000000035929238919
Q76052548	6000000035928351250
Q76052551	6000000035928836164
Q76052563	6000000035928179801
Q76052564	6000000035959301845
Q76052567	6000000035928000364
Q76052569	6000000035928077169
Q76052580	6000000048113954021
Q76052612	6000000000118253342
Q76052614	6000000002116340496
Q76052617	6000000002116340373
Q76052622	6000000006444065884
Q76052626	6000000001354624299
Q76052632	5648392738000044371
Q76052635	6000000010280570512
Q76052636	6000000010280182994
Q76052640	6000000010280263935
Q76052642	6000000010361487058
Q76052649	6000000003216058610
Q76052686	6000000031640414011
Q76052690	6000000031640379061
Q76052691	6000000034827350265
Q76052710	6000000050789160853
Q76052746	6000000009513795939
Q76052754	6000000054281739888
Q76052764	6000000054106805874
Q76052768	6000000011831080338
Q76052774	6000000023403770393
Q76052824	6000000068159180233
Q76052828	6000000068159938975
Q76052830	6000000068159535138
Q76052833	6000000068161190867
Q76052842	6000000016512725022
Q76052885	6000000016512127954
Q76052918	6000000019577165375
Q76052924	6000000019577547201
Q76052925	6000000019576315573
Q76052929	6000000088311169015
Q76052932	6000000088310319208
Q76052935	6000000088312360874
Q76052945	6000000088311699997
Q76052947	6000000088312838829
Q76052949	6000000088311956965
Q76053009	6000000003269336463
Q76053024	6000000010800951018
Q76053029	6000000010801064537
Q76053033	6000000024387758977
Q76053034	6000000024387583070
Q76053043	6000000055356861878
Q76053044	6000000018644089277
Q76053068	6000000010800379540
Q76053073	6000000010792935569
Q76053112	6000000010793030462
Q76053117	6000000055361413966
Q76053167	6000000010792990575
Q76053169	6000000015857527591
Q76053170	6000000015857464269
Q76053173	6000000015857391101
Q76053174	6000000015857368417
Q76053205	6000000006367645363
Q76053218	6000000006290586842
Q76053225	6000000018551168319
Q76053254	6000000016132235611
Q76053257	6000000009494097596
Q76053275	6000000045724722012
Q76053374	6000000008507692601
Q76053377	6000000008507535872
Q76053379	6000000002236491687
Q76053398	6000000008507671588
Q76053400	6000000008508299273
Q76053403	6000000008508144520
Q76053405	6000000008508289561
Q76053431	6000000017421063571
Q76053470	6000000026994882289
Q76053478	6000000017486759487
Q76053570	6000000019379225174
Q76053571	6000000019378647490
Q76053671	6000000017276074627
Q76053718	6000000044424568143
Q76053772	6000000076011690950
Q76053774	6000000075946777981
Q76053878	6000000034642257870
Q76053882	6000000037144571106
Q76053883	6000000034640638254
Q76053886	6000000127849963546
Q76053919	6000000107810517846
Q76053921	6000000041952693337
Q76053952	6000000034446397869
Q76053953	6000000131998445863
Q76053960	6000000052004563147
Q76053987	6000000052004848174
Q76053990	6000000052004388382
Q76054009	6000000052005171963
Q76054040	6000000052005356846
Q76054041	6000000052005294851
Q76054069	6000000026559304828
Q76054481	6000000036032471053
Q76054520	6000000069564644010
Q76054525	6000000069564948881
Q76054579	6000000024545810152
Q76054582	6000000024545533618
Q76054594	6000000024545710354
Q76054614	6000000107761183847
Q76054637	6000000069564262244
Q76054646	6000000069564638039
Q76054685	6000000045143420442
Q76054689	6000000045145828897
Q76054690	6000000045145810945
Q76054715	6000000011682558391
Q76054718	6000000011682518247
Q76054739	4735554074060028295
Q76054740	6000000011535138059
Q76054827	6000000067936858891
Q76054955	6000000076965348761
Q76055025	6000000028199963677
Q76055029	6000000028200943008
Q76055030	6000000033752310988
Q76055051	6000000028199655355
Q76055054	6000000028200756221
Q76055068	6000000028200313003
Q76055071	6000000030914045962
Q76055073	6000000033752236029
Q76055080	6000000012566264598
Q76055133	6000000029983483421
Q76055138	6000000029983846988
Q76055140	6000000029983863019
Q76055166	6000000057106168990
Q76055167	6000000057106414906
Q76055247	6000000017990426897
Q76055249	6000000017989825889
Q76055296	6000000017990765304
Q76055300	6000000017989906731
Q76055302	6000000014744159807
Q76055451	6000000017665199350
Q76055452	6000000017665288859
Q76055456	6000000017665456092
Q76055458	6000000017664790601
Q76055460	6000000017663141782
Q76055474	6000000001547962240
Q76055475	6000000031057823376
Q76055478	6000000031058221876
Q76055578	6000000082599201417
Q76055581	6000000081044459932
Q76055745	6000000001877508756
Q76055747	6000000001877509742
Q76055762	6000000023175673371
Q76055763	6000000023175601436
Q76055783	6000000013428043414
Q76055809	6000000030886168970
Q76055830	6000000011343375090
Q76055833	6000000013428124300
Q76055835	6000000013427581902
Q76055840	6000000026310626056
Q76055858	6000000000461856075
Q7605603	6000000000814127370
Q76056140	6000000068339518991
Q76056183	6000000068339768967
Q76056184	6000000082950160890
Q76056185	6000000068339819868
Q76056304	6000000073425601945
Q76056337	6000000028140706172
Q76056391	6000000016830214813
Q76056395	6000000034225141358
Q76056438	6000000057113177973
Q76056440	6000000057113481826
Q76056474	6000000106459755821
Q76056499	6000000023978377170
Q76056525	6000000045353329946
Q76056540	6000000057137854948
Q76056581	6000000057183822210
Q76056582	6000000018378231004
Q76056607	6000000005577721314
Q76056615	6000000045353040145
Q76056619	6000000017115820231
Q76056642	6000000025969356704
Q76056657	6000000017616502253
Q76056660	6000000017616300653
Q76056661	6000000025969453164
Q76056690	6000000002905078245
Q76056722	6000000085559846823
Q76056747	6000000016253931598
Q76056748	6000000016512711465
Q76056769	6000000019246933258
Q76056792	6000000016251578994
Q76056798	6000000016252090768
Q76056801	6000000016251787978
Q76056803	6000000016252088699
Q76056951	6000000004836902736
Q76056976	6000000021006611312
Q76056987	6000000032714952101
Q76057004	6000000032715302911
Q76057010	6000000032715043032
Q76057169	6000000019879756271
Q76057178	6000000019879046987
Q76057179	6000000019879674134
Q76057232	6000000034811870397
Q76057267	6000000013760594726
Q76057269	6000000122245394152
Q76057281	6000000013760461742
Q76057289	6000000013760657960
Q76057292	6000000013760846255
Q76057293	6000000013760825645
Q76057301	6000000002115996618
Q76057302	6000000002115996998
Q76057320	6000000019756078487
Q76057333	6000000001714686882
Q76057383	6000000021004844163
Q76057513	6000000082819385880
Q76057516	6000000082818051121
Q76057523	6000000082819293878
Q76057565	6000000033853181866
Q76057570	6000000026409082055
Q76057640	6000000094637914880
Q76057641	6000000026410145983
Q76057642	6000000011705436101
Q76057643	6000000011706347244
Q76057645	6000000048339001868
Q76057647	6000000067971457877
Q76057648	6000000011370953777
Q76057650	6000000017728767735
Q76057653	6000000094641426852
Q76057671	6000000016512834719
Q76057775	6000000017585841204
Q76057783	6000000024465540687
Q76057786	6000000172460827995
Q76057788	6000000024696325146
Q76057792	6000000024696418249
Q76057817	6000000024696206305
Q76057818	6000000024688924116
Q76057820	6000000024696389087
Q76057831	6000000035167695918
Q76057853	6000000024432415978
Q76057893	6000000077661514900
Q76057894	6000000106457217835
Q76058037	6000000016515105133
Q76058043	6000000005005930297
Q76058047	6000000005005859826
Q76058064	6000000106478109861
Q76058124	6000000002425500117
Q76058133	6000000027641534121
Q76058151	6000000027638856126
Q76058196	6000000030989209242
Q76058201	6000000057232957879
Q76058304	6000000030067294520
Q76058305	6000000030067072650
Q76058307	6000000030067152298
Q76058323	6000000030067038488
Q76058325	6000000017728513728
Q76058656	6000000030067083543
Q76058666	6000000069556781873
Q76058667	6000000030067665217
Q76058669	6000000030066921728
Q76058673	6000000030067843878
Q76058674	6000000030067676444
Q76058695	6000000006745876302
Q76058700	6000000016514955896
Q76058706	6000000059386391821
Q76058708	6000000024832060503
Q76058714	6000000016516053021
Q76058717	6000000016516092002
Q76058719	6000000016515661248
Q76058733	6000000037838541181
Q76058736	6000000050633563096
Q76058739	6000000040337491321
Q76058777	6000000040337805129
Q76058778	6000000040338105821
Q76058817	6000000029154271999
Q76058821	6000000037836976029
Q76058826	6000000076705377384
Q76058845	6000000003216145518
Q76058848	6000000003216121231
Q76058865	6000000025364984368
Q76058866	6000000032214128121
Q76058869	6000000050633275003
Q76058976	6000000001074025094
Q76058978	6000000027147943325
Q76059013	6000000027128100098
Q76059033	6000000039390213371
Q76059036	6000000039389955525
Q76059225	6000000015701639204
Q76059250	6000000001714686635
Q76059298	6000000033379652295
Q76059301	6000000037413929827
Q76059401	6000000010376280584
Q76059403	6000000013043964550
Q76059408	6000000013043873351
Q76059409	6000000013043511120
Q76059456	6000000053091590983
Q76059474	6000000013043634922
Q76059476	6000000016909535423
Q76059482	6000000001714686648
Q76059577	6000000010376333389
Q76059580	6000000010455102778
Q76059605	6000000037607065033
Q76059606	6000000010456217234
Q76059607	6000000010454873650
Q76059620	6000000010454485198
Q76059666	6000000003249591481
Q76059728	6000000001714686587
Q76059730	6000000010444728098
Q76059731	6000000001714558796
Q76059743	6000000010376025750
Q76059764	6000000073368064091
Q76059795	6000000028426171220
Q76059798	6000000028424704546
Q76059816	6000000028426825105
Q76059817	6000000028426096415
Q76059913	6000000023169927686
Q76059915	6000000023170307515
Q76060026	6000000010376081423
Q76060028	6000000010454560102
Q76060029	6000000028011763824
Q76060033	6000000001714686063
Q76060040	6000000001714686281
Q76060042	6000000010245450669
Q7606012	6000000008597083012
Q76060174	6000000001714686459
Q76060178	6000000010376109278
Q76060179	6000000010444312347
Q76060519	6000000021567368285
Q76060558	6000000009739762553
Q76060559	6000000102600839914
Q76060560	6000000102600839908
Q7606061	6000000000424798772
Q76060681	6000000009739608014
Q76060682	6000000010375583152
Q76060822	6000000001714617946
Q7606083	6000000011332665200
Q76060872	6000000017248544955
Q76061107	6000000022928628909
Q76061476	6000000019648757798
Q76061479	6000000018465741116
Q76061488	6000000020849671056
Q76061571	6000000013209880097
Q7606161	6000000131443759072
Q76061620	6000000015799986677
Q76061622	6000000015799936841
Q76061628	6000000019645270431
Q76061639	6000000013212018245
Q76061660	6000000077145443961
Q76061668	6000000019644826959
Q76061752	6000000017968922622
Q76061772	6000000017968864500
Q76061789	6000000002188479872
Q76061834	6000000010057759799
Q76061835	6000000010057331820
Q76061867	6000000006580675074
Q76061971	6000000117538626822
Q7606198	6000000029902226309
Q76062012	6000000017212396758
Q76062035	6000000000136019688
Q76062036	6000000000136019677
Q76062066	6000000010626242420
Q76062088	6000000079065906526
Q76062146	6000000002115996545
Q76062152	6000000010498147056
Q76062381	6000000036457734194
Q76062441	6000000004836879009
Q76062442	6000000004836934253
Q76062454	6000000014057774282
Q76062565	6000000054244131097
Q76062567	6000000054225916966
Q76062606	6000000074312908844
Q76062648	6000000008508832576
Q76062684	6000000019054151161
Q76062690	6000000019053943486
Q76062692	6000000002115996555
Q76062693	6000000002115996562
Q76062695	6000000055791272845
Q76062696	6000000055790145831
Q76062697	6000000055799901995
Q76062698	6000000017670129157
Q76062700	6000000009755319234
Q76062702	6000000017672264030
Q76062703	6000000009754501366
Q76062851	6000000066470855824
Q76062857	6000000067948386145
Q7606297	6000000039210909679
Q76062972	6000000067949289856
Q76062975	6000000067949301936
Q76062996	6000000019973748537
Q76063120	6000000016514227032
Q76063121	6000000017546661308
Q76063216	6000000009722817756
Q76063231	6000000009722371113
Q76063241	6000000010584301690
Q76063244	6000000010583895995
Q76063245	6000000010584394799
Q76063247	6000000019269872124
Q76063248	6000000009723105030
Q76063252	6000000010586600235
Q76063254	6000000010585282497
Q76063257	6000000010585443483
Q76063260	6000000010660232722
Q76063261	6000000010660133609
Q76063264	6000000010659996958
Q76063265	6000000010660106884
Q76063283	6000000009722552196
Q76063286	6000000009722124626
Q76063288	6000000009722268869
Q76063290	6000000010585511112
Q76063302	6000000010585128158
Q76063304	6000000010587360334
Q76063307	6000000010587457315
Q76063318	6000000010586875053
Q76063319	6000000009721906971
Q76063322	6000000010587657413
Q76063333	6000000009721544531
Q76063335	6000000009720959160
Q76063337	6000000009722055875
Q76063339	6000000009721759877
Q76063350	6000000009721906642
Q76063355	6000000009721410576
Q76063359	6000000009720978089
Q7606336	6000000022175657823
Q76063366	6000000090957684896
Q76063383	6000000009721940615
Q76063447	6000000017670620250
Q7606347	6000000039212844938
Q76063592	6000000011669097532
Q76063601	6000000011668821453
Q76063745	6000000011361871920
Q76063886	6000000025457414247
Q76063888	6000000009920102676
Q76063910	6000000100874792022
Q7606393	6000000166382607042
Q76063988	6000000038258441130
Q76064053	6000000001714686745
Q76064054	6000000001714697557
Q76064059	6000000062121129257
Q76064061	6000000001714686779
Q76064215	6000000027804567093
Q76064267	6000000007914458595
Q76064318	6000000007914465004
Q76064321	6000000017977888700
Q76064322	6000000050554598821
Q76064341	6000000050554482951
Q76064343	6000000050554458864
Q76064382	6000000018219676079
Q76064383	6000000030904959228
Q76064423	6000000017624627262
Q76064440	6000000043942933000
Q76064470	6000000063334387831
Q76064472	6000000063334411836
Q76064510	6000000001714686870
Q76064511	6000000076804742358
Q76064512	6000000001714686896
Q76064520	6000000001714686906
Q76064526	6000000001714686921
Q76064536	6000000001714697094
Q76064539	6000000001714687014
Q76064561	6000000063333647184
Q76064617	6000000012498435766
Q76064677	6000000018721480033
Q76064698	6000000051518747995
Q76064699	6000000051518952915
Q76064715	6000000079066846164
Q76064720	6000000069544142846
Q76064773	6000000041055530721
Q76064777	6000000082655523981
Q76064778	6000000013874605982
Q76064781	6000000007369599264
Q76064810	6000000028760838198
Q76064822	4074046791340123927
Q76064840	6000000028761517574
Q76064884	6000000007455458214
Q76065020	6000000066701410833
Q76065086	6000000013403910479
Q76065087	6000000013404077382
Q76065131	6000000084421062174
Q76065146	6000000031216435838
Q76065184	6000000017108194177
Q76065194	6000000044054155644
Q76065485	6000000026375138944
Q76065501	6000000010061340363
Q76065823	6000000055520484851
Q76065851	6000000043602043318
Q76065906	6000000026103853677
Q76065919	6000000031673974130
Q76065926	6000000026799614155
Q76065937	6000000026426304418
Q76065947	6000000026426233605
Q76066018	6000000001608939176
Q76066023	6000000026663694441
Q76066026	6000000031016428964
Q76066039	6000000001609011205
Q76066042	6000000001608915553
Q76066044	6000000001608875514
Q76066049	6000000001608949764
Q76066062	6000000001608953056
Q76066079	6000000001608749044
Q76066082	6000000001608732626
Q76066086	6000000001609000320
Q76066089	6000000001608915982
Q76066097	6000000001608738580
Q76066102	6000000044553957072
Q76066105	6000000001608790390
Q76066120	6000000031016544003
Q76066121	6000000001608819048
Q76066124	6000000001608830698
Q76066125	6000000001608983750
Q76066128	6000000001608834694
Q76066130	6000000001608935896
Q76066141	6000000001608926874
Q76066146	6000000001608799139
Q76066149	6000000001608893228
Q76066150	6000000001608909064
Q76066154	6000000001608964844
Q76066170	6000000001609011337
Q76066173	6000000015275124455
Q76066240	6000000025040914910
Q76066242	6000000025040782092
Q76066256	6000000001608790151
Q76066262	6000000001608743619
Q76066266	6000000001608799662
Q76066268	6000000001608888900
Q7606631	6000000004638251449
Q76066334	6000000001608920746
Q76066336	6000000001608831284
Q76066341	6000000001608791685
Q76066349	6000000001608824574
Q76066352	6000000001608737158
Q76066354	6000000001609011315
Q76066362	6000000001608831628
Q76066371	6000000001608749856
Q76066426	6000000001608903022
Q76066476	6000000001608801344
Q76066477	6000000001608745875
Q76066655	6000000006567136199
Q76066721	6000000071083198828
Q76066875	6000000024989951173
Q76066895	6000000050551715821
Q76066901	6000000090682240926
Q76066905	6000000012616666666
Q76066907	6000000012616737870
Q76066911	6000000012616667416
Q76066914	6000000056023793879
Q76066990	6000000020388812096
Q76066995	6000000020388818111
Q76067	6000000083478100209
Q76067077	6000000016534045534
Q76067141	6000000089250829932
Q76067143	6000000089251038905
Q76067198	6000000014410122482
Q76067346	6000000094047450913
Q76067350	6000000094047026035
Q76067365	6000000094058593875
Q76067369	6000000094058636877
Q76067371	6000000094047703885
Q76067382	6000000026749592485
Q7606739	6000000008328395934
Q76067390	6000000094059576849
Q76067393	6000000094103362834
Q76067394	6000000094103557821
Q76067396	6000000094059931823
Q76067402	6000000094059180951
Q76067403	6000000094103128157
Q76067405	6000000094058483998
Q76067409	6000000094059001921
Q76067410	6000000094059826836
Q76067413	6000000094060037821
Q76067416	6000000094059768888
Q76067428	6000000094047413638
Q76067431	6000000094049886086
Q76067433	6000000094049474134
Q76067435	6000000094049758124
Q76067439	6000000092274181825
Q76067440	6000000092274181828
Q76067462	6000000092274181831
Q76067466	6000000092274138822
Q76067472	6000000092274181835
Q76067474	6000000145528480998
Q76067476	6000000094105275144
Q76067481	6000000094050012048
Q76067482	6000000094106502877
Q76067483	6000000094051349894
Q76067493	6000000094048427192
Q76067494	6000000094051216874
Q76067529	6000000094051323895
Q76067543	6000000078878712831
Q76067560	6000000016364154175
Q7606761	6000000013492876578
Q76067655	6000000071675569011
Q76067669	6000000055463733918
Q7606767	6000000002189930491
Q76067691	6000000012214918544
Q76067695	6000000086202270910
Q7606772	6000000208317396843
Q76067753	6000000002765851017
Q76067951	6000000066469015924
Q76067982	6000000052061264879
Q76068131	6000000034471503411
Q76068144	6000000021026690946
Q76068175	6000000016548055528
Q76068305	6000000018971552211
Q76068309	6000000018970020550
Q76068317	6000000018972485044
Q76068324	6000000018970859433
Q76068327	6000000018971298399
Q76068363	6000000018972008072
Q76068364	6000000018971495614
Q76068371	6000000018971763627
Q76068375	6000000018971779379
Q76068393	6000000018971355407
Q76068557	6000000021077625799
Q76068568	6000000038720563244
Q76068583	6000000017087965498
Q76068585	6000000073581967917
Q76068595	6000000019618013636
Q76068764	6000000051526669208
Q76068897	6000000007605264845
Q76068900	6000000006444672323
Q76068902	6000000011851530912
Q76068905	6000000007006198555
Q76068910	6000000000619451244
Q76068911	6000000014129253503
Q76068915	6000000006150455232
Q76068921	6000000019992275812
Q76068922	6000000041172692835
Q76068932	6000000001322202362
Q76068947	6000000000741271579
Q76068954	6000000027006755827
Q76068999	6000000179610570835
Q76069006	6000000027449397144
Q76069009	6000000027449418085
Q76069018	6000000027449297705
Q76069020	6000000027947432018
Q76069038	6000000028246444607
Q76069059	6000000027466607549
Q76069085	6000000027468232403
Q76069095	6000000027468396006
Q76069111	6000000027468235464
Q76069125	6000000027468304579
Q76069129	6000000027468483890
Q76069156	6000000027467754199
Q76069159	6000000027467623338
Q76069160	6000000027468392116
Q76069163	6000000027468297218
Q76069165	6000000033560402263
Q76069170	6000000027468237729
Q76069229	6000000041342206378
Q76069283	6000000031567372635
Q76069290	6000000031216948943
Q76069293	6000000031217117837
Q76069332	6000000033560945863
Q76069336	6000000033560473363
Q76069364	6000000033561028825
Q76069517	6000000001299363336
Q76069585	6000000016355921140
Q760696	6000000003484265483
Q76069620	6000000016354503353
Q76069623	6000000016355312474
Q76069629	6000000016355578421
Q76069631	6000000016355820209
Q76069636	6000000016356002074
Q76069638	6000000016355580227
Q76069640	6000000016355801818
Q76069642	6000000016355631096
Q76069644	6000000016355334824
Q76069649	6000000016355086381
Q76069666	6000000016353734357
Q76069668	6000000016354141577
Q76069675	6000000016441071093
Q76069679	6000000016354038210
Q76069680	6000000016354589307
Q76069683	6000000016354693732
Q76069686	6000000016353951806
Q76069694	6000000016354941052
Q76069697	6000000016354350877
Q76069699	6000000016354674740
Q76069702	6000000016354092038
Q76069718	6000000016353970532
Q76069729	6000000016354788231
Q76069742	6000000001928733975
Q76069743	6000000017644727637
Q76069771	6000000001299365618
Q76069772	6000000017644861516
Q76069809	6000000001195831350
Q76069810	6000000008344636618
Q76069814	6000000008344328195
Q76069822	6000000001195703331
Q76069824	6000000008344496828
Q76069827	6000000008343887135
Q76069828	6000000008344637945
Q76069835	6000000079058398959
Q76069897	6000000009775210093
Q76069899	6000000079058989857
Q76069939	6000000079058778884
Q76069940	6000000008344406442
Q76069943	6000000100801286251
Q76069981	6000000079058478882
Q76069985	6000000100801286103
Q76069986	6000000110611163852
Q76069989	6000000110610925886
Q76069990	6000000110610925858
Q76069993	6000000110610925956
Q76069994	6000000110610925935
Q76070051	6000000100801286093
Q76070201	6000000012658279823
Q76070215	6000000039218462402
Q76070217	6000000052155275025
Q76070219	6000000039219431117
Q76070219	6000000067877277863
Q76070362	6000000048175505892
Q76070417	6000000015250065154
Q7607042	6000000040805942070
Q76070424	6000000015249876834
Q76070425	6000000013255583276
Q76070439	6000000052051227887
Q76070448	6000000001299405580
Q76070520	6000000016545538701
Q76070594	6000000032124932623
Q76070596	6000000032150632964
Q760706	6000000003714053753
Q76070714	6000000041053395107
Q76070730	6000000041055249145
Q7607076	6000000010136080859
Q76070795	6000000025208474723
Q76070920	6000000022762417481
Q76070923	6000000022762891498
Q76070931	6000000022766029821
Q76070936	6000000022764983380
Q76070938	6000000067355402912
Q76070944	6000000082621554090
Q76070961	6000000022765943992
Q76070965	6000000022765639022
Q76071066	6000000066553995943
Q76071070	6000000066554355867
Q76071119	6000000011999099486
Q76071149	6000000030233817344
Q7607128	6000000004672062168
Q76071593	6000000008277346720
Q76071654	6000000019660620902
Q76071654	6000000118185756832
Q76071672	6000000019664155640
Q76071672	6000000118185134848
Q76071673	6000000019664885027
Q76071680	292845503880005886
Q76071680	6000000019664246952
Q76071683	6000000015141004471
Q76071761	6000000202847530869
Q76071796	6000000005051281069
Q76071797	6000000173748055467
Q76072010	6000000017806336103
Q76072012	6000000017806150514
Q7607210	6000000002188674150
Q760722	6000000183434520859
Q76072341	6000000027915378984
Q76072351	6000000033509289834
Q76072363	6000000031273348417
Q76072387	6000000031273633890
Q76072400	6000000031273468231
Q76072459	6000000031273393674
Q76072460	6000000033509157599
Q76072464	6000000033509681039
Q76072471	6000000033509840952
Q76072528	6000000001169074717
Q76072551	6000000031273143365
Q76072553	6000000031273360047
Q76072562	6000000031273139335
Q76072576	6000000031277685536
Q76072579	6000000005426558174
Q76072597	6000000033488092181
Q76072598	6000000033487840417
Q76072603	6000000005426468205
Q76072604	6000000005426457572
Q76072607	6000000033488925842
Q76072609	6000000033514934981
Q76072684	6000000038850283546
Q76072689	6000000040052986128
Q76072690	6000000038850092786
Q76072692	6000000038850647996
Q76072729	6000000020388839342
Q76072963	6000000017997930328
Q76072992	6000000024706017909
Q76072998	6000000014050726575
Q760730	6000000013083307634
Q76073026	6000000017997676414
Q76073029	6000000017997676352
Q76073040	6000000017845239900
Q76073051	6000000017845709097
Q76073056	6000000022765038663
Q76073068	6000000078413799027
Q76073069	6000000078413069570
Q76073071	6000000078413649087
Q76073074	6000000078412926535
Q76073122	6000000103974813826
Q76073127	6000000050552252908
Q76073250	6000000041459183040
Q76073313	6000000040831156451
Q76073318	6000000016545961715
Q76073319	6000000016545910921
Q7607335	6000000004868058453
Q76073419	6000000016699430239
Q76073421	6000000021561710418
Q76073422	6000000016699374526
Q76073424	6000000007266479230
Q76073426	6000000021561561506
Q76073428	6000000023884552950
Q76073429	6000000021561582669
Q76073616	6000000016546143147
Q76073617	6000000016546227148
Q76073671	6000000029683026398
Q76073674	6000000020653111366
Q76073676	6000000020653275869
Q76073679	6000000020653071550
Q76073680	6000000020653134430
Q76073684	6000000007374140761
Q76073699	6000000078362807247
Q76073733	6000000017507397427
Q76073752	6000000013625055837
Q76073754	6000000031893198661
Q76073757	6000000031893287478
Q76073759	6000000013625240357
Q76073769	6000000011362814925
Q76073947	6000000011362291159
Q76073948	287123027380008569
Q76074037	6000000055912248002
Q76074038	6000000012400273621
Q76074061	6000000020398004273
Q76074075	6000000020398056465
Q76074080	6000000020398006695
Q76074137	6000000020402241086
Q76074178	6000000004882083211
Q76074180	6000000016546385039
Q76074244	6000000023102578858
Q76074382	6000000015271676481
Q76074384	6000000015271728640
Q76074389	6000000015271848184
Q76074390	6000000015271815441
Q76074412	6000000015271689481
Q76074479	6000000015655967456
Q76074485	6000000015655956451
Q76074489	6000000015655909511
Q76074509	6000000051311434195
Q76074631	6000000001714564072
Q76074632	6000000001714564098
Q76074636	6000000001714564114
Q76074646	6000000024268446864
Q76074671	6000000035377252022
Q76074739	6000000000700963354
Q760748	6000000008520757215
Q76074822	6000000013614179099
Q76074823	6000000013613935915
Q76074826	6000000013613921426
Q76074833	6000000121739020823
Q76074844	6000000013614085237
Q76074846	6000000013614006611
Q76074879	6000000077621318456
Q76074880	6000000077621345476
Q76074883	6000000007026713501
Q760750	6000000002188529016
Q76075023	6000000017648594154
Q76075107	6000000077984324844
Q76075257	6000000031590574924
Q76075262	6000000001714558940
Q76075265	6000000016599331917
Q76075267	6000000024724998469
Q76075275	6000000001714578587
Q76075283	6000000019804842363
Q76075285	6000000028542956089
Q76075285	6000000031590431825
Q76075357	6000000010668104164
Q76075359	6000000010668539455
Q76075393	6000000001714578625
Q76075394	6000000001714560946
Q76075395	6000000001714578639
Q76075423	6000000174356192186
Q76075424	6000000045884158105
Q76075468	6000000042345493218
Q76075484	6000000034993441133
Q76075504	6000000114087398947
Q76075506	6000000114086569277
Q7607554	6000000011309959710
Q76075561	6000000054628183946
Q76075693	6000000017147594707
Q76075702	6000000017147858986
Q76075735	6000000040904395356
Q76075737	6000000040904697053
Q76075756	6000000001714578754
Q76075757	6000000001714578652
Q76075758	6000000001714578664
Q76075760	6000000001714633834
Q76075761	6000000001714578676
Q76075762	6000000001714593225
Q76075766	6000000001714578702
Q76075767	6000000033068139913
Q76075768	6000000051322318824
Q76075782	6000000032438421175
Q76075796	6000000001714589879
Q76075798	6000000001714650362
Q76075817	6000000009298490049
Q76075876	6000000030076443830
Q76075891	6000000023746205041
Q76075892	6000000009155697524
Q76075895	6000000029946429027
Q76075910	6000000029946274191
Q76075912	6000000029950687241
Q76076091	6000000016548357169
Q76076117	6000000001714578726
Q7607616	309413008680001463
Q76076160	6000000027019867161
Q76076169	6000000001714589907
Q76076257	6000000013491488110
Q76076314	6000000056660867967
Q76076317	6000000056660701013
Q76076319	6000000056660910967
Q76076453	6000000007050558282
Q76076509	6000000014040351130
Q76076510	6000000001714578738
Q76076515	6000000001714589919
Q76076518	6000000014040546002
Q76076519	6000000014039683899
Q76076539	6000000001714578777
Q76076546	6000000001714589958
Q76076547	6000000001714633564
Q76076548	6000000064794150936
Q76076557	6000000043632719822
Q76076582	6000000053313360984
Q76076593	6000000053313735835
Q76076595	6000000068511795954
Q76076610	6000000184084324841
Q76076611	6000000189416148827
Q76076641	6000000028199638087
Q76076751	6000000082937380962
Q76076753	6000000082935317248
Q76076935	6000000016955837760
Q76076945	6000000011262750865
Q76076946	6000000016956156080
Q76076949	6000000016955731665
Q76076950	6000000016956148569
Q76076953	6000000016955772780
Q76076956	6000000016956334143
Q76076957	6000000016956325412
Q76076958	6000000016956321580
Q76076962	6000000016956364537
Q76076977	6000000012451551442
Q76076978	6000000016956151632
Q76076981	6000000016956553325
Q76076983	6000000016956666623
Q76076985	6000000016956663827
Q760770	6000000031030262544
Q76077031	6000000031935739384
Q76077060	6000000012813671487
Q76077061	6000000009286136477
Q76077072	6000000051138993297
Q76077078	6000000020720182900
Q76077079	6000000016955594628
Q76077084	6000000019934197460
Q76077119	6000000077943472884
Q76077198	6000000077920692636
Q76077201	6000000077921086277
Q76077234	6000000077921407883
Q76077236	6000000077920348785
Q76077272	6000000002246782908
Q76077427	6000000076853341935
Q76077474	6000000037255660910
Q76077476	6000000024697920334
Q76077595	6000000084482576123
Q760776	6000000031640427038
Q76077614	6000000027168750269
Q76077616	6000000027168563285
Q76077649	6000000027168704398
Q76077658	6000000027168393818
Q76077664	6000000027168313624
Q76077728	6000000027168779531
Q76077773	6000000019934210993
Q76077782	6000000023991939918
Q76077785	6000000023991923041
Q76077786	6000000023991750194
Q76077789	6000000023991939957
Q76077820	6000000023991674022
Q76077826	6000000023991531557
Q76077993	6000000000921441203
Q76077997	6000000026634031916
Q76078003	6000000026635828589
Q76078005	6000000026636613047
Q76078009	6000000026636373220
Q76078010	6000000026635759762
Q76078012	6000000026636577131
Q76078014	6000000026636457529
Q76078019	6000000026636235742
Q76078076	6000000026636781907
Q76078081	6000000026637339141
Q76078215	6000000026637449392
Q76078261	6000000014040361600
Q76078265	6000000014040698126
Q76078282	6000000014040723193
Q76078283	6000000019033416293
Q76078301	6000000055405343833
Q76078305	6000000014040701245
Q76078306	6000000014040414673
Q76078307	6000000014040299939
Q76078326	6000000023993635544
Q76078351	6000000024386341455
Q76078354	6000000024392157957
Q76078359	6000000036217647151
Q76078376	6000000043098916104
Q76078389	6000000084482809404
Q76078403	6000000079502452120
Q760785	6000000040338928896
Q76078626	6000000086066032088
Q76078635	6000000061529880922
Q76078636	6000000061091542399
Q76078638	6000000010028464851
Q76078648	6000000001562688104
Q76078657	6000000023369477869
Q76078658	6000000023369435906
Q76078659	6000000023369303937
Q76078662	6000000019220944134
Q76078663	6000000023369434875
Q76078664	6000000019221000106
Q76078666	6000000019220362767
Q76078668	6000000023369462862
Q76078669	6000000019220949145
Q76078670	6000000019220321911
Q760788	6000000002188536363
Q760789	6000000129553642869
Q76078911	6000000026208290370
Q76078914	6000000026212430852
Q760790	6000000006263068822
Q76079004	6000000055128465832
Q76079006	6000000064794394915
Q76079009	6000000057045669158
Q7607902	6000000011023720533
Q76079045	6000000064794635825
Q76079067	6000000065002360933
Q76079194	6000000016874665427
Q76079241	6000000018353394995
Q76079246	6000000028011540592
Q76079252	6000000028011708954
Q76079291	6000000069715468072
Q76079306	6000000016875424071
Q76079349	6000000041277813919
Q76079377	6000000016875333268
Q76079381	6000000016875282517
Q76079384	6000000033910039272
Q76079390	6000000014022169381
Q76079452	6000000052060374916
Q76079487	6000000042393222245
Q76079493	6000000138005723074
Q76079513	6000000186328200106
Q76079514	6000000138005531227
Q76079538	6000000052060437914
Q76079540	6000000052060519895
Q76079543	6000000052060068285
Q76079641	6000000052060297153
Q76079644	6000000052060569933
Q76079701	6000000034668352977
Q76079702	6000000024326063395
Q76079705	6000000054542345821
Q76079707	6000000054541309012
Q76079710	6000000055617608858
Q76079711	6000000054542612839
Q76079724	6000000001714686121
Q76079790	6000000012723641757
Q76079791	6000000054542417001
Q76079833	6000000002115872135
Q76079867	6000000002115855330
Q76079873	6000000017879373363
Q76079875	6000000028127965818
Q76079924	6000000002115859146
Q76079927	6000000033647937818
Q76079931	6000000002115859152
Q76079935	6000000033648153402
Q76079937	6000000002115859158
Q76079941	6000000002115859035
Q76079942	6000000002905197638
Q76079949	6000000033647571760
Q76079960	6000000033648139210
Q76079989	6000000025836935449
Q76080029	6000000108014529822
Q76080081	6000000108014529980
Q76080096	6000000013821266607
Q76080097	6000000108010814050
Q760801	6000000142024206842
Q76080118	6000000108010814274
Q76080129	6000000108014529960
Q76080157	6000000015192694086
Q76080255	6000000097127056832
Q76080273	6000000052568551889
Q76080274	6000000052568362185
Q76080311	6000000013821045469
Q76080350	6000000052568808983
Q76080353	6000000052569164854
Q76080476	6000000031216097145
Q76080608	6000000001714686164
Q76080611	6000000001714686178
Q76080612	6000000028011474183
Q76080613	6000000028011680102
Q76080614	6000000001714686216
Q76080616	6000000001714893424
Q76080618	6000000018353485862
Q76080622	6000000001714560068
Q76080623	6000000018352312716
Q76080624	6000000018353190891
Q76080625	6000000028011603231
Q76080628	6000000001714588079
Q76080629	6000000002115996685
Q76080630	6000000028011841823
Q76080631	6000000001714588160
Q76080640	6000000001714855033
Q76080644	6000000082348757164
Q76080647	6000000088348482222
Q76080649	6000000088348693134
Q76080658	6000000027231537467
Q7608066	6000000006444762424
Q7608068	6000000014395841225
Q76080811	6000000011147123010
Q76080814	6000000011147163447
Q76080866	6000000043363265064
Q76080964	6000000050564971965
Q76081060	6000000013187896514
Q76081065	6000000013187940475
Q76081078	6000000020160193781
Q76081079	6000000037815198739
Q7608108	6000000005598808280
Q76081153	6000000015511606644
Q76081172	6000000053658899892
Q76081192	6000000013187753831
Q76081241	6000000055195702974
Q76081325	6000000001714968061
Q76081327	6000000001714999947
Q76081353	6000000018231603558
Q76081382	6000000018231805321
Q76081387	6000000055129884852
Q76081393	6000000055135225838
Q7608140	6000000007296670378
Q76081444	6000000086164679200
Q76081493	6000000055082117086
Q76081531	6000000076700724636
Q76081532	6000000007363296018
Q76081623	6000000009622401542
Q76081624	6000000014763731071
Q76081635	6000000002364916112
Q76081654	6000000032263183737
Q76081664	6000000205838354834
Q76081665	6000000205838217890
Q76081800	6000000047258526310
Q7608186	6000000181680415821
Q76081880	6000000057253563893
Q76081884	6000000057252542940
Q76081888	6000000057253463027
Q76081890	6000000057252943284
Q76081892	6000000057253452972
Q76081946	6000000056361814076
Q76081998	6000000029563124832
Q76082042	6000000015665381388
Q76082046	6000000015665366717
Q76082057	6000000039551309038
Q76082059	6000000051518846034
Q76082098	6000000051518928923
Q760821	6000000015793959507
Q76082104	6000000051518883943
Q76082151	6000000025390898871
Q7608216	6000000009513475830
Q76082169	6000000031580829147
Q76082175	6000000030628617029
Q76082259	6000000006567136006
Q76082260	6000000006567136435
Q76082287	6000000033729588023
Q76082330	6000000033729452038
Q76082393	6000000010454579811
Q76082400	6000000011600167310
Q76082403	6000000011599626545
Q76082406	6000000011600265212
Q76082415	6000000013236487283
Q76082418	6000000013236297109
Q76082446	6000000026409990058
Q76082522	6000000067562552821
Q76082553	6000000026013300403
Q76082562	6000000026013384112
Q76082599	6000000083885133838
Q76082609	6000000083824376214
Q7608270	6000000075428719941
Q76082734	4319019822900054640
Q76082738	4319019837440021936
Q76082757	4318859590520068372
Q76082794	6000000024774498063
Q76082852	6000000026200632144
Q76082853	6000000023470586648
Q76082884	6000000002434625174
Q76082918	6000000013564671130
Q76082919	6000000013564634161
Q76082924	6000000030995565090
Q76082934	6000000026776434563
Q76082940	6000000026778532216
Q76082983	6000000031821201642
Q76082985	6000000031822058976
Q760831	6000000178320196907
Q76083151	6000000019473780953
Q76083154	6000000019475376121
Q76083156	6000000019474638425
Q76083158	6000000056646768077
Q76083181	6000000056688422989
Q76083189	6000000056689198909
Q76083211	6000000086229406933
Q76083341	6000000065969248821
Q76083349	6000000015604509902
Q76083364	6000000019474709227
Q76083370	6000000026885049543
Q76083373	6000000026885354747
Q76083377	6000000026885788403
Q76083378	6000000117146684863
Q76083388	6000000026885838048
Q76083519	6000000019079040095
Q76083533	6000000004571326599
Q76083534	6000000016198915968
Q76083628	6000000022204192526
Q76083629	6000000022201887320
Q76083632	6000000022202112146
Q76083647	6000000075804078280
Q76083661	6000000026214998223
Q76083673	6000000113154069185
Q76083713	6000000004580252468
Q76083806	6000000060300185898
Q76083810	6000000060300400951
Q76083817	6000000017967200310
Q7608383	5410440817590039900
Q76083844	6000000081068497857
Q76083939	6000000025080005403
Q76083981	6000000025079928208
Q76084000	6000000017964732703
Q76084023	6000000040831452491
Q76084031	6000000040831114631
Q76084036	6000000017964905433
Q76084038	6000000052461308865
Q76084055	6000000017962487728
Q76084252	6000000006290790982
Q76084267	6000000010915270840
Q76084308	6000000041046330340
Q76084312	6000000041047044823
Q76084346	6000000000587647580
Q7608436	6000000017708412942
Q76084466	6000000016620854530
Q76084480	6000000016618544841
Q76084489	6000000045238414863
Q76084514	6000000016620692711
Q76084516	6000000016620806516
Q76084518	6000000016621436039
Q76084521	6000000016621486185
Q76084522	6000000016621625153
Q76084530	6000000016621434214
Q76084633	6000000016620850780
Q76084768	6000000017182762530
Q76084774	6000000017182735625
Q76084799	6000000017182903044
Q76084850	6000000031580270764
Q76084855	6000000031580472530
Q76084862	6000000002115838406
Q76084866	6000000002115881789
Q76084868	6000000002115911858
Q76084870	6000000002115911838
Q76085006	6000000002115881800
Q76085020	6000000037746719641
Q76085043	6000000002115911936
Q7608520	6000000035258501142
Q76085205	6000000044710974918
Q76085262	6000000104619029878
Q760853	6000000180465671823
Q76085312	6000000016381800417
Q76085358	6000000067864145872
Q76085362	6000000067864139883
Q76085364	6000000036064164418
Q76085373	6000000036064840847
Q76085375	6000000044135294901
Q76085466	6000000013199075989
Q76085510	6000000020824493452
Q76085516	6000000020824722866
Q76085528	6000000014512125129
Q76085584	6000000050457623841
Q76085585	6000000050457665886
Q76085592	6000000015354098671
Q76085670	6000000015271703916
Q76085671	6000000015334094567
Q76085738	6000000015334293325
Q76085782	6000000015334078600
Q76085819	6000000055558397088
Q76085835	6000000023590208964
Q76085869	6000000034967963825
Q76085890	6000000035169394033
Q76085890	6000000042424468755
Q76085937	6000000020762828608
Q76085982	6000000027947179570
Q7608600	6000000163756298975
Q76086005	6000000023886256474
Q76086012	6000000023886132576
Q76086013	6000000023886204047
Q76086047	6000000023872758372
Q76086071	6000000041757360363
Q76086091	6000000082981535116
Q76086095	6000000082982267980
Q76086099	6000000082982173074
Q76086129	360435273950001240
Q76086141	6000000028203247370
Q7608619	6000000000293497764
Q76086248	6000000004957667878
Q7608625	6000000010722572509
Q7608632	6000000005907887491
Q76086364	6000000015036327063
Q76086371	6000000055474067892
Q76086373	6000000073857729949
Q76086385	6000000057237617309
Q76086387	6000000032650260733
Q76086394	6000000013528990075
Q76086407	6000000073307076245
Q76086409	6000000138642290685
Q76086410	6000000073307609841
Q76086458	6000000015036264347
Q76086493	6000000010162770280
Q76086504	6000000011210979304
Q76086505	6000000008530989667
Q76086672	6000000024399996528
Q76086680	6000000027470739394
Q76086684	6000000031255999146
Q7608670	6000000020930924443
Q76086728	6000000012228339441
Q76086771	6000000051404583034
Q76086783	6000000051524872845
Q76086785	6000000053976118867
Q76086788	6000000053975854050
Q7608680	6000000013416011083
Q76086828	6000000027470525205
Q76086829	6000000027470432352
Q76086837	6000000027470679159
Q76086838	6000000027451104727
Q76086842	6000000027552725107
Q76086846	6000000027554084021
Q76086847	6000000027554608903
Q76086864	6000000027451104733
Q7608688	6000000024101458234
Q76086903	6000000027554903879
Q7608695	6000000041166419277
Q7608716	6000000205194622922
Q76087246	6000000031236752518
Q76087260	6000000013350090446
Q7608729	6000000011770668423
Q76087614	6000000024927276363
Q76087624	6000000025752307304
Q76087625	6000000024927875099
Q76087775	6000000025752525910
Q760878	6000000008714828691
Q76088050	6000000024927981127
Q7608843	6000000129513627932
Q76088484	6000000006098826466
Q7608852	6000000000768839364
Q7608859	6000000013415234146
Q7608870	6000000019480225345
Q7608872	6000000013056841292
Q7608874	6000000028666298887
Q76088864	6000000009728899623
Q76088869	6000000041725656013
Q76088870	6000000041725334530
Q76088884	6000000041756866973
Q76088926	6000000041258630871
Q76088934	6000000151735386871
Q76088959	6000000014744243724
Q76088960	6000000015996152119
Q76089001	6000000007604916735
Q7608903	2062980
Q76089035	6000000000769916360
Q7608906	6000000103028913848
Q76089060	6000000024657637525
Q76089061	6000000021198628741
Q76089063	6000000032183599757
Q7608907	6000000039057064828
Q76089149	6000000151735920822
Q76089151	6000000151735816891
Q76089220	6000000021569700580
Q76089363	6000000036696426686
Q76089447	6000000022320895594
Q76089448	6000000022321227203
Q76089465	6000000022320877771
Q76089549	6000000013552287670
Q76089589	6000000007406503811
Q76089590	6000000007406354978
Q76089925	6000000051975490194
Q76090017	6000000037403816490
Q76090028	6000000002115859500
Q76090030	6000000002115859492
Q76090069	6000000002115904165
Q76090071	6000000002115904237
Q76090082	6000000002115904172
Q76090102	6000000002115870497
Q76090108	6000000091717350701
Q76090214	6000000002115870936
Q76090217	6000000002115870945
Q76090275	6000000091717350728
Q76090285	6000000002115897945
Q76090288	6000000002115897952
Q76090293	6000000002115897589
Q76090296	6000000002115897697
Q76090298	6000000002115897985
Q76090301	6000000002115904015
Q76090315	6000000016145753586
Q76090329	6000000020148094153
Q76090335	6000000037493961157
Q76090401	6000000018874067255
Q76090441	6000000031016965898
Q76090450	6000000042122686663
Q76090507	6000000019391073981
Q76090673	6000000022946453841
Q76090676	6000000051945925017
Q76090678	6000000009526915938
Q76090680	6000000028203515999
Q76090682	6000000044180177061
Q76090686	6000000028203516005
Q76090761	6000000027121574743
Q76090812	6000000036088891161
Q76090814	6000000036070308396
Q76090821	6000000091683221911
Q76090823	6000000091677884872
Q76090846	6000000025447273611
Q76090847	6000000027645879493
Q760909	6000000003659660320
Q76090936	6000000017816261445
Q76090938	6000000017816440646
Q76090990	6000000026775973783
Q76091008	6000000026778641147
Q76091047	6000000003956678576
Q76091056	6000000007037145661
Q76091127	6000000023835792616
Q760912	6000000171050447864
Q76091201	6000000028811164721
Q76091217	6000000029933887033
Q76091289	6000000029321193081
Q76091295	6000000029309402392
Q76091325	6000000029330170991
Q76091328	6000000029330020624
Q76091372	6000000029329807385
Q7609138	6000000053042081927
Q76091423	6000000011555842680
Q7609143	6000000013461386396
Q76091476	6000000019169369926
Q760915	6000000045967419160
Q7609150	6000000039062004932
Q76091533	6000000026094738832
Q76091599	6000000079152894898
Q760916	6000000023075283750
Q76091600	6000000079153025821
Q76091619	6000000014511342002
Q76091658	6000000024093866423
Q76091660	6000000023300124980
Q76091669	6000000025986097281
Q76091673	6000000026884631191
Q7609172	6000000000165739139
Q76091723	6000000040806361019
Q76091729	6000000029324109118
Q76091802	6000000023961782134
Q76091803	6000000066536990850
Q76091808	6000000034488998553
Q76092009	6000000005876382014
Q76092012	6000000001478687649
Q76092016	6000000005875497009
Q76092017	6000000005223662283
Q76092040	6000000005887607001
Q76092041	6000000005880657642
Q76092080	6000000057298706999
Q76092105	6000000025679035992
Q76092111	6000000025345471258
Q76092120	6000000025345573097
Q76092123	6000000025345619340
Q76092137	6000000025678593462
Q76092138	6000000025345258483
Q76092140	6000000025345208455
Q76092142	6000000025345573248
Q76092143	6000000025345655395
Q76092145	6000000025345509352
Q76092155	6000000027326169919
Q76092156	6000000043951294847
Q76092161	6000000075863029838
Q76092185	6000000086902725830
Q76092190	6000000086902905942
Q76092200	6000000086902742996
Q76092219	6000000086903072865
Q7609223	6000000002336833220
Q7609225	6000000010062539084
Q7609226	6000000015755654622
Q76092315	6000000086902355972
Q76092365	6000000086902590900
Q76092366	6000000075437672854
Q76092367	6000000086902541916
Q760924	6000000116535216834
Q76092470	6000000035427882988
Q76092471	6000000029913870078
Q76092472	6000000035428016892
Q76092488	6000000048189740821
Q7609251	6000000019276677290
Q7609262	6000000009949887022
Q7609264	6000000003265236209
Q76092678	6000000023161172087
Q76092683	6000000023161040669
Q76092684	6000000075889797821
Q76092686	6000000075964487850
Q76092735	6000000008267556135
Q7609279	6000000011907155550
Q76092803	6000000019290792869
Q76092811	6000000028612624799
Q76092813	6000000028612426359
Q76092825	6000000039810084136
Q76092848	6000000072606335922
Q76092866	6000000043632431231
Q7609290	6000000001613111478
Q76092931	6000000011818714996
Q76092947	6000000056745850847
Q76092949	6000000056746052821
Q7609295	6000000012651609257
Q76092955	6000000056731767794
Q76092959	6000000005798599014
Q76092964	6000000056746285833
Q76092990	6000000002764858591
Q76093005	6000000011818018823
Q76093015	6000000132093804821
Q76093019	6000000026271708703
Q76093024	6000000073584320076
Q76093050	6000000048306113850
Q76093053	6000000042116543116
Q76093054	6000000012943789206
Q76093096	6000000024213480122
Q76093099	6000000024213613231
Q76093100	6000000024213523347
Q76093105	6000000031310055406
Q76093176	6000000081417692939
Q76093177	6000000043178559752
Q76093180	6000000002497436835
Q76093185	6000000002497436840
Q76093242	6000000017073474255
Q76093258	6000000002849761055
Q7609329	6000000021515790014
Q7609330	746652
Q76093419	6000000051524351749
Q76093420	6000000051525581980
Q76093472	6000000020037303652
Q76093494	6000000018026265530
Q76093495	6000000018026108942
Q76093497	6000000000971969708
Q76093499	6000000089386000870
Q76093500	6000000089385842039
Q76093504	6000000014842811804
Q76093547	6000000011204647654
Q76093607	6000000019513111554
Q76093638	6000000041979960495
Q76093639	6000000041980258212
Q76093641	6000000019104184261
Q76093642	6000000008436624399
Q76093655	6000000008448327367
Q76093661	6000000008448463427
Q76093662	6000000008448063110
Q76093666	6000000008448325585
Q76093667	6000000010192836035
Q76093670	6000000002535587144
Q76093676	6000000000429873377
Q76093677	6000000010687722726
Q76093678	6000000010687922729
Q76093679	6000000010698008041
Q76093681	6000000030111838950
Q76093683	6000000010698008048
Q76093687	6000000010187553415
Q7609369	6000000006286348075
Q7609373	6000000018648374526
Q76093738	6000000021489543394
Q76093741	6000000024431837461
Q76093744	6000000024468525417
Q76093791	6000000024470418266
Q76093817	6000000084329240231
Q76093822	6000000027176630120
Q76093824	6000000042269694214
Q76093827	6000000042269903904
Q76093829	6000000042269934887
Q76093832	6000000042269766093
Q76093833	6000000042269513701
Q76093835	6000000026041516029
Q76093839	6000000001714875905
Q76093881	6000000020372680337
Q7609389	6000000020329170086
Q76093927	6000000019060486143
Q76093943	6000000030028088539
Q76093955	6000000052421711881
Q7609398	6000000016010911784
Q76093988	6000000052364614877
Q76093993	6000000016922120782
Q7609402	6000000025389982985
Q76094023	6000000053184762911
Q76094036	6000000053184856943
Q76094041	6000000052951360963
Q76094046	6000000053003239243
Q76094050	6000000012973130295
Q76094069	6000000001856055253
Q76094073	6000000049966595872
Q76094082	6000000053004613877
Q76094084	6000000019057528988
Q76094086	6000000012972993626
Q76094087	6000000053004550834
Q76094089	6000000053004471856
Q76094090	6000000053004209986
Q76094093	6000000019053651629
Q76094094	6000000019053719847
Q76094141	6000000180603256829
Q76094201	6000000018425441910
Q76094246	6000000047785608868
Q76094247	6000000047786408835
Q76094309	6000000026186832274
Q7609437	6000000013492148916
Q76094434	6000000089381800117
Q76094435	6000000037471545817
Q76094440	6000000034944339074
Q76094441	6000000089385960886
Q76094504	6000000037819902015
Q76094553	6000000012992201081
Q76094563	6000000021829508246
Q76094564	6000000021829567901
Q76094566	6000000006864870163
Q76094567	6000000006864806344
Q7609457	6000000183800944833
Q76094595	6000000028207806960
Q76094603	6000000028207477770
Q7609463	6000000001153627582
Q76094644	6000000089387695931
Q7609467	6000000011696939968
Q7609477	6000000007069470022
Q76094836	6000000003038925432
Q7609484	6000000003076377786
Q76094857	6000000003052294457
Q76094858	6000000003052294389
Q76094861	6000000003052294086
Q76094863	6000000003052294614
Q76094921	6000000026186832302
Q76094928	6000000019645502073
Q7609498	6000000000266358721
Q76095094	6000000051518705979
Q7609519	6000000001495436722
Q7609519	6000000078639981522
Q7609520	6000000011263595464
Q7609528	6000000010545953219
Q7609544	2860779
Q76095442	6000000031258720190
Q76095447	6000000031258897063
Q76095450	6000000031258653675
Q76095453	6000000031258931343
Q76095455	6000000031258797559
Q76095456	6000000031258771410
Q76095458	6000000031258621778
Q76095459	6000000031259052997
Q76095461	6000000031258957259
Q76095464	6000000076325054018
Q76095465	6000000076325226930
Q76095467	6000000076325281919
Q76095468	6000000076324994027
Q76095471	6000000076325267879
Q76095495	6000000069143848089
Q76095499	6000000076324643234
Q76095524	6000000069060690999
Q76095525	6000000063687899876
Q76095669	6000000031258492605
Q76095672	6000000004237866755
Q76095682	6000000003582715205
Q76095795	6000000118368093889
Q76095841	6000000012771455827
Q76095848	6000000019102431612
Q76095854	6000000012771836792
Q76095855	6000000010629082890
Q76095856	6000000010629222791
Q76095870	6000000019102644878
Q76095878	6000000019103197094
Q76095884	6000000008754445054
Q760959	6000000042064195233
Q7609592	6000000001345313345
Q76095941	6000000072389627884
Q76095945	6000000072389476198
Q76095969	6000000026269133740
Q76095970	6000000026269319355
Q76096047	6000000057506526852
Q76096048	6000000057506669861
Q76096093	6000000045724501253
Q76096095	6000000045724899836
Q76096192	6000000021067990417
Q76096203	6000000026773596883
Q76096305	6000000011657294290
Q76096388	6000000008994220624
Q76096490	6000000045724706888
Q76096513	6000000057639643017
Q76096523	6000000045724729880
Q76096534	6000000045724756824
Q76096547	6000000057529257856
Q76096608	6000000025925841466
Q76096643	6000000071318439832
Q76096650	6000000015270289914
Q76096686	6000000016308444450
Q76096687	6000000002115887833
Q76096763	6000000013100911215
Q76096772	6000000045724324391
Q76096878	6000000032030778878
Q76096879	6000000047024487849
Q76096881	6000000031778706452
Q76096883	6000000084749327445
Q76096887	6000000070763337009
Q76096913	4821576085010061111
Q76096943	6000000081983945130
Q76097056	6000000027573620960
Q76097060	6000000027572821739
Q76097147	6000000005437543259
Q76097154	6000000027779191212
Q76097238	6000000011569727491
Q76097250	6000000004571308583
Q76097251	6000000004825115382
Q76097332	6000000008462763748
Q7609734	6000000017198776935
Q76097367	6000000001075407343
Q76097496	6000000078512451372
Q76097509	6000000027573504627
Q76097512	6000000027573813001
Q76097513	6000000027573425387
Q76097515	6000000027573498290
Q76097535	6000000008093621301
Q76097603	6000000014283990461
Q76097651	6000000016301462193
Q76097710	6000000017769500575
Q76097714	6000000075971393885
Q76097881	6000000052046706006
Q76097882	6000000052046886877
Q76097888	6000000052046379291
Q76097892	6000000052046142445
Q76097916	6000000052047041821
Q76098013	6000000033357429890
Q76098068	6000000007036983474
Q76098078	6000000007038059267
Q76098083	6000000007065293189
Q76098090	6000000011550222852
Q76098092	6000000011550224837
Q76098127	6000000059588358953
Q76098128	6000000031688263786
Q76098134	6000000024171220260
Q76098151	6000000016599398046
Q76098188	6000000028070181072
Q76098199	6000000015490491632
Q760982	6000000080652876839
Q7609827	6000000010601572852
Q7609829	6000000023203626029
Q7609831	6000000017585885192
Q76098310	6000000099567244831
Q76098331	6000000099566781821
Q76098340	6000000045724771988
Q76098533	6000000006439492016
Q76098535	6000000121197446824
Q76098536	6000000006438848473
Q76098538	6000000006438865542
Q7609863	6000000024958627628
Q76098637	6000000056082512857
Q76098640	6000000020541549965
Q76098644	6000000016303979264
Q7609874	6000000008149490347
Q76098745	6000000015586247316
Q76098755	6000000071385168041
Q76098758	6000000011401138346
Q76099036	6000000019393127827
Q760992	6000000022421544029
Q76099205	6000000024296280043
Q76099281	6000000042026929027
Q76099328	6000000015252590079
Q76099329	6000000011312938292
Q76099340	6000000011312183982
Q76099342	6000000011312929358
Q76099344	304726456020005641
Q76099350	6000000033902440666
Q76099359	6000000055530769266
Q76099598	6000000015511664720
Q76099637	6000000000666312381
Q76099639	6000000000666305561
Q76099640	6000000000666309446
Q76099675	6000000084032218125
Q76099678	6000000024517757800
Q76099680	6000000024517939269
Q76099696	6000000084032581886
Q7609977	6000000012490505931
Q76099786	6000000012267003303
Q76099787	6000000012267038597
Q76099827	6000000022930742945
Q76099855	6000000003216148680
Q76099888	6000000034816256224
Q76099891	6000000017672902406
Q76099893	6000000017672426453
Q76099944	6000000030647484119
Q76099947	6000000026376671674
Q76099964	6000000057280142093
Q76099967	6000000057280198026
Q76099969	6000000043416103168
Q76099975	6000000019048657850
Q76099976	6000000032214549658
Q76100	6000000007725386331
Q7610004	6000000010771240448
Q7610017	6000000046930498988
Q7610018	6000000010987577623
Q76100240	6000000041158051117
Q76100243	6000000025914904044
Q76100246	6000000025914749976
Q76100257	6000000017073949035
Q76100258	6000000017073423178
Q76100274	6000000002043249835
Q76100278	6000000001563359885
Q7610039	6000000026241497878
Q7610050	6000000002551682071
Q76100573	6000000006444632768
Q76100609	6000000015594071339
Q76100635	6000000015593914996
Q76100636	6000000034455305761
Q7610070	6000000024945262373
Q76100777	6000000018035220985
Q76100785	6000000010188960890
Q76100823	6000000005049198306
Q76100843	6000000013233600935
Q76100850	6000000013233265727
Q76100851	6000000021165586981
Q76100873	6000000012316444484
Q7610088	6000000019893148922
Q76100912	6000000041779594838
Q76100914	6000000028577682071
Q76100919	6000000019255601478
Q76100936	381117586410013299
Q76100940	6000000066461270836
Q76100950	6000000078604576895
Q7610103	6000000009512075738
Q7610106	6000000006444716465
Q76101087	6000000020961626658
Q76101094	6000000020825034918
Q76101108	6000000035200927716
Q7610117	6000000007066699815
Q76101190	6000000017074082286
Q76101192	6000000052155880850
Q76101193	6000000052155967821
Q761012	6000000129553438882
Q76101310	345353834550014766
Q76101317	6000000054104791888
Q76101319	345529953260012942
Q76101324	345520989920013692
Q76101325	345532138100013722
Q76101330	344951802040013616
Q76101333	345211482220011832
Q76101336	345225560910014748
Q76101395	6000000000076310264
Q76101401	6000000002831280788
Q76101440	6000000024913692851
Q76101454	6000000017209606782
Q76101539	6000000081866342721
Q76101569	6000000051510965852
Q76101571	6000000019516359516
Q76101590	6000000023023889247
Q76101592	6000000023023998434
Q76101659	6000000069584707286
Q7610177	6000000011055706681
Q76101811	6000000054764809894
Q76101813	6000000049503700847
Q76101919	6000000014202558646
Q76101951	6000000017663312717
Q76101952	6000000017663418445
Q76101956	6000000005438507532
Q76101965	6000000011692397638
Q7610198	6000000003481741106
Q76102096	6000000031995199666
Q76102105	6000000031995235362
Q76102155	6000000001129751075
Q76102211	6000000024305168510
Q76102212	6000000024305209558
Q76102213	6000000042486211272
Q76102219	6000000080879179822
Q76102228	6000000042486157293
Q76102256	6000000051517107850
Q76102268	6000000042486671118
Q76102316	6000000019091287338
Q76102332	6000000027705651041
Q76102350	6000000050582260827
Q76102352	6000000050581552868
Q76102361	6000000050582583823
Q76102362	6000000050581255901
Q76102374	6000000050580804998
Q76102379	6000000050575609889
Q76102388	6000000042038202777
Q76102391	6000000050575823833
Q7610240	6000000056341498852
Q76102401	6000000050575521959
Q76102402	6000000050575282158
Q76102410	6000000052108767950
Q76102412	6000000050575194213
Q76102415	6000000050575396132
Q76102417	6000000055497358945
Q76102419	6000000050576004882
Q7610252	6000000013720158266
Q76102537	6000000002928650676
Q76102557	6000000018181113471
Q76102576	6000000008516953156
Q76102582	6000000006727753639
Q76102609	6000000007626367940
Q76102616	6000000039053954120
Q76102669	6000000028616917784
Q76102671	6000000025915445745
Q76102673	6000000025916073567
Q76102722	6000000069552575915
Q76102799	6000000044016921479
Q76102837	6000000003128441004
Q76102842	6000000009544083692
Q76102845	6000000008734416590
Q76102848	6000000018215574570
Q76102849	6000000010800377588
Q76102850	6000000010801055854
Q76102853	6000000010801002640
Q76102855	6000000010801271485
Q76102878	6000000010800357578
Q76102880	6000000010800423684
Q76102882	6000000010800619314
Q76102883	6000000008734036440
Q76102911	6000000013751296188
Q76102912	6000000013751439091
Q76102913	6000000013751301876
Q76102917	6000000013751139525
Q76102918	6000000013751335973
Q76102928	6000000038902740583
Q76102932	6000000090678014079
Q76102967	6000000006567136773
Q76102969	6000000006567136778
Q76102970	6000000006567136834
Q76102972	6000000006567136441
Q76102988	6000000006563284980
Q76102990	6000000006567141126
Q76102992	6000000006567141131
Q76102994	6000000006563284987
Q76102996	6000000178124135924
Q76103005	6000000006567136016
Q76103009	6000000008202368786
Q76103042	6000000047662211874
Q76103043	6000000047662188910
Q76103060	6000000044424682975
Q76103062	6000000011535516073
Q76103154	6000000047661141914
Q76103156	6000000047660816921
Q76103269	6000000029924867151
Q76103270	6000000024438528583
Q76103273	6000000029925350068
Q76103277	6000000024240603019
Q76103282	6000000007161077447
Q76103283	6000000007161123356
Q76103284	6000000021511124966
Q76103354	6000000041698693182
Q76103356	6000000041698401440
Q76103365	6000000041698854043
Q76103366	6000000041695474253
Q76103368	6000000041698881944
Q76103377	6000000006597112041
Q76103378	6000000002488044125
Q76103406	6000000013565355293
Q76103412	6000000032263370376
Q76103447	6000000006563284709
Q7610345	6000000017518031820
Q76103451	6000000025584137141
Q76103455	6000000017391510096
Q76103460	6000000025583956679
Q76103574	6000000017249388229
Q76103576	6000000017249313472
Q76103588	6000000028066262659
Q76103589	6000000028066243405
Q761036	6000000021027023621
Q76103601	6000000006563284728
Q76103603	6000000006563284737
Q76103604	6000000006563284746
Q7610361	6000000059178114832
Q76103615	6000000006563284858
Q76103623	6000000006563284886
Q76103626	6000000024991062366
Q76103630	6000000006563284924
Q76103654	6000000026105001162
Q76103662	6000000026040368722
Q76103665	6000000026040420636
Q76103675	6000000047925623276
Q76103686	6000000026041078887
Q76103687	6000000026041129821
Q76103718	6000000025594589522
Q76103753	6000000025584202314
Q76103758	6000000014369729641
Q76103760	6000000014369772591
Q76103762	6000000014368695619
Q76103784	6000000004124548315
Q76103851	6000000006563284392
Q76103854	6000000006563284559
Q76103858	6000000006567145922
Q76103859	6000000006563284568
Q76103866	6000000006563284330
Q76103871	6000000006563284463
Q76103875	6000000006563284475
Q76103923	6000000025588274913
Q76103924	6000000025587001053
Q76103928	6000000085170171853
Q76103929	6000000026522193035
Q76103933	6000000000359637781
Q76103949	6000000026521982456
Q76103951	6000000026522471906
Q76103952	6000000026521866444
Q76104030	6000000026521941415
Q76104036	6000000008701259238
Q76104045	6000000008701221700
Q76104046	6000000008701044015
Q76104051	6000000008692502277
Q76104060	6000000024240465451
Q76104065	6000000048344391861
Q761041	6000000100809370067
Q76104133	6000000026920111702
Q76104162	6000000008692381692
Q76104163	6000000085179133822
Q76104178	6000000008701206376
Q76104179	6000000008701092838
Q76104186	6000000069711327945
Q76104219	6000000045767297004
Q7610422	6000000022670168504
Q76104270	6000000013291946136
Q76104298	6000000011933356510
Q76104300	6000000011931647670
Q76104304	6000000017816286494
Q76104359	6000000025835132407
Q76104372	6000000037921407440
Q761044	6000000031849917822
Q7610456	6000000003232622433
Q76104648	6000000011933852202
Q76104649	6000000011933639674
Q76104650	6000000017835756913
Q76104651	6000000011930966771
Q76104681	6000000011933419364
Q76104802	6000000018689864843
Q76104804	6000000033430555945
Q76104809	6000000033379456821
Q76104819	6000000033379424956
Q7610482	6000000178155475878
Q76104820	6000000033379095479
Q76104825	6000000016875809284
Q76104861	6000000012583235622
Q761049	6000000035865731036
Q76104913	6000000036088786151
Q76104914	6000000036089495960
Q76104986	6000000023411768794
Q7610499	6000000003506750378
Q7610500	6000000017883963117
Q76105019	6000000023414459821
Q7610502	6000000024889474722
Q76105045	6000000051471279871
Q76105046	6000000051325427173
Q76105047	6000000051451537937
Q76105052	6000000030991445775
Q76105056	6000000030991386777
Q76105065	6000000030991401817
Q76105078	6000000010208823556
Q76105123	4535654556060124619
Q76105184	6000000022931805934
Q76105188	6000000036931556994
Q76105189	6000000079689373949
Q76105193	6000000077071827901
Q76105195	6000000079689317052
Q76105196	6000000036932100923
Q76105198	6000000022931991845
Q76105205	6000000022931343442
Q76105206	6000000022931835908
Q76105209	6000000043081986166
Q76105210	6000000001180190837
Q76105211	350734966310007439
Q76105213	362731139060012811
Q76105214	6000000028184374297
Q76105218	6000000043062517478
Q76105219	6000000043081943360
Q76105221	6000000022930647478
Q76105223	6000000022931874938
Q76105225	350734181060003052
Q76105226	6000000001180203927
Q76105227	6000000012198428939
Q76105229	6000000012198595729
Q76105290	6000000066367500847
Q76105303	6000000013531429358
Q76105352	6000000041045591282
Q76105354	6000000041045115366
Q76105355	6000000007499669392
Q76105357	6000000007499589586
Q76105369	336455352210011751
Q76105472	6000000014854555876
Q76105514	6000000025616606008
Q76105542	6000000047926972443
Q76105651	6000000034206253473
Q76105722	6000000005438441848
Q76105750	6000000021233588551
Q76105816	6000000035018296171
Q76105839	6000000016865331050
Q7610590	6000000011606192536
Q76105915	6000000024292654577
Q76105950	6000000019199944610
Q76105951	6000000019885346494
Q76105954	6000000001402389354
Q76105957	6000000008863684295
Q76105960	6000000025641654884
Q761060	6000000178237644834
Q76106048	6000000017244660639
Q76106065	6000000017683736038
Q76106066	6000000017683303692
Q76106069	6000000017683563444
Q76106072	6000000017682643781
Q76106073	6000000017683565133
Q76106075	6000000017683298704
Q76106086	6000000013534526159
Q76106095	6000000013534045665
Q76106107	6000000013534489318
Q761062	6000000007008672049
Q76106296	6000000066689602821
Q76106323	6000000113743364822
Q76106330	6000000113742936937
Q76106353	6000000032440460154
Q7610641	6000000018454911038
Q76106445	6000000003967233820
Q76106478	5293818873890050574
Q76106481	6000000008399710797
Q76106484	6000000024186460035
Q76106488	6000000024185815785
Q76106508	344952327770013620
Q76106512	344953497570011737
Q76106546	6000000014967010698
Q76106547	6000000014967173040
Q76106552	6000000015426497342
Q76106553	6000000017131775648
Q76106561	6000000014967037952
Q76106565	6000000014966374904
Q76106575	6000000015426307927
Q76106576	6000000096147010873
Q76106577	6000000096147010954
Q76106580	6000000015425979927
Q76106582	6000000017131864126
Q76106594	6000000014967213530
Q76106595	6000000014967367204
Q76106601	6000000014625182650
Q76106602	6000000014967621602
Q7610665	6000000011523770931
Q76106696	6000000043048802200
Q76106698	6000000043048609502
Q76106708	6000000051511996213
Q76106728	6000000010878719187
Q76106782	6000000030909103203
Q76106785	6000000030909923014
Q76106792	6000000028184200009
Q76106819	6000000003043312104
Q76106820	6000000003043300761
Q76106824	6000000003043248899
Q76106826	6000000003043243738
Q76106828	6000000003043226319
Q76106837	6000000003043307394
Q76106913	6000000040475520848
Q76106958	6000000021676034643
Q76106959	6000000021676196953
Q76106961	6000000021675760074
Q76106994	6000000075863354956
Q76107042	6000000023459047925
Q76107047	6000000023458856429
Q76107059	6000000039061501253
Q76107064	6000000015395909431
Q76107078	6000000003891015911
Q76107094	6000000034567216264
Q76107131	6000000003217282663
Q76107133	6000000003891387576
Q76107142	6000000003891054930
Q76107161	6000000003891068533
Q76107162	6000000003891054922
Q76107270	6000000014940165024
Q761073	6000000081533344062
Q76107319	6000000014940055297
Q7610742	6000000038583725864
Q7610771	6000000024210185837
Q76107735	6000000057685834243
Q76108272	6000000057686547932
Q7610829	6000000001503976895
Q7610844	4412780150500053512
Q76108605	6000000099220116381
Q7610865	6000000028201438559
Q76108725	6000000019511678924
Q76108741	6000000007774784677
Q76108884	6000000105478407993
Q7610889	6000000002188529759
Q76108978	6000000105478393005
Q76108984	6000000105478325068
Q76108987	6000000105479284821
Q76109	6000000023711653295
Q76109049	6000000105483879007
Q76109054	6000000105478607931
Q76109056	6000000105477883132
Q76109057	6000000105475484282
Q76109062	6000000105478786892
Q76109080	6000000105478897085
Q76109116	6000000105478667860
Q76109119	6000000105484181832
Q76109132	6000000105475291414
Q76109165	6000000105481828196
Q76109189	6000000105478809875
Q7610919	6000000010883206395
Q7610935	4408311174240084842
Q7610936	6000000000954366937
Q76109609	6000000105278271043
Q76109697	6000000105474905810
Q761097	6000000017965113056
Q76109809	6000000000631806947
Q76109812	6000000000631806997
Q76110	6000000041734145573
Q7611026	6000000026910187486
Q76110265	6000000003178134993
Q76110675	6000000009612545380
Q7611070	6000000003405994622
Q76110716	6000000009328169545
Q76110751	6000000001793314614
Q76110827	6000000002115924535
Q76110829	6000000032272288446
Q76110833	6000000031238175303
Q76110837	6000000032263451439
Q76110839	6000000032272377872
Q76110847	6000000032263921920
Q76110848	6000000032263425526
Q76110857	6000000054843554030
Q76110865	6000000039310672362
Q76110906	6000000004052056352
Q7611100	6000000001077594285
Q76111001	6000000030991500415
Q76111027	6000000052050553825
Q76111036	6000000052050617895
Q76111051	6000000076766287833
Q76111053	6000000076766683821
Q76111089	6000000103853643089
Q76111111	6000000013956941462
Q76111187	6000000036492243018
Q76111193	6000000008126850394
Q76111196	6000000036491942051
Q76111198	6000000008123004988
Q76111200	6000000008123132693
Q76111202	6000000008127174506
Q76111204	6000000036491753170
Q76111208	6000000008127290180
Q76111255	6000000037582561613
Q76111306	6000000036491657272
Q76111309	6000000037583121843
Q76111377	6000000019434207794
Q76111380	6000000071048324841
Q76111385	6000000071052152918
Q76111389	4951481473940041769
Q7611139	6000000002188526501
Q76111391	6000000003891024710
Q76111450	6000000055524909822
Q76111452	6000000055524285137
Q76111477	6000000055524486829
Q76111539	6000000027558874645
Q76111541	6000000027559122021
Q76111556	6000000034507002357
Q76111558	6000000023850165605
Q76111563	6000000023850104665
Q76111628	6000000006205654017
Q76111658	6000000009781873542
Q76111867	6000000121905784938
Q76111868	6000000015415928283
Q76111870	6000000015415765339
Q7611188	6000000009886698988
Q76111945	6000000045239386484
Q76112010	6000000029588215066
Q76112012	6000000029586222670
Q76112014	6000000029588745967
Q76112032	6000000019905868224
Q76112045	6000000055478709235
Q76112058	6000000070662795927
Q76112062	6000000013341324754
Q76112067	6000000013340794257
Q76112080	6000000029591545136
Q76112084	6000000029591294129
Q76112086	6000000029591571097
Q76112134	6000000013340949364
Q76112137	6000000013341374335
Q76112155	6000000013341290443
Q76112157	353037327120013992
Q76112239	6000000003636975502
Q76112266	6000000008260817051
Q76112270	6000000008260836093
Q7611230	6000000009886905744
Q76112375	6000000057565598877
Q76112377	6000000033881382316
Q76112381	6000000033881696272
Q76112399	6000000057566766821
Q76112411	6000000057565167889
Q76112418	6000000017058818145
Q76112561	6000000018483747842
Q76112587	6000000018484638685
Q76112589	6000000049764257821
Q76112591	6000000047952343879
Q76112698	6000000047659638821
Q76112705	6000000031311146374
Q76112720	6000000013024501338
Q76112755	6000000013676971262
Q76112758	6000000042940065236
Q761128	6000000025543350634
Q76112814	6000000013024463317
Q76112817	6000000013632112724
Q76112824	6000000014316344314
Q76112937	6000000024399999957
Q76112958	6000000002831280162
Q76113013	6000000012945070550
Q76113086	6000000002499475571
Q76113102	6000000025543272045
Q76113104	6000000040570608935
Q76113117	6000000040570923926
Q76113126	6000000002116005383
Q76113155	6000000176541303106
Q76113215	6000000001608737551
Q76113228	6000000004571342554
Q76113234	6000000033367890953
Q76113347	6000000028191064661
Q76113369	6000000023375866585
Q76113373	6000000077631713839
Q76113399	6000000007233955907
Q761134	6000000006509657002
Q76113411	6000000002889888688
Q76113426	6000000004149027530
Q76113428	6000000004149027539
Q76113430	6000000002115839715
Q76113470	6000000002115883877
Q76113483	6000000015745037494
Q76113484	6000000003565048159
Q76113486	6000000003565109225
Q76113490	6000000050552063928
Q76113562	6000000057262153032
Q76113568	6000000022627721212
Q76113570	6000000022628640953
Q76113591	6000000014325803448
Q76113603	6000000042204782833
Q76113604	6000000042203632379
Q76113620	6000000022628460192
Q76113666	6000000037468469380
Q76113687	6000000024611964062
Q76113693	6000000090903709254
Q76113731	6000000037468618156
Q76113734	6000000037468873824
Q7611378	6000000019182369354
Q76114	6000000000477735374
Q761145	6000000002626094945
Q76114518	6000000027635464373
Q76114559	6000000011835630506
Q76114566	6000000011835089904
Q76114570	6000000001957228803
Q76114576	6000000009172118983
Q76114625	6000000028693247658
Q76114627	6000000028693577394
Q76114643	6000000028693767872
Q76114650	6000000034282735528
Q76114666	6000000070970837883
Q76114797	6000000025539121999
Q76114828	6000000026712254814
Q76114851	6000000028693524189
Q76114861	6000000110852731842
Q76114888	6000000110855024821
Q76114916	6000000011837034336
Q76114935	6000000003495087913
Q76114953	6000000014387053353
Q76114998	6000000014387065553
Q7611501	6000000004630738009
Q76115137	6000000016917425047
Q76115176	6000000057783851822
Q76115260	6000000013586519469
Q76115261	6000000006827773703
Q76115264	6000000073376196984
Q76115265	6000000073375522081
Q76115268	6000000019736752180
Q7611529	6000000006582439629
Q76115396	368232677310013891
Q76115436	6000000014749318490
Q76115711	6000000033548087656
Q76115755	6000000028246225725
Q76115811	6000000026324344612
Q76115815	6000000026324251816
Q76115819	6000000026324930007
Q76115822	6000000026325029877
Q76115853	6000000033397612666
Q76115865	6000000026324751252
Q76115935	6000000185628057995
Q76115969	6000000185628058004
Q76115971	6000000185628057972
Q76115976	6000000031202426849
Q76115997	6000000027491946559
Q76115998	6000000049660299186
Q76116	6000000073194668286
Q76116001	6000000049660447175
Q76116004	6000000049661649855
Q76116010	6000000049660734083
Q76116013	6000000049660486276
Q76116028	6000000049660654142
Q76116032	6000000049660869025
Q76116060	6000000085245130880
Q76116161	6000000028782049224
Q76116173	6000000019920790653
Q76116176	6000000019920914805
Q761162	6000000054989483895
Q76116212	6000000027492185124
Q76116228	6000000026383766613
Q76116230	6000000076844118918
Q76116235	6000000026384213935
Q76116242	6000000028786279081
Q76116244	6000000063669925821
Q76116247	6000000063670389824
Q76116250	6000000063781955952
Q76116255	6000000063670075875
Q76116269	6000000063589653821
Q76116322	6000000027492036180
Q76116324	6000000027491685440
Q76116326	6000000027486798306
Q76116436	6000000063597030826
Q76116458	6000000063597288834
Q76116482	6000000063597778821
Q76116618	6000000000241834449
Q76116620	6000000048617863831
Q76116623	6000000002764858866
Q7611677	6000000016300123023
Q7611681	6000000043227788955
Q76116830	6000000038169277754
Q76116833	6000000021477379548
Q76116840	6000000130457858089
Q76116841	6000000038170505165
Q76116867	6000000053437050951
Q76116880	6000000151873815821
Q76116888	6000000031861501845
Q76116909	6000000091618799585
Q76117080	6000000047953533084
Q76117170	6000000017949570923
Q76117202	6000000024461787838
Q76117240	6000000011996061727
Q76117245	6000000025087828526
Q76117261	6000000053672568859
Q76117280	6000000209484731908
Q76117292	6000000077223328309
Q76117608	6000000045275807040
Q76117610	6000000045275803143
Q76117679	6000000025927653268
Q76117681	6000000025927240348
Q76117728	6000000031054312158
Q761178	6000000023883250805
Q76117815	6000000025041929098
Q76117867	6000000007265365946
Q76117868	6000000050562675844
Q76117876	6000000025041800389
Q76118044	6000000011133835526
Q76118046	6000000011133031784
Q76118066	6000000043315116535
Q76118145	6000000025098259296
Q76118452	6000000041187496868
Q76118456	6000000041186984467
Q761185	6000000023968406069
Q76118644	6000000025821722538
Q76118693	6000000044133878921
Q76118746	6000000053251731917
Q76118816	6000000054638832878
Q76118977	6000000054773150863
Q76118979	6000000054772831047
Q76118995	6000000055274051271
Q76118996	6000000035057425059
Q76119029	6000000035056499790
Q76119032	6000000067378779111
Q76119043	6000000067660221043
Q76119083	6000000031651838141
Q7611909	6000000015352526486
Q76119148	6000000035829996288
Q76119153	6000000000609971182
Q76119197	6000000026909190222
Q76119272	6000000016460630214
Q76119305	6000000006780343426
Q76119306	6000000016466295393
Q76119312	6000000002188514136
Q76119324	6000000004097311863
Q76119325	6000000053655328065
Q76119326	6000000004097311871
Q76119394	6000000009480965287
Q76119505	6000000066417534843
Q76119597	6000000035380931492
Q76119598	6000000013341326812
Q76119601	6000000035381394270
Q76119611	6000000057795374824
Q76119614	6000000057783619960
Q76119615	6000000057794927159
Q76119666	6000000034762247409
Q76119668	6000000004671647527
Q7611968	6000000054240242829
Q76119943	6000000017893528173
Q76119991	6000000017893565453
Q76119999	6000000017573906223
Q76120010	6000000010533922202
Q76120015	6000000018430371832
Q76120018	6000000019939744068
Q76120062	6000000003217282562
Q76120073	6000000003217282532
Q76120077	6000000026094438141
Q76120081	6000000026094542052
Q76120108	6000000044547509951
Q76120114	6000000043050343457
Q76120132	6000000043099252789
Q76120138	6000000034647732898
Q76120140	6000000034646953548
Q76120261	6000000068078281003
Q76120265	6000000068078608874
Q7612034	6000000036744096169
Q76120351	6000000019419001095
Q76120425	6000000057308821848
Q76120428	6000000057308215039
Q76120433	6000000057307686926
Q76120436	6000000057307669915
Q76120498	6000000037226012896
Q76120672	6000000177375261841
Q76120673	6000000125015155907
Q76120700	6000000057307296066
Q76120702	6000000057308041875
Q76120758	6000000057308124903
Q76120782	6000000055358236050
Q76120784	6000000055357842388
Q76120796	6000000017578821425
Q76120798	6000000009925344613
Q76120799	6000000055358475900
Q76120801	6000000055358541927
Q76120823	6000000018378357533
Q76120837	6000000097506479910
Q76120838	6000000010489426184
Q76120947	6000000020076725120
Q76120956	6000000021071871272
Q76120968	6000000020179711564
Q76120970	6000000009024310931
Q76120972	6000000025866614111
Q76120974	6000000082152925070
Q76121025	6000000056262940982
Q76121044	6000000056262989301
Q76121047	6000000021844923527
Q7612126	6000000033122581210
Q76121285	6000000005622598913
Q76121437	6000000013726017238
Q76121452	6000000013453908447
Q76121457	6000000013453918322
Q76121462	6000000013453715802
Q76121807	6000000005438507762
Q76121890	6000000017115409792
Q76121997	6000000022628542137
Q76122172	6000000023025955303
Q76122194	6000000032165558232
Q76122199	6000000028302417033
Q76122281	6000000011833949867
Q76122410	6000000022757431005
Q76122452	6000000025208293054
Q76122471	6000000020895157477
Q76122554	6000000026355328743
Q76122557	6000000026356236861
Q76122619	6000000041365031295
Q76122621	6000000045271145850
Q76122631	6000000045269711922
Q7612265	6000000013068694267
Q76122688	6000000036457335093
Q76122725	6000000026357522086
Q76122785	6000000024618384972
Q76122803	6000000023392680665
Q76122871	6000000019749783127
Q76122890	6000000038690323800
Q76122893	6000000038690790047
Q76122894	6000000057065544858
Q76122965	6000000023395650981
Q76122966	6000000023395259964
Q76122996	6000000047337715638
Q76123064	6000000036057030894
Q76123065	6000000023395498007
Q76123074	6000000109369658962
Q76123258	6000000176038109849
Q76123308	6000000014577378822
Q76123315	6000000034171090725
Q76123318	6000000034171279597
Q7612333	6000000000307287563
Q76123428	6000000023828132092
Q76123441	6000000024928874866
Q76123447	6000000024928741199
Q76123558	6000000017058784563
Q76123593	6000000001413415677
Q76123603	6000000018637899059
Q76123605	6000000018637671867
Q76123654	6000000028703124405
Q76123664	6000000040090566494
Q76123668	6000000025428017100
Q76123670	6000000047952154069
Q761237	6000000031093522615
Q76123709	6000000026830483903
Q76123757	6000000096988218348
Q76123840	6000000043970407335
Q76123842	6000000043969914820
Q7612386	6000000003419541525
Q761239	6000000041372358233
Q76123905	6000000141151432937
Q76123907	6000000141151696848
Q76123988	6000000017815951390
Q76123997	6000000017816040198
Q76124010	6000000043972593136
Q76124028	6000000043972775995
Q76124029	6000000043972650159
Q76124092	6000000055861923849
Q76124095	6000000055862454880
Q76124185	6000000029080162538
Q76124246	6000000015032455433
Q76124309	6000000027007563386
Q76124356	6000000018206317874
Q76124357	6000000018207539309
Q76124367	6000000057265912904
Q76124368	6000000005437612011
Q76124369	6000000005437612022
Q76124371	6000000005437592300
Q76124374	6000000005437592309
Q76124375	6000000005437592287
Q76124396	6000000111259450071
Q76124400	6000000057267733939
Q76124540	6000000033359637709
Q76124693	6000000002115883631
Q76124698	6000000031015967914
Q76124700	6000000002115883709
Q76124702	6000000002115883718
Q76124705	6000000047677256290
Q76124713	6000000039107442786
Q76124714	6000000039108915945
Q76124715	6000000047617218210
Q76124756	6000000005436436816
Q76124758	6000000005436436789
Q76124759	6000000002115883741
Q76124762	6000000002116027352
Q76124791	6000000002116027364
Q76124794	6000000002116027370
Q76124795	6000000036368206919
Q76124798	6000000002115883754
Q76124817	6000000179749938843
Q76124830	6000000002115883857
Q76124833	6000000002116027423
Q76124834	6000000002116027429
Q76124837	6000000043926140602
Q76124845	6000000043914387322
Q76124867	6000000001153351660
Q76124871	6000000001153082971
Q7612491	6000000002188517591
Q76124925	6000000011252857460
Q76124929	6000000011252907394
Q76124932	6000000011253103247
Q76125018	6000000002115839698
Q76125019	6000000007747955389
Q76125047	6000000024914326899
Q76125078	6000000019333390371
Q76125113	6000000079019910824
Q76125125	6000000022989443372
Q76125128	6000000022989583608
Q76125129	6000000020708147927
Q76125131	6000000020706894456
Q76125146	6000000011424716082
Q76125154	6000000077652937469
Q76125232	6000000014465879284
Q76125233	6000000014465943077
Q76125325	6000000014466023058
Q76125335	6000000109097229879
Q76125506	6000000076897392069
Q76125548	6000000044382518503
Q7612557	6000000009861309361
Q76125621	6000000018008810869
Q76125631	6000000016920461532
Q76125640	6000000033410260278
Q76125645	6000000026986991180
Q76125647	6000000058709783929
Q76125843	6000000037012732958
Q76125846	6000000037011919429
Q76125887	6000000052820502171
Q76125891	6000000036996257555
Q76125915	6000000025276776376
Q76125918	6000000052821939505
Q76125923	6000000190289723826
Q76125924	6000000036996720260
Q76125935	6000000039506023821
Q76125950	6000000039505953983
Q76125961	6000000039505394621
Q76126115	6000000036943588862
Q76126123	6000000036947000290
Q76126142	6000000036947618103
Q76126169	6000000036946132813
Q76126173	6000000025239582483
Q76126262	6000000034155439925
Q76126354	6000000050879163897
Q76126358	6000000036128944060
Q76126366	6000000016371297925
Q76126367	6000000018486907092
Q76126368	6000000016371453467
Q76126379	6000000013424831642
Q76126394	6000000016371635282
Q76126412	6000000019670031385
Q76126414	6000000035019170986
Q76126435	6000000027731405902
Q76126438	6000000027731688879
Q76126520	6000000023496421065
Q76126575	6000000052001164955
Q76126611	6000000052000784199
Q76126627	6000000052000648268
Q76126640	6000000030443852232
Q76126803	6000000079784680562
Q76126805	6000000079784303499
Q76127	5418588093770067611
Q76127225	6000000008380761106
Q76127264	6000000044258767098
Q76127298	6000000013542982313
Q76127300	6000000013543537095
Q76127305	6000000019343938261
Q76127310	6000000013543356117
Q76127356	6000000018378008317
Q76127369	6000000018378005032
Q76127508	6000000018378079722
Q76127514	6000000018395492635
Q76127538	6000000007327590220
Q76127551	6000000037525582381
Q7612759	6000000003262545122
Q761276	6000000029013352818
Q76127944	6000000017830019512
Q76127950	6000000010317974416
Q76127957	6000000026270719623
Q761280	6000000049548487853
Q76128143	6000000000796893424
Q76128147	6000000000975161324
Q76128151	6000000000796893463
Q76128154	6000000009442686885
Q76128157	6000000000796893587
Q76128181	6000000026548930503
Q76128182	6000000026548679646
Q76128186	6000000030457884963
Q76128199	6000000030457993847
Q76128248	6000000037736554854
Q76128256	6000000043436805889
Q76128257	6000000043436806557
Q76128321	6000000018278316344
Q76128339	6000000003890767088
Q76128346	6000000003890671363
Q76128347	6000000067580427825
Q7612835	6000000197634335942
Q76128350	6000000067580527829
Q76128359	6000000026105798082
Q76128368	6000000007388064518
Q76128370	6000000007388170390
Q76128372	6000000007380638732
Q76128374	6000000007380638569
Q76128376	6000000007381130215
Q76128392	6000000007381278102
Q76128398	6000000007381111353
Q761285	6000000168143633926
Q76128642	6000000042702147455
Q76128686	6000000079057540181
Q76128688	6000000017949392076
Q76128689	6000000079057591096
Q76128719	6000000006160966628
Q76128767	6000000017952006827
Q76128768	6000000027755588308
Q76128771	6000000079057503223
Q76128782	6000000066468143406
Q76128810	6000000001485747551
Q76128813	6000000001485765590
Q76128847	6000000017953605150
Q76128849	6000000017953504425
Q76128850	6000000017953524548
Q76128853	6000000192396172834
Q76128854	6000000017953502427
Q76128873	6000000017952492956
Q7612888	6000000006724843022
Q76128892	6000000015941952857
Q76128941	6000000063690163878
Q76128990	6000000026520411095
Q76128992	6000000026520301013
Q76128993	6000000055549419944
Q76128996	6000000055549302024
Q76129050	6000000026520512064
Q76129053	6000000038972362257
Q76129079	6000000117363559845
Q76129095	6000000004237866768
Q76129096	6000000004993358656
Q76129098	6000000000536661738
Q76129106	6000000057184955910
Q76129142	6000000038971993768
Q76129149	6000000042922318978
Q76129153	6000000026524779054
Q76129156	6000000026524426200
Q76129157	6000000026524666177
Q76129161	6000000042922183163
Q76129167	6000000026520426976
Q76129170	6000000026520326219
Q76129172	6000000026520221333
Q76129176	6000000026520223290
Q76129178	6000000026520233298
Q76129273	6000000068074506859
Q7612931	6000000020680216264
Q76129332	6000000035465450232
Q76129340	6000000026530776097
Q76129342	6000000026532037157
Q76129345	6000000044543654655
Q76129445	6000000005437974740
Q76129446	6000000005437996218
Q76129483	6000000033838728334
Q76129517	6000000030758572968
Q76129551	6000000024557743348
Q76129557	6000000011304906251
Q76129567	6000000011304128818
Q76129571	6000000095259536935
Q76129612	6000000001608754464
Q76129702	6000000001608852686
Q76129706	6000000026377551661
Q76129732	6000000055842299885
Q76129733	6000000010359956060
Q76129735	6000000018471745612
Q76129743	6000000030447597033
Q76129812	6000000017499668746
Q76129815	6000000017502612165
Q76129859	6000000080101112933
Q76129862	6000000015752777563
Q76130022	6000000028106038528
Q76130031	6000000057101968005
Q76130080	6000000059527844828
Q76130081	6000000059526979225
Q76130083	6000000029080756870
Q76130085	6000000029080666182
Q76130108	6000000121244725848
Q76130178	6000000070634114899
Q76130182	6000000070633542255
Q76130188	6000000070633792223
Q76130189	6000000017022288271
Q76130191	6000000036758810082
Q76130207	6000000054437530957
Q76130208	6000000040660510152
Q76130210	6000000054436436986
Q76130211	6000000054438333834
Q76130213	6000000054437278076
Q76130216	6000000056119529863
Q76130222	6000000056119606858
Q76130298	6000000039813736055
Q76130302	6000000018274690589
Q76130304	6000000018274966731
Q76130310	6000000068241961028
Q76130324	6000000018274589116
Q76130329	6000000020074144878
Q76130331	6000000020074675015
Q7613036	6000000026436710965
Q76130366	6000000018273817817
Q76130369	6000000018273824914
Q76130371	6000000018274805381
Q76130470	6000000012930325783
Q76130570	6000000018274235957
Q76130577	6000000018274747016
Q76130583	6000000002831290877
Q76130601	6000000065741777873
Q76130603	6000000065741314074
Q76130659	6000000030909151240
Q76130659	6000000079144491953
Q761307	6000000025998235322
Q76130753	6000000011101186355
Q76130755	6000000011100990194
Q76130786	6000000031672244479
Q76130848	6000000023512795447
Q76130850	6000000031672624992
Q76130875	6000000031672512103
Q76130946	6000000025570516527
Q76130948	6000000028246663291
Q76130950	6000000016333199900
Q76130962	6000000177475486865
Q761310	6000000072630710843
Q76131008	6000000006580730066
Q76131018	6000000020945908131
Q76131045	6000000020945877983
Q76131046	6000000020945700732
Q76131077	6000000010318035428
Q76131080	6000000010318055537
Q76131083	6000000017686952535
Q76131084	6000000017687015397
Q76131093	6000000012730135880
Q76131109	6000000077245595792
Q76131193	6000000069556022202
Q76131210	6000000024225965384
Q76131218	6000000024226137187
Q76131247	6000000069551210873
Q76131285	6000000069551021921
Q76131297	6000000069550846112
Q76131317	6000000069561432917
Q76131582	6000000024788334438
Q761316	6000000145277737864
Q76131613	6000000076619476872
Q76131615	6000000076619836867
Q76131616	6000000076571753948
Q76131617	6000000076572089829
Q76131619	6000000076610962931
Q76131620	6000000076610364335
Q76131622	6000000076717881016
Q76131638	6000000076610662939
Q76131642	6000000076611109883
Q76131648	6000000013332620916
Q76131680	6000000019772169933
Q76131702	6000000023512771494
Q76131711	6000000011701238493
Q76131715	6000000027497737928
Q76131780	6000000027488537018
Q76131781	6000000027488402252
Q76131787	6000000027488599924
Q76131789	6000000027488225635
Q76131792	6000000027492494175
Q76131811	6000000041960670930
Q76131812	6000000041962984927
Q76131814	6000000041963190876
Q76131815	6000000054552716205
Q76131816	6000000041962504347
Q76131826	6000000041963504828
Q76131828	6000000203889310852
Q76131829	6000000041965651747
Q76131833	6000000030063744863
Q76131838	6000000011701617409
Q76131840	6000000036373806396
Q76131880	6000000041960217919
Q76131889	6000000041958237655
Q76131909	6000000041959746807
Q76131942	6000000051704489916
Q76131969	6000000008745307163
Q76131972	6000000003128880902
Q76131974	6000000014010556867
Q76131976	6000000001753075001
Q76131997	6000000001165857700
Q76131998	6000000001230713195
Q761320	5542339291860116484
Q76132008	6000000003203168931
Q76132152	6000000109497620942
Q76132153	6000000023047732866
Q76132161	6000000027497799095
Q76132162	6000000027497860398
Q76132165	6000000027497599316
Q76132166	6000000027498478050
Q76132168	6000000027500076280
Q76132171	6000000027505695014
Q76132177	6000000027505662175
Q761322	6000000132404637934
Q76132289	6000000030948584195
Q76132307	6000000019529965060
Q76132309	6000000019529852398
Q76132387	6000000042418400758
Q76132394	6000000042418922157
Q76132396	6000000008492572126
Q76132410	6000000008492454010
Q76132476	6000000003225975494
Q76132516	6000000004993145284
Q76132523	6000000005686753008
Q76132525	6000000004993028147
Q76132535	6000000013007873939
Q76132537	6000000011550108092
Q76132538	6000000013007958151
Q76132547	6000000013007967152
Q76132550	6000000013008029524
Q76132573	6000000013007990680
Q76132600	6000000032001429918
Q76132635	6000000015544081507
Q76132636	6000000025930704430
Q76132638	6000000029361046831
Q76132639	6000000029361027865
Q76132648	6000000029322300498
Q76132651	6000000029311505285
Q76132657	6000000029363519890
Q76132675	6000000004993037187
Q76132678	6000000004993816064
Q76132685	6000000031300197384
Q76132703	6000000031302151849
Q76132837	6000000067386961824
Q7613285	6000000006454416245
Q76132871	6000000030827710261
Q76132886	6000000030847918849
Q76132887	6000000030846906379
Q76132899	6000000035557455078
Q76132942	6000000026041632040
Q76132944	6000000044133777234
Q76132957	6000000044133569675
Q76132963	6000000044132194733
Q76132974	6000000067834152862
Q76132975	6000000067833715106
Q761330	6000000041829153943
Q76133009	6000000084497362351
Q76133044	6000000034936747942
Q7613320	5017975081550035283
Q76133290	6000000056976427067
Q761333	6000000024892720255
Q76133483	6000000029363175458
Q76133488	6000000007064693323
Q76133489	6000000007064693340
Q76133492	6000000007066089539
Q76133497	6000000021093062773
Q76133498	6000000072089589887
Q7613353	6000000003323044287
Q76133605	6000000027573173127
Q76133606	6000000027573094198
Q76133760	6000000007064819925
Q76133788	6000000013342910139
Q76133790	6000000013342841126
Q76133800	6000000073368471960
Q76133854	6000000047787202830
Q76133875	6000000026324604733
Q76133886	6000000007037302346
Q76133890	6000000007063824132
Q76133905	6000000026324721447
Q76133911	6000000003111189845
Q761340	6000000002893918744
Q761340	6000000197685892909
Q76134010	6000000007037721492
Q76134012	6000000007051381270
Q76134038	6000000007037302358
Q76134150	6000000044134011058
Q76134163	6000000042588643271
Q76134173	6000000042588394861
Q76134175	6000000042588072220
Q76134179	6000000055473226871
Q76134181	6000000042651085217
Q76134218	6000000029360920598
Q76134225	6000000044134062227
Q76134259	6000000044134332000
Q76134261	6000000044134237859
Q76134262	6000000044133916389
Q76134272	6000000017757030037
Q76134281	6000000073860144036
Q76134472	6000000019106777718
Q76134484	6000000031572969118
Q76134488	6000000031572940140
Q7613451	6000000019013862733
Q76134518	6000000031572780465
Q76134525	6000000031573078982
Q76134542	6000000031572745511
Q76134560	6000000031567773028
Q76134724	6000000028494892035
Q76134802	6000000075430361018
Q76134869	6000000030751587214
Q76134900	6000000010370809307
Q76134901	6000000010370460039
Q76134902	6000000010370742414
Q76134914	6000000054205510831
Q76134969	6000000054205471826
Q76135006	6000000014262355802
Q76135009	6000000025669218380
Q76135079	6000000052825148142
Q761351	6000000033036611863
Q76135116	6000000025929260584
Q76135200	6000000000644043888
Q76135256	6000000056206446934
Q76135260	6000000047786842942
Q76135276	6000000000589030183
Q76135341	6000000010571315311
Q76135354	6000000026879762266
Q76135364	6000000026882233167
Q76135367	6000000026882550056
Q76135399	6000000045752218708
Q76135415	6000000020147906037
Q76135420	6000000020147965001
Q76135422	6000000020147823120
Q76135424	6000000020147741224
Q76135425	6000000046861513956
Q76135532	6000000076826570162
Q76135568	6000000066602748821
Q761356	6000000004095854301
Q76135673	6000000065543490824
Q76135675	6000000004163104505
Q76135688	6000000004163113411
Q76135691	6000000004172798659
Q76135704	6000000004163180658
Q76135706	6000000004867702760
Q76135707	6000000004163120316
Q7613580	6000000002188510157
Q76135870	6000000018427824569
Q76135871	6000000025139446828
Q761359	6000000100089155838
Q76135922	6000000034111888620
Q76135925	6000000057519117183
Q76135926	6000000057519460868
Q76135928	6000000172098514840
Q76136065	6000000053796657492
Q76136066	6000000053797628830
Q76136076	6000000053797658835
Q76136109	6000000012667925298
Q76136112	6000000001291997707
Q76136114	6000000012672893980
Q76136118	6000000012608573588
Q7613615	6000000005740290421
Q76136174	6000000077332255826
Q76136197	6000000017508519224
Q76136198	6000000001642450024
Q76136207	6000000017662525023
Q76136236	6000000066936519839
Q76136271	6000000014818447979
Q76136272	6000000038685044862
Q76136276	6000000044543654649
Q76136277	6000000017884985021
Q76136278	6000000017884926263
Q76136288	6000000050868907874
Q76136292	6000000010403993906
Q76136357	6000000023051963855
Q76136382	6000000047009822240
Q76136401	6000000047010449836
Q76136402	6000000047010114112
Q76136422	6000000047009766345
Q76136433	6000000009526934913
Q76136483	6000000013651067747
Q76136566	6000000066602305958
Q76136576	6000000003036775906
Q7613660	6000000010897137350
Q76136673	6000000066602595867
Q76136675	6000000036608615250
Q76136736	6000000070310211925
Q76136742	6000000036596572063
Q761368	6000000007391034283
Q76136804	6000000036595938361
Q76136888	6000000025881402225
Q76136952	6000000044134064307
Q76136956	6000000094470954896
Q76136970	6000000004846380114
Q76137088	6000000002766790279
Q76137089	6000000002766775846
Q76137091	6000000003299351651
Q76137092	328487430020005559
Q76137123	6000000007589813294
Q76137125	6000000029303761885
Q76137139	6000000031096311161
Q76137153	6000000031043720939
Q76137167	6000000024100551944
Q76137168	6000000024100459064
Q76137169	6000000024104501627
Q76137172	6000000024100563917
Q76137174	6000000037815745723
Q76137175	6000000037816306842
Q76137176	6000000080569139047
Q76137177	6000000024105718853
Q76137180	6000000024105554090
Q76137192	6000000024105253041
Q76137198	6000000066469526099
Q76137221	6000000119967649857
Q76137369	6000000006296803009
Q76137542	6000000018895189720
Q76137566	6000000077596604295
Q76137613	6000000020466475682
Q76137636	6000000001462852749
Q76137638	6000000020883064320
Q76137658	6000000017972391409
Q76137660	6000000020682870562
Q76137664	6000000021073175959
Q76137670	6000000021957358959
Q76137697	6000000018885468226
Q76137698	6000000023464825523
Q76137711	6000000023466481146
Q76137925	6000000022171361700
Q76137958	6000000021073175984
Q76137972	6000000030977622482
Q76137974	6000000030978623089
Q76137975	6000000093988176847
Q76137990	6000000012847045770
Q76138015	6000000070857349972
Q76138094	5295458100770060712
Q76138095	6000000024920288664
Q76138102	6000000018109897756
Q76138105	6000000024920928080
Q76138111	6000000018109854097
Q76138112	6000000025759076717
Q76138113	6000000018110067283
Q76138116	6000000024920810595
Q76138125	6000000030364704912
Q7613819	6000000028485305287
Q76138196	6000000030364714884
Q7613834	6000000002188536691
Q76138544	6000000017133386560
Q76138545	6000000017134498310
Q76138563	6000000076828891944
Q76138564	6000000076828653092
Q76138598	6000000043904097105
Q761386	6000000015279818067
Q7613861	6000000002188536702
Q76138614	6000000096980614828
Q76138792	6000000052115618833
Q76138832	6000000052115671837
Q761389	6000000080606262950
Q76139	6000000030663661218
Q76139042	6000000031626110905
Q76139047	6000000031626024017
Q76139117	6000000031626185863
Q76139125	6000000025931048960
Q76139132	6000000031626506011
Q76139171	6000000013689519941
Q76139209	6000000011500337310
Q76139210	6000000055449926018
Q76139216	6000000056120790669
Q76139229	6000000002889099125
Q76139360	6000000071652634858
Q76139403	6000000052694933040
Q76139421	6000000017182560108
Q76139422	6000000017182597104
Q76139450	6000000004671628188
Q76139456	6000000004672206102
Q76139679	6000000022360468724
Q76139686	6000000004671628079
Q76139705	6000000001781660784
Q76139708	6000000002115890126
Q76139710	6000000002115940308
Q76139718	6000000001781660608
Q76139725	6000000002115940383
Q76139736	6000000024169585608
Q76139740	6000000024169358501
Q76139744	6000000024169729029
Q76139750	6000000024169759098
Q76139751	6000000074733888228
Q761398	6000000100177855870
Q76139809	6000000064152950834
Q76139812	6000000002115887978
Q76139830	6000000002115887998
Q76139844	6000000002115890069
Q76139846	6000000073858720864
Q76139850	6000000073859292126
Q76140	6000000143860472973
Q76140012	6000000042059926824
Q76140019	6000000042059965909
Q7614002	6000000029363936639
Q76140243	6000000034901821392
Q76140250	6000000041092923304
Q76140425	6000000018622419305
Q76140426	6000000083162192656
Q76140430	6000000023886974524
Q76140432	6000000024746197711
Q76140433	6000000023887022503
Q76140434	6000000023887444122
Q76140436	6000000023887161808
Q76140437	6000000023888038981
Q76140440	6000000023887300332
Q76140441	6000000024745862351
Q76140444	6000000024746018326
Q76140485	6000000046484283844
Q76140557	6000000083166351086
Q76140567	6000000018622106294
Q76140582	6000000121906007821
Q76140585	6000000018622835291
Q76140614	6000000023084939020
Q76140622	6000000018623042279
Q76140783	6000000003942830820
Q76140791	6000000003943028292
Q76140794	6000000003942585615
Q76140810	6000000177714146881
Q76140821	6000000021603891825
Q76140834	6000000019904168558
Q76140838	6000000019903891626
Q76140854	6000000116367967985
Q76140855	6000000116299586976
Q76140857	6000000116298450084
Q7614086	6000000006973045402
Q76140867	6000000085246017821
Q76140908	6000000019905389345
Q76140909	6000000019904732761
Q76140913	6000000024837105749
Q76140920	6000000019903991934
Q76140921	6000000024521494530
Q76140922	6000000024519883198
Q76140930	6000000024523559854
Q76140945	6000000019904619812
Q76140974	6000000019904711311
Q76140977	6000000019904121792
Q76140996	6000000024520402416
Q76140999	6000000019904986360
Q76141014	6000000024522366210
Q76141015	6000000019904955284
Q76141017	6000000019904541703
Q76141019	6000000019905156218
Q76141038	6000000051979660833
Q76141041	6000000019905033160
Q76141111	6000000019905100253
Q76141186	6000000019692979661
Q7614125	6000000011818765045
Q76141278	6000000022705898435
Q76141436	6000000018851319758
Q76141457	6000000018852197670
Q76141469	6000000018850104618
Q76141519	6000000018472001257
Q76141530	6000000018471774632
Q76141531	6000000018471446816
Q76141533	6000000018471277529
Q76141534	6000000018471680271
Q76141537	6000000018472112131
Q76141539	6000000018471896266
Q76141574	6000000018472119111
Q76141578	6000000018472002054
Q76141608	6000000017487980467
Q76141616	6000000018471765815
Q76141618	6000000018471704759
Q76141646	6000000017132995049
Q76141653	6000000031541549938
Q76141657	6000000017132912582
Q76141680	6000000067863367932
Q76142023	6000000021784950121
Q76142137	6000000020908480413
Q76142140	6000000020908383290
Q76142145	6000000020908394609
Q76142146	6000000020908352305
Q76142147	6000000020908376660
Q76142151	6000000059652998842
Q76142187	6000000014244453237
Q76142188	6000000014244358372
Q76142197	6000000027559023161
Q76142199	6000000023390393860
Q761422	6000000145019883092
Q76142208	6000000023926971171
Q76142209	6000000023978811405
Q76142221	6000000030930837998
Q76142222	6000000026076734253
Q76142225	6000000052161210941
Q76142226	6000000030930775063
Q76142243	6000000017071199072
Q76142262	6000000004089618629
Q76142265	6000000004089653216
Q76142270	6000000002176519589
Q76142283	6000000008286408747
Q76142285	6000000006604342167
Q76142286	6000000008286398342
Q76142287	6000000008231115045
Q76142289	6000000010627253526
Q76142295	6000000004356795642
Q76142304	6000000079461486301
Q76142311	6000000025085672172
Q76142312	6000000018542374075
Q76142313	6000000077336737861
Q76142317	6000000077336110186
Q76142321	6000000016289544534
Q76142323	6000000006604343182
Q76142324	6000000019992426192
Q76142327	6000000006604272178
Q76142331	6000000055398391837
Q76142333	6000000055398240990
Q76142348	6000000061372804950
Q76142359	6000000061372910926
Q76142365	6000000061372810891
Q76142367	6000000061373006204
Q76142373	6000000061373936001
Q76142420	6000000177706867821
Q76142421	6000000007583596165
Q76142422	6000000042281319861
Q76142425	6000000042281276213
Q76142543	6000000061393511911
Q76142549	6000000022930821916
Q76142559	6000000061303397821
Q76142567	6000000071437434726
Q76142603	6000000008222244259
Q76142616	6000000015526947142
Q76142617	6000000019036352323
Q76142622	6000000019034341022
Q76142625	6000000019034084680
Q76142626	6000000019036221708
Q76142630	6000000006827907773
Q76142799	6000000041277678319
Q76142983	6000000015947147013
Q76143008	6000000013373543762
Q76143011	6000000079642831863
Q76143070	6000000015947615013
Q76143080	6000000010317941332
Q76143083	6000000015947557271
Q76143090	6000000075808152283
Q76143092	6000000075809016106
Q76143131	6000000010318040224
Q76143139	6000000002361968272
Q76143145	6000000010323716896
Q76143146	6000000010317739170
Q76143147	6000000019670497331
Q76143153	6000000015960787480
Q76143158	6000000015945922991
Q76143161	6000000015946223868
Q76143174	6000000071438254016
Q76143185	6000000015960910845
Q76143208	6000000015960767995
Q76143211	6000000015960788408
Q76143274	6000000015960919020
Q76143277	6000000015960904062
Q76143282	6000000008622315255
Q76143284	6000000015947762330
Q76143288	6000000008621369676
Q76143294	6000000015960591129
Q76143307	6000000015960404944
Q76143316	6000000011541077826
Q76143408	6000000017729614258
Q76143416	6000000012813637488
Q76143423	6000000013322223027
Q76143440	6000000012813449123
Q76143444	6000000012813597624
Q76143447	6000000012814049326
Q76143449	6000000018114652391
Q76143451	6000000120621103832
Q76143453	6000000120621103822
Q76143502	6000000024228798938
Q76143551	6000000026259184008
Q76143588	6000000014325803825
Q76143599	6000000014255514190
Q76143635	6000000077588000371
Q76143638	6000000050517854873
Q76143659	6000000050575361906
Q76143684	6000000013491581352
Q76143693	6000000016306874286
Q76143755	6000000013491326371
Q76143757	6000000050575411829
Q76143770	6000000018002750910
Q76143773	6000000018003258122
Q76143780	6000000016920931379
Q76143781	6000000039133842534
Q76143797	6000000013447785074
Q76143799	6000000013447805070
Q76143814	6000000013446206156
Q76143816	6000000013447889345
Q76143818	6000000013448016262
Q76143819	6000000013448066232
Q76143831	6000000013447494980
Q7614395	6000000002188517980
Q76143959	6000000063121923907
Q76143961	6000000063121050141
Q76143963	6000000063122002914
Q76143968	6000000063121836073
Q76144102	6000000013447782944
Q76144474	6000000071438331018
Q76144586	6000000018485660838
Q76144662	6000000069477115957
Q76144666	6000000075293236928
Q7614474	6000000009323794387
Q76144809	6000000026409921633
Q76144868	6000000016198606596
Q7614493	6000000013075468421
Q76144957	6000000053748421838
Q76144959	6000000053748476827
Q76144963	6000000053748261915
Q76145	6000000007735036661
Q76145003	6000000027692999364
Q7614508	6000000002116276380
Q76145144	6000000002188078891
Q76145154	6000000002188078775
Q76145158	6000000002188043738
Q76145180	6000000002188078935
Q76145289	6000000005962073501
Q761453	6000000023681961762
Q76145307	6000000020450310076
Q76145364	6000000048747799914
Q76145379	6000000045198401024
Q76145405	6000000010977307148
Q76145419	6000000026551995229
Q76145499	6000000066436503825
Q7614552	6000000011544307185
Q76145535	6000000013010359077
Q76145539	6000000013073546695
Q76145542	6000000013073817285
Q76145544	6000000013073751526
Q76145548	6000000013073675488
Q76145554	6000000054898313030
Q76145585	6000000013073717909
Q76145686	6000000010800989702
Q76145841	6000000025903581475
Q76145851	6000000025903264502
Q76145852	6000000025912385334
Q76145854	6000000025912691250
Q76145860	6000000025912370317
Q76145890	6000000025903421241
Q76145893	6000000025902973461
Q7614597	6000000096165255890
Q76146028	6000000121968382876
Q76146063	6000000017538872843
Q76146064	6000000017538536661
Q76146070	6000000017538627816
Q76146075	6000000017538627821
Q76146079	6000000017539049758
Q76146165	6000000076727020875
Q76146168	6000000076726775922
Q76146414	6000000025914811166
Q76146436	6000000025914829430
Q76146450	6000000025914668557
Q76146453	6000000025914666630
Q76146558	6000000112934201837
Q76146590	6000000112932842048
Q76146607	6000000028273413451
Q76146634	6000000029330436269
Q76146660	6000000054379413156
Q76146675	6000000016882039378
Q76146682	6000000194041070823
Q76146686	6000000014534368714
Q76146687	6000000028264423957
Q76146688	6000000007417900945
Q76146696	6000000028272240973
Q76146700	6000000036967831824
Q76146702	6000000036967456361
Q76146760	6000000023527185307
Q76146843	6000000002831284940
Q76146846	6000000054057593058
Q76146848	6000000061535339852
Q76146860	6000000105979903856
Q76146888	6000000014659244009
Q76146893	6000000014659194073
Q76146941	6000000014657363609
Q76146965	6000000069563406967
Q76147033	6000000026077702936
Q76147063	6000000037754409220
Q76147065	6000000037754264335
Q76147147	6000000024374103273
Q76147265	6000000019786979377
Q76147270	6000000019293842057
Q76147289	6000000066543700831
Q76147290	6000000019293890215
Q76147371	6000000002115859313
Q76147374	6000000002115904848
Q7614740	6000000000420832451
Q761475	6000000007445345455
Q76147513	6000000016578980650
Q76147514	6000000016579089209
Q76147532	6000000054080210927
Q76147576	6000000054080210933
Q76147580	6000000054079949039
Q76147612	6000000090338487343
Q76147613	6000000090336995348
Q76147639	6000000034133510108
Q76147670	6000000018820793184
Q76147728	6000000100324819911
Q76147731	6000000100325183845
Q76147733	6000000100325160859
Q76147866	6000000100078302999
Q76147870	6000000100078888878
Q76147882	6000000036455532594
Q76147884	6000000036456673046
Q76147919	6000000090335150942
Q76147920	6000000090335150936
Q76147921	6000000029547217105
Q76147942	6000000076250794882
Q76148046	6000000018035430252
Q76148063	6000000025415001825
Q76148176	6000000000691550265
Q76148218	6000000028069813064
Q76148220	6000000019947239147
Q76148247	6000000000284305812
Q76148287	6000000030908998380
Q76148287	6000000079144552856
Q76148304	6000000072886216918
Q76148325	6000000007747108314
Q76148326	6000000045723303374
Q76148330	6000000045724169915
Q76148333	6000000073373610111
Q76148336	6000000073375994979
Q76148368	6000000030672439836
Q76148402	6000000002831295027
Q76148407	6000000018843107060
Q76148409	6000000018854535697
Q76148410	6000000018854723388
Q76148416	6000000028333757373
Q76148510	6000000013392458754
Q76148511	6000000023680410567
Q76148539	5552204083400081439
Q76148584	6000000176184569906
Q76148595	6000000009527320255
Q76148648	6000000050575114102
Q76148743	6000000026036747576
Q76148745	6000000026042018849
Q76148747	6000000026036706762
Q76148748	6000000026036971137
Q76148749	6000000026037098959
Q76148770	6000000033894927316
Q76148772	6000000033894766655
Q76148775	6000000033895082217
Q76148777	6000000033895260038
Q76148785	6000000136513183835
Q76148792	6000000136513183859
Q76148799	6000000136513183867
Q76148809	6000000180767292838
Q76148835	6000000033895464905
Q76148839	6000000033894653736
Q76148843	6000000033894653727
Q76148845	6000000033895410231
Q76148851	6000000033895197532
Q76148852	6000000033894753369
Q76148854	6000000033894980006
Q76148855	6000000033894620275
Q76148875	6000000033895255172
Q76148877	6000000033894989506
Q76148887	6000000033894967458
Q76148890	6000000033894830576
Q76149054	6000000041467039601
Q76149055	6000000041467039616
Q76149058	6000000041557750929
Q76149059	6000000041467039611
Q76149087	6000000033910078768
Q76149090	6000000041467390865
Q76149094	6000000037947321876
Q761491	6000000002278454795
Q76149210	6000000041458906331
Q76149212	6000000041459183030
Q76149216	6000000041459183025
Q76149221	6000000041459183000
Q76149239	6000000041459310382
Q76149252	6000000041459390154
Q76149302	6000000041459183010
Q76149304	6000000041459183045
Q76149306	6000000041459183035
Q76149309	6000000041459183005
Q76149310	4120079662390122163
Q76149381	6000000040278088391
Q7614939	6000000181371074821
Q7614951	6000000011599999366
Q76149641	6000000084364682440
Q76149733	6000000084366069922
Q76149735	6000000084365618079
Q76149740	6000000084364091475
Q76149741	6000000084366085949
Q76149776	6000000089804012826
Q76149778	6000000089804028890
Q76149780	6000000089804323823
Q76149804	6000000010474827017
Q76149804	6000000028088743620
Q76149810	6000000028088743630
Q76149823	6000000028088918152
Q76149845	6000000010474555478
Q76149845	6000000028088900954
Q76149849	6000000028088390753
Q761499	6000000129471637956
Q7614992	6000000010062562879
Q76150017	6000000029360482622
Q76150020	6000000029360941901
Q76150082	6000000018509364424
Q76150148	6000000002115839708
Q7615020	6000000078206015123
Q76150201	6000000045238491821
Q76150202	6000000045238417826
Q76150204	6000000045238211130
Q76150210	6000000045206605869
Q76150368	6000000009278983577
Q76150376	6000000005438500481
Q76150377	6000000027821708978
Q76150483	6000000015745950659
Q761506	6000000167620435843
Q76150654	6000000014325045732
Q7615081	6000000018893859080
Q76150829	6000000014325880381
Q76150871	6000000014325038720
Q76150918	6000000042204659899
Q76150946	6000000016578458867
Q76150955	6000000122576138900
Q76150986	6000000043180779004
Q76151012	6000000001640472075
Q76151017	6000000001683773456
Q76151405	6000000023107638154
Q76151434	6000000178840556828
Q76151454	6000000038207938834
Q76151558	6000000010444423759
Q76151580	6000000056733636913
Q76151585	6000000010961312286
Q76151593	6000000010978032145
Q76151595	6000000010978635929
Q76151597	6000000010980740657
Q7615162	6000000003419662693
Q76151700	6000000030107632241
Q76151738	6000000001590781976
Q76151807	6000000025049628239
Q76151933	6000000031238335842
Q76152030	6000000010676464284
Q76152040	6000000017884762096
Q7615206	6000000000406401431
Q76152116	6000000025453191138
Q76152178	6000000000677198432
Q76152186	6000000000070861192
Q76152191	6000000040561740067
Q76152193	6000000019324982027
Q76152364	6000000042117773254
Q76152365	6000000045684695964
Q76152369	6000000042219476483
Q76152379	6000000012943696519
Q76152380	6000000043945009127
Q76152382	6000000045880311317
Q76152401	6000000012943719572
Q76152417	6000000042116380648
Q76152419	6000000049567054931
Q76152420	6000000015795139722
Q76152423	6000000049567215921
Q76152431	6000000012943679534
Q76152433	6000000042117409359
Q76152435	6000000057389881836
Q76152442	6000000045883428967
Q76152443	6000000045883576828
Q76152463	6000000045884448858
Q76152484	6000000045883729099
Q76152524	6000000020282521886
Q76152535	6000000020282468883
Q76152537	6000000020281996692
Q76152658	6000000009677910860
Q76152704	6000000036456879997
Q76152872	2913567
Q76152877	6000000008831976819
Q76152887	6000000088710467909
Q76152918	6000000027671111481
Q76152954	6000000025929111810
Q76152956	6000000025929422122
Q76152964	6000000025929457934
Q76152978	6000000023500305908
Q76152980	6000000023499858501
Q76152992	6000000023526220966
Q76153088	6000000045238517324
Q76153114	6000000043032684706
Q76153122	6000000002115929355
Q76153134	6000000000070558878
Q76153181	3944842
Q76153301	6000000003891035102
Q76153303	6000000003891035096
Q76153353	6000000013415201270
Q76153416	6000000006444428520
Q76153440	6000000042464442549
Q7615347	6000000000451519334
Q76153485	6000000013074007120
Q76153658	6000000015763187005
Q76153659	6000000015762531848
Q76153665	6000000030969961272
Q76153691	6000000030970120035
Q76153700	6000000006971836166
Q76153876	6000000029383312796
Q76153890	6000000014898649239
Q76153898	6000000086735937878
Q76154000	6000000027030522665
Q76154006	6000000066365586055
Q7615411	6000000010897386709
Q76154170	6000000027780526874
Q76154173	6000000027780327095
Q76154238	6000000034840662703
Q7615428	6000000010898053423
Q76154281	6000000003649629070
Q76154284	6000000008754065184
Q76154286	6000000003649723154
Q76154289	6000000003649673105
Q76154290	6000000183442273844
Q76154292	6000000035266337924
Q76154295	6000000000120242772
Q76154297	6000000007399600384
Q76154300	6000000000081307802
Q76154301	6000000008703669457
Q76154304	6000000000129068190
Q76154306	6000000007399570301
Q76154308	6000000010173591792
Q76154310	6000000006835775682
Q76154313	6000000006589422726
Q76154336	6000000004993193569
Q76154360	6000000033267508921
Q76154405	6000000031998235905
Q76154407	6000000031998206938
Q76154408	6000000031997724629
Q76154420	6000000031998680881
Q76154423	6000000031998326187
Q76154425	6000000031998727832
Q76154428	6000000031998448108
Q76154443	6000000016325307552
Q76154468	6000000020038103151
Q76154506	6000000011935543763
Q76154514	6000000071751469593
Q76154592	6000000003827551456
Q76154609	6000000031554205241
Q76154651	6000000094784376849
Q76154712	6000000054490516032
Q76154714	6000000054529599516
Q76154722	6000000054529830447
Q76154723	6000000074814854914
Q76154733	6000000054531318978
Q76154758	6000000011931774146
Q76154771	6000000011916036528
Q76154830	6000000001410972304
Q76154867	6000000053177350248
Q76154903	6000000042047832279
Q76154903	6000000181179098824
Q76154918	6000000006444123928
Q7615498	6000000001046321348
Q76155171	6000000003782731429
Q76155200	6000000012870768453
Q76155202	6000000025688084559
Q76155219	6000000026420824381
Q76155277	6000000025852143416
Q76155281	6000000027050422103
Q76155285	6000000027056595328
Q76155289	6000000027049783398
Q76155290	6000000027051529206
Q76155297	6000000027050392485
Q7615531	6000000010048200902
Q76155319	6000000025852358970
Q76155333	6000000002624923696
Q76155364	6000000007462808682
Q76155389	6000000026978726365
Q76155412	6000000025855442173
Q76155677	6000000079328473674
Q76155858	6000000036618342260
Q76155963	6000000027702481863
Q76156	6000000001550704368
Q76156010	6000000006444679950
Q76156061	368024501840011143
Q76156063	6000000000517552062
Q76156065	368028202330003929
Q76156069	6000000002115947050
Q76156094	6000000046383617848
Q76156100	6000000013575842325
Q76156118	6000000009514690359
Q76156142	6000000083360363672
Q76156148	6000000008628364465
Q7615615	6000000062105242386
Q76156150	6000000008570750638
Q76156152	6000000008617596742
Q7615623	6000000010048303134
Q761563	6000000015334117440
Q76156482	6000000002339451424
Q76156488	6000000002339454550
Q76156510	6000000070778606901
Q76156830	6000000002339451432
Q76156851	6000000027557322552
Q76156869	6000000017984778212
Q7615693	6000000009472439613
Q76157037	6000000017984782152
Q76157090	6000000017984864382
Q7615718	6000000009959243545
Q76157189	6000000028355590918
Q76157234	6000000019101336539
Q76157249	6000000019171640274
Q76157303	6000000051999739916
Q76157320	6000000052000336042
Q76157322	6000000016921589032
Q76157324	6000000016921512736
Q76157327	6000000077281193288
Q76157377	6000000051999659344
Q76157382	6000000052000516920
Q76157412	6000000013575033039
Q76157500	6000000006444302046
Q76157559	6000000003076790382
Q76157562	6000000002116061499
Q76157563	6000000080751791915
Q76157581	6000000080742466683
Q76157583	6000000080739184336
Q76157596	6000000080729155853
Q76157603	6000000089813725932
Q76157609	6000000006444557285
Q76157620	6000000020037541148
Q76157628	6000000080732097834
Q76157631	6000000002115953996
Q76157640	6000000002116051532
Q76157665	6000000026509996796
Q76157669	6000000026517717285
Q76157673	6000000026516101442
Q76157682	6000000046283472911
Q76157692	6000000028065551627
Q76157728	6000000028065510770
Q76157729	6000000028065561803
Q76157732	6000000071734999506
Q76157744	6000000080704227931
Q76157745	6000000080759627119
Q76157746	6000000080704593821
Q76157749	6000000080703610389
Q76157754	6000000080704130111
Q76157802	6000000038140819886
Q76157833	6000000006437348596
Q76157867	6000000066701327919
Q76157868	6000000066701220958
Q76157869	6000000066701512827
Q76157871	6000000066700962061
Q76157873	6000000066701041037
Q76157874	6000000066701077974
Q76157951	6000000002414087259
Q76157968	6000000042360907952
Q76157993	6000000017797640248
Q76157998	6000000017797707548
Q7615801	6000000011706791113
Q76158016	6000000090604085889
Q7615802	6000000043178529669
Q76158025	6000000086604172838
Q76158027	6000000017798270292
Q76158035	6000000017798375496
Q76158041	6000000090604727825
Q76158055	6000000024428633909
Q76158056	6000000017798597641
Q76158085	6000000017798337517
Q761581	6000000001459233211
Q76158134	6000000010366458814
Q76158135	6000000010366926665
Q76158138	6000000010344890850
Q76158140	6000000010344963422
Q76158220	6000000010366487768
Q76158221	6000000010366568897
Q76158224	6000000010368358262
Q76158237	6000000042360396798
Q76158239	6000000042360923989
Q76158244	6000000002115849036
Q76158265	6000000020909267030
Q76158276	6000000004867246686
Q76158284	6000000002115918118
Q76158289	6000000002115845561
Q76158291	6000000002115845855
Q76158319	6000000008138694406
Q7615834	6000000076781604367
Q76158376	6000000002115890302
Q76158386	6000000002115845211
Q76158391	6000000002115845324
Q76158392	6000000002115845331
Q76158393	6000000002115890401
Q76158395	6000000002115845352
Q76158396	6000000002115845359
Q76158399	6000000002115845393
Q76158401	6000000039104658324
Q76158403	6000000039109237831
Q76158433	6000000002115845366
Q76158434	6000000002115845374
Q76158436	6000000002115845380
Q76158437	6000000002115872431
Q76158444	6000000002115845315
Q76158449	6000000002115845478
Q76158451	6000000002115845485
Q76158461	6000000002115839730
Q76158462	6000000002115839739
Q76158466	6000000002115839764
Q76158503	6000000039107135873
Q76158506	6000000039105707333
Q76158521	6000000039105141682
Q76158522	6000000039105690929
Q76158523	6000000039105048793
Q76158531	6000000039105012910
Q76158577	6000000002115838078
Q76158586	6000000002115845271
Q76158590	6000000002115845278
Q76158593	6000000002115845530
Q76158594	6000000002115845537
Q76158597	6000000002115845544
Q76158610	6000000015759568612
Q76158611	6000000008138651967
Q76158642	6000000006443319258
Q76158649	6000000002115890169
Q76158673	6000000082424764836
Q76158694	5433605873900133197
Q76158696	6000000026325631900
Q76158700	5433489541210049282
Q76158863	6000000016155818361
Q76158865	6000000014744104772
Q76158911	6000000054448588871
Q76158948	6000000029991589738
Q76158979	6000000035928750849
Q76159039	6000000031132438903
Q76159041	6000000069941824937
Q76159042	6000000069941440183
Q76159043	6000000180855577934
Q76159070	6000000029919556867
Q76159093	6000000014311863837
Q76159099	6000000074713844828
Q76159119	6000000010794059336
Q76159154	6000000017952754260
Q76159310	6000000013720021643
Q76159340	6000000009514142101
Q76159347	6000000006262978367
Q76159352	6000000006262789676
Q76159353	6000000006263295297
Q76159357	6000000021623051650
Q76159373	6000000021623161454
Q76159376	6000000021622859704
Q76159452	6000000021400204681
Q76159476	6000000056605428208
Q76159478	6000000047780545842
Q76159495	6000000010360538258
Q76159501	6000000089428900859
Q76159527	6000000047780783872
Q76159529	6000000017247366555
Q76159556	6000000047718622114
Q76159568	6000000055255236952
Q76159571	6000000055255052974
Q76159573	6000000063395018821
Q76159621	6000000055255041914
Q76159629	6000000012672356690
Q76159635	6000000018144545028
Q76159637	6000000014095707158
Q76159638	6000000014678768056
Q76159720	6000000047717586949
Q7615973	6000000002188674732
Q76159794	6000000024120320124
Q76159798	6000000031238766170
Q76159816	6000000023499453661
Q76159842	6000000001781660942
Q76159846	6000000001781660933
Q76159867	6000000001781660800
Q76159871	6000000001781660950
Q76159885	6000000034458762963
Q76159892	6000000016951821542
Q76159899	6000000019091276048
Q76159900	6000000050017161926
Q76159901	6000000050018015919
Q76160019	6000000176904758835
Q761601	6000000088735423892
Q7616010	6000000005760384658
Q76160113	6000000011385707781
Q76160116	6000000011798058678
Q76160118	6000000011385651864
Q76160121	6000000011384831681
Q76160125	6000000011384609945
Q76160163	6000000016265815407
Q76160170	6000000023872827951
Q76160203	6000000025113001666
Q76160212	6000000025113754921
Q76160215	6000000025113730926
Q76160218	6000000002562469094
Q76160220	6000000010894496126
Q76160223	6000000030973557534
Q76160225	6000000016265705968
Q76160346	6000000017132196071
Q76160349	6000000069222432804
Q76160387	6000000017131900687
Q76160423	6000000017132104278
Q76160440	6000000042774775817
Q76160441	6000000042775694534
Q76160481	6000000002618560560
Q76160602	6000000002618452603
Q76160623	6000000011275290464
Q76160706	6000000052382672908
Q76160751	6000000008031067300
Q76160753	6000000014064891782
Q76160764	6000000017634915602
Q7616081	6000000011122822769
Q76160819	6000000014072514127
Q76160877	6000000116527590846
Q76160880	6000000116526867155
Q76160884	6000000115572965831
Q761609	6000000179025818867
Q76160932	6000000015912577576
Q76160952	6000000036206673244
Q76160993	6000000036341007652
Q76161051	6000000001180387562
Q7616131	6000000004082524718
Q76161323	6000000001364833001
Q76161366	6000000052006430904
Q76161369	6000000021437791913
Q76161375	6000000052005830297
Q76161382	6000000012737458781
Q76161400	6000000019601061235
Q76161409	6000000037403986490
Q76161429	6000000009160111286
Q76161438	6000000005077233597
Q76161442	6000000006444515297
Q76161446	6000000019329977096
Q76161449	6000000003939869804
Q76161477	6000000006444256309
Q76161509	6000000019043932457
Q76161625	6000000008560479613
Q76161630	6000000014590112480
Q76161631	6000000002116051035
Q76161632	6000000002116051029
Q76161640	6000000044013192099
Q76161644	6000000044013185491
Q76161660	6000000002844007493
Q76161663	6000000057165146838
Q76161667	6000000009666623238
Q76161679	6000000040047814302
Q76161748	6000000084327741157
Q76161750	6000000084329247821
Q76161758	6000000084329153919
Q76161762	6000000005311430005
Q76161876	6000000029350210996
Q76161878	6000000029350174102
Q76161975	6000000019582689653
Q76161978	6000000075501369293
Q76161980	6000000052582856861
Q76162	6000000068147699876
Q76162118	6000000013531145445
Q76162139	6000000013530726838
Q76162174	6000000050028733974
Q76162176	6000000183076693858
Q76162184	6000000013948688971
Q76162343	6000000004868052713
Q76162371	6000000004868798540
Q76162459	6000000010875181123
Q76162516	6000000071451456662
Q76162525	6000000035878701472
Q76162554	6000000046051887944
Q76162568	6000000031036478938
Q76162585	6000000001715209603
Q76162614	6000000003891579390
Q76162619	6000000003891579442
Q76162625	6000000041629775516
Q76162630	6000000041629712530
Q76162637	6000000041630071877
Q7616265	6000000009783161145
Q76162654	6000000041629625754
Q76162665	6000000076462335283
Q76162726	6000000026429794241
Q76162734	6000000169708719437
Q76162786	6000000027538425015
Q76162793	6000000015871303004
Q76162799	6000000013692257080
Q76162800	6000000009393856494
Q76162808	6000000013691905427
Q76162825	6000000090835014822
Q76162830	6000000050574975135
Q76162844	6000000054148029821
Q76162848	6000000054148009854
Q76162920	6000000075862817821
Q76162922	6000000054148202846
Q76162960	5625923393690062434
Q76163049	6000000054148208902
Q76163050	6000000014006518357
Q76163060	6000000014006540754
Q76163061	6000000054147539833
Q76163162	6000000042360923865
Q76163164	6000000042361114827
Q76163169	6000000029767900740
Q7616317	6000000009316168084
Q76163194	6000000034359434190
Q76163221	6000000025012914500
Q76163222	6000000025013378921
Q76163232	6000000029050555636
Q76163237	6000000025013396019
Q76163238	6000000042360663445
Q76163252	6000000025013457913
Q76163260	6000000024999508402
Q76163311	6000000031016254842
Q76163338	6000000009247895573
Q76163343	6000000009247357199
Q76163361	6000000103210122841
Q76163446	6000000037815406119
Q7616352	6000000002282889108
Q76163549	6000000111572268845
Q76163576	6000000011697178911
Q76163721	6000000069579516041
Q76163724	6000000069579701937
Q76163725	6000000069578195869
Q76163726	6000000069578214867
Q76163728	6000000069577778046
Q76163729	6000000069577697087
Q76163748	6000000004104758882
Q76163758	6000000010943966704
Q76163776	6000000023527110455
Q76163942	6000000063188650920
Q76163947	6000000063190432822
Q76163949	6000000063190931895
Q76164027	6000000073857486911
Q76164028	6000000018103386054
Q76164033	6000000018103240627
Q76164034	6000000018103367156
Q76164037	6000000018103523009
Q76164043	6000000031939174112
Q76164045	6000000022176267238
Q76164047	6000000031961083657
Q76164103	6000000000666497427
Q76164104	6000000031961227459
Q76164107	6000000022176260468
Q76164183	6000000031939117215
Q76164194	6000000031961418665
Q76164307	6000000019144788873
Q76164316	6000000019094783648
Q76164319	6000000025597020330
Q76164320	6000000019095015013
Q76164324	6000000019094952154
Q7616435	6000000012193483550
Q76164418	6000000016714358321
Q76164419	6000000016712972205
Q7616443	6000000038762723150
Q76164433	6000000006444207335
Q7616444	6000000042364831926
Q76164460	6000000025860013824
Q76164463	6000000013531205569
Q76164466	6000000013531338188
Q76164470	6000000013531006441
Q76164472	6000000013530959597
Q761645	6000000021824838568
Q76164508	6000000013531225450
Q76164511	6000000013531328235
Q76164627	6000000013531392086
Q76164628	6000000016714046074
Q76164766	6000000078637914285
Q76164883	6000000028120223798
Q76164884	6000000012126189095
Q76164889	6000000012126116562
Q76164892	6000000014038134570
Q76164928	6000000046974418373
Q76165007	6000000026141753269
Q76165023	6000000026146077266
Q76165024	6000000026145893744
Q76165081	6000000019059144242
Q76165096	6000000029037706742
Q76165097	6000000026138343527
Q76165100	6000000026138108762
Q76165101	6000000026138355350
Q76165142	6000000026135004001
Q76165146	6000000026135476422
Q76165148	6000000026135439411
Q76165156	6000000026135015081
Q76165165	6000000026135563158
Q76165167	6000000026134852276
Q76165192	6000000026135740064
Q76165194	6000000026135755127
Q76165205	6000000026135732913
Q76165209	6000000026136115883
Q76165210	6000000026135831916
Q76165212	6000000026136187847
Q76165222	6000000026135893020
Q76165262	6000000052098018976
Q76165276	6000000052098974054
Q76165396	6000000143563238942
Q76165483	6000000018129624559
Q7616553	6000000011177356240
Q76165597	6000000008881002907
Q76165600	6000000026028802518
Q76165631	6000000035168859955
Q76165666	6000000011935194190
Q76165698	6000000108563256865
Q76165699	6000000028069578811
Q7616570	6000000011819377531
Q76165739	6000000011935289967
Q76165752	6000000009588494409
Q76165753	6000000011935413356
Q76165761	6000000075472810826
Q76165764	6000000009425658758
Q76165767	6000000027422018922
Q76165783	6000000002764964226
Q76165822	6000000015684589863
Q76165914	6000000026041598391
Q7616592	6000000002116065206
Q76165930	6000000027377743988
Q76165931	6000000024406584276
Q76165932	6000000027377825962
Q76166041	6000000019619480447
Q76166042	6000000026036856301
Q76166052	6000000019619823260
Q76166059	6000000032124972733
Q76166060	6000000053093252086
Q76166209	6000000072512809200
Q76166211	6000000072513743957
Q76166214	6000000072513957828
Q76166253	6000000068241274887
Q7616626	6000000002115996024
Q76166440	6000000013041510604
Q76166448	6000000006251385936
Q76166461	6000000057123703848
Q76166561	6000000033769958097
Q76166680	6000000051841765005
Q76166703	6000000023195054947
Q76166705	6000000023195060244
Q76166709	6000000051743339124
Q76166715	6000000120848746084
Q76166721	6000000120849943994
Q76166724	6000000051843708843
Q76166807	6000000012803272746
Q76166825	6000000012803483606
Q76166912	6000000039687055602
Q76167	6000000006428641172
Q76167004	6000000014136921880
Q76167011	6000000039772613173
Q76167036	6000000017938446926
Q76167047	6000000001588787323
Q76167050	6000000038140811859
Q76167119	6000000034214968007
Q76167132	6000000034455239795
Q76167133	6000000014846725692
Q76167143	6000000015593629657
Q76167151	6000000014588828969
Q76167469	6000000009493021536
Q76167472	6000000009492999578
Q76167523	6000000038408508408
Q76167962	6000000017939767398
Q76167963	6000000023345052128
Q7616799	6000000012380414681
Q76168002	6000000013077936458
Q76168004	6000000013078081334
Q76168013	6000000013072904217
Q76168022	6000000026160077700
Q76168027	6000000050517911997
Q76168049	6000000026160572137
Q76168056	6000000050517926079
Q76168071	6000000017939726078
Q76168074	6000000048231723223
Q76168167	6000000026840515243
Q76168170	6000000026841246892
Q76168174	6000000026839678891
Q76168176	6000000132112447829
Q76168177	6000000017939820118
Q76168335	6000000017938533839
Q76168343	6000000017939089212
Q76168370	6000000026839013924
Q76168424	6000000026834784606
Q76168426	6000000026834445322
Q76168436	6000000017939052167
Q76168437	6000000017938959998
Q76168439	6000000026838325863
Q76168533	6000000017939291121
Q76168552	6000000017939074840
Q76168577	6000000017938962475
Q76168632	6000000021727971659
Q76168654	6000000017610627741
Q76168693	5663341256880119071
Q7616870	6000000002006177904
Q76168769	6000000021070820779
Q76168791	6000000018441193270
Q76168796	6000000034333873395
Q76168880	6000000031205303849
Q76168921	6000000096835313821
Q76169000	6000000017611207380
Q76169001	6000000017611170365
Q76169004	6000000004994010773
Q76169005	6000000024210264124
Q76169010	6000000063430367320
Q76169014	6000000004993484776
Q76169026	6000000021106537847
Q76169074	6000000000900416748
Q76169075	6000000000900416822
Q76169093	6000000023488052470
Q76169109	6000000017610886430
Q76169170	6000000006444099309
Q76169213	6000000001783480099
Q76169217	6000000004035692795
Q76169278	6000000023487991436
Q76169283	6000000083793590129
Q76169285	6000000023798963752
Q76169287	6000000023798963762
Q76169296	6000000009527541224
Q76169340	6000000035109648485
Q76169343	6000000013372395813
Q76169345	6000000013372519655
Q7616935	6000000016654288998
Q76169469	6000000031636394280
Q76169472	6000000056689408833
Q7616967	6000000016653225435
Q76169693	6000000003064654034
Q761697	6000000074701030934
Q76169787	6000000000879468500
Q76169811	6000000007787226111
Q76169814	6000000015450274888
Q76169817	6000000015450011355
Q76169847	6000000013431568324
Q76169857	6000000006900951803
Q76169874	6000000007445907350
Q76169878	6000000012545183767
Q76169879	6000000012544654041
Q76169880	6000000021828679942
Q76169881	6000000021828425790
Q76169883	6000000000658512792
Q76169884	6000000000658602324
Q76169937	6000000015449887457
Q76169939	6000000047938154201
Q76169943	6000000047937866330
Q76169945	6000000033615188290
Q76169950	6000000047938049546
Q76169954	6000000047938157368
Q76169955	6000000047949825987
Q76169962	6000000047952997047
Q76169964	6000000047954524879
Q76170023	6000000047960680960
Q76170025	6000000047960845833
Q76170040	6000000047949513268
Q76170044	6000000047977693976
Q76170059	6000000047978039174
Q76170061	6000000047965336142
Q76170062	6000000005250144461
Q76170064	6000000047970814105
Q76170126	6000000075414255054
Q76170137	6000000076790527341
Q76170142	6000000076790907590
Q76170245	6000000015293693325
Q76170289	6000000047923692833
Q76170292	6000000047922593727
Q76170310	6000000017247450486
Q76170314	6000000047922738191
Q76170336	6000000047927007519
Q76170341	6000000047927186361
Q76170344	6000000047928457265
Q76170346	6000000047928868948
Q76170350	6000000047929456854
Q76170352	6000000018527675225
Q76170373	6000000082541201992
Q76170511	6000000017132700953
Q76170592	6000000042085758100
Q76170648	6000000017276848866
Q76170652	6000000042071947538
Q76170659	6000000023414671618
Q76170666	6000000023414703334
Q76170668	6000000023414492369
Q76170670	6000000042072249950
Q76170671	6000000042020509680
Q76170680	6000000021721204396
Q76170688	6000000007848744465
Q76170692	6000000002539306954
Q76170701	6000000003965432007
Q76170744	6000000001608745718
Q76170785	6000000062791780821
Q76170789	6000000050147574890
Q76170851	6000000062783179821
Q76170900	6000000001260612646
Q76170966	6000000050220377122
Q76170991	6000000013661249904
Q76171011	6000000050147615821
Q76171017	6000000050147207905
Q76171165	6000000033367810986
Q76171211	6000000018129864269
Q7617124	6000000013183635644
Q76171251	6000000080061829991
Q76171252	6000000080062381839
Q76171258	6000000026161249719
Q76171269	6000000021721489984
Q76171272	6000000021720701412
Q76171273	6000000021721519061
Q76171275	6000000180431173837
Q76171312	6000000021721727894
Q76171343	6000000021721649064
Q76171413	6000000005405457566
Q76171483	6000000016721166846
Q7617163	6000000000305170866
Q76171650	6000000080337066294
Q76171685	6000000025376727505
Q76171685	6000000071005127216
Q76171720	6000000048750635859
Q76171721	6000000048751023822
Q76171775	6000000081332168915
Q76171787	6000000034476758470
Q76171796	6000000055587995854
Q76171798	6000000055587450447
Q76171854	6000000034477120112
Q76171952	6000000035696270152
Q76171955	6000000035697316552
Q76171957	6000000035698018954
Q76171970	6000000035697853121
Q76172001	6000000013664831681
Q76172042	6000000009938202337
Q76172072	6000000026271421002
Q76172076	6000000052001712658
Q76172121	6000000025981930151
Q76172123	6000000025982003047
Q76172137	6000000078078710346
Q76172183	6000000047787394867
Q76172190	6000000047786504843
Q76172214	6000000047786450878
Q76172234	6000000047786604821
Q76172309	6000000047786383961
Q76172332	6000000047786730840
Q76172335	6000000047786706855
Q76172366	6000000075425815840
Q76172368	6000000075425691927
Q76172399	6000000047786593886
Q76172401	6000000047786262087
Q76172404	6000000075425080254
Q76172434	6000000050306391212
Q76172447	6000000014873318438
Q76172448	6000000031782531848
Q76172449	6000000020723248451
Q76172490	6000000032971966897
Q76172590	6000000021024789387
Q76172591	6000000021024400681
Q76172593	6000000021024997118
Q76172607	6000000082968334078
Q76172609	6000000064621563016
Q76172620	6000000010717713317
Q76172622	6000000010717613954
Q7617264	6000000002115859578
Q76172657	6000000019072593574
Q76172658	6000000022590859399
Q76172667	6000000044364407273
Q761727	6000000076880796390
Q76172746	6000000029798763970
Q76172827	6000000017797205294
Q76172842	376610730880007910
Q761729	6000000065604332199
Q76172985	6000000040388248322
Q76172993	6000000013648730228
Q7617303	6000000022237424853
Q76173105	6000000017164943829
Q76173120	6000000007860813369
Q76173122	6000000007860761458
Q76173129	6000000061369732089
Q76173132	6000000029958449500
Q761732	6000000014797151615
Q76173204	6000000051845550860
Q76173207	6000000051845086108
Q76173262	6000000002115799016
Q76173322	6000000016740629032
Q76173418	6000000026824963072
Q76173424	6000000026258466604
Q76173428	6000000026258844873
Q76173429	6000000026258730044
Q76173430	6000000026258291397
Q76173434	6000000026258491307
Q76173556	6000000067831913974
Q76173568	6000000049851729085
Q76173611	6000000018336397268
Q76173617	6000000026258470344
Q76173647	6000000022670214221
Q7617368	6000000070699350821
Q7617369	6000000011828412082
Q76173839	6000000030417937498
Q76174077	6000000001478669426
Q76174156	6000000042452065345
Q76174160	4101337917400067136
Q76174187	6000000001478699397
Q76174198	4101310798550053824
Q76174293	6000000029944695827
Q76174391	6000000006368383185
Q76174398	6000000006368532071
Q76174400	6000000006368330203
Q76174401	6000000006368530093
Q76174411	6000000006444750522
Q76174430	6000000022618501601
Q76174448	6000000006368309330
Q76174449	6000000006368488072
Q7617445	6000000010801186230
Q76174450	6000000006368278122
Q76174453	6000000006369480091
Q76174478	6000000055503491821
Q76174482	6000000071832708821
Q76174616	6000000023153465420
Q76174618	6000000009558822106
Q76174634	6000000036372917921
Q76174639	6000000005437480068
Q76174703	6000000027288080064
Q7617480	6000000017129892743
Q76174860	6000000026036253621
Q7617497	6000000012508507276
Q7617498	6000000020677338067
Q76175	6000000023032945397
Q76175040	6000000065073990891
Q76175041	6000000010731749305
Q76175078	6000000111841041068
Q76175079	6000000018899916462
Q76175098	6000000018899045869
Q76175099	6000000041510766181
Q76175102	6000000041511008890
Q7617511	6000000010869347321
Q76175114	6000000041510251672
Q76175174	6000000016491370293
Q76175178	6000000001608801296
Q76175313	6000000077242101920
Q76175435	6000000010801654358
Q76175539	6000000017071011120
Q76175543	6000000017071090087
Q76175544	6000000017070647773
Q76175553	6000000017071053625
Q76175593	6000000017070793905
Q76175596	6000000017071153382
Q76175608	6000000017071101783
Q76175652	6000000007054136020
Q76175687	6000000071894072029
Q76175690	6000000002791213407
Q76175691	6000000002791198484
Q76175765	6000000046742659841
Q76175782	6000000026436973560
Q76175866	6000000069503713877
Q76175890	6000000010113163966
Q76175909	6000000054389543849
Q76176015	6000000075291149947
Q76176050	6000000014191138977
Q76176055	6000000033358881334
Q76176265	6000000014191369829
Q76176266	6000000026013818364
Q76176302	6000000091359091089
Q76176311	6000000025019410097
Q76176315	6000000025019531992
Q76176319	6000000070938072821
Q76176372	6000000091359091077
Q76176374	6000000102642701822
Q76176383	6000000042116307302
Q76176384	6000000042116127601
Q76176394	6000000091359091071
Q76176399	6000000091359091059
Q76176434	6000000014987356623
Q76176517	6000000086884002981
Q76176869	6000000051309106133
Q76176946	6000000021094767413
Q76176985	6000000027933995597
Q7617702	5201952706010126513
Q76177035	6000000057433457616
Q7617726	6000000002188043099
Q76177288	6000000027014698096
Q76177290	6000000027014783965
Q76177292	6000000027014713135
Q76177296	6000000005437511857
Q76177301	6000000005437511724
Q76177358	6000000019418066035
Q76177362	6000000019418005065
Q76177363	6000000019417994070
Q76177368	6000000019418340001
Q761774	6000000082987439461
Q76177409	6000000076309185866
Q76177527	6000000016933994124
Q761776	6000000036857561986
Q7617765	6000000016992278732
Q76177651	6000000034630754628
Q76177654	6000000034632454411
Q76177656	6000000034632454429
Q76177660	6000000034650864043
Q76177668	6000000054595238006
Q76177710	6000000017873250789
Q76177731	6000000052138295897
Q76177793	6000000042689892738
Q761778	6000000087833409966
Q76177801	6000000017878924756
Q76177803	6000000017881079191
Q76177804	6000000017881079225
Q76178132	6000000001504876318
Q76178154	6000000002779433759
Q76178161	6000000019864739622
Q76178165	6000000023440673102
Q76178226	6000000017837276549
Q76178234	6000000027574515845
Q76178237	6000000027574436926
Q76178244	6000000027668429899
Q76178302	6000000027668269434
Q76178308	6000000027668218976
Q76178309	6000000027668185988
Q76178311	6000000027668251112
Q76178314	6000000030415843335
Q76178315	6000000027723998634
Q76178317	6000000026092732809
Q76178320	6000000025415790177
Q76178321	6000000024919704861
Q76178323	6000000027538357663
Q76178418	6000000016146495465
Q76178435	6000000024182010680
Q76178443	6000000002698814135
Q76178453	6000000015592278553
Q76178463	6000000027724366666
Q761786	6000000025219510480
Q76178622	6000000025607378702
Q76178627	6000000025607218247
Q76178691	6000000019217908195
Q76178692	6000000019218108185
Q76178693	6000000019217915424
Q76178697	6000000019217851758
Q76178701	6000000025607489615
Q76178883	6000000009768681731
Q76178890	6000000023086859952
Q76178935	6000000032207163055
Q76179	6000000032867957928
Q761790	6000000001703284051
Q76179107	6000000036758419920
Q76179110	6000000036755624767
Q76179114	6000000036728314287
Q76179299	6000000101374790899
Q76179391	6000000021542255369
Q76179419	6000000042360349067
Q76179460	6000000053666252059
Q76179470	6000000013616243055
Q76179474	6000000010155779165
Q76179476	6000000074744310835
Q76179526	6000000013613889822
Q76179573	6000000066384878887
Q76179676	6000000055473730008
Q76179694	6000000050580473916
Q76179736	6000000013751169066
Q76179743	6000000079594088365
Q76179747	6000000013751206113
Q76179770	6000000054129211871
Q76179827	6000000005033825902
Q76179834	6000000016198720547
Q76179837	6000000016199005934
Q76179842	6000000013949937452
Q76179848	6000000002714433766
Q76179850	6000000000605715575
Q76179854	6000000000590196131
Q76179923	6000000036525621102
Q76179938	6000000002116013936
Q76179938	6000000083053360037
Q76179944	6000000042514163994
Q76179945	6000000042514018426
Q76179948	6000000042514083481
Q76180000	6000000036498365201
Q76180000	6000000083053515897
Q76180001	6000000036579878246
Q76180003	6000000036520690872
Q76180004	6000000043957507266
Q76180018	6000000027710784248
Q76180029	6000000027711026026
Q76180031	6000000027710852202
Q76180173	6000000046588998892
Q76180175	6000000046588447145
Q76180177	6000000046564770086
Q76180183	6000000046588376297
Q76180185	6000000046589511835
Q76180186	6000000046589145915
Q76180189	6000000046589258989
Q76180191	6000000046588683342
Q76180207	6000000046589595904
Q76180213	6000000046589158938
Q76180222	6000000046564781959
Q76180225	6000000046565374901
Q76180230	6000000046564954249
Q76180535	6000000013924380906
Q76180566	6000000026094791103
Q76180580	6000000026093871323
Q76180582	6000000026094312556
Q76180584	6000000026094073640
Q76180588	6000000026094229895
Q76180607	6000000020782367341
Q76180670	6000000048060078914
Q76180672	6000000047541202147
Q76180673	6000000064157158032
Q76180678	6000000031374907903
Q76180737	6000000064158067821
Q76180745	6000000056921696970
Q76180792	6000000006444402841
Q76180795	6000000031551500690
Q76180822	6000000030435024424
Q76180825	6000000218457518853
Q76180831	6000000023023691006
Q76180834	6000000023024089888
Q76180848	6000000025688995494
Q76180944	6000000004867334124
Q76180946	6000000004867240043
Q76181156	6000000003306765700
Q76181162	6000000024239109305
Q76181187	6000000003370638756
Q76181193	6000000051720423899
Q76181198	6000000003370565698
Q76181200	6000000003370565666
Q76181260	6000000003370638791
Q76181276	6000000003370638832
Q76181338	6000000002695087944
Q76181349	6000000000076315073
Q76181398	6000000002831284808
Q76181403	6000000002831284831
Q76181408	6000000025596048821
Q76181415	6000000059600820886
Q76181417	6000000025595726329
Q76181421	6000000002763867697
Q76181440	6000000000076315204
Q76181472	6000000050548707838
Q76181482	6000000013694793761
Q76181525	6000000052097108925
Q76181530	6000000052097179953
Q76181590	6000000027894849362
Q76181594	6000000032072060025
Q76181596	6000000032070191732
Q76181598	6000000032072044056
Q76181621	6000000052096059023
Q76181740	6000000002106742021
Q76181743	6000000002106742028
Q76181769	6000000011398962644
Q76181771	6000000010886042760
Q76181774	6000000015421153977
Q76181786	6000000008255910067
Q76181854	6000000081293185510
Q76181857	6000000057783625976
Q76181866	6000000053429758355
Q76181907	6000000057785307890
Q76181913	6000000057783756871
Q76181919	6000000057783076038
Q76181924	6000000057783816868
Q76181925	6000000016512714115
Q76181941	6000000057795265009
Q76182200	6000000033422927220
Q76182249	6000000027810133821
Q76182274	6000000026482339012
Q76182310	6000000015529866796
Q76182315	6000000010476440295
Q76182328	6000000050585120863
Q76182337	6000000024174417209
Q76182371	6000000014272294052
Q76182387	6000000034816529607
Q76182388	6000000034816887645
Q76182389	6000000035320138981
Q76182416	6000000026261253869
Q76182508	6000000035319908105
Q76182516	6000000008201922796
Q76182540	6000000013948883484
Q76182557	6000000008201688081
Q76182558	6000000008201938555
Q76182560	6000000038137177612
Q76182562	6000000008201407668
Q76182595	6000000008201730378
Q76182597	6000000008201819245
Q76182599	6000000008201661614
Q76182608	6000000008201838548
Q76182720	6000000071634622223
Q76182747	6000000064158300883
Q76182750	6000000064158311875
Q76182752	6000000064158391836
Q76182904	6000000024227795437
Q76183	6000000172198233052
Q76183124	6000000052061251971
Q76183158	6000000024233330145
Q76183160	6000000073490125822
Q76183163	6000000051498752117
Q76183169	6000000073489794825
Q76183181	6000000021146435873
Q76183187	6000000021137118768
Q76183278	6000000025972708991
Q76183307	6000000057144408932
Q76183329	6000000035170070854
Q76183548	6000000025515175969
Q76183561	6000000077786356840
Q76183565	6000000077816422991
Q76183603	6000000009735333693
Q76183766	6000000037255902336
Q76183771	6000000018129870175
Q761838	6000000013123904014
Q76183870	6000000084925489222
Q76183938	6000000002747526168
Q76183942	6000000027841971733
Q76184045	6000000013291289483
Q76184198	6000000070474194143
Q76184213	6000000014866728409
Q76184224	6000000014866683347
Q76184226	6000000014866741632
Q76184243	6000000070475119822
Q76184265	6000000070475137975
Q76184268	6000000070696316212
Q76184278	6000000070696336220
Q76184288	6000000070475253880
Q76184291	6000000070475257933
Q761843	6000000136793846960
Q76184336	6000000070475007992
Q76184337	6000000070474608502
Q76184346	6000000053049573863
Q76184356	6000000013090551124
Q76184363	6000000014987073696
Q76184387	6000000014987328758
Q76184392	6000000014988525025
Q76184443	6000000013042874127
Q76184530	6000000070561278286
Q76184542	6000000023116292746
Q76184544	6000000001896982354
Q76184545	6000000023117855099
Q76184547	6000000023117536052
Q76184555	6000000001897060797
Q76184560	6000000001897030486
Q76184582	6000000008831378892
Q76184584	6000000008831592674
Q76184613	6000000023047704599
Q76184616	6000000023049878863
Q76184618	6000000023049868855
Q76184625	6000000023047794800
Q76184633	6000000023050567086
Q76184672	6000000021840063007
Q76185	6000000021804959192
Q76185074	6000000076626566854
Q76185077	6000000076625661216
Q76185098	6000000013565316181
Q76185100	6000000013570946424
Q76185148	6000000017641883645
Q76185160	6000000017641318061
Q76185209	6000000017641220239
Q76185212	6000000017640490704
Q76185309	6000000026607169813
Q76185310	6000000078817998884
Q76185431	6000000080955599923
Q76185432	6000000022973323513
Q76185436	6000000022973380392
Q76185477	6000000030552362351
Q76185479	6000000030552686298
Q76185487	6000000007941417362
Q76185508	6000000001212485234
Q76185545	6000000030553080833
Q76185551	6000000030552927890
Q76185559	6000000021565757284
Q76185601	6000000034545396330
Q76185756	6000000020180556831
Q76185855	6000000002115894587
Q76185856	6000000002115894602
Q76185913	6000000003827470837
Q7618595	6000000016667006995
Q76185991	6000000015035460640
Q76186025	6000000015035855171
Q76186050	6000000037378915400
Q76186065	6000000017268674362
Q76186090	6000000016325854442
Q76186139	6000000003043366262
Q76186207	6000000017764725204
Q76186240	6000000006444086840
Q761863	6000000004187651020
Q76186351	6000000015415831165
Q76186370	6000000018129744460
Q76186489	6000000003891477862
Q76186491	6000000017114688826
Q76186497	6000000017114780258
Q76186499	6000000017115584489
Q76186541	6000000017114846040
Q76186586	6000000026609886696
Q76186591	6000000026613685885
Q76186592	6000000024158534115
Q76186596	6000000024158153634
Q76186602	6000000026611050756
Q76186619	6000000050552984076
Q76186620	6000000050545989835
Q76186621	6000000050542676382
Q76186649	6000000179045086937
Q76186654	6000000179048205823
Q76186668	6000000004656978044
Q76186693	6000000018397545005
Q76186696	6000000018397483456
Q76186698	6000000018508918542
Q76186699	6000000041417978801
Q76186710	6000000179047871835
Q76186752	6000000055313240052
Q76186756	6000000055313250125
Q76186960	6000000075986100673
Q761870	297224549520002781
Q76187074	6000000000437933729
Q76187089	4670941989650039190
Q76187090	4670942020760017618
Q76187102	4670934257490029067
Q76187106	4670894052870017601
Q76187107	4670894053010017602
Q76187108	4670894033110128369
Q76187110	4670902956050062230
Q76187124	4670877633380017695
Q76187138	6000000011907242259
Q76187140	6000000011907162447
Q76187172	6000000027084359871
Q76187207	6000000013379433631
Q76187211	6000000013525773994
Q76187367	6000000008758773049
Q76187432	6000000039013309354
Q76187507	6000000011934694554
Q76187555	6000000017645197245
Q76187668	6000000043999093665
Q76187671	6000000027320489227
Q76187682	6000000052000241382
Q76187693	6000000013522121202
Q76187697	6000000052003816929
Q76187716	6000000052000889889
Q76187718	6000000027102654923
Q76187722	6000000027102546075
Q76187723	6000000027102422667
Q76187729	6000000027321929358
Q76187731	6000000027323607941
Q76187740	6000000027103296618
Q76187752	6000000006282719319
Q76187756	6000000027323642303
Q76187757	6000000027103995289
Q76187766	6000000027104026358
Q76187781	6000000013998640992
Q76187797	6000000053181460859
Q76187804	6000000017672674422
Q76187805	6000000017672610336
Q76187819	6000000013522185663
Q76187853	6000000013522227343
Q76187988	6000000057236768898
Q76187989	6000000033713156022
Q76187990	6000000037816096728
Q76188000	6000000002831280180
Q76188025	6000000015799107461
Q76188082	6000000000691550223
Q76188083	6000000000691550244
Q76188085	6000000000691550251
Q76188177	6000000077228780852
Q761883	6000000173673784943
Q76188307	6000000014478316822
Q76188320	6000000009728894361
Q76188387	6000000014478373915
Q76188391	6000000059052646952
Q76188394	6000000059053013843
Q76188480	6000000037256126964
Q76188529	6000000012914801344
Q76188614	6000000014519838461
Q76188616	6000000023743348113
Q76188620	6000000023743056393
Q76188621	6000000007543090443
Q76188626	6000000023743439040
Q76188637	6000000084925249368
Q76188638	6000000025902982212
Q76188660	6000000002927630361
Q76188663	6000000002927584470
Q76188675	6000000023821406262
Q76188764	6000000049449352059
Q76188768	6000000049449059223
Q76188777	6000000049449989846
Q76188780	6000000013642469340
Q76188784	6000000024188676862
Q76188804	6000000049449657098
Q76188809	6000000037247434564
Q76188810	6000000037799365617
Q76188817	6000000037255880328
Q76188820	6000000037256215894
Q76188822	6000000037256342973
Q76188826	6000000037255790250
Q76188828	6000000037256546833
Q76188833	6000000037255551531
Q76188834	6000000037255744786
Q76188863	6000000035140923584
Q76188870	6000000070659101680
Q76188897	6000000047714692834
Q76188899	6000000037256064479
Q76188910	6000000037255882287
Q76188911	6000000037256009390
Q76188913	6000000037255256627
Q76188914	6000000037255363530
Q76188916	6000000037255471670
Q76188917	6000000015511608950
Q76188928	6000000015535193001
Q76188931	6000000015534662411
Q76188952	6000000053978807928
Q76189	6000000002188514222
Q76189092	6000000012417635996
Q76189094	6000000012417523039
Q76189103	6000000011483800988
Q76189132	6000000002907039684
Q76189141	6000000102628792822
Q76189147	6000000068813740839
Q76189182	6000000019053775087
Q76189288	6000000014374533180
Q76189291	6000000025585551994
Q76189294	6000000025584973386
Q76189297	6000000098756942828
Q76189410	6000000010221798986
Q7618945	3994168
Q76189563	6000000010810775801
Q76189565	6000000019021742335
Q76189576	6000000019021548664
Q76189580	6000000019042439345
Q76189613	6000000018258384668
Q76189736	6000000103646158903
Q76189738	6000000104981872900
Q76189740	6000000104827905822
Q76189759	6000000103784985842
Q76189760	6000000103785300821
Q76189763	6000000013249884118
Q76189829	6000000022850684575
Q76189863	6000000022850978609
Q76189950	6000000015918144375
Q76190054	6000000017672628950
Q76190099	6000000001714568708
Q76190112	6000000039084368649
Q76190114	6000000017962097721
Q76190122	6000000039097348705
Q76190150	6000000009862037472
Q76190153	6000000016911916676
Q76190174	6000000008063721979
Q76190273	6000000002216683744
Q76190276	6000000002599333378
Q76190277	6000000002599171836
Q76190295	6000000051287541027
Q76190340	6000000039098394074
Q7619037	6000000017492847413
Q76190542	6000000018912098993
Q76190544	6000000024710811653
Q76190548	6000000000823675095
Q76190552	6000000014717846734
Q76190613	6000000014718308066
Q76190650	6000000088311577938
Q7619067	6000000010807871723
Q76190684	6000000008987000842
Q76190767	6000000011123308535
Q76190896	6000000023926971167
Q76190913	6000000038391417613
Q76190940	6000000017879293569
Q76191081	6000000070766313098
Q76191084	6000000070766134259
Q76191092	6000000011150250130
Q76191100	6000000027721452723
Q76191181	6000000002888959060
Q76191185	6000000002889064798
Q76191202	6000000002890113300
Q76191217	6000000054630243821
Q76191219	6000000054629538149
Q76191221	6000000054629636219
Q76191223	6000000054630153891
Q76191308	6000000054629707086
Q76191309	6000000070771667851
Q76191445	6000000070768668047
Q76191447	6000000070769896833
Q76191484	6000000017672258600
Q76191493	6000000054226009012
Q76191510	6000000017672923050
Q76191513	6000000017881532019
Q76191516	6000000017880307429
Q76191520	6000000054378588926
Q76191618	6000000017803453250
Q7619173	6000000018291407855
Q76191766	6000000039132629732
Q76191770	6000000039132863360
Q76191773	6000000055972892806
Q76191810	6000000039132614817
Q76191813	6000000068242211011
Q76191829	6000000017805495037
Q76191832	6000000017805415173
Q76191886	6000000027696660139
Q76191887	6000000027695033315
Q76191888	6000000027698004128
Q76191919	6000000027842332886
Q76191930	6000000013948954903
Q76191985	6000000009461610324
Q76191997	6000000096236720034
Q76192014	6000000019084504570
Q76192195	6000000040150364854
Q76192198	6000000040149876612
Q76192199	6000000021719629323
Q76192203	6000000009129040160
Q76192222	6000000040150214492
Q76192239	6000000040175973712
Q76192377	6000000032346741906
Q76192385	6000000041551868688
Q76192426	6000000048260377835
Q76192464	6000000048259685157
Q76192466	6000000048260520893
Q76192506	6000000069176193108
Q76192517	6000000048260382855
Q76192535	6000000032346640536
Q76192615	6000000041551577806
Q76192618	6000000041551095653
Q76192619	6000000041553786297
Q76192621	6000000041553877217
Q76192622	6000000041552654665
Q76192628	6000000032346587611
Q76192657	6000000018142900554
Q76192659	6000000018142972668
Q76192741	6000000021321981644
Q7619280	6000000012822718758
Q76192940	6000000030903919284
Q76192951	6000000078216139799
Q76192994	6000000079218188901
Q76192995	6000000174761710211
Q76193038	6000000070947853039
Q76193091	6000000043099727101
Q76193111	6000000016300733262
Q76193296	6000000023079755542
Q76193299	6000000023080938842
Q76193342	6000000012942187933
Q76193351	6000000012943267581
Q76193366	6000000012802011475
Q76193394	6000000028184565683
Q76193400	6000000032264877992
Q76193405	6000000144453679822
Q76193467	6000000000354734339
Q76193531	6000000021511665886
Q76193540	6000000074560106913
Q76193558	6000000013231286842
Q76193559	6000000013230996086
Q76193560	6000000013231281626
Q76193561	6000000013230842918
Q76193642	6000000024305426102
Q76193651	6000000024305370260
Q76193653	6000000024305402353
Q76193670	6000000024305659900
Q76193828	6000000017143929723
Q76193837	6000000019509665031
Q76193867	6000000027705923954
Q76193870	6000000027705456442
Q76193988	6000000027705691013
Q76193995	6000000027705377105
Q76194000	6000000027705837943
Q76194003	6000000027705631318
Q76194036	6000000054024965105
Q76194050	6000000115272527827
Q76194069	6000000019508903958
Q76194114	6000000009753444200
Q76194278	6000000087328335882
Q76194280	6000000087327259407
Q76194699	6000000068540009117
Q76194702	6000000006450593766
Q76194704	6000000006450659430
Q76194731	6000000053569578925
Q76194739	6000000017150476283
Q76194761	6000000019188852247
Q76194824	6000000116888327310
Q761949	6000000042970877353
Q76194920	6000000015738048927
Q76194942	6000000111752750877
Q76194945	6000000111753086869
Q76195024	6000000111750465860
Q76195027	6000000111750114821
Q76195056	6000000019098718199
Q76195061	6000000019098084759
Q76195065	6000000019098836138
Q76195069	6000000019098348349
Q76195075	6000000019098862260
Q76195079	6000000019099346179
Q76195080	6000000069579962050
Q76195113	6000000019096640878
Q76195126	6000000019188443685
Q76195131	6000000019188705591
Q76195134	6000000019188826157
Q76195150	6000000019187327886
Q76195155	6000000019193519786
Q76195156	6000000080076946045
Q76195161	6000000080076871995
Q76195162	6000000019194474133
Q76195247	6000000019198816227
Q76195253	6000000019198645486
Q76195336	6000000069437442917
Q76195374	6000000019198897455
Q76195467	6000000013234901187
Q76195554	6000000019206481045
Q76195575	6000000002909184374
Q76195576	6000000018689949655
Q76195684	6000000009926219146
Q76195889	6000000014787386730
Q76195973	6000000013651385205
Q76195976	6000000011061645640
Q76195996	6000000034673460822
Q76196002	6000000032663090159
Q76196171	6000000030097234861
Q761962	6000000026999190117
Q7619630	6000000005091138142
Q76196310	6000000024685184679
Q76196314	6000000024685331227
Q76196343	6000000014213437661
Q76196345	6000000014213440818
Q76196523	6000000030093792731
Q76196565	6000000039106344901
Q76196567	6000000039106452905
Q761966	6000000078787654881
Q76196601	6000000040475488932
Q76196621	6000000076930546850
Q76196668	6000000047186547940
Q76196669	6000000010263333161
Q76196677	6000000030096585958
Q76196691	6000000056430938005
Q76196702	6000000027572415527
Q76196708	6000000030096173003
Q7619672	6000000011194303401
Q76196925	6000000016911753104
Q76196942	6000000015858028838
Q76196949	6000000018128370220
Q76196954	6000000018128198338
Q76197116	6000000003216142972
Q76197117	6000000003216148133
Q76197118	6000000003216142954
Q76197162	6000000087750286941
Q76197186	6000000003216142418
Q761972	6000000015740875831
Q76197200	6000000003216142784
Q76197203	6000000025401421882
Q76197204	6000000056081470940
Q76197206	6000000003216142792
Q76197238	6000000003216142594
Q76197249	6000000003216142588
Q76197251	6000000003216142696
Q76197252	6000000003216142520
Q76197255	6000000003216142635
Q76197343	6000000071153499832
Q76197349	6000000071153626836
Q76197501	6000000002928584106
Q76197503	6000000002928641576
Q76197507	5182335817000109699
Q76197509	5182330504410048381
Q76197511	6000000002928580546
Q76197513	6000000005232816017
Q76197514	6000000005232434928
Q76197700	6000000010431148010
Q76197703	6000000010431417909
Q76197707	6000000175882359880
Q76197708	6000000175882359872
Q76197787	6000000027025049334
Q76197791	6000000027024490753
Q76197804	6000000010431408174
Q7619784	6000000011135139055
Q76197853	6000000000688838450
Q76197860	6000000000688771915
Q76197864	6000000017528179967
Q76197883	6000000025467491181
Q76197891	6000000025467824950
Q76197903	6000000003891557744
Q76197905	6000000003891579752
Q76197954	6000000003891557766
Q76197958	6000000003891579731
Q76197970	6000000003891557774
Q76197980	6000000003891579775
Q76198138	6000000053129535866
Q76198356	6000000048644951195
Q76198375	6000000060219037083
Q76198379	6000000020281076745
Q76198391	6000000020281315211
Q76198397	6000000020281467859
Q76198416	6000000020280997426
Q76198418	6000000020281384261
Q76198422	6000000020281046710
Q76198424	6000000020281303737
Q76198427	6000000020281465845
Q76198430	6000000020280943042
Q76198433	6000000020281427853
Q7619844	6000000079213865000
Q76198477	6000000026971014735
Q76198480	6000000026335675861
Q76198498	6000000039479723027
Q76198516	6000000021140225579
Q76198549	6000000051513289393
Q76198552	6000000051513893099
Q76198553	6000000051514512821
Q76198554	6000000051514115010
Q76198584	6000000010944728264
Q76198587	6000000001715209677
Q76198589	6000000001715212056
Q76198629	6000000002246184731
Q76198631	6000000026917171289
Q76198654	6000000002236542956
Q76198660	6000000050548647851
Q76198662	6000000069712052953
Q76198722	6000000012860366557
Q76198724	6000000075427817844
Q76198780	6000000003217282657
Q76198811	6000000003217282744
Q76198813	6000000003217282750
Q76198876	6000000023592358360
Q76198907	6000000051513586899
Q76198917	6000000016241270483
Q76198934	6000000034637725987
Q76198938	6000000032263280461
Q76198968	6000000032429367108
Q76198973	6000000032429882854
Q76198974	6000000032428104517
Q76198978	6000000032431982001
Q76198981	6000000032432181856
Q76198984	6000000032429988868
Q76199160	6000000017948259646
Q76199199	6000000032788467852
Q76199201	6000000032788319967
Q76199202	6000000032788185161
Q76199205	6000000032788076150
Q7619928	6000000006988040589
Q7619942	6000000006444526601
Q76199487	6000000032117500914
Q7619951	6000000014442938590
Q76199577	6000000027556939566
Q76199677	6000000053358581821
Q76199700	6000000074325355853
Q76199750	6000000001660327001
Q76199755	6000000001660195173
Q76199758	6000000001322042425
Q7619979	6000000005599214666
Q762	6000000010762979987
Q76200	6000000009080883933
Q76200094	6000000100811054828
Q76200101	6000000100811054837
Q76200118	6000000050017432912
Q76200122	6000000218290103884
Q7620014	6000000005599044880
Q7620016	6000000002188524783
Q76200168	6000000044239984200
Q76200171	6000000055991554846
Q76200197	6000000094753755242
Q76200212	6000000021733405328
Q76200273	6000000004124386567
Q76200275	6000000004124386406
Q76200300	6000000015737909228
Q76200308	6000000024092429191
Q76200411	6000000006444180267
Q76200504	6000000021733351348
Q76200506	6000000021733549381
Q76200515	5448356547200080381
Q76200520	6000000021733443540
Q76200545	6000000089940307060
Q76200546	6000000089911549954
Q76200614	6000000092171974934
Q76200632	6000000031115664944
Q76200638	6000000022817247263
Q76200639	6000000022816825544
Q76200641	6000000022833914303
Q76200722	6000000045037514316
Q76200730	6000000022658346858
Q76200808	6000000039805894886
Q76200810	6000000022479610988
Q76200813	6000000022479484406
Q76200854	6000000032874841566
Q76200855	6000000032874868565
Q76200925	6000000025334457098
Q76200926	6000000019949232756
Q76200935	6000000035751059741
Q76200937	6000000025334295749
Q76200940	6000000022670205760
Q76200944	6000000022670118132
Q76200945	6000000022670124283
Q76200999	6000000013403226989
Q76201000	6000000013403548939
Q76201013	6000000013403476610
Q76201027	6000000004963037896
Q76201028	6000000011964430199
Q76201056	6000000049048609916
Q76201058	6000000049048261143
Q76201070	6000000036255528458
Q76201108	6000000005917023226
Q7620112	6000000026268166877
Q76201125	6000000002930935828
Q76201150	6000000052138344863
Q76201182	6000000008604718002
Q76201187	6000000031220458710
Q76201237	6000000035927790541
Q76201238	6000000147103156002
Q76201261	6000000058309817857
Q76201270	6000000044455111991
Q76201279	6000000008623747770
Q76201377	6000000020382352964
Q76201468	6000000017635303032
Q76201504	6000000017603310281
Q76201518	6000000017603203425
Q76201557	6000000033484812354
Q76201561	6000000056030055888
Q76201638	6000000057041485908
Q76201640	6000000057041943910
Q76201642	6000000057042438845
Q76201676	6000000057041124967
Q76201678	6000000057041573884
Q76201679	6000000057041655930
Q76201726	6000000020235773747
Q76201729	6000000066656389022
Q76201731	6000000034159535195
Q76202016	6000000001322217524
Q76202018	6000000001322217433
Q76202019	6000000001322217418
Q76202021	6000000005413012915
Q76202026	6000000001322202453
Q76202028	6000000005412955000
Q76202031	6000000005758751042
Q76202032	6000000005412984687
Q76202037	6000000009019892416
Q76202042	6000000009020189166
Q76202089	6000000006012017001
Q76202090	6000000003637912336
Q762023	6000000013029227426
Q76202351	6000000008809979385
Q7620255	6000000008182459460
Q762026	6000000014163322329
Q76202686	6000000053842200886
Q76202688	6000000014259168441
Q76202736	6000000053842526858
Q76202900	6000000014262453092
Q76202952	6000000057278994987
Q76203020	6000000057278860155
Q76203044	6000000021477410364
Q76203061	6000000077233569892
Q76203140	6000000025453277989
Q76203141	6000000025968505629
Q76203148	6000000019520513808
Q76203150	6000000008604718012
Q76203152	6000000008604718007
Q76203159	6000000038137421561
Q76203166	6000000008561501139
Q76203169	6000000008617737611
Q76203192	6000000008629057822
Q76203236	6000000007316062252
Q76203239	6000000007315920434
Q76203240	6000000017611249496
Q76203243	6000000017611177848
Q76203244	6000000008604973355
Q76203250	6000000017611207798
Q76203253	6000000035437337467
Q76203257	6000000017610637734
Q76203262	6000000017610682728
Q76203265	6000000210314376830
Q76203266	6000000017611081759
Q76203267	6000000017611151686
Q76203268	6000000017610722769
Q76203304	6000000031136979889
Q76203313	6000000031146059637
Q76203316	6000000031147414200
Q7620335	6000000013384362416
Q76203355	6000000031145936018
Q76203396	6000000023828274930
Q7620341	6000000003443103959
Q76203421	6000000017611205399
Q76203442	6000000073860619866
Q76203443	6000000073860709839
Q76203453	6000000047617892120
Q76203460	6000000046796547887
Q76203461	6000000046796301121
Q76203464	6000000046825170860
Q76203514	6000000046796286116
Q76203517	6000000046831711826
Q76203518	6000000046831903011
Q76203519	6000000046796585921
Q76203523	6000000046822187913
Q76203525	6000000046821944020
Q76203548	6000000046796728886
Q76203549	6000000046796771851
Q76203551	6000000046796371312
Q76203701	6000000046655072194
Q76203710	6000000016079831379
Q76203712	6000000046655971037
Q76203777	6000000077289544856
Q76203839	6000000025792975981
Q76203842	6000000016079770766
Q76203878	6000000019082533083
Q76203901	6000000162059460821
Q76203908	6000000019118342309
Q76203910	6000000080621823001
Q76203914	6000000080621045213
Q76203944	6000000018117634228
Q7620396	6000000011173617427
Q76203964	6000000080622098943
Q76204141	6000000044614525862
Q76204263	6000000077881392145
Q76204269	6000000134319364828
Q76204279	6000000020651660412
Q76204332	6000000002925444547
Q76204348	6000000002903856011
Q76204432	6000000020651727141
Q76204453	6000000051520137206
Q76204459	6000000077979605530
Q76204486	6000000008537087399
Q76204526	6000000020210607811
Q76204528	6000000020210415294
Q76204529	6000000028674187831
Q76204541	6000000008156825002
Q76204549	6000000011335464469
Q76204550	6000000002802957616
Q76204551	6000000029175074175
Q76204555	6000000015173734384
Q76204559	6000000015173767270
Q76204560	6000000015173711799
Q76204563	6000000017187513969
Q76204568	6000000015173922265
Q76204571	6000000110791204979
Q76204572	6000000015174003049
Q76204577	6000000015192742693
Q76204594	6000000045993620265
Q76204602	6000000015174021043
Q76204613	6000000015194220629
Q76204615	6000000076281661901
Q76204617	6000000018652785583
Q76204618	6000000011335006608
Q76204619	6000000011335196093
Q76204620	6000000011335462422
Q76204621	6000000011335522206
Q76204633	6000000048569612843
Q76204634	6000000048569586876
Q76204636	6000000002764717414
Q76204638	6000000012439416157
Q76204647	6000000004954927684
Q76204661	6000000011121885411
Q76204668	6000000011127016780
Q76204706	6000000002764921660
Q76204708	6000000002802856166
Q76204723	6000000037156964255
Q76204744	6000000037157427983
Q76204749	6000000011163193372
Q76204753	6000000011163378356
Q76204754	6000000011163310630
Q76204782	6000000015193171057
Q76204786	6000000015193854710
Q76204787	6000000015193781842
Q76204789	6000000015195108585
Q76204790	6000000015194798633
Q76204793	6000000011299360547
Q76204801	6000000011162929671
Q76204803	6000000011163297270
Q76204806	6000000011166925289
Q76204807	6000000011166889426
Q76204819	6000000015194065996
Q76204834	6000000015194161396
Q76204837	6000000015194590623
Q76205076	6000000054425934858
Q76205211	6000000051525874981
Q76205237	6000000007357296308
Q76205238	6000000003791173164
Q76205240	6000000007356942449
Q76205241	6000000007357273232
Q76205242	6000000002916818616
Q76205245	6000000002916808693
Q76205247	6000000029026579548
Q76205249	6000000007356843270
Q76205261	6000000011404271881
Q76205290	6000000003714053847
Q76205332	6000000069564148160
Q76205417	6000000067835195841
Q76205476	6000000020821924007
Q76205545	6000000017920348997
Q76205556	6000000031699279576
Q76205602	6000000094158505699
Q76205689	6000000026021373833
Q76205693	6000000057016135855
Q76205717	6000000115223389883
Q76205771	6000000024039045788
Q76205772	6000000024039295262
Q76205846	6000000017805414651
Q76205848	6000000001877470490
Q76205884	6000000017727357080
Q76205885	6000000013948498299
Q76205997	6000000026021171825
Q76206083	6000000026013272443
Q76206113	6000000031215716581
Q76206114	6000000031216343878
Q76206135	6000000082622021853
Q76206136	6000000082621919865
Q76206182	6000000026024528866
Q76206215	6000000026023945480
Q76206275	6000000026024156689
Q76206317	6000000026024431016
Q76206340	6000000018145169637
Q76206344	6000000026024350984
Q76206362	6000000052003493038
Q76206364	6000000039817324533
Q76206369	6000000052000940125
Q76206371	6000000052003913853
Q76206420	6000000052001186862
Q76206424	6000000052003049501
Q76206427	6000000082477885621
Q76206437	6000000052003398933
Q76206439	6000000052003369879
Q76206443	6000000057024795997
Q76206445	6000000052003518871
Q76206520	6000000025496849310
Q76206560	6000000145780766855
Q76206582	6000000096364406141
Q76206606	6000000096365652996
Q76206740	6000000027461708204
Q76206770	6000000002263874411
Q76206776	6000000002263877004
Q7620708	6000000066935786595
Q76207113	6000000002263874386
Q76207114	6000000002263874433
Q76207134	6000000004029351566
Q76207299	6000000002263874443
Q76207302	6000000002263874665
Q76207304	6000000037746842971
Q76207359	6000000002263874673
Q76207377	6000000002263874692
Q76207379	6000000002263874850
Q76207489	6000000010284208051
Q76207489	6000000160120358821
Q76207491	6000000010288347920
Q76207491	6000000153405088828
Q76207492	6000000010288103166
Q76207492	6000000160119932833
Q76207495	6000000010284766985
Q76207495	6000000160123095859
Q76207497	6000000010289137249
Q76207498	6000000002499765125
Q76207498	6000000160124949821
Q76207500	6000000002499203758
Q76207500	6000000160124635830
Q76207563	6000000020025748631
Q76207564	6000000018691212149
Q7620761	6000000010370791223
Q76207655	6000000019069060050
Q76207657	6000000019070479980
Q76207661	6000000019070919054
Q76207689	6000000019068783819
Q76207690	6000000019069734589
Q76207711	6000000019079076397
Q76207715	6000000019079317519
Q76207718	6000000019079161747
Q76207719	6000000019079260647
Q76207722	6000000019079334499
Q76207758	6000000019079352143
Q76207761	6000000019079128618
Q76207770	6000000019089462093
Q76207782	6000000019088508498
Q76207790	6000000019090199974
Q76207792	6000000019090638262
Q76207806	6000000019090760382
Q76207813	6000000019090702182
Q762080	6000000002933482358
Q76208011	6000000019311915126
Q76208038	6000000003890761973
Q76208067	6000000005437511768
Q76208095	6000000026338729065
Q76208097	6000000026338350742
Q76208132	6000000026338726957
Q76208232	6000000001877475399
Q76208264	6000000037777832706
Q76208284	6000000015917851504
Q76208342	6000000025621285805
Q76208353	6000000023133986029
Q76208377	6000000001877477246
Q76208379	6000000057050116879
Q7620843	6000000008630269765
Q76208449	6000000080760379532
Q7620848	6000000025571888029
Q76208513	6000000033821476623
Q76208517	6000000033822033113
Q76208540	6000000033822210927
Q76208550	6000000033821476634
Q76208551	6000000033821916054
Q76208680	6000000018696486194
Q76208682	6000000018696084390
Q76208684	6000000018707995599
Q7620876	6000000008270203627
Q76208962	6000000068026960894
Q7620899	6000000010041786841
Q76209030	6000000031892125874
Q76209031	6000000051509857141
Q76209065	6000000018199438680
Q76209071	6000000018192306732
Q76209073	6000000018192383269
Q76209081	6000000018193182185
Q76209084	6000000018193365952
Q76209086	6000000018193218514
Q76209095	6000000018194274913
Q76209096	6000000018194135266
Q76209097	6000000018194457359
Q76209148	6000000018194674225
Q76209152	6000000018197700035
Q76209160	6000000018196906523
Q76209166	6000000018196422694
Q76209174	6000000018196598781
Q76209176	6000000018198176257
Q7620919	6000000009607289285
Q76209219	6000000018193333136
Q76209221	6000000018199868935
Q76209245	6000000018200102084
Q76209248	6000000018196754838
Q76209275	6000000006727907552
Q76209302	6000000091245467878
Q76209305	6000000018199902246
Q76209388	6000000018199769474
Q76209395	6000000105006572931
Q76209412	6000000018200545328
Q76209415	6000000018200212305
Q7620944	6000000011111505500
Q76209491	6000000018199576607
Q76209502	6000000011839714236
Q76209504	6000000018200023755
Q76209506	6000000018200028828
Q76209557	6000000018193430256
Q76209558	6000000018192048555
Q76209628	6000000004013411028
Q76209634	6000000018192106100
Q76209660	6000000030067777838
Q76209700	6000000019440962007
Q76209701	6000000056540653946
Q76209705	6000000056546444955
Q76209708	6000000056546803094
Q76209709	6000000056547017916
Q76209715	6000000056540322079
Q76209716	6000000056540787892
Q76209749	6000000008291397745
Q76209762	6000000048202043202
Q76209776	6000000026663122946
Q76209785	6000000026663175977
Q76209788	6000000026420724202
Q76209819	6000000047820783859
Q76209820	6000000001781669942
Q76209944	6000000043334817287
Q76209945	6000000027359353598
Q76209996	6000000011467693864
Q76210001	6000000027559546431
Q76210004	6000000011466936843
Q76210059	6000000022955433165
Q76210061	6000000018675869603
Q76210062	6000000027559178761
Q76210076	6000000018676440206
Q76210193	6000000027559681312
Q76210197	6000000097528535945
Q76210377	6000000012391887903
Q76210399	6000000017214406024
Q76210435	6000000018637126570
Q76210522	6000000027275088090
Q76210544	6000000014564912654
Q76210546	6000000103395861080
Q76210547	6000000103420721972
Q76210636	6000000027559141794
Q76210637	6000000027559702359
Q76210645	6000000035169169929
Q76210773	6000000005414496962
Q76210909	6000000046838890837
Q76210919	6000000031054371982
Q76210987	6000000006595337065
Q76210989	6000000006595114057
Q76211102	6000000013532909034
Q76211110	6000000013503629175
Q76211112	6000000026987545638
Q76211115	6000000020802174531
Q76211139	6000000053913954841
Q76211254	6000000049229208848
Q76211269	6000000102595585901
Q76211295	6000000053913940822
Q76211296	6000000053913713930
Q76211297	6000000017421327399
Q76211299	6000000017421132693
Q76211301	6000000017421128703
Q76211351	6000000031814339870
Q76211512	6000000026921420765
Q76211674	6000000031370983548
Q76211675	6000000031370903665
Q76211676	6000000031371005502
Q76211678	6000000031370370339
Q76211683	6000000067865149877
Q76211708	6000000037025301522
Q76211711	6000000037027106822
Q76211712	6000000071063340316
Q76211722	6000000034810716541
Q76211733	6000000023997205347
Q76211794	6000000103187406885
Q76211917	6000000020959007381
Q76211928	6000000025678730523
Q76211931	6000000025346310888
Q76211943	6000000025678808327
Q76211944	6000000025678649778
Q76211949	6000000025346334119
Q76211950	6000000025345971372
Q76211954	6000000025346125171
Q76211957	6000000025346328959
Q76211979	6000000025345933506
Q76211989	6000000031585243973
Q76211993	6000000025678574380
Q76212005	6000000027804785934
Q76212034	6000000027805144868
Q76212035	6000000027804907660
Q76212126	6000000038138967141
Q76212128	6000000038137290643
Q76212130	6000000038139043149
Q76212132	6000000011828775250
Q76212141	6000000011828415173
Q76212232	6000000066388341821
Q76212253	6000000011930574887
Q76212255	6000000038619321340
Q76212328	6000000008744048000
Q76212341	6000000069962924881
Q76212356	6000000069962784059
Q76212388	6000000055560996856
Q76212398	6000000055560628134
Q76212400	6000000055561496837
Q76212403	6000000045143292979
Q76212555	6000000044036797910
Q76212595	6000000033543648014
Q76212596	5207415546180089687
Q76212615	6000000022250529751
Q76212621	6000000023116515890
Q76212632	6000000027270126883
Q76212634	6000000027269917358
Q76212679	6000000033543404382
Q76212705	6000000052061108968
Q76212707	6000000053314141860
Q76212805	6000000006578545246
Q76212836	6000000021749364232
Q76212866	6000000017248960179
Q76212867	6000000020449938134
Q76212874	6000000031699077407
Q76212875	6000000031699990042
Q76212877	6000000031699981045
Q76212900	6000000068134659094
Q76212904	6000000047923180832
Q76212905	6000000047922811165
Q76212926	6000000068134274317
Q76212929	6000000083216159819
Q76212931	6000000083217298054
Q76212961	6000000012667662001
Q76213074	6000000000565460738
Q76213082	6000000027414701606
Q76213164	6000000076591773821
Q76213348	6000000014413235065
Q76213352	6000000075415733925
Q76213356	6000000075415622984
Q762134	6000000016097017331
Q76213405	6000000003122429277
Q76213407	6000000014606499249
Q76213409	6000000014606499259
Q76213412	6000000057048298300
Q76213413	6000000057048448289
Q76213417	6000000003122427737
Q76213418	6000000003122427679
Q76213419	6000000050577207035
Q76213574	6000000043494505694
Q76213583	6000000057046915068
Q76213586	6000000082598025489
Q76213589	6000000082598071621
Q76213610	6000000043495294856
Q76213616	6000000001714687132
Q76213624	6000000012444485072
Q76213627	6000000012437274533
Q76213856	6000000011467674987
Q76213952	6000000051945853843
Q76214045	6000000053273773190
Q76214078	6000000051945952848
Q76214084	6000000057047467821
Q76214089	6000000051945947879
Q76214125	6000000044601412836
Q76214170	6000000012445218963
Q76214260	6000000008604717979
Q76214285	6000000090038212857
Q76214302	6000000001714687597
Q76214511	6000000083864449185
Q76214517	6000000083864085835
Q76214548	6000000037475058166
Q76214552	6000000040403942896
Q76214637	6000000168108875831
Q76214639	6000000168109855826
Q76214641	6000000154859444952
Q76214641	6000000168109855821
Q76214707	6000000043805843862
Q76214708	6000000043805235230
Q76214772	6000000006444512763
Q76214830	6000000043647178883
Q76214860	6000000024407181559
Q76214862	6000000030913491812
Q76214864	6000000008620681045
Q76214892	6000000043103218462
Q76214894	6000000029944625697
Q76214941	6000000015960805249
Q76214944	6000000054281933865
Q76214946	6000000054282199852
Q76214947	6000000077391708827
Q76215	6000000102665475851
Q76215003	6000000001714688448
Q76215081	6000000076353359954
Q76215162	6000000046368521498
Q76215163	6000000046369242916
Q76215164	6000000046368726238
Q76215172	6000000009552755297
Q76215173	6000000016172772664
Q76215174	6000000016172981178
Q76215175	6000000006444512323
Q76215233	6000000069709750826
Q76215236	6000000069710232971
Q76215313	6000000073392805963
Q76215314	6000000048807608923
Q76215329	6000000075426991016
Q76215332	6000000075427428854
Q76215336	6000000026037745523
Q76215339	6000000075425967014
Q76215340	6000000075426305005
Q76215502	6000000057022651897
Q76215503	6000000028360783117
Q76215504	6000000009054356309
Q76215570	6000000033407206326
Q76215603	6000000033410260142
Q76215604	6000000028184500747
Q76215612	6000000033411073747
Q76215636	6000000033411395451
Q76215637	6000000033411467986
Q76215641	6000000033411158676
Q76215671	6000000057105732329
Q76215684	6000000033411502029
Q76215685	6000000033411543916
Q76215755	6000000029034020348
Q76215757	6000000029034278277
Q76215765	6000000035830253972
Q76215804	6000000045301475909
Q76215878	6000000011412749677
Q76216086	6000000001714651348
Q76216150	6000000001714651406
Q76216152	6000000001714651362
Q76216154	6000000001714651420
Q76216155	6000000001714651388
Q76216158	6000000038982023132
Q76216159	6000000001714651917
Q76216166	6000000012536498014
Q76216167	6000000012536181937
Q76216168	6000000010668503539
Q76216170	6000000010668514677
Q76216192	6000000013392375446
Q76216232	6000000077152838952
Q76216233	6000000086012275008
Q76216333	6000000027283874261
Q76216351	6000000027283770601
Q76216466	6000000001714593018
Q76216470	6000000001714593029
Q76216472	6000000001714593044
Q76216477	6000000001714767312
Q76216497	6000000001714767322
Q76216507	6000000001714767342
Q76216508	6000000001714593066
Q76216535	6000000002428230436
Q76216540	6000000011933318659
Q76216545	6000000011934132351
Q76216548	6000000011932762718
Q76216549	6000000011935132657
Q76216555	6000000011935304454
Q76216557	6000000001714593080
Q76216591	6000000077621592291
Q76216595	6000000018797878999
Q76216597	6000000018791734046
Q76216616	6000000066653118905
Q76216633	6000000026067608040
Q76216736	6000000020238635199
Q76216738	6000000015209540765
Q76216757	6000000010321305465
Q76216804	6000000006592268595
Q76216805	6000000005437486417
Q76216806	6000000005437486338
Q76216809	6000000005437486363
Q76216819	6000000005437535970
Q76216822	6000000005437543352
Q76216835	6000000005437496306
Q76216836	6000000005437496327
Q76216854	6000000005437486677
Q76216858	6000000016841865580
Q76216898	6000000005437489424
Q76217057	6000000033904917219
Q76217066	6000000044087114188
Q76217068	6000000055256823137
Q76217076	6000000050683072940
Q76217142	6000000077298359893
Q76217185	6000000025595207961
Q76217219	6000000046968553877
Q76217220	6000000008337238045
Q76217222	6000000046968881822
Q76217270	6000000033884446129
Q76217272	6000000015820772433
Q76217293	6000000033884158179
Q76217396	6000000015299240806
Q76217411	6000000015299776664
Q76217463	6000000057842188967
Q76217512	6000000083226866364
Q76217518	6000000031516200541
Q76217521	6000000031516694447
Q76217524	6000000081478108116
Q76217525	6000000157713694841
Q76217526	6000000081477860607
Q76217670	6000000031550360712
Q76217702	6000000010912283541
Q76217705	6000000072431156963
Q76217706	6000000021185285384
Q76217902	6000000033784676209
Q76217933	6000000028878882780
Q76218127	6000000010693946584
Q76218137	6000000153580864857
Q76218182	6000000044134884373
Q762182	6000000032198280932
Q76218241	6000000011370810691
Q76218289	6000000025037121881
Q76218296	6000000023296202097
Q76218328	6000000035150202087
Q76218370	6000000001564482133
Q76218535	6000000001634470510
Q76218582	6000000022494921387
Q76218805	6000000005437672602
Q76218807	6000000005437672479
Q76218808	6000000005437672610
Q76218809	6000000005437672615
Q76218813	6000000054309054846
Q76218814	6000000048035882853
Q76218818	6000000048037723146
Q76218821	6000000048039858882
Q76218822	6000000048042936886
Q76218836	6000000048049253987
Q76218884	6000000044185274618
Q76218885	6000000044186459876
Q76218887	6000000044186011467
Q76218899	6000000034728038063
Q76218904	6000000041788549863
Q76218905	6000000041788283440
Q76218912	6000000034727973120
Q76218915	6000000034728315007
Q76218988	6000000077586795930
Q76219020	6000000169640787264
Q76219057	6000000017245702490
Q76219146	6000000069754677073
Q76219174	6000000069755133426
Q76219318	6000000013346293254
Q76219323	6000000060250494924
Q76219330	6000000013969845943
Q76219385	6000000013341068494
Q76219388	6000000013341068483
Q76219389	6000000013346204359
Q76219397	6000000011555143437
Q76219398	6000000011555498050
Q76219400	6000000010934401770
Q76219547	6000000039710779508
Q76219573	6000000010318026398
Q76219589	6000000002831284595
Q76219602	6000000002831284610
Q76219626	6000000021982085866
Q76219640	6000000021981610131
Q76219736	6000000017634315884
Q76219995	6000000028613659737
Q76219998	6000000028614550922
Q76220	6000000016026670880
Q76220091	6000000017634519200
Q76220192	6000000026409945647
Q76220210	6000000024713852477
Q76220222	6000000001714653929
Q76220223	6000000001714653942
Q76220240	6000000001714653950
Q76220249	6000000001714658118
Q76220254	6000000010602722714
Q76220257	6000000010602720436
Q76220263	6000000001714646617
Q76220264	6000000001714646629
Q76220304	6000000019990024040
Q76220306	6000000028354433269
Q76220338	6000000014784819476
Q76220374	6000000014255371690
Q76220376	6000000014255364667
Q76220398	6000000052050667859
Q76220432	6000000006231978687
Q76220503	6000000045208310836
Q76220506	6000000045210106837
Q76220523	6000000045211271831
Q76220525	6000000045211215887
Q76220561	6000000045325226894
Q76220587	6000000056942611837
Q76220624	6000000080986851021
Q76220755	6000000023061452821
Q76220777	6000000048146818872
Q76220781	6000000007103452987
Q76220783	6000000013428033772
Q76220785	6000000013428607458
Q76220788	6000000013428487447
Q76220790	6000000013428623398
Q76220791	6000000013428506539
Q76220794	6000000013428461586
Q76220877	6000000013428461646
Q76220880	6000000000701062599
Q76220883	6000000013428495601
Q76220898	6000000035167254456
Q76220903	6000000013428574475
Q76220970	6000000013508041101
Q76221050	6000000006444097017
Q76221059	6000000052386205833
Q76221061	6000000052386097852
Q76221063	6000000052383624826
Q76221129	6000000053706447892
Q76221131	6000000180549811842
Q76221260	6000000118452599821
Q76221322	6000000026024945620
Q76221324	6000000026024740395
Q76221431	6000000007050558375
Q76221470	6000000003891285908
Q76221480	6000000049046358870
Q76221611	6000000019893491330
Q76221617	309190748130006474
Q76221635	309192006610008265
Q76221636	6000000021128118105
Q76221637	6000000021131136253
Q76221640	6000000021128118115
Q76221649	6000000021127752211
Q76221676	6000000028643949527
Q76221709	6000000006282692006
Q76221827	6000000037041566203
Q76221843	6000000015919873231
Q76221865	6000000014659873234
Q76221874	6000000037106977972
Q76221877	6000000038138990148
Q76221881	6000000013890529631
Q76221892	6000000013890225676
Q76222257	6000000034464354904
Q762223	6000000050308623041
Q76222417	6000000083549989318
Q76222470	6000000035011412387
Q76222495	6000000035009638151
Q76222497	6000000035009893847
Q76222619	6000000031648690903
Q76222649	6000000016147152049
Q76222653	6000000016147215146
Q76222824	6000000051498128846
Q76222830	6000000035169881966
Q76222830	6000000042424391637
Q76222833	6000000012529551189
Q76222834	6000000012532808455
Q76222836	6000000051497287415
Q76222838	6000000051498109907
Q76222902	6000000046966064994
Q76222903	6000000046967258826
Q76222941	6000000078041724863
Q76222950	6000000040736600939
Q76222951	6000000078043428119
Q76222953	6000000040736494212
Q76222954	6000000040736673981
Q76222997	6000000040735012912
Q76223036	6000000011024474496
Q76223138	6000000027146042960
Q76223190	6000000077298005092
Q76223195	6000000048149049832
Q76223197	6000000053704796980
Q76223198	6000000053704801961
Q76223323	6000000078691004887
Q76223326	6000000077297517174
Q76223395	6000000024823186421
Q76223397	6000000081777351235
Q76223582	6000000029544948151
Q76223600	6000000000070571349
Q76223602	6000000002538337517
Q76223606	6000000003126555387
Q76223620	6000000077297643509
Q76223627	6000000029149211468
Q76223679	6000000011152913150
Q76223695	6000000005106756464
Q762237	6000000104089357821
Q76223708	6000000005106744326
Q76223710	6000000014219159697
Q76223712	6000000029407745434
Q76223747	6000000013525698810
Q76223764	6000000017645118255
Q76223774	6000000002115881411
Q76223843	6000000015799113534
Q76223901	6000000104572015970
Q76223912	6000000006200682385
Q76223979	6000000064762098849
Q76223995	6000000038473791589
Q76224006	6000000100790317100
Q76224374	6000000063023264831
Q76224425	6000000038474273918
Q76224428	6000000038474316926
Q76224429	6000000038474325024
Q76224430	6000000030705376832
Q76224433	6000000038473427108
Q76224554	6000000013820209197
Q76224654	6000000028764626927
Q76224707	6000000006200807160
Q76224716	6000000020516762231
Q76224779	6000000028764224035
Q76224832	6000000021476360440
Q76224833	6000000006200673151
Q76224845	6000000029238411251
Q76224857	6000000040120783833
Q76224891	6000000075426036849
Q76224892	6000000075425871019
Q76224900	6000000030066313858
Q76224923	6000000054618605963
Q76224995	6000000057302409163
Q76224997	6000000057302680042
Q76225002	6000000031039133153
Q76225030	6000000068881741822
Q76225035	6000000057302465200
Q76225037	6000000057302611096
Q76225038	6000000057302814916
Q76225040	6000000068881711851
Q76225041	6000000068881745845
Q76225062	6000000026272968770
Q76225095	6000000054618682925
Q76225097	6000000054618198078
Q76225098	6000000054677539908
Q76225129	6000000054679328821
Q76225150	6000000005308415007
Q76225426	6000000051702128959
Q76225472	6000000029165712252
Q76225579	6000000047803827893
Q76225581	6000000047808721035
Q76225590	6000000051706556880
Q76225594	6000000047808894971
Q76225611	6000000047808898939
Q76225676	6000000034373758812
Q76225756	6000000034373861970
Q76225871	6000000051702195003
Q76225872	6000000051702380868
Q76225958	6000000047803522166
Q76225959	6000000014059197639
Q76226184	6000000047808415303
Q76226185	6000000047801347526
Q76226195	6000000047808558311
Q76226206	6000000047803212642
Q76226207	6000000047803827939
Q76226211	6000000047803463322
Q76226216	6000000047803866955
Q76226230	6000000047803276863
Q76226238	6000000047806897311
Q76226240	6000000033785774048
Q76226243	6000000033785481433
Q76226254	6000000032507615546
Q76226263	6000000014093176509
Q76226276	6000000014093098717
Q76226277	6000000047802982973
Q76226279	6000000047802740147
Q76226294	6000000047803257028
Q76226295	6000000047802854938
Q76226297	6000000047802983924
Q76226299	6000000054543722833
Q762263	6000000079290762052
Q76226324	6000000047801872878
Q76226327	6000000091618641138
Q76226419	6000000047801849892
Q76226469	6000000047801940934
Q76226475	6000000091618641340
Q76226495	6000000047801985877
Q76226505	6000000047801856007
Q76226560	6000000047801234076
Q76226563	6000000047801359341
Q76226589	6000000047801855904
Q76226593	6000000047802028837
Q76226595	6000000091618641297
Q76226602	6000000047801198000
Q76226611	6000000088892235035
Q76226633	6000000047802652074
Q76226640	6000000014058854297
Q762267	6000000009753542165
Q76226726	6000000014058753524
Q76226734	6000000047801064031
Q76226818	6000000041628854880
Q76226880	6000000008394816929
Q76226885	6000000002698833239
Q76227002	6000000026483166709
Q76227083	6000000029710070834
Q76227118	6000000050552205948
Q76227128	6000000013545182941
Q76227129	6000000010717660273
Q76227131	6000000013545275838
Q76227132	6000000013546238117
Q76227133	6000000015096128422
Q76227134	6000000015096120793
Q76227135	6000000010717280054
Q76227138	6000000010717568414
Q76227139	6000000187990149884
Q76227140	6000000187990194841
Q76227141	6000000010717619818
Q76227143	6000000010717294863
Q76227144	6000000010717347883
Q76227146	6000000010717605001
Q76227147	6000000010717316927
Q76227149	6000000010717526484
Q76227150	6000000010717606795
Q76227151	6000000010717606799
Q76227152	6000000010717346724
Q76227155	6000000010717588412
Q76227156	6000000029939518115
Q76227157	6000000010717496553
Q76227159	6000000010717648391
Q76227160	6000000009406865934
Q76227161	6000000009406907961
Q76227162	6000000010717356900
Q76227164	6000000010717603649
Q76227166	6000000009407015412
Q76227167	6000000111761324197
Q76227176	6000000042946297050
Q76227180	6000000040902345694
Q76227182	6000000020304776800
Q76227581	6000000102593757919
Q762276	6000000017922855227
Q76227617	6000000102594830882
Q76227627	6000000076807842070
Q76227821	6000000027540937449
Q76227822	6000000027552288127
Q76227823	6000000027541397390
Q762279	6000000004993758685
Q76228018	6000000010383306086
Q76228158	6000000012818423703
Q76228161	6000000012818865329
Q76228172	6000000024436016221
Q76228202	6000000024436017997
Q76228213	6000000025997363956
Q76228224	6000000036847568217
Q76228227	6000000036847962123
Q76228252	6000000083642428854
Q76228253	6000000083642320902
Q76228259	6000000041584160656
Q76228305	6000000055620644869
Q76228306	6000000055620693913
Q76228387	6000000002689076373
Q76228431	6000000017247605105
Q76228510	6000000030704226350
Q76228527	6000000020304869242
Q76228621	6000000020305138840
Q76228629	6000000035411155970
Q76228672	6000000001497182105
Q76228786	6000000030066200274
Q76228815	6000000057302562200
Q76229051	6000000047807445971
Q76229089	6000000047801846834
Q76229179	6000000036427682880
Q76229184	6000000006200682284
Q76229254	6000000213957242826
Q76229258	6000000028495044302
Q76229298	6000000014385117353
Q76229342	6000000009054252402
Q76229647	6000000052823099919
Q76229682	6000000041586996848
Q76229698	6000000027209824747
Q76229740	6000000002129665892
Q76229873	6000000085677661967
Q76229938	6000000026270438729
Q762300	6000000014638042626
Q76230051	6000000017949370568
Q76230154	6000000001608918704
Q76230245	6000000009729153588
Q76230260	6000000009728900133
Q76230346	6000000033547451887
Q76230358	6000000009729140753
Q76230362	6000000009735298525
Q76230365	6000000009735346561
Q76230367	6000000009735298269
Q76230368	6000000009735298647
Q76230372	6000000009735497610
Q76230373	6000000009735298451
Q76230376	6000000009728902903
Q76230380	6000000009729156180
Q76230382	6000000009735298277
Q76230383	6000000009735276200
Q76230385	6000000009735415222
Q76230440	6000000053978867839
Q76230500	6000000009729141140
Q76230520	6000000009729136018
Q76230543	6000000009729140792
Q76230545	6000000009729209198
Q76230546	6000000009729149298
Q76230559	6000000009729140239
Q76230561	6000000009729131133
Q76230562	6000000009729130887
Q76230690	6000000009729140907
Q76230696	6000000009729140538
Q76230772	6000000008269955718
Q76230785	6000000008291508284
Q76230791	6000000008291371821
Q76231254	6000000078043174565
Q76231267	6000000078044918535
Q76231354	6000000003249566612
Q76231365	6000000044705628821
Q76231455	6000000043915420513
Q76231500	6000000034472926862
Q76231657	6000000143869877944
Q76231692	6000000007626678007
Q76231699	6000000008218136060
Q762317	6000000054427479931
Q76231707	6000000000585004529
Q76231719	6000000000587647064
Q76231720	6000000007626531086
Q76231732	6000000043078450403
Q76231867	6000000090942074008
Q76231887	6000000000921000253
Q76231927	6000000008744223142
Q76232007	6000000000587647722
Q76232058	6000000020313145851
Q76232091	6000000003216087821
Q76232125	6000000066655340850
Q76232137	6000000066655217982
Q76232188	6000000038351739591
Q76232213	6000000034947880021
Q76232222	6000000000584682719
Q76232227	6000000000914424584
Q76232253	6000000000584429740
Q76232363	6000000048526896873
Q76232456	6000000187921729212
Q76232459	6000000187921729185
Q76232461	6000000000584636616
Q76232480	6000000000584899514
Q76232789	6000000059938556837
Q76232794	6000000050082015913
Q76232808	6000000028626870909
Q76232810	6000000028626640283
Q76232830	6000000028626574308
Q76232860	6000000055368110849
Q76232883	6000000028626890070
Q76232891	6000000010221047209
Q76232893	6000000030841551323
Q76232895	6000000010213650882
Q76232980	6000000050085646845
Q76232984	6000000050085114059
Q76232985	6000000050084937840
Q76232988	6000000050085319821
Q76232991	6000000050085204880
Q76232993	6000000050085523822
Q76233000	6000000030841693339
Q76233024	6000000030842236037
Q76233027	6000000052544545430
Q76233461	6000000069517930830
Q76233479	6000000082580901974
Q76233491	6000000025876823448
Q76233500	6000000105737661945
Q76233569	6000000025890559173
Q76233586	6000000010487204295
Q76233588	6000000025890563643
Q76233591	6000000025890834152
Q762336	6000000026830580000
Q76233607	6000000043902471957
Q76233692	6000000027843793202
Q76234128	6000000026920745698
Q76234581	6000000010686782260
Q76234588	6000000069520656854
Q76234589	6000000012571464866
Q76234593	6000000012571584965
Q76234594	6000000069517328827
Q76234615	6000000069516752036
Q76234618	6000000012571556529
Q76234619	6000000012571684527
Q76234627	6000000069520458939
Q76234634	6000000069520539973
Q76234778	6000000056540880822
Q76234782	6000000050112913874
Q76234787	6000000037722474042
Q76234801	6000000025873464573
Q76234919	6000000018337252627
Q76234968	6000000075339887964
Q76234981	6000000056546595893
Q76234997	6000000056546598880
Q76235009	6000000056540832856
Q76235264	6000000018637028158
Q76235287	6000000054530940061
Q76235340	6000000032169833311
Q76235379	6000000026663195880
Q76235405	6000000070401103995
Q76235432	6000000026903000436
Q76235435	6000000070401246942
Q76235436	6000000033314186960
Q76235478	6000000017212034656
Q76235504	6000000012471846935
Q76235521	6000000055562085635
Q76235537	6000000070405745184
Q76235538	6000000070405329537
Q76235549	6000000068961546082
Q76235569	6000000038564559259
Q76235578	6000000038543868857
Q76235625	6000000017108829103
Q76235631	6000000011935536100
Q76235632	6000000011935606462
Q76235633	6000000011934946076
Q76235634	6000000011935875420
Q76235636	6000000038030899526
Q76235647	6000000035163094891
Q76235648	6000000035163083922
Q76235657	6000000035163573948
Q76235658	6000000035162152750
Q76235660	6000000035162843352
Q76235661	6000000036578374010
Q76235665	6000000035163683135
Q76235667	6000000035165017913
Q76235673	6000000035164137829
Q76235674	6000000035162954220
Q76235675	6000000035164754840
Q76235676	6000000035164378952
Q76235679	6000000035163081186
Q76235682	6000000035163813226
Q762357	6000000158340918848
Q76235705	6000000042424764040
Q76235721	6000000029924526610
Q76235722	6000000029924907081
Q76235769	6000000000334417372
Q76235837	6000000002499504903
Q76235932	6000000050075755281
Q76235933	6000000050076700017
Q7623595	6000000027949054164
Q76235995	6000000045004741825
Q76235996	6000000033502171987
Q76236001	6000000051116102833
Q76236002	6000000002497436376
Q76236022	6000000017916274057
Q76236041	2867283
Q76236066	6000000003174539489
Q762361	6000000071896387067
Q76236105	6000000001608971958
Q76236151	6000000004189344573
Q76236172	6000000047048910874
Q76236173	6000000047048321933
Q76236260	6000000067834923956
Q76236261	6000000067835353821
Q76236356	6000000013182369690
Q76236382	6000000010407612824
Q76236384	6000000010407807737
Q762364	6000000129003849829
Q76236430	6000000039275147047
Q76236436	6000000039275339992
Q76236449	6000000029426880000
Q76236458	6000000029053379520
Q76236503	6000000027710533116
Q76236533	285842007780001173
Q76236538	6000000028505756150
Q76236540	6000000000565491602
Q76236552	2867066
Q76236555	4701221
Q76236558	6000000010869542410
Q76236587	6000000031760926078
Q76236588	6000000001715479075
Q76236589	6000000001715479040
Q76236591	6000000026050812744
Q76236600	6000000001034152175
Q76236601	6000000006727816639
Q76236602	6000000006728365195
Q76236604	6000000000220609438
Q76236607	6000000006728371210
Q76236608	6000000006728451003
Q76236609	6000000041376175237
Q76236609	6000000105992931906
Q76236610	6000000057187132834
Q76236612	6000000006728305262
Q76236613	2867368
Q76236615	6000000028204355092
Q76236616	6000000000985364355
Q76236619	6000000000985481519
Q76236620	4699023
Q76236623	6000000000770011739
Q76236625	6000000010992766235
Q76236641	6000000006992535052
Q76236642	6000000007080407077
Q76236652	6000000006998812453
Q76236659	6000000008337238050
Q76236661	6000000039817974882
Q76236663	6000000007026588482
Q76236664	6000000007026474449
Q76236672	6000000006999195012
Q76236684	6000000006999030493
Q76236696	6000000007125502278
Q76236698	6000000007125555398
Q76236699	6000000007125184503
Q76236700	6000000007125453937
Q76236712	6000000007125551495
Q76236715	6000000053765119905
Q76236717	6000000007125300777
Q76236724	6000000007125475347
Q76236792	6000000007027366078
Q76236793	6000000007026738878
Q76236801	6000000007027063086
Q76236803	6000000007105678515
Q76236811	6000000007105557851
Q76236840	6000000007106186202
Q76236845	6000000007027130011
Q76236847	6000000007026889364
Q76236866	6000000007027007174
Q76236868	6000000007027135039
Q76236869	6000000007027135064
Q76236879	6000000007027063315
Q76236880	6000000007026708648
Q76236882	6000000007027170141
Q76236883	6000000007027203107
Q76236885	6000000007027160143
Q76236897	6000000007105746847
Q76236932	6000000007107827043
Q76236935	6000000007026963020
Q76236938	6000000034647779276
Q76236939	6000000029835630989
Q76236955	6000000007110488323
Q76236957	6000000007109963589
Q76236971	6000000007106301378
Q76236972	6000000007105976707
Q76236973	6000000007106383287
Q76236974	6000000007106211459
Q76236977	6000000007105947881
Q76236978	6000000007106118668
Q76236979	6000000007106178467
Q76236983	6000000007106105560
Q76236984	6000000007106731377
Q76236989	6000000007106007742
Q76236990	6000000007106770509
Q76236991	6000000007106382247
Q76236992	6000000007109793438
Q76236993	6000000007106276336
Q76236996	6000000007109770438
Q76236999	6000000007106271514
Q76237001	6000000007109842464
Q76237010	6000000007106418884
Q76237022	6000000007107015241
Q76237029	6000000007107034237
Q76237036	6000000007110157296
Q76237177	6000000004571415231
Q76237194	6000000007016066049
Q76237305	6000000014720626492
Q76237410	6000000005323021008
Q76237421	6000000052046474974
Q76237433	6000000057019018922
Q76237435	6000000057018884920
Q76237463	6000000011193958861
Q76237549	6000000009056028340
Q76237553	6000000019049026857
Q76237556	6000000019048756191
Q76237557	6000000019048619201
Q76237558	6000000019049489806
Q76237618	6000000048376886887
Q76237620	6000000112282098826
Q76237656	6000000034499745121
Q76237701	6000000007081415577
Q76237702	6000000115305085887
Q76237741	6000000088816594880
Q76237750	6000000014901449391
Q76237811	368670971030011435
Q76237894	6000000027542834784
Q76237905	6000000027542307548
Q76237906	6000000010198628678
Q76237991	6000000006368317507
Q76237998	6000000006368405207
Q76237999	6000000006368278173
Q76238003	6000000006368393264
Q76238077	6000000013950083182
Q76238108	6000000017154569101
Q76238119	6000000099000975844
Q76238168	6000000033547472476
Q76238172	6000000010571326337
Q76238325	6000000006597118712
Q76238334	6000000029304250900
Q76238404	6000000013492647873
Q76238408	6000000013492180793
Q76238412	6000000007774776118
Q76238419	6000000000557364420
Q76238443	6000000033547789551
Q76238640	6000000001025545137
Q76238653	6000000008963835841
Q76238718	6000000022184837092
Q76238748	6000000015270496852
Q76238757	6000000005438372301
Q76238761	6000000015270458342
Q76238762	6000000019043931197
Q76238765	6000000025314317120
Q76238785	6000000005438401460
Q76238787	6000000005438401486
Q76238789	6000000027842226147
Q76238802	6000000002747460917
Q76238804	6000000015273796172
Q76238805	6000000071810264075
Q76238808	6000000071810195073
Q76238810	6000000015273830318
Q76238815	6000000005438372420
Q76238818	6000000005438401804
Q76238830	6000000015270716759
Q76238833	6000000015273858737
Q76238835	6000000015270155756
Q76238840	6000000005438412747
Q76238841	6000000015270342881
Q76238844	6000000005438407237
Q76238894	6000000025901657232
Q76238896	6000000048325601837
Q76238897	6000000048324728276
Q76238898	6000000048324930538
Q76238914	6000000019306012431
Q76238915	6000000024669333242
Q76238966	6000000051288514835
Q76238968	6000000051288021844
Q76238969	6000000051287896152
Q76238982	6000000098931736833
Q76238987	6000000097675377014
Q76239011	6000000005438401625
Q76239014	6000000005438412495
Q76239016	6000000005438412521
Q76239020	6000000005438412592
Q76239029	6000000072411662821
Q76239033	6000000072430420607
Q76239035	6000000026176953893
Q76239050	6000000013898503393
Q76239167	6000000002747382499
Q76239171	6000000013959648279
Q76239172	6000000002747461597
Q76239174	6000000002747503443
Q76239179	6000000005438401962
Q76239202	6000000110826279828
Q76239223	6000000005399919334
Q76239224	6000000005399919342
Q76239236	6000000090957433931
Q76239243	6000000039083354850
Q76239269	6000000005438407095
Q76239273	6000000015273742052
Q76239285	6000000005438412682
Q76239361	6000000097675042173
Q76239362	6000000083594069332
Q76239370	6000000097674863234
Q76239372	6000000097130496855
Q76239515	6000000014514081641
Q76239693	6000000004079757289
Q76239710	6000000000352431350
Q76239713	6000000098597151821
Q76239726	6000000020113025285
Q76239743	6000000020236020819
Q76239776	6000000035342457795
Q76239823	6000000034595690838
Q76239835	6000000013839763185
Q76239836	6000000013839614546
Q76239840	6000000013839673184
Q76239846	6000000005783161457
Q76239858	6000000034595744875
Q76239868	6000000033630371939
Q76239893	6000000087181696892
Q76239895	6000000029055843287
Q76239932	6000000010894916870
Q76239982	6000000088496989272
Q76239991	6000000021509616283
Q76240033	6000000021248988993
Q7624015	6000000001996930819
Q76240382	6000000004637704944
Q76240439	6000000029133816033
Q76240452	6000000029321865031
Q76240456	6000000029321976046
Q76240476	6000000017645714695
Q76240477	6000000017648815148
Q76240491	6000000066469987893
Q76240500	6000000046055138257
Q76240501	6000000046055181123
Q76240503	6000000046053909130
Q76240507	6000000050505438945
Q76240508	6000000050505654879
Q76240561	6000000017814169506
Q76240697	6000000005409087644
Q76240707	6000000019146504345
Q76240711	6000000019346407999
Q76240736	6000000045504899829
Q76240737	6000000039210905350
Q76240742	6000000002889260616
Q76240744	6000000002889237991
Q76240792	6000000089594156822
Q76240794	6000000041047868171
Q76240799	6000000121900757053
Q76240850	6000000121640732846
Q76240878	6000000007443644157
Q76240880	6000000007444225367
Q76240882	6000000000769909060
Q76240883	6000000002649946954
Q76240884	6000000002649974399
Q76240891	6000000020329340574
Q76240931	6000000121904924367
Q76240947	6000000009385369059
Q76240948	6000000009385100968
Q76240976	6000000031533505298
Q76240979	6000000031533467049
Q76240980	6000000031533270467
Q76240990	6000000031533298467
Q76241	6000000018569615993
Q76241010	6000000031533665922
Q76241037	6000000015887758978
Q76241053	6000000007288107431
Q76241097	6000000002499775957
Q76241113	6000000014227178196
Q76241117	6000000050550260021
Q76241122	6000000050550262968
Q76241225	6000000026413875184
Q76241227	6000000026412859594
Q762413	6000000004011390126
Q76241345	6000000017639350165
Q76241359	6000000017639341115
Q76241364	6000000017639657885
Q76241406	6000000016268782816
Q76241409	6000000016268914201
Q76241415	6000000013270184104
Q76241417	6000000000769880743
Q76241420	6000000027522456889
Q76241433	6000000004867234942
Q76241439	6000000004867240129
Q76241443	6000000055773271945
Q76241448	6000000004867590809
Q76241450	6000000055773087859
Q76241483	6000000020587257453
Q76241495	6000000039186602762
Q76241504	6000000010462677969
Q76241517	6000000084619530821
Q76241523	6000000006194760424
Q76241536	6000000042185115038
Q76241546	6000000035379157435
Q76241548	6000000035379610985
Q76241552	6000000023680225543
Q76241559	6000000039313755415
Q76241859	6000000016821678281
Q76241865	6000000023404139888
Q76241879	6000000055773968006
Q76241880	6000000055773992274
Q76241882	6000000055774736873
Q76241890	6000000055774474273
Q76241895	6000000028184835118
Q76241896	6000000028184940947
Q76241897	6000000028184478625
Q76241899	6000000028184944030
Q762419	6000000127141015905
Q76241900	6000000028184819739
Q76241922	6000000029493478998
Q76241923	6000000029493467905
Q76242	6000000018222017119
Q76242063	6000000010597788246
Q76242134	316728550230004067
Q76242155	6000000048015177184
Q76242166	6000000023403666636
Q762422	6000000008514644856
Q76242289	6000000024206148528
Q76242319	6000000024206330437
Q76242391	6000000005250234612
Q76242433	6000000037961339025
Q76242436	6000000048614220852
Q76242438	6000000048614088964
Q76242446	6000000037961532900
Q762425	6000000181464329880
Q76242518	6000000008934254835
Q76242571	6000000036882389698
Q76242576	6000000019753699413
Q76242577	6000000014058531478
Q76242608	6000000009517075967
Q76242613	6000000033046411142
Q76242626	6000000021985646459
Q76242629	6000000021985746368
Q76242636	6000000046034252950
Q76242637	6000000016635281924
Q76242716	6000000008508153582
Q76242718	6000000008508171858
Q76242719	6000000008508119517
Q76242747	6000000013839226478
Q76242748	6000000013843610186
Q76242754	6000000013840150152
Q76242766	6000000013842597282
Q76242894	6000000020268520840
Q76242913	6000000020569884154
Q76242930	6000000007590071328
Q76242939	6000000013474306721
Q76242941	6000000013474315567
Q76242943	6000000013482359653
Q76242946	6000000013509220789
Q76242953	6000000011003178253
Q76242956	6000000015627262396
Q76242961	6000000017320147579
Q76242966	6000000015613446863
Q76242967	6000000015613622158
Q76242973	6000000013510899101
Q76242981	6000000019693946130
Q76242982	6000000032052922944
Q76242983	6000000019692888684
Q76242984	6000000018347440885
Q76242993	6000000018347593700
Q76242995	6000000018347734190
Q76242999	6000000019856434985
Q76243	6000000014745719271
Q76243001	6000000019856646468
Q76243002	6000000080079739971
Q76243015	6000000017837247052
Q76243022	6000000015613215945
Q76243029	6000000014154253275
Q76243038	6000000008210397270
Q76243042	6000000008210075016
Q76243771	6000000025516412854
Q76243816	6000000025516685845
Q76243820	6000000039862363406
Q76243822	6000000039862759903
Q76243848	6000000039862589616
Q76243850	6000000039863697795
Q76243851	6000000039862629821
Q76243853	6000000039863133261
Q76243860	6000000032328884885
Q76243901	6000000039862700631
Q76243948	6000000025516427377
Q76243950	6000000025516051274
Q76243966	6000000030970443931
Q76243985	6000000026747258624
Q76244203	6000000037239387508
Q76244205	6000000016302749618
Q76244206	6000000037240858374
Q76244207	6000000048577341987
Q76244243	6000000000643693686
Q76244312	6000000017864865452
Q76244348	6000000009729198884
Q76244359	6000000015930768253
Q76244373	6000000024408267109
Q76244376	5250133493380035041
Q76244389	6000000050827934924
Q76244391	6000000015187663708
Q76244393	6000000015187536007
Q76244394	6000000015187365560
Q76244396	6000000015187510678
Q76244449	6000000025621579426
Q76244455	6000000043154813069
Q76244461	6000000017998502493
Q76244463	6000000018034684738
Q76244466	6000000017438905908
Q76244467	6000000031057919340
Q76244476	6000000017906579036
Q76244488	6000000013510598545
Q76244501	6000000014982777005
Q76244510	6000000016145468752
Q76244515	6000000028069691761
Q76244530	6000000017125155031
Q76244537	6000000017600928128
Q76244569	6000000026015037303
Q76244583	6000000050827730093
Q76244704	6000000072321547579
Q76244740	6000000008508017242
Q76244751	6000000008507979461
Q76244772	6000000005888172008
Q76244779	6000000005883776442
Q76244854	6000000051500552968
Q76244895	6000000023497611610
Q76244899	6000000022765405571
Q76244916	6000000003303338849
Q76244927	6000000021041197746
Q76244928	6000000021041411100
Q76244929	6000000021062665399
Q76244931	6000000021062993197
Q76244933	6000000021063323966
Q76244935	6000000021063144299
Q76244936	6000000021058313786
Q76244938	6000000021063234861
Q76244940	6000000031914543833
Q76244942	6000000031913212562
Q76244943	6000000021041268294
Q76244944	6000000017261697842
Q76244945	6000000017261583764
Q76244950	6000000012378355444
Q76244953	6000000012378342478
Q76244962	6000000017262790042
Q76244969	6000000024169183268
Q76244970	6000000024169440856
Q76244971	6000000026177099358
Q76244972	6000000028182235404
Q76244976	6000000024477421648
Q76244978	6000000028181695669
Q76244979	6000000028182140637
Q76244981	6000000015139173375
Q76244999	6000000080809332238
Q76245002	6000000022974716151
Q76245006	6000000021797271599
Q76245021	6000000017418699467
Q76245026	6000000065528830987
Q76245105	6000000017899037918
Q76245132	6000000030728700017
Q7624528	6000000003147071790
Q76245472	6000000018283186171
Q76245478	6000000014669929132
Q76245516	6000000015930869645
Q76245540	6000000017864419216
Q76245541	6000000017865085109
Q76245546	6000000017864731456
Q76245565	6000000057941614895
Q76245573	6000000026199880098
Q76245601	6000000013264380334
Q76245602	6000000013263580146
Q76245603	6000000186717180687
Q76245604	6000000013264537508
Q76245606	6000000013264518609
Q76245607	6000000012941272088
Q76245608	6000000013264191821
Q76245612	6000000186328200319
Q76245613	6000000186328200346
Q76245657	6000000014467060929
Q76245698	6000000057475945846
Q76245699	6000000057522275896
Q76245728	6000000079537454200
Q76245730	6000000079538470849
Q76245746	6000000187921729238
Q76245747	6000000000360770969
Q76245749	6000000025593435836
Q76245752	6000000025592725699
Q76245755	6000000190547749899
Q76245756	6000000190547749893
Q76245761	6000000002354591348
Q76245857	6000000077863848090
Q76245939	6000000100548917291
Q76245940	6000000100552716843
Q76246027	6000000022650696410
Q76246037	6000000001646204368
Q76246039	6000000001645999935
Q76246074	6000000009466179614
Q76246078	6000000025443314827
Q76246130	6000000045838409188
Q76246141	6000000011830916699
Q76246245	6000000015918653222
Q76246246	6000000020306934041
Q76246312	6000000025443286821
Q76246316	6000000009466146555
Q76246317	6000000009466283551
Q76246391	6000000066561740833
Q76246401	6000000082785595896
Q76246409	6000000010556006355
Q76246410	6000000010555895593
Q76246639	6000000025442503075
Q76246687	6000000023498171421
Q76246691	6000000023498156539
Q76246915	6000000029926257447
Q76246949	6000000025510478138
Q76246951	6000000025579379038
Q76246962	6000000069429961940
Q76246963	6000000017098174592
Q76246964	6000000026009545675
Q76246970	6000000017204589868
Q76246972	6000000026009730350
Q76246973	6000000017099414731
Q76246974	6000000026106798998
Q76246976	6000000017099551701
Q76246977	6000000021076228496
Q76246979	6000000015139722396
Q76246980	6000000026914923892
Q76246981	6000000017098240495
Q76246986	6000000022538066324
Q76247000	6000000017524095072
Q76247001	6000000033703388553
Q76247002	6000000033703529166
Q76247005	6000000024517720273
Q76247006	6000000024517977835
Q76247019	6000000035196494944
Q76247024	6000000025031860648
Q76247026	6000000026106249129
Q76247027	6000000009670736253
Q76247031	6000000021076185626
Q76247032	6000000009670576303
Q76247034	6000000009670411307
Q76247044	6000000021076526964
Q76247045	6000000021076548014
Q76247047	6000000075407326860
Q76247054	6000000059655790142
Q76247055	6000000050305245842
Q76247063	6000000017099737889
Q76247070	6000000026104308154
Q76247074	6000000026009165346
Q76247077	6000000024170086997
Q76247078	6000000009670627321
Q76247081	6000000009670736297
Q76247083	6000000009670608648
Q76247090	6000000018008417593
Q76247091	6000000009670674381
Q76247092	6000000051330856837
Q76247094	6000000059238021273
Q76247095	6000000059235623175
Q76247119	6000000026103486633
Q76247122	6000000009670703399
Q76247127	6000000027513200443
Q76247137	6000000021222784656
Q76247138	6000000020584573482
Q76247142	6000000018065466745
Q76247150	6000000024477837910
Q76247202	6000000007590037546
Q76247204	6000000007636219547
Q76247211	6000000056999290915
Q76247212	6000000007636321503
Q76247214	6000000007590177352
Q76247215	6000000007636078862
Q76247243	6000000017949164460
Q76247261	6000000079480088621
Q76247333	6000000095086518106
Q76247364	6000000013232703604
Q76247371	6000000013233279564
Q76247392	6000000032272700824
Q76247401	6000000067030298853
Q76247402	6000000024716305619
Q76247405	6000000064216621081
Q76247464	6000000022378163255
Q76247468	6000000004111209958
Q76247477	6000000053181067097
Q76247503	6000000066377843919
Q76247579	6000000013949326286
Q76247595	6000000084601749193
Q76247596	6000000084601811302
Q76247629	6000000063430949900
Q76247630	6000000063427135839
Q76247702	6000000014048979039
Q76247737	6000000012341066587
Q76247738	6000000022382530878
Q76247834	6000000009985697677
Q76247850	6000000022295286900
Q76247896	6000000024406238350
Q76247933	6000000154164083835
Q76247943	6000000003430519115
Q76247944	6000000003430598026
Q76247953	6000000002236662243
Q76247986	6000000003216046723
Q76248024	6000000026593021863
Q76248030	6000000026592688510
Q76248034	6000000026892415519
Q76248035	6000000026892041482
Q76248103	6000000021136644020
Q76248107	6000000003774052171
Q76248112	6000000019828512422
Q76248116	6000000141830295861
Q76248145	6000000010735740500
Q76248146	6000000010735653669
Q76248149	6000000010735542946
Q76248151	6000000010735661606
Q76248152	6000000010735831232
Q76248154	6000000018099687929
Q76248157	6000000026027679469
Q76248158	6000000024448701763
Q76248159	6000000018098237417
Q76248160	6000000017894095814
Q76248166	6000000038156792256
Q76248188	6000000024305550245
Q76248319	6000000020802847801
Q76248321	6000000020802820738
Q76248326	6000000013322152216
Q76248328	6000000017850181305
Q76248330	6000000018018979318
Q76248332	6000000005566016777
Q76248333	6000000005566074529
Q76248334	6000000013322184281
Q76248335	6000000018011809696
Q76248336	6000000018012028056
Q76248339	6000000013787855460
Q76248340	6000000016199644874
Q76248341	6000000017893571734
Q76248344	6000000013354922660
Q76248347	6000000016198741777
Q76248350	6000000016199904721
Q76248351	6000000017893543880
Q76248352	6000000013718944210
Q76248357	6000000017671672321
Q76248363	6000000017783926341
Q76248364	6000000017783834478
Q76248367	6000000017783508439
Q76248368	6000000017783615482
Q76248376	6000000013734116256
Q76248380	6000000013733879750
Q76248415	6000000022335172817
Q76248450	6000000023511350855
Q76248456	6000000017864776443
Q76248466	6000000017864425247
Q76248554	6000000029716919876
Q76248579	6000000002116368949
Q76248581	6000000002115881605
Q76248830	6000000028757959148
Q76248843	6000000016685755149
Q76248873	6000000056023994841
Q76248964	6000000022756432323
Q76248965	6000000024474278858
Q76248966	6000000024490730932
Q76248967	6000000018605603644
Q76248968	6000000018605734358
Q76248970	6000000006828473565
Q76248972	6000000013864847115
Q76248976	6000000018605852083
Q76248977	6000000010593920707
Q76248978	6000000010850067421
Q76248979	6000000022189282251
Q76248982	6000000018774403247
Q76248983	6000000018774574088
Q76248985	6000000017240073508
Q76248986	6000000018605684964
Q76248988	6000000014709922448
Q76248990	6000000018605840060
Q76248991	6000000014710218268
Q76248999	6000000014709231828
Q76249000	6000000014709303528
Q76249002	6000000018096709857
Q76249005	6000000014982544774
Q76249013	6000000021540374684
Q76249014	6000000020886209920
Q76249022	6000000018604649882
Q76249024	6000000020971526419
Q76249026	6000000018605615912
Q76249027	6000000018605931057
Q76249028	6000000007754282811
Q76249032	6000000010048908993
Q76249033	6000000010048949426
Q76249035	6000000033064641382
Q76249037	6000000033065224953
Q76249042	6000000033064759242
Q76249044	6000000025772199444
Q76249049	6000000018603997860
Q76249050	6000000018604704315
Q76249051	6000000023463195128
Q76249052	6000000025780376055
Q76249054	6000000016615011663
Q76249056	6000000013482920538
Q76249057	6000000025780153324
Q76249058	6000000025780825873
Q76249062	6000000022511917660
Q76249067	6000000000128134557
Q76249068	6000000000128178555
Q76249070	5683672924890105724
Q76249072	5683672878420105717
Q76249074	6000000000127974868
Q76249119	6000000024657191139
Q76249132	6000000016200808083
Q76249135	6000000006356839731
Q76249137	6000000024533648671
Q76249139	6000000024536412936
Q76249140	6000000023462800028
Q76249141	6000000024529918594
Q76249142	6000000025780929006
Q76249148	6000000015150505908
Q76249153	6000000023033293100
Q76249154	6000000023032547088
Q76249156	6000000018834574235
Q76249162	6000000021566197054
Q76249163	6000000017495005259
Q76249164	6000000025785071645
Q76249165	6000000025785292721
Q76249168	6000000021600727274
Q76249169	6000000023459110510
Q76249170	6000000025776022833
Q76249172	6000000025773830980
Q76249174	6000000025773052303
Q76249175	6000000023459201478
Q76249177	6000000017694881333
Q76249183	6000000023463379139
Q76249184	6000000023484009549
Q76249187	6000000020970972668
Q76249190	6000000015414086602
Q76249192	6000000006431690622
Q76249194	6000000015139240571
Q76249196	6000000024656730598
Q76249198	6000000024656655258
Q76249210	6000000015139039816
Q76249211	6000000015139172262
Q76249212	6000000024610729775
Q76249213	6000000021540049577
Q76249214	6000000024889208152
Q76249216	6000000082316826034
Q76249219	6000000079184777199
Q76249220	6000000082317409994
Q76249221	6000000082403742886
Q76249279	6000000079213995983
Q76249283	6000000079213794103
Q76249284	6000000079214070977
Q76249338	6000000022150187281
Q76249340	6000000095671162877
Q76249379	6000000109065055107
Q76249380	6000000109065772838
Q76249438	6000000042942518235
Q76249473	6000000129088081823
Q76249587	6000000022029795472
Q76249838	6000000053407908999
Q76249911	6000000052096560007
Q76249978	6000000006581038373
Q76249994	6000000057063763322
Q76250077	6000000021199247744
Q762501	6000000016466926884
Q76250119	6000000039109640835
Q76250120	6000000039108966434
Q76250122	6000000039109162813
Q76250148	6000000028223786849
Q76250169	6000000067861290946
Q76250171	6000000067861491876
Q76250196	6000000074751203012
Q76250260	6000000016382549062
Q76250261	5099809276270063196
Q76250266	6000000025122169173
Q76250293	6000000011852031907
Q76250301	6000000013295810034
Q76250303	6000000001448526072
Q76250307	6000000021249094749
Q76250308	6000000018774871111
Q76250357	6000000071735648312
Q76250360	6000000045750536015
Q76250363	6000000045751655852
Q76250365	6000000045751327315
Q76250368	6000000045751368160
Q76250380	6000000028202140830
Q76250447	6000000017223730650
Q76250481	6000000011040409203
Q76250493	6000000047337956025
Q76250514	6000000045753038015
Q76250517	6000000045752889241
Q76250519	6000000045752938055
Q76250523	6000000045752937240
Q76250552	6000000045753170200
Q76250555	6000000045708983975
Q76250556	6000000102356202847
Q76250563	6000000045718032876
Q76250566	6000000045717207372
Q76250571	6000000019293996069
Q76250606	6000000020274766728
Q76250614	6000000016432359053
Q76250626	6000000003218776572
Q76250662	6000000057163826893
Q76250666	6000000008899993270
Q76250689	6000000003379279595
Q76250690	6000000003379327449
Q76250693	6000000003379466586
Q762507	6000000006444220994
Q76250718	6000000004671936075
Q76250837	6000000025336484104
Q76250880	6000000026892594960
Q76250894	6000000035627045825
Q76250895	6000000035627092864
Q76250896	6000000035627006864
Q76250899	6000000035626701947
Q76250900	6000000022228679182
Q76251026	6000000016287736856
Q76251043	6000000041232400592
Q76251064	6000000017255597813
Q76251239	6000000001608843835
Q76251244	6000000025905518710
Q76251245	6000000006802855776
Q76251306	6000000010323286931
Q76251387	6000000026410031424
Q76251469	6000000031211306249
Q76251472	6000000031211653838
Q76251515	6000000018447128884
Q76251531	6000000027861654383
Q76251552	6000000010681325998
Q76251555	6000000027861432389
Q76251623	6000000018990976694
Q76251634	6000000024330865757
Q76251634	6000000041114454001
Q76251645	6000000007076545406
Q76251656	6000000024331602880
Q76252038	6000000030063180757
Q76252041	6000000025758480344
Q76252060	6000000025758555982
Q76252090	6000000013720247638
Q76252096	6000000018172992344
Q76252106	6000000022698756607
Q76252111	6000000015150555323
Q76252113	6000000018886399416
Q76252115	6000000018172992334
Q76252122	6000000021083384900
Q76252124	6000000017999790019
Q76252126	6000000021083384907
Q76252128	6000000021081947780
Q76252130	6000000021553486333
Q76252135	6000000024518977681
Q76252148	6000000016182821473
Q76252150	6000000016182821468
Q76252156	6000000015408607800
Q76252157	6000000015409354173
Q76252169	6000000019103796777
Q76252172	6000000021082175590
Q76252178	6000000026392029537
Q76252191	6000000025021256340
Q76252193	6000000025021270817
Q76252198	6000000017165039798
Q76252201	6000000019671801076
Q76252202	6000000019671863020
Q76252208	6000000020745627993
Q76252214	6000000029958947955
Q76252216	6000000021082535383
Q76252218	6000000017460065674
Q76252232	6000000062566836219
Q76252233	6000000062567389920
Q76252270	6000000035626750970
Q76252359	6000000018428322001
Q76252452	6000000018057371123
Q76252477	6000000023489342791
Q76252498	6000000003613965106
Q76252528	6000000027540061840
Q76252631	6000000100267044978
Q76252636	6000000009396435222
Q76252638	6000000018163610582
Q76252643	6000000010075630503
Q76252660	6000000013482796012
Q76252666	6000000021784816571
Q76252667	6000000018057098773
Q76252671	6000000018886114506
Q76252676	6000000022863067598
Q76252677	6000000021081927516
Q76252678	6000000021082221393
Q76252679	6000000018134418059
Q76252681	6000000018134293377
Q76252682	6000000018242326022
Q76252689	6000000034230752888
Q76252703	4871065017010012768
Q76252714	6000000000708505287
Q76252715	6000000018130475145
Q76252717	6000000018129648603
Q76252729	6000000020982247766
Q76252731	6000000029940133169
Q76252732	6000000029942665295
Q76252733	6000000029942335412
Q76252734	6000000029942837844
Q76252735	6000000029940273001
Q76252737	6000000018129802590
Q76252738	6000000018133784135
Q76252753	6000000005750358705
Q76252763	6000000027685547300
Q76252900	6000000002428615049
Q76252901	6000000002428531288
Q76252924	6000000025540508377
Q76252944	6000000014478292727
Q76253058	6000000048399549847
Q76253061	6000000048410437131
Q76253065	6000000012780086542
Q76253087	6000000036545831901
Q76253095	6000000036543859788
Q76253097	6000000036545168073
Q76253105	6000000017503399534
Q76253300	6000000004124548331
Q76253301	6000000004124548337
Q76253302	6000000042708726095
Q76253412	6000000001877504566
Q76253626	6000000016910352978
Q76253734	6000000005006017735
Q76253737	6000000015876956311
Q76253836	6000000074989139831
Q76253859	6000000014103070077
Q76253872	6000000004124386295
Q76253875	6000000004124386415
Q76253992	6000000025703267187
Q76254025	6000000027341751328
Q76254025	6000000090666349838
Q76254085	6000000008481649377
Q76254089	6000000011907020390
Q76254095	6000000013616764642
Q76254098	6000000042578157782
Q76254121	6000000026886155071
Q76254123	6000000026886108092
Q76254125	6000000026885832731
Q76254147	6000000076346939853
Q76254441	6000000019026071273
Q76254442	6000000019026047210
Q76254445	6000000057046497976
Q76254449	6000000057046648962
Q76254450	6000000019026186132
Q76254452	6000000057045797068
Q76254453	6000000057046626943
Q76254464	6000000057262912847
Q76254488	6000000031864523092
Q76254559	6000000019026139305
Q76254603	6000000016564394139
Q76254643	6000000027124737060
Q76254643	6000000117156600899
Q76254644	6000000027122369595
Q76254644	6000000117156600908
Q76254649	6000000041028687269
Q76254656	6000000028823867901
Q76254659	6000000028873753823
Q76254671	6000000049135700857
Q76254672	6000000052700410068
Q76254713	6000000190205196861
Q76254716	6000000008207159006
Q76254729	6000000055912390941
Q76254773	6000000089967068873
Q76254780	6000000011104848843
Q76254803	6000000136297538887
Q76254848	6000000021159659833
Q76255169	6000000013403993857
Q76255170	6000000013761083592
Q76255171	6000000013761003850
Q76255248	6000000033357515866
Q76255250	6000000033357537856
Q76255253	6000000033357495972
Q76255317	6000000091399333102
Q76255321	6000000091399333128
Q76255326	6000000019892777239
Q76255331	6000000019892118598
Q76255334	6000000019892992205
Q76255335	6000000019892023668
Q76255336	6000000019891988616
Q76255436	6000000069556735903
Q76255483	6000000013482530526
Q76255491	6000000015013348488
Q76255494	6000000015013249499
Q76255497	6000000013482711131
Q76255505	6000000016247657738
Q76255507	6000000016247568609
Q76255518	6000000016247151556
Q76255527	6000000017523578617
Q76255537	6000000017486682955
Q76255538	6000000017447262017
Q76255540	6000000017486933532
Q76255542	6000000029449174917
Q76255554	6000000016247929797
Q76255559	6000000020448922307
Q76255564	6000000075400258910
Q76255565	6000000021149966499
Q76255570	6000000020971481037
Q76255575	6000000021136713133
Q76255576	6000000021136713139
Q76255578	6000000026998305022
Q76255582	6000000017916185663
Q76255583	6000000017916221239
Q76255593	6000000021884104236
Q76255711	6000000068517210986
Q76255780	6000000018014448943
Q76255786	6000000018109854480
Q76255791	6000000018059163715
Q76255793	6000000021083610501
Q76255798	6000000025021324314
Q76255800	6000000025021432463
Q76255802	6000000020849587045
Q76255804	6000000024537314208
Q76255806	6000000024657287957
Q76255807	6000000024657028143
Q76255810	6000000024657356898
Q76255820	6000000015605966246
Q76255829	6000000018066905478
Q76255830	6000000013238076124
Q76255831	6000000013238047574
Q76255861	6000000027636967031
Q76255893	6000000004108848091
Q76255928	6000000013706997523
Q76256	6000000005588589206
Q76256090	6000000016197241680
Q76256092	6000000012224248007
Q76256096	6000000025873846188
Q76256097	6000000025873680296
Q76256098	6000000089052742021
Q76256168	6000000207934959866
Q76256214	6000000087820882981
Q76256230	6000000013761450379
Q76256233	6000000013761450389
Q76256272	6000000001781666972
Q76256363	6000000001714558782
Q76256370	6000000045299369050
Q76256374	6000000045302191837
Q76256378	6000000045302280860
Q76256380	6000000015850234647
Q762566	6000000082440416104
Q76256709	6000000006444402681
Q76256717	6000000019613079630
Q76256776	6000000027559024669
Q76256778	6000000027559113124
Q76256779	6000000027559143099
Q76256790	6000000027559408809
Q76256794	6000000027558518720
Q76256796	6000000027559244054
Q76256797	6000000066095274125
Q76256801	6000000006432652270
Q76256802	6000000006433822020
Q76256803	6000000006794944266
Q76256807	6000000019613218602
Q76256808	6000000017153173299
Q76256809	6000000017153221237
Q76256812	6000000017153254172
Q76256816	6000000018210232768
Q76256818	6000000033838422918
Q76256819	6000000024538398539
Q76256820	6000000020159978400
Q76256821	6000000024509783876
Q76256823	6000000020159137608
Q76256825	6000000024179431323
Q76256826	6000000028809356941
Q76256831	6000000020160007420
Q76256841	6000000020172180954
Q76256842	6000000020171617510
Q76256856	6000000008647682775
Q76256858	6000000019613964700
Q76256859	6000000019841226022
Q76256864	6000000020988158165
Q76256865	6000000015414105887
Q76256866	6000000017954036059
Q76256867	6000000020162178577
Q76256870	6000000020164281814
Q76256871	6000000009824430814
Q76256873	6000000016542737263
Q76256875	6000000016542501226
Q76256876	6000000009822953103
Q76256877	6000000020955900179
Q76256878	6000000020953709677
Q76256880	6000000031299188999
Q76256881	6000000009458575002
Q76256883	6000000016542578412
Q76256887	6000000031038385093
Q76256888	6000000031029679762
Q76256889	6000000031029679756
Q76256890	6000000015742435120
Q76256994	6000000089869947125
Q76257164	6000000034355041383
Q76257187	6000000042576284546
Q76257210	6000000027559137184
Q76257211	6000000027559257906
Q76257214	6000000027559062091
Q76257215	6000000027557074810
Q76257220	6000000027556629638
Q76257221	6000000025066463075
Q76257223	6000000027558864494
Q76257225	6000000027558914126
Q76257226	6000000027558645772
Q76257245	6000000027557148752
Q76257246	6000000027556898236
Q76257250	6000000017233652219
Q76257257	6000000078475463821
Q76257261	6000000066092698984
Q76257261	6000000198115655975
Q76257264	6000000066095180878
Q76257280	6000000078472652834
Q76257284	6000000078472549862
Q76257285	6000000078472973892
Q76257286	6000000078475015821
Q76257288	6000000078474749851
Q76257289	6000000078475051827
Q76257470	6000000015741946904
Q76257472	6000000020165130217
Q76257473	6000000020419690392
Q76257476	6000000020184903082
Q76257477	6000000020185046973
Q76257482	6000000020167249194
Q76257484	6000000020167269718
Q76257486	6000000016542502525
Q76257487	6000000016542480333
Q76257489	6000000017228063147
Q76257490	6000000015128571146
Q76257491	6000000017227992745
Q76257493	6000000017228064301
Q76257496	6000000016542425353
Q76257500	6000000020166940512
Q76257501	6000000020167377135
Q76257503	6000000020180442029
Q76257504	6000000020167430157
Q76257506	6000000020168053319
Q76257507	6000000020164833479
Q76257511	6000000009796503288
Q76257514	6000000020178982240
Q76257515	6000000029360335449
Q76257517	6000000020168240457
Q76257574	6000000020168215244
Q76257577	6000000025778462821
Q76257579	6000000020168553825
Q76257581	6000000025771841421
Q76257583	6000000020180136294
Q76257585	6000000020180209454
Q76257586	6000000020180535852
Q76257590	6000000020180159660
Q76257591	6000000020180595847
Q76257593	6000000020180610781
Q76257603	6000000008647831010
Q76257606	6000000024117780253
Q76257610	6000000008647943466
Q76257614	6000000008647926417
Q76257616	6000000008647951180
Q76257620	6000000027596296417
Q76257627	6000000027596295019
Q76257628	6000000027596141620
Q76257629	6000000027596445012
Q76257639	6000000027595925437
Q76257642	6000000027595863502
Q76257643	6000000027595925614
Q76257686	6000000016145877419
Q76257688	6000000018097207185
Q76257691	6000000017417155637
Q76257701	6000000009396477414
Q76257702	6000000010273354675
Q76257703	6000000010273294894
Q76257704	6000000009396043982
Q76257707	6000000010273316956
Q76257710	6000000010894504886
Q76257714	6000000009396165723
Q76257715	6000000009396402621
Q76257724	6000000010931850400
Q76257729	6000000036920301036
Q76257803	6000000001714633264
Q76257809	6000000001714633249
Q76257815	6000000001714555985
Q76257834	6000000069302595086
Q76257846	6000000001714558738
Q76258	6000000034870930005
Q76258078	6000000006893755300
Q76258080	6000000001714558842
Q76258081	6000000017244370733
Q76258082	6000000001714558881
Q76258084	6000000001714558895
Q76258102	6000000045505178847
Q76258104	6000000181095605879
Q76258124	6000000019156946507
Q76258158	6000000045298186002
Q76258161	6000000045299178934
Q76258202	6000000038450139266
Q76258203	6000000019990249466
Q76258292	6000000038369449690
Q76258350	6000000054026130823
Q76258393	6000000067481515907
Q76258511	6000000018273038229
Q76258570	6000000034283114821
Q76258572	6000000034282446318
Q76258578	6000000018883223634
Q76258592	6000000018417872844
Q76258644	6000000017638093129
Q76258647	6000000013950915835
Q76258649	6000000011479495632
Q76258650	6000000017738478671
Q76258651	6000000017738668153
Q76258657	6000000017474595827
Q76258658	6000000014348488645
Q76258662	6000000017474988422
Q76258663	6000000014348626068
Q76258667	6000000018042097305
Q76258671	6000000018033062885
Q76258673	6000000014255094732
Q76258680	6000000015663582475
Q76258690	6000000021717180412
Q76258699	6000000013719372710
Q76258701	6000000019686471426
Q76258702	6000000015663671054
Q76258703	6000000015663654211
Q76258708	6000000016301317685
Q76258752	6000000019053836434
Q76258841	6000000008673019833
Q76258927	6000000181884055830
Q76258947	6000000033158094191
Q76258949	6000000033144624486
Q76259122	6000000006444457125
Q76259198	6000000002889734139
Q76259277	6000000057219092827
Q76259278	6000000057219112825
Q76259295	6000000110291791850
Q76259296	6000000110291658877
Q76259299	6000000110291751903
Q76259313	6000000206798200821
Q76259351	6000000015644160828
Q76259380	6000000016329855117
Q76259381	6000000031790381167
Q76259386	6000000018005329894
Q76259388	6000000018015913581
Q76259390	6000000016329780636
Q76259393	6000000016329461923
Q76259395	6000000016329779687
Q76259396	6000000016329962298
Q76259400	6000000017637184886
Q76259405	6000000048743403888
Q76259407	6000000048743167892
Q76259409	6000000052823055992
Q76259410	6000000016696124988
Q76259416	6000000019562271581
Q76259419	6000000012377969755
Q76259425	6000000036606107043
Q76259468	6000000024921623025
Q76259518	6000000014523696132
Q76259564	6000000031260976321
Q76259567	6000000006444907127
Q76259571	6000000031260792522
Q76259572	6000000031261070152
Q76259574	6000000031261103224
Q76259582	6000000031261426185
Q76259612	6000000031262550705
Q76259614	6000000017418940631
Q76259616	6000000024527091003
Q76259617	6000000017419014468
Q76259620	6000000018331346831
Q76259623	6000000024526590985
Q76259624	6000000017545997695
Q76259625	6000000017962161981
Q76259627	6000000024518700338
Q76259629	6000000024518563659
Q76259630	6000000022189255081
Q76259631	6000000024527524833
Q76259632	6000000005619005179
Q76259655	6000000024527061650
Q76259657	6000000017418940637
Q76259659	6000000018110372256
Q76259660	6000000018111176225
Q76259661	6000000017418694991
Q76259662	6000000017417762546
Q76259664	6000000017419239119
Q76259665	6000000017417289764
Q76259672	6000000042580513102
Q76259678	6000000017419215303
Q76259679	6000000017419215309
Q76259680	6000000024526592938
Q76259686	6000000015644372367
Q76259688	6000000042089796521
Q76259690	6000000042090088902
Q76259691	6000000014995210916
Q76259692	6000000015644063826
Q76259706	6000000055563084085
Q76259743	6000000090690385849
Q76259745	6000000090690607881
Q76259895	6000000022551578650
Q76259972	6000000038207875253
Q76260	6000000025359231292
Q76260026	6000000023925642674
Q76260027	6000000023925642680
Q76260061	6000000027409433441
Q76260065	6000000027391333880
Q76260069	6000000027391342918
Q76260070	6000000185253012096
Q76260071	6000000185253012102
Q76260076	6000000012151177426
Q76260101	6000000012583242358
Q76260162	6000000039220295568
Q76260176	6000000051515990962
Q76260221	6000000053312764591
Q76260286	6000000051282259881
Q76260298	6000000051278626092
Q76260387	6000000027686442049
Q76260407	6000000005437511683
Q76260411	6000000027686509921
Q76260495	6000000031396045481
Q76260542	6000000065189776970
Q76260543	6000000012910896113
Q76260548	6000000065190343850
Q76260549	6000000065190745826
Q76260559	6000000013550850602
Q76260566	6000000065192264845
Q76260617	6000000029617413752
Q76260637	6000000010592917037
Q76260759	6000000071068428533
Q76260939	6000000050515058915
Q76260946	6000000042970687369
Q76260947	6000000003338799196
Q76260958	6000000052177944876
Q76260987	6000000048260465849
Q76261003	6000000057112961920
Q76261058	6000000064694037905
Q76261061	6000000009032220832
Q76261067	6000000008597718523
Q76261069	6000000008597762574
Q76261070	6000000008597762795
Q76261074	6000000056529801863
Q76261088	6000000099464393843
Q76261094	6000000033033246956
Q76261111	6000000018781622573
Q76261120	6000000001273836413
Q76261166	6000000019946726984
Q76261194	6000000051511866971
Q76261214	6000000019947012527
Q76261251	6000000008597773505
Q76261252	6000000008597854294
Q76261254	6000000008597957289
Q76261257	6000000012513039680
Q76261272	6000000011043662795
Q76261280	6000000044419231904
Q76261281	6000000044418483109
Q76261314	6000000045301016903
Q76261317	6000000045300650036
Q76261318	6000000045301034958
Q76261348	6000000045303150821
Q76261372	6000000006604866123
Q76261374	6000000006727827088
Q76261496	6000000023455361031
Q76261510	6000000024481558404
Q76261720	6000000015610810125
Q76261725	6000000017696547109
Q76261728	6000000057780462846
Q76261729	6000000016681714406
Q76261730	6000000057782333835
Q76261733	6000000013295481125
Q76261734	6000000057800181972
Q76261735	6000000057800994907
Q76261737	6000000057800324821
Q76261740	6000000057782248299
Q76261743	6000000037600121932
Q76261744	6000000016681714411
Q76261746	6000000016681909148
Q76261748	6000000016681780247
Q76261749	6000000016681749467
Q76261750	6000000016682342429
Q76261773	6000000011122826210
Q76261775	6000000003827719429
Q76261786	6000000015157429293
Q76261787	6000000015157536542
Q76261790	6000000015157405898
Q76261791	6000000015157726199
Q76261865	6000000017111961276
Q76261945	6000000050544875005
Q76261946	6000000050545743874
Q76261947	6000000050545722981
Q76261975	6000000015917851487
Q76262	6000000037019513071
Q76262226	6000000002831280221
Q76262241	6000000034808392224
Q76262269	6000000017196650420
Q76262276	6000000021135810066
Q76262283	6000000013296678567
Q76262284	6000000013296763539
Q76262285	6000000017197027970
Q76262287	6000000017197004931
Q76262291	6000000025041897896
Q76262292	6000000025041717337
Q76262293	6000000017196956475
Q76262295	6000000022700021929
Q76262299	6000000021249475921
Q76262306	6000000016606359821
Q76262311	6000000017978579690
Q76262312	6000000017979662816
Q76262319	6000000033703644121
Q76262322	6000000040991860579
Q76262324	6000000040992063213
Q76262327	6000000040994187824
Q76262355	6000000018603489417
Q76262356	6000000018602756525
Q76262361	6000000027059241035
Q76262362	6000000027056890526
Q76262363	6000000027056878631
Q76262366	6000000027059285356
Q76262377	6000000027059265611
Q76262385	6000000017871344532
Q76262389	6000000017872162433
Q76262391	6000000024513897329
Q76262392	6000000025021332656
Q76262393	6000000025021319474
Q76262395	6000000018610711511
Q76262396	6000000021003957959
Q76262399	6000000040127885770
Q76262401	6000000020570598992
Q76262409	6000000025021272335
Q76262410	6000000021989365333
Q76262412	6000000058604474088
Q76262413	6000000017736984030
Q76262417	6000000040127974605
Q76262418	6000000040128281961
Q76262430	6000000057819669833
Q76262431	6000000057818512967
Q76262434	6000000025041382442
Q76262436	6000000025097087289
Q76262437	6000000025097048973
Q76262438	6000000072256593034
Q76262446	6000000000741282581
Q76262447	6000000000741282636
Q76262449	6000000000741282661
Q76262455	6000000000741275685
Q76262493	6000000057113361117
Q76262662	6000000036840713901
Q76262663	6000000036840701043
Q76262709	6000000075294687847
Q76262710	6000000075293935053
Q7626272	6000000018438203772
Q76262740	6000000092966473943
Q76262742	6000000039440238311
Q76262743	6000000039440141436
Q76262772	6000000092966473993
Q7626284	6000000003160970010
Q76262941	6000000019507317617
Q76263039	6000000058401979083
Q76263041	6000000058401935194
Q76263043	6000000058401464033
Q76263074	6000000003827727070
Q76263114	6000000006727858455
Q76263132	6000000015217687065
Q76263133	6000000015216317781
Q76263140	6000000007068902114
Q76263149	6000000008522684476
Q76263168	6000000001881705303
Q76263171	6000000015369662188
Q762632	6000000031011931496
Q76263250	6000000034630317970
Q76263513	6000000030224721422
Q76263518	6000000012814012386
Q76263571	6000000011797074900
Q76263601	6000000023997062256
Q76263640	6000000087894007012
Q76263643	6000000087894000957
Q76263773	6000000004382614063
Q76263810	6000000013182432533
Q76263879	6000000003827477194
Q76263881	6000000003827470825
Q76263888	6000000073858496957
Q76263891	6000000073858749891
Q76263895	6000000073858976873
Q76263897	6000000073858817027
Q76263900	6000000073858791047
Q76263915	6000000073859517821
Q76263925	6000000073859444919
Q76263926	6000000073857643972
Q76263944	6000000073858231032
Q76264029	6000000073857062291
Q76264077	6000000003896651150
Q76264078	6000000003896700033
Q76264112	6000000051843314924
Q7626412	6000000018399445245
Q76264124	6000000077139782698
Q76264154	6000000013101755373
Q76264163	6000000032169820470
Q76264166	6000000032169488627
Q76264283	6000000003827484818
Q76264289	6000000025972952838
Q76264311	6000000080532990500
Q76264314	6000000010410767076
Q76264315	6000000006600904546
Q76264318	6000000032109722062
Q76264320	6000000032109972972
Q76264332	6000000037906577112
Q76264348	6000000037906520165
Q76264421	6000000015917773922
Q76264422	6000000015917995354
Q76264428	6000000030560441085
Q76264494	6000000041654774665
Q76264528	6000000014102501329
Q76264538	6000000014733362683
Q76264543	6000000027540922821
Q76264678	6000000034800248065
Q76264684	6000000034755999071
Q76264752	6000000083621830983
Q76264753	6000000083621709068
Q76264770	6000000003076707848
Q76264885	6000000071414388897
Q76264994	6000000008631004075
Q762650	6000000066833286895
Q76265028	6000000066555188015
Q76265032	6000000066555466923
Q76265047	6000000022697159128
Q76265048	6000000006601932210
Q76265052	6000000006602091038
Q76265054	6000000030484107286
Q76265056	6000000006599903742
Q76265057	6000000008301305060
Q76265063	6000000030264345001
Q76265069	6000000025648309986
Q76265072	6000000044259194766
Q76265073	6000000025638674909
Q76265078	6000000073952768984
Q76265079	6000000073952653037
Q76265091	6000000027597610705
Q76265093	6000000014218607454
Q76265109	6000000028737862900
Q76265115	6000000015205679853
Q76265116	6000000015201959970
Q76265211	6000000068035527822
Q76265244	6000000017402875426
Q76265319	6000000014579656526
Q76265360	6000000009430210036
Q76265369	6000000028464121530
Q76265370	6000000027936577767
Q76265441	6000000007220191243
Q76265443	6000000007220126285
Q76265447	6000000007220184311
Q76265452	6000000003370219520
Q76265453	6000000003370152140
Q76265456	6000000015996301060
Q76265458	6000000003370173000
Q76265470	6000000007220112505
Q76265475	6000000007220127616
Q76265483	6000000007220350206
Q76265484	6000000007220363201
Q76265485	6000000007220381228
Q76265495	6000000007220449261
Q76265509	6000000007225794786
Q76265530	6000000106996675875
Q76265533	6000000007220447345
Q76265541	6000000016010767465
Q76265543	6000000007220321431
Q76265545	6000000016011098048
Q76265547	6000000007220385246
Q76265549	6000000007220174531
Q76265551	6000000016011047662
Q76265582	6000000003370181965
Q76265588	6000000003370214382
Q76265593	6000000003370268697
Q76265595	6000000003370214528
Q76265597	6000000003370209939
Q76265600	6000000003370155065
Q76265602	6000000003370207758
Q76265605	6000000003370235455
Q76265606	6000000003370214095
Q76265607	6000000003370214061
Q76265612	6000000015998118438
Q76265626	6000000003370162274
Q76265638	6000000003370150835
Q76265644	6000000015997763724
Q76265646	6000000015997910473
Q76265647	6000000015997750457
Q76265656	6000000017399857337
Q76265658	6000000017399806070
Q76265671	6000000017399682090
Q76265703	6000000040831116612
Q76265706	6000000113758809872
Q76265709	6000000103906504872
Q76265711	6000000103218724914
Q76265833	6000000022573391678
Q76265835	6000000022573482810
Q76265837	6000000057020261939
Q76265838	6000000022574273409
Q76265839	6000000022574319639
Q76265853	6000000021976272907
Q76265900	6000000018323445680
Q76265902	6000000018322908999
Q76265922	6000000077974577890
Q76266061	6000000028050587711
Q76266061	6000000032025817924
Q76266062	6000000028011632897
Q76266187	6000000019072563184
Q76266216	6000000050564364852
Q76266259	6000000021563562026
Q76266269	6000000016545609808
Q76266349	6000000003827542034
Q76266403	6000000063638264063
Q76266433	6000000006563284768
Q76266445	6000000033609647543
Q76266492	6000000036298865875
Q76266493	6000000036292933255
Q76266501	6000000056432854052
Q76266564	6000000051507343883
Q76266565	6000000051507697874
Q76266566	6000000052965075876
Q76266569	6000000051507715874
Q76266594	6000000015386867268
Q76266660	6000000011336286990
Q76266737	6000000044135247851
Q76266742	6000000044134973252
Q76266743	6000000044135286906
Q76266758	6000000004973559788
Q76266813	6000000044144435876
Q76266837	6000000024267404792
Q76266839	6000000024268114894
Q76266891	6000000021731710603
Q76267074	6000000002115809890
Q76267075	6000000004973159215
Q76267076	6000000040095059061
Q76267082	6000000023458719372
Q76267088	6000000040383459934
Q76267089	6000000012424719568
Q762671	6000000009450800077
Q76267170	6000000001714564660
Q76267172	6000000001714578766
Q76267173	6000000001714589934
Q76267176	6000000001714589946
Q76267177	6000000001714589972
Q76267178	6000000028548253518
Q76267179	6000000001714589985
Q76267183	6000000033067324485
Q76267184	6000000033067143261
Q76267185	6000000001714633582
Q76267193	6000000040240776162
Q76267210	6000000025424768024
Q76267246	6000000001608935053
Q76267249	6000000012825755361
Q76267289	6000000001608819717
Q76267306	6000000038232690015
Q76267308	6000000038231518282
Q76267333	6000000004575059649
Q76267335	6000000008630801314
Q76267344	6000000016564397222
Q76267354	6000000016569540839
Q76267355	6000000018788318300
Q76267356	6000000020328670441
Q76267357	6000000018934297736
Q76267360	6000000018788359377
Q76267362	6000000018461473117
Q76267380	6000000018788096490
Q76267384	6000000017972180189
Q76267385	6000000018249290937
Q76267387	6000000018250008177
Q76267391	6000000018249860755
Q76267392	6000000018098363181
Q76267394	6000000018250455211
Q76267395	6000000018953248980
Q76267400	6000000020277564092
Q76267401	6000000020277591103
Q76267402	6000000018250744028
Q76267404	6000000017693280897
Q76267405	6000000017693652642
Q76267407	6000000020745511320
Q76267408	6000000017694173409
Q76267410	6000000018250436472
Q76267411	6000000018250736182
Q76267412	6000000018962415572
Q76267413	6000000018250584690
Q76267414	6000000018953139925
Q76267416	6000000018953101601
Q76267419	6000000018250450375
Q76267448	6000000012737203223
Q76267457	6000000035838391520
Q76267458	6000000035838948848
Q76267465	6000000018814717749
Q76267466	6000000018816779068
Q76267470	6000000014429225211
Q76267471	6000000014429095258
Q76267474	6000000014348460415
Q76267480	6000000017236171277
Q76267481	6000000017736918115
Q76267494	6000000021786861542
Q76267503	6000000089445493921
Q76267505	6000000089411225875
Q76267506	6000000089410256903
Q76267510	6000000018787781970
Q76267514	6000000016570320119
Q76267515	6000000018027044491
Q76267518	6000000018788483059
Q76267519	6000000016569410396
Q76267520	6000000017895116375
Q76267522	6000000007220839671
Q76267524	6000000007220871604
Q76267526	6000000017894696484
Q76267532	6000000077189453121
Q76267533	6000000042394305761
Q76267534	6000000037065232008
Q76267536	6000000037065344061
Q76267538	6000000018097891867
Q76267562	6000000018966301413
Q76267563	6000000018966247445
Q76267566	6000000015663570438
Q76267634	6000000006444136054
Q76267636	6000000006444136048
Q76267669	6000000018783717038
Q76267672	6000000013614056606
Q76267677	6000000039139644794
Q76267679	6000000031220451616
Q76267901	6000000015818246579
Q76267945	6000000003216063258
Q76267998	6000000090338581982
Q76268	6000000024060325548
Q76268056	6000000044037216472
Q76268072	6000000071399558856
Q76268111	6000000006920049346
Q76268123	6000000016241487587
Q76268166	6000000017229916577
Q76268168	6000000020159989228
Q76268169	6000000020160014202
Q76268173	6000000017231762183
Q76268175	6000000017231270723
Q76268176	6000000026960476998
Q76268182	6000000026185745356
Q76268260	6000000022450691142
Q76268267	6000000022450376766
Q76268269	6000000022450589264
Q76268273	6000000022450745836
Q76268277	6000000022450692012
Q76268329	6000000007417391504
Q76268337	6000000007368054052
Q76268372	6000000005958378713
Q76268375	6000000005958378659
Q76268421	6000000036431052834
Q76268465	6000000003883011879
Q76268468	6000000003542466974
Q76268471	6000000003883274086
Q76268473	6000000003883281063
Q76268491	6000000046002739968
Q76268616	6000000003882958627
Q76268684	6000000002188461571
Q76268686	6000000053027248035
Q76268690	6000000002188456408
Q76268692	6000000015930322292
Q76268694	6000000015930123549
Q76268696	6000000015930210665
Q76268699	6000000018806679361
Q76268704	6000000013345960615
Q76268706	6000000007045178042
Q76268707	6000000013345945716
Q76268710	6000000014300382792
Q76268716	6000000013345976535
Q76268718	6000000007045130209
Q76268723	6000000013618226407
Q76268730	6000000026177789535
Q76268732	6000000026177786458
Q76268754	6000000003216112890
Q76268796	6000000006444299812
Q76268797	6000000047780081833
Q76268800	6000000013927014647
Q76268801	6000000034468124886
Q76268804	6000000047781432861
Q76268808	6000000034465556561
Q76268823	6000000000791020219
Q76268831	6000000048375343133
Q7626888	6000000000750646959
Q76268911	6000000031544408119
Q76269024	6000000007606719166
Q76269045	6000000041242981020
Q76269047	6000000041243107192
Q76269049	6000000041243002959
Q76269053	6000000003306769843
Q76269054	6000000003306769768
Q76269059	6000000003306769859
Q76269093	6000000040437835568
Q76269097	6000000040440790411
Q76269098	6000000040439334604
Q76269099	6000000040440756903
Q76269102	6000000040440074655
Q76269103	6000000040440911939
Q76269109	6000000040439523908
Q76269110	6000000040440062395
Q76269113	6000000040440973020
Q76269116	6000000040440478433
Q76269119	6000000040440607286
Q76269125	6000000040438009343
Q76269126	6000000040438014136
Q76269128	6000000040437686662
Q76269129	6000000040437707492
Q76269228	6000000026419824134
Q76269234	6000000026419925833
Q76269240	6000000026419627412
Q76269241	6000000026419568125
Q76269242	6000000026419881943
Q76269261	6000000008530486289
Q76269262	6000000008530810208
Q76269264	6000000008530348694
Q76269267	6000000016515897549
Q76269269	6000000034966809792
Q76269270	6000000034967220341
Q7626932	6000000056345953926
Q76269479	6000000050456548853
Q76269480	6000000050456045972
Q76269482	6000000050456464897
Q76269572	6000000015326546667
Q76269575	6000000003492808781
Q76269629	6000000085580763923
Q76269648	6000000030008303897
Q76269712	6000000008530442917
Q76269713	6000000008530301749
Q76269724	6000000008530557443
Q76269725	6000000008530441628
Q76269748	6000000029606034363
Q76269785	6000000001413585031
Q76269786	6000000001413404463
Q76269790	6000000000048107528
Q76269791	6000000000049147847
Q76269794	6000000000049361218
Q76269818	6000000000365917580
Q76269838	6000000001776520204
Q76269839	6000000012417477499
Q76269857	6000000001439959334
Q76269873	6000000104877827854
Q76269929	6000000020801177716
Q76269930	6000000020802500664
Q76269956	6000000054483083948
Q76269965	6000000027604475170
Q76269983	6000000013717902932
Q76269986	6000000017930569453
Q76269987	6000000017930373873
Q76269988	6000000013719951023
Q76269990	6000000013690638988
Q76269991	6000000017894375156
Q76269992	6000000013719109387
Q76269993	6000000017895401066
Q76269994	6000000017895428100
Q76269995	6000000017895190977
Q76269999	6000000018207572747
Q76270	6000000049020981017
Q76270000	6000000019252675401
Q76270001	6000000021148469636
Q76270005	6000000025274276258
Q76270010	6000000018207791240
Q76270012	6000000019252390540
Q76270013	6000000088821365906
Q76270014	6000000088822838028
Q76270015	6000000088896639821
Q76270016	6000000088896314953
Q7627002	6000000015936400225
Q76270023	6000000088898474972
Q76270025	6000000088898754828
Q76270034	6000000025265612516
Q76270040	6000000019252651321
Q76270041	6000000019252728071
Q76270046	6000000019252390496
Q76270047	6000000019252587477
Q76270080	6000000013470726251
Q76270093	6000000013471164606
Q76270228	6000000018107490564
Q76270229	6000000018107807317
Q76270241	6000000050681658954
Q76270246	6000000017953733976
Q76270264	6000000050681641833
Q76270270	6000000050011652821
Q76270273	6000000073045721564
Q76270274	6000000017805506629
Q76270276	6000000017804679970
Q76270277	6000000017805404588
Q76270281	6000000016198801258
Q76270283	6000000016198572735
Q76270285	6000000013829407118
Q76270286	6000000013829528587
Q76270287	6000000014622451612
Q76270292	6000000014622371417
Q76270293	6000000014622478247
Q76270295	6000000022865340951
Q76270296	6000000013829339251
Q76270299	6000000038357627187
Q76270300	6000000038357412340
Q76270301	6000000013831660559
Q76270303	6000000013832179099
Q76270304	6000000017893532511
Q76270305	6000000018108046481
Q76270307	6000000029119482299
Q76270333	6000000008530324017
Q76270372	6000000089809188856
Q76270375	6000000003730870620
Q76270389	6000000014019236166
Q76270390	6000000127866406827
Q76270400	6000000002116025036
Q76270408	6000000089813981889
Q76270417	6000000002116021946
Q76270422	6000000002116025020
Q76270452	6000000002115920776
Q76270459	6000000002116021134
Q76270463	6000000002188542097
Q76270471	6000000002116021106
Q76270488	6000000002116021249
Q76270495	6000000002115920767
Q76270503	6000000002115920758
Q76270517	6000000007500989475
Q76270518	6000000007500967458
Q76270532	6000000032558546508
Q76270534	6000000002115924079
Q76270535	5486260958370067105
Q76270555	6000000020380538865
Q76270561	6000000017251410228
Q7627063	6000000026005885110
Q76270757	6000000004571404975
Q76270759	6000000024078658590
Q76270761	6000000004571383533
Q76270767	6000000007153806372
Q76270776	6000000075499994869
Q76270815	6000000121859865160
Q76270827	6000000035022170245
Q76270827	6000000121860521894
Q76270951	6000000012711114334
Q76271047	6000000024386846952
Q76271136	6000000005438416591
Q76271141	6000000002379001440
Q76271181	6000000005686485019
Q76271198	6000000017624387453
Q76271254	6000000002747514809
Q76271255	6000000156093949832
Q76271259	6000000002769382351
Q76271261	6000000156094192834
Q76271281	6000000015273487616
Q76271283	6000000005438416741
Q76271299	6000000007275379265
Q76271301	6000000007275267247
Q76271334	6000000097125896932
Q76271389	6000000047720436879
Q76271407	6000000032693354118
Q76271409	6000000032693312162
Q76271412	6000000032694024961
Q76271414	6000000032693796344
Q76271416	6000000032693887206
Q76271420	6000000041406128185
Q76271528	6000000003506713765
Q76271539	6000000021590444924
Q7627154	6000000037036577464
Q76271545	6000000019141344279
Q76271562	6000000019192147000
Q76271705	6000000037644761519
Q76271708	6000000057101835070
Q76271780	6000000021957295483
Q76271787	6000000021957535898
Q76271906	6000000022878774950
Q76272485	6000000018322780439
Q762725	6000000014060400741
Q76272516	6000000099590064821
Q7627259	6000000009465496442
Q76272609	6000000052568987827
Q76272774	6000000010189087508
Q76272800	6000000073823534947
Q76272816	6000000043593798074
Q76272817	6000000040608583297
Q76272825	6000000007363726811
Q76272826	6000000018027554337
Q76272831	6000000017810133689
Q76272834	6000000009796531356
Q76272836	6000000009796482320
Q76272837	6000000018892216802
Q76272838	6000000028162441751
Q76272843	6000000015601496392
Q76272851	6000000018183213436
Q76272853	6000000012504423219
Q76272856	5577854668340118067
Q76272857	6000000002188453330
Q76272858	6000000017827401792
Q76272861	6000000017245413796
Q76272863	6000000017245343520
Q76272864	6000000017245684531
Q76272870	6000000018134250624
Q76272873	6000000017827135942
Q76272874	6000000017827075933
Q76272875	6000000017827348010
Q76272878	6000000022262827500
Q76272881	6000000024637535091
Q76272882	6000000024632191731
Q76272885	6000000022263140890
Q76272890	6000000017827210103
Q76272892	6000000017826874693
Q76272899	6000000017870308552
Q76272909	6000000017911626261
Q76272916	6000000017736315571
Q76272917	6000000017736519408
Q76272918	6000000013829340248
Q76272948	6000000003490644013
Q76272974	6000000006162679961
Q76273093	6000000007278287692
Q7627310	6000000076037355154
Q76273101	6000000007278360316
Q76273103	6000000007278378378
Q76273136	6000000052351856050
Q76273264	6000000029901481828
Q76273272	6000000018180771007
Q76273273	6000000018180475923
Q76273278	6000000012027539389
Q76273279	6000000011963396188
Q76273591	6000000023133784110
Q76273597	6000000020559221573
Q76273604	6000000023828444013
Q76273789	6000000014132279659
Q76273923	6000000176546861830
Q76273924	6000000156937552887
Q76273928	6000000156928990821
Q76273930	6000000050028847860
Q76273931	6000000183902638827
Q76273934	6000000012522521583
Q76273935	6000000036531104708
Q76273938	6000000066452611824
Q76273940	6000000066449182086
Q76273956	6000000008946276629
Q76274030	6000000003229805312
Q76274149	6000000120636760961
Q76274161	6000000044226602454
Q76274247	6000000086555156821
Q76274268	6000000044227448830
Q76274271	6000000104479594895
Q76274272	6000000104477093172
Q76274274	6000000104479965990
Q76274278	6000000104480048906
Q76274293	6000000036483450888
Q76274339	6000000052307722933
Q76274413	6000000025292659311
Q76274468	6000000012181902419
Q76274477	6000000104480280868
Q76274484	6000000018367720771
Q76274502	6000000018370400805
Q76274503	6000000018370368488
Q76274509	6000000018370732438
Q76274530	6000000030752907403
Q76274533	6000000032844863070
Q76274537	6000000017267857820
Q76274726	6000000017266745001
Q76274729	6000000017266421837
Q76274729	6000000082963343015
Q76274729	6000000127826945878
Q76274732	6000000017266742016
Q76274837	6000000010977204822
Q76274839	6000000031309505888
Q76274896	6000000051511628391
Q762750	6000000006711366817
Q76275037	6000000014534556251
Q76275060	6000000014534548220
Q76275063	6000000013939445336
Q76275066	6000000014534419384
Q76275200	6000000022295178797
Q76275202	6000000022294960575
Q76275210	6000000039294853286
Q76275222	6000000015930491249
Q76275227	6000000011800296792
Q76275229	6000000011800510524
Q76275231	6000000003122330275
Q76275232	6000000002188461551
Q76275233	6000000010050213066
Q76275238	6000000019771721022
Q76275251	6000000080581783247
Q76275252	6000000006783265121
Q76275256	6000000054292090110
Q76275257	6000000054292922894
Q76275258	6000000054291957002
Q76275259	6000000025564749501
Q76275261	6000000059199863916
Q76275262	6000000077269606821
Q76275265	6000000025564918103
Q76275267	6000000080537498894
Q76275268	6000000080497277873
Q76275271	4098823159080084779
Q76275274	6000000000011757399
Q76275276	6000000016047443882
Q76275279	6000000016047537189
Q76275285	6000000024170954889
Q762753	6000000170034924854
Q76275301	6000000027314833497
Q76275302	6000000027315705363
Q76275308	6000000053027347857
Q76275310	6000000053026626199
Q76275318	6000000040235183495
Q76275320	6000000050564358913
Q76275321	6000000050564144107
Q76275424	6000000018437765628
Q76275452	6000000083845428844
Q76275454	6000000083845912834
Q76275458	6000000048419249946
Q76275513	6000000041195731087
Q76275555	6000000026670060291
Q76275556	6000000026670091182
Q76275639	6000000034043741024
Q76275662	6000000031407602671
Q76275682	6000000175418789865
Q76275700	6000000010229479890
Q76275701	6000000010229502170
Q76275703	6000000010122026441
Q76275704	6000000007965515397
Q76275706	6000000010221562547
Q76275707	6000000010221222820
Q76275719	6000000010121989268
Q76275741	6000000000804661455
Q76275743	6000000001926023631
Q76275754	6000000002719732164
Q76275841	6000000001877478955
Q76275884	6000000066936038870
Q76275964	6000000034046043459
Q76276103	6000000001060911678
Q76276105	6000000001060911655
Q76276176	6000000015730892760
Q76276180	6000000034984120365
Q76276181	6000000031348694957
Q76276188	6000000045897171993
Q76276189	6000000009335005806
Q76276316	6000000028525500182
Q76276329	6000000026226444610
Q76276353	6000000060792816307
Q76276360	6000000060793392844
Q76276374	6000000005437555345
Q76276417	6000000007370880936
Q76276459	6000000010002887021
Q76276756	6000000039819756780
Q76276758	6000000005049153868
Q76276794	6000000039135766087
Q76276856	6000000037160929613
Q76276862	6000000037158166324
Q76276866	6000000029937696893
Q76276870	6000000008528455299
Q76276874	6000000008528489223
Q76276875	6000000008528270588
Q76276876	6000000008528201812
Q76276877	6000000008528006141
Q76276878	6000000008528391360
Q76276880	6000000008528310920
Q76276882	6000000008528015007
Q76276883	6000000008528402496
Q76276911	6000000043155650142
Q76277056	6000000042344386779
Q76277100	6000000032187215986
Q76277101	6000000032187265184
Q76277173	6000000006444180191
Q76277174	6000000001681616403
Q76277278	6000000077073366736
Q76277301	6000000002656113111
Q76277302	6000000002674794834
Q76277304	6000000000498131529
Q76277305	340569799840013875
Q76277313	6000000002649974319
Q76277318	6000000004047834148
Q76277320	3563997
Q76277329	6000000003687359281
Q76277337	6000000040460551670
Q76277338	6000000040461050887
Q76277405	6000000054483128040
Q76277415	6000000006918126905
Q76277416	6000000008397046523
Q76277559	6000000053263220102
Q76277571	6000000006730031431
Q76277729	6000000013766650735
Q76277730	6000000011531687535
Q76277742	6000000026746965758
Q76277745	6000000029937374383
Q76277747	6000000029937347775
Q76277748	6000000041372612446
Q76277751	5089088252360031686
Q76277761	6000000001813697229
Q76277798	6000000026747205573
Q76277801	6000000031005935317
Q76277805	6000000026746869815
Q76277806	6000000026747947978
Q76277809	6000000029944794621
Q76277823	6000000003649670209
Q76277828	6000000025396918504
Q76277931	6000000031004009687
Q76277941	6000000004867389164
Q76277943	6000000003243139238
Q76277973	6000000013103205001
Q76277975	6000000026184462146
Q76277976	6000000016511384719
Q76277989	6000000009066072967
Q76277991	6000000001474738448
Q76278002	6000000000320691236
Q76278003	4158681
Q76278005	6000000000795018327
Q76278007	6000000000284305784
Q76278008	6000000001689548211
Q76278013	6000000002664561049
Q76278023	6000000000141647516
Q76278024	6000000000141579173
Q76278040	6000000032446775367
Q76278129	6000000152459100833
Q762782	6000000052097537108
Q76278250	6000000006194823492
Q762783	6000000026299499059
Q76278417	6000000014907156498
Q76278459	6000000039286105113
Q76278460	6000000024025400648
Q76278462	6000000001915949078
Q76278464	6000000001915935096
Q76278469	6000000023997069334
Q76278473	6000000094179455825
Q76278659	6000000002497436345
Q76278702	6000000052107748998
Q76278708	6000000066851143821
Q76278756	6000000036300562938
Q76278781	6000000021185209285
Q76278806	6000000020528574330
Q76278975	6000000036310888997
Q76278978	4312110489400020705
Q76278980	6000000106266495895
Q76278987	6000000051287883077
Q76278988	6000000051288003848
Q76279005	6000000018300921043
Q76279185	6000000065526809839
Q76279187	6000000007266362610
Q76279208	6000000034464703802
Q76279223	6000000055864202933
Q76279229	6000000055864272914
Q76279234	6000000055864210905
Q76279238	6000000094470624833
Q76279251	6000000055841957844
Q76279257	6000000027683813021
Q76279263	6000000027681466763
Q76279268	6000000094469337868
Q76279425	6000000013406271270
Q76279430	6000000004100660143
Q76279436	6000000037626418206
Q76279448	6000000009422173217
Q76279453	6000000052096594002
Q76279454	6000000052096667954
Q76279456	6000000052096720869
Q76279465	6000000052096776830
Q76279474	6000000052096196392
Q76279503	6000000052096486172
Q76279505	6000000052096997843
Q76279526	6000000052096613964
Q76279527	6000000052096399187
Q762796	6000000022850196829
Q76279655	6000000052161310838
Q76279663	6000000034154214382
Q76279737	6000000016621842255
Q76279984	6000000013341686402
Q76279996	6000000012330582001
Q76279996	6000000017300470797
Q76279998	6000000012330619896
Q76279998	6000000021088675001
Q7628013	6000000016640255469
Q76280188	6000000206527878929
Q76280206	6000000038950105939
Q76280268	6000000029588229062
Q76280283	286647831160004259
Q76280305	6000000013646073313
Q76280312	6000000062184511099
Q76280339	6000000012503367151
Q76280362	6000000012504097591
Q76280365	6000000007605869924
Q76280369	6000000012504121514
Q76280371	6000000013819225988
Q76280373	6000000013819229897
Q76280378	6000000012503976648
Q76280380	6000000021135744820
Q76280382	6000000017804205616
Q76280384	6000000012503817913
Q76280389	6000000014154052523
Q76280392	6000000014154253283
Q76280393	6000000017613233967
Q76280394	6000000017613238654
Q76280396	6000000017805102862
Q76280401	6000000016633577071
Q76280405	6000000111907433883
Q76280408	6000000014154987113
Q76280417	6000000017476461092
Q76280419	6000000017805691180
Q76280422	6000000017783382081
Q76280425	6000000017783388107
Q76280431	6000000006828849055
Q76280433	6000000006828571570
Q76280459	6000000023992982976
Q76280469	6000000017726819406
Q76280471	6000000017726872124
Q76280504	6000000033895590937
Q76280508	6000000033894504443
Q76280705	6000000010357641839
Q76280733	6000000017430162097
Q76280735	6000000067107085188
Q76280736	6000000054281953838
Q76280776	6000000031661350852
Q76280811	6000000046488196837
Q76280817	6000000041647224890
Q76280818	6000000025223246575
Q76280884	6000000109135513872
Q76280886	6000000006444668223
Q76280950	6000000021520545649
Q76280957	6000000019664368523
Q76280968	6000000019664715170
Q76280976	6000000002802395997
Q76280978	6000000014743823691
Q76280979	6000000013376168004
Q76280981	6000000024638237364
Q76280982	6000000015128967471
Q76280983	6000000015128990136
Q76280984	6000000024638252472
Q76280986	6000000013376557662
Q76280988	6000000014744033088
Q76280989	6000000002764498524
Q76281061	6000000046588583151
Q76281062	6000000046588763083
Q76281081	6000000108695341117
Q76281083	6000000027103597714
Q76281346	6000000046590141213
Q76281347	6000000044561936660
Q76281364	6000000004142793461
Q76281402	6000000016237104617
Q76281404	6000000016237048909
Q76281408	6000000016237254149
Q76281430	6000000062741397834
Q76281438	6000000011414618383
Q76281440	6000000011414455672
Q76281444	6000000114109329284
Q76281472	6000000020025257025
Q76281476	6000000011893763839
Q76281477	6000000032826106088
Q76281507	6000000016237194572
Q76281560	6000000006661721006
Q76281585	6000000070970772995
Q76281592	6000000001877544767
Q76281613	6000000012504125661
Q76281615	6000000017805617254
Q76281617	6000000016203297833
Q76281618	6000000017833624993
Q76281619	6000000020772901843
Q76281620	6000000017253024879
Q76281625	6000000013948695357
Q76281626	6000000013629868488
Q76281649	6000000016771523717
Q76281655	6000000017000977077
Q76281656	6000000016772526249
Q76281657	6000000016772321234
Q76281658	6000000016772370415
Q76281663	6000000013648638841
Q76281664	6000000010442900342
Q76281665	6000000013952903296
Q76281668	6000000014428676112
Q76281670	6000000010442658769
Q76281675	6000000018713723662
Q76281683	6000000014348431190
Q76281685	6000000017698769974
Q76281690	6000000018991393027
Q76281693	6000000018990889937
Q76281781	6000000049660704833
Q76281806	6000000034994837937
Q76281816	6000000025834501132
Q76281843	6000000024464610766
Q76281846	6000000026130440376
Q76281855	6000000019468814841
Q76281857	6000000002497436475
Q76281883	6000000011656362959
Q76281889	6000000011657002244
Q76281976	6000000028742194139
Q76281977	6000000081614697934
Q76281978	6000000081615570847
Q76282057	6000000062909346914
Q76282156	6000000012868613390
Q76282230	6000000014299787978
Q76282232	6000000013897997353
Q76282233	6000000024627215188
Q76282236	6000000013922007371
Q76282237	6000000013922032111
Q76282238	6000000013898160185
Q76282239	6000000014280954178
Q76282241	6000000014297979575
Q76282243	6000000014298108551
Q76282244	6000000016203428252
Q76282245	6000000016203022863
Q76282254	6000000026955026721
Q76282260	6000000026997752009
Q76282263	6000000024420973843
Q76282265	6000000024420977849
Q76282271	6000000018077504724
Q76282272	6000000016813493813
Q76282273	6000000016813595380
Q76282275	6000000018077504711
Q76282279	6000000017015498809
Q76282281	6000000051846232010
Q76282282	6000000051846162119
Q76282290	6000000079645489968
Q76282291	6000000079645637974
Q76282293	6000000020071798742
Q76282294	6000000020071983612
Q76282295	6000000021579426263
Q76282300	6000000021612921991
Q76282302	6000000021612979334
Q76282303	6000000018241954961
Q76282305	6000000018241815670
Q76282307	6000000012709368218
Q76282428	6000000012291072690
Q76282453	6000000034339736926
Q76282525	6000000009550558383
Q76282526	6000000059938517838
Q76282550	6000000002912015403
Q76282589	6000000036424040668
Q76282621	6000000017321445430
Q76282624	6000000017320491719
Q76282628	6000000041550904271
Q76282632	6000000017322847010
Q76282633	6000000017321347442
Q76282635	6000000016313263884
Q76282637	6000000016313259911
Q76282639	6000000017322459409
Q76282640	6000000041929878420
Q76282641	6000000017322839183
Q76282643	6000000017322970257
Q76282645	6000000019460073408
Q76282646	6000000019460479154
Q76282650	6000000027703202236
Q76282651	6000000027702988358
Q76282699	6000000031861385952
Q76282712	6000000044452431342
Q76282713	6000000044452689097
Q76282787	6000000072089446022
Q76282788	6000000072089496899
Q76282794	6000000076787642207
Q76282829	6000000006444211712
Q76282859	6000000006101391056
Q76282898	6000000013536624945
Q76282918	6000000055913896870
Q76282955	6000000089142666860
Q76282956	6000000089143867944
Q76282964	6000000036485967537
Q76282966	6000000036485821505
Q76283	6000000022791378615
Q762831	6000000113136483978
Q76283103	6000000018425466559
Q76283233	6000000013689621953
Q76283234	6000000013690082477
Q76283235	6000000018022872689
Q76283237	6000000018023096396
Q76283239	6000000016615208255
Q76283240	6000000016615197137
Q76283248	6000000016168328566
Q76283258	6000000017486466479
Q76283259	6000000016168250259
Q76283261	6000000017933505064
Q76283262	6000000016163244752
Q76283266	6000000016163128156
Q76283268	6000000016163128161
Q76283271	6000000016197582688
Q76283272	6000000007995320265
Q76283276	6000000024446712614
Q76283292	6000000020232214299
Q76283296	6000000017602124519
Q76283299	6000000013948514762
Q76283304	6000000018088024581
Q76283306	6000000035708137982
Q76283308	6000000035708029016
Q76283312	6000000078564252948
Q76283313	6000000078562365683
Q76283316	6000000021118807841
Q76283322	6000000019380905775
Q76283324	6000000019381256482
Q76283376	6000000050363844572
Q76283386	6000000038829417327
Q76283392	6000000038829704604
Q76283412	6000000113443474842
Q76283414	6000000113443403825
Q76283417	6000000022266883755
Q76283548	6000000054435913832
Q76283550	6000000111152503139
Q76283552	6000000176849747842
Q76283554	6000000057222121990
Q76283557	6000000042610864058
Q76283661	6000000054281052821
Q76283744	6000000002912013165
Q76283747	6000000002912013260
Q76283766	6000000045201690947
Q76283790	6000000018423631735
Q76284191	6000000030671888285
Q76284197	6000000013399373411
Q76284263	6000000020005398772
Q76284265	6000000042608990396
Q76284281	6000000054435761035
Q76284340	6000000003216137867
Q76284409	6000000058108010918
Q76284705	6000000000104812541
Q76284706	6000000000104748644
Q76284716	6000000024517354620
Q76284724	6000000076888559837
Q76284725	6000000076888503156
Q76284728	6000000076888559849
Q76284731	6000000057659049202
Q76284732	6000000057661855845
Q76284734	6000000076888916059
Q76284735	6000000076888619225
Q76284745	6000000060901975822
Q76284768	6000000017043277001
Q76284770	6000000017043081258
Q76284771	6000000017043225135
Q76284831	6000000016920499140
Q76284937	6000000045779667963
Q76284938	6000000045778932008
Q762852	6000000030483912551
Q76285282	6000000039516308070
Q76285310	6000000111152502925
Q76285313	6000000111152502945
Q76285359	6000000111152503123
Q76285370	6000000111152503108
Q76285377	6000000111152503179
Q76285379	6000000111152502838
Q76285477	6000000025574603030
Q76285480	6000000025574222076
Q76285528	6000000079361497061
Q76285529	6000000079361809866
Q76285532	6000000090786300839
Q76285533	6000000015914569493
Q76285539	6000000010676344362
Q76285540	6000000010676151579
Q76285587	6000000070751406821
Q76285588	6000000039181377806
Q76285589	6000000040934923550
Q76285613	6000000024679386453
Q76285616	6000000024657144457
Q76285811	6000000057055692957
Q76285816	6000000013399296646
Q76285826	6000000036489564070
Q76285828	6000000013399968134
Q76285829	6000000013399936495
Q76285843	6000000050562310195
Q76285879	6000000050562754821
Q76285903	6000000008299967274
Q76285921	6000000072204321869
Q76285956	6000000042609373779
Q76285959	6000000021040289260
Q76285965	6000000042609771843
Q76285968	6000000057223307886
Q76285975	6000000010926196018
Q76285982	6000000007332905336
Q76285985	6000000057223438855
Q76285989	6000000042609771822
Q7628604	6000000000112134262
Q76286099	6000000018353967576
Q76286147	6000000011839135069
Q76286460	6000000017275881191
Q76286462	6000000017275798157
Q76286618	6000000053184855921
Q76286619	6000000068812957028
Q76286621	6000000068813044014
Q76286730	6000000003658760269
Q76286752	6000000018777287545
Q76286754	6000000021913239411
Q76286757	6000000021913259003
Q76286758	6000000021912593709
Q76286760	6000000021912904496
Q76286763	6000000013923785473
Q76286764	6000000013376564795
Q76286768	6000000111134523831
Q76286769	6000000034708572606
Q76286774	6000000021912808743
Q76286776	6000000021912828280
Q76286777	6000000021913133345
Q76286778	6000000021913349865
Q76286780	6000000021776323600
Q76286782	6000000021776408399
Q76286783	6000000021776631896
Q76286784	6000000017736144064
Q76286786	6000000021776350773
Q76286787	6000000025003478877
Q76286788	6000000024859601775
Q76286791	6000000021912658819
Q76286792	6000000021912797450
Q76286793	6000000021912716336
Q76286794	6000000021912836825
Q76286795	6000000018604264843
Q76286798	6000000021912670367
Q76286799	6000000021912730455
Q76286800	6000000013923785256
Q76286801	6000000013923784178
Q76286823	6000000013922052524
Q76286824	6000000013922052554
Q76286825	6000000013922115556
Q76286826	6000000013922041356
Q76286827	6000000024551845307
Q76286832	6000000013376539755
Q76286835	6000000014928248020
Q76286836	6000000016198580618
Q76286838	6000000017664592653
Q76286840	6000000017665034467
Q76286841	6000000031070520531
Q76286842	6000000031070704114
Q76286847	6000000024360576474
Q76286849	6000000031117000050
Q76286851	6000000017893984638
Q76286852	6000000019252918023
Q76286855	6000000016198681233
Q76286857	6000000000306339814
Q76286859	6000000015652766930
Q76286860	6000000000296539931
Q76286861	6000000000296649372
Q76286862	6000000018993394305
Q76286863	6000000015652724640
Q76286864	6000000015652992271
Q76286866	6000000015652948278
Q76286868	6000000008093832116
Q76286869	6000000025565883147
Q76286870	6000000008094223624
Q76286875	6000000014771270790
Q76286877	6000000013376618795
Q76286878	6000000013376591808
Q76286880	6000000015128815091
Q76286881	6000000015070514217
Q76286883	6000000015070371962
Q76286884	6000000014792051843
Q76286920	558205
Q76286921	569074
Q76286923	569075
Q76286939	6000000006444304990
Q76287059	6000000003936136250
Q76287063	6000000012048144506
Q76287134	6000000006602672638
Q76287145	6000000165537251024
Q76287149	6000000056866853255
Q76287180	6000000004560504392
Q76287187	6000000004560569004
Q76287242	6000000024491995476
Q76287256	6000000011070004829
Q76287272	6000000002809904921
Q76287280	6000000002809918116
Q76287281	6000000073519247492
Q76287286	6000000002810021075
Q76287471	6000000025718316041
Q76287490	6000000009525826991
Q76287494	6000000002439412105
Q76287553	6000000000036840172
Q76287555	6000000112837584292
Q76287556	6000000025985566013
Q76287561	6000000017206548750
Q76287565	6000000017874567178
Q76287571	6000000017206560434
Q76287571	6000000127874145884
Q76287573	6000000034036621124
Q76287658	6000000050387023868
Q76287659	6000000050387075868
Q76287661	6000000050386458826
Q76287664	6000000050386390928
Q76287666	6000000050386297932
Q76287671	6000000050387123916
Q76287683	6000000016722372175
Q76287700	6000000039069978218
Q76287704	6000000016323232967
Q76287708	6000000016323390202
Q76287721	6000000010801461156
Q76287727	6000000010801831343
Q76287728	6000000042026797920
Q76287729	6000000010801629990
Q76287730	6000000010801708243
Q76287778	6000000034171078509
Q76287861	6000000025611031458
Q76287888	6000000040573134374
Q76287894	6000000073519455838
Q76287895	6000000073519338930
Q76287898	6000000040574171110
Q76287901	6000000002897198857
Q76287934	6000000046503277043
Q76287941	6000000073519559208
Q76287942	6000000073519918863
Q76287991	6000000036289195037
Q76287992	6000000039016122170
Q76287995	6000000024131968929
Q76288033	6000000029622893576
Q76288036	6000000018843154438
Q76288183	6000000017176259218
Q76288185	6000000017176167397
Q76288186	6000000017175961832
Q76288187	6000000017114730801
Q76288278	6000000051392065821
Q76288322	6000000039031556914
Q76288452	6000000015182543250
Q76288453	6000000015182403307
Q76288457	6000000015182515405
Q76288657	6000000089853241935
Q76288659	6000000090802712822
Q76288761	6000000026217117586
Q76288886	6000000006196384627
Q76289001	6000000008890997015
Q76289053	6000000006602672782
Q76289356	6000000011239066836
Q76289465	6000000001858414024
Q76289466	6000000058309927821
Q76289578	6000000008414767914
Q76289583	6000000017114755763
Q76289605	6000000007442005536
Q76289660	6000000030185535603
Q76289665	6000000017532811803
Q76289683	6000000143508925821
Q76289701	6000000017114610958
Q76289790	6000000121303487821
Q76289969	6000000047664104980
Q76289978	6000000036653017773
Q76289979	6000000036653458121
Q76290037	6000000164684429004
Q76290052	6000000007289598421
Q76290059	6000000007289497191
Q76290242	6000000000918357394
Q76290247	6000000000664347331
Q76290249	6000000003266505066
Q76290518	6000000077078516182
Q76290533	6000000051511875063
Q76290540	6000000051511747322
Q76290570	6000000075045681175
Q76290630	6000000017768784867
Q76290673	6000000026246676141
Q76290747	6000000022590294655
Q76290749	6000000003649647962
Q76290795	6000000082154549833
Q76290804	6000000025866458938
Q76290816	6000000025865671705
Q76290839	6000000020076904235
Q76290870	6000000068074561897
Q76290877	6000000068074238908
Q76290903	6000000037409768160
Q76290955	6000000014529789539
Q76290959	6000000051510044843
Q76290960	6000000014529580758
Q76290961	6000000014529986090
Q76290978	6000000051509555139
Q76290979	6000000029699532771
Q76290980	6000000029699489439
Q76290993	6000000014530246050
Q76291088	6000000047341807892
Q76291096	6000000047005180059
Q76291116	6000000023738277754
Q76291136	6000000060793498871
Q76291214	6000000027146007295
Q76291217	6000000019050593939
Q76291281	6000000024196462226
Q76291300	6000000015739474969
Q76291307	6000000057593012924
Q76291308	6000000057592862152
Q76291314	6000000013646316104
Q76291315	6000000022017934177
Q76291319	6000000015736238475
Q76291328	6000000013644599747
Q76291329	6000000013646291244
Q76291332	6000000013646260024
Q76291381	6000000059439220891
Q76291475	6000000000352545027
Q76291503	6000000037630100949
Q76291527	6000000009595580830
Q76291530	6000000009419611056
Q76291553	6000000020387065977
Q76291555	6000000020387099042
Q76291558	6000000033850648154
Q76291559	6000000033851932856
Q76291560	6000000033850648141
Q76291599	6000000026757049256
Q76291715	6000000016189994067
Q76291745	6000000043884452133
Q76291747	6000000043884128676
Q76291845	6000000044149730190
Q76291990	6000000044549760055
Q76292049	6000000013691554497
Q76292113	6000000055471037966
Q76292183	6000000071615501005
Q76292224	6000000033273129109
Q76292226	6000000033272304518
Q76292236	6000000055397324157
Q76292254	6000000005838627002
Q76292313	6000000024617177269
Q76292321	6000000024617867169
Q76292324	6000000019747949109
Q76292336	6000000026840501002
Q76292337	6000000075883427532
Q76292345	6000000078660165847
Q76292374	6000000112980438821
Q76292376	6000000112980349869
Q76292409	6000000002747076665
Q76292410	6000000002747099113
Q76292422	6000000002768818978
Q76292424	6000000002775339137
Q76292445	6000000002775183957
Q76292468	6000000013965400279
Q76292516	6000000013381811898
Q76292538	6000000029876807107
Q7629258	6000000018069641187
Q76292621	6000000002775293800
Q76292668	6000000025030764267
Q76292669	6000000025030724068
Q7629267	1040594
Q76292672	6000000002778818023
Q76292707	6000000010141063208
Q76292708	6000000010139980207
Q76292765	6000000002775417580
Q76292793	6000000066851133833
Q76292873	6000000052107922892
Q76292922	6000000039213420896
Q76292925	4260335434300012832
Q76292947	6000000049851113085
Q76292989	6000000024567053349
Q762930	6000000033009626984
Q76293000	5182432036520048381
Q76293003	6000000024567127984
Q76293081	6000000003615931109
Q76293081	6000000145386537821
Q76293166	6000000068599335833
Q76293228	6000000012798762079
Q76293469	6000000041501138965
Q76293470	6000000069449135977
Q76293475	6000000020571138501
Q76293484	6000000020571550497
Q76293523	6000000041501456964
Q76293535	6000000045140298846
Q76293536	6000000045140151871
Q76293550	6000000045140407864
Q76293560	6000000045139689150
Q76293561	6000000045140375084
Q76293564	6000000045140624864
Q76293565	6000000045139796905
Q76293576	6000000045140684839
Q76293581	6000000045140559828
Q76293588	6000000006581046237
Q76293589	6000000012875247721
Q76293624	6000000024616588787
Q76293633	6000000019749651497
Q76293634	6000000069764930241
Q76293707	6000000145222723960
Q76293983	6000000042058988007
Q76293983	6000000145387768821
Q76294019	6000000085000517492
Q76294024	6000000085002721076
Q76294025	6000000085000443682
Q762941	6000000146318796826
Q76294162	6000000101113002516
Q76294196	6000000026403889427
Q76294197	6000000002689093374
Q76294236	5182421509570132072
Q76294303	6000000029610365428
Q76294311	6000000029612418361
Q76294806	6000000180916573823
Q76294815	6000000027763361054
Q76294817	6000000059519214834
Q762949	6000000072574257633
Q76295	6000000001335753845
Q76295052	6000000001531288548
Q76295061	6000000007271392273
Q76295151	6000000048613925011
Q76295153	6000000048613888895
Q76295169	6000000037961739259
Q762952	6000000026078364182
Q76295317	6000000036630207974
Q76295349	6000000069711079846
Q76295355	6000000069711556900
Q76295419	6000000069710768040
Q76295444	6000000069710774085
Q76295449	6000000074915718867
Q76295473	6000000036630039095
Q76295506	6000000032565478268
Q76295588	6000000013449917378
Q76295590	6000000013450022295
Q76295600	6000000036629368342
Q76295606	6000000036629384404
Q76295630	6000000048378242850
Q76295636	6000000033705957960
Q76295655	6000000022556185945
Q76295681	6000000030759291653
Q76295690	6000000067956114828
Q76295693	6000000067955727019
Q76295695	6000000067956215839
Q762957	6000000026887231109
Q76295708	6000000067955210975
Q76295710	6000000067955040158
Q76295761	6000000000234429698
Q76295819	6000000046845476929
Q76295821	6000000046845366905
Q76295831	6000000036636281892
Q76295923	6000000046633476892
Q76296479	6000000033389274727
Q76296490	6000000035037214130
Q76296521	6000000073519006209
Q76296572	6000000036556963471
Q76296640	6000000027577100907
Q76296783	6000000080066161567
Q76297109	6000000063677754831
Q76297160	6000000015720689820
Q76297183	6000000056993836894
Q76297188	6000000040736445039
Q76297238	6000000188950396862
Q76297442	333849596600011790
Q76297461	6000000013319784062
Q76297462	6000000037529277185
Q76297472	6000000037530231954
Q76297476	6000000001531288654
Q76297591	6000000001856054805
Q76297593	6000000001856054816
Q762976	6000000024380324016
Q76297619	6000000017769139139
Q76297620	6000000017767846000
Q76297670	6000000026389163990
Q76297743	6000000010220658730
Q76297744	6000000010220932609
Q76297751	6000000059938024094
Q76297786	6000000000352440510
Q76297928	6000000019180213122
Q76298	4479863114490014510
Q76298069	6000000042355099374
Q76298088	6000000002116167510
Q76298370	6000000013351402437
Q76298480	6000000008630749837
Q76298522	6000000008630749849
Q76298981	6000000009437417980
Q76299122	6000000071160605206
Q7629924	6000000040557835271
Q76299412	6000000027828866399
Q76299422	6000000003128890692
Q76299442	6000000003128890698
Q76299683	6000000023793274889
Q76299769	6000000003827612106
Q76299769	6000000026079606370
Q76300580	6000000088854610091
Q76300603	6000000039618271975
Q76300606	6000000040856356849
Q76300661	6000000002802957585
Q76300664	6000000014417881578
Q76300669	6000000000348784614
Q76300761	6000000020304841631
Q76300771	6000000059938196233
Q76300789	6000000002115963596
Q76300790	6000000055569835893
Q76300920	6000000066474552825
Q76300962	6000000037980515253
Q76301173	6000000012875170340
Q76301175	6000000012875054755
Q76301262	6000000085463893887
Q76301317	6000000038236184188
Q76301325	6000000029467021473
Q76301578	6000000032614160004
Q76301599	6000000033935719038
Q76301621	6000000003203183625
Q76301622	6000000003203183631
Q76301632	6000000001437574212
Q76301633	6000000015239618548
Q76301636	6000000022089255080
Q76301671	6000000001437329573
Q76301673	6000000001437664005
Q76301715	6000000034339668981
Q76301731	6000000051976423330
Q76301828	6000000050081476370
Q76301832	6000000009729124454
Q76301870	6000000002764356774
Q76301873	6000000055572779879
Q76301874	6000000055569871002
Q76301886	6000000003828421880
Q76301898	6000000043178874068
Q76302	6000000003816323881
Q76302018	6000000033744300009
Q76302026	6000000033744278126
Q76302098	6000000050596440821
Q76302282	6000000023909799988
Q76302286	6000000023909695129
Q76302295	6000000023909695152
Q76302299	363286381900003121
Q76302301	6000000004079521012
Q76302306	6000000023774493300
Q76302309	363289995180003109
Q76302314	6000000004079547793
Q76302316	6000000004079513979
Q76302317	6000000004079513985
Q76302319	363313929110002235
Q76302320	6000000004079513999
Q76302323	363296990190013329
Q76302325	6000000004079547891
Q76302328	363316872360004939
Q76302367	6000000004883500047
Q76302368	6000000004883385431
Q76302427	6000000003216068981
Q76302428	6000000003216071009
Q76302429	6000000003216071086
Q76302431	6000000028110928982
Q76302433	6000000003216099692
Q76302434	6000000003216099697
Q76302436	6000000028110760759
Q76302441	6000000179010526846
Q76302446	6000000028110889915
Q76302574	6000000097000960837
Q76302594	6000000038495723917
Q76302596	6000000055364005143
Q76302663	6000000028521996488
Q76302697	6000000020945973951
Q76302757	6000000050564375833
Q76302825	6000000019494861175
Q7630287	6000000083617269644
Q76302944	6000000021579486124
Q76302950	6000000019714158528
Q76302966	6000000002238532327
Q76303121	6000000002247568438
Q76303133	6000000002238590432
Q76303256	6000000006602621882
Q76303342	6000000095454861821
Q76303371	6000000008237978738
Q76303399	6000000011088228645
Q76303401	6000000011087226605
Q76303457	6000000048220368952
Q76303460	6000000091250885903
Q76303462	6000000036627466038
Q76303648	6000000123506531898
Q76304093	6000000016987947920
Q76304102	6000000016987823534
Q76304174	6000000025442449331
Q76304195	6000000052054437967
Q76304204	6000000080065682637
Q76304206	6000000080065765657
Q76304209	6000000080067901822
Q76304210	6000000025757919273
Q76304212	6000000002839976183
Q76304213	6000000025756301452
Q76304227	6000000025758340852
Q76304228	6000000025757554574
Q76304239	6000000046465452827
Q76304241	6000000046465140977
Q76304262	6000000040623318821
Q76304264	6000000046465261864
Q76304265	6000000029674779544
Q76304268	6000000024383904073
Q76304271	6000000024383663191
Q763043	6000000020252709403
Q76304345	6000000082517543425
Q76304364	6000000043597088817
Q76304390	6000000013109372253
Q76304395	6000000026273301210
Q76304430	6000000031584769982
Q76304758	6000000023176688816
Q76304760	6000000023178116891
Q76304919	6000000035390480910
Q76304962	6000000111209102822
Q76304963	6000000111208702892
Q76304965	6000000111209115821
Q76305	6000000013083194733
Q76305210	6000000026814617561
Q763053	6000000013296288034
Q76305472	6000000002188542561
Q76305506	6000000049850897566
Q76305510	6000000049861192227
Q76305512	6000000049861552187
Q76305610	6000000055792286847
Q763057	6000000028324902887
Q76305775	6000000040901952764
Q763059	6000000074760620848
Q76305985	6000000055827221847
Q76305988	6000000055827022928
Q76305994	6000000055826044838
Q76306016	6000000016695473371
Q76306017	6000000016697983121
Q76306019	6000000016698018001
Q76306020	6000000016697967187
Q76306225	6000000055855782821
Q76306226	6000000055827141117
Q76306235	6000000055789070924
Q76306302	6000000055829150922
Q76306356	6000000055827549950
Q76306730	6000000024145429094
Q76306757	6000000052054600843
Q76306893	6000000005438503633
Q76306919	6000000002499766165
Q76306920	6000000018348251768
Q76306927	6000000005638347001
Q76306932	6000000005630788403
Q76306933	6000000002499766668
Q76306936	6000000022626120963
Q76306940	6000000002263874299
Q76307	6000000036409911753
Q76307119	6000000095699855153
Q76307181	6000000016698139512
Q76307193	6000000035208962847
Q76307253	6000000007356789724
Q76307263	6000000021198776333
Q76307291	6000000031528600839
Q76307298	6000000024408461654
Q76307300	6000000024409331709
Q76307832	6000000000825421918
Q76307838	6000000046327998853
Q76307839	6000000046353167105
Q76307843	6000000046353498824
Q76307844	6000000046353414027
Q76307977	6000000034246876810
Q76307997	6000000026811547644
Q76308006	6000000033967946187
Q76308019	6000000057164120821
Q76308132	6000000008201042522
Q76308139	6000000008200903826
Q76308140	6000000008201195680
Q76308141	6000000008201132409
Q76308156	6000000016793563865
Q76308162	6000000000608642554
Q76308194	6000000047780884860
Q76308196	6000000047781132821
Q76308199	6000000047717821941
Q76308201	6000000047717697077
Q76308202	6000000047717567233
Q76308204	6000000047717584222
Q76308208	6000000046403640500
Q76308209	6000000047717833057
Q76308217	6000000035345808294
Q76308221	6000000035345951561
Q76308259	6000000009430294106
Q76308260	6000000009430572362
Q76308265	6000000006295985209
Q76308290	6000000045683107109
Q76308291	6000000025023480946
Q76308374	6000000043951033012
Q76308394	6000000017275770406
Q76308408	6000000000276143606
Q76308455	6000000042434478222
Q76308503	6000000110790962904
Q76308504	6000000113539884986
Q76308506	6000000113540067908
Q76308617	6000000016477311031
Q76308618	6000000016477310056
Q76308639	6000000010898427250
Q76308893	6000000024115004863
Q76308897	6000000013434663938
Q76308898	6000000035726301944
Q76308899	6000000035726405875
Q76308908	6000000000368560596
Q76308987	6000000068024927253
Q76308998	6000000068025750869
Q76309001	6000000068025414008
Q76309060	6000000013434649957
Q76309095	6000000002496679947
Q76309137	6000000007901169276
Q76309158	6000000056536341959
Q76309198	6000000035760739101
Q76309207	6000000076978132976
Q76309222	6000000010878447099
Q76309303	6000000023047407242
Q76309305	6000000023047545330
Q76309410	6000000027385584973
Q76309412	6000000012420772455
Q76309530	6000000026173809212
Q76309546	6000000012531634727
Q76309624	6000000002248372583
Q76309972	6000000003458288134
Q76310524	6000000094481630898
Q76310576	6000000017488344734
Q76310654	6000000024105239029
Q76310657	6000000024105156544
Q76310928	6000000082423784842
Q76310929	6000000082420297630
Q76310930	6000000033076218304
Q76311	6000000206061977959
Q76311027	6000000018099004730
Q76311028	6000000018099592097
Q76311030	6000000018099529787
Q76311037	6000000017792572471
Q76311047	6000000027599526221
Q76311152	6000000066693905821
Q76311203	6000000025181535223
Q76311210	6000000029136030132
Q76311212	6000000029135814256
Q76311213	6000000029136873115
Q76311281	6000000041524685256
Q76311295	6000000033548555125
Q76311310	6000000033902831254
Q76311311	6000000033903035987
Q76311313	6000000033903590998
Q76311314	6000000033902103770
Q76311315	6000000078706593042
Q76311336	6000000056539647973
Q76311348	6000000034045331859
Q76311431	6000000031183008495
Q76311542	6000000000530508044
Q76311544	6000000000530508055
Q76311804	6000000021029312516
Q76311835	6000000084342021849
Q76311888	6000000024183841132
Q76311993	6000000039062322363
Q76312035	6000000000732999495
Q76312127	6000000029685208295
Q76312170	6000000082597577591
Q76312181	317704238350001335
Q76312207	6000000012289120581
Q76312248	6000000028245072938
Q76312249	6000000023263154912
Q76312380	6000000015629582562
Q76312399	6000000030456445192
Q76312405	6000000030456518065
Q76312422	6000000094084692368
Q76312437	6000000086077641847
Q76312573	6000000013343923636
Q76312578	6000000063427048946
Q76312580	6000000063424068086
Q76312607	6000000077249274347
Q76312648	6000000032893679118
Q76312674	6000000041628403642
Q76312779	6000000041866920546
Q76312784	6000000001955045877
Q76312790	6000000041867089968
Q76312794	6000000041867157858
Q763128	6000000031601888698
Q76312819	6000000005438481957
Q76312822	6000000066557370947
Q76312825	6000000066556955364
Q76312865	6000000017884811965
Q76312885	6000000073226342036
Q76312887	6000000073226697833
Q76312977	6000000073227002846
Q76312997	6000000073198622108
Q76313009	6000000025835004498
Q76313028	6000000002115838776
Q76313034	6000000002115838913
Q76313055	6000000017962621415
Q76313093	6000000066852330827
Q76313144	6000000113744014822
Q76313147	6000000046444961845
Q76313258	6000000046445090870
Q76313259	6000000046444210048
Q76313281	6000000052054485914
Q76313285	6000000055252847495
Q76313322	6000000076831666088
Q76313323	6000000039862801474
Q76313326	6000000046061682998
Q76313331	6000000043026332982
Q76313565	6000000031425984856
Q76313567	6000000031425827024
Q76313568	6000000031426144832
Q76313643	6000000098124586851
Q76313655	6000000034609182158
Q76313686	6000000017488129974
Q76313704	6000000017982546938
Q76313790	6000000009514343349
Q76314148	6000000086136930994
Q76314219	6000000013603919641
Q76314368	6000000024241435317
Q76314375	6000000148712573834
Q76314412	6000000003290373774
Q76314552	6000000123502185821
Q76314649	6000000026899226522
Q76314650	6000000030390027130
Q76314658	6000000002783553684
Q76314674	6000000026076601557
Q76314735	6000000040967763703
Q76314762	6000000016866260887
Q76314876	6000000003987375194
Q76314878	6000000002764803207
Q76314879	6000000002764803219
Q76314912	6000000003681283294
Q76314914	6000000003681351780
Q76314915	6000000056292081848
Q76314919	6000000011626451543
Q76314949	6000000051978962890
Q76314955	6000000051978200930
Q76314959	6000000051978563001
Q76314963	6000000051979200821
Q76314967	6000000051978900938
Q76314971	6000000051979296860
Q76314976	6000000056396830046
Q76314986	6000000056396999874
Q76314987	6000000051978766993
Q76315021	6000000051978521044
Q76315023	6000000051978301072
Q76315030	6000000051979453035
Q76315043	6000000051980037842
Q76315090	6000000183302521835
Q76315096	6000000034282485749
Q76315126	6000000048377131903
Q76315128	6000000082360488191
Q76315178	6000000003762375441
Q76315179	6000000003762375428
Q76315183	6000000017661263824
Q76315188	6000000044013954857
Q76315234	6000000038093807910
Q76315346	6000000035851785431
Q76315347	6000000035852238013
Q76315381	6000000035851816114
Q763154	6000000018832794616
Q76315413	6000000014637752638
Q76315489	6000000010460716802
Q76315490	6000000008977975618
Q76315498	6000000071390859904
Q76315506	6000000040563028025
Q76315507	6000000106397858855
Q76315609	6000000001877487568
Q76315647	6000000041652451216
Q76315648	6000000042035660836
Q76315676	6000000078573109984
Q76315677	6000000034128435573
Q76315730	6000000021330064876
Q76315759	6000000025020469230
Q76315777	6000000011851526737
Q76315788	6000000006348530748
Q76315789	6000000024171618165
Q76315791	6000000024171199798
Q76315792	6000000024171662152
Q76315801	6000000006348535129
Q76315875	6000000077984301070
Q76315899	6000000015240211402
Q76315901	6000000015239911701
Q76315995	6000000015421931645
Q76316	6000000076399102986
Q76316014	6000000015422171957
Q76316059	6000000055643318967
Q76316060	6000000055643092983
Q76316061	6000000032252508902
Q76316062	6000000032251803185
Q76316064	6000000055642386240
Q76316106	6000000015941659757
Q76316114	6000000004293584956
Q76316115	6000000010770412034
Q76316118	6000000029720161415
Q76316192	6000000006427756411
Q76316221	6000000019688364302
Q76316271	6000000046456300142
Q76316288	6000000003891989789
Q76316338	6000000063927595980
Q76316341	6000000034164980686
Q76316425	6000000019847181165
Q76316486	6000000018219025474
Q76316496	6000000018219078902
Q76316498	6000000018219211389
Q76316643	6000000026015039209
Q76316759	6000000025169942005
Q76316785	6000000025169443070
Q76316807	6000000015428450947
Q76316841	6000000015429652364
Q76316958	6000000034863400364
Q76317	6000000109054902387
Q76317249	6000000018331329439
Q76317264	6000000041239310130
Q76317267	6000000041229511302
Q76317322	6000000035141371278
Q76317325	6000000039103043011
Q76317325	6000000078911256839
Q76317327	6000000039103090280
Q76317330	6000000031847576029
Q76317330	6000000039102964612
Q76317357	6000000003495200093
Q76317423	6000000016004535096
Q76317518	6000000011864038566
Q76317520	6000000011675256471
Q76317584	6000000011656950020
Q76317843	6000000015422549429
Q76317852	6000000087691757924
Q76317965	6000000083835454265
Q76317992	6000000015422721153
Q76318038	6000000055372892943
Q76318053	6000000055373013902
Q76318057	6000000055373163824
Q76318058	6000000055372964975
Q76318060	6000000055372658216
Q76318063	6000000025578892934
Q76318095	6000000218457604821
Q76318114	6000000009375855030
Q76318125	6000000015947933121
Q76318147	6000000179967052821
Q76318192	6000000012386418899
Q76318194	6000000012386469708
Q76318286	6000000077622612862
Q76318295	6000000033892031082
Q76318296	6000000022470370512
Q76318316	6000000041843647268
Q76318317	6000000033893785662
Q76318319	6000000040906485472
Q76318322	6000000018165444945
Q76318324	6000000018164683498
Q76318327	6000000024616429275
Q76318328	6000000018080787421
Q76318332	6000000051498330922
Q76318348	6000000022470486342
Q76318351	6000000033892075118
Q76318389	6000000000675148878
Q76318394	6000000035615471880
Q76318457	6000000069578229918
Q76318528	6000000011176786070
Q76318627	6000000040561774115
Q76318628	6000000040561501354
Q76318636	6000000019324592557
Q76318649	6000000011675353302
Q76318799	6000000024107343827
Q76318801	6000000028047199069
Q76318803	6000000077200332509
Q76318861	6000000082793874928
Q76318901	6000000002640184435
Q76318903	6000000017026860452
Q76318904	6000000002640238070
Q76318908	6000000002489527920
Q76319	6000000042885959110
Q76319043	6000000021725502117
Q76319102	6000000021515969038
Q76319123	6000000028053316367
Q76319205	6000000045133735868
Q76319266	6000000039126086514
Q76319267	6000000039126268013
Q76319348	6000000018441543757
Q76319430	6000000006444159540
Q76319436	6000000045136579908
Q76319439	6000000045134599850
Q76319623	6000000029914045143
Q76319660	6000000122432228834
Q76319671	6000000033407888878
Q76319680	6000000004838175059
Q76319689	6000000034840188954
Q76319754	6000000034838662781
Q76319756	6000000034839066493
Q76319796	6000000080773543071
Q76319797	6000000080773477312
Q76319801	6000000080775675172
Q76319927	6000000045147256896
Q76319928	6000000045150062847
Q76319944	6000000045137066903
Q76319948	6000000045137370829
Q76319955	6000000045137861893
Q76319956	6000000045138039822
Q76319957	6000000045137930028
Q76319958	6000000045137905025
Q76319971	6000000039062240800
Q76319998	6000000052003257547
Q76320036	6000000033705844154
Q76320072	6000000034840845536
Q76320091	6000000086069263925
Q76320158	6000000016004051123
Q76320179	6000000039120405130
Q76320229	6000000045156138877
Q76320231	6000000045156259821
Q76320239	6000000045524345918
Q76320248	6000000018788890761
Q76320250	6000000000882398657
Q76320252	6000000045525573836
Q76320254	6000000045525813942
Q76320314	6000000095087959252
Q76320330	6000000164017912148
Q76320332	6000000017572750153
Q76320509	6000000017108856177
Q76320615	6000000054025429089
Q76320629	6000000020376823081
Q76320649	6000000035162820472
Q76320656	6000000026160579661
Q76320768	6000000009278081233
Q76320769	6000000009277603980
Q76320812	6000000025499524358
Q76320828	6000000017532831455
Q76320831	6000000178159649840
Q76320846	6000000000769916350
Q76320989	6000000016002970909
Q76320991	6000000034990081830
Q76321055	6000000032791950791
Q76321067	6000000045139628948
Q76321069	6000000045138805159
Q76321085	6000000103854769857
Q76321086	6000000051518819324
Q76321142	6000000164705184829
Q76321145	6000000019324779125
Q76321259	6000000019080788899
Q76321275	6000000025430039818
Q76321285	6000000013384227535
Q76321302	6000000008839980564
Q76321310	6000000008839341685
Q76321569	6000000002831254648
Q76321574	6000000013923356586
Q76321586	6000000093348754219
Q76321791	6000000013670600043
Q76322013	6000000006282595241
Q76322086	6000000017064579242
Q76322111	6000000008840285239
Q76322181	6000000016446460594
Q763222	6000000177186906886
Q76322225	6000000045145777011
Q76322236	6000000008260547197
Q76322369	6000000081271406821
Q76322378	6000000031572486201
Q76322380	6000000031572229743
Q76322389	6000000041365327882
Q76322395	6000000045269766851
Q76322403	6000000027688521862
Q76322417	6000000043976882908
Q76322419	6000000023631835482
Q76322419	6000000083053441967
Q76322490	6000000042514006600
Q76322500	6000000042512755415
Q76322536	6000000018157794990
Q76322537	6000000025570342581
Q76322538	6000000018168963770
Q76322541	6000000074089617853
Q76322558	6000000071731069845
Q76322579	6000000056765156939
Q76322616	6000000007606027524
Q763227	6000000007242583228
Q76322761	6000000013924861447
Q76322845	6000000082971128205
Q76322865	6000000012436049667
Q76323	6000000031984576340
Q76323076	6000000006444169421
Q76323079	6000000018832423591
Q76323085	6000000032520127705
Q76323313	6000000016473084416
Q76323655	6000000010546088707
Q76323798	6000000074733985959
Q76323822	6000000086735327100
Q76323829	6000000021152412677
Q76323834	6000000021153696834
Q76323843	6000000008267388902
Q76323866	6000000040521959870
Q76323878	6000000040521320543
Q76323879	6000000040521769202
Q76323888	6000000040521806110
Q76323923	6000000100272460917
Q76324060	6000000006589256310
Q76324064	4753186064280062769
Q76324093	6000000015547976006
Q76324192	6000000068329720881
Q76324311	6000000019343442778
Q76324321	6000000019342368909
Q76324333	6000000058257310080
Q76324335	6000000029091188307
Q76324344	6000000029049391332
Q76324348	6000000021595487793
Q76324361	6000000029085486793
Q76324369	6000000018614193563
Q76324371	6000000010451397617
Q76324382	6000000015151060815
Q76324393	6000000023451147188
Q76324394	6000000023450998196
Q76324497	6000000002764373666
Q76324747	6000000017962631770
Q76324800	6000000005036563284
Q76324802	6000000004079692951
Q76324807	6000000004079692969
Q76324810	6000000004079692975
Q76324853	6000000024486858871
Q76324857	6000000024486812906
Q76324862	6000000048827998862
Q76324962	6000000028246919193
Q76324969	6000000032272664900
Q76325	6000000011342659674
Q76325465	6000000029051417346
Q76325479	6000000038196973086
Q76325490	6000000029049555230
Q76325493	6000000029051404327
Q76325496	6000000029072631755
Q76325497	6000000029051041993
Q76325500	6000000029058853748
Q76325503	6000000029058984561
Q76325506	6000000029070220278
Q76325508	6000000029071403883
Q76325516	6000000006724918045
Q76325557	6000000025516173843
Q76325608	6000000024920904628
Q76325648	6000000015608926042
Q76325651	6000000004828277173
Q76325655	6000000038910018301
Q76325667	6000000027935710780
Q76325689	6000000014200465956
Q76325719	6000000007452177289
Q76325724	6000000007470321310
Q76325727	6000000007470445235
Q76325788	6000000011780675687
Q76325812	6000000011780043069
Q76325874	6000000021621902813
Q76325874	6000000164479510897
Q76325911	6000000013839631335
Q76325972	6000000011317328224
Q76325985	6000000073774259888
Q76325988	6000000074374928821
Q76325990	6000000074792669828
Q76325991	6000000074793930839
Q76325995	6000000074793730044
Q76326	6000000010383954240
Q76326018	6000000024921225418
Q76326019	6000000024921116133
Q76326022	6000000019566358464
Q76326050	6000000020208908371
Q76326118	6000000003087011872
Q76326199	6000000012389493748
Q76326229	6000000020587412605
Q76326238	6000000020601256617
Q76326410	6000000010668162513
Q76326499	6000000002116184239
Q76326547	6000000004586577953
Q76326616	6000000012402305688
Q76326658	6000000036544816421
Q76326671	6000000055617188921
Q76326695	6000000029479686971
Q76326718	6000000077101905110
Q76326744	6000000021514712668
Q76326898	6000000013392549460
Q76326900	6000000013392174861
Q76326906	6000000013392460927
Q76326952	6000000012524117176
Q76327069	6000000044110236352
Q76327087	6000000024807022063
Q76327149	6000000076592815865
Q76327263	6000000058165271919
Q76327300	6000000002188056739
Q76327303	6000000002188056750
Q76327388	6000000026067183440
Q76327420	6000000018321922332
Q76327480	6000000010755219930
Q76327544	6000000001838883032
Q76327567	6000000116728345884
Q76327582	6000000108421980821
Q76327585	6000000048455879085
Q76327598	6000000080751467882
Q76327626	6000000013566189100
Q76327629	6000000050480800181
Q76327729	5549511698870129538
Q76327801	6000000002410523313
Q76327844	6000000001628801087
Q76327845	6000000001628813123
Q76327874	6000000007427203693
Q76327890	6000000007427194720
Q76327917	6000000080749336309
Q76327931	6000000021772626401
Q76327936	6000000066653964876
Q76327945	6000000026510803355
Q76327957	6000000017797616457
Q76327968	6000000017798340222
Q76327972	6000000090604634863
Q76327975	6000000090604691867
Q76327976	6000000090604732903
Q76327978	6000000066653427021
Q76327983	6000000056443807944
Q76327989	6000000015197765407
Q76328015	6000000002115845605
Q76328034	6000000082447147865
Q76328066	6000000019979437028
Q76328067	6000000004571342530
Q76328110	6000000015338878146
Q76328130	6000000023066638163
Q76328173	6000000017426940026
Q76328243	6000000080363027010
Q76328243	6000000171544717897
Q76328294	6000000002765848237
Q76328314	6000000008890911153
Q76328387	6000000039836552174
Q76328390	6000000063394484821
Q76328409	6000000041960084302
Q76328410	6000000041960221087
Q76328413	6000000034773953087
Q76328475	6000000034458638034
Q76328574	6000000008754829321
Q76328673	6000000072411816874
Q76328675	6000000072410609684
Q76328832	6000000090771035822
Q76328839	6000000040153447111
Q76328848	6000000002045475632
Q76328868	4342360859080037978
Q76328869	4342363984340126268
Q76328910	6000000002188674429
Q76328936	6000000090771035828
Q76328941	6000000054490236857
Q76328970	6000000008882186546
Q76329039	6000000004858078061
Q76329044	6000000011738369318
Q76329096	6000000055630703873
Q76329097	6000000055629987545
Q76329101	6000000055630538168
Q76329143	6000000025433485204
Q76329144	6000000002702381408
Q76329150	6000000002702364517
Q76329152	6000000176050920855
Q76329153	6000000002702413231
Q76329155	6000000010631580143
Q76329156	6000000001853259938
Q76329163	6000000001853417850
Q76329164	6000000003055460486
Q76329165	6000000003055619072
Q76329207	6000000006444526285
Q76329211	6000000003944698546
Q76329212	6000000003965410232
Q76329378	6000000023012052419
Q76329403	6000000008629301237
Q76329411	6000000069223280923
Q76329422	6000000056427080233
Q76329428	6000000002116190780
Q76329462	6000000015851339071
Q76329482	6000000011824302800
Q76329484	6000000080363518821
Q76329484	6000000171543657289
Q76329486	6000000080361714503
Q76329486	6000000171545004852
Q76329514	6000000104136516956
Q76329515	6000000104137935957
Q76329538	6000000057785279937
Q76329549	6000000024182325203
Q76329563	6000000009162713316
Q76329576	6000000109020736071
Q76329578	6000000109048995911
Q76329582	6000000109019837252
Q76329584	6000000109019943494
Q76329584	6000000109120302882
Q76329588	6000000109021256849
Q76329590	6000000109012170033
Q76329591	6000000109012103005
Q76329617	6000000109014409931
Q76329619	6000000011747386681
Q76329620	6000000109012606909
Q76329622	6000000109010297450
Q76329625	6000000109014807834
Q76329626	6000000109014929843
Q76329650	6000000025617116859
Q76329680	6000000015180148302
Q76329684	6000000002412585943
Q76329737	6000000006736088001
Q76329738	6000000023821809969
Q76329757	6000000020484740656
Q76329759	6000000020485313213
Q76329796	6000000115550840966
Q76329817	6000000114182934838
Q76329837	6000000026575188294
Q76329842	6000000025170107237
Q76329854	6000000028543005077
Q76329878	6000000002304340351
Q76329879	6000000000714797850
Q76329901	6000000024641194032
Q76329908	6000000066465545867
Q76329913	6000000002142311277
Q76329931	6000000030434858473
Q76330079	6000000053821090846
Q76330081	6000000026649417334
Q76330096	6000000038301780841
Q76330099	6000000033776966296
Q76330100	6000000033786228361
Q76330101	6000000033786129306
Q76330103	6000000033785970688
Q76330107	6000000033786234414
Q76330137	6000000066695020964
Q76330138	6000000000352431869
Q76330169	6000000002116021908
Q76330172	6000000014719070166
Q76330173	6000000014718103643
Q76330246	6000000006410126110
Q76330330	6000000010898166716
Q76330366	6000000004973559806
Q76330380	6000000001299365884
Q76330446	6000000055356090894
Q76330461	6000000063397989871
Q76330463	6000000085570440868
Q76330536	6000000027163194172
Q76330540	6000000017803258315
Q76330625	6000000003216128230
Q76330655	6000000003216112962
Q76330670	6000000003216071321
Q763307	6000000083643059348
Q76330906	6000000082818351491
Q76330947	6000000023233457223
Q76330952	6000000121906093087
Q76330983	6000000000193243530
Q76331	6000000101023796219
Q76331003	6000000013551552624
Q76331038	6000000008352625171
Q76331040	6000000008368644524
Q76331133	6000000025847834730
Q76331148	6000000021566790778
Q76331192	6000000022567240440
Q76331193	6000000042372076391
Q76331200	6000000129613844936
Q76331226	6000000054543021248
Q76331259	6000000119241214821
Q76331346	6000000005034196292
Q76331372	6000000024973112200
Q76331373	6000000025757323517
Q76331393	6000000017676305824
Q76331400	6000000103971625886
Q76331444	6000000048084894845
Q76331446	6000000048085264065
Q76331493	6000000048085991955
Q76331509	6000000048088815821
Q76331510	6000000139991482833
Q76331526	6000000003076162937
Q76331527	6000000006912579282
Q76331529	6000000011003869098
Q76331533	6000000000171060047
Q76331542	6000000002750136305
Q76331590	6000000008445345421
Q76331591	6000000041136614225
Q76331592	6000000041136614232
Q76331594	6000000000117895038
Q76331608	6000000019165220116
Q76331663	6000000006444665528
Q76331807	6000000032917885912
Q76331812	6000000032917260820
Q76331815	6000000032919596080
Q76331818	6000000032919798824
Q76331819	6000000032919494267
Q76331838	6000000078059606109
Q76331872	6000000117381449875
Q76331877	6000000017803806787
Q76331878	6000000015912706360
Q76331891	6000000000412681284
Q76331893	6000000000407024772
Q76331894	6000000000412581804
Q76331897	6000000017310654027
Q76331898	6000000004079710223
Q76331906	6000000009403550547
Q76331907	6000000009403814327
Q76331922	6000000081824504841
Q76332	6000000022770580326
Q76332175	6000000004325582991
Q76332199	6000000019384052502
Q76332224	6000000026192354597
Q76332275	6000000034113671330
Q76332356	6000000032214011371
Q76332437	6000000024738749104
Q76332438	6000000024100571136
Q76332439	6000000024100726928
Q76332501	6000000003043343849
Q76332739	6000000014888875187
Q76332764	6000000104567496849
Q76332765	6000000046702967987
Q76332903	6000000011894849221
Q76332904	5608606449930028670
Q76332906	5608602956520074754
Q76332938	6000000088909456875
Q76332948	6000000088909401898
Q76333096	6000000015391774068
Q76333126	6000000047203955017
Q76333136	6000000023416434305
Q76333148	6000000043990288909
Q76333188	6000000016549771683
Q76333189	6000000016550269057
Q76333218	6000000000137680683
Q76333234	6000000045514618844
Q76333261	6000000017875263286
Q76333274	6000000017875352291
Q76333277	6000000017874414511
Q76333333	6000000072256287107
Q76333428	6000000021567454254
Q76333429	6000000021567420386
Q76333431	6000000021567287716
Q76333432	6000000021567522017
Q76333441	6000000006444159881
Q76333469	6000000055259268922
Q76333470	6000000033895584936
Q76333471	6000000033895553974
Q76333474	6000000033895082231
Q76333476	6000000033894809806
Q76333676	6000000069650313936
Q76333769	6000000001714646683
Q76333770	6000000001714646696
Q76333771	6000000001714646775
Q76333772	6000000028548704047
Q76333774	6000000001714646798
Q76333788	6000000105757923852
Q76333797	6000000015771652663
Q76333839	6000000029366695071
Q76333840	6000000029366510425
Q76333849	6000000064652003145
Q76333850	6000000064652920828
Q76334	6000000028168712505
Q763341	6000000016142354626
Q76334290	6000000078550603357
Q76334336	6000000002497450961
Q76334384	6000000040046408890
Q76334554	6000000071292002916
Q76334579	6000000029416918086
Q76334580	6000000029416866918
Q76334634	6000000048753581031
Q76334664	6000000047446429212
Q76334677	6000000006851244076
Q76334809	6000000068586379845
Q76334819	6000000012779721490
Q76334827	6000000012151243353
Q76334828	6000000012151221520
Q76334855	6000000015720682546
Q76334856	6000000015720786128
Q76334892	6000000019453863844
Q76334993	6000000182106895846
Q76335027	6000000039875983796
Q76335099	6000000031761617923
Q76335101	6000000003762370535
Q76335109	6000000036245406501
Q76335140	6000000021597497780
Q76335158	6000000059058220969
Q76335263	6000000122660143014
Q76335268	6000000014766921947
Q76335270	6000000014767095232
Q76335458	6000000009688428722
Q76335460	6000000009690092673
Q76335463	6000000009690679773
Q76335467	6000000009690532036
Q76335473	6000000009690377152
Q76335477	6000000009690889253
Q76335485	6000000009690872290
Q76335486	6000000009690073672
Q76335488	6000000009690648450
Q76335490	6000000009691019266
Q76335494	6000000009690008861
Q76335509	6000000006573497417
Q76335515	6000000009691674270
Q76335545	6000000176562632828
Q76335548	6000000176563597833
Q76335573	6000000027824280987
Q76335582	6000000049887406066
Q76335583	6000000049886466791
Q76335586	6000000083684347842
Q76335590	6000000023466510991
Q76335619	6000000018337631168
Q76335621	6000000013356301596
Q76335638	6000000086538088949
Q76335685	6000000000803838861
Q76335704	6000000032996768289
Q76335705	6000000032997174851
Q76335709	6000000000790707163
Q76335710	6000000000790575726
Q76335712	6000000027967655887
Q76335715	6000000000803842299
Q76335716	6000000119066718857
Q76335741	6000000000151880801
Q76335743	6000000012819332398
Q76335777	6000000013427712648
Q76335778	6000000013427836416
Q76335780	6000000013689519781
Q76335781	6000000012213502682
Q76335782	6000000013816071789
Q76335807	6000000068129555413
Q76335812	6000000063700480839
Q76335814	6000000063700282030
Q76335815	6000000063699832351
Q76335817	6000000065603885981
Q76335819	6000000065604000901
Q76335845	6000000019655597061
Q76335928	6000000152458849826
Q76335971	6000000021698781215
Q76335972	6000000021699147111
Q76336	6000000014320256732
Q76336014	4881413603760057161
Q76336040	6000000003687370630
Q763362	6000000163723104821
Q76336201	6000000011448107843
Q76336209	6000000002752942874
Q76336239	6000000098023344821
Q76336269	6000000023871456141
Q76336279	6000000022375592756
Q76336288	6000000009995327704
Q76336344	6000000017353002980
Q76336356	6000000017352961431
Q76336362	6000000017353030939
Q76336385	6000000039578271833
Q76336476	6000000117767448114
Q76336541	6000000049581884127
Q76336604	6000000015286974665
Q76336625	6000000014320742319
Q76336626	6000000014320503663
Q76336666	6000000056479300015
Q76336719	6000000007791835976
Q76336806	6000000006435871549
Q7633687	6000000011063801492
Q76336910	6000000003216078974
Q76337013	6000000015393742317
Q76337034	6000000076616754945
Q76337036	6000000076616805900
Q76337037	6000000076616862830
Q76337059	6000000015393693340
Q76337074	6000000015392739845
Q76337075	6000000015393269312
Q76337076	6000000020557491020
Q76337082	6000000024876560483
Q76337089	6000000070001398003
Q76337095	6000000070001180107
Q76337426	6000000029514108754
Q76337427	6000000029514796924
Q76337430	6000000029493009939
Q76337493	6000000071475211047
Q76337494	6000000071474534334
Q76337496	6000000071475528838
Q76337497	6000000071475502841
Q76337502	6000000086008891969
Q76337510	6000000071475367914
Q76337513	6000000086009129949
Q76337515	6000000071475387890
Q76337520	6000000071475395860
Q76337571	6000000077486818060
Q76337678	6000000013016466603
Q76337809	6000000039927456904
Q76337890	6000000033914738656
Q76337903	6000000047926860452
Q76338116	6000000001631797740
Q76338118	6000000001631899324
Q76338314	6000000014803902032
Q76338315	6000000014803920029
Q76338316	6000000014803820769
Q76338402	6000000035060072192
Q76338403	6000000035060266053
Q76338490	6000000023921604850
Q76338491	6000000019308769975
Q76338573	6000000059072706861
Q76338675	6000000005437560583
Q76338677	6000000005437560564
Q76338817	6000000010909733435
Q76338837	6000000075354664919
Q76338885	6000000032196418847
Q76338887	6000000009075498158
Q76338926	6000000069901864011
Q76338936	6000000028920747296
Q76338962	6000000013157516691
Q76338968	6000000036479810655
Q76338984	6000000007591502004
Q76339034	6000000007605136206
Q76339140	6000000011500536387
Q76339279	6000000003051231263
Q76339285	6000000007357111250
Q76339288	6000000003243389306
Q76339436	6000000017644880381
Q76339444	6000000017645288021
Q76339663	6000000002116015920
Q76340240	6000000013629040006
Q76340428	6000000009353810534
Q76340441	6000000009312693457
Q76340464	6000000105042272874
Q76340520	6000000105042272850
Q76340525	6000000105041819386
Q76340526	6000000105042272838
Q76340570	6000000105041885215
Q76340573	6000000105041819392
Q76340605	6000000047841180856
Q76340626	6000000023896241571
Q76340667	6000000036621908894
Q76340669	6000000016432451312
Q76340678	6000000105757942839
Q76340791	6000000083627431072
Q763408	6000000130489396853
Q76341	6000000012196072080
Q76341003	6000000028931199649
Q76341140	6000000012695628544
Q76341168	6000000068070316834
Q76341227	6000000008560252521
Q76341231	6000000096109154822
Q76341270	6000000010972804121
Q76341285	6000000049122032995
Q76341288	6000000049122153908
Q76341294	5166530794010074861
Q76341301	6000000017023900005
Q76341302	6000000017022874519
Q76341305	6000000017023311168
Q76341307	6000000172858034107
Q76341308	6000000014019244196
Q76341387	6000000008863675944
Q76341389	6000000050341640905
Q76341390	6000000050341575864
Q76341398	6000000015541115061
Q76341439	6000000018128336617
Q76341565	6000000014863273212
Q76341567	6000000014862952725
Q76341568	6000000014863252347
Q76341580	6000000014863495069
Q7634159	6000000003187074267
Q76341648	6000000019222909127
Q76341650	6000000019554765592
Q76341738	6000000025224458054
Q76341778	6000000028627880023
Q76341792	6000000034949243190
Q76341817	6000000000076297436
Q76341833	6000000045380334331
Q76341961	6000000008210537104
Q7634203	6000000152536312821
Q76342037	6000000039376963884
Q76342063	4756853692240031015
Q76342072	6000000007445608368
Q76342074	6000000007445398413
Q76342079	6000000083734598090
Q76342087	6000000009823581926
Q76342107	6000000002872891801
Q76342109	6000000014578511255
Q76342116	6000000002872948619
Q76342118	6000000002872953360
Q76342121	6000000014578409333
Q76342193	6000000034767638529
Q76342220	6000000041365381914
Q76342223	6000000045269659842
Q76342229	6000000041364997515
Q76342362	4885992050360071728
Q76342368	6000000007061260498
Q76342389	6000000027900878863
Q76342639	6000000063424211835
Q76342644	6000000100801346262
Q76342706	6000000084926017908
Q76342832	6000000043928684027
Q76342844	6000000083622610990
Q76342845	6000000083622842947
Q76342847	6000000079128886901
Q76342850	6000000079129018869
Q76342856	6000000083622189705
Q76343	6000000003232532904
Q76343119	6000000026683183837
Q76343134	6000000015183658328
Q76343376	6000000084925729967
Q76343413	6000000000921652092
Q76343421	6000000000921488353
Q76343448	6000000000920925130
Q76343542	6000000105041885233
Q76343579	6000000067972085836
Q76343707	6000000011550283041
Q76343712	6000000052621025240
Q76343716	6000000013430412602
Q76343717	336334164750011698
Q76343724	6000000013430472733
Q76343737	6000000000920370879
Q76343800	6000000000920977139
Q76343863	6000000033823839889
Q76343882	6000000000921012001
Q76343884	6000000000920980059
Q76343890	6000000000920951073
Q76343891	6000000000920803478
Q76343905	6000000000921033173
Q76343924	6000000000882584768
Q76343973	6000000012261593929
Q76344089	6000000000882496375
Q76344107	6000000000882460535
Q76344302	6000000014098733086
Q76344342	6000000072089445965
Q76344348	6000000019555959101
Q76344349	6000000019555155655
Q76344425	6000000053285703991
Q76344435	6000000009906861030
Q76344440	6000000041902756444
Q76344544	6000000036572845785
Q76344574	6000000002116015420
Q76344584	6000000014374590237
Q76344613	6000000009463230023
Q76344763	6000000028641265703
Q76344900	6000000013420199368
Q76344942	6000000026228660633
Q76344950	6000000019895023849
Q76344953	6000000071580066867
Q76345021	6000000078383055239
Q76345031	6000000102665957639
Q76345141	6000000195733028835
Q76345144	6000000195733315847
Q76345181	6000000014694520885
Q76345215	6000000047785691000
Q76345218	6000000047819676855
Q76345260	6000000045038004140
Q76345261	6000000045031219892
Q76345263	6000000045036890145
Q76345264	6000000045030837013
Q76345266	6000000045030979837
Q76345269	6000000026352602011
Q76345274	6000000002173078066
Q76345276	6000000002173077933
Q76345277	6000000002173077905
Q76345281	6000000002173078061
Q76345296	6000000034985481693
Q76345617	6000000013237564533
Q76345700	6000000003051717328
Q76345835	6000000047784759214
Q76345883	6000000014770797915
Q76345884	6000000014767084480
Q76345896	6000000014771316761
Q76345917	6000000014767047197
Q76345919	6000000014771778369
Q76345926	6000000014767126061
Q76345929	6000000008884562678
Q76345935	6000000014767097400
Q76345988	6000000075808386940
Q76346	6000000009517887680
Q76346062	6000000070158982959
Q76346119	6000000001801366386
Q76346121	6000000001801446455
Q76346184	6000000012384142074
Q76346332	6000000083480017924
Q76346350	6000000050763274927
Q76346415	6000000036639109874
Q76346417	6000000036638026050
Q76346482	6000000076242704821
Q76346494	6000000032681056720
Q76346748	6000000002043201774
Q76347	6000000009784009742
Q76347007	6000000058406066492
Q76347078	6000000041033853716
Q76347080	6000000022502201917
Q76347082	6000000022502074384
Q76347187	6000000003571998207
Q76347202	6000000022684067089
Q76347204	6000000011616285594
Q76347246	6000000017559053180
Q763474	6000000013176829394
Q76347491	6000000077371741858
Q76348101	6000000011869062597
Q76348111	6000000012577995292
Q76348239	6000000220885448830
Q76348241	6000000220885632821
Q76348343	6000000020372983119
Q76348347	6000000011548112631
Q76348379	6000000020372188463
Q76348382	6000000020372638681
Q76348386	6000000020372949901
Q76348416	6000000020373050537
Q76348422	6000000020372972059
Q76348436	6000000020373130413
Q76348440	6000000020373148409
Q76348824	6000000001804679096
Q76348828	6000000193582152827
Q76348870	6000000009096096373
Q76348899	6000000026175418195
Q76348900	6000000026175327275
Q76349195	6000000011551326352
Q76349199	6000000017509078952
Q76349264	6000000021318393673
Q76349268	6000000002897421956
Q76349495	5698607614640036086
Q76349760	6000000011364642777
Q76349884	6000000032719596217
Q76349964	6000000054314655827
Q76349980	6000000006425003007
Q76349981	6000000064825623821
Q76350329	6000000082313620932
Q76350513	6000000011051001102
Q76350543	6000000054286734213
Q76351	6000000129471637978
Q76351075	6000000059233346931
Q76351182	6000000066365261909
Q76351218	6000000024973377122
Q76351261	6000000012687120711
Q76351396	6000000013373095209
Q76351430	6000000014734174375
Q76351455	6000000003891557798
Q76351622	6000000072814813488
Q76351671	6000000025554175834
Q76351722	6000000025553823365
Q76351729	6000000025554230878
Q76352	6000000031022162175
Q76352083	6000000039441650874
Q76352410	6000000000587560163
Q763525	6000000010924138396
Q76352597	6000000002792834666
Q76352600	6000000002793016257
Q76352617	6000000086994718850
Q76352749	6000000029792065770
Q76352769	6000000039443832373
Q76352774	6000000021702411367
Q76352796	6000000027210043172
Q76353250	6000000024630077022
Q76353252	6000000040301504201
Q76353293	6000000039320481326
Q76353305	6000000006444176180
Q76353313	6000000000245943755
Q76353865	6000000171680455680
Q76353879	6000000019050343279
Q76354000	6000000019675275903
Q76354021	6000000002764501885
Q76354030	6000000003077252122
Q76354071	4042298444700044668
Q76354076	6000000000658129446
Q76354077	6000000000658143860
Q76354080	6000000003811159303
Q76354081	6000000003811159469
Q76354083	6000000024366434290
Q76354084	6000000071883746822
Q76354090	6000000062615386250
Q76354092	6000000062615513102
Q76354094	6000000062612528868
Q76354098	6000000062611696423
Q76354100	6000000062611644504
Q76354102	6000000062611844978
Q76354105	6000000062611975967
Q76354298	6000000009737256409
Q76354567	6000000001044937664
Q76355	6000000002053913237
Q76355074	4190379636760030832
Q76355116	6000000006444176467
Q76355119	6000000000642062081
Q76355122	6000000072740540904
Q76355123	6000000072739994148
Q76355124	6000000072740371842
Q76355153	6000000004639507285
Q76355156	6000000004640092668
Q76355279	6000000026533199245
Q76355281	6000000026533943926
Q76355297	6000000013090949241
Q76355299	6000000013090954236
Q76355433	6000000021436842060
Q76355447	6000000057782417078
Q76355547	6000000034389802910
Q76355854	6000000175158669374
Q76356	6000000080207000304
Q76356127	6000000051481868993
Q76356372	6000000004868323439
Q76356409	6000000006444099315
Q76356521	6000000009755326754
Q76356523	6000000008531435475
Q76356527	6000000012411835052
Q76356532	6000000010192129362
Q76356541	6000000003086741634
Q76356548	6000000045963089262
Q76356556	6000000045964031971
Q76356757	6000000009755209929
Q76357	6000000070095762694
Q76357461	6000000002115947861
Q76357553	6000000074287716309
Q76357556	6000000032795956104
Q76357683	6000000013680626181
Q76357774	6000000014590879141
Q76357837	6000000008764275208
Q76357857	4881424677280014693
Q76357969	6000000003210264165
Q76358	6000000041491857765
Q76358326	6000000056770116905
Q76358366	6000000000343960057
Q76358678	6000000000628861133
Q76358693	6000000024859427857
Q76358702	6000000032126094022
Q76358726	6000000016376571609
Q76358728	6000000016376591814
Q76358906	6000000013492197939
Q76358925	6000000007365750369
Q76358960	6000000009546021870
Q76358963	6000000025765078833
Q76359	6000000022172337390
Q76359052	6000000026608859959
Q76359171	6000000007352234714
Q76359173	6000000007352437682
Q76359306	6000000023390442870
Q76359324	6000000009837451295
Q76360	6000000051524594916
Q76360051	6000000150615212869
Q76360071	6000000022404898497
Q76360223	6000000042101009784
Q76360244	6000000016228904765
Q76360292	6000000006444353955
Q76360462	6000000017606860583
Q76360686	6000000074561867842
Q76361	6000000023658654405
Q76361097	6000000015363582621
Q76361166	6000000042185371235
Q76361261	6000000024972856772
Q76361396	6000000030739068073
Q76361546	6000000018952887818
Q76361579	6000000012922216514
Q76361634	6000000008469150768
Q76361634	6000000038243151059
Q76361637	3241862
Q76361640	6000000003615695270
Q76361643	6000000008047289405
Q76361647	6000000008047195569
Q76361678	6000000001707257183
Q76361700	6000000027062774757
Q76361704	6000000002028755076
Q76361708	6000000020615189057
Q76361726	6000000017267915993
Q76361732	6000000014452657247
Q76361737	6000000019022945214
Q76361741	6000000016817489996
Q76361742	6000000025857605854
Q76361744	6000000017050423226
Q76361800	6000000026552239471
Q76361808	6000000018068802776
Q76361810	6000000018069281695
Q76361925	6000000016572866947
Q76361974	6000000010212323975
Q76362058	6000000016582701756
Q76362060	6000000019269141583
Q76362213	6000000092444737275
Q76362246	6000000034200636192
Q76362524	6000000024414649931
Q76362637	6000000005437511427
Q76363016	6000000013413566463
Q76363025	6000000013412447638
Q76363212	6000000073862748929
Q76363290	6000000018238661540
Q76363334	6000000207665355889
Q76363339	6000000002188468609
Q76363741	6000000007313007380
Q76363847	6000000074751260100
Q76364179	6000000077296704867
Q76364423	6000000000437795501
Q76364428	6000000031271408334
Q76364752	6000000173166344910
Q76364808	6000000052517652968
Q76364967	6000000037617718164
Q76365091	6000000035379324066
Q76365171	6000000121145700821
Q76365331	6000000058402370989
Q76365352	6000000042149440451
Q76365353	6000000033019304549
Q76365393	6000000013939820913
Q76365401	6000000004145781336
Q76365402	6000000090054115876
Q76365789	6000000002447267992
Q76365904	6000000006444566323
Q76365935	6000000026920375323
Q76365937	6000000026908916726
Q7636596	6000000013385988590
Q76365977	6000000024131513637
Q76366153	6000000056450243956
Q76366155	6000000039684384949
Q76366197	6000000055812365015
Q763663	6000000006494539849
Q76366502	6000000009241128733
Q76366503	6000000009240980575
Q76366513	6000000007185418245
Q76366517	6000000007185438280
Q76366588	6000000024088394832
Q76366620	6000000008435250512
Q76366622	6000000026203026547
Q76366628	6000000008435414360
Q76366635	6000000008435123757
Q76366641	6000000022710817034
Q76366670	6000000007045193001
Q76366673	6000000007045077062
Q76366716	6000000020545332859
Q76366874	6000000171741360655
Q76366875	6000000171744318878
Q76366991	6000000027646010467
Q76367	6000000102665475830
Q76367200	6000000007848607797
Q76367351	6000000058264324160
Q76367352	6000000059860756877
Q76367373	6000000003580242625
Q76367374	6000000021333041021
Q76367466	6000000004954811717
Q7636749	6000000001333981783
Q76367533	6000000028109680331
Q76367544	6000000023543311424
Q76367551	6000000023993003495
Q76367552	6000000022513301904
Q76367555	6000000022513077338
Q7636778	6000000011175200825
Q7636783	6000000000279140545
Q76367969	6000000015862385594
Q76367970	6000000186834437843
Q76367979	6000000023996507422
Q76367989	6000000023996656033
Q76367997	6000000015152898608
Q76368	6000000028101335036
Q763680	6000000142078556848
Q76368146	6000000016319603195
Q76368147	6000000016319672024
Q76368160	6000000076282631033
Q76368208	6000000018394809633
Q76368211	6000000006127928652
Q76368214	6000000024446949766
Q76368218	6000000033060758744
Q76368219	6000000033060915311
Q76368306	6000000017653722702
Q76368307	6000000008256116434
Q76368629	6000000024258554846
Q76368865	6000000016640550968
Q76368868	6000000016640802125
Q76368869	6000000044626766841
Q76368979	6000000015664238367
Q76368980	6000000016875172298
Q76368993	6000000014962242197
Q76368998	6000000041756812195
Q763690	6000000084958236853
Q76369002	6000000016522530258
Q76369003	6000000016522597031
Q76369012	6000000007372664428
Q76369027	6000000001753015358
Q76369029	6000000004408455098
Q76369031	6000000013296369781
Q76369032	6000000009440750871
Q76369040	4206954
Q76369042	6000000001504875170
Q76369064	6000000001504868277
Q76369067	6000000009696286669
Q76369069	6000000015710265613
Q76369072	6000000022767958633
Q76369076	6000000009745339999
Q76369077	6000000018764436327
Q76369082	6000000006127578435
Q76369085	6000000019177225161
Q76369086	6000000006127381155
Q76369089	6000000018764177407
Q76369091	6000000018763401957
Q76369092	6000000006127578637
Q76369094	6000000006127578644
Q76369099	6000000017183237919
Q76369099	6000000039403966975
Q76369100	6000000039875952973
Q76369103	6000000019496131722
Q76369105	6000000039875650673
Q76369106	6000000006127578456
Q76369116	6000000006127578476
Q76369117	6000000006127578482
Q76369121	6000000013114704729
Q76369123	6000000013114704762
Q76369125	6000000006127578726
Q76369128	6000000022242530830
Q76369131	6000000022238761740
Q76369132	6000000008496940847
Q76369134	6000000011371388972
Q76369136	6000000008496940888
Q76369148	6000000011372021308
Q76369150	6000000011371118643
Q76369151	6000000008496898019
Q76369152	6000000011830870537
Q76369154	6000000008496940853
Q76369157	6000000022237131704
Q76369160	6000000006127645494
Q76369341	6000000006768849546
Q76369342	6000000003210254599
Q76369343	6000000003210397035
Q76369384	6000000020280481336
Q76369385	6000000033994456848
Q76369386	6000000033994407909
Q76369479	6000000015354269432
Q76369691	6000000022292421889
Q76369697	6000000021946663210
Q76369746	6000000023359883795
Q76370017	6000000007887064372
Q76370020	6000000026009530580
Q76370335	6000000035012104534
Q76370520	6000000014024380289
Q76370523	6000000015737957598
Q76370572	6000000071069765887
Q76370603	6000000013375385737
Q76370618	6000000017170428005
Q76370625	6000000021249734950
Q76370631	6000000021249733007
Q76370636	6000000026207158096
Q76370638	6000000021249537711
Q76370640	6000000026205806784
Q76370707	6000000020255735217
Q76370709	6000000020255890514
Q76370786	6000000017615667110
Q763708	6000000008249048574
Q76370832	6000000018059659309
Q76370849	6000000060219207058
Q76370853	6000000027194581378
Q76370859	6000000080101075053
Q76371012	6000000030970906169
Q76371206	6000000021875607123
Q76371265	6000000030897050109
Q76371267	6000000008280427226
Q76371300	6000000024793296386
Q76371340	6000000027198127947
Q76371348	6000000027258718853
Q763714	6000000015466754377
Q76371438	6000000036264497289
Q76371784	6000000016511907182
Q76371785	6000000007297300615
Q76371793	6000000001212852692
Q76371821	6000000013431489710
Q7637206	6000000010656241968
Q76372145	6000000084412633998
Q76372156	6000000012609395943
Q76372268	6000000012596975367
Q76372414	6000000001504570787
Q76372481	6000000008476398351
Q76372482	6000000007603102373
Q76372549	6000000029905947575
Q76372554	6000000029905928378
Q763726	6000000087504017829
Q76372606	6000000037955873400
Q76372606	6000000162550986870
Q76372608	6000000162550986900
Q76372658	6000000007355561305
Q763727	6000000087508546875
Q76372796	6000000044176775853
Q76372990	6000000026279181079
Q76372999	6000000020623608252
Q76373	6000000041440354071
Q76373110	6000000021708017464
Q76373263	6000000004977205118
Q76373277	6000000010599265548
Q76373300	6000000013556724403
Q76373328	6000000020532904340
Q76373336	6000000020681131559
Q76373354	6000000011104596225
Q76373480	6000000009513296874
Q76373555	6000000003979258277
Q76373580	6000000007357351201
Q76373603	5226519716100116572
Q76373604	6000000011403923020
Q76373857	6000000010289165534
Q76373860	6000000002499765352
Q76373862	6000000010289205544
Q76373864	6000000010288984829
Q76373865	6000000002499220926
Q76373867	6000000010289780855
Q76373867	6000000160125134848
Q76373918	6000000025931111194
Q76374082	6000000200210162883
Q763741	6000000077447693865
Q76374197	6000000005380497051
Q76374205	6000000005280375013
Q76374206	6000000016052594918
Q76374208	6000000016052850506
Q76374210	6000000005380324145
Q76374254	6000000026028314382
Q76374341	6000000043357527195
Q76374455	6000000009027919027
Q76374456	6000000009027852031
Q76374457	6000000035208267749
Q76374458	6000000035209302274
Q76374459	6000000035207801768
Q76374460	6000000035210160932
Q76374475	6000000108506261015
Q76374522	6000000168504892975
Q76374539	6000000097506675056
Q76374544	6000000093902091128
Q76374545	6000000093903034121
Q76374548	6000000110667872829
Q76374555	6000000110666725840
Q76374556	6000000093902939025
Q76374560	6000000097508012994
Q76374569	6000000097507944100
Q76374585	6000000025614044871
Q76374587	6000000110672598927
Q76374589	6000000024699250535
Q76374589	6000000110673028821
Q76374590	6000000023084081960
Q76374729	6000000022643984361
Q76374816	6000000027188454768
Q76374834	6000000011935378933
Q76375094	6000000018194253948
Q76375239	6000000026116435398
Q76375241	6000000026116434384
Q76376	6000000002895341901
Q7637646	6000000041617389804
Q763766	6000000090178407822
Q7637778	6000000013801791619
Q7637971	6000000043569993935
Q7637972	6000000071021578173
Q7637981	6000000006603881776
Q7637982	6000000176663164858
Q7637984	6000000158417171831
Q7637985	6000000026913963900
Q7637986	6000000016796097674
Q7637990	6000000000197571441
Q7638000	6000000154831726868
Q76380739	6000000217648591830
Q76380981	6000000057735597933
Q7638235	6000000075406681107
Q76382612	4369341800370014753
Q76383815	6000000037787460523
Q76385290	6000000010763460816
Q7638594	6000000075346099956
Q7638654	6000000029723647816
Q7638711	6000000018455321828
Q76396	6000000022314446781
Q763970	6000000156989981832
Q7639702	6000000018455962099
Q763988	6000000145225725018
Q76398930	6000000021688087684
Q76400	6000000149905743834
Q764014	6000000016568426000
Q7640308	6000000009966020531
Q76403346	6000000027252212655
Q76404525	6000000013222167958
Q764057	6000000021185039079
Q764062	6000000002891807088
Q76409	6000000033295035443
Q76410	6000000000152072605
Q764105	6000000151450329839
Q764109	6000000036623163013
Q76416095	6000000171818060822
Q76417	6000000018570090763
Q764183	6000000067765612834
Q76419279	6000000014246062370
Q76420	6000000000313929725
Q764212	6000000122265384875
Q76422	6000000020572666261
Q764239	6000000059643636330
Q76425	6000000019099950400
Q76425629	6000000036671436592
Q764272	6000000058120334225
Q76428	6000000004050601595
Q76430	6000000026082187775
Q764317	5200281559050031147
Q76432	6000000020708494333
Q76433	6000000008260966416
Q76433982	6000000006817761097
Q76434336	6000000003076094089
Q76435	6000000143182563828
Q764363	6000000054511882877
Q76439	6000000019298090437
Q764398	5070437819180114900
Q76440	6000000067660292886
Q764408	6000000061125271853
Q76442	6000000119536265068
Q76443	6000000008469448501
Q764437	6000000050257406866
Q764450	6000000021721686732
Q76445785	6000000019369172655
Q76446935	6000000051654772844
Q76448183	6000000006280064271
Q76452362	6000000053044367117
Q76452645	6000000177838449891
Q76453642	6000000019122505637
Q76454	6000000034921519496
Q764542	6000000075102866963
Q764546	6000000066654239886
Q764557	6000000032307026314
Q76459	6000000177093990864
Q76459154	6000000016501966890
Q764598	6000000023949907442
Q76460061	6000000096405740853
Q76460081	6000000093075326846
Q76462	6000000041313641322
Q764625	6000000024792233271
Q76463883	6000000014057735980
Q76464	6000000026481048567
Q764659	4665635396180070564
Q764692	6000000181887698821
Q76469857	6000000175946031838
Q764715	6000000175189086126
Q76474	6000000000634875090
Q7647458	6000000004018660320
Q7647590	6000000022850219590
Q7647596	6000000166724261822
Q7647623	6000000007682134824
Q7647630	4005852296240074384
Q7647715	6000000025438888145
Q764773	6000000076832104291
Q7647785	6000000019745996267
Q7647833	6000000006839315098
Q7647847	6000000000077975220
Q7647917	6000000010320533098
Q7647951	6000000038438227712
Q7647987	6000000004139978235
Q76480	6000000013529776340
Q764803	6000000044023826967
Q7648032	6000000026322512456
Q7648103	6000000085746866897
Q7648158	6000000008462903735
Q7648166	6000000076971154568
Q7648171	6000000065145571167
Q7648178	6000000039614057865
Q7648210	324458486750005494
Q7648292	6000000029098698694
Q76483	6000000014657127266
Q7648317	6000000010814821202
Q764845	6000000084617644835
Q7648457	6000000009066031216
Q7648461	6000000017545388852
Q764848	6000000174161545350
Q7648488	6000000090589726885
Q7648499	6000000010943950119
Q76485	6000000015730856231
Q7648513	6000000018481531116
Q7648600	6000000002046665543
Q7648638	6000000000351068377
Q7648645	6000000010531186754
Q7648651	6000000001713431933
Q76487	6000000014515834914
Q7648718	6000000008734309972
Q7648727	6000000006338270522
Q7648730	6000000003615754555
Q76488	6000000006789628133
Q7648807	6000000076972177555
Q764892	6000000175554372862
Q7649052	6000000110263698821
Q76491	6000000018893260653
Q76492	6000000022853423052
Q764934	6000000078161998339
Q76494739	6000000083947765133
Q76494887	6000000016360215171
Q764949	6000000031639649532
Q76495	6000000000787138860
Q764966	6000000123450888831
Q764975	6000000020491241054
Q7649832	6000000003123242466
Q764984	6000000017969619928
Q76499	6000000078252119826
Q764995	6000000019187982529
Q764996	6000000133536668916
Q76501	6000000080396335945
Q765029	6000000021145633213
Q765036	6000000133969638827
Q765039	6000000019088793731
Q76504	6000000000478045209
Q765041	6000000014979399339
Q76504572	6000000019453350409
Q765046	6000000013907863336
Q765053	6000000078930942017
Q7650685	6000000029740639200
Q76507555	6000000012164400816
Q765079	6000000046926197386
Q76508	6000000000196966254
Q765083	6000000024528020157
Q765084	6000000035987498759
Q7650884	6000000027871679217
Q76509	6000000011209694204
Q7650914	6000000024020914632
Q76509333	6000000001119989831
Q765100	6000000056422165862
Q765126	6000000021253549528
Q76513	6000000082397731025
Q76513505	6000000042174694896
Q76513700	6000000109338764406
Q76514	6000000023060984101
Q765143	6000000055576547832
Q7651466	6000000009673780593
Q76515	6000000073725724935
Q765150	6000000027066934843
Q765154	6000000095908055887
Q765165	6000000004070555061
Q76518	6000000075138023921
Q7651836	6000000014068388233
Q76519	6000000076182472899
Q7651991	6000000040828836296
Q76520	6000000154358251873
Q76520101	6000000061505890865
Q76520290	6000000002443652658
Q765204	6000000077390654941
Q7652047	6000000149872617404
Q765205	6000000016662584907
Q7652052	6000000026827467145
Q7652061	6000000005607119317
Q7652072	6000000011759720985
Q7652081	6000000001713057303
Q7652099	6000000013209795248
Q76521	6000000018193806403
Q7652105	6000000006242392492
Q7652108	6000000002278284659
Q7652115	6000000149876109839
Q765213	6000000012285108583
Q765214	6000000019085425652
Q765217	6000000082510798753
Q76522	6000000072330568014
Q765220	6000000014825114269
Q7652234	6000000124486636931
Q7652238	6000000011240238912
Q765224	6000000011404716616
Q7652242	6000000031673183609
Q7652245	6000000071545006847
Q7652247	6000000019164120319
Q765226	6000000179773664875
Q7652268	6000000019221410943
Q7652272	6000000060299601169
Q7652273	6000000010250087793
Q7652274	6000000005441594424
Q7652283	6000000102516091040
Q7652293	6000000014442343748
Q7652304	6000000225073516845
Q7652307	6000000009515413403
Q7652309	6000000009305059413
Q7652321	6000000021845566110
Q7652329	6000000005437685793
Q7652331	6000000013667318800
Q765249	6000000077954832949
Q76526	6000000031103054905
Q765266	6000000036388119485
Q765269	6000000002869940039
Q76527	6000000008615195415
Q765274	6000000156987797829
Q7652768	6000000013114549279
Q76528	6000000059135034019
Q76528010	6000000015031818570
Q765284	6000000046717800576
Q765287	6000000119863805821
Q765308	6000000076721840426
Q765316	6000000037323034995
Q765333	6000000133557445825
Q765337	6000000029165715616
Q76534	6000000050260795853
Q765348	6000000024242631768
Q7653572	6000000015678936379
Q765373	305935353630008292
Q7653756	6000000012057136671
Q765390	6000000002130812693
Q76540115	6000000061544580893
Q765408	6000000009236989867
Q76541	6000000104566123502
Q76541982	6000000003681550164
Q76543	6000000026527557989
Q765430	6000000001355760060
Q76544738	297070731790007978
Q765454	6000000011146761256
Q76545681	6000000040789303529
Q76546	6000000049914971261
Q765465	6000000017321655335
Q76549	6000000125380523822
Q765492	6000000142681735822
Q76549200	6000000083888322081
Q765510	6000000008255301265
Q765539	6000000007851202545
Q76554424	6000000042567053635
Q76555	6000000004183001787
Q76556	6000000000118558189
Q7655744	6000000002187768819
Q76561249	6000000022634545023
Q765623	6000000000384191810
Q765624	6000000011338078340
Q76562475	6000000000413098457
Q76564	6000000000313887875
Q765640	6000000007604009743
Q765660	6000000005239516529
Q765723	6000000113452267858
Q76573	6000000096863133821
Q765738	6000000002188440480
Q76573971	6000000015415562031
Q765744	6000000013837659368
Q76575	6000000000007408189
Q765758	6000000141059608985
Q76576	6000000024526252403
Q76577	6000000022551888728
Q76578	6000000008289060582
Q765838	6000000026591465677
Q765840	6000000000113846754
Q76586	6000000030120556292
Q76589	6000000037687445500
Q76590	6000000005221235832
Q76591	6000000017421409671
Q76593	6000000017360932106
Q7659383	6000000081251637788
Q7659414	6000000000265268512
Q7659433	6000000012313277671
Q7659441	6000000174435535909
Q76595	6000000013866352993
Q7659507	6000000007322491742
Q7659512	6000000002188477317
Q7659535	6000000044187286852
Q7659664	6000000000026759463
Q7659694	6000000009535326280
Q76597	6000000104875453984
Q7659726	6000000017954583146
Q7659772	6000000104830073920
Q7659834	6000000010976238018
Q7659870	6000000027895945987
Q7659881	6000000035214951626
Q7659883	6000000016872472749
Q7659892	6000000171064449850
Q7659924	6000000014529145846
Q7659972	6000000011361706447
Q76600	6000000014186908329
Q7660081	6000000023897081835
Q7660146	6000000017138832108
Q7660153	6000000009484806530
Q7660167	6000000175968247008
Q76602	6000000014189599342
Q76603021	4939720814730080279
Q76603215	6000000007316917502
Q7660347	6000000007337425129
Q76604	6000000013563755991
Q76606	6000000013759146812
Q76607	6000000026922825999
Q7660714	6000000055078930853
Q7660718	6000000002132676068
Q7660766	6000000080453185992
Q7660770	6000000000399040654
Q7660780	6000000015725980250
Q7660781	6000000005767966558
Q7660792	6000000072377736123
Q7660802	6000000015123858565
Q7660815	6000000080321499884
Q766082	6000000021540658819
Q7660833	6000000011071455391
Q7660883	6000000006839426010
Q7660890	6000000029424400822
Q7660911	6000000013062579752
Q7660979	6000000011861068975
Q76610	6000000013562401825
Q7661002	6000000024802172182
Q766106	6000000000240233401
Q76611716	6000000010793176333
Q76612	6000000014280191914
Q766126	6000000013504924676
Q76613	6000000005033828946
Q76614	6000000013759037446
Q76616	6000000013866224135
Q766166	6000000011692554438
Q766172	2342018
Q76618	6000000009218395305
Q766185	6000000019764765083
Q76619756	6000000027435019022
Q76623	6000000014280581316
Q766230	6000000075771514844
Q76623527	6000000012363259146
Q76624	6000000013960525333
Q76624246	6000000019728428148
Q76625	6000000171968684020
Q76628	6000000037712958179
Q766314	6000000183385393832
Q7663337	6000000012859717409
Q766343	4812075926850125667
Q76636	6000000026682193914
Q766362	6000000025069286458
Q766365	6000000026009733471
Q766375	6000000151353049936
Q76639375	6000000008283958962
Q76641	6000000000300764882
Q76643	6000000014621478544
Q766430	6000000003384989342
Q766468	6000000071895226486
Q76647	6000000070947151241
Q76648	6000000061364902102
Q76649	6000000018703044776
Q76650	6000000072178182267
Q766510	6000000182079422830
Q76652011	6000000009954499433
Q7665249	6000000011778708298
Q7665260	6000000095635780007
Q7665271	6000000109965487822
Q7665287	6000000172653077250
Q76656	6000000031991928244
Q7666053	6000000007122720474
Q76663090	6000000216728707841
Q76664	6000000015908025250
Q7666535	6000000019306246264
Q7666539	6000000006147663327
Q7666547	5048975594750089520
Q7666559	296074301800008044
Q7666569	6000000003518675649
Q766686	6000000180793087833
Q766757	6000000103414392054
Q76678	6000000173746028856
Q766783	6000000032444924323
Q766789	6000000019572635021
Q76679	6000000066456136826
Q76680	6000000018106065728
Q7668098	6000000033825327871
Q76681	6000000031025288979
Q7668113	6000000009536544363
Q766814	6000000001180345783
Q7668147	6000000027486756603
Q7668159	6000000039279906644
Q7668165	6000000021791622119
Q7668184	6000000007097406690
Q76683	6000000000635215117
Q7668481	6000000009536464714
Q76685	6000000037815924366
Q7668501	6000000071370512107
Q766863	6000000083599791074
Q766866	6000000036444632413
Q7668683	6000000057700647917
Q76687	6000000041213524956
Q7668708	6000000033413488821
Q766880	6000000015883171913
Q766882	6000000073119924990
Q76690117	6000000006127693561
Q76690521	6000000006127693557
Q766913	6000000010331643388
Q76691893	6000000015355310930
Q76693	6000000085643761823
Q76695	6000000175587347902
Q76696	6000000037000275064
Q766973	6000000003802906485
Q767	6000000013837839841
Q76703	6000000012821484894
Q7670564	6000000175525804848
Q76706	6000000074560552932
Q76707	6000000082078280848
Q76708	6000000011550616850
Q76708637	6000000172968472285
Q76709	6000000000477822685
Q76710	6000000010584554489
Q76713	6000000022652037472
Q76715	6000000004590197618
Q76716	6000000001915999374
Q76717	6000000017261454762
Q76718	6000000079502118855
Q767195	6000000064022011916
Q767196	6000000144739254930
Q76721	6000000014037240722
Q76722	6000000058406816930
Q76723	6000000002883534521
Q767237	6000000000280078270
Q767237	6000000003879983694
Q76724	6000000173709216613
Q76725	6000000173790257035
Q76726	6000000112300869828
Q767270	6000000033009418393
Q7672738	6000000030026973461
Q7672996	6000000172916317392
Q76730	6000000008426201138
Q7673081	6000000006439664605
Q7673085	6000000035790494924
Q767316	6000000075254459978
Q76734	6000000040916340111
Q76735	6000000181537539891
Q76736	6000000002188445805
Q76737718	6000000022696161594
Q76738	6000000043183759440
Q767380	6000000002188468623
Q7673897	6000000017035946114
Q7674196	6000000032403741103
Q767426	6000000010563720671
Q7674282	6000000010773034964
Q76744	6000000017163464481
Q7674423	6000000009968647401
Q7674435	6000000073124281037
Q767446	6000000009954720925
Q7674472	6000000024241856126
Q7674484	6000000177243128822
Q7674486	6000000015563781193
Q7674491	6000000096680617881
Q7674495	6000000033376698267
Q76745	6000000177168605842
Q7674524	6000000126195208829
Q7674525	6000000183732345856
Q7674529	382539
Q7674530	6000000038122337833
Q7674534	6000000002836177432
Q7674537	6000000172818860904
Q7674549	6000000184362309852
Q7674554	6000000069277376218
Q7674561	6000000004533048813
Q7674563	6000000000437016402
Q767459	6000000002177269324
Q76746	6000000004097537240
Q76747	6000000042702527825
Q76749	6000000156685303834
Q767499	6000000073766961854
Q7675210	6000000007316275493
Q76754	6000000009789018625
Q767545	6000000011621721788
Q76755	6000000019941575997
Q767551	6000000010261846111
Q76755995	6000000058423262068
Q76756	6000000004097731939
Q76760559	6000000017617284010
Q76760697	6000000113622590848
Q76766	6000000041212789167
Q767677	6000000021417578667
Q76774	6000000026816250032
Q76777671	6000000018989031180
Q7677837	6000000009868103541
Q76782048	6000000163472594947
Q767823	6000000177485788831
Q7678265	6000000009786517994
Q76783140	6000000028887069046
Q76784	6000000026601838883
Q76785470	6000000040920448985
Q767881	6000000042885342663
Q767883	6000000048704480913
Q767884	6000000085008734256
Q76788784	6000000009836034813
Q767891	6000000022813827011
Q7679022	6000000024375922299
Q7679026	6000000000231653092
Q767903	6000000095484197857
Q7679033	6000000010957005414
Q7679037	6000000013910039123
Q767905	6000000015837346328
Q7679050	6000000005739842024
Q7679086	6000000021497557554
Q76791	6000000022639789057
Q767917	6000000013376098716
Q76792097	6000000007095832879
Q76792424	6000000040920407078
Q76793	6000000046719087993
Q767960	6000000008532419888
Q767972	6000000178039532822
Q767985	6000000060797387984
Q76799	6000000030611671005
Q768059	6000000010095934366
Q76807	6000000014084687154
Q76807523	6000000012863540485
Q7680787	6000000015672393972
Q7680828	6000000172222020833
Q7680838	6000000084078594888
Q7680944	6000000067012575851
Q76809469	6000000209338717822
Q768095	6000000059804084595
Q768096	6000000042816905829
Q768108	6000000139687416864
Q76811	6000000175892920830
Q768144	6000000013674522142
Q76815830	6000000079170246837
Q76816	6000000173701243997
Q768165	6000000001461758067
Q7681850	6000000031696726736
Q76819	6000000012946608895
Q768197	6000000166017624856
Q76820	6000000037105070353
Q76821	6000000010526240776
Q7682143	6000000024831951268
Q76823	6000000025482034402
Q76823140	6000000010377243263
Q76824158	6000000012012355913
Q76824238	6000000114865236846
Q768248	6000000022927175221
Q76826	6000000034645424048
Q768269	6000000095902496854
Q76827672	6000000029886012214
Q76828	6000000176261753893
Q76828252	6000000029885732692
Q768289	6000000027776305702
Q768296	6000000017531419472
Q768297	6000000026106147744
Q76832323	6000000013966045797
Q76833	6000000036314602149
Q76833624	6000000051560327043
Q76834068	6000000006838800644
Q76834115	6000000055622649060
Q7683547	6000000019764201032
Q76835928	6000000002857060230
Q768366	6000000002188409493
Q768374	6000000020367377285
Q76837423	6000000000531561744
Q768394	6000000070649888917
Q76841353	6000000006371888058
Q768423	6000000060210416946
Q76844442	6000000006370747511
Q76844515	6000000007316928793
Q7684644	6000000041904425281
Q768465	6000000073852564204
Q768466	6000000018280430452
Q76848657	6000000018498627234
Q768487	6000000012609884561
Q768534	6000000095672860948
Q76855836	6000000007452666577
Q76857	6000000010572036876
Q76857700	6000000015345038150
Q76860645	6000000001504835184
Q76861724	6000000017159992215
Q7686236	6000000036141957913
Q76869861	6000000002964319354
Q76870	6000000002772135538
Q768739	6000000006944659283
Q768753	6000000178896821822
Q76876	6000000041146517592
Q768786	6000000015733614193
Q768795	6000000017812828357
Q7688074	6000000018934353041
Q7688099	6000000080749578925
Q76881	6000000077063258935
Q7688127	5012199443550118438
Q768816	6000000010080632812
Q768817	6000000015222107432
Q76883	6000000025311787961
Q768833	6000000015510013399
Q76884	6000000010156109509
Q768848	6000000011156716814
Q768851	6000000018809772334
Q768860	6000000011157402941
Q768862	6000000015913365119
Q76886483	6000000073594086889
Q7688770	6000000176684459898
Q7688771	6000000081324808022
Q768879	6000000039897165168
Q768911	6000000002997289266
Q76891740	6000000002685423642
Q76892	6000000022782800673
Q76893	6000000008678954981
Q76894	6000000218636919832
Q76895	6000000022017715440
Q768971	6000000116924480880
Q768994	6000000034628265889
Q76899543	6000000210633078910
Q769007	4526525184740089526
Q769011	6000000030606748028
Q7690776	6000000033721595839
Q76908	6000000002188445495
Q76909	6000000016836826242
Q7690943	6000000008882931983
Q7690953	6000000007282716792
Q76911	6000000218636599866
Q769117	6000000050093539880
Q76912	6000000017621322292
Q76924	6000000019541830556
Q769241	6000000009918079304
Q76927	6000000001324056123
Q76928236	6000000007167414630
Q7692939	6000000038366902340
Q7693058	6000000074084816013
Q7693189	6000000041922432278
Q7693276	6000000019180830307
Q76934	6000000158916591821
Q769378	6000000017743704049
Q76938	6000000023297209090
Q7693827	6000000007853089547
Q7693916	6000000043407524821
Q7694006	6000000179036897898
Q769414	6000000043429337492
Q769418	6000000020930737042
Q76943	6000000092344935953
Q769450	6000000142902737902
Q76948	6000000026118432131
Q76950078	6000000006603870101
Q769506	6000000007014385298
Q76951	6000000013761368687
Q7695411	6000000009319410057
Q7695413	6000000006801145604
Q769596	6000000069716096637
Q76961	4555944
Q76963	6000000015251876239
Q76964908	6000000005336383022
Q76967	6000000003891753089
Q76968586	6000000007329789413
Q76969457	6000000088555729164
Q76970	6000000029962481355
Q769719	6000000197714490839
Q76972	6000000016596537177
Q7697241	6000000203885591822
Q76972804	6000000018873837224
Q769745	6000000109158100896
Q769752	6000000010628513308
Q7697573	6000000006595632129
Q7697575	6000000025461655074
Q769771	6000000140827100834
Q76980	6000000085125189910
Q769800	6000000150787165859
Q76982531	6000000014785954166
Q769826	6000000017435472916
Q76984	6000000045491455382
Q76984641	6000000022367695033
Q7698486	6000000007790132290
Q76985	6000000003789115307
Q7698553	6000000015739235430
Q7698609	6000000015403455126
Q7698613	6000000032691402352
Q7698697	6000000016623345445
Q769876	6000000021367650857
Q76988	6000000007037324059
Q769883	6000000025376861160
Q7698845	6000000075787897127
Q76989142	6000000000206199630
Q76991	6000000016549926126
Q76993	6000000002684839229
Q769953	6000000020501504917
Q7699548	6000000006900925629
Q7699549	6000000006900940617
Q7699550	6000000001180342367
Q7699551	6000000034734536951
Q76996515	6000000056982054136
Q769966	6000000141111971185
Q76997	6000000000961695294
Q76998	6000000002802362242
Q76999	5226407115840116181
Q769991	6000000026095357426
Q77000	6000000001553323453
Q7700030	6000000015679604546
Q77004	6000000024973628973
Q77007156	6000000020388140900
Q770073	6000000019497050174
Q770092	6000000181040631944
Q7701043	6000000015594924043
Q77011	6000000038129176027
Q7701149	6000000006454388678
Q7701152	6000000003273396845
Q77012	6000000073191098920
Q77015	6000000032767896321
Q77017	6000000017113580993
Q770177	6000000004570537223
Q7701837	6000000014902324771
Q7701848	6000000026778564681
Q7701854	6000000014804067179
Q77018876	3011752
Q7701912	6000000003203183669
Q77019209	6000000000862155708
Q77019430	6000000000113865373
Q7701971	6000000005761011687
Q770198	6000000017295689174
Q7701994	6000000003128883335
Q77020	6000000036879929325
Q770209	376885921660013460
Q7702094	6000000012359010500
Q77020941	6000000014263472029
Q7702117	6000000004380569887
Q7702125	6000000002385579018
Q7702149	6000000055478738711
Q7702165	6000000004214671000
Q7702168	6000000009101561408
Q7702172	6000000000166175794
Q770219	6000000008630320964
Q77022	6000000002764698209
Q77022051	6000000001233967329
Q7702216	6000000011435211790
Q77022274	6000000001234029379
Q7702232	6000000040826815868
Q77022771	6000000000858583097
Q77023118	6000000001234057301
Q77023421	6000000000857848045
Q7702394	6000000110418358907
Q77024	6000000003572707202
Q7702459	6000000024293734190
Q7702473	6000000019809418580
Q77024760	6000000017395237978
Q7702513	6000000024544143890
Q77025457	6000000001234164018
Q770256	6000000037714639773
Q770258	6000000080135779390
Q77026717	6000000001233119619
Q77027284	6000000015415456387
Q77027723	6000000000759446892
Q77028678	3048441
Q77029	6000000132042961153
Q77032049	6000000014195450382
Q770323	6000000015385703470
Q77034247	6000000031738682600
Q7703472	6000000019505837151
Q77036	6000000015843758751
Q77037178	6000000015129687194
Q77037477	6000000056691055889
Q77037694	6000000036791952864
Q770393	6000000043231338408
Q77039849	6000000049453098895
Q77040	6000000043374357865
Q77040108	6000000049453050203
Q77040177	6000000003996731414
Q77040201	6000000003996850047
Q7704088	6000000140021236909
Q7704115	6000000016992848285
Q770416	6000000024328441138
Q770417	6000000000553853117
Q770423	6000000009315983043
Q7704300	6000000000591193580
Q770438	6000000021386055163
Q770441	6000000017776213324
Q77045	6000000091141985825
Q770454	6000000016420018927
Q770455	6000000003551698316
Q7704609	6000000221043589910
Q770463	6000000016343566325
Q77047	6000000023517210436
Q7704710	6000000000315435486
Q77047253	6000000018856844480
Q77047731	6000000112437574845
Q77047753	6000000018856072809
Q7704942	6000000054922438240
Q770512	6000000019066207856
Q770515	6000000004592967302
Q7705152	6000000002039748788
Q77051885	6000000140224339834
Q77052297	6000000076917137985
Q770534	6000000000470680789
Q770555	6000000007848482011
Q7705605	6000000002447381593
Q770561	6000000016607824001
Q77057896	6000000016286134400
Q770582	6000000008534709466
Q77060	6000000086649791883
Q770613	6000000020501478285
Q77061959	6000000012904153617
Q770621	6000000015343342556
Q770625	6000000073581931445
Q77066	6000000010373133109
Q77067	6000000003232545050
Q77068	6000000177072736842
Q77068221	6000000019725137230
Q770688	6000000156626711881
Q77072	6000000013215205517
Q7707266	6000000027975380318
Q7707288	6000000015830772901
Q77074859	6000000022434399681
Q77078	6000000000467453098
Q77078877	6000000037863694534
Q77079	6000000119586531849
Q770808	6000000020691512016
Q77081	6000000040206658052
Q77082	6000000180943122853
Q770831	6000000173201144929
Q770845	6000000021849478258
Q7708542	6000000012632454900
Q77086	6000000014280923110
Q7708656	6000000015616516536
Q77087	319629113770003290
Q770883	6000000030435519210
Q7708933	6000000054468699962
Q7708951	6000000182280605822
Q7708966	6000000013841473369
Q7708969	6000000006570004384
Q7708979	6000000000967246039
Q7708993	6000000013849697213
Q7708997	6000000107089582821
Q770901	6000000150805051980
Q7709052	6000000011993784311
Q77091806	6000000012402672685
Q7709281	6000000004692777695
Q770930	6000000160146426822
Q77095	6000000031386909705
Q7709558	6000000013801678757
Q77096	6000000004096301434
Q7709645	6000000003050868065
Q77097	6000000015773846532
Q77098	6000000142362533306
Q7710006	6000000003825273623
Q77102	6000000144888061826
Q7710234	6000000017671822784
Q77103	6000000055374642179
Q77104	6000000026547298849
Q77106	6000000012674263275
Q7710617	6000000018301821640
Q7710637	6000000030930647491
Q7710709	6000000051848833853
Q771074	6000000024307660421
Q7710851	6000000003872746200
Q7710871	6000000008135027915
Q77109	319629224700005919
Q77112	6000000000784374687
Q77113	6000000024305312266
Q77114	6000000180885674922
Q7711544	6000000056341585850
Q771168	6000000010151686029
Q77117	6000000010432065770
Q771208	6000000017112337781
Q77124	6000000001036621426
Q77125	6000000022452638891
Q771263	6000000003847615118
Q77127	6000000025080645866
Q771270	6000000019417021153
Q771279	6000000071264012973
Q771283	6000000011138133441
Q77130	6000000009431344243
Q77132	6000000026279959051
Q77137	6000000000508903460
Q77138	6000000025347862319
Q771394	6000000180341498865
Q77140	6000000172735127474
Q77141	6000000000491600199
Q771410	6000000039021625928
Q771414	6000000010555478638
Q77144	6000000020444024991
Q77146	3199660
Q77148	6000000174167465216
Q77154	6000000035348778799
Q77160	6000000029406456851
Q77161	6000000042468464354
Q77162	6000000175656754838
Q771657	6000000003232590642
Q771658	6000000008424555671
Q77166	6000000009136152146
Q771688	6000000049837957053
Q771694	6000000003446432367
Q771698	6000000028022817518
Q771705	6000000182963824859
Q77171	6000000014229450524
Q771717	6000000084605490010
Q77171937	6000000082886127885
Q77173	6000000002351343390
Q77173575	6000000001664429337
Q77174	6000000040230382140
Q77177	6000000008867039262
Q771789	6000000058071887281
Q77181	6000000050708133242
Q771819	6000000015853476708
Q77184	6000000069707663990
Q77185	6000000004289277725
Q77187391	6000000038404076347
Q771900	6000000084246065839
Q771931	6000000002750666478
Q771996	6000000075565803201
Q77203	6000000000325044010
Q772038	6000000005223797518
Q77204	6000000116526382822
Q772063	6000000020220337070
Q772064	6000000004364038581
Q772086	6000000039743666847
Q7720945	6000000174300287415
Q7721	6000000003492745606
Q772110	6000000002799118678
Q77213300	3489353
Q77222	6000000000248812490
Q77223259	6000000005787092071
Q77224168	6000000003938514495
Q772245	6000000020059141313
Q7723	6000000002388572350
Q772302	6000000015878763600
Q77231	6000000023521981069
Q77237	6000000038969903403
Q77239	6000000002561935125
Q7724	6000000005398877088
Q77242	6000000018126828666
Q772429	6000000156407286904
Q77248488	6000000011230777330
Q77248562	6000000178001069902
Q772499	6000000008487057081
Q77250099	6000000021107874869
Q772535	6000000000557624051
Q77256	6000000000796888717
Q772571	6000000163448296064
Q7725717	6000000158120765841
Q7726	6000000006187372389
Q772637	6000000148972611821
Q77264907	6000000044380297541
Q77267	6000000008417404471
Q77269	6000000008788158079
Q77270	6000000056987721714
Q772701	6000000019880188529
Q77271	6000000002764509748
Q77274	6000000022685549402
Q77276	6000000073617930134
Q772769	6000000014839701187
Q772780	6000000002188429261
Q7728	6000000014565261841
Q77280	6000000019686910056
Q77281	6000000064678097851
Q772812	6000000011819275574
Q772840	6000000029061419332
Q77287	6000000027234910927
Q77288	6000000000477100029
Q772892	6000000000103608711
Q772896	6000000021766286218
Q7729	6000000000350860867
Q77292	6000000013078905884
Q77293599	6000000070007495961
Q77295251	6000000075948595999
Q77298	6000000036903344162
Q772997	6000000019997014026
Q77301	6000000011460206526
Q77302	6000000030908613492
Q77303	6000000177101705828
Q773066	6000000024222051989
Q77309	6000000000469862487
Q7731	6000000001498830420
Q7731088	6000000008208508439
Q773114	6000000145012895829
Q77313	6000000000326700399
Q77314	6000000023350317035
Q77315	6000000061913209188
Q77316	6000000000119020254
Q7731704	6000000009797139111
Q77318	6000000001916256528
Q77319500	6000000017233629475
Q77319571	6000000006864860349
Q7731968	6000000009797917439
Q7732	6000000000843362199
Q77321904	6000000020806592771
Q77322	6000000000324540626
Q773228	6000000013271312135
Q77324	5289156952190075079
Q77325	6000000097786351857
Q773258	6000000012663456629
Q773273	6000000013540933717
Q77329	6000000081865162996
Q773303	6000000044516608902
Q77330757	6000000015665124162
Q77331	6000000031739126102
Q77332880	6000000109356921089
Q77333	6000000018816787094
Q77335	6000000003473569647
Q77336	6000000002244402387
Q77338	6000000004543543777
Q773402	6000000016998799653
Q773412	6000000036139069364
Q773414	6000000024225353315
Q773414	6000000040960287220
Q77342	6000000008676579719
Q773436	6000000072004490821
Q77344	6000000025942390418
Q77345	6000000016499505617
Q773450	6000000004533185330
Q77347	6000000034292168769
Q77350065	6000000151988674821
Q77352897	6000000000518610857
Q77353	6000000022645825043
Q773543	6000000013109361467
Q773570	6000000016575282078
Q773578	6000000166414875921
Q773580	6000000073668786859
Q77359881	6000000012593504300
Q77360	6000000008354712821
Q773605	6000000062599089909
Q773609	6000000000161001437
Q77361	6000000000087619753
Q77362553	6000000012593230904
Q773637	6000000024790069976
Q77364	6000000181907310841
Q77364575	6000000012602325242
Q77369	6000000045491571884
Q77371	6000000006100107148
Q773736	6000000000316361959
Q77377	6000000022464872553
Q773789	6000000079467040149
Q77379	6000000181906186877
Q7738	5318307072010126343
Q773813	6000000000440767107
Q773874	376532481490013415
Q77387897	6000000052946236907
Q77390920	6000000021706366790
Q773912	6000000012332434506
Q77398	6000000013071156114
Q7740003	6000000002188593449
Q77401	6000000024792583629
Q77402	6000000078673355881
Q774028	6000000002639069286
Q774029	6000000009213309175
Q77403003	6000000006180475124
Q77403168	6000000013823545752
Q77405309	6000000012534577666
Q77406832	6000000042124328100
Q77408	6000000003815089088
Q77409	6000000176742148863
Q774090	6000000017132488385
Q774092	6000000016259014067
Q77411	6000000011467003245
Q77412402	6000000003515031218
Q77414750	5674263402350132316
Q77416	6000000041782240888
Q77417	6000000003769231281
Q77418	6000000183718311823
Q77419097	6000000024819160853
Q77419097	6000000120688122826
Q77419569	6000000003514983202
Q7742	6000000000842131607
Q77422	6000000025180297043
Q77422080	6000000038798886950
Q77423152	6000000065918173907
Q77424	6000000017761367146
Q774253	6000000001655658518
Q774274	6000000155891028835
Q77428	6000000036223340816
Q774280	6000000107628138020
Q77431	6000000007856480257
Q77434	6000000021227170549
Q77435	6000000094044462028
Q77436	6000000080119087873
Q774390	6000000004592936522
Q77439840	6000000028180494122
Q774400	6000000156918963834
Q77441	6000000019045207441
Q77441321	6000000021016275793
Q774414	6000000179906577835
Q77441702	6000000038313355529
Q77442	6000000016300323377
Q77446	6000000018883687521
Q77447	6000000083388160151
Q774477	6000000022826556843
Q77448	6000000025056411822
Q774493	6000000124818259019
Q77453156	2751993
Q774535	6000000185333246823
Q77454	6000000020973090137
Q77454487	6000000014611565536
Q77459320	6000000001753013076
Q77460356	6000000008942788795
Q77461105	6000000011148922666
Q77462394	6000000011149004472
Q77464	6000000054749586927
Q77465	6000000112421895873
Q774661	6000000037552490179
Q7747	6000000015753826552
Q774713	6000000022812898064
Q774744	6000000008771428583
Q77475	6000000004095854313
Q77476	6000000076175898103
Q77477	6000000023439370882
Q77478	6000000014221907308
Q77484	6000000036960190127
Q77485	6000000018736971143
Q77486	6000000043964164841
Q774863	6000000044548163552
Q774872	6000000186180025915
Q77488	6000000029140540116
Q77489	6000000069385159835
Q77490	6000000013368010387
Q77491	6000000004096070559
Q77492	6000000064932167932
Q77492841	6000000012348498760
Q77494	6000000025817960758
Q77495	6000000151428351867
Q774959	6000000015015097192
Q774992	6000000000976635544
Q774993	6000000174156026879
Q7750	6000000000844506623
Q77500	6000000002955209501
Q775008	6000000020376616474
Q77503	6000000037480095397
Q775034	4022994652930028630
Q775053	6000000017947777171
Q77506	6000000003331050979
Q77506786	6000000041867547603
Q775070	6000000015758255071
Q77509	6000000045617836944
Q77510	6000000002802957739
Q77511	6000000011467187038
Q775123	6000000024144963122
Q77513	6000000016426331932
Q775137	6000000011717631324
Q77513923	4654127722980069148
Q77515	6000000024541458118
Q77517	6000000000328937967
Q77518	6000000026828661966
Q775188	6000000016736414523
Q77520	6000000000594282966
Q77523	6000000030251040871
Q775231	6000000089274509892
Q77526	6000000015965928217
Q77528	6000000011298595360
Q77530	6000000023780717912
Q77532126	6000000000435968674
Q775348	6000000142883037105
Q77535	6000000053452245068
Q77536	6000000068216761045
Q775382	6000000010496622697
Q77539357	6000000035682405056
Q77539756	6000000004966630670
Q77540160	6000000007122375558
Q77541	6000000175307896907
Q77543091	6000000016293981808
Q775431	6000000166223070831
Q775454	6000000019995428128
Q77547	6000000084299154837
Q77548794	6000000024799856787
Q77549	6000000030145943279
Q775545	6000000004593014471
Q77556	6000000003232528911
Q77561211	6000000149815683929
Q77561216	6000000024077089027
Q775618	6000000182184807834
Q77562	6000000018921890320
Q77566	6000000014313329375
Q775665	375524634230012679
Q775671	6000000141020673847
Q775677	6000000166882198020
Q77569	6000000171519366893
Q77570	6000000006839126209
Q775717	6000000016971378238
Q775721	6000000158045215822
Q775773	6000000036184746410
Q775788	6000000008316862057
Q7758	4697138
Q77580	6000000015643172081
Q77581	6000000046609813842
Q775821	6000000000076316122
Q77583093	6000000015391744918
Q775915	6000000019240105135
Q775957	6000000003134361621
Q775969	6000000070077636100
Q77597812	6000000011209663340
Q77599969	6000000017488571018
Q77601460	6000000031569800066
Q77608	6000000015648258303
Q776083	6000000057529611903
Q77609933	6000000001966007955
Q776165	6000000015587042486
Q77622	6000000006101125760
Q77624	6000000026378751829
Q776240	6000000027290340082
Q77626	6000000180873884864
Q77627140	6000000007453496262
Q776288	6000000016820390583
Q77630423	6000000033069746232
Q77631	6000000021036274002
Q77631775	6000000009336276579
Q776390	6000000010507104341
Q776435	6000000008419734598
Q776543	6000000105863454971
Q77655584	6000000000113843407
Q776599	6000000176695688843
Q776601	6000000007416545266
Q77662885	6000000142739445822
Q77664	6000000008417423089
Q77667	6000000012095663941
Q77670	6000000023749939313
Q776722	6000000065221729846
Q776743	6000000006727897929
Q7767667	6000000012954375714
Q77676933	6000000019091078525
Q77677402	6000000006721919242
Q77679489	6000000005769421444
Q77680	6000000175588437841
Q77681156	6000000005769679279
Q776856	6000000190730471837
Q776860	6000000017556282474
Q77688	6000000009656651728
Q776882	6000000024772867303
Q776914	6000000029879086908
Q77691809	6000000022263175993
Q77693	6000000002188514124
Q776941	6000000028282855380
Q7769469	6000000005326879001
Q776957	6000000139358345146
Q77696	6000000020583740999
Q77700198	6000000001344452722
Q777011	6000000205289324868
Q77704222	5112014286350020570
Q7771	6000000002004333376
Q77711	6000000013661114574
Q7771153	6000000009797184585
Q7771237	6000000010103943941
Q777128	6000000052866866860
Q77713	6000000029222599753
Q777133	6000000007241182366
Q777148	6000000025999828218
Q777148	6000000072027425088
Q7771484	3928426571550116153
Q777163	6000000002188005820
Q7771799	6000000031655153506
Q7771905	6000000009797187680
Q777219	6000000029161817624
Q777224	6000000038366646153
Q7772290	6000000010233595332
Q7772394	6000000009833398931
Q7772462	6000000010233558377
Q77728	6000000026549372210
Q777285	6000000015678856056
Q777287	6000000016868793742
Q77729	6000000179875161824
Q7772990	6000000075507686852
Q7773077	6000000078906221901
Q77730949	6000000004997587438
Q777315	6000000020436066753
Q777316	6000000071674806821
Q7773199	6000000075507405022
Q77736782	6000000013218200268
Q777372	6000000075429427887
Q777375	6000000008429381265
Q777388	6000000163365913913
Q77740	6000000012804405249
Q7774069	6000000075504809934
Q77742031	6000000072903476107
Q77743043	6000000032750307200
Q777441	6000000027010223850
Q777453	6000000013437379605
Q77748	6000000010834157909
Q77749	6000000021828707118
Q777491	6000000031685819265
Q77751	6000000036901360116
Q7775660	6000000085416377901
Q77756665	6000000034442204136
Q777643	6000000039490254507
Q777649	6000000020569299835
Q777688	6000000015925754014
Q7776970	6000000146486681626
Q77771787	6000000040543799931
Q777728	6000000098188672148
Q77776425	6000000048585559929
Q77782	6000000183046322842
Q77786931	6000000044216564287
Q777949	6000000016250248567
Q77796047	6000000177519836828
Q777975	6000000015798399026
Q77797987	6000000018532093215
Q77799453	6000000000810084168
Q778017	6000000024101706407
Q77802	6000000008925399176
Q77803	6000000081454507128
Q77804	6000000036247213064
Q77804401	6000000008924161553
Q77806	6000000074713189924
Q7781054	6000000014734258068
Q7781058	6000000025873661626
Q7781079	6000000005607909824
Q778131	6000000146533845911
Q77814	6000000011404090541
Q7781460	6000000015116121964
Q7781525	6000000012432480106
Q7781527	6000000001372981777
Q7781571	6000000004111774448
Q7781572	6000000017159974396
Q7781573	6000000016936468316
Q7781585	6000000003689446715
Q7781620	6000000134080543883
Q7781624	6000000037533275081
Q7781628	6000000012536808449
Q7781630	6000000001680418368
Q7781631	6000000000488250010
Q7781644	6000000015066283745
Q7781650	6000000003681283387
Q7781659	6000000051694858051
Q7781667	6000000055957584842
Q7781671	6000000019007322938
Q7781672	6000000011851929758
Q7781686	6000000014596281328
Q7781691	6000000001665152203
Q7781712	6000000004570638872
Q7781721	6000000033237874324
Q7781733	6000000083208458365
Q7781744	6000000006606014084
Q7781756	6000000013092705910
Q7781757	6000000000886267385
Q7781763	6000000011233356546
Q7781764	6000000013849075514
Q7781765	6000000031213438178
Q7781766	6000000152573045830
Q7781781	6000000026014986185
Q7781786	6000000075962229849
Q7781817	6000000039862308254
Q7781820	6000000019485255852
Q7781841	6000000064764063113
Q7781858	6000000023700080392
Q7781862	6000000017869004015
Q7781877	6000000006815949508
Q7781888	6000000002980330377
Q7781892	6000000039791468030
Q7781899	6000000023841466805
Q7781918	6000000021199247766
Q7781926	6000000116853249873
Q7781931	6000000176659236851
Q7781938	6000000025902728930
Q7781939	6000000024848388123
Q7781944	6000000010506037745
Q7781949	6000000013187350910
Q7781964	6000000138592145360
Q7781986	6000000041957625525
Q7781999	6000000003681283306
Q778200	6000000003219740068
Q7782021	6000000017406030366
Q7782027	6000000013849246831
Q7782052	6000000009516422792
Q7782071	6000000032211559836
Q7782072	6000000012666984348
Q7782088	6000000002907131892
Q7782094	6000000015466527585
Q77821	6000000031379597104
Q7782104	6000000011199743900
Q7782110	6000000015956633531
Q7782120	6000000017536981030
Q7782137	6000000062662830517
Q7782139	6000000002299375446
Q7782141	6000000008482732061
Q7782163	6000000017947947141
Q7782165	6000000017947760810
Q7782166	6000000041671539135
Q7782168	6000000015309819997
Q7782169	6000000179997348821
Q7782174	6000000093996088899
Q77822	6000000075326882826
Q7782295	6000000001732878351
Q7782296	6000000013806042306
Q7782298	6000000077896894631
Q7782299	6000000001608777161
Q7782301	6000000004566305741
Q7782304	6000000027338613865
Q7782310	6000000052296848825
Q7782311	6000000006423183264
Q7782312	4494373953240023351
Q7782315	6000000016694811135
Q7782317	6000000035789249027
Q7782318	6000000035788282537
Q7782320	6000000010801522356
Q77826	6000000018606677525
Q77828	6000000026920224497
Q77828004	6000000033119838700
Q778283	6000000172797433142
Q7782861	6000000115408122019
Q7782871	6000000034317264103
Q7782900	6000000002951435625
Q7782911	6000000050512849959
Q7782914	6000000011102427220
Q7782936	6000000050109706846
Q77832	6000000207885084840
Q7783279	6000000006442805275
Q77833	6000000006623084009
Q77833968	326508903810002399
Q77835	6000000009500037872
Q778363	6000000141038277934
Q778372	5218326896940031845
Q778378	6000000079184924550
Q77838468	6000000024680405998
Q778385	6000000171883397822
Q77839556	6000000006762561683
Q7784069	6000000004646564476
Q77842206	6000000004183413818
Q77843297	6000000018033622001
Q778445	6000000003353349703
Q77845	6000000180546089005
Q77849489	6000000054968815845
Q77850	6000000009224033134
Q77851	6000000174952745057
Q778519	6000000032735038972
Q77854731	6000000007760270651
Q77855	6000000176192608872
Q778603	6000000038634013887
Q778610	6000000038634127949
Q778613	6000000038634831584
Q77862467	6000000018403317529
Q7786343	6000000076366016488
Q77864	6000000179871326829
Q778650	6000000172888136989
Q77866	6000000009224103682
Q778675	6000000012740089828
Q7786750	6000000029443712237
Q7786803	6000000077548251678
Q7786815	6000000015263623861
Q7786818	6000000007760443317
Q77868553	6000000151521779828
Q7786931	6000000007820784814
Q7786959	6000000030880738452
Q7786961	6000000026105489774
Q7786962	6000000026105373769
Q7786978	6000000025621458210
Q7786987	6000000079422880044
Q7786998	6000000043974522558
Q7787000	6000000012676481009
Q7787004	6000000017094341201
Q7787005	6000000004027827120
Q7787007	6000000012875509252
Q7787020	6000000018641147418
Q7787032	6000000002135438312
Q7787071	6000000041942309800
Q7787074	6000000006725492180
Q7787082	6000000003940618145
Q7787084	6000000002821033745
Q7787088	6000000009979907238
Q7787091	6000000002188504864
Q7787093	6000000009592929859
Q7787094	6000000015212222444
Q7787097	6000000002304334888
Q7787101	6000000009821612938
Q7787105	6000000003681568159
Q7787115	6000000029935910312
Q7787119	6000000017818440390
Q7787122	6000000009757317528
Q7787124	6000000009754794691
Q7787152	6000000003615785534
Q7787171	6000000176372980844
Q7787177	6000000007498815426
Q7787180	6000000060228465026
Q7787181	6000000076785166967
Q77871847	6000000169701387125
Q7787211	6000000034000085784
Q7787219	6000000053455064051
Q77872290	6000000086265947881
Q7787238	6000000024323616865
Q7787250	6000000076400657868
Q7787280	6000000011894104654
Q7787289	6000000000652510822
Q7787314	6000000015061444828
Q7787348	6000000056393497486
Q7787351	6000000002274159505
Q7787352	6000000002665496341
Q7787371	6000000004591137520
Q7787378	6000000008874129758
Q7787385	6000000019582944623
Q7787447	6000000013100389978
Q7787449	6000000034359165304
Q7787471	6000000013520179541
Q7787488	6000000010439241886
Q7787490	6000000010492330814
Q7787542	6000000011255435229
Q7787559	6000000017202992338
Q7787588	6000000020722575584
Q7787593	5409880318100103802
Q7787595	6000000014223734019
Q7787602	6000000009735298689
Q7787622	6000000010837183244
Q7787672	6000000000709621726
Q7787673	6000000016475770119
Q7787674	6000000015714765435
Q7787689	6000000013036401482
Q7787693	6000000000136020807
Q7787695	6000000013343321792
Q7787721	6000000017477806815
Q7787739	6000000088426913876
Q7787759	6000000029597388492
Q7787803	6000000003075808981
Q7787803	6000000012656748135
Q7787805	4419659
Q7787806	6000000012677010170
Q7787821	6000000027276324399
Q7787830	6000000006444321337
Q7787843	6000000014591454603
Q7787848	6000000009922522763
Q7787921	6000000034618210934
Q7787928	6000000000966157454
Q7787937	6000000001491212360
Q7787938	308399613560006470
Q7787939	6000000013167488339
Q778794	6000000135719166972
Q7787965	6000000017050826305
Q7787966	6000000002078569400
Q7787982	6000000006444750731
Q7788001	6000000104804662997
Q7788013	6000000012701352842
Q7788015	6000000001690059904
Q7788020	6000000019079296813
Q7788022	6000000001402208847
Q7788040	6000000013053965152
Q7788051	6000000006101391182
Q7788054	6000000013324289299
Q7788065	6000000007022427416
Q7788070	6000000048371917071
Q7788071	6000000056339537936
Q7788091	6000000012708819550
Q7788096	6000000016267014623
Q7788151	6000000007512360529
Q7788152	6000000024033253354
Q7788155	6000000002907131918
Q7788181	6000000050545933955
Q7788184	6000000007276756442
Q7788202	6000000025092546709
Q7788206	6000000021400423243
Q7788219	6000000171527606185
Q7788227	6000000011383877109
Q7788243	6000000014567950473
Q7788244	6000000012274917338
Q7788262	6000000006444719813
Q7788278	6000000013056613094
Q7788284	6000000013372019577
Q7788288	6000000031074754029
Q7788302	6000000192507278845
Q7788312	6000000009693450637
Q7788314	6000000000352562764
Q7788315	6000000003458288287
Q7788317	6000000023767200937
Q7788319	6000000024616912833
Q7788332	6000000027880450360
Q7788337	6000000011335909026
Q7788338	6000000026891069589
Q7788344	6000000028086827060
Q7788349	6000000111268330964
Q7788361	6000000038831649235
Q7788367	6000000024873934609
Q7788382	6000000095454284006
Q7788385	6000000021940839686
Q7788387	6000000027613853401
Q7788397	6000000048938986899
Q7788400	6000000025232148414
Q7788404	6000000011349721079
Q7788405	6000000002188458825
Q7788419	6000000000250119719
Q7788426	6000000000882167211
Q7788426	6000000003939528750
Q7788438	6000000003299786392
Q7788439	6000000012579839959
Q7788440	6000000029701914585
Q7788445	6000000113755766141
Q7788456	6000000009860218798
Q7788470	6000000004571348816
Q7788482	6000000012410772861
Q7788487	6000000013074856862
Q7788495	6000000052307906858
Q7788496	6000000050240298953
Q7788499	6000000020236631937
Q7788513	6000000033078641281
Q7788520	6000000004957707154
Q7788556	6000000088909296158
Q7788561	6000000002116051395
Q7788574	6000000023079319693
Q7788575	6000000019034170138
Q7788576	6000000015896054090
Q7788610	6000000090056017940
Q7788616	6000000005704125004
Q7788618	6000000006444364895
Q7788620	6000000007573352253
Q7788625	6000000000682203077
Q7788645	6000000014443077042
Q7788650	6000000014409151791
Q7788653	6000000009729108406
Q7788654	6000000026490806800
Q7788655	6000000006578490215
Q778866	6000000010450296361
Q7788661	6000000005250139665
Q7788674	6000000004086401633
Q7788677	6000000036790133194
Q7788680	6000000006580989176
Q7788681	6000000127388454824
Q7788693	6000000019658595533
Q7788697	6000000002134144683
Q7788714	6000000007023491358
Q7788715	6000000007025364003
Q7788752	6000000042425716890
Q7788758	6000000031409060047
Q7788764	6000000007286838704
Q7788768	6000000001636483562
Q7788769	6000000080935072249
Q7788777	6000000032462952797
Q7788788	6000000031900553704
Q77888	6000000021273530712
Q7788806	6000000002103221409
Q7788808	6000000008248267700
Q7788809	6000000001322034529
Q7788820	6000000003891024769
Q7788836	6000000069860289855
Q7788838	6000000069864259879
Q7788839	6000000009810246421
Q7788853	6000000005386457380
Q7788858	6000000007777844328
Q7788861	6000000056701632485
Q7788862	6000000084419181847
Q7788879	6000000009406966675
Q7788880	6000000030729693174
Q7788890	6000000019608665655
Q7788899	6000000050326394868
Q7788905	6000000004969800954
Q7788908	6000000008439788561
Q7788918	6000000121028708891
Q7788939	6000000003111574732
Q7788946	6000000020154563028
Q778897	6000000005561520818
Q7788981	6000000006827642087
Q7788992	6000000038360068002
Q7788999	6000000003187696155
Q7789018	3813386
Q7789077	6000000016957604328
Q7789089	6000000013096399338
Q7789099	6000000021664206901
Q77891	6000000037052860204
Q7789124	6000000008212762185
Q7789126	6000000001382991391
Q7789146	6000000183504451823
Q7789162	6000000012901534033
Q7789185	6000000069848503000
Q7789214	6000000071548626877
Q7789218	6000000015519517171
Q7789226	6000000014579803330
Q7789230	6000000044914374893
Q7789231	6000000010799872753
Q7789237	6000000033358692162
Q7789257	6000000022485130914
Q7789266	6000000084401810319
Q7789270	6000000023835618028
Q7789273	6000000044725670930
Q7789303	6000000007015352311
Q7789306	6000000013175510423
Q7789311	6000000047559795100
Q7789336	6000000008123025520
Q7789354	6000000042687515958
Q7789360	6000000000596059567
Q7789372	6000000019209549915
Q7789375	6000000014137765796
Q7789382	6000000036218671986
Q7789386	6000000042832208985
Q7789390	6000000018850248062
Q7789391	6000000021746530983
Q778940	6000000012947959396
Q7789409	6000000000674243049
Q7789420	6000000000343960152
Q7789422	6000000109887553872
Q7789435	6000000014806178159
Q7789443	6000000021036496752
Q7789468	6000000019867046795
Q7789479	6000000013725208163
Q7789488	6000000018485349113
Q7789492	6000000007807954313
Q7789493	5070486967590062085
Q7789494	6000000013115097634
Q7789495	6000000008630844405
Q7789496	6000000004047263173
Q7789511	6000000004630468631
Q7789533	6000000022955065285
Q7789535	6000000027127915879
Q7789536	6000000134015577306
Q7789543	6000000001114083105
Q7789545	6000000009527516718
Q7789548	6000000017938999360
Q7789549	6000000024601329821
Q7789557	6000000076373159736
Q7789562	6000000019899619666
Q7789563	6000000019059508304
Q7789565	6000000016309518950
Q778959	376921260390004877
Q77896	6000000018817282331
Q7789605	6000000004670663617
Q7789609	6000000011049272581
Q7789610	6000000003112532338
Q7789616	6000000007201414367
Q7789618	6000000001369455039
Q7789619	6000000014726099994
Q7789624	6000000025983993966
Q778963	4767143
Q7789654	6000000000076298095
Q7789657	6000000002844011994
Q7789670	6000000085874957832
Q778968	6000000019714020282
Q7789691	6000000002116384388
Q7789693	6000000011832790936
Q7789694	6000000029301158681
Q7789695	6000000002188489126
Q7789696	6000000002188508489
Q7789699	6000000015543708495
Q7789700	6000000011833130326
Q7789701	6000000003455515999
Q7789702	6000000003455533237
Q7789736	6000000024330721821
Q7789737	6000000029594690176
Q7789742	6000000000555222263
Q7789754	6000000028724178051
Q7789768	6000000016776738046
Q7789772	6000000153530225821
Q7789773	6000000021569122483
Q77897947	6000000135758001822
Q7789796	6000000010513551387
Q7789797	6000000007277686349
Q7789810	6000000019749859040
Q7789811	6000000119388607944
Q7789817	6000000003668108287
Q7789818	6000000011424393141
Q7789823	6000000001084292611
Q7789824	6000000001084349083
Q7789834	6000000006441412394
Q7789900	6000000017151679966
Q7789906	6000000014358858164
Q7789907	6000000021594106283
Q7789910	6000000076411286849
Q7789921	6000000018672309544
Q7789925	6000000009403530665
Q7789929	6000000020840365223
Q7789936	6000000046855021348
Q7789937	5433388199330132962
Q7789938	6000000009734816194
Q7789943	6000000019634015580
Q7789957	6000000044562820333
Q7789965	6000000002116179236
Q7789978	6000000002188508920
Q7789983	6000000140146677837
Q7789984	6000000140146455995
Q7790019	6000000001474294151
Q7790032	6000000117871302842
Q7790033	6000000054169502877
Q7790041	6000000034046816105
Q7790049	6000000018594465739
Q7790050	6000000008979686743
Q7790099	5535172186070089550
Q77901037	6000000025618672229
Q7790108	6000000011090322357
Q7790114	6000000018203021476
Q7790133	6000000038513141793
Q7790135	6000000071452202879
Q7790136	6000000023040992268
Q7790149	6000000019024297239
Q7790161	6000000213921546828
Q7790185	6000000009147322750
Q7790187	6000000006999598336
Q7790195	6000000021541657546
Q7790195	6000000025138669430
Q7790196	6000000010200186797
Q7790197	6000000000551001584
Q7790200	6000000003269484862
Q7790215	6000000057647496934
Q7790233	6000000006705054889
Q7790238	6000000047808783064
Q7790245	6000000007171074850
Q7790252	6000000022455698535
Q7790273	6000000015169937443
Q7790280	6000000080460362960
Q7790288	6000000026285839670
Q7790311	6000000013308776143
Q7790314	6000000012698873999
Q7790318	6000000006911848341
Q7790321	6000000017845369892
Q7790322	6000000183359221886
Q7790338	6000000044843717041
Q7790343	6000000180241024850
Q7790344	6000000010790192744
Q7790346	6000000103202201897
Q7790366	6000000093939472994
Q7790375	6000000012780929440
Q7790380	3939620
Q7790384	6000000011064025601
Q7790387	6000000022541542186
Q77904	6000000039516033793
Q7790406	6000000039622322306
Q7790409	6000000053652897993
Q7790431	6000000010323754745
Q7790487	6000000002587041306
Q7790488	2105882
Q7790518	6000000033117378441
Q7790536	6000000001713398771
Q7790558	6000000029409642102
Q7790583	6000000034730824614
Q7790587	6000000040896951799
Q7790593	6000000013724812814
Q7790597	6000000020771981852
Q77906	6000000145368247922
Q7790601	6000000007221427311
Q7790610	6000000002831290280
Q7790619	6000000176775372835
Q7790639	6000000029696562308
Q7790668	6000000034742064855
Q7790681	6000000089453628382
Q7790691	6000000090581784932
Q7790697	6000000003484308787
Q7790700	6000000025230677265
Q7790704	6000000013538714163
Q7790713	6000000002467873148
Q7790721	6000000015665137277
Q7790725	4522645
Q7790747	6000000028011136044
Q7790748	6000000017845311491
Q7790767	6000000000214404537
Q7790780	6000000022994308247
Q7790786	6000000003659493469
Q7790795	6000000102112849822
Q7790797	6000000015857710832
Q7790800	326266882020005811
Q7790801	6000000012197279634
Q7790834	6000000047010473032
Q7790838	6000000011816882202
Q7790839	6000000003406063276
Q7790840	6000000006581606799
Q7790849	6000000017484383112
Q7790862	6000000090784915878
Q7790865	6000000046634221096
Q7790896	6000000036332888007
Q7790896	6000000183712196824
Q7790900	6000000010793492663
Q7790903	6000000002028828917
Q7790947	6000000015299223676
Q7790957	6000000034047532351
Q779096	6000000072431225149
Q7790979	6000000000599568418
Q7790986	6000000000830379947
Q7790994	6000000023760153576
Q7791024	6000000099197955940
Q7791071	6000000027561261873
Q77911	6000000021478862952
Q7791111	6000000012834544382
Q7791126	6000000009297458610
Q7791135	6000000003077002811
Q7791185	6000000166381455176
Q7791204	6000000176447560827
Q7791212	6000000010801084636
Q7791247	6000000024019071368
Q7791254	6000000002809230799
Q7791255	6000000085665507898
Q77913	6000000032130268105
Q7791306	6000000026609771782
Q7791309	6000000010956284704
Q7791310	6000000002487990001
Q7791323	6000000014819896263
Q7791336	6000000010897238963
Q7791337	6000000076926131950
Q7791344	6000000024399942887
Q7791366	6000000015922781626
Q7791368	6000000025467919204
Q779137	6000000017465287425
Q7791372	6000000015933424603
Q7791379	6000000000700970997
Q7791416	6000000008265406832
Q7791426	6000000000903595132
Q7791447	6000000000582947445
Q7791454	6000000020130704198
Q7791487	6000000024684823975
Q77915	6000000007483243624
Q7791501	6000000022834112837
Q779151	6000000048543060032
Q7791524	6000000013389570883
Q7791536	6000000017964481373
Q7791542	6000000020382049904
Q7791556	6000000057145614054
Q7791582	6000000012662347785
Q7791583	6000000012662362634
Q7791584	6000000012662599322
Q7791585	6000000012662619324
Q7791636	6000000025780826770
Q7791637	6000000015198921512
Q7791661	6000000008640414993
Q7791667	6000000011833426082
Q7791675	6000000068676324336
Q7791692	6000000014721381737
Q7791735	6000000006597553005
Q7791745	6000000025666718859
Q7791749	6000000004969779900
Q7791758	6000000004652872504
Q7791772	6000000005401685809
Q7791776	6000000008630894251
Q7791798	6000000010022719633
Q77918	6000000105431300947
Q7791800	6000000007097666781
Q7791801	6000000010280699206
Q7791807	6000000006374662418
Q7791823	6000000043910715867
Q7791829	6000000005931359612
Q7791834	6000000009987838468
Q7791851	6000000003486260355
Q7791861	6000000001384673455
Q7791866	6000000013948270827
Q7791869	6000000079144680875
Q7791871	6000000000889437764
Q7791874	6000000025068524539
Q7791875	6000000026784660418
Q7791887	6000000015663114334
Q7791891	6000000008168031690
Q7791918	6000000007706550296
Q7791923	6000000102808255318
Q7791933	6000000018158321331
Q7791934	6000000009775868079
Q7791980	6000000029948379197
Q7791984	6000000004095110660
Q77920	6000000000468428430
Q7792033	6000000012508178604
Q7792034	6000000040963090391
Q7792045	6000000000475014301
Q7792054	6000000000556696010
Q7792109	6000000016533979959
Q7792117	6000000184024645861
Q7792127	6000000042075210258
Q7792133	6000000042486218317
Q7792137	6000000019857879727
Q7792138	6000000012748251347
Q7792153	6000000008542788348
Q7792187	6000000003849176149
Q7792194	6000000042304032079
Q77922	6000000006821276227
Q7792223	6000000125992497845
Q7792236	6000000092078241828
Q7792250	6000000002928630411
Q7792253	6000000058941365296
Q7792254	6000000058942092033
Q7792263	6000000026982905835
Q7792318	6000000028908633643
Q7792329	6000000055956399857
Q7792339	6000000043245541112
Q7792342	6000000013118822572
Q7792376	6000000007876832554
Q7792377	6000000042357123267
Q7792379	6000000007676921495
Q7792383	6000000006843188979
Q7792390	6000000128934772001
Q7792394	6000000136534619858
Q7792396	6000000028912588041
Q7792398	6000000123502416135
Q7792459	6000000017849500828
Q7792490	6000000000077803151
Q7792490	6000000003076796612
Q7792497	6000000026298203794
Q7792507	6000000179388438852
Q7792513	6000000016696515243
Q7792591	6000000026027133406
Q7792599	6000000024321485495
Q7792602	6000000021865995923
Q7792610	6000000002665454852
Q7792631	6000000017963075257
Q7792649	6000000003177592969
Q7792650	6000000002188385543
Q7792661	6000000068137148964
Q7792676	6000000008528866497
Q77927	6000000005599120498
Q7792703	6000000139681782905
Q77927268	6000000009468205700
Q7792728	6000000013433051137
Q7792742	6000000029564923821
Q7792748	6000000036951952536
Q7792762	6000000035379719070
Q7792773	6000000021776635927
Q7792774	6000000018209898720
Q7792782	6000000012674800165
Q7792843	6000000013432078053
Q7792844	6000000045714221006
Q7792847	6000000013884656441
Q7792848	6000000011646411755
Q7792849	6000000011647087399
Q7792879	6000000008915522300
Q7792886	6000000003635347783
Q7792888	6000000006580974279
Q77928880	6000000025794682069
Q7792889	6000000012772345115
Q7792891	6000000077144998050
Q7792903	6000000009278766375
Q7792905	6000000019344981162
Q779291	6000000017790585013
Q7792966	6000000007151626908
Q7792968	6000000050509675946
Q7792969	6000000031628273710
Q7792977	6000000013306467766
Q7792978	6000000013306520422
Q7792979	6000000015665101162
Q7792981	6000000015245470926
Q7792985	6000000025915439116
Q7792989	4194810478190128852
Q7793002	6000000046627110185
Q7793009	6000000026741240442
Q7793012	6000000006582698025
Q7793014	6000000001715531399
Q7793021	6000000168290750834
Q7793027	6000000035205424952
Q7793057	6000000002183049935
Q7793085	6000000011708457958
Q7793086	6000000015731558591
Q7793088	6000000015731484390
Q7793089	1042488
Q7793095	6000000001723407406
Q77931	6000000004212702015
Q7793103	6000000006444687803
Q7793118	6000000118416241832
Q7793130	6000000078995266910
Q7793141	6000000042556730074
Q7793178	6000000010691186396
Q7793193	6000000033760529879
Q7793194	6000000020557896752
Q7793195	6000000039311714811
Q7793197	6000000007289009173
Q77932	6000000005599214514
Q7793203	6000000007141436381
Q7793206	6000000023100742330
Q7793209	6000000015097116102
Q7793214	6000000063628103898
Q7793234	6000000047661122892
Q7793239	6000000002860954923
Q7793251	6000000015731522376
Q7793253	6000000015795372445
Q7793254	6000000010252872061
Q7793255	6000000002116368972
Q7793263	6000000006987586098
Q7793273	6000000013063411303
Q7793295	6000000002504518232
Q77933	6000000006099939501
Q7793303	6000000013010297041
Q7793319	6000000004392179378
Q7793322	6000000044080101297
Q7793374	6000000178750707845
Q7793392	6000000022071882192
Q7793407	6000000001972490162
Q779341	6000000026356162939
Q7793417	6000000065543356936
Q7793440	6000000068525620957
Q7793452	6000000071565215182
Q7793460	6000000007941245736
Q7793491	6000000088910737869
Q7793495	6000000001538374730
Q7793500	6000000015499835126
Q7793553	6000000061179018202
Q7793569	6000000002428272831
Q7793571	6000000003942784663
Q7793579	6000000027416889916
Q779361	6000000023718835573
Q7793613	6000000030190574082
Q7793614	6000000015029652874
Q7793619	6000000011081894609
Q7793655	6000000002952929439
Q77936634	6000000003550355800
Q7793665	6000000013073572760
Q7793674	6000000024092201514
Q7793693	6000000024294407964
Q7793698	6000000016631906735
Q7793700	6000000006673680001
Q7793719	6000000041586448040
Q7793725	6000000037475449361
Q7793727	6000000018213017997
Q7793737	6000000027627038582
Q7793738	6000000009549271470
Q7793755	6000000000978548090
Q7793759	6000000011341593221
Q7793762	6000000020049722106
Q7793778	6000000026805807550
Q7793792	6000000027422018411
Q7793795	6000000011416680145
Q7793796	6000000003077156406
Q7793803	6000000059146592957
Q7793822	6000000013436403571
Q7793831	334184966040005261
Q7793844	6000000006444777500
Q7793857	6000000011021172761
Q7793875	6000000015231708706
Q7793890	6000000041128257776
Q7793893	6000000000339537906
Q7793905	6000000013095221030
Q7793919	6000000042586037989
Q7793932	6000000003203183860
Q7793935	6000000026396849024
Q7793947	6000000000806222069
Q7793954	6000000031817019453
Q7793961	6000000019043836496
Q7793977	6000000036927042122
Q7793982	6000000018186015627
Q7793993	6000000008337886283
Q7794002	6000000037091412103
Q77940117	6000000013522801672
Q7794021	6000000008672793600
Q7794023	6000000002176511788
Q7794042	6000000002466060871
Q7794046	6000000003807143507
Q7794048	6000000012482414303
Q7794060	6000000015971446432
Q7794061	6000000000701099516
Q7794078	6000000014394081263
Q7794087	6000000002979789796
Q7794103	6000000014540138927
Q7794104	6000000014811657654
Q7794106	6000000011061886656
Q7794107	6000000029391987086
Q7794108	6000000015830227428
Q7794110	6000000018147312156
Q7794143	6000000022492664818
Q7794144	6000000064169944172
Q7794146	6000000078370165676
Q7794148	6000000022334752574
Q7794159	6000000025722046910
Q7794168	6000000000605906928
Q7794204	6000000042871855292
Q7794220	6000000002872918074
Q7794225	6000000007233586356
Q7794226	6000000009926893430
Q7794232	6000000004148748146
Q7794237	6000000026221905755
Q7794254	6000000016866090570
Q7794258	347832130160012688
Q7794262	6000000044063918586
Q7794276	6000000054433343863
Q7794279	6000000002332457083
Q77943	6000000002764519565
Q7794312	6000000045293772974
Q7794319	6000000017474267061
Q7794321	6000000018132465366
Q7794322	6000000018130957971
Q7794328	6000000009164304208
Q7794329	6000000008309609825
Q7794358	6000000010607633089
Q7794363	6000000004382607612
Q7794366	6000000129554924950
Q7794385	6000000004881711059
Q7794386	6000000019191271105
Q7794387	6000000001608918102
Q7794412	6000000025471538976
Q77944252	5570247286570125371
Q77944255	6000000002959204009
Q7794434	6000000030195599234
Q7794435	6000000009047518117
Q7794445	6000000024092204661
Q7794452	6000000011031318768
Q7794453	6000000019357858184
Q7794461	6000000006444252315
Q7794471	6000000000352555917
Q7794472	6000000015906644622
Q7794483	6000000008539977106
Q7794484	6000000001180197374
Q7794524	6000000012425541487
Q7794539	6000000006439920833
Q7794543	6000000009431944782
Q7794547	6000000175631493837
Q7794548	6000000031395470171
Q7794549	6000000011466858102
Q7794551	6000000011549964211
Q7794565	6000000016566295542
Q7794584	6000000006602672904
Q7794604	6000000010994421933
Q779461	6000000015784788126
Q7794614	6000000007668020551
Q7794623	6000000020089264890
Q7794628	6000000002917940989
Q7794671	6000000006101388263
Q7794690	6000000010987181193
Q7794695	6000000070683669935
Q7794696	6000000056247572539
Q7794704	6000000002188670956
Q7794715	6000000176369887842
Q7794757	6000000012786711213
Q779476	6000000035170170280
Q7794788	6000000016035849989
Q7794794	6000000015432672650
Q7794795	6000000044129101844
Q7794821	6000000013165387361
Q7794833	6000000007554478276
Q7794844	6000000021455587072
Q7794858	6000000017926430276
Q7794885	6000000032086892905
Q7794896	6000000009704622674
Q7794921	6000000014255065020
Q7794922	6000000012807927385
Q7794923	6000000006240847432
Q7794951	6000000072970463027
Q7794952	6000000039648358278
Q7794963	6000000038341140025
Q7794973	6000000008014427724
Q7794982	6000000032928461225
Q7794983	6000000012496069376
Q7794988	6000000020612839654
Q7794992	6000000015499740966
Q7794997	6000000004177475449
Q7795001	6000000062614004232
Q7795004	6000000016128463961
Q7795010	5259301961080037087
Q7795013	6000000067114446821
Q7795014	6000000006907116472
Q7795018	6000000012812891217
Q7795020	6000000008687890173
Q7795023	6000000002341678467
Q7795024	6000000000536912471
Q7795025	6000000000804898704
Q7795026	6000000047782431914
Q7795027	6000000044336668335
Q7795034	6000000000310568088
Q7795045	6000000042001750877
Q7795053	6000000019871231661
Q7795059	6000000001916876040
Q7795076	6000000038857849695
Q7795085	6000000086174599879
Q7795096	6000000009547428456
Q77951	6000000115204720345
Q7795103	5106130969330102864
Q7795123	6000000064412243855
Q7795126	6000000007062578207
Q7795133	6000000049127096173
Q7795149	6000000052068602262
Q7795153	6000000018539297343
Q7795165	6000000114585668111
Q7795205	6000000041582887978
Q7795210	6000000010020976322
Q7795211	6000000009991473088
Q7795212	6000000018262334590
Q779523	6000000000478114791
Q7795230	6000000020267337208
Q7795236	6000000013383402679
Q7795245	6000000029303546921
Q7795254	6000000024049136249
Q7795262	6000000008260482470
Q7795274	6000000005599217549
Q77953	6000000000064222125
Q7795320	6000000001608752371
Q7795338	6000000007606144326
Q7795349	6000000028415348690
Q7795353	6000000008049915550
Q7795354	6000000025563696222
Q7795362	6000000010977678206
Q7795363	6000000000343950029
Q7795377	6000000009458305825
Q7795451	6000000003051159727
Q7795452	6000000006265866049
Q7795453	6000000000615178001
Q7795462	6000000006727942143
Q7795466	6000000003086973890
Q7795469	6000000023798633431
Q7795476	6000000021562695825
Q7795490	6000000002321953246
Q7795496	6000000004880976154
Q7795497	6000000004880607869
Q7795498	6000000002979909847
Q7795502	6000000016695180478
Q77956	6000000049587954852
Q7795640	6000000026746466369
Q77958730	6000000034596254083
Q7795879	6000000083060082070
Q7795882	6000000001180338553
Q7795886	6000000006802379363
Q77959199	6000000090346428988
Q7795921	6000000071264137000
Q77959339	6000000006127631537
Q77960	6000000024680200230
Q77960585	6000000017241070984
Q7796061	302475248470004904
Q7796096	6000000011952217319
Q7796106	6000000012799249269
Q7796162	6000000012016952531
Q7796165	6000000120114178834
Q7796176	6000000078341428690
Q7796181	6000000020468197027
Q7796184	6000000003035364619
Q7796192	6000000051696658108
Q7796217	6000000011251135993
Q779622	6000000144796719025
Q7796252	6000000001539841405
Q7796254	6000000009745740734
Q7796257	6000000059027085842
Q7796259	6000000059039097155
Q77962645	6000000089694441856
Q7796365	6000000008796604968
Q7796508	6000000017411510989
Q7796519	6000000034563277424
Q7796541	6000000017411641347
Q7796548	6000000042350310596
Q7796570	6000000016035156240
Q7796621	6000000005440726236
Q7796623	6000000008248206545
Q7796742	6000000040266897928
Q7796746	6000000012015672273
Q7796789	6000000009577793937
Q779682	6000000143186129127
Q77971509	6000000034363872983
Q77974540	6000000048345200906
Q77974708	6000000057059474973
Q77976043	6000000003784309097
Q77976523	6000000030424711441
Q77977392	6000000012430468184
Q77978	6000000002416709869
Q77979545	6000000012598818934
Q779798	6000000141079430869
Q77981274	6000000037743353315
Q77981505	6000000027434833495
Q77983	6000000033477922958
Q77986	6000000023966131829
Q77992	6000000015806608698
Q7799336	1834983
Q7799337	6000000025530230253
Q77994	6000000030072861312
Q7799457	6000000000369368991
Q779978	6000000016193898656
Q7799866	6000000178215212876
Q7799889	6000000057780105859
Q7799899	6000000009697221479
Q780012	6000000151005286822
Q7800247	6000000075428650822
Q7800247	6000000075502475011
Q780032	6000000008024720836
Q7800486	6000000039029367415
Q7800507	6000000036306308032
Q7800519	6000000022986263384
Q7800594	6000000029731683419
Q780090	6000000006840189410
Q78010	6000000004018768671
Q780105	6000000011003617793
Q7801308	6000000086794430878
Q780144	6000000018103636978
Q78015	6000000031344528465
Q7801796	6000000010072081517
Q78019	6000000023525316378
Q780206	6000000044073268988
Q78023	319628027410003297
Q78025794	6000000020573373369
Q780267	6000000177446064848
Q78027	6000000006283136493
Q7803170	6000000036597731852
Q78033429	6000000007014878249
Q78033717	6000000008754415981
Q78033932	6000000002902410766
Q78034335	6000000008251080742
Q78036	6000000079635201821
Q78036085	6000000027434994157
Q78037	6000000083066238723
Q780378	6000000079568304596
Q780398	6000000035276604631
Q7804181	6000000054467709188
Q7804192	6000000008520241928
Q7804213	6000000103889138009
Q7804233	6000000210085289871
Q7804537	6000000029695045539
Q78045441	6000000088433944974
Q780501	6000000158177471826
Q78052	6000000016112066626
Q78052651	6000000057954993857
Q780543	6000000017854135369
Q78054558	6000000046973618278
Q78056166	6000000017758813330
Q78056591	6000000081060172858
Q78057154	6000000006174033839
Q78057239	6000000022785779319
Q78057261	6000000171683552939
Q78058	6000000148016462821
Q78058894	6000000017751677923
Q78059	6000000180383309831
Q78059510	6000000017752565168
Q78059537	6000000083475295828
Q78060	6000000038405888458
Q78060284	6000000116653619977
Q78060475	6000000118409680854
Q78061726	6000000003171416897
Q78063	6000000031603654781
Q78063675	6000000016829890324
Q78063906	6000000021476743876
Q78064135	6000000065581994900
Q78065984	6000000007450637390
Q78066	6000000017062565049
Q78068	6000000088493571821
Q78068169	6000000089617340931
Q780691	6000000056342109943
Q78070195	6000000081248099061
Q7807041	6000000015045716746
Q7807050	6000000054606454861
Q7807056	6000000020423450326
Q7807058	6000000002908036792
Q7807061	6000000001958976437
Q7807075	6000000007980642280
Q7807093	6000000071804219068
Q7807133	6000000038288161893
Q78072082	6000000001502912630
Q780727	6000000035358428871
Q7807307	6000000114610572392
Q78073731	6000000021527608077
Q7807411	6000000025308479892
Q78074239	6000000139532575938
Q78074465	6000000055136664150
Q7807490	296980472550001944
Q7807491	6000000006290252453
Q7807514	6000000013302151410
Q78075155	6000000173718345006
Q7807551	6000000004188083089
Q78075631	6000000001690589629
Q7807580	6000000024865791250
Q7807582	6000000033078901837
Q7807595	6000000003940441922
Q7807603	6000000017018512675
Q7807617	6000000008808532445
Q78076260	6000000085399801157
Q7807697	6000000177189757823
Q7807940	6000000016498669136
Q7808071	6000000077916053280
Q78081633	6000000021680573145
Q78083	6000000067660190687
Q78083260	6000000048077341084
Q78083654	6000000026356056081
Q780842	6000000033741099721
Q78085	6000000043284844136
Q78085188	6000000019627115036
Q7808578	6000000029034801154
Q780860	6000000052002149840
Q7808773	6000000039982295923
Q780880	6000000172648192227
Q780899	6000000024321582455
Q78090	6000000035198454964
Q7809126	6000000007908604747
Q780916	6000000012880822034
Q7809200	6000000015120692668
Q7809224	6000000008612020872
Q780932	6000000020347198580
Q780938	6000000015150495607
Q78097717	6000000155773581866
Q7810019	6000000070696436455
Q78101	6000000000160316854
Q7810170	6000000032444541331
Q7810285	6000000010849027551
Q78103386	6000000056263666854
Q78104	6000000076716447382
Q781041	6000000009515311452
Q781047	6000000024360459060
Q78105	6000000000463275341
Q781055	6000000030708134104
Q7810636	6000000022970886234
Q78106587	6000000068853427991
Q78107	6000000040084670935
Q781074	6000000033432858565
Q781077	6000000026133282093
Q78108	6000000022195753085
Q78110	6000000005051736433
Q781109	6000000020209425943
Q78111	6000000008134077910
Q781125	6000000056369756859
Q781134	6000000003939528103
Q781140	6000000026905826972
Q78115319	6000000111157968983
Q781157	6000000016561743706
Q78116	6000000023728230866
Q7811629	6000000005091990622
Q7811643	6000000003220040243
Q7811651	6000000082707743026
Q78116616	6000000092627589269
Q781167	6000000046935835978
Q78116841	6000000029842336021
Q7811696	6000000032327859267
Q78117265	6000000065512746907
Q78117595	6000000130270860877
Q781176	6000000090257334068
Q7811765	6000000019192684775
Q7811789	6000000000447389825
Q78118	6000000074193823111
Q7811818	6000000004016720108
Q7811838	6000000013000387134
Q7811927	6000000089151851821
Q7812247	6000000030684092122
Q7812365	6000000013462557615
Q78124	6000000152725661866
Q78126	6000000180873424890
Q7812693	6000000054236855403
Q7812813	6000000011311973358
Q78128500	6000000017485737193
Q78129	6000000024247498276
Q7812986	6000000075507695908
Q78132	6000000037834155847
Q781324	5483883831830121190
Q7813383	6000000081326747111
Q7813401	6000000110282980871
Q7813409	6000000033015231861
Q7813412	6000000025565223653
Q7813416	6000000038749789824
Q78138804	6000000172063322239
Q781389	6000000043160428348
Q7814077	6000000003186998045
Q78140857	6000000024580210387
Q78141	6000000013611087132
Q7814109	6000000150850504821
Q78142	6000000016184530450
Q78143	6000000003827477589
Q78144591	6000000049602265899
Q78145858	6000000058014370071
Q78146331	6000000030195980103
Q78147	6000000027231334427
Q781476	6000000180548914834
Q7814787	6000000036395432645
Q7814941	6000000076979906864
Q7814959	6000000077805508297
Q7814965	6000000077858798397
Q78150	6000000022629729204
Q781502	6000000001529661570
Q78150413	6000000015287520789
Q7815058	6000000024371887084
Q7815137	6000000197637986855
Q7815213	6000000075933413891
Q7815263	6000000001260762284
Q7815409	6000000032677437160
Q7815481	6000000184049130823
Q78155	6000000019991538398
Q7815558	6000000039681571230
Q78155730	6000000123270345851
Q781561	6000000067937422969
Q78157	6000000067669349964
Q7815712	6000000079144026082
Q7815723	6000000040638348396
Q7815833	6000000010581882947
Q78158804	6000000045107965750
Q78160582	6000000037091246917
Q7816062	951661
Q7816151	6000000112707744822
Q78162214	6000000064382844937
Q78162388	6000000017298956847
Q78162512	6000000141121921833
Q78162547	6000000000029550387
Q78162774	6000000177581758866
Q78164421	6000000055579071867
Q78164430	6000000032844195410
Q7816565	6000000005390931611
Q7816569	6000000131323836831
Q7816689	6000000009590724579
Q7816756	6000000012677179911
Q7816919	6000000067128679825
Q7816949	6000000184809213823
Q78170635	6000000011716532286
Q7817086	6000000051513193838
Q78172	6000000013314545159
Q78172362	6000000013126071350
Q78172591	6000000188222773822
Q7817562	6000000045225219848
Q7817678	6000000002831500863
Q781776	6000000026831253636
Q781787	6000000066695950938
Q781795	6000000016559913331
Q7817968	6000000091778183843
Q78180	6000000141515253821
Q781804	6000000033987912757
Q781813	6000000017496743268
Q7818318	6000000002581619354
Q7818364	6000000022929895008
Q7818392	6000000028030948696
Q7818406	6000000029178581105
Q781842	4148698
Q78185683	6000000183994278827
Q781889	6000000009680975057
Q78190288	6000000027557740929
Q7819041	6000000088688716056
Q7819106	6000000032494603565
Q7819278	6000000179655603822
Q7819313	6000000178133845841
Q7819387	6000000069570532909
Q7819531	6000000019767292218
Q7819658	6000000017111362043
Q7819775	6000000014757179081
Q7819844	6000000013658747101
Q7819952	6000000029671036084
Q78201	5415607455640073292
Q78205	6000000034537185182
Q7820519	6000000023795739774
Q78208901	6000000079840009857
Q78210740	6000000012748420271
Q782108	6000000002513704066
Q782120	6000000056629221260
Q7821298	6000000077754137445
Q7821321	6000000135789201241
Q7821348	6000000067470676938
Q7821350	6000000040860513936
Q78214	6000000030827335098
Q78214680	6000000000629070316
Q7821518	6000000031347110163
Q782152	6000000140722406961
Q782156	6000000111290605870
Q7821663	6000000003341498326
Q7821958	6000000067244255958
Q7822047	6000000006262981372
Q782227	6000000156825825917
Q782243	6000000019904920835
Q7822441	6000000030127724891
Q78225852	6000000006738528007
Q78226	6000000181160240030
Q7822832	6000000052655428920
Q78229	6000000031233051624
Q78229702	6000000073734287961
Q78229748	6000000073734208083
Q78230	6000000010910296293
Q78230709	6000000016755895185
Q7823086	6000000044734256853
Q78231228	6000000016755811433
Q7823230	6000000068878800872
Q78232783	6000000070932789821
Q7823289	6000000004438841011
Q78233	6000000002436838637
Q7823310	6000000025892705710
Q7823364	6000000122022202846
Q78233678	6000000016756277388
Q78233839	6000000016756353129
Q7823485	6000000003721719139
Q78235140	6000000016756299132
Q78235357	6000000072407693157
Q782356	6000000134562937834
Q78235641	6000000072407027011
Q78235798	6000000072406701209
Q78235960	6000000015392263033
Q782365	6000000003953457719
Q78236571	6000000016128658230
Q78237	6000000018204335490
Q7823702	6000000017430837874
Q78239747	6000000002808951406
Q78240	6000000173308707899
Q782403	6000000001504319839
Q7824115	6000000002584581531
Q7824120	6000000023906864170
Q782422	6000000045534484840
Q782431	6000000183608755983
Q7824320	6000000005016192748
Q78246576	6000000083860181439
Q7824837	6000000002188470861
Q7825234	6000000114256535945
Q7825246	6000000003095122780
Q7825261	6000000028319949388
Q7825274	6000000010600959882
Q78253	6000000002188445159
Q7825388	6000000003614283378
Q78254	6000000143254886921
Q782549	6000000012697376559
Q78254901	6000000070752776911
Q78255	6000000036946004070
Q78255443	6000000070752720189
Q7825626	6000000016046963641
Q7825629	6000000007034230302
Q7825648	6000000034075197989
Q7825696	6000000019059480406
Q78257	6000000181331955836
Q7825718	6000000011540947854
Q7825728	6000000006110824782
Q782582	6000000010983105616
Q7825837	6000000008805448373
Q7825861	6000000007453699167
Q7825929	6000000030617175710
Q7825932	6000000008186027297
Q78262	6000000002188601616
Q7826228	6000000035434878532
Q7826234	6000000001374215138
Q7826236	6000000012998278606
Q78262854	6000000011536569669
Q782637	6000000054246708169
Q782688	6000000028022231028
Q7827016	6000000030926557177
Q7827095	6000000009914454289
Q78272	6000000025445359212
Q7827240	6000000011935811752
Q782738	6000000021120517608
Q78277	6000000010168428602
Q78279	6000000023469908542
Q782809	4743739111870080741
Q782813	6000000019950189696
Q782832	6000000140787192900
Q78287	6000000008939854310
Q782871	6000000008177465210
Q78288	6000000059059829617
Q78289	6000000181952680821
Q78289463	6000000013175423350
Q78289807	6000000014046188610
Q78289999	6000000012461995416
Q78291	6000000040637453401
Q78292	6000000002250501807
Q7829404	6000000130411274853
Q7829407	6000000039892382962
Q7829443	6000000075502722113
Q7829466	6000000048930758401
Q7829474	6000000014900529710
Q78296951	6000000032102344676
Q78298	6000000056807764158
Q782991	6000000179610324872
Q782994	6000000036972552071
Q78301500	6000000012528146382
Q7830180	6000000056341365113
Q7830198	6000000039105878264
Q783040	6000000121061668927
Q78304470	6000000072903839948
Q78305	6000000113568299972
Q78305046	6000000017650071895
Q7830505	6000000179655647822
Q78305511	6000000017650577411
Q78305740	6000000017650603134
Q78308032	6000000098868954822
Q78309	6000000017163153699
Q78309	6000000017163814627
Q78310184	6000000052296592856
Q7831218	6000000017597803245
Q783126	6000000002043192045
Q78315440	6000000012042604202
Q78316	6000000118013027885
Q7831725	6000000015052460011
Q78318	6000000003307599164
Q7831851	6000000071765947972
Q7831864	6000000025097752635
Q7831868	366106533050011736
Q78321	6000000177074804824
Q78321909	6000000031097643683
Q78322	6000000028480644860
Q78326	6000000147716520868
Q7832694	6000000043546559873
Q78329	6000000025538399851
Q7833	6000000032046923891
Q7833159	6000000183558204850
Q783318	6000000032007490710
Q7833331	6000000181803849821
Q78339	6000000034169166094
Q78344	6000000023963811963
Q783464	6000000157301804893
Q78347	6000000140693259841
Q78347144	6000000013428782602
Q78347748	6000000031499486859
Q78355	6000000018916107186
Q78355339	6000000015862944815
Q78358261	6000000176041627821
Q78358269	6000000015050534597
Q7836	6000000184491632827
Q7836291	6000000041319740958
Q7836292	6000000071627491082
Q783639	6000000015687293579
Q783657	6000000174668146045
Q78368	6000000180445946824
Q78371	6000000021356901490
Q783735	6000000060306965937
Q78373602	6000000037090934919
Q78377	6000000015251173841
Q7837775	6000000002462540366
Q7837899	6000000007713337733
Q78388	6000000041146821503
Q7839118	6000000033588940899
Q7839214	6000000014822102025
Q78393	6000000003827737275
Q7839402	6000000013071171039
Q7839519	6000000007470086299
Q783995	6000000182428011822
Q784036	6000000178450858823
Q78404	6000000053476354821
Q78407793	6000000078883466057
Q784098	6000000020892864976
Q7841	6000000025037006870
Q784173	6000000000842395017
Q784194	6000000000469685383
Q78421	6000000017681565267
Q7842292	6000000031162154669
Q78426	6000000040680043077
Q784289	6000000039566810646
Q78434	6000000014745268601
Q784353	6000000039163315000
Q784390	6000000017496273215
Q7843949	6000000011736685044
Q78439777	6000000009214888459
Q7843999	6000000052277454772
Q7844007	4442681416310031992
Q7844208	6000000003389592794
Q7844209	6000000024848450033
Q7844215	6000000037443487872
Q7844237	6000000001590984154
Q78445	6000000006962878007
Q78448	6000000024019894115
Q784487	6000000022816147385
Q784504	6000000084353494103
Q784509	6000000059323655913
Q78451483	6000000006444752737
Q78452	6000000075653224032
Q784534	6000000013638927551
Q7845447	6000000010213640992
Q7846622	6000000083015351341
Q78466956	6000000025617337866
Q78468090	6000000007424394785
Q7846873	6000000140148065325
Q78469	6000000033895694261
Q78470400	6000000015633242780
Q784708	6000000074186695837
Q7847131	6000000017964829500
Q7847242	6000000021037205646
Q78473	6000000041294447680
Q78473599	6000000181668136860
Q78474	6000000018327794429
Q78475	6000000013218115443
Q78476	6000000035155540503
Q7847690	6000000028007169385
Q7847691	6000000012901409853
Q78477	6000000071797106154
Q7847705	6000000007142498564
Q7847726	6000000001384264891
Q7847728	6000000177544043855
Q7847745	6000000011163389732
Q78478	6000000010646212709
Q7847850	6000000013355792916
Q78479	6000000029319758467
Q78480	6000000002713517245
Q78481	6000000013309691484
Q78482	6000000013306828397
Q784822	6000000134010572913
Q78482313	6000000048617459279
Q7848367	6000000065605745823
Q7848380	6000000030546750367
Q78484	6000000020531456006
Q7848482	6000000009254995352
Q7848488	6000000002028841955
Q7848490	6000000102369160828
Q7848496	6000000018569725737
Q7848499	6000000004877561014
Q78485	6000000005021352020
Q7848556	6000000003681279306
Q78486	6000000166430154827
Q78487	6000000007832806937
Q78488	6000000018081522560
Q78489	6000000080862188341
Q78490	6000000176925384837
Q78491	6000000006837636028
Q78492	6000000012812868568
Q78494	6000000016128811330
Q784945	6000000145956098104
Q78496	6000000036510998267
Q78500	6000000008260667294
Q785003	6000000061177284916
Q78501	6000000018715618507
Q7850194	6000000082029669966
Q78503	5127736244020106085
Q78503206	6000000000113866754
Q78504	6000000002765241856
Q785046	6000000151399794004
Q78505	6000000014310004763
Q78506	6000000062591476846
Q785073	6000000019300447592
Q78508	6000000012698242352
Q78509	6000000002452826517
Q7850950	6000000017885669279
Q78510	6000000014361507128
Q785103	6000000140912084821
Q78510695	6000000078883499038
Q78510798	6000000078883162120
Q78511	6000000040616976421
Q7851297	6000000014434793013
Q78513	6000000015918390738
Q785131	6000000142020023870
Q7851323	6000000020055722307
Q78514	6000000008202730766
Q78514477	6000000002765614473
Q78515	6000000003473777613
Q7851527	6000000033911344365
Q7851529	6000000033910963352
Q78517	6000000015727627822
Q78517287	6000000019935544856
Q78519	6000000000717784233
Q785197	6000000074806195243
Q78520	6000000029934055325
Q78521	6000000033185061457
Q7852254	6000000058457057850
Q78524	6000000002802124818
Q78525	6000000013145102280
Q78526	6000000008583620942
Q78527	6000000065636964830
Q7852969	6000000031943330160
Q7852986	6000000031943492889
Q78530	6000000010608224567
Q78531	6000000112438245822
Q7853124	6000000008540034959
Q78532	6000000010383571753
Q785321	6000000012270983456
Q7853252	6000000002593003133
Q7853259	6000000002457682266
Q78534	6000000042955338352
Q7853403	6000000177273161822
Q7853434	6000000094803767907
Q7853446	6000000092917567846
Q785349	6000000019763955554
Q78535	6000000000717579298
Q78536	6000000006101459366
Q78537	6000000041717970254
Q78540	6000000181194179871
Q785404	6000000037208882917
Q78541	4281580427690059041
Q78542	6000000004145925797
Q78544	6000000077312986226
Q78547	6000000019447184239
Q7854783	6000000006900909151
Q78549	6000000004145925803
Q7855002	6000000151066311822
Q78557	6000000059479059825
Q78558	6000000011813386579
Q785589	6000000016313250832
Q78559	6000000018084133541
Q78560	6000000016500429792
Q78561	6000000015396267227
Q78562	6000000006588663108
Q78564	6000000041625784156
Q78565	6000000069245750209
Q78567	6000000003365802887
Q7856785	4421286631040068816
Q78570	6000000102908930842
Q78578	4281713046470060704
Q78578608	6000000023041955148
Q78579	6000000130819670919
Q78580	6000000177818779823
Q78584	6000000016384665268
Q785847	6000000017206120479
Q78585	6000000003283170892
Q78586	6000000014252604866
Q78589	6000000009679210560
Q78590	6000000003032177104
Q78591	6000000006277445807
Q785936	6000000011864388402
Q78595	6000000064826814872
Q78597	6000000021475264237
Q7859729	6000000006589193951
Q78598	6000000009599472341
Q785981	6000000002024143330
Q7859839	6000000004957467644
Q785984	6000000143234368895
Q78599	6000000077146086998
Q785994	6000000041714872976
Q786003	6000000016795918042
Q78601	6000000086970744835
Q78602	6000000026103348372
Q78603157	6000000002765681063
Q78604	6000000030212296923
Q78605	6000000077946522269
Q786052	3299538
Q78606	6000000116226497851
Q78608	6000000013050499332
Q78608121	6000000027932046625
Q78608398	6000000011160593264
Q78610	6000000041168950060
Q78611	6000000024445134802
Q78612	6000000002802236224
Q78613	6000000180372974825
Q78614	6000000045424935868
Q78616	6000000089821215904
Q78617	6000000016561855344
Q786173	6000000181906757854
Q78618	6000000026971552237
Q7862372	6000000074561071967
Q78625761	6000000000452930794
Q786269	6000000016501126401
Q78628619	6000000155906121822
Q78629642	6000000052534647995
Q78632	6000000028561894057
Q78633	6000000002188374579
Q78635	6000000002188370071
Q7863544	6000000005441261830
Q78636	6000000008430545317
Q786371	6000000049432201822
Q78638	6000000070974813293
Q786382	6000000020959865191
Q78639	6000000007014359084
Q78640	6000000118415338056
Q78642	6000000063207585865
Q786429	6000000010910110113
Q78643	6000000008260823206
Q78645	6000000145007682856
Q786474	6000000026028010244
Q78648	6000000027792443557
Q78649	6000000011288616572
Q78650	6000000011393097234
Q78650988	6000000008785702238
Q78651	6000000007014365720
Q78654	6000000016521783414
Q786545	6000000003049811455
Q786563	6000000142890706932
Q786572	6000000150855758156
Q78658	6000000024248900003
Q786616	6000000004152587335
Q786620	6000000027971865033
Q786637	6000000096092910100
Q78664	6000000021975821148
Q78666	6000000010531825676
Q78668116	6000000026303226235
Q78669268	6000000022532950508
Q786697	6000000012943664085
Q78669894	6000000011381861220
Q786748	6000000055088161870
Q786749	6000000142156139825
Q78675640	6000000013620218860
Q78676	6000000021501341468
Q786793	6000000010859871874
Q78680	6000000020905225158
Q786825	6000000014166272656
Q78683	6000000002802158303
Q78683478	6000000027002412455
Q78684	6000000180906286873
Q78685	6000000015745967097
Q78685622	6000000027002566856
Q78688	6000000052129873185
Q78692	6000000016478828627
Q786950	6000000071056807880
Q786954	6000000007225904772
Q78696	6000000016549357523
Q78697	6000000171815207927
Q787000	6000000004217121958
Q787013	6000000019809219211
Q78702	6000000009966732256
Q78703	6000000010413029271
Q78704	6000000004873815054
Q78704775	6000000008852030242
Q787055	6000000007191208272
Q78706	6000000065269034892
Q787064	6000000028143398293
Q78711	6000000084675140208
Q78713	3182711
Q78714	6000000019452889066
Q787143	6000000122540487013
Q787155	6000000085355046838
Q78716	6000000009586882447
Q7871647	6000000055696853367
Q78719	6000000000348782275
Q78720	6000000063294400920
Q78721	6000000012738576390
Q78724	315771448010006479
Q78727	6000000079293508979
Q78728	6000000015243686072
Q7872875	6000000003389607370
Q78729	6000000023574265318
Q78730	6000000020999300537
Q787308	6000000094122507945
Q78732	6000000182266143826
Q78733	6000000067374324201
Q78734	6000000031577562880
Q78739	6000000040927428897
Q78741	6000000031558817744
Q78742	6000000096327942916
Q787456	6000000039655045954
Q78746	6000000055660749130
Q787463	6000000019403785199
Q78749	6000000095240196983
Q78751	6000000000309755416
Q78758	6000000098257129005
Q78759	6000000088671606981
Q7876369	6000000000437016513
Q7876497	6000000177981978843
Q78768477	6000000078038471324
Q78769	6000000063004370555
Q78769470	6000000077849648870
Q78770	6000000067487329854
Q7877264	6000000016034547350
Q78773	6000000085669311860
Q787743	6000000027708456004
Q78775	6000000173131068119
Q7877565	6000000045182909601
Q78777	6000000057278648890
Q7877756	6000000012802801815
Q78778183	6000000054918100610
Q78780	6000000064607967005
Q78781	6000000071468863849
Q78782	6000000069457738181
Q787820	6000000039223564877
Q78782427	6000000049129009013
Q787825	6000000039222876279
Q78783	6000000015153385469
Q787838	6000000031376930866
Q78784	6000000016428559168
Q78784047	6000000133168306900
Q7878667	6000000031250681033
Q78787	4281658372270046258
Q78789	6000000058040661899
Q7878966	6000000002821251509
Q7878966	6000000025891917932
Q7878969	6000000008032259551
Q7878978	6000000002220809340
Q7878980	6000000008522343746
Q78790	6000000076808149385
Q78791	6000000013338827647
Q78792	6000000007462831513
Q78793	6000000015814984739
Q7879773	4399145347450123519
Q7879786	6000000012887760427
Q7879792	6000000014140195789
Q7879797	6000000077271189946
Q7879804	6000000011299469430
Q7879807	6000000002893443315
Q7879888	6000000003614001470
Q78799	6000000018446353460
Q78799710	6000000032863906735
Q788060	6000000001741744648
Q78807	6000000020379528372
Q78807205	6000000028263197946
Q78807571	6000000007472688844
Q7880807	6000000008312364315
Q7880856	6000000169618191846
Q7880863	6000000007631794876
Q7880908	4603954848930089427
Q7880909	6000000019953482464
Q7880913	6000000009405382564
Q7880916	6000000018346616868
Q7880929	6000000074804647229
Q7880942	6000000000251880105
Q7880949	6000000036386267496
Q788122	6000000026244512373
Q7881299	6000000151400501855
Q7881304	6000000163582574997
Q78816	6000000016291866692
Q788163	6000000003406063360
Q788170	6000000012741794748
Q78817647	6000000009693979488
Q788184	6000000008210309220
Q788199	6000000030876776946
Q788215	6000000212140268852
Q78823	6000000088563589022
Q78824	6000000059607408424
Q78825	6000000007316929021
Q78826	6000000000300982169
Q78829611	6000000006823642974
Q78831	6000000016492393570
Q788330	6000000013706976807
Q7883337	6000000032584957526
Q78834	6000000050633213983
Q78835543	6000000079262319879
Q78836	6000000069418949849
Q78842	6000000055661626840
Q78843	6000000067359492897
Q788446	6000000017863049795
Q7884480	6000000023311615663
Q78846	6000000012126748917
Q78849	6000000000469483368
Q78852	6000000002188468501
Q788525	6000000007112075261
Q7885297	6000000012091049587
Q78853	6000000013941255775
Q788565	6000000003219727451
Q78857	6000000057279210881
Q788572	6000000015654074911
Q78858	360992688160001381
Q788582	6000000022527713722
Q788631	6000000023235656417
Q78863276	6000000139186314935
Q78863471	6000000000125130241
Q788635	6000000169691747060
Q78865	6000000181119596822
Q78867708	6000000141825406941
Q78869	6000000042440006359
Q78871	6000000015512711218
Q78872	6000000000056224096
Q788738	6000000086134036894
Q78874	6000000035091088352
Q78877	6000000169060471822
Q788773	6000000168182464889
Q7887730	6000000030568086766
Q7887890	6000000115253257884
Q78880	6000000084563766238
Q788844	6000000053543698876
Q78885	6000000072388594022
Q788860	6000000017486478647
Q78887	6000000021975572804
Q78888	6000000029119262862
Q78889	364421466070006895
Q788892	347213017630013373
Q78890	6000000006880891947
Q78891	6000000015050755943
Q78892	6000000018144973794
Q788933	6000000091220283901
Q788935	6000000007393622539
Q78897	6000000014608116639
Q788996	6000000015334276801
Q78900	6000000017079200860
Q78901766	6000000077550446846
Q78903	6000000007014445651
Q78903134	6000000007321104293
Q78903156	6000000018308032936
Q78905	6000000008220694086
Q78906	6000000003781990178
Q78908105	6000000056267124900
Q78909	6000000015514359233
Q78910211	6000000046459302821
Q78911538	6000000040200229008
Q789179	6000000039531858510
Q78918	6000000082848042130
Q789182	6000000039080278266
Q78918356	6000000008844744393
Q78919	6000000088522921977
Q78926	6000000124378007878
Q78928	6000000039655708947
Q78929	6000000020765969756
Q78936	6000000009004796402
Q78937	6000000178426160830
Q7893787	6000000008051622514
Q78938	6000000014812370317
Q78939	6000000016432226010
Q78939712	6000000095057734068
Q78940	6000000014578696454
Q78941	6000000061500952242
Q789411	6000000098177776134
Q789441	6000000002115624076
Q789452	6000000017316568812
Q789454	6000000017316890402
Q789456	6000000017316245982
Q789491	6000000105416588006
Q78951	6000000013487341240
Q78958	6000000166433167896
Q789587	6000000033190884871
Q789615	6000000016596541645
Q78966	6000000013899977392
Q789665	6000000024907694590
Q789670	6000000016576899981
Q789674	6000000058703931292
Q78969	6000000149955932904
Q78970	6000000052286351897
Q78971	6000000031047875850
Q78971665	6000000011222756314
Q78972	6000000019441033352
Q7897214	6000000009051854668
Q7897216	6000000029422690276
Q78976	6000000060331831905
Q78977	6000000071224799824
Q789770	6000000015822728087
Q7897739	6000000122646477842
Q7897879	6000000001186185800
Q789810	6000000183390064823
Q789817	6000000022685256168
Q789819	6000000178689952827
Q789820	6000000032842372871
Q78983	4939733313430028504
Q78984	6000000072823325999
Q789846	4535813836170124267
Q78986	6000000070289881539
Q78988	6000000058028888999
Q78989	6000000106253165905
Q78989265	6000000012696347403
Q789898	6000000011732608193
Q78990	6000000180900820848
Q789905	6000000063544133827
Q78991	6000000002686415706
Q78992	6000000077755121307
Q789922	6000000164896460911
Q789930	6000000029329061222
Q78993612	6000000048411996936
Q7899386	6000000008603457717
Q7899919	6000000013664208622
Q7899928	6000000013664355781
Q79000	6000000015464116707
Q790001	367633203940005134
Q79001	6000000019391624911
Q79002	6000000128479819956
Q7900243	6000000009544950524
Q7900307	6000000018363547153
Q790032	6000000033850938905
Q79003647	6000000078004753647
Q790048	6000000002102528745
Q79005	6000000079155541909
Q7900557	6000000024079093434
Q7900594	6000000112952993040
Q79006	6000000077470480522
Q7900659	6000000024579924483
Q7900727	6000000004648983484
Q790077	6000000016310772368
Q79008	6000000098105463062
Q79009	6000000041212215513
Q79009396	6000000034103527209
Q79011	6000000022161919465
Q7901219	6000000014631415198
Q7901249	6000000011172127399
Q7901257	6000000044273569146
Q7901264	6000000002892208911
Q7901271	6000000040473914146
Q790134	6000000064785105983
Q790135	6000000064757962855
Q790148	6000000040506129868
Q790165	6000000044010706365
Q79017	6000000013414438063
Q79018	6000000070196452998
Q79019	6000000016049949560
Q7901993	6000000012432380163
Q7902027	6000000038597046436
Q7902145	6000000012432704948
Q790247	6000000043457716186
Q79025	345802797120011834
Q79026	6000000068806199882
Q79027	6000000178567369837
Q7902792	6000000002074487077
Q79028771	6000000143183587952
Q79029	6000000015652301113
Q79034	6000000026797842467
Q79035	6000000020895104784
Q790356	6000000091238888322
Q79036	6000000020062144153
Q790361	6000000088803652980
Q790362	6000000088807414941
Q79038	6000000019285693212
Q79043	6000000111801335871
Q7904384	6000000072737990042
Q79044	6000000007330342876
Q79045	6000000005604720771
Q79047857	6000000000285391450
Q790501	6000000082914355940
Q790504	6000000008355055834
Q79052	6000000068348426877
Q7905286	6000000004644725995
Q79054	6000000002188412021
Q790555	6000000088015043826
Q790561	6000000088014865949
Q7905784	6000000042420618526
Q7906034	6000000033210108670
Q79060917	6000000092673712304
Q79062	6000000017710803516
Q79062141	6000000017181174954
Q79063517	6000000047906412873
Q79065	6000000008389293234
Q79065058	6000000047906797943
Q79066242	6000000006823978302
Q79067	6000000017152211316
Q79069	6000000024852459208
Q790707	6000000016618451509
Q79072	6000000020720157175
Q790733	6000000013367518263
Q790735	6000000083309867893
Q79073644	4309963428220039964
Q79074470	6000000010007386461
Q79076062	6000000017065206868
Q79076309	6000000017065681052
Q79077	6000000000402282367
Q79078	6000000000523637899
Q79080	6000000004194864371
Q79080967	6000000005079851364
Q79081	6000000182083878839
Q79081874	6000000040028675398
Q79083	6000000016276022613
Q790847	6000000030026549949
Q79085	6000000050823449977
Q790852	6000000125171064821
Q790856	6000000104572968840
Q790861	6000000066597625004
Q790862	6000000066598539881
Q7908670	6000000008547930241
Q7908764	6000000047033066842
Q79090	6000000064795974822
Q7909061	6000000016951479506
Q790908	6000000117994952885
Q7909083	6000000053393803846
Q790909	6000000087706135834
Q79091	6000000027066870403
Q7909116	6000000025541200816
Q7909132	6000000023250770857
Q79093	6000000039366608536
Q7909309	6000000001180079098
Q7909315	6000000025307000223
Q7909377	6000000001179038533
Q79094	6000000083906740503
Q79097179	6000000115189051925
Q79101	6000000016216051342
Q79101634	6000000023820399690
Q79102	6000000020388812744
Q791022	6000000014960459760
Q791028	6000000113874361032
Q791031	6000000080766080844
Q791040	6000000113875182044
Q791043	6000000118602787856
Q7910726	6000000004105291281
Q7910732	6000000175935474868
Q7910828	6000000058017334938
Q79109	6000000010121884523
Q7910928	6000000010501660081
Q7910930	6000000019540838511
Q7910936	6000000012227736567
Q7910940	6000000017050815246
Q7910942	6000000014662417704
Q7910944	6000000023028932239
Q7910945	6000000009912607425
Q7910946	6000000023028638040
Q7910969	6000000001075358103
Q7910977	6000000013390165292
Q7910977	6000000079784382994
Q7910985	6000000149427024825
Q7910986	6000000054180073094
Q7910987	6000000024757921862
Q7911001	6000000023731344585
Q79111	6000000080176197914
Q7911264	6000000023043356997
Q7911276	6000000078073235884
Q79116	6000000052190163888
Q79118340	6000000004215802367
Q79119	6000000016450676659
Q791194	6000000085545865822
Q79121971	6000000004261428514
Q79123	6000000020531013352
Q7912510	6000000039563634620
Q79126	6000000118389140844
Q79127	6000000020807702284
Q79130	6000000010401468317
Q791333	6000000095688437387
Q7913436	6000000069333381885
Q791344	4159300801160125074
Q7913494	6000000041830662475
Q79135	6000000020250138554
Q7913722	6000000023544675952
Q79138	6000000070512963821
Q791380	6000000010591373747
Q791381	6000000010860495765
Q791382	6000000010725193913
Q791384	6000000015252885631
Q791385	6000000021293673082
Q791386	6000000017016532982
Q791388	6000000016464913249
Q79139	6000000038767727825
Q791393	6000000089596749921
Q791394	6000000010383426311
Q791399	6000000016306302893
Q791400	6000000104512605909
Q7914018	6000000032677883345
Q7914046	6000000025968770233
Q7914053	6000000001324265741
Q7914575	6000000019468212250
Q79147	6000000015513240607
Q7914708	6000000079886503841
Q791472	6000000030004603817
Q79148	6000000016388849943
Q791494	6000000015308702472
Q791496	6000000015308234527
Q791499	6000000014034787063
Q79151	6000000042132956104
Q791512	6000000084524154049
Q791575	6000000077975377942
Q79159051	6000000007043117186
Q79161746	6000000007043086065
Q79163	6000000000309833014
Q79163190	6000000011069513246
Q79164349	6000000043696200873
Q7916493	6000000027437737654
Q79165	6000000058156738488
Q7916847	6000000083724649079
Q79169	6000000035317057341
Q79171	6000000011989165269
Q79171478	4118894857170122230
Q79172	6000000012400642613
Q79172718	6000000003339866247
Q7917288	6000000051201625833
Q79173087	6000000010340816377
Q79173778	6000000003918704977
Q79174	6000000101498611851
Q79174469	6000000076255804840
Q791745	6000000012800211246
Q79174868	6000000071750227496
Q79177	6000000007014484044
Q79178	6000000025309726292
Q79179	6000000008889666845
Q79181	6000000016450882032
Q79183	6000000060292484837
Q791841	6000000047536742899
Q791843	6000000000071969323
Q79186	6000000026904456017
Q7918640	6000000174789785646
Q7918653	6000000016964196091
Q7919199	6000000002372866242
Q7919371	6000000006563240087
Q791961	6000000024514303225
Q791963	6000000026407421388
Q7919660	6000000040295065455
Q7919720	6000000006427911475
Q791977	6000000012641143269
Q791993	6000000175864129853
Q79200195	6000000011158621359
Q7920612	6000000179004627829
Q792065	6000000086952573839
Q7920794	6000000020930919375
Q792080	6000000051167968863
Q7920829	6000000185507889915
Q7920835	6000000009996744524
Q792097	6000000133599346863
Q792106	6000000091058298821
Q792108	6000000086733502051
Q792112	6000000037511267904
Q792115	6000000018580760496
Q7921177	6000000002188477337
Q7921180	6000000009590813829
Q7921181	6000000011518716994
Q7921184	6000000026636089804
Q7921187	6000000007879080762
Q7921188	6000000010317911445
Q792152	6000000002449684722
Q792159	6000000001409946910
Q7921906	6000000180813706823
Q7921910	6000000069289819821
Q7921973	6000000145724843821
Q7921979	6000000019055313156
Q7921997	6000000041930200550
Q792205	6000000017430262394
Q7922059	6000000012676861805
Q7922093	6000000076664424066
Q7922116	6000000027146249781
Q7922129	6000000007220230425
Q7922142	6000000017905950959
Q7922159	6000000029119374695
Q7922179	6000000021224455643
Q7922215	6000000077690679266
Q7922230	6000000024296776254
Q7922400	6000000008707081464
Q7922410	6000000031038807205
Q7922415	6000000107928921866
Q792249	6000000004146415005
Q7922530	308566509870004357
Q792262	6000000016191798904
Q792278	6000000040150807962
Q792307	6000000017999766001
Q7923274	6000000035116204256
Q7923384	6000000017649237173
Q79234263	6000000017225392287
Q79235414	6000000076665248984
Q79235540	6000000022948932007
Q7923753	6000000003363066375
Q792377	6000000182085928872
Q792378	6000000172942744376
Q792401	6000000151342305128
Q792404	5562884832560109160
Q79240781	6000000032001053469
Q792420	6000000000075623278
Q792445	6000000003891099652
Q792450	6000000012898629870
Q79245456	6000000053724935111
Q7924726	6000000035177606806
Q7924984	6000000051282462859
Q7924986	6000000008044272303
Q79250714	6000000002345990275
Q79252034	6000000003274166383
Q7925366	6000000024460388305
Q7925468	6000000026101917672
Q7925640	6000000010321470432
Q7925671	6000000019247052551
Q7925674	6000000048897463939
Q7925727	6000000001341297386
Q7925736	4199545519770061972
Q7925756	6000000012094954794
Q7925809	6000000046303000239
Q7925889	6000000006009787011
Q7925900	6000000012652343592
Q7925913	6000000179312412832
Q7925924	6000000010241848632
Q7925955	6000000009763317803
Q7925984	6000000002898234820
Q7925992	6000000009976029925
Q7926063	6000000009341841770
Q7926099	6000000018775269671
Q7926162	6000000036231713369
Q7926166	6000000025497509220
Q7926168	6000000010240790691
Q7926185	6000000058378512904
Q7926205	6000000006882079233
Q7926210	6000000056809023865
Q7926245	6000000173000198086
Q7926249	6000000095399918893
Q7926263	6000000025718353866
Q7926285	6000000007132481088
Q7926316	6000000003987393516
Q7926352	6000000000113041003
Q7926362	6000000011314439651
Q7926367	6000000002831290585
Q7926375	6000000011550941640
Q7926393	6000000174835848206
Q7926420	6000000055531682970
Q7926441	6000000042341972352
Q7926443	6000000013054191295
Q7926485	6000000015702173645
Q7926575	6000000042554692292
Q7926592	6000000008025489845
Q79266596	6000000009774984834
Q7926735	6000000013310782376
Q7926816	6000000002893751764
Q792685	6000000183848307844
Q7926996	6000000003220630040
Q7927021	6000000009615495538
Q7927090	6000000109254072888
Q7927132	6000000015199065657
Q79273216	6000000022541653943
Q792736	6000000025833765498
Q792738	6000000025833890380
Q79274189	3737130
Q792744	6000000025834168710
Q7927461	6000000117771463825
Q79275484	6000000000029562574
Q7927639	6000000009285212265
Q7927647	6000000052250179236
Q792765	6000000007226102011
Q792770	6000000043066124397
Q79278024	6000000001180355994
Q792782	6000000043066296099
Q79280923	6000000024757957930
Q7928109	6000000014384114098
Q7928119	6000000019193614317
Q792829	6000000028356759218
Q79286184	6000000028663138933
Q792876	6000000177247041866
Q792878	6000000014288727038
Q7928938	6000000020003041329
Q7928940	6000000080265278860
Q792910	6000000029161398227
Q792911	6000000073752945479
Q79292112	6000000028663081976
Q792942	6000000176913716867
Q79294358	6000000017926249921
Q792949	6000000177135603822
Q79295648	6000000009549531483
Q79295840	6000000031300679797
Q792959	6000000091206161052
Q7929625	6000000040486548009
Q7929644	6000000180951416848
Q792966	6000000008569001101
Q7929677	6000000008418533482
Q7929683	6000000101463064023
Q7929690	6000000008355706174
Q792976	6000000015701539112
Q7929761	6000000007743102779
Q7929848	6000000104599530847
Q7929895	6000000000844734094
Q7929910	6000000004097377441
Q79300304	6000000002640085377
Q79301	6000000136786325170
Q7930172	6000000034607664785
Q7930175	6000000000766367651
Q7930181	6000000001449508391
Q7930182	6000000012679695505
Q7930183	6000000019170416512
Q7930185	6000000010562611221
Q7930193	6000000070863005512
Q7930196	6000000132003337831
Q7930197	6000000084399458921
Q7930199	6000000014947607411
Q7930229	6000000025343784878
Q79305743	6000000003318310692
Q793062	6000000007273312619
Q793064	6000000004592999728
Q79306686	6000000020322397030
Q79306686	6000000047906552085
Q79307303	6000000047906699979
Q79307846	6000000003579064032
Q7930995	6000000012642130688
Q7931015	6000000012642290240
Q79310584	6000000005572469979
Q793109	6000000078367323269
Q7931142	6000000051862701014
Q7931158	6000000014893939715
Q79311706	6000000012352531357
Q793118	6000000024909227346
Q793121	6000000017787153235
Q793122	6000000017263636331
Q7931247	6000000064010835426
Q7931456	6000000167785676875
Q7931464	6000000111903874935
Q7931482	6000000009804809644
Q7931563	6000000178788270832
Q7931663	6000000002898215887
Q7931731	6000000009358399539
Q7931767	6000000030307919081
Q7931835	6000000004354840490
Q7931926	6000000032030633108
Q7931988	6000000041949029160
Q7932064	6000000121847364878
Q79320762	6000000206682467872
Q7932088	6000000021050047569
Q7932102	6000000033821605673
Q7932118	6000000003891652417
Q7932128	6000000024145311158
Q7932186	6000000106744154830
Q793223	6000000078489467035
Q7932232	6000000002348865546
Q7932250	6000000079501666236
Q793226	6000000034551984734
Q793227	6000000007271599482
Q793244	6000000182941772878
Q7932606	6000000024278321620
Q7932665	6000000155526052837
Q793268	6000000007913416516
Q793272	6000000061377056896
Q7932791	6000000008441471970
Q79329428	6000000022530721700
Q7933005	6000000011172016465
Q7933011	6000000182608413145
Q7933013	6000000064865650872
Q7933017	6000000017220741420
Q7933019	6000000004868033062
Q7933038	6000000013965045034
Q7933039	6000000134053681955
Q7933044	6000000013819172720
Q79330751	6000000002534998317
Q79331530	6000000051872637775
Q79331551	6000000019468464626
Q7933213	6000000000889485217
Q7933226	6000000024284910846
Q7933237	6000000029605742151
Q7933242	6000000001877509222
Q7933260	6000000001396276371
Q7933266	6000000011342040284
Q7933267	6000000007922127197
Q7933268	6000000028070313557
Q7933294	6000000011798188541
Q7933415	6000000055975201838
Q793348	6000000020666529373
Q7933545	6000000065575578428
Q7933755	6000000096082353373
Q7933787	6000000003262460309
Q7933803	6000000019198222065
Q7933819	6000000000341441517
Q7933838	6000000053400038043
Q7933857	6000000180939890875
Q7933863	6000000011448774294
Q7934	6000000029988568603
Q7934157	6000000066092328240
Q7934194	6000000018924321296
Q7934198	6000000038439330316
Q7934267	6000000032531861329
Q7934280	6000000030850131070
Q7934290	6000000078723464057
Q7934292	6000000017848720059
Q7934349	6000000057022894149
Q7934394	6000000163846197963
Q7934412	6000000042513366960
Q793455	6000000169432022821
Q79346058	6000000031007086954
Q7934646	6000000037103251075
Q7934672	6000000018857101289
Q7934747	6000000021492005493
Q7934761	6000000026682478297
Q793496	6000000020055109130
Q79351936	6000000026905196445
Q79355553	6000000040371665206
Q793580	6000000004079619629
Q7935972	6000000003716136086
Q793615	327877457260007000
Q793616	299466839860007954
Q793620	6000000152337989855
Q793629	6000000094031374846
Q793649	6000000073119426901
Q79366247	6000000102530301870
Q793687	6000000004079625166
Q793689	6000000001525634002
Q793698	6000000013144162717
Q7937144	6000000151528600425
Q7937172	6000000182890918846
Q7937176	6000000014875016089
Q7937181	6000000020842509262
Q7937318	6000000016686009917
Q7937322	6000000166653870881
Q7937443	6000000018447632913
Q793754	6000000111155992953
Q793757	6000000079593953547
Q793762	6000000002478932400
Q7937695	6000000037746214427
Q7937736	6000000003681077019
Q7937738	6000000180969749821
Q7937740	6000000132587595910
Q7937743	6000000092667767074
Q7937744	6000000079113003057
Q7937751	6000000018899522001
Q7937775	6000000010135374861
Q793779	6000000037721315524
Q7937855	6000000030433080848
Q7937858	6000000012921981809
Q7938117	6000000126110714209
Q7938306	6000000015692280560
Q7938366	6000000031500340062
Q793838	6000000169818273222
Q793840	6000000147122286987
Q7938446	6000000001856868842
Q793850	6000000172065973984
Q79385422	6000000005604516048
Q7938607	6000000020987695977
Q793861	6000000016737702001
Q7938760	6000000056964047904
Q7938797	6000000105863916060
Q793880	6000000016737440095
Q7938804	6000000024080795287
Q7938823	6000000145772735895
Q7938846	6000000000632843690
Q7938856	6000000065173422180
Q7938945	6000000012458923511
Q79389972	6000000018089218740
Q793915	4305870621570068776
Q793932	6000000001843200107
Q7939362	6000000017962500596
Q7939370	6000000065904611880
Q793942	6000000010582398780
Q793948	6000000179920987880
Q793966	6000000018498495054
Q79397466	6000000114267593046
Q7939860	6000000023090883886
Q7939870	6000000085159333892
Q794004	6000000070658825838
Q794013	6000000145873502033
Q79403463	6000000022486816283
Q7940515	6000000172683181146
Q7940521	6000000177949583844
Q7940538	6000000223634517943
Q7940542	6000000223634820847
Q7940549	6000000018047351502
Q7940553	6000000051112153882
Q7940578	6000000017743533157
Q7940581	6000000017218267892
Q7940620	6000000168185737117
Q7940641	6000000076289178075
Q7940665	6000000105924215865
Q7940687	6000000177119618888
Q7940730	6000000080129998823
Q7940741	6000000048260714827
Q7940775	6000000173200920992
Q7940789	6000000194593185824
Q7940790	6000000019965974277
Q7940800	6000000177869411839
Q79409113	6000000033511318023
Q7940924	6000000114234657850
Q7940927	6000000022746635075
Q7940936	6000000088712998001
Q7940991	6000000010164151275
Q7941059	6000000180409298856
Q7941070	6000000177848248883
Q7941114	6000000039254431437
Q7941126	6000000015311779948
Q7941207	6000000039256022350
Q7941278	6000000004042011782
Q794154	6000000041874688372
Q7941567	6000000084320563901
Q7941573	6000000107719228103
Q7941642	6000000064196059979
Q79417128	6000000022098213992
Q7941734	6000000009492115664
Q794174	6000000013791228169
Q794175	6000000013744074259
Q794176	6000000014937483097
Q7941763	6000000078083299923
Q7941780	6000000022969641059
Q794180	6000000016468822954
Q794181	6000000016282836650
Q794184	6000000015933534081
Q794185	6000000012387242298
Q7941896	5198749952600021327
Q7941916	6000000022969662975
Q7941921	6000000002726081562
Q7941926	6000000002726349573
Q794195	6000000042272754403
Q794196	6000000012430878636
Q79419670	6000000021413323987
Q7942022	6000000010141837232
Q7942025	6000000077553317038
Q7942035	6000000180209751891
Q7942047	6000000150942819951
Q7942056	6000000037909613028
Q794208	6000000013494829635
Q7942087	6000000182245522869
Q794211	6000000066656789988
Q794215	6000000008961665337
Q7942154	6000000100263224861
Q7942189	6000000026533807924
Q7942195	6000000062076424826
Q7942211	6000000042026719522
Q7942266	6000000088668144829
Q794231	478454
Q7942330	6000000131764480895
Q7942346	6000000092271891840
Q7942385	6000000001318314509
Q7942396	6000000002223622142
Q7942509	6000000156112739851
Q7942655	6000000064757542289
Q7942672	6000000088948042114
Q7942733	6000000030772162866
Q7942797	6000000141955113835
Q7942829	6000000004968007680
Q7942867	6000000025770976085
Q7942887	6000000000498427126
Q7942911	6000000022878414548
Q7942954	6000000011975806504
Q7942967	6000000029359111876
Q7942980	6000000078083839866
Q7943146	6000000013070657669
Q7943205	6000000014574873374
Q7943238	6000000015271671167
Q7943396	6000000041736683826
Q7943510	1333859
Q7943512	6000000020638536269
Q794359	6000000050940033094
Q7943600	6000000089963449598
Q7943609	6000000006719731236
Q7943611	6000000042027416593
Q7943618	6000000172207612908
Q7943624	6000000035557441144
Q7943673	6000000084350684198
Q7943716	6000000000474046166
Q7943769	6000000156195564903
Q7943782	6000000073237199907
Q794385	6000000023527019118
Q7943906	6000000076380178891
Q794391	6000000023527089859
Q794393	6000000028366839900
Q7943955	6000000030953892793
Q7943962	6000000089712014939
Q7943986	6000000002384881180
Q794399	6000000068216745149
Q7944009	6000000018868273304
Q7944010	6000000025771710525
Q794402	6000000012638805674
Q7944039	6000000039815689990
Q7944073	6000000003253552214
Q7944075	6000000015579717619
Q7944100	6000000082583157849
Q7944103	6000000018311793727
Q7944109	6000000054566762979
Q7944129	6000000055053627833
Q7944156	6000000179275271838
Q7944157	6000000003273343054
Q7944166	6000000085819708857
Q7944167	6000000012247162751
Q7944181	6000000002070505176
Q7944186	6000000022618980142
Q7944203	6000000001770367591
Q7944222	6000000077991290521
Q7944257	6000000183931832834
Q7944264	6000000089732071868
Q7944315	6000000044224771647
Q7944320	6000000174367775824
Q794437	6000000089556715952
Q7944373	6000000182206964827
Q7944382	6000000169305602877
Q7944444	6000000043759974826
Q794447	6000000027031546677
Q7944472	6000000007560178137
Q7944505	6000000000263152612
Q7944508	6000000060131079669
Q794452	6000000014100784994
Q794453	6000000027031496410
Q7944534	5512551040120059993
Q7944576	4819881695830126301
Q794460	6000000027033061071
Q7944606	4930694927580122998
Q794461	6000000006191949285
Q7944610	6000000025708636471
Q7944611	6000000024773451345
Q794463	6000000083013977449
Q79447088	6000000028583427071
Q7944710	6000000025079593014
Q7944737	4220237365780066711
Q7944794	6000000177428558821
Q7944820	6000000034561433062
Q7944862	6000000179924037841
Q79448754	6000000114843313893
Q79451149	6000000084228551904
Q7945239	6000000010714656789
Q7945281	6000000166534974826
Q7945435	6000000013425824316
Q7945438	6000000011626000994
Q7945490	6000000028456393532
Q7945588	6000000014749699133
Q7945593	6000000135269773821
Q7945599	6000000043699039170
Q7945601	6000000026611178176
Q7945623	6000000088062143933
Q7945639	6000000012892858388
Q79456855	6000000163490040834
Q7945689	6000000042048950824
Q7945712	6000000031892432862
Q7945759	6000000047246237254
Q7945813	6000000047864267022
Q7945843	6000000019469315031
Q7945859	6000000027452778468
Q7945991	6000000009626711346
Q7946054	6000000010851532389
Q794637	6000000147104604126
Q794649	6000000002764344756
Q794734	6000000026710676279
Q79478536	6000000010593705897
Q79478567	6000000041793760922
Q79479417	6000000012332699577
Q794871	6000000000606632310
Q79488886	6000000003274531477
Q794962	6000000020387356573
Q795012	6000000017649990078
Q79501966	6000000132465951413
Q795022	6000000048356363013
Q795050	6000000015741767228
Q795100	6000000048356679886
Q79510644	6000000127095822029
Q795117	6000000000628798048
Q79518388	6000000022125843215
Q795186	6000000104193348821
Q795187	6000000013237123137
Q795199	6000000022821672045
Q795201	6000000022512193459
Q795202	6000000031822856158
Q795219	6000000085770862952
Q7952676	6000000022627448368
Q795288	6000000073204228237
Q795335	6000000015383338775
Q795352	4065067890080050424
Q795616	6000000053111087982
Q79572091	6000000029640349667
Q7958886	6000000008763522519
Q7958902	6000000003273343036
Q7958983	6000000194644154903
Q7959096	6000000010228887909
Q7959193	6000000004571308983
Q7959334	6000000017115604311
Q7959542	6000000178948940850
Q795959	6000000134758545923
Q7959805	6000000006412875915
Q7959940	366512516090004821
Q79603748	6000000004591202845
Q79603748	6000000012737331692
Q79604227	6000000027146059014
Q796061	6000000008258244521
Q7960650	6000000046565642917
Q7960651	6000000007961957260
Q796122	6000000003003851646
Q7961314	6000000010695746781
Q7961397	6000000000298600603
Q7961400	6000000076216681248
Q7961412	6000000000031452618
Q7961440	6000000001360667160
Q79615688	6000000172583425109
Q796215	6000000014072372441
Q7962221	6000000018870578425
Q7962239	6000000003403174189
Q7962251	6000000006236129817
Q7962256	6000000008761573782
Q7962256	6000000196594438836
Q796226	6000000084200007340
Q7962273	6000000013386460524
Q7962287	6000000055296828195
Q7962305	6000000003027536357
Q79626519	6000000122545320886
Q79626745	6000000122545320895
Q79627052	6000000004212867023
Q79627147	6000000005366673011
Q79627328	6000000013999717039
Q7962743	6000000178426717825
Q79627430	6000000005769349357
Q79627474	6000000005361570882
Q7962751	6000000177485677823
Q79627521	6000000005769176680
Q79627576	6000000005367126036
Q79627762	6000000005367355012
Q7962791	6000000174090391190
Q7962813	6000000145852032948
Q7962816	6000000020386708344
Q79628180	6000000004212695602
Q79628279	6000000004212806638
Q7962828	6000000083628881331
Q7962836	6000000007755775894
Q79628425	6000000119316928837
Q79628433	6000000005757567584
Q79628450	6000000004212598919
Q7962848	6000000007306401439
Q7962849	6000000136675987822
Q79628576	6000000005757564518
Q79628580	6000000004212761686
Q7962862	6000000033305756998
Q79628667	6000000005757535615
Q79628727	6000000044528729986
Q79628746	6000000004212720543
Q7962875	6000000060812261822
Q79628791	6000000005757662471
Q7962881	6000000001915792225
Q79628845	6000000040949189816
Q79628912	6000000005757823270
Q79628943	6000000040949180764
Q79629010	6000000005757973056
Q7962902	6000000183308620827
Q79629061	6000000005758019119
Q7962912	6000000056318167906
Q79629225	6000000021465301321
Q7962927	6000000036709916017
Q79629422	6000000116552757826
Q79629460	6000000119315748952
Q79629599	6000000019949654024
Q79629674	6000000019949678098
Q79629704	6000000014597487231
Q79629794	6000000116553172858
Q79629861	6000000116553172863
Q79629975	6000000116553172868
Q79630051	6000000116553172873
Q79630052	6000000008010894509
Q79630091	6000000116553172878
Q79630142	6000000019948919871
Q79630165	6000000025426428706
Q79630177	6000000116553172884
Q79630234	6000000116551798895
Q79630256	6000000116553172889
Q79630396	6000000121198711006
Q79630424	6000000116553172895
Q79630456	6000000019949298897
Q79630487	6000000121199329846
Q79630644	6000000119315136093
Q79630650	6000000116551798901
Q79630808	6000000019949742464
Q79630822	6000000121199361832
Q79630902	6000000006335002075
Q79630929	6000000019949967277
Q79631034	6000000121199079892
Q79631041	6000000019949049485
Q79631168	6000000019949442876
Q79631189	6000000119351169853
Q79631260	6000000050078017373
Q7963129	6000000112337374828
Q79631526	6000000073225674877
Q79631558	6000000116551798923
Q79631559	6000000019948132402
Q79631579	6000000003491100953
Q79631601	6000000116551798965
Q79631604	6000000019947931592
Q79631643	6000000116551798960
Q79631656	6000000003491224777
Q79631694	6000000003491253610
Q79631697	6000000116551798928
Q79631709	6000000043792105240
Q79631783	6000000116551798934
Q79631792	6000000003491237545
Q79631807	6000000040949686895
Q79631818	6000000003122667490
Q79631915	6000000003491284377
Q79631928	6000000116551798939
Q79631934	6000000003491176362
Q79631955	6000000116551658075
Q79631958	6000000008088630636
Q79631971	6000000116551705939
Q79631973	6000000116551798944
Q79632029	6000000019949444948
Q79632057	6000000014534743082
Q79632079	6000000015443467865
Q79632087	6000000116551798950
Q79632109	6000000014785399908
Q79632167	6000000019949936168
Q79632313	6000000125641538826
Q79632400	6000000025386269449
Q79632422	6000000125641494148
Q79632998	5654401646010066247
Q7963303	6000000004372107399
Q79633161	6000000119357464837
Q79633536	6000000006987245209
Q79633561	6000000003442553998
Q7963364	6000000014895300844
Q7963365	6000000072074892311
Q79634014	6000000124271081443
Q79634115	6000000023738618235
Q7963418	6000000048939501926
Q7963442	6000000000281233421
Q7963455	6000000179326797844
Q7963459	6000000017277923158
Q79634649	6000000125769054845
Q79635181	6000000116551798955
Q79635188	6000000014597266051
Q79635372	6000000125860454894
Q79635498	6000000125860976821
Q79635637	6000000125860999846
Q79635680	6000000020899266821
Q79635700	6000000014189101115
Q79636022	6000000002885176507
Q79636036	6000000108916495962
Q79636070	6000000127590333947
Q79636191	6000000025425962810
Q79636203	6000000127590553970
Q79636216	6000000125861293875
Q79636226	6000000014190706065
Q79636325	6000000127590734961
Q79636334	6000000125861619857
Q79636472	6000000108916496000
Q79636511	6000000127591347887
Q79636543	6000000125865666931
Q79636554	6000000011558062980
Q79636658	6000000127592220835
Q79636808	6000000014189288400
Q79636918	6000000025414217009
Q79636953	6000000014189177752
Q79636983	6000000014189006830
Q79637066	6000000025413972601
Q79637069	6000000014189308260
Q79637090	5654383393120056194
Q79637102	6000000125866401856
Q79637121	6000000057248328062
Q79637206	6000000014189275492
Q79637216	6000000125866629847
Q79637241	6000000014189920393
Q79637571	6000000014189871609
Q79637809	6000000011436484286
Q79637885	6000000025426907908
Q79638118	6000000078934463961
Q79638302	6000000014190455704
Q79638495	6000000014189345187
Q79638578	6000000017688376050
Q79638650	6000000078934116122
Q79638694	6000000043575593833
Q79639061	6000000078933492640
Q79639322	6000000014190539489
Q79639403	6000000025414265931
Q79639455	6000000019777417593
Q79639828	6000000014190232900
Q79639942	6000000019777557465
Q79640051	6000000014190609114
Q79640064	6000000014190306932
Q79640174	6000000014534330702
Q79640656	6000000014190331899
Q79641142	6000000014190373467
Q79641335	6000000014189491048
Q79641563	6000000014190099756
Q7964180	6000000141354098837
Q79641803	6000000014189435477
Q7964184	6000000003650750078
Q7964186	6000000000658926253
Q7964187	6000000020610631792
Q7964189	6000000029401609519
Q79642058	6000000014190474084
Q79642189	6000000014189876183
Q7964226	6000000010810236467
Q7964240	6000000017648509052
Q79642401	6000000014189401969
Q7964249	6000000020235972862
Q79642518	6000000025425559646
Q7964256	6000000015478299248
Q79642601	6000000010694843415
Q79642614	6000000079282412247
Q7964263	6000000085572786890
Q79642634	6000000014189903087
Q79642656	6000000079282181366
Q79642660	6000000079282642139
Q79642720	6000000014189518069
Q79642761	6000000079282133611
Q79642762	6000000025426163298
Q7964282	6000000025808930525
Q79642877	6000000014496424420
Q79642888	6000000014190427475
Q7964302	6000000017385254836
Q79643028	6000000014189517188
Q79643047	6000000010664023994
Q7964305	6000000072388985156
Q7964306	6000000138566036975
Q79643108	6000000014189512715
Q79643120	6000000010664584603
Q79643203	6000000014189932246
Q7964321	6000000002766864089
Q7964322	6000000002172626675
Q7964324	6000000005751667022
Q79643250	6000000025426137328
Q79643302	6000000014190009029
Q79643315	6000000025426275241
Q79643423	6000000025425938428
Q79643503	6000000014189965391
Q79643585	6000000025425687617
Q79643598	6000000014189933593
Q79643665	6000000079283020997
Q79643679	6000000014189771958
Q79643715	6000000025426132349
Q7964375	6000000034546023431
Q7964376	6000000044119882942
Q7964379	6000000014049309847
Q79643847	6000000079282945986
Q79643850	6000000079282869161
Q79643869	6000000014496515178
Q79643884	6000000079283135831
Q79643993	6000000014585792269
Q79644014	6000000079283162915
Q79644092	6000000014189899193
Q79644166	6000000079283168886
Q7964423	6000000050608447256
Q79644239	6000000025426422900
Q79644260	6000000014585876105
Q79644264	6000000014190429619
Q79644311	6000000079282133776
Q79644365	6000000025426395126
Q7964441	6000000017798275275
Q7964442	6000000017802587399
Q79644420	6000000079282982087
Q7964444	6000000015759149744
Q79644448	6000000014496534180
Q79644466	6000000014190265573
Q7964475	6000000011524521302
Q7964482	6000000186685081832
Q7964484	6000000179281245871
Q7964485	6000000015509915070
Q7964487	6000000012964842483
Q7964493	6000000019096681603
Q7964527	6000000006102647080
Q7964529	6000000013430411499
Q7964535	6000000010888515431
Q7964543	6000000025489121257
Q7964544	6000000030132455853
Q7964545	6000000020893487899
Q7964551	4865436065610056424
Q7964564	6000000000964590052
Q7964604	6000000000436519236
Q7964622	6000000002435344168
Q7964664	6000000087229228834
Q7964670	6000000044814942887
Q7964675	6000000016439000078
Q7964676	6000000003649715709
Q7964702	6000000033276084923
Q7964704	6000000007913928337
Q7964711	6000000042018193109
Q7964729	6000000076039059821
Q7964732	6000000013248953564
Q7964738	6000000165793315822
Q7964761	6000000013292568368
Q7964775	6000000019209901653
Q7964818	6000000000843331050
Q7964821	6000000014320075365
Q7964823	6000000039118739047
Q7964845	6000000012823903872
Q7964854	6000000019831098896
Q7964872	5168645194220119767
Q7964876	6000000095082168918
Q7964877	6000000025412156091
Q7964888	6000000046895257297
Q7964915	6000000084337493679
Q7964945	6000000008044462832
Q7964961	6000000024444119822
Q7965007	6000000028788872319
Q7965016	6000000025957882306
Q7965039	6000000013266056467
Q7965048	6000000104020469836
Q7965065	6000000023702134009
Q7965068	6000000077890870389
Q7965077	6000000176755522841
Q7965114	6000000002898234798
Q7965119	6000000019232495572
Q7965125	6000000036775554537
Q7965135	6000000026376757397
Q7965147	6000000116727731141
Q7965163	6000000010096195396
Q7965169	6000000056341568925
Q7965175	6000000008101434147
Q7965191	6000000004172548967
Q7965192	6000000003096428100
Q7965194	6000000006595096491
Q7965196	6000000019059118112
Q7965210	6000000042538457468
Q7965252	6000000016270412769
Q7965254	6000000019477399247
Q7965320	6000000047361789054
Q7965341	6000000006989833657
Q7965362	6000000061169598023
Q7965368	6000000011428310863
Q7965378	6000000038910369993
Q7965429	6000000027899034229
Q7965442	6000000032685225126
Q7965449	6000000020775384152
Q7965465	6000000006727907705
Q7965472	6000000069513483821
Q7965475	6000000011117636951
Q7965476	6000000006444748538
Q7965478	6000000011117898975
Q7965481	6000000002116025372
Q7965488	6000000042623242064
Q7965505	6000000007249708164
Q7965519	6000000006798000008
Q7965529	6000000017798267013
Q7965531	6000000047540222004
Q7965545	6000000068348527847
Q7965601	6000000018286210300
Q7965635	6000000007606840010
Q7965674	6000000027105247722
Q7965675	6000000000554220107
Q7965688	6000000007258201884
Q7965688	6000000173355637950
Q7965690	6000000014843201320
Q7965695	6000000019295625422
Q7965706	6000000006727520514
Q7965717	6000000017756538644
Q7965741	6000000020560044010
Q7965771	6000000183573652849
Q7965780	6000000002994557746
Q7965814	6000000002831295320
Q7965827	6000000029219873241
Q7965828	6000000172591809328
Q7965830	6000000023496536896
Q7965831	6000000052733977856
Q7965851	6000000201318046825
Q7965855	6000000008630274696
Q796586	6000000001471905062
Q7965867	6000000182743184864
Q796588	6000000010232166971
Q7965883	6000000020266235535
Q7965884	6000000026011843126
Q7965885	6000000020559241326
Q7965889	6000000000513595663
Q7965930	6000000094471470831
Q7965958	6000000012991444285
Q7965959	6000000006444392012
Q7966000	6000000001190689379
Q7966016	6000000027688433724
Q7966022	6000000011386252898
Q7966039	6000000081248267868
Q7966058	6000000004016496049
Q7966089	6000000000769880500
Q7966091	6000000037217837904
Q7966108	6000000015509793703
Q7966125	6000000021617629694
Q7966129	6000000002188551907
Q7966138	6000000180027335924
Q7966163	6000000152253769964
Q7966175	6000000010372572910
Q7966184	6000000000940404672
Q7966185	6000000031066969902
Q7966186	6000000024612858450
Q7966187	6000000152606409846
Q7966199	6000000019237973274
Q7966204	6000000019864969455
Q7966211	6000000176141310821
Q7966252	6000000003458078187
Q7966275	6000000000797616678
Q7966286	6000000015732855132
Q79662900	6000000003221166355
Q7966304	6000000001892699014
Q7966314	6000000083129716203
Q7966315	6000000077142786037
Q7966331	6000000176837165851
Q7966365	6000000002188551862
Q7966450	6000000017252847300
Q7966460	6000000023188087977
Q7966467	6000000021477239040
Q7966477	6000000002584037265
Q7966480	6000000054374413843
Q7966501	6000000009439705084
Q79665411	6000000016361822017
Q7966585	6000000082730609842
Q7966684	6000000061748665870
Q79666971	6000000016361511990
Q79669157	6000000040488048179
Q796700	6000000009240529494
Q7967130	6000000002236908037
Q7967152	6000000018117246030
Q7967244	6000000065195467898
Q7967626	6000000075406069870
Q7967692	6000000050750893005
Q79677338	6000000003147083589
Q79677354	6000000034217145834
Q7967749	6000000075326431821
Q7968984	6000000003022185032
Q7969039	6000000018739223141
Q7969040	6000000012534917567
Q7969049	6000000078341274580
Q7969055	6000000077062145933
Q7969067	6000000036672349216
Q7969448	6000000008481888834
Q7969731	6000000029183268395
Q7969733	6000000182264567919
Q7969753	6000000012892115118
Q7969776	6000000009735577613
Q7970006	6000000023033861060
Q7970018	6000000010528154693
Q797002	292357676790007526
Q7970025	5451799336440134956
Q7970068	2454220
Q7970069	6000000015713052421
Q7970112	6000000028206335094
Q7970162	6000000015915344215
Q7970186	6000000032695134521
Q7970187	6000000021477413166
Q7970196	6000000065225184897
Q7970201	6000000177403093821
Q7970252	6000000017414773019
Q7970279	6000000028088053452
Q7970355	6000000019884379410
Q7970381	6000000073409178898
Q7970405	6000000054076256869
Q7970414	6000000001449928695
Q7970432	6000000093707496892
Q7970438	6000000176549650853
Q7970444	6000000018096472117
Q7970600	6000000026843677836
Q79709416	6000000018164772400
Q7971140	6000000019937842935
Q7971159	6000000020125036441
Q7971166	6000000009825864960
Q7971437	6000000033815601376
Q79714591	6000000008427509777
Q7971666	6000000018045180579
Q7971707	6000000037451263692
Q7972042	6000000017926212433
Q7972188	6000000034466851197
Q7972348	6000000105255136562
Q7972519	6000000018779039964
Q7974117	6000000084726872881
Q7974680	6000000059533278960
Q79746910	6000000019096696613
Q7974838	6000000031028426967
Q79750608	6000000025499039548
Q797542	6000000010155433831
Q79756352	6000000085394460979
Q79759	6000000003152749583
Q7975925	6000000079744716050
Q7975927	6000000083789477018
Q7975961	6000000028813695939
Q7975962	6000000113062839180
Q7975968	5533749203280077451
Q7976088	6000000017616409548
Q7976115	6000000176036758849
Q7976280	6000000168661623023
Q7976308	6000000020328487691
Q7976390	6000000029347426373
Q7976453	6000000004117579285
Q797649	6000000017918256391
Q797650	6000000016766082922
Q797653	6000000031861816053
Q797662	6000000009944563600
Q797667	6000000089767572848
Q797695	6000000025013284045
Q797748	6000000012504499613
Q797817	6000000054129191962
Q79785663	6000000038367321236
Q7978650	6000000011289410048
Q79787194	6000000000044908634
Q7978796	6000000179033762839
Q79788644	6000000086427721839
Q79788646	6000000038357140779
Q79788649	6000000038357481267
Q7978886	6000000012677148040
Q7979350	6000000007561160334
Q79794256	6000000017451873402
Q7979737	6000000075334253845
Q7979751	6000000075406134877
Q7979755	6000000074758791278
Q7979788	6000000075405543192
Q7979789	6000000075345518838
Q798030	6000000156258386824
Q7980518	6000000021255114971
Q7980519	6000000021253803729
Q7980612	6000000013260663861
Q7981315	6000000056189790839
Q7981375	6000000026467169975
Q7981381	6000000085784720145
Q7981465	6000000041025005922
Q7981501	6000000014381849491
Q7981537	6000000046239918848
Q7981622	6000000017806545391
Q7981803	6000000022938631539
Q7982101	6000000035753386195
Q7982125	6000000029923738683
Q79822	6000000003823022272
Q7982440	5279109381960026054
Q7982445	6000000039813992985
Q7982464	6000000000963415603
Q7982467	6000000112525337833
Q79825742	6000000104320862873
Q7982777	6000000165995022961
Q7982829	6000000009542023829
Q7983008	6000000009665269226
Q7983009	6000000009934157724
Q7983012	6000000029678261029
Q7983020	6000000016270513153
Q7983024	6000000020908002446
Q7983414	6000000009364093446
Q7983422	6000000022643497356
Q7983531	6000000022178612312
Q7983604	6000000089275840893
Q7983676	6000000044286540926
Q7983732	6000000190931515833
Q7983940	6000000012859609223
Q7983952	6000000177171960897
Q7983955	6000000116222406822
Q7983983	6000000056341034230
Q7983988	6000000016476902130
Q7983992	6000000123494094911
Q79844301	6000000008295910682
Q79847880	6000000056413800874
Q798506	6000000012947414058
Q79851675	6000000165580792887
Q7985425	6000000063544384095
Q798651	6000000065713055822
Q798653	6000000045360016908
Q7987220	6000000017252802532
Q7987306	6000000013216839124
Q7987691	6000000012432957749
Q7988450	6000000019124325647
Q7989397	6000000019010086189
Q7989419	6000000033924090591
Q79899241	6000000054811839839
Q7989935	6000000006335779797
Q7990	6000000014131379071
Q79904	6000000022144267094
Q7990655	6000000001714810378
Q7990697	6000000013282845313
Q799090	6000000013000473430
Q799111	6000000145621659824
Q7991321	6000000075503389836
Q7991779	6000000013125834789
Q799200	6000000006291498858
Q7992167	6000000010120188228
Q7992329	6000000013908047430
Q7992338	6000000026779721249
Q79928707	6000000030500609901
Q7993752	6000000023265152893
Q7994108	6000000048496154847
Q79949017	6000000027915090477
Q799491	6000000018484109034
Q799510	6000000078669909863
Q7995226	6000000040682270292
Q799543	6000000048758674013
Q799550	6000000027816329399
Q79958035	6000000084843399944
Q7996	361294506280011622
Q7996028	6000000010550670075
Q7996129	6000000022940531541
Q7996400	6000000146618088867
Q79964155	6000000018713783240
Q7996418	6000000097359747840
Q7996615	6000000193340554822
Q7996625	6000000010801246887
Q7996626	6000000026607600814
Q7996716	6000000026887960045
Q7996753	6000000021718617260
Q79969	6000000011211831857
Q79972	6000000028418914022
Q79976133	6000000023431128924
Q799776	6000000177620920852
Q799817	6000000028260287518
Q79983	6000000017148299674
Q7998417	6000000008113622206
Q7998418	6000000055921142877
Q7998420	6000000020029527769
Q7999621	6000000014405322417
Q7999907	6000000032020782138
Q7999918	6000000006633510013
Q80	6000000020499748105
Q8000136	6000000041586942343
Q8000138	6000000013374171472
Q8000139	6000000005437672652
Q8000141	6000000005437672557
Q8000161	6000000137986710883
Q8000162	6000000176293226821
Q8000171	6000000126457983897
Q8000178	6000000078955734135
Q8000203	6000000177604658833
Q8000233	6000000047191452129
Q8000241	6000000009755194138
Q8000246	6000000026503271201
Q8000247	6000000120284824840
Q8000530	6000000001694898918
Q800090	6000000019764380026
Q800136	696711
Q80014803	6000000056944484994
Q8001737	6000000011399041630
Q80017577	6000000056690368027
Q8001760	6000000077610817122
Q8001764	6000000039390007032
Q8001805	6000000025865539339
Q8001847	6000000136779207990
Q8001859	6000000083635822243
Q8001895	4363580075020020639
Q8001940	6000000003687207529
Q8001942	6000000004993368776
Q8001976	6000000004867296806
Q8001983	6000000003111763416
Q80020126	6000000025511874594
Q8002040	6000000031498596397
Q8002082	6000000004953395105
Q8002086	6000000027874737921
Q8002102	6000000020936049154
Q8002120	6000000005440818188
Q8002131	6000000000527045870
Q8002132	6000000001236124149
Q8002148	6000000027763194636
Q8002178	6000000165201768886
Q8002219	6000000014958573302
Q8002254	6000000013474102992
Q8002260	6000000015615124912
Q8002276	6000000007635961014
Q8002287	6000000002793274666
Q8002305	6000000040107276002
Q8002307	6000000012693315327
Q8002327	6000000023921196672
Q8002333	6000000023525290777
Q8002342	6000000009362436989
Q8002362	6000000041385493104
Q8002368	6000000016301113548
Q8002522	6000000066641972824
Q8002765	6000000052974667877
Q8002867	6000000001062150296
Q8003	6000000030735448206
Q8003026	6000000082695564271
Q8003116	6000000181079850831
Q8003257	6000000014038481580
Q8003367	6000000013004785326
Q8003395	6000000014657246049
Q8003398	6000000197339967939
Q8003402	6000000001581972595
Q8003406	6000000136726293840
Q8003413	5245601358440065820
Q8003415	6000000015069039593
Q8003448	6000000032675120067
Q8003454	6000000017371510479
Q8003479	6000000000448776117
Q8003487	6000000048653175092
Q8003501	6000000027383932317
Q8003503	6000000029714336891
Q8003507	6000000001384608105
Q8003548	6000000014198364630
Q8003558	6000000059655487264
Q8003591	6000000019875842143
Q8003718	6000000003540569255
Q8003742	6000000020321093955
Q8003780	6000000047813828913
Q8003825	6000000145053247839
Q8003835	6000000000250993446
Q8003838	6000000018789267019
Q8003893	6000000017807048134
Q8003910	6000000042207487023
Q8003928	6000000034755697114
Q8003946	6000000012408302656
Q8003947	6000000011393146642
Q8003957	6000000042556980902
Q8004027	6000000179057976821
Q8004042	6000000012987705573
Q8004079	6000000028960168854
Q8004134	6000000016452165505
Q8004147	6000000003617622322
Q8004151	6000000016936351625
Q8004159	6000000014027617676
Q8004160	6000000026814818860
Q8004161	6000000039100798194
Q8004164	6000000001586671520
Q8004169	6000000129388061875
Q8004183	6000000054581157898
Q8004206	6000000001781668895
Q8004231	6000000012609060929
Q8004236	6000000033713314844
Q8004246	6000000002188939858
Q8004248	6000000031814041698
Q8004254	6000000013293523340
Q8004263	6000000011459393814
Q8004274	6000000034206280112
Q8004277	6000000106159995932
Q8004284	6000000008746095926
Q8004285	6000000058335059846
Q8004309	6000000024835663960
Q8004326	6000000205215763885
Q8004350	6000000010319079950
Q8004352	6000000023422334220
Q8004359	6000000057262088218
Q8004360	6000000059762154855
Q8004396	6000000046182291825
Q8004441	6000000040870163844
Q8004442	6000000012332127728
Q8004444	6000000007026439445
Q8004453	6000000084606564476
Q8004455	6000000019833814379
Q8004467	6000000012597301172
Q8004468	6000000012386203231
Q8004472	6000000012433249086
Q8004479	6000000024278310824
Q8004488	6000000027782815250
Q8004506	6000000060405280962
Q8004507	6000000012786920643
Q8004536	6000000027563395440
Q8004555	4603273010330055567
Q8004555	6000000008378705356
Q8004562	6000000072203793880
Q8004578	6000000202323623821
Q8004598	6000000038757526945
Q80046	6000000004101057773
Q8004609	6000000029762326950
Q8004616	6000000002265233825
Q8004673	6000000002577091308
Q8004682	6000000024621951981
Q8004686	6000000000636295436
Q8004688	5714324783940037282
Q8004690	6000000010306278656
Q8004693	6000000049531334908
Q8004697	6000000016433494639
Q8004698	6000000072072406875
Q8004702	6000000011427242134
Q8004703	6000000147752639346
Q8004708	6000000064131724932
Q8004714	6000000006256448708
Q8004715	6000000000652141145
Q8004724	6000000034244480899
Q8004729	6000000019716447584
Q8004730	6000000013349129289
Q8004749	6000000009888710721
Q8004782	6000000013230040527
Q8004783	6000000046298921107
Q80048	6000000010955309843
Q8004806	6000000023221599286
Q8004822	6000000042205413099
Q8004847	6000000074784640331
Q8004849	6000000012944119313
Q8004850	6000000030269682788
Q8004867	6000000025665094475
Q8004878	6000000015732271389
Q8004899	6000000009370041053
Q8004904	6000000013239376594
Q8004907	6000000184035989997
Q8004914	6000000015592160889
Q8004921	6000000016225941191
Q8004922	6000000002188526057
Q8004924	6000000002188536808
Q8004945	6000000003891015136
Q8004955	6000000016546034609
Q8004977	6000000136513183851
Q8004997	6000000159200357821
Q8005000	6000000047860928136
Q8005022	6000000064941265849
Q8005043	6000000007980690881
Q8005044	6000000040895016844
Q8005045	6000000147646811997
Q8005048	6000000002023685274
Q8005049	371447917020013189
Q8005058	6000000022183951107
Q8005070	6000000002276373329
Q8005074	6000000017275075951
Q8005077	6000000013250374225
Q8005079	6000000045137483842
Q8005082	6000000003128888370
Q8005116	6000000010963001302
Q8005118	6000000003486339125
Q8005144	6000000017264761444
Q8005147	6000000004590984511
Q8005153	6000000000241746636
Q8005154	6000000004554740795
Q8005157	6000000100801346622
Q8005171	6000000014374490633
Q8005189	6000000013422396236
Q8005198	6000000011487443781
Q8005205	6000000017024629012
Q8005213	6000000003937076882
Q8005223	6000000026997123144
Q8005225	6000000019212164750
Q8005255	6000000000669952206
Q8005295	6000000004868058336
Q8005320	6000000014213051852
Q8005321	6000000063433445996
Q8005357	6000000033264801310
Q8005359	6000000015149602774
Q8005361	6000000042607185343
Q8005435	6000000019619658114
Q8005441	6000000034014157013
Q8005453	6000000033457304044
Q8005475	6000000119329669831
Q8005480	6000000017108150751
Q8005497	6000000009826554233
Q8005500	6000000013507850158
Q8005503	6000000013507891232
Q8005508	6000000092793916923
Q8005536	6000000002663199329
Q8005572	224380
Q8005589	6000000001608881775
Q8005615	6000000031949032863
Q8005621	6000000097613263442
Q8005644	6000000011113605394
Q8005687	6000000004180326981
Q8005696	6000000078279574401
Q8005700	6000000003471669741
Q8005739	6000000013355752036
Q8005754	6000000008816040340
Q8005781	6000000076308293099
Q8005784	6000000086365243989
Q8005787	6000000011548085954
Q8005797	6000000038132608391
Q8005798	6000000018870823625
Q8005818	6000000012659747217
Q8005827	6000000014720281701
Q8005828	6000000000320675964
Q8005829	6000000006351378136
Q8005831	6000000176468116822
Q8005832	334110251620003405
Q8005851	6000000002116032074
Q8005858	6000000003146923310
Q8005867	6000000030156377761
Q8005893	6000000011263990299
Q8005901	6000000079616335968
Q8005909	6000000026216485229
Q8005913	6000000026390135835
Q8005940	6000000002024203690
Q8005950	6000000014053746421
Q8005966	6000000063447975139
Q8005968	6000000008269580611
Q8005969	6000000007441453401
Q8005976	6000000075854984835
Q8005984	6000000013313348411
Q8005986	6000000065205221844
Q8005994	6000000018465977933
Q8005998	6000000086164392006
Q8006030	6000000102793746956
Q8006068	6000000066449839843
Q8006073	6000000069156568867
Q8006077	6000000012390505839
Q8006086	5138984996060105295
Q8006096	6000000015992457401
Q8006100	6000000003210743392
Q8006104	6000000041433609556
Q8006111	6000000002272708764
Q8006114	6000000008369845185
Q8006121	6000000024285040566
Q8006135	6000000002905499637
Q8006170	6000000098278430081
Q8006174	6000000004538549464
Q8006176	6000000003221122382
Q8006177	6000000007021650798
Q8006178	6000000007131054823
Q8006194	6000000162893091821
Q8006204	6000000154948225832
Q8006213	6000000179288986822
Q8006222	6000000004570684217
Q8006223	6000000019485428069
Q8006227	6000000041585422924
Q8006232	6000000025836056655
Q8006241	6000000013760965942
Q8006248	6000000013300964956
Q8006250	6000000005394660879
Q8006254	6000000065689263832
Q8006271	6000000016543146620
Q8006320	6000000024464675614
Q8006334	6000000074180770102
Q8006344	6000000002507206376
Q8006366	6000000069488760910
Q8006383	6000000070985711116
Q8006387	6000000003453536044
Q80064	6000000006931171506
Q8006421	6000000003816765513
Q8006433	293027137140001495
Q8006441	6000000086735900972
Q8006488	6000000025693751454
Q8006499	6000000011471334465
Q8006525	6000000002717339725
Q8006557	6000000012640910200
Q8006578	6000000006713541159
Q8006618	6000000020343499521
Q8006619	6000000003017432989
Q8006623	6000000165597916830
Q8006629	6000000021584934234
Q8006641	337786262250013639
Q8006651	6000000033002474480
Q8006653	6000000006444183245
Q8006654	6000000005598803797
Q8006657	6000000007033607754
Q8006662	6000000030500379293
Q8006664	6000000024531428053
Q8006688	6000000035799457491
Q8006696	6000000002860860064
Q8006702	6000000018380277741
Q8006741	6000000014079200640
Q8006747	6000000000235989271
Q8006758	6000000006290291801
Q8006763	6000000010790360506
Q8006770	6000000020988589453
Q8006780	6000000019920130096
Q8006784	6000000082436144828
Q8006786	6000000010056609759
Q8006794	6000000164965803845
Q8006798	6000000003966465835
Q8006800	6000000026056170655
Q8006807	6000000004079761979
Q8006818	6000000119393794957
Q8006832	6000000027450197009
Q8006840	6000000013363567183
Q8006841	6000000084598345024
Q8006873	6000000000658258008
Q8006874	6000000015020745257
Q80069	6000000025313170994
Q8006910	5052529685690051496
Q8006927	6000000055595288964
Q8006948	6000000018242362572
Q8006950	5056536870260051189
Q8006966	6000000178404311858
Q8006970	6000000004868701661
Q8006971	6000000004868701670
Q8006984	6000000025739359114
Q8006991	6000000007169718282
Q8007	6000000013608925106
Q8007014	6000000015436172513
Q8007034	6000000009408939706
Q8007035	6000000001720326864
Q8007036	6000000008630269741
Q8007051	6000000007564351305
Q8007058	6000000083470602416
Q8007068	6000000061090661821
Q8007072	6000000016253305757
Q8007084	5331555675200085459
Q8007101	6000000042762522577
Q8007117	6000000008050755123
Q8007118	6000000013271279714
Q8007125	6000000037804434917
Q8007128	6000000004881711188
Q8007131	6000000026160323399
Q8007142	6000000003258087344
Q8007151	6000000015849836995
Q8007154	6000000026226440974
Q8007159	6000000017496062734
Q8007167	6000000013547605497
Q8007168	6000000013547668115
Q8007170	6000000017848326570
Q8007172	6000000000619451492
Q8007174	6000000011852373485
Q8007177	6000000006444183164
Q8007204	6000000009562188573
Q8007210	6000000027774043635
Q8007217	6000000026390712821
Q8007241	6000000017767975340
Q8007243	6000000001563413933
Q8007251	6000000053618285202
Q8007256	6000000013652608403
Q8007257	6000000002188524827
Q8007258	6000000060751948989
Q8007259	6000000021540265240
Q8007261	6000000013119807254
Q8007262	6000000013117649119
Q8007263	6000000006578402226
Q8007267	6000000012028350623
Q8007291	6000000027696540520
Q8007293	6000000006589439847
Q8007321	6000000065991366939
Q8007337	6000000034370218988
Q8007367	6000000020179418955
Q8007388	6000000007090426227
Q8007414	6000000024777035119
Q8007452	6000000073430466925
Q8007460	6000000103688806140
Q8007507	6000000041996087363
Q8007529	6000000000560226112
Q8007530	6000000001676757558
Q8007538	6000000024321985988
Q8007550	6000000011707089607
Q8007561	6000000173709944108
Q8007569	6000000000943537197
Q8007574	6000000034880640617
Q8007582	6000000006444700678
Q8007586	6000000031348592604
Q8007589	6000000027612174780
Q8007604	6000000019248892650
Q8007607	6000000041589611884
Q8007614	6000000065619230825
Q8007642	6000000000628254376
Q8007647	6000000046468755872
Q8007650	6000000026036628701
Q8007663	6000000005005702759
Q8007665	6000000008239160071
Q8007675	4958083311010111664
Q8007678	6000000009047942752
Q8007679	6000000006707031242
Q8007681	6000000002866936451
Q8007685	6000000015592306155
Q8007690	5582949395220039737
Q8007701	6000000014732536204
Q8007702	6000000001383105430
Q8007733	6000000004883160104
Q8007755	6000000009729049799
Q8007758	6000000002407429115
Q8007822	6000000029701782125
Q8007836	6000000008696544189
Q8007839	6000000003826587483
Q8007883	6000000014488364077
Q8007885	6000000026201418355
Q8007889	6000000077448279803
Q8007894	6000000026313350551
Q8007902	6000000009986541975
Q8007906	6000000047619393886
Q8007912	6000000009264396534
Q8007931	6000000011423923810
Q8007941	6000000157591919882
Q8007963	6000000034763172873
Q8007964	6000000039293429228
Q8007966	6000000038991922952
Q8007992	6000000018190458405
Q8007994	6000000008369853218
Q8008009	6000000006456133057
Q8008011	6000000017528070652
Q8008015	6000000009657860447
Q8008017	316728215610003474
Q8008020	6000000022618858631
Q8008035	6000000005965507277
Q8008038	6000000082365521824
Q8008051	6000000003646032937
Q8008052	6000000023232712598
Q8008075	6000000009316040174
Q8008086	6000000014213233800
Q8008102	6000000011273067814
Q8008105	6000000026882368195
Q8008107	6000000020461350349
Q8008112	6000000013516902788
Q8008114	6000000004868787223
Q8008115	6000000004868787213
Q8008120	6000000017507549061
Q8008163	6000000001382991321
Q8008169	6000000005413127630
Q8008190	6000000004086791891
Q8008191	6000000021971835147
Q8008196	6000000027651313833
Q8008207	6000000150888704860
Q8008212	6000000046572355873
Q8008224	6000000002898082061
Q8008233	6000000027670865600
Q8008237	6000000015691005667
Q8008288	6000000074912433995
Q8008340	6000000083070326847
Q8008344	6000000004079831335
Q8008349	6000000052222550153
Q8008351	6000000017893698835
Q8008387	6000000003615747992
Q8008388	6000000020376362638
Q8008391	6000000034301487097
Q8008402	6000000003932021736
Q8008407	6000000003446184987
Q8008421	6000000086228112351
Q8008426	6000000000048934332
Q8008430	6000000039295029173
Q8008437	6000000013081966673
Q8008451	6000000052877800907
Q8008454	6000000009171235770
Q8008463	6000000020039615212
Q8008469	6000000009265594310
Q8008471	6000000013504075793
Q8008472	6000000009265517431
Q8008474	6000000009265433535
Q8008502	6000000006988296009
Q8008518	6000000198115655882
Q8008525	6000000009448940198
Q8008535	6000000024365752124
Q8008570	6000000036065624971
Q8008571	6000000031571151188
Q8008576	6000000029389847709
Q8008580	6000000001590835095
Q8008600	6000000001608420680
Q8008605	6000000062922479869
Q8008621	6000000023250581875
Q8008625	6000000178165291834
Q8008634	6000000079143060857
Q8008649	6000000017538799647
Q8008651	6000000027127243698
Q8008658	6000000033560129842
Q8008678	6000000006444668362
Q8008702	6000000024186272049
Q8008741	6000000035558936067
Q8008796	6000000012021150572
Q8008850	6000000075495484828
Q8008879	6000000021093016268
Q8008881	6000000178844263827
Q8008882	6000000012381580192
Q8008911	6000000011657192682
Q8008913	6000000023134940911
Q8008932	6000000043950862462
Q8008947	6000000047543233868
Q8008968	6000000015654091447
Q8008969	6000000002447381534
Q8008975	6000000004867682779
Q8008977	6000000004079563538
Q8008977	6000000038608670425
Q8008998	6000000003971565559
Q8009006	6000000019012899210
Q8009023	6000000002307402216
Q8009029	6000000004058225434
Q80090373	6000000006837066018
Q8009046	6000000088916918225
Q8009052	6000000038909453005
Q8009071	6000000008169078548
Q8009086	6000000002188493487
Q8009090	6000000003649778125
Q8009093	6000000010695070740
Q8009094	6000000025447495909
Q8009095	6000000014213675395
Q8009101	6000000004169643537
Q8009105	6000000001322060505
Q8009120	6000000007940543850
Q8009122	6000000003615940385
Q8009132	6000000006240847465
Q8009133	6000000001896968426
Q8009134	6000000009973064806
Q8009141	6000000024005151008
Q8009144	6000000003458288339
Q80091447	6000000034274015637
Q8009154	6000000002314533766
Q8009155	6000000015879022361
Q8009164	6000000010770938093
Q8009173	6000000032075735831
Q8009200	6000000013505388935
Q8009210	6000000004236796108
Q8009232	6000000015205882216
Q8009234	6000000029365981150
Q8009235	6000000023458456663
Q8009260	6000000002928604805
Q8009261	6000000008978277004
Q8009269	6000000027777777074
Q8009275	6000000010272129854
Q8009278	6000000011541914685
Q8009302	6000000032124347515
Q8009338	6000000035555693934
Q8009345	6000000013598061432
Q8009349	6000000069868621875
Q8009354	6000000017130708268
Q8009357	6000000017203252065
Q8009366	6000000014036911731
Q8009376	6000000051321285005
Q8009379	6000000009037403759
Q8009390	5622192082450127554
Q8009403	6000000188309842831
Q8009416	6000000002188526322
Q8009429	6000000007216574421
Q8009439	6000000002115859343
Q8009444	6000000018014062233
Q8009468	6000000080343032096
Q8009499	6000000012621152381
Q8009534	6000000035676142908
Q8009548	6000000013271305523
Q8009566	6000000074079044902
Q8009597	6000000032172054676
Q8009658	6000000024500244060
Q8009669	6000000014984359485
Q8009712	6000000057204171821
Q8009720	6000000002701001241
Q8009758	6000000016921005100
Q8009771	6000000001856114380
Q8009772	6000000088408780327
Q8009806	6000000042381708847
Q8009822	6000000024369872496
Q8009848	6000000027883495460
Q8009850	6000000001877484983
Q8009851	6000000019728784857
Q8009876	6000000051195763857
Q8009879	6000000017625681835
Q8009895	6000000075791054216
Q8009909	6000000030951555277
Q8009913	6000000003200271976
Q80099282	6000000022837986533
Q8009932	6000000028887779091
Q8009936	6000000010955445384
Q8009939	6000000008009844214
Q8009945	6000000014157071526
Q8009950	6000000110425272899
Q8009951	6000000000618977776
Q8009954	6000000003018101290
Q8009975	6000000001728304761
Q8009990	6000000059389622071
Q8009999	1968662
Q8010006	6000000012497180178
Q8010007	6000000003423454933
Q8010019	6000000024973433118
Q8010023	6000000026067315616
Q8010029	6000000010770491827
Q8010034	6000000011194258805
Q8010046	6000000026578555600
Q8010057	6000000074729048265
Q80100750	6000000204475158887
Q8010079	6000000007788130456
Q8010084	6000000055395638554
Q8010090	6000000000604293352
Q8010109	6000000020009473105
Q8010125	6000000017543147650
Q8010160	6000000003228870768
Q8010161	6000000031209352036
Q8010172	6000000010790538108
Q8010174	6000000027543098211
Q8010179	6000000035911788559
Q8010188	6000000008672647171
Q8010204	6000000011186596373
Q8010226	6000000018713592447
Q8010236	6000000012737271441
Q8010246	6000000073621873821
Q8010260	6000000038949801071
Q8010278	6000000182247376826
Q8010284	6000000035526208880
Q8010295	6000000021140317579
Q80103005	6000000005916229725
Q8010371	6000000000468163795
Q8010378	6000000029178585246
Q8010391	6000000003615683639
Q8010392	6000000027651759977
Q8010404	6000000024861954350
Q8010435	6000000021235735121
Q8010454	6000000075501027927
Q8010455	6000000001161060915
Q8010494	6000000122270782472
Q8010517	6000000015547657891
Q8010532	6000000075126965913
Q8010537	6000000004079770011
Q8010538	6000000048122552045
Q8010582	6000000000898884197
Q8010610	6000000017762912278
Q8010613	6000000000139174151
Q8010618	6000000012677184441
Q8010634	6000000016991815362
Q8010637	6000000000978273316
Q8010666	6000000046525469939
Q8010673	6000000000350900052
Q8010676	6000000000907794457
Q8010677	6000000012973194476
Q8010681	6000000034494199962
Q8010695	6000000007026615554
Q8010713	4934649137120088797
Q8010723	6000000014874761236
Q8010753	6000000017592884158
Q8010768	6000000032457233006
Q8010769	6000000001947664995
Q8010771	6000000021653270349
Q8010791	6000000176423787834
Q8010806	6000000020647201075
Q8010812	6000000000352499653
Q8010817	6000000026615712931
Q8010842	6000000014866873587
Q8010843	6000000027083303306
Q8010848	6000000016910224392
Q8010853	6000000077652174596
Q8010857	6000000003436219808
Q8010868	6000000022945885110
Q8010869	6000000012658026105
Q8010872	6000000012658086247
Q8010885	6000000010809637504
Q8010895	6000000002867326799
Q8010896	6000000019580893965
Q8010900	6000000059319719017
Q8010910	6000000048237286995
Q8010911	6000000011040272221
Q8010915	6000000000834073009
Q8010916	6000000183588600833
Q8010927	6000000000148370337
Q8010928	6000000009015732613
Q8010935	6000000035556919191
Q8010946	6000000104262356823
Q8010947	6000000107278360042
Q8010948	6000000004993728442
Q8010952	6000000007339027376
Q80109572	6000000025398395289
Q8010978	5677739627560049242
Q8010988	6000000027417406886
Q8010989	6000000012677129291
Q8011	6000000010664917790
Q8011011	324615370400002867
Q8011037	6000000024717075278
Q8011039	6000000180963802836
Q8011045	6000000009398045185
Q8011232	6000000075407485933
Q80115610	2036433
Q8011787	6000000110508752019
Q8011799	6000000030529474101
Q8011813	6000000025916157340
Q8011816	6000000051959727028
Q8011824	352619814200011882
Q8011830	6000000021519947044
Q8011832	6000000041221862577
Q8011835	6000000181823159829
Q8011838	6000000027888545627
Q8011842	6000000159827507826
Q8011844	6000000038577943121
Q8011845	6000000041485837837
Q8011869	6000000002200469374
Q8011870	6000000020266458364
Q8011874	6000000003075690714
Q8011878	6000000025889651010
Q8011880	6000000034114356125
Q8011881	6000000080348726855
Q8011882	6000000006207303841
Q8011887	6000000014832108116
Q8011890	6000000177115112857
Q8011897	6000000000695211738
Q8011898	6000000036042031865
Q8011925	6000000128216309821
Q8011928	6000000023074198043
Q8011931	6000000043384448595
Q8011941	6000000108868443821
Q8011942	6000000010801570177
Q8011953	6000000014385145399
Q8011962	6000000014838159386
Q8011965	6000000031933740991
Q8011967	6000000056341316188
Q8011973	6000000000806231627
Q8011985	6000000006421817106
Q8011988	6000000001180247831
Q8011994	6000000032980273859
Q8011995	6000000018309899700
Q8011998	6000000013515188305
Q8012000	6000000013515136451
Q8012004	6000000021438122120
Q8012005	6000000117810503987
Q8012006	6000000016974325281
Q8012009	6000000149859745822
Q8012010	6000000008518444977
Q8012020	6000000125045922875
Q8012028	6000000020957995011
Q8012040	6000000039382341922
Q8012056	6000000023133788020
Q8012059	6000000048105119016
Q8012068	6000000003614589789
Q8012071	6000000104434079821
Q8012072	6000000010031889668
Q8012075	6000000010253628313
Q8012076	6000000039208633899
Q8012081	6000000013212115862
Q8012085	6000000015915783274
Q8012088	6000000011669019286
Q8012096	6000000021851026793
Q8012107	6000000024716081530
Q8012112	6000000027358426512
Q8012115	6000000075319144250
Q8012131	6000000021254535731
Q8012136	6000000009514279081
Q8012137	6000000002207226918
Q8012142	6000000046404367833
Q8012148	6000000068161044821
Q8012157	6000000023739646600
Q8012171	6000000007251491349
Q8012188	6000000165837638834
Q8012196	6000000029706876035
Q8012206	6000000025020651296
Q8012210	6000000112089577874
Q8012224	6000000105373308821
Q8012236	6000000001877506155
Q8012242	6000000020471122806
Q8012250	6000000001843182818
Q8012255	6000000017671509152
Q8012273	6000000003939640232
Q8012277	6000000020724153532
Q8012280	6000000077947378015
Q8012314	6000000013184060138
Q8012320	6000000009227535887
Q8012331	6000000012800919749
Q8012351	6000000038360051025
Q8012365	6000000013196502924
Q8012367	6000000036250574842
Q8012425	6000000027817414999
Q8012426	6000000011727883264
Q8012427	6000000016305835430
Q8012429	6000000015519089971
Q8012451	6000000012463151659
Q8012452	6000000022848441476
Q8012465	6000000006706121540
Q8012466	6000000045524869035
Q8012468	6000000000920778583
Q8012488	6000000010365647281
Q8012490	6000000021868547493
Q8012501	6000000067380052044
Q8012510	6000000023223512501
Q8012514	6000000023370090313
Q8012518	6000000091720009183
Q8012523	6000000025752463202
Q8012539	6000000024114390266
Q8012547	6000000028373224350
Q8012549	6000000003036770978
Q8012554	6000000048306388823
Q8012556	6000000002819405742
Q8012558	6000000013520787656
Q8012559	6000000002188514423
Q8012565	6000000007401651725
Q8012567	6000000128666710052
Q8012569	12936
Q8012574	6000000032421832952
Q8012579	6000000173229648110
Q8012594	6000000015760753445
Q8012597	6000000028953358782
Q8012597	6000000081777425892
Q8012606	6000000022349724478
Q8012609	6000000014897433934
Q8012613	6000000018320899974
Q8012635	6000000017080184463
Q8012636	6000000019419004006
Q8012644	6000000047864569924
Q8012664	6000000029640971841
Q8012677	6000000007233715772
Q8012694	6000000013536719821
Q8012696	6000000017225757049
Q8012699	6000000000211139057
Q8012700	6000000059397668896
Q8012733	6000000005741060845
Q8012744	6000000026807253501
Q8012757	6000000007338895861
Q8012814	6000000020514101408
Q8012817	6000000001198417223
Q8012821	6000000121173866865
Q8012824	6000000004868937035
Q8013009	6000000074712562010
Q8013106	6000000032300587053
Q80131080	6000000022604881872
Q8013132	6000000015404833130
Q8013133	6000000100119607905
Q8013134	6000000017926560223
Q8013158	6000000181701269838
Q8013170	6000000164297455849
Q8013175	6000000009887638475
Q8013184	6000000013249158118
Q80133628	6000000009618130978
Q8013386	6000000026028013790
Q8013404	6000000012879954485
Q8013405	6000000010600918123
Q8013412	6000000177980428966
Q8013447	6000000033699405027
Q8013464	6000000023539589238
Q8013468	6000000040336434684
Q8013479	6000000075326857864
Q8013489	6000000045958813484
Q8013496	6000000006180401144
Q80135	6000000017309970087
Q8013508	6000000022939181073
Q8013510	6000000013851182576
Q8013511	6000000003942790441
Q8013519	6000000028157010990
Q8013523	6000000083208483427
Q8013528	6000000067817435102
Q8013559	6000000022403464635
Q8013566	6000000008138712256
Q8013568	6000000032750995942
Q8013569	6000000079143805892
Q8013571	6000000159598176950
Q8013586	6000000003232559518
Q8013614	6000000026589342533
Q8013633	6000000108331672856
Q8013661	6000000015208382727
Q8013663	6000000073633818898
Q8013696	6000000004027697005
Q80137	6000000010531920929
Q8013709	6000000016473966971
Q8013713	6000000015290472066
Q8013748	6000000057468262828
Q8013766	6000000037030525476
Q8013766	6000000037840231260
Q8013780	6000000008307480582
Q8013806	6000000032575030674
Q8013818	6000000001843185273
Q8013890	6000000024914239288
Q8013894	6000000000352374329
Q8013903	6000000038103070823
Q8013908	6000000010918463890
Q8013917	6000000061604631955
Q8013936	6000000030106695668
Q8013949	6000000017225424627
Q8013960	6000000003734139272
Q8013967	6000000039704589031
Q8013994	6000000017127082248
Q8013998	6000000014062325030
Q8014009	6000000054975767193
Q80140182	6000000000991139023
Q8014021	6000000043074769637
Q8014029	6000000109480857837
Q8014077	6000000027949043943
Q8014078	6000000050355425001
Q8014171	6000000002531851040
Q8014192	6000000000921377562
Q8014209	6000000005241819216
Q8014212	6000000038677287943
Q8014229	6000000180545630846
Q8014245	6000000017107128226
Q8014262	6000000107045282942
Q8014273	6000000010811400913
Q8014285	6000000027382348516
Q8014307	6000000002870171936
Q8014313	6000000066780881871
Q8014327	6000000009591404443
Q8014331	6000000002870171865
Q8014346	6000000011071469209
Q8014387	6000000031817062523
Q8014388	6000000001299345800
Q8014390	6000000009092337786
Q8014391	6000000028166302666
Q8014397	6000000073495749838
Q8014410	6000000017658893907
Q8014413	6000000015498003699
Q8014433	6000000044122743984
Q8014444	6000000175514697933
Q8014447	6000000026160868947
Q8014452	6000000001443718220
Q8014457	6000000002188508207
Q8014459	6000000002188508219
Q8014460	6000000028120805788
Q8014479	6000000010552195127
Q8014483	6000000024032305100
Q8014486	6000000021050239969
Q8014491	6000000054748703038
Q8014494	6000000003276906253
Q8014512	6000000173488598052
Q8014525	6000000014837995157
Q8014533	6000000015271619723
Q8014534	6000000015271611321
Q8014541	6000000061016126833
Q8014550	6000000191084247825
Q8014559	6000000004088041553
Q8014568	6000000031982849077
Q8014578	6000000008630254648
Q8014584	6000000174558851967
Q8014585	6000000046932202881
Q8014593	6000000038081688751
Q8014610	6000000026383045123
Q8014613	6000000000394273626
Q8014639	6000000057252824838
Q8014646	6000000057747573630
Q8014690	6000000046045439954
Q8014710	6000000081266692935
Q8014711	6000000020470256658
Q8014713	6000000031893397896
Q8014715	6000000029084810222
Q80147198	6000000002765110542
Q8014727	6000000026827607540
Q80147297	6000000002464690101
Q8014732	6000000060419524857
Q8014734	6000000010882717187
Q8014739	6000000007787561982
Q8014746	6000000006580969351
Q8014747	6000000011157832773
Q8014748	6000000006581200073
Q8014751	6000000021976177509
Q8014752	6000000016688516912
Q8014754	6000000020012915107
Q8014756	6000000027240969008
Q8014757	6000000028468511382
Q8014777	6000000043094175066
Q8014779	6000000096359686832
Q8014783	6000000004079835786
Q8014784	6000000007436332224
Q8014797	6000000019735461215
Q8014806	6000000111756996650
Q8014807	6000000013498193313
Q8014825	6000000000889553638
Q8014826	6000000003891015824
Q8014847	6000000070943146691
Q8014863	6000000012770092505
Q8014872	6000000074659879859
Q8014893	6000000023838905331
Q8014898	6000000021209815128
Q8014931	6000000083059613102
Q8014974	6000000012574961323
Q8014985	6000000024420395011
Q8015002	6000000097498870925
Q8015004	6000000084068535221
Q80150147	6000000017921747152
Q8015021	6000000056595486184
Q8015058	6000000024613409298
Q8015059	6000000027272438346
Q8015063	6000000061300086836
Q8015067	6000000003693601810
Q8015125	6000000018238203001
Q8015128	6000000011071403401
Q8015135	6000000026831385078
Q8015150	6000000016587737406
Q8015174	6000000003741179159
Q8015188	2684664
Q8015188	6000000149889952883
Q8015193	6000000108111983874
Q8015205	6000000014973936634
Q8015231	6000000176385538823
Q8015248	6000000013701173671
Q80152485	6000000002765110537
Q8015262	6000000007304607769
Q8015270	6000000033507901396
Q8015278	6000000071563806031
Q8015279	6000000048231817212
Q8015311	6000000012677056691
Q8015321	6000000014797141522
Q8015338	6000000023680552907
Q8015340	6000000003772730520
Q8015343	6000000017106273574
Q8015355	6000000050322309940
Q8015366	6000000032087701058
Q8015369	6000000034886003257
Q8015391	6000000020456925295
Q8015392	6000000014809687840
Q8015398	6000000031062222960
Q8015417	6000000018167602616
Q8015455	6000000006159474630
Q8015458	6000000103173892150
Q8015464	6000000008127250348
Q8015495	6000000032464596331
Q8015513	6000000179378382152
Q8015522	6000000001180267334
Q8015528	6000000012228857217
Q8015545	6000000007663751440
Q8015570	6000000003152102292
Q8015610	6000000147224047841
Q8015617	6000000026607205120
Q80156198	6000000009697286354
Q8015629	6000000029625291181
Q8015646	6000000028885915701
Q8015652	6000000104678566838
Q8015659	6000000038885009205
Q8015661	6000000003076796462
Q8015662	6000000018272821428
Q8015679	6000000082819357982
Q8015682	6000000021087310711
Q8015695	5295614860690020134
Q8015703	340463512860011399
Q8015707	6000000002821359318
Q8015718	5243517459800128866
Q8015720	6000000015290193714
Q8015729	6000000003894294940
Q8015732	6000000016596516730
Q8015735	6000000007775512074
Q8015736	6000000108373296894
Q8015737	6000000011529586820
Q8015739	6000000006444645813
Q8015743	6000000015347117721
Q8015744	6000000019469255104
Q8015749	5721016209300055083
Q8015752	6000000042160235164
Q8015757	6000000024153995829
Q8015786	6000000012355363896
Q8015805	6000000004026244047
Q8015806	6000000020237172031
Q8015812	6000000021326319135
Q8015817	6000000002499579193
Q8015821	6000000021345082652
Q8015868	6000000167959471864
Q8015869	6000000033170733970
Q8015892	6000000013236345454
Q8015901	6000000017199348030
Q8015903	6000000042311334494
Q8015911	4966998201670125656
Q8015915	6000000195974691823
Q8015926	6000000000239996330
Q8015927	6000000009300399351
Q8015928	6000000091424156875
Q8015930	6000000000240013760
Q8015930	6000000164621667837
Q8015932	6000000077573690827
Q8015934	6000000009252919171
Q8015940	6000000017647226468
Q8015941	6000000018159030699
Q8015942	6000000017648190217
Q8015962	6000000020472208894
Q8016	6000000003222187286
Q8016021	6000000000549294941
Q8016023	6000000013340002200
Q8016024	6000000013320763190
Q8016027	6000000076350890901
Q8016028	6000000013340580690
Q8016040	6000000077943939821
Q8016044	6000000048233708996
Q8016052	6000000010683372768
Q8016062	6000000052589744033
Q8016081	6000000012634196696
Q8016084	6000000009886824036
Q8016091	6000000025630741822
Q8016101	6000000062439690935
Q8016104	6000000015197525711
Q8016155	6000000047584574372
Q80161586	6000000076826812925
Q8016162	6000000056677066286
Q8016165	6000000029923256511
Q8016179	6000000013539433260
Q8016187	6000000017802261253
Q8016197	6000000002930802369
Q8016212	4972100171290125433
Q8016214	6000000004348159711
Q8016215	6000000017196306350
Q8016216	6000000016578568988
Q8016253	6000000010898120000
Q8016262	6000000017309469627
Q8016272	6000000033147999797
Q8016275	6000000002958418463
Q8016292	6000000034752645717
Q8016317	6000000003904550541
Q8016334	6000000078921011575
Q8016352	6000000002188389164
Q8016362	6000000019658846267
Q8016363	6000000001877519838
Q8016364	6000000175752747827
Q8016365	6000000022098536960
Q8016372	6000000024281227849
Q8016373	6000000003216083753
Q8016383	6000000003811254791
Q8016400	6000000012521684667
Q8016401	6000000015316626869
Q8016408	6000000026517764382
Q8016411	6000000007606611127
Q8016414	6000000105637977823
Q8016423	6000000034323100785
Q8016445	6000000004591178330
Q8016449	6000000011325404484
Q8016460	6000000024375709726
Q8016471	6000000176955232837
Q8016477	6000000032140537831
Q8016496	6000000002715922177
Q8016502	6000000011661864288
Q8016513	6000000013432835548
Q8016516	6000000104864786870
Q8016532	5284725724490059744
Q8016534	6000000077158996981
Q8016538	6000000000769966316
Q8016542	6000000013306402757
Q8016543	6000000018377674301
Q8016553	6000000033988160356
Q8016568	6000000013040846442
Q8016574	6000000000658912824
Q8016603	6000000092446284966
Q8016610	6000000003441062877
Q8016612	6000000002905254252
Q8016617	6000000087042299821
Q8016653	6000000001383118986
Q8016661	6000000004089039126
Q8016672	6000000051961517152
Q8016679	6000000029468165189
Q8016685	6000000002718033542
Q8016693	6000000016308331773
Q8016711	6000000013484701117
Q8016725	6000000031824803655
Q8016728	6000000027081803667
Q8016731	6000000006728843256
Q8016735	6000000015761156130
Q8016777	6000000008630696793
Q8016805	6000000012657799587
Q8016806	6000000000601732790
Q8016816	6000000185441708845
Q8016820	6000000017488623292
Q8016828	6000000002188524078
Q8016830	6000000002188524157
Q8016831	6000000002188524092
Q8016832	6000000007633816293
Q8016833	6000000008473012734
Q8016840	6000000015898913747
Q8016850	6000000006422189308
Q8016850	6000000158686171821
Q8016856	6000000003939079978
Q8016862	6000000129098374893
Q80168871	6000000013498658924
Q8016888	6000000035497954822
Q8016890	6000000003245394156
Q8016914	6000000001180336840
Q8016923	6000000016614159096
Q8016930	6000000003989714469
Q8016931	6000000003916075108
Q8016935	6000000181075307839
Q8016950	6000000088181577327
Q8016955	6000000007153374482
Q8016956	6000000012922649394
Q8016962	6000000017396735116
Q8016963	6000000002930954840
Q8016965	6000000007289530279
Q8016966	5015969227980086286
Q8016968	5270950931580112822
Q8016971	6000000015300023385
Q8016975	6000000028661230770
Q8016977	6000000031283203695
Q8016978	6000000031283820965
Q8016979	6000000000796893381
Q8016980	6000000000796893367
Q8016982	6000000007352675545
Q8016984	6000000008230458050
Q8016985	6000000000307483501
Q8016992	6000000031905549301
Q8016998	6000000004079698774
Q8016999	6000000000587647677
Q8017011	6000000042551022201
Q8017012	6000000008543093718
Q8017017	6000000020945812487
Q8017026	6000000097156704978
Q8017028	6000000029362632224
Q8017034	6000000005601859138
Q8017055	6000000099862720821
Q8017058	6000000000171454357
Q8017063	6000000004086350608
Q8017069	6000000025241415702
Q8017071	6000000012281863838
Q8017082	6000000020470876912
Q8017092	6000000032643609322
Q8017101	6000000013007370776
Q8017103	6000000013007207033
Q8017112	6000000027898269155
Q8017114	6000000000334770630
Q8017122	6000000021000360697
Q8017163	6000000013372519743
Q8017166	6000000003649466770
Q8017183	6000000013221329920
Q8017193	6000000015917246836
Q8017232	6000000080901460882
Q8017235	6000000014361719113
Q8017259	6000000077376084973
Q8017263	6000000015170676069
Q8017270	6000000046718950821
Q80172742	6000000027671379637
Q8017277	6000000000965671023
Q8017282	6000000014874762438
Q8017291	6000000002269506654
Q8017299	6000000013333018702
Q8017311	6000000042206042893
Q8017316	6000000009977758319
Q8017316	6000000028890640393
Q8017337	6000000024552093284
Q8017339	6000000121397250871
Q8017345	6000000057781545876
Q8017362	6000000006329534560
Q8017362	6000000011289796731
Q8017363	6000000014161212733
Q8017367	6000000002300182512
Q8017368	6000000037084669117
Q8017387	6000000029515740669
Q8017388	6000000029515296550
Q8017395	6000000036119477830
Q8017414	6000000012347235707
Q8017423	6000000009821958254
Q8017439	6000000007044610045
Q8017470	6000000020826858196
Q8017502	365366206160011568
Q80175057	6000000027310638162
Q8017516	6000000016126167128
Q8017525	6000000017518224006
Q8017535	6000000004400798701
Q8017540	6000000018966499094
Q8017544	6000000018966196969
Q8017561	6000000002721604027
Q8017563	6000000103946845349
Q8017569	6000000110636468911
Q8017571	6000000009618265466
Q8017599	6000000011964362783
Q8017637	6000000040756543125
Q8017644	6000000001608770011
Q8017647	6000000156407040844
Q8017675	6000000014170015033
Q8017684	6000000009837365504
Q8017699	6000000026355925434
Q8017703	6000000000946132995
Q8017712	6000000074745267988
Q8017714	6000000050475962804
Q8017716	6000000006606191524
Q8017725	6000000014170013383
Q80177311	6000000002765113977
Q8017733	6000000152645582830
Q8017737	6000000032564021578
Q8017754	6000000023741174279
Q8017759	6000000069560732900
Q8017763	6000000055613902864
Q8017768	6000000024899869638
Q8017789	6000000003702243946
Q8017802	6000000017825732256
Q8017841	6000000000664350555
Q8017848	6000000027505476252
Q8017849	6000000009449195283
Q8017861	6000000013412945566
Q8017890	6000000008270949679
Q8017915	6000000084686292430
Q8017920	6000000000886259605
Q8017956	6000000067005049875
Q8017970	6000000028549304557
Q8017971	1888116
Q8017973	6000000089858886108
Q80179797	6000000014496939971
Q8017987	6000000074758704160
Q8018005	6000000027950227906
Q8018031	6000000035182095249
Q8018032	6000000163423977961
Q8018054	6000000019727719640
Q8018081	6000000041413734533
Q8018085	6000000003216133151
Q8018090	6000000038209507405
Q8018106	6000000006719335719
Q8018111	6000000012634069883
Q8018128	6000000127554960980
Q8018141	6000000041756656209
Q8018148	6000000003108020958
Q8018152	6000000008482044620
Q8018162	6000000019244374194
Q8018183	6000000156139510822
Q8018195	6000000181519865822
Q8018214	6000000178176089971
Q8018218	6000000032304044673
Q8018218	6000000172724890852
Q8018221	6000000006296086706
Q8018224	6000000066936161846
Q8018226	6000000015825628236
Q8018228	6000000007922910951
Q8018246	6000000059397193043
Q8018256	6000000003180792953
Q8018264	6000000017402556332
Q8018266	6000000015733949321
Q8018269	6000000025515332035
Q8018271	6000000035070972788
Q8018272	6000000014942575927
Q8018287	6000000012169850635
Q8018289	6000000026435535146
Q8018292	6000000020321004265
Q8018297	6000000012176505623
Q8018319	6000000042379882217
Q8018367	6000000017305708820
Q8018386	6000000050815563367
Q80183924	6000000174759607245
Q8018393	6000000171876949125
Q80184015	6000000012423830602
Q8018403	6000000017868048098
Q8018418	6000000065196893823
Q8018430	6000000043326263159
Q8018461	6000000003615703135
Q8018467	6000000096212506894
Q8018517	6000000026392088621
Q8018524	6000000011135004036
Q8018529	6000000019412842968
Q8018530	6000000002173042753
Q8018541	6000000007638540367
Q8018545	6000000011470249704
Q8018584	6000000086622411833
Q8018596	6000000001608809300
Q8018611	6000000009209799172
Q8018617	6000000013374093670
Q8018620	6000000039313742715
Q8018624	6000000039381262661
Q8018660	6000000018810140643
Q8018665	6000000028279211579
Q8018666	6000000035343257987
Q8018676	6000000023112875294
Q8018686	6000000023509288688
Q8018687	6000000022217669129
Q8018693	6000000034019198838
Q8018694	6000000030442271954
Q8018695	6000000025054505054
Q8018696	6000000055620967827
Q8018697	6000000006444205201
Q8018699	6000000014764064114
Q8018702	6000000002306140867
Q8018710	6000000020281646386
Q8018711	6000000023724585916
Q8018716	6000000003583757865
Q8018720	6000000019527554316
Q8018722	6000000003875389109
Q8018724	5690493741180112690
Q8018731	6000000002109164685
Q8018746	6000000004372459111
Q8018748	6000000017719987863
Q8018750	6000000023867773264
Q8018756	6000000027237523679
Q8018773	6000000016036266057
Q8018776	6000000028647150921
Q8018781	6000000009467479996
Q8018782	6000000001839375164
Q8018795	6000000006299430354
Q8018796	6000000103674843194
Q8018797	6000000019211567208
Q8018797	6000000097737321849
Q8018804	6000000046565480215
Q8018805	6000000150395343872
Q8018818	6000000031327165884
Q8018820	6000000019247963117
Q8018834	6000000028065572606
Q8018851	6000000003615495248
Q8018868	6000000006735130230
Q8018872	6000000059467438598
Q8018873	6000000019124130990
Q8018885	6000000009926760562
Q8018886	6000000009926976423
Q8018889	6000000006444750459
Q8018902	6000000011042061365
Q8018917	6000000017797627325
Q8018922	6000000005053096976
Q8018929	6000000001562887932
Q8018930	6000000002905071400
Q8018941	6000000013869501655
Q8018954	6000000035363983864
Q8018972	6000000025889309593
Q8018976	6000000012496212940
Q8019014	1025313
Q8019016	6000000019368914169
Q8019024	6000000063300378140
Q8019025	6000000030402963169
Q8019065	6000000009488767787
Q8019073	6000000012631867754
Q8019083	6000000072405761094
Q8019088	6000000026606661423
Q8019098	6000000012576850417
Q8019110	6000000153532811835
Q8019115	6000000017441942772
Q8019131	6000000053617729828
Q8019153	6000000010250130457
Q8019183	6000000006712828790
Q8019189	6000000009375655543
Q8019214	6000000023837600826
Q80192155	4569095759920082428
Q8019243	6000000011405669491
Q8019246	6000000100089810976
Q8019250	6000000017154752002
Q8019252	6000000080336975099
Q8019258	6000000007050523702
Q8019265	6000000006804868497
Q8019266	6000000170303098845
Q8019298	6000000019092800393
Q8019305	6000000002835680789
Q8019378	6000000035540595266
Q8019380	6000000034524342272
Q80193880	6000000041566306225
Q8019393	6000000004592953943
Q8019396	6000000007562815970
Q8019399	6000000000038301112
Q8019410	6000000136079935879
Q8019416	6000000008239568666
Q8019420	6000000128649023092
Q8019449	6000000011106632230
Q8019463	6000000021024751948
Q8019485	6000000015755381530
Q8019511	6000000011470694894
Q8019512	6000000020470465657
Q8019514	6000000016658636162
Q8019529	6000000183406794853
Q8019532	6000000016330575689
Q8019538	6000000000658078795
Q8019541	6000000012737202232
Q8019555	6000000017309685246
Q8019569	6000000014025067403
Q8019589	6000000022879641833
Q8019594	6000000000369836561
Q8019603	6000000000149532436
Q8019630	6000000011423029845
Q8019635	6000000010512756113
Q8019648	6000000073969553855
Q8019672	6000000181916636821
Q8019687	6000000024750825900
Q8019690	6000000025593532552
Q8019698	6000000013479397304
Q8019707	5088540328990081635
Q8019708	6000000029574163981
Q8019711	6000000180176351862
Q8019713	6000000016911174140
Q8019718	6000000025695370878
Q8019721	6000000015511304239
Q8019722	6000000011040379550
Q8019796	6000000063629504946
Q8019802	6000000031922010585
Q8019806	6000000012360911670
Q8019842	6000000001402268130
Q8019844	6000000012982869742
Q8019856	6000000069519455862
Q8019862	4985159341310127212
Q8019864	6000000045856570900
Q8019869	6000000006919365824
Q8019890	6000000010299755354
Q8019891	6000000010299638672
Q8019892	6000000018893565660
Q8019899	6000000026308912046
Q8019910	6000000032082377143
Q8019929	6000000012412491525
Q8019931	6000000106619437938
Q8019932	6000000067107222835
Q8019937	6000000007951958707
Q8019937	6000000015487373249
Q8019953	6000000010682312606
Q8019954	6000000012162680797
Q8019985	6000000107431441849
Q8019987	6000000039409754369
Q8019991	6000000005708749001
Q8019993	6000000024199261780
Q8019994	6000000005599214674
Q8019995	6000000009392922937
Q8020003	6000000001529124305
Q8020012	6000000019032696059
Q8020013	6000000031476029915
Q8020024	6000000025157311086
Q8020037	6000000038359966845
Q8020049	6000000004328351458
Q8020060	6000000089516347864
Q8020067	6000000025020885891
Q8020087	6000000021753460311
Q8020099	6000000047381533844
Q8020100	6000000027954399805
Q8020101	6000000006762488202
Q8020108	6000000005572110142
Q8020135	6000000047008893865
Q8020160	6000000003074964841
Q8020164	6000000038086813622
Q8020183	6000000010007367541
Q8020191	6000000012464957485
Q8020192	6000000012597759703
Q8020193	6000000002188524959
Q8020196	6000000010840215567
Q8020202	6000000086145864108
Q8020206	6000000008691809925
Q8020211	5614432061630075573
Q8020212	6000000041564595166
Q8020223	6000000045701380900
Q8020228	6000000025412202866
Q8020236	6000000103186585049
Q8020249	6000000040811547022
Q8020251	6000000013732020815
Q8020268	6000000037209065974
Q8020275	6000000005749660088
Q8020294	6000000029322639680
Q8020306	6000000054562649935
Q8020313	6000000045725704027
Q8020330	6000000004005731655
Q8020333	6000000069799147874
Q8020336	6000000016757168528
Q8020348	6000000149320060826
Q80203485	6000000012169065218
Q8020360	6000000029959727486
Q8020389	6000000014766845660
Q8020406	6000000098615029821
Q8020417	6000000006444764314
Q8020458	6000000017309492244
Q8020473	6000000012566150483
Q8020485	6000000005005989318
Q8020495	6000000001869318505
Q8020513	6000000013332408918
Q8020517	6000000080653323087
Q8020538	6000000004593773228
Q8020543	6000000001562708513
Q8020546	6000000175305390779
Q8020553	6000000015550375313
Q8020555	6000000037227347920
Q8020568	6000000000268448568
Q8020573	6000000003230430841
Q8020578	4217781240900042729
Q8020601	6000000008860082566
Q80206310	6000000022439287029
Q8020637	6000000086546325059
Q8020641	6000000114864219823
Q8020642	6000000012359283426
Q8020659	6000000012461836341
Q8020666	6000000023095514556
Q8020667	6000000023095755962
Q8020696	6000000011091196149
Q8020707	6000000083859858905
Q8020710	6000000015263921616
Q8020712	6000000014874998142
Q8020739	6000000009255472189
Q8020750	6000000006444063458
Q8020753	6000000000769893925
Q8020763	6000000006444072103
Q8020764	6000000007426143897
Q8020765	6000000006444097108
Q8020775	6000000040750712959
Q8020788	6000000001877477413
Q8020798	6000000003827232851
Q8020800	6000000075281734874
Q8020810	6000000000796884769
Q8020818	6000000004881099123
Q8020834	6000000001300332643
Q8020847	6000000010562530154
Q8020882	368756446860013200
Q80208922	6000000008572227708
Q8020928	6000000035164470955
Q8020938	6000000002265119112
Q8020939	6000000002264908139
Q8020992	6000000013285681099
Q80211782	6000000021455799013
Q80212103	6000000080862618059
Q8021212	6000000010774627815
Q80212840	6000000012635452561
Q80213088	6000000015702930631
Q80214350	6000000015703059846
Q80214629	6000000008597514887
Q8021881	6000000177222889822
Q80219764	6000000039675005023
Q80220015	6000000076684742857
Q8022028	6000000168958472252
Q80220350	6000000168899850836
Q8022053	6000000178877643876
Q8022080	6000000108818517833
Q8022098	6000000000788218356
Q80221	6000000030838175960
Q8022138	6000000027650844591
Q80222	6000000000152122800
Q8022214	6000000023424874160
Q8022226	6000000043276344835
Q8022233	6000000009076741667
Q8022236	6000000057589463955
Q80222724	6000000087729585988
Q8022562	6000000011564321024
Q8022591	6000000019913821089
Q80226	6000000002732735958
Q8022659	6000000150684502847
Q80227776	6000000021455513481
Q8022819	6000000026351800190
Q8022834	6000000006754319187
Q8022844	6000000010898855368
Q8022862	6000000044077563072
Q8023	6000000008671183222
Q80230	6000000009781375372
Q8023052	6000000163563935059
Q8023061	6000000039773244386
Q8023129	6000000172292196367
Q8023134	6000000017854768889
Q80232191	6000000007922549428
Q8023247	6000000067504332842
Q8023248	6000000121838127823
Q8023505	6000000035094735140
Q8023627	6000000002626385134
Q8023638	6000000036368445418
Q8023706	6000000014161173804
Q8023716	6000000016625851370
Q80238451	6000000077140699148
Q8023886	6000000004952898175
Q80240841	6000000077140370327
Q8024197	6000000019255993080
Q8024207	6000000011993553618
Q8025021	6000000052700524156
Q8025022	6000000015854962596
Q8025026	6000000022668885369
Q8025198	6000000007024344441
Q80253	6000000000642032773
Q8025367	6000000032443800575
Q8025369	6000000027861873490
Q8025374	6000000025358594644
Q8025385	6000000152651429942
Q8025411	6000000034975644343
Q8025412	6000000000157095340
Q8025414	6000000005382091746
Q8025442	6000000002447358486
Q8025514	6000000006235985522
Q8025679	6000000034319050941
Q80256819	6000000035755374347
Q80258	6000000174718301429
Q80259	6000000004365491686
Q8025941	6000000071163425443
Q8026087	6000000003177931707
Q8026110	6000000079032861629
Q80262638	6000000180782864824
Q80263363	6000000021237301793
Q8026559	6000000035866483881
Q8026566	6000000157862606852
Q8026569	6000000021488525634
Q8026574	6000000002776832595
Q8026578	6000000006054771021
Q8026580	6000000023213010761
Q8026582	6000000025902437656
Q8026589	6000000007041734144
Q8026591	6000000105667149356
Q8026662	6000000021590058907
Q8027	6000000008771498401
Q8027011	6000000005771412141
Q8027019	6000000164646218936
Q80271	6000000006444205785
Q80273	6000000009544815281
Q80273341	6000000040298831775
Q80277477	6000000040300392060
Q80283577	6000000040300407333
Q8028432	6000000021933519778
Q8028445	6000000002648958277
Q8028459	6000000086025850994
Q80284824	6000000040320424483
Q80285	6000000172722715965
Q80288	6000000001446184242
Q8028906	6000000018435065884
Q8029114	6000000003480230968
Q8029125	6000000031413847974
Q8029162	6000000012153939456
Q8029721	6000000013425245921
Q8029854	6000000028316825926
Q8029880	4326845233950120622
Q8030067	6000000041586606398
Q8030342	6000000023942080042
Q8030345	6000000019697305477
Q8030431	6000000040358879909
Q80306	6000000145627141821
Q80310705	371959923360007831
Q80321	4047563
Q8032217	6000000008707447000
Q80323	6000000013112334441
Q8032323	6000000029879532479
Q8032383	6000000012803642376
Q8032483	6000000009427325285
Q80330167	6000000018344736623
Q8033220	6000000010163236782
Q8033239	6000000000125497261
Q8033626	6000000036367278139
Q8033647	6000000076789898617
Q8033668	6000000030472821987
Q80341015	6000000006886069110
Q80344811	6000000026281216389
Q80344811	6000000047865993076
Q80345607	6000000071101410838
Q80348211	6000000004638317983
Q80363380	6000000006355008579
Q80364880	6000000006355008591
Q8036852	6000000003017482228
Q80369912	6000000009695528784
Q8037241	6000000032399297794
Q8037276	6000000056473646833
Q803824	6000000029815216273
Q8038242	6000000018127717207
Q80384368	6000000085773105490
Q8038909	6000000141564424872
Q803892	6000000011116408725
Q8038935	6000000075507266041
Q803934	6000000019329519964
Q803937	6000000004189988627
Q8039494	6000000007241857072
Q8039508	6000000002963186847
Q80396208	6000000002765685234
Q803992	6000000024955737942
Q8039922	6000000018155369536
Q8039971	6000000017907121082
Q8039984	6000000006444526328
Q8039985	6000000002425900229
Q80400047	6000000003199459192
Q80400438	6000000002765656473
Q8040107	6000000004883187561
Q8040122	6000000021492945818
Q8040123	6000000026094409679
Q8040126	6000000000825446373
Q8040130	6000000011101034460
Q8040153	6000000025901002727
Q80402921	6000000005007632149
Q804030	6000000015210021517
Q80405	6000000009775614764
Q80407341	6000000010466129386
Q80407379	6000000004086373793
Q80410572	6000000001173513095
Q804107	6000000060786448009
Q8041209	6000000109014272878
Q80412167	6000000004080879730
Q8041220	6000000182355923884
Q8041239	6000000000905290208
Q8041242	6000000035794997276
Q8041255	6000000013925313705
Q8041258	6000000015161973307
Q8041259	6000000051740601858
Q8041322	6000000006404324052
Q8041327	6000000083116065497
Q8041328	6000000023213467031
Q8041330	6000000070856003885
Q8041332	6000000003673596877
Q8041348	6000000073489708061
Q80416422	6000000165173257026
Q80424	6000000016744938476
Q8042567	6000000035415020657
Q80435953	4870866716110056689
Q804363	6000000016749423917
Q8043987	6000000014757926420
Q80440	6000000008784012579
Q8044244	6000000074733170851
Q80446381	6000000021611356371
Q8044711	6000000026269518790
Q804500	6000000144159608837
Q804516	6000000020850993953
Q8045167	6000000075503840973
Q8045171	6000000177593221848
Q8045725	6000000030026961196
Q8045741	6000000021412122657
Q8045743	6000000028001359151
Q8045769	6000000003715656494
Q8045771	6000000003715660381
Q80458961	6000000015579136712
Q80462	6000000010271309655
Q8046293	6000000003244173779
Q8046301	6000000011081857894
Q8046302	6000000013364185396
Q80464281	6000000045266800969
Q8046662	6000000049557655994
Q80468812	6000000032345521413
Q8046983	4508354943400064499
Q8046985	6000000016562773023
Q804769	6000000023783525863
Q80479091	6000000046819993974
Q80480140	6000000016441665564
Q804815	6000000030669248981
Q8048192	6000000075412427867
Q804822	6000000088895776878
Q804829	6000000082554978942
Q8048310	6000000050944850143
Q8048362	6000000075487947862
Q8048362	6000000075489055003
Q8048388	6000000074717555960
Q804845	6000000024526247827
Q8048469	6000000084017168623
Q8048485	6000000074732536452
Q8048487	6000000074737769845
Q8049042	6000000075328315018
Q80492	6000000084313235849
Q804927	6000000043987917851
Q804962	6000000020025856170
Q8049824	328352741400006037
Q80498556	6000000012153969694
Q8050216	6000000075915930676
Q80504	6000000130098701912
Q8051038	6000000025592918669
Q8051043	6000000048232745123
Q8051050	6000000003691815256
Q8051237	6000000027034962372
Q8051256	6000000018567145737
Q8051291	4555736788160023981
Q8051414	6000000162068272824
Q80519018	6000000003339295681
Q8052418	6000000053667657850
Q8052422	6000000041723719308
Q8053	6000000017078728547
Q80530	6000000016362005793
Q8053052	6000000182003764822
Q8053412	6000000007201102242
Q8053521	6000000018486888421
Q8053564	6000000035870925296
Q8053583	6000000075507305040
Q8053838	6000000075507610885
Q8053866	6000000025097708682
Q80539157	6000000007980739695
Q8053935	4051687
Q8054045	6000000033811376350
Q8054184	6000000000519350611
Q8054243	6000000001713152192
Q8054451	6000000013656166415
Q80547794	6000000011526392942
Q80547842	6000000018320267026
Q8054882	6000000002868514091
Q80548998	6000000078246424813
Q80549125	6000000019611948815
Q80550472	6000000175313970836
Q805556	6000000015988203825
Q80557783	6000000001878301605
Q805582	6000000057072370348
Q8055953	6000000026827409093
Q805596	6000000084342966305
Q805597	6000000018556087093
Q805605	6000000018340220131
Q805607	6000000017333518292
Q805608	6000000075136024891
Q805628	6000000008770412191
Q8056357	6000000026365367642
Q8056413	6000000036196284986
Q805646	6000000120403278852
Q805654	6000000179250433866
Q805670	6000000016726760012
Q80573499	6000000175688377824
Q8058	6000000000307280216
Q8058160	6000000046740720459
Q80582486	6000000041092659170
Q805825	6000000065895634967
Q805827	6000000006127899214
Q8058286	6000000017397038046
Q805886	6000000080620961871
Q80596	6000000005395791950
Q8059647	6000000005442298191
Q8059650	6000000006818185737
Q8059651	6000000050507348843
Q8059656	6000000004146458658
Q8059783	6000000013239198352
Q8059908	6000000075344056508
Q8059956	6000000029164151051
Q8060011	6000000075407977895
Q8060028	6000000011626856524
Q8060225	6000000009966600377
Q8060931	6000000006870260217
Q8061481	6000000038826659322
Q8061482	6000000090274829031
Q8061960	6000000177071015943
Q80621	6000000004533589338
Q8062431	6000000039797140279
Q8062449	6000000043966343951
Q80626087	6000000084218857832
Q8063461	6000000002897008757
Q8063461	6000000006862583859
Q8063463	6000000010867141731
Q8063765	6000000012963497824
Q8063878	6000000001384708388
Q8063898	6000000017199224528
Q8063992	6000000028083081218
Q8063997	6000000044821228075
Q8064113	6000000001592632002
Q8064166	6000000050817063005
Q8064612	6000000024679310953
Q8064709	6000000115423531854
Q8064729	6000000032559662984
Q80651917	6000000024352849659
Q80652687	6000000001197690874
Q8065527	6000000074831909914
Q806616	6000000059253395889
Q8066160	6000000071224076867
Q80663884	6000000004058972940
Q80664762	6000000012058164994
Q8066524	6000000174081685970
Q8066532	6000000020924305594
Q80667739	6000000009959113970
Q80668496	4200780051300050312
Q80669432	6000000174895569091
Q8067483	6000000013787682395
Q8067726	6000000006727532097
Q8067747	6000000005255676163
Q8067759	6000000022175402023
Q8067766	4490237044470120486
Q8067777	6000000080879360833
Q8067937	6000000055565523983
Q8067941	6000000000488799536
Q8068107	6000000003665334198
Q8068123	6000000016010749244
Q8068142	6000000002387286993
Q8068247	6000000010424649605
Q80683083	6000000001385902507
Q8068327	6000000013142603538
Q8068328	6000000003090864664
Q8068337	6000000012407255616
Q8068353	6000000040998178482
Q80683855	6000000011986923295
Q80683938	6000000109101836936
Q80684004	6000000035263542460
Q8068493	6000000125025750834
Q80685409	6000000000953947651
Q80685727	6000000011470045009
Q80685847	6000000000985358029
Q80685976	6000000009627490691
Q80686146	6000000009627425116
Q80686359	6000000011470493327
Q8068670	6000000101114921572
Q8068704	6000000044550347977
Q8068765	6000000010641986210
Q806900	6000000007924941941
Q8069011	6000000018604119259
Q8069017	6000000178786824833
Q80691313	6000000014722253239
Q80691405	6000000011460106812
Q8069161	6000000136542235851
Q80691651	6000000011466959729
Q80691656	318501049840005492
Q80691813	6000000071664836845
Q8069196	6000000003253547013
Q8069203	6000000011571653735
Q8069206	6000000019480803028
Q80692694	6000000039816472292
Q8069285	6000000016773628426
Q8069290	6000000018515057557
Q8069290	6000000077672962907
Q80693274	6000000003352422586
Q80693561	6000000000401133805
Q8069365	6000000042345020114
Q8069385	6000000008593863400
Q8069386	6000000012773514415
Q8069387	6000000008593938233
Q80693886	356180296920005694
Q80693953	6000000003352371104
Q8069665	6000000010516688912
Q80697189	6000000026847152061
Q8069854	6000000010979983458
Q8070009	6000000025591571754
Q80700192	6000000019581010395
Q80700196	6000000003197984778
Q8070097	6000000006721212380
Q8070133	6000000011626010824
Q8070133	6000000075607231824
Q8070147	6000000075344241954
Q8070162	6000000074736676849
Q8070214	6000000075397549067
Q8070221	6000000020171541737
Q8070230	6000000075397266168
Q8070239	6000000074685462954
Q8070248	6000000075422825961
Q80702530	6000000177606605884
Q80702834	6000000002106146483
Q80702895	6000000006964002809
Q80702934	6000000006963919056
Q8070332	6000000074733687836
Q8070342	6000000074785647181
Q8070388	6000000075395237314
Q8070392	6000000075405051864
Q8070402	6000000075344203974
Q8070408	6000000020171788863
Q807048	6000000074747752884
Q8070521	6000000012653389494
Q8070595	6000000006582015972
Q80705997	6000000006348517917
Q80706004	6000000007715728576
Q8070800	6000000075502935822
Q80708825	6000000003219796811
Q8071186	6000000204580202840
Q80715424	6000000038271416025
Q8072227	6000000008440959829
Q8072235	6000000178349141849
Q80724	6000000125165599998
Q80727	4065327453120021062
Q8073017	6000000054943240915
Q80732	6000000014844468814
Q8073357	6000000002605697151
Q8073359	6000000000942914313
Q8073362	6000000002718014901
Q8073365	6000000027608881319
Q8073367	6000000113364583849
Q8073368	6000000012269096128
Q8073373	6000000002386355306
Q8073374	4102619714320032232
Q8073375	6000000003388830560
Q8073639	6000000164895641870
Q807369	6000000010323506751
Q8073699	6000000072393316896
Q80737495	6000000011072911333
Q80738220	6000000010263991132
Q807386	6000000041694014685
Q80739	6000000001871349716
Q8073956	6000000075406816944
Q80740181	6000000009318256952
Q8074297	6000000085717403996
Q807458	6000000149679330840
Q8074719	6000000057055257849
Q8074740	6000000070679320630
Q807519	6000000019194854148
Q8075274	6000000013313576209
Q807532	6000000065081635857
Q8075552	6000000003535328181
Q8075577	6000000003548545878
Q8075652	6000000021267428716
Q8075797	6000000011633300605
Q8075799	6000000011634831138
Q8075803	6000000017199269723
Q8075804	6000000015579717325
Q8075816	6000000018626101694
Q8075822	6000000098639757834
Q8075823	6000000011400087356
Q8075829	6000000049269322074
Q807585	6000000018309147261
Q807594	6000000086357421829
Q80760	6000000030456965073
Q8076042	6000000177860663866
Q8076045	6000000025041399876
Q8076047	6000000016380185898
Q8076049	6000000172687255153
Q80761215	6000000030959733081
Q8076283	6000000178307357366
Q807635	6000000028543632230
Q8076538	6000000003828110734
Q8076544	6000000000437016526
Q80766	6000000009545641173
Q8076665	6000000000654208691
Q8076707	6000000028544529135
Q8076734	4251237989540079751
Q8076841	6000000026909197064
Q8076869	6000000076797801991
Q80769	6000000026477128857
Q8076977	6000000084681736919
Q8077032	6000000002645890637
Q807711	6000000096706860822
Q8077122	6000000002928308254
Q8077133	6000000020885138841
Q80772348	6000000035242816420
Q8077338	5426027346540119224
Q8077339	6000000011060904899
Q8077754	6000000177130510839
Q8077778	6000000177116931861
Q807808	6000000014325813154
Q8078112	6000000087715961924
Q80782	6000000172883748351
Q8078232	6000000039895594390
Q8078294	4198074929100123963
Q8078307	6000000157935803942
Q8078608	6000000000137981735
Q8078611	6000000012334049032
Q8078834	6000000000188223048
Q8078841	6000000002563356027
Q8079114	6000000177170967885
Q8079193	6000000005589582009
Q8079195	6000000020505644762
Q8079202	6000000001098771582
Q8079227	6000000062462994411
Q8079318	6000000029425905202
Q8079335	6000000026256969432
Q8079340	6000000003604410709
Q8079358	6000000011341386528
Q8079460	6000000010239977060
Q807947	6000000000000706417
Q807952	6000000044161553852
Q8079716	6000000064174638926
Q8079877	6000000025609981176
Q80800110	6000000015912924947
Q8080177	6000000177272963837
Q80805	6000000148766093868
Q80807706	6000000064633326244
Q808080	6000000173880024973
Q808081	6000000014190673646
Q8080958	3917998231360126057
Q80817327	6000000026997266085
Q80817724	6000000095729291884
Q80817918	6000000014766233782
Q80819941	6000000013143930808
Q80823	6000000003702650070
Q80827630	6000000116749448081
Q8082788	6000000056070581839
Q80829625	6000000002422167263
Q80834856	6000000006412521030
Q80835225	6000000137329074857
Q8083604	6000000040036831830
Q8083736	6000000015294757202
Q808402	6000000000211147517
Q808407	6000000019843842097
Q808435	6000000003283351592
Q808439	6000000000494764857
Q8084624	6000000013363247675
Q80847	6000000014083876717
Q808476	6000000003071284026
Q808477	6000000034893253308
Q808483	6000000013639131780
Q808483	6000000026052471168
Q808485	1174926
Q808489	6000000002933157321
Q80852516	6000000002521477168
Q80852873	6000000002521325422
Q808586	6000000017508467817
Q808664	6000000134385430880
Q80872039	6000000020612085738
Q808746	6000000035040423385
Q80876183	6000000000351064529
Q808766	6000000017577613922
Q80884	6000000029916350997
Q80889	6000000002306727478
Q80894008	6000000016252117765
Q808971	6000000069990821888
Q80900	6000000014620555876
Q809030	6000000038438959573
Q809039	6000000023811119318
Q80905	6000000028413124869
Q809097	6000000054084770875
Q80910	6000000018172577725
Q809105	6000000059377588881
Q809107	6000000077905276870
Q809111	6000000009967139490
Q80915	6000000000682289330
Q80917131	6000000082357196586
Q809211	6000000032569662921
Q809292	6000000020284018946
Q809293	6000000010423334946
Q809294	6000000023968137261
Q80931943	6000000180421469901
Q809325	6000000009627470791
Q809341	6000000040679400693
Q809352	6000000027987822585
Q809368	6000000051255528409
Q80938	6000000009336367764
Q809408	6000000002894921556
Q809453	6000000030288263979
Q80947062	6000000019627782122
Q809493	6000000173873652148
Q809531	6000000109289713862
Q80956	6000000007472470323
Q809626	6000000110644219839
Q809629	6000000181933443822
Q809632	6000000007274059648
Q80966	6000000015056134979
Q80976	6000000003075171096
Q80979003	6000000145526123823
Q80986	6000000003858554522
Q810018	6000000153166551821
Q810020	6000000001428570221
Q810021	6000000014496219313
Q810026	6000000006352368201
Q810029	6000000019554819195
Q810032	6000000030505593470
Q810037	5242569893120055622
Q81011068	6000000007433118734
Q810164	6000000102557079857
Q81037915	6000000002893200528
Q81046619	6000000011514352883
Q81046697	6000000011514659543
Q810467	6000000001242910333
Q810471	6000000145084898876
Q81047907	5670933158210123932
Q81048182	6000000011514493922
Q81048470	6000000001660237072
Q81049637	6000000001660146406
Q81049703	6000000001660089808
Q81050130	6000000001660129410
Q81050351	6000000001660306022
Q81050449	6000000001660085802
Q81050525	6000000001659851513
Q81050959	6000000001660267060
Q81051164	6000000001660114602
Q81052033	6000000197126875840
Q81052764	6000000045659466879
Q81053609	6000000023922727149
Q81053947	6000000084117095856
Q81054074	6000000015346232793
Q81054311	6000000003253100999
Q81059951	6000000024307371056
Q81075399	6000000078552031136
Q81079940	6000000023755962292
Q81082	6000000000592538013
Q81085867	6000000160036054833
Q81086857	6000000007094769767
Q81091518	6000000066268864824
Q81095585	6000000004096527768
Q810972	4246444
Q811029	6000000032961058758
Q81110974	6000000006441301606
Q81114	6000000022750470970
Q81114547	6000000104987426042
Q81115987	6000000078935897345
Q81116037	6000000003583298810
Q81116718	6000000001854695713
Q8112426	6000000021634599951
Q81124771	6000000000436895412
Q81127	6000000084731869842
Q81130	6000000013181349479
Q81131	6000000077111093036
Q81133977	6000000016465398186
Q8114305	6000000177296108861
Q81148	6000000009177086581
Q8115093	6000000075507375061
Q8115171	6000000010530392701
Q81156	6000000145219215044
Q8116729	6000000079409383980
Q81168245	6000000068075620893
Q81179	6000000003232543901
Q81190706	6000000011496274768
Q81197023	6000000002815468838
Q81199140	6000000028182078746
Q81201256	6000000006268263678
Q81205145	6000000023680193168
Q81207043	6000000013072204515
Q81207351	6000000015150576654
Q81207662	6000000020182472796
Q81208159	6000000013072092101
Q81208467	6000000014568893481
Q81209990	6000000041581993150
Q812105	6000000038849415185
Q81211164	6000000041624028637
Q81212294	6000000009263607503
Q81212833	6000000083428241933
Q81213558	6000000025806652971
Q81216977	6000000079243124837
Q81218	6000000040549052905
Q81219	6000000037562358600
Q81225275	6000000025307096975
Q81229243	6000000001220003523
Q81229278	6000000151544329922
Q81238862	6000000181929631821
Q81241799	6000000007095264446
Q81244	6000000011242644863
Q8124763	6000000122487387893
Q81271983	6000000025438964886
Q81272779	6000000057188576898
Q81275280	6000000166013097072
Q81278398	6000000016596624863
Q81282174	4078625
Q81293738	6000000122525554916
Q81296324	6000000002643705781
Q81296356	6000000012596080605
Q81296818	6000000002643659848
Q81296818	6000000038146160003
Q81297327	6000000003783238424
Q81297581	6000000003783282763
Q81298092	6000000002233388001
Q81298356	6000000003572286161
Q81299008	6000000009375399724
Q81299061	6000000012315385775
Q81299271	6000000011571538019
Q81299271	6000000025596052807
Q81299935	6000000030838874964
Q81299935	6000000078767313932
Q81299976	6000000078766267818
Q81300	6000000027103782246
Q81300476	6000000014273484634
Q81300484	6000000004015668906
Q81301437	6000000008380234250
Q81301584	6000000007247486470
Q813058	6000000075212654846
Q8131454	6000000073820073212
Q81317	6000000051602701147
Q81320872	6000000054023183949
Q81324	6000000022686414711
Q813250	6000000035944561830
Q813264	6000000022450644611
Q813270	6000000064393272835
Q81328	6000000003130945021
Q813332	6000000010173624129
Q81335224	6000000040777752437
Q813365	6000000020073155622
Q81347417	6000000174092912061
Q813518	6000000057776204871
Q81355870	6000000028748158323
Q813641	6000000079279863868
Q81377598	5219973719710079295
Q81389182	6000000022307581048
Q81398436	6000000024287440077
Q81399440	6000000002529834516
Q814071	6000000080596720096
Q81414898	6000000153033325857
Q81420293	6000000028361192857
Q81420524	6000000013661771117
Q81422	6000000002145556219
Q81423638	6000000004019400194
Q81431589	6000000017701512583
Q81436471	6000000019214810348
Q81438	6000000001905136541
Q81439668	6000000102782865927
Q81441652	6000000006788786985
Q81443718	6000000090955684902
Q81447	6000000010799521427
Q814476	6000000008614140942
Q8145594	6000000002066767598
Q81458737	6000000060852686821
Q81489504	6000000017366230879
Q81498061	6000000077740512209
Q81499702	6000000072796582042
Q815	6000000001704892652
Q81506	4498828
Q81516	6000000016854123139
Q81518	6000000022563055525
Q81520	6000000017278721111
Q81538603	6000000000651029846
Q81540944	6000000016450817214
Q81545004	6000000032863546340
Q81547177	6000000002784654171
Q81547988	6000000002784707509
Q81548847	6000000041285148593
Q81557393	6000000097842047941
Q815575	6000000002709559312
Q81559062	6000000118052483821
Q81561718	6000000003939777608
Q8156940	6000000140203352888
Q81571684	6000000007741162541
Q815768	6000000011814988864
Q815772	6000000080596703208
Q815796	6000000023679954382
Q815797	6000000023679975376
Q81587932	6000000042237144850
Q8159	6000000074455947934
Q81591166	6000000042026167924
Q81595757	6000000011516648344
Q81605896	6000000012900629857
Q81608784	6000000009413800051
Q81616366	6000000015732880558
Q81619700	6000000016975085690
Q81619851	6000000034495446057
Q81620097	6000000020664780878
Q81620252	6000000013607112286
Q81626185	6000000039844751131
Q81636462	6000000021728303535
Q81637	6000000076466077834
Q81638	6000000033429454181
Q81639017	6000000020265388011
Q816403	6000000026696452654
Q816457	6000000007250557262
Q816459	6000000037949525628
Q816460	6000000013663348229
Q81646180	6000000032167806282
Q816463	6000000038157200473
Q81647440	6000000021727998665
Q816479	6000000015482337514
Q816481	6000000000262842455
Q816488	6000000060290071043
Q81650692	6000000004556454898
Q816551	380858139960004088
Q816552	6000000023143024054
Q816575	6000000020934065393
Q816576	6000000033985208049
Q816578	6000000010272300518
Q81658929	6000000011647264940
Q81659575	6000000038552409183
Q81659689	6000000083939512880
Q816597	6000000215029634829
Q81660438	6000000019171394571
Q81661702	6000000025808655739
Q816624	6000000019880369013
Q816625	6000000020436828967
Q816633	6000000029582602556
Q816636	6000000055408388055
Q8166437	6000000012464368099
Q816830	6000000156872897224
Q816849	6000000156963060847
Q81685	6000000014629144338
Q81687756	6000000041010134901
Q816885	6000000076221315043
Q81689302	6000000006128193753
Q816915	6000000002765080540
Q816924	6000000026188691953
Q816979	6000000016810669206
Q816980	6000000015551770142
Q817027	6000000001504396481
Q817052	6000000002879878840
Q817096	6000000181910701916
Q81711115	6000000011369483142
Q81712827	6000000041431648163
Q8171286	6000000018486768881
Q81716	6000000078589269083
Q817200	6000000182877198841
Q817220	6000000183902881899
Q817226	6000000020678690148
Q817239	6000000011499760404
Q8172466	6000000009796776788
Q817303	6000000026215399802
Q817304	6000000003251595984
Q817307	6000000145238959836
Q81731990	6000000199102249827
Q81733413	5154909213780106592
Q817350	6000000025709230527
Q8173654	6000000009835410231
Q817374	6000000017765804400
Q817377	6000000002893625528
Q81738153	6000000145345740979
Q81741556	6000000002788689607
Q817420	6000000052565808919
Q817423	6000000044165228535
Q817426	6000000006436187468
Q817433	6000000000955355922
Q817438	6000000051980883852
Q817441	6000000021225548051
Q817442	6000000044288913834
Q817445	6000000069166166821
Q81745686	6000000021400807617
Q817460	6000000034248970541
Q81746286	6000000007282738725
Q817463	6000000019584473319
Q817464	6000000008031972774
Q817468	6000000020379998809
Q817469	6000000003657179733
Q817472	6000000025503396917
Q817473	6000000026079691545
Q817478	6000000012645055359
Q817482	6000000082796576961
Q817483	6000000015415391791
Q817486	6000000006770977404
Q817488	6000000002814203113
Q817490	6000000017476692628
Q817491	6000000017807404382
Q817492	6000000003681536095
Q817493	6000000074821470903
Q817501	6000000013722626379
Q81750928	6000000036365331518
Q817513	6000000003616073833
Q817515	6000000141729129834
Q817516	6000000015222791524
Q817517	6000000141728785821
Q81752	6000000015827313938
Q817523	6000000019829975128
Q817528	6000000003412783329
Q817530	6000000021000588849
Q817531	6000000007775708735
Q817544	6000000004086373356
Q817547	5213755302070127039
Q817549	6000000004548131863
Q817551	6000000072094377911
Q81757093	6000000000904263149
Q817600	6000000169006639943
Q817605	6000000003939521328
Q817613	6000000002860855110
Q817620	6000000047021693840
Q817637	6000000007312683465
Q817647	6000000017263918478
Q817649	6000000010598303241
Q817660	6000000026364106843
Q817668	6000000098237834831
Q817669	6000000026199814684
Q81767951	6000000020524711989
Q817692	6000000004170011434
Q817693	6000000073953157141
Q817695	6000000009441624843
Q817702	6000000043129137159
Q817704	6000000020349550826
Q817705	6000000010628484453
Q817706	6000000002649893032
Q817708	6000000004947514594
Q817709	326731887150002640
Q817717	6000000002764860388
Q817721	6000000026727341847
Q817727	6000000014981207758
Q817729	6000000009410820162
Q817732	6000000070556683874
Q817734	6000000008260882623
Q817736	6000000026508265225
Q817739	6000000178181958842
Q817741	6000000014579517732
Q817744	6000000004590869683
Q817746	6000000007811235607
Q817749	6000000030433044118
Q817847	6000000015189874176
Q817863	6000000031255271852
Q817877	6000000047811151884
Q81787873	6000000124798748821
Q817890	6000000026132512332
Q817891	6000000020959836212
Q817909	6000000023908906957
Q817911	6000000028971704169
Q817914	6000000002764852724
Q817940	6000000022188017715
Q81796	6000000015249525080
Q81796088	6000000024831714507
Q817969	6000000004098072414
Q817970	6000000029981319611
Q817976	6000000020073948071
Q817985	6000000024210356124
Q817986	6000000100767744905
Q818000	6000000022732274617
Q818011	6000000083865616149
Q8180182	6000000046238238276
Q818027	6000000031759929986
Q8180297	6000000136972438933
Q818037	6000000181124251871
Q818040	6000000076448778979
Q81804240	6000000087008246918
Q818046	6000000021038935892
Q81805014	6000000007511822920
Q818053	6000000005599528178
Q818066	6000000025622819772
Q818074	6000000180265536858
Q818077	6000000058149054084
Q81814023	6000000022715988061
Q81819	6000000009075659181
Q8181930	6000000015461595459
Q81820832	6000000004993193015
Q81821389	6000000076890782870
Q818215	6000000010601120900
Q8182598	6000000009946731297
Q81826292	6000000015268514100
Q81826313	6000000006290173750
Q81826967	6000000013621864667
Q81827072	6000000006291096644
Q81827565	6000000017410218495
Q81828337	6000000064673543957
Q818320	6000000009287084393
Q818333	6000000021523535569
Q81834126	6000000016487098854
Q818388	6000000145343758829
Q81844418	6000000011691753280
Q818501	6000000105197233334
Q818507	6000000002199188941
Q8185966	6000000020614194391
Q818616	6000000021435960243
Q818632	6000000141009129839
Q81896925	6000000001675951795
Q818982	6000000016653991038
Q8189873	6000000058324823021
Q81918507	6000000034674544276
Q81918843	6000000001629108338
Q819286	6000000002725180429
Q81930337	6000000175549389822
Q819320	6000000010186715070
Q8193487	6000000000912116955
Q8193490	334805917300004530
Q819374	6000000014201593569
Q81941581	6000000002066576462
Q81942292	6000000007200229984
Q819458	6000000002188612895
Q81945859	6000000002796062660
Q819501	6000000000910504825
Q8195357	6000000057683655868
Q81954231	6000000073373851917
Q8195640	6000000029896773398
Q81960	6000000004539248427
Q819606	6000000006727770316
Q819630	6000000001157104064
Q81964884	6000000198956615830
Q819667	6000000005598801890
Q81969380	6000000009333485164
Q8196943	6000000027579568913
Q8196946	6000000074565946899
Q81969851	6000000022290391932
Q8197226	6000000055402773821
Q81974237	6000000008803125677
Q81976961	6000000019733861430
Q8197732	6000000000474996105
Q8197921	6000000029624082566
Q819793	6000000000387830078
Q8197947	6000000003400927970
Q81982562	6000000001675955201
Q820	6000000011140332523
Q820006	6000000177280796823
Q82006	6000000000825419962
Q820078	6000000014893180609
Q8201174	6000000053001429853
Q8201302	6000000022526238833
Q8201428	6000000012629450936
Q820181	6000000025427736505
Q8201894	6000000033158275903
Q8202081	6000000014641662431
Q82022	6000000089722290876
Q82023359	6000000077253362330
Q82025374	6000000125930993196
Q82026472	6000000003997375507
Q82032	6000000009691630239
Q820374	6000000012401966770
Q820393	6000000033700435708
Q820398	6000000139168878879
Q820418	6000000105919595249
Q8204634	6000000012774487552
Q8204781	6000000001469664682
Q82049	6000000023460479869
Q82052	6000000009691322694
Q8205747	6000000075662065881
Q8205884	6000000039230205385
Q8205978	6000000001563252564
Q8206264	6000000003937145768
Q820643	6000000071544125846
Q82066	6000000044023666025
Q82066777	6000000008941351491
Q820676	6000000022642354513
Q82069685	6000000024153218951
Q82069687	6000000010561195917
Q82069731	6000000028017761022
Q82069736	6000000019218038118
Q82083	6000000030264976703
Q82085	6000000058267316974
Q820863	6000000023357060846
Q820894	6000000082435004838
Q82090	6000000175240740952
Q820919	6000000083066706867
Q820975	6000000008824216460
Q82104	6000000011071696374
Q8210562	6000000025098340939
Q82110	6000000020216126038
Q821116	4719812855270026323
Q8211206	6000000001753229004
Q821168	6000000016462891655
Q821183	6000000023401256708
Q821209	6000000016511384936
Q82122	6000000074160964821
Q82125	6000000013100755234
Q821304	6000000017536159060
Q821315	6000000014913575443
Q8213940	6000000066457028850
Q821400	6000000025929512006
Q8214150	6000000013703723022
Q821465	6000000020252889178
Q821476	6000000011634852211
Q8215122	6000000021755490233
Q821537	5288997643360039213
Q821664	6000000011240502811
Q821681	6000000002764401662
Q82180	5336926869930024545
Q821805	6000000016145379521
Q82187689	618645
Q8218823	6000000145225064839
Q821990	6000000010837141342
Q822033	6000000020316865351
Q8220415	6000000083728315889
Q822135	5165092992000021176
Q82217	6000000177604624834
Q82219	6000000013578311988
Q822200	6000000019352704877
Q82221	6000000002259851921
Q82222	6000000044945163041
Q822284	6000000007234714071
Q822286	6000000020801497611
Q822287	6000000012753412770
Q822329	6000000057254773925
Q822346	6000000000416743351
Q822361	6000000010987746799
Q822372	6000000002898597219
Q82238401	6000000006291421255
Q82239795	6000000018084874934
Q822421	6000000013250106056
Q822438	6000000024033150926
Q822465	6000000058312976001
Q822470	6000000002764514519
Q82248	6000000014587065449
Q822489	6000000026398351310
Q82250	6000000014199574601
Q822502	6000000062907940935
Q82255067	6000000008343828518
Q822560	6000000004653020741
Q822594	6000000019011875134
Q822641	6000000013303254102
Q822663	6000000051560603071
Q822688	6000000004253311816
Q822741	6000000032209376246
Q82275	6000000011212454913
Q822764	6000000014824978783
Q822765	6000000063204307833
Q822768	6000000018410156727
Q82278	6000000011142135644
Q822793	6000000009288406866
Q822828	6000000014805671754
Q822895	6000000157323928825
Q822897	6000000164467968842
Q822934	6000000080183799218
Q82293426	6000000014575701132
Q82294350	6000000010018431665
Q82294719	6000000002930624270
Q82296475	6000000069999995828
Q822983	6000000015644936366
Q82300132	6000000021366232288
Q823003	6000000039234411441
Q82301	6000000016350485383
Q823013	6000000157118502840
Q823028	6000000002987545951
Q823035	6000000014282803298
Q823036	6000000008970296387
Q823045	6000000008089162127
Q823105	6000000020857803326
Q823114	6000000037876914701
Q823123	6000000022049009183
Q823236	6000000001514899937
Q823247	6000000019071100199
Q82342910	6000000156043721824
Q823446	6000000145956341825
Q82348244	6000000120648314434
Q82348979	6000000034738099841
Q8235156	6000000009847319652
Q8235277	6000000011589832672
Q82360	6000000027021494860
Q823911	6000000024875809421
Q823966	6000000039694324022
Q824016	6000000019934934339
Q824030	6000000006918439282
Q824041	6000000068190806838
Q824077	6000000177772190865
Q82409	312028416310004598
Q824106	6000000004533205342
Q824110	3653225
Q824206	6000000005923634302
Q824250	6000000006727753943
Q82429641	6000000088027111835
Q8243097	6000000149444239423
Q82431	6000000007660955196
Q82439648	6000000013008615945
Q82441218	6000000111000188821
Q82443	6000000076930406095
Q82443248	6000000006412868103
Q82443562	6000000013255229416
Q824448	6000000102830359127
Q824449	6000000052981203887
Q82445	6000000017197979890
Q824456	6000000062601246865
Q824457	6000000024174705983
Q824460	6000000015277799918
Q824471	6000000089014243242
Q82449	6000000010019936937
Q82451	6000000042955457825
Q824517	6000000000506696314
Q82457	6000000003646008347
Q82462	6000000002968864165
Q8246479	6000000000489714519
Q824648	6000000013792575435
Q82465	6000000019926224408
Q8246813	6000000019225355019
Q824697	4241807483190048294
Q824711	6000000025137303619
Q824727	6000000172520718460
Q824733	6000000002990627184
Q824751	6000000002802652851
Q824753	6000000010669379139
Q824763	418319
Q824779	6000000090466656864
Q824812	6000000173454245200
Q824834	6000000066969778159
Q824855	6000000009517919209
Q824859	6000000036582371874
Q8248673	6000000054755793825
Q824872	6000000105925837963
Q8248830	6000000028893840649
Q8248863	6000000212336101824
Q824905	6000000039250141137
Q8249123	6000000009823888198
Q824915	6000000018172257393
Q824922	6000000022921969124
Q8249433	6000000075507282857
Q824954	6000000071060320006
Q82496	6000000184077116925
Q824964	6000000015865214843
Q824976	6000000062340028880
Q824987	6000000125378131828
Q825000	4952251683690111825
Q825003	6000000013709099721
Q825038	6000000032693117377
Q8250391	6000000151380054901
Q825041	6000000091729484825
Q825044	6000000110287742943
Q825045	6000000017410416189
Q825083	6000000034960668859
Q825085	6000000021153265830
Q825112	6000000041057522107
Q8251179	6000000075500874996
Q825122	6000000001504252012
Q8251356	6000000075343822122
Q825139	6000000059942359909
Q8251689	6000000074699927869
Q8251697	6000000075429122829
Q8251705	6000000012653259346
Q8251709	6000000074717894873
Q8251729	6000000075427379886
Q8251739	6000000074710777906
Q8251746	6000000074785761307
Q8251757	6000000075420202947
Q8251769	6000000074703167252
Q8251782	6000000075489016843
Q8251789	6000000075485035159
Q8251812	6000000075426086941
Q8251827	6000000075499566356
Q8251854	6000000074768179162
Q8251874	6000000087659026946
Q8251876	6000000075497464066
Q8251881	6000000012653666070
Q825192	6000000078443560821
Q82520618	6000000003443984774
Q82523925	6000000080117933891
Q825274	6000000015732843366
Q825284	6000000018823155036
Q82532207	6000000037008525856
Q825331	6000000202332512841
Q825353	6000000009130395099
Q825373	6000000032448849345
Q825389	6000000002765747958
Q825398	6000000062733517511
Q8254121	6000000075429730854
Q8254137	6000000075429215842
Q8254143	6000000075429700890
Q8254163	6000000075429086869
Q8254173	6000000075429535830
Q8254182	6000000075429684891
Q8254185	6000000075427232807
Q8254267	6000000075429523906
Q8254281	6000000075429702130
Q8254299	6000000075430295926
Q8254320	6000000075430483823
Q8254380	6000000075429069137
Q82546	6000000004455027007
Q82549554	6000000014273885629
Q82549675	6000000014273512221
Q825500	6000000013174837638
Q8255089	6000000075338227940
Q825515	6000000005069212306
Q82551634	6000000202727153832
Q825531	6000000173743544859
Q825567	6000000025342971628
Q825571	6000000035371694156
Q82558509	6000000094525426839
Q82559	6000000102721782878
Q825614	6000000068661242062
Q82563	6000000030008097649
Q8256382	6000000074751347906
Q825647	6000000093839474908
Q825690	6000000024032507278
Q825694	6000000087980772069
Q825721	6000000080351605120
Q82572587	6000000032890076275
Q82573696	6000000044266392020
Q82576123	6000000193295181822
Q8257965	6000000038201225446
Q8258156	6000000074747098172
Q8258183	6000000074750782082
Q8258342	6000000074747214114
Q8258354	6000000074718017827
Q825886	6000000001875558003
Q8259128	6000000062805671988
Q8259161	6000000074724955268
Q82593	6000000002390377602
Q82594303	6000000010609419581
Q8259530	6000000029737813416
Q8259536	6000000075504143848
Q826046	6000000019697724263
Q826071	6000000034592647320
Q826108	6000000006953546229
Q826113	6000000015211472184
Q826122	6000000045156387841
Q826142	6000000206250090842
Q826159	6000000018649400506
Q826195	6000000027327867238
Q826209	6000000002775795200
Q82623198	6000000014277544656
Q82623361	6000000014074064627
Q826241	6000000006727757444
Q826251	6000000030103415935
Q826252	6000000016829975230
Q82625635	6000000018181452800
Q82626405	6000000012210053304
Q82627101	6000000009375548602
Q826273	6000000145924217021
Q826275	6000000001369934977
Q826280	6000000182576173823
Q826283	6000000056462725859
Q826287	6000000179854638855
Q826294	6000000119118605049
Q826296	6000000018819084574
Q826299	6000000059941461969
Q82631	6000000000628768680
Q826310	6000000034242256498
Q826313	6000000034472849965
Q826322	6000000133994184822
Q826331	6000000019588080361
Q8263353	6000000075428918960
Q826336	6000000126574548832
Q826339	6000000042934289894
Q826341	6000000026039249179
Q826344	6000000038164274772
Q826365	6000000007279772192
Q8263719	6000000032213252989
Q8263809	6000000030525473756
Q826381	6000000016475925109
Q8263880	6000000096163692859
Q8263894	6000000020839648223
Q826393	6000000020309686032
Q826394	6000000026851947187
Q826395	6000000025259612138
Q826397	6000000019002787524
Q826400	6000000138939702078
Q826402	6000000016220480049
Q8264030	6000000001515002395
Q8264046	6000000016679887686
Q826405	6000000016220352393
Q8264938	6000000016957853382
Q826524	6000000030058513130
Q826535	314652601570005452
Q826537	6000000029674768907
Q826574	6000000001609719547
Q826611	6000000027195558563
Q8266181	6000000075424910859
Q826659	6000000078555303118
Q826731	6000000013937029127
Q82677	6000000165156881056
Q826796	6000000022984841943
Q82680322	6000000064776177361
Q82680659	6000000015512735108
Q826866	6000000003335292952
Q82688	6000000173811962844
Q82691	6000000043211994613
Q8269382	6000000021341728923
Q8270646	6000000007368543213
Q827088	6000000059707712970
Q8271327	6000000054755724832
Q82715163	6000000184816572865
Q8271522	6000000013030579561
Q827228	6000000065849720166
Q8272614	6000000029601073498
Q8272820	6000000019106522006
Q82732146	6000000077361726143
Q8273268	6000000032954778871
Q827371	6000000032840583863
Q82737421	6000000039242843864
Q82737991	6000000001508521053
Q827400	6000000016023739008
Q827411	6000000009658126880
Q8274176	6000000019640594638
Q827443	6000000083993522914
Q8274717	341067764380006914
Q827486	6000000019912148919
Q82750454	6000000003094072374
Q827535	6000000015050884471
Q827540	6000000055256836887
Q827551	6000000127352222882
Q82760107	6000000027419130850
Q8276090	6000000050047335059
Q82764246	6000000025771754363
Q82768635	4455832936930012781
Q827691	6000000040493020384
Q82769197	6000000015771987253
Q827694	6000000017307545031
Q82769441	6000000015772103143
Q827703	6000000011192056434
Q827705	6000000015243593510
Q82770535	6000000019037599759
Q827706	6000000089084879149
Q827707	6000000000348795531
Q827711	6000000002765728561
Q827713	6000000023009391186
Q827714	6000000035616050760
Q82772639	6000000015809312989
Q827727	6000000026188687021
Q82772822	6000000015809374800
Q827737	6000000030493458708
Q827743	6000000049992459041
Q827745	6000000068521683884
Q827749	6000000017964391893
Q827752	6000000095389956093
Q827760	6000000015672010621
Q82776104	6000000001007594924
Q827767	6000000018413663468
Q82777585	6000000014569068476
Q82778	6000000011395982289
Q82778793	6000000031819124042
Q82779154	6000000031819384904
Q82779773	6000000130552552863
Q82780567	6000000031818511586
Q82781050	6000000031818729462
Q82782139	6000000037423823183
Q82782380	6000000037423705361
Q82782799	6000000042214492217
Q82783032	6000000042214686928
Q82783080	6000000042214389620
Q827844	6000000014310689542
Q827849	6000000024266216236
Q827852	6000000011299465335
Q82786	6000000014095461865
Q8278682	6000000009318110751
Q82787118	6000000015809482257
Q827882	6000000011434809364
Q827884	6000000176821965823
Q827887	6000000055098590096
Q8278925	6000000014120445102
Q827895	6000000020696633446
Q827910	6000000047499028032
Q827915	6000000080869756207
Q8279289	6000000204683888903
Q82795397	6000000157643710822
Q827979	6000000027612609892
Q827983	6000000000063831014
Q82805127	6000000016602977427
Q828057	6000000025488819319
Q828068	6000000013440622259
Q828078	6000000030853569014
Q828080	6000000017278841711
Q828091	6000000036116795160
Q828094	6000000000825419027
Q828101	6000000025306746729
Q828104	6000000000142400175
Q828131	6000000215040180827
Q828199	6000000016011814914
Q82823	6000000018612155230
Q828233	6000000055565971100
Q828247	6000000202668156858
Q828264	6000000009128936088
Q828269	6000000020759412665
Q828373	6000000015549819575
Q82840	6000000003431683928
Q828478	6000000019182383747
Q828501	6000000008326584649
Q828504	6000000017386336606
Q828580	6000000117637356963
Q828623	6000000084276895839
Q828639	6000000186234930115
Q82864	6000000020836339085
Q828641	6000000018499807202
Q828653	6000000091185248971
Q8288365	6000000040347666094
Q8288375	6000000072341411824
Q8288981	6000000015277454432
Q82891	6000000076544452846
Q828957	6000000002192408156
Q8289690	6000000021412639957
Q828979	6000000006727753099
Q8289912	6000000024821896458
Q8289912	6000000075508557006
Q829098	6000000025905717401
Q82914849	6000000016602357949
Q82923037	6000000016045335973
Q829235	6000000000632110261
Q82924250	6000000199038783880
Q82925	6000000000958819670
Q829266	6000000014387125095
Q829269	2651183
Q829279	6000000020959853150
Q829287	6000000036092540632
Q82934	6000000015676360654
Q82944241	6000000035236336706
Q82948675	6000000015905499584
Q8295214	6000000054765439830
Q82959	6000000057015564875
Q82964	6000000025362573214
Q8296616	6000000090759936991
Q829673	6000000003827474743
Q829787	6000000001664709020
Q829831	6000000014724875126
Q82984	6000000016809160191
Q829843	6000000061270974821
Q829891	6000000042576327292
Q829904	6000000018132245197
Q829918	6000000014327985646
Q829942	6000000019068050995
Q829947	6000000009324369118
Q829950	6000000020350855540
Q829957	6000000010408818782
Q82999	6000000026245909075
Q830000	6000000015373476931
Q8300044	6000000042168063657
Q830020	6000000009964226684
Q83003	6000000040183371089
Q83004	6000000109534759893
Q830066	6000000078447271593
Q830183	298349057780005454
Q830185	6000000009864490246
Q8301916	6000000065239180039
Q83029	6000000013429719381
Q8303073	6000000006444855078
Q830317	6000000174998538410
Q83038	6000000014631424553
Q83038557	6000000062307660821
Q8304541	6000000044384061146
Q830495	6000000024196303805
Q83059	6000000007060972456
Q830697	304397369760005660
Q8308181	6000000077373657399
Q83091625	6000000006267607769
Q830978	6000000000454285199
Q83100	6000000035520747882
Q831031	6000000016045147946
Q83106	6000000184178881825
Q8311049	6000000043610195824
Q8311054	6000000006725516076
Q831169	6000000075507121056
Q8311889	357169929970004794
Q831191	6000000074790780937
Q831270	6000000086289744844
Q831407	6000000137027979822
Q831417	6000000025511532551
Q831465	6000000027257657713
Q831490	6000000007495729226
Q83155	6000000011090708921
Q83157959	4931791073220117591
Q83158	6000000011068660082
Q83159	6000000003122354841
Q83160467	6000000133188477821
Q83160982	6000000104530203227
Q83163	6000000000495602927
Q831684	6000000058536456014
Q83168831	6000000006297063683
Q83171	4232275443940069827
Q83174	6000000014663204278
Q831742	6000000014533971587
Q8317521	6000000016324022859
Q83176293	6000000018385689161
Q83177331	6000000001508388780
Q83181096	6000000008982582115
Q83182	6000000068366702821
Q83184	6000000014563470580
Q83185991	6000000005948182055
Q83186569	6000000005093446108
Q83188582	6000000019170366761
Q83188745	6000000005022085757
Q83188934	6000000001514414418
Q83189232	6000000025529143654
Q83189753	6000000018865967148
Q83190789	6000000000385305122
Q83195808	4729022
Q83198492	6000000006590052923
Q83200622	6000000071425619909
Q832085	6000000001466210827
Q8321150	6000000173852596821
Q83215450	6000000031388507597
Q832215	6000000084134406352
Q8322504	6000000051168335902
Q8322598	6000000076166140926
Q83227589	6000000009512893525
Q8323100	6000000049069467821
Q832321	4446469567080061107
Q83233	6000000012672792120
Q832336	6000000015272324073
Q83235	6000000004149027562
Q8323700	6000000070955327061
Q8323785	6000000039966287741
Q832381	6000000026377598975
Q832421	6000000006727778046
Q8324646	6000000076938041430
Q8324901	6000000007389754288
Q832512	6000000016315622718
Q832526	6000000023810062719
Q832538	6000000009955917563
Q8325519	6000000021823406330
Q83258495	6000000040025588163
Q8325871	6000000002765752121
Q8325899	6000000021208322775
Q83259177	6000000020870348103
Q83262523	6000000034603840249
Q8326283	6000000021582723806
Q832633	6000000084310537331
Q832642	6000000076938915284
Q832655	6000000002765673154
Q8326594	6000000018695078739
Q8326835	6000000002765747006
Q832703	6000000138555538043
Q832710	6000000027597017428
Q83271556	6000000196265741846
Q8327579	6000000070284371848
Q8327677	6000000021391968492
Q8327681	6000000011536082008
Q832770	6000000038046184110
Q83278289	6000000020169895050
Q83278491	6000000013407527663
Q832794	6000000064256967830
Q83281119	6000000083707608081
Q832814	6000000031468047308
Q832815	6000000015757899830
Q83283169	6000000023215199854
Q83286328	6000000055873883887
Q83286371	6000000008930154908
Q83286465	6000000186940951835
Q83286698	6000000126641306901
Q83286861	6000000013514292155
Q83287	6000000016373266594
Q83287447	6000000017586055401
Q8328745	6000000182612255878
Q832878	6000000014027018484
Q8329092	6000000031391916524
Q83290970	6000000088818500217
Q832936	6000000080332160893
Q832937	6000000193569184822
Q8329561	6000000006707279328
Q83296337	6000000006285876730
Q83297	6000000010145732085
Q83298119	6000000006286063291
Q8329852	3304529
Q83299944	6000000010996037844
Q83300427	6000000006285739132
Q8330089	6000000003122303381
Q8330095	6000000076192510829
Q83309	6000000007014484124
Q8331419	6000000164238653850
Q83320025	6000000145336489834
Q83321	6000000014656473590
Q83322	6000000002954079683
Q83325	6000000007748913392
Q83326	6000000014959530953
Q83331	6000000000847324368
Q83333	6000000002789816525
Q833367	6000000011220035579
Q83338	6000000014038855730
Q833385	6000000011730162089
Q83339003	6000000009834087017
Q833395	6000000021384748610
Q833420	6000000011178163498
Q833433	6000000021165083909
Q833442	6000000030855257476
Q8335106	6000000047971786911
Q833539	6000000017766349742
Q833564	6000000008989407666
Q83359	6000000009604247971
Q83359584	6000000004407861399
Q83360310	6000000000840883690
Q83363530	6000000003975443847
Q83364402	6000000039504797183
Q8337374	6000000006869708968
Q83375280	6000000008852764645
Q833756	6000000122660238196
Q83376960	6000000019173678421
Q83377092	6000000006127131620
Q83383	6000000104669824834
Q83386067	6000000001388037513
Q83391962	6000000007482678742
Q83392000	6000000057458908095
Q8339223	6000000098652109159
Q83394992	6000000037741033647
Q83395673	6000000020708332656
Q83396	6000000002954185212
Q83400	6000000013885625404
Q83402657	6000000002143623319
Q83406	6000000012741042813
Q834079	6000000177669990861
Q834083	6000000044180090894
Q8340911	6000000071437165463
Q83410	6000000009646216773
Q834126	6000000034843747868
Q8342018	6000000021093603059
Q834239	6000000023345738374
Q83426843	6000000008881377474
Q83427371	6000000008881310490
Q83428	6000000017118229954
Q834313	6000000163492114822
Q83434569	6000000016393498292
Q83436160	6000000016586640036
Q83438208	6000000184253672828
Q8343904	6000000210495204079
Q834426	6000000017290991508
Q83442975	6000000006438535044
Q83442983	6000000006438557019
Q834431	6000000005848698006
Q83446110	6000000006353599036
Q834509	6000000007289717769
Q834527	6000000091206556050
Q83453870	6000000006353570030
Q8346	6000000041544737722
Q83460427	6000000006414303573
Q834615	6000000054968544852
Q834621	6000000016867739238
Q8346341	6000000003893241650
Q834636	6000000001953432670
Q834637	6000000057967199842
Q8346405	6000000163325208866
Q834652	321048379970004863
Q8346829	6000000015262608226
Q834746	6000000076812858349
Q83475195	6000000015703928818
Q834764	6000000093529503909
Q834767	6000000182798107826
Q83479066	6000000026355488055
Q83484	6000000013373014726
Q83484408	6000000062287401216
Q834853	6000000067831061976
Q83487995	6000000025955292103
Q83488	6000000010515928633
Q834889	6000000075405681884
Q83492	6000000009544537410
Q834922	6000000128833560822
Q83492948	6000000010263094466
Q83493	6000000015086169610
Q83493335	6000000038189292486
Q834984	6000000013798847728
Q83499	6000000017598368531
Q83499553	6000000029682325165
Q835	6000000018616394254
Q83501	6000000013304183202
Q83502452	6000000171585986826
Q8350294	6000000010154067852
Q835049	6000000008772208464
Q835053	6000000016511797696
Q835058	6000000013807595665
Q83511196	6000000006282959156
Q8351314	6000000006930475006
Q835174	6000000024038643597
Q83527831	6000000029074531548
Q83528793	6000000013309827195
Q83534	6000000077073027478
Q8353415	6000000003243418352
Q83535144	6000000095564897899
Q8353624	6000000006739959346
Q83537630	6000000008249791474
Q83538872	6000000002765047183
Q835405	6000000006741906639
Q83545626	6000000010600775125
Q83547727	6000000111537625821
Q83556939	6000000062346503378
Q83557	6000000030001677128
Q83566	4326409787820068985
Q835734	6000000062538638232
Q83578	6000000013128944868
Q83579	6000000158355306822
Q835816	6000000012827365310
Q83582020	6000000177609998835
Q835924	6000000075425388247
Q83598	6000000018523410684
Q836017	6000000007049409418
Q83606915	6000000029732479818
Q836119	6000000001503491238
Q83616335	6000000126682377829
Q83617	6000000065869995873
Q83617450	6000000056645286908
Q83617463	6000000008528466359
Q836176	6000000009821299052
Q83617780	6000000024446142778
Q83619	6000000024849905956
Q836191	6000000011590782932
Q836209	6000000074712091823
Q836416	6000000075403325821
Q83643520	6000000082021309331
Q83643540	6000000156413728862
Q83643674	6000000157658046821
Q83643679	6000000131468911821
Q83643720	6000000005437519408
Q83648587	6000000176002212854
Q83651317	6000000027820360722
Q836653	6000000000514931717
Q83671932	6000000018798497822
Q83672	6000000009796193423
Q836741	6000000075418539560
Q836767	6000000113555143841
Q836829	6000000054821057826
Q836849	6000000074736145957
Q836865	6000000029081731309
Q83688347	6000000129850906168
Q83689	6000000009669037985
Q83689193	6000000182971075900
Q83689409	6000000012925145696
Q83689436	6000000205802490884
Q83689657	6000000040766306940
Q836906	6000000008934416367
Q8369254	6000000016740969398
Q83708517	6000000176002150854
Q83727490	6000000021720138781
Q83729270	6000000017458460264
Q83732493	6000000020134066499
Q83733	6000000009154785943
Q83734337	6000000035891784877
Q83736519	6000000001485010888
Q83736572	6000000002164735334
Q83736620	6000000000660235678
Q83739405	6000000176031718837
Q83742731	6000000179814151856
Q83745130	6000000079740947851
Q837459	6000000074750847323
Q837541	6000000070191737506
Q837589	6000000075404565934
Q83761	6000000002188453286
Q83778094	6000000012149396705
Q83785167	6000000183903576842
Q83791590	6000000114860581122
Q83802965	6000000003882811344
Q83802966	6000000010340745610
Q83807	6000000029635674323
Q83808	6000000016443080122
Q83808407	6000000008421545788
Q83812	6000000025389307508
Q83813496	6000000046522350829
Q83813646	6000000035661234912
Q838227	6000000019856602570
Q83823741	6000000015453686316
Q83835160	6000000006436363221
Q83835394	6000000006338285565
Q838433	6000000075326006355
Q83854941	6000000029328005967
Q838629	6000000024024943921
Q838659	6000000076001452074
Q83867667	6000000021211313783
Q83867677	6000000027937495406
Q83870818	6000000011146710201
Q83870824	6000000024061838083
Q83873586	6000000076962228622
Q83874138	6000000008891459927
Q83882076	6000000179843009822
Q838826	6000000088377846822
Q83885701	6000000024917987251
Q83887553	6000000020201988794
Q83890081	6000000145850231061
Q83890908	4120830
Q838994	6000000079330833823
Q83900020	6000000008445827771
Q83900400	6000000046339970683
Q83906	6000000070680009196
Q83908217	6000000005576820708
Q83908409	6000000014580615464
Q83908409	6000000029903955396
Q83908409	6000000048747895011
Q83910274	6000000023342206824
Q83911030	6000000014516317270
Q83911694	6000000000908875337
Q83917994	6000000000908871525
Q83920537	6000000000908875320
Q839225	6000000025690586049
Q839335	6000000039487647518
Q83956192	6000000016291849507
Q83956194	6000000017408288038
Q83959404	6000000039888036310
Q83960	6000000002288008174
Q839673	6000000026449681243
Q83967569	6000000016107891659
Q839793	6000000028972106362
Q83979943	6000000009121007688
Q83982815	6000000010423675523
Q83983168	6000000018099467610
Q83984363	6000000078843898826
Q839975	6000000018812626698
Q839975	6000000085039981908
Q83999	6000000020853829598
Q840030	6000000092243091885
Q84018	6000000074792613877
Q84021	6000000042115909701
Q840220	6000000082526065010
Q84027769	6000000031655842054
Q84029890	6000000031655584250
Q84032906	6000000010311917936
Q84034	6000000026696086612
Q84034735	6000000016331597773
Q84043656	6000000024518995003
Q84044133	6000000156547710017
Q84053	6000000075777532824
Q84056369	6000000029074165345
Q84057918	6000000009391088013
Q840630	6000000007076669167
Q84066265	6000000195679855836
Q84071043	6000000175744482831
Q84078383	6000000077654961985
Q84078710	6000000111576506855
Q840791	6000000166465782863
Q84080362	6000000016827273214
Q84082068	6000000179965024831
Q84082680	6000000025503629535
Q84084337	6000000003884072862
Q84086789	6000000016050107162
Q840900	6000000076505270277
Q84092130	6000000016259081414
Q84100205	6000000000955150369
Q84100864	6000000036130063380
Q84109359	6000000017567461225
Q84110482	6000000006286178778
Q84112765	6000000034249072126
Q841145	6000000008531142323
Q841310	6000000007014385843
Q84136	6000000083993196114
Q84138513	6000000184035570831
Q84138547	6000000134605315849
Q84138554	6000000068325189873
Q84138605	6000000020961208526
Q84139476	6000000157657708850
Q84143445	6000000031524521477
Q84144457	6000000031524684885
Q84146553	6000000085329661135
Q84148	6000000015673607660
Q84150	6000000022195956298
Q84152	6000000022906175162
Q84156	6000000002732505963
Q84158518	6000000019867914765
Q84160502	6000000000353295761
Q841611	6000000091264583829
Q84162833	6000000013005733223
Q84163028	6000000042048432729
Q84165	6000000002765697327
Q84169078	6000000038552599049
Q84169136	6000000026779625375
Q84169173	6000000080861319951
Q84169234	6000000049840609047
Q84169236	6000000007619330061
Q84169282	6000000062743308850
Q84172654	6000000121206824519
Q84173656	6000000083301669212
Q84177	6000000079322004662
Q84181	6000000037792315191
Q84186	6000000007014479940
Q84187104	6000000052245199902
Q84192	6000000002004188529
Q84195799	1731795
Q84199	6000000024956958755
Q84201	3996690188820126654
Q842033	6000000141112260037
Q84207399	6000000019344709190
Q84211	6000000041802090683
Q84211112	6000000173285128846
Q842116	6000000025034056023
Q84215436	6000000106727130850
Q84217	6000000020732622694
Q84217201	4873274413520032110
Q84217203	6000000001363886016
Q84217238	6000000152542289955
Q84217247	6000000000184494573
Q84217251	6000000173288902850
Q84217254	6000000173284037823
Q84217256	6000000157559805834
Q84217259	6000000173284468917
Q84217286	6000000030658325404
Q842237	6000000074717302190
Q8422398	6000000008279531377
Q842265	6000000077014377622
Q84227	6000000015490017152
Q84228295	6000000028451956718
Q84229432	6000000003084218372
Q84231262	5602941923330117624
Q842313	6000000017622448240
Q84232	6000000015733231835
Q84233	6000000004549250952
Q84238	6000000002765094329
Q84239	6000000004120057538
Q84241	6000000105850233496
Q84246	6000000014129945412
Q84247622	6000000021092185876
Q84250	6000000059991264963
Q8425022	6000000074730917357
Q842505	6000000013105015115
Q84256046	6000000093946042973
Q84259727	6000000019345050928
Q84259756	6000000000225934447
Q84259793	4196801786860070827
Q84259823	6000000036890828554
Q84259841	6000000019345800132
Q84259862	6000000179484982834
Q84263	6000000190271027825
Q8426433	6000000086569886821
Q84266	6000000051322763983
Q84267503	6000000002106146617
Q84267511	6000000002106285279
Q84267518	6000000002106399306
Q84267778	6000000003774174781
Q84268257	6000000002898065557
Q84268357	6000000000746627005
Q84268379	6000000004229255297
Q84268381	6000000004018517610
Q84268537	6000000001744556723
Q84269111	6000000010593456221
Q84269656	6000000001180225901
Q84270088	6000000000955649347
Q84271594	6000000022422935494
Q84271626	6000000001660129637
Q84271627	6000000000668425727
Q84271628	6000000003938080443
Q84271629	6000000001660247422
Q84271631	6000000001660283385
Q84271632	296433713200006388
Q84271633	6000000000494278985
Q84272663	6000000006979436811
Q84272664	6000000006979764292
Q84272665	6000000006979912001
Q84272666	6000000000139031309
Q84272668	6000000006963960163
Q84272670	4322277512020043783
Q84272672	6000000000494282077
Q84272673	6000000000538503092
Q84274087	6000000103227601015
Q84276	5318646753630089420
Q8427812	6000000027817858597
Q84280	6000000012365540536
Q84281517	6000000006444244395
Q84281518	6000000000426519086
Q84282876	6000000026942056536
Q84282931	6000000000613953960
Q84282987	6000000004593203359
Q84284	6000000078604164129
Q84284455	6000000001608815109
Q84284543	6000000001353946207
Q84285434	6000000001170118753
Q84287	6000000070875406821
Q84292	6000000013093178273
Q842954	6000000074712753902
Q84296	6000000000407949258
Q8429679	6000000087098205937
Q84307	6000000010617879132
Q84308588	6000000000941352430
Q84308685	6000000002946659676
Q84308925	6000000001460735683
Q84308947	6000000054483768895
Q84311016	6000000003005581330
Q84311073	6000000040362627211
Q84312	3101347
Q843162	6000000085373913627
Q84316964	6000000090378863822
Q84317807	6000000035645194377
Q84317813	6000000026813888968
Q84319029	6000000035645476030
Q843212	6000000073001849844
Q84321324	6000000000286015469
Q84321347	6000000024050652640
Q84321353	6000000022423158289
Q84321401	6000000013514178171
Q84321649	6000000000769948852
Q84322294	6000000018597078944
Q84322562	6000000222898340835
Q84322920	6000000003940966251
Q84323221	6000000011027667551
Q84324272	6000000009959766929
Q84324496	6000000014260238654
Q84325	6000000022188425142
Q84325394	6000000006444369912
Q843276	6000000075407794839
Q84328	6000000008260653696
Q84330837	6000000002811384228
Q84332	6000000022881057272
Q84332447	6000000018106903551
Q84340	6000000087449642824
Q8434009	6000000002517120513
Q84341576	6000000051167304840
Q84341576	6000000083372333309
Q84344	6000000029759003041
Q84346777	6000000005443475162
Q843474	6000000074780332914
Q843476	6000000077498814432
Q84348060	6000000014742247694
Q843488	6000000132848980867
Q8435228	6000000091222914838
Q84352703	6000000014695901146
Q84354	6000000036566267948
Q84355057	6000000007273395284
Q84356	6000000079569298228
Q84356560	6000000034723802059
Q843571	6000000073216254105
Q84357142	6000000083345303865
Q84357458	6000000003940795043
Q84359830	6000000018561297268
Q8436018	6000000002859313391
Q84360537	6000000053398853160
Q84362109	6000000044599714044
Q843627	6000000031022978175
Q84363713	6000000013365812687
Q84364793	6000000007776287809
Q84365	6000000069053528877
Q84365160	6000000003635984423
Q84366408	6000000001540946389
Q84367379	6000000001540946344
Q84368234	292810944270004837
Q84369892	6000000017488598230
Q843700	6000000075034001872
Q84371	6000000083252779865
Q84380015	6000000036160501155
Q84384708	6000000032125792207
Q84384817	6000000056836267896
Q84386	6000000019594389797
Q84393	6000000015201521689
Q843931	6000000039010883148
Q84395	6000000003631596516
Q84395535	6000000006598807514
Q84399484	6000000006598461879
Q8440	6000000019705623820
Q84405	6000000010503673607
Q84409979	4558748711500082116
Q84411578	6000000036809491994
Q84412	6000000025446052555
Q8442	6000000010383972899
Q84422	6000000027191520626
Q84422437	4562543
Q84423	6000000010714617606
Q84430	6000000007014351617
Q84431	6000000015906298639
Q84431541	6000000000113846043
Q84432453	6000000075035933879
Q84433201	6000000006401940258
Q84438	6000000068787787832
Q84440540	6000000009385195135
Q84440544	6000000009387038051
Q84440552	6000000009385088157
Q84440554	6000000009385274047
Q84441	6000000123512522931
Q84441207	6000000009385701896
Q84441394	6000000009385236729
Q84441537	6000000007183684332
Q84441684	6000000104799665986
Q84441686	6000000104801453871
Q84442915	6000000003941080383
Q844433	6000000000190220038
Q84447	6000000048567550022
Q84448854	6000000000443371099
Q84448995	6000000000442954891
Q84449200	6000000000443414151
Q84449311	6000000007683967510
Q84449368	6000000011996648259
Q84449456	6000000000443420033
Q84449617	330539149380005971
Q84449696	6000000003658814742
Q84449786	6000000003655502377
Q844501	6000000024362422082
Q84450236	6000000003774214813
Q84450375	345729357270007093
Q84450463	3153422
Q84452032	4225886099680045592
Q84452576	4136143161140022716
Q84453024	6000000001915168012
Q84453160	6000000012033893456
Q84453259	6000000007549746164
Q84453299	4321275820470068484
Q84453342	6000000001851789810
Q84453386	6000000002994420571
Q84453388	6000000001891356379
Q84454916	6000000000806277459
Q84455027	6000000002447429357
Q84455150	6000000000966456006
Q84455234	6000000004852868022
Q84455305	6000000000240242425
Q84455365	6000000000240372023
Q84455478	6000000000240272377
Q84455596	6000000000240290231
Q84455838	6000000010039600523
Q84455878	6000000003636020547
Q84455883	6000000004672601001
Q84455884	6000000111077687838
Q84455885	6000000006444758818
Q844561	6000000015778128112
Q84459	376324806820003014
Q8446	6000000002447397301
Q84460	6000000075398181140
Q84460655	6000000002479936478
Q84461	6000000015703183795
Q84462022	6000000001363321280
Q84462781	6000000001367429806
Q84463354	6000000003615906765
Q84464	6000000002454336063
Q84464073	302331749020007146
Q84464295	302332100840006479
Q84464581	6000000002081790140
Q84465037	6000000020422880404
Q84465373	6000000000863979232
Q84465773	6000000000769880848
Q84465958	6000000000925261322
Q84466223	6000000000769955866
Q84468738	6000000006569915442
Q84470	6000000000632027409
Q84471742	4438482890030085741
Q84472187	6000000009526243848
Q84472465	6000000001351422577
Q84475	6000000008976813476
Q84475477	6000000020813779215
Q84475885	6000000086452163887
Q84475986	6000000017870831804
Q84476269	6000000017871956937
Q84476476	6000000001180391021
Q84476709	6000000082390284475
Q84477	6000000184268097829
Q84477479	6000000003693350806
Q84477661	6000000006100975391
Q84477861	6000000003525921520
Q84482	6000000010318596828
Q84484465	6000000128569550854
Q84486074	6000000003714979149
Q84489	6000000040476460239
Q84491316	6000000031714880536
Q84492743	6000000022494455937
Q84493	6000000046187494280
Q84495	6000000006419659711
Q844964	6000000015401488706
Q84497	6000000180900907828
Q84497409	6000000179029840212
Q84499524	6000000115988740828
Q845	6000000011062083049
Q84503	6000000081768624849
Q84509248	6000000007278771910
Q84509973	6000000043066091100
Q84511	6000000057142603945
Q84512754	3466980
Q84512821	6000000015502182524
Q84512837	6000000017707943140
Q84512891	6000000004047412483
Q84513021	6000000017707987171
Q84513103	6000000017707457939
Q84513158	6000000022017484784
Q84513595	6000000031070051956
Q84514	6000000017429488726
Q84514462	6000000009626826140
Q84516176	6000000006597176051
Q84516243	6000000028023705188
Q84516880	6000000006596909422
Q84517309	6000000025928470906
Q84517849	6000000024932953864
Q84518620	6000000003649396379
Q84518949	6000000001180344314
Q84521258	6000000015396510037
Q84521324	6000000029533617660
Q84521327	6000000003481758195
Q84521371	6000000001180344356
Q84522	6000000027817481958
Q84524	6000000007014371140
Q845256	6000000082155860833
Q845288	6000000006815342833
Q84530	6000000079066555352
Q84531550	6000000006174986701
Q84538	6000000003273892235
Q84542583	6000000007559230208
Q84544085	6000000006444668266
Q84544889	6000000007308211273
Q84545397	6000000000209545373
Q84545890	6000000003942607943
Q84546367	6000000007006389475
Q84546914	6000000000209542407
Q84548	6000000016428050496
Q84548833	6000000006100960075
Q84548969	6000000007891107339
Q84549079	6000000003077049291
Q84549510	6000000025082048453
Q84549526	6000000003077361035
Q84549546	6000000002812024076
Q84549594	6000000003939165975
Q84549709	6000000000229602408
Q84549737	6000000000229602343
Q84549753	6000000001239166044
Q84549770	6000000010123648528
Q84549784	6000000010123552402
Q84549797	6000000010123675306
Q84549942	6000000000229602105
Q84549969	6000000003937662724
Q84550020	6000000003938729206
Q84550038	6000000010123582016
Q84550088	6000000003938729236
Q84550116	6000000000608259147
Q84550189	6000000009861790889
Q84550201	6000000001132960242
Q84550437	6000000000229602181
Q84550455	6000000001239160817
Q84550472	6000000003938748012
Q84550681	6000000001239148792
Q84550707	6000000043253764995
Q84550743	6000000001239179313
Q84550762	6000000013666097601
Q84552	6000000068084814906
Q84552559	6000000001096994162
Q845528	6000000010026949239
Q84554	6000000180931052848
Q84554942	6000000009043734839
Q84555	6000000106614066999
Q84555596	6000000167608857128
Q84556502	6000000003075821529
Q84556564	6000000003077429744
Q84556607	6000000003146973798
Q84556653	6000000003146973803
Q84556753	6000000003146973813
Q84556787	6000000002447388193
Q84556827	6000000003076796784
Q84557577	4831740595300084372
Q84557659	5484589122160067682
Q84557936	6000000172619022991
Q84558132	6000000003075648369
Q84558339	6000000002036050066
Q84558550	6000000017989711426
Q84559	6000000021301767479
Q84560501	6000000014652964957
Q84560605	6000000000141962278
Q84561649	6000000028582076548
Q84561653	6000000076771638950
Q84562104	6000000022864906232
Q84562841	6000000021566557228
Q84562868	6000000067667333014
Q84564	6000000174010212476
Q84566431	6000000000588268245
Q84566431	6000000016668745865
Q845669	6000000074726644641
Q84569146	6000000002188416521
Q84569442	6000000028262092697
Q84570915	6000000109905115898
Q84571424	6000000006290713902
Q84571472	6000000006291025313
Q84571847	6000000067668101951
Q84571866	6000000004018379371
Q84572219	6000000000466697896
Q84572983	6000000003344209898
Q84573	6000000018650654032
Q84573724	6000000009548118931
Q84574361	6000000009815412556
Q845755	6000000000841479664
Q84576	6000000009639488443
Q84576463	6000000045956971918
Q84576961	6000000007994727204
Q84577145	6000000007994706256
Q84577265	6000000015928575523
Q84577457	6000000009470805585
Q84577963	6000000023784012271
Q84578748	6000000008910574442
Q84578997	6000000000560221578
Q84579050	6000000001831684399
Q84579145	3246320
Q84579755	6000000001441259298
Q84580106	6000000006783162353
Q84580157	6000000006782895608
Q84580201	6000000006778122178
Q84580244	6000000006778095256
Q84580270	6000000006778196110
Q84580381	6000000001099578590
Q84580381	6000000114484737984
Q84580670	6000000012013167261
Q84582514	6000000003939542126
Q84582729	6000000001831623034
Q84584841	6000000035415008584
Q84585	6000000010317634806
Q84589847	4511775007460035900
Q84590140	4493858728770023180
Q84590795	6000000009638480804
Q84590829	6000000072966586071
Q84591247	6000000032576025921
Q84591760	6000000008354686431
Q84593117	6000000100430118822
Q84593118	6000000100431680831
Q84593204	6000000009592968416
Q84593251	6000000009592907466
Q84593346	6000000009572326931
Q84593905	6000000000558440792
Q84594810	6000000000558911164
Q84595510	6000000004593895568
Q84595657	6000000013191245367
Q84596	6000000019797487395
Q84596565	6000000030206889851
Q84596566	6000000000557174754
Q84596572	6000000004594262857
Q84597290	6000000000557175115
Q84598020	6000000007261750201
Q84598106	6000000002873513413
Q84598222	6000000002969920878
Q84598256	5021890950670059569
Q84598266	5021894846120139715
Q84598308	6000000001940266545
Q84598342	6000000001940259407
Q84598414	6000000001940140746
Q84598455	6000000000559015038
Q845989	6000000011012209434
Q84599400	6000000000137689763
Q84599440	6000000000137681482
Q84599447	6000000006838757460
Q84599461	6000000019352017618
Q84599481	6000000001399564272
Q84599554	6000000003078144879
Q84599750	6000000008009578366
Q84599755	6000000008009495803
Q84599761	6000000008009552364
Q84599767	6000000008078969534
Q84599770	6000000008009477637
Q84599772	6000000009593093207
Q84599866	5021886900980122712
Q84599925	6000000002969920855
Q84600001	6000000000769855852
Q84600051	6000000049569796821
Q84601672	6000000020200084804
Q84601675	6000000009906429345
Q84601840	6000000025483435470
Q84602260	6000000024564396846
Q84603	6000000000402282207
Q84603113	6000000017487868761
Q84605	2781951
Q84606043	6000000000182129361
Q8460621	6000000034370953700
Q84607023	6000000070629957183
Q84608	6000000010504420639
Q84608956	6000000021062860594
Q84608961	6000000066681555852
Q84610478	6000000178963775829
Q846112	6000000074791716929
Q84612	6000000052180729904
Q84614616	6000000012045933883
Q84614620	6000000017157322925
Q84617	6000000055184573908
Q84618	6000000041421501661
Q84622211	6000000021062683349
Q84622341	6000000020135704417
Q84623392	6000000000475182067
Q846255	6000000074758370901
Q84625814	6000000046559848289
Q84625989	6000000009795422210
Q84626	6000000059062095932
Q846264	6000000007471129080
Q84626596	6000000004087473671
Q84626705	6000000003357577534
Q8462681	6000000051856030106
Q84626975	6000000009553474770
Q84627	6000000013527404543
Q84627019	6000000009553536910
Q84627069	6000000001382987767
Q84627097	6000000013853269451
Q84627146	6000000001382987913
Q84627177	6000000013853295237
Q84627490	6000000008344008018
Q84627495	6000000004379298044
Q84627498	6000000046243003853
Q84627527	6000000012785651324
Q84627670	6000000015097149683
Q84627701	6000000009324781105
Q84627797	6000000013852732116
Q84627836	6000000013852727312
Q84627871	6000000013852769023
Q84627908	6000000016117581076
Q84627932	6000000016117531612
Q84628077	6000000013310046246
Q84628108	6000000013309982254
Q84628308	6000000009553698896
Q84628310	6000000009553889975
Q84628613	6000000013840654520
Q84628719	6000000052867990977
Q84628813	6000000011188126558
Q84628862	6000000011188218056
Q84628946	6000000002872900393
Q84628979	6000000000632103498
Q84629098	6000000010245836028
Q84630041	6000000084873330897
Q8463086	6000000015751347860
Q84631570	6000000000047106992
Q84632	4342390539520052717
Q84633563	6000000009093355533
Q84634020	6000000002801481622
Q84636986	6000000021062855498
Q84637895	5444461895220125888
Q84648	6000000012630760753
Q84651	6000000006443872116
Q84659	6000000039815620682
Q84660	6000000045013593822
Q84667	6000000016425254351
Q84669	6000000064489084538
Q84670	6000000019784367107
Q84670109	6000000011873260550
Q84677045	6000000011872677967
Q84679	4240198088860059285
Q84682	6000000034499903821
Q84689	6000000026971548826
Q84689376	6000000172523223603
Q84691	6000000067092051312
Q84696	6000000084150667986
Q84696799	6000000014810547377
Q84702890	6000000007401818487
Q84704	6000000073191231057
Q84705	6000000002188429890
Q84708	6000000026200612017
Q84710937	6000000102170134874
Q84712	6000000080861960908
Q84712032	6000000112884868995
Q84714	6000000037940656989
Q84715	6000000015299090704
Q84715825	6000000005494318007
Q84717	6000000180814148848
Q84717059	6000000178253493848
Q84718	6000000017618266514
Q84718607	6000000068325175072
Q84718695	6000000176009132861
Q84719	6000000001682463089
Q84719479	6000000029893854189
Q84720245	6000000080324117832
Q84720264	6000000088572930958
Q84720331	6000000053197117825
Q84720837	6000000008450081312
Q84721062	6000000060255362127
Q84721248	6000000007566263619
Q84721733	6000000206599452835
Q84722302	6000000221043627859
Q84722601	6000000044247338147
Q84722984	6000000013267156444
Q84723002	6000000010529130308
Q84723031	6000000221574760827
Q84723068	6000000209175218848
Q84723105	6000000172480102950
Q84724274	6000000012770445206
Q84724471	6000000073753351166
Q84724716	6000000049182558960
Q84725159	6000000171289929187
Q84725250	6000000004108638908
Q84726492	6000000010917500718
Q84727553	6000000004108800357
Q84728611	6000000041584331028
Q847309	6000000179494953972
Q84730947	6000000002801270300
Q84731	6000000027084524938
Q84731181	6000000002801318298
Q84735	6000000097876484883
Q84735994	6000000022075790518
Q84736	6000000018221197510
Q84737	6000000019446948147
Q84740343	6000000020417387965
Q84744362	6000000076374183026
Q84746910	6000000004086791685
Q84751469	6000000001180356050
Q84753	6000000006508805007
Q84753407	6000000194572762853
Q84753803	6000000000463445525
Q84754	6000000078489005899
Q84756647	6000000025542163089
Q84758006	6000000180732780823
Q84760403	6000000173922217531
Q84760404	6000000046982491876
Q84761096	6000000046982646844
Q84761711	6000000006294012423
Q84761736	6000000006294369019
Q84763	6000000023484761357
Q84763799	6000000025705277141
Q84765474	6000000033183775849
Q84765501	6000000006359639080
Q84766526	6000000017353079059
Q84767632	6000000001483355688
Q84767892	6000000002543931586
Q84769	6000000007014463450
Q84769615	6000000014885467701
Q84771	6000000009379781398
Q84772412	6000000018147453379
Q84773	6000000002207856080
Q84774	6000000000309435850
Q84774507	6000000122469057140
Q84780	6000000050882910878
Q84783426	6000000002174972868
Q84789	6000000180928570839
Q8479	6000000005599137513
Q84790	6000000010383567806
Q8479028	6000000012396253564
Q84794	6000000007939100370
Q84795732	6000000006558426001
Q84796708	6000000015405375401
Q84797	6000000174683095902
Q848	6000000001688790854
Q848026	6000000069232163836
Q848053	6000000024901555039
Q84809745	6000000062564227888
Q84813452	6000000062584892859
Q84814	6000000092936551840
Q848144	6000000008691593041
Q84817	6000000009959663231
Q84819250	6000000104953253873
Q84820146	6000000040658547711
Q84820386	6000000013311876793
Q84822881	6000000052965899821
Q84823065	6000000007370093912
Q84823326	6000000062564612834
Q84827	6000000018185871372
Q848276	6000000058171810884
Q84830	6000000019126991523
Q848334	6000000011439232496
Q848367	6000000021717306799
Q84837	6000000015985981470
Q84838	6000000075039615070
Q84838545	6000000128500986903
Q848387	6000000001686602355
Q84842	6000000027954258255
Q84844234	6000000010931286566
Q84845617	6000000005051413501
Q84851399	6000000109015608955
Q84851989	6000000056076828082
Q84854593	6000000122535753326
Q84855	6000000040704643592
Q848556	6000000032145826980
Q84855655	6000000006368307001
Q84859	6000000001094543334
Q84859615	6000000183237879850
Q84860	6000000019712236315
Q84861	6000000037608547890
Q848615	6000000000851678345
Q84861783	6000000100290689846
Q84862566	6000000006359710050
Q84863098	6000000010666706397
Q84864	6000000006727790441
Q848643	6000000041689475317
Q84865095	6000000000608278467
Q84866266	6000000011205782800
Q84867	6000000010551701120
Q84867257	6000000010591007944
Q84867290	6000000010591100842
Q848682	6000000041189605200
Q848738	6000000112056214004
Q84874325	6000000017877990482
Q84880673	6000000006268225037
Q84882	6000000076741194104
Q848823	6000000081362489863
Q84885	6000000027540664846
Q84888	6000000020943258309
Q84888773	6000000000608278440
Q84890	6000000037806719638
Q84891	6000000021540775544
Q84896953	6000000014815280594
Q849	6000000017467111530
Q84902	6000000081708529583
Q84902066	6000000017606842176
Q84905	6000000010327940398
Q84906114	6000000008378510103
Q84906325	315463260210005602
Q84906424	6000000004107694328
Q84906542	6000000002907865326
Q84906627	6000000002907792878
Q84906764	6000000002530812811
Q84906880	6000000000522068680
Q84907	6000000013271164505
Q84907023	6000000002058013160
Q84908	6000000039655504310
Q849112	6000000140070794893
Q849122	6000000048603456991
Q849123	6000000065113178862
Q84914	6000000032811432906
Q84920	6000000026379967650
Q84921662	6000000016245331321
Q84922	6000000000307265714
Q84922715	6000000009063739544
Q84927	6000000017138589290
Q84929	6000000002188461403
Q84930329	6000000122565548821
Q84937	6000000039970646541
Q84938	6000000012815562188
Q84938612	6000000020151033172
Q84938650	6000000031751039082
Q84938777	6000000016821916383
Q84941121	6000000080908253832
Q84943	6000000074916870845
Q849444	6000000042873440859
Q84945	6000000177993325825
Q849455	6000000003788875284
Q84946	6000000015746337731
Q849515	6000000007216064073
Q84953625	6000000090934639855
Q84953668	6000000006347378203
Q84957	6000000074761957939
Q84957235	6000000015629749197
Q849628	6000000076169438894
Q84963936	6000000000274295512
Q84964	6000000009655060895
Q84968	6000000044522821642
Q84969	6000000078634447020
Q849696	6000000174819491224
Q84970	6000000011190805943
Q84971	6000000008210960948
Q849718	6000000010582971457
Q84973	6000000050682808265
Q84981233	6000000011100062644
Q84982	6000000071632376898
Q84984061	6000000052095566916
Q84986615	6000000002273335948
Q84986973	6000000026408363242
Q84991	6000000015808872063
Q84992	6000000047126073867
Q84994	6000000180427903916
Q84996190	6000000024962352401
Q849977	6000000070147005848
Q84998	6000000050840094846
Q84999	6000000004096873613
Q85004593	6000000017440172167
Q85014	6000000040657656983
Q850141	6000000003128890914
Q850147	6000000172621768148
Q85015452	6000000180165335857
Q8501771	6000000175352127896
Q85017712	6000000027472553310
Q85018	6000000025107777900
Q85019439	6000000031792201821
Q85021	6000000000699639917
Q850224	6000000081867232247
Q850287	6000000012503273989
Q850289	6000000016277980814
Q850295	6000000016698333180
Q85031	6000000023941662809
Q85033119	4309965836790042037
Q85033878	6000000007086578993
Q8503464	6000000017018256670
Q85035	6000000029220974869
Q85037	6000000069206242938
Q85037821	6000000067136813254
Q850385	6000000014306670598
Q85040	6000000007273057084
Q850400	6000000026215888821
Q850407	6000000176994266837
Q850434	6000000036155976715
Q850437	6000000036159269223
Q850440	6000000078160573367
Q850455	6000000056261493919
Q8504586	6000000111030542848
Q85046	6000000008260758470
Q850460	6000000025633158186
Q85047538	6000000028725335308
Q85048	6000000008354893243
Q850489	6000000012742912529
Q850490	6000000017276158152
Q85050418	6000000021848864215
Q85050483	6000000080503441982
Q85051	6000000036515023387
Q8505151	6000000180257572857
Q85054	6000000018959004727
Q850596	6000000014310549682
Q85063	6000000016538261006
Q850638	6000000079629697329
Q85066	6000000056704656975
Q85071164	6000000006971990429
Q85072	6000000180190511821
Q850743	6000000185558487977
Q85078	6000000026842148932
Q85083565	6000000015245466777
Q85087	6000000004692643513
Q85087135	6000000028724105316
Q85087190	6000000011352455370
Q85087215	6000000002764365775
Q85087317	6000000011386272517
Q85087329	6000000028566371013
Q85087566	6000000031866605456
Q85087633	6000000005599189508
Q85087715	6000000033445960082
Q85087848	6000000066671064891
Q85087853	6000000065159589075
Q85087881	6000000014406331255
Q85087896	6000000009477467920
Q85087967	6000000030332883361
Q85088001	6000000004957478266
Q85088090	6000000021221371422
Q85088133	6000000027236316153
Q85092	6000000041537970857
Q850980	6000000032447362836
Q85102	6000000025969514705
Q85103	6000000000369260229
Q85112122	6000000043854110049
Q85116495	6000000021488563280
Q85117383	6000000009076781927
Q85118447	6000000016392591892
Q85124	6000000077123718297
Q85128176	6000000026712220188
Q85130	6000000013669072423
Q851324	6000000120169154833
Q85133761	6000000133388959822
Q85134	6000000010733206597
Q85134658	6000000006174039578
Q85136940	6000000008686857973
Q85138028	6000000056327417945
Q851423	6000000114643572009
Q85144	6000000180989365869
Q85147936	6000000113267900829
Q85151	6000000153933565821
Q851529	6000000028541757444
Q85154	6000000038042700085
Q85155	6000000028062754430
Q85157328	6000000006794786672
Q85157374	6000000006794455907
Q851590	6000000006734852355
Q851615	6000000026152839762
Q8516170	6000000177021896848
Q85165	6000000181165458823
Q851653	6000000021789506617
Q851658	6000000017728238103
Q851699	6000000003515916658
Q85170578	6000000003021795034
Q85171226	6000000187654197823
Q85174	6000000028354988696
Q85175369	6000000002049745245
Q85176	6000000007176844629
Q85177	6000000068548226885
Q85180377	6000000021636765435
Q85186557	6000000007980466830
Q85187939	6000000129436240962
Q851913	6000000042665309967
Q85195	6000000194784961824
Q85195283	6000000009077105509
Q85198691	6000000162280101838
Q852007	6000000028140618525
Q85202497	6000000083479372867
Q85204	6000000020658549239
Q852048	6000000119121415950
Q85209	6000000013753946812
Q85210	6000000027751824642
Q852134	6000000076355411205
Q852140	6000000090964123832
Q85215541	6000000000533956073
Q85218968	6000000029682210993
Q85222	6000000078643338503
Q85225	6000000036124485887
Q85232	6000000014309967700
Q85234	6000000026016342256
Q85235	6000000019515367119
Q85235466	6000000064577752890
Q85236069	6000000016750626395
Q85236069	6000000215796402839
Q85236607	6000000016682103485
Q85236664	6000000038239590696
Q85236664	6000000212898891828
Q85236890	6000000014059814119
Q85241	6000000000137590982
Q85243	4626770975100063237
Q85250693	6000000015963482492
Q85257	6000000180401148840
Q85259	6000000008202773097
Q85267	6000000025341350368
Q85267111	6000000023022982315
Q85267561	6000000023023728834
Q85268	6000000000309318433
Q85270743	6000000037357218910
Q85274	6000000040777891983
Q852762	6000000028427641704
Q8527645	6000000161425941821
Q852776	2647416
Q852788	6000000028427998175
Q85279	6000000073810502847
Q852839	6000000010649074951
Q852865	6000000027255007285
Q85288501	6000000037509798181
Q85290	6000000002188409127
Q85293	6000000015818125725
Q852952	6000000013465204365
Q85296	6000000008584261727
Q852966	6000000017428898189
Q852970	6000000017477461604
Q852971	6000000013807593273
Q852975	6000000013806889254
Q852979	6000000024207113836
Q852982	6000000089013066833
Q852988	6000000017033793950
Q852990	6000000020945650792
Q852992	6000000014715323077
Q85299549	6000000018020430673
Q852996	6000000015257937409
Q85299662	6000000177772455930
Q852997	6000000016950785582
Q85299717	6000000177774015823
Q853	6000000074085427045
Q85302	6000000004194827618
Q85304260	6000000030816857843
Q85304555	6000000198131663710
Q853047	6000000056215601951
Q85307809	6000000012221340337
Q85308252	6000000050525528244
Q8530857	6000000018162082472
Q85309	6000000145372319823
Q853095	6000000104892904002
Q85310	6000000081458042607
Q85313	4146151850490037317
Q853155	6000000088198725942
Q85321960	6000000002831280898
Q853226	6000000025956275291
Q85323326	6000000056457470906
Q85329432	6000000011223211713
Q85333	6000000028608152256
Q853337	6000000064761000821
Q853340	6000000029636545906
Q853369	6000000046392842051
Q853389	6000000016254062681
Q85339	6000000053145508359
Q853392	6000000075247352843
Q85343	6000000007014463902
Q853447	6000000024740273005
Q853461	6000000069481883896
Q853511	6000000020814057568
Q85354	6000000182352133842
Q85358771	6000000002228112387
Q85358782	6000000008352656560
Q853642	6000000008852673361
Q853649	6000000072033767094
Q853652	6000000072034027933
Q853678	6000000052166526087
Q85370	6000000037133411408
Q853781	6000000004015928141
Q85383	6000000077227157071
Q853842	6000000016347619009
Q853843	6000000019471132008
Q85388	6000000014886793167
Q85389	6000000068375876884
Q85393612	6000000072969046880
Q85394	6000000052181203853
Q853990	6000000088865229902
Q853993	6000000088864711850
Q85402026	6000000039671970418
Q85405910	6000000009387955679
Q85408978	6000000023315752107
Q85410735	6000000000793777025
Q85412329	6000000026103777814
Q85414	6000000032126256948
Q854150	6000000043992952837
Q85418769	6000000038920588829
Q85418991	6000000156267429822
Q85420	6000000041072857473
Q85424850	6000000019170824888
Q854253	6000000008976695621
Q854253	6000000084174654896
Q85426	6000000022357932543
Q85427	6000000038767004582
Q854281	6000000105312120000
Q85429	6000000022770553906
Q85430571	6000000006279876674
Q85437395	6000000113246802821
Q854411	6000000011029446647
Q85442	6000000028909020854
Q85447	6000000035526246122
Q85448	6000000148879808936
Q854508	6000000026744305686
Q85452283	6000000039797673897
Q854526	6000000031306378620
Q854527	6000000018680530570
Q85453537	6000000008996616009
Q8545411	6000000037560253090
Q85455135	6000000006740337574
Q85456	6000000033011304197
Q85457	6000000020250831835
Q85472	6000000013440321031
Q854729	6000000034436447805
Q85473	6000000007711360337
Q85474509	6000000000645511291
Q854753	6000000120653929079
Q85476	6000000180948902844
Q854769	6000000008278762188
Q85479	6000000108710292020
Q85484206	6000000008897039427
Q85489430	6000000012164621293
Q85490	6000000182642328858
Q854908	6000000107454113076
Q85491474	6000000076353952227
Q85491820	6000000076354537860
Q854930	6000000015239656625
Q854953	6000000134015103186
Q85499	6000000015375409166
Q855	6000000000774530730
Q85501	6000000011356084018
Q855023	6000000015138414363
Q855026	6000000120291440885
Q855034	6000000025529259069
Q85506	6000000014755714848
Q85508	6000000047650932905
Q8550982	6000000180775124830
Q85511491	6000000177061702918
Q855139	6000000011714935976
Q85515500	6000000020387327134
Q85516019	6000000034814251139
Q85516775	6000000019125040938
Q85517	6000000057156191965
Q85517610	6000000008996930538
Q85520930	6000000008996872501
Q85521141	6000000038168047168
Q85521906	6000000123010284967
Q855233	6000000030919718720
Q855240	6000000143173484907
Q855252	6000000015795796997
Q855258	6000000141017814026
Q85533	363611125470002332
Q855422	6000000001296507260
Q85544	6000000019441453129
Q85549118	6000000011195529537
Q85553273	6000000000637332026
Q85553481	6000000051330702868
Q85554	6000000019074414293
Q85557	6000000032413895110
Q8556647	6000000032075488417
Q85567	6000000000137680099
Q85569092	6000000016617246594
Q85573	6000000130780470226
Q855746	6000000074758986823
Q855749	312520465170005805
Q85575	6000000008286740235
Q855752	6000000075406378892
Q855797	6000000074715826877
Q855812	6000000075131816858
Q855846	347197494680011106
Q855938	6000000021304916314
Q85595	6000000118195978869
Q8559941	6000000019982604625
Q856008	6000000078353670897
Q85601	6000000037495397957
Q856043	6000000035574435392
Q85607305	6000000010188012469
Q85608043	6000000011527663221
Q8561594	5407207998490071979
Q85616238	6000000024851923471
Q85621130	6000000123506281914
Q856223	6000000075405342942
Q8562606	6000000008105369103
Q85626067	6000000005767671197
Q85627863	6000000177564259831
Q85628	6000000041802457273
Q8562880	377731005400012538
Q85629	6000000045743506437
Q8563234	6000000019732870020
Q8563238	6000000010181302542
Q85636	6000000063004951054
Q85636272	6000000014207124353
Q8563888	6000000042704151581
Q85639	6000000068489152017
Q8564055	6000000016943416089
Q85641	6000000002802236247
Q85642	6000000057108634818
Q8564253	6000000175850172927
Q85648819	6000000078881645113
Q85648918	6000000005764159095
Q85651285	6000000006175815688
Q85654	6000000071153939822
Q85656541	6000000046226981884
Q85656543	6000000046226823828
Q85656548	6000000003933707138
Q85656571	6000000162899321826
Q85656573	6000000162899434845
Q85656604	6000000058516762868
Q85662181	6000000145765071843
Q85663	6000000172859421482
Q85666	6000000014310758023
Q856687	6000000025453487905
Q85669	6000000020449991140
Q85669789	6000000177003204890
Q8567507	6000000012360815213
Q85680	6000000063310461539
Q85680540	6000000002642732043
Q85681121	6000000040064511180
Q85681771	6000000106480343829
Q85686	6000000184351812847
Q85687467	6000000180165044823
Q85689895	6000000004136454349
Q85695	6000000023162153546
Q85695339	6000000000311583349
Q857	6000000002746687507
Q85703434	6000000000287319396
Q85704	6000000165807915487
Q85706997	6000000032347199158
Q85710	6000000011658435485
Q85712534	6000000004096259276
Q85713945	6000000041494858089
Q85719	6000000179857306836
Q85725	6000000012179522375
Q85726	6000000010412602709
Q85727	6000000018317270954
Q85728	6000000011601155837
Q8573	6000000012826938901
Q85730	6000000030147053909
Q85731	6000000036923942207
Q85738	6000000019545125106
Q85744	6000000004096150154
Q85745	6000000162681274821
Q85748463	6000000026077993149
Q85753	6000000180851432904
Q85756004	6000000000042372195
Q85758653	6000000003693265134
Q85760	6000000025255886482
Q85763078	6000000080087775199
Q85765	6000000083050539229
Q85766	6000000036060654994
Q85767	6000000028709356436
Q85768792	6000000123704901940
Q85771	6000000137198846824
Q85771385	6000000004548897974
Q85771392	6000000002247916462
Q85771397	6000000003547836379
Q85771529	6000000004642541379
Q85771593	6000000003146976831
Q85771793	6000000021491467325
Q85772018	6000000001560068058
Q85773942	6000000123705778831
Q85777	6000000057387155303
Q85785222	6000000001011953094
Q85787	6000000001547844470
Q85787817	6000000027520957699
Q85788	6000000173349543936
Q85792	6000000107550899959
Q85793	6000000026186904657
Q85795776	6000000004641843232
Q85797145	6000000008218728982
Q85799398	6000000027952195233
Q8580018	6000000018513528131
Q85801519	6000000007570177556
Q858022	6000000074719765004
Q85803445	6000000000293438475
Q85803448	6000000006801835429
Q85804913	6000000218568381941
Q85807067	6000000006441512645
Q8581	6000000003139247507
Q85812	6000000018858479476
Q85813722	6000000092292477955
Q85815	6000000018856673524
Q85815586	6000000000954918396
Q85815792	6000000002566740145
Q85816	6000000092605050846
Q85819	6000000072722418878
Q85820413	6000000022381906179
Q85820502	6000000193862464829
Q85820609	6000000015870688932
Q85827643	6000000028707197272
Q85831787	6000000148115220821
Q858327	6000000016119796692
Q85832746	6000000000715053174
Q85834537	6000000027310923914
Q85835147	6000000076618999243
Q85838	6000000014782219626
Q85841749	6000000003502381721
Q85842	6000000032441498217
Q85842730	6000000169420173822
Q85843222	6000000012708751248
Q85845	6000000050994701915
Q85845885	5226100801720115922
Q85846199	6000000006188798567
Q85848	6000000010323506642
Q858483	6000000013299708995
Q85848904	6000000033738285572
Q85849997	6000000010783664657
Q85850	6000000017019504647
Q85850573	6000000106627672911
Q85851557	6000000017205222835
Q85852096	6000000038360253890
Q85852295	6000000091664904023
Q85852316	6000000009495157708
Q85852663	6000000019083956977
Q858532	6000000017156248141
Q85853318	6000000014319455956
Q85853379	6000000008378379701
Q85853630	6000000129664275879
Q85853646	6000000173022025878
Q85853791	6000000172450306009
Q85854098	6000000069372923018
Q85854188	6000000013164236268
Q85854193	6000000076746535604
Q85854379	6000000006961660437
Q85854400	6000000026587507055
Q85854444	6000000176623738122
Q85854889	6000000079308219195
Q85854996	6000000109830801837
Q85856	6000000017721436516
Q85858236	6000000221107734840
Q85858546	6000000190009303876
Q85858867	6000000078249920720
Q85859007	6000000013169668354
Q85859019	6000000020880814233
Q85859028	6000000176701323823
Q85859096	6000000042149250109
Q85859197	6000000125155759922
Q85859197	6000000217692077866
Q85859401	6000000020559660470
Q85859633	6000000007534597342
Q85860187	6000000071055907152
Q85860510	6000000212499539846
Q85860626	6000000078068041000
Q85860690	6000000183926938837
Q85860850	6000000025967657918
Q85861	6000000025327228998
Q85861069	5009602886330035169
Q85861471	6000000119741172842
Q85861687	6000000022405751530
Q85861708	6000000089232830968
Q85862	6000000017147442394
Q85862307	6000000011717117282
Q85862330	6000000065908034865
Q85862365	6000000041473538487
Q85862421	6000000068645331828
Q85862519	6000000169287263005
Q85862531	6000000114306595826
Q85862535	6000000157107973837
Q85862579	6000000027759800240
Q85862598	6000000006592214157
Q85862701	6000000020800337140
Q85862743	6000000011426988309
Q85862994	6000000014451060218
Q85863067	6000000020469648634
Q85863657	6000000111267989858
Q85863719	6000000116799950981
Q85863780	6000000008019205245
Q85863963	6000000031877273821
Q85863971	6000000136033548862
Q85864412	6000000007017642225
Q85864792	6000000180406342823
Q85864837	6000000139396723839
Q85864842	6000000010977759945
Q85865	6000000020388888490
Q85865532	6000000177639931839
Q85865603	6000000080285489829
Q85865899	6000000033211432974
Q85865926	6000000193545937831
Q85866061	6000000047105050228
Q85866326	6000000011634692608
Q85866594	6000000133506565112
Q85866871	6000000015633934006
Q85866904	6000000041339514800
Q85867539	6000000189249983863
Q85867586	6000000019275336857
Q85867832	6000000145212184838
Q85867850	6000000172284235357
Q85868229	6000000201844766869
Q85868303	6000000003985485690
Q85868372	6000000139684849868
Q85868453	6000000043957725376
Q85868646	6000000200123329877
Q85868792	6000000030028991441
Q85868883	4306553036730056201
Q85869282	6000000002916884881
Q85869885	6000000019543497672
Q85870010	6000000090838665840
Q85870088	6000000019381488781
Q85870223	6000000025151685825
Q85870264	6000000009252836327
Q85870642	6000000001576973200
Q85870952	6000000021029359845
Q85871	6000000039449466906
Q85871186	6000000059254020185
Q85871217	6000000114319372868
Q85871288	6000000020800296646
Q85871459	6000000014985199990
Q85871884	6000000020058702118
Q85872032	6000000016325609362
Q85874	6000000012108706486
Q85876	6000000065777621821
Q85876003	6000000034029534616
Q85876359	6000000055504984916
Q85877057	6000000009517751918
Q85880630	6000000011367452566
Q85881	6000000024914565070
Q85882822	6000000091240970980
Q85885	6000000007803981825
Q85887532	6000000000211103371
Q85887607	6000000006440080062
Q85888672	6000000006591573182
Q85893555	6000000023528172106
Q85898380	6000000031938901032
Q85899	6000000031640388009
Q85899376	6000000031970864315
Q85901	6000000027252106902
Q85902	6000000122632777075
Q859061	6000000131538625830
Q85910376	6000000109287958841
Q85911	6000000010566097886
Q85920369	6000000008110371950
Q85923	6000000031059586071
Q85924	6000000021053586368
Q85924457	6000000008110261595
Q85925010	6000000154583681821
Q85925505	6000000008110226860
Q85927197	6000000003077473293
Q85927197	6000000121088594832
Q85930	6000000017768510358
Q85932	6000000068079659321
Q85934	6000000113120169832
Q85937	6000000013752556078
Q85940486	6000000000387458214
Q85940699	6000000013382120996
Q85940824	6000000013382269572
Q85942	6000000002562469222
Q85942064	6000000000387290173
Q85942413	6000000005748216186
Q85942459	6000000005747852631
Q85942694	6000000006101163060
Q85942754	6000000043830462976
Q85942825	6000000021489464756
Q85944201	6000000006101157737
Q85944293	6000000046453195007
Q85944399	6000000017206032100
Q85946658	6000000020387413549
Q85948	6000000052122064879
Q85951785	6000000033499016827
Q85952	6000000019432441079
Q85953	6000000040803961355
Q85958	6000000013007857690
Q85961	6000000030018477862
Q85963643	6000000003941080417
Q85966	6000000073050849920
Q85966822	6000000036642693821
Q85967	6000000025156114149
Q85969327	6000000008467100488
Q85970	6000000045613931895
Q85976	6000000007067828563
Q85978881	6000000018726229128
Q85979	6000000007996702441
Q85979311	6000000007176145633
Q85979430	6000000010196134007
Q85979653	6000000037489428133
Q85980548	6000000000075113868
Q85981936	6000000138425894825
Q85982	6000000024889702416
Q859822	6000000002898163045
Q85982992	6000000009505317253
Q85983060	6000000003742762058
Q859838	6000000002898158990
Q85984010	6000000178377139823
Q85984457	6000000007162445494
Q85985	6000000010374854438
Q85985572	6000000078637523919
Q85985819	6000000010780715248
Q85987693	6000000007376281889
Q85988182	6000000003002193360
Q85988785	6000000020545996649
Q85989506	6000000050967404876
Q859899	6000000178198696840
Q85990220	6000000011536693986
Q85990242	6000000000502496600
Q85990607	6000000008222327457
Q85990654	6000000008259730839
Q85990661	6000000002768854720
Q85990683	6000000008259600084
Q85990722	6000000000146753699
Q85991512	6000000028430317019
Q85991552	6000000003001795298
Q85992217	6000000007511816779
Q85992238	6000000053251633835
Q85992253	6000000041959647841
Q85992492	6000000015332947845
Q85992718	6000000004140344972
Q85992969	6000000002516789746
Q85993024	6000000020893879259
Q85993144	6000000008605573814
Q85993205	6000000002738327624
Q85993616	6000000006438973128
Q85994013	6000000005419873568
Q85994518	6000000129650653967
Q85994850	6000000200831637822
Q85994880	6000000000142968184
Q85995804	6000000022202063076
Q85997146	6000000083597472888
Q85997349	6000000042222278148
Q85997766	6000000051320384854
Q859980	6000000013692964284
Q85998270	6000000004743755001
Q85998273	6000000002470439404
Q86000466	6000000093979153822
Q86000897	6000000052126348837
Q860011	6000000002898163059
Q86002206	6000000017965713229
Q86002919	6000000169642396095
Q86003	6000000120876816213
Q86003096	6000000015518087400
Q86004011	6000000008110165931
Q860041	6000000009330366305
Q86004179	6000000080628810834
Q86006	6000000024197829070
Q86006528	6000000002802698245
Q86008240	6000000075502787885
Q86008832	6000000041345266102
Q86008962	6000000019044898765
Q86013860	6000000008391821382
Q86013958	6000000004018669492
Q86015	6000000100744335871
Q86015210	6000000004018589915
Q86015667	6000000004018554335
Q860163	6000000018790703834
Q86018373	6000000010350485436
Q860198	6000000115418081843
Q860208	6000000013236447609
Q860227	6000000052759807937
Q86024	6000000012237785795
Q86025	6000000166771451929
Q860250	6000000000750866775
Q860257	6000000042553823444
Q860260	6000000015432729816
Q86028	6000000010733039826
Q860297	6000000077954320837
Q86034	6000000007014434217
Q86043	6000000026523203513
Q86044	6000000008210854496
Q860469	6000000002168567084
Q86047	6000000010210945293
Q86047110	6000000180288631858
Q8605	5241499328520034144
Q860513	6000000080750783954
Q86059	6000000057608429832
Q86065460	6000000024578674975
Q86067063	6000000026241857911
Q86072212	373802831620004409
Q86073	6000000002765651962
Q860774	6000000027169804044
Q86078	6000000044009818202
Q860784	6000000180963052840
Q86078593	2901617
Q86080422	6000000026351978804
Q86085	6000000013154513957
Q860876	6000000081198338835
Q86093	6000000112440543096
Q86093224	6000000035025324479
Q860942	6000000012289153032
Q86095	6000000020342199066
Q860968	6000000004590425599
Q860983	6000000020379695084
Q861003	6000000009687235648
Q861008	6000000040935301310
Q861010	6000000174529499846
Q861014	6000000003553258429
Q861021	6000000174529049001
Q86105869	3655568
Q861071	6000000017984471181
Q861089	6000000181546680859
Q86109	6000000011972593699
Q861110	6000000027804060468
Q86111121	6000000164302524848
Q861129	6000000175923779915
Q86114	6000000016357571011
Q86117	6000000004625331003
Q8612	361204095530004567
Q86120	6000000025057185898
Q86120158	6000000009958435033
Q86120536	6000000011404021503
Q86122509	6000000001293129443
Q86130	6000000020677283986
Q86133100	6000000006128024512
Q86135	6000000175600536821
Q861368	6000000004241146483
Q861443	6000000021918893369
Q861579	6000000003444135272
Q86159	6000000019538718237
Q861599	6000000002357752814
Q86161960	5034268406020131287
Q86165	6000000047322118939
Q86167	6000000034748620263
Q861756	6000000112992018113
Q86176	6000000180953715867
Q86177	6000000022232767366
Q86179	6000000067155605840
Q86181	6000000002188517037
Q861844	6000000112311880835
Q8619	6000000005956641087
Q861905	6000000041909376303
Q861923	6000000049753801821
Q861926	6000000067094930863
Q861928	6000000128758872891
Q86195	6000000016428492009
Q861953	6000000181737490857
Q861962	6000000027727242402
Q861967	6000000020426006338
Q86198128	6000000083341622058
Q861994	6000000014291854845
Q861999	6000000034453918125
Q862038	6000000028708175345
Q86204	6000000071769514883
Q86204067	6000000003667985309
Q862055	6000000082450924589
Q862059	6000000008269083605
Q862064	6000000045166991881
Q862074	6000000037623554124
Q862084	6000000111955866821
Q862103	6000000045721757550
Q862117	6000000005425268177
Q86214138	6000000055101120821
Q862152	6000000060891438467
Q862186	6000000050375881182
Q86219	6000000029144682786
Q862199	6000000007890368366
Q86220	6000000068922763046
Q862215	6000000042653595163
Q862244	6000000070153923068
Q86225	6000000013134497484
Q862250	6000000034841623857
Q862297	6000000015623773555
Q862315	6000000165351016053
Q86232	6000000006933396391
Q862358	6000000068435945626
Q862373	6000000038944476992
Q86238	6000000010806738350
Q86241	6000000093412051604
Q86241116	6000000030282454862
Q862427	6000000178665776830
Q86243	6000000113494879862
Q862430	6000000006883515329
Q86244	6000000065886193823
Q86244598	6000000013191903170
Q862455	6000000044191110404
Q86245901	6000000001959742773
Q86245901	6000000024419760883
Q862460	6000000052952796844
Q862461	6000000075941947869
Q86246325	6000000100310940397
Q86247112	6000000014579846773
Q86252	6000000043389447707
Q86253161	6000000014152583155
Q86257547	6000000008851506710
Q86258	6000000029465827729
Q862624	6000000014760831522
Q86265	6000000162937438877
Q862690	6000000094165006870
Q86271712	6000000049178688849
Q86272231	6000000006580967246
Q86275	6000000050966028103
Q862763	6000000019992306099
Q862772	6000000013083367277
Q86279	6000000020870172447
Q86280038	6000000013514375650
Q86283	6000000181928643861
Q86284847	6000000009335731707
Q862849	6000000068798169901
Q86285517	6000000002927433883
Q86286375	6000000009428120468
Q86287	6000000180993741824
Q86287978	6000000001586480558
Q862910	6000000172828359954
Q862955	6000000003918949452
Q86302	6000000007014385724
Q86303	6000000040386191040
Q863042	6000000033694100658
Q863051	6000000054917502986
Q863067	6000000008521661394
Q86308	6000000088001754202
Q863163	6000000088792821499
Q86317	6000000037870898906
Q863177	6000000184174456846
Q863201	6000000015324831030
Q863227	6000000036652777343
Q86323	6000000022770966102
Q86324535	6000000001362885032
Q863253	6000000008310017948
Q86326379	6000000010493471972
Q86326617	6000000010902756977
Q86326855	6000000006908973302
Q86328845	6000000020004820645
Q863316	6000000054372334870
Q86336440	6000000015194855638
Q863406	6000000075402789830
Q86343311	6000000020693325725
Q86348	6000000098255875102
Q86350	6000000010584281238
Q86351755	6000000008988656400
Q86352580	6000000000426690534
Q86353	6000000182641856833
Q86362	6000000128083949838
Q86363955	6000000000769880816
Q86364696	6000000017208584663
Q86365017	6000000007994691256
Q86367	6000000014000786229
Q863703	6000000103865213851
Q86371	6000000016785630908
Q86372365	368454502590013950
Q86374	6000000000407706042
Q863742	6000000004129415605
Q86374750	6000000016026928564
Q86378831	6000000081896187823
Q86382	6000000066447246874
Q86385929	6000000179132427821
Q86387486	4042319219530129585
Q86389	6000000002188378805
Q86393	6000000007036953276
Q86400	6000000085190061960
Q86401	6000000022289990143
Q86406	6000000109930910872
Q864089	363480276080003204
Q864092	6000000014325446498
Q864108	6000000096680898942
Q86412	6000000022772193912
Q86413	6000000015300645112
Q86416900	6000000041599713828
Q86422634	6000000014877333686
Q864279	6000000017752234097
Q86431	6000000025308595038
Q86431	6000000186191783872
Q86433	6000000070863834217
Q86434	6000000007014401288
Q86435	6000000032127758821
Q86437	6000000024505674099
Q86437104	6000000025645103732
Q86438	6000000080187027053
Q8644	6000000020058002125
Q864408	6000000039341083617
Q86442	6000000042704391783
Q864447	6000000013944675537
Q86445465	6000000177031850822
Q86449273	6000000008939796545
Q86449771	6000000017867433873
Q86456	6000000002188464474
Q86456937	6000000005060299205
Q86456964	6000000101469535900
Q86457118	6000000001948803083
Q864586	6000000024608169865
Q86459119	6000000002497719494
Q86459406	6000000020339821757
Q86460530	6000000001513439539
Q86461	6000000121171515140
Q864709	358782031710004109
Q86472	6000000001128722627
Q86474430	6000000008483764853
Q86474675	6000000021559122657
Q864786	6000000075303278604
Q864790	6000000090035763837
Q864808	6000000002230105394
Q86482	6000000055516053005
Q86487	6000000033023952825
Q86488059	6000000023552306369
Q86488117	6000000003074896536
Q86490081	6000000084025567006
Q864938	6000000090257822901
Q86494520	6000000026150157243
Q86496246	6000000012440698999
Q864992	6000000015378069830
Q8649973	6000000011622123254
Q86500	6000000078842162916
Q86502	6000000014522651053
Q86506470	368453763410013892
Q865067	6000000025846046390
Q86509332	6000000029899916569
Q8651	6000000020865844321
Q86510597	6000000107039533845
Q86512361	6000000028296800546
Q86513219	6000000006257156744
Q86514201	6000000171059337967
Q865154	6000000008309867191
Q86516	4929727005680050566
Q865160	6000000025841248484
Q865165	6000000011323152424
Q865168	6000000006127550223
Q865173	6000000025002406051
Q865179	6000000009440886444
Q86518694	6000000018604544565
Q865205	6000000143568490864
Q86523818	6000000010433662297
Q86528523	6000000003636739201
Q86528531	6000000002750904519
Q86528538	384545146990002207
Q86528680	6000000002006087118
Q86529562	6000000006440080070
Q86529811	6000000006440080078
Q86529813	6000000006440080086
Q86529820	6000000006440080099
Q86529828	6000000006440080107
Q86529835	6000000002750302660
Q86530522	6000000005618884978
Q86530694	6000000006605937183
Q86530708	5717287240200044073
Q86530728	6000000000386014752
Q86530746	6000000006591187662
Q86531239	6000000006591252635
Q865313	5564156509240137001
Q86531439	6000000000125239065
Q86531641	6000000000633376002
Q86531648	6000000000742611181
Q86531662	6000000074757661865
Q865323	6000000001473771511
Q86532678	6000000002530887518
Q86532715	6000000003681360365
Q86532926	6000000003681360353
Q86533115	6000000003681360343
Q86534	6000000030553529584
Q86534642	6000000027793220266
Q865401	6000000137801193963
Q86541	6000000016373499869
Q86543	6000000007008515434
Q86547	6000000053685590912
Q86548	6000000035683921074
Q86553	6000000002765685535
Q86555	6000000008352953036
Q86560	6000000014300978114
Q86572	6000000026095683442
Q86573	4606084684960126966
Q86576	6000000180377879879
Q86578	6000000173961512853
Q86579641	6000000026425843845
Q86581	6000000015243601639
Q86583290	6000000027167791152
Q86583587	6000000025331877133
Q86588361	6000000055452076847
Q86590	6000000014131196540
Q86592	6000000015151104912
Q86592	6000000082671658341
Q86593	6000000011051261355
Q86595	6000000082671793353
Q86596406	6000000086001707127
Q86598934	6000000015491789341
Q86601816	6000000064813781043
Q86601817	6000000029658576897
Q86605	6000000182483602825
Q86606	6000000003184187315
Q866061	6000000024857768996
Q86606771	6000000008260025339
Q86610	6000000035090847992
Q86611	6000000041220899853
Q86612	6000000066647726993
Q86613	6000000010687131298
Q86614	6000000007428071291
Q86625052	6000000042139708220
Q86625052	6000000151355167851
Q86625052	6000000168198906847
Q86625170	6000000000769955353
Q86625354	6000000000769955373
Q86625582	6000000006946824025
Q866269	6000000008595402752
Q86629	6000000013937038047
Q86629526	6000000027236397586
Q866341	6000000026188331192
Q86635	6000000071268870966
Q86638	6000000004692816177
Q86642	6000000111543678821
Q86646560	6000000005071600260
Q86646716	6000000002005740597
Q86647707	6000000002929695283
Q86647790	6000000007982248539
Q86647913	6000000182480400821
Q86647963	6000000007601543315
Q86648180	6000000002545826361
Q86648367	6000000007601543303
Q86648459	6000000007840120420
Q86648620	6000000038778067865
Q86648623	6000000002665734378
Q86648626	6000000002665734332
Q86648774	6000000002665738237
Q86648776	356666864060006739
Q86648928	3143038
Q86648931	356665513610004758
Q86649	6000000150638843899
Q86650347	6000000002665652702
Q86650384	6000000000318587927
Q86650451	6000000001424572412
Q86655	6000000022221051997
Q86663481	6000000140689583086
Q86664	6000000087357424848
Q86665	6000000066758017054
Q86667188	6000000034000174924
Q86668	6000000082668936003
Q86672	6000000125278067856
Q86674	6000000019588270975
Q866788	6000000001362993148
Q866840	6000000017132203945
Q86686	6000000056024503999
Q866860	6000000002993383089
Q86686659	6000000106783672827
Q866889	6000000074736772225
Q866890	6000000010806353646
Q86694	6000000010545235118
Q866999	6000000180940455847
Q86703210	6000000210759663822
Q86707753	5198467234710104345
Q86710	6000000017428076138
Q86711	6000000018398839778
Q867128	6000000094453192690
Q867134	6000000024820842267
Q86715016	6000000024805514861
Q867158	6000000054976929997
Q86716	6000000021541823268
Q867169	6000000020421402021
Q867178	6000000008724315021
Q86721	6000000171766765896
Q86721483	6000000016786824934
Q86722380	6000000098261036870
Q86723411	6000000108867066874
Q86723678	6000000006795760315
Q86723754	4930203247030076047
Q86723806	6000000059254537996
Q86723828	6000000028466017281
Q86724	6000000040670354405
Q86724532	6000000179641051980
Q86725211	6000000121614466169
Q86725730	6000000110213125430
Q86726272	6000000039053802792
Q86727	6000000180404545829
Q86727852	6000000016787076174
Q867284	2450325
Q867307	6000000010792454083
Q86731	6000000012735161497
Q86731246	6000000016361231301
Q86732	6000000008440059689
Q86732615	6000000041715738851
Q86734526	6000000016361220172
Q86735361	6000000015875872301
Q86736	6000000184501365886
Q86738522	6000000008747398832
Q86738768	6000000027855455894
Q86739	6000000114823511986
Q86739532	6000000002010201389
Q86741401	6000000000091106558
Q86743	6000000029264569200
Q86744132	6000000000491266533
Q86745712	6000000000579437211
Q86745747	6000000003077570648
Q86746671	6000000000688782912
Q86746671	6000000136542968821
Q86747357	6000000002566336348
Q86747612	293017508640006828
Q86748715	6000000006727830789
Q86750	6000000069054024897
Q86752	6000000089534280876
Q86753	6000000174441323923
Q867584	6000000074547663821
Q867591	6000000018067534908
Q86763	6000000035065587037
Q867690	6000000013030732353
Q86769284	6000000010883322553
Q86769718	6000000009420102035
Q8677	6000000014805274707
Q86770219	6000000003198077446
Q86770287	6000000010883542227
Q86773168	6000000009420413311
Q867733	6000000018734976211
Q86775	6000000018851709236
Q86776873	6000000026273888626
Q867813	6000000006713172515
Q867916	6000000077321992257
Q867919	6000000020545491087
Q86792	6000000011113120963
Q86794327	6000000109339913027
Q86794388	6000000000475167720
Q86794744	6000000002464734655
Q86795030	6000000000307049506
Q86795371	6000000003075897165
Q86796	6000000005562181276
Q86796089	6000000001405772003
Q86796309	6000000009447352690
Q86796903	6000000016607802019
Q86797076	6000000003075897197
Q86797382	6000000003615648005
Q86797654	6000000003076647732
Q86797994	6000000003075897096
Q86797994	6000000058067147821
Q86797994	6000000114766822162
Q86798230	6000000040956763578
Q86798230	6000000044681088312
Q86798402	6000000056337986148
Q868	6000000010654793444
Q86801	6000000024683101411
Q86802951	6000000005077312115
Q86809	6000000039303299229
Q86810081	6000000015138964421
Q86810572	6000000003076648150
Q86810769	6000000003075897027
Q86810959	6000000018614431082
Q86811	6000000026622231109
Q86811405	6000000009447091804
Q86811494	6000000009447043823
Q86811552	6000000009447117019
Q86811715	6000000020038235932
Q86812	6000000117511528823
Q86812086	6000000028426880242
Q86812190	6000000009624851799
Q86812750	6000000023842325845
Q86812939	6000000016960338856
Q86815306	6000000125275394894
Q86815674	6000000003075897038
Q86816506	6000000007321016438
Q86817875	6000000004882374367
Q86817927	6000000019759571642
Q86818067	6000000014104543078
Q86818264	6000000011717389238
Q86819966	6000000003077156366
Q86820070	6000000002304340288
Q86820296	6000000003076377520
Q86820521	6000000003076377498
Q86820613	6000000003076377288
Q86821	6000000041681488448
Q868211	6000000026064081710
Q86821226	6000000000475167739
Q86826723	6000000012779138792
Q86828644	6000000010046041324
Q86830462	6000000010046099353
Q86831332	6000000018478791291
Q86831612	6000000010045761192
Q86831868	6000000070375403821
Q86831982	6000000111601092945
Q86832	6000000008432902713
Q86832190	6000000020758976156
Q86832392	6000000013309343377
Q86832470	6000000013309018747
Q86832504	6000000013309278981
Q86832542	6000000003490640432
Q868334	6000000006100968652
Q86834020	6000000017413714944
Q868341	6000000019499957243
Q86834691	6000000058325265892
Q86834884	6000000182782496822
Q86835070	6000000129768728837
Q86835187	6000000075397506183
Q86835771	6000000004103614727
Q86836081	6000000191993873871
Q86836790	4330945703170013762
Q86836861	6000000010045584796
Q86837592	6000000008947780587
Q86838122	6000000041016553983
Q86838199	6000000008948032314
Q86838631	6000000003084225232
Q86839	6000000025927875569
Q86839161	6000000012779269309
Q868392	6000000041191472431
Q86840640	6000000012546657296
Q86842	6000000119344603844
Q86842325	6000000005099589666
Q86842690	6000000012733032045
Q86842821	6000000009438749208
Q86843	6000000024876713672
Q86843706	6000000012733037956
Q86844768	6000000012732921658
Q86845	6000000016774067118
Q86846009	6000000016145013072
Q86847	6000000014906106874
Q86847016	6000000016144761559
Q86847181	6000000006371373332
Q86848553	6000000006371740332
Q868488	6000000151136768873
Q86849377	6000000006135991161
Q86849958	6000000047404065945
Q86850951	6000000003243493721
Q86851059	6000000002106018021
Q86851202	6000000047780088967
Q86851701	6000000014652901921
Q86851973	6000000020254433856
Q86852375	6000000006516401705
Q86852504	343729760570012359
Q86853172	315478465200003203
Q86853248	292218023570002914
Q86853497	6000000000527596024
Q86854	6000000064608184836
Q868544	6000000015168300746
Q86854714	6000000012733034434
Q868560	6000000000582681833
Q86856380	6000000008747813229
Q86856866	290540959830003199
Q86857	6000000011192021395
Q86857110	4326470429110068810
Q86857166	6000000007880838219
Q86857624	6000000002218674006
Q868577	6000000045096151030
Q86857714	6000000014507187023
Q86857970	6000000019081120474
Q86858505	6000000017876676773
Q86858551	6000000017876739569
Q86858683	6000000017876703756
Q86858742	6000000017876482887
Q86858808	6000000017805443053
Q86859549	6000000035961823955
Q86861186	6000000001481433537
Q86861442	6000000098259623917
Q86862922	6000000133188610846
Q86863	6000000041212393948
Q86863953	6000000133189087824
Q86864	6000000015686342155
Q86870	6000000022452077822
Q86871	6000000001601990638
Q86876	6000000010220348992
Q86877	6000000039873342102
Q868783	6000000034144582934
Q868795	6000000042539572301
Q86885	6000000020958806345
Q86886	6000000145372055854
Q868864	6000000136772457917
Q868876	6000000003975341986
Q86888	6000000035192134365
Q86890525	6000000175636471030
Q86894570	6000000031377884542
Q86894748	6000000031379002925
Q868949	6000000086407284845
Q86895588	6000000031377572677
Q86895842	6000000031377842543
Q86897	6000000036830862925
Q86900	6000000013279499377
Q86903	6000000016575719976
Q86905	6000000003615788395
Q86905366	6000000004324751603
Q86906326	6000000012793829328
Q86907	6000000023866638343
Q86907707	6000000020693299750
Q86908	6000000055611751119
Q86908649	6000000050591196493
Q86908766	6000000050592412936
Q86908768	370674532060005294
Q86909538	6000000010220882910
Q86910	6000000007801526390
Q86911	6000000016369572600
Q86913616	6000000002438080356
Q869137	6000000002326530915
Q86914	6000000026010655734
Q86914207	6000000008578162939
Q86914514	6000000020546261415
Q869154	6000000080305076952
Q86915742	6000000019381667126
Q86915779	6000000081712627439
Q86916414	6000000004079698781
Q86919328	6000000002999805089
Q86919341	6000000011755167014
Q86919563	6000000003428705637
Q86922	6000000076039227612
Q86923063	6000000010259133168
Q86924	6000000016542919472
Q86925361	6000000002359240919
Q86925456	6000000023980890021
Q86928	6000000181191094846
Q86929354	6000000038021563286
Q86930	6000000009716686400
Q86930313	6000000018923475997
Q86930509	6000000026119296535
Q86930515	6000000019539471986
Q86930543	6000000028889632790
Q86931	6000000019419073850
Q869319	6000000150907824882
Q86934	6000000093538550472
Q869340	6000000006240238754
Q86936	6000000034250193549
Q8693953	6000000005441407736
Q86942	6000000023483295472
Q86947	6000000070749331191
Q86949	6000000015153454692
Q86951	6000000008692756517
Q869557	6000000025079842211
Q86959	6000000004388761892
Q86964	6000000038740522849
Q86972932	6000000012941941598
Q86973809	6000000002045854768
Q86974	6000000008584301393
Q86978816	6000000003197718423
Q86979807	6000000000987122062
Q86983	6000000176370216822
Q86984	6000000094458912000
Q869846	6000000000557666733
Q86985	6000000181016329835
Q86987	6000000008584159663
Q86988	6000000011627126716
Q86988107	6000000019958619221
Q869909	6000000001986397020
Q86993	6000000040409712111
Q869931	6000000003020367968
Q86993931	4234408643350058045
Q86997843	6000000130450794866
Q86997863	6000000006869577668
Q87000356	6000000152660836869
Q87001991	6000000019388572485
Q87002129	6000000006763263334
Q87006843	6000000013112840497
Q87006871	6000000037089783708
Q87012	6000000012003562046
Q87013	6000000181001577858
Q87014	6000000024875513503
Q87015023	6000000006402191859
Q87016534	6000000021638999617
Q87016679	6000000006402089220
Q87018	6000000062269488959
Q87020	6000000062025365828
Q87021	6000000010585042279
Q87022	6000000081003421057
Q87025	6000000001796489228
Q87026	6000000061003036909
Q870285	6000000000452020894
Q870322	6000000026563985057
Q87033814	6000000006435622519
Q87038	6000000071031646817
Q8704	6000000005291270001
Q8704030	6000000166749935897
Q870417	6000000181641559825
Q87042	6000000025412687015
Q870432	6000000005230373048
Q87047	6000000016501511148
Q87047450	6000000020252203970
Q870477	6000000077422351135
Q87049	6000000040789685873
Q87053443	6000000023824873103
Q87055	6000000022735174584
Q87056584	6000000078159333175
Q870577	377080867260012120
Q870597	6000000013588434561
Q870607	6000000000889123250
Q87064	6000000002188170341
Q870648	6000000031938219398
Q87067909	6000000077054992203
Q8706868	6000000006097966476
Q870690	6000000025650681012
Q870692	6000000001288063190
Q87069801	6000000010583142902
Q87069998	6000000010583196423
Q870700	6000000025650690975
Q87071099	6000000076484005070
Q8707246	6000000084309950984
Q870743	6000000012429228740
Q87076	6000000011525195627
Q87079	6000000076853142454
Q870799	6000000055467637070
Q87081	6000000186126648920
Q87083	6000000012303221907
Q87084	6000000004179827810
Q87084942	6000000001727082800
Q87086859	6000000052168587821
Q87092641	6000000046226106948
Q87093908	6000000048528363966
Q87094219	6000000040137941911
Q87095	6000000025294204576
Q87096092	6000000032941451459
Q87096627	6000000008933622039
Q87097247	6000000008108672609
Q871005	6000000038484733559
Q87101	6000000008191572213
Q87101120	6000000006828443889
Q87102459	6000000016648966215
Q87103979	6000000007789902760
Q871050	6000000083445220254
Q87107436	6000000016249867538
Q87108866	6000000090775048012
Q87110	6000000176309106824
Q87112319	6000000030400081588
Q87115	6000000129343270867
Q87115175	6000000007918909642
Q87116761	6000000008982851019
Q87116820	6000000018734584616
Q87117342	6000000156977646857
Q87117671	6000000003354564600
Q87118335	6000000031313587981
Q87119170	6000000018733608989
Q87121494	6000000018734029268
Q87122388	6000000152583887833
Q87122984	6000000011244269034
Q87123120	6000000180381079950
Q87124081	6000000015758182301
Q87124770	6000000076963411162
Q87125683	6000000003615488389
Q87126	6000000021035944493
Q87126338	6000000108873124015
Q871281	6000000084835668608
Q87128904	6000000108874108859
Q87130093	6000000012618181346
Q871301	6000000009025884346
Q87130278	6000000076963105582
Q871307	6000000025563638953
Q871310	6000000025563831940
Q871312	6000000021985532481
Q871313	6000000010465791468
Q871318	6000000025563775912
Q87131898	6000000076963031596
Q87131983	6000000002512246135
Q87132	6000000080759448041
Q87132339	6000000102689594828
Q87133	6000000177094727858
Q87133479	6000000102689622822
Q87134286	6000000102689622825
Q871351	6000000002900322582
Q871355	6000000022436699537
Q87139	6000000008583927608
Q87142	6000000016485078874
Q871425	6000000002115894058
Q87145	6000000063656122040
Q87145529	6000000040369661207
Q87146	6000000084522155097
Q87148	6000000029843201933
Q87150530	6000000004594462935
Q87150707	6000000001180336810
Q87150817	6000000024295781406
Q87150819	6000000004592999911
Q87151483	6000000009369217826
Q87151545	6000000009369431272
Q87151629	6000000009368943192
Q87152371	6000000044624680834
Q87152580	6000000002676452461
Q87152581	6000000002676349319
Q87152583	6000000002676435285
Q87154	6000000083984578399
Q87154086	6000000019318837405
Q87154087	6000000034494560685
Q87154090	6000000017208416376
Q87154610	6000000017166843282
Q87155	6000000022770568866
Q87156	6000000035127195632
Q87157017	6000000001034648130
Q87158243	6000000000348869300
Q87158690	6000000020600953099
Q87158953	4671585986760087085
Q87162555	6000000003848927777
Q87163205	6000000003403200900
Q87163272	6000000013538317715
Q87163324	6000000018289583499
Q87165418	6000000000863823243
Q87165504	6000000030226861111
Q87166	6000000018000725099
Q87166039	6000000036575970111
Q87166116	6000000036575795428
Q87166170	6000000036576124343
Q87166218	6000000011560599042
Q87167938	6000000002138704565
Q87168282	6000000003615495075
Q87168786	4398508141390036275
Q87168826	6000000015324746337
Q87169080	6000000008284277457
Q87169119	6000000003772711584
Q871697	6000000139377819846
Q87173	6000000015367032782
Q87173114	6000000012721572457
Q871762	6000000104955249891
Q87176206	6000000140299960828
Q87178321	5456032008940081141
Q87178376	6000000002040909462
Q87179467	6000000006127223978
Q87180	6000000014298665088
Q87181	6000000042394606839
Q87183912	6000000015774258704
Q87184254	6000000065863277857
Q8718442	6000000003465938067
Q87184753	6000000000348850420
Q87185966	6000000017795786581
Q87186	6000000070873568866
Q87188	6000000075578575921
Q871887	6000000169907918826
Q87190182	6000000029542440905
Q871903	6000000012088605059
Q87191	6000000104893717168
Q87191911	6000000008807566119
Q87191967	6000000041679943502
Q87191969	6000000008161297867
Q87193347	6000000025034041505
Q87194	6000000059195198197
Q87194718	6000000002186222031
Q87195406	6000000040185976880
Q87195462	6000000024404361320
Q87195476	6000000006900934550
Q87195478	6000000006714041360
Q87195486	6000000073978880214
Q87195604	6000000013165886478
Q87195760	6000000016040194648
Q87195930	4397794490340051374
Q87196	6000000010552825674
Q872002	6000000046412013013
Q87201	6000000039300398857
Q87203777	6000000002764911992
Q87204816	6000000094212632928
Q87206533	6000000022699823711
Q872066	6000000029844101163
Q872073	6000000034982119107
Q872093	6000000023142304843
Q872096	6000000015342660138
Q872108	6000000001805392778
Q87211	6000000025572260639
Q87212	6000000029899065509
Q87213	6000000024373729961
Q87213121	6000000035246228024
Q872134	6000000182090157917
Q872165	6000000016416900811
Q87217	6000000062535309821
Q872179	6000000013461835369
Q87218548	6000000004684611744
Q87218599	6000000004684561689
Q872188	6000000017638596846
Q87218878	6000000008528400791
Q87219026	6000000010010665374
Q87219565	6000000015668410219
Q87219713	6000000027775275690
Q87220	6000000037379174917
Q87220265	6000000015760835908
Q87220311	6000000015762968232
Q87220340	6000000072900394010
Q87221084	6000000012457659031
Q87221138	6000000012457773606
Q87221232	6000000028950240181
Q87221365	6000000028950199499
Q87221442	6000000010182754319
Q87221701	6000000004152190385
Q87221785	6000000011242102065
Q87222856	6000000011024533087
Q872245	6000000102746805888
Q872278	6000000137116355822
Q87227864	6000000139363344836
Q87232	6000000050964960157
Q872366	6000000084707032073
Q87238	6000000057114054926
Q87242457	6000000036622001429
Q87243498	6000000070175774875
Q87244	6000000050965663907
Q87245892	6000000011634097595
Q872469	3329451
Q872487	6000000149622565130
Q87250979	6000000082088497822
Q87251628	6000000030731606193
Q872529	6000000154640189880
Q87254355	6000000030731525949
Q87256261	6000000150381416869
Q87262224	6000000003478830380
Q87263034	6000000019844465420
Q872633	6000000169866345822
Q87263887	6000000018963919379
Q87263926	6000000006377253649
Q87264	6000000016756515022
Q87264595	6000000044253267839
Q87265553	6000000008630295579
Q87265612	6000000000093123861
Q87265616	6000000000062293826
Q87265619	6000000000056686079
Q87265619	6000000180981540855
Q87265627	366511691090011946
Q87265627	6000000180981655855
Q87265630	372510646110004969
Q87265632	6000000006122467530
Q87265633	6000000006122795013
Q87267382	6000000055263444032
Q87268852	6000000000769909030
Q87270419	6000000007227787559
Q87272	6000000030354973703
Q87272416	6000000012608874802
Q87272446	6000000005664462222
Q87273536	6000000006926251329
Q872740	6000000042740833212
Q87275	6000000020390939801
Q87276822	6000000056645073940
Q872797	6000000057326979847
Q872799	6000000022105139700
Q87284	6000000062316907821
Q8728698	6000000001835444088
Q872870	6000000016501492256
Q872878	6000000041220616410
Q87289235	6000000019763282322
Q87291	6000000021489886370
Q87293	6000000019445691495
Q872942	6000000007416575215
Q87295	6000000013487429116
Q87297	6000000066492005891
Q872985	6000000013143794981
Q873	6000000008185602155
Q873026	6000000089989040907
Q87305	6000000068692216824
Q87306	6000000076503675821
Q87307	6000000056928439826
Q87311049	6000000059786705908
Q87313008	6000000001180351869
Q87313415	6000000082032469848
Q87315659	6000000019795920245
Q87316	6000000094097657821
Q87316008	6000000019795920240
Q87317187	6000000019347550931
Q873178	6000000087081089012
Q87318482	6000000010311310236
Q87320792	6000000077067208084
Q87321660	6000000077051029972
Q87327	6000000129349146384
Q87329719	6000000001249192324
Q87329793	6000000006811571817
Q87331220	6000000074750130192
Q87336	6000000017395717640
Q87336987	6000000052746589164
Q87338780	6000000064960782888
Q87344	6000000007362594984
Q87344576	6000000013204673587
Q87345309	6000000040190572848
Q87345365	6000000040190473039
Q87347	6000000074007630832
Q87348899	6000000009422797908
Q87349	6000000073180585858
Q87349515	6000000124454907914
Q87349570	6000000037570920048
Q87349588	6000000009423042500
Q87352133	6000000014348876171
Q87354156	6000000017163052190
Q87355	6000000009342892439
Q873568	6000000034149802043
Q873571	6000000078643190934
Q87358882	6000000046225576322
Q87360038	6000000127707760938
Q87361775	6000000091368033823
Q87362732	6000000034907452341
Q87365	6000000033038147345
Q87366313	6000000180290388828
Q87367875	6000000037301761475
Q87372397	6000000004868078210
Q873728	6000000038228306888
Q873749	6000000106422432879
Q87378	6000000002765648518
Q873784	6000000006452718086
Q87381	6000000036513531302
Q87382635	6000000001841942641
Q87383028	6000000019347068706
Q87386	6000000108545368841
Q873867	6000000008506880416
Q87388952	6000000024501597212
Q8739	6000000010749490500
Q873902	6000000036959443242
Q873909	6000000004097164593
Q873916	6000000014271461512
Q87392	6000000002765016537
Q87392013	6000000021234820405
Q873932	6000000018327354588
Q873941	6000000018349072209
Q87394627	6000000088738283049
Q874008	6000000181931754840
Q87400896	6000000044191248426
Q87401147	6000000069453289877
Q87401965	6000000026435824358
Q874021	6000000107789954839
Q87407	6000000014893714873
Q87407998	6000000010898302694
Q87408786	6000000035816918848
Q87408812	6000000006451918125
Q87409026	6000000003891362713
Q874093	6000000175288645517
Q87410938	6000000006447294495
Q87411298	6000000001524079106
Q87411312	6000000012737464237
Q87411839	6000000018822857616
Q87411964	6000000053477787823
Q87412235	6000000041994656284
Q87412585	6000000011026247673
Q87415	6000000027330773606
Q874161	507892
Q87420	6000000014348808914
Q87421	6000000111051024800
Q87429	6000000077392568821
Q8743	6000000002447264491
Q87430	6000000051521643007
Q87433	6000000018229783690
Q874338	6000000015856663950
Q87434026	6000000044359619843
Q87434101	6000000087353755270
Q87434151	6000000085100198847
Q87434501	6000000015151641204
Q87434506	6000000015151621336
Q87434866	6000000015150378658
Q87434897	6000000015150669349
Q87435024	6000000064529718832
Q87435275	6000000011811503344
Q87435405	6000000037019774571
Q87436	4867923761370077835
Q87438962	6000000150322966834
Q87440	6000000157579056881
Q87440149	6000000005062592014
Q87440458	6000000006419125768
Q87440460	6000000003714021755
Q87440461	6000000017984188961
Q87440462	6000000001778227145
Q87443245	6000000055336364973
Q87443252	6000000010543080678
Q87443254	6000000177327412841
Q87444068	6000000010566245401
Q87444538	6000000019420614300
Q87445477	6000000010566245410
Q87446	6000000019397254836
Q87447	6000000105943433863
Q874481	6000000087081469821
Q87449627	6000000019411854002
Q87449649	6000000112414858046
Q87449650	6000000012910693951
Q87449651	6000000027673850728
Q87449657	6000000012910360981
Q87449686	6000000003636008211
Q87450754	6000000015147360153
Q874514	6000000110228643018
Q874534	6000000064392652008
Q87454018	6000000038257233460
Q87454893	6000000049177785161
Q874552	6000000163750363901
Q87457	6000000013529815374
Q874587	6000000007963088418
Q87460	6000000069161773923
Q87461171	6000000028516229594
Q874627	6000000014698421709
Q87464	6000000065458181043
Q87466816	6000000011592349600
Q87467181	6000000019348057044
Q87468	6000000083156499808
Q87469595	6000000041343584493
Q87470003	6000000041343454518
Q87470352	6000000181028661822
Q87470638	6000000040190286292
Q87470706	6000000176844644821
Q87470720	6000000180561727863
Q87470721	6000000023605522934
Q87470723	6000000046380565876
Q87473208	6000000017496464318
Q874742	6000000083195163011
Q87474392	6000000022041015385
Q87474476	6000000178457331821
Q87474490	6000000015949170530
Q87476202	6000000006997905021
Q87476428	6000000025489190779
Q87476946	6000000001396707379
Q87477495	6000000029985648268
Q87480362	6000000003941060966
Q87480672	6000000020153416587
Q87480808	6000000015696074175
Q874828	6000000154159043825
Q87483	6000000073816695979
Q87484406	6000000030731154769
Q87488188	6000000041525887937
Q874895	6000000121957031260
Q87489636	6000000012950312823
Q874900	6000000040373006488
Q87490841	6000000065486980934
Q87493	6000000018766448758
Q874933	6000000016522084432
Q874936	6000000018140207251
Q87494771	6000000033151634110
Q874975	6000000003690315717
Q874978	6000000015437801837
Q8750	6000000013073542814
Q87502	6000000017140323705
Q87505	6000000010046810740
Q87507	6000000072095652203
Q875091	6000000056294208838
Q87510	6000000032416123142
Q87511	6000000004097745992
Q875130	6000000010336510037
Q875143	6000000015728121545
Q87515	6000000078347031864
Q875154	6000000008964115842
Q875160	6000000016486654135
Q875166	6000000024100636115
Q875172	6000000008965069720
Q87518	6000000116535929597
Q875180	6000000010941427599
Q875182	6000000011026213602
Q875184	6000000015690470991
Q87519	6000000020963212936
Q875198	6000000013716380104
Q875206	6000000038196550903
Q87520859	344597743150014797
Q87522	6000000010552285744
Q87529	373865020800011442
Q8753	6000000000529802698
Q87533	6000000010383995369
Q8753598	6000000034882411301
Q8753833	6000000045522172862
Q87539	6000000177777177821
Q87542	6000000013611080644
Q87542907	6000000028068222660
Q875457	6000000177194654869
Q8755	6000000017883055489
Q8755043	6000000011123330561
Q87554	6000000011629445159
Q87554489	6000000022539231817
Q87555	6000000008976924765
Q875594	6000000008652859537
Q875616	6000000037859433493
Q875629	6000000193339659822
Q87565	6000000030178777726
Q87567	6000000029823761688
Q875701	4641670
Q87571	6000000037009018734
Q87576	6000000086852020010
Q87583	6000000182387713845
Q87586491	6000000023968983430
Q875951	6000000017576412515
Q87596653	6000000165348384290
Q8759782	6000000036632744683
Q87598136	5690117217440027933
Q87599	6000000000536544625
Q87602	6000000018318638706
Q876119	6000000037011364372
Q87613953	6000000006979726232
Q87614071	6000000006979948090
Q87614225	6000000000769976801
Q87614883	6000000006979633753
Q87617579	6000000013943960088
Q87618137	6000000004199585420
Q876198	6000000004004337250
Q87620416	6000000004199770182
Q87621	6000000022783202038
Q87623	6000000013432345242
Q8763	6000000174170378036
Q87630991	6000000059787234834
Q87634388	6000000006127985199
Q87641366	6000000097645331849
Q87642970	6000000024627031159
Q87643701	6000000097644999851
Q87644	6000000002764502909
Q876446	6000000093556236904
Q876454	6000000065145742827
Q87646	6000000013297257866
Q876466	6000000015762239343
Q87647365	6000000000350786721
Q87647442	6000000002870141571
Q87647513	6000000019197251718
Q87648439	6000000031311772466
Q87648685	6000000037806523952
Q87649697	6000000040596752270
Q87649793	6000000003222009822
Q87649804	6000000007537800970
Q87651	6000000068692300831
Q87651816	6000000077334796956
Q87651936	6000000027416558609
Q87651951	6000000016106812633
Q87651983	6000000016104200161
Q87652005	6000000007362716727
Q87652011	6000000007362554878
Q87652321	6000000003481809878
Q87652357	6000000003481809866
Q87652420	6000000003481809872
Q87652464	6000000003681565080
Q87653589	6000000000151546552
Q8765786	6000000062625921973
Q87658010	6000000017497835431
Q87659822	6000000018799897878
Q87662092	6000000010518623768
Q876621	6000000068758833847
Q87662729	6000000002235884205
Q87662881	6000000037790645054
Q87662893	6000000002684346600
Q87662909	6000000003615446978
Q87662912	6000000000524258962
Q87663432	6000000002870159573
Q87663470	6000000003941450143
Q87663488	6000000017375780123
Q87663518	6000000002870165185
Q87663592	6000000001030879297
Q87663594	6000000003615452274
Q87663595	6000000002235818330
Q87663598	6000000003940462854
Q87663601	6000000003940464826
Q87663720	6000000019106648563
Q87664564	6000000000033421020
Q87664612	6000000002870133257
Q87664616	6000000019197746227
Q87664856	6000000009978332266
Q87664871	6000000006348490355
Q87664960	6000000002447053763
Q87664996	6000000006444422021
Q87665033	5305022180630023414
Q87665119	6000000019197477056
Q876660	6000000097709018040
Q876675	6000000031950263981
Q87669014	6000000017433911167
Q876701	6000000095882291005
Q87671023	5235270833120081759
Q87671851	6000000004199432836
Q87672841	6000000004199605336
Q87673	6000000016814273551
Q87673563	6000000018329096277
Q876748	6000000013669082852
Q87675	6000000054163562844
Q87677	6000000016551864753
Q87679139	6000000164074872866
Q8768	6000000006583228308
Q876800	6000000002648815502
Q876804	6000000179166406835
Q876818	6000000016162941216
Q876833	6000000003096468074
Q87685	6000000007014361498
Q87686	6000000019831463806
Q876867	6000000006937297492
Q876877	6000000027688861455
Q876969	6000000065788114825
Q87697	6000000090054087821
Q87702	6000000020985775919
Q87705331	6000000011344338676
Q87708410	6000000003013216823
Q87709421	6000000000014343033
Q87710	6000000041882633089
Q87710560	6000000046225773148
Q87710833	6000000008366142067
Q87711642	6000000046225851212
Q87711793	6000000000101067196
Q877119	6000000029853638944
Q877126	6000000016528996867
Q87714338	6000000080816347358
Q87715085	6000000021451210675
Q87715103	6000000006127578242
Q877165	6000000015918902077
Q87719587	6000000055040173869
Q8772	6000000000152214560
Q87720187	6000000007350967408
Q87720279	6000000091680643882
Q877203	6000000038088288368
Q87721084	6000000035258811527
Q87721341	6000000089955856905
Q87721649	6000000066644185831
Q877224	6000000075405769822
Q87723	6000000030121021825
Q877241	6000000033742917896
Q87725	6000000065499304827
Q87726	6000000099569294467
Q87732	6000000006727737292
Q87735633	5537782263550089131
Q87736175	6000000015981868355
Q87736929	6000000039865348012
Q87737	6000000000309444430
Q87737237	6000000012470508099
Q87739480	6000000011736801643
Q87739605	6000000019833808812
Q877419	6000000029566247997
Q8774223	6000000075400482892
Q87746122	6000000010493543169
Q87746123	6000000002447351829
Q877463	6000000014156381860
Q87746350	6000000097528857821
Q87746353	6000000002447355110
Q87746355	6000000013014831339
Q87746398	6000000179334330822
Q877481	6000000020771493818
Q8774845	6000000016489866570
Q8774848	6000000007210290233
Q87749320	6000000017433944519
Q87749921	6000000028417522137
Q877523	6000000022190442331
Q87753207	6000000172008536868
Q87753540	6000000019626540377
Q877537	6000000107437503973
Q87754	6000000184010512834
Q87754305	6000000051605794828
Q87754527	6000000026018610216
Q87756	6000000184910335854
Q8775620	6000000026813888896
Q87758132	6000000007472193173
Q87759569	6000000008869988594
Q8776224	6000000056184937846
Q8776257	6000000000071693868
Q8776269	6000000028121302760
Q8776290	6000000010310649545
Q8776304	6000000078200468861
Q8776305	6000000000832772378
Q877638	6000000018202740342
Q87763914	6000000017914859732
Q877644	6000000015738546550
Q877646	6000000006727737871
Q87766123	6000000013609965352
Q877668	6000000196634978839
Q87767566	6000000019909114349
Q87768018	6000000079271390483
Q87769	6000000017064344771
Q87771418	6000000017201306619
Q877716	6000000015491566667
Q87772944	6000000177122390832
Q8777339	6000000094782033219
Q87773723	6000000127041751039
Q87774012	4377195806540039002
Q87774211	6000000002367834012
Q87774774	6000000003077541203
Q87774850	6000000001947605255
Q87775010	6000000001322069177
Q87775017	6000000006516756393
Q87775022	6000000006775137263
Q87775103	6000000006518107261
Q87780196	6000000000083573802
Q87780208	6000000007114273390
Q87780216	6000000000769909010
Q87782187	6000000003389002822
Q87782188	6000000005739498228
Q87782189	6000000028103631264
Q87782191	6000000028103458503
Q87782193	6000000029890917364
Q87782194	6000000029890283150
Q87782195	6000000025169479320
Q87782201	6000000015606569456
Q87783868	6000000103886710132
Q877843	6000000014744831948
Q87784710	6000000019373945485
Q87784723	6000000002749957748
Q87784724	6000000002750162171
Q87784775	6000000000137992795
Q87785297	343205926200013955
Q87785301	6000000004088400631
Q877858	6000000014578595509
Q87786	6000000017060799517
Q87787740	6000000000769909362
Q87787766	6000000000769909382
Q87788	6000000017788544805
Q87788648	6000000016283698080
Q87790	6000000026783487527
Q87795	6000000013550298062
Q87799483	6000000018209142018
Q87807	6000000013027330984
Q8781	6000000007335817466
Q87812333	6000000013016172034
Q87812420	6000000004348385573
Q87812474	6000000011942741507
Q87812696	4312051927870066657
Q87812859	6000000001180355502
Q87812941	6000000004348364681
Q878132	6000000119708621885
Q87813482	6000000001363507226
Q87813513	6000000017002298353
Q87813530	6000000069892842047
Q87817	6000000016309674898
Q87817820	6000000078144137022
Q878187	6000000025654080540
Q87819	6000000082397263992
Q878197	6000000177093664922
Q878228	6000000025003433091
Q87822803	6000000016460129252
Q87824	6000000025500908543
Q878273	6000000003219742307
Q878282	5294756233670132138
Q878285	6000000000118802249
Q878288	6000000002452606001
Q878291	6000000012228871749
Q878305	6000000182631190892
Q87831304	6000000005239366972
Q87833167	6000000015498727264
Q87833920	6000000003804195083
Q87835919	6000000005930198294
Q87836036	6000000000015157808
Q87836100	6000000035990338872
Q87836166	6000000009334955916
Q878374	6000000001840212804
Q87837445	6000000002154366146
Q87838193	6000000006440805542
Q87838387	6000000001778608510
Q87838527	6000000002154366044
Q87838531	6000000019617139504
Q87838547	6000000003221224644
Q87838551	6000000002154366108
Q87838780	6000000000111941621
Q87839061	6000000028027108846
Q87839540	6000000019608970184
Q878398	6000000002990874550
Q87840077	6000000018329013863
Q87840612	363136897900007192
Q87840658	363124381090005672
Q878409	6000000004654933311
Q87840966	6000000003617741633
Q87841121	6000000001395685882
Q87841123	6000000007561946204
Q87841125	6000000007561510170
Q87841127	6000000009196629992
Q87841130	6000000007561920355
Q87841996	6000000134525059821
Q87842404	6000000001445404031
Q878433	6000000096167398305
Q87844	6000000026727538208
Q87844039	6000000001769624209
Q878491	6000000001274263259
Q87849556	6000000102052265821
Q878504	6000000010925769534
Q878512	6000000008732842350
Q878516	6000000019523996002
Q878532	6000000093204058931
Q878535	4699018
Q87855305	6000000000276159677
Q87855425	6000000000112117555
Q87855498	6000000001019205600
Q87855580	6000000001019166828
Q87855659	6000000001018941684
Q878563	6000000010470572105
Q87857	6000000007575521166
Q878572	6000000031572564961
Q878577	6000000008424957511
Q87858694	6000000037560228120
Q87861749	6000000003649742682
Q87861799	6000000004056185128
Q87861932	4863091249050017485
Q87862021	5440042251510020536
Q87862045	5432888894850075710
Q87862072	5432846976300075968
Q87862313	6000000001589504876
Q87862371	6000000010726881887
Q878635	6000000023281080960
Q878643	6000000020892563244
Q87864885	6000000032820434106
Q87865	6000000078381429297
Q878651	6000000010764793199
Q878666	6000000003576199573
Q878687	6000000003444497570
Q878708	6000000006052693007
Q878719	6000000015644044651
Q878728	6000000020002506652
Q878736	6000000000329682565
Q878759	6000000015128994017
Q87877	6000000073058876137
Q878772	6000000009876426598
Q87878294	6000000189386839841
Q878789	6000000010511692844
Q87879	6000000000414000283
Q878798	6000000013420016267
Q878810	6000000019979437008
Q87881854	6000000081791230256
Q878819	6000000017602458237
Q87882	6000000002916061762
Q878826	6000000034304376426
Q878835	6000000086863061985
Q87884	6000000004097564539
Q87885	6000000013309592717
Q87888319	6000000016487664268
Q87890888	6000000006444174720
Q87891046	6000000006604878047
Q87891126	6000000006444081396
Q87891181	387682758010002918
Q87891182	4342754500150041923
Q87891183	6000000006530713001
Q87891184	6000000006530948001
Q87891186	6000000002656244012
Q878916	6000000020881149012
Q878955	6000000077586270877
Q878956	6000000016408089773
Q878977	6000000008467712710
Q879003	6000000020758846287
Q879013	6000000003926897073
Q87901427	6000000003938411320
Q879020	6000000000850588361
Q87902219	6000000062448105935
Q879025	6000000002553143335
Q87902954	6000000010486626588
Q87902975	6000000005239468880
Q879030	6000000034287877949
Q87903833	6000000018069029681
Q87904126	6000000008198927106
Q87904724	6000000000769966336
Q87904725	6000000003615648015
Q879048	6000000004295887011
Q879056	6000000047657336610
Q87907329	6000000133238856855
Q87907651	6000000133239838823
Q879077	6000000018374408062
Q87907935	6000000006581191078
Q879093	6000000022183455140
Q87910320	6000000018733596157
Q879106	6000000001779770943
Q87911352	6000000010486740733
Q87911593	6000000010487070250
Q87911759	6000000010486563641
Q87912880	5537626938580100101
Q87913854	6000000001221763103
Q87914	6000000180885907867
Q87914031	6000000003075706436
Q87914166	6000000025889629170
Q87914778	6000000039252088220
Q87914781	6000000002447374972
Q87914784	6000000004235825496
Q87914786	6000000004235740301
Q87914916	6000000014159244408
Q87915226	6000000003234314789
Q87915419	6000000001307956201
Q87915519	6000000023772201950
Q87916	6000000004651050727
Q879169	6000000023729952968
Q87917296	6000000015483093322
Q87918316	6000000043228695345
Q87919	6000000079886832933
Q879195	6000000033054934865
Q87922398	6000000129847605027
Q879229	6000000014832783445
Q879234	6000000019993457183
Q879243	6000000000514504730
Q87924675	6000000003616073806
Q87924780	6000000007811262617
Q879250	6000000012566077834
Q87925097	6000000020406958589
Q87925160	6000000002742248679
Q879255	6000000000875684756
Q87925812	6000000003077570852
Q87925945	6000000013661437273
Q879261	4370135025150064357
Q879263	6000000020617200478
Q87927230	6000000006440911482
Q87927547	6000000007451658809
Q87927907	6000000003937951614
Q87928085	6000000001405684949
Q879281	6000000020037269178
Q87928170	6000000003076215691
Q879287	6000000020221149083
Q879288	6000000017499331039
Q87929158	6000000078154830421
Q87930255	6000000017344200558
Q87930255	6000000122355830821
Q87930315	6000000003075659011
Q87930366	6000000002491597407
Q879316	6000000043335557420
Q87932813	6000000003147128434
Q87932845	6000000010879315490
Q87932853	6000000121465089845
Q87933733	6000000019522965004
Q879352	6000000054065287872
Q87939	6000000006602931524
Q87939036	6000000003051336493
Q87939090	6000000007695450373
Q87939135	6000000007694846472
Q87939376	6000000007996798491
Q87939731	6000000006598872546
Q87941168	6000000006338902407
Q879415	6000000003579912563
Q879427	6000000015308386946
Q87943	6000000030130204339
Q879430	6000000029718453592
Q879432	6000000016956847416
Q87944039	6000000004349091756
Q87952	6000000019950051138
Q87953	6000000020816834084
Q87955	6000000013060977806
Q87959	6000000009815288715
Q879592	6000000002350525015
Q879597	6000000019171184336
Q87961	6000000021343112795
Q879613	2352798
Q87965	6000000009849655063
Q879668	6000000004654517884
Q87968137	6000000030937097965
Q87969	6000000002765673160
Q87970	6000000010953798530
Q87970233	6000000002853968217
Q87973	6000000149788993821
Q879798	6000000077828010834
Q879812	6000000067628120821
Q879821	6000000000331371398
Q879842	6000000075956035982
Q879859	6000000027536361610
Q879860	6000000183932743842
Q87988678	6000000003221236244
Q87990064	6000000175954312919
Q87991446	6000000033471140192
Q879921	6000000016199320675
Q87993765	6000000071715095024
Q87995574	6000000011868058133
Q879985	6000000020458886945
Q88001	6000000123500756068
Q88001315	6000000045546230823
Q880019	6000000089504455839
Q88004	6000000034768013658
Q880065	6000000081801848863
Q880069	6000000000627935139
Q880078	6000000019563929303
Q88009	1919476
Q880111	6000000020154429040
Q880119	6000000019565090636
Q88012	6000000025168498900
Q880129	6000000022762580097
Q88013348	6000000000806431361
Q88014	6000000024024965871
Q88014013	6000000011371719908
Q880145	6000000016351850649
Q88015	6000000000307246625
Q880154	6000000020327583511
Q880161	6000000017753212136
Q880180	6000000022821402646
Q880186	6000000050528821262
Q880193	6000000021541182683
Q88020101	6000000052065050875
Q88021	6000000178235997823
Q88022	6000000009389152829
Q880225	6000000001092006602
Q88022903	6000000015193983541
Q88023133	6000000001180356781
Q880239	6000000009877045994
Q88024	6000000100230062938
Q88026	6000000010385163478
Q880260	6000000004095136995
Q880265	6000000016510833133
Q88027	6000000014084550780
Q880272	6000000002453418412
Q880276	6000000020051010001
Q88028	6000000000056086707
Q880290	6000000020074547756
Q880297	6000000030125748260
Q880304	6000000022859523866
Q880309	6000000026351495442
Q880319	6000000001384708903
Q88032	6000000022266854273
Q880331	6000000020892356472
Q880346	6000000013426484837
Q880347	6000000019564256850
Q880349	6000000034545461829
Q880351	6000000019994274715
Q880359	6000000020039648373
Q880362	6000000035890670448
Q880369	6000000005241846272
Q880377	6000000026351942332
Q880378	6000000019996575269
Q880385	6000000004851156169
Q880387	6000000020056462012
Q880389	6000000013806515773
Q880392	6000000013451243049
Q880393	6000000015038775358
Q88039388	6000000000426525814
Q88039806	6000000001552729804
Q88039851	6000000003490662635
Q88039900	6000000003939536963
Q880400	6000000005410170153
Q88040772	288470403170006344
Q88041	6000000000406799405
Q880411	6000000020854878164
Q88041177	3251499
Q88041217	6000000003942667823
Q88041265	6000000000293431744
Q88041436	6000000006289967975
Q88042420	6000000000286015396
Q88042621	6000000001405805202
Q88042690	6000000003939385870
Q88042733	6000000175257803965
Q88043247	6000000000284305700
Q88043324	6000000000284220156
Q88043735	6000000000321503278
Q88044	6000000030120920149
Q88044381	6000000000320846895
Q88044714	6000000000320846880
Q88045369	6000000006151055084
Q88045416	6000000008860246223
Q880457	6000000178539467926
Q88049355	6000000006692443007
Q880510	6000000003681279324
Q880519	6000000050419120825
Q88052261	6000000022161065612
Q88053298	6000000002834915750
Q880557	6000000022820429104
Q880563	6000000020150629872
Q880569	6000000007216803682
Q880570	6000000019980492795
Q880580	6000000032934164986
Q880583	6000000015038767324
Q88058709	6000000169659026031
Q880589	6000000024694711461
Q880595	6000000019994332585
Q880602	6000000013408689379
Q880604	6000000020411390230
Q880606	6000000022722158403
Q880609	6000000020972213872
Q880618	6000000019995969650
Q880619	6000000013172763264
Q88062	6000000024516313529
Q880622	6000000017460228430
Q880626	6000000022816608876
Q880628	6000000016180534066
Q880633	6000000022864588904
Q88064	6000000035966496024
Q880642	6000000020220896857
Q880645	6000000012422385170
Q880651	6000000020953647091
Q880655	6000000012590992257
Q880663	6000000017698137286
Q880664	6000000022820935150
Q880670	6000000003857274143
Q880672	6000000019384748334
Q880677	6000000010564997539
Q880686	6000000009507871716
Q880693	6000000012205771306
Q880696	6000000018369418927
Q88069987	6000000006453088424
Q88071182	6000000002666098038
Q880714	6000000007408820749
Q88071500	6000000010379137747
Q88072	6000000001463029621
Q880721	6000000010955884357
Q88072586	4871127677500080344
Q88072609	6000000003076228841
Q88072613	6000000010111324507
Q880727	6000000006201431145
Q880731	6000000009837986614
Q880734	6000000003077407108
Q880736	6000000013441363894
Q880745	6000000022764443825
Q880750	6000000042711628851
Q880764	6000000002454831583
Q880767	6000000074702270545
Q880771	6000000010713753872
Q880774	6000000015539654961
Q880776	6000000015824930879
Q880785	6000000006829580351
Q880786	5488657916370057496
Q880793	6000000022826834802
Q880795	6000000019498206750
Q880797	6000000025049907429
Q880800	6000000180362915831
Q880802	6000000019996961333
Q880804	6000000006755314403
Q880811	6000000015373586237
Q880817	6000000015630908337
Q88082	6000000052958855858
Q880822	6000000020074518192
Q880826	6000000016379175395
Q88084	6000000020838035899
Q88085119	6000000008216483881
Q88086383	6000000006257550503
Q880867	6000000013999601784
Q880876	6000000017957075118
Q88090	6000000003282726163
Q880908	6000000019996371235
Q88091373	6000000175869700841
Q88092	6000000025571970600
Q880925	6000000006928326728
Q880929	6000000019936943761
Q880936	6000000022827073981
Q880941	6000000021024119872
Q880948	6000000015118356454
Q880949	6000000003300390088
Q880952	6000000022821939841
Q880970	6000000017415152372
Q880974	6000000022761965131
Q880980	6000000020058966017
Q880987	6000000015355344181
Q88099	6000000016316825652
Q880992	6000000015171695033
Q880997	6000000015364583355
Q880998	6000000001481322412
Q881002	6000000010392301260
Q881004	6000000003077407123
Q88100593	6000000002870138772
Q88100595	6000000025795036781
Q881013	6000000020056819999
Q881016	6000000015355179679
Q881021	6000000019426203445
Q88102218	6000000000308174135
Q88102297	6000000014475830597
Q881023	6000000010132461744
Q88102561	6000000003939536937
Q881026	6000000008509600831
Q88103081	6000000024487400901
Q88103082	6000000014475722123
Q88103083	6000000014475710901
Q88103090	6000000004919999012
Q88103102	4596724472080031810
Q88103107	4596733491290032038
Q88103109	4596744317830043213
Q881032	6000000016962081982
Q881033	6000000012170159299
Q88103432	6000000000308085620
Q881037	6000000017548078906
Q88104020	6000000003681236377
Q88104139	6000000006441918222
Q881044	6000000020895224876
Q881045	6000000015830822385
Q881055	6000000018376475540
Q88105521	6000000006441962041
Q88105597	319856846950006360
Q881060	6000000011907685811
Q881061	6000000016181961702
Q881064	6000000034232329979
Q881069	6000000022875973033
Q881073	6000000020039270135
Q881074	6000000080200686366
Q88107622	6000000006284770127
Q881080	6000000020892449720
Q881085	6000000039487840631
Q88109182	6000000002006295337
Q88109253	6000000000250125696
Q88109282	6000000002447374172
Q88109321	6000000003939640371
Q88109347	6000000006719121080
Q88109494	6000000006718699960
Q88109557	6000000006718917605
Q881099	6000000013452033368
Q88110	6000000002802344099
Q88110132	6000000024018503321
Q88110180	6000000031325567046
Q88110240	6000000031325651114
Q88110305	6000000031325560274
Q881107	374099799120003886
Q881113	6000000035944123026
Q881117	6000000003956755031
Q88112	6000000033509547397
Q881122	305985846300002579
Q88112619	6000000016896757447
Q88112714	6000000009428448225
Q88113119	6000000006284974133
Q881132	6000000020262977824
Q881133	6000000146011314941
Q881135	6000000015483069864
Q88113853	6000000003938209797
Q881139	6000000004095722472
Q88113995	6000000000321345987
Q88114051	6000000000320748293
Q881141	6000000015342742193
Q881158	6000000008440030189
Q881163	6000000013442817007
Q88116336	6000000018242142378
Q881165	5213177911870089119
Q88116594	368452680540006696
Q88116699	6000000000688988134
Q881173	6000000021049313071
Q881176	6000000034545529077
Q881188	6000000027132748835
Q88119550	6000000002277268828
Q881196	6000000043990955054
Q881199	6000000041826984898
Q881216	6000000016495459004
Q881224	6000000020893570430
Q881227	6000000007981237504
Q881236	6000000022686768710
Q881245	6000000015015379136
Q881248	6000000020329611414
Q881251	6000000019538683286
Q881255	6000000045761186052
Q881258	6000000020031544029
Q881259	6000000039888055511
Q88126	6000000183249200823
Q881267	6000000022872627786
Q881272	6000000022843314795
Q881279	6000000020208142319
Q881287	6000000010705921060
Q881295	6000000001372089389
Q881301	6000000016421487630
Q881308	6000000019994786041
Q88131	6000000144891862822
Q881318	6000000015071287779
Q88131861	6000000021329087374
Q881327	6000000017027791098
Q88132763	6000000031221945239
Q881335	6000000022768248706
Q881339	6000000077814891958
Q88134058	6000000007884613131
Q881341	6000000015363908010
Q88134518	6000000003478784087
Q88135	6000000077714894094
Q88135052	6000000003076231324
Q88135184	6000000003042835239
Q881353	6000000018327635016
Q88135409	6000000021329300032
Q881361	6000000032973693956
Q88137294	6000000003042846191
Q881374	6000000016374294055
Q88137555	6000000003075958103
Q88137655	6000000001712998237
Q88138031	6000000003075954961
Q88138124	6000000000746579667
Q881393	6000000015383103488
Q8814	4738444
Q88140	6000000106200215995
Q881401	6000000035944536015
Q88141	6000000016436836973
Q881412	6000000015039910638
Q88141421	6000000001738502132
Q88141567	6000000006972090224
Q881416	6000000003032151744
Q88142	6000000179995481856
Q881420	6000000035820727928
Q881425	6000000010743378277
Q88143046	6000000002354513114
Q881431	6000000020033447474
Q88143394	6000000001795726351
Q881439	6000000035524348740
Q881449	6000000020855071748
Q88146226	6000000017509128603
Q88146285	6000000023853653041
Q88146334	6000000002980611744
Q88146405	6000000002317156414
Q88146799	6000000001757240951
Q88147050	6000000012076239834
Q881500	6000000010992643516
Q88151101	6000000001706529071
Q88151210	6000000001711666391
Q88151286	6000000001711697527
Q88151325	6000000001749462731
Q88151617	6000000001608959302
Q88151695	6000000004319386262
Q88152069	6000000074919520973
Q88152154	6000000000834390355
Q88152205	6000000001749538301
Q881524	6000000172775202168
Q88153	6000000014103833849
Q881532	6000000008221588416
Q881536	6000000008352068258
Q881537	6000000020194822918
Q881546	6000000021023016083
Q881557	6000000070729450011
Q881567	6000000017072817580
Q881568	6000000021064372757
Q881574	6000000013439411294
Q881583	6000000021022826844
Q881585	6000000015278230648
Q88158653	6000000017103206114
Q88159	6000000114330183926
Q881591	6000000000556350364
Q881593	6000000105896435926
Q881600	6000000015061302647
Q881604	6000000020559661116
Q881608	6000000022795310944
Q88161	6000000033769695351
Q881613	6000000020907416452
Q881614	6000000020854714545
Q881621	6000000035936367441
Q881624	6000000019978957218
Q88163	6000000051223316861
Q881633	6000000015159998516
Q881641	6000000016373478397
Q88165	6000000003701903816
Q881666	6000000020534306777
Q881673	6000000022899297923
Q881679	6000000006348603575
Q881697	6000000015085774932
Q881703	6000000008630308943
Q88170857	6000000026557974596
Q881712	6000000000025238973
Q881730	5551279194770064473
Q881738	6000000020528613239
Q881760	6000000027439043423
Q88176559	6000000079185127884
Q88178919	6000000001745576035
Q88180492	6000000001759170680
Q88180496	6000000000834508571
Q88180526	6000000000834538296
Q88180562	6000000001748254751
Q88181124	6000000136857876939
Q881823	6000000020514424063
Q881833	6000000016607227937
Q88184658	6000000049793746887
Q881854	6000000055310220087
Q881864	6000000070868612004
Q881873	6000000019894559298
Q88188076	6000000183571831822
Q88190	6000000002895537180
Q881902	6000000013536225342
Q881903	6000000116917894192
Q88190424	6000000001706557054
Q88190542	6000000001706536082
Q881906	6000000021000940087
Q88190669	6000000001745260118
Q88190786	6000000000600270530
Q88190858	6000000002801076237
Q88190938	6000000001736799333
Q88190985	6000000015744199899
Q88191026	6000000005093156676
Q88191321	6000000003478882087
Q88191381	6000000000834247026
Q88191430	6000000000834288029
Q881922	6000000022796095685
Q88192564	6000000003478784713
Q88192730	6000000076830547397
Q88192807	6000000001806830367
Q881930	6000000020534986479
Q88193029	6000000001736850950
Q881936	6000000020528724200
Q881941	6000000020528638490
Q881947	6000000019976266323
Q881950	6000000020534932987
Q881951	6000000019898910526
Q881961	6000000020893330300
Q881962	6000000004533774249
Q881964	6000000033984775156
Q88197	6000000040678015450
Q881971	6000000020881289521
Q88199977	6000000004359970425
Q882	6000000010764089543
Q88200	6000000034467721905
Q88206480	6000000000218725805
Q88211	6000000027234209317
Q88211586	6000000000834242850
Q88211633	6000000001845762002
Q88211836	6000000003389741020
Q88211874	6000000000834240378
Q88212044	6000000003478804912
Q882124	6000000020338668590
Q88212445	6000000001758729472
Q88212486	5183113666390025702
Q88212531	6000000003490657329
Q88212934	6000000001738461990
Q882131	6000000010724646746
Q88213871	6000000001748171527
Q882142	6000000020069262628
Q882147	6000000002689031902
Q88214768	6000000000834242407
Q88214821	6000000005232463825
Q88215311	5126358312440055306
Q88215313	6000000002229773760
Q882154	6000000001383105533
Q88216283	6000000026026138789
Q882169	6000000045086030821
Q88217156	6000000029520587819
Q88217161	6000000002459880164
Q88217441	6000000000898742325
Q88217554	6000000000898458941
Q88217657	6000000000898792048
Q88217699	6000000000898574732
Q882177	6000000090397869855
Q88217766	6000000000898732409
Q88217794	6000000003076182864
Q88217911	6000000002459877987
Q88218120	6000000003649021516
Q88218243	6000000003649017505
Q882184	6000000032109615012
Q88218877	6000000015918534099
Q88218881	6000000038867669505
Q882190	6000000021037571438
Q88219771	6000000001756356935
Q88219772	6000000002576752053
Q88219784	6000000000921303815
Q88219791	6000000003075721935
Q88219839	6000000003075721912
Q88219919	315111824990003234
Q882207	6000000015370186324
Q88221566	6000000105743148001
Q882219	6000000185270509830
Q88222455	6000000002987740022
Q88222462	1713794
Q882225	6000000010303583738
Q88223010	6000000000218947125
Q88223320	6000000037976892585
Q882235	6000000020276139166
Q882241	6000000016369519338
Q882245	6000000016417239069
Q882258	6000000020535443937
Q882266	6000000015321100585
Q882273	6000000081886691887
Q88228084	6000000004968148400
Q88228216	6000000003210387483
Q88228325	6000000003937876785
Q88228460	6000000003939079919
Q88228509	6000000003939079933
Q88228554	6000000003075721960
Q88228714	6000000003939079926
Q88228719	6000000002860742516
Q88228722	6000000001756552794
Q88229263	6000000035022364948
Q882293	6000000003938331966
Q88229496	6000000002930802322
Q88229663	6000000002930913398
Q88229705	5393795814450070530
Q88229742	6000000000524573666
Q88229825	6000000003075665587
Q882304	6000000001384124981
Q88231	6000000024146298804
Q88232	6000000025770772660
Q88233	6000000027597690102
Q88234032	6000000005229759223
Q882358	6000000015740994165
Q882362	6000000016361775600
Q88237	6000000033525545843
Q88238	6000000013124292586
Q882431	6000000020894304912
Q882443	6000000020971700170
Q882452	6000000020984137334
Q882459	6000000022899403983
Q882478	6000000020930480079
Q882483	6000000020276959985
Q882489	6000000020847464029
Q882494	6000000034566453560
Q882499	6000000022900550169
Q882506	6000000016342561590
Q882532	6000000012272768848
Q88253211	6000000015550714077
Q882536	6000000015288120246
Q882553	6000000019976859264
Q88258055	6000000012674137475
Q88258431	6000000012674011881
Q882591	6000000009334937425
Q882595	6000000011883528399
Q882599	6000000016662722398
Q882612	6000000022778828257
Q882615	6000000013394028201
Q882617	6000000012825020391
Q882624	6000000015579701994
Q88264739	6000000157127788834
Q88265	6000000009607687237
Q882687	6000000103739282851
Q88270022	6000000008042063315
Q88270936	6000000010607582806
Q88271442	6000000077225814326
Q88275975	6000000011371378474
Q88279	6000000023297247606
Q882803	6000000006263975634
Q88281	6000000046859405856
Q88281356	6000000003772702833
Q88281506	6000000022231632924
Q88282990	6000000003025850225
Q882844	6000000016497483802
Q882854	6000000021042100663
Q882858	6000000024583464874
Q88286	6000000064607816081
Q882862	6000000022778116230
Q88288017	6000000002835529607
Q88288338	6000000178085633834
Q88289	6000000020352079378
Q88289026	6000000100418310828
Q882895	6000000026200788226
Q882905	6000000169873616834
Q88290512	6000000002134207682
Q882912	6000000044811707149
Q882919	6000000165377751824
Q882920	6000000024119029098
Q882927	6000000007417766241
Q882954	6000000020984714878
Q88296	6000000037104948835
Q882960	4769216572320021530
Q88296072	6000000010049585453
Q88296122	6000000010049593384
Q88296162	6000000025796717821
Q882969	6000000005072765309
Q882977	6000000022762413305
Q882978	6000000009414632755
Q88298	6000000069487887936
Q882980	6000000004351724523
Q882982	6000000015231630745
Q88298232	6000000009288928801
Q882984	6000000022765928122
Q88298426	6000000003234385105
Q88298549	6000000000746620460
Q88298614	6000000001180355493
Q882987	6000000020404778652
Q88298741	6000000001738914233
Q882988	6000000022922362994
Q88298889	6000000021870772803
Q88298944	6000000001712924480
Q88299089	6000000001180249008
Q882994	6000000020536376295
Q883000	6000000020848464823
Q88300017	6000000166525080822
Q88300560	6000000006718757723
Q88300720	6000000003147128243
Q88300813	6000000003147128255
Q88300881	6000000003939542564
Q88300948	6000000003939542648
Q88300981	6000000008697851335
Q88301190	6000000010859866217
Q88301476	6000000008365688549
Q88301558	6000000008482310136
Q88301887	6000000017451467808
Q88301976	6000000003939542784
Q88302284	6000000003939542826
Q883027	6000000001481322440
Q88302847	6000000008699272336
Q88304357	6000000008697741132
Q88305080	6000000038495814763
Q88305384	6000000008697727095
Q88305422	6000000020792215618
Q88305422	6000000069051354838
Q88305566	6000000003938117219
Q88306920	6000000043440904030
Q88308	6000000002764763728
Q88308314	6000000008697984231
Q88308916	6000000014696286700
Q88309	6000000085903123859
Q88310	6000000013093707564
Q88310272	6000000008699167467
Q88310977	6000000014535295054
Q88311731	6000000009144169767
Q8831201	6000000141113866890
Q88312094	6000000008699389224
Q88313	4514321143810035513
Q883144	6000000020528232922
Q88314505	6000000035502829315
Q88315	6000000184394567859
Q883150	6000000020540654248
Q883159	6000000016419488081
Q88316372	6000000099255159012
Q883164	6000000017911890199
Q88316942	6000000008699431346
Q88317	6000000159098263944
Q883170	6000000090942318973
Q883172	6000000020984707109
Q88317321	6000000000883881028
Q883177	6000000019066791267
Q88317732	6000000008915315804
Q883181	6000000068223570940
Q883183	6000000162042277974
Q883189	6000000035367547323
Q883193	6000000000310834016
Q883194	6000000021062497537
Q883201	6000000019936084218
Q883203	6000000021052843451
Q883210	6000000020055622097
Q883217	6000000013163568636
Q883218	6000000067140938905
Q883222	6000000019880784074
Q883224	6000000020239008941
Q883227	6000000015532814095
Q883233	6000000020895042928
Q88323367	6000000023770313850
Q88323370	6000000089413030841
Q88323372	6000000024316555496
Q883235	6000000020277496163
Q88324060	6000000008825659298
Q883241	6000000074657227362
Q883246	6000000000696737960
Q88324666	6000000008589453754
Q883249	6000000016452090041
Q88325856	6000000008870597701
Q88326335	6000000008829056119
Q883265	6000000015217420609
Q883267	6000000022847043025
Q88327007	6000000008871888236
Q883272	4460368680140114921
Q88327433	6000000000688966600
Q88327494	6000000003308732531
Q88327509	6000000043263908929
Q88327511	6000000024553276853
Q883278	6000000036990270050
Q88328047	6000000008870490740
Q88328510	6000000008482640718
Q88328667	5709623099080053231
Q883288	6000000020513728982
Q88328887	6000000008870470019
Q883292	6000000013516920425
Q88329425	6000000001363150113
Q88329443	6000000000308482784
Q88329962	6000000002825281962
Q88329966	6000000008860408892
Q88331	6000000007260693260
Q88337	6000000182142229829
Q883373	6000000017478480886
Q88338	6000000018822774346
Q88339	6000000014262593349
Q883402	6000000000767592049
Q88343	6000000074993489821
Q883460	6000000013167229609
Q883468	6000000002228254525
Q883472	6000000007194938670
Q883477	6000000023780715377
Q883481	6000000020239627674
Q883491	6000000022845549236
Q88349248	6000000010793824542
Q883495	6000000018834604957
Q883496	6000000000947873279
Q883505	6000000010763190012
Q883514	6000000020249971087
Q883519	4329464537720047713
Q883520	6000000180103001120
Q88353	6000000015357497026
Q883534	6000000021055264534
Q883540	6000000019909328621
Q883552	6000000022850051314
Q883556	334112756670011935
Q883562	6000000022820821001
Q88356249	6000000011138061885
Q883571	6000000020240485973
Q883577	6000000020391313056
Q883577	6000000021810459925
Q883584	6000000022848255002
Q8836264	6000000013640805661
Q8836279	6000000013656162001
Q88363	6000000073741799446
Q88364	6000000024487608452
Q88365551	6000000020812723501
Q88367484	6000000154630967833
Q883694	6000000013807145419
Q8837021	6000000059232840706
Q88372091	6000000013384987039
Q883726	6000000016070029506
Q8837673	6000000034803183387
Q883783	6000000000967061501
Q883789	6000000003219045433
Q883798	6000000019883102155
Q883805	6000000060990584041
Q88381056	6000000022003837191
Q883811	6000000015344882424
Q883824	6000000001825339984
Q88382564	6000000001180084502
Q88383074	6000000010209255196
Q88383326	6000000076963150320
Q88384074	6000000043969304452
Q883841	6000000068243233043
Q88384578	6000000008875084411
Q883848	6000000020369425264
Q88384823	6000000008951057565
Q88384848	6000000001363481206
Q883854	6000000000748110144
Q88385598	6000000008950840161
Q88385602	362811147880006401
Q88385744	6000000017538819570
Q883859	6000000027111341692
Q88386006	6000000006271401561
Q883868	6000000006439725565
Q88387557	6000000064205199903
Q88387603	6000000022448183888
Q883877	6000000008561647581
Q88388573	6000000017769006943
Q88388592	6000000163394894908
Q88389836	6000000010975139914
Q88390217	6000000022776786975
Q883913	6000000030940359983
Q88392456	6000000016657887703
Q88395628	377403313180013827
Q88395832	6000000008541417923
Q88396193	6000000003075816810
Q88396281	6000000001588458963
Q88396580	6000000072442003408
Q88397303	6000000017708247116
Q88399	6000000076669192492
Q883991	6000000014939990562
Q883998	6000000000129047789
Q884004	6000000020529876299
Q88400662	6000000039819066554
Q884009	6000000020542367028
Q884015	6000000019936421316
Q884020	6000000021011677989
Q884027	6000000019594416583
Q884037	6000000019596271488
Q88404044	6000000001180084203
Q884042	6000000016250053405
Q884043	6000000039738072007
Q884049	6000000008548993604
Q88405	6000000050233209237
Q884057	6000000068228013955
Q884063	6000000021011688228
Q884068	6000000000984399300
Q884075	6000000010471000376
Q88407584	6000000041923104682
Q884083	6000000012422606303
Q884090	6000000015076465424
Q884094	6000000106457892822
Q884106	6000000020905211957
Q884113	6000000019008524089
Q884118	6000000015339084871
Q884129	6000000016193368053
Q884134	6000000020905898893
Q88416484	6000000006330053164
Q88418	6000000059108677826
Q88420	6000000029097623414
Q88421	6000000029530986024
Q88424034	6000000013099825266
Q88425	6000000033008783491
Q88425464	6000000001180353800
Q88425759	6000000001180346804
Q88427	6000000027917360070
Q88428883	6000000070297125836
Q884298	6000000082437073908
Q884307	6000000065548693113
Q8843105	6000000017443601563
Q884312	6000000017419942614
Q884319	6000000022833061003
Q884326	6000000026747112720
Q884331	6000000021989787787
Q884341	6000000068023317244
Q884362	6000000011626946540
Q884367	6000000003221236562
Q884377	6000000016485618156
Q884385	6000000019884148723
Q884407	6000000106644662878
Q88441222	6000000020531738312
Q884415	6000000015262304673
Q88444	6000000110681308821
Q88445	6000000024774893098
Q88446342	6000000013114764064
Q88447	6000000009949949358
Q88449	6000000167981671093
Q884500	6000000077639187570
Q884551	6000000001915321420
Q884561	6000000034324500856
Q884565	6000000026133134899
Q884568	6000000014120502707
Q884572	6000000020848049162
Q884576	6000000020420436262
Q884582	6000000020267633899
Q884585	6000000021000216676
Q88458722	6000000021989113763
Q884588	6000000019884973285
Q884597	6000000015322721023
Q884602	6000000024431404393
Q884606	6000000021018233284
Q884609	6000000007417835749
Q8846135	6000000003265153564
Q884617	6000000020530329826
Q88462038	6000000014692197147
Q8846226	6000000028417996364
Q884623	6000000000470022354
Q88463021	4397783290530018156
Q884633	6000000019882866781
Q884640	6000000022877888244
Q884649	6000000020905918902
Q8846555	6000000022436300676
Q88466575	6000000070663835514
Q88466577	6000000052961905503
Q88467	6000000056752229868
Q88467248	6000000015372171901
Q88467251	6000000021275076017
Q88467257	6000000016162924773
Q88467472	6000000018823449338
Q8846859	6000000074746258822
Q8846895	6000000029796479937
Q88469456	6000000076456297843
Q88471533	6000000039032474704
Q88471921	6000000072823504832
Q88471988	6000000039033041498
Q88472102	6000000024462837979
Q8847218	6000000015686432095
Q88472206	6000000015860887713
Q88473680	6000000027137126286
Q88473695	6000000039032997311
Q88475899	6000000117715862974
Q88477845	6000000041582834928
Q88479557	6000000015843590321
Q88480755	6000000041051154946
Q88481579	6000000088776400164
Q88485679	389596346810007565
Q88485682	6000000003002438092
Q88486161	6000000026904224895
Q88487280	6000000006127120697
Q884886	6000000020916515553
Q884891	6000000015364141092
Q88489154	6000000018604240355
Q884897	6000000020917884300
Q884900	6000000054226302827
Q88490935	6000000000986312575
Q884921	6000000020918045998
Q884933	6000000020267984812
Q884940	6000000004152686088
Q884949	6000000022888661869
Q884961	6000000015340828575
Q88497	6000000081115631032
Q884970	6000000020267652338
Q884979	6000000027969331296
Q884994	6000000016808277443
Q885	6000000002236606851
Q885005	6000000020543129204
Q885017	6000000015069084047
Q885022	6000000013290664345
Q885037	6000000015078481365
Q885043	6000000020855144058
Q885047	6000000019978862938
Q885091	6000000020263477807
Q885094	6000000017369982548
Q885099	6000000011451171516
Q885104	6000000013319941033
Q88510742	6000000006348241283
Q88511245	6000000006348517070
Q885133	6000000096231182175
Q885147	6000000020917962666
Q885156	6000000003438825389
Q885159	6000000020530837911
Q88516539	6000000005947802347
Q88516791	6000000005947802338
Q885168	6000000077312359862
Q885168	6000000194255810821
Q88517010	6000000011733888238
Q88517055	6000000000490995137
Q885172	6000000021016293389
Q88517218	6000000011733786231
Q885175	6000000042068283507
Q88517750	6000000003076038165
Q88518399	6000000017947100922
Q88518562	6000000024732745575
Q885188	6000000010360457020
Q885193	6000000020267905515
Q885200	6000000015085788756
Q88520470	6000000071884725962
Q885209	6000000022833823174
Q885215	6000000050234216822
Q885219	6000000020420725019
Q885226	6000000013082486937
Q885229	6000000008448050585
Q885236	6000000019937091234
Q885239	6000000019937928626
Q885245	6000000022792754067
Q88527295	6000000043095043136
Q88528	6000000075598175865
Q88531607	6000000022814587835
Q88532	6000000009366229225
Q88532789	6000000022791397320
Q88533613	6000000029745232724
Q88533909	6000000039303413517
Q88535	6000000016317105731
Q885374	6000000026202094332
Q88537421	5353341472150050567
Q88538383	6000000010965449110
Q885384	6000000019607830048
Q885391	6000000019933048420
Q88539743	6000000020474596045
Q88540325	6000000007350946585
Q88541081	6000000013660244071
Q88543733	6000000010518038104
Q885438	6000000020425832342
Q885448	6000000109133482117
Q885455	6000000017882244700
Q88545957	6000000006100968493
Q88545957	6000000035289771878
Q885460	6000000020274399364
Q885470	6000000020275221940
Q88547324	6000000099255066928
Q885474	6000000106737071823
Q885479	6000000017877103586
Q88548	6000000008969622229
Q885481	6000000020544126591
Q885486	6000000002073543821
Q885490	6000000020531592180
Q88549399	6000000043100223521
Q885495	6000000073503354871
Q88550	6000000012289595912
Q88550144	6000000018822737982
Q88551324	6000000006127453627
Q88552	6000000051293683438
Q88552078	6000000006127453620
Q88552359	6000000006127453613
Q88553176	6000000007351135313
Q885544	6000000020034822117
Q885550	6000000017518379886
Q885553	6000000001180223260
Q885555	6000000020555909883
Q885556	6000000015015542300
Q885559	6000000035038255188
Q885572	6000000017009720609
Q885576	6000000015877504632
Q885577	6000000075041967890
Q885578	6000000019606383031
Q885583	6000000010103764558
Q885596	6000000020445064557
Q885601	815885
Q885605	6000000068138580888
Q885608	6000000016483777077
Q885614	6000000020544474398
Q88561738	6000000025181940469
Q885622	6000000022890493087
Q885627	6000000016504670689
Q88562914	6000000025295444028
Q885633	6000000019938407199
Q88563478	6000000007998346502
Q885637	6000000035654813292
Q885639	6000000022952160932
Q885645	6000000050233994116
Q885647	6000000020273189485
Q88565	6000000000560840457
Q885653	6000000020945067887
Q88565495	6000000019308347242
Q885657	6000000020944209810
Q885661	6000000018239546870
Q885669	6000000020559965319
Q885671	6000000019893126908
Q88567253	6000000177936335834
Q885675	6000000022833891620
Q885679	6000000008649356289
Q885683	6000000003847832037
Q885687	6000000022891122208
Q885689	6000000016301306200
Q885747	6000000022892922043
Q885765	6000000019964930662
Q88576872	6000000084530588011
Q88577	6000000009639405870
Q885774	6000000036968497252
Q88577553	6000000007489408455
Q885826	6000000018997662228
Q885830	6000000019581579279
Q885835	6000000015382129728
Q885839	6000000017483965555
Q88584	6000000002188450654
Q88584109	6000000018760198001
Q885846	6000000017451203215
Q885848	6000000004661187126
Q885858	6000000000239895473
Q885860	6000000022773917308
Q885869	6000000022781940897
Q885872	6000000003746092188
Q885877	6000000000703528288
Q885878	6000000018394859872
Q885883	6000000019001164414
Q885901	6000000081257436418
Q885904	6000000172011340899
Q885910	6000000024919233477
Q88592	6000000091340257957
Q885924	6000000020930904628
Q885929	6000000063432535917
Q88594	6000000005598791817
Q885947	6000000016392272145
Q885954	6000000080644188967
Q885957	6000000020848042391
Q885976	6000000002649893396
Q885982	6000000020556496193
Q885985	6000000106747764829
Q885986	6000000022784121821
Q885989	6000000020556582278
Q885995	6000000038948475056
Q885998	6000000022784581993
Q88600	6000000002765668488
Q886001	6000000022795307323
Q886005	6000000020425847033
Q886006	6000000020275605863
Q88601395	6000000072104711647
Q886018	6000000016493302116
Q88602	6000000180294029826
Q886024	6000000003634908031
Q886026	6000000015741752076
Q886029	6000000106757898906
Q88603	6000000001217819412
Q886034	6000000017484839917
Q886035	6000000015038915374
Q886038	6000000019855936708
Q8860402	6000000071675072064
Q8860424	6000000019187009972
Q886046	6000000010925081078
Q8860487	6000000019437654995
Q8860520	6000000177544952837
Q8860532	6000000069498674122
Q8860559	6000000015758593883
Q8860585	6000000092677138021
Q8860591	6000000092677039066
Q88606	6000000028786533903
Q8860640	6000000015742448379
Q8860651	6000000024321597963
Q8860671	6000000005606210405
Q8860676	6000000024488586269
Q886068	6000000019921744259
Q886071	6000000019594047518
Q8860728	6000000026188227440
Q886076	6000000008787792345
Q8860780	6000000006265125038
Q8860809	6000000020530527335
Q886083	6000000005961604988
Q88608397	6000000188870217831
Q886085	6000000015778026938
Q886090	6000000012509682135
Q8860909	6000000009402646092
Q886091	6000000073944521837
Q8860923	6000000090531915888
Q886094	6000000063208869965
Q8860956	6000000040108554408
Q8860970	6000000183999375860
Q8860998	6000000015838156188
Q88610185	6000000044071929136
Q886102	6000000027613029065
Q8861045	6000000015830013134
Q8861061	4754043622340080289
Q8861068	6000000205469347856
Q886109	6000000013443322457
Q8861107	6000000019132937063
Q8861128	6000000184258735884
Q886115	6000000063220960911
Q88612	6000000072036055053
Q886120	6000000019852445272
Q8861224	6000000179894855833
Q8861244	6000000040028071818
Q886125	6000000007778775592
Q8861296	6000000003076128028
Q886132	6000000074700664032
Q8861365	6000000011235727865
Q886138	6000000020963249798
Q8861394	6000000084416073739
Q8861417	6000000181930433840
Q8861422	6000000083784631286
Q886143	6000000020881293173
Q8861451	6000000000313902020
Q886146	6000000004152781601
Q88615	6000000013144866119
Q886150	6000000016487160898
Q88615051	6000000000413259900
Q8861537	6000000077286099191
Q886158	6000000104887607867
Q886163	6000000106755471839
Q8861635	6000000009657605965
Q8861642	6000000004178262573
Q8861662	6000000029175832854
Q886171	6000000020530039916
Q8861717	6000000017310911082
Q8861722	6000000018929325523
Q8861750	6000000111747546881
Q8861762	6000000025758595535
Q8861769	6000000025760397822
Q886178	6000000016290030816
Q886184	6000000024948174692
Q8861873	6000000209868650889
Q886188	6000000020274933767
Q8861918	6000000029583698473
Q8861924	6000000029500916922
Q8861934	6000000078286930586
Q8861945	6000000022670154795
Q886196	6000000013432753958
Q8861969	6000000025002184211
Q8862018	6000000028426795311
Q886202	6000000021000478913
Q886202	6000000030984621038
Q886204	6000000003322398645
Q886209	6000000014429524413
Q886210	6000000014821512310
Q8862100	6000000078974533933
Q886213	6000000090269826880
Q8862150	6000000078398240165
Q8862168	6000000183399821832
Q886222	6000000010123685397
Q886223	6000000011457170634
Q886227	6000000018986058379
Q8862304	6000000194726468830
Q886231	6000000007402991812
Q886233	6000000020519993637
Q8862355	6000000003962304417
Q8862369	6000000026004025470
Q886239	6000000001877468552
Q886242	6000000003403186052
Q88624785	5619605777240088986
Q8862493	6000000031564034073
Q8862504	6000000043823009103
Q886251	6000000012155811491
Q8862511	6000000015684005044
Q8862517	6000000015687379335
Q8862627	6000000104819173986
Q88627983	6000000003937778082
Q8862808	6000000123677741833
Q88628093	6000000006441379890
Q88629076	6000000001367601022
Q8862921	6000000179708235858
Q88629539	6000000004089598210
Q886300	6000000016624913571
Q8863019	6000000084588491081
Q88630204	6000000001180223284
Q8863049	6000000016564152080
Q8863060	6000000029899695106
Q8863068	6000000015870126256
Q886308	6000000017357856157
Q8863176	6000000179893972842
Q8863241	6000000033803485632
Q8863278	6000000026008655404
Q8863380	6000000041634392466
Q88633835	6000000036555889678
Q8863447	6000000019845831287
Q8863463	6000000083628230465
Q8863526	6000000010143719997
Q8863532	6000000010170394795
Q8863629	6000000022449172798
Q88636399	6000000084530459009
Q8863669	6000000021676588962
Q88637598	6000000007343178232
Q8863902	6000000105335654102
Q8864002	6000000015683732018
Q8864032	6000000021401950564
Q8864037	6000000015711261504
Q88640441	6000000021676030593
Q886408	6000000003345991334
Q8864107	6000000015762622839
Q8864146	6000000087178105932
Q8864152	6000000000459514131
Q8864179	6000000132032972881
Q8864186	6000000037471673713
Q8864232	6000000065991659866
Q8864240	6000000065990934082
Q8864245	6000000065991537881
Q8864249	6000000065991012143
Q8864255	6000000065991594945
Q886426	6000000089973346009
Q8864275	6000000065991757850
Q8864302	387841627040005698
Q886431	6000000076631420934
Q8864315	6000000020664519298
Q8864346	6000000147766953908
Q886436	6000000000497713097
Q8864382	6000000036941020527
Q886443	6000000000466669963
Q88644597	6000000208175385862
Q8864460	6000000027623197683
Q886447	6000000089930622956
Q8864487	6000000039592589138
Q8864492	6000000019920790887
Q8864500	6000000081499797990
Q886451	6000000028067009302
Q886454	6000000015762246527
Q886456	6000000014947718916
Q886457	6000000040517643364
Q8864574	6000000163837417903
Q8864589	6000000037535921983
Q8864702	6000000077990741636
Q886472	6000000010330610468
Q8864732	6000000025718231414
Q8864744	6000000020638562142
Q8864763	6000000078318486940
Q886478	6000000093214503964
Q8864782	6000000081286342841
Q8864795	6000000173900488847
Q8864848	6000000025740023581
Q8864896	6000000090441320826
Q8864969	6000000015772032895
Q886509	6000000013433987351
Q8865117	6000000040105303441
Q8865129	6000000007217365313
Q8865165	6000000000498057285
Q8865182	6000000013048615578
Q8865193	6000000080201516462
Q8865225	6000000092677104857
Q8865236	6000000173534627017
Q886524	6000000064679025938
Q8865242	6000000035140221422
Q8865247	6000000173535643950
Q8865270	6000000179028296925
Q88653	6000000103224746018
Q8865326	6000000013150695084
Q88653430	6000000036622296932
Q886535	6000000016147689733
Q8865385	6000000035587446612
Q886540	6000000009785797579
Q8865408	6000000007264639432
Q886541	6000000090612986996
Q8865420	6000000028463980302
Q8865455	6000000020592683976
Q88654865	6000000008231359250
Q88654892	6000000013650233590
Q8865517	6000000019219659883
Q8865522	6000000168954062919
Q8865558	6000000045199050859
Q8865565	6000000080396425960
Q88655693	6000000000942086204
Q88655711	6000000014934987909
Q8865590	6000000035303187352
Q8865603	6000000181048270845
Q8865649	6000000030720096250
Q88656567	6000000006961143391
Q8865658	6000000015976131202
Q8865669	6000000078286169177
Q8865701	6000000097188455859
Q8865728	6000000033398099116
Q8865733	6000000078172228453
Q8865749	6000000172329378291
Q8865883	6000000018173446328
Q88659	6000000041047949432
Q8865948	6000000015084353706
Q8866016	6000000179942021840
Q8866042	6000000194720374893
Q8866064	6000000079569125097
Q8866128	6000000073418474047
Q8866172	6000000015774219388
Q8866176	6000000019149062568
Q88662824	6000000008355974416
Q88663276	6000000069707886033
Q88665	6000000001396825580
Q88665527	6000000011713477397
Q88665527	6000000024824523294
Q886672	6000000019476901401
Q886692	6000000015229229384
Q886697	6000000020356951553
Q886698	6000000016218345329
Q886702	6000000021150196442
Q886704	6000000020410633726
Q886713	6000000020348927822
Q886716	6000000180555387835
Q886717	6000000020348912031
Q88678646	6000000006439812310
Q88678782	6000000044087114573
Q88679	6000000022065890952
Q88679128	6000000044086756810
Q886792	6000000012644026519
Q886796	6000000041904739163
Q886800	6000000020330873914
Q886808	6000000012387790530
Q88681724	6000000006327163009
Q886821	6000000020330886052
Q88682128	6000000044071828279
Q886827	6000000017596155791
Q886833	6000000020349799320
Q886846	6000000033120361880
Q88685211	6000000098404003848
Q886854	6000000020331027884
Q88685525	6000000098512579977
Q886860	6000000020352179137
Q886866	6000000020319571839
Q886868	6000000020339703952
Q88687107	6000000006327181007
Q886875	6000000001690091199
Q88687907	6000000018443367187
Q886881	6000000020348678648
Q886885	6000000104999585841
Q886890	6000000012689144405
Q886900	6000000020514520274
Q886904	6000000015029927108
Q886908	6000000020350156755
Q886913	6000000009092249653
Q886916	6000000020338683034
Q886922	6000000113542371843
Q886927	6000000020501511069
Q88693142	3280931
Q886937	6000000018498861566
Q88694018	6000000147077846297
Q886941	6000000017513275061
Q886942	6000000017112495346
Q886958	4055287892260121399
Q886966	6000000016288444764
Q88697	6000000008996708611
Q88698	6000000019446029574
Q88699	6000000034749184900
Q886992	6000000007081007093
Q887011	6000000001794174936
Q887019	6000000005379991320
Q887033	6000000019287141289
Q88704	6000000015606243870
Q88704398	6000000029283892384
Q88706	6000000109975011822
Q887063	6000000033135241467
Q88707	6000000106246831843
Q88708	6000000084521817375
Q887084	6000000012940407669
Q887095	6000000020024890267
Q887100	6000000010272854038
Q887102	6000000016417468543
Q887111	6000000048249881996
Q88712	6000000051687559917
Q887122	6000000002206576796
Q887130	6000000009617439925
Q887136	6000000022905451367
Q887139	344603991080012748
Q887146	6000000016303149657
Q88714872	6000000002271039360
Q88715	6000000030613410782
Q887153	6000000010565387992
Q88716	6000000014515952161
Q887190	6000000136791956878
Q88720437	6000000128695762823
Q887218	6000000012298043245
Q887226	6000000028167034746
Q887229	6000000003669492151
Q887247	4571403
Q88725	6000000015620857817
Q887254	6000000007974719975
Q887260	6000000001816453885
Q887277	6000000007707873631
Q887279	6000000020906612510
Q8873	6000000038555630138
Q887302	6000000000817372399
Q88731308	6000000001544304778
Q887318	6000000013269858504
Q887320	6000000027012046811
Q887327	6000000073800262910
Q887337	6000000020988250547
Q887338	6000000002447381123
Q887341	5386189642170024824
Q887342	4928957385190116201
Q887347	6000000177846462884
Q887354	6000000009947492324
Q887361	6000000021618521929
Q887362	6000000025836535769
Q887379	6000000022895345958
Q887384	6000000008177465203
Q887391	6000000003868269130
Q887398	6000000007434610432
Q887401	6000000055420569859
Q88742825	6000000028851230097
Q88743	6000000182640408851
Q887437	6000000007271486648
Q887447	6000000021550251025
Q887468	6000000021550707994
Q887475	6000000013443223902
Q887484	6000000015212389386
Q887520	6000000020919023087
Q88753	6000000007865067755
Q887536	6000000026828543383
Q887549	6000000007348644399
Q88755	6000000178866771980
Q887550	6000000036340967131
Q887553	6000000177679120839
Q887588	6000000018146184203
Q88758931	6000000010179317207
Q887594	6000000009414562373
Q887597	6000000039676396921
Q887599	6000000009544304784
Q887614	6000000165976877828
Q887617	6000000019847516432
Q887626	6000000046892404919
Q887630	6000000003658803141
Q887645	6000000156762473827
Q887654	6000000000823927715
Q88766335	6000000041323551362
Q887682	6000000008261175388
Q88769365	6000000021466533463
Q887696	6000000003453731791
Q8877	6000000011212389449
Q887701	6000000006916672836
Q88770303	6000000068057734881
Q88770344	6000000002464435977
Q88771083	6000000144761038360
Q887715	6000000000301761959
Q887716	6000000012923251726
Q887720	6000000002395918953
Q887723	6000000026365888261
Q887724	6000000026795352194
Q887729	6000000006725353932
Q887733	6000000079270190264
Q88774	6000000027306535952
Q887743	6000000178561627871
Q887749	4127883780830040306
Q88776	6000000015926287065
Q887762	6000000021165677525
Q887792	6000000028147478280
Q887802	6000000043113007886
Q887807	6000000029283221970
Q88781	6000000041468072838
Q887822	6000000002043192150
Q887831	6000000013124496280
Q887835	6000000109554544869
Q887841	6000000020263524628
Q887852	6000000019885323353
Q88786	6000000023469470398
Q887871	6000000010725952783
Q887879	6000000032216628407
Q887884	6000000164490175825
Q887887	6000000090206761861
Q887893	6000000025524102333
Q887897	6000000013724775299
Q887898	6000000049865388080
Q887901	6000000071473402832
Q887907	6000000025528787378
Q88791	6000000019667460077
Q887916	315910667780005729
Q887933	327515199070002854
Q887945	6000000042653721467
Q8879489	6000000040202246957
Q887952	6000000022261884893
Q88797061	6000000040189994699
Q887973	6000000143330414912
Q887978	6000000014309053239
Q88798815	6000000081566718066
Q88798867	6000000180704392862
Q88798895	6000000117723231888
Q88798924	6000000012875674178
Q887999	6000000022775574680
Q88800526	6000000014661641087
Q88800541	6000000014110695729
Q88800780	6000000014110655736
Q888008	6000000112066460932
Q88801260	6000000014121500359
Q88801352	6000000084984772191
Q88801356	6000000004106568662
Q88801373	6000000038170636613
Q88801373	6000000133419482899
Q88801387	6000000038126261875
Q88801990	6000000009371836883
Q88801995	6000000020421129827
Q888020	6000000013125520010
Q88802042	6000000084985502858
Q88802128	6000000084985514915
Q88802220	6000000038926161064
Q88802220	6000000084985385841
Q88802377	6000000084985213925
Q888027	6000000015770855941
Q88802707	6000000084983626575
Q88802719	6000000014660602408
Q88802728	6000000083636044995
Q88803	6000000048304554923
Q88803906	6000000170810128912
Q888050	6000000176850131825
Q888061	6000000042634180378
Q888066	6000000016361451082
Q888075	6000000036231298211
Q88809	6000000014945350740
Q888090	6000000021000789093
Q888100	6000000022898471865
Q888112	6000000019599243250
Q888118	6000000007500285776
Q888120	6000000026633916058
Q888126	6000000016369980410
Q888132	6000000035478084898
Q888134	6000000177796038919
Q888147	6000000002108258195
Q888151	6000000022899160848
Q888157	6000000013091354886
Q888166	6000000020855169364
Q888171	6000000015742451676
Q888173	6000000022796203804
Q888178	6000000032081918805
Q888179	6000000022893475523
Q888185	6000000019966123191
Q888186	6000000054773389167
Q888190	6000000014795667270
Q888191	6000000075044146833
Q888196	6000000015453961606
Q888199	6000000021925058399
Q888203	6000000020944690666
Q888204	6000000012016702229
Q888211	6000000022895453720
Q888215	6000000014309027615
Q888244	6000000025246135341
Q888256	6000000038559647621
Q88826	6000000082609167022
Q888263	6000000003386319496
Q888270	6000000041809342540
Q888281	4260561
Q888305	6000000029557549280
Q888306	6000000020528291733
Q888311	6000000025376875981
Q888312	6000000019966603285
Q888316	6000000034749065829
Q888317	6000000020971976214
Q888324	6000000022792309384
Q888326	6000000014228979800
Q888330	6000000005129485019
Q888333	6000000014424497102
Q888342	6000000070394852009
Q888345	6000000020358872803
Q888346	6000000081481616833
Q888350	6000000033763104390
Q888353	6000000018694896745
Q888359	6000000020275675789
Q888364	6000000020945242698
Q888366	6000000009949436473
Q888367	6000000075798913282
Q888378	6000000003301749285
Q888385	6000000020266813071
Q888389	6000000015084476553
Q888391	6000000004018012446
Q88839259	6000000010731293755
Q888410	6000000013442941452
Q888413	6000000085672403127
Q888421	6000000020180179234
Q888444	6000000018491340195
Q88845	6000000020448713006
Q888459	6000000063457709863
Q888461	6000000171951447885
Q88846435	6000000010213310235
Q888517	6000000033168662192
Q888518	6000000036993309911
Q888535	6000000016700059619
Q88854	6000000006588305747
Q888545	6000000168185567850
Q888556	6000000001242989935
Q888567	324962506120001601
Q888580	6000000024553547368
Q888586	6000000002963176524
Q888590	6000000000493726470
Q888599	6000000047196089231
Q888604	6000000013687116199
Q888606	6000000035842559687
Q888611	6000000022820642571
Q888614	6000000031569608048
Q888619	6000000075896097985
Q888624	6000000016420425483
Q88862966	6000000084058961744
Q88862998	6000000001814603134
Q888636	6000000022073112018
Q88863791	6000000068057210326
Q888641	6000000016310708503
Q88864293	6000000007424449542
Q888645	6000000005386000632
Q888648	6000000002174918031
Q888668	6000000046234439864
Q88867	6000000109270415831
Q888671	6000000009405423421
Q88867860	6000000002554896655
Q88867976	6000000002476490940
Q88868	6000000023368205994
Q88868690	6000000000985313547
Q888706	6000000063370195950
Q888716	6000000039968006998
Q88871702	6000000069297600906
Q888719	6000000012617458441
Q88872588	6000000063307631008
Q88872792	6000000003245162533
Q88873824	4936858231380078064
Q88874	6000000043830084756
Q88877488	6000000030731660824
Q88878	6000000025771456281
Q88878099	6000000056264350939
Q88880744	6000000028585090666
Q88880892	6000000119721937898
Q88881131	6000000028585394895
Q888818	4580287908680050541
Q888823	6000000021353180866
Q888866	6000000022769237156
Q88886727	6000000018642685466
Q88888	6000000007648545811
Q88888177	6000000010173542210
Q888882	6000000021548734466
Q888888	6000000010083018719
Q888890	6000000002560330773
Q888891	6000000024477742973
Q88889214	6000000189949046371
Q88889762	6000000040756538141
Q88890	6000000176343696827
Q88890958	6000000040754931134
Q88891062	6000000013174344530
Q888913	6000000021044720633
Q88892	6000000055774142842
Q888924	6000000046665529827
Q888932	6000000007507250560
Q88893812	6000000018183342984
Q88894	6000000017107924273
Q888945	6000000015915887177
Q888950	6000000071267922869
Q888957	6000000021050808779
Q88896	6000000007014427200
Q888979	6000000047727949865
Q888980	6000000022864832178
Q88899	6000000015606223770
Q888990	6000000020008861258
Q888997	6000000022864519708
Q88899907	6000000041889797995
Q88899907	6000000183991356825
Q889001	6000000017135055333
Q88904	6000000025181709887
Q88905	4489192371410033184
Q88907	6000000023699384443
Q889071	6000000010344078502
Q889079	6000000042332726997
Q88908	6000000016507061801
Q889083	6000000089247177821
Q889092	6000000020379285630
Q889103	6000000020435763657
Q889109	6000000020009139648
Q889115	6000000020959240122
Q889118	6000000002894661018
Q889119	6000000012422444475
Q88912	6000000017909939234
Q889123	6000000019569411987
Q88913	6000000000157562189
Q889130	6000000182188523841
Q889131	6000000019858344878
Q88914	6000000105866384859
Q88915	6000000002802583015
Q88915834	6000000044986285896
Q889162	6000000019920824645
Q889166	6000000039676834851
Q88916846	6000000015363662072
Q889169	6000000021064455854
Q88917	6000000023712199644
Q889187	6000000006452985409
Q889188	6000000021063807600
Q889198	6000000026122224547
Q889201	6000000018369792284
Q889212	6000000016309448463
Q889216	6000000019922474086
Q889227	6000000023696116009
Q88925	6000000015811284633
Q889250	6000000020249238957
Q88925092	6000000152480962833
Q889285	6000000017462585108
Q889287	6000000017466297438
Q889307	6000000012628681019
Q889317	6000000024641884912
Q889320	6000000025472657911
Q889329	6000000009579291818
Q889330	6000000177666392868
Q889336	6000000017170520107
Q88934	6000000045595760885
Q88935	6000000023000567049
Q889351	6000000019858156376
Q889353	6000000041860857408
Q889359	6000000008733587046
Q88936	6000000068153384838
Q889369	6000000033405647922
Q88937	6000000078933627894
Q889371	6000000020970547933
Q889377	6000000006976626236
Q889390	6000000000682072603
Q889396	6000000020379357405
Q88940	6000000082395328421
Q889403	6000000006598976514
Q889406	6000000004592967125
Q889410	6000000020933393857
Q889416	6000000026188465449
Q889417	6000000076683633414
Q889421	6000000022767766007
Q889424	6000000022773998670
Q889428	6000000012860687394
Q88943093	6000000183999950822
Q88944	6000000000165832788
Q889440	6000000067165482968
Q88944245	6000000090505883393
Q88944302	6000000008450675366
Q889445	6000000021051543030
Q889450	6000000019537653096
Q88946519	6000000007122229931
Q889467	6000000019527267137
Q889472	6000000067124967846
Q88948	342709364300013928
Q889484	6000000006347993328
Q889488	6000000041611159318
Q889495	6000000019919270303
Q889501	6000000019910967883
Q889506	6000000066955080880
Q88951	6000000037601855455
Q889512	6000000019910381422
Q889516	6000000019910533009
Q889521	6000000020854313307
Q889523	6000000022948871070
Q88953	6000000071151168402
Q889532	6000000023681934933
Q88953353	6000000031045163959
Q88954435	6000000018580947360
Q889547	6000000020918520322
Q889558	6000000020918929851
Q889559	6000000007417839453
Q889564	6000000020918481223
Q889583	6000000019507044067
Q889583	6000000025453805632
Q88958532	6000000033860307869
Q889590	6000000019131875602
Q88960	6000000011241796289
Q88960400	6000000193660707830
Q889609	6000000017615414097
Q88961305	6000000015798155729
Q88961309	6000000015798065865
Q88962315	6000000018965873017
Q88962909	6000000006031412001
Q88964	6000000010693008956
Q889661	6000000017452196914
Q88966176	6000000005393743733
Q88967	6000000010454436216
Q88967208	6000000218345106830
Q88969480	6000000069762219838
Q88969627	6000000064807515842
Q88971485	6000000014378060987
Q88972298	6000000026713189110
Q88973	6000000037010468887
Q88975303	6000000218344978881
Q88978	6000000010095795930
Q88978468	6000000042663077927
Q88978483	6000000128591692914
Q88981	6000000127029460073
Q889824	6000000001091136480
Q889827	6000000019976104056
Q889828	6000000000664321388
Q889838	6000000093225440828
Q88986	6000000015510069553
Q88986059	6000000018884817999
Q889865	6000000026149101675
Q88987186	6000000018885300108
Q88990693	6000000018099223810
Q88991218	6000000008752774198
Q88991493	6000000018099581066
Q88991757	6000000018099435426
Q88992945	6000000008369918192
Q88992949	6000000008369926926
Q88994732	6000000006869621701
Q88994897	6000000008231407670
Q88995	6000000044337473349
Q890014	6000000077075341854
Q890018	6000000015258831324
Q89003	6000000023493348265
Q89004	6000000003217589618
Q89007	6000000095442451885
Q89010280	6000000000774227768
Q89010867	6000000021135176929
Q890109	6000000039092563142
Q89013164	6000000015017167611
Q89017078	6000000180682366842
Q890182	6000000009466282636
Q89018987	6000000040190259253
Q89019	6000000006886256521
Q89021591	6000000125376619116
Q89021953	6000000032632832708
Q890220	6000000002598812905
Q89023	6000000000601185899
Q890260	6000000016997999029
Q89026321	6000000007443876496
Q89026374	6000000180704510871
Q89026653	6000000017396789464
Q89029	6000000021221413678
Q89029971	6000000012560687493
Q89030	6000000142660017956
Q89030978	6000000003813877970
Q89032067	6000000016815405085
Q89033079	6000000026270261872
Q89033132	6000000006127752061
Q89034201	6000000129069938883
Q89036	6000000024916192680
Q89038	6000000024685395173
Q89039608	6000000073597705139
Q89041374	5710481323040036904
Q89041387	6000000006596828333
Q89042351	6000000015332974740
Q89042718	6000000010621473775
Q89042736	6000000029242254919
Q89042757	6000000082744991860
Q89044585	6000000011643617688
Q890448	6000000011548096851
Q89045193	6000000042816303076
Q89046853	6000000008788272753
Q8905515	6000000031946677879
Q890590	6000000031513730664
Q890593	6000000017762307178
Q890594	6000000021289887438
Q89059858	6000000018099381900
Q890599	6000000029556629073
Q89060	6000000101712772822
Q890603	6000000023131156937
Q890611	6000000025740965052
Q890613	6000000075489926850
Q89062491	6000000003627820227
Q89063364	6000000088334526899
Q89064	6000000059287826033
Q89064762	6000000071064459892
Q890654	6000000048110221826
Q890698	6000000007712524301
Q89072	6000000011684426784
Q89075	6000000000508548938
Q89075037	6000000003112262079
Q890754	6000000078082429957
Q890756	6000000001724442653
Q89084	6000000002765668660
Q89088	6000000029277978583
Q890933	6000000183084930822
Q890971	6000000077119363392
Q890973	6000000084675556962
Q89099	6000000079606898959
Q891015	6000000026228851092
Q89102	6000000059326166857
Q89104574	6000000009745002480
Q891058	6000000002197149719
Q89107202	6000000006286257347
Q89110478	6000000212515128842
Q891134	6000000007472046791
Q89114546	6000000018885288082
Q89115404	6000000002624811422
Q89116048	6000000001880358032
Q89116132	6000000004058838752
Q89116197	6000000018282546800
Q89116243	6000000018885238276
Q89116290	6000000018884969375
Q89116892	6000000006444674290
Q891199	6000000179233300826
Q89121626	6000000014828715529
Q89124800	6000000020276352292
Q89127124	6000000018060461213
Q89127446	6000000004868738261
Q89130830	6000000009055622233
Q891310	6000000064110330986
Q891320	6000000059598435159
Q891322	6000000155785222828
Q891324	6000000019136915857
Q891332	6000000026427564427
Q89135	6000000020801656463
Q89136132	6000000013451612707
Q891363	6000000004534266938
Q89137605	6000000021133960111
Q89137665	5523479335490087950
Q89139	6000000182536304821
Q89140	6000000024666735179
Q89140480	6000000129728930833
Q891407	6000000023658553332
Q89143992	6000000001354374466
Q89144746	6000000114119099946
Q891456	6000000004593705141
Q89149603	6000000064507460886
Q89150261	6000000029141830934
Q89150478	6000000031333979845
Q89153	6000000025080316879
Q89154	6000000078956726821
Q89156500	6000000014721790266
Q89162489	6000000001276616205
Q89162908	6000000003681565005
Q89164	6000000179547055832
Q89165	6000000101507800897
Q891674	6000000003827671447
Q89168165	4958030894760077842
Q89168334	6000000005395709179
Q89168354	6000000001276538136
Q89168582	6000000006348564826
Q89168625	6000000002604454564
Q891738	6000000012628142650
Q89174741	6000000006581177281
Q89178	6000000074794395896
Q89179	6000000020670927308
Q89180541	6000000000331956528
Q89180777	6000000000332207262
Q89182899	6000000012128554341
Q89188	6000000018341528837
Q89188015	6000000003051072534
Q89189786	6000000006581084335
Q89190	6000000018579829441
Q89190362	6000000003040380743
Q89191404	6000000019468134295
Q89192288	6000000008006803516
Q89192327	6000000015937478250
Q89193697	6000000003490633842
Q89193705	6000000002428617388
Q89193838	6000000002928651680
Q89193838	6000000016767177105
Q89193864	6000000005617066231
Q89193892	6000000000494266015
Q89193925	289937169440004389
Q89193939	6000000003075785048
Q89194021	6000000008996057015
Q89194026	6000000028928309953
Q89195232	6000000092669412129
Q89199	6000000013319040281
Q892	6000000008428906004
Q89202	6000000026025810477
Q89205	6000000047241276942
Q89205213	6000000015202000593
Q89206850	6000000206243157838
Q89207892	6000000006590065503
Q89208328	6000000095491771881
Q89208425	6000000073342385993
Q89209015	6000000020486032519
Q89209224	6000000014766331175
Q89209275	6000000022929807297
Q892098	6000000022913185175
Q89210187	6000000008788272739
Q892108	6000000026932215373
Q89211489	5615475550430060312
Q892133	6000000028043783411
Q892139	6000000014023016251
Q892140	6000000020743989719
Q892142	6000000085819827958
Q892151	6000000006100544395
Q89216	6000000026495122888
Q89219	6000000002765016461
Q89219813	6000000128698873005
Q89222	6000000028989130844
Q89225	6000000037424113726
Q89225940	6000000006581032372
Q89230836	6000000002764708281
Q89233	6000000053811877995
Q89237	6000000109268838234
Q892413	6000000042633790420
Q892504	6000000070770272873
Q892520	6000000063427808026
Q89254519	6000000006546882002
Q89254877	5623783689680062412
Q89254962	6000000005567695827
Q89255017	6000000011735600493
Q89255087	6000000009963670273
Q89255109	6000000041557522831
Q89255313	6000000006607101510
Q892563	6000000093426215831
Q89257	6000000011403781382
Q892575	6000000003601129959
Q89261	6000000002765654480
Q89265	6000000018431520532
Q89266956	6000000079307218920
Q89266959	6000000009006528488
Q89267070	6000000002604119918
Q89267333	6000000005619140798
Q89268	6000000003549817645
Q8927	6000000031122993337
Q89271	6000000077277188485
Q89272165	6000000002041101227
Q89272183	6000000000351064162
Q89272297	6000000002041102482
Q89272353	6000000000351064194
Q89272583	6000000000351064210
Q89272747	6000000000351064227
Q89272875	6000000000351064251
Q89272878	6000000003681360665
Q89272883	6000000003681360677
Q89272886	6000000003681360688
Q89272891	6000000000351064315
Q89272894	6000000003681360712
Q89272897	6000000003681360724
Q89274362	6000000202571850829
Q89274389	6000000023956888819
Q89274953	6000000033594686947
Q89276522	6000000001299837319
Q89277042	6000000167788223867
Q89278	6000000004115887004
Q89278087	6000000002376809362
Q89279282	6000000001546074145
Q89279804	6000000002239694436
Q89281636	6000000016296501317
Q892818	6000000018446246040
Q89284278	6000000091011770826
Q89284422	3902907
Q89285	6000000036068975822
Q89285061	6000000003686133064
Q89288	6000000011809644752
Q89288715	6000000005418797855
Q89289	6000000007291061188
Q89289243	6000000126843706919
Q89289455	6000000001261248209
Q89290874	6000000006581091360
Q893008	6000000014042402942
Q89301	6000000000051920253
Q89302	6000000014705802743
Q893022	6000000024672636761
Q893033	6000000080841949944
Q89304	6000000023472538755
Q89306	6000000008352903343
Q893138	381819443810011405
Q89314611	6000000009016894264
Q89315000	6000000013953122749
Q89323	6000000013469145493
Q893231	6000000086003270822
Q89326	6000000117742216009
Q893288	6000000021040191901
Q893305	6000000002023472277
Q89332	6000000127098345822
Q89334181	6000000003327484982
Q89334836	6000000027610804895
Q8933801	6000000081838289164
Q893400	6000000017719549630
Q89341	6000000014174577231
Q89343630	6000000036711699913
Q89343640	6000000076328878879
Q89346	6000000036984940985
Q89350347	6000000002861045756
Q89350354	6000000006444679979
Q89350355	6000000003481809860
Q89351301	6000000004319384086
Q89351311	6000000006444700062
Q89351320	6000000122577131855
Q89351322	6000000002447290464
Q89351323	6000000006444745303
Q89352219	6000000223812407840
Q89352255	6000000001180364551
Q89353119	6000000001180364582
Q89353119	6000000031477545169
Q89353867	6000000019397141399
Q89354628	6000000011285298794
Q89354650	6000000011284968018
Q89355	6000000181001570832
Q89360649	5577019401260085510
Q89361729	6000000004100009181
Q89362	6000000002188464907
Q89365092	6000000024065267088
Q893658	6000000182000858824
Q893683	6000000050029003903
Q893689	6000000073874499926
Q893695	6000000078729723027
Q89369988	6000000007453194541
Q893708	6000000028858500683
Q89370977	6000000018129055423
Q89370979	6000000018443456510
Q89371648	6000000019083279637
Q89372	6000000085190539823
Q893723	6000000042953321448
Q893744	6000000086539878103
Q893746	6000000017943993174
Q89375	6000000076607406973
Q893766	6000000006604587220
Q893776	6000000024023268364
Q893779	6000000004293334618
Q893780	6000000036424345348
Q893808	6000000022145565354
Q89382	6000000017983646592
Q89383	6000000041377343111
Q89385	6000000027151533550
Q893855	6000000181952590829
Q89387	6000000029331850979
Q89387402	6000000084187054827
Q89388	6000000139383854260
Q89390	6000000078217372535
Q89391	6000000019933464096
Q89393	6000000024379477681
Q89394	6000000172638571237
Q89394272	6000000008331406259
Q89394278	6000000000438513754
Q89405466	6000000072218051821
Q89405469	6000000164476732115
Q89406785	6000000022892128589
Q89408	6000000014222372140
Q89409126	6000000028522209002
Q89409175	6000000028522369863
Q89409317	6000000029736915039
Q89410	6000000025359381251
Q89411	6000000022483332637
Q89413375	6000000006128248202
Q89413390	6000000006128248223
Q89413459	6000000004888737009
Q89413629	6000000008899952578
Q89414935	6000000008496964694
Q89415	6000000025031250069
Q89415004	6000000008998340990
Q89415031	6000000008507719337
Q89416	6000000019433847464
Q89416948	6000000178949600986
Q89418111	6000000026592466695
Q89418939	6000000038373539937
Q89419164	6000000011717754440
Q89421	6000000077891210583
Q89421798	6000000091132095080
Q89422	6000000002188409115
Q89423	6000000006727778136
Q89425	6000000015521347754
Q89426	6000000016316835846
Q89428806	6000000007512004149
Q89429	6000000018669657407
Q89430343	6000000003549707840
Q89430850	6000000004160985029
Q89431689	5664412714260032900
Q89433	6000000012290787073
Q89437	6000000038063500957
Q89438038	6000000000348869499
Q894444	6000000139407724013
Q89444479	6000000001481139205
Q89455965	6000000011830890276
Q89459	6000000065568614438
Q89459802	6000000020895525845
Q89464	6000000121150800863
Q89471	6000000013314563836
Q894718	6000000012381644480
Q894722	6000000049498029979
Q894729	6000000025914113284
Q894732	6000000051071775196
Q894734	6000000020378552244
Q89476418	6000000183362532877
Q89478	6000000068460531966
Q89482349	6000000011958780482
Q89482689	6000000013019413398
Q89488177	6000000144180355016
Q89490	6000000076771048143
Q89490675	6000000079004624258
Q89491094	6000000010782349410
Q89491274	6000000006597789268
Q89491960	6000000006450306002
Q89492269	6000000007497384443
Q89492335	6000000081590860855
Q89492339	6000000005987088007
Q89492575	6000000005987780013
Q89492585	5128818405500023280
Q89493	6000000015929492741
Q89493137	6000000012768382285
Q89495	6000000017372060101
Q89498873	6000000007070915250
Q894993	6000000026092666408
Q89500077	6000000008757998837
Q89504958	6000000107403896822
Q89508	6000000038765983956
Q89508810	6000000079447324447
Q89510	6000000017518115749
Q89511	6000000068297851833
Q89514	6000000024851688351
Q89514526	6000000070558871052
Q89514697	6000000005562174341
Q89516	6000000181118805847
Q89518	6000000010374470869
Q89519	6000000021495639821
Q89520	6000000073968827836
Q89522599	6000000027705549041
Q89527	6000000012481417225
Q89527353	6000000029166247606
Q89529	6000000009007429725
Q89538	6000000024516894180
Q89538820	292816006620007547
Q89540	6000000015907876974
Q89541	6000000079728708833
Q89542	6000000023826637927
Q89546	6000000080411525145
Q89550	6000000025618849225
Q89558	6000000025087530318
Q89559626	6000000005584812500
Q89560	6000000018229668727
Q89560421	6000000003146907215
Q89560740	6000000009618021605
Q89561907	6000000003146984933
Q89562	6000000140004412832
Q89562019	6000000023269812500
Q89564475	6000000129305286886
Q895654	6000000016681636947
Q89566	371586144370013226
Q89570	6000000016427803710
Q89572333	6000000173261157487
Q895738	6000000011127341280
Q89579	6000000016161308428
Q895790	6000000006330049359
Q895791	6000000001180371421
Q89579884	6000000138608790118
Q8958	6000000010520828925
Q895819	6000000009959184623
Q895829	6000000025967632797
Q895842	6000000013403616367
Q89588500	6000000007062966361
Q895887	6000000003410718061
Q895903	6000000042067362917
Q89592338	6000000018007597056
Q89592924	6000000008319927641
Q895936	6000000015421612975
Q89593909	6000000020542793252
Q89594264	6000000003182756375
Q89594937	6000000001528921773
Q89595185	6000000001529201434
Q895995	6000000051086403920
Q89599902	6000000178286990850
Q89600266	6000000020984668550
Q89600562	6000000020999303075
Q89602373	6000000008915747820
Q89603	6000000023172293155
Q8960671	6000000015385485336
Q89609	6000000144744344916
Q8961045	6000000020946780347
Q8961135	6000000013689459808
Q89612	6000000095404288436
Q8961235	6000000026159977539
Q896136	6000000029625953464
Q89618	6000000178391630849
Q8961857	6000000037384333124
Q8961860	6000000016249884935
Q89619	6000000068873652694
Q896193	6000000041187644288
Q8962	6000000057023713698
Q896210	6000000033729960130
Q8962149	6000000004026398974
Q8962266	6000000010028218851
Q8962277	6000000027439105203
Q8962305	6000000021368633158
Q8962311	6000000000664427199
Q8962322	6000000155557315829
Q8962336	6000000014568054454
Q8962363	6000000005392044686
Q8962382	6000000010867355594
Q89625	6000000015808451865
Q8962541	6000000026260292897
Q8962587	6000000077376578848
Q8962683	6000000128988784821
Q896269	6000000203511970823
Q8962717	6000000029697953193
Q896272	6000000024838959469
Q8962735	6000000000953412215
Q8962766	6000000015182191566
Q8963	6000000000668688183
Q896327	6000000010867336453
Q89634	6000000042389792826
Q8963465	6000000016313915113
Q8963821	5259116250920072681
Q8963834	6000000113068057822
Q896401	6000000001299776343
Q8964175	6000000008826123095
Q89643	6000000062443429823
Q8964558	6000000166904463830
Q8964667	6000000005405938073
Q89648	6000000002802158275
Q89650	6000000036291146978
Q89650390	6000000003180400247
Q8965061	6000000009083577140
Q89651418	6000000001529399040
Q896571	6000000009060518857
Q89658366	6000000024946808317
Q89659	6000000008354343008
Q896639	6000000007661965268
Q896641	6000000009859632569
Q896660	6000000025500930930
Q89666415	6000000014177919641
Q89666969	6000000014177945609
Q896685	6000000030225174868
Q89673	6000000016233388097
Q896749	6000000000301998534
Q896755	6000000001504776001
Q89680	6000000070310974028
Q89681	6000000024739931691
Q89681751	6000000177854567847
Q89682	6000000038918262849
Q89682570	6000000049627876910
Q89683475	6000000009111801682
Q89685	6000000011782507550
Q89686915	6000000016046748813
Q89687	6000000027528929135
Q89687268	6000000078022908977
Q8968777	6000000068036764833
Q8968820	6000000068036930918
Q8968920	6000000068036016412
Q89690347	6000000011379741501
Q89691241	6000000066272438014
Q89695	6000000032494337893
Q89696599	6000000025083050626
Q896998	6000000043047288137
Q897000	6000000078228758007
Q89706	6000000123451766026
Q89709	6000000009959804586
Q897095	6000000090363749976
Q897099	6000000049844166037
Q89710	6000000120878893910
Q89712	6000000083079855052
Q89713	6000000058748752214
Q897156	6000000059818538915
Q897157	6000000003890911711
Q897182	6000000008589322924
Q89723907	6000000002905849577
Q89724	6000000014046376960
Q89724989	6000000015363661223
Q897275	6000000178882028822
Q89731	6000000050708679845
Q89731283	6000000071795193888
Q89734	6000000086361052844
Q897346	6000000010267802506
Q89737	6000000006800846015
Q897370	6000000178896075821
Q897374	6000000139641332841
Q89742	6000000016371384530
Q89745638	6000000007636186743
Q89750	6000000012620309419
Q89751	6000000175526412821
Q89752	6000000057395576050
Q89754	6000000052628418883
Q89757	6000000007168289466
Q897576	340218225450011227
Q89759	6000000035889336911
Q89761	6000000017518556148
Q89765	6000000069051430844
Q89769548	4570280722550036414
Q897719	6000000017695448050
Q89772	6000000022198021148
Q89782	6000000059288146867
Q897856	6000000047336808028
Q89791862	6000000053575476825
Q8979616	4434168538080128137
Q897973	6000000058657932234
Q89806092	6000000003548927699
Q898131	334785899770005489
Q898134	6000000050092164192
Q89815198	6000000003229019163
Q89815256	6000000118861661908
Q89815364	6000000020267316217
Q898188	6000000002245758867
Q89821	6000000013195536179
Q89823165	6000000009944363006
Q89823276	6000000005961377681
Q89823435	6000000002581861024
Q89826251	6000000000137958806
Q89829738	6000000007401829205
Q89830200	6000000007401775227
Q89830739	6000000011156741623
Q89830853	6000000026439743242
Q89830877	6000000009545757265
Q89831	6000000029153896829
Q89832558	6000000090896053828
Q89832593	4554260006480014333
Q898347	6000000001358351138
Q89837006	6000000001533643553
Q89837039	6000000008809344497
Q89837122	301694414500008263
Q89837328	6000000003111580395
Q89838	6000000050264464886
Q89839033	6000000007529114116
Q898398	6000000040508169191
Q89839966	6000000019628709717
Q89840	6000000071638743863
Q89840952	6000000000769955203
Q89844	6000000033426587418
Q89846532	6000000009334824464
Q898553	6000000017673743497
Q89863	6000000080786472863
Q8987300	6000000007360055225
Q89885	6000000014190979737
Q89887969	6000000019055792476
Q89888	6000000025929260478
Q89890742	6000000000350924467
Q89890827	6000000001100469012
Q89890905	6000000000350924599
Q89890942	6000000000350924753
Q89894747	6000000013030985358
Q898955	6000000006741904620
Q89898171	6000000020547034151
Q89901	6000000012998050232
Q89904	3710786
Q89904552	6000000141827379901
Q89905807	6000000012462798910
Q89906760	6000000016116635331
Q89906802	6000000015393308063
Q89908175	6000000020946359480
Q899088	6000000004563308022
Q89909228	6000000002742083485
Q89912068	6000000019893570521
Q89912087	6000000022615851249
Q89913530	6000000015393128540
Q89913697	6000000018040043781
Q89913760	6000000015866074799
Q89914267	6000000008522050716
Q89914345	6000000007520211108
Q89914353	6000000019262647852
Q89916482	6000000007161099262
Q89919073	6000000006793489147
Q89920	6000000007014397217
Q899209	6000000026300741106
Q89922	6000000020838380553
Q89925	6000000035941135164
Q899264	6000000039860033841
Q89928970	6000000006791404628
Q89929	6000000179894069833
Q89932	6000000114105275057
Q899414	6000000006898854427
Q89941510	6000000011495526362
Q89948	6000000017783349901
Q8994986	6000000021753954068
Q899517	6000000040411831992
Q89954	6000000024873196234
Q899564	6000000051163702943
Q89963	6000000056113330022
Q89966	6000000125628270842
Q89972	6000000067101560087
Q8997530	6000000025512499501
Q89978131	6000000003261105841
Q89981623	6000000007312257608
Q89984	6000000048387127874
Q899840	6000000040776673348
Q89985679	6000000018993767341
Q89986950	6000000018988451630
Q899922	285805207080007304
Q89993	6000000013586921826
Q89994	6000000023097566240
Q89995	6000000002765848447
Q90001747	6000000055752700063
Q90004	6000000002802957877
Q900073	6000000016501066347
Q900074	6000000016501008749
Q900080	350732877650012781
Q90009	6000000025511861877
Q90011	6000000009375752916
Q9001451	4109319
Q900147	6000000079562595194
Q900157	6000000018938301363
Q900167	6000000056745347034
Q900177	6000000018938359545
Q90019	6000000011962180455
Q90022	6000000013442751037
Q9002343	6000000001188986237
Q90025737	6000000166436839064
Q9002893	6000000010515691497
Q9002959	6000000061369746092
Q9003006	6000000005598992078
Q9003171	6000000172696104007
Q9003179	4812077264640078501
Q90032	6000000014399136614
Q9003221	6000000000482498345
Q90032772	6000000016198639556
Q90033973	6000000013133769223
Q90034	6000000039711596090
Q9003783	6000000017177247843
Q90041606	6000000076818812048
Q90042371	6000000001355069130
Q90042725	322063843930005126
Q90043086	6000000001355285191
Q90043089	6000000024787731066
Q90044	6000000010674807417
Q9004686	6000000145557325839
Q90047142	6000000033422716100
Q9004729	6000000001691670325
Q900478	6000000004138124294
Q90049547	6000000179901709823
Q9005258	6000000080425634831
Q9005374	5218657748410025467
Q90055341	6000000000276132739
Q90055365	6000000006788784443
Q90056635	6000000003615405061
Q90058	6000000014846269982
Q90058078	6000000006788784385
Q900586	6000000127721809857
Q90059764	6000000007562788024
Q90060846	6000000006450260806
Q9006142	6000000001886725389
Q90062654	6000000000350946730
Q9006568	6000000111956002830
Q90068569	6000000014722827766
Q900707	3930890589370122356
Q90073	6000000040717215244
Q90074771	6000000007554374339
Q90074897	6000000007554286735
Q90076115	6000000007274361928
Q90076147	6000000007554503308
Q90076255	6000000004594333257
Q9007819	6000000061146544166
Q900783	6000000009526951099
Q90078627	6000000002580604165
Q90078678	6000000003615495418
Q90078864	325454912350002029
Q90080945	6000000059468209001
Q90081324	6000000059468058024
Q900837	6000000040389964132
Q90083790	6000000023051357087
Q900852	6000000017536203043
Q90085275	6000000002649954558
Q90086	6000000025206895729
Q90087451	4156871852690084296
Q90090	6000000180300998837
Q900908	6000000012252707018
Q90092	6000000058356415302
Q900928	6000000032136386937
Q9009441	6000000049122343312
Q900947	5371381035510041800
Q90096	6000000018569068317
Q90098012	4156839082700021041
Q900982	6000000009886020962
Q9010198	6000000033960237821
Q9010432	6000000076943892939
Q9010443	376325283420003008
Q9010689	6000000013863116059
Q901070	6000000034676269226
Q9010714	6000000030944841019
Q901111	6000000021329069715
Q901118	6000000027968124462
Q901134	6000000020420144327
Q901137	6000000174872952358
Q9011444	6000000002790863998
Q9011515	6000000029342730627
Q90115497	6000000069641635066
Q9011572	6000000025662421087
Q90116204	6000000173420199903
Q9011963	6000000106655105092
Q901202	6000000001172043431
Q9012072	6000000025941060208
Q90121	6000000025563970967
Q90121394	6000000083733006118
Q9012140	6000000000850678910
Q9012168	6000000021688865371
Q9012176	6000000076057967833
Q90121853	6000000007063501178
Q9012217	6000000011756954576
Q9012234	6000000131336058976
Q9012406	6000000000436875822
Q9012453	6000000083256505077
Q9012468	6000000015130984720
Q9012472	6000000016883740901
Q901249	6000000013144589246
Q90127756	6000000011771991076
Q90128	6000000023866921886
Q9012855	6000000003052375693
Q9012869	6000000005944034027
Q9012959	6000000098322086867
Q90131	6000000017876713034
Q9013442	6000000009066257514
Q9013524	6000000025621637418
Q9013610	6000000070588149840
Q90136299	6000000200099025832
Q9013806	6000000143973927193
Q90138282	6000000028030627292
Q90139	6000000063639827913
Q9013951	6000000036705297278
Q9013963	6000000020544743269
Q9014080	6000000016793336285
Q9014143	6000000016854750172
Q9014175	6000000132270396892
Q9014265	6000000039872825575
Q90143	6000000088187721826
Q9014545	6000000005403760801
Q9014613	6000000030199660259
Q9014654	6000000016242272534
Q90147	6000000010733167749
Q90147643	6000000026694838741
Q90147722	6000000026694679347
Q9014778	6000000045911142034
Q90148140	6000000029143181741
Q90148192	6000000017263681716
Q90148268	6000000039239786250
Q9014846	6000000028607402822
Q9014859	6000000112755644868
Q9014873	6000000042059297937
Q9014918	6000000035049123698
Q9014931	6000000045910944932
Q9014941	6000000009171215925
Q901512	6000000029041895109
Q9015179	6000000071690128874
Q9015259	6000000002665449213
Q901527	6000000076890442594
Q90153075	6000000022514232561
Q90153979	6000000013385664820
Q90153979	6000000022514658917
Q901541	6000000008025429687
Q901545	6000000003275556787
Q90154500	6000000129588068038
Q90154503	6000000022514401404
Q9015517	6000000004269489908
Q90155282	6000000022514444583
Q90156	6000000039967591837
Q90156091	6000000022514352729
Q90156091	6000000047497930099
Q90156180	6000000011621793510
Q90156584	6000000195950552832
Q9015676	6000000026763433159
Q9015689	6000000182274352822
Q90157235	6000000017207849103
Q9015729	6000000138968279349
Q9015740	6000000030285700290
Q9015851	6000000032871214250
Q9015872	6000000008199820476
Q9015902	6000000035069689161
Q9015936	6000000063810910871
Q90159801	6000000004593024689
Q90160208	6000000003939418383
Q90160296	6000000007954629843
Q90160398	6000000012874772818
Q90160470	6000000091629231996
Q90160506	6000000012876475379
Q90160823	6000000017208030101
Q90161803	6000000012876435497
Q9016198	6000000054697747044
Q90162	6000000018809113602
Q90162271	6000000012876453403
Q90162822	6000000006440647447
Q90162863	6000000007399730648
Q90163166	6000000001843017997
Q90163201	6000000003939079954
Q90163404	6000000007399502966
Q9016408	6000000013403729647
Q9016414	6000000002447223723
Q9016429	5260753336480036621
Q9016464	6000000015601552336
Q90164662	6000000005924066701
Q90164787	6000000002766022410
Q9016482	6000000015893876436
Q90164822	6000000002765360747
Q90164850	6000000012858817795
Q90164891	6000000003939528587
Q9016590	6000000037719850914
Q90166151	6000000007954453583
Q9016617	6000000040686010076
Q90166302	6000000002652226005
Q901681	6000000180270396821
Q901683	6000000014674829678
Q901684	6000000014674909692
Q9016861	4500913470770048937
Q9016912	6000000018626298022
Q90169637	6000000108154091909
Q901716	6000000038601494834
Q901721	6000000016592249729
Q90172814	6000000017207506595
Q90172940	6000000017207631375
Q90173191	6000000017207506615
Q901736	6000000102867419850
Q90178	6000000014338114381
Q901783	6000000040375327621
Q90180	6000000073063291142
Q90181491	6000000003075768089
Q90181567	6000000003615483803
Q90181683	6000000000769936068
Q90183	6000000042380121937
Q90185	6000000036855352395
Q90186	6000000028496171527
Q90189	6000000019420598297
Q90196	6000000005599217992
Q901967	6000000038826746867
Q90198150	6000000024212222827
Q90198460	6000000024211795332
Q90199	6000000106422658919
Q90199575	6000000024211808425
Q90199645	6000000024212083823
Q901998	5051673608580109974
Q90200030	4889959077720071890
Q90201	6000000200921875141
Q90205	6000000008354838260
Q90207061	6000000012335762696
Q902075	6000000128856080951
Q9020833	6000000026037300002
Q9021	6000000000632928642
Q902110	6000000000607039748
Q9021150	6000000018088880205
Q90214	6000000002188424737
Q902142	6000000007424594041
Q9021576	6000000103681171532
Q902182	6000000165824747938
Q902255	6000000010199986807
Q90226	6000000013547545451
Q9022671	6000000069522260830
Q9022675	6000000033999477893
Q90226900	6000000050428766964
Q90227	6000000021233353371
Q9022737	6000000020573725176
Q9022788	6000000010977427240
Q90228	6000000037133748277
Q902315	6000000011169503299
Q902317	6000000011169436316
Q9023245	6000000024983232854
Q902340	6000000011039428963
Q90235	6000000002803053500
Q9023535	6000000002057385456
Q902355	6000000015710207573
Q902371	6000000045679179108
Q90238	6000000019360504400
Q90239607	6000000015782759986
Q902423	6000000009688589166
Q90243	6000000002765841807
Q902439	6000000182350589839
Q902444	6000000041163611403
Q9024462	6000000009710266824
Q9024617	6000000030336392905
Q902463	6000000040414109901
Q9024781	6000000190486996843
Q9024873	6000000019670731960
Q9024891	6000000001957165955
Q9024899	6000000018059641384
Q90249	6000000029523339828
Q9024967	6000000007703615407
Q9025015	4572492727280026741
Q9025145	6000000007287235476
Q9025184	6000000075695667884
Q90252	6000000018909149409
Q9025314	6000000000850592608
Q9025332	6000000091770873961
Q9025488	6000000015495365958
Q9025501	4629024
Q902568	6000000008562453569
Q9025700	6000000003149251006
Q90257169	6000000080350336577
Q902589	6000000019735736521
Q90261	6000000020744628147
Q90262	6000000015031502075
Q902649	6000000009837418318
Q90269	6000000079440294187
Q90269286	6000000051848124546
Q902703	6000000007158211763
Q90274592	6000000018586519610
Q902759	6000000024745902320
Q90277605	6000000029028423622
Q9027830	6000000010483674195
Q9027877	6000000021769026016
Q90278814	6000000037401821393
Q9027900	6000000010831769054
Q902797	6000000060737985956
Q9028026	6000000028412257570
Q90280571	6000000032531292980
Q90280583	6000000025955507279
Q9028079	6000000002929569247
Q90281	6000000090732770432
Q9028174	6000000024007036812
Q9028204	6000000018606490059
Q90283853	6000000050797108975
Q90284	6000000007391126731
Q90285042	6000000010047233588
Q902852	6000000010572573233
Q902853	6000000010572366496
Q90286	6000000025359874939
Q9028774	6000000003932752134
Q9028886	4938868595660038255
Q90290	6000000078381560119
Q902921	6000000033209458037
Q90292740	6000000111062660893
Q9029542	6000000020371470849
Q9029807	6000000000605115460
Q902986	4907892794710058191
Q90299	6000000199448743852
Q902991	6000000016766371308
Q9029990	6000000057973470176
Q90300	6000000002802254821
Q9030092	6000000060180347856
Q9030141	6000000019310317566
Q90302266	4490763629860033122
Q90305446	6000000024787911064
Q9030610	6000000044975590076
Q90307285	6000000013152015066
Q9030812	6000000087686246841
Q90310	6000000010501636696
Q903119	6000000010262603114
Q903124	6000000002749941490
Q90315	6000000023514137118
Q90320233	6000000006588387537
Q90320410	6000000021503440426
Q90320995	6000000008199313457
Q90322637	6000000021330251786
Q903240	6000000032621202801
Q90325	6000000018911759038
Q9032774	6000000001758873567
Q90328968	6000000002600378090
Q90331	6000000015442116563
Q90333	6000000032933123027
Q903331	6000000185090411879
Q9033412	6000000043469813967
Q90334808	6000000023172443005
Q90342	6000000039939330209
Q90346	6000000012814049210
Q903471	6000000018231475302
Q90349	6000000120641392868
Q90351854	6000000156772657229
Q9035230	6000000043137294112
Q9035284	1680029
Q903529	6000000090967908947
Q90356	6000000173146098102
Q90357	6000000013530274095
Q9035707	6000000157886232845
Q90358149	6000000166471835845
Q90359	6000000017035908121
Q9036	5197946247210041902
Q903766	6000000083655513079
Q90383	6000000019298317155
Q90385	6000000037364998957
Q903862	6000000080879554835
Q90387	6000000002382266446
Q90392481	4642102236610064391
Q903952	6000000187344474888
Q90399	6000000120877477254
Q90401490	6000000006762822183
Q90401697	6000000015238050808
Q90402	6000000051465313105
Q90404501	6000000091793990094
Q90404528	6000000002279646852
Q90404529	4234172405170123336
Q90404531	6000000003635999654
Q90404536	6000000010084292935
Q90404539	6000000006783005784
Q90404542	6000000006783005408
Q90404577	6000000006777984559
Q90404578	6000000002886239814
Q90407	6000000021543243198
Q90408064	6000000021277256583
Q90409174	4488594840680061923
Q90409338	6000000020114131006
Q9041	6000000007754114273
Q904100	6000000014884517711
Q90411450	6000000011347329357
Q90412	6000000012735164119
Q904123	6000000029430645070
Q90416919	6000000003166822471
Q90418202	6000000013677072968
Q904188	6000000013175620486
Q90419272	6000000131253752373
Q904247	6000000075700805895
Q904270	6000000008591672846
Q90432	6000000024954773006
Q90433	6000000039054272331
Q90435	6000000000051806358
Q904379	6000000010331524584
Q904383	6000000010330691112
Q904386	6000000010331193317
Q904392	6000000010341269860
Q904396	6000000010331166251
Q904397	6000000010331042541
Q904401	6000000100262536890
Q90441	6000000000598850973
Q90443728	6000000022880358617
Q90448412	6000000020959031164
Q904518	6000000028767758235
Q90451877	6000000003166939144
Q90452	6000000023997253718
Q904527	6000000004682993083
Q90452868	6000000169320151827
Q904545	6000000032196569824
Q904563	6000000024683535454
Q904578	6000000052945668292
Q904598	6000000040538790710
Q90463	6000000024180788567
Q904631	6000000009666921243
Q90465	6000000018194712386
Q904654	6000000040723023474
Q904664	6000000040382462848
Q904681	6000000030027349128
Q904682	6000000028549416884
Q90469	6000000041165900662
Q9047	6000000000161852349
Q90473598	6000000015550372204
Q904739	6000000025472769982
Q90478545	6000000031004209216
Q90481273	6000000036302373090
Q904830	6000000034287164592
Q904838	6000000021226720705
Q90485012	6000000179509811932
Q90485016	6000000001896545453
Q90485025	6000000169758383921
Q90488	6000000058627222825
Q9048874	6000000009785218282
Q9049	6000000008828340744
Q904911	6000000013059421369
Q90494	6000000000536556264
Q90497	6000000122716004977
Q90497119	6000000028766274838
Q904981	6000000179329068914
Q9049987	6000000011945191743
Q905	6000000010274070762
Q9050007	6000000020602245035
Q9050179	6000000084318937398
Q905021	6000000013724558247
Q9050242	6000000032078969031
Q90503	6000000029997068237
Q9050591	6000000016188419473
Q90511	6000000087449024822
Q9051190	6000000032723359833
Q90516	6000000180882308950
Q905199	6000000085213637855
Q90520	6000000109654150969
Q90521717	6000000002350882333
Q90524	6000000052181006872
Q9052496	6000000002979610806
Q9053153	6000000035991113216
Q90532	6000000016908728837
Q905323	6000000003477387219
Q9053598	6000000031764487465
Q9054042	6000000000261130337
Q90541147	6000000044433624245
Q90541782	6000000007280157826
Q90544577	6000000000929099297
Q90544920	6000000010553923741
Q90545	6000000008358212392
Q905471	6000000016438847218
Q905490	6000000054420562857
Q905518	6000000085145328925
Q905523	6000000058554170853
Q90553357	6000000010554230211
Q905537	6000000061085656821
Q90559966	6000000028744839197
Q90561	6000000012285631047
Q905622	6000000003774114025
Q90562302	6000000004205229331
Q905629	6000000011658144064
Q90564597	6000000025055102924
Q90565218	6000000069489953208
Q90568	351598933090001364
Q9056896	6000000000477251815
Q90569707	6000000006964095084
Q90569892	6000000001069531229
Q90569958	6000000172202690898
Q90572	6000000082069993821
Q9057442	6000000084474181821
Q90575	6000000175612235840
Q9057515	6000000001133570172
Q9057571	6000000004260405863
Q9057587	6000000000168087469
Q9057653	4586676091450042084
Q90578335	6000000049754520058
Q90579183	6000000049755230834
Q905812	6000000010461023024
Q9058181	6000000165390498883
Q905834	6000000054819299965
Q90586223	6000000019057088572
Q905875	6000000018864412922
Q9058859	6000000052227037215
Q90588949	6000000067350119871
Q905900	6000000047965144119
Q90592224	6000000014558128952
Q905944	6000000040538598537
Q9059611	6000000017497595802
Q905966	6000000146986573824
Q9059908	6000000030064900437
Q90603099	6000000000628761389
Q90603238	6000000002045110670
Q90603441	6000000000769956279
Q90605	6000000030897813534
Q90608	6000000022447985752
Q9061	6000000007039207047
Q9061389	6000000069834565106
Q90619	6000000074589886169
Q906203	6000000006602010704
Q90623350	6000000080004847364
Q90629198	6000000080005504962
Q90631	6000000002802409603
Q906327	6000000024580312540
Q90635	6000000063303833990
Q90637653	6000000034366511111
Q90639401	6000000024773058055
Q90639677	6000000024772837373
Q90643813	6000000003185719634
Q906475	6000000019128104303
Q906477	6000000029979589075
Q906496	6000000011160361533
Q906497	6000000000957820248
Q906498	6000000011106783005
Q9065047	6000000010808642298
Q90652	6000000041257206939
Q906529	6000000054554054017
Q90654706	6000000008352519849
Q90657095	6000000182774328843
Q90657112	6000000014084717864
Q9065843	6000000021594276561
Q9065959	6000000005049052220
Q9066249	6000000034451479576
Q90663	6000000030686482982
Q90664	6000000032440921065
Q9066424	6000000008652797967
Q9066465	6000000035729855189
Q906672	6000000011334807989
Q90669	6000000019187093621
Q9067599	6000000000463204287
Q90676	6000000121172648880
Q90676928	6000000173848767141
Q90678966	6000000015994277180
Q90679	6000000097645663133
Q9068	6000000011283476326
Q9068069	6000000017282013441
Q90686451	6000000207819131824
Q90688156	6000000180815344827
Q90688312	6000000007470738499
Q90688595	6000000009486888315
Q90688902	6000000047052094833
Q90689473	6000000054686710021
Q9068949	6000000014473924078
Q9069114	6000000000624014683
Q9069115	6000000015700292303
Q9069435	6000000000629794047
Q90697611	6000000034094132117
Q9069786	6000000177526853917
Q9069826	6000000015840859716
Q9069826	6000000095448336087
Q90699519	6000000121857325845
Q9069955	363785013750012246
Q906998	6000000025739258554
Q907022	6000000015423295593
Q907031	6000000181200041887
Q907074	6000000007348529242
Q9070791	6000000008249270666
Q907107	6000000047032178523
Q9071096	6000000008249058077
Q90711	6000000091769105991
Q90712833	6000000067861220909
Q90714015	6000000032034691753
Q907162	6000000069285073162
Q907181	6000000122653187899
Q907190	6000000122584007118
Q90723	6000000008175249349
Q907243	6000000016416031821
Q90725388	6000000076749903915
Q90725550	6000000009744887689
Q9072576	6000000011083132676
Q907279	6000000030020400839
Q9073001	4543287291380032051
Q90731956	6000000038450281117
Q90735	6000000034631090435
Q90737	6000000003827438341
Q90740	6000000026061439875
Q907404	6000000015777459676
Q907436	6000000013420191364
Q907451	6000000176789476823
Q907455	6000000084314234050
Q90746	6000000011983574494
Q9074685	359270793070010732
Q907472	6000000089038145829
Q9076093	6000000065530257532
Q9076191	6000000000634907953
Q90762834	6000000070006151887
Q907686	6000000010712313707
Q90769620	6000000006796622811
Q9077273	6000000001200294735
Q907778	6000000040358688975
Q907789	6000000033060379566
Q9077896	6000000036636319688
Q90780	6000000010457372331
Q907815	6000000034624607824
Q907817	6000000034624236718
Q90782	6000000028647347144
Q9078353	6000000001169229807
Q907847	6000000075429755834
Q907913	6000000043586309754
Q907933	6000000010383622470
Q907961	6000000054684458903
Q9080161	6000000000266081784
Q90801897	6000000018171645022
Q90803	6000000023884090248
Q90803469	6000000015280024360
Q908036	6000000063196811873
Q908052	6000000077900561216
Q908059	6000000018128780440
Q90806	6000000171669926179
Q908062	6000000018128850045
Q908084	6000000077890815863
Q908088	6000000162670353840
Q90809558	6000000015063295751
Q908166	6000000013119000815
Q90819	6000000115563079956
Q90821596	6000000056696484909
Q908230	6000000018768504393
Q9082312	6000000078924919166
Q908245	6000000166681460846
Q908247	6000000027948335729
Q90828048	6000000111288748855
Q90828369	6000000091222808952
Q90828374	340259853190012549
Q90829123	6000000091223201971
Q9082916	6000000001499161156
Q90829712	6000000011422614237
Q90829714	6000000011422513582
Q90829724	6000000011422318930
Q90829729	6000000011426511437
Q90829738	6000000011426465493
Q908305	6000000004236819320
Q90832	6000000031458814421
Q90832978	6000000094777764073
Q90833122	6000000094779081822
Q90833406	6000000003371665580
Q90834168	6000000057274287899
Q90834775	5200731691280031217
Q90834887	6000000025219467803
Q90834960	6000000042747226853
Q90835248	6000000042745783290
Q908363	6000000023110347398
Q90836701	6000000046132213859
Q90836765	6000000011421637573
Q90836962	6000000011421824328
Q90837260	6000000009376157301
Q90837446	6000000009375663119
Q90838200	6000000009401794800
Q90838424	6000000009401857750
Q90840960	6000000007561440394
Q90841288	6000000016395469023
Q9084348	6000000021734076955
Q90843663	5720349125420044111
Q908471	6000000035448406903
Q90848	6000000011581559286
Q908538	6000000013047289182
Q908544	6000000013050508512
Q908559	6000000069522397916
Q908569	6000000075988191909
Q908571	6000000024199670388
Q90858	6000000006589261431
Q90858439	6000000015139163292
Q90859	6000000023517367395
Q90860111	6000000172775194388
Q90861	6000000002802349637
Q9086143	6000000005427459210
Q90862142	6000000027001586813
Q908633	6000000002326583119
Q908648	6000000017776452228
Q90865564	6000000016394888900
Q90866	6000000044548420812
Q90867	6000000134585203825
Q908693	6000000056341625872
Q90874002	6000000027001854542
Q90875156	6000000064408293836
Q908757	6000000177092075850
Q90876134	6000000027237636224
Q90876407	6000000002617080554
Q90877756	6000000174415987487
Q90879939	6000000045092935886
Q90879950	6000000002341418459
Q90881	6000000025414942157
Q90881415	6000000002044840945
Q90883	6000000167066824890
Q9088341	6000000074088668940
Q90885	6000000023473134166
Q90885184	6000000019776144341
Q90885186	6000000014724066518
Q90885186	6000000046125434334
Q90886	6000000025413644672
Q9088795	6000000039055206377
Q908899	6000000112056694877
Q90890670	6000000019284522190
Q90893	6000000022206183082
Q908933	3460664
Q90894568	6000000098095650821
Q90898	6000000085296271892
Q90898797	6000000081301542845
Q908998	6000000180666772828
Q909	6000000002399755007
Q90900693	6000000016395511584
Q909010	6000000008099273851
Q90901686	6000000030002047552
Q90903522	6000000013217700898
Q909046	6000000079150172871
Q90904953	6000000036983583174
Q90907563	6000000017138584616
Q90907575	6000000017809108813
Q9090796	6000000004389081993
Q90908594	6000000063799094069
Q90908606	6000000017809225025
Q90910	6000000057387048932
Q90913634	6000000047475036973
Q90913839	6000000065873475972
Q90914730	6000000042863505040
Q90914951	6000000023204452329
Q90914956	6000000026337200775
Q909150	6000000124671967832
Q909157	6000000021159445851
Q90916	6000000173620137873
Q90917	6000000030224935275
Q90918097	6000000013486245382
Q90919	6000000034808685059
Q90919689	6000000020903846183
Q90920401	6000000001483727833
Q90921215	6000000013311247304
Q90922	6000000035086088040
Q909223	6000000011057777943
Q90922794	6000000024486367576
Q90922819	6000000116568366862
Q90927	6000000034250680842
Q90928	6000000003827467233
Q90928383	6000000033722853938
Q909305	6000000023684221380
Q90930893	6000000000985706551
Q909321	6000000142887741917
Q9093236	6000000084882087108
Q9093281	6000000004976423530
Q9093474	6000000014462265574
Q90935	6000000070681230018
Q90935820	6000000000293433115
Q90938620	6000000003747521156
Q90938673	6000000002987231459
Q90938757	6000000000769960873
Q90938813	6000000008076741196
Q90939170	6000000008076764530
Q90939223	6000000008076726012
Q90939403	6000000003076647990
Q909397	6000000075267564047
Q9094	6000000002499930324
Q90942159	6000000003615106954
Q90942398	6000000004296685213
Q90942557	6000000006175862209
Q90942741	6000000003615534672
Q90944306	6000000009128570811
Q9094439	6000000014304129269
Q90944581	6000000009544293664
Q90946773	6000000041007413320
Q90947358	6000000048052040902
Q909474	6000000004948522061
Q90947715	6000000048051215242
Q9095	6000000004176568650
Q9095271	6000000012606637555
Q90954201	6000000003937884770
Q90954416	6000000002337714999
Q90958672	6000000035565791196
Q90959884	4853307995620095465
Q90959886	4853292311830054542
Q90959887	4853411936850035284
Q90963	6000000061943665914
Q90964	6000000003041062724
Q909659	6000000058730559881
Q909685	6000000168163741477
Q909704	6000000069427051910
Q90971	6000000056118129971
Q909786	6000000005571627263
Q90980565	6000000014959578197
Q909809	6000000003913667969
Q9098409	6000000051110968880
Q90987	6000000072545674892
Q90988	6000000009959700994
Q909884	6000000000495692968
Q90988482	6000000179042140859
Q9099	6000000003519635801
Q9099027	6000000009914517348
Q909904	6000000009073561471
Q9099042	6000000008363181858
Q9099045	6000000000653261197
Q9099047	6000000001045999255
Q90993924	6000000025645189398
Q909989	6000000012348745546
Q90999649	6000000025645117705
Q91	6000000002686627053
Q910001	6000000074456131428
Q910029	6000000083708103901
Q91006	6000000000128831783
Q91007	6000000066112099877
Q910085	6000000166665904822
Q910100	6000000040359006878
Q91012	6000000026441375765
Q91012817	6000000018623029253
Q91013	6000000033165286697
Q91013061	6000000010343882482
Q91014	6000000180969171860
Q91014458	6000000027593824793
Q91015	6000000037414842979
Q91016541	4429578442980069688
Q91016560	6000000038415142611
Q91018214	6000000022646129708
Q91018516	6000000166723713844
Q91019129	6000000103276917850
Q91019132	6000000016022573300
Q91019185	6000000016022599224
Q91019487	6000000019919782096
Q91020253	6000000038415479303
Q91020355	6000000016606100064
Q91020358	6000000042515038326
Q91020366	5720328406560044061
Q910206	4821067096250061606
Q91021	6000000086957795105
Q91021653	6000000039670394984
Q91022367	6000000042998819340
Q91022368	6000000010187678291
Q910236	6000000020602698083
Q91024243	6000000023123272320
Q91024250	6000000023123215074
Q91024367	6000000014568833256
Q910248	6000000013711995085
Q91025775	6000000003824930604
Q91026622	6000000011600506767
Q91026642	6000000048052076948
Q91028082	6000000003963178820
Q91028210	6000000003963178124
Q91029731	6000000042147256723
Q91029737	6000000042147647166
Q91030042	6000000150925963928
Q91030537	6000000000769916330
Q91031136	6000000014169671904
Q91031257	6000000014169616596
Q910313	6000000017591783063
Q91032	6000000177061311838
Q910373	6000000067751299987
Q910392	6000000088848631037
Q91041354	6000000216680822846
Q9105493	6000000068800411070
Q91055114	6000000031102170983
Q91059	6000000015043014625
Q91059772	6000000078079801821
Q9106	4820418370680070579
Q910647	6000000012034283959
Q91065	6000000035090029705
Q910715	5057322931210131996
Q910761	6000000153580510834
Q910781	6000000009856312984
Q910794	6000000040161451429
Q91081398	6000000013398733658
Q910819	6000000016198470439
Q91083	6000000151683405836
Q910862	6000000003595380010
Q91087175	6000000016020903597
Q91087820	6000000078482116031
Q910885	6000000010102377428
Q91093	6000000073397141144
Q910933	6000000015799407329
Q91095161	6000000003822864493
Q91095570	6000000003824847519
Q91095699	6000000003824979050
Q91097	6000000157624068885
Q91097095	6000000001775998043
Q910984	6000000131684994821
Q91099765	6000000149935101013
Q91099878	6000000149936062880
Q91100209	6000000015961362316
Q91100267	6000000042929177187
Q91100395	6000000015961336751
Q91100407	6000000042929588131
Q91100417	6000000042929170279
Q91100418	6000000131449532984
Q91101	6000000181027475838
Q91101437	6000000020690416203
Q91101462	6000000073127845080
Q91101466	6000000003822734407
Q91101560	6000000003824328868
Q91101886	6000000147092391885
Q91102415	6000000019443384200
Q91103	6000000023853798605
Q91103648	6000000003824820566
Q91103684	6000000021466781288
Q91104507	4692360
Q91107349	6000000003822697511
Q91107450	6000000003823050135
Q91107626	6000000015961324736
Q911079	6000000088031132840
Q911096	6000000054119490414
Q91111	5542197982980127123
Q91111064	6000000046818416934
Q91111344	6000000182963373831
Q91113354	6000000013425043695
Q91114073	6000000085334647826
Q91114258	6000000003822773391
Q91114327	6000000003823039707
Q91114507	6000000013425070594
Q91114584	6000000003822586895
Q91114643	6000000003823074013
Q91115666	6000000013425273448
Q91115753	6000000087010054880
Q91116493	6000000090634906841
Q91116715	6000000058600302945
Q911174	6000000010144229442
Q91120	6000000033526614399
Q91122512	6000000127093709712
Q911264	6000000039031421908
Q91128	6000000010101660537
Q91129	6000000056870232922
Q91131759	6000000040740903743
Q91132897	6000000071634911922
Q91133709	6000000010744014727
Q91134255	6000000014722678219
Q91140	6000000176576073898
Q91140101	6000000029899358043
Q91140104	6000000046230311057
Q91140106	6000000046230577843
Q91140107	6000000046230495864
Q91145867	6000000177619870837
Q91149818	6000000019753601132
Q91153515	6000000022259949256
Q911548	6000000084050726821
Q91155	6000000026424000255
Q91157930	6000000001383807783
Q91162	6000000071879452157
Q91164	6000000080127064553
Q91167	6000000002926387135
Q91170	6000000018860471667
Q91172	6000000079780121909
Q91173538	6000000041006203671
Q91175	6000000066119608879
Q91175545	6000000004639860155
Q911766	6000000003226358351
Q91176861	6000000016941599198
Q91179	6000000184426803851
Q91181	6000000072325323909
Q91183179	6000000002270117488
Q91187	6000000016132628603
Q911914	6000000055421157861
Q91192016	6000000080769607855
Q91193926	6000000084546208173
Q91194253	6000000042515205994
Q91194275	6000000037022874233
Q91194332	6000000084557430854
Q91194441	6000000084556283583
Q91195036	6000000172694796964
Q91195677	6000000084547680888
Q91197533	6000000193089805822
Q91197565	6000000193089786829
Q91198020	6000000022670195179
Q912007	6000000001361609093
Q912023	6000000033119985528
Q91202352	6000000026178390265
Q912028	6000000100406009975
Q91205	6000000053659257951
Q912097	6000000027946581497
Q912103	6000000012931201697
Q912154	6000000070179187298
Q912174	6000000028521293902
Q912206	6000000151407640868
Q91220843	6000000119421066829
Q912216	372008833280004730
Q912227	6000000183851492866
Q912248	6000000075346002053
Q912267	6000000075326133291
Q91227	6000000024785710986
Q9123	6000000012893598248
Q912318	6000000042539876602
Q91231835	4749388434360012591
Q91231841	6000000001531215827
Q91231903	6000000001521315632
Q91231914	6000000001090624019
Q91233347	6000000003741190779
Q91233350	6000000011650161530
Q91233708	6000000007273406217
Q91233711	6000000011650016670
Q91233714	6000000006348492322
Q91234865	6000000000098070877
Q91235247	6000000000098361227
Q91237810	6000000014161385850
Q91240056	6000000000706056577
Q912436	6000000176790730882
Q912440	6000000176791027828
Q91246461	6000000023851422395
Q91246655	6000000015733980950
Q91247160	6000000010318077453
Q91247499	6000000002452771318
Q91247966	6000000025666099952
Q91248122	6000000025666283866
Q91248345	6000000025666215908
Q91248621	6000000025665573548
Q91249	6000000000224140876
Q91249234	6000000218245245831
Q91249304	6000000011425987029
Q91249304	6000000026178675482
Q91249308	6000000017240377379
Q912529	6000000017088754365
Q912572	6000000021437966332
Q912573	6000000069337349822
Q912594	6000000018917120467
Q91264020	6000000178358230823
Q91264079	6000000041003900872
Q912645	5026830079550036390
Q91266	6000000018867784863
Q91267	6000000117622915046
Q91268996	6000000041664579577
Q91268996	6000000067092114942
Q91269045	5718109876090115094
Q91269215	6000000000197879780
Q91275090	6000000019652475074
Q91276417	6000000021470462785
Q91276651	6000000021472448032
Q91277507	6000000078742560326
Q91279763	6000000021431621937
Q912806	6000000015611954070
Q912811	6000000062458159003
Q91287	6000000016170509725
Q91288	6000000058022645053
Q912906	6000000176906425822
Q912910	6000000108769355851
Q912923	6000000119441532827
Q912939	6000000003712644399
Q913	6000000011261120300
Q9130	6000000000469927083
Q91300115	6000000017264457946
Q91302061	6000000017264475871
Q913084	6000000064487262854
Q91308531	6000000131293113902
Q913123	6000000177913026849
Q91313292	6000000050126527867
Q913160	6000000015820604780
Q913177	6000000019995911496
Q91321	6000000012939949101
Q913241	6000000001893607236
Q91325954	6000000129379638100
Q91327	6000000006013819006
Q91328	6000000034005800099
Q91335	6000000044789452852
Q91335912	6000000084875886956
Q91335951	6000000018099019915
Q91338	6000000022211989878
Q913380	6000000037065112297
Q91339269	6000000001074198466
Q913414	4950928906290042156
Q91342282	6000000009422788727
Q91343	6000000011171477359
Q91344	6000000022799114650
Q91344850	6000000013515986817
Q91344974	6000000022670136228
Q91345000	6000000008409325684
Q91345486	6000000007337390306
Q91345694	6000000007337464231
Q91345698	6000000007337244687
Q91345710	6000000007337426309
Q91345720	6000000007337482276
Q91347	6000000084210176020
Q913497	6000000063023249240
Q91350191	6000000176330637832
Q91350894	6000000190458841825
Q91351216	6000000199689967866
Q91351259	6000000199690212826
Q91351535	6000000012983009665
Q91351843	6000000019740575086
Q91351852	6000000004594308295
Q91351931	6000000199689617930
Q91352143	6000000180581779833
Q91353238	6000000199710732838
Q91354752	6000000010952519506
Q913569	6000000179518342823
Q91358767	6000000024999669250
Q91359226	6000000016681709831
Q91360190	6000000220968642856
Q91360354	6000000143236936888
Q91362424	6000000014846452487
Q91363531	6000000020378678436
Q91363661	6000000019743519090
Q91364567	6000000089040230911
Q91365	6000000017173045528
Q91366374	6000000114209588821
Q913664	6000000037382050746
Q91367	6000000160677160824
Q91370894	6000000220968600860
Q913713	6000000067792318851
Q91373321	6000000015167972144
Q913739	6000000180095688849
Q91374767	6000000085377188051
Q91374767	6000000085377790911
Q91375	6000000177099258839
Q91375018	6000000085333086376
Q91375472	6000000085334624891
Q91376885	6000000085377253137
Q91379	6000000008750607236
Q9137915	6000000031641243141
Q91383037	6000000011331617837
Q9138377	6000000014051142326
Q9138401	6000000167400609844
Q913848	6000000015860968731
Q91386	6000000000635054188
Q913872	6000000000138869356
Q913878	6000000025927528911
Q91390	6000000006824092040
Q9139255	6000000019882230409
Q91393	6000000001504432578
Q9139322	6000000030507891773
Q9139336	6000000173779726853
Q9139381	6000000013071962786
Q9139465	6000000145967666995
Q9139489	6000000081766226002
Q9139522	6000000023404355227
Q9139539	6000000023345032817
Q9139545	6000000022326987342
Q9139553	6000000025927759213
Q9139560	6000000182828440831
Q913957	6000000017904577628
Q9139603	6000000000671388919
Q9139605	4326711941420120468
Q9139618	6000000028319981413
Q9139626	6000000008829259090
Q9139661	6000000069430076048
Q9139675	6000000018989598133
Q9139693	6000000015224280127
Q9139711	6000000003094631538
Q9139715	6000000018995013042
Q9139726	6000000129511516821
Q9139744	6000000033446178977
Q913975	6000000027895167178
Q9139753	4336470861020017224
Q9139766	6000000003034199181
Q91397698	6000000015735780231
Q913979	6000000140834038834
Q9139806	6000000038793411998
Q9139818	6000000018530009995
Q9139852	6000000030316046147
Q9139853	6000000068526833952
Q9139898	6000000014827007678
Q9139912	6000000011359268554
Q9139933	6000000022952968463
Q91399926	6000000015730450270
Q9139996	6000000025745541168
Q91400177	6000000003939689468
Q9140022	4336506527530048410
Q9140050	6000000009147074325
Q9140084	6000000023283224668
Q9140094	6000000004102592786
Q9140106	6000000023525425084
Q9140107	6000000185471298244
Q9140120	6000000020094941095
Q9140178	6000000003667442692
Q9140217	6000000039720744400
Q9140278	6000000039454375586
Q9140291	6000000072203062891
Q9140299	6000000036405562833
Q9140306	6000000020527907400
Q9140339	4570501281310026939
Q9140413	6000000064643296931
Q9140439	6000000013204162828
Q9140490	6000000035962928955
Q9140513	6000000079323367841
Q9140524	6000000130195416946
Q9140555	6000000009111367057
Q914070	6000000027415185049
Q9140988	6000000023252077888
Q91410	6000000068444840928
Q9141003	6000000026561261739
Q9141021	4306506463340044208
Q9141045	6000000065334263922
Q9141070	6000000172817088929
Q9141074	6000000058773614898
Q9141078	6000000067949223850
Q9141105	6000000074273373006
Q9141136	6000000090579559551
Q9141138	6000000013269568423
Q9141138	6000000102337113974
Q9141158	6000000007259606238
Q9141246	6000000055474892886
Q91417	6000000015546571209
Q914183	6000000029921420549
Q9141901	6000000008805226212
Q914201	6000000129882168848
Q91420766	6000000015110129104
Q91421	6000000039190171245
Q914211	6000000107145536823
Q91422191	6000000006802871066
Q9142704	6000000073056149953
Q914320	6000000066193114870
Q91433	6000000019881071114
Q91435	6000000127831879822
Q91436079	6000000024234747203
Q91442	6000000040579774061
Q9144253	6000000040406643675
Q9144314	6000000024277731640
Q91443637	6000000190458211902
Q91445200	6000000190456672862
Q91445285	6000000190457262842
Q91445345	6000000190458137825
Q91449	6000000012524696960
Q9145139	6000000073976071895
Q9145173	6000000014345059641
Q9145185	3963538735500039859
Q9145189	6000000109022830928
Q9145212	6000000011585461698
Q9145218	6000000025624299905
Q9145251	6000000015798218203
Q9145262	6000000005967485712
Q9145265	6000000086584975566
Q9145278	6000000194734680823
Q9145284	6000000029881609567
Q9145285	6000000011829561354
Q91453000	6000000062008386229
Q9145328	6000000048575753882
Q9145329	6000000050472363828
Q9145343	6000000036199063839
Q9145347	6000000014653151787
Q9145414	6000000135727695932
Q9145415	6000000014948976018
Q9145445	6000000014426702652
Q914546	6000000010002338767
Q9145466	6000000040046074493
Q9145476	6000000019819259085
Q9145481	6000000004169995449
Q9145500	6000000007185391406
Q9145504	6000000003847807796
Q9145510	6000000001130441253
Q9145512	6000000014193588677
Q9145532	6000000065333144994
Q9145545	6000000016019031515
Q9145555	6000000039133027679
Q9145559	6000000034674560769
Q9145567	6000000025467958648
Q9145568	6000000038134691829
Q9145568	6000000114212566823
Q9145626	6000000122562998907
Q9145634	6000000038250350401
Q9145672	6000000206555900828
Q9145692	6000000026187935710
Q9145716	6000000003615678821
Q9145728	6000000194291514836
Q9145737	6000000003822894206
Q9145756	6000000079727518140
Q9145814	6000000002216654840
Q9145836	6000000018243816334
Q9145882	6000000015163205915
Q9145892	6000000005297870008
Q9145897	6000000011550607454
Q9145908	4472644469710030340
Q91459276	6000000016337310313
Q9145965	6000000153764393984
Q9146029	6000000003671278991
Q9146035	6000000047089152001
Q9146039	6000000014638179297
Q9146081	6000000035439550707
Q9146085	6000000003653018846
Q9146091	6000000080138004840
Q91461	6000000042622281367
Q9146103	6000000015162605999
Q9146104	6000000014660521276
Q9146137	6000000006707049382
Q9146141	6000000003515847386
Q9146156	6000000018495903739
Q9146161	6000000091200022822
Q9146190	6000000013072218003
Q9146207	6000000021319948291
Q9146224	6000000176330190975
Q914623	6000000006595823463
Q9146262	6000000121683940881
Q91465	6000000001519960466
Q9146510	6000000050954325462
Q9146521	6000000002152737566
Q9146605	6000000180817760823
Q9146611	6000000018562441306
Q91466518	6000000176793537848
Q9146664	6000000019748960829
Q91466809	6000000020613370769
Q9146685	6000000164658304571
Q9146738	6000000020174924986
Q9146744	6000000037228464987
Q9146856	6000000041676527846
Q9146974	6000000174865324864
Q9147133	6000000007223691121
Q9147143	6000000058428253385
Q9147202	6000000029331552238
Q9147204	6000000098633595184
Q9147513	6000000020472217629
Q9147565	6000000077484486010
Q9147621	6000000002188456283
Q9147626	6000000022732312878
Q9147645	6000000022698617510
Q9147660	6000000087138608827
Q9147677	6000000172945518882
Q9147715	6000000172078702074
Q9147789	6000000053437271072
Q9147827	6000000029331079711
Q91478502	2431351
Q9147863	6000000052798762892
Q9147885	6000000029899704855
Q9147890	6000000053429138888
Q914802	6000000075224296824
Q91480380	6000000131467807932
Q91480388	6000000013127885673
Q9148172	6000000040558928232
Q91481817	6000000003075932087
Q91481822	6000000131510291833
Q91483	6000000013156230343
Q91483758	6000000009676167952
Q91484343	6000000008512239238
Q91487039	6000000020469805866
Q9148738	6000000012890234780
Q91487928	6000000003493286967
Q9148797	6000000015736453064
Q9148812	6000000039454920614
Q9148890	6000000024422010047
Q9148909	6000000011400875731
Q9148914	6000000023061108822
Q9148929	6000000038925588800
Q9148959	6000000022380415088
Q9149354	6000000009402967465
Q91497861	6000000000426637688
Q91498415	6000000002315247848
Q9149852	6000000011537293006
Q91498859	6000000000293431726
Q91499656	6000000001540964190
Q91499993	6000000000250578202
Q91500008	6000000000250512718
Q91500356	6000000001301712130
Q91500417	6000000003076198482
Q91502	6000000000792839848
Q915031	6000000023843688382
Q915034	6000000059017893096
Q9150584	6000000022567094615
Q9150593	6000000002375967608
Q915122	6000000043335429038
Q91513450	6000000001386820405
Q915146	6000000034737470968
Q9151491	6000000010886617353
Q9151537	6000000014569836288
Q9151598	6000000016032081492
Q9151697	6000000042101756466
Q9151715	6000000016142017238
Q91517316	6000000003076215072
Q9151760	6000000203489342864
Q9151775	6000000018937105746
Q9151830	6000000041904365843
Q9151833	6000000019438170488
Q9151836	6000000002111550321
Q9151843	6000000172534996559
Q9151846	6000000075926264943
Q91518480	6000000014103982714
Q9151886	6000000180832298833
Q91519052	6000000011433991003
Q9151911	6000000033292073258
Q9151953	6000000016068781592
Q91519701	6000000006444513734
Q9151981	6000000014723675861
Q9151985	6000000014723777565
Q9151987	6000000184734491836
Q9152005	6000000078806414465
Q9152140	6000000000945250407
Q9152227	6000000017670540837
Q9152228	6000000015066027304
Q9152353	6000000015712241342
Q91523562	6000000002884086356
Q9152415	6000000016906071263
Q9152416	6000000017757015634
Q9152416	6000000212895883839
Q9152417	6000000190460262966
Q91524305	6000000030946293012
Q91524307	6000000030948672359
Q91524309	6000000030949837047
Q91524316	6000000002447361397
Q9152461	6000000012449575259
Q91524664	6000000009465827474
Q9152476	6000000015016540054
Q9152499	6000000170835934937
Q9152502	6000000134095469886
Q91525617	5664826311290131762
Q9152593	6000000029423054551
Q91526639	6000000015657267433
Q9152782	6000000003404921659
Q91528117	6000000001704552644
Q91528119	6000000003147196544
Q91528121	6000000003827659880
Q91528123	6000000002447361373
Q9152827	6000000174227789252
Q9152882	6000000018272452204
Q9152882	6000000165972340821
Q9152926	6000000015773703177
Q9152994	6000000035868863269
Q9152999	5253469012310045123
Q9153012	6000000093821659226
Q9153103	6000000064012248882
Q9153104	6000000084954626229
Q9153120	6000000023176054483
Q9153291	6000000001407341251
Q9153325	6000000079505001434
Q9153328	6000000057140728937
Q9153349	6000000020325262182
Q9153367	6000000094494112821
Q9153410	6000000168379702873
Q9153414	6000000180983912843
Q9153433	6000000070732978944
Q9153483	6000000090475349821
Q9153488	6000000023449945059
Q9153568	6000000111132274862
Q9153624	6000000016013747514
Q9153656	6000000175097752219
Q9153664	6000000147254709006
Q9153698	6000000036201096960
Q9153743	6000000083776471946
Q9153840	6000000017672853239
Q9153841	6000000017672942002
Q9153842	6000000014724683595
Q9153852	6000000037517851536
Q9153857	6000000084842043952
Q9153880	6000000025039747963
Q91538968	6000000023859294315
Q9153966	6000000019131864325
Q9153975	6000000017388423486
Q91541	6000000019035479704
Q9154178	6000000008438607530
Q9154188	6000000011433611201
Q91542006	6000000041664884073
Q91542006	6000000067096013871
Q9154245	5181848548270086710
Q91544	6000000134675391868
Q9154668	6000000011514384515
Q9154669	6000000015829405885
Q9154691	6000000003239281061
Q9154701	6000000015663575400
Q915480	6000000013165782234
Q91548036	6000000011884216677
Q91548490	6000000006444232707
Q91549	367939415560003880
Q9154904	6000000088306313515
Q9155029	6000000006882230871
Q9155052	6000000002385984085
Q9155125	6000000003361938050
Q9155131	6000000014071697528
Q9155131	6000000209563842838
Q9155193	6000000017426936108
Q9155216	6000000003904835190
Q9155222	6000000079103861045
Q9155230	6000000002382932415
Q91553	6000000018417598725
Q9155442	6000000002631705262
Q9155442	6000000209567886824
Q9155451	6000000008779479474
Q9155454	6000000006274248661
Q9155483	6000000039976968059
Q9155514	6000000130228392837
Q9155532	6000000011809874683
Q91555997	6000000000156756336
Q91555999	6000000002165308918
Q91556003	6000000002931045829
Q9155608	6000000003523493928
Q9155610	6000000003827674010
Q9155610	6000000209563876821
Q9155696	6000000054200847183
Q91557	6000000051426387006
Q9155701	6000000038941600826
Q9155711	6000000013321576310
Q9155716	6000000161366170973
Q9155760	6000000153493817917
Q9155770	6000000015738835212
Q9155773	6000000013640847071
Q915579	6000000015739421419
Q9155820	6000000003665552916
Q9155857	6000000038240235821
Q9155857	6000000212948342829
Q9155860	4489986906390026826
Q9156268	6000000109733749844
Q91563	6000000013651064575
Q9156373	6000000042474591702
Q9156450	6000000023743236303
Q9156454	6000000078940604172
Q9156463	6000000000583647975
Q9156466	6000000011288752234
Q9156474	6000000018381395702
Q9156474	6000000145952679966
Q9156480	6000000114026115868
Q9156486	6000000041962000591
Q9156516	6000000029280555554
Q9156564	6000000016730310835
Q9156574	6000000070768478114
Q9156591	6000000055202504903
Q9156649	6000000030237529208
Q9156682	6000000183680935901
Q9156796	6000000181799004844
Q9156819	6000000084409862140
Q9156835	6000000027893779815
Q9156837	6000000011811477337
Q9156848	6000000078132445471
Q9156851	6000000016259030569
Q9156852	6000000183070638827
Q9156866	6000000105235624933
Q9156877	6000000015611986901
Q9156886	6000000022924374480
Q9156935	6000000011517153826
Q9156958	6000000015582059492
Q9156974	6000000026091913268
Q91570	6000000063854186005
Q9157006	6000000087212322986
Q9157016	6000000002659217585
Q9157032	6000000034892638291
Q9157042	6000000086960784821
Q9157070	6000000016715136535
Q9157104	6000000002430643125
Q9157107	6000000129518948899
Q9157109	6000000040573312850
Q9157119	6000000008259893949
Q9157121	6000000022466899618
Q9157139	6000000011723997148
Q9157141	6000000011460934446
Q9157193	6000000011706211773
Q9157195	6000000027511268605
Q9157201	6000000080433179837
Q9157275	6000000018714137782
Q9157286	6000000190457849008
Q9157290	6000000019713495514
Q9157314	6000000150449480823
Q9157334	6000000040359222685
Q9157341	6000000012315526472
Q9157365	6000000091031501829
Q9157387	6000000154652309114
Q9157402	6000000015731594128
Q9157419	6000000190455364921
Q9157439	6000000014638476072
Q9157441	6000000024227418573
Q9157445	6000000079769740550
Q9157520	6000000018834385889
Q9157532	6000000015731012666
Q9157567	6000000034037852925
Q9157600	6000000003239274541
Q9157629	6000000023345387142
Q9157644	6000000002659221813
Q9157668	6000000081020694966
Q9157678	6000000002665212059
Q9157687	6000000011335664704
Q9157692	6000000000958667103
Q9157814	6000000011722825195
Q9157842	6000000180539549837
Q9157865	6000000048748552135
Q9157885	6000000008422363926
Q9157980	6000000011320982308
Q91582	6000000026828612094
Q91584	6000000019716936716
Q9158535	6000000066089416858
Q9158592	6000000039760177161
Q9158595	6000000193901268852
Q9158601	6000000028464033736
Q91586417	6000000132256454821
Q91587	6000000049037247923
Q91588	6000000069970908287
Q9158823	6000000081777618959
Q91590	6000000002750141103
Q9159412	6000000016681630342
Q915942	4460275946440115496
Q9159588	6000000013649896276
Q915964	375460087990013144
Q9159754	6000000171075783824
Q9160133	6000000039190607869
Q9160164	6000000013579445104
Q9160181	6000000013111418717
Q91602	6000000004097627893
Q9160211	6000000019898494996
Q9160217	6000000064149089976
Q9160257	6000000170892464856
Q916029	6000000008706130274
Q9160494	6000000026237009064
Q91605	6000000026963170916
Q916057	6000000151355666957
Q91606	6000000023726532448
Q91606058	6000000182736520853
Q9160694	6000000037952263387
Q9160704	6000000062809914963
Q9160710	6000000041374909031
Q9160738	6000000002026826084
Q9160781	6000000014195165616
Q9160809	6000000078933791854
Q916099	6000000034647050309
Q9161	6000000003452176081
Q91611641	6000000077980714986
Q91615364	6000000149469601834
Q9161613	6000000018694931809
Q9161758	6000000022436275786
Q91618	6000000011692213537
Q9161933	6000000192095207843
Q9161962	6000000183926782855
Q9161989	6000000015365876109
Q9161992	6000000056075671000
Q9162011	6000000017894656981
Q9162023	6000000070310107979
Q9162029	6000000072418557623
Q9162035	6000000020174746265
Q9162058	6000000077232283220
Q9162083	6000000077548790108
Q9162135	6000000013208505034
Q91621572	373797290360012288
Q9162281	6000000069766293986
Q9162287	6000000105679408042
Q91626	6000000019648077052
Q9163103	6000000022495010449
Q916426	6000000001147805506
Q91644409	6000000012865988227
Q91644613	6000000012998475791
Q91645	6000000036057897471
Q9164756	6000000015151621220
Q91649475	6000000084861897509
Q91649895	6000000084862429039
Q91650610	6000000044303658033
Q9165275	6000000015128208218
Q9165311	6000000035985446641
Q9165378	6000000024830962942
Q9165427	6000000010143816643
Q9165435	6000000017670369439
Q9165479	6000000176761494057
Q9165507	6000000012881221227
Q9165628	6000000019136651378
Q9165683	6000000048501451102
Q9166284	6000000019771352050
Q91662945	3296728
Q91663	6000000000414506762
Q91663304	6000000179312533822
Q91665047	6000000003499915203
Q91669	6000000000528992623
Q91671434	328815388740005699
Q91672	6000000178982962821
Q9167674	6000000021489702583
Q91680723	6000000000898805041
Q9168144	6000000003388954643
Q916842	6000000004016002126
Q9168727	6000000002232975381
Q9168737	6000000038843653821
Q9168748	6000000104714220833
Q9168750	6000000011286920390
Q9169164	6000000031018544576
Q9169202	6000000167364090910
Q9169232	6000000034292457135
Q9169292	6000000019137872232
Q91693470	6000000017864530578
Q916935	6000000020532090973
Q9169358	6000000027953149071
Q9169365	6000000079141125233
Q916954	6000000010661206651
Q917014	6000000042464112997
Q91705	6000000020320915537
Q91708	6000000024872009337
Q91711	6000000038847051572
Q91711858	6000000066116987839
Q91713722	6000000041592879378
Q91717357	6000000020751118351
Q91719	6000000019000744223
Q91726	6000000079343371465
Q91727	6000000181952625824
Q917271	6000000145762230869
Q91728	6000000016323281544
Q917310	6000000005415296765
Q917336	6000000151462503935
Q9173564	6000000019953672934
Q917370	6000000043008564546
Q9174034	5413794317470073390
Q9174763	6000000004057527904
Q9175092	6000000178763304881
Q9175188	6000000022910861466
Q9175308	6000000166866510855
Q9175341	6000000008403249180
Q91754	6000000003827464831
Q91755	6000000000818453626
Q9175558	6000000020358436669
Q917570	6000000084752913009
Q9175769	6000000139496535930
Q9175809	6000000085208304901
Q917581	6000000067756163991
Q9175895	6000000094494518895
Q9175929	6000000050591715184
Q9175965	6000000081040245919
Q91760	6000000041168693967
Q9176140	4220247875920128421
Q9176179	6000000040079944829
Q9176179	6000000053604850841
Q9176193	6000000012232057746
Q9176239	6000000050404032742
Q9176263	6000000109777582862
Q9176311	6000000080826892843
Q9176317	6000000019886316274
Q9176317	6000000053604594855
Q9176321	6000000019035388612
Q9176632	6000000068774396954
Q9176651	6000000019716760546
Q9176655	6000000078673261128
Q9176660	6000000039539498347
Q9176678	6000000175613019821
Q91767	6000000082010882527
Q9176721	6000000002834376138
Q9176832	6000000020985901027
Q9176860	6000000109059483104
Q9176889	6000000006781158629
Q9176916	6000000165034629988
Q9176983	6000000038620004433
Q9177012	6000000069471685894
Q9177032	6000000151337762849
Q91772133	6000000014948729011
Q91772157	6000000128622408958
Q9177325	6000000085385353874
Q9177331	6000000138082584019
Q9177336	6000000041111300848
Q91776258	6000000009405190659
Q9177933	6000000000490784917
Q9178086	6000000014673504118
Q9178432	6000000037154571437
Q9178492	3044694
Q91785757	6000000025412582051
Q91788270	6000000022002933484
Q91788292	6000000037325162308
Q91789669	328818187170005673
Q9179197	6000000005425308713
Q91793716	6000000008800297681
Q9179645	6000000004543185329
Q9179683	6000000014064290854
Q9179684	6000000021212207343
Q9179695	6000000011637323716
Q9179712	6000000078805510736
Q9179729	6000000172005700285
Q9179778	6000000021037339631
Q9179781	6000000035630845772
Q9179786	6000000106695342093
Q9179796	6000000129881141884
Q9179801	6000000164959986154
Q9179836	6000000171366465860
Q9179845	6000000041779029573
Q9179853	6000000035323929905
Q9179865	6000000000321775800
Q9179888	6000000094294232971
Q91799048	6000000112081030926
Q9179905	6000000119748880827
Q9179919	6000000020351177368
Q9179942	6000000181798384892
Q9179943	6000000020636560844
Q9179947	6000000094468853962
Q9179952	6000000015957515539
Q9179984	6000000019842142463
Q9179990	6000000015771491553
Q91803	6000000045140699106
Q91804367	6000000000037370467
Q91807710	6000000003666921996
Q91808084	6000000008073296942
Q91809293	328139226260005418
Q91809960	6000000009376310330
Q91809965	6000000009402776826
Q9181	4008970325070048050
Q91810	6000000018917433300
Q91810430	6000000009402826501
Q91811240	6000000009402768351
Q91811400	6000000009402504720
Q91812017	6000000009402336921
Q91812023	6000000009402851255
Q91812031	6000000009376068722
Q91812340	6000000009402256503
Q91812384	6000000006439571761
Q91812614	6000000006606191319
Q91812904	6000000012679443727
Q91813058	6000000009375463620
Q918138	6000000002106326778
Q91813935	6000000009402522564
Q91813938	6000000017308247782
Q91813941	6000000009724866084
Q91813950	6000000017308184810
Q91813952	6000000002466517356
Q91813953	6000000020307240461
Q91813990	6000000014814920517
Q91814583	6000000009376345623
Q91815347	6000000015466736035
Q91815442	6000000009402692797
Q91815732	6000000002027214178
Q91815985	6000000003273404037
Q91815992	6000000013829079386
Q91816522	6000000020414756795
Q91816578	6000000009402827576
Q91816892	6000000009402796677
Q91818668	6000000009161504701
Q91819069	2270443
Q9182246	6000000019146569354
Q91823253	6000000010102793496
Q918259	6000000017073918831
Q91826	6000000170427730949
Q918265	6000000034436321860
Q918287	6000000009742618347
Q91829	6000000196905310835
Q918293	6000000003667593584
Q91829887	6000000019080488826
Q918303	6000000002896200446
Q91831538	6000000023856184855
Q91831654	6000000002218644185
Q91832	6000000024693725285
Q918326	6000000015762237147
Q91833352	6000000000274016518
Q918335	6000000183443916875
Q91834	6000000199457698821
Q91834155	6000000000319421848
Q918343	6000000015087744786
Q918347	6000000197381370845
Q918353	6000000005781364088
Q91835474	6000000000485022440
Q91835474	6000000040551166887
Q918355	6000000021190854776
Q918359	6000000003998935544
Q91836	6000000031082668901
Q91836090	6000000047019080847
Q91836314	6000000040549266478
Q91836413	6000000178633831839
Q91836530	6000000017308189816
Q91836719	6000000020307208062
Q91836770	6000000038935353279
Q918369	6000000027685941392
Q91837	6000000004097919295
Q91837546	6000000017307539088
Q918376	6000000026904872835
Q91838	6000000180879148822
Q91839	6000000042914153747
Q918402	6000000026886430465
Q91841	6000000057635027002
Q91841219	6000000001608976648
Q91842543	6000000003147168231
Q91844004	6000000000401133843
Q91844007	6000000003352438966
Q91844012	6000000002291755668
Q91844014	6000000002291560782
Q91844016	6000000002291597057
Q91844595	6000000003147168239
Q91844817	6000000003147168246
Q91845278	6000000024957360312
Q91845431	6000000049273101152
Q91845433	6000000038948114663
Q91845434	6000000014814769862
Q91845440	6000000018650221756
Q91845442	6000000039227816963
Q91845535	6000000038948147476
Q9184554	6000000004698109001
Q9184563	6000000030898992807
Q9184588	6000000022226557514
Q9184590	6000000029957650891
Q91846260	6000000020546778588
Q91846519	6000000018328743298
Q91846522	6000000000475175860
Q91846523	359882968190012300
Q918476	6000000067585240082
Q918479	6000000088774580904
Q91848367	6000000000535889050
Q91848368	6000000000531552514
Q91848370	6000000000475175869
Q91848374	6000000000535755976
Q9184868	6000000013956247450
Q91849047	6000000000535933034
Q918506	6000000038943459372
Q91850850	6000000001608901748
Q91850859	6000000002930988164
Q918514	6000000010926595297
Q91852	365474138660004552
Q918538	6000000083595017649
Q9185449	6000000028409199512
Q9185458	6000000004180345509
Q9185467	6000000021097333951
Q918557	6000000144739308823
Q9185684	6000000019146072201
Q918582	6000000184266901916
Q918585	6000000083571920532
Q918587	6000000025644985100
Q918616	6000000076951826054
Q91861778	6000000021871776788
Q918620	6000000008141875436
Q9186222	6000000029920153049
Q91862246	6000000007339489740
Q918630	6000000054310252910
Q91863688	6000000011452459348
Q91863698	4447805
Q91863702	6000000011459912621
Q918652	6000000007116845627
Q91865498	6000000011460106255
Q91865673	6000000018824795153
Q91865868	6000000011460145240
Q918668	6000000021676208884
Q918671	6000000003681565070
Q91867272	6000000000954408088
Q91868929	6000000003230291932
Q91868930	6000000018239562824
Q91868938	6000000002824538497
Q91868939	6000000012525354833
Q91868941	6000000083245823999
Q91868950	6000000000271584982
Q91868950	6000000114576191851
Q918691	308256299940006456
Q91869125	6000000006591573159
Q91869275	6000000022700605578
Q91869402	6000000006180424010
Q918707	6000000145347928056
Q91870833	6000000012527923202
Q91870851	6000000001681078441
Q91870981	6000000048396294865
Q918711	6000000156919243826
Q91871312	6000000007179420569
Q91872	6000000015644998496
Q918720	6000000149226232856
Q91877	6000000023418622579
Q91879254	6000000025551272943
Q918804	6000000032531863319
Q918832	6000000027667230044
Q9188502	6000000058720552191
Q9188506	6000000031181502889
Q918853	6000000185379795925
Q9188611	6000000003024561234
Q9188614	6000000117379287843
Q918889	6000000013660479133
Q918902	6000000016592045295
Q9189076	6000000040798970822
Q918916	6000000009756925374
Q918966	6000000010752625298
Q91897965	6000000011984491931
Q918990	4701457558740067185
Q919015	6000000000350865036
Q919032	6000000003134744530
Q91904	6000000050034314821
Q919058	6000000135647331846
Q91908	6000000065572467900
Q919081	6000000081439317944
Q9190955	6000000026389916330
Q9190956	6000000036639873925
Q9191	6000000010647044004
Q91910	6000000016303911699
Q919103	6000000094043461927
Q919108	6000000003958015701
Q919115	6000000014834513221
Q919122	6000000010413973442
Q91913	6000000027917205280
Q919145	6000000028719408528
Q9191582	6000000181424017836
Q919173	6000000104664013859
Q91918	6000000020865994944
Q919187	6000000091005627878
Q91919	6000000141917422821
Q919192	6000000017208334981
Q919206	6000000009706102199
Q91922395	6000000001687181679
Q91923864	6000000009877996336
Q91924539	6000000010262238548
Q91925760	6000000006976361454
Q91925767	6000000010262732714
Q91925976	6000000024421672852
Q91930	6000000030899895102
Q9193105	6000000157619877850
Q919338	6000000000620059862
Q91934394	6000000018099811292
Q91934474	6000000013091837621
Q91934672	6000000013092996796
Q91936073	6000000003040462039
Q91938	6000000122042549833
Q919393	6000000146286767430
Q91940	4280044678050060040
Q91941	6000000007384685218
Q91944	6000000015171893543
Q919448	6000000016058089657
Q91945076	6000000004292786798
Q91945082	6000000106391322896
Q91945086	6000000006439920415
Q91945086	6000000042311902235
Q91945660	6000000106389713967
Q919460	6000000027931522131
Q91946975	6000000006439920410
Q919475	6000000008107079222
Q919492	6000000037405643982
Q91950954	4234423359870058543
Q919515	6000000017806968327
Q919527	6000000024788446467
Q91956	6000000057198559840
Q919565	6000000014253812899
Q9195765	6000000015309570158
Q9195767	6000000016268917205
Q9195785	6000000031785082949
Q91960123	318170194700003791
Q91960124	6000000000638685984
Q91960125	6000000007418373084
Q91960732	6000000019465309443
Q91962972	4249379171280036052
Q919640	6000000028665434052
Q9196404	6000000176721085825
Q919642	6000000031924622939
Q91964956	6000000131614030822
Q919669	6000000003177927352
Q91967119	6000000005001437285
Q91968	6000000128638674325
Q91968266	6000000003013595055
Q919692	6000000009913800319
Q91970227	6000000010783481886
Q91971205	6000000009534188337
Q91971400	2047850
Q9197180	6000000024568744848
Q919750	6000000008708710460
Q9197510	6000000096189388840
Q91975648	6000000015152086311
Q9197651	6000000030767905198
Q91978024	6000000015582319171
Q91978659	6000000015153358095
Q91979051	6000000015153241217
Q91979051	6000000025430227506
Q91979753	6000000015582265551
Q91983	6000000010941617376
Q91983459	6000000019399333296
Q91985442	6000000024755732728
Q91985445	6000000024755748711
Q91986	6000000084675961869
Q91986982	6000000000757993323
Q91989	6000000072876991395
Q91990344	6000000008301899198
Q91990401	6000000008302031730
Q91990461	6000000008302031586
Q9199057	6000000049026984948
Q91990762	6000000003446842126
Q9199099	6000000068773583075
Q91991	6000000035519031755
Q91991139	6000000182533799923
Q9199123	6000000077254807875
Q919914	3575359
Q9199156	6000000176841833838
Q9199160	6000000013638337124
Q91991644	6000000000658148961
Q91991648	6000000000658151573
Q9199239	6000000060113484644
Q9199240	6000000008147870612
Q9199276	6000000059482545934
Q9199374	6000000002244333749
Q9199378	6000000048193833983
Q9199396	6000000034736793959
Q9199412	6000000002748320917
Q919954	6000000056038289020
Q91996316	6000000042312089076
Q91996996	6000000009968735572
Q91996998	6000000007058174113
Q91996999	6000000026784753936
Q91998227	6000000022079846353
Q91998664	6000000022079950052
Q91999674	6000000003506750748
Q920	6000000018183014531
Q92000593	6000000153197035868
Q92001775	6000000003076377797
Q92002	6000000047016764932
Q92002114	6000000009024774072
Q92002941	6000000008657861311
Q92005064	5229977607330064098
Q92006073	6000000006663718001
Q920065	6000000180805379864
Q92006616	6000000020614970592
Q92006672	6000000017816465993
Q920078	6000000023221625014
Q9200796	6000000075502912973
Q92008045	6000000002278371717
Q920099	372953107870006570
Q920113	1296533
Q9201136	6000000082016108068
Q9201143	6000000025877346141
Q920124	6000000079107219820
Q9201247	6000000054292299116
Q9201365	6000000040178282165
Q9201373	6000000011341204881
Q920147	6000000180482862882
Q9201869	6000000028597213950
Q9201894	6000000218451703862
Q92020	6000000025170024379
Q920200	6000000014233326221
Q920207	6000000007829466808
Q920220	6000000014351402733
Q920243	6000000001340598081
Q920269	6000000015386059022
Q92027	6000000006727796147
Q9202766	6000000023866737422
Q920277	6000000042506022824
Q9202807	6000000160538974823
Q920293	6000000011356629808
Q92030	6000000001053947636
Q92032045	6000000004148065085
Q920364	6000000036856361982
Q920389	6000000006712673279
Q9204	6000000010556087217
Q920407	6000000006101391510
Q92045129	6000000011199753621
Q920465	6000000155517592888
Q920491	6000000006437020330
Q920500	6000000140734247842
Q920506	6000000018259417852
Q920508	6000000001384215249
Q92054	6000000002764435897
Q920542	6000000012859493131
Q920573	6000000184153099902
Q92059	6000000015789610823
Q920593	6000000003063979299
Q920595	6000000165974943095
Q920607	6000000124318624922
Q920620	6000000001539527559
Q92062153	2339505
Q920637	6000000033963092512
Q920642	6000000146289692897
Q92064340	6000000001004631743
Q920647	6000000020999066371
Q920730	6000000046927288882
Q92074	6000000029904159265
Q9207660	6000000139220862831
Q920770	6000000096115899351
Q9207838	6000000005646429009
Q9207949	6000000018118675082
Q9207987	6000000052213518906
Q920802	6000000002188496291
Q92081	6000000171776729652
Q920814	6000000020999202346
Q9208180	6000000014826343597
Q9208185	6000000009709757071
Q9208189	6000000011427069373
Q9208284	6000000013070965115
Q92083138	6000000004222368775
Q92084744	6000000011565239618
Q920857	6000000001690084977
Q920881	6000000001169174313
Q92088367	4671561714660062894
Q92090	6000000015805716513
Q92091338	6000000009878004790
Q920924	6000000021213996693
Q92093133	6000000030289430428
Q92094	6000000171665860966
Q92094764	6000000001711577567
Q92094771	6000000001711565970
Q92094777	6000000001711729647
Q920959	6000000051574064940
Q9209676	6000000218333275823
Q9209680	6000000016571574638
Q9209768	6000000001407495013
Q920977	6000000041373431241
Q9209775	6000000017199589411
Q9209789	6000000022927145488
Q920983	6000000177072510850
Q92099	6000000024178493862
Q920997	6000000064320326847
Q9210003	6000000013694959443
Q92101	6000000021102719315
Q921021	6000000002849283033
Q92102167	6000000088640664882
Q921023	6000000016624616854
Q92103	6000000026669707876
Q92104	6000000144743814056
Q92104368	6000000008199108988
Q92104373	6000000020210463465
Q92104376	6000000027013158399
Q92104378	6000000019083655150
Q92104381	6000000083319059841
Q92104389	6000000019083402732
Q921045	6000000017207485880
Q92105523	6000000004827140919
Q92105648	6000000042222488472
Q92105974	6000000019083545409
Q92106	6000000023883875220
Q921072	6000000009181108029
Q921078	6000000024331124642
Q92109975	6000000008300650582
Q92109981	6000000009766008675
Q92109983	376061556110012691
Q92109985	376055504500007225
Q92109986	6000000008199230375
Q92112	6000000050689725098
Q92113404	6000000003077142579
Q92113404	6000000006348564836
Q92113413	6000000000171501391
Q92113417	5262888192840120432
Q92113831	6000000015375647447
Q92113905	6000000083317468418
Q92115144	6000000001377273855
Q92115151	6000000006440911453
Q92115151	6000000201759869825
Q92115157	6000000003937483576
Q92115159	6000000007724834074
Q92115162	6000000015374923923
Q92116436	6000000009172408229
Q92116437	6000000009171762179
Q92117978	6000000053553820850
Q92118054	6000000022862887033
Q92118055	6000000019498445483
Q92118056	6000000014128924080
Q92118057	6000000022862978854
Q921187	6000000036584237268
Q92118909	6000000038097990376
Q92118951	6000000020628422845
Q921204	6000000066380200064
Q92120452	6000000001590168821
Q92120851	6000000002953008878
Q92123	6000000030498407563
Q921230	6000000018329326308
Q92123958	6000000001636275149
Q92126726	6000000132290855131
Q921268	6000000049691508856
Q92127157	6000000005403002281
Q921277	6000000037946657750
Q921296	6000000179561583857
Q921322	6000000187739543832
Q921333	6000000031973860315
Q921345	6000000140826011822
Q921355	6000000002887960802
Q9213552	6000000002700557323
Q9213601	6000000002026989689
Q9213604	6000000002027059554
Q9213617	6000000014677484132
Q9213618	6000000018648766403
Q92140	6000000025416004469
Q921405	6000000003308649969
Q92141	6000000003853056971
Q92141101	6000000004580292730
Q92142	6000000178351190821
Q921434	6000000010905636080
Q92143597	6000000000490032511
Q92146329	6000000010486874549
Q92146524	6000000019081541117
Q92149389	6000000002209187146
Q92149699	6000000002209071380
Q921499	6000000179170169856
Q9215	315773591250001676
Q92150472	6000000003942583475
Q92150474	6000000007392177698
Q92150477	6000000002898046878
Q92150480	6000000000630306553
Q92150612	6000000004079535317
Q92150653	6000000002898046509
Q92151	6000000063719846830
Q921518	6000000086792841474
Q921526	6000000012772834231
Q92153	6000000002188412979
Q921542	4063298
Q92154899	6000000001660811137
Q92155295	6000000010817077526
Q92155427	330420146620005875
Q921566	6000000175277758083
Q92157	6000000002074824041
Q92157008	6000000015342802381
Q92158045	6000000024366582347
Q92158252	6000000001953851461
Q92158620	6000000000715053993
Q92159402	6000000003932252224
Q92159737	6000000006348530455
Q92160607	6000000187415627828
Q92161332	6000000000491267313
Q921617	6000000022806569461
Q92161792	6000000014416522684
Q921675	6000000002895272297
Q92170	6000000011393724269
Q921701	6000000075405794090
Q921703	6000000133670806857
Q921705	6000000001435433128
Q92170864	6000000008518651193
Q921722	6000000142666504954
Q921753	6000000001024832338
Q921798	6000000180832884821
Q92180	6000000019731521050
Q921807	6000000218734630822
Q921857	6000000006348490907
Q921887	6000000026867263565
Q921925	6000000033690962008
Q92192634	6000000003318831333
Q921933	6000000037344030878
Q92195424	347769507610012681
Q92197961	6000000072180788867
Q92198669	6000000057887228947
Q921991	6000000151123115912
Q92200420	6000000048692966821
Q92201	6000000026783348902
Q92202485	6000000194403206849
Q92203	6000000006727778151
Q92204571	6000000002722450041
Q92204779	6000000017664208520
Q92206	6000000021951904840
Q92206269	6000000003939075724
Q92206327	6000000003388972741
Q922066	6000000012303464015
Q92206883	6000000009128265837
Q92207332	6000000003388972868
Q92207938	6000000016207329129
Q92209769	6000000015733516316
Q92210	6000000050681773996
Q92211057	6000000003388972983
Q92212755	6000000001778585265
Q92212787	6000000006440805411
Q92214	6000000074446365092
Q922145	6000000095090837909
Q922153	6000000177019878882
Q922154	6000000078294933959
Q92215588	6000000019907721101
Q922160	6000000032725221012
Q92216258	6000000020135708244
Q922169	6000000044122371909
Q922191	6000000014768384578
Q922198	6000000148042758846
Q92219832	6000000007035323236
Q922208	6000000016733154363
Q92221	6000000137640728831
Q92222067	6000000021063190153
Q92222291	6000000021062769493
Q92222292	6000000003681311109
Q92222293	6000000003723579439
Q922223	6000000033474457884
Q92222844	6000000000985307548
Q92225820	6000000006348530700
Q922267	6000000010647875684
Q92227	6000000025647794811
Q92228	6000000032726490777
Q92228337	6000000019907724083
Q922286	6000000035138199076
Q92229	6000000017469037234
Q92229390	6000000016933583602
Q922301	6000000036034811803
Q922318	6000000009315916170
Q922336	6000000068363082068
Q92234123	6000000019627150019
Q92234154	6000000019626871857
Q92234156	6000000000426651909
Q92234158	6000000003077570717
Q92234965	6000000171076944938
Q92235	6000000175744317859
Q922368	6000000076013678839
Q92236824	6000000022539558962
Q92236828	6000000019629246314
Q922383	6000000010145319437
Q922385	6000000151231173835
Q922415	6000000006736215120
Q922418	305771358080006449
Q92242608	6000000020173069781
Q92242761	5577311860200045459
Q92242860	6000000003077021444
Q92243001	6000000003077021728
Q92243044	6000000006367019129
Q922434	6000000021690374902
Q92244389	6000000002678221329
Q92244461	6000000003299260679
Q92244462	6000000002678258127
Q92244464	6000000020172478169
Q92244466	6000000020172800800
Q92245038	4018939792340078229
Q922457	6000000021328681585
Q92246234	6000000038827114035
Q922483	6000000019509412620
Q92248320	6000000034366341968
Q92248856	6000000015335990374
Q92248976	6000000015867566322
Q922507	6000000083682972054
Q92252445	6000000015769530677
Q922527	6000000063822747260
Q92253185	6000000058066528610
Q92253185	6000000114767130902
Q92253187	6000000058067030955
Q92253187	6000000114766941951
Q922536	6000000011470486311
Q92254759	6000000044681819881
Q92254759	6000000058066926977
Q922555	6000000146811858013
Q92256	6000000002188450265
Q922569	6000000178598483833
Q922577	6000000018619425110
Q922580	6000000028046453350
Q92259206	6000000000484628866
Q92259210	6000000002908565614
Q922637	6000000013639711632
Q92264560	6000000040957260877
Q922651	6000000012838037019
Q92266	6000000096833443918
Q922667	6000000002765016328
Q922671	6000000014091475778
Q922679	6000000115005330891
Q92268878	6000000025794546485
Q922692	6000000012602343155
Q92271616	6000000009218145579
Q92271811	6000000003403210312
Q922734	6000000029259849151
Q92274055	6000000046906864885
Q922807	6000000078371044690
Q92282918	6000000038022892123
Q92283	6000000040971137042
Q922839	6000000150859751997
Q922844	6000000026177436313
Q922847	385445972440012910
Q922901	6000000000445147597
Q92292042	6000000003523446613
Q92292053	6000000016334602392
Q92292053	6000000190456601931
Q92293	6000000001335702841
Q92294210	6000000014927428311
Q92294792	6000000014924784210
Q92294815	6000000014927235314
Q92295387	6000000016750496041
Q922961	6000000180807146823
Q922984	6000000166413068101
Q92300443	6000000087424706847
Q92300738	6000000011634483282
Q923012	6000000181727128857
Q923016	6000000003216152012
Q923019	6000000099639582830
Q92302	6000000031853997203
Q92303546	4102700894320036880
Q923042	6000000039680471872
Q92304622	4102684534910032260
Q92304984	6000000085709478876
Q923084	6000000178552830821
Q92309	6000000002765714309
Q923098	6000000000350865048
Q92310887	6000000011734887511
Q92311369	6000000014090632576
Q92311851	6000000014089565994
Q92311851	6000000216790748822
Q92311951	6000000034844366218
Q92311951	6000000216776196846
Q92312292	6000000015905438599
Q92312536	6000000015905292861
Q92312547	6000000014090873874
Q92312556	6000000112174559047
Q92312562	6000000014090743463
Q92312569	6000000006604128588
Q92312697	6000000008259796160
Q92312745	6000000008259650703
Q92312788	6000000001489849327
Q92312878	6000000002659223564
Q92312878	6000000015582336022
Q92313019	6000000015394640778
Q92313785	6000000001489849247
Q923141	6000000069481158032
Q92314161	6000000006604008916
Q92314214	6000000008259348183
Q92315051	6000000012115010407
Q92315429	6000000012114737934
Q92315439	6000000006861156111
Q92315481	6000000083075288330
Q92315489	6000000012115160885
Q92315791	6000000106689287878
Q92315808	6000000012115540640
Q923162	6000000002217597857
Q92317	6000000027388405286
Q92317477	6000000035128291935
Q92319192	6000000045427563887
Q92319197	6000000084101221842
Q92319211	6000000035128464846
Q92319219	6000000173690959016
Q92323664	6000000186281931873
Q92323953	6000000186281919884
Q92324170	6000000186281888912
Q923242	6000000027546534140
Q92324206	6000000186282013844
Q923250	6000000042152336515
Q92325086	6000000084100991894
Q923261	6000000016841127215
Q92326920	6000000003615447988
Q923270	6000000037810858306
Q92327005	4102788299510036454
Q92327012	6000000186281788860
Q92327186	4111047098890044776
Q92327551	6000000186281771913
Q92327581	6000000001737769185
Q92327665	6000000002975042879
Q923287	6000000018944325101
Q92329827	6000000014783992681
Q92330448	6000000014784403629
Q923305	6000000003974693795
Q92330703	6000000033652361948
Q92331054	6000000047325273227
Q92331169	6000000011669749159
Q92331371	6000000028123605286
Q92331698	6000000011670624508
Q92331700	6000000011734713456
Q92331720	6000000010486678694
Q92332445	6000000026069531720
Q92334293	6000000028123520709
Q92336	6000000151517582904
Q923364	6000000001094869307
Q92336460	6000000010562853207
Q923366	6000000015250134539
Q92339396	6000000010553923765
Q92342406	6000000002749980247
Q923438	6000000014220057330
Q923464	6000000047661744968
Q9235	6000000011283911889
Q92350236	6000000143309876822
Q923514	6000000011829427184
Q923549	6000000057250711977
Q92357	6000000011782058636
Q923582	6000000003947755067
Q92358801	6000000007412681730
Q923645	6000000163756751836
Q923664	6000000006742154164
Q92368	6000000037107956029
Q92370	6000000051017593842
Q92370367	6000000014506207477
Q92370776	6000000014506207472
Q9237084	6000000002739518908
Q92371	6000000026054019933
Q92371413	6000000009111785918
Q92371415	6000000009324147188
Q92371644	6000000003937957439
Q92372	6000000080838717822
Q92372398	6000000011733766289
Q92372462	6000000015181723705
Q92372755	6000000009414529082
Q92374	6000000033306876139
Q92374000	6000000000984686071
Q92374576	6000000003549851639
Q923751	6000000009877134152
Q92375313	6000000013249066664
Q92376	6000000032130240161
Q92377560	6000000015129482449
Q923794	6000000163794190825
Q923806	6000000002540188230
Q92380712	6000000000668575853
Q92380718	6000000009309365826
Q92382	6000000011193342271
Q92382639	6000000024093646397
Q92382767	6000000009326905722
Q92383941	6000000044331280914
Q92384149	6000000017630915021
Q92384345	6000000000426805817
Q92384687	6000000003230298043
Q92385306	6000000013115250054
Q923881	6000000008512410365
Q92388352	6000000010792458638
Q92390874	308267569730002139
Q92391957	6000000002443653379
Q92392656	6000000040423592298
Q923927	6000000169012880193
Q92393	6000000140154892834
Q923932	6000000179571267831
Q92395	6000000020705473284
Q923959	6000000180691499854
Q923960	6000000064593261821
Q92397	6000000017615966544
Q92398	6000000019686253006
Q92399282	6000000019629580056
Q92400373	6000000012244437564
Q92400373	6000000046080870280
Q924011	6000000042967667831
Q92401142	6000000006252377081
Q92401153	6000000010792510366
Q924013	6000000028205334456
Q92401960	6000000043757896968
Q924021	6000000010855786268
Q924027	6000000134914570929
Q92403155	6000000004993216018
Q92405571	6000000003937771000
Q924063	6000000035888761189
Q92406436	6000000006444349670
Q924068	6000000174873149932
Q92406850	6000000006444349659
Q92407004	6000000006444349714
Q92407012	6000000000426500734
Q92407021	6000000001495388543
Q92407023	6000000006444349719
Q92407436	6000000000426564980
Q92408507	6000000003939402541
Q924087	6000000142885466009
Q924088	6000000037030195544
Q92413658	6000000176937533858
Q92414504	6000000020663695046
Q92414889	6000000002883733521
Q92415277	6000000010791856347
Q92415715	6000000043757573323
Q92417695	6000000018241775567
Q92418279	6000000018241865280
Q92422	6000000104935071863
Q92422341	6000000044063800400
Q92422342	6000000004742316001
Q92422370	6000000044064165986
Q924232	6000000017646583423
Q92423661	6000000004914409016
Q92424038	6000000002545875855
Q92424254	6000000003221836220
Q92424407	6000000003937951662
Q924249	6000000002385668264
Q92426	6000000003495136149
Q92428	6000000072716336150
Q924283	6000000010754875990
Q9242838	6000000001900143953
Q92432	6000000035972815689
Q924323	6000000051850936836
Q924329	6000000007336627094
Q92433	6000000175801161881
Q924330	6000000007075619036
Q92439	6000000012579490510
Q92440717	6000000148892915063
Q924416	6000000016121432845
Q92443	6000000002388901823
Q924443	6000000003800863988
Q92445	6000000178881343830
Q92445123	6000000010178552372
Q924453	6000000024667862171
Q92446446	6000000176656208841
Q92447074	6000000014783081036
Q92447977	6000000025973569011
Q924485	6000000009282084807
Q924500	6000000008780104406
Q92451966	6000000056488830824
Q924530	6000000026379978948
Q924540	6000000074995677258
Q924545	6000000015687462193
Q924556	4626857519610063044
Q924567	6000000001837234120
Q924576	6000000024198532679
Q92460974	6000000015138841329
Q92461524	6000000016948820098
Q92461696	6000000009324847338
Q924618	6000000008125270166
Q924620	6000000016820377788
Q92462267	6000000003230374750
Q92462401	6000000003230387831
Q92462447	6000000001889532627
Q92462601	6000000001889943280
Q92462652	6000000016013610587
Q92462904	6000000024281564610
Q92462972	6000000017856670771
Q924638	6000000076907350383
Q92467	6000000019685019998
Q924692	6000000017466819070
Q924714	6000000000187014623
Q92472	6000000023475023133
Q924725	6000000002278284157
Q92473245	6000000011525539812
Q924740	6000000022248501270
Q92474523	6000000009318163625
Q92474673	6000000009309051996
Q92474894	6000000008176390066
Q924790	6000000010573923399
Q92481	6000000026885329654
Q924821	6000000176801382836
Q92488	6000000013515209683
Q924880	6000000173872314578
Q9248930	6000000003273391929
Q92490	6000000025049257878
Q92490428	6000000009620038289
Q924931	6000000015085532905
Q924947	6000000015752549444
Q924949	6000000017865829324
Q92496	6000000031539195008
Q924974	6000000014541377082
Q924983	6000000174922813183
Q924988	6000000036106376336
Q9250124	6000000002188412279
Q925017	6000000018202614321
Q9250309	6000000016461064390
Q9250350	6000000182465591831
Q9250389	6000000053915541862
Q9250406	6000000006583102589
Q9250413	6000000010431647419
Q9250417	6000000031156564695
Q9250458	6000000049348587042
Q92504880	6000000007466198522
Q9250510	6000000015093992535
Q9250514	6000000039838627760
Q925052	6000000027755500823
Q9250537	6000000171895072376
Q925055	6000000013723042379
Q92505966	6000000004592999903
Q9250633	6000000037617702114
Q92507355	6000000000777403547
Q925081	6000000004170454565
Q925084	6000000012592834859
Q9250846	6000000083500069162
Q9250851	6000000171550655872
Q9250860	5018347394140074481
Q9250877	6000000190453274265
Q9250890	6000000042545810007
Q9250891	6000000000504895607
Q9250943	6000000033277888998
Q9250960	6000000190458799911
Q9250971	6000000178048946846
Q9250977	6000000016164553767
Q9250984	6000000016047615421
Q9251017	6000000178806434868
Q9251023	6000000109024619847
Q9251044	6000000008048829909
Q9251054	6000000009140002161
Q9251137	6000000087049906827
Q9251158	6000000036686039849
Q9251174	6000000105271679894
Q9251262	6000000147779766840
Q9251267	6000000013634927350
Q9251278	6000000090585147058
Q9251282	6000000015686415527
Q9251283	6000000003553370200
Q9251301	6000000013050957689
Q9251311	6000000031018670130
Q9251321	6000000002288965368
Q9251325	6000000015958855882
Q925160	6000000008077034276
Q92516137	6000000002188475663
Q925205	6000000003827429603
Q925211	6000000010362156204
Q92522	6000000030794095290
Q92527	6000000086047577882
Q9252710	6000000015421940889
Q9252721	6000000002538543466
Q92528120	6000000002188475655
Q9252846	6000000002301282545
Q925307	5131783007020103685
Q9253112	6000000015703063695
Q9253118	6000000006656239001
Q9253154	6000000050934459865
Q9253178	6000000080658998896
Q9253223	6000000015711278950
Q9253249	6000000180537905841
Q9253280	6000000043801873821
Q9253318	6000000015262898890
Q9253321	6000000004214616033
Q9253348	6000000014417768735
Q9253413	6000000021582985910
Q9253418	6000000024793076167
Q9253446	6000000062177879933
Q9253459	6000000022698631910
Q9253483	6000000022754557521
Q9253490	6000000103733175892
Q9253494	6000000008462419262
Q92535	6000000031117177938
Q9253541	6000000105433954937
Q9253574	6000000095409319887
Q9253611	6000000054322265234
Q9253617	6000000050976613392
Q92536274	6000000009324730691
Q92536840	6000000012977574454
Q9253735	6000000037658107395
Q925386	6000000019556002006
Q92539281	6000000005740230225
Q92539284	6000000005739796904
Q92539285	6000000032356773623
Q92539382	6000000032381762866
Q9253944	6000000083539792674
Q92539781	6000000009324796495
Q92540342	6000000005077262376
Q92540936	6000000033547503133
Q92541152	6000000001959649828
Q92541154	6000000006795519540
Q92541158	6000000006795438515
Q92541162	6000000002447355218
Q92541163	6000000000676863143
Q92542227	6000000001081041802
Q92542845	6000000004077875938
Q92542851	6000000004077308826
Q9254455	6000000029135979390
Q9254462	6000000017589093915
Q9254492	6000000024866268999
Q9254596	6000000020435352183
Q9254675	6000000026175553108
Q9254682	6000000043052789989
Q9254693	6000000009542742227
Q9254697	6000000022698348990
Q9254720	6000000018327751086
Q9254722	6000000044427464546
Q9254726	6000000076853997821
Q925474	6000000040048447796
Q9254763	6000000018906622767
Q92547647	4899162463520057784
Q9254868	6000000019340762844
Q925496	6000000014785189366
Q92551124	6000000002870195108
Q92551272	6000000002870175452
Q92551330	6000000031305913901
Q92551438	6000000031337394727
Q92551852	6000000015771044627
Q925520	6000000041723666276
Q92552504	6000000142030925022
Q92552508	5314501794830051916
Q92554585	6000000003937884146
Q925546	6000000163583515876
Q92554814	6000000002931107588
Q925554	6000000016981507510
Q925563	6000000056628048900
Q9255643	6000000021198182892
Q925567	6000000009317797026
Q925568	6000000016325046416
Q9255770	6000000006622811002
Q9255784	6000000024888316532
Q9255788	6000000013209209170
Q925583	6000000179046506825
Q9255845	6000000066583776850
Q9255885	6000000031683446228
Q92558853	6000000007162150271
Q92559003	6000000006444349577
Q9255921	6000000157685677823
Q92559383	6000000003864523706
Q9255939	6000000181006027840
Q9255958	6000000022468867961
Q9255980	6000000002028206480
Q9255986	6000000003905702546
Q92560289	6000000001414094524
Q9256030	6000000025472483187
Q9256035	6000000079323971005
Q92560559	6000000003317251459
Q9256071	6000000076443232884
Q9256080	6000000172906588835
Q9256112	6000000036868602416
Q925612	6000000015355015770
Q92562	6000000014091397988
Q925629	6000000019774098892
Q9256428	6000000016457820486
Q9256429	6000000004147589521
Q9256671	6000000039760251986
Q9256700	6000000035869351238
Q9256757	6000000023770040432
Q9256820	6000000080285496077
Q9256975	6000000027516964951
Q92572095	6000000067457615086
Q925721	6000000142022275977
Q9257222	6000000036643533071
Q925743	6000000033161808890
Q92575218	6000000007661052205
Q925756	6000000179858391842
Q92577393	6000000008596171666
Q92577814	6000000004593203884
Q92578024	6000000004593014457
Q925782	6000000008265106255
Q9258209	6000000017944201753
Q9258231	6000000075502264884
Q92583021	6000000014119164616
Q92583624	6000000077661335860
Q9258475	6000000052491738845
Q9258511	6000000014694981716
Q9258515	6000000002643866195
Q9258550	6000000029281227321
Q9258558	6000000077855334672
Q9258568	6000000164719427839
Q9258569	6000000003386316798
Q925857	6000000015853515071
Q9258606	6000000015714926411
Q9258650	6000000109484329044
Q9258659	6000000015403204615
Q9258668	6000000177398779826
Q9258681	6000000097568511039
Q9258685	6000000002752777126
Q9258718	6000000079071786871
Q9258736	6000000020326545416
Q9258738	6000000020326491476
Q9258744	6000000025430562858
Q9258756	6000000054297625923
Q9258762	6000000018460604353
Q925877	6000000003605339506
Q9258773	6000000002100659095
Q9258789	6000000034881897595
Q9258865	6000000007510713226
Q9258896	6000000075502681823
Q9258968	6000000033166679960
Q9259020	6000000022348586889
Q92593253	6000000044284138764
Q92595347	6000000073514214088
Q9259604	6000000177467485837
Q9259607	6000000030395707734
Q9259622	6000000176614575847
Q92597022	6000000002046234506
Q925977	6000000005028929611
Q925988	6000000003530953570
Q925991	6000000013046620951
Q92599302	6000000032898028029
Q9259952	6000000149875915877
Q9259976	6000000003720606642
Q926	6000000009844525585
Q92600	6000000125982626871
Q926000	6000000026654190514
Q9260002	6000000013391614680
Q92601	6000000025424728406
Q92603954	6000000013451632486
Q926045	6000000105661240822
Q926069	6000000027707786752
Q92607985	6000000089113208286
Q9260943	6000000022930228982
Q9260946	6000000183726454841
Q9260948	6000000018515159899
Q9260959	6000000013938858353
Q9260977	6000000077064739014
Q9260986	6000000020039046175
Q9260994	6000000180890296822
Q92611	6000000000329402193
Q92611648	6000000010583152387
Q926135	6000000035265556722
Q92614	6000000000262728710
Q926153	6000000080088052115
Q92617	6000000025943058832
Q92618	6000000019563060204
Q92619	6000000032629202283
Q9262009	6000000075502102461
Q926201	6000000043050952310
Q9262053	6000000068630891825
Q926206	6000000013884690706
Q9262096	6000000027231983786
Q9262097	6000000042123100517
Q92622067	6000000112941051952
Q9262214	6000000114025960858
Q9262243	6000000006739927748
Q9262270	6000000101687301843
Q92623	6000000025359220133
Q9262305	6000000078616513243
Q9262318	6000000014074610215
Q9262330	6000000192259242826
Q9262358	6000000180801032839
Q9262369	6000000079240338674
Q92623728	6000000040286965088
Q9262382	6000000181653945848
Q9262395	6000000090623003870
Q9262417	6000000044767747846
Q9262423	6000000091221566845
Q9262429	6000000009239521008
Q926246	6000000001045427420
Q9262475	6000000014638161164
Q9262481	6000000013072362010
Q9262483	6000000017928565965
Q9262485	6000000025499520482
Q9262494	6000000126711356859
Q9262496	6000000016641654619
Q9262507	6000000087427040837
Q9262531	6000000089013868094
Q92625383	6000000071663821389
Q9262566	6000000085033860302
Q9262587	6000000181188072831
Q92626	6000000124935692822
Q9262606	6000000031011214509
Q9262610	6000000111038365881
Q9262621	6000000016715368488
Q9262626	6000000011465659280
Q9262628	6000000004180223319
Q9262632	6000000015683388059
Q9262633	6000000018975547656
Q9262636	6000000001083756949
Q9262644	6000000018529249943
Q9262665	6000000025308749948
Q9262667	6000000054366882860
Q9262690	6000000172819072834
Q92627	6000000054545093824
Q9262721	6000000003653032719
Q9262738	6000000003824748966
Q9262738	6000000189297998824
Q9262740	6000000016066866331
Q9262772	6000000030830156258
Q9262793	6000000021149587095
Q9262803	6000000033277798152
Q9262805	6000000061267510047
Q9262815	6000000068561195326
Q9262827	6000000010540219930
Q9262835	6000000004191983569
Q9262839	6000000017011747602
Q9262871	6000000083924102888
Q9262899	6000000025745673733
Q9262907	6000000130228256843
Q9262911	6000000002188456784
Q9262953	6000000069636330263
Q9262958	6000000020205835445
Q9262995	6000000004244014724
Q9262999	6000000179379189386
Q9263007	6000000025526867822
Q9263052	6000000043661378089
Q9263060	6000000106664293196
Q9263069	6000000141848962947
Q9263076	6000000180552768828
Q9263086	6000000015781138770
Q9263090	6000000045572591007
Q9263098	6000000168810392075
Q92631	6000000040783295217
Q9263130	6000000166879323014
Q9263144	6000000098360829900
Q9263167	6000000002188440347
Q92632633	6000000008174191893
Q9263368	6000000085602732821
Q9263385	6000000001825827082
Q9263428	6000000015491853155
Q9263457	6000000052213708930
Q9263534	6000000095888650142
Q9263538	6000000013654368305
Q9263548	6000000012313264698
Q92635982	6000000045844521958
Q92638022	6000000018540375215
Q9263817	6000000009695750153
Q9263820	6000000018649313318
Q926387	6000000000402262063
Q9263884	6000000039190316328
Q92639878	6000000001489847103
Q9264069	6000000017824828459
Q9264106	6000000000477390297
Q9264108	6000000000477193810
Q92641114	6000000007577907309
Q92641173	6000000007577864516
Q92641643	6000000002318685461
Q926420	6000000017443662510
Q92642875	354728916360011315
Q92643204	6000000007087142630
Q926441	6000000034147758466
Q926465	6000000009546327569
Q92649	6000000025859880052
Q9265084	6000000017248696748
Q9265113	6000000004357469614
Q9265148	6000000003827674134
Q9265163	6000000020933054927
Q9265184	5510913576920023577
Q92654408	6000000013432766903
Q92655307	6000000013432769598
Q926554	6000000156671175845
Q9265690	6000000059102987862
Q926614	6000000105798256066
Q926666	6000000077812811072
Q9266660	6000000015354646618
Q9266665	6000000045908041832
Q926706	6000000168140851035
Q9267149	6000000218345048857
Q9267207	6000000049379843841
Q9267236	6000000016535648284
Q9267262	6000000015600048195
Q9267268	6000000002230149436
Q9267414	6000000015129694435
Q926771	6000000023072894521
Q926774	6000000185214189856
Q926791	6000000149590171975
Q926801	6000000003761140696
Q926826	6000000002351211675
Q926834	6000000023286919454
Q926835	6000000033393725146
Q9268415	6000000179350329828
Q92686711	6000000016036289785
Q926876	6000000015419750497
Q92689554	6000000016036395118
Q926897	6000000011460164946
Q926898	6000000039250255047
Q926934	6000000013530030425
Q926938	6000000015125005480
Q92694811	6000000012534412839
Q927	6000000017266382200
Q92703296	6000000019091590562
Q927036	6000000010915304304
Q927052	6000000071695334855
Q927057	6000000009406505333
Q927074	6000000088291898821
Q927081	6000000034454542937
Q92709285	6000000015476731331
Q927102	6000000007923309889
Q92713	6000000020128946533
Q927139	6000000022943074952
Q927187	6000000010152233252
Q927190	6000000038910001071
Q927192	6000000013148986657
Q927295	6000000076969459118
Q92735	6000000197253493881
Q927394	6000000018195007012
Q92740	6000000017236739330
Q92741	6000000056870031867
Q927410	6000000001048812668
Q927415	6000000027628918002
Q92744	6000000009875303979
Q927454	6000000174103727432
Q927468	6000000182735854824
Q92747	6000000041176598786
Q9274878	6000000018737603579
Q927490	6000000004214244083
Q927496	6000000015467041605
Q927508	6000000022920121350
Q92752043	6000000000101266229
Q92752286	6000000012197397521
Q9275354	6000000065604332070
Q92755129	6000000161648745856
Q92755922	6000000161649239857
Q92755965	6000000026285690727
Q92756165	6000000026285402330
Q927573	6000000002447355885
Q927577	6000000009005442255
Q92758438	345472818380011781
Q92759	6000000023204469848
Q927593	6000000008816976146
Q92760	6000000026778602980
Q92760985	6000000108727025106
Q927626	6000000018772207312
Q927631	6000000009967026976
Q92764	6000000150958659840
Q927646	6000000006241447744
Q92765	6000000006861860246
Q92767	6000000067028022862
Q92768743	6000000000501756053
Q92768867	6000000000501637374
Q927697	6000000007381380223
Q92770	6000000054376354862
Q92770342	6000000020789023091
Q927710	6000000014338617844
Q92771345	6000000008853029870
Q92773	6000000025512850375
Q927771	6000000015857022417
Q92778	6000000038580041859
Q927780	6000000084484172953
Q927783	6000000002397562006
Q92781122	6000000126859356929
Q92786250	6000000009403099103
Q92787130	6000000017197857474
Q927879	6000000024763509341
Q927891	6000000008156803201
Q927898	6000000145562162822
Q92790567	6000000104240778965
Q927916	6000000081065762965
Q927934	6000000021151601829
Q92795080	6000000121192329960
Q927957	6000000001920481166
Q92796664	6000000015639561204
Q927976	6000000140750727905
Q927977	6000000026997977130
Q927979	6000000079644212703
Q92798113	6000000018240335001
Q92798128	6000000119119644866
Q92798130	6000000119113610906
Q92798133	6000000039681867087
Q927985	6000000044953898849
Q928009	6000000008126817796
Q92802846	6000000060146339837
Q928045	6000000121437233831
Q928060	6000000079322292928
Q92810848	6000000004175637017
Q92811241	6000000030234739378
Q928119	6000000015051278300
Q9281643	6000000018564062067
Q928193	6000000084521908268
Q9281944	6000000059380451845
Q928201	6000000015999668312
Q92821331	6000000011157375880
Q9282462	6000000128747126919
Q928251	6000000147464640834
Q9282590	6000000034731096172
Q928265	6000000020036338147
Q92826591	6000000011157628240
Q92826672	6000000011157505937
Q92826922	6000000011156715125
Q92826960	6000000011157514370
Q92827410	6000000038675699730
Q9282783	6000000022190049837
Q9282814	6000000024868271113
Q9282836	6000000010002203736
Q928285	6000000022872848828
Q9282859	6000000029357821051
Q92828666	6000000106618773335
Q9282871	6000000000009423812
Q9282884	6000000180614723900
Q9282886	6000000079322964099
Q9282982	6000000009375179249
Q9283247	6000000000350890610
Q9283284	6000000087278193893
Q92834	6000000018067990200
Q9283413	6000000016912787380
Q928353	6000000043456327615
Q928356	5271714371970102772
Q928362	6000000043103731917
Q928373	6000000016495110623
Q928381	6000000019430940636
Q92839	6000000026283130484
Q928408	6000000026133200610
Q92841	6000000021514196673
Q928425	6000000175936937843
Q928434	6000000176850188839
Q9284434	6000000018092344109
Q928456	6000000002305766433
Q928460	6000000029364355357
Q92847	6000000125093028824
Q92848	6000000015731086060
Q9284827	6000000019621812566
Q9285330	6000000174611078238
Q9285360	6000000025002453876
Q9285382	6000000019841674567
Q928539	6000000016794025268
Q9285395	3053553
Q92854	6000000179220995823
Q9285419	6000000047681701995
Q928559	6000000145271708836
Q92858	6000000029787334016
Q9285947	6000000024488796905
Q9285970	6000000081501240104
Q928599	6000000146062987829
Q9286019	6000000034692093920
Q9286022	6000000007311460778
Q9286025	6000000026627761565
Q9286035	6000000031283867977
Q9286052	6000000079463290159
Q9286081	6000000043107443512
Q9286107	6000000174372658917
Q9286130	6000000004186527316
Q928627	6000000005607354973
Q92863689	6000000009388766272
Q9286512	6000000041100546466
Q9286520	6000000006715192828
Q92866991	6000000138638848365
Q928673	6000000063542203826
Q9287063	6000000006494398672
Q9287142	6000000016528595218
Q9287278	6000000023295473171
Q9287300	6000000022697992805
Q9287322	6000000015244680867
Q9287358	6000000006885477163
Q9287362	6000000020652438901
Q9287372	6000000014567777679
Q9287376	6000000006146846678
Q9287384	6000000005394697865
Q9287387	6000000004681483815
Q9287394	6000000004192004602
Q9287406	6000000080286905327
Q9287409	6000000091723480944
Q928741	6000000166771859994
Q9287416	6000000012268894665
Q9287420	6000000018725447233
Q9287447	6000000023526392077
Q9287521	6000000035538941489
Q9287668	6000000031093539340
Q928768	6000000033883567913
Q928775	6000000002358019026
Q9287796	6000000030851639399
Q9287797	6000000000406157832
Q9287820	6000000001456761566
Q9287822	6000000033764343955
Q9287824	6000000014361551164
Q9287829	6000000004132193916
Q9287833	6000000010253199133
Q9287907	6000000003273396536
Q9287942	6000000178747201821
Q92880	6000000032542412451
Q9288024	6000000009306793697
Q9288069	6000000118808490853
Q9288101	6000000018638144782
Q9288123	6000000026562168214
Q9288135	6000000014571171838
Q9288142	6000000021280945020
Q9288151	6000000005255115918
Q9288182	6000000059382793118
Q9288205	4267513961270053507
Q9288209	6000000139677550821
Q9288213	6000000019464488897
Q9288217	6000000029899542941
Q9288250	6000000018513539484
Q9288273	6000000005079824066
Q9288280	6000000020747341009
Q9288284	6000000077754326548
Q9288306	6000000086707994844
Q9288323	6000000025624448436
Q9288383	6000000026206254205
Q9288403	6000000025720267961
Q9288416	6000000175590778828
Q9288424	6000000025550559277
Q9288432	6000000003811270227
Q9288439	6000000014827659691
Q9288486	6000000029356669362
Q9288515	6000000096404670904
Q9288520	6000000076294373229
Q9288522	6000000170808979702
Q9288532	6000000130225911863
Q9288534	6000000000904254646
Q928855	6000000044269596882
Q9288562	6000000021302899891
Q9288565	6000000017081891788
Q9288601	6000000190459407067
Q9288615	6000000090249538008
Q9288621	6000000192854747829
Q9288622	6000000022978053027
Q9288668	6000000143159924862
Q9288720	6000000040182122449
Q928876	6000000126757155834
Q9288767	6000000019174141463
Q9288777	6000000012694611701
Q9288823	6000000180735322882
Q9288854	4664596771650038705
Q9288874	6000000009710762804
Q9288920	6000000002688906612
Q92891114	6000000142414284963
Q92892250	6000000014110812265
Q92892695	6000000178311722866
Q928927	6000000065614543844
Q92892864	6000000178312458838
Q92893883	6000000192310241821
Q928939	6000000008768506087
Q92894	6000000066972432108
Q928971	6000000033082217901
Q928976	6000000025083215409
Q928988	6000000012237710794
Q92899681	6000000052370271955
Q92899769	6000000052370101952
Q929014	6000000008409300743
Q929092	6000000015626914432
Q929102	6000000182697008845
Q929107	6000000001570643208
Q92911415	6000000052370157944
Q9291494	6000000136948831893
Q92915	6000000002217839233
Q9291536	6000000011001950753
Q9291674	6000000019777790439
Q9291717	4656090113510025810
Q929185	6000000184740601823
Q9292046	6000000017634016721
Q9292070	6000000008438726859
Q9292075	6000000175922008945
Q92920803	6000000024725564842
Q9292082	6000000014568963987
Q9292084	6000000066006570859
Q9292105	6000000022405089317
Q9292113	6000000025745783903
Q9292117	6000000016024351186
Q9292121	6000000016047129522
Q9292130	6000000015064316161
Q92921846	6000000025085421144
Q9292227	6000000143777178915
Q9292231	6000000105336693853
Q92922665	6000000089954364831
Q9292296	6000000016165737623
Q92924333	6000000022724858760
Q92925	6000000001838376915
Q92926	6000000052681402833
Q929268	6000000176743192843
Q92927	6000000023828865173
Q92929213	6000000023049933894
Q92929263	6000000014296290386
Q9293126	6000000011410968402
Q929317	6000000020933638534
Q9293463	6000000010584394770
Q92935	6000000085270320984
Q929350	6000000003921406090
Q929363	6000000005947026233
Q9293696	5332461054850101780
Q9294	6000000012139266832
Q92941550	6000000026437347937
Q92944456	6000000035023598357
Q9294450	6000000038212504187
Q9294450	6000000179339497860
Q92945	6000000207056240831
Q9294559	6000000075424615859
Q9294635	6000000032413477280
Q9294801	376548744830012920
Q92949324	6000000147267235898
Q929499	6000000024409970109
Q929509	6000000028693931352
Q92951770	6000000024645361557
Q92954997	6000000003023369466
Q929579	6000000014095156737
Q929581	6000000027735780055
Q929588	6000000018545715435
Q929622	6000000000460556684
Q929630	6000000140689964925
Q929632	6000000183610327822
Q92964828	6000000017428426363
Q9296657	6000000030597206238
Q929691	6000000013565603049
Q929695	4419965
Q929707	6000000009345315652
Q92971311	6000000072915862833
Q929763	6000000142884483860
Q9297845	6000000109255917831
Q92979142	4404649018530066240
Q929798	6000000020146947082
Q92982	6000000002552800162
Q929830	6000000011494508763
Q92984	6000000205388229845
Q92984605	6000000003308129316
Q929878	6000000022894528393
Q929896	6000000174617398010
Q9299092	6000000052633985991
Q929918	6000000092377172912
Q929933	6000000034590653958
Q92994945	6000000013641062621
Q9299606	6000000007748614656
Q92997668	6000000013431785798
Q9299826	6000000017710769387
Q929985	6000000027449397180
Q93000938	6000000023502302642
Q930013	6000000003204158413
Q9300159	6000000034445545009
Q93002	6000000010620509833
Q930040	6000000015139047073
Q930067	6000000179127825858
Q930069	6000000018050580417
Q930085	6000000041413895331
Q930090	6000000036472428389
Q930127	6000000140469077000
Q93015	6000000173775416911
Q930172	6000000029552224033
Q930199	6000000016612299356
Q930203	6000000030950836879
Q930255	6000000076681604981
Q930285	6000000000904966517
Q9302929	3919009850610067069
Q9302932	6000000019399063806
Q9302960	6000000015864806132
Q9302984	6000000037384567769
Q93029900	6000000002931106614
Q9303005	6000000007377464010
Q93030860	6000000039057358818
Q93031	6000000176461820879
Q9303109	6000000023356469623
Q9303161	6000000009403606842
Q9303161	6000000038134947852
Q930320	6000000185513759237
Q930324	6000000001677394003
Q93033104	6000000039058034914
Q9303559	6000000034117098847
Q9303574	6000000080429554252
Q9303578	6000000011546770260
Q93038	6000000057474277092
Q93038668	6000000140011734014
Q930434	6000000141020267834
Q930436	6000000009584383436
Q930444	6000000143820741154
Q93045637	6000000007962380297
Q93046005	6000000002898099606
Q93046238	6000000002898215807
Q93046409	6000000014255398032
Q930477	6000000078064103347
Q930519	6000000142411149849
Q93052	6000000044399472406
Q930536	6000000008488448529
Q930576	6000000015306109729
Q930614	6000000007709236794
Q9306216	6000000052206921189
Q9306363	6000000013127088027
Q930648	6000000181808720865
Q930691	6000000050871854170
Q930705	6000000000302028766
Q93073691	6000000020204348532
Q930739	999518
Q930758	6000000009785836259
Q930798	6000000103971833020
Q930802	6000000011020375535
Q930812	6000000009920253626
Q930822	6000000042514604837
Q93084060	6000000016912599910
Q930844	6000000009765270092
Q93085636	4113753197170081762
Q930860	6000000011433069079
Q930903	6000000176401831821
Q930920	6000000035369170251
Q93093	6000000018939794168
Q93093628	6000000017121296901
Q930948	6000000151432066903
Q930953	6000000016689741006
Q930961	6000000019007707459
Q930967	6000000136538483051
Q93098546	6000000077921014662
Q9309945	6000000034285171900
Q931005	6000000080342844949
Q931065	6000000172056405925
Q93106743	6000000118843363333
Q9310699	6000000102029118822
Q9310709	6000000003072935133
Q9310732	6000000022732202501
Q931076	6000000002207803006
Q9310800	6000000009607223168
Q9310851	6000000145890261833
Q9310890	6000000019734117026
Q9311052	6000000178844720877
Q9311055	6000000041748948301
Q9311159	6000000014038650839
Q931129	6000000000068662107
Q931148	6000000120391835927
Q93115472	6000000000482208918
Q9311748	6000000101302351855
Q9311770	6000000003124820143
Q9311778	6000000026011092489
Q9311786	6000000017073669532
Q93118392	6000000080113030888
Q93119	6000000025054215854
Q931196	6000000026510022278
Q9312	6000000010503507238
Q93120678	6000000000529425642
Q93121643	6000000080490203053
Q93121668	6000000003352408329
Q93121684	6000000021140320274
Q93122040	6000000023187176067
Q93122047	6000000010094293156
Q93122049	6000000015346791107
Q93122137	6000000019287354153
Q9312230	6000000015664678170
Q9312235	6000000069052955827
Q93123003	6000000169091825997
Q93123147	6000000015774779323
Q93123380	6000000012273775219
Q9312342	6000000109025187848
Q93123980	6000000020532290950
Q9312413	6000000088674442935
Q93124612	6000000020971152765
Q9312466	6000000035585810570
Q93124698	6000000012903780726
Q93124713	6000000002290528611
Q93124832	6000000001092041628
Q9312535	6000000003158817529
Q93125427	6000000030831846909
Q9312548	6000000001520665331
Q9312628	6000000015384039138
Q9312631	6000000135729533896
Q9312639	6000000079298288194
Q9312641	6000000008594556405
Q93126429	6000000182779287911
Q93126452	6000000019034845334
Q9312693	6000000097186110827
Q93128	6000000012401767554
Q931295	4475099330300069802
Q93130520	6000000011659458683
Q93130926	6000000020025940772
Q93132239	6000000002765855184
Q93132494	6000000003891986974
Q93132494	6000000023393159942
Q931340	6000000015052941471
Q931345	6000000033984947928
Q93137	6000000014629077083
Q93138523	6000000054190079097
Q931392	6000000000756695525
Q931409	6000000143550137939
Q93141648	6000000015889527164
Q931421	6000000004965677444
Q931422	6000000001357112480
Q9314292	6000000017613824560
Q931448	6000000070203206394
Q931452	6000000012835282583
Q93146058	6000000039101986747
Q931525	6000000026190767748
Q931535	6000000015457787425
Q931556	6000000137848101822
Q93157	308389897470002110
Q93159683	6000000015161891540
Q93160853	6000000002028248853
Q93160977	6000000002648887889
Q93161	6000000009092964639
Q93161456	6000000002648820648
Q93162661	6000000002648846905
Q931657	6000000068890330980
Q93166	6000000014543688620
Q9317	6000000010793039939
Q931775	6000000054321749885
Q93181	6000000010626713436
Q93182	6000000068028824948
Q931824	319432302160004154
Q931826	6000000003116379849
Q931828	6000000068160681865
Q931840	4398289180920036796
Q93187	6000000015213886486
Q93188	6000000008708537102
Q9319	6000000011316254402
Q931917	6000000017429678131
Q931926	6000000006907940505
Q931981	6000000054129804979
Q931991	6000000145598454827
Q93199571	6000000089887623832
Q932012	6000000019843874223
Q93203905	6000000014275649040
Q93204256	6000000049400497980
Q932083	6000000007225043898
Q932088	6000000020638896513
Q932101	6000000010432933930
Q9321450	6000000030452157021
Q93215235	6000000002883396739
Q9321592	6000000062277668936
Q9321648	6000000026351342116
Q9321654	6000000004828609718
Q9321690	6000000006588356702
Q9321725	6000000030674717130
Q9321733	6000000017522487966
Q9321807	6000000023854393678
Q932181	6000000043903686461
Q9321810	6000000003824712649
Q9321821	6000000000400907215
Q93218532	6000000020370267413
Q932204	6000000129420461004
Q932218	6000000180144655872
Q932226	6000000181929854889
Q9322525	6000000018799962333
Q9322527	6000000079049317877
Q9322566	6000000080182347127
Q9322571	6000000012304849657
Q93225931	6000000003172430467
Q9322607	3334348
Q93227	6000000015697882019
Q932271	6000000000452766586
Q932272	6000000006052655002
Q932283	6000000181951264892
Q9322859	6000000042021290906
Q932292	6000000002240770902
Q93229621	6000000003939400699
Q93229803	6000000003075920220
Q932300	6000000047329722902
Q93230451	6000000000630292542
Q9323048	6000000105337210001
Q9323052	6000000015385359863
Q93230580	6000000001727376614
Q93230622	6000000001727596054
Q932307	6000000181919086822
Q93230765	6000000001727366726
Q93230864	6000000001412393619
Q93232516	6000000045824655852
Q93232543	6000000003939418038
Q93232848	6000000003939418123
Q93232893	6000000000984750301
Q9323423	6000000190457589981
Q932356	5203619525290088777
Q9323749	6000000002376125369
Q9323752	6000000030347223247
Q932379	6000000004224122543
Q9323810	6000000056517742287
Q9323834	6000000029847742495
Q932390	6000000024792602683
Q932392	6000000026421938320
Q932401	6000000002765747892
Q932413	6000000008339105545
Q932448	6000000026339183589
Q932471	6000000080336015940
Q9324713	6000000096820409013
Q93247515	6000000039378302527
Q9324766	6000000026697217415
Q9324793	6000000040878914799
Q93248041	6000000038958099121
Q932484	6000000079214733155
Q932497	6000000003903721077
Q9325054	6000000130998744998
Q932508	6000000022656491160
Q93252387	6000000163420110858
Q932529	6000000042872203468
Q932530	6000000000284237473
Q93253389	6000000025528180552
Q932538	6000000085691003187
Q932554	6000000047941761280
Q9325783	6000000095333199821
Q93258664	6000000005008044645
Q93259569	6000000011038100335
Q93259926	4068844655250123205
Q93260839	6000000001699548459
Q93261661	6000000010046088852
Q93261665	6000000029638209851
Q93261699	6000000011894066692
Q93261731	6000000003251529668
Q93261761	5543728234570128082
Q93261790	5718318788280100409
Q93261832	6000000001731067251
Q93262130	6000000039786929475
Q93262160	6000000001996076711
Q932630	6000000021915562356
Q932647	6000000066112591989
Q93265741	6000000178314434886
Q932660	6000000030333322604
Q93266005	6000000028123488695
Q932663	6000000015594138529
Q93266348	380617
Q93266777	6000000176407052833
Q93268143	6000000044809269964
Q93269010	6000000034534679247
Q9327	6000000075819374927
Q932705	6000000069914415015
Q932706	6000000172553764855
Q932770	6000000019273184653
Q932792	6000000036491896324
Q932798	6000000039017501198
Q932815	6000000003148948001
Q93282858	5234330218730054739
Q93284	6000000011309092832
Q93286296	6000000001385489309
Q932891	6000000082727554415
Q932906	6000000084156634822
Q932959	6000000026040943660
Q932975	222663
Q93298128	6000000007443014485
Q932997	6000000027392402215
Q933020	6000000179168225895
Q933048	6000000013640694187
Q933058	6000000046330539088
Q933080	6000000003075889117
Q93308873	6000000024447475683
Q933099	6000000010072219514
Q93310558	6000000030001049620
Q933124	6000000008128607944
Q93312826	6000000008365785424
Q933143	6000000012914006076
Q933146	6000000015500360732
Q933155	6000000018768423338
Q933160	6000000013134628873
Q933195	6000000016974154164
Q93319676	6000000006347078567
Q9332112	6000000068364666866
Q933253	6000000166893754855
Q9332568	6000000140192818954
Q9332569	6000000180339078844
Q9332954	6000000018381213798
Q9332954	6000000145953280879
Q9332959	6000000006168174219
Q9332962	6000000014555298013
Q9332965	6000000000750391252
Q9332966	6000000010461421508
Q9333025	6000000184323838864
Q93331098	6000000176599765865
Q933312	6000000120807344822
Q93332415	6000000007786314660
Q93332436	6000000078815446661
Q9333365	6000000007258979560
Q9333366	6000000024335921776
Q9333381	6000000079008536986
Q9333393	6000000019775362688
Q9333395	6000000006754341590
Q9333398	6000000019776356896
Q9333401	6000000015688889037
Q9333404	6000000002100956413
Q9333408	6000000006622176005
Q9333428	6000000003714023001
Q9333543	6000000166233640822
Q9333577	6000000003521196749
Q93338020	6000000000560051745
Q9333815	6000000020350515152
Q93338229	6000000003939403898
Q93338237	6000000003022175438
Q9333824	6000000026117183185
Q93338243	5338036527780103531
Q93338249	6000000002916747166
Q933386	6000000074184931893
Q9334045	6000000209574807856
Q93340501	6000000003022171770
Q93340562	6000000002044152200
Q93341	6000000042514521966
Q933428	6000000074185731392
Q93343	6000000013302140435
Q933447	6000000021195303907
Q9334708	6000000030327131710
Q9334753	6000000039640537446
Q9334770	6000000020434080589
Q93348490	6000000141113053848
Q93349	6000000013975154534
Q933502	6000000018338794167
Q933508	6000000140429652042
Q9335387	6000000171691873875
Q93354	6000000009944552233
Q933545	6000000010793015978
Q93356	6000000014735722020
Q9335741	6000000022924645405
Q9335757	6000000175895511925
Q9335760	6000000004199981488
Q9335767	6000000014568726975
Q9335769	6000000139473680856
Q9335782	6000000042654956230
Q933579	6000000000316459335
Q9335814	6000000053799158893
Q9336084	6000000075424538919
Q93362	6000000007380992852
Q93363	6000000057896812435
Q93363656	6000000043322100923
Q9336426	6000000084575350117
Q9336433	6000000020830174774
Q933648	6000000049086579042
Q93365	6000000016220282812
Q9336623	6000000015218297790
Q93367	6000000018907086674
Q933685	6000000031044973400
Q933689	6000000009199072973
Q93369698	6000000008517150580
Q9337065	6000000180229293822
Q93371	6000000016490216799
Q933721	6000000041151915594
Q93372183	6000000030120586626
Q93373	6000000002188434241
Q933755	363642775230005922
Q93377	6000000002322315669
Q933770	6000000017398575020
Q933789	6000000004958210817
Q93380	6000000176912074827
Q93381	6000000003047354796
Q933820	6000000029383423040
Q933837	6000000058217758846
Q93383932	6000000182578391839
Q93384	6000000047623513231
Q933840	6000000028190860420
Q933849	6000000125419468092
Q93385	6000000052332495053
Q93388428	6000000074077048165
Q933892	6000000017956654575
Q93390	6000000006101459381
Q9339146	6000000000318965974
Q9339147	6000000006183625280
Q933918	6000000028042858896
Q93393	6000000043381349460
Q93394	6000000017862146434
Q9339540	3942802
Q933959	6000000002501975011
Q93396	6000000018973746696
Q93397	6000000015564968335
Q93398	6000000017336902900
Q93398243	6000000006444290043
Q93398245	6000000006444290032
Q93398247	6000000000351079368
Q93398249	6000000000769960066
Q93398262	6000000001363358772
Q93398862	6000000002860831672
Q93398864	6000000010165088288
Q93398865	6000000003941239176
Q93398867	6000000003941239247
Q93398868	6000000002860831997
Q93398906	6000000003941239263
Q93399057	6000000037690783711
Q93399064	6000000037691051097
Q93399124	6000000017265439726
Q93399234	6000000073257938864
Q93399415	6000000014191111827
Q93400117	6000000010165053600
Q93400118	6000000001843182844
Q93400122	6000000001843182832
Q93400133	6000000002250675104
Q934003	6000000012851149025
Q93400326	6000000000696737899
Q93400917	6000000003938707063
Q93401	6000000008831983233
Q93401155	6000000002860853977
Q93402948	6000000000359614817
Q93404488	6000000142669459919
Q93405572	6000000172467242351
Q934065	6000000014408360712
Q934075	6000000151136510829
Q9340762	6000000015057152050
Q9340771	6000000014723783596
Q9340773	6000000010954591158
Q9341504	6000000033836526763
Q9341515	6000000021385966420
Q9341516	6000000014273791088
Q9341531	6000000016957041615
Q9341532	6000000011370596629
Q9341539	6000000039481487249
Q9341574	6000000019924008070
Q9341575	6000000089501310867
Q9341583	6000000039452186982
Q93415867	6000000004592908109
Q9341597	6000000011571213659
Q9341605	6000000053025427044
Q93416070	6000000020501748090
Q9341639	6000000120099271929
Q9341649	6000000079185062580
Q9341651	6000000020113874050
Q9341660	6000000003499968042
Q9341664	6000000062018407975
Q9341677	6000000040557726700
Q9341682	6000000153200995844
Q9341687	6000000028027377276
Q9341696	6000000172613352822
Q9341700	6000000004149159478
Q9341711	6000000178761842892
Q9341715	6000000030203980022
Q9341724	6000000014948586370
Q9341725	6000000104971462830
Q9341761	6000000171290908822
Q9341800	5484831845360021926
Q9341814	6000000018989658032
Q9341819	6000000178030372906
Q9341823	6000000099424681231
Q9341847	6000000008309103083
Q9341849	6000000147768472841
Q9341851	6000000002100778076
Q9341852	6000000002431555775
Q9341857	6000000021866356159
Q9341870	6000000153495851854
Q9341875	6000000003954240228
Q9341902	6000000182705428842
Q9341911	6000000127869499696
Q9341920	6000000078637700157
Q93419276	6000000005023539387
Q9341947	6000000182364106861
Q934196	6000000065487216866
Q9341973	6000000017634115133
Q9341975	6000000002152912052
Q9341979	6000000073465133821
Q9341981	6000000020114782024
Q9341993	6000000084068078552
Q9342041	6000000020224106755
Q9342057	6000000022335104131
Q9342067	6000000002622233002
Q9342070	6000000020633927934
Q9342084	6000000040423871032
Q9342086	6000000063686122970
Q9342087	6000000002538543521
Q9342105	6000000019234635075
Q9342117	6000000015771637381
Q9342119	6000000020636583577
Q9342131	6000000028592923817
Q9342146	6000000056073600008
Q9342161	6000000019133283114
Q9342162	6000000065158594835
Q9342174	6000000032719001098
Q9342191	6000000013099524355
Q9342196	6000000003273396852
Q9342198	6000000023414818759
Q9342202	6000000011033766380
Q9342205	4456351835290079984
Q9342207	6000000033446013150
Q9342212	6000000081780107640
Q9342219	6000000142681585847
Q9342220	6000000017199606068
Q9342236	6000000012213668383
Q9342253	6000000017672011602
Q9342268	6000000078110547904
Q9342270	6000000030594907334
Q9342272	6000000139428584822
Q9342291	6000000022065275449
Q93422918	6000000002354585854
Q9342302	6000000017431608846
Q9342303	6000000009403570591
Q9342305	6000000070957722085
Q9342307	6000000011548792901
Q93423102	6000000002459856227
Q9342311	6000000114039263965
Q9342326	6000000065852995847
Q93423338	6000000011745161076
Q93423365	6000000013176458749
Q93423421	3970115779680025080
Q93423427	6000000032211949840
Q93423454	6000000000408269539
Q9342346	6000000029417589533
Q9342353	6000000052934855876
Q9342356	6000000004382418614
Q9342362	6000000009402804380
Q9342388	6000000085988815103
Q93424175	6000000006728052810
Q9342418	6000000013753182073
Q93424258	6000000003077108502
Q93424320	6000000000795127691
Q93424425	6000000013176468664
Q9342449	6000000002111050892
Q9342458	6000000086645039988
Q9342465	6000000048501324025
Q9342489	6000000037716886535
Q9342508	4404943143210052896
Q9342514	6000000024740226231
Q9342522	6000000007850770948
Q9342536	6000000013451830269
Q9342550	6000000029962421225
Q9342553	6000000002430883567
Q9342561	6000000056292351851
Q9342563	6000000035326036530
Q9342578	6000000080419278414
Q9342585	6000000020293150779
Q9342593	6000000023769212567
Q9342604	6000000020148120304
Q9342614	6000000005255400505
Q9342626	6000000008727166756
Q9342633	6000000034760043921
Q9342635	6000000035868616311
Q9342636	6000000009450488924
Q9342656	6000000069856975915
Q9342664	6000000002111675143
Q9342672	6000000171331796883
Q9342674	6000000027119126006
Q9342674	6000000124121038882
Q93426777	6000000006441132538
Q93426881	6000000006441132483
Q93427	6000000002188429874
Q934270	6000000011701524349
Q9342702	6000000078995267874
Q93427178	6000000021093171199
Q9342722	6000000006796637353
Q93427285	6000000006441141472
Q93427311	6000000006441132792
Q9342738	6000000019246294632
Q9342740	6000000025632014847
Q9342762	6000000109024169941
Q9342778	6000000022149730783
Q9342793	6000000172207351825
Q9342805	6000000030069162942
Q9342810	6000000016505247864
Q9342814	6000000023984426165
Q9342817	3919106273610067007
Q9342826	6000000081969407892
Q93428443	6000000000320670984
Q9342855	6000000075298267871
Q9342856	6000000075297883258
Q93428592	6000000000320855452
Q9342860	6000000051898894891
Q9342861	6000000164680253871
Q9342866	6000000111737330823
Q9342874	6000000003589336040
Q93428784	6000000032180321024
Q9342879	6000000017759011136
Q9342880	6000000017758722687
Q9342890	6000000014653545160
Q9342902	6000000177524783926
Q93429068	6000000000965503164
Q93429078	6000000000320670952
Q934293	6000000018022257199
Q93429370	6000000005417442421
Q9342954	6000000021211851577
Q9342956	6000000040047059965
Q9342957	6000000066006513827
Q9342958	6000000012439961478
Q9342962	6000000111836557084
Q93429636	6000000175967243830
Q93429714	6000000022319246054
Q93429730	6000000004347789497
Q9342976	6000000114041692822
Q9342980	6000000172370963545
Q9342981	6000000054190201050
Q93429816	6000000021181762994
Q9342987	6000000132427545834
Q9342994	6000000015712342708
Q9343001	6000000016487408764
Q9343020	6000000015605873065
Q9343029	6000000025915336602
Q9343051	6000000181820502849
Q9343054	6000000078053115272
Q9343061	6000000037335274919
Q9343067	6000000082554001106
Q9343069	6000000003239281880
Q9343072	6000000083941123023
Q9343101	6000000013301974833
Q9343102	6000000014191874163
Q9343102	6000000023449852976
Q9343107	6000000033635704896
Q93431272	6000000001631685785
Q9343130	6000000018526385668
Q93431366	6000000013986460873
Q9343137	6000000172439966855
Q9343153	6000000019137093110
Q9343159	6000000102337274224
Q9343165	6000000019911628252
Q9343167	6000000023768797878
Q9343178	6000000004257114432
Q9343192	6000000002100656004
Q9343204	6000000003827188195
Q9343210	6000000017672633360
Q9343223	6000000008773768143
Q934323	6000000008870635485
Q9343233	6000000018648143730
Q9343234	6000000013451885626
Q9343239	6000000071386082917
Q9343242	5709666073210129803
Q9343256	6000000165522106870
Q934326	6000000016755628141
Q9343276	6000000016763446581
Q9343287	6000000165157131889
Q9343292	6000000018551060411
Q9343307	6000000172695024848
Q9343308	6000000027597295814
Q93433111	6000000022931273860
Q93433264	6000000021093035101
Q9343331	6000000016024408471
Q9343335	6000000009465192054
Q93433407	6000000021092971219
Q9343344	6000000150392690196
Q9343387	6000000040269400095
Q93433879	6000000002870170430
Q93433890	6000000001151067136
Q93433894	6000000001831654647
Q9343390	6000000007873638115
Q93433906	6000000021133979990
Q93434057	6000000002870171231
Q9343415	6000000045907668398
Q9343415	6000000190449470577
Q93434193	6000000002870165852
Q9343436	6000000122662804822
Q93434463	6000000001831654654
Q93434883	6000000002894934179
Q93434902	6000000014814391543
Q9343500	6000000198281050889
Q9343522	6000000037940989046
Q9343524	6000000061908642387
Q9343528	6000000078933828298
Q93435467	6000000002894837690
Q93435681	6000000002894922707
Q93435952	6000000014815030586
Q9343596	6000000079298572463
Q9343600	6000000042596958995
Q93436155	340550629740001356
Q93436274	6000000001704115515
Q93436333	6000000002860982684
Q93436418	6000000001703868720
Q93436591	6000000002085352475
Q93436929	6000000003484037528
Q9343696	6000000086185268938
Q93437498	6000000003454509754
Q93437516	6000000006974457061
Q93437522	6000000006209862381
Q93437537	6000000025022107981
Q93437543	6000000003940421406
Q93437549	320432425920001502
Q93437586	6000000001588359765
Q93437736	6000000000630278344
Q93437882	6000000006444125360
Q93437930	6000000000630285880
Q934384	6000000001288536821
Q93438524	6000000023687613942
Q93438902	6000000022930514155
Q93439317	6000000020322055771
Q934413	6000000024889179496
Q934428	6000000024729362880
Q934429	6000000078965762029
Q93444	6000000003712120949
Q934444	6000000023900189769
Q934461	6000000152650519001
Q93446519	6000000016156853355
Q934474	6000000181945822824
Q93448436	6000000017536466032
Q93448455	6000000061831246834
Q9344846	6000000087304191853
Q9344863	6000000037007557230
Q93448654	6000000018604722555
Q9344910	6000000022698297042
Q9344924	6000000015662748221
Q9344973	4609265
Q9344982	6000000024324556351
Q9344996	6000000066009272874
Q93450	6000000002764948052
Q934500	6000000002188429684
Q9345007	6000000031833658667
Q9345017	6000000087170196950
Q9345034	6000000004161023178
Q9345035	6000000017924950543
Q9345038	6000000038722629961
Q9345045	6000000015972455116
Q9345052	6000000112216964156
Q93450524	6000000171508527833
Q93450540	6000000153767133856
Q93450541	6000000019201105733
Q93450548	6000000037398831381
Q9345056	6000000033366615622
Q9345057	6000000184637943688
Q934506	6000000087652241822
Q9345062	6000000143919406918
Q9345080	6000000026628984317
Q9345099	6000000019409814878
Q9345103	6000000066010917852
Q9345104	6000000081968318852
Q9345120	6000000032963747970
Q9345135	6000000041178952395
Q9345158	6000000006796611522
Q9345169	6000000022849941280
Q9345180	5045173958460027613
Q9345201	6000000004168730481
Q9345204	6000000031069820502
Q9345210	6000000022876164303
Q9345215	6000000029604322664
Q9345231	6000000011569833550
Q9345234	6000000019137815532
Q9345242	6000000177886605841
Q9345261	6000000030618533367
Q9345263	6000000022930626898
Q9345264	6000000036606278004
Q9345284	6000000078427558890
Q9345287	6000000097188337830
Q9345288	6000000037335185279
Q9345290	6000000021146675656
Q9345295	6000000015749245012
Q9345299	6000000004120564228
Q9345310	6000000030836996970
Q9345313	6000000002653068480
Q9345319	6000000017966029766
Q9345324	6000000173485204272
Q93453489	6000000072915471880
Q9345356	6000000087302300401
Q9345369	6000000120281600877
Q9345380	6000000090239263866
Q9345384	6000000114601400897
Q9345404	6000000076099160935
Q9345406	6000000002188616252
Q934543	6000000013549698116
Q9345433	6000000180994533877
Q93454335	6000000004262377267
Q9345438	6000000171061022869
Q9345448	6000000070776203937
Q9345453	6000000039181900371
Q9345460	6000000184445239840
Q9345484	6000000183591154824
Q93454971	346440258360007282
Q9345528	6000000009732827597
Q9345542	6000000087496660191
Q9345571	6000000004306448631
Q9345674	6000000005078602614
Q934611	6000000005382646696
Q93464977	6000000007878099261
Q934653	6000000029033971830
Q93467	6000000007014385169
Q934672	6000000015730578808
Q934707	6000000179125468853
Q93471357	6000000015210747347
Q934722	6000000008521379708
Q934734	6000000017927063978
Q93474700	6000000019050215964
Q93475097	6000000006988931422
Q93475097	6000000008198698537
Q934762	336039200460002542
Q9347716	6000000010894800675
Q934788	6000000181929470852
Q93479	6000000012697446653
Q934806	6000000175111371292
Q934820	6000000002788902525
Q934827	6000000016863333375
Q93483605	6000000012747608432
Q934847	6000000004058343337
Q934870	6000000088888003911
Q9348771	6000000003847918235
Q9348822	6000000051800835941
Q93489	6000000054624342872
Q934898	6000000047454458969
Q934901	6000000015057857969
Q93492367	6000000171528892379
Q93494958	6000000017867111332
Q93495331	6000000047635027931
Q934958	6000000046407146106
Q935	6000000001299393239
Q93502183	6000000017376361785
Q93503	6000000014653879145
Q93503336	6000000006282519895
Q93503539	6000000019854658618
Q93503763	6000000008248568926
Q9350420	6000000009311273273
Q9350432	6000000010762730995
Q93507	6000000021915432123
Q9350935	6000000001587057840
Q9351057	6000000109530710833
Q93511111	6000000168495808919
Q935131	6000000013631596306
Q93514	6000000063200220959
Q935153	6000000077402097959
Q93515746	6000000010964995290
Q935175	6000000126546666835
Q93517584	6000000080662406062
Q93517844	6000000008439024248
Q93518667	6000000007789602280
Q93518667	6000000008438890872
Q93519180	6000000001180387847
Q935192	6000000013630700055
Q93520	6000000050488741098
Q9352001	6000000007271831235
Q935201	348205065990003648
Q93521158	6000000059564483020
Q935216	6000000179125815822
Q93525	6000000017125221169
Q9352654	6000000040789566467
Q9352660	6000000011456605601
Q9352663	341393060630012784
Q9352667	6000000053176849143
Q9352669	6000000082531241413
Q935269	6000000012357820712
Q9352690	6000000014570726372
Q9352712	6000000014092108011
Q9352716	6000000072707391319
Q935291	308493477670004410
Q9352984	6000000019196387717
Q9352985	4490234506410077495
Q9353	308602139290008237
Q9353052	6000000037115811556
Q9353162	6000000022698704770
Q93531648	6000000006719145001
Q935329	6000000003827455168
Q935370	6000000062809651094
Q93537185	6000000000715046634
Q93538932	6000000001383774666
Q935392	6000000169801186248
Q9354	6000000145776305822
Q9354036	6000000006348534132
Q9354046	6000000123567261821
Q9354055	6000000164729368458
Q9354080	6000000147779223828
Q93541	6000000002244402312
Q935411	6000000006727827834
Q9354131	6000000014778294613
Q9354138	6000000009402784572
Q9354161	6000000010114751366
Q9354174	6000000160042013858
Q9354186	6000000013938847740
Q9354188	6000000014663065674
Q9354210	6000000013156729011
Q9354233	6000000009160274485
Q935427	6000000015146867805
Q9354272	6000000019842935051
Q9354273	6000000084417621878
Q9354289	6000000041701215139
Q9354324	6000000105336404935
Q9354347	6000000041364758226
Q9354349	6000000001753354429
Q9354413	6000000059721312934
Q9354418	6000000126661495836
Q9354436	5536037756540133855
Q9354444	6000000021239890389
Q9354513	6000000003959307889
Q9354523	6000000181131773829
Q9354544	6000000043851567093
Q9354581	6000000105786438824
Q9354584	6000000074788771061
Q9354593	6000000165970533873
Q9354593	6000000194173639837
Q9354599	6000000004542070380
Q9354600	6000000020153286126
Q9354611	6000000019731724619
Q9354622	6000000181664595834
Q9354623	6000000011808845222
Q9354634	6000000095625696829
Q9354687	6000000050903360038
Q9354690	6000000109754469890
Q9354714	6000000003963178181
Q9354730	6000000031319488379
Q9354731	6000000099942953031
Q9354739	6000000026398195421
Q9354752	6000000039719954099
Q9354763	6000000024802500870
Q9354790	6000000068545845829
Q9354798	6000000078169670323
Q9354811	6000000034955828029
Q9354823	6000000025623465176
Q9354827	6000000020472122450
Q9354833	6000000173930712644
Q9354858	6000000063131902246
Q9354883	6000000015773846001
Q9354924	6000000011468213059
Q93549283	6000000056729574153
Q9354941	6000000079417162374
Q9354947	6000000085718695845
Q9354967	6000000023110348324
Q9354974	6000000129472466918
Q9354982	6000000003938039192
Q9355015	6000000168817073828
Q9355017	6000000033463408520
Q9355029	6000000078482952091
Q9355086	6000000024973638985
Q9355093	6000000079686753837
Q9355095	6000000015870045431
Q9355096	6000000029898657826
Q935532	6000000018740084762
Q935548	6000000020560268932
Q935563	6000000180625530838
Q93556832	6000000059241160038
Q935577	6000000086331244857
Q935591	6000000025653380564
Q93562	6000000026260351981
Q935621	6000000017730158019
Q9356376	6000000003264699052
Q9356382	6000000006264742002
Q9356383	6000000011537344921
Q9356385	6000000006991539422
Q935640	6000000163750589993
Q935647	4535738597290020566
Q93565199	6000000016737111242
Q935655	6000000022693731163
Q935663	6000000143118314822
Q9356736	6000000019021957609
Q9356741	6000000013168281533
Q9356746	6000000041764014590
Q9356748	6000000175847107823
Q9356751	5483553988630101733
Q9356757	6000000078019388918
Q9356769	6000000019871675359
Q9356776	6000000005744968688
Q9356778	6000000008840033849
Q9356779	6000000010693673989
Q9356788	5253176123760083294
Q9356795	6000000181435310895
Q9356798	6000000132142568871
Q9356803	6000000179172738823
Q9356815	6000000039128788853
Q9356816	6000000003667439602
Q9356829	6000000059379673141
Q9356837	6000000005071598727
Q9356840	6000000012695224215
Q9356844	6000000036889120919
Q9356847	6000000156204855842
Q9356866	6000000054584871870
Q9356877	6000000006882536618
Q9356885	6000000015836443042
Q935691	6000000004236514062
Q9356935	6000000105495436944
Q9356941	6000000052103707096
Q9356942	6000000024779338737
Q9356961	6000000194652744840
Q9356962	6000000019245476976
Q9356968	6000000007862390722
Q9356977	6000000019819046497
Q93569786	6000000014024481005
Q9356980	6000000014569520198
Q9356981	6000000009466521263
Q9356985	6000000107498816247
Q93571726	6000000000293434902
Q93571727	6000000003938268586
Q93571729	6000000009745579966
Q935721	3930167492820049869
Q93572302	6000000003939400844
Q9357241	6000000061156642815
Q9357283	6000000022420531323
Q935734	6000000024686686833
Q9357342	6000000175770948869
Q9357346	6000000079358196842
Q9357360	6000000009402443757
Q9357364	6000000023823776978
Q9357384	6000000209062917825
Q9357394	6000000180462552911
Q93575	6000000181926097829
Q935763	6000000015139304005
Q93577085	316297294840006539
Q93578068	6000000002954625969
Q93578562	6000000016013252600
Q93578562	6000000027326402960
Q935786	6000000021923964175
Q93578630	6000000016013792704
Q93578631	6000000002870133180
Q93578634	6000000085064392847
Q935787	6000000034745655998
Q93579835	6000000001655722029
Q93579839	6000000009562888604
Q9358	6000000022464951164
Q935813	6000000029680293389
Q9358383	6000000026109745734
Q9358392	6000000030666798881
Q9358395	6000000015404939034
Q9358465	6000000019896593148
Q935852	6000000030787766752
Q93585257	6000000018473183067
Q93585262	6000000025227690320
Q9358529	6000000032372343205
Q93586145	6000000019083279516
Q93586151	6000000010651076423
Q93586161	6000000018473093803
Q9358642	6000000075426336989
Q9358643	6000000075424467994
Q93589170	6000000000530601667
Q93592	6000000148565041129
Q9359218	4491193323520120651
Q93592593	6000000018473761146
Q9359273	6000000023404243194
Q9359289	6000000018982711938
Q9359308	6000000017634090407
Q9359309	6000000011585110573
Q9359340	6000000058068533842
Q9359359	6000000019410862260
Q93593923	6000000002954766086
Q93594	6000000006726800226
Q9359420	6000000015998799438
Q9359445	6000000063623839963
Q9359482	6000000023451476838
Q9359531	6000000002636986181
Q9359548	6000000080769216222
Q9359590	6000000065131878180
Q935962	6000000065048705155
Q9359626	6000000014115844561
Q935963	6000000074791876883
Q9359710	6000000023266474848
Q935974	6000000001525490495
Q9359747	6000000010573318125
Q9359774	6000000114024861987
Q9359782	6000000010608710053
Q935983	6000000083079842176
Q935989	6000000015424121794
Q9360147	6000000024694269152
Q9360150	6000000003385588499
Q9360316	6000000000028128109
Q93604	6000000019087961843
Q93605615	6000000051871942170
Q93606326	6000000134035830826
Q936075	6000000010460237719
Q93607819	6000000008112829579
Q93607871	6000000000769855923
Q93607995	6000000000696727722
Q93608034	6000000003139423552
Q93608136	316297327550001825
Q936096	6000000006127401778
Q936109	6000000094952133915
Q936114	6000000000337213451
Q936122	6000000011549329110
Q93612222	6000000059365260969
Q936131	6000000033968213976
Q936132	6000000007649941869
Q93620	6000000106160535892
Q936230	6000000079120889942
Q93624	6000000010374462736
Q93624474	6000000008475208952
Q936255	6000000070777193876
Q936269	6000000003513895006
Q936280	6000000020237516583
Q936291	6000000177124234110
Q93630577	6000000015783480349
Q93632	6000000008661941104
Q93632767	6000000080491548829
Q936333	6000000026205635444
Q936342	6000000009465458306
Q93634499	6000000080987009057
Q9363624	6000000016280844370
Q9363635	6000000109730849849
Q9363639	6000000181887842860
Q9363741	6000000014569197626
Q9363760	6000000114238350321
Q9363764	4764699147710021190
Q936389	6000000099931355058
Q9364	6000000003606454348
Q936401	6000000010058072512
Q93645	6000000021109172198
Q93646	6000000006444496226
Q936470	5533306915170106684
Q93648453	6000000021294246087
Q936491	6000000022252624215
Q936499	6000000080060051024
Q936503	6000000076185056924
Q936507	6000000178781020867
Q936548	6000000071645645980
Q936568	6000000103849293163
Q9365681	6000000074785296125
Q936608	6000000041908442554
Q93660807	6000000006326470411
Q936634	6000000177057598823
Q93664	6000000010241115596
Q936663	6000000012673993517
Q93669	6000000010842854743
Q9367040	6000000013611490933
Q936711	6000000004533182470
Q93671825	6000000006326681095
Q9367192	6000000006727807177
Q93672	6000000009034090549
Q936720	6000000037974116647
Q9367210	6000000023356808123
Q9367215	6000000002027200596
Q936756	6000000175945874879
Q936766	6000000006582489265
Q93677253	6000000006326681113
Q93678	6000000020205132361
Q936783	6000000010686306980
Q936792	6000000011416551668
Q936812	6000000141017597826
Q9368124	6000000021188784323
Q93683	6000000181920048822
Q9368439	6000000099569717830
Q936846	6000000141116088935
Q93686366	6000000002908986959
Q9368756	6000000077307643284
Q936877	6000000004546346104
Q9368840	6000000057651194844
Q9368879	6000000001082700761
Q936897	6000000036366746026
Q93690	6000000000415149106
Q9369024	6000000008198139982
Q9369064	6000000138673352848
Q9369074	6000000168536398834
Q9369077	6000000012019859856
Q936911	5224589590650101435
Q936913	6000000007061683758
Q9369195	6000000172387498836
Q936935	6000000015841691838
Q9369632	6000000047486548901
Q9369636	6000000054238279841
Q9369663	6000000021870617076
Q9369681	6000000181437505900
Q93697	6000000012289598850
Q93697193	6000000021713860123
Q9369742	6000000039760274022
Q9369744	6000000002633178527
Q9369745	6000000002632940940
Q9369750	6000000053701540218
Q9369764	6000000001885703603
Q9369765	6000000012284551284
Q9369784	6000000010383068725
Q9369788	6000000079035220098
Q9369789	6000000100798830018
Q9369809	6000000018146349639
Q9369829	6000000024277299800
Q9369841	6000000035061118999
Q9369849	6000000035576135048
Q9369866	6000000140001984822
Q936987	6000000060911626161
Q9369873	6000000015887705246
Q9369874	6000000014746914294
Q936988	6000000009327170539
Q937	4481345450320047133
Q9370106	6000000030788894508
Q9370143	6000000080396015328
Q93702	6000000023965046641
Q93702552	6000000040303818873
Q9370316	6000000022924298814
Q9370328	6000000020745616680
Q9370332	6000000087030326823
Q9370339	6000000068660960981
Q9370341	6000000058037575370
Q9370347	6000000035607398010
Q9370361	6000000020786899684
Q9370375	6000000019748722398
Q9370376	6000000015835768347
Q9370395	6000000017954592546
Q9370424	6000000077855328573
Q9370425	6000000017310928884
Q9370434	6000000019715644055
Q9370446	6000000172744096832
Q9370451	6000000041480365008
Q9370452	6000000021385930626
Q9370497	6000000004703343043
Q9370498	6000000007560454335
Q93705	6000000069062801938
Q9370502	6000000098189891877
Q9370511	6000000010777759891
Q9370512	6000000045951471955
Q9370513	6000000015894427001
Q937052	959803
Q9370667	6000000010095405182
Q9370682	6000000019872618430
Q9370698	6000000002230184175
Q9370758	4480468732300060704
Q9370761	6000000016503220733
Q9370764	6000000070186621054
Q9370814	6000000041366113004
Q9370841	6000000041385950453
Q9370848	6000000038604769551
Q9370853	6000000180254877834
Q9370855	6000000038356245052
Q9370858	6000000024739429597
Q9370862	6000000008309747708
Q9370863	6000000039253415807
Q93709	6000000007321892051
Q93711	6000000029697810926
Q9371480	6000000040158935388
Q9371482	6000000014662585813
Q937151	6000000078555324117
Q9371601	6000000022472196962
Q9371602	6000000046284119821
Q9371602	6000000090933228891
Q9371605	6000000018647960487
Q9371605	6000000018648281356
Q9371606	6000000016009389113
Q9371628	6000000190222655870
Q9372065	6000000094102553064
Q9372246	6000000027539721449
Q937232	6000000015375750201
Q937247	6000000178904102936
Q937273	6000000026659137849
Q93731791	6000000018381755641
Q93732137	6000000015171945169
Q9373496	6000000040277994127
Q9373557	6000000035156773315
Q9373608	6000000032294693598
Q9373681	6000000039181881472
Q9373970	6000000086150822279
Q9373982	6000000175826783865
Q9373985	6000000109101330846
Q9373989	6000000037006022645
Q937399	6000000021436692926
Q9373992	6000000012759051273
Q9374011	6000000078620156736
Q9374022	6000000078204207072
Q9374045	6000000014778310483
Q9374048	6000000119908783982
Q9374060	6000000174581919855
Q9374066	6000000029968141011
Q937407	6000000002357480951
Q9374071	6000000216745660899
Q9374078	6000000025624386853
Q9374087	6000000019921700044
Q9374098	6000000039185049083
Q9374107	6000000075126124865
Q9374119	6000000018465525312
Q9374150	6000000019348057122
Q9374159	6000000029553851539
Q9374176	6000000085189725830
Q9374177	6000000025548493089
Q93742	6000000181941266887
Q9374207	6000000004880132277
Q937423	6000000036544590504
Q9374273	6000000020237547920
Q937429	6000000102749926877
Q9374435	6000000177400242873
Q9374446	6000000079685448121
Q9374462	6000000070312153994
Q9374464	6000000040178180888
Q9374476	6000000017413326151
Q9374478	6000000011517753411
Q9374479	6000000020024593033
Q9374495	6000000009262993728
Q9374503	6000000007560418440
Q937451	6000000001482805762
Q937470	6000000006451052050
Q937471	6000000132430811064
Q9374768	6000000003002084095
Q93748	6000000025311306100
Q9374828	6000000028648941811
Q93748297	6000000001870979727
Q9374830	6000000055699543997
Q9374853	6000000001443760185
Q9374867	351815812760004429
Q9374885	6000000055070812886
Q937489	6000000015555581761
Q9374976	6000000015634810319
Q9374981	6000000015394360899
Q9374994	6000000011371219831
Q9375008	6000000015057897533
Q937502	6000000005038192864
Q9375021	6000000029558461903
Q9375026	6000000020210371977
Q9375029	6000000141809104044
Q9375049	3332245
Q9375067	6000000167341562001
Q9375076	6000000015747207498
Q9375077	6000000077624480891
Q9375087	6000000023295161497
Q9375094	6000000007223603919
Q93751	6000000180737010824
Q9375109	6000000143303669848
Q9375110	6000000048748983882
Q9375112	6000000077523408787
Q9375115	6000000011439096420
Q937531	6000000024320566479
Q9375373	6000000037103429659
Q93754689	6000000010801742834
Q937550	6000000043699327962
Q9375531	6000000180062135824
Q9375604	6000000178762060855
Q9375620	6000000019750089015
Q9375626	6000000016691915258
Q9375635	6000000110991835888
Q9375645	6000000184285853846
Q937566	6000000006714876531
Q9375670	5586402138090030283
Q93757	6000000000402282969
Q9375700	6000000065158594827
Q9375736	6000000049688279346
Q9375739	6000000015707869696
Q9375766	6000000033805587947
Q9375787	6000000088810253841
Q9375789	6000000035916746207
Q9375790	6000000109251605146
Q9375807	6000000037701974147
Q9375812	6000000094324946833
Q9375816	6000000019411670774
Q9375818	6000000015093973557
Q9375820	6000000180616850822
Q9375825	6000000081284757918
Q9375835	6000000011546638744
Q93758407	6000000006900918200
Q9375841	6000000081378468030
Q9375846	6000000167360319950
Q9375847	6000000019040561174
Q9375862	6000000002385990471
Q9375883	6000000000481484596
Q937589	6000000012787287457
Q9375894	6000000102528301093
Q9375901	6000000068565705039
Q9375904	6000000149825707868
Q93759069	6000000002027281470
Q9375908	6000000008291961056
Q9375909	6000000041071112215
Q937610	6000000038864477409
Q937626	6000000021679971850
Q9376332	6000000019231453420
Q9376351	6000000137697811822
Q9376356	6000000012288038247
Q9376363	6000000016033494801
Q9376432	6000000041616840677
Q9376443	6000000069163222882
Q9376448	6000000010409095802
Q9376458	6000000007616706088
Q9376464	6000000127641948900
Q9376480	6000000031066961997
Q9376495	6000000019382128953
Q9376514	6000000007558523695
Q9376530	6000000020357297512
Q937658	6000000181952522848
Q9376596	6000000009263247041
Q9376643	6000000027048465431
Q9376644	6000000015152118500
Q9376644	6000000016749640718
Q9376644	6000000039437486534
Q9376695	6000000063822405857
Q9376696	6000000064011778100
Q9376719	6000000000905335529
Q9376786	6000000037977649046
Q93768324	6000000006326640179
Q9376842	6000000177525169856
Q9376847	6000000007239261266
Q9376861	6000000144927647821
Q9376891	6000000134705405821
Q9376903	6000000032271978395
Q9376936	6000000178027817852
Q9376939	6000000164742195836
Q9376948	6000000078172862171
Q937695	6000000015385992531
Q937697	6000000043436851355
Q9377015	6000000071249402904
Q9377019	6000000023450021869
Q93770589	6000000017423751810
Q937708	5416821354120026983
Q937729	6000000019060234403
Q937731	6000000013047359493
Q93773634	6000000047617000890
Q9377643	6000000002764398418
Q9377644	6000000013105751438
Q937769	6000000018390809091
Q93777777	6000000111863035843
Q937778	6000000052017491969
Q9377879	6000000016810366492
Q937791	6000000010510570989
Q9377990	6000000180068851831
Q937805	6000000012860260543
Q937852	6000000009405311120
Q937875	6000000091181689902
Q93788	6000000004344870061
Q937886	6000000145018918826
Q9379	6000000182711361822
Q93791667	6000000029012666603
Q937925	4569500880880025667
Q937956	6000000007845623703
Q93797	6000000012362989430
Q937984	6000000002338141061
Q938005	6000000004592924034
Q93802	6000000041453138052
Q93804	6000000017788635393
Q938060	6000000024406611086
Q938063	6000000019297124302
Q938094	6000000147148645855
Q9381	6000000016008210644
Q93810	6000000004183556303
Q93811	6000000012215812174
Q9381509	6000000175826401842
Q9381587	6000000052246165898
Q9381618	6000000076342261742
Q9381667	6000000016093188624
Q9381670	6000000015683390758
Q9381681	6000000011423536220
Q9381685	6000000178269704842
Q9381697	6000000019842289178
Q93817	6000000023357424399
Q9381715	6000000015759043622
Q9381734	6000000091004724836
Q9381748	6000000012357898909
Q9381761	6000000000477157721
Q9381783	6000000015789986361
Q9381784	6000000038068127428
Q9381804	6000000111153970118
Q9381807	6000000015683710417
Q9381809	6000000177443787933
Q9381818	6000000072434280871
Q9381841	6000000145026970823
Q9381874	6000000016362460057
Q9381878	6000000015161918881
Q9381880	6000000192582834834
Q9381898	6000000015710382935
Q9381906	6000000021973156240
Q9381907	6000000033367668264
Q9381931	6000000041957958210
Q9381941	6000000015346763344
Q9381942	6000000181006225831
Q9381951	6000000180940658823
Q9381956	6000000072435182841
Q9381967	6000000016047603858
Q9381990	6000000041221961607
Q9382057	6000000035552059502
Q9382058	6000000010374570350
Q9382069	5018102764700066566
Q938207	6000000002529482322
Q9382076	6000000009090814906
Q938208	6000000050557039184
Q9382081	6000000184512599824
Q9382092	6000000068727467409
Q9382095	6000000030305666218
Q9382114	6000000020095118078
Q9382118	6000000023213029270
Q9382123	6000000012483099215
Q9382148	6000000080186686660
Q9382175	6000000069899860331
Q9382186	6000000163742834191
Q9382200	6000000172206522320
Q9382205	6000000031319782051
Q9382211	6000000010931907288
Q9382217	6000000125780509827
Q9382221	6000000014070466254
Q9382228	6000000037150340792
Q9382240	6000000018848186027
Q9382245	6000000094493180870
Q9382259	6000000172461354825
Q9382268	6000000002459080507
Q9382269	6000000009108126693
Q9382276	6000000007014740345
Q9382294	6000000014083929599
Q9382308	6000000081967520950
Q938232	6000000083186441303
Q9382353	6000000064760182833
Q9382354	6000000061512914821
Q9382361	6000000041467080417
Q9382381	6000000070989226821
Q9382457	379379091270013756
Q9382479	6000000177254339826
Q9382480	6000000180230519851
Q9382566	6000000072079381846
Q93826	6000000032336338207
Q9382605	6000000041964686490
Q9382622	6000000078806913913
Q9382630	6000000078345635771
Q9382635	6000000075732073838
Q9382698	6000000109122794212
Q93827	6000000060994906022
Q9382716	6000000022603323943
Q9382733	6000000175234275122
Q9382788	6000000019446576090
Q9382789	6000000022915242521
Q9382817	6000000111836453289
Q938282	6000000008439369597
Q938285	6000000030849677126
Q9382858	6000000013723780981
Q9382870	6000000037694838967
Q9382873	4388147871070082275
Q938326	6000000001388153512
Q9383261	6000000075405074943
Q9383605	6000000075502483903
Q9383887	6000000022566078181
Q93838916	6000000027252220066
Q938400	6000000012772594550
Q93841	6000000180840738844
Q9384330	6000000083170222395
Q9384341	6000000177036950844
Q9384349	6000000026214936412
Q9384356	6000000003260893382
Q9384357	6000000010580481313
Q9384361	6000000023279536907
Q9384362	6000000031104222896
Q9384371	6000000129751536833
Q9384372	6000000024698317919
Q9384379	6000000049465312274
Q938452	6000000029820533576
Q93846	6000000044830846993
Q9384602	6000000163749424358
Q938468	6000000017875296223
Q93847	6000000007014468849
Q9384770	6000000178774329866
Q9384778	6000000012642462678
Q9384779	6000000032601612995
Q9384791	6000000022785501491
Q9384797	6000000144418680366
Q9384808	6000000007185076642
Q9384809	6000000021559108663
Q9384810	6000000023362071861
Q9384812	6000000178126641831
Q9384823	6000000037446714152
Q93849358	6000000008925622536
Q938498	6000000043305401787
Q9385017	6000000001396525908
Q9385177	6000000075403319821
Q9385179	6000000075403322821
Q938528	6000000078519047248
Q93859563	6000000017435011241
Q93861374	6000000080136306972
Q93861374	6000000197956237899
Q938623	5239442762130033863
Q938627	6000000166771574844
Q93866	6000000012481206998
Q93866487	6000000179291982821
Q938677	6000000006275766762
Q9387	6000000023060900962
Q9387011	6000000074727934923
Q93870991	6000000065564491870
Q938716	6000000022617512757
Q93872	6000000010917594687
Q9387259	6000000012092733733
Q93876144	6000000005767715045
Q93877530	6000000020626982410
Q9387783	6000000052005985022
Q9387789	341335381140011571
Q9387806	6000000001980480555
Q9387810	6000000000523670571
Q9387833	6000000102024448850
Q9387896	6000000000671395438
Q9387902	6000000076382057841
Q9387934	6000000020053415041
Q9387935	6000000048695454856
Q938794	6000000007403390773
Q9387978	6000000011559803327
Q9388061	6000000000028375532
Q9388100	6000000001278808599
Q9388197	6000000015998305753
Q9388209	6000000163756604883
Q9388221	6000000046318029968
Q938823	6000000089862611851
Q9388244	6000000062100834905
Q9388293	6000000017710086676
Q9388311	6000000020195605841
Q9388328	6000000164660433840
Q9388341	6000000033019452087
Q9388378	6000000003892957261
Q938841	6000000085271274837
Q938844	6000000010555310181
Q938849	6000000143819884892
Q93885113	6000000083229294894
Q93886059	6000000073325610300
Q938872	6000000028879189930
Q9388804	6000000021891288393
Q938906	6000000001637194329
Q93893703	6000000180567753845
Q938949	6000000093912686922
Q9389610	6000000008773658163
Q9389692	341388764470005451
Q9389699	6000000017503284540
Q9389703	6000000001587757933
Q938973	6000000032609935937
Q9389743	6000000183377144838
Q9389744	6000000027235424116
Q9389789	6000000079081623011
Q9389823	6000000041292847676
Q9389828	6000000102166822897
Q9389829	6000000109033018852
Q9389859	6000000078067359045
Q9389872	6000000179895209821
Q9389878	6000000014194425885
Q9389885	6000000018994832081
Q9389887	6000000002685526505
Q9389894	6000000069235359900
Q939	5231695373890033957
Q9390105	6000000074692082994
Q939062	6000000163654910834
Q9390893	6000000075501875083
Q9391	6000000007802179228
Q939105	6000000130556256947
Q939117	6000000092353046859
Q939121	6000000005024270553
Q9391330	6000000075502656089
Q9391701	6000000011152315961
Q9391726	6000000019145898547
Q9391762	6000000019745173160
Q9391763	6000000003355296669
Q9391768	6000000015710584056
Q9391779	6000000026217829245
Q9391783	6000000047733934914
Q9391802	6000000003239287085
Q9391805	6000000015129741890
Q9391826	6000000016509236008
Q9391829	6000000006624288102
Q9391837	6000000117722690972
Q9391855	6000000018638983446
Q9391858	6000000168386304843
Q9391862	6000000033635718926
Q9391879	6000000078426666030
Q9391910	6000000041248127480
Q9391910	6000000209567496821
Q9391911	6000000031019740181
Q9391920	6000000006437335118
Q939194	6000000123675660877
Q93922379	6000000077951336967
Q939226	6000000134591875840
Q939234	6000000003388972213
Q9392756	6000000032912450273
Q9392774	6000000043820101925
Q9392783	6000000011461583623
Q9392787	6000000062543425830
Q9392799	6000000017443059211
Q9392811	6000000178761983821
Q9392817	6000000082596421957
Q9392823	6000000028454455742
Q9392832	6000000074707931827
Q9392836	6000000024815310149
Q9392843	6000000031683522626
Q9392852	6000000002246754208
Q9392861	6000000105843270821
Q9392876	6000000000009411620
Q9392887	6000000100796543974
Q9392888	6000000078154181945
Q9392896	6000000179888505854
Q9392904	6000000031519941890
Q9392917	6000000069430352926
Q9392931	6000000017199622063
Q9392936	6000000084628195968
Q9392939	6000000003500094467
Q9392943	6000000021837942012
Q9392952	6000000022930122154
Q9392969	6000000011799327224
Q9392970	6000000007270801218
Q9392978	6000000026217829228
Q9392979	6000000039249400700
Q9392988	6000000105302897182
Q9393002	6000000026258749108
Q9393007	6000000053659734884
Q9393014	6000000137002346056
Q9393025	6000000035157019101
Q9393044	6000000022913934958
Q9393051	6000000017266440493
Q9393057	6000000015734349380
Q9393060	6000000043809142072
Q9393071	6000000082891047897
Q93931	6000000078348514688
Q9393103	6000000040096664595
Q9393107	6000000018648689458
Q9393108	6000000019133086779
Q9393114	6000000011546250099
Q9393114	6000000190455728825
Q9393126	6000000187080610837
Q9393129	6000000041517750726
Q9393144	6000000007314988317
Q9393154	6000000023110265406
Q9393179	6000000077986930149
Q9393180	6000000097320924866
Q9393202	6000000065485150928
Q939351	6000000070406299203
Q93936	6000000028635166735
Q939375	6000000021927454161
Q939379	6000000015914960304
Q939422	6000000087339293920
Q9394482	6000000180933964821
Q9394487	6000000015896925668
Q9394493	6000000011086538814
Q9394569	6000000042741463329
Q9394574	6000000055474362875
Q9394594	6000000002978789760
Q9394616	6000000191768885836
Q9394617	6000000015142263763
Q9394619	6000000008670544760
Q9394620	6000000015066268166
Q9394653	6000000029423248262
Q939466	6000000076165055168
Q9394682	6000000085337943949
Q9394717	6000000176023779821
Q93947267	6000000018604303729
Q93948	6000000100748917902
Q93948300	6000000018443479748
Q939490	6000000184267419850
Q93950704	6000000003681550200
Q93952848	6000000003105558769
Q939533	6000000075790600834
Q939550	6000000183005623827
Q93955387	6000000009327924559
Q939557	6000000221497490888
Q93957	6000000008706902866
Q93959874	6000000015499150507
Q93960779	6000000181573289852
Q9396196	6000000074728086111
Q9396301	6000000075487840998
Q93963881	6000000003147128216
Q93964556	343619500220011173
Q9396527	6000000075427151843
Q93965544	6000000003146914677
Q93965546	6000000003747346937
Q9396736	6000000017199023992
Q939676	6000000004867428834
Q93969252	6000000173515345849
Q9397	6000000019472139259
Q939702	6000000079562707490
Q9397104	6000000075501491420
Q93971227	6000000003039622615
Q93971355	6000000026857112677
Q939716	6000000127121033822
Q93972489	6000000001531536343
Q93972642	6000000014337894804
Q93973730	6000000180574844821
Q93975	6000000016726499137
Q939768	6000000134589987832
Q93979542	6000000172227188992
Q93979546	6000000040982294887
Q9398057	6000000075398551987
Q93981243	6000000016607802023
Q93981432	6000000016607575372
Q93982923	6000000022079045336
Q939831	6000000007635445432
Q93983515	6000000003588415659
Q939842	6000000145760676835
Q93984412	6000000003164284640
Q93984475	6000000022079024990
Q93985191	6000000003664178398
Q93987628	6000000035767949904
Q939880	6000000024377130106
Q93988188	6000000018097272603
Q93988298	6000000006979341286
Q9399	6000000182711181827
Q93991573	6000000008369918159
Q939919	6000000024776720898
Q939922	6000000177887017837
Q939926	6000000030646327538
Q939952	6000000000350897136
Q93996	6000000000407068907
Q939960	6000000018490371292
Q939990	6000000002750530969
Q940002	6000000029862739977
Q94002	6000000013610691902
Q94005	6000000035639972012
Q94008009	6000000023826433515
Q940085	6000000043312757890
Q940098	6000000003253029047
Q940119	6000000163457078871
Q94012602	6000000106872621258
Q94013	6000000013150776303
Q94014	6000000014876185057
Q940144	6000000108721880959
Q94018	6000000020808035277
Q940191	6000000006444665991
Q940243	6000000013956193385
Q94026848	6000000105775624998
Q94028	6000000056781486429
Q940298	6000000013850597983
Q940310	6000000152223145830
Q940346	6000000148552070821
Q94037	6000000025771063224
Q940383	6000000024416839867
Q94039711	6000000002304334907
Q940404	6000000005154005003
Q940406	6000000181668297838
Q94041	6000000017222784045
Q940427	6000000024310701112
Q94043216	6000000003077002578
Q94043307	4355249570260043515
Q940440	6000000046657079857
Q94044276	6000000003243493763
Q94044440	6000000002889427206
Q940445	6000000032174179821
Q94044865	6000000002135709557
Q94045272	6000000001531527114
Q94045384	6000000002304334917
Q94045688	6000000003146907198
Q9404626	6000000075431053027
Q94047	6000000022543653434
Q940473	6000000029883942863
Q940480	6000000040435642290
Q940517	6000000020971414744
Q94052	6000000054385306836
Q94058	6000000085263584866
Q94061	6000000073615833853
Q940617	6000000014701552725
Q940626	6000000016594180514
Q94065	6000000180994164883
Q940656	6000000034121460883
Q94068	6000000076487965879
Q940683	6000000163581409902
Q940724	6000000027609075879
Q940735	6000000094314698131
Q94081	6000000003309222557
Q940830	6000000007682675509
Q940838	6000000011726028693
Q940847	6000000174637391988
Q940848	6000000017826606776
Q940851	6000000171485090246
Q940889	6000000003891015143
Q940891	6000000031934908929
Q94092	6000000040678630142
Q940924	6000000015261270031
Q940942	6000000156921483826
Q940963	6000000015343025934
Q940971	6000000069051617985
Q94097397	6000000019153058976
Q940986	6000000017825702283
Q941013	6000000166641970822
Q941040	6000000141106786833
Q941052	4812132814640080962
Q94105857	6000000015040330006
Q94107976	6000000058161593958
Q94108829	6000000131732004864
Q94109614	6000000175336715227
Q94109625	6000000073335304219
Q94109823	6000000013031039215
Q94109880	6000000175992738873
Q941128	6000000157326283914
Q94114135	6000000040918478831
Q94114394	6000000002764837637
Q94114629	6000000042190615124
Q94114693	6000000030182434642
Q94115051	6000000002860715163
Q94115279	6000000013590426492
Q94116262	6000000043131638482
Q94116283	6000000003875588849
Q94116683	6000000003938150345
Q94117003	6000000012226136231
Q94117553	6000000078902792261
Q94117826	6000000000484356936
Q94118679	6000000005597928008
Q94119168	6000000004005145786
Q94119317	6000000168826852499
Q94119499	6000000021948421471
Q94119510	6000000008488243616
Q94119544	6000000008291254531
Q94119735	6000000042012483027
Q94119782	6000000000770366079
Q94119805	6000000034613388370
Q94120807	6000000177123936868
Q94120821	6000000048188726170
Q94120825	6000000010461528224
Q941210	6000000004690593399
Q94121055	6000000028949408006
Q94121066	6000000001959742815
Q94121153	6000000001972352970
Q94121249	6000000001172409440
Q94121317	6000000042626248528
Q94121467	6000000022968671985
Q941215	6000000032919229423
Q94121575	6000000032582231494
Q94121606	6000000002898215814
Q94121808	6000000047378712368
Q94121832	6000000024947430050
Q94121934	6000000112871649874
Q94122007	6000000017085816909
Q94122149	6000000027470950453
Q94122323	6000000002491595317
Q94122343	6000000022919139842
Q94122378	6000000002668917304
Q94122874	6000000003077432006
Q94123	6000000024225375673
Q94123185	6000000024488214695
Q94123191	6000000028613587867
Q94123733	6000000041147805366
Q94123853	6000000042207864332
Q94123888	6000000000295435030
Q94124081	6000000001831639450
Q94125402	6000000017617062730
Q94125599	6000000026952876404
Q94126054	6000000017616270530
Q94126337	6000000001126437482
Q94126494	6000000041051065287
Q94126962	6000000013521970666
Q94127318	6000000033002975334
Q94127386	6000000148754750869
Q94127965	6000000023488370129
Q94128302	6000000000875339786
Q94128755	4128424582920040479
Q94129607	6000000004593994033
Q94129690	6000000000475118598
Q94129888	6000000029422073461
Q94130	6000000181146779834
Q94130188	6000000184534769076
Q94130501	6000000073132290014
Q94130663	6000000018060057807
Q94130732	6000000047381523007
Q94130904	6000000012944161649
Q94131067	6000000003076705179
Q94131323	6000000018606599913
Q94131522	6000000015840767667
Q94131846	6000000017264874627
Q94132107	6000000013093544844
Q94132295	6000000027710423309
Q94132485	6000000022771519928
Q941326	6000000010963024659
Q94132740	6000000032259209068
Q94132917	6000000017516322627
Q94132968	361982445430005471
Q94133044	6000000023704802857
Q94133587	6000000026779749731
Q941337	6000000018391430276
Q94135783	6000000082780845914
Q94136228	6000000040080895046
Q94136272	6000000090987193975
Q94136609	6000000026695091266
Q94136713	6000000005664462497
Q94136772	6000000012737377598
Q94137011	6000000030988289123
Q94137059	6000000006290151229
Q94137121	6000000065011688042
Q94137132	6000000012737396528
Q94137155	6000000006606200178
Q941374	6000000075242134585
Q94137633	6000000040346184365
Q94137728	6000000173637824824
Q94137768	6000000001796427886
Q94137773	6000000000538229279
Q94137780	6000000044126321863
Q94137835	6000000168848354899
Q94137837	6000000003669717367
Q94137929	6000000085150417846
Q94137942	6000000010011496405
Q94138104	6000000071610420959
Q94138163	6000000013030153812
Q941383	6000000003378104752
Q94138406	6000000140851934864
Q94138406	6000000140851934898
Q94138525	6000000004969791446
Q94138836	6000000168161659506
Q94138999	6000000089112926048
Q94139024	6000000012983350547
Q94139084	6000000085776999887
Q94139118	6000000015162765417
Q94139139	6000000002553888147
Q94139142	6000000042785831862
Q94139169	6000000001579469906
Q94139181	6000000024948865015
Q94139204	6000000043012664211
Q94139219	6000000011964471441
Q94139289	6000000002811294680
Q94139330	6000000013320137130
Q94139347	6000000010501418269
Q94139355	6000000004089173184
Q94139417	6000000089887829872
Q94139473	4053568784360079806
Q94139520	6000000013271538502
Q94139825	6000000017739232420
Q94139946	6000000017035310359
Q94140163	6000000044362340424
Q94140205	362235229830001792
Q94140244	6000000020812208267
Q941404	6000000040753697853
Q94140448	6000000025887712742
Q94146176	6000000004381834993
Q94146996	6000000000437154495
Q94146997	6000000003655900608
Q941487	6000000015641305765
Q941494	6000000001380231489
Q941494	6000000209567168848
Q94149875	5537758580640125825
Q941506	4491297790340022133
Q941532	6000000176879227833
Q94155438	6000000071901225271
Q941585	6000000001380032072
Q941585	6000000209563945822
Q941605	6000000010344447125
Q941608	5256885392190083591
Q941622	6000000038934898060
Q941634	6000000002633265250
Q941645	6000000003824390927
Q941726	6000000010772220098
Q941785	6000000003676844761
Q941793	6000000183666051867
Q941794	6000000013633902102
Q941798	6000000013273083298
Q941810	6000000002248736413
Q941868	6000000071126515881
Q941903	6000000052176763015
Q941937	6000000119445999828
Q9420109	6000000011344816315
Q942027	6000000009476340964
Q94203	6000000013745499159
Q942034	6000000006590736705
Q942043	6000000008287468592
Q942074	6000000124472716837
Q942078	6000000007247681934
Q942113	6000000025171495045
Q942125	5645298953790136623
Q942153	6000000008460449959
Q94215881	6000000003075816415
Q94217083	6000000000320854531
Q94217326	6000000000586318401
Q94217736	6000000002701937464
Q94217957	6000000001633377056
Q94224	6000000010664183204
Q94226414	6000000024830560386
Q942269	6000000000796896697
Q94227048	6000000000321472016
Q94227366	6000000000320773487
Q94227723	6000000000321424947
Q94228406	6000000000321503884
Q94229	6000000221453498905
Q942299	6000000012892425259
Q942312	6000000009799440250
Q942318	6000000017710120754
Q94237419	6000000073433639028
Q942386	6000000002905687220
Q9424	6000000135725697443
Q94243	6000000047667334391
Q942438	6000000002161366629
Q942451	6000000056526486939
Q942463	6000000046243103438
Q942464	6000000212847048821
Q94247080	6000000145877480668
Q94247105	6000000177737665875
Q94253	6000000179021993854
Q94253472	6000000028045691947
Q94253673	6000000039623071972
Q94253673	6000000183746342834
Q94253935	354333706180006615
Q94253955	356762718980001259
Q942541	6000000002322667476
Q94254263	6000000011323948091
Q942550	6000000016775100925
Q94255834	4389168600080047534
Q94256	6000000007775537946
Q94256288	6000000003340958272
Q94256316	6000000010313561864
Q94256406	6000000008935698431
Q94256585	6000000014095265667
Q94256607	6000000000271564188
Q94256612	6000000034007192582
Q94256902	6000000047498840848
Q94257158	6000000008851245760
Q942573	6000000036539820134
Q94257315	6000000001039562072
Q94257632	6000000012779183476
Q942577	5614178293470033239
Q94257906	6000000052961403240
Q94258089	6000000002809503202
Q94258096	6000000002809503191
Q94258420	6000000020434907812
Q94258666	6000000174205692822
Q94259304	6000000011811066410
Q94259517	6000000000908876460
Q94259813	6000000057688806967
Q94260079	6000000011071193647
Q94260188	6000000171726506167
Q94260205	6000000001945202436
Q94260286	6000000081024857831
Q94260343	6000000012124319135
Q94260343	6000000035913092480
Q942647	6000000013987141084
Q942678	6000000022802687560
Q942690	6000000003932582699
Q94269364	6000000177473919865
Q942703	6000000104960856844
Q942714	6000000002115859941
Q942718	6000000082748745166
Q94273614	6000000000682183247
Q94273662	6000000011150388503
Q94273677	1581873
Q94273716	6000000028746192702
Q94273898	6000000000072050304
Q94273950	6000000001937868171
Q94274180	6000000021009802545
Q94274610	6000000013282744756
Q94274681	6000000032531233272
Q94274700	6000000011912175459
Q94274798	6000000083431696195
Q94274919	6000000089111274207
Q94275000	6000000049679418216
Q94275037	6000000013908206793
Q94275069	6000000026477834887
Q94275206	6000000012884962527
Q94275554	6000000036340564090
Q94275737	6000000014177426171
Q94275854	6000000017310184447
Q942759	6000000026335617653
Q94276523	6000000016264755645
Q94276640	6000000152785105044
Q94276807	6000000021400200875
Q94276959	6000000006728004238
Q94277449	6000000042900000052
Q94277814	6000000081745109839
Q94277832	6000000003772723799
Q942779	6000000010131877963
Q942782	6000000084570466184
Q94278821	6000000000426690479
Q94278999	6000000041131510054
Q94279432	6000000000196449513
Q94279442	6000000000196449499
Q94279886	6000000059181109956
Q94280357	6000000081047856932
Q94281247	6000000013271562393
Q94281681	6000000001915721946
Q94282163	6000000194920519842
Q94282189	6000000088620261833
Q94282601	391268688120004702
Q94283055	6000000061707464886
Q94283629	6000000084200264413
Q94283708	6000000013538291904
Q94283786	6000000028245399982
Q94283929	6000000075596255836
Q94284224	6000000088871455984
Q942844	6000000002088421822
Q94284567	6000000031363073889
Q94284997	6000000010401654790
Q94285346	6000000030729035341
Q94286293	6000000005582981989
Q94286535	6000000002701791483
Q94286677	6000000083907471849
Q94287044	6000000122747714831
Q94287312	6000000172338721647
Q94287442	6000000031922987302
Q94287495	6000000003743797684
Q94287742	6000000041636755878
Q94287918	6000000012836531462
Q94287950	6000000001382882847
Q942881	6000000043209168385
Q94288271	6000000012889694537
Q94288287	6000000051289329915
Q94289084	6000000125885198874
Q94290392	6000000026164568021
Q94290744	6000000026078554197
Q94291150	6000000100912351834
Q94291352	6000000011275541902
Q94291733	4565541
Q94291883	6000000024034264793
Q94292245	6000000010331718162
Q94292258	6000000031923193128
Q94292296	6000000002802652985
Q942923	6000000027872975880
Q94292908	6000000181820343847
Q94293362	6000000044120416001
Q94293422	6000000049100901833
Q94293440	6000000044468290122
Q94293478	6000000026124030045
Q94293952	6000000028380620755
Q94294327	6000000002799130016
Q94294665	6000000008582395602
Q94294978	6000000147751192821
Q94295421	6000000004237754832
Q94295425	6000000003938209956
Q94295585	6000000145994826863
Q94295677	6000000001959132851
Q94295779	6000000024681235022
Q94295807	6000000021326298246
Q94296255	6000000020971721858
Q94296348	6000000019186686892
Q94296672	6000000086468457896
Q94296874	6000000002043367284
Q94296950	6000000168848808834
Q94297044	6000000006348530888
Q94297078	6000000174796323121
Q94297433	4182734272840064260
Q94297583	6000000000593339911
Q94297958	6000000117770497828
Q94297962	6000000010182701447
Q94297967	6000000083440761638
Q94297991	6000000080771493991
Q94297996	6000000026710881941
Q942980	6000000074903071900
Q94298191	6000000002897077460
Q94298262	6000000020970746934
Q94298370	6000000002790742780
Q94298668	6000000001809127118
Q94298719	6000000003824971269
Q94298719	6000000180870621861
Q94298801	6000000017312191173
Q943046	6000000010630241370
Q94309193	6000000004839773477
Q943095	6000000015291815362
Q94314	6000000177884246921
Q94314813	6000000039817488621
Q943158	318656376160003657
Q943159	6000000044811639260
Q94316987	6000000007811082781
Q94316989	6000000002897116787
Q94317160	6000000007811082790
Q943173	6000000082771370980
Q94318147	6000000021062701017
Q94318768	6000000013910475051
Q94319	6000000007316477679
Q94319530	6000000000326768711
Q94320582	6000000020999443730
Q94320674	6000000140236383924
Q94320688	6000000001704874053
Q94321142	6000000000637332153
Q94325725	6000000025834338165
Q94328	6000000002765635069
Q94328288	6000000038113208178
Q943306	6000000002814217287
Q943318	6000000141108869929
Q943321	6000000008732276038
Q94334	6000000002986377544
Q943343	6000000015084571086
Q9434	6000000047466969645
Q943410	6000000002207866951
Q943457	6000000009336504604
Q94346	6000000043571376961
Q943463	6000000002494357016
Q943491	6000000222669460879
Q94351396	6000000009334293788
Q94351776	6000000003524709792
Q94351884	6000000002278033517
Q943520	6000000000440802047
Q943523	6000000019256846731
Q94352727	6000000085843539203
Q943530	6000000013823055229
Q943533	6000000182818067846
Q94353390	6000000026698819798
Q94353602	6000000021048124680
Q94353646	6000000167800002176
Q943537	6000000066126487846
Q94354367	6000000050024278544
Q94354937	6000000018870500420
Q94355013	6000000048485170140
Q94355342	6000000016830315273
Q94355652	6000000034782516537
Q94355904	6000000022822503007
Q94356432	6000000003681550188
Q94356677	6000000039817402629
Q943567	6000000056651312923
Q94356741	6000000040523706043
Q94356990	6000000012865845526
Q94357663	6000000091011664090
Q943577	6000000015444454561
Q94357806	6000000039817473315
Q94358215	4087753261000022513
Q94358356	6000000002088421845
Q94358484	6000000005963963516
Q94358649	6000000056995349978
Q94358788	6000000010073285257
Q94358999	6000000003076121960
Q94359354	6000000046152986555
Q94359416	6000000063208468867
Q94359470	6000000006930935347
Q94359509	6000000009937533781
Q94359559	6000000037055232837
Q94359910	6000000012942385123
Q94359963	6000000007362857361
Q94360551	6000000214408132836
Q94360884	6000000030412038004
Q943609	6000000065909050901
Q94360978	6000000000746332217
Q94361600	6000000007464730898
Q94361639	6000000003077407085
Q94361958	6000000003109310162
Q94361970	6000000047733267865
Q94361974	6000000002884337719
Q94362076	6000000003937791039
Q94362128	6000000013442874558
Q94362135	6000000001383896496
Q94362267	6000000006440536467
Q9436266	6000000075431148867
Q94362699	6000000016025413914
Q94363054	6000000046991416294
Q94363198	6000000025901819810
Q94364130	6000000085844383883
Q94364984	6000000002329572918
Q94365204	6000000003525143935
Q94365236	6000000048397438848
Q94365811	6000000090238333565
Q94366	6000000082659549314
Q94366918	6000000076625128173
Q943672	6000000002226088300
Q94367709	390394783530005017
Q94367931	6000000131247148042
Q94368045	6000000000480243250
Q94369019	6000000004972794624
Q94369366	6000000004549684135
Q94369829	367228352430011095
Q94370884	6000000158048508863
Q94370980	6000000018658974112
Q94371069	6000000042464476532
Q94371103	6000000007946553229
Q94371834	6000000034834233974
Q94372	6000000083373860070
Q94372532	6000000034833401669
Q94372675	6000000045578583943
Q94373039	6000000016152452926
Q94373079	6000000020088723026
Q94373554	6000000045905465006
Q94373699	6000000020254564924
Q94374029	6000000009016698481
Q94374114	6000000002447137111
Q94374269	6000000159832259857
Q94374276	6000000150644630928
Q94374734	6000000145159871850
Q94375230	6000000008482260320
Q94375593	6000000024694805783
Q943761	6000000015820704393
Q94376480	6000000003275809960
Q94376664	6000000030227934265
Q94378647	6000000009794393124
Q94379367	6000000024874609328
Q94379557	6000000001937474261
Q94379683	6000000001089439066
Q94379767	6000000002078975186
Q94379825	6000000002906770947
Q94379833	6000000024914288003
Q94379837	6000000028246313890
Q9438	6000000004533510242
Q94380021	6000000043281717700
Q94380083	6000000015444875949
Q94380089	6000000062316644047
Q943803	6000000002811012188
Q94381701	6000000006971173282
Q94381881	6000000003943200260
Q94382528	6000000041740025224
Q94383239	6000000181961214939
Q94383305	6000000026533244910
Q94383309	6000000026533091984
Q94383313	6000000039627442894
Q94383385	6000000010131986621
Q943858	6000000015905303720
Q943869	6000000034892294941
Q94388182	6000000008099445602
Q94388186	6000000002791352856
Q9439	6000000008852088113
Q943914	6000000076907817934
Q94393	6000000009026959414
Q943942	6000000014804788318
Q943984	6000000002245161437
Q943991	6000000017767245337
Q94399429	6000000026953449814
Q94400045	6000000004111205370
Q94400197	627247
Q94400415	6000000035526550965
Q94401037	6000000016315213269
Q94401142	6000000014504530221
Q94401554	6000000057010555208
Q94401986	6000000018605585080
Q94402071	6000000003835018830
Q94404	6000000022683025755
Q94404249	6000000175804995868
Q94404326	6000000041052463275
Q94404581	6000000190614198821
Q94404603	6000000000320727689
Q94405031	6000000013385601683
Q94405081	331971168840004084
Q94405427	6000000044529670394
Q94405737	6000000074350335373
Q94406377	6000000060404305884
Q94406745	6000000047135454927
Q94407550	6000000171518848891
Q94407639	6000000003938828779
Q94408457	6000000017365029697
Q94408531	6000000043605737866
Q94409268	6000000005482387002
Q94409446	6000000041188500087
Q94409699	6000000147189549862
Q944098	370277724160004066
Q94410247	6000000014302613489
Q94410284	6000000017642443355
Q94410319	6000000001382973867
Q94410352	6000000003227192775
Q94410477	6000000127091073937
Q94410480	6000000127091545846
Q94410669	6000000000426675765
Q94410755	6000000187651759835
Q94412179	6000000007887540739
Q94412180	6000000005425287698
Q94412315	6000000027541137270
Q94412560	6000000017073679133
Q94412657	6000000054762799891
Q94412698	6000000002716335520
Q94413797	6000000008650596812
Q94413833	361982669430005473
Q94413951	6000000006165180882
Q94413970	6000000003938489499
Q94413972	6000000003634619347
Q94414226	6000000007575156807
Q94415082	6000000172657231898
Q94415454	6000000088678132142
Q94415685	6000000018561971412
Q94415878	6000000091794473196
Q94415986	6000000021079256286
Q944168	6000000008238178116
Q94417924	6000000042339952001
Q94419125	6000000104474072870
Q94419130	362225025670013934
Q94419133	6000000002580615376
Q94419135	4839009612850082907
Q94419141	361228314350011644
Q94419222	6000000000323076237
Q94419229	363690065820001400
Q9442062	6000000074731729838
Q94420700	6000000001579469702
Q94420762	6000000015831134803
Q94420823	6000000105349723041
Q94420832	6000000025399760306
Q94421161	6000000163323334930
Q94421607	6000000062609998817
Q944245	6000000004661622469
Q94426753	6000000026520936949
Q94426888	6000000024181653814
Q94427080	6000000000743673640
Q94427795	6000000001382987962
Q94427814	6000000004594492505
Q94428089	6000000017020003755
Q94428171	6000000012482177804
Q94428215	6000000017924061573
Q944286	6000000040050450941
Q94428810	6000000002906217207
Q94428855	6000000043771549843
Q944290	6000000141945594060
Q94429261	6000000022435473483
Q94429420	6000000006872247201
Q94429423	6000000020759084063
Q94429427	6000000022219884784
Q94429433	6000000005575313656
Q94429822	6000000041655359444
Q94429888	6000000014991341275
Q94430001	6000000059500212835
Q944301	6000000152608530831
Q94430397	6000000063432438823
Q944304	6000000077480680033
Q94430505	6000000003195103090
Q94430668	6000000018264083205
Q944314	6000000003421284303
Q94431550	6000000013126340980
Q94431564	6000000025515744181
Q94431722	6000000171465211844
Q94432043	6000000010562101747
Q944323	6000000077912182027
Q944344	6000000009441642786
Q94435046	6000000158552523845
Q944360	6000000024914549585
Q94436644	6000000163748744926
Q944386	6000000015222384856
Q944388	6000000017575238916
Q94439820	6000000016620625093
Q944409	6000000078008350396
Q944509	6000000014884630778
Q944531	6000000002188526806
Q944538	6000000009286158127
Q94455	6000000030347076905
Q94457760	6000000010562132648
Q944592	6000000177919311863
Q94459568	6000000012876443833
Q944611	6000000021622443699
Q944638	6000000179556519833
Q94464	6000000010361338817
Q94468327	6000000001816161769
Q94471751	6000000042028850417
Q944719	6000000027965438464
Q944723	6000000090204389030
Q944763	6000000076992588165
Q944786	6000000079289017964
Q94480	6000000020350443036
Q94483979	6000000005597544792
Q94484011	5583361023550039436
Q94484130	6000000002073423274
Q94484596	6000000000115706599
Q94484803	6000000005739736418
Q94485077	3999336755710034243
Q94485292	6000000026607427952
Q94485573	6000000076046815821
Q94485774	6000000050322674843
Q94485782	6000000003940605708
Q94486	6000000005773658127
Q94486079	6000000011490481272
Q94486440	6000000082459749089
Q94486505	6000000049885357094
Q94486505	6000000073392809821
Q94486595	6000000010039893324
Q94487186	6000000019116489262
Q94487383	6000000001880222061
Q94487397	6000000015908228277
Q94487478	3879963
Q94487494	6000000011801816074
Q94487995	6000000118222071845
Q94488005	6000000001689764464
Q944881	6000000082351873025
Q94488289	6000000182145467859
Q94489101	6000000003938203671
Q94489534	6000000023697218928
Q94489775	6000000014497214061
Q94489974	6000000001058817912
Q94490338	6000000037104252727
Q944907	6000000156205753852
Q94490758	6000000000137819270
Q94490969	6000000017223702647
Q94491060	6000000115134737896
Q94492021	363693822610011624
Q94492122	6000000039199568883
Q94492273	6000000008209161017
Q94492312	6000000031460094697
Q944927	6000000020515995117
Q94492780	6000000001246034576
Q94492882	6000000137603972833
Q9449332	6000000075500349945
Q94493443	6000000028086831917
Q94494097	6000000030732336120
Q94494758	6000000206138345847
Q94494849	6000000016323288076
Q94494938	6000000011309257248
Q944952	6000000018676746083
Q94495784	6000000037052301685
Q94495799	6000000026996658645
Q94495892	6000000020381287287
Q94496272	6000000001356354392
Q94496454	6000000151453998854
Q94496489	6000000022513154050
Q94496845	6000000019044548492
Q9449785	6000000075426209264
Q944986	6000000064671042913
Q94499249	6000000007401323452
Q944996	6000000034388921137
Q94500066	6000000071859020105
Q945011	6000000024806085267
Q94501246	6000000016015621282
Q945024	6000000001569232219
Q94502636	6000000015313079600
Q94502670	6000000055632006916
Q94502679	6000000028497754080
Q945042	6000000020789029884
Q94505420	6000000010461052414
Q94505585	6000000052360564103
Q94505620	6000000043931932830
Q94505662	6000000043925979961
Q94505762	6000000016232855986
Q94505845	6000000036690224527
Q94505880	6000000103774305858
Q94505894	6000000010858184229
Q94505933	6000000032703464503
Q94505997	6000000014824762434
Q94506117	6000000010572320343
Q94506213	6000000009136409591
Q94506227	6000000020293089211
Q945064	6000000035096278457
Q94506453	6000000006712304444
Q94506736	6000000013493582894
Q94506825	6000000002867125194
Q94506828	6000000010592158386
Q94506856	6000000002955200200
Q94507055	6000000007995305987
Q94507057	6000000074276020978
Q94507196	6000000008562606940
Q94507303	6000000199760794846
Q94507318	6000000008961180572
Q94507402	6000000062184169955
Q94507539	6000000077515061956
Q94507549	6000000011324551601
Q94507567	6000000077323258208
Q94507654	6000000151735898844
Q94507695	6000000011734419305
Q94507778	6000000000284184001
Q94507952	6000000007741390222
Q94508125	6000000185214666861
Q94508223	6000000032013700762
Q94508322	6000000084976647178
Q94508327	6000000040374440012
Q94508514	6000000175250770160
Q94508728	6000000104642863996
Q94508797	6000000011959092459
Q94508863	6000000041126474034
Q94508988	4626572091720062269
Q94509074	6000000006446754118
Q94509283	6000000039173534985
Q94509320	6000000171495893869
Q94509374	6000000156424167845
Q9450939	6000000074752947849
Q94509390	6000000027325952110
Q94509423	6000000000835286422
Q94509617	6000000012471922573
Q94509643	6000000026715698585
Q945098	6000000024988871552
Q94510284	6000000077015421990
Q94510372	6000000000171521166
Q94510454	6000000147338520258
Q94510485	6000000002497832711
Q94510767	6000000010954213549
Q94511144	6000000004086376181
Q94511287	6000000001384147148
Q94511300	6000000076511387923
Q94511333	6000000079782417920
Q94511369	6000000034609813722
Q94511402	6000000051576502164
Q94511453	6000000007803549157
Q94511947	6000000019493577392
Q94512237	6000000089375713005
Q94512378	6000000020748731885
Q94512640	6000000000908871741
Q94512705	6000000020830446274
Q94512709	6000000152290414888
Q94512754	6000000027252930452
Q94513	6000000001844121784
Q94513029	6000000040513754836
Q94513044	6000000175249878454
Q94513105	6000000012783519301
Q94513255	6000000003681311162
Q94513448	6000000001180074087
Q94513835	6000000027327390504
Q94513873	6000000037940848980
Q94514100	6000000125418648865
Q94514153	6000000022165534080
Q94514155	6000000006290104034
Q94514362	6000000027416605598
Q9451536	6000000074746960934
Q94515366	6000000017842114367
Q94515396	6000000023221952840
Q94515404	6000000020331052445
Q94515443	6000000041260380429
Q94515510	6000000012021232269
Q94515510	6000000130280149875
Q94515699	6000000007315324310
Q94515772	6000000173553292886
Q945158	6000000036705463060
Q94516264	6000000019791514288
Q94516324	6000000170829276918
Q94516640	6000000048847168020
Q94516859	6000000006719294621
Q94516916	6000000008469660320
Q94517	6000000017827883336
Q94517381	6000000047899898080
Q94517488	6000000003438825525
Q94517900	6000000068527092821
Q94517904	6000000002386945677
Q94517925	6000000013869798002
Q94518053	6000000008231222015
Q94518191	6000000007290964734
Q94518193	6000000007820504977
Q94518329	6000000090258925854
Q94518353	6000000000040500186
Q94518418	6000000006444267284
Q94518453	5425226698460046794
Q94518641	6000000006109243800
Q94518734	6000000222817283948
Q94518865	6000000001727542310
Q94518949	6000000000284181933
Q94518975	6000000001636017642
Q94519081	6000000121864771898
Q94519215	6000000011183732484
Q94519341	6000000037811117024
Q9451936	6000000075345947078
Q94519421	6000000092449947022
Q94519453	6000000009447517819
Q94519572	6000000006802810577
Q94519578	6000000000517799117
Q94519769	6000000000145625532
Q94519865	6000000130547444821
Q94519896	6000000034518594052
Q94519905	6000000027253224066
Q94520053	6000000010621925393
Q9452019	6000000074700925300
Q94520206	6000000011625028682
Q94520215	4258508
Q94520293	6000000006120433980
Q94520664	6000000043436155102
Q94520688	6000000007950858374
Q945207	6000000041152620519
Q94520898	6000000007245193207
Q94520898	6000000092246920951
Q9452128	6000000074787059074
Q94521341	6000000028109711043
Q94521422	6000000002649925631
Q94521559	6000000007226222240
Q94521651	6000000007131160519
Q94522	6000000029675902706
Q945220	6000000124451738171
Q94523524	6000000079032458675
Q94523669	6000000083032305865
Q94523670	6000000029390115842
Q94523799	6000000025375792099
Q94523806	6000000130237105919
Q94523827	6000000018714406147
Q94523830	6000000010874711422
Q94524228	6000000177215467948
Q94524285	6000000016370063408
Q94525773	6000000016502418696
Q94525880	6000000048770415853
Q94525970	6000000075272750020
Q94526043	6000000025708779273
Q94526732	6000000011790303322
Q94526773	6000000049173653148
Q94526875	6000000016369520906
Q94526894	6000000033278748476
Q94526916	6000000057283849124
Q94526929	6000000082373197990
Q94526972	6000000059993625841
Q94526973	6000000016658813668
Q94526986	6000000051461085882
Q94527050	6000000015665537044
Q94527058	6000000077895047901
Q94527113	6000000181765982825
Q94527142	6000000024005652309
Q94527151	6000000016905398525
Q94527155	6000000028257823167
Q94527172	6000000017831339299
Q94527205	6000000016365142966
Q94527236	6000000177101209838
Q94527276	6000000016250993517
Q94527305	6000000082773418773
Q94527332	6000000017173990147
Q94527338	6000000082691952855
Q94527343	6000000015357041766
Q94527484	6000000004076553676
Q94527533	6000000025219926821
Q94527573	6000000025310757178
Q94527578	6000000011086780023
Q94527593	6000000112873449049
Q94527658	6000000036377499102
Q94527761	6000000025657834905
Q94527771	6000000055989801827
Q94527793	6000000046926848061
Q94527837	6000000082373384923
Q94527902	6000000087354798970
Q94527917	6000000016554111700
Q94528010	6000000016572437040
Q94528014	6000000016834057882
Q94528026	6000000038505952833
Q94528058	6000000120433016848
Q94528065	6000000068876486944
Q94528123	6000000016465341682
Q94528153	6000000025997994506
Q94528163	6000000084587663585
Q94528195	6000000017326824882
Q94528281	6000000077406791271
Q94528828	6000000084546336586
Q94528835	6000000047115281852
Q94528860	6000000086591672326
Q94528889	6000000016311115063
Q94528942	6000000003499139852
Q94528981	6000000016369250374
Q94529106	6000000080411753553
Q94529165	6000000016572906346
Q94529292	6000000016235165726
Q94529304	6000000068186556821
Q94529329	6000000016491123759
Q94529383	6000000017064305007
Q94529386	6000000091788287854
Q94529423	6000000016818271853
Q94529437	6000000077226337561
Q94529441	6000000020350138485
Q94529510	6000000028257851106
Q94529529	6000000017407419961
Q94529601	6000000081841648113
Q94529673	6000000077222851321
Q94529787	6000000006601174227
Q945299	6000000003909074349
Q94530028	6000000203789021952
Q94530033	6000000021505099610
Q94530086	6000000024631861662
Q945301	6000000016585253178
Q94530142	6000000015610261132
Q94530142	6000000190455686545
Q94530270	6000000131237661843
Q94530367	6000000059139190913
Q94530370	6000000013966161461
Q94530442	6000000016283426624
Q94530535	6000000072723050844
Q94530551	6000000023921137885
Q94530559	6000000089625036902
Q94530586	6000000083701876832
Q94530588	6000000020308713890
Q94530620	6000000020808263982
Q94530691	6000000082702574139
Q94530732	6000000041904801921
Q94530742	6000000017210291676
Q94530778	6000000015805629293
Q94530785	6000000088001313295
Q94530801	6000000084526406836
Q94530827	6000000080773299853
Q94530844	6000000061007541867
Q94531115	6000000047548344872
Q94531568	6000000034985500231
Q94531974	6000000041396857886
Q94532063	6000000041319209162
Q94532246	6000000015431377590
Q94532371	6000000080870064030
Q94532413	6000000114284091015
Q94532660	6000000016433780454
Q94532818	6000000072060438895
Q94532942	6000000141396479882
Q94533069	6000000010655244182
Q945331	6000000012342425324
Q94533244	6000000043228349959
Q94533293	6000000011547128289
Q94533370	6000000049903201300
Q94533500	6000000036593075893
Q94534156	6000000004860714775
Q94534415	6000000022205016217
Q94534620	6000000010554254419
Q94534693	6000000094934729017
Q94534708	6000000009451624920
Q94534774	6000000066755079900
Q94534849	6000000000697212347
Q94534986	6000000034094302158
Q94534993	6000000000459771879
Q94535124	6000000004593983145
Q94535238	6000000000505655186
Q94535377	6000000016036373084
Q94535412	6000000021105123954
Q94535768	6000000001212838863
Q94536649	6000000003813409820
Q94536892	6000000164062945894
Q94536973	6000000040716761821
Q94537192	6000000111585033355
Q94537196	6000000033395050738
Q94537200	6000000024052974266
Q94537209	6000000089626230055
Q94537322	6000000007946219119
Q94537322	6000000021566150476
Q94537360	6000000005028331140
Q94537607	6000000022925753120
Q94537827	6000000001868049650
Q94537829	6000000053930862855
Q94537897	6000000031500377307
Q945379	6000000005856941001
Q94538	6000000003902276075
Q94538102	6000000031022958731
Q94538119	6000000023186070805
Q94538130	6000000020800049093
Q94538169	6000000006488269002
Q945390	6000000021664163831
Q94539083	6000000011448549926
Q94539235	6000000041988080768
Q94539407	6000000001366581738
Q94539746	6000000007351643787
Q94539954	6000000013404208900
Q94539995	323966083890007778
Q94540566	6000000054987218833
Q94540712	6000000042334881847
Q94540782	6000000087759234860
Q94541038	6000000036112858079
Q94541226	6000000003076705362
Q94541239	6000000001424439948
Q94541837	6000000006930495600
Q94541885	6000000003943132436
Q94542101	346356
Q94542788	6000000002916074815
Q94543233	6000000020164220359
Q945437	6000000000864118396
Q945443	6000000163270066824
Q945472	6000000022863331162
Q945492	6000000024226622311
Q945517	6000000015414091422
Q945565	6000000140184613939
Q94557594	6000000009459809205
Q945576	6000000032891274870
Q945579	6000000029345440236
Q945591	6000000113770075987
Q94561	6000000032346878401
Q945610	6000000012851433372
Q945641	6000000020542906212
Q945681	6000000046035312025
Q94569038	6000000007660809702
Q945713	6000000015201815497
Q94572719	6000000086589589997
Q94572720	6000000070395087860
Q94572739	6000000034787102672
Q94572807	6000000070394507821
Q94572810	6000000035924690698
Q94573105	6000000025242033157
Q94573109	6000000028206146928
Q94573182	6000000041099614158
Q94573424	6000000079112997953
Q94573510	6000000001158827442
Q94573770	6000000166666189833
Q94573904	6000000065638509891
Q94574261	6000000015742289008
Q94574366	6000000026203048189
Q945744	6000000019092949456
Q94574630	6000000025375171958
Q94574640	6000000061153325970
Q94574692	6000000001727302543
Q94574697	6000000000903637248
Q94574702	6000000001727302517
Q94574713	6000000075358230914
Q945750	6000000054043988860
Q94575014	6000000015498049052
Q94575491	6000000003941335195
Q94575697	6000000000866429165
Q94575734	6000000056258007861
Q94575798	6000000005365841362
Q94575828	6000000012287734145
Q94575835	6000000099961404832
Q94575839	6000000012362922893
Q94576036	6000000180582359866
Q94576156	6000000106169365940
Q94576677	6000000082849680616
Q94577	6000000015578563662
Q94577514	6000000082541281933
Q94577592	6000000009263103709
Q94577618	6000000016690273152
Q94577643	6000000002764344767
Q94577662	6000000084292128327
Q94577880	6000000109140606824
Q94577900	6000000110610730827
Q94578147	6000000072533945863
Q94578160	6000000032701991527
Q94578336	6000000182561579825
Q94578365	6000000084511768759
Q94578802	6000000017638459541
Q94578915	6000000065200050910
Q945792	6000000156763099822
Q94579355	6000000075235188163
Q94579494	6000000135144302821
Q94579708	6000000177774826827
Q94579765	6000000088573867852
Q94581834	6000000004292160385
Q94582979	6000000000934037637
Q945833	6000000026116560995
Q945845	6000000011789804700
Q945862	6000000068495035167
Q945890	6000000057950693791
Q94591191	6000000019226822472
Q945929	6000000050267189995
Q945936	6000000003403540294
Q946	6000000020351191964
Q946010	6000000035616419563
Q946015	6000000011173735576
Q94602183	6000000135200626823
Q946061	6000000143405132821
Q94608	6000000016496506906
Q946101	6000000057750596256
Q94612434	6000000084967982897
Q946139	6000000178555761858
Q94614	4059848181150122218
Q946151	6000000072331005946
Q94615921	6000000001186359153
Q94616074	6000000024959349886
Q94616493	362643544970001120
Q94616614	6000000004086446039
Q94616675	6000000008231455285
Q94616950	6000000006719931139
Q94617513	6000000008439867067
Q94617599	6000000016270104811
Q94617612	6000000074276194897
Q94617634	6000000083877041821
Q94617665	6000000072795756473
Q94617835	6000000082690584362
Q94617902	6000000017321153952
Q94617989	6000000015190351174
Q94618005	6000000027894744496
Q94618177	6000000025902714820
Q94618193	6000000001937693913
Q94618329	6000000088172960975
Q94618339	6000000130336592850
Q94618408	6000000024684727990
Q94618411	6000000024684639247
Q94618476	6000000008023058017
Q94618545	6000000019044311890
Q94618548	6000000005435771642
Q946186	6000000079786875454
Q94618669	6000000041683718909
Q94618693	6000000016050190663
Q94618755	6000000100368894958
Q94618944	6000000016050241535
Q94618953	6000000017757517827
Q94619012	6000000017351065809
Q94619304	6000000016537920651
Q94619381	6000000019537583213
Q94619405	6000000005004369135
Q94619444	6000000221942872077
Q94619461	6000000008332876984
Q94619465	6000000053811492122
Q94619500	6000000017282894665
Q94619623	6000000085634534101
Q94619645	6000000193195762849
Q94619717	6000000011116843941
Q94619763	6000000000632505996
Q94619835	6000000036325097034
Q94619888	6000000039706727323
Q94620732	6000000180595529830
Q94620745	6000000185337846822
Q94620782	6000000016325457701
Q94620794	6000000013093634294
Q946210	6000000027253869159
Q94621004	6000000017437970234
Q94621008	6000000166550756046
Q94621045	6000000015356003201
Q94621201	6000000012673500246
Q94621239	6000000057098925821
Q94621265	6000000016818848095
Q94621383	6000000015503397005
Q94621404	6000000025567542911
Q94621419	6000000009637389968
Q94621498	6000000082704803392
Q94621581	6000000012135166101
Q94621664	6000000043933640916
Q94621933	6000000003478242823
Q94621957	6000000010801831383
Q94621977	6000000016818061519
Q94622	6000000068675705022
Q94622016	6000000027154886584
Q94622246	6000000059076296856
Q94622277	6000000078171980921
Q94622323	6000000169015012056
Q94622379	6000000127828310831
Q94622638	6000000012607974304
Q94622651	6000000088428666091
Q94622658	6000000003297878490
Q94622752	6000000056235186883
Q94622844	6000000001565378279
Q94623013	6000000010958261549
Q94623034	6000000016276464621
Q94623042	6000000015104956600
Q94623260	6000000013031049128
Q94623293	6000000010996178855
Q94623422	6000000185480925973
Q94623518	6000000006945863601
Q94623557	6000000027253834005
Q94623566	6000000004086643831
Q94623588	6000000183905182832
Q94623618	6000000033067150561
Q94623704	6000000001591123544
Q94623818	6000000006823526554
Q94623824	6000000024185886202
Q94623965	6000000013943212947
Q94624134	6000000008231085397
Q94624245	6000000075578703832
Q94624346	6000000000526414162
Q94624372	6000000001868059281
Q94624401	6000000077980101964
Q94624697	6000000012222886512
Q94624879	6000000005773494146
Q946250	6000000013648532728
Q94625215	6000000003858244355
Q94625354	6000000018079091613
Q94625415	6000000052985381989
Q94625580	4151230221710071533
Q946257	6000000015299493236
Q94625747	6000000087087309993
Q94625964	6000000033984684098
Q94626318	6000000052316827915
Q94626534	6000000022351445662
Q94626570	6000000077368211493
Q94626581	6000000018797423170
Q946268	6000000080078420027
Q94626887	6000000003756738315
Q94626938	6000000000638202568
Q94627238	5333240903460121453
Q94627270	6000000002969950755
Q946273	6000000000144210048
Q94627347	6000000016046757896
Q94627352	6000000023372521074
Q946275	6000000003934600346
Q94627527	6000000025513093551
Q94627644	6000000002789346495
Q94628068	6000000004079770005
Q94628105	6000000036884116073
Q94628110	6000000175661078872
Q94628261	6000000001489832489
Q94628511	6000000221579441943
Q94628902	6000000017688575731
Q94628919	6000000205199339831
Q946290	5644787074440136637
Q94629094	6000000020329927938
Q946305	6000000020102325196
Q946328	6000000053964308904
Q946345	6000000123226606284
Q94634658	6000000007418036899
Q94634825	6000000087547624839
Q94635350	6000000001212762658
Q946354	6000000011127905989
Q94635420	6000000017766921696
Q94635431	6000000020894744710
Q94635549	3961704534710122129
Q94635737	6000000077823814838
Q94635765	6000000007418250799
Q94635785	6000000064133214918
Q94635809	6000000001898136577
Q94635853	6000000003939846332
Q94635871	6000000001347518524
Q94636051	6000000003413091017
Q94636394	6000000000967100208
Q94636439	6000000015918208932
Q94636901	6000000120635285849
Q94637062	6000000005945265317
Q94637112	6000000002043232759
Q94637294	4437931
Q94637306	6000000202719757930
Q94637462	6000000017142372337
Q94637810	6000000014040850084
Q946379	6000000093232241902
Q94638183	6000000125008283864
Q94638191	6000000001350866736
Q94638212	6000000045192923862
Q946392	6000000007961365400
Q94639293	6000000054293426868
Q94639516	5427848919220123040
Q94639776	6000000013091395010
Q94639799	6000000000696129817
Q94639834	6000000040187741457
Q94640177	6000000000470488632
Q94640202	6000000007562678324
Q94640213	6000000002024158105
Q94640219	6000000002820782565
Q94640253	6000000029717779995
Q94640556	6000000012737373711
Q94640564	6000000018098265492
Q94640908	6000000024021460902
Q94641180	6000000003615944107
Q94641696	6000000000490995194
Q94641698	6000000009560872611
Q94641778	6000000009897736681
Q94642	6000000018786982589
Q94642328	6000000155688210832
Q94642424	6000000004655015727
Q94642557	6000000001382976390
Q94643028	6000000011414859501
Q94643110	6000000010657398598
Q94643226	6000000016037288103
Q94643281	6000000012912502508
Q94643285	6000000077920600915
Q94643463	6000000049675806848
Q94643529	6000000010791309780
Q946436	6000000157085880822
Q94644061	6000000006981187246
Q94644067	6000000009209042422
Q94644518	6000000018731940623
Q94644658	6000000003681241050
Q94644813	6000000026697514076
Q94644963	6000000011424382706
Q94645383	6000000012333111982
Q94646680	6000000052209347958
Q94646803	6000000005738423264
Q94646886	6000000007512858089
Q94646939	1410761
Q94646959	6000000034678203059
Q94647043	6000000039466046158
Q94647157	6000000038658805916
Q94647159	6000000013311370683
Q94647342	6000000013742066088
Q94647439	6000000009275614533
Q94647607	6000000007250171317
Q94647624	6000000011928780210
Q94647733	6000000039518265885
Q94647838	6000000028586287453
Q94648053	6000000006330435099
Q94648373	6000000055236113830
Q94648741	6000000000489312045
Q94649398	6000000008231407550
Q94649487	6000000198439852837
Q94649783	6000000026012762665
Q94649791	6000000105699556420
Q94649793	6000000001356964154
Q94649819	6000000027855811625
Q94649825	6000000181884880897
Q94649956	6000000034867217810
Q94649990	6000000004969795343
Q94649991	6000000010801436398
Q94650035	6000000007176303849
Q94650052	6000000015258039361
Q94650215	6000000008450692519
Q94650241	6000000023121558807
Q94650519	6000000006348580972
Q946506	6000000181931842825
Q94650810	6000000025474033872
Q94650844	6000000012668385237
Q94650847	6000000018273003121
Q94652349	6000000001843180761
Q94652545	6000000038634293925
Q94652699	6000000011624440099
Q94652705	4049357939130038904
Q94653	6000000009877107023
Q94653038	6000000019757864255
Q94653219	6000000140329182897
Q94653246	6000000067752401856
Q94653261	6000000009967649657
Q94653374	6000000017984137580
Q94653430	6000000048505416207
Q94653969	6000000000493388075
Q94654023	6000000031443309421
Q94654039	6000000027435225759
Q94654338	6000000015483348498
Q94654356	6000000014035503485
Q94654400	6000000026637309712
Q94654586	6000000016607207851
Q94654633	6000000026696562835
Q94654650	6000000057439463845
Q94654660	6000000000407052421
Q94654778	6000000001384546510
Q94654807	6000000008322117850
Q94654933	6000000038412426997
Q94655	6000000016428179460
Q94655137	6000000071761081052
Q94655141	6000000001384552885
Q94655990	6000000076091020856
Q94655990	6000000110339957821
Q94656209	6000000021493061416
Q94656288	6000000138791308837
Q94656325	6000000078806797761
Q94656325	6000000177336110824
Q94656603	6000000018642436887
Q94656728	6000000001384084408
Q94656960	6000000090238333553
Q94657619	6000000083881578065
Q94657713	6000000000603088107
Q94657798	6000000005955000404
Q946578	6000000025752919839
Q94658286	6000000001080352150
Q946583	6000000083986339990
Q94658617	6000000015458720923
Q94658638	6000000015683211732
Q94658640	6000000014194177485
Q94658640	6000000014927114919
Q94658645	6000000024333300002
Q94658654	6000000001227858333
Q94658658	6000000181576066857
Q94658765	6000000187318381851
Q94659	6000000025737926847
Q946590	6000000071715309948
Q94659088	4258443014200064374
Q94659446	6000000010259435484
Q94659708	6000000041116884725
Q94659972	6000000038634187328
Q94660227	6000000053908729834
Q94660227	6000000201037845824
Q94660328	6000000003939615667
Q94660528	6000000016938603056
Q94660584	6000000007124683658
Q946606	6000000036158410978
Q94660600	6000000034516324367
Q94660645	6000000034516408335
Q94661328	6000000037465887455
Q94661442	6000000000097023985
Q94661448	6000000002078947183
Q94661890	6000000068056329049
Q94662071	6000000176750716853
Q9466215	6000000074701241051
Q94662236	6000000002545933782
Q94662312	6000000094073140991
Q94662592	6000000003949754086
Q94662916	6000000004005120526
Q94663735	6000000028220744086
Q9466385	6000000074700769507
Q94664440	6000000042701724389
Q94665450	6000000043859211472
Q94666	6000000013990994029
Q946669	6000000140290274822
Q946693	6000000018251696347
Q94669668	6000000088572435444
Q94670597	6000000043859827877
Q94671191	6000000043859838871
Q94672	6000000016316693219
Q946728	6000000178431795822
Q946744	6000000017917435386
Q94675660	6000000019543551210
Q946772	6000000142736521860
Q946774	6000000182881958862
Q946783	6000000005395820342
Q94681	6000000018988485496
Q94683377	6000000026507984459
Q94683779	6000000003082982708
Q94683908	6000000012978001041
Q94683991	6000000022712801708
Q94684025	6000000001085178247
Q94684083	6000000002333937123
Q94684372	6000000041838932260
Q94684477	6000000181610106829
Q94684523	6000000012778760760
Q94685054	6000000002485814144
Q94685054	6000000078736668314
Q94685068	6000000013804817809
Q94685077	6000000003940257362
Q94685259	6000000010851457388
Q94685339	6000000003881951840
Q946859	6000000027362698187
Q94686091	6000000125392089878
Q94686126	6000000064827485847
Q94686133	6000000012385572719
Q94686136	6000000015824710389
Q94686144	6000000107115801839
Q94686406	6000000014566913094
Q94686644	6000000125394738852
Q94686650	6000000004274185465
Q94686703	6000000010081049197
Q94686709	6000000017582947916
Q94686722	6000000163056725821
Q9468688	6000000074701129151
Q94686951	6000000007922744793
Q94687083	6000000024417539997
Q94687653	6000000003221236729
Q94688	6000000007417017489
Q94688027	6000000054969160014
Q94688075	6000000018122178553
Q94688381	6000000012591982694
Q94688404	6000000002641620015
Q94688816	6000000164314623911
Q94688896	6000000002811173777
Q94689157	6000000008882357602
Q94689759	6000000000494524259
Q94690237	6000000002358581321
Q946909	6000000183184356851
Q946912	6000000009561652329
Q94691289	6000000015237623050
Q94691846	6000000017512698614
Q94691942	6000000018714148927
Q94691946	6000000180602509858
Q94691971	6000000067374107821
Q94691974	6000000024846235931
Q94691980	6000000103774113129
Q94691995	6000000015361573527
Q94692	6000000181028439840
Q94692008	6000000018714403058
Q94692009	6000000071914838410
Q94692017	6000000077894507191
Q94692018	6000000116526596822
Q94692022	6000000016786520124
Q94692026	6000000076885298154
Q94692027	6000000017121868368
Q94692036	6000000059602042900
Q94692037	6000000143571660828
Q94692071	6000000048691995873
Q94692096	6000000053596150340
Q94692101	6000000016835089155
Q94692112	6000000178944089830
Q94692115	6000000016395568348
Q94692128	6000000012001412768
Q94692163	6000000024845850971
Q94692170	6000000128583868860
Q94692182	6000000016700767062
Q94692184	6000000010592352246
Q94692187	6000000019944254001
Q94692188	6000000084818499941
Q94692197	6000000078057138361
Q94692208	6000000017476516139
Q94692215	6000000033279266321
Q94692218	6000000180602214855
Q94692223	6000000061771626838
Q94692236	6000000180582929830
Q94692249	6000000024506167708
Q94692252	6000000054959963821
Q94692253	6000000017051758449
Q94692255	6000000056368999440
Q94692258	6000000083117034879
Q94692266	6000000015356581385
Q94692270	6000000106582217821
Q94692284	6000000077283176081
Q94692285	6000000025779385950
Q94692298	6000000071455805923
Q94692326	6000000106322234831
Q94692358	6000000025274626680
Q94692370	6000000037419897112
Q94692422	6000000017173714579
Q94692521	6000000071455412295
Q94692525	6000000110594247901
Q94692764	6000000014506461710
Q94692801	6000000038394314813
Q94692879	6000000049784406951
Q94692889	6000000078352120245
Q94693077	6000000069395251870
Q94693143	6000000025094998626
Q94693173	6000000087355288882
Q94693208	6000000066411276821
Q94693305	6000000028783374271
Q94693396	6000000061007414874
Q94693466	6000000075555024067
Q94693477	6000000029887013534
Q94693509	6000000084622887422
Q94693528	6000000117733275034
Q94693561	6000000020817163189
Q94693637	6000000084861958439
Q94693641	6000000022698760059
Q94693679	6000000077807960931
Q94693708	6000000169636017825
Q94693711	6000000139475234881
Q94693725	6000000081478203229
Q94693817	6000000071039494924
Q94694	6000000015200104205
Q94694173	6000000084617530227
Q94694194	6000000044212130865
Q94696971	6000000084484184168
Q94697422	6000000076683230684
Q946975	6000000016421861655
Q9469833	6000000075500230882
Q946985	6000000006295365538
Q9469916	6000000013012276453
Q94699652	6000000011287142289
Q94700132	6000000013020931442
Q94700452	6000000174795734472
Q94701	6000000080597622214
Q94701335	6000000003151564252
Q94701344	6000000003465849972
Q94701725	6000000135559797862
Q94702229	6000000037834169044
Q947044	6000000015708425001
Q94707	6000000183427286879
Q947083	6000000000905669658
Q9470832	6000000074770920821
Q947101	4752404951110129327
Q94711	6000000058057369498
Q947117	6000000026338643548
Q94711802	6000000034836685850
Q947145	6000000041813841015
Q947159	6000000032847582792
Q94716449	6000000176176689872
Q947187	6000000048536594927
Q947190	6000000009655624647
Q94720	6000000080819508353
Q94720172	6000000003626913272
Q947202	6000000007243659238
Q94721205	6000000005919782861
Q947215	6000000155523290860
Q94722099	6000000007922228955
Q947221	6000000067519616980
Q947230	6000000013013740077
Q94723316	6000000003827765765
Q94724123	6000000000112868095
Q94726285	6000000144155309821
Q94728690	6000000168178131092
Q947303	6000000029869266968
Q94731547	6000000015116646414
Q94731590	6000000007368232641
Q94731605	6000000172659069983
Q94731607	6000000054880223995
Q94731613	6000000015643028702
Q947320	6000000023039497891
Q94732197	6000000040414553632
Q94732355	6000000026683307685
Q94732409	6000000020723537560
Q94732420	6000000190486982824
Q94732958	6000000008354455070
Q94733036	6000000020788995517
Q947343	6000000151942152885
Q94735021	6000000066597167925
Q94735391	6000000024917737828
Q94735480	6000000007014371531
Q94735591	6000000037265828010
Q94735625	323510072970004286
Q94735628	6000000033232362015
Q94735868	6000000005572474626
Q94736392	6000000057750623024
Q947368	6000000001385995502
Q94736848	6000000023060836986
Q94736849	6000000008241288255
Q94737192	6000000015450130540
Q947375	6000000174567383951
Q947376	6000000156184027977
Q94738301	6000000057574591897
Q94738309	6000000023783353134
Q94738517	6000000009959516055
Q94738677	6000000054173752212
Q94738724	6000000031229829055
Q94738763	6000000046370067832
Q94738874	6000000041147213372
Q94738912	6000000025847205183
Q94739091	6000000023430191875
Q94739111	6000000007437487637
Q94739276	6000000007404441885
Q94739284	6000000104526771999
Q94741262	6000000037803256848
Q94741345	6000000018204378459
Q94741383	6000000026921108921
Q94741401	6000000014034702359
Q94741452	6000000100184075912
Q94741511	6000000077203132887
Q94741710	6000000033980457820
Q94741731	6000000038043134093
Q94741859	6000000026066036110
Q94741867	6000000018897487253
Q94741874	6000000019716950871
Q94741892	6000000018030273152
Q94741894	6000000024693923848
Q94741998	6000000027418196179
Q94742003	6000000018698082126
Q94742024	6000000025399629879
Q94742033	6000000036836117143
Q94742097	6000000023771052485
Q94742204	6000000010153284392
Q94742257	6000000140229543150
Q94742259	6000000121260760826
Q94742384	6000000038472866381
Q94742444	6000000034250307408
Q94742521	6000000180954289822
Q94742543	6000000023983386766
Q94742602	6000000030994284841
Q94742712	6000000025554394277
Q94742725	6000000051248968072
Q94742739	6000000022485550237
Q94742754	6000000027450276844
Q94743080	6000000181088579829
Q94743086	6000000038505584261
Q94743087	6000000027668535297
Q94743118	6000000002678638297
Q94743124	6000000061728639922
Q94743225	6000000007014432893
Q94743233	6000000025091245875
Q94743262	6000000083784083931
Q94743264	6000000027271999644
Q94743289	6000000029538724107
Q94743291	6000000026976786296
Q94743394	6000000004590099576
Q94743406	6000000067934750893
Q94743422	6000000030145567807
Q94743568	6000000029402409918
Q94743600	6000000013740538535
Q94743602	6000000007316929639
Q94743638	6000000022409427574
Q94743657	6000000010709899827
Q94743685	6000000033697242509
Q94743695	6000000031306152058
Q94743719	6000000028786580992
Q94743772	6000000028582106362
Q94743784	6000000181085639837
Q94743803	6000000002987855132
Q94743815	6000000072319930525
Q94743872	6000000014424054066
Q94743873	6000000011856477888
Q94743878	6000000069498571276
Q94743919	6000000033077060189
Q94743934	6000000023522699059
Q94744022	6000000077105866889
Q94744285	6000000011171446026
Q94744494	6000000085733228898
Q94744532	6000000002764690028
Q94744554	6000000008603473786
Q94744572	6000000180299328907
Q94744809	6000000021706453359
Q94744811	6000000024886852732
Q94744845	6000000036138442685
Q94745133	6000000113561572021
Q94745276	6000000012427375142
Q94745555	6000000007014445881
Q947456	6000000004354128540
Q94746037	6000000062737954857
Q94746360	6000000022671447070
Q94746518	6000000031362600907
Q94746655	6000000002765851657
Q94746676	6000000016132782148
Q94746678	6000000065948719833
Q94746738	322838466400007625
Q94746776	6000000004097643920
Q94746956	6000000008469547449
Q94746971	6000000013548658546
Q94747025	6000000013061893484
Q94747067	6000000025832300921
Q94747096	6000000176332290839
Q94747105	6000000113081292821
Q94747192	6000000013609036620
Q94747196	6000000099922101879
Q94747237	6000000022875050058
Q94747301	6000000086048061892
Q94747318	6000000048301926969
Q94747331	6000000066283312849
Q94747356	6000000015242599920
Q94747414	6000000180916070828
Q94747451	5198064485380031588
Q94747498	6000000019682048194
Q94747518	6000000010557981031
Q94747558	6000000035209440961
Q94747577	6000000090144357964
Q94747591	6000000028063269770
Q94747594	6000000026999404821
Q94747641	6000000084648034979
Q94747648	6000000018809424724
Q94747715	6000000055284528901
Q94747747	6000000026827832582
Q94747791	6000000026300660042
Q94747812	6000000063562547942
Q94747843	6000000002764365918
Q94747875	6000000079352527843
Q94747907	6000000027341507246
Q94747916	6000000010584607457
Q94748279	6000000020376446011
Q94748354	6000000071113342981
Q94748365	6000000091718971891
Q94748399	6000000142444424181
Q94748406	6000000039673344543
Q94748413	6000000023416870718
Q94748608	6000000021713596483
Q94748677	6000000000720008953
Q94748697	6000000008202850634
Q94748720	6000000024378553845
Q94748721	6000000010667458371
Q94748723	6000000039552351233
Q94748951	6000000011634367988
Q94748984	6000000118339532821
Q947492	6000000009545704787
Q94749300	6000000016757247604
Q94749316	6000000033500335321
Q94749319	6000000079333185961
Q94749334	6000000180852177010
Q94749338	6000000022875093909
Q94749580	6000000022468840505
Q94749607	6000000014583371162
Q94749896	6000000040979597021
Q94749911	6000000069569882086
Q94749915	6000000051376330937
Q94749956	6000000008103485403
Q94749968	6000000004097477547
Q94749990	6000000051439147986
Q94750276	6000000025439584589
Q94750281	6000000019735639527
Q94750286	6000000047583847875
Q94750399	6000000018236801422
Q94750399	6000000157675464821
Q94750483	6000000016184595080
Q94750513	6000000026080033400
Q94750686	6000000069293337844
Q94750703	6000000079009756292
Q94750727	6000000040203115157
Q94750738	6000000083501771927
Q94750929	6000000035195856935
Q94750952	6000000175050052914
Q94750971	6000000138932315225
Q94751006	6000000019993181246
Q94751228	6000000126500536848
Q94751232	6000000020372910592
Q94751234	6000000024930003068
Q94751256	6000000040163437237
Q947514	6000000029044201953
Q94751410	6000000034517032019
Q94751455	6000000032178417859
Q94751503	6000000185110331846
Q94751522	6000000025123715261
Q94751540	6000000016822606092
Q94751554	6000000016236132532
Q94751555	6000000002764435913
Q94751597	6000000015541396085
Q94751603	6000000068729690821
Q94751645	6000000015651885633
Q94751738	6000000078550937645
Q94751759	6000000181026641862
Q94751771	6000000052322021850
Q94751786	6000000030229580276
Q94751954	6000000202495507904
Q94751969	6000000025474577632
Q94751980	6000000007890085039
Q94752084	6000000001807427194
Q94752092	6000000112665463934
Q94752114	6000000018858317119
Q94752116	6000000006595196259
Q94752118	6000000052181159821
Q94752153	6000000027067060408
Q94752167	6000000027257247685
Q947522	6000000013999459278
Q94752321	6000000020838431618
Q94752342	6000000024307092963
Q94752495	6000000059449423052
Q94752524	6000000024390809032
Q94752616	6000000020069256019
Q94752698	6000000115563400826
Q94752798	6000000054426923302
Q94752808	6000000002764690963
Q94752815	6000000035707940345
Q94752820	6000000023524973804
Q94752891	6000000035222177459
Q94752897	6000000043254142025
Q94752898	6000000008595233903
Q94752902	4716678715840026364
Q94752907	6000000001007116155
Q94752931	6000000009954670466
Q94752936	6000000059710634954
Q94752950	6000000023356862851
Q94752962	6000000002765851136
Q94752985	6000000091037280842
Q94752993	6000000034630924357
Q94753021	6000000025538349702
Q94753030	6000000018189862605
Q94753054	6000000023348950399
Q94753055	6000000091843763016
Q94753070	6000000018591216428
Q94753277	6000000019642022324
Q94753324	6000000014330528082
Q94753554	6000000023828614407
Q94753686	6000000088237467903
Q94753739	6000000172860569822
Q94753744	6000000082012317821
Q94753768	6000000024288047811
Q94753946	6000000037698735842
Q94754043	6000000095629420062
Q94754080	6000000174370846936
Q94754282	6000000013461865180
Q94754295	6000000058454171855
Q94754306	6000000012428957619
Q94754545	6000000046369956837
Q94754712	6000000002764365751
Q94754712	6000000038576111681
Q94754924	6000000104976656856
Q94754938	6000000016215666979
Q94754953	6000000010582978286
Q94754992	6000000083709129903
Q94755030	6000000024152605917
Q94755047	6000000030749255895
Q94755065	6000000077727802306
Q94755067	6000000018727738237
Q94755098	6000000051216906995
Q94755163	6000000013506754117
Q94755192	6000000027452283440
Q94755251	6000000010612051634
Q94755356	6000000006014001006
Q94755495	6000000025996289426
Q94755616	6000000002639168853
Q94755638	6000000005037301410
Q94755690	6000000078381459080
Q94755733	6000000002605598407
Q94756141	6000000036836242822
Q94756157	6000000010677335800
Q94756166	6000000028786004595
Q94756168	6000000047359575835
Q94756339	6000000023297670238
Q94756683	6000000033726254450
Q94756897	6000000000128821247
Q94756899	6000000018739000046
Q94757169	6000000007014427245
Q94757206	6000000010483217291
Q94757209	6000000039276820882
Q94757313	6000000015495453764
Q94757379	6000000024194786216
Q94757577	6000000022220549146
Q94757596	6000000006727780525
Q94757713	6000000100564442821
Q94757729	6000000004097556195
Q94757840	6000000023033671631
Q94758007	6000000027362129950
Q94758057	6000000168178131067
Q94758283	6000000180838059826
Q94758387	6000000040475209318
Q94758427	6000000007372435868
Q94758431	6000000007382519405
Q94758436	6000000007368421555
Q94758486	6000000180855194877
Q94758488	6000000180856413821
Q94758494	6000000002764488007
Q94758582	6000000149241075846
Q94758790	6000000033956814305
Q94758802	6000000002188559408
Q94758839	6000000029146079990
Q94759086	6000000022304104939
Q94759380	6000000033002405231
Q94759643	6000000013506516416
Q94759818	6000000013351303676
Q94760009	6000000007242924250
Q94760068	6000000013116446113
Q94760247	6000000027726133349
Q94760269	6000000006922106808
Q94760479	6000000034299559096
Q94760481	6000000084002307846
Q94760523	6000000002802209676
Q94760686	6000000084108344851
Q94760788	6000000001085223017
Q94760922	6000000011043009274
Q94760929	5044942942110028139
Q94760998	6000000050886247928
Q94761001	6000000026827215306
Q94761057	6000000135792558829
Q94761070	6000000019001258554
Q94761094	6000000176117646821
Q94761188	6000000002764505115
Q94761226	6000000029324505973
Q94761242	6000000026727413577
Q94761275	6000000027705289235
Q94761333	6000000011299892667
Q94761335	6000000037131472329
Q94761374	6000000024236903298
Q94761421	6000000021089050344
Q94761433	6000000003283204121
Q94761440	6000000022626740082
Q94761443	6000000002300018320
Q94761446	6000000047445927247
Q94761447	6000000050996779908
Q94761516	6000000036908745651
Q94761517	6000000002263023407
Q94761523	6000000016174491456
Q94761579	6000000052409926833
Q94761608	6000000002765603715
Q94761696	6000000017859274365
Q94761758	6000000025358367026
Q94762022	6000000075952036877
Q94762215	6000000018908607161
Q94762248	6000000040715918990
Q94762293	6000000035306933453
Q94762513	6000000002280097475
Q94762755	6000000024505991186
Q94762781	6000000074808344833
Q94762937	6000000013970561046
Q94762940	6000000057249699977
Q94762981	6000000024513199199
Q94762997	6000000018857955004
Q94763000	5576608461750102951
Q94763150	6000000024941298920
Q94763182	6000000028608329953
Q94763406	6000000021356885450
Q94763458	6000000003024491291
Q94763459	6000000024390458381
Q94763477	6000000020960103314
Q94763565	6000000012141723654
Q94763685	6000000020677572015
Q94763688	6000000010209587753
Q94763720	6000000182344903367
Q94763818	6000000017655143103
Q94763839	6000000142897395833
Q94763998	6000000041106981085
Q94763999	6000000020408209872
Q94764082	6000000121020628875
Q94764091	6000000121020179844
Q94764092	6000000121014215229
Q947641	6000000003219788844
Q94764142	6000000125102699821
Q94764147	6000000171723787128
Q94764157	6000000194545384849
Q94764167	6000000047238358680
Q94764188	6000000055530357006
Q94764188	6000000136198487821
Q94764401	6000000079881438932
Q94764424	6000000015625136863
Q94764429	6000000004097755022
Q94764430	6000000059827429524
Q94764626	6000000002678634287
Q94764629	6000000020297531030
Q94764647	6000000078070841156
Q94764933	6000000178625931975
Q94764956	6000000003887005139
Q94764965	6000000006873114467
Q94765100	6000000049964360330
Q94765106	6000000038888447764
Q94765133	6000000018202921449
Q94765157	6000000009439839013
Q94765315	6000000016560383440
Q94765367	6000000177301657835
Q94765379	6000000096340879941
Q94765407	6000000025144066178
Q94765593	6000000020960097217
Q94765809	6000000066764615847
Q94765811	6000000000793242065
Q94765824	6000000016432233074
Q94765825	6000000017415666483
Q94766072	6000000011228181847
Q94766089	6000000016073879472
Q94766122	4112913623480029781
Q94766235	6000000081593124847
Q94766271	6000000035208756013
Q94766318	6000000006196321448
Q94766320	6000000008511126499
Q94766349	6000000013634096505
Q94766355	6000000103390749169
Q94766444	6000000052321400179
Q94766588	6000000189511320851
Q94766630	6000000090666527210
Q94766638	6000000009686953721
Q94767446	6000000077073651908
Q94767450	6000000022202281077
Q94767477	6000000064890041829
Q94767487	6000000039351717222
Q94767504	6000000030259731557
Q94767636	6000000023482116307
Q94767639	6000000022643298414
Q94767662	6000000151379273083
Q94767712	6000000057156438859
Q94767950	6000000081864323840
Q94768167	6000000067440605827
Q94768175	6000000024144244442
Q94768202	6000000074077599039
Q94768332	6000000000171706006
Q94768351	6000000045996391871
Q94768373	6000000048663873925
Q94768375	6000000049328641858
Q94769111	6000000017222285001
Q947693	6000000020628536502
Q947695	6000000008180872317
Q94769564	6000000141735632821
Q94769778	6000000015645249668
Q94769781	6000000009366887857
Q947698	6000000040052044210
Q94769820	6000000059422323946
Q94769945	6000000027008432824
Q94769952	6000000008849275743
Q94770016	6000000022921490606
Q94770025	6000000022921960048
Q94770027	6000000022921134027
Q94770082	6000000021357024245
Q94770135	6000000019165269725
Q947708	6000000008897345697
Q94771477	6000000080562166107
Q94771496	6000000030033443999
Q94771498	6000000043203898022
Q94771511	6000000013441229465
Q94771516	6000000013521977470
Q94771528	6000000026518145421
Q94771610	6000000177115282865
Q94771611	6000000022808094248
Q94771683	6000000004097643407
Q94771712	6000000013309730966
Q94771720	6000000010592879510
Q94771787	6000000015975384126
Q94771791	6000000031194273320
Q94771792	6000000031194263053
Q94771793	6000000031171767198
Q94771804	6000000020776954526
Q94772024	6000000025272662834
Q94772038	6000000026492738148
Q94772042	6000000026108637511
Q94772067	6000000025155515988
Q94772085	6000000018204565286
Q94772297	6000000031247600658
Q94772508	6000000017410897258
Q94772522	6000000018605632259
Q94772568	6000000016317317189
Q94772583	6000000002764908857
Q947726	6000000003645864063
Q94772865	298888103100006395
Q94773292	6000000042184332028
Q94773332	6000000014673954467
Q94773443	6000000007537209311
Q94773518	6000000017970491281
Q94773527	6000000012201281229
Q94773529	6000000016276941391
Q94773531	6000000012085848243
Q94773558	6000000010304821160
Q94773563	6000000015979966654
Q94773577	6000000015579302709
Q94773581	6000000014653257532
Q94773605	6000000009374313584
Q94773611	6000000026175584930
Q94773620	6000000036313199234
Q94773789	6000000011569739726
Q94773792	6000000025661356707
Q94773805	6000000014064688486
Q94773817	6000000076718886098
Q94774058	6000000022643428457
Q94774077	6000000011318262221
Q94774144	6000000011301833627
Q94774160	6000000036466957050
Q94774166	6000000018113304449
Q94774167	6000000016867313621
Q94774169	6000000012798130206
Q94774172	6000000079238026080
Q94774175	6000000011320527096
Q94774179	6000000008576478291
Q94774193	6000000025308486355
Q94774241	6000000186673674937
Q94774337	6000000078665924843
Q94774358	6000000001829510160
Q94774362	6000000002955241898
Q94774366	6000000002765855921
Q94774399	6000000037741143942
Q94774400	6000000014310213785
Q94774404	6000000193909283860
Q94774432	6000000031473580847
Q94774500	6000000011805327975
Q94774501	6000000010600925236
Q94774562	6000000028142153947
Q94774754	6000000012231009347
Q94774798	6000000088975115833
Q94774941	6000000019969492998
Q94775021	6000000022635509333
Q94775168	6000000036371444979
Q94775181	6000000002764431391
Q94775221	6000000028957646210
Q94775222	6000000012974393476
Q94775225	6000000010091931078
Q94775253	6000000013548996214
Q94775368	6000000022202508996
Q94775401	6000000026146597112
Q94775405	6000000007759114855
Q94775416	6000000028279355015
Q94775416	6000000182770218840
Q94775419	6000000007651825262
Q94775428	6000000020988355335
Q94775658	6000000072717565945
Q94775671	6000000040979958541
Q94775836	6000000002678649168
Q94776045	6000000023997326643
Q94776049	6000000054163343995
Q94776088	6000000022290257552
Q94776091	6000000031755241360
Q94776266	6000000008426201165
Q94776349	6000000077915356745
Q94776474	6000000009078441517
Q94776489	6000000073351334944
Q94776533	6000000034833517450
Q94776536	6000000002802349661
Q947766	6000000062462709054
Q94776729	6000000023963588981
Q94776936	6000000006337629235
Q94776945	6000000023415440944
Q94777009	6000000056283834935
Q94777174	6000000173099479159
Q94777364	6000000180669224849
Q94777560	6000000011042070481
Q947776	6000000000628851879
Q94777605	6000000026378864415
Q94777748	6000000010270776466
Q94777777	6000000043258605066
Q94777814	6000000008447269762
Q94777820	6000000056263111150
Q94777826	6000000007445198836
Q94777833	6000000015720863289
Q94778012	6000000026700075218
Q94778028	6000000065116504821
Q94778031	6000000038737026926
Q94778033	6000000129467512349
Q94778250	6000000022394533739
Q94778371	6000000012884411005
Q94778695	6000000046708272929
Q94778856	6000000021649688429
Q947789	6000000024655054274
Q947790	6000000011750901957
Q947791	6000000003077054529
Q94779107	6000000028110441838
Q94779107	6000000205347856943
Q94779112	6000000023701224382
Q94779700	6000000004590137188
Q94779704	6000000002765080589
Q94779962	6000000007437237196
Q94779987	6000000088608497855
Q947800	6000000010554771936
Q94780739	6000000023950030133
Q94780998	6000000003756875804
Q94781001	6000000019066354715
Q94781012	6000000012492185512
Q94781685	5666203480500088275
Q94781890	6000000180872891906
Q94782016	6000000020721253077
Q94782050	6000000014070814309
Q94782088	6000000000886388182
Q94782125	6000000038913060189
Q94782194	6000000011205047831
Q94782221	6000000045235916043
Q94782255	6000000034023617702
Q94782257	6000000033150398951
Q94782262	6000000022946219746
Q94782264	6000000034030368108
Q94782265	6000000022658357307
Q94782268	6000000022658155087
Q94782345	6000000010152996894
Q94782370	6000000102413756834
Q94782395	6000000026969447543
Q94782397	6000000018388618926
Q94782398	6000000002021081389
Q94782432	6000000084664043280
Q94782453	6000000002021048509
Q94782455	6000000018202726066
Q94782487	6000000024116356902
Q94782591	6000000014980163337
Q94782654	6000000035154442830
Q94783033	6000000040414203521
Q94783054	6000000041284125475
Q94783265	6000000020420180389
Q94783291	6000000060782399045
Q94783314	6000000059860031870
Q94783325	6000000001792316389
Q94783330	6000000021837110410
Q94783334	6000000095850008821
Q94783500	6000000070002895823
Q94783807	6000000028397897516
Q94784009	6000000023838474214
Q94784218	6000000088607270147
Q94784228	6000000088608604933
Q94784783	6000000015752058668
Q94784931	6000000059184025829
Q94784949	6000000018388466198
Q94785291	6000000040680220399
Q94785315	6000000023195381901
Q94785320	6000000011255378810
Q94785480	6000000058026697839
Q94785501	6000000026226239236
Q94785508	6000000082014535951
Q94785537	6000000020789093309
Q94785692	6000000020448229637
Q94785946	6000000020108255251
Q94786250	6000000088670547850
Q947865	6000000052879199021
Q94786593	6000000081132382905
Q94786597	6000000037829401905
Q94786599	6000000190719791824
Q94786689	1620414
Q94786758	6000000036372281069
Q94787084	6000000072082942843
Q94787237	6000000012515897453
Q94787289	6000000147079735913
Q94787306	6000000014102290889
Q94787322	6000000016294247009
Q94787397	6000000009617688502
Q94787438	6000000195111758840
Q94787441	6000000024863005847
Q94787442	6000000195109954888
Q94787475	6000000078251238148
Q947875	6000000174326895019
Q94787580	6000000052825557274
Q94787604	6000000013083443268
Q94787680	6000000018172961581
Q94787943	6000000007014440177
Q94787945	6000000007014377000
Q94787946	6000000007847680117
Q94787996	6000000016363671950
Q94788132	6000000018065862232
Q94788304	6000000009533338168
Q94788308	6000000019118778768
Q94788324	6000000085488532834
Q94788342	6000000059782740832
Q94788362	6000000037606549046
Q94788442	6000000025890096543
Q94788467	6000000014093790886
Q94788499	6000000020801613651
Q94788538	6000000008267115961
Q94789389	6000000066557280981
Q94789394	6000000023981552225
Q94789417	6000000018144618252
Q94789486	6000000078743967271
Q94789595	6000000014158240149
Q94789603	6000000003349786132
Q94789672	6000000024975605720
Q94789676	6000000026053830876
Q94789808	6000000022437129934
Q94789863	6000000030997955269
Q94790035	6000000016758001631
Q94790052	6000000009717084873
Q94790456	6000000008420285706
Q94790475	6000000059451416273
Q94790624	6000000071690450926
Q94790823	6000000036215477422
Q947911	6000000012748525318
Q94791243	6000000025124740274
Q94791271	6000000017299230180
Q94791427	6000000025095481229
Q94791481	6000000094404715833
Q94791567	6000000011842024678
Q94791569	6000000021051026654
Q94791708	6000000016428303776
Q94791740	6000000113728063925
Q94791970	6000000025745996492
Q94792175	6000000023871438098
Q94792342	6000000115314193913
Q94792416	6000000061167846844
Q94792419	6000000169917032821
Q94792625	6000000093910230664
Q947935	6000000003107462931
Q94794244	6000000019373173820
Q94794465	6000000141369381992
Q94794511	6000000026394012578
Q94794523	6000000002764860148
Q94794675	6000000056519113473
Q94794789	6000000030899361863
Q94794813	6000000080766780854
Q94794834	6000000002802152031
Q94795009	6000000038851771327
Q947952	6000000010554706977
Q94795207	6000000130565665857
Q94795216	6000000011502812151
Q94795218	6000000130566611829
Q94795897	6000000012471615739
Q94795967	6000000024739208292
Q94796304	6000000016175426046
Q94796307	6000000013737289527
Q94796518	6000000027236517889
Q94796524	6000000007398451511
Q94796551	6000000027236247364
Q94796721	6000000009034999020
Q947968	6000000172817299562
Q94796995	6000000081330068123
Q94797401	6000000006286136639
Q94797409	6000000024753598298
Q94797846	6000000022455111850
Q94797875	6000000033335950083
Q94798205	6000000022258083353
Q94798208	6000000022258167658
Q94798412	6000000039620194313
Q947986	6000000173366575719
Q94798800	6000000020602589198
Q94799369	6000000027009631261
Q94799573	6000000215161247826
Q94799855	6000000008447568249
Q94799864	6000000024193008646
Q94800333	6000000033945556434
Q94800491	6000000047864469221
Q948005	6000000009526252335
Q94800536	6000000020716110473
Q94801205	6000000041826647926
Q94801209	6000000028734773195
Q94801451	6000000028439661290
Q94801614	6000000034349626639
Q94801650	6000000018367674557
Q94801670	6000000067430615824
Q94802241	6000000185336817847
Q94802407	6000000016551506652
Q94802587	6000000000254793789
Q94802589	6000000037153740044
Q94802809	6000000016232107034
Q94802951	6000000005368341004
Q94802956	6000000013294382237
Q94802986	6000000000645748534
Q94803484	6000000012137165676
Q94803661	6000000038888734645
Q94803688	6000000004097893966
Q94803691	6000000004097893975
Q94803694	6000000139386553841
Q94803868	6000000052197020833
Q94804405	6000000066766056194
Q94804406	6000000066763319271
Q94804419	6000000061555187822
Q94804421	6000000021356818624
Q94804463	6000000023474225536
Q94804473	6000000116533708892
Q94804638	6000000002764953560
Q94804659	6000000081963620019
Q94804686	6000000115256265957
Q94804697	6000000084420374598
Q948049	6000000034793404848
Q94805076	6000000065229798874
Q94805109	6000000000124121055
Q94805110	6000000003295143595
Q94805274	6000000025055807246
Q94805275	6000000031377114874
Q94805306	6000000011231817272
Q94805328	6000000026727235652
Q94805329	6000000026727230343
Q94805344	6000000050607126959
Q94805523	6000000017258804877
Q94805538	6000000074334310967
Q94805592	6000000028867484733
Q94805734	6000000015906352904
Q948058	5146964965100024523
Q94805902	6000000013166269097
Q94805942	6000000073510271907
Q94806034	6000000179703687837
Q94806163	6000000004566868035
Q94806209	6000000056293859026
Q94806212	6000000056293719044
Q94806256	6000000015760538604
Q94806301	6000000071808810877
Q94806303	6000000025607283980
Q94806368	6000000041422588214
Q948065	6000000009408372336
Q94806510	6000000012063990457
Q94806541	6000000013522617151
Q94806586	6000000025644396172
Q94807054	6000000028973127216
Q94807119	6000000013678742549
Q94807348	6000000022389949469
Q94807354	6000000006157305172
Q94807355	6000000024917719836
Q94807366	6000000028932830965
Q94807610	6000000025080023850
Q94807948	6000000050972417017
Q94808127	6000000011243289494
Q94808137	6000000011239897014
Q94808161	6000000011243300319
Q94808192	6000000011240713519
Q94808881	6000000020339512699
Q94808939	6000000014962495736
Q94808943	6000000027022447028
Q94808961	6000000064487902188
Q94808976	6000000004402156903
Q94809178	6000000006127817424
Q94809213	6000000007014440607
Q94809243	6000000018786836985
Q948093	6000000026725312888
Q94809466	6000000022189981309
Q94809717	6000000015601495001
Q94809948	6000000024255265432
Q94810215	6000000060703144943
Q94810403	6000000020486526341
Q94810410	6000000007014454579
Q94810465	6000000042065141649
Q94810584	6000000076977004867
Q94810589	6000000054936818821
Q94810596	6000000083932180104
Q94810607	6000000002802743468
Q94810621	6000000021468340021
Q94810825	6000000000598736898
Q94811072	6000000179286770823
Q94811078	6000000013968220570
Q94811297	6000000024972269972
Q94811344	6000000181758272831
Q94811545	6000000014593000930
Q94811837	6000000010289234634
Q948122	6000000073620098851
Q94812543	6000000039161865262
Q94813007	6000000025847167638
Q94813270	6000000176950970869
Q948134	6000000007560455060
Q94813503	6000000030481726009
Q94813538	6000000023851526333
Q94813546	6000000023854384378
Q94813810	6000000089660194928
Q94813820	6000000005582515093
Q94814207	6000000031997724134
Q94814265	6000000080653783083
Q948143	6000000037914240124
Q94815061	6000000017298776715
Q94815328	6000000196796505867
Q94815640	6000000013475316442
Q94815905	6000000010501510483
Q94815967	6000000054024151932
Q94816148	6000000079399553977
Q94816165	6000000002141675069
Q94816173	6000000033790435452
Q94816197	6000000095708475866
Q94816199	6000000022629806826
Q94816200	6000000055249106847
Q94816350	6000000022629816081
Q94816359	6000000022629757900
Q94816359	6000000094824457833
Q94816361	6000000025424425490
Q94816852	6000000083109534138
Q94816865	6000000012884603327
Q94816903	6000000101278719945
Q94816910	6000000002108593279
Q94817381	6000000057335857136
Q94818169	6000000026089296457
Q94818383	6000000177037197822
Q94818401	6000000033684721990
Q94818444	6000000020960152535
Q94818613	6000000002765848483
Q94819306	6000000024020107296
Q94819340	6000000007313010660
Q94819354	6000000040730333952
Q94819510	6000000027774559643
Q94819515	6000000027774900976
Q94819565	6000000004262252067
Q94819742	6000000016476246291
Q94819744	6000000019001356485
Q94819832	6000000037378643408
Q94820006	6000000013740587714
Q94820015	6000000086424110877
Q948201	6000000065175125862
Q94820252	6000000182656937999
Q94820527	6000000029860868008
Q94820706	6000000016965004419
Q94820715	6000000010657549157
Q94820782	6000000007406234258
Q94820932	6000000005170050024
Q94820936	6000000111187826843
Q94820946	6000000079241062015
Q94820984	6000000024681076013
Q94821382	6000000034560044954
Q94821617	6000000047167489989
Q94821857	6000000095881926847
Q94821879	6000000182321779860
Q94822082	6000000025374047977
Q94822111	6000000006196223262
Q94822139	6000000002765038880
Q94822163	6000000027895039490
Q94822661	6000000014607911521
Q948234	6000000173547170857
Q94823432	6000000018593815710
Q94823459	6000000059554593932
Q94824053	6000000024801184057
Q948246	6000000038248454462
Q94824666	6000000043924915357
Q94824688	6000000027710992520
Q94824702	6000000030768901733
Q94824909	6000000111113463822
Q94825002	6000000016290352302
Q94825172	6000000184383982897
Q948252	6000000012896186061
Q94825205	6000000019920139109
Q94825235	6000000070593146918
Q94825244	6000000015152563730
Q94825478	6000000014331485860
Q94825652	6000000035155709096
Q94825664	6000000023295325934
Q94825676	6000000178611452824
Q94825708	6000000100813233853
Q94825915	6000000006196241085
Q94825934	6000000008773038194
Q94826182	6000000012513536878
Q94826203	6000000007014458080
Q94826420	6000000010129925243
Q94826707	6000000024581803764
Q94826718	6000000083778374838
Q94826983	6000000031671181314
Q948270	6000000075406486826
Q94827225	6000000041094845070
Q94827231	6000000017229184526
Q94827471	6000000043027093141
Q94827707	6000000183203554826
Q94827936	6000000017773926484
Q94827941	6000000021606035678
Q94828001	6000000039506688159
Q94828171	6000000030621414192
Q948282	6000000046504157244
Q94828469	6000000070700976946
Q948286	6000000179044125822
Q94828702	6000000037265664949
Q94828914	6000000019934647129
Q94828932	6000000002802221862
Q94829133	292507096290008463
Q94829331	6000000015356492346
Q94829357	6000000028706021429
Q94829614	6000000004111205932
Q94829634	6000000031262929511
Q94829814	6000000011630402178
Q94829816	6000000002332994333
Q94830094	6000000014028001084
Q94830159	6000000026617824984
Q94830341	6000000010420929182
Q94830559	6000000018136440388
Q94830574	6000000024788167009
Q94830650	6000000021806464245
Q94830869	6000000067459315841
Q94831	6000000016118004671
Q94831076	6000000135732111845
Q94831085	6000000176459634831
Q94831094	6000000026177663948
Q94831136	6000000016704651548
Q94831307	6000000012998473421
Q94831312	6000000006623330001
Q94831323	6000000017784444453
Q94831365	6000000031036098511
Q94831559	6000000019490281430
Q94831776	6000000023700590598
Q94831780	6000000030145086098
Q94832014	6000000006847218097
Q94832264	6000000077189978853
Q94832325	6000000020808264328
Q94832333	6000000032746619059
Q948324	6000000012653571343
Q94833367	6000000012335221121
Q948335	6000000146488430839
Q94833574	6000000175603985837
Q94833633	6000000024247488427
Q94833902	6000000009716497050
Q94833923	6000000009716948302
Q94834352	6000000103508448823
Q94834480	6000000054428576103
Q94834558	6000000017993340396
Q94834567	6000000016914047647
Q94834799	6000000001240587041
Q948349	6000000137559354821
Q94834993	6000000022802894599
Q94835194	6000000035069197899
Q94835216	6000000024694504736
Q94835386	6000000014250440431
Q94835595	6000000173200447833
Q94835598	6000000023348454363
Q94835849	6000000014765112976
Q94836242	6000000025752966594
Q94836307	6000000034135020711
Q94836315	6000000028874505180
Q94836320	6000000007702223793
Q94836518	379565
Q94836750	6000000097701156928
Q94836799	6000000026235568944
Q94836803	6000000016155603311
Q94836987	6000000026089696362
Q94837172	6000000094187067976
Q94837224	6000000054677146904
Q94837405	6000000054917315995
Q94837535	6000000064155628836
Q94837538	6000000049008221862
Q94837578	6000000021253563802
Q94837605	6000000023287098258
Q94837943	6000000013196769895
Q94837966	6000000025076854225
Q94838303	6000000157588701857
Q94838793	6000000025633760494
Q94838937	6000000100243446984
Q94838966	6000000007014406197
Q94839118	6000000025579073055
Q94839166	6000000022771489488
Q94839170	6000000014566792301
Q94839297	6000000002764519265
Q94839304	6000000178162651850
Q94839356	6000000073046277104
Q94839494	6000000178616408847
Q94839532	6000000077639936263
Q948396	6000000000554815042
Q94839702	6000000057055781115
Q94839745	6000000118431397827
Q94839898	6000000011336151255
Q94840068	6000000085733228893
Q94840086	6000000041550453642
Q94840258	6000000085733228883
Q948403	6000000071715692867
Q94840432	6000000028646759818
Q94840478	6000000041579933482
Q94840500	6000000006196296640
Q94840640	6000000179156394856
Q94840879	6000000004097377057
Q94840888	6000000024913766971
Q94840899	6000000040625575987
Q94841182	6000000020276040984
Q94841358	6000000025088945231
Q94841411	6000000002765855913
Q94841415	6000000015447377761
Q94841432	6000000016828713017
Q94841576	6000000024638391888
Q94841604	6000000002764361614
Q94841650	6000000014961611780
Q94841877	6000000019884312316
Q94842033	6000000074759788898
Q94842034	6000000026518721693
Q94842205	6000000120699701924
Q94842245	6000000038495586054
Q94842249	6000000054428756063
Q94842440	6000000058523266163
Q94842736	6000000057279202165
Q94842793	6000000103214680905
Q94842821	6000000015521430503
Q94843132	6000000104694479044
Q94843152	6000000031641310986
Q94843195	6000000021655181660
Q94843337	6000000012588404509
Q94843351	6000000077893246265
Q94843408	6000000141653909822
Q94843416	6000000000598249629
Q94843583	6000000077257316853
Q94843600	6000000026451984587
Q94843639	6000000133956946929
Q94844050	3767061
Q94844238	6000000056494771836
Q94844272	6000000038495668085
Q94844666	6000000083423138350
Q94844743	6000000007192250999
Q94844888	6000000018571871369
Q94844952	6000000006312841006
Q94845104	6000000021548041261
Q94845106	6000000043575190847
Q94845137	6000000014885661493
Q94845145	6000000016447440393
Q94845154	6000000038085030334
Q94845342	6000000002775795178
Q948455	6000000175262151277
Q94845515	6000000078704386941
Q94845978	6000000090538854856
Q94846021	6000000029705058754
Q94846230	6000000018710718695
Q94846277	6000000002802407174
Q94846280	6000000029565928987
Q94846415	6000000018940807040
Q94846439	6000000016792663143
Q94846440	6000000018940485018
Q94846825	6000000016511493645
Q94846828	6000000074226243832
Q94846830	6000000109790352972
Q94846984	6000000020769839405
Q94847164	6000000046968630885
Q94847168	6000000011884113222
Q94847175	6000000090661323821
Q94847179	6000000054124567917
Q94847354	6000000023252890528
Q94847366	6000000181027189852
Q94847385	6000000015424412588
Q94847577	6000000026247957463
Q94847599	6000000037051819943
Q94847781	6000000077243721212
Q94847927	6000000180450003851
Q94848359	6000000122976852821
Q94848360	6000000007094023276
Q94848378	6000000015392049087
Q94848397	6000000138845447835
Q94848576	6000000104501961828
Q94848706	6000000013102366887
Q94848710	6000000013490794105
Q94848716	6000000100747588965
Q94848751	6000000027469858202
Q94848890	6000000013059954011
Q94849111	6000000179283550822
Q94849365	6000000110452941981
Q94849506	6000000035063725280
Q94849719	6000000019842212285
Q94849745	6000000024543174750
Q94850237	6000000023539872877
Q94850312	6000000022714390572
Q94850795	6000000016661608451
Q94850806	6000000016698165038
Q94850814	6000000016661210803
Q94850816	6000000064811310014
Q94850865	6000000009695555947
Q94850875	6000000025000162908
Q94851	6000000190220774979
Q94851571	6000000018622741701
Q94851814	6000000038963024162
Q94852021	6000000012885497381
Q94852045	6000000043721574270
Q94852231	6000000061519107353
Q94852333	6000000008962144145
Q94852395	6000000194549108845
Q94852431	6000000034089549869
Q94852592	6000000077428577579
Q94852593	6000000132403482028
Q94852789	6000000037926188760
Q94852914	6000000074287049895
Q94852971	6000000022277480599
Q94852978	6000000054841716834
Q94852993	6000000034168912064
Q94853106	6000000032034561890
Q94853334	6000000176308801861
Q94853540	6000000000668660888
Q94853695	6000000013796444150
Q94853728	6000000064784836967
Q94853733	6000000034882025180
Q94853755	6000000167265801177
Q94853882	6000000081970136195
Q94853908	6000000023851788747
Q94854060	6000000113728063905
Q94854103	6000000176800819821
Q94854123	6000000036315208410
Q94854130	6000000028748154830
Q94854300	6000000029450813849
Q94854439	6000000087613088182
Q94854466	6000000073609359849
Q94854468	6000000073357947869
Q94854490	6000000182593825854
Q94854525	6000000067509587879
Q94854629	6000000054687714078
Q94854657	6000000011313823562
Q94854824	6000000026480676853
Q94854886	6000000011662723513
Q94855000	6000000037211548669
Q94855189	6000000002273208636
Q948553	6000000069421763036
Q94855560	6000000041220351525
Q94855641	6000000015465404084
Q94855704	6000000023384248831
Q94855750	6000000025207843174
Q94855758	6000000025970179197
Q94855803	6000000011382597253
Q94855978	6000000047180528870
Q94855987	6000000088499158859
Q94856024	6000000056983113191
Q94856222	6000000082905644060
Q94856266	6000000016549754670
Q94856418	6000000021925920003
Q94856704	6000000031501740330
Q94856714	6000000014292730001
Q948569	6000000006605497221
Q94856907	6000000049532210052
Q94857492	6000000018823141346
Q94857730	6000000022310560300
Q94858021	6000000008420402852
Q94858419	6000000019395057355
Q94858486	6000000025003687116
Q94858647	6000000174046959832
Q94858827	6000000173393199981
Q94859063	4880136632680127230
Q94859099	6000000083548372876
Q94859273	6000000002239752112
Q94859399	6000000009256639265
Q94859435	6000000002764736472
Q94859461	6000000201140112552
Q94859642	6000000055080564993
Q94859766	6000000007619119285
Q94859846	6000000012933029128
Q94859987	6000000076665217851
Q94860007	6000000016877849280
Q94860027	6000000031671352055
Q94860344	6000000025294305264
Q94860417	6000000084521321875
Q94860418	6000000002765065586
Q94860523	6000000018323672821
Q94860531	6000000030918248104
Q94860546	6000000030283537505
Q94860740	6000000000157529907
Q94860901	6000000135327463772
Q94860910	6000000039383263155
Q94860932	6000000026859981297
Q94861100	6000000026796304409
Q94861282	6000000143254022025
Q94861290	6000000008458370703
Q94861315	6000000115440160826
Q94861513	6000000175911090899
Q94861514	6000000078568486079
Q94861668	6000000019921722902
Q948618	6000000029913371352
Q94861895	6000000071267951212
Q94861899	6000000173296883958
Q94862007	6000000010091981621
Q94862079	6000000003454220068
Q94862082	6000000011470418514
Q94862230	6000000028144957162
Q94862272	6000000107818320378
Q94862284	6000000180460765904
Q94862443	6000000003827746919
Q94862524	6000000013562461775
Q94862942	6000000016692193034
Q94862958	3842493
Q94862959	6000000141020173834
Q94863069	3842543
Q94863133	6000000009616855433
Q94863398	6000000039379022507
Q94863573	6000000011135622461
Q94863588	6000000080001090821
Q94863617	6000000028879042491
Q94863786	6000000047884122545
Q94863948	6000000114349111834
Q94864010	6000000022781387856
Q94864027	6000000037146031665
Q94864323	6000000130558748992
Q94864341	6000000064610221918
Q94864360	6000000109705626916
Q94864366	6000000035265607148
Q94864511	6000000078914234896
Q94864684	6000000017200371552
Q94864735	6000000016432414275
Q94864757	6000000128942451925
Q94864871	6000000075299009147
Q94865049	6000000093836767398
Q94865235	6000000038731181839
Q94865253	6000000007014359985
Q94865287	6000000012765668442
Q94865304	6000000017079383315
Q94865459	6000000080204749126
Q94865465	6000000025645588280
Q94865484	6000000057183370899
Q94865651	6000000000452942115
Q94865654	6000000002765047996
Q94865785	6000000007274119608
Q94865802	6000000007014440287
Q94865819	6000000019805426878
Q94866183	6000000078930324055
Q94866551	6000000020153413147
Q94866568	6000000090466584857
Q94866577	6000000000007401102
Q94866745	6000000089082407022
Q94866798	6000000060479315235
Q94866810	6000000026999404829
Q94866938	6000000002764431799
Q94866978	6000000081359820872
Q94866985	6000000007969327553
Q94867176	6000000007316929002
Q94867346	6000000018650941973
Q94867588	6000000077840936821
Q94867629	6000000001658225282
Q94868320	6000000069924916502
Q94868320	6000000115285661034
Q94868332	6000000143896279066
Q94868609	6000000025649623914
Q94868630	6000000136978779054
Q948687	6000000047695644898
Q94868974	6000000015293180207
Q94869055	6000000082995738955
Q94869241	6000000017164491063
Q94869366	6000000031089340811
Q94869412	6000000007993852623
Q94869415	6000000178302430824
Q94869553	6000000076898017995
Q94869596	6000000023235509589
Q948697	6000000035711404198
Q94869795	6000000042208441941
Q94869813	6000000060305572886
Q94869924	6000000029193578129
Q94869938	6000000007014385813
Q94869943	6000000009976810449
Q94869945	6000000041479595906
Q94869990	6000000093239734821
Q94870001	6000000040348641215
Q948705	6000000007323954313
Q94870544	6000000035046906875
Q94870572	6000000058009189923
Q94870597	6000000010039950782
Q94870805	6000000026810265020
Q94870806	6000000055287159955
Q94870819	6000000171767539840
Q94870823	6000000015349357780
Q94870844	6000000014515929177
Q94870866	6000000013487016312
Q94871042	6000000180763135886
Q94871054	6000000084318770830
Q94871090	6000000139465068092
Q94871095	6000000032375587818
Q94871102	6000000005572474644
Q948713	6000000004170305961
Q94871341	6000000036594276003
Q94871752	6000000003082198100
Q94871993	6000000012611067569
Q94872002	6000000022698771268
Q94872111	6000000068030349877
Q94872138	6000000033427776505
Q94872172	6000000149457507937
Q94872178	6000000024958428812
Q948723	6000000171495493845
Q94872316	6000000012402306597
Q94872512	6000000033211911447
Q94872674	6000000022817877089
Q94872853	6000000012626984893
Q94872890	6000000015939552184
Q94872923	6000000179458700829
Q94873267	6000000020961823711
Q94873284	6000000012997539951
Q94873309	6000000018079086612
Q94873474	6000000013868899793
Q94873626	6000000085520520061
Q94873790	6000000128649341981
Q94873808	6000000049307954850
Q94873979	6000000004097643914
Q94874161	6000000029322851138
Q94874176	6000000041815946602
Q94874231	6000000024213711015
Q94874429	6000000014687637200
Q94874737	6000000061519712075
Q94874767	6000000058816141075
Q94875083	6000000039971240467
Q94875144	6000000017124673560
Q94875454	6000000021522404984
Q94875484	6000000177094706823
Q94875704	6000000024158064531
Q94875705	6000000003030177466
Q94875714	6000000013860876479
Q94875868	6000000015712265483
Q94875890	6000000036142348917
Q94875894	6000000027817468967
Q94876055	6000000008430841059
Q94876191	6000000012329196378
Q94876590	6000000125222060865
Q94876591	6000000015877488522
Q94876643	6000000000688940990
Q94877123	6000000024108228126
Q94877170	6000000175129195993
Q94877304	6000000015936782037
Q94877350	6000000180774914831
Q94877355	6000000043489070868
Q94877361	6000000007271678399
Q94877375	6000000204829078112
Q94877544	6000000064846478866
Q94877709	6000000048733274943
Q94877742	6000000173562231236
Q94877909	6000000029277538378
Q94878264	6000000034884383656
Q94878296	6000000033786166430
Q94878325	6000000099579936914
Q94878801	6000000004096045226
Q94878980	6000000021275907044
Q94879025	6000000207362427856
Q94879038	6000000003183258019
Q94879486	6000000016408083977
Q94879869	6000000018633311532
Q94879901	6000000012887569226
Q94880440	6000000006017685019
Q94880455	6000000007365870218
Q94880645	6000000084601189273
Q94880701	6000000035150200801
Q94880827	6000000059335312061
Q94880853	6000000024753274867
Q94880864	6000000086593754821
Q94880876	6000000010144681352
Q94881077	6000000001504901648
Q94881080	6000000018389546073
Q94881184	6000000007771321227
Q94881204	6000000010361758253
Q94881227	6000000006351635073
Q94881252	6000000017180943719
Q94881594	6000000012607813300
Q94882026	6000000019002278621
Q94882169	6000000026645834934
Q94882222	6000000047653990892
Q94882225	6000000078016081708
Q94882229	6000000047653964951
Q94882835	6000000003064341932
Q94883080	6000000007163104285
Q94883090	6000000081629332855
Q94883094	6000000028768677430
Q94883095	6000000019310361389
Q94883317	6000000155558098821
Q94883326	6000000138997502857
Q94883349	6000000073049078239
Q94883350	6000000026904235145
Q94883372	6000000027667145409
Q94883541	6000000026977730953
Q94883550	6000000043154535372
Q94883557	6000000104695756056
Q94883717	6000000032588220592
Q94883734	6000000060174351882
Q948840	6000000156515161858
Q94884197	6000000082683890851
Q94884489	6000000139179088196
Q94884691	6000000082682111328
Q94884891	6000000011481246390
Q94884900	6000000007530542202
Q94884922	6000000007500949551
Q94884963	6000000015581312769
Q94884971	6000000141907304921
Q94885135	6000000147716119070
Q94885161	6000000171807109927
Q94885191	6000000030120814257
Q94885210	6000000103283170855
Q94885371	6000000029138105935
Q94885407	6000000082011255883
Q94885429	6000000035052722151
Q94885444	6000000010425022294
Q94886078	6000000173935252822
Q94886100	6000000010253352609
Q94886489	6000000021359494889
Q94886499	6000000021359123571
Q94886665	6000000028587523953
Q94886723	6000000015512449303
Q94886731	6000000040027122252
Q94886890	6000000120979931973
Q94886905	6000000016239181472
Q94886910	6000000017141354557
Q948870	6000000032956040725
Q94887167	6000000022152533929
Q94887365	6000000014110260458
Q94887595	6000000003229308535
Q94887623	6000000034369136176
Q94887852	6000000049167446917
Q94887924	6000000042317084287
Q94887925	6000000040051608650
Q94887957	6000000000658140762
Q94888058	6000000031165486721
Q94888111	6000000012752052531
Q94888281	6000000024709823567
Q94888282	6000000173745850357
Q94888286	6000000055261015858
Q94888359	6000000187491957821
Q94888542	6000000039301232297
Q94888556	6000000008390485620
Q94888580	6000000013482794835
Q94888582	6000000022514367305
Q94888590	6000000065159457187
Q94888654	6000000055695716904
Q94888874	6000000179780409843
Q94889089	6000000002764429202
Q94889090	6000000040383036019
Q94889730	6000000069056687852
Q94889777	6000000030570497359
Q94889804	6000000065871006486
Q94889806	6000000023682582465
Q94889965	2475885
Q94890123	6000000006869520696
Q94890358	6000000184029719887
Q94891018	6000000165967571916
Q94891031	6000000049437343980
Q94891225	6000000015907896764
Q94891236	6000000045343701936
Q94891292	6000000015593711394
Q94891842	6000000072375825905
Q94891855	6000000074581787911
Q94892060	6000000031302526140
Q94892100	6000000138899258920
Q94892111	6000000128938963018
Q94892494	6000000021040598202
Q94892495	6000000177590917828
Q94892502	6000000013310268248
Q94892538	6000000003181964913
Q94892700	6000000173772133908
Q94892723	6000000041977211888
Q94892732	6000000041976879276
Q94892819	6000000056052162973
Q94892968	6000000026521182900
Q94892979	6000000009959949840
Q94892994	6000000042606201246
Q94892997	6000000098875289828
Q94893025	6000000012526703423
Q94893030	6000000073849552234
Q94893108	6000000025447030068
Q94893329	6000000009007412353
Q94893330	6000000069302845821
Q94893532	6000000026814153883
Q94893927	6000000011349704733
Q94893959	6000000177439742836
Q94893986	6000000017905796868
Q94894120	6000000086180795186
Q94894176	6000000085733354821
Q94894183	6000000084501189205
Q94894886	6000000114764657110
Q94894894	6000000038186312928
Q94895611	6000000078546345891
Q94895731	6000000053464800913
Q94895767	6000000025984866963
Q94895786	6000000070708325200
Q94895803	6000000013743959049
Q94895919	6000000020932781428
Q94896067	6000000068910873864
Q94896125	6000000015878389407
Q94896211	6000000013577448762
Q94896232	6000000020647693385
Q94896258	6000000067335150067
Q94896298	6000000009801099929
Q94896303	6000000180779505871
Q94896305	6000000002678643402
Q94896311	6000000180780689945
Q94896333	6000000166662141821
Q94896363	6000000002215906546
Q94896432	6000000044663253018
Q948966	6000000125086287864
Q94896744	6000000000087229082
Q94896995	6000000018189858635
Q94897156	6000000060793104253
Q94897366	6000000010541938389
Q94897373	6000000004319402838
Q94897376	6000000000125192159
Q94897386	6000000023340746879
Q94897542	6000000117374582520
Q94897573	6000000015219824138
Q94897592	6000000000969700157
Q94897925	6000000010415162080
Q94897934	6000000002764431889
Q94897954	6000000034770413142
Q94898449	6000000015732302879
Q94898684	6000000024223149616
Q94898736	6000000024651491431
Q94898971	6000000048386587183
Q94899130	6000000040715672827
Q94899301	6000000025031482922
Q94899330	6000000037426067353
Q94899688	6000000026133886321
Q94899701	6000000028987987923
Q94899731	6000000016242070574
Q94899732	6000000007761393542
Q94899745	6000000025196957548
Q94899861	6000000001926370410
Q94899862	6000000030620942996
Q94899869	6000000031657144099
Q94899878	6000000016241817209
Q94899892	6000000050840246858
Q94899902	6000000016249418418
Q949	6000000013029862469
Q94900283	6000000084501582931
Q94900289	6000000014619214146
Q94900290	6000000037210873991
Q94900444	6000000017404499447
Q94900497	6000000181308459822
Q94900719	6000000002835762001
Q94900851	6000000013470886709
Q94900903	6000000000773111649
Q94901035	6000000069062616057
Q94901045	6000000011102934993
Q94901449	6000000141347226954
Q94901491	6000000001343926370
Q94901512	6000000032867995509
Q94901536	6000000022636407080
Q94901612	6000000010886925575
Q94901654	6000000097796602935
Q94901667	6000000182589553856
Q94901744	6000000081261497861
Q94901775	6000000017124508628
Q94901840	6000000038730395295
Q94901871	6000000040657788938
Q94901886	6000000088454510855
Q94901981	6000000097069553834
Q94901991	6000000097066719849
Q94902135	6000000010902303864
Q94902366	6000000083643631748
Q94902376	6000000035088863230
Q94902381	6000000027341873395
Q94902390	6000000004590262838
Q94902407	6000000182172386836
Q949025	6000000043282607802
Q94903095	6000000017927647676
Q94903127	6000000136786783125
Q94903135	6000000002770390635
Q94903303	6000000038807804062
Q94903367	6000000092648268044
Q94903368	6000000021185777098
Q94903499	6000000001544085228
Q94903676	342327880290012951
Q94903698	6000000022736229291
Q94903710	6000000011612851184
Q94904283	6000000135650979545
Q94904300	6000000182044566829
Q94904378	6000000033047381985
Q94904383	6000000026546792843
Q94904397	6000000028157027556
Q94904464	6000000028109833577
Q94904493	6000000090466485017
Q94904522	6000000004590099563
Q94904527	2105713
Q94904647	6000000110404100837
Q94904734	6000000076885913311
Q94904878	6000000067486450821
Q94904912	6000000007014397565
Q94904931	6000000028517149321
Q94904951	6000000056277288087
Q94905048	6000000005104001266
Q94905058	6000000080003791408
Q94905070	6000000011583127092
Q94905091	6000000021501442204
Q94905114	6000000030917425054
Q94905162	6000000077019843513
Q94905187	6000000086956630937
Q94905190	6000000038495098316
Q94905197	6000000007014454189
Q94905199	6000000027343539424
Q94905215	6000000091128024852
Q94905221	6000000011833335402
Q94905262	6000000135726449895
Q94905493	6000000017811772404
Q94905535	6000000033446220825
Q94905540	6000000162662301872
Q94905549	6000000023847592172
Q94905923	6000000037150382244
Q94906174	6000000005034032434
Q949062	6000000039613982196
Q94906472	6000000166801450867
Q94906699	6000000015373758705
Q94906709	6000000029264767331
Q94907283	6000000013537376985
Q94907434	6000000141896892823
Q94907502	6000000010483150581
Q94907521	6000000016553954497
Q94907646	6000000033985341856
Q94907705	6000000078570280879
Q94907709	6000000029659726151
Q94907800	6000000024847434079
Q94907847	6000000023513973468
Q94908026	6000000080642497992
Q94908035	6000000032602418584
Q94908147	6000000009316520177
Q94908153	6000000177450777824
Q94908208	6000000050637071025
Q94908250	6000000029665606174
Q94908280	6000000015169215085
Q94908363	6000000040708145520
Q94908393	6000000003660049877
Q94908404	6000000028008077737
Q94908418	6000000047615220251
Q94908457	6000000083347052477
Q94908547	6000000085605566885
Q94908768	6000000216922158826
Q94908786	6000000024375076523
Q94908790	6000000033268485959
Q94908795	6000000020260489550
Q94908809	6000000038319350286
Q94908823	6000000018966280028
Q94908915	6000000024277119092
Q94908920	6000000018415496670
Q94908925	6000000012375123552
Q94908939	6000000008825137199
Q94908951	6000000159852850841
Q94908961	6000000025631872123
Q94908963	6000000013577910701
Q94908971	6000000022363709224
Q949091	6000000084758924638
Q94909150	6000000018134999327
Q94909155	6000000025299360802
Q94909160	6000000026109779300
Q94909167	6000000026890134475
Q94909332	6000000021193748665
Q94909336	6000000024655156374
Q94909341	6000000187142570932
Q94909354	6000000026079861966
Q94909358	6000000018184217575
Q94909465	6000000023739520549
Q94909481	6000000023738402884
Q94909488	6000000007612037356
Q94909512	6000000040233191344
Q94909526	6000000138887117327
Q94909587	6000000017996151648
Q94909708	6000000018425334864
Q94909740	6000000017469255850
Q94909772	6000000069914104850
Q94909805	6000000018329349489
Q94909817	6000000045991455846
Q94909846	6000000064780714989
Q94909857	6000000009626241363
Q94909864	6000000037624939165
Q94909873	6000000024629120282
Q94909876	6000000018000166122
Q94909897	6000000039428097739
Q94909916	6000000048306945833
Q94909941	6000000027676637324
Q94909945	6000000028539436865
Q94909963	6000000009975537065
Q94909967	6000000010208628209
Q94909976	6000000036490415865
Q94909992	6000000020757870411
Q94910000	6000000023698992495
Q94910002	6000000091730049822
Q94910049	6000000007051325719
Q94910053	6000000039331181153
Q94910065	6000000058653616943
Q94910071	6000000037537568929
Q94910084	6000000025259613266
Q94910092	6000000042127007439
Q94910096	6000000018238433058
Q94910100	6000000035153220852
Q94910108	6000000010933604954
Q94910168	6000000090532871225
Q94910222	6000000072980538219
Q94910350	6000000089104210886
Q94910690	6000000012084946483
Q94910720	6000000016043209075
Q94910941	6000000001856349946
Q94911092	6000000018245593821
Q94911094	6000000026465553706
Q94911122	6000000159274110909
Q94911220	6000000061099447918
Q94911240	6000000184116582881
Q94911344	6000000025707824164
Q94911348	6000000015979966649
Q94911351	6000000068641712436
Q94911354	6000000068641873279
Q94911401	6000000009025682594
Q94911491	6000000013641012983
Q94911501	6000000016358726280
Q94911505	6000000016788251232
Q94911509	6000000016650482102
Q94911529	6000000025591607020
Q94911533	6000000017054821499
Q94911557	6000000018096443550
Q94911633	6000000012612788398
Q94911654	6000000078361749916
Q94911656	6000000002765855453
Q94911668	6000000014190514336
Q94911752	6000000014025214601
Q94911898	6000000024610298929
Q94912014	6000000020696218286
Q94912036	6000000057282486399
Q94912076	6000000020812060998
Q94912080	6000000010091988906
Q94912093	6000000016973985113
Q94912096	6000000016070023320
Q94912158	6000000078929260989
Q94912186	6000000109083992896
Q94912609	6000000058731837938
Q94912844	6000000120943277997
Q94913	6000000046685988921
Q94913077	6000000017237834573
Q94913091	6000000028541124976
Q94913303	6000000079943876829
Q94913428	6000000190246816938
Q94913462	6000000040920611974
Q94913466	6000000025093152100
Q94913485	6000000010132194525
Q94913629	6000000018316714758
Q94913837	6000000081191918869
Q94913838	6000000001316179071
Q94914054	6000000021663043685
Q94914062	6000000201046182890
Q94914443	6000000011090334707
Q94914475	6000000083272214886
Q94914479	6000000029041375645
Q94914485	6000000039625812172
Q94914570	6000000044179447361
Q94914663	6000000021655198570
Q94914667	6000000163011760821
Q94914827	6000000085631889883
Q94915061	6000000027066978721
Q94915294	6000000035080413858
Q94915432	6000000010270452832
Q94915445	6000000036824586363
Q94915454	6000000011457748496
Q94915538	6000000017502093584
Q94915609	6000000056182363861
Q94915721	6000000049178932489
Q94915735	6000000029780200006
Q94915746	6000000020463871473
Q94915795	6000000002419351338
Q94915925	6000000022465034481
Q94915931	6000000022516178948
Q94915935	6000000022516177961
Q94915949	6000000022464640730
Q94915954	6000000022516208888
Q94915958	6000000022464847352
Q94915967	6000000022921239617
Q94916161	6000000036412836070
Q94916244	6000000199615282855
Q94916451	6000000031492887587
Q94916530	6000000013824460908
Q94916647	6000000014843085748
Q94916776	6000000156996625821
Q94916817	6000000064393113901
Q949169	6000000021810343812
Q94916967	6000000017349650474
Q94917189	6000000009956524573
Q94917428	6000000040951268902
Q94917444	6000000020749448156
Q94917687	6000000025501514306
Q94917949	6000000166387316010
Q94917952	6000000172997677841
Q94918017	6000000011591864223
Q94918109	6000000002501936066
Q94918322	6000000080342982821
Q94918539	6000000021391644010
Q94918661	6000000046887150874
Q94918749	6000000006324505102
Q94918783	6000000025646121184
Q94918807	6000000178694032839
Q94918851	6000000015580801314
Q94918933	6000000014424010374
Q94918937	6000000013522523278
Q94918941	6000000013521545773
Q94918945	6000000013521693980
Q94918948	6000000001519848767
Q94918957	6000000002764674959
Q94918970	6000000085050818007
Q94919011	6000000024985571882
Q94919112	6000000023415622015
Q94919201	6000000013466454224
Q94919374	6000000057772280953
Q94919430	6000000010380788257
Q94919469	6000000031473547911
Q94919745	6000000025275492827
Q94920096	6000000020649846642
Q94920115	6000000015128488380
Q94920486	6000000025997989766
Q94920490	6000000001234983883
Q94920504	6000000016695567639
Q94920526	6000000047972677091
Q94920664	4258417374310065082
Q94920847	6000000038941218405
Q94920966	6000000037150012254
Q94920981	6000000011558166793
Q94920988	6000000019213669150
Q94920993	6000000046972934174
Q94921038	6000000174210860824
Q94921109	6000000017825606164
Q94921118	6000000027895165642
Q94921126	6000000049442587891
Q94921167	6000000081130666338
Q94921272	6000000011276631648
Q94921331	6000000024740475413
Q94921391	6000000021652594941
Q94921475	6000000069472337970
Q94921595	6000000177095662822
Q94921865	6000000002775795520
Q94922026	6000000025902512243
Q94922068	6000000021399895809
Q94922073	6000000019230365484
Q94922106	6000000064840782914
Q94922247	6000000064494880825
Q94922267	6000000016019438790
Q94922951	6000000007014484460
Q94923005	6000000003430771757
Q94923013	6000000024111659546
Q94923031	6000000093052226935
Q949231	6000000018495308855
Q94923619	6000000040370025966
Q94923789	6000000006934387496
Q94923825	6000000021675644131
Q94923991	6000000096826803821
Q94924	6000000001473065173
Q94924004	6000000062295325067
Q94924227	6000000032662105891
Q94924259	6000000018834408205
Q94924293	6000000002810368506
Q94924442	6000000029644173526
Q94924475	6000000023354488848
Q94924507	6000000131356390845
Q94924633	6000000025579191945
Q94924644	6000000024740358079
Q94924836	6000000008127156350
Q94925047	6000000015605677201
Q94925051	6000000009055721315
Q94925199	6000000173875672261
Q94925247	6000000120887408830
Q94925339	6000000020424270461
Q94925396	6000000024038767861
Q94925423	6000000026814853104
Q94925717	6000000055523125934
Q94925732	6000000028501139881
Q94925757	6000000025274335467
Q94925762	6000000118242746833
Q94925858	6000000083955509860
Q94926058	6000000019431155026
Q94926064	6000000110235456874
Q94926417	6000000013247775992
Q94926620	6000000173297728529
Q94926843	6000000078600455821
Q94926900	6000000015203600917
Q94926974	6000000030902241545
Q94927013	6000000021415513219
Q94927021	6000000054988418902
Q94927102	6000000003206365404
Q94927109	6000000061265474126
Q94927156	6000000002764436063
Q94927166	6000000013068500318
Q94927250	6000000037724469806
Q94927275	4692164217100066707
Q94927484	6000000023730348564
Q94927523	6000000025806598999
Q94927531	6000000084878089822
Q94927577	6000000011060970904
Q94927706	6000000002764612059
Q94927737	6000000008426146590
Q94927896	6000000025580114872
Q94927937	6000000010383062471
Q94928047	6000000172282294035
Q949282	6000000008935892584
Q94928248	6000000029258811047
Q94928266	6000000020341626058
Q94928407	6000000022657601306
Q94928646	6000000030895705856
Q94928743	6000000000918016270
Q94929001	6000000132889471829
Q94929003	6000000012630375794
Q94929194	6000000026175932660
Q94929369	6000000010431355050
Q94929463	6000000073113129851
Q94929582	6000000016473818720
Q94929642	4275796665840045012
Q94929785	6000000087637900017
Q94929789	6000000123449161909
Q94929834	6000000022771408258
Q94929996	6000000007014365431
Q94930034	6000000044649208420
Q94930265	6000000003737357415
Q94930378	6000000024683779758
Q94930624	6000000023510453801
Q94930933	6000000002247680910
Q94931078	6000000009959733357
Q94931478	6000000018118295655
Q94931501	6000000131773558871
Q94931631	6000000013484338587
Q94931652	6000000017249086373
Q94931814	6000000081245966808
Q94932235	6000000154648238821
Q94932400	6000000181026802871
Q94932449	6000000142309339833
Q94932642	6000000016132583481
Q94932756	6000000090153967854
Q94933149	6000000173640853402
Q94933252	6000000021533628526
Q94933267	6000000030931339003
Q94933275	6000000027434465258
Q94933345	6000000007060481139
Q94933396	6000000006900982850
Q94933419	6000000041542695883
Q94933562	6000000013431245206
Q949337	6000000026970399039
Q94933964	6000000179047412848
Q94933974	6000000005745658061
Q94934023	6000000081593010968
Q94934149	6000000109327120984
Q94934220	6000000001900041685
Q94934281	6000000040232326146
Q94934323	6000000020472942629
Q94934593	6000000110551209980
Q94934619	6000000161550025100
Q94934718	6000000034100999385
Q94934751	6000000071002002255
Q94934815	4784127712110051951
Q94935048	6000000027404019558
Q94935090	6000000016757353026
Q94935104	6000000011525387454
Q94935118	6000000040582290988
Q94935170	6000000007376038790
Q94935195	6000000030770167050
Q94935212	6000000077331227971
Q94935215	6000000077329735692
Q94935219	6000000077331024146
Q94935226	6000000050417233992
Q94935230	6000000003071456898
Q94935233	6000000125370758004
Q94935234	6000000013580261686
Q94935326	6000000028670524996
Q94935330	6000000040846527965
Q94935364	6000000013406022688
Q94935373	6000000010043497236
Q94935384	6000000004333318190
Q94935395	6000000028184539371
Q94935553	6000000026164100922
Q94935559	6000000012508315162
Q94935576	6000000037626987900
Q94935597	6000000029141238660
Q94935602	6000000024586665121
Q94935613	6000000014542479203
Q94935619	6000000015915366276
Q94935621	6000000022215024228
Q94935634	6000000004399949848
Q94935756	6000000172964289212
Q94935774	6000000030769876902
Q94935797	6000000012777142242
Q94935801	6000000028646339875
Q94935807	6000000021720533808
Q94935810	6000000062534280822
Q94935815	6000000020388091142
Q94935831	6000000015692465612
Q94935836	6000000012084816899
Q94935844	6000000010404487501
Q94935847	6000000011303102286
Q94935852	6000000011318213247
Q94935970	6000000028972067838
Q94935977	6000000025833984574
Q94935982	6000000029134689892
Q94936032	6000000007328709616
Q94936054	6000000015443870177
Q94936156	6000000024415985185
Q94936190	6000000024641430860
Q94936199	6000000015293069086
Q94936215	6000000151416977833
Q94936220	6000000033730846834
Q94936238	6000000011567232480
Q94936356	6000000018204755021
Q94936420	6000000014859857383
Q94936433	6000000012371735837
Q94936441	6000000008661324245
Q94936551	6000000018307597724
Q94936585	6000000022909317958
Q94936625	6000000017741532609
Q94936810	6000000025648476872
Q94936815	6000000025970941079
Q94936860	6000000025957171627
Q94936890	6000000174168917959
Q94936894	6000000174169023949
Q94936898	6000000024267569821
Q94936901	6000000208386573821
Q94936905	6000000006801787908
Q94936910	6000000021161223176
Q94936918	6000000030629459025
Q94936922	6000000111802208940
Q94936965	6000000011073344396
Q94936978	6000000002764431397
Q94936980	6000000024642996058
Q94936981	6000000058869789960
Q94936982	6000000002802339877
Q94937020	6000000016360366365
Q94937024	6000000021630990085
Q94937026	6000000025085218407
Q94937028	6000000014319410303
Q94937049	6000000088616416823
Q94937063	6000000035432478821
Q94937066	6000000023908521743
Q94937079	6000000029665618164
Q94937109	6000000022405362422
Q94937113	6000000024679866165
Q94937158	6000000026177142648
Q94937162	6000000008733989716
Q94937174	6000000023286792400
Q94937190	6000000012975070879
Q94937202	6000000017360586418
Q94937213	6000000022358381493
Q94937224	6000000028648929775
Q94937226	6000000039749097496
Q94937228	6000000023978526072
Q94937238	6000000025846715682
Q94937242	6000000020368604987
Q94937278	6000000026065263041
Q94937321	6000000023953106210
Q94937323	6000000024511901885
Q94937326	6000000024512036844
Q94937331	6000000024510743174
Q94937352	6000000037538771030
Q94937361	6000000077621523365
Q94937414	6000000008572564555
Q94937417	6000000028392523893
Q94937418	6000000008572239905
Q94937424	6000000008572462368
Q94937428	6000000008572392729
Q94937452	6000000027684803267
Q94937488	6000000022411813362
Q94937497	6000000067169641855
Q94937592	6000000143215902821
Q94937596	6000000024006798939
Q94937608	6000000055308803847
Q94937657	6000000009747080243
Q94937662	6000000009746918489
Q94937667	6000000013355267903
Q94937812	6000000077125076852
Q94937815	6000000132276757602
Q94937829	6000000017298990352
Q94937861	6000000042509139554
Q94937874	6000000145923397986
Q94937976	767763
Q94938013	6000000024018509852
Q94938018	6000000014165263220
Q94938028	6000000013600926450
Q94938039	6000000013488889923
Q94938049	6000000009447275856
Q94938180	6000000017792907462
Q94938222	6000000037645319935
Q94938227	6000000037644305414
Q94938230	6000000134942119848
Q94938237	6000000037645174545
Q94938238	6000000038865223959
Q94938319	6000000038633732341
Q94938323	6000000038633780184
Q94938327	6000000038633732996
Q94938332	6000000018106670420
Q94938362	6000000003571003078
Q94938369	6000000024785909857
Q94938385	6000000008227573180
Q94938389	6000000026435731466
Q94938406	6000000042970232040
Q94938410	6000000038548425886
Q94938504	6000000059867079229
Q94938508	6000000009787098459
Q94938512	6000000018500460499
Q94938516	6000000004170100405
Q94938540	6000000018981952486
Q94938541	6000000024802705287
Q94938546	6000000027108137926
Q94938563	298464933220004211
Q94938572	6000000026427762956
Q94938671	6000000050352599998
Q94938675	6000000050352412939
Q94938679	6000000018328000907
Q94938725	6000000018190983517
Q94938729	6000000004170320820
Q94938806	6000000153887112822
Q94938815	6000000045282408211
Q94938827	6000000022688132608
Q94938853	6000000032717978442
Q94938881	6000000018592221217
Q94938893	6000000027479695135
Q94938980	6000000028261386136
Q94938999	6000000066948143052
Q94939000	6000000033952318931
Q94939010	6000000080942685928
Q94939037	6000000008501101234
Q94939039	6000000017970491275
Q94939041	6000000034400824059
Q94939049	6000000004095908929
Q94939053	6000000100896108939
Q94939068	6000000024785749122
Q94939085	6000000018233568631
Q94939144	6000000026052753347
Q94939151	6000000018415483175
Q94939153	6000000018135155230
Q94939161	6000000084663653821
Q94939164	6000000016774955051
Q94939168	6000000025723052782
Q94939171	6000000024723618056
Q94939186	6000000046789308837
Q94939205	6000000040362702872
Q94939215	6000000007523643341
Q94939218	6000000024248955014
Q94939223	6000000019222575989
Q94939240	6000000026534647689
Q94939353	6000000013489147639
Q94939361	6000000022890331604
Q94939393	6000000005562706100
Q94939397	6000000069991146868
Q94939406	6000000026175264080
Q94939517	6000000034436497838
Q94939530	6000000011632174282
Q94939534	6000000010667443497
Q94939557	6000000025645952660
Q94939579	6000000017266339491
Q94939588	6000000034660198949
Q94939650	6000000044281613299
Q94939659	6000000026134319960
Q94939680	6000000024568857247
Q94939685	6000000041424367632
Q94939690	6000000023781389074
Q94939699	6000000039751102071
Q94939703	6000000021785406943
Q94939707	6000000018327018315
Q94939711	6000000024375041911
Q94939714	6000000003088546744
Q94939735	6000000025891223356
Q94939741	6000000016871826595
Q94939781	6000000182443259840
Q94939811	6000000035992121851
Q94939853	6000000042828334121
Q94939879	6000000014065578153
Q94939917	6000000010042458657
Q94939925	6000000038819139213
Q94939984	6000000013898942099
Q94939989	6000000008968379010
Q94940004	6000000039755719245
Q94940026	6000000018181579286
Q94940130	6000000077820330902
Q94940134	6000000020420741697
Q94940174	6000000026325512908
Q94940189	6000000018606469346
Q94940189	6000000192789307872
Q94940227	6000000034427773898
Q94940264	6000000173937926580
Q94940301	6000000041048027948
Q94940302	6000000026518461997
Q94940320	6000000017055024744
Q94940379	6000000039517286298
Q94940635	6000000022685376059
Q94940715	6000000141843496896
Q94940884	6000000089189319852
Q94941	6000000002882016694
Q94941100	6000000020293168370
Q94941174	4443415
Q94941289	6000000020194684030
Q94941332	6000000087442372185
Q94941386	6000000039959202889
Q94941660	6000000037257726009
Q94941674	6000000014025725486
Q94941680	6000000014045209396
Q94941685	6000000014054166995
Q94941689	6000000014053974982
Q94941716	6000000014054359032
Q94941725	6000000014034010731
Q94941739	6000000014069364115
Q94941743	6000000030772244837
Q94941752	6000000014054236257
Q94941824	6000000014069852198
Q94941828	6000000014068029930
Q94941831	6000000177935244862
Q94941837	6000000014070139015
Q94941880	6000000027834192809
Q94941902	6000000036621927946
Q94941934	6000000171752657952
Q94941965	6000000030399998065
Q94942017	6000000089463714838
Q94942059	6000000022643519217
Q94942078	6000000064570619821
Q94942128	6000000093716204058
Q94942220	6000000023415707042
Q94942236	6000000177103383882
Q94942249	6000000016022319633
Q94942275	6000000181934876827
Q94942401	6000000129623012869
Q94942496	6000000011270478731
Q949425	6000000001517941777
Q94942531	6000000018934673741
Q94942533	6000000024324247679
Q94942650	6000000011302042974
Q94942807	6000000103768228988
Q94942898	6000000018326529165
Q94942918	6000000122438172825
Q94942932	6000000125342451052
Q94942987	6000000022201660410
Q949430	6000000140746426578
Q94943072	6000000179612023822
Q94943161	6000000016575524354
Q94943164	6000000067688292933
Q94943215	6000000070293282888
Q94943217	6000000033478108849
Q94943240	6000000013699516554
Q94943249	6000000099016102826
Q94944246	6000000119747331847
Q94944331	347893801350012670
Q94944448	6000000030708291782
Q94944479	6000000184086001822
Q94944660	6000000123991678860
Q94944666	6000000030951485607
Q94944715	6000000002802336465
Q94944860	6000000017666372669
Q94944889	6000000026937448381
Q94945158	6000000178329320843
Q949486	6000000040998791344
Q949505	6000000000378545599
Q949521	6000000017682671172
Q949522	6000000012999237052
Q949531	6000000000081394419
Q94953471	6000000020573047339
Q94955432	6000000009729156056
Q94958226	6000000006935930234
Q949585	6000000050754565907
Q949599	6000000004129281921
Q949636	6000000073807045364
Q94966414	6000000020857345372
Q949665	6000000006776324777
Q94966528	6000000002302843017
Q949671	6000000020356611213
Q94967834	6000000021000265722
Q94967834	6000000046664362191
Q94968447	6000000021000463003
Q949696	6000000015550484641
Q949700	6000000013344139388
Q94971140	6000000003277874777
Q949712	6000000003122340536
Q949742	6000000012678979678
Q949745	6000000033096616882
Q94976009	6000000031723534873
Q94976192	6000000170064783743
Q94977084	6000000165737008824
Q94977583	6000000088605972858
Q949800	6000000093879369878
Q94980187	6000000054980483849
Q949806	6000000169587239871
Q94981723	6000000000795063520
Q94982620	6000000004097657637
Q94982669	6000000014406338309
Q94982679	6000000084182736824
Q94982766	6000000022170849501
Q94982777	6000000013718024058
Q94982778	6000000017853610978
Q94982865	6000000010462103906
Q94982910	6000000015450636901
Q94982923	6000000218073403833
Q94982936	6000000030181069885
Q94983025	6000000024932911671
Q94983031	6000000010067314649
Q94983109	6000000015355896529
Q94983143	6000000015719327734
Q94983194	6000000017174603060
Q94983217	6000000015355748787
Q94983486	6000000020345067428
Q94983599	6000000010512503560
Q94983602	6000000157937006824
Q94983633	6000000063834214049
Q94983686	6000000068866566960
Q94983693	6000000070500709978
Q94983809	6000000029276152297
Q94983868	6000000017934845225
Q94984079	6000000010628482314
Q94984133	6000000043933597969
Q94984202	6000000029277588929
Q94984277	6000000063822315821
Q94984368	6000000014406288324
Q94984398	340223704800013003
Q94984454	6000000016528387661
Q94984571	6000000083427471391
Q94984656	6000000026940523644
Q94984694	6000000055957211130
Q94984751	6000000010561667248
Q949849	6000000007384748086
Q94984924	6000000084181003497
Q94984943	6000000028828275671
Q94985009	6000000106989460847
Q94985052	6000000040800797065
Q94985393	6000000014406357170
Q94985413	6000000009546011017
Q94985619	6000000010801825325
Q94985634	6000000012001209626
Q94985669	6000000011036484442
Q94986007	6000000050200782847
Q94986193	6000000009863995555
Q94986209	6000000017852742735
Q94986217	6000000054874065851
Q94986237	6000000006898652377
Q94986255	6000000027268177750
Q94986272	6000000010801929161
Q94986276	6000000015349234911
Q94986280	6000000016812573404
Q94987221	6000000180928276860
Q94987258	6000000030984998232
Q94987347	6000000100808380871
Q94987621	6000000016309789230
Q94987833	6000000063822116860
Q94988026	6000000014016292360
Q94988055	6000000084176975058
Q94988058	6000000017852871124
Q94988093	6000000059602027836
Q94988138	6000000126155972826
Q94988154	6000000017859505631
Q94988943	6000000016812287115
Q94988946	6000000076541945855
Q94988950	6000000042888466008
Q94988990	6000000063822085951
Q94988998	6000000100368664154
Q94989000	6000000015511886622
Q94989059	6000000014804654465
Q94989221	6000000082713147850
Q94989382	6000000018351693604
Q94989645	6000000016971637920
Q94989744	6000000112409437119
Q94990334	6000000088266074944
Q94990390	6000000015776642392
Q94990393	6000000068773547869
Q94991749	6000000023884176004
Q94991832	6000000032205170833
Q94991957	6000000021315415012
Q94991965	6000000008676142283
Q94992	6000000006421236391
Q94992072	6000000015762092994
Q94992127	6000000013164843344
Q94992494	6000000021674919740
Q94992587	6000000084700839009
Q94993163	6000000013569861154
Q949938	6000000178598965822
Q94994291	6000000024961814723
Q94995150	6000000009326978341
Q949953	6000000011546444877
Q94995491	6000000015129742069
Q94997980	6000000015780361282
Q94998083	6000000025968109458
Q94998089	6000000008209267838
Q94998367	6000000018672726566
Q94998471	6000000010792876532
Q94998797	6000000020221733100
Q95002	6000000013610133811
Q95004208	6000000141993196821
Q95004282	6000000004235943460
Q95004295	6000000017762893151
Q95004467	6000000033786558958
Q95005044	6000000016409551570
Q95005923	6000000025537212325
Q95006509	6000000084880425150
Q95006817	6000000014194866991
Q95007083	6000000156942541839
Q95007085	6000000043480439953
Q95007305	6000000020885274408
Q95007359	6000000007302455201
Q95007361	6000000016206778124
Q95007368	6000000002314166765
Q95007425	6000000056172642857
Q95007463	6000000020795057562
Q95007470	6000000035324329823
Q95007511	6000000051041689960
Q95007533	6000000015300892138
Q95007660	6000000026816366856
Q95007695	6000000120628636969
Q95007815	6000000000767440491
Q95007880	6000000084296546619
Q95007901	6000000058659949844
Q95008136	6000000033302549594
Q95008141	6000000019016063461
Q95008162	6000000079737834856
Q95008191	6000000021541627228
Q95008670	6000000083628990786
Q95009005	4167360799960122785
Q950105	6000000027360473378
Q950114	6000000002473043147
Q95013	6000000082378758859
Q95014	6000000082376505909
Q950141	6000000015673671882
Q95017	6000000082337108205
Q950186	6000000014322998187
Q95019	6000000006817743413
Q950210	6000000025026219833
Q950214	6000000174154347493
Q950220	6000000004148829815
Q950226	6000000032115960822
Q95023348	6000000016369348439
Q950238	6000000023869670877
Q95024	6000000017136403741
Q950243	6000000086076974842
Q95026	6000000010443872382
Q950278	6000000001164855073
Q95028162	6000000112873545900
Q95028279	6000000025219187235
Q950299	6000000017760535757
Q95030	6000000010443922210
Q950311	6000000176471255841
Q95034	6000000006804888318
Q950341	6000000040056320851
Q950342	6000000022686622737
Q95036133	6000000016500448694
Q950374	6000000027525942803
Q95038254	6000000181756911837
Q95039724	6000000017663043205
Q950428	6000000047626431850
Q95043	6000000009988539645
Q95043638	6000000016393544244
Q95048	6000000003987740767
Q950495	6000000144746177949
Q95050	6000000010764695203
Q950507	6000000004842935509
Q950544	6000000022411614333
Q95055	6000000006100921931
Q950570	6000000129082993895
Q950611	6000000072247041138
Q95067644	6000000139326212821
Q95068	6000000003225593011
Q95068997	6000000035798092913
Q95069045	6000000123749884821
Q95069110	6000000007280982621
Q95069415	6000000026221294164
Q95069443	6000000036878301200
Q95069468	6000000049574800852
Q95069556	6000000025497175761
Q95070037	6000000174676469000
Q95070045	6000000079297786397
Q95070048	6000000020829850642
Q95070199	6000000076676254844
Q95070204	6000000103357636896
Q95070422	328940217720006048
Q95070468	6000000087674445920
Q95070553	6000000079504148195
Q95070576	6000000081964059149
Q95070606	6000000066028073824
Q95070749	6000000006864410389
Q95071107	6000000018452461029
Q95071197	6000000008631410598
Q95071287	6000000183229191870
Q95071293	6000000023302714657
Q95071426	6000000003131764483
Q95071559	6000000077978071495
Q95071583	6000000081805020420
Q95071705	6000000002707764365
Q95071787	6000000054636876351
Q95071955	6000000017913298473
Q95072027	6000000099944340844
Q95072081	6000000081745678076
Q95072220	6000000079895499022
Q95072273	6000000019098792591
Q95072301	6000000129373579304
Q95072438	6000000100000524822
Q95072474	6000000093402074127
Q950726	6000000013077740650
Q95072814	6000000089136195096
Q95072818	6000000040897065240
Q95072915	6000000036657505485
Q95072972	6000000165060391882
Q95073125	6000000002793666211
Q95073195	6000000019007258759
Q95073202	6000000055736479005
Q95073223	6000000091825725028
Q95073387	6000000039130117434
Q95073437	6000000084584598272
Q95073456	6000000056993873821
Q95073735	6000000021221665972
Q95073809	6000000156820516868
Q95073975	6000000080178332823
Q95073990	1508457
Q95074052	6000000016437078562
Q95074101	6000000180253013846
Q95074360	6000000084612026473
Q950746	6000000055658945995
Q95074634	6000000182348720043
Q95074762	6000000015025087225
Q95075042	6000000060789677113
Q95075432	6000000179670547897
Q95075532	6000000042074501273
Q95075739	6000000024672644721
Q95075931	6000000081288367057
Q95075990	6000000145084873826
Q95076	6000000003225600008
Q95076110	6000000018824025193
Q95076192	6000000008200394478
Q950762	6000000003052459403
Q95076313	6000000173906888834
Q95076565	6000000085110322277
Q95076616	6000000009496136802
Q95076689	6000000000731430176
Q95076714	6000000002901726855
Q95076939	6000000017627902622
Q95077290	6000000179518052881
Q950774	6000000008701495255
Q95077621	6000000029154222443
Q95078444	6000000026016454685
Q95078485	6000000050291790835
Q95079106	6000000010070283769
Q950796	6000000017921038233
Q95079887	6000000172515821476
Q95079895	6000000041753603136
Q95081232	6000000039919345923
Q95082508	6000000120635789837
Q95082513	6000000064625567834
Q95083917	6000000027905932094
Q95084114	6000000060266641027
Q95084428	295014233040008977
Q950850	6000000021736711566
Q95085156	6000000168187631966
Q95085259	6000000016331367729
Q95085292	6000000179414908822
Q95085374	6000000180601114822
Q95086325	6000000064157183822
Q950867	6000000013514470904
Q95086843	6000000103368971837
Q95086847	6000000008526492643
Q95087190	6000000016396578223
Q95087338	6000000058310578892
Q95087387	6000000021650480682
Q95088312	6000000017955998222
Q95088903	6000000000183908766
Q95089	6000000008873443638
Q95089065	6000000069656192043
Q95089227	6000000190356909822
Q95089468	6000000096687100979
Q95089956	6000000070700778844
Q95090904	6000000174344139907
Q95090955	6000000136801031911
Q95091627	6000000179075897821
Q95091910	6000000010540174512
Q95092180	6000000040631838206
Q95092192	6000000019688820064
Q95092742	6000000179031214837
Q95094086	6000000028915659856
Q95094303	6000000024815822055
Q95094531	6000000000575657018
Q95094558	6000000139914850839
Q95094813	6000000039301147172
Q95094902	6000000017743292574
Q95095162	6000000016442229615
Q95095165	6000000020772203747
Q95095318	6000000040015322964
Q95095322	6000000009647329548
Q950959	6000000041241415876
Q95096924	6000000083099414247
Q95096930	6000000134015577888
Q95097115	374649326040013850
Q95097164	6000000166003206277
Q950973	6000000181992315852
Q95097836	6000000012180211136
Q9509787	6000000002936239624
Q95097876	6000000132492530914
Q95097927	365758177610010545
Q95098090	6000000050754187359
Q95098470	6000000108088740895
Q95098804	6000000180948123828
Q95098814	6000000110998170821
Q95098918	6000000034198443078
Q95098950	6000000036764439745
Q95099	6000000005049987057
Q95099010	6000000029997026658
Q95099101	6000000182247722832
Q95099116	6000000010895014429
Q95099170	6000000100830353865
Q95099303	6000000035415825907
Q95099364	6000000113904244912
Q95099576	6000000003493730070
Q95099643	6000000182972137825
Q95099821	6000000081756184858
Q95099876	6000000172446325193
Q95099926	6000000153518892830
Q95100170	6000000025632090724
Q95100187	6000000078551084556
Q95100220	6000000019595153438
Q95100339	6000000163448687020
Q95100409	6000000011608867052
Q95100525	6000000002332891164
Q95100627	6000000109286362838
Q95100994	6000000022352608139
Q951010	6000000177085295837
Q95101014	6000000179313268863
Q95101136	6000000147731566875
Q95101262	6000000051134746155
Q95101478	6000000172746970138
Q95101546	6000000122004189852
Q95101557	6000000022333816960
Q95101796	6000000067005954821
Q95101989	6000000081963793821
Q951021	6000000022571914620
Q95102154	6000000080773070915
Q95102215	6000000035422828474
Q95102401	6000000035432429274
Q95102505	6000000029620821423
Q95102539	6000000037694921295
Q95102587	6000000059841631958
Q95102594	6000000039149584163
Q95102866	6000000024347682865
Q95102939	6000000020592204040
Q95103068	6000000151340506883
Q95103348	6000000034984649940
Q951034	6000000184809074828
Q95103442	6000000169826952829
Q95103620	6000000126521772856
Q95103631	6000000131750065881
Q95103947	6000000040556717009
Q95104173	6000000099949249887
Q95104197	6000000018445633670
Q95104331	6000000081756115852
Q95104406	6000000179043861850
Q95104469	6000000037524684357
Q951045	6000000015263370281
Q95106526	5619091643120089487
Q95106903	6000000011998159093
Q95107724	6000000001418891057
Q95108126	6000000064152682821
Q95108757	6000000171932900118
Q95109577	6000000007419370339
Q95110113	6000000076669059780
Q95110771	6000000017038320234
Q95110863	6000000173438996024
Q95111091	6000000180837801823
Q951113	6000000076017410839
Q95111980	6000000035702571457
Q951122	6000000011695197480
Q9511226	6000000075326763867
Q95112406	6000000010067936153
Q95113912	6000000051951906916
Q95113977	6000000051952561005
Q95114882	6000000038042838369
Q95116735	6000000024472472516
Q95119329	6000000000407097101
Q95119741	6000000173315462103
Q95119986	6000000025551760277
Q95120325	6000000019036848093
Q95120543	6000000003252342412
Q95120748	6000000002465265507
Q95120753	6000000018401984637
Q95121036	6000000053805446892
Q95121297	6000000034314033341
Q95121501	6000000017711014637
Q95121753	6000000029262432881
Q95121761	4791196
Q95121848	6000000024826659964
Q95121962	6000000024584447673
Q95122122	6000000088722154830
Q95122236	6000000015823898003
Q95122587	6000000027556975361
Q95122629	6000000041070527284
Q95122730	6000000039266734483
Q95122897	6000000015778808536
Q95123387	6000000038458304844
Q951234	6000000037341362414
Q95123470	6000000017277891024
Q95123495	6000000000334288545
Q95123501	6000000096531036085
Q95123611	6000000088581865846
Q95123850	6000000032506717972
Q95124208	6000000054867246840
Q95124475	6000000066094777013
Q95124710	6000000019385283530
Q95124800	6000000184519938878
Q951250	6000000126877027821
Q95125297	6000000061166098828
Q95125355	6000000002931098219
Q95125403	6000000075373966826
Q95125545	6000000016309746431
Q95125566	6000000016554229243
Q95126170	6000000017127765774
Q95126284	6000000064630742847
Q95126447	6000000015118275946
Q95126535	6000000180540051851
Q95126546	6000000016717224595
Q95127107	6000000128955412052
Q951276	6000000008789246680
Q95127753	6000000029347094058
Q95128319	6000000013724650948
Q95128895	6000000039030309035
Q95128943	6000000084232573122
Q951298	6000000184021624874
Q951329	2801010
Q95133	6000000090058079909
Q95133524	6000000129084123264
Q95133931	6000000007844877319
Q95134292	6000000035247890943
Q95134516	6000000006431648014
Q95134523	6000000171974499135
Q95134623	6000000018823862607
Q95134679	6000000021530695669
Q95134702	6000000099953495840
Q95134796	6000000002388834944
Q95134925	6000000071103896935
Q95134957	6000000080181788863
Q95135309	6000000082511927916
Q95135313	6000000172875232420
Q95135683	6000000131753077011
Q95135929	6000000026793910785
Q95135954	6000000174585809881
Q95136015	6000000200218819871
Q95136212	6000000180094222838
Q95136445	6000000084079360885
Q95136523	6000000052058613886
Q95136785	6000000073242579835
Q95136792	6000000025509742887
Q95136934	6000000004695460649
Q95137017	6000000084405388756
Q95137494	6000000073345025837
Q95137692	6000000020069081537
Q95137736	6000000177004744851
Q95138001	6000000007419403293
Q95138003	6000000052489066097
Q95138456	6000000034026995945
Q95139735	6000000083876706940
Q951398	6000000134743102986
Q95139928	6000000179604138822
Q95139978	6000000043401667759
Q95140408	6000000031198275213
Q95140612	6000000178668405832
Q95141025	6000000132866533945
Q951412	6000000171058971006
Q95141784	6000000111124050276
Q95141811	6000000139325970830
Q95141950	6000000034645537664
Q95143	6000000024171724875
Q95143300	6000000029885745775
Q95143475	6000000022949071028
Q95144307	6000000030524453299
Q95144484	6000000039080255545
Q95144568	6000000052258777438
Q95144584	6000000011490348583
Q95144607	6000000055595126551
Q95144631	6000000183117295877
Q95144708	6000000025556294976
Q95144721	6000000032703231204
Q95144786	6000000024904580896
Q95144834	6000000188459137839
Q95144950	6000000019086027361
Q95145549	6000000114225412930
Q95145608	6000000144645929821
Q95145655	6000000181857128835
Q95145764	6000000023453283913
Q95145903	6000000051898795866
Q95146370	6000000084406527841
Q95146407	6000000025955498337
Q95146621	6000000061506665923
Q95146745	6000000007163607288
Q95146896	6000000204926046839
Q951470	6000000055521741975
Q95147110	6000000027432179757
Q95147320	6000000178669052837
Q95147365	6000000078114213012
Q95147482	6000000039074930313
Q95147556	6000000020731976906
Q95147664	6000000030524610114
Q95147705	6000000025621324017
Q95147707	6000000009415056946
Q95147932	6000000086172972852
Q95147965	6000000133691292858
Q95148	6000000004548237354
Q95148073	6000000101071901836
Q95148163	6000000081873367525
Q95148258	6000000048120228026
Q95148567	6000000030937414874
Q95148586	6000000128958788872
Q951486	6000000144502916827
Q95148643	6000000072529244847
Q95148888	6000000129042891822
Q95149008	6000000189130780871
Q95149102	6000000000637990380
Q95149173	6000000024815922847
Q95149229	6000000002764498633
Q95149532	6000000007744862668
Q95149549	6000000081552192939
Q95149613	322785674750007630
Q95149618	6000000000325932216
Q95149681	6000000001742359731
Q95149752	6000000021039632692
Q95149754	6000000010059247591
Q95149768	6000000180932140890
Q95149830	6000000042529985946
Q95149854	6000000010145371766
Q951499	6000000006601278223
Q95149936	6000000197858893822
Q95149959	6000000027093485123
Q95150003	6000000022474706048
Q95150044	6000000132621628821
Q95150108	6000000105865156869
Q95150142	6000000064596713851
Q95150149	6000000183228948980
Q95150167	6000000026161103844
Q95150192	6000000031399141004
Q95150321	6000000019593720334
Q95150349	6000000107455136163
Q95150414	6000000056297152912
Q95150427	6000000032767831866
Q95150456	6000000019280553225
Q95150497	6000000125038059822
Q95150623	6000000040129032135
Q95150635	6000000062351916840
Q95150642	6000000014712543565
Q95150649	6000000090571329848
Q95150749	6000000057468259893
Q95150783	6000000081478117562
Q95150786	6000000041030886280
Q95150799	6000000011434785480
Q95150805	6000000101536052860
Q95150990	6000000018335347468
Q95151026	6000000019797227818
Q95151040	6000000176998412869
Q95151044	6000000069296929023
Q95151062	6000000022936323282
Q95151065	6000000179279636855
Q95151083	6000000018460754324
Q95151123	6000000042543070477
Q95151182	6000000080178058917
Q95151205	6000000181903590836
Q95151217	6000000088687484845
Q95151288	6000000125917847874
Q95151311	6000000181915023840
Q95151353	6000000172217104270
Q95151457	311744369750008283
Q95151472	6000000187832589837
Q95151557	6000000123905230821
Q95151681	6000000040757683360
Q95151778	6000000048604591851
Q95151782	6000000021533262859
Q95151784	6000000015180631886
Q95151835	6000000177883937850
Q95151989	6000000020895209144
Q95151994	6000000174251441822
Q95152073	6000000100227190905
Q95152128	6000000012574191501
Q95152183	6000000010131205726
Q95152394	6000000014794395705
Q95152406	6000000001004754620
Q95152481	6000000172705571927
Q95152627	6000000019441752098
Q95152634	6000000049373902985
Q95152657	6000000016478570489
Q95152680	6000000007419205576
Q95152704	6000000007419375310
Q95152877	6000000080282398825
Q95153063	6000000018296352172
Q95153176	6000000057157815941
Q95153185	6000000093521348890
Q95153209	6000000135770250013
Q95153267	6000000066759586082
Q95153341	6000000168921270572
Q951539	6000000007408175631
Q95153904	6000000069285726138
Q95154015	6000000100226859944
Q95154230	6000000014426589705
Q951544	6000000024836932240
Q95154726	6000000163764959106
Q95154785	591997
Q95155090	6000000081304280885
Q95155092	6000000009107977832
Q95155109	6000000034561256874
Q95155173	6000000177746915539
Q95155356	6000000003804503223
Q95155407	6000000021856295146
Q95155864	6000000037445497804
Q95155992	6000000025571821092
Q95156074	6000000015309593988
Q95156157	6000000073379417995
Q95156186	6000000014265050265
Q95156479	6000000058888973373
Q95156686	6000000017916201410
Q95156869	6000000069201963824
Q95156967	6000000182901472826
Q95157340	6000000037848197223
Q95157357	6000000048334068891
Q95157511	6000000056579947956
Q95157542	6000000015452583784
Q95157927	6000000198126353848
Q95157997	6000000021366520088
Q951585	6000000075500596151
Q95159108	6000000016720226172
Q95159389	6000000017875700492
Q95159993	6000000017875753252
Q95160216	6000000023383509873
Q95162346	6000000128092854137
Q95162427	6000000052080893917
Q95162483	6000000041178352938
Q95162531	6000000012470950253
Q951629	6000000061301757940
Q95163055	6000000050023487873
Q95163365	6000000179412785889
Q95163373	6000000042208785891
Q95163374	6000000040887327287
Q95163380	6000000173116775118
Q95163395	6000000174731919840
Q95163397	6000000122432457864
Q95163405	6000000017742878767
Q95163424	6000000177884908834
Q95163440	6000000053514770843
Q95163468	6000000071063315097
Q95163480	6000000039122153556
Q95163488	6000000017595616221
Q95163846	6000000166392969950
Q95164294	6000000020945779054
Q95164299	6000000101073876821
Q95164318	6000000016586273958
Q95164419	6000000169395956839
Q95164429	6000000035713881952
Q95164473	6000000132806565839
Q95164525	6000000021111735133
Q95164527	6000000183464608822
Q95164593	6000000207007337836
Q95164640	6000000076712707982
Q95164673	6000000018047636518
Q95164699	6000000084394679960
Q95164842	6000000088720551895
Q95164880	6000000028790232970
Q95164882	6000000027816013149
Q95164940	6000000100830311878
Q95164954	6000000139704901104
Q95165011	6000000020680933842
Q95165046	6000000171761866006
Q95165053	6000000013629068490
Q95165104	6000000008704974790
Q95165126	6000000186286891484
Q95165150	6000000042117758167
Q95165200	6000000006917450715
Q95165226	6000000025753396872
Q95165272	6000000051135613007
Q95165276	6000000028403396117
Q95165343	6000000075131710846
Q95165344	6000000182886691822
Q95165427	6000000099949249978
Q95165481	6000000036764764483
Q95165493	6000000093402384021
Q95165555	6000000202972925864
Q95165699	6000000166196926887
Q95165726	6000000122649465914
Q95165956	6000000041599786881
Q95166	6000000022187330407
Q95166030	6000000172516197075
Q95166092	6000000133357253824
Q95166123	6000000009867780087
Q95166175	6000000051933775849
Q95166187	6000000023213929399
Q95166194	6000000057149245905
Q95166241	6000000024080643756
Q95166259	6000000180756060822
Q95166282	6000000074721016842
Q95166341	6000000006724777577
Q95166372	4927838703020075553
Q95166393	6000000180438650927
Q95166414	6000000131749418911
Q95166420	6000000031613774821
Q95166435	6000000015035764161
Q95166474	6000000188724715938
Q95166515	6000000003635386070
Q95166517	6000000079377767908
Q95166528	6000000027786040498
Q95166548	6000000177270054864
Q95166586	6000000052259593910
Q95166630	6000000019240719493
Q95166706	6000000026867739531
Q95166709	6000000191409166887
Q95166760	6000000030961012975
Q95166842	6000000180089662848
Q95166888	6000000000070343960
Q95167080	4611298851660069538
Q95167087	6000000025433954874
Q95167254	6000000059176721990
Q95167427	6000000023760785201
Q95167481	6000000103256706260
Q95167668	6000000061835388918
Q95167718	6000000006953343947
Q95167736	6000000144706327907
Q95167763	6000000145767731822
Q951679	6000000016881727812
Q95168015	6000000062461512320
Q95168075	6000000041580188875
Q95168083	6000000078219368538
Q95168102	6000000053308053877
Q95168287	6000000073748820856
Q95168462	6000000014200152841
Q95168679	6000000078216161395
Q95168750	6000000043860821226
Q95169022	6000000007897456185
Q95169079	6000000180426326873
Q95169171	6000000179900074844
Q95169348	6000000088817286916
Q95169844	6000000059519447856
Q95169883	6000000169029880990
Q95170008	6000000019663535264
Q95170173	6000000189747680831
Q95170216	6000000172513779706
Q95170245	6000000180998095891
Q951705	6000000010680611491
Q95170510	6000000043840551891
Q95170518	6000000180575541851
Q95171082	6000000210726126822
Q95171379	6000000033502462109
Q95171501	6000000002765690677
Q95171677	6000000021411380343
Q95171941	6000000054613960821
Q95171963	6000000001828657727
Q95172073	6000000071543304882
Q95172119	6000000092325511010
Q95172524	6000000109273153832
Q95172532	6000000080413369138
Q95172556	6000000030469703846
Q95172771	6000000086642114878
Q95172993	6000000079536994880
Q95173124	6000000025817765261
Q95173301	6000000203568390828
Q95173314	4611416197470026141
Q95173330	6000000029620868235
Q95173694	6000000025210573741
Q95173769	6000000001888301561
Q95173930	6000000021332672115
Q95173939	6000000021456471345
Q95173981	6000000067081605936
Q95174001	6000000126858978038
Q95174061	6000000023853714029
Q95174064	6000000073374990347
Q95174195	6000000057407234335
Q95174229	6000000051894246137
Q95174264	6000000030652115342
Q95174321	5522020206840050016
Q95174329	6000000023867269679
Q95174346	6000000030142362047
Q95174367	6000000024445135746
Q95174477	6000000181832406846
Q95174499	6000000023128813392
Q95174535	6000000204551962116
Q95174555	6000000174591269839
Q95174559	6000000103012900887
Q95174597	6000000000406859147
Q95174650	6000000147788060914
Q951747	6000000221732200834
Q95174714	6000000002765694661
Q95174733	6000000096518840877
Q95174741	6000000088798550188
Q95174780	6000000096532688977
Q95174781	6000000027992744059
Q95174822	6000000041855274980
Q95174839	6000000172711305553
Q95174858	6000000011464407894
Q95174867	6000000052800841984
Q95174897	6000000079500580642
Q95174921	6000000069419079868
Q95174991	6000000079334257875
Q95175014	6000000011247964847
Q95175145	6000000018511354100
Q95175188	6000000092122227846
Q95175206	6000000006812736111
Q95175292	6000000180106117830
Q95175307	6000000087546092946
Q95175366	6000000017629012988
Q95175367	6000000081630091834
Q95175393	6000000020184695202
Q95175395	6000000018893184658
Q95175422	6000000010933492820
Q95175540	6000000027873209706
Q95175600	6000000081756373906
Q95175619	6000000081951389844
Q95175626	6000000173005885664
Q95175666	6000000199285412882
Q95175716	6000000019007486594
Q95175760	6000000080942149171
Q95175770	6000000010145162007
Q95175775	6000000168186526217
Q95175776	6000000174448693087
Q95175802	6000000006411464713
Q95175835	6000000020039979059
Q95175836	6000000176443411822
Q95175866	6000000040223503212
Q95175870	2771409
Q95175911	6000000215430373689
Q95175935	6000000088687582821
Q95175939	6000000080940207099
Q95175992	6000000048758720919
Q95176075	6000000182357965831
Q95176090	6000000178673994884
Q95176153	6000000180736687859
Q95176191	6000000081745429086
Q95176197	6000000177121609967
Q95176240	6000000019025202285
Q95176246	6000000181909581832
Q95176325	6000000188187777825
Q95176337	6000000084588948696
Q95176472	6000000179545602823
Q95176513	6000000021637384159
Q95176585	6000000156086809938
Q95176603	6000000024195454974
Q95176758	6000000131687928166
Q95176920	6000000179942080900
Q95177161	6000000080825987011
Q95177198	6000000082750572212
Q95177209	6000000017277891016
Q95177360	6000000018775536424
Q95177425	6000000065921411833
Q95177476	6000000033302476104
Q95178	6000000032874518565
Q95178152	6000000029618806785
Q95178211	6000000081193091869
Q95178663	6000000009308381874
Q95178694	6000000039866759031
Q95178745	6000000011025594403
Q95178845	6000000013386821402
Q95179	6000000087281150165
Q95179004	6000000059254903102
Q95179011	6000000086585259986
Q95179013	6000000104599341943
Q95179279	6000000041945570968
Q95179396	6000000182716576859
Q95179415	6000000020947585618
Q95179468	6000000038427565943
Q95179488	6000000183887082835
Q95179521	6000000075133890913
Q95179529	6000000019569102600
Q951798	6000000035894932634
Q95179809	6000000065518939864
Q95179906	6000000007289894796
Q95179938	6000000039132702086
Q95180209	6000000087632786862
Q95180235	6000000034506117898
Q95180256	6000000018339550406
Q95180326	6000000065136375140
Q95180338	6000000005592063671
Q95180394	6000000066759099848
Q95180441	6000000036765039162
Q95180557	6000000129372112888
Q95180607	6000000007495874854
Q95180827	6000000024715931594
Q95180833	6000000073374066197
Q95181123	6000000048604392992
Q95181147	6000000006427799929
Q95181180	6000000021745418775
Q95181315	6000000036467925544
Q95181316	6000000097223366945
Q95181352	6000000009685286934
Q95181397	6000000082533054957
Q95181568	6000000181430868889
Q95181620	6000000035009790103
Q95181656	6000000165582697845
Q95181872	6000000185496325044
Q95181900	6000000061647116979
Q95181966	6000000027691504282
Q95182000	6000000008526435297
Q95182129	6000000009832187960
Q95182137	6000000008429534501
Q95182201	6000000023441360608
Q95182203	6000000007265908267
Q95182205	6000000020361654989
Q95182235	6000000016816350956
Q95182330	6000000104599530822
Q95182404	6000000157962556858
Q95182445	6000000018653538420
Q95182752	6000000082027880649
Q95182797	6000000184306288851
Q95182927	6000000018047184321
Q95182957	6000000139433274528
Q95182995	6000000093401949174
Q95183047	6000000127078141930
Q95183059	6000000124147320843
Q95183084	6000000187959976372
Q95183115	6000000103358711894
Q95183138	6000000127598576845
Q95183154	6000000024512195909
Q95183159	6000000109511833856
Q95183200	6000000036620138923
Q95183249	6000000105916430892
Q95183256	6000000079500078071
Q95183270	6000000153498976846
Q95183273	6000000000726888092
Q95183300	6000000179829710845
Q95183336	6000000081302898710
Q95183459	6000000087555727839
Q95183791	6000000009649014502
Q95183795	6000000116522459822
Q951847	6000000037581427291
Q95185925	6000000174239023038
Q951874	6000000007632558812
Q951879	6000000004065057793
Q95189809	6000000016427989418
Q95190174	6000000078132129444
Q951902	6000000031497868035
Q951903	6000000008606935626
Q95190320	6000000020985122840
Q95190545	6000000011335289624
Q95191	6000000042013418126
Q95191659	6000000006900925506
Q95191910	6000000004960018802
Q95191922	6000000022861417294
Q95191973	6000000024034266843
Q95192379	6000000013410276230
Q95193218	6000000010152726185
Q95193227	6000000049506924273
Q95193625	6000000172095443525
Q95194096	6000000178485590848
Q95194305	6000000011569154412
Q95194311	6000000014565966928
Q95194442	6000000021193120355
Q95195218	6000000022275724693
Q95195262	6000000016528573726
Q95195422	6000000017717838820
Q95195763	6000000136201982833
Q95196187	6000000004884976596
Q95196250	6000000083671920233
Q951963	6000000020666239779
Q95196321	6000000022244376741
Q95196508	6000000059451515181
Q95196697	6000000059061665670
Q95196824	6000000019669078091
Q95197168	6000000089238382985
Q95197411	6000000035938689607
Q95197735	6000000001335748214
Q95197928	6000000085754410483
Q95198291	6000000041953728596
Q95198868	6000000020960092340
Q95199540	387761260030005749
Q95199874	6000000004097290200
Q952000	6000000051694739841
Q952022	6000000064030411941
Q95202582	6000000002802652965
Q95202812	6000000022515880418
Q95202998	6000000003801022840
Q95204	6000000002764436145
Q95204803	2992858
Q95204871	6000000026831436800
Q95204912	6000000019217866805
Q95206219	6000000068663904874
Q95206365	6000000021357078091
Q95206383	6000000050109633886
Q95206528	6000000014745107366
Q95206680	6000000025003342780
Q95206840	6000000081836673822
Q95207042	6000000024902881100
Q95207297	6000000026903284080
Q95207326	6000000022334300035
Q95207346	6000000210063080909
Q95207381	6000000041021768178
Q95207473	6000000028972035060
Q95207488	6000000012697585161
Q95207517	6000000009396960061
Q95207688	6000000125918127952
Q95208711	6000000004380018211
Q95208718	6000000065452942855
Q95208943	6000000019139474106
Q95208988	6000000169027598864
Q95209	6000000002802349349
Q95209132	6000000081587261473
Q95209162	6000000171741549851
Q95209200	6000000163807843833
Q95209382	6000000073214836852
Q952094	6000000061727943142
Q95209656	6000000010485313344
Q95209674	2903831
Q95209716	6000000184416390829
Q95209723	6000000001530773997
Q95209753	6000000020841680856
Q95209839	6000000111060086860
Q95210259	6000000003660049871
Q95210500	6000000012250533580
Q952108	6000000041410130575
Q95211038	6000000017221555664
Q95211347	6000000020202603876
Q952114	6000000008441687641
Q95211419	6000000139518064890
Q95211454	6000000088141375829
Q95211529	6000000141849239953
Q95211577	6000000173361102161
Q95211674	6000000115305464848
Q95211722	6000000185108203835
Q95211903	6000000059710731821
Q95211968	6000000024449718824
Q95212043	6000000086775612133
Q95212183	6000000114649127884
Q95212240	6000000174436029825
Q95212242	6000000205920788870
Q95212274	6000000160590092879
Q95212440	6000000078551548890
Q95212511	6000000180963706896
Q95212598	6000000067662618843
Q952127	6000000017679293226
Q95212702	6000000025880853046
Q95212707	6000000021493590266
Q95212758	6000000026761272121
Q95212854	6000000021456588092
Q95213004	6000000179649637823
Q95213015	6000000056800975851
Q95213135	368364199610011301
Q95213651	6000000015700941450
Q95214	6000000000329682290
Q95214077	386086283040003983
Q95214082	6000000139176754260
Q95214098	6000000046909343955
Q95214107	6000000074086685160
Q95214131	6000000094211878874
Q95214147	6000000020838059374
Q95214164	6000000025644993541
Q95214178	6000000028497174732
Q95214222	6000000134600767852
Q95214241	6000000170073500001
Q95214255	6000000019704064496
Q95214312	6000000050929925908
Q95214344	6000000165986638006
Q95214363	6000000081056618419
Q95214364	6000000198615050836
Q95214369	6000000021897580137
Q95214372	6000000030410874880
Q95214387	6000000171841986022
Q95214470	6000000022382549248
Q95214480	6000000000112875691
Q95214498	6000000020590562660
Q95214551	6000000163775971830
Q95214606	6000000081042391076
Q95214610	6000000211732302786
Q95214688	6000000013468074166
Q95214700	6000000180916184830
Q95214751	6000000129309713879
Q95214847	6000000024386343271
Q95214869	6000000010799324593
Q95214880	6000000163823965980
Q95214884	6000000011571367557
Q95214930	6000000059602594919
Q95215034	6000000005743493620
Q95215258	6000000012997506050
Q95215312	6000000026338728341
Q95215517	6000000012469284209
Q95216	6000000067101911024
Q952160	6000000181574567831
Q95216002	6000000013487304387
Q95217068	6000000127350316890
Q95217114	6000000008969841392
Q95217199	6000000162487794825
Q95217221	6000000056675900938
Q95217409	6000000174650835216
Q95217805	6000000035240885260
Q95217966	6000000063854460834
Q95218319	6000000083876608043
Q95218494	6000000002764943792
Q95218593	6000000013450668442
Q95218871	6000000026976988264
Q95219110	6000000003143705653
Q952196	6000000069612485825
Q95219637	6000000007089369474
Q952198	6000000009710627433
Q95219866	6000000078767959066
Q95219958	6000000017759178099
Q95220044	6000000096162323821
Q95220274	6000000183079157853
Q95220367	6000000038067930912
Q952205	386089433340010214
Q95220574	6000000103703314008
Q95220794	6000000076883721283
Q95221636	6000000065143525876
Q95221716	6000000057404843031
Q95221821	6000000076663547507
Q95222	6000000035858387846
Q952220	6000000030988387131
Q95222425	6000000006196305607
Q95222746	6000000187110568837
Q95222787	6000000196902946917
Q95222992	6000000019557741370
Q95223416	6000000105036058171
Q95224705	6000000018261761369
Q95225	6000000026162551508
Q95225107	6000000040715507727
Q95225285	6000000096818105028
Q952267	6000000076182913371
Q95226784	6000000040722045830
Q952268	6000000030481400798
Q95226983	6000000004832739891
Q95227014	6000000058845659838
Q95227212	6000000085438944899
Q95227213	6000000005004807074
Q95227412	6000000167330631825
Q95227489	6000000111791453054
Q95227608	6000000119348182884
Q95227789	6000000031613384988
Q95228040	6000000015467413062
Q95228264	6000000139839118821
Q95228430	6000000021651462582
Q95228514	6000000073303926917
Q95228550	6000000182736835821
Q95228593	6000000018540633044
Q95229138	6000000044413755139
Q95229604	6000000023637291393
Q95230329	6000000042646316840
Q95230540	6000000020321652334
Q95230909	6000000000015128956
Q95231378	6000000011474819004
Q95231561	6000000077946715096
Q95231608	6000000013935641304
Q95231623	6000000043225163480
Q95232139	6000000015385280650
Q95233440	6000000143107344924
Q95234480	6000000034560713590
Q95234768	6000000078132647029
Q95235777	6000000015972726505
Q952359	6000000075971313248
Q95236141	6000000035129065514
Q95236569	6000000044214012090
Q95236585	6000000018091820147
Q95237042	6000000002394336782
Q952378	6000000014674932177
Q95238319	6000000014673276167
Q95238824	6000000002280087991
Q95239	6000000054762576906
Q95239031	6000000039859903609
Q95239630	6000000017817636510
Q95240	6000000085502467821
Q95240139	6000000006127817429
Q95240213	6000000040598730353
Q95240351	6000000074783403915
Q95240831	6000000015393694524
Q95240915	6000000180583104011
Q95241548	6000000027482064170
Q95241664	6000000000182082056
Q95241714	6000000008250112042
Q95241809	6000000019006463193
Q95241980	6000000007604832867
Q95242517	6000000097159467873
Q95242560	6000000076669025667
Q95242603	6000000030264185501
Q95243012	6000000174450060822
Q95243231	6000000038495765144
Q95243260	362350673290012155
Q952436	6000000178965266837
Q95243645	6000000042013933271
Q952451	6000000079247325865
Q952452	6000000010793379694
Q95245337	6000000019845404649
Q95246	6000000172693596250
Q95246129	6000000027775948114
Q95246433	6000000075420564895
Q95246491	6000000099304927821
Q95246585	6000000077803681864
Q95246669	6000000038830763623
Q95246745	6000000063646960902
Q95246830	6000000026369427642
Q95246909	6000000048748808167
Q95246948	6000000178066900835
Q95246988	6000000068420739850
Q95247386	6000000006917538569
Q95247722	6000000077585969658
Q95247947	6000000014188740159
Q95248097	6000000070014524255
Q95248155	6000000041576096163
Q95248205	6000000055242512853
Q95248270	6000000035914874863
Q95248445	6000000072328987640
Q95248610	6000000054563380893
Q95248852	6000000016668825456
Q95249199	6000000018545625305
Q95249545	6000000035364752492
Q95249912	6000000012804790441
Q95250	6000000120878053830
Q95250116	6000000007537331493
Q95250470	6000000058807526067
Q95250518	6000000197757170827
Q95251171	6000000008044575520
Q95251186	6000000007995588634
Q95251665	6000000019161030943
Q95251669	6000000000186604686
Q95251676	6000000072384731934
Q95252104	6000000026574859328
Q95252527	6000000012784342030
Q95254575	6000000031302264274
Q95254759	6000000057916793843
Q95255164	6000000050107588824
Q95255359	6000000053052586050
Q95256336	6000000071900270420
Q95256588	6000000032659902920
Q95256927	6000000037883876868
Q95256952	6000000017827222916
Q95257076	6000000015337909741
Q95257134	6000000078081723040
Q95257503	6000000018253437851
Q95257875	6000000085757747867
Q95258036	6000000181742309863
Q95258055	6000000002638152572
Q95258060	6000000056585749143
Q95258179	6000000176225492839
Q95258550	6000000174620898833
Q95258574	6000000021604760786
Q95258912	6000000028705069065
Q95259087	6000000055317972229
Q95259310	6000000196463297832
Q952597	6000000010383447529
Q952600	6000000003160351996
Q952614	6000000026286686645
Q95261720	6000000027151927940
Q95261763	6000000174767698883
Q95262371	6000000171815651831
Q95263020	6000000179746022950
Q95263080	6000000019912224406
Q95263316	6000000139345851978
Q95263463	6000000178195742832
Q95263801	6000000024475111698
Q95263845	6000000025377446009
Q95264650	6000000037556792049
Q952648	6000000156184025822
Q952657	6000000020088984020
Q95265849	6000000178739540821
Q95266666	6000000033455370865
Q95267158	6000000156374824832
Q952676	6000000081114871435
Q95268	6000000086864814857
Q95268684	6000000102856517821
Q952688	6000000017748017590
Q95268814	6000000023511376420
Q952690	6000000001273802012
Q95269224	6000000034360721375
Q95269248	6000000061210069950
Q95270203	6000000011397857109
Q952706	6000000119453067821
Q952708	6000000026389675059
Q95272	6000000002188425205
Q95274998	6000000020947529894
Q95275274	6000000154322360021
Q95276617	6000000007150289288
Q95276747	6000000051972558043
Q95277542	6000000017719824340
Q952779	6000000016307162339
Q95280803	6000000020960085268
Q95280951	6000000008301301263
Q95281183	6000000015329299111
Q952813	6000000016543045836
Q95282364	6000000029665251737
Q95282410	6000000059828372825
Q95282655	6000000180546735833
Q95282990	6000000017046703233
Q95283	6000000125333538945
Q95283256	6000000007014440975
Q95283322	6000000179042461880
Q95284659	6000000002829559661
Q95284994	6000000117250358821
Q95285370	6000000025282853492
Q952858	6000000004413272012
Q95286	6000000075490703109
Q95286067	6000000011382865227
Q952864	6000000023287063864
Q95286731	6000000119918902176
Q95286761	6000000014650251459
Q952875	6000000091628212843
Q952878	4150593
Q95290	6000000023883587909
Q95291344	6000000054056881872
Q95291807	6000000107658135887
Q95292865	6000000048071681099
Q95293202	6000000069941914153
Q95295891	6000000018833656227
Q95295907	6000000016120546177
Q95296	6000000019183018001
Q95296049	6000000021012084856
Q95296465	6000000047719245821
Q952965	6000000031543087247
Q95296609	6000000037841543411
Q95296626	6000000077818818361
Q95296647	6000000021016884927
Q95297	6000000025767638271
Q95297055	6000000180411302871
Q95298649	6000000034012147290
Q952991	6000000064680746895
Q95299310	6000000114797064258
Q95299795	6000000138549284861
Q953004	6000000078449253855
Q953008	4895049409130033283
Q95301	6000000007061606167
Q95301105	6000000041793170356
Q95301161	6000000022516178938
Q95302519	6000000062674846842
Q95302521	6000000219052263822
Q95302838	6000000107789453949
Q95303	6000000010584623775
Q953043	6000000109814061033
Q95304929	6000000002844073353
Q95305085	6000000018280073329
Q95307046	6000000019954782780
Q95307057	6000000018685031261
Q953078	6000000000340094202
Q95307810	6000000099000532912
Q95307843	6000000021847288029
Q95308	6000000011387796484
Q953089	6000000121494512821
Q95308967	6000000023711450421
Q95309336	6000000052898815124
Q95309711	6000000018686833882
Q953120	5233243680810117488
Q95312388	6000000102744414876
Q95313255	6000000054550173832
Q953139	6000000027563719475
Q95314808	6000000025691476575
Q95315019	6000000017378358969
Q95315021	6000000011381884460
Q95315027	6000000001700359828
Q95315050	6000000006127621750
Q95315059	6000000017836091512
Q95315063	6000000019527997100
Q95315340	6000000038633830151
Q95316011	6000000176120521392
Q95316397	6000000002765045195
Q95316430	6000000206250006827
Q95316495	6000000202619711827
Q95316514	6000000114488672834
Q95316523	6000000013577886270
Q95316637	6000000024359410211
Q95316638	6000000011568997719
Q95316648	6000000024021147588
Q95316678	6000000039754668901
Q95316732	6000000009787116450
Q95316869	6000000007651781376
Q95317	6000000074180114821
Q95317044	6000000019528034067
Q95317056	6000000040049630978
Q95317056	6000000208386683821
Q95317079	6000000028666875929
Q95317088	6000000032338128697
Q95317103	6000000049091273848
Q95317205	6000000021529008596
Q95318692	6000000135263882910
Q953187	3963072004550024001
Q95318724	6000000040044828272
Q95318730	6000000007478668362
Q95318734	6000000029903256129
Q95318761	6000000010797698352
Q95318791	6000000029839789276
Q95319020	6000000180501155827
Q95319038	6000000020557759042
Q95319072	6000000009763662347
Q95319080	6000000007385151641
Q95319086	6000000014054014229
Q953191	6000000074714900994
Q95319316	6000000014045130651
Q95319370	6000000108564376842
Q95319399	6000000018229487988
Q953196	6000000036367463733
Q953211	6000000179673034852
Q95321317	6000000018936212033
Q95321426	6000000019528858170
Q95321434	6000000003833917433
Q95322217	6000000039410101527
Q95323205	6000000038826585116
Q95325240	6000000181557922859
Q95325422	6000000083815359933
Q95325497	6000000096827508214
Q95325790	6000000026391037441
Q95326165	6000000039349434862
Q95326565	6000000018349047486
Q95327	6000000002161395401
Q95327820	6000000000441338065
Q95329868	6000000018426009735
Q95330491	6000000016417280462
Q95330839	6000000025622119401
Q95332285	6000000069230011930
Q953325	6000000038765898066
Q95332508	6000000036765219037
Q95332557	6000000000709203760
Q95332723	6000000079258082591
Q95332868	388764520660006353
Q95333451	4401217428560123511
Q953336	6000000016024426760
Q95333810	6000000019757388991
Q95333815	6000000037954354326
Q95334323	6000000158602126862
Q95335664	6000000007594726177
Q95336040	6000000211479585827
Q95336568	6000000053000458140
Q953375	6000000152784799821
Q95338500	6000000173445415821
Q95338683	6000000038271952290
Q95338726	4375656097240088009
Q95338836	6000000086195393822
Q95338870	6000000100370148065
Q95339	6000000030793898123
Q95339436	6000000016813439921
Q95339516	6000000002143323451
Q95339730	6000000103948803880
Q95339941	6000000002006059417
Q95340251	6000000009082495021
Q95340456	6000000019349987947
Q95341569	6000000047849177110
Q953440	5186961774390131903
Q953458	6000000114998108083
Q953467	6000000008630935389
Q953474	6000000039707246231
Q95348335	6000000174744307381
Q953486	6000000006830996034
Q95348693	6000000027438833321
Q95349331	6000000172304624993
Q95349813	6000000003076496265
Q95349976	6000000083350284194
Q9535	6000000010444479434
Q95350015	6000000008831974800
Q953504	6000000000956561439
Q95350603	6000000006444687709
Q95350693	6000000000908446127
Q953507	6000000065328460077
Q95350746	6000000009288964623
Q95351040	6000000002143324179
Q95351196	6000000004181593547
Q95351638	6000000000834242803
Q95351710	6000000002640149288
Q95353031	6000000021343004859
Q95354	6000000001944648735
Q95354899	6000000013899905569
Q95354967	6000000016477999062
Q95355	6000000000011275873
Q953554	6000000042193361584
Q953579	6000000039057902831
Q95358	6000000020351995513
Q95359	6000000006727855100
Q95361	6000000039229465347
Q95361227	6000000019169551251
Q95361270	6000000022639509954
Q95361318	6000000001428301390
Q95361490	6000000116944607032
Q95361546	6000000089738225821
Q95361566	6000000007263758377
Q95361608	6000000073751082024
Q95361614	6000000028359784162
Q95361664	6000000098021399834
Q95361775	4208145672720030527
Q95361813	6000000176396373839
Q95361879	6000000182119777821
Q95361915	6000000099954671822
Q95362011	6000000044466706065
Q95362054	6000000064831127913
Q95362082	6000000087632698836
Q95362083	6000000087632710881
Q95362094	6000000174234102822
Q95362234	6000000017218675096
Q95362235	6000000023781881455
Q95362310	6000000172279773817
Q95362348	6000000182247881821
Q95362374	6000000050079309054
Q95362420	6000000038456830952
Q95362465	6000000125625976940
Q95362638	6000000078546501844
Q95362792	6000000081916138933
Q95363270	6000000058304879821
Q95363365	6000000065168144924
Q95363481	6000000009644270493
Q95363618	6000000062025204891
Q95363651	6000000071032444435
Q95363709	6000000156643962821
Q95363996	6000000052257483944
Q95364	6000000026518225899
Q95364029	6000000174308194966
Q95364086	6000000084255065312
Q95364362	6000000151681438896
Q95364490	6000000081755883885
Q95364496	6000000207651505841
Q95364530	6000000007844744619
Q95364531	6000000007844909205
Q95364539	6000000021962906824
Q95364551	6000000013898001009
Q95364633	6000000164549023821
Q95364682	6000000148027769822
Q95364693	6000000041566046082
Q95364696	6000000069281543822
Q95364817	6000000063632500940
Q95364860	6000000127350458838
Q95364926	6000000140760159380
Q95364980	5294395335110117783
Q95365082	6000000025606597639
Q95365213	6000000041559699938
Q95365330	6000000029165618484
Q95365451	6000000024182735996
Q95365459	6000000100006988844
Q95365460	6000000041976107790
Q95365525	6000000173966295841
Q95365535	6000000124153268905
Q95365548	6000000021125954373
Q95365638	6000000078014674239
Q95365791	6000000032183761520
Q95365830	6000000166430848012
Q95365859	6000000034355931044
Q95366182	6000000008123069017
Q95366278	6000000074902367286
Q95366305	6000000026681104825
Q95366438	6000000019693779021
Q95366671	6000000037383899715
Q953674	6000000046851758974
Q95368242	2242515
Q95368346	6000000199365887870
Q95370	6000000103047411929
Q95370642	6000000027756538081
Q95371116	6000000020584952850
Q953717	6000000009784521027
Q953718	6000000000628851604
Q95371850	6000000064455458821
Q95372218	6000000012056023751
Q95372630	6000000173286032056
Q95372665	6000000161880126886
Q95374410	6000000033571865213
Q95374453	6000000001263424463
Q953749	6000000015403782152
Q95374986	6000000011645007401
Q95375032	6000000099148542836
Q95375381	6000000003124557258
Q953756	6000000027418143957
Q95375880	6000000024379938384
Q95375911	6000000127356502822
Q95376346	6000000068055640821
Q95376373	6000000004297981741
Q95376410	6000000069302698822
Q95376465	6000000048789560290
Q95376487	6000000165351026079
Q95376692	6000000037873235186
Q95377780	6000000023243267879
Q953785	6000000157021244824
Q95378542	6000000124414607872
Q95378569	6000000053982965860
Q95378788	6000000181909571831
Q95378859	6000000004355447787
Q95379	6000000004237105455
Q95379088	6000000077654282128
Q95379541	6000000039155795651
Q95379914	6000000079537673064
Q95380315	6000000001824052029
Q95380480	6000000025915514159
Q95380710	6000000078709693333
Q95380984	6000000169800488980
Q95381370	6000000020962311140
Q95381392	6000000026867943089
Q95382041	6000000012333126167
Q95382407	6000000055254082918
Q95382435	6000000025540391480
Q95382536	6000000199898447874
Q95382948	6000000039129917467
Q95383143	6000000015762601420
Q95383340	6000000011092963386
Q95383509	6000000057636780979
Q95383528	6000000004171107200
Q95385	6000000017310208809
Q95387090	6000000019863783945
Q95387149	6000000041300541112
Q95387201	6000000109511964823
Q95387294	6000000007273185137
Q95387477	6000000073213080664
Q953878	5203671294210030824
Q95388135	4763299
Q95388161	6000000018077006873
Q95388163	6000000070491721950
Q953882	6000000055609707867
Q95388223	6000000080768016256
Q95388252	6000000026132482539
Q95388337	6000000075997148822
Q95388380	6000000000095205083
Q95388408	6000000030858584935
Q95388448	6000000166003536139
Q95389045	6000000073648982001
Q95389052	6000000008376407231
Q95389176	6000000013657490937
Q95389206	6000000080769369190
Q95389271	6000000018698030180
Q95389359	6000000101009435923
Q95389505	6000000044223460543
Q95389853	6000000036220134106
Q95389888	6000000067521429868
Q95389896	6000000177508179829
Q95390026	6000000063780269328
Q95390109	6000000073648774026
Q95390272	6000000068028181930
Q95390562	6000000044276033887
Q95390673	6000000035133290351
Q95390779	6000000022420780985
Q95390804	6000000010163363369
Q95390832	6000000003501135170
Q95390901	6000000109964353863
Q95390953	6000000192761643826
Q95391076	6000000019214431495
Q95391079	6000000015917762219
Q95391150	6000000047977178921
Q95391331	6000000012057216558
Q95391337	6000000031681914517
Q95391338	6000000006411464258
Q95391342	6000000001007167755
Q95391379	6000000007003454204
Q95391519	6000000111063740882
Q953916	6000000015077822500
Q95391774	6000000014095489459
Q95391851	6000000016884177926
Q95392243	6000000065174202845
Q95392861	6000000019322927219
Q95392974	6000000178032581837
Q953930	6000000145226916907
Q95393484	6000000194164585844
Q95393509	6000000015799568289
Q95393517	6000000000023270734
Q953936	6000000127150728924
Q95393861	6000000026118317532
Q95394	6000000181709749825
Q95394019	6000000151762549937
Q95394033	6000000008250926867
Q95394068	6000000010405202160
Q95394218	6000000107823796821
Q95394881	6000000031601864731
Q953952	6000000026482805869
Q95395493	6000000084309507001
Q95395556	6000000093976889912
Q95395866	6000000082314769827
Q95396187	6000000016368363998
Q95396248	6000000011071761326
Q95396399	6000000002765673010
Q95396453	324465869230001608
Q953967	6000000004247764541
Q95396700	6000000018445633646
Q95396721	6000000014776932468
Q95396740	6000000004087610484
Q95396843	6000000052550961000
Q95396878	6000000041970595000
Q95396983	6000000020308963351
Q95397192	6000000077886991127
Q95397226	6000000006664455001
Q95397657	6000000050796169836
Q95398380	6000000139518413950
Q95398390	6000000015694077593
Q95398410	6000000089500648845
Q953989	6000000172482223869
Q95399282	6000000015693822883
Q95399344	5242604112300105108
Q95399417	6000000007014479491
Q95399562	6000000010894701559
Q953998	6000000002518710166
Q95399944	6000000115427600035
Q95400048	6000000175637978860
Q95400275	4991557910750044325
Q95400358	6000000026118909311
Q95400546	6000000048604561963
Q95400717	6000000015694249657
Q95400735	4620619452420059715
Q95400819	6000000020835175787
Q95401086	6000000078499607010
Q95401253	6000000097708465840
Q95401394	6000000025753984281
Q95401549	6000000013789911823
Q95401638	6000000175602367855
Q95401682	6000000008542757425
Q95401689	6000000039130139837
Q954019	6000000058508306158
Q95402028	6000000022126858679
Q95402037	6000000003833898226
Q95402071	6000000042456578869
Q95402193	6000000103470657832
Q95402402	6000000020601636189
Q95402415	6000000120664544187
Q95402443	6000000032191150987
Q95402444	6000000129164781916
Q95402483	6000000019841640395
Q95402510	6000000035887704949
Q95402731	6000000083973061331
Q95402874	6000000076212941468
Q95402937	6000000041717065556
Q95403110	6000000030876015986
Q954034	6000000070860618946
Q95403758	6000000023899666679
Q95404	6000000002802349284
Q95404322	6000000040655019234
Q95404331	6000000040655098126
Q95405775	6000000004335024372
Q95406078	6000000202902091842
Q954089	6000000006444159789
Q954093	6000000074786213978
Q954106	6000000145345308931
Q95411358	6000000012943222414
Q954147	6000000116747999884
Q954184	6000000081051402918
Q95419	6000000016600855230
Q95420034	6000000026832842318
Q954203	6000000012247590493
Q95422055	6000000015336379195
Q95422058	6000000010113905603
Q954225	6000000014300815451
Q954251	6000000006444115481
Q95425868	6000000003222173665
Q95427801	6000000003939451215
Q95428	6000000042184789907
Q95429882	6000000001006995560
Q95432513	6000000004868738236
Q954329	6000000007127732284
Q95434	6000000039936886005
Q95434449	6000000004868022229
Q95434625	6000000004868022202
Q95434716	6000000019883409461
Q95434811	6000000018047639273
Q95434813	6000000182530946824
Q95434816	6000000053805234182
Q95434827	6000000054558642888
Q95434972	6000000174505539038
Q95435026	6000000172294927821
Q95435321	6000000180989557829
Q95435388	6000000157772060821
Q954355	6000000182238457823
Q95435564	6000000099948642860
Q95435662	6000000083175292821
Q95435785	6000000009632029555
Q95436052	6000000080343484156
Q95436095	6000000025573311370
Q95436101	6000000000345451262
Q95436158	6000000030760832830
Q95436339	6000000008138725284
Q95436559	6000000000238679114
Q95436764	6000000017511611015
Q95436773	6000000065174422875
Q95436815	6000000076791242035
Q95436818	6000000076790742628
Q95436992	6000000028565922532
Q95437002	6000000041363815087
Q95437045	6000000092606498527
Q95437255	6000000170738450212
Q95437406	6000000080178850858
Q95437454	6000000019101824103
Q95437578	6000000100006988838
Q95437611	6000000081806051850
Q95437764	6000000025554499778
Q95437893	6000000174408711316
Q95437922	6000000132689005825
Q95437950	6000000180421902821
Q95438105	6000000116927467095
Q95438151	6000000178619626831
Q954383	6000000009352407665
Q95438323	6000000030944052045
Q95438660	6000000010894494861
Q95438778	6000000178180755839
Q95438922	6000000035282139164
Q954398	6000000002919371069
Q95439927	6000000046509067613
Q954410	6000000012821491519
Q95441697	6000000086734170080
Q95441885	6000000000237024641
Q95442175	6000000023900201200
Q95442191	6000000021604914911
Q95442260	5361933259950062211
Q95442521	6000000081299387280
Q95442568	6000000084672440274
Q95443022	6000000050023521821
Q95443119	6000000081759582639
Q95443315	6000000048330508123
Q95443356	6000000057034959067
Q95443578	6000000125918227822
Q95443631	6000000176101008038
Q95443665	6000000076681128910
Q95443679	6000000079935721839
Q95443690	6000000113525969085
Q95443703	6000000109635625823
Q95443705	6000000029645509455
Q95444193	6000000025955255435
Q95444231	6000000091869121834
Q95444358	6000000022382546170
Q95444397	6000000075011583289
Q95444548	6000000018336629701
Q95444768	6000000110595288851
Q95444870	6000000111308517821
Q95444876	6000000001702427868
Q95445597	6000000054863146827
Q954465	6000000032871733873
Q954466	6000000012709864725
Q95447138	6000000005586033232
Q95447753	285640212930006102
Q95447780	6000000017756386301
Q95447788	6000000002537102008
Q95448068	6000000076787705929
Q95448086	6000000072802915971
Q95448700	6000000182658355828
Q95449360	6000000006265529563
Q95449819	6000000151505013935
Q9545	6000000010826808003
Q95450051	6000000180105919838
Q95450073	6000000138618726035
Q95450171	6000000012877696223
Q95450258	6000000050949454977
Q95450319	6000000078311967890
Q95450355	6000000182655499852
Q95450763	6000000059614874855
Q95450878	6000000082845492589
Q95451	6000000030348262228
Q95451079	6000000017426084767
Q95451127	6000000004272725741
Q95451180	6000000167366561842
Q95451240	6000000079030579973
Q95451429	6000000082601514137
Q95451562	6000000012150096864
Q95451613	6000000160451601821
Q954517	6000000179722154838
Q95451843	6000000017607146809
Q95451869	6000000074455886905
Q954527	6000000069431824852
Q95453	6000000029719266035
Q95453169	6000000034024669044
Q95453302	6000000174998006532
Q95453350	6000000002121241759
Q95453460	6000000182366433666
Q95453616	6000000104122025949
Q95453744	6000000094211878962
Q95453867	6000000125917929917
Q95453877	6000000000726814649
Q95453920	6000000081301994256
Q95453935	6000000081300460888
Q95453954	6000000013279442631
Q95454030	6000000032333481662
Q95454125	6000000064596864839
Q95454186	6000000036098300000
Q95454203	6000000092737486898
Q95454428	6000000076038783925
Q95454681	6000000077438311926
Q95454847	6000000088360590858
Q95455204	6000000018888165595
Q95455210	6000000093402183104
Q95455333	6000000076559730998
Q95455547	6000000147425577960
Q95455733	6000000001253338380
Q95455744	6000000002802254907
Q95455757	6000000173903416262
Q95455974	6000000070013489855
Q95455999	5620041946930061444
Q95456001	6000000082790220886
Q95456002	5520168878320123737
Q95456025	6000000111015037932
Q95456035	6000000025581465495
Q95456079	6000000084915248205
Q95456143	6000000063789955889
Q95456155	5613934452950060354
Q95456233	6000000209212126873
Q95456316	6000000039228043207
Q95456395	6000000015036663151
Q95456423	6000000172463457920
Q95456515	6000000168936706860
Q95456567	6000000051564355917
Q95456660	6000000083074671755
Q95456724	6000000159901355053
Q95456865	6000000197251588832
Q95456876	6000000168543343821
Q95457231	6000000178294023822
Q95457270	6000000177908613823
Q95457764	6000000000178190772
Q95457797	6000000002388795260
Q95457800	6000000082193543821
Q95457951	6000000113539065944
Q95458496	6000000079892069716
Q95458531	6000000013212104521
Q95458540	6000000146806018931
Q95458557	6000000013586646979
Q95458561	6000000051842561912
Q954591	6000000034314525985
Q95459535	6000000053108061863
Q95460785	6000000076224748118
Q95461060	6000000179608784835
Q95461661	6000000179359273827
Q95461821	725152
Q95461887	6000000212341835830
Q95461893	6000000061288666037
Q95461903	6000000020422901424
Q95461984	6000000003463273923
Q95462053	6000000024206523494
Q95462329	6000000030552725426
Q95462340	5415136453640030192
Q95462414	6000000092452051961
Q95462690	6000000043846458074
Q95462841	6000000177581537886
Q95462866	6000000009076484031
Q95463134	6000000024681380580
Q95463478	6000000181700266839
Q95463585	6000000014949348916
Q954636	6000000176741362860
Q95463678	6000000107949673010
Q95463952	6000000001131793339
Q95464171	6000000011377477967
Q95464464	6000000028473806964
Q954650	6000000007840819284
Q95465127	6000000024932584062
Q95465378	6000000061037211833
Q95465410	6000000012577577612
Q95465862	6000000008526420349
Q95466186	6000000072045033984
Q954665	6000000020638379660
Q95467511	6000000015507892259
Q95467773	6000000172587469787
Q954681	6000000019805523018
Q95468138	6000000007776017941
Q95468616	6000000078017420950
Q95468726	6000000084526759005
Q95469120	6000000214630533845
Q95469139	6000000021456474181
Q954692	6000000141115306822
Q95469303	6000000027691092110
Q95469323	6000000030184599944
Q95469330	6000000177773045835
Q95469359	6000000023853530951
Q95469480	6000000146472981091
Q95469492	6000000008265749408
Q95469583	6000000002145966274
Q95469586	6000000135794963273
Q95469604	6000000130183368221
Q954698	6000000134155440821
Q95469875	6000000028732057628
Q95469890	6000000182944915833
Q954705	6000000002783105834
Q95470611	6000000003580047005
Q95470622	6000000025243637790
Q95471028	6000000181729662838
Q95471041	6000000076960645705
Q95471433	6000000016101553185
Q95471624	6000000080442383822
Q95471647	6000000153912635925
Q95471790	6000000056540435957
Q95471957	6000000179733424932
Q954720	6000000009570965269
Q95472017	6000000025675485463
Q95472288	6000000019749709770
Q95472313	6000000072976173869
Q95472417	6000000026682297244
Q95472819	6000000171748140051
Q95473203	6000000082386208849
Q95473265	6000000056993575852
Q95473358	6000000052588923012
Q95473392	6000000013279643423
Q95473450	6000000070177492843
Q954742	6000000001540055156
Q95475	6000000179814211850
Q95476131	6000000092737486944
Q95476192	6000000018047588420
Q95476226	6000000012153199727
Q95476275	6000000071056875018
Q95476372	5717333797800020162
Q95476399	6000000020047352162
Q95476402	6000000023731190578
Q95476607	6000000100808380909
Q95476629	6000000044245611194
Q95476732	6000000026912312326
Q95476734	6000000020309272217
Q95476777	375649438670011986
Q95476819	6000000022420655500
Q95476871	6000000143549743914
Q95476904	6000000011423379945
Q95476930	6000000025518925132
Q95477039	6000000082751232152
Q95477065	6000000172581053822
Q95477082	6000000069328223827
Q954771	6000000022888788651
Q95477128	6000000034030290710
Q95477253	385999512860003960
Q95477309	6000000081550573868
Q95477392	6000000028939282233
Q95477440	6000000009098874231
Q95477505	6000000172821703217
Q95477556	6000000105784422657
Q95477680	6000000187210356561
Q95478071	6000000037357004342
Q95478125	6000000115164204134
Q95478196	6000000125188102927
Q95478284	6000000029901059657
Q954785	6000000014093980106
Q95478518	6000000058745774821
Q95479467	6000000018855247752
Q95479834	6000000049954063290
Q95479859	6000000077918211512
Q954800	6000000016291795656
Q95480717	6000000006428419114
Q954811	6000000019368046443
Q95481145	6000000003601004132
Q95481728	6000000159901610840
Q95481878	6000000035410832213
Q95482349	6000000010422766873
Q95482405	6000000009589331207
Q95482472	6000000007833041669
Q95482525	6000000000595318221
Q95483065	6000000181757821821
Q95483280	6000000069988457894
Q95483429	6000000034452533163
Q95483559	6000000010328355370
Q95483865	6000000117206675869
Q95483896	6000000045461239034
Q954841	6000000092566585832
Q95484634	6000000122675487845
Q954849	6000000019496568811
Q95485130	6000000171740927107
Q95485268	6000000139518126330
Q95485426	6000000013700266859
Q95485499	6000000143185950909
Q95485561	6000000042173954250
Q95485574	6000000024303578217
Q95485631	6000000027509152429
Q95486492	6000000067341194944
Q95486546	6000000011969163705
Q95486684	6000000179021556844
Q95487045	6000000182125125866
Q95487461	6000000043457657854
Q95487470	6000000007873271039
Q95487855	6000000050031507859
Q95488	6000000006421050052
Q95488007	6000000026153038412
Q95488102	6000000018864305319
Q95488250	6000000045591659026
Q95488266	6000000010411817661
Q95488270	6000000046046347031
Q95488796	6000000037680092044
Q95489172	6000000129307085855
Q95489235	6000000035280537739
Q95489366	6000000179304136821
Q95489632	375480415430003993
Q95489951	6000000127353556852
Q95491	6000000069053831841
Q95491292	6000000015221304802
Q95492522	6000000169814900485
Q95492614	6000000017907124725
Q95492677	6000000058987946055
Q954928	6000000002188542756
Q95492833	6000000126009767986
Q954945	6000000011686505468
Q954950	370406143630013891
Q95496	6000000002361930582
Q954997	6000000180741417848
Q95501	6000000169639244195
Q95502535	6000000024192983595
Q955033	6000000087194267848
Q955039	6000000002989649855
Q955048	6000000099773982826
Q955051	6000000184601790865
Q95507689	6000000176799519888
Q955083	6000000056163886370
Q95508320	6000000005755638037
Q95508559	6000000021423693482
Q955088	6000000142896559826
Q95510176	6000000081781745104
Q955106	6000000178227620833
Q955114	6000000012879880466
Q95512	6000000022850743063
Q955121	6000000029284781888
Q955132	6000000002069783608
Q955152	6000000084833926981
Q95515998	3464772
Q95516076	3464712
Q95516237	3464490
Q95516562	3465055
Q95518	6000000064942374927
Q955183	6000000062668651229
Q955187	6000000076403504823
Q955197	6000000140723995967
Q95519727	6000000064586434895
Q955208	6000000151353258835
Q955209	6000000008629042955
Q955211	6000000034863964211
Q955218	6000000033557708905
Q955219	6000000008251856451
Q95522866	6000000031346749299
Q95522962	6000000031362895273
Q95523811	6000000031336694373
Q955247	6000000000630340120
Q95524809	6000000020504973910
Q95526387	6000000021990488687
Q95526848	308258472130006438
Q95528	6000000076787342425
Q95532	6000000174047416824
Q955322	6000000046860626841
Q95534	6000000010800508106
Q955360	6000000084972134923
Q955390	6000000100158059078
Q9554	6000000000830497857
Q955405	6000000003208264651
Q95541	6000000003310994916
Q955411	6000000059587970993
Q955435	6000000036600645702
Q95545993	6000000017404463271
Q95548	6000000173469261918
Q95551321	6000000017404459228
Q95552	6000000077515567328
Q955520	6000000046659245137
Q95552030	6000000026950726821
Q955524	6000000178417838853
Q95553	6000000168144416228
Q95553080	6000000077434906066
Q955559	6000000000929518421
Q95556210	6000000016160190636
Q95556896	6000000006339661097
Q95556907	6000000169587030105
Q95556973	5619063391880076862
Q95556993	6000000151720811822
Q95557331	6000000166051285857
Q95557672	6000000014206935752
Q95557826	6000000082876162762
Q955597	6000000003836372591
Q95560168	6000000018037590413
Q95563405	6000000011571600838
Q95563570	6000000008242549171
Q95565504	6000000022135361958
Q955658	6000000002454327061
Q95567628	6000000022252767106
Q95567641	6000000076886240461
Q95572	6000000172860452965
Q95574754	6000000136797870249
Q955750	6000000004970369045
Q95575276	6000000014935811107
Q955754	6000000023855304185
Q955770	6000000029746538412
Q95578881	6000000010916339516
Q95579	6000000046612218095
Q955791	6000000163182802823
Q955794	6000000046719017036
Q95580979	6000000071061539929
Q95580982	6000000024336342280
Q95583949	6000000024335955282
Q955847	6000000002891827535
Q95585381	6000000017498401778
Q955867	6000000034455252792
Q95587	6000000013539254198
Q95587252	6000000003664140468
Q95587342	6000000019750449105
Q95587412	6000000023416794821
Q95589659	6000000001816291232
Q95589836	6000000081845482330
Q9559	6000000009590637596
Q95591	6000000013343508864
Q95592946	5685264739320089390
Q95594033	6000000020110513910
Q95594472	6000000020110795014
Q95595168	6000000116907224076
Q95596	6000000001504709356
Q9559896	6000000003767219368
Q955996	6000000106178432827
Q956007	6000000013163560438
Q95601558	6000000006706058050
Q956032	6000000136912132843
Q956055	6000000023285428914
Q9560615	6000000173830161177
Q956073	6000000016424872009
Q9560762	6000000040855648935
Q9560855	6000000004978438661
Q95609	6000000021634606414
Q956091	6000000034316001040
Q956093	6000000150995807839
Q956100	5217718669470080252
Q95613	6000000032874473485
Q95618102	6000000003615483810
Q95618145	6000000005611100069
Q956187	6000000014558401112
Q95619	6000000103406026904
Q956192	6000000023168802818
Q95620053	6000000003352416651
Q956208	6000000003022389085
Q95621550	6000000006349464626
Q95621754	6000000006350035016
Q956220	6000000027939398821
Q956239	6000000004015877276
Q95624251	6000000020180576719
Q95624748	6000000003147168260
Q95627073	6000000051025948883
Q95627389	6000000018725630837
Q95627531	6000000182168149918
Q95627656	6000000029763129238
Q95627955	6000000000400926380
Q95628289	6000000006341655316
Q956296	6000000001256241215
Q95630637	6000000009413810663
Q95630717	6000000018328251669
Q95632261	6000000001504259393
Q95633088	6000000075740048842
Q956347	6000000003135865873
Q956353	6000000167326702830
Q95635967	6000000054873481967
Q956361	6000000066127658831
Q956390	6000000181919476844
Q95640085	6000000124537595842
Q95640097	6000000173955531069
Q95640108	6000000028109784906
Q95640116	6000000026865660405
Q95640122	6000000004399493340
Q95640143	6000000037778975858
Q95640147	6000000038423208674
Q95640149	6000000024789094638
Q95640151	6000000040842307018
Q95640157	6000000005045744043
Q95640161	6000000041015847325
Q95640165	6000000046878926995
Q95640178	6000000039059689390
Q95640180	6000000015899887257
Q95640182	6000000013444815325
Q95640185	6000000021187899329
Q95640209	6000000017553451121
Q95640211	6000000012377278046
Q95640218	6000000011319031539
Q95640230	6000000038496670657
Q95640232	6000000022231151065
Q95640269	6000000017474948141
Q95640282	6000000077487103627
Q95640295	6000000029998597121
Q95640334	6000000167787250057
Q95640380	6000000115312557849
Q95640381	6000000040560694594
Q95640415	6000000172615878883
Q95640417	6000000201935864834
Q95640419	6000000010502076191
Q95640421	6000000178174028837
Q95640427	6000000011807409760
Q95640439	6000000019222444129
Q95640448	6000000028157321544
Q95640473	6000000209848720848
Q95640484	6000000025034346284
Q95640495	6000000017469139615
Q95640502	6000000040852833095
Q95640506	6000000024572210648
Q95640525	6000000077586245862
Q956408	6000000031367820811
Q95642	6000000176760688880
Q956426	6000000006488458001
Q956509	6000000008079640651
Q95659503	6000000026863460885
Q95660995	6000000008446483137
Q95661479	6000000002765089716
Q95661877	6000000176993974873
Q95662	6000000002188470308
Q95662161	6000000024582587520
Q95662162	6000000014893172119
Q95662182	6000000000235963778
Q95662335	6000000081776005321
Q95662357	6000000081776417080
Q95662425	6000000002081954116
Q95662452	6000000003077543716
Q95663076	6000000129758716821
Q95663114	6000000010660308295
Q95663361	6000000000658129585
Q95663399	6000000018572372224
Q95663485	6000000023091946896
Q95663687	6000000008299732246
Q95663808	6000000011192268980
Q95663910	6000000082012137898
Q95664	6000000064388330964
Q95664804	6000000002303493218
Q95664804	6000000017635428497
Q95665	6000000000508674358
Q95665037	6000000061558014821
Q95665245	6000000016316872482
Q95665385	6000000055523457966
Q956654	6000000012579208598
Q95665528	6000000148960916821
Q95665558	6000000172197878862
Q95665572	6000000014713353072
Q956665	4536739709900041726
Q95667	6000000069214735063
Q95669	6000000073127223887
Q95672612	6000000103177901917
Q95674585	362744474160004746
Q95674605	6000000006864196290
Q95674642	6000000210242967863
Q95675911	6000000004124386627
Q956763	4280395451010045485
Q95677	6000000024683585676
Q95677819	6000000137533974898
Q95678674	6000000010021700772
Q95678842	6000000017484184359
Q95679674	6000000184418306834
Q95680167	6000000006861106478
Q956802	6000000139497031024
Q95681590	6000000017268544662
Q95681592	6000000012452083731
Q95682091	6000000011150247558
Q95682800	6000000010735238417
Q95682806	6000000016206636286
Q95683042	6000000004096792604
Q956836	6000000150677043833
Q95683734	6000000025610930327
Q95683831	6000000021561009009
Q95684237	6000000024788815846
Q95684588	6000000018221695104
Q95684590	6000000018850997789
Q956848	6000000023159898925
Q95686073	6000000025073342485
Q95686768	6000000007066794445
Q956868	6000000070454151821
Q95687046	6000000007270901825
Q95687114	6000000007937223029
Q95687631	6000000029530890297
Q95687654	6000000024317906577
Q95687664	6000000019596607481
Q95687725	6000000178818415833
Q95688059	6000000151959095869
Q95688106	6000000098872217834
Q95688957	6000000087733504822
Q95689	6000000036962861099
Q956890	6000000018436640257
Q95690319	6000000009755534776
Q95690851	6000000014766202968
Q95691924	6000000059213515107
Q95691992	6000000016729746929
Q95691992	6000000053243852421
Q95692285	6000000029907039356
Q95692449	4501306840210059330
Q95692452	6000000042584514504
Q95696	6000000094568003821
Q95696225	6000000023437962937
Q956972	6000000014885761164
Q956973	6000000018700921541
Q95697449	6000000008300810855
Q95697470	6000000021412701535
Q95697488	6000000025513529865
Q95697636	6000000018822956211
Q95697739	6000000026241488551
Q95697745	6000000017191086429
Q95697929	6000000035088543343
Q95698	6000000017761765284
Q95698167	6000000021088467623
Q956982	6000000000575228912
Q95698605	6000000021568440641
Q95698839	6000000036985060837
Q95700135	6000000087344054092
Q95700459	6000000058026444019
Q95700833	6000000026825084433
Q957020	6000000020958741734
Q95702976	6000000038852329762
Q95703186	6000000011667636817
Q95703476	6000000082012164876
Q95704226	6000000024455652848
Q95704242	6000000007801781380
Q95707245	6000000026145725283
Q95707554	6000000002143103671
Q95707582	6000000002143272496
Q95707603	6000000006595821481
Q95707783	6000000056809382964
Q95708498	6000000002860715821
Q95708519	6000000002061074369
Q95709668	6000000003076106158
Q95709979	328315390130007171
Q95710274	6000000003681279222
Q95710583	6000000002861045794
Q95710836	6000000000664597959
Q95711	6000000182083623836
Q95711984	6000000002860709841
Q957122	6000000017665759488
Q95712680	6000000003939065268
Q95712822	6000000002860848079
Q95712962	6000000003940567297
Q95713057	6000000003940567405
Q95713114	328312891720002095
Q95713157	328314729690004753
Q95713938	6000000001689514791
Q95714131	6000000003147034609
Q95714197	6000000003152759465
Q95714245	6000000024350831981
Q95714402	6000000003940567198
Q95714452	6000000000237371775
Q95714781	6000000000268621508
Q95714813	6000000001409704816
Q95714927	6000000000448385400
Q95714927	6000000008140732605
Q957157	6000000123452933906
Q95718046	6000000009418944695
Q957202	6000000013518329537
Q957216	6000000026202402298
Q95722067	6000000050103231304
Q95722762	6000000131785706827
Q957238	6000000007594648317
Q95726822	6000000022466771822
Q957283	6000000035529170341
Q95729939	6000000026226516717
Q95729978	6000000181116267855
Q95730	6000000000128811157
Q957338	6000000004380843405
Q95734224	6000000058538467022
Q957347	6000000142037233099
Q957348	6000000015770674840
Q957352	6000000027471573512
Q95736	6000000024303707455
Q95739	6000000057963975846
Q95740	6000000012885595472
Q957402	6000000082846027187
Q95740574	6000000002345395464
Q95740633	6000000002345979254
Q95740659	6000000073617158823
Q95740687	4981125220370053973
Q95740715	5484357226680072849
Q95740735	6000000109263258865
Q95741294	6000000018779653365
Q95741457	6000000151672496963
Q95741574	6000000016249499310
Q957416	6000000078475685823
Q95742	6000000028545326141
Q95742214	350446618310001187
Q95742872	6000000044746223008
Q95743319	6000000078508445967
Q957435	6000000027191415102
Q957436	6000000093046329315
Q957439	6000000026575541134
Q95745773	6000000091251557492
Q95746738	6000000004192023298
Q95746853	6000000186910596840
Q95746999	6000000003121708399
Q95747213	6000000010298864927
Q95747469	6000000019165614173
Q95748240	6000000138504936834
Q95748452	6000000036424495367
Q95749516	6000000041585735062
Q9575	6000000008640703979
Q95751507	6000000080773196987
Q957519	6000000030397935974
Q95752594	6000000020238741162
Q95753346	6000000005585690235
Q957542	6000000003333352426
Q957543	6000000010163370577
Q95754950	6000000017116114055
Q95755739	6000000005585693112
Q957559	6000000008541288380
Q95756668	6000000012367142569
Q957575	6000000002188489685
Q95759569	6000000021540748953
Q957599	6000000008703958311
Q9576	6000000011829315154
Q95760488	6000000201105665854
Q95760613	6000000023729426323
Q957621	6000000013100728089
Q957622	6000000026216183748
Q95762548	6000000062278335901
Q957639	6000000025460425082
Q957648	6000000151402571973
Q95765453	6000000014350626050
Q957656	6000000018956546944
Q957673	6000000026369079439
Q957690	6000000014129833973
Q957699	6000000022172493597
Q957711	5122135402090082946
Q95771159	6000000002762456929
Q957730	6000000015718971966
Q957738	6000000006412028317
Q957742	6000000165369369874
Q957749	292867499630002672
Q957756	6000000018902902017
Q957778	6000000009678514179
Q95783	6000000037538152090
Q95787397	6000000003596203648
Q957878	6000000024834445251
Q957898	6000000012826950268
Q957911	6000000039920725037
Q957941	6000000028317579706
Q95794393	6000000002304101277
Q958016	6000000069897195149
Q95802	3865147
Q958031	6000000009737223403
Q958057	6000000031268216604
Q958065	6000000173275883251
Q958074	6000000038652609880
Q95808889	6000000018964811212
Q95811	6000000024669587988
Q958139	6000000111852466821
Q95815	6000000004097241520
Q95816467	6000000024221174946
Q9581810	6000000007422317353
Q9582	6000000002584729654
Q958213	6000000017677657051
Q958227	6000000006883870008
Q95823	6000000014310007928
Q9582328	6000000001504570125
Q9582592	6000000076304142301
Q95828	6000000071756291823
Q958294	6000000030592112090
Q958310	6000000138742941904
Q958330	6000000184224189834
Q958348	6000000013512642589
Q9583540	6000000076055316822
Q9583596	6000000002193279359
Q958368	6000000040207763878
Q95837361	6000000037503788988
Q958376	6000000079249615375
Q958385	6000000075941712010
Q958399	6000000026177053139
Q9584100	6000000043835387961
Q958413	6000000015943792420
Q958467	6000000040176917123
Q958494	6000000040378669049
Q958501	6000000071434918375
Q958525	6000000071118973179
Q958527	6000000103007683822
Q958535	6000000001827596023
Q958548	6000000006714384628
Q95854988	6000000014327639726
Q95854988	6000000075952042901
Q958557	6000000052163520958
Q958562	6000000003232532828
Q958571	6000000022260148028
Q958587	6000000006453399784
Q958608	6000000002464362615
Q958609	6000000187218967839
Q95861199	6000000180989213947
Q95862	6000000076323365838
Q958622	5618852097670106939
Q958643	6000000008127859493
Q958669	6000000075753542389
Q958680	6000000004103287752
Q958683	6000000175254353228
Q9587118	4010315200540022192
Q958720	6000000001294595662
Q9587238	6000000010304302240
Q958732	6000000015644768158
Q95874291	6000000002661031410
Q958743	6000000004544118891
Q958748	6000000014527448721
Q958756	2364805
Q9587562	6000000085778667342
Q9587596	6000000015433154601
Q958763	6000000083444105007
Q9587664	6000000078782645845
Q95877308	6000000002447381685
Q958774	6000000015788477595
Q958784	6000000012617422874
Q9587972	6000000010153978825
Q9588	6000000002957513435
Q9588111	6000000076465934862
Q9588303	6000000018167439823
Q95884	6000000078151056938
Q95884416	6000000127139923886
Q95885	6000000153016573866
Q958853	6000000022670123013
Q95886120	6000000083296016883
Q958889	6000000136575930934
Q95889049	6000000132632939822
Q95889055	6000000025172364933
Q95889178	6000000144178641206
Q958892	6000000181944220831
Q958904	6000000002765544509
Q95892084	6000000020692374767
Q958926	6000000171677298472
Q958927	6000000035915182932
Q958955	6000000093380862000
Q958960	6000000176594835824
Q95899	6000000136040638884
Q958999	6000000008899621433
Q959002	6000000000014543380
Q959007	6000000035567394807
Q95902864	6000000016696067828
Q95904928	6000000003077407076
Q95905	6000000009128165716
Q95908876	6000000007348649310
Q959096	6000000025165484756
Q959097	6000000019720818670
Q95909836	6000000026066292543
Q959104	6000000019749185064
Q959112	6000000181049942822
Q959118	6000000028028582637
Q95911847	6000000089186555170
Q959120	6000000013899554301
Q959123	6000000022755585623
Q95912323	369007223460004415
Q95914747	6000000007833598824
Q959150	6000000028331089902
Q9591514	6000000050645528381
Q959168	6000000012889152252
Q95917037	6000000010155352901
Q95917055	6000000010155770758
Q95919065	6000000040190058233
Q95919465	6000000032963136060
Q95919610	6000000015742494168
Q959198	6000000016826464962
Q95920098	6000000063543426166
Q959202	6000000092919452818
Q95920541	6000000017175337758
Q95921	6000000009627538392
Q95921249	6000000059472589941
Q95921290	6000000006450671489
Q95921306	6000000035415750070
Q95921340	6000000023143887095
Q95921466	6000000013548288103
Q95922548	6000000023907569937
Q9592255	6000000074758397883
Q959236	6000000013976001496
Q95924111	6000000009806169335
Q959249	6000000012850512856
Q9592685	6000000074758207940
Q95927264	6000000009806122589
Q95928	6000000018703220153
Q959288	6000000087145989023
Q959291	6000000036971924861
Q959302	6000000078247016757
Q9593054	6000000074727917873
Q959307	6000000013363083590
Q9593087	6000000162333845821
Q9593108	6000000026067321321
Q95931254	6000000028549859710
Q95934	6000000015519660097
Q959357	6000000025997802429
Q9593749	6000000074758071182
Q959377	6000000041591321709
Q959391	6000000011204872351
Q95939582	6000000028549904693
Q959404	6000000017209090064
Q959415	6000000181803749857
Q9594338	6000000074706136951
Q9594390	6000000007579281393
Q959445	6000000055715872992
Q959455	6000000040709189473
Q95945531	6000000028554775890
Q95945543	6000000028554190982
Q95946	6000000004095760423
Q9594628	6000000003925722970
Q95947716	6000000041392279160
Q95948272	6000000032954684900
Q9594908	6000000017434856072
Q959509	6000000029574731328
Q95951786	6000000003087159542
Q959518	6000000016601764126
Q9595182	6000000074768458004
Q959520	6000000039921848944
Q959521	351131587720012713
Q95953042	6000000026162802125
Q959541	6000000057948420000
Q959610	6000000064790029877
Q959624	6000000002016912256
Q95964	6000000018388196799
Q959666	6000000062705988838
Q95967914	6000000041391417663
Q95967924	6000000145991371014
Q959698	6000000039785706983
Q959703	6000000017234708619
Q959708	6000000032211622184
Q95972	6000000022552108614
Q95973	6000000082072611874
Q959737	4391035
Q95974900	6000000034782766556
Q959756	6000000006329705332
Q959763	6000000178914427880
Q959778	6000000039785610287
Q959780	6000000184224924852
Q959783	6000000046193014845
Q95978519	6000000042683738696
Q959789	6000000091841801877
Q95979549	6000000004088526134
Q95980062	6000000011537255853
Q95982	6000000000067678192
Q95984368	6000000120602014824
Q95985543	331514504980013362
Q95985898	6000000182026559837
Q95987	6000000012588339950
Q95987515	6000000036372463791
Q95988	6000000016300209458
Q95989779	6000000001180341498
Q95989806	6000000001180341514
Q95990050	6000000027084193330
Q959911	6000000007764855899
Q95991632	6000000036878528245
Q95992731	6000000128743959838
Q95992831	6000000022891125824
Q95993596	6000000030350674891
Q95994372	6000000024681177389
Q95995313	6000000163268137838
Q95997202	6000000073212238933
Q95997466	6000000079064694929
Q959976	6000000009858634849
Q95998572	6000000153540154890
Q959989	6000000119499702822
Q95999413	6000000010836599501
Q96000298	6000000005755209036
Q96000697	6000000050515882235
Q96001191	6000000083937785413
Q96001346	6000000025203599750
Q96001558	6000000009908638027
Q9600213	6000000046388473616
Q96002245	6000000033046925379
Q9600236	6000000041295207794
Q96004521	6000000052998016006
Q96007293	6000000003006528701
Q96007365	6000000015547221145
Q96007520	6000000088106889947
Q96007572	6000000000544338859
Q960081	6000000019506535073
Q960084	6000000179971149826
Q96011	6000000002992490983
Q96012693	6000000041052315934
Q96012698	6000000176078207832
Q96012762	6000000184587546886
Q96013158	6000000116224237861
Q960133	6000000012845100645
Q9601420	3982256967820122158
Q96015730	6000000050816229839
Q9601794	6000000017710769830
Q960196	6000000064637842978
Q960207	6000000017726777185
Q9602093	6000000015356651064
Q9602188	6000000032893457394
Q96022	6000000017764349129
Q960222	6000000020308128349
Q96023	6000000000886394101
Q96023274	6000000202903791848
Q96023292	6000000006707007639
Q96023968	6000000047888392940
Q960240	6000000002998489914
Q9602414	6000000016947236470
Q9602431	6000000025554542319
Q9602507	6000000009637401167
Q96026030	6000000013135929708
Q96026742	6000000179457642821
Q9602722	6000000152483270843
Q9602854	6000000025636187364
Q96029	6000000036565348529
Q9602969	6000000024232980427
Q9603067	6000000024746355178
Q96030784	6000000000794353246
Q96030992	6000000019834861136
Q96031046	6000000017758800034
Q9603125	4206609
Q96031314	6000000059129525861
Q96031366	6000000014102865408
Q960315	6000000002527887363
Q9603158	6000000041654091705
Q9603192	6000000029836456511
Q96032060	6000000001733934123
Q9603223	6000000180890169139
Q9603240	6000000149413895227
Q96032574	6000000029241171190
Q96033	6000000071744392922
Q96033241	6000000010047558212
Q960336	6000000181919906823
Q96034030	6000000012901068219
Q96034053	6000000156873860858
Q96034060	6000000002375992701
Q96035	6000000019633783958
Q96036398	6000000078803926136
Q96036557	6000000015826714253
Q960376	6000000003422333768
Q960396	6000000008237450907
Q96041	6000000047796337139
Q96041036	6000000025332350875
Q960451	6000000143328026826
Q96046	6000000002188374188
Q96046001	6000000012255775248
Q96046071	6000000005254915216
Q96046130	6000000012484017389
Q96046139	6000000012997654956
Q9604876	6000000078741046035
Q960494	6000000017559157725
Q96049415	6000000008911782951
Q96050319	6000000007471104325
Q96050646	6000000005441228872
Q96050947	6000000001388881159
Q96051	6000000047846575925
Q96056	6000000013375634043
Q96056456	6000000038378331034
Q96056541	6000000152607974852
Q96057	6000000181001096860
Q96057721	6000000005012731428
Q96058	6000000007329600409
Q96059305	6000000022922143026
Q960594	6000000013686318334
Q96059423	6000000019886035712
Q96059712	6000000191133572874
Q96059786	6000000179834085935
Q96059895	6000000055363064983
Q96061	6000000056949381895
Q96062656	6000000036878510863
Q96063174	6000000081373127991
Q96063385	6000000024087797662
Q960676	6000000181760320830
Q960709	312214789870003920
Q96072274	6000000017143325869
Q96072475	6000000021399733265
Q96072555	6000000011933670255
Q96072563	6000000039157384302
Q96072577	6000000019624880804
Q96072598	6000000017848493148
Q96072599	6000000017848465087
Q96072610	6000000017848415456
Q96072612	6000000017848415837
Q96072613	6000000017848491797
Q96072615	6000000017848590252
Q96072618	6000000017847450666
Q96072619	6000000017848552452
Q96072633	6000000017848516371
Q96072635	6000000017848423367
Q96072636	6000000017848510390
Q96072637	6000000017848203804
Q96073249	6000000013529619714
Q96073465	6000000015288709051
Q96073474	6000000024808652045
Q96073478	6000000023963556455
Q960737	6000000009289645868
Q96073926	6000000014699728007
Q96074141	6000000010975036550
Q96074205	6000000015287981631
Q96074206	6000000015288040757
Q96074213	6000000017848335417
Q96074316	6000000026118186317
Q96074320	6000000026106716486
Q96074472	6000000065580997057
Q96074492	6000000041677290898
Q96074505	6000000009343749335
Q96074540	6000000092321732170
Q96075026	6000000005961563511
Q96075115	6000000003333853885
Q96075178	6000000007083592024
Q96075179	6000000007083431066
Q96075287	6000000020559639285
Q96075316	6000000013940932251
Q96075362	6000000005767794537
Q96075363	6000000005767730550
Q96075370	6000000012911779646
Q96075376	6000000021515864494
Q96075377	6000000012190095001
Q96075383	6000000020133988125
Q96075415	6000000003051231299
Q96075435	6000000016466163323
Q96075459	6000000003086697966
Q96075460	6000000003086695786
Q96075461	6000000003086972473
Q96075671	6000000012891957683
Q96075757	6000000003086690695
Q96075760	6000000016757693288
Q96075918	6000000006377450189
Q96075919	6000000006376976908
Q96075944	6000000039295243840
Q96075963	6000000003277887645
Q96075967	5262671330790045562
Q96076023	6000000000689040992
Q96076024	6000000012344841471
Q96076031	6000000003221223916
Q96076033	6000000007810351756
Q96076048	6000000024544521065
Q96076049	6000000009428362870
Q96076051	6000000023841449388
Q96076053	6000000014734369863
Q96076068	6000000017884125118
Q96076069	6000000018629180148
Q96076070	6000000017884026418
Q96076071	6000000017883700978
Q96076072	6000000018629294177
Q96076073	6000000018629122757
Q96076076	6000000003939521248
Q96076077	6000000003937951394
Q96076095	6000000002882897153
Q96076096	6000000002882850589
Q96076097	6000000003005583139
Q96076196	6000000025845726403
Q96076209	6000000004003814405
Q96076232	325003501750007936
Q96076287	6000000028524987984
Q96076419	6000000000426751375
Q96076420	4967200930990042739
Q96076423	6000000003077134530
Q96076426	6000000002465085436
Q96076428	6000000020986463924
Q96076429	6000000011633105253
Q96076432	6000000015768836641
Q96076438	6000000009334815174
Q96076441	6000000020986717848
Q96076442	6000000002786794251
Q96076445	6000000009334837408
Q96076447	6000000007954481319
Q96076448	6000000005233416742
Q96076467	6000000010453299694
Q96076470	6000000019567465101
Q96076471	6000000019567396175
Q96076472	6000000019567703008
Q96076473	6000000019567630211
Q96076474	6000000020319626537
Q96076475	6000000000795197583
Q96076476	6000000008550745168
Q96076477	6000000008551115712
Q96076478	6000000000714997057
Q96076479	6000000000714844384
Q96076480	6000000017882607847
Q96076484	6000000000795167825
Q96076488	6000000004078998876
Q96076489	6000000003942646531
Q96076495	6000000003076562897
Q96076497	6000000003076377764
Q96076499	6000000000491052988
Q96076529	6000000017947814636
Q96076532	6000000017966030008
Q96076536	6000000042556497340
Q96076537	6000000000387395114
Q96076538	6000000091138039829
Q96076539	6000000003076622331
Q96076540	6000000005748453693
Q96076542	6000000003615582494
Q96076550	6000000013404192373
Q96076554	6000000013404290255
Q96076556	6000000013309424368
Q96076561	6000000023188755692
Q96076564	6000000006444352935
Q96076578	6000000037580963021
Q96076581	6000000013309309258
Q96076584	6000000013309207602
Q96076592	6000000013309059598
Q96076598	6000000028397410538
Q96076609	6000000034452293958
Q96076615	6000000097548428400
Q96076618	6000000017965438940
Q96076620	6000000015294619871
Q96076622	6000000015294699166
Q96076624	6000000015294517582
Q96076632	6000000042556859936
Q96076644	6000000003147083622
Q96076653	363619009780005899
Q96076673	6000000002897115106
Q96076674	6000000006441962706
Q96076675	6000000004095857028
Q96076677	6000000003357577723
Q96076687	6000000007027775273
Q96076687	6000000025891826050
Q96076697	6000000003221224174
Q96076698	6000000010790578513
Q96076701	6000000068540709990
Q96076702	6000000068677036916
Q96076704	6000000000640854703
Q96076705	6000000000654420388
Q96076707	6000000008551073488
Q96076714	6000000002043279446
Q96076716	6000000006175714295
Q96076717	6000000015938261161
Q96076722	6000000007603218061
Q96076724	6000000006442284731
Q96076725	6000000003625243269
Q96076726	6000000006439621350
Q96076727	6000000002556555186
Q96076730	6000000001561467116
Q96076731	6000000001434533947
Q96076736	6000000017866754283
Q96076737	6000000003077108103
Q96076738	6000000003858585131
Q96076739	6000000006444287566
Q96076741	6000000006444125760
Q96076764	6000000003937971348
Q96076765	6000000003939687743
Q96076766	6000000015434199562
Q96076772	6000000000491045267
Q96076773	6000000000490955587
Q96076801	6000000023841404544
Q96076803	6000000023841156318
Q96076804	6000000023841638010
Q96076806	6000000028577182857
Q96076807	6000000003076722247
Q96076808	6000000003077227546
Q96076810	6000000003615456872
Q96076811	6000000003076652595
Q96076812	6000000007601819208
Q96076814	6000000003615483019
Q96076815	6000000007601282425
Q96076816	6000000003076976603
Q96076824	6000000015929111726
Q96076826	6000000015929023489
Q96076830	6000000012504879240
Q96076837	6000000061533473890
Q96076840	6000000020987396916
Q96076843	6000000004594035413
Q96076858	6000000011003763682
Q96076867	363144955050013275
Q96076872	6000000077073064884
Q96076884	6000000002293354140
Q96076889	6000000015860220126
Q96076891	6000000050762103821
Q96076892	6000000019907925228
Q96076894	6000000015859502679
Q96076895	6000000015859998931
Q96076904	6000000002464920283
Q96076905	6000000009334691064
Q96076906	6000000076249182310
Q96076919	6000000036654317458
Q96076920	6000000123707021935
Q96076961	6000000000351064447
Q96076962	6000000000351064455
Q96076964	6000000004549577396
Q96076967	6000000003093275939
Q96076971	6000000041031381509
Q96076973	378121996340011281
Q96076978	6000000001843452746
Q96076979	6000000006402023342
Q96076980	6000000004402427297
Q96076981	6000000004402453295
Q96077055	6000000015182800430
Q96077057	6000000003681276904
Q96077061	6000000004402429155
Q96077082	6000000001563219960
Q96077082	6000000006733313162
Q96077083	6000000001563219967
Q96077083	6000000003615466762
Q96077097	6000000003681276884
Q96077102	6000000003076966571
Q96077121	6000000046751200113
Q96077147	6000000018215901550
Q96077159	6000000004089661334
Q96077178	6000000102794563754
Q96077180	6000000001476564621
Q96077181	6000000002251526445
Q96077182	6000000013045249246
Q96077192	6000000024401737137
Q96077202	6000000014734360793
Q96077234	6000000010792993006
Q96077238	6000000010793098632
Q96077274	6000000010792879892
Q96077323	6000000014059604203
Q96077348	6000000006998224804
Q96077350	6000000006998436474
Q96077353	6000000003938171698
Q96077354	6000000006971180078
Q96077357	6000000006979285605
Q96077366	6000000002980614597
Q96077367	4467590188110044458
Q96077368	6000000002006349430
Q96077369	6000000004162050318
Q96077371	6000000003458657029
Q96077372	6000000003076215033
Q96077374	6000000003827184490
Q96077375	6000000003939981644
Q96077376	6000000003458846514
Q96077381	6000000003077520815
Q96077382	6000000000333535395
Q96077383	6000000003681276687
Q96077384	6000000003681276695
Q96077387	6000000004999060354
Q96077388	6000000006731440133
Q96077441	6000000023680265044
Q96077449	6000000003076318205
Q96077450	6000000000770011675
Q96077482	6000000164646376023
Q96077485	324718653110006415
Q96077486	6000000105220098043
Q96077517	6000000031629678047
Q96077528	6000000024238897526
Q96077541	6000000074710743003
Q96077543	6000000074710566059
Q96077597	6000000003077049692
Q96077609	389596269640006416
Q96077633	6000000015509908501
Q96077733	377379092370013790
Q96077735	6000000188646373877
Q96077739	6000000003721007455
Q96077740	6000000008027357018
Q96077799	6000000003687349213
Q96077846	6000000008953202909
Q96077848	336011999500005335
Q96077893	6000000006817183923
Q96077955	6000000096323596861
Q96077956	6000000096324120835
Q96077959	6000000023280203495
Q96077964	6000000023288871771
Q96077966	6000000023288296800
Q96077967	6000000023290139886
Q96077968	6000000023280650027
Q96077969	6000000023280307585
Q96077970	6000000023289913067
Q96077972	6000000003221236723
Q96077973	6000000034506150363
Q96078	6000000024739183372
Q96078125	6000000007200940655
Q96078127	6000000008369934343
Q96078129	6000000017867029928
Q96078237	6000000025665104967
Q96078354	6000000001180345795
Q96078391	6000000009935108748
Q96078422	6000000013592132132
Q96078434	6000000004969795504
Q96078440	6000000074561832836
Q96078601	6000000003911761200
Q96078683	6000000016310772618
Q96078701	6000000047732546859
Q96078725	6000000079343712851
Q96078879	6000000036740349375
Q96078881	6000000036740470423
Q96078922	6000000036740176429
Q96078923	6000000036740647866
Q96078943	6000000033304167240
Q96078944	6000000033304461885
Q96078961	6000000026632808165
Q96078962	6000000036640684991
Q96078963	6000000004038041292
Q96078964	6000000003165075492
Q96078965	6000000000426546263
Q96078967	6000000002860941197
Q96078968	6000000002860941205
Q96078970	6000000001886108298
Q96078971	6000000006181215209
Q96078972	6000000006181312114
Q96078973	6000000017687174360
Q96078974	6000000000270434637
Q96078975	6000000000270534375
Q96078977	6000000019177611731
Q96078978	6000000032595449651
Q96078980	6000000019178075020
Q96078981	6000000019177821472
Q96078982	6000000006290433062
Q96078986	6000000026831123195
Q96078993	6000000013196613299
Q96078994	6000000013196548700
Q96079016	6000000026592619320
Q96079020	6000000026592354589
Q96079057	6000000011842579013
Q96079059	6000000150764673899
Q96079103	6000000071237601891
Q96079105	6000000071236462536
Q96079106	6000000083965360877
Q96079107	6000000024864787831
Q96079108	6000000024684918911
Q96079120	6000000007465406286
Q96079126	6000000024933442599
Q96079128	6000000007465330632
Q96079169	6000000011537880284
Q96079252	6000000003494216912
Q96079382	6000000012181915571
Q96079516	6000000019374237341
Q96079548	4810949390880023770
Q96079556	6000000015738390283
Q96079709	6000000001667278476
Q96079752	6000000005021351252
Q96079754	6000000003186112336
Q96079758	6000000026424481968
Q96079781	6000000025794845738
Q96079784	6000000025794932050
Q96079785	6000000046654746331
Q96079914	6000000019436572302
Q96079915	6000000000527050765
Q96079958	6000000027573424705
Q96079960	6000000027573108560
Q96080091	6000000000097600688
Q96080153	6000000077072736051
Q96080154	6000000077072060755
Q96080224	6000000019084101586
Q96080264	6000000024833064465
Q96080276	6000000026119891257
Q96080315	6000000164913442084
Q96080328	6000000053904557202
Q96080463	6000000022981529008
Q96080570	6000000007279421154
Q96080571	6000000007279967255
Q96080572	6000000007279703902
Q960807	6000000112879148840
Q96080728	6000000019163797040
Q96080738	6000000029515738308
Q96080785	6000000021725391183
Q96080864	6000000005405489442
Q96080866	6000000005405094491
Q96080867	6000000002259471202
Q96080891	6000000000006554687
Q96080892	6000000073343048246
Q96080901	6000000073319107132
Q96080902	6000000073323910753
Q96080939	6000000002510298868
Q96081143	6000000001396862775
Q96081245	6000000005438494209
Q96081272	6000000063632727946
Q96081370	6000000039109816121
Q96081423	6000000017224797430
Q96081425	6000000068569353980
Q96081435	6000000019264508003
Q96081684	6000000032838557157
Q96081744	6000000025037944827
Q96082022	6000000167121306940
Q96082143	6000000011708013594
Q96082158	6000000003681351740
Q96082209	6000000017309813406
Q96082210	6000000017309908598
Q96082211	6000000017309757600
Q96082415	6000000018096975298
Q96082450	6000000009601244480
Q96082481	6000000056024234839
Q96082550	1968523
Q96082562	6000000087658754853
Q96082621	3930844228810115793
Q96082633	3998604018290020868
Q96082732	6000000045481254854
Q96082759	6000000073394588850
Q96082773	6000000002752965317
Q96082790	6000000134772465190
Q96082795	6000000044001173868
Q96082934	6000000000443021684
Q96082935	6000000001853887188
Q96082936	6000000082483259992
Q96082937	6000000001593583151
Q96083028	6000000028581433695
Q96083030	6000000000197873647
Q96083031	5717909654850136902
Q96083033	5717553622760071256
Q96083043	6000000010481919764
Q96083047	6000000003849458029
Q96083049	6000000003849307267
Q96083056	6000000011024626299
Q96083057	6000000022819572930
Q96083058	6000000000769906770
Q96083061	6000000002028982513
Q96083062	6000000081591491651
Q96083063	6000000029198671949
Q96083066	6000000020422889133
Q96083068	6000000011022346332
Q96083069	6000000001180223236
Q96083070	6000000004047206323
Q96083074	6000000001180342546
Q96083078	6000000026732276873
Q96083079	6000000003090512393
Q96083090	6000000003681379469
Q96083096	6000000004018367227
Q96083098	6000000004229248960
Q96083105	6000000012401835286
Q96083108	6000000005956820668
Q96083112	6000000003681379716
Q96083119	6000000002590593047
Q96083128	6000000011323640827
Q96083129	6000000009492069223
Q96083141	4122964789490030346
Q96083146	6000000003772723583
Q96083151	6000000008384066011
Q96083152	6000000006817216715
Q96083153	321910156540006362
Q96083154	321911032380001838
Q96083155	6000000003876918108
Q96083156	6000000002081658517
Q96083160	6000000002081658511
Q96083161	6000000002850442000
Q96083164	6000000002850450555
Q96083181	6000000008725530829
Q96083198	6000000019923928100
Q96083198	6000000041111690114
Q96083204	6000000039787203358
Q96083233	6000000174715824908
Q96083317	6000000025397442949
Q96083438	6000000014050166610
Q96083476	4414161737150126181
Q96083477	6000000000886402047
Q96083607	6000000055615990846
Q96083609	6000000007070852774
Q96083613	6000000013133921406
Q96083614	6000000013408624086
Q96083765	6000000016517355138
Q96083768	6000000024378808229
Q96083771	6000000002268781653
Q96083772	6000000002268939244
Q96083773	6000000002268901823
Q96083777	6000000024378787236
Q96083817	6000000010049840124
Q96083865	6000000017756919174
Q96083866	6000000017756668764
Q96083949	6000000003604617451
Q96083998	6000000038166138065
Q96084010	6000000028086848996
Q96084091	6000000139998824826
Q96084222	6000000025296622058
Q96084255	6000000026654070423
Q96084285	6000000009550612219
Q96084286	6000000016601715802
Q96084287	6000000013199744763
Q96084288	6000000013199982810
Q96084289	6000000013200536203
Q96084290	6000000013198845094
Q96084296	6000000025087543857
Q96084297	6000000025087036694
Q96084299	6000000002329277315
Q96084301	6000000002329278236
Q96084303	6000000002329189542
Q96084304	6000000002343475235
Q96084308	6000000067775809821
Q96084332	6000000022448878923
Q96084334	6000000027897746552
Q96084338	6000000017704219815
Q96084576	6000000011114641734
Q96084709	6000000014397867309
Q96084710	6000000014397922380
Q96084817	6000000017207061038
Q96084856	6000000039020034072
Q96084882	6000000001608727494
Q96084888	6000000001608849928
Q96084889	6000000001608831705
Q96084900	6000000100801286321
Q96084932	6000000048832475929
Q96084955	6000000016432082990
Q96084967	6000000024787630323
Q96085115	6000000007287791092
Q96085117	359851975570012358
Q96085118	6000000017106822127
Q96085121	6000000000591576201
Q96085191	6000000033319348482
Q96085194	6000000033320399978
Q96085208	6000000042290566466
Q96085296	6000000019282385696
Q96085403	6000000025718514182
Q96085410	6000000038594969096
Q96085412	6000000038595586869
Q96085420	6000000025717389251
Q96085422	6000000038596402138
Q96085425	6000000069198303359
Q96085437	6000000051003265109
Q96085541	6000000024428465942
Q96085542	6000000024428757846
Q96085755	6000000006963953501
Q96085800	6000000011904295261
Q96085803	6000000011903207168
Q96085804	6000000011903156075
Q96085923	6000000054263829827
Q96085940	6000000021822661678
Q96085952	6000000001180228473
Q96085956	6000000039820857297
Q96085958	6000000052566493908
Q96086159	6000000021932366716
Q96086234	6000000021676504871
Q96086235	6000000021676179753
Q96086236	6000000021676281340
Q96086238	6000000021675770676
Q96086244	6000000021676251273
Q96086280	6000000078052474887
Q96086305	6000000018158754716
Q96086404	6000000002872111228
Q96086458	6000000024107423816
Q96086460	6000000008279412627
Q96086464	6000000007193188320
Q96086465	6000000007193198394
Q96086476	6000000024716247044
Q96086479	6000000067031846821
Q96086494	6000000002964894954
Q96086624	6000000010230288348
Q96086795	6000000067031899164
Q96086809	6000000024716522912
Q96086812	6000000143020958830
Q96086815	6000000143043479821
Q96086917	6000000000352521117
Q96086950	6000000002115875641
Q96087078	6000000067035721849
Q96087084	6000000010423391267
Q96087088	6000000020908052206
Q96087122	6000000002834606087
Q96087152	6000000008201722667
Q96087153	6000000008201389110
Q96087154	6000000008201855316
Q96087157	6000000008201748102
Q96087158	6000000008201459063
Q96087215	6000000002764431997
Q96087217	6000000002764431481
Q96087227	6000000002802344495
Q96087231	6000000007572722818
Q96087241	6000000002802339731
Q96087244	6000000007561553104
Q96087248	6000000008488552470
Q96087249	6000000002802339931
Q96087253	6000000002764431487
Q96087254	6000000002802344459
Q96087256	6000000002764431493
Q96087278	6000000012263200037
Q96087288	6000000003891404251
Q960873	6000000041994041186
Q96087558	6000000017507842034
Q96087603	6000000092585843854
Q96087655	6000000027874785002
Q96087757	6000000002766830223
Q96087759	6000000009112053575
Q96087766	6000000011277487088
Q96087772	6000000022660061072
Q96087773	6000000022659985262
Q96087891	6000000035012533142
Q96087892	6000000035012362208
Q96088031	6000000019554640444
Q96088042	6000000019520554726
Q96088075	6000000007372142647
Q96088191	296254401290008024
Q96088193	6000000006947408274
Q96088195	6000000006947548162
Q96088197	6000000002787600063
Q96088199	296261311030002945
Q96088205	6000000015252623123
Q96088250	6000000037801756273
Q96088254	6000000137335689907
Q96088255	6000000024551813198
Q96088391	6000000008401760052
Q96088398	6000000008402077503
Q96088399	6000000066413890946
Q96088400	6000000066415651848
Q96088523	6000000017736127294
Q9608866	6000000076224794923
Q96088701	6000000002291693022
Q96088708	5347182449300105604
Q96088723	6000000002308318009
Q96088747	6000000010008841354
Q96088754	6000000000590535776
Q96088755	6000000008270180515
Q96088759	6000000009912655190
Q96088770	6000000075257017954
Q96088771	6000000019126539024
Q96088901	6000000030984423476
Q96089043	6000000019923909146
Q96089148	6000000024428136032
Q96089175	6000000003892426199
Q96089176	6000000003892394185
Q96089294	6000000020102972231
Q96089329	6000000003635999470
Q96089473	6000000021254531311
Q96089537	6000000002188554638
Q96089539	6000000002188554644
Q96089542	6000000002188554658
Q96089545	5641222427140054988
Q96089547	5641222458130054994
Q96089554	6000000188823484824
Q96089557	6000000028126121867
Q96089559	6000000007574874016
Q96089561	6000000007574969222
Q96089563	6000000007574486175
Q96089564	6000000007574828489
Q96089566	6000000004293759941
Q96089567	6000000004294044500
Q96089569	6000000004294011414
Q96089572	6000000009324713498
Q96089580	6000000009318133581
Q96089581	6000000002435666770
Q96089583	6000000003940246020
Q96089584	6000000004079858085
Q96089585	6000000004079886161
Q96089587	6000000005914223145
Q96089589	6000000004087526607
Q96089591	6000000009551889296
Q96089593	3071812
Q96089594	6000000009553763563
Q96089595	6000000002860715080
Q96089597	6000000009554160151
Q96089598	6000000037015045118
Q96089602	6000000003540320138
Q96089603	6000000003540264304
Q96089605	6000000000632112712
Q96089611	6000000002872870455
Q96089613	4796572811640021146
Q96089613	6000000071633586351
Q96089615	4699303
Q96089618	6000000006728456027
Q96089619	6000000011647490843
Q96089629	6000000007497017257
Q96089631	6000000011724353982
Q96089633	6000000004417621002
Q96089642	6000000011645342281
Q96089645	6000000007454549039
Q96089646	6000000003299451942
Q96089649	6000000027470908700
Q96089653	6000000002259819285
Q96089654	6000000007154319236
Q96089658	6000000003628309096
Q96089663	6000000002259901132
Q96089664	6000000224059264893
Q96089674	6000000004594308305
Q96089676	6000000019702448053
Q96089677	6000000015670802437
Q96089678	6000000015671306251
Q96089680	6000000019701737588
Q96089696	6000000009626515962
Q96089698	6000000001021513157
Q96089700	6000000000511939907
Q96089701	6000000001886184063
Q96089702	6000000010192858313
Q96089703	6000000000512256555
Q96089705	6000000004006048875
Q96089707	6000000003999808864
Q96089709	6000000004229531226
Q96089710	6000000003999950543
Q96089714	4545968235250054528
Q96089716	6000000010953448138
Q96089719	5338741363430122498
Q96089720	6000000019655736159
Q96089724	315480572960002707
Q96089728	6000000020907666196
Q96089731	6000000013181973248
Q96089732	6000000013181882493
Q96089736	6000000008200946933
Q96089737	320763324550006352
Q96089739	6000000003043400312
Q96089779	6000000006964091436
Q9608980	6000000176065812821
Q96090	6000000027616409950
Q96090026	6000000010126647789
Q96090141	6000000007800708584
Q96090143	6000000008300436213
Q96090144	6000000008300267499
Q96090149	6000000008300330407
Q96090154	6000000007803997680
Q96090160	6000000007804216305
Q96090171	6000000008976718785
Q96090172	6000000008976957293
Q96090173	6000000008976722762
Q96090179	6000000007804133803
Q96090181	6000000015642760205
Q96090318	6000000011470052967
Q96090321	6000000011470352451
Q96090381	6000000016370800067
Q96090395	6000000011057261994
Q96090421	6000000012410267949
Q96090422	6000000012410352936
Q96090424	6000000046391605957
Q96090425	6000000046391690860
Q96090428	6000000079585561934
Q96090429	6000000046391839837
Q96090446	6000000029558092909
Q96090479	6000000028068275462
Q96090508	6000000016869275855
Q96090543	6000000008859372215
Q96090574	6000000073048380821
Q96090607	6000000073048182062
Q96090654	6000000081027989149
Q96090771	6000000047033528854
Q96090776	6000000012936040590
Q96090847	6000000057433106896
Q96090868	6000000082664385852
Q96090923	6000000021832025403
Q96090924	6000000017383709436
Q96090925	6000000021832145864
Q96090928	6000000021568204871
Q96090956	6000000051075731866
Q96090957	6000000051075172340
Q96090965	6000000012178869134
Q96090967	6000000014338113303
Q96090968	6000000010798833125
Q96090969	6000000027324023328
Q96090970	6000000010798833176
Q96090971	6000000010800429230
Q96090972	6000000010800322548
Q96090973	6000000010800480320
Q96090974	6000000010800514272
Q96090975	6000000010800394497
Q96090976	6000000060990025002
Q96090977	6000000060990194914
Q96090979	6000000010798855014
Q96090981	6000000044149433833
Q96090982	6000000025016900872
Q96090983	6000000025017031870
Q96090985	6000000056767211828
Q96090994	6000000013521768776
Q96091106	6000000000839047089
Q96091223	6000000001745385484
Q96091263	6000000008691679939
Q96091309	6000000016657784503
Q96091310	6000000016657903203
Q96091311	6000000000490927551
Q96091312	6000000003615456666
Q96091412	6000000131677370367
Q96091415	6000000028011412935
Q96091416	6000000028011305605
Q96091743	6000000016115192652
Q960919	6000000082636795155
Q96092166	6000000003800505786
Q96092418	6000000065529874888
Q96092471	6000000119310365872
Q9609280	6000000007575148874
Q96093410	6000000037607807304
Q96093570	6000000036904821622
Q96095380	6000000003571238172
Q96095957	6000000016987270972
Q96096689	6000000014872785367
Q96096760	6000000002116190669
Q96097101	6000000038915836195
Q96097240	6000000031614787700
Q96097367	6000000037413943048
Q96097384	6000000024596422596
Q96097424	6000000037413393735
Q96097471	6000000012950959261
Q96097553	6000000181304225846
Q96097652	6000000071680953955
Q96098333	6000000041453539348
Q960984	6000000013385907896
Q960993	6000000000783243088
Q96099757	6000000119309168833
Q96099805	6000000119309144888
Q961003	6000000140177725134
Q96100425	6000000138193099825
Q96100590	6000000012107174429
Q96101497	6000000006348416452
Q96101598	6000000006348318029
Q96102049	6000000178315649851
Q96102077	6000000001362928616
Q96102077	6000000010160604179
Q961022	6000000016907778754
Q9610396	6000000003120072085
Q96104890	6000000161656164822
Q96105087	6000000007188628201
Q96105394	6000000007188494326
Q96105652	6000000007188532257
Q96105843	6000000007190530649
Q96106112	6000000007190995366
Q96106132	6000000027083222916
Q961063	6000000055184578907
Q96106441	6000000007190924386
Q96107085	6000000010486764241
Q96107476	6000000029698881006
Q96107499	6000000176116481831
Q96108	6000000048984344850
Q96108349	6000000068540690093
Q96109469	6000000109145182832
Q961117	6000000169729107909
Q96114148	6000000001795713113
Q9611737	6000000086635190248
Q96117680	6000000180017290862
Q961180	6000000037862754579
Q96118867	6000000084746326011
Q96119044	6000000076294693999
Q96122	6000000100806644902
Q96123948	6000000003794538248
Q9612570	6000000019895209634
Q96126205	6000000026336590712
Q96126294	6000000026337746984
Q96126305	6000000014877232525
Q96126305	6000000018648211006
Q96126322	6000000011079180737
Q96126767	6000000073591385522
Q9612692	6000000033882403169
Q961273	6000000013579634744
Q961284	6000000026944488615
Q96129287	6000000017640355569
Q961308	6000000077483674245
Q96132920	6000000008333084230
Q96133	6000000039673270833
Q96137	6000000094070571869
Q96137049	6000000009334294147
Q96139301	6000000014815131952
Q96140	6000000016019330782
Q9614086	6000000024745751980
Q9614095	6000000016950086476
Q96141151	6000000043443125303
Q96141418	6000000012454039100
Q961416	6000000017826987377
Q96142	6000000024196239692
Q96142230	6000000014815122956
Q96142771	6000000011261961362
Q96142813	6000000174037495004
Q9614318	6000000028589117451
Q9614323	6000000006357291800
Q961437	6000000182614514890
Q96143852	6000000006287343072
Q96144211	6000000013062499138
Q961443	6000000145346784867
Q96144575	6000000042307563054
Q96144950	6000000020152919049
Q96145	6000000018703969082
Q961451	6000000178548179893
Q96145466	3917570611610102691
Q96145930	6000000012599846334
Q96146229	6000000006860160478
Q961464	6000000038718132882
Q96146778	6000000003510619552
Q96146813	6000000074667744084
Q96146846	6000000013048879917
Q9614699	6000000006233463064
Q96147000	6000000175017993493
Q96147016	6000000024687072383
Q96147515	6000000049651748138
Q96147536	6000000027448196674
Q96148701	6000000000029424884
Q96148861	6000000002724669913
Q9614923	6000000000292351177
Q96149505	6000000027508366899
Q96150453	6000000028651439755
Q96151016	6000000003938525647
Q96151951	6000000023842093414
Q96152037	6000000023850820773
Q961526	6000000156179606838
Q961529	6000000119915336885
Q9615311	6000000024320406396
Q9615354	6000000074700949590
Q96153576	6000000027793521459
Q96153747	6000000013355703877
Q96153967	6000000013030203133
Q96154044	6000000027778063281
Q9615740	6000000074701433078
Q961579	6000000064642546854
Q961610	6000000029287055978
Q9616412	6000000055159305030
Q96164472	6000000004086804273
Q961660	2957638
Q96169	6000000002511443332
Q9617113	6000000019723698312
Q961743	6000000077067173665
Q96175671	6000000006130771546
Q96175994	6000000036617111715
Q96176667	6000000013940318146
Q96177410	6000000011292145492
Q96179793	6000000020848429435
Q96179835	6000000081058209934
Q96180	6000000139913060863
Q96180007	5543163449520064159
Q9618005	773353
Q961809	6000000135067277871
Q96181395	6000000019390012057
Q96181433	6000000101293726964
Q96181775	6000000046276462045
Q9618219	6000000109368952882
Q96182816	6000000155486361890
Q96183090	6000000004380151900
Q961831	362794620520011289
Q961833	6000000003219759495
Q961834	6000000002765848245
Q96183572	6000000029163547873
Q96184148	6000000075893058855
Q96185838	6000000045201491060
Q96185880	6000000016114733069
Q96185953	6000000163277118821
Q96185997	6000000145739560822
Q9618604	6000000112950014827
Q961861	6000000008187474605
Q96186337	6000000036309329330
Q96186437	6000000003782630711
Q9618672	6000000027917872193
Q9618745	6000000024239792192
Q96187456	6000000035347458298
Q9618748	6000000024239811743
Q961876	6000000031052555163
Q9618761	6000000018116143787
Q96187668	6000000022753717229
Q96188	6000000005393547384
Q9618814	6000000039062419319
Q9618896	6000000016060446041
Q96189268	6000000177587323831
Q961893	6000000015708358595
Q961894	6000000078388538117
Q9618967	6000000017407384154
Q9618984	6000000016774433609
Q96190101	6000000018372343006
Q96190161	6000000031662660512
Q96190196	6000000000156674674
Q96190348	6000000205356500998
Q96190491	6000000013061981845
Q96190496	6000000007618653756
Q9619051	6000000029535107105
Q96190574	6000000003075885899
Q96190689	6000000028496942344
Q96190738	6000000036778503056
Q961910	6000000014163322246
Q961910	6000000185833360841
Q961914	6000000019950467273
Q961924	6000000093377430856
Q961927	6000000142087470891
Q9619292	6000000174828610198
Q9619332	6000000112926387852
Q96194379	6000000038595250989
Q96194438	6000000038593574989
Q9619450	6000000020934478559
Q96195153	6000000032687617187
Q96195489	6000000004669073894
Q961961	6000000136985288345
Q96196885	6000000002057077523
Q96197013	6000000002460056928
Q96197227	6000000021555364285
Q96197257	6000000010502741222
Q96197284	6000000025563781617
Q9619738	6000000030604198366
Q96197399	3919093392450048972
Q96197423	6000000131417955003
Q9619744	6000000006365760599
Q9619749	6000000025721470896
Q96197542	6000000038593599246
Q96197549	6000000007006668610
Q96197550	6000000007217296088
Q96197552	6000000000392363548
Q96197553	4657839718870025805
Q96197554	6000000006445888109
Q96197555	6000000008595667959
Q96197558	6000000010341016732
Q96197559	6000000001397113625
Q96197560	6000000001397107613
Q96197561	6000000000141453327
Q96197562	6000000001132804328
Q96197563	4623147562750039501
Q96197564	6000000010349842571
Q96197567	6000000003501982873
Q96197568	6000000006100932571
Q96197569	6000000006100932579
Q96197578	6000000014273312729
Q96197580	6000000002518368314
Q96197582	6000000002518227699
Q96197584	6000000003615408615
Q96197586	6000000003615138512
Q96197587	6000000006444287903
Q96197591	6000000033330161006
Q96197592	6000000003077437692
Q96197593	6000000003615250211
Q96197594	6000000001690607365
Q96197595	6000000003615184251
Q96197596	6000000006444270242
Q96197598	6000000003615250871
Q96197601	6000000001037122348
Q96197602	6000000003615184172
Q96197603	6000000000724797885
Q96197605	6000000000689090242
Q96197607	6000000003150783828
Q96197609	6000000003242798515
Q96197660	6000000004229255030
Q96197665	6000000002107158581
Q96197669	6000000002107031986
Q96197751	6000000016016620938
Q96197767	6000000001401929906
Q96197769	6000000000229589239
Q96197770	6000000000526911058
Q96197771	6000000000229589164
Q96197773	6000000000526829736
Q96197774	6000000000526682729
Q96197775	5165080979570021420
Q96197776	6000000007346137302
Q96197777	6000000000229600633
Q96197778	6000000003938074097
Q96197779	6000000007252152653
Q96197780	296430778760002986
Q96197781	6000000003938074980
Q96197782	6000000001402181051
Q96197788	6000000006964061960
Q96197789	6000000006964027930
Q96197792	6000000006964003441
Q96197793	6000000003939897222
Q96197794	6000000003939897121
Q96197796	4322272715930032248
Q96197797	6000000006979340910
Q96197798	6000000006979904019
Q96197807	6000000002106152033
Q96197808	6000000006963960802
Q96197809	6000000006964077817
Q96197812	6000000002106002964
Q96197813	6000000002106059508
Q96197815	6000000006964077335
Q96197816	6000000000443250299
Q96197817	6000000002106038984
Q96197818	6000000002106110489
Q96197820	6000000002106083658
Q96197821	6000000002106160168
Q96197822	6000000007684035561
Q96197824	6000000003852946978
Q96197826	6000000007684173220
Q96197836	6000000001852829632
Q96197842	6000000001852790685
Q96197880	6000000000240226324
Q96197881	6000000000240074715
Q96197882	6000000001540659985
Q96197884	6000000006912339167
Q96197886	6000000001853602458
Q96197891	6000000004594593028
Q96197892	6000000166975263821
Q96197900	6000000003446842117
Q96197901	6000000001682406952
Q96197903	6000000001683031385
Q96197904	6000000001683092162
Q96197906	6000000012849604299
Q96197907	6000000001683093066
Q96197908	6000000001683119179
Q96197909	6000000008302034469
Q96197910	6000000008302035165
Q96197911	6000000008302034443
Q96197955	4690713976820089854
Q96197957	6000000004570691803
Q96197959	4691317143890023334
Q96197972	6000000007437058261
Q96197974	6000000000902281433
Q96197976	6000000007436677956
Q96197977	6000000027743844381
Q96197978	6000000002224641235
Q96197980	6000000001540933035
Q96197981	6000000001771415032
Q96197983	6000000003797013315
Q96197984	6000000001771066575
Q96197988	6000000008029328552
Q96197991	6000000002709523716
Q96197994	6000000003391461225
Q96198000	6000000003391340733
Q96198004	6000000009513014699
Q96198072	6000000007549799075
Q96198074	5027782421340115222
Q96198075	6000000007549828936
Q96198076	6000000001899378396
Q96198076	6000000002908624541
Q96198077	6000000001899378403
Q96198079	6000000006209999809
Q96198080	6000000006210451106
Q96198081	6000000006210583008
Q96198085	6000000008004117585
Q96198087	356665232900011587
Q96198089	6000000000688916384
Q96198090	6000000000688916395
Q96198100	6000000113477614902
Q96198101	6000000182115938868
Q96198111	6000000010883339235
Q96198112	6000000010883215025
Q96198136	6000000002449582216
Q96198137	6000000004557785843
Q96198138	6000000004558366443
Q96198144	6000000004558498137
Q96198145	6000000004557888759
Q96198158	6000000003076182780
Q96198162	6000000001341188319
Q96198163	6000000000921412353
Q96198164	6000000010779963115
Q96198166	6000000014725089663
Q96198169	6000000003076727471
Q96198171	6000000003076727487
Q96198172	6000000003075962866
Q96198173	6000000003075962936
Q96198175	6000000001422208141
Q96198177	4326620369890055282
Q96198178	6000000001422212043
Q96198182	6000000000351064307
Q96198184	6000000001424314403
Q96198185	6000000001424422117
Q96198186	6000000003681360683
Q96198190	6000000003681360718
Q96198192	6000000000351085557
Q96198193	6000000006733320679
Q96198195	6000000004172298746
Q96198197	6000000001376787487
Q96198247	6000000004556628387
Q96198249	6000000004688661375
Q96198263	6000000157108681828
Q9619830	6000000012379793983
Q96198318	6000000003076813056
Q9619838	6000000080178171863
Q96198385	6000000002957684735
Q9619841	6000000026068184836
Q96198411	6000000000370793398
Q96198419	6000000000265132128
Q96198421	6000000001782670048
Q96198422	6000000000265091773
Q96198423	6000000001086787042
Q96198424	6000000004086548930
Q96198426	6000000001067344463
Q96198427	6000000004086548938
Q96198428	6000000004086559127
Q96198431	6000000000265100415
Q96198433	6000000000769973431
Q96198435	324650170770002911
Q96198445	6000000000351064643
Q96198446	6000000014982945541
Q96198447	6000000014983051898
Q96198448	6000000007400308783
Q96198449	6000000003075996632
Q96198453	6000000000387113728
Q96198454	6000000003075772687
Q96198457	6000000003858683802
Q96198460	6000000005610461690
Q96198461	6000000005610774215
Q96198462	6000000003615483761
Q96198463	6000000003077142845
Q96198466	6000000003681536260
Q96198467	6000000003075712984
Q96198471	6000000003076890737
Q96198474	6000000003076694746
Q96198475	6000000016073434757
Q96198477	6000000003939431433
Q96198478	6000000003075917115
Q96198479	6000000003939431494
Q96198481	6000000002870159826
Q96198484	6000000000524239607
Q96198487	6000000004671542255
Q96198488	6000000001689508628
Q96198489	6000000006444144272
Q96198490	6000000000229567065
Q96198491	6000000006444373908
Q96198492	6000000003076985103
Q96198493	6000000003076930889
Q96198494	6000000019574002493
Q96198495	291589148200003201
Q96198496	6000000003075712533
Q96198497	6000000003077227694
Q96198498	349269734350010528
Q96198499	6000000007601131789
Q96198500	6000000003030451924
Q96198501	6000000003615466744
Q96198502	6000000008932313791
Q96198503	6000000001475846013
Q96198504	6000000003076404877
Q96198525	6000000000769960108
Q96198527	6000000000769905118
Q96198544	6000000003146973808
Q96198545	6000000000535561408
Q96198546	6000000000769899169
Q96198547	6000000000535617233
Q96198548	6000000000769899204
Q96198550	6000000003076253108
Q96198551	6000000000769890383
Q96198552	1745153
Q96198562	6000000002530447448
Q96198563	6000000002530511460
Q96198564	6000000002530512144
Q96198568	6000000003811186194
Q96198571	6000000071719105131
Q96198572	6000000071719508847
Q96198579	6000000003811186187
Q96198580	6000000003681360395
Q96198581	6000000003002219608
Q96198582	6000000008331361352
Q96198583	6000000003031119265
Q96198585	6000000003681360348
Q96198588	315902605660006464
Q96198590	6000000006444290038
Q96198591	6000000000769867732
Q96198592	6000000003937236304
Q96198593	6000000003937236318
Q96198597	6000000000535261339
Q96198600	6000000000769888904
Q96198602	6000000006290291108
Q96198603	6000000007451785225
Q96198603	6000000010065503291
Q96198606	6000000009983235845
Q96198611	6000000002931036782
Q96198613	6000000000535223349
Q96198614	6000000000535280347
Q96198617	6000000000535303177
Q96198619	6000000000535324213
Q96198620	6000000000535285195
Q96198622	1810155
Q96198623	1785925
Q96198624	6000000000535360196
Q96198625	6000000000535193458
Q96198626	6000000000535349124
Q96198629	6000000030738605596
Q96198629	6000000073968726821
Q96198633	6000000030738601498
Q96198635	6000000005739097754
Q96198637	6000000005739455305
Q96198638	6000000000438408962
Q96198639	6000000002641639516
Q96198640	6000000030738679461
Q96198640	6000000073968696874
Q96198657	6000000006440080103
Q96198659	6000000006440080090
Q96198661	6000000005396679880
Q96198662	6000000008560252703
Q96198663	6000000003937930215
Q96198667	6000000007417811296
Q96198668	6000000006440080074
Q96198672	6000000001561491295
Q96198673	6000000011515129334
Q96198675	6000000011515042461
Q96198677	6000000002279000444
Q96198678	6000000001842985943
Q96198679	6000000004026495654
Q96198680	6000000001045772033
Q96198681	6000000002279000454
Q96198684	6000000003122442170
Q96198685	6000000011514957765
Q96198694	6000000003075663777
Q96198703	6000000010590434341
Q96198707	6000000009245627388
Q96198710	6000000003076443036
Q96198711	6000000000081225371
Q96198711	6000000003939174389
Q96198714	6000000003937922889
Q96198716	6000000003937922896
Q96198717	6000000000484654429
Q96198719	6000000000550038619
Q96198722	6000000000550038609
Q96198725	6000000003937912780
Q96198726	6000000003938865808
Q96198729	5088990508030135079
Q96198730	4085577130360032429
Q96198732	4088288442550033024
Q96198735	6000000006442354586
Q96198738	6000000006442354659
Q96198739	6000000000161467494
Q96198740	6000000006441845162
Q96198744	6000000006442354213
Q96198751	6000000006441950562
Q96198754	288442902280005623
Q96198755	6000000000769903058
Q96198760	6000000000769902986
Q96198762	6000000003077071424
Q96198764	6000000000592857092
Q96198766	6000000002154645002
Q96198767	6000000006442142315
Q96198768	6000000001689509536
Q96198769	6000000003839058908
Q96198770	6000000006442142327
Q96198771	6000000006442259202
Q96198775	6000000006442284498
Q96198776	6000000001661940046
Q96198781	6000000002696304642
Q96198782	6000000002696194854
Q96198783	6000000002284040190
Q96198785	6000000000884151072
Q96198786	6000000002284169190
Q96198787	6000000002684737023
Q96198788	6000000000181177833
Q96198789	6000000002696409285
Q96198791	6000000000229509720
Q96198792	6000000004392296233
Q96198793	6000000003301706432
Q96198794	6000000032840618482
Q96198795	6000000003098131125
Q96198796	4957571403850078298
Q96198797	4957562198960041891
Q96198798	6000000003098185037
Q96198799	6000000002580380590
Q96198800	6000000003301689644
Q96198802	6000000003041211928
Q96198803	6000000003041250866
Q96198804	6000000003301713487
Q96198809	6000000000769872256
Q96198810	6000000003076404410
Q96198811	6000000009978061009
Q96198816	6000000008231297463
Q96198817	6000000000475010700
Q96198818	6000000006252989515
Q96198820	6000000003077402318
Q96198834	6000000017215029474
Q96198837	6000000082940441266
Q96198838	6000000039133632116
Q96198839	6000000006442297989
Q96198840	6000000011195095369
Q96198869	6000000000997972580
Q96198871	6000000002776921093
Q96198872	6000000002776903458
Q96198873	6000000002770003758
Q96198884	6000000005417773260
Q96198886	6000000005607390943
Q96198887	6000000005607390950
Q96198889	6000000002040668056
Q96198891	6000000002040653109
Q96198892	6000000003193566934
Q96198896	337523757410007029
Q96198897	6000000001363114790
Q96198898	6000000004089664666
Q96198900	6000000001363355015
Q96198903	6000000000351077073
Q96198911	6000000001475223039
Q96198912	6000000003076498447
Q96198913	6000000003219403515
Q96198916	6000000004205879532
Q96198917	6000000003243274754
Q96198918	6000000002237743491
Q96198920	6000000006444665711
Q96198921	6000000000351053778
Q96198922	6000000000652288197
Q96198924	6000000003827706795
Q96198925	6000000003513683936
Q96198926	6000000003616043149
Q96198927	6000000002603437276
Q96198928	6000000004993706609
Q96198929	6000000003513622894
Q96198930	6000000011813214628
Q96198934	6000000006815993736
Q96198935	5426610267290110317
Q96198936	6000000008680054183
Q96198937	6000000002946686043
Q96198940	6000000001388198597
Q96198941	6000000004089280763
Q96198954	6000000001388516086
Q96198955	6000000001388371174
Q96198960	6000000008574485921
Q96198961	6000000003044244140
Q96198962	6000000008574593721
Q96198965	3931422262400122418
Q96198966	6000000002662806493
Q96198968	6000000003040502172
Q96198969	6000000003044216641
Q96198970	6000000003031390090
Q96198971	6000000003031390331
Q96198972	6000000003040502431
Q96198974	6000000008575247492
Q96198984	4603504664560025090
Q96198987	6000000001540802846
Q96198988	6000000001540802640
Q96198989	6000000007485343212
Q96198996	6000000001540968480
Q96199003	6000000005063560055
Q96199021	6000000002455742752
Q96199029	6000000002034808307
Q96199032	6000000002447031825
Q96199037	6000000002034671899
Q96199039	6000000008312297378
Q96199040	6000000000770015139
Q96199041	6000000000769985616
Q96199043	6000000002882978234
Q96199044	6000000006440037828
Q96199046	6000000002883042507
Q96199048	6000000002882945770
Q96199050	6000000000769981981
Q96199061	6000000002455854136
Q96199063	6000000006440080173
Q96199064	6000000000133794792
Q96199065	6000000002248154817
Q96199066	6000000000097037603
Q96199070	6000000036542401079
Q96199072	6000000003075426381
Q96199073	385110954810013753
Q96199077	6000000004047038118
Q96199081	6000000008318022399
Q96199083	6000000002411996562
Q96199085	6000000002455804171
Q96199087	6000000003458202921
Q96199090	6000000005616847652
Q96199091	6000000006788789050
Q96199092	6000000011684770185
Q96199094	6000000000291691875
Q96199096	6000000001491700324
Q96199097	4814858292900052290
Q96199098	5639430537240037846
Q96199099	5639430611680037852
Q96199100	6000000000093215285
Q96199101	6000000000220284772
Q96199102	6000000000484664043
Q96199103	6000000006174923179
Q96199106	6000000006174962296
Q96199107	6000000006444307773
Q96199138	6000000008092196960
Q96199146	6000000002665513393
Q96199334	6000000000538373556
Q96199335	6000000001354054393
Q96199336	6000000005104028067
Q96199338	6000000000111917698
Q96199339	6000000000770010404
Q96199340	6000000003077065703
Q96199341	6000000002930925843
Q96199343	6000000009429225871
Q96199346	6000000002930925869
Q96199349	6000000006452702541
Q96199351	6000000003076770634
Q96199353	6000000000845900150
Q96199356	6000000000834135469
Q96199357	6000000000808996046
Q96199358	5658237485900100908
Q96199359	5658254290920045900
Q96199362	5658237515920100914
Q96199370	6000000002889920152
Q96199375	6000000000836452256
Q96199382	6000000000276159691
Q96199389	6000000001354038124
Q96199391	6000000002046913900
Q96199393	6000000003076297839
Q96199453	6000000001578863369
Q96199454	6000000010648464429
Q96199456	358211154870013877
Q96199459	6000000002992122213
Q96199461	386076361470012185
Q96199462	6000000010260241011
Q96199466	6000000009004609968
Q96199467	6000000001578863378
Q96199471	6000000001881221279
Q96199472	6000000002516413844
Q96199473	6000000000217773475
Q96199474	6000000001817727213
Q96199475	6000000000217939130
Q96199478	6000000000220012058
Q96199479	6000000006444997926
Q96199481	6000000001817727101
Q96199483	4839750681940072644
Q96199484	6000000000406035244
Q96199486	6000000000769867973
Q96199487	6000000000769867959
Q96199488	4196482
Q96199490	6000000000769867925
Q96199491	4243719
Q96199492	4243404
Q96199493	6000000003210354151
Q96199494	6000000000405863670
Q96199496	6000000000597048077
Q96199497	5090499063540026970
Q96199498	5090499075520026976
Q96199500	6000000000405944395
Q96199502	4839740644570138545
Q96199505	4839703188730073083
Q96199506	4839685858260138391
Q96199508	6000000000517765170
Q96199509	6000000012212214275
Q96199510	332325876660011902
Q96199511	6000000006376456283
Q96199513	6000000006376330421
Q96199514	6000000007922815075
Q96199524	6000000004025724879
Q96199525	6000000004025876699
Q96199526	6000000004025804191
Q96199535	6000000003201221979
Q96199544	6000000018352518893
Q96199576	6000000006788784404
Q96199584	6000000006530533005
Q96199637	6000000003197429127
Q96199642	6000000003197358347
Q96199650	6000000001000503080
Q96199654	6000000004229248057
Q96199658	6000000001000433426
Q96199763	6000000001013075840
Q96199764	6000000004229248072
Q96199765	6000000004229248062
Q96199766	6000000001047343351
Q96199794	6000000009958750332
Q96199797	6000000000915444290
Q96199798	6000000005608713020
Q96199822	6000000001591060289
Q96199823	6000000006348733778
Q96199827	6000000004059293408
Q96199829	6000000004059342316
Q96199834	6000000009412646553
Q96199836	6000000036993722910
Q96199837	6000000006442097183
Q96199839	6000000006442097129
Q96199841	6000000009412646556
Q96199849	6000000000436151755
Q96199850	6000000000436447838
Q96199868	6000000000329427242
Q96199879	6000000003077395261
Q96199881	6000000178365770823
Q96199883	6000000178364217866
Q96199902	6000000002032349218
Q96199904	6000000002032381103
Q96199905	6000000002032379134
Q96199906	6000000008452147170
Q96199909	6000000000999227004
Q96199915	6000000007286534892
Q96199916	6000000003747073254
Q96199918	6000000007171860868
Q96199923	6000000003681353908
Q96199929	6000000003697234554
Q96199930	6000000003615503118
Q96199931	6000000000085761399
Q96199932	6000000002153382524
Q96199938	6000000000085482827
Q96199939	6000000002153381104
Q96199940	6000000003822868552
Q96199948	6000000000351068788
Q96199956	6000000003075827503
Q96199961	6000000005987827015
Q96199962	6000000002579966657
Q96199963	6000000002580127041
Q96199975	6000000001961232439
Q96199976	6000000031603258915
Q96199997	6000000018137057753
Q96200002	6000000032698054800
Q96200003	6000000032698398287
Q96200004	6000000032698106703
Q96200005	6000000001670697981
Q96200006	5108033742350044697
Q96200007	6000000037717453747
Q96200017	5108033756340044603
Q96200018	6000000037718896905
Q96200019	6000000037719060022
Q96200020	6000000037719279910
Q96200031	6000000037718920957
Q96200032	5556177689720037294
Q96200033	5556141774590119420
Q96200034	6000000002768937193
Q96200035	6000000002769034419
Q96200036	5107840328490071220
Q96200037	5107840340640071226
Q96200038	6000000002768797533
Q96200039	6000000007574264363
Q96200040	6000000003380621578
Q96200042	6000000003559395292
Q96200043	6000000004441482019
Q96200044	6000000003380755816
Q96200046	6000000007574056193
Q96200047	6000000006777715835
Q96200048	5555929014510104964
Q96200049	6000000002769040021
Q96200050	6000000006777620899
Q96200051	6000000000731615373
Q96200052	6000000006777960337
Q96200140	6000000008582478438
Q96200142	6000000013822750735
Q96200181	6000000138664622867
Q96200192	6000000026814111678
Q96200193	6000000001866510414
Q96200194	6000000001866601095
Q96200195	6000000028011939476
Q96200197	6000000026814557980
Q96200198	6000000040945873103
Q96200199	6000000069449964863
Q96200200	6000000036418084410
Q96200213	6000000007070783255
Q96200215	6000000009385503284
Q96200229	6000000069448329196
Q96200231	6000000036575898811
Q96200233	6000000036556449877
Q96200237	6000000036576772881
Q96200238	6000000036575924350
Q96200239	6000000069448856026
Q96200396	6000000011491437191
Q96200500	6000000005395737126
Q96200501	6000000001276549062
Q96200502	6000000003940255652
Q96200503	6000000003937866198
Q96200504	6000000000688902376
Q96200505	6000000003938852077
Q96200506	6000000003938852083
Q96200508	6000000001276544010
Q96200509	6000000001276431298
Q96200510	6000000001276450023
Q96200511	6000000001276319472
Q96200512	6000000001276089907
Q96200514	6000000001276321434
Q96200517	6000000003681565040
Q96200518	6000000005395802183
Q96200519	6000000001276486785
Q96200627	6000000003796878424
Q96200633	6000000003796878440
Q96200691	6000000000769976357
Q96200693	6000000011416444768
Q96200694	6000000011416139043
Q96200695	6000000000769976297
Q96200696	6000000000769976287
Q96200697	6000000000769976267
Q96200698	6000000007393332408
Q96200699	6000000029580164344
Q96200701	6000000000769976277
Q96200701	6000000103556168827
Q96200702	6000000011416462020
Q96200703	6000000011416590278
Q96200704	6000000011416167756
Q96200713	6000000004993541434
Q96200714	6000000004993631023
Q96200715	6000000004993177631
Q96200716	6000000022219229454
Q96200717	6000000003076838588
Q96200718	6000000000682021247
Q96200720	6000000000769905801
Q96200735	6000000001959733002
Q96200736	6000000000439245502
Q96200738	6000000000538987394
Q96200739	6000000000538657672
Q96200740	6000000000769976071
Q96200742	6000000000769976051
Q96200743	6000000003077071310
Q96200744	6000000026310063781
Q96200745	6000000000538892716
Q96200746	6000000001411925922
Q96200747	6000000000539095203
Q96200750	6000000001959732993
Q96200750	6000000103123841821
Q96200753	6000000103118132821
Q96200754	6000000103113509821
Q96200762	6000000003937778878
Q96200763	6000000001588358498
Q96200765	6000000000630285423
Q96200849	6000000003791872491
Q96200852	6000000001386708482
Q96200853	6000000001356420560
Q96200854	6000000001108882040
Q96200856	6000000001544562177
Q96200858	6000000000252900437
Q96200859	6000000001588481172
Q96200860	2889455
Q96200861	6000000001782952062
Q96200862	6000000001109084223
Q96200866	6000000001382765358
Q96200867	6000000001782796829
Q96200868	6000000001108874216
Q96200870	6000000001121949956
Q96200882	6000000001122059193
Q96200885	6000000001213555295
Q96200889	6000000001213352393
Q96200893	6000000001213352369
Q96200896	6000000003791872498
Q96200937	6000000002060855752
Q96200938	6000000002060657518
Q96200940	296102045930008024
Q96200942	6000000003076188230
Q96200944	6000000003076188274
Q96200945	6000000003075932456
Q96200946	6000000003075932263
Q96200948	6000000002060707989
Q96200949	6000000002060894058
Q96200950	6000000002060681572
Q96200955	6000000003076978542
Q96200957	6000000003076978526
Q96200960	6000000006444200050
Q96200964	6000000003076722274
Q96200966	6000000003076722201
Q96200967	6000000003076820326
Q96200971	296102864910004823
Q96200987	6000000006038070014
Q96200988	6000000019083731070
Q96200989	6000000044162236722
Q96200994	6000000017687808241
Q96200995	6000000008199296450
Q96201000	6000000042222599501
Q96201001	6000000042222497759
Q96201002	6000000042222691426
Q96201005	6000000020347145797
Q96201006	6000000001564819688
Q96201016	6000000015375738230
Q96201017	6000000015375650689
Q96201021	6000000018708643498
Q96201022	6000000105008560836
Q96201023	6000000006568331593
Q96201024	6000000006450618973
Q96201026	6000000001889545217
Q96201027	6000000001890873725
Q96201028	6000000005600426679
Q96201029	6000000003937034684
Q96201030	6000000003937491439
Q96201031	6000000001332439145
Q96201032	6000000003076182491
Q96201033	6000000015375184826
Q96201034	6000000004191718731
Q96201067	6000000024093646403
Q96201068	6000000009326911314
Q96201069	6000000150617993855
Q96201072	6000000150617755854
Q96201073	6000000150617176992
Q96201074	6000000150617012971
Q96201077	6000000172422125016
Q96201080	6000000172421465302
Q96201083	6000000150618046835
Q96201090	6000000014507317227
Q96201093	6000000014507322176
Q96201094	6000000014507322171
Q96201096	6000000014507317222
Q96201106	6000000010792737350
Q96201109	6000000014506257171
Q96201112	5260599967380067114
Q96201114	4970036968070130707
Q96201117	5260603848940083835
Q96201121	6000000015335899808
Q96201122	6000000003493682061
Q96201124	6000000016948823161
Q96201126	6000000033311229421
Q96201129	6000000025441932325
Q96201130	6000000018296655190
Q96201131	6000000025441801633
Q96201132	6000000003490616244
Q96201135	6000000169222651834
Q96201138	6000000009278349350
Q96201139	6000000083841303894
Q96201178	6000000006276546157
Q96201179	6000000007400962864
Q96201180	6000000007401119453
Q96201182	6000000007400966656
Q96201183	6000000003015089607
Q96201184	6000000002719550116
Q96201191	6000000007401032507
Q96201192	6000000006276175728
Q96201199	6000000002467200135
Q96201200	6000000002467129508
Q96201203	6000000002467209233
Q96201204	6000000010600810859
Q96201206	6000000018625250141
Q96201207	4768941335500120460
Q96201210	6000000002467181199
Q96201211	6000000002447361513
Q96201212	6000000010601068526
Q96201213	6000000002902974836
Q96201213	6000000010601064548
Q96201214	6000000002467221198
Q96201215	6000000010624279863
Q96201216	6000000019658707945
Q96201218	6000000019658661753
Q96201219	6000000079056989037
Q96201220	6000000020111766326
Q96201221	6000000020111577677
Q96201223	6000000019658887275
Q96201224	6000000002447361569
Q96201229	6000000012400716913
Q96201230	6000000000590537372
Q96201236	6000000006444125817
Q96201241	323639168510007769
Q96201245	6000000002447396171
Q96201246	6000000002447396155
Q96201247	6000000007027321052
Q96201248	6000000002447396139
Q96201248	6000000175982344830
Q96201249	6000000007027344033
Q96201250	6000000006112572254
Q96201251	6000000001434009292
Q96201253	5353135054270124032
Q96201254	6000000006111943976
Q96201255	6000000001713417802
Q96201257	6000000001383082952
Q96201258	6000000007115365569
Q96201259	6000000007115598277
Q96201260	6000000007115554105
Q96201261	6000000001713417659
Q96201262	6000000027897638497
Q96201263	6000000027918622977
Q96201264	6000000001382759255
Q96201265	6000000007026893624
Q96201266	6000000002447396179
Q96201272	6000000007994675386
Q96201273	6000000006439920359
Q96201274	6000000001322374512
Q96201275	6000000014834970106
Q96201276	6000000006439920354
Q96201277	6000000007994344112
Q96201278	6000000032917778826
Q96201279	6000000036110784167
Q96201280	6000000032917534342
Q96201281	6000000013910290119
Q96201283	6000000013101004683
Q96201284	6000000000904259689
Q96201285	6000000007994306751
Q96201286	6000000024437050012
Q96201287	6000000024436890664
Q96201289	6000000005386291143
Q96201291	6000000003481809956
Q96201292	6000000003681565085
Q96201293	6000000045878516843
Q96201297	6000000007362864428
Q96201299	6000000007362852406
Q96201300	6000000013910287478
Q96201301	6000000013910284269
Q96201307	6000000003681560953
Q96201308	6000000003103752725
Q96201309	6000000003681560938
Q96201310	6000000003681560928
Q96201311	6000000007962934648
Q96201313	6000000007611238216
Q96201315	6000000002928604412
Q96201319	6000000003103595767
Q96201320	6000000003103944477
Q96201321	6000000003104083216
Q96201329	6000000001784844664
Q96201330	6000000001784700812
Q96201331	6000000007008214904
Q96201336	6000000001784917090
Q96201340	6000000001784934147
Q96201415	6000000001395868129
Q96201423	6000000007561675896
Q96201433	6000000007561972237
Q96201446	6000000004086548887
Q96201447	6000000000281925080
Q96201448	6000000001043642256
Q96201463	6000000013558434230
Q96201467	6000000013558489179
Q96201469	6000000007463419600
Q96201472	6000000007463516673
Q96201473	6000000000516323758
Q96201474	6000000014380165311
Q96201475	6000000007463694208
Q96201476	6000000038410660541
Q96201477	6000000028605999143
Q96201485	6000000003006397638
Q96201486	6000000003006379825
Q96201495	6000000003006397589
Q96201499	6000000003419357577
Q96201500	6000000003419473270
Q96201501	6000000028605525096
Q96201504	6000000028605367029
Q96201505	305661134900003870
Q96201509	6000000038243499999
Q96201512	6000000003616084301
Q96201514	6000000005913691134
Q96201515	6000000002336164140
Q96201516	6000000003419362965
Q96201517	6000000031614415901
Q96201523	6000000028605446374
Q96201524	6000000028605847930
Q96201525	6000000028605876822
Q96201526	6000000027018910882
Q96201527	6000000027018350240
Q96201528	6000000000604987474
Q96201529	6000000003615624423
Q96201530	6000000001258933371
Q96201531	6000000000604984046
Q96201534	6000000027018670117
Q96201553	6000000002493430154
Q96201555	6000000008896285272
Q96201556	6000000100432400836
Q96201557	6000000003221207154
Q96201561	6000000100430410843
Q96201577	6000000007890647646
Q96201583	6000000007890501921
Q96201586	6000000007890805304
Q96201588	6000000007890734504
Q96201591	6000000007890724839
Q96201621	6000000008663118392
Q96201622	6000000004095191379
Q96201628	6000000003077227430
Q96201630	6000000006733313811
Q96201634	6000000011440138113
Q96201635	6000000002870175202
Q96201636	6000000020389965748
Q96201637	6000000020390093955
Q96201639	6000000002870175469
Q96201640	6000000011440161667
Q96201641	6000000005931810743
Q96201644	6000000003937680595
Q96201645	6000000003937680602
Q96201646	6000000016013782319
Q96201651	6000000028929945301
Q96201653	6000000000696729817
Q96201653	6000000027326371124
Q96201654	6000000002954795066
Q96201657	6000000005597434619
Q96201658	6000000005597434610
Q96201660	6000000005597199293
Q96201661	6000000007385300984
Q96201662	6000000003941450168
Q96201663	6000000005597434592
Q96201666	6000000001661076725
Q96201670	6000000001579472607
Q96201672	6000000001843180450
Q96201673	6000000003615554180
Q96201675	6000000003075961707
Q96201677	6000000001843180459
Q96201678	6000000003529765595
Q96201679	6000000008200505416
Q96201707	6000000000426656654
Q96201708	6000000006092172261
Q96201712	6000000000426525959
Q96201724	6000000039799501425
Q96201725	6000000039799286705
Q96201726	6000000039799166760
Q96201727	6000000039799571129
Q96201728	6000000116836610927
Q96201729	6000000008680394728
Q96201730	1315188
Q96201732	6000000008680491236
Q96201737	6000000003942646540
Q96201738	6000000002889661512
Q96201746	6000000002908636103
Q96201747	6000000002931054843
Q96201748	6000000002304421622
Q96201749	6000000000112134693
Q96201750	6000000000112115878
Q96201751	6000000005016735119
Q96201753	6000000003937341803
Q96201754	6000000000112115067
Q96201755	6000000004170204802
Q96201756	6000000007040970977
Q96201757	6000000004019701550
Q96201758	6000000014907400165
Q96201759	6000000001323174233
Q96201760	6000000031455184390
Q96201761	6000000031455947069
Q96201762	6000000000112105615
Q96201765	6000000009370066337
Q96201768	6000000004929830008
Q96201832	6000000002907118888
Q96201836	6000000018775716287
Q96201839	6000000003635999424
Q96201841	6000000003635999437
Q96201843	6000000005574195146
Q96201847	6000000003635999882
Q96201854	6000000002907118761
Q96201855	6000000002907118738
Q96201878	6000000010039185608
Q96201879	6000000000941934190
Q96201885	6000000000700830284
Q96201888	6000000000941980080
Q96201916	6000000000941948764
Q96201929	6000000008333581798
Q96201930	6000000000211101666
Q96201931	6000000000652493425
Q96201932	6000000006907072619
Q96201933	6000000007521739022
Q96201935	6000000000687653183
Q96201937	6000000000211101863
Q96201938	6000000006907083094
Q96201973	6000000003074828624
Q96201974	6000000078386891863
Q96201976	6000000003074864523
Q96201977	6000000000484412209
Q96201979	6000000001579093430
Q96201980	6000000001562669444
Q96201981	6000000000709024805
Q96201982	6000000000709225155
Q96201984	6000000014123128796
Q96201985	6000000000957817453
Q96201986	6000000000708378760
Q96201987	6000000000702153417
Q96201988	6000000003300388873
Q96201989	6000000000484437582
Q96201990	6000000000957950319
Q96201991	6000000001288706451
Q96201992	5384336200390135652
Q96202003	6000000000953550663
Q96202004	327939255600004692
Q96202005	6000000001681853535
Q96202006	6000000000633520942
Q96202008	6000000001691696581
Q96202009	6000000000337361115
Q96202010	6000000003670078909
Q96202011	327939788040002970
Q96202012	6000000000769905821
Q96202016	6000000037340283591
Q96202035	6000000000688983807
Q96202036	6000000000474099575
Q96202037	6000000008260562493
Q96202038	6000000006376515110
Q96202051	6000000002498661959
Q96202053	6000000006440686236
Q96202062	6000000000437912628
Q96202268	298120830250005471
Q96202269	6000000000156333806
Q96202271	6000000003938320891
Q96202273	6000000000156481413
Q96202274	6000000001853889322
Q96202275	381659378670013372
Q96202277	298121169020003620
Q96202278	6000000185810999832
Q96202279	6000000007603761053
Q96202280	6000000006167068075
Q96202282	6000000006862245189
Q96202285	6000000003939033481
Q96202286	6000000003396975094
Q96202287	6000000001220136633
Q96202288	6000000041147057235
Q96202289	6000000003939033468
Q96202290	6000000006906978832
Q96202291	375084530300012342
Q96202292	6000000008260412505
Q96202297	6000000001631763216
Q96202299	6000000001276139593
Q96202301	6000000008089413149
Q96202302	6000000004611530027
Q96202327	6000000008089577517
Q96202329	6000000002889254268
Q96202354	6000000000312762278
Q96202355	6000000004548382977
Q96202356	6000000001363869571
Q96202358	6000000000312640696
Q96202416	6000000019921116730
Q96202426	6000000015781096358
Q96202443	6000000001275951531
Q96202446	6000000003681351206
Q96202452	6000000003937822374
Q96202453	6000000003937822382
Q96202455	6000000000250127545
Q96202456	6000000003076665090
Q96202457	6000000001275974682
Q96202458	6000000003938268878
Q96202463	6000000001276189094
Q96202495	6000000003938506249
Q96202497	6000000003052060429
Q96202498	6000000003030838741
Q96202502	6000000004068336140
Q96202503	6000000006442770549
Q96202504	6000000010917862379
Q96202505	6000000019636422875
Q96202506	6000000003243493709
Q96202513	6000000001831649007
Q96202514	6000000006291781097
Q96202515	6000000006291434322
Q96202516	6000000001425205639
Q96202520	6000000006290795802
Q96202521	6000000006291080639
Q96202522	6000000008369391301
Q96202524	6000000020020423229
Q96202528	6000000009369047012
Q96202537	6000000030234687824
Q96202539	6000000003885992636
Q96202540	6000000003885915637
Q96202541	6000000004077978663
Q96202542	6000000006366695550
Q96202545	6000000006775563620
Q96202546	6000000006110755810
Q96202547	6000000002975845196
Q96202548	6000000002447019877
Q96202549	6000000006801783193
Q96202559	6000000009369167931
Q96202563	6000000026053889414
Q96202568	6000000040158462714
Q96202573	6000000070397713830
Q96202574	6000000006439950684
Q96202575	6000000006439950717
Q96202576	6000000009765777537
Q96202578	6000000000284239003
Q96202580	6000000000321331258
Q96202581	6000000004840955521
Q96202582	6000000002241127020
Q96202583	6000000000320669033
Q96202585	6000000006441386221
Q96202586	6000000003938281868
Q96202587	6000000000284238422
Q96202588	6000000000284256937
Q96202589	6000000009765271020
Q96202590	6000000000284307731
Q96202591	6000000002603568931
Q96202595	6000000006444242040
Q96202597	6000000005239562777
Q96202600	6000000008199325519
Q96202601	6000000010810854536
Q96202604	6000000015475469040
Q9620261	6000000058312977143
Q96202665	6000000003939081002
Q96202670	6000000000453643355
Q96202677	6000000003714769357
Q96202679	6000000000322311255
Q96202786	6000000020114134094
Q96202793	6000000181912485821
Q96202794	6000000181910693924
Q96202796	6000000181912420824
Q96202798	6000000016036833783
Q96202799	6000000034195245174
Q96202861	6000000000469997600
Q96202871	6000000010565120860
Q96202872	6000000000470027957
Q96202873	6000000010564770654
Q96202874	6000000010564750973
Q96202875	6000000081315296907
Q96202876	6000000001661803073
Q96202877	6000000001661749469
Q96202878	6000000010564976253
Q96202879	6000000010564996240
Q96202880	6000000063443927824
Q96202881	6000000010564921496
Q96202882	6000000010564957302
Q96202885	6000000010564966435
Q96202886	6000000010564968427
Q96202888	6000000000469845761
Q96202889	6000000006290474070
Q96202893	6000000000469958991
Q96202894	6000000010565019581
Q96202897	6000000010565239201
Q96202932	6000000001661974203
Q96202933	6000000001661690401
Q96202935	6000000000350934585
Q96202937	6000000000350934596
Q96202948	6000000057046687112
Q96202949	6000000001080356393
Q96202951	6000000003942685543
Q96202953	6000000003076099478
Q96202955	6000000006439950789
Q96202961	6000000000469141055
Q96202962	4341007667790040819
Q96202971	6000000015696540630
Q96202980	6000000003454509829
Q96202982	4967646520700114831
Q96202984	6000000006444222428
Q96202985	6000000003243433242
Q96202988	6000000001982773766
Q96202990	6000000001796427974
Q96202991	6000000000538226679
Q96202993	6000000002173702815
Q96202994	6000000002173914455
Q96202996	6000000003243493823
Q96203002	6000000000321345906
Q96203004	6000000005561607143
Q96203021	366398128250012367
Q96203023	6000000008935262749
Q96203024	366396808400013422
Q96203025	6000000008935233498
Q96203029	6000000000538231647
Q96203055	6000000007539924824
Q96203063	6000000006439961307
Q96203121	6000000001985372562
Q96203127	6000000001022774424
Q96203131	6000000001022715095
Q96203134	6000000001022647542
Q96203137	6000000002447405001
Q96203138	6000000001531527214
Q96203139	6000000002890026538
Q96203142	6000000002447405009
Q96203148	6000000002447405040
Q96203185	6000000001531527094
Q96203198	6000000004869502488
Q96203201	4396241527600018185
Q96203204	6000000003132921295
Q96203236	6000000009966294813
Q96203237	6000000001985028907
Q96203239	6000000001985304037
Q96203240	6000000009966856316
Q96203242	6000000001440758366
Q96203245	6000000003400550161
Q96203246	6000000001574846430
Q96203248	6000000009966589716
Q96203249	6000000006718105737
Q96203250	6000000019517077575
Q96203253	6000000185312475823
Q96203269	6000000001574484885
Q96203270	6000000041051396302
Q96203272	6000000001158064234
Q96203276	6000000005596287695
Q96203283	6000000003243493787
Q96203328	6000000040980196491
Q96203329	6000000020894172228
Q96203330	6000000020894355940
Q96203332	6000000025525812424
Q96203333	6000000025526317045
Q96203334	6000000025526283003
Q96203336	6000000025526450850
Q96203338	6000000025579627028
Q96203339	6000000025579179705
Q96203340	6000000003221207902
Q96203343	6000000022007285087
Q96203344	6000000022007124281
Q96203349	6000000022007592376
Q96203352	6000000023013074841
Q96203425	349876247820001007
Q96203428	349876737390001986
Q96203477	6000000001588539897
Q96203479	6000000001689479114
Q96203480	6000000006439937025
Q96203485	6000000003942935744
Q96203486	6000000003942935751
Q9620418	6000000003055699108
Q96204795	6000000050592703243
Q962050	6000000000206974021
Q9620544	6000000074705744928
Q9620574	6000000133445711873
Q96206085	6000000012772089788
Q96206087	6000000012774574314
Q96206088	6000000016566058115
Q96206089	6000000016565330732
Q96206091	6000000002450637240
Q96206092	6000000016565932283
Q96206146	6000000004168920690
Q96206147	6000000002515031638
Q96206148	6000000003042077103
Q96206152	6000000003853787946
Q96206154	6000000006444700125
Q96206158	6000000005924713092
Q96206161	6000000007604896674
Q96206170	6000000001187151758
Q96206186	6000000002965681000
Q96206187	6000000000284237091
Q96206191	6000000000284237074
Q96206193	6000000001382643533
Q96206194	6000000192361474857
Q962062	6000000032862100219
Q96206217	6000000001382643798
Q96206229	6000000024335211241
Q96206230	6000000002823779522
Q96206231	6000000002823817606
Q96206240	6000000002965463805
Q96206241	6000000047995861117
Q96206242	6000000047997944892
Q96206243	6000000080842294864
Q96206244	6000000103448549994
Q96206248	6000000000966135590
Q96206249	6000000000966135402
Q96206250	6000000000966247476
Q96206257	6000000046561325025
Q96206258	6000000047949895993
Q96206271	6000000047949193348
Q96206272	6000000047935155299
Q96206273	6000000047934202873
Q96206275	6000000002539234675
Q96206276	6000000025610965929
Q96206280	6000000047933615764
Q96206281	6000000047935133316
Q96206287	6000000003076003100
Q96206288	6000000001655857025
Q96206301	6000000000351005933
Q96206306	6000000000284232896
Q96206307	6000000003076198585
Q96206315	6000000003937174151
Q96206316	6000000003938703254
Q96206317	6000000003938703177
Q96206321	6000000004384412648
Q96206325	6000000006444256346
Q96206326	6000000000426625800
Q96206328	6000000000426625819
Q96206333	6000000008882240291
Q96206338	6000000000596312956
Q96206339	6000000031886178250
Q96206340	6000000002928597949
Q96206342	318537635560001768
Q96206343	318502264590006959
Q96206344	5230183405430080701
Q96206352	6000000002823720911
Q96206353	6000000002966521405
Q96206354	6000000001316267379
Q96206357	6000000006444700344
Q96206359	6000000015423755543
Q96206360	6000000013733054638
Q96206362	6000000003163428936
Q96206363	6000000006444700412
Q96206364	6000000000223895741
Q96206365	6000000016361694288
Q96206366	324076116360006435
Q96206367	6000000006444700320
Q96206368	6000000002928604177
Q96206371	6000000006444493068
Q96206372	6000000000426702691
Q96206373	6000000002930830635
Q96206374	6000000006444331264
Q96206378	6000000006444312295
Q96206379	6000000039763982949
Q96206384	6000000002930830546
Q96206387	342827252570011106
Q96206389	6000000005418269851
Q96206390	6000000006802864306
Q96206391	6000000003075932062
Q96206392	6000000003593247117
Q96206395	6000000003233687348
Q96206396	6000000011938919144
Q96206397	6000000002450606532
Q96206399	6000000003077191488
Q96206400	6000000003077191504
Q96206401	6000000003233803195
Q96206403	6000000002175601431
Q96206404	6000000002684670472
Q96206411	6000000014586515669
Q96206726	6000000004074534641
Q96206727	6000000004074560791
Q96206731	6000000003481811256
Q96206796	6000000008076103038
Q96206800	6000000008076238561
Q96206802	6000000002906918418
Q96206814	6000000001563117793
Q96206816	6000000002906854647
Q96206858	6000000011820298765
Q96206859	6000000011820272740
Q96206862	6000000001727115556
Q96206863	6000000003177953579
Q96206864	6000000001727180930
Q96206866	6000000003178048360
Q96206867	6000000001151066817
Q96206868	6000000001151057154
Q96206869	6000000057126690413
Q96206870	6000000001727516036
Q96206872	4008478
Q96206873	4009833
Q96206875	6000000003939400556
Q96206888	6000000006439961220
Q96206908	339327686100014075
Q96206910	6000000002969920862
Q96206911	6000000008260597224
Q96206915	6000000002969921575
Q96206916	6000000002410224440
Q96206919	6000000003937817777
Q96206920	6000000002410226876
Q96206921	6000000003937491099
Q96206922	6000000002410215652
Q96206926	6000000001635742286
Q96207	6000000027166926237
Q96207041	6000000025275662227
Q96207118	6000000028400237509
Q96207619	6000000002860971160
Q96207624	6000000002860971145
Q96207629	6000000004390435347
Q96207635	6000000002860971093
Q96207667	6000000002860967961
Q96207669	6000000002811794872
Q96207675	6000000002860967967
Q96207678	6000000003616685856
Q96207685	6000000002860971043
Q96207688	6000000002860971050
Q96207691	6000000002860971064
Q96207695	6000000003859257082
Q96207702	6000000004296577584
Q96207706	6000000003076453749
Q96207710	6000000003076606261
Q96207713	6000000002860971057
Q96207718	6000000003593299359
Q96207724	6000000002463103682
Q96207726	6000000004390404318
Q96207890	6000000005826461018
Q96207932	6000000002860971217
Q96207936	6000000000426695588
Q96207944	6000000002860971225
Q96207948	6000000003076605037
Q96207951	6000000003653943124
Q96207955	6000000004993804003
Q96207961	6000000000842620877
Q96207969	6000000002860946738
Q96207972	6000000002860946746
Q96207982	6000000003090665219
Q96207989	6000000000879195629
Q96207990	6000000000879225488
Q96208021	6000000013362638136
Q96208022	6000000002804497211
Q96208024	6000000021704080231
Q96208027	6000000021702080155
Q96208028	6000000021702151123
Q96208029	6000000000804655477
Q96208035	6000000010451783630
Q96208036	6000000002803916525
Q96208037	6000000002907180440
Q96208039	6000000016111084964
Q96208040	6000000003987456624
Q96208041	6000000016111581560
Q96208042	6000000000260103251
Q96208043	6000000003987443902
Q96208044	6000000006252606493
Q96208047	5013422192840108530
Q96208048	6000000000260106319
Q96208049	6000000016111408724
Q9620806	6000000080144247440
Q96208074	5089147821090111263
Q96208137	6000000001609610838
Q96208139	6000000000559035837
Q96208141	6000000001609714128
Q96208144	6000000001609313565
Q96208146	6000000003938993338
Q96208148	6000000003938993326
Q96208149	6000000012275367804
Q96208150	6000000003938993003
Q96208151	6000000000491114707
Q96208154	6000000000426575449
Q96208457	6000000000954531419
Q96208465	6000000002616076398
Q96208476	6000000028691708844
Q96208477	6000000028691405332
Q96208479	6000000040130603101
Q96208480	6000000005415329362
Q96208481	3973826536520025172
Q96208482	6000000028690537607
Q96208483	6000000028689920373
Q96208489	6000000027705724861
Q96208491	6000000096874171830
Q96208492	6000000002447358790
Q96208493	6000000008113252818
Q96208494	6000000008113223596
Q96208495	6000000008113217603
Q96208496	4448308843890061343
Q96208497	4448732537870033218
Q96208498	6000000003781272064
Q96208499	4448308891520036529
Q96208501	6000000002447358798
Q96208502	6000000000138784967
Q96208503	6000000047177878509
Q96208504	5168460952670047605
Q96208505	6000000005501661002
Q96208506	6000000000138920829
Q96208507	6000000000138853173
Q96208509	6000000008291377238
Q96208510	6000000047178312103
Q96208511	6000000000138724990
Q96208518	6000000096873867868
Q96208525	6000000000224779981
Q96208526	6000000003987443840
Q96208527	6000000100367716425
Q96208529	6000000002494635036
Q96208530	6000000003615452759
Q96208531	6000000002494395501
Q96208532	6000000003987456406
Q96208534	6000000000224980084
Q96208535	6000000003987467402
Q96208577	6000000000560713570
Q96208598	6000000002791080621
Q96208600	6000000002791080596
Q96208601	6000000026489225140
Q96208602	6000000026488443011
Q96208603	6000000002791022645
Q96208604	6000000001959729940
Q96208607	6000000009697643512
Q96208608	6000000010252377037
Q96208617	6000000002791082112
Q96208618	6000000036087759986
Q96208620	6000000081720174901
Q96208624	6000000081719448121
Q96208751	6000000002930836389
Q96208772	6000000002930836450
Q96208775	6000000003976650603
Q96208789	6000000001540658374
Q96208795	6000000004575011703
Q96208798	6000000004630832136
Q96208807	6000000001414354265
Q96208816	6000000000320665906
Q96208819	6000000000795184349
Q96208822	6000000000320669117
Q96208826	6000000000505960054
Q96208829	6000000003490596382
Q96208840	6000000000284219603
Q96208843	6000000000795204304
Q96208847	6000000000284219868
Q96208850	6000000003938223568
Q962090	6000000031735029332
Q96209037	6000000006946653366
Q96209039	6000000000769955363
Q96209041	6000000006440049059
Q96209043	293016976980006832
Q96209049	293023571410004821
Q96209069	6000000002787371669
Q96209070	6000000006947561053
Q96209071	6000000006947451257
Q96209078	6000000003040954267
Q96209079	6000000006947593011
Q96209080	296250065600006358
Q96209081	6000000003147071248
Q96209082	6000000005572580616
Q96209083	6000000005572934407
Q96209084	6000000005572782677
Q96209085	6000000005573038439
Q96209086	6000000006733313878
Q96209087	296251530040008042
Q96209089	6000000005961763574
Q96209090	6000000005961550972
Q96209092	373313446630002502
Q96209093	6000000189734442825
Q96209095	6000000008429027705
Q96209097	2083462
Q96209098	2084351
Q96209099	6000000002317694204
Q96209100	6000000000742128792
Q96209101	6000000002506920453
Q96209102	2084377
Q96209103	6000000000426739677
Q96209104	6000000000866222197
Q96209105	2084352
Q96209106	6000000003939446931
Q96209107	6000000000426739595
Q96209108	6000000003937759932
Q96209109	2084564
Q96209111	6000000000908056578
Q96209112	6000000002043237834
Q9620912	6000000008848951278
Q96209132	6000000003747476291
Q96209173	6000000006444700383
Q96209175	6000000006444247457
Q96209176	6000000003937759360
Q96209177	6000000000438408807
Q96209178	6000000001744961437
Q96209179	6000000003939403323
Q96209180	323690642510002732
Q96209181	6000000006442142553
Q96209182	6000000005566440358
Q96209183	6000000011016284115
Q96209184	6000000003937754967
Q96209185	6000000000769849284
Q96209186	6000000000893156040
Q96209189	6000000010046069480
Q96209190	6000000001925910930
Q96209191	6000000006444441702
Q96209192	6000000000426625414
Q96209193	6000000002154536030
Q96209195	6000000000426608078
Q96209196	6000000002953482096
Q96209197	6000000003939008730
Q96209199	6000000003076443725
Q96209201	6000000008212123615
Q96209202	6000000000426529429
Q96209203	6000000002966702043
Q96209204	6000000002824608658
Q96209205	6000000000769851345
Q96209268	291280628400005980
Q96209269	6000000000688736887
Q96209270	6000000012795608310
Q96209274	6000000001405803141
Q96209277	6000000001405679417
Q96209279	6000000001540212715
Q96209284	6000000054469220027
Q96209285	6000000000424733039
Q96209286	6000000010449003487
Q96209287	6000000001697112169
Q96209289	6000000000426621944
Q96209292	6000000002154453318
Q96209293	6000000001573996508
Q96209304	6000000003635999042
Q96209306	6000000081266145483
Q96209307	6000000002158837851
Q96209312	6000000003147196016
Q96209314	6000000003147191613
Q96209315	6000000003938080001
Q96209316	6000000006783217123
Q96209317	6000000006778212127
Q96209325	6000000001224786137
Q96209326	6000000001224877402
Q96209327	6000000001224881032
Q96209338	6000000001224868007
Q96209339	6000000000965421292
Q96209341	6000000001131077607
Q96209347	6000000001224874096
Q96209348	6000000006986768752
Q96209349	6000000001596406926
Q96209350	6000000013029249206
Q96209352	6000000010810938903
Q96209357	6000000001596583718
Q96209358	6000000001596672160
Q96209359	6000000001596444888
Q96209360	6000000130253395833
Q96209366	6000000006987178123
Q96209368	6000000003757911262
Q96209374	6000000002248079487
Q96209375	6000000003147030083
Q96209377	6000000003077587725
Q96209378	6000000001220127969
Q96209379	6000000008260485591
Q96209392	6000000002076939106
Q96209393	6000000001343950559
Q96209394	6000000000966292378
Q96209395	6000000006442173967
Q96209396	2212331
Q96209397	6000000003434594713
Q96209398	6000000008439248687
Q96209399	6000000036469586774
Q96209400	6000000004287381636
Q96209401	6000000000484740301
Q96209402	6000000000579348498
Q96209403	6000000000708803616
Q96209404	6000000005413131448
Q96209406	6000000000766406129
Q96209407	6000000001596411585
Q96209408	6000000008221640539
Q96209417	6000000006719053140
Q96209418	6000000006718681990
Q96209419	6000000006987184093
Q96209420	6000000001316252487
Q96209421	6000000001316252575
Q96209422	6000000000426624594
Q96209423	6000000003937766620
Q96209424	6000000000426649737
Q96209425	6000000005800243979
Q96209426	6000000006986938548
Q96209429	6000000006573854726
Q96209430	6000000005800166094
Q96209442	6000000002541228069
Q96209443	6000000001101741411
Q96209446	6000000001608892189
Q96209447	6000000001101741165
Q96209460	6000000001727659085
Q96209462	6000000002930983695
Q96209465	6000000002511679176
Q96209468	6000000002916756756
Q96209469	6000000200303734825
Q96209474	6000000003939385992
Q96209477	6000000000293431306
Q962095	6000000014042293320
Q96209617	3863553
Q96209619	6000000002869963062
Q96209620	6000000002790555809
Q96209622	6000000003030902895
Q96209623	6000000003031078007
Q96209625	6000000003030857510
Q96209627	6000000002931113025
Q96209628	6000000003939198193
Q96209629	6000000003939198184
Q96209633	6000000002931074723
Q96209634	6000000002930966764
Q96209644	6000000003031059043
Q96209661	3863364
Q96209666	3863262
Q96209668	6000000002790555790
Q96209669	6000000002677612326
Q96209681	6000000003086752221
Q96209684	3863300
Q96209685	6000000002790675536
Q96209687	6000000029863027262
Q96209715	6000000023740085835
Q96209717	6000000002930954687
Q96209719	6000000004993412591
Q96209721	6000000002889837091
Q96209723	6000000002889967238
Q96209725	6000000002116124318
Q96209726	6000000002931113414
Q96209727	6000000000550117918
Q96209729	6000000004993683080
Q96209730	6000000002931113424
Q96209733	6000000002930960198
Q96209734	6000000002931113066
Q96209738	6000000002931113074
Q96209739	6000000004846835211
Q96209744	6000000004846730362
Q96209846	6000000009805444740
Q96209847	6000000002174618653
Q96209849	6000000002174618764
Q96209850	6000000006348492199
Q96209866	6000000015547778451
Q96209867	6000000015547582936
Q96209870	6000000015547839303
Q96209871	6000000006733320276
Q96209872	6000000006733320281
Q96209873	6000000015547676947
Q96209874	6000000000696732810
Q96209875	6000000000293443526
Q96209876	6000000000696732725
Q96209877	6000000037422109724
Q96209888	6000000011083802005
Q96209889	6000000011084323668
Q96209890	6000000016237506017
Q96209891	6000000008176463231
Q96209892	6000000011083638758
Q96209893	6000000011090336731
Q96209914	6000000000293433083
Q96209915	6000000004847061894
Q96209917	6000000000320676117
Q96209918	6000000000320675055
Q96209927	6000000000426612221
Q96209928	6000000006444292268
Q96209931	6000000006444364632
Q96209936	6000000005233074055
Q96209942	6000000000421867644
Q96209943	6000000002931054106
Q96209989	6000000002447358156
Q96209991	6000000002447358125
Q96209993	6000000002447358108
Q96209994	6000000002447358100
Q96209998	6000000010851091246
Q96210004	6000000010850750871
Q96210005	6000000008030927200
Q96210006	6000000008031207477
Q96210010	6000000002447358092
Q96210012	6000000004335302482
Q96210014	6000000004335337189
Q96210016	6000000003939209165
Q96210018	6000000004335380380
Q96210020	6000000010850677136
Q96210022	6000000069954010011
Q96210023	6000000069953992062
Q96210024	6000000008300650421
Q96210025	6000000008300650426
Q96210028	6000000069954233837
Q96210030	6000000023869995115
Q96210031	6000000014832794321
Q96210033	6000000000426748452
Q96210034	6000000002931123944
Q9621005	6000000017918464037
Q96210093	6000000006828015857
Q96210097	6000000023069501116
Q96210099	6000000018250616847
Q96210152	6000000022977413429
Q96210154	6000000000315596404
Q96210500	6000000101686656854
Q96210594	6000000050840059992
Q96210603	6000000015582371015
Q96210727	6000000001263470406
Q9621094	6000000075425920954
Q96211017	6000000050839649414
Q96211238	6000000003146907267
Q96211264	6000000005440809833
Q96211301	4950888926760010157
Q96211373	6000000018474136781
Q96211375	6000000025205944637
Q96211380	6000000182736741852
Q96211397	6000000050840107881
Q96211411	6000000024987986415
Q96211724	6000000014417223725
Q96211754	6000000179217381830
Q96212118	6000000066537299834
Q96212155	6000000000669165490
Q96212609	6000000008889981884
Q962128	6000000183372984866
Q96212933	6000000000955114937
Q96212946	6000000014707738700
Q96213017	6000000002447374986
Q96213023	6000000036382517225
Q96213023	6000000092130687830
Q96213025	6000000036381962820
Q96213025	6000000092130385957
Q96213027	6000000114089390885
Q96213033	6000000039252173264
Q96213034	6000000004235828128
Q96213035	6000000004235831376
Q96213036	6000000002447374937
Q96213037	6000000002447374922
Q96213038	6000000002447374929
Q96213039	6000000004869539394
Q96213085	6000000001221544731
Q96213098	6000000001539112215
Q96213106	343823519880012326
Q96213107	6000000025754761776
Q96213141	6000000003077429699
Q96213143	6000000005960952709
Q96213147	6000000004993549548
Q96213149	6000000002497693384
Q96213151	6000000003076106223
Q96213152	6000000002897048830
Q96213160	6000000000795199791
Q96213161	6000000003076870405
Q96213162	6000000003076870428
Q96213164	6000000006441962751
Q96213170	6000000006441918212
Q96213192	6000000008076674539
Q96213194	6000000008076669499
Q96213195	6000000014621891453
Q96213204	6000000008833023028
Q96213206	6000000006444481738
Q96213207	317702323600006597
Q96213209	6000000003076369546
Q96213215	6000000003076762000
Q96213322	6000000006290782371
Q96213324	6000000000834242389
Q96213326	6000000001706273422
Q96213328	6000000009082830636
Q96213338	6000000000834240651
Q96213339	6000000002010622716
Q96213342	6000000000834240633
Q96213343	6000000000834240826
Q96213384	6000000024820400902
Q96213387	6000000024820442947
Q96213390	6000000024820702018
Q96213395	6000000024820926835
Q96213397	6000000024820868853
Q96213415	6000000017653252514
Q96213416	6000000017653697074
Q96213417	6000000017653502578
Q96213418	6000000017653495919
Q96213419	6000000024860512472
Q96213420	6000000026381158576
Q96213421	6000000024860705987
Q96213423	6000000002204780491
Q96213426	6000000001915623564
Q96213427	6000000024860358220
Q96213428	6000000007257396349
Q96213429	6000000007257107076
Q96213430	6000000024860685858
Q96213431	6000000001915623924
Q96213432	6000000025017874081
Q96213444	6000000017653695029
Q96213445	6000000026694911015
Q96213446	6000000026695152973
Q96213447	6000000026695092073
Q96213448	6000000011416129093
Q96213449	6000000011416131967
Q96213450	6000000036357232760
Q96213451	6000000026694727570
Q96213453	6000000026694582725
Q96213454	6000000024652853243
Q96213455	6000000019966446054
Q96213457	6000000026694904287
Q96213458	6000000017389092360
Q96213459	6000000017389038406
Q96213460	6000000028875931267
Q96213464	6000000026694746617
Q96213465	6000000002500789044
Q96213466	6000000002500578683
Q96213467	6000000002500778266
Q96213468	6000000002500703517
Q96213470	6000000003939993458
Q96213472	6000000025197006730
Q96213480	6000000025200552124
Q96213481	6000000025203499956
Q96213482	6000000199280975872
Q96213483	6000000009375120032
Q96213484	6000000003937491607
Q96213485	6000000009334727876
Q96213486	6000000105604728825
Q96213492	6000000025203594952
Q96213493	6000000025203647908
Q96213494	6000000015842911031
Q96213496	6000000001898329229
Q96213503	6000000025200099285
Q96213504	6000000025200908778
Q96213508	6000000025201216204
Q96213509	6000000025203196856
Q96213510	6000000025202746194
Q96213511	6000000002447336501
Q96213512	6000000187139630847
Q96213513	6000000025202876350
Q96213516	6000000003256416250
Q96213549	6000000003937491560
Q96213550	6000000000323092993
Q96213551	5427779421310074967
Q96213552	6000000004927611088
Q96213553	6000000004928207012
Q96213554	6000000002896881386
Q96213555	6000000002775136296
Q96213556	6000000002909009792
Q96213557	6000000000323103092
Q96213558	6000000000323094965
Q96213559	6000000016473937238
Q96213560	6000000016473860400
Q96213562	6000000003220153752
Q96213563	6000000013081964054
Q96213565	6000000000814891539
Q96213566	6000000000815014084
Q96213569	6000000002443521173
Q96213570	6000000000077798174
Q96213573	322932039670006396
Q96213576	6000000003937483585
Q96213577	6000000001587304349
Q96213579	6000000001357818727
Q96213580	6000000002889404943
Q96213581	6000000012229698517
Q96213582	6000000002106251156
Q96213583	6000000002889662420
Q96213584	6000000002106071408
Q96213586	6000000002106110044
Q96213587	6000000002608481031
Q96213588	6000000007454494560
Q96213589	5486758791530084113
Q96213590	5486980792790101259
Q96213591	6000000007392104794
Q96213592	6000000003793304424
Q96213593	6000000003166334619
Q96213595	6000000002603561851
Q96213598	6000000002603561842
Q96213599	6000000008640876627
Q96213600	6000000000008870219
Q96213601	6000000000426695096
Q96213604	6000000008640841889
Q96213605	6000000001704587948
Q96213607	6000000003076383333
Q96213613	6000000000526360741
Q96213617	6000000003939973115
Q96213618	6000000027709394586
Q96213626	6000000002315691094
Q96213630	6000000032448833853
Q96213642	6000000024555262724
Q96213654	6000000006734828367
Q96213658	6000000006735225104
Q96213660	6000000000426570344
Q96213661	6000000002889687495
Q96213682	6000000024555546761
Q96213694	6000000000954652227
Q96213707	6000000001668106627
Q9621374	6000000074727248130
Q96213809	6000000001727455802
Q96213810	6000000011820782347
Q96213812	6000000001727444078
Q96213814	6000000004043387707
Q96213815	6000000011820642741
Q96213817	6000000011820820562
Q96213819	6000000011820846391
Q96213820	340550415520012721
Q96213828	6000000022494741526
Q96213830	6000000011820623163
Q96213832	6000000011820783870
Q96213834	6000000011820920401
Q96213835	6000000011820772697
Q96214061	6000000136066737872
Q96214076	6000000001704158508
Q96214085	6000000001704230482
Q96214192	6000000014536272065
Q96214205	6000000014906304297
Q96214208	6000000014906389153
Q96214253	6000000014906411100
Q96214257	6000000014535731759
Q96214308	6000000014906542778
Q96214321	6000000003938489574
Q96214327	6000000014906740436
Q96214336	6000000000475122352
Q96214339	6000000014906723222
Q96214350	6000000014906819049
Q96214355	6000000014907136472
Q96214357	6000000014907119754
Q96214359	6000000014907387091
Q96214367	6000000014907425037
Q96214370	6000000000402032536
Q96214378	6000000003659427047
Q96214391	6000000000402280165
Q96214398	6000000003146992433
Q96214441	6000000006450661921
Q96214444	6000000007603989914
Q9621455	6000000083041877394
Q96214787	6000000040449811670
Q96214790	6000000018028019651
Q96214857	6000000018023098511
Q96214860	6000000018027389722
Q96214894	6000000040450416724
Q96214897	6000000003405655937
Q96214900	6000000015382788210
Q96215181	6000000002908277737
Q96215188	6000000006568306788
Q96215412	6000000015450981317
Q96215417	6000000015450887192
Q96215420	6000000046412401821
Q96215430	6000000046413471894
Q96215433	6000000028626171223
Q96215459	6000000015450802514
Q96215464	6000000015450821651
Q96215492	6000000040523700982
Q962155	6000000028823672062
Q96215501	6000000041347646113
Q96215644	6000000000897774073
Q96215646	6000000000436331452
Q96215649	6000000001791619599
Q96215652	6000000003075914155
Q96215653	6000000003615477385
Q96215657	6000000003615460923
Q96215658	6000000002275820175
Q96215659	6000000004993253551
Q96215660	6000000000436464214
Q96215775	6000000003937778357
Q96215776	6000000003937778179
Q96215777	6000000006441379499
Q96215778	6000000003937778533
Q96215834	6000000026905160474
Q96215835	6000000082515979630
Q96215841	6000000152071021821
Q96215842	6000000051018433866
Q96215843	6000000007418711001
Q96215844	6000000026904746574
Q96215845	6000000029077560182
Q96215846	6000000003937778369
Q96215847	6000000003937778539
Q96215849	6000000029077458297
Q96215850	6000000042868081862
Q96215852	6000000001212938423
Q96215855	6000000007418710941
Q96215857	6000000007418372764
Q96215859	6000000026905382312
Q96215860	6000000026905457331
Q96215861	6000000051017896965
Q96215865	6000000005566345822
Q96215870	6000000005908813880
Q96215871	6000000006440829102
Q96215876	5355013473950060842
Q96215877	6000000000630285469
Q96215878	6000000001484214965
Q9621588	6000000022278463191
Q96215880	6000000006440462435
Q96215881	6000000002603555704
Q96215883	6000000000323134288
Q96215884	6000000004500317007
Q96215891	6000000004284250710
Q96215892	6000000003858517283
Q96215892	6000000191708926904
Q96215895	6000000004930013001
Q96215896	6000000003266377248
Q96215901	6000000001713312603
Q96215902	6000000005052804288
Q96215905	6000000009826764290
Q96215910	6000000009826244103
Q96215911	6000000009826793251
Q96215912	6000000009825901996
Q96215914	6000000082391777798
Q96215917	6000000001843332374
Q96215918	6000000016178061317
Q96215919	6000000001843080615
Q96215920	6000000001843332356
Q96215922	6000000001843332403
Q96215923	6000000036343592282
Q96215924	6000000035547645244
Q96215925	6000000077631999465
Q96215926	6000000082389149841
Q96215931	6000000012580083422
Q96215932	6000000003075827866
Q96215935	6000000006444270341
Q96215936	6000000004107369697
Q96215937	6000000003121825254
Q96215940	6000000008190273795
Q96215941	335347111620014124
Q96215942	6000000003022159948
Q96215943	6000000006444999489
Q96215947	6000000001030650678
Q96215948	6000000000114840156
Q96215949	6000000008190536315
Q96215950	6000000003943190903
Q96215951	4152431880030024700
Q96215960	6000000006907083847
Q96215961	6000000002908836750
Q96215963	6000000000795135136
Q96215966	6000000000350924454
Q96215967	6000000001100213721
Q96215968	6000000000350924577
Q96215970	6000000000350924720
Q96215971	6000000000350929001
Q96215972	6000000000350929015
Q96215981	6000000004048614266
Q96215983	6000000004048459875
Q96215985	6000000004048502973
Q96215990	6000000004048260712
Q96215991	6000000004048623158
Q96215992	346569089910012261
Q96215994	4635887
Q96215995	6000000004055840091
Q96215996	346575487600012317
Q96215997	6000000001727384043
Q96215998	6000000001595044159
Q96215999	6000000021810033848
Q962160	6000000050649516008
Q96216000	6000000003088901366
Q96216001	6000000005003921284
Q96216003	6000000004045776038
Q96216005	6000000004677002352
Q96216006	6000000026355103942
Q96216009	6000000003570095582
Q96216010	6000000008539892243
Q96216011	6000000008539858385
Q96216012	6000000001594946168
Q96216013	6000000001594985228
Q96216014	6000000001594930481
Q96216015	6000000003939431580
Q96216016	6000000003939431587
Q96216017	6000000003939431562
Q96216020	6000000001594797566
Q96216021	6000000002250392754
Q96216022	6000000002250501384
Q96216023	6000000002250682897
Q96216024	6000000002860952429
Q96216025	6000000104573579822
Q96216026	6000000001595095047
Q96216027	6000000006733320295
Q96216030	6000000006733320286
Q96216034	6000000006733320300
Q96216035	6000000002251346778
Q96216036	6000000028083196911
Q96216037	6000000001736111479
Q96216044	6000000001650919470
Q96216045	6000000001650989001
Q96216046	6000000001650981032
Q96216047	6000000001650906340
Q96216048	6000000074752603074
Q96216066	6000000008212766441
Q96216067	6000000000698981425
Q96216070	6000000008212657810
Q96216071	6000000008692059502
Q96216072	6000000000826287257
Q96216073	6000000002798450622
Q96216084	6000000002288755318
Q96216085	6000000001702372954
Q96216086	6000000004677682795
Q96216087	6000000004641838696
Q96216088	6000000004630924248
Q96216089	6000000000209548006
Q96216090	6000000001945588650
Q96216091	6000000002614640398
Q96216093	6000000002798759988
Q96216094	5364322018440062113
Q96216095	6000000001382713806
Q96216098	6000000002684799994
Q96216099	6000000001382713797
Q96216100	6000000000689076874
Q96216102	6000000009037082639
Q96216104	6000000003372673113
Q96216105	6000000003076892871
Q96216109	6000000000550100654
Q96216111	6000000002073487157
Q96216112	6000000002106285090
Q96216114	6000000002106088687
Q96216115	6000000003940540938
Q96216120	6000000002930894070
Q96216121	6000000003022162883
Q96216123	6000000007273299462
Q96216124	6000000007273520262
Q96216125	6000000003941434783
Q96216126	6000000002625310603
Q96216127	6000000009415063718
Q96216128	6000000002908357802
Q96216129	6000000005007522519
Q96216130	6000000003075667214
Q96216131	6000000003075667277
Q96216132	6000000000475094559
Q96216133	6000000004558460422
Q96216134	6000000004558449519
Q96216135	6000000004558449530
Q96216136	6000000000475028356
Q96216137	6000000012103344930
Q96216138	6000000002827586373
Q96216139	6000000002930832915
Q96216140	6000000002930832835
Q96216143	6000000003152130856
Q96216144	334157874020012720
Q96216145	6000000007601901256
Q96216146	6000000002860836541
Q96216147	6000000004534873534
Q96216148	6000000003253996202
Q96216149	6000000003262765751
Q96216150	6000000007273534791
Q96216158	6000000005436076199
Q9621634	6000000076553096185
Q96216377	6000000017589356800
Q96216447	6000000003986369741
Q96216448	6000000001269514736
Q96216449	362984466520002045
Q96216450	4926104629080122657
Q96216451	6000000002107210826
Q96216452	6000000002107138866
Q96216454	6000000025717839365
Q9621646	6000000035525439965
Q96216460	6000000000806279452
Q96216466	6000000007042476132
Q96216467	6000000002043352011
Q96216468	6000000003747426238
Q96216469	6000000007174800599
Q96216470	6000000006588954115
Q96216471	6000000000115683872
Q96216472	6000000002930925706
Q96216481	6000000003075917867
Q96216482	6000000003939481453
Q96216483	6000000002247916571
Q96216484	6000000001829632289
Q96216485	6000000003075761589
Q96216487	6000000006441973144
Q96216522	6000000003076966369
Q96216523	6000000003040508962
Q96216528	6000000002677568652
Q96216529	6000000000954031077
Q96216537	6000000002447374234
Q96216538	6000000011126790647
Q96216540	6000000003939777652
Q96216541	6000000002229490639
Q96216542	6000000003937961192
Q96216543	6000000003939640363
Q96216545	6000000002447374157
Q96216548	6000000000276322564
Q96216549	6000000003939640394
Q96216550	6000000010222391290
Q96216551	6000000010222423250
Q96216552	6000000010222318383
Q96216553	6000000022236956799
Q96216554	6000000000426599729
Q96216555	6000000010222087011
Q96216556	6000000002447374202
Q96216557	6000000035611860901
Q96216560	6000000007438036559
Q96216561	6000000006444438034
Q96216562	6000000006444438029
Q96216563	6000000000181919822
Q96216574	6000000001540878604
Q96216575	6000000000426753204
Q96216576	6000000000426753102
Q96216579	6000000001540833544
Q96216610	6000000010939803345
Q96216611	6000000038024124452
Q96216612	6000000003164167403
Q96216613	6000000000402531491
Q96216614	6000000099624443014
Q96216615	6000000003938741864
Q96216617	6000000003075743288
Q96216618	6000000003940072354
Q96216619	6000000001550129686
Q96216620	6000000003633244487
Q96216621	4173582164820063034
Q96216622	6000000007290826471
Q96216623	6000000000426691819
Q96216624	6000000002513910423
Q96216642	6000000005618746179
Q96216644	6000000000490946689
Q96216645	6000000006441950408
Q96216647	6000000000769899720
Q96216648	6000000000112133957
Q96216649	6000000000426519489
Q96216685	6000000004575011662
Q96216686	6000000000239533738
Q96216717	6000000009648547774
Q96216794	6000000000251875499
Q96216795	6000000000251875481
Q96216796	5661717250840068777
Q96216797	6000000000251875443
Q96216806	6000000002301678498
Q96216807	6000000002301719465
Q96216813	6000000007248664129
Q96216814	6000000001727104897
Q96216815	6000000000276884697
Q96216818	6000000002677725389
Q96216820	306703551120006447
Q96216822	304073326200006473
Q96216823	304077812770006492
Q96216826	304070428630006461
Q96216828	6000000002556675507
Q96216829	6000000002301761542
Q96216830	6000000003002726840
Q96216831	6000000002134629239
Q96216832	6000000000724761754
Q96216838	6000000002134629320
Q96216842	6000000008364378853
Q96216844	6000000002301560905
Q96216845	6000000001916028001
Q96216846	6000000004016939016
Q96216847	6000000006770409326
Q96216848	6000000004252784486
Q96216849	6000000004016942039
Q96216857	6000000004016999026
Q96216865	6000000004016659967
Q96216866	388918656010007473
Q96216867	6000000002339072674
Q96216876	5664681638330069471
Q96216877	6000000002301933623
Q96216878	6000000000923521007
Q96216879	6000000001830190616
Q96216881	6000000008662054855
Q96216882	6000000003077526277
Q96216884	6000000002822352447
Q96216895	6000000004129070027
Q96216898	6000000004129052259
Q96216902	6000000034895789662
Q96216903	6000000034895341777
Q96216904	6000000001244183715
Q96216908	6000000008021027956
Q96216912	6000000000215900600
Q96216915	6000000012042906957
Q96216916	6000000002390931847
Q96216917	6000000002257556694
Q96216918	6000000002666234479
Q96216919	6000000001713039579
Q96216921	6000000003299404277
Q96216922	6000000002257590844
Q96216926	6000000002257552153
Q96216929	6000000006253039897
Q96216944	6000000012042583614
Q96216945	6000000001393189708
Q96216946	6000000007087912353
Q96216963	6000000000276943620
Q96216964	6000000000277093176
Q96216995	6000000000795199687
Q96216996	6000000003331356333
Q96216997	6000000000795199726
Q96216998	6000000003331278487
Q96216999	6000000006441982101
Q96217006	6000000003942620008
Q96217008	4028996658620011124
Q96217016	6000000009916316580
Q96217020	6000000001273349690
Q96217022	6000000001308669849
Q96217023	6000000001255682535
Q96217025	6000000009948857500
Q96217028	6000000013269913556
Q96217031	4925483097370115788
Q96217032	6000000000332207480
Q96217034	6000000000332147667
Q96217035	6000000000332181399
Q96217036	6000000008944415876
Q96217038	6000000008944707563
Q96217039	6000000000332151420
Q96217040	6000000000332214511
Q96217041	6000000009647868502
Q96217044	6000000000040234907
Q96217046	6000000000040556109
Q96217047	6000000000040434531
Q96217048	6000000000040271893
Q96217049	6000000000332116424
Q9621705	6000000097519970312
Q96217050	6000000008840902084
Q96217051	6000000003773734528
Q96217052	6000000008944242468
Q96217053	6000000002860703324
Q96217054	6000000021314636254
Q96217055	6000000021314735151
Q96217057	6000000008944339848
Q96217058	6000000000888513472
Q96217059	6000000008368614227
Q96217060	6000000012482973045
Q96217061	6000000012483121602
Q96217062	6000000012483246261
Q96217063	6000000012483289275
Q96217064	6000000000008542031
Q96217066	6000000010154439736
Q96217070	6000000008368588227
Q96217071	6000000008368541439
Q96217073	6000000102863481823
Q96217075	6000000008368525338
Q96217076	6000000006827930330
Q96217077	6000000006828442026
Q96217079	6000000008368266609
Q96217080	6000000002080923999
Q96217081	6000000002081036043
Q96217081	6000000046580932009
Q96217083	6000000008368349839
Q96217086	6000000008418723676
Q96217087	6000000008418789609
Q96217089	6000000005955442398
Q96217090	6000000005955845011
Q96217097	6000000139046038821
Q96217102	6000000040850395930
Q96217103	366512017420013478
Q96217103	6000000180980326936
Q96217104	372511667750002125
Q96217107	6000000000492842285
Q96217109	6000000003076976238
Q96217122	6000000002447355895
Q96217123	6000000000652141840
Q96217124	6000000006776644271
Q96217125	6000000006776545518
Q96217126	6000000000412412210
Q96217127	5357740229520124796
Q96217128	6000000000307615117
Q96217129	6000000000323076133
Q96217130	5337410005610074223
Q96217131	6000000000412071906
Q96217132	6000000000412491125
Q96217133	6000000003937796475
Q96217134	6000000001563214148
Q96217135	6000000003937796494
Q96217137	6000000002979767886
Q96217138	6000000003937791742
Q96217139	6000000000652252390
Q96217141	6000000000652214854
Q96217142	6000000000652166570
Q96217143	6000000000652265162
Q96217144	6000000004558449438
Q96217145	6000000004558449449
Q96217146	6000000003937855742
Q96217147	6000000003937855749
Q96217151	6000000007324326288
Q96217152	6000000007324151550
Q96217154	6000000041068022573
Q96217155	6000000041068265100
Q96217161	6000000012910914353
Q96217163	6000000070006414441
Q96217165	6000000070006544980
Q96217166	6000000012910737520
Q96217181	6000000028412221545
Q96217182	6000000069977621025
Q96217186	6000000028411753250
Q96217192	6000000028412284759
Q96217194	6000000029286531800
Q96217195	6000000029286531790
Q962172	6000000061925940432
Q96217333	6000000009823717047
Q96217334	6000000132591455889
Q96217338	6000000006403805246
Q96217339	5013243871090138522
Q96217340	5013241573400058174
Q96217341	6000000010630630554
Q96217342	6000000015360060190
Q96217343	5013222634050074402
Q96217344	5013211266100035043
Q96217345	5013217990030121682
Q96217346	5013227118670034930
Q96217347	5013234282350118708
Q96217348	6000000003178109279
Q96217349	6000000012060222684
Q96217350	6000000018251871177
Q96217351	6000000018251724042
Q96217356	6000000018251619261
Q96217361	6000000004086787675
Q96217362	6000000012060204592
Q96217372	6000000007683826276
Q96217373	6000000109685071860
Q96217375	6000000002006276302
Q962174	6000000084201459838
Q96217401	6000000002006162732
Q96217413	6000000002081010459
Q96217459	6000000003937579309
Q96217461	388647400050005861
Q96217463	388657960320004187
Q96217464	6000000002447191360
Q96217468	6000000017470421187
Q96217469	6000000019429899239
Q96217470	6000000019429924128
Q96217472	6000000000550100498
Q96217473	6000000000550061421
Q96217474	6000000006979751912
Q96217475	4322262057950032246
Q96217477	6000000005067475624
Q96217479	6000000006979785492
Q96217489	6000000006442259071
Q96217490	6000000006854733609
Q96217491	6000000002930995473
Q96217492	6000000003419400743
Q96217494	6000000003419578928
Q96217495	6000000002930991645
Q96217496	6000000004239243959
Q96217496	6000000200896848682
Q96217497	6000000004074411447
Q96217498	6000000004005974608
Q96217499	6000000004239405730
Q96217500	6000000008653121986
Q96217501	4085547793720010166
Q96217503	6000000075302368085
Q96217504	6000000000668425716
Q96217509	6000000025500702282
Q96217511	6000000001396434850
Q96217512	6000000014034224810
Q96217514	6000000030066225057
Q96217515	6000000003938873747
Q96217521	3930442642580028304
Q96217524	6000000000229549764
Q96217528	6000000000229603204
Q96217529	4968819843670069244
Q96217530	6000000003077377834
Q96217532	6000000004369017754
Q96217534	6000000003937657295
Q96217535	5165082417510058622
Q96217536	6000000000484786539
Q96217540	6000000000966157704
Q96217541	6000000000426595357
Q96217542	6000000006444260942
Q96217555	6000000003076915598
Q96217556	6000000000769906720
Q96217558	6000000002228246840
Q96217559	6000000002800213168
Q96217560	6000000000769906700
Q96217561	6000000000769906690
Q96217562	6000000003507547563
Q96217565	6000000000769906710
Q96217566	6000000000769909040
Q96217575	6000000004296675567
Q96217578	6000000000769905981
Q96217579	6000000000769905971
Q96217580	6000000002389536163
Q96217581	6000000001579008067
Q96217582	6000000000769905941
Q96217583	6000000003077561082
Q96217585	6000000003942646334
Q96217586	6000000002692011260
Q96217587	6000000002931119287
Q96217588	6000000003076746412
Q96217589	6000000001383858733
Q96217590	6000000003077554646
Q96217591	6000000000769905901
Q96217593	6000000000953550888
Q96217598	6000000002577007352
Q96217601	6000000006444723265
Q96217603	6000000002928636516
Q96217606	6000000002638736749
Q96217607	6000000003243357268
Q96217608	6000000004957247870
Q96217611	292220333080006811
Q96217619	6000000006719738249
Q96217620	6000000006719738253
Q96217621	6000000001491420208
Q96217623	6000000008574355669
Q96217629	6000000003713367715
Q96217646	6000000000084291665
Q96217647	6000000000084456189
Q96217648	6000000000084133958
Q962183	6000000026616753835
Q9621882	6000000024499869652
Q962189	6000000015347455894
Q9621895	6000000074771591857
Q96219123	6000000013599204629
Q96219124	6000000043759895279
Q96219125	6000000013603846655
Q96219126	6000000013603994197
Q96219134	6000000007121832368
Q96219137	6000000003146179498
Q96219138	6000000003146179481
Q96219139	6000000003146031459
Q96219140	6000000003145620939
Q96219141	6000000000318606466
Q96219142	6000000000318606475
Q96219143	6000000048795002869
Q96219144	6000000003146213353
Q96219144	6000000175980163822
Q96219146	6000000175977004845
Q96219153	6000000175980524833
Q96219188	6000000006187237027
Q96219189	6000000006187058298
Q96219191	6000000008438726884
Q96219192	6000000008439106329
Q96219193	6000000006187138582
Q96219687	6000000008898945015
Q96219690	6000000008899201746
Q96219693	6000000006819124413
Q96219696	6000000000966153302
Q96219699	6000000000966153329
Q96219702	6000000000966204374
Q96219707	6000000000966208930
Q96219710	6000000006818274752
Q9622024	6000000037008304302
Q96220582	6000000028749849672
Q96220585	6000000025502501092
Q96220589	6000000025502563523
Q96220594	6000000077403062429
Q96220605	6000000024644624471
Q96220623	4560015
Q9622109	6000000085785436833
Q96221235	6000000024645235858
Q96221237	6000000030286787178
Q96221239	6000000025563611278
Q96221244	6000000018883310819
Q96221247	6000000018882917750
Q96221337	6000000025564167079
Q9622166	6000000014701555701
Q9622172	6000000087329887950
Q962221	6000000073055914953
Q9622253	6000000074705858882
Q9622254	6000000014654573636
Q96222847	6000000016258715183
Q96222869	6000000016788142774
Q9622296	6000000063010336904
Q96223	6000000032699110821
Q96223023	6000000019107767544
Q96223088	6000000033524793838
Q96223092	6000000002849115781
Q96223099	6000000003076287226
Q96223102	6000000003075648653
Q96223104	6000000003088118689
Q96223107	6000000003040828687
Q96223112	6000000002849248061
Q96223115	6000000009103044046
Q96223119	6000000009103046833
Q96223121	6000000009103220422
Q96223124	6000000009103128860
Q96223126	6000000002339206075
Q9622316	6000000078577937011
Q96223191	6000000017562932585
Q96223194	6000000003218456156
Q96223199	6000000006911676638
Q962232	6000000006143786039
Q96223201	6000000003088094265
Q96223207	6000000000674220965
Q96223212	6000000028182532527
Q96223214	6000000011637661719
Q96223217	6000000002328078015
Q96223219	6000000000557878848
Q9622322	6000000028589864731
Q96223220	6000000007470827982
Q96223222	6000000000904324352
Q96223377	6000000009406975475
Q96223381	6000000009406839425
Q96223404	6000000016263398273
Q96223406	6000000016263371321
Q96223410	6000000009406999033
Q96223414	6000000009407116935
Q96223419	6000000009407145500
Q96223427	6000000009406962733
Q96223453	6000000010717367917
Q96223456	6000000010717367938
Q96223458	6000000010717513071
Q96223462	6000000010717674425
Q96223464	6000000010717624987
Q96223515	6000000010717713334
Q96223523	6000000010717319064
Q96223531	6000000010717496654
Q96223533	6000000010717461809
Q96223549	6000000010717456503
Q96223551	6000000010717422790
Q96223554	6000000010717279153
Q96223588	6000000010717648453
Q96223590	6000000010717369767
Q96223596	6000000029940773876
Q96223599	6000000010717550716
Q96223603	6000000010717559570
Q96223605	6000000010717400953
Q96223612	6000000010717494696
Q96223614	6000000010717588448
Q962237	6000000028563778389
Q96223741	6000000062611598148
Q96223745	6000000062638140946
Q96223749	6000000062638648873
Q96223801	6000000062611495898
Q96223803	6000000062709044953
Q96223806	6000000062709065191
Q96223808	6000000062709113998
Q96223812	6000000092268356821
Q96223826	6000000062614886040
Q96223832	6000000062614920976
Q96223836	6000000173340322063
Q96223839	6000000173339508360
Q96223879	6000000049509483824
Q96223914	6000000000875471028
Q96223917	6000000002965997590
Q96223918	6000000003243336659
Q96223921	6000000001081259040
Q96223923	6000000003986032844
Q96223925	6000000002908624574
Q96223927	6000000001081259055
Q96223932	6000000001356928721
Q96223948	6000000006508884985
Q96223952	6000000000835479062
Q96223954	6000000000151981530
Q96223957	6000000000835261350
Q96223965	6000000006802917335
Q96223967	6000000000701930943
Q96223969	6000000006802832474
Q96224	6000000036423759085
Q962240	6000000000207783715
Q96224025	6000000002927853754
Q96224027	6000000002977109021
Q96224029	6000000105796876929
Q96224032	6000000006790966060
Q96224109	6000000062615924859
Q96224111	316222771950002940
Q96224114	6000000007345402852
Q96224115	6000000005911577149
Q96224119	6000000006444687764
Q96224121	6000000004826884957
Q96224123	6000000005911679011
Q96224126	6000000007280177991
Q96224128	6000000006444687730
Q96224154	316223205970004901
Q96224157	6000000062615855920
Q96224160	314613449470006410
Q96224162	314616542250004499
Q96224164	6000000003811311683
Q96224166	6000000009289085479
Q96224169	6000000004994205907
Q96224172	6000000002930825270
Q96224173	6000000002930825281
Q96224175	6000000000216469316
Q96224177	6000000000600118876
Q96224179	6000000006444493184
Q96224181	6000000006444493191
Q96224184	6000000003022150100
Q96224186	6000000006444493177
Q96224239	6000000005401459821
Q96224244	6000000006963689001
Q96224261	6000000003811319245
Q96224264	6000000000287406543
Q96224277	6000000031850246354
Q962247	6000000059566387863
Q9622475	6000000020571094576
Q962253	6000000019853772288
Q9622679	6000000033217135013
Q962271	6000000011685222892
Q9622730	6000000026214066997
Q9622865	6000000075412079935
Q9622906	6000000176914189924
Q962296	6000000018164565165
Q96229764	6000000020084414050
Q96229999	6000000013611600527
Q96230433	6000000014959599399
Q9623073	390559210330006589
Q962308	6000000010372186468
Q9623092	6000000091364887224
Q962310	6000000011373199085
Q9623128	6000000163580659839
Q9623159	6000000016411420923
Q9623178	6000000003346163793
Q9623186	6000000017514013630
Q9623253	6000000035029324643
Q9623321	6000000003701913293
Q9623328	6000000020184315903
Q96233705	6000000008174207670
Q96234018	6000000022712895531
Q96234021	6000000022712936965
Q96234024	6000000030230806332
Q96234027	6000000038944192958
Q96234030	6000000009978144535
Q96234033	6000000018040807093
Q96234037	6000000009977832869
Q96234044	6000000018309469816
Q96234047	6000000003076729888
Q96234050	6000000000505908094
Q9623412	6000000039921841345
Q96234337	6000000003940464750
Q96234341	6000000009977896848
Q96234808	6000000005956603153
Q96234813	6000000196647228830
Q96234818	6000000000321668900
Q96234822	6000000003967753655
Q96234827	6000000000337291962
Q96234831	6000000006936967175
Q96234836	6000000006937099029
Q96234840	6000000003274531522
Q96234851	6000000003274531452
Q96235128	6000000010164872674
Q96235137	6000000008089295208
Q96235141	6000000003942557705
Q96235145	6000000003942557688
Q96235149	6000000003942557697
Q96235153	6000000003811002297
Q96235157	6000000003413307570
Q96235169	6000000020169531624
Q96235173	6000000031735791210
Q96235178	6000000001449359105
Q96235314	288471987800006361
Q96235354	6000000003849903754
Q96235612	6000000003410648797
Q96235614	6000000003410731442
Q96235622	6000000001491331228
Q96235623	6000000008574047016
Q96235661	6000000013016507985
Q96235670	6000000011942699544
Q96235699	6000000003615906757
Q96235700	6000000003514785249
Q96235701	311132668300005756
Q96235702	6000000001256962870
Q96235704	6000000002044916290
Q96235705	6000000000387057276
Q96235706	6000000000386627782
Q96235809	6000000009805841269
Q96235813	6000000009805946208
Q96235815	6000000009805829214
Q96235818	6000000009805851201
Q96235830	6000000009805814233
Q96235850	6000000004593106973
Q96235850	6000000010150349309
Q96235852	3177790
Q96235855	6000000008630867497
Q96235857	6000000007563462062
Q96235860	6000000007563801283
Q96235869	6000000007563736343
Q96235871	6000000007563696397
Q96235878	6000000009805872248
Q96236306	6000000001363186016
Q96236307	6000000001212794403
Q96236308	6000000002313795863
Q96236309	6000000006442001291
Q96236310	6000000006442001301
Q96236311	6000000001212798227
Q96236337	4225185805810044639
Q96236339	6000000001363114159
Q96236340	6000000001868074113
Q96236341	4225188826620069264
Q962364	6000000019912163293
Q96236423	6000000017578106163
Q96236424	6000000017578207002
Q96236425	6000000017567789138
Q96236426	6000000017578150044
Q96236432	6000000003943003501
Q96236433	6000000006252446409
Q96236434	6000000027448454800
Q96236435	6000000017567528361
Q96236436	6000000017578062204
Q96236443	6000000006962871454
Q96236444	6000000008640842197
Q96236445	4044971196630079070
Q96236451	6000000017578132061
Q96236461	6000000003219442019
Q96236462	6000000013479704354
Q96236472	6000000008415942306
Q96236473	322666159920007447
Q96236474	6000000008468978995
Q96236512	6000000003003908642
Q96236513	6000000002410441621
Q96236514	6000000002193861200
Q96236515	292206184450007566
Q96236516	6000000002193992016
Q96236518	6000000021833342960
Q96236519	6000000002193902047
Q96236522	6000000002410520291
Q96236523	6000000000552465248
Q96236524	6000000002311769941
Q96236525	6000000002335196108
Q96236526	6000000005402231583
Q96236528	6000000007399230578
Q96236530	6000000000552465238
Q96236532	6000000003003945587
Q96236533	6000000001383982001
Q96236535	6000000001383982010
Q96236536	6000000041055792551
Q96236538	6000000001500665178
Q96236561	6000000003005450295
Q96236563	6000000001384209433
Q96236565	6000000018716991949
Q96236566	6000000003005814170
Q96236568	6000000002193853384
Q96236570	6000000001384147156
Q96236571	6000000003005531054
Q96236609	6000000002023068324
Q96236611	6000000004162050333
Q96236615	2076395
Q96236616	6000000000760325081
Q96236617	6000000003481602176
Q96236619	6000000003481602085
Q96236621	2076969
Q96236624	6000000003076016673
Q96236631	6000000004326497373
Q96236680	6000000006810081712
Q96236690	6000000006804906245
Q96236692	6000000015116130196
Q96236693	6000000006566665723
Q96236694	6000000006566497984
Q96236696	6000000001383111340
Q96236698	6000000001383111279
Q96236705	6000000001383111577
Q96236711	6000000001690255192
Q96236713	6000000006919187974
Q96236714	6000000006110883652
Q96236715	6000000003938220628
Q96236716	6000000002860762470
Q96236720	6000000004013933464
Q96236721	6000000001376574361
Q96236722	6000000002060240608
Q96236723	6000000000252910562
Q96236734	6000000023269669307
Q96236736	6000000002931002443
Q96236737	6000000002280177463
Q96236738	6000000007601843425
Q96236740	6000000002931002456
Q96237254	6000000000883378895
Q96237258	6000000000915515212
Q96237260	6000000010444128242
Q96237263	6000000015549112189
Q96237274	6000000006769221704
Q96237277	6000000002024184330
Q96237282	6000000019388212950
Q96237284	6000000000915411335
Q96237287	6000000000916358001
Q96237297	6000000000916254296
Q96237299	6000000000916357168
Q96237301	6000000000916236529
Q96237303	6000000000916352186
Q96237306	6000000000916352269
Q96237309	6000000000916250667
Q96237311	6000000000916219598
Q96237313	6000000000883230739
Q96237316	6000000000883392187
Q96237319	6000000000883334373
Q96237322	6000000000883317492
Q96237322	6000000034959411235
Q96237331	6000000005232430296
Q96237341	6000000000883213737
Q96237343	6000000000883201882
Q96237345	6000000000652004772
Q96237348	6000000000908213564
Q96237350	6000000000883293477
Q96237353	6000000000516594587
Q96237354	6000000000337379067
Q96237435	6000000002288748458
Q96237437	6000000001121981010
Q96237439	6000000000436636305
Q96237441	6000000004641804182
Q96237443	6000000001080325015
Q96237453	6000000005924895012
Q96237458	6000000001316351938
Q96237460	6000000004237854295
Q96237462	6000000004237754530
Q96237487	6000000000978309806
Q96237490	6000000006721882834
Q96237493	6000000006721882841
Q96237504	6000000002860845490
Q96237506	6000000008977909128
Q96237508	6000000006727998882
Q96237513	6000000006727998874
Q96237516	6000000002476809776
Q96237521	6000000006907024454
Q96237526	6000000006906978318
Q96237529	6000000006906990162
Q96237531	6000000005177209010
Q96237534	6000000005177215037
Q96237535	6000000000652142297
Q96237537	6000000003397188205
Q96237541	6000000002531901400
Q96237544	6000000002531894628
Q96237547	6000000000966164405
Q96237553	6000000000618833396
Q96237590	6000000008652909396
Q96237591	6000000015413133395
Q96237593	6000000006252677327
Q96237594	6000000007603527228
Q96237595	6000000005771616320
Q96237597	6000000006174962342
Q96237599	342313683640003657
Q96237601	6000000000883348179
Q96237602	6000000000883034918
Q96237609	368023963670007435
Q96237610	368023384820012847
Q96237611	368023000510002325
Q96237612	368022523820007442
Q96237614	368022709140006616
Q96237615	6000000000490382652
Q96237616	6000000000490440839
Q96237617	6000000000484534679
Q96237618	6000000006348492551
Q96237619	368023234730012813
Q96237621	368023560260011200
Q96237622	6000000000490345742
Q96237640	6000000000490414638
Q96237641	6000000024147612894
Q96237643	6000000024146389118
Q96237644	6000000000517429123
Q96237683	6000000000484631640
Q96237686	6000000000484631657
Q96237691	6000000022219661102
Q962378	6000000031644487046
Q96238048	6000000000769903393
Q96238049	6000000036989035939
Q96238050	6000000009359142028
Q96238103	6000000003210296589
Q96238105	6000000003210301552
Q96238866	6000000034733532129
Q96239090	6000000076721017381
Q96239455	6000000169800707194
Q96239889	6000000038999861902
Q96240	6000000041039423801
Q96240599	6000000124503225929
Q96240749	4958742299420027997
Q96240752	4958728658420130811
Q96240802	6000000033699394911
Q96240803	4322382
Q96240804	4322456
Q96240805	4322474
Q96240807	6000000001848723245
Q96240808	6000000003713201964
Q96240809	6000000005026402054
Q96240946	6000000006719788015
Q96240963	6000000038871550037
Q96241	6000000018260521528
Q96241014	6000000018738037687
Q96241027	6000000006874598488
Q96241075	6000000039278051991
Q96241088	6000000090936577836
Q96241297	6000000012869163432
Q96241307	6000000000897633664
Q96241308	6000000012619941102
Q96241311	6000000000897400736
Q96241312	6000000000897617143
Q96241317	6000000011082211372
Q96241318	6000000026133330247
Q96241322	6000000001392760357
Q96241323	6000000003938159093
Q96241326	6000000003938159064
Q96241327	6000000006444278724
Q96241328	6000000006440574386
Q96241330	6000000006972145780
Q96241331	6000000011082132646
Q96241341	6000000002193962047
Q96241342	6000000002193942210
Q96241343	6000000002193901297
Q96241346	6000000003077310138
Q96241348	6000000006568225804
Q96241349	6000000002193837241
Q96241351	6000000004928003001
Q96241352	6000000000595396890
Q96241353	6000000001212923498
Q96241354	6000000005751434592
Q96241355	6000000008668110699
Q96241356	6000000008678519293
Q96241358	5097126632320062514
Q96241359	6000000011409922797
Q96241361	6000000000554888153
Q96241362	6000000014640251142
Q96241366	6000000014713826631
Q96241366	6000000143933403044
Q96241368	6000000004118832537
Q96241369	6000000004118901186
Q96241370	6000000004118916174
Q96241372	6000000004118919306
Q96241373	6000000031212559862
Q96241374	6000000004118908121
Q96241375	323838264840005394
Q96241376	6000000006971431467
Q96241377	6000000006971038920
Q96241379	6000000007863382325
Q96241380	6000000003454023313
Q96241381	6000000001540903571
Q96241383	6000000008369957368
Q96241401	6000000002447361904
Q96241402	6000000002447394893
Q96241404	6000000002860738469
Q96241415	6000000002447361897
Q96241419	6000000004138437505
Q96241421	6000000004138459891
Q96241429	6000000004138393995
Q96241432	6000000002447361838
Q96241440	6000000002872431284
Q96241473	6000000042628773104
Q96241474	6000000004402453696
Q96241478	6000000000491098449
Q96241492	6000000000695239402
Q96241493	6000000000695315199
Q96241496	6000000001013101584
Q96241498	6000000008260471833
Q96241507	6000000001455150400
Q96241508	6000000001455246048
Q96241510	6000000003077227571
Q96241512	6000000003147038211
Q96241523	6000000004163545132
Q96241525	6000000003147071143
Q96241526	6000000003147071133
Q96241527	6000000003941308217
Q96241528	6000000138762488821
Q96241529	6000000003681259666
Q96241532	377751380070004321
Q96241533	6000000003681311156
Q96241534	6000000003681311168
Q96241542	6000000029961912464
Q96241543	6000000042575456540
Q96241545	6000000042575526324
Q96241548	6000000042575681975
Q96241560	6000000025646420979
Q96241561	6000000025646227296
Q96241562	6000000002447358223
Q96241563	6000000002447358209
Q96241566	6000000002447358193
Q96241567	6000000002447358185
Q96241568	6000000003939222119
Q96241569	6000000002447358201
Q96241570	6000000002447358216
Q96241573	6000000002447358243
Q96241575	6000000002447351693
Q96241576	6000000002447351677
Q96241578	6000000004294398119
Q96241580	6000000002447351646
Q96241582	6000000004294390067
Q96241584	6000000004294309457
Q96241585	6000000000133543799
Q96241587	6000000004294343311
Q96241588	6000000002447351639
Q96241595	6000000001500748604
Q96241597	6000000001500909069
Q96241598	6000000001500863237
Q96241601	6000000046113719099
Q96241602	6000000046114834931
Q96241603	6000000003221609752
Q96241604	6000000001136821751
Q96241606	6000000007601294486
Q96241607	6000000002665316939
Q96241608	6000000003221403514
Q96241633	6000000010967396117
Q96241739	6000000005223701636
Q96241740	6000000003409966304
Q96241741	6000000005223653428
Q96241742	6000000002801557521
Q96241743	6000000041115299857
Q96241748	6000000041156220616
Q96241749	6000000003079350007
Q96241750	6000000008115132977
Q96241751	6000000001355581660
Q96241752	6000000041156221370
Q96241755	6000000005013547458
Q96241757	4831441702710038014
Q96241759	6000000002801605258
Q96241760	6000000002801605490
Q96241761	6000000001353692944
Q96241762	6000000002801557479
Q96241763	6000000041115295492
Q96241764	6000000002801557641
Q96241765	4917869316960065356
Q96241765	6000000004018379330
Q96241766	6000000007380035341
Q96241767	6000000007380129255
Q96241768	4250662493930019867
Q96241768	6000000050311065906
Q96241777	6000000005223468731
Q96241785	6000000003409850986
Q96241812	6000000005223621915
Q96241813	6000000003804535992
Q96241814	6000000005223576746
Q96241815	6000000005223928086
Q96241816	6000000005599136146
Q96241817	6000000017162012420
Q96241818	4337389085740048214
Q96241820	4337389109850025103
Q96241821	6000000001090180601
Q96241822	6000000003041063704
Q96241823	6000000005599162295
Q96241824	6000000005599286096
Q96241828	6000000003804640427
Q96241839	6000000024490358495
Q96241888	6000000002743690160
Q96241890	5296888872160020665
Q96241909	6000000003430907002
Q96241910	6000000003430897018
Q96241911	6000000029174996302
Q96241912	6000000077113112296
Q96241914	6000000007353843612
Q96241915	6000000099589984822
Q96241917	6000000002743455404
Q96241919	6000000176035268828
Q96241921	5296848787260030166
Q96241923	6000000031307235463
Q96241927	5296841149780050637
Q96241929	5296825046960050722
Q96241931	6000000008115146575
Q96241932	6000000008115006746
Q96241933	6000000008115546686
Q96241936	6000000003807746906
Q96241937	6000000001714423535
Q96241939	6000000001714663383
Q96241953	6000000001714423623
Q96241956	6000000001714675315
Q96241958	6000000030211452117
Q96241961	6000000001714792076
Q96241963	6000000030210991527
Q96241965	6000000030211331212
Q96241969	6000000030210553554
Q96241970	6000000014218280977
Q96241973	6000000002313544819
Q96241979	6000000001714468523
Q96242009	6000000005093099763
Q96242025	6000000005093099768
Q96242026	6000000011005723331
Q96242027	6000000011005590089
Q96242028	6000000011005769248
Q96242032	6000000001246527090
Q96242033	6000000001246342780
Q96242036	6000000011005641492
Q96242046	6000000003604086957
Q96242047	6000000007953921217
Q96242048	6000000007953791825
Q96242049	6000000000767508292
Q96242050	6000000004571082700
Q96242051	6000000004571259078
Q96242052	6000000004571082707
Q96242053	6000000004571152370
Q96242054	6000000004571152377
Q96242055	6000000000767460287
Q96242056	6000000007376468721
Q96242057	6000000007376518289
Q96242058	6000000009907707348
Q96242059	6000000009907511268
Q96242060	6000000006435569822
Q96242062	6000000006436010147
Q96242063	6000000006436022094
Q96242066	6000000006436039024
Q96242067	6000000006577353073
Q96242068	6000000030430952752
Q96242069	6000000029097747168
Q96242070	6000000006577353079
Q96242071	6000000006577276261
Q96242073	6000000006577276267
Q96242074	6000000007376271139
Q96242075	6000000007376341889
Q96242076	6000000007376271038
Q96242077	6000000007376433370
Q96242078	6000000007376279966
Q96242079	6000000007376365487
Q96242080	6000000007376566201
Q96242081	6000000003129175048
Q96242082	6000000010621070179
Q96242083	6000000002742926059
Q96242083	6000000139704954554
Q96242084	6000000004642344300
Q96242085	6000000008115388447
Q96242086	6000000002742839895
Q96242087	6000000020683041540
Q96242095	6000000020683302461
Q96242172	6000000066012160959
Q96242174	6000000014020111821
Q96242216	6000000007362787052
Q96242219	6000000007362818640
Q96242221	6000000007362348169
Q96242222	6000000007362843785
Q96242223	6000000007362821522
Q96242224	6000000007362838551
Q96242226	6000000007362776973
Q96242227	6000000007362594867
Q96242228	6000000007362496053
Q96242231	6000000007362625849
Q96242234	6000000040122195487
Q96242237	6000000046503819449
Q96242240	6000000027911429052
Q96242244	6000000027911009418
Q96242245	6000000029575690631
Q96242328	6000000011507924054
Q96242331	6000000007362098429
Q96242332	6000000040250887224
Q96242342	6000000040251228132
Q96242343	6000000040251349914
Q96242345	6000000045954648255
Q96242350	6000000045954879964
Q96242351	6000000040250844696
Q96242358	6000000040250135745
Q96242359	6000000040250967319
Q96242360	6000000040250961438
Q96242361	6000000040251158087
Q96242364	6000000040250404661
Q96242365	6000000040250926248
Q96242366	6000000040251235928
Q96242367	6000000040251311827
Q96242368	6000000040250723557
Q96242369	6000000040250668586
Q96242370	6000000040251145939
Q96242421	6000000014219996413
Q96242509	6000000017231569811
Q96242516	6000000085540782114
Q96242545	6000000002447361272
Q96242547	6000000002447361264
Q96242548	6000000002447361257
Q96242549	6000000002447361241
Q96242550	6000000002447361249
Q96242553	6000000003490596952
Q96242554	6000000004328131792
Q96242562	6000000002447361280
Q96242615	6000000001727303126
Q96242616	6000000000282119492
Q96242619	6000000001727288002
Q96242622	6000000009772575345
Q96242624	6000000000282091752
Q96242628	6000000005751476248
Q96242633	3932730948700036895
Q96242639	6000000005751616001
Q96242642	6000000001383123170
Q96242645	6000000007071266044
Q96242649	6000000001382965315
Q96242762	6000000001180344267
Q96242783	6000000010744057726
Q96242787	6000000002898087150
Q96242792	6000000017477120122
Q96242795	6000000017476856657
Q96242799	6000000016214247478
Q96242800	6000000016214267243
Q96242802	6000000016230544421
Q96242803	6000000003942867383
Q96242805	6000000002898087156
Q96242807	6000000141052459877
Q96242818	4408311200900039213
Q96242819	6000000010744220506
Q96242827	6000000001363659914
Q96242841	6000000037051390952
Q96242844	6000000013006274537
Q96242845	6000000013006451103
Q96242846	6000000007051467182
Q96242847	6000000000181162955
Q96242848	6000000001316406166
Q96242849	6000000007051327407
Q96242850	6000000015182518148
Q96242851	6000000015182211760
Q96242852	6000000013006691475
Q96242854	6000000007160233802
Q96242855	6000000006110947219
Q96242856	6000000006110809436
Q96242862	6000000005921994999
Q96242863	345867714870013704
Q96242865	6000000002165157574
Q96242866	6000000002081073156
Q96242868	6000000002081033555
Q96242869	6000000001410906731
Q96242870	6000000002080996427
Q96242871	6000000004867842731
Q96242872	6000000001364097090
Q96242876	6000000000658591448
Q96242877	6000000000281911585
Q96242881	6000000006442765755
Q96242883	6000000006442572004
Q96242887	6000000002174453022
Q96242888	6000000000281832640
Q96242890	6000000027295009203
Q96242891	6000000001947704813
Q96242892	6000000002931014059
Q96242894	6000000002641617504
Q96242896	6000000005585801670
Q96242897	6000000000137242917
Q96242898	6000000003937866520
Q96242922	6000000022205493157
Q96242924	6000000003939536786
Q96242925	6000000050354726924
Q96242930	6000000003940469507
Q96242933	6000000005911915564
Q96242936	6000000003747483517
Q96242938	6000000000475167923
Q96242940	6000000019149762048
Q96242943	6000000001363869492
Q96242946	6000000003077275684
Q96242948	6000000001363833020
Q96242951	6000000002043249232
Q96242952	6000000003076269529
Q96242954	6000000003076269600
Q96242957	6000000200806129842
Q96242967	6000000036629279537
Q96242998	324561108030004559
Q96243003	6000000002043178081
Q96243015	6000000006768749251
Q96243019	6000000006769279045
Q96243031	6000000003747483289
Q96243033	6000000005715754011
Q96243035	6000000002930841538
Q96243036	6000000002580559575
Q96243037	6000000000183677309
Q96243039	6000000002930841577
Q96243065	6000000007004838754
Q96243066	6000000007004948589
Q96243068	6000000007005186316
Q96243069	6000000007005315095
Q96243070	6000000007005111731
Q96243071	6000000007004895813
Q96243073	6000000007004804826
Q96243074	6000000007005302087
Q96243080	6000000007004875869
Q96243081	6000000007015076857
Q96243082	6000000007015442036
Q96243083	6000000007015472017
Q96243084	6000000007088589382
Q96243085	6000000005929093393
Q96243086	6000000025126088276
Q96243087	6000000007088605477
Q96243089	6000000007015225398
Q96243090	6000000007015216382
Q96243091	6000000007014900909
Q96243092	6000000031294754298
Q96243093	6000000007015344222
Q96243094	6000000007015286238
Q96243095	6000000007014960640
Q96243105	6000000185857783963
Q96243127	368666772100005330
Q96243128	6000000003939372431
Q96243129	6000000015186227405
Q96243130	6000000003424575742
Q96243132	6000000004055824734
Q96243133	6000000006727990260
Q96243138	6000000010132887576
Q96243139	6000000010133140336
Q96243140	6000000010132149453
Q96243141	6000000022687290676
Q96243144	6000000006444723816
Q96243145	6000000001080365408
Q96243147	6000000010132329262
Q96243148	6000000000113903121
Q96243149	6000000003937657153
Q96243150	6000000000113903081
Q96243151	6000000006906965516
Q96243152	6000000006906965639
Q96243153	6000000003942506515
Q96243156	6000000011424880474
Q96243157	6000000011799396309
Q96243160	6000000004356188808
Q96243161	6000000002287981102
Q96243162	6000000004355995906
Q96243163	6000000003941384082
Q96243164	6000000003938632276
Q96243166	6000000003941925900
Q96243167	6000000002287914282
Q96243169	6000000004202152540
Q96243170	6000000005755712529
Q96243173	6000000005755649765
Q96243175	6000000005051526950
Q96243177	6000000004356251543
Q962432	6000000015855584624
Q96243231	6000000001043071957
Q96243234	6000000175980462829
Q96243236	6000000156679307821
Q96243237	6000000156679818821
Q96243239	6000000002401345234
Q96243240	6000000156681748827
Q96243241	6000000156683520848
Q96243243	6000000156688221821
Q96243244	6000000018316399987
Q96243245	6000000018316996862
Q96243246	315490840010005598
Q96243248	6000000023060025372
Q96243252	6000000002401403111
Q96243257	6000000001043125024
Q96243257	6000000110425645859
Q96243258	6000000007161135482
Q96243261	304795298600002935
Q96243262	304794914360005625
Q96243264	304793276980006466
Q96243266	304793111560006475
Q96243267	6000000000225370856
Q96243268	6000000000225373266
Q96243280	6000000001433731337
Q96243282	6000000182120504849
Q96243290	6000000030602944347
Q96243291	6000000024406001102
Q96243293	6000000024406426366
Q96243294	6000000002761267590
Q96243301	6000000015508420447
Q96243309	6000000026920026461
Q96243310	6000000004047228646
Q96243311	6000000002649930512
Q96243313	6000000002649930499
Q96243315	6000000003111580389
Q96243316	2286834
Q96243318	5339726125050104122
Q96243327	6000000002085763230
Q96243328	6000000024375472069
Q96243333	6000000003937447076
Q96243338	6000000014766350931
Q96243365	6000000087587481415
Q96243391	6000000174044863019
Q96243393	6000000174044907198
Q96243399	6000000001319703860
Q96243400	6000000010496381025
Q96243407	6000000007314784547
Q96243408	6000000016305961845
Q96243409	6000000000613146391
Q96243410	6000000000613196375
Q96243411	6000000000057781855
Q96243427	6000000049940763854
Q96243428	6000000050852603041
Q96243429	6000000050851628120
Q96243430	6000000023698248238
Q96243431	6000000049939907081
Q96243432	6000000049939942056
Q96243442	6000000006110954211
Q96243444	6000000013194941898
Q96243445	6000000012645781354
Q96243454	6000000013650862203
Q96243464	6000000011746003474
Q96243467	6000000001382750733
Q96243468	6000000001382713606
Q96243469	6000000001383082979
Q96243470	6000000001383082857
Q96243471	6000000000484315383
Q96243474	6000000029495657635
Q96243486	6000000009006744054
Q96243489	6000000027174930988
Q96243494	6000000004372052210
Q96243497	6000000004371878800
Q96243498	6000000004372067177
Q96243499	6000000001720899871
Q96243500	6000000001720899903
Q96243501	6000000001720844594
Q96243508	6000000001720831042
Q96243510	6000000001720843555
Q96243511	6000000004372111284
Q96243574	6000000003747073049
Q96243576	6000000001720843561
Q96243577	6000000003636002424
Q96243579	6000000003522967491
Q96243674	6000000002589253149
Q96243675	6000000002624315320
Q96243676	6000000002624391577
Q96243841	6000000218291694893
Q96243891	737472
Q96243892	6000000002419687026
Q96243893	6000000021785325835
Q96243895	6000000002300482871
Q96243897	6000000040871323266
Q96243898	6000000021785196009
Q96243899	6000000008752062663
Q96243900	6000000008752134148
Q96243902	6000000021784939571
Q96243933	6000000006245598003
Q96243935	6000000004593181104
Q96243938	6000000007922847228
Q96243939	6000000007925497840
Q96243941	6000000001353833868
Q96243942	6000000001354529614
Q96243945	6000000001354624290
Q96243946	6000000001353837033
Q96243952	6000000007112328502
Q96243961	6000000004593181127
Q96244106	6000000011315966391
Q96244107	6000000001898591500
Q96244108	6000000041274381009
Q96244109	6000000032265211199
Q96244112	6000000001898477885
Q96244113	6000000001780915879
Q96244114	6000000004145217988
Q96244115	6000000000211309424
Q96244116	6000000012011656036
Q96244117	6000000001763926083
Q96244122	6000000007661415227
Q96244123	6000000001763003455
Q96244125	6000000002012774433
Q96244127	6000000006414280816
Q96244134	6000000007893701572
Q96244135	6000000007891871187
Q96244136	6000000002515579037
Q96244137	6000000003152129142
Q96244138	6000000061156291015
Q96244139	6000000080762926052
Q96244145	6000000062196090018
Q96244149	6000000016786365832
Q96244151	6000000016786614482
Q96244166	6000000022713736127
Q96244178	6000000007551029487
Q96244209	6000000000261995200
Q96244211	6000000000261861907
Q96244212	6000000000770191370
Q96244213	6000000000770191155
Q96244215	6000000000770191218
Q96244216	6000000000262036061
Q96244217	6000000005029130375
Q96244218	6000000006120701296
Q96244221	6000000002447249031
Q96244222	6000000002447249024
Q96244225	6000000002447249017
Q96244226	6000000002447249009
Q96244231	6000000002447249002
Q96244234	6000000000261889584
Q96244235	6000000048656709996
Q96244265	6000000000770184733
Q96244274	6000000000770294417
Q96244276	6000000000261978552
Q96244278	6000000000262019110
Q96244279	6000000000517862840
Q96244280	6000000000261938401
Q96244282	6000000002908308187
Q96244283	6000000003077419038
Q96244284	6000000003076826923
Q96244285	6000000003077142625
Q96244297	6000000001531229216
Q96244328	6000000004593669823
Q96244329	6000000004593669843
Q96244352	6000000007803827978
Q96244363	6000000007803967741
Q96244379	6000000003868213094
Q96244380	6000000003868213261
Q96244381	6000000003868213135
Q96244382	6000000003868213649
Q96244383	6000000003868213614
Q96244384	6000000003868213025
Q96244387	6000000007387323249
Q96244388	6000000003868327395
Q96244389	6000000011082578205
Q96244393	6000000003868299593
Q96244394	6000000005394021549
Q96244395	6000000005393784918
Q96244396	6000000005393987303
Q96244398	6000000003868199937
Q96244454	6000000015714939091
Q96244587	6000000008417134431
Q96244598	6000000008416967186
Q96244599	6000000077992256346
Q96244603	6000000007535971155
Q96244673	6000000004279858849
Q96244674	6000000001541931219
Q96244675	6000000002512646151
Q96244676	6000000006583384179
Q96244678	6000000003109035422
Q96244680	6000000000110174091
Q96244683	6000000006872554291
Q96244685	6000000006909094233
Q96244688	6000000002316153994
Q962447	6000000014529871177
Q96244727	6000000006909087261
Q96244779	6000000014878348668
Q96244791	6000000030414624525
Q96244792	6000000006911020074
Q96245144	6000000000894565409
Q96245145	6000000000894497793
Q96245146	6000000000894449081
Q96245148	6000000000894474032
Q96245149	6000000003150067795
Q96245150	6000000006290377354
Q96245151	6000000003939121568
Q96245152	6000000003939121575
Q96245153	6000000003939121547
Q96245194	6000000002337952256
Q96245197	6000000005830305002
Q96245222	6000000083439187457
Q96245379	6000000003525920656
Q96245446	6000000032126362921
Q96245627	6000000002908140902
Q96245629	6000000003973621327
Q96245631	6000000001212794279
Q96245632	6000000001481351913
Q96245639	6000000020423219475
Q96245650	6000000000171280626
Q96245653	6000000000897774363
Q96245655	6000000000897875060
Q96245657	6000000014571877677
Q96245676	6000000002903677253
Q96245687	6000000008257395695
Q96245689	6000000013673360160
Q96245691	6000000002903630349
Q96245696	6000000001933501339
Q96245697	6000000001933322257
Q96245698	6000000002740863731
Q96245700	6000000002918393392
Q96245701	6000000002918375589
Q96245703	6000000001179325035
Q96245705	6000000000590788151
Q96245706	6000000001179222995
Q96245707	6000000003940648836
Q96245709	6000000021001191154
Q96245711	6000000002918422081
Q96245712	6000000002918302871
Q96245713	6000000002918354720
Q96245716	6000000001933740010
Q96245914	6000000029260387270
Q96246176	6000000003827731983
Q96247282	6000000020558691780
Q96247442	6000000008142507370
Q962477	6000000010050174796
Q96248	6000000103831893033
Q962487	6000000151450266889
Q96249245	6000000017603116673
Q962501	6000000014098543626
Q96250824	6000000120947057069
Q96252	6000000022850735995
Q96252468	6000000029920434444
Q96256835	6000000014922804190
Q9625707	6000000075425972979
Q96257387	6000000009678510320
Q962574	6000000090989642822
Q96257851	6000000036723367168
Q96257899	6000000002651925481
Q962593	6000000023145115501
Q96259504	6000000011462786103
Q96259649	6000000128650236942
Q96261087	6000000019219800942
Q96262	6000000009861291606
Q962646	6000000015370969341
Q962647	6000000086759342867
Q962660	6000000001383117262
Q962666	6000000041437614405
Q96267519	6000000196126248863
Q96269	6000000041175406760
Q9626931	6000000074751570860
Q96270439	6000000003249151620
Q96271840	6000000060722135158
Q9627266	6000000038147631168
Q96272890	6000000100441575829
Q962729	6000000141038301208
Q96272948	6000000011157051184
Q96272972	6000000123017583909
Q962732	6000000078882098595
Q96274237	6000000018407713561
Q96274505	6000000076316656838
Q96274835	6000000076311663124
Q96276522	6000000077164072122
Q962770	6000000012891813286
Q962778	6000000030966617012
Q96278268	6000000006586870733
Q96278332	6000000032951052188
Q96279027	6000000046245145038
Q96279074	6000000167153336822
Q96279173	6000000008492062687
Q962794	6000000054142975884
Q96279568	6000000007193072202
Q96279685	6000000000048961850
Q96279704	6000000004237813927
Q96279712	6000000001791660370
Q96279717	6000000003513663909
Q96279818	6000000002652320272
Q96279821	6000000000049143248
Q96279882	6000000015106981494
Q96279943	6000000130329372898
Q96279960	6000000000048961765
Q96279965	6000000139993621874
Q96280	6000000033457432272
Q96280127	3917882182030075764
Q96280317	6000000090489674085
Q962808	6000000163314414823
Q96281384	6000000007337677669
Q96282081	6000000006776490827
Q9628218	6000000025487545309
Q96282768	6000000006348436128
Q96284	6000000080603609842
Q96284687	6000000077329077824
Q9628590	6000000018819104506
Q962860	6000000004869028917
Q962870	4060767132690059062
Q9628799	6000000078577938404
Q96288114	6000000004189037092
Q96288116	6000000004189021828
Q96288117	6000000004188980975
Q96288119	6000000004189054160
Q96288120	6000000004188846837
Q96288127	6000000004189057011
Q96288128	6000000004189024688
Q96288143	6000000002870133280
Q96288155	6000000006444207385
Q96288157	6000000025054973982
Q96288158	6000000006444207341
Q96288159	6000000004586535634
Q96288161	6000000006444180261
Q96288162	6000000006444207435
Q96288171	6000000006444207421
Q96288176	6000000005961355313
Q96288177	6000000018751122002
Q96288186	6000000005071007578
Q96288187	6000000008640404504
Q96288188	6000000008639895156
Q96288191	6000000001180350052
Q96288192	6000000001180113382
Q96288193	6000000005097137913
Q96288194	6000000010094753430
Q96288195	6000000008093597479
Q96288196	6000000020869191913
Q96288199	6000000041107338880
Q96288200	6000000041107338912
Q96288201	6000000041107338919
Q96288204	6000000020869247033
Q96288206	6000000006733320792
Q96288207	6000000003681565260
Q96288208	6000000000193231369
Q96288209	6000000000193360008
Q96288210	6000000000193179652
Q96288211	6000000000193142512
Q96288212	6000000000193003972
Q96288215	6000000000193127569
Q96288216	6000000003681565255
Q96288217	6000000002447396260
Q96288222	316406534540003333
Q96288226	6000000001562946194
Q96288227	6000000001843337575
Q96288228	6000000001562946173
Q96288229	6000000006728288140
Q96288230	6000000006728252269
Q96288238	6000000006964029421
Q96288240	6000000002106139599
Q96288241	6000000006964038563
Q96288243	6000000030672167106
Q96288244	6000000001080399935
Q96288245	6000000001080323130
Q96288246	6000000001080323089
Q96288248	6000000025513116805
Q96288249	6000000001080329385
Q96288252	6000000002290334260
Q96288255	6000000005576817348
Q96288256	6000000001434151770
Q96288257	6000000002921135141
Q96288258	6000000005576775088
Q96288259	6000000000494276219
Q96288260	6000000001404786359
Q96288261	6000000005576414377
Q96288262	6000000003040502321
Q96288263	6000000003040502136
Q96288264	6000000000494276228
Q96288265	6000000000772828752
Q96288266	6000000048238868946
Q96288267	6000000000772815176
Q96288268	6000000010641065115
Q96288271	6000000002921091165
Q96288274	6000000001602622350
Q96288280	6000000000490427415
Q96288286	6000000000494276285
Q96288289	6000000000772855959
Q96288294	6000000001603099655
Q96288300	6000000005576811180
Q96288304	6000000005576900652
Q96288305	302569467470005587
Q96288309	6000000003937346431
Q96288310	6000000001827328433
Q96288312	6000000001827210960
Q96288313	6000000003937346393
Q96288316	6000000005576900659
Q96288318	6000000000490430056
Q96288319	6000000002588238402
Q96288320	6000000001623837249
Q96288321	6000000003937939798
Q96288322	6000000002588089985
Q96288324	6000000002587930999
Q96288325	6000000001623837676
Q96288326	6000000002588016909
Q96288327	6000000002588288991
Q96288328	6000000001304088135
Q96288329	6000000015392622117
Q96288331	6000000015392639468
Q96288339	6000000015395310245
Q96288396	6000000004009557193
Q96288397	6000000009739359254
Q96288398	6000000006954317534
Q96288400	6000000029428867476
Q96288403	6000000008202022538
Q96288404	6000000024513588186
Q96288407	6000000002447355611
Q96288408	6000000002447355618
Q96288413	6000000019749973056
Q96288414	6000000019749714591
Q96288415	6000000006667921705
Q96288416	6000000006667921669
Q96288417	6000000006667921675
Q96288418	6000000006667921712
Q96288419	6000000013318051828
Q96288420	6000000012591907632
Q96288423	6000000032191801357
Q96288425	6000000019749835880
Q96288426	6000000025739049591
Q96288427	6000000178257130837
Q96288434	6000000003627820247
Q96288437	6000000012765215360
Q96288438	4068626106350123721
Q96288439	6000000005406108902
Q96288440	4863479692400017483
Q96288441	4068579015700020559
Q96288448	6000000002259854323
Q96288449	6000000001873437411
Q96288450	6000000001873439800
Q96288451	6000000023729515364
Q96288461	6000000038247748660
Q96288462	6000000010702751674
Q96288463	6000000000517799175
Q96288464	6000000000517799196
Q96288465	6000000010702784431
Q96288466	6000000006777781443
Q96288467	6000000002388678954
Q96288468	6000000001959038662
Q96288469	6000000010049678101
Q96288470	6000000001959038681
Q96288475	6000000010061908630
Q96288476	6000000010061901874
Q96288478	6000000010062143811
Q96288479	6000000010925188476
Q96288480	6000000010061815849
Q96288484	6000000010062144462
Q96288485	6000000010061880657
Q96288486	6000000010062136618
Q96288507	6000000002447355061
Q96288508	6000000002447355045
Q96288509	6000000002447355031
Q96288510	6000000002447355016
Q96288511	6000000002447351994
Q96288512	6000000002447351986
Q96288513	6000000002447351978
Q96288514	6000000006801936001
Q96288515	6000000003939370689
Q96288516	6000000002447355038
Q96288583	6000000022246994060
Q96288603	6000000015924403801
Q96288770	6000000022810766334
Q96288799	6000000000815014062
Q96288799	6000000180981605841
Q96288800	6000000000062265955
Q96288801	6000000004086282247
Q96288802	6000000000350816175
Q96288803	6000000000350816187
Q96288804	6000000000323076123
Q96288822	6000000008863359093
Q96288823	6000000015498769595
Q96288828	6000000006788777119
Q96288829	5012394029310074524
Q96288830	6000000016215659696
Q96288831	6000000003938707174
Q96288832	6000000003938725383
Q96288833	6000000003938340803
Q96288834	6000000003938707529
Q96288835	6000000003939451519
Q96288836	6000000002889635705
Q96288837	6000000003938707143
Q96288838	5012375178140121480
Q96288839	6000000016215761502
Q96288840	6000000002684898971
Q96288841	6000000002684898979
Q96288842	6000000024973151724
Q96288843	6000000024973047585
Q96288844	5012398561540118419
Q96288846	6000000002789139303
Q96288847	6000000024387188444
Q96288848	6000000024387493314
Q96288849	6000000024387646178
Q96288853	6000000002789173140
Q96288856	6000000001384075342
Q96288857	6000000009666467682
Q96288858	6000000009666591475
Q96288859	6000000003940001513
Q96288866	6000000003490662567
Q96288867	6000000006444468739
Q96288874	6000000040023557847
Q96289032	6000000004088956303
Q96289033	6000000003017055635
Q96289034	6000000002339185314
Q96289035	6000000001912747165
Q96289036	6000000001912658632
Q96289038	6000000001867753005
Q96289042	6000000001943086477
Q96289046	6000000004337864402
Q96289047	6000000006348449751
Q96289050	6000000004592908783
Q96289050	6000000084167261821
Q96289051	6000000001867699222
Q96289051	6000000066114840040
Q96289052	360149414250007602
Q96289053	6000000002603518729
Q96289057	6000000025958869775
Q96289058	6000000025959489425
Q96289059	6000000025959345749
Q96289069	6000000023265194982
Q96289085	6000000017484852748
Q96289086	6000000017485637647
Q96289087	6000000022638665989
Q96289125	6000000012699386675
Q96289126	6000000017485781498
Q96289162	6000000015633310450
Q96289163	6000000004593164780
Q96289164	6000000004593164769
Q96289166	6000000042929204549
Q96289167	6000000036043059992
Q96289168	6000000000202658674
Q96289169	6000000003200294043
Q96289170	6000000036042982197
Q96289193	6000000103916056902
Q96289203	6000000015441548175
Q96289208	6000000049082338829
Q96289219	6000000016281499053
Q96289229	6000000010687044291
Q96289230	6000000010686595972
Q96289232	6000000016291156418
Q96289234	6000000016235552117
Q96289235	6000000057195201889
Q96289249	6000000011087205033
Q96289250	6000000015355596857
Q96289252	6000000015355956518
Q96289258	6000000008889558767
Q96289264	6000000054624270942
Q96289269	6000000011087578234
Q96289275	6000000010687152651
Q96289283	6000000083452373180
Q96289284	6000000016601492805
Q96289287	6000000025718199301
Q96289288	6000000015365835113
Q96289290	6000000015365848144
Q96289711	6000000024513641987
Q96289723	6000000023084726236
Q96289731	6000000018791188105
Q96289745	6000000001399018193
Q96290614	6000000017707870958
Q96290617	6000000032983422782
Q96290626	6000000032983417387
Q96290636	6000000054648918886
Q96290667	6000000032983445703
Q962908	6000000008707976112
Q96291055	6000000180314857860
Q96291091	2431366
Q96291101	2431328
Q96291611	6000000022070440164
Q96291616	6000000017218792306
Q96292206	6000000007370332750
Q96292212	6000000007370213094
Q96292217	6000000017856971010
Q96292219	6000000017857217306
Q96292232	6000000017857208956
Q96292241	6000000017856815212
Q96292244	6000000017857237071
Q96292287	6000000017857203920
Q96292305	6000000006843626244
Q96292308	6000000006843793146
Q96292308	6000000110700833930
Q96292312	6000000110702246836
Q96292316	6000000006843752157
Q96292325	6000000009637415948
Q96292328	6000000009637384721
Q96292331	6000000009543833867
Q96292334	6000000006843779102
Q96292337	6000000006843825058
Q96292357	6000000017952701275
Q96292361	6000000017952663207
Q96292365	6000000006843278954
Q962924	6000000163759250020
Q9629250	6000000002676541908
Q96292598	6000000006843776327
Q96292773	6000000063005877884
Q96292776	6000000010565802100
Q96292779	6000000010650974955
Q96292906	6000000014191876638
Q96292913	6000000014191935150
Q96292940	6000000003108440217
Q96292945	6000000003109183242
Q96292948	6000000002153397003
Q96293162	6000000009170560824
Q96293167	6000000009170454504
Q96293170	6000000010821048501
Q96293176	6000000030004209364
Q96293186	6000000010820930532
Q96293191	6000000004957576244
Q96293196	6000000004957573354
Q962932	6000000006804819367
Q96293201	6000000009170617346
Q96293206	6000000009170485613
Q96293212	6000000009170647515
Q96293216	6000000025945742289
Q96293220	6000000009170631510
Q96293224	6000000009170483726
Q96293230	6000000017065418023
Q96293239	6000000017064966977
Q96293243	6000000017065359653
Q96293246	6000000017065427358
Q96293257	6000000008422258865
Q96293262	6000000017065276353
Q96293268	6000000017065258553
Q96293273	6000000008423561243
Q96293278	6000000008423214482
Q96293281	6000000011859690624
Q96293284	6000000011859788316
Q96293288	6000000002663148747
Q9629329	6000000078784525982
Q96293292	386780871810010351
Q96293297	6000000008423205464
Q96293307	6000000001689980585
Q96293317	6000000123250716903
Q96294961	6000000000555196262
Q96294966	6000000000555235178
Q96294970	6000000024568237729
Q96294975	6000000024568351947
Q96294978	6000000000368749124
Q96294985	6000000000368095890
Q96294990	6000000000368920036
Q96294993	6000000000368841161
Q96294997	6000000006911277170
Q96295002	6000000015519832287
Q96295014	6000000000281118001
Q96295018	6000000000281006705
Q96295021	6000000000281051271
Q96295025	6000000000285027438
Q96295033	6000000000368774457
Q96295036	6000000000556369219
Q96295037	6000000000556292391
Q96295040	6000000024557393667
Q96295044	6000000024557565096
Q96295047	6000000024557325373
Q96295051	6000000024567782424
Q96295277	6000000000368589787
Q96295303	6000000013079725730
Q96295371	6000000003688583467
Q96295376	6000000002335117258
Q96295381	6000000002335140020
Q96295388	6000000002311756612
Q96295397	6000000002311771480
Q96295418	6000000002303705586
Q96296	6000000030918435096
Q962960	6000000011003123642
Q96296181	6000000008470445281
Q96296207	6000000008470387540
Q96296220	6000000008470155814
Q96296241	6000000019644214798
Q96296304	6000000008470471316
Q96296313	6000000106871851830
Q96296319	6000000008470239632
Q96296325	6000000008470434445
Q96296360	6000000008470348160
Q96296371	6000000096868070829
Q96296376	6000000006514849074
Q96296383	6000000006514313200
Q96296392	6000000003940405431
Q96296399	6000000103333902062
Q96296408	6000000049493659832
Q9629678	6000000003138448196
Q96298	6000000148641196828
Q9629893	5225439443210116319
Q96299087	6000000015458775219
Q96299282	6000000005534149002
Q962993	6000000053637266821
Q96299342	6000000005534048004
Q96299368	6000000002447366075
Q96299390	6000000005384977803
Q963002	6000000002842330702
Q963023	6000000033685264987
Q96302769	6000000008470496534
Q96302771	6000000008470454767
Q96302772	6000000008470447885
Q96302773	6000000001395028885
Q96302775	5159570173380067304
Q96302776	6000000001395508380
Q96302777	6000000001395551273
Q96302778	6000000008470339495
Q96302780	6000000008470525316
Q96302781	6000000008470301672
Q96302782	6000000008470879100
Q96302783	6000000008471327227
Q963044	6000000037765563002
Q96304598	6000000006128260884
Q96304603	6000000002049745214
Q96304606	6000000002049729218
Q96304610	6000000002049729113
Q96304614	4197883097590069876
Q96304621	6000000003249268987
Q96304624	6000000003249272426
Q96304632	6000000008671539335
Q96304803	6000000012934788262
Q96304810	6000000006788771435
Q96304815	4197863029870123938
Q96305219	6000000007273320612
Q96305229	6000000162539221859
Q96305230	6000000002447355117
Q96305231	6000000003681353473
Q96305232	6000000003681353486
Q96305233	6000000003681353498
Q96305234	6000000003681353509
Q96305235	6000000003681353514
Q96305236	6000000081871605280
Q96305237	6000000003681353492
Q96305238	6000000081871919153
Q96305241	6000000081871633306
Q96305246	6000000010493817475
Q96305247	6000000010493791396
Q96305254	6000000010493777501
Q96305255	6000000002447355165
Q96305256	6000000048685383320
Q96305258	6000000003939837951
Q96305259	6000000002447355173
Q96305260	6000000002447355133
Q96305261	6000000081872238081
Q96305266	6000000081871891334
Q96305267	6000000220673674837
Q96305268	6000000220673671830
Q96305269	6000000003075719193
Q96305270	6000000001959038710
Q96305278	6000000042859636450
Q96305282	6000000042859628593
Q96305284	6000000042860008035
Q96305285	6000000042860126914
Q96305290	6000000013007550018
Q96305291	6000000013015059236
Q96305294	6000000013015133221
Q96305297	6000000013014521464
Q96305298	6000000013015178209
Q96305300	6000000051651384919
Q96305305	6000000181405070837
Q96305401	6000000006908785440
Q96305404	6000000006908552796
Q96305409	6000000006909043138
Q96305413	6000000006909121023
Q96305418	6000000006908787353
Q96305421	6000000006909035073
Q96305452	6000000006909094046
Q96305473	6000000002447351765
Q96305477	6000000002883160121
Q96305481	6000000002447351738
Q96305489	6000000002447351758
Q96305492	6000000168163953873
Q96305495	6000000168161921774
Q96305500	6000000003681353402
Q96305502	6000000002447369305
Q96305505	6000000002447369312
Q96305509	6000000002447369318
Q96305514	6000000003681353358
Q96305516	6000000002447369348
Q96305521	6000000002447369362
Q96305531	6000000003681353351
Q96305543	6000000082852739920
Q96305555	6000000003681353224
Q96305558	6000000003681353371
Q96305568	6000000010903144737
Q96305575	6000000010903555737
Q96305578	6000000008074467792
Q96305639	6000000040734883790
Q96305672	6000000002666229819
Q96305676	3499292
Q96305679	6000000002577652416
Q96305682	6000000002577998944
Q96305688	6000000003017340998
Q96305694	317318220090005983
Q96305698	6000000002037574978
Q96305702	6000000002209249859
Q96305706	6000000006443857924
Q96305706	6000000087516541832
Q96305714	6000000008074842715
Q96305716	6000000006444054119
Q96305719	6000000006444054208
Q96305721	6000000002134627403
Q96305725	6000000006801771618
Q96305751	6000000000375142106
Q96305756	6000000002136083912
Q96305759	6000000005016280820
Q96305762	315176002170008997
Q96305765	6000000006349737426
Q96305768	6000000001221136992
Q96305771	6000000002766335603
Q96305796	6000000002883108489
Q96305799	6000000006440037782
Q963058	6000000026694037345
Q96305802	6000000002883114223
Q96305810	6000000006440049495
Q96305818	6000000003859566128
Q96305821	6000000003859016041
Q96305827	6000000003858764858
Q96305830	6000000017206203923
Q96305833	6000000026940349828
Q96305835	6000000003937743733
Q96305854	6000000000426529405
Q96305867	6000000043100234925
Q96305877	6000000023488741729
Q96305878	6000000006430083152
Q96305879	6000000002447361461
Q96305881	6000000001959135520
Q96305882	6000000002684878486
Q96305883	6000000002684878453
Q96305884	6000000000147545058
Q96305886	6000000002677659496
Q96305887	6000000006728066106
Q96305888	6000000008300619063
Q96305889	6000000008300619042
Q96305890	6000000003495284038
Q96305906	6000000002797570500
Q96305910	6000000002797383882
Q96305916	6000000005077151323
Q96305920	6000000004018628120
Q96305929	6000000006402179294
Q96305935	6000000006402200247
Q96305995	6000000001727281993
Q96305996	6000000003147038124
Q96305997	6000000003147038136
Q96305998	6000000003164824079
Q96305999	6000000003940827561
Q96306000	6000000006348241759
Q96306218	6000000015200682990
Q96306225	6000000015200765240
Q96306230	6000000015200735189
Q96306233	6000000015200762035
Q96306237	6000000015200732107
Q96306242	6000000008630436848
Q96306246	6000000008630534410
Q96306250	6000000008630419415
Q96306270	6000000015200597520
Q96308	6000000041850233181
Q96308457	6000000047601745873
Q96308467	6000000186686213891
Q96308516	6000000009628897646
Q96308518	6000000009628843153
Q96308526	6000000019203637785
Q96308529	6000000020004730898
Q96308531	6000000019202924925
Q96308533	6000000001842993043
Q96308536	6000000019203559804
Q96308538	6000000001843182595
Q96308646	6000000000565122251
Q96308651	6000000000601902586
Q96308691	6000000001842987792
Q96308692	6000000000031721346
Q96308693	6000000000031530776
Q96308694	6000000000031604837
Q96308695	6000000004130780151
Q96308696	6000000001842993031
Q96308707	6000000004294053092
Q96308708	6000000029945509073
Q96308709	6000000219893323879
Q96308711	6000000029945448676
Q96308713	6000000040256276024
Q96308715	6000000009006956531
Q96308717	6000000000466353250
Q96308719	6000000009006996408
Q96308722	6000000024431176940
Q96308723	6000000024430838620
Q96308724	6000000024430964289
Q96308726	6000000046476822842
Q96308728	6000000034777214154
Q96308729	6000000034777290175
Q96308730	6000000041091761643
Q96308731	6000000001691742735
Q96308732	6000000034777202303
Q96308733	6000000010516125438
Q96308734	6000000023341055128
Q96308739	6000000023340984150
Q96308740	6000000023340930123
Q96308747	6000000023340994479
Q96308748	6000000048441398219
Q96308749	6000000048441541020
Q96308750	6000000028998839038
Q96308751	6000000011894521731
Q96308752	6000000011894974370
Q96308753	6000000028998166684
Q96308756	6000000048441494909
Q96308757	6000000010516126491
Q96308758	6000000013257974824
Q96308773	6000000007331249221
Q96308774	6000000007330905825
Q96308776	6000000002954574454
Q96308777	6000000007331017418
Q96308779	6000000007331084778
Q96308780	6000000034277534073
Q96308782	6000000006802856101
Q96308784	6000000002954727345
Q96308785	6000000007331164456
Q96308790	6000000021797373156
Q96308792	6000000021798314862
Q96308793	6000000021797871070
Q96308795	6000000021798310022
Q96308796	6000000002665357277
Q96308797	6000000000115607067
Q96308800	6000000021797129641
Q96308812	6000000002400771285
Q96308813	6000000001744948940
Q96308823	6000000009420318537
Q96308824	6000000004033877029
Q96308825	6000000003681311270
Q96308827	6000000001691236003
Q96308828	6000000005024149981
Q96308829	6000000001745168725
Q96308834	6000000011602801631
Q96308835	6000000004033590782
Q96308836	6000000004033680755
Q96308837	6000000004403986257
Q96308838	6000000180942546826
Q96308839	6000000003681311228
Q96308840	6000000002046092711
Q96308841	6000000003221207506
Q96308844	6000000001843017160
Q96308845	336167765120005401
Q96308848	6000000003681311258
Q96308849	6000000003681311282
Q96308850	6000000000318276614
Q96308851	6000000019025589747
Q96308852	6000000007454489881
Q96308853	6000000001745071675
Q96308854	6000000001745313074
Q96308855	6000000019025277961
Q96308856	6000000019025431862
Q96308865	6000000003681311294
Q96308866	6000000003681550250
Q96308867	6000000108467113824
Q96308867	6000000190818141852
Q96308868	6000000180507851841
Q96308868	6000000190825319821
Q96308869	6000000180507371841
Q96308870	6000000003807098665
Q96308871	6000000018279676883
Q96308872	6000000004997033692
Q96308873	6000000068774203065
Q96308874	6000000004997097366
Q96308875	6000000108467363821
Q96308878	6000000033643720464
Q96308879	6000000002789583039
Q96308880	6000000002789479320
Q96308881	6000000011965697984
Q96308882	6000000011966580080
Q96308883	6000000002969835533
Q96308884	6000000011983499680
Q96308885	6000000000527980515
Q96308886	6000000045292387603
Q96308887	6000000086730627427
Q96308888	6000000011966932903
Q96308889	6000000002789359538
Q96308890	6000000002789356742
Q96308895	6000000013372916457
Q96308896	6000000013372338898
Q96308897	6000000013372266929
Q96308898	6000000013372830050
Q96308899	6000000013496878475
Q96308900	6000000013497180096
Q96308901	6000000002172626164
Q96308902	6000000003277887464
Q96308903	6000000001728373067
Q96308912	4984839067830030322
Q96308913	6000000000965106239
Q96309106	6000000018359953754
Q96309277	6000000025156661879
Q963107	6000000143159252836
Q96310939	6000000006127013017
Q96311116	6000000008331457290
Q96311121	6000000007442066433
Q96311122	6000000007588968225
Q96311123	6000000003526100798
Q96311124	6000000003526098555
Q96311125	6000000001713417259
Q96311126	6000000001713424514
Q96311127	6000000000433565064
Q96311130	6000000000128893705
Q96311144	6000000001866638292
Q96311145	6000000007097906466
Q96311146	6000000008008824319
Q96311147	6000000000426690808
Q96311148	6000000000426765813
Q96311149	6000000006439664844
Q96311150	6000000006442479288
Q96311152	6000000001866755030
Q96311178	6000000000421530425
Q96311179	6000000000426519452
Q96311180	6000000000421516778
Q96311182	6000000007443130747
Q96311183	6000000007443126643
Q96311184	6000000040946168017
Q96311194	6000000000045566727
Q96311195	6000000000045589558
Q96311198	6000000002164585115
Q96311647	5692339849620051589
Q963117	6000000054083327872
Q96311724	6000000000140280162
Q96311727	6000000027395344846
Q96311729	6000000001727506242
Q96311733	6000000001727506175
Q96311736	6000000001727513577
Q96311737	6000000001727513586
Q96311742	6000000004593669542
Q96311797	6000000014755219086
Q96311801	6000000014755076950
Q96311804	6000000021150620285
Q96311806	6000000021150728731
Q96311809	6000000021151020047
Q96311811	6000000073138282938
Q96311812	6000000052222536439
Q96311815	6000000021136598884
Q96311817	6000000021150949975
Q96311820	6000000098238078833
Q96311836	286785522800004231
Q96311855	6000000056781923888
Q96311857	6000000001354064192
Q96311864	6000000014577490994
Q96311869	6000000014517494098
Q96311880	6000000002866929908
Q96311882	6000000006178780056
Q96311883	6000000002866929942
Q96311888	6000000002153381006
Q963123	6000000027740255121
Q96312529	6000000018968110208
Q963129	6000000081027129002
Q963130	6000000009135057487
Q96313019	6000000013310795070
Q96313211	6000000016925502488
Q96313489	6000000082947734193
Q96313677	6000000175253347831
Q963142	6000000014223164125
Q96314507	6000000000557807869
Q96314522	6000000040105601939
Q96314797	6000000007524192164
Q963153	6000000015708782950
Q96315460	6000000036642433857
Q963156	6000000181423253827
Q96316048	6000000007462537175
Q96316066	6000000026322330594
Q963161	6000000007061186424
Q96316147	6000000002702581381
Q96316157	6000000001180355510
Q9631624	6000000018417171566
Q96316263	6000000006127013026
Q96316267	6000000001075405652
Q96316697	6000000047313386865
Q96316698	6000000110791829899
Q96316703	6000000047314420185
Q96316710	6000000077428210818
Q96316712	6000000027951845127
Q9631681	6000000039636906395
Q96316859	6000000006911256002
Q96316860	6000000006911191177
Q96316861	6000000006911296153
Q96316863	6000000006911325067
Q96316865	6000000006910538324
Q96317054	6000000001199633512
Q96317060	6000000001199645256
Q96317064	6000000001091996539
Q96317065	6000000001147805894
Q96317189	6000000001147805737
Q96317190	6000000010281906350
Q96317192	6000000010281515739
Q96317194	6000000010281856210
Q96317197	6000000001199801160
Q96317502	6000000009244678687
Q96317708	6000000014552861457
Q96317886	6000000003872054275
Q96317887	6000000003872176280
Q96317888	6000000003871842376
Q96317889	6000000003872012413
Q96317890	6000000003871670834
Q96317891	6000000003871886336
Q96317892	6000000003871947551
Q96317893	6000000003872088263
Q96317894	6000000003871918793
Q96317895	6000000003871870595
Q96317896	6000000003871892285
Q96317897	6000000003871983565
Q96317900	6000000003872248475
Q96317901	6000000003872238079
Q96317902	6000000003872066198
Q96317904	6000000003872269021
Q96317905	6000000000489151502
Q96317906	6000000002416657393
Q96317942	6000000003997214160
Q96317969	6000000003997179464
Q96317986	6000000003997142744
Q96317989	6000000009043395667
Q96317992	6000000009043320048
Q96317999	6000000009043042086
Q9631819	6000000075662309830
Q96318245	6000000010061822254
Q96318257	6000000010309961481
Q96318259	6000000010309630013
Q96318268	6000000003626879110
Q96318272	6000000000970063368
Q96318275	6000000008382795424
Q96318279	384349791040007719
Q96318280	6000000011240838589
Q96318282	6000000011261863246
Q96318290	6000000008382747532
Q96318292	6000000008382743764
Q96318295	6000000013502843794
Q96318297	6000000013502821542
Q96318504	6000000001143350150
Q96318505	6000000001143182647
Q96318506	6000000001143185310
Q96318507	6000000001143202447
Q96318508	6000000001143209334
Q96318509	6000000001143329062
Q96318511	6000000002447358856
Q96318512	6000000005007636334
Q96318514	6000000001143270363
Q96318515	6000000001143257310
Q96318516	6000000001143200466
Q96318517	6000000001143266357
Q96318519	6000000009837746293
Q96318520	6000000000181160785
Q96318521	6000000003086957483
Q96318522	6000000000181162937
Q96318523	6000000000181160803
Q96318526	6000000003747097442
Q96318527	6000000003747483263
Q96318528	6000000003747483269
Q96318529	6000000009837177599
Q96318530	6000000000689076889
Q96318533	6000000002060071481
Q96318543	334090189150013590
Q96318546	6000000006907028031
Q96318548	6000000001170131087
Q96318550	6000000001540769189
Q96318551	6000000001056343775
Q96318552	6000000001540688494
Q96318553	6000000000491098277
Q96318555	6000000007282360988
Q96318556	6000000011894105651
Q96318557	6000000002931116528
Q96318559	6000000000689608079
Q96318564	6000000006918637893
Q96318633	6000000003490644904
Q96318635	6000000003490657650
Q96318636	6000000008300650669
Q96318638	6000000006444240401
Q96318640	6000000006444398214
Q96318641	6000000006444398162
Q963194	6000000009475201339
Q96320	6000000036054361988
Q963200	6000000022186764254
Q96321284	6000000117771614896
Q96321355	6000000003963112017
Q96321356	6000000004824905272
Q963214	6000000016418839014
Q96322046	6000000003031831606
Q96322050	6000000003124149935
Q96322059	6000000002765595311
Q96322115	6000000001959728654
Q96322117	290497018800008567
Q96322121	6000000002388977135
Q96322122	6000000001254483302
Q96322123	6000000001254562028
Q96322124	6000000001245343477
Q96322125	6000000001245356381
Q96322131	1061012
Q96322132	6000000001245336048
Q96322147	6000000003310843793
Q96322173	6000000001959733197
Q96322178	6000000001959733188
Q96322216	6000000007273484681
Q96322484	6000000007911484873
Q96322757	6000000017122649081
Q96322797	6000000006444602450
Q96322799	6000000002447023145
Q96322801	6000000006444496821
Q96322803	6000000003681371381
Q96322805	6000000003681371371
Q96322807	6000000000212649861
Q96322809	6000000000769909412
Q96322810	6000000003221140678
Q96322861	6000000009765278623
Q96322862	6000000005014064619
Q96322864	6000000009765486646
Q96322872	6000000000081339632
Q96322873	6000000000081349027
Q96322918	6000000026383669886
Q96322922	6000000009147257905
Q96322923	6000000001424306521
Q96322924	6000000009146701639
Q96322925	6000000009146596829
Q96322926	6000000009146849437
Q96322928	6000000001424321620
Q96322929	6000000000351064259
Q96322936	6000000003937876778
Q96322937	6000000003358366128
Q96322938	6000000003076201695
Q96322940	6000000002967017071
Q96322942	6000000001756756421
Q96322943	6000000001713337400
Q96322944	6000000005571420791
Q96322945	6000000022558079961
Q96322946	6000000005534018022
Q96322947	6000000000151752360
Q96322948	6000000003858556163
Q96322949	6000000014725212958
Q96322950	6000000004851047595
Q96322951	6000000001756410616
Q96322953	4326765744210032057
Q96322954	6000000002154340002
Q96322955	6000000002024158241
Q96322956	6000000005931595450
Q96322961	6000000003075678867
Q96322962	6000000012889125393
Q96322964	6000000002964109470
Q96322965	6000000003396997602
Q96322966	6000000072523017879
Q96322967	6000000002750430006
Q96322968	6000000006444331622
Q96322970	6000000005911967116
Q96322980	6000000003478854729
Q96322983	6000000003076231311
Q96322991	6000000001265264306
Q96322998	6000000002442535859
Q96323023	6000000006444270465
Q963234	6000000067185521834
Q963245	6000000035279077500
Q9632703	6000000039155428740
Q963275	6000000006100839880
Q9632859	6000000074746140000
Q963307	6000000038626354364
Q96333017	6000000085290249581
Q96333370	5620592299900077089
Q963349	6000000009858101089
Q96335264	6000000010763032308
Q96335299	6000000003227907031
Q96335481	6000000183270192844
Q96335517	6000000026163992703
Q96335517	6000000063345612953
Q96336381	3984960
Q9633691	6000000211881858823
Q96337123	6000000007380465285
Q96337200	6000000017311317750
Q96337203	6000000023329428758
Q96337273	6000000032270733355
Q96337383	6000000013442068658
Q96337603	6000000011372667396
Q96337604	6000000011372058080
Q96337611	6000000000230663217
Q96337612	6000000015902577356
Q96337615	6000000001843329689
Q96337617	6000000001476363449
Q96337618	6000000001473804016
Q96337619	6000000001473470535
Q96337620	6000000006802937138
Q96337621	6000000003076404886
Q96337622	6000000002860952328
Q96337623	6000000003171103582
Q96337624	6000000007601243444
Q96337625	6000000001473639185
Q96337626	6000000006907055101
Q96337627	6000000001473266814
Q96337628	6000000001473324935
Q96337629	6000000006597091440
Q96337630	6000000004026685439
Q96337631	6000000004026746009
Q96337632	6000000004026732217
Q96337633	283936829930008452
Q96337634	4795069
Q96337635	6000000000875540388
Q96337636	6000000004026682226
Q96337637	6000000001493395226
Q96337643	6000000001170063726
Q96337644	6000000000834376533
Q96337645	6000000038534723229
Q96337646	6000000004574981849
Q96337649	6000000003076404913
Q96337654	6000000003615486056
Q96337655	6000000003151867134
Q96337659	6000000001410969051
Q96337661	6000000004993261714
Q96337671	6000000008200553797
Q96337674	6000000002304334967
Q96337675	6000000003076215393
Q96337676	6000000003076380357
Q96337677	4795072
Q96337678	6000000001690770431
Q96337682	4796315
Q96337685	4795127
Q96337686	6000000004045453647
Q96337687	6000000001563222076
Q96337688	4796399
Q96337840	6000000026910235235
Q96337842	6000000000241755110
Q96337843	6000000001689983900
Q96337844	6000000001689983892
Q96337845	6000000001689983749
Q96337846	6000000005415337584
Q96337847	6000000001689983714
Q96337848	6000000001689983765
Q96337851	6000000012124574456
Q96337853	6000000001620372326
Q96337854	6000000001697208062
Q96337855	6000000000426748266
Q96337856	6000000024308691439
Q96337857	6000000006444392119
Q96337858	6000000001335331272
Q96337859	6000000001697207048
Q96337861	6000000001620230411
Q96337874	5350781574900109080
Q96337875	5350781611660109086
Q96337876	6000000002760677478
Q96337878	6000000003243328760
Q96337879	6000000004985900970
Q96337899	6000000003146808232
Q96337900	6000000003146646627
Q96337901	6000000003147901025
Q96337902	6000000003147720870
Q96337903	6000000052102634974
Q96337910	6000000003147786680
Q96337913	6000000008806284268
Q96337914	6000000008806217644
Q96337915	6000000008806143645
Q96337917	6000000002384594922
Q96337919	6000000008806071136
Q96337921	6000000008806122405
Q96337923	6000000004769171012
Q96337925	6000000004769416017
Q96337933	6000000000281940289
Q96337934	6000000000281931490
Q96337935	6000000000281940321
Q96337936	6000000000281925220
Q96337975	6000000001677903170
Q96337976	6000000001341944888
Q96337977	6000000001414784516
Q96337982	6000000010133183646
Q96337983	6000000010192231950
Q96337984	6000000001522973606
Q96337985	6000000005598230052
Q96337986	6000000001690463176
Q96337987	6000000051712830934
Q96337990	6000000009468307708
Q96337991	6000000001067460280
Q96338001	6000000038548803204
Q96338004	6000000015977365931
Q96338005	6000000004672556736
Q96338007	6000000000582890165
Q96338010	6000000000616230209
Q96338011	6000000001869872269
Q96338012	6000000003221836175
Q96338016	6000000000582896328
Q96338019	6000000015977234556
Q96338087	6000000009447878025
Q96338088	6000000009448268779
Q96338090	6000000000628544315
Q96338091	6000000001771190548
Q96338267	6000000009513359486
Q96338273	6000000009513014648
Q96338723	6000000077800888887
Q96338725	6000000004636471659
Q96338726	6000000004636490605
Q96338729	6000000010102374870
Q96338731	6000000020376207728
Q96338743	6000000000160183053
Q96338758	6000000002709548687
Q96338759	6000000012629668001
Q96338870	6000000007392791550
Q96339351	6000000002553439927
Q96339402	6000000001929339633
Q96339406	6000000008488716624
Q9633971	6000000074709826827
Q96339854	6000000009447507005
Q96339856	6000000001915569890
Q96339857	6000000001915569929
Q96339858	6000000001356986912
Q96339859	6000000001915615987
Q96339860	6000000080635025917
Q96339861	6000000001915846945
Q96339862	6000000003938400912
Q96339863	6000000000209550691
Q96339864	6000000001915846953
Q96339865	6000000001915576102
Q96339866	6000000001915301387
Q96339868	6000000006441962198
Q96339869	6000000008260502503
Q96339893	6000000008597330761
Q96339897	6000000008597610746
Q96339898	6000000002870133691
Q96339900	6000000009668251484
Q96339901	6000000009668255807
Q96339911	6000000005755626309
Q96339912	6000000007059368105
Q96339913	6000000006576891198
Q96339914	6000000013194996066
Q96339915	6000000009164156808
Q96339917	6000000005755429421
Q96339920	6000000003481842202
Q96339921	6000000004558476284
Q96339923	6000000003075667225
Q96339924	6000000004558468804
Q96339925	6000000000475123419
Q96339926	6000000009667510234
Q96339927	6000000007193422001
Q96339931	6000000000664388284
Q96339932	6000000041037746904
Q96339935	6000000004594035369
Q96339944	6000000041037746911
Q96339945	6000000041037746943
Q96339946	6000000000515837700
Q96339946	6000000052442265821
Q96339947	6000000000515948445
Q96339948	6000000000516143117
Q96339949	6000000041037747015
Q96339952	6000000060608228865
Q96339953	6000000002649893014
Q96339954	6000000002220709012
Q96339955	6000000002220590079
Q96339956	6000000006955507331
Q96339964	6000000017378970687
Q96339965	6000000006728918754
Q96339966	6000000006728918737
Q96339970	6000000040596603033
Q96339971	6000000006728918746
Q96339973	6000000006728918883
Q96339974	6000000006728945639
Q96339975	6000000006728948126
Q96339985	6000000000664469868
Q96339986	6000000005987647034
Q96339987	6000000000350821129
Q96339988	6000000005987647041
Q96339989	6000000002073536211
Q96339990	6000000003221108644
Q96339991	6000000006232145827
Q96339992	6000000000664571157
Q96339993	6000000005962605221
Q96339994	6000000000664533324
Q96339995	6000000003942856852
Q96339998	6000000017191334372
Q96339999	6000000003858686536
Q96340000	6000000017191317229
Q96340006	6000000003858759112
Q96340008	6000000009804190354
Q96340009	379095351340003563
Q96340010	4862981449720044404
Q96340011	379132576730007972
Q96340012	4863026022030028016
Q96340016	6000000005619817082
Q96340017	379096715870011536
Q96340018	6000000001737791563
Q96340021	6000000001540863104
Q96340022	6000000005050831345
Q96340023	6000000005050992005
Q96340026	6000000001579259576
Q96340027	6000000007601244077
Q96340032	6000000006419400727
Q96340033	6000000002975755150
Q96340034	6000000002975658762
Q96340035	6000000003552725085
Q96340036	6000000002684786881
Q96340039	6000000002174958079
Q96340044	6000000006573865945
Q96340050	6000000078626568526
Q96340054	6000000004392890868
Q96340063	6000000000827316945
Q96340064	6000000076173913877
Q96340072	6000000008630867352
Q96340089	6000000002624878586
Q963401	6000000016309631813
Q96340617	6000000003398136287
Q96340618	6000000003288068586
Q96340619	6000000006821285371
Q96340621	6000000001188732785
Q96340622	6000000003398136239
Q96340623	6000000015344744522
Q96340626	6000000003022210184
Q96340627	6000000003022175472
Q96340629	6000000002247516572
Q96340630	6000000002247565273
Q96340631	6000000045878351048
Q96340632	6000000045878161172
Q96340633	6000000000658903061
Q96340635	6000000000658903072
Q96340636	6000000006907011633
Q96340642	6000000002640907895
Q96340643	6000000006110677065
Q96340644	6000000006110858184
Q96340645	6000000000664480614
Q96340646	6000000045878525930
Q96340647	6000000000600125264
Q96340691	6000000007819846400
Q96340696	6000000035732739002
Q96340702	6000000002677731264
Q96340706	6000000027577845333
Q96340709	6000000001737713802
Q96340710	6000000004237645203
Q96340712	6000000003939198032
Q96340713	6000000003939198160
Q96340714	6000000001212795137
Q96340715	6000000002931165819
Q96340716	6000000002931165827
Q96340717	6000000003897320545
Q96343	6000000034948687572
Q96343411	4789183446770122842
Q96343585	6000000010667849089
Q963437	6000000000638286399
Q96345027	6000000009414541589
Q96345125	6000000032270129265
Q96345610	6000000002106071921
Q96345615	6000000006444665543
Q96345618	6000000006444665556
Q96346399	6000000002930894077
Q96346400	6000000002930894104
Q96347	6000000026419615357
Q96347620	6000000011263924742
Q96347625	6000000011263942887
Q96347628	6000000001791816380
Q96347631	6000000011261645538
Q96347632	6000000011253965134
Q96347654	6000000001791660361
Q96347657	6000000003147030911
Q9634808	6000000074725725465
Q96348629	6000000007294434453
Q963499	6000000136357703827
Q96350931	6000000000658899980
Q96351646	6000000015644618089
Q96351701	6000000006816839208
Q963519	6000000017372228221
Q96354	6000000029343903039
Q963540	6000000181337418828
Q96354583	5289339956650028741
Q96354589	6000000019428209121
Q96354592	6000000019428208211
Q96354595	6000000019428038402
Q96354615	6000000000652493230
Q96354667	6000000001713441781
Q96354668	6000000004470088033
Q96354669	2286976
Q96354676	6000000009161678750
Q96354683	4587847262020030780
Q96354684	6000000003164765256
Q96354685	6000000000652530075
Q96354686	6000000006907055042
Q96354689	6000000001657800539
Q96354690	6000000000658905267
Q96354691	6000000002860732965
Q96354692	6000000001540784206
Q96355273	6000000024758645958
Q96355281	6000000009188034605
Q96356067	6000000118215513913
Q96357580	3929069267310061288
Q96357739	6000000031480607096
Q963581	6000000034371414481
Q96358544	6000000135612816932
Q96358563	6000000139428183866
Q96358639	6000000127659957836
Q96358682	6000000011527705983
Q96359163	6000000039526268375
Q963593	6000000026977741461
Q96359411	6000000013175089948
Q96359426	4716555247070078416
Q963599	6000000018117583959
Q96360	6000000018648884871
Q96360073	6000000030350333005
Q963606	6000000145517475950
Q96361	6000000145953234829
Q963626	6000000033619531481
Q96363	6000000024739167839
Q9636344	6000000074727304025
Q96364115	6000000012939939153
Q963644	6000000002802596623
Q96366	6000000185909439821
Q963663	6000000000301806480
Q96368	6000000027083422250
Q96369475	6000000008597348568
Q963703	6000000012999561591
Q963705	6000000131744361116
Q96370751	6000000006782891512
Q96370752	6000000003089599804
Q96370973	4161037
Q96370984	6000000000170395557
Q96370992	6000000005063907242
Q96371095	6000000000170190882
Q96371286	6000000013248478023
Q96371288	6000000013248620588
Q96371300	6000000006242814806
Q96371303	6000000006243424045
Q96371304	6000000040979189906
Q96371304	6000000097613279844
Q96371307	6000000003015571178
Q96371310	6000000003029564257
Q96371320	6000000006242662893
Q96371361	6000000000426525615
Q96371362	6000000003937766845
Q96371365	6000000000426585739
Q96371630	6000000013248596413
Q96371631	6000000078422506828
Q96372104	6000000002930995728
Q96372105	6000000006727985981
Q96372106	6000000006727985933
Q96372107	6000000002930992494
Q96372109	6000000003075849278
Q96372110	6000000001612142766
Q96372111	6000000007804175317
Q96372112	6000000007804187223
Q96372113	6000000000834233949
Q96372118	6000000003075723552
Q96372123	6000000028567309961
Q96372124	376880753560007454
Q96372127	6000000007006575582
Q96372135	6000000003040903689
Q96372136	6000000000918951487
Q96372137	6000000006444290053
Q96372141	6000000002907494225
Q96372145	1785955
Q96372146	6000000000535182644
Q96372147	6000000006444566090
Q96372154	6000000000229585701
Q96372154	6000000207120258826
Q96372158	6000000002641637989
Q96372161	6000000001791625092
Q96372164	6000000001791619550
Q96372166	6000000002006205428
Q96372280	6000000122206784120
Q96372285	6000000122207562893
Q96372286	6000000122207491847
Q96372318	6000000006439961055
Q96372320	6000000002024227735
Q96372384	6000000000652533576
Q96372447	6000000001182737799
Q96373	6000000020817437719
Q96373355	6000000002187663491
Q96373356	6000000002187664207
Q96373357	6000000003150074794
Q96373358	6000000000251756168
Q96373608	6000000003937957001
Q96373610	6000000001664492104
Q96373615	6000000005053706556
Q96373616	6000000005053706564
Q96373617	6000000003076511504
Q96373618	6000000002883102392
Q96373784	6000000046473903996
Q96373789	313815421570004898
Q96373830	6000000003937814522
Q96373835	6000000005379235003
Q96373839	6000000003938734025
Q96373844	6000000006439961663
Q963741	6000000000470038553
Q96375	6000000031569384502
Q96375025	6000000024778769308
Q9637548	6000000003000580453
Q96375524	6000000000688966528
Q9637554	6000000169652072914
Q96375590	6000000000688983998
Q9637572	6000000026015715340
Q9637578	6000000150882709907
Q9637602	6000000032270407269
Q9637635	6000000123868356826
Q96376711	6000000006606268294
Q96376763	6000000003939484288
Q96376766	6000000003939484260
Q96376775	6000000003939484221
Q96376783	6000000002931045865
Q96376879	6000000002931126842
Q96376882	6000000024391253074
Q96376887	6000000006444999146
Q96376891	6000000006444999476
Q9637690	6000000017156334525
Q96377123	6000000001843182251
Q96377124	6000000009495242204
Q96377125	6000000009495145924
Q96377126	6000000001843182215
Q96377127	6000000000640750106
Q96377128	6000000021660628222
Q96377129	6000000002980159305
Q96377130	6000000006728143443
Q96377132	6000000008935189615
Q96377134	6000000000518041758
Q96377136	6000000001843182221
Q96377137	6000000008604270816
Q96377140	6000000024145502109
Q96377141	6000000004558476242
Q96377142	6000000002870159634
Q96377143	6000000008594013393
Q96377144	6000000024156043327
Q96377145	6000000009495055757
Q96377146	6000000001843182257
Q96377147	6000000015392431205
Q96377148	6000000007351775988
Q96377148	6000000015392417148
Q96377190	6000000003075827835
Q96377217	6000000008018122081
Q96377220	6000000000965960400
Q96377223	6000000002474211582
Q96377232	6000000000475122845
Q96377905	6000000054474758940
Q96378070	6000000001704699535
Q96378179	6000000000333398331
Q963787	6000000017097988160
Q9637884	6000000020762237938
Q96379086	6000000001356812070
Q96379101	6000000001356564095
Q96379103	6000000001356245693
Q9637918	6000000017924927312
Q9637925	4294339458660053639
Q96379336	6000000077439514191
Q9637936	6000000134573332853
Q96379383	6000000042967850392
Q9637942	6000000021718927154
Q96379732	6000000007053124213
Q96379761	6000000007041689433
Q96379843	6000000020180354213
Q96380023	6000000000944063581
Q9638022	6000000069058403891
Q9638030	6000000021504737871
Q96380422	6000000022590931881
Q96380425	6000000007417687315
Q96380430	6000000007418147502
Q96380435	6000000007418135166
Q96380439	6000000003939446422
Q96380443	6000000007418056781
Q96380448	6000000003939446309
Q9638049	6000000014566692940
Q96380524	6000000003939446356
Q96380525	6000000007053109464
Q96380527	6000000007417430055
Q96380528	6000000001043226541
Q9638184	6000000005223216012
Q9638193	6000000010010167006
Q96382264	6000000002928610697
Q96382269	6000000004351519161
Q96382274	6000000001881296016
Q96382357	6000000007283410416
Q96382388	6000000001315198748
Q96382393	6000000015367249650
Q96382394	6000000005737043283
Q96382473	6000000010487247389
Q96382474	6000000001590380733
Q96382479	6000000006907059653
Q963827	6000000008618006930
Q9638408	6000000026272929033
Q96384374	6000000000278184876
Q96384375	6000000002773107408
Q96384378	6000000005967100373
Q96384379	6000000003939385653
Q96384496	6000000014178260273
Q96384500	6000000014178247191
Q96384638	6000000007723239950
Q96384639	6000000003940131492
Q96384640	6000000002154188112
Q96384715	4931607526040105741
Q96384787	6000000018779130043
Q96384793	6000000022292232934
Q96384808	6000000022291534457
Q96384813	6000000018779582242
Q96384814	6000000003797215077
Q96384930	6000000001509283453
Q96385917	6000000006591943141
Q963875	6000000017374298916
Q963893	6000000071857866147
Q963898	6000000179946887929
Q963914	6000000017436394509
Q96393	6000000010836494348
Q9639378	6000000076713410543
Q96396	6000000025500998344
Q96396863	6000000131665635891
Q96398	6000000016621735235
Q96398241	6000000017228927917
Q9640	6000000002045454764
Q96401516	6000000156945962840
Q964028	5049861320780051709
Q964032	6000000071219784898
Q964037	6000000026269464568
Q96405	6000000014209874829
Q964050	6000000077051990928
Q964063	6000000003063882075
Q964090	6000000006080626754
Q96411	6000000026353562690
Q96411193	6000000003601124837
Q96413245	6000000002061486010
Q96413263	6000000023983326443
Q96413264	4102849764720054776
Q96413292	6000000011760761527
Q96413671	6000000007454863263
Q96413819	6000000007454545357
Q96413847	6000000006802796065
Q96413859	6000000003515954863
Q96413871	6000000003516011572
Q96413885	6000000000250104261
Q96413937	6000000002954544221
Q96413951	6000000003582515741
Q96414237	6000000000293434707
Q96414240	6000000005233084647
Q96414245	6000000024639699740
Q96414246	6000000024639823035
Q96414247	6000000024667733187
Q96414248	6000000024639655170
Q96414249	6000000007014813357
Q96414250	6000000003939060967
Q96414251	290347315140003121
Q96414252	6000000002928599249
Q96414300	6000000003939060976
Q96414305	6000000006290076903
Q96414629	6000000008130210782
Q96414670	6000000008130239518
Q96414675	6000000000250136266
Q96414683	6000000003938982574
Q96414691	6000000001168305426
Q964147	340215730790011268
Q96414708	6000000002954487568
Q96414868	6000000003937677731
Q96414972	6000000003938250657
Q96414977	6000000000250138254
Q96415	6000000015247323401
Q96415033	6000000002033858671
Q96415121	6000000003938250593
Q96415128	6000000012075194879
Q96415366	6000000008797822025
Q96415370	6000000000250512536
Q96415377	6000000000250512529
Q96415381	6000000006445913301
Q96415384	6000000004079852095
Q96415389	6000000000213353302
Q96415405	6000000000494729475
Q96415410	6000000199045455827
Q96415414	6000000001890383347
Q96415424	6000000006446022110
Q96415428	6000000009454864064
Q96415432	6000000002062673061
Q96415437	6000000000772718060
Q96415445	6000000079444941464
Q96415450	6000000010955287409
Q96415454	6000000002766589671
Q96415598	6000000003938268272
Q96415608	6000000000250594413
Q96415613	6000000003075920840
Q96415929	6000000030289957627
Q96415936	6000000000251797371
Q96416265	6000000013442806031
Q96416269	6000000014290935148
Q96416275	6000000003937796432
Q96416279	6000000003937791863
Q96416284	6000000002979999432
Q96418149	6000000005598237491
Q9641851	6000000014570473281
Q96418677	6000000035544875884
Q96418895	6000000016734247102
Q964210	6000000177651387841
Q96426975	6000000002642822409
Q96429380	6000000017846265885
Q964329	6000000036286598033
Q964345	5432373841680132061
Q964348	6000000015737903266
Q964355	6000000016585398768
Q964367	6000000056429482988
Q964371	6000000140486599887
Q964376	6000000043382306113
Q964382	6000000018121576386
Q964384	3707731
Q964396	6000000046538288965
Q96439851	6000000028428187909
Q96439852	6000000001322368569
Q96439853	6000000002950450719
Q96439854	6000000001267575087
Q96439855	6000000001230758560
Q96439856	5535151854320061938
Q96439857	5530427898410049822
Q96439858	5534315359660052144
Q96439859	6000000006126646232
Q96439860	6000000002248084624
Q96439861	6000000002950427858
Q96439864	6000000002885649102
Q96439871	6000000001126398243
Q96439872	6000000001126425163
Q96439873	6000000052269522870
Q96439875	6000000010904770120
Q96439883	6000000005598237528
Q96439887	6000000007792515176
Q96439888	6000000001430192654
Q96439889	6000000001522971426
Q96439919	6000000001180268620
Q96439920	6000000000658129435
Q96439921	6000000000542426869
Q96439923	6000000001180383353
Q96439924	6000000004079692502
Q96439925	6000000003485469424
Q96439926	6000000002898234053
Q96439927	6000000004079563469
Q96439928	6000000004079563453
Q96439929	6000000002898148061
Q96439930	6000000002898148069
Q96439947	6000000016736618650
Q96439951	6000000015029155620
Q96439953	6000000015029219902
Q96439956	6000000005923928448
Q96439957	6000000010867911778
Q96439968	6000000007264127707
Q96439969	6000000017615684637
Q96440135	6000000051281466594
Q964439	6000000030891439553
Q964454	6000000120308946850
Q964468	6000000143188235884
Q9644760	6000000026219276593
Q964493	6000000023216157884
Q964494	6000000003163705836
Q964585	6000000055418262889
Q96460385	6000000026477361052
Q964607	6000000073324571301
Q964608	6000000007033962135
Q964609	6000000007047091260
Q964611	6000000032512287649
Q96461221	6000000004079761123
Q96461234	6000000011689202280
Q96461237	6000000008944133195
Q96461742	6000000038507972803
Q96463078	6000000018821821888
Q96463079	6000000018822069675
Q96463080	6000000018821924921
Q96463081	6000000003937814893
Q96463082	6000000003937814787
Q964641	6000000118184482205
Q96464207	6000000007959920621
Q96464267	6000000011112318985
Q96464288	6000000016045105427
Q96464353	6000000017111917117
Q96464393	6000000016737399400
Q96464605	6000000027962521080
Q96464608	6000000072070674924
Q96464610	6000000025986789925
Q96464614	6000000021723846287
Q96464625	6000000080540798950
Q96464793	6000000019037989751
Q96464797	6000000018572319129
Q96464798	6000000184540050822
Q96464799	6000000064485185821
Q96464829	6000000053361016185
Q96464846	6000000010389634478
Q96464861	6000000007401627747
Q96465119	6000000011286586995
Q96465120	6000000015842813841
Q96465133	6000000179208818835
Q96465154	6000000087296064860
Q964668	6000000003006216492
Q96467980	6000000019953244127
Q96470875	6000000013090775430
Q96470876	6000000093380119893
Q96470877	6000000093380216908
Q96470878	6000000093458318865
Q96470879	6000000015794134550
Q96470880	6000000093468603848
Q96470881	6000000016383189142
Q96470882	6000000006441084384
Q96471324	6000000157505548907
Q96471916	6000000109253201850
Q96472096	6000000013919566954
Q96472301	6000000010697212821
Q96472789	6000000002789826193
Q964731	6000000028908736472
Q96474133	6000000069178531868
Q96474144	6000000013123591476
Q96474234	6000000035708442167
Q96474782	6000000013123248744
Q96475070	6000000065720381821
Q96475191	6000000013621787345
Q96475325	6000000168907035887
Q96475543	6000000041693471961
Q96475733	6000000004969859725
Q96476486	6000000011060033769
Q96476503	6000000001080327655
Q96476506	6000000001579472779
Q96476509	6000000006566856364
Q96476512	6000000004993408881
Q96476513	6000000000350982991
Q96476514	6000000001579472361
Q96476517	6000000011059962999
Q96476980	6000000068326144856
Q96477039	6000000015311070361
Q964777	6000000143821004300
Q96477710	6000000004086410761
Q96480032	6000000044217897830
Q96480064	6000000044084457824
Q96480065	6000000074931966826
Q96480066	6000000102553193843
Q96480070	6000000074931860838
Q96480072	6000000044084495835
Q96480073	6000000101115986872
Q96480074	6000000101114977071
Q96480075	6000000101114562400
Q96480082	6000000004566419199
Q96480090	6000000002529998844
Q964801	4932768124060118409
Q96480193	6000000008268889238
Q96480194	6000000001690027357
Q96480195	6000000001959070077
Q96480203	6000000037222198248
Q96480204	6000000027259604645
Q96480205	6000000027259585800
Q96480206	6000000037222165286
Q96480207	6000000022395427099
Q96480208	6000000045924042033
Q96480209	6000000017937757096
Q96480210	6000000017937766500
Q96480211	6000000017937636298
Q96480214	6000000022395427094
Q96480219	6000000004269466614
Q96480220	6000000141958671843
Q96480223	6000000006903912048
Q96480224	6000000003942772892
Q96480242	6000000011234022960
Q96480252	6000000011939119409
Q96480264	6000000101734758838
Q96480273	6000000011234244669
Q96480298	4085579690370125022
Q96480299	6000000003938303909
Q96480300	6000000003939190836
Q96480304	6000000001397234162
Q96480308	6000000012498826301
Q96480309	6000000002737477987
Q96480315	6000000001212779198
Q96480319	6000000002734140507
Q96480320	6000000002734091690
Q96480321	6000000004328438480
Q96480322	5647981725410055509
Q96480323	5647992787920055225
Q96480323	6000000175752634888
Q96480325	5648007318370137999
Q96480327	5648007386320137905
Q96480328	6000000010841923694
Q96480330	6000000004328474689
Q96480339	6000000006348949666
Q96480340	6000000003063341081
Q96480342	6000000001562946924
Q96480345	6000000009119155569
Q96480354	6000000001341683133
Q96480360	6000000003937814794
Q96480361	6000000000652181434
Q96480362	6000000006161077091
Q96480365	6000000005443357961
Q96480373	6000000059653634959
Q96480382	317324070740005035
Q96480383	6000000003796297107
Q96480384	6000000001712963819
Q96480385	6000000001362748424
Q96480386	6000000001948322383
Q96480404	6000000010459279813
Q96480405	6000000006762410271
Q96480411	6000000023295243267
Q96480412	6000000023295279146
Q96480413	6000000006348593492
Q96480414	6000000003938331497
Q96480415	6000000006348571775
Q96480416	6000000002665559610
Q96480417	6000000001170328785
Q96480419	6000000002824538779
Q96480420	6000000010398551134
Q96480421	6000000006762199625
Q96480442	6000000006444125584
Q96480443	6000000006444366282
Q96480453	5105636965130071133
Q96480455	6000000000491011998
Q96480456	6000000000618861695
Q96480488	6000000002447019761
Q96480768	6000000002447023961
Q96480790	287404451140006312
Q96481086	6000000005007627525
Q964813	6000000002031544353
Q96482	6000000175891643828
Q96482238	6000000054079619955
Q96483044	6000000000974644478
Q96483229	6000000041187134886
Q96483362	6000000022351426325
Q96484270	6000000026065789577
Q96484417	6000000046683811072
Q96484426	6000000000762807236
Q96484427	6000000083075968296
Q96484440	6000000015651604367
Q96484468	6000000006441132807
Q96484520	6000000008548553740
Q96484619	6000000100814868833
Q964857	6000000177917367854
Q96488	6000000019248660133
Q964884	6000000032514207099
Q96491	6000000055186060279
Q96492	6000000016630106342
Q964936	5203807832570079021
Q96494544	6000000008548553727
Q964959	6000000035076463398
Q964974	6000000002747810032
Q96498354	6000000024033363550
Q964993	6000000069002100900
Q965009	6000000015191437690
Q96504	6000000002023543866
Q96505	6000000008289908081
Q965067	6000000050767573920
Q96507	6000000087717353908
Q9650942	6000000162824742821
Q96511	6000000053180741904
Q96512	6000000010290725216
Q96514972	6000000001464289485
Q96515	6000000003184140438
Q96516	6000000000694882254
Q96518	6000000004956757771
Q965189	6000000025281300541
Q96520	6000000008192728682
Q965209	6000000007760436081
Q96521	6000000008105796739
Q965234	6000000122125522826
Q965234	6000000180482319863
Q9652403	6000000015773644004
Q9652573	6000000074704059999
Q96527	6000000023675908445
Q9652737	6000000074727205033
Q96528	6000000012910082425
Q965283	6000000009929230104
Q965289	6000000041639943256
Q96529	6000000024742263859
Q96530	6000000017508998016
Q965320	6000000003614978985
Q96532482	6000000195209735871
Q965335	6000000006101404773
Q9653375	6000000018462837886
Q9653395	6000000000556290222
Q965359	6000000049811004033
Q96536	6000000020443283345
Q965367	6000000052852135827
Q965379	6000000015404969804
Q96538	6000000025635941332
Q96540	6000000073402418023
Q9654403	6000000074758710944
Q965469	6000000020743941640
Q96547	6000000002188412287
Q9654708	6000000004349016744
Q9654742	6000000035846395459
Q9654776	6000000006947488009
Q9654785	6000000038013442376
Q965482	6000000026794451931
Q965495	6000000051523204079
Q965515	6000000078806349487
Q96552	6000000102348754821
Q9655205	6000000010782463856
Q9655219	6000000024158129216
Q9655248	6000000038948885918
Q9655329	6000000016071967040
Q9655335	6000000003122429498
Q9655383	6000000078854456851
Q9655453	6000000077592298235
Q9655526	6000000022021042137
Q9655623	6000000035096207447
Q96558	6000000035209457718
Q965584	6000000010764471280
Q965595	6000000086165230845
Q965634	6000000079727606619
Q9656387	6000000063215026943
Q965653	6000000005746720175
Q965659	6000000115126007517
Q965675	6000000083570608736
Q96568	6000000044072370848
Q96572	6000000044792570951
Q96572773	6000000006444515227
Q96572775	6000000003392430160
Q96572780	6000000004893292001
Q96572782	6000000000421740973
Q96572783	6000000000772828346
Q96572784	6000000000869396653
Q96572785	5251806701350071710
Q96572793	6000000000326762933
Q96572794	6000000001560073120
Q96572805	6000000000211145604
Q96572807	6000000000211148150
Q96572810	6000000004078746233
Q96572811	6000000006419465172
Q96572812	6000000003681279752
Q96572813	6000000000211145623
Q96572814	383835772790011614
Q96572818	6000000015181520697
Q96572821	6000000000769851986
Q96572823	3879969
Q96572824	6000000003942570756
Q96572825	6000000000531668215
Q96572828	6000000007418046257
Q96572836	6000000001579519012
Q96572856	6000000001495220041
Q96572858	6000000001495326155
Q96572860	6000000002954706329
Q96572872	6000000000769909120
Q96572873	6000000005582262046
Q96572874	6000000005582275119
Q96573026	6000000197701856824
Q96573028	6000000067678795821
Q96573029	6000000001959692414
Q96573030	6000000004580292775
Q96573041	6000000180030867821
Q96573077	6000000002889422097
Q96573091	6000000004096017265
Q96573138	6000000006705679877
Q96573140	6000000006705521867
Q96573141	6000000006603270405
Q96573142	6000000017337314660
Q96573143	6000000001180364865
Q96573144	6000000006099456741
Q96573145	6000000006079507371
Q96573234	6000000087547629923
Q96573235	6000000087547862919
Q96573236	6000000087547699821
Q96573238	6000000087547037934
Q965733	6000000019870722099
Q96574870	6000000191133777848
Q96574990	6000000019006839848
Q96575340	6000000003012293069
Q96575388	6000000120361791959
Q96575422	6000000024348953118
Q96576	6000000061132301821
Q96576016	6000000017414090139
Q96576541	4443364
Q965768	6000000000343437631
Q96577738	6000000016396434700
Q96577745	6000000002129355388
Q96577754	6000000029625138259
Q965788	5229377211360081298
Q965794	6000000037403825180
Q965796	6000000011819457480
Q96581203	6000000003254545246
Q965813	6000000156869148865
Q965827	6000000145222109825
Q96582952	6000000008481514934
Q96583199	6000000035766390783
Q96583769	6000000035765740597
Q96583790	6000000035767057450
Q96583849	6000000035768257844
Q96584288	6000000003793927960
Q96584298	6000000035767047311
Q965854	6000000071389700363
Q96585899	6000000008488930206
Q96585947	6000000042308845114
Q96586	6000000058285027861
Q96587	6000000216550015839
Q96587378	6000000011233187874
Q96592656	6000000040869581962
Q96592814	6000000040869226835
Q965931	6000000182569523826
Q96593387	6000000040868908262
Q96593662	6000000023548538883
Q96594	6000000019421241349
Q965945	6000000024437520210
Q96595270	6000000028657198821
Q965953	6000000000157842043
Q96595340	6000000011964547084
Q965961	6000000112076149340
Q96597465	6000000049987816019
Q96597889	6000000049987909901
Q96597901	6000000001435509501
Q96598	6000000040521013004
Q96598227	6000000049984380848
Q96598285	6000000003940093396
Q96598291	6000000003937667081
Q96598331	6000000001937851687
Q9659852	6000000124099118045
Q96600219	6000000040045610747
Q966007	6000000010742654472
Q966008	6000000002333204809
Q966018	6000000026811977753
Q96601852	6000000002511535936
Q96602129	6000000019319140081
Q96602549	6000000039889564465
Q96602551	6000000003266330599
Q96602816	6000000017808686351
Q9660289	6000000041801287461
Q966031	6000000020034255151
Q96603451	6000000016127471802
Q96603505	6000000040884791539
Q96603508	6000000008219706817
Q96603511	6000000022833566842
Q96603511	6000000027508480073
Q96603515	6000000022832999719
Q96603515	6000000027507877607
Q96603518	6000000008219531077
Q96603525	6000000007170332416
Q96603537	6000000016127490595
Q96603542	6000000007276617380
Q96603547	6000000018164871292
Q96603551	6000000007276348945
Q96603554	6000000026982600137
Q96603557	6000000026784015159
Q96603560	6000000028145290710
Q96603624	6000000007276666323
Q96603631	6000000005597467627
Q96603632	6000000002587664441
Q96603634	6000000010011077411
Q96603636	6000000016127471597
Q96603641	6000000008062324749
Q96604833	6000000132364500143
Q966054	6000000016187651278
Q96606	6000000010832420570
Q966067	6000000180594163875
Q96607128	6000000011324454717
Q96607275	6000000173849436476
Q96607293	6000000011323827145
Q96608	6000000018788584156
Q96609915	6000000031137511102
Q96610468	6000000059066414048
Q96611067	6000000037482198047
Q966116	6000000072381140833
Q96612494	6000000027283619119
Q966125	6000000008586990996
Q96612862	6000000001929390557
Q96614006	6000000019627711680
Q966182	6000000003208462855
Q9661907	6000000074768506119
Q96619740	6000000008507565346
Q966203	6000000145002390021
Q96621274	6000000002624380765
Q96621341	4035747058230020991
Q96621523	6000000002978838241
Q96621524	6000000002447351963
Q96621661	364883885440003416
Q96621665	6000000007410252794
Q96621668	6000000007410719369
Q96621677	364884935270007682
Q96621678	6000000002354717252
Q96621680	6000000015703013345
Q96621685	6000000000306759013
Q96621716	6000000008482603896
Q96621717	6000000008482607963
Q96621719	6000000009327085610
Q96621720	6000000009327192764
Q96621720	6000000125427810900
Q96621721	6000000009327105563
Q96621722	6000000009327234758
Q96621723	6000000009327049995
Q96621727	6000000008482701636
Q96621729	6000000009327301241
Q96621731	6000000009326058260
Q96621732	6000000009326009277
Q96621773	6000000008369845176
Q96621840	6000000007324976331
Q96621841	6000000003263482876
Q96621842	6000000010103812848
Q96621843	6000000003772723003
Q96621844	6000000013017687544
Q96621847	1953746
Q96621847	6000000175861924822
Q96621848	4197966139530059409
Q96621856	6000000003263482881
Q96621857	6000000068572168821
Q96621863	6000000003263482902
Q96621864	6000000003263482907
Q96621895	6000000174049953822
Q96622567	6000000178325266897
Q96623296	6000000137128223864
Q96624408	6000000016585209376
Q96624609	6000000183599779856
Q96625	6000000062315967890
Q966252	6000000009797803810
Q96625262	6000000042652850955
Q96625665	6000000011357812499
Q966261	6000000045680323974
Q96626876	6000000011777008534
Q966269	6000000001126468892
Q96627908	6000000014282732188
Q96628354	6000000019045822282
Q966293	6000000156988904835
Q96630645	6000000012493556524
Q96630798	6000000024524676702
Q96631143	6000000008237590425
Q96631280	6000000012258767975
Q96631281	6000000009805851342
Q96631282	6000000034140201435
Q96631406	6000000012955786652
Q96631407	6000000012955969811
Q96631407	6000000084197956957
Q96631408	6000000012956185516
Q96631409	6000000012955767808
Q96631410	6000000069171106167
Q96631411	6000000007776157530
Q96631412	6000000002688341805
Q96631429	6000000069482921007
Q96631431	6000000002603467108
Q96631432	6000000002603467158
Q96631571	6000000009876416070
Q96631573	6000000016931764949
Q96631574	6000000007819632237
Q96631575	6000000017839649667
Q96631577	6000000000401094823
Q96631615	6000000002889413452
Q96631615	6000000017840756974
Q96631627	6000000003686124147
Q96631673	6000000006180730328
Q96631676	6000000006180805289
Q96631677	6000000003418814058
Q96631685	6000000007401946406
Q96631686	6000000006933626069
Q96631687	6000000006931416796
Q96631690	6000000003136422754
Q96631691	6000000003136493760
Q96631692	6000000003136606490
Q96631693	6000000003136543411
Q96631694	6000000000774627156
Q96631705	6000000001070537478
Q96631712	342167734860011945
Q96631715	6000000003418791585
Q96631717	6000000001042606010
Q96631817	6000000008248373140
Q96631819	6000000008470268918
Q96632321	6000000133882839822
Q96633736	6000000183316200844
Q966340	6000000173936265029
Q96634043	6000000038909410897
Q96634080	6000000004237664797
Q96634233	6000000022323827908
Q96634288	6000000010311857359
Q96634441	6000000029060498943
Q96634629	6000000020988969541
Q96634647	6000000030246558818
Q96634648	6000000000426739427
Q966348	6000000026843605358
Q96634814	6000000002954687148
Q96635	6000000020096717909
Q96635053	6000000030247073867
Q96635095	6000000020988768670
Q96635101	6000000033748432091
Q96635736	6000000011324483149
Q96635738	6000000036118722593
Q96635748	6000000011323948085
Q96635761	6000000042705008521
Q96635763	6000000013333511863
Q96635764	6000000030246787478
Q966359	6000000001483982111
Q96635927	6000000007226192565
Q96635937	6000000012589399221
Q96636331	6000000042705304073
Q96636332	6000000042705001709
Q96636333	6000000021853341931
Q96636334	6000000003077429727
Q96636344	6000000021178115120
Q96636345	6000000021178123911
Q96636848	6000000015644910880
Q96636860	6000000021062744920
Q96636861	6000000021540015459
Q96636866	6000000026698726311
Q96636872	6000000007427919300
Q96636874	6000000011011855543
Q96636876	6000000011011756634
Q96637081	6000000003939528096
Q96637081	6000000048851951821
Q966373	6000000027447774238
Q96638927	328013232270002011
Q96638929	6000000006720457918
Q96638930	6000000002762301087
Q96638931	6000000002422302950
Q96638932	6000000007433474662
Q96638940	328010451450005412
Q96638941	328009125930002027
Q96638942	6000000003076003073
Q96638945	6000000003050883346
Q96638946	6000000003030808427
Q96638987	328009849540004661
Q96638996	6000000002931014403
Q96639215	6000000005063924357
Q96639414	328013574460004638
Q96639418	6000000000320849389
Q96639525	6000000000321494375
Q96639534	6000000000320659177
Q96639543	6000000000320673674
Q96639795	6000000000320846908
Q96639929	6000000033522255874
Q96642771	6000000024988426178
Q96642890	6000000041606365064
Q966436	6000000024526993843
Q966448	6000000054409731021
Q966474	6000000051172589031
Q966484	6000000136879287821
Q96650475	6000000003217298501
Q966506	6000000002866651679
Q96650741	6000000007070920462
Q96652442	6000000006720432071
Q96652444	6000000006720438615
Q96652518	6000000006720432061
Q96652522	6000000006295782906
Q96652523	6000000002766724671
Q96654135	6000000007581049233
Q96654386	6000000025412124250
Q96654588	6000000177771959895
Q96655913	6000000014883217157
Q966565	6000000008066972428
Q96657460	6000000159867621855
Q96657596	6000000140254458181
Q96657617	6000000018668391232
Q96657735	6000000140255629985
Q96657844	6000000014024597377
Q96657917	6000000078831050997
Q96658013	6000000014784370835
Q966588	6000000012697862135
Q966605	6000000014721720827
Q966618	6000000039402650399
Q966628	6000000001841619252
Q96664	6000000007329608196
Q9666494	6000000075501918966
Q966669	6000000021601335327
Q96667	6000000090089019873
Q966679	6000000208252499826
Q966693	6000000078449725211
Q96670	6000000150565439821
Q9667021	6000000026683490283
Q9667062	6000000014620062589
Q966708	6000000021502951795
Q96672025	6000000074350011847
Q966744	6000000024193925697
Q966745	6000000019017394476
Q966754	6000000177096980101
Q96676	6000000024550344241
Q96676354	6000000019541960399
Q966764	3986798254140029393
Q9667642	6000000016382861885
Q96676716	6000000093582759016
Q96677666	6000000013151991971
Q96677767	6000000010104350906
Q96678756	6000000000723633083
Q96679132	6000000029939704247
Q96679398	6000000173219089135
Q96679559	6000000007827460411
Q9667962	6000000028674088581
Q96679725	6000000021808247432
Q96679743	6000000006282514864
Q96679846	6000000032452380821
Q96679885	6000000001212485198
Q966843	6000000038657834293
Q966845	6000000185514201905
Q966848	6000000002324925669
Q966853	6000000163597552834
Q96686	6000000071773229954
Q966870	6000000019580598264
Q96688995	6000000022259975902
Q96689367	6000000001186988827
Q96689896	6000000003088094486
Q96690731	6000000006100358266
Q96692123	6000000002298397764
Q96692218	6000000000426714343
Q96692625	6000000004658003079
Q96692869	6000000011670934309
Q96693	4570380725990026585
Q966932	6000000142036205822
Q96693388	6000000004671635479
Q96693534	6000000001335914194
Q96693879	6000000002494827064
Q96693961	6000000003649778280
Q96693983	6000000009538885800
Q96693986	6000000009539087972
Q96693988	6000000009539584489
Q966942	6000000190729498862
Q96694324	6000000178378991970
Q96694346	6000000040628344460
Q96694365	6000000017268712169
Q966944	6000000184244626823
Q96694508	306127081980007106
Q96694567	6000000019873591064
Q96694601	6000000033864171789
Q96694786	6000000021259045191
Q96694980	6000000006201302073
Q96695056	6000000004851156162
Q96695073	6000000039888785051
Q96695170	6000000036890960352
Q96695174	6000000012482936488
Q966952	6000000003206509852
Q96695208	6000000005437496881
Q96695213	6000000000669238314
Q96695245	6000000215756401822
Q96696	6000000079063564003
Q966962	6000000081802018002
Q966972	6000000006884619074
Q96699	6000000073241051047
Q96701401	6000000039471074948
Q967015	6000000002632924273
Q967016	6000000095754554825
Q96702	6000000005735852565
Q967021	6000000142894726946
Q967040	6000000018136326637
Q96707008	6000000007191470568
Q96707066	6000000012686611391
Q96707191	6000000012686606745
Q967073	6000000008866005340
Q96708	6000000126629662851
Q96713	6000000019565153973
Q96714	6000000063562688887
Q967150	6000000182783300898
Q96715001	6000000010480667241
Q967151	6000000076825819661
Q967174	6000000137538736958
Q96718	6000000015180043141
Q96720	6000000022634571211
Q967212	6000000007151823972
Q96722416	6000000007191346014
Q967233	6000000004111209971
Q9672388	367304581170012462
Q9672426	6000000004573933280
Q96724812	6000000012983949368
Q96728594	6000000176119769840
Q9672881	6000000017132079233
Q967302	6000000002625134098
Q967325	6000000141134854359
Q96733	6000000002188601796
Q967343	6000000026011261907
Q96734496	6000000007191472623
Q967353	6000000014264154389
Q96738828	6000000035936434149
Q96738857	6000000007792033435
Q96739164	6000000007096400923
Q96739167	6000000004993593618
Q96739168	6000000003940638650
Q96739169	6000000003938270206
Q96739170	6000000000293501774
Q96739171	6000000000293431368
Q96739174	6000000007096841221
Q96739175	6000000006955043473
Q96739177	6000000006955542029
Q96739178	6000000000426624153
Q96739209	384570746300011620
Q96739210	6000000013463214405
Q96739211	6000000002898131968
Q96739314	6000000003388968517
Q96739315	6000000042661597549
Q96739316	6000000003040695251
Q96739317	6000000003040695242
Q96739318	6000000000426732360
Q96739337	6000000003938993301
Q96739338	6000000000426643739
Q96739339	6000000000426640018
Q96739340	6000000003938993163
Q96739341	6000000004316828936
Q96739350	6000000003388968501
Q96739351	6000000007086688606
Q96739352	6000000003040695136
Q96739356	6000000041888387556
Q96739358	6000000003388968371
Q96739361	6000000027289453186
Q96739362	6000000003388964476
Q96739363	6000000016956636283
Q96739364	6000000000556925630
Q96739365	6000000006101238170
Q96739379	6000000041090822100
Q96739383	6000000041090862878
Q96739384	6000000001589663236
Q96739457	6000000003868364377
Q96739458	6000000001151067804
Q96739459	6000000000688991305
Q96739460	6000000001151067836
Q96739463	6000000008222327834
Q96739464	6000000001151067859
Q96739466	6000000001151059193
Q96739467	6000000000491050500
Q96739468	6000000001151067918
Q96739469	6000000003868321867
Q96739470	6000000037770295323
Q96739471	6000000007804272000
Q96739474	6000000002043279433
Q96739477	6000000000414244647
Q96739479	6000000000807077865
Q96739480	6000000020471113612
Q96739481	4382285
Q96739483	4382461
Q96739484	4382501
Q96739485	6000000001898240595
Q96739487	6000000013332284367
Q96739488	6000000002930928391
Q96739489	6000000006444063617
Q96739490	6000000003747512152
Q96739491	6000000006725531483
Q96739492	6000000001807460065
Q96739493	6000000000834318487
Q96739494	6000000008518454546
Q96739495	6000000000834318379
Q96739496	6000000002327369775
Q96739497	6000000001807473146
Q96739498	6000000004382503342
Q96739499	6000000003030767596
Q96739500	6000000000640404602
Q96739512	6000000170038485962
Q96739524	5384579744920135414
Q96739525	6000000001500678381
Q96739542	6000000006802844701
Q96739543	6000000006802846715
Q96739544	6000000001414258964
Q96739547	6000000006827779143
Q96739549	6000000006802900514
Q96739550	6000000005053695908
Q96739555	6000000002122086726
Q96739565	383221966620002212
Q96739566	6000000006770325586
Q96739567	6000000038152021933
Q96739576	6000000006768539219
Q96739577	6000000012400209218
Q96739580	6000000006770498179
Q96739581	6000000026159362867
Q96739583	6000000001423100842
Q96739665	6000000011529335051
Q96739666	6000000002766839513
Q96739691	6000000003513668089
Q96739692	6000000002336654187
Q96739693	6000000003615962689
Q96739706	6000000009544554012
Q96739710	6000000001602492036
Q96739799	6000000008640643929
Q96739807	6000000057034679925
Q96740637	6000000027432612073
Q96740997	6000000002651860671
Q96741270	6000000017759008648
Q96741289	6000000007218974383
Q96741322	6000000022772883553
Q96741334	6000000000630306658
Q96741553	6000000004079535306
Q96741591	6000000006360234302
Q96741605	6000000004079535832
Q96741675	6000000024919600596
Q96741804	6000000012029360580
Q96741805	6000000015703611415
Q96742555	6000000006200767326
Q96742711	6000000011892733120
Q96742762	6000000002447573394
Q96743	6000000002912020430
Q967430	6000000027483637342
Q96743034	6000000019493543163
Q96743046	6000000038285336844
Q96743197	6000000007294228430
Q96743201	6000000006384182739
Q96743202	4447345492040086577
Q96743203	6000000006128097740
Q96743207	6000000009349785176
Q967454	6000000020569980877
Q96745524	6000000007996124954
Q96745532	6000000010746357948
Q96745660	6000000011157411795
Q96745678	6000000016029701137
Q96746914	6000000002447338616
Q96747212	6000000171788993836
Q96747561	6000000040411603157
Q96747665	6000000152206652838
Q96747783	6000000013052240185
Q96747911	6000000003253547055
Q96748089	6000000037398948139
Q96748361	6000000004005153820
Q96748597	6000000015893872596
Q96748701	6000000013314182639
Q96749	6000000160453856845
Q96749526	3790499
Q96749786	4822132760090061259
Q96749919	6000000081647000656
Q96749934	6000000003194726455
Q967502	6000000012568027710
Q96754043	6000000016117842925
Q96754071	6000000013219344992
Q96754106	6000000067821284872
Q96754605	6000000021263921721
Q96755298	6000000013982562282
Q967556	6000000012561085717
Q96756104	6000000000638202803
Q96756743	6000000003174904643
Q96757702	6000000087357168129
Q96757708	6000000061006071835
Q96757729	6000000023629722303
Q96757764	6000000044006747837
Q96757766	5297315101290030514
Q96757800	6000000015973479766
Q96758042	6000000028648182257
Q96758064	6000000014973550101
Q96758115	6000000011894084681
Q96758186	6000000062104441081
Q96759075	6000000019012697547
Q96759160	6000000004672491367
Q96759189	6000000008349025648
Q96759243	6000000000435357049
Q96759343	6000000066448036821
Q96759367	6000000187280389821
Q96759585	6000000001180247846
Q96760553	6000000005230256296
Q96761026	6000000003412785590
Q967613	6000000011184921655
Q96761544	6000000177954140822
Q96761707	6000000033836469233
Q96761830	6000000023886190915
Q96761870	6000000013409772848
Q96763	6000000034404979450
Q967630	6000000081240381940
Q967656	6000000029227499976
Q96767	6000000007303049295
Q967687	6000000163757951905
Q96769	6000000026117563433
Q96770	6000000059582371078
Q967700	6000000022605546974
Q967717	6000000021937082872
Q96772759	6000000009129643552
Q96775	6000000182674812824
Q96775596	6000000003151084033
Q96776084	6000000003023266244
Q96776086	6000000002821790840
Q96776087	6000000000887912853
Q96776089	6000000006444557089
Q96776091	6000000006444537953
Q96776096	6000000015281008236
Q96776097	4382557
Q96776104	6000000003747432551
Q96776133	6000000002174950912
Q96776134	4672000
Q96776136	6000000003031078955
Q96776137	6000000003747409074
Q96776138	6000000002665565756
Q96776139	6000000003031099633
Q96776195	6000000078998915155
Q96776396	6000000000535305444
Q96776442	6000000002043249418
Q96776494	6000000082727667321
Q96776518	6000000010581511992
Q96776520	6000000006100968904
Q96776526	6000000001180150421
Q96776527	6000000003616081065
Q96776646	6000000001180084096
Q96776649	6000000000948950086
Q96776651	337509544600003190
Q96776655	337509326410007067
Q96776677	6000000001180084141
Q96776678	6000000001180089308
Q96776679	6000000012419916983
Q96776681	6000000003087108827
Q96776843	6000000077751435978
Q96776848	6000000023123423977
Q96776854	6000000001384027267
Q96776907	6000000015754322704
Q96777012	6000000006378451001
Q96777023	6000000002435244249
Q96777024	6000000015483250311
Q96777025	6000000000180747140
Q96777033	6000000000180768175
Q96777034	4664569846690036703
Q96777036	6000000002677612599
Q96777037	6000000000934732633
Q96777038	6000000002338068539
Q96777039	6000000003867150669
Q96777040	6000000002293704032
Q96777045	6000000006881370313
Q96777060	5001731888370083291
Q96777531	6000000003681332242
Q96777531	6000000145156965849
Q96777533	6000000000250104089
Q96777549	6000000000320658277
Q96777551	326797616620004355
Q96777552	6000000000337376425
Q96777553	6000000003681332273
Q96777827	6000000009855554443
Q96777828	6000000002979748123
Q96777834	6000000002979858099
Q96777837	6000000008450811280
Q96777840	6000000018327798780
Q96778099	4007577767060127325
Q96778100	6000000009870415459
Q96778101	6000000006733464942
Q96778107	6000000003077480645
Q96778108	6000000020138630420
Q96778116	6000000006377273513
Q96778119	6000000002930894002
Q96778125	6000000004593203686
Q96778284	6000000000625636670
Q96778288	6000000000625842912
Q96778382	6000000000411514616
Q96778384	6000000019178190413
Q96778389	6000000019178170205
Q96778391	6000000025720417981
Q96778399	6000000002917448924
Q96778436	6000000003649083065
Q96778439	6000000002349656851
Q96778440	6000000009420839910
Q96778441	6000000009420878380
Q96778442	6000000009420861370
Q96778443	6000000011749066457
Q96778450	6000000002428448685
Q96778451	6000000000285274849
Q96778452	6000000034612464858
Q96778457	6000000002428573147
Q96778458	6000000002249329441
Q96778459	6000000000376701121
Q96778461	6000000000285252011
Q96778462	6000000000284978931
Q96778466	6000000000769880898
Q96778467	6000000000769882176
Q96778471	6000000000953565617
Q96778472	6000000006091676244
Q96778473	6000000007393452440
Q96778478	6000000007273412990
Q96778479	6000000000914507374
Q96778480	6000000000914509722
Q96778482	6000000000426523834
Q96778483	6000000009967957234
Q96778490	6000000003650111652
Q96778491	6000000003193390683
Q96778492	6000000003655603556
Q96778501	6000000003649187068
Q96778504	6000000003649107674
Q96778506	6000000009718329860
Q96778507	6000000000426523965
Q96778508	6000000000426560561
Q96778509	6000000002905124855
Q96778510	6000000005009583824
Q96778512	6000000005026502860
Q96778515	6000000002149960161
Q96778516	6000000006964264017
Q96778517	6000000007425830680
Q96778518	6000000007425647139
Q96778519	6000000002526999446
Q96778520	6000000005300959002
Q96778521	6000000000245444631
Q96778522	6000000003506159808
Q96778527	6000000003657269022
Q96778528	6000000006444307150
Q96778528	6000000040905673938
Q96778534	6000000000407078363
Q96778535	6000000007339181432
Q96778536	6000000006440556196
Q96778537	6000000003076635115
Q96778538	6000000006440536444
Q96778539	6000000003615483540
Q96778540	6000000010743963457
Q96778541	6000000006101306771
Q96778542	5577259703080027898
Q96778543	6000000006854722636
Q96778544	6000000006854974439
Q96778546	6000000000426664882
Q96778549	6000000000421565677
Q96778550	6000000000426664906
Q96778551	6000000000426525158
Q96778558	6000000000421535883
Q96778564	6000000018947306245
Q96778573	6000000022782261777
Q96778585	6000000016511844448
Q96778587	6000000021686717192
Q96778588	6000000014786185142
Q96778589	6000000014786108023
Q96778590	6000000014786000914
Q96778591	6000000014786226022
Q96778592	6000000013854484968
Q96778594	6000000076216198232
Q96778595	6000000021686622808
Q96778596	6000000021686853000
Q96778597	6000000015323153417
Q96778598	6000000017678464467
Q96778599	6000000019805185279
Q96778605	6000000019634544118
Q96778607	6000000013854587699
Q96778611	6000000016511962072
Q96778612	6000000013853793943
Q96778614	6000000013854088391
Q96778617	6000000013854098594
Q96778622	6000000036316991028
Q96778624	6000000016473026950
Q96778631	6000000073709701013
Q96778639	6000000031426974927
Q96778642	6000000100247032943
Q96778643	6000000026186055897
Q96778644	6000000022380693220
Q96778645	6000000006598823971
Q96778646	296909179680007980
Q96778648	6000000022380678226
Q96778649	6000000008330960200
Q96778654	6000000100247032948
Q96778670	6000000003076288167
Q96778671	6000000003076343278
Q96778672	6000000003076343311
Q96778673	378326526200013100
Q96778675	6000000003076068635
Q96778676	6000000001592086137
Q96778873	4803058880610069142
Q96778874	6000000003076820337
Q96778875	6000000026699357527
Q96778877	4803058903390022132
Q96778878	6000000027472359190
Q96778879	6000000004653638893
Q96778883	4829502971700044684
Q96778888	4829502989060027358
Q96778892	4846999126040121278
Q96778892	6000000032489103046
Q96778923	6000000003243433463
Q96778937	6000000009649389624
Q96778938	6000000009649553352
Q96778939	6000000003005391095
Q96778940	6000000003005036951
Q96778940	6000000191783172845
Q96778943	6000000026496777004
Q96779	6000000031363164462
Q967817	6000000106972738997
Q96781741	6000000006953432686
Q96781825	6000000078212815876
Q96782127	6000000012886222290
Q96782347	6000000017204971216
Q96782721	6000000007352583249
Q967833	6000000055893226998
Q967846	6000000001164244373
Q96787566	6000000035922120429
Q96788	6000000058186262851
Q96789315	6000000040325275124
Q96790952	6000000009215196532
Q967918	6000000015894045167
Q96792760	6000000022476380926
Q967938	6000000001610660731
Q96796	6000000181952210833
Q967969	6000000029451214965
Q96797078	6000000017128718516
Q967978	6000000007496985262
Q96798633	6000000032799611355
Q96799257	6000000019994087067
Q967998	6000000075346351860
Q96800287	6000000002027649089
Q96803002	6000000021222565017
Q96805073	6000000017191304917
Q968068	6000000014991360016
Q96807	6000000025594484682
Q96809	6000000085545616380
Q96809226	6000000081599748134
Q96809543	6000000007273300199
Q968108	6000000142676754912
Q968110	6000000152694024844
Q96811031	6000000177667642821
Q968111	6000000070858447906
Q96811698	6000000000130634277
Q968117	6000000009180978298
Q96811705	6000000015144924730
Q96811706	6000000020090617225
Q96811708	6000000002908514128
Q96811710	6000000003526025827
Q96811713	6000000001391621461
Q96811718	6000000015145655571
Q96811719	6000000003526039662
Q96811733	6000000002447381476
Q96811735	6000000002447381470
Q96811736	6000000007399512165
Q96811737	6000000007399512172
Q96811738	6000000007399988581
Q96811739	6000000020759284461
Q96811740	6000000010668504727
Q96811741	6000000004558400596
Q96811742	6000000000426543564
Q96811744	6000000007400083745
Q96811744	6000000103936145900
Q96811745	6000000007400083678
Q96811776	6000000171981425047
Q96811793	6000000171981713911
Q96811948	6000000011403858385
Q96811948	6000000110567854139
Q96811953	6000000007314834925
Q96812243	6000000026296126771
Q96812249	6000000007315024337
Q96812262	6000000026296610947
Q96812269	6000000026296078702
Q96812430	6000000006574282764
Q96812440	6000000010834641692
Q96812451	6000000019448044834
Q96812458	6000000019448130496
Q96812518	6000000000328445125
Q96812528	6000000000328445097
Q96812653	6000000004382503325
Q96812659	5657546003770112675
Q96812788	6000000000954822470
Q96812794	6000000002860727590
Q96812799	6000000000954981006
Q96812805	6000000007454748192
Q96812810	6000000002782880476
Q96812819	6000000002135597373
Q96812835	6000000006441379584
Q96812843	6000000007454748109
Q96812860	6000000000954876891
Q96812875	6000000000670363067
Q96812889	6000000003243526233
Q96812902	6000000000469126605
Q96812909	6000000000670227754
Q96812923	6000000000955073046
Q96812988	6000000002006205201
Q96813241	6000000003649626368
Q96813250	6000000003649658555
Q96813265	6000000003649641034
Q96813274	6000000003649641450
Q96813300	6000000001382713788
Q96813576	6000000028125162206
Q96813584	6000000028125347817
Q96813591	6000000028125539831
Q96813598	6000000021625481843
Q96813610	6000000021625065034
Q96813617	6000000003913791121
Q96813622	6000000004314455003
Q96813628	6000000004314313427
Q96813637	6000000002473320526
Q96813641	6000000002473464154
Q96814759	6000000060382653898
Q96815	6000000020327858873
Q96815132	6000000011595347911
Q96815141	6000000011595177721
Q96815152	6000000012911452448
Q96815159	6000000079376821999
Q96815164	6000000185336712321
Q96815171	6000000185340464849
Q96815177	6000000185339890894
Q96815184	6000000019099360187
Q96815189	6000000015917526777
Q96815222	6000000012911537252
Q968153	6000000003122374020
Q96815466	6000000008104903258
Q96815472	6000000006927482116
Q96815478	6000000006927630301
Q96815484	6000000008104903339
Q96815490	6000000003343614148
Q96815517	6000000003076085284
Q96815533	6000000000229567246
Q96815612	6000000004127914518
Q96815619	6000000004128092368
Q96815627	6000000003848973838
Q96815634	6000000004128060304
Q96815640	6000000002447374743
Q96815646	6000000002447374735
Q96815651	6000000004127962357
Q96815656	6000000004128072175
Q96815662	6000000004127943658
Q96815667	6000000004128053242
Q96815674	6000000004127968580
Q96815684	6000000002447374834
Q96815737	6000000000426573036
Q96815744	6000000002871978282
Q96816262	6000000025470215397
Q96816278	6000000009572925249
Q96816286	6000000009592915114
Q96816299	6000000013018998090
Q96816306	6000000018445182164
Q96816317	6000000021357077722
Q96816322	6000000003938297580
Q96816327	6000000003228980423
Q968166	6000000015738049992
Q96816692	6000000032799817008
Q96816701	6000000037407966048
Q96816955	6000000048025040009
Q96817296	6000000000223181771
Q96817297	6000000174120938877
Q968173	6000000038441184267
Q96817300	6000000006113427407
Q96817301	6000000007244885821
Q96817302	6000000003688449519
Q96817305	6000000007244228345
Q96817306	6000000004086566587
Q96817308	6000000004086566488
Q96817309	6000000007243788028
Q96817310	6000000007291359479
Q96817317	6000000017587718298
Q96817318	6000000017587647238
Q96817319	6000000039611536436
Q96817324	6000000003938299020
Q96817326	6000000003024248647
Q96817327	6000000003030697796
Q96817329	6000000017587672604
Q96817330	6000000003076417671
Q96817331	6000000029460550020
Q96817332	6000000002498291852
Q96817334	6000000002498661114
Q96817335	6000000017587586179
Q96817339	6000000011956102894
Q96817340	6000000011956714511
Q96817341	6000000002928580490
Q96817342	6000000002928584701
Q96817343	6000000011162480975
Q96817344	6000000027794929660
Q96817345	6000000003490616871
Q96817346	6000000000475164889
Q96817350	6000000012270533301
Q96817800	6000000003846298644
Q96817808	6000000009128603848
Q96817816	6000000004337701109
Q96817847	6000000009403857081
Q96817859	6000000024656956879
Q96817867	6000000024656479758
Q968197	6000000002955215069
Q96819790	6000000082554631838
Q96819914	6000000018231064187
Q9682	6000000003075071669
Q96820266	6000000012620266958
Q968214	6000000039870324077
Q968227	6000000010601462316
Q96825	6000000034733684024
Q968274	6000000026176982140
Q968297	6000000017212216369
Q96830202	6000000012943314818
Q968330	6000000188269481919
Q968365	6000000143253153826
Q96838	6000000013350324015
Q968412	6000000018153706937
Q96842754	6000000019180172035
Q96843	6000000013471219370
Q968439	6000000039622808510
Q96844	6000000009352433294
Q968453	6000000162606881821
Q968484	6000000002831887367
Q9685	6000000013313514628
Q96851524	6000000016205653163
Q96856	6000000025270320208
Q96856661	6000000011395175459
Q968568	6000000020640452230
Q96857	6000000015035382152
Q96858519	6000000172979336313
Q968586	6000000014710856363
Q96859	6000000032056586115
Q968608	298756360430005503
Q968620	6000000002686095439
Q968633	6000000019309843085
Q96863683	6000000001093632429
Q96863698	6000000014496519018
Q968659	6000000014303079209
Q968661	6000000044504785813
Q96867796	6000000004213549890
Q96868303	6000000045624191349
Q968698	6000000025675685958
Q968708	6000000018387587236
Q96870850	6000000013182497972
Q96870853	6000000005058643720
Q968716	6000000172380003340
Q968720	6000000039401937932
Q96873759	6000000035389440207
Q96874	6000000014221782569
Q96874446	6000000178571975839
Q968762	6000000182818194868
Q968798	6000000026844805013
Q96883	6000000022735174407
Q968837	6000000017468969058
Q968838	6000000007694915426
Q968849	6000000039131154513
Q96885156	6000000167051620217
Q96886	6000000077502020856
Q968874	6000000032767878379
Q968884	6000000023678174297
Q96891	6000000211256390927
Q96891043	6000000002764860351
Q968911	6000000017122741040
Q968920	6000000006444307207
Q968941	6000000000182082027
Q968943	6000000022648386149
Q968971	6000000021494282341
Q968993	6000000007403890046
Q96900601	6000000014724376602
Q96900695	6000000017434342010
Q969019	6000000033430748302
Q96901984	6000000056995487826
Q96902	6000000024835105953
Q969033	6000000032719842514
Q969057	6000000059437453908
Q96906835	6000000078400630398
Q96906840	6000000078401638006
Q96907085	6000000020051068320
Q969082	6000000013588176488
Q969083	6000000041340887252
Q96908878	6000000016253272850
Q96909921	6000000017546041691
Q969105	6000000002790720812
Q969131	6000000076101170821
Q96915410	6000000003042855004
Q96915414	6000000001944739071
Q96915425	6000000014254427616
Q96915474	6000000002930954167
Q96915485	6000000002931059493
Q96915692	4415592648880074278
Q96915732	323072977830006373
Q96915964	6000000003796659757
Q96915967	6000000002969937950
Q96915971	6000000003722783828
Q96915980	5432756468380028198
Q96915992	6000000093677223040
Q96915995	6000000005588001117
Q96915995	6000000053651096954
Q96916002	2896860
Q96916005	6000000000742148782
Q96916011	6000000002176540853
Q96916018	6000000000652019797
Q96916027	6000000086205813891
Q96916031	6000000041100352055
Q96916034	6000000041100352060
Q96916063	6000000007454489872
Q96916132	6000000026026845733
Q96916171	6000000010575667244
Q96916186	6000000001226955340
Q96916192	6000000000834269481
Q96916200	6000000014766294131
Q96916204	6000000014766377184
Q96916208	6000000012678588860
Q96916232	6000000012678833418
Q96916235	6000000009648652578
Q96916239	6000000012678537515
Q96916269	6000000006579880825
Q96916704	6000000002860853367
Q96916711	6000000013497521299
Q96916719	6000000013497617405
Q96916724	6000000002860853114
Q96916938	6000000013497115667
Q969172	6000000116469643825
Q969178	6000000016253027523
Q96917884	4398536645070051108
Q96917889	6000000002641636903
Q96917895	6000000000438192209
Q96917900	4190498890860126977
Q96917906	6000000006843721034
Q969183	6000000017339613181
Q96919701	6000000144006251856
Q969207	6000000007105063211
Q969220	6000000083656067086
Q96923914	6000000031370690883
Q969247	6000000166566252889
Q969253	6000000002292084048
Q969261	5308192316750049349
Q969336	6000000027538252228
Q969341	6000000031751732470
Q96935572	6000000008542727850
Q96937708	6000000024710122563
Q96939092	6000000050992396736
Q96939291	6000000169640930848
Q969393	6000000007050085941
Q96939351	6000000073617268838
Q96939449	6000000017764434014
Q969404	5321591647860020366
Q969424	6000000014384686411
Q96942438	6000000007642640625
Q96942852	6000000006100983632
Q96942875	6000000106198881838
Q96943207	6000000023951995294
Q96943441	5001436729920055418
Q96946	6000000073652252992
Q96948	6000000005599120897
Q9695	6000000015731222340
Q96951163	6000000138620190848
Q96951636	6000000019102738675
Q96951718	6000000016841307913
Q96951738	6000000009085429401
Q96951767	6000000002770537828
Q969521	6000000018484357027
Q96952118	6000000019440550547
Q96954195	6000000022044092795
Q96954511	6000000002162181247
Q969548	6000000173811962850
Q96958181	6000000013069739402
Q96958208	6000000045272257958
Q96958244	6000000020429130658
Q96959161	6000000015751210187
Q9696	6000000002880912606
Q96960392	6000000010454656739
Q969604	6000000024530418973
Q96960678	6000000014838295381
Q96960984	6000000061013609189
Q96961	6000000037106987066
Q96962535	6000000004097880110
Q96962536	6000000010028822685
Q96962552	6000000000326757440
Q96962553	6000000009506020057
Q96962557	6000000006111828427
Q96962558	331510039810011387
Q969629	6000000014208638234
Q96963453	6000000003221418342
Q96963473	6000000028316088807
Q96963489	6000000011460137602
Q96963531	6000000009006486454
Q96963535	6000000007776765949
Q96963539	6000000007776528930
Q96963544	6000000003870684882
Q96963545	6000000003870466832
Q96963546	6000000003871030279
Q96963547	6000000003870490638
Q96963553	6000000002352481128
Q96963557	6000000002352588700
Q96963558	6000000003385348062
Q96963560	6000000003871279132
Q96963561	6000000021355179076
Q96963567	6000000002897658654
Q96963568	6000000011100036172
Q96963570	6000000003870526986
Q96963581	6000000003871261192
Q96963582	6000000105286204885
Q96963591	6000000004110250829
Q96963592	6000000009343443075
Q96963594	6000000015604033906
Q96963595	6000000015625014781
Q96963597	6000000000987212561
Q96963598	6000000015625269343
Q96963600	6000000105284493139
Q96963601	6000000105285986858
Q96963609	6000000105286041881
Q96963622	6000000003870620677
Q96963652	6000000021617753841
Q96963656	6000000018482334495
Q96963659	5534197702010089352
Q96963660	6000000002905454189
Q96963661	6000000002905340186
Q96963662	6000000002905397265
Q969638	6000000032655559274
Q96964072	6000000038176366606
Q96964079	6000000033045905319
Q96964089	6000000026337132473
Q96964092	6000000026337026691
Q96964095	6000000173831466400
Q96964101	6000000026337021286
Q96964104	6000000033045930206
Q96964140	6000000038176351738
Q96964202	6000000018788506805
Q96964206	6000000023418787969
Q96964233	6000000003937822123
Q96964238	6000000003937822195
Q96964243	346163200470011914
Q96964252	6000000001544505899
Q96964292	6000000018788689498
Q96964295	6000000018788745202
Q96964298	6000000007963068715
Q96964303	6000000057395108990
Q96964307	6000000010050025371
Q96964313	6000000049665608005
Q96964379	6000000008796488897
Q96964504	6000000061014036906
Q96964523	308503726910004378
Q96964533	6000000103425910101
Q96964844	6000000206823147842
Q969658	377691812420012492
Q9696708	6000000015518812275
Q9696726	6000000017710495886
Q9696810	6000000065559141838
Q9696835	6000000011907601393
Q969685	6000000010466572546
Q9696869	6000000004097944656
Q9696888	6000000098910538843
Q9696896	6000000016073509334
Q9696899	6000000016038514995
Q9696914	6000000083232000071
Q969702	6000000071426076511
Q96970473	6000000018647456525
Q96970535	6000000063326417847
Q9697054	6000000052205594937
Q96970569	6000000010119528332
Q96970616	6000000020971462088
Q96970617	6000000001681667858
Q96970618	6000000005047944618
Q96970745	6000000006719658516
Q96970747	6000000006719658512
Q96970749	6000000006719658508
Q96970751	6000000006719658504
Q96970752	6000000006719658500
Q96970754	6000000006907055138
Q9697108	6000000023185682811
Q9697135	6000000008231046322
Q9697140	6000000077297313557
Q96971505	6000000016399789018
Q9697151	6000000006947245142
Q9697167	6000000168820545869
Q9697170	6000000002194458885
Q96971923	6000000017759452286
Q96972	6000000004097564265
Q9697257	6000000017433861004
Q9697303	6000000026464637063
Q9697353	6000000008250991333
Q9697360	6000000105736348445
Q9697362	6000000021916662006
Q9697363	6000000020909601360
Q9697379	6000000014607893706
Q9697386	6000000039205555921
Q969739	6000000009028754554
Q9697395	6000000003149041992
Q9697417	6000000020329941287
Q9697421	4059118721900046925
Q969743	6000000007337729808
Q9697432	6000000020748856590
Q969753	4235007
Q969757	6000000022905695675
Q9697604	6000000159697010825
Q9697659	6000000172013362958
Q96977478	6000000016523360739
Q969776	6000000048069765997
Q969797	6000000015343372165
Q96981322	6000000000916250757
Q96981324	6000000000916302472
Q96981326	6000000008258559436
Q96981329	6000000008981231138
Q96981332	6000000000916471110
Q96981333	6000000000484304672
Q96981341	6000000006369894762
Q96981360	6000000002512246096
Q969815	6000000006782509560
Q96981769	6000000008062230721
Q96982060	6000000005992995002
Q96982583	6000000007562540701
Q96982585	6000000006442389903
Q96982587	6000000003938803317
Q96982588	6000000006442409219
Q96982590	316332130010006546
Q96982590	6000000120395333821
Q96982606	6000000003221418361
Q96983	6000000004095760910
Q96983635	6000000000250511413
Q96983636	3100647
Q96983723	6000000003940605198
Q96983724	6000000003938268223
Q96983779	6000000008252081239
Q96983781	6000000008251920826
Q96983783	6000000008251873806
Q96983786	6000000000934712181
Q96983789	6000000008252023403
Q96983790	6000000008251830168
Q96983821	5551517017300064933
Q96983824	5551502601080054582
Q96983825	5551502682870054588
Q96983826	6000000000277004850
Q96983827	6000000000277127454
Q96983829	6000000002603595357
Q96983838	6000000002766511688
Q96983839	6000000002946661124
Q96983840	6000000002946675506
Q96983841	6000000013244612373
Q96983843	6000000006174923172
Q96983845	6000000009487161308
Q96983846	6000000002315690937
Q96983847	6000000008344195102
Q96983851	6000000002790927227
Q96983852	6000000000438528089
Q96983856	6000000002976812093
Q96983858	6000000000967082266
Q96983889	6000000007015480020
Q96983891	6000000084450824888
Q96983895	6000000006444652327
Q96983899	6000000006446008862
Q96983903	5657622865930024007
Q96983907	6000000002603460594
Q96983910	6000000007601132012
Q96983922	6000000004972818647
Q96983958	6000000011545908467
Q96983976	6000000012601749631
Q96984292	6000000001843266746
Q96984300	6000000001843266684
Q96984305	6000000011174382597
Q96984309	6000000011174289524
Q96984330	6000000007601131887
Q96984385	6000000008978937155
Q96984386	6000000006444529704
Q969844	6000000027968369614
Q96984783	6000000001316205710
Q96984787	6000000006907024743
Q96984802	6000000006802513918
Q96984814	6000000006444200025
Q96984826	6000000006444200034
Q96984830	6000000012622677080
Q96984835	6000000003108841282
Q96984839	6000000003942646442
Q96984842	6000000003942646343
Q96984920	6000000003183309028
Q96984925	6000000003151787126
Q96984936	6000000003151787132
Q96984939	6000000003184831042
Q96984988	6000000001473679355
Q96984991	6000000001473559719
Q96985	6000000013529885598
Q96985002	6000000002860952306
Q96985005	6000000004630921776
Q96985013	6000000002265328828
Q96985016	6000000010313608291
Q96985043	6000000000337357533
Q96985044	6000000001121982469
Q96985046	5682401203260061463
Q96985047	6000000002916748794
Q96985049	6000000002916754748
Q96985052	382774814130012360
Q96985053	6000000003617703553
Q96985053	6000000006376446567
Q96985055	6000000022553474531
Q96985063	6000000000007765703
Q96985065	342311932750007346
Q96985102	6000000002715767872
Q96985104	6000000005415329597
Q96985106	6000000005415134992
Q96985109	6000000000953563875
Q96985112	6000000005415072667
Q96985113	6000000002713354910
Q96985114	6000000002713386915
Q96985119	6000000029878034207
Q96985120	6000000009162588447
Q96985122	6000000000003356548
Q96985135	6000000000484323599
Q96985157	6000000030625452579
Q96985159	6000000006441379622
Q96985168	6000000003495159036
Q96985170	6000000006440792441
Q96985172	6000000006440792445
Q96985173	6000000003296475059
Q96985175	6000000006441379249
Q96985196	6000000003076891983
Q96985199	6000000000278189182
Q96985200	6000000012472652875
Q96985202	6000000002588402910
Q96985203	6000000001287733166
Q96985205	6000000000318553566
Q96985206	6000000006728052798
Q96985208	6000000002803927564
Q96985209	6000000006837584021
Q96985209	6000000163740138047
Q96985213	6000000005620519337
Q96985215	6000000001583368676
Q96985219	6000000012548344267
Q96985223	6000000000658947252
Q96985249	6000000003368613577
Q96985250	6000000000640017119
Q96985253	6000000002073511761
Q96985264	6000000000640017130
Q96985280	6000000020154283389
Q96985282	6000000003076487337
Q96985283	6000000009200162313
Q96985284	6000000000278186656
Q96985347	6000000001475241055
Q969855	6000000163834382186
Q969861	6000000085311903099
Q969881	6000000141025202821
Q969896	6000000013319930055
Q969913	6000000181961575842
Q96992165	6000000018910904537
Q969944	6000000027670233884
Q96994495	383194373970007441
Q969950	6000000135531476978
Q96995346	6000000100884246917
Q96996	6000000044614037072
Q96996356	6000000019199356712
Q96996661	5421889160020058320
Q969969	6000000002805344932
Q9700	6000000075059949348
Q97000016	6000000196482926836
Q97000240	6000000010651426359
Q970016	6000000002003761965
Q97003006	6000000177010478873
Q970034	6000000037154227378
Q97004	3771732
Q97005086	6000000071382080910
Q97006114	6000000017198828909
Q97006118	6000000025509567861
Q97006126	6000000039548133834
Q97006158	6000000003680717140
Q97006365	6000000003239281097
Q97006746	6000000048749055944
Q97006825	6000000192295671828
Q97006847	6000000055206617018
Q97006857	6000000209240647832
Q97006918	6000000174839583949
Q97006946	6000000014069635410
Q97006967	6000000030502041999
Q97006978	6000000014016878619
Q97007005	6000000023770180269
Q97007158	6000000013157470414
Q97007164	6000000050834796866
Q97007272	6000000027103533859
Q97007322	6000000021639290053
Q97007419	6000000003273396093
Q97007512	6000000025239180334
Q970076	826743
Q97007648	6000000087363928874
Q97007660	6000000185993399996
Q97007894	6000000059394581881
Q97007896	6000000074677873853
Q97007898	6000000059394522933
Q97007899	6000000000664334888
Q97007901	6000000056120613950
Q97007902	6000000000146095690
Q97008243	6000000003940257348
Q97008244	6000000009833904930
Q97008248	6000000007454372776
Q97008252	6000000003940314374
Q97008254	6000000003939345907
Q97008255	6000000012105923886
Q97008388	6000000003615483672
Q97008404	6000000003615483658
Q97008413	6000000003615483644
Q97008423	6000000003615483630
Q97008427	6000000003076383603
Q97008518	6000000002106551298
Q97008558	6000000003615483746
Q97008565	6000000006444270936
Q97008628	6000000004079710235
Q97008700	6000000003076859116
Q97008702	6000000000769902776
Q97008704	6000000000769902756
Q97008750	6000000002005831369
Q97008751	4943196228120038500
Q97009420	6000000006963908712
Q97009436	6000000011056233771
Q97009437	6000000011056255343
Q97009465	6000000000333913392
Q97009469	6000000019731974152
Q97009471	6000000000333770458
Q97009472	6000000000539790656
Q97009473	6000000018872383358
Q97009475	6000000000540005617
Q9701	6000000075061209887
Q97010098	6000000024852534544
Q97010937	6000000014024186938
Q97011204	6000000077807778129
Q97011418	6000000056690268055
Q97011820	6000000081189129032
Q97011845	5646305451620103281
Q97012103	6000000090781582440
Q970135	6000000008141404348
Q97013525	6000000014784482060
Q97013864	6000000008470835795
Q97013865	6000000008470940600
Q97013866	6000000008471003547
Q97014231	6000000008598666721
Q97014285	6000000029383819821
Q97014291	6000000029383402431
Q97014352	6000000029497145885
Q97014614	6000000058921415250
Q97014711	6000000017209400182
Q97014742	6000000015655370084
Q97014905	6000000025410689204
Q97015	6000000005599189474
Q97015149	6000000076623532075
Q97015564	6000000007427589556
Q97015725	6000000005250935554
Q97016055	6000000039615739061
Q97016056	6000000039615878055
Q97016057	6000000039616049939
Q97016058	6000000039616065994
Q97016059	6000000002150433179
Q97016060	6000000002150389157
Q97016061	6000000000351068457
Q97016062	6000000000350936964
Q97016112	6000000020882501513
Q97016113	362137040370007957
Q97016114	362720952210012844
Q97016119	362721550720012805
Q97016120	362722460730006357
Q97016121	362137697750011923
Q97016123	6000000077195951022
Q97016125	6000000116846465953
Q97016126	6000000008808478915
Q97016218	6000000006339673425
Q97016222	5460257091490053892
Q97016229	6000000003210285386
Q97016230	6000000003210292428
Q97016517	6000000059310131322
Q97016560	6000000017223933490
Q97016591	6000000013564145579
Q97016611	6000000000251824709
Q97016671	6000000000251824208
Q97016672	6000000000251875621
Q97016694	6000000002764431257
Q97016772	6000000004593024697
Q97016773	6000000001180203166
Q97016774	6000000000735554002
Q97016800	6000000031860745066
Q97016886	6000000179787335821
Q970183	6000000011518520560
Q97019542	374026662160013531
Q9701991	6000000081650493545
Q9701994	6000000079300225987
Q97020783	6000000018171438690
Q970223	6000000014227777233
Q97022864	6000000032835158887
Q970229	6000000184155493832
Q97023292	6000000141044469871
Q97023997	6000000130451025845
Q970245	6000000025499975750
Q970253	6000000002487209902
Q970271	6000000181812680851
Q970272	6000000027755717877
Q970276	6000000015063630295
Q9703	6000000074767088371
Q970324	6000000003388713602
Q97033	6000000003827467170
Q970332	6000000010628432617
Q97034646	6000000029163421316
Q97035138	6000000008993636741
Q970354	6000000022916112468
Q97036	6000000019677112089
Q970361	6000000205442730858
Q970375	6000000022496038882
Q97038182	6000000102505733070
Q97039	6000000020352395118
Q97039017	6000000017758053875
Q970400	6000000136801143823
Q97040237	6000000004140526937
Q97040290	6000000004140645440
Q97040295	6000000004140743092
Q97040423	6000000010651195207
Q97040424	6000000017544318417
Q97040425	6000000043486474015
Q97040426	6000000017545168662
Q97040431	6000000010771479431
Q97040604	6000000016153028070
Q97040797	6000000019546415641
Q97040806	6000000003939777910
Q97040807	6000000000491107735
Q97040808	6000000006907047349
Q97040941	6000000000315761572
Q97040951	6000000000315761951
Q97041008	6000000083234790000
Q97041103	6000000003939777917
Q97041111	6000000004107548585
Q97041379	6000000017546680114
Q97041380	335948150190012711
Q97041382	6000000001688748935
Q97041384	6000000011469826220
Q97041386	6000000001704683726
Q97042008	6000000014040270406
Q97042009	6000000014040224446
Q97042531	6000000017805539011
Q97042540	6000000017876913964
Q97042550	6000000024805534851
Q97042564	6000000024805509936
Q97042565	6000000024805573076
Q97042566	6000000024805564027
Q97042568	6000000024932820915
Q97042581	6000000011146063084
Q97042582	6000000011146119640
Q97042812	6000000037323871807
Q97042812	6000000037347695386
Q97042812	6000000160267868824
Q97042860	6000000006788317388
Q97042886	6000000009913575204
Q97042898	6000000000614402182
Q97042901	6000000000614278612
Q97042904	6000000000357060699
Q970434	6000000014661967489
Q97044794	6000000047500714888
Q970449	6000000017729100378
Q97045	6000000023821852126
Q970455	6000000002542732409
Q970490	6000000022263251914
Q97051	6000000046718479143
Q970539	6000000013292939851
Q970544	6000000151632926456
Q970550	6000000128843177832
Q97057655	6000000008439106830
Q97060228	6000000008993479834
Q970611	6000000021930608613
Q97062162	6000000004034043982
Q97063608	6000000003345549509
Q97064344	6000000004096493169
Q97065	6000000109829707832
Q97065561	6000000019065579354
Q97065583	6000000028524864989
Q97065845	6000000023059821956
Q97065944	6000000014941496533
Q97066	6000000008916207324
Q9706664	6000000049656407887
Q970679	6000000069403239822
Q97067934	6000000011626204308
Q97068068	6000000000597998779
Q97068082	6000000008115267987
Q97068085	6000000018108698001
Q97068087	6000000008073479738
Q97068099	6000000002939168500
Q97068102	6000000002352478958
Q97068113	6000000000597998772
Q97068114	6000000000597998758
Q97068115	6000000000597998744
Q97068116	6000000000597998730
Q97068117	6000000000597998681
Q97068121	6000000000597998723
Q97068123	6000000026104645256
Q97068124	6000000026104954874
Q97068126	6000000005093119702
Q97068127	6000000000597998737
Q97068128	6000000000597998751
Q97068129	6000000000597998765
Q97068137	6000000009298908391
Q97068138	6000000197260784852
Q97068316	6000000002447267133
Q97068323	6000000003604083420
Q97068326	6000000003604083427
Q97068329	6000000002744528173
Q97068335	6000000002744581059
Q97068338	6000000002743731536
Q97068342	6000000002744490820
Q97068346	6000000002768052201
Q97068349	6000000002767775814
Q97068353	6000000002767245957
Q97068370	6000000000040631420
Q97068379	6000000006443909144
Q97068440	6000000003867506027
Q97068444	6000000003867319524
Q97068448	6000000006435237884
Q97068453	6000000006435318647
Q97068457	6000000006435537160
Q97068461	6000000006435031851
Q97068465	6000000012429339506
Q97068470	6000000006435537166
Q97068479	6000000006435318653
Q97068482	6000000006436107311
Q97068484	6000000027297105813
Q97068486	6000000008115015638
Q97068488	3454042
Q97068490	6000000006435237890
Q97068491	6000000003867475071
Q97068494	6000000003867430041
Q97068496	6000000003867359238
Q97068498	6000000006435730260
Q97068503	6000000006435626345
Q97068505	6000000006435745251
Q97068523	6000000001290668192
Q97068527	6000000006985303272
Q97068529	6000000003137516864
Q97068534	6000000004076245898
Q97068536	6000000002615758490
Q97068538	6000000005910248456
Q97068541	6000000005910248474
Q97068543	6000000003694431562
Q97068550	6000000001290672045
Q97068573	6000000001354312784
Q97068575	6000000003138386015
Q97068579	6000000013312616653
Q97068581	6000000002938770861
Q97068592	6000000009412080245
Q97068595	6000000004005554770
Q97068634	6000000003299113036
Q97068668	6000000007381982256
Q97068670	6000000008760697561
Q97068676	6000000003138244383
Q97068677	6000000003138385309
Q97068681	6000000005945426064
Q97068685	4124885118750010388
Q97068686	5199695826140041452
Q97068778	6000000019801525457
Q97068944	6000000022146473575
Q97068989	6000000026727186290
Q97068991	6000000026727341072
Q97068996	6000000026725720507
Q970690	6000000019456769732
Q97069001	6000000026725593774
Q97069007	6000000002723705491
Q97069034	6000000003946183560
Q97069039	6000000060235255926
Q97069044	6000000008405239594
Q97069048	6000000003946887353
Q97069052	6000000008405425210
Q97069056	6000000008405393376
Q97069061	4420738959990086767
Q97069065	6000000003946997004
Q97069069	6000000003946327033
Q97069107	6000000022146587512
Q97069146	6000000074927214043
Q97069148	6000000074927208981
Q97069164	5330068659070085016
Q97069203	6000000147844630863
Q97069215	6000000008115132993
Q97069218	6000000001745518483
Q97069220	6000000001245033494
Q97069223	6000000001245033501
Q97069226	6000000006112517317
Q97069266	6000000022146476751
Q97069268	6000000192045324835
Q97069270	6000000193088861988
Q97069280	6000000193089749839
Q97069281	6000000192045159845
Q97069283	6000000193089105900
Q97069284	6000000193089535828
Q97069285	6000000022146865823
Q97069286	6000000192045323831
Q97069287	6000000002480542077
Q97069308	6000000192044790854
Q97069309	6000000193081570830
Q97069311	6000000216982140892
Q97069312	6000000029732719794
Q97069313	6000000029735534187
Q97069317	6000000193081530850
Q97069352	6000000000987223143
Q97069353	6000000002512549772
Q97069356	6000000003300022941
Q97069360	6000000003298696708
Q97069393	6000000002352547457
Q97069394	6000000002939141477
Q97069408	6000000013453752528
Q97069421	6000000003906969575
Q97069423	6000000000403039678
Q97069435	6000000008115683191
Q97069457	6000000003869836934
Q97069458	6000000006365310114
Q97069459	6000000002855477657
Q97069461	6000000185425608831
Q97069463	6000000086081531871
Q97069484	6000000006824372018
Q97069488	6000000006824115457
Q97069490	6000000007005305324
Q97069491	6000000005092778456
Q97069492	6000000005092903543
Q97069497	6000000007170646292
Q97069498	6000000005402748022
Q97069501	6000000005092952735
Q97069502	6000000005093129114
Q97069503	6000000003424904723
Q97069504	6000000003424904735
Q97069505	6000000005093162060
Q97069507	6000000005794353040
Q97069508	6000000013103093266
Q97069522	6000000040532148643
Q97069539	6000000005910385294
Q97069540	6000000004005608579
Q97069543	6000000003300017255
Q97069546	6000000012631943619
Q97069547	6000000003570774127
Q97069550	6000000026588086856
Q97069551	6000000001353796717
Q97069553	6000000000987210314
Q97069554	6000000011644877208
Q97069555	6000000003101726920
Q97069566	6000000002976761128
Q97069569	6000000003123648823
Q97069601	6000000002639350714
Q97069604	6000000003636341325
Q97069629	6000000069601891975
Q97069632	6000000011940946481
Q97069652	6000000003875375587
Q97069724	6000000002409555871
Q97069726	6000000002939248980
Q97069728	6000000011373005807
Q97069738	6000000006198628227
Q97069743	6000000006198854066
Q97069768	4985241896910044380
Q97069780	4985241931660044386
Q97069795	6000000003484262787
Q97069800	6000000000110166303
Q97069824	6000000002352478795
Q97069830	6000000006201212111
Q97069838	6000000003469789402
Q97069840	6000000005092913345
Q97069844	6000000005092913578
Q97069846	6000000003469834618
Q97069871	6000000001303541259
Q97069873	6000000001303725912
Q97069876	6000000002955005601
Q97069878	6000000001303741248
Q97069889	6000000006801663665
Q97069894	6000000007338907287
Q97069905	6000000002544369686
Q97069909	388863720680002012
Q97069915	6000000001755806382
Q97069918	6000000001755722061
Q97069920	6000000001755615794
Q97069922	6000000010638829764
Q97069930	6000000001533029010
Q97069937	6000000003881839023
Q97069939	6000000003881662485
Q97069960	6000000003079346719
Q97069961	6000000002684930353
Q97069964	6000000007241757377
Q97069965	6000000003210392579
Q97069966	6000000002684930526
Q97069967	359386212260007372
Q97069968	4865365299760056230
Q97069969	4865365283420056224
Q97070105	6000000006441519879
Q97070109	6000000004327470928
Q97070110	6000000003570614671
Q97070112	6000000001386379058
Q97070113	4344526234670019539
Q97070120	6000000000155796505
Q97070141	6000000006444283031
Q97070142	6000000006444283046
Q97070204	6000000005597281122
Q97070222	6000000005597281199
Q97070227	335294684080006076
Q97070310	6000000020020487052
Q97070321	6000000032934089232
Q97070480	6000000003333343336
Q97070489	6000000001151067524
Q97070492	6000000003858716586
Q97070493	6000000003858478682
Q97070494	6000000002930878216
Q97070495	6000000002930878155
Q97070497	6000000006444679986
Q97070498	6000000006444513151
Q97070499	6000000007953396243
Q97070502	6000000003147068971
Q97070503	6000000003147068959
Q97070504	6000000000437780726
Q97070505	6000000000437780736
Q97070506	6000000003311740292
Q97070510	5341826784410074568
Q97070515	6000000009915998293
Q97070517	6000000001481355540
Q97070518	6000000001481355548
Q97070531	6000000004948347097
Q97070534	6000000001540786358
Q97070535	6000000075484790900
Q97070537	5324359726780067382
Q97070539	5324371324010030118
Q97070540	6000000002909130459
Q97070541	6000000003077310093
Q97070544	6000000001386210485
Q97070556	6000000002447358723
Q97070557	6000000002447358707
Q97070558	6000000002447358691
Q97070559	6000000002447358676
Q97070560	6000000002447358668
Q97070565	6000000002447358683
Q97070566	6000000011285853910
Q97070567	4876051870540057434
Q97070568	4876051883290057440
Q97070569	6000000011285869741
Q97070594	6000000012213656114
Q97070595	6000000027987668420
Q97070596	6000000006452776235
Q97070597	6000000000112106057
Q97070598	6000000006452355843
Q97070599	6000000004021241378
Q97070600	6000000011517294406
Q97070601	6000000002518281183
Q97070603	6000000002580321464
Q97070604	6000000004295280419
Q97070605	6000000004970113236
Q97070606	6000000004295150800
Q97070614	6000000001959070143
Q97070637	6000000001540669615
Q97070654	6000000006290291884
Q97070662	6000000003147003403
Q97070672	6000000002908877429
Q970707	6000000006086845001
Q97071237	6000000021545368999
Q97071240	6000000005124118010
Q97071244	6000000007034637160
Q97071245	4212458277160033640
Q97071247	6000000000025247370
Q97071248	6000000003243276944
Q97071249	5251798142570106540
Q97071250	6000000000640191935
Q97071251	6000000002870175464
Q97071256	6000000001180117753
Q97071277	6000000007946449036
Q97071279	6000000034834339870
Q97071281	6000000001198455238
Q97071282	6000000014694317769
Q97071283	324709983750005480
Q97071284	324709602560001607
Q97071289	324706898510006402
Q97071290	6000000005963293415
Q97071291	6000000005782934247
Q97071292	324707016730001653
Q97071295	6000000009405501595
Q97071297	6000000000323092902
Q97071339	4689305037480066965
Q97071341	6000000010124177426
Q97071344	6000000024319667533
Q97071347	6000000004993472681
Q97071354	6000000001382785272
Q97071355	6000000010123697917
Q97071357	6000000010123611813
Q97071358	4024758192160045044
Q97071359	6000000000875595875
Q97071362	6000000001316395352
Q97071363	6000000001316185910
Q97071372	6000000030690373210
Q97071378	6000000024320650843
Q97071386	6000000002666310109
Q97071389	6000000002666415362
Q97071392	6000000006907024483
Q97071395	6000000003075923920
Q97071396	6000000001383117209
Q97071398	6000000001383117202
Q97071401	6000000001383117195
Q97071403	6000000001383117114
Q97071404	6000000001383117107
Q97071405	6000000001383117091
Q97071407	6000000001383111887
Q97071409	6000000001383111880
Q97071410	6000000001383111255
Q97071412	6000000001383117551
Q97071413	6000000000419100959
Q97071414	6000000001383117084
Q97071416	6000000001578840263
Q97071417	6000000008260462597
Q97071419	6000000001220153136
Q97071420	6000000008260485436
Q97071421	6000000003634922213
Q97071423	6000000001383147367
Q97071435	6000000007014964763
Q97071437	6000000016720812505
Q97071438	6000000016720549531
Q97071439	6000000016720659398
Q97071441	6000000009036840727
Q97071443	6000000009036795057
Q97071444	6000000004978210006
Q97071445	6000000004978115849
Q97071447	6000000009037088342
Q97071448	6000000009036698962
Q97071449	6000000002798629913
Q97071450	6000000009036904773
Q97071451	6000000016720950373
Q97071453	6000000008936318360
Q97071455	6000000008936172470
Q97071458	6000000007014963909
Q97071459	6000000007015402157
Q97071460	6000000007015420097
Q97071462	6000000007015216439
Q97071463	6000000007015447125
Q97071469	6000000007015538001
Q97071470	6000000028791133150
Q97071471	6000000029960752308
Q97071473	6000000029960906249
Q97071474	6000000029960906257
Q97071477	6000000029961079905
Q97071482	6000000076740723501
Q97071484	6000000030927338554
Q97071485	6000000030927505250
Q97071486	6000000030927680834
Q97071498	374318540990004404
Q97071503	4689323465380075364
Q97071503	6000000105126845821
Q97071508	4689311141690066747
Q97071717	6000000002930905435
Q97071721	6000000002005740492
Q97071724	6000000006713358296
Q97071727	6000000003075927096
Q97071845	6000000004237054082
Q97071848	6000000003615466732
Q97071880	6000000001579469768
Q97071916	6000000020136242081
Q97071943	331772393640001668
Q97071946	6000000002556864169
Q97071954	309946416270005684
Q97071958	6000000003938276863
Q97072008	6000000006422192907
Q97072013	6000000007393442571
Q97072021	6000000006422159874
Q97072025	6000000006422159887
Q97072028	6000000003495175063
Q97072034	6000000000919128061
Q97072037	6000000002315691078
Q97072040	6000000006422120299
Q97072043	6000000002580588705
Q97072047	6000000001473084545
Q97072074	6000000010518464554
Q97072079	6000000011643985146
Q97072082	6000000010518464505
Q97072086	6000000000951149861
Q97072089	6000000010517667135
Q97072093	6000000001383089875
Q97072100	6000000001473244228
Q97072103	343964807470004642
Q97072105	6000000011643788633
Q97072106	6000000011643885436
Q97072107	6000000011644023526
Q97072108	6000000011644034496
Q97072109	6000000011647340091
Q97072118	6000000030732177996
Q97072119	4641603716070021012
Q97072120	6000000006907011301
Q97072121	6000000000834398471
Q97072122	6000000006720014054
Q97072123	6000000030731788711
Q97072128	6000000000436628324
Q97072147	4921644845290035743
Q97072150	4921640052970049196
Q97072151	6000000008367195391
Q97072153	6000000004873076565
Q97072157	6000000000484621986
Q97072158	6000000008367066923
Q97072159	6000000008366881978
Q97072160	6000000009762981791
Q97072162	6000000007601901211
Q97072163	6000000009763160486
Q97072164	6000000009764996319
Q97072166	6000000008367148341
Q97072167	6000000007605219593
Q97072168	6000000003277890495
Q97072169	6000000003490473198
Q97072170	6000000007604787331
Q97072176	6000000005588036131
Q97072177	6000000002176550770
Q97072178	6000000000795180389
Q97072184	6000000000966212585
Q97072188	6000000002666192418
Q97072189	6000000001923237753
Q97072191	6000000000951137259
Q97072192	6000000018173117694
Q97072195	6000000001531365134
Q97072196	6000000000966212400
Q97072197	6000000004087608138
Q97072198	6000000004087483829
Q97072200	6000000005621666329
Q97072201	6000000001650368398
Q97072203	5226791915720127892
Q97072204	6000000003195103882
Q97072207	6000000000845474324
Q97072210	6000000004881025810
Q97072424	6000000001690059115
Q97072428	6000000001690059063
Q97072432	6000000001690055369
Q97072436	6000000006739875403
Q97072439	6000000001690059465
Q97072442	6000000001690059484
Q97072470	6000000054012994833
Q97072473	6000000054012992872
Q97072507	6000000001690059710
Q97072517	6000000001690059725
Q97072520	6000000001354187227
Q97072524	6000000001354144311
Q97072528	6000000001690059505
Q97072532	6000000006444432574
Q97072538	6000000002930878890
Q97072541	4656104737440035284
Q97072888	6000000006776522742
Q97073448	6000000161654273845
Q97073916	6000000062831752901
Q97074	6000000027038668856
Q970745	6000000033096688059
Q97075	6000000019731498070
Q97077	6000000016303567692
Q97078409	6000000039347669406
Q97079	6000000026710709949
Q970796	6000000026186942034
Q97080	6000000035942697009
Q97084	6000000028062947791
Q97086	6000000001335735909
Q97088	6000000037134392010
Q970881	6000000014015021831
Q97088489	6000000033459739556
Q97088536	297410926870006355
Q97088537	297410917660002790
Q97088542	6000000000438528225
Q97088763	6000000002447336483
Q97088778	6000000002447336467
Q97088791	6000000000579318360
Q97088804	6000000006444266344
Q97088813	6000000002447336475
Q97088864	6000000002447336493
Q97088876	6000000006444054049
Q97088891	6000000006444052983
Q97088901	6000000003311965462
Q97088923	6000000004284640198
Q97088937	6000000006444054608
Q97088949	6000000006444054087
Q97088959	6000000006444205964
Q97088971	6000000006444730211
Q97088986	6000000006444054067
Q97089000	6000000000438256288
Q97089012	6000000011801302401
Q97089023	6000000001783515619
Q97089035	6000000006444252651
Q97089048	6000000003913722927
Q97089105	6000000024475004831
Q97089122	3920155026680066432
Q97089134	6000000006444468368
Q97089146	6000000006444148843
Q97089178	3920157933190126672
Q97089191	6000000004058347075
Q97089201	6000000000770423914
Q97089214	6000000001363805142
Q97089226	5494626265910023021
Q97089236	6000000006444082879
Q97089249	6000000004279515966
Q97089262	6000000009880601527
Q97089276	6000000009600372220
Q97089286	6000000006444082953
Q97089297	6000000006444082890
Q97089309	6000000004091551490
Q97089320	6000000006444082984
Q97089359	6000000003013297347
Q97089371	6000000006444086583
Q97089387	6000000001356800650
Q97089399	6000000152659940822
Q97089419	6000000000689036912
Q97089461	6000000006827653110
Q97089476	6000000003077429795
Q97089490	6000000002043298885
Q97089501	6000000002043298895
Q97089527	6000000006827393148
Q97089793	6000000002055771420
Q97089805	6000000007298099415
Q97089819	6000000000438460865
Q97089881	6000000000484429712
Q97089896	6000000000484429728
Q97091370	6000000004237813583
Q97094083	6000000010362579390
Q97094088	6000000006906999884
Q97094230	3502498
Q97094231	3502510
Q97094232	6000000001363832281
Q97094233	6000000001363832294
Q97094234	6000000000770643335
Q97094236	6000000002603518680
Q97094238	6000000022365661936
Q97094239	6000000001363764534
Q97094240	6000000003001591872
Q97094241	6000000003001660405
Q97094242	6000000001363764444
Q97094254	6000000004350291155
Q97094255	6000000004350306028
Q97094258	6000000004350301042
Q97094259	6000000004037377162
Q97094261	6000000019802065111
Q97094262	6000000017335033115
Q97094268	6000000000112130275
Q97094269	6000000004019963831
Q97094270	6000000004026339174
Q97094271	6000000003918458015
Q97094272	6000000007036095294
Q97094274	6000000046668859882
Q97094275	6000000006971518156
Q97094276	6000000013216325943
Q97094283	6000000004591683298
Q97094284	6000000040551424412
Q97094285	6000000083206879174
Q97094286	6000000026036158193
Q97094287	6000000023231545445
Q97094295	6000000004019322606
Q97094301	6000000000642006012
Q97094302	6000000003122436819
Q970945	6000000011370638715
Q97094787	6000000003150255967
Q97094787	6000000195067319823
Q97094788	6000000003040451703
Q97094789	6000000002134620244
Q97094795	6000000006444264777
Q97094796	6000000006444264749
Q97094797	4970036931870130700
Q97094798	6000000008089734368
Q97094799	6000000008089746341
Q97094800	6000000001395384974
Q97094806	6000000001395575065
Q97094807	6000000002908432621
Q97094808	4769006485820025692
Q97094809	6000000000419073774
Q97094810	6000000023403779651
Q97094811	6000000023404150563
Q97094812	6000000000418994890
Q97094814	6000000004851364782
Q97094816	6000000000560081499
Q97094826	6000000006597214650
Q97094828	6000000006596828500
Q97094829	6000000006597514162
Q97094838	6000000007363407203
Q97094839	6000000007363186931
Q97094841	6000000001660801069
Q97094842	6000000007363386624
Q97094846	6000000004162050313
Q97094847	6000000020457553761
Q97094854	6000000019854964307
Q97095026	6000000002798895101
Q97095029	6000000009037075481
Q97095036	6000000002798617999
Q97095054	6000000009036875957
Q97095059	6000000002798977080
Q97095061	6000000002798363219
Q97095066	6000000028604559837
Q97095075	6000000216182901821
Q97095078	6000000216182849826
Q97095110	6000000017111182175
Q97095114	6000000000651980980
Q97095117	6000000000652022195
Q97095119	6000000000652019917
Q97095129	6000000000687744469
Q97095132	6000000011467649201
Q97095134	6000000004263700245
Q97095153	6000000003077344562
Q97095156	6000000024436002643
Q97095157	6000000003023655761
Q97095158	6000000008370835176
Q97095159	4210677280720051122
Q97095160	6000000003055076537
Q97095162	6000000003147343642
Q97095163	6000000003126028412
Q97095671	6000000033019586969
Q97095676	6000000033019211650
Q97095679	6000000041347225475
Q97095945	6000000115190247026
Q97096	6000000040352609320
Q97096557	6000000041302483188
Q97096558	6000000038407436072
Q97097	6000000014021609551
Q970971	6000000020704730096
Q97097200	6000000004087030661
Q970973	6000000016372371509
Q97097565	6000000005250971025
Q970976	6000000026184698958
Q97097699	6000000182182113493
Q97097931	6000000015333494328
Q97098007	6000000056967278846
Q97098088	6000000016485616345
Q970981	6000000018127479180
Q97098279	6000000027772572872
Q97098291	6000000041374806969
Q97098888	5720291484090137408
Q97101692	6000000019734972807
Q97102368	6000000034626928451
Q97102564	6000000004990864286
Q97102566	6000000000497560678
Q97102578	6000000002580308342
Q97102606	6000000006829102631
Q97102608	6000000000123580097
Q97102610	6000000000123601091
Q97102614	6000000000123481438
Q97102616	6000000000123449562
Q97102623	6000000000521739582
Q97102626	6000000008022340275
Q97102630	6000000002299919040
Q97102676	6000000012964491148
Q97102677	6000000012964866451
Q97102678	6000000020735594182
Q97102691	6000000007248852608
Q97102692	3929264590540116306
Q971027	6000000008507486252
Q97102850	6000000010962675971
Q97102851	6000000007454815984
Q97102863	6000000000484315319
Q97102864	6000000004993158869
Q97102882	6000000006980029105
Q97103069	6000000003210726287
Q97103070	6000000007060943358
Q97103070	6000000044426770873
Q97103073	6000000017507838700
Q97103075	6000000002641546201
Q97103077	6000000005768019660
Q97103085	6000000005768030333
Q97103089	6000000003853235465
Q97103093	6000000005768019272
Q97103097	6000000003940518969
Q97103100	6000000003938020071
Q97103103	6000000006250430258
Q97103105	6000000006250462178
Q97103149	6000000024224671431
Q97103172	6000000024224679231
Q97103257	6000000034976575584
Q97103270	6000000003938668818
Q97103275	6000000002908387859
Q97103281	6000000008682192956
Q97103291	6000000000629118320
Q97103296	6000000000436421292
Q97103314	6000000000689024499
Q97103319	6000000000688966559
Q97103329	6000000000823636479
Q97103335	6000000000475167164
Q97103525	6000000006964084176
Q97103545	6000000006963977572
Q97103550	6000000031505501914
Q97103555	6000000038803700258
Q97103847	6000000000426816381
Q97103876	6000000004189741453
Q97103881	6000000006444780545
Q97103883	6000000000462444841
Q97103884	6000000004189745353
Q97103886	6000000002930878867
Q97103887	6000000004994050249
Q97103888	6000000018080905984
Q97103889	6000000000557898329
Q97103890	6000000003938106411
Q97103891	358230654750013848
Q97103892	6000000000396788973
Q97103895	6000000002335124723
Q97103900	6000000026002820053
Q97103901	6000000026001917649
Q97103907	6000000006444115216
Q97103947	6000000125793615821
Q97104479	6000000081746270126
Q97104566	6000000002801530557
Q97104568	6000000216685194302
Q97104599	6000000004121961757
Q97104608	6000000006909557214
Q97104609	6000000003274335146
Q97104681	6000000061148415022
Q97104704	6000000071740970440
Q97105231	6000000014837748629
Q97105296	6000000055338643821
Q97105539	6000000003655256116
Q97105964	6000000010401776477
Q97106678	6000000004661183208
Q97106681	6000000004660968046
Q97106685	6000000003552355436
Q97106688	6000000003552399129
Q97106690	6000000003552456145
Q97106694	325048605950001604
Q97107	6000000019704001439
Q97107229	6000000007351463153
Q97107233	6000000000341850190
Q97107587	6000000003399580226
Q97107590	6000000013496986711
Q97107593	6000000015645609926
Q97109505	6000000011159917738
Q9711	6000000002452747351
Q971103	6000000027167737130
Q97111	6000000178330406868
Q97113	6000000054509713917
Q971145	6000000179178349824
Q971150	6000000021763706799
Q97116	6000000015687984128
Q971178	6000000099643084851
Q97118827	6000000011478293133
Q97118834	6000000185011084837
Q97118838	6000000005608280865
Q97118852	6000000150860204897
Q97119693	6000000022786068653
Q97119816	6000000018597732518
Q971199	6000000040593132057
Q97122	6000000019541839344
Q971279	6000000033112263079
Q97129777	6000000078356262925
Q97130665	6000000003940748224
Q971308	6000000027760108109
Q97131700	6000000116768845845
Q97131796	6000000055460026049
Q97133770	6000000025172417822
Q971339	6000000026282794734
Q97134	6000000002764505397
Q97135937	6000000016337389394
Q97136157	6000000011371542843
Q97136497	6000000000952677779
Q97136689	6000000002968689574
Q97137038	4689159
Q97137089	6000000010461055344
Q97137421	6000000019369531690
Q97137460	1043441
Q97137757	6000000002742098134
Q971382	6000000029831177198
Q971422	6000000081753527157
Q97142417	6000000013633642729
Q97142464	6000000007778471432
Q97142583	6000000035521887793
Q97142804	6000000179730570853
Q97143272	5085801408810109243
Q97144	6000000026520666656
Q97144189	6000000004644597342
Q971456	6000000017071593588
Q97147254	6000000042328989589
Q971482	6000000017211091465
Q97148653	6000000007168719935
Q971493	6000000006442904078
Q97152432	6000000049757378892
Q97152502	6000000005580996646
Q97153932	6000000065750220821
Q97154	6000000016812699023
Q971546	6000000015319510663
Q97155556	6000000017146533666
Q97156010	6000000003370229656
Q97156011	6000000003370234522
Q97156160	6000000014886162117
Q97156207	6000000002032111465
Q97156208	6000000002020770980
Q97156210	6000000078371602941
Q97156211	6000000078371087405
Q97156213	6000000078382366155
Q97156215	6000000024119577280
Q97156216	6000000002714975483
Q97156218	6000000007922806798
Q97156219	6000000000795216251
Q97156220	6000000001831684121
Q97156239	6000000023057957348
Q97156247	6000000002032098913
Q97156463	6000000002531678082
Q97158	6000000048872540851
Q97158790	6000000123947263834
Q97158854	6000000152627129838
Q97159108	6000000087290379844
Q97159323	6000000034806433608
Q97160054	6000000097090579266
Q97162533	6000000013765743147
Q971626	6000000003311986861
Q97163109	6000000078728715950
Q97163511	6000000023760216997
Q97163678	6000000014406715306
Q97164586	6000000084209240678
Q97165955	6000000026566410196
Q97167	6000000046507392974
Q97167017	6000000197904335824
Q97168575	6000000130776247913
Q97169364	6000000011268043042
Q9717	6000000074766708555
Q971702	6000000041512334224
Q97170670	6000000003828018926
Q97171093	6000000051042871028
Q971725	6000000026189389984
Q97173159	6000000003400227928
Q97173167	6000000199878131834
Q97173576	6000000025592949953
Q97173632	6000000195486715831
Q97173652	6000000089603742888
Q97177144	6000000182041169830
Q97178	6000000184707444854
Q97179410	6000000114595122871
Q97181027	6000000020987883168
Q97184657	6000000048700265199
Q97187	6000000041152630170
Q97187186	6000000019910318222
Q971874	6000000139170302935
Q97187927	6000000019910918223
Q97189477	6000000017758459253
Q97189503	6000000001157343718
Q97189517	6000000180421085864
Q97189602	6000000028403768136
Q97189627	6000000085053657267
Q97190105	6000000110984680925
Q97190618	6000000022614189947
Q97190687	6000000008580907403
Q97191	5645649531640136813
Q97191000	6000000043256525197
Q97191079	5355815005450101640
Q97191100	6000000047171591009
Q97191307	6000000083174734884
Q97191537	6000000030600527577
Q97191567	6000000011358335815
Q97191966	6000000078998402506
Q97191983	6000000024214125502
Q97192972	6000000034402603928
Q97193084	6000000017477520077
Q97193275	6000000061130646896
Q97193393	6000000011944674591
Q97193411	6000000039390886908
Q971943	6000000040616459698
Q97194375	6000000013270016198
Q97194414	6000000019883339214
Q97195085	6000000018338320245
Q97195186	6000000000424267712
Q97195305	6000000048835419906
Q97196225	6000000010046446392
Q97196826	6000000166184503960
Q97197	6000000055212962368
Q971972	6000000010506310852
Q97197658	6000000073056040825
Q97198340	6000000039103657991
Q97199158	6000000035903683954
Q97199797	6000000021425265044
Q97199973	6000000003230422574
Q97200659	5550618990490103653
Q97200685	6000000062293618886
Q97201	6000000029142341063
Q97201056	6000000025284142919
Q972012	6000000052564447666
Q97201281	6000000023525283936
Q972018	6000000025741506863
Q97202733	6000000008881463848
Q972038	6000000004097847342
Q972046	6000000169030944977
Q972052	6000000002569005277
Q972061	6000000145598384822
Q97206135	6000000014025070670
Q97206788	6000000016242153185
Q97207063	6000000022327407729
Q97207327	6000000006727853370
Q97207781	6000000014024180963
Q97207903	6000000025328048175
Q97208228	6000000016242169054
Q97208354	6000000006852549237
Q97208366	6000000008299398450
Q97208399	6000000192101575887
Q97209	6000000219662871883
Q97209772	6000000025967799662
Q97210	6000000087622227911
Q97210003	6000000016242173368
Q97210038	6000000018684539591
Q97210060	6000000024236167172
Q97210383	6000000018270681359
Q97210487	6000000014025390984
Q97210498	6000000022387927688
Q97210671	6000000007094042259
Q97210819	6000000014025121376
Q97210842	6000000016242089464
Q97210853	6000000024169388534
Q97210956	6000000018270745588
Q97210981	6000000018270804356
Q97210995	6000000014024314630
Q97211548	6000000025073285392
Q97211560	6000000020660793364
Q97211645	6000000018270351780
Q97213246	6000000184346828854
Q97214213	6000000007786437470
Q972144	6000000027520622068
Q97214426	6000000073808135883
Q97215120	6000000052384620840
Q97217	6000000003273391254
Q97217544	6000000004954995846
Q97217964	6000000174435564934
Q97218130	4008503293920124687
Q97218843	6000000004575427192
Q9722	6000000074767489943
Q97220203	6000000025818705617
Q972208	6000000014735762434
Q97220858	6000000018325812862
Q97224	6000000041913354972
Q972293	6000000007571290649
Q97231135	6000000180265355874
Q97233192	6000000046462353067
Q972345	6000000017785823726
Q97235656	6000000112875685877
Q972374	6000000002895375093
Q97238312	6000000049581808227
Q972390	6000000156415727953
Q97240	6000000100808158828
Q972400	6000000166733157834
Q972450	6000000180096939851
Q97250983	6000000013422501062
Q972512	6000000005015692960
Q972516	6000000074763172906
Q97256	6000000018743395178
Q972561	6000000014159849803
Q972568	6000000115250698896
Q97258936	6000000031520302484
Q9726	6000000015699540992
Q972641	6000000033578310159
Q972647	6000000001182934764
Q972656	6000000002902420805
Q97270	6000000127823997081
Q972705	6000000014111660612
Q972735	6000000040162183120
Q97273988	6000000026190376613
Q97277	6000000121210366833
Q97277002	6000000027509976103
Q97277374	6000000059480362141
Q972775	6000000028021709909
Q97279878	6000000001861878632
Q972829	6000000173816141011
Q97283925	6000000032054939821
Q97285208	6000000012787053451
Q97285211	6000000020090867204
Q97285334	6000000077126026162
Q97285863	6000000178026536838
Q97285868	6000000178026754848
Q97285869	6000000178026933826
Q97286198	6000000014011290668
Q97287	6000000020930338377
Q97287442	6000000011301470676
Q97287543	6000000002818197406
Q972888	6000000052759612064
Q97289018	6000000108917902823
Q972905	6000000026116639059
Q972912	6000000036036308916
Q97291623	6000000175356436010
Q97293520	6000000017061329782
Q973000	6000000001868073494
Q973005	6000000073312205013
Q973010	6000000020746674023
Q97302835	6000000035752931514
Q97302882	6000000136071904827
Q97303271	6000000002928677213
Q973052	6000000054591045016
Q97305213	6000000002928599759
Q97306287	6000000077471621715
Q97306524	6000000001959742953
Q97306674	6000000002896853552
Q97309794	6000000005576126626
Q97312248	6000000039707351981
Q973127	6000000115548558163
Q97312789	6000000005834732010
Q97312869	6000000127075299897
Q97314852	6000000205961084828
Q97315336	6000000197904010823
Q97315472	6000000206159751861
Q97316693	6000000208042037843
Q97318	6000000069117223037
Q973183	6000000123446571912
Q973190	6000000012632876505
Q973203	6000000062673739970
Q973209	6000000084083604242
Q97322217	6000000000187267715
Q973228	6000000006727383465
Q97327339	6000000020499708306
Q97327949	6000000056810764866
Q97328078	6000000014152373904
Q97328870	6000000065660014994
Q973292	6000000041032933536
Q973294	5245489480800070898
Q97330058	6000000013464139129
Q973327	6000000186860056849
Q973338	6000000015701405566
Q97334	6000000026491850946
Q973344	6000000168369054890
Q973349	6000000016335258323
Q973365	6000000006796112315
Q973394	6000000064340573377
Q973400	6000000208681797823
Q97340748	6000000074694050898
Q973418	6000000017160416175
Q97342993	6000000017629908403
Q97343030	6000000176801453856
Q97343032	6000000029444956040
Q97344160	6000000037772415423
Q97344233	6000000163680293834
Q97344441	6000000050944631169
Q97344458	6000000220987005039
Q97344470	6000000207349008824
Q97345125	6000000175350507874
Q973472	6000000175574584836
Q97347482	383504329020013511
Q973475	6000000170804845934
Q973499	6000000023276827985
Q973502	6000000008169175211
Q97350460	6000000177320494832
Q973506	6000000020931718831
Q97351	6000000029626606075
Q973526	6000000177601952877
Q97352726	6000000111892465965
Q97353339	6000000017688973665
Q97353505	6000000021099406324
Q97354637	6000000036397344695
Q97358248	6000000004593106017
Q97361309	6000000052436053822
Q97361378	6000000046073043911
Q97364399	6000000187546692831
Q97365009	6000000012904850417
Q97367108	6000000009187331359
Q973678	6000000001205206213
Q973680	6000000002472473549
Q973687	6000000083002614769
Q97369374	6000000024278722117
Q97369571	6000000033244154048
Q97370371	6000000172111828474
Q97370836	6000000042048731980
Q97371030	6000000024579343638
Q97371287	6000000002236627701
Q97371292	6000000114805126870
Q97371296	6000000028705071882
Q973713	6000000034573371595
Q97371525	6000000079010836946
Q97371968	6000000159875313822
Q97371975	6000000153590841907
Q97372	6000000150916824362
Q97372150	6000000026744035896
Q97372331	6000000028974423076
Q97372477	6000000149838848111
Q97372506	6000000111741655928
Q97372960	6000000178706849836
Q973737	6000000020148341621
Q97373701	6000000030987385451
Q973746	6000000001919227324
Q97375	6000000030088076758
Q973755	6000000121211514852
Q973774	6000000003342206184
Q97378186	6000000051138151337
Q973783	6000000075751027150
Q9738	6000000074771352821
Q973801	6000000137113398841
Q97381977	6000000018074689430
Q97382712	6000000042823268464
Q97382779	6000000076791535675
Q973836	6000000018436550570
Q97384420	6000000067075928844
Q97386321	6000000167621756875
Q973866	6000000036192584865
Q973881	6000000036556474827
Q973907	6000000014734706038
Q973910	6000000182896519862
Q97391422	6000000043748458720
Q973916	6000000022189610207
Q97392027	6000000002765685848
Q97392510	6000000020233835126
Q97392510	6000000030553697246
Q973928	6000000023698723086
Q97394489	6000000025130659314
Q973949	6000000010094810701
Q973961	6000000021337714139
Q97397	6000000024913781463
Q97397471	6000000043308477769
Q97398266	6000000121091513914
Q974019	6000000010799237644
Q97403330	6000000079478743172
Q97404	6000000026025401961
Q974042	6000000085287900113
Q974057	6000000037050596253
Q974089	6000000027471237317
Q974103	6000000179592370888
Q97411	6000000083160139418
Q974116	6000000164025142163
Q97412	6000000103296662849
Q974132	6000000008714201618
Q974138	6000000173995550032
Q974139	6000000083679673343
Q974157	6000000035583110272
Q974258	6000000097059498149
Q974268	6000000006942624041
Q974271	6000000007076489548
Q97432792	6000000012622670416
Q97434	6000000002215269041
Q974353	6000000080057149076
Q974355	6000000168139144948
Q97437	6000000079358824764
Q974393	6000000078402078467
Q97440819	6000000017378626164
Q97440870	6000000009154859246
Q97441378	6000000075648971897
Q97441441	6000000180451551924
Q97441516	6000000002918912317
Q974431	6000000036494489880
Q974437	6000000094814628911
Q97444511	6000000010650889484
Q97444609	6000000038215972576
Q97445997	6000000080700954616
Q97446003	6000000080701676916
Q97446368	6000000020719288241
Q97446391	6000000011515838412
Q97446426	6000000088006199893
Q974466	6000000080198537456
Q97446644	6000000008659232961
Q97446659	6000000040183709468
Q97446818	6000000008659390380
Q97446882	6000000009689722580
Q97448228	6000000008659353339
Q97448471	6000000016046481002
Q97451	6000000047590607128
Q97452939	6000000180027453909
Q974540	6000000009312580108
Q97455923	6000000007811283275
Q97456172	6000000021604922690
Q97456174	6000000016092189150
Q97456175	6000000013621462995
Q97456186	6000000000274456054
Q97456310	6000000001504835353
Q9746	6000000074767562860
Q97460537	4225043
Q97460867	6000000063543446873
Q97461	6000000012805935575
Q97461004	6000000130092988847
Q97461093	6000000001578525062
Q97461202	6000000016174284953
Q97461298	6000000000396320843
Q97461304	6000000175348848140
Q97462278	6000000009637388557
Q97462665	6000000000396763078
Q97463483	6000000099237511088
Q97464258	6000000007245287254
Q97464367	6000000004964145291
Q97464636	6000000024985577488
Q97465927	6000000028893813451
Q97466	6000000013271594416
Q97466131	6000000032748939459
Q97466133	6000000103875709841
Q97467316	6000000032697560031
Q97467373	6000000007068269063
Q974678	326370786760002383
Q97470	6000000023473187065
Q974722	6000000011828868781
Q974734	6000000010810865384
Q9747442	6000000028338971273
Q97478023	6000000169059663823
Q97478870	6000000007452592364
Q97478879	6000000021176081982
Q97479221	6000000082926891989
Q97479226	4016233966890042132
Q97479233	6000000037511215967
Q97479240	6000000006789259122
Q97479243	6000000017000578692
Q97479246	6000000009306603427
Q97479264	6000000019753259615
Q97479265	6000000037995891679
Q97479266	6000000002451759239
Q97479275	6000000069521532921
Q97479278	6000000036330881901
Q97479281	6000000012012853258
Q97479289	6000000105798360196
Q97479299	6000000001504539990
Q97479329	4613369068550060040
Q97479475	6000000007416829816
Q974805	4069610181040047953
Q97480693	6000000071108560438
Q97481636	6000000119096606071
Q97481659	6000000011975819509
Q97481663	6000000016097524796
Q97481667	6000000011581468857
Q97482829	6000000019539828118
Q97483170	6000000101376540988
Q974834	6000000066285097931
Q97483532	6000000165581861018
Q97483895	6000000012335505851
Q97485	6000000010727526508
Q974852	6000000005437667308
Q974856	6000000040560082840
Q97486040	6000000131187132833
Q97486054	6000000008852133869
Q97486160	6000000136543420867
Q97486174	6000000112918540908
Q974863	6000000003687259123
Q9749	6000000074750441989
Q9749	6000000074767579859
Q974936	6000000046242353269
Q97494916	6000000121191888838
Q97495658	503113
Q97495902	6000000064126124889
Q97496194	6000000002420760235
Q97496478	6000000019290034194
Q97496683	6000000011917116603
Q974967	6000000033892904463
Q974970	6000000067098227829
Q97497596	6000000015869746419
Q97497657	6000000016526780279
Q97499142	6000000011366996320
Q97500734	6000000024416739961
Q97500744	333737337390012713
Q975022	6000000078533107509
Q97502977	6000000000553248954
Q97503177	6000000017595968808
Q97503716	6000000120878968964
Q975057	6000000018210152458
Q975142	6000000205298428883
Q97515069	6000000131073905822
Q97515198	6000000131172020834
Q97515301	6000000207402480845
Q97515739	6000000131073299918
Q975161	6000000022810272538
Q97517	6000000177789532840
Q975183	6000000182391972832
Q975196	6000000015804072624
Q97520	6000000092174144099
Q975203	6000000011381052358
Q9752090	6000000177908934879
Q97521	6000000029837636516
Q97522	6000000016766035871
Q97527	6000000023781508787
Q975285	6000000196927773827
Q97530091	6000000018750168026
Q97531955	6000000143523545846
Q97531962	6000000007809911404
Q97531963	6000000003076457405
Q97531964	6000000197419623821
Q97531967	6000000143523545828
Q97531968	6000000002869730949
Q97531971	6000000006964080134
Q97531972	6000000002023822592
Q97531973	6000000073325645337
Q97531975	6000000001783222680
Q97531976	298209292010002487
Q97531977	6000000006802909717
Q97531978	6000000001783222697
Q97531979	6000000000966168063
Q97531981	6000000001396485814
Q97531982	6000000002869852816
Q97531986	6000000002046092240
Q97531987	6000000001649259022
Q97531988	6000000000640022078
Q97531989	6000000000953551655
Q97531990	6000000000640022194
Q97531993	6000000006798270799
Q97532014	6000000041376205192
Q975331	6000000008229946162
Q97536584	6000000009304938846
Q97536585	6000000002187046131
Q97536714	6000000008099399946
Q97536730	6000000001550143216
Q97537	6000000012095430219
Q97537411	6000000179309107879
Q97538	6000000025290309069
Q975382	6000000058593282042
Q97538579	6000000017256784432
Q97538583	6000000004659302055
Q97538667	5534338215450041066
Q97538670	6000000001753021160
Q97538671	6000000003664198006
Q97538673	6000000003664083137
Q97538678	6000000012449186445
Q97538694	6000000003664178224
Q97538695	6000000007528844016
Q97538697	6000000050753643183
Q97538712	6000000028290212564
Q97538725	6000000012655120739
Q97538737	6000000109018913291
Q97538738	6000000008851213500
Q97538779	6000000077835778663
Q97538809	6000000078635754974
Q97538819	6000000001504252019
Q97538862	6000000033635946063
Q97538911	6000000009709676468
Q97538922	6000000022217667181
Q97539316	6000000007975362681
Q97539338	6000000007975436421
Q97539360	6000000016386033910
Q97539384	6000000001608905456
Q975395	6000000013429082776
Q97539955	6000000024282669660
Q97541185	351779668190006404
Q97541186	6000000041655816918
Q97541188	6000000060212985923
Q97541189	6000000041655896180
Q97541190	6000000036695602839
Q97541192	6000000012525289914
Q97541194	6000000003668924946
Q975412	6000000040365362677
Q97541417	6000000010028815418
Q97541433	6000000002545837626
Q97541443	6000000001383940055
Q975415	6000000022820476793
Q97541902	6000000002665734185
Q97541915	6000000002545824995
Q97542	6000000040652121221
Q975422	6000000024386205559
Q97542985	6000000007601470888
Q97543004	6000000000688916670
Q97543303	6000000015781645341
Q97543315	6000000002024105900
Q97543316	6000000044216243950
Q97543317	6000000012287302682
Q97544047	6000000002907262101
Q97544088	6000000002907214373
Q97544562	6000000089734483199
Q97545053	6000000024282552317
Q97545060	6000000037016260499
Q97545061	6000000026239343538
Q97545062	6000000004846770047
Q97545063	6000000003937778071
Q97546698	6000000004949780748
Q97546699	6000000126608047822
Q97546889	6000000177702695827
Q97547885	6000000004950244068
Q97547900	6000000003076193052
Q97547924	6000000003075816356
Q975481	6000000040217712866
Q97548891	6000000000909316285
Q975491	6000000006114802108
Q97549656	6000000002081655036
Q9755	6000000075337702855
Q975506	6000000012437605895
Q975512	6000000009134998580
Q975540	6000000002364734036
Q975547	6000000012996424813
Q975577	6000000001556276934
Q97558	6000000025863240951
Q975585	6000000219106629850
Q97564	6000000035943906299
Q975648	6000000050811563265
Q975652	6000000074574931008
Q975652	6000000151750104830
Q97565561	6000000006127401593
Q97568695	6000000006126968267
Q97569170	6000000173365306957
Q97569177	6000000010010665225
Q97569219	6000000002011115189
Q97569223	6000000006517916733
Q97569347	6000000042901331293
Q97569358	6000000041376359993
Q97569372	6000000008851898903
Q97569373	6000000003076106394
Q97570120	6000000112918417858
Q97570353	6000000013257654142
Q97570354	6000000013258133360
Q97570386	6000000002447335327
Q975706	6000000151134800041
Q975721	6000000135671113003
Q97572348	6000000025513298301
Q975749	6000000008873523584
Q97575	6000000034262020766
Q97575632	6000000087095224831
Q97575839	6000000032697363721
Q97575866	6000000032697252644
Q97576022	6000000036888932966
Q975764	6000000213837597853
Q97577103	6000000001547966124
Q97577322	6000000006596011958
Q97577422	6000000000001126420
Q97577574	6000000030592517452
Q97577970	6000000037600079690
Q97578350	6000000014114287683
Q97578386	6000000007043263873
Q97579061	6000000037273100954
Q975824	6000000062362456956
Q97582491	5085147303310135223
Q97582727	6000000088595019846
Q97582817	6000000145990855924
Q97582913	6000000084046887964
Q97582955	6000000019523431037
Q97583073	6000000002100856289
Q97583106	6000000027577606391
Q97583213	6000000001678690560
Q975845	6000000079544859306
Q97584697	6000000009916163196
Q97586022	6000000160393622828
Q97586414	6000000048715859841
Q97588493	6000000007509600283
Q97588816	6000000008839543717
Q97590866	6000000110410029822
Q975916	6000000136814306891
Q975919	6000000077002870836
Q975931	6000000068455061875
Q97593256	5567743317720043634
Q97593920	6000000008477616710
Q97594496	6000000142030162247
Q97595835	6000000182446825830
Q97596	6000000007278870660
Q97596717	6000000048412026839
Q97597805	6000000098352372847
Q97599018	6000000012450538588
Q97599865	6000000039154022943
Q9760	6000000074750170168
Q9760	6000000074750258148
Q97600490	6000000006595292454
Q97600755	6000000024667057444
Q97601787	6000000010299563125
Q97602091	6000000029477667316
Q97602143	6000000027081238430
Q976022	6000000074188973105
Q97604672	6000000034934626587
Q97605410	6000000016417478011
Q97605439	6000000177862605824
Q976059	6000000053191266829
Q976071	6000000013440118565
Q97608343	6000000000876660833
Q97608643	6000000008582896646
Q976087	6000000179046532828
Q9760948	6000000042285655906
Q97609962	6000000103562841821
Q97609963	6000000080186243879
Q9761	6000000074750425046
Q9761	6000000074750591904
Q97610101	6000000178567547842
Q97610124	6000000015544206749
Q97610435	6000000043785849285
Q97610701	306493499090003881
Q97610730	6000000006441918400
Q976129	6000000035370226170
Q976136	6000000097025742821
Q976138	6000000180528165850
Q976165	6000000002802840013
Q976166	6000000008744088790
Q97617138	6000000061481478878
Q97618995	6000000003374106455
Q976198	6000000034647470544
Q97619805	6000000017559054805
Q97620914	6000000103033549899
Q97620918	6000000001839900210
Q97620972	6000000016104226329
Q97620973	6000000008332689767
Q97621062	6000000042598012544
Q97621405	6000000016046927435
Q97622	6000000164082646986
Q97622173	6000000008310479873
Q97622932	6000000027813847911
Q976234	6000000137215650821
Q976244	6000000011038689053
Q97624546	6000000004097643247
Q97624791	6000000071010720093
Q976248	6000000017209617972
Q97625520	6000000055187740834
Q97626084	5106866361050063227
Q97626256	6000000011928142829
Q97626304	6000000006369072556
Q97626486	6000000084912825183
Q976279	6000000150942036870
Q97628037	3903078
Q976288	6000000001654598255
Q976296	6000000026116762389
Q976300	6000000016310015117
Q976310	6000000000056691682
Q97631713	6000000007150286666
Q976319	6000000157027958823
Q97632679	4185327574400074151
Q976333	6000000010986785055
Q97633528	6000000003568661683
Q97634012	6000000011171381867
Q97634045	6000000074114620919
Q97635635	6000000009677806373
Q97636	6000000090070805822
Q97637027	6000000022395562201
Q97638	6000000019238667606
Q976394	6000000071766552045
Q97645	6000000020970394259
Q97645266	6000000016522018416
Q97645287	6000000041671363965
Q97645599	6000000183620161841
Q97646642	6000000044018440832
Q97646749	6000000002548632371
Q97647	6000000030662151175
Q97648	6000000028988714752
Q976482	6000000021475424092
Q97649462	6000000006943054194
Q97649573	6000000190454926233
Q97649768	6000000006943278003
Q97649921	6000000012922813777
Q97650036	6000000176364799821
Q97650204	6000000012922816652
Q97650400	6000000006943049107
Q97650408	6000000006896296160
Q976506	6000000095637352869
Q97650620	6000000023979838375
Q97650931	6000000006846020293
Q97650934	6000000006846161066
Q97651290	6000000006748371533
Q97652182	6000000003273396999
Q97652379	6000000036929103882
Q97652964	4102619697430077936
Q97654629	6000000070625534076
Q97655466	6000000032374141911
Q97655750	6000000184765077821
Q97655990	6000000028632119935
Q976563	6000000079082927927
Q97656826	6000000074825312964
Q976575	6000000008506486420
Q97657639	6000000003237976044
Q97657932	6000000002603525430
Q97657933	6000000002603389809
Q97657935	6000000002602146546
Q97657936	6000000008269532916
Q97657937	6000000008269673829
Q97657938	6000000003940250957
Q97657940	6000000008269675738
Q97657941	6000000003076198823
Q97657942	6000000011101134657
Q97657944	6000000008269675800
Q97657948	6000000003553415955
Q976582	6000000012637096259
Q97661428	6000000095867318244
Q97661923	6000000179823775829
Q97662781	6000000052965178031
Q97663400	6000000203420610855
Q97664475	6000000071037650041
Q976653	6000000014178484741
Q97666302	6000000005103065293
Q97666470	6000000012821219167
Q97666540	6000000014285511984
Q97666571	6000000019283120348
Q97666839	6000000008479690463
Q97666881	6000000003190433553
Q97667121	6000000133906689886
Q976676	6000000042897584821
Q97667732	6000000027776566948
Q97667761	6000000019286550348
Q97668127	6000000175349697199
Q976683	6000000026121427050
Q97669471	6000000014025136190
Q97669790	6000000010502327677
Q97669817	6000000010502634470
Q97669863	6000000021341447828
Q97669875	6000000022968299829
Q97669891	6000000004170701009
Q97669897	6000000004170642528
Q97669936	6000000004170709307
Q97670143	6000000132856208847
Q97670151	6000000110412597821
Q97670165	6000000007096283254
Q976706	6000000009239628058
Q97670619	6000000076962432452
Q97670644	6000000070956923859
Q97670736	6000000007680632244
Q976712	6000000137408598822
Q976721	6000000011158210384
Q976729	5581253039500030176
Q97673589	6000000002731148645
Q97673599	6000000081044635873
Q976778	6000000042897260854
Q97678	6000000074825975314
Q976826	6000000013019283766
Q97682664	6000000120664701937
Q976829	6000000181060261831
Q97684952	6000000010782068704
Q97686672	6000000175675961823
Q97687868	6000000006322327575
Q97688746	6000000003665321018
Q97689	6000000021937149917
Q97690485	6000000157108537850
Q97691032	6000000014902487442
Q97692027	6000000016751516089
Q976924	6000000017780384683
Q97693969	6000000003482599014
Q97694442	6000000016928133473
Q97694712	6000000013269523273
Q97694714	6000000021555844499
Q97694967	6000000024972322236
Q976951	6000000180437069908
Q97696	6000000180851310851
Q97697075	6000000022627481904
Q97697839	6000000057383489459
Q9769928	6000000000220055003
Q976997	6000000026480644285
Q977009	6000000008678938719
Q977028	6000000013500037248
Q97703821	6000000071422363012
Q977041	6000000021355635602
Q97704698	6000000035003406176
Q97705115	6000000074760233968
Q977052	6000000007321219331
Q97706412	6000000007024646613
Q97707097	6000000010877119847
Q97707916	4586909
Q977086	6000000074283912264
Q97708782	6000000040547053602
Q977126	6000000176790430896
Q977134	6000000034236471254
Q977136	6000000219819882846
Q977137	6000000015582023041
Q97716066	6000000015540600180
Q97716852	6000000026559540245
Q977176	6000000081974345049
Q97719446	6000000021367913336
Q97720171	6000000097123934007
Q977205	6000000022448885839
Q97722872	6000000107783114847
Q977245	6000000092603601138
Q97724906	6000000089863069821
Q977261	4837914867760051446
Q97728410	6000000046606477389
Q977292	6000000010904778049
Q977300	6000000002247863421
Q97730417	6000000006127824840
Q97730552	6000000041632289364
Q97730555	6000000084954403399
Q97730590	6000000008269321703
Q97736	6000000040847215812
Q977361	6000000024300982994
Q97738	6000000023362208037
Q97738268	6000000015606495083
Q977389	6000000016371654490
Q97740	6000000055327295823
Q97743	6000000010580756266
Q97748633	6000000023939433211
Q977488	6000000022847462085
Q9774941	6000000033414758056
Q97749941	6000000023939754334
Q97750	6000000071005487873
Q97750205	6000000079477851619
Q977522	6000000048355485073
Q97753	6000000004200596527
Q977533	6000000014138055063
Q9775453	6000000177981194823
Q977546	6000000165155738139
Q977559	6000000103888799025
Q97760931	6000000017878433508
Q97761456	6000000094933822830
Q97763610	4586892
Q97763625	4586885
Q97763635	6000000184127282879
Q97763693	4586901
Q97764	6000000026017025927
Q97765	6000000086022596076
Q977705	6000000000654513254
Q977723	6000000014147416385
Q9777479	6000000100070058928
Q97774876	345867265940011762
Q97775986	6000000019200975215
Q97776848	6000000017758863579
Q977779	6000000054468417618
Q97777912	6000000012483047533
Q97785392	6000000003827368711
Q977855	6000000012840537570
Q97785700	6000000024740362027
Q97785707	6000000015826714497
Q97785718	6000000002101696604
Q977890	6000000025050248293
Q977948	6000000143120778921
Q978003	6000000008138134693
Q978013	6000000016783403841
Q97802	6000000056988470371
Q978056	6000000181907283856
Q978076	6000000002010201269
Q97811070	6000000001384673489
Q978147	6000000056599028906
Q978158	6000000039708030848
Q97815985	6000000020086694013
Q97816118	6000000003273396346
Q97816840	6000000021489054425
Q97817	6000000013674453255
Q97817054	6000000065081342855
Q97817650	6000000175734289907
Q97817681	6000000025294361971
Q97817707	6000000024892976768
Q978183	6000000141043567929
Q97819838	6000000008020135413
Q97819856	6000000008533102698
Q97819940	6000000011345644429
Q97819951	6000000007416481115
Q97820092	6000000011251338740
Q97821749	6000000101280769106
Q97822310	6000000011345631623
Q978240	6000000030813261143
Q97824084	6000000020267632902
Q97824304	6000000020267605850
Q97824984	6000000003096778869
Q978253	6000000000438411205
Q978324	6000000068801648876
Q97833540	6000000065240783040
Q97834869	6000000023527245668
Q978350	6000000034101681106
Q97836014	6000000027960091418
Q97837	6000000045998241872
Q978376	6000000027007285343
Q97837661	6000000006567334584
Q97838692	6000000006568867295
Q97838913	6000000013677626686
Q97840500	6000000011471195086
Q97844	6000000195110208821
Q978445	6000000016649693120
Q97847	6000000183116563831
Q978477	6000000017054419248
Q97849942	6000000003655075953
Q97852630	6000000015212973215
Q97853	6000000023274854690
Q978548	5026499367890130813
Q97855116	6000000024235459531
Q97855120	6000000002644247613
Q97857	6000000031377061080
Q97857153	6000000014701562587
Q978581	6000000068787204834
Q97859	6000000142464184858
Q978614	6000000141025772840
Q97861407	6000000011603801016
Q978618	6000000040615880057
Q978635	6000000014304105213
Q97864415	6000000001467087013
Q97867	6000000023851372430
Q978677	6000000161836130821
Q97868	6000000021452559024
Q97870	6000000018858280463
Q97874	6000000179464636836
Q978784	6000000109559549836
Q978832	6000000007362649862
Q978867	6000000000611463722
Q97887731	6000000019978328766
Q978878	6000000140697405822
Q978902	6000000049295024474
Q978918	6000000004894227003
Q978931	6000000006358654113
Q978990	6000000180787153823
Q978991	6000000008218042497
Q97903	4871625982690031353
Q97903523	6000000006335738612
Q979044	6000000030813553478
Q97905	6000000179847257936
Q979053	6000000007683392823
Q979054	6000000122570627831
Q97905971	5550519864190079649
Q97907	6000000009011108631
Q979136	6000000054056228863
Q979154	6000000039487272881
Q97918	6000000020389781528
Q979180	6000000008630911984
Q97919926	6000000010093405218
Q97919938	6000000022877231662
Q97919949	6000000018096870426
Q97919988	6000000017540432852
Q97919991	6000000075311349975
Q97919995	6000000022378911436
Q97920	6000000004098033944
Q97920092	6000000014675600796
Q97920095	6000000013197197419
Q979233	6000000014566983135
Q97924176	6000000017214493149
Q97924199	6000000133221008942
Q97924291	6000000133230966824
Q97924868	6000000006337924919
Q97925416	6000000177235106845
Q97928563	6000000082516219414
Q97929236	6000000022542965983
Q97929236	6000000028015703141
Q97929278	6000000002764690858
Q97929739	6000000035568252845
Q97929758	6000000000426512775
Q97929763	6000000001772059161
Q97929769	6000000003255796721
Q97929781	6000000007802865350
Q97929785	6000000000117958079
Q97929791	6000000008251465367
Q97929794	6000000008153899939
Q97929811	6000000000892976143
Q97929815	6000000000117956267
Q97929831	6000000035567716618
Q97929982	6000000003939451308
Q97930022	6000000070092694833
Q97930067	6000000020445813397
Q97930111	6000000024393407954
Q97930114	6000000024392920584
Q97930115	6000000024393300517
Q97930116	6000000000076297582
Q97930134	6000000018231845154
Q97930135	6000000024393240503
Q97930138	6000000015157507313
Q97930297	6000000066705970002
Q97930322	6000000001014213640
Q97930377	6000000002810592149
Q97930378	6000000003027909765
Q97930406	6000000015156563937
Q97932082	6000000002336801073
Q97932965	6000000017177111591
Q97933325	6000000183833634870
Q979347	6000000005219546775
Q979358	6000000012359979222
Q97936	6000000095233272933
Q97937575	6000000180272546871
Q97938417	6000000003111580407
Q979387	6000000003342637471
Q97940227	6000000007923545833
Q97940270	6000000020221675319
Q97940298	6000000013114564948
Q97940304	6000000020220972501
Q97940455	6000000171297143912
Q97940459	6000000006882606044
Q97940972	6000000148239083833
Q97940995	6000000003273396324
Q979411	6000000192973519897
Q979428	6000000052999100159
Q979480	6000000118184741870
Q979486	6000000103847859746
Q979496	6000000000511584217
Q97949647	6000000072328067589
Q97951346	6000000019096976631
Q979534	6000000019777969882
Q979536	6000000146293009845
Q979541	6000000084984686954
Q979554	6000000016911429250
Q97957735	6000000018032566563
Q97957738	6000000024729218495
Q979580	6000000118826367964
Q97958153	6000000024729414309
Q97959264	6000000000249730031
Q97959652	6000000045517441874
Q97960	6000000181933605825
Q97961	6000000023130362317
Q979610	6000000030662170327
Q97961715	6000000065732091822
Q97961753	6000000016475787852
Q97962	6000000024091394402
Q97962547	6000000007512032102
Q97962644	6000000007512031613
Q97963406	6000000004956649546
Q979651	6000000043857222919
Q97971	6000000023659821879
Q979712	6000000021144623596
Q97971330	6000000023738747998
Q979758	6000000016194001335
Q97976723	6000000011627101780
Q97976951	6000000011627244210
Q97978018	6000000013012288519
Q97978765	6000000025851236232
Q97979489	6000000013394420637
Q97980183	6000000013010537837
Q97980449	6000000019106464639
Q97980629	6000000019106543175
Q97981224	6000000009637373852
Q97981549	6000000004097657676
Q97981776	6000000004097649817
Q97982901	6000000047016612872
Q979842	6000000025808990092
Q979852	6000000004095821563
Q97986	6000000027022469353
Q979865	6000000025755219610
Q979895	6000000007845765086
Q97991	6000000007281582058
Q97991018	6000000068541785900
Q97992	6000000012642538491
Q979928	6000000028800215126
Q979933	6000000019897656456
Q97994540	6000000011626940850
Q97995159	6000000021064666276
Q97995548	6000000135663250843
Q97996517	6000000001506107708
Q979972	6000000012109392313
Q97998	6000000166935092994
Q979990	6000000015251760335
Q97999847	6000000012123969694
Q97999865	6000000002176535311
Q97999867	6000000027486555320
Q98000071	6000000053437753848
Q98000077	6000000107688944239
Q98000084	6000000011142411489
Q98000085	6000000058180542103
Q98000086	6000000011141985678
Q98000211	6000000012819633348
Q98000363	6000000010049200565
Q98000415	6000000012819312070
Q98000421	6000000008788882879
Q980014	6000000024814032065
Q98001593	6000000003244883398
Q980028	6000000005013429375
Q980045	6000000026384276750
Q98006894	6000000006566907031
Q980076	6000000143248220822
Q98008094	6000000019012523139
Q98009	6000000010132353104
Q9801	6000000074750127321
Q980151	6000000002407307488
Q98016964	6000000018032712565
Q98016968	6000000018032694204
Q98016970	6000000018032551402
Q98016979	6000000000889145166
Q98016982	6000000000889196025
Q98016982	6000000057905562837
Q98016992	6000000030247510092
Q98016995	6000000002339184948
Q98017	6000000008754059068
Q98017003	6000000000889003393
Q98017007	6000000000888699379
Q98017009	6000000000888779192
Q98017011	6000000030232993338
Q98017014	6000000008378468560
Q98017017	6000000000889078519
Q98017032	6000000010829695597
Q98017036	6000000027020518759
Q98017039	6000000027020631608
Q98017041	6000000026365599320
Q98017046	6000000029580274225
Q98017048	6000000026365914877
Q98017051	6000000172914751247
Q98017054	6000000082943214018
Q98017059	6000000095357377874
Q98017077	6000000185171156859
Q98017082	6000000024006515211
Q98017085	6000000020330422211
Q98017087	6000000020330515035
Q98017090	6000000006795438510
Q98017099	6000000034678234085
Q98017220	6000000002447031796
Q98017224	6000000002447355211
Q98017243	6000000018212226443
Q98017256	6000000000770306389
Q98017261	6000000000770087757
Q98017267	6000000000770072851
Q98017271	6000000000770087374
Q98017275	6000000001791631999
Q98017746	6000000005664093964
Q98017749	6000000001588454635
Q98017764	6000000000475157077
Q98017771	6000000005664093953
Q98017777	6000000008369906165
Q98018550	6000000000770087528
Q98018558	6000000000770087547
Q98018591	6000000000633520998
Q98018682	292837205130002671
Q98018687	6000000050031269861
Q98018691	292865927660005925
Q98018694	6000000005414055901
Q98018694	6000000080608018952
Q980187	6000000040927912870
Q98018700	6000000003940656451
Q98018704	6000000080607394377
Q98018707	6000000005414352507
Q98018713	6000000005414409312
Q98018713	6000000080607151494
Q98018718	6000000080608110011
Q98018722	6000000006518778244
Q98018722	6000000080608275898
Q98018728	6000000002860979456
Q98018733	6000000002860979464
Q98018738	6000000080608305825
Q98018744	6000000080607171513
Q98018744	6000000193279161821
Q98018748	6000000080607876250
Q98018973	6000000018114874006
Q98018977	6000000000770087208
Q98019014	6000000018114430755
Q98019035	6000000018113224683
Q98019043	6000000000962735339
Q98019056	6000000000618839952
Q98019060	6000000018114134517
Q98019078	6000000006444287882
Q98019344	6000000006440692979
Q98019382	6000000007058015306
Q98019397	6000000017957273447
Q98019408	6000000018184330018
Q98019490	6000000002175554172
Q98019554	304082580600006467
Q98019587	6000000007425895238
Q98020	6000000054445980859
Q980208	6000000209013244866
Q98021364	6000000175755117834
Q98021802	6000000005442289827
Q980220	6000000092736646935
Q98022298	6000000020228317913
Q98024409	6000000132404074590
Q98024618	6000000132405936888
Q98025	6000000002351374902
Q98025012	6000000071238244976
Q98025267	6000000132403551124
Q98025892	6000000071238199049
Q98026547	6000000132476247902
Q98026879	6000000132406113821
Q980338	6000000181164707832
Q98033997	6000000034371294288
Q98034	6000000127162090015
Q98034032	6000000098667754841
Q98034072	6000000018175387529
Q98034142	6000000029011646001
Q980343	6000000020649883608
Q980344	6000000023935509336
Q98034457	6000000005024314955
Q98037091	6000000025001850404
Q98038449	6000000012014866563
Q980417	6000000024975720998
Q98043907	6000000026698114801
Q980478	6000000032473085056
Q98049214	6000000033669561777
Q98049228	6000000033669749606
Q98049660	6000000041924591349
Q98049663	6000000010834808532
Q98050310	6000000002789181410
Q98050312	6000000002789170902
Q98050550	6000000006290164454
Q98050908	6000000001611040161
Q98050911	4271544730600054344
Q98050914	325048331610004543
Q98050917	315322801270002699
Q98050920	328414973590002033
Q98050924	306645059670002183
Q98050930	329099675520001487
Q98050934	329106437730004017
Q98050937	325048438050007978
Q98050939	331089741950001134
Q98050942	331090783340001151
Q98050945	6000000016625204155
Q98050952	6000000001357008252
Q98050955	6000000006400338001
Q98050957	315342260680001532
Q98050970	315340350130004653
Q98050976	324561178340001582
Q98050987	310023983010004652
Q98050989	6000000003468099405
Q98052040	6000000031305178760
Q98052042	6000000015764358443
Q98052045	6000000003937579068
Q98052053	388646427400011644
Q98052057	6000000007323911236
Q98052059	6000000007425729963
Q98052119	6000000015764335434
Q98052123	6000000012948199187
Q98052127	6000000000282031331
Q98052129	6000000011094283788
Q98052132	6000000000640242658
Q980533	6000000079590020382
Q98053352	6000000006444240361
Q98053375	6000000006444240368
Q98054663	6000000067876474821
Q98054675	6000000011636048558
Q98057614	6000000013663553371
Q98057673	6000000000966212076
Q98057995	6000000003221182362
Q98057998	6000000005955679062
Q98057999	6000000024508449941
Q98058000	6000000002860905983
Q98058001	6000000002860752318
Q98058002	6000000002860752326
Q98058003	6000000000956736301
Q98058005	6000000007086614886
Q98058007	6000000007086579824
Q98058010	6000000008497098565
Q98058124	6000000112791234826
Q98058145	6000000002997645932
Q98058299	6000000054472733843
Q98058304	6000000022807468405
Q98058498	381642562040011406
Q98058620	6000000019380425289
Q98059556	6000000017526867305
Q98060447	6000000020181737775
Q98060612	6000000020181898315
Q98061023	6000000026592093618
Q98061077	6000000026592128319
Q98061103	6000000029596025497
Q98061107	6000000026592781840
Q98061448	6000000050974298822
Q98061553	6000000090710482931
Q98062064	6000000020182090778
Q98062759	6000000020182182309
Q980628	6000000067868001090
Q98063	6000000032341914347
Q98063487	6000000019156039119
Q98063679	6000000021828971133
Q98064524	6000000021556721206
Q98064669	6000000019155902270
Q98065093	6000000026592591888
Q98065337	6000000026592168432
Q98065439	6000000026590464322
Q98065653	6000000026590638148
Q98065703	6000000026590476085
Q98065726	6000000026592277595
Q98065736	6000000132473899945
Q98065754	6000000026590422516
Q98065775	6000000026591511157
Q98065785	6000000026591930296
Q98066110	6000000026592323501
Q98066134	6000000026592539093
Q98066148	6000000029594808133
Q98066180	6000000029961238995
Q98066229	6000000041344157952
Q98066250	6000000010210475609
Q980663	6000000041497162943
Q98066484	6000000020182785453
Q98066513	6000000026592662038
Q98066569	6000000020183081267
Q98066599	6000000028409304138
Q98066669	6000000031975233548
Q98066755	6000000026592632961
Q98066775	6000000026592681872
Q98066929	6000000026592159756
Q98066980	6000000026592472295
Q98067055	6000000021556835939
Q98067231	6000000001816698077
Q98067233	6000000000098876992
Q98067357	6000000019104080280
Q98067441	6000000090763695869
Q980676	6000000187358029829
Q98067888	6000000029594797513
Q98067925	6000000037610384995
Q980680	6000000012245516751
Q98068063	6000000028408895581
Q98068112	6000000020182844635
Q98068162	6000000029598241933
Q98068242	6000000029595123849
Q98068260	6000000029595789194
Q98068287	6000000019152077409
Q98068337	6000000029594895072
Q98068406	6000000017978398084
Q980691	6000000049762752364
Q98070372	6000000145864704861
Q98070771	6000000175996082952
Q98072211	6000000014526631805
Q98072212	6000000014526666430
Q98072213	6000000015559035520
Q98072214	6000000015558514658
Q98072218	6000000015558516329
Q98072220	6000000015558780263
Q98072292	6000000015560265150
Q98072293	6000000015560128149
Q98072300	6000000015560284332
Q98072301	6000000015560170300
Q98072302	6000000015560426191
Q98072303	6000000015560403542
Q98072304	6000000015560346631
Q98072305	6000000015559645948
Q98072306	6000000015560003556
Q98072307	6000000015560146890
Q98072308	6000000015560486074
Q98072309	6000000015560418605
Q98072310	6000000015560347649
Q98072313	6000000015560335074
Q98072314	6000000015560596567
Q98072315	6000000015560778256
Q98072316	6000000015560808215
Q98072323	6000000015560217770
Q98072324	6000000006290151684
Q98072325	6000000003939462681
Q98072326	6000000011214266998
Q98072327	6000000000249726697
Q98072330	6000000015560359791
Q98072331	6000000015560245726
Q98072343	6000000015558505325
Q98072397	4060160968490047383
Q98072398	6000000000954533941
Q98072409	6000000009851142829
Q98072410	6000000009851180149
Q98072417	6000000004549582105
Q98072419	6000000009441129060
Q98072420	6000000008130648449
Q98072422	6000000009726906951
Q98072425	6000000015560441499
Q98072433	6000000009411503760
Q98072467	6000000128847301488
Q98072479	6000000003940827736
Q98072480	6000000003940827743
Q98072485	6000000005585521428
Q98072486	6000000001844365955
Q98072487	6000000001564489004
Q98072488	6000000080898659354
Q98072489	6000000004853187266
Q98072490	6000000001844857454
Q98072493	6000000001844576689
Q98072494	6000000011159994121
Q98072495	6000000006296294131
Q98072496	6000000006296328061
Q98072497	6000000011159964705
Q98072498	6000000003490596593
Q98072499	6000000003490596522
Q98072500	6000000003186715126
Q98072503	6000000000186687194
Q98072504	6000000000854059509
Q98072505	6000000003147164836
Q98072506	6000000003490596541
Q98072507	6000000004009550025
Q98072511	6000000004009554522
Q98072512	6000000007316326390
Q98072513	6000000003396975070
Q98072523	6000000006437515289
Q98072524	5124529811690045720
Q98072529	6000000004993116201
Q98072530	6000000004018526990
Q98073	6000000033548274251
Q98073123	4172519661090123632
Q98073266	6000000019815538599
Q98073268	6000000037328648664
Q98073269	6000000037329083654
Q98073373	4586874
Q980734	6000000017585973890
Q98073684	6000000016632343749
Q98073882	6000000002410489429
Q980739	6000000057744757336
Q98073975	6000000114765557377
Q98074009	6000000006443585523
Q98074220	6000000037085968341
Q980746	6000000001383061118
Q98074738	6000000029599364478
Q98075	6000000004097082647
Q98075079	6000000096034849869
Q98075120	6000000029594605595
Q98075180	6000000029599388193
Q98075214	6000000018268557938
Q98075345	6000000029599264033
Q98075441	6000000029601143024
Q98075490	6000000028893893163
Q98075529	6000000028894001116
Q98075910	6000000033482150636
Q98075950	6000000033482209529
Q98076288	6000000029599292134
Q98076318	6000000013093600391
Q98076356	6000000029599888883
Q98076530	6000000079254315510
Q98076648	6000000100306225821
Q98076976	6000000029599810889
Q98077005	6000000029599571856
Q980772	6000000136975353834
Q98077460	6000000019155285932
Q98077492	6000000139437503157
Q98077517	6000000139438242934
Q98077551	6000000139436749452
Q980778	6000000008913673191
Q98078	6000000080940418154
Q98078192	6000000005401205571
Q980785	6000000009839544737
Q98078998	6000000009483550728
Q980799	6000000021085729029
Q980814	6000000016539228826
Q98083081	6000000002565689933
Q980833	6000000009128258895
Q98084666	6000000060227879828
Q98085057	6000000016392216222
Q98085301	6000000017509085297
Q98085302	6000000017509132277
Q98085304	6000000017509117227
Q98085776	6000000017878835070
Q98087516	6000000008531836815
Q980879	6000000072705226905
Q98088240	6000000014948016124
Q98092744	6000000008389588411
Q98094078	6000000001250351450
Q98095571	6000000002781812570
Q980958	6000000013038691102
Q98097015	6000000020626276186
Q98097560	6000000015028937040
Q980984	6000000009664325146
Q98098421	6000000033271862827
Q98099189	6000000078368155707
Q98099392	6000000005438426354
Q98099965	6000000009570916540
Q98099967	6000000015915028152
Q98099968	4967029218320131358
Q98099969	4967201612140069466
Q98099970	4974784686600113933
Q98099972	4974784726590113939
Q98099974	4975014336310131565
Q98099975	4975014657580131571
Q98099976	4967201732680069472
Q98099978	4967029306290131364
Q98099979	6000000015914948316
Q98099980	6000000015914766912
Q98099981	6000000003635984411
Q98099982	6000000003635984399
Q98099987	4967229960500080397
Q98099990	6000000015914923349
Q98099993	6000000008521437609
Q98100016	4975210569650104783
Q98100018	4975210971730104789
Q98100019	6000000002705225921
Q98100020	6000000006846574695
Q98100022	4975572391570052585
Q98100023	6000000004229170264
Q98100025	4975224283080080553
Q98100030	317895492120003665
Q98100033	317896303220003634
Q98100035	6000000003649754272
Q98100149	6000000002702623001
Q98100150	6000000002702641744
Q98100151	6000000000357060556
Q98100153	6000000001728362293
Q98100154	6000000001728366496
Q98100169	4757189683720064107
Q98100186	6000000003999096604
Q98100188	6000000008808444127
Q98100193	6000000006668259838
Q98100231	6000000040710564829
Q98100233	6000000027987421733
Q98100234	6000000003275903059
Q98100235	6000000007257935209
Q98100239	6000000007257833405
Q98100256	6000000001715504111
Q98100259	6000000001715491973
Q98100260	6000000001715491949
Q98100261	6000000000499040101
Q98100263	6000000000498634964
Q98100264	6000000000499029137
Q98100266	6000000002803719934
Q98100267	6000000002153388069
Q98100269	6000000004593203162
Q98100270	6000000004593278475
Q98100272	6000000001715491912
Q98100273	6000000001715504146
Q98100287	6000000004593181441
Q98100319	6000000004144435095
Q98100323	6000000008052767199
Q98100324	6000000008899568536
Q98100326	6000000008899636435
Q98100327	6000000008916298341
Q98100328	6000000008916257916
Q98100336	6000000008916268907
Q98100337	6000000008899657516
Q98100338	6000000021037751931
Q98100339	6000000014907113065
Q98100341	6000000008899652714
Q98100342	6000000004593226581
Q98100343	6000000016007763060
Q98100344	6000000004593226565
Q98100345	6000000004593226557
Q98100346	6000000004593226597
Q98100347	6000000008899648423
Q98100350	6000000011936529536
Q98100351	6000000011936622820
Q98100520	6000000150139195980
Q98100644	6000000119031255918
Q981007	6000000080391532870
Q98100954	6000000004129492386
Q98100957	6000000042152209321
Q98100960	6000000004129169602
Q98100961	332274498990011652
Q98100962	6000000004129309116
Q98100963	6000000004129077852
Q98100965	333557098240014248
Q98100966	333573610250012691
Q98100969	333567199680004537
Q98100972	333573922940005455
Q98100973	333574126950013433
Q98100974	6000000015366883514
Q98100979	6000000002500714597
Q98100980	6000000021271300042
Q98100981	6000000002500839333
Q98100985	6000000000088282020
Q98100987	6000000021271263104
Q98100988	6000000002500779402
Q98100989	6000000008048326125
Q98100990	6000000006330680576
Q98100999	6000000006330640803
Q98101003	6000000000484935935
Q98101015	6000000017123912115
Q98101016	6000000012104422900
Q98101018	6000000000426609115
Q98101019	6000000010964286134
Q98101021	6000000006668455180
Q98101022	6000000012104964807
Q98101023	6000000006895587110
Q98101024	6000000004351743846
Q98101025	6000000003030256689
Q98101026	6000000012125074601
Q98101028	6000000008048324122
Q98101124	6000000008511073741
Q98101287	6000000003617125800
Q98101288	5449996588580080273
Q98101291	6000000002528911246
Q98101292	6000000003077148660
Q98101293	6000000006963902123
Q98101294	6000000003634467165
Q98101299	6000000008488373908
Q98101315	6000000002193805386
Q98101321	6000000002850940856
Q98101919	6000000008488455901
Q981023	6000000083401780862
Q98102426	6000000008548060657
Q98102559	6000000008501835103
Q98102577	6000000016632356849
Q98102662	6000000056727496109
Q98102873	6000000004009557098
Q98102877	6000000003853718589
Q98102878	6000000000239957555
Q98102879	6000000000451323137
Q98102880	6000000000451348105
Q98102883	4537198203070021331
Q98102884	6000000008420303234
Q98102886	6000000002501311895
Q98102888	6000000002501253190
Q98102889	6000000002501350123
Q98102892	6000000012871078737
Q98102893	6000000009288831399
Q98102894	6000000009289119857
Q98102895	6000000000428456015
Q98102897	6000000000428502035
Q98102898	6000000015937697966
Q98102900	6000000012591755766
Q98102902	6000000000240036348
Q98102904	6000000007105613380
Q98102906	6000000002965152916
Q98102907	6000000000176746415
Q98102908	6000000000954540577
Q98102910	6000000006443461801
Q98102929	6000000006445060918
Q98102931	6000000003040502675
Q98102933	6000000003040451778
Q98102935	6000000002460132720
Q98102936	6000000000628868685
Q98102937	6000000026504420338
Q98102939	6000000002931126653
Q98102946	6000000006251989200
Q98103169	6000000001603255060
Q98103232	6000000004930106020
Q98103236	284393976560007163
Q98103237	6000000006444209297
Q98103240	6000000006348273835
Q98103241	6000000006444700705
Q98103245	6000000001578841279
Q98103247	6000000003495296060
Q98103248	6000000000276158870
Q98103251	6000000004850101847
Q98103252	6000000001550632601
Q98103254	6000000001550874440
Q98103257	6000000002908879482
Q981034	6000000025537587320
Q98103767	6000000006290050181
Q98103768	6000000002577292293
Q98103921	6000000003139312837
Q98103923	6000000022526829280
Q98106095	6000000089663168858
Q98106132	6000000006845796726
Q98107	6000000049075067938
Q98107437	6000000029076897821
Q98107452	6000000011087680053
Q98107557	6000000140192293913
Q98107582	6000000066008436289
Q98107713	6000000180727863881
Q98107715	6000000005255084178
Q98107807	6000000015582345094
Q98107810	6000000020800228645
Q98108231	6000000003490616258
Q98108232	6000000003490616265
Q98108237	6000000028398667557
Q98108239	6000000006110954093
Q98108240	6000000022329586303
Q98108243	6000000006846886171
Q98108244	6000000006444266948
Q98108249	6000000006445003785
Q98108250	6000000007121700494
Q981086	6000000014176466447
Q98108737	6000000013225695052
Q98108738	6000000017906536888
Q98108740	6000000000344073175
Q98108789	6000000012479057937
Q98108790	6000000000835157669
Q98109	295317664950002258
Q98109103	6000000008335050597
Q98109113	6000000025989562224
Q9810919	6000000075050201825
Q98109212	6000000016651604352
Q98109294	6000000030140479552
Q98109297	6000000056269391073
Q98109676	6000000019802189064
Q98109900	6000000006233634208
Q98109902	6000000002837068881
Q98109903	6000000002229949112
Q98110212	6000000001843024753
Q98110215	6000000001578868347
Q98110450	6000000022699418521
Q98110561	6000000022699437020
Q98112212	6000000023910617644
Q98112275	6000000025634261448
Q98112689	6000000006265114088
Q981138	6000000177996551833
Q981139	6000000004053961707
Q98115561	6000000000293450936
Q98115585	6000000000293452726
Q98115586	6000000000293448768
Q98115587	6000000000293448665
Q98115588	6000000003938270215
Q98115606	6000000000293450469
Q98115613	6000000003940638855
Q98115615	6000000000293464686
Q98115617	6000000007383955557
Q98115619	6000000000293502702
Q98115620	6000000000293502685
Q98115622	6000000003077570832
Q98115643	6000000000875468635
Q98116414	6000000017220297269
Q98116426	6000000003011010740
Q981166	6000000045405842910
Q98116664	6000000007400291349
Q981167	6000000047854649833
Q98117	6000000004096351651
Q981171	6000000060722580891
Q981183	6000000017063688968
Q98118828	6000000018085428733
Q98118833	6000000003583733519
Q98118979	6000000002494283126
Q98118994	6000000014984058622
Q98118995	6000000017307405513
Q98118996	6000000014984219602
Q98118997	6000000017341822108
Q98118998	6000000017341901009
Q98119000	6000000006356982615
Q98119001	6000000016381810265
Q98119003	6000000017307398542
Q98119037	6000000009850638551
Q98119038	6000000006356871832
Q98119702	6000000050886779159
Q98119790	6000000017063745300
Q98119808	6000000030548556809
Q98119808	6000000149925828821
Q98119857	6000000038832824258
Q98119880	6000000050891434835
Q981207	6000000020248179873
Q98120716	6000000019406429027
Q98120727	5094447077910127954
Q98121	6000000121065746853
Q98121517	6000000024626497893
Q98121663	6000000186272882051
Q98121858	6000000018574159279
Q98121915	6000000019610645411
Q98122013	6000000056277907094
Q98122120	6000000019076244783
Q98122192	6000000022949517869
Q981226	6000000017248591405
Q98123247	6000000085523114876
Q98126	6000000112943770831
Q98126899	6000000017878740187
Q98127267	3588186
Q981273	6000000069378073898
Q981280	6000000182203229849
Q98130	6000000056987405906
Q981304	6000000009713796308
Q981340	6000000004632190971
Q981342	6000000006097752393
Q98135	6000000069693909821
Q981350	6000000100146446877
Q98135060	6000000014582151847
Q98136450	6000000048392566942
Q98137024	6000000003769054742
Q98137725	6000000211919494833
Q98137727	6000000012107494201
Q98137729	6000000082554736880
Q98137739	6000000015163756548
Q98137759	6000000003354754515
Q98137827	6000000082554436920
Q981379	6000000026607656805
Q98137923	6000000078974852093
Q98137930	6000000014948027067
Q98137942	6000000019776720258
Q98137943	6000000186191796882
Q98137944	6000000021419143041
Q98139	6000000037494327410
Q98139647	6000000001913616324
Q981398	6000000012041262591
Q98139855	6000000190874725849
Q98140100	6000000035093887880
Q981406	6000000035960682965
Q98141	6000000078551546173
Q981416	6000000021790528461
Q981418	6000000027987978496
Q981419	6000000029812284784
Q98142	6000000077512271064
Q981423	6000000014643956016
Q98142370	6000000006290004246
Q98142376	6000000023643080852
Q98142383	6000000006290004225
Q98142384	6000000006290004129
Q98142386	361039332330004536
Q98142387	325687163930006526
Q981424	6000000047854903845
Q98142697	6000000024987519911
Q981427	6000000145844854836
Q98142975	6000000013163947422
Q981432	6000000184920464838
Q981439	6000000015741737223
Q981441	4305868415000043235
Q981443	6000000041199058633
Q981444	6000000183143362834
Q981448	5560408684960026564
Q981454	6000000040888482836
Q981455	6000000015912819103
Q981463	6000000039235295939
Q981473	6000000163756004841
Q981479	6000000007866877260
Q98148	6000000068765700886
Q98148465	6000000057278758898
Q98149245	4406295835510066184
Q98149249	6000000008231451161
Q98149267	6000000031476358810
Q98149272	6000000005937103500
Q98149299	6000000006900902345
Q98149301	6000000001723411610
Q98149304	4586866
Q98149372	6000000007445628995
Q98149374	6000000006900955320
Q98149403	6000000000544325479
Q98149489	6000000008770021154
Q98149603	6000000039817287659
Q98149646	6000000006900902415
Q98150	6000000166643531936
Q98150127	6000000009016427071
Q98150220	6000000040608310017
Q98150238	6000000041945494237
Q98150262	6000000015678466111
Q98150642	6000000034790803893
Q981517	6000000142667172828
Q98152467	6000000021948138014
Q98152487	6000000031833630476
Q98152742	6000000011544883188
Q98152862	328300861160004727
Q98152950	4950884369630041486
Q98152955	6000000059124483035
Q98152971	6000000078451871127
Q98153002	6000000214715358912
Q98153066	6000000041391712599
Q981531	6000000014884800225
Q981540	6000000020848115413
Q981548	6000000019058249055
Q981551	6000000012214116812
Q981554	6000000017193491590
Q981559	6000000039765140226
Q981561	6000000002240770927
Q981572	6000000014159933920
Q981598	6000000137113398853
Q981603	6000000129025460821
Q981630	6000000005439037047
Q98164234	4586920
Q981647	6000000129109751890
Q981657	6000000135990521821
Q981662	6000000030146679827
Q981668	6000000003049539422
Q98167248	6000000018597953989
Q981689	6000000017536669016
Q981692	6000000136981428837
Q981702	6000000002834938117
Q981751	6000000007012577301
Q981754	5277851302290074410
Q98176391	6000000034249571205
Q98178	6000000074793885073
Q981788	6000000069300017672
Q98178821	6000000000981847842
Q98179436	6000000057453102837
Q981795	6000000083867104206
Q98180296	6000000006590181779
Q981809	6000000160072828827
Q981811	6000000064848438071
Q98181571	6000000005955777102
Q98181573	6000000016476969777
Q98181575	6000000005955489082
Q98181576	6000000005954838957
Q98181577	6000000017618668021
Q98181579	6000000008077514700
Q98181580	3293904
Q98181631	6000000002766456756
Q981818	6000000033371522270
Q98182663	6000000007043094333
Q98184	6000000015128281360
Q981841	6000000039305830055
Q98184168	6000000043073925883
Q98184296	6000000018240132406
Q98184589	6000000077406186902
Q981847	6000000047018828981
Q98185137	6000000012817315276
Q98185195	6000000183590520862
Q98185321	6000000188793238841
Q98185330	6000000019658207221
Q98185364	6000000010954882659
Q98185370	6000000037559953139
Q98185421	6000000019854362044
Q98185681	6000000043136683188
Q98185729	6000000008669985185
Q98185969	6000000025996594356
Q981915	6000000051308326378
Q98191829	6000000009543700841
Q981927	4587207411010072251
Q98193495	6000000003678269702
Q98193581	6000000003678350309
Q98193704	6000000011151551330
Q98199231	6000000006984482022
Q98201939	6000000020370823858
Q98203329	6000000041492269055
Q98203365	6000000017484285133
Q98203758	6000000194860285832
Q982038	6000000188931552868
Q98204017	6000000174820268059
Q982044	6000000031466100224
Q98204575	6000000144004343960
Q98205703	6000000153789755926
Q982058	6000000017202297025
Q98205851	6000000023954187914
Q98206166	6000000018462819092
Q982067	6000000001602253168
Q982074	6000000155825169849
Q982085	6000000168838393041
Q98209	6000000004097649249
Q982095	6000000022248617880
Q98209986	6000000041187672138
Q982129	6000000002334840856
Q98212947	6000000018240251642
Q98212972	6000000037853256890
Q98213029	6000000019007843042
Q98213036	6000000000792365240
Q98213133	6000000014187789614
Q98213264	6000000038832992269
Q98213397	6000000028598677842
Q98213435	6000000027821375194
Q98213440	6000000029719149593
Q98213478	6000000000669487624
Q982137	6000000030352813282
Q98214458	6000000019209297143
Q98215	6000000076881478016
Q98215078	6000000004160985445
Q98215635	6000000011436689910
Q98216102	6000000044845353878
Q98216199	6000000002407307659
Q982170	6000000199437071821
Q98217353	6000000007312280299
Q982177	6000000007563170458
Q98217701	6000000002802236305
Q982182	6000000037698432379
Q982184	6000000002764722651
Q982189	5156606012260084651
Q982197	6000000001177934484
Q982237	6000000044191560978
Q982247	6000000012385051498
Q982251	6000000017360392147
Q98226	6000000012123763215
Q982270	6000000007463242342
Q982284	6000000061255457830
Q98228830	6000000011550713349
Q982314	6000000016243155659
Q982328	6000000029927460670
Q982339	6000000000041470596
Q982343	6000000001679175478
Q982351	6000000018069312950
Q982354	6000000040749488364
Q982358	6000000015957898025
Q982371	6000000027936866692
Q982374	6000000002873349428
Q982393	6000000135721167940
Q98239932	6000000197497579862
Q98239935	6000000197647192822
Q98239950	6000000197768188826
Q98239956	6000000197903689899
Q98239968	6000000212348506834
Q98240033	6000000078559590865
Q982401	6000000017781338501
Q982426	6000000010244918268
Q982432	6000000084233271223
Q982443	6000000028693418333
Q98245715	6000000024025030194
Q98245745	6000000003678857984
Q98245745	6000000143818624119
Q98245765	6000000011151398974
Q98245765	6000000143819426936
Q9825	6000000074750634862
Q982518	6000000000554446317
Q982519	6000000084841911941
Q982524	6000000068370073954
Q982529	6000000083439721264
Q982531	6000000137114693077
Q982546	6000000161383813902
Q982553	6000000145003224830
Q982561	6000000023149019575
Q982570	6000000178300427860
Q982571	6000000087023735844
Q98259	6000000057607624187
Q98260	6000000020068701838
Q982656	6000000020470543561
Q98266297	6000000005943614715
Q982664	6000000043133792916
Q982677	6000000024846874734
Q98268574	6000000105011251173
Q982686	6000000143185096947
Q982690	6000000040819894208
Q982694	6000000069452818998
Q98269407	6000000008592659656
Q982698	6000000030503887482
Q98270694	6000000103730197850
Q98271048	6000000000140624181
Q982712	6000000075753394821
Q98271333	6000000199506266883
Q98271504	6000000017402831021
Q98271535	6000000003077922529
Q98271682	6000000017709301299
Q98273168	6000000008653393286
Q98273302	6000000008340479005
Q98273379	6000000003277887497
Q98273380	6000000002172626210
Q98273381	6000000001728379412
Q98273382	6000000004629846055
Q982736	6000000027910974930
Q982739	6000000015385603386
Q98274446	6000000013225216759
Q98274846	6000000021503329910
Q98274851	360944833050002733
Q98274854	6000000027541190460
Q98274856	6000000004293225019
Q98274856	6000000115539651985
Q98274859	6000000001169736318
Q98274859	6000000115539651941
Q98274898	6000000001170311616
Q98274901	6000000003206625715
Q98275435	6000000010943970365
Q98275438	6000000010896128408
Q98275600	6000000010898937473
Q98275605	6000000004630793258
Q98275607	6000000000320855956
Q98275609	6000000001689972948
Q98275612	6000000003929176172
Q98275644	6000000000321503817
Q98275645	6000000001574842499
Q98275647	6000000001816155403
Q98275657	6000000001689972974
Q98275659	6000000017981736602
Q98275681	6000000006798270950
Q98275688	6000000002498664320
Q98275864	6000000018144973772
Q98276608	6000000014645859120
Q98276720	6000000032168014321
Q98276806	6000000014569742995
Q98277867	6000000191503800830
Q98277929	6000000138395551825
Q98278117	6000000180822105821
Q98278385	6000000041513607670
Q982789	6000000137994146852
Q982790	6000000182578885848
Q98280055	6000000015800629641
Q98280605	6000000040223763386
Q98280813	6000000048758315985
Q98281824	6000000001212923139
Q98281987	6000000042316064182
Q98283	6000000002936320792
Q982831	6000000014360892663
Q98284457	6000000042316311863
Q98284993	6000000190611839854
Q982853	6000000018296657867
Q98285974	6000000013302587689
Q982863	6000000176849654837
Q982865	6000000025876838351
Q98286787	6000000112872432160
Q982883	6000000009428563279
Q982895	6000000015068015106
Q982904	6000000005792173043
Q98291	6000000011692129106
Q98291981	6000000022800405151
Q98293486	6000000036272593554
Q982945	6000000134374751825
Q982948	6000000082665877069
Q982962	6000000002502790172
Q982965	6000000050523729233
Q982984	6000000152252689894
Q98301	6000000109107434068
Q98302763	6000000018007070420
Q983039	6000000028711635616
Q98304897	6000000146915746821
Q983055	6000000036928347384
Q983059	6000000010544979240
Q983062	6000000182782551869
Q98307020	6000000022789628708
Q98307492	6000000006595711060
Q98307499	6000000016704594346
Q983079	6000000034563345359
Q98308	6000000002629187414
Q983082	6000000006250431667
Q98309214	349123009740002163
Q983096	6000000042505327412
Q983116	6000000052127150967
Q983119	6000000047334571821
Q983122	6000000026664686850
Q983129	6000000026080517967
Q983152	6000000010048221115
Q983165	6000000022719730565
Q983167	6000000011524496905
Q983168	6000000062178337190
Q983170	6000000005438487624
Q983171	6000000025293964731
Q98318097	6000000027211243247
Q983184	6000000017692123966
Q983185	6000000000398945906
Q983186	6000000029304151091
Q983195	6000000020680379594
Q98322270	6000000029198007005
Q983227	6000000003827455182
Q983230	6000000006451469693
Q983232	6000000010588866422
Q983235	6000000018013965709
Q983236	6000000173382911883
Q983244	6000000017787663496
Q983248	6000000010588934918
Q983255	6000000014025987056
Q983258	6000000000028308473
Q98328	6000000180190640839
Q983286	6000000030946820418
Q983294	6000000177034505848
Q983312	6000000015498207833
Q983324	6000000004548717105
Q983325	6000000017955381402
Q983337	6000000071744967869
Q983339	6000000031417828849
Q983342	6000000007459618203
Q983345	6000000081184830269
Q98334573	6000000002893710308
Q983349	6000000018165899178
Q983351	6000000000825419918
Q983353	6000000033300714615
Q983356	6000000048928463939
Q98335703	6000000055981757101
Q983361	6000000018991437472
Q983364	6000000067474419907
Q983371	6000000021603761472
Q983380	6000000019125639107
Q983387	6000000012867779732
Q98339	6000000018208775098
Q98340	6000000006727781144
Q983408	6000000128732524962
Q983428	6000000046902658882
Q98343687	6000000033325876994
Q98344086	6000000168875759997
Q983454	6000000006089357398
Q98345460	6000000011980127434
Q98346128	6000000195672813835
Q98346482	6000000010625904003
Q98348850	6000000007014359847
Q98349	6000000037181758689
Q983516	6000000107716654854
Q983531	6000000033054549304
Q983532	6000000007392156183
Q983536	6000000003649784890
Q983576	4744604
Q983578	3381535
Q983590	6000000178995737842
Q983608	6000000015953796912
Q98361182	6000000075162202849
Q98363440	6000000010118999678
Q98363503	6000000021139318241
Q98363786	6000000086700747838
Q983641	6000000181198025829
Q98364891	6000000015771513343
Q983663	6000000003875793326
Q98368572	6000000037381384082
Q98368614	6000000025745899659
Q983700	6000000111895233848
Q983715	6000000209567367822
Q983721	6000000069497453231
Q98372206	6000000044210462799
Q98372848	6000000029797709052
Q98373093	6000000021476986729
Q98373096	6000000094481150821
Q98373099	6000000021476924228
Q98373102	6000000003939216637
Q98373106	6000000003939216412
Q98373109	6000000003939216616
Q98373112	6000000003939216725
Q98373123	6000000020077045019
Q98373161	6000000002931119017
Q98373164	6000000002931119058
Q98373170	6000000002931119551
Q98373183	6000000002908328688
Q98373189	6000000002931119587
Q98373400	6000000004328339576
Q98373402	6000000004328195974
Q98373405	6000000015976774239
Q98373432	6000000002953088854
Q98373466	6000000014210096569
Q98373470	6000000057197590836
Q98373477	6000000014210153587
Q98373486	6000000106891196827
Q98373492	6000000015285746883
Q98373497	6000000015286135108
Q98373501	6000000005483220880
Q98373503	6000000005486641003
Q98373506	6000000008300642860
Q98373506	6000000106891375849
Q98373525	5658959262700056831
Q98373534	6000000009034960631
Q98373537	6000000009034683806
Q98373545	6000000003939216503
Q98373548	302600216240001365
Q98373551	302600314210001376
Q98373554	6000000005233497177
Q98373554	6000000176165480929
Q98373561	6000000005233494270
Q98373716	6000000005441129382
Q98373730	6000000012367104454
Q98373738	6000000006233690543
Q98373827	6000000000796857773
Q98373839	6000000003274653300
Q98373846	6000000028763549450
Q98373850	6000000004005153666
Q98374	6000000071982926885
Q98375	6000000002765851154
Q98377	6000000004319146404
Q983771	6000000020357505176
Q983777	6000000001380087170
Q983777	6000000209567244826
Q983799	6000000020887789600
Q98380137	4491306796230077389
Q98380140	6000000105087806846
Q98380156	6000000004086650446
Q98380406	6000000177981650823
Q983807	6000000015747195576
Q98380740	5676630805930050580
Q98380794	6000000011688686088
Q98380899	6000000031983509218
Q98380955	6000000064588556876
Q98381210	6000000081301225322
Q98381234	6000000006563253878
Q98381301	6000000163418239803
Q983814	6000000043942800444
Q983820	6000000006784705226
Q98382019	6000000027025778733
Q98382222	4630725
Q98382225	6000000010119349304
Q98382227	6000000017788846873
Q98382239	6000000017855256749
Q98382244	6000000012915402075
Q98382259	6000000014046736150
Q98382267	6000000024065792037
Q98382268	6000000028355458648
Q98382277	6000000038764848064
Q98382289	6000000026904130573
Q98382300	6000000054542567901
Q98382304	6000000022194842913
Q98382383	6000000014630824445
Q98382465	6000000000572512045
Q983827	6000000006997621021
Q983831	6000000150774883005
Q98384790	6000000093548348851
Q98385	6000000022468444011
Q983855	6000000079374343422
Q983858	6000000040724150875
Q98386231	6000000003147071218
Q98386236	6000000003147071223
Q98386297	343627522080013101
Q98386300	342118548170013737
Q98386511	6000000021062665389
Q98386981	6000000023841654428
Q98387	6000000073964325833
Q98387045	6000000079576140899
Q98387201	6000000023842057469
Q98387574	6000000003076215083
Q98387755	6000000090388203058
Q983887	6000000029424952485
Q98389789	6000000021339849167
Q98389789	6000000208313119785
Q983898	6000000007390947771
Q983917	6000000014109001339
Q983924	6000000007954229848
Q983928	6000000002326640406
Q98393527	6000000027071440278
Q983940	6000000059098428420
Q98394566	6000000024947502171
Q98394848	6000000013717369304
Q983949	6000000015742452725
Q98394984	6000000013717046762
Q98395366	6000000024933995418
Q98395516	6000000014119916616
Q98396269	6000000021330241665
Q98396972	6000000158932654252
Q983980	6000000020603345377
Q983981	6000000059174229064
Q98398335	6000000003021092399
Q98398374	6000000033961560844
Q98398379	6000000020170316418
Q98398399	6000000019586507494
Q98398465	6000000000622533848
Q98398986	6000000077387529825
Q98399002	6000000015405241084
Q98399309	6000000141682828821
Q983994	6000000014479221508
Q98399576	6000000016756528028
Q98399693	6000000028404185100
Q983997	6000000001316261214
Q98399835	6000000003903711679
Q98399836	6000000006589410116
Q98399841	6000000002904764432
Q98399842	6000000003540977177
Q98399891	6000000020437072289
Q98399892	6000000020437157133
Q983999	6000000026981345013
Q98399915	6000000040452344828
Q98399986	6000000040296047719
Q98400009	6000000029206401014
Q98400042	6000000037815030254
Q98400043	6000000040296223518
Q98400044	6000000021088776346
Q98400046	6000000001843180872
Q98400082	6000000021088559722
Q98400083	6000000024415909358
Q98400084	6000000003939418157
Q98400089	6000000000984726140
Q98400100	6000000000250531575
Q98400101	6000000000250529259
Q98400102	6000000000250528736
Q98400106	339565552280006772
Q98400128	6000000019586584180
Q98400179	6000000019586290398
Q98400305	6000000064815114860
Q98400368	6000000001843180896
Q98400494	6000000041060801983
Q98400500	6000000091445821490
Q984006	6000000032741352266
Q984010	6000000042515765324
Q984014	6000000024820843114
Q984022	6000000081760883839
Q984033	6000000001826367282
Q984037	6000000012997559555
Q98404	6000000204033474824
Q98404850	6000000002726769216
Q984049	6000000041297628776
Q984053	6000000028085330218
Q98406083	6000000169756498046
Q98406706	6000000004319787932
Q98406721	6000000027419665586
Q98406992	6000000027420859406
Q98407514	6000000026422885750
Q98407516	6000000029645561579
Q98407517	6000000020021630568
Q98407518	6000000000629314353
Q98407519	6000000006100188345
Q98407542	6000000008378529400
Q98408515	6000000022098428045
Q98408773	6000000001180371211
Q98408778	6000000021384980664
Q98408782	6000000001180262617
Q98408786	5710243749920036356
Q984091	6000000157686169044
Q984116	6000000017696284760
Q98411938	6000000013641055864
Q98412693	6000000008519455106
Q98412850	6000000023059169322
Q98413456	6000000178289753825
Q984135	6000000080733782856
Q98413881	6000000013642371283
Q98414143	6000000018052348818
Q98414344	6000000013640751990
Q984151	6000000221731900965
Q984154	6000000176339523912
Q984172	6000000127604049094
Q984183	6000000035800820987
Q984186	6000000077111416179
Q984191	6000000069502420837
Q984203	6000000142886445913
Q984205	6000000054774282008
Q984209	6000000095894702934
Q98422	6000000010310692446
Q98422783	6000000019072033579
Q98422787	6000000001959389453
Q98422793	6000000000901884276
Q98422797	6000000000901958168
Q98422862	6000000000901726579
Q98422868	6000000000901707595
Q98422871	6000000003522581009
Q98422877	6000000002767651048
Q984248	6000000015188352601
Q984253	6000000018163398151
Q98426	6000000180098283876
Q984262	6000000020680441741
Q98426654	6000000211418846821
Q984269	6000000041057612153
Q98427	6000000111815287457
Q98427529	6000000039591175007
Q984278	4504991749880037523
Q984281	6000000004398812662
Q984282	6000000039233519008
Q984291	6000000011250231459
Q98430074	6000000001180378832
Q984309	6000000049897266844
Q984318	6000000015596588572
Q98431857	6000000005415197058
Q984327	6000000053206342166
Q98433502	6000000017718685075
Q98433554	6000000180285636825
Q98433867	6000000019734815188
Q98433898	6000000024567056924
Q98433919	6000000026060065231
Q984342	6000000023880185159
Q984347	6000000006402748403
Q98436	6000000086754170916
Q984367	6000000081267630926
Q98437206	6000000034366807738
Q984376	6000000014046592164
Q984378	6000000119382374821
Q98437812	6000000001362367282
Q98438	6000000021392901063
Q984383	6000000083120573986
Q984397	6000000025944364438
Q984399	6000000013505499582
Q984416	6000000010495732443
Q984423	6000000016403296047
Q98442680	6000000029948566878
Q98443483	6000000001730768308
Q984438	6000000140230574877
Q98445	6000000006097752601
Q984450	6000000027759007074
Q98446	6000000035451148061
Q98446045	6000000177176300847
Q98446330	6000000090053189963
Q98446807	6000000179886271852
Q98448	6000000215039964825
Q98448911	6000000026179469411
Q98448935	6000000036395420268
Q98448938	6000000036444199913
Q98449	6000000004209845485
Q98450595	6000000057329002075
Q98450613	6000000006167026409
Q984509	6000000034493353250
Q98452	6000000001504693732
Q98453	6000000014607554303
Q98454	6000000044494050990
Q984545	6000000011228107398
Q98454787	6000000006667976969
Q98454816	6000000000240019899
Q984551	6000000004275296129
Q98455756	6000000002066051541
Q98455942	6000000086306694567
Q98455990	6000000020801211648
Q984561	6000000103469034043
Q984563	6000000008449611088
Q98456356	6000000002451717569
Q98456385	6000000147716566909
Q98456432	6000000041168357118
Q98456434	6000000000333079576
Q984566	6000000020018836104
Q98456845	6000000017982266463
Q98456963	6000000147728022834
Q98457184	6000000010561864045
Q98459	6000000027949850124
Q98460	6000000023511351180
Q984602	2800930
Q984608	6000000016648302950
Q98461275	6000000104319201957
Q98462185	6000000012118993352
Q98462340	6000000031950770862
Q98464629	6000000006290096526
Q98464642	6000000006290092717
Q98464686	6000000139296860872
Q98465494	6000000139296243981
Q984655	6000000140180054941
Q98465641	6000000000696737248
Q98465648	6000000021749812047
Q98465944	6000000065531715894
Q98465948	6000000000312982496
Q98473420	6000000111574758046
Q98476	6000000003312705081
Q98476583	6000000089302608867
Q98479303	6000000068365659279
Q98480249	6000000097126064858
Q98480665	6000000006951673851
Q984826	6000000014059881901
Q984826	6000000031920892511
Q98486	6000000062457217949
Q98492493	6000000189473220821
Q984937	6000000014608723872
Q98496171	6000000083453176264
Q98496202	6000000037686751096
Q98497174	6000000008231455500
Q98497331	6000000009967714809
Q98497378	6000000016395125164
Q98497380	4586836569690011975
Q98497381	6000000000426682646
Q98497388	6000000008739528604
Q98497389	6000000008739628098
Q98498457	6000000016395024547
Q98501	6000000095364438880
Q98502	6000000027180841733
Q98507563	6000000015732322088
Q985078	6000000036133534986
Q98509665	6000000178318219834
Q98515289	5676611649050132016
Q98518296	6000000035479877253
Q985199	6000000007394230665
Q98520076	6000000000580488110
Q98520189	6000000020009768930
Q98522607	6000000002722566575
Q98523442	6000000022963199414
Q98523453	5294696807050048863
Q98524	6000000022482699832
Q98525440	6000000019035439558
Q98525639	6000000022694276143
Q98526067	6000000105880241899
Q98526193	6000000057782181891
Q98526219	6000000037478722764
Q98526801	6000000049862552988
Q98526826	6000000211453939825
Q98528359	6000000026701139609
Q98528628	6000000023780863309
Q98528635	6000000036130050623
Q98528640	6000000000756780278
Q98528641	6000000004293581630
Q98528642	6000000007533321805
Q98528651	6000000006981761667
Q98528656	6000000008240938392
Q98528658	6000000065328249954
Q98528666	6000000029948463950
Q98529	427863
Q98536147	6000000018812436086
Q98536159	6000000034959635039
Q98536289	6000000081929481392
Q98538521	6000000047989312448
Q98538561	6000000056948592150
Q98538562	6000000010627541140
Q98538568	6000000000435800244
Q98538684	6000000003805820957
Q98538733	6000000024846404826
Q98538848	6000000024846550287
Q98538860	6000000026213144623
Q98539452	6000000003806038121
Q98540691	6000000004462631018
Q98541105	6000000067169433935
Q98541155	6000000010883510348
Q98541455	6000000010884245749
Q98542027	6000000005070821241
Q98542205	6000000055952799898
Q98544492	6000000004059311147
Q98544525	6000000006348751123
Q98544530	6000000006777642020
Q98544548	6000000038038145354
Q98544575	6000000004577356204
Q98544583	6000000001090794729
Q98544624	6000000000038735291
Q98544650	6000000004047295419
Q98544655	6000000002354608266
Q98544664	6000000004047347627
Q98544668	6000000071007162215
Q98544672	6000000049742787842
Q98544676	6000000038050741290
Q98544713	6000000009831221294
Q98544742	6000000080897089906
Q98544754	6000000001096333186
Q98544773	6000000001096333174
Q98544781	6000000003932001798
Q98544783	6000000158845150998
Q98544869	6000000002250504706
Q98544977	6000000019910305295
Q98545	6000000036157854254
Q985450	6000000074758372304
Q98545191	6000000003931963449
Q98545233	6000000172001804891
Q98545287	6000000073380417652
Q98545377	6000000003914650852
Q98545413	6000000035460919135
Q98545441	6000000083428190259
Q98545580	6000000003997394910
Q98545590	6000000003744939541
Q98545593	6000000007827302663
Q98545611	6000000006127409027
Q98545615	6000000034700720940
Q98545639	6000000003261150800
Q98545659	6000000034890165341
Q98545689	6000000006127170920
Q98545697	297076069120005445
Q98545702	6000000006127322599
Q98545776	6000000084119393602
Q98545892	6000000038546437962
Q98545895	6000000004146971047
Q98546076	6000000019848217429
Q98548107	6000000001730774581
Q98549308	6000000033690602365
Q98549554	6000000173825181942
Q98549570	6000000005069425758
Q98550904	6000000019596825123
Q98551631	6000000041063970097
Q98552103	6000000088292706845
Q985522	6000000075606202906
Q98553587	6000000033964530549
Q98553688	6000000014092773233
Q98554	6000000002188456891
Q98555158	6000000023376571180
Q9855528	6000000018500379082
Q98556151	6000000129339342877
Q98556667	6000000001535226415
Q98557198	6000000039365722086
Q98557400	6000000017694656504
Q98558284	6000000046331908149
Q98558437	6000000019642766450
Q98558441	6000000017026996458
Q98558791	6000000019642692696
Q98558916	6000000019642367889
Q98559236	6000000019642861043
Q98563020	6000000021865593770
Q98563222	6000000064576327864
Q98563267	6000000090290043046
Q98563285	6000000084510307873
Q98565908	6000000064578075892
Q98566321	6000000172969548242
Q98567739	6000000064577613958
Q985719	6000000183229179821
Q985731	6000000074749313955
Q98574	6000000061932687157
Q98576915	6000000002238480957
Q98577	6000000182206228294
Q98577515	6000000002238496486
Q98578355	6000000002247442580
Q98578646	6000000051141533951
Q98582416	6000000083197898078
Q98582441	6000000060783195040
Q985861	6000000074727133135
Q98593061	6000000022134879520
Q98593126	6000000032349842235
Q98593154	6000000176668462911
Q98593213	6000000021706445349
Q98593461	6000000004593043725
Q98593533	6000000023969572096
Q98593668	6000000003405466054
Q98594118	6000000097128842028
Q98594427	6000000012238108166
Q98594469	6000000037064295861
Q98594518	6000000029199055033
Q98594637	6000000026324321306
Q98594898	6000000147239628102
Q98594960	6000000016147548488
Q98595004	6000000181392333854
Q98595273	6000000178230164821
Q98596441	6000000089626498858
Q98596743	6000000012704179131
Q98597071	6000000008259887073
Q98597132	6000000005441228693
Q98598138	6000000031142986046
Q98598292	6000000069461045885
Q98598293	6000000020932597570
Q98598296	6000000013741896901
Q98599	6000000002606796117
Q98599284	6000000006653671604
Q98600	6000000023716670790
Q98600068	6000000007962481288
Q98600074	6000000015020485593
Q98600262	6000000054837732935
Q98600285	6000000007962595756
Q98600289	6000000000484929672
Q98600330	6000000033076544147
Q98600454	6000000003171752320
Q98600466	6000000075263348821
Q98600612	6000000011570622685
Q98601133	6000000189949581838
Q98601322	6000000180108300848
Q98601383	6000000020708864296
Q98602	6000000020344272611
Q98602735	6000000024152688892
Q98602835	6000000025190635883
Q98603040	6000000081465094064
Q98603183	6000000021706403595
Q98603292	6000000069288230875
Q98603345	6000000102942783821
Q98605478	6000000011570457730
Q98605479	6000000015163775347
Q98605695	6000000102783044031
Q98608792	6000000009862037622
Q98608833	6000000017242073582
Q98608873	6000000039580449911
Q98608887	6000000027087043936
Q98609188	6000000118379439826
Q98609846	6000000006348480658
Q98609886	6000000000666788151
Q98611200	6000000085604644859
Q986126	6000000071416480154
Q98622387	6000000011967656045
Q986235	6000000178578476859
Q98627	6000000033097253398
Q98627872	6000000002794405118
Q98635242	6000000031943183964
Q98635257	6000000177310418910
Q98635276	6000000031942828385
Q98635298	6000000009106492814
Q98635839	6000000032889848265
Q98635921	6000000009106731353
Q98635993	6000000186982978924
Q98636046	6000000011136289281
Q98636108	6000000058212586058
Q98636183	6000000075272298846
Q98636191	6000000007416785499
Q98636289	6000000000659501966
Q98636317	6000000086765199898
Q98636692	6000000178257877837
Q98637257	6000000019616954706
Q98637439	323769816320005393
Q98637566	6000000023780900338
Q98639268	6000000022628829467
Q98639283	6000000008689911164
Q986393	6000000043660624978
Q98639307	6000000009532668198
Q986397	6000000009835937898
Q98640184	6000000023781018208
Q98640323	6000000025919198949
Q98640441	6000000019572524034
Q98640473	3936690781560051638
Q98640575	364108250050001390
Q98640674	364484988970007560
Q98642587	6000000019351585298
Q98643	6000000023473095440
Q986444	6000000008779951682
Q98644858	6000000008690036041
Q98645838	6000000074906800859
Q98645933	6000000045699895949
Q98646326	6000000006714874049
Q98646330	6000000006714820211
Q98646335	6000000032508874487
Q98646338	6000000032508946316
Q98646341	6000000032516172095
Q98646345	6000000032516091190
Q98646352	6000000003686104393
Q98646356	6000000000117957357
Q98646652	6000000006595769328
Q98646660	6000000013204168877
Q98646665	6000000013204168854
Q98646695	6000000032982318646
Q98646726	6000000002073284139
Q98647017	6000000032019729891
Q98647985	6000000002073263065
Q98649083	6000000179050228834
Q98649268	6000000091046765910
Q98652108	6000000043956204038
Q98652929	6000000012090469060
Q98662176	6000000070497191845
Q986651	6000000075327448507
Q986653	6000000074753979831
Q98665902	6000000022803478675
Q98667503	6000000002576817950
Q98667592	6000000035732241782
Q98667592	6000000124262627866
Q98668787	6000000002574205671
Q98668820	6000000043955328327
Q98669	6000000020387514299
Q98669394	6000000077454418928
Q98676	6000000005608062358
Q98678	6000000015292193382
Q98681312	6000000068806488120
Q98681591	6000000076807774306
Q98683852	6000000002508876344
Q98683874	6000000007014434098
Q98683916	6000000010698579857
Q98683947	6000000010011896320
Q98684005	6000000010852501611
Q98684030	6000000025068784237
Q98684170	6000000178828818829
Q98684222	6000000178704422831
Q98684389	6000000108292597843
Q98684461	6000000177873743899
Q98684462	6000000013286120406
Q98684836	6000000029917053827
Q98685585	6000000023424622229
Q98686	6000000180952541937
Q98686	6000000193371621830
Q98686635	6000000027665546590
Q98686888	6000000051411262822
Q98687	6000000032392731872
Q98688224	6000000002799069037
Q98688225	6000000003772730597
Q98688227	6000000029877124137
Q98688255	6000000026392734776
Q98688257	6000000003966465873
Q98688305	6000000023781097855
Q98688309	6000000002799069030
Q98688321	6000000007554444820
Q98688327	6000000002907025481
Q98688480	5378839606790135643
Q98688490	6000000007554739220
Q98688506	6000000015720854454
Q98688547	6000000019070414436
Q98688548	6000000019070247645
Q98688724	6000000034548174037
Q98689088	6000000028188003086
Q986897	6000000022684868954
Q98689747	6000000006128024256
Q98690001	6000000009856159559
Q98690296	6000000039378661041
Q98690470	6000000024088478282
Q98690485	6000000070312642074
Q98690570	6000000030553651587
Q98690595	6000000015595140201
Q98692	6000000031220240971
Q98692384	6000000008968397519
Q98693	6000000040632803344
Q98693724	6000000017972442987
Q98696910	6000000017781412162
Q98696913	6000000017781169404
Q98696917	6000000017781069184
Q98696919	6000000017780852624
Q98696922	6000000017781086108
Q98696925	6000000000851912072
Q98696928	6000000001690026680
Q98696931	6000000001690023729
Q98696933	6000000001690023708
Q98696937	6000000005344857001
Q98696950	6000000006912073934
Q98697087	6000000003285762603
Q98697410	6000000008970658895
Q98697412	6000000001553327927
Q98697416	6000000008530249743
Q98697421	6000000001135080330
Q98697423	6000000001135009262
Q98697425	6000000004990807653
Q98697428	6000000000873534865
Q98697431	6000000010422582458
Q98697434	6000000010422136965
Q98697440	4189259295330027118
Q98697443	6000000001553502082
Q98697449	6000000011572223430
Q98697452	6000000000873204884
Q98697455	6000000001553189474
Q98697462	6000000000868285114
Q98697466	6000000026269860866
Q98697563	6000000002766664410
Q98697579	6000000003939876218
Q98697591	6000000003939876056
Q98697595	6000000002080981493
Q98697596	6000000002081032304
Q98697620	2853073
Q98697732	6000000002350707457
Q98698340	6000000007415220794
Q98698461	6000000009887806307
Q98698463	6000000003263170452
Q98698479	6000000008603865497
Q98698482	6000000009901147702
Q98698484	6000000003366674385
Q98698486	6000000002419491410
Q98698497	6000000015611161054
Q98698538	6000000009306687273
Q98698541	6000000008761581947
Q98698544	6000000008761620373
Q98698547	6000000011011368788
Q98698558	6000000007398420655
Q98698562	6000000008626941204
Q98698567	6000000003367011468
Q98698570	6000000007398633364
Q98698601	6000000011026373876
Q98698604	6000000009165979062
Q98698610	6000000011397917608
Q98698616	6000000009164804243
Q98698623	6000000001272069278
Q98698649	6000000009046356684
Q98698652	343551521640013076
Q98698661	6000000003293739175
Q98698677	6000000018780680548
Q98698680	6000000018781112203
Q98698746	6000000002419868851
Q98698819	6000000001272113006
Q98698823	6000000007372858257
Q98698831	6000000010119457388
Q98698872	6000000007372879212
Q98698930	6000000000701231928
Q98699128	6000000205373908845
Q98699130	6000000010983479677
Q98699137	6000000010983499309
Q98699170	6000000003294993485
Q98699172	6000000003294995652
Q98699174	6000000007376627799
Q98699181	6000000003295144052
Q98699183	6000000011322849934
Q98699208	6000000008761383085
Q98699210	6000000010092439622
Q98699212	6000000008761639747
Q98699214	6000000008934219786
Q98699224	6000000007377904568
Q98699225	6000000007378088365
Q98699226	6000000007377901649
Q98699380	6000000179776160054
Q98699399	6000000000608528290
Q98699401	6000000000608524996
Q98699414	6000000023157152429
Q98699416	6000000023157186235
Q98699418	6000000023156492685
Q98699421	6000000023156816616
Q98699423	6000000023157361069
Q98699425	6000000082436960851
Q98699427	6000000074718853472
Q98699483	6000000005234894482
Q98699485	6000000008010007854
Q98699488	6000000176005329859
Q98699491	6000000176005329867
Q98699524	6000000002931141616
Q98699526	6000000003794589757
Q98699528	6000000002931141608
Q98699533	6000000003794673030
Q98699535	6000000005597209085
Q98699537	6000000003177164336
Q98699584	6000000008471112577
Q98699585	6000000008471294390
Q98699587	6000000008471379215
Q98699590	6000000008471257502
Q98699592	6000000005561598422
Q98699594	6000000002066243314
Q98699596	6000000002409717799
Q98699598	6000000002409723030
Q98699603	6000000005913715134
Q98699608	6000000011538965018
Q98699611	6000000011539265207
Q98699616	6000000006253676050
Q98699617	6000000006453074007
Q98699619	6000000001210956051
Q98699621	6000000006444687785
Q98699623	6000000005908860903
Q98699626	6000000005909335328
Q98699627	6000000002931165925
Q98699633	6000000011539255298
Q98699825	6000000002447397276
Q98699829	6000000002447397260
Q98699838	6000000002447397244
Q98699840	6000000002447397229
Q98699842	6000000002447397216
Q98699844	6000000002447397223
Q98699905	6000000010238958267
Q98699909	6000000003942583526
Q98699924	6000000000336789914
Q98699928	6000000003937839015
Q98699933	6000000019240728618
Q98699941	6000000002024178626
Q98699945	6000000002024178632
Q98699958	6000000058017702990
Q98699961	6000000036536154857
Q98699963	6000000036536034948
Q98699965	6000000036535399078
Q98699969	6000000036535486038
Q98699991	3076224
Q98699993	3076213
Q98699995	6000000004536069051
Q98699998	6000000027919835993
Q98700001	6000000004535918864
Q98700003	6000000004536032165
Q98700009	3076218
Q98700079	6000000004561137013
Q98700082	6000000004638523095
Q98700213	6000000010449251579
Q98700215	6000000024672327186
Q98700217	6000000010449142169
Q98700219	6000000025703014373
Q98700221	6000000024671018246
Q98700224	6000000010449592429
Q98700226	6000000010449545827
Q98700233	6000000010449483281
Q98700235	6000000010449194191
Q98700238	6000000010449350322
Q98700249	6000000010449189187
Q98700260	6000000010449471486
Q98700262	6000000010449489408
Q98700264	6000000010449446315
Q98700389	6000000017191829037
Q98702372	6000000012989953843
Q98704198	6000000006127808571
Q98704434	323727214470007817
Q98704509	6000000064953107994
Q98704510	6000000009669276822
Q98704511	6000000011471825756
Q98704517	6000000024295934924
Q98704519	6000000004592999967
Q98704525	6000000009669254483
Q98704528	374137579210003920
Q98704530	6000000009669118327
Q98704531	6000000015194276311
Q98704532	6000000038461364121
Q98704533	6000000009668803838
Q98704534	6000000002799139584
Q98704534	6000000188685405872
Q98704535	6000000002799144160
Q98704535	6000000188685498877
Q98704536	6000000009668963801
Q987070	6000000180096128826
Q98708293	6000000014500049815
Q98708553	6000000035338766403
Q987090	6000000012669858624
Q98709425	6000000017906317154
Q98709545	6000000017012353191
Q98714	6000000143187540898
Q98715	6000000178556840892
Q987153	6000000001984585370
Q98716179	6000000012162998688
Q98716382	6000000003123423090
Q98716893	6000000021722112984
Q98716911	6000000020638464771
Q987263	6000000180096153839
Q98731	6000000000469748907
Q98732767	6000000001550535179
Q98735601	6000000012713586812
Q98738849	6000000014129879087
Q98739015	6000000034767989094
Q98739565	6000000034782210145
Q98740293	6000000176175370942
Q98740719	6000000055018589896
Q98741032	6000000002908959041
Q98741457	6000000002908959002
Q98741463	6000000003077156253
Q98742	6000000107963071853
Q98743449	6000000115408149824
Q98744478	6000000009878131718
Q98744480	4190185833920127129
Q98744620	4190184556980041904
Q98744885	6000000115407911926
Q987464	6000000038545764910
Q98747887	6000000115408764831
Q98749723	6000000115408541883
Q987518	6000000007570609886
Q98751846	6000000115408283941
Q98754	6000000069520769863
Q98754162	6000000082783552180
Q98754830	3840286
Q98754864	6000000180459912884
Q98754943	6000000115408725902
Q98754999	6000000114005528859
Q98755040	6000000077149016971
Q98755118	6000000090148673821
Q98755298	6000000016022974146
Q987553	6000000112531391964
Q98755333	6000000026504048666
Q98755341	6000000026504479747
Q98755904	6000000031309863307
Q98756518	6000000027234945851
Q98760108	6000000027234629647
Q98760254	6000000027234819517
Q98760333	6000000006708035097
Q98760394	6000000022098086676
Q987617	6000000006742124205
Q987619	6000000006742458045
Q987621	6000000006742123722
Q987630	6000000041049522474
Q98765492	6000000064412170885
Q98765819	6000000107566030009
Q98766150	6000000014776700869
Q98766574	6000000115406642356
Q98767700	6000000078033353402
Q98767743	6000000036594881138
Q98768187	6000000026730130862
Q98768299	6000000063628304890
Q98768340	6000000063628167962
Q98768385	6000000011478974614
Q98768670	6000000176736449838
Q98771928	6000000015053592409
Q98771931	6000000000554802638
Q98771936	6000000005738780735
Q98771939	6000000007369667679
Q98772090	6000000000554880450
Q98772093	6000000003242783896
Q98772098	6000000000323104575
Q98772112	6000000000815014096
Q98772253	6000000000008613700
Q98772596	6000000001888285897
Q98772599	6000000001888553085
Q98772602	5262922313930101360
Q98772611	6000000001888589427
Q98772615	6000000001890107803
Q98772617	6000000000557833934
Q98772828	6000000001889947590
Q98772832	5598945196020031346
Q98773101	5262924986530084544
Q987732	6000000086699138843
Q98773217	6000000001888522271
Q98773220	6000000000526826028
Q98773225	6000000007604819952
Q98773235	6000000007605281675
Q98773240	5643500508420043426
Q98773464	6000000010022043737
Q98773468	6000000010021607900
Q98773471	6000000001757297511
Q98773568	6000000020534652738
Q98773611	5255395415770066260
Q98773615	5255386991650118534
Q98773618	6000000002930913465
Q98773650	5255391305870129775
Q98773653	6000000001722019042
Q98773658	6000000001721867650
Q98773789	6000000005454291014
Q98773797	5255412415550083388
Q987743	6000000022201170664
Q98776883	6000000024433869026
Q98779	6000000039354765082
Q98781058	6000000030000569391
Q98781530	6000000014347206428
Q98782270	6000000045282418017
Q98785135	6000000021106756694
Q98785139	6000000021107474090
Q98785150	6000000021107393345
Q98786090	6000000002315786918
Q987863	6000000000453963574
Q98788243	6000000099604519866
Q98789	6000000049395592855
Q98791623	6000000020569404644
Q98792345	6000000180755937846
Q98792830	6000000094849220110
Q98793238	6000000021661637203
Q98794	6000000035026331700
Q98801384	6000000024890357045
Q98803326	6000000000414177278
Q98803886	6000000048003505864
Q98804187	6000000006368222068
Q98804321	6000000028220663118
Q98804823	6000000001009213159
Q98805166	6000000040281050487
Q98805429	6000000006347117861
Q98806963	6000000006347366694
Q98807063	6000000018604555668
Q988072	6000000068387469821
Q98807202	6000000010597804517
Q98807375	6000000003141439009
Q98808	6000000015451704546
Q98808411	6000000006347230389
Q98808738	6000000054990622176
Q98809	6000000018909903204
Q988107	6000000141002566132
Q988121	6000000141003721955
Q988129	6000000017562503982
Q98815360	6000000020376592378
Q98818349	6000000015811369256
Q98818502	6000000181873971867
Q98819323	6000000016585738467
Q98820	6000000041851489907
Q988207	6000000166192946821
Q98821796	6000000038940095046
Q98821842	6000000039660394905
Q98821946	6000000091867262930
Q98822179	6000000010259642576
Q98822188	6000000181879659843
Q98822394	6000000013796673548
Q98822406	6000000013236235185
Q98822653	6000000006348355501
Q988227	6000000166192064094
Q98822733	6000000004404754603
Q98823	6000000011480239473
Q98825302	6000000162673226838
Q98825445	6000000011866467614
Q98829881	6000000064144212889
Q98831166	6000000073499596893
Q988327	6000000140459150869
Q98833	6000000022199302840
Q98833067	6000000124424128821
Q98834079	6000000040998408539
Q98834445	6000000073203965363
Q98834499	6000000172651377084
Q98834502	6000000035552301371
Q98834503	6000000035552573419
Q98834505	6000000007014351203
Q98834740	6000000002764531323
Q98834758	6000000055953221825
Q98834768	6000000037408426445
Q98834783	6000000007014361982
Q98834796	6000000179420000825
Q98834804	6000000070502002748
Q98834805	6000000021890512733
Q98834806	6000000021890454381
Q98834817	6000000025752297852
Q98834818	6000000003240616858
Q98834839	6000000019037296112
Q98834840	6000000043830129704
Q98834848	6000000070228003065
Q98834853	6000000014872243767
Q98834854	6000000051476320889
Q98834904	6000000114848551058
Q98834944	6000000105906099943
Q98834945	6000000075330154830
Q98834947	6000000014621116183
Q98834971	6000000175780704822
Q98834992	6000000004097663155
Q98835332	6000000026815525944
Q98835819	6000000004969795211
Q98836238	6000000038928749353
Q98836286	6000000001504383953
Q98837531	6000000015741173279
Q98838331	6000000177953042891
Q98839	6000000038363588439
Q98839171	6000000041767275858
Q98839190	6000000041766972525
Q98840954	6000000080651700889
Q98840962	6000000007977521889
Q98840981	6000000080651063283
Q98841373	6000000052985584283
Q988415	6000000007017395257
Q988417	6000000072375492842
Q98842345	6000000026480734367
Q98842670	6000000027029843891
Q98842875	6000000009207064603
Q98842959	6000000007374878374
Q988431	6000000030648641805
Q988433	6000000024787996426
Q98843344	6000000017838964445
Q988434	314276708460002131
Q98844685	6000000006347912866
Q98844942	6000000038900052043
Q98845	6000000036923397347
Q98846	6000000179144797860
Q98846018	6000000169630643911
Q98847889	6000000181561392852
Q98847924	6000000032118668229
Q98847976	6000000035038891345
Q98848085	6000000124349171826
Q98848127	6000000039592202186
Q98848212	6000000063372078821
Q98848214	6000000077478796161
Q98848222	6000000008340682003
Q98849326	6000000163841450930
Q9886	6000000074750512964
Q98860114	6000000000004518364
Q98863	6000000135660658925
Q98866	6000000021329929945
Q98867607	6000000019596306654
Q988703	6000000059472736852
Q98873	6000000002300492520
Q98875036	6000000008397609590
Q98876874	6000000007574113083
Q98878	6000000003484245938
Q988806	6000000159434545852
Q98883	6000000071163086599
Q98884495	6000000004870572139
Q98887	6000000034394690474
Q988871	6000000001035670944
Q9889	6000000074750668898
Q98892	6000000141995153835
Q988920	6000000032699348148
Q98893260	6000000067596078821
Q98894051	388495522530004205
Q98895367	388498890270012472
Q98895471	388499150850010523
Q98895502	388504195800003200
Q989	6000000010258496905
Q98900210	6000000004693047353
Q98901	6000000008015237124
Q98907751	6000000017731953195
Q98907830	6000000061002104854
Q98907832	6000000017975579699
Q98907837	6000000013299436292
Q98907874	6000000033390176222
Q98907876	6000000040350759315
Q98907900	6000000063198579957
Q98907964	6000000015856422149
Q98907986	6000000088182017152
Q98908017	6000000007014434139
Q98908034	6000000103256377301
Q98908082	6000000012622674604
Q98908145	6000000015724224571
Q98908164	6000000024290311544
Q98908173	6000000116322583966
Q98908175	6000000015749807625
Q98908186	6000000181870026824
Q98908189	5283453617940105363
Q98908190	6000000154394085851
Q98908191	6000000024568012090
Q98908194	6000000195471205847
Q98908196	6000000007014445234
Q98908219	6000000082656302976
Q98908236	6000000076673468088
Q98908238	6000000058453948843
Q9891	6000000074750675857
Q98910176	6000000003123855877
Q98912135	6000000003123855871
Q98912335	6000000015435535751
Q98913032	6000000010010528358
Q98915428	6000000020472974099
Q98915444	6000000020472569688
Q98915456	366876762330013582
Q98915468	6000000018023423086
Q98915661	6000000029278094046
Q98917998	6000000081331697888
Q98918305	6000000070776397395
Q98918529	6000000081331387074
Q98918722	6000000083003116096
Q9892	6000000074750749822
Q98923	6000000036833158927
Q98923387	6000000025955628003
Q98923739	6000000002802328645
Q98924046	6000000019493630320
Q98924222	6000000010154589266
Q98924224	6000000001608822977
Q98924225	6000000001608881346
Q98924226	6000000043960965211
Q98924227	6000000014153330764
Q98924252	6000000004086366944
Q98924275	6000000007437711680
Q98924872	6000000084567819896
Q98925259	6000000036538867723
Q98925277	6000000021017407184
Q98925334	6000000001596644328
Q98925370	6000000006575370978
Q98925440	6000000009967518553
Q98925471	6000000035962637946
Q98925492	6000000013034731458
Q98925501	6000000153555992821
Q98925508	6000000029073774708
Q98925509	6000000013740637321
Q98925510	6000000016348137381
Q98925527	6000000091839755828
Q98925588	6000000006576260343
Q98925615	6000000006575252982
Q98925671	6000000068533968941
Q98925674	6000000002387039227
Q98925679	6000000009967435001
Q98925682	6000000030184595630
Q98925684	6000000002129678801
Q98925685	6000000030184494886
Q98925686	6000000006575936004
Q98925688	6000000055614812028
Q98925703	6000000002251543273
Q98925706	342360283580006182
Q98925707	6000000006444200020
Q98925708	6000000006444235489
Q98925726	6000000045776960101
Q98925729	6000000030184374039
Q98925730	6000000007962627490
Q98925735	6000000002248129799
Q98925934	6000000018405614465
Q98926	6000000015843324724
Q98926049	6000000013381365919
Q98926050	6000000013380819967
Q98926051	6000000002440538848
Q98926053	6000000002597663786
Q98926056	6000000000770087645
Q98926061	6000000002597790233
Q98926066	6000000015564403533
Q98926067	6000000028959868007
Q98926068	6000000049743067822
Q98926070	6000000049743023855
Q98926071	6000000007454748197
Q98926073	6000000007454747835
Q98928503	6000000025167246041
Q989290	6000000183826043831
Q98929146	6000000175340623555
Q98929154	6000000002823396306
Q98929169	6000000003631483043
Q98929231	6000000008292721002
Q98929999	6000000103904071008
Q98930292	6000000178141848830
Q98930493	6000000008871484007
Q98931393	6000000049971413821
Q98931406	6000000024454258130
Q98931437	6000000024454690369
Q98931467	6000000033208170887
Q98932	6000000080544434341
Q98934772	6000000027295124710
Q989348	6000000002639922483
Q98936402	6000000009136933517
Q98937798	6000000011206762173
Q98938377	6000000013450903634
Q98939013	6000000013451030533
Q98943	6000000130273317850
Q989434	6000000022448838181
Q98949	6000000031017217851
Q98950273	6000000035982274389
Q989530	6000000011105073067
Q98953922	6000000010925648504
Q98955542	6000000008063654215
Q98956249	6000000012810449468
Q98956715	6000000019230605184
Q989568	6000000021096133193
Q98957	6000000025946571012
Q98958	6000000041454452691
Q98959058	6000000026996788593
Q98959525	6000000084791958923
Q98959982	6000000018186681507
Q98959983	6000000015435413595
Q98960236	6000000017027392171
Q98960364	6000000033945588481
Q98960368	6000000033946415866
Q98960386	6000000033946332823
Q98960466	6000000030708119232
Q98960517	337777380430014429
Q98960938	6000000003086966022
Q98960939	6000000008560139883
Q98960940	6000000008559860979
Q98960941	6000000008788903626
Q98960942	6000000008560333035
Q98960943	6000000002766672689
Q98960946	6000000008796403883
Q98960948	6000000008560697526
Q98960949	6000000002766690167
Q98960950	6000000007603536713
Q98960952	6000000018330441278
Q98960960	6000000032391850934
Q98960981	6000000000172423713
Q98961072	6000000000276159431
Q98961093	6000000030844313123
Q98961101	6000000011309114348
Q98961151	6000000031959920993
Q98961223	6000000024437070920
Q98961224	6000000022541423507
Q98961226	6000000012211278614
Q98961231	6000000056888732967
Q98961364	6000000004136615981
Q98961653	6000000007605391762
Q98961753	6000000019665919086
Q98961775	6000000064623973871
Q98961893	362747453940003907
Q98961895	363586445790005891
Q98961897	6000000003266332538
Q98962	6000000041190329096
Q98962254	6000000001691613486
Q98962255	6000000001691609409
Q98962256	6000000001691609152
Q98962257	6000000001691609084
Q98962258	6000000001691613522
Q98962259	6000000001691613687
Q98962260	293583073770007536
Q98962525	293583727860001316
Q98962526	6000000000383552186
Q98962527	6000000001713252926
Q98962528	6000000015075382548
Q98962530	6000000002174336867
Q989627	6000000180786924821
Q98965	6000000043939493822
Q98966257	6000000024288236190
Q98967062	6000000000357060974
Q98967184	6000000003649650803
Q98967191	6000000003649650715
Q98967432	6000000012976079248
Q98967612	6000000000769966296
Q98967613	6000000000769966276
Q98967614	4807462689470013328
Q98967615	6000000000769966236
Q98967676	6000000013040894114
Q98967677	6000000013040986656
Q98967678	6000000007428031230
Q98967679	6000000006444398928
Q98967704	6000000011986629697
Q98967705	6000000012570274344
Q98967706	6000000028044898688
Q98967710	6000000006603128525
Q98967794	6000000014722553526
Q98967795	6000000000140367435
Q98967800	6000000020773966063
Q98967801	6000000020773525134
Q98967802	6000000020773123761
Q98967803	6000000006442444400
Q98967866	6000000027016619364
Q98967868	6000000094231326906
Q98967869	6000000027017198550
Q98967870	6000000094225835863
Q98967875	6000000032306330593
Q98967876	6000000032259737193
Q98967877	6000000004047228641
Q98967878	6000000094225937852
Q98967957	6000000021196714964
Q98969	6000000022569630466
Q989690	6000000182027532831
Q989691	6000000061007044829
Q98969105	3940918513420063013
Q98969107	6000000003345345023
Q98969108	6000000001460477039
Q98969109	6000000008291984405
Q98969111	6000000010944829838
Q98969495	6000000011625281519
Q98969950	6000000022825204308
Q98969950	6000000084411983118
Q98970278	6000000006348439652
Q98970314	6000000025781017867
Q98970380	6000000026063389081
Q98970401	382868844810011447
Q98970403	382867963170007552
Q98970701	6000000010735016009
Q98970702	6000000010735266544
Q98970703	6000000001818493107
Q98970704	6000000001842117253
Q98970705	6000000037341423313
Q98970708	5709591175480036443
Q98970711	6000000006347606001
Q98970714	6000000001180247921
Q98970715	6000000004393483286
Q98970716	6000000006590368209
Q98970719	6000000001180247963
Q98970720	6000000013488338224
Q98970876	6000000004018471558
Q98970933	382869419890013348
Q98970934	6000000016830223907
Q98970936	6000000016830326386
Q98971014	6000000016830223861
Q98971882	6000000024775326007
Q98971893	6000000026561229221
Q98972284	6000000026561250164
Q98972311	6000000081320630456
Q98972670	6000000020376363754
Q98972743	6000000081428159311
Q989852	6000000002318045952
Q98990	6000000006727757333
Q98992	6000000022377185992
Q989931	6000000103167811896
Q989965	6000000113220847871
Q990016	6000000024143274877
Q99006280	6000000040382643818
Q990142	6000000017611171183
Q99015636	6000000070254480826
Q99017462	6000000027069266432
Q99018362	6000000133701450951
Q990190	6000000000496084376
Q99021707	6000000180291921822
Q99023041	6000000003615512984
Q99023050	6000000006444183726
Q99023070	6000000001322150462
Q99023079	6000000003219686119
Q990242	6000000008661484643
Q99024350	6000000003939528412
Q99025548	351730629880002499
Q99027	6000000029010881232
Q99027661	6000000000354732000
Q99028812	6000000025306636789
Q99029014	6000000106655177840
Q99029089	6000000026109510604
Q99029118	6000000014768810397
Q99029647	6000000010572055905
Q99029858	6000000019806117828
Q99029866	6000000007419215808
Q99030089	6000000028361919233
Q99030396	6000000114982301851
Q99030400	6000000114982701821
Q99030691	6000000011369513605
Q990309	6000000024366486455
Q99031654	6000000068758587840
Q99032306	6000000072633992228
Q99032388	6000000102202453887
Q99032584	6000000031247480787
Q99032845	6000000003940593087
Q99032978	6000000014786226574
Q99033038	6000000014584917337
Q99033131	6000000095037810821
Q99033505	6000000023921320830
Q99033594	6000000018678407787
Q99033775	6000000062557009039
Q99033783	6000000062444677188
Q99034012	6000000101388932897
Q99034032	6000000008594930276
Q99035949	6000000048164505963
Q99036694	6000000033241799320
Q99041454	6000000010994008021
Q99041481	6000000021514722728
Q99041492	6000000021515089728
Q99041556	6000000015425189739
Q99041566	6000000015425150672
Q99041633	6000000015425150639
Q99041728	6000000006843657333
Q99041747	6000000004630687471
Q99041763	6000000001221136947
Q99041777	6000000000057506287
Q99042376	6000000000251840372
Q99043102	6000000065227979025
Q99043394	6000000000954352247
Q99043742	6000000000400924496
Q99043900	6000000001022974808
Q99044089	6000000018020866799
Q99044328	6000000010868115562
Q99044675	6000000064798054881
Q99044990	6000000010866039271
Q99047	6000000079219975292
Q990489	6000000023233617860
Q99051927	6000000012141828250
Q99053839	6000000008752761432
Q99053850	6000000008752565675
Q99053862	6000000000618990750
Q99053885	6000000017952701340
Q99053904	6000000000314637395
Q99053919	6000000009420854740
Q99053933	6000000017162126432
Q99053981	6000000013381365082
Q99054140	6000000014737910872
Q99054217	6000000008369906125
Q99054239	6000000003943132413
Q99054256	6000000010392903390
Q99054272	6000000009437181386
Q99054419	6000000015342079625
Q99056565	6000000003077136010
Q99056578	6000000000275527485
Q99056712	4108802965440045262
Q99056726	5625682938590020975
Q99056792	6000000000351064537
Q99056822	6000000000642022525
Q99056837	6000000007244262733
Q99056912	6000000004371229221
Q99056929	6000000007244425421
Q99057008	6000000004549726976
Q99057016	6000000001671193200
Q99057022	6000000001670998374
Q99057050	6000000014749398973
Q990641	6000000062110843032
Q990649	6000000020676480769
Q990655	6000000012615398476
Q990663	6000000001753015335
Q99067244	6000000003649626417
Q99069	6000000053685790878
Q99072676	6000000064847020876
Q99074742	6000000050702312255
Q99077243	6000000122436660889
Q990788	6000000011745948329
Q99078810	6000000010873548340
Q99079496	6000000010872233168
Q99083462	6000000002541569568
Q99083531	6000000006444422836
Q99085390	6000000003649673063
Q99085399	6000000023008049931
Q990869	6000000140683654933
Q990873	6000000069162434846
Q990885	6000000043481056331
Q990890	6000000031377838046
Q990891	6000000090466415887
Q990931	6000000114044832942
Q99095451	6000000008881083553
Q99095465	6000000023498884481
Q99095534	6000000006936420449
Q9909667	6000000077249671812
Q990984	6000000037094535887
Q991	6000000023312570385
Q99101226	6000000001521498242
Q99101244	6000000003741190912
Q99101255	6000000011650161524
Q99101269	6000000007067183819
Q99101273	6000000009159263970
Q99101278	6000000009158865801
Q99101285	6000000001180074611
Q99101291	6000000052364642196
Q99101295	6000000009160117392
Q99101308	6000000007066673735
Q99101386	6000000011650016660
Q99101954	6000000002240745643
Q99102260	6000000033208113990
Q99102324	6000000002849116367
Q99102331	6000000008708065919
Q99102365	6000000002849208919
Q99104	6000000023869288452
Q99105358	6000000026783362741
Q99105363	6000000007277254457
Q99105369	6000000006232158462
Q99105374	4173544148450124368
Q99105378	6000000002931911251
Q99105385	6000000006232189505
Q99105429	6000000006232158470
Q99106165	6000000032501333864
Q99106169	6000000032501312913
Q99106174	6000000077842855080
Q99106180	6000000017346522274
Q99106189	4667686263380028113
Q99106195	6000000014589845815
Q99106200	6000000019567131704
Q99106206	6000000019629200479
Q99106210	6000000012364897198
Q99113	6000000021889160870
Q991172	5085405679200135709
Q99118949	6000000017138706417
Q991213	6000000065143004837
Q991219	6000000020839925708
Q99122350	6000000008886550141
Q991248	6000000013269497853
Q991304	6000000002764822419
Q991360	6000000001384708890
Q99137234	6000000030426037248
Q99137876	6000000030426154137
Q99140494	6000000015952990578
Q991405	6000000076740623197
Q991430	6000000086830510865
Q99143181	6000000002536254978
Q991452	6000000180754246821
Q991468	6000000016312646971
Q991473	6000000008966477354
Q991476	6000000077818815617
Q991480	6000000012254858478
Q991486	6000000012242158851
Q991495	6000000147791766858
Q991504	6000000012399452410
Q991505	6000000017001501142
Q991509	6000000013354337113
Q991513	6000000016251443150
Q991514	6000000017179952485
Q991520	6000000017177654582
Q991529	6000000001384132018
Q991530	6000000017153283396
Q991533	6000000016502519654
Q991535	6000000016251097605
Q991536	6000000016372935317
Q991542	6000000012360891286
Q99154221	6000000002106275794
Q991553	6000000012247054812
Q99156192	6000000000641992482
Q99157550	6000000001180243636
Q99157559	6000000019978512175
Q99157591	6000000019978600011
Q991589	6000000003110672460
Q99159880	1680324
Q9916	6000000003055068438
Q99160418	6000000000537995702
Q99160425	6000000003040861212
Q99160941	6000000017935527918
Q99160954	6000000033961235420
Q99162087	6000000070690195822
Q99163	6000000017506080750
Q991648	6000000021776581348
Q99170697	6000000002773697628
Q99170701	6000000000047846906
Q99170719	6000000005923626547
Q99171	6000000010702242393
Q99171547	6000000000047959394
Q99172307	3075403
Q99172314	6000000004036334245
Q99172318	6000000004036399852
Q99172464	6000000008630883888
Q99172940	6000000017939820488
Q99172955	6000000017939293305
Q99173123	6000000003796026998
Q99173160	6000000003796026948
Q99173164	6000000000664549578
Q99173168	6000000000350992197
Q99173172	6000000000708922540
Q99173180	6000000000664593870
Q991733	6000000031970028919
Q991742	6000000010884153013
Q99174413	6000000206092447876
Q99175	6000000015422718990
Q99176474	6000000090634303928
Q991765	2508796
Q99176526	6000000017548035732
Q99176537	6000000013425391702
Q99176573	6000000024035637655
Q99176680	6000000018504166253
Q991768	6000000011824232069
Q99177609	6000000004858028116
Q99178637	6000000015069880328
Q99178644	6000000015069926213
Q99178648	6000000030092055840
Q99178671	6000000030091644494
Q99180544	6000000022893024876
Q99182	6000000016305753974
Q991846	6000000042856521821
Q991857	6000000026866075619
Q991859	6000000026866647091
Q991868	6000000008989021188
Q991879	6000000013003805374
Q99188476	6000000015668290678
Q99190595	6000000050698745318
Q99191340	6000000027397044237
Q99191345	6000000027396611531
Q99191352	6000000000700894224
Q99191356	6000000019715858767
Q99191365	6000000000700942805
Q99191378	6000000019716671947
Q99191385	6000000000701038081
Q99191400	320576839240001482
Q99191529	6000000006346911905
Q99192900	6000000000504949491
Q99192901	6000000000504949515
Q99192902	6000000000015769643
Q99193279	6000000034433353142
Q99194020	6000000025664803010
Q99194034	6000000025673237570
Q99194301	6000000073601066264
Q99194330	6000000007101616217
Q99194349	6000000013475144280
Q99194368	6000000029996762964
Q99195267	6000000015952997423
Q99195292	6000000033002268127
Q99196089	6000000020435756440
Q99196102	6000000012155820627
Q99196109	6000000058040116833
Q99196471	6000000022934094851
Q99196492	6000000011387743801
Q99197464	6000000084577237343
Q99198850	6000000007276313960
Q99198851	6000000007277001859
Q99199039	6000000001026044008
Q99199166	6000000037607828579
Q99199963	390150910040011856
Q99199965	6000000003112800378
Q99199969	5358724398280112491
Q99199969	6000000045280581868
Q99199971	6000000003023599662
Q99199981	6000000006895419429
Q99200748	6000000021183652223
Q99201286	6000000003925618038
Q99201288	6000000003494662839
Q992023	6000000182713903825
Q99202623	6000000041996392459
Q99203229	6000000025917938865
Q99203231	6000000015937592373
Q99203241	1613581
Q99203258	1613582
Q99203260	6000000025917811270
Q99203266	6000000003505666140
Q99203277	6000000005440327862
Q99203279	6000000000768254111
Q99203283	6000000005961374013
Q99204835	6000000025985100508
Q99206971	6000000008618458742
Q99207200	6000000027929215198
Q99207211	6000000010811357717
Q99207608	6000000025771122273
Q99207635	6000000018453294459
Q99207657	6000000025933611872
Q99208419	6000000024334312115
Q99208421	6000000024334321274
Q99208423	6000000000196415223
Q99208726	6000000014128689008
Q99208728	6000000003560018047
Q99208730	6000000034733923325
Q99208739	6000000076701433558
Q99208754	6000000034734044999
Q99208757	6000000003560006059
Q99208760	6000000013540062560
Q99210680	6000000002187805382
Q99210680	6000000065353486215
Q99210682	6000000008438893869
Q99211375	6000000008756069892
Q99211438	6000000010961792653
Q99211452	6000000006101340767
Q99211454	6000000002906261399
Q99211485	6000000003649641991
Q99211487	6000000003649626447
Q99211686	6000000003649728204
Q99211762	6000000070422086898
Q99211938	6000000002136065940
Q99212386	6000000003938648751
Q99212391	6000000003937918201
Q99212396	6000000003941006549
Q99212400	6000000001080327793
Q99212545	5667802618380123145
Q99212566	6000000002022468267
Q99212891	6000000019063579838
Q99213283	6000000018020526927
Q99213316	6000000017259106091
Q99213447	6000000001588437369
Q99213450	6000000001689478980
Q99213491	6000000001415552476
Q99213745	6000000007291290459
Q99213748	6000000007601901392
Q99213797	6000000007291117930
Q99213800	308376221220005637
Q99213803	6000000000769855864
Q99217	6000000017502060135
Q99219880	6000000013258954217
Q99219882	6000000001959733155
Q99219886	6000000001959733138
Q99219947	6000000001959733129
Q99219948	6000000003635191165
Q99219949	6000000003634572288
Q99220009	6000000001959733120
Q99220263	6000000003375854044
Q99220270	6000000010069290747
Q99220283	6000000002174374240
Q99220336	6000000003184650575
Q99220346	6000000003227239862
Q99220498	6000000003242810368
Q99220856	6000000001398654467
Q99220862	6000000001398543423
Q99220867	6000000001398618607
Q99220871	6000000001398579356
Q99220877	6000000035751548995
Q99220881	6000000006517916653
Q99220995	6000000005783253250
Q99221001	6000000026095313944
Q99221007	6000000005783319041
Q99221013	6000000005783329073
Q99221017	6000000003246000751
Q99221166	6000000005783363028
Q99221173	6000000051135343019
Q99221222	6000000051135608834
Q99221223	6000000006175757513
Q99221228	6000000001791631255
Q99221299	6000000001398733022
Q99221333	6000000001398612715
Q99221337	6000000002603658608
Q99221665	6000000021502864573
Q99221670	6000000021503044634
Q99221674	6000000001486074503
Q99221678	6000000009393666353
Q99222	6000000109705734993
Q992223	6000000069139201077
Q992243	6000000027414579841
Q99225963	6000000097800894821
Q99227464	6000000001900619554
Q992280	6000000178998889829
Q99228248	6000000177315321961
Q99228354	6000000016508507399
Q99228720	6000000176273027840
Q99228816	6000000019090650547
Q99230694	6000000032394365177
Q99230699	6000000033971731160
Q99230703	6000000033976280586
Q99230709	6000000033976346763
Q99230714	6000000034027964023
Q99230718	381301813140012204
Q99230723	6000000034122472281
Q99230728	6000000034122886256
Q99230731	6000000003938707461
Q99230736	6000000003607950025
Q99230741	6000000003615045990
Q99232245	6000000051433699012
Q99233110	6000000011725874790
Q99234861	6000000169006662027
Q99237519	6000000025579443616
Q99237584	6000000015408037110
Q99237615	6000000020570786334
Q99237634	6000000084610976948
Q99238480	298242439270008016
Q99238928	6000000028908202299
Q99238954	298210143410004199
Q99238956	6000000003265623644
Q99238958	6000000000512883699
Q99238962	6000000003265611554
Q99238964	6000000007792868385
Q99239003	6000000100911918826
Q99239284	6000000003513731790
Q99239300	6000000007954858235
Q99239306	6000000003942667716
Q99239328	6000000041138087548
Q99239618	331972670590011464
Q99239620	331974950480012415
Q99239623	6000000003077536814
Q99240162	5671928130110076088
Q99240165	6000000002186705085
Q99240943	6000000013051994860
Q99241184	6000000019056895656
Q99241363	6000000003949029755
Q99243711	6000000023460056834
Q99243874	6000000002030532592
Q99244914	6000000002539612081
Q99245067	6000000007396786471
Q99245073	6000000006210717306
Q99246968	6000000011021598874
Q99247703	6000000004037357102
Q99247743	6000000185641671318
Q99249205	6000000003939978361
Q99249551	6000000011145807954
Q99249854	6000000006444267117
Q99249921	295103436380005431
Q99250341	6000000003939681476
Q99251324	6000000000250529239
Q99252	6000000025580329848
Q992555	6000000064487462715
Q99259650	6000000015626166037
Q99259659	6000000000677860397
Q99259838	374160722410011413
Q99259847	6000000006936428291
Q99259892	6000000006936428244
Q99259900	6000000000435443140
Q99260183	6000000015626108324
Q99260183	6000000083859820841
Q99260197	6000000015530075816
Q99260443	6000000002968832802
Q99260793	6000000013063001567
Q99262	373258412150007004
Q992633	6000000039759745462
Q99263930	6000000015810462037
Q99264543	6000000006902830554
Q99271	6000000033863679177
Q99273708	6000000018009424769
Q992739	6000000019578923902
Q99276	6000000018978685940
Q992779	6000000077416792941
Q99278	6000000180408228840
Q99283074	6000000002396863726
Q99284431	6000000006740578174
Q99284925	6000000002894169978
Q99288023	6000000016232198569
Q99289075	6000000041926324375
Q992915	6000000103917747854
Q99291569	6000000023247759904
Q99292152	6000000005684787020
Q99292766	6000000132387789849
Q99292900	6000000021932261498
Q99293323	6000000023911291622
Q99294473	6000000022174934560
Q99295880	6000000007911714721
Q99296058	6000000071447635954
Q992964	6000000184057010838
Q992971	6000000012760874525
Q992978	6000000053647150910
Q99297901	6000000063488747837
Q99297976	6000000023731631083
Q992982	6000000080592447251
Q99299937	6000000001487773006
Q99299938	6000000001486856123
Q99299939	6000000001466366628
Q99299941	6000000000988580241
Q99299943	6000000000988830430
Q99299944	6000000000988850011
Q99300076	6000000015453710042
Q99300079	6000000001363056751
Q99300410	6000000036576444988
Q99300416	6000000036576191488
Q99300419	6000000036580808902
Q99300421	6000000036670430490
Q99300422	6000000004237652891
Q99300423	6000000004237652861
Q99300424	6000000004237689303
Q99300425	6000000003938303192
Q993006	6000000014449274905
Q993009	6000000182927420849
Q99301	6000000024210272131
Q993011	6000000012991444750
Q99301818	6000000007709433399
Q99301819	6000000001882188091
Q99301820	6000000012921016279
Q99301829	6000000011399338711
Q99301886	6000000009393719871
Q99301904	384955697100012616
Q99301905	6000000006098056564
Q99301906	6000000008549184485
Q99301915	6000000005931155527
Q99301929	6000000001922570507
Q99301951	6000000007511906341
Q99301955	4084243
Q99302220	6000000006421016589
Q99302222	6000000006872079014
Q99302225	6000000004323119860
Q99302228	6000000004323672054
Q99302235	6000000006127582567
Q99302238	5291213138660106567
Q99302248	6000000003654319709
Q99302302	6000000006453580886
Q99302374	6000000013041584165
Q99302442	6000000029055850168
Q99302538	6000000015625731777
Q99302992	6000000027894755263
Q99303930	6000000002745356360
Q99303931	6000000007573187197
Q99303934	6000000004328631720
Q99303935	6000000006430600019
Q99303936	6000000002104816957
Q99303938	4726576153940080491
Q99303939	4726576180150018024
Q99303940	6000000000387905362
Q99303943	6000000002946698587
Q99303944	6000000002352565215
Q99303945	6000000003017130043
Q99303948	6000000002352469950
Q99303951	6000000001723753300
Q99304081	6000000062593647833
Q99304082	6000000007697736595
Q99304082	6000000062593610856
Q99304084	6000000062593352979
Q993053	6000000151020139822
Q99305386	6000000093511638063
Q99306268	6000000012215952322
Q99306291	6000000033968302149
Q99306322	6000000002956901467
Q993070	6000000171488118950
Q993071	6000000029747156512
Q99308319	6000000018229015664
Q99308531	6000000013695926488
Q99308712	6000000018009550308
Q99309360	6000000018009057414
Q99309418	6000000018008582608
Q99312402	6000000078393846215
Q993130	6000000156871907822
Q993134	4186171530160126464
Q99317189	6000000020611631596
Q99317482	6000000006854055468
Q99317497	6000000018009780096
Q99317539	6000000018008956599
Q99317739	6000000018009698284
Q993181	6000000178526289867
Q99318849	6000000016252962451
Q99319245	6000000032672061479
Q993194	6000000169925157835
Q993195	6000000184152271972
Q993196	6000000048923562856
Q99319688	6000000043338502199
Q99320013	6000000000137967625
Q99322072	6000000005696353001
Q99325076	6000000012267651317
Q993280	6000000040651750951
Q99329389	6000000014825110013
Q99329501	6000000014825010595
Q99329802	6000000014824357906
Q993300	6000000011612191860
Q99330031	6000000014824357848
Q993324	6000000057099007834
Q993327	6000000062280027888
Q99334831	6000000150942819965
Q99335180	6000000059092023964
Q99335354	6000000014569609337
Q99335640	6000000001579513265
Q99335646	6000000013111993761
Q99335649	6000000013112083266
Q99335655	315903164110006436
Q99335658	6000000004537968041
Q99335662	6000000000966187330
Q99335666	6000000000966190929
Q99335734	6000000010883508402
Q99335737	6000000010883437466
Q99335741	6000000004538000286
Q99335744	6000000004538000212
Q99335748	4668030048260038676
Q99335756	6000000000966220243
Q99335760	6000000003504446316
Q99335815	6000000004538000259
Q99335820	6000000004538000268
Q99335821	6000000085832945852
Q99335823	6000000002905625161
Q99335824	6000000002905631015
Q99335825	6000000002905526463
Q99335826	6000000003246001555
Q99335833	6000000010883448261
Q99335840	6000000010883432560
Q99335841	6000000013335571408
Q99335914	6000000032126148944
Q99336168	6000000003320403021
Q99336183	6000000004262156471
Q99336188	6000000003077402329
Q99336201	6000000003504822399
Q99336252	6000000002894965206
Q99336275	6000000002894922548
Q99336280	6000000002895019344
Q99336286	6000000007327808035
Q99336291	6000000000966229960
Q99336732	6000000003454151930
Q99336764	6000000003075732061
Q99336765	6000000007592806241
Q99336770	6000000003075731907
Q99336771	6000000002459866886
Q99336776	6000000007847741767
Q99336827	6000000003076386033
Q99336863	6000000000493150486
Q99336866	6000000007910269185
Q99336869	6000000000493357004
Q99336871	6000000001691742720
Q99336872	6000000003942303892
Q99336873	6000000006132002533
Q99336875	6000000031995716870
Q99336883	6000000001984967588
Q99336896	6000000012267523813
Q99336907	6000000020005608512
Q99336922	6000000006720457355
Q99336923	6000000006720447854
Q99336927	6000000020202120715
Q99336938	6000000001484993600
Q99336939	6000000003937810315
Q99336944	6000000000137814459
Q99337004	6000000016253011150
Q99337099	6000000006986546070
Q99337127	6000000148783036870
Q99337151	6000000006986775395
Q99337252	6000000007071460016
Q99337271	6000000008452395925
Q99337500	6000000020610804174
Q993386	6000000058371569883
Q99339	6000000080003245100
Q993405	6000000164236479900
Q993408	6000000067842644934
Q993416	6000000013339718385
Q99342591	6000000038191011328
Q99344923	6000000006427317607
Q99345651	6000000006429182057
Q99346002	6000000022860003112
Q993476	6000000019719246082
Q99351	6000000026053800935
Q99353080	6000000005440726663
Q99355477	6000000057421453999
Q993561	6000000004025610725
Q993567	6000000045261176372
Q99357592	6000000033803306030
Q99357598	6000000009028139056
Q99357602	6000000002305652570
Q99357758	6000000036037992198
Q99357766	6000000019138824317
Q99357776	6000000002987276844
Q99357779	6000000000207090014
Q99357792	6000000000207090315
Q99357801	6000000006597081196
Q99357814	6000000006437474125
Q993619	6000000031230303878
Q99361976	6000000182876867860
Q99362083	6000000008814606463
Q993630	6000000011684363748
Q99364225	4368811966650022422
Q99364271	6000000015753755096
Q99364822	5709870752630079754
Q99365487	6000000019338365244
Q99366836	6000000027711028628
Q99368194	4490317213780120382
Q99369535	6000000017669348646
Q99369546	6000000052941569611
Q99369557	6000000003941597042
Q99369573	6000000000550132363
Q99369593	6000000006444711555
Q99370539	6000000001383117363
Q99370556	4007870481110073256
Q99370562	349777263340013535
Q99370568	349774447600011702
Q99370576	349028137270010414
Q99370773	4259182134640040638
Q99370873	344405253910002444
Q99370879	6000000022219650970
Q993711	6000000017747556930
Q99371172	6000000021860441039
Q99371347	6000000056013183828
Q99371351	6000000056012783999
Q99371355	6000000003060685520
Q99371362	6000000003060659267
Q99371366	6000000005561607032
Q99371374	6000000000426751166
Q99371385	6000000006444180094
Q99371409	6000000006444452478
Q99371821	6000000008559165079
Q99371901	6000000007884932464
Q99372014	6000000011276142818
Q99372082	6000000009066650297
Q99372085	6000000004099053997
Q99372099	6000000004099128507
Q99372143	6000000024344874848
Q99372144	6000000029495323037
Q99372356	4645048
Q99372358	6000000002909168460
Q993725	6000000041173836094
Q99372579	6000000000133556588
Q99372629	6000000033331103964
Q99372832	382870115120011305
Q99372892	6000000017709332982
Q99373457	6000000010677787371
Q993735	6000000043023461840
Q993763	6000000026492832926
Q993785	6000000039403604990
Q993793	6000000041286908824
Q99383415	6000000011770839698
Q993835	6000000089734893835
Q99385270	6000000180905701844
Q99386590	6000000003006418637
Q99386603	6000000003006418585
Q99387929	6000000002403041920
Q99388	6000000057755183990
Q993894	6000000020627879234
Q99389508	6000000048553070253
Q99391010	6000000046039913241
Q99391185	6000000044497929928
Q99391549	6000000002802344453
Q99392002	6000000101375253045
Q99392139	6000000006120387516
Q99392144	6000000006120327552
Q99392145	6000000002569052658
Q99392208	6000000003937876977
Q99392291	6000000002569163204
Q99392299	6000000003530593955
Q99392485	6000000006120154663
Q99392554	6000000006120366573
Q99392700	6000000006120786021
Q99392939	6000000026150650497
Q99392949	6000000026149895687
Q99393085	6000000046751228823
Q99393086	6000000020650378999
Q99393089	6000000020650265317
Q99393244	374803249710003937
Q99393249	6000000008440478436
Q99393253	391083441470010715
Q99393377	6000000011439506683
Q99393381	6000000020650451128
Q99393385	6000000009730052838
Q99393493	6000000009706950308
Q99393500	6000000008365397736
Q99394	6000000116656255026
Q99394151	6000000044497366435
Q99394538	6000000044497486622
Q99394581	6000000044497197651
Q99394586	382871061650013458
Q99394649	6000000007427508629
Q99394771	6000000044497664380
Q99394830	6000000044497821930
Q99394831	6000000045960478508
Q99394832	6000000003636816695
Q99394833	6000000006441141955
Q99394834	6000000006441084364
Q99395021	6000000084705318899
Q99395313	6000000056026197403
Q99395376	6000000047245907914
Q99395410	6000000022079286752
Q99397	6000000020745022333
Q993981	6000000177937166822
Q993986	6000000092854866943
Q99399555	6000000027691141422
Q99399775	6000000020029527629
Q99399776	6000000018095886606
Q99399781	6000000018095386024
Q99399782	6000000014150161277
Q99399783	6000000006802888885
Q99399785	6000000057142463837
Q99399788	6000000002904682659
Q99399789	6000000002904630076
Q99399790	6000000023233363279
Q994010	6000000093429816936
Q994021	6000000077304301263
Q99417923	6000000023093637693
Q99417995	6000000003265772597
Q99423830	6000000076800337167
Q99430	6000000072711051014
Q99430813	6000000036325223894
Q99430828	6000000036324392551
Q99431	6000000149576485976
Q99432332	6000000036325228882
Q99432333	6000000003939398628
Q99432334	6000000002545827259
Q99432341	6000000016104884087
Q99432342	6000000003022185505
Q99432343	6000000008077587008
Q99432347	6000000003939398613
Q99432349	6000000003299364298
Q99432350	6000000003014052696
Q99432351	6000000003938999062
Q99432363	6000000097849613828
Q99432524	6000000048711640978
Q99432525	6000000003864598747
Q99432533	6000000031060977907
Q99432534	6000000000652489324
Q99432536	6000000001080999074
Q99432537	4160512
Q99432551	6000000006802915771
Q99434204	6000000009284798211
Q994344	6000000020906635936
Q99434705	6000000009205285404
Q99435590	6000000009284731494
Q99438429	6000000193335537828
Q99438513	6000000003352535938
Q99438513	6000000187905116846
Q99438528	6000000002291698981
Q99438537	6000000016662206840
Q99438537	6000000187905039840
Q99438541	6000000000632107646
Q99438542	6000000000632138310
Q99438575	6000000011440532652
Q99438634	4586910416640052502
Q99438641	4586910438720032097
Q99438645	4586925095910032001
Q99438646	6000000000986332122
Q99438659	6000000000986227203
Q99438660	6000000006339393954
Q99438687	4586906429290032095
Q99438808	6000000001428656065
Q99438825	6000000172833514821
Q99439	6000000001490419397
Q99439642	6000000165700661970
Q99439714	6000000205793453840
Q99439933	6000000008540903399
Q99440027	6000000032004997260
Q99440279	6000000003510551895
Q99445771	6000000070269230847
Q99449	6000000009950182957
Q994500	6000000047125110034
Q99450163	6000000002764424023
Q99450545	6000000082487220888
Q994520	6000000006569920416
Q99452752	6000000008540861490
Q99452756	6000000004577546087
Q994530	6000000010582804454
Q994531	6000000082622474830
Q994547	6000000026503613308
Q99455141	6000000181026468856
Q994563	6000000004076629529
Q99456333	6000000081321266992
Q99457114	6000000117745102983
Q99458334	6000000024197504326
Q99458422	6000000024197531111
Q99459083	6000000024197659904
Q99459492	6000000178777762639
Q99460355	6000000001394069113
Q99461713	6000000007980817233
Q994638	6000000016229105758
Q99463894	6000000008439847957
Q99463911	6000000087569372879
Q994648	6000000012222749217
Q99466200	6000000082755455821
Q99469062	6000000016533255445
Q99469170	6000000025767688596
Q99469632	6000000016534131372
Q994702	6000000000349732349
Q99470225	6000000018532354258
Q99470407	6000000009352361929
Q99471772	6000000006127355545
Q99472049	6000000034497067063
Q99472346	6000000040920527827
Q99478102	6000000024080771624
Q994785	6000000052546399922
Q99480174	2108659
Q99480196	6000000007264048978
Q994802	6000000014684889652
Q99481185	6000000083588800149
Q99481973	6000000017205386231
Q99482192	6000000055536719978
Q99482240	6000000009599829761
Q99482915	6000000030040072291
Q99483047	6000000009505343070
Q99485	6000000081754834304
Q99485175	6000000090583530309
Q99485194	6000000002443726001
Q99485243	4422933585640068416
Q99485341	6000000021850551352
Q99485359	6000000042200818303
Q99485370	6000000013403831516
Q994860	6000000004086391508
Q99492	6000000023369098010
Q994926	6000000042143311106
Q99492693	6000000009154708908
Q99492894	6000000008699279464
Q99493396	6000000025170480968
Q99497	6000000046959821120
Q994993	6000000025097715873
Q99500111	6000000025170326320
Q995016	4817410759300060342
Q995025	6000000026781583877
Q99506	6000000043312435954
Q995078	6000000033459142063
Q99508	6000000037103915185
Q99508065	6000000014112775976
Q99508931	6000000015672263226
Q99509471	6000000029361624472
Q995099	6000000019906630044
Q99510175	6000000028773470461
Q99510522	6000000025861777151
Q99511	6000000012806389483
Q995129	6000000118881771825
Q99515467	6000000013721921908
Q99516982	6000000027148293443
Q99517005	6000000139883386961
Q99517021	6000000027148062612
Q99517026	6000000027148666951
Q99517080	6000000027147952675
Q99517096	6000000027147947234
Q99517799	382872594270011425
Q99518150	6000000019748700254
Q99518204	6000000023742661966
Q99518279	6000000035885816066
Q99519082	6000000123935830823
Q99519492	6000000006126959787
Q99519614	6000000025489766504
Q99520584	6000000010059899208
Q99521167	6000000011070356182
Q99521477	6000000029101598089
Q99521478	6000000000759438431
Q99521481	6000000016683741192
Q99521486	6000000014734359078
Q99521510	6000000041032906652
Q99521711	6000000151736254828
Q99521752	6000000151735154049
Q99522301	6000000017672533481
Q99522590	6000000055480460895
Q99522605	6000000151735740839
Q99522616	6000000000477284634
Q99522654	6000000023841747035
Q99522656	6000000023841501527
Q99522661	6000000023841795079
Q99523121	6000000017366043124
Q99523172	6000000014160512243
Q99525	6000000026339090641
Q995253	6000000031328994927
Q995271	6000000035390128711
Q99527315	6000000042385326213
Q99527526	6000000009333199200
Q99527544	6000000109636608920
Q99528013	6000000023297205047
Q995287	6000000051105142914
Q99528748	6000000003076922107
Q99528866	6000000030494595051
Q99529175	6000000015072443969
Q99529176	6000000187047191877
Q99529346	6000000034189392309
Q99532537	6000000057018438000
Q99534302	6000000034911578837
Q99534357	6000000021953050212
Q99535	6000000036173814189
Q99535392	6000000045239798041
Q99535444	6000000016212586727
Q99535527	6000000000418726988
Q99535840	6000000015465238045
Q995370	6000000077845018501
Q99537606	6000000013386351481
Q99537730	6000000007049649680
Q99540	6000000023140464170
Q99540268	6000000002583689471
Q99540322	6000000018513746532
Q99540426	6000000018514534028
Q99540570	6000000000274264132
Q99540738	6000000018513778541
Q99540761	6000000018514650171
Q99540802	6000000000274264174
Q99540821	6000000000274264181
Q99540879	6000000000274264153
Q99540931	6000000000274264139
Q99540944	6000000018514521050
Q99540996	6000000018514032579
Q99541006	6000000018514264812
Q99541024	6000000000274262801
Q99541030	6000000018513658744
Q99541037	6000000000274264100
Q99541059	6000000017457981197
Q99541067	6000000009826620421
Q99541069	6000000009826434517
Q99541070	6000000009826579506
Q99541076	6000000009826672384
Q99541079	6000000009826205713
Q99541143	6000000009826728201
Q99541210	6000000009826693498
Q99541232	6000000009826672394
Q99541243	6000000009825721081
Q99541245	6000000009825689162
Q99541261	6000000009826641334
Q99541312	6000000000274262596
Q99541336	6000000000274262607
Q99541403	6000000000274264031
Q99541446	6000000002325797099
Q99541533	6000000000274262987
Q99541559	6000000000274262998
Q99541678	6000000021050388584
Q99541739	6000000019211316246
Q99541758	6000000017459523799
Q99541764	6000000000274264188
Q99542611	6000000020458221514
Q99542648	6000000019285156299
Q99542669	6000000019211190257
Q99542682	6000000027318422434
Q99542697	6000000000274264400
Q99543124	6000000017458035867
Q99543141	6000000018570312210
Q99543155	6000000021093184056
Q99543241	6000000017458007241
Q99543249	6000000066835550996
Q99543276	6000000000274262848
Q99543795	6000000017928413723
Q99543801	6000000013371054623
Q99544357	6000000001384147217
Q99545455	6000000017460015743
Q99545598	6000000017460312113
Q99545715	6000000017452685924
Q99545886	6000000017460197601
Q99546066	6000000017460269445
Q99546112	6000000028870592496
Q99547	6000000018847834228
Q99548	6000000044384043577
Q995509	6000000016565068114
Q99551	6000000128638502283
Q99552610	6000000127018689839
Q99553	6000000064620774273
Q995552	6000000058151089947
Q995560	6000000016032073222
Q99557674	6000000150711233821
Q99560337	6000000181746598845
Q99561844	6000000019022609399
Q99564	6000000036828425010
Q99565447	6000000023303191532
Q99566490	6000000017457553771
Q99566952	6000000017452228426
Q99567	6000000018918020117
Q99567023	6000000017466153923
Q99567809	6000000000274262932
Q99568027	6000000000274262943
Q99568061	6000000017466174879
Q99568103	6000000000274262725
Q99568498	6000000000274262696
Q99569786	6000000004654154470
Q99569983	6000000000274262954
Q9957	6000000012608658464
Q99570402	6000000005093345675
Q99570807	6000000017632434550
Q99570957	6000000174259020964
Q99571	6000000000164216042
Q99571	6000000042592655509
Q99571888	6000000057662004894
Q99571971	6000000000274262965
Q99572086	6000000000274262703
Q99572230	6000000000274262714
Q99572319	6000000000274262976
Q99573490	6000000000274264393
Q99573780	4203400434340011504
Q99575070	6000000020458235183
Q99575351	6000000027871562941
Q99575491	6000000027853870661
Q99579142	6000000019572076117
Q99579656	6000000021012152110
Q99579736	6000000042596378970
Q99580048	6000000021011994520
Q99582	6000000109045682834
Q995851	5693795418660034943
Q99589067	6000000083309079084
Q995891	6000000037156673237
Q99589763	6000000018990002216
Q99590266	6000000018989848516
Q99590590	6000000001744662909
Q99590602	6000000003230450131
Q99590625	6000000010836847318
Q99591128	4185729757300125381
Q99592424	6000000002024041540
Q995952	6000000015440135465
Q99599	6000000022685672338
Q9960	6000000010283870415
Q99600032	6000000006977804187
Q99600039	6000000006569643354
Q99600147	6000000013403593080
Q99600161	6000000013404784695
Q99600249	6000000012459599612
Q99600372	6000000006348524573
Q99600378	6000000018660804360
Q99600439	6000000039705945177
Q99600440	6000000003276413437
Q99600441	6000000003938250570
Q99600446	6000000000250192109
Q99600447	6000000006441379065
Q99600448	6000000006440792328
Q99600457	6000000077418845724
Q99600506	6000000010011564265
Q996006	6000000091505532551
Q99601140	6000000013940106841
Q99601197	6000000013940153824
Q99603084	6000000040468224998
Q99603577	6000000149452646833
Q996043	6000000094069185939
Q996047	6000000012616969110
Q99605473	6000000003666745278
Q99606208	6000000020458153494
Q99607635	6000000021012259515
Q99607826	6000000021012065439
Q99607931	6000000021012152133
Q99608118	6000000021012344101
Q99608246	6000000018989848201
Q99608592	6000000019570642967
Q99608704	6000000021012205928
Q99608816	6000000018989658464
Q9961	6000000075326687901
Q99610	6000000002802409579
Q99610199	6000000002048074058
Q99610456	6000000019539603147
Q99610577	6000000009826203087
Q99610677	6000000009826359488
Q99610791	6000000021037037068
Q99610870	6000000009826450714
Q996131	5094923961140112402
Q99613202	6000000002047955391
Q99613304	6000000009826520380
Q99614141	6000000017466142925
Q996196	6000000019346046067
Q996201	6000000017532945159
Q99620632	6000000017466745075
Q99620656	6000000020958800946
Q99621041	6000000033695951083
Q99621157	6000000037401423037
Q99621446	6000000037401402028
Q99621465	6000000010049601662
Q99621579	6000000037401151315
Q99626	6000000011328829197
Q99626060	6000000032627947793
Q99628812	6000000126745710890
Q996297	6000000020293406984
Q996299	6000000032573958659
Q99631	6000000087555166827
Q996352	6000000029999872369
Q996368	6000000019345240894
Q996380	6000000020293373051
Q99638862	6000000001309870391
Q99638862	6000000001653782770
Q99638864	6000000039576365829
Q99638877	6000000001958915607
Q99638878	6000000001958915519
Q99638879	6000000001959019616
Q99638881	335936534030004692
Q99638896	6000000004863480007
Q99638898	6000000001958876483
Q99638899	6000000000770191292
Q99638925	6000000001958889875
Q99638928	6000000000770191141
Q99638929	6000000000490351187
Q99638952	6000000004993664736
Q99638963	6000000042102286649
Q99638964	6000000042103671387
Q99638965	6000000003940788197
Q99638966	349768989970011708
Q99638967	6000000000147228768
Q99638970	6000000000875522373
Q99638971	6000000002531165044
Q99638975	6000000002447355878
Q99638976	6000000017044581719
Q99638977	6000000003940665778
Q99638978	6000000002441517859
Q99638979	6000000002441517830
Q99638980	6000000000875522234
Q99638981	6000000002531169256
Q99638987	6000000000901855290
Q99638988	6000000000901864343
Q99639006	6000000001861403091
Q99639008	6000000004296790315
Q99639019	6000000001915395396
Q99639046	6000000000770072535
Q99639048	6000000037054439578
Q99639049	1825658
Q99639079	6000000010072018363
Q99639080	6000000030994081878
Q99639082	6000000001915576005
Q99639083	6000000001915895803
Q99639084	6000000009299674197
Q99639087	6000000001915895810
Q99639088	6000000000602635493
Q99639090	6000000000601980543
Q99639100	6000000004558476434
Q99639106	6000000030993466758
Q99639108	6000000006735371030
Q99639116	6000000009126902223
Q99639117	323339507860004283
Q99639118	6000000010253109853
Q99639120	6000000000426803398
Q99639121	6000000005060090332
Q99639122	6000000009107677274
Q99639124	6000000014100388432
Q99639125	6000000003937034693
Q99639127	6000000005060031720
Q99639128	6000000009534257177
Q99639130	323338389510002531
Q99639131	323336453780004268
Q99639132	6000000006442884790
Q99639133	6000000006442770311
Q99639134	6000000011288411527
Q99639135	6000000011288466296
Q99639136	6000000001727275856
Q99639137	6000000000640152880
Q99639138	6000000000491135853
Q99639139	6000000004058739149
Q99639140	6000000000933749512
Q99639141	6000000003615693089
Q99639144	6000000004058798191
Q99639145	6000000002447221865
Q99639146	6000000009126393980
Q99639147	6000000002447221851
Q99639151	6000000008211766077
Q99639155	6000000009126742500
Q99639156	6000000006110871284
Q99639168	6000000003005478170
Q99639169	6000000003005545133
Q99639171	6000000002338129912
Q99639172	6000000008487957949
Q99639184	6000000125377132006
Q99639186	6000000038389327301
Q99639188	6000000038389058393
Q99639189	6000000003939536199
Q99639190	6000000028264009643
Q99639191	6000000024101134836
Q99639207	6000000005906743731
Q99639224	6000000001704373152
Q99639229	6000000000834247783
Q99639269	6000000035175404048
Q99639272	6000000003273404131
Q99639285	6000000002174799762
Q99639286	6000000002916743497
Q99639287	6000000002916743846
Q99639288	6000000002916745492
Q99640407	6000000001502720696
Q996407	6000000084197637488
Q99641253	6000000001246365821
Q99641272	6000000001094287020
Q99642276	6000000102537085434
Q99642281	6000000032855611143
Q996423	4600073367300073194
Q99642640	6000000019635726192
Q99642697	6000000016476153503
Q99642741	6000000047822256485
Q996455	6000000085011757099
Q99646044	6000000003085434214
Q99646369	6000000002798537303
Q99646447	6000000082818081125
Q996467	6000000025348827257
Q99646797	6000000070014626821
Q99646885	6000000000464333997
Q9965	6000000006860022716
Q9965	6000000075422881267
Q99652264	6000000001975738390
Q99653	6000000026904750056
Q99653565	6000000053643193027
Q99653647	6000000053642705369
Q996543	6000000109912278929
Q99656453	6000000017452542111
Q99657066	6000000017452585193
Q99657742	6000000017452725082
Q99657750	6000000017452779091
Q99657961	6000000142431171099
Q99657977	6000000017452664417
Q99658228	6000000017452761197
Q99658419	6000000017452245977
Q99658432	6000000017452888097
Q99658444	6000000017460196273
Q99658455	6000000017460351077
Q99658461	6000000017460215475
Q99658483	6000000008507288601
Q99658494	6000000017452920140
Q99658500	6000000017452730337
Q99658541	6000000142431877002
Q99658593	6000000055097933983
Q99658605	6000000010917993377
Q99658607	6000000010917145094
Q99658608	6000000010899556372
Q99658613	6000000010899461492
Q99658614	6000000007369558045
Q99658615	342225980920011874
Q99658619	6000000000898032785
Q99658621	6000000000140983566
Q99658702	6000000022968291902
Q99659185	6000000006727785053
Q99659201	6000000001892741168
Q99659209	6000000001504702009
Q99659209	6000000003827922635
Q996593	6000000092212800866
Q99659308	6000000176951389882
Q99662527	6000000010565366170
Q99662543	6000000010565806201
Q99662545	6000000008355741029
Q99662674	6000000017079260308
Q99663896	6000000021036568402
Q99664897	6000000038241260059
Q99665517	6000000038241279007
Q99665954	6000000017453112195
Q99667197	6000000021036776859
Q99667745	6000000076669063652
Q996693	6000000020932875055
Q99670171	6000000064362799879
Q99670945	6000000156866411871
Q99670972	6000000017460243188
Q99671088	6000000017461668023
Q99671089	6000000017461630061
Q99671090	6000000017461517092
Q99671091	6000000017461538131
Q99671092	6000000017461678039
Q99671094	6000000017461676039
Q99671096	6000000017461599252
Q99671097	6000000017461520308
Q99671098	6000000060228598846
Q99671099	6000000017461656059
Q99671100	6000000017461656069
Q99671101	6000000017461757007
Q99671425	6000000003249229392
Q99671441	6000000016417087915
Q99672	6000000064771689059
Q99673497	6000000012904131683
Q99673767	6000000027874175911
Q99673768	6000000027873838691
Q99673768	6000000103181835960
Q99673769	6000000027874417938
Q99673770	6000000100727525056
Q99673771	6000000027874328159
Q99673772	6000000027874076762
Q99673974	6000000002494290480
Q99674095	6000000021439631478
Q99674229	6000000017466972968
Q99674230	6000000017469949843
Q99674232	6000000017466731540
Q99674233	6000000017467144434
Q99674234	6000000017462797190
Q99674235	6000000017466955746
Q99674237	6000000017469787324
Q99674238	6000000017469677558
Q99674504	6000000017457974612
Q99674523	6000000017452847890
Q99674526	6000000004005120980
Q99674542	6000000017452021725
Q99674569	6000000017459757057
Q99674631	6000000017452987345
Q99674772	6000000017459829111
Q99675128	6000000011971927858
Q99675129	6000000001324149461
Q99675130	6000000011972558765
Q99675131	6000000000801658420
Q99675138	6000000000801622352
Q99675141	6000000011972547507
Q99675146	6000000011972747309
Q99675151	6000000009358835384
Q99675152	6000000018168234153
Q99675155	328994315800002273
Q99675161	6000000000806190141
Q99675162	6000000011972211683
Q99675274	6000000002494389060
Q99675275	6000000000141311074
Q99675360	6000000003858632841
Q99675413	6000000006230989777
Q99675415	304793775490001387
Q99675416	6000000002603462043
Q99675417	6000000006445000598
Q99676234	6000000143044003828
Q99676375	6000000143043758821
Q99676658	6000000025901355114
Q99676844	6000000144131726826
Q99677078	6000000082562753960
Q996816	6000000005416151903
Q99689	6000000011361556413
Q99689386	6000000002494254042
Q99689475	6000000038948078723
Q99689507	6000000001489807005
Q99689509	6000000001489789315
Q99689511	6000000052359755313
Q99689512	4667991077160070487
Q99689514	6000000007328356443
Q99689518	6000000000489964661
Q99689880	6000000007980370441
Q99689948	6000000005599219948
Q99689980	6000000102946028827
Q99689992	6000000015203594143
Q99690226	6000000013260728600
Q99690230	6000000002663162403
Q99690231	6000000002663166518
Q99690232	6000000002663166860
Q99690233	6000000001212798398
Q99690245	6000000028870366526
Q99690308	6000000008089022897
Q99690314	6000000065131882901
Q99690315	6000000007042732669
Q99690316	6000000003942557896
Q99691066	6000000019635012167
Q99692049	6000000059107528448
Q996927	6000000020189644921
Q99692955	6000000020919494003
Q99692995	6000000028869993460
Q99693204	6000000016276357494
Q99693439	6000000175744651828
Q99696	6000000023411122827
Q997	6000000022492664477
Q99700714	6000000014516356088
Q99701009	6000000010995009894
Q99701326	6000000006435513023
Q99703225	6000000021012213841
Q99703237	6000000010921938878
Q99703297	6000000017452484293
Q997033	6000000180296959837
Q99703401	6000000017452442333
Q99703410	6000000083352437069
Q99703439	6000000017452499162
Q99703468	6000000017452247241
Q99703566	6000000031964557860
Q99703599	6000000031964495882
Q99703730	6000000016854517851
Q99703751	6000000017440333537
Q99704285	6000000026524486478
Q99706	6000000077641330144
Q99706617	6000000002666430726
Q99706620	6000000000436646076
Q99706645	308278250000001450
Q99706870	6000000000642085339
Q99706874	6000000002023336017
Q99706899	6000000019734426231
Q99707115	6000000001001125443
Q99707287	6000000002665373053
Q99708099	6000000025516819506
Q99708107	6000000025522497316
Q99708110	6000000000326774877
Q99708114	6000000000334438944
Q99708118	6000000000326772931
Q99708122	6000000050904154135
Q99708248	6000000000334427979
Q99708305	6000000009677154115
Q99708501	6000000013943629752
Q99708846	6000000025889645184
Q99708849	6000000025888982727
Q99708852	6000000003938159246
Q99708855	6000000002240177839
Q99708858	6000000002240340364
Q99711634	6000000142630130821
Q997178	6000000010351482106
Q997189	6000000022319187708
Q9972	6000000012608332875
Q99727	6000000026080009605
Q99729419	6000000016527396611
Q997295	6000000043432953958
Q99732494	6000000017462595091
Q99732712	6000000017452449464
Q99732721	6000000028989239297
Q99733497	6000000003147049428
Q99733715	6000000000171218496
Q99733773	6000000072973684967
Q99733774	6000000002677780927
Q99733775	6000000002677846631
Q99733776	6000000001248947012
Q99733778	6000000128312081173
Q99734009	6000000003147057065
Q99734014	2196977
Q99734017	6000000001984923355
Q99734213	6000000003146984945
Q99734217	6000000034546498009
Q99734219	6000000041171931848
Q99734220	6000000041171738227
Q99734221	6000000034346061955
Q99734222	6000000001383082892
Q99734223	6000000208500305823
Q99734224	6000000189266257244
Q99734225	6000000034545903814
Q99734226	6000000018660574443
Q99734303	6000000018650231779
Q99734307	6000000018650642403
Q99734356	6000000003413395295
Q99734360	6000000018650518966
Q99734586	6000000040755408920
Q99734589	6000000003076099837
Q99734645	6000000002860673380
Q99734649	6000000000459099853
Q99734668	6000000014826280999
Q99734671	6000000004382503988
Q99734781	6000000042449190031
Q99734782	6000000050155064936
Q99735	6000000003827484436
Q99735241	6000000018301674450
Q99735441	6000000002904940905
Q99735454	6000000013309908548
Q99735466	6000000002860860147
Q99735472	6000000001727192475
Q99735481	6000000003939536763
Q99735535	6000000007605350140
Q99735550	6000000003398990686
Q99735551	6000000000642068341
Q99735556	6000000000642003517
Q99735557	6000000003323687708
Q99735558	6000000000642090382
Q99735559	6000000001233203267
Q99735561	6000000009698875283
Q99735563	6000000008447971134
Q99735564	6000000008447845113
Q99735662	6000000021134354217
Q99735725	6000000001746158143
Q99735726	6000000001319788343
Q99735727	6000000006444745272
Q99735753	6000000003495298213
Q99735757	6000000002188785725
Q99735758	6000000002188719847
Q99735760	6000000005739003717
Q99735806	6000000000437912549
Q99735807	6000000002188701985
Q99735823	6000000052475307039
Q99736238	6000000145953540040
Q99738	3855791
Q99739871	6000000002218687311
Q99739899	6000000002218634949
Q99740491	6000000006596606394
Q99740871	6000000077438055727
Q99743628	6000000004344888760
Q99743939	6000000000769966176
Q99743940	6000000000769966156
Q99743947	6000000004661744309
Q99743948	6000000006442437340
Q99743949	6000000001975562360
Q99743958	6000000001690735205
Q99744004	6000000015373841406
Q99744005	6000000003744634325
Q99744007	6000000002144452159
Q99744008	6000000002094731056
Q99744010	6000000001942661959
Q99744011	5685949711390049628
Q99744037	6000000002093845025
Q99744038	6000000001975383769
Q99744045	6000000140185501839
Q99744046	6000000002616932585
Q99744047	6000000002130743064
Q99744048	6000000002093857442
Q99744106	6000000009754676387
Q99744107	6000000003723750614
Q99744108	6000000002105064458
Q99744109	6000000002034480302
Q99744110	6000000001975569001
Q99744111	6000000003245980530
Q99744112	6000000006516609542
Q99744116	6000000002367179006
Q99744117	6000000016517924842
Q99744118	6000000006340287174
Q99744118	6000000021412488065
Q99744133	6000000009735326719
Q99744134	6000000006537321009
Q99744135	6000000003941200446
Q99744136	6000000003941200411
Q99744138	363687890790011589
Q99744139	321620348840001659
Q99744140	6000000000323076008
Q99744141	6000000002580380184
Q99744142	321621189350005045
Q99744145	6000000018391389013
Q99744150	6000000009729155487
Q99744152	6000000009729153594
Q99744153	356781161460001205
Q99744156	6000000000815014106
Q99744157	6000000004086121734
Q99744158	6000000000436471508
Q99744161	6000000046113583208
Q99744163	6000000041967272185
Q99744165	6000000004630654938
Q99744175	6000000004153887323
Q99744176	6000000003850800096
Q99744177	6000000003853243729
Q99744178	6000000005609805414
Q99744178	6000000206830224065
Q99744179	6000000002327522820
Q99744360	6000000048451130664
Q99744426	6000000090955254835
Q99745912	6000000018604497061
Q99745914	6000000004079710286
Q99745915	6000000004079770050
Q99745916	6000000000426690526
Q99746001	6000000010048843297
Q99746002	6000000021703326888
Q997472	6000000023910858490
Q99747502	6000000092901674962
Q99749222	6000000007532512473
Q99749889	6000000004547908339
Q99750200	6000000008018369109
Q99750202	6000000015515543002
Q99750304	6000000029817809673
Q99751398	6000000003658803342
Q99751415	6000000021057494402
Q99752	6000000006727746294
Q99753043	6000000009959142639
Q99753143	6000000013238963747
Q99753170	6000000013238816609
Q99753207	6000000002441203073
Q99753241	6000000003941080374
Q99753268	6000000041152760408
Q99753510	6000000024035709461
Q99753581	6000000017885614256
Q99753581	6000000103455797919
Q99753584	6000000002183087211
Q99753593	6000000009066469029
Q99753655	6000000037888061411
Q99753741	6000000015310429840
Q99753743	6000000040442696366
Q99753746	6000000034807209938
Q99753791	6000000031326183462
Q99753875	6000000037769292456
Q99753953	6000000037888028085
Q99753995	6000000022880032154
Q99753998	6000000034833530623
Q99754145	6000000045487868929
Q99754147	6000000045489553949
Q99754157	6000000037769563989
Q99754385	6000000037016740064
Q99754443	6000000016131009215
Q99754445	6000000004229575538
Q99754448	4674867035660038121
Q99754471	6000000001578832850
Q99754474	6000000001316395295
Q99754596	6000000019871838055
Q99754998	6000000019871417642
Q99755060	6000000019871040124
Q99755065	6000000007068478047
Q99755083	6000000019870984281
Q99755087	6000000004229575602
Q99755627	6000000013427473726
Q99755632	6000000071618167119
Q99755795	6000000013426565668
Q99755884	6000000011678365325
Q99755960	6000000013427293251
Q99755962	6000000000770649610
Q99755964	6000000008890079868
Q99755966	6000000003943211104
Q99755967	6000000003693269380
Q99756075	577609
Q99756094	6000000020547015807
Q99756143	6000000003938259567
Q99756307	6000000097026958597
Q99756309	6000000024416564962
Q99756568	6000000084068077289
Q99756622	6000000000967093363
Q99756625	6000000016607732125
Q99756625	6000000086632328831
Q99756627	6000000000426761158
Q99756631	6000000003163751506
Q99756814	6000000000426525359
Q99756817	6000000000426500887
Q99756829	6000000000426500903
Q99756863	6000000003163751817
Q99756865	6000000061264844930
Q99757022	6000000006436344177
Q99757076	6000000032035186822
Q99757130	6000000003163887871
Q99757189	6000000000426733287
Q99757192	6000000002154492362
Q99757196	6000000000426657254
Q99757305	6000000000426735652
Q99758269	6000000000967093619
Q99758281	6000000000967093611
Q99758336	6000000121849320256
Q99758446	6000000003263681155
Q99758446	6000000121852851846
Q99758978	6000000016607632571
Q99758984	6000000069996234908
Q99759	6000000181739802830
Q99759026	6000000016607823454
Q99759035	6000000094470633836
Q99759486	6000000021566306316
Q99759493	6000000021566341458
Q99759501	6000000021566225783
Q99760524	6000000009128271510
Q99760528	292259092820006828
Q99760530	6000000000531984076
Q99760859	6000000015425921647
Q99760928	6000000019753381221
Q99761	6000000034186434842
Q99761006	6000000009128258596
Q99761007	6000000066372754832
Q99761011	6000000006727982609
Q99761016	6000000006727982549
Q99761060	6000000102031175366
Q99761146	6000000043315438861
Q99761149	6000000009128271559
Q99761212	6000000009128309585
Q99761217	6000000009128271858
Q99761219	6000000009128271692
Q99761223	6000000015541048015
Q99761226	6000000002968689865
Q99761310	6000000009128254639
Q99761470	6000000009128254635
Q99761483	6000000046286301861
Q99761497	6000000004229575767
Q99761981	6000000000974422508
Q99761982	6000000003484275858
Q99761983	6000000000823675801
Q99761995	6000000012429124012
Q99762279	6000000023752202954
Q99762294	6000000016502963419
Q99762295	6000000003230450064
Q99762301	6000000041837184898
Q99762303	6000000016502816388
Q99762309	6000000016503130058
Q99762310	6000000009704560002
Q99762317	6000000016502225656
Q99762319	6000000016502764841
Q99762330	6000000018665920960
Q99762334	6000000024005774751
Q99762336	6000000025427493645
Q99762339	6000000001455688674
Q99762342	6000000024006145704
Q99762344	6000000018666120361
Q99762349	6000000023745779185
Q99762397	6000000006402179869
Q99763346	6000000026016144720
Q997635	6000000112925265343
Q99765	6000000007549354615
Q99765245	6000000003677073635
Q99765499	6000000027358983660
Q99765996	6000000076840107298
Q99766020	6000000182737471875
Q99766842	6000000011996000532
Q99766965	6000000175957085862
Q99767	6000000041510143635
Q99767419	6000000015325003871
Q99767420	6000000015333120595
Q99767436	6000000016370928243
Q99767476	6000000000249667156
Q99767477	6000000033453037311
Q99767478	6000000017697637934
Q99767480	6000000038910816870
Q99767559	6000000005741253171
Q99767560	6000000006444229983
Q99767563	6000000017534911561
Q99767564	6000000001510800789
Q99767565	6000000005741065787
Q99767569	6000000012139895411
Q99767570	6000000001510800729
Q99767571	6000000001510793166
Q99767624	6000000001388348222
Q99767625	6000000002930825423
Q99767640	6000000038899425476
Q99767684	6000000014169722187
Q99767685	6000000038895634040
Q99767686	6000000026030063401
Q99767687	6000000018070841052
Q99767688	6000000005710838008
Q99767689	6000000005703177727
Q99767690	6000000003397206158
Q99767691	6000000007418196905
Q99767692	6000000001108323899
Q99767693	6000000002889543844
Q99767694	6000000006712222094
Q99767704	6000000002545930972
Q99767718	6000000001108453103
Q99767719	6000000006045680001
Q99767738	6000000001108328872
Q99767739	6000000003938281097
Q99767764	6000000006341649082
Q99767768	6000000006341330884
Q99767769	6000000006341616030
Q99767770	6000000006444521041
Q99767771	6000000006444521036
Q99767778	6000000006444521048
Q99767797	6000000001357831240
Q99767803	6000000003939385515
Q99767804	6000000000619772605
Q99767805	6000000006837326401
Q99767808	6000000003939385445
Q99767809	6000000000356284406
Q99767810	6000000006837381351
Q99767811	6000000003939385414
Q99767814	6000000000619834328
Q99767815	6000000009182386242
Q99767816	6000000000077803122
Q99767817	6000000000815014116
Q99767821	6000000028375709372
Q99767824	6000000000356082749
Q99767832	6000000007291023428
Q99767833	6000000012431976988
Q99767842	6000000006444521031
Q99767844	6000000001212838766
Q99767849	6000000013506269002
Q99767850	6000000018386927123
Q99767876	6000000018386307707
Q99767878	6000000007226042036
Q99767880	6000000003478840948
Q99767896	6000000000834247426
Q99767900	6000000002801751695
Q99767901	6000000000834240119
Q99767902	6000000003389674193
Q99767903	6000000003478814622
Q99767906	6000000007256793023
Q99767907	6000000000356278173
Q99767908	6000000003147071982
Q99767909	6000000000618263165
Q99767911	6000000000356325147
Q99767912	6000000004126985324
Q99767920	6000000000412366466
Q99767921	6000000000412469207
Q99767928	6000000000323075842
Q99767929	6000000001363896044
Q99767930	6000000001363566658
Q99767934	6000000000323092732
Q99767935	4840955625020022965
Q99767936	6000000001363609615
Q99767937	4094731547150041576
Q99767938	6000000002908278829
Q99767939	4094742249800075450
Q99767949	6000000004229552431
Q99767960	6000000002319104037
Q99767961	6000000003937817208
Q99767962	6000000003147154177
Q99768001	6000000003937817196
Q99768002	6000000003937817161
Q99768010	6000000003937817155
Q99768011	6000000000350816446
Q99768012	6000000006439961675
Q99768031	6000000002663152522
Q99768032	6000000001335331590
Q99768033	6000000006837035874
Q99768034	6000000000600463335
Q99768050	6000000013631599844
Q99768051	6000000013631606753
Q99768052	6000000024553575923
Q99768053	6000000017185704314
Q99768054	6000000006757388561
Q99768057	6000000005597434651
Q99768346	6000000006837241462
Q99769141	6000000002667679069
Q99769142	6000000006440692936
Q99769143	6000000002601458013
Q99769145	6000000002586230167
Q99769198	6000000002586236162
Q99769199	6000000071408657907
Q99769205	6000000003940555055
Q99769224	6000000007417760071
Q99769225	6000000006440705863
Q99769231	6000000001540866444
Q99769232	6000000006440683179
Q99769237	6000000003076003803
Q99769238	6000000011985736547
Q99769246	6000000001540954594
Q99769419	6000000027343147365
Q99769420	6000000035199121613
Q99769421	6000000035199294505
Q99769422	6000000006440705982
Q99769423	6000000004346859964
Q99769425	6000000000407506380
Q99769900	6000000012420195553
Q9977	6000000012608428778
Q99770111	6000000056954582863
Q99771906	6000000003328127453
Q99772413	6000000123311072833
Q99772504	6000000123277227821
Q99772508	6000000080813382642
Q99772512	6000000080814076019
Q99772517	6000000003075815937
Q99772520	6000000000320673757
Q99772736	6000000123318863821
Q99772876	6000000123277180834
Q99772890	6000000123310865821
Q99772892	6000000080813784994
Q99772894	6000000039209934758
Q99772899	6000000039209349307
Q99772900	6000000006290131862
Q99772907	6000000006979499617
Q99772935	6000000004869539345
Q99772935	6000000039210207091
Q99772941	6000000004869539309
Q99773897	6000000007688926808
Q99774629	6000000180332414852
Q99774744	5682290794360133305
Q997782	6000000031788200507
Q99778485	6000000055593781983
Q99781	6000000011631122381
Q997810	6000000007435133392
Q997828	6000000030900084229
Q99788	6000000046229891107
Q99789	6000000098150294300
Q997918	6000000111818584826
Q997920	6000000107703571264
Q997937	6000000073814817892
Q997942	6000000002764373828
Q99796699	6000000039254410483
Q99797	6000000118375946877
Q99797717	6000000001997221022
Q997978	6000000072184494852
Q99797989	6000000000428444067
Q99798334	6000000008300566224
Q99798334	6000000041108946752
Q99798343	6000000008469139974
Q99798353	4506513747730063818
Q99798481	6000000002980072230
Q99800348	6000000006444130714
Q99800358	6000000000700905026
Q99803	6000000212638572827
Q998049	6000000016359859745
Q99806039	6000000000796849946
Q998132	6000000039321783990
Q99817	6000000091839073846
Q998192	6000000022488088180
Q99819756	6000000034074124380
Q99820601	6000000019509871626
Q99821156	6000000019539418306
Q99821636	6000000018989884509
Q998221	6000000163843921878
Q99822136	6000000017788109249
Q99822742	6000000019539469106
Q99824610	6000000011626573491
Q99826727	6000000028024363210
Q99826735	6000000033850440336
Q99826740	6000000000274264225
Q99828046	6000000006286627065
Q99828354	6000000084828890998
Q9983	6000000012608884223
Q99830	6000000017764509023
Q99832613	6000000005560950277
Q99836020	6000000019543532789
Q99836778	6000000001500539016
Q99836779	6000000019543589855
Q99836816	6000000019543612898
Q99838168	6000000011752158011
Q99852159	6000000063634886973
Q99852167	6000000199819925821
Q99852204	6000000205519736842
Q99852369	6000000022806845182
Q99855142	6000000009544329707
Q99855144	6000000006110983567
Q99855149	6000000002666235335
Q99856287	6000000003411967075
Q99856295	6000000004548204989
Q99856302	6000000006290506057
Q99856309	6000000024049665657
Q99856316	6000000001555537864
Q99857218	6000000038335060886
Q99857567	6000000000544338821
Q99857600	6000000000544325209
Q99857852	6000000042170055822
Q99858178	6000000003723452775
Q99858183	6000000001915619002
Q99858188	6000000001915971684
Q99858192	6000000001915971675
Q99859384	6000000001843017182
Q99860311	6000000002797381191
Q99860315	6000000020880625975
Q99860319	6000000003541035832
Q99860401	6000000003541035818
Q99860405	6000000003541035771
Q99860409	6000000003541035725
Q99860437	6000000000600482247
Q99860457	6000000001690607271
Q99860462	6000000009200091090
Q99860527	6000000003541035677
Q99860532	6000000002545930531
Q99860538	6000000000941375644
Q99860544	6000000006444270647
Q99860626	6000000003541037198
Q99860632	6000000001421450319
Q99860637	6000000001158255059
Q99860655	6000000007424898568
Q998617	6000000009182586306
Q99861754	4173573432780010869
Q99861758	6000000002824540822
Q99861891	6000000006161351002
Q99861896	4848271789090074495
Q99861899	6000000006677539002
Q99861907	6000000008970480482
Q99861918	6000000000545576652
Q998620	6000000182351232830
Q99862073	6000000006677588002
Q99862077	335873990930011753
Q99862080	6000000006348580585
Q99862083	6000000007418334553
Q99862402	6000000021851617563
Q99862407	6000000013258605411
Q99862410	6000000001058836125
Q99863888	6000000011133993503
Q99864818	6000000005745258586
Q99866	6000000011322126153
Q99867932	6000000016360310588
Q998702	6000000051208726833
Q99870386	6000000003206476383
Q99870438	6000000179753481823
Q9987200	6000000165807734514
Q998752	6000000184267665873
Q99876	6000000020038294390
Q99879289	6000000003732021080
Q99879646	6000000003732021089
Q9988	6000000012629097379
Q99881	6000000119584677938
Q99883940	6000000006296421448
Q99883944	6000000048443918829
Q99884001	6000000055852897878
Q99884003	6000000042958340839
Q99884004	6000000047277669948
Q99884103	6000000038913496256
Q99884104	6000000003043324630
Q99884131	6000000003043264171
Q99884227	888810
Q99884274	6000000103087029824
Q99884305	6000000007417595632
Q99884307	6000000007418021115
Q99884309	6000000007418339693
Q99884311	888173
Q99884314	6000000007417891466
Q99884315	6000000007417861985
Q99884318	6000000007418339678
Q99884323	6000000007417524980
Q99884325	6000000003719573065
Q99884330	6000000094779687901
Q99884341	6000000094779525882
Q99884343	6000000049998793929
Q99884344	6000000049998576857
Q99884346	6000000001843182153
Q99884363	6000000001843182159
Q99884365	6000000027969554748
Q99884368	6000000006441918776
Q99884370	6000000006441918686
Q99884373	6000000003077561192
Q99884393	6000000096192691128
Q99884394	6000000041047984339
Q99884398	6000000017190707463
Q99884401	6000000002526769749
Q99884402	6000000002526810757
Q99884416	6000000002526976207
Q99884417	6000000000601023535
Q99884418	6000000000601132278
Q99884424	6000000017190526798
Q99884425	6000000022223683178
Q99884431	6000000024538835342
Q99884602	6000000009018534473
Q99884614	6000000000875268277
Q99884615	6000000000875344109
Q99884616	6000000011688890479
Q99884617	6000000012534861379
Q99884637	6000000006445003824
Q99884642	6000000007257716739
Q99884647	6000000008631281203
Q99884668	6000000004841979625
Q99884670	6000000031520525909
Q99885047	6000000003164036723
Q998852	6000000029137711879
Q99887394	6000000015183987499
Q99888	6000000062472216925
Q99889249	6000000017121821906
Q99890	6000000002361956905
Q99892362	6000000007014401759
Q99893342	6000000014762961891
Q99893469	6000000052639045120
Q99893473	6000000052639536877
Q99893514	6000000011626888617
Q99893629	6000000015127764659
Q99893635	6000000023488193988
Q998937	6000000018925419400
Q99893839	6000000011622361410
Q99893855	6000000011601466092
Q99893995	6000000001843080052
Q99893999	6000000011603842390
Q99894393	6000000052639378856
Q99894397	6000000052639027152
Q99894400	6000000052639048901
Q99894402	6000000018606479264
Q99894442	6000000005049269155
Q99894449	390658171440002202
Q99894453	6000000007601389565
Q99894457	6000000002665650781
Q99894461	6000000004351532695
Q99894575	6000000018605949981
Q99894579	6000000005049403774
Q99894582	6000000005049350567
Q99894585	6000000007292006150
Q99894588	6000000007292040197
Q99894591	6000000002526863439
Q99894670	6000000052638977148
Q99894673	6000000052639470267
Q99894676	6000000052640108833
Q99894679	6000000052639789980
Q99895086	6000000030121292116
Q99895089	6000000030121082319
Q99895092	6000000002427796787
Q99895095	6000000006439961871
Q99895124	6000000002427992196
Q99895127	5546265657280036392
Q99895131	5546313062290135321
Q99895159	6000000003937778158
Q998953	6000000094825617103
Q99895472	6000000010789259879
Q99895477	6000000010789424568
Q99895481	6000000010789321730
Q99895481	6000000144797273906
Q99896114	6000000028503312251
Q99896268	6000000018859623142
Q99897810	6000000015938353358
Q99897880	6000000110542503874
Q99898543	6000000074510498847
Q99898726	6000000019285200750
Q99900641	6000000008331305140
Q99900795	6000000042857069962
Q99900796	6000000000435256996
Q99900799	6000000036770219979
Q99900890	6000000042857094914
Q99900972	6000000017923612680
Q99900977	328255938190002073
Q99900977	6000000017924601286
Q99900981	385488414880002546
Q99901156	6000000009037278244
Q99901159	6000000018963833546
Q99901162	6000000018892581502
Q99901165	6000000018897579097
Q99901168	6000000003017340322
Q99901171	6000000000350820051
Q99901308	6000000184832938913
Q99901371	6000000000435287812
Q99901374	6000000000435287819
Q99901376	6000000002425845178
Q99901435	6000000000435287837
Q99901437	6000000067593337935
Q99901440	6000000003937461782
Q99901443	6000000008212594898
Q99901806	6000000001531536271
Q99901809	6000000001531536221
Q99901812	6000000001531536112
Q99901816	6000000001531449088
Q99902048	6000000001868073437
Q99902051	6000000001868073444
Q99902054	6000000001868073454
Q99902058	6000000013744200719
Q99902060	6000000001212900102
Q99902064	6000000002603763637
Q99902116	340368166400004046
Q99902119	6000000010744515593
Q99902206	6000000006947598007
Q99902210	6000000001873439776
Q99902304	6000000002447361498
Q99902308	6000000054434211050
Q99902500	6000000002629873480
Q99902502	6000000002629863570
Q99902510	4225337404740057033
Q99902511	6000000030904503072
Q99902519	6000000033094396944
Q99902586	6000000003445498004
Q99902589	6000000012951174424
Q99902591	6000000003391388518
Q99902594	6000000024500814001
Q99902596	6000000003391387489
Q99902598	6000000003941095129
Q99902601	6000000005089132259
Q99902604	6000000025226992837
Q99902609	6000000008971207481
Q99902612	6000000003941060890
Q99902614	6000000008882572062
Q99902642	6000000007601901201
Q99902647	6000000000494716889
Q99902650	6000000007592641209
Q99902654	6000000001322500037
Q999041	6000000005093194906
Q99904557	6000000009029586005
Q99904561	6000000009029651492
Q99904564	6000000003914032643
Q99904567	6000000003914257096
Q99904670	6000000000108455395
Q99904839	6000000007321708284
Q99904842	6000000002766650848
Q99904926	6000000105883606955
Q99904930	6000000002790319023
Q99904934	6000000002790026826
Q99904937	6000000002790084825
Q99904941	6000000002790188914
Q99904944	6000000015853811662
Q99904946	6000000014219500015
Q99904950	540631
Q99904951	6000000017807480740
Q99905184	6000000042012092186
Q99905188	6000000039792887107
Q99905192	6000000039792849178
Q99905196	6000000000550173923
Q99905198	6000000013281372407
Q99905324	6000000009647988899
Q99905327	540544
Q99905331	540593
Q99905498	6000000017581356668
Q99905501	6000000017582368364
Q99905503	6000000017582543038
Q99905507	6000000002974647095
Q99905510	6000000025057246795
Q99905515	6000000002436613550
Q99905591	6000000031973348886
Q99905594	6000000031973050298
Q99905597	6000000003939190659
Q99905600	6000000003939190577
Q99905603	6000000003897348903
Q99905855	6000000027508307057
Q99905858	6000000027508300262
Q99905861	6000000027507805697
Q99905865	6000000027507842690
Q99905869	6000000001212900541
Q99905872	6000000001212794763
Q99906092	6000000013309779871
Q99906099	6000000001531553550
Q99906109	6000000001531553500
Q99906376	6000000000211151778
Q99906385	6000000054433673167
Q99906393	6000000006348746886
Q99906401	6000000002766650777
Q99906545	6000000000211145699
Q99907028	4380581779070056083
Q99907418	6000000033540233844
Q99907427	6000000006784149180
Q99907435	5703410335890126866
Q99907446	6000000002766650785
Q99907690	6000000052902300138
Q99907701	6000000044566309556
Q99907712	6000000003940788645
Q99907721	6000000003939751196
Q99908867	6000000002407832225
Q99908875	6000000002407832218
Q99908887	6000000001212794599
Q99909440	6000000015496296296
Q99909450	6000000015496349134
Q99909457	6000000090224711842
Q99909580	6000000015496074754
Q99909589	6000000115058461841
Q99909599	6000000090224690840
Q9991	6000000012608881357
Q99910	6000000021457324758
Q99910295	6000000002265812958
Q99910299	6000000017493040095
Q99910306	6000000002436779070
Q99910403	6000000002666797908
Q99911610	6000000002218059730
Q99911620	6000000022875536662
Q99911627	6000000035644335452
Q99911633	6000000035644568355
Q99911643	6000000035644334619
Q99911650	6000000035644724021
Q99911661	6000000035643788760
Q99911670	6000000009513872771
Q99911698	6000000035643996476
Q99911705	6000000003229876266
Q99911711	6000000002666229825
Q999118	6000000003500129521
Q99912192	6000000006345214811
Q99912200	6000000002766650265
Q99912205	6000000002766650354
Q99912298	6000000003412794481
Q99912688	6000000008782005535
Q99912702	6000000013364688205
Q99912704	6000000011717529606
Q99912706	6000000021770147350
Q99912707	6000000022423735976
Q99912710	6000000011648793848
Q99912712	6000000000161459820
Q99912713	6000000001212900167
Q99912716	6000000002603763660
Q99912739	6000000017452705603
Q99912782	6000000017452870585
Q99912857	6000000017453055247
Q99912924	6000000017452812363
Q99912967	6000000017452502915
Q99913048	6000000017453162197
Q99913079	6000000017453190066
Q99913101	6000000017452451855
Q99913106	6000000017452481752
Q99913147	6000000017452552325
Q99913513	6000000021465221487
Q99913514	6000000017452561287
Q99913520	6000000017452610507
Q99913524	6000000017452981784
Q99913534	6000000017452529878
Q99914395	6000000017453105240
Q99914720	6000000017452921499
Q99922004	6000000004229588493
Q99928368	6000000068518652822
Q99928369	6000000068518732914
Q99928371	6000000002037747533
Q99929151	6000000022289306443
Q99929654	6000000105882503472
Q99929658	6000000035799504481
Q99929659	6000000035799870923
Q99929660	6000000011483628442
Q99929661	6000000011483467201
Q99929662	6000000001212900357
Q99929991	6000000023069318085
Q99930388	6000000154303395822
Q99930414	6000000037810988354
Q99930952	6000000028024075736
Q99931	6000000005599165833
Q99931129	6000000028024421171
Q999332	6000000025156264389
Q999334	6000000014025174020
Q99937758	6000000007051937053
Q99937759	4190170668130010859
Q99937767	6000000015124064352
Q99937769	6000000015124036402
Q99937770	6000000012442878961
Q99938227	6000000083727964931
Q9994	6000000012608863427
Q999413	6000000031760244872
Q99945708	6000000016033586909
Q99945716	6000000002870170478
Q99946886	6000000002339053830
Q99947058	6000000009805267351
Q99947066	4777083810710066203
Q99947077	6000000008369947005
Q99947086	6000000001916048475
Q99947437	6000000008369908196
Q99947442	6000000001916063823
Q99947660	6000000000893173171
Q99947665	6000000000893523006
Q99947671	6000000000664419544
Q99947678	6000000006998279315
Q99947683	6000000001916063921
Q99947860	6000000008369950156
Q99947864	6000000016119971284
Q99947870	350306851900001973
Q99947874	6000000001023173269
Q99947884	6000000016120032265
Q99947889	6000000008369957441
Q99947896	6000000015741581896
Q99947901	6000000004998810031
Q99947917	6000000008369946924
Q99947922	6000000006444438970
Q99947933	6000000008369950163
Q99947938	6000000007016855061
Q99947944	6000000008369946921
Q99947957	6000000001481342817
Q99947962	6000000001481329631
Q99947967	6000000003036803120
Q99947972	6000000000894587216
Q99948252	6000000001532528201
Q99948369	6000000027854581013
Q99948373	6000000014034787130
Q99948378	6000000006519452382
Q99948384	6000000000702474103
Q99948433	6000000016585476430
Q99948598	6000000000271682505
Q99948604	6000000002898106508
Q99948639	6000000002898296611
Q99948647	6000000002931113484
Q99948657	6000000000271711419
Q99948661	6000000001689509523
Q99948668	6000000013083439234
Q99948690	6000000002684737324
Q99948707	6000000001475412535
Q99948717	6000000003076623464
Q99948721	6000000003747535343
Q99948853	6000000001540227829
Q99949308	6000000008369934329
Q99949321	6000000008369931991
Q99949327	6000000000111885440
Q99949330	6000000000111885306
Q99949333	6000000002339253447
Q99949457	6000000005233929156
Q99949519	6000000000111885247
Q99949999	6000000005800034596
Q99950012	6000000011072158553
Q99950017	6000000000906745570
Q99950285	6000000003939370704
Q99950810	6000000003939370565
Q99950816	5323574163920067732
Q99950822	6000000001915357040
Q99950829	6000000001915176945
Q99950835	6000000001915431014
Q99950855	6000000001915273260
Q99951366	6000000050593162301
Q99951392	6000000116318518897
Q99951396	6000000002002148402
Q99951399	6000000095880972024
Q99951442	6000000040306691391
Q99951516	6000000204346816476
Q99951522	6000000095881327000
Q99951526	6000000038792760907
Q99951530	1194722
Q99951533	1194723
Q99952002	6000000074930902897
Q99952009	6000000074930608864
Q99952015	6000000005417282013
Q99952019	6000000008369935719
Q99952024	6000000000111885593
Q99952140	6000000022380912466
Q99952221	6000000022381005323
Q99952226	6000000022381039672
Q99952230	6000000022381187506
Q99952235	6000000027884682409
Q99952241	6000000027885725993
Q99952246	6000000003644434687
Q99952251	6000000012549123979
Q99952256	6000000004105523198
Q99952261	6000000001532447765
Q99952278	6000000008945592212
Q99952296	3931756591730070788
Q999555	6000000017701463642
Q99960947	6000000181855222867
Q99968340	6000000036137795200
Q99968601	6000000061197500864
Q99968827	6000000061197437926
Q99969932	6000000061197516943
Q99972286	6000000011798186064
Q99972500	6000000025596246344
Q99973590	6000000061197338945
Q99973961	6000000176554842821
Q99974397	6000000006801428957
Q99975894	2755138
Q99976167	6000000048391780137
Q99976380	6000000008369957298
Q99976381	6000000008369957289
Q99976382	6000000001915885426
Q99976383	6000000008369957248
Q99976384	6000000008369946993
Q99976385	6000000001915214736
Q99976392	6000000024321053213
Q99976393	6000000024321350904
Q99976394	6000000008369947054
Q99976638	6000000000001319358
Q99976845	6000000021936890839
Q99976865	6000000003997678060
Q99976918	6000000008265658050
Q99978101	6000000002304340411
Q99978109	6000000018002747135
Q99978111	6000000002303528672
Q99978115	6000000003146914189
Q99978127	6000000003146914204
Q99978129	6000000003077232311
Q99978136	6000000003146914503
Q99978161	6000000003146914960
Q99978162	6000000003146914954
Q99978163	6000000003146914948
Q99978167	6000000003146914942
Q99978171	6000000006450689182
Q99978486	6000000001172440923
Q99978733	6000000001831627527
Q99978737	6000000004766623003
Q99978741	6000000000475139671
Q99978745	6000000001270356358
Q99978957	6000000001225762377
Q99978966	6000000001255640329
Q99978975	6000000001308695172
Q99978977	6000000003939484430
Q99978983	6000000003939014558
Q99978984	6000000002931045812
Q99979148	6000000001212823921
Q99979149	6000000001209064163
Q99979150	6000000000484788227
Q99979151	6000000006880552017
Q99979219	6000000147744467153
Q99979220	6000000147747033863
Q99979222	6000000002884376584
Q99979223	6000000002908432072
Q99979238	6000000013497533471
Q99979239	6000000002860908621
Q99979244	6000000066294833858
Q99979257	6000000006796070617
Q99979258	6000000003310859877
Q99979391	6000000002860853374
Q99979405	6000000003858759397
Q99979406	6000000006728007407
Q99979407	6000000006440049506
Q99979408	6000000006440049513
Q99979485	6000000017185705807
Q99979676	6000000003938113772
Q99979681	6000000003938113737
Q99979685	6000000003939254850
Q99979691	6000000021136400490
Q99979833	6000000003075794370
Q99979834	6000000003075794519
Q99979835	6000000003075978578
Q99979836	6000000003076679253
Q99979865	6000000013427322377
Q99979870	6000000013427497256
Q99979884	6000000015373853626
Q99979892	6000000002447388129
Q99979894	6000000003076057525
Q99979895	6000000002447388099
Q99979896	6000000004993116342
Q99979897	6000000003077229219
Q99979905	6000000006110871499
Q99979906	6000000003075978600
Q99979947	6000000003077358821
Q99979948	6000000003077358826
Q99979949	4862987220520019613
Q999806	6000000042364121195
Q99980612	6000000017939653023
Q99980672	6000000011460805774
Q99982279	6000000030918632327
Q99982353	6000000086953592823
Q999839	6000000182866211862
Q999881	6000000038000398222
Q999904	6000000053186603938
Q999920	6000000013641340328
Q999975	6000000016428556108
